SBPRF35
0.185483
Curr Bio
162435
B35
184727
F35
1.31818
FOFL
0.988115
OFL
30377.8
Bzero
52994.1
#pred survey bio
 16657.3 15746.4 17534.4 19054.8 22821.7 27724.2 31670.3 39004.6 54067.8 67017.7 76879.6 90752.4 128850 164678 148669 124169 118199 117132 112022 113463 117842 121533 129603 137446 154705 158054 141464 126566 3.77288e+06 2.55755e+06 1.60667e+06 877348 604098 500366 452688 426957 411868 402718 397108 393658 391539 390238 389438 388942 388645 388467 388359 388295 388256 388232 388218 388210 388204 388201 388199 388198 388198 388197 388197 388197 388197 388197 388197 388197 388197 388197 388197 388196 388196 388196 388196 388196 388196 388196 388196 388196 388196 388196 388196 388196 388196 388196 388196 388196 388196 388196 388196 388196 388196 388196 388196 388196 388196 388196 388196 388196 388196 388196 388196 388196 388196 388196 388196 388196 388196 388196 388196 388196 388196 388196 388196 388196 388196 388196 388196 388196 388196 388196 388196 388196 388196 388196 388196 388196 388196 388196 388196 388196 0 0 0 0 0 0 0 0 0 0 0 0 0 0 0 0 0 0 0 0 0 0 0 0 0
#obs survey bio
 14086.6 9743.4 14295.9 17663 18870 29684.8 33489.1 26443.7 76047.2 64493.1 48955.9 71450.2 93328.8 138155 89340.7 110654 84205.2 121327 69030.4 101296 104163 112165 99602.9 166899 152766 173542 144454 83359.1
#pred catch bio
 7792.49 6711.18 8152.24 8770.02 10478.4 13612.2 16444.6 19963.2 30670.9 39025.2 48046.2 53680.6 73048.9 109582 104713 86863.5 81708.6 81663.5 77514.6 81254.8 85121.3 86957.6 97308.9 100333 115942 123997 108323 105968 30377.8 60147.9 35425.1 14352.1 8544.78 7297.49 7052.37 7006.61 6998.37 6996.92 6996.67 6996.63 6996.62 6996.62 6996.62 6996.62 6996.62 6996.62 6996.62 6996.62 6996.62 6996.62 6996.62 6996.62 6996.62 6996.62 6996.62 6996.62 6996.62 6996.62 6996.62 6996.62 6996.62 6996.62 6996.62 6996.62 6996.62 6996.62 6996.62 6996.62 6996.62 6996.62 6996.62 6996.62 6996.62 6996.62 6996.62 6996.62 6996.62 6996.62 6996.62 6996.62 6996.62 6996.62 6996.62 6996.62 6996.62 6996.62 6996.62 6996.62 6996.62 6996.62 6996.62 6996.62 6996.62 6996.62 6996.62 6996.62 6996.62 6996.62 6996.62 6996.62 6996.62 6996.62 6996.62 6996.62 6996.62 6996.62 6996.62 6996.62 6996.62 6996.62 6996.62 6996.62 6996.62 6996.62 6996.62 6996.62 6996.62 6996.62 6996.62 6996.62 6996.62 6996.62 6996.62 6996.62 6996.62 6996.62 6996.62 6996.62 0 0 0 0 0 0 0 0 0 0 0 0 0 0 0 0 0 0 0 0 0 0 0 0 0
#obs catch bio
 7706.47 6797.96 8237.76 8793.45 10432.1 13503.1 16207.6 19846.1 29852.5 37910.1 47792.9 53124.5 71166.6 107938 106251 87608 80899.2 79897.6 74576.5 78985.4 83606.4 82731.3 94438.9 96643.5 110417 117490 102939 104426
#pred cpue bio
 11312.9 10033.1 10859.6 11559.9 13179.5 16023.9 18388.5 20919.5 27678.7 34750.9 40909.5 44847.6 60741 85258.6 81900 66390.9 59603.7 59388.3 57377.1 56512.6 56474 58578.1 61783.2 62914.2 71293.7 74598.5 67708.1 61995.9 1.68627e+06 1.90565e+06 1.46924e+06 765341 488574 383965 336114 310349 295252 286101 280491 277041 274921 273621 272821 272325 272028 271849 271742 271677 271638 271615 271601 271592 271587 271584 271582 271581 271580 271580 271580 271579 271579 271579 271579 271579 271579 271579 271579 271579 271579 271579 271579 271579 271579 271579 271579 271579 271579 271579 271579 271579 271579 271579 271579 271579 271579 271579 271579 271579 271579 271579 271579 271579 271579 271579 271579 271579 271579 271579 271579 271579 271579 271579 271579 271579 271579 271579 271579 271579 271579 271579 271579 271579 271579 271579 271579 271579 271579 271579 271579 271579 271579 271579 271579 271579 271579 271579 271579 271579 0 0 0 0 0 0 0 0 0 0 0 0 0 0 0 0 0 0 0 0 0 0 0 0 0
#obs cpue bio
 15936.9 9160.17 12012.4 15096.7 17392.8 18183.7 26452.9 27663.6 42897.4 49806.3 55166.4 79823 113395 120781 88681.4 81784.7 93831.4 97050.6 168287 98323.7 80069.4 168090 111124 104494 159940 154964 141680 114688
#pred surv len freq
 2.56425e-27 2.59121e-27 3.55713e-26 6.96409e-20 1.70716e-14 5.05863e-10 1.81192e-06 0.00078449 0.0410574 0.259741 0.198968 0.0399561 0.16434 0.151769 0.0352865 0.0426156 0.0182245 0.0139087 0.00852346 0.00644426 0.00500906 0.00428123 0.00423725 0.00372082 0.00113161
 2.56529e-27 2.59412e-27 3.81584e-26 7.50986e-20 1.84095e-14 5.45507e-10 1.95391e-06 0.00084597 0.044275 0.280096 0.214497 0.0390518 0.14655 0.135818 0.0411145 0.0597094 0.0201021 0.00812607 0.00362934 0.00207039 0.0013165 0.000964661 0.000845002 0.000740281 0.000246415
 2.56569e-27 2.59516e-27 3.9007e-26 7.68885e-20 1.88483e-14 5.58508e-10 2.00048e-06 0.000866133 0.0453303 0.286772 0.219603 0.0395608 0.146837 0.135885 0.0375547 0.0516904 0.019468 0.0108645 0.00343479 0.00105503 0.000445807 0.000249824 0.000181216 0.000148782 5.1208e-05
 2.56582e-27 2.59543e-27 3.91537e-26 7.71977e-20 1.89241e-14 5.60754e-10 2.00853e-06 0.000869616 0.0455125 0.287925 0.220494 0.0402577 0.151514 0.140086 0.0362316 0.0475322 0.0169293 0.00821258 0.00303203 0.00103048 0.000228527 7.11779e-05 3.66116e-05 2.58215e-05 8.78348e-06
 2.56721e-27 2.59915e-27 4.23962e-26 8.40378e-20 2.06009e-14 6.1044e-10 2.18649e-06 0.000946669 0.0495452 0.313437 0.239965 0.0396631 0.133309 0.123236 0.0323469 0.042873 0.0148806 0.00660741 0.0022341 0.000721916 0.000184821 3.38848e-05 8.18199e-06 4.12861e-06 1.31418e-06
 2.56659e-27 2.59735e-27 4.071e-26 8.04802e-20 1.97287e-14 5.84598e-10 2.09393e-06 0.000906592 0.0474478 0.300168 0.229854 0.0409944 0.150544 0.138959 0.0318608 0.0377904 0.0130978 0.00579586 0.00187556 0.000546675 0.000127978 2.44122e-05 3.25247e-06 7.35162e-07 1.94596e-07
 2.56653e-27 2.59721e-27 4.06098e-26 8.02688e-20 1.96769e-14 5.83063e-10 2.08843e-06 0.000904212 0.0473232 0.299379 0.229249 0.0407769 0.149314 0.137915 0.0333328 0.0413697 0.0135547 0.00481484 0.00152123 0.000432687 9.23009e-05 1.59265e-05 1.93805e-06 1.86563e-07 2.83563e-08
 2.56845e-27 2.60236e-27 4.50909e-26 8.97219e-20 2.19942e-14 6.51729e-10 2.33438e-06 0.0010107 0.0528963 0.334637 0.256159 0.0400537 0.124904 0.115251 0.0268295 0.0322341 0.0106514 0.00391117 0.00112973 0.000266221 5.45284e-05 8.67714e-06 9.42496e-07 6.49705e-08 3.97884e-09
 2.5689e-27 2.60347e-27 4.59482e-26 9.15299e-20 2.24374e-14 6.64862e-10 2.38142e-06 0.00103107 0.0539622 0.34138 0.261321 0.040822 0.127124 0.117076 0.0230873 0.0232134 0.00750898 0.0025331 0.000733278 0.000171332 2.97035e-05 4.21424e-06 4.19641e-07 2.46415e-08 8.17216e-10
 2.56822e-27 2.60153e-27 4.41678e-26 8.77739e-20 2.15167e-14 6.37579e-10 2.2837e-06 0.000988755 0.0517479 0.327371 0.25064 0.0418734 0.142629 0.131284 0.0238092 0.0212516 0.00643089 0.00148002 0.000391836 8.38625e-05 1.43526e-05 1.80732e-06 1.54127e-07 8.08435e-09 2.05747e-10
 2.56773e-27 2.60025e-27 4.3066e-26 8.54496e-20 2.09469e-14 6.20695e-10 2.22323e-06 0.000962572 0.0503775 0.318702 0.244021 0.0419121 0.147574 0.135924 0.026044 0.0251707 0.00746905 0.00144689 0.000333842 5.06297e-05 7.60262e-06 9.04775e-07 6.94586e-08 3.09404e-09 6.7804e-11
 2.56937e-27 2.60468e-27 4.69666e-26 9.36781e-20 2.29641e-14 6.80466e-10 2.43732e-06 0.00105526 0.0552287 0.349392 0.26744 0.0409182 0.123557 0.113717 0.021301 0.0199473 0.00594229 0.00119368 0.000267183 3.34325e-05 3.79621e-06 3.45403e-07 2.40212e-08 9.55614e-10 1.7777e-11
 2.57005e-27 2.60647e-27 4.85039e-26 9.69211e-20 2.3759e-14 7.04022e-10 2.52169e-06 0.0010918 0.0571406 0.361487 0.276675 0.0408887 0.116844 0.107419 0.0183115 0.0147146 0.00435754 0.000849222 0.000190365 2.44001e-05 2.51249e-06 1.72492e-07 8.70162e-09 2.9692e-10 4.87181e-12
 2.56791e-27 2.60065e-27 4.33272e-26 8.60002e-20 2.10819e-14 6.24695e-10 2.23755e-06 0.000968775 0.0507022 0.320756 0.245601 0.0426178 0.151834 0.139672 0.0233699 0.0181242 0.00527126 0.000868144 0.000186502 2.33867e-05 2.42875e-06 1.60033e-07 6.27064e-09 1.51887e-10 2.04625e-12
 2.56641e-27 2.5966e-27 3.97748e-26 7.85062e-20 1.92449e-14 5.70259e-10 2.04257e-06 0.000884356 0.046284 0.292806 0.224271 0.0434251 0.172964 0.15924 0.0280979 0.0239711 0.00688328 0.000958767 0.000190302 2.00709e-05 1.95421e-06 1.26987e-07 4.8282e-09 9.38748e-11 8.96346e-13
 2.56749e-27 2.59956e-27 4.24358e-26 8.412e-20 2.0621e-14 6.11037e-10 2.18863e-06 0.000947594 0.0495937 0.313743 0.240241 0.0422566 0.152852 0.140767 0.0263945 0.0247391 0.00715734 0.0010726 0.000212196 1.90573e-05 1.60542e-06 8.99835e-08 3.28544e-09 6.15843e-11 4.84133e-13
 2.56863e-27 2.6026e-27 4.50689e-26 8.96747e-20 2.19827e-14 6.51386e-10 2.33315e-06 0.00101017 0.0528685 0.334461 0.256055 0.0419485 0.139396 0.128229 0.021975 0.017824 0.00518723 0.000851464 0.000174107 1.652e-05 1.32738e-06 6.20181e-08 1.91354e-09 3.30158e-11 2.47379e-13
 2.56826e-27 2.60155e-27 4.41008e-26 8.76321e-20 2.1482e-14 6.36549e-10 2.28001e-06 0.000987158 0.0516643 0.326842 0.250249 0.0426154 0.148551 0.136589 0.0218734 0.0154837 0.00441941 0.000593931 0.000116223 1.18964e-05 1.00565e-06 4.77435e-08 1.28232e-09 1.8309e-11 1.22431e-13
 2.56809e-27 2.6011e-27 4.37134e-26 8.68149e-20 2.12816e-14 6.30613e-10 2.25875e-06 0.000977952 0.0511825 0.323794 0.247921 0.0426172 0.1502 0.138142 0.0227057 0.0169865 0.00480372 0.000557133 0.000100703 8.66322e-06 7.07834e-07 3.61634e-08 1.00522e-09 1.31392e-11 7.29769e-14
 2.56881e-27 2.60309e-27 4.54848e-26 9.05519e-20 2.21977e-14 6.57758e-10 2.35598e-06 0.00102005 0.0533856 0.337732 0.258553 0.0419516 0.137665 0.126605 0.0212106 0.0164834 0.00468881 0.000586719 0.000107307 8.10539e-06 5.78297e-07 2.57155e-08 7.35165e-10 1.00922e-11 5.32007e-14
 2.56938e-27 2.60459e-27 4.67724e-26 9.32682e-20 2.28636e-14 6.77488e-10 2.42665e-06 0.00105065 0.0549871 0.347863 0.266289 0.041948 0.132202 0.12147 0.0185861 0.0117947 0.0033311 0.000397729 7.1978e-05 5.70031e-06 3.96975e-07 1.50851e-08 3.69087e-10 4.87053e-12 2.68159e-14
 2.56913e-27 2.60389e-27 4.61296e-26 9.1912e-20 2.25311e-14 6.67637e-10 2.39137e-06 0.00103537 0.0541875 0.342805 0.262433 0.0423507 0.137976 0.126748 0.0186321 0.010569 0.00293565 0.000276169 4.46703e-05 3.36778e-06 2.32904e-07 9.05202e-09 1.99754e-10 2.22334e-12 1.12651e-14
 2.56945e-27 2.60476e-27 4.69154e-26 9.35698e-20 2.29375e-14 6.79679e-10 2.4345e-06 0.00105404 0.0551649 0.348988 0.267148 0.0419612 0.131699 0.120994 0.0182974 0.0112529 0.00312037 0.000273353 4.15695e-05 2.5619e-06 1.53761e-07 5.71923e-09 1.27269e-10 1.34123e-12 5.81445e-15
 2.57009e-27 2.60649e-27 4.84207e-26 9.67451e-20 2.37159e-14 7.02745e-10 2.51711e-06 0.00108981 0.0570369 0.360831 0.276187 0.041705 0.123399 0.113284 0.0160245 0.00801449 0.00220798 0.000187797 2.78541e-05 1.58418e-06 8.36955e-08 2.50243e-09 5.01329e-11 5.18594e-13 2.17695e-15
 2.56993e-27 2.60604e-27 4.80214e-26 9.59027e-20 2.35094e-14 6.96625e-10 2.4952e-06 0.00108032 0.0565403 0.357689 0.273791 0.0418873 0.12647 0.116104 0.016262 0.00784551 0.0021464 0.000159232 2.14371e-05 1.18967e-06 6.03266e-08 1.61186e-09 2.67646e-11 2.32552e-13 9.25765e-16
 2.56941e-27 2.60461e-27 4.67375e-26 9.31942e-20 2.28454e-14 6.76951e-10 2.42472e-06 0.00104981 0.0549434 0.347587 0.266085 0.0423964 0.135758 0.124646 0.0172492 0.00794611 0.00216574 0.000151042 1.91355e-05 9.41482e-07 4.22094e-08 1.08148e-09 1.65933e-11 1.21843e-13 3.9983e-16
 2.56907e-27 2.60369e-27 4.59093e-26 9.1447e-20 2.24171e-14 6.64259e-10 2.37927e-06 0.00103013 0.0539133 0.341071 0.261115 0.0427443 0.141897 0.130288 0.0178242 0.00783674 0.00212603 0.000135716 1.57354e-05 7.26532e-07 2.94121e-08 6.50511e-10 9.05166e-12 6.2054e-14 1.77475e-16
 2.56868e-27 2.60262e-27 4.49847e-26 8.94966e-20 2.1939e-14 6.50092e-10 2.32852e-06 0.00100816 0.0527635 0.333796 0.255563 0.0428892 0.146901 0.134939 0.0192678 0.0099547 0.00271547 0.00017748 2.09834e-05 9.11308e-07 3.34516e-08 6.76599e-10 8.2803e-12 4.93338e-14 1.29756e-16
#obs surv len freq
 1.24677e-41 1.73043e-33 2.90315e-26 5.88754e-20 1.44326e-14 4.27664e-10 1.53182e-06 0.000663227 0.0347107 0.21959 0.168409 0.0416691 0.169974 0.142341 0.0894509 0.0847931 0.0335336 0.0121226 0.0024538 0.000274266 1.24856e-05 1.69768e-07 5.21916e-10 2.95939e-13 2.70477e-17
 1.55864e-41 2.1633e-33 3.62938e-26 7.36031e-20 1.80429e-14 5.34645e-10 1.91501e-06 0.000829134 0.0433936 0.274521 0.210388 0.0426581 0.142145 0.113268 0.0741247 0.0646663 0.0244351 0.00799199 0.00143535 0.000136576 5.05857e-06 5.32409e-08 1.21705e-10 5.0031e-14 3.26919e-18
 1.29144e-41 1.79243e-33 3.00717e-26 6.09848e-20 1.49497e-14 4.42987e-10 1.58671e-06 0.00068699 0.0359543 0.227459 0.174691 0.0516772 0.203661 0.149769 0.0734831 0.0556565 0.0200627 0.00589521 0.000926359 7.3545e-05 2.17456e-06 1.75574e-08 2.98124e-11 8.89652e-15 4.15955e-19
 1.55355e-41 2.15622e-33 3.61751e-26 7.33624e-20 1.79839e-14 5.32897e-10 1.90875e-06 0.000826422 0.0432517 0.273624 0.209873 0.0472512 0.14933 0.109432 0.085471 0.060339 0.0161512 0.00388352 0.000530491 3.46958e-05 8.04511e-07 4.91062e-09 6.15082e-12 1.33127e-15 4.46115e-20
 1.53954e-41 2.13678e-33 3.58489e-26 7.27009e-20 1.78218e-14 5.28092e-10 1.89154e-06 0.000818971 0.0428617 0.271157 0.208234 0.0553252 0.179985 0.118689 0.0637801 0.0416513 0.0142348 0.00295887 0.000287028 1.46588e-05 2.6278e-07 1.1959e-09 1.0927e-12 1.70431e-16 4.08452e-21
 1.34812e-41 1.8711e-33 3.13916e-26 6.36615e-20 1.56059e-14 4.6243e-10 1.65635e-06 0.000717142 0.0375324 0.237444 0.182738 0.0612266 0.205485 0.131158 0.0835439 0.0467058 0.0110812 0.00215699 0.000202384 7.38146e-06 9.38643e-08 3.12025e-10 2.05916e-13 2.29508e-17 3.90912e-22
 1.56247e-41 2.1686e-33 3.63828e-26 7.37836e-20 1.80872e-14 5.35956e-10 1.91971e-06 0.000831167 0.0435 0.275197 0.211534 0.0580053 0.165362 0.105 0.0837176 0.0443454 0.0107689 0.00161818 0.000115058 3.62081e-06 3.35479e-08 7.5683e-11 3.48332e-14 2.74198e-18 3.29681e-23
 1.7316e-41 2.40335e-33 4.03212e-26 8.17706e-20 2.00451e-14 5.93973e-10 2.12751e-06 0.00092114 0.0482088 0.304987 0.234487 0.062784 0.16326 0.0927002 0.0565358 0.0277174 0.00730582 0.00102995 5.95172e-05 1.34547e-06 9.51741e-09 1.56107e-11 4.86868e-15 2.59107e-19 2.1469e-24
 1.65414e-41 2.29584e-33 3.85175e-26 7.81127e-20 1.91484e-14 5.67402e-10 2.03234e-06 0.000879934 0.0460523 0.291346 0.224477 0.0712922 0.185025 0.098169 0.0553082 0.0224124 0.00443672 0.000567778 3.08731e-05 5.57767e-07 2.79072e-09 3.24939e-12 7.24953e-16 2.67175e-20 1.49646e-25
 1.53454e-41 2.12984e-33 3.57325e-26 7.24647e-20 1.77639e-14 5.26376e-10 1.88539e-06 0.00081631 0.0427224 0.270283 0.208832 0.0785172 0.199673 0.104686 0.0664893 0.0237532 0.00384802 0.000362444 1.51028e-05 2.32177e-07 9.15551e-10 7.57175e-13 1.1626e-16 2.98131e-21 1.16689e-26
 1.46719e-41 2.03636e-33 3.41643e-26 6.92844e-20 1.69843e-14 5.03275e-10 1.80265e-06 0.000780484 0.0408474 0.258424 0.200218 0.0843211 0.204192 0.10735 0.0747262 0.0248721 0.00395505 0.000302637 8.91046e-06 9.63436e-08 2.89954e-10 1.84043e-13 2.04939e-17 3.64498e-22 9.77007e-28
 1.88303e-41 2.61353e-33 4.38473e-26 8.89215e-20 2.17981e-14 6.45917e-10 2.31357e-06 0.0010017 0.0524248 0.331664 0.255753 0.0729447 0.14066 0.0736733 0.0526264 0.0164547 0.00260909 0.000180673 4.40759e-06 3.35652e-08 6.75355e-11 3.00901e-14 2.45411e-18 3.19284e-23 6.1081e-29
 1.56877e-41 2.17735e-33 3.65295e-26 7.40812e-20 1.81601e-14 5.38118e-10 1.92745e-06 0.00083452 0.0436755 0.276325 0.215199 0.102284 0.213856 0.0903165 0.0431676 0.012319 0.00189678 0.000120996 2.64246e-06 1.62938e-08 2.35814e-11 7.00139e-15 3.8078e-19 3.42209e-24 4.65201e-30
 1.27453e-41 1.76897e-33 2.96781e-26 6.01866e-20 1.4754e-14 4.37189e-10 1.56594e-06 0.000677998 0.0354837 0.224511 0.176734 0.113836 0.233579 0.119077 0.0774638 0.0168349 0.00170782 9.17334e-05 1.76786e-06 9.24152e-09 1.06603e-11 2.33405e-15 8.75666e-20 5.24626e-25 4.75231e-31
 1.14766e-41 1.59288e-33 2.67239e-26 5.41955e-20 1.32854e-14 3.93671e-10 1.41006e-06 0.000610509 0.0319517 0.202175 0.16044 0.117464 0.227429 0.135279 0.0979702 0.0238081 0.00276362 0.000105862 1.40775e-06 5.85842e-09 5.46318e-12 9.36752e-16 2.64143e-20 1.13999e-25 7.17579e-32
 1.55888e-41 2.16362e-33 3.62992e-26 7.36141e-20 1.80456e-14 5.34725e-10 1.9153e-06 0.000829258 0.0434001 0.274599 0.21505 0.100824 0.165513 0.104246 0.0739188 0.019105 0.0024155 9.74011e-05 1.11586e-06 3.15829e-09 2.07092e-12 2.67821e-16 5.76488e-21 1.87372e-26 8.70926e-33
 1.40856e-41 1.95499e-33 3.2799e-26 6.65157e-20 1.63055e-14 4.83163e-10 1.73061e-06 0.000749295 0.0392152 0.248154 0.197876 0.135971 0.215167 0.0970247 0.0513605 0.0128255 0.00158903 6.5447e-05 7.48076e-07 1.88288e-09 9.18508e-13 8.06285e-17 1.2025e-21 2.82158e-27 9.65514e-34
 1.46144e-41 2.02838e-33 3.40302e-26 6.90126e-20 1.69176e-14 5.013e-10 1.79557e-06 0.000777422 0.0406873 0.257476 0.205331 0.130042 0.19013 0.107755 0.0570713 0.00978866 0.000905848 3.39012e-05 3.63311e-07 8.48826e-10 3.63447e-13 2.55278e-17 2.76614e-22 4.45986e-28 1.04194e-34
 1.43925e-41 1.99758e-33 3.35136e-26 6.79649e-20 1.66608e-14 4.9369e-10 1.76832e-06 0.00076562 0.0400696 0.253598 0.204434 0.14415 0.195445 0.101882 0.0496238 0.00927483 0.000735319 1.87933e-05 1.5622e-07 3.11632e-10 1.15008e-13 6.83626e-18 6.05e-23 7.59581e-29 1.3134e-35
 1.55675e-41 2.16066e-33 3.62496e-26 7.35135e-20 1.8021e-14 5.33995e-10 1.91268e-06 0.000828125 0.0433409 0.274313 0.22097 0.141344 0.175042 0.0951107 0.0418537 0.00670197 0.000483073 1.0981e-05 6.61333e-08 9.24706e-11 2.60159e-14 1.23534e-18 8.80526e-24 8.84132e-30 1.20518e-36
 1.50736e-41 2.09212e-33 3.50996e-26 7.11813e-20 1.74493e-14 5.17054e-10 1.852e-06 0.000801853 0.0419661 0.265668 0.217563 0.160678 0.18477 0.0891209 0.0341495 0.0049759 0.000299883 5.60346e-06 2.79334e-08 2.95634e-11 5.78419e-15 1.92105e-19 1.00103e-24 7.59436e-31 7.93505e-38
 1.55238e-41 2.1546e-33 3.61479e-26 7.33072e-20 1.79704e-14 5.32496e-10 1.90731e-06 0.000825801 0.0432195 0.273636 0.225047 0.160301 0.17252 0.0896448 0.0308831 0.00373129 0.00018618 2.83799e-06 1.10749e-08 9.10809e-12 1.35496e-15 3.25495e-20 1.17981e-25 6.18964e-32 4.54953e-39
 1.55852e-41 2.16312e-33 3.62908e-26 7.35971e-20 1.80415e-14 5.34601e-10 1.91485e-06 0.000829066 0.0433905 0.274788 0.228932 0.171159 0.170253 0.0821707 0.0254941 0.00286284 0.000117664 1.38451e-06 4.14456e-09 2.57668e-12 2.8609e-16 5.10753e-21 1.36216e-26 5.15399e-33 2.67282e-40
 1.59892e-41 2.2192e-33 3.72317e-26 7.55051e-20 1.85092e-14 5.48461e-10 1.9645e-06 0.000850561 0.0445157 0.281976 0.23675 0.174238 0.161727 0.0769707 0.0209036 0.0019972 6.94623e-05 6.6619e-07 1.50811e-09 6.88123e-13 5.58909e-17 7.2763e-22 1.41031e-27 3.87326e-34 1.45587e-41
 1.58909e-41 2.20555e-33 3.70026e-26 7.50406e-20 1.83953e-14 5.45087e-10 1.95241e-06 0.000845328 0.0442422 0.280356 0.239267 0.184269 0.15984 0.0721139 0.0175288 0.00149273 4.28021e-05 3.27418e-07 5.79453e-10 1.98899e-13 1.1731e-17 1.09332e-22 1.51501e-28 2.97825e-35 8.01621e-43
 1.37658e-41 1.9106e-33 3.20543e-26 6.50056e-20 1.59353e-14 4.72193e-10 1.69132e-06 0.000732284 0.0383266 0.243161 0.219326 0.217087 0.182828 0.0801946 0.0170736 0.00124024 2.94694e-05 1.80264e-07 2.44668e-10 6.31574e-14 2.76368e-18 1.8777e-23 1.86548e-29 2.60304e-36 4.95629e-44
 1.39861e-41 1.94118e-33 3.25673e-26 6.60458e-20 1.61903e-14 4.7975e-10 1.71838e-06 0.000744002 0.0389403 0.247143 0.223339 0.205442 0.177012 0.0887152 0.0175197 0.00112201 2.1893e-05 1.05996e-07 1.10918e-10 2.15115e-14 6.93541e-19 3.43749e-24 2.47718e-30 2.49214e-37 3.39707e-45
 1.46554e-41 2.03408e-33 3.41258e-26 6.92065e-20 1.69652e-14 5.02709e-10 1.80062e-06 0.000779607 0.0408037 0.258916 0.231704 0.202679 0.169227 0.0787349 0.0160613 0.00107318 1.94749e-05 8.20237e-08 7.19904e-11 1.15144e-14 3.034e-19 1.21953e-24 7.08058e-31 5.71621e-38 6.24148e-46
#pred catch len freq
 2.55794e-27 2.57446e-27 2.11954e-26 3.93154e-20 9.63769e-15 2.85582e-10 1.02291e-06 0.00044288 0.0231787 0.146636 0.112613 0.0405468 0.229505 0.212378 0.0544269 0.0712449 0.0305037 0.023279 0.0141939 0.0106858 0.0082842 0.00707217 0.00699667 0.0061434 0.00186837
 2.55863e-27 2.57654e-27 2.31012e-26 4.3336e-20 1.06233e-14 3.14787e-10 1.12752e-06 0.000488171 0.0255491 0.161631 0.124044 0.0393642 0.212478 0.197518 0.0675955 0.104673 0.0352772 0.0142825 0.0063535 0.0036069 0.00228709 0.00167373 0.00146547 0.00128373 0.000427307
 2.55932e-27 2.57831e-27 2.45254e-26 4.63399e-20 1.13597e-14 3.36607e-10 1.20567e-06 0.000522009 0.0273201 0.172835 0.132616 0.040439 0.214634 0.199129 0.0610086 0.0894422 0.033696 0.0187877 0.00592344 0.00180823 0.000761541 0.000426107 0.000308928 0.000253608 8.72861e-05
 2.55953e-27 2.57873e-27 2.47403e-26 4.67927e-20 1.14707e-14 3.39896e-10 1.21745e-06 0.00052711 0.0275871 0.174524 0.133924 0.0416093 0.222622 0.206309 0.0588811 0.0826398 0.029445 0.0142686 0.00524917 0.00177532 0.000392581 0.00012201 6.27143e-05 4.4225e-05 1.50434e-05
 2.561e-27 2.58265e-27 2.8138e-26 5.39602e-20 1.32277e-14 3.9196e-10 1.40394e-06 0.000607851 0.0318127 0.201256 0.15433 0.0411364 0.204687 0.189691 0.0547369 0.0773071 0.0268346 0.0118913 0.00400735 0.00128773 0.000328749 6.01737e-05 1.45147e-05 7.32234e-06 2.33074e-06
 2.56067e-27 2.58154e-27 2.6954e-26 5.14616e-20 1.26152e-14 3.7381e-10 1.33893e-06 0.000579704 0.0303396 0.191937 0.147245 0.0431315 0.224847 0.207939 0.0515373 0.0653793 0.0226534 0.00998788 0.00322142 0.000933524 0.00021789 4.14911e-05 5.52334e-06 1.24794e-06 3.30313e-07
 2.56077e-27 2.58182e-27 2.72298e-26 5.20436e-20 1.27579e-14 3.78038e-10 1.35407e-06 0.000586261 0.0306828 0.194108 0.148897 0.0427639 0.220889 0.204411 0.0532013 0.069989 0.0229191 0.00809753 0.00254911 0.000720775 0.000153305 2.64038e-05 3.2103e-06 3.08918e-07 4.69481e-08
 2.56298e-27 2.58771e-27 3.23236e-26 6.2789e-20 1.5392e-14 4.56091e-10 1.63364e-06 0.000707305 0.0370178 0.234185 0.179491 0.042241 0.195415 0.180679 0.0449226 0.0570716 0.0188415 0.00687292 0.00197883 0.000463306 9.45997e-05 1.50261e-05 1.63067e-06 1.12369e-07 6.88054e-09
 2.5641e-27 2.59051e-27 3.4558e-26 6.75016e-20 1.65472e-14 4.90324e-10 1.75626e-06 0.000760392 0.0397962 0.251762 0.192933 0.0435457 0.195899 0.180692 0.0370772 0.0391253 0.0126359 0.00421713 0.00121592 0.000282208 4.87765e-05 6.90573e-06 6.87028e-07 4.03275e-08 1.33723e-09
 2.56342e-27 2.58853e-27 3.27024e-26 6.35867e-20 1.55875e-14 4.61886e-10 1.6544e-06 0.000716292 0.0374881 0.237161 0.181806 0.0449636 0.214507 0.197697 0.0370974 0.0348381 0.0105344 0.00239737 0.000631894 0.000134307 2.29138e-05 2.8796e-06 2.45327e-07 1.28628e-08 3.27311e-10
 2.56313e-27 2.5878e-27 3.20995e-26 6.23149e-20 1.52758e-14 4.52648e-10 1.62131e-06 0.000701965 0.0367383 0.232417 0.178181 0.0447506 0.215434 0.198659 0.0392076 0.0393935 0.0116789 0.00223337 0.00051303 7.72302e-05 1.15545e-05 1.37214e-06 1.05236e-07 4.6857e-09 1.02668e-10
 2.56494e-27 2.59269e-27 3.63985e-26 7.13839e-20 1.74989e-14 5.18524e-10 1.85727e-06 0.000804125 0.042085 0.266242 0.203992 0.0437345 0.189567 0.174719 0.0337183 0.0329057 0.00979394 0.00194268 0.000433127 5.38091e-05 6.08783e-06 5.52496e-07 3.83814e-08 1.52622e-09 2.83869e-11
 2.56572e-27 2.59471e-27 3.80948e-26 7.49622e-20 1.83761e-14 5.44516e-10 1.95036e-06 0.000844433 0.0441946 0.279587 0.214186 0.0439392 0.183962 0.169377 0.0296764 0.0250324 0.00740894 0.0014266 0.000318532 4.054e-05 4.16074e-06 2.84921e-07 1.43552e-08 4.89565e-10 8.0312e-12
 2.56375e-27 2.58932e-27 3.32899e-26 6.48257e-20 1.58912e-14 4.70886e-10 1.68663e-06 0.000730248 0.0382185 0.241781 0.185346 0.0456672 0.217375 0.200149 0.0340292 0.0272026 0.0079047 0.00128249 0.000274065 3.41117e-05 3.53027e-06 2.32041e-07 9.08128e-09 2.19825e-10 2.96081e-12
 2.56229e-27 2.58541e-27 2.98708e-26 5.7613e-20 1.41231e-14 4.18494e-10 1.49897e-06 0.000648999 0.0339663 0.21488 0.164815 0.0463092 0.236686 0.218071 0.0390532 0.0341354 0.00979407 0.00134361 0.000265111 2.77546e-05 2.69176e-06 1.74472e-07 6.62587e-09 1.2875e-10 1.229e-12
 2.56347e-27 2.58868e-27 3.28286e-26 6.38529e-20 1.56528e-14 4.63819e-10 1.66132e-06 0.000719289 0.037645 0.238153 0.182563 0.0449171 0.213622 0.196906 0.0374517 0.035814 0.0103505 0.00152665 0.00030037 2.67841e-05 2.24687e-06 1.25595e-07 4.57984e-09 8.57962e-11 6.74292e-13
 2.56484e-27 2.5923e-27 3.59527e-26 7.04432e-20 1.72683e-14 5.11691e-10 1.83279e-06 0.000793528 0.0415304 0.262733 0.201329 0.0447045 0.198819 0.183065 0.0317033 0.0261997 0.00761525 0.00122933 0.000250047 2.35539e-05 1.88531e-06 8.78449e-08 2.70665e-09 4.66685e-11 3.49579e-13
 2.56445e-27 2.59119e-27 3.49003e-26 6.82228e-20 1.6724e-14 4.95562e-10 1.77502e-06 0.000768515 0.0402213 0.254452 0.195019 0.0455605 0.209766 0.193041 0.0311937 0.0225209 0.00642268 0.0008494 0.00016515 1.67795e-05 1.41323e-06 6.69182e-08 1.795e-09 2.56102e-11 1.71199e-13
 2.56419e-27 2.59049e-27 3.43033e-26 6.69634e-20 1.64153e-14 4.86414e-10 1.74225e-06 0.000754329 0.0394789 0.249755 0.191432 0.0455633 0.212308 0.195434 0.0324714 0.0248259 0.00701664 0.000801647 0.000143906 1.2292e-05 1.00001e-06 5.0957e-08 1.4147e-09 1.84789e-11 1.02601e-13
 2.5653e-27 2.59353e-27 3.70112e-26 7.26762e-20 1.78157e-14 5.27911e-10 1.89089e-06 0.000818682 0.0428469 0.271061 0.207686 0.0445984 0.193545 0.178153 0.0300172 0.0235829 0.0067017 0.000824596 0.000149792 1.12366e-05 7.97987e-07 3.53848e-08 1.0102e-09 1.38589e-11 7.30342e-14
 2.56611e-27 2.59566e-27 3.88365e-26 7.65264e-20 1.87595e-14 5.55878e-10 1.99106e-06 0.000862054 0.0451168 0.285422 0.218652 0.044612 0.185945 0.171001 0.0262343 0.0167618 0.00472924 0.000555031 9.97037e-05 7.84024e-06 5.43644e-07 2.06012e-08 5.03295e-10 6.63658e-12 3.65281e-14
 2.56574e-27 2.59462e-27 3.78806e-26 7.45097e-20 1.82652e-14 5.41229e-10 1.93859e-06 0.000839337 0.0439278 0.2779 0.212918 0.0451912 0.194381 0.178717 0.026363 0.0151105 0.00419485 0.000388638 6.22992e-05 4.66413e-06 3.21092e-07 1.24455e-08 2.74259e-10 3.05018e-12 1.54489e-14
 2.56644e-27 2.59656e-27 3.96226e-26 7.81848e-20 1.91661e-14 5.67924e-10 2.03421e-06 0.000880735 0.0460945 0.291607 0.223372 0.044451 0.181403 0.166794 0.0252065 0.0154735 0.00428729 0.000369644 5.56468e-05 3.40741e-06 2.03396e-07 7.54379e-09 1.67629e-10 1.76524e-12 7.64986e-15
 2.56712e-27 2.59837e-27 4.11877e-26 8.14864e-20 1.99754e-14 5.91907e-10 2.12011e-06 0.000917927 0.048041 0.303921 0.232772 0.0442734 0.173447 0.159378 0.0225504 0.0112883 0.00310777 0.00026029 3.82159e-05 2.16036e-06 1.13501e-07 3.38385e-09 6.7677e-11 6.99523e-13 2.93541e-15
 2.56707e-27 2.59823e-27 4.10567e-26 8.12101e-20 1.99077e-14 5.899e-10 2.11292e-06 0.000914815 0.0478781 0.30289 0.231987 0.0443831 0.174833 0.160641 0.022475 0.010798 0.00295208 0.000215861 2.87169e-05 1.584e-06 7.98711e-08 2.12811e-09 3.52761e-11 3.06231e-13 1.21858e-15
 2.5667e-27 2.5972e-27 4.01309e-26 7.92568e-20 1.94289e-14 5.75712e-10 2.0621e-06 0.000892812 0.0467265 0.295605 0.226431 0.0447916 0.181845 0.167081 0.0230522 0.0104931 0.00285735 0.000196447 2.45652e-05 1.20191e-06 5.35461e-08 1.36802e-09 2.09539e-11 1.53723e-13 5.04221e-16
 2.56611e-27 2.59558e-27 3.8675e-26 7.61855e-20 1.86759e-14 5.53402e-10 1.98219e-06 0.000858214 0.0449158 0.28415 0.217693 0.0453735 0.192413 0.176798 0.0241587 0.0105694 0.00286566 0.000180629 2.06588e-05 9.48889e-07 3.81662e-08 8.41757e-10 1.16905e-11 8.00712e-14 2.28903e-16
 2.56627e-27 2.59603e-27 3.91054e-26 7.70935e-20 1.88985e-14 5.59998e-10 2.00582e-06 0.000868442 0.0454511 0.287537 0.220273 0.0450055 0.187799 0.1726 0.0244843 0.0123663 0.00336956 0.000217127 2.53003e-05 1.09337e-06 3.98575e-08 8.03894e-10 9.81877e-12 5.84427e-14 1.53639e-16
#obs catch len freq
 5.97128e-42 8.28774e-34 1.39044e-26 2.81979e-20 6.91237e-15 2.04826e-10 7.33654e-07 0.000317647 0.0166244 0.105172 0.0810752 0.0423597 0.226914 0.191626 0.131921 0.127606 0.0522819 0.0194998 0.00410341 0.000475461 2.25651e-05 3.21307e-07 1.03244e-09 6.08189e-13 5.73859e-17
 6.82616e-42 9.47426e-34 1.5895e-26 3.22348e-20 7.90198e-15 2.3415e-10 8.38688e-07 0.000363123 0.0190044 0.120229 0.0926842 0.0461074 0.229665 0.184462 0.129287 0.114665 0.0450521 0.0152898 0.00289036 0.000288365 1.11421e-05 1.22088e-07 2.90304e-10 1.23759e-13 8.34827e-18
 1.02916e-41 1.42841e-33 2.39646e-26 4.85996e-20 1.19136e-14 3.53023e-10 1.26447e-06 0.000547472 0.0286525 0.181265 0.139362 0.0481781 0.202392 0.154469 0.110324 0.0893939 0.0333862 0.010185 0.00169568 0.000142792 4.4466e-06 3.74143e-08 6.58062e-11 2.02775e-14 9.76287e-19
 8.74636e-42 1.21394e-33 2.03663e-26 4.13025e-20 1.01248e-14 3.00017e-10 1.07461e-06 0.00046527 0.0243504 0.15405 0.118916 0.0600662 0.262665 0.1834 0.0964071 0.0680006 0.0241009 0.00656226 0.000948199 6.60383e-05 1.62766e-06 1.0433e-08 1.35648e-11 3.02553e-15 1.04064e-19
 1.21149e-41 1.68147e-33 2.82101e-26 5.72096e-20 1.40243e-14 4.15565e-10 1.48848e-06 0.000644462 0.0337286 0.213379 0.164113 0.0537979 0.192852 0.13556 0.111149 0.0714116 0.0186382 0.0041747 0.000520014 2.95566e-05 5.66592e-07 2.72879e-09 2.60624e-12 4.20481e-16 1.03495e-20
 1.28298e-41 1.78069e-33 2.98747e-26 6.05854e-20 1.48518e-14 4.40086e-10 1.57631e-06 0.00068249 0.0357188 0.225971 0.174049 0.0636347 0.220267 0.13773 0.0769828 0.0464882 0.0153333 0.00287553 0.000254617 1.12669e-05 1.65673e-07 5.9158e-10 4.10675e-13 4.76357e-17 8.37267e-22
 1.16712e-41 1.61989e-33 2.7177e-26 5.51144e-20 1.35106e-14 4.00345e-10 1.43397e-06 0.00062086 0.0324933 0.205567 0.158754 0.0695848 0.235787 0.143292 0.0934899 0.0474203 0.0108819 0.00194178 0.000161226 5.03355e-06 5.24973e-08 1.36402e-10 6.81763e-14 5.6398e-18 7.03589e-23
 1.45209e-41 2.0154e-33 3.38125e-26 6.85712e-20 1.68094e-14 4.98094e-10 1.78409e-06 0.00077245 0.0404269 0.255757 0.197001 0.0645517 0.184251 0.112333 0.0901115 0.0433185 0.0100312 0.00135505 8.62934e-05 2.29195e-06 1.71723e-08 3.02491e-11 1.05345e-14 6.14575e-19 5.40657e-24
 1.67575e-41 2.32584e-33 3.90207e-26 7.91332e-20 1.93986e-14 5.74815e-10 2.0589e-06 0.00089143 0.0466539 0.295152 0.227297 0.0688494 0.175215 0.0946688 0.0579188 0.0260183 0.00647937 0.000811863 4.11689e-05 7.84902e-07 4.47095e-09 5.67924e-12 1.33776e-15 5.27603e-20 3.19671e-25
 1.64274e-41 2.28001e-33 3.82519e-26 7.7574e-20 1.90164e-14 5.63489e-10 2.01833e-06 0.000873866 0.0457347 0.289339 0.223305 0.0771115 0.19026 0.0959193 0.0536354 0.0196849 0.00369184 0.000422757 1.98649e-05 2.9765e-07 1.19273e-09 1.07412e-12 1.80465e-16 4.92316e-21 2.01719e-26
 1.56018e-41 2.16543e-33 3.63296e-26 7.36756e-20 1.80607e-14 5.35172e-10 1.9169e-06 0.00082995 0.0434363 0.274802 0.212681 0.0839406 0.199183 0.0999118 0.0620025 0.0199278 0.00302093 0.000252568 9.15632e-06 1.15927e-07 3.61704e-10 2.30116e-13 2.65787e-17 5.04081e-22 1.44256e-27
 1.52032e-41 2.1101e-33 3.54013e-26 7.17931e-20 1.75992e-14 5.21497e-10 1.86792e-06 0.000808744 0.0423265 0.267785 0.2078 0.0892937 0.199558 0.101139 0.0677501 0.0203456 0.00298742 0.000199635 5.06477e-06 4.51813e-08 1.07449e-10 5.21536e-14 4.3522e-18 5.71957e-23 1.12072e-28
 1.9287e-41 2.67691e-33 4.49107e-26 9.10779e-20 2.23267e-14 6.6158e-10 2.36967e-06 0.00102599 0.0536961 0.33971 0.262232 0.0761902 0.135881 0.0690351 0.0468937 0.0132899 0.00192593 0.000115592 2.38919e-06 1.48493e-08 2.35951e-11 8.04159e-15 4.90458e-19 4.70482e-24 6.5759e-30
 1.62419e-41 2.25427e-33 3.782e-26 7.66982e-20 1.88017e-14 5.57128e-10 1.99554e-06 0.000864 0.0452183 0.286092 0.223259 0.10719 0.205395 0.082699 0.037951 0.0098762 0.00137696 7.582e-05 1.38723e-06 6.89739e-09 7.81482e-12 1.77119e-15 7.20495e-20 4.77036e-25 4.73032e-31
 1.33841e-41 1.85763e-33 3.11655e-26 6.32031e-20 1.54935e-14 4.59101e-10 1.64442e-06 0.000711979 0.0372622 0.235771 0.18615 0.12014 0.225723 0.11223 0.0676166 0.0131197 0.00121682 5.66302e-05 9.07517e-07 3.79431e-09 3.39858e-12 5.64961e-16 1.58247e-20 6.98671e-26 4.61739e-32
 1.21871e-41 1.69149e-33 2.83783e-26 5.75505e-20 1.41078e-14 4.18041e-10 1.49735e-06 0.000648303 0.0339296 0.2147 0.17096 0.124172 0.220245 0.129204 0.08536 0.0187951 0.00192143 6.26674e-05 6.98222e-07 2.32068e-09 1.67081e-12 2.16422e-16 4.54124e-21 1.44262e-26 6.62876e-33
 1.63627e-41 2.27104e-33 3.81014e-26 7.72688e-20 1.89415e-14 5.61272e-10 2.01039e-06 0.000870428 0.0455548 0.28824 0.226185 0.104621 0.157236 0.0978148 0.0629395 0.0148429 0.00163741 5.56334e-05 5.20227e-07 1.17096e-09 5.93771e-13 5.78692e-17 9.23968e-22 2.20533e-27 7.47402e-34
 1.48662e-41 2.06333e-33 3.46167e-26 7.02019e-20 1.72092e-14 5.09939e-10 1.82652e-06 0.00079082 0.0413884 0.261919 0.209508 0.140593 0.202625 0.0888663 0.0433227 0.00988261 0.00106528 3.68362e-05 3.39684e-07 6.69731e-10 2.50404e-13 1.65497e-17 1.82946e-22 3.14531e-28 7.82979e-35
 1.5443e-41 2.14339e-33 3.59598e-26 7.29257e-20 1.78769e-14 5.29725e-10 1.89739e-06 0.000821503 0.0429943 0.272091 0.217604 0.133819 0.178849 0.0990697 0.0468689 0.00726789 0.000593489 1.86357e-05 1.60231e-07 2.90819e-10 9.45935e-14 4.97152e-18 3.98555e-23 4.70972e-29 8.00075e-36
 1.52526e-41 2.11696e-33 3.55164e-26 7.20265e-20 1.76565e-14 5.23193e-10 1.87399e-06 0.000811374 0.0424643 0.268773 0.217342 0.147517 0.18263 0.0926224 0.0405584 0.00680756 0.000462022 9.91822e-06 6.64647e-08 1.02604e-10 2.86002e-14 1.26498e-18 8.24761e-24 7.57492e-30 9.52831e-37
 1.64522e-41 2.28345e-33 3.83096e-26 7.76912e-20 1.90451e-14 5.64341e-10 2.02138e-06 0.000875186 0.045804 0.289924 0.23416 0.143254 0.162162 0.0852837 0.0334329 0.00480063 0.000296075 5.54895e-06 2.66607e-08 2.88998e-11 6.13447e-15 2.15931e-19 1.12939e-24 8.26729e-31 8.17808e-38
 1.59692e-41 2.21642e-33 3.7185e-26 7.54104e-20 1.8486e-14 5.47773e-10 1.96203e-06 0.000849493 0.0444594 0.281482 0.231206 0.162108 0.170255 0.0789837 0.0269762 0.00349631 0.000178839 2.74791e-06 1.08362e-08 8.81448e-12 1.29862e-15 3.19539e-20 1.21893e-25 6.71958e-32 5.07907e-39
 1.64422e-41 2.28207e-33 3.82864e-26 7.76441e-20 1.90335e-14 5.63999e-10 2.02015e-06 0.000874656 0.0457765 0.28986 0.239028 0.160739 0.158528 0.0786175 0.0239091 0.00255589 0.000107787 1.34058e-06 4.11859e-09 2.59242e-12 2.89116e-16 5.13475e-21 1.36225e-26 5.19021e-33 2.75432e-40
 1.65108e-41 2.2916e-33 3.84463e-26 7.79682e-20 1.9113e-14 5.66353e-10 2.02859e-06 0.000878308 0.0459678 0.291153 0.243196 0.170608 0.155515 0.0711885 0.0195059 0.00191809 6.59282e-05 6.29947e-07 1.47792e-09 7.00468e-13 5.81406e-17 7.65518e-22 1.49179e-27 4.09797e-34 1.53554e-41
 1.69121e-41 2.34728e-33 3.93805e-26 7.98629e-20 1.95775e-14 5.80116e-10 2.07788e-06 0.000899651 0.0470851 0.298304 0.251049 0.17267 0.147122 0.0658204 0.0157029 0.0013072 3.78132e-05 2.91791e-07 5.14807e-10 1.78556e-13 1.08153e-17 1.03637e-22 1.46541e-28 2.91774e-35 7.91548e-43
 1.68218e-41 2.33475e-33 3.91703e-26 7.94366e-20 1.9473e-14 5.77019e-10 2.06679e-06 0.000894849 0.0468342 0.296847 0.253881 0.181757 0.144843 0.0609724 0.0129916 0.000955042 2.2615e-05 1.38468e-07 1.89936e-10 4.93513e-14 2.16602e-18 1.48382e-23 1.49801e-29 2.13238e-36 4.13821e-44
 1.47191e-41 2.04291e-33 3.42741e-26 6.95071e-20 1.70389e-14 5.04892e-10 1.80844e-06 0.000782994 0.0409811 0.260098 0.235163 0.214968 0.166945 0.0676871 0.0125742 0.000783361 1.52775e-05 7.42947e-08 7.78022e-11 1.5152e-14 4.92123e-19 2.454e-24 1.77516e-30 1.79293e-37 2.46008e-45
 1.49644e-41 2.07696e-33 3.48454e-26 7.06657e-20 1.73229e-14 5.13308e-10 1.83859e-06 0.000796045 0.0416639 0.264332 0.234733 0.197378 0.16733 0.0785546 0.0143663 0.000829878 1.42081e-05 5.89721e-08 5.18401e-11 8.3272e-15 2.20077e-19 8.87741e-25 5.17998e-31 4.20464e-38 4.6125e-46
#spawning biomass
 19745.4 19073.9 21399.7 23371.8 28343.4 34395.3 39260.2 49247.8 68894.1 85112.7 97115.8 116452 166813 209099 186209 156659 150955 149356 142552 145259 151973 156516 167303 178767 200945 204330 182365 162435 140786 132471 67242.2 30732.5 21102.4 19044.5 18640.2 18564.8 18551.2 18548.8 18548.4 18548.3 18548.3 18548.3 18548.3 18548.3 18548.3 18548.3 18548.3 18548.3 18548.3 18548.3 18548.3 18548.3 18548.3 18548.3 18548.3 18548.3 18548.3 18548.3 18548.3 18548.3 18548.3 18548.3 18548.3 18548.3 18548.3 18548.3 18548.3 18548.3 18548.3 18548.3 18548.3 18548.3 18548.3 18548.3 18548.3 18548.3 18548.3 18548.3 18548.3 18548.3 18548.3 18548.3 18548.3 18548.3 18548.3 18548.3 18548.3 18548.3 18548.3 18548.3 18548.3 18548.3 18548.3 18548.3 18548.3 18548.3 18548.3 18548.3 18548.3 18548.3 18548.3 18548.3 18548.3 18548.3 18548.3 18548.3 18548.3 18548.3 18548.3 18548.3 18548.3 18548.3 18548.3 18548.3 18548.3 18548.3 18548.3 18548.3 18548.3 18548.3 18548.3 18548.3 18548.3 18548.3 18548.3 18548.3 18548.3 18548.3 0 0 0 0 0 0 0 0 0 0 0 0 0 0 0 0 0 0 0 0 0 0 0 0 0
