SBPRF35
1.4165
Curr Bio
135677
B35
998945
F35
0.175618
FOFL
0
OFL
0
Bzero
404714
#pred survey bio
 11506.2 10013.4 12119.8 17258.7 22750.2 27717 31961.5 36758.9 43640 59505.5 78623.6 90456.3 110576 131784 132601 114157 102552 93226.5 101216 98833.6 101609 105991 111343 115852 126249 127570 117648 109985 107160 2.00448e+06 3.53542e+06 4.8963e+06 5.49606e+06 5.58298e+06 5.39407e+06 5.08382e+06 4.74387e+06 4.42292e+06 4.14272e+06 3.90944e+06 3.72117e+06 3.57239e+06 3.45643e+06 3.36535e+06 3.29198e+06 3.23737e+06 3.19656e+06 3.16593e+06 3.14282e+06 3.12529e+06 3.1119e+06 3.10163e+06 3.09367e+06 3.08748e+06 3.08261e+06 3.07876e+06 3.07569e+06 3.07322e+06 3.07123e+06 3.06959e+06 3.06825e+06 3.06714e+06 3.06622e+06 3.06545e+06 3.0648e+06 3.06425e+06 3.06378e+06 3.06338e+06 3.06304e+06 3.06275e+06 3.0625e+06 3.06229e+06 3.06211e+06 3.06195e+06 3.06181e+06 3.06169e+06 3.06159e+06 3.0615e+06 3.06142e+06 3.06135e+06 3.0613e+06 3.06124e+06 3.0612e+06 3.06116e+06 3.06113e+06 3.0611e+06 3.06108e+06 3.06105e+06 3.06104e+06 3.06102e+06 3.061e+06 3.06099e+06 3.06098e+06 3.06097e+06 3.06096e+06 3.06096e+06 3.06095e+06 3.06095e+06 3.06094e+06 3.06094e+06 3.06093e+06 3.06093e+06 3.06093e+06 3.06093e+06 3.06092e+06 3.06092e+06 3.06092e+06 3.06092e+06 3.06092e+06 3.06092e+06 3.06092e+06 3.06091e+06 3.06091e+06 3.06091e+06 3.06091e+06 3.06091e+06 3.06091e+06 3.06091e+06 3.06091e+06 3.06091e+06 3.06091e+06 3.06091e+06 3.06091e+06 3.06091e+06 3.06091e+06 3.06091e+06 3.06091e+06 3.06091e+06 3.06091e+06 0 0 0 0 0 0 0 0 0 0 0 0 0 0 0 0 0 0 0 0 0 0 0 0 0
#obs survey bio
 10312.5 10107.9 13774.4 21382.7 19903.8 28968.9 31477.2 44434.8 35788.7 51693.4 71531.7 75327.3 81873.4 164373 59613.7 73479.9 99378.1 80900.3 77015.2 84349.8 73994.5 125824 118246 88091.3 103462 102068 93194.9 88684.5 96843.1
#pred catch bio
 7577.42 6000.48 6502.83 9970.2 14552.6 18596.9 21728.3 24727.6 28469.1 38219.4 52119.3 61467.6 76245.3 97937.8 112066 99376.7 91774.4 78178.7 88792.1 86394.9 88452.8 87643.5 94721.1 102307 114685 118149 108711 100324 110591 0 20491.4 33901.3 38557.1 38808.9 37111.1 34606.8 31939.2 29453.5 27302.9 25527.9 24108.7 22999.4 22146 21489.6 20978.3 20605.3 20333.2 20134.6 19989.8 19884.1 19807 19750.7 19709.7 19679.7 19657.9 19641.9 19630.3 19621.8 19615.6 19611.1 19607.8 19605.4 19603.7 19602.4 19601.4 19600.8 19600.3 19599.9 19599.6 19599.4 19599.3 19599.2 19599.1 19599.1 19599 19599 19599 19599 19599 19598.9 19598.9 19598.9 19598.9 19598.9 19598.9 19598.9 19598.9 19598.9 19598.9 19598.9 19598.9 19598.9 19598.9 19598.9 19598.9 19598.9 19598.9 19598.9 19598.9 19598.9 19598.9 19598.9 19598.9 19598.9 19598.9 19598.9 19598.9 19598.9 19598.9 19598.9 19598.9 19598.9 19598.9 19598.9 19598.9 19598.9 19598.9 19598.9 19598.9 19598.9 19598.9 19598.9 19598.9 19598.9 19598.9 19598.9 19598.9 19598.9 19598.9 0 0 0 0 0 0 0 0 0 0 0 0 0 0 0 0 0 0 0 0 0 0 0 0 0
#obs catch bio
 6225.13 5968.33 6404.67 9802.99 14591.4 18240.7 21592.9 24338.6 28159.2 37794 50442.5 60947.4 73705.1 94071.8 111893 100441 89824.4 76460.1 86165.9 85756.4 86578.1 83274.2 90788.8 100311 110649 115505 104283 97182.6 109664
#pred cpue bio
 8615.04 6959.52 7484.77 10876 14780.3 17523.1 19874.8 22590.4 25975.3 32972.4 45006.7 51741.3 59935 75218.7 82366.1 69560.3 59697.3 52721.7 57067.8 55587.8 54834.4 55778.2 59827.3 59567.5 64822.3 67517.8 64073 58852.9 57806.3 954786 2.79745e+06 4.70907e+06 5.39478e+06 5.4628e+06 5.26112e+06 4.94621e+06 4.60481e+06 4.28345e+06 4.00313e+06 3.76982e+06 3.58154e+06 3.43276e+06 3.3168e+06 3.22572e+06 3.15235e+06 3.09774e+06 3.05693e+06 3.0263e+06 3.00319e+06 2.98565e+06 2.97227e+06 2.96199e+06 2.95404e+06 2.94785e+06 2.94298e+06 2.93913e+06 2.93606e+06 2.93359e+06 2.93159e+06 2.92996e+06 2.92862e+06 2.92751e+06 2.92659e+06 2.92582e+06 2.92516e+06 2.92462e+06 2.92415e+06 2.92375e+06 2.92341e+06 2.92312e+06 2.92287e+06 2.92266e+06 2.92247e+06 2.92232e+06 2.92218e+06 2.92206e+06 2.92196e+06 2.92187e+06 2.92179e+06 2.92172e+06 2.92166e+06 2.92161e+06 2.92157e+06 2.92153e+06 2.9215e+06 2.92147e+06 2.92145e+06 2.92142e+06 2.9214e+06 2.92139e+06 2.92137e+06 2.92136e+06 2.92135e+06 2.92134e+06 2.92133e+06 2.92133e+06 2.92132e+06 2.92131e+06 2.92131e+06 2.92131e+06 2.9213e+06 2.9213e+06 2.9213e+06 2.92129e+06 2.92129e+06 2.92129e+06 2.92129e+06 2.92129e+06 2.92129e+06 2.92129e+06 2.92128e+06 2.92128e+06 2.92128e+06 2.92128e+06 2.92128e+06 2.92128e+06 2.92128e+06 2.92128e+06 2.92128e+06 2.92128e+06 2.92128e+06 2.92128e+06 2.92128e+06 2.92128e+06 2.92128e+06 2.92128e+06 2.92128e+06 2.92128e+06 2.92128e+06 0 0 0 0 0 0 0 0 0 0 0 0 0 0 0 0 0 0 0 0 0 0 0 0 0
#obs cpue bio
 5866.56 8613.78 7486.45 10205 16850.3 25015.7 21319 24510.4 37262.7 43679 87880.6 73543.7 133047 118192 138644 110626 85624.9 91157.3 103899 76737.1 114481 107637 114354 93530.2 138552 112287 165263 121772 86480.6
#pred surv len freq
 2.56088e-27 2.58231e-27 2.79852e-26 5.36385e-20 1.31488e-14 3.89623e-10 1.39556e-06 0.000604226 0.031623 0.200056 0.15339 0.0397079 0.194472 0.179896 0.0459571 0.0600207 0.0258023 0.01984 0.0121857 0.00925756 0.0072626 0.00628505 0.0063157 0.00560899 0.00171334
 2.56336e-27 2.58919e-27 3.41054e-26 6.65496e-20 1.63138e-14 4.83408e-10 1.73149e-06 0.000749668 0.0392349 0.248211 0.190128 0.0376456 0.152971 0.14227 0.0517714 0.0824647 0.0281421 0.0119333 0.0053204 0.00301981 0.00192599 0.00142725 0.00127223 0.00113175 0.000379064
 2.5663e-27 2.59685e-27 4.05127e-26 8.0065e-20 1.9627e-14 5.81582e-10 2.08313e-06 0.000901915 0.047203 0.298619 0.228641 0.0390701 0.136751 0.126548 0.0353163 0.0489852 0.0194041 0.0121486 0.00391781 0.00122982 0.000516092 0.000290076 0.00021407 0.000179246 6.22182e-05
 2.56454e-27 2.59192e-27 3.60286e-26 7.06049e-20 1.73079e-14 5.12865e-10 1.837e-06 0.00079535 0.0416257 0.263336 0.201737 0.0414109 0.173468 0.160283 0.0386891 0.048056 0.0171414 0.00841166 0.00334076 0.00124136 0.000283084 8.84182e-05 4.58874e-05 3.31163e-05 1.13939e-05
 2.5641e-27 2.59091e-27 3.5308e-26 6.90854e-20 1.69355e-14 5.01828e-10 1.79746e-06 0.000778233 0.0407299 0.257669 0.197389 0.0400971 0.166526 0.154277 0.0448856 0.0636704 0.0214094 0.00845053 0.00283208 0.000944491 0.000267478 5.16178e-05 1.26295e-05 6.507e-06 2.10227e-06
 2.56486e-27 2.59288e-27 3.69632e-26 7.25769e-20 1.77913e-14 5.27189e-10 1.8883e-06 0.000817564 0.0427883 0.270691 0.207336 0.040351 0.161468 0.149408 0.0403664 0.0546321 0.0193317 0.00907678 0.00278632 0.000729526 0.000172238 3.58355e-05 5.11996e-06 1.19107e-06 3.21026e-07
 2.56476e-27 2.59247e-27 3.6478e-26 7.15527e-20 1.75403e-14 5.1975e-10 1.86166e-06 0.000806026 0.0421845 0.266871 0.204438 0.0415194 0.172396 0.159298 0.0386153 0.0480786 0.0162693 0.00660337 0.00215493 0.000620479 0.000119915 1.99853e-05 2.63132e-06 2.74504e-07 4.30836e-08
 2.56514e-27 2.59352e-27 3.73945e-26 7.34861e-20 1.80142e-14 5.33794e-10 1.91196e-06 0.000827806 0.0433244 0.274082 0.20994 0.0412587 0.166547 0.153931 0.0382264 0.0485031 0.0157855 0.00541789 0.0016256 0.000424668 8.95155e-05 1.3365e-05 1.38018e-06 1.02563e-07 6.81702e-09
 2.566e-27 2.59578e-27 3.93385e-26 7.75871e-20 1.90195e-14 5.63583e-10 2.01866e-06 0.000874002 0.0457421 0.289377 0.221618 0.0411665 0.157641 0.145601 0.0347363 0.0426366 0.0139509 0.00489791 0.00138308 0.000306714 5.74434e-05 8.66156e-06 8.25213e-07 4.65757e-08 1.6674e-09
 2.56777e-27 2.60051e-27 4.34339e-26 8.62263e-20 2.11373e-14 6.26337e-10 2.24344e-06 0.000971322 0.0508355 0.321599 0.246214 0.0406626 0.136525 0.12596 0.0284434 0.0332053 0.0107326 0.00357138 0.00101148 0.000224087 3.68348e-05 4.76983e-06 4.36244e-07 2.22146e-08 5.53951e-10
 2.56621e-27 2.59617e-27 3.94907e-26 7.79074e-20 1.90981e-14 5.6591e-10 2.02699e-06 0.000877611 0.045931 0.290572 0.222554 0.0426873 0.168556 0.155332 0.0302859 0.0299937 0.00945628 0.00279607 0.000764913 0.000161354 2.64264e-05 3.12577e-06 2.42364e-07 1.14381e-08 2.46368e-10
 2.56667e-27 2.59749e-27 4.07412e-26 8.05457e-20 1.97448e-14 5.85074e-10 2.09564e-06 0.000907331 0.0474864 0.300412 0.230051 0.0415886 0.154928 0.142947 0.0315568 0.035986 0.0109039 0.00246794 0.000625171 0.000117907 1.82505e-05 2.09406e-06 1.49891e-07 6.0368e-09 1.1722e-10
 2.56785e-27 2.60062e-27 4.34398e-26 8.62383e-20 2.11403e-14 6.26425e-10 2.24375e-06 0.000971457 0.0508426 0.321644 0.24626 0.0414074 0.142161 0.131006 0.0265655 0.0276216 0.00857351 0.00229451 0.000556271 8.17822e-05 1.11296e-05 1.16275e-06 7.91932e-08 2.92711e-09 4.89887e-11
 2.56597e-27 2.59545e-27 3.87985e-26 7.64469e-20 1.874e-14 5.55301e-10 1.98899e-06 0.000861158 0.0450699 0.285125 0.218405 0.0433415 0.176449 0.162529 0.0299995 0.0275026 0.00830357 0.00186701 0.000458054 7.58743e-05 9.01919e-06 7.58003e-07 4.56868e-08 1.57638e-09 2.40314e-11
 2.56362e-27 2.58919e-27 3.33941e-26 6.50463e-20 1.59453e-14 4.72489e-10 1.69237e-06 0.000732734 0.0383486 0.242604 0.185945 0.0438317 0.202986 0.1873 0.0395327 0.0429915 0.0127246 0.00237405 0.00053891 7.72621e-05 9.62454e-06 7.98369e-07 3.8531e-08 1.13695e-09 1.59117e-11
 2.56469e-27 2.59215e-27 3.606e-26 7.06705e-20 1.7324e-14 5.13342e-10 1.8387e-06 0.000796089 0.0416644 0.263581 0.201943 0.0426171 0.182503 0.168489 0.037827 0.0438508 0.0131971 0.00281639 0.00063059 7.46077e-05 8.07533e-06 6.29873e-07 3.0595e-08 7.51214e-10 8.80774e-12
 2.56551e-27 2.59423e-27 3.77522e-26 7.42398e-20 1.8199e-14 5.39268e-10 1.93157e-06 0.000836296 0.0437687 0.276893 0.21212 0.043368 0.181067 0.166862 0.0320603 0.0311096 0.00935687 0.00202511 0.000464676 6.03414e-05 6.04112e-06 3.8712e-07 1.68805e-08 4.04648e-10 4.08282e-12
 2.56596e-27 2.59536e-27 3.8672e-26 7.61799e-20 1.86746e-14 5.53361e-10 1.98205e-06 0.000858151 0.0449125 0.284129 0.217652 0.0437938 0.18042 0.166109 0.0291142 0.0245621 0.00710293 0.0010815 0.000229342 2.97442e-05 3.12541e-06 2.03204e-07 7.45266e-09 1.54743e-10 1.47632e-12
 2.56637e-27 2.59653e-27 3.97639e-26 7.84834e-20 1.92393e-14 5.70094e-10 2.04198e-06 0.000884099 0.0462706 0.292721 0.224199 0.0429664 0.169524 0.156177 0.0295817 0.0281244 0.00811548 0.00117646 0.000233095 2.26986e-05 2.18504e-06 1.45474e-07 5.50223e-09 1.00889e-10 8.21647e-13
 2.56597e-27 2.59536e-27 3.86446e-26 7.61218e-20 1.86603e-14 5.52939e-10 1.98054e-06 0.000857497 0.0448783 0.283913 0.217491 0.044044 0.182438 0.167913 0.0283795 0.0224332 0.0064719 0.000968332 0.000191746 1.73236e-05 1.40921e-06 7.41101e-08 2.73248e-09 5.13081e-11 3.82814e-13
 2.56732e-27 2.59907e-27 4.19548e-26 8.31051e-20 2.03722e-14 6.03665e-10 2.16223e-06 0.000936162 0.0489953 0.309958 0.237358 0.0427718 0.158797 0.146168 0.0258035 0.0220268 0.00626327 0.000762823 0.00014209 1.31728e-05 1.05112e-06 4.8354e-08 1.40573e-09 2.38238e-11 1.78938e-13
 2.56756e-27 2.59964e-27 4.23892e-26 8.40212e-20 2.05968e-14 6.1032e-10 2.18606e-06 0.000946482 0.0495354 0.313375 0.239976 0.0433051 0.161017 0.148052 0.0231723 0.0155584 0.00440901 0.000543766 9.90943e-05 7.59605e-06 5.61878e-07 2.59508e-08 6.87027e-10 9.36279e-12 6.05226e-14
 2.56713e-27 2.59849e-27 4.13885e-26 8.19103e-20 2.00793e-14 5.94986e-10 2.13114e-06 0.000922703 0.0482909 0.305502 0.233966 0.0434243 0.166146 0.152834 0.0248919 0.0182697 0.00512688 0.000526672 8.93352e-05 6.95377e-06 4.82714e-07 1.88089e-08 4.79567e-10 6.1263e-12 3.27828e-14
 2.56824e-27 2.6015e-27 4.40557e-26 8.75371e-20 2.14587e-14 6.35859e-10 2.27754e-06 0.000986087 0.0516082 0.326488 0.249978 0.0426193 0.148771 0.136798 0.0220146 0.0157485 0.00442755 0.000473056 8.01246e-05 5.29352e-06 3.36269e-07 1.28331e-08 2.86427e-10 3.30517e-12 1.66625e-14
 2.56795e-27 2.60066e-27 4.32475e-26 8.58319e-20 2.10407e-14 6.23472e-10 2.23317e-06 0.000966879 0.050603 0.320128 0.245134 0.0433825 0.157982 0.145172 0.0212002 0.0117862 0.00327515 0.000313408 5.04795e-05 3.38141e-06 2.05182e-07 6.65034e-09 1.3952e-10 1.46674e-12 6.53552e-15
 2.56714e-27 2.59844e-27 4.1274e-26 8.16685e-20 2.002e-14 5.93229e-10 2.12485e-06 0.000919978 0.0481483 0.3046 0.233288 0.0440736 0.171565 0.157685 0.023046 0.0128417 0.00352824 0.000264635 3.62061e-05 2.1891e-06 1.24668e-07 3.99514e-09 7.48419e-11 6.97794e-13 2.86243e-15
 2.56644e-27 2.59655e-27 3.96058e-26 7.81492e-20 1.91573e-14 5.67666e-10 2.03329e-06 0.000880335 0.0460736 0.291474 0.223271 0.0444716 0.181631 0.167001 0.0251965 0.0153967 0.00423927 0.000317647 4.26783e-05 2.10914e-06 9.70341e-08 2.77371e-09 4.9763e-11 4.31765e-13 1.55782e-15
 2.56713e-27 2.59846e-27 4.1345e-26 8.18184e-20 2.00568e-14 5.94319e-10 2.12875e-06 0.000921667 0.0482367 0.305159 0.233707 0.0436094 0.167737 0.154262 0.0244201 0.0168325 0.00466671 0.000386813 5.58108e-05 2.76785e-06 1.21009e-07 2.72382e-09 4.05405e-11 3.21813e-13 1.09279e-15
 2.56679e-27 2.59753e-27 4.04928e-26 8.00206e-20 1.96161e-14 5.81259e-10 2.08197e-06 0.000901415 0.0471768 0.298454 0.228594 0.0440627 0.174779 0.160711 0.0246703 0.0157827 0.00439266 0.000407202 6.31975e-05 3.41294e-06 1.6239e-07 3.6233e-09 4.69621e-11 2.93043e-13 8.67752e-16
#obs surv len freq
 1.08488e-41 1.50574e-33 2.52619e-26 5.12307e-20 1.25586e-14 3.72134e-10 1.33292e-06 0.00057711 0.0302036 0.191078 0.146614 0.0401712 0.173335 0.146682 0.103919 0.101784 0.0440027 0.0172214 0.00389393 0.000490893 2.53135e-05 3.8691e-07 1.31868e-09 8.15995e-13 8.02622e-17
 1.60586e-41 2.22883e-33 3.73932e-26 7.58327e-20 1.85895e-14 5.50841e-10 1.97302e-06 0.000854251 0.0447081 0.282837 0.216697 0.0407096 0.126692 0.102231 0.0758403 0.06849 0.0285491 0.0101295 0.00203183 0.00021853 9.18919e-06 1.08633e-07 2.74726e-10 1.23093e-13 8.65224e-18
 1.53629e-41 2.13227e-33 3.57732e-26 7.25473e-20 1.77841e-14 5.26976e-10 1.88754e-06 0.00081724 0.0427711 0.270583 0.20757 0.0500285 0.176826 0.128882 0.0564525 0.0425482 0.0170148 0.00545258 0.000961617 8.62842e-05 2.89632e-06 2.62706e-08 4.92977e-11 1.60097e-14 8.04356e-19
 1.0767e-41 1.49439e-33 2.50715e-26 5.08445e-20 1.24639e-14 3.69329e-10 1.32288e-06 0.00057276 0.029976 0.189639 0.145994 0.0565331 0.230449 0.163193 0.0978373 0.065627 0.0157618 0.00379506 0.000577761 4.26804e-05 1.12088e-06 7.67323e-09 1.06154e-11 2.49891e-15 8.99152e-20
 1.49975e-41 2.08155e-33 3.49223e-26 7.08217e-20 1.73611e-14 5.14442e-10 1.84265e-06 0.000797803 0.0417538 0.264148 0.202688 0.0471383 0.141992 0.104142 0.104549 0.0695871 0.0192632 0.00358928 0.000331434 1.84593e-05 3.73598e-07 1.90267e-09 1.91733e-12 3.25115e-16 8.36624e-21
 1.20259e-41 1.66912e-33 2.80029e-26 5.67893e-20 1.39212e-14 4.12511e-10 1.47755e-06 0.000639727 0.0334808 0.211813 0.163284 0.0650084 0.231203 0.14394 0.0781546 0.0495109 0.0189472 0.00371411 0.000292876 9.96687e-06 1.33718e-07 4.92037e-10 3.57238e-13 4.3236e-17 7.90432e-22
 1.37662e-41 1.91066e-33 3.20553e-26 6.50075e-20 1.59358e-14 4.72208e-10 1.69137e-06 0.000732306 0.038326 0.242465 0.186569 0.0579884 0.175342 0.116693 0.109628 0.0568065 0.0127509 0.00247033 0.00022098 6.34395e-06 5.38392e-08 1.23262e-10 6.08528e-14 5.17426e-18 6.66883e-23
 1.19588e-41 1.65981e-33 2.78467e-26 5.64726e-20 1.38436e-14 4.10211e-10 1.46931e-06 0.00063616 0.0332941 0.210634 0.162827 0.0722371 0.227093 0.133276 0.0937775 0.0493498 0.0146842 0.00205121 0.000134041 3.75952e-06 2.68827e-08 4.10043e-11 1.2464e-14 6.82134e-19 5.95352e-24
 1.51443e-41 2.10193e-33 3.52643e-26 7.15153e-20 1.75311e-14 5.19479e-10 1.86069e-06 0.000805615 0.0421627 0.266739 0.205492 0.0645023 0.167239 0.104055 0.0960682 0.0420249 0.0094747 0.0013548 7.85773e-05 1.55455e-06 9.16255e-09 1.14929e-11 2.50252e-15 8.84329e-20 4.87359e-25
 1.52012e-41 2.10983e-33 3.53968e-26 7.1784e-20 1.7597e-14 5.21431e-10 1.86768e-06 0.000808642 0.0423211 0.267744 0.206878 0.0780032 0.198526 0.103663 0.0660335 0.0282552 0.00695157 0.000775732 3.71493e-05 6.25062e-07 2.67077e-09 2.47787e-12 4.20153e-16 1.11894e-20 4.33314e-26
 1.09765e-41 1.52347e-33 2.55593e-26 5.18338e-20 1.27065e-14 3.76516e-10 1.34862e-06 0.000583905 0.0305592 0.193342 0.151128 0.0969875 0.257498 0.136029 0.0956371 0.0320681 0.00556573 0.00057599 2.3548e-05 3.03278e-07 1.01465e-09 6.93237e-13 8.33628e-17 1.61378e-21 4.64691e-27
 1.6634e-41 2.30869e-33 3.87331e-26 7.85499e-20 1.92556e-14 5.70578e-10 2.04372e-06 0.000884859 0.04631 0.292981 0.226212 0.0711619 0.144553 0.0941312 0.0898869 0.0288341 0.0046863 0.000346043 1.06093e-05 1.10529e-07 2.77933e-10 1.40357e-13 1.23697e-17 1.70715e-22 3.4577e-28
 1.33613e-41 1.85445e-33 3.11123e-26 6.30952e-20 1.5467e-14 4.58317e-10 1.64162e-06 0.000710763 0.0371985 0.235353 0.184399 0.1107 0.243325 0.106703 0.0572197 0.0201808 0.00393921 0.000263775 6.08796e-06 4.39516e-08 8.14848e-11 3.04192e-14 1.93647e-18 1.92037e-23 2.78622e-29
 1.11778e-41 1.55141e-33 2.60281e-26 5.27845e-20 1.29395e-14 3.83421e-10 1.37335e-06 0.000594614 0.0311197 0.196904 0.155621 0.111883 0.2352 0.137837 0.103818 0.0238972 0.00291788 0.000201852 4.52673e-06 2.52746e-08 3.22029e-11 8.29488e-15 3.76121e-19 2.67231e-24 2.76005e-30
 8.72468e-42 1.21093e-33 2.03158e-26 4.12001e-20 1.00997e-14 2.99273e-10 1.07195e-06 0.000464116 0.02429 0.153709 0.123892 0.123143 0.248763 0.160231 0.12537 0.0351601 0.00476394 0.000209984 3.56635e-06 1.79824e-08 1.84908e-11 3.39471e-15 1.04565e-19 5.07662e-25 3.65337e-31
 1.41591e-41 1.96519e-33 3.29702e-26 6.68629e-20 1.63907e-14 4.85685e-10 1.73964e-06 0.000753206 0.0394198 0.249417 0.195521 0.0947277 0.16003 0.126236 0.101199 0.0284537 0.00404756 0.00019081 2.55767e-06 8.76093e-09 6.991e-12 1.03122e-15 2.39825e-20 8.24909e-26 4.06874e-32
 9.69846e-42 1.34608e-33 2.25833e-26 4.57985e-20 1.1227e-14 3.32676e-10 1.19159e-06 0.000515917 0.0270011 0.170902 0.140925 0.161527 0.271983 0.127008 0.0735801 0.0230513 0.00334679 0.000156812 2.06704e-06 6.01126e-09 3.40083e-12 3.50049e-16 6.03997e-21 1.57932e-26 5.81428e-33
 1.43431e-41 1.99072e-33 3.33985e-26 6.77315e-20 1.66036e-14 4.91995e-10 1.76224e-06 0.000762991 0.039932 0.252683 0.200006 0.10789 0.161339 0.136017 0.0841717 0.0154165 0.00170119 7.82681e-05 9.69975e-07 2.56349e-09 1.23472e-12 9.71829e-17 1.18048e-21 2.13862e-27 5.59127e-34
 1.00375e-41 1.39314e-33 2.33728e-26 4.73995e-20 1.16194e-14 3.44305e-10 1.23324e-06 0.000533952 0.0279451 0.176933 0.149542 0.183505 0.261086 0.121102 0.0621021 0.0157398 0.0014665 4.3264e-05 4.3571e-07 1.01061e-09 4.16689e-13 2.72239e-17 2.62992e-22 3.59008e-28 6.73732e-35
 1.28592e-41 1.78477e-33 2.99432e-26 6.07242e-20 1.48858e-14 4.41094e-10 1.57993e-06 0.000684054 0.0358008 0.226606 0.183921 0.132238 0.181317 0.15269 0.0743448 0.011409 0.000959735 2.74868e-05 1.94916e-07 3.19788e-10 1.03963e-13 5.50861e-18 4.27334e-23 4.60943e-29 6.70558e-36
 1.41237e-41 1.96028e-33 3.28877e-26 6.66956e-20 1.63496e-14 4.8447e-10 1.73529e-06 0.000751322 0.0393215 0.248937 0.204753 0.159441 0.187509 0.10138 0.0475894 0.00965613 0.000645714 1.30976e-05 7.82282e-08 9.80675e-11 2.20225e-14 8.28505e-19 4.81259e-24 3.98693e-30 4.47061e-37
 1.13122e-41 1.57006e-33 2.63411e-26 5.34192e-20 1.30951e-14 3.88031e-10 1.38987e-06 0.000601764 0.0314944 0.199524 0.173038 0.196768 0.225294 0.122317 0.0442491 0.00629264 0.00041217 7.80003e-06 3.39203e-08 3.14017e-11 5.36975e-15 1.46285e-19 5.90149e-25 3.40482e-31 2.7269e-38
 1.37678e-41 1.91088e-33 3.2059e-26 6.50149e-20 1.59376e-14 4.72261e-10 1.69156e-06 0.000732389 0.0383308 0.242761 0.203282 0.160459 0.179105 0.126117 0.0437145 0.00524927 0.000244241 3.61822e-06 1.35945e-08 9.783e-12 1.19729e-15 2.34912e-20 6.92156e-26 2.88088e-32 1.62737e-39
 1.35538e-41 1.88118e-33 3.15607e-26 6.40046e-20 1.569e-14 4.64922e-10 1.66528e-06 0.000721007 0.0377355 0.239136 0.207107 0.19413 0.188195 0.0967512 0.0319371 0.0041195 0.000165005 1.77423e-06 4.75622e-09 2.63865e-12 2.52257e-16 3.68137e-21 7.74382e-27 2.28032e-33 9.17991e-41
 1.18812e-41 1.64903e-33 2.76659e-26 5.61059e-20 1.37537e-14 4.07547e-10 1.45977e-06 0.000632029 0.0330792 0.209831 0.190438 0.213962 0.206718 0.112815 0.0295333 0.00288326 0.000105259 1.00212e-06 2.02694e-09 7.84486e-13 5.31507e-17 5.71574e-22 8.98934e-28 1.95482e-34 5.68517e-42
 1.06202e-41 1.47402e-33 2.47297e-26 5.01513e-20 1.2294e-14 3.64294e-10 1.30484e-06 0.000564952 0.0295691 0.187779 0.177953 0.22135 0.217598 0.129864 0.0324483 0.00279586 7.62779e-05 5.65338e-07 9.43994e-10 2.85502e-13 1.39635e-17 1.04366e-22 1.14353e-28 1.76617e-35 3.71311e-43
 1.04597e-41 1.45174e-33 2.43559e-26 4.93933e-20 1.21082e-14 3.58788e-10 1.28512e-06 0.000556413 0.0291229 0.185107 0.179059 0.220526 0.217006 0.133223 0.0326064 0.00272702 6.4287e-05 3.65702e-07 4.46526e-10 1.02007e-13 3.83391e-18 2.15125e-23 1.70466e-29 1.85125e-36 2.70371e-44
 1.26976e-41 1.76234e-33 2.95669e-26 5.9961e-20 1.46987e-14 4.35551e-10 1.56007e-06 0.000675458 0.0353529 0.224419 0.204774 0.199763 0.192198 0.113143 0.0273501 0.0022708 5.22375e-05 2.74966e-07 2.8558e-10 5.23245e-14 1.56108e-18 7.08347e-24 4.61721e-30 4.13487e-37 4.93063e-45
 1.26978e-41 1.76237e-33 2.95675e-26 5.99622e-20 1.4699e-14 4.35559e-10 1.5601e-06 0.000675471 0.0353536 0.224424 0.204778 0.199772 0.192367 0.113497 0.0269684 0.00211823 4.51071e-05 2.15443e-07 2.00061e-10 3.23895e-14 8.46487e-19 3.34637e-24 1.89495e-30 1.47225e-37 1.52167e-45
#pred catch len freq
 2.55589e-27 2.56912e-27 1.67082e-26 2.98504e-20 7.31747e-15 2.1683e-10 7.76647e-07 0.000336259 0.0175986 0.111334 0.0856441 0.0397418 0.242326 0.224501 0.0617453 0.0849994 0.0364478 0.0278641 0.0170068 0.0128562 0.0100564 0.00869149 0.00872992 0.00775232 0.00236803
 2.55752e-27 2.57387e-27 2.10651e-26 3.90419e-20 9.57065e-15 2.83596e-10 1.01579e-06 0.000439799 0.0230175 0.145616 0.11178 0.0371961 0.204596 0.190803 0.0764966 0.126745 0.0432101 0.0182264 0.00808258 0.00456143 0.00290012 0.0021461 0.00191206 0.00170075 0.000569634
 2.56024e-27 2.5808e-27 2.67163e-26 5.09618e-20 1.24927e-14 3.7018e-10 1.32592e-06 0.000574074 0.0300449 0.190073 0.145771 0.0399207 0.201448 0.186865 0.0570818 0.0836489 0.0330998 0.0206509 0.00663809 0.00206965 0.000865395 0.000485588 0.000358148 0.00029985 0.000104079
 2.55889e-27 2.57686e-27 2.29787e-26 4.3076e-20 1.05595e-14 3.12898e-10 1.12075e-06 0.000485242 0.0253958 0.160662 0.123362 0.0430367 0.240905 0.222973 0.0580687 0.0765711 0.0272857 0.0133203 0.00526554 0.00194641 0.000442489 0.000137882 7.15028e-05 5.15943e-05 1.7751e-05
 2.55868e-27 2.57653e-27 2.2912e-26 4.29361e-20 1.05253e-14 3.11883e-10 1.11711e-06 0.000483667 0.0253134 0.16014 0.122932 0.0410562 0.226136 0.209886 0.0655994 0.096982 0.0325572 0.0127458 0.00425254 0.00140888 0.000397738 7.6625e-05 1.87268e-05 9.64592e-06 3.11631e-06
 2.5597e-27 2.57915e-27 2.5087e-26 4.75239e-20 1.16499e-14 3.45207e-10 1.23647e-06 0.000535346 0.0280181 0.177251 0.136008 0.041691 0.22178 0.205529 0.058695 0.0823927 0.0290708 0.0135091 0.0041305 0.00107377 0.000252622 5.24578e-05 7.48841e-06 1.74129e-06 4.69298e-07
 2.55978e-27 2.57915e-27 2.48879e-26 4.71033e-20 1.15468e-14 3.42152e-10 1.22553e-06 0.000530609 0.0277702 0.175682 0.134837 0.0433463 0.2352 0.217607 0.055334 0.0715802 0.0241605 0.00969473 0.00314886 0.000900661 0.000173514 2.88537e-05 3.79532e-06 3.95779e-07 6.21102e-08
 2.56015e-27 2.58016e-27 2.57742e-26 4.89729e-20 1.20051e-14 3.55733e-10 1.27418e-06 0.00055167 0.0288724 0.182655 0.140157 0.0430742 0.229391 0.212296 0.0553217 0.0728315 0.0236536 0.00802347 0.00239656 0.000621615 0.000130595 1.94608e-05 2.00758e-06 1.49123e-07 9.91018e-09
 2.56097e-27 2.58231e-27 2.75989e-26 5.2822e-20 1.29487e-14 3.83692e-10 1.37432e-06 0.000595028 0.0311416 0.197011 0.15112 0.0431748 0.222454 0.205747 0.0514791 0.0657141 0.0214572 0.00744753 0.00209473 0.000461142 8.60673e-05 1.295e-05 1.23262e-06 6.95393e-08 2.48907e-09
 2.56299e-27 2.58767e-27 3.2204e-26 6.25363e-20 1.533e-14 4.54256e-10 1.62707e-06 0.000704458 0.0368688 0.233243 0.178782 0.0428914 0.200864 0.185586 0.0436156 0.0528216 0.0170356 0.00559704 0.0015784 0.00034714 5.68743e-05 7.34775e-06 6.71315e-07 3.41706e-08 8.51945e-10
 2.56152e-27 2.58349e-27 2.83416e-26 5.43876e-20 1.33325e-14 3.95064e-10 1.41505e-06 0.000612665 0.0320647 0.20285 0.155615 0.0454192 0.236376 0.218055 0.0439067 0.0452791 0.0142494 0.00415789 0.00113246 0.000237111 3.87037e-05 4.56786e-06 3.53788e-07 1.66888e-08 3.59402e-10
 2.56208e-27 2.58513e-27 2.9915e-26 5.77074e-20 1.41463e-14 4.19179e-10 1.50143e-06 0.000650062 0.0340219 0.215232 0.165045 0.0439164 0.218314 0.20166 0.0459652 0.054065 0.0163568 0.00364915 0.000919845 0.000172148 2.6553e-05 3.03972e-06 2.17347e-07 8.74923e-09 1.69855e-10
 2.56354e-27 2.58899e-27 3.32127e-26 6.46637e-20 1.58515e-14 4.69709e-10 1.68242e-06 0.000728424 0.0381231 0.241177 0.184857 0.0439119 0.204361 0.188536 0.0391434 0.0418303 0.0129554 0.00341279 0.000823974 0.000120176 1.62911e-05 1.69783e-06 1.15507e-07 4.26722e-09 7.14027e-11
 2.56174e-27 2.58399e-27 2.86862e-26 5.51142e-20 1.35106e-14 4.00342e-10 1.43396e-06 0.00062085 0.032493 0.20556 0.157695 0.0461154 0.240213 0.221434 0.0415961 0.0391201 0.0117895 0.00260661 0.000636209 0.000104554 1.23873e-05 1.03824e-06 6.24999e-08 2.15536e-09 3.2851e-11
 2.55991e-27 2.57917e-27 2.45697e-26 4.64308e-20 1.13819e-14 3.37267e-10 1.20803e-06 0.000523033 0.0273736 0.173174 0.132964 0.0460261 0.25691 0.237175 0.0504402 0.055305 0.0163366 0.0029887 0.00067425 9.58545e-05 1.18944e-05 9.84246e-07 4.74432e-08 1.39906e-09 1.95753e-11
 2.5612e-27 2.58274e-27 2.77904e-26 5.32252e-20 1.30475e-14 3.86621e-10 1.38481e-06 0.000599571 0.0313794 0.198515 0.152292 0.0446181 0.232615 0.214851 0.0481898 0.0558095 0.0167508 0.00349817 0.000778886 9.13755e-05 9.84842e-06 7.66064e-07 3.71649e-08 9.12e-10 1.069e-11
 2.56239e-27 2.58575e-27 3.02546e-26 5.8423e-20 1.43217e-14 4.24378e-10 1.52005e-06 0.000658123 0.0344438 0.217902 0.16711 0.04555 0.229295 0.211385 0.0402932 0.0386745 0.0115963 0.00245192 0.000559204 7.19928e-05 7.18067e-06 4.58812e-07 1.99791e-08 4.78632e-10 4.82807e-12
 2.56239e-27 2.58567e-27 3.00866e-26 5.80683e-20 1.42347e-14 4.21801e-10 1.51082e-06 0.000654127 0.0342346 0.216578 0.166113 0.046405 0.236503 0.217859 0.0382418 0.0323438 0.0093375 0.00139328 0.000293282 3.77162e-05 3.94806e-06 2.56007e-07 9.37703e-09 1.94562e-10 1.85569e-12
 2.56321e-27 2.58796e-27 3.21789e-26 6.24824e-20 1.53168e-14 4.53864e-10 1.62567e-06 0.000703851 0.036837 0.233042 0.178665 0.0452017 0.218526 0.201412 0.0378885 0.0356738 0.0102742 0.00145716 0.000286496 2.76655e-05 2.65054e-06 1.75977e-07 6.64754e-09 1.21811e-10 9.91724e-13
 2.56277e-27 2.58666e-27 3.09198e-26 5.98256e-20 1.46655e-14 4.34566e-10 1.55654e-06 0.000673923 0.0352707 0.223133 0.171119 0.0465128 0.233805 0.215284 0.0362126 0.0283665 0.00816739 0.00119573 0.000235053 2.10644e-05 1.70568e-06 8.94258e-08 3.29234e-09 6.17809e-11 4.6082e-13
 2.56439e-27 2.59108e-27 3.48723e-26 6.81641e-20 1.67096e-14 4.95136e-10 1.77349e-06 0.000767855 0.0401867 0.254233 0.194843 0.0449938 0.205578 0.18932 0.0331391 0.0278862 0.00791618 0.000943816 0.000174209 1.60172e-05 1.27246e-06 5.83625e-08 1.69411e-09 2.86884e-11 2.15409e-13
 2.56438e-27 2.59095e-27 3.46601e-26 6.7716e-20 1.65998e-14 4.9188e-10 1.76183e-06 0.000762806 0.0399225 0.252561 0.193581 0.0458941 0.213315 0.196254 0.030639 0.0204463 0.00578551 0.000699349 0.000126406 9.61579e-06 7.07641e-07 3.25864e-08 8.61464e-10 1.17306e-11 7.58004e-14
 2.56408e-27 2.59018e-27 3.4005e-26 6.63341e-20 1.6261e-14 4.81843e-10 1.72588e-06 0.00074724 0.0391079 0.247408 0.189645 0.045855 0.215784 0.198594 0.0321767 0.0233565 0.00654582 0.000659517 0.000110748 8.55358e-06 5.9091e-07 2.29544e-08 5.84319e-10 7.45869e-12 3.9898e-14
 2.56563e-27 2.59438e-27 3.77199e-26 7.4171e-20 1.81821e-14 5.38769e-10 1.92978e-06 0.00083552 0.0437281 0.276636 0.211946 0.0447559 0.191751 0.176408 0.028098 0.0196452 0.00551378 0.000576803 9.67127e-05 6.34257e-06 4.0062e-07 1.52422e-08 3.39665e-10 3.91608e-12 1.97348e-14
 2.56547e-27 2.59387e-27 3.71941e-26 7.30616e-20 1.79102e-14 5.3071e-10 1.90091e-06 0.000823023 0.0430741 0.272499 0.208799 0.0455514 0.200015 0.183879 0.0265967 0.0143452 0.00397891 0.000372965 5.93807e-05 3.94792e-06 2.38257e-07 7.69859e-09 1.61228e-10 1.69351e-12 7.54292e-15
 2.56464e-27 2.59159e-27 3.51658e-26 6.87825e-20 1.68612e-14 4.99628e-10 1.78958e-06 0.000774821 0.0405513 0.256539 0.196624 0.046269 0.21403 0.196789 0.0284745 0.0153731 0.00421734 0.000310688 4.18902e-05 2.5145e-06 1.42346e-07 4.5476e-09 8.50491e-11 7.92221e-13 3.24839e-15
 2.56379e-27 2.58931e-27 3.31635e-26 6.45587e-20 1.58258e-14 4.68946e-10 1.67969e-06 0.00072724 0.0380611 0.240786 0.184602 0.0467435 0.226087 0.207949 0.0310666 0.0184703 0.00507873 0.000373875 4.95246e-05 2.43262e-06 1.11136e-07 3.1666e-09 5.67092e-11 4.91586e-13 1.77288e-15
 2.56448e-27 2.59123e-27 3.49046e-26 6.82318e-20 1.67262e-14 4.95627e-10 1.77525e-06 0.000768617 0.0402266 0.254485 0.195048 0.0458161 0.211691 0.194762 0.0304994 0.0204955 0.00567451 0.000461545 6.57452e-05 3.241e-06 1.40744e-07 3.15849e-09 4.69097e-11 3.71999e-13 1.26262e-15
 2.56542e-27 2.59377e-27 3.71314e-26 7.29293e-20 1.78777e-14 5.29749e-10 1.89747e-06 0.000821533 0.0429961 0.272005 0.208419 0.0453296 0.198595 0.182628 0.0274639 0.0166345 0.00461896 0.000418696 6.41519e-05 3.44143e-06 1.62696e-07 3.61955e-09 4.6819e-11 2.91836e-13 8.63704e-16
#obs catch len freq
 5.02384e-42 6.97276e-34 1.16983e-26 2.37238e-20 5.81562e-15 1.72327e-10 6.17249e-07 0.000267247 0.0139867 0.0884849 0.0682924 0.0399908 0.219203 0.186993 0.143227 0.14272 0.0640443 0.025881 0.00607513 0.000790714 4.24397e-05 6.78849e-07 2.41305e-09 1.54803e-12 1.57047e-16
 5.74683e-42 7.97622e-34 1.33818e-26 2.71379e-20 6.65255e-15 1.97127e-10 7.06077e-07 0.000305707 0.0159995 0.101219 0.0781259 0.0436949 0.223165 0.181561 0.143031 0.130904 0.056358 0.0207322 0.00438662 0.000494141 2.16037e-05 2.65416e-07 6.97438e-10 3.23504e-13 2.34273e-17
 1.0849e-41 1.50577e-33 2.52624e-26 5.12316e-20 1.25588e-14 3.72141e-10 1.33295e-06 0.00057712 0.0302042 0.191082 0.146792 0.0452214 0.181563 0.140736 0.113562 0.0952444 0.0393208 0.0130291 0.00242754 0.000231329 8.16656e-06 7.6966e-08 1.49295e-10 4.99981e-14 2.58327e-18
 1.11874e-41 1.55273e-33 2.60503e-26 5.28295e-20 1.29505e-14 3.83748e-10 1.37452e-06 0.00059512 0.0311462 0.197042 0.151686 0.0584215 0.237655 0.164078 0.076559 0.0540743 0.0212951 0.00633431 0.00102866 8.10451e-05 2.26438e-06 1.62576e-08 2.32876e-11 5.63698e-15 2.07867e-19
 7.82558e-42 1.08614e-33 1.82222e-26 3.69543e-20 9.05892e-15 2.68432e-10 9.61481e-07 0.000416288 0.0217869 0.137834 0.106743 0.0649198 0.27453 0.184995 0.116555 0.0712191 0.0166587 0.00378165 0.000526172 3.38038e-05 7.32781e-07 3.94692e-09 4.15085e-12 7.26417e-16 1.91558e-20
 1.25841e-41 1.74658e-33 2.93026e-26 5.9425e-20 1.45673e-14 4.31657e-10 1.54613e-06 0.000669419 0.0350347 0.221642 0.170463 0.0527845 0.171971 0.122006 0.125551 0.0758899 0.0202628 0.0034192 0.000291129 1.41311e-05 2.34258e-07 9.33463e-10 7.12585e-13 8.96267e-17 1.68788e-21
 1.04018e-41 1.44369e-33 2.4221e-26 4.91196e-20 1.20411e-14 3.568e-10 1.278e-06 0.00055333 0.0289591 0.183209 0.141819 0.0737504 0.260213 0.153466 0.0856225 0.0505068 0.0184403 0.00322569 0.000226277 6.65788e-06 7.36698e-08 2.11538e-10 1.16001e-13 1.03942e-17 1.38895e-22
 1.27766e-41 1.77331e-33 2.9751e-26 6.03344e-20 1.47903e-14 4.38263e-10 1.56979e-06 0.000679663 0.0355709 0.225037 0.17357 0.0644034 0.192475 0.123842 0.116141 0.0542434 0.0117796 0.00209056 0.000162501 3.91203e-06 2.70622e-08 4.85774e-11 1.81296e-14 1.13997e-18 1.07286e-23
 1.1522e-41 1.59917e-33 2.68294e-26 5.44095e-20 1.33379e-14 3.95225e-10 1.41563e-06 0.00061292 0.0320778 0.202942 0.157361 0.0797438 0.238841 0.134017 0.0942521 0.04572 0.0127517 0.00158466 9.25127e-05 2.15803e-06 1.22924e-08 1.45567e-11 3.3504e-15 1.35818e-19 8.65295e-25
 1.51649e-41 2.10479e-33 3.53122e-26 7.16124e-20 1.75549e-14 5.20185e-10 1.86322e-06 0.000806709 0.0422199 0.267103 0.206089 0.0696817 0.171431 0.103593 0.0931429 0.0369612 0.00790803 0.00101019 5.04879e-05 8.3489e-07 3.92323e-09 3.77752e-12 6.18905e-16 1.6208e-20 6.53267e-26
 1.55131e-41 2.15311e-33 3.61229e-26 7.32565e-20 1.7958e-14 5.32127e-10 1.90599e-06 0.000825229 0.0431892 0.273239 0.211464 0.0832751 0.197441 0.098578 0.0616208 0.0242767 0.00552101 0.000544551 2.26282e-05 3.12538e-07 1.05781e-09 7.53891e-13 9.5806e-17 1.88479e-21 5.34151e-27
 1.15334e-41 1.60076e-33 2.68561e-26 5.44637e-20 1.33511e-14 3.95618e-10 1.41704e-06 0.00061353 0.0321097 0.203155 0.159196 0.103771 0.253506 0.129151 0.087319 0.0264695 0.0043009 0.000393614 1.36863e-05 1.44406e-07 3.80202e-10 1.98319e-13 1.78477e-17 2.54762e-22 5.35582e-28
 1.72508e-41 2.39429e-33 4.01692e-26 8.14624e-20 1.99695e-14 5.91734e-10 2.1195e-06 0.000917668 0.0480271 0.303847 0.234857 0.074726 0.140117 0.0902043 0.0802717 0.0233319 0.00346813 0.000224122 5.88639e-06 4.97602e-08 9.78803e-11 3.76318e-14 2.4745e-18 2.5144e-23 3.71485e-29
 1.39852e-41 1.94105e-33 3.25652e-26 6.60416e-20 1.61893e-14 4.79719e-10 1.71828e-06 0.000743954 0.0389356 0.246349 0.193501 0.116674 0.234723 0.0985611 0.0508613 0.0165942 0.00288461 0.000166292 3.23308e-06 1.89447e-08 2.74312e-11 7.76489e-15 3.68014e-19 2.68292e-24 2.83642e-30
 1.18633e-41 1.64655e-33 2.76242e-26 5.60214e-20 1.3733e-14 4.06933e-10 1.45757e-06 0.000631077 0.0330281 0.208985 0.165692 0.118715 0.228704 0.131973 0.0911576 0.0188583 0.00212506 0.000127027 2.3443e-06 1.04668e-08 1.03759e-11 2.02634e-15 6.83098e-20 3.56276e-25 2.67901e-31
 9.42179e-42 1.30768e-33 2.19391e-26 4.4492e-20 1.09067e-14 3.23185e-10 1.1576e-06 0.0005012 0.0262308 0.166 0.134385 0.131468 0.243466 0.155264 0.110815 0.0283731 0.00336576 0.000127392 1.8122e-06 7.23562e-09 5.72068e-12 7.92683e-16 1.81416e-20 6.46297e-26 3.38275e-32
 1.50083e-41 2.08306e-33 3.49476e-26 7.08731e-20 1.73737e-14 5.14815e-10 1.84398e-06 0.000798381 0.0417841 0.264383 0.207665 0.0989608 0.153649 0.120467 0.0869779 0.0224116 0.00278848 0.000110826 1.21228e-06 3.30354e-09 2.02773e-12 2.24436e-16 3.86453e-21 9.74955e-27 3.49966e-33
 1.04639e-41 1.45232e-33 2.43656e-26 4.9413e-20 1.2113e-14 3.58931e-10 1.28563e-06 0.000556634 0.0291321 0.184407 0.152834 0.169579 0.260378 0.118592 0.063818 0.0183111 0.00229966 9.05675e-05 9.62189e-07 2.18763e-09 9.46817e-13 7.31526e-17 9.32458e-22 1.78323e-27 4.77294e-34
 1.5278e-41 2.12048e-33 3.55755e-26 7.21464e-20 1.76858e-14 5.24064e-10 1.87711e-06 0.000812725 0.0425349 0.269165 0.2135 0.111411 0.15354 0.126981 0.0693122 0.0115628 0.00113401 4.3558e-05 4.31437e-07 8.83917e-10 3.22669e-13 1.89591e-17 1.69955e-22 2.25044e-28 4.26802e-35
 1.08668e-41 1.50824e-33 2.53038e-26 5.13157e-20 1.25794e-14 3.72752e-10 1.33513e-06 0.000578068 0.030254 0.191578 0.162771 0.190489 0.247299 0.111601 0.0525415 0.0119201 0.000943686 2.35178e-05 1.90361e-07 3.40032e-10 1.0559e-13 5.1222e-18 3.63825e-23 3.62606e-29 4.94027e-36
 1.38407e-41 1.92099e-33 3.22286e-26 6.5359e-20 1.6022e-14 4.74761e-10 1.70052e-06 0.000736265 0.0385334 0.243922 0.198522 0.136031 0.172903 0.140402 0.0599948 0.0083327 0.000607314 1.42456e-05 8.03885e-08 1.0203e-10 2.49304e-14 9.76546e-19 5.54894e-24 4.35705e-30 4.5933e-37
 1.50804e-41 2.09306e-33 3.51154e-26 7.12134e-20 1.74571e-14 5.17287e-10 1.85284e-06 0.000802215 0.0419851 0.26583 0.219275 0.161473 0.173865 0.0909136 0.0385763 0.00688432 0.000387376 6.51381e-06 3.07421e-08 2.949e-11 4.97245e-15 1.38216e-19 5.864e-25 3.52485e-31 2.85659e-38
 1.22466e-41 1.69975e-33 2.85168e-26 5.78314e-20 1.41767e-14 4.20082e-10 1.50466e-06 0.000651468 0.0340959 0.21605 0.188141 0.200486 0.21121 0.109507 0.0351374 0.00446838 0.000247363 3.78016e-06 1.29178e-08 9.14933e-12 1.16936e-15 2.34848e-20 6.91948e-26 2.89363e-32 1.67053e-39
 1.47788e-41 2.0512e-33 3.44132e-26 6.97892e-20 1.7108e-14 5.06941e-10 1.81578e-06 0.000786171 0.0411457 0.260629 0.218793 0.161853 0.167888 0.111283 0.0339044 0.00357494 0.000140084 1.68706e-06 4.93381e-09 2.69398e-12 2.46023e-16 3.55271e-21 7.62989e-27 2.30089e-33 9.37727e-41
 1.45355e-41 2.01743e-33 3.38466e-26 6.86402e-20 1.68263e-14 4.98595e-10 1.78589e-06 0.000773227 0.0404688 0.256516 0.222767 0.194176 0.173433 0.0842777 0.0247389 0.0027546 9.13231e-05 7.91767e-07 1.65403e-09 6.94635e-13 4.9324e-17 5.28743e-22 8.10469e-28 1.72776e-34 5.01067e-42
 1.28568e-41 1.78444e-33 2.99377e-26 6.07131e-20 1.48831e-14 4.41013e-10 1.57964e-06 0.000683929 0.0357959 0.227144 0.206747 0.214894 0.192638 0.0976752 0.0224546 0.00190788 5.7532e-05 4.3517e-07 6.80242e-10 1.98987e-13 1.00028e-17 7.88012e-23 9.00882e-29 1.41725e-35 2.9713e-43
 1.15838e-41 1.60775e-33 2.69733e-26 5.47014e-20 1.34094e-14 3.97345e-10 1.42323e-06 0.000616209 0.0322524 0.204917 0.194713 0.223375 0.205239 0.112456 0.024578 0.00181103 4.06337e-05 2.39437e-07 3.06984e-10 6.9766e-14 2.52744e-18 1.38364e-23 1.10084e-29 1.22722e-36 1.85518e-44
 1.1433e-41 1.58683e-33 2.66223e-26 5.39895e-20 1.32349e-14 3.92174e-10 1.4047e-06 0.000608189 0.0318325 0.202221 0.190939 0.215511 0.209086 0.120375 0.0273262 0.00205603 4.2513e-05 2.07038e-07 2.1191e-10 3.99589e-14 1.22835e-18 5.60672e-24 3.59817e-30 3.15192e-37 3.70007e-45
 1.37917e-41 1.9142e-33 3.21147e-26 6.51279e-20 1.59653e-14 4.73082e-10 1.6945e-06 0.000733662 0.038399 0.243652 0.217864 0.19177 0.179067 0.102577 0.024031 0.00186578 3.9442e-05 1.87415e-07 1.73413e-10 2.80013e-14 7.30369e-19 2.88315e-24 1.63093e-30 1.26615e-37 1.3079e-45
#spawning biomass
 13288.3 11907.8 14893.6 21077.4 27586.2 33848.3 39180 45210.8 54107.6 75051.6 98309.5 113214 140091 164837 162445 140630 127685 116829 126998 123990 128750 134969 141153 148304 161573 162172 148610 139538 135677 108500 191721 246906 268898 269340 257928 241287 223576 207073 192796 181012 171590 164225 158560 154202 150808 148332 146525 145207 144245 143543 143031 142658 142385 142186 142041 141936 141858 141802 141761 141731 141709 141693 141681 141673 141667 141662 141659 141657 141655 141654 141653 141652 141651 141651 141651 141651 141650 141650 141650 141650 141650 141650 141650 141650 141650 141650 141650 141650 141650 141650 141650 141650 141650 141650 141650 141650 141650 141650 141650 141650 141650 141650 141650 141650 141650 141650 141650 141650 141650 141650 141650 141650 141650 141650 141650 141650 141650 141650 141650 141650 141650 141650 141650 141650 141650 141650 141650 141650 141650 0 0 0 0 0 0 0 0 0 0 0 0 0 0 0 0 0 0 0 0 0 0 0 0 0
