SBPRF35
0.256306
Curr Bio
142536
B35
193007
F35
0.388186
FOFL
0.263186
OFL
36785.5
Bzero
73230.3
#pred survey bio
 28505.2 24311 18265.7 15292.3 23101.4 35430.8 51202.2 63064.4 87887.9 115685 144200 175598 204407 213185 220882 213331 214082 208873 206582 200894 193559 236508 233890 242170 243665 234677 248381 233995 214021 7.19042e+06 3.97981e+06 2.94808e+06 2.07677e+06 1.50015e+06 1.16018e+06 971137 868745 813581 783574 766922 757431 751860 748493 746403 745074 744220 743663 743296 743052 742890 742781 742707 742658 742624 742602 742587 742576 742569 742565 742561 742559 742558 742557 742556 742556 742555 742555 742555 742555 742555 742555 742555 742555 742555 742555 742555 742555 742555 742555 742555 742555 742555 742555 742555 742555 742555 742555 742555 742555 742555 742555 742555 742555 742555 742555 742555 742555 742555 742555 742555 742555 742555 742555 742555 742555 742555 742555 742555 742555 742555 742555 742555 742555 742555 742555 742555 742555 742555 742555 742555 742555 742555 742555 742555 742555 742555 742555 742555 742555 0 0 0 0 0 0 0 0 0 0 0 0 0 0 0 0 0 0 0 0 0 0 0 0 0
#obs survey bio
 26018 18168.7 12812.2 18761.8 30787.3 33882.1 53819.2 59815.4 121704 146068 165042 157511 153479 268173 190416 187647 152607 186240 281364 188870 165224 275358 135288 293813 230379 262645 222334 216392 211536
#pred catch bio
 4612.39 4513.73 4044.37 2816.18 4617.38 6105.37 13417.9 15395.9 23227.1 35717.4 49409.7 66251.2 87774.2 84093.5 89398.9 87620.7 92139.6 83831 86293.1 90205.5 62763.5 98798.2 96877.6 104814 104813 81971.8 102396 106017 96919.8 36785.5 49571.8 35504.4 24081.1 16798.6 12693.5 10539.4 9458.17 8930.95 8678.73 8559.63 8503.87 8477.93 8465.91 8460.35 8457.79 8456.61 8456.07 8455.82 8455.71 8455.66 8455.63 8455.62 8455.62 8455.61 8455.61 8455.61 8455.61 8455.61 8455.61 8455.61 8455.61 8455.61 8455.61 8455.61 8455.61 8455.61 8455.61 8455.61 8455.61 8455.61 8455.61 8455.61 8455.61 8455.61 8455.61 8455.61 8455.61 8455.61 8455.61 8455.61 8455.61 8455.61 8455.61 8455.61 8455.61 8455.61 8455.61 8455.61 8455.61 8455.61 8455.61 8455.61 8455.61 8455.61 8455.61 8455.61 8455.61 8455.61 8455.61 8455.61 8455.61 8455.61 8455.61 8455.61 8455.61 8455.61 8455.61 8455.61 8455.61 8455.61 8455.61 8455.61 8455.61 8455.61 8455.61 8455.61 8455.61 8455.61 8455.61 8455.61 8455.61 8455.61 8455.61 8455.61 8455.61 8455.61 8455.61 8455.61 8455.61 0 0 0 0 0 0 0 0 0 0 0 0 0 0 0 0 0 0 0 0 0 0 0 0 0
#obs catch bio
 3559.76 4667.4 4344.17 2855.78 4639.89 5957.49 13270 14918.4 22028.2 33591.4 46477.9 63831.9 90763.4 79412.9 84182.3 86924.1 98570.1 86769.7 85721.9 94383.7 62222.6 93972.6 100111 105739 106863 80556.6 101895 106018 96873.7
#pred cpue bio
 27514.3 23960.2 18090.3 14538.7 20754.5 32578.3 47657.3 58604.7 80531 106901 132616 160873 187045 195307 204619 198234 197074 192516 191764 185505 177509 217847 216112 222274 223785 217106 231487 217026 197056 6.59663e+06 3.94474e+06 2.91301e+06 2.0417e+06 1.46508e+06 1.12511e+06 936063 833671 778507 748501 731848 722357 716786 713419 711329 710000 709146 708589 708222 707979 707816 707707 707633 707584 707550 707528 707513 707502 707495 707491 707487 707485 707484 707483 707482 707482 707481 707481 707481 707481 707481 707481 707481 707481 707481 707481 707481 707481 707481 707481 707481 707481 707481 707481 707481 707481 707481 707481 707481 707481 707481 707481 707481 707481 707481 707481 707481 707481 707481 707481 707481 707481 707481 707481 707481 707481 707481 707481 707481 707481 707481 707481 707481 707481 707481 707481 707481 707481 707481 707481 707481 707481 707481 707481 707481 707481 707481 707481 707481 707481 0 0 0 0 0 0 0 0 0 0 0 0 0 0 0 0 0 0 0 0 0 0 0 0 0
#obs cpue bio
 18008.9 18553.4 14702.5 16740.5 22965.5 37484.9 57083.2 70968.8 86113.2 108589 136043 173119 168929 281155 301068 179347 164968 200701 177578 148480 200441 354832 203470 211365 216767 209855 276284 234305 193996
#pred surv len freq
 2.47001e-11 1.16178e-09 3.78383e-08 8.53348e-07 1.33263e-05 0.000144105 0.00107907 0.00559561 0.0201005 0.0500782 0.0869407 0.107115 0.0999197 0.0838099 0.0775802 0.0768375 0.0719271 0.0639872 0.0564323 0.0492847 0.0425949 0.0367911 0.0309986 0.0236987 0.0150705
 1.21797e-11 5.72873e-10 1.86581e-08 4.20788e-07 6.57124e-06 7.10601e-05 0.000532137 0.00276017 0.00992534 0.0248297 0.043802 0.0572394 0.0638581 0.075006 0.0935634 0.105116 0.101152 0.0897263 0.0786837 0.0682623 0.0577187 0.047468 0.0373542 0.0267385 0.0161864
 9.47832e-12 4.45815e-10 1.45199e-08 3.2746e-07 5.11378e-06 5.5299e-05 0.000414096 0.00214763 0.00771896 0.0192732 0.0337498 0.0429607 0.0446184 0.0475351 0.0586692 0.0749494 0.0916645 0.105033 0.10886 0.100886 0.0858968 0.0689204 0.0517327 0.0349167 0.0199926
 3.37675e-11 1.58826e-09 5.17286e-08 1.16661e-06 1.82183e-05 0.000197004 0.00147514 0.00764866 0.0274639 0.0683105 0.117821 0.141527 0.120419 0.0773536 0.0455448 0.0335633 0.0337559 0.0402034 0.0492864 0.0560524 0.0561046 0.0488139 0.037 0.0242039 0.0132361
 4.45003e-11 2.09308e-09 6.81704e-08 1.53741e-06 2.40089e-05 0.000259622 0.00194401 0.01008 0.0361958 0.0900478 0.155441 0.187309 0.161243 0.107298 0.0665782 0.0454735 0.0314463 0.0203478 0.0146659 0.0141147 0.0154121 0.0154309 0.012968 0.00887185 0.00484685
 3.65363e-11 1.71849e-09 5.59702e-08 1.26227e-06 1.97121e-05 0.000213159 0.00159614 0.0082767 0.0297283 0.0740337 0.128316 0.157077 0.143198 0.112798 0.0941432 0.0821104 0.0629274 0.040046 0.0227561 0.0131324 0.00887794 0.00733375 0.00624485 0.0045577 0.00261233
 3.37267e-11 1.58634e-09 5.16661e-08 1.1652e-06 1.81963e-05 0.000196767 0.00147339 0.00764024 0.0274424 0.0683433 0.118468 0.145096 0.132562 0.105303 0.0901061 0.0831763 0.071521 0.0551898 0.038912 0.0245686 0.013769 0.00745109 0.00441796 0.00277917 0.00156474
 3.46552e-11 1.63002e-09 5.30886e-08 1.19728e-06 1.86973e-05 0.000202185 0.00151395 0.00785046 0.028196 0.0702057 0.121598 0.148463 0.134143 0.103436 0.0848219 0.0763295 0.0656103 0.0522151 0.0398461 0.0285862 0.0182999 0.0102012 0.00505616 0.00235458 0.00105115
 3.8319e-11 1.80234e-09 5.87011e-08 1.32386e-06 2.06739e-05 0.000223559 0.001674 0.00868016 0.0311734 0.0775927 0.134213 0.16302 0.144565 0.105675 0.0794437 0.0668061 0.0551825 0.0425625 0.0319662 0.0233926 0.0159375 0.00967944 0.00507277 0.00225879 0.000859169
 3.56578e-11 1.67717e-09 5.46244e-08 1.23192e-06 1.92381e-05 0.000208034 0.00155775 0.00807761 0.0290124 0.0722434 0.125161 0.152973 0.138706 0.107838 0.0889083 0.0785912 0.0639228 0.0463322 0.0321589 0.0221893 0.0147904 0.0091267 0.00498947 0.00231285 0.000879775
 3.70708e-11 1.74363e-09 5.6789e-08 1.28073e-06 2.00005e-05 0.000216277 0.00161947 0.00839754 0.0301596 0.0750821 0.129957 0.158258 0.141661 0.106384 0.0835948 0.0725469 0.0603912 0.0459441 0.0330833 0.0225953 0.0143321 0.00839403 0.00447346 0.00208272 0.000806488
 3.78404e-11 1.77983e-09 5.7968e-08 1.30732e-06 2.04157e-05 0.000220767 0.0016531 0.00857186 0.0307856 0.0766386 0.132639 0.161464 0.14433 0.107903 0.0839465 0.071699 0.0582206 0.0429033 0.0302839 0.020816 0.0134213 0.00785355 0.00408422 0.00184384 0.000700222
 3.79405e-11 1.78454e-09 5.81214e-08 1.31078e-06 2.04697e-05 0.000221351 0.00165747 0.00859456 0.0308672 0.0768436 0.133005 0.161966 0.144955 0.108731 0.0849872 0.0726618 0.0586534 0.0425583 0.0292793 0.0195478 0.0123263 0.00714149 0.00370195 0.00165898 0.000620502
 3.75406e-11 1.76573e-09 5.75086e-08 1.29696e-06 2.02539e-05 0.000219018 0.00164 0.00850399 0.0305424 0.0760395 0.131644 0.160451 0.14406 0.109031 0.0864005 0.0745111 0.0601982 0.04347 0.0296006 0.0194369 0.011976 0.0067592 0.00342546 0.00151124 0.000559081
 3.47473e-11 1.63435e-09 5.32296e-08 1.20046e-06 1.87469e-05 0.000202722 0.00151798 0.00787144 0.0282727 0.0704095 0.122039 0.149416 0.136319 0.107769 0.0911178 0.0821929 0.0679302 0.0499083 0.0344789 0.0227628 0.013939 0.00774229 0.00383746 0.0016535 0.000599096
 3.42931e-11 1.61298e-09 5.25338e-08 1.18477e-06 1.85019e-05 0.000200072 0.00149814 0.00776851 0.0279026 0.0694839 0.120408 0.147297 0.134002 0.105213 0.0883976 0.0802615 0.0680854 0.0523756 0.0381219 0.0261874 0.0164108 0.00919992 0.0045458 0.00193337 0.000687585
 3.69547e-11 1.73817e-09 5.66112e-08 1.27672e-06 1.99379e-05 0.0002156 0.0016144 0.00837124 0.0300651 0.0748462 0.129544 0.157734 0.141123 0.105828 0.0829499 0.0718388 0.0598251 0.0458849 0.0338384 0.0239971 0.0157099 0.00918601 0.00467474 0.00201546 0.000716974
 3.62939e-11 1.70709e-09 5.55989e-08 1.25389e-06 1.95813e-05 0.000211745 0.00158554 0.00822166 0.0295292 0.0735244 0.127341 0.155451 0.140358 0.107889 0.0875267 0.0766935 0.0624242 0.0455226 0.0317619 0.0218272 0.014292 0.00855788 0.00451152 0.00201417 0.000735585
 3.44229e-11 1.61909e-09 5.27326e-08 1.18925e-06 1.85719e-05 0.000200829 0.00150381 0.00779794 0.0280086 0.0697513 0.120894 0.147996 0.134968 0.106611 0.0901342 0.0815917 0.0680656 0.050825 0.0358278 0.0241795 0.0152566 0.00885692 0.00463134 0.00209599 0.000784708
 3.60915e-11 1.69757e-09 5.52888e-08 1.2469e-06 1.94721e-05 0.000210564 0.00157669 0.00817575 0.0293638 0.0731072 0.126582 0.154355 0.138833 0.105677 0.0848126 0.0747221 0.062689 0.0481195 0.0351799 0.0244636 0.0156445 0.00902254 0.00462503 0.00205477 0.000764382
 3.76263e-11 1.76976e-09 5.76399e-08 1.29992e-06 2.03002e-05 0.000219518 0.00164374 0.00852336 0.0306115 0.0762066 0.1319 0.160609 0.143705 0.107732 0.0841812 0.0721208 0.0586355 0.0432554 0.0306247 0.0211994 0.0138191 0.00816555 0.004245 0.00188545 0.000695051
 3.64041e-11 1.71228e-09 5.57677e-08 1.2577e-06 1.96408e-05 0.000212388 0.00159036 0.00824662 0.0296187 0.0737461 0.127717 0.15587 0.14061 0.10784 0.0872718 0.0765519 0.0626645 0.0460105 0.0320237 0.0215697 0.0136951 0.00799344 0.0041738 0.00187625 0.000698147
 3.56248e-11 1.67562e-09 5.45738e-08 1.23078e-06 1.92203e-05 0.000207841 0.00155631 0.00807012 0.0289853 0.0721739 0.125028 0.152749 0.138315 0.107192 0.0881677 0.0783677 0.0648422 0.0482045 0.0339157 0.0228728 0.0143554 0.00821011 0.0042029 0.0018683 0.000694265
 3.74461e-11 1.76128e-09 5.73639e-08 1.2937e-06 2.0203e-05 0.000218467 0.00163587 0.00848254 0.0304649 0.075841 0.131264 0.159819 0.142956 0.107111 0.0837589 0.0721653 0.059445 0.0446627 0.0319544 0.0218926 0.0138858 0.00795746 0.00404207 0.00177199 0.000649459
 3.70583e-11 1.74305e-09 5.67699e-08 1.2803e-06 1.99938e-05 0.000216205 0.00161893 0.00839479 0.0301505 0.0750664 0.129978 0.158509 0.142601 0.108525 0.086723 0.0752035 0.0609067 0.0441811 0.0304938 0.020546 0.0130742 0.0075783 0.00388461 0.0017063 0.000622261
 3.51717e-11 1.65431e-09 5.38798e-08 1.21512e-06 1.89759e-05 0.000205198 0.00153652 0.00796754 0.0286175 0.0712639 0.123491 0.151059 0.137384 0.107712 0.0900189 0.0806365 0.0665168 0.0488933 0.0338549 0.0224861 0.0139553 0.00792505 0.00403168 0.00177453 0.000649789
 3.34702e-11 1.57428e-09 5.12732e-08 1.15634e-06 1.80579e-05 0.000195271 0.00146219 0.00758216 0.027234 0.0678256 0.117581 0.144054 0.131747 0.104894 0.0898493 0.0825337 0.0702545 0.0540588 0.0393428 0.0270549 0.0170176 0.00962054 0.0048232 0.00209162 0.000759069
 3.5106e-11 1.65122e-09 5.37792e-08 1.21285e-06 1.89405e-05 0.000204815 0.00153365 0.00795257 0.0285627 0.0711176 0.12317 0.15035 0.135735 0.104399 0.0851705 0.0760378 0.0644893 0.0502722 0.0376051 0.0268923 0.0176726 0.0103668 0.0053056 0.00230966 0.000832854
 3.68242e-11 1.73203e-09 5.64112e-08 1.27221e-06 1.98674e-05 0.000214838 0.0016087 0.0083417 0.0299595 0.0745872 0.129123 0.157351 0.141191 0.106711 0.0845122 0.0732524 0.0601558 0.0449857 0.0324394 0.0229414 0.0153263 0.0092971 0.00494189 0.00222067 0.000816896
#obs surv len freq
 2.39028e-11 1.12427e-09 3.66168e-08 8.25803e-07 1.28961e-05 0.000139454 0.00104424 0.00541501 0.0194521 0.0484661 0.0841644 0.103801 0.0971668 0.082185 0.0768226 0.0764881 0.0720414 0.0654196 0.0602604 0.0554142 0.0490171 0.0406751 0.030759 0.0202579 0.0109964
 8.44066e-16 3.97733e-14 1.30478e-12 3.02669e-11 5.2482e-10 7.91543e-09 1.25899e-07 2.02506e-06 2.68431e-05 0.000260091 0.00177138 0.00839772 0.0277064 0.0639928 0.105208 0.128204 0.125855 0.112271 0.0993677 0.0881776 0.076927 0.0640825 0.0486608 0.031915 0.0171748
 1.2531e-11 5.89399e-10 1.91963e-08 4.32926e-07 6.76075e-06 7.31076e-05 0.000547415 0.00283829 0.0101902 0.0253337 0.0436149 0.052037 0.0433568 0.0272032 0.0208876 0.0354652 0.0691027 0.105118 0.12369 0.120493 0.105188 0.0858643 0.0643953 0.0420414 0.0225515
 5.10044e-11 2.399e-09 7.81339e-08 1.76212e-06 2.75179e-05 0.000297566 0.00222812 0.0115526 0.0414784 0.103131 0.177627 0.212166 0.176534 0.104105 0.0463027 0.0185816 0.00933418 0.00816469 0.0113305 0.0157944 0.0181004 0.0168883 0.0131651 0.00860259 0.00458625
 3.28418e-11 1.54472e-09 5.03105e-08 1.13463e-06 1.77189e-05 0.000191606 0.00143476 0.00744028 0.0267297 0.0666205 0.11584 0.143552 0.136428 0.118746 0.111287 0.10106 0.0735758 0.0400239 0.0174632 0.00874273 0.00756659 0.00800077 0.00724969 0.0051722 0.00285718
 3.97758e-11 1.87086e-09 6.09327e-08 1.37419e-06 2.14599e-05 0.000232058 0.00173763 0.00901003 0.0323568 0.0805239 0.139187 0.168612 0.148099 0.105379 0.076245 0.0640518 0.0557065 0.045266 0.0325964 0.0195813 0.00983977 0.00495949 0.00314891 0.002177 0.00126781
 2.64226e-11 1.24279e-09 4.0477e-08 9.12858e-07 1.42556e-05 0.000154156 0.00115434 0.00598636 0.0215099 0.0536461 0.0935203 0.117027 0.114853 0.107486 0.109967 0.108439 0.0900466 0.0644313 0.0442058 0.0301567 0.0189812 0.0102884 0.00488122 0.00222913 0.00102052
 4.28952e-11 2.01758e-09 6.57114e-08 1.48196e-06 2.31429e-05 0.000250257 0.00187389 0.00971634 0.03489 0.0867965 0.149812 0.180457 0.155176 0.103221 0.0653585 0.0494198 0.0430192 0.0377582 0.0309439 0.0224845 0.0143208 0.00808847 0.00402111 0.0017262 0.000641167
 3.53492e-11 1.66266e-09 5.41516e-08 1.22126e-06 1.90717e-05 0.000206234 0.00154428 0.00800786 0.0287637 0.07164 0.124227 0.152353 0.13979 0.111957 0.0955289 0.0843998 0.0652506 0.042935 0.0272072 0.0185332 0.012815 0.00801298 0.00425377 0.00187448 0.000679049
 3.81701e-11 1.79534e-09 5.8473e-08 1.31871e-06 2.05936e-05 0.000222691 0.0016675 0.00864649 0.0310531 0.0772983 0.13374 0.162616 0.144766 0.107056 0.082186 0.0704643 0.0588115 0.0448313 0.0316045 0.0204346 0.0120889 0.00673605 0.00352146 0.00162075 0.000613645
 3.82778e-11 1.8004e-09 5.8638e-08 1.32244e-06 2.06517e-05 0.000223319 0.0016722 0.00867095 0.0311416 0.0775254 0.134178 0.16336 0.146088 0.109316 0.0850278 0.0722128 0.0577689 0.0415039 0.0284603 0.0190606 0.01191 0.00665522 0.00327622 0.00140932 0.00051729
 3.9056e-11 1.83701e-09 5.98301e-08 1.34932e-06 2.10716e-05 0.000227859 0.0017062 0.00884717 0.0317739 0.0790931 0.136849 0.166411 0.148174 0.109534 0.0836109 0.0702416 0.0562054 0.0404271 0.0273782 0.0178221 0.0108685 0.00605623 0.00300658 0.00128575 0.00045884
 3.68561e-11 1.73353e-09 5.64601e-08 1.27332e-06 1.98847e-05 0.000215025 0.0016101 0.00834902 0.0299868 0.0746643 0.12932 0.157889 0.142626 0.109753 0.0890963 0.0778321 0.0626794 0.0445876 0.0297175 0.0190821 0.0114736 0.00627934 0.00306401 0.0012956 0.000458647
 3.75018e-11 1.76391e-09 5.74493e-08 1.29563e-06 2.02331e-05 0.000218792 0.00163831 0.0084952 0.0305108 0.0759587 0.131491 0.160208 0.143664 0.108388 0.0856079 0.0740366 0.0605576 0.044612 0.0308605 0.0201887 0.0121103 0.00653777 0.00313576 0.00130344 0.000454435
 3.30059e-11 1.55244e-09 5.05619e-08 1.1403e-06 1.78074e-05 0.000192563 0.00144191 0.0074771 0.0268581 0.0669032 0.116076 0.142653 0.131869 0.107808 0.0952383 0.0879321 0.0728183 0.0530983 0.0364486 0.0240866 0.014791 0.00815575 0.00394243 0.0016296 0.000560869
 3.52496e-11 1.65797e-09 5.3999e-08 1.21781e-06 1.90179e-05 0.000205652 0.00153992 0.00798507 0.0286794 0.0714063 0.123659 0.150898 0.136078 0.104381 0.0849622 0.0761272 0.0652532 0.0513952 0.0381995 0.0264357 0.0165173 0.00920233 0.00450954 0.00188963 0.000655173
 3.71448e-11 1.74711e-09 5.69024e-08 1.28329e-06 2.00404e-05 0.000216709 0.00162271 0.00841432 0.0302202 0.0752343 0.130231 0.158643 0.142162 0.107041 0.0842555 0.0726697 0.0594942 0.0444109 0.0320224 0.0226017 0.0149053 0.00877619 0.00446822 0.00191503 0.000673651
 3.27009e-11 1.53809e-09 5.00948e-08 1.12976e-06 1.76429e-05 0.000190783 0.00142859 0.00740803 0.0266101 0.0662857 0.115007 0.141354 0.130717 0.106973 0.0946569 0.0875794 0.0727747 0.0533954 0.0370576 0.0250289 0.0160445 0.00947145 0.00497048 0.00221874 0.000809092
 3.41918e-11 1.60822e-09 5.23785e-08 1.18127e-06 1.84472e-05 0.000199481 0.00149371 0.00774551 0.0278197 0.069273 0.120015 0.146684 0.13303 0.103634 0.0863092 0.0785127 0.0677079 0.0535123 0.0399471 0.0278607 0.0176801 0.0101467 0.00521659 0.00232846 0.000864693
 3.73211e-11 1.7554e-09 5.71723e-08 1.28938e-06 2.01355e-05 0.000217737 0.00163041 0.0084542 0.030363 0.0755854 0.130809 0.159207 0.142221 0.106162 0.082529 0.0708574 0.0584828 0.0444625 0.0327366 0.0234647 0.015648 0.00933858 0.00486008 0.00215526 0.000793855
 3.58503e-11 1.68622e-09 5.49192e-08 1.23857e-06 1.9342e-05 0.000209157 0.00156616 0.0081212 0.029169 0.072632 0.125827 0.153753 0.139306 0.108085 0.0888723 0.0784767 0.0638758 0.0463068 0.0319722 0.0217335 0.0141564 0.00851563 0.00455217 0.00207346 0.000775566
 3.64625e-11 1.71502e-09 5.5857e-08 1.25972e-06 1.96723e-05 0.000212728 0.0015929 0.00825981 0.0296659 0.0738607 0.127897 0.156005 0.140466 0.107199 0.0862388 0.0756953 0.0626029 0.0467529 0.0329534 0.0221215 0.0138125 0.00793138 0.00412612 0.00187441 0.000710021
 3.48397e-11 1.63869e-09 5.33711e-08 1.20365e-06 1.87968e-05 0.000203261 0.00152202 0.00789234 0.0283476 0.0705932 0.12234 0.1497 0.13631 0.107208 0.0900089 0.0809031 0.0669506 0.049545 0.034773 0.0235218 0.0148197 0.00845703 0.00429176 0.00189159 0.000701632
 3.78859e-11 1.78197e-09 5.80376e-08 1.3089e-06 2.04403e-05 0.000221033 0.00165508 0.00858213 0.0308222 0.0767261 0.132767 0.161512 0.144031 0.106998 0.0825779 0.0706275 0.0582663 0.0440429 0.0316542 0.0216699 0.0136895 0.00781676 0.00395938 0.00172904 0.000630532
 3.55301e-11 1.67117e-09 5.44288e-08 1.22751e-06 1.91693e-05 0.000207289 0.00155218 0.00804873 0.0289092 0.0719898 0.124747 0.152586 0.138736 0.108652 0.0904892 0.0804087 0.0653131 0.0469725 0.0320555 0.0214433 0.0136008 0.00786095 0.00401378 0.00175538 0.000637462
 3.32594e-11 1.56436e-09 5.09502e-08 1.14906e-06 1.79442e-05 0.000194041 0.00145298 0.00753443 0.0270631 0.0674044 0.116881 0.143344 0.131565 0.105703 0.0915858 0.0844795 0.0715278 0.0542541 0.0386474 0.0259741 0.0160593 0.00903285 0.00455669 0.00199368 0.000726663
 3.2888e-11 1.54689e-09 5.03813e-08 1.13623e-06 1.77438e-05 0.000191874 0.00143676 0.00745028 0.0267605 0.0666477 0.115548 0.141612 0.129669 0.103584 0.0892199 0.0824943 0.070933 0.05554 0.0414135 0.029241 0.0188242 0.010796 0.0054301 0.00234433 0.000844936
 3.71674e-11 1.74818e-09 5.69369e-08 1.28407e-06 2.00526e-05 0.000216841 0.00162369 0.00841937 0.0302377 0.0752712 0.13025 0.158454 0.14132 0.105044 0.0812542 0.0699389 0.0585529 0.0455571 0.0342381 0.0247733 0.0165822 0.00994056 0.00518786 0.00228791 0.000829363
 3.61298e-11 1.69937e-09 5.53475e-08 1.24823e-06 1.94928e-05 0.000210788 0.00157837 0.00818451 0.0293961 0.0731951 0.126786 0.154847 0.140043 0.108119 0.0882202 0.0774217 0.0627395 0.0453574 0.0314263 0.0216455 0.0143528 0.00876269 0.00472564 0.00216013 0.000806899
#pred catch len freq
 2.17637e-11 1.02366e-09 3.33399e-08 7.51899e-07 1.1742e-05 0.000126974 0.000950794 0.00493059 0.0177138 0.0441542 0.0768067 0.0953394 0.0912056 0.0811632 0.0804147 0.0824723 0.078009 0.0695534 0.0613627 0.0535926 0.0463181 0.0400071 0.0337083 0.0257702 0.0163879
 1.03057e-11 4.84732e-10 1.57874e-08 3.56046e-07 5.5602e-06 6.01273e-05 0.000450276 0.00233578 0.0084023 0.0210496 0.0373377 0.0497381 0.0583415 0.0734178 0.0955306 0.108884 0.105167 0.09336 0.08188 0.0710362 0.0600643 0.049397 0.0388722 0.0278251 0.0168442
 7.98928e-12 3.75778e-10 1.22388e-08 2.76016e-07 4.31041e-06 4.66118e-05 0.000349049 0.00181039 0.00650843 0.0162663 0.0285909 0.0368945 0.0398906 0.045505 0.0590814 0.0768581 0.0943889 0.108228 0.11218 0.103963 0.0885169 0.0710227 0.0533107 0.0359817 0.0206024
 3.08006e-11 1.44871e-09 4.71836e-08 1.06411e-06 1.66176e-05 0.000179695 0.00134553 0.00697671 0.0250518 0.0623178 0.107533 0.129393 0.11084 0.0729099 0.0455922 0.0361265 0.0375551 0.0450293 0.0552449 0.0628327 0.0628913 0.0547187 0.0414757 0.0271317 0.0148372
 4.2266e-11 1.98799e-09 6.47475e-08 1.46022e-06 2.28034e-05 0.000246586 0.00184641 0.00957396 0.0343802 0.0855441 0.147757 0.178477 0.155028 0.106198 0.0700488 0.0508352 0.0361598 0.0235939 0.017037 0.0164008 0.0179086 0.0179305 0.0150687 0.010309 0.00563198
 3.36436e-11 1.58243e-09 5.15389e-08 1.16233e-06 1.81515e-05 0.000196283 0.00146978 0.00762166 0.0273782 0.0682083 0.118404 0.145808 0.135697 0.112627 0.100656 0.0913819 0.0709814 0.0453291 0.0257778 0.0148782 0.0100583 0.00830877 0.00707511 0.00516364 0.00295963
 3.09747e-11 1.4569e-09 4.74504e-08 1.07012e-06 1.67115e-05 0.000180712 0.00135318 0.00701705 0.0252064 0.0627977 0.109013 0.134259 0.125051 0.104319 0.0951416 0.0911074 0.0792695 0.0613374 0.0432676 0.0273205 0.0153113 0.00828574 0.00491284 0.00309048 0.00174001
 3.18782e-11 1.4994e-09 4.88344e-08 1.10134e-06 1.7199e-05 0.000185983 0.00139264 0.00722157 0.0259395 0.0646084 0.112049 0.137494 0.126452 0.102185 0.0894822 0.083843 0.0730423 0.0583131 0.0445239 0.0319443 0.0204497 0.0113996 0.00565015 0.0026312 0.00117464
 3.57521e-11 1.68161e-09 5.4769e-08 1.23518e-06 1.92891e-05 0.000208584 0.00156187 0.00809889 0.0290877 0.0724196 0.12539 0.152893 0.137491 0.104594 0.0838502 0.0738007 0.0619718 0.0479922 0.0360702 0.0263983 0.0179854 0.0109233 0.00572462 0.00254904 0.000969574
 3.30942e-11 1.55659e-09 5.06973e-08 1.14335e-06 1.78551e-05 0.000193078 0.00144577 0.0074971 0.0269295 0.0670784 0.11636 0.14291 0.131808 0.10713 0.0938636 0.0860902 0.070896 0.0515443 0.0357977 0.024702 0.0164654 0.0101603 0.00555452 0.00257478 0.000979409
 3.46611e-11 1.63029e-09 5.30975e-08 1.19748e-06 1.87004e-05 0.000202219 0.00151421 0.00785184 0.0282017 0.0702262 0.121677 0.148769 0.135081 0.105509 0.0879596 0.079379 0.0669815 0.0511257 0.0368365 0.0251606 0.0159594 0.0093471 0.00498138 0.00231919 0.000898058
 3.55688e-11 1.67298e-09 5.4488e-08 1.22884e-06 1.91901e-05 0.000207514 0.00155386 0.00805744 0.0289398 0.0720614 0.124838 0.152538 0.138191 0.107216 0.0882551 0.078288 0.0644261 0.0476341 0.0336442 0.0231277 0.0149119 0.0087258 0.00453783 0.00204862 0.000777993
 3.5834e-11 1.68546e-09 5.48944e-08 1.238e-06 1.93332e-05 0.000209062 0.00156545 0.00811753 0.0291557 0.0725995 0.125774 0.1537 0.139298 0.108177 0.0891099 0.0789015 0.0644809 0.046931 0.0323067 0.0215707 0.013602 0.00788061 0.00408509 0.00183068 0.000684722
 3.53078e-11 1.66071e-09 5.40883e-08 1.21983e-06 1.90494e-05 0.000205992 0.00154247 0.00799839 0.0287284 0.0715413 0.12398 0.151696 0.138083 0.108487 0.0908381 0.081196 0.0664219 0.0481135 0.0327821 0.0215278 0.0132644 0.00748638 0.00379398 0.00167383 0.000619228
 3.24439e-11 1.526e-09 4.9701e-08 1.12088e-06 1.75042e-05 0.000189284 0.00141736 0.00734983 0.0264012 0.0657686 0.114131 0.140376 0.130127 0.107151 0.0956142 0.0890229 0.0743457 0.0547604 0.037849 0.0249894 0.0153026 0.00849967 0.00421286 0.00181526 0.000657703
 3.19952e-11 1.5049e-09 4.90136e-08 1.10538e-06 1.72621e-05 0.000186666 0.00139776 0.00724814 0.0260355 0.0648532 0.112513 0.138246 0.127721 0.104363 0.0925379 0.0867612 0.0743792 0.0573606 0.0417691 0.0286945 0.017982 0.0100807 0.00498103 0.00211848 0.000753416
 3.4807e-11 1.63715e-09 5.33211e-08 1.20252e-06 1.87791e-05 0.00020307 0.00152059 0.00788487 0.02832 0.070518 0.122163 0.14927 0.135237 0.104996 0.0867541 0.0778237 0.06561 0.050472 0.0372413 0.0264122 0.017291 0.0101106 0.00514524 0.00221831 0.000789135
 3.403e-11 1.60061e-09 5.21308e-08 1.17568e-06 1.83599e-05 0.000198537 0.00148665 0.007709 0.0276898 0.0689631 0.119569 0.146563 0.13426 0.107251 0.0918872 0.0833122 0.0686063 0.0501752 0.0350274 0.0240731 0.0157627 0.00943852 0.00497577 0.00222143 0.000811279
 3.21513e-11 1.51224e-09 4.92527e-08 1.11077e-06 1.73463e-05 0.000187576 0.00140458 0.00728353 0.0261629 0.0651741 0.113093 0.139066 0.128816 0.105899 0.0944147 0.0881786 0.0743194 0.0556322 0.0392345 0.0264803 0.0167084 0.00969976 0.00507207 0.00229545 0.000859382
 3.3972e-11 1.59788e-09 5.20419e-08 1.17367e-06 1.83286e-05 0.000198198 0.00148411 0.00769578 0.0276416 0.0688359 0.119299 0.146004 0.133031 0.104874 0.0885987 0.080674 0.0684493 0.0526836 0.0385356 0.0267988 0.0171379 0.00988385 0.00506655 0.00225092 0.000837352
 3.51898e-11 1.65516e-09 5.39074e-08 1.21575e-06 1.89856e-05 0.000205303 0.00153731 0.00797161 0.0286318 0.0712973 0.123533 0.151033 0.137115 0.106983 0.0887822 0.0791644 0.0652712 0.0483184 0.0342317 0.0236984 0.0154482 0.00912818 0.00474544 0.00210772 0.000776991
 3.41961e-11 1.60842e-09 5.23852e-08 1.18142e-06 1.84495e-05 0.000199506 0.0014939 0.00774661 0.0278247 0.0692973 0.120135 0.147199 0.134659 0.10721 0.0915204 0.0830255 0.0687486 0.0506205 0.0352511 0.0237452 0.0150765 0.00879974 0.00459481 0.00206551 0.00076857
 3.33778e-11 1.56993e-09 5.11316e-08 1.15315e-06 1.8008e-05 0.000194732 0.00145816 0.00756128 0.0271596 0.0676465 0.117312 0.143919 0.13224 0.106509 0.0924313 0.0849091 0.0710367 0.0529519 0.0372747 0.0251398 0.0157783 0.00902391 0.0046195 0.00205349 0.000763081
 3.53274e-11 1.66163e-09 5.41183e-08 1.2205e-06 1.90599e-05 0.000206106 0.00154332 0.00800276 0.0287434 0.0715718 0.123986 0.151485 0.137198 0.106402 0.0876822 0.0782416 0.0652474 0.0491702 0.0351989 0.0241173 0.0152969 0.00876614 0.00445284 0.00195206 0.00071546
 3.49158e-11 1.64227e-09 5.34878e-08 1.20628e-06 1.88378e-05 0.000203705 0.00152534 0.0079096 0.0284097 0.0707498 0.122623 0.150102 0.136849 0.107963 0.0909171 0.0815425 0.0668148 0.0486076 0.0335676 0.0226188 0.0143933 0.00834291 0.00427654 0.00187845 0.000685043
 3.27105e-11 1.53855e-09 5.01095e-08 1.13009e-06 1.7648e-05 0.000190839 0.00142901 0.0074102 0.0266177 0.0663051 0.115041 0.141397 0.130761 0.107033 0.0947946 0.0879026 0.0733471 0.0540648 0.0374556 0.0248794 0.0154408 0.00876862 0.00446083 0.00196341 0.000718955
 3.11581e-11 1.46553e-09 4.77313e-08 1.07646e-06 1.68105e-05 0.000181782 0.00136119 0.00705857 0.0253553 0.0631662 0.109636 0.134947 0.125426 0.104037 0.0940125 0.0890685 0.0765794 0.0590652 0.0430047 0.0295747 0.0186027 0.0105166 0.00527244 0.00228644 0.00082977
 3.29677e-11 1.55064e-09 5.05034e-08 1.13898e-06 1.77868e-05 0.000192339 0.00144024 0.00746832 0.0268251 0.0668079 0.11582 0.141913 0.129845 0.103505 0.0888609 0.0819088 0.0702199 0.0548798 0.0410705 0.0293721 0.0193023 0.0113228 0.00579488 0.00252266 0.000909659
 3.47442e-11 1.6342e-09 5.32249e-08 1.20035e-06 1.87453e-05 0.000202704 0.00151785 0.00787069 0.0282695 0.070396 0.121978 0.149167 0.135532 0.105997 0.0883253 0.0791502 0.065756 0.0493139 0.0355793 0.0251637 0.0168111 0.0101978 0.00542064 0.0024358 0.000896034
#obs catch len freq
 2.01857e-11 9.49439e-10 3.09226e-08 6.97383e-07 1.08907e-05 0.000117768 0.000881857 0.0045731 0.0164296 0.0409532 0.0712408 0.0884443 0.0846792 0.0756494 0.0759026 0.0801165 0.0797878 0.0759503 0.0706487 0.0633896 0.0547353 0.0454027 0.0349163 0.0233784 0.0127908
 2.16268e-11 1.01722e-09 3.31302e-08 7.47169e-07 1.16681e-05 0.000126175 0.000944812 0.00489955 0.0176022 0.0438736 0.0763041 0.0946475 0.0903261 0.0799372 0.0787109 0.0805261 0.0765452 0.0697491 0.0643578 0.0592278 0.052406 0.043492 0.0328905 0.0216621 0.0117587
 7.21863e-16 3.40253e-14 1.11754e-12 2.60413e-11 4.58655e-10 7.19243e-09 1.20262e-07 1.99122e-06 2.66559e-05 0.000258976 0.00176503 0.0083692 0.0276146 0.0637878 0.104897 0.127899 0.125699 0.112309 0.0995369 0.0883936 0.0771389 0.0642661 0.0488021 0.0320081 0.017225
 1.10398e-11 5.19259e-10 1.69119e-08 3.81407e-07 5.9562e-06 6.44076e-05 0.000482271 0.00250052 0.00897754 0.0223189 0.0384252 0.0458524 0.038265 0.0243713 0.0200942 0.0362101 0.0712638 0.108517 0.127708 0.124419 0.108627 0.0886772 0.0665073 0.0434208 0.0232916
 4.99663e-11 2.35017e-09 7.65436e-08 1.72625e-06 2.69579e-05 0.00029151 0.00218277 0.0113175 0.0406344 0.101035 0.174031 0.207938 0.173237 0.102662 0.0464318 0.0194285 0.0103034 0.0092769 0.0129517 0.0180679 0.0207081 0.0193218 0.0150623 0.00984234 0.00524721
 3.06197e-11 1.4402e-09 4.69064e-08 1.05786e-06 1.652e-05 0.000178642 0.0013377 0.00693711 0.0249246 0.0621477 0.10824 0.134967 0.130894 0.119114 0.117001 0.108741 0.0797559 0.0434834 0.0190003 0.00953589 0.00826923 0.00874773 0.00792701 0.00565547 0.00312415
 3.79134e-11 1.78327e-09 5.80798e-08 1.30985e-06 2.04551e-05 0.000221193 0.00165628 0.00858828 0.0308434 0.0767697 0.13278 0.16124 0.142892 0.104445 0.079288 0.0691786 0.0610613 0.049839 0.0359465 0.0216087 0.0108622 0.00547612 0.00347749 0.00240429 0.00140019
 2.44397e-11 1.14953e-09 3.74393e-08 8.44352e-07 1.31858e-05 0.000142587 0.00106772 0.00553733 0.0198988 0.0496512 0.0867143 0.109251 0.109544 0.106996 0.113881 0.114307 0.0954648 0.0684691 0.0470531 0.0321327 0.0202344 0.0109695 0.00520474 0.00237695 0.00108821
 4.12432e-11 1.93988e-09 6.31806e-08 1.42488e-06 2.22516e-05 0.000240619 0.00180172 0.0093422 0.0335474 0.0834647 0.144118 0.173866 0.150386 0.102005 0.0674525 0.0533287 0.0473633 0.0418106 0.0343224 0.0249548 0.0158984 0.00898068 0.00446496 0.0019168 0.000711973
 3.35096e-11 1.57613e-09 5.13335e-08 1.1577e-06 1.80792e-05 0.000195501 0.00146392 0.00759128 0.0272691 0.0679349 0.11792 0.145173 0.134973 0.111739 0.0994971 0.0901076 0.0702657 0.046374 0.0294396 0.0200785 0.013891 0.00868732 0.00461199 0.00203237 0.000736252
 3.65294e-11 1.71817e-09 5.59595e-08 1.26203e-06 1.97084e-05 0.000213119 0.00159582 0.00827493 0.0297199 0.0739919 0.128102 0.156151 0.140273 0.106436 0.085138 0.0751417 0.0634002 0.0484959 0.0342363 0.0221518 0.013109 0.00730558 0.00381944 0.00175794 0.000665592
 3.66039e-11 1.72167e-09 5.60736e-08 1.2646e-06 1.97486e-05 0.000213553 0.00159908 0.00829188 0.0297815 0.0741528 0.128431 0.156791 0.141592 0.108873 0.0882969 0.0771579 0.0623847 0.0449779 0.0308928 0.020708 0.0129444 0.00723433 0.0035615 0.00153207 0.000562352
 3.74809e-11 1.76292e-09 5.74172e-08 1.2949e-06 2.02218e-05 0.00021867 0.00163739 0.00849049 0.0304942 0.0759198 0.131442 0.160231 0.143945 0.109122 0.0867014 0.0749276 0.0605996 0.0437391 0.0296664 0.0193272 0.0117908 0.0065711 0.00326236 0.00139516 0.000497889
 3.52812e-11 1.65946e-09 5.40474e-08 1.21891e-06 1.9035e-05 0.000205837 0.0015413 0.00799237 0.0287072 0.0714914 0.123915 0.151717 0.138421 0.109395 0.0922669 0.0825897 0.0670968 0.0478682 0.0319478 0.02053 0.0123486 0.00675912 0.00329828 0.00139469 0.000493728
 3.59796e-11 1.69231e-09 5.51173e-08 1.24304e-06 1.94118e-05 0.000209911 0.00157181 0.00815049 0.029274 0.0728915 0.126264 0.154227 0.13955 0.107932 0.0885125 0.0785004 0.0648051 0.0478837 0.0331669 0.0217121 0.0130281 0.00703408 0.00337397 0.00140248 0.000488966
 3.13081e-11 1.47258e-09 4.7961e-08 1.08164e-06 1.68914e-05 0.000182657 0.00136775 0.00709263 0.0254786 0.0634824 0.110246 0.135987 0.127298 0.107337 0.0985269 0.0929388 0.0775297 0.0566771 0.0389565 0.0257633 0.0158262 0.00872769 0.00421912 0.00174401 0.000600247
 3.36576e-11 1.58309e-09 5.15602e-08 1.16281e-06 1.8159e-05 0.000196364 0.00147037 0.00762454 0.0273857 0.0681974 0.118185 0.144609 0.131668 0.103662 0.0876422 0.0804691 0.0695806 0.0549575 0.0408959 0.028318 0.0176978 0.00986098 0.00483249 0.00202498 0.000702107
 3.54428e-11 1.66706e-09 5.4295e-08 1.22449e-06 1.91222e-05 0.00020678 0.00154836 0.00802889 0.0288373 0.0718045 0.124383 0.151941 0.137517 0.106424 0.0873285 0.0774548 0.0640698 0.0479899 0.0346568 0.0244806 0.01615 0.00951021 0.00484216 0.00207534 0.000730048
 3.09936e-11 1.45779e-09 4.74792e-08 1.07078e-06 1.67217e-05 0.000180823 0.00135401 0.00702139 0.0252228 0.0628454 0.109144 0.134644 0.126097 0.106446 0.0978818 0.0925266 0.0774504 0.0569702 0.039591 0.0267601 0.0171601 0.0101314 0.00531704 0.00237348 0.000865522
 3.25263e-11 1.52988e-09 4.98272e-08 1.12373e-06 1.75486e-05 0.000189764 0.00142096 0.00736835 0.0264663 0.0659161 0.114287 0.140101 0.128406 0.102859 0.0890749 0.083013 0.0722028 0.0572243 0.0427705 0.0298478 0.018946 0.0108744 0.00559095 0.0024956 0.000926767
 3.56735e-11 1.67791e-09 5.46484e-08 1.23246e-06 1.92466e-05 0.000208125 0.00155844 0.00808109 0.0290242 0.0722649 0.125146 0.15271 0.13769 0.105491 0.0853936 0.0753863 0.0628696 0.0479596 0.0353636 0.025366 0.0169211 0.0100995 0.00525628 0.002331 0.000858591
 3.42079e-11 1.60897e-09 5.24032e-08 1.18183e-06 1.84559e-05 0.000199575 0.00149442 0.00774928 0.0278345 0.0693228 0.120188 0.147302 0.134872 0.1076 0.0920041 0.0832527 0.0683576 0.0497007 0.0343638 0.0233775 0.0152324 0.0091641 0.00489903 0.00223148 0.000834677
 3.48395e-11 1.63868e-09 5.33708e-08 1.20365e-06 1.87967e-05 0.00020326 0.00152201 0.00789227 0.0283472 0.0705902 0.122321 0.149619 0.136048 0.106642 0.089226 0.0803428 0.0670641 0.0502364 0.0354569 0.0238189 0.014877 0.00854373 0.0044449 0.00201926 0.000764893
 3.3232e-11 1.56307e-09 5.09083e-08 1.14811e-06 1.79294e-05 0.000193882 0.00145179 0.00752827 0.0270413 0.0673537 0.116818 0.143379 0.13195 0.10669 0.0930165 0.0855402 0.0713599 0.05295 0.0372103 0.0251878 0.0158743 0.00905985 0.00459786 0.00202653 0.000751689
 3.6339e-11 1.70921e-09 5.56679e-08 1.25545e-06 1.96057e-05 0.000212008 0.00158751 0.00823182 0.0295653 0.0736088 0.127451 0.155418 0.139799 0.106418 0.0853528 0.0749876 0.0624877 0.0473859 0.034103 0.0233617 0.0147625 0.00843043 0.0042704 0.00186489 0.000680075
 3.37978e-11 1.58968e-09 5.1775e-08 1.16766e-06 1.82346e-05 0.000197182 0.0014765 0.00765643 0.0275016 0.0684995 0.1188 0.145788 0.134082 0.108189 0.0938669 0.0855207 0.0700835 0.0505549 0.0345523 0.0231333 0.0146785 0.00848504 0.00433267 0.00189488 0.000688127
 3.15598e-11 1.48442e-09 4.83466e-08 1.09034e-06 1.70272e-05 0.000184126 0.00137874 0.00714955 0.0256821 0.0639794 0.111042 0.13665 0.126922 0.105081 0.0946598 0.089305 0.0762039 0.0579533 0.0413351 0.0277993 0.0171932 0.0096718 0.00487925 0.00213485 0.000778121
 3.11879e-11 1.46693e-09 4.7777e-08 1.07749e-06 1.68266e-05 0.000181956 0.00136249 0.00706529 0.0253791 0.0632212 0.109703 0.134898 0.124964 0.102824 0.0920854 0.0871113 0.0754982 0.0592722 0.0442516 0.0312647 0.0201324 0.0115475 0.00580834 0.00250767 0.00090381
 3.55601e-11 1.67258e-09 5.44747e-08 1.22854e-06 1.91855e-05 0.000207464 0.00155348 0.00805539 0.0289317 0.0720316 0.124723 0.152104 0.136864 0.104308 0.0839304 0.0742541 0.0628067 0.0490278 0.0368971 0.0267147 0.0178865 0.0107235 0.00559669 0.00246825 0.000894737
#spawning biomass
 24266.9 22683 17481.1 12178.7 13362.7 23336.7 36162.3 44224.3 57027.2 78525.5 95433.1 113645 131321 137837 151918 149382 142498 139787 143758 135992 126005 157716 158721 158437 159814 160254 176676 162332 142536 133964 175454 125919 83570.5 56566.8 41345.1 33357.3 29348.2 27393.2 26458 26016.3 25809.6 25713.4 25668.8 25648.2 25638.7 25634.3 25632.3 25631.4 25631 25630.8 25630.7 25630.7 25630.6 25630.6 25630.6 25630.6 25630.6 25630.6 25630.6 25630.6 25630.6 25630.6 25630.6 25630.6 25630.6 25630.6 25630.6 25630.6 25630.6 25630.6 25630.6 25630.6 25630.6 25630.6 25630.6 25630.6 25630.6 25630.6 25630.6 25630.6 25630.6 25630.6 25630.6 25630.6 25630.6 25630.6 25630.6 25630.6 25630.6 25630.6 25630.6 25630.6 25630.6 25630.6 25630.6 25630.6 25630.6 25630.6 25630.6 25630.6 25630.6 25630.6 25630.6 25630.6 25630.6 25630.6 25630.6 25630.6 25630.6 25630.6 25630.6 25630.6 25630.6 25630.6 25630.6 25630.6 25630.6 25630.6 25630.6 25630.6 25630.6 25630.6 25630.6 25630.6 25630.6 25630.6 25630.6 25630.6 25630.6 0 0 0 0 0 0 0 0 0 0 0 0 0 0 0 0 0 0 0 0 0 0 0 0 0
