SBPRF35
0.819782
Curr Bio
242022
B35
1.57351e+06
F35
0.231409
FOFL
0
OFL
0
Bzero
234224
#pred survey bio
 26580.1 27955.3 23840.8 25493.8 39939.4 61162.9 85552.4 107467 140657 181833 210207 259293 272633 269277 259761 249560 257867 276959 263147 266548 293336 289285 258496 249567 261510 282704 302626 290431 5.96952e+06 9.48184e+06 1.05158e+07 1.00427e+07 8.84016e+06 7.44156e+06 6.13997e+06 5.05466e+06 4.20591e+06 3.56829e+06 3.10136e+06 2.76475e+06 2.52419e+06 2.35283e+06 2.22992e+06 2.13878e+06 2.07442e+06 2.02836e+06 1.99496e+06 1.9704e+06 1.95209e+06 1.93828e+06 1.92772e+06 1.91958e+06 1.91322e+06 1.90823e+06 1.90427e+06 1.90112e+06 1.8986e+06 1.89656e+06 1.89493e+06 1.8936e+06 1.89252e+06 1.89165e+06 1.89094e+06 1.89036e+06 1.88988e+06 1.8895e+06 1.88918e+06 1.88893e+06 1.88871e+06 1.88854e+06 1.8884e+06 1.88829e+06 1.88819e+06 1.88811e+06 1.88805e+06 1.888e+06 1.88796e+06 1.88792e+06 1.88789e+06 1.88787e+06 1.88785e+06 1.88784e+06 1.88782e+06 1.88781e+06 1.8878e+06 1.8878e+06 1.88779e+06 1.88779e+06 1.88778e+06 1.88778e+06 1.88778e+06 1.88778e+06 1.88777e+06 1.88777e+06 1.88777e+06 1.88777e+06 1.88777e+06 1.88777e+06 1.88777e+06 1.88777e+06 1.88777e+06 1.88777e+06 1.88777e+06 1.88777e+06 1.88777e+06 1.88777e+06 1.88777e+06 1.88777e+06 1.88777e+06 1.88777e+06 1.88777e+06 1.88777e+06 1.88777e+06 1.88777e+06 1.88777e+06 1.88777e+06 1.88777e+06 1.88777e+06 1.88777e+06 1.88777e+06 1.88777e+06 1.88777e+06 1.88777e+06 1.88777e+06 1.88777e+06 1.88777e+06 1.88777e+06 1.88777e+06 0 0 0 0 0 0 0 0 0 0 0 0 0 0 0 0 0 0 0 0 0 0 0 0 0
#obs survey bio
 23430.5 19364.2 20983.2 28603.7 40266.1 58175 85383.2 75900.7 162761 157036 152584 141839 142219 131672 213296 115900 149502 213679 162784 214990 277476 198662 274547 266075 139465 224956 288628 224872
#pred catch bio
 11587.2 16374.2 12855.3 11968.5 24498.1 40612.2 60368 75969.2 97397.6 132431 148671 193880 206386 206056 204655 195936 197564 221486 211188 208675 236093 242254 215602 204416 218320 238524 252498 260561 0 83079.3 92148.3 86955.9 75328 62159.7 50112.7 40232.1 32648.8 27079.7 23113.5 20351 18457.9 17176.6 16314.2 15727.2 15345.9 15098.2 14937.3 14832.8 14764.9 14720.8 14692.1 14673.5 14661.4 14653.6 14648.5 14645.1 14643 14641.6 14640.7 14640.1 14639.7 14639.5 14639.3 14639.2 14639.1 14639.1 14639.1 14639 14639 14639 14639 14639 14639 14639 14639 14639 14639 14639 14639 14639 14639 14639 14639 14639 14639 14639 14639 14639 14639 14639 14639 14639 14639 14639 14639 14639 14639 14639 14639 14639 14639 14639 14639 14639 14639 14639 14639 14639 14639 14639 14639 14639 14639 14639 14639 14639 14639 14639 14639 14639 14639 14639 14639 14639 14639 14639 14639 14639 0 0 0 0 0 0 0 0 0 0 0 0 0 0 0 0 0 0 0 0 0 0 0 0 0
#obs catch bio
 15765.1 17741 15019.2 10204 20115.9 36792.1 51075.4 79817.6 90236.5 119773 135408 206773 208779 214219 201058 217544 209584 226449 210380 200050 219217 223247 176307 172224 214532 222332 227239 234422
#pred cpue bio
 20282.7 22956.5 17395.9 18258.3 22826.9 32022.8 44385.3 55155.6 69344.2 94818.9 108816 134730 144821 146487 139911 124230 122543 136802 127702 120875 134053 134099 113568 104529 109207 107231 112403 124427 1.99595e+06 9.28489e+06 1.03971e+07 9.92208e+06 8.71944e+06 7.32084e+06 6.01925e+06 4.93394e+06 4.08519e+06 3.44757e+06 2.98064e+06 2.64403e+06 2.40347e+06 2.23211e+06 2.1092e+06 2.01806e+06 1.9537e+06 1.90764e+06 1.87424e+06 1.84968e+06 1.83137e+06 1.81756e+06 1.80701e+06 1.79886e+06 1.7925e+06 1.78751e+06 1.78355e+06 1.7804e+06 1.77788e+06 1.77585e+06 1.77421e+06 1.77288e+06 1.77181e+06 1.77093e+06 1.77022e+06 1.76964e+06 1.76917e+06 1.76878e+06 1.76846e+06 1.76821e+06 1.768e+06 1.76782e+06 1.76768e+06 1.76757e+06 1.76747e+06 1.7674e+06 1.76733e+06 1.76728e+06 1.76724e+06 1.7672e+06 1.76718e+06 1.76715e+06 1.76713e+06 1.76712e+06 1.76711e+06 1.76709e+06 1.76709e+06 1.76708e+06 1.76707e+06 1.76707e+06 1.76706e+06 1.76706e+06 1.76706e+06 1.76706e+06 1.76706e+06 1.76705e+06 1.76705e+06 1.76705e+06 1.76705e+06 1.76705e+06 1.76705e+06 1.76705e+06 1.76705e+06 1.76705e+06 1.76705e+06 1.76705e+06 1.76705e+06 1.76705e+06 1.76705e+06 1.76705e+06 1.76705e+06 1.76705e+06 1.76705e+06 1.76705e+06 1.76705e+06 1.76705e+06 1.76705e+06 1.76705e+06 1.76705e+06 1.76705e+06 1.76705e+06 1.76705e+06 1.76705e+06 1.76705e+06 1.76705e+06 1.76705e+06 1.76705e+06 1.76705e+06 1.76705e+06 1.76705e+06 0 0 0 0 0 0 0 0 0 0 0 0 0 0 0 0 0 0 0 0 0 0 0 0 0
#obs cpue bio
 24774.6 18327.7 25356.7 21539.4 35044.6 54071.4 79257.5 56473 96655.8 154470 195636 198657 257460 253556 226648 154648 163142 191984 205038 177955 207216 273514 254787 183845 196240 194324 179761 248706
#pred surv len freq
 1.2014e-11 1.30401e-09 8.34563e-08 3.14939e-06 7.0078e-05 0.000919472 0.00711464 0.0324873 0.0878415 0.143047 0.151634 0.134209 0.129396 0.115017 0.0785468 0.0457206 0.0266669 0.0158538 0.0097423 0.00642456 0.0046459 0.00372901 0.00314695 0.00239507 0.00138965
 9.53866e-12 1.03533e-09 6.6261e-08 2.50049e-06 5.56394e-05 0.000730041 0.00564942 0.0258095 0.0699603 0.115337 0.128836 0.130569 0.144003 0.136682 0.0990315 0.0621766 0.0371094 0.0202329 0.0103552 0.00539494 0.00304525 0.00196585 0.00143573 0.00102706 0.000590386
 1.27243e-11 1.3811e-09 8.83904e-08 3.33558e-06 7.42211e-05 0.000973827 0.00753503 0.0344026 0.0929602 0.150899 0.157712 0.134048 0.123788 0.10949 0.0774519 0.0481884 0.0293221 0.0167251 0.00867399 0.00410003 0.00183862 0.000871927 0.00048456 0.000296698 0.000160561
 1.26042e-11 1.36806e-09 8.75557e-08 3.30408e-06 7.35202e-05 0.000964637 0.00746414 0.0340839 0.0921669 0.150158 0.15948 0.141822 0.136844 0.119576 0.0770901 0.0397203 0.0200857 0.010543 0.00543819 0.00261759 0.0011301 0.000444673 0.00017712 7.98479e-05 3.67494e-05
 1.65499e-11 1.79634e-09 1.14965e-07 4.33843e-06 9.65354e-05 0.00126659 0.00979949 0.0447231 0.120597 0.193743 0.193052 0.140097 0.102656 0.0799803 0.0531482 0.0305247 0.0164563 0.00794828 0.00346851 0.00147912 0.000612953 0.000231755 7.84786e-05 2.56212e-05 8.67865e-06
 1.67337e-11 1.81628e-09 1.16242e-07 4.3866e-06 9.76074e-05 0.00128066 0.00990855 0.0452258 0.12202 0.196572 0.198411 0.15049 0.117164 0.0893236 0.0488184 0.0165967 0.00347014 0.000501211 8.04458e-05 2.27764e-05 7.875e-06 2.63136e-06 8.11922e-07 2.24235e-07 5.66404e-08
 1.68237e-11 1.82605e-09 1.16867e-07 4.4102e-06 9.81324e-05 0.00128754 0.00996183 0.0454686 0.12267 0.197575 0.199217 0.150559 0.116548 0.0885223 0.0482102 0.0162179 0.00324811 0.000384513 2.69061e-05 1.11944e-06 2.86385e-08 6.24091e-10 5.23824e-11 1.13408e-11 2.36659e-12
 1.69443e-11 1.83914e-09 1.17705e-07 4.44181e-06 9.88358e-05 0.00129677 0.0100332 0.0457937 0.123538 0.198903 0.200225 0.150455 0.115419 0.0872334 0.0474446 0.015955 0.00319461 0.000377886 2.63682e-05 1.08523e-06 2.63598e-08 3.78687e-10 3.24353e-12 1.70484e-14 6.35666e-17
 1.73729e-11 1.88566e-09 1.20682e-07 4.55416e-06 0.000101336 0.00132957 0.0102869 0.0469492 0.126625 0.203623 0.203806 0.150084 0.111403 0.0826498 0.044725 0.0150244 0.00300763 0.000355751 2.48227e-05 1.02151e-06 2.48022e-08 3.55802e-10 3.03185e-12 1.56312e-14 5.16796e-17
 1.67658e-11 1.81977e-09 1.16465e-07 4.39503e-06 9.7795e-05 0.00128312 0.0099276 0.0453126 0.122253 0.196938 0.198734 0.15061 0.117091 0.0891417 0.0485768 0.0163425 0.00327244 0.000387096 2.70104e-05 1.11157e-06 2.6991e-08 3.87317e-10 3.3039e-12 1.7096e-14 5.71539e-17
 1.68486e-11 1.82875e-09 1.1704e-07 4.41672e-06 9.82775e-05 0.00128945 0.00997656 0.0455357 0.122849 0.197849 0.199425 0.150538 0.116316 0.088257 0.0480519 0.0161628 0.00323634 0.000382817 2.67103e-05 1.09901e-06 2.66681e-08 3.81753e-10 3.22827e-12 1.62052e-14 4.90998e-17
 1.68063e-11 1.82416e-09 1.16746e-07 4.40564e-06 9.8031e-05 0.00128621 0.00995154 0.0454217 0.122545 0.197383 0.199072 0.150575 0.116712 0.088709 0.0483201 0.0162546 0.00325479 0.000385008 2.68648e-05 1.10561e-06 2.6849e-08 3.85418e-10 3.2919e-12 1.71081e-14 5.79442e-17
 1.65515e-11 1.79651e-09 1.14976e-07 4.33885e-06 9.6545e-05 0.00126672 0.00980076 0.0447348 0.12071 0.194577 0.196943 0.150796 0.119099 0.0914337 0.0499368 0.0168078 0.00336591 0.000398153 2.77801e-05 1.14298e-06 2.77302e-08 3.96717e-10 3.34748e-12 1.66727e-14 4.91439e-17
 1.62642e-11 1.76532e-09 1.1298e-07 4.26352e-06 9.48688e-05 0.00124473 0.00963068 0.0439601 0.118641 0.191412 0.194542 0.151045 0.121792 0.094507 0.0517603 0.0174317 0.00349127 0.000412991 2.88156e-05 1.18558e-06 2.87636e-08 4.1149e-10 3.47182e-12 1.72863e-14 5.0892e-17
 1.63858e-11 1.77853e-09 1.13825e-07 4.29542e-06 9.55785e-05 0.00125404 0.00970269 0.0442881 0.119517 0.192752 0.195559 0.15094 0.120652 0.0932058 0.0509882 0.0171676 0.0034382 0.000406708 2.83771e-05 1.16754e-06 2.83259e-08 4.05225e-10 3.41885e-12 1.70207e-14 5.00907e-17
 1.72726e-11 1.87477e-09 1.19985e-07 4.52787e-06 0.000100751 0.00132189 0.0102275 0.0466788 0.125902 0.202519 0.202968 0.150171 0.112343 0.0837224 0.0453614 0.0152422 0.00305136 0.000360921 2.5182e-05 1.03607e-06 2.51358e-08 3.59562e-10 3.03283e-12 1.5085e-14 4.42473e-17
 1.77381e-11 1.9253e-09 1.23219e-07 4.6499e-06 0.000103466 0.00135752 0.010503 0.047934 0.129255 0.207646 0.206857 0.149767 0.10798 0.0787436 0.0424073 0.0142313 0.00284827 0.000336882 2.35046e-05 9.67051e-07 2.34613e-08 3.35608e-10 2.83073e-12 1.4079e-14 4.12883e-17
 1.73532e-11 1.88353e-09 1.20545e-07 4.54901e-06 0.000101221 0.00132807 0.0102752 0.0468963 0.126483 0.203407 0.203642 0.150101 0.111587 0.0828597 0.0448495 0.015067 0.00301617 0.000356755 2.48913e-05 1.02411e-06 2.48456e-08 3.5541e-10 2.99777e-12 1.491e-14 4.37274e-17
 1.75326e-11 1.90299e-09 1.21791e-07 4.59602e-06 0.000102267 0.00134179 0.0103814 0.0473798 0.127775 0.205382 0.20514 0.149945 0.109906 0.0809418 0.0437116 0.0146776 0.00293794 0.000347496 2.42452e-05 9.97524e-07 2.42006e-08 3.46183e-10 2.91992e-12 1.45225e-14 4.25875e-17
 1.81706e-11 1.97224e-09 1.26223e-07 4.76327e-06 0.000105989 0.00139061 0.010759 0.0490999 0.132369 0.212409 0.210471 0.149392 0.103927 0.0741185 0.0396631 0.0132923 0.00265961 0.000314552 2.19463e-05 9.02938e-07 2.19059e-08 3.13357e-10 2.64305e-12 1.31454e-14 3.85491e-17
 1.81017e-11 1.96477e-09 1.25745e-07 4.74521e-06 0.000105587 0.00138534 0.0107182 0.0489142 0.131873 0.21165 0.209895 0.149452 0.104573 0.0748551 0.0401001 0.0134418 0.00268966 0.000318108 2.21945e-05 9.13149e-07 2.21536e-08 3.16901e-10 2.67294e-12 1.32941e-14 3.89852e-17
 1.79721e-11 1.9507e-09 1.24844e-07 4.71124e-06 0.000104831 0.00137542 0.0106415 0.0485648 0.13094 0.210223 0.208813 0.149564 0.105787 0.0762411 0.0409225 0.0137232 0.0027462 0.0003248 2.26614e-05 9.32362e-07 2.26197e-08 3.23569e-10 2.72918e-12 1.35738e-14 3.98052e-17
 1.84441e-11 2.00193e-09 1.28123e-07 4.83496e-06 0.000107584 0.00141154 0.0109208 0.0498373 0.134339 0.215421 0.212756 0.149155 0.101365 0.0711936 0.0379276 0.0126984 0.0025403 0.000300429 2.09608e-05 8.62392e-07 2.09222e-08 2.99286e-10 2.52437e-12 1.25551e-14 3.6818e-17
 1.883e-11 2.04381e-09 1.30804e-07 4.93613e-06 0.000109835 0.00144107 0.0111493 0.0508778 0.137118 0.219672 0.215981 0.14882 0.0977481 0.0670662 0.0354787 0.0118605 0.00237195 0.000280502 1.95703e-05 8.05178e-07 1.95341e-08 2.7943e-10 2.35689e-12 1.17222e-14 3.43753e-17
 1.8853e-11 2.04631e-09 1.30963e-07 4.94215e-06 0.000109969 0.00144283 0.0111628 0.0509397 0.137283 0.219925 0.216172 0.1488 0.0975329 0.0668206 0.035333 0.0118106 0.00236193 0.000279316 1.94875e-05 8.01773e-07 1.94515e-08 2.78249e-10 2.34692e-12 1.16726e-14 3.423e-17
 1.95409e-11 2.12098e-09 1.35742e-07 5.1225e-06 0.000113982 0.00149548 0.01157 0.0527945 0.142238 0.227502 0.221921 0.148204 0.0910859 0.0594629 0.0309673 0.0103167 0.0020618 0.000243791 1.70086e-05 6.99778e-07 1.69771e-08 2.42852e-10 2.04837e-12 1.01877e-14 2.98755e-17
 1.96776e-11 2.13582e-09 1.36692e-07 5.15833e-06 0.000114779 0.00150594 0.0116509 0.0531631 0.143222 0.229008 0.223063 0.148085 0.0898048 0.0580008 0.0300998 0.0100199 0.00200216 0.000236732 1.6516e-05 6.79511e-07 1.64853e-08 2.35818e-10 1.98904e-12 9.89262e-15 2.90102e-17
 1.86512e-11 2.0244e-09 1.29562e-07 4.88925e-06 0.000108792 0.00142739 0.0110434 0.0503956 0.13583 0.217702 0.214486 0.148975 0.0994239 0.0689788 0.0366135 0.0122488 0.00244996 0.000289736 2.02146e-05 8.3169e-07 2.01773e-08 2.88631e-10 2.4345e-12 1.21081e-14 3.55072e-17
#obs surv len freq
 3.9023e-11 3.61652e-09 1.97627e-07 6.36783e-06 0.000120983 0.00135539 0.00895551 0.0349322 0.0808624 0.114144 0.111231 0.104976 0.116882 0.123658 0.114314 0.090612 0.0565852 0.027024 0.0102584 0.00315783 0.000764646 0.000138921 1.81549e-05 1.6479e-06 1.00918e-07
 2.1533e-11 1.92474e-09 1.01444e-07 3.15262e-06 5.77718e-05 0.000624338 0.00398196 0.0150457 0.0343611 0.0521247 0.0703519 0.108367 0.152924 0.169029 0.15525 0.119586 0.0711397 0.0318486 0.0112254 0.00321115 0.000727384 0.000124183 1.52373e-05 1.29147e-06 7.3291e-08
 1.46976e-10 1.26493e-08 6.41905e-07 1.92071e-05 0.000338877 0.00352542 0.0216262 0.078237 0.167043 0.211343 0.162037 0.0851965 0.0502414 0.0530681 0.0621141 0.0542426 0.0321462 0.013318 0.00418714 0.00106235 0.000216101 3.35945e-05 3.79031e-06 2.97014e-07 1.56094e-08
 1.28099e-10 1.05977e-08 5.16965e-07 1.48696e-05 0.000252193 0.00252226 0.0148808 0.0518886 0.108016 0.141107 0.140555 0.148876 0.157401 0.122395 0.0653991 0.0278631 0.0117323 0.00486436 0.00168982 0.000443865 8.53667e-05 1.19509e-05 1.20295e-06 8.47163e-08 4.03895e-09
 1.93653e-10 1.53769e-08 7.19948e-07 1.98756e-05 0.000323542 0.00310563 0.0175819 0.0587708 0.116673 0.141754 0.120693 0.103188 0.108451 0.113407 0.102278 0.070114 0.0322066 0.00937621 0.00177345 0.000247256 3.08311e-05 3.54686e-06 3.22394e-07 2.05806e-08 8.8064e-10
 3.25207e-10 2.47491e-08 1.11057e-06 2.93846e-05 0.000458443 0.00421756 0.022885 0.0733327 0.139683 0.163516 0.135969 0.113792 0.109221 0.0954773 0.0707928 0.0432114 0.0196078 0.00620015 0.00136643 0.000213166 2.35513e-05 1.8559e-06 1.08759e-07 4.952e-09 1.71465e-10
 3.93887e-10 2.86904e-08 1.23222e-06 3.12053e-05 0.000465975 0.00410324 0.0213156 0.0654655 0.120211 0.139463 0.126152 0.125405 0.13033 0.113312 0.0811871 0.0466603 0.0193154 0.0053914 0.00103005 0.000143312 1.51666e-05 1.19725e-06 6.69014e-08 2.54766e-09 6.54222e-11
 6.05072e-10 4.21292e-08 1.7296e-06 4.18695e-05 0.000597645 0.00503054 0.0249793 0.0733189 0.12855 0.14179 0.120557 0.113485 0.118196 0.109957 0.0856411 0.0508339 0.0205518 0.00540141 0.000940071 0.000114635 1.03406e-05 6.99909e-07 3.47476e-08 1.22249e-09 2.94433e-11
 9.07925e-10 6.03555e-08 2.36577e-06 5.46783e-05 0.000745168 0.00598868 0.0283959 0.0796396 0.133852 0.143618 0.123875 0.120255 0.121655 0.105073 0.0751729 0.0413989 0.0156881 0.00387706 0.000632228 7.14276e-05 5.85533e-06 3.51684e-07 1.51654e-08 4.58542e-10 9.54125e-12
 1.18463e-09 7.51025e-08 2.80746e-06 6.18816e-05 0.000804288 0.00616484 0.0278872 0.0747265 0.120881 0.128925 0.119892 0.128229 0.133359 0.115324 0.081461 0.0430901 0.0152464 0.00341308 0.000483725 4.52324e-05 2.98016e-06 1.45894e-07 5.32654e-09 1.401e-10 2.55393e-12
 1.81249e-09 1.0947e-07 3.89855e-06 8.18653e-05 0.00101368 0.00740224 0.0319021 0.0814617 0.125699 0.128419 0.115759 0.121967 0.128008 0.11457 0.0827051 0.0430019 0.0145248 0.00304867 0.000397697 3.32508e-05 1.87784e-06 7.54766e-08 2.2058e-09 4.62966e-11 6.82547e-13
 2.664e-09 1.53136e-07 5.19048e-06 0.000103736 0.00122252 0.00849717 0.0348664 0.0848872 0.125763 0.126886 0.119187 0.129048 0.131328 0.111214 0.0755483 0.0369942 0.0117935 0.00234222 0.000289988 2.3069e-05 1.23641e-06 4.64842e-08 1.23574e-09 2.27829e-11 2.85191e-13
 3.54016e-09 1.93505e-07 6.23664e-06 0.000118522 0.00132821 0.00877939 0.0342767 0.0796061 0.11389 0.116221 0.118642 0.136268 0.140353 0.11918 0.0798075 0.0376649 0.0114304 0.00215427 0.00025365 1.92863e-05 9.92772e-07 3.58583e-08 9.10479e-10 1.58787e-11 1.85763e-13
 5.14395e-09 2.67132e-07 8.17984e-06 0.000147692 0.00157249 0.009876 0.0366479 0.0810241 0.111163 0.111646 0.116195 0.135523 0.141861 0.122796 0.0816782 0.0371188 0.0106479 0.00187584 0.000204166 1.41477e-05 6.54713e-07 2.11898e-08 4.8759e-10 7.83975e-12 8.56561e-14
 8.56261e-09 4.22146e-07 1.22718e-05 0.000210351 0.00212621 0.0126775 0.0446657 0.0937923 0.1224 0.117471 0.117493 0.131989 0.133735 0.111935 0.0711683 0.0305807 0.00824077 0.00135661 0.00013694 8.69204e-06 3.62178e-07 1.03871e-08 2.10303e-10 2.98009e-12 2.88391e-14
 1.2674e-08 5.92786e-07 1.63482e-05 0.000265851 0.00254943 0.0144237 0.0482529 0.0965411 0.121902 0.118712 0.124817 0.139418 0.133881 0.104681 0.062147 0.0250005 0.00631784 0.000975816 9.23629e-05 5.48545e-06 2.12838e-07 5.63802e-09 1.0434e-10 1.33682e-12 1.15774e-14
 1.69691e-08 7.52502e-07 1.96765e-05 0.00030338 0.00275855 0.0148015 0.0470147 0.0898012 0.110865 0.112699 0.128079 0.146969 0.141758 0.110223 0.0635822 0.0243774 0.00582048 0.000847585 7.5729e-05 4.25859e-06 1.56958e-07 3.94999e-09 6.90826e-11 8.28926e-13 6.65858e-15
 2.78948e-08 1.17225e-06 2.90472e-05 0.000424414 0.00365704 0.018595 0.0559699 0.101279 0.118304 0.113564 0.123126 0.138752 0.134783 0.10498 0.059092 0.0217205 0.00495943 0.000697481 6.15032e-05 3.52215e-06 1.36094e-07 3.61389e-09 6.52087e-11 7.79819e-13 6.06572e-15
 4.00151e-08 1.59288e-06 3.73882e-05 0.000517478 0.0042241 0.0203541 0.0581539 0.100674 0.116134 0.117948 0.134925 0.147412 0.132815 0.0953394 0.0499116 0.0172493 0.00374595 0.000509217 4.44346e-05 2.58791e-06 1.03664e-07 2.86002e-09 5.31806e-11 6.50866e-13 5.16524e-15
 5.79233e-08 2.18342e-06 4.85303e-05 0.000636062 0.0049169 0.0224419 0.0608015 0.10032 0.112491 0.115492 0.134524 0.148205 0.135243 0.0966644 0.0487738 0.0158436 0.00317541 0.000390486 3.00356e-05 1.5034e-06 5.14596e-08 1.24649e-09 2.13258e-11 2.50586e-13 1.96077e-15
 8.74538e-08 3.12094e-06 6.56727e-05 0.000814893 0.00596413 0.0257805 0.0662365 0.104261 0.11399 0.118172 0.13767 0.147893 0.130585 0.0895145 0.0429423 0.0132433 0.00253689 0.000302669 2.3091e-05 1.16982e-06 4.05134e-08 9.61677e-10 1.53626e-11 1.62042e-13 1.11827e-15
 1.42744e-07 4.82195e-06 9.60465e-05 0.00112813 0.00781588 0.0319844 0.0778323 0.116257 0.121367 0.12122 0.136043 0.140811 0.11974 0.0782321 0.0353158 0.0101492 0.00179457 0.000195072 1.3326e-05 5.95324e-07 1.81887e-08 3.89822e-10 5.81561e-12 5.87875e-14 3.92189e-16
 1.92324e-07 6.14937e-06 0.000115938 0.001289 0.00845472 0.0327841 0.0759022 0.109816 0.117721 0.128577 0.148826 0.147708 0.11748 0.0715275 0.0301643 0.00812583 0.00135213 0.00013905 9.04324e-06 3.86011e-07 1.12027e-08 2.2397e-10 3.04682e-12 2.76249e-14 1.64515e-16
 2.45795e-07 7.43877e-06 0.000132749 0.00139705 0.0086757 0.0318817 0.0702742 0.0987037 0.108693 0.127677 0.153732 0.156169 0.126487 0.0761972 0.0308188 0.00781737 0.00121233 0.000115185 6.8496e-06 2.64442e-07 6.90422e-09 1.24846e-10 1.55526e-12 1.30489e-14 7.21387e-17
 4.00828e-07 1.14826e-05 0.000193964 0.00193222 0.0113579 0.0395056 0.0823886 0.10928 0.113113 0.125471 0.146383 0.147661 0.118725 0.069532 0.0268881 0.00649543 0.000966071 8.95095e-05 5.31847e-06 2.09881e-07 5.62523e-09 1.02087e-10 1.22971e-12 9.64827e-15 4.88378e-17
 5.1876e-07 1.40684e-05 0.000224973 0.00212183 0.0118138 0.0390012 0.0779252 0.10276 0.11511 0.140053 0.161579 0.151166 0.111126 0.0599341 0.021551 0.00487455 0.000682956 6.00695e-05 3.42378e-06 1.31144e-07 3.44575e-09 6.17144e-11 7.37074e-13 5.74884e-15 2.88719e-17
 5.98229e-07 1.536e-05 0.000232562 0.00207697 0.0109564 0.0343604 0.0659829 0.0873026 0.10624 0.140938 0.169785 0.16496 0.123733 0.065532 0.0224533 0.00476003 0.000618572 4.99578e-05 2.58667e-06 8.93621e-08 2.12352e-09 3.48473e-11 3.87686e-13 2.85694e-15 1.36951e-17
 7.9869e-07 1.94181e-05 0.000278396 0.00235454 0.0117669 0.0350223 0.0643155 0.0835242 0.103844 0.140786 0.171982 0.169578 0.126382 0.064541 0.0209121 0.00415134 0.000501986 3.7464e-05 1.77528e-06 5.54778e-08 1.18087e-09 1.72816e-11 1.71525e-13 1.13098e-15 4.87487e-18
#pred catch len freq
 1.37109e-12 1.48819e-10 9.52442e-09 3.59431e-07 7.99877e-06 0.000105013 0.00081509 0.00378072 0.0110295 0.0244653 0.0562328 0.125475 0.200925 0.207008 0.145925 0.0855169 0.0499741 0.0297257 0.0182677 0.0120464 0.00871123 0.00699201 0.00590063 0.00449082 0.00260564
 1.09095e-12 1.18412e-10 7.57838e-09 2.85993e-07 6.36469e-06 8.35731e-05 0.000649194 0.00302327 0.00898249 0.0211411 0.052769 0.122731 0.199643 0.209881 0.155287 0.097895 0.0584812 0.0318915 0.0163218 0.00850313 0.00479963 0.00309837 0.00226284 0.00161874 0.000930504
 1.85504e-12 2.01347e-10 1.28862e-08 4.86295e-07 1.08216e-05 0.000142047 0.0011015 0.00508503 0.0145082 0.0297442 0.0600427 0.124513 0.196189 0.204123 0.149477 0.0935886 0.0570099 0.0325237 0.0168671 0.00797249 0.00357513 0.00169542 0.000942203 0.000576915 0.000312202
 1.6379e-12 1.77779e-10 1.13779e-08 4.29375e-07 9.55521e-06 0.000125441 0.00097342 0.0045098 0.0130846 0.0284854 0.0636124 0.139602 0.221399 0.223542 0.14867 0.0771017 0.0390594 0.0205135 0.0105818 0.0050933 0.00219892 0.000865227 0.000344633 0.000155365 7.15054e-05
 6.80135e-12 7.38221e-10 4.72461e-08 1.78293e-06 3.9673e-05 0.000520572 0.0040294 0.0184309 0.0502675 0.0853479 0.106728 0.135107 0.173333 0.169828 0.119031 0.068922 0.0371543 0.0179363 0.00782548 0.00333683 0.00138276 0.00052281 0.000177038 5.77982e-05 1.95779e-05
 1.03316e-11 1.1214e-09 7.17695e-08 2.70836e-06 6.0265e-05 0.000790743 0.00611951 0.0279653 0.0759157 0.126051 0.144875 0.155916 0.176965 0.157655 0.0894746 0.030653 0.00641751 0.000926369 0.000148351 4.19372e-05 1.44961e-05 4.84362e-06 1.49452e-06 4.12755e-07 1.04259e-07
 1.17995e-11 1.28072e-09 8.19658e-08 3.09314e-06 6.88266e-05 0.000903067 0.00698824 0.0319228 0.0864885 0.142238 0.157237 0.154915 0.163629 0.142255 0.0800921 0.027128 0.00544053 0.000644221 4.50808e-05 1.87552e-06 4.79684e-08 1.04354e-09 8.73268e-11 1.89e-11 3.944e-12
 1.20686e-11 1.30993e-09 8.38353e-08 3.16369e-06 7.03965e-05 0.000923662 0.00714753 0.0326484 0.0884267 0.145203 0.159486 0.154683 0.161109 0.139378 0.0783836 0.0265419 0.00532162 0.000629656 4.39386e-05 1.80839e-06 4.39248e-08 6.31013e-10 5.40434e-12 2.83982e-14 1.05776e-16
 1.25249e-11 1.35946e-09 8.70053e-08 3.28331e-06 7.30582e-05 0.000958583 0.00741761 0.0338787 0.0917129 0.150229 0.163299 0.154287 0.156832 0.134497 0.0754879 0.025551 0.00512253 0.000606084 4.22924e-05 1.74044e-06 4.22577e-08 6.06203e-10 5.16529e-12 2.66258e-14 8.7981e-17
 1.22938e-11 1.33437e-09 8.53995e-08 3.22271e-06 7.17099e-05 0.000940893 0.00728079 0.0332555 0.0900482 0.147683 0.161368 0.154487 0.158999 0.136969 0.0769548 0.0260529 0.00522338 0.000618023 4.31258e-05 1.77478e-06 4.3095e-08 6.18398e-10 5.27478e-12 2.72889e-14 9.11753e-17
 1.18928e-11 1.29085e-09 8.26144e-08 3.11762e-06 6.93713e-05 0.000910213 0.00704351 0.0321746 0.087161 0.143267 0.158018 0.154835 0.162756 0.141257 0.0794989 0.0269234 0.00539826 0.000638713 4.45673e-05 1.83377e-06 4.44973e-08 6.36977e-10 5.38647e-12 2.70377e-14 8.19075e-17
 1.28418e-11 1.39385e-09 8.92064e-08 3.36638e-06 7.49064e-05 0.00098283 0.00760514 0.034733 0.0939947 0.153719 0.165947 0.154012 0.153863 0.131108 0.0734773 0.024863 0.00498431 0.000589726 4.11514e-05 1.69357e-06 4.11272e-08 5.90372e-10 5.04211e-12 2.61983e-14 8.86742e-17
 1.26226e-11 1.37006e-09 8.76835e-08 3.30891e-06 7.36277e-05 0.000966054 0.00747539 0.0341419 0.0924159 0.151304 0.164115 0.154202 0.155917 0.133453 0.0748684 0.025339 0.00507991 0.00060103 4.19372e-05 1.72546e-06 4.18623e-08 5.98894e-10 5.05344e-12 2.51693e-14 7.41862e-17
 1.23329e-11 1.33862e-09 8.56714e-08 3.23298e-06 7.19382e-05 0.000943888 0.00730396 0.033361 0.0903301 0.148114 0.161695 0.154453 0.158632 0.136551 0.0767064 0.0259679 0.00520627 0.000615986 4.29808e-05 1.7684e-06 4.29037e-08 6.13777e-10 5.17855e-12 2.5784e-14 7.59083e-17
 1.30537e-11 1.41686e-09 9.06787e-08 3.42193e-06 7.61427e-05 0.000999049 0.00773058 0.0353044 0.095521 0.156053 0.167717 0.153829 0.151877 0.128842 0.0721324 0.0244027 0.00489181 0.000578766 4.03835e-05 1.66153e-06 4.03109e-08 5.7668e-10 4.8654e-12 2.42222e-14 7.12829e-17
 1.43911e-11 1.56202e-09 9.9969e-08 3.77252e-06 8.39436e-05 0.00110139 0.00852212 0.0389102 0.105152 0.170783 0.178892 0.152669 0.139344 0.114539 0.0636458 0.0214988 0.00430838 0.000509707 3.55645e-05 1.46325e-06 3.54995e-08 5.07814e-10 4.2833e-12 2.13047e-14 6.24909e-17
 1.4781e-11 1.60433e-09 1.02677e-07 3.87471e-06 8.62174e-05 0.00113122 0.00875284 0.0399612 0.107959 0.175076 0.182149 0.152331 0.135691 0.11037 0.0611721 0.0206523 0.00413832 0.000489578 3.41598e-05 1.40546e-06 3.40974e-08 4.87754e-10 4.11403e-12 2.04616e-14 6.00061e-17
 1.47761e-11 1.6038e-09 1.02643e-07 3.87343e-06 8.61888e-05 0.00113085 0.00874994 0.039948 0.107924 0.175022 0.182108 0.152335 0.135737 0.110422 0.0612032 0.020663 0.00414046 0.000489831 3.41775e-05 1.40618e-06 3.4115e-08 4.88007e-10 4.11618e-12 2.04726e-14 6.00412e-17
 1.50918e-11 1.63807e-09 1.04836e-07 3.9562e-06 8.80306e-05 0.00115501 0.00893682 0.0407993 0.110198 0.1785 0.184747 0.152061 0.132778 0.107045 0.0591995 0.0199773 0.00400271 0.000473526 3.30397e-05 1.35937e-06 3.29793e-08 4.7176e-10 3.97912e-12 1.97905e-14 5.8036e-17
 1.57384e-11 1.70826e-09 1.09328e-07 4.12571e-06 9.18023e-05 0.0012045 0.00931953 0.0425427 0.114855 0.185622 0.190149 0.151501 0.126719 0.100129 0.0550963 0.0185733 0.00372062 0.000440137 3.07098e-05 1.26351e-06 3.06535e-08 4.3849e-10 3.6985e-12 1.83948e-14 5.3943e-17
 1.59642e-11 1.73276e-09 1.10896e-07 4.18488e-06 9.31188e-05 0.00122177 0.00945311 0.0431512 0.11648 0.188108 0.192035 0.151305 0.124604 0.0977156 0.0536641 0.0180832 0.00362215 0.000428482 2.98965e-05 1.23004e-06 2.98417e-08 4.26878e-10 3.60056e-12 1.79077e-14 5.25146e-17
 1.62351e-11 1.76217e-09 1.12778e-07 4.2559e-06 9.46993e-05 0.0012425 0.00961348 0.0438817 0.118431 0.191092 0.194299 0.15107 0.122064 0.0948178 0.0519447 0.0174948 0.00350395 0.000414491 2.89202e-05 1.18987e-06 2.88672e-08 4.12937e-10 3.48297e-12 1.73228e-14 5.07993e-17
 1.68333e-11 1.82709e-09 1.16933e-07 4.4127e-06 9.81882e-05 0.00128828 0.00996749 0.0454944 0.122739 0.19768 0.199297 0.150552 0.116459 0.0884208 0.0481491 0.0161961 0.00324301 0.000383606 2.6765e-05 1.1012e-06 2.67158e-08 3.82163e-10 3.2234e-12 1.60318e-14 4.70134e-17
 1.71843e-11 1.86519e-09 1.19372e-07 4.50473e-06 0.000100236 0.00131514 0.0101753 0.0464409 0.125267 0.201547 0.20223 0.150247 0.11317 0.0846663 0.0459214 0.0154338 0.00308986 0.000365478 2.55e-05 1.04915e-06 2.54531e-08 3.641e-10 3.07105e-12 1.52741e-14 4.47914e-17
 1.73941e-11 1.88797e-09 1.2083e-07 4.55973e-06 0.00010146 0.0013312 0.0102994 0.0470066 0.126778 0.203857 0.203983 0.150065 0.111203 0.0824224 0.04459 0.0149782 0.00299833 0.000354644 2.4744e-05 1.01805e-06 2.46985e-08 3.53305e-10 2.98e-12 1.48212e-14 4.34634e-17
 1.83922e-11 1.9963e-09 1.27763e-07 4.82137e-06 0.000107281 0.00140757 0.0108901 0.0496974 0.133965 0.21485 0.212323 0.1492 0.101851 0.0717483 0.0382567 0.0128111 0.00256293 0.000303108 2.11477e-05 8.70082e-07 2.11087e-08 3.01955e-10 2.54687e-12 1.26671e-14 3.71463e-17
 1.84879e-11 2.00668e-09 1.28427e-07 4.84645e-06 0.000107839 0.00141489 0.0109468 0.0499554 0.134654 0.215904 0.213122 0.149117 0.100954 0.070725 0.0376496 0.0126033 0.00252119 0.000298167 2.0803e-05 8.55896e-07 2.07646e-08 2.97032e-10 2.50535e-12 1.24605e-14 3.65406e-17
 1.77772e-11 1.92954e-09 1.2349e-07 4.66014e-06 0.000103694 0.00136051 0.0105261 0.0480392 0.129536 0.208076 0.207184 0.149733 0.107614 0.078326 0.0421595 0.0141465 0.00283124 0.000334866 2.33639e-05 9.61263e-07 2.33209e-08 3.33599e-10 2.81378e-12 1.39945e-14 4.10391e-17
#obs catch len freq
 3.13738e-11 2.90762e-09 1.58889e-07 5.11963e-06 9.7269e-05 0.00108974 0.00720106 0.0281056 0.0652659 0.0936156 0.0973883 0.10505 0.127534 0.137199 0.126315 0.100153 0.0632924 0.0308719 0.0119739 0.00373735 0.00091284 0.000167747 2.23325e-05 2.07773e-06 1.30752e-07
 4.69096e-11 4.19304e-09 2.20996e-07 6.86794e-06 0.000125852 0.0013599 0.00866723 0.0326274 0.0730814 0.101133 0.101579 0.106058 0.125544 0.133448 0.122248 0.0951813 0.0580189 0.0270522 0.0100282 0.00300063 0.000701032 0.000121971 1.51618e-05 1.30118e-06 7.49514e-08
 2.58965e-11 2.22874e-09 1.13101e-07 3.38425e-06 5.97123e-05 0.000621372 0.0038173 0.0139172 0.0309368 0.0473564 0.0690075 0.112869 0.159296 0.173599 0.157276 0.118649 0.0687134 0.0299701 0.0103037 0.00286379 0.000625564 0.000102182 1.19112e-05 9.53388e-07 5.08449e-08
 1.89547e-18 8.33218e-16 2.15967e-13 3.30072e-11 2.97462e-09 1.58083e-07 4.95533e-06 9.16874e-05 0.00100369 0.00654762 0.0260149 0.0667687 0.124516 0.188591 0.225368 0.190712 0.109096 0.0438152 0.0134082 0.00330518 0.000648623 9.64804e-05 1.0338e-05 7.64572e-07 3.7734e-08
 1.35124e-10 1.07295e-08 5.02354e-07 1.38686e-05 0.000225763 0.00216736 0.0122791 0.0412032 0.0834416 0.111371 0.129073 0.165824 0.185819 0.1423 0.0741888 0.0312716 0.0131203 0.00534716 0.00180101 0.000455501 8.40206e-05 1.1233e-05 1.0737e-06 7.13746e-08 3.19531e-09
 2.75727e-10 2.09835e-08 9.41598e-07 2.49138e-05 0.000388692 0.00357589 0.0194037 0.0621845 0.118525 0.139229 0.117723 0.10399 0.111182 0.115265 0.101696 0.0672695 0.0295786 0.00823442 0.00149771 0.000203263 2.48066e-05 2.75403e-06 2.37952e-07 1.43257e-08 5.75385e-10
 4.70986e-10 3.43062e-08 1.47341e-06 3.73134e-05 0.000557181 0.00490618 0.0254818 0.0781806 0.142798 0.161454 0.133101 0.114094 0.110019 0.0947388 0.068971 0.0409556 0.0179135 0.00544473 0.00115324 0.000172648 1.82628e-05 1.3768e-06 7.71513e-08 3.34339e-09 1.0924e-10
 5.80519e-10 4.04197e-08 1.65942e-06 4.01705e-05 0.000573397 0.00482658 0.0239701 0.070411 0.123941 0.139264 0.125681 0.126659 0.130114 0.110786 0.0776897 0.0432752 0.0171984 0.00459922 0.000844401 0.000113212 1.15171e-05 8.68186e-07 4.60457e-08 1.6576e-09 4.01229e-11
 9.19604e-10 6.11319e-08 2.3962e-06 5.53816e-05 0.000754751 0.0060656 0.0287583 0.0806222 0.135215 0.143655 0.120166 0.113071 0.116161 0.105992 0.0804625 0.0459736 0.0177552 0.0044534 0.000741825 8.68646e-05 7.52452e-06 4.87164e-07 2.30082e-08 7.65978e-10 1.73758e-11
 1.41496e-09 8.9705e-08 3.35332e-06 7.39134e-05 0.000960656 0.00736299 0.0332975 0.0890903 0.143027 0.147387 0.123911 0.118166 0.116611 0.0983935 0.0685731 0.0363535 0.0131514 0.00309795 0.000482675 5.22493e-05 4.10314e-06 2.35231e-07 9.63794e-09 2.75736e-10 5.40785e-12
 1.88357e-09 1.13763e-07 4.05144e-06 8.50759e-05 0.00105343 0.00769258 0.0331541 0.0846688 0.130722 0.133841 0.120982 0.1261 0.127419 0.10749 0.0737303 0.0374006 0.0125868 0.0026745 0.000360406 3.2166e-05 2.02939e-06 9.50684e-08 3.30555e-09 8.23343e-11 1.41466e-12
 2.91527e-09 1.6758e-07 5.68006e-06 0.00011352 0.00133782 0.009298 0.0381415 0.0927249 0.13638 0.133435 0.116381 0.119139 0.121617 0.106143 0.0740774 0.0367725 0.0117784 0.0023406 0.000289446 2.30096e-05 1.23937e-06 4.75445e-08 1.32264e-09 2.6315e-11 3.66294e-13
 4.32973e-09 2.36663e-07 7.6276e-06 0.000144956 0.0016244 0.010736 0.0418924 0.097017 0.136886 0.132109 0.11964 0.125163 0.123498 0.101829 0.066816 0.0312125 0.00942806 0.00177133 0.000207739 1.56982e-05 8.012e-07 2.86798e-08 7.23719e-10 1.2618e-11 1.48908e-13
 5.88718e-09 3.05729e-07 9.3617e-06 0.00016903 0.00179966 0.011302 0.0419253 0.0925325 0.125903 0.122469 0.119583 0.131897 0.131559 0.108588 0.0700038 0.031434 0.00902453 0.00160747 0.000179176 1.29351e-05 6.33633e-07 2.17664e-08 5.23877e-10 8.62737e-12 9.50202e-14
 8.69969e-09 4.28904e-07 1.24682e-05 0.000213718 0.00216024 0.0128802 0.0453762 0.0952451 0.124056 0.118221 0.116832 0.130489 0.132326 0.11107 0.0708122 0.0305184 0.00826413 0.0013734 0.00014123 9.27343e-06 4.07854e-07 1.25539e-08 2.74015e-10 4.16226e-12 4.28082e-14
 1.45238e-08 6.79305e-07 1.87342e-05 0.000304651 0.0029214 0.0165252 0.0552341 0.110019 0.13609 0.123437 0.11652 0.124953 0.122519 0.0992511 0.0603519 0.0245519 0.00623688 0.000967175 9.20814e-05 5.52693e-06 2.18425e-07 5.94979e-09 1.14222e-10 1.52916e-12 1.39315e-14
 2.16878e-08 9.61759e-07 2.51481e-05 0.000387739 0.0035254 0.0189105 0.0599779 0.11373 0.135866 0.12446 0.122803 0.130538 0.12108 0.091532 0.0519394 0.0197691 0.00470595 0.000684128 6.10189e-05 3.42325e-06 1.25821e-07 3.16128e-09 5.54e-11 6.69826e-13 5.45651e-15
 2.94365e-08 1.23704e-06 3.06526e-05 0.00044787 0.00385914 0.0196224 0.0590571 0.106821 0.124521 0.118595 0.126296 0.138152 0.128776 0.096566 0.0530772 0.0192161 0.00431709 0.000591285 4.9757e-05 2.642e-06 9.21895e-08 2.19845e-09 3.63637e-11 4.11236e-13 3.10379e-15
 4.83345e-08 1.92405e-06 4.51613e-05 0.000625051 0.00510174 0.0245718 0.0700457 0.119946 0.132085 0.11835 0.119828 0.128774 0.120861 0.090492 0.0483835 0.0167693 0.00360223 0.00047692 3.96789e-05 2.14968e-06 7.86716e-08 1.97537e-09 3.35893e-11 3.77367e-13 2.75185e-15
 7.0593e-08 2.661e-06 5.91451e-05 0.000775173 0.00599181 0.0273378 0.0739305 0.120918 0.130752 0.122421 0.129599 0.134509 0.116864 0.0806192 0.0401023 0.0130734 0.00267291 0.000342495 2.82467e-05 1.55828e-06 5.91049e-08 1.53947e-09 2.6929e-11 3.09192e-13 2.29743e-15
 1.02945e-07 3.67378e-06 7.73055e-05 0.000959219 0.00701977 0.0303293 0.0777446 0.12106 0.126813 0.119386 0.128648 0.134942 0.118665 0.0811959 0.0387891 0.0118565 0.00223219 0.000258061 1.87076e-05 8.85493e-07 2.87298e-08 6.59118e-10 1.06416e-11 1.17505e-13 8.61069e-16
 1.57559e-07 5.32241e-06 0.000106015 0.00124519 0.00862633 0.0352892 0.0857349 0.127097 0.128863 0.120903 0.129377 0.132089 0.112205 0.0734892 0.0333423 0.00967457 0.00174203 0.000195651 1.40876e-05 6.74959e-07 2.20993e-08 4.94621e-10 7.42672e-12 7.34556e-14 4.7456e-16
 2.55827e-07 8.17978e-06 0.000154216 0.00171448 0.0112424 0.0435353 0.100147 0.140714 0.135665 0.121695 0.124855 0.122638 0.100153 0.0623857 0.0265915 0.00718076 0.00119179 0.000121736 7.83437e-06 3.30699e-07 9.5618e-09 1.93662e-10 2.72055e-12 2.58001e-14 1.61003e-16
 3.52164e-07 1.06579e-05 0.000190193 0.00200145 0.0124246 0.0455803 0.0996578 0.135038 0.131927 0.127795 0.135257 0.127402 0.0972122 0.0563928 0.0224497 0.00568245 0.000887647 8.57958e-05 5.25672e-06 2.11877e-07 5.80915e-09 1.09502e-10 1.4001e-12 1.1899e-14 6.62864e-17
 4.60531e-07 1.31929e-05 0.000222853 0.00221995 0.0130475 0.0453538 0.0943049 0.123466 0.122473 0.127002 0.140685 0.136061 0.105505 0.0603284 0.0229765 0.00546886 0.000795397 7.09538e-05 3.97031e-06 1.446e-07 3.56592e-09 6.08264e-11 7.12572e-13 5.6042e-15 2.89679e-17
 7.47085e-07 2.02602e-05 0.000323979 0.00305514 0.016998 0.0559256 0.109994 0.135796 0.12594 0.122195 0.130588 0.125243 0.0961473 0.0533134 0.019393 0.00439668 0.000613884 5.34887e-05 2.99545e-06 1.11552e-07 2.81865e-09 4.80912e-11 5.43044e-13 3.98566e-15 1.88444e-17
 9.91245e-07 2.54508e-05 0.000385326 0.00344055 0.0181312 0.0565917 0.106346 0.12914 0.126971 0.134657 0.143026 0.127241 0.089276 0.0455966 0.0154268 0.00327565 0.000431006 3.56693e-05 1.91726e-06 6.93272e-08 1.71724e-09 2.89073e-11 3.23501e-13 2.35861e-15 1.10525e-17
 1.20327e-06 2.92541e-05 0.000419397 0.00354629 0.017705 0.0524504 0.0943254 0.113183 0.118142 0.136477 0.152372 0.140876 0.100474 0.05021 0.0161548 0.00321141 0.00039155 2.97227e-05 1.44988e-06 4.72664e-08 1.05933e-09 1.63518e-11 1.70566e-13 1.17527e-15 5.25627e-18
#spawning biomass
 24800.2 26577.3 22007.8 23450.3 34972.6 52748.4 73659.9 92344.7 119993 156705 180913 223312 235769 233922 225227 213264 218580 236351 223867 224165 247009 244178 216274 207238 217056 231333 246904 242022 200109 450924 494355 466727 404863 334803 270710 218141 177796 148167 127065 112368 102296 95479 90891 87767.9 85739.2 84421.3 83565.2 83009.1 82647.9 82413.3 82260.8 82161.8 82097.5 82055.7 82028.6 82010.9 81999.5 81992 81987.2 81984.1 81982 81980.7 81979.8 81979.3 81978.9 81978.7 81978.5 81978.4 81978.4 81978.3 81978.3 81978.3 81978.3 81978.3 81978.3 81978.2 81978.2 81978.2 81978.2 81978.2 81978.2 81978.2 81978.2 81978.2 81978.2 81978.2 81978.2 81978.2 81978.2 81978.2 81978.2 81978.2 81978.2 81978.2 81978.2 81978.2 81978.2 81978.2 81978.2 81978.2 81978.2 81978.2 81978.2 81978.2 81978.2 81978.2 81978.2 81978.2 81978.2 81978.2 81978.2 81978.2 81978.2 81978.2 81978.2 81978.2 81978.2 81978.2 81978.2 81978.2 81978.2 81978.2 81978.2 81978.2 81978.2 81978.2 81978.2 81978.2 0 0 0 0 0 0 0 0 0 0 0 0 0 0 0 0 0 0 0 0 0 0 0 0 0
