SBPRF35
0.819782
Curr Bio
160518
B35
733848
F35
0.209997
FOFL
0.0848252
OFL
20288.1
Bzero
234224
#pred survey bio
 10287.9 9616.29 8081.84 8147.55 11200.6 16275.8 22169.3 29900 41358.1 49804.2 59234.3 73384.2 99418.4 115581 112671 105977 106108 95053.3 94260 105776 107495 103934 103729 103395 128876 110611 122335 113085 167262 1.13791e+07 1.11486e+07 1.19274e+07 1.12645e+07 9.88141e+06 8.3096e+06 6.8457e+06 5.61407e+06 4.6387e+06 3.89544e+06 3.34306e+06 2.93903e+06 2.64631e+06 2.43506e+06 2.28084e+06 2.16714e+06 2.08631e+06 2.02823e+06 1.98605e+06 1.95507e+06 1.93205e+06 1.91476e+06 1.90163e+06 1.89157e+06 1.88378e+06 1.87771e+06 1.87293e+06 1.86915e+06 1.86614e+06 1.86374e+06 1.86181e+06 1.86025e+06 1.859e+06 1.85798e+06 1.85715e+06 1.85648e+06 1.85594e+06 1.85549e+06 1.85513e+06 1.85483e+06 1.85459e+06 1.85439e+06 1.85423e+06 1.8541e+06 1.85399e+06 1.8539e+06 1.85383e+06 1.85377e+06 1.85372e+06 1.85368e+06 1.85365e+06 1.85362e+06 1.8536e+06 1.85358e+06 1.85357e+06 1.85356e+06 1.85355e+06 1.85354e+06 1.85353e+06 1.85353e+06 1.85352e+06 1.85352e+06 1.85352e+06 1.85351e+06 1.85351e+06 1.85351e+06 1.85351e+06 1.85351e+06 1.85351e+06 1.85351e+06 1.85351e+06 1.85351e+06 1.8535e+06 1.8535e+06 1.8535e+06 1.8535e+06 1.8535e+06 1.8535e+06 1.8535e+06 1.8535e+06 1.8535e+06 1.8535e+06 1.8535e+06 1.8535e+06 1.8535e+06 1.8535e+06 1.8535e+06 1.8535e+06 1.8535e+06 1.8535e+06 1.8535e+06 1.8535e+06 1.8535e+06 1.8535e+06 1.8535e+06 1.8535e+06 1.8535e+06 1.8535e+06 1.8535e+06 1.8535e+06 0 0 0 0 0 0 0 0 0 0 0 0 0 0 0 0 0 0 0 0 0 0 0 0 0
#obs survey bio
 10064.6 7728.81 7630.89 9109.23 12433.7 20994 26148.2 26669.3 54315.9 45348.9 48234.3 88311.4 110136 103743 131539 102386 70725.4 80000.2 77826.7 107267 93753.4 108676 97343.9 142456 138344 103136 123523 110111 138379
#pred catch bio
 4397.33 4310.8 3539.6 2772.65 4536.82 8477.13 12052.4 16394.5 26540.6 32796.9 40134 49503.2 73142.5 89325.9 87102.4 82441.8 90157.3 79609.6 77210.2 92513.1 97353.9 95663 97381 92273.3 128663 104975 124672 108840 95058.9 20288.1 90787.2 96435 90136.1 78006.7 64523.1 52154.9 41904.1 33923.4 27964.8 23644.5 20578 18435.3 16954.9 15932.7 15228.7 14761.5 14451.4 14245.6 14109 14018.4 13958.3 13918.3 13891.9 13874.3 13862.6 13854.9 13849.7 13846.3 13844.1 13842.5 13841.6 13840.9 13840.5 13840.2 13840 13839.8 13839.8 13839.7 13839.7 13839.6 13839.6 13839.6 13839.6 13839.6 13839.6 13839.6 13839.6 13839.6 13839.6 13839.6 13839.6 13839.6 13839.6 13839.6 13839.6 13839.6 13839.6 13839.6 13839.6 13839.6 13839.6 13839.6 13839.6 13839.6 13839.6 13839.6 13839.6 13839.6 13839.6 13839.6 13839.6 13839.6 13839.6 13839.6 13839.6 13839.6 13839.6 13839.6 13839.6 13839.6 13839.6 13839.6 13839.6 13839.6 13839.6 13839.6 13839.6 13839.6 13839.6 13839.6 13839.6 13839.6 13839.6 13839.6 13839.6 13839.6 13839.6 13839.6 13839.6 0 0 0 0 0 0 0 0 0 0 0 0 0 0 0 0 0 0 0 0 0 0 0 0 0
#obs catch bio
 3946.95 4321.1 3989.25 2754.03 4463.62 8419.27 11325.9 15408.5 24120.4 31945.8 39958.3 45948.4 68257 86179.4 83779.9 80951.4 92604.9 77557.2 74349.1 93648.8 92775.8 85640.5 88854 73534.6 125515 90066.2 118276 99953.4 89396.6
#pred cpue bio
 9558.39 9272.28 7551.97 7360.72 9922.17 13978.3 18848.4 25480 34786.6 41810.4 49472.3 59842.5 80415 94685.8 93944 87880.4 86151.1 76043.7 74998.5 82739.8 83388.9 79793 78348.4 77660 95616.6 81984.5 89673 80927.2 115432 9.56502e+06 1.1105e+07 1.18839e+07 1.12209e+07 9.83784e+06 8.26603e+06 6.80214e+06 5.57051e+06 4.59514e+06 3.85188e+06 3.29949e+06 2.89547e+06 2.60275e+06 2.39149e+06 2.23728e+06 2.12358e+06 2.04274e+06 1.98467e+06 1.94249e+06 1.9115e+06 1.88848e+06 1.87119e+06 1.85807e+06 1.848e+06 1.84022e+06 1.83414e+06 1.82936e+06 1.82558e+06 1.82258e+06 1.82017e+06 1.81824e+06 1.81669e+06 1.81543e+06 1.81441e+06 1.81359e+06 1.81292e+06 1.81237e+06 1.81192e+06 1.81156e+06 1.81126e+06 1.81102e+06 1.81082e+06 1.81066e+06 1.81053e+06 1.81042e+06 1.81033e+06 1.81026e+06 1.8102e+06 1.81015e+06 1.81012e+06 1.81008e+06 1.81006e+06 1.81003e+06 1.81002e+06 1.81e+06 1.80999e+06 1.80998e+06 1.80997e+06 1.80997e+06 1.80996e+06 1.80996e+06 1.80995e+06 1.80995e+06 1.80995e+06 1.80995e+06 1.80994e+06 1.80994e+06 1.80994e+06 1.80994e+06 1.80994e+06 1.80994e+06 1.80994e+06 1.80994e+06 1.80994e+06 1.80994e+06 1.80994e+06 1.80994e+06 1.80994e+06 1.80994e+06 1.80994e+06 1.80994e+06 1.80994e+06 1.80994e+06 1.80994e+06 1.80994e+06 1.80994e+06 1.80994e+06 1.80994e+06 1.80994e+06 1.80994e+06 1.80994e+06 1.80994e+06 1.80994e+06 1.80994e+06 1.80994e+06 1.80994e+06 1.80994e+06 1.80994e+06 1.80994e+06 1.80994e+06 0 0 0 0 0 0 0 0 0 0 0 0 0 0 0 0 0 0 0 0 0 0 0 0 0
#obs cpue bio
 12439.5 8327.06 5370.62 7086.83 11133.2 12391.6 22760.4 35526.4 42300.2 39297.8 61471.3 77214.4 91970.9 110994 93501.1 95573.7 117062 102532 102907 77732.4 122953 125119 118980 150901 87299.9 163821 108412 118628 166016
#pred surv len freq
 8.75623e-12 9.50822e-10 6.08725e-08 2.29764e-06 5.1131e-05 0.000670886 0.00519115 0.0237133 0.0642957 0.106269 0.120116 0.125206 0.141562 0.136356 0.10112 0.0664833 0.0426342 0.0259163 0.0153028 0.00918973 0.00580023 0.00398865 0.00294377 0.00205268 0.00113456
 5.30189e-12 5.75722e-10 3.68583e-08 1.39122e-06 3.09601e-05 0.000406242 0.00314407 0.0143777 0.0391971 0.0665036 0.0830886 0.105564 0.138678 0.147227 0.126282 0.0999915 0.0724972 0.0458989 0.0263108 0.0141892 0.00749669 0.00415744 0.00253569 0.00158151 0.000840263
 9.48201e-12 1.02963e-09 6.5918e-08 2.48808e-06 5.53687e-05 0.000726465 0.00562031 0.0256527 0.0692671 0.112181 0.116269 0.0969882 0.0907852 0.0921747 0.0908045 0.087184 0.0757988 0.0574421 0.037836 0.0214165 0.0106564 0.00497105 0.0023803 0.00121115 0.000576791
 1.17581e-11 1.27679e-09 8.1741e-08 3.08532e-06 6.86594e-05 0.000900847 0.00696946 0.0318116 0.0859106 0.13924 0.144735 0.121147 0.10988 0.0967697 0.0701292 0.0492585 0.0405701 0.0357071 0.0286246 0.0193274 0.0107575 0.00499577 0.00205438 0.000819858 0.000319682
 1.25103e-11 1.35847e-09 8.69705e-08 3.2827e-06 7.3052e-05 0.000958479 0.0074153 0.0338459 0.0913945 0.148048 0.153524 0.127616 0.115027 0.101789 0.0742613 0.0489534 0.0321299 0.0216047 0.0160213 0.0122043 0.00811461 0.00432643 0.00183539 0.000649193 0.000204038
 1.38411e-11 1.50298e-09 9.62219e-08 3.6319e-06 8.08227e-05 0.00106043 0.00820386 0.0374407 0.10104 0.163179 0.166897 0.132766 0.11268 0.0962155 0.0681594 0.0433555 0.027428 0.0167683 0.0100438 0.00629859 0.0041295 0.00248086 0.00119688 0.000442849 0.000127878
 1.38473e-11 1.50365e-09 9.62652e-08 3.63353e-06 8.08591e-05 0.00106091 0.00820771 0.0374613 0.101137 0.163667 0.168941 0.138298 0.121381 0.103181 0.0688118 0.0388777 0.0219128 0.0124239 0.00687632 0.00371507 0.00201003 0.00110249 0.000556796 0.000225721 6.809e-05
 1.35797e-11 1.4746e-09 9.44051e-08 3.56332e-06 7.92968e-05 0.00104042 0.00804921 0.0367395 0.0992114 0.160736 0.166786 0.138775 0.124435 0.107065 0.0720304 0.0408058 0.0222241 0.0114772 0.00560736 0.0026879 0.00126318 0.000582698 0.000261868 0.000105373 3.34211e-05
 1.42164e-11 1.54373e-09 9.88308e-08 3.73037e-06 8.30141e-05 0.00108918 0.00842636 0.0384575 0.103802 0.167781 0.172265 0.138677 0.119199 0.100856 0.0680958 0.0391822 0.0217025 0.011238 0.00530182 0.00231573 0.00094766 0.000370863 0.000140097 4.96783e-05 1.51363e-05
 1.40904e-11 1.53005e-09 9.79549e-08 3.69731e-06 8.22785e-05 0.00107954 0.00835182 0.0381197 0.102924 0.16663 0.172336 0.141885 0.125152 0.105568 0.0680701 0.0355922 0.0179957 0.00901833 0.00426338 0.00184985 0.000718698 0.000250204 7.96638e-05 2.35219e-05 6.24871e-06
 1.42794e-11 1.55058e-09 9.92694e-08 3.74692e-06 8.33825e-05 0.00109402 0.00846384 0.0386301 0.104289 0.168744 0.174062 0.142142 0.124107 0.104341 0.067436 0.035282 0.0174095 0.00814512 0.00352302 0.00144189 0.000547264 0.000184293 5.3718e-05 1.35855e-05 3.00803e-06
 1.52689e-11 1.65802e-09 1.06148e-07 4.00655e-06 8.91601e-05 0.00116982 0.00905005 0.0413008 0.111434 0.179771 0.182945 0.142997 0.117489 0.0956377 0.0607093 0.0310136 0.0149382 0.00688092 0.00289686 0.00111559 0.000390965 0.000123496 3.42791e-05 8.05118e-06 1.56569e-06
 1.5504e-11 1.68355e-09 1.07783e-07 4.06826e-06 9.05333e-05 0.00118784 0.00918941 0.0419363 0.113142 0.182474 0.185445 0.144274 0.117577 0.0947668 0.0588827 0.0286964 0.0130047 0.0057185 0.00232972 0.000872104 0.00029391 8.71544e-05 2.24322e-05 4.90837e-06 8.83578e-07
 1.48666e-11 1.61433e-09 1.03351e-07 3.90099e-06 8.6811e-05 0.001139 0.00881179 0.0402171 0.108558 0.175524 0.180458 0.145756 0.12499 0.10265 0.0628132 0.0290488 0.0121487 0.00495239 0.0018842 0.00066435 0.000213893 6.08882e-05 1.48857e-05 3.04313e-06 5.07272e-07
 1.4069e-11 1.52773e-09 9.78064e-08 3.69171e-06 8.21538e-05 0.0010779 0.00833928 0.0380648 0.102808 0.166702 0.173619 0.145957 0.131724 0.110755 0.068251 0.0316431 0.013132 0.00517163 0.00183809 0.000594709 0.000176506 4.69278e-05 1.08496e-05 2.10423e-06 3.30127e-07
 1.43779e-11 1.56127e-09 9.99541e-08 3.77277e-06 8.39577e-05 0.00110157 0.00852228 0.0388978 0.105026 0.170048 0.175928 0.144944 0.127695 0.106689 0.0665806 0.0319988 0.0139421 0.00565876 0.00201627 0.000634227 0.00017683 4.31601e-05 9.14843e-06 1.64691e-06 2.42603e-07
 1.52601e-11 1.65707e-09 1.06087e-07 4.00426e-06 8.91091e-05 0.00116915 0.00904495 0.0412788 0.111392 0.17985 0.183703 0.145304 0.121146 0.0983734 0.0604437 0.0284355 0.0121508 0.00496786 0.00183186 0.000597249 0.000168328 4.00472e-05 7.98286e-06 1.32153e-06 1.786e-07
 1.56893e-11 1.70367e-09 1.0907e-07 4.11686e-06 9.16149e-05 0.00120203 0.00929924 0.0424384 0.114508 0.184768 0.188197 0.14744 0.120976 0.0964301 0.0568691 0.0241634 0.00881808 0.0031897 0.00111297 0.000359277 0.000103317 2.52702e-05 5.07976e-06 8.18997e-07 1.04236e-07
 1.58809e-11 1.72447e-09 1.10402e-07 4.16713e-06 9.27336e-05 0.0012167 0.00941274 0.0429554 0.11589 0.186892 0.189863 0.14746 0.11949 0.0946746 0.0557795 0.0236691 0.00849343 0.00288399 0.000889687 0.000249299 6.52905e-05 1.54801e-05 3.13466e-06 5.13845e-07 6.54563e-08
 1.65183e-11 1.79369e-09 1.14834e-07 4.3344e-06 9.64558e-05 0.00126554 0.00979038 0.0446754 0.120483 0.193923 0.195236 0.147046 0.113738 0.0880142 0.0516901 0.0220984 0.00804539 0.00275944 0.000843605 0.000224996 5.3088e-05 1.10389e-05 2.01737e-06 3.15623e-07 3.99575e-08
 1.67278e-11 1.81643e-09 1.1629e-07 4.38936e-06 9.76789e-05 0.00128158 0.00991451 0.0452413 0.122004 0.196322 0.197422 0.148067 0.113611 0.0869928 0.0498507 0.0199501 0.00645185 0.00199815 0.000588881 0.000156694 3.66359e-05 7.27749e-06 1.21074e-06 1.68308e-07 1.93236e-08
 1.70439e-11 1.85076e-09 1.18487e-07 4.47231e-06 9.95248e-05 0.0013058 0.0101018 0.0460946 0.124286 0.199845 0.20026 0.14834 0.111492 0.0842005 0.0476763 0.0185473 0.00562304 0.00158171 0.000416928 9.88745e-05 2.13413e-05 4.09898e-06 6.66979e-07 8.83941e-08 9.31753e-09
 1.75533e-11 1.90608e-09 1.22029e-07 4.60598e-06 0.000102499 0.00134483 0.0104036 0.0474693 0.12796 0.205484 0.204651 0.148276 0.107304 0.0791506 0.0442979 0.0169151 0.00492246 0.00130529 0.000322121 6.99836e-05 1.34802e-05 2.29883e-06 3.40018e-07 4.24989e-08 4.30299e-09
 1.77054e-11 1.9226e-09 1.23086e-07 4.6459e-06 0.000103388 0.00135648 0.0104937 0.04788 0.129059 0.207184 0.206039 0.148469 0.106374 0.0778536 0.0431952 0.0161272 0.00445005 0.00109467 0.000253092 5.17294e-05 9.26948e-06 1.44536e-06 1.91404e-07 2.1245e-08 1.94227e-09
 1.81024e-11 1.96571e-09 1.25846e-07 4.75007e-06 0.000105706 0.00138689 0.0107289 0.048951 0.131916 0.211539 0.209269 0.14789 0.102305 0.073389 0.0407983 0.0156084 0.00456192 0.00119817 0.000281535 5.52218e-05 9.21954e-06 1.33435e-06 1.63432e-07 1.65489e-08 1.358e-09
 1.80697e-11 1.96215e-09 1.25619e-07 4.74148e-06 0.000105515 0.00138439 0.0107095 0.0488632 0.131688 0.211238 0.209281 0.148703 0.103802 0.0745102 0.0406309 0.0145399 0.00360145 0.000748748 0.000152834 2.96478e-05 5.09552e-06 7.34625e-07 8.57067e-08 8.06382e-09 6.08892e-10
 1.84159e-11 1.99975e-09 1.28026e-07 4.83234e-06 0.000107537 0.00141091 0.0109147 0.0497972 0.13418 0.215032 0.212081 0.148152 0.100184 0.0705764 0.0385741 0.014165 0.00375503 0.000854545 0.000175314 2.98949e-05 4.2811e-06 5.49971e-07 6.24727e-08 5.861e-09 4.3035e-10
 1.90446e-11 2.06801e-09 1.32396e-07 4.99729e-06 0.000111207 0.00145907 0.0112871 0.0514937 0.138713 0.221992 0.217502 0.14808 0.0950185 0.0643259 0.0343537 0.0120986 0.00288552 0.000553039 0.00010068 1.70865e-05 2.52741e-06 3.13044e-07 3.13943e-08 2.56612e-09 1.73369e-10
 1.99646e-11 2.16792e-09 1.38792e-07 5.23871e-06 0.00011658 0.00152955 0.0118321 0.053976 0.145341 0.23212 0.225163 0.147223 0.0863206 0.0544486 0.0285544 0.0101816 0.00254408 0.000526339 9.89423e-05 1.56709e-05 2.0369e-06 2.29217e-07 2.23647e-08 1.7933e-09 1.12855e-10
#obs surv len freq
 2.2958e-11 2.21803e-09 1.2634e-07 4.24279e-06 8.40048e-05 0.00098064 0.00675048 0.0274243 0.0660456 0.0965315 0.0957011 0.0895236 0.100778 0.111666 0.111393 0.100233 0.0777258 0.052886 0.0328504 0.0179736 0.0080071 0.00269031 0.000638233 0.000101512 1.04328e-05
 3.89396e-12 3.6286e-10 1.99355e-08 6.45744e-07 1.2333e-05 0.000138939 0.000925178 0.00368218 0.00926381 0.0182769 0.0395903 0.0849753 0.135813 0.158754 0.156212 0.139312 0.107804 0.0714458 0.0413891 0.0206989 0.00844574 0.00260436 0.000566203 8.24186e-05 7.7495e-06
 8.97873e-11 8.05608e-09 4.26159e-07 1.3291e-05 0.000244389 0.00264938 0.0169337 0.0638146 0.141826 0.186153 0.145593 0.0727005 0.0378311 0.0475337 0.0714756 0.0778152 0.0612591 0.0386301 0.020988 0.00970496 0.00360283 0.00100517 0.000198103 2.62161e-05 2.24504e-06
 1.08007e-10 9.31561e-09 4.73706e-07 1.42019e-05 0.000251029 0.00261613 0.0160779 0.0583257 0.125552 0.1648 0.14921 0.128812 0.1223 0.0944241 0.0523926 0.028584 0.0220531 0.0172642 0.0104424 0.00475094 0.00163335 0.000412947 7.33141e-05 8.74506e-06 6.76971e-07
 1.34026e-10 1.1095e-08 5.41509e-07 1.5582e-05 0.000264351 0.00264423 0.015598 0.0543216 0.112361 0.142393 0.127064 0.113518 0.118124 0.112956 0.091416 0.0605619 0.0301336 0.0116836 0.0044345 0.00176059 0.000585348 0.000139776 2.27362e-05 2.4506e-06 1.70857e-07
 2.18702e-10 1.73516e-08 8.11642e-07 2.23836e-05 0.000363945 0.00348899 0.0197242 0.065822 0.13035 0.157469 0.131618 0.107283 0.104111 0.097106 0.0797146 0.055654 0.0301296 0.0121334 0.00375705 0.000972177 0.000226246 4.49026e-05 6.61732e-06 6.55789e-07 4.17472e-08
 2.75669e-10 2.09328e-08 9.37147e-07 2.47358e-05 0.000384937 0.00353203 0.0191148 0.0611196 0.116527 0.13873 0.124422 0.120062 0.125179 0.111083 0.0831039 0.0535002 0.0276816 0.0110741 0.00344877 0.000832303 0.000154008 2.20187e-05 2.42873e-06 1.97293e-07 1.09949e-08
 4.62295e-10 3.35548e-08 1.43591e-06 3.62278e-05 0.000538888 0.00472628 0.0244466 0.074679 0.135719 0.152341 0.124112 0.106035 0.105979 0.099162 0.0805144 0.0529798 0.0259443 0.00941221 0.00265923 0.000596632 0.000102582 1.28963e-05 1.15182e-06 7.2098e-08 3.12235e-09
 6.34278e-10 4.39527e-08 1.79568e-06 4.32527e-05 0.000614247 0.00514344 0.0254053 0.0741838 0.129538 0.143172 0.124348 0.119913 0.121076 0.103338 0.0748957 0.045796 0.0218803 0.00791571 0.00219082 0.000462637 7.28647e-05 8.3167e-06 6.66874e-07 3.6454e-08 1.32693e-09
 8.21802e-10 5.43064e-08 2.11579e-06 4.85999e-05 0.000658185 0.00525603 0.0247639 0.0690511 0.115784 0.126058 0.115857 0.122744 0.130568 0.117252 0.0882588 0.0522819 0.022431 0.00696213 0.00165846 0.000313786 4.56638e-05 4.82588e-06 3.54114e-07 1.75088e-08 5.7066e-10
 1.35543e-09 8.53256e-08 3.16679e-06 6.92947e-05 0.000893983 0.0068007 0.0305219 0.0810513 0.129272 0.133129 0.11426 0.114078 0.119444 0.109553 0.0840337 0.0491724 0.0202952 0.00591101 0.00127285 0.000209584 2.62352e-05 2.42282e-06 1.58937e-07 7.12673e-09 2.11376e-10
 2.16333e-09 1.29602e-07 4.57763e-06 9.53256e-05 0.00117039 0.00847334 0.0361966 0.0915465 0.139493 0.139066 0.11911 0.118182 0.117225 0.0990808 0.0702776 0.0389083 0.0155735 0.00447736 0.000950429 0.000150038 1.72674e-05 1.41394e-06 8.07258e-08 3.14911e-09 8.21092e-11
 3.02249e-09 1.72164e-07 5.78172e-06 0.000114476 0.00133638 0.00919974 0.0373811 0.0900771 0.131857 0.130718 0.119659 0.126313 0.125049 0.103097 0.0703254 0.0367363 0.0136659 0.00362881 0.000716433 0.00010683 1.17115e-05 9.06472e-07 4.79406e-08 1.69252e-09 3.92116e-11
 3.67324e-09 1.98766e-07 6.34126e-06 0.000119276 0.00132281 0.00865241 0.0334287 0.076875 0.109322 0.112623 0.118587 0.138446 0.141565 0.1192 0.0811112 0.040641 0.0140416 0.00337724 0.000594098 7.89069e-05 7.80759e-06 5.54274e-07 2.71921e-08 8.93646e-10 1.91952e-11
 5.02541e-09 2.58133e-07 7.8173e-06 0.000139577 0.00146943 0.00912459 0.0334817 0.0732864 0.100206 0.102807 0.11265 0.13641 0.146345 0.130633 0.0907885 0.0443236 0.0144996 0.00324137 0.000520388 6.19655e-05 5.43307e-06 3.40951e-07 1.48721e-08 4.39097e-10 8.56399e-12
 9.03943e-09 4.40443e-07 1.26526e-05 0.000214295 0.00214003 0.0126049 0.0438626 0.0909427 0.117124 0.111048 0.110766 0.126114 0.131974 0.116573 0.0802851 0.0393096 0.013273 0.0031495 0.000535257 6.46965e-05 5.44863e-06 3.14595e-07 1.2314e-08 3.22727e-10 5.57723e-12
 1.33412e-08 6.16247e-07 1.67825e-05 0.000269468 0.00255121 0.0142488 0.0470612 0.0930496 0.116746 0.115054 0.124204 0.139968 0.134047 0.105889 0.0658361 0.0294663 0.00917277 0.00203967 0.000334954 4.03948e-05 3.44501e-06 1.99773e-07 7.66058e-09 1.90793e-10 3.05036e-12
 1.96729e-08 8.6103e-07 2.22182e-05 0.000338025 0.0030324 0.0160496 0.050258 0.0944388 0.113792 0.110971 0.121335 0.138053 0.135278 0.109208 0.0673203 0.0291074 0.00865326 0.00182535 0.000282307 3.19766e-05 2.57999e-06 1.43528e-07 5.34782e-09 1.30154e-10 2.02736e-12
 2.88601e-08 1.19633e-06 2.9238e-05 0.000421306 0.00357983 0.0179495 0.0533012 0.0954312 0.111783 0.11131 0.125764 0.141346 0.134386 0.105093 0.0629152 0.0267371 0.00795891 0.00169815 0.000262592 2.89645e-05 2.22146e-06 1.15879e-07 4.03348e-09 9.19808e-11 1.35075e-12
 4.61374e-08 1.81079e-06 4.19011e-05 0.00057166 0.0045991 0.0218358 0.0614223 0.104354 0.116798 0.112921 0.124806 0.137321 0.128727 0.0985505 0.0567937 0.0230609 0.00659333 0.00136844 0.000208279 2.27013e-05 1.71075e-06 8.65606e-08 2.87765e-09 6.18296e-11 8.47643e-13
 6.39753e-08 2.37676e-06 5.20599e-05 0.000672331 0.00512067 0.0230266 0.0614838 0.100201 0.112055 0.116724 0.136542 0.146816 0.129939 0.0929144 0.0497563 0.0186849 0.00492062 0.000941931 0.000133522 1.37446e-05 9.89784e-07 4.81711e-08 1.54204e-09 3.17989e-11 4.15807e-13
 1.06945e-07 3.76034e-06 7.79536e-05 0.000952813 0.00686811 0.029228 0.0738302 0.113621 0.119148 0.1154 0.128317 0.136846 0.122873 0.0874679 0.044988 0.0157995 0.00382145 0.000663421 8.4874e-05 7.91323e-06 5.20607e-07 2.33859e-08 6.9761e-10 1.35056e-11 1.66591e-13
 1.42073e-07 4.72759e-06 9.27502e-05 0.00107292 0.00732071 0.0295144 0.0709158 0.105731 0.114491 0.124273 0.145198 0.146855 0.120573 0.079051 0.0383095 0.0129535 0.00305818 0.000516605 6.29068e-05 5.431e-06 3.24647e-07 1.31557e-08 3.54455e-10 6.23129e-12 7.02573e-14
 2.24493e-07 7.06956e-06 0.000131259 0.00143695 0.00927864 0.0353997 0.0804653 0.113318 0.115366 0.118072 0.134581 0.139217 0.11936 0.0796171 0.0379296 0.0124362 0.00285321 0.00047065 5.5874e-05 4.65828e-06 2.64912e-07 1.00399e-08 2.49083e-10 3.98698e-12 4.06818e-14
 2.75517e-07 8.2115e-06 0.000144294 0.00149515 0.00914101 0.0330736 0.0718432 0.0999163 0.110435 0.13064 0.154206 0.150255 0.11843 0.0735286 0.0333665 0.0106537 0.00241693 0.000395049 4.60456e-05 3.72649e-06 2.03911e-07 7.38176e-09 1.73594e-10 2.61145e-12 2.48198e-14
 3.92665e-07 1.10769e-05 0.000184234 0.0018069 0.010457 0.0358263 0.0737993 0.0979215 0.105097 0.123551 0.148559 0.152488 0.12624 0.0781907 0.033612 0.00986847 0.00204258 0.000308292 3.38811e-05 2.62502e-06 1.38151e-07 4.79729e-09 1.07628e-10 1.53605e-12 1.37821e-14
 5.78421e-07 1.54459e-05 0.000243189 0.00225791 0.0123729 0.0401791 0.0788073 0.101365 0.109747 0.130678 0.15216 0.147968 0.116088 0.068889 0.0288459 0.00838072 0.00172023 0.000252536 2.62443e-05 1.88895e-06 9.21187e-08 2.98168e-09 6.27871e-11 8.44658e-13 7.15164e-15
 7.91858e-07 2.00192e-05 0.000298409 0.00262326 0.0136148 0.0419362 0.0785395 0.0989077 0.11018 0.135207 0.156077 0.148644 0.113475 0.0649897 0.0262826 0.00745085 0.00150963 0.000219539 2.24357e-05 1.56437e-06 7.26076e-08 2.20192e-09 4.29966e-11 5.34066e-13 4.17598e-15
 1.06782e-06 2.55614e-05 0.000360782 0.00300338 0.0147673 0.0431768 0.0774191 0.0962344 0.111249 0.140423 0.160939 0.150541 0.111238 0.0604182 0.0228536 0.00603271 0.00114362 0.0001574 1.54007e-05 1.03478e-06 4.62861e-08 1.34618e-09 2.50113e-11 2.92958e-13 2.14185e-15
#pred catch len freq
 6.50307e-12 7.06155e-10 4.52087e-08 1.70641e-06 3.79742e-05 0.000498274 0.0038562 0.0176309 0.0480196 0.0810991 0.0996117 0.12248 0.155328 0.154859 0.11566 0.0761293 0.0488259 0.0296803 0.0175253 0.0105244 0.00664264 0.00456795 0.00337131 0.00235081 0.00129934
 3.74002e-12 4.06122e-10 2.60003e-08 9.81388e-07 2.184e-05 0.000286588 0.00221866 0.0101606 0.0279026 0.048959 0.068415 0.102401 0.146245 0.158613 0.136597 0.10822 0.0784666 0.0496784 0.0284773 0.0153576 0.00811399 0.00449977 0.00274448 0.00171173 0.000909452
 7.15298e-12 7.76728e-10 4.97269e-08 1.87694e-06 4.17689e-05 0.000548038 0.00424027 0.0193624 0.0524002 0.0858175 0.0934284 0.0895877 0.0977168 0.105281 0.104946 0.100904 0.0877364 0.0664889 0.043795 0.0247895 0.0123347 0.00575397 0.00275519 0.0014019 0.000667633
 8.94607e-12 9.71437e-10 6.21923e-08 2.34745e-06 5.22394e-05 0.000685423 0.00530336 0.0242196 0.065582 0.1077 0.11854 0.116016 0.124063 0.116505 0.0856631 0.060314 0.0496875 0.0437321 0.0350579 0.0236712 0.0131752 0.00611855 0.00251609 0.00100412 0.000391529
 9.88229e-12 1.0731e-09 6.87007e-08 2.59311e-06 5.77063e-05 0.00075715 0.00585824 0.0267513 0.0724062 0.118655 0.12944 0.12396 0.13028 0.122535 0.090631 0.0598783 0.0393097 0.0264329 0.0196017 0.0149317 0.00992805 0.0052933 0.00224556 0.000794274 0.000249636
 1.16744e-11 1.2677e-09 8.11595e-08 3.06337e-06 6.81711e-05 0.000894446 0.00692017 0.0315921 0.0853919 0.138998 0.147286 0.130437 0.126373 0.114344 0.0821097 0.0523489 0.0331258 0.0202519 0.0121305 0.00760715 0.00498742 0.00299627 0.00144554 0.000534853 0.000154446
 1.17902e-11 1.28028e-09 8.19645e-08 3.09375e-06 6.88473e-05 0.000903321 0.00698896 0.0319091 0.08629 0.14079 0.150715 0.137177 0.136107 0.121777 0.0821934 0.0465377 0.0262372 0.014876 0.00823349 0.00444831 0.00240675 0.00132009 0.00066669 0.000270271 8.15288e-05
 1.15353e-11 1.2526e-09 8.01924e-08 3.02687e-06 6.73589e-05 0.000883795 0.00683797 0.0312216 0.0844568 0.138009 0.148712 0.13778 0.139288 0.125827 0.0856123 0.0485968 0.0264738 0.0136721 0.00667973 0.00320194 0.00150476 0.000694136 0.000311949 0.000125525 3.98127e-05
 1.26361e-11 1.37213e-09 8.78451e-08 3.31572e-06 7.37867e-05 0.000968125 0.00749013 0.0341924 0.0923968 0.15021 0.158272 0.137844 0.130583 0.1153 0.0786402 0.0453303 0.0251133 0.0130044 0.00613517 0.00267972 0.00109661 0.000429156 0.000162117 5.74868e-05 1.75154e-05
 1.2594e-11 1.36755e-09 8.75521e-08 3.30466e-06 7.35407e-05 0.000964899 0.00746528 0.0340812 0.092128 0.150028 0.159259 0.141578 0.136674 0.119769 0.0779277 0.0408144 0.0206407 0.010344 0.0048901 0.00212177 0.000824346 0.000286984 9.13744e-05 2.69797e-05 7.16727e-06
 1.28938e-11 1.40011e-09 8.96367e-08 3.38334e-06 7.52915e-05 0.00098787 0.00764293 0.0348906 0.0942934 0.153372 0.161964 0.141887 0.134833 0.11757 0.0766486 0.040166 0.0198237 0.00927479 0.00401164 0.00164187 0.000623166 0.000209854 6.11684e-05 1.54697e-05 3.42522e-06
 1.39386e-11 1.51356e-09 9.68996e-08 3.65748e-06 8.1392e-05 0.00106791 0.00826191 0.0377106 0.101838 0.165021 0.171366 0.142852 0.12794 0.108449 0.0695323 0.0355874 0.0171456 0.00789788 0.003325 0.00128047 0.000448749 0.000141748 3.93455e-05 9.24111e-06 1.79709e-06
 1.45182e-11 1.5765e-09 1.00929e-07 3.80956e-06 8.47765e-05 0.00111231 0.00860533 0.0392758 0.106032 0.171554 0.176915 0.144307 0.12554 0.104417 0.0653913 0.0319162 0.014467 0.00636164 0.00259174 0.000970188 0.000326965 9.69565e-05 2.49551e-05 5.46041e-06 9.82952e-07
 1.40563e-11 1.52635e-09 9.77181e-08 3.68837e-06 8.20795e-05 0.00107693 0.00833175 0.0380305 0.102716 0.166558 0.173492 0.145909 0.13173 0.110724 0.0681386 0.0315462 0.0131954 0.00537913 0.00204656 0.000721597 0.000232325 6.61349e-05 1.61685e-05 3.30536e-06 5.50984e-07
 1.32221e-11 1.43576e-09 9.19187e-08 3.46947e-06 7.72084e-05 0.00101302 0.00783753 0.0357794 0.0967008 0.157331 0.16634 0.146122 0.138778 0.119206 0.0738335 0.0342647 0.0142221 0.005601 0.0019907 0.000644085 0.000191161 5.0824e-05 1.17503e-05 2.27893e-06 3.57535e-07
 1.3573e-11 1.47387e-09 9.43586e-08 3.56157e-06 7.92577e-05 0.00103991 0.00804542 0.0367257 0.0992217 0.161136 0.168982 0.145023 0.134279 0.114641 0.0719158 0.034597 0.0150763 0.0061192 0.00218033 0.000685833 0.000191219 4.6672e-05 9.89283e-06 1.78091e-06 2.62343e-07
 1.49439e-11 1.62273e-09 1.03889e-07 3.92128e-06 8.72626e-05 0.00114493 0.0088576 0.0404255 0.109112 0.17635 0.18098 0.14535 0.123756 0.101512 0.0625297 0.0294311 0.0125771 0.00514222 0.00189615 0.000618211 0.000174236 4.14528e-05 8.26305e-06 1.36791e-06 1.84869e-07
 1.53116e-11 1.66266e-09 1.06445e-07 4.01776e-06 8.94096e-05 0.0011731 0.0090755 0.0414193 0.111785 0.180595 0.184979 0.147592 0.124242 0.10028 0.0593275 0.025224 0.00920607 0.00333009 0.00116196 0.00037509 0.000107865 2.63824e-05 5.30333e-06 8.55043e-07 1.08824e-07
 1.54001e-11 1.67226e-09 1.0706e-07 4.04098e-06 8.99262e-05 0.00117987 0.00912791 0.0416581 0.112424 0.18158 0.185769 0.14766 0.123658 0.099587 0.0589183 0.0250217 0.00898005 0.00304927 0.000940675 0.000263587 6.90324e-05 1.63673e-05 3.31431e-06 5.43294e-07 6.92077e-08
 1.63857e-11 1.77929e-09 1.13912e-07 4.2996e-06 9.56813e-05 0.00125538 0.00971181 0.0443175 0.119527 0.192457 0.194106 0.147098 0.114884 0.0893668 0.0525572 0.0224753 0.008183 0.00280665 0.000858039 0.000228846 5.39963e-05 1.12278e-05 2.05189e-06 3.21024e-07 4.06412e-08
 1.67794e-11 1.82204e-09 1.16649e-07 4.40291e-06 9.79805e-05 0.00128554 0.00994511 0.0453807 0.122376 0.196892 0.19786 0.148039 0.113153 0.0864584 0.0495162 0.0198139 0.00640768 0.00198447 0.000584848 0.000155621 3.6385e-05 7.22764e-06 1.20245e-06 1.67156e-07 1.91913e-08
 1.71771e-11 1.86523e-09 1.19414e-07 4.50727e-06 0.000100303 0.00131601 0.0101807 0.0464541 0.125246 0.201315 0.201385 0.148259 0.110299 0.0828133 0.046816 0.0182066 0.00551941 0.00155255 0.000409241 9.70516e-05 2.09479e-05 4.0234e-06 6.54682e-07 8.67645e-08 9.14575e-09
 1.7775e-11 1.93015e-09 1.2357e-07 4.66414e-06 0.000103794 0.00136181 0.0105349 0.0480674 0.129557 0.207929 0.20652 0.148135 0.105307 0.0768342 0.0428694 0.0163591 0.0047601 0.00126222 0.00031149 6.7674e-05 1.30353e-05 2.22297e-06 3.28797e-07 4.10964e-08 4.16099e-09
 1.76828e-11 1.92014e-09 1.22929e-07 4.63997e-06 0.000103256 0.00135475 0.0104803 0.047819 0.128896 0.206935 0.205849 0.148484 0.10658 0.0780908 0.0433405 0.0161824 0.00446536 0.00109844 0.000253963 5.19075e-05 9.3014e-06 1.45034e-06 1.92063e-07 2.13182e-08 1.94896e-09
 1.8598e-11 2.01952e-09 1.29292e-07 4.88012e-06 0.0001086 0.00142486 0.0110225 0.0502882 0.135488 0.217006 0.213449 0.147576 0.0978427 0.0682115 0.0376011 0.0143596 0.00419554 0.0011019 0.000258911 5.07843e-05 8.47868e-06 1.22713e-06 1.50299e-07 1.52191e-08 1.24887e-09
 1.83239e-11 1.98976e-09 1.27386e-07 4.80818e-06 0.000106999 0.00140386 0.0108601 0.0495491 0.13352 0.21404 0.211413 0.14851 0.101464 0.0718225 0.0390065 0.0139465 0.0034539 0.000718051 0.000146568 2.84322e-05 4.8866e-06 7.04505e-07 8.21927e-08 7.7332e-09 5.83927e-10
 1.89799e-11 2.06099e-09 1.31947e-07 4.98032e-06 0.00011083 0.00145412 0.0112488 0.0513189 0.138244 0.22125 0.216822 0.14775 0.0950383 0.0646401 0.0349554 0.0128068 0.00339353 0.000772224 0.000158424 2.70148e-05 3.86866e-06 4.96987e-07 5.64541e-08 5.29635e-09 3.8889e-10
 1.93129e-11 2.09715e-09 1.34262e-07 5.0677e-06 0.000112774 0.00147963 0.0114461 0.0522176 0.140647 0.224949 0.219751 0.147869 0.0925411 0.0614828 0.0326416 0.0114808 0.00273748 0.000524643 9.551e-05 1.62091e-05 2.39762e-06 2.9697e-07 2.97822e-08 2.43435e-09 1.64467e-10
 1.88834e-11 2.05052e-09 1.31276e-07 4.95501e-06 0.000110266 0.00144673 0.0111916 0.0510588 0.137551 0.220203 0.216091 0.148038 0.096252 0.0658724 0.0354711 0.0127215 0.00318231 0.000658501 0.000123789 1.96063e-05 2.54843e-06 2.86779e-07 2.7981e-08 2.24365e-09 1.41196e-10
#obs catch len freq
 1.57335e-11 1.52005e-09 8.65828e-08 2.90766e-06 5.75703e-05 0.000672077 0.00462726 0.0188174 0.0455606 0.0684409 0.0759422 0.0892729 0.114855 0.125577 0.117877 0.105044 0.0869304 0.0642679 0.0421642 0.0239293 0.0110404 0.00382587 0.000929235 0.000150452 1.56862e-05
 1.56839e-11 1.46152e-09 8.02953e-08 2.60086e-06 4.96695e-05 0.000559299 0.00371508 0.014591 0.0343122 0.0514495 0.0622567 0.0854283 0.1195 0.138292 0.137939 0.122767 0.0939427 0.0632635 0.0387649 0.0206988 0.00888565 0.00284243 0.000635612 9.45887e-05 9.04863e-06
 1.15803e-12 1.03904e-10 5.49653e-09 1.71444e-07 3.15435e-06 3.43073e-05 0.000223125 0.000919214 0.00298448 0.0106031 0.036475 0.0890909 0.142974 0.164935 0.160911 0.141868 0.108116 0.0705851 0.0401911 0.0195959 0.00770057 0.00225898 0.000462616 6.29787e-05 5.51026e-06
 1.83028e-11 1.57861e-09 8.02738e-08 2.40664e-06 4.25391e-05 0.000443324 0.00272447 0.00988238 0.0212622 0.0278932 0.0259258 0.0292539 0.0579215 0.12014 0.184475 0.195121 0.149869 0.0928324 0.0494739 0.022246 0.00794142 0.00210681 0.000391067 4.83938e-05 3.85584e-06
 5.16734e-11 4.27766e-09 2.08778e-07 6.00765e-06 0.000101926 0.0010198 0.00602404 0.0211359 0.0454387 0.0686455 0.101516 0.161672 0.199992 0.16026 0.088385 0.0494516 0.0387069 0.0295667 0.0172858 0.00758219 0.00249782 0.000599749 0.000100258 1.11836e-05 8.05581e-07
 1.57597e-10 1.25036e-08 5.84874e-07 1.61297e-05 0.000262263 0.00251433 0.0142178 0.0475098 0.0947546 0.118601 0.113837 0.119863 0.135513 0.13015 0.103795 0.067007 0.0323532 0.0123546 0.00469066 0.00182482 0.000580353 0.000131118 2.00465e-05 2.01977e-06 1.31043e-07
 2.86478e-10 2.17536e-08 9.73892e-07 2.57057e-05 0.000400029 0.00367045 0.0198624 0.063483 0.120764 0.142208 0.122501 0.111079 0.114652 0.107169 0.0868821 0.0592578 0.0310893 0.0121249 0.00365125 0.000923762 0.000209151 3.96835e-05 5.50782e-06 5.09965e-07 3.01967e-08
 3.33118e-10 2.41787e-08 1.03468e-06 2.61049e-05 0.000388316 0.00340597 0.0176247 0.053959 0.0992046 0.117731 0.11605 0.129625 0.141804 0.124978 0.0921906 0.0580947 0.0292081 0.0113341 0.00341701 0.00079506 0.00014136 1.93436e-05 2.02598e-06 1.54687e-07 8.0379e-09
 6.2224e-10 4.31184e-08 1.7616e-06 4.24317e-05 0.000602587 0.00504574 0.0249212 0.0727468 0.126816 0.139064 0.117796 0.111014 0.115599 0.107623 0.0858009 0.0547899 0.0259078 0.00909735 0.00249148 0.000539248 8.87449e-05 1.06083e-05 8.962e-07 5.27945e-08 2.13993e-09
 9.04404e-10 5.97648e-08 2.32845e-06 5.34848e-05 0.000724338 0.00578423 0.0272506 0.0759561 0.127112 0.137115 0.12228 0.123764 0.125196 0.105089 0.0748465 0.0446035 0.020626 0.007213 0.00192662 0.000390916 5.8828e-05 6.37796e-06 4.82974e-07 2.48062e-08 8.4479e-10
 1.21604e-09 7.65508e-08 2.84112e-06 6.21686e-05 0.000802055 0.00610168 0.0273915 0.0728332 0.116939 0.124097 0.115901 0.125456 0.131947 0.116246 0.085445 0.0488886 0.0201661 0.00603703 0.00139148 0.000253768 3.52996e-05 3.53872e-06 2.44896e-07 1.13681e-08 3.46532e-10
 2.04072e-09 1.22256e-07 4.31817e-06 8.99225e-05 0.00110405 0.0079931 0.0341456 0.0863667 0.13166 0.131565 0.113766 0.11558 0.119822 0.107871 0.0805236 0.045333 0.0179312 0.00501705 0.00104042 0.000164692 1.97157e-05 1.73019e-06 1.07173e-07 4.51287e-09 1.25157e-10
 3.30788e-09 1.8842e-07 6.32765e-06 0.000125285 0.00146255 0.0100679 0.0408991 0.0984373 0.143236 0.138379 0.118689 0.118352 0.115386 0.0955396 0.066027 0.0352331 0.0135321 0.00373685 0.000761884 0.000115105 1.26153e-05 9.7923e-07 5.27646e-08 1.93419e-09 4.71974e-11
 4.72289e-09 2.55565e-07 8.1533e-06 0.000153359 0.00170076 0.011123 0.0429438 0.098402 0.137483 0.131988 0.120019 0.125305 0.121072 0.097539 0.0646426 0.0324587 0.0115648 0.00294806 0.000559448 7.98819e-05 8.33233e-06 6.10076e-07 3.03815e-08 1.00623e-09 2.18008e-11
 5.89206e-09 3.02649e-07 9.16541e-06 0.000163647 0.00172281 0.0106974 0.0392416 0.0857661 0.116423 0.11617 0.120396 0.137172 0.136411 0.11199 0.0736742 0.0353189 0.0116454 0.00268138 0.000452821 5.76182e-05 5.43041e-06 3.64946e-07 1.68591e-08 5.19481e-10 1.04262e-11
 8.07988e-09 3.9369e-07 1.13095e-05 0.000191549 0.00191291 0.0112685 0.0392351 0.0815903 0.106571 0.106258 0.114919 0.1361 0.142408 0.123632 0.0825654 0.0383938 0.0119519 0.00255149 0.000392284 4.46665e-05 3.72707e-06 2.21425e-07 9.10012e-09 2.52067e-10 4.59537e-12
 1.47492e-08 6.81288e-07 1.85538e-05 0.000297906 0.00282034 0.0157489 0.0519644 0.102237 0.125362 0.114413 0.111278 0.123389 0.125892 0.108055 0.071489 0.0333948 0.0107566 0.00243802 0.000395199 4.53874e-05 3.61825e-06 1.97137e-07 7.25946e-09 1.78418e-10 2.88248e-12
 2.16949e-08 9.49525e-07 2.45017e-05 0.000372766 0.00334402 0.0176978 0.0554026 0.103948 0.12437 0.118452 0.124584 0.136011 0.126563 0.0971351 0.0580716 0.0248052 0.00737088 0.00156897 0.000246472 2.82846e-05 2.28114e-06 1.24479e-07 4.47583e-09 1.04247e-10 1.55521e-12
 3.21544e-08 1.33289e-06 3.25754e-05 0.000469392 0.00398827 0.0199939 0.059318 0.10573 0.121437 0.114307 0.121484 0.133994 0.127698 0.0998462 0.0589432 0.0242659 0.00687669 0.00138671 0.00020492 2.20823e-05 1.68588e-06 8.83092e-08 3.08515e-09 7.016e-11 1.01842e-12
 4.75641e-08 1.86679e-06 4.31968e-05 0.000589337 0.00474128 0.0225102 0.0633098 0.107481 0.119908 0.114827 0.125264 0.136046 0.125694 0.0951467 0.0545632 0.0221069 0.00627946 0.00127943 0.000188428 1.97055e-05 1.42672e-06 6.99929e-08 2.28338e-09 4.86497e-11 6.65695e-13
 7.69971e-08 2.86054e-06 6.2656e-05 0.000809159 0.00616213 0.0276951 0.0737547 0.11869 0.12603 0.115978 0.122518 0.129887 0.118149 0.0873066 0.048095 0.0186097 0.00508034 0.00100772 0.000146088 1.50815e-05 1.07095e-06 5.0855e-08 1.58154e-09 3.17048e-11 4.04648e-13
 1.08099e-07 3.80092e-06 7.8795e-05 0.000963102 0.00694242 0.0295473 0.0746742 0.11519 0.121869 0.119965 0.13319 0.137531 0.117887 0.0812497 0.0415426 0.0148503 0.00373173 0.000682877 9.22865e-05 9.00519e-06 6.11219e-07 2.7907e-08 8.35023e-10 1.6049e-11 1.95161e-13
 1.80134e-07 5.99411e-06 0.000117597 0.00136028 0.00927944 0.0373717 0.0893324 0.130032 0.128671 0.117146 0.123296 0.126403 0.109761 0.0749717 0.0366763 0.0122293 0.00281682 0.00046686 5.69239e-05 5.0329e-06 3.1228e-07 1.31674e-08 3.67251e-10 6.62666e-12 7.59944e-14
 2.39171e-07 7.53179e-06 0.000139841 0.00153091 0.00988547 0.0377173 0.0857593 0.120926 0.123504 0.126049 0.139499 0.135491 0.107595 0.0678205 0.0313278 0.0100723 0.00226443 0.000364365 4.21413e-05 3.44072e-06 1.93716e-07 7.36627e-09 1.85604e-10 3.0421e-12 3.18964e-14
 3.8037e-07 1.13365e-05 0.000199204 0.00206393 0.0126129 0.0455389 0.0979244 0.130221 0.124344 0.118538 0.127546 0.126851 0.104947 0.0669847 0.0303349 0.00945242 0.00206542 0.000324396 3.65298e-05 2.87467e-06 1.53649e-07 5.45405e-09 1.26367e-10 1.88437e-12 1.78749e-14
 4.7824e-07 1.34909e-05 0.000224383 0.00220061 0.0127337 0.0435972 0.08952 0.117116 0.120099 0.131026 0.145549 0.136086 0.103494 0.061583 0.0266168 0.00808904 0.00174814 0.000271711 2.99859e-05 2.28707e-06 1.17474e-07 3.97847e-09 8.72775e-11 1.22189e-12 1.07867e-14
 6.88277e-07 1.83794e-05 0.00028937 0.0026865 0.0147164 0.0477102 0.0928596 0.115648 0.114471 0.123528 0.140024 0.138081 0.109774 0.0647467 0.0263983 0.00736341 0.00145235 0.000208809 2.17593e-05 1.58925e-06 7.84632e-08 2.54649e-09 5.32434e-11 7.06588e-13 5.88451e-15
 1.00361e-06 2.53725e-05 0.000378198 0.00332432 0.0172449 0.0529935 0.0981847 0.118382 0.118011 0.129279 0.142198 0.132904 0.100195 0.0566953 0.0225519 0.00622826 0.00121606 0.000169471 1.66538e-05 1.12883e-06 5.16471e-08 1.56289e-09 3.06734e-11 3.83609e-13 3.01346e-15
 1.40394e-06 3.36072e-05 0.000474327 0.00394801 0.0193982 0.056527 0.099831 0.117037 0.118339 0.132441 0.144166 0.131786 0.0964813 0.0526379 0.0202299 0.00545626 0.00105179 0.000145055 1.39904e-05 9.16615e-07 3.98335e-08 1.12778e-09 2.05091e-11 2.36749e-13 1.71735e-15
#spawning biomass
 10191 9569.88 8012.33 8044.28 11032.9 15974.9 21733.9 29320 40497 48755.7 57954.3 71611.7 96931.5 112843 110213 103604 103495 92564.9 91739.4 102765 104344 100780 100416 100036 124538 106876 118076 108895 160518 318298 528486 561418 524855 454448 376180 304386 244884 198558 163970 138893 121093 108655 100061 94128 90041.5 87329.4 85529.6 84335.1 83542.4 83016.3 82667.1 82435.4 82281.7 82179.6 82111.9 82066.9 82037.1 82017.3 82004.2 81995.4 81989.7 81985.8 81983.3 81981.6 81980.5 81979.7 81979.2 81978.9 81978.7 81978.5 81978.4 81978.4 81978.3 81978.3 81978.3 81978.3 81978.3 81978.3 81978.2 81978.2 81978.2 81978.2 81978.2 81978.2 81978.2 81978.2 81978.2 81978.2 81978.2 81978.2 81978.2 81978.2 81978.2 81978.2 81978.2 81978.2 81978.2 81978.2 81978.2 81978.2 81978.2 81978.2 81978.2 81978.2 81978.2 81978.2 81978.2 81978.2 81978.2 81978.2 81978.2 81978.2 81978.2 81978.2 81978.2 81978.2 81978.2 81978.2 81978.2 81978.2 81978.2 81978.2 81978.2 81978.2 81978.2 81978.2 81978.2 81978.2 81978.2 0 0 0 0 0 0 0 0 0 0 0 0 0 0 0 0 0 0 0 0 0 0 0 0 0
