SBPRF35
0.819782
Curr Bio
140770
B35
710606
F35
0.204865
FOFL
0
OFL
0
Bzero
234224
#pred survey bio
 7738.4 6929.64 7996.66 10819.6 14713 16971.7 16958.4 21258.1 33115.3 45463.1 58840.5 78937.4 106450 129825 133457 111417 106060 100139 95965.9 98629.3 101861 106130 110550 120748 124468 133306 128733 145965 4.31605e+06 6.48556e+06 7.13273e+06 6.92091e+06 6.25116e+06 5.43264e+06 4.64531e+06 3.97017e+06 3.42859e+06 3.01203e+06 2.70027e+06 2.47105e+06 2.30435e+06 2.18372e+06 2.09575e+06 2.03047e+06 1.98415e+06 1.95095e+06 1.92693e+06 1.90935e+06 1.89635e+06 1.88664e+06 1.8793e+06 1.8737e+06 1.8694e+06 1.86605e+06 1.86344e+06 1.86137e+06 1.85974e+06 1.85844e+06 1.85739e+06 1.85656e+06 1.85588e+06 1.85534e+06 1.85489e+06 1.85454e+06 1.85424e+06 1.85401e+06 1.85381e+06 1.85366e+06 1.85353e+06 1.85342e+06 1.85334e+06 1.85327e+06 1.85321e+06 1.85316e+06 1.85312e+06 1.85309e+06 1.85307e+06 1.85304e+06 1.85303e+06 1.85301e+06 1.853e+06 1.85299e+06 1.85298e+06 1.85298e+06 1.85297e+06 1.85297e+06 1.85297e+06 1.85296e+06 1.85296e+06 1.85296e+06 1.85296e+06 1.85296e+06 1.85295e+06 1.85295e+06 1.85295e+06 1.85295e+06 1.85295e+06 1.85295e+06 1.85295e+06 1.85295e+06 1.85295e+06 1.85295e+06 1.85295e+06 1.85295e+06 1.85295e+06 1.85295e+06 1.85295e+06 1.85295e+06 1.85295e+06 1.85295e+06 1.85295e+06 1.85295e+06 1.85295e+06 1.85295e+06 1.85295e+06 1.85295e+06 1.85295e+06 1.85295e+06 1.85295e+06 1.85295e+06 1.85295e+06 1.85295e+06 1.85295e+06 1.85295e+06 1.85295e+06 1.85295e+06 1.85295e+06 1.85295e+06 0 0 0 0 0 0 0 0 0 0 0 0 0 0 0 0 0 0 0 0 0 0 0 0 0
#obs survey bio
 7070.21 7572.04 7445.09 11881.8 19708.8 16801.2 16818.3 23497.2 44241.7 46462.1 57839.1 120672 117889 98956.3 172235 99253.4 206347 134753 70189.6 98186.1 107272 105126 102721 97447.2 127579 157895 150491 119003
#pred catch bio
 5498.65 5137.66 5880.29 7793.89 10545.9 12814.6 12982.1 15528.3 24990.1 34637.5 44964.6 60511.7 84216.2 104121 111933 90985.9 88175.7 84016 80952 84955.9 87710 91905.9 96127.4 109007 109410 120181 111114 112464 0 51624.5 56409.9 54220.5 48383.7 41449.9 34889 29345.4 24969.4 21666.2 19249.2 17519.8 16302.6 15455.8 14868.3 14459.3 14186.5 14004.6 13883.2 13802.2 13748.2 13712.2 13688.1 13672.1 13661.4 13654.3 13649.5 13646.4 13644.2 13642.8 13641.9 13641.3 13640.8 13640.6 13640.4 13640.2 13640.2 13640.1 13640.1 13640 13640 13640 13640 13640 13640 13640 13640 13640 13640 13640 13640 13640 13640 13640 13640 13640 13640 13640 13640 13640 13640 13640 13640 13640 13640 13640 13640 13640 13640 13640 13640 13640 13640 13640 13640 13640 13640 13640 13640 13640 13640 13640 13640 13640 13640 13640 13640 13640 13640 13640 13640 13640 13640 13640 13640 13640 13640 13640 13640 13640 0 0 0 0 0 0 0 0 0 0 0 0 0 0 0 0 0 0 0 0 0 0 0 0 0
#obs catch bio
 4678.07 5049.4 5795.72 7541.08 10090.3 12473.2 12739.5 15005.1 23930 33713.9 43515.1 57857.5 81064.3 103062 109730 89994.7 83177.9 79822.6 80018.4 83661.8 85424.9 88418.1 93214 107908 106247 114873 109208 111927
#pred cpue bio
 7051.67 6061.25 6808.57 9144.24 12587.1 14969.4 14709.4 17713.9 27661.8 38480.8 49767.8 66221.1 89619.7 109874 116029 96428.3 90989.3 85915.1 81636.2 83071.4 85447.1 89204.2 92467.1 100229 102850 111518 107094 121303 3.72415e+06 6.45419e+06 7.10136e+06 6.88954e+06 6.21979e+06 5.40127e+06 4.61394e+06 3.9388e+06 3.39722e+06 2.98066e+06 2.6689e+06 2.43968e+06 2.27298e+06 2.15235e+06 2.06438e+06 1.9991e+06 1.95278e+06 1.91958e+06 1.89556e+06 1.87798e+06 1.86498e+06 1.85527e+06 1.84793e+06 1.84233e+06 1.83803e+06 1.83468e+06 1.83206e+06 1.83e+06 1.82837e+06 1.82707e+06 1.82602e+06 1.82519e+06 1.82451e+06 1.82397e+06 1.82352e+06 1.82317e+06 1.82287e+06 1.82264e+06 1.82244e+06 1.82229e+06 1.82216e+06 1.82205e+06 1.82197e+06 1.8219e+06 1.82184e+06 1.82179e+06 1.82175e+06 1.82172e+06 1.8217e+06 1.82167e+06 1.82166e+06 1.82164e+06 1.82163e+06 1.82162e+06 1.82161e+06 1.82161e+06 1.8216e+06 1.8216e+06 1.8216e+06 1.82159e+06 1.82159e+06 1.82159e+06 1.82159e+06 1.82159e+06 1.82158e+06 1.82158e+06 1.82158e+06 1.82158e+06 1.82158e+06 1.82158e+06 1.82158e+06 1.82158e+06 1.82158e+06 1.82158e+06 1.82158e+06 1.82158e+06 1.82158e+06 1.82158e+06 1.82158e+06 1.82158e+06 1.82158e+06 1.82158e+06 1.82158e+06 1.82158e+06 1.82158e+06 1.82158e+06 1.82158e+06 1.82158e+06 1.82158e+06 1.82158e+06 1.82158e+06 1.82158e+06 1.82158e+06 1.82158e+06 1.82158e+06 1.82158e+06 1.82158e+06 1.82158e+06 1.82158e+06 1.82158e+06 0 0 0 0 0 0 0 0 0 0 0 0 0 0 0 0 0 0 0 0 0 0 0 0 0
#obs cpue bio
 8061.75 9077.73 8347.32 16439.7 19487.2 19073.6 22119.8 27411.2 44797.7 46862.2 97173.1 88828.7 140473 132910 137611 125432 149198 130976 107934 114019 127204 175178 152186 137000 170190 203475 106543 165005
#pred surv len freq
 2.5656e-27 2.5949e-27 3.89542e-26 7.67781e-20 1.88212e-14 5.57706e-10 1.99761e-06 0.000864889 0.0452652 0.28636 0.219257 0.0375668 0.131902 0.121891 0.0308675 0.0401329 0.0186209 0.016235 0.0109861 0.00906897 0.00763804 0.00701519 0.0074244 0.00680244 0.0021005
 2.5675e-27 2.59973e-27 4.27486e-26 8.47806e-20 2.07829e-14 6.15836e-10 2.20582e-06 0.000955036 0.0499831 0.316207 0.242098 0.0407443 0.140037 0.129015 0.0255098 0.0258546 0.0101922 0.00663359 0.00365091 0.0025228 0.00184164 0.00150167 0.00144473 0.00134751 0.00045872
 2.56879e-27 2.60314e-27 4.56514e-26 9.09039e-20 2.2284e-14 6.60315e-10 2.36514e-06 0.00102401 0.0535932 0.339045 0.25954 0.0409587 0.129415 0.119131 0.0223606 0.0210663 0.00728719 0.00329317 0.00139007 0.000711181 0.00040287 0.000272947 0.000227815 0.000205214 7.29815e-05
 2.5691e-27 2.60395e-27 4.63155e-26 9.23045e-20 2.26273e-14 6.70489e-10 2.40158e-06 0.00103979 0.0544189 0.344269 0.263533 0.0411877 0.128353 0.118084 0.0209781 0.018158 0.00611578 0.00248723 0.000838583 0.000291852 0.0001118 5.46677e-05 3.62136e-05 2.95252e-05 1.05476e-05
 2.56835e-27 2.60189e-27 4.44918e-26 8.84573e-20 2.16842e-14 6.42543e-10 2.30148e-06 0.000996453 0.0521508 0.32992 0.252585 0.0417536 0.140351 0.12916 0.023019 0.0200174 0.0065696 0.00239973 0.000764121 0.000224192 5.64984e-05 1.67793e-05 7.35338e-06 4.88206e-06 1.68269e-06
 2.56629e-27 2.59635e-27 3.96411e-26 7.82245e-20 1.91758e-14 5.68213e-10 2.03524e-06 0.000881183 0.0461179 0.291755 0.223459 0.0427897 0.1687 0.15541 0.0292993 0.027747 0.00913138 0.00334758 0.00101833 0.000269334 5.80934e-05 1.10524e-05 2.52823e-06 1.10118e-06 3.43861e-07
 2.56756e-27 2.59987e-27 4.28306e-26 8.49534e-20 2.08253e-14 6.17091e-10 2.21032e-06 0.000956982 0.050085 0.316851 0.242598 0.0412333 0.143409 0.132199 0.0274864 0.0294765 0.00997863 0.00406868 0.00125242 0.000326896 6.41978e-05 1.01322e-05 1.31135e-06 2.63622e-07 6.43542e-08
 2.56993e-27 2.60622e-27 4.83559e-26 9.66092e-20 2.36826e-14 7.01757e-10 2.51358e-06 0.00108828 0.0569568 0.360324 0.275779 0.0403595 0.113446 0.104368 0.0192762 0.0177489 0.00629208 0.00302526 0.000988357 0.000280953 5.52701e-05 8.06117e-06 8.02585e-07 7.02652e-08 9.40168e-09
 2.56971e-27 2.60555e-27 4.76963e-26 9.52174e-20 2.33414e-14 6.91648e-10 2.47737e-06 0.0010726 0.0561363 0.355133 0.271827 0.0411161 0.121981 0.112133 0.0186514 0.0143384 0.00478294 0.00189366 0.000660995 0.000216901 4.67792e-05 7.05128e-06 6.44152e-07 3.61251e-08 1.90172e-09
 2.56894e-27 2.60347e-27 4.58487e-26 9.13197e-20 2.23859e-14 6.63335e-10 2.37595e-06 0.0010287 0.0538383 0.340596 0.260736 0.041696 0.134186 0.123401 0.0207446 0.0162629 0.00517033 0.00163897 0.000507585 0.000147632 3.61313e-05 6.134e-06 5.87334e-07 2.88687e-08 7.69277e-10
 2.56901e-27 2.60368e-27 4.6057e-26 9.17591e-20 2.24936e-14 6.66527e-10 2.38739e-06 0.00103365 0.0540974 0.342235 0.261983 0.0414152 0.131173 0.120671 0.0211767 0.0179396 0.00573791 0.00185389 0.000527184 0.000123604 2.59035e-05 4.6104e-06 5.04357e-07 2.58405e-08 5.48482e-10
 2.56948e-27 2.60495e-27 4.71795e-26 9.41272e-20 2.30742e-14 6.83729e-10 2.449e-06 0.00106032 0.0554935 0.351067 0.268722 0.0411159 0.124161 0.114187 0.019798 0.0164324 0.00535828 0.00189909 0.0005496 0.000127072 2.22074e-05 3.24816e-06 3.56174e-07 2.05682e-08 4.44319e-10
 2.56926e-27 2.60433e-27 4.66142e-26 9.29345e-20 2.27818e-14 6.75065e-10 2.41797e-06 0.00104689 0.0547904 0.346619 0.265331 0.0414413 0.12902 0.118636 0.0199493 0.015654 0.0050714 0.0017564 0.000525304 0.000131282 2.30569e-05 2.94318e-06 2.61209e-07 1.48567e-08 3.53013e-10
 2.56895e-27 2.60348e-27 4.58524e-26 9.13274e-20 2.23878e-14 6.63391e-10 2.37616e-06 0.00102878 0.0538429 0.340625 0.260758 0.0417127 0.134297 0.123499 0.0206842 0.0161018 0.00514355 0.00166608 0.000490031 0.000121618 2.27765e-05 3.00204e-06 2.36371e-07 1.10396e-08 2.5671e-10
 2.56724e-27 2.59884e-27 4.17525e-26 8.26784e-20 2.02676e-14 6.00565e-10 2.15112e-06 0.000931354 0.0487437 0.308366 0.236146 0.0429331 0.160877 0.148027 0.0250295 0.0198408 0.00632844 0.00202869 0.000581172 0.000136121 2.50777e-05 3.43819e-06 2.81072e-07 1.17204e-08 2.29452e-10
 2.56759e-27 2.59983e-27 4.26656e-26 8.46048e-20 2.07399e-14 6.14559e-10 2.20125e-06 0.000953056 0.0498795 0.315552 0.241622 0.0422877 0.152119 0.14003 0.0251488 0.0221314 0.00710153 0.00232506 0.00066529 0.000153208 2.68448e-05 3.55457e-06 2.98319e-07 1.27562e-08 2.24224e-10
 2.56817e-27 2.60141e-27 4.40701e-26 8.75677e-20 2.14662e-14 6.36081e-10 2.27833e-06 0.000986432 0.0516263 0.326602 0.250053 0.0418548 0.142901 0.131518 0.0235469 0.0206309 0.00680592 0.00252725 0.00073831 0.00017282 2.99851e-05 3.80945e-06 3.06627e-07 1.33298e-08 2.36419e-10
 2.56813e-27 2.60128e-27 4.39202e-26 8.72513e-20 2.13886e-14 6.33783e-10 2.2701e-06 0.000982868 0.0514398 0.325422 0.249157 0.0421906 0.146085 0.13439 0.0228533 0.0183209 0.00602654 0.00223061 0.000684501 0.000177909 3.16894e-05 4.02455e-06 3.12061e-07 1.30408e-08 2.3313e-10
 2.56865e-27 2.60269e-27 4.51645e-26 8.98763e-20 2.20321e-14 6.5285e-10 2.3384e-06 0.00101244 0.0529874 0.335213 0.256627 0.0418367 0.138143 0.127065 0.0216168 0.0173345 0.00556841 0.00185184 0.000560983 0.00014788 2.88591e-05 3.90378e-06 3.04512e-07 1.23049e-08 2.12453e-10
 2.56922e-27 2.60421e-27 4.6488e-26 9.26684e-20 2.27165e-14 6.73132e-10 2.41105e-06 0.00104389 0.0546335 0.345626 0.264575 0.0415961 0.130729 0.120189 0.0197794 0.0148719 0.00477279 0.00158485 0.000460148 0.000111144 2.16356e-05 3.13153e-06 2.64527e-07 1.0835e-08 1.81664e-10
 2.56942e-27 2.60472e-27 4.69179e-26 9.35751e-20 2.29388e-14 6.79718e-10 2.43464e-06 0.0010541 0.055168 0.349008 0.267159 0.0416819 0.129566 0.11907 0.0187494 0.0127975 0.00403873 0.00124408 0.000358081 8.51482e-05 1.53367e-05 2.14003e-06 1.91116e-07 8.45843e-09 1.44534e-10
 2.5693e-27 2.60439e-27 4.66174e-26 9.29412e-20 2.27834e-14 6.75113e-10 2.41814e-06 0.00104696 0.0547943 0.346644 0.265356 0.0418204 0.131887 0.121204 0.0189934 0.0128115 0.00396428 0.00109344 0.000302074 6.74911e-05 1.19451e-05 1.57084e-06 1.33431e-07 6.1788e-09 1.13165e-10
 2.56957e-27 2.60514e-27 4.72808e-26 9.43407e-20 2.31265e-14 6.85279e-10 2.45455e-06 0.00106273 0.0556194 0.351863 0.269338 0.041596 0.127382 0.117053 0.0183822 0.0124617 0.00384831 0.00104611 0.000278198 5.61606e-05 9.3083e-06 1.1728e-06 9.44053e-08 4.17388e-09 7.92782e-11
 2.56998e-27 2.60623e-27 4.8245e-26 9.63747e-20 2.36251e-14 7.00054e-10 2.50748e-06 0.00108564 0.0568185 0.35945 0.275127 0.0413523 0.12146 0.111578 0.0172221 0.0111939 0.00345701 0.000944831 0.000250383 4.93593e-05 7.55017e-06 8.67699e-07 6.57785e-08 2.75033e-09 5.02784e-11
 2.57019e-27 2.60678e-27 4.87114e-26 9.73585e-20 2.38663e-14 7.072e-10 2.53307e-06 0.00109672 0.0573986 0.363119 0.277929 0.0413996 0.119851 0.110051 0.0161779 0.00919421 0.00280981 0.000733284 0.000193405 3.8245e-05 5.76366e-06 6.21039e-07 4.24754e-08 1.65093e-09 2.84962e-11
 2.56953e-27 2.60499e-27 4.71243e-26 9.40103e-20 2.30455e-14 6.82879e-10 2.44596e-06 0.00105901 0.0554246 0.350631 0.268402 0.041888 0.130261 0.119657 0.0178803 0.0106545 0.00319293 0.000721979 0.000183651 3.49268e-05 5.24468e-06 5.59637e-07 3.60869e-08 1.26604e-09 2.01573e-11
 2.56984e-27 2.60584e-27 4.78834e-26 9.56118e-20 2.34381e-14 6.94512e-10 2.48763e-06 0.00107705 0.0563688 0.356604 0.272958 0.041594 0.124823 0.114654 0.0172635 0.0105091 0.0031726 0.00075275 0.000185549 3.1064e-05 4.43391e-06 4.62565e-07 2.94831e-08 9.77086e-10 1.40987e-11
 2.56991e-27 2.60604e-27 4.8071e-26 9.60076e-20 2.35351e-14 6.97387e-10 2.49792e-06 0.00108151 0.0566021 0.35808 0.274083 0.0414365 0.122834 0.112842 0.017367 0.0112022 0.00339704 0.000824874 0.000206704 3.56605e-05 4.69188e-06 4.43773e-07 2.72672e-08 8.86647e-10 1.20967e-11
#obs surv len freq
 1.64041e-41 2.27678e-33 3.81977e-26 7.74642e-20 1.89894e-14 5.62691e-10 2.01547e-06 0.000872629 0.0456699 0.288921 0.221359 0.0442771 0.164438 0.139768 0.0433075 0.0351355 0.0114145 0.00388525 0.000835512 0.000108149 6.12045e-06 1.0917e-07 4.56725e-10 3.6061e-13 4.64994e-17
 1.90106e-41 2.63855e-33 4.42672e-26 8.97729e-20 2.20068e-14 6.52101e-10 2.33572e-06 0.00101129 0.0529267 0.33483 0.256426 0.0440445 0.132529 0.106633 0.034041 0.0260384 0.00827629 0.0026542 0.000524952 5.95658e-05 2.79967e-06 3.92161e-08 1.23037e-10 7.06956e-14 6.52601e-18
 1.93148e-41 2.68077e-33 4.49754e-26 9.12092e-20 2.23589e-14 6.62534e-10 2.37309e-06 0.00102747 0.0537735 0.340187 0.260599 0.047044 0.140533 0.105737 0.0268006 0.0171085 0.00527999 0.00158887 0.000289661 2.86216e-05 1.10671e-06 1.21057e-08 2.85093e-11 1.19638e-14 7.92675e-19
 1.9618e-41 2.72285e-33 4.56814e-26 9.2641e-20 2.27099e-14 6.72934e-10 2.41034e-06 0.00104359 0.0546176 0.345527 0.264742 0.0487718 0.139376 0.0988241 0.0265176 0.0157129 0.00376047 0.000935543 0.000155199 1.33209e-05 4.21231e-07 3.57564e-09 6.30456e-12 1.9352e-15 9.23678e-20
 1.7592e-41 2.44165e-33 4.09638e-26 8.30737e-20 2.03645e-14 6.03438e-10 2.16142e-06 0.000935819 0.0489771 0.309844 0.237688 0.054939 0.176502 0.117476 0.0314418 0.0172232 0.00402548 0.000833327 0.000103863 7.38034e-06 1.89726e-07 1.24577e-09 1.63996e-12 3.67853e-16 1.26631e-20
 1.44657e-41 2.00775e-33 3.36841e-26 6.83107e-20 1.67456e-14 4.96202e-10 1.77731e-06 0.000769515 0.0402734 0.254784 0.195916 0.0625013 0.221273 0.140446 0.0496649 0.0271408 0.00597993 0.00112848 0.000116247 5.98548e-06 1.16481e-07 5.85225e-10 5.74581e-13 9.41412e-17 2.33715e-21
 2.07426e-41 2.87894e-33 4.83001e-26 9.79517e-20 2.40117e-14 7.11511e-10 2.54852e-06 0.00110342 0.0577486 0.365335 0.280016 0.0503209 0.113386 0.069982 0.0358081 0.0199819 0.0052553 0.000969956 8.71186e-05 3.49229e-06 4.76914e-08 1.70614e-10 1.22345e-13 1.46045e-17 2.61637e-22
 1.98277e-41 2.75196e-33 4.61698e-26 9.36315e-20 2.29527e-14 6.80129e-10 2.43611e-06 0.00105475 0.0552015 0.349224 0.268057 0.0601973 0.151937 0.0818991 0.0194879 0.0091474 0.00310093 0.000631772 5.73968e-05 1.92305e-06 1.94639e-08 4.78722e-11 2.35621e-14 1.97909e-18 2.52883e-23
 2.01268e-41 2.79347e-33 4.68663e-26 9.50439e-20 2.32989e-14 6.90389e-10 2.47286e-06 0.00107066 0.0560343 0.354492 0.272209 0.0618698 0.145563 0.0748016 0.0231354 0.00889341 0.00158382 0.000311821 3.14004e-05 1.00347e-06 8.24772e-09 1.47338e-11 4.97475e-15 2.8257e-19 2.47012e-24
 1.73098e-41 2.40249e-33 4.03067e-26 8.17412e-20 2.00379e-14 5.9376e-10 2.12675e-06 0.000920809 0.0481915 0.30488 0.234955 0.0761216 0.198719 0.0951144 0.0285213 0.010386 0.00193104 0.000238307 1.80098e-05 5.65908e-07 4.18942e-09 5.97324e-12 1.4748e-15 5.8297e-20 3.46811e-25
 2.01529e-41 2.79709e-33 4.69269e-26 9.51668e-20 2.3329e-14 6.91282e-10 2.47606e-06 0.00107205 0.0561067 0.354953 0.272941 0.066807 0.140006 0.0666413 0.0293032 0.0101884 0.00176702 0.000200631 1.05509e-05 2.29997e-07 1.45361e-09 1.76773e-12 3.46821e-16 1.02333e-20 4.35176e-26
 1.84891e-41 2.56616e-33 4.30527e-26 8.73101e-20 2.1403e-14 6.34211e-10 2.27164e-06 0.000983542 0.0514747 0.325654 0.251337 0.0816426 0.180208 0.0755398 0.0232663 0.00799677 0.00170771 0.000179821 7.97086e-06 1.21496e-07 5.14513e-10 4.75208e-13 7.47651e-17 1.73968e-21 5.63203e-27
 1.92398e-41 2.67036e-33 4.48009e-26 9.08552e-20 2.22721e-14 6.59963e-10 2.36388e-06 0.00102348 0.0535648 0.338878 0.261594 0.080995 0.160914 0.0671761 0.0268494 0.00760434 0.00125357 0.000138433 5.84566e-06 7.10192e-08 2.10197e-10 1.28383e-13 1.4063e-17 2.42786e-22 5.993e-28
 1.62305e-41 2.25269e-33 3.77936e-26 7.66446e-20 1.87885e-14 5.56739e-10 1.99415e-06 0.000863397 0.0451868 0.285887 0.222575 0.104328 0.216778 0.0835918 0.030473 0.00870716 0.00147752 0.000126418 4.73743e-06 5.16013e-08 1.20015e-10 5.20204e-14 3.82329e-18 4.41209e-23 7.50979e-29
 1.47149e-41 2.04233e-33 3.42643e-26 6.94873e-20 1.7034e-14 5.04749e-10 1.80793e-06 0.00078277 0.0409671 0.2592 0.203118 0.1135 0.225141 0.0950241 0.047774 0.0123872 0.00194188 0.000157871 4.74642e-06 4.14258e-08 7.99045e-11 2.71724e-14 1.45994e-18 1.17156e-23 1.34955e-29
 1.71251e-41 2.37684e-33 3.98765e-26 8.08687e-20 1.9824e-14 5.87422e-10 2.10405e-06 0.000910981 0.0476771 0.30165 0.235297 0.103012 0.177071 0.0769657 0.0423223 0.0127338 0.00219602 0.000157781 4.1051e-06 2.82971e-08 4.1397e-11 1.08964e-14 4.52207e-19 2.72127e-24 2.27039e-30
 1.68388e-41 2.33711e-33 3.92099e-26 7.95168e-20 1.94926e-14 5.77602e-10 2.06888e-06 0.000895752 0.0468801 0.296622 0.232899 0.118497 0.191666 0.0703223 0.030753 0.00951087 0.00181159 0.000136988 3.12193e-06 1.7418e-08 1.96198e-11 3.82502e-15 1.17097e-19 5.249e-25 3.26929e-31
 1.68824e-41 2.34317e-33 3.93116e-26 7.97231e-20 1.95432e-14 5.791e-10 2.07424e-06 0.000898075 0.0470017 0.297405 0.234499 0.124233 0.185609 0.0705514 0.0309229 0.00750082 0.00127561 9.86019e-05 2.16939e-06 1.03142e-08 9.10589e-12 1.34047e-15 3.02166e-20 9.82109e-26 4.42098e-32
 1.65782e-41 2.30095e-33 3.86032e-26 7.82865e-20 1.9191e-14 5.68665e-10 2.03686e-06 0.000881892 0.0461548 0.292068 0.232006 0.1353 0.187939 0.069031 0.028825 0.00678126 0.000948446 6.06155e-05 1.21865e-06 5.16769e-09 3.78139e-12 4.32945e-16 7.31474e-21 1.74763e-26 5.71103e-33
 1.7516e-41 2.4311e-33 4.07868e-26 8.27148e-20 2.02766e-14 6.00831e-10 2.15208e-06 0.000931776 0.0487656 0.308599 0.245316 0.133749 0.167971 0.0628708 0.0255003 0.00555818 0.000698947 3.59231e-05 5.66396e-07 1.99056e-09 1.21466e-12 1.12463e-16 1.47949e-21 2.66732e-27 6.43829e-34
 1.70522e-41 2.36673e-33 3.97068e-26 8.05246e-20 1.97396e-14 5.84922e-10 2.09509e-06 0.000907104 0.0474744 0.300468 0.241474 0.148407 0.173443 0.060335 0.0222803 0.00466241 0.000524071 2.24892e-05 2.73056e-07 7.20034e-10 3.38373e-13 2.46076e-17 2.53935e-22 3.54269e-28 6.50274e-35
 1.73187e-41 2.40373e-33 4.03275e-26 8.17833e-20 2.00482e-14 5.94065e-10 2.12785e-06 0.000921284 0.0482166 0.305197 0.246684 0.152336 0.163788 0.0584826 0.0202695 0.00372058 0.000369204 1.33571e-05 1.27475e-07 2.50793e-10 8.59315e-14 4.58343e-18 3.52421e-23 3.70561e-29 5.14519e-36
 1.71817e-41 2.38471e-33 4.00084e-26 8.11362e-20 1.98896e-14 5.89365e-10 2.11101e-06 0.000913994 0.0478352 0.302836 0.247364 0.161793 0.160987 0.0563833 0.0184374 0.00317308 0.000266759 7.89871e-06 5.969e-08 8.90057e-11 2.23746e-14 8.59552e-19 4.73417e-24 3.57982e-30 3.60381e-37
 1.74357e-41 2.41996e-33 4.05998e-26 8.23356e-20 2.01836e-14 5.98077e-10 2.14221e-06 0.000927504 0.0485424 0.307366 0.252944 0.165704 0.152022 0.0534164 0.0163032 0.00257854 0.000189312 4.52667e-06 2.64253e-08 2.98489e-11 5.56812e-15 1.55814e-19 6.16858e-25 3.32578e-31 2.3786e-38
 1.68998e-41 2.34558e-33 3.93519e-26 7.98049e-20 1.95632e-14 5.79694e-10 2.07637e-06 0.000898997 0.0470507 0.298028 0.249867 0.180751 0.154496 0.0520259 0.0146234 0.00212067 0.000134303 2.62208e-06 1.18102e-08 9.95326e-12 1.36733e-15 2.79598e-20 8.02477e-26 3.11281e-32 1.59167e-39
 1.59814e-41 2.21811e-33 3.72134e-26 7.54679e-20 1.85001e-14 5.48191e-10 1.96353e-06 0.000850142 0.0444942 0.281987 0.242504 0.196687 0.160095 0.0565374 0.0148221 0.00191494 0.000103646 1.64197e-06 5.73577e-09 3.62349e-12 3.6486e-16 5.40785e-21 1.11985e-26 3.12638e-33 1.14778e-40
 1.59372e-41 2.21198e-33 3.71106e-26 7.52595e-20 1.8449e-14 5.46677e-10 1.95811e-06 0.000847794 0.0443718 0.281337 0.245307 0.199636 0.154142 0.0577315 0.0147754 0.00176806 8.05225e-05 1.02204e-06 2.75855e-09 1.3098e-12 9.7221e-17 1.04772e-21 1.56313e-27 3.1274e-34 8.20672e-42
 1.64192e-41 2.27888e-33 3.82329e-26 7.75355e-20 1.90069e-14 5.6321e-10 2.01733e-06 0.000873433 0.0457142 0.289969 0.254888 0.199204 0.142687 0.0521866 0.0129396 0.00147806 5.84392e-05 5.93544e-07 1.22642e-09 4.35979e-13 2.38689e-17 1.87673e-22 2.02649e-28 2.91668e-35 5.48079e-43
#pred catch len freq
 2.56507e-27 2.5935e-27 3.77501e-26 7.42381e-20 1.81986e-14 5.39256e-10 1.93152e-06 0.000836276 0.0437677 0.276887 0.212024 0.037663 0.137714 0.127279 0.0322319 0.0419069 0.019444 0.0169526 0.0114718 0.00946984 0.00797566 0.00732528 0.00775258 0.00710312 0.00219334
 2.56718e-27 2.59885e-27 4.19821e-26 8.31636e-20 2.03866e-14 6.0409e-10 2.16375e-06 0.000936821 0.0490298 0.310176 0.237495 0.0409193 0.144602 0.133233 0.0263438 0.0266999 0.0105254 0.00685045 0.00377027 0.00260528 0.00190185 0.00155076 0.00149196 0.00139157 0.000473717
 2.56847e-27 2.60228e-27 4.48964e-26 8.93111e-20 2.18935e-14 6.48745e-10 2.3237e-06 0.00100607 0.0526541 0.333105 0.255007 0.0411633 0.134157 0.123509 0.0231824 0.0218406 0.00755502 0.0034142 0.00144116 0.000737319 0.000417676 0.000282978 0.000236188 0.000212756 7.56638e-05
 2.56874e-27 2.60296e-27 4.54389e-26 9.04554e-20 2.21741e-14 6.57057e-10 2.35347e-06 0.00101896 0.0533288 0.337373 0.258271 0.0414433 0.133995 0.123291 0.0219031 0.0189586 0.00638544 0.00259689 0.000875558 0.00030472 0.00011673 5.70781e-05 3.78103e-05 3.08271e-05 1.10127e-05
 2.56794e-27 2.6008e-27 4.35272e-26 8.64225e-20 2.11854e-14 6.27762e-10 2.24854e-06 0.000973531 0.0509511 0.322331 0.246794 0.0420364 0.146571 0.1349 0.024042 0.020907 0.00686158 0.00250638 0.000798082 0.000234156 5.90095e-05 1.7525e-05 7.6802e-06 5.09904e-06 1.75748e-06
 2.56601e-27 2.59561e-27 3.89874e-26 7.68456e-20 1.88378e-14 5.58197e-10 1.99937e-06 0.000865649 0.045305 0.286612 0.219535 0.0429719 0.172843 0.159235 0.0300205 0.02843 0.00935616 0.00342998 0.0010434 0.000275964 5.95235e-05 1.13244e-05 2.59046e-06 1.12829e-06 3.52325e-07
 2.56735e-27 2.59931e-27 4.23332e-26 8.3904e-20 2.05681e-14 6.09468e-10 2.18301e-06 0.000945162 0.0494663 0.312938 0.239611 0.0413577 0.146454 0.135013 0.0280716 0.030104 0.0101911 0.0041553 0.00127908 0.000333856 6.55646e-05 1.03479e-05 1.33927e-06 2.69234e-07 6.57243e-08
 2.56963e-27 2.6054e-27 4.76336e-26 9.50854e-20 2.3309e-14 6.90688e-10 2.47393e-06 0.00107112 0.0560584 0.354641 0.271442 0.0405606 0.118024 0.108594 0.0200567 0.0184676 0.00654686 0.00314776 0.00102838 0.000292329 5.7508e-05 8.38758e-06 8.35083e-07 7.31104e-08 9.78236e-09
 2.56949e-27 2.60497e-27 4.71761e-26 9.41199e-20 2.30724e-14 6.83675e-10 2.44881e-06 0.00106024 0.0554892 0.35104 0.268704 0.0412771 0.1254 0.115286 0.019176 0.0147417 0.00491746 0.00194692 0.000679585 0.000223001 4.80949e-05 7.2496e-06 6.62268e-07 3.71411e-08 1.9552e-09
 2.56874e-27 2.60292e-27 4.53622e-26 9.02934e-20 2.21343e-14 6.5588e-10 2.34925e-06 0.00101714 0.0532333 0.336768 0.257815 0.0418468 0.137386 0.126352 0.0212407 0.0166517 0.00529396 0.00167816 0.000519722 0.000151162 3.69953e-05 6.28068e-06 6.01378e-07 2.9559e-08 7.87671e-10
 2.56882e-27 2.60316e-27 4.55962e-26 9.07871e-20 2.22554e-14 6.59466e-10 2.3621e-06 0.0010227 0.0535243 0.338609 0.259217 0.041553 0.134165 0.123432 0.0216613 0.0183501 0.0058692 0.00189631 0.000539246 0.000126432 2.64962e-05 4.71589e-06 5.15897e-07 2.64317e-08 5.61032e-10
 2.56931e-27 2.60448e-27 4.67607e-26 9.32437e-20 2.28576e-14 6.77311e-10 2.42601e-06 0.00105037 0.0549726 0.347772 0.266208 0.041242 0.126886 0.116702 0.0202341 0.0167943 0.0054763 0.00194092 0.000561705 0.00012987 2.26965e-05 3.3197e-06 3.64019e-07 2.10213e-08 4.54105e-10
 2.56918e-27 2.60412e-27 4.64275e-26 9.25406e-20 2.26852e-14 6.72204e-10 2.40772e-06 0.00104245 0.0545581 0.34515 0.26421 0.041499 0.130246 0.119767 0.0201395 0.0158033 0.00511976 0.00177315 0.000530313 0.000132533 2.32767e-05 2.97124e-06 2.637e-07 1.49984e-08 3.5638e-10
 2.56891e-27 2.60339e-27 4.57722e-26 9.11584e-20 2.23464e-14 6.62163e-10 2.37176e-06 0.00102688 0.0537432 0.339994 0.260277 0.0417376 0.134825 0.123986 0.0207657 0.0161653 0.00516381 0.00167264 0.000491962 0.000122097 2.28662e-05 3.01386e-06 2.37302e-07 1.10831e-08 2.57721e-10
 2.56739e-27 2.59924e-27 4.21038e-26 8.34195e-20 2.04493e-14 6.05949e-10 2.17041e-06 0.000939703 0.0491807 0.311131 0.238255 0.0428247 0.15857 0.145899 0.0246697 0.0195556 0.00623748 0.00199953 0.000572819 0.000134165 2.47173e-05 3.38877e-06 2.77032e-07 1.1552e-08 2.26154e-10
 2.56762e-27 2.59992e-27 4.2746e-26 8.47745e-20 2.07814e-14 6.15791e-10 2.20566e-06 0.000954967 0.0499795 0.316184 0.242104 0.0422642 0.1516 0.139551 0.0250629 0.0220558 0.00707726 0.00231712 0.000663016 0.000152685 2.67531e-05 3.54242e-06 2.97299e-07 1.27126e-08 2.23457e-10
 2.56827e-27 2.60169e-27 4.43143e-26 8.80828e-20 2.15924e-14 6.39823e-10 2.29174e-06 0.000992235 0.05193 0.328524 0.251519 0.0417835 0.141328 0.130067 0.023287 0.0204032 0.0067308 0.00249935 0.000730161 0.000170913 2.96541e-05 3.76741e-06 3.03243e-07 1.31827e-08 2.33809e-10
 2.56827e-27 2.60166e-27 4.42531e-26 8.79536e-20 2.15608e-14 6.38884e-10 2.28838e-06 0.00099078 0.0518538 0.328042 0.251156 0.042089 0.143907 0.132382 0.0225118 0.018047 0.00593646 0.00219727 0.00067427 0.000175249 3.12158e-05 3.9644e-06 3.07397e-07 1.28459e-08 2.29646e-10
 2.56881e-27 2.60311e-27 4.5534e-26 9.06559e-20 2.22232e-14 6.58513e-10 2.35868e-06 0.00102122 0.053447 0.33812 0.258846 0.0417234 0.135722 0.124832 0.0212369 0.0170299 0.00547056 0.0018193 0.000551125 0.000145282 2.8352e-05 3.83518e-06 2.99161e-07 1.20887e-08 2.08719e-10
 2.56944e-27 2.60482e-27 4.7029e-26 9.38096e-20 2.29963e-14 6.81421e-10 2.44074e-06 0.00105675 0.0553063 0.349883 0.267823 0.0414258 0.127151 0.116889 0.0192365 0.0144636 0.00464178 0.00154134 0.000447516 0.000108093 2.10417e-05 3.04557e-06 2.57266e-07 1.05376e-08 1.76678e-10
 2.56964e-27 2.60532e-27 4.74453e-26 9.46878e-20 2.32116e-14 6.878e-10 2.46359e-06 0.00106664 0.055824 0.353158 0.270325 0.0415098 0.126032 0.115812 0.0182364 0.0124474 0.00392823 0.00121004 0.000348284 8.28185e-05 1.49171e-05 2.08148e-06 1.85887e-07 8.227e-09 1.40579e-10
 2.56954e-27 2.60505e-27 4.72038e-26 9.41782e-20 2.30867e-14 6.84099e-10 2.45033e-06 0.0010609 0.0555236 0.351257 0.268876 0.0416278 0.127948 0.117574 0.0184245 0.0124277 0.00384554 0.00106069 0.000293026 6.54696e-05 1.15873e-05 1.52379e-06 1.29434e-07 5.99373e-09 1.09776e-10
 2.56982e-27 2.60582e-27 4.78879e-26 9.56214e-20 2.34404e-14 6.94582e-10 2.48788e-06 0.00107716 0.0563744 0.35664 0.272982 0.0413969 0.123306 0.113296 0.0177921 0.0120617 0.00372478 0.00101253 0.000269269 5.43579e-05 9.00951e-06 1.13515e-06 9.1375e-08 4.03991e-09 7.67335e-11
 2.57036e-27 2.60726e-27 4.91623e-26 9.83098e-20 2.40995e-14 7.1411e-10 2.55782e-06 0.00110744 0.0579594 0.366667 0.280633 0.0410477 0.115273 0.105877 0.0163421 0.0106219 0.00328035 0.000896549 0.000237588 4.68369e-05 7.16434e-06 8.23358e-07 6.24171e-08 2.60978e-09 4.77091e-11
 2.57046e-27 2.60752e-27 4.93707e-26 9.87493e-20 2.42072e-14 7.17303e-10 2.56926e-06 0.00111239 0.0582185 0.368306 0.281887 0.041173 0.115346 0.105901 0.0155678 0.0088475 0.00270385 0.000705633 0.000186112 3.68028e-05 5.54632e-06 5.9762e-07 4.08737e-08 1.58867e-09 2.74217e-11
 2.56992e-27 2.60606e-27 4.80767e-26 9.60197e-20 2.35381e-14 6.97475e-10 2.49824e-06 0.00108164 0.0566092 0.358125 0.274119 0.0415635 0.123775 0.113681 0.0169872 0.0101224 0.00303346 0.000685919 0.000174478 3.31824e-05 4.98273e-06 5.31685e-07 3.42846e-08 1.20281e-09 1.91506e-11
 2.57006e-27 2.60643e-27 4.84085e-26 9.67197e-20 2.37097e-14 7.0256e-10 2.51645e-06 0.00108953 0.0570219 0.360736 0.27611 0.0414161 0.121254 0.111365 0.0167684 0.0102077 0.00308161 0.000731161 0.000180227 3.01731e-05 4.30675e-06 4.49299e-07 2.86376e-08 9.49064e-10 1.36943e-11
 2.56976e-27 2.60563e-27 4.77046e-26 9.52346e-20 2.33456e-14 6.91772e-10 2.47781e-06 0.0010728 0.0561464 0.355197 0.271883 0.0415587 0.125309 0.115123 0.0177181 0.0114287 0.00346572 0.000841551 0.000210883 3.63815e-05 4.78674e-06 4.52745e-07 2.78184e-08 9.04573e-10 1.23413e-11
#obs catch len freq
 1.63422e-41 2.26818e-33 3.80535e-26 7.71717e-20 1.89177e-14 5.60567e-10 2.00786e-06 0.000869334 0.0454975 0.287831 0.220527 0.0443384 0.16539 0.140551 0.0433048 0.0350906 0.0115732 0.00401387 0.000886351 0.000118218 6.92701e-06 1.28964e-07 5.64044e-10 4.63285e-13 6.17386e-17
 1.64697e-41 2.28589e-33 3.83506e-26 7.77742e-20 1.90654e-14 5.64943e-10 2.02354e-06 0.000876121 0.0458527 0.290078 0.222306 0.046367 0.168103 0.135342 0.0432121 0.0330737 0.0105717 0.00343399 0.000697117 8.15571e-05 3.96201e-06 5.74323e-08 1.86859e-10 1.11271e-13 1.06078e-17
 1.91476e-41 2.65756e-33 4.45861e-26 9.04197e-20 2.21653e-14 6.56799e-10 2.35255e-06 0.00101857 0.053308 0.337242 0.258326 0.0457955 0.134203 0.10204 0.033614 0.0241312 0.00755055 0.00229747 0.000426253 4.33286e-05 1.73053e-06 1.95283e-08 4.73682e-11 2.04587e-14 1.3937e-18
 1.94904e-41 2.70514e-33 4.53843e-26 9.20385e-20 2.25622e-14 6.68558e-10 2.39467e-06 0.00103681 0.0542624 0.34328 0.263031 0.0489603 0.141356 0.100088 0.02597 0.0156552 0.00475627 0.00135154 0.000229448 2.01186e-05 6.54524e-07 5.7217e-09 1.0361e-11 3.25765e-15 1.59002e-19
 1.98495e-41 2.75498e-33 4.62205e-26 9.37341e-20 2.29778e-14 6.80875e-10 2.43878e-06 0.00105591 0.0552621 0.349605 0.267934 0.0507214 0.139041 0.0926131 0.0254877 0.0140812 0.00328878 0.000779397 0.000119652 9.02497e-06 2.37721e-07 1.6005e-09 2.15901e-12 4.95005e-16 1.73744e-20
 1.78973e-41 2.48403e-33 4.16747e-26 8.45154e-20 2.0718e-14 6.13911e-10 2.19893e-06 0.000952061 0.0498271 0.315222 0.24191 0.057554 0.175467 0.109503 0.0300399 0.0152932 0.00347548 0.000671911 7.77215e-05 4.83735e-06 1.02619e-07 5.30518e-10 5.31786e-13 8.88383e-17 2.245e-21
 1.48409e-41 2.05981e-33 3.45577e-26 7.00823e-20 1.71798e-14 5.0907e-10 1.82341e-06 0.000789472 0.0413178 0.261392 0.201135 0.0661378 0.220118 0.131275 0.0477787 0.0239498 0.00512056 0.000896088 8.40314e-05 3.77445e-06 6.05239e-08 2.38041e-10 1.77164e-13 2.15586e-17 3.92232e-22
 2.1095e-41 2.92785e-33 4.91207e-26 9.96159e-20 2.44197e-14 7.23599e-10 2.59181e-06 0.00112217 0.0587297 0.371543 0.28485 0.0520572 0.11061 0.0645801 0.0339352 0.0173463 0.00441817 0.000743518 6.0119e-05 2.06863e-06 2.31557e-08 6.48052e-11 3.51362e-14 3.10735e-18 4.07289e-23
 2.02209e-41 2.80653e-33 4.70854e-26 9.54882e-20 2.34078e-14 6.93616e-10 2.48442e-06 0.00107567 0.0562962 0.356149 0.27349 0.0624583 0.147365 0.0740709 0.0179659 0.00799552 0.00260908 0.000481661 3.85828e-05 1.09233e-06 8.95923e-09 1.71722e-11 6.38809e-15 3.97113e-19 3.70731e-24
 2.0552e-41 2.85248e-33 4.78563e-26 9.70516e-20 2.37911e-14 7.04973e-10 2.5251e-06 0.00109328 0.0572179 0.361981 0.278085 0.064019 0.140082 0.0673821 0.0211777 0.00740788 0.00129247 0.000237494 2.07388e-05 5.49569e-07 3.60718e-09 4.98542e-12 1.26934e-15 5.33524e-20 3.40633e-25
 1.78281e-41 2.47442e-33 4.15135e-26 8.41885e-20 2.06378e-14 6.11537e-10 2.19042e-06 0.000948378 0.0496343 0.314009 0.24219 0.0793973 0.191572 0.0857904 0.0260417 0.00869103 0.00153739 0.000173564 1.17725e-05 3.0404e-07 1.77007e-09 1.9329e-12 3.58234e-16 1.04665e-20 4.54913e-26
 2.0635e-41 2.864e-33 4.80496e-26 9.74436e-20 2.38871e-14 7.0782e-10 2.53529e-06 0.0010977 0.057449 0.363446 0.27963 0.0689025 0.133169 0.0600056 0.0264257 0.00834848 0.00137571 0.000140399 6.46833e-06 1.17958e-07 5.85666e-10 5.40469e-13 7.9086e-17 1.71973e-21 5.3402e-27
 1.90357e-41 2.64202e-33 4.43254e-26 8.98911e-20 2.20357e-14 6.52959e-10 2.33879e-06 0.00101262 0.0529964 0.335283 0.259005 0.0844612 0.171111 0.0672463 0.0207874 0.00664567 0.00132099 0.000123426 4.71104e-06 5.91239e-08 1.9784e-10 1.38872e-13 1.62242e-17 2.77083e-22 6.53637e-28
 1.97915e-41 2.74694e-33 4.60856e-26 9.34606e-20 2.29108e-14 6.78888e-10 2.43167e-06 0.00105283 0.0551008 0.348599 0.269339 0.0833931 0.151647 0.0600214 0.0236734 0.00611734 0.000957341 9.38289e-05 3.33604e-06 3.28748e-08 7.61673e-11 3.53682e-14 2.87944e-18 3.64064e-23 6.52829e-29
 1.6866e-41 2.34089e-33 3.92733e-26 7.96455e-20 1.95241e-14 5.78536e-10 2.07222e-06 0.000897201 0.0469559 0.297084 0.231675 0.108155 0.205147 0.0749159 0.0268807 0.00709155 0.00110778 8.41129e-05 2.66552e-06 2.32004e-08 4.17601e-11 1.36881e-14 7.47078e-19 6.31586e-24 7.80025e-30
 1.54002e-41 2.13744e-33 3.58601e-26 7.27235e-20 1.78273e-14 5.28256e-10 1.89213e-06 0.000819225 0.042875 0.271278 0.213038 0.117954 0.213437 0.0870739 0.0419715 0.00999907 0.00144714 0.000102754 2.58293e-06 1.80279e-08 2.67277e-11 6.82573e-15 2.71464e-19 1.59522e-24 1.33444e-30
 1.78033e-41 2.47098e-33 4.14558e-26 8.40715e-20 2.06091e-14 6.10686e-10 2.18738e-06 0.000947059 0.0495654 0.313604 0.245026 0.105915 0.165827 0.0703165 0.0368071 0.0102969 0.00159282 9.93763e-05 2.13855e-06 1.16715e-08 1.30932e-11 2.58066e-15 7.89896e-20 3.47343e-25 2.10389e-31
 1.75196e-41 2.4316e-33 4.07951e-26 8.27317e-20 2.02807e-14 6.00954e-10 2.15252e-06 0.000931967 0.0487755 0.308624 0.242835 0.121456 0.17849 0.0632029 0.0265733 0.00770989 0.00131352 8.45629e-05 1.57127e-06 6.88751e-09 5.91136e-12 8.60353e-16 1.93885e-20 6.33698e-26 2.86002e-32
 1.75826e-41 2.44035e-33 4.09419e-26 8.30293e-20 2.03537e-14 6.03116e-10 2.16026e-06 0.00093532 0.048951 0.30975 0.244793 0.126812 0.172089 0.0635625 0.0261859 0.00594153 0.000916596 5.99702e-05 1.05906e-06 3.90666e-09 2.61179e-12 2.85953e-16 4.73424e-21 1.12043e-26 3.65005e-33
 1.72923e-41 2.40006e-33 4.0266e-26 8.16586e-20 2.00176e-14 5.93159e-10 2.1246e-06 0.000919879 0.0481429 0.304664 0.24266 0.137695 0.17366 0.0620111 0.0242598 0.0052874 0.000661439 3.60488e-05 5.79024e-07 1.88517e-09 1.03592e-12 8.77983e-17 1.08674e-21 1.88773e-27 4.46042e-34
 1.8215e-41 2.52812e-33 4.24144e-26 8.60156e-20 2.10857e-14 6.24808e-10 2.23796e-06 0.00096896 0.0507117 0.320932 0.255777 0.135234 0.154217 0.0562344 0.0211667 0.00426233 0.000473593 2.05078e-05 2.585e-07 6.95547e-10 3.16851e-13 2.16045e-17 2.07528e-22 2.71532e-28 4.73452e-35
 1.77697e-41 2.46632e-33 4.13777e-26 8.39131e-20 2.05703e-14 6.09536e-10 2.18326e-06 0.000945276 0.0494722 0.313136 0.252417 0.149545 0.158642 0.0535848 0.0183674 0.00352911 0.000346956 1.23966e-05 1.19336e-07 2.40484e-10 8.42099e-14 4.495e-18 3.37569e-23 3.40929e-29 4.51358e-36
 1.80327e-41 2.50282e-33 4.19901e-26 8.5155e-20 2.08747e-14 6.18557e-10 2.21557e-06 0.000959265 0.0502045 0.317809 0.257685 0.152801 0.149334 0.0517282 0.0164646 0.00276594 0.000238541 7.10623e-06 5.33087e-08 7.97396e-11 2.03155e-14 7.94145e-19 4.43442e-24 3.36717e-30 3.36448e-37
 1.79029e-41 2.4848e-33 4.16877e-26 8.45419e-20 2.07244e-14 6.14103e-10 2.19962e-06 0.000952359 0.0498431 0.315586 0.258659 0.161654 0.146358 0.0495992 0.0148595 0.00231487 0.0001676 4.05893e-06 2.39309e-08 2.69874e-11 5.02925e-15 1.41376e-19 5.64884e-25 3.08083e-31 2.22824e-38
 1.81548e-41 2.51977e-33 4.22744e-26 8.57316e-20 2.10161e-14 6.22746e-10 2.23057e-06 0.000965761 0.0505448 0.320091 0.264321 0.164742 0.137733 0.0466517 0.0129835 0.00184667 0.000115481 2.23715e-06 1.01355e-08 8.62209e-12 1.18874e-15 2.42972e-20 6.97149e-26 2.70949e-32 1.39158e-39
 1.76298e-41 2.4469e-33 4.10519e-26 8.32524e-20 2.04083e-14 6.04736e-10 2.16607e-06 0.000937832 0.0490834 0.310965 0.261726 0.179217 0.139782 0.0451644 0.0115483 0.00149285 7.9808e-05 1.25065e-06 4.34324e-09 2.74673e-12 2.78211e-16 4.14796e-21 8.618e-27 2.40816e-33 8.8397e-41
 1.6733e-41 2.32243e-33 3.89636e-26 7.90174e-20 1.93702e-14 5.73974e-10 2.05588e-06 0.000890126 0.0465872 0.295334 0.255092 0.194836 0.145336 0.0489439 0.0115924 0.00132522 6.00138e-05 7.56818e-07 2.02611e-09 9.56707e-13 7.08645e-17 7.64691e-22 1.14498e-27 2.30062e-34 6.05935e-42
 1.66937e-41 2.31697e-33 3.8872e-26 7.88317e-20 1.93247e-14 5.72625e-10 2.05105e-06 0.000888034 0.0464783 0.294793 0.258145 0.197156 0.140096 0.0497462 0.0114534 0.00119743 4.52078e-05 4.53445e-07 9.32896e-10 3.299e-13 1.79716e-17 1.40803e-22 1.51758e-28 2.18383e-35 4.10884e-43
#spawning biomass
 7593.4 6746.35 7746.18 10466.4 14264.4 16548 16483.7 20511.8 31966.4 43990.7 56927.7 76257.9 102903 125618 129773 108251 102880 97136.2 92943.1 95349.5 98401 102562 106739 116426 119915 128713 124174 140770 174625 307356 335856 322860 288214 247055 208110 175204 149228 129621 115274 105008 97783.1 92756.4 89269.1 86841.7 85222.5 84142.4 83421.9 82941.2 82620.6 82406.8 82264.1 82168.9 82105.4 82063.1 82034.8 82016 82003.4 81995 81989.4 81985.7 81983.2 81981.6 81980.5 81979.7 81979.2 81978.9 81978.7 81978.5 81978.4 81978.4 81978.3 81978.3 81978.3 81978.3 81978.3 81978.3 81978.2 81978.2 81978.2 81978.2 81978.2 81978.2 81978.2 81978.2 81978.2 81978.2 81978.2 81978.2 81978.2 81978.2 81978.2 81978.2 81978.2 81978.2 81978.2 81978.2 81978.2 81978.2 81978.2 81978.2 81978.2 81978.2 81978.2 81978.2 81978.2 81978.2 81978.2 81978.2 81978.2 81978.2 81978.2 81978.2 81978.2 81978.2 81978.2 81978.2 81978.2 81978.2 81978.2 81978.2 81978.2 81978.2 81978.2 81978.2 81978.2 81978.2 81978.2 81978.2 0 0 0 0 0 0 0 0 0 0 0 0 0 0 0 0 0 0 0 0 0 0 0 0 0
