SBPRF35
0.224663
Curr Bio
26566.8
B35
68930.4
F35
0.502124
FOFL
0.43961
OFL
25062.1
Bzero
64189.3
#pred survey bio
 7670.11 6813.15 7697.5 9584.86 11804.3 14563.5 15078.2 14288.9 23108.8 36026.5 35405.2 41937.4 65044.7 76499.8 66517.8 54423.1 52616.2 57503.8 54493.2 54012 55243.5 58038.5 68953.2 68842.8 73637.8 76121.5 68719.6 63930.1 68180.9 3.99527e+06 2.51002e+06 2.0099e+06 1.47216e+06 1.13287e+06 950596 858092 811767 788256 775938 769201 765341 763032 761599 760684 760088 759697 759437 759264 759148 759070 759017 758982 758958 758942 758931 758923 758918 758915 758913 758911 758910 758909 758909 758908 758908 758908 758908 758908 758908 758908 758908 758908 758908 758908 758908 758908 758908 758908 758908 758908 758908 758908 758908 758908 758908 758908 758908 758908 758908 758908 758908 758908 758908 758908 758908 758908 758908 758908 758908 758908 758908 758908 758908 758908 758908 758908 758908 758908 758908 758908 758908 758908 758908 758908 758908 758908 758908 758908 758908 758908 758908 758908 758908 758908 758908 758908 758908 758908 758908 0 0 0 0 0 0 0 0 0 0 0 0 0 0 0 0 0 0 0 0 0 0 0 0 0
#obs survey bio
 6634.23 7782.25 8937.79 10574.9 10847.1 11304.7 15832.6 21244.3 33102.1 49710 30662.8 72909.6 79565.4 75957.9 42819.4 43934.1 50312.9 91903 43492.2 56873.2 43442.9 38374.4 72935.4 64013.1 62257.5 60679.3 51718.5 71001.5 89586.3
#pred catch bio
 4372.66 3589.13 3771.56 5029.78 5786.15 7452.21 9322.45 7420.72 8527.64 20831.8 22785.8 19454.3 33276.3 46909.5 44294.9 36045.7 30065.8 36451.9 33398 32835.1 35466.9 31956.7 44231.8 41989.1 43449.9 49096.6 45582.6 40538 9488.92 25062.1 33987.3 28020.7 19368.3 14032.4 11341.8 10087.6 9528.05 9285.18 9181.68 9138.12 9119.94 9112.4 9109.28 9107.99 9107.46 9107.25 9107.16 9107.12 9107.11 9107.1 9107.1 9107.1 9107.1 9107.1 9107.1 9107.1 9107.1 9107.1 9107.1 9107.1 9107.1 9107.1 9107.1 9107.1 9107.1 9107.1 9107.1 9107.1 9107.1 9107.1 9107.1 9107.1 9107.1 9107.1 9107.1 9107.1 9107.1 9107.1 9107.1 9107.1 9107.1 9107.1 9107.1 9107.1 9107.1 9107.1 9107.1 9107.1 9107.1 9107.1 9107.1 9107.1 9107.1 9107.1 9107.1 9107.1 9107.1 9107.1 9107.1 9107.1 9107.1 9107.1 9107.1 9107.1 9107.1 9107.1 9107.1 9107.1 9107.1 9107.1 9107.1 9107.1 9107.1 9107.1 9107.1 9107.1 9107.1 9107.1 9107.1 9107.1 9107.1 9107.1 9107.1 9107.1 9107.1 9107.1 9107.1 9107.1 9107.1 0 0 0 0 0 0 0 0 0 0 0 0 0 0 0 0 0 0 0 0 0 0 0 0 0
#obs catch bio
 3193.74 3575.33 3729.42 4980.8 5745.7 7455.09 9460.15 7436.53 8210.68 20037.4 23438.3 18981.7 31925.8 45813.7 44447.8 37882.5 30268.1 36337 33542.1 32456.5 36413.9 32213.6 45682.8 41840.2 43852.8 50742.1 46806.2 41139.7 9347.58
#pred cpue bio
 5452.78 4356.5 4743 5881.55 7052.25 9053.62 10021.9 8627.67 12158.3 22408.5 22509.9 22313.1 37558.3 48260 43220.1 33713.9 30538 35454.1 33155.2 33053.2 33366.7 33365.6 41636.4 40655.7 43813.7 47067.1 42293.1 37889.6 39485.9 2.78448e+06 2.1181e+06 1.84031e+06 1.32438e+06 984184 801410 708805 662463 638949 626630 619893 616033 613724 612291 611376 610780 610389 610129 609956 609840 609762 609709 609674 609650 609634 609623 609615 609610 609607 609605 609603 609602 609601 609601 609601 609600 609600 609600 609600 609600 609600 609600 609600 609600 609600 609600 609600 609600 609600 609600 609600 609600 609600 609600 609600 609600 609600 609600 609600 609600 609600 609600 609600 609600 609600 609600 609600 609600 609600 609600 609600 609600 609600 609600 609600 609600 609600 609600 609600 609600 609600 609600 609600 609600 609600 609600 609600 609600 609600 609600 609600 609600 609600 609600 609600 609600 609600 609600 609600 609600 0 0 0 0 0 0 0 0 0 0 0 0 0 0 0 0 0 0 0 0 0 0 0 0 0
#obs cpue bio
 4159.23 4787.03 4451.89 6732.55 6852.03 9389.15 9046.59 8513.04 18921.5 19635.7 16911.5 24164.5 55906.1 59730 44521.9 19621.7 26291.1 34639.9 32436.5 38888.4 25977.6 32724.5 30938.7 54820 32276.7 36503.6 42620.5 40612.8 33289.8
#pred surv len freq
 2.14267e-27 2.16577e-27 5.83885e-27 1.25663e-21 7.47364e-17 1.02189e-12 3.21232e-09 2.32155e-06 0.000385722 0.0147343 0.129398 0.261259 0.121847 0.028328 0.0942884 0.132651 0.0537786 0.0426426 0.0371568 0.0230802 0.017922 0.0139718 0.0129104 0.0111197 0.00452547
 2.14271e-27 2.16688e-27 6.00158e-27 1.31189e-21 7.80232e-17 1.06683e-12 3.35359e-09 2.42365e-06 0.000402685 0.0153823 0.135088 0.272749 0.127279 0.0315431 0.110458 0.155216 0.0593004 0.0366445 0.0286723 0.0116919 0.0063647 0.00372774 0.0026813 0.00200442 0.000790658
 2.1435e-27 2.16904e-27 6.24458e-27 1.39436e-21 8.29281e-17 1.13389e-12 3.56441e-09 2.57601e-06 0.000428 0.0163493 0.143581 0.289895 0.135181 0.0308658 0.101157 0.142165 0.0556287 0.038213 0.0296584 0.0102257 0.00407061 0.00144346 0.000643054 0.000362617 0.000130337
 2.1434e-27 2.16881e-27 6.21876e-27 1.38559e-21 8.24066e-17 1.12676e-12 3.54199e-09 2.55981e-06 0.000425309 0.0162465 0.142678 0.288072 0.134353 0.0312699 0.104174 0.146359 0.0563194 0.035971 0.027973 0.0103971 0.00422007 0.00115204 0.000278195 8.53003e-05 2.41808e-05
 2.14408e-27 2.17047e-27 6.39138e-27 1.44413e-21 8.58881e-17 1.17437e-12 3.69164e-09 2.66796e-06 0.000443277 0.0169329 0.148705 0.300242 0.13997 0.0310094 0.0989156 0.138905 0.0531322 0.0329792 0.0253161 0.00882018 0.00343503 0.000964947 0.000192435 2.92935e-05 4.55895e-06
 2.14271e-27 2.16711e-27 6.03609e-27 1.32362e-21 7.87205e-17 1.07636e-12 3.38356e-09 2.44531e-06 0.000406285 0.0155198 0.136296 0.275187 0.128429 0.0321325 0.113323 0.15923 0.0605361 0.0364802 0.0278849 0.00967963 0.00369368 0.000986435 0.000189341 2.31164e-05 1.81936e-06
 2.14065e-27 2.16215e-27 5.5249e-27 1.15028e-21 6.84113e-17 9.35402e-13 2.94045e-09 2.12507e-06 0.000353077 0.0134873 0.118446 0.23915 0.111786 0.0326203 0.127163 0.178954 0.0704323 0.0495551 0.0385183 0.0130964 0.00488387 0.00128565 0.00023763 2.70206e-05 1.64626e-06
 2.14423e-27 2.1709e-27 6.44653e-27 1.46289e-21 8.70035e-17 1.18962e-12 3.73958e-09 2.70261e-06 0.000449034 0.0171528 0.150637 0.30414 0.141735 0.0300215 0.0917096 0.12888 0.0513844 0.0380613 0.0299162 0.0105848 0.00407302 0.00104433 0.0001863 2.04038e-05 1.14641e-06
 2.14708e-27 2.17776e-27 7.15478e-27 1.70305e-21 1.01287e-16 1.38492e-12 4.35351e-09 3.14629e-06 0.000522752 0.0199688 0.175367 0.354069 0.164791 0.0292922 0.0722088 0.101103 0.0376435 0.0203454 0.0155091 0.00591265 0.00246551 0.0006638 0.000120814 1.28816e-05 6.94567e-07
 2.14201e-27 2.16529e-27 5.83191e-27 1.25429e-21 7.45977e-17 1.01999e-12 3.20635e-09 2.31724e-06 0.000385006 0.014707 0.129157 0.260776 0.121831 0.0338705 0.128276 0.180138 0.0656197 0.0310239 0.0227087 0.00760539 0.00287863 0.000834995 0.000166213 1.84763e-05 9.92603e-07
 2.14228e-27 2.16611e-27 5.93942e-27 1.29086e-21 7.67726e-17 1.04973e-12 3.29984e-09 2.3848e-06 0.000396231 0.0151358 0.132923 0.268378 0.125261 0.0316091 0.112181 0.157802 0.0625549 0.0452402 0.0346015 0.00999888 0.00301007 0.000748526 0.000140853 1.67338e-05 9.53231e-07
 2.14685e-27 2.1772e-27 7.09611e-27 1.68315e-21 1.00104e-16 1.36874e-12 4.30265e-09 3.10953e-06 0.000516644 0.0197355 0.173318 0.349933 0.162882 0.0293851 0.0740228 0.10369 0.0389846 0.022199 0.0168408 0.0058393 0.00211711 0.000458256 6.74699e-05 7.06709e-06 4.04298e-07
 2.14421e-27 2.17064e-27 6.39234e-27 1.44438e-21 8.59026e-17 1.17456e-12 3.69226e-09 2.66841e-06 0.000443352 0.0169357 0.148731 0.300293 0.140049 0.0324922 0.107952 0.151403 0.0543002 0.0230292 0.0164647 0.00539139 0.00193199 0.000493544 8.024e-05 7.14874e-06 3.42696e-07
 2.14203e-27 2.16542e-27 5.85585e-27 1.26247e-21 7.50838e-17 1.02664e-12 3.22725e-09 2.33234e-06 0.000387515 0.0148028 0.129999 0.262474 0.122575 0.0327658 0.121021 0.170117 0.0649258 0.0398047 0.0297365 0.00833068 0.00238015 0.000569319 9.70797e-05 9.68169e-06 4.50085e-07
 2.14121e-27 2.16345e-27 5.65506e-27 1.19439e-21 7.1035e-17 9.71277e-13 3.05322e-09 2.20657e-06 0.000366619 0.0140046 0.122989 0.248321 0.116035 0.0328581 0.12585 0.177004 0.0684165 0.0445385 0.0340862 0.0109879 0.00366094 0.000762037 0.000106083 1.01998e-05 5.05385e-07
 2.14292e-27 2.16763e-27 6.09325e-27 1.34301e-21 7.98742e-17 1.09214e-12 3.43315e-09 2.48115e-06 0.000412239 0.0157472 0.138293 0.27922 0.130279 0.0317591 0.109828 0.154349 0.0594391 0.0380515 0.0290686 0.00941735 0.00325236 0.000759878 0.00011205 9.33977e-06 4.1182e-07
 2.1444e-27 2.17117e-27 6.45493e-27 1.46564e-21 8.71673e-17 1.19186e-12 3.74662e-09 2.70769e-06 0.000449879 0.0171851 0.15092 0.304713 0.142063 0.0316932 0.101742 0.142753 0.052664 0.0269419 0.0198665 0.00629534 0.00212212 0.000501229 7.88006e-05 7.10483e-06 3.02776e-07
 2.14246e-27 2.16642e-27 5.95348e-27 1.29555e-21 7.7051e-17 1.05354e-12 3.3118e-09 2.39345e-06 0.000397668 0.0151906 0.133405 0.269351 0.12577 0.0331883 0.121528 0.17069 0.0632049 0.033034 0.0242517 0.00717909 0.00220864 0.000509939 8.00526e-05 7.49758e-06 3.40477e-07
 2.14328e-27 2.16846e-27 6.17617e-27 1.37112e-21 8.15457e-17 1.11499e-12 3.50499e-09 2.53307e-06 0.000420865 0.0160768 0.141187 0.285062 0.132985 0.0318928 0.108884 0.152963 0.0582331 0.0352819 0.026438 0.00771776 0.00228726 0.000489838 7.06416e-05 6.45878e-06 2.98435e-07
 2.1429e-27 2.16752e-27 6.07284e-27 1.33605e-21 7.94599e-17 1.08647e-12 3.41534e-09 2.46828e-06 0.0004101 0.0156656 0.137576 0.277771 0.129639 0.0325541 0.115118 0.161686 0.0604138 0.0332473 0.0248103 0.00787135 0.00259703 0.000554987 7.57855e-05 6.38818e-06 2.79397e-07
 2.1435e-27 2.16901e-27 6.23314e-27 1.39044e-21 8.26948e-17 1.1307e-12 3.55438e-09 2.56876e-06 0.000426796 0.0163033 0.143177 0.289079 0.134838 0.0317802 0.106985 0.150266 0.0569843 0.0338778 0.0254318 0.00772938 0.00246217 0.00056539 8.37252e-05 6.97051e-06 2.85833e-07
 2.14461e-27 2.17168e-27 6.50792e-27 1.48361e-21 8.8236e-17 1.20647e-12 3.79255e-09 2.74089e-06 0.000455395 0.0173958 0.152771 0.308449 0.143787 0.0316192 0.100165 0.140515 0.0516824 0.0259571 0.0190137 0.00584054 0.00186719 0.000413214 6.07587e-05 5.38441e-06 2.28535e-07
 2.1432e-27 2.16823e-27 6.14519e-27 1.36058e-21 8.09187e-17 1.10642e-12 3.47804e-09 2.51359e-06 0.000417629 0.0159532 0.140101 0.282871 0.131997 0.0325585 0.113608 0.159522 0.0591899 0.0313026 0.0230272 0.00682146 0.0020862 0.00046583 6.86237e-05 5.99918e-06 2.60825e-07
 2.14392e-27 2.17e-27 6.33281e-27 1.42422e-21 8.47038e-17 1.15817e-12 3.64073e-09 2.63117e-06 0.000437165 0.0166994 0.146655 0.296102 0.138091 0.0319497 0.105904 0.148659 0.0553043 0.0296859 0.0218426 0.00634305 0.00186592 0.000397476 5.60922e-05 4.87561e-06 2.11011e-07
 2.14362e-27 2.16925e-27 6.25137e-27 1.39659e-21 8.30605e-17 1.1357e-12 3.5701e-09 2.58012e-06 0.000428684 0.0163754 0.14381 0.290358 0.13545 0.0323312 0.109964 0.154361 0.0570434 0.0294649 0.0215995 0.00640868 0.00193727 0.000406434 5.4936e-05 4.55558e-06 1.91975e-07
 2.14256e-27 2.16668e-27 5.98448e-27 1.30608e-21 7.76776e-17 1.0621e-12 3.33874e-09 2.41291e-06 0.000400902 0.0153142 0.13449 0.271542 0.126767 0.0327573 0.118236 0.166108 0.062367 0.0352111 0.0261587 0.00773293 0.0023369 0.000500859 6.89227e-05 5.58749e-06 2.25503e-07
 2.14279e-27 2.16725e-27 6.04594e-27 1.32693e-21 7.89177e-17 1.07906e-12 3.39204e-09 2.45143e-06 0.000407302 0.0155587 0.136637 0.275876 0.12876 0.0324694 0.115172 0.1618 0.0609872 0.0351511 0.0262453 0.00789532 0.00243916 0.000521034 7.17585e-05 5.90318e-06 2.37724e-07
 2.14382e-27 2.16975e-27 6.3064e-27 1.41526e-21 8.41711e-17 1.15089e-12 3.61784e-09 2.61462e-06 0.000434416 0.0165944 0.145733 0.29424 0.137234 0.0320318 0.106966 0.150153 0.0557956 0.0297598 0.0219505 0.00657469 0.00202634 0.000438209 6.11225e-05 5.03456e-06 2.03931e-07
 2.14435e-27 2.17103e-27 6.43842e-27 1.46003e-21 8.68335e-17 1.18729e-12 3.73227e-09 2.69732e-06 0.000448156 0.0171193 0.150342 0.303547 0.141531 0.0318973 0.10334 0.14499 0.0532595 0.0265284 0.0192903 0.00562339 0.00166812 0.00035843 5.02425e-05 4.18968e-06 1.71121e-07
#obs surv len freq
 8.69872e-40 4.25742e-33 4.79052e-27 1.23926e-21 7.37036e-17 1.00776e-12 3.16791e-09 2.28946e-06 0.000380396 0.0145307 0.127608 0.257648 0.120324 0.0322191 0.119137 0.167533 0.0648845 0.0426687 0.0333213 0.0124743 0.00527318 0.00159366 0.000350482 4.72665e-05 3.25839e-06
 1.03787e-39 5.07965e-33 5.7157e-27 1.4786e-21 8.79378e-17 1.20239e-12 3.77972e-09 2.73161e-06 0.000453862 0.0173369 0.152253 0.307405 0.143267 0.0306227 0.0943957 0.132534 0.0508692 0.0320997 0.0248195 0.00897826 0.00364405 0.00106115 0.000225426 2.9545e-05 1.97354e-06
 9.70649e-40 4.75065e-33 5.34551e-27 1.38283e-21 8.22423e-17 1.12451e-12 3.53492e-09 2.55469e-06 0.000424466 0.0162141 0.142392 0.287496 0.134146 0.0328323 0.113885 0.159804 0.0577833 0.0259985 0.0189592 0.00661331 0.00256837 0.000716449 0.000144844 1.82108e-05 1.17655e-06
 1.04882e-39 5.13323e-33 5.77599e-27 1.4942e-21 8.88654e-17 1.21507e-12 3.81959e-09 2.76043e-06 0.000458649 0.0175198 0.153859 0.310648 0.144794 0.0313537 0.0978814 0.137329 0.0510076 0.0271309 0.0199207 0.00576841 0.0017677 0.000459475 8.78377e-05 1.04702e-05 6.45775e-07
 9.86406e-40 4.82777e-33 5.43229e-27 1.40528e-21 8.35774e-17 1.14277e-12 3.59231e-09 2.59617e-06 0.000431357 0.0164773 0.144703 0.292163 0.136305 0.0328758 0.112744 0.158166 0.0568191 0.0243824 0.0173671 0.00538634 0.00173336 0.000377511 5.82954e-05 6.32756e-06 3.67951e-07
 8.10805e-40 3.96833e-33 4.46523e-27 1.15511e-21 6.86988e-17 9.39332e-13 2.9528e-09 2.13399e-06 0.000354566 0.013544 0.118943 0.240155 0.112332 0.0347672 0.139966 0.196663 0.0721446 0.0356295 0.0257506 0.00719718 0.00202546 0.000452996 6.74057e-05 6.0541e-06 3.01061e-07
 7.93227e-40 3.8823e-33 4.36842e-27 1.13007e-21 6.72095e-17 9.18968e-13 2.88878e-09 2.08773e-06 0.000346879 0.0132503 0.116365 0.234948 0.10988 0.0335792 0.134283 0.188896 0.0727224 0.0464614 0.0351032 0.0103541 0.00308358 0.000632307 8.52234e-05 7.39395e-06 3.27429e-07
 1.32675e-39 6.49353e-33 7.30663e-27 1.89016e-21 1.12415e-16 1.53707e-12 4.83178e-09 3.49194e-06 0.000580191 0.0221625 0.194631 0.392965 0.182705 0.0274541 0.0492653 0.068769 0.0263326 0.0164258 0.0125739 0.00424495 0.00150785 0.000330577 4.5104e-05 3.61084e-06 1.48076e-07
 1.10332e-39 5.39999e-33 6.07616e-27 1.57184e-21 9.34834e-17 1.27822e-12 4.01809e-09 2.90388e-06 0.000482484 0.0184303 0.161854 0.326791 0.152306 0.0326565 0.100968 0.141312 0.0473905 0.00974503 0.00544207 0.00178761 0.000642731 0.000160348 2.55545e-05 2.16891e-06 8.66442e-08
 6.40327e-40 3.13395e-33 3.52638e-27 9.1224e-22 5.42543e-17 7.4183e-13 2.33195e-09 1.6853e-06 0.000280016 0.0106962 0.0939344 0.189664 0.0891378 0.0387377 0.179422 0.252042 0.0885156 0.0315506 0.0207765 0.00444691 0.000641539 0.000128625 2.14817e-05 2.08188e-06 9.23751e-08
 1.23461e-39 6.04257e-33 6.79919e-27 1.75889e-21 1.04608e-16 1.43032e-12 4.49622e-09 3.24943e-06 0.000539897 0.0206234 0.181114 0.365675 0.170105 0.0279026 0.060229 0.0844062 0.0343925 0.0275021 0.0209644 0.0052509 0.00111422 0.000163612 1.29644e-05 9.73395e-07 4.59781e-08
 1.18224e-39 5.78624e-33 6.51077e-27 1.68427e-21 1.0017e-16 1.36965e-12 4.30549e-09 3.11159e-06 0.000516995 0.0197485 0.173432 0.350164 0.16306 0.0312607 0.0854032 0.119413 0.0402123 0.00883484 0.00518793 0.00190599 0.000712755 0.000131835 1.24492e-05 6.44318e-07 1.79624e-08
 8.80094e-40 4.30745e-33 4.84681e-27 1.25382e-21 7.45697e-17 1.01961e-12 3.20514e-09 2.31636e-06 0.000384867 0.0147014 0.129108 0.260677 0.121854 0.0356919 0.139425 0.195576 0.0673532 0.0197433 0.0122948 0.00266485 0.000416593 9.19282e-05 1.41371e-05 9.52855e-07 2.60612e-08
 9.23143e-40 4.51815e-33 5.08389e-27 1.31515e-21 7.82172e-17 1.06948e-12 3.36191e-09 2.42966e-06 0.000403692 0.0154205 0.135423 0.273426 0.127657 0.033263 0.120755 0.169583 0.0625961 0.0320655 0.0229296 0.00535963 0.000963293 0.000138047 1.18027e-05 9.02078e-07 3.48463e-08
 7.38764e-40 3.61574e-33 4.06849e-27 1.05248e-21 6.25948e-17 8.55872e-13 2.69044e-09 1.94439e-06 0.000323062 0.0123406 0.108375 0.218818 0.102523 0.0362465 0.155427 0.218378 0.0787468 0.0347078 0.0246586 0.00711355 0.00198232 0.000329718 2.74614e-05 1.37866e-06 3.97957e-08
 1.12176e-39 5.49024e-33 6.1777e-27 1.59811e-21 9.50458e-17 1.29958e-12 4.08524e-09 2.95241e-06 0.000490547 0.0187383 0.16456 0.332251 0.154726 0.0298629 0.0822692 0.115407 0.0444304 0.0283719 0.0212471 0.0057763 0.00152098 0.000306585 3.6569e-05 2.14589e-06 5.35524e-08
 8.70019e-40 4.25814e-33 4.79133e-27 1.23947e-21 7.3716e-17 1.00793e-12 3.16845e-09 2.28984e-06 0.000380461 0.0145331 0.12763 0.257693 0.120474 0.0356851 0.140283 0.196786 0.0677734 0.0199207 0.0129311 0.00418856 0.00140127 0.000280994 3.4264e-05 2.49308e-06 8.05203e-08
 9.53725e-40 4.66782e-33 5.25231e-27 1.35872e-21 8.08083e-17 1.10491e-12 3.47329e-09 2.51015e-06 0.000417065 0.0159314 0.139909 0.282484 0.131826 0.0327591 0.114949 0.161408 0.0598186 0.0313762 0.0225275 0.0052952 0.00103993 0.000221378 3.23055e-05 2.47057e-06 8.80676e-08
 1.00837e-39 4.93528e-33 5.55326e-27 1.43657e-21 8.54385e-17 1.16822e-12 3.6723e-09 2.65398e-06 0.000440962 0.0168442 0.147926 0.298669 0.139305 0.03265 0.109405 0.15345 0.0550361 0.0233293 0.0164736 0.00482805 0.001379 0.000235783 2.36361e-05 1.83519e-06 7.32913e-08
 8.62812e-40 4.22287e-33 4.75164e-27 1.2292e-21 7.31053e-17 9.99583e-13 3.1422e-09 2.27087e-06 0.000377309 0.0144127 0.126572 0.255558 0.119463 0.0350213 0.136875 0.192132 0.0681972 0.0266513 0.0183033 0.00488881 0.00125608 0.000255989 3.14966e-05 2.02104e-06 6.61285e-08
 1.11582e-39 5.46116e-33 6.14499e-27 1.58965e-21 9.45425e-17 1.2927e-12 4.0636e-09 2.93678e-06 0.00048795 0.018639 0.163688 0.330492 0.153943 0.0306824 0.087802 0.123081 0.0454409 0.0233206 0.0168326 0.00434658 0.00102483 0.00019093 2.28738e-05 1.69171e-06 5.77973e-08
 8.88717e-40 4.34966e-33 4.8943e-27 1.26611e-21 7.53003e-17 1.0296e-12 3.23654e-09 2.33905e-06 0.000388637 0.0148454 0.130373 0.263231 0.123021 0.0353275 0.13643 0.19138 0.0661997 0.0203871 0.0132557 0.00383417 0.00109654 0.0002036 2.23033e-05 1.54057e-06 5.4366e-08
 1.00481e-39 4.91783e-33 5.53362e-27 1.4315e-21 8.51364e-17 1.16409e-12 3.65932e-09 2.64459e-06 0.000439403 0.0167846 0.147403 0.297613 0.138803 0.0322868 0.107506 0.150866 0.0554031 0.0275173 0.0195995 0.00465674 0.000919992 0.000176053 2.2145e-05 1.52433e-06 5.01308e-08
 1.02976e-39 5.03998e-33 5.67107e-27 1.46705e-21 8.72511e-17 1.193e-12 3.75021e-09 2.71028e-06 0.000450317 0.0172015 0.151064 0.305005 0.142231 0.0325616 0.106955 0.14996 0.053301 0.0210716 0.0146216 0.00419232 0.0011625 0.000198879 1.93072e-05 1.32805e-06 4.67275e-08
 8.73745e-40 4.27638e-33 4.81185e-27 1.24478e-21 7.40317e-17 1.01225e-12 3.18202e-09 2.29965e-06 0.00038209 0.0145953 0.128176 0.258796 0.12096 0.0350265 0.13593 0.190775 0.0673602 0.0251925 0.0170734 0.00442373 0.0010681 0.000210882 2.53123e-05 1.59225e-06 4.85535e-08
 9.22482e-40 4.51491e-33 5.08025e-27 1.31421e-21 7.81612e-17 1.06871e-12 3.35951e-09 2.42792e-06 0.000403403 0.0154095 0.135326 0.273231 0.127565 0.0332123 0.120505 0.169231 0.0624764 0.0320506 0.0231008 0.00587975 0.00133808 0.000240097 2.71705e-05 1.93545e-06 6.44623e-08
 9.72114e-40 4.75782e-33 5.35358e-27 1.38492e-21 8.23664e-17 1.12621e-12 3.54026e-09 2.55855e-06 0.000425107 0.0162385 0.142607 0.287931 0.134354 0.0330259 0.114936 0.161274 0.058171 0.025689 0.0182607 0.00528031 0.00150015 0.000273846 2.88381e-05 1.89459e-06 6.36281e-08
 1.12826e-39 5.52206e-33 6.21351e-27 1.60738e-21 9.55967e-17 1.30711e-12 4.10892e-09 2.96952e-06 0.000493391 0.0188469 0.165513 0.334178 0.155662 0.0310717 0.0890677 0.12476 0.0445902 0.0184028 0.0128116 0.00347505 0.000914641 0.000185748 2.31896e-05 1.55622e-06 4.90199e-08
 1.12826e-39 5.52206e-33 6.21351e-27 1.60738e-21 9.55967e-17 1.30711e-12 4.10892e-09 2.96952e-06 0.000493391 0.0188469 0.165513 0.334178 0.155662 0.0310717 0.0890677 0.12476 0.0445902 0.0184028 0.0128116 0.00347505 0.000914641 0.000185748 2.31896e-05 1.55622e-06 4.90199e-08
#pred catch len freq
 2.13837e-27 2.15474e-27 4.65719e-27 8.55808e-22 5.08982e-17 6.95942e-13 2.1877e-09 1.58106e-06 0.00026269 0.0100346 0.0881243 0.17793 0.0833505 0.029082 0.124003 0.174852 0.0725904 0.0623378 0.0547447 0.0340132 0.0263681 0.0204967 0.0189079 0.0162771 0.00662379
 2.13813e-27 2.15562e-27 4.81872e-27 9.10701e-22 5.41628e-17 7.4058e-13 2.32802e-09 1.68247e-06 0.00027954 0.0106782 0.0937768 0.189343 0.0888063 0.0338572 0.149723 0.210802 0.0820869 0.0553128 0.0437638 0.0178618 0.00971565 0.00567413 0.00407349 0.00304322 0.00120028
 2.1387e-27 2.15736e-27 5.02493e-27 9.80721e-22 5.83272e-17 7.9752e-13 2.50701e-09 1.81183e-06 0.000301032 0.0114992 0.100987 0.2039 0.0955122 0.033219 0.141441 0.199245 0.0797959 0.0600995 0.0471399 0.0162789 0.00648471 0.0022941 0.0010195 0.000574367 0.000206411
 2.13881e-27 2.15764e-27 5.05283e-27 9.90165e-22 5.88889e-17 8.052e-13 2.53116e-09 1.82928e-06 0.000303931 0.01161 0.101959 0.205864 0.0964398 0.0337449 0.14406 0.202825 0.0795472 0.0552089 0.0433762 0.0161315 0.00654605 0.00178328 0.000429498 0.000131497 3.72629e-05
 2.13938e-27 2.15903e-27 5.1961e-27 1.03875e-21 6.17782e-17 8.44706e-13 2.65535e-09 1.91903e-06 0.000318843 0.0121796 0.106962 0.215963 0.101105 0.0336411 0.140383 0.197597 0.0771176 0.0523986 0.0406912 0.0141959 0.00553143 0.00155097 0.000308674 4.69212e-05 7.29698e-06
 2.13804e-27 2.15574e-27 4.84717e-27 9.2038e-22 5.47385e-17 7.48451e-13 2.35277e-09 1.70035e-06 0.000282511 0.0107917 0.0947734 0.191356 0.0897715 0.0347843 0.154778 0.217899 0.084434 0.0556125 0.0430112 0.0149477 0.00570609 0.00152104 0.000291332 3.55249e-05 2.79388e-06
 2.13653e-27 2.15213e-27 4.48019e-27 7.95968e-22 4.73392e-17 6.47279e-13 2.03473e-09 1.47051e-06 0.000244322 0.00933295 0.0819624 0.165491 0.0778093 0.0346672 0.161859 0.228118 0.0912744 0.0684983 0.0536159 0.0182052 0.00677437 0.00177896 0.000328016 3.72494e-05 2.26783e-06
 2.13964e-27 2.15976e-27 5.28662e-27 1.06952e-21 6.36082e-17 8.69728e-13 2.734e-09 1.97587e-06 0.000328288 0.0125404 0.11013 0.22236 0.104007 0.0321695 0.129471 0.182409 0.0743616 0.0597117 0.047332 0.0167543 0.00644545 0.00164942 0.00029359 3.21142e-05 1.80313e-06
 2.14242e-27 2.1664e-27 5.96399e-27 1.29917e-21 7.72667e-17 1.05648e-12 3.32107e-09 2.40015e-06 0.000398781 0.0152332 0.133778 0.270105 0.126081 0.0321906 0.115209 0.1619 0.0616079 0.0373275 0.0289492 0.0110835 0.00463464 0.00124628 0.000226441 2.41178e-05 1.29957e-06
 2.1378e-27 2.15499e-27 4.74805e-27 8.8666e-22 5.2733e-17 7.2103e-13 2.26657e-09 1.63805e-06 0.00027216 0.0103963 0.0913012 0.184346 0.0866085 0.0368551 0.169533 0.238413 0.0878464 0.0446247 0.0330721 0.011069 0.00418247 0.00121024 0.000240396 2.66914e-05 1.43298e-06
 2.13834e-27 2.15653e-27 4.93891e-27 9.51539e-22 5.65916e-17 7.73789e-13 2.43242e-09 1.75791e-06 0.000292075 0.0111571 0.0979819 0.197833 0.092726 0.0337142 0.146294 0.206123 0.0828306 0.0630882 0.0485132 0.0139898 0.00419504 0.00104013 0.000195189 2.31582e-05 1.31836e-06
 2.14264e-27 2.16693e-27 6.01927e-27 1.31792e-21 7.83816e-17 1.07173e-12 3.36899e-09 2.43478e-06 0.000404535 0.015453 0.135709 0.274002 0.127878 0.0320453 0.113148 0.159011 0.0608394 0.0378126 0.0290408 0.0100796 0.00365594 0.000790157 0.000116053 1.21382e-05 6.93914e-07
 2.1398e-27 2.15985e-27 5.25447e-27 1.05841e-21 6.29476e-17 8.60697e-13 2.70561e-09 1.95535e-06 0.000324879 0.0124102 0.108987 0.220052 0.103078 0.0358463 0.152612 0.214447 0.0778172 0.0358536 0.0260563 0.0085372 0.00305836 0.000779808 0.000126526 1.12586e-05 5.39256e-07
 2.13795e-27 2.15547e-27 4.81293e-27 9.08738e-22 5.40461e-17 7.38984e-13 2.32301e-09 1.67884e-06 0.000278937 0.0106552 0.0935747 0.188936 0.0886707 0.0352657 0.158447 0.223066 0.0862769 0.0562686 0.0423691 0.011855 0.00337747 0.000805781 0.000137053 1.36506e-05 6.34154e-07
 2.13742e-27 2.15423e-27 4.68926e-27 8.66826e-22 5.15534e-17 7.04901e-13 2.21587e-09 1.60141e-06 0.000266072 0.0101638 0.0892588 0.180222 0.0846346 0.0350624 0.159832 0.225094 0.0879916 0.0601606 0.0463029 0.0148851 0.00494097 0.00102603 0.0001424 1.36689e-05 6.76751e-07
 2.1392e-27 2.15856e-27 5.14298e-27 1.02071e-21 6.07055e-17 8.3004e-13 2.60924e-09 1.88571e-06 0.000313307 0.0119681 0.105105 0.212214 0.099386 0.0340217 0.143836 0.202456 0.0787478 0.0527038 0.0404698 0.013069 0.00449368 0.00104703 0.000153986 1.28164e-05 5.64589e-07
 2.14032e-27 2.1612e-27 5.40662e-27 1.11007e-21 6.60199e-17 9.02704e-13 2.83766e-09 2.05079e-06 0.000340735 0.0130159 0.114306 0.230791 0.107994 0.034552 0.141475 0.198886 0.0742163 0.040547 0.0302089 0.00956149 0.00321604 0.000757874 0.000118856 1.07023e-05 4.5574e-07
 2.13858e-27 2.15693e-27 4.95584e-27 9.57158e-22 5.69258e-17 7.78359e-13 2.44678e-09 1.7683e-06 0.0002938 0.011223 0.0985605 0.199002 0.0933486 0.0359052 0.159317 0.224083 0.0837774 0.0462264 0.034218 0.0101089 0.00309867 0.000713537 0.000111716 1.04483e-05 4.74113e-07
 2.13928e-27 2.1587e-27 5.15271e-27 1.02399e-21 6.09003e-17 8.32703e-13 2.61761e-09 1.89176e-06 0.000314312 0.0120065 0.105442 0.212895 0.0997155 0.034413 0.14602 0.205486 0.0791924 0.0508332 0.038375 0.0111836 0.00330411 0.000705919 0.000101523 9.26829e-06 4.27913e-07
 2.13886e-27 2.15765e-27 5.037e-27 9.8471e-22 5.85645e-17 8.00765e-13 2.51721e-09 1.8192e-06 0.000302257 0.011546 0.101398 0.20473 0.0959717 0.0352388 0.153522 0.215969 0.0816266 0.0477271 0.0359265 0.0113793 0.00374456 0.000798477 0.000108745 9.15252e-06 3.99957e-07
 2.13972e-27 2.15979e-27 5.2661e-27 1.06244e-21 6.31874e-17 8.63975e-13 2.71592e-09 1.9628e-06 0.000326116 0.0124574 0.109402 0.22089 0.103405 0.0342328 0.14251 0.200492 0.0767929 0.0479164 0.0361958 0.0109721 0.00348045 0.000797045 0.000117718 9.7867e-06 4.00967e-07
 2.14045e-27 2.1615e-27 5.43648e-27 1.12019e-21 6.66218e-17 9.10935e-13 2.86353e-09 2.06948e-06 0.000343842 0.0131345 0.115348 0.232895 0.108968 0.0345693 0.140946 0.198126 0.0737606 0.0397685 0.0294653 0.00904537 0.00288722 0.000637656 9.3526e-05 8.27687e-06 3.51039e-07
 2.13943e-27 2.159e-27 5.17416e-27 1.03122e-21 6.13303e-17 8.38583e-13 2.6361e-09 1.90511e-06 0.000316532 0.0120913 0.106186 0.214398 0.100441 0.0352206 0.150497 0.211639 0.0792267 0.0440219 0.0326234 0.00964079 0.0029362 0.00065386 9.60602e-05 8.38531e-06 3.64264e-07
 2.14002e-27 2.16046e-27 5.32902e-27 1.08375e-21 6.44545e-17 8.813e-13 2.77038e-09 2.00216e-06 0.000332656 0.0127072 0.111596 0.225319 0.105469 0.0346655 0.143817 0.20223 0.0760126 0.0431585 0.0320205 0.00928202 0.00272131 0.00057828 8.13834e-05 7.06333e-06 3.05445e-07
 2.13956e-27 2.15932e-27 5.20716e-27 1.0424e-21 6.19957e-17 8.47681e-13 2.6647e-09 1.92578e-06 0.000319966 0.0122225 0.107339 0.216724 0.101515 0.0351808 0.149553 0.210296 0.0785807 0.043233 0.0320045 0.00948392 0.00285978 0.000598686 8.07088e-05 6.68277e-06 2.81378e-07
 2.13873e-27 2.15734e-27 5.00332e-27 9.73288e-22 5.78852e-17 7.91476e-13 2.48802e-09 1.7981e-06 0.000298751 0.0114121 0.100222 0.202356 0.0948769 0.0353179 0.154721 0.21768 0.0825383 0.0490253 0.0366779 0.0108176 0.00325622 0.000696116 9.55295e-05 7.73284e-06 3.11814e-07
 2.1391e-27 2.15824e-27 5.09982e-27 1.00603e-21 5.98322e-17 8.18099e-13 2.5717e-09 1.85858e-06 0.0003088 0.0117959 0.103593 0.209162 0.098009 0.0349339 0.150325 0.211489 0.0804224 0.0484627 0.0363993 0.0109183 0.00335766 0.000715314 9.82332e-05 8.06865e-06 3.24652e-07
 2.14006e-27 2.16057e-27 5.34034e-27 1.08758e-21 6.46828e-17 8.84422e-13 2.78019e-09 2.00925e-06 0.000333834 0.0127522 0.111991 0.226117 0.105838 0.0346746 0.143632 0.201956 0.0757193 0.0424305 0.0315249 0.00941916 0.00289119 0.000623621 8.67438e-05 7.13422e-06 2.88735e-07
 2.1382e-27 2.15604e-27 4.86696e-27 9.27035e-22 5.51343e-17 7.53863e-13 2.36978e-09 1.71265e-06 0.000284553 0.0108697 0.0954587 0.19274 0.0904452 0.0356884 0.159881 0.22497 0.0853555 0.0508545 0.0380531 0.0111991 0.00336452 0.000724062 0.000101424 8.45117e-06 3.44966e-07
#obs catch len freq
 4.09779e-40 2.00559e-33 2.25672e-27 5.83792e-22 3.47203e-17 4.74737e-13 1.49234e-09 1.07852e-06 0.000179197 0.0068451 0.0601137 0.12138 0.0574635 0.0359315 0.18287 0.257818 0.102802 0.0762348 0.0606645 0.0234838 0.010246 0.00315093 0.00070978 9.87023e-05 7.03615e-06
 4.23665e-40 2.07355e-33 2.33319e-27 6.03574e-22 3.58968e-17 4.90824e-13 1.54291e-09 1.11506e-06 0.000185269 0.00707705 0.0621507 0.125493 0.0593786 0.0362979 0.183868 0.259147 0.102256 0.0727575 0.0573632 0.021501 0.0090921 0.002743 0.000601992 8.10498e-05 5.58031e-06
 5.76586e-40 2.82199e-33 3.17534e-27 8.21432e-22 4.88536e-17 6.67985e-13 2.09982e-09 1.51754e-06 0.000252142 0.00963149 0.0845837 0.170784 0.0802762 0.0351914 0.163463 0.230223 0.0898741 0.0611545 0.0477366 0.0172826 0.00701486 0.002039 0.000432208 5.65498e-05 3.7726e-06
 5.19763e-40 2.54388e-33 2.86241e-27 7.4048e-22 4.40391e-17 6.02155e-13 1.89288e-09 1.36799e-06 0.000227293 0.0086823 0.076248 0.153955 0.0726172 0.0384233 0.188265 0.264793 0.0968148 0.0468955 0.0346692 0.0121015 0.00469911 0.0013084 0.000263924 3.31241e-05 2.13727e-06
 6.01673e-40 2.94477e-33 3.3135e-27 8.57172e-22 5.09792e-17 6.97049e-13 2.19118e-09 1.58357e-06 0.000263112 0.0100506 0.088264 0.178215 0.0837637 0.0365796 0.169698 0.238778 0.0898114 0.0511764 0.0379719 0.0109973 0.00336808 0.000873748 0.00016664 1.98274e-05 1.22124e-06
 5.4416e-40 2.66329e-33 2.99677e-27 7.75237e-22 4.61062e-17 6.3042e-13 1.98173e-09 1.4322e-06 0.000237962 0.00908984 0.079827 0.161181 0.0759647 0.0386025 0.187181 0.263204 0.0954661 0.0438326 0.0316371 0.00981376 0.0031565 0.000686329 0.000105704 1.14506e-05 6.64927e-07
 4.05482e-40 1.98455e-33 2.23305e-27 5.77669e-22 3.43562e-17 4.69759e-13 1.47669e-09 1.06721e-06 0.000177318 0.00677332 0.0594833 0.120108 0.0570154 0.0396582 0.206005 0.289925 0.107473 0.0565046 0.0412634 0.01153 0.00324093 0.000723472 0.000107396 9.62735e-06 4.77971e-07
 3.92704e-40 1.92201e-33 2.16268e-27 5.59465e-22 3.32735e-17 4.54955e-13 1.43015e-09 1.03358e-06 0.00017173 0.00655987 0.0576088 0.116323 0.055189 0.0376207 0.194708 0.274377 0.107093 0.0727005 0.0553394 0.0163158 0.00485328 0.0009935 0.000133556 1.1565e-05 5.11387e-07
 9.73134e-40 4.76282e-33 5.3592e-27 1.38637e-21 8.24528e-17 1.12739e-12 3.54397e-09 2.56124e-06 0.000425553 0.0162556 0.142756 0.288232 0.134426 0.0312255 0.103854 0.145938 0.0565954 0.0374031 0.0288405 0.00972835 0.00345064 0.000755138 0.000102778 8.21268e-06 3.36269e-07
 6.94537e-40 3.39928e-33 3.82492e-27 9.89471e-22 5.88475e-17 8.04633e-13 2.52937e-09 1.82798e-06 0.000303722 0.0116018 0.101887 0.20572 0.096581 0.0392757 0.177866 0.24958 0.0839263 0.0180192 0.0102935 0.00337828 0.00121192 0.000301659 4.79591e-05 4.06351e-06 1.62096e-07
 3.05727e-40 1.49632e-33 1.68368e-27 4.35553e-22 2.5904e-17 3.5419e-13 1.1134e-09 8.04656e-07 0.000133695 0.00510696 0.0448494 0.0905639 0.0434991 0.0434606 0.238122 0.334819 0.118246 0.0442612 0.0295017 0.00631274 0.00090812 0.000181494 3.02285e-05 2.92432e-06 1.29588e-07
 8.60916e-40 4.21359e-33 4.7412e-27 1.2265e-21 7.29447e-17 9.97387e-13 3.1353e-09 2.26588e-06 0.00037648 0.014381 0.126294 0.254995 0.119063 0.0313132 0.114408 0.161144 0.0665381 0.0556301 0.0425857 0.0106546 0.0022546 0.000330581 2.61122e-05 1.9542e-06 9.21597e-08
 7.92423e-40 3.87836e-33 4.36399e-27 1.12892e-21 6.71413e-17 9.18036e-13 2.88585e-09 2.08561e-06 0.000346528 0.0132369 0.116247 0.234711 0.109917 0.0374881 0.158216 0.22194 0.0749516 0.0171797 0.0102924 0.00377625 0.00140942 0.000260312 2.45216e-05 1.26674e-06 3.52395e-08
 4.85228e-40 2.37485e-33 2.67222e-27 6.91279e-22 4.1113e-17 5.62145e-13 1.76711e-09 1.27709e-06 0.000212191 0.00810542 0.0711818 0.143728 0.068011 0.0416791 0.211223 0.296744 0.102619 0.0314665 0.0198787 0.00430731 0.000671139 0.000147619 2.26534e-05 1.52485e-06 4.16504e-08
 5.2199e-40 2.55478e-33 2.87468e-27 7.43652e-22 4.42278e-17 6.04735e-13 1.90099e-09 1.37385e-06 0.000228267 0.00871951 0.0765747 0.154615 0.0729148 0.0382273 0.186871 0.262942 0.0978482 0.052536 0.0378499 0.00884022 0.0015844 0.000226667 1.93155e-05 1.47211e-06 5.67998e-08
 3.73523e-40 1.82813e-33 2.05705e-27 5.32139e-22 3.16483e-17 4.32733e-13 1.3603e-09 9.83091e-07 0.000163342 0.00623945 0.0547949 0.110643 0.0526881 0.0409565 0.216783 0.304968 0.110745 0.0512305 0.036731 0.0105827 0.00294199 0.000488639 4.05961e-05 2.03356e-06 5.85764e-08
 7.18116e-40 3.51468e-33 3.95477e-27 1.02306e-21 6.08454e-17 8.31951e-13 2.61524e-09 1.89004e-06 0.000314033 0.0119957 0.105346 0.212702 0.0996192 0.0342196 0.144897 0.203954 0.0793681 0.053162 0.0400449 0.0108734 0.00285522 0.000574299 6.83374e-05 4.00401e-06 9.9779e-08
 4.75132e-40 2.32544e-33 2.61662e-27 6.76895e-22 4.02575e-17 5.50449e-13 1.73034e-09 1.25052e-06 0.000207776 0.00793676 0.0697007 0.140738 0.0666244 0.0415698 0.211457 0.297079 0.102748 0.0316207 0.0208245 0.00673605 0.00224828 0.000449991 5.47189e-05 3.9739e-06 1.28188e-07
 5.45922e-40 2.67191e-33 3.00648e-27 7.77747e-22 4.62555e-17 6.32461e-13 1.98815e-09 1.43684e-06 0.000238732 0.00911927 0.0800855 0.161703 0.0761733 0.0377359 0.181734 0.255725 0.0956012 0.0526581 0.0380949 0.00894778 0.00175196 0.000371942 5.41437e-05 4.13355e-06 1.47132e-07
 5.99011e-40 2.93174e-33 3.29885e-27 8.5338e-22 5.07537e-17 6.93965e-13 2.18149e-09 1.57656e-06 0.000261948 0.0100061 0.0878735 0.177427 0.0834566 0.0381051 0.179248 0.251983 0.0909851 0.040482 0.0288606 0.00844755 0.0024071 0.000410927 4.10645e-05 3.18049e-06 1.26843e-07
 4.69999e-40 2.30032e-33 2.58835e-27 6.69583e-22 3.98226e-17 5.44502e-13 1.71165e-09 1.23701e-06 0.000205531 0.00785102 0.0689477 0.139217 0.0658782 0.04042 0.204896 0.288071 0.102864 0.0421435 0.0292442 0.00780255 0.00199896 0.000406484 4.9891e-05 3.19569e-06 1.0437e-07
 7.12952e-40 3.4894e-33 3.92633e-27 1.01571e-21 6.04078e-17 8.25968e-13 2.59644e-09 1.87645e-06 0.000311775 0.0119094 0.104588 0.211173 0.0989667 0.0356707 0.154217 0.216855 0.0807327 0.0434765 0.0316206 0.00815666 0.00191782 0.000356542 4.25923e-05 3.14387e-06 1.07265e-07
 4.9343e-40 2.415e-33 2.71739e-27 7.02964e-22 4.18079e-17 5.71647e-13 1.79698e-09 1.29868e-06 0.000215777 0.00824242 0.072385 0.146157 0.0691154 0.0411845 0.207471 0.291496 0.10127 0.0326204 0.0214939 0.00620923 0.00177109 0.000328237 3.58554e-05 2.47136e-06 8.70748e-08
 5.91331e-40 2.89415e-33 3.25655e-27 8.42438e-22 5.01029e-17 6.85067e-13 2.15352e-09 1.55635e-06 0.00025859 0.0098778 0.0867468 0.175152 0.0823814 0.0374801 0.176119 0.247735 0.0917494 0.0479356 0.034429 0.00817467 0.00161069 0.000307507 3.85821e-05 2.65106e-06 8.70496e-08
 6.22635e-40 3.04737e-33 3.42894e-27 8.87035e-22 5.27553e-17 7.21334e-13 2.26752e-09 1.63874e-06 0.000272279 0.0104007 0.091339 0.184424 0.0866933 0.0381553 0.177446 0.249377 0.0891746 0.0369552 0.025905 0.00741794 0.00205175 0.000350446 3.39208e-05 2.32772e-06 8.17806e-08
 4.7707e-40 2.33493e-33 2.6273e-27 6.79657e-22 4.04217e-17 5.52694e-13 1.7374e-09 1.25562e-06 0.000208623 0.00796914 0.069985 0.141311 0.0668522 0.0405731 0.2052 0.288457 0.102445 0.0402086 0.0275567 0.00713341 0.00171762 0.000338384 4.05168e-05 2.54429e-06 7.74521e-08
 5.20885e-40 2.54937e-33 2.86859e-27 7.42078e-22 4.41341e-17 6.03455e-13 1.89696e-09 1.37094e-06 0.000227784 0.00870104 0.0764126 0.154288 0.0727603 0.0381432 0.186455 0.262359 0.0976527 0.0525207 0.0381389 0.0096971 0.00220048 0.00039402 4.44603e-05 3.16062e-06 1.05124e-07
 5.65528e-40 2.76787e-33 3.11445e-27 8.05678e-22 4.79167e-17 6.55174e-13 2.05955e-09 1.48844e-06 0.000247306 0.00944677 0.0829616 0.16751 0.078881 0.038349 0.183726 0.258339 0.0938308 0.0434632 0.0311738 0.00900229 0.00255104 0.000464851 4.88176e-05 3.20038e-06 1.07308e-07
 5.38951e-40 2.63779e-33 2.96809e-27 7.67816e-22 4.56649e-17 6.24385e-13 1.96276e-09 1.41849e-06 0.000235684 0.00900283 0.0790628 0.159638 0.0752441 0.0384084 0.186462 0.26226 0.0961228 0.0472002 0.0340069 0.00930135 0.00248055 0.000505163 6.30999e-05 4.23355e-06 1.33274e-07
#spawning biomass
 4412.38 3177.21 3384.79 4165.2 4917.46 6398.04 7356.96 6134.38 7931.52 15524.4 16210.7 14645.5 25025.1 34139.3 31177.4 23853.6 20649.9 24574.2 23116.6 22969.2 23185.9 22419.1 28645 27732.1 29905.5 32851.7 29526.2 25890.2 26566.8 60777.6 83372.1 77175.1 53252.4 37293.2 29194.9 25418.7 23733.8 23002.5 22690.8 22559.7 22504.9 22482.2 22472.8 22469 22467.4 22466.7 22466.4 22466.3 22466.3 22466.3 22466.3 22466.3 22466.3 22466.3 22466.3 22466.3 22466.3 22466.3 22466.3 22466.3 22466.3 22466.3 22466.3 22466.3 22466.3 22466.3 22466.3 22466.3 22466.3 22466.3 22466.3 22466.3 22466.3 22466.3 22466.3 22466.3 22466.3 22466.3 22466.3 22466.3 22466.3 22466.3 22466.3 22466.3 22466.3 22466.3 22466.3 22466.3 22466.3 22466.3 22466.3 22466.3 22466.3 22466.3 22466.3 22466.3 22466.3 22466.3 22466.3 22466.3 22466.3 22466.3 22466.3 22466.3 22466.3 22466.3 22466.3 22466.3 22466.3 22466.3 22466.3 22466.3 22466.3 22466.3 22466.3 22466.3 22466.3 22466.3 22466.3 22466.3 22466.3 22466.3 22466.3 22466.3 22466.3 22466.3 22466.3 22466.3 22466.3 0 0 0 0 0 0 0 0 0 0 0 0 0 0 0 0 0 0 0 0 0 0 0 0 0
