SBPRF35
0.256306
Curr Bio
161083
B35
195218
F35
0.394797
FOFL
0.235826
OFL
30571
Bzero
73230.3
#pred survey bio
 26916.6 23461.7 18033 16508.1 24122.9 37834.7 49818.7 60526.5 81955.5 109198 135713 174197 195436 231931 242540 229251 227181 217181 208278 180172 201534 223931 244910 242365 258491 237010 222906 232729 229584 6.59892e+06 3.80383e+06 2.84331e+06 2.00962e+06 1.4569e+06 1.1316e+06 951218 853809 801459 773029 757261 748269 742984 739784 737794 736525 735708 735175 734823 734589 734433 734328 734257 734210 734177 734156 734141 734131 734125 734120 734117 734115 734113 734113 734112 734111 734111 734111 734111 734111 734111 734111 734111 734111 734111 734111 734111 734111 734111 734111 734111 734111 734111 734111 734111 734111 734111 734111 734111 734111 734111 734111 734111 734111 734111 734111 734111 734111 734111 734111 734111 734111 734111 734111 734111 734111 734111 734111 734111 734111 734111 734111 734111 734111 734111 734111 734111 734111 734111 734111 734111 734111 734111 734111 734111 734111 734111 734111 734111 734111 0 0 0 0 0 0 0 0 0 0 0 0 0 0 0 0 0 0 0 0 0 0 0 0 0
#obs survey bio
 24458 16969.3 15225 28582.3 22572.4 52692 50853.9 93700.3 64496.7 163090 160638 155703 253680 221405 225081 161177 224859 268040 170018 174676 205491 198071 226580 335011 267058 248986 256878 283156 145429
#pred catch bio
 4055.61 4034.35 3102 3587.84 4783.05 8914.26 12841.2 15697.2 22958.1 35801.3 44622 71859.5 71561.7 92645.6 106488 98531 95547.5 84260.3 95460.5 67275.2 78890.9 86882.9 106916 94225.4 113444 98126.9 82647.4 94856.9 124177 30571 47874 34725.5 23626.9 16543.3 12562.1 10482.3 9443.9 8940.44 8701.05 8588.7 8536.43 8512.27 8501.15 8496.04 8493.7 8492.63 8492.15 8491.93 8491.82 8491.78 8491.76 8491.75 8491.74 8491.74 8491.74 8491.74 8491.74 8491.74 8491.74 8491.74 8491.74 8491.74 8491.74 8491.74 8491.74 8491.74 8491.74 8491.74 8491.74 8491.74 8491.74 8491.74 8491.74 8491.74 8491.74 8491.74 8491.74 8491.74 8491.74 8491.74 8491.74 8491.74 8491.74 8491.74 8491.74 8491.74 8491.74 8491.74 8491.74 8491.74 8491.74 8491.74 8491.74 8491.74 8491.74 8491.74 8491.74 8491.74 8491.74 8491.74 8491.74 8491.74 8491.74 8491.74 8491.74 8491.74 8491.74 8491.74 8491.74 8491.74 8491.74 8491.74 8491.74 8491.74 8491.74 8491.74 8491.74 8491.74 8491.74 8491.74 8491.74 8491.74 8491.74 8491.74 8491.74 8491.74 8491.74 8491.74 8491.74 0 0 0 0 0 0 0 0 0 0 0 0 0 0 0 0 0 0 0 0 0 0 0 0 0
#obs catch bio
 3657.55 4151.49 3214.95 3695.59 4777.36 8813.46 12413.3 15091 22248.2 33385.1 41061.1 70045.4 67529.1 92655.7 110066 103587 97088.5 80633.6 97058 66796.2 78115.3 84282.8 104150 87150.8 108428 97233 79990.4 89317.3 126244
#pred cpue bio
 26008.6 23108 17850.3 15703.5 21795.4 34884.1 46567.3 56620.2 75417.3 100858 125142 160030 179312 213862 225122 212757 209990 202579 195275 167393 185833 206421 226577 223993 239658 220949 208053 216412 213336 6.03694e+06 3.75082e+06 2.80922e+06 1.97605e+06 1.42335e+06 1.09805e+06 917669 820260 767910 739481 723712 714721 709436 706236 704245 702976 702159 701626 701274 701040 700884 700779 700708 700661 700629 700607 700592 700582 700576 700571 700568 700566 700565 700564 700563 700563 700562 700562 700562 700562 700562 700562 700562 700562 700562 700562 700562 700562 700562 700562 700562 700562 700562 700562 700562 700562 700562 700562 700562 700562 700562 700562 700562 700562 700562 700562 700562 700562 700562 700562 700562 700562 700562 700562 700562 700562 700562 700562 700562 700562 700562 700562 700562 700562 700562 700562 700562 700562 700562 700562 700562 700562 700562 700562 700562 700562 700562 700562 700562 700562 0 0 0 0 0 0 0 0 0 0 0 0 0 0 0 0 0 0 0 0 0 0 0 0 0
#obs cpue bio
 20873.9 21149.7 11608.4 15240.3 24137.4 37436.1 57762.8 44738.7 95397.5 120214 139404 151507 186561 172893 192297 227710 237121 237259 194001 165971 210214 278391 284271 262553 249737 182577 218248 254572 249526
#pred surv len freq
 2.3857e-11 1.12212e-09 3.65467e-08 8.24218e-07 1.28714e-05 0.000139186 0.00104224 0.00540468 0.0194154 0.0483796 0.0840474 0.103812 0.0976758 0.08364 0.0793366 0.0795195 0.0745313 0.0660481 0.0578803 0.0501536 0.0429687 0.0368097 0.0308202 0.0234694 0.0148918
 1.11844e-11 5.26061e-10 1.71335e-08 3.86403e-07 6.03427e-06 6.52536e-05 0.00048866 0.00253476 0.00911628 0.0228205 0.0403578 0.053204 0.0607633 0.0738116 0.0941536 0.106902 0.103688 0.0926659 0.0815281 0.0704942 0.0591092 0.0481055 0.0374888 0.0266415 0.0160547
 9.33771e-12 4.39201e-10 1.43045e-08 3.22602e-07 5.03792e-06 5.44786e-05 0.000407952 0.00211575 0.00760413 0.0189841 0.0332272 0.0422202 0.0436246 0.046115 0.0568391 0.0732954 0.0910266 0.105791 0.110715 0.103156 0.0878594 0.0701177 0.0521521 0.0348695 0.019819
 3.43909e-11 1.61759e-09 5.26837e-08 1.18815e-06 1.85546e-05 0.000200642 0.00150237 0.00778988 0.0279709 0.0695703 0.119987 0.144093 0.122483 0.0783863 0.0456266 0.0329467 0.032566 0.0385928 0.0476047 0.0546669 0.0551218 0.0480799 0.0363454 0.023624 0.0128226
 4.39119e-11 2.06541e-09 6.7269e-08 1.51708e-06 2.36914e-05 0.000256189 0.00191831 0.00994673 0.0357181 0.0888655 0.153443 0.185105 0.160003 0.107905 0.068882 0.0483334 0.0336138 0.0213487 0.0147736 0.0137888 0.0149776 0.0150465 0.0126738 0.00866163 0.00471406
 3.58542e-11 1.68641e-09 5.49253e-08 1.2387e-06 1.93441e-05 0.00020918 0.00156634 0.00812225 0.0291741 0.0726599 0.125977 0.154413 0.141408 0.112722 0.0956708 0.084423 0.0651813 0.0418052 0.0238948 0.0136637 0.00895091 0.00717667 0.00604215 0.00439957 0.0025187
 3.2394e-11 1.52366e-09 4.96246e-08 1.11916e-06 1.74773e-05 0.000188993 0.00141518 0.00733847 0.0263598 0.0656594 0.1139 0.139899 0.129089 0.105189 0.0930757 0.0874861 0.0754186 0.0579736 0.0407153 0.025664 0.014332 0.00764115 0.00440997 0.00271391 0.00151245
 3.29228e-11 1.54853e-09 5.04346e-08 1.13743e-06 1.77625e-05 0.000192077 0.00143827 0.00745811 0.026788 0.0667111 0.115623 0.141535 0.12907 0.102052 0.0868637 0.0803126 0.0701893 0.0566487 0.0436436 0.0313707 0.0200123 0.0110816 0.00542846 0.00247966 0.00108327
 3.78685e-11 1.78115e-09 5.80111e-08 1.30829e-06 2.04309e-05 0.000220931 0.00165432 0.00857813 0.030807 0.0766819 0.132644 0.161145 0.143004 0.104769 0.0791345 0.066989 0.0558898 0.0437861 0.033493 0.0248854 0.0171144 0.0104266 0.00544859 0.00240527 0.000902009
 3.59904e-11 1.69281e-09 5.51339e-08 1.24341e-06 1.94176e-05 0.000209974 0.00157228 0.00815294 0.0292827 0.0729147 0.126311 0.154317 0.139724 0.108198 0.0886335 0.0778688 0.0629141 0.045214 0.0311948 0.0215905 0.0145541 0.00909573 0.00501562 0.00233106 0.000883828
 3.65137e-11 1.71743e-09 5.59356e-08 1.26149e-06 1.96999e-05 0.000213027 0.00159514 0.00827142 0.0297074 0.0739638 0.128072 0.1562 0.140581 0.107163 0.0860656 0.0754752 0.0624146 0.0465891 0.032771 0.0219568 0.0137711 0.00804728 0.00431132 0.00202305 0.000787929
 3.7455e-11 1.76171e-09 5.73776e-08 1.29401e-06 2.02078e-05 0.000218519 0.00163626 0.00848459 0.0304724 0.0758622 0.131316 0.159957 0.143314 0.107853 0.0848233 0.0730841 0.0596628 0.044091 0.0310085 0.0210177 0.0132648 0.00759956 0.00389641 0.00174991 0.000665466
 3.75136e-11 1.76446e-09 5.74674e-08 1.29603e-06 2.02394e-05 0.000218861 0.00163882 0.00849789 0.0305206 0.0759855 0.131553 0.160356 0.144022 0.109095 0.0865333 0.0745885 0.0601061 0.0432499 0.0294376 0.0194626 0.0121401 0.00692572 0.00352227 0.00155034 0.000572532
 3.61348e-11 1.69961e-09 5.53552e-08 1.2484e-06 1.94955e-05 0.000210817 0.00157859 0.00818566 0.0294002 0.0732067 0.126814 0.154915 0.140222 0.108528 0.0889846 0.0786104 0.0642599 0.0467521 0.0319508 0.0209035 0.0127434 0.00708863 0.00353477 0.00153317 0.00055778
 3.44035e-11 1.61817e-09 5.27029e-08 1.18858e-06 1.85614e-05 0.000200716 0.00150296 0.00779356 0.0279931 0.0697144 0.120842 0.14799 0.135146 0.107127 0.0909793 0.0824933 0.0686863 0.0510476 0.0357257 0.0237992 0.01461 0.00808011 0.00396374 0.00168362 0.000600365
 3.47307e-11 1.63357e-09 5.32042e-08 1.19989e-06 1.8738e-05 0.000202625 0.00151725 0.00786762 0.0282584 0.0703685 0.121931 0.14911 0.13549 0.106017 0.088536 0.0797952 0.0669941 0.0508192 0.036552 0.0250215 0.0157358 0.00886458 0.00438603 0.00185775 0.000654768
 3.59321e-11 1.69008e-09 5.50447e-08 1.24139e-06 1.93862e-05 0.000209634 0.00156974 0.0081397 0.0292347 0.0727904 0.126064 0.153865 0.138847 0.106608 0.0865347 0.0763876 0.0633449 0.0476005 0.0341459 0.0236144 0.01518 0.00878498 0.00445517 0.00192032 0.000682472
 3.29976e-11 1.55205e-09 5.05493e-08 1.14001e-06 1.7803e-05 0.000192514 0.00144155 0.00747521 0.0268508 0.0668818 0.116015 0.142465 0.13134 0.106666 0.0935071 0.086192 0.0718188 0.0531194 0.0372553 0.025332 0.0161954 0.00943914 0.00487021 0.00214555 0.000778244
 3.18652e-11 1.49879e-09 4.88145e-08 1.10089e-06 1.7192e-05 0.000185908 0.00139208 0.00721867 0.0259294 0.0645865 0.112033 0.137579 0.126864 0.103197 0.0911 0.0855581 0.0740622 0.0580532 0.0430063 0.0299829 0.0191256 0.0110247 0.00565797 0.00250473 0.000920175
 3.49797e-11 1.64528e-09 5.35856e-08 1.20849e-06 1.88723e-05 0.000204077 0.00152813 0.00792394 0.0284599 0.0708615 0.122726 0.149806 0.135239 0.104007 0.0848449 0.0757728 0.0643565 0.0503682 0.0379819 0.0274925 0.0183345 0.010929 0.0056917 0.00252528 0.000927993
 3.67982e-11 1.73081e-09 5.63713e-08 1.27131e-06 1.98534e-05 0.000214687 0.00160757 0.00833581 0.0299383 0.0745347 0.129033 0.157245 0.141108 0.106673 0.0845071 0.0732508 0.0601302 0.0449316 0.0323862 0.022941 0.0154115 0.00944468 0.00509091 0.00232485 0.000869883
 3.64599e-11 1.7149e-09 5.58532e-08 1.25963e-06 1.96709e-05 0.000212713 0.00159279 0.00825926 0.0296642 0.0738599 0.127918 0.156133 0.140904 0.108168 0.0875949 0.0766846 0.0623912 0.0453578 0.0313015 0.0210955 0.0135651 0.00810605 0.00436511 0.00202805 0.000777382
 3.53933e-11 1.66473e-09 5.42193e-08 1.22278e-06 1.90955e-05 0.000206491 0.0015462 0.00801772 0.0287974 0.0717096 0.124247 0.151905 0.137902 0.107599 0.0893292 0.0797414 0.0658063 0.0485033 0.0336882 0.0224106 0.013923 0.00795096 0.00411422 0.00186853 0.000713335
 3.57885e-11 1.68332e-09 5.48247e-08 1.23643e-06 1.93087e-05 0.000208796 0.00156346 0.0081072 0.0291183 0.0725036 0.125588 0.153384 0.138729 0.10718 0.0877744 0.0778466 0.0644528 0.0480339 0.033881 0.0228418 0.0142487 0.00804211 0.00404623 0.00177354 0.000656444
 3.48886e-11 1.64099e-09 5.3446e-08 1.20534e-06 1.88231e-05 0.000203546 0.00152415 0.0079034 0.0283871 0.0706902 0.122497 0.149844 0.136284 0.106873 0.0894089 0.0803276 0.0667268 0.0497312 0.0351561 0.0238815 0.015071 0.00859092 0.00432678 0.00187447 0.000678618
 3.32995e-11 1.56625e-09 5.10118e-08 1.15044e-06 1.79658e-05 0.000194276 0.00145474 0.00754354 0.0270958 0.0674866 0.117028 0.14354 0.131795 0.105964 0.0917944 0.0843844 0.0709146 0.0533327 0.0379998 0.0259487 0.0164477 0.0094342 0.00478678 0.00208345 0.00075276
 3.32672e-11 1.56473e-09 5.09622e-08 1.14932e-06 1.79484e-05 0.000194087 0.00145332 0.00753617 0.0270688 0.0674141 0.116867 0.143179 0.130946 0.10426 0.0893386 0.0821679 0.0701656 0.0543566 0.0400298 0.0280146 0.0180267 0.0104406 0.00533643 0.00233723 0.000848481
 3.45924e-11 1.62706e-09 5.29924e-08 1.19511e-06 1.86634e-05 0.000201818 0.00151121 0.00783627 0.0281454 0.0700834 0.121411 0.148352 0.134414 0.104388 0.0863374 0.0776393 0.0657774 0.0509998 0.0379723 0.0271778 0.0180082 0.0107267 0.00559978 0.00248694 0.000911032
 3.4554e-11 1.62525e-09 5.29334e-08 1.19378e-06 1.86426e-05 0.000201594 0.00150953 0.0078276 0.0281148 0.0700121 0.121321 0.148402 0.134964 0.105823 0.0885312 0.079608 0.0663407 0.0498985 0.0360168 0.0253817 0.016881 0.0102384 0.00548009 0.00249486 0.000932576
#obs surv len freq
 2.24905e-11 1.05785e-09 3.44534e-08 7.77011e-07 1.21342e-05 0.000131214 0.000982547 0.00509523 0.0183051 0.0456252 0.079347 0.0984045 0.0938478 0.0828744 0.0811954 0.0822399 0.0767174 0.0680549 0.061293 0.0556527 0.0489774 0.0404673 0.030357 0.0197815 0.0106376
 9.72719e-16 4.58205e-14 1.5012e-12 3.46491e-11 5.90303e-10 8.49678e-09 1.26483e-07 1.95046e-06 2.54687e-05 0.000245756 0.00167221 0.0079288 0.0261867 0.0606549 0.100426 0.124335 0.125609 0.115872 0.104339 0.0919897 0.0788703 0.0647133 0.0486294 0.0316221 0.0168784
 1.24329e-11 5.84783e-10 1.9046e-08 4.29536e-07 6.70781e-06 7.25351e-05 0.000543127 0.00281606 0.0101104 0.0251353 0.0432731 0.0516271 0.042997 0.0268717 0.0202544 0.0339512 0.0665233 0.102605 0.123215 0.122698 0.108528 0.0884257 0.06558 0.042299 0.0224671
 5.23351e-11 2.46159e-09 8.01724e-08 1.80809e-06 2.82359e-05 0.00030533 0.00228625 0.011854 0.0425601 0.105818 0.182236 0.21758 0.180741 0.105916 0.0460719 0.0174123 0.00798374 0.00658099 0.00906205 0.0127771 0.0148593 0.0140253 0.0109764 0.00714491 0.00377906
 3.05135e-11 1.43521e-09 4.67438e-08 1.05419e-06 1.64628e-05 0.000178023 0.00133306 0.00691312 0.024839 0.0619397 0.107915 0.134737 0.131219 0.120459 0.119314 0.111194 0.0813406 0.0438623 0.0184857 0.00847338 0.00683242 0.00716525 0.00652877 0.00467369 0.00257985
 4.03418e-11 1.89748e-09 6.17998e-08 1.39374e-06 2.17653e-05 0.00023536 0.00176235 0.00913816 0.032816 0.0816582 0.141089 0.170642 0.149 0.104176 0.0732252 0.0609016 0.0542311 0.0457844 0.0339544 0.0205795 0.0101325 0.00479247 0.00283859 0.00191128 0.00110813
 2.43987e-11 1.1476e-09 3.73765e-08 8.42936e-07 1.31637e-05 0.000142348 0.00106594 0.00552808 0.019866 0.0495728 0.0866021 0.109224 0.109864 0.107916 0.11524 0.11531 0.0952902 0.0672492 0.0458089 0.0316106 0.0202753 0.0110667 0.00514438 0.00223574 0.000974253
 4.21015e-11 1.98025e-09 6.44955e-08 1.45454e-06 2.27146e-05 0.000245626 0.00183922 0.00953654 0.0342443 0.0851893 0.147033 0.177086 0.152212 0.101179 0.064254 0.0495184 0.0447861 0.0409428 0.0343986 0.025182 0.0160499 0.00909447 0.00454068 0.00193953 0.000704365
 3.65346e-11 1.71841e-09 5.59675e-08 1.26221e-06 1.97112e-05 0.000213149 0.00159606 0.00827627 0.0297264 0.0740251 0.128275 0.156901 0.142636 0.111505 0.0920194 0.0796435 0.0611946 0.0404637 0.026209 0.0185034 0.0131947 0.00839832 0.00449483 0.00198604 0.000717654
 3.77613e-11 1.77611e-09 5.78468e-08 1.30459e-06 2.03731e-05 0.000220306 0.00164964 0.00855394 0.0307213 0.0764785 0.132362 0.161133 0.144061 0.107812 0.0842277 0.0726882 0.0600203 0.0447412 0.030863 0.0197982 0.0118493 0.00678273 0.00364804 0.00171222 0.000654814
 3.91987e-11 1.84372e-09 6.00486e-08 1.35425e-06 2.11485e-05 0.000228691 0.00171243 0.00887947 0.0318896 0.079379 0.137328 0.166921 0.148393 0.109195 0.0827252 0.0691379 0.0553296 0.0401025 0.0276578 0.0184174 0.0113664 0.00630702 0.00312486 0.0013689 0.000513194
 3.89566e-11 1.83233e-09 5.96778e-08 1.34589e-06 2.10179e-05 0.000227279 0.00170186 0.00882468 0.0316935 0.0788964 0.136531 0.166134 0.148274 0.110317 0.0849814 0.0715425 0.0566935 0.0399788 0.0265065 0.0170529 0.0103641 0.0057589 0.00284684 0.00121592 0.000436422
 3.70752e-11 1.74384e-09 5.67957e-08 1.28089e-06 2.00029e-05 0.000216303 0.00161967 0.00839863 0.0301648 0.0751056 0.130072 0.158747 0.14321 0.10981 0.0887007 0.077309 0.0623226 0.0444124 0.0295281 0.0187593 0.0110957 0.00597814 0.00288643 0.00121361 0.000428651
 3.62037e-11 1.70285e-09 5.54606e-08 1.25078e-06 1.95327e-05 0.000211219 0.0015816 0.00820124 0.0294561 0.0733435 0.127036 0.155121 0.1402 0.108098 0.0882305 0.0779752 0.0642314 0.0473725 0.0327695 0.0214283 0.012815 0.0068628 0.00325076 0.00133334 0.000459933
 3.16649e-11 1.48936e-09 4.85076e-08 1.09397e-06 1.70839e-05 0.000184739 0.00138333 0.00717338 0.025768 0.0641955 0.111432 0.137201 0.127652 0.106092 0.0958622 0.0901425 0.0760566 0.0569052 0.0401416 0.0270044 0.0166993 0.00921169 0.00443581 0.00181995 0.000620174
 3.67105e-11 1.72668e-09 5.6237e-08 1.26829e-06 1.98061e-05 0.000214175 0.00160373 0.00831586 0.0298659 0.0743456 0.128647 0.156502 0.139581 0.103818 0.0806447 0.0703174 0.0603626 0.0484593 0.0369943 0.026328 0.0168918 0.00961421 0.00477135 0.00200742 0.000694592
 3.44591e-11 1.62079e-09 5.2788e-08 1.1905e-06 1.85914e-05 0.00020104 0.00150539 0.00780616 0.0280385 0.0698278 0.121043 0.148252 0.135429 0.10738 0.0909917 0.0817645 0.0668502 0.0486715 0.0342147 0.0240402 0.0161189 0.00973978 0.00508755 0.00222513 0.00079297
 3.17873e-11 1.49512e-09 4.86952e-08 1.0982e-06 1.715e-05 0.000185453 0.00138868 0.00720105 0.0258666 0.0644334 0.111792 0.137397 0.127056 0.10407 0.0925845 0.0870124 0.0746839 0.0575478 0.041756 0.0286828 0.0183062 0.0107656 0.00569878 0.00259041 0.000963786
 3.29787e-11 1.55116e-09 5.05202e-08 1.13936e-06 1.77927e-05 0.000192403 0.00144072 0.00747076 0.0268335 0.0668241 0.115817 0.141764 0.129249 0.102121 0.08679 0.0800297 0.0695925 0.0557295 0.0426749 0.0308849 0.0203772 0.012033 0.0062759 0.00282308 0.00105819
 3.6691e-11 1.72577e-09 5.62072e-08 1.26761e-06 1.97956e-05 0.000214062 0.00160288 0.00831149 0.0298506 0.0743106 0.128609 0.156557 0.139948 0.104696 0.0817874 0.0707828 0.0592144 0.0459884 0.0347315 0.0255406 0.0175315 0.0108227 0.00582672 0.00265627 0.000997292
 3.70575e-11 1.74301e-09 5.67686e-08 1.28027e-06 1.99933e-05 0.0002162 0.0016189 0.00839457 0.0301497 0.0750625 0.129959 0.158432 0.142354 0.107962 0.085809 0.0741235 0.0599499 0.0435774 0.0304145 0.021085 0.0141113 0.00876134 0.00484187 0.00227829 0.00087754
 3.67463e-11 1.72837e-09 5.62918e-08 1.26952e-06 1.98254e-05 0.000214384 0.0016053 0.0083241 0.0298969 0.0744366 0.128899 0.157252 0.141658 0.108223 0.0870594 0.0760154 0.0620039 0.0452587 0.0311607 0.0206807 0.0129772 0.00759531 0.00406503 0.00190687 0.00074548
 3.55434e-11 1.67179e-09 5.44491e-08 1.22797e-06 1.91765e-05 0.000207367 0.00155276 0.0080517 0.0289195 0.0720116 0.124759 0.15248 0.13826 0.107537 0.0888874 0.0791695 0.0653764 0.0483299 0.033711 0.0224839 0.0139214 0.00785529 0.00399558 0.00178982 0.00068062
 3.76716e-11 1.77189e-09 5.77093e-08 1.30149e-06 2.03246e-05 0.000219782 0.00164572 0.0085336 0.0306482 0.0762959 0.132042 0.160722 0.143623 0.107313 0.0835494 0.0717717 0.0590585 0.0443232 0.0316006 0.0214873 0.0134694 0.00760772 0.00380957 0.0016534 0.000604945
 3.46357e-11 1.6291e-09 5.30586e-08 1.19661e-06 1.86867e-05 0.000202071 0.00151311 0.00784618 0.0281823 0.0701867 0.121669 0.149043 0.136226 0.10818 0.0919073 0.082809 0.0678215 0.0491471 0.0337325 0.0225656 0.0142335 0.00815768 0.00412579 0.00178733 0.000644242
 3.27477e-11 1.5403e-09 5.01664e-08 1.13138e-06 1.76681e-05 0.000191056 0.00143063 0.00741855 0.0266471 0.0663701 0.115101 0.141223 0.129821 0.104745 0.0913657 0.0848814 0.0725608 0.0558257 0.0404026 0.027496 0.0171271 0.00965194 0.00485243 0.00210829 0.000762142
 3.39819e-11 1.59834e-09 5.2057e-08 1.17402e-06 1.8334e-05 0.000198256 0.00148454 0.00769797 0.0276491 0.0688494 0.119288 0.145833 0.132373 0.103344 0.0862625 0.0784083 0.067388 0.0532584 0.040286 0.028903 0.0189043 0.0109906 0.00557716 0.00241529 0.000868951
 3.66477e-11 1.72373e-09 5.61408e-08 1.26612e-06 1.97722e-05 0.000213809 0.00160099 0.00830171 0.0298158 0.0742274 0.128488 0.156522 0.140274 0.105674 0.0833731 0.072378 0.0600656 0.0458202 0.0338325 0.0243779 0.0164588 0.0100134 0.00530626 0.00236946 0.000865932
 3.42582e-11 1.61134e-09 5.24804e-08 1.18356e-06 1.84831e-05 0.000199869 0.00149662 0.00776067 0.0278753 0.0694228 0.12035 0.147451 0.134852 0.107265 0.0913806 0.0825988 0.0679811 0.0497003 0.0346113 0.0237014 0.015543 0.009434 0.00510643 0.00235807 0.000891284
#pred catch len freq
 2.12224e-11 9.98202e-10 3.25108e-08 7.33199e-07 1.145e-05 0.000123816 0.000927151 0.00480803 0.0172741 0.0430641 0.0749512 0.0932277 0.0897936 0.0811229 0.0816676 0.0843795 0.0799141 0.0711149 0.0624583 0.0541764 0.0464327 0.0397817 0.0333097 0.0253654 0.0160949
 9.58827e-12 4.50986e-10 1.46883e-08 3.31259e-07 5.17313e-06 5.59416e-05 0.000418935 0.00217328 0.00781893 0.0195997 0.0348444 0.0467797 0.0559503 0.0722039 0.0954464 0.109749 0.106947 0.0958549 0.0845009 0.073137 0.0613475 0.0499328 0.038914 0.0276546 0.0166652
 7.94618e-12 3.73751e-10 1.21728e-08 2.74528e-07 4.28716e-06 4.63603e-05 0.000347164 0.00180059 0.00647278 0.0161732 0.0284001 0.0365228 0.0391134 0.0440096 0.0569091 0.0747723 0.0934217 0.108831 0.114014 0.106275 0.0905311 0.0722548 0.053743 0.0359336 0.0204238
 3.18181e-11 1.49657e-09 4.87423e-08 1.09926e-06 1.71665e-05 0.000185631 0.00138998 0.00720715 0.0258791 0.0643732 0.111063 0.133562 0.114147 0.0744661 0.0455584 0.0350386 0.0357443 0.0427098 0.0527798 0.0606368 0.0611486 0.0533386 0.0403211 0.0262083 0.0142253
 4.18952e-11 1.97055e-09 6.41795e-08 1.44741e-06 2.26033e-05 0.000244423 0.00183022 0.00949002 0.0340793 0.0848007 0.146509 0.17714 0.154416 0.106962 0.072093 0.0532553 0.0379215 0.0242858 0.0168792 0.0157928 0.0171669 0.0172481 0.0145285 0.00992923 0.00540396
 3.34619e-11 1.57389e-09 5.12606e-08 1.15605e-06 1.80535e-05 0.000195223 0.00146184 0.00758052 0.0272306 0.0678419 0.117777 0.145082 0.135169 0.1125 0.100943 0.0920001 0.071841 0.0462654 0.0265124 0.0151914 0.00996341 0.00799178 0.006729 0.00489977 0.00280507
 2.99671e-11 1.40951e-09 4.59067e-08 1.03531e-06 1.61679e-05 0.000174834 0.00130917 0.00678887 0.0243877 0.0607683 0.105559 0.130331 0.12243 0.104244 0.0974033 0.0943832 0.0822323 0.0634647 0.0446689 0.0281901 0.0157517 0.00840015 0.00484853 0.00298391 0.00166293
 3.05007e-11 1.43461e-09 4.67243e-08 1.05375e-06 1.64558e-05 0.000177947 0.00133247 0.00690962 0.0248199 0.0618287 0.10729 0.131944 0.122283 0.100785 0.0906716 0.0866415 0.0766158 0.0621048 0.0479536 0.0345071 0.0220232 0.0121972 0.00597532 0.00272952 0.00119244
 3.56625e-11 1.67739e-09 5.46317e-08 1.23208e-06 1.92407e-05 0.000208061 0.00155796 0.00807856 0.0290145 0.0722352 0.125056 0.152417 0.136848 0.10367 0.082667 0.0727613 0.0616269 0.0485344 0.0372162 0.0276849 0.0190487 0.0116069 0.00606566 0.00267773 0.00100419
 3.38626e-11 1.59273e-09 5.18743e-08 1.16989e-06 1.82696e-05 0.00019756 0.00147933 0.00767109 0.0275539 0.0686274 0.119005 0.145957 0.133973 0.107553 0.0926579 0.0840039 0.0686516 0.0495453 0.0342646 0.0237484 0.0160184 0.0100129 0.00552169 0.0025663 0.000973028
 3.44044e-11 1.61822e-09 5.27044e-08 1.18861e-06 1.85619e-05 0.000200722 0.001503 0.00779376 0.0279936 0.0697132 0.120825 0.147895 0.134826 0.106408 0.0899038 0.0814756 0.0681984 0.0511279 0.0360443 0.0241797 0.0151736 0.00886868 0.00475172 0.00222975 0.000868441
 3.56459e-11 1.67661e-09 5.46063e-08 1.23151e-06 1.92318e-05 0.000207965 0.00155724 0.00807492 0.0290025 0.0722169 0.125102 0.15284 0.138396 0.107243 0.088166 0.0782636 0.06461 0.0479371 0.033782 0.022923 0.0144742 0.00829392 0.00425267 0.00190996 0.000726332
 3.55618e-11 1.67266e-09 5.44774e-08 1.2286e-06 1.91864e-05 0.000207474 0.00155356 0.00805591 0.0289348 0.0720531 0.124853 0.152694 0.138769 0.108555 0.0903151 0.080338 0.0655021 0.0473307 0.0322871 0.021374 0.0133401 0.00761185 0.00387148 0.00170409 0.000629315
 3.424e-11 1.61048e-09 5.24525e-08 1.18293e-06 1.84732e-05 0.000199762 0.00149582 0.00775657 0.0278606 0.0693888 0.120307 0.147473 0.135111 0.10798 0.092627 0.0841805 0.0695268 0.0507739 0.0347699 0.0227746 0.0138915 0.00772878 0.00385425 0.00167178 0.000608212
 3.2594e-11 1.53307e-09 4.9931e-08 1.12607e-06 1.75852e-05 0.00019016 0.00142392 0.00738381 0.0265229 0.0660683 0.114627 0.140873 0.130231 0.106526 0.0943416 0.0877074 0.0736824 0.0549421 0.0385215 0.0256883 0.015777 0.008727 0.00428133 0.00181856 0.000648488
 3.28941e-11 1.54718e-09 5.03907e-08 1.13643e-06 1.77471e-05 0.00019191 0.00143703 0.00745171 0.0267661 0.0666673 0.11562 0.141872 0.130458 0.105311 0.091804 0.0849488 0.0720019 0.0548082 0.039494 0.0270627 0.0170269 0.00959343 0.00474692 0.00201065 0.000708662
 3.40967e-11 1.60375e-09 5.2233e-08 1.17798e-06 1.83959e-05 0.000198926 0.00148956 0.00772407 0.0277434 0.0690917 0.119757 0.146635 0.133826 0.10592 0.0898216 0.0815429 0.0683197 0.0515301 0.0370367 0.0256406 0.0164899 0.00954459 0.00484066 0.00208652 0.000741543
 3.0987e-11 1.45748e-09 4.74691e-08 1.07055e-06 1.67182e-05 0.000180784 0.00135372 0.00701988 0.0252171 0.0628302 0.109108 0.134555 0.125874 0.105989 0.0972226 0.0919443 0.0773039 0.0573731 0.0403194 0.0274475 0.0175569 0.0102345 0.00528092 0.00232653 0.000843897
 3.00763e-11 1.41465e-09 4.60742e-08 1.03909e-06 1.62269e-05 0.000175471 0.00131394 0.00681357 0.0244758 0.0609809 0.105882 0.130511 0.121902 0.102375 0.0940855 0.0904002 0.0788819 0.0620181 0.0460187 0.0321111 0.0204909 0.0118134 0.00606302 0.00268409 0.000986073
 3.29561e-11 1.5501e-09 5.04857e-08 1.13858e-06 1.77806e-05 0.000192272 0.00143973 0.0074657 0.0268156 0.0667828 0.115767 0.141806 0.129611 0.103042 0.0881573 0.0811548 0.0696972 0.0547674 0.0413831 0.0299856 0.0200055 0.0119269 0.00621171 0.00275605 0.0010128
 3.48939e-11 1.64124e-09 5.34542e-08 1.20553e-06 1.8826e-05 0.000203577 0.00152438 0.00790458 0.028391 0.0706971 0.122489 0.149741 0.135891 0.105939 0.0878803 0.0785405 0.0652129 0.0489293 0.0353423 0.0250636 0.0168454 0.0103251 0.00556577 0.00254175 0.000951043
 3.45369e-11 1.62445e-09 5.29073e-08 1.19319e-06 1.86334e-05 0.000201494 0.00150879 0.00782378 0.0281017 0.0699851 0.121313 0.148575 0.1357 0.107573 0.091224 0.0822506 0.0676477 0.0493722 0.034144 0.0230393 0.014823 0.00885941 0.00477109 0.00221671 0.000849704
 3.35997e-11 1.58037e-09 5.14717e-08 1.16081e-06 1.81278e-05 0.000196027 0.00146785 0.00761156 0.0273401 0.0680956 0.118087 0.144852 0.133037 0.10702 0.0926849 0.0849247 0.0707484 0.052326 0.0364114 0.024248 0.0150717 0.00860845 0.0044547 0.00202321 0.00077239
 3.3845e-11 1.59191e-09 5.18474e-08 1.16929e-06 1.82601e-05 0.000197458 0.00147857 0.00766708 0.0275391 0.0685872 0.118912 0.145735 0.133436 0.106505 0.0913405 0.0833982 0.0697851 0.0522081 0.0369005 0.0249057 0.0155439 0.00877471 0.0044151 0.00193527 0.00071631
 3.30888e-11 1.55634e-09 5.06889e-08 1.14316e-06 1.78521e-05 0.000193046 0.00144553 0.00749583 0.0269247 0.0670634 0.116314 0.14276 0.131381 0.106245 0.0927038 0.085456 0.0716472 0.0535804 0.0379474 0.0258044 0.0162919 0.00928838 0.00467832 0.00202681 0.000733772
 3.13799e-11 1.47596e-09 4.80711e-08 1.08412e-06 1.69302e-05 0.000183077 0.00137089 0.00710884 0.025536 0.0636182 0.110432 0.13598 0.126549 0.105256 0.0952536 0.0898047 0.0761463 0.0574602 0.0410181 0.0280396 0.0177813 0.0102009 0.00517607 0.00225293 0.000814
 3.11993e-11 1.46747e-09 4.77945e-08 1.07788e-06 1.68327e-05 0.000182023 0.00136299 0.00706789 0.0253885 0.0632464 0.109758 0.135015 0.12523 0.103354 0.0928504 0.0878096 0.0757294 0.0588838 0.0434498 0.0304403 0.0195964 0.0113517 0.00580241 0.00254137 0.000922597
 3.26732e-11 1.53679e-09 5.00523e-08 1.1288e-06 1.76279e-05 0.000190621 0.00142737 0.00740164 0.0265859 0.066215 0.114812 0.140771 0.129097 0.103518 0.0895475 0.0828109 0.0708755 0.0551564 0.0411459 0.0294788 0.019541 0.0116414 0.00607761 0.00269919 0.000988792
 3.31207e-11 1.55784e-09 5.07378e-08 1.14426e-06 1.78693e-05 0.000193232 0.00144692 0.00750303 0.0269502 0.0671236 0.116396 0.142753 0.131034 0.105265 0.091062 0.083587 0.0701767 0.0529281 0.03826 0.0269844 0.0179531 0.0108899 0.00582904 0.00265376 0.000991976
#obs catch len freq
 2.14549e-11 1.00913e-09 3.28668e-08 7.41231e-07 1.15754e-05 0.000125172 0.000937299 0.00486055 0.0174614 0.0435167 0.0756416 0.0936322 0.0887642 0.077495 0.0756933 0.078553 0.0774102 0.0732583 0.0682342 0.0614904 0.0529944 0.0434359 0.0328778 0.0217573 0.0118488
 2.02635e-11 9.53098e-10 3.10418e-08 7.00071e-07 1.09326e-05 0.000118222 0.000885263 0.00459088 0.016495 0.0411321 0.0716592 0.0894634 0.0872049 0.0807887 0.0832183 0.0863696 0.0812299 0.072292 0.0652223 0.0592693 0.0521768 0.0431157 0.032345 0.0210773 0.0113345
 8.28629e-16 3.90429e-14 1.28043e-12 2.96673e-11 5.12325e-10 7.64588e-09 1.19883e-07 1.91154e-06 2.5262e-05 0.00024458 0.00166567 0.00789964 0.0260931 0.0604461 0.10011 0.124028 0.125455 0.115917 0.104516 0.0922105 0.0790831 0.0648955 0.0487684 0.0317129 0.0169271
 1.09717e-11 5.16057e-10 1.68076e-08 3.79055e-07 5.91948e-06 6.40104e-05 0.000479297 0.0024851 0.00892217 0.0221813 0.0381881 0.0455671 0.0380071 0.0240923 0.0194585 0.0346314 0.0685544 0.105848 0.127129 0.126608 0.111996 0.0912571 0.0676822 0.0436554 0.0231877
 5.14538e-11 2.42014e-09 7.88224e-08 1.77764e-06 2.77604e-05 0.000300188 0.00224775 0.0116544 0.0418437 0.104038 0.179183 0.21399 0.177942 0.104689 0.0461791 0.0181265 0.00879582 0.00750292 0.0104074 0.0146866 0.0170819 0.0161234 0.0126186 0.00821391 0.00434449
 2.83447e-11 1.3332e-09 4.34215e-08 9.79265e-07 1.52927e-05 0.00016537 0.00123833 0.00642203 0.0230773 0.0575746 0.100501 0.126372 0.125865 0.120923 0.125052 0.118856 0.0874743 0.0472556 0.0199393 0.00916026 0.00740177 0.00776643 0.00707704 0.00506622 0.00279653
 3.8567e-11 1.81401e-09 5.9081e-08 1.33243e-06 2.08077e-05 0.000225006 0.00168483 0.00873623 0.0313737 0.07808 0.134979 0.163596 0.143972 0.103142 0.0759216 0.0656335 0.059351 0.0503306 0.0373802 0.022669 0.0111644 0.00528159 0.00312876 0.00210679 0.0012215
 2.23529e-11 1.05137e-09 3.42425e-08 7.72256e-07 1.20599e-05 0.000130413 0.00097657 0.0050648 0.0182038 0.0454514 0.0795815 0.101208 0.104407 0.107453 0.119336 0.121398 0.100854 0.0713411 0.0486832 0.033634 0.0215844 0.0117835 0.00547796 0.00238081 0.00103749
 4.0442e-11 1.9022e-09 6.19533e-08 1.3972e-06 2.18193e-05 0.000235945 0.00176673 0.00916073 0.0328956 0.0818419 0.141309 0.170444 0.147332 0.0998055 0.0661379 0.0532597 0.0491164 0.045142 0.0379826 0.0278203 0.0177355 0.0100508 0.00501846 0.00214367 0.000778513
 3.47301e-11 1.63354e-09 5.32032e-08 1.19987e-06 1.87377e-05 0.000202622 0.00151724 0.00786766 0.0282604 0.0703906 0.122087 0.149852 0.13789 0.111244 0.0958361 0.0851554 0.0660451 0.0438126 0.0284316 0.020097 0.0143385 0.00912775 0.00488545 0.00215867 0.000780038
 3.60692e-11 1.69652e-09 5.52545e-08 1.24613e-06 1.94601e-05 0.000210434 0.00157572 0.00817074 0.0293464 0.0730687 0.12655 0.154476 0.139462 0.107248 0.0873784 0.077598 0.0647572 0.0484377 0.0334626 0.0214823 0.012862 0.00736363 0.00396074 0.00185903 0.000710966
 3.76539e-11 1.77106e-09 5.76822e-08 1.30088e-06 2.03151e-05 0.000219679 0.00164495 0.00852965 0.0306345 0.0762666 0.132024 0.160856 0.144232 0.108761 0.0857073 0.0736784 0.0595996 0.0433478 0.0299413 0.0199534 0.0123186 0.0068363 0.00338726 0.00148387 0.000556302
 3.7418e-11 1.75996e-09 5.73208e-08 1.29273e-06 2.01878e-05 0.000218303 0.00163465 0.00847626 0.0304434 0.0757967 0.131251 0.160106 0.144172 0.10998 0.0880965 0.0762023 0.0610033 0.0431605 0.0286587 0.0184526 0.011219 0.00623484 0.00308228 0.00131651 0.000472527
 3.54549e-11 1.66763e-09 5.43136e-08 1.22491e-06 1.91287e-05 0.00020685 0.00154889 0.00803172 0.0288484 0.0718415 0.124511 0.152397 0.138885 0.109442 0.0919657 0.0822141 0.0668875 0.0478099 0.0318324 0.0202395 0.0119757 0.00645325 0.00311601 0.00131017 0.000462759
 3.45948e-11 1.62717e-09 5.29959e-08 1.19519e-06 1.86646e-05 0.000201832 0.00151132 0.00783689 0.0281488 0.0701016 0.121511 0.1488 0.135854 0.107618 0.091304 0.0826966 0.0687228 0.050832 0.0352094 0.02304 0.0137833 0.00738231 0.00349703 0.00143438 0.000494789
 2.99236e-11 1.40746e-09 4.58401e-08 1.03381e-06 1.61444e-05 0.00017458 0.00130727 0.00677906 0.0243531 0.0606867 0.105451 0.130351 0.122921 0.105512 0.0990947 0.0951532 0.080854 0.0606449 0.0428353 0.0288375 0.0178387 0.0098415 0.00473933 0.00194451 0.000662628
 3.51426e-11 1.65294e-09 5.38352e-08 1.21412e-06 1.89602e-05 0.000205028 0.00153524 0.00796081 0.0285919 0.0711852 0.123254 0.150297 0.135199 0.103025 0.0831545 0.0744651 0.0645577 0.0519878 0.0397367 0.0282954 0.0181583 0.010336 0.00512976 0.00215825 0.000746782
 3.26756e-11 1.5369e-09 5.00559e-08 1.12889e-06 1.76292e-05 0.000190635 0.00142748 0.00740228 0.0265894 0.0662342 0.114918 0.141242 0.130602 0.106824 0.0943404 0.0868821 0.0716496 0.0523213 0.0368371 0.0259052 0.0173759 0.0105007 0.00548529 0.00239913 0.000854983
 3.00434e-11 1.4131e-09 4.60236e-08 1.03795e-06 1.62091e-05 0.000175279 0.0013125 0.00680613 0.0244495 0.0609187 0.105798 0.130518 0.122255 0.103351 0.0956175 0.0918445 0.0794186 0.0613527 0.0445731 0.0306385 0.0195603 0.0115046 0.00609025 0.0027684 0.00103002
 3.11876e-11 1.46691e-09 4.77764e-08 1.07748e-06 1.68264e-05 0.000181954 0.00136248 0.00706516 0.0253781 0.0632136 0.109655 0.134675 0.124243 0.101211 0.0896425 0.0847317 0.0743216 0.0596893 0.0457679 0.033145 0.0218745 0.0129186 0.00673809 0.00303104 0.00113615
 3.50523e-11 1.64869e-09 5.36968e-08 1.211e-06 1.89115e-05 0.000204501 0.0015313 0.00794038 0.0285189 0.0710075 0.122973 0.150081 0.1354 0.103934 0.0844926 0.0751457 0.0635035 0.0494813 0.0374218 0.0275374 0.0189074 0.0116732 0.00628486 0.00286517 0.00107572
 3.54426e-11 1.66705e-09 5.42947e-08 1.22448e-06 1.91221e-05 0.000206778 0.00154835 0.00802887 0.0288375 0.0718084 0.124413 0.152083 0.13798 0.107452 0.088835 0.0787593 0.0643089 0.0468931 0.0327766 0.0227403 0.0152244 0.00945354 0.00522462 0.00245842 0.000946925
 3.50743e-11 1.64973e-09 5.37305e-08 1.21176e-06 1.89234e-05 0.00020463 0.00153227 0.00794549 0.0285385 0.0710678 0.123158 0.150683 0.137141 0.107722 0.0902427 0.0808922 0.0666137 0.0487769 0.0336323 0.0223388 0.0140227 0.00820845 0.00439342 0.00206095 0.000805722
 3.38787e-11 1.59349e-09 5.1899e-08 1.17045e-06 1.82783e-05 0.000197655 0.00148004 0.00767472 0.0275668 0.0686572 0.119042 0.145935 0.133749 0.10701 0.0920175 0.0839946 0.0699694 0.0518758 0.0362341 0.0241846 0.0149794 0.00845339 0.00430002 0.00192623 0.000732498
 3.60823e-11 1.69714e-09 5.52747e-08 1.24658e-06 1.94672e-05 0.00021051 0.0015763 0.00817371 0.0293569 0.0730933 0.126582 0.154466 0.139288 0.106747 0.0864441 0.0762916 0.0634112 0.0477445 0.0340875 0.0231946 0.0145441 0.00821571 0.00411421 0.00178565 0.000653335
 3.29097e-11 1.54791e-09 5.04145e-08 1.13697e-06 1.77555e-05 0.000192001 0.00143771 0.00745531 0.0267799 0.066709 0.115743 0.142266 0.131579 0.107699 0.0952444 0.0878811 0.072577 0.0527425 0.0362525 0.0242712 0.015315 0.00877874 0.00444013 0.00192354 0.000693344
 3.09548e-11 1.45596e-09 4.74198e-08 1.06944e-06 1.67008e-05 0.000180596 0.00135231 0.00701253 0.0251902 0.0627567 0.108939 0.134153 0.124896 0.104029 0.0945206 0.0898913 0.0774651 0.0597634 0.0433106 0.0294961 0.0183789 0.0103587 0.00520806 0.00226285 0.000818023
 3.22841e-11 1.51849e-09 4.94561e-08 1.11536e-06 1.7418e-05 0.000188351 0.00141038 0.0073135 0.0262695 0.0654272 0.11345 0.139121 0.127653 0.102539 0.0890512 0.0829453 0.0719052 0.0569909 0.0431646 0.0309877 0.0202732 0.0117877 0.00598187 0.00259059 0.000932027
 3.50662e-11 1.64934e-09 5.37181e-08 1.21148e-06 1.8919e-05 0.000204582 0.00153191 0.00794356 0.0285307 0.0710401 0.123052 0.150283 0.135918 0.105013 0.0860977 0.0767 0.0642606 0.0491718 0.036356 0.0262135 0.0177029 0.0107714 0.00570813 0.00254893 0.000931526
#spawning biomass
 23119.6 22050.9 17290.1 13070.1 14204.2 25409.1 36156.8 44072.1 54252 74000.1 91050.5 114282 127275 155677 169173 159706 154590 155799 153633 126221 135153 149986 167591 164821 179096 169438 160370 163892 161083 120541 167945 121570 80972.4 55070.9 40513.9 32909 29112.1 27271.3 26395.9 25985.1 25794 25705.7 25665 25646.4 25637.8 25633.9 25632.1 25631.3 25630.9 25630.8 25630.7 25630.6 25630.6 25630.6 25630.6 25630.6 25630.6 25630.6 25630.6 25630.6 25630.6 25630.6 25630.6 25630.6 25630.6 25630.6 25630.6 25630.6 25630.6 25630.6 25630.6 25630.6 25630.6 25630.6 25630.6 25630.6 25630.6 25630.6 25630.6 25630.6 25630.6 25630.6 25630.6 25630.6 25630.6 25630.6 25630.6 25630.6 25630.6 25630.6 25630.6 25630.6 25630.6 25630.6 25630.6 25630.6 25630.6 25630.6 25630.6 25630.6 25630.6 25630.6 25630.6 25630.6 25630.6 25630.6 25630.6 25630.6 25630.6 25630.6 25630.6 25630.6 25630.6 25630.6 25630.6 25630.6 25630.6 25630.6 25630.6 25630.6 25630.6 25630.6 25630.6 25630.6 25630.6 25630.6 25630.6 25630.6 25630.6 0 0 0 0 0 0 0 0 0 0 0 0 0 0 0 0 0 0 0 0 0 0 0 0 0
