SBPRF35
0.243295
Curr Bio
136424
B35
192916
F35
0.430791
FOFL
0.283754
OFL
34730.3
Bzero
69513
#pred survey bio
 26604.1 24144.9 18215.7 16246.3 28194.1 42379.3 56031.7 67855.7 87678.9 118046 151803 191052 231906 247693 249334 229738 214502 207931 210413 209237 222821 235359 253378 286239 294381 280908 261806 244346 201465 6.83571e+06 3.6673e+06 2.67246e+06 1.85182e+06 1.33501e+06 1.04539e+06 891556 811414 769534 747233 735005 728067 723990 721518 719977 718996 718366 717956 717687 717510 717393 717315 717263 717229 717206 717190 717180 717173 717169 717166 717164 717162 717161 717161 717160 717160 717160 717160 717160 717160 717160 717160 717160 717160 717160 717160 717160 717160 717160 717160 717160 717160 717160 717160 717160 717160 717160 717160 717160 717160 717160 717160 717160 717160 717160 717160 717160 717160 717160 717160 717160 717160 717160 717160 717160 717160 717160 717160 717160 717160 717160 717160 717160 717160 717160 717160 717160 717160 717160 717160 717160 717160 717160 717160 717160 717160 717160 717160 717160 717160 0 0 0 0 0 0 0 0 0 0 0 0 0 0 0 0 0 0 0 0 0 0 0 0 0
#obs survey bio
 18535.8 20248 10302.5 21421.9 32981.3 55247.3 38878.8 75658.9 109764 141634 166662 250958 218330 250804 262073 217856 222942 161247 174793 262895 281894 146664 372863 367971 227322 280320 185764 319986 216984
#pred catch bio
 3162.16 4391.39 3612.24 2411.38 6742.7 8984.55 13648.1 18461.2 22562.2 37660.4 52593.3 65874.7 90187.1 91567.3 100315 101313 89702.3 79912.3 86538.4 80400.1 84698.1 90598.2 91057.3 110263 114999 110336 107017 117103 84905.9 34730.3 46713.6 33794.5 22490.5 15517.4 11794.7 9950.92 9077.5 8675.29 8493.5 8412.35 8376.45 8360.65 8353.73 8350.7 8349.38 8348.81 8348.56 8348.45 8348.41 8348.39 8348.38 8348.37 8348.37 8348.37 8348.37 8348.37 8348.37 8348.37 8348.37 8348.37 8348.37 8348.37 8348.37 8348.37 8348.37 8348.37 8348.37 8348.37 8348.37 8348.37 8348.37 8348.37 8348.37 8348.37 8348.37 8348.37 8348.37 8348.37 8348.37 8348.37 8348.37 8348.37 8348.37 8348.37 8348.37 8348.37 8348.37 8348.37 8348.37 8348.37 8348.37 8348.37 8348.37 8348.37 8348.37 8348.37 8348.37 8348.37 8348.37 8348.37 8348.37 8348.37 8348.37 8348.37 8348.37 8348.37 8348.37 8348.37 8348.37 8348.37 8348.37 8348.37 8348.37 8348.37 8348.37 8348.37 8348.37 8348.37 8348.37 8348.37 8348.37 8348.37 8348.37 8348.37 8348.37 8348.37 8348.37 8348.37 8348.37 0 0 0 0 0 0 0 0 0 0 0 0 0 0 0 0 0 0 0 0 0 0 0 0 0
#obs catch bio
 3752.74 4583.52 3893.23 2395.92 6906.34 8496.09 13407.4 18154.2 21938.4 36876.6 51791.7 63019.8 87206.5 85167.2 98724.9 106304 89269.9 81002.6 93730.2 80956.6 82448.3 92986.5 88515.1 106024 113538 106952 110963 118018 84371.2
#pred cpue bio
 24436.1 22796.6 17552.8 14818.9 23250.8 35496 48424.3 58881.4 74485.5 100187 127639 160048 195604 210198 215081 198536 182075 177243 180256 177930 189240 200504 214755 242842 251529 242555 226538 209960 172030 5.817e+06 3.40249e+06 2.56289e+06 1.77225e+06 1.25992e+06 970901 817145 737013 695134 672833 660606 653667 649591 647118 645578 644596 643966 643557 643288 643111 642993 642915 642864 642829 642806 642791 642780 642774 642769 642766 642764 642763 642762 642761 642761 642760 642760 642760 642760 642760 642760 642760 642760 642760 642760 642760 642760 642760 642760 642760 642760 642760 642760 642760 642760 642760 642760 642760 642760 642760 642760 642760 642760 642760 642760 642760 642760 642760 642760 642760 642760 642760 642760 642760 642760 642760 642760 642760 642760 642760 642760 642760 642760 642760 642760 642760 642760 642760 642760 642760 642760 642760 642760 642760 642760 642760 642760 642760 642760 642760 0 0 0 0 0 0 0 0 0 0 0 0 0 0 0 0 0 0 0 0 0 0 0 0 0
#obs cpue bio
 22810.2 20512.9 14219.1 19261.9 27861.2 59667.4 46040.6 62922.6 61356.3 95123.3 116151 164681 233044 323664 158974 143652 218143 181885 130022 183326 197047 222289 210715 240703 297074 293377 200873 200237 154411
#pred surv len freq
 2.59458e-11 1.22037e-09 3.97466e-08 8.96385e-07 1.39984e-05 0.000151373 0.00113349 0.00587777 0.0211135 0.0525971 0.0912792 0.112298 0.10423 0.0863238 0.0785547 0.0767781 0.0709827 0.0621757 0.0539315 0.0463707 0.0394943 0.033681 0.0281113 0.0213629 0.013538
 1.23091e-11 5.78961e-10 1.88564e-08 4.25259e-07 6.64107e-06 7.18153e-05 0.000537793 0.00278953 0.0100313 0.0250982 0.0442993 0.0579985 0.0650319 0.0769316 0.0963457 0.108196 0.103644 0.0910336 0.0785841 0.0667827 0.0551633 0.0443602 0.0342845 0.0242417 0.0145672
 1.00243e-11 4.71494e-10 1.53563e-08 3.46322e-07 5.40833e-06 5.84841e-05 0.000437946 0.00227129 0.00816287 0.0203764 0.0356464 0.0452101 0.046445 0.0485537 0.0592074 0.0757387 0.0932475 0.107167 0.110468 0.100836 0.0838196 0.0653444 0.0477129 0.0315106 0.01778
 3.54292e-11 1.66642e-09 5.42742e-08 1.22402e-06 1.91148e-05 0.000206699 0.00154773 0.00802505 0.0288152 0.071669 0.123598 0.148389 0.126005 0.0803469 0.0463368 0.033105 0.0325848 0.0384202 0.046841 0.0528646 0.052162 0.0443837 0.0327225 0.0208232 0.0111331
 4.58502e-11 2.15657e-09 7.02382e-08 1.58405e-06 2.47372e-05 0.000267497 0.00200298 0.0103857 0.037293 0.0927716 0.160104 0.192744 0.165324 0.108702 0.0656421 0.0434903 0.0295142 0.0187684 0.013142 0.0122722 0.0131286 0.0129087 0.0106241 0.00709968 0.00378943
 3.72674e-11 1.75288e-09 5.70902e-08 1.28753e-06 2.01066e-05 0.000217425 0.00162807 0.00844229 0.0303227 0.0755111 0.130856 0.160088 0.145626 0.114036 0.0943169 0.0815792 0.0619083 0.0387085 0.0213376 0.0117739 0.00751158 0.00588433 0.00484138 0.00345099 0.00193843
 3.22993e-11 1.5192e-09 4.94795e-08 1.11589e-06 1.74262e-05 0.00018844 0.00141105 0.00731704 0.026283 0.0654706 0.113589 0.139593 0.129052 0.105666 0.0940735 0.0887079 0.0764561 0.0585386 0.0407007 0.0251657 0.0136063 0.00691624 0.00378725 0.00224085 0.0012179
 3.39011e-11 1.59455e-09 5.19334e-08 1.17123e-06 1.82904e-05 0.000197785 0.00148101 0.00767965 0.0275826 0.0686792 0.11896 0.145274 0.131373 0.101601 0.0839503 0.0766567 0.0675726 0.0555936 0.0434985 0.0313373 0.0197644 0.0106787 0.0050253 0.00217405 0.000899929
 3.83655e-11 1.80453e-09 5.87723e-08 1.32546e-06 2.0699e-05 0.00022383 0.00167603 0.00869068 0.031211 0.0776845 0.13436 0.163141 0.144487 0.105227 0.0786291 0.0658934 0.0545497 0.0424615 0.0324249 0.0241954 0.0167108 0.0101472 0.00522192 0.00223855 0.000804293
 3.69041e-11 1.73579e-09 5.65336e-08 1.27497e-06 1.99106e-05 0.000215305 0.0016122 0.00835984 0.030025 0.0747544 0.12944 0.157864 0.142052 0.108167 0.0864729 0.0749098 0.060487 0.0437409 0.0303384 0.0209665 0.0140489 0.00872785 0.00478177 0.00219779 0.000817304
 3.88113e-11 1.8255e-09 5.94553e-08 1.34086e-06 2.09395e-05 0.000226431 0.0016955 0.00879171 0.0315743 0.0785936 0.135965 0.165244 0.146844 0.107975 0.0818737 0.0689454 0.056159 0.0417298 0.0292988 0.0195877 0.0122261 0.00708324 0.00375369 0.00174154 0.000670146
 3.88031e-11 1.82511e-09 5.94428e-08 1.34058e-06 2.09351e-05 0.000226384 0.00169515 0.00878991 0.0315683 0.0785838 0.135982 0.165426 0.147515 0.109502 0.0841131 0.0708754 0.056612 0.0406079 0.0275855 0.0181693 0.0112369 0.00633631 0.00320208 0.00141799 0.000531953
 3.72696e-11 1.75298e-09 5.70936e-08 1.2876e-06 2.01078e-05 0.000217437 0.00162816 0.00844264 0.0303224 0.0754943 0.130718 0.159411 0.143408 0.10914 0.0872414 0.0757235 0.0613723 0.0443382 0.0300283 0.0194255 0.0116846 0.0064018 0.00314467 0.00134821 0.000488035
 3.63737e-11 1.71084e-09 5.57211e-08 1.25665e-06 1.96244e-05 0.00021221 0.00158903 0.00823973 0.029594 0.0736851 0.127615 0.155764 0.140579 0.107966 0.0876265 0.0771957 0.0635999 0.0470239 0.0326633 0.0214737 0.0129322 0.00698944 0.0033491 0.00139271 0.000488213
 3.31157e-11 1.55761e-09 5.07302e-08 1.14409e-06 1.78667e-05 0.000193203 0.00144671 0.00750193 0.0269465 0.0671168 0.1164 0.142836 0.131359 0.106058 0.0924219 0.0853424 0.0719632 0.0542621 0.0385862 0.0260259 0.0160622 0.0088395 0.00425929 0.0017558 0.000603382
 3.40587e-11 1.60196e-09 5.21747e-08 1.17667e-06 1.83754e-05 0.000198704 0.0014879 0.00771538 0.0277115 0.0690051 0.119559 0.146165 0.132685 0.103621 0.0865805 0.0788626 0.0679691 0.0537308 0.0402892 0.0283252 0.0180304 0.0101908 0.00502363 0.00210311 0.000726466
 3.7764e-11 1.77624e-09 5.78509e-08 1.30468e-06 2.03745e-05 0.000220321 0.00164975 0.0085545 0.0307227 0.0764775 0.132328 0.160935 0.14338 0.10622 0.0816093 0.069596 0.0574894 0.043878 0.0323314 0.0230498 0.0152365 0.00899957 0.00461043 0.00198841 0.000701792
 3.54787e-11 1.66875e-09 5.435e-08 1.22573e-06 1.91415e-05 0.000206989 0.00154993 0.00803707 0.0288671 0.0718847 0.124561 0.152341 0.138456 0.108322 0.0901144 0.0801034 0.0652211 0.0470981 0.0322857 0.0217251 0.0139612 0.00826163 0.00433788 0.0019373 0.000707616
 3.50942e-11 1.65066e-09 5.3761e-08 1.21244e-06 1.89341e-05 0.000204746 0.00153313 0.00794993 0.0285537 0.0711004 0.123175 0.150521 0.136418 0.106022 0.0877565 0.0788427 0.0664135 0.0505791 0.0361992 0.0243447 0.0150166 0.00844579 0.00429197 0.00190562 0.000706164
 3.6922e-11 1.73663e-09 5.65611e-08 1.27559e-06 1.99202e-05 0.000215409 0.00161298 0.00836385 0.0300388 0.0747832 0.129452 0.1577 0.141345 0.10652 0.0841059 0.0730859 0.0606638 0.0460517 0.0333637 0.0230822 0.0146651 0.00832861 0.00416013 0.00179227 0.000648467
 3.66413e-11 1.72343e-09 5.6131e-08 1.26589e-06 1.97688e-05 0.000213771 0.00160071 0.00830031 0.0298113 0.0742231 0.128525 0.156774 0.141162 0.10771 0.08651 0.0755453 0.0618484 0.0456076 0.0320163 0.0217761 0.0138738 0.00800946 0.00407132 0.00176568 0.00063407
 3.59772e-11 1.6922e-09 5.51137e-08 1.24295e-06 1.94105e-05 0.000209897 0.00157171 0.00814993 0.0292716 0.0728839 0.126237 0.154128 0.13925 0.107263 0.0874656 0.0773702 0.0640084 0.0476614 0.0335318 0.0225299 0.0140502 0.00797046 0.00403153 0.00175832 0.000636523
 3.7306e-11 1.7547e-09 5.71493e-08 1.28886e-06 2.01274e-05 0.000217649 0.00162975 0.00845082 0.0303511 0.0755592 0.130786 0.159282 0.142623 0.107178 0.0842123 0.0728215 0.0600924 0.0451567 0.0322064 0.0218815 0.0136941 0.00772074 0.00385609 0.00166189 0.000598033
 3.67397e-11 1.72806e-09 5.62817e-08 1.26929e-06 1.98218e-05 0.000214346 0.00160501 0.0083226 0.0298913 0.0744219 0.128867 0.157181 0.141493 0.107889 0.0865632 0.0755365 0.0618101 0.0455239 0.031843 0.0214911 0.0135237 0.00769226 0.00385882 0.00165896 0.000592838
 3.52288e-11 1.65699e-09 5.39672e-08 1.2171e-06 1.90067e-05 0.000205531 0.00153901 0.00798045 0.0286636 0.0713764 0.12367 0.151204 0.13728 0.107157 0.0890726 0.0797404 0.0661897 0.0492591 0.0345889 0.0231741 0.014381 0.00808968 0.00404428 0.0017414 0.000623213
 3.33793e-11 1.57e-09 5.1134e-08 1.1532e-06 1.80089e-05 0.000194741 0.00145822 0.00756159 0.0271603 0.067644 0.117279 0.143747 0.131665 0.105231 0.0905649 0.083301 0.0707 0.0540739 0.0390941 0.0267503 0.0167563 0.00941701 0.00467412 0.00199685 0.000711118
 3.37964e-11 1.58962e-09 5.17729e-08 1.16761e-06 1.82339e-05 0.000197174 0.00147644 0.00765599 0.0274984 0.0684772 0.118662 0.145154 0.132037 0.103665 0.0872132 0.0796084 0.0683724 0.0537533 0.0402565 0.0285078 0.0184101 0.0105983 0.0053353 0.00228882 0.000813245
 3.53856e-11 1.66437e-09 5.42074e-08 1.22251e-06 1.90913e-05 0.000206446 0.00154586 0.00801589 0.02879 0.0716823 0.12414 0.151495 0.136643 0.104816 0.0851071 0.075574 0.0636626 0.0492008 0.0365762 0.0261951 0.0173844 0.0103522 0.00537771 0.00236269 0.000852017
 3.58454e-11 1.68599e-09 5.49117e-08 1.2384e-06 1.93394e-05 0.000209128 0.00156595 0.00812006 0.0291644 0.0726171 0.125777 0.153574 0.138772 0.10693 0.0871864 0.0769915 0.063478 0.0471816 0.0334927 0.0231388 0.0150866 0.00899891 0.00475757 0.00214443 0.000793346
#obs surv len freq
 2.3675e-11 1.11356e-09 3.62679e-08 8.17933e-07 1.27732e-05 0.000138125 0.00103429 0.00536345 0.0192673 0.0480093 0.0833971 0.102978 0.0967978 0.0827424 0.0785039 0.0792153 0.0754198 0.0684083 0.0613755 0.0540702 0.0462872 0.0381265 0.0290742 0.0192953 0.0104824
 1.02454e-15 4.82612e-14 1.58114e-12 3.64921e-11 6.21571e-10 8.94177e-09 1.32993e-07 2.04966e-06 2.67579e-05 0.000258168 0.00175641 0.00832518 0.0274717 0.0634898 0.104553 0.127928 0.126684 0.114504 0.102333 0.0903347 0.0770063 0.0623192 0.0464275 0.0302738 0.0163062
 1.30464e-11 6.13641e-10 1.99859e-08 4.50732e-07 7.03882e-06 7.61145e-05 0.000569929 0.00295502 0.0106093 0.0263756 0.0454085 0.0541741 0.0451129 0.0281596 0.0210739 0.034986 0.068046 0.10391 0.123083 0.120743 0.105477 0.085128 0.0626203 0.0401667 0.0213171
 5.18629e-11 2.43938e-09 7.9449e-08 1.79178e-06 2.79811e-05 0.000302575 0.00226562 0.0117471 0.0421763 0.104865 0.180606 0.215683 0.179328 0.105455 0.0464396 0.0181403 0.00870463 0.00727687 0.0099068 0.013793 0.0158405 0.0147639 0.0114247 0.00737267 0.00387867
 3.43703e-11 1.61661e-09 5.26519e-08 1.18744e-06 1.85435e-05 0.000200523 0.00150153 0.00778641 0.0279715 0.0697001 0.121088 0.149554 0.140548 0.119203 0.108456 0.0969263 0.0700902 0.0378657 0.0161928 0.00766588 0.00629041 0.00655162 0.00590655 0.00418791 0.00229396
 4.03865e-11 1.89959e-09 6.18683e-08 1.39529e-06 2.17894e-05 0.000235621 0.00176431 0.00914836 0.0328535 0.08176 0.141322 0.171191 0.150332 0.10685 0.0769574 0.0638866 0.0544032 0.0430354 0.0302572 0.0178387 0.0087446 0.00419619 0.00252258 0.0016986 0.000978925
 2.35391e-11 1.10716e-09 3.60596e-08 8.13237e-07 1.26999e-05 0.000137333 0.00102838 0.00533341 0.0191675 0.0478405 0.0836484 0.10584 0.107528 0.107672 0.117077 0.11851 0.0989889 0.0704959 0.0476345 0.0317433 0.0194698 0.0102604 0.00468695 0.00203462 0.000890271
 4.20184e-11 1.97634e-09 6.43681e-08 1.45166e-06 2.26698e-05 0.000245141 0.00183558 0.0095177 0.0341765 0.0850195 0.146732 0.176685 0.151745 0.100616 0.0636219 0.0490704 0.0448733 0.0416641 0.0354615 0.0261112 0.0165296 0.0091565 0.00442716 0.0018353 0.000653335
 3.43601e-11 1.61614e-09 5.26365e-08 1.18709e-06 1.85381e-05 0.000200464 0.00150108 0.00778387 0.0279598 0.0696447 0.120814 0.148386 0.136848 0.11103 0.0963529 0.0859638 0.0667572 0.0443666 0.028997 0.020763 0.0149802 0.0095661 0.00508141 0.0022058 0.000778454
 3.89281e-11 1.83099e-09 5.96342e-08 1.3449e-06 2.10026e-05 0.000227113 0.00170061 0.00881811 0.0316687 0.0788224 0.136321 0.165491 0.146478 0.10653 0.0796021 0.0671364 0.0561395 0.0433396 0.0310525 0.0204679 0.012472 0.00723874 0.00392721 0.00184463 0.000700345
 3.88808e-11 1.82877e-09 5.95617e-08 1.34327e-06 2.09771e-05 0.000226837 0.00169855 0.00880751 0.0316318 0.0787422 0.136261 0.165787 0.147905 0.109905 0.0844521 0.0708791 0.0560333 0.0396527 0.0268396 0.0179588 0.0113659 0.00650135 0.00330323 0.00147101 0.000555783
 3.87007e-11 1.82029e-09 5.92858e-08 1.33704e-06 2.08799e-05 0.000225786 0.00169068 0.00876672 0.0314854 0.0783792 0.135642 0.165079 0.147422 0.109894 0.0849905 0.0719519 0.0574851 0.040972 0.0273457 0.0175216 0.0105581 0.0058679 0.00294273 0.0012855 0.000471514
 3.68024e-11 1.73101e-09 5.63778e-08 1.27146e-06 1.98557e-05 0.000214712 0.00160776 0.00833686 0.0299431 0.074555 0.129128 0.157643 0.142368 0.109492 0.0888586 0.0777453 0.0628917 0.045064 0.0302166 0.0193818 0.0115478 0.00623996 0.00301556 0.00127361 0.000454863
 3.65768e-11 1.7204e-09 5.60322e-08 1.26367e-06 1.9734e-05 0.000213395 0.0015979 0.00828571 0.0297591 0.0740936 0.128307 0.156536 0.141042 0.107837 0.0869595 0.0763531 0.0629643 0.0467263 0.0326018 0.0215068 0.0129767 0.00701217 0.0033475 0.00138103 0.000478813
 2.88659e-11 1.35771e-09 4.42198e-08 9.97268e-07 1.55738e-05 0.000168409 0.00126107 0.00653956 0.0234939 0.0585572 0.10183 0.126247 0.120231 0.105562 0.101627 0.0986387 0.0837502 0.0624262 0.0438407 0.0295088 0.0183563 0.0102161 0.00496693 0.0020563 0.000706229
 3.71272e-11 1.74628e-09 5.68753e-08 1.28268e-06 2.00309e-05 0.000216606 0.00162193 0.00841016 0.0302036 0.0751767 0.130021 0.157868 0.139826 0.101993 0.0769941 0.0665935 0.0585482 0.0490176 0.0388082 0.0281175 0.018129 0.0103379 0.00515225 0.00218295 0.000761586
 3.67573e-11 1.72889e-09 5.63087e-08 1.2699e-06 1.98314e-05 0.000214448 0.00160578 0.00832661 0.029906 0.0744598 0.128944 0.157325 0.141773 0.108353 0.0869685 0.075188 0.060133 0.0430684 0.0301661 0.0215903 0.0149087 0.00923031 0.00489054 0.0021554 0.000772492
 3.24907e-11 1.52821e-09 4.97726e-08 1.1225e-06 1.75295e-05 0.000189557 0.00141941 0.0073604 0.0264391 0.0658605 0.114275 0.14048 0.129996 0.106591 0.0946615 0.0880445 0.0737319 0.0545274 0.0377794 0.0251064 0.0158328 0.00938528 0.00506495 0.00234846 0.000886905
 3.46657e-11 1.63051e-09 5.31045e-08 1.19764e-06 1.87029e-05 0.000202246 0.00151441 0.00785283 0.0282047 0.0702272 0.121637 0.148521 0.134231 0.103594 0.0851234 0.0768372 0.0662392 0.0525799 0.0395158 0.0277125 0.0175931 0.0100475 0.00515078 0.00231791 0.000878558
 3.60646e-11 1.6963e-09 5.52475e-08 1.24597e-06 1.94576e-05 0.000210407 0.00157552 0.00816968 0.0293423 0.0730552 0.126504 0.154315 0.13897 0.106103 0.085372 0.0748766 0.0619457 0.0467431 0.0341321 0.0244002 0.0163111 0.00976694 0.00509124 0.0022597 0.000835407
 3.62085e-11 1.70307e-09 5.5468e-08 1.25094e-06 1.95353e-05 0.000211247 0.00158181 0.0082023 0.0294596 0.0733495 0.127028 0.155023 0.139827 0.107206 0.0867528 0.0761928 0.0626103 0.046343 0.0326956 0.022458 0.014628 0.00877782 0.00469041 0.00213947 0.000802007
 3.49865e-11 1.6456e-09 5.3596e-08 1.20873e-06 1.8876e-05 0.000204117 0.00152843 0.00792557 0.0284667 0.0708873 0.122832 0.150224 0.136535 0.106874 0.0891757 0.0799835 0.0663809 0.0494006 0.0348229 0.0236054 0.0149763 0.00871999 0.00456868 0.00207972 0.000788292
 3.76034e-11 1.76868e-09 5.76048e-08 1.29913e-06 2.02878e-05 0.000219384 0.00164274 0.00851815 0.0305926 0.0761567 0.131795 0.160396 0.143248 0.106865 0.0830291 0.0713273 0.0589031 0.044524 0.0320428 0.0220165 0.0139864 0.00805145 0.00413318 0.00184212 0.000688622
 3.60675e-11 1.69644e-09 5.52519e-08 1.24607e-06 1.94592e-05 0.000210424 0.00157565 0.0081704 0.0293456 0.0730703 0.126578 0.154631 0.139971 0.108332 0.0887548 0.078199 0.0636177 0.0461279 0.0318039 0.0214378 0.0136641 0.00793728 0.00408256 0.00180489 0.000665193
 3.44553e-11 1.62061e-09 5.27822e-08 1.19037e-06 1.85894e-05 0.000201018 0.00150522 0.00780528 0.0280351 0.0698169 0.121008 0.148135 0.135094 0.106714 0.0902428 0.0817472 0.0682826 0.0510478 0.0359334 0.0240716 0.0149532 0.00847782 0.00431066 0.00190067 0.000698908
 3.11456e-11 1.46494e-09 4.77121e-08 1.07603e-06 1.68037e-05 0.000181709 0.00136065 0.00705573 0.0253452 0.0631408 0.109592 0.134891 0.125371 0.103977 0.0939184 0.0889 0.0763333 0.0588418 0.0429673 0.0297771 0.0189164 0.010779 0.00542439 0.00235443 0.000854938
 3.53156e-11 1.66108e-09 5.41002e-08 1.2201e-06 1.90536e-05 0.000206037 0.0015428 0.00799998 0.0287323 0.0715324 0.123839 0.150932 0.135519 0.102728 0.0822179 0.0731465 0.0632162 0.0509771 0.0393715 0.02866 0.0189747 0.0111885 0.00576042 0.00252193 0.000913043
 3.39915e-11 1.5988e-09 5.20717e-08 1.17435e-06 1.83392e-05 0.000198312 0.00148496 0.00770022 0.0276579 0.0688789 0.119391 0.146196 0.133452 0.105649 0.0894954 0.0808676 0.0671444 0.0502391 0.0364615 0.026281 0.0179999 0.0111493 0.00600608 0.00272076 0.00100658
 3.67645e-11 1.72922e-09 5.63197e-08 1.27015e-06 1.98352e-05 0.00021449 0.00160609 0.00832815 0.0299107 0.0744633 0.128893 0.157 0.140656 0.105882 0.0835081 0.0726431 0.0605325 0.0461836 0.0335908 0.0234526 0.0153835 0.00933545 0.00509437 0.0023851 0.000914747
#pred catch len freq
 2.21195e-11 1.04039e-09 3.3885e-08 7.64191e-07 1.1934e-05 0.00012905 0.000966336 0.00501116 0.0180029 0.0448707 0.0780257 0.0967245 0.0921274 0.0811955 0.0796837 0.0815576 0.0774806 0.0695325 0.0615446 0.0536222 0.0460391 0.0394479 0.0330033 0.0251061 0.0159164
 9.98872e-12 4.69822e-10 1.53018e-08 3.45094e-07 5.38918e-06 5.82779e-05 0.000436428 0.00226397 0.00814445 0.020408 0.0362295 0.0484006 0.0571905 0.0726974 0.0953294 0.109444 0.106788 0.095832 0.0843321 0.0725814 0.0604093 0.0487967 0.037804 0.0267601 0.016088
 7.94542e-12 3.73714e-10 1.21716e-08 2.74501e-07 4.28674e-06 4.63558e-05 0.000347131 0.00180041 0.00647212 0.0161713 0.0283954 0.0365111 0.0390931 0.0440281 0.0571865 0.0757721 0.0955238 0.111663 0.116355 0.106988 0.0894287 0.0699934 0.0512274 0.0338713 0.0191221
 3.12946e-11 1.47195e-09 4.79404e-08 1.08117e-06 1.68841e-05 0.000182577 0.00136711 0.00708858 0.0254533 0.0633144 0.109238 0.131375 0.112311 0.0733764 0.0451891 0.035395 0.0370448 0.0450462 0.0557503 0.0633748 0.0627713 0.053534 0.0395268 0.0251759 0.0134669
 4.3448e-11 2.04359e-09 6.65583e-08 1.50106e-06 2.34411e-05 0.000253482 0.00189805 0.00984165 0.0353408 0.0879275 0.151827 0.183174 0.158397 0.106967 0.0685202 0.0483694 0.0340186 0.0221664 0.0159953 0.0152983 0.0165175 0.0162856 0.0134167 0.00897023 0.00478911
 3.42399e-11 1.61048e-09 5.24523e-08 1.18293e-06 1.84732e-05 0.000199762 0.00149583 0.00775671 0.0278629 0.069412 0.120467 0.148225 0.137549 0.113353 0.100387 0.0906014 0.070089 0.0444894 0.0250003 0.0140889 0.00914371 0.00723241 0.00597191 0.00426133 0.00239436
 2.9049e-11 1.36632e-09 4.45003e-08 1.00359e-06 1.56726e-05 0.000169478 0.00126906 0.00658096 0.0236416 0.0589165 0.102393 0.12666 0.119745 0.10354 0.0986203 0.096881 0.0853738 0.0666268 0.0471186 0.0294805 0.0160661 0.00822224 0.00452848 0.00268794 0.00146254
 3.06667e-11 1.44241e-09 4.69785e-08 1.05948e-06 1.65453e-05 0.000178915 0.00133972 0.00694714 0.0249538 0.0621544 0.1078 0.132316 0.121822 0.0988274 0.0874328 0.0836552 0.0756746 0.0635814 0.0506202 0.0368798 0.0234153 0.0127058 0.00599786 0.00260086 0.00107828
 3.53148e-11 1.66104e-09 5.4099e-08 1.22007e-06 1.90531e-05 0.000206032 0.00154276 0.0079998 0.0287316 0.0715319 0.123844 0.150965 0.135628 0.102931 0.0823453 0.0727601 0.0619875 0.0493429 0.0384364 0.0290718 0.0202336 0.0123398 0.00636647 0.00273343 0.000983085
 3.40364e-11 1.60091e-09 5.21406e-08 1.1759e-06 1.83634e-05 0.000198574 0.00148693 0.00771042 0.0276947 0.068973 0.11957 0.14649 0.133958 0.10653 0.0907547 0.0821213 0.0678141 0.04997 0.0353332 0.0247831 0.0167549 0.0104611 0.00574715 0.00264536 0.000984517
 3.61256e-11 1.69918e-09 5.53411e-08 1.24808e-06 1.94906e-05 0.000210763 0.00157819 0.00818351 0.0293918 0.073179 0.126719 0.154583 0.139233 0.106383 0.0858255 0.0757332 0.0632269 0.0478807 0.034208 0.023163 0.0145749 0.00848823 0.00451286 0.0020975 0.000807851
 3.61456e-11 1.70011e-09 5.53716e-08 1.24877e-06 1.95013e-05 0.000210879 0.00157906 0.00818808 0.0294088 0.0732268 0.126841 0.15491 0.140094 0.108169 0.0883751 0.0778936 0.0636759 0.0465213 0.0321838 0.0214947 0.0134068 0.0075985 0.00385201 0.00170898 0.000641782
 3.46685e-11 1.63064e-09 5.3109e-08 1.19774e-06 1.87044e-05 0.000202263 0.00151454 0.00785361 0.0282087 0.0702511 0.12177 0.149115 0.136134 0.107815 0.0913953 0.0826105 0.0683654 0.0502385 0.0346018 0.022673 0.0137478 0.00757007 0.00373031 0.00160227 0.000580602
 3.36489e-11 1.58269e-09 5.15471e-08 1.16251e-06 1.81543e-05 0.000196314 0.00147 0.00762268 0.0273798 0.068192 0.118237 0.144957 0.132886 0.106417 0.0917409 0.0842021 0.0708735 0.0533371 0.0376818 0.0250841 0.0152237 0.00826836 0.00397452 0.001656 0.000581158
 3.03755e-11 1.42872e-09 4.65325e-08 1.04942e-06 1.63883e-05 0.000177217 0.00132701 0.00688138 0.0247197 0.0615915 0.106963 0.131939 0.12353 0.104291 0.0962436 0.092082 0.0791321 0.0606824 0.043861 0.0299356 0.0186091 0.0102874 0.00497122 0.00205288 0.000706202
 3.14275e-11 1.4782e-09 4.8144e-08 1.08577e-06 1.69558e-05 0.000183354 0.00137296 0.00711951 0.0255731 0.0636983 0.110488 0.135658 0.125026 0.10161 0.08978 0.084893 0.0746711 0.0600388 0.0456976 0.0324589 0.0207921 0.0117992 0.00583158 0.00244518 0.000845397
 3.52176e-11 1.65647e-09 5.39501e-08 1.21671e-06 1.90007e-05 0.000205466 0.00153852 0.00797784 0.0286534 0.0713427 0.123555 0.150797 0.136064 0.104484 0.0849966 0.0756403 0.0639216 0.0496762 0.0372127 0.0268391 0.0178629 0.0105935 0.00544021 0.00234965 0.000829986
 3.27721e-11 1.54144e-09 5.02038e-08 1.13222e-06 1.76813e-05 0.000191199 0.0014317 0.00742415 0.0266677 0.0664284 0.115248 0.141614 0.130841 0.106836 0.0942553 0.0870391 0.0722709 0.0530828 0.0370338 0.0252611 0.0163685 0.00973294 0.00512462 0.00229218 0.000837942
 3.24278e-11 1.52525e-09 4.96764e-08 1.12033e-06 1.74955e-05 0.00018919 0.00141666 0.0073461 0.0263869 0.0657238 0.113991 0.139912 0.128782 0.104266 0.0914263 0.0853705 0.0734041 0.0568658 0.0413431 0.0281191 0.0174687 0.00987117 0.00503154 0.0022379 0.000830068
 3.42339e-11 1.6102e-09 5.24432e-08 1.18272e-06 1.84699e-05 0.000199727 0.00149555 0.0077551 0.0278543 0.0693629 0.120193 0.147007 0.133654 0.104762 0.0878076 0.0796232 0.0676023 0.0522662 0.0385097 0.0269628 0.0172542 0.00984244 0.00493006 0.0021276 0.000770561
 3.39518e-11 1.59693e-09 5.2011e-08 1.17298e-06 1.83177e-05 0.000198081 0.00148323 0.00769126 0.0276258 0.0688008 0.119267 0.1461 0.133547 0.106128 0.0904734 0.0823142 0.0688471 0.051678 0.0369131 0.0254323 0.0163301 0.0094715 0.00482799 0.00209724 0.000753834
 3.32718e-11 1.56494e-09 5.09692e-08 1.14948e-06 1.79508e-05 0.000194113 0.00145352 0.00753725 0.0270731 0.0674291 0.116922 0.143384 0.131568 0.105627 0.0913966 0.0841579 0.0711054 0.0538827 0.0385508 0.0262241 0.0164796 0.00939345 0.00476546 0.002082 0.000754411
 3.45679e-11 1.62591e-09 5.29548e-08 1.19426e-06 1.86501e-05 0.000201675 0.00151014 0.00783074 0.0281259 0.0700384 0.121357 0.148402 0.134828 0.105474 0.0881193 0.0796229 0.0672471 0.051482 0.037357 0.0256981 0.0162054 0.00918021 0.00459881 0.00198554 0.000715226
 3.40755e-11 1.60275e-09 5.22004e-08 1.17725e-06 1.83845e-05 0.000198802 0.00148863 0.00771927 0.0277263 0.0690507 0.119697 0.14661 0.133961 0.106348 0.0905319 0.0822915 0.0687856 0.0515611 0.0366908 0.0250804 0.0159049 0.00908892 0.00457246 0.00196908 0.000704332
 3.25164e-11 1.52941e-09 4.98121e-08 1.12339e-06 1.75433e-05 0.000189707 0.00142053 0.00736619 0.0264594 0.0659076 0.114332 0.140432 0.129579 0.105517 0.0930161 0.0865514 0.0733161 0.0555115 0.0396346 0.0268829 0.0168098 0.00950096 0.00476392 0.00205483 0.000736093
 3.05951e-11 1.43905e-09 4.68688e-08 1.05701e-06 1.65067e-05 0.000178498 0.0013366 0.00693106 0.0248976 0.0620294 0.107687 0.132659 0.123659 0.103322 0.0942766 0.0899841 0.077906 0.060629 0.0445549 0.0308443 0.0194595 0.0109859 0.00546863 0.00234034 0.000834264
 3.10445e-11 1.46018e-09 4.75572e-08 1.07253e-06 1.67492e-05 0.000181119 0.00135623 0.00703277 0.0252619 0.0629269 0.109175 0.134166 0.12403 0.101568 0.0905607 0.0858939 0.0753237 0.0602727 0.0458602 0.0328335 0.021345 0.0123393 0.00622819 0.00267611 0.000951731
 3.2945e-11 1.54958e-09 5.04687e-08 1.13819e-06 1.77746e-05 0.000192207 0.00143925 0.00746318 0.0268065 0.0667604 0.115729 0.141763 0.129584 0.103047 0.0881987 0.0812256 0.0697757 0.0548112 0.0413625 0.0299358 0.0199913 0.0119492 0.00622135 0.00273695 0.000987729
 3.32495e-11 1.5639e-09 5.09352e-08 1.14871e-06 1.79388e-05 0.000193984 0.00145255 0.0075322 0.0270549 0.0673832 0.116838 0.143259 0.131382 0.105312 0.0908697 0.0833758 0.0701355 0.0530202 0.0382656 0.0267616 0.0175785 0.0105315 0.00558226 0.00251981 0.000932963
#obs catch len freq
 2.0584e-11 9.6817e-10 3.15327e-08 7.11142e-07 1.11055e-05 0.000120091 0.00089926 0.00466342 0.0167551 0.0417749 0.0727401 0.0906312 0.0877793 0.0802692 0.0818195 0.0850312 0.0807307 0.0722277 0.064475 0.057715 0.0510496 0.0433621 0.03356 0.0223026 0.0120822
 2.14095e-11 1.007e-09 3.27973e-08 7.39663e-07 1.15509e-05 0.000124907 0.000935321 0.00485036 0.0174259 0.0434382 0.0755742 0.0938722 0.0900083 0.0805541 0.080479 0.083387 0.0800995 0.0728932 0.0655055 0.0577528 0.0494552 0.0407409 0.0310693 0.0206198 0.011202
 8.73606e-16 4.11619e-14 1.34989e-12 3.12739e-11 5.39902e-10 8.05092e-09 1.26093e-07 2.00916e-06 2.65451e-05 0.000256974 0.00174981 0.00829585 0.0273776 0.0632797 0.104235 0.127617 0.126528 0.114549 0.102514 0.0905608 0.0772224 0.0625012 0.0465652 0.0303641 0.0163549
 1.15427e-11 5.42914e-10 1.76824e-08 3.98782e-07 6.22754e-06 6.73417e-05 0.00050424 0.00261443 0.0093865 0.0233357 0.0401754 0.0479377 0.0399783 0.0253033 0.0202711 0.0357303 0.070216 0.107337 0.127162 0.124756 0.108993 0.0879711 0.0647137 0.0415101 0.0220302
 5.09352e-11 2.39574e-09 7.80278e-08 1.75972e-06 2.74806e-05 0.000297162 0.00222509 0.011537 0.0414222 0.102992 0.177393 0.211908 0.176393 0.10419 0.0465939 0.0189385 0.00959841 0.0082761 0.0113424 0.0158047 0.0181529 0.0169195 0.0130928 0.00844924 0.00444506
 3.22632e-11 1.51751e-09 4.94242e-08 1.11464e-06 1.74068e-05 0.00018823 0.00140949 0.0073093 0.02626 0.0654593 0.113883 0.141423 0.135333 0.119623 0.113984 0.104325 0.0760265 0.0411678 0.0176288 0.00836468 0.00687738 0.00716646 0.00646127 0.00458126 0.00250942
 3.8549e-11 1.81316e-09 5.90534e-08 1.3318e-06 2.0798e-05 0.000224901 0.00168404 0.00873224 0.0313604 0.0780564 0.135004 0.163935 0.14525 0.106052 0.0801416 0.0691063 0.059735 0.0474699 0.0334308 0.0197244 0.00967256 0.00464262 0.00279143 0.00187975 0.00108334
 2.15613e-11 1.01414e-09 3.30299e-08 7.44909e-07 1.16329e-05 0.000125795 0.000941992 0.00488554 0.0175606 0.0438561 0.0768612 0.0980889 0.102248 0.107218 0.121038 0.124431 0.104449 0.0745471 0.0504554 0.0336602 0.0206561 0.0108877 0.00497387 0.00215926 0.00094483
 4.02867e-11 1.89489e-09 6.17153e-08 1.39184e-06 2.17355e-05 0.000235038 0.00175994 0.00912552 0.0327691 0.0815262 0.140757 0.169746 0.146628 0.0991288 0.0655086 0.0529053 0.0493779 0.0461017 0.0392977 0.0289513 0.0183318 0.0101561 0.00491078 0.00203586 0.000724741
 3.24616e-11 1.52684e-09 4.97282e-08 1.1215e-06 1.75138e-05 0.000189387 0.00141814 0.00735396 0.0264174 0.0658207 0.114303 0.140966 0.131846 0.110734 0.100334 0.0917244 0.0718316 0.0478824 0.0313537 0.0224785 0.0162264 0.0103635 0.00550525 0.00238982 0.000843405
 3.72717e-11 1.75308e-09 5.70967e-08 1.28767e-06 2.01089e-05 0.000217449 0.00162825 0.008443 0.0303227 0.075484 0.130627 0.158955 0.141911 0.105836 0.0824791 0.0717593 0.0607241 0.0470546 0.0337641 0.0222711 0.0135753 0.00788027 0.00427553 0.00200828 0.000762486
 3.72364e-11 1.75142e-09 5.70426e-08 1.28646e-06 2.00899e-05 0.000217244 0.00162671 0.00843513 0.0302957 0.0754292 0.130617 0.15934 0.143506 0.109509 0.0877188 0.0757784 0.0605619 0.0430117 0.0291618 0.0195306 0.0123656 0.00707428 0.00359452 0.00160077 0.000604812
 3.71217e-11 1.74602e-09 5.68669e-08 1.28249e-06 2.0028e-05 0.000216574 0.0016217 0.00840915 0.0302025 0.0751981 0.130223 0.158888 0.143199 0.109517 0.0881437 0.0767023 0.0619139 0.0442765 0.0295956 0.0189787 0.0114405 0.00635926 0.00318933 0.00139326 0.00051104
 3.51045e-11 1.65115e-09 5.37767e-08 1.2128e-06 1.89396e-05 0.000204806 0.00153359 0.00795235 0.0285635 0.0711343 0.1233 0.150986 0.137825 0.109084 0.0922452 0.0828512 0.0676582 0.0486322 0.0326584 0.0209658 0.0124966 0.0067537 0.00326404 0.00137859 0.000492361
 3.4948e-11 1.64379e-09 5.3537e-08 1.2074e-06 1.88552e-05 0.000203893 0.00152675 0.00791687 0.0284357 0.0708116 0.122713 0.150133 0.136629 0.107323 0.0900291 0.0810931 0.067494 0.0502397 0.0351013 0.0231724 0.0139863 0.00755866 0.00360857 0.00148877 0.000516171
 2.72345e-11 1.28098e-09 4.17207e-08 9.40908e-07 1.46937e-05 0.000158892 0.00118981 0.00617013 0.0221684 0.05527 0.0962265 0.119832 0.115806 0.105034 0.104676 0.103348 0.0882407 0.065907 0.0463377 0.0312099 0.0194202 0.0108094 0.00525561 0.00217585 0.00074729
 3.55814e-11 1.67358e-09 5.45074e-08 1.22928e-06 1.9197e-05 0.000207588 0.00155441 0.00806011 0.0289475 0.0720603 0.124699 0.15173 0.135439 0.101063 0.0792512 0.0704919 0.0626334 0.0526054 0.041697 0.0302253 0.0194919 0.011116 0.00554025 0.00234737 0.000818953
 3.50526e-11 1.64871e-09 5.36973e-08 1.21101e-06 1.89117e-05 0.000204503 0.00153132 0.00794058 0.0285209 0.0710251 0.12309 0.150629 0.137174 0.107851 0.0902064 0.0800931 0.0646809 0.0464778 0.0326071 0.0233583 0.0161356 0.00999118 0.0052939 0.0023332 0.000836222
 3.07588e-11 1.44675e-09 4.71196e-08 1.06267e-06 1.65951e-05 0.000179453 0.00134376 0.00696822 0.0250319 0.0623708 0.108327 0.13367 0.125299 0.106033 0.0979041 0.0930515 0.078501 0.0582024 0.0403786 0.0268538 0.0169406 0.0100434 0.00542037 0.0025133 0.000949163
 3.30205e-11 1.55313e-09 5.05843e-08 1.1408e-06 1.78153e-05 0.000192648 0.00144254 0.00748026 0.0268678 0.0669111 0.115979 0.142017 0.129655 0.102812 0.0878302 0.0812573 0.0706666 0.0562538 0.0423286 0.0297026 0.0188613 0.0107729 0.00552286 0.00248539 0.000942043
 3.43982e-11 1.61793e-09 5.26948e-08 1.1884e-06 1.85586e-05 0.000200686 0.00150273 0.00779233 0.0279883 0.069697 0.120777 0.147748 0.134402 0.105454 0.0883132 0.0794945 0.0663893 0.0502529 0.0367475 0.026289 0.0175791 0.0105274 0.00548786 0.00243578 0.000900505
 3.45066e-11 1.62303e-09 5.28609e-08 1.19215e-06 1.86171e-05 0.000201318 0.00150747 0.0078169 0.0280768 0.0699201 0.121182 0.148327 0.135198 0.106626 0.0898848 0.081044 0.0672318 0.049921 0.0352719 0.0242468 0.0157985 0.00948152 0.00506668 0.00231114 0.000866365
 3.33123e-11 1.56685e-09 5.10313e-08 1.15089e-06 1.79727e-05 0.00019435 0.0014553 0.00754645 0.0271064 0.0675138 0.117081 0.143637 0.131983 0.106306 0.0922651 0.0847745 0.0709596 0.0529588 0.0373818 0.0253584 0.0160938 0.00937182 0.00491043 0.00223532 0.000847277
 3.59426e-11 1.69057e-09 5.50607e-08 1.24176e-06 1.93918e-05 0.000209696 0.00157019 0.00814206 0.0292432 0.0728099 0.126089 0.153853 0.138702 0.106237 0.0859988 0.0759959 0.0634225 0.0481042 0.0346707 0.0238398 0.0151496 0.00872217 0.00447771 0.00199571 0.000746044
 3.44113e-11 1.61854e-09 5.27149e-08 1.18886e-06 1.85657e-05 0.000200762 0.00150331 0.00779536 0.0279999 0.0697335 0.120892 0.148127 0.135507 0.107857 0.091936 0.0830427 0.068163 0.049571 0.0342269 0.0230892 0.0147219 0.00855287 0.00439941 0.00194499 0.000716834
 3.27341e-11 1.53966e-09 5.01456e-08 1.13091e-06 1.76608e-05 0.000190977 0.00143004 0.00741552 0.0266366 0.0663487 0.115095 0.141362 0.130412 0.106129 0.0934216 0.0866874 0.0730224 0.0547465 0.0385898 0.0258703 0.016076 0.00911558 0.00463518 0.0020438 0.000751545
 2.94246e-11 1.38399e-09 4.50757e-08 1.01657e-06 1.58752e-05 0.000171669 0.00128547 0.00666601 0.0239468 0.0596725 0.103677 0.128104 0.120638 0.103277 0.0969225 0.0936728 0.0809987 0.0625912 0.0457617 0.0317345 0.0201658 0.0114923 0.00578357 0.00251038 0.000911571
 3.35665e-11 1.5788e-09 5.14206e-08 1.15966e-06 1.81098e-05 0.000195833 0.00146639 0.00760386 0.0273109 0.0680063 0.11782 0.144005 0.130615 0.101805 0.0849537 0.0776949 0.0678236 0.0548699 0.042436 0.0309106 0.0204703 0.0120717 0.00621542 0.00272117 0.000985185
 3.23528e-11 1.52172e-09 4.95614e-08 1.11773e-06 1.74551e-05 0.000188752 0.00141338 0.00732913 0.0263264 0.0655765 0.11376 0.139741 0.128969 0.10503 0.0924112 0.0854177 0.0714884 0.0536334 0.0389761 0.028113 0.0192603 0.0119312 0.0064275 0.00291169 0.00107723
#spawning biomass
 22289 22468.5 17372.6 12583.2 15304.6 27162.9 40376.3 48381.2 56927.3 77963.9 95808.9 119613 150427 164544 177465 162347 140096 140957 144619 138631 147796 158358 165930 189205 201013 199717 185990 168365 136424 130363 160704 112713 72916.7 48891.1 36128.7 29815.3 26825.4 25448.6 24826.3 24548.6 24425.6 24371.6 24347.9 24337.5 24333 24331 24330.2 24329.8 24329.7 24329.6 24329.6 24329.6 24329.5 24329.5 24329.5 24329.5 24329.5 24329.5 24329.5 24329.5 24329.5 24329.5 24329.5 24329.5 24329.5 24329.5 24329.5 24329.5 24329.5 24329.5 24329.5 24329.5 24329.5 24329.5 24329.5 24329.5 24329.5 24329.5 24329.5 24329.5 24329.5 24329.5 24329.5 24329.5 24329.5 24329.5 24329.5 24329.5 24329.5 24329.5 24329.5 24329.5 24329.5 24329.5 24329.5 24329.5 24329.5 24329.5 24329.5 24329.5 24329.5 24329.5 24329.5 24329.5 24329.5 24329.5 24329.5 24329.5 24329.5 24329.5 24329.5 24329.5 24329.5 24329.5 24329.5 24329.5 24329.5 24329.5 24329.5 24329.5 24329.5 24329.5 24329.5 24329.5 24329.5 24329.5 24329.5 24329.5 24329.5 0 0 0 0 0 0 0 0 0 0 0 0 0 0 0 0 0 0 0 0 0 0 0 0 0
