SBPRF35
0.220197
Curr Bio
189383
B35
191916
F35
0.439886
FOFL
0.430299
OFL
72068.2
Bzero
62913.3
#pred survey bio
 29342.8 25013.5 19079.3 16575.1 24457.9 37125.9 50656.4 63379.1 90790.7 123375 143646 171482 223890 250802 254728 262114 241610 244494 226529 225436 218605 224293 226006 256482 307311 298329 284171 284974 272357 9.48266e+06 4.80191e+06 3.25249e+06 2.10308e+06 1.41957e+06 1.05131e+06 861675 765349 716029 690190 676211 668373 663825 661105 659438 658396 657739 657322 657055 656882 656771 656699 656652 656622 656602 656589 656581 656576 656572 656570 656568 656567 656567 656566 656566 656566 656566 656566 656566 656566 656566 656566 656566 656566 656566 656566 656566 656566 656566 656566 656566 656566 656566 656566 656566 656566 656566 656566 656566 656566 656566 656566 656566 656566 656566 656566 656566 656566 656566 656566 656566 656566 656566 656566 656566 656566 656566 656566 656566 656566 656566 656566 656566 656566 656566 656566 656566 656566 656566 656566 656566 656566 656566 656566 656566 656566 656566 656566 656566 656566 0 0 0 0 0 0 0 0 0 0 0 0 0 0 0 0 0 0 0 0 0 0 0 0 0
#obs survey bio
 27838.7 23459.6 12250.2 20565.2 22542.1 42678.2 55606.6 78695.9 75489.2 95711.8 183674 166884 211270 232877 324943 282012 264095 210897 210972 247645 254759 177288 211769 175542 385411 261416 374550 241287 292548
#pred catch bio
 4255.61 3864.08 3442.73 3421.56 4921.73 7077.29 11903.8 12524.8 21044.6 43408.4 52206.8 53965.5 85841.6 100905 91461.1 108845 89051.4 101395 88746.9 93890.8 86276 93611.4 85306 92880.5 131616 119246 103722 112675 103443 72068.2 63555 41921.8 25819.2 16632.8 11969.5 9753.94 8743.99 8295.85 8100.55 8016.46 7980.56 7965.32 7958.87 7956.15 7955.01 7954.53 7954.32 7954.24 7954.21 7954.19 7954.18 7954.18 7954.18 7954.18 7954.18 7954.18 7954.18 7954.18 7954.18 7954.18 7954.18 7954.18 7954.18 7954.18 7954.18 7954.18 7954.18 7954.18 7954.18 7954.18 7954.18 7954.18 7954.18 7954.18 7954.18 7954.18 7954.18 7954.18 7954.18 7954.18 7954.18 7954.18 7954.18 7954.18 7954.18 7954.18 7954.18 7954.18 7954.18 7954.18 7954.18 7954.18 7954.18 7954.18 7954.18 7954.18 7954.18 7954.18 7954.18 7954.18 7954.18 7954.18 7954.18 7954.18 7954.18 7954.18 7954.18 7954.18 7954.18 7954.18 7954.18 7954.18 7954.18 7954.18 7954.18 7954.18 7954.18 7954.18 7954.18 7954.18 7954.18 7954.18 7954.18 7954.18 7954.18 7954.18 7954.18 7954.18 7954.18 0 0 0 0 0 0 0 0 0 0 0 0 0 0 0 0 0 0 0 0 0 0 0 0 0
#obs catch bio
 3859.49 3911.04 3610.5 3570.18 4973.49 6977.9 12001.1 12043.9 19974.8 42932.9 50540.1 51449.8 83213.1 98941.3 90055.3 107598 84031.4 105009 90808.2 94243.9 86123.5 98383 86012 94111.1 137214 119015 100884 113974 103177
#pred cpue bio
 27862.8 24254.3 18726.6 15591.1 21425.1 33139.6 45991.7 57473 81376.9 110876 128143 152297 199094 223706 228929 237627 218327 221144 204646 203041 196329 201306 202065 228402 273049 267976 257532 258274 246257 8.56829e+06 4.64617e+06 3.19624e+06 2.05556e+06 1.37266e+06 1.00444e+06 814811 718486 669166 643327 629348 621510 616962 614242 612575 611533 610876 610459 610192 610019 609908 609836 609789 609759 609739 609726 609718 609713 609709 609707 609705 609704 609704 609703 609703 609703 609703 609703 609703 609703 609703 609703 609703 609703 609703 609703 609703 609703 609703 609703 609703 609703 609703 609703 609703 609703 609703 609703 609703 609703 609703 609703 609703 609703 609703 609703 609703 609703 609703 609703 609703 609703 609703 609703 609703 609703 609703 609703 609703 609703 609703 609703 609703 609703 609703 609703 609703 609703 609703 609703 609703 609703 609703 609703 609703 609703 609703 609703 609703 609703 0 0 0 0 0 0 0 0 0 0 0 0 0 0 0 0 0 0 0 0 0 0 0 0 0
#obs cpue bio
 30964.9 19290.9 14153.2 15229.1 31022 36942.4 38489.1 75000.6 126983 116381 122115 186428 234004 251175 166544 262298 282573 155638 195908 215205 161373 178818 233412 291628 196464 346600 235966 256953 237440
#pred surv len freq
 2.50046e-11 1.1761e-09 3.83047e-08 8.63865e-07 1.34905e-05 0.000145881 0.00109237 0.00566458 0.0203483 0.0506962 0.0880176 0.10846 0.10123 0.0850004 0.0786945 0.0776857 0.0721389 0.0634104 0.0552556 0.0478254 0.0411225 0.0354941 0.0299902 0.0230206 0.0146921
 1.23018e-11 5.78616e-10 1.88452e-08 4.25006e-07 6.63711e-06 7.17725e-05 0.000537472 0.00278786 0.0100252 0.025082 0.0442644 0.0579237 0.0648597 0.0765732 0.0957573 0.10744 0.10284 0.0903025 0.0780764 0.0666584 0.0555168 0.045172 0.0353888 0.0253392 0.015376
 9.55098e-12 4.49232e-10 1.46312e-08 3.2997e-07 5.15298e-06 5.57229e-05 0.000417271 0.00216412 0.00777837 0.0194233 0.0340247 0.043367 0.0452163 0.0485018 0.0601509 0.0768781 0.0937872 0.106929 0.109898 0.10051 0.0840789 0.0662333 0.0490124 0.0328219 0.0187454
 3.4123e-11 1.60498e-09 5.22733e-08 1.17889e-06 1.84101e-05 0.000199079 0.00149067 0.00772921 0.0277531 0.0690299 0.119063 0.143021 0.121702 0.0782033 0.046089 0.0340073 0.0341917 0.040583 0.0494169 0.0556485 0.0549649 0.0470395 0.0350364 0.0225825 0.0122295
 4.48788e-11 2.11089e-09 6.87502e-08 1.55049e-06 2.42131e-05 0.00026183 0.00196055 0.0101657 0.0365036 0.0908132 0.156759 0.188885 0.162558 0.108079 0.0669218 0.0455678 0.0313721 0.0200998 0.0142038 0.013377 0.0143687 0.0141749 0.0117319 0.00790634 0.00426334
 3.62126e-11 1.70327e-09 5.54744e-08 1.25109e-06 1.95375e-05 0.000211271 0.001582 0.00820343 0.0294656 0.0733847 0.127226 0.155905 0.142649 0.113434 0.095877 0.0841718 0.0644528 0.0407292 0.0228192 0.0128653 0.00840876 0.00671754 0.00558997 0.00401503 0.00227176
 3.316e-11 1.55969e-09 5.07981e-08 1.14562e-06 1.78906e-05 0.000193462 0.00144864 0.00751194 0.0269822 0.0672027 0.116529 0.142902 0.13114 0.105387 0.0916022 0.0853322 0.073541 0.0566758 0.0397953 0.0249153 0.0137241 0.00718537 0.0040755 0.00247347 0.0013628
 3.46663e-11 1.63054e-09 5.31055e-08 1.19766e-06 1.87032e-05 0.000202249 0.00151444 0.00785296 0.028205 0.0702273 0.121631 0.148485 0.134103 0.103291 0.0846071 0.0761984 0.0657262 0.052567 0.0402328 0.0288077 0.0183051 0.0100576 0.0048578 0.00217602 0.000932307
 3.76215e-11 1.76953e-09 5.76326e-08 1.29976e-06 2.02976e-05 0.00021949 0.00164353 0.00852221 0.0306067 0.0761879 0.131822 0.160298 0.142741 0.105599 0.0809651 0.0690066 0.057148 0.043952 0.0328927 0.0240191 0.0163262 0.0098619 0.00511096 0.00223173 0.000824413
 3.60242e-11 1.6944e-09 5.51857e-08 1.24457e-06 1.94358e-05 0.000210171 0.00157376 0.00816057 0.02931 0.0729803 0.12641 0.154369 0.139555 0.107641 0.0877767 0.0771893 0.0629347 0.0459418 0.0320957 0.0221561 0.0146954 0.00900692 0.00488747 0.00224358 0.000841254
 3.79142e-11 1.7833e-09 5.8081e-08 1.30987e-06 2.04555e-05 0.000221198 0.00165632 0.00858856 0.0308454 0.076786 0.132883 0.161714 0.144404 0.107665 0.0835018 0.071434 0.0584704 0.0434869 0.0306179 0.0206151 0.0129805 0.00755705 0.00399786 0.00184531 0.000707683
 3.84673e-11 1.80932e-09 5.89284e-08 1.32898e-06 2.0754e-05 0.000224425 0.00168048 0.00871386 0.0312954 0.0779067 0.134826 0.164089 0.146553 0.109276 0.0845564 0.071646 0.0573951 0.0412787 0.0281499 0.0186506 0.0116351 0.00663361 0.00338821 0.00151102 0.000568311
 3.80176e-11 1.78816e-09 5.82394e-08 1.31344e-06 2.05113e-05 0.000221801 0.00166084 0.00861202 0.0309301 0.0770012 0.133286 0.162345 0.145413 0.109324 0.085738 0.0734127 0.0591363 0.0425935 0.0288392 0.0187403 0.0113822 0.00632035 0.00315088 0.00136981 0.000501497
 3.72087e-11 1.75012e-09 5.70002e-08 1.2855e-06 2.00749e-05 0.000217082 0.0016255 0.00842884 0.0302729 0.0753718 0.130511 0.159182 0.143277 0.109193 0.0874547 0.0759649 0.0615163 0.0443829 0.0300619 0.019488 0.0117326 0.00640031 0.00311209 0.00131605 0.000468963
 3.54066e-11 1.66536e-09 5.42397e-08 1.22324e-06 1.91027e-05 0.000206569 0.00154678 0.00802076 0.0288085 0.0717391 0.124311 0.152043 0.13822 0.108237 0.0902838 0.0807164 0.0664122 0.0485877 0.0333559 0.0218108 0.0131605 0.00715142 0.00344055 0.00142975 0.00049815
 3.36497e-11 1.58272e-09 5.15482e-08 1.16254e-06 1.81548e-05 0.000196319 0.00147004 0.00762284 0.0273802 0.068191 0.118222 0.144879 0.132623 0.105822 0.0908329 0.0833042 0.0704088 0.0534782 0.0382882 0.0258853 0.015966 0.00879085 0.00425081 0.00176141 0.000607697
 3.50796e-11 1.64998e-09 5.37386e-08 1.21194e-06 1.89262e-05 0.00020466 0.00153249 0.0079466 0.0285415 0.0710675 0.123102 0.150352 0.136011 0.105177 0.0864415 0.0773898 0.0653687 0.0503999 0.0370525 0.0259218 0.0166089 0.00947854 0.00471026 0.00198419 0.00068914
 3.46264e-11 1.62866e-09 5.30444e-08 1.19628e-06 1.86817e-05 0.000202017 0.0015127 0.00784401 0.0281737 0.0701582 0.121571 0.148691 0.135174 0.105887 0.0884936 0.0796037 0.0664876 0.0501729 0.0362419 0.0253708 0.0165886 0.00978291 0.00504359 0.00219716 0.000783243
 3.49383e-11 1.64333e-09 5.35223e-08 1.20706e-06 1.885e-05 0.000203836 0.00152632 0.00791465 0.0284271 0.0707866 0.122641 0.149912 0.136005 0.105964 0.0879208 0.0788379 0.0659359 0.0498437 0.0358583 0.0248035 0.0160186 0.00943213 0.00493227 0.00220508 0.000810042
 3.57286e-11 1.6805e-09 5.4733e-08 1.23436e-06 1.92764e-05 0.000208447 0.00156085 0.00809362 0.0290693 0.0723795 0.125359 0.153035 0.138198 0.106328 0.086602 0.0766994 0.0638174 0.0481321 0.0345964 0.0239142 0.0153968 0.00901226 0.00469171 0.00210347 0.000782223
 3.61851e-11 1.70197e-09 5.54322e-08 1.25013e-06 1.95227e-05 0.00021111 0.00158079 0.00819701 0.0294406 0.0733028 0.126951 0.154946 0.139812 0.107312 0.0869883 0.0765118 0.0629548 0.0466664 0.0329173 0.0224562 0.0143585 0.00836976 0.00434105 0.00194036 0.000721396
 3.62253e-11 1.70386e-09 5.54938e-08 1.25152e-06 1.95443e-05 0.000211345 0.00158254 0.00820611 0.0294733 0.0733847 0.127095 0.155133 0.140018 0.107548 0.0872778 0.0768249 0.0632063 0.0467518 0.0327563 0.0220686 0.0138866 0.00797401 0.00409116 0.00181647 0.00067274
 3.71188e-11 1.74589e-09 5.68626e-08 1.28239e-06 2.00264e-05 0.000216558 0.00162157 0.00840846 0.0301994 0.0751858 0.130169 0.158669 0.142515 0.108002 0.0858614 0.0745061 0.0609102 0.0448751 0.031314 0.020988 0.0131 0.00743134 0.00375725 0.00164517 0.000602737
 3.7946e-11 1.7848e-09 5.81298e-08 1.31097e-06 2.04727e-05 0.000221383 0.00165771 0.00859579 0.0308717 0.0768543 0.133021 0.161975 0.14493 0.108651 0.0848819 0.0726407 0.058831 0.0429162 0.0296357 0.0197016 0.0122218 0.006887 0.00345057 0.00149354 0.000540363
 3.82814e-11 1.80058e-09 5.86436e-08 1.32256e-06 2.06537e-05 0.00022334 0.00167236 0.00867177 0.0311444 0.0775323 0.134188 0.163362 0.146063 0.109259 0.0850058 0.0723865 0.0582218 0.042 0.0285872 0.0187399 0.0114848 0.00640394 0.00317889 0.00136366 0.000488664
 3.51956e-11 1.65543e-09 5.39163e-08 1.21595e-06 1.89888e-05 0.000205337 0.00153757 0.00797299 0.0286375 0.0713185 0.123618 0.151365 0.13814 0.109259 0.092273 0.0827131 0.0673225 0.0481527 0.0322103 0.0207153 0.0124621 0.00682699 0.00333604 0.00141249 0.000500671
 3.36371e-11 1.58213e-09 5.15288e-08 1.1621e-06 1.81479e-05 0.000196245 0.00146948 0.00761998 0.02737 0.068166 0.118182 0.144845 0.132644 0.105956 0.0911137 0.0837276 0.0709074 0.0538741 0.0383462 0.0255414 0.0154328 0.00834404 0.0040012 0.00166307 0.000580123
 3.43703e-11 1.61661e-09 5.26521e-08 1.18744e-06 1.85435e-05 0.000200522 0.00150151 0.00778597 0.027965 0.0696364 0.120652 0.1475 0.133883 0.104496 0.0871044 0.078855 0.0671806 0.0523069 0.03882 0.0272856 0.0174355 0.00984967 0.00482434 0.00200553 0.00069151
 3.489e-11 1.64106e-09 5.34482e-08 1.20539e-06 1.88239e-05 0.000203554 0.00152421 0.00790368 0.0283877 0.0706875 0.122464 0.149671 0.135703 0.105555 0.0873681 0.0782253 0.0654607 0.0497436 0.0362956 0.025672 0.0169249 0.0100202 0.0051549 0.00222889 0.000786607
#obs surv len freq
 2.43689e-11 1.1462e-09 3.73308e-08 8.41905e-07 1.31476e-05 0.000142173 0.0010646 0.0055206 0.0198313 0.0494101 0.0857981 0.10579 0.0989511 0.0835592 0.0780434 0.0778573 0.0734893 0.0662719 0.0595544 0.0529149 0.0456913 0.0377758 0.0288089 0.0191168 0.0103943
 7.82341e-16 3.68713e-14 1.21042e-12 2.81526e-11 4.92655e-10 7.60432e-09 1.24661e-07 2.04112e-06 2.72215e-05 0.000264199 0.00180013 0.00853484 0.0281589 0.0650344 0.106907 0.130253 0.127858 0.114039 0.100612 0.0881961 0.0752116 0.0611753 0.04581 0.0299584 0.0161566
 1.26521e-11 5.95096e-10 1.93819e-08 4.3711e-07 6.82609e-06 7.38142e-05 0.000552705 0.00286572 0.0102887 0.0255785 0.0440364 0.0525401 0.0437774 0.0274758 0.02113 0.0359257 0.0700114 0.106481 0.125181 0.121516 0.105065 0.0843235 0.06203 0.0399012 0.0212379
 5.11954e-11 2.40799e-09 7.84265e-08 1.76872e-06 2.7621e-05 0.000298681 0.00223646 0.0115959 0.0416337 0.103517 0.17829 0.212949 0.177157 0.10441 0.0463408 0.0184976 0.00922775 0.0080473 0.01116 0.015529 0.0177164 0.016384 0.0126018 0.00811044 0.0042676
 3.28088e-11 1.54317e-09 5.02599e-08 1.13349e-06 1.77011e-05 0.000191413 0.00143332 0.00743282 0.0267029 0.0665549 0.115732 0.14345 0.136427 0.118937 0.111658 0.101474 0.0738693 0.0401414 0.0174539 0.00866093 0.00742331 0.00779287 0.00700202 0.0049435 0.00270008
 3.85939e-11 1.81527e-09 5.91221e-08 1.33335e-06 2.08222e-05 0.000225163 0.001686 0.00874237 0.0313964 0.078142 0.135126 0.163958 0.144873 0.104962 0.0784374 0.0675488 0.0592057 0.048103 0.0345754 0.0207256 0.0103711 0.00517346 0.00323745 0.0022127 0.00127687
 2.64965e-11 1.24627e-09 4.05901e-08 9.1541e-07 1.42955e-05 0.000154586 0.00115757 0.00600304 0.0215693 0.0537885 0.0937301 0.117111 0.114381 0.106017 0.107624 0.106246 0.089236 0.0653123 0.0460254 0.0319429 0.0202144 0.0109409 0.00515577 0.0023253 0.00104971
 4.23411e-11 1.99152e-09 6.48626e-08 1.46282e-06 2.28439e-05 0.000247024 0.00184969 0.00959085 0.0344397 0.0856788 0.147901 0.17824 0.153545 0.102749 0.0659137 0.0504496 0.0440564 0.0387035 0.0319258 0.0235446 0.0153053 0.00880753 0.00442472 0.00190152 0.000701683
 3.55196e-11 1.67067e-09 5.44126e-08 1.22714e-06 1.91636e-05 0.000207228 0.00155172 0.00804643 0.0289019 0.0719814 0.124799 0.15296 0.140047 0.111554 0.0945236 0.0832576 0.0644911 0.0427202 0.0273568 0.018834 0.0131625 0.00834173 0.00449811 0.00201037 0.000734775
 3.86964e-11 1.82009e-09 5.92793e-08 1.3369e-06 2.08776e-05 0.000225761 0.00169049 0.00876568 0.0314808 0.0783596 0.135552 0.16471 0.14627 0.107389 0.0814188 0.0690692 0.0572451 0.043382 0.0304767 0.0197389 0.0117685 0.00664009 0.00352134 0.00164363 0.000630333
 3.80938e-11 1.79175e-09 5.83561e-08 1.31608e-06 2.05524e-05 0.000222246 0.00166417 0.00862928 0.0309922 0.0771558 0.133555 0.162678 0.145726 0.109562 0.0858268 0.0731666 0.0584344 0.0417182 0.0283496 0.0188349 0.0117197 0.00655542 0.00324907 0.0014137 0.000525834
 4.03008e-11 1.89555e-09 6.1737e-08 1.39232e-06 2.17431e-05 0.000235121 0.00176057 0.00912904 0.0327852 0.0816004 0.141118 0.171276 0.151454 0.109725 0.0809796 0.066402 0.0527649 0.0380044 0.0257933 0.0167623 0.0101632 0.00562504 0.00278156 0.00119068 0.000427388
 3.70972e-11 1.74487e-09 5.68293e-08 1.28165e-06 2.00147e-05 0.000216431 0.00162063 0.00840364 0.0301831 0.0751543 0.130177 0.158973 0.143722 0.11081 0.0900801 0.0783915 0.0623392 0.043337 0.0281153 0.0177213 0.0105715 0.00576416 0.00280137 0.00117962 0.000416636
 3.82127e-11 1.79734e-09 5.85382e-08 1.32018e-06 2.06166e-05 0.000222939 0.00166936 0.00865617 0.0310885 0.0773918 0.133939 0.163033 0.145689 0.108842 0.0846455 0.0724161 0.0589625 0.0432546 0.0296461 0.0190731 0.0111921 0.00591382 0.00279276 0.00115031 0.000398935
 3.20126e-11 1.50572e-09 4.90402e-08 1.10598e-06 1.72715e-05 0.000186768 0.00139852 0.00725219 0.0260513 0.064904 0.11268 0.138822 0.129419 0.108031 0.097909 0.0915666 0.0758833 0.0550121 0.0374403 0.0245213 0.0148955 0.00808932 0.00383704 0.00155612 0.000527258
 3.51616e-11 1.65383e-09 5.38642e-08 1.21477e-06 1.89704e-05 0.000205139 0.00153607 0.00796511 0.0286075 0.0712253 0.123332 0.150433 0.135456 0.103507 0.0839072 0.0753676 0.0653616 0.0524048 0.0395337 0.0274955 0.0171092 0.00944017 0.00456616 0.00188417 0.00064255
 3.55396e-11 1.67161e-09 5.44433e-08 1.22783e-06 1.91744e-05 0.000207344 0.00155259 0.00805081 0.0289159 0.071999 0.124712 0.152305 0.137722 0.106319 0.0869077 0.0768506 0.0634651 0.0475669 0.0345613 0.0247072 0.0165067 0.00979109 0.00498217 0.00211985 0.00073721
 3.38335e-11 1.59137e-09 5.18297e-08 1.16889e-06 1.82539e-05 0.000197391 0.00147806 0.00766446 0.0275297 0.0685621 0.118859 0.145626 0.133196 0.106022 0.0905908 0.0825415 0.0690521 0.0517495 0.0368325 0.0253573 0.0164738 0.0098396 0.00521507 0.00234086 0.000853602
 3.42257e-11 1.60981e-09 5.24306e-08 1.18244e-06 1.84655e-05 0.000199679 0.00149519 0.00775323 0.0278477 0.0693459 0.120161 0.146958 0.133578 0.10464 0.0876469 0.0794794 0.0675163 0.0521816 0.0383467 0.0267989 0.0172899 0.0101348 0.00530696 0.00240069 0.000899293
 3.63359e-11 1.70907e-09 5.56632e-08 1.25535e-06 1.9604e-05 0.00021199 0.00158737 0.00823111 0.0295625 0.0736 0.127423 0.155322 0.139515 0.105779 0.0843127 0.0737521 0.0614226 0.0468532 0.0343503 0.0243325 0.0160428 0.00955436 0.00501865 0.00226067 0.000845926
 3.54235e-11 1.66615e-09 5.42654e-08 1.22382e-06 1.91118e-05 0.000206667 0.00154752 0.00802454 0.0288219 0.0717686 0.124338 0.151964 0.137787 0.107145 0.0884825 0.0786344 0.0647025 0.0477487 0.033642 0.0231668 0.0151206 0.00904977 0.00481237 0.00219208 0.000825288
 3.59127e-11 1.68916e-09 5.50148e-08 1.24072e-06 1.93757e-05 0.000209521 0.00156889 0.0081353 0.0292191 0.0727517 0.126 0.153804 0.138844 0.106723 0.0867902 0.0767525 0.0637211 0.0478033 0.0339891 0.0231382 0.0146907 0.00855297 0.00447912 0.00203636 0.000770955
 3.64718e-11 1.71546e-09 5.58713e-08 1.26004e-06 1.96773e-05 0.000212783 0.00159331 0.00826192 0.0296735 0.0738796 0.127929 0.156043 0.140493 0.107192 0.0861447 0.0754285 0.0621391 0.0462907 0.0328312 0.0224391 0.0142944 0.00826766 0.00425667 0.00189879 0.000709615
 3.82959e-11 1.80125e-09 5.86656e-08 1.32306e-06 2.06615e-05 0.000223424 0.00167299 0.008675 0.0311558 0.077557 0.134208 0.163279 0.145647 0.108242 0.0834289 0.0708264 0.0574142 0.0422115 0.0295315 0.0199641 0.0126399 0.00729132 0.00374167 0.00165623 0.000611605
 3.6959e-11 1.73837e-09 5.66177e-08 1.27687e-06 1.99402e-05 0.000215625 0.00161459 0.0083723 0.0300702 0.0748695 0.129659 0.158224 0.142677 0.10927 0.0880987 0.0766805 0.0618227 0.0442484 0.0298727 0.0195963 0.0121519 0.00691104 0.00351303 0.00154466 0.000566784
 3.27812e-11 1.54187e-09 5.02177e-08 1.13254e-06 1.76862e-05 0.000191252 0.0014321 0.0074262 0.0266752 0.0664471 0.115282 0.141664 0.13092 0.106996 0.0946222 0.0878052 0.0735149 0.0544406 0.0377426 0.0248346 0.0150942 0.00833643 0.0041285 0.00178208 0.000645987
 3.40207e-11 1.60017e-09 5.21165e-08 1.17536e-06 1.83549e-05 0.000198483 0.00148624 0.00770677 0.0276807 0.0689278 0.119423 0.145994 0.132511 0.103456 0.0864479 0.0788551 0.0681881 0.0541338 0.0406665 0.0284863 0.0179738 0.0100622 0.00494683 0.00209376 0.000742576
 3.4817e-11 1.63762e-09 5.33363e-08 1.20287e-06 1.87845e-05 0.000203128 0.00152102 0.00788714 0.0283283 0.0705382 0.122198 0.149313 0.135273 0.105003 0.0866715 0.0775351 0.0650522 0.0498332 0.0369152 0.0266093 0.0178168 0.01062 0.00546188 0.00236088 0.000838249
 3.40081e-11 1.59958e-09 5.20972e-08 1.17492e-06 1.83481e-05 0.000198409 0.00148569 0.00770399 0.0276714 0.0689117 0.119443 0.14624 0.133433 0.10554 0.0894188 0.0811302 0.0679598 0.0512843 0.0369972 0.0259465 0.0171779 0.010411 0.00557301 0.00252389 0.00093068
#pred catch len freq
 2.20328e-11 1.03632e-09 3.37522e-08 7.61196e-07 1.18872e-05 0.000128544 0.000962549 0.00499154 0.0179326 0.0446976 0.0777388 0.0964348 0.0920579 0.0815303 0.0803603 0.0822028 0.0776675 0.0691483 0.0608382 0.0529448 0.0456417 0.0394396 0.0333388 0.0255948 0.0163358
 1.0389e-11 4.88647e-10 1.59149e-08 3.58922e-07 5.60512e-06 6.0613e-05 0.000453913 0.00235464 0.0084701 0.0212189 0.0376344 0.0501172 0.0587404 0.0738588 0.0961111 0.109679 0.106139 0.0942596 0.0822728 0.0706269 0.0589738 0.0480401 0.0376537 0.0269656 0.0163638
 7.95899e-12 3.74353e-10 1.21924e-08 2.7497e-07 4.29407e-06 4.64351e-05 0.000347726 0.00180353 0.00648379 0.016205 0.0284852 0.0367681 0.0397923 0.0455039 0.0593379 0.0776953 0.0960863 0.110533 0.114181 0.104712 0.087733 0.0691754 0.0512126 0.0343016 0.0195918
 3.10966e-11 1.46264e-09 4.76371e-08 1.07433e-06 1.67773e-05 0.000181422 0.00135846 0.00704375 0.0252925 0.0629155 0.108557 0.130596 0.111773 0.0733166 0.0455957 0.0360795 0.0377739 0.0455735 0.055855 0.0630563 0.0623453 0.0533807 0.0397687 0.0256355 0.0138836
 4.2797e-11 2.01296e-09 6.5561e-08 1.47856e-06 2.30899e-05 0.000249684 0.00186961 0.00969422 0.0348118 0.0866158 0.149593 0.180621 0.156652 0.106794 0.0697551 0.0501526 0.0355127 0.0231033 0.0165805 0.0157897 0.0170235 0.0168083 0.0139142 0.00937771 0.00505688
 3.35976e-11 1.58027e-09 5.14685e-08 1.16074e-06 1.81267e-05 0.000196015 0.00146777 0.00761127 0.0273411 0.0681173 0.118257 0.145679 0.13574 0.112993 0.101344 0.0921747 0.071609 0.0456696 0.0258521 0.0147253 0.00969192 0.00776651 0.00646868 0.00464716 0.00262955
 3.05035e-11 1.43474e-09 4.67285e-08 1.05384e-06 1.64573e-05 0.000177963 0.0013326 0.00691034 0.0248234 0.0618471 0.107387 0.132372 0.123663 0.103936 0.0957366 0.0923702 0.080903 0.0630443 0.0446643 0.0281247 0.015542 0.00815386 0.00463103 0.00281234 0.00154979
 3.19096e-11 1.50087e-09 4.88825e-08 1.10242e-06 1.72159e-05 0.000186166 0.00139402 0.00722866 0.0259647 0.0646685 0.112135 0.137516 0.126208 0.10147 0.0883791 0.0828898 0.0728663 0.0590157 0.0456137 0.0328542 0.0209371 0.0115203 0.00556871 0.00249561 0.00106949
 3.50876e-11 1.65036e-09 5.3751e-08 1.21222e-06 1.89305e-05 0.000204707 0.00153284 0.0079484 0.0285476 0.0710793 0.123099 0.150239 0.135558 0.104086 0.084651 0.0752985 0.0636211 0.0495566 0.0374696 0.0275385 0.0187772 0.0113585 0.00589053 0.00257296 0.000950616
 3.38105e-11 1.59029e-09 5.17946e-08 1.1681e-06 1.82415e-05 0.000197257 0.00147706 0.00765928 0.0275112 0.0685184 0.118798 0.145619 0.133401 0.106589 0.0914025 0.0830717 0.068754 0.0507074 0.0357578 0.0248454 0.016534 0.010149 0.00551088 0.00253049 0.000948958
 3.58083e-11 1.68425e-09 5.4855e-08 1.23712e-06 1.93194e-05 0.000208912 0.00156433 0.00811166 0.0291341 0.072541 0.12564 0.153383 0.13853 0.106625 0.0869092 0.0770363 0.0641075 0.0481867 0.0342286 0.0231833 0.0146433 0.00853831 0.0045204 0.00208723 0.000800578
 3.62556e-11 1.70529e-09 5.55402e-08 1.25257e-06 1.95607e-05 0.000211522 0.00158387 0.00821301 0.0294983 0.0734493 0.127224 0.155366 0.140468 0.108372 0.0884087 0.0777671 0.0633749 0.0460814 0.031731 0.0211667 0.0132518 0.00756796 0.00386853 0.00172588 0.000649233
 3.59975e-11 1.69315e-09 5.51448e-08 1.24365e-06 1.94214e-05 0.000210016 0.00157259 0.00815456 0.0292887 0.0729301 0.126343 0.154378 0.13986 0.108507 0.0892783 0.0790436 0.064656 0.0470351 0.0321286 0.0210079 0.0128019 0.00712016 0.00355244 0.00154497 0.00056572
 3.52166e-11 1.65642e-09 5.39486e-08 1.21667e-06 1.90001e-05 0.00020546 0.00153848 0.00797774 0.0286542 0.0713572 0.123664 0.151325 0.1378 0.108386 0.0909435 0.0815193 0.0669696 0.048782 0.0333266 0.0217355 0.013128 0.00717279 0.00349044 0.00147661 0.000526273
 3.32054e-11 1.56182e-09 5.08675e-08 1.14719e-06 1.7915e-05 0.000193726 0.00145063 0.00752227 0.0270199 0.0673025 0.116743 0.143352 0.132134 0.107272 0.0940316 0.0867602 0.0724148 0.0535067 0.0370615 0.0243842 0.0147616 0.0080344 0.0038685 0.00160824 0.000560447
 3.15719e-11 1.48499e-09 4.83653e-08 1.09076e-06 1.70338e-05 0.000184197 0.00137927 0.0071523 0.0256918 0.0640023 0.111072 0.136645 0.126782 0.104698 0.0940542 0.0887196 0.0759723 0.0582467 0.0420417 0.0285754 0.0176745 0.00974504 0.00471558 0.0019547 0.000674501
 3.28689e-11 1.54599e-09 5.0352e-08 1.13556e-06 1.77335e-05 0.000191763 0.00143592 0.00744596 0.026745 0.0666105 0.115492 0.141579 0.129755 0.103885 0.0897172 0.0829864 0.0711713 0.055446 0.0411148 0.0289227 0.0185836 0.0106199 0.00528104 0.00222539 0.000773037
 3.25655e-11 1.53173e-09 4.98873e-08 1.12508e-06 1.75698e-05 0.000189993 0.00142267 0.00737729 0.026499 0.0660035 0.114479 0.140523 0.129375 0.104755 0.0916481 0.0848924 0.0718746 0.0547606 0.0398902 0.028081 0.0184124 0.0108727 0.00560895 0.00244417 0.000871418
 3.28081e-11 1.54314e-09 5.02589e-08 1.13346e-06 1.77007e-05 0.000191408 0.00143327 0.00743223 0.026696 0.066492 0.115311 0.14147 0.130012 0.104799 0.0911933 0.0843295 0.0715417 0.0546187 0.0396301 0.027568 0.0178558 0.0105286 0.00550938 0.00246387 0.000905234
 3.37061e-11 1.58538e-09 5.16346e-08 1.16449e-06 1.81852e-05 0.000196648 0.0014725 0.0076356 0.0274258 0.0683022 0.118399 0.145022 0.132515 0.105236 0.0897304 0.081932 0.0691458 0.052659 0.0381666 0.0265277 0.0171277 0.010039 0.00522965 0.00234537 0.000872304
 3.41127e-11 1.6045e-09 5.22574e-08 1.17853e-06 1.84045e-05 0.000199019 0.00149026 0.00772769 0.0277565 0.0691254 0.119823 0.146747 0.134031 0.106287 0.0903329 0.0820004 0.0684592 0.0512503 0.0364655 0.0250235 0.0160486 0.00936838 0.00486234 0.00217407 0.000808403
 3.42327e-11 1.61014e-09 5.24414e-08 1.18268e-06 1.84693e-05 0.00019972 0.0014955 0.00775488 0.0278542 0.0693683 0.120242 0.147254 0.134469 0.106584 0.0905289 0.0821455 0.0685384 0.0511815 0.0361617 0.0245023 0.0154639 0.00889251 0.0045656 0.00202779 0.000751115
 3.50297e-11 1.64763e-09 5.36623e-08 1.21022e-06 1.88993e-05 0.00020437 0.00153032 0.00793537 0.0285018 0.0709751 0.122985 0.150413 0.136713 0.107026 0.0893226 0.0801358 0.0665268 0.0495133 0.0348566 0.0235031 0.0147159 0.00836061 0.00423023 0.00185293 0.000678964
 3.58483e-11 1.68613e-09 5.49162e-08 1.2385e-06 1.93409e-05 0.000209145 0.00156607 0.00812075 0.0291671 0.0726263 0.125809 0.153692 0.139129 0.107728 0.0884423 0.0783718 0.0645001 0.0475437 0.0331297 0.022162 0.013793 0.00778456 0.00390325 0.0016901 0.000611581
 3.64173e-11 1.7129e-09 5.5788e-08 1.25816e-06 1.96479e-05 0.000212465 0.00159093 0.00824963 0.0296297 0.0737754 0.12778 0.156009 0.140932 0.10849 0.0882472 0.077554 0.0632941 0.0460941 0.0316384 0.0208624 0.0128254 0.00716218 0.00355787 0.00152676 0.0005472
 3.31314e-11 1.55834e-09 5.07542e-08 1.14463e-06 1.78751e-05 0.000193295 0.0014474 0.00750555 0.0269603 0.0671587 0.116524 0.143229 0.13248 0.108458 0.0959386 0.0885116 0.0729814 0.0526796 0.0355439 0.0230026 0.0138847 0.00761865 0.00372584 0.00157813 0.000559484
 3.1392e-11 1.47653e-09 4.80896e-08 1.08454e-06 1.69367e-05 0.000183147 0.00137141 0.00711156 0.0255456 0.0636401 0.110457 0.135952 0.126342 0.104762 0.0946321 0.0896312 0.0769752 0.0590662 0.0423999 0.0284001 0.0172109 0.00931957 0.0044726 0.00185977 0.000648863
 3.22256e-11 1.51574e-09 4.93667e-08 1.11334e-06 1.73864e-05 0.00018801 0.00140782 0.00730029 0.0262222 0.0653123 0.113268 0.138982 0.127791 0.103191 0.0902065 0.084218 0.0727941 0.0572476 0.0428393 0.0302684 0.0193926 0.0109694 0.00537632 0.00223574 0.000771016
 3.27144e-11 1.53873e-09 5.01154e-08 1.13023e-06 1.76501e-05 0.000190862 0.00142918 0.007411 0.0266197 0.0663014 0.114976 0.141043 0.129565 0.104324 0.0906424 0.0837522 0.0711163 0.0545927 0.0401841 0.0285856 0.0188999 0.0112044 0.00576773 0.00249462 0.000880511
#obs catch len freq
 2.07649e-11 9.7668e-10 3.18098e-08 7.17393e-07 1.12031e-05 0.000121147 0.000907162 0.00470436 0.0169017 0.0421354 0.0733334 0.0912098 0.0878377 0.0793647 0.0800465 0.0831851 0.0797501 0.0724071 0.0653624 0.0586506 0.051674 0.0437261 0.0338514 0.0225646 0.0122546
 2.20585e-11 1.03752e-09 3.37915e-08 7.62083e-07 1.1901e-05 0.000128694 0.00096367 0.00499734 0.0179534 0.0447484 0.0778207 0.0965066 0.0920346 0.0813432 0.0800759 0.0821137 0.0782304 0.0707905 0.0637224 0.0566631 0.0489433 0.0404694 0.0308645 0.0204812 0.0111363
 6.67242e-16 3.14574e-14 1.03405e-12 2.41723e-11 4.30317e-10 6.92248e-09 1.19326e-07 2.00871e-06 2.70375e-05 0.000263074 0.00179363 0.00850555 0.0280645 0.0648237 0.106589 0.129941 0.127702 0.114084 0.100793 0.0884215 0.0754275 0.0613581 0.0459489 0.0300497 0.0162059
 1.1155e-11 5.2468e-10 1.70885e-08 3.85388e-07 6.01838e-06 6.50799e-05 0.000487305 0.00252662 0.00907125 0.0225519 0.0388263 0.0463312 0.0386658 0.0246341 0.0203394 0.0366907 0.0722168 0.109947 0.129275 0.125502 0.108523 0.0871041 0.0640778 0.0412191 0.0219395
 5.01864e-11 2.36053e-09 7.68808e-08 1.73386e-06 2.70766e-05 0.000292794 0.00219238 0.0113674 0.0408134 0.101479 0.174795 0.20884 0.173956 0.103013 0.046476 0.0193319 0.0101808 0.00914106 0.0127539 0.0177604 0.0202642 0.0187406 0.0144145 0.00927712 0.00488151
 3.06771e-11 1.4429e-09 4.69943e-08 1.05984e-06 1.6551e-05 0.000178977 0.0013402 0.00695011 0.0249713 0.0622641 0.108442 0.135216 0.131127 0.119307 0.117167 0.108871 0.0798167 0.0434662 0.0189255 0.00941294 0.00808287 0.00848898 0.00762793 0.00538544 0.00294146
 3.66407e-11 1.7234e-09 5.613e-08 1.26587e-06 1.97684e-05 0.000213768 0.00160068 0.00830005 0.0298092 0.0742048 0.128407 0.156228 0.139417 0.103994 0.0816461 0.0729427 0.0648309 0.0528983 0.0380823 0.0228439 0.0114351 0.00570561 0.00357106 0.00244086 0.00140855
 2.44421e-11 1.14964e-09 3.7443e-08 8.44434e-07 1.31871e-05 0.000142601 0.00106783 0.00553782 0.0199001 0.0496492 0.0866759 0.109041 0.108835 0.105408 0.11153 0.112192 0.094808 0.0695654 0.0491059 0.0341163 0.0215997 0.0116927 0.00551045 0.00248535 0.00112199
 4.06733e-11 1.91308e-09 6.23076e-08 1.40519e-06 2.19441e-05 0.000237294 0.00177683 0.00921315 0.0330842 0.0823151 0.142152 0.171585 0.148706 0.101512 0.068009 0.0543629 0.0483961 0.0427515 0.0353228 0.0260657 0.0169486 0.00975436 0.00490069 0.00210612 0.000777195
 3.37007e-11 1.58512e-09 5.16262e-08 1.1643e-06 1.81823e-05 0.000196616 0.00147227 0.00763455 0.0274242 0.0683178 0.118562 0.145856 0.135269 0.111304 0.0983958 0.0888518 0.0694258 0.0461285 0.0295923 0.0203973 0.0142625 0.00904035 0.00487506 0.00217888 0.000796369
 3.70229e-11 1.74138e-09 5.67156e-08 1.27908e-06 1.99747e-05 0.000215998 0.00161738 0.0083867 0.030121 0.0749871 0.129802 0.158117 0.141693 0.10677 0.0844467 0.0738502 0.0619173 0.047095 0.0331352 0.0214768 0.0128092 0.00722842 0.0038336 0.00178943 0.000686254
 3.64208e-11 1.71306e-09 5.57933e-08 1.25828e-06 1.96499e-05 0.000212486 0.00159109 0.00825044 0.029633 0.0737854 0.127812 0.156117 0.141243 0.109143 0.0891304 0.0781428 0.0630606 0.0451763 0.0307492 0.0204473 0.012728 0.00712052 0.00352936 0.00153569 0.000571214
 3.88134e-11 1.82559e-09 5.94584e-08 1.34094e-06 2.09407e-05 0.000226444 0.0016956 0.00879222 0.0315767 0.0786036 0.136011 0.165439 0.147457 0.109328 0.0838887 0.0708216 0.0569192 0.0411456 0.0279676 0.0181893 0.0110323 0.00610693 0.00302001 0.00129278 0.000464039
 3.55668e-11 1.67289e-09 5.44849e-08 1.22877e-06 1.9189e-05 0.000207503 0.00155378 0.00805708 0.0289397 0.0720715 0.124927 0.152986 0.139671 0.110538 0.0932717 0.0831115 0.0666571 0.0464685 0.0301876 0.0190424 0.0113637 0.006197 0.00301188 0.00126829 0.000447954
 3.66313e-11 1.72296e-09 5.61156e-08 1.26555e-06 1.97634e-05 0.000213713 0.00160028 0.00829807 0.0298036 0.0742056 0.128509 0.156822 0.141424 0.108388 0.0876957 0.0770918 0.0634069 0.046667 0.0320304 0.0206223 0.0121052 0.00639724 0.00302123 0.00124444 0.000431583
 3.03147e-11 1.42586e-09 4.64393e-08 1.04732e-06 1.63555e-05 0.000176862 0.00132436 0.00686771 0.0246718 0.0614833 0.106851 0.13216 0.124861 0.107589 0.101242 0.0966159 0.0806141 0.0585814 0.0399211 0.0261659 0.0159001 0.00863602 0.00409657 0.00166141 0.000562935
 3.35223e-11 1.57673e-09 5.1353e-08 1.15814e-06 1.8086e-05 0.000195575 0.00146446 0.00759388 0.0272754 0.0679209 0.117694 0.143949 0.130886 0.102706 0.0865785 0.079765 0.0698077 0.0561324 0.042397 0.0295038 0.0183635 0.0101332 0.00490161 0.00202262 0.00068977
 3.38703e-11 1.5931e-09 5.18862e-08 1.17016e-06 1.82738e-05 0.000197606 0.00147967 0.00767279 0.0275595 0.0686351 0.118977 0.14573 0.133159 0.105699 0.089897 0.0815129 0.0679245 0.0510628 0.037154 0.0265803 0.0177636 0.0105377 0.00536232 0.00228163 0.000793476
 3.21352e-11 1.51148e-09 4.92281e-08 1.11022e-06 1.73377e-05 0.000187483 0.00140388 0.00727987 0.0261498 0.0651397 0.113024 0.138939 0.128561 0.10541 0.093668 0.0873433 0.0736604 0.055354 0.0394505 0.0271792 0.0176631 0.0105512 0.00559249 0.00251031 0.000915396
 3.25377e-11 1.53042e-09 4.98447e-08 1.12412e-06 1.75548e-05 0.000189831 0.00142146 0.00737098 0.0264761 0.0659439 0.114359 0.140297 0.128923 0.103924 0.0905484 0.0841147 0.072064 0.0558538 0.0410985 0.028741 0.0185482 0.0108736 0.00569407 0.00257585 0.000964911
 3.46588e-11 1.63019e-09 5.30941e-08 1.19741e-06 1.86992e-05 0.000202206 0.00151411 0.00785133 0.0281998 0.0702201 0.121659 0.148708 0.134903 0.105094 0.0872289 0.0783721 0.0659113 0.0504387 0.0370319 0.0262508 0.0173128 0.0103119 0.00541682 0.00244006 0.000913059
 3.37974e-11 1.58967e-09 5.17744e-08 1.16764e-06 1.82344e-05 0.00019718 0.00147649 0.0076563 0.0275006 0.0684919 0.118752 0.145568 0.13337 0.106605 0.0914946 0.0832833 0.0691151 0.0511501 0.0360872 0.0248685 0.0162365 0.00971874 0.00516832 0.00235425 0.000886346
 3.4251e-11 1.611e-09 5.24693e-08 1.18332e-06 1.84792e-05 0.000199827 0.0014963 0.007759 0.0278689 0.0694032 0.120291 0.147261 0.13431 0.106127 0.0898101 0.0814681 0.0682575 0.0513611 0.0365692 0.0249125 0.0158223 0.00921293 0.00482496 0.00219363 0.000830502
 3.48562e-11 1.63947e-09 5.33963e-08 1.20422e-06 1.88057e-05 0.000203357 0.00152274 0.00789605 0.0283608 0.0706239 0.122379 0.149686 0.136096 0.106636 0.0891126 0.0800365 0.0665465 0.0497243 0.0353149 0.0241539 0.0153916 0.0089033 0.00458413 0.00204489 0.000764221
 3.6738e-11 1.72798e-09 5.62791e-08 1.26924e-06 1.9821e-05 0.000214336 0.00160494 0.00832222 0.02989 0.074418 0.128857 0.157155 0.141425 0.107746 0.0863503 0.0753256 0.0616866 0.0455024 0.0318796 0.0215673 0.0136594 0.00788038 0.00404414 0.00179015 0.00066106
 3.53108e-11 1.66085e-09 5.40927e-08 1.21993e-06 1.90509e-05 0.000206009 0.0015426 0.00799906 0.028731 0.0715488 0.124001 0.151759 0.138259 0.108855 0.0913524 0.081591 0.0663996 0.0476718 0.0322314 0.021161 0.0131272 0.00746681 0.00379574 0.001669 0.000612412
 3.10019e-11 1.45818e-09 4.7492e-08 1.07106e-06 1.67262e-05 0.000180871 0.00135437 0.00702327 0.0252295 0.062862 0.109171 0.13467 0.126104 0.106445 0.0979898 0.0929927 0.078457 0.0582552 0.0404427 0.0266319 0.0161924 0.00894427 0.00442979 0.00191217 0.000693152
 3.23263e-11 1.52047e-09 4.95207e-08 1.11682e-06 1.74407e-05 0.000188597 0.00141222 0.00732305 0.0263038 0.0655125 0.113596 0.139296 0.127802 0.102658 0.0892496 0.0834235 0.0727621 0.0579284 0.0435715 0.0305398 0.0192746 0.0107916 0.00530565 0.00224567 0.000796459
 3.31836e-11 1.5608e-09 5.08342e-08 1.14644e-06 1.79033e-05 0.000193599 0.00144967 0.00751725 0.027001 0.0672464 0.116584 0.142869 0.130775 0.104321 0.0894862 0.082001 0.0693909 0.0533082 0.0395409 0.0285206 0.0191018 0.0113871 0.0058566 0.00253152 0.000898841
#spawning biomass
 24891.5 23301.4 18245.2 13123.9 13895.2 24563.4 36148.2 44524.1 59960.9 83386.4 93073.4 108839 143326 163475 172971 185513 167369 170567 157031 153756 147163 150602 148629 165122 195665 202661 200908 200353 189383 187943 212352 137952 82843.2 51557.3 35685.2 28144.9 24707.7 23182.5 22517.8 22231.6 22109.4 22057.6 22035.6 22026.4 22022.5 22020.8 22020.2 22019.9 22019.8 22019.7 22019.7 22019.7 22019.7 22019.7 22019.7 22019.7 22019.7 22019.7 22019.7 22019.7 22019.7 22019.7 22019.7 22019.7 22019.7 22019.7 22019.7 22019.7 22019.7 22019.7 22019.7 22019.7 22019.7 22019.7 22019.7 22019.7 22019.7 22019.7 22019.7 22019.7 22019.7 22019.7 22019.7 22019.7 22019.7 22019.7 22019.7 22019.7 22019.7 22019.7 22019.7 22019.7 22019.7 22019.7 22019.7 22019.7 22019.7 22019.7 22019.7 22019.7 22019.7 22019.7 22019.7 22019.7 22019.7 22019.7 22019.7 22019.7 22019.7 22019.7 22019.7 22019.7 22019.7 22019.7 22019.7 22019.7 22019.7 22019.7 22019.7 22019.7 22019.7 22019.7 22019.7 22019.7 22019.7 22019.7 22019.7 22019.7 22019.7 0 0 0 0 0 0 0 0 0 0 0 0 0 0 0 0 0 0 0 0 0 0 0 0 0
