SBPRF35
0.407163
Curr Bio
33724.7
B35
111524
F35
0.340413
FOFL
0.126843
OFL
6830.31
Bzero
116332
#pred survey bio
 6704.07 6010.67 6781.39 8743.51 11071.4 13223.6 13065.8 12735.9 19454 30966.4 31852.4 36286.4 59633.6 69421.8 60930.8 51595.5 49043.9 51123.3 49739.6 52723.2 52255 55713.3 62547.8 63155.9 70545.9 75892.7 69048.2 78171.9 3.33703e+06 2.68572e+06 2.6589e+06 2.2878e+06 1.92002e+06 1.64924e+06 1.47101e+06 1.35988e+06 1.29242e+06 1.25191e+06 1.22755e+06 1.21277e+06 1.20366e+06 1.19791e+06 1.19419e+06 1.19172e+06 1.19004e+06 1.18888e+06 1.18806e+06 1.18747e+06 1.18704e+06 1.18672e+06 1.18649e+06 1.18631e+06 1.18618e+06 1.18608e+06 1.186e+06 1.18594e+06 1.1859e+06 1.18587e+06 1.18584e+06 1.18582e+06 1.18581e+06 1.1858e+06 1.18579e+06 1.18578e+06 1.18578e+06 1.18577e+06 1.18577e+06 1.18577e+06 1.18577e+06 1.18576e+06 1.18576e+06 1.18576e+06 1.18576e+06 1.18576e+06 1.18576e+06 1.18576e+06 1.18576e+06 1.18576e+06 1.18576e+06 1.18576e+06 1.18576e+06 1.18576e+06 1.18576e+06 1.18576e+06 1.18576e+06 1.18576e+06 1.18576e+06 1.18576e+06 1.18576e+06 1.18576e+06 1.18576e+06 1.18576e+06 1.18576e+06 1.18576e+06 1.18576e+06 1.18576e+06 1.18576e+06 1.18576e+06 1.18576e+06 1.18576e+06 1.18576e+06 1.18576e+06 1.18576e+06 1.18576e+06 1.18576e+06 1.18576e+06 1.18576e+06 1.18576e+06 1.18576e+06 1.18576e+06 1.18576e+06 1.18576e+06 1.18576e+06 1.18576e+06 1.18576e+06 1.18576e+06 1.18576e+06 1.18576e+06 1.18576e+06 1.18576e+06 1.18576e+06 1.18576e+06 1.18576e+06 1.18576e+06 1.18576e+06 1.18576e+06 1.18576e+06 1.18576e+06 0 0 0 0 0 0 0 0 0 0 0 0 0 0 0 0 0 0 0 0 0 0 0 0 0
#obs survey bio
 5857.43 5457.6 7994.88 8903.41 13341.1 14660.5 10615.6 19845.5 19319.8 32106.4 39524.4 50150.6 68797.2 52669.4 59638.9 43472.6 53693.3 71068.1 47110.1 66934.4 62214.8 61249.9 69532.1 109168 87903.5 81464.3 74747.1 92486.6
#pred catch bio
 4265.93 3630.58 3733.32 5050.6 6340.41 8081.91 8721.17 7735.37 8612.21 19423 22847.3 18476.2 36334.5 48021.7 43563.3 36688 31920.2 35047.3 31759.8 36028.2 35514 34948.7 43569 40857 43509 53445.5 43792.2 42504.8 6830.31 27979.2 29608.8 25008.8 20317 16954.1 14806.6 13513.3 12761.4 12334.2 12095 11962.5 11889.7 11849.8 11828 11816.1 11809.6 11806.2 11804.3 11803.2 11802.7 11802.4 11802.2 11802.1 11802.1 11802.1 11802.1 11802 11802 11802 11802 11802 11802 11802 11802 11802 11802 11802 11802 11802 11802 11802 11802 11802 11802 11802 11802 11802 11802 11802 11802 11802 11802 11802 11802 11802 11802 11802 11802 11802 11802 11802 11802 11802 11802 11802 11802 11802 11802 11802 11802 11802 11802 11802 11802 11802 11802 11802 11802 11802 11802 11802 11802 11802 11802 11802 11802 11802 11802 11802 11802 11802 11802 11802 11802 11802 11802 11802 11802 11802 0 0 0 0 0 0 0 0 0 0 0 0 0 0 0 0 0 0 0 0 0 0 0 0 0
#obs catch bio
 3465.39 3649.56 3711.33 5002.89 6283.42 7946.88 8935.93 7749.89 8286.1 18855.6 23313.5 17979.4 35494.8 48306.4 43683.2 37809.3 31248.7 34432.8 31558.7 34991.9 35816.2 34310.5 43133.9 40609.1 42302.4 53095.9 43789.4 42742.9
#pred cpue bio
 4920.92 4035.36 4395.08 5650.75 7053.29 8745.44 9057.07 8204 11108 20238.2 21362.2 20872 36549.1 45470.2 41138.3 34010.7 31026.8 33580.8 32097.4 34558.5 33526.3 34939.9 40692.8 39684.3 45086.5 50669.7 44742 49769.3 2.24335e+06 2.26636e+06 2.47672e+06 2.14134e+06 1.77307e+06 1.50118e+06 1.32264e+06 1.21143e+06 1.14396e+06 1.10344e+06 1.07909e+06 1.06431e+06 1.0552e+06 1.04945e+06 1.04573e+06 1.04325e+06 1.04158e+06 1.04042e+06 1.0396e+06 1.03901e+06 1.03858e+06 1.03826e+06 1.03802e+06 1.03785e+06 1.03771e+06 1.03761e+06 1.03754e+06 1.03748e+06 1.03744e+06 1.0374e+06 1.03738e+06 1.03736e+06 1.03734e+06 1.03733e+06 1.03732e+06 1.03732e+06 1.03731e+06 1.03731e+06 1.03731e+06 1.0373e+06 1.0373e+06 1.0373e+06 1.0373e+06 1.0373e+06 1.0373e+06 1.0373e+06 1.0373e+06 1.0373e+06 1.0373e+06 1.0373e+06 1.0373e+06 1.0373e+06 1.0373e+06 1.0373e+06 1.0373e+06 1.0373e+06 1.0373e+06 1.0373e+06 1.0373e+06 1.0373e+06 1.0373e+06 1.0373e+06 1.0373e+06 1.0373e+06 1.0373e+06 1.0373e+06 1.0373e+06 1.0373e+06 1.0373e+06 1.0373e+06 1.0373e+06 1.0373e+06 1.0373e+06 1.0373e+06 1.0373e+06 1.0373e+06 1.0373e+06 1.0373e+06 1.0373e+06 1.0373e+06 1.0373e+06 1.0373e+06 1.0373e+06 1.0373e+06 1.0373e+06 1.0373e+06 1.0373e+06 1.0373e+06 1.0373e+06 1.0373e+06 1.0373e+06 1.0373e+06 1.0373e+06 1.0373e+06 1.0373e+06 1.0373e+06 1.0373e+06 1.0373e+06 1.0373e+06 1.0373e+06 0 0 0 0 0 0 0 0 0 0 0 0 0 0 0 0 0 0 0 0 0 0 0 0 0
#obs cpue bio
 4452.44 4262.68 3896.84 7236.97 6128.03 10089.5 5943.05 9184.86 22258.8 19623.9 16311.6 24413.1 36080.3 47256.2 38360.5 28140.1 43585.3 35788.8 31579.7 49928.9 21783 41767.3 47899 23998.6 58823.3 49184.7 37898.7 46111.7
#pred surv len freq
 2.1425e-27 2.16536e-27 5.79433e-27 1.24153e-21 7.38385e-17 1.00961e-12 3.17372e-09 2.29366e-06 0.000381088 0.0145573 0.127843 0.25812 0.120396 0.0283328 0.0952637 0.134039 0.0544401 0.0434449 0.0378946 0.0235748 0.0183164 0.0142735 0.0131743 0.0113353 0.00461096
 2.14234e-27 2.16597e-27 5.90678e-27 1.27974e-21 7.61112e-17 1.04068e-12 3.27141e-09 2.36425e-06 0.000392817 0.0150054 0.131778 0.266065 0.124195 0.0316869 0.113351 0.159318 0.0610725 0.038349 0.030097 0.0123417 0.00672526 0.00391201 0.00279893 0.00208699 0.000822484
 2.14327e-27 2.1685e-27 6.18962e-27 1.37573e-21 8.182e-17 1.11874e-12 3.51678e-09 2.54159e-06 0.000422281 0.0161308 0.141662 0.286021 0.133389 0.0308436 0.102189 0.143653 0.0565998 0.0400047 0.0311836 0.010834 0.0043428 0.00153356 0.000675089 0.000377565 0.000135393
 2.14316e-27 2.16824e-27 6.16148e-27 1.36618e-21 8.12519e-17 1.11097e-12 3.49236e-09 2.52394e-06 0.000419349 0.0160188 0.140678 0.284035 0.132486 0.0312414 0.105216 0.14786 0.0572652 0.0376658 0.029505 0.0112393 0.00466255 0.00127872 0.000307413 9.28332e-05 2.6111e-05
 2.14358e-27 2.16927e-27 6.26815e-27 1.40235e-21 8.34032e-17 1.14039e-12 3.58483e-09 2.59077e-06 0.000430452 0.016443 0.144403 0.291555 0.135957 0.0310857 0.101999 0.143303 0.0553669 0.0360071 0.0279219 0.0100342 0.00405017 0.00116407 0.000235523 3.56847e-05 5.47088e-06
 2.14201e-27 2.16539e-27 5.85861e-27 1.26343e-21 7.5141e-17 1.02742e-12 3.2297e-09 2.33412e-06 0.00038781 0.0148141 0.130098 0.262674 0.122654 0.0324116 0.118798 0.166996 0.0639294 0.039843 0.0306979 0.0109358 0.00430814 0.00118394 0.000234292 2.91096e-05 2.28919e-06
 2.1404e-27 2.16155e-27 5.46497e-27 1.12996e-21 6.72032e-17 9.18884e-13 2.88852e-09 2.08754e-06 0.000346842 0.0132491 0.116355 0.234927 0.10983 0.0325236 0.127845 0.179964 0.0714343 0.0519979 0.0406156 0.0139283 0.00526463 0.00141419 0.000269033 3.15041e-05 1.96038e-06
 2.14373e-27 2.16971e-27 6.32595e-27 1.42201e-21 8.45724e-17 1.15638e-12 3.63509e-09 2.62709e-06 0.000436487 0.0166735 0.146427 0.295642 0.137804 0.0299486 0.0938256 0.131934 0.0534169 0.0418904 0.0333074 0.0122614 0.00490106 0.00127084 0.000230375 2.58691e-05 1.49514e-06
 2.14661e-27 2.17664e-27 7.03717e-27 1.66316e-21 9.89147e-17 1.35248e-12 4.25155e-09 3.0726e-06 0.000510509 0.0195011 0.17126 0.345777 0.160967 0.0295399 0.0762197 0.106777 0.0399099 0.0220443 0.0169448 0.00668402 0.00289068 0.000804446 0.000150495 1.62971e-05 8.96836e-07
 2.14181e-27 2.16483e-27 5.78548e-27 1.23856e-21 7.36617e-17 1.00719e-12 3.16612e-09 2.28817e-06 0.000380175 0.0145224 0.127537 0.257504 0.120315 0.0337745 0.128677 0.180743 0.0663781 0.0330522 0.0244487 0.00828381 0.00320151 0.000958983 0.000198072 2.27038e-05 1.24593e-06
 2.14187e-27 2.16514e-27 5.84169e-27 1.25774e-21 7.48025e-17 1.02279e-12 3.21516e-09 2.3236e-06 0.000386063 0.0147474 0.129512 0.261491 0.122073 0.0314906 0.113533 0.159778 0.0642028 0.0489037 0.0377788 0.0113558 0.00362439 0.000920169 0.000178043 2.19127e-05 1.2885e-06
 2.14647e-27 2.17629e-27 7.00156e-27 1.65109e-21 9.81967e-17 1.34266e-12 4.22068e-09 3.0503e-06 0.000506803 0.0193595 0.170016 0.343267 0.159805 0.0294965 0.0767114 0.10751 0.0407376 0.0241567 0.0185324 0.00668914 0.0025391 0.000571186 8.81656e-05 9.52197e-06 5.62178e-07
 2.14407e-27 2.17034e-27 6.3644e-27 1.43492e-21 8.534e-17 1.16687e-12 3.66808e-09 2.65093e-06 0.000440448 0.0168248 0.147757 0.298326 0.139131 0.0322613 0.107135 0.150301 0.0545805 0.025282 0.0184883 0.00631747 0.00239392 0.000639408 0.000109138 1.01808e-05 5.08556e-07
 2.14203e-27 2.16541e-27 5.85322e-27 1.26157e-21 7.50302e-17 1.0259e-12 3.22494e-09 2.33068e-06 0.000387238 0.0147922 0.129906 0.262287 0.122495 0.0329239 0.122043 0.171525 0.0649838 0.0384324 0.028666 0.00829099 0.00251103 0.000628172 0.000112961 1.18238e-05 5.75461e-07
 2.14108e-27 2.16313e-27 5.62043e-27 1.18264e-21 7.03362e-17 9.61722e-13 3.02318e-09 2.18486e-06 0.000363012 0.0138668 0.121779 0.245879 0.114911 0.0329889 0.127385 0.179169 0.0692096 0.0449189 0.0342774 0.0108281 0.00354234 0.000756246 0.000111172 1.12851e-05 5.87754e-07
 2.14233e-27 2.16621e-27 5.94833e-27 1.29388e-21 7.6952e-17 1.05218e-12 3.30755e-09 2.39037e-06 0.000397157 0.0151711 0.133234 0.269005 0.125556 0.0317557 0.112886 0.158741 0.0620943 0.0425825 0.0328873 0.0108611 0.00381132 0.000875792 0.000128156 1.10532e-05 5.14816e-07
 2.14345e-27 2.16889e-27 6.22075e-27 1.38624e-21 8.2445e-17 1.12729e-12 3.54364e-09 2.561e-06 0.000425507 0.0162541 0.142744 0.288206 0.134436 0.0318346 0.10758 0.151085 0.0569846 0.032983 0.0250009 0.00848432 0.00309953 0.000749832 0.000118459 1.05776e-05 4.56051e-07
 2.14193e-27 2.16517e-27 5.82779e-27 1.25294e-21 7.45172e-17 1.01889e-12 3.2029e-09 2.31474e-06 0.000384591 0.0146911 0.129018 0.260494 0.121669 0.0330244 0.123196 0.173134 0.0652858 0.0377229 0.028353 0.00901995 0.00309283 0.000769444 0.000128985 1.23265e-05 5.59154e-07
 2.14302e-27 2.16787e-27 6.12057e-27 1.35229e-21 8.04259e-17 1.09968e-12 3.45686e-09 2.49828e-06 0.000415086 0.015856 0.139248 0.281148 0.131162 0.0315203 0.10779 0.151505 0.0588553 0.0391659 0.0299514 0.00940256 0.00311936 0.000729164 0.00011748 1.16351e-05 5.61065e-07
 2.14225e-27 2.16597e-27 5.91719e-27 1.28329e-21 7.63219e-17 1.04357e-12 3.28046e-09 2.3708e-06 0.000393905 0.0150469 0.132143 0.266802 0.124563 0.0324247 0.117634 0.165328 0.0629769 0.0383166 0.0293448 0.0102053 0.00378374 0.00088459 0.000136579 1.28868e-05 6.20758e-07
 2.14313e-27 2.16812e-27 6.14448e-27 1.36039e-21 8.09074e-17 1.10626e-12 3.47756e-09 2.51324e-06 0.000417571 0.0159509 0.140082 0.282831 0.131946 0.0316791 0.108252 0.152109 0.0584142 0.0369182 0.0281438 0.0090998 0.0031963 0.000809703 0.000135283 1.26403e-05 5.83931e-07
 2.14367e-27 2.16941e-27 6.27424e-27 1.40437e-21 8.35234e-17 1.14203e-12 3.59e-09 2.5945e-06 0.000431072 0.0164667 0.144611 0.291976 0.136179 0.0318237 0.106378 0.149366 0.0560582 0.0316068 0.0237694 0.00781049 0.00274522 0.000657256 0.000108489 1.08379e-05 5.17824e-07
 2.14236e-27 2.16623e-27 5.94073e-27 1.29125e-21 7.67959e-17 1.05005e-12 3.30083e-09 2.38552e-06 0.000396351 0.0151403 0.132963 0.268459 0.125337 0.0326255 0.118361 0.16632 0.0629191 0.036961 0.0278377 0.00882988 0.00299467 0.000723415 0.000117925 1.14748e-05 5.6176e-07
 2.14377e-27 2.16968e-27 6.30654e-27 1.41535e-21 8.41761e-17 1.15096e-12 3.61805e-09 2.61478e-06 0.000434441 0.0165954 0.145741 0.294257 0.137218 0.0314002 0.103105 0.144813 0.0552853 0.0339722 0.0257135 0.00806534 0.00267023 0.000619117 9.75256e-05 9.39166e-06 4.52198e-07
 2.14292e-27 2.16757e-27 6.07897e-27 1.33813e-21 7.95839e-17 1.08817e-12 3.42067e-09 2.47213e-06 0.00041074 0.01569 0.13779 0.278205 0.129837 0.0324866 0.114575 0.160922 0.0601614 0.0332165 0.0249014 0.00817734 0.00285342 0.000659757 0.000101006 9.36809e-06 4.4052e-07
 2.14165e-27 2.16454e-27 5.76982e-27 1.23332e-21 7.33503e-17 1.00293e-12 3.15274e-09 2.27849e-06 0.000378568 0.0144611 0.126998 0.256415 0.119762 0.0324611 0.120987 0.170151 0.0660222 0.0437152 0.0334436 0.0105964 0.00358881 0.000865526 0.000138385 1.27389e-05 5.80784e-07
 2.14284e-27 2.16745e-27 6.07519e-27 1.33689e-21 7.95102e-17 1.08716e-12 3.4175e-09 2.46984e-06 0.00041036 0.0156755 0.137663 0.277947 0.129689 0.0317168 0.109954 0.154537 0.0596518 0.0386096 0.0296667 0.00994815 0.00355416 0.000831542 0.000130682 1.24189e-05 5.75339e-07
 2.14345e-27 2.16892e-27 6.22874e-27 1.38897e-21 8.26074e-17 1.12951e-12 3.55062e-09 2.56605e-06 0.000426345 0.0162861 0.143025 0.288773 0.134683 0.0314171 0.104861 0.147314 0.0565041 0.0355273 0.0272808 0.00937988 0.00349473 0.000868435 0.000142008 1.33503e-05 6.22632e-07
#obs surv len freq
 8.66136e-40 4.23914e-33 4.76994e-27 1.23394e-21 7.3387e-17 1.00343e-12 3.15431e-09 2.27962e-06 0.000378763 0.0144682 0.12706 0.256542 0.119811 0.0321784 0.119223 0.167666 0.0651104 0.0433287 0.033921 0.0127908 0.00544801 0.00165461 0.000364843 4.91466e-05 3.38575e-06
 1.03703e-39 5.07556e-33 5.7111e-27 1.47741e-21 8.78669e-17 1.20142e-12 3.77668e-09 2.72941e-06 0.000453496 0.017323 0.15213 0.307157 0.143152 0.0306099 0.0943924 0.132532 0.0509019 0.0322206 0.0249482 0.00909222 0.00372347 0.00109319 0.00023405 3.07994e-05 2.05848e-06
 9.70314e-40 4.74902e-33 5.34367e-27 1.38236e-21 8.22139e-17 1.12413e-12 3.5337e-09 2.55381e-06 0.00042432 0.0162085 0.142343 0.287397 0.1341 0.0328126 0.113795 0.159681 0.0577865 0.0261497 0.0190989 0.00668541 0.00261106 0.000734787 0.000150165 1.905e-05 1.23765e-06
 1.05079e-39 5.1429e-33 5.78688e-27 1.49701e-21 8.90328e-17 1.21736e-12 3.82679e-09 2.76563e-06 0.000459513 0.0175528 0.154149 0.311233 0.145065 0.0313672 0.0977874 0.137189 0.0508571 0.0267517 0.0196083 0.00568023 0.00174324 0.000454936 8.76633e-05 1.05613e-05 6.57785e-07
 9.86253e-40 4.82702e-33 5.43144e-27 1.40506e-21 8.35644e-17 1.14259e-12 3.59175e-09 2.59576e-06 0.00043129 0.0164747 0.144681 0.292118 0.136284 0.0328721 0.112735 0.158155 0.056836 0.0244543 0.0174182 0.00537733 0.00172065 0.000374797 5.80731e-05 6.34825e-06 3.72784e-07
 8.12005e-40 3.9742e-33 4.47183e-27 1.15682e-21 6.88005e-17 9.40722e-13 2.95717e-09 2.13715e-06 0.000355091 0.013564 0.119119 0.24051 0.112497 0.0347839 0.139961 0.19665 0.0720595 0.0353405 0.0255103 0.00712752 0.00200252 0.000445719 6.60247e-05 5.93705e-06 2.9694e-07
 7.93085e-40 3.8816e-33 4.36764e-27 1.12987e-21 6.71974e-17 9.18803e-13 2.88827e-09 2.08736e-06 0.000346817 0.013248 0.116344 0.234906 0.109862 0.0336115 0.134493 0.189188 0.0727657 0.0462856 0.0349347 0.0102623 0.00303818 0.000621897 8.35468e-05 7.21477e-06 3.18975e-07
 1.32813e-39 6.50028e-33 7.31422e-27 1.89212e-21 1.12531e-16 1.53867e-12 4.83681e-09 3.49557e-06 0.000580794 0.0221856 0.194834 0.393374 0.182893 0.02744 0.0490559 0.0684731 0.0262189 0.0163534 0.0125137 0.00421203 0.00149005 0.000325215 4.41369e-05 3.52145e-06 1.43846e-07
 1.10292e-39 5.39804e-33 6.07396e-27 1.57128e-21 9.34497e-17 1.27776e-12 4.01664e-09 2.90283e-06 0.00048231 0.0184236 0.161796 0.326673 0.152252 0.0326721 0.101099 0.141495 0.047433 0.0096905 0.00539158 0.00176883 0.000634668 0.000157777 2.50192e-05 2.11253e-06 8.40034e-08
 6.39529e-40 3.13005e-33 3.52198e-27 9.11104e-22 5.41867e-17 7.40906e-13 2.32904e-09 1.68321e-06 0.000279667 0.0106829 0.0938174 0.189428 0.0890283 0.0387327 0.179463 0.252103 0.0885808 0.0317147 0.0209064 0.00446937 0.000641341 0.000128153 2.13377e-05 2.05888e-06 9.09061e-08
 1.23525e-39 6.04568e-33 6.8027e-27 1.75979e-21 1.04662e-16 1.43106e-12 4.49854e-09 3.25111e-06 0.000540176 0.020634 0.181208 0.365864 0.170192 0.0278967 0.0601358 0.084274 0.0343357 0.0274486 0.0209257 0.00524834 0.00111679 0.000163873 1.29224e-05 9.65287e-07 4.54109e-08
 1.1776e-39 5.76355e-33 6.48524e-27 1.67767e-21 9.97773e-17 1.36427e-12 4.28861e-09 3.09939e-06 0.000514967 0.0196711 0.172752 0.348791 0.162426 0.0313002 0.086058 0.12034 0.0405949 0.00915564 0.00545228 0.0020221 0.000762484 0.000141473 1.3406e-05 6.93586e-07 1.92481e-08
 8.80666e-40 4.31025e-33 4.84996e-27 1.25464e-21 7.46181e-17 1.02027e-12 3.20722e-09 2.31787e-06 0.000385116 0.014711 0.129192 0.260846 0.121932 0.0356791 0.139296 0.195394 0.0672952 0.0197412 0.0123021 0.00268182 0.000429575 9.63276e-05 1.49259e-05 1.0097e-06 2.76697e-08
 9.21494e-40 4.51007e-33 5.07481e-27 1.3128e-21 7.80774e-17 1.06757e-12 3.35591e-09 2.42532e-06 0.000402971 0.015393 0.135181 0.272938 0.127431 0.0332442 0.120788 0.169637 0.0627189 0.0324429 0.02324 0.00544151 0.000983482 0.000142124 1.24386e-05 9.68583e-07 3.76625e-08
 7.37292e-40 3.60853e-33 4.06038e-27 1.05038e-21 6.24702e-17 8.54167e-13 2.68508e-09 1.94051e-06 0.000322419 0.012316 0.108159 0.218382 0.10232 0.0362187 0.155389 0.218332 0.078835 0.0350757 0.0249835 0.00725315 0.0020407 0.000340661 2.85662e-05 1.45445e-06 4.29391e-08
 1.12509e-39 5.50656e-33 6.19607e-27 1.60286e-21 9.53283e-17 1.30344e-12 4.09738e-09 2.96119e-06 0.000492005 0.018794 0.165049 0.333239 0.155183 0.0298792 0.0820712 0.115117 0.0441696 0.0277697 0.0207557 0.00564686 0.00149072 0.000302212 3.63231e-05 2.14319e-06 5.39668e-08
 8.71251e-40 4.26417e-33 4.79811e-27 1.24123e-21 7.38204e-17 1.00936e-12 3.17293e-09 2.29309e-06 0.000380999 0.0145537 0.12781 0.258058 0.120643 0.0356929 0.140221 0.196695 0.067693 0.019735 0.0127605 0.00409282 0.00135419 0.000271405 3.32143e-05 2.43209e-06 7.90604e-08
 9.55743e-40 4.6777e-33 5.26342e-27 1.3616e-21 8.09793e-17 1.10725e-12 3.48064e-09 2.51546e-06 0.000417948 0.0159651 0.140205 0.283082 0.132103 0.03279 0.114958 0.161409 0.0596766 0.0308677 0.0221045 0.0051735 0.0010017 0.000210487 3.04287e-05 2.32599e-06 8.32703e-08
 1.00799e-39 4.93343e-33 5.55117e-27 1.43603e-21 8.54064e-17 1.16778e-12 3.67092e-09 2.65298e-06 0.000440797 0.0168379 0.14787 0.298557 0.139252 0.03264 0.109377 0.153414 0.0550676 0.0234813 0.0165918 0.0048382 0.00137085 0.00023298 2.30207e-05 1.76298e-06 7.00125e-08
 8.63856e-40 4.22798e-33 4.75739e-27 1.23069e-21 7.31938e-17 1.00079e-12 3.146e-09 2.27362e-06 0.000377766 0.0144302 0.126726 0.255867 0.119606 0.0350235 0.136795 0.192017 0.0681127 0.0264809 0.0181673 0.00485897 0.0012501 0.000253535 3.0933e-05 1.96505e-06 6.33714e-08
 1.11602e-39 5.46217e-33 6.14612e-27 1.58994e-21 9.45599e-17 1.29294e-12 4.06435e-09 2.93732e-06 0.000488039 0.0186425 0.163718 0.330553 0.153972 0.0306931 0.0878492 0.123145 0.0454331 0.02322 0.0167444 0.00431324 0.00101221 0.000188555 2.2568e-05 1.65915e-06 5.61844e-08
 8.90315e-40 4.35747e-33 4.9031e-27 1.26839e-21 7.54357e-17 1.03145e-12 3.24236e-09 2.34326e-06 0.000389336 0.0148721 0.130607 0.263704 0.12324 0.0353396 0.136362 0.191278 0.0660848 0.0200915 0.0130042 0.00374241 0.0010619 0.000196379 2.14172e-05 1.47647e-06 5.19265e-08
 1.00475e-39 4.91753e-33 5.53329e-27 1.43141e-21 8.51313e-17 1.16402e-12 3.6591e-09 2.64444e-06 0.000439377 0.0167836 0.147394 0.297595 0.138794 0.0322841 0.107495 0.150851 0.055412 0.0275646 0.0196323 0.00464765 0.000908411 0.000172549 2.15461e-05 1.47574e-06 4.83562e-08
 1.03425e-39 5.06196e-33 5.6958e-27 1.47345e-21 8.76315e-17 1.1982e-12 3.76656e-09 2.7221e-06 0.000452281 0.0172765 0.151723 0.306335 0.142846 0.0325877 0.106714 0.149604 0.0529644 0.0202715 0.0139526 0.00397489 0.00109096 0.000185439 1.77845e-05 1.21045e-06 4.22944e-08
 8.73961e-40 4.27743e-33 4.81303e-27 1.24509e-21 7.405e-17 1.0125e-12 3.1828e-09 2.30022e-06 0.000382184 0.0145989 0.128208 0.25886 0.120989 0.0350162 0.135848 0.190661 0.0673517 0.0252886 0.0171369 0.00439225 0.00103613 0.00020244 2.40651e-05 1.49973e-06 4.52053e-08
 9.21751e-40 4.51133e-33 5.07622e-27 1.31317e-21 7.80992e-17 1.06787e-12 3.35684e-09 2.426e-06 0.000403083 0.0153972 0.135219 0.273014 0.127465 0.0332212 0.120625 0.1694 0.0625388 0.0320825 0.0231272 0.00589504 0.00134293 0.000238408 2.64222e-05 1.85636e-06 6.1223e-08
 9.74734e-40 4.77064e-33 5.36801e-27 1.38865e-21 8.25884e-17 1.12925e-12 3.5498e-09 2.56545e-06 0.000426252 0.0162823 0.142991 0.288706 0.134713 0.033029 0.114721 0.160964 0.0579674 0.0253124 0.0179475 0.0051755 0.0014648 0.00026734 2.80544e-05 1.81741e-06 5.99522e-08
 1.12745e-39 5.51807e-33 6.20902e-27 1.60621e-21 9.55276e-17 1.30617e-12 4.10595e-09 2.96738e-06 0.000493034 0.0188333 0.165394 0.333936 0.15555 0.0310704 0.0891326 0.124854 0.0446583 0.0185392 0.0129188 0.00349382 0.000914329 0.000185102 2.30473e-05 1.5433e-06 4.82465e-08
#pred catch len freq
 2.13913e-27 2.15671e-27 4.86948e-27 9.27819e-22 5.51809e-17 7.545e-13 2.37178e-09 1.71409e-06 0.000284794 0.0108789 0.0955394 0.1929 0.0902681 0.0289849 0.118899 0.167597 0.0692825 0.0586861 0.0514726 0.0319804 0.0247863 0.0192515 0.0177346 0.0152496 0.00620249
 2.13877e-27 2.1572e-27 4.98512e-27 9.6714e-22 5.75195e-17 7.86476e-13 2.4723e-09 1.78674e-06 0.000296864 0.01134 0.0995884 0.201077 0.0942179 0.0335107 0.144071 0.202804 0.0788544 0.0527937 0.0417671 0.0171172 0.00930884 0.00539682 0.00385267 0.00287048 0.00113109
 2.13943e-27 2.15914e-27 5.21357e-27 1.04471e-21 6.21326e-17 8.49553e-13 2.67058e-09 1.93004e-06 0.000320673 0.0122495 0.107576 0.217202 0.101642 0.0326932 0.134222 0.189048 0.0759077 0.0577262 0.0453663 0.0157749 0.0063229 0.00222686 0.000977595 0.000546159 0.000195808
 2.13946e-27 2.15925e-27 5.2231e-27 1.04792e-21 6.2324e-17 8.52169e-13 2.67881e-09 1.93598e-06 0.00032166 0.0122872 0.107907 0.217871 0.10197 0.0331828 0.13701 0.192878 0.0758892 0.0533841 0.0421552 0.0160586 0.00665705 0.00182152 0.000436656 0.000131636 3.70085e-05
 2.1399e-27 2.16032e-27 5.33405e-27 1.08555e-21 6.45616e-17 8.82765e-13 2.77498e-09 2.00549e-06 0.000333209 0.0127283 0.111781 0.225693 0.105582 0.0330794 0.134021 0.188636 0.0740274 0.0514907 0.0402553 0.0144667 0.00583451 0.0016731 0.000337742 5.10889e-05 7.82557e-06
 2.13845e-27 2.15674e-27 4.95413e-27 9.56666e-22 5.68965e-17 7.77959e-13 2.44552e-09 1.76739e-06 0.000293649 0.0112172 0.0985098 0.198899 0.0932452 0.0344147 0.150248 0.211507 0.0820729 0.0544056 0.0422448 0.0150387 0.00591579 0.00162178 0.000320143 3.97204e-05 3.12089e-06
 2.13709e-27 2.15352e-27 4.62863e-27 8.46325e-22 5.03341e-17 6.8823e-13 2.16346e-09 1.56354e-06 0.000259779 0.0099234 0.0871478 0.17596 0.0826287 0.0341185 0.155355 0.218952 0.0880806 0.0674417 0.0529537 0.0181249 0.00683204 0.0018302 0.000347256 4.06044e-05 2.52461e-06
 2.14019e-27 2.16112e-27 5.43316e-27 1.11924e-21 6.65653e-17 9.10161e-13 2.8611e-09 2.06773e-06 0.00034355 0.0131234 0.11525 0.232697 0.108762 0.0315201 0.122391 0.172441 0.070992 0.0589503 0.0471306 0.0173312 0.00691595 0.00178902 0.000323475 3.62708e-05 2.09465e-06
 2.14286e-27 2.16749e-27 6.07946e-27 1.33834e-21 7.95962e-17 1.08834e-12 3.4212e-09 2.47251e-06 0.000410804 0.0156924 0.137812 0.278248 0.129833 0.0318381 0.110603 0.155393 0.0591124 0.0357697 0.0278718 0.0110305 0.00477926 0.00132803 0.000247991 2.68227e-05 1.47495e-06
 2.13842e-27 2.15652e-27 4.91254e-27 9.42469e-22 5.60522e-17 7.66414e-13 2.40923e-09 1.74116e-06 0.000289291 0.0110507 0.097048 0.195948 0.0919446 0.036112 0.161499 0.227116 0.0842222 0.0444358 0.0331799 0.0112293 0.00433022 0.00129357 0.000266566 3.05155e-05 1.67335e-06
 2.13888e-27 2.15787e-27 5.08344e-27 1.00058e-21 5.95082e-17 8.13668e-13 2.55778e-09 1.84851e-06 0.000307128 0.0117321 0.103032 0.208028 0.0974141 0.0330427 0.139122 0.196032 0.0795123 0.062645 0.0485456 0.0145446 0.00461778 0.00116833 0.00022535 2.76928e-05 1.62719e-06
 2.14299e-27 2.16781e-27 6.11394e-27 1.35004e-21 8.0292e-17 1.09785e-12 3.45111e-09 2.49412e-06 0.000414395 0.0158296 0.139016 0.28068 0.130948 0.0316029 0.108434 0.152378 0.0586454 0.0374769 0.0290445 0.0104936 0.0039845 0.000894875 0.000137782 1.48575e-05 8.76484e-07
 2.14075e-27 2.16222e-27 5.50873e-27 1.14468e-21 6.80784e-17 9.3085e-13 2.92614e-09 2.11473e-06 0.000351359 0.0134217 0.11787 0.237987 0.111327 0.0347069 0.140251 0.19706 0.0721829 0.0353676 0.0261219 0.00891417 0.00337024 0.000897912 0.000152905 1.42433e-05 7.10796e-07
 2.13896e-27 2.15792e-27 5.06728e-27 9.94995e-22 5.91761e-17 8.09128e-13 2.5435e-09 1.8382e-06 0.000305414 0.0116666 0.102457 0.206868 0.0969481 0.0349175 0.150917 0.212351 0.0811173 0.0499557 0.0374575 0.0108065 0.00325774 0.000812329 0.000145655 1.52237e-05 7.40345e-07
 2.13809e-27 2.15586e-27 4.8588e-27 9.2432e-22 5.49728e-17 7.51655e-13 2.36284e-09 1.70763e-06 0.00028372 0.0108379 0.0951791 0.192175 0.0901495 0.0347668 0.154425 0.217429 0.0846922 0.0570209 0.0436927 0.0137578 0.00448049 0.000953868 0.000139755 1.41605e-05 7.36875e-07
 2.13935e-27 2.15896e-27 5.18984e-27 1.03663e-21 6.16524e-17 8.42987e-13 2.64994e-09 1.91512e-06 0.000318194 0.0121548 0.106744 0.215524 0.100895 0.0334603 0.139412 0.196283 0.0774275 0.0549642 0.0426012 0.0140179 0.004896 0.00112176 0.000163662 1.40914e-05 6.55626e-07
 2.14024e-27 2.16105e-27 5.39892e-27 1.10749e-21 6.58669e-17 9.00612e-13 2.83109e-09 2.04603e-06 0.000339945 0.0129857 0.114041 0.230256 0.107723 0.0338973 0.137639 0.193581 0.0737083 0.0447427 0.0341305 0.0115557 0.00420826 0.00101538 0.000159976 1.42635e-05 6.14408e-07
 2.13882e-27 2.15758e-27 5.03169e-27 9.82924e-22 5.84582e-17 7.99312e-13 2.51265e-09 1.8159e-06 0.000301709 0.0115251 0.101214 0.204359 0.0957925 0.035041 0.152427 0.214459 0.0815525 0.0491657 0.0371622 0.0117906 0.00402652 0.000998775 0.000166963 1.5932e-05 7.22086e-07
 2.13966e-27 2.1597e-27 5.26598e-27 1.06244e-21 6.31876e-17 8.63978e-13 2.71593e-09 1.96281e-06 0.000326118 0.0124575 0.109402 0.22089 0.103375 0.0334237 0.137571 0.193662 0.0761596 0.0533739 0.0410609 0.0128694 0.00425807 0.000992842 0.000159517 1.57742e-05 7.60027e-07
 2.13912e-27 2.15835e-27 5.11865e-27 1.01245e-21 6.02141e-17 8.2332e-13 2.58812e-09 1.87044e-06 0.000310771 0.0118712 0.104254 0.210496 0.0986042 0.0343506 0.146362 0.205957 0.0791563 0.0502418 0.0386782 0.0134111 0.00495419 0.00115511 0.000177824 1.67509e-05 8.06145e-07
 2.14003e-27 2.16059e-27 5.35518e-27 1.09268e-21 6.49858e-17 8.88566e-13 2.79322e-09 2.01867e-06 0.000335398 0.012812 0.112516 0.227176 0.106286 0.0335665 0.136548 0.192135 0.0744537 0.0490172 0.037548 0.0121051 0.00423412 0.0010694 0.000178187 1.6624e-05 7.67255e-07
 2.14036e-27 2.16132e-27 5.42545e-27 1.11648e-21 6.64015e-17 9.07922e-13 2.85406e-09 2.06264e-06 0.000342705 0.0130911 0.114967 0.232125 0.10859 0.0339844 0.137607 0.193513 0.0733779 0.0436279 0.0330536 0.0108437 0.00380167 0.000907912 0.00014945 1.49076e-05 7.11695e-07
 2.13934e-27 2.15885e-27 5.16598e-27 1.02848e-21 6.11675e-17 8.36357e-13 2.6291e-09 1.90006e-06 0.000315692 0.0120592 0.105905 0.213829 0.100154 0.0345936 0.146841 0.206584 0.0787587 0.0480762 0.0363881 0.0115061 0.0038847 0.000935579 0.000152064 1.4773e-05 7.22571e-07
 2.14056e-27 2.16186e-27 5.48602e-27 1.13705e-21 6.76246e-17 9.24646e-13 2.90664e-09 2.10064e-06 0.000349017 0.0133322 0.117084 0.2364 0.110544 0.033396 0.132727 0.186709 0.0720108 0.0464078 0.0353361 0.0110605 0.00364985 0.000844017 0.000132573 1.27465e-05 6.13189e-07
 2.13949e-27 2.15919e-27 5.20001e-27 1.04001e-21 6.18532e-17 8.45732e-13 2.65857e-09 1.92136e-06 0.00031923 0.0121944 0.107092 0.216226 0.101267 0.0347216 0.1469 0.206619 0.0780966 0.0456875 0.0345374 0.0113295 0.00394584 0.000910296 0.000138994 1.28717e-05 6.04732e-07
 2.13861e-27 2.15712e-27 4.99404e-27 9.70203e-22 5.77017e-17 7.88967e-13 2.48013e-09 1.7924e-06 0.000297804 0.0113759 0.0999039 0.201714 0.0945398 0.0342392 0.148329 0.208844 0.0817599 0.0562397 0.0432074 0.0136475 0.00460136 0.00110639 0.000176388 1.62117e-05 7.38424e-07
 2.13945e-27 2.15919e-27 5.21174e-27 1.04404e-21 6.20933e-17 8.49015e-13 2.66889e-09 1.92881e-06 0.00032047 0.0122417 0.107507 0.217065 0.101615 0.0336545 0.140133 0.197249 0.0770766 0.0526286 0.0406964 0.0136253 0.00485648 0.00113353 0.000177653 1.6857e-05 7.8028e-07
 2.13963e-27 2.15962e-27 5.25681e-27 1.05933e-21 6.30025e-17 8.61446e-13 2.70797e-09 1.95706e-06 0.000325162 0.012421 0.109082 0.220243 0.10308 0.0335453 0.138508 0.194943 0.0760333 0.0515172 0.0399361 0.0137443 0.00512226 0.0012706 0.000207318 1.94642e-05 9.07013e-07
#obs catch len freq
 4.07497e-40 1.99442e-33 2.24415e-27 5.8054e-22 3.45269e-17 4.72093e-13 1.48403e-09 1.07251e-06 0.000178199 0.00680698 0.0597789 0.120704 0.0571489 0.0358753 0.182731 0.257635 0.102904 0.0768091 0.0612012 0.0237865 0.010413 0.00320188 0.000719197 9.99254e-05 7.17009e-06
 4.20786e-40 2.05945e-33 2.31733e-27 5.99472e-22 3.56528e-17 4.87488e-13 1.53242e-09 1.10749e-06 0.00018401 0.00702896 0.0617283 0.12464 0.0589804 0.0361921 0.183479 0.25862 0.102345 0.0736764 0.0582238 0.0219815 0.00936569 0.00283945 0.000624799 8.4024e-05 5.78121e-06
 5.7473e-40 2.81291e-33 3.16513e-27 8.18788e-22 4.86964e-17 6.65835e-13 2.09306e-09 1.51266e-06 0.00025133 0.00960049 0.0843115 0.170234 0.0800211 0.0351645 0.163464 0.23023 0.0899538 0.0614346 0.0480252 0.017518 0.00717463 0.0021026 0.000449187 5.90099e-05 3.93895e-06
 5.21319e-40 2.55149e-33 2.87098e-27 7.42696e-22 4.41709e-17 6.03957e-13 1.89855e-09 1.37208e-06 0.000227974 0.0087083 0.0764763 0.154416 0.0728282 0.0383677 0.187786 0.264123 0.0966386 0.0470232 0.0348062 0.0121905 0.00475981 0.00133693 0.000272601 3.45214e-05 2.23989e-06
 6.0285e-40 2.95053e-33 3.31998e-27 8.58849e-22 5.1079e-17 6.98412e-13 2.19547e-09 1.58667e-06 0.000263627 0.0100702 0.0884366 0.178563 0.0839269 0.0366342 0.169926 0.239087 0.089748 0.0506024 0.0374894 0.0108624 0.00333185 0.000867829 0.000166831 2.00628e-05 1.24788e-06
 5.45238e-40 2.66856e-33 3.00271e-27 7.76773e-22 4.61976e-17 6.31669e-13 1.98566e-09 1.43504e-06 0.000238434 0.00910785 0.0799852 0.161501 0.0761115 0.038582 0.18696 0.262894 0.0953809 0.0438768 0.0316628 0.00977595 0.00312625 0.000679833 0.000105056 1.14612e-05 6.72084e-07
 4.06885e-40 1.99142e-33 2.24078e-27 5.79669e-22 3.44751e-17 4.71384e-13 1.4818e-09 1.0709e-06 0.000177932 0.00679676 0.0596892 0.120524 0.0572089 0.0396942 0.2061 0.290048 0.107384 0.056047 0.04088 0.0114187 0.00320419 0.000711839 0.000105192 9.44076e-06 4.714e-07
 3.92824e-40 1.9226e-33 2.16334e-27 5.59636e-22 3.32836e-17 4.55094e-13 1.43059e-09 1.03389e-06 0.000171782 0.00656187 0.0576263 0.116358 0.0552072 0.0376682 0.194988 0.274764 0.107132 0.0724006 0.0550561 0.0161658 0.00478019 0.000976805 0.000130884 1.12808e-05 4.98005e-07
 9.76052e-40 4.7771e-33 5.37527e-27 1.39053e-21 8.27e-17 1.13077e-12 3.5546e-09 2.56892e-06 0.000426829 0.0163043 0.143184 0.289096 0.134824 0.0311989 0.103432 0.14534 0.056358 0.0372288 0.0286936 0.00964968 0.00340863 0.000742612 0.000100535 8.00622e-06 3.26534e-07
 6.93522e-40 3.39431e-33 3.81933e-27 9.88025e-22 5.87615e-17 8.03457e-13 2.52568e-09 1.82531e-06 0.000303278 0.0115848 0.101738 0.205419 0.0964432 0.0393087 0.178159 0.249989 0.0840297 0.0179265 0.0102056 0.00334543 0.0011977 0.00029707 4.69941e-05 3.96122e-06 1.57288e-07
 3.05364e-40 1.49454e-33 1.68168e-27 4.35036e-22 2.58732e-17 3.53769e-13 1.11208e-09 8.03701e-07 0.000133536 0.0051009 0.0447961 0.0904565 0.0434487 0.0434428 0.238046 0.334715 0.11827 0.0444635 0.0296648 0.00634007 0.000907179 0.000180695 3.00037e-05 2.88987e-06 1.27433e-07
 8.55803e-40 4.18857e-33 4.71304e-27 1.21922e-21 7.25115e-17 9.91465e-13 3.11668e-09 2.25243e-06 0.000374244 0.0142956 0.125544 0.253481 0.118364 0.031344 0.115053 0.16206 0.0669652 0.056121 0.0429774 0.0107688 0.00228588 0.000334963 2.63327e-05 1.96075e-06 9.20964e-08
 7.8798e-40 3.85662e-33 4.33953e-27 1.12259e-21 6.67649e-17 9.1289e-13 2.86968e-09 2.07392e-06 0.000344585 0.0131627 0.115595 0.233395 0.109309 0.037491 0.15863 0.222533 0.0752876 0.0177121 0.0107523 0.00398194 0.00149851 0.000277626 2.62438e-05 1.35521e-06 3.75295e-08
 4.84083e-40 2.36925e-33 2.66592e-27 6.89648e-22 4.10159e-17 5.60819e-13 1.76294e-09 1.27408e-06 0.00021169 0.00808629 0.0710138 0.143389 0.0678545 0.041687 0.211373 0.296957 0.102709 0.0315469 0.0199488 0.00434749 0.00069416 0.000155166 2.39929e-05 1.62094e-06 4.43616e-08
 5.19253e-40 2.54138e-33 2.8596e-27 7.39753e-22 4.39958e-17 6.01564e-13 1.89102e-09 1.36665e-06 0.00022707 0.00867378 0.0761732 0.153804 0.0725387 0.0381919 0.186899 0.262995 0.09805 0.0531957 0.0383929 0.00898266 0.00161907 0.000233572 2.03743e-05 1.58214e-06 6.14494e-08
 3.74616e-40 1.83348e-33 2.06307e-27 5.33695e-22 3.17409e-17 4.33999e-13 1.36428e-09 9.85968e-07 0.00016382 0.00625771 0.0549552 0.110967 0.0528349 0.0408812 0.216226 0.304192 0.110595 0.0515695 0.0370539 0.0107423 0.00301469 0.000502512 4.20313e-05 2.13521e-06 6.29033e-08
 7.22873e-40 3.53797e-33 3.98097e-27 1.02984e-21 6.12485e-17 8.37462e-13 2.63257e-09 1.90256e-06 0.000316114 0.0120751 0.106044 0.214111 0.100273 0.0342712 0.144787 0.203777 0.0790111 0.0520883 0.0391624 0.0106413 0.0028013 0.000566679 6.79463e-05 4.003e-06 1.00651e-07
 4.78029e-40 2.33962e-33 2.63258e-27 6.81023e-22 4.0503e-17 5.53806e-13 1.74089e-09 1.25815e-06 0.000209043 0.00798516 0.0701257 0.141596 0.0670213 0.0415731 0.211218 0.296735 0.102541 0.0312643 0.0205051 0.00656733 0.00216761 0.000433589 5.2913e-05 3.86716e-06 1.25554e-07
 5.46609e-40 2.67527e-33 3.01026e-27 7.78726e-22 4.63137e-17 6.33256e-13 1.99065e-09 1.43864e-06 0.000239033 0.00913075 0.0801862 0.161906 0.0762705 0.0378185 0.182177 0.256333 0.0955985 0.0519621 0.0375017 0.00877115 0.00169331 0.000354865 5.11739e-05 3.90503e-06 1.39595e-07
 5.99519e-40 2.93423e-33 3.30164e-27 8.54103e-22 5.07967e-17 6.94553e-13 2.18333e-09 1.5779e-06 0.00026217 0.0100146 0.087948 0.177577 0.083525 0.038074 0.179013 0.251656 0.0909388 0.0406833 0.0290186 0.00845077 0.00238865 0.000405324 3.99249e-05 3.04988e-06 1.20949e-07
 4.71285e-40 2.30662e-33 2.59544e-27 6.71416e-22 3.99316e-17 5.45993e-13 1.71633e-09 1.2404e-06 0.000206094 0.00787252 0.0691365 0.139598 0.0660548 0.0404304 0.204845 0.287992 0.102763 0.0418739 0.029027 0.00775482 0.00198938 0.000402577 4.89969e-05 3.10708e-06 1.00016e-07
 7.15674e-40 3.50273e-33 3.94133e-27 1.01958e-21 6.06385e-17 8.29122e-13 2.60635e-09 1.88362e-06 0.000312965 0.0119549 0.104988 0.211979 0.0993394 0.0356675 0.153954 0.216479 0.0805164 0.0431284 0.0313335 0.00806231 0.00188649 0.000350656 4.18488e-05 3.07059e-06 1.0384e-07
 4.94328e-40 2.41939e-33 2.72234e-27 7.04244e-22 4.1884e-17 5.72688e-13 1.80025e-09 1.30105e-06 0.00021617 0.00825743 0.0725168 0.146423 0.0692401 0.0412289 0.207662 0.291755 0.101234 0.0321965 0.0211241 0.00607183 0.00171835 0.000317192 3.44958e-05 2.373e-06 8.3325e-08
 5.96806e-40 2.92095e-33 3.2867e-27 8.50239e-22 5.05669e-17 6.91411e-13 2.17346e-09 1.57076e-06 0.000260984 0.00996927 0.0875501 0.176774 0.083129 0.0374205 0.175266 0.24653 0.0912822 0.0476268 0.0341886 0.00808717 0.00157592 0.000298599 3.71889e-05 2.54255e-06 8.31811e-08
 6.25778e-40 3.06275e-33 3.44626e-27 8.91514e-22 5.30217e-17 7.24976e-13 2.27897e-09 1.64701e-06 0.000273654 0.0104532 0.0918002 0.185355 0.087128 0.0382668 0.177846 0.249913 0.0890013 0.0357309 0.0248582 0.00707321 0.00193658 0.000328658 3.14275e-05 2.13395e-06 7.4453e-08
 4.77149e-40 2.33531e-33 2.62773e-27 6.7977e-22 4.04285e-17 5.52786e-13 1.73769e-09 1.25583e-06 0.000208658 0.00797047 0.0699967 0.141335 0.0668626 0.0405601 0.205114 0.288339 0.102455 0.040374 0.0276665 0.00708476 0.0016667 0.000324934 3.85318e-05 2.39716e-06 7.21325e-08
 5.22222e-40 2.55591e-33 2.87595e-27 7.43982e-22 4.42474e-17 6.05004e-13 1.90183e-09 1.37446e-06 0.000228368 0.00872338 0.0766087 0.154684 0.072943 0.0381325 0.186271 0.262097 0.097536 0.0524005 0.0380506 0.00968807 0.00220044 0.000389826 4.30774e-05 3.02026e-06 9.94714e-08
 5.66504e-40 2.77264e-33 3.11982e-27 8.07069e-22 4.79994e-17 6.56305e-13 2.0631e-09 1.49101e-06 0.000247733 0.00946309 0.0831048 0.167799 0.0790165 0.0383974 0.183934 0.258622 0.0937881 0.0429909 0.0307658 0.00886071 0.0025016 0.000455764 4.76973e-05 3.08345e-06 1.01551e-07
#spawning biomass
 3900.74 2869.58 3048.39 3891.87 4804.16 6059.65 6515.63 5718.52 6980.45 13661.5 15101.6 13212.1 23635.2 31014.1 28803.8 23650 20794.1 22951.6 21966.8 23747.2 22792.3 23226.5 27697.6 26561.4 30250.3 35339.2 30675.4 33724.7 45054 88354.2 107906 92517.6 74187.3 60965.7 52524.7 47441.7 44486.7 42807.6 41867.7 41347.1 41060.7 40903.8 40818.2 40771.4 40746.2 40732.5 40725 40721 40718.9 40717.7 40717 40716.7 40716.5 40716.4 40716.4 40716.3 40716.3 40716.3 40716.3 40716.3 40716.3 40716.3 40716.3 40716.3 40716.3 40716.3 40716.3 40716.3 40716.3 40716.3 40716.3 40716.3 40716.3 40716.3 40716.3 40716.3 40716.3 40716.3 40716.3 40716.3 40716.3 40716.3 40716.3 40716.3 40716.3 40716.3 40716.3 40716.3 40716.3 40716.3 40716.3 40716.3 40716.3 40716.3 40716.3 40716.3 40716.3 40716.3 40716.3 40716.3 40716.3 40716.3 40716.3 40716.3 40716.3 40716.3 40716.3 40716.3 40716.3 40716.3 40716.3 40716.3 40716.3 40716.3 40716.3 40716.3 40716.3 40716.3 40716.3 40716.3 40716.3 40716.3 40716.3 40716.3 40716.3 40716.3 40716.3 40716.3 0 0 0 0 0 0 0 0 0 0 0 0 0 0 0 0 0 0 0 0 0 0 0 0 0
