SBPRF35
0.224729
Curr Bio
201528
B35
216727
F35
0.989649
FOFL
0.989649
OFL
53590.5
Bzero
64208
#pred survey bio
 15310.4 15165.1 16521.6 18436.6 21400 24938 27666.7 35092.5 47295.2 61630.1 77377.7 94952.3 122930 149018 147674 115113 116854 116682 110215 111902 105553 110028 116765 127873 143184 143351 147820 155434 3.93174e+06 4.16872e+06 2.89137e+06 1.61183e+06 1.00029e+06 740245 622466 562440 528379 507657 494584 486199 480788 477288 475011 473521 472579 471980 471600 471358 471204 471105 471042 471002 470977 470960 470950 470943 470939 470936 470935 470933 470933 470932 470932 470932 470932 470932 470932 470932 470932 470932 470932 470932 470932 470932 470932 470932 470932 470932 470932 470932 470932 470932 470932 470932 470932 470932 470932 470932 470932 470932 470932 470932 470932 470932 470932 470932 470932 470932 470932 470932 470932 470932 470932 470932 470932 470932 470932 470932 470932 470932 470932 470932 470932 470932 470932 470932 470932 470932 470932 470932 470932 470932 470932 470932 470932 470932 470932 470932 0 0 0 0 0 0 0 0 0 0 0 0 0 0 0 0 0 0 0 0 0 0 0 0 0
#obs survey bio
 12657 12096.6 13611.2 17962.8 15955.6 16363.5 20177.9 36815.5 48856.8 62605.6 44416 60684.8 119166 141912 87895.4 84270.9 109793 101286 86228.6 93074.3 96992.8 83731.4 107466 122329 134671 92160.9 109030 130487
#pred catch bio
 7283.76 7247.58 8040.16 9474.99 11182.5 14044 15559.9 20031.3 27234 34475.3 47002.1 61188.6 77428.2 94337.7 109940 79013.3 82455.7 87058.2 79771.3 86371.9 77893.6 83195.3 89669.6 96243.9 114633 112462 114145 110708 53590.5 85572.8 60232.5 27136.6 13662.6 9390.37 8153.31 7813.46 7723.41 7700.17 7694.29 7692.82 7692.46 7692.37 7692.35 7692.34 7692.34 7692.34 7692.34 7692.34 7692.34 7692.34 7692.34 7692.34 7692.34 7692.34 7692.34 7692.34 7692.34 7692.34 7692.34 7692.34 7692.34 7692.34 7692.34 7692.34 7692.34 7692.34 7692.34 7692.34 7692.34 7692.34 7692.34 7692.34 7692.34 7692.34 7692.34 7692.34 7692.34 7692.34 7692.34 7692.34 7692.34 7692.34 7692.34 7692.34 7692.34 7692.34 7692.34 7692.34 7692.34 7692.34 7692.34 7692.34 7692.34 7692.34 7692.34 7692.34 7692.34 7692.34 7692.34 7692.34 7692.34 7692.34 7692.34 7692.34 7692.34 7692.34 7692.34 7692.34 7692.34 7692.34 7692.34 7692.34 7692.34 7692.34 7692.34 7692.34 7692.34 7692.34 7692.34 7692.34 7692.34 7692.34 7692.34 7692.34 7692.34 7692.34 7692.34 7692.34 0 0 0 0 0 0 0 0 0 0 0 0 0 0 0 0 0 0 0 0 0 0 0 0 0
#obs catch bio
 6854.37 7328.41 8105.31 9509.25 11222.5 14132.9 15692.3 20118 26410.1 33114.4 46366.3 59950.1 74263.2 91742.2 109028 78333.9 79971.1 84784.9 78177.3 84229.9 74238.3 79590.9 87109.5 92969.1 108365 109379 111489 108781
#pred cpue bio
 10341.4 9699.42 10169.5 11186.3 12322.6 14324.3 15644 18392.9 24039.2 31975.7 41670.5 48616.1 59055.4 76568.2 84018.5 62233.2 60162.8 59837.9 55081.3 55869.7 51258.1 53500.5 54839 58710 66689.7 66065.9 68801 72622.8 1.9397e+06 3.21974e+06 2.72765e+06 1.49994e+06 880569 618328 500115 440002 405923 385198 372123 363739 358327 354828 352551 351061 350118 349520 349139 348897 348743 348645 348582 348542 348516 348500 348489 348483 348479 348476 348474 348473 348472 348472 348472 348471 348471 348471 348471 348471 348471 348471 348471 348471 348471 348471 348471 348471 348471 348471 348471 348471 348471 348471 348471 348471 348471 348471 348471 348471 348471 348471 348471 348471 348471 348471 348471 348471 348471 348471 348471 348471 348471 348471 348471 348471 348471 348471 348471 348471 348471 348471 348471 348471 348471 348471 348471 348471 348471 348471 348471 348471 348471 348471 348471 348471 348471 348471 348471 348471 0 0 0 0 0 0 0 0 0 0 0 0 0 0 0 0 0 0 0 0 0 0 0 0 0
#obs cpue bio
 7639.88 8586.78 9867.83 14150.1 14357.5 18908.2 19668.3 19353.5 51198.8 58436.3 65440.2 133653 115980 101360 153878 102328 112210 103840 87848.9 115396 126847 132770 88859.3 111935 189564 119574 139894 128953
#pred surv len freq
 2.56426e-27 2.59124e-27 3.5595e-26 6.96909e-20 1.70839e-14 5.06226e-10 1.81322e-06 0.000785053 0.0410869 0.259927 0.199111 0.0399489 0.164185 0.151623 0.0352135 0.0424867 0.0181994 0.0139306 0.00855154 0.00647368 0.00503532 0.00430449 0.00425957 0.00373945 0.00113712
 2.56498e-27 2.59331e-27 3.7462e-26 7.36296e-20 1.80494e-14 5.34836e-10 1.91569e-06 0.000829422 0.043409 0.274617 0.210314 0.0390622 0.149569 0.138645 0.0423785 0.0618838 0.0208114 0.00837455 0.00373619 0.00213083 0.00135596 0.000994048 0.000870734 0.000762609 0.000253806
 2.56556e-27 2.5948e-27 3.86741e-26 7.61862e-20 1.86761e-14 5.53407e-10 1.98221e-06 0.000858222 0.0449162 0.284153 0.217606 0.0397599 0.149755 0.138568 0.0378556 0.0516855 0.01922 0.0103858 0.00325253 0.000983415 0.000413859 0.000231895 0.000168253 0.000138109 4.75255e-05
 2.5656e-27 2.59484e-27 3.86492e-26 7.61333e-20 1.86632e-14 5.53023e-10 1.98084e-06 0.000857626 0.0448851 0.283955 0.217464 0.040295 0.153927 0.142346 0.0372447 0.0492684 0.0173699 0.0081499 0.00293249 0.00096403 0.000209844 6.4677e-05 3.32403e-05 2.34425e-05 7.97277e-06
 2.56695e-27 2.59843e-27 4.17454e-26 8.26648e-20 2.02643e-14 6.00467e-10 2.15077e-06 0.000931202 0.0487357 0.308316 0.23606 0.0399977 0.138599 0.128095 0.0328073 0.0426882 0.0146455 0.00624188 0.00205403 0.000632624 0.0001554 2.77147e-05 6.59357e-06 3.32266e-06 1.05749e-06
 2.56635e-27 2.59669e-27 4.00944e-26 7.91813e-20 1.94103e-14 5.75163e-10 2.06014e-06 0.000891961 0.046682 0.295324 0.226162 0.0413851 0.156111 0.144068 0.0322612 0.0373923 0.0125905 0.00501664 0.00156651 0.000430883 9.56618e-05 1.73374e-05 2.22664e-06 4.95148e-07 1.30934e-07
 2.56681e-27 2.59793e-27 4.11907e-26 8.14941e-20 1.99773e-14 5.91963e-10 2.12031e-06 0.000918014 0.0480455 0.303949 0.232742 0.0410207 0.148715 0.137285 0.0318358 0.038087 0.0121471 0.00378586 0.00111603 0.000283031 5.64723e-05 9.12156e-06 1.04491e-06 9.62537e-08 1.44404e-08
 2.56858e-27 2.60266e-27 4.5305e-26 9.01733e-20 2.21049e-14 6.55007e-10 2.34613e-06 0.00101578 0.0531624 0.33632 0.25745 0.0403595 0.126325 0.116492 0.0257777 0.0295009 0.00948435 0.00307185 0.000833184 0.000169776 3.07417e-05 4.42815e-06 4.44279e-07 2.86019e-08 1.67339e-09
 2.56866e-27 2.60276e-27 4.52802e-26 9.01206e-20 2.2092e-14 6.54625e-10 2.34476e-06 0.00101519 0.0531314 0.336124 0.257315 0.0413343 0.133837 0.123209 0.0230771 0.021629 0.00676535 0.00192055 0.000517226 0.000104766 1.59212e-05 1.92795e-06 1.69296e-07 9.06767e-09 2.78968e-10
 2.56813e-27 2.60133e-27 4.40157e-26 8.74531e-20 2.14381e-14 6.35248e-10 2.27535e-06 0.00098514 0.0515587 0.326175 0.249724 0.0417005 0.141957 0.13072 0.0247346 0.0234989 0.00703274 0.00147135 0.000362803 6.55285e-05 9.78747e-06 1.05194e-06 7.49723e-08 3.40315e-09 7.82436e-11
 2.56746e-27 2.59955e-27 4.24914e-26 8.42376e-20 2.06498e-14 6.11892e-10 2.19169e-06 0.000948919 0.049663 0.314182 0.240567 0.0416994 0.148383 0.136758 0.027754 0.0288692 0.00871906 0.00193491 0.000449178 6.19535e-05 8.07398e-06 8.05423e-07 5.1623e-08 1.89505e-09 3.55439e-11
 2.56867e-27 2.60284e-27 4.53866e-26 9.03452e-20 2.2147e-14 6.56256e-10 2.3506e-06 0.00101772 0.0532638 0.336961 0.257949 0.0409766 0.13067 0.120374 0.0241602 0.0248018 0.00755217 0.00178285 0.000422334 5.95021e-05 6.59562e-06 5.19657e-07 2.96489e-08 9.6487e-10 1.46725e-11
 2.56954e-27 2.6051e-27 4.72934e-26 9.43674e-20 2.3133e-14 6.85473e-10 2.45525e-06 0.00106303 0.0556351 0.351963 0.269408 0.0412248 0.124507 0.114496 0.0196602 0.0160106 0.00477437 0.000986459 0.000230245 3.35972e-05 3.80298e-06 2.75888e-07 1.23088e-08 3.40148e-10 4.50125e-12
 2.56784e-27 2.60045e-27 4.31436e-26 8.56129e-20 2.0987e-14 6.21882e-10 2.22748e-06 0.000964412 0.0504739 0.319312 0.2445 0.0427391 0.153531 0.141223 0.0233855 0.0177672 0.00512971 0.000782516 0.00016578 2.15143e-05 2.41691e-06 1.80557e-07 7.63769e-09 1.69374e-10 1.84437e-12
 2.56553e-27 2.59428e-27 3.77832e-26 7.43051e-20 1.8215e-14 5.39743e-10 1.93327e-06 0.000837031 0.0438072 0.277137 0.212307 0.0434347 0.181443 0.167207 0.0321049 0.0311009 0.00899254 0.00133158 0.000266387 2.65218e-05 2.57587e-06 1.78411e-07 7.66358e-09 1.63072e-10 1.46466e-12
 2.5671e-27 2.59855e-27 4.15637e-26 8.22804e-20 2.017e-14 5.97675e-10 2.14077e-06 0.000926872 0.0485091 0.306882 0.235002 0.0423026 0.156883 0.144536 0.0279553 0.0273535 0.00800072 0.00134341 0.000275267 2.56328e-05 2.13131e-06 1.14541e-07 4.36563e-09 9.14613e-11 7.90813e-13
 2.56823e-27 2.60157e-27 4.42134e-26 8.78701e-20 2.15403e-14 6.38278e-10 2.2862e-06 0.000989839 0.0518046 0.32773 0.250913 0.0417676 0.141633 0.130395 0.0242221 0.0224063 0.00661545 0.00122812 0.000262843 2.7708e-05 2.34525e-06 1.11783e-07 3.33684e-09 5.86544e-11 4.84581e-13
 2.56789e-27 2.60057e-27 4.32441e-26 8.58249e-20 2.10389e-14 6.23422e-10 2.23299e-06 0.0009668 0.0505988 0.320102 0.245103 0.042718 0.152947 0.140681 0.0232367 0.0175655 0.00508694 0.000803235 0.000167694 1.90661e-05 1.74392e-06 9.10589e-08 2.53936e-09 3.57994e-11 2.40728e-13
 2.56842e-27 2.60199e-27 4.44895e-26 8.84521e-20 2.1683e-14 6.42505e-10 2.30135e-06 0.000996395 0.0521477 0.329901 0.252581 0.0424537 0.145681 0.133954 0.0216445 0.0156218 0.00441036 0.000503786 9.21091e-05 8.93774e-06 8.02956e-07 4.55948e-08 1.39532e-09 1.9402e-11 1.08282e-13
 2.56842e-27 2.60201e-27 4.45021e-26 8.84788e-20 2.16895e-14 6.42699e-10 2.30204e-06 0.000996695 0.0521634 0.33 0.252658 0.0424722 0.145769 0.13403 0.0215627 0.0154161 0.00434801 0.000489754 8.57443e-05 6.28313e-06 4.62508e-07 2.33341e-08 7.47134e-10 1.13842e-11 6.46724e-14
 2.56884e-27 2.60311e-27 4.54408e-26 9.04589e-20 2.21749e-14 6.57082e-10 2.35356e-06 0.001019 0.0533308 0.337385 0.258297 0.042491 0.141949 0.130432 0.0195894 0.0118239 0.00329739 0.000325293 5.34631e-05 3.75211e-06 2.42093e-07 9.05127e-09 2.42692e-10 3.64512e-12 2.24039e-14
 2.56888e-27 2.60323e-27 4.55625e-26 9.07156e-20 2.22378e-14 6.58947e-10 2.36024e-06 0.00102189 0.0534822 0.338343 0.259026 0.0423439 0.140318 0.128954 0.0198351 0.012754 0.0035458 0.000321071 4.99093e-05 3.16373e-06 1.88872e-07 6.45471e-09 1.35264e-10 1.58521e-12 9.11545e-15
 2.56955e-27 2.60504e-27 4.71585e-26 9.40826e-20 2.30632e-14 6.83405e-10 2.44784e-06 0.00105982 0.0554672 0.350901 0.268608 0.0419274 0.130416 0.119799 0.0178997 0.0106478 0.00295663 0.0002703 4.19156e-05 2.44898e-06 1.33206e-07 4.06119e-09 7.74888e-11 7.43643e-13 3.27569e-15
 2.56986e-27 2.60586e-27 4.78675e-26 9.55782e-20 2.34298e-14 6.94268e-10 2.48675e-06 0.00107667 0.0563489 0.356479 0.272867 0.0419031 0.127239 0.116821 0.0165223 0.00825848 0.00226997 0.000183672 2.6436e-05 1.53612e-06 8.13505e-08 2.24039e-09 3.81414e-11 3.25437e-13 1.21021e-15
 2.56957e-27 2.60507e-27 4.7163e-26 9.40918e-20 2.30655e-14 6.83471e-10 2.44808e-06 0.00105992 0.0554726 0.350935 0.268638 0.0421454 0.132054 0.121258 0.0171936 0.00867138 0.00237331 0.000172471 2.27397e-05 1.19737e-06 5.81939e-08 1.57449e-09 2.51285e-11 1.90173e-13 6.24157e-16
 2.56969e-27 2.60536e-27 4.7401e-26 9.4594e-20 2.31886e-14 6.87119e-10 2.46115e-06 0.00106558 0.0557687 0.352808 0.270069 0.0422151 0.131579 0.120784 0.0164729 0.00714886 0.00194122 0.000128697 1.55211e-05 7.33868e-07 3.10258e-08 7.44493e-10 1.11538e-11 8.05835e-14 2.38645e-16
 2.56952e-27 2.60491e-27 4.70049e-26 9.37584e-20 2.29838e-14 6.8105e-10 2.43941e-06 0.00105617 0.0552761 0.349692 0.267691 0.0423023 0.133913 0.122947 0.0170123 0.00783298 0.00212629 0.000132564 1.49413e-05 6.58933e-07 2.48955e-08 5.19554e-10 6.7519e-12 4.3898e-14 1.23139e-16
 2.5695e-27 2.60488e-27 4.69889e-26 9.37247e-20 2.29755e-14 6.80805e-10 2.43853e-06 0.00105579 0.0552562 0.349566 0.267593 0.0422132 0.133304 0.122408 0.0173374 0.00870903 0.00237567 0.000158554 1.90965e-05 8.08553e-07 2.82443e-08 5.3536e-10 6.09975e-12 3.38227e-14 8.3419e-17
#obs surv len freq
 1.24795e-41 1.73207e-33 2.9059e-26 5.89311e-20 1.44463e-14 4.28069e-10 1.53327e-06 0.000663855 0.0347435 0.219798 0.168569 0.04173 0.170274 0.142567 0.0893909 0.0845873 0.0331306 0.0118814 0.00238507 0.000265569 1.20736e-05 1.63747e-07 5.01327e-10 2.82945e-13 2.57474e-17
 1.56224e-41 2.16828e-33 3.63774e-26 7.37727e-20 1.80845e-14 5.35877e-10 1.91942e-06 0.000831045 0.0434936 0.275153 0.210871 0.0426658 0.141919 0.113078 0.0739341 0.0644403 0.0242197 0.00786095 0.00139425 0.000131396 4.84307e-06 5.08726e-08 1.16044e-10 4.75616e-14 3.09721e-18
 1.29012e-41 1.7906e-33 3.0041e-26 6.09225e-20 1.49344e-14 4.42535e-10 1.58509e-06 0.000686288 0.0359176 0.227226 0.174516 0.0517687 0.204277 0.150165 0.0733235 0.0554373 0.0198913 0.00581291 0.000903848 7.08263e-05 2.07289e-06 1.665e-08 2.82063e-11 8.40308e-15 3.92114e-19
 1.56123e-41 2.16688e-33 3.6354e-26 7.37251e-20 1.80728e-14 5.35531e-10 1.91819e-06 0.000830508 0.0434655 0.274976 0.210909 0.0474166 0.149699 0.109501 0.0844837 0.0592593 0.015345 0.00359774 0.000481788 3.1013e-05 7.08889e-07 4.28323e-09 5.33478e-12 1.15137e-15 3.85195e-20
 1.54308e-41 2.14169e-33 3.59313e-26 7.28679e-20 1.78627e-14 5.29304e-10 1.89588e-06 0.000820852 0.0429601 0.27178 0.208712 0.0554123 0.180197 0.118742 0.0633879 0.0411447 0.013771 0.00279654 0.000260625 1.29505e-05 2.28059e-07 1.02415e-09 9.26896e-13 1.43696e-16 3.43146e-21
 1.34879e-41 1.87204e-33 3.14073e-26 6.36933e-20 1.56137e-14 4.62661e-10 1.65718e-06 0.000717501 0.0375511 0.237563 0.18283 0.0612866 0.205722 0.131252 0.0833711 0.0465089 0.0109133 0.00208635 0.000190195 6.6811e-06 8.23002e-08 2.68536e-10 1.75034e-13 1.93335e-17 3.27171e-22
 1.56496e-41 2.17206e-33 3.64408e-26 7.39013e-20 1.8116e-14 5.36811e-10 1.92277e-06 0.000832493 0.0435693 0.275635 0.211868 0.0579756 0.165102 0.104831 0.0835642 0.0442198 0.0106917 0.00159419 0.000111102 3.39728e-06 3.04317e-08 6.65947e-11 3.00423e-14 2.33523e-18 2.78281e-23
 1.73257e-41 2.40469e-33 4.03437e-26 8.18161e-20 2.00563e-14 5.94304e-10 2.1287e-06 0.000921653 0.0482357 0.305157 0.234617 0.0628163 0.163338 0.0926768 0.0563253 0.0275815 0.00725061 0.00101829 5.83151e-05 1.29442e-06 8.9197e-09 1.4224e-11 4.31986e-15 2.25113e-19 1.83817e-24
 1.65562e-41 2.29789e-33 3.85519e-26 7.81824e-20 1.91655e-14 5.67909e-10 2.03416e-06 0.00088072 0.0460934 0.291606 0.224677 0.0713375 0.185119 0.0981211 0.0550295 0.0222084 0.00434302 0.000551519 2.97731e-05 5.3287e-07 2.62507e-09 2.9933e-12 6.53027e-16 2.35518e-20 1.29356e-25
 1.53376e-41 2.12876e-33 3.57144e-26 7.2428e-20 1.77549e-14 5.26109e-10 1.88444e-06 0.000815897 0.0427008 0.270146 0.208727 0.0785047 0.199666 0.104743 0.0666455 0.0238164 0.00385585 0.000360972 1.4894e-05 2.27219e-07 8.88783e-10 7.26881e-13 1.09987e-16 2.77428e-21 1.06789e-26
 1.46499e-41 2.03332e-33 3.41131e-26 6.91806e-20 1.69588e-14 5.02521e-10 1.79995e-06 0.000779315 0.0407863 0.258038 0.19992 0.0842494 0.204066 0.107491 0.0751732 0.025136 0.00403907 0.000310432 9.13549e-06 9.80935e-08 2.93007e-10 1.84754e-13 2.0422e-17 3.59941e-22 9.54522e-28
 1.88632e-41 2.61808e-33 4.39238e-26 8.90766e-20 2.18361e-14 6.47043e-10 2.3176e-06 0.00100344 0.0525161 0.332243 0.256195 0.0729868 0.140647 0.0734082 0.0520898 0.0161871 0.00254107 0.000175939 4.30155e-06 3.27387e-08 6.55537e-11 2.90126e-14 2.35208e-18 3.04376e-23 5.79091e-29
 1.56821e-41 2.17657e-33 3.65165e-26 7.40547e-20 1.81536e-14 5.37926e-10 1.92676e-06 0.000834222 0.0436598 0.276226 0.215129 0.102389 0.214138 0.0903537 0.0430625 0.012223 0.00186336 0.000117737 2.5553e-06 1.57573e-08 2.28138e-11 6.75955e-15 3.6606e-19 3.27349e-24 4.42949e-30
 1.27376e-41 1.76789e-33 2.966e-26 6.015e-20 1.47451e-14 4.36923e-10 1.56499e-06 0.000677585 0.0354622 0.224375 0.176619 0.113636 0.233164 0.119289 0.0779509 0.016997 0.00173362 9.28284e-05 1.77599e-06 9.22557e-09 1.06169e-11 2.32492e-15 8.7217e-20 5.21787e-25 4.71393e-31
 1.14445e-41 1.58843e-33 2.66491e-26 5.40439e-20 1.32482e-14 3.92569e-10 1.40612e-06 0.000608801 0.0318623 0.20161 0.160006 0.117389 0.227384 0.135567 0.0984784 0.0241483 0.00283476 0.000109413 1.46127e-06 6.06011e-09 5.62093e-12 9.60137e-16 2.70313e-20 1.16639e-25 7.34216e-32
 1.555e-41 2.15823e-33 3.62088e-26 7.34308e-20 1.80007e-14 5.33394e-10 1.91053e-06 0.000827193 0.043292 0.273916 0.214514 0.100575 0.165194 0.104747 0.0747437 0.0195739 0.00251185 0.000102851 1.19352e-06 3.40379e-09 2.23592e-12 2.88395e-16 6.18525e-21 2.00455e-26 9.30112e-33
 1.40572e-41 1.95104e-33 3.27328e-26 6.63814e-20 1.62726e-14 4.82187e-10 1.72712e-06 0.000747782 0.039136 0.247653 0.197477 0.135693 0.214804 0.0974067 0.0520549 0.0132753 0.00168032 7.07021e-05 8.22995e-07 2.10098e-09 1.03512e-12 9.13767e-17 1.36512e-21 3.19969e-27 1.09241e-33
 1.46106e-41 2.02786e-33 3.40215e-26 6.89949e-20 1.69133e-14 5.01171e-10 1.79511e-06 0.000777222 0.0406768 0.25741 0.205275 0.129971 0.190034 0.107794 0.0571937 0.00989597 0.00093337 3.57967e-05 3.92044e-07 9.32294e-10 4.04694e-13 2.87233e-17 3.13625e-22 5.08223e-28 1.19062e-34
 1.43909e-41 1.99736e-33 3.35099e-26 6.79575e-20 1.6659e-14 4.93636e-10 1.76812e-06 0.000765536 0.0400653 0.253571 0.204427 0.14432 0.195661 0.101758 0.0494598 0.00921833 0.000732511 1.89795e-05 1.61212e-07 3.28136e-10 1.23077e-13 7.41079e-18 6.62629e-23 8.38825e-29 1.46001e-35
 1.55598e-41 2.1596e-33 3.62318e-26 7.34773e-20 1.80121e-14 5.33731e-10 1.91174e-06 0.000827717 0.0433196 0.274178 0.220869 0.14136 0.175105 0.0952436 0.0419069 0.00669659 0.000481576 1.09528e-05 6.65159e-08 9.45151e-11 2.70608e-14 1.30431e-18 9.41091e-24 9.54471e-30 1.31201e-36
 1.50818e-41 2.09325e-33 3.51186e-26 7.12198e-20 1.74587e-14 5.17333e-10 1.853e-06 0.000802287 0.0419888 0.265811 0.217654 0.160507 0.184571 0.0891495 0.0342105 0.00499664 0.000301247 5.6216e-06 2.80204e-08 2.97726e-11 5.87857e-15 1.97707e-19 1.04365e-24 8.00983e-31 8.45226e-38
 1.55025e-41 2.15164e-33 3.60982e-26 7.32064e-20 1.79457e-14 5.31764e-10 1.90469e-06 0.000824665 0.0431601 0.27326 0.224774 0.160404 0.172715 0.0898624 0.0310326 0.00377223 0.00018922 2.89374e-06 1.13003e-08 9.29235e-12 1.384e-15 3.33675e-20 1.21705e-25 6.43788e-32 4.77546e-39
 1.55585e-41 2.15942e-33 3.62288e-26 7.34712e-20 1.80106e-14 5.33687e-10 1.91158e-06 0.000827649 0.0433164 0.274318 0.228532 0.170809 0.170222 0.0829211 0.025965 0.00296246 0.000123378 1.46868e-06 4.42868e-09 2.76234e-12 3.07038e-16 5.48402e-21 1.46389e-26 5.54953e-33 2.88704e-40
 1.59601e-41 2.21515e-33 3.71638e-26 7.53674e-20 1.84754e-14 5.47461e-10 1.96092e-06 0.000849009 0.0444345 0.281462 0.236324 0.173981 0.161798 0.0776416 0.021343 0.00208971 7.43435e-05 7.27654e-07 1.67212e-09 7.70673e-13 6.29705e-17 8.22314e-22 1.59611e-27 4.38647e-34 1.64959e-41
 1.58686e-41 2.20246e-33 3.69508e-26 7.49354e-20 1.83695e-14 5.44323e-10 1.94968e-06 0.000844143 0.0441801 0.279964 0.238999 0.18445 0.160066 0.0722896 0.017642 0.00151921 4.43763e-05 3.47614e-07 6.28073e-10 2.19054e-13 1.30701e-17 1.22799e-22 1.71084e-28 3.37476e-35 9.1022e-43
 1.36951e-41 1.90079e-33 3.18898e-26 6.46718e-20 1.58535e-14 4.69769e-10 1.68264e-06 0.000728524 0.0381298 0.241915 0.218352 0.216931 0.183508 0.0815091 0.0175871 0.00130488 3.16076e-05 1.9753e-07 2.74157e-10 7.2238e-14 3.21447e-18 2.2125e-23 2.22005e-29 3.12129e-36 5.97705e-44
 1.40372e-41 1.94828e-33 3.26864e-26 6.62874e-20 1.62496e-14 4.81504e-10 1.72467e-06 0.000746723 0.0390827 0.248042 0.223959 0.205111 0.17638 0.0881494 0.0173884 0.00111635 2.20137e-05 1.08276e-07 1.15223e-10 2.27354e-14 7.45473e-19 3.75231e-24 2.7403e-30 2.78758e-37 3.83455e-45
 1.46665e-41 2.03561e-33 3.41515e-26 6.92586e-20 1.69779e-14 5.03087e-10 1.80198e-06 0.000780195 0.0408345 0.259112 0.231916 0.202994 0.169109 0.0782765 0.0158984 0.00105778 1.91803e-05 8.11569e-08 7.19537e-11 1.16557e-14 3.11169e-19 1.26697e-24 7.44846e-31 6.08472e-38 6.71668e-46
#pred catch len freq
 2.55799e-27 2.57461e-27 2.13293e-26 3.95979e-20 9.70696e-15 2.87635e-10 1.03026e-06 0.000446063 0.0233453 0.14769 0.113416 0.0404753 0.228396 0.211356 0.0542579 0.0711199 0.0305144 0.0233724 0.0142735 0.0107573 0.0083436 0.00712338 0.0070458 0.00618485 0.00188072
 2.55863e-27 2.57653e-27 2.30918e-26 4.33163e-20 1.06185e-14 3.14644e-10 1.127e-06 0.000487949 0.0255375 0.161558 0.123988 0.0393554 0.212451 0.197498 0.0677044 0.104923 0.0353077 0.0142082 0.00631054 0.00358018 0.00227132 0.00166276 0.00145576 0.00127485 0.000424279
 2.55935e-27 2.57836e-27 2.45299e-26 4.63492e-20 1.13619e-14 3.36675e-10 1.20591e-06 0.000522114 0.0273256 0.17287 0.132647 0.0406905 0.216527 0.200843 0.0607327 0.088349 0.0328635 0.0177409 0.00554025 0.00166418 0.000697845 0.000390364 0.000283068 0.000232323 7.9945e-05
 2.55964e-27 2.579e-27 2.49693e-26 4.72756e-20 1.15891e-14 3.43404e-10 1.23002e-06 0.00053255 0.0278718 0.176325 0.1353 0.0416099 0.22166 0.205426 0.0588026 0.0826628 0.0291359 0.0136301 0.00488534 0.00159736 0.000346616 0.000106575 5.47306e-05 3.85922e-05 1.31249e-05
 2.56118e-27 2.58305e-27 2.8417e-26 5.45485e-20 1.33719e-14 3.96234e-10 1.41924e-06 0.000614478 0.0321596 0.203451 0.156013 0.0416078 0.207092 0.191806 0.0532374 0.0733232 0.0251385 0.0106637 0.00349603 0.00107009 0.000262047 4.66485e-05 1.1085e-05 5.58449e-06 1.77731e-06
 2.56093e-27 2.58216e-27 2.74218e-26 5.24482e-20 1.2857e-14 3.80977e-10 1.3646e-06 0.000590818 0.0309213 0.195617 0.150063 0.0436129 0.226531 0.209387 0.0498986 0.0612251 0.0205921 0.00814727 0.00253438 0.000692559 0.000153254 2.77208e-05 3.5568e-06 7.90566e-07 2.0904e-07
 2.56142e-27 2.58349e-27 2.85954e-26 5.4924e-20 1.3464e-14 3.98961e-10 1.42901e-06 0.000618707 0.0323809 0.204851 0.157107 0.0431964 0.218413 0.201965 0.0498651 0.0629487 0.0200595 0.00620464 0.00182196 0.000458992 9.12835e-05 1.47137e-05 1.68387e-06 1.55045e-07 2.32573e-08
 2.56362e-27 2.58934e-27 3.36551e-26 6.55975e-20 1.60804e-14 4.76492e-10 1.70671e-06 0.000738942 0.0386736 0.24466 0.187496 0.0426811 0.19314 0.178412 0.0415151 0.0498284 0.0159968 0.00513034 0.00138654 0.000280487 5.06107e-05 7.2745e-06 7.29108e-07 4.69185e-08 2.74456e-09
 2.56388e-27 2.58983e-27 3.38939e-26 6.61005e-20 1.62037e-14 4.80146e-10 1.7198e-06 0.000744609 0.0389701 0.246536 0.188954 0.0442483 0.204042 0.188108 0.0366323 0.0362149 0.0113156 0.00317829 0.000852576 0.000171462 2.59719e-05 3.13742e-06 2.75203e-07 1.47335e-08 4.53198e-10
 2.56311e-27 2.58776e-27 3.2068e-26 6.22485e-20 1.52595e-14 4.52165e-10 1.61958e-06 0.000701217 0.0366992 0.232169 0.177991 0.0447109 0.215265 0.198509 0.0392882 0.039622 0.0118549 0.00245792 0.000603735 0.000108267 1.61165e-05 1.72825e-06 1.23031e-07 5.58181e-09 1.28311e-10
 2.56261e-27 2.58647e-27 3.09988e-26 5.99934e-20 1.47067e-14 4.35785e-10 1.56091e-06 0.000675813 0.0353696 0.223758 0.171563 0.0443864 0.217312 0.200548 0.0423879 0.0461842 0.0139364 0.0030582 0.000707388 9.6842e-05 1.25727e-05 1.25112e-06 8.00989e-08 2.93882e-09 5.51092e-11
 2.5644e-27 2.59128e-27 3.52213e-26 6.89008e-20 1.68902e-14 5.00487e-10 1.79266e-06 0.000776153 0.0406211 0.25698 0.196917 0.043492 0.192692 0.177736 0.0366452 0.0388358 0.0118064 0.0027467 0.000647929 9.05845e-05 1.00059e-05 7.86167e-07 4.47972e-08 1.45705e-09 2.2152e-11
 2.56549e-27 2.59408e-27 3.7546e-26 7.38045e-20 1.80923e-14 5.36106e-10 1.92024e-06 0.000831392 0.0435121 0.27527 0.210892 0.0440923 0.187442 0.172589 0.0302532 0.0255423 0.00760778 0.00154886 0.000359816 5.20983e-05 5.87691e-06 4.25241e-07 1.89475e-08 5.23265e-10 6.9228e-12
 2.56338e-27 2.58833e-27 3.24088e-26 6.29669e-20 1.54356e-14 4.57383e-10 1.63827e-06 0.000709309 0.0371227 0.234849 0.180057 0.0459761 0.223442 0.20574 0.0348779 0.0277268 0.00800274 0.00120522 0.000254025 3.27156e-05 3.66167e-06 2.72853e-07 1.15278e-08 2.55479e-10 2.78118e-12
 2.56157e-27 2.58354e-27 2.83129e-26 5.43269e-20 1.33176e-14 3.94624e-10 1.41348e-06 0.000611981 0.0320289 0.202624 0.155451 0.0459861 0.240805 0.222064 0.0432388 0.0426725 0.0123245 0.00179489 0.000356941 3.52609e-05 3.40946e-06 2.35491e-07 1.01025e-08 2.1484e-10 1.92907e-12
 2.56285e-27 2.58703e-27 3.14134e-26 6.08677e-20 1.4921e-14 4.42135e-10 1.58365e-06 0.000685662 0.0358851 0.227019 0.174062 0.0449622 0.219938 0.202822 0.0400928 0.0403526 0.0117903 0.00195 0.000397653 3.67564e-05 3.04345e-06 1.63076e-07 6.20643e-09 1.29941e-10 1.12322e-12
 2.56439e-27 2.59116e-27 3.5017e-26 6.84696e-20 1.67845e-14 4.97354e-10 1.78144e-06 0.000771295 0.0403668 0.255372 0.195702 0.0443367 0.199974 0.184283 0.0346841 0.0326951 0.0096381 0.0017586 0.000374477 3.91698e-05 3.30288e-06 1.56975e-07 4.67887e-09 8.21793e-11 6.78723e-13
 2.56436e-27 2.59096e-27 3.47275e-26 6.78585e-20 1.66347e-14 4.92916e-10 1.76554e-06 0.000764412 0.0400066 0.253093 0.193979 0.045402 0.209291 0.19265 0.0319815 0.0244202 0.00706164 0.00109453 0.00022705 2.56061e-05 2.33324e-06 1.21494e-07 3.38356e-09 4.76631e-11 3.20385e-13
 2.56483e-27 2.59221e-27 3.58116e-26 7.01452e-20 1.71953e-14 5.09526e-10 1.82504e-06 0.000790172 0.0413547 0.261622 0.200489 0.0452314 0.203419 0.1872 0.0304537 0.0222996 0.00629077 0.000706804 0.000128214 1.23431e-05 1.10406e-06 6.25191e-08 1.91076e-09 2.65508e-11 1.48126e-13
 2.56526e-27 2.59338e-27 3.68426e-26 7.23203e-20 1.77284e-14 5.25326e-10 1.88163e-06 0.000814673 0.0426371 0.269734 0.206679 0.0449733 0.197106 0.181361 0.0291794 0.0208644 0.00587798 0.00065011 0.000112873 8.21011e-06 6.0115e-07 3.02366e-08 9.6675e-10 1.47206e-11 8.35991e-14
 2.5655e-27 2.59399e-27 3.73304e-26 7.33493e-20 1.79807e-14 5.328e-10 1.9084e-06 0.000826264 0.0432437 0.273572 0.209614 0.0452468 0.197126 0.181277 0.0273094 0.0166232 0.00463254 0.000449578 7.32324e-05 5.10298e-06 3.27598e-07 1.22102e-08 3.26831e-10 4.90499e-12 3.01377e-14
 2.5657e-27 2.59456e-27 3.78538e-26 7.44533e-20 1.82513e-14 5.4082e-10 1.93713e-06 0.000838702 0.0438946 0.27769 0.212753 0.0449359 0.192553 0.177096 0.0272679 0.0175785 0.00488339 0.000435027 6.69551e-05 4.21526e-06 2.50266e-07 8.52688e-09 1.78391e-10 2.08867e-12 1.20057e-14
 2.56667e-27 2.59717e-27 4.01544e-26 7.93067e-20 1.94411e-14 5.76074e-10 2.0634e-06 0.000893373 0.0467559 0.295791 0.226566 0.0443414 0.178325 0.16394 0.0244584 0.0144877 0.00401904 0.000361191 5.54443e-05 3.21823e-06 1.74027e-07 5.28948e-09 1.00748e-10 9.6597e-13 4.25312e-15
 2.56695e-27 2.59791e-27 4.07802e-26 8.06267e-20 1.97647e-14 5.85662e-10 2.09774e-06 0.000908243 0.0475342 0.300714 0.230326 0.044424 0.176312 0.162015 0.0229046 0.0114314 0.00313981 0.000250103 3.5595e-05 2.0548e-06 1.08196e-07 2.97081e-09 5.04836e-11 4.30333e-13 1.59956e-15
 2.56698e-27 2.59799e-27 4.08523e-26 8.07787e-20 1.98019e-14 5.86767e-10 2.1017e-06 0.000909956 0.0476238 0.301281 0.230759 0.0444067 0.175876 0.161613 0.0228243 0.0113489 0.00310301 0.000222026 2.88886e-05 1.51165e-06 7.30018e-08 1.96909e-09 3.13697e-11 2.37175e-13 7.78043e-16
 2.56699e-27 2.59799e-27 4.08295e-26 8.07306e-20 1.97901e-14 5.86417e-10 2.10045e-06 0.000909413 0.0475954 0.301102 0.230625 0.0446143 0.177549 0.163107 0.0221904 0.00952917 0.0025854 0.000169017 2.00991e-05 9.44955e-07 3.96777e-08 9.49169e-10 1.41923e-11 1.02435e-13 3.03212e-16
 2.56667e-27 2.59712e-27 4.0062e-26 7.91115e-20 1.93932e-14 5.74656e-10 2.05832e-06 0.000891175 0.0466409 0.295063 0.226017 0.044811 0.182284 0.167486 0.023141 0.0105928 0.00287369 0.000176873 1.96483e-05 8.61992e-07 3.23375e-08 6.7283e-10 8.72524e-12 5.66682e-14 1.58879e-16
 2.56615e-27 2.59572e-27 3.88286e-26 7.65096e-20 1.87554e-14 5.55756e-10 1.99063e-06 0.000861865 0.0451069 0.285359 0.218612 0.0450898 0.189608 0.174269 0.0247784 0.0126166 0.00344133 0.000226883 2.69993e-05 1.13783e-06 3.94671e-08 7.45911e-10 8.48015e-12 4.69706e-14 1.15781e-16
#obs catch len freq
 6.00445e-42 8.33378e-34 1.39816e-26 2.83545e-20 6.95077e-15 2.05964e-10 7.37729e-07 0.000319411 0.0167167 0.105756 0.0815237 0.0424964 0.227532 0.192042 0.131388 0.126851 0.0516593 0.0191935 0.00403156 0.000467103 2.21061e-05 3.13189e-07 1.00051e-09 5.86397e-13 5.51635e-17
 6.84624e-42 9.50213e-34 1.59418e-26 3.23296e-20 7.92523e-15 2.34839e-10 8.41156e-07 0.000364191 0.0190603 0.120583 0.0929561 0.0462024 0.230092 0.184756 0.129148 0.114308 0.0444634 0.0149696 0.00280688 0.000279055 1.07678e-05 1.17675e-07 2.78671e-10 1.18264e-13 7.94394e-18
 1.03408e-41 1.43523e-33 2.4079e-26 4.88318e-20 1.19705e-14 3.54709e-10 1.27051e-06 0.000550087 0.0287894 0.182131 0.140023 0.048193 0.202128 0.154244 0.110024 0.0890511 0.0330706 0.0100069 0.00164527 0.000137268 4.25535e-06 3.57372e-08 6.27234e-11 1.92714e-14 9.24786e-19
 8.84782e-42 1.22802e-33 2.06026e-26 4.17816e-20 1.02423e-14 3.03497e-10 1.08708e-06 0.000470667 0.0246328 0.155837 0.12028 0.0600898 0.262115 0.182886 0.095443 0.0671684 0.0236853 0.00641098 0.000916221 6.29842e-05 1.53734e-06 9.80627e-09 1.27219e-11 2.83289e-15 9.72544e-20
 1.22253e-41 1.6968e-33 2.84673e-26 5.77311e-20 1.41521e-14 4.19353e-10 1.50205e-06 0.000650337 0.034036 0.215324 0.165602 0.0540088 0.193211 0.135498 0.109702 0.0699669 0.0176456 0.00385608 0.000470985 2.63497e-05 4.98116e-07 2.37588e-09 2.25702e-12 3.63148e-16 8.92407e-21
 1.28776e-41 1.78732e-33 2.9986e-26 6.0811e-20 1.49071e-14 4.41725e-10 1.58219e-06 0.000685032 0.0358518 0.226812 0.174693 0.0637338 0.220447 0.137718 0.0764511 0.0458514 0.0148052 0.00270866 0.000230449 9.93192e-06 1.43544e-07 5.06008e-10 3.48069e-13 4.01381e-17 7.0302e-22
 1.16817e-41 1.62134e-33 2.72013e-26 5.51637e-20 1.35227e-14 4.00703e-10 1.43525e-06 0.000621416 0.0325224 0.205751 0.158896 0.0696512 0.236013 0.143353 0.0932668 0.0471902 0.0107033 0.00187399 0.000151064 4.54178e-06 4.59478e-08 1.17275e-10 5.79196e-14 4.74961e-18 5.88799e-23
 1.45515e-41 2.01966e-33 3.3884e-26 6.8716e-20 1.68449e-14 4.99146e-10 1.78786e-06 0.000774081 0.0405123 0.256297 0.197411 0.0645052 0.183916 0.112122 0.0899162 0.0431738 0.00995242 0.001333 8.31249e-05 2.14443e-06 1.55382e-08 2.65771e-11 9.07916e-15 5.23241e-19 4.56322e-24
 1.67859e-41 2.32977e-33 3.90868e-26 7.92672e-20 1.94314e-14 5.75789e-10 2.06238e-06 0.00089294 0.0467329 0.295652 0.227678 0.0688339 0.175026 0.0944827 0.0575988 0.0258411 0.00641762 0.000800825 4.02206e-05 7.52402e-07 4.17524e-09 5.15886e-12 1.18417e-15 4.57582e-20 2.73313e-25
 1.6434e-41 2.28093e-33 3.82674e-26 7.76055e-20 1.90241e-14 5.63718e-10 2.01915e-06 0.000874221 0.0457532 0.289457 0.223397 0.0771841 0.19047 0.0959165 0.0533947 0.0195067 0.00361411 0.000410709 1.9159e-05 2.84297e-07 1.12139e-09 9.89204e-13 1.62598e-16 4.3433e-21 1.74596e-26
 1.55815e-41 2.16261e-33 3.62823e-26 7.35798e-20 1.80372e-14 5.34476e-10 1.91441e-06 0.000828872 0.0433799 0.274445 0.212411 0.0839755 0.199371 0.100076 0.0622172 0.0200031 0.00302967 0.000251634 9.03419e-06 1.13519e-07 3.51323e-10 2.21037e-13 2.51654e-17 4.69657e-22 1.32241e-27
 1.5199e-41 2.10952e-33 3.53916e-26 7.17733e-20 1.75944e-14 5.21354e-10 1.86741e-06 0.000808522 0.0423148 0.267711 0.207738 0.0891602 0.199208 0.101175 0.0680762 0.020548 0.0030481 0.000204534 5.18372e-06 4.59162e-08 1.08397e-10 5.22723e-14 4.33062e-18 5.64113e-23 1.09394e-28
 1.93205e-41 2.68156e-33 4.49888e-26 9.12363e-20 2.23655e-14 6.62731e-10 2.37379e-06 0.00102777 0.0537895 0.340301 0.262683 0.0762139 0.135813 0.0687331 0.0463883 0.0130586 0.00187466 0.000112539 2.3309e-06 1.44746e-08 2.28858e-11 7.74887e-15 4.69849e-19 4.48365e-24 6.23338e-30
 1.62271e-41 2.25221e-33 3.77855e-26 7.66282e-20 1.87845e-14 5.56619e-10 1.99372e-06 0.000863212 0.0451771 0.285831 0.223069 0.107351 0.205811 0.0827849 0.0378824 0.00980053 0.00135294 7.37904e-05 1.34247e-06 6.67613e-09 7.56621e-12 1.71121e-15 6.93177e-20 4.56729e-25 4.50856e-31
 1.33697e-41 1.85563e-33 3.11321e-26 6.31352e-20 1.54768e-14 4.58607e-10 1.64266e-06 0.000711214 0.0372221 0.235518 0.185948 0.119976 0.225451 0.112529 0.0680894 0.0132593 0.00123589 5.73126e-05 9.11788e-07 3.78926e-09 3.38682e-12 5.63097e-16 1.5771e-20 6.95339e-26 4.58353e-32
 1.21452e-41 1.68567e-33 2.82806e-26 5.73525e-20 1.40593e-14 4.16602e-10 1.4922e-06 0.000646072 0.0338129 0.213961 0.170398 0.124164 0.220374 0.129606 0.085902 0.0190968 0.00197352 6.48546e-05 7.25294e-07 2.40185e-09 1.72019e-12 2.22003e-16 4.65129e-21 1.47728e-26 6.78826e-33
 1.63149e-41 2.2644e-33 3.799e-26 7.7043e-20 1.88862e-14 5.59632e-10 2.00451e-06 0.000867884 0.0454216 0.287398 0.225533 0.104447 0.157126 0.0984407 0.0637544 0.0152433 0.00170655 5.88772e-05 5.57418e-07 1.26376e-09 6.41809e-13 6.23857e-17 9.9256e-22 2.36232e-27 7.99216e-34
 1.48379e-41 2.05941e-33 3.45508e-26 7.00684e-20 1.71764e-14 5.08969e-10 1.82304e-06 0.000789315 0.0413097 0.261421 0.209111 0.140342 0.202357 0.0892837 0.0439655 0.0102496 0.00112857 3.98623e-05 3.74173e-07 7.47947e-10 2.8234e-13 1.87618e-17 2.07746e-22 3.56804e-28 8.86263e-35
 1.54424e-41 2.1433e-33 3.59583e-26 7.29226e-20 1.78761e-14 5.29702e-10 1.89731e-06 0.000821469 0.0429925 0.272079 0.217588 0.133732 0.178731 0.0990938 0.0469742 0.00735421 0.000612485 1.97067e-05 1.73076e-07 3.19583e-10 1.05344e-13 5.59313e-18 4.51751e-23 5.3651e-29 9.13952e-36
 1.52505e-41 2.11667e-33 3.55115e-26 7.20167e-20 1.7654e-14 5.23122e-10 1.87374e-06 0.000811263 0.0424585 0.268737 0.21733 0.147688 0.182821 0.092498 0.0404173 0.00676583 0.000460561 1.00307e-05 6.86788e-08 1.08127e-10 3.06185e-14 1.37138e-18 9.03185e-24 8.36266e-30 1.05878e-36
 1.64439e-41 2.2823e-33 3.82903e-26 7.7652e-20 1.90355e-14 5.64056e-10 2.02036e-06 0.000874745 0.0457809 0.289778 0.234052 0.143282 0.162243 0.0854144 0.033476 0.0047965 0.000295169 5.53729e-06 2.684e-08 2.95652e-11 6.3841e-15 2.28022e-19 1.20694e-24 8.92239e-31 8.89919e-38
 1.59755e-41 2.2173e-33 3.71998e-26 7.54404e-20 1.84933e-14 5.47991e-10 1.96281e-06 0.000849831 0.0444771 0.281594 0.231273 0.161952 0.1701 0.0790255 0.027032 0.00351167 0.000179664 2.75705e-06 1.0873e-08 8.88086e-12 1.32033e-15 3.28898e-20 1.27061e-25 7.0844e-32 5.40715e-39
 1.64164e-41 2.27849e-33 3.82264e-26 7.75223e-20 1.90037e-14 5.63114e-10 2.01698e-06 0.000873284 0.0457047 0.289406 0.238706 0.160909 0.158796 0.0788592 0.0240459 0.00258638 0.000109637 1.3678e-06 4.20475e-09 2.64644e-12 2.95498e-16 5.26672e-21 1.40574e-26 5.3988e-33 2.89057e-40
 1.64815e-41 2.28753e-33 3.8378e-26 7.78299e-20 1.90791e-14 5.65348e-10 2.02498e-06 0.000876748 0.0458862 0.290636 0.242767 0.170347 0.15562 0.0719109 0.0198959 0.00198777 6.92225e-05 6.68958e-07 1.58045e-09 7.51412e-13 6.24354e-17 8.22439e-22 1.6041e-27 4.41446e-34 1.65907e-41
 1.68846e-41 2.34347e-33 3.93165e-26 7.97331e-20 1.95456e-14 5.79173e-10 2.0745e-06 0.000898188 0.0470086 0.297819 0.250647 0.172457 0.147259 0.0664404 0.0160576 0.00136999 4.05292e-05 3.1904e-07 5.71144e-10 2.00043e-13 1.21876e-17 1.17141e-22 1.65874e-28 3.30494e-35 8.97019e-43
 1.67959e-41 2.33116e-33 3.911e-26 7.93143e-20 1.9443e-14 5.76131e-10 2.06361e-06 0.000893471 0.0467621 0.296392 0.253579 0.182005 0.145121 0.0611602 0.013089 0.000973418 2.34894e-05 1.47233e-07 2.06089e-10 5.43882e-14 2.41428e-18 1.66709e-23 1.6921e-29 2.41698e-36 4.70043e-44
 1.46524e-41 2.03365e-33 3.41188e-26 6.91922e-20 1.69617e-14 5.02605e-10 1.80025e-06 0.000779446 0.0407955 0.258923 0.234251 0.214889 0.167694 0.0688527 0.0129707 0.000825274 1.64075e-05 8.15072e-08 8.72499e-11 1.73367e-14 5.72401e-19 2.89097e-24 2.1119e-30 2.14913e-37 2.96574e-45
 1.50154e-41 2.08404e-33 3.49641e-26 7.09066e-20 1.73819e-14 5.15058e-10 1.84485e-06 0.000798759 0.0418059 0.265229 0.235345 0.197011 0.166683 0.0780312 0.0142548 0.000825545 1.42823e-05 6.02091e-08 5.38099e-11 8.79109e-15 2.36217e-19 9.67438e-25 5.7201e-31 4.69476e-38 5.19747e-46
#spawning biomass
 18190.3 18365.7 20210.9 22632.1 26614.3 31003.4 34534.3 44557.8 60385 78342.1 97594.5 121095 158699 189650 183777 145007 148770 148557 141076 143260 135851 141595 151286 166356 185761 186316 191774 201528 219318 217000 127053 59726.6 33855.2 25708.2 23351.2 22703.7 22532.1 22487.8 22476.6 22473.8 22473.1 22473 22472.9 22472.9 22472.9 22472.9 22472.9 22472.9 22472.9 22472.9 22472.9 22472.9 22472.9 22472.9 22472.9 22472.9 22472.9 22472.9 22472.9 22472.9 22472.9 22472.9 22472.9 22472.9 22472.9 22472.9 22472.9 22472.9 22472.9 22472.9 22472.9 22472.9 22472.9 22472.9 22472.9 22472.9 22472.9 22472.9 22472.9 22472.9 22472.9 22472.9 22472.9 22472.9 22472.9 22472.9 22472.9 22472.9 22472.9 22472.9 22472.9 22472.9 22472.9 22472.9 22472.9 22472.9 22472.9 22472.9 22472.9 22472.9 22472.9 22472.9 22472.9 22472.9 22472.9 22472.9 22472.9 22472.9 22472.9 22472.9 22472.9 22472.9 22472.9 22472.9 22472.9 22472.9 22472.9 22472.9 22472.9 22472.9 22472.9 22472.9 22472.9 22472.9 22472.9 22472.9 22472.9 22472.9 0 0 0 0 0 0 0 0 0 0 0 0 0 0 0 0 0 0 0 0 0 0 0 0 0
