SBPRF35
0.819782
Curr Bio
282472
B35
1.03397e+06
F35
0.21701
FOFL
0.0560768
OFL
11779.4
Bzero
234224
#pred survey bio
 9148.92 9904.17 8366.75 7826.32 11565 17630.8 26902.8 35450.2 47242.8 62653.8 82453.7 109843 142670 182739 208831 161495 163575 178631 176230 172046 194730 212953 184136 241962 233068 232332 241721 252336 255923 9.76446e+06 1.11349e+07 1.1928e+07 1.12449e+07 9.83318e+06 8.239e+06 6.76332e+06 5.5293e+06 4.55786e+06 3.82187e+06 3.27789e+06 2.88204e+06 2.59655e+06 2.39137e+06 2.24226e+06 2.13234e+06 2.05432e+06 1.99832e+06 1.95764e+06 1.92773e+06 1.90548e+06 1.88873e+06 1.87598e+06 1.86618e+06 1.85858e+06 1.85262e+06 1.84793e+06 1.8442e+06 1.84123e+06 1.83885e+06 1.83693e+06 1.83539e+06 1.83414e+06 1.83312e+06 1.8323e+06 1.83163e+06 1.83108e+06 1.83063e+06 1.83027e+06 1.82997e+06 1.82973e+06 1.82953e+06 1.82937e+06 1.82924e+06 1.82913e+06 1.82904e+06 1.82897e+06 1.82891e+06 1.82886e+06 1.82882e+06 1.82879e+06 1.82876e+06 1.82874e+06 1.82872e+06 1.82871e+06 1.8287e+06 1.82869e+06 1.82868e+06 1.82867e+06 1.82867e+06 1.82866e+06 1.82866e+06 1.82865e+06 1.82865e+06 1.82865e+06 1.82865e+06 1.82865e+06 1.82865e+06 1.82864e+06 1.82864e+06 1.82864e+06 1.82864e+06 1.82864e+06 1.82864e+06 1.82864e+06 1.82864e+06 1.82864e+06 1.82864e+06 1.82864e+06 1.82864e+06 1.82864e+06 1.82864e+06 1.82864e+06 1.82864e+06 1.82864e+06 1.82864e+06 1.82864e+06 1.82864e+06 1.82864e+06 1.82864e+06 1.82864e+06 1.82864e+06 1.82864e+06 1.82864e+06 1.82864e+06 1.82864e+06 1.82864e+06 1.82864e+06 1.82864e+06 1.82864e+06 0 0 0 0 0 0 0 0 0 0 0 0 0 0 0 0 0 0 0 0 0 0 0 0 0
#obs survey bio
 8419.02 8101.05 7882.81 9135.96 12120.1 17177.3 35497.4 49177.2 52098.7 75162.2 80031.2 147597 170262 149659 119536 110933 183704 153949 166338 179656 227862 240270 194714 350095 220925 251693 272902 211034 238717
#pred catch bio
 3232.56 4470.83 4593.66 3641.74 5715.67 9117.26 16377 21276.4 29952.6 42274.8 57091 77481.2 97589.4 120384 167770 126612 130200 143026 141879 135314 159336 195494 142355 213228 205311 201834 209176 228901 222768 11779.4 93497.5 99398.1 92699.9 79934.2 65840.1 52996.4 42421.7 34243.7 28178.8 23811.4 20732.6 18596 17130.2 16126.2 15438.5 14985.3 14686.7 14489.8 14360.1 14274.7 14218.3 14181.2 14156.7 14140.6 14130 14123 14118.4 14115.3 14113.3 14112 14111.1 14110.6 14110.2 14109.9 14109.8 14109.7 14109.6 14109.5 14109.5 14109.5 14109.5 14109.5 14109.5 14109.5 14109.5 14109.5 14109.5 14109.5 14109.5 14109.5 14109.5 14109.5 14109.5 14109.5 14109.5 14109.5 14109.5 14109.5 14109.5 14109.5 14109.5 14109.5 14109.5 14109.5 14109.5 14109.5 14109.5 14109.5 14109.5 14109.5 14109.5 14109.5 14109.5 14109.5 14109.5 14109.5 14109.5 14109.5 14109.5 14109.5 14109.5 14109.5 14109.5 14109.5 14109.5 14109.5 14109.5 14109.5 14109.5 14109.5 14109.5 14109.5 14109.5 14109.5 14109.5 14109.5 14109.5 14109.5 14109.5 0 0 0 0 0 0 0 0 0 0 0 0 0 0 0 0 0 0 0 0 0 0 0 0 0
#obs catch bio
 3863.87 4398.46 5259.05 3478.74 5437.19 8599.68 15038.7 18989.2 27864 38295.1 53672 69226.5 84084.3 114611 196206 140465 133802 140458 137110 130102 153543 190623 136461 190214 190494 200721 195970 232591 219133
#pred cpue bio
 8673.52 9617.81 7915.15 6971.31 10218.1 15452 23607.1 31283.4 41369.8 54444 70862.6 94555.3 122708 160804 188965 142290 140027 155421 154457 148462 165798 183518 154084 206598 198334 196426 205867 212250 214176 8.30328e+06 1.11015e+07 1.18946e+07 1.12116e+07 9.79985e+06 8.20567e+06 6.72999e+06 5.49597e+06 4.52453e+06 3.78854e+06 3.24456e+06 2.84871e+06 2.56323e+06 2.35804e+06 2.20893e+06 2.09901e+06 2.02099e+06 1.96499e+06 1.92431e+06 1.8944e+06 1.87215e+06 1.8554e+06 1.84266e+06 1.83285e+06 1.82525e+06 1.81929e+06 1.8146e+06 1.81087e+06 1.8079e+06 1.80552e+06 1.8036e+06 1.80206e+06 1.80081e+06 1.79979e+06 1.79897e+06 1.7983e+06 1.79775e+06 1.79731e+06 1.79694e+06 1.79664e+06 1.7964e+06 1.7962e+06 1.79604e+06 1.79591e+06 1.7958e+06 1.79571e+06 1.79564e+06 1.79558e+06 1.79553e+06 1.79549e+06 1.79546e+06 1.79543e+06 1.79541e+06 1.79539e+06 1.79538e+06 1.79537e+06 1.79536e+06 1.79535e+06 1.79534e+06 1.79534e+06 1.79533e+06 1.79533e+06 1.79532e+06 1.79532e+06 1.79532e+06 1.79532e+06 1.79532e+06 1.79532e+06 1.79532e+06 1.79531e+06 1.79531e+06 1.79531e+06 1.79531e+06 1.79531e+06 1.79531e+06 1.79531e+06 1.79531e+06 1.79531e+06 1.79531e+06 1.79531e+06 1.79531e+06 1.79531e+06 1.79531e+06 1.79531e+06 1.79531e+06 1.79531e+06 1.79531e+06 1.79531e+06 1.79531e+06 1.79531e+06 1.79531e+06 1.79531e+06 1.79531e+06 1.79531e+06 1.79531e+06 1.79531e+06 1.79531e+06 1.79531e+06 1.79531e+06 1.79531e+06 0 0 0 0 0 0 0 0 0 0 0 0 0 0 0 0 0 0 0 0 0 0 0 0 0
#obs cpue bio
 4877.53 11378.5 6209.47 8059.64 11726 21542.2 26377.8 37760.6 40534.8 76040.4 75410.5 137288 176427 162703 163114 141995 122883 200099 195886 159905 166471 196910 140683 292164 244651 166426 254656 232334 268258
#pred surv len freq
 6.45345e-12 7.00768e-10 4.48638e-08 1.69339e-06 3.76845e-05 0.000494474 0.00382682 0.0174975 0.0476685 0.0806041 0.099442 0.123202 0.156863 0.156231 0.116012 0.0756249 0.0481085 0.0291047 0.0171391 0.0102835 0.00649454 0.00447266 0.00330637 0.00230832 0.00127677
 4.22872e-12 4.59189e-10 2.93977e-08 1.10962e-06 2.46935e-05 0.000324024 0.00250807 0.0114768 0.0313911 0.0540807 0.071259 0.0985632 0.136407 0.149666 0.134364 0.111359 0.0823621 0.0521115 0.0296514 0.0158931 0.00837117 0.00464071 0.00283428 0.00177058 0.000941736
 7.73781e-12 8.40234e-10 5.37925e-08 2.0304e-06 4.51839e-05 0.000592845 0.00458692 0.0209446 0.0566712 0.0927255 0.100528 0.0951791 0.101537 0.105209 0.0987175 0.0912684 0.0802331 0.0629421 0.042474 0.0241687 0.0119703 0.0055547 0.00265445 0.00135163 0.000644548
 1.17326e-11 1.27402e-09 8.15639e-08 3.07863e-06 6.85107e-05 0.000898901 0.00695454 0.0317469 0.0857824 0.139406 0.146654 0.127134 0.119809 0.105719 0.0732096 0.0463057 0.0340338 0.0282967 0.0226687 0.0156597 0.00887345 0.00414003 0.00169741 0.000675403 0.000263288
 1.13144e-11 1.22861e-09 7.86569e-08 2.96891e-06 6.60691e-05 0.000866872 0.00670707 0.0306247 0.0828519 0.135466 0.146338 0.136455 0.138684 0.125032 0.0840862 0.0468449 0.0257427 0.0148576 0.00970256 0.00697315 0.00462452 0.00250161 0.00107222 0.000380003 0.000119234
 1.15764e-11 1.25706e-09 8.04779e-08 3.03764e-06 6.75986e-05 0.00088694 0.00686226 0.0313316 0.0847414 0.13837 0.14862 0.136541 0.137029 0.123991 0.0854611 0.0496979 0.0275727 0.0142143 0.006927 0.00357392 0.0020682 0.00119047 0.00057384 0.000214076 6.21133e-05
 1.13901e-11 1.23683e-09 7.9183e-08 2.98877e-06 6.6511e-05 0.000872671 0.00675195 0.0308298 0.0834097 0.136401 0.147457 0.137785 0.140443 0.12718 0.0864701 0.049112 0.027013 0.0141424 0.00678648 0.00300308 0.00128639 0.00058209 0.000267718 0.000105876 3.1941e-05
 1.09135e-11 1.18507e-09 7.58694e-08 2.86369e-06 6.37277e-05 0.000836157 0.00646962 0.029545 0.0799927 0.131289 0.144129 0.140007 0.147736 0.134434 0.0894151 0.0482756 0.025065 0.0126155 0.00594034 0.00259251 0.00102565 0.000373099 0.000132814 4.62828e-05 1.38851e-05
 1.14022e-11 1.23814e-09 7.92672e-08 2.99194e-06 6.65817e-05 0.000873599 0.00675915 0.0308632 0.0835065 0.136612 0.147929 0.138815 0.142044 0.128663 0.0870978 0.0487358 0.0258713 0.0127464 0.00570287 0.00237163 0.000904928 0.000308558 9.35555e-05 2.5948e-05 6.60249e-06
 1.17229e-11 1.27297e-09 8.14966e-08 3.07609e-06 6.84543e-05 0.000898168 0.0069492 0.0317301 0.0858409 0.140339 0.151532 0.141085 0.142934 0.127859 0.0840927 0.0446063 0.0226702 0.0111541 0.0050606 0.00208028 0.000760928 0.000245933 6.94147e-05 1.68654e-05 3.53475e-06
 1.21853e-11 1.32318e-09 8.47113e-08 3.19743e-06 7.11545e-05 0.000933595 0.00722322 0.0329794 0.0891945 0.145612 0.156249 0.143054 0.142307 0.1257 0.0809279 0.0409765 0.0195056 0.00900474 0.00388432 0.00156227 0.000568888 0.00018047 4.86739e-05 1.09848e-05 2.04643e-06
 1.20097e-11 1.30411e-09 8.34905e-08 3.15135e-06 7.01291e-05 0.000920143 0.00711922 0.0325064 0.0879405 0.143767 0.155207 0.144383 0.145795 0.128995 0.082018 0.0401731 0.018184 0.00793492 0.00320118 0.00119971 0.000413503 0.000127198 3.36263e-05 7.34067e-06 1.28447e-06
 1.20362e-11 1.30699e-09 8.36744e-08 3.15829e-06 7.02836e-05 0.00092217 0.0071349 0.0325779 0.0881323 0.144068 0.155475 0.144495 0.145779 0.128964 0.0820296 0.0401593 0.0180422 0.00768512 0.0029608 0.00104108 0.000333436 9.54327e-05 2.38553e-05 5.01675e-06 8.4868e-07
 1.08144e-11 1.17431e-09 7.51806e-08 2.83769e-06 6.31492e-05 0.00082857 0.00641103 0.0292803 0.0793146 0.130486 0.144675 0.143907 0.154689 0.140288 0.0903655 0.0450484 0.0206682 0.0088991 0.00341551 0.00117392 0.000358928 9.60383e-05 2.22328e-05 4.35557e-06 6.97258e-07
 9.23922e-12 1.00327e-09 6.42302e-08 2.42437e-06 5.39515e-05 0.000707898 0.00547773 0.0250268 0.067918 0.112743 0.129646 0.140098 0.161479 0.151595 0.101978 0.0552322 0.0278304 0.0127057 0.00503346 0.00175839 0.000536617 0.000140032 3.08288e-05 5.63408e-06 8.36761e-07
 1.07961e-11 1.17233e-09 7.50538e-08 2.83291e-06 6.30427e-05 0.000827172 0.00640021 0.0292307 0.0791779 0.130242 0.144316 0.143339 0.153881 0.139509 0.0899575 0.0452032 0.0214166 0.00992827 0.00423214 0.00159285 0.00050927 0.00013561 2.97433e-05 5.27863e-06 7.4346e-07
 1.22485e-11 1.33004e-09 8.51505e-08 3.21401e-06 7.15234e-05 0.000938436 0.00726071 0.0331513 0.0896699 0.146471 0.157554 0.145151 0.145064 0.127507 0.0802435 0.0384243 0.016867 0.00719674 0.00287052 0.00106758 0.000357962 0.000101834 2.34493e-05 4.24795e-06 5.94121e-07
 1.12527e-11 1.22191e-09 7.82278e-08 2.95271e-06 6.57088e-05 0.000862153 0.00667083 0.0304658 0.0825121 0.135634 0.149857 0.147722 0.157026 0.140052 0.0862224 0.0385771 0.0152319 0.00589681 0.00215419 0.000733051 0.000230029 6.44291e-05 1.53481e-05 2.93048e-06 4.271e-07
 1.089e-11 1.18252e-09 7.57062e-08 2.85753e-06 6.35907e-05 0.000834364 0.00645591 0.0294862 0.0798859 0.131534 0.146329 0.146667 0.158359 0.14266 0.0893454 0.0415202 0.0171123 0.00657817 0.00223163 0.00068088 0.000191687 4.8905e-05 1.09652e-05 2.06662e-06 3.09097e-07
 1.17612e-11 1.27712e-09 8.17626e-08 3.08613e-06 6.86778e-05 0.000901104 0.00697202 0.0318369 0.0861644 0.141147 0.153689 0.146146 0.150549 0.133527 0.0835859 0.0391793 0.0164647 0.0065259 0.00229224 0.000704808 0.000188444 4.34557e-05 8.70215e-06 1.49578e-06 2.12218e-07
 1.24189e-11 1.34854e-09 8.63348e-08 3.25871e-06 7.25183e-05 0.000951489 0.00736168 0.033612 0.0909117 0.148464 0.159533 0.146543 0.14587 0.127485 0.0790087 0.0363831 0.0149523 0.00587354 0.00208503 0.000657752 0.000180767 4.18138e-05 7.99062e-06 1.25226e-06 1.60002e-07
 1.17102e-11 1.27159e-09 8.14083e-08 3.07276e-06 6.83803e-05 0.000897201 0.0069419 0.0317009 0.0858185 0.140758 0.154081 0.14844 0.154468 0.136407 0.0830816 0.036239 0.013665 0.00500469 0.00170842 0.000529387 0.000145899 3.43858e-05 6.69361e-06 1.0429e-06 1.27073e-07
 1.30217e-11 1.414e-09 9.05259e-08 3.4169e-06 7.60386e-05 0.000997675 0.00771895 0.0352414 0.0952929 0.155412 0.166028 0.150047 0.146403 0.12529 0.0738302 0.0297309 0.00965155 0.00301945 0.000914446 0.000258322 6.70094e-05 1.5358e-05 2.98089e-06 4.69681e-07 5.77126e-08
 1.21922e-11 1.32393e-09 8.47591e-08 3.19923e-06 7.11947e-05 0.000934125 0.00722743 0.0330012 0.0892882 0.146045 0.158006 0.147756 0.149601 0.1312 0.0805545 0.0359387 0.0137673 0.00477956 0.00139005 0.000341656 7.61145e-05 1.55263e-05 2.79798e-06 4.25073e-07 5.17514e-08
 1.22607e-11 1.33136e-09 8.5235e-08 3.2172e-06 7.15944e-05 0.000939371 0.00726805 0.0331873 0.089801 0.146957 0.15933 0.149763 0.15208 0.132434 0.0790032 0.0326794 0.0111947 0.00371803 0.00116202 0.000318962 7.32841e-05 1.37346e-05 2.14834e-06 2.87242e-07 3.2151e-08
 1.25689e-11 1.36483e-09 8.73779e-08 3.29808e-06 7.33944e-05 0.000962984 0.00745066 0.0340191 0.0920232 0.150364 0.161961 0.149655 0.149457 0.129382 0.0771325 0.0319101 0.0108299 0.0034506 0.00099657 0.000255442 5.90764e-05 1.18157e-05 1.9185e-06 2.44355e-07 2.44112e-08
 1.2216e-11 1.32652e-09 8.49247e-08 3.20549e-06 7.13339e-05 0.000935952 0.00724161 0.0330669 0.0894789 0.146461 0.158933 0.149737 0.152418 0.132925 0.0794711 0.033004 0.0112755 0.0036117 0.00103838 0.00025874 5.64451e-05 1.06377e-05 1.69875e-06 2.22381e-07 2.26869e-08
 1.28357e-11 1.3938e-09 8.92325e-08 3.36808e-06 7.49521e-05 0.000983421 0.0076087 0.0347386 0.093942 0.153277 0.16407 0.149098 0.146464 0.126204 0.0755785 0.0317886 0.0111246 0.00364505 0.00106197 0.000266439 5.79547e-05 1.06761e-05 1.62907e-06 2.03139e-07 2.02394e-08
 1.29944e-11 1.41104e-09 9.03361e-08 3.40974e-06 7.58791e-05 0.000995584 0.00770279 0.0351679 0.0950993 0.155135 0.165915 0.15039 0.147154 0.125939 0.0739378 0.0294086 0.00927199 0.00276806 0.000782924 0.000198481 4.39284e-05 8.17343e-06 1.24448e-06 1.52182e-07 1.46222e-08
#obs surv len freq
 7.2129e-12 7.83236e-10 5.01434e-08 1.89267e-06 4.21189e-05 0.000552631 0.00427585 0.0195258 0.052855 0.0866732 0.0949591 0.0930745 0.10556 0.118403 0.118284 0.105683 0.0814116 0.0548131 0.0337209 0.0184227 0.00821879 0.00275752 0.000651746 0.000103265 1.05788e-05
 9.83099e-13 1.06753e-10 6.83445e-09 2.57972e-07 5.74138e-06 7.53674e-05 0.000584548 0.00270175 0.00775165 0.0161981 0.0338042 0.0726323 0.123321 0.155485 0.162493 0.149951 0.117779 0.0779998 0.0446972 0.0221031 0.00896396 0.00275836 0.000598904 8.70068e-05 8.16013e-06
 1.5913e-11 1.72797e-09 1.10626e-07 4.17558e-06 9.29212e-05 0.00121914 0.00943045 0.0430101 0.115676 0.18364 0.173037 0.100575 0.0481015 0.0452224 0.0657477 0.0748299 0.061854 0.040294 0.022099 0.0101621 0.00373713 0.00103503 0.000203135 2.68216e-05 2.29322e-06
 1.38223e-11 1.50093e-09 9.60911e-08 3.62697e-06 8.07134e-05 0.00105901 0.00819357 0.0374074 0.101111 0.1644 0.172446 0.1457 0.1283 0.102442 0.06008 0.0300329 0.0194186 0.0144916 0.0088845 0.00410438 0.00141679 0.000356838 6.29842e-05 7.47655e-06 5.76869e-07
 1.10814e-11 1.20331e-09 7.70371e-08 2.90778e-06 6.47089e-05 0.000849037 0.00656939 0.0300008 0.0811944 0.132757 0.142434 0.128681 0.127696 0.124366 0.102337 0.0684016 0.0346653 0.0131997 0.00450188 0.00161357 0.000519513 0.000123682 2.01143e-05 2.16293e-06 1.50273e-07
 1.32175e-11 1.43527e-09 9.18869e-08 3.46828e-06 7.7182e-05 0.00101268 0.00783488 0.0357646 0.0965887 0.156318 0.160421 0.127203 0.107998 0.100614 0.086585 0.0631009 0.0356897 0.0148222 0.00456685 0.00111403 0.000235236 4.32115e-05 6.14716e-06 6.02382e-07 3.82201e-08
 1.10785e-11 1.20299e-09 7.70167e-08 2.90701e-06 6.46922e-05 0.000848836 0.00656843 0.0300077 0.0813343 0.133728 0.145942 0.135447 0.133672 0.123425 0.0947359 0.0615142 0.0330187 0.0138969 0.00447885 0.00108842 0.000196676 2.65909e-05 2.72772e-06 2.08313e-07 1.11756e-08
 1.2201e-11 1.32488e-09 8.482e-08 3.20154e-06 7.12464e-05 0.00093482 0.00723321 0.0330313 0.0893544 0.145569 0.15301 0.128993 0.117312 0.112061 0.0952087 0.0657298 0.0340312 0.0128334 0.00365271 0.000813608 0.000139115 1.73392e-05 1.51439e-06 9.11082e-08 3.74997e-09
 1.11558e-11 1.21139e-09 7.75545e-08 2.92731e-06 6.51443e-05 0.000854785 0.00661495 0.0302277 0.0819973 0.135109 0.147914 0.136747 0.133179 0.123043 0.0957803 0.0615504 0.0310624 0.0117377 0.00329969 0.000693421 0.000107961 1.2183e-05 9.67175e-07 5.22955e-08 1.87378e-09
 1.31745e-11 1.43059e-09 9.15877e-08 3.45699e-06 7.69315e-05 0.00100942 0.00781074 0.0356724 0.0965197 0.157225 0.164519 0.135363 0.117052 0.106333 0.085691 0.0551725 0.0261268 0.00879453 0.00216251 0.000404484 5.74777e-05 5.95804e-06 4.3105e-07 2.10743e-08 6.80205e-10
 1.1114e-11 1.20685e-09 7.72639e-08 2.91635e-06 6.49012e-05 0.000851632 0.00659165 0.0301405 0.0819525 0.136126 0.152421 0.145783 0.142574 0.126691 0.0916589 0.052817 0.0230755 0.00727983 0.00165459 0.000277052 3.44525e-05 3.12795e-06 2.01056e-07 8.84578e-09 2.58343e-10
 1.33578e-11 1.4505e-09 9.28626e-08 3.50512e-06 7.80029e-05 0.0010235 0.00792026 0.0361814 0.097971 0.159916 0.167979 0.138351 0.118567 0.106535 0.084021 0.0512746 0.0221408 0.00650275 0.00131946 0.000192932 2.08665e-05 1.65102e-06 9.25506e-08 3.559e-09 9.14345e-11
 1.0627e-11 1.15397e-09 7.38782e-08 2.78857e-06 6.20586e-05 0.000814386 0.00630497 0.0288561 0.0787145 0.132142 0.152155 0.151456 0.1498 0.130307 0.0909312 0.050021 0.0207429 0.00617634 0.00129911 0.000192944 2.01131e-05 1.45409e-06 7.20589e-08 2.41859e-09 5.41541e-11
 8.03172e-12 8.7215e-10 5.58361e-08 2.10757e-06 4.69045e-05 0.00061558 0.00476754 0.0218498 0.0599097 0.102438 0.124691 0.138443 0.155735 0.155392 0.123578 0.0728077 0.0297342 0.00819996 0.00155692 0.000211037 2.07079e-05 1.43938e-06 6.83389e-08 2.15028e-09 4.39768e-11
 7.60079e-12 8.25358e-10 5.28404e-08 1.99451e-06 4.43886e-05 0.000582583 0.00451252 0.0206882 0.0567781 0.0972921 0.118891 0.133157 0.153513 0.159656 0.131893 0.0793088 0.0326692 0.00905215 0.00171142 0.000225354 2.0798e-05 1.33222e-06 5.82112e-08 1.70135e-09 3.25902e-11
 1.10907e-11 1.20432e-09 7.71018e-08 2.91025e-06 6.4767e-05 0.000849936 0.00658001 0.030105 0.0819477 0.136106 0.150513 0.138258 0.13342 0.127951 0.101884 0.0598138 0.0243041 0.00672781 0.00128397 0.000170784 1.57317e-05 9.8481e-07 4.10688e-08 1.1226e-09 1.98545e-11
 1.02864e-11 1.11698e-09 7.15107e-08 2.69925e-06 6.00739e-05 0.00078848 0.0061079 0.0280051 0.076811 0.130819 0.15485 0.157517 0.15452 0.132267 0.0898795 0.0461101 0.0169912 0.00437309 0.000788324 0.00010046 8.98094e-06 5.49668e-07 2.2401e-08 5.94087e-10 1.00794e-11
 9.22743e-12 1.00199e-09 6.4149e-08 2.42139e-06 5.38912e-05 0.000707386 0.00548107 0.0251507 0.0691472 0.118597 0.143013 0.151219 0.157633 0.145353 0.104757 0.05435 0.0191917 0.00452886 0.000726308 8.15504e-05 6.50308e-06 3.63409e-07 1.38164e-08 3.46777e-10 5.60966e-12
 9.7114e-12 1.05455e-09 6.75137e-08 2.5484e-06 5.67186e-05 0.000744514 0.00576897 0.0264714 0.0727386 0.124333 0.147943 0.152024 0.154227 0.140258 0.100282 0.0517487 0.0182817 0.00434072 0.00069674 7.63918e-05 5.72852e-06 2.91366e-07 9.92729e-09 2.23488e-10 3.2751e-12
 1.02331e-11 1.1112e-09 7.11409e-08 2.68534e-06 5.97675e-05 0.00078458 0.00608037 0.0279111 0.0767555 0.131302 0.155713 0.157054 0.1535 0.133524 0.0914888 0.0456372 0.015791 0.00372426 0.000600155 6.62136e-05 4.95391e-06 2.46957e-07 8.05837e-09 1.69691e-10 2.28122e-12
 1.08962e-11 1.18321e-09 7.5751e-08 2.85937e-06 6.3642e-05 0.000835481 0.00647556 0.0297316 0.0817777 0.139737 0.164429 0.161936 0.152363 0.126735 0.0822308 0.0383512 0.0122544 0.00264454 0.000389737 3.97989e-05 2.81073e-06 1.34542e-07 4.25056e-09 8.65982e-11 1.11835e-12
 9.9442e-12 1.07983e-09 6.91332e-08 2.60964e-06 5.80884e-05 0.000762767 0.00591661 0.0272307 0.0754403 0.131522 0.161903 0.169241 0.163384 0.133032 0.0822853 0.0360868 0.0107139 0.00211401 0.000279402 2.52103e-05 1.57021e-06 6.70508e-08 1.9238e-09 3.62198e-11 4.38066e-13
 1.06448e-11 1.15591e-09 7.40041e-08 2.7935e-06 6.21807e-05 0.000816467 0.00633185 0.0291164 0.0803943 0.138571 0.165587 0.165712 0.156607 0.128605 0.0804457 0.0352026 0.0102912 0.00197936 0.000251904 2.14738e-05 1.2335e-06 4.75231e-08 1.21388e-09 2.0278e-11 2.18585e-13
 1.04531e-11 1.1351e-09 7.26725e-08 2.74332e-06 6.10688e-05 0.000802068 0.0062246 0.0286806 0.0796214 0.139071 0.170266 0.17356 0.160794 0.125262 0.0739881 0.0309617 0.00880458 0.0016709 0.000211322 1.78501e-05 1.00319e-06 3.71167e-08 8.92371e-10 1.37763e-11 1.3521e-13
 9.81672e-12 1.066e-09 6.82491e-08 2.57642e-06 5.73589e-05 0.000753535 0.00585205 0.0270149 0.0753676 0.133225 0.167066 0.175817 0.166734 0.1307 0.0762594 0.0309797 0.00844524 0.00152667 0.000183845 1.48483e-05 8.02437e-07 2.86474e-08 6.63914e-10 9.82602e-12 9.16646e-14
 8.96242e-12 9.73235e-10 6.23114e-08 2.3524e-06 5.23794e-05 0.000688407 0.00535239 0.0247849 0.0697093 0.125656 0.163609 0.180034 0.174965 0.136867 0.0781497 0.0306304 0.00797 0.00136288 0.000154025 1.16083e-05 5.84371e-07 1.94759e-08 4.23226e-10 5.90025e-12 5.20206e-14
 9.31365e-12 1.01138e-09 6.47539e-08 2.44465e-06 5.44351e-05 0.000715455 0.00556269 0.0257499 0.0722903 0.12945 0.165878 0.178813 0.17198 0.13434 0.0764333 0.0296759 0.0076198 0.00128238 0.00014186 1.03551e-05 4.97777e-07 1.56269e-08 3.16731e-10 4.09674e-12 3.34596e-14
 1.04112e-11 1.13056e-09 7.23853e-08 2.7328e-06 6.08533e-05 0.000799845 0.00621874 0.0287747 0.0805984 0.143034 0.178398 0.182209 0.163858 0.12022 0.0647887 0.0240226 0.00593565 0.000967209 0.000103967 7.37481e-06 3.4327e-07 1.03671e-08 2.00493e-10 2.45301e-12 1.87984e-14
 9.68537e-12 1.05176e-09 6.73431e-08 2.54272e-06 5.66371e-05 0.000744986 0.00580339 0.0269838 0.0764812 0.139277 0.18129 0.192021 0.171535 0.119804 0.0600976 0.0205159 0.00463097 0.000684982 6.66755e-05 4.30205e-06 1.84069e-07 5.17245e-09 9.3956e-11 1.08517e-12 7.85903e-15
#pred catch len freq
 4.32365e-12 4.69497e-10 3.00576e-08 1.13453e-06 2.52481e-05 0.000331312 0.00256496 0.0117482 0.0322843 0.0568191 0.0800943 0.120718 0.170022 0.173835 0.12976 0.0846575 0.0538595 0.0325842 0.0191881 0.0115129 0.00727097 0.00500737 0.00370165 0.00258428 0.00142941
 2.86558e-12 3.11167e-10 1.99213e-08 7.51933e-07 1.67338e-05 0.000219594 0.00170039 0.00779604 0.0215306 0.0387433 0.0583334 0.0954739 0.142503 0.159236 0.143434 0.118929 0.0879645 0.0556563 0.0316683 0.0169742 0.00894061 0.00495639 0.00302708 0.00189102 0.0010058
 5.90409e-12 6.41113e-10 4.10447e-08 1.54923e-06 3.44763e-05 0.000452363 0.00350038 0.0159923 0.0433952 0.0720005 0.0826961 0.0897663 0.10761 0.115884 0.109555 0.101385 0.0891326 0.0699238 0.0471853 0.0268496 0.0132981 0.00617085 0.00294889 0.00150156 0.000716043
 9.21035e-12 1.00013e-09 6.40295e-08 2.4168e-06 5.37827e-05 0.000705674 0.00546015 0.024938 0.0675597 0.111208 0.123591 0.123745 0.134501 0.125185 0.0877343 0.0556081 0.0408804 0.0339896 0.0272294 0.0188103 0.0106587 0.00497295 0.0020389 0.000811286 0.000316258
 8.95314e-12 9.72204e-10 6.22414e-08 2.34931e-06 5.22809e-05 0.000685978 0.0053081 0.0242514 0.0658086 0.109201 0.125387 0.135084 0.155436 0.146187 0.0992274 0.0553708 0.0304343 0.0175657 0.0114711 0.00824415 0.00546744 0.00295758 0.00126765 0.000449266 0.000140967
 9.31423e-12 1.01141e-09 6.47517e-08 2.44406e-06 5.43894e-05 0.00071364 0.00552202 0.0252259 0.0684134 0.113206 0.128541 0.135216 0.153114 0.144491 0.100511 0.0585428 0.0324862 0.0167476 0.00816154 0.00421087 0.00243679 0.00140264 0.000676111 0.000252229 7.31832e-05
 9.59008e-12 1.04137e-09 6.66694e-08 2.51644e-06 5.60002e-05 0.000734774 0.0056855 0.0259715 0.0704191 0.116392 0.131548 0.136919 0.153533 0.143702 0.0984135 0.0559665 0.030788 0.0161189 0.00773498 0.0034228 0.00146618 0.000663445 0.000305135 0.000120673 3.64052e-05
 9.08175e-12 9.86169e-10 6.31355e-08 2.38305e-06 5.30319e-05 0.000695834 0.00538442 0.0246014 0.0667766 0.110953 0.128062 0.139462 0.161581 0.151641 0.101539 0.054887 0.0285022 0.0143457 0.00675505 0.00294807 0.00116632 0.000424269 0.000151029 5.26304e-05 1.57894e-05
 9.74369e-12 1.05805e-09 6.77372e-08 2.55675e-06 5.68971e-05 0.000746542 0.00577654 0.0263869 0.0715382 0.118186 0.133317 0.13815 0.154323 0.144092 0.0981935 0.0550089 0.0292057 0.0143894 0.00643797 0.00267733 0.00102157 0.000348331 0.000105615 2.92926e-05 7.45355e-06
 1.03065e-11 1.11917e-09 7.165e-08 2.70443e-06 6.01837e-05 0.000789662 0.00611007 0.0279076 0.0756223 0.124621 0.139141 0.140758 0.153789 0.141281 0.0934714 0.0496342 0.0252292 0.0124133 0.00563191 0.00231513 0.000846832 0.000273697 7.72511e-05 1.87693e-05 3.9338e-06
 1.08891e-11 1.18243e-09 7.57003e-08 2.85731e-06 6.35858e-05 0.000834297 0.0064553 0.0294814 0.079845 0.131243 0.144982 0.142955 0.152553 0.138222 0.0894997 0.0453645 0.0215976 0.00997064 0.00430098 0.00172985 0.00062991 0.000199828 5.3895e-05 1.21631e-05 2.26594e-06
 1.07964e-11 1.17236e-09 7.50557e-08 2.83298e-06 6.30444e-05 0.000827195 0.00640041 0.0292321 0.07919 0.130327 0.144709 0.144423 0.155594 0.140874 0.0900346 0.0441421 0.0199834 0.00872022 0.003518 0.00131844 0.000454427 0.000139787 3.69542e-05 8.06717e-06 1.4116e-06
 1.06878e-11 1.16057e-09 7.43008e-08 2.80449e-06 6.24103e-05 0.000818876 0.00633608 0.0289392 0.078408 0.129133 0.143813 0.144552 0.156691 0.142191 0.0909591 0.0445781 0.0200305 0.00853218 0.00328715 0.00115583 0.000370188 0.000105952 2.64847e-05 5.56972e-06 9.42224e-07
 9.312e-12 1.01117e-09 6.47362e-08 2.44347e-06 5.43765e-05 0.000713476 0.00552096 0.0252258 0.0684789 0.11384 0.131655 0.1439 0.166738 0.154952 0.100342 0.0500708 0.0229758 0.00989278 0.00379689 0.001305 0.000399007 0.000106762 2.47153e-05 4.84193e-06 7.75115e-07
 8.71255e-12 9.46079e-10 6.05689e-08 2.28618e-06 5.08761e-05 0.000667551 0.0051657 0.0236054 0.0641182 0.106898 0.125033 0.139962 0.165498 0.156593 0.105516 0.0571652 0.0288056 0.0131509 0.00520985 0.00182001 0.000555423 0.00014494 3.19092e-05 5.83152e-06 8.66084e-07
 1.01187e-11 1.09877e-09 7.03443e-08 2.65515e-06 5.9087e-05 0.000775275 0.00599886 0.0274024 0.0742916 0.122734 0.138434 0.143306 0.159266 0.146073 0.0944295 0.0474727 0.0224934 0.0104275 0.00444494 0.00167295 0.000534878 0.000142429 3.12389e-05 5.54406e-06 7.80844e-07
 1.16812e-11 1.26844e-09 8.1207e-08 3.06516e-06 6.82111e-05 0.00089498 0.00692464 0.0316205 0.0855791 0.14019 0.152659 0.145207 0.149702 0.133101 0.0839822 0.0402343 0.0176629 0.00753636 0.00300598 0.00111797 0.000374855 0.00010664 2.4556e-05 4.44842e-06 6.22159e-07
 1.07113e-11 1.16312e-09 7.4464e-08 2.81065e-06 6.25474e-05 0.000820676 0.00635008 0.0290048 0.0786087 0.129648 0.145222 0.147878 0.161611 0.145505 0.0897664 0.0401788 0.0158654 0.0061421 0.0022438 0.000763544 0.000239598 6.71091e-05 1.59865e-05 3.05238e-06 4.44866e-07
 1.03796e-11 1.12711e-09 7.21584e-08 2.72362e-06 6.06108e-05 0.000795269 0.00615357 0.028109 0.0762062 0.125888 0.141944 0.146769 0.162615 0.14776 0.0927146 0.0431013 0.0177649 0.0068291 0.00231676 0.000706853 0.000199 5.07706e-05 1.13834e-05 2.14546e-06 3.20888e-07
 1.11154e-11 1.207e-09 7.72732e-08 2.91668e-06 6.49069e-05 0.000851632 0.00658944 0.0300942 0.0815078 0.134 0.148134 0.146258 0.155907 0.139958 0.087849 0.0411986 0.0173146 0.00686284 0.00241059 0.000741199 0.000198174 4.56994e-05 9.15146e-06 1.57301e-06 2.23175e-07
 1.20299e-11 1.3063e-09 8.36304e-08 3.15663e-06 7.02467e-05 0.000921687 0.00713121 0.0325623 0.0881068 0.144161 0.156193 0.146627 0.149123 0.131375 0.081569 0.0375753 0.0154431 0.00606637 0.00215349 0.000679346 0.000186702 4.31866e-05 8.25296e-06 1.29337e-06 1.65255e-07
 1.21994e-11 1.32471e-09 8.4809e-08 3.20112e-06 7.12366e-05 0.000934675 0.0072317 0.0330209 0.089345 0.146164 0.158256 0.148266 0.150274 0.131443 0.0798852 0.0348302 0.0131329 0.00480979 0.00164188 0.00050877 0.000140217 3.30467e-05 6.43293e-06 1.00228e-06 1.22124e-07
 1.23092e-11 1.33663e-09 8.55721e-08 3.22992e-06 7.18776e-05 0.000943086 0.0072968 0.0333186 0.0901572 0.147546 0.159993 0.150431 0.152714 0.13266 0.0784433 0.0316101 0.0102628 0.00321074 0.000972381 0.000274689 7.12549e-05 1.6331e-05 3.16975e-06 4.99438e-07 6.13691e-08
 1.23321e-11 1.33912e-09 8.57317e-08 3.23594e-06 7.20116e-05 0.000944843 0.00731031 0.0333787 0.0902969 0.147592 0.159202 0.147712 0.14841 0.129784 0.0796331 0.0355232 0.0136079 0.00472421 0.00137395 0.0003377 7.52331e-05 1.53465e-05 2.76558e-06 4.20151e-07 5.11522e-08
 1.23965e-11 1.34611e-09 8.61794e-08 3.25284e-06 7.23877e-05 0.000949778 0.00734853 0.0335539 0.0907802 0.148458 0.160483 0.149697 0.150888 0.131037 0.078121 0.0323105 0.0110681 0.00367598 0.00114888 0.000315355 7.24554e-05 1.35793e-05 2.12405e-06 2.83993e-07 3.17874e-08
 1.25979e-11 1.36799e-09 8.75798e-08 3.3057e-06 7.3564e-05 0.00096521 0.00746787 0.0340974 0.0922325 0.150685 0.162207 0.149641 0.149202 0.129083 0.0769435 0.0318311 0.0108031 0.00344205 0.0009941 0.000254809 5.893e-05 1.17865e-05 1.91374e-06 2.43749e-07 2.43507e-08
 1.22164e-11 1.32656e-09 8.49276e-08 3.20559e-06 7.13363e-05 0.000935983 0.00724185 0.033068 0.0894819 0.146465 0.158936 0.149737 0.152414 0.132921 0.0794684 0.0330029 0.0112752 0.00361159 0.00103835 0.000258732 5.64434e-05 1.06374e-05 1.6987e-06 2.22375e-07 2.26862e-08
 1.31965e-11 1.43298e-09 9.17407e-08 3.46276e-06 7.70589e-05 0.00101106 0.00782245 0.0357122 0.0965427 0.157263 0.167138 0.148936 0.143318 0.122504 0.0732256 0.0307877 0.0107737 0.00353004 0.00102846 0.000258032 5.61262e-05 1.03392e-05 1.57767e-06 1.96729e-07 1.96008e-08
 1.30371e-11 1.41567e-09 9.06324e-08 3.42092e-06 7.61281e-05 0.00099885 0.00772804 0.035283 0.0954065 0.155606 0.166276 0.150366 0.146774 0.125497 0.0736621 0.0292977 0.00923697 0.0027576 0.000779967 0.000197732 4.37625e-05 8.14256e-06 1.23979e-06 1.51608e-07 1.4567e-08
#obs catch len freq
 6.30607e-12 6.84765e-10 4.38393e-08 1.65472e-06 3.68237e-05 0.000483162 0.00373867 0.0170801 0.0463346 0.0767866 0.087841 0.0948909 0.114446 0.124574 0.115624 0.100015 0.0810655 0.0598958 0.0396819 0.0225807 0.0103496 0.00356043 0.000860896 0.000138904 1.44181e-05
 4.81585e-12 5.22945e-10 3.34794e-08 1.26369e-06 2.81219e-05 0.000368997 0.00285567 0.0130551 0.0355334 0.0597881 0.0723802 0.0874996 0.115671 0.135357 0.135705 0.120282 0.0916846 0.0611234 0.0370596 0.019734 0.00847149 0.00270299 0.000601723 8.91532e-05 8.49747e-06
 4.70375e-13 5.10773e-11 3.27004e-09 1.23434e-07 2.74755e-06 3.60939e-05 0.000280956 0.00132116 0.00408504 0.0106869 0.0298081 0.073064 0.127411 0.160898 0.1675 0.153067 0.118654 0.0774577 0.043592 0.020991 0.0081883 0.0023941 0.000489166 6.64133e-05 5.7929e-06
 8.68261e-12 9.42829e-10 6.03607e-08 2.27832e-06 5.07006e-05 0.000665201 0.00514572 0.023472 0.0631761 0.10068 0.0968683 0.063687 0.0510406 0.0797258 0.124513 0.139849 0.113644 0.0728113 0.0390963 0.0174496 0.00616235 0.00162102 0.000299319 3.69236e-05 2.93516e-06
 1.05315e-11 1.14359e-09 7.32139e-08 2.76347e-06 6.1498e-05 0.00080693 0.00624447 0.0285361 0.0774769 0.128528 0.145763 0.148292 0.155014 0.130955 0.0774035 0.0390433 0.0253459 0.018526 0.0110127 0.00490679 0.00162121 0.000387293 6.42949e-05 7.13046e-06 5.11502e-07
 1.04168e-11 1.13114e-09 7.24168e-08 2.73338e-06 6.08282e-05 0.000798131 0.00617595 0.0282126 0.0764558 0.125696 0.137545 0.129834 0.133505 0.130783 0.106699 0.0700404 0.0347015 0.0129835 0.00437951 0.0015311 0.000471239 0.000106094 1.6206e-05 1.6277e-06 1.05152e-07
 1.28749e-11 1.39806e-09 8.95048e-08 3.37837e-06 7.51813e-05 0.000986435 0.00763213 0.0348445 0.0941627 0.15277 0.158173 0.128226 0.111386 0.104223 0.0889674 0.0636936 0.0351498 0.0142008 0.00425173 0.00100731 0.000205393 3.59232e-05 4.80353e-06 4.39313e-07 2.59092e-08
 1.06817e-11 1.15991e-09 7.42586e-08 2.80291e-06 6.23758e-05 0.000818457 0.00633384 0.0289448 0.0785504 0.12976 0.143767 0.137288 0.137884 0.127084 0.0966685 0.0618064 0.03244 0.0132849 0.00414464 0.000969465 0.000167792 2.16118e-05 2.09506e-06 1.49801e-07 7.47206e-09
 1.20419e-11 1.30761e-09 8.37142e-08 3.15981e-06 7.03179e-05 0.000922647 0.00713935 0.0326086 0.0882705 0.144152 0.152667 0.130645 0.119993 0.114213 0.0958191 0.0647506 0.032641 0.0119645 0.00330098 0.000708031 0.000115639 1.36755e-05 1.12712e-06 6.36456e-08 2.44441e-09
 1.11714e-11 1.21308e-09 7.76626e-08 2.93139e-06 6.52354e-05 0.000855993 0.00662467 0.0302784 0.0821937 0.135738 0.149413 0.138913 0.13475 0.123206 0.0946586 0.0596393 0.0293131 0.0107438 0.00291728 0.00058888 8.75169e-05 9.36652e-06 7.00995e-07 3.55532e-08 1.19005e-09
 1.32892e-11 1.44305e-09 9.23852e-08 3.4871e-06 7.76016e-05 0.00101823 0.00787915 0.0359894 0.0974175 0.158875 0.16666 0.137303 0.117943 0.105835 0.0838817 0.0527132 0.0242345 0.00790339 0.00187793 0.000337465 4.57255e-05 4.48929e-06 3.05964e-07 1.40277e-08 4.22934e-10
 1.12536e-11 1.22201e-09 7.82341e-08 2.95297e-06 6.57166e-05 0.000862347 0.00667504 0.0305286 0.0830647 0.13822 0.155192 0.148151 0.143145 0.125288 0.0891476 0.0501949 0.0212867 0.00649475 0.00142307 0.000228584 2.70968e-05 2.33021e-06 1.4105e-07 5.81593e-09 1.58591e-10
 1.35125e-11 1.4673e-09 9.39376e-08 3.5457e-06 7.89063e-05 0.00103537 0.00801243 0.0366076 0.0991676 0.162049 0.170547 0.140398 0.119237 0.105566 0.0816046 0.048431 0.020232 0.00573592 0.001121 0.000157176 1.61966e-05 1.21319e-06 6.40324e-08 2.30784e-09 5.53562e-11
 1.08021e-11 1.17298e-09 7.50955e-08 2.83452e-06 6.30818e-05 0.000827837 0.00640969 0.0293438 0.08011 0.134734 0.155436 0.153977 0.150035 0.128321 0.0879117 0.0471679 0.0189472 0.00544056 0.00109904 0.000155997 1.54623e-05 1.05781e-06 4.93739e-08 1.55384e-09 3.2492e-11
 8.23421e-12 8.94139e-10 5.72439e-08 2.16072e-06 4.80878e-05 0.000631134 0.0048886 0.0224128 0.0615131 0.105386 0.128429 0.141669 0.157069 0.154072 0.119771 0.0684504 0.0269916 0.00717156 0.00130838 0.000169552 1.58028e-05 1.03735e-06 4.63131e-08 1.36574e-09 2.61009e-11
 7.81207e-12 8.483e-10 5.43093e-08 2.04996e-06 4.56234e-05 0.000598814 0.00463885 0.0212755 0.0584475 0.100344 0.122746 0.13661 0.155293 0.158638 0.127839 0.0744423 0.029572 0.00788186 0.00142866 0.000179495 1.57207e-05 9.50779e-07 3.90466e-08 1.06842e-09 1.91004e-11
 1.13515e-11 1.23265e-09 7.89153e-08 2.97871e-06 6.62912e-05 0.00086996 0.00673558 0.0308237 0.0839514 0.139581 0.154421 0.14107 0.134135 0.126114 0.0978499 0.0556022 0.0217781 0.00579381 0.00105841 0.000134048 1.16947e-05 6.9023e-07 2.70343e-08 6.91713e-10 1.14172e-11
 1.05276e-11 1.14318e-09 7.3188e-08 2.76257e-06 6.14842e-05 0.000807029 0.00625247 0.0286791 0.0787319 0.134298 0.158943 0.160237 0.154337 0.129429 0.0858561 0.042706 0.015175 0.00375236 0.00064713 7.84529e-05 6.63329e-06 3.82113e-07 1.46021e-08 3.62052e-10 5.72885e-12
 9.4675e-12 1.02806e-09 6.58181e-08 2.48441e-06 5.52949e-05 0.000725852 0.00562508 0.0258229 0.0710681 0.122101 0.147257 0.154444 0.158251 0.142802 0.100101 0.0501753 0.0170478 0.00386125 0.000592419 6.33035e-05 4.77377e-06 2.50849e-07 8.92964e-09 2.09199e-10 3.15135e-12
 9.95158e-12 1.08063e-09 6.91836e-08 2.61145e-06 5.81231e-05 0.000762998 0.0059132 0.0271453 0.0746661 0.127844 0.152166 0.155191 0.15478 0.137662 0.0956552 0.0476587 0.0161858 0.00368249 0.000564175 5.87533e-05 4.16356e-06 1.99192e-07 6.35705e-09 1.33556e-10 1.82097e-12
 1.05005e-11 1.14024e-09 7.29999e-08 2.75553e-06 6.13312e-05 0.000805161 0.00624097 0.028661 0.0788928 0.135141 0.16015 0.160025 0.153468 0.130397 0.086792 0.0417931 0.0138957 0.00313721 0.000481751 5.03824e-05 3.5555e-06 1.66503e-07 5.08674e-09 9.99964e-11 1.2517e-12
 1.11806e-11 1.21409e-09 7.77284e-08 2.93404e-06 6.53057e-05 0.000857382 0.00664653 0.03053 0.0840486 0.143779 0.168963 0.164684 0.151796 0.123096 0.0774603 0.0348336 0.0106882 0.00220766 0.000310064 3.0003e-05 1.99617e-06 8.95982e-08 2.64546e-09 5.02469e-11 6.03773e-13
 1.0208e-11 1.10848e-09 7.09676e-08 2.67892e-06 5.96329e-05 0.000783128 0.00607613 0.0279819 0.077615 0.135513 0.166559 0.172151 0.162733 0.129116 0.0773961 0.0326998 0.00931416 0.00175784 0.000221379 1.89336e-05 1.11115e-06 4.44701e-08 1.19103e-09 2.0871e-11 2.34458e-13
 1.09145e-11 1.1852e-09 7.58794e-08 2.86433e-06 6.37596e-05 0.000837281 0.00649482 0.0298823 0.0825981 0.142566 0.170193 0.16864 0.156087 0.124698 0.0754368 0.0317538 0.0088962 0.00163469 0.000197994 1.5985e-05 8.65098e-07 3.12547e-08 7.45684e-10 1.15971e-11 1.16069e-13
 1.07166e-11 1.16371e-09 7.45046e-08 2.81253e-06 6.26127e-05 0.00082245 0.00638473 0.0294382 0.0818277 0.143127 0.174932 0.176288 0.159798 0.121106 0.0692082 0.0278609 0.00758816 0.00137399 0.000165088 1.3184e-05 6.9727e-07 2.41815e-08 5.43185e-10 7.81305e-12 7.1273e-14
 1.00894e-11 1.09561e-09 7.01458e-08 2.64809e-06 5.89581e-05 0.000774664 0.0060183 0.0278036 0.0776732 0.137485 0.172011 0.178777 0.165703 0.126175 0.0711122 0.0277599 0.00724318 0.00124871 0.000142769 1.08903e-05 5.53052e-07 1.84786e-08 3.99605e-10 5.50621e-12 4.77348e-14
 9.21635e-12 1.00081e-09 6.4078e-08 2.41918e-06 5.3871e-05 0.000708156 0.00550852 0.0255327 0.0719338 0.129883 0.168713 0.183279 0.174022 0.132122 0.072793 0.0273916 0.00681706 0.0011111 0.000119167 8.47882e-06 4.00862e-07 1.24926e-08 2.53025e-10 3.27985e-12 2.68389e-14
 9.57572e-12 1.03984e-09 6.65774e-08 2.51359e-06 5.59751e-05 0.000735849 0.00572391 0.0265211 0.0745749 0.133757 0.171042 0.182099 0.171007 0.129453 0.0709663 0.0264234 0.00648225 0.00103844 0.000108869 7.49472e-06 3.38197e-07 9.92736e-09 1.87542e-10 2.25514e-12 1.70875e-14
 1.06948e-11 1.16137e-09 7.43589e-08 2.80742e-06 6.25207e-05 0.000821931 0.00639329 0.0296078 0.0830459 0.147539 0.183481 0.184891 0.162133 0.115157 0.0597586 0.0212367 0.00500928 0.0007761 7.89532e-05 5.27426e-06 2.30167e-07 6.4939e-09 1.17e-10 1.33069e-12 9.46235e-15
#spawning biomass
 9449.95 10085.1 8653.83 8370.29 12421.3 19016.2 28998 38098.1 50976.4 67873.4 89824.3 119563 155361 196675 221439 173696 178547 193378 190062 187036 213126 231659 203247 264444 255148 255161 264514 277828 282472 305523 529212 562621 524874 452933 373505 301125 241532 195445 161266 136653 119303 107262 99001.4 93343.5 89468.1 86914.2 85231.1 84121.9 83391 82909.2 82591.8 82382.6 82244.7 82153.8 82094 82054.5 82028.5 82011.4 82000.1 81992.6 81987.7 81984.5 81982.4 81981 81980 81979.4 81979 81978.8 81978.6 81978.5 81978.4 81978.3 81978.3 81978.3 81978.3 81978.3 81978.3 81978.2 81978.2 81978.2 81978.2 81978.2 81978.2 81978.2 81978.2 81978.2 81978.2 81978.2 81978.2 81978.2 81978.2 81978.2 81978.2 81978.2 81978.2 81978.2 81978.2 81978.2 81978.2 81978.2 81978.2 81978.2 81978.2 81978.2 81978.2 81978.2 81978.2 81978.2 81978.2 81978.2 81978.2 81978.2 81978.2 81978.2 81978.2 81978.2 81978.2 81978.2 81978.2 81978.2 81978.2 81978.2 81978.2 81978.2 81978.2 81978.2 81978.2 81978.2 81978.2 0 0 0 0 0 0 0 0 0 0 0 0 0 0 0 0 0 0 0 0 0 0 0 0 0
