SBPRF35
0.224663
Curr Bio
44229.8
B35
181110
F35
0.33743
FOFL
0.226007
OFL
42539.5
Bzero
64189.3
#pred survey bio
 8172.3 7536.92 7355.63 7188.18 9349.67 13319 15374.4 16301 28551.3 47795.4 64578.5 84781.9 115921 135919 156575 127731 116165 115742 112295 110251 107577 124689 134696 141115 158452 166298 158624 142979 133856 9.02861e+06 5.19356e+06 3.90107e+06 2.72135e+06 1.91065e+06 1.41621e+06 1.1326e+06 974916 888328 840746 814330 799411 790801 785712 782628 780719 779519 778752 778254 777928 777712 777569 777473 777409 777365 777336 777317 777303 777294 777288 777284 777282 777280 777278 777278 777277 777277 777276 777276 777276 777276 777276 777276 777276 777276 777276 777276 777276 777276 777276 777276 777276 777276 777276 777276 777276 777276 777276 777276 777276 777276 777276 777276 777276 777276 777276 777276 777276 777276 777276 777276 777276 777276 777276 777276 777276 777276 777276 777276 777276 777276 777276 777276 777276 777276 777276 777276 777276 777276 777276 777276 777276 777276 777276 777276 777276 777276 777276 777276 777276 0 0 0 0 0 0 0 0 0 0 0 0 0 0 0 0 0 0 0 0 0 0 0 0 0
#obs survey bio
 7561.55 8900.72 8510.99 5970.55 19483.2 13716.3 18636.2 20227.5 27533.7 51146.2 53611.2 118063 119740 174262 140446 149174 83286.4 104574 81411.9 104031 106169 112584 154810 116664 153489 178269 216798 140636 194151
#pred catch bio
 5502.44 5522.21 5466.56 5225.43 6195.29 9395.49 12062.6 11357 19481 34300.4 47094.7 59890.1 86232.6 93151.2 120069 96112 85825.5 86735.9 83684.5 82603.5 74867.8 89966 98499.3 100847 113833 119060 111998 96846.3 1.25108 42539.5 58733.3 42708.8 28922.4 19756.2 14350.9 11377.5 9811.21 9008.93 8605.59 8405.34 8306.77 8258.53 8235.02 8223.58 8218.04 8215.36 8214.07 8213.44 8213.14 8213 8212.93 8212.89 8212.88 8212.87 8212.86 8212.86 8212.86 8212.86 8212.86 8212.86 8212.86 8212.86 8212.86 8212.86 8212.86 8212.86 8212.86 8212.86 8212.86 8212.86 8212.86 8212.86 8212.86 8212.86 8212.86 8212.86 8212.86 8212.86 8212.86 8212.86 8212.86 8212.86 8212.86 8212.86 8212.86 8212.86 8212.86 8212.86 8212.86 8212.86 8212.86 8212.86 8212.86 8212.86 8212.86 8212.86 8212.86 8212.86 8212.86 8212.86 8212.86 8212.86 8212.86 8212.86 8212.86 8212.86 8212.86 8212.86 8212.86 8212.86 8212.86 8212.86 8212.86 8212.86 8212.86 8212.86 8212.86 8212.86 8212.86 8212.86 8212.86 8212.86 8212.86 8212.86 8212.86 8212.86 8212.86 8212.86 8212.86 0 0 0 0 0 0 0 0 0 0 0 0 0 0 0 0 0 0 0 0 0 0 0 0 0
#obs catch bio
 5067.96 5540.74 5481.74 5231.49 5902.99 9212.99 11984.6 11139.5 18927.6 33414.9 46995.9 58066.3 84992.1 91713.1 119218 95549.3 87316.4 86035.8 84551.2 82383 74209.3 90604.3 98594.1 101339 114932 119406 111803 101826 1.14607
#pred cpue bio
 7732.27 6874.56 6732.17 6561.32 8393.86 12107.3 14022.2 14645.1 25417.9 42890.2 58293.7 76341.9 104666 122967 143800 117418 106171 105653 102502 100663 98149.8 113750 122808 128695 144291 152235 146220 132419 124209 8.75076e+06 5.22484e+06 3.89128e+06 2.70466e+06 1.89329e+06 1.3988e+06 1.11518e+06 957500 870912 823330 796914 781995 773385 768296 765213 763303 762103 761336 760838 760512 760296 760153 760057 759993 759949 759920 759901 759887 759879 759872 759868 759866 759864 759862 759862 759861 759861 759860 759860 759860 759860 759860 759860 759860 759860 759860 759860 759860 759860 759860 759860 759860 759860 759860 759860 759860 759860 759860 759860 759860 759860 759860 759860 759860 759860 759860 759860 759860 759860 759860 759860 759860 759860 759860 759860 759860 759860 759860 759860 759860 759860 759860 759860 759860 759860 759860 759860 759860 759860 759860 759860 759860 759860 759860 759860 759860 759860 759860 759860 759860 0 0 0 0 0 0 0 0 0 0 0 0 0 0 0 0 0 0 0 0 0 0 0 0 0
#obs cpue bio
 8814.12 6020.69 5347.06 7916.35 12643.8 11873.3 12502.1 16353.2 45401.1 59033.8 61433.6 110005 114669 120698 179236 108549 95185.4 160350 104995 123909 112688 103758 111427 136466 127346 142983 116314 137714 143967
#pred surv len freq
 2.14604e-27 2.17362e-27 6.63358e-27 1.52609e-21 9.07623e-17 1.24101e-12 3.90114e-09 2.81936e-06 0.000468433 0.0178938 0.157145 0.317278 0.147676 0.0264712 0.0660688 0.092729 0.0377242 0.0303241 0.0269885 0.018258 0.0154043 0.0133725 0.0138584 0.0129088 0.00542831
 2.14864e-27 2.18129e-27 7.50867e-27 1.82304e-21 1.08423e-16 1.4825e-12 4.66025e-09 3.36797e-06 0.000559584 0.0213757 0.187723 0.379015 0.176272 0.0278978 0.0561761 0.078445 0.0287044 0.0140373 0.0111141 0.00597212 0.00415904 0.00295266 0.00254384 0.00215431 0.000895276
 2.14788e-27 2.17961e-27 7.33652e-27 1.76464e-21 1.0495e-16 1.435e-12 4.51095e-09 3.26008e-06 0.000541657 0.0206909 0.181709 0.366874 0.170722 0.0295816 0.0701158 0.0979956 0.0344059 0.0122745 0.00855275 0.00316665 0.00153683 0.000805345 0.000516925 0.000364446 0.000143432
 2.14809e-27 2.18018e-27 7.40162e-27 1.78674e-21 1.06264e-16 1.45298e-12 4.56745e-09 3.30091e-06 0.000548441 0.0209501 0.183985 0.371468 0.172831 0.0291809 0.0662851 0.0926471 0.0332459 0.014151 0.0100367 0.00306216 0.00104489 0.000339926 0.000132113 6.60091e-05 2.28536e-05
 2.14958e-27 2.18385e-27 7.79038e-27 1.91862e-21 1.14108e-16 1.56022e-12 4.90456e-09 3.54454e-06 0.00058892 0.0224964 0.197564 0.398885 0.185459 0.0279322 0.0503988 0.0702371 0.0250929 0.0103391 0.0073697 0.00246692 0.000886922 0.000218844 4.60762e-05 1.1914e-05 3.04672e-06
 2.14846e-27 2.18106e-27 7.49115e-27 1.8171e-21 1.0807e-16 1.47766e-12 4.64504e-09 3.35699e-06 0.000557758 0.021306 0.18711 0.377779 0.17575 0.0292389 0.0647371 0.0904007 0.0315735 0.0107228 0.00727802 0.00239785 0.00086936 0.000227869 4.11356e-05 5.33821e-06 6.85963e-07
 2.14815e-27 2.18033e-27 7.41694e-27 1.79193e-21 1.06573e-16 1.4572e-12 4.58073e-09 3.3105e-06 0.000550035 0.021011 0.184519 0.372548 0.173332 0.0292278 0.0662462 0.0925788 0.0330422 0.0134991 0.0094655 0.0028107 0.000890911 0.000228383 4.182e-05 4.65629e-06 3.09406e-07
 2.14951e-27 2.18367e-27 7.76988e-27 1.91166e-21 1.13694e-16 1.55456e-12 4.88677e-09 3.53169e-06 0.000586784 0.0224148 0.196848 0.397438 0.184797 0.0281059 0.0518955 0.0723307 0.0256156 0.00984103 0.00688383 0.00224539 0.000779155 0.000182144 3.00265e-05 3.23344e-06 1.81512e-07
 2.15025e-27 2.18546e-27 7.95812e-27 1.9755e-21 1.17491e-16 1.60648e-12 5.04998e-09 3.64964e-06 0.000606382 0.0231634 0.203422 0.410711 0.190914 0.027608 0.0448551 0.0623823 0.0217724 0.00734372 0.00495099 0.00156675 0.000538361 0.000136161 2.30401e-05 2.27253e-06 1.17463e-07
 2.14959e-27 2.18382e-27 7.78243e-27 1.9159e-21 1.13946e-16 1.558e-12 4.89761e-09 3.53952e-06 0.000588085 0.0224645 0.197284 0.398319 0.185214 0.0283712 0.0532496 0.0741897 0.0256017 0.00768837 0.00496863 0.0014667 0.000457385 0.000112096 1.9386e-05 1.9961e-06 9.99222e-08
 2.14908e-27 2.1826e-27 7.65332e-27 1.87211e-21 1.11341e-16 1.52239e-12 4.78567e-09 3.45861e-06 0.000574644 0.021951 0.192775 0.389215 0.181018 0.0287224 0.0581375 0.081098 0.0282965 0.0095094 0.00631519 0.00175978 0.000493524 0.000110776 1.76542e-05 1.79509e-06 9.21456e-08
 2.14931e-27 2.18316e-27 7.71385e-27 1.89264e-21 1.12563e-16 1.53909e-12 4.83816e-09 3.49655e-06 0.000580947 0.0221918 0.194889 0.393485 0.18298 0.0284102 0.0549444 0.0766134 0.0269321 0.00970194 0.00660113 0.00194119 0.000582052 0.000123601 1.75785e-05 1.62527e-06 7.9675e-08
 2.14907e-27 2.18257e-27 7.6512e-27 1.87139e-21 1.11299e-16 1.52181e-12 4.78384e-09 3.45729e-06 0.000574424 0.0219426 0.192701 0.389067 0.180947 0.0286542 0.0577658 0.080584 0.0282451 0.00991143 0.00672587 0.00205221 0.000655458 0.000147386 2.14898e-05 1.84138e-06 8.13975e-08
 2.14889e-27 2.18213e-27 7.60486e-27 1.85567e-21 1.10364e-16 1.50903e-12 4.74365e-09 3.42825e-06 0.000569599 0.0217583 0.191082 0.385798 0.179442 0.0288109 0.0597073 0.0833215 0.0292252 0.0103203 0.00700319 0.00210766 0.000667269 0.000156207 2.43475e-05 2.17735e-06 9.39516e-08
 2.14746e-27 2.17862e-27 7.23396e-27 1.72986e-21 1.02881e-16 1.40672e-12 4.42203e-09 3.19582e-06 0.00053098 0.0202831 0.178127 0.359642 0.167392 0.0299471 0.0745271 0.104235 0.0369408 0.0142665 0.00990115 0.00299435 0.000950269 0.000220469 3.4753e-05 3.26914e-06 1.484e-07
 2.14738e-27 2.17844e-27 7.21876e-27 1.72472e-21 1.02575e-16 1.40254e-12 4.40889e-09 3.18632e-06 0.000529402 0.0202228 0.177598 0.358574 0.166889 0.0297152 0.0734336 0.10274 0.0370329 0.0162872 0.0116855 0.00370127 0.0012457 0.000292288 4.60582e-05 4.34993e-06 2.03517e-07
 2.14797e-27 2.17989e-27 7.37272e-27 1.77695e-21 1.05682e-16 1.44501e-12 4.54241e-09 3.28281e-06 0.000545434 0.0208352 0.182976 0.369432 0.171889 0.0291644 0.0667983 0.0933853 0.0336998 0.0149513 0.0108457 0.00370208 0.00137036 0.00034053 5.62725e-05 5.37999e-06 2.52849e-07
 2.14808e-27 2.18016e-27 7.3997e-27 1.78609e-21 1.06226e-16 1.45245e-12 4.56579e-09 3.29971e-06 0.000548242 0.0209425 0.183918 0.371334 0.17277 0.0292205 0.0665672 0.0930337 0.0332234 0.0136472 0.00975129 0.00335203 0.00127679 0.000343862 6.23521e-05 6.32858e-06 3.06754e-07
 2.14808e-27 2.18016e-27 7.39848e-27 1.78568e-21 1.06201e-16 1.45211e-12 4.56472e-09 3.29894e-06 0.000548114 0.0209376 0.183875 0.371247 0.172732 0.0292755 0.0669295 0.0935385 0.0333258 0.0134385 0.00950888 0.00312588 0.00113827 0.000310217 5.95242e-05 6.5977e-06 3.44392e-07
 2.14805e-27 2.18009e-27 7.39176e-27 1.78339e-21 1.06065e-16 1.45025e-12 4.55889e-09 3.29472e-06 0.000547413 0.0209108 0.18364 0.370773 0.172513 0.0292874 0.0671454 0.0938456 0.0334738 0.0136193 0.00964341 0.00313441 0.00111276 0.000290108 5.43625e-05 6.24443e-06 3.49984e-07
 2.14813e-27 2.18027e-27 7.41031e-27 1.78969e-21 1.0644e-16 1.45537e-12 4.57498e-09 3.30635e-06 0.000549345 0.0209846 0.184288 0.372081 0.173115 0.0292266 0.0663796 0.0927656 0.0330833 0.0134443 0.00952276 0.00310956 0.00110609 0.000283611 5.12171e-05 5.70038e-06 3.23091e-07
 2.14814e-27 2.18031e-27 7.4159e-27 1.79159e-21 1.06553e-16 1.45692e-12 4.57984e-09 3.30986e-06 0.000549929 0.0210069 0.184484 0.372476 0.173294 0.0291236 0.0656316 0.0917254 0.032908 0.0139921 0.0100073 0.00327125 0.00116614 0.000299912 5.37553e-05 5.81733e-06 3.19747e-07
 2.1482e-27 2.18044e-27 7.42895e-27 1.79601e-21 1.06816e-16 1.46052e-12 4.59115e-09 3.31804e-06 0.000551287 0.0210588 0.184939 0.373396 0.17372 0.029136 0.0654303 0.0914304 0.0326492 0.0134037 0.00954606 0.0031992 0.00117256 0.000303027 5.44355e-05 5.86599e-06 3.16315e-07
 2.14817e-27 2.18037e-27 7.42064e-27 1.79319e-21 1.06648e-16 1.45822e-12 4.58394e-09 3.31283e-06 0.000550421 0.0210257 0.184649 0.37281 0.173451 0.0291968 0.0659777 0.0921976 0.0328619 0.0132953 0.00941461 0.00309359 0.00111764 0.000295365 5.42443e-05 5.87837e-06 3.16248e-07
 2.14831e-27 2.18072e-27 7.4592e-27 1.80628e-21 1.07426e-16 1.46886e-12 4.61738e-09 3.337e-06 0.000554437 0.0211791 0.185996 0.375529 0.174702 0.0290273 0.0641232 0.0895904 0.032036 0.0132876 0.00945068 0.00308025 0.0010966 0.000284816 5.22739e-05 5.7804e-06 3.15018e-07
 2.1478e-27 2.17946e-27 7.32438e-27 1.76054e-21 1.04706e-16 1.43167e-12 4.50046e-09 3.25249e-06 0.000540397 0.0206428 0.181286 0.36602 0.170325 0.0295278 0.070045 0.0979303 0.0348804 0.0140338 0.00993315 0.00328176 0.0011836 0.000304741 5.49842e-05 6.03e-06 3.31785e-07
 2.14709e-27 2.17774e-27 7.14476e-27 1.69962e-21 1.01083e-16 1.38213e-12 4.34473e-09 3.13995e-06 0.000521698 0.0199285 0.175013 0.353355 0.164485 0.0299438 0.0764014 0.106925 0.0385319 0.0169192 0.0121706 0.00395604 0.00140559 0.000365566 6.6281e-05 7.1844e-06 3.91051e-07
 2.1466e-27 2.17655e-27 7.02159e-27 1.65785e-21 9.85988e-17 1.34816e-12 4.23797e-09 3.06279e-06 0.000508878 0.0194388 0.170713 0.344673 0.160475 0.0300557 0.0797017 0.111625 0.0408381 0.0198576 0.0146529 0.00500849 0.00186961 0.000482306 8.68711e-05 9.4609e-06 5.12928e-07
 2.14639e-27 2.17607e-27 6.97493e-27 1.64204e-21 9.76583e-17 1.3353e-12 4.19754e-09 3.03358e-06 0.000504024 0.0192534 0.169084 0.341385 0.158951 0.0299274 0.0799094 0.111959 0.041496 0.0218431 0.0164726 0.00600153 0.00241588 0.000658132 0.000122495 1.33142e-05 7.2102e-07
#obs surv len freq
 1.2316e-39 6.02782e-33 6.78259e-27 1.75459e-21 1.04352e-16 1.42683e-12 4.48525e-09 3.2415e-06 0.000538579 0.020573 0.180672 0.364783 0.169745 0.0293044 0.0690544 0.0965767 0.0349712 0.0158936 0.0116232 0.0040846 0.00160881 0.000460039 9.53115e-05 1.21953e-05 8.05394e-07
 1.31259e-39 6.42421e-33 7.22862e-27 1.86998e-21 1.11214e-16 1.52066e-12 4.7802e-09 3.45466e-06 0.000573996 0.0219259 0.192553 0.38877 0.180795 0.0282472 0.055371 0.0772726 0.0279347 0.0125512 0.00914791 0.00318542 0.00123899 0.000349121 7.08859e-05 8.81622e-06 5.59991e-07
 1.1603e-39 5.67889e-33 6.38997e-27 1.65303e-21 9.83116e-17 1.34423e-12 4.22561e-09 3.05386e-06 0.000507403 0.0193821 0.170214 0.343668 0.160039 0.0308042 0.0845739 0.118374 0.0416082 0.0149904 0.0103942 0.00358833 0.00138155 0.000384741 7.68309e-05 9.35921e-06 5.78656e-07
 1.3491e-39 6.60291e-33 7.4297e-27 1.92199e-21 1.14308e-16 1.56296e-12 4.91317e-09 3.55076e-06 0.000589964 0.0225359 0.19791 0.399584 0.185767 0.0275074 0.0475955 0.0663567 0.024694 0.0132855 0.00983117 0.00300572 0.00100204 0.00027158 5.3478e-05 6.40733e-06 3.88207e-07
 1.38775e-39 6.79209e-33 7.64257e-27 1.97706e-21 1.17583e-16 1.60774e-12 5.05394e-09 3.65249e-06 0.000606867 0.0231815 0.20358 0.411032 0.191063 0.0276128 0.0447884 0.0622789 0.0215989 0.00685158 0.00466049 0.0017912 0.00073336 0.000180626 3.16861e-05 3.66742e-06 2.18359e-07
 1.26356e-39 6.18425e-33 6.95862e-27 1.80013e-21 1.0706e-16 1.46386e-12 4.60165e-09 3.32562e-06 0.000552557 0.021107 0.185361 0.37425 0.174134 0.0296478 0.0682974 0.0953838 0.0328587 0.00967942 0.00619333 0.00177401 0.00055922 0.000162933 3.17369e-05 3.37347e-06 1.87045e-07
 1.2871e-39 6.29946e-33 7.08825e-27 1.83366e-21 1.09055e-16 1.49113e-12 4.68737e-09 3.38757e-06 0.00056285 0.0215001 0.188814 0.381221 0.177325 0.0287896 0.0609579 0.0851313 0.0305086 0.0128521 0.00900006 0.00247933 0.000675917 0.000149495 2.5787e-05 3.02108e-06 1.68164e-07
 1.42117e-39 6.95562e-33 7.82658e-27 2.02466e-21 1.20414e-16 1.64645e-12 5.17562e-09 3.74043e-06 0.000621478 0.0237397 0.208482 0.420928 0.195614 0.026964 0.0378454 0.0525259 0.0186178 0.00720549 0.00505872 0.00167316 0.000578374 0.000123282 1.71436e-05 1.64075e-06 8.96314e-08
 1.41682e-39 6.93437e-33 7.80266e-27 2.01847e-21 1.20046e-16 1.64142e-12 5.1598e-09 3.729e-06 0.000619579 0.0236671 0.207845 0.419642 0.195035 0.027369 0.0407055 0.0564998 0.0192398 0.00494008 0.0030433 0.000960957 0.000331277 8.39825e-05 1.35746e-05 1.17496e-06 5.26056e-08
 1.35218e-39 6.61798e-33 7.44666e-27 1.92638e-21 1.14569e-16 1.56652e-12 4.92438e-09 3.55886e-06 0.00059131 0.0225873 0.198361 0.400496 0.186221 0.0283836 0.0526699 0.0733548 0.0250694 0.00672606 0.00412495 0.0010677 0.000267524 6.31017e-05 1.0872e-05 1.08719e-06 4.97883e-08
 1.32247e-39 6.47255e-33 7.28302e-27 1.88405e-21 1.12051e-16 1.5321e-12 4.81617e-09 3.48066e-06 0.000578316 0.0220909 0.194003 0.391696 0.182161 0.0286172 0.056748 0.0791386 0.0275947 0.00921289 0.00607371 0.0016007 0.000395071 7.55982e-05 1.00702e-05 9.72218e-07 4.86623e-08
 1.36006e-39 6.65657e-33 7.49008e-27 1.93761e-21 1.15237e-16 1.57566e-12 4.9531e-09 3.57962e-06 0.000594758 0.022719 0.199518 0.402832 0.187285 0.0279577 0.0493661 0.06875 0.0241488 0.00863838 0.00586277 0.0017113 0.000501003 9.88697e-05 1.20109e-05 9.23786e-07 4.00041e-08
 1.33685e-39 6.54297e-33 7.36225e-27 1.90455e-21 1.1327e-16 1.54877e-12 4.86857e-09 3.51852e-06 0.000584608 0.0223313 0.196113 0.395957 0.184124 0.0284317 0.0543311 0.0757233 0.0262652 0.00832793 0.00548885 0.00166073 0.000523831 0.000115863 1.60589e-05 1.22548e-06 4.56516e-08
 1.29157e-39 6.32133e-33 7.11286e-27 1.84003e-21 1.09433e-16 1.4963e-12 4.70364e-09 3.39933e-06 0.000564804 0.0215748 0.18947 0.382544 0.177946 0.0290226 0.0619809 0.0865194 0.0302622 0.010411 0.00697482 0.00198925 0.000581654 0.000133096 2.03305e-05 1.74948e-06 6.94347e-08
 1.17192e-39 5.73575e-33 6.45395e-27 1.66958e-21 9.9296e-17 1.35769e-12 4.26792e-09 3.08443e-06 0.000512483 0.0195762 0.171918 0.347109 0.16162 0.0305459 0.0819605 0.114717 0.040695 0.0158405 0.0109915 0.003263 0.00099594 0.000217125 3.19037e-05 2.90272e-06 1.27462e-07
 1.26568e-39 6.19461e-33 6.97027e-27 1.80314e-21 1.0724e-16 1.46631e-12 4.60936e-09 3.33119e-06 0.000553482 0.0211423 0.185672 0.374876 0.174386 0.0286247 0.0618632 0.0864815 0.0319809 0.0165968 0.0122706 0.00389569 0.00130678 0.000298665 4.44976e-05 3.91794e-06 1.73591e-07
 1.23018e-39 6.02086e-33 6.77477e-27 1.75257e-21 1.04232e-16 1.42518e-12 4.48007e-09 3.23776e-06 0.000537958 0.0205493 0.180464 0.364362 0.16956 0.0295674 0.0707867 0.0989742 0.0352135 0.0140607 0.0101141 0.00380651 0.0015444 0.000386869 6.28839e-05 5.75608e-06 2.54049e-07
 1.27403e-39 6.2355e-33 7.01628e-27 1.81505e-21 1.07948e-16 1.47599e-12 4.63978e-09 3.35318e-06 0.000557136 0.0212819 0.186897 0.377351 0.175535 0.0287803 0.0620673 0.0867192 0.0313823 0.014193 0.0102589 0.00332084 0.00121901 0.00035697 6.9155e-05 7.02451e-06 3.30145e-07
 1.24843e-39 6.11022e-33 6.87532e-27 1.77858e-21 1.05779e-16 1.44633e-12 4.54656e-09 3.28581e-06 0.000545942 0.0208543 0.183142 0.369769 0.172052 0.0293504 0.0678325 0.094808 0.0337232 0.0134307 0.00954208 0.00330169 0.00124755 0.000325958 6.3072e-05 7.46515e-06 4.01073e-07
 1.25818e-39 6.15793e-33 6.929e-27 1.79247e-21 1.06605e-16 1.45763e-12 4.58206e-09 3.31147e-06 0.000550205 0.0210171 0.184572 0.372657 0.173376 0.0290713 0.0652585 0.0912074 0.0328331 0.0143083 0.0102658 0.00331102 0.00118068 0.000320299 6.06193e-05 6.90912e-06 4.01081e-07
 1.26758e-39 6.2039e-33 6.98073e-27 1.80585e-21 1.07401e-16 1.46851e-12 4.61627e-09 3.33619e-06 0.000554313 0.021174 0.18595 0.375439 0.174659 0.0289707 0.063806 0.0891514 0.031986 0.013609 0.00977995 0.0033147 0.00122427 0.000314294 5.77214e-05 6.56913e-06 3.74065e-07
 1.2579e-39 6.15655e-33 6.92745e-27 1.79207e-21 1.06581e-16 1.4573e-12 4.58104e-09 3.31073e-06 0.000550082 0.0210124 0.184531 0.372573 0.173341 0.0291537 0.0657868 0.0919367 0.0328772 0.0136463 0.00973859 0.00325875 0.00120383 0.000321279 5.91813e-05 6.48743e-06 3.63021e-07
 1.26004e-39 6.16704e-33 6.93925e-27 1.79512e-21 1.06762e-16 1.45978e-12 4.58884e-09 3.31637e-06 0.000551019 0.0210482 0.184845 0.373208 0.173631 0.0290728 0.0651013 0.0909799 0.0326686 0.0139799 0.0100225 0.00330642 0.00119841 0.000317198 5.92792e-05 6.60787e-06 3.63708e-07
 1.25909e-39 6.16238e-33 6.93401e-27 1.79376e-21 1.06682e-16 1.45868e-12 4.58537e-09 3.31386e-06 0.000550603 0.0210323 0.184706 0.372926 0.173501 0.0290899 0.0652908 0.0912454 0.0327392 0.0139345 0.0100011 0.00335655 0.0012345 0.000322436 5.93223e-05 6.62969e-06 3.69421e-07
 1.26804e-39 6.20616e-33 6.98327e-27 1.8065e-21 1.0744e-16 1.46904e-12 4.61795e-09 3.3374e-06 0.000554514 0.0211817 0.186018 0.375575 0.174721 0.0289624 0.063714 0.0890227 0.0319533 0.013636 0.00978836 0.00327639 0.00120731 0.000320014 5.91443e-05 6.52981e-06 3.62071e-07
 1.19772e-39 5.86202e-33 6.59604e-27 1.70633e-21 1.01482e-16 1.38758e-12 4.36188e-09 3.15234e-06 0.000523766 0.0200072 0.175703 0.35475 0.165131 0.0299662 0.0761185 0.106509 0.0381409 0.0159971 0.0114445 0.00383689 0.00141544 0.00037511 6.98263e-05 7.7735e-06 4.29464e-07
 1.20048e-39 5.87551e-33 6.61122e-27 1.71026e-21 1.01716e-16 1.39078e-12 4.37192e-09 3.1596e-06 0.000524971 0.0200532 0.176107 0.355566 0.165492 0.0295179 0.0731355 0.102374 0.0376283 0.0188327 0.0139136 0.00462267 0.0016881 0.000447415 8.33934e-05 9.32224e-06 5.18492e-07
 1.22923e-39 6.01622e-33 6.76955e-27 1.75122e-21 1.04151e-16 1.42408e-12 4.47662e-09 3.23526e-06 0.000537543 0.0205335 0.180325 0.364081 0.169414 0.0291398 0.0682609 0.0954876 0.0349796 0.0171613 0.0128171 0.00473327 0.00191255 0.000508385 9.41183e-05 1.05223e-05 5.87038e-07
 1.22923e-39 6.01622e-33 6.76955e-27 1.75122e-21 1.04151e-16 1.42408e-12 4.47662e-09 3.23526e-06 0.000537543 0.0205335 0.180325 0.364081 0.169414 0.0291398 0.0682609 0.0954876 0.0349796 0.0171613 0.0128171 0.00473327 0.00191255 0.000508385 9.41183e-05 1.05223e-05 5.87038e-07
#pred catch len freq
 2.14597e-27 2.17347e-27 6.61796e-27 1.52079e-21 9.04471e-17 1.2367e-12 3.88759e-09 2.80957e-06 0.000466807 0.0178317 0.156599 0.316177 0.147172 0.0266071 0.0672304 0.0943583 0.0381996 0.0301796 0.0267955 0.0180817 0.0152387 0.0132244 0.0137038 0.0127646 0.00536767
 2.14867e-27 2.18136e-27 7.51559e-27 1.82539e-21 1.08563e-16 1.4844e-12 4.66624e-09 3.3723e-06 0.000560303 0.0214032 0.187964 0.379502 0.176498 0.0279301 0.0562265 0.0785096 0.028645 0.0137503 0.0108458 0.00581368 0.00404322 0.00286935 0.00247181 0.00209328 0.000869912
 2.14792e-27 2.1797e-27 7.34515e-27 1.76757e-21 1.05124e-16 1.43738e-12 4.51843e-09 3.26548e-06 0.000542555 0.0207252 0.18201 0.367482 0.171003 0.029586 0.0699594 0.09777 0.0342584 0.0120019 0.00832135 0.00307463 0.00148935 0.000780089 0.000500642 0.000352959 0.000138911
 2.1481e-27 2.1802e-27 7.40279e-27 1.78713e-21 1.06288e-16 1.4533e-12 4.56845e-09 3.30164e-06 0.000548562 0.0209547 0.184025 0.37155 0.17287 0.0292122 0.0664516 0.092876 0.0332462 0.0138939 0.00981497 0.00298956 0.00101792 0.00033096 0.000128599 6.42508e-05 2.22448e-05
 2.1495e-27 2.18365e-27 7.76816e-27 1.91108e-21 1.13659e-16 1.55409e-12 4.88529e-09 3.53061e-06 0.000586606 0.022408 0.196788 0.397317 0.184738 0.0280315 0.0514774 0.0717536 0.0255764 0.010354 0.00735051 0.002456 0.000881303 0.000217355 4.575e-05 1.18287e-05 3.02487e-06
 2.14843e-27 2.18098e-27 7.48182e-27 1.81393e-21 1.07881e-16 1.47508e-12 4.63695e-09 3.35113e-06 0.000556786 0.0212688 0.186784 0.377121 0.175448 0.0292981 0.065297 0.0911854 0.0317893 0.0106076 0.00716338 0.00235574 0.000852407 0.000223316 4.03043e-05 5.22991e-06 6.7203e-07
 2.14827e-27 2.1806e-27 7.44516e-27 1.80151e-21 1.07143e-16 1.46498e-12 4.60519e-09 3.32819e-06 0.000552973 0.0211232 0.185505 0.374538 0.174249 0.0291666 0.0652729 0.0912007 0.0324717 0.0130176 0.00908863 0.00269444 0.000852194 0.000218336 3.99705e-05 4.45003e-06 2.95693e-07
 2.14947e-27 2.18357e-27 7.75925e-27 1.90805e-21 1.13479e-16 1.55162e-12 4.87755e-09 3.52502e-06 0.000585676 0.0223724 0.196476 0.396688 0.184452 0.0281664 0.0524908 0.0731658 0.0258563 0.00975768 0.00679538 0.00221256 0.000766255 0.000179043 2.95074e-05 3.17726e-06 1.78354e-07
 2.15019e-27 2.18533e-27 7.94399e-27 1.97071e-21 1.17206e-16 1.60258e-12 5.03773e-09 3.64078e-06 0.00060491 0.0231072 0.202928 0.409714 0.190456 0.0276757 0.0455688 0.0633852 0.0220828 0.00732013 0.00491035 0.00155116 0.000531918 0.000134463 2.27474e-05 2.24348e-06 1.15959e-07
 2.14957e-27 2.18379e-27 7.77857e-27 1.91459e-21 1.13868e-16 1.55694e-12 4.89426e-09 3.5371e-06 0.000587683 0.0224491 0.197149 0.398047 0.185089 0.0284033 0.0535272 0.0745778 0.0256952 0.00758416 0.00487317 0.00143616 0.000446891 0.000109463 1.8926e-05 1.94857e-06 9.75408e-08
 2.14909e-27 2.18261e-27 7.65413e-27 1.87238e-21 1.11358e-16 1.52262e-12 4.78636e-09 3.45912e-06 0.000574727 0.0219542 0.192803 0.389272 0.181045 0.0287419 0.0582392 0.0812375 0.0282932 0.00934037 0.00617127 0.00171713 0.000480473 0.000107782 1.71724e-05 1.74594e-06 8.96207e-08
 2.14928e-27 2.18309e-27 7.70613e-27 1.89002e-21 1.12407e-16 1.53696e-12 4.83147e-09 3.49172e-06 0.000580143 0.0221611 0.19462 0.39294 0.18273 0.0284603 0.0554142 0.0772716 0.0271099 0.00959374 0.0064968 0.00190747 0.000570715 0.000121129 1.72221e-05 1.59216e-06 7.80495e-08
 2.1491e-27 2.18264e-27 7.6582e-27 1.87376e-21 1.1144e-16 1.52374e-12 4.7899e-09 3.46167e-06 0.000575152 0.0219704 0.192945 0.38956 0.181175 0.0286537 0.0576142 0.0803662 0.0281138 0.00968834 0.00654189 0.00199271 0.000635122 0.00014274 2.08069e-05 1.7827e-06 7.8801e-08
 2.14883e-27 2.18198e-27 7.58808e-27 1.84997e-21 1.10025e-16 1.5044e-12 4.72909e-09 3.41773e-06 0.00056785 0.0216915 0.190496 0.384614 0.178898 0.0288943 0.0605736 0.0845383 0.0295956 0.0102695 0.00693557 0.00208388 0.000658344 0.000154035 2.4003e-05 2.14635e-06 9.26115e-08
 2.14754e-27 2.17882e-27 7.25505e-27 1.73701e-21 1.03307e-16 1.41253e-12 4.44032e-09 3.20903e-06 0.000533176 0.020367 0.178864 0.36113 0.168078 0.0299103 0.073854 0.10328 0.0365207 0.0138443 0.00956458 0.00288778 0.000914501 0.000212059 3.34185e-05 3.14333e-06 1.42685e-07
 2.14744e-27 2.17858e-27 7.2333e-27 1.72965e-21 1.02869e-16 1.40655e-12 4.4215e-09 3.19543e-06 0.000530916 0.0202806 0.178105 0.359599 0.167363 0.0297087 0.0730845 0.10224 0.0367574 0.015867 0.0113393 0.00358539 0.00120425 0.00028242 4.44918e-05 4.20163e-06 1.96573e-07
 2.148e-27 2.17996e-27 7.37987e-27 1.77937e-21 1.05826e-16 1.44698e-12 4.54861e-09 3.28729e-06 0.000546178 0.0208636 0.183226 0.369936 0.172122 0.0291794 0.066738 0.0932939 0.0335794 0.0146244 0.0105672 0.00360024 0.00133013 0.00033038 5.45818e-05 5.21792e-06 2.45226e-07
 2.14813e-27 2.18028e-27 7.41135e-27 1.79004e-21 1.06461e-16 1.45566e-12 4.57588e-09 3.307e-06 0.000549454 0.0209888 0.184324 0.372154 0.173149 0.0292168 0.0662976 0.0926478 0.0330069 0.0133092 0.00946926 0.0032489 0.00123515 0.00033249 6.02764e-05 6.11746e-06 2.96513e-07
 2.14812e-27 2.18025e-27 7.40799e-27 1.7889e-21 1.06393e-16 1.45473e-12 4.57296e-09 3.30489e-06 0.000549103 0.0209754 0.184207 0.371917 0.173042 0.0292776 0.0667403 0.093266 0.0331516 0.0131237 0.00924613 0.00303397 0.00110261 0.000300347 5.76172e-05 6.38589e-06 3.33328e-07
 2.1481e-27 2.1802e-27 7.40324e-27 1.78729e-21 1.06297e-16 1.45342e-12 4.56884e-09 3.30191e-06 0.000548608 0.0209565 0.184041 0.371582 0.172887 0.0292834 0.0668767 0.093461 0.0332582 0.0132833 0.00936529 0.00303855 0.00107657 0.000280532 5.25554e-05 6.0364e-06 3.38318e-07
 2.14808e-27 2.18015e-27 7.39716e-27 1.78522e-21 1.06174e-16 1.45174e-12 4.56357e-09 3.2981e-06 0.000547975 0.0209323 0.183828 0.371153 0.172689 0.0293038 0.0671308 0.093819 0.0333828 0.0133246 0.00939876 0.00306357 0.00108757 0.000278725 5.03226e-05 5.60039e-06 3.17417e-07
 2.14814e-27 2.1803e-27 7.4146e-27 1.79114e-21 1.06526e-16 1.45656e-12 4.57871e-09 3.30904e-06 0.000549793 0.0210017 0.184438 0.372384 0.173253 0.0291629 0.0658995 0.0920971 0.0329606 0.0137605 0.00980206 0.00319842 0.00113791 0.000292509 5.24157e-05 5.67193e-06 3.11748e-07
 2.14821e-27 2.18047e-27 7.43196e-27 1.79703e-21 1.06876e-16 1.46134e-12 4.59376e-09 3.31992e-06 0.0005516 0.0210707 0.185044 0.373608 0.173819 0.0291599 0.065512 0.0915399 0.0326114 0.0131449 0.00932231 0.00311844 0.00114074 0.000294662 5.29202e-05 5.70227e-06 3.0748e-07
 2.14815e-27 2.18032e-27 7.41596e-27 1.7916e-21 1.06553e-16 1.45693e-12 4.57987e-09 3.30988e-06 0.000549932 0.021007 0.184485 0.372479 0.1733 0.0292456 0.0663758 0.0927533 0.0329843 0.0131049 0.0092406 0.00303092 0.00109283 0.000288666 5.30016e-05 5.74328e-06 3.08973e-07
 2.1483e-27 2.1807e-27 7.4564e-27 1.80532e-21 1.07369e-16 1.46808e-12 4.61494e-09 3.33523e-06 0.000554144 0.0211679 0.185898 0.375331 0.174612 0.0290697 0.0644424 0.0900349 0.0321188 0.0130814 0.0092657 0.00301456 0.00107108 0.000278048 5.10194e-05 5.64126e-06 3.07429e-07
 2.14778e-27 2.17942e-27 7.32007e-27 1.75907e-21 1.04619e-16 1.43048e-12 4.49672e-09 3.24979e-06 0.000539948 0.0206257 0.181136 0.365716 0.170186 0.0295773 0.0704388 0.0984796 0.0349963 0.0138273 0.00974531 0.00321384 0.00115683 0.000297703 5.37013e-05 5.88886e-06 3.24012e-07
 2.14706e-27 2.17766e-27 7.13558e-27 1.6965e-21 1.00897e-16 1.37959e-12 4.33676e-09 3.13419e-06 0.000520741 0.019892 0.174692 0.352708 0.164188 0.0300157 0.0770359 0.107813 0.038754 0.0167103 0.0119742 0.00388527 0.00137769 0.000358132 6.49176e-05 7.03609e-06 3.8297e-07
 2.14651e-27 2.17632e-27 6.99772e-27 1.64975e-21 9.81171e-17 1.34158e-12 4.21726e-09 3.04783e-06 0.000506392 0.0193438 0.169879 0.342989 0.159702 0.0301794 0.0809642 0.113398 0.0413708 0.0197588 0.0145302 0.00495736 0.00184702 0.000476255 8.57606e-05 9.33925e-06 5.06321e-07
 2.14527e-27 2.17332e-27 6.68431e-27 1.54346e-21 9.17955e-17 1.25514e-12 3.94555e-09 2.85146e-06 0.000473766 0.0180975 0.158933 0.320891 0.14951 0.0308327 0.091613 0.12847 0.0475149 0.0247036 0.0185879 0.00675983 0.00271651 0.00073971 0.000137648 1.49601e-05 8.10134e-07
#obs catch len freq
 1.2186e-39 5.96422e-33 6.71104e-27 1.73608e-21 1.03251e-16 1.41178e-12 4.43793e-09 3.2073e-06 0.000532898 0.020356 0.178766 0.360935 0.167972 0.0294741 0.0712503 0.0996737 0.0360884 0.0163893 0.0119978 0.0042537 0.00169526 0.000492215 0.000104934 1.39975e-05 9.67663e-07
 1.22163e-39 5.97905e-33 6.72772e-27 1.7404e-21 1.03508e-16 1.41529e-12 4.44896e-09 3.21527e-06 0.000534222 0.0204066 0.179211 0.361832 0.168387 0.0294722 0.0709686 0.0992708 0.0358693 0.0160599 0.0117064 0.00410132 0.00161015 0.000459728 9.51332e-05 1.21638e-05 8.02948e-07
 1.30499e-39 6.38703e-33 7.18679e-27 1.85915e-21 1.10571e-16 1.51186e-12 4.75253e-09 3.43467e-06 0.000570675 0.021799 0.191439 0.38652 0.17976 0.0283768 0.0568404 0.0793405 0.0286208 0.0126668 0.00920147 0.00319438 0.0012384 0.00034843 7.06606e-05 8.78195e-06 5.57561e-07
 1.15086e-39 5.63266e-33 6.33796e-27 1.63957e-21 9.75114e-17 1.33329e-12 4.19122e-09 3.029e-06 0.000503273 0.0192244 0.168828 0.340871 0.158752 0.0309737 0.0864523 0.121016 0.0424669 0.0150743 0.0104088 0.00358248 0.00137475 0.000382272 7.62457e-05 9.28131e-06 5.7358e-07
 1.34216e-39 6.56893e-33 7.39147e-27 1.9121e-21 1.1372e-16 1.55491e-12 4.88789e-09 3.53248e-06 0.000586927 0.0224199 0.196891 0.397528 0.18482 0.0276223 0.0489171 0.0682173 0.0253191 0.0134176 0.00990246 0.00301967 0.00100301 0.000271405 5.33788e-05 6.3909e-06 3.87035e-07
 1.38191e-39 6.76351e-33 7.6104e-27 1.96874e-21 1.17088e-16 1.60097e-12 5.03267e-09 3.63712e-06 0.000604312 0.023084 0.202723 0.409302 0.190267 0.0277153 0.0459358 0.0638933 0.0221278 0.00691803 0.00468292 0.00179383 0.000732318 0.00018013 3.1557e-05 3.64969e-06 2.17202e-07
 1.25733e-39 6.15376e-33 6.92431e-27 1.79125e-21 1.06533e-16 1.45664e-12 4.57896e-09 3.30922e-06 0.000549832 0.0210029 0.184447 0.372404 0.173285 0.0297634 0.0695597 0.0971587 0.0334267 0.00970465 0.00617816 0.00176529 0.000554269 0.000161214 3.13689e-05 3.33206e-06 1.84656e-07
 1.28026e-39 6.26598e-33 7.05059e-27 1.82392e-21 1.08475e-16 1.4832e-12 4.66247e-09 3.36957e-06 0.00055986 0.0213859 0.187811 0.379195 0.176393 0.0289118 0.062314 0.087039 0.0311294 0.0129156 0.0090136 0.00247753 0.000672839 0.000148569 2.55902e-05 2.99579e-06 1.66687e-07
 1.41639e-39 6.93223e-33 7.80025e-27 2.01785e-21 1.20009e-16 1.64091e-12 5.15821e-09 3.72785e-06 0.000619387 0.0236598 0.20778 0.419512 0.194963 0.0270477 0.0387828 0.0538448 0.0190507 0.00726275 0.00507919 0.00167509 0.000577158 0.000122865 1.70625e-05 1.63155e-06 8.90808e-08
 1.41227e-39 6.91206e-33 7.77756e-27 2.01198e-21 1.1966e-16 1.63614e-12 5.14321e-09 3.71701e-06 0.000617586 0.023591 0.207176 0.418292 0.194414 0.027451 0.0416129 0.0577761 0.0196535 0.00497667 0.00304792 0.000959686 0.000329673 8.34519e-05 1.34738e-05 1.16543e-06 5.21495e-08
 1.34631e-39 6.58925e-33 7.41433e-27 1.91802e-21 1.14072e-16 1.55972e-12 4.903e-09 3.54341e-06 0.000588743 0.0224892 0.1975 0.398757 0.185421 0.0284891 0.053838 0.074998 0.0256019 0.00677316 0.00413126 0.00106713 0.000266294 6.26973e-05 1.07887e-05 1.07813e-06 4.9352e-08
 1.31644e-39 6.44307e-33 7.24985e-27 1.87547e-21 1.11541e-16 1.52512e-12 4.79424e-09 3.46481e-06 0.000575682 0.0219903 0.193119 0.389912 0.181341 0.0287261 0.0579505 0.0808299 0.0281417 0.00925717 0.00607634 0.00159806 0.000392891 7.50644e-05 9.98443e-06 9.63084e-07 4.81825e-08
 1.35461e-39 6.6299e-33 7.46007e-27 1.92985e-21 1.14775e-16 1.56935e-12 4.93325e-09 3.56527e-06 0.000592375 0.0226279 0.198719 0.401217 0.186542 0.0280557 0.0504505 0.0702753 0.0246437 0.00868418 0.00586959 0.00170905 0.000498543 9.82519e-05 1.19202e-05 9.16019e-07 3.96439e-08
 1.33096e-39 6.51412e-33 7.32979e-27 1.89615e-21 1.12771e-16 1.54194e-12 4.8471e-09 3.50301e-06 0.00058203 0.0222328 0.195249 0.394211 0.183321 0.028538 0.0555067 0.0773768 0.0268007 0.0083739 0.00549328 0.0016577 0.000521012 0.000115076 1.59305e-05 1.21482e-06 4.52302e-08
 1.28495e-39 6.28893e-33 7.07641e-27 1.8306e-21 1.08873e-16 1.48864e-12 4.67954e-09 3.38191e-06 0.00056191 0.0214642 0.188499 0.380584 0.177044 0.0291422 0.0633023 0.088378 0.0308636 0.010461 0.00697844 0.00198551 0.000578372 0.000132138 2.01594e-05 1.73355e-06 6.87708e-08
 1.16327e-39 5.69341e-33 6.40632e-27 1.65725e-21 9.85631e-17 1.34767e-12 4.23642e-09 3.06167e-06 0.000508701 0.0194317 0.170649 0.344547 0.160442 0.0307026 0.0836893 0.117149 0.0414818 0.0159052 0.0109949 0.00325579 0.000990164 0.000215552 3.16308e-05 2.8757e-06 1.26217e-07
 1.25809e-39 6.1575e-33 6.92851e-27 1.79234e-21 1.06597e-16 1.45752e-12 4.58174e-09 3.31123e-06 0.000550166 0.0210156 0.184559 0.37263 0.173352 0.0287565 0.0633451 0.0885666 0.0326681 0.016697 0.0123098 0.00389751 0.00130291 0.000297364 4.42486e-05 3.89309e-06 1.72403e-07
 1.22141e-39 5.97797e-33 6.72651e-27 1.74009e-21 1.03489e-16 1.41503e-12 4.44816e-09 3.21469e-06 0.000534126 0.0204029 0.179178 0.361767 0.168366 0.0297212 0.0725082 0.101396 0.0360081 0.014164 0.0101494 0.00380741 0.00154018 0.0003853 6.25545e-05 5.72194e-06 2.52421e-07
 1.26638e-39 6.19806e-33 6.97416e-27 1.80415e-21 1.07299e-16 1.46713e-12 4.61192e-09 3.33305e-06 0.00055379 0.0211541 0.185775 0.375085 0.174493 0.028914 0.0635664 0.0888285 0.0320756 0.0142879 0.0102938 0.00332277 0.00121539 0.000355351 6.87685e-05 6.98083e-06 3.27947e-07
 1.23931e-39 6.06554e-33 6.82504e-27 1.76557e-21 1.05005e-16 1.43576e-12 4.51332e-09 3.26178e-06 0.00054195 0.0207018 0.181803 0.367066 0.170808 0.0295079 0.0696089 0.0973078 0.0345484 0.0135558 0.00959497 0.00330999 0.00124666 0.000325244 6.2853e-05 7.4342e-06 3.99254e-07
 1.24819e-39 6.10903e-33 6.87398e-27 1.77823e-21 1.05758e-16 1.44605e-12 4.54568e-09 3.28517e-06 0.000545836 0.0208502 0.183107 0.369698 0.172015 0.0292383 0.0671696 0.0938975 0.0337325 0.0144835 0.010357 0.00333114 0.00118373 0.000320633 6.0611e-05 6.90316e-06 4.00553e-07
 1.25799e-39 6.15699e-33 6.92795e-27 1.79219e-21 1.06589e-16 1.45741e-12 4.58137e-09 3.31096e-06 0.000550121 0.0210139 0.184544 0.3726 0.173352 0.0291318 0.065645 0.0917399 0.0328493 0.0137701 0.00986151 0.00333253 0.00122683 0.000314492 5.76848e-05 6.56022e-06 3.73387e-07
 1.24789e-39 6.10755e-33 6.87231e-27 1.7778e-21 1.05732e-16 1.4457e-12 4.54457e-09 3.28437e-06 0.000545703 0.0208452 0.183062 0.369608 0.171976 0.029322 0.0677078 0.0946406 0.0337789 0.0138146 0.00982395 0.00327778 0.00120681 0.000321596 5.91695e-05 6.48147e-06 3.62515e-07
 1.24972e-39 6.11651e-33 6.88239e-27 1.78041e-21 1.05888e-16 1.44782e-12 4.55124e-09 3.28919e-06 0.000546504 0.0208757 0.183331 0.37015 0.172224 0.0292445 0.0670712 0.0937527 0.0335973 0.0141664 0.0101217 0.00332964 0.00120275 0.000317869 5.93326e-05 6.60918e-06 3.63614e-07
 1.24875e-39 6.11178e-33 6.87707e-27 1.77903e-21 1.05806e-16 1.4467e-12 4.54773e-09 3.28665e-06 0.000546082 0.0208596 0.183189 0.369864 0.172092 0.0292619 0.067264 0.0940229 0.0336691 0.01412 0.0100996 0.00337976 0.00123892 0.000323113 5.93741e-05 6.63071e-06 3.6931e-07
 1.25722e-39 6.15321e-33 6.92369e-27 1.79109e-21 1.06523e-16 1.45651e-12 4.57855e-09 3.30893e-06 0.000549783 0.021001 0.184431 0.372371 0.173247 0.0291401 0.0657646 0.0919096 0.0329245 0.0138457 0.00990514 0.0033059 0.00121413 0.000321346 5.93193e-05 6.54446e-06 3.62715e-07
 1.18542e-39 5.80181e-33 6.52829e-27 1.68881e-21 1.0044e-16 1.37333e-12 4.31708e-09 3.11996e-06 0.000518386 0.0198017 0.173898 0.351106 0.163454 0.0301703 0.0784629 0.109809 0.0392468 0.0162216 0.0115651 0.00386609 0.00142148 0.000376152 6.99357e-05 7.78018e-06 4.29637e-07
 1.18712e-39 5.81013e-33 6.53764e-27 1.69123e-21 1.00584e-16 1.3753e-12 4.32326e-09 3.12443e-06 0.000519129 0.0198301 0.174148 0.351609 0.16367 0.0297295 0.0756202 0.105873 0.038823 0.0191492 0.0141071 0.00467368 0.00170103 0.000450172 8.38061e-05 9.36173e-06 5.20452e-07
 1.15737e-39 5.66452e-33 6.3738e-27 1.64884e-21 9.80629e-17 1.34083e-12 4.21492e-09 3.04613e-06 0.000506119 0.0193331 0.169783 0.342798 0.15961 0.0300826 0.0804312 0.112656 0.0412301 0.0201068 0.0149959 0.00552395 0.0022265 0.000591105 0.000109311 1.22127e-05 6.81054e-07
#spawning biomass
 4211.03 2363.94 2077.36 1996.65 2244.26 3463.31 4199.02 3892.65 6149.45 10908.1 15698.2 20386.2 28490.8 33998.6 44807 37672.2 32929.5 32104.1 30974.4 30493.1 29575.4 34499.7 36934.5 38659 43024.9 46920.2 47868.1 45649.5 44229.8 124296 172088 157611 108252 70589.8 48072.7 35669.4 29134.7 25787.5 24104.7 23269.3 22858 22656.8 22558.7 22511 22487.9 22476.7 22471.3 22468.7 22467.4 22466.8 22466.5 22466.4 22466.3 22466.3 22466.3 22466.3 22466.3 22466.3 22466.3 22466.3 22466.3 22466.3 22466.3 22466.3 22466.3 22466.3 22466.3 22466.3 22466.3 22466.3 22466.3 22466.3 22466.3 22466.3 22466.3 22466.3 22466.3 22466.3 22466.3 22466.3 22466.3 22466.3 22466.3 22466.3 22466.3 22466.3 22466.3 22466.3 22466.3 22466.3 22466.3 22466.3 22466.3 22466.3 22466.3 22466.3 22466.3 22466.3 22466.3 22466.3 22466.3 22466.3 22466.3 22466.3 22466.3 22466.3 22466.3 22466.3 22466.3 22466.3 22466.3 22466.3 22466.3 22466.3 22466.3 22466.3 22466.3 22466.3 22466.3 22466.3 22466.3 22466.3 22466.3 22466.3 22466.3 22466.3 22466.3 22466.3 22466.3 0 0 0 0 0 0 0 0 0 0 0 0 0 0 0 0 0 0 0 0 0 0 0 0 0
