SBPRF35
0.256306
Curr Bio
190948
B35
205551
F35
0.394838
FOFL
0.394838
OFL
78735
Bzero
73230.3
#pred survey bio
 29501.2 24043.4 18577.8 15913.7 23117.5 36672.7 49261.7 60844.5 79718.4 113176 148800 172625 193381 231553 236970 214234 211416 191048 184914 188250 196539 200539 215136 259718 291703 318140 276661 258034 275328 6.99854e+06 5.63691e+06 3.99881e+06 2.67827e+06 1.82728e+06 1.33336e+06 1.06142e+06 915040 836420 793676 769915 756327 748316 743450 740416 738480 737232 736416 735877 735518 735279 735118 735009 734936 734887 734854 734831 734816 734806 734799 734794 734791 734789 734787 734786 734786 734785 734785 734785 734785 734784 734784 734784 734784 734784 734784 734784 734784 734784 734784 734784 734784 734784 734784 734784 734784 734784 734784 734784 734784 734784 734784 734784 734784 734784 734784 734784 734784 734784 734784 734784 734784 734784 734784 734784 734784 734784 734784 734784 734784 734784 734784 734784 734784 734784 734784 734784 734784 734784 734784 734784 734784 734784 734784 734784 734784 734784 734784 734784 734784 0 0 0 0 0 0 0 0 0 0 0 0 0 0 0 0 0 0 0 0 0 0 0 0 0
#obs survey bio
 31620.3 25470.6 12820.2 16351.8 24818.9 42963.1 50342.2 70672.4 93311.4 127525 150365 184529 220667 259389 240533 257864 193958 197310 159341 105855 241368 223347 234155 197862 334414 305752 226134 290050 325478
#pred catch bio
 5598.27 3915.84 3637.35 3073.25 4159.01 7825.39 12104.1 18005.3 21786.1 37976.8 57924.9 69717.6 70074.8 94195.3 106453 91644 101580 82486.8 74732.7 77037.5 83527.6 81985.5 76953.5 95962.6 98915.8 143274 121871 97975.5 91601.9 78735 71061.5 48828.1 31377.4 20547 14548.8 11442.2 9899.52 9154.2 8800.63 8634.96 8557.98 8522.42 8506.05 8498.54 8495.1 8493.54 8492.82 8492.49 8492.35 8492.28 8492.25 8492.23 8492.23 8492.22 8492.22 8492.22 8492.22 8492.22 8492.22 8492.22 8492.22 8492.22 8492.22 8492.22 8492.22 8492.22 8492.22 8492.22 8492.22 8492.22 8492.22 8492.22 8492.22 8492.22 8492.22 8492.22 8492.22 8492.22 8492.22 8492.22 8492.22 8492.22 8492.22 8492.22 8492.22 8492.22 8492.22 8492.22 8492.22 8492.22 8492.22 8492.22 8492.22 8492.22 8492.22 8492.22 8492.22 8492.22 8492.22 8492.22 8492.22 8492.22 8492.22 8492.22 8492.22 8492.22 8492.22 8492.22 8492.22 8492.22 8492.22 8492.22 8492.22 8492.22 8492.22 8492.22 8492.22 8492.22 8492.22 8492.22 8492.22 8492.22 8492.22 8492.22 8492.22 8492.22 8492.22 8492.22 8492.22 0 0 0 0 0 0 0 0 0 0 0 0 0 0 0 0 0 0 0 0 0 0 0 0 0
#obs catch bio
 3663.36 3878.21 3764.26 3132.51 4044.75 7563.11 11763.2 17262 20830.8 36800.6 56218.9 65059.2 65458.4 91561.9 102859 88388.8 107080 83522.2 75062.9 82552.1 87376 80470.9 75757.1 98463 94152.6 142078 127522 96687.7 90953.7
#pred cpue bio
 28522.4 23694.7 18394.1 15187.5 20900.4 33768.8 46048.3 56818.5 72985.8 103768 136039 158548 177514 212911 219876 199030 195092 176084 171493 174306 181148 184945 197966 238546 269932 297109 257484 238763 254999 6.52795e+06 5.578e+06 3.9639e+06 2.64402e+06 1.79304e+06 1.29912e+06 1.02719e+06 880805 802184 759440 735679 722091 714080 709214 706180 704245 702996 702180 701641 701283 701043 700882 700773 700700 700651 700618 700595 700580 700570 700563 700558 700555 700553 700551 700550 700550 700549 700549 700549 700549 700549 700549 700549 700548 700548 700548 700548 700548 700548 700548 700548 700548 700548 700548 700548 700548 700548 700548 700548 700548 700548 700548 700548 700548 700548 700548 700548 700548 700548 700548 700548 700548 700548 700548 700548 700548 700548 700548 700548 700548 700548 700548 700548 700548 700548 700548 700548 700548 700548 700548 700548 700548 700548 700548 700548 700548 700548 700548 700548 700548 0 0 0 0 0 0 0 0 0 0 0 0 0 0 0 0 0 0 0 0 0 0 0 0 0
#obs cpue bio
 20475.8 20096.7 15280.6 17449.7 36083.1 38980.7 39056.7 73231.9 62252.6 99846.9 149333 233213 195063 177468 260788 177462 138834 172597 197821 175062 148383 233240 177410 246086 391905 291355 204378 278593 207347
#pred surv len freq
 2.33521e-11 1.09837e-09 3.57732e-08 8.06774e-07 1.2599e-05 0.000136241 0.00102018 0.00529033 0.019005 0.0473605 0.0823016 0.101771 0.0961232 0.0830545 0.079588 0.0801399 0.0751208 0.0664706 0.0582067 0.0505349 0.0435705 0.0377463 0.0320372 0.0246958 0.015813
 1.06509e-11 5.00967e-10 1.63162e-08 3.67971e-07 5.74643e-06 6.21411e-05 0.000465353 0.00241392 0.0086824 0.0217416 0.038499 0.0509811 0.0589079 0.0727194 0.0937349 0.106987 0.104237 0.093595 0.0825983 0.0715051 0.0600811 0.0491944 0.0387427 0.0278691 0.0169757
 9.11379e-12 4.28669e-10 1.39615e-08 3.14866e-07 4.9171e-06 5.31722e-05 0.000398168 0.002065 0.00742153 0.0185264 0.0324136 0.041129 0.0423273 0.0444811 0.0548255 0.0713743 0.0899303 0.105866 0.111771 0.10477 0.0896592 0.0719099 0.0538593 0.0363475 0.0208669
 3.29429e-11 1.54948e-09 5.04654e-08 1.13812e-06 1.77734e-05 0.000192193 0.00143912 0.00746191 0.0267935 0.0666447 0.11496 0.138144 0.117718 0.0759954 0.0452274 0.0335333 0.0335342 0.0400233 0.0499073 0.0579775 0.0590228 0.0518809 0.0394993 0.02587 0.0141568
 4.376e-11 2.05826e-09 6.70362e-08 1.51183e-06 2.36094e-05 0.000255302 0.00191167 0.00991228 0.0355942 0.0885553 0.152894 0.184377 0.159166 0.106893 0.0676637 0.0471698 0.0329056 0.0212599 0.0152107 0.0146486 0.0161971 0.0164572 0.013987 0.00963444 0.00528198
 3.59741e-11 1.69205e-09 5.51089e-08 1.24284e-06 1.94088e-05 0.000209879 0.00157158 0.00814938 0.0292714 0.0729004 0.126382 0.154848 0.141616 0.112489 0.0949993 0.0835367 0.0643492 0.04119 0.0235703 0.0136629 0.00925197 0.00768826 0.00661255 0.00487072 0.00281038
 3.20573e-11 1.50782e-09 4.91088e-08 1.10753e-06 1.72956e-05 0.000187028 0.00140047 0.00726223 0.0260862 0.0649807 0.112742 0.138564 0.128142 0.105004 0.093583 0.088317 0.0762147 0.0585704 0.0411066 0.0259185 0.0145557 0.00791563 0.00472878 0.00300036 0.00170211
 3.3206e-11 1.56185e-09 5.08685e-08 1.14721e-06 1.79154e-05 0.00019373 0.00145065 0.00752225 0.027018 0.0672802 0.116584 0.142593 0.129655 0.101735 0.0857279 0.0789397 0.0692077 0.0562614 0.0436458 0.031496 0.0201381 0.0112021 0.00555787 0.00260246 0.00117116
 3.8735e-11 1.82191e-09 5.93384e-08 1.33823e-06 2.08984e-05 0.000225986 0.00169217 0.00877436 0.0315113 0.0784299 0.135634 0.164619 0.145573 0.105533 0.0782218 0.0651026 0.0536539 0.0415582 0.03154 0.0234169 0.0161702 0.00990415 0.00520836 0.00232265 0.000885917
 3.7443e-11 1.76114e-09 5.73592e-08 1.29359e-06 2.02013e-05 0.000218449 0.00163574 0.00848191 0.0304633 0.075844 0.131316 0.1601 0.143896 0.109188 0.0867164 0.0744808 0.0593684 0.042056 0.0284979 0.0193987 0.0129378 0.00805514 0.0044496 0.0020792 0.000795007
 3.81165e-11 1.79282e-09 5.83909e-08 1.31686e-06 2.05647e-05 0.000222378 0.00166516 0.0086344 0.0310102 0.077198 0.133608 0.162653 0.145419 0.108775 0.0847001 0.072367 0.0586121 0.0426658 0.0291634 0.0190427 0.0116855 0.00670519 0.00354861 0.00165679 0.000645784
 3.67156e-11 1.72693e-09 5.62449e-08 1.26846e-06 1.98089e-05 0.000214205 0.00160396 0.00831719 0.0298723 0.0743793 0.128824 0.157274 0.142041 0.109251 0.0886642 0.077554 0.0627186 0.0450011 0.0303791 0.0197808 0.01205 0.00668981 0.00334045 0.00147109 0.000552681
 3.70267e-11 1.74156e-09 5.67215e-08 1.27921e-06 1.99767e-05 0.00021602 0.00161755 0.00838762 0.0301247 0.0750018 0.129863 0.158357 0.142429 0.10835 0.0866454 0.0754812 0.0617478 0.0453415 0.031307 0.0205587 0.0124595 0.00682779 0.00333494 0.00141805 0.0005098
 3.66197e-11 1.72242e-09 5.6098e-08 1.26515e-06 1.97571e-05 0.000213646 0.00159977 0.00829545 0.029794 0.0741817 0.128465 0.156756 0.141323 0.108202 0.0873413 0.0764805 0.0625605 0.0458966 0.0318345 0.0211846 0.0130619 0.00724354 0.0035379 0.00148506 0.000521385
 3.40528e-11 1.60168e-09 5.21657e-08 1.17647e-06 1.83722e-05 0.00019867 0.00148765 0.00771417 0.0277084 0.0690098 0.119652 0.146675 0.134402 0.107467 0.0922809 0.0840154 0.0696497 0.0512599 0.0355605 0.0236761 0.0146569 0.0082014 0.00405044 0.00171276 0.000600691
 3.40612e-11 1.60207e-09 5.21785e-08 1.17676e-06 1.83767e-05 0.000198719 0.00148801 0.007716 0.0277143 0.0690183 0.119623 0.14644 0.133552 0.105535 0.0894171 0.0814567 0.0688819 0.0525834 0.0379443 0.0259193 0.0162265 0.00912584 0.00453027 0.00192886 0.000681118
 3.61422e-11 1.69996e-09 5.53665e-08 1.24865e-06 1.94995e-05 0.00021086 0.00157891 0.00818726 0.0294052 0.0732112 0.126768 0.154609 0.139149 0.106079 0.0852507 0.0749518 0.0624466 0.0474756 0.0345448 0.0241588 0.0156237 0.00905625 0.00459001 0.00197808 0.000703864
 3.60659e-11 1.69637e-09 5.52496e-08 1.24602e-06 1.94584e-05 0.000210415 0.00157558 0.00817005 0.0293441 0.0730665 0.126568 0.1546 0.139888 0.108153 0.0884821 0.0779191 0.0634408 0.0460951 0.031893 0.021626 0.0139236 0.00819573 0.00426013 0.00188389 0.000684328
 3.42767e-11 1.61221e-09 5.25087e-08 1.1842e-06 1.8493e-05 0.000199976 0.00149742 0.00776486 0.0278902 0.0694596 0.120412 0.147514 0.134873 0.107239 0.0914242 0.0829869 0.0689163 0.050917 0.0354016 0.0235634 0.0146509 0.00836083 0.00429275 0.00191067 0.000705988
 3.51054e-11 1.65119e-09 5.37782e-08 1.21283e-06 1.89401e-05 0.000204811 0.00153362 0.00795246 0.0285627 0.0711218 0.123206 0.150527 0.136323 0.105733 0.0872454 0.0782039 0.0658424 0.0503219 0.0364424 0.0250012 0.0157219 0.00889804 0.00447379 0.00195051 0.000713147
 3.63364e-11 1.70909e-09 5.5664e-08 1.25536e-06 1.96043e-05 0.000211993 0.0015874 0.00823126 0.0295633 0.0736056 0.127456 0.155473 0.139999 0.106859 0.085939 0.075314 0.0621514 0.0465106 0.0333085 0.0230974 0.0149265 0.00868511 0.00443158 0.00192999 0.000697975
 3.5923e-11 1.68965e-09 5.50307e-08 1.24108e-06 1.93813e-05 0.000209581 0.00156934 0.00813768 0.0292279 0.0727774 0.126069 0.154003 0.139385 0.107857 0.0884109 0.0781127 0.0639518 0.0468143 0.0325304 0.0219658 0.0139993 0.00816621 0.0042305 0.0018755 0.000686157
 3.65717e-11 1.72016e-09 5.60244e-08 1.26349e-06 1.97312e-05 0.000213365 0.00159767 0.00828455 0.0297547 0.0740824 0.128283 0.156488 0.140935 0.107615 0.0865818 0.0758345 0.0623746 0.0462079 0.0323698 0.0217139 0.0135631 0.00773423 0.00395089 0.001749 0.000644748
 3.70432e-11 1.74234e-09 5.67468e-08 1.27978e-06 1.99856e-05 0.000216116 0.00161827 0.00839134 0.0301379 0.0750333 0.129908 0.158365 0.142287 0.107925 0.0859129 0.0746109 0.0610135 0.0449863 0.0314728 0.0211899 0.0132845 0.00754851 0.00380941 0.00166162 0.000606208
 3.48591e-11 1.63961e-09 5.34009e-08 1.20432e-06 1.88073e-05 0.000203374 0.00152287 0.00789676 0.0283635 0.0706347 0.122423 0.149854 0.136615 0.107779 0.0908283 0.0816773 0.0672887 0.0492959 0.0341101 0.0227596 0.0142041 0.00806073 0.00406226 0.00176351 0.000637998
 3.24702e-11 1.52724e-09 4.97413e-08 1.12179e-06 1.75184e-05 0.000189437 0.00141851 0.00735571 0.0264215 0.0658116 0.114153 0.140157 0.129151 0.104833 0.0921196 0.0858177 0.0732078 0.0561076 0.0405648 0.0277169 0.0173602 0.00979949 0.00490929 0.002122 0.000764664
 3.39063e-11 1.59479e-09 5.19413e-08 1.1714e-06 1.82932e-05 0.000197815 0.00148124 0.00768088 0.0275879 0.0687001 0.119049 0.145631 0.13248 0.104015 0.0874377 0.0795789 0.0679415 0.0530082 0.0395388 0.028096 0.0183052 0.0106469 0.00541391 0.00234678 0.000843287
 3.54714e-11 1.6684e-09 5.43388e-08 1.22548e-06 1.91376e-05 0.000206946 0.00154961 0.00803534 0.0288601 0.0718592 0.124462 0.151963 0.1373 0.105783 0.0863189 0.0765173 0.0636989 0.0482319 0.0351483 0.0249509 0.0166134 0.0100023 0.0052702 0.00234909 0.000858509
 3.49902e-11 1.64577e-09 5.36017e-08 1.20885e-06 1.8878e-05 0.000204139 0.00152859 0.00792641 0.0284695 0.0708934 0.122835 0.150191 0.136388 0.106511 0.0885751 0.0792704 0.0657597 0.0490541 0.0348878 0.0241044 0.0157307 0.009434 0.00504271 0.00230647 0.000866699
#obs surv len freq
 2.17602e-11 1.0235e-09 3.33346e-08 7.51779e-07 1.17401e-05 0.000126954 0.000950645 0.00492987 0.017712 0.0441565 0.0768585 0.0956269 0.0921752 0.083335 0.0836395 0.0854605 0.0793827 0.0695192 0.0615629 0.0550639 0.0481116 0.0399361 0.0303795 0.0201129 0.0109472
 1.06404e-15 5.01138e-14 1.64076e-12 3.77719e-11 6.37541e-10 8.94198e-09 1.27865e-07 1.91745e-06 2.47774e-05 0.000238386 0.00162097 0.00768628 0.0254011 0.0589325 0.0979741 0.122402 0.125628 0.117945 0.107059 0.0938406 0.079412 0.0645164 0.0484513 0.0317413 0.0171247
 1.29246e-11 6.07911e-10 1.97993e-08 4.46524e-07 6.9731e-06 7.54038e-05 0.000564608 0.00292743 0.0105103 0.0261293 0.0449843 0.053665 0.0446637 0.0277332 0.0202267 0.0329305 0.0644744 0.10018 0.121625 0.122449 0.108866 0.0884446 0.065217 0.0419694 0.022357
 5.11501e-11 2.40585e-09 7.8357e-08 1.76715e-06 2.75965e-05 0.000298416 0.00223448 0.0115856 0.0415968 0.103426 0.178135 0.212775 0.177048 0.104425 0.0464636 0.0186298 0.0092233 0.00778203 0.0106648 0.015086 0.0176613 0.0167542 0.0131313 0.00853826 0.00451184
 3.38099e-11 1.59026e-09 5.17936e-08 1.16808e-06 1.82412e-05 0.000197254 0.00147705 0.00765952 0.0275162 0.0685698 0.119155 0.14731 0.138894 0.118712 0.108996 0.0979335 0.0710508 0.0385833 0.016737 0.00822023 0.00702495 0.00748013 0.00684449 0.00490891 0.00271135
 4.04612e-11 1.9031e-09 6.19827e-08 1.39787e-06 2.18297e-05 0.000236057 0.00176757 0.00916527 0.0329141 0.081909 0.141569 0.171437 0.15038 0.106527 0.0762912 0.0631559 0.0539308 0.0429215 0.030377 0.0180425 0.00898019 0.00447052 0.00281607 0.00194881 0.00113805
 2.3593e-11 1.1097e-09 3.61422e-08 8.15098e-07 1.2729e-05 0.000137647 0.00103074 0.00534561 0.0192113 0.0479495 0.0838369 0.106067 0.107723 0.107793 0.117104 0.118396 0.0986823 0.0700545 0.047236 0.0315358 0.0194628 0.0103788 0.00485402 0.00219029 0.000996328
 4.33084e-11 2.03702e-09 6.63443e-08 1.49623e-06 2.33658e-05 0.000252667 0.00189194 0.00980985 0.0352251 0.0876223 0.151185 0.181865 0.155591 0.101799 0.0623313 0.0463241 0.0415641 0.0383111 0.0324808 0.02385 0.0150781 0.00836909 0.00407818 0.00171864 0.000628503
 3.70109e-11 1.74081e-09 5.66971e-08 1.27866e-06 1.99682e-05 0.000215928 0.00161686 0.00838415 0.0301138 0.0749883 0.129934 0.158887 0.144294 0.112477 0.0923544 0.0794213 0.0603617 0.0390719 0.0245761 0.0170244 0.01209 0.00767901 0.00407736 0.00177723 0.000633537
 3.9478e-11 1.85685e-09 6.04765e-08 1.3639e-06 2.12992e-05 0.000230321 0.00172463 0.0089427 0.0321163 0.079939 0.138268 0.167931 0.14887 0.10871 0.081541 0.0682559 0.0555927 0.0410726 0.0280053 0.0176548 0.0103243 0.00577729 0.00306019 0.00142261 0.000539355
 3.88264e-11 1.82621e-09 5.94784e-08 1.34139e-06 2.09477e-05 0.00022652 0.00169617 0.00879521 0.0315877 0.0786345 0.136087 0.165636 0.147964 0.110366 0.0853368 0.0719658 0.0569821 0.0401671 0.0267395 0.0172945 0.0104482 0.00568155 0.00275352 0.00118086 0.0004353
 3.67243e-11 1.72734e-09 5.62582e-08 1.26876e-06 1.98136e-05 0.000214256 0.00160434 0.00831917 0.0298796 0.0743978 0.128861 0.15734 0.14217 0.109503 0.0890768 0.0780874 0.0632487 0.0453288 0.0303171 0.0193454 0.011472 0.00617867 0.0029659 0.00123502 0.000433511
 3.98881e-11 1.87615e-09 6.11048e-08 1.37807e-06 2.15205e-05 0.000232714 0.00174254 0.00903558 0.0324496 0.0807656 0.139678 0.169546 0.149987 0.108824 0.0806366 0.0666481 0.0537494 0.0396507 0.0276221 0.0182032 0.0109603 0.00590014 0.00280203 0.0011483 0.000394591
 3.49683e-11 1.64474e-09 5.35682e-08 1.2081e-06 1.88662e-05 0.000204012 0.00152764 0.00792156 0.0284534 0.0708651 0.122868 0.150616 0.137992 0.110212 0.0941601 0.0845341 0.0679949 0.0475543 0.0311636 0.0199862 0.0121625 0.00671485 0.00325143 0.00134047 0.000457909
 3.38294e-11 1.59117e-09 5.18234e-08 1.16875e-06 1.82517e-05 0.000197367 0.00147788 0.00766352 0.0275263 0.0685532 0.118841 0.145593 0.133139 0.105967 0.0907203 0.083256 0.0706452 0.0537957 0.0382004 0.0252129 0.0150611 0.0080892 0.00387687 0.00160909 0.000555785
 3.47175e-11 1.63294e-09 5.31838e-08 1.19943e-06 1.87308e-05 0.000202548 0.00151667 0.00786459 0.0282474 0.0703375 0.121856 0.148917 0.134994 0.104981 0.0869958 0.0783136 0.0663242 0.0512829 0.0378614 0.0265636 0.0169538 0.00954235 0.00464653 0.00192059 0.000658988
 3.79025e-11 1.78275e-09 5.8063e-08 1.30947e-06 2.04492e-05 0.00022113 0.00165581 0.00858589 0.0308357 0.0767593 0.132821 0.161566 0.144035 0.10689 0.082291 0.0700895 0.0574866 0.0432795 0.0313593 0.0220649 0.014501 0.00857005 0.0044012 0.00189761 0.000666988
 3.32118e-11 1.56212e-09 5.08773e-08 1.14741e-06 1.79185e-05 0.000193764 0.00145091 0.00752372 0.0270254 0.067318 0.116782 0.143461 0.132419 0.107836 0.094712 0.086957 0.071524 0.0517162 0.0354008 0.0237719 0.0152455 0.00901203 0.00473575 0.00211987 0.000775988
 3.46434e-11 1.62946e-09 5.30704e-08 1.19687e-06 1.86909e-05 0.000202116 0.00151344 0.0078478 0.0281868 0.0701848 0.121577 0.148512 0.134427 0.104169 0.086071 0.0778469 0.0668696 0.0525656 0.0389029 0.0268228 0.0168183 0.00956597 0.00489844 0.00218598 0.000813073
 3.43782e-11 1.61698e-09 5.26641e-08 1.18771e-06 1.85478e-05 0.000200568 0.00150185 0.00778777 0.0279719 0.0696557 0.120703 0.147642 0.134261 0.105261 0.0881019 0.0794107 0.0665925 0.0507137 0.0372164 0.0265202 0.0175389 0.0103593 0.00533552 0.00234694 0.00086044
 3.59878e-11 1.69269e-09 5.51299e-08 1.24332e-06 1.94162e-05 0.000209959 0.00157217 0.00815227 0.0292797 0.0728987 0.126229 0.15396 0.138594 0.105725 0.085073 0.0749166 0.0625437 0.0476501 0.0347359 0.0244268 0.0160797 0.00964812 0.0051176 0.00230965 0.000856508
 3.54697e-11 1.66832e-09 5.43361e-08 1.22542e-06 1.91367e-05 0.000206936 0.00154953 0.00803498 0.0288593 0.0718603 0.124488 0.152104 0.137779 0.106864 0.0879637 0.0781239 0.0644862 0.047895 0.0339742 0.023465 0.0152922 0.00912735 0.00485265 0.00221666 0.000836782
 3.78826e-11 1.78182e-09 5.80325e-08 1.30878e-06 2.04385e-05 0.000221013 0.00165494 0.00858139 0.0308197 0.0767208 0.132764 0.16154 0.144154 0.107283 0.0829833 0.0709233 0.0581903 0.0435758 0.0310591 0.0212475 0.0135658 0.0079295 0.0041584 0.0018907 0.000716066
 3.60548e-11 1.69584e-09 5.52325e-08 1.24563e-06 1.94523e-05 0.00021035 0.00157509 0.00816752 0.0293353 0.0730459 0.126543 0.154619 0.140062 0.10861 0.0892095 0.0786638 0.0638759 0.0460835 0.0315141 0.0210376 0.0132979 0.00769989 0.00397999 0.00178166 0.000667277
 3.32887e-11 1.56574e-09 5.09952e-08 1.15007e-06 1.796e-05 0.000194213 0.00145427 0.0075411 0.0270872 0.0674651 0.116992 0.143506 0.131796 0.106045 0.0920102 0.0847934 0.071505 0.0538882 0.0381661 0.0255915 0.0158245 0.00890554 0.00450079 0.00198208 0.000732294
 3.29212e-11 1.54845e-09 5.04321e-08 1.13737e-06 1.77617e-05 0.000192068 0.00143821 0.0074578 0.0267875 0.0667145 0.115662 0.141739 0.12975 0.103579 0.0891523 0.0824423 0.0709612 0.0556179 0.0414379 0.0291593 0.0186868 0.0106797 0.00536479 0.00231904 0.000839367
 3.47976e-11 1.63671e-09 5.33066e-08 1.2022e-06 1.87741e-05 0.000203015 0.00152017 0.00788271 0.028312 0.0704947 0.122102 0.149096 0.134764 0.10399 0.0852444 0.0763404 0.0648392 0.0506689 0.0381525 0.0276302 0.0184841 0.0110562 0.00575254 0.00253072 0.000916706
 3.53154e-11 1.66107e-09 5.40998e-08 1.22009e-06 1.90534e-05 0.000206036 0.00154279 0.00800002 0.0287335 0.0715456 0.123931 0.151372 0.136949 0.105888 0.0868225 0.0771018 0.0640285 0.0482158 0.034957 0.024823 0.0166769 0.0102202 0.00551175 0.00251564 0.000937901
 3.46347e-11 1.62905e-09 5.30571e-08 1.19657e-06 1.86862e-05 0.000202065 0.00151306 0.00784588 0.0281806 0.0701754 0.121603 0.148742 0.135257 0.106029 0.0887051 0.0798384 0.066636 0.0500914 0.0358501 0.0248059 0.0161714 0.00971984 0.00524416 0.00243697 0.000933417
#pred catch len freq
 2.07773e-11 9.77264e-10 3.18289e-08 7.1782e-07 1.12098e-05 0.000121219 0.000907705 0.00470721 0.0169122 0.0421655 0.0734114 0.0914255 0.0884153 0.0805837 0.0818468 0.0848614 0.0803451 0.0713804 0.0626403 0.0544388 0.0469536 0.0406817 0.0345296 0.0266173 0.0170433
 9.07021e-12 4.26619e-10 1.38947e-08 3.13361e-07 4.89362e-06 5.29192e-05 0.000396304 0.00205594 0.0073976 0.0185519 0.0330381 0.044615 0.0541283 0.0710977 0.0949701 0.109761 0.107439 0.0967502 0.0855528 0.0741362 0.0623146 0.051029 0.0401888 0.0289096 0.0176095
 7.74991e-12 3.64519e-10 1.18721e-08 2.67747e-07 4.18127e-06 4.52152e-05 0.000338588 0.00175609 0.00631265 0.0157712 0.0276815 0.0355405 0.0378918 0.0423859 0.0548443 0.0727677 0.0922384 0.108831 0.115013 0.107853 0.0923119 0.0740422 0.0554577 0.0374265 0.0214864
 3.02083e-11 1.42085e-09 4.62763e-08 1.04364e-06 1.6298e-05 0.00017624 0.00131966 0.00684255 0.0245702 0.0611208 0.105474 0.126948 0.108847 0.0718025 0.0451061 0.0356825 0.0368167 0.0443017 0.055345 0.0643239 0.0654915 0.0575688 0.0438302 0.0287066 0.0157091
 4.16339e-11 1.95826e-09 6.37792e-08 1.43838e-06 2.24624e-05 0.000242898 0.0018188 0.00943081 0.0338665 0.0842695 0.14558 0.175962 0.153214 0.10576 0.0708313 0.0521299 0.0372927 0.0243093 0.0174712 0.0168662 0.0186619 0.0189639 0.0161178 0.0111022 0.00608666
 3.34636e-11 1.57397e-09 5.12631e-08 1.15611e-06 1.80543e-05 0.000195233 0.00146191 0.00758088 0.0272318 0.0678441 0.117775 0.145053 0.135056 0.112228 0.100486 0.0914301 0.0712793 0.0458229 0.0262924 0.0152734 0.0103552 0.00860855 0.00740471 0.00545429 0.00314711
 2.95298e-11 1.38894e-09 4.52369e-08 1.0202e-06 1.5932e-05 0.000172283 0.00129007 0.00668985 0.0240324 0.0598869 0.104055 0.1286 0.121204 0.104012 0.0980784 0.0954853 0.0832951 0.0642734 0.0452097 0.0285409 0.0160378 0.00872387 0.00521218 0.00330719 0.00187619
 3.08363e-11 1.45039e-09 4.72383e-08 1.06534e-06 1.66368e-05 0.000179904 0.00134713 0.00698559 0.0250923 0.0625029 0.108429 0.133203 0.122996 0.100455 0.0893938 0.0850772 0.0754752 0.0616207 0.0479057 0.0346065 0.0221364 0.0123156 0.00611073 0.00286141 0.0012877
 3.64958e-11 1.71659e-09 5.59082e-08 1.26087e-06 1.96903e-05 0.000212923 0.00159436 0.00826729 0.0296918 0.0739166 0.127934 0.155767 0.139346 0.104463 0.0818735 0.0710158 0.0594824 0.046331 0.0352531 0.0262066 0.0181056 0.0110913 0.00583298 0.00260125 0.000992187
 3.53371e-11 1.66209e-09 5.41331e-08 1.22084e-06 1.90651e-05 0.000206163 0.00154375 0.00800502 0.0287522 0.071601 0.124086 0.151835 0.138234 0.108617 0.0908011 0.0806503 0.065091 0.0463164 0.0314618 0.0214473 0.0143132 0.00891336 0.00492398 0.00230091 0.000879785
 3.62054e-11 1.70293e-09 5.54632e-08 1.25083e-06 1.95336e-05 0.000211228 0.00158167 0.00820162 0.0294574 0.0733473 0.127046 0.155144 0.140255 0.108203 0.088345 0.0779597 0.0639151 0.0467252 0.032007 0.0209248 0.0128474 0.00737343 0.00390254 0.00182207 0.000710214
 3.4799e-11 1.63678e-09 5.33089e-08 1.20225e-06 1.87749e-05 0.000203024 0.00152024 0.00788319 0.0283152 0.070518 0.122245 0.149754 0.136896 0.108752 0.0924271 0.0832526 0.0680538 0.0490184 0.0331607 0.0216184 0.0131769 0.00731688 0.00365383 0.00160913 0.000604548
 3.49859e-11 1.64557e-09 5.35951e-08 1.2087e-06 1.88756e-05 0.000204114 0.0015284 0.00792546 0.0284665 0.0708897 0.122855 0.150336 0.136908 0.107723 0.0905152 0.081438 0.0674198 0.0497172 0.0344041 0.0226203 0.0137166 0.0075182 0.00367243 0.0015616 0.00056141
 3.47071e-11 1.63245e-09 5.3168e-08 1.19907e-06 1.87252e-05 0.000202487 0.00151622 0.00786232 0.0282399 0.0703278 0.121897 0.149239 0.136146 0.107611 0.0909586 0.0820434 0.067846 0.0499691 0.0347307 0.0231387 0.0142741 0.00791722 0.00386719 0.00162332 0.00056993
 3.22145e-11 1.51522e-09 4.93496e-08 1.11296e-06 1.73804e-05 0.000187946 0.00140734 0.00729788 0.0262147 0.0653057 0.113338 0.139449 0.129424 0.106892 0.0957462 0.0893514 0.0747245 0.0551744 0.0383466 0.0255583 0.0158296 0.00885913 0.00437553 0.00185026 0.000648921
 3.21438e-11 1.51189e-09 4.92413e-08 1.11051e-06 1.73423e-05 0.000187533 0.00140425 0.0072818 0.0261564 0.0651542 0.113034 0.13888 0.128288 0.104776 0.0927994 0.0868158 0.0741142 0.0567754 0.0410453 0.0280659 0.017578 0.00988754 0.00490868 0.00209002 0.000738032
 3.44638e-11 1.62101e-09 5.27953e-08 1.19067e-06 1.8594e-05 0.000201068 0.00150559 0.00780717 0.0280414 0.0698286 0.121 0.147991 0.134537 0.105405 0.0881899 0.079604 0.0669714 0.0510925 0.0372417 0.026069 0.0168656 0.00977748 0.00495579 0.00213574 0.000759972
 3.42189e-11 1.60949e-09 5.24201e-08 1.1822e-06 1.84618e-05 0.000199639 0.0014949 0.00775177 0.0278433 0.0693448 0.120225 0.147342 0.134894 0.107589 0.0919791 0.0832722 0.0684869 0.049944 0.0346251 0.0235056 0.0151414 0.00891411 0.0046338 0.00204917 0.000744371
 3.22869e-11 1.51862e-09 4.94606e-08 1.11546e-06 1.74195e-05 0.000188368 0.00141051 0.00731427 0.0262734 0.0654502 0.113577 0.139689 0.129474 0.106591 0.0951389 0.0887311 0.0743996 0.0551647 0.0384313 0.0256093 0.0159311 0.00909313 0.00466904 0.0020782 0.000767894
 3.31494e-11 1.55919e-09 5.07819e-08 1.14526e-06 1.78849e-05 0.0001934 0.00144818 0.00750953 0.0269734 0.06718 0.116484 0.142814 0.130948 0.104947 0.090676 0.0836495 0.0711656 0.0545956 0.0396142 0.0272055 0.0171158 0.00968849 0.0048715 0.00212395 0.000776566
 3.44718e-11 1.62139e-09 5.28075e-08 1.19094e-06 1.85983e-05 0.000201114 0.00150594 0.007809 0.0280482 0.069848 0.12105 0.148129 0.134904 0.106172 0.0892941 0.0805609 0.067198 0.0504808 0.0362238 0.0251461 0.0162579 0.00946129 0.00482789 0.00210263 0.000760413
 3.39936e-11 1.5989e-09 5.2075e-08 1.17442e-06 1.83403e-05 0.000198325 0.00148506 0.00770075 0.0276602 0.0688897 0.119443 0.146417 0.134157 0.107245 0.0920321 0.0836839 0.0692336 0.0508735 0.0354237 0.0239475 0.0152702 0.00890916 0.00461565 0.00204629 0.000748646
 3.44974e-11 1.62259e-09 5.28468e-08 1.19183e-06 1.86121e-05 0.000201264 0.00150706 0.00781482 0.0280693 0.0699026 0.121158 0.148328 0.135296 0.106917 0.0904198 0.0817889 0.0680747 0.0506452 0.0355567 0.023881 0.0149248 0.00851236 0.00434868 0.00192514 0.000709685
 3.50242e-11 1.64737e-09 5.36538e-08 1.21003e-06 1.88963e-05 0.000204337 0.00153008 0.00793412 0.0284974 0.0709649 0.122973 0.150424 0.136806 0.107263 0.0896727 0.0804231 0.0665564 0.0492825 0.0345545 0.0232931 0.0146109 0.00830378 0.00419083 0.00182803 0.000666926
 3.26734e-11 1.5368e-09 5.00526e-08 1.12881e-06 1.7628e-05 0.000190623 0.00142739 0.0074018 0.0265876 0.0662307 0.114917 0.141263 0.1307 0.107103 0.0949599 0.0880262 0.0733105 0.0539235 0.037396 0.0249846 0.0156017 0.00885572 0.00446322 0.00193762 0.000700992
 3.06041e-11 1.43947e-09 4.68826e-08 1.05732e-06 1.65116e-05 0.00017855 0.00133699 0.00693312 0.0249052 0.0620508 0.10774 0.132798 0.124022 0.104081 0.0953911 0.0910157 0.0782956 0.0601967 0.0435969 0.0298171 0.0186835 0.0105481 0.00528462 0.00228428 0.000823146
 3.20267e-11 1.50638e-09 4.90619e-08 1.10647e-06 1.72791e-05 0.00018685 0.00139913 0.00725524 0.0260606 0.0649116 0.112586 0.138206 0.127269 0.103155 0.0905741 0.0846479 0.0729609 0.0571226 0.0426846 0.0303599 0.019788 0.0115109 0.00585356 0.0025374 0.000911789
 3.34274e-11 1.57226e-09 5.12076e-08 1.15486e-06 1.80348e-05 0.000195021 0.00146032 0.00757247 0.0271992 0.0677399 0.117437 0.143903 0.131682 0.104954 0.0898799 0.0821475 0.0691543 0.0525751 0.0383947 0.0272865 0.0181771 0.0109456 0.00576751 0.0025708 0.000939542
 3.27848e-11 1.54204e-09 5.02232e-08 1.13266e-06 1.76881e-05 0.000191272 0.00143225 0.00742697 0.0266775 0.066449 0.115258 0.141506 0.130363 0.105703 0.0925495 0.0854793 0.0717207 0.0537243 0.038296 0.0264926 0.0172987 0.0103763 0.00554676 0.00253707 0.000953356
#obs catch len freq
 2.21353e-11 1.04114e-09 3.39091e-08 7.64737e-07 1.19425e-05 0.000129141 0.000967021 0.00501466 0.0180147 0.0448922 0.0780097 0.0964554 0.0910909 0.0787887 0.0760265 0.0780687 0.0760065 0.070866 0.0652255 0.0587079 0.0512631 0.042952 0.0331632 0.0222019 0.0121432
 1.95641e-11 9.20202e-10 2.99704e-08 6.75908e-07 1.05553e-05 0.000114142 0.000854713 0.00443252 0.0159271 0.0397261 0.0692792 0.0868181 0.0856512 0.0813387 0.0857286 0.089633 0.0838983 0.0737044 0.0653832 0.0585308 0.0511578 0.0424698 0.0323083 0.0213902 0.0116425
 9.06926e-16 4.27235e-14 1.40003e-12 3.234e-11 5.52538e-10 8.01525e-09 1.20701e-07 1.87568e-06 2.45615e-05 0.000237198 0.00161448 0.00765754 0.0253089 0.0587272 0.0976639 0.122101 0.12548 0.117993 0.107236 0.0940579 0.0796186 0.0646918 0.0485851 0.0318295 0.0171724
 1.13916e-11 5.35807e-10 1.74509e-08 3.93562e-07 6.14602e-06 6.64602e-05 0.00049764 0.00258021 0.00926364 0.0230302 0.0396493 0.0473071 0.0394281 0.0248147 0.0193818 0.0336177 0.0665598 0.103538 0.125722 0.126587 0.112555 0.0914475 0.0674335 0.0433964 0.0231173
 5.01376e-11 2.35823e-09 7.6806e-08 1.73217e-06 2.70503e-05 0.000292509 0.00219025 0.0113563 0.0407737 0.101381 0.174628 0.208654 0.173841 0.103034 0.0466151 0.0194796 0.0101722 0.00883425 0.0121832 0.0172476 0.0201941 0.0191574 0.0150149 0.0097631 0.00515909
 3.17097e-11 1.49147e-09 4.85763e-08 1.09552e-06 1.71081e-05 0.000185001 0.00138531 0.00718395 0.0258102 0.0643425 0.111972 0.139197 0.133671 0.119074 0.114421 0.105219 0.0769106 0.0418599 0.0181834 0.00895097 0.00766367 0.00816383 0.00747052 0.00535794 0.00295937
 3.86354e-11 1.81722e-09 5.91858e-08 1.33479e-06 2.08447e-05 0.000225405 0.00168782 0.00875181 0.0314305 0.0782289 0.13529 0.164222 0.145314 0.105698 0.0793999 0.0682887 0.0592015 0.0473336 0.0335551 0.0199447 0.00993056 0.00494484 0.00311536 0.00215605 0.00125909
 2.16659e-11 1.01906e-09 3.31901e-08 7.48521e-07 1.16893e-05 0.000126405 0.000946559 0.00490922 0.0176456 0.0440673 0.0772237 0.0985161 0.102582 0.107359 0.120975 0.12417 0.103993 0.0739813 0.0499636 0.0333925 0.0206188 0.0109973 0.00514366 0.00232107 0.00105584
 4.17213e-11 1.96237e-09 6.39131e-08 1.4414e-06 2.25095e-05 0.000243408 0.00182261 0.00945043 0.0339351 0.0844207 0.145709 0.175507 0.150908 0.100451 0.0640824 0.0498592 0.0457001 0.0423686 0.0359754 0.0264297 0.0167126 0.00927742 0.00452108 0.00190535 0.000696791
 3.52406e-11 1.65755e-09 5.39853e-08 1.2175e-06 1.90131e-05 0.0002056 0.00153954 0.00798328 0.0286756 0.071423 0.123866 0.151982 0.139675 0.112301 0.0962169 0.0849372 0.0651598 0.0423129 0.0266646 0.0184946 0.0131412 0.00834807 0.00443283 0.0019322 0.000688782
 3.7881e-11 1.78174e-09 5.803e-08 1.30872e-06 2.04376e-05 0.000221004 0.00165487 0.00858104 0.0308187 0.0767211 0.132783 0.161652 0.144544 0.108211 0.0845686 0.0729459 0.0600987 0.044564 0.0304317 0.019199 0.0112315 0.00628597 0.00332985 0.00154801 0.000586903
 3.72147e-11 1.7504e-09 5.70094e-08 1.28571e-06 2.00782e-05 0.000217117 0.00162577 0.00843023 0.0302783 0.0753876 0.130557 0.159322 0.14367 0.110018 0.0886052 0.0768472 0.0614894 0.0434941 0.0290006 0.0187734 0.0113462 0.00617083 0.00299082 0.00128266 0.00047283
 3.50736e-11 1.64969e-09 5.37295e-08 1.21174e-06 1.8923e-05 0.000204626 0.00153224 0.00794537 0.0285385 0.0710723 0.123195 0.150868 0.137755 0.109109 0.0923751 0.0830605 0.0678938 0.0488053 0.0326893 0.0208759 0.0123843 0.00667103 0.00320244 0.00133354 0.000468099
 3.84204e-11 1.80711e-09 5.88565e-08 1.32736e-06 2.07287e-05 0.000224151 0.00167843 0.00870321 0.031257 0.0778083 0.134637 0.163777 0.146014 0.108369 0.083413 0.0709289 0.0578349 0.0428139 0.0298682 0.0196971 0.0118634 0.0063871 0.00303343 0.00124316 0.000427188
 3.34542e-11 1.57352e-09 5.12486e-08 1.15579e-06 1.80493e-05 0.000195178 0.0014615 0.00757868 0.0272232 0.067815 0.117673 0.14469 0.133975 0.109924 0.0972876 0.0891702 0.0722417 0.050646 0.03323 0.0213268 0.0129826 0.00716849 0.00347122 0.00143111 0.000488872
 3.21957e-11 1.51433e-09 4.93207e-08 1.11231e-06 1.73703e-05 0.000187836 0.00140652 0.00729356 0.0261988 0.065261 0.113228 0.139159 0.128678 0.105376 0.0936917 0.0879264 0.0751891 0.0574036 0.0408113 0.0269531 0.0161052 0.00865101 0.00414632 0.00172096 0.000594429
 3.31089e-11 1.55728e-09 5.07197e-08 1.14386e-06 1.7863e-05 0.000193163 0.00144641 0.00750032 0.0269403 0.0670956 0.116326 0.142571 0.130564 0.104311 0.0897792 0.0827482 0.0706687 0.0547925 0.0405024 0.028434 0.0181523 0.0102179 0.00497567 0.00205667 0.000705682
 3.62397e-11 1.70454e-09 5.55158e-08 1.25202e-06 1.95521e-05 0.000211429 0.00158317 0.00820934 0.0294846 0.0734083 0.127108 0.155014 0.139482 0.106255 0.0852485 0.0747314 0.061961 0.0468127 0.0339715 0.0239212 0.0157261 0.00929527 0.00477386 0.00205832 0.000723481
 3.14575e-11 1.47961e-09 4.81899e-08 1.08681e-06 1.6972e-05 0.000183529 0.00137428 0.00712647 0.0256001 0.0637835 0.11076 0.136573 0.127696 0.107345 0.0980996 0.0921022 0.0763387 0.0553449 0.0379385 0.025497 0.0163581 0.00967105 0.00508232 0.00227505 0.000832797
 3.29032e-11 1.54761e-09 5.04046e-08 1.13675e-06 1.7752e-05 0.000191963 0.00143742 0.00745372 0.0267728 0.0666773 0.115593 0.141638 0.129605 0.103383 0.0889989 0.0825905 0.0715949 0.056449 0.0418325 0.0288616 0.018102 0.0102974 0.00527325 0.00235329 0.000875312
 3.26672e-11 1.53651e-09 5.00431e-08 1.1286e-06 1.76247e-05 0.000190587 0.00142711 0.00740032 0.0265816 0.0662076 0.114822 0.140896 0.129561 0.104575 0.0910945 0.0841336 0.0711633 0.054352 0.0399414 0.0284824 0.0188422 0.0111304 0.00573289 0.00252177 0.000924541
 3.43002e-11 1.61332e-09 5.25447e-08 1.18502e-06 1.85057e-05 0.000200114 0.00149845 0.00777012 0.0279084 0.0694977 0.120429 0.147306 0.133955 0.105041 0.0880174 0.0795797 0.0670747 0.051263 0.0374224 0.0263349 0.0173412 0.0104062 0.00551997 0.00249129 0.000923871
 3.37848e-11 1.58908e-09 5.17552e-08 1.16721e-06 1.82277e-05 0.000197107 0.00147594 0.00765345 0.0274903 0.0684653 0.1187 0.145474 0.133192 0.106281 0.0910503 0.0829106 0.0690507 0.0514381 0.0365392 0.0252556 0.0164646 0.00982834 0.00522557 0.00238705 0.000901108
 3.6256e-11 1.70531e-09 5.55408e-08 1.25258e-06 1.95609e-05 0.000211524 0.00158388 0.00821304 0.029498 0.0734429 0.127175 0.155135 0.139714 0.106695 0.0859309 0.0755286 0.0626212 0.0470532 0.0335869 0.0229938 0.0146856 0.00858512 0.00450244 0.00204716 0.000775328
 3.42724e-11 1.61201e-09 5.25021e-08 1.18405e-06 1.84907e-05 0.000199951 0.00149724 0.00776391 0.0278872 0.0694549 0.120423 0.147622 0.135267 0.10812 0.0926646 0.0839083 0.068785 0.0497849 0.0340996 0.0227841 0.0144077 0.00834384 0.00431309 0.00193082 0.000723148
 3.15695e-11 1.48488e-09 4.83614e-08 1.09067e-06 1.70324e-05 0.000184182 0.00137916 0.00715176 0.0256902 0.0640005 0.111086 0.136738 0.127109 0.105438 0.0951527 0.0897021 0.0762391 0.0576092 0.0408548 0.0274137 0.0169567 0.00954397 0.00482369 0.00212433 0.000784852
 3.11927e-11 1.46715e-09 4.77842e-08 1.07765e-06 1.68291e-05 0.000181984 0.0013627 0.00706636 0.0253829 0.0632306 0.109719 0.134912 0.124965 0.102805 0.0920643 0.0871388 0.075611 0.0594236 0.0443298 0.0312144 0.0200095 0.0114369 0.00574541 0.00248362 0.00089894
 3.31273e-11 1.55815e-09 5.07479e-08 1.14449e-06 1.78729e-05 0.000193271 0.00144721 0.00750446 0.0269548 0.0671282 0.116358 0.142496 0.13013 0.103219 0.088016 0.0808162 0.0692568 0.0542804 0.0409255 0.0296576 0.0198457 0.0118718 0.00617714 0.00271755 0.000984388
 3.36162e-11 1.58115e-09 5.14969e-08 1.16139e-06 1.81367e-05 0.000196123 0.00146857 0.00761524 0.0273529 0.0681214 0.118092 0.144676 0.132292 0.105229 0.0898267 0.0818177 0.0685646 0.0517884 0.0376006 0.02672 0.0179571 0.0110061 0.0059358 0.00270922 0.00101008
#spawning biomass
 25474.1 22675.2 17840.7 12863 13820 24632 35975.6 44142.5 51625.9 74039.9 95667.1 114123 127395 154056 166142 151188 143542 128887 129286 130344 132547 135762 143748 171649 201405 231116 197103 177965 190948 219563 252272 173125 109303 69704.8 47774.4 36416.1 30775.9 28050.9 26758.2 26152.5 25871 25741 25681.2 25653.7 25641.2 25635.4 25632.8 25631.6 25631.1 25630.8 25630.7 25630.7 25630.6 25630.6 25630.6 25630.6 25630.6 25630.6 25630.6 25630.6 25630.6 25630.6 25630.6 25630.6 25630.6 25630.6 25630.6 25630.6 25630.6 25630.6 25630.6 25630.6 25630.6 25630.6 25630.6 25630.6 25630.6 25630.6 25630.6 25630.6 25630.6 25630.6 25630.6 25630.6 25630.6 25630.6 25630.6 25630.6 25630.6 25630.6 25630.6 25630.6 25630.6 25630.6 25630.6 25630.6 25630.6 25630.6 25630.6 25630.6 25630.6 25630.6 25630.6 25630.6 25630.6 25630.6 25630.6 25630.6 25630.6 25630.6 25630.6 25630.6 25630.6 25630.6 25630.6 25630.6 25630.6 25630.6 25630.6 25630.6 25630.6 25630.6 25630.6 25630.6 25630.6 25630.6 25630.6 25630.6 25630.6 0 0 0 0 0 0 0 0 0 0 0 0 0 0 0 0 0 0 0 0 0 0 0 0 0
