SBPRF35
0.185484
Curr Bio
163904
B35
188212
F35
1.34163
FOFL
1.34163
OFL
64661.1
Bzero
52994.1
#pred survey bio
 18405.7 15933 16836.7 19357.9 22662.4 26804.8 30478.3 36157.8 51057.8 68035.9 82818.8 93860.8 129294 164254 159282 131713 106061 111184 117371 111910 116226 117418 129833 129275 139556 148441 141700 130007 126993 3.74385e+06 3.33998e+06 1.96251e+06 1.02142e+06 673327 539591 476944 442707 422521 410262 402744 398125 395288 393547 392476 391815 391419 391181 391038 390952 390900 390869 390850 390839 390832 390828 390825 390824 390823 390822 390822 390822 390821 390821 390821 390821 390821 390821 390821 390821 390821 390821 390821 390821 390821 390821 390821 390821 390821 390821 390821 390821 390821 390821 390821 390821 390821 390821 390821 390821 390821 390821 390821 390821 390821 390821 390821 390821 390821 390821 390821 390821 390821 390821 390821 390821 390821 390821 390821 390821 390821 390821 390821 390821 390821 390821 390821 390821 390821 390821 390821 390821 390821 390821 390821 390821 390821 390821 390821 390821 0 0 0 0 0 0 0 0 0 0 0 0 0 0 0 0 0 0 0 0 0 0 0 0 0
#obs survey bio
 15618.2 14084.3 14271.6 16073.6 15604.8 23611.9 20393.2 29976.2 43246.5 52955 59453.2 66697.7 82049 127887 79560.1 105964 95419.1 81943.7 72666.1 87791.6 84908.8 113457 128427 88430 77028.9 118599 83319 100420 85867.4
#pred catch bio
 9122.33 7307.31 7311.48 9285.26 10925.7 13466.3 17365.9 19164.6 27783.5 37026.9 52552.2 56684.8 75529.5 104973 110462 99747 72416.1 75058.8 86162.7 79161 84589.2 81285.9 97058.2 96644.7 105535 115755 111413 101236 69340.6 64661.1 78737.7 42402.9 15897.5 8826.5 7349.47 7066.81 7015.38 7006.34 7004.79 7004.53 7004.49 7004.48 7004.48 7004.48 7004.48 7004.48 7004.48 7004.48 7004.48 7004.48 7004.48 7004.48 7004.48 7004.48 7004.48 7004.48 7004.48 7004.48 7004.48 7004.48 7004.48 7004.48 7004.48 7004.48 7004.48 7004.48 7004.48 7004.48 7004.48 7004.48 7004.48 7004.48 7004.48 7004.48 7004.48 7004.48 7004.48 7004.48 7004.48 7004.48 7004.48 7004.48 7004.48 7004.48 7004.48 7004.48 7004.48 7004.48 7004.48 7004.48 7004.48 7004.48 7004.48 7004.48 7004.48 7004.48 7004.48 7004.48 7004.48 7004.48 7004.48 7004.48 7004.48 7004.48 7004.48 7004.48 7004.48 7004.48 7004.48 7004.48 7004.48 7004.48 7004.48 7004.48 7004.48 7004.48 7004.48 7004.48 7004.48 7004.48 7004.48 7004.48 7004.48 7004.48 7004.48 7004.48 7004.48 7004.48 7004.48 0 0 0 0 0 0 0 0 0 0 0 0 0 0 0 0 0 0 0 0 0 0 0 0 0
#obs catch bio
 6613.54 7335.23 7321.87 9398.52 11066 13352 17670.2 19401.1 27486.3 36322.6 51915.3 56282.2 73939.3 104285 114103 101750 70336.6 75349.7 86437.6 77696.6 82573.8 77407.8 93835.7 92678.2 104133 112853 111278 98686.7 67746.7
#pred cpue bio
 12568.8 10068.2 10118.2 11486.4 12655.7 14995.4 17100.4 18194.5 24838.9 33895.9 43348.2 45378 59232.2 81247.8 84896.8 69929.1 51683.7 53571.7 57079.3 52925.8 54849.5 54737.7 60619.4 59274.7 61577.6 65950.2 64317.3 59280.6 56574.9 1.9323e+06 2.55126e+06 1.80593e+06 903599 552575 417988 355171 320901 300708 288448 280930 276310 273473 271733 270662 270001 269605 269367 269224 269138 269086 269055 269036 269024 269017 269013 269011 269009 269008 269008 269007 269007 269007 269007 269007 269007 269007 269007 269007 269007 269007 269007 269007 269007 269007 269007 269007 269007 269007 269007 269007 269007 269007 269007 269007 269007 269007 269007 269007 269007 269007 269007 269007 269007 269007 269007 269007 269007 269007 269007 269007 269007 269007 269007 269007 269007 269007 269007 269007 269007 269007 269007 269007 269007 269007 269007 269007 269007 269007 269007 269007 269007 269007 269007 269007 269007 269007 269007 269007 269007 0 0 0 0 0 0 0 0 0 0 0 0 0 0 0 0 0 0 0 0 0 0 0 0 0
#obs cpue bio
 12906.1 9693.75 9570.31 12603.6 14214.7 24482.6 17140.2 18377.2 44340 57908.3 73241.7 73302.6 115323 101065 82728.3 99381.4 89104.8 53678.3 98359.1 103565 112818 140786 98985.1 164626 112966 131043 99883.9 142316 121473
#pred surv len freq
 2.56368e-27 2.58971e-27 3.43053e-26 6.69703e-20 1.6417e-14 4.86464e-10 1.74243e-06 0.000754407 0.0394829 0.24978 0.191361 0.0398266 0.168699 0.155847 0.0369819 0.0454882 0.0195967 0.0151459 0.00934902 0.00711464 0.00556348 0.00478155 0.00475772 0.00419234 0.0012766
 2.56501e-27 2.59338e-27 3.75331e-26 7.37796e-20 1.80862e-14 5.35926e-10 1.9196e-06 0.000831112 0.0434974 0.275177 0.21074 0.0390228 0.148969 0.138095 0.0423359 0.0619241 0.0208102 0.00835344 0.00374317 0.00214968 0.00137829 0.00101778 0.00089808 0.000790791 0.000263716
 2.56589e-27 2.59569e-27 3.94478e-26 7.78183e-20 1.90762e-14 5.65262e-10 2.02467e-06 0.000876607 0.0458784 0.29024 0.222252 0.0396701 0.145806 0.134895 0.0366753 0.0499121 0.0185911 0.0100891 0.00316015 0.000957739 0.000406842 0.000230328 0.000168804 0.000139627 4.81873e-05
 2.56594e-27 2.59578e-27 3.94722e-26 7.78695e-20 1.90888e-14 5.65634e-10 2.02601e-06 0.000877184 0.0459086 0.290431 0.222405 0.0400766 0.148793 0.137597 0.0361811 0.0480442 0.0170907 0.00824807 0.00299642 0.000995201 0.000217554 6.78438e-05 3.53759e-05 2.52296e-05 8.61696e-06
 2.56734e-27 2.59945e-27 4.26225e-26 8.45149e-20 2.07178e-14 6.13906e-10 2.19891e-06 0.000952043 0.0498265 0.315216 0.241329 0.0399542 0.134566 0.124322 0.0312055 0.0399825 0.0137929 0.00600246 0.00201116 0.000638022 0.000159073 2.86201e-05 6.92354e-06 3.55052e-06 1.13746e-06
 2.56665e-27 2.59748e-27 4.07795e-26 8.06267e-20 1.97647e-14 5.85662e-10 2.09774e-06 0.000908243 0.0475341 0.300714 0.230277 0.0413029 0.152595 0.140797 0.0312088 0.0358103 0.0120349 0.00476545 0.00150501 0.000425831 9.76666e-05 1.81226e-05 2.36218e-06 5.38369e-07 1.44052e-07
 2.56674e-27 2.59776e-27 4.10672e-26 8.12338e-20 1.99135e-14 5.90072e-10 2.11354e-06 0.000915082 0.0478921 0.302979 0.231999 0.0408624 0.148033 0.136696 0.0324628 0.0396732 0.0127483 0.00412326 0.00122387 0.000313552 6.43011e-05 1.07797e-05 1.27289e-06 1.20225e-07 1.84604e-08
 2.56899e-27 2.60375e-27 4.62404e-26 9.21466e-20 2.25886e-14 6.69341e-10 2.39747e-06 0.00103801 0.0543258 0.34368 0.263069 0.0403602 0.122381 0.11279 0.0239748 0.0263158 0.00843574 0.00270105 0.000738677 0.000154577 2.83168e-05 4.18229e-06 4.37247e-07 2.91718e-08 1.76416e-09
 2.56921e-27 2.60425e-27 4.65925e-26 9.28889e-20 2.27706e-14 6.74733e-10 2.41678e-06 0.00104637 0.0547634 0.346449 0.265194 0.0410225 0.125928 0.115895 0.0214857 0.0198365 0.00615568 0.00166936 0.000446095 9.02431e-05 1.40023e-05 1.73527e-06 1.56593e-07 8.75845e-09 2.80856e-10
 2.56856e-27 2.60247e-27 4.49953e-26 8.95195e-20 2.19446e-14 6.50259e-10 2.32912e-06 0.00100842 0.052777 0.333882 0.255608 0.0416332 0.137311 0.126379 0.0229963 0.0206265 0.00615132 0.00125798 0.000305252 5.30837e-05 7.87021e-06 8.57338e-07 6.28539e-08 2.94721e-09 7.08713e-11
 2.56758e-27 2.59986e-27 4.27259e-26 8.47321e-20 2.07711e-14 6.15483e-10 2.20456e-06 0.00095449 0.0499545 0.316026 0.241979 0.0419362 0.149192 0.137436 0.0266319 0.0261327 0.00778706 0.00155999 0.000353608 4.75165e-05 6.0014e-06 5.84461e-07 3.77968e-08 1.42865e-09 2.78047e-11
 2.56927e-27 2.6044e-27 4.67148e-26 9.3147e-20 2.28339e-14 6.76608e-10 2.4235e-06 0.00104928 0.0549156 0.347411 0.26593 0.0410496 0.125618 0.115607 0.0214121 0.0197236 0.00585264 0.00113895 0.000254238 3.21178e-05 3.41514e-06 2.59634e-07 1.43703e-08 4.69352e-10 7.34762e-12
 2.57006e-27 2.60649e-27 4.85154e-26 9.69453e-20 2.3765e-14 7.04199e-10 2.52232e-06 0.00109207 0.057155 0.361578 0.276745 0.0409491 0.117254 0.107784 0.01813 0.0142066 0.00416859 0.000749157 0.00016358 2.01022e-05 2.05673e-06 1.36481e-07 5.82941e-09 1.55821e-10 2.06117e-12
 2.5683e-27 2.60169e-27 4.42305e-26 8.79058e-20 2.1549e-14 6.38537e-10 2.28713e-06 0.00099024 0.0518256 0.327863 0.251026 0.0424774 0.146955 0.135139 0.02202 0.0161852 0.0046612 0.000694678 0.000142789 1.63468e-05 1.61658e-06 1.03076e-07 3.91847e-09 8.16611e-11 8.58037e-13
 2.56664e-27 2.59722e-27 4.03233e-26 7.96634e-20 1.95285e-14 5.78665e-10 2.07268e-06 0.000897391 0.0469662 0.297121 0.227564 0.0432684 0.169458 0.156003 0.027508 0.0234391 0.00670198 0.000882857 0.000169564 1.62364e-05 1.45902e-06 8.70866e-08 3.16319e-09 5.90976e-11 4.91399e-13
 2.56697e-27 2.59814e-27 4.11742e-26 8.14587e-20 1.99686e-14 5.91706e-10 2.11939e-06 0.000917615 0.0480247 0.303817 0.232668 0.0427005 0.16155 0.14878 0.0275558 0.0253688 0.0073208 0.00106732 0.000207799 1.75487e-05 1.37939e-06 6.93813e-08 2.30221e-09 4.05074e-11 3.0303e-13
 2.56859e-27 2.60247e-27 4.49184e-26 8.9357e-20 2.19048e-14 6.49078e-10 2.32489e-06 0.00100659 0.0526812 0.333276 0.255156 0.0423331 0.142955 0.131434 0.0211165 0.0150558 0.00429423 0.0005702 0.000108742 9.66037e-06 7.36997e-07 3.17105e-08 8.80014e-10 1.35988e-11 9.44091e-14
 2.56886e-27 2.60321e-27 4.55769e-26 9.07461e-20 2.22453e-14 6.59168e-10 2.36103e-06 0.00102224 0.0535002 0.338457 0.259109 0.042091 0.138336 0.127184 0.0205898 0.0149217 0.00421301 0.000480865 8.6137e-05 7.22989e-06 5.50098e-07 2.42568e-08 6.03497e-10 7.7331e-12 4.60318e-14
 2.56862e-27 2.60255e-27 4.49799e-26 8.94868e-20 2.19366e-14 6.50021e-10 2.32827e-06 0.00100805 0.0527577 0.33376 0.255526 0.0423345 0.142705 0.131201 0.0210194 0.0148907 0.00420907 0.000492017 8.75002e-05 6.4413e-06 4.48951e-07 1.89399e-08 4.77089e-10 5.74283e-12 2.87265e-14
 2.56904e-27 2.60364e-27 4.59163e-26 9.14619e-20 2.24208e-14 6.64368e-10 2.37966e-06 0.0010303 0.0539222 0.341127 0.261151 0.0423257 0.138687 0.127426 0.0191479 0.0115741 0.00322907 0.000320843 5.31484e-05 3.87467e-06 2.56101e-07 9.40335e-09 2.19954e-10 2.60971e-12 1.25556e-14
 2.56912e-27 2.60387e-27 4.61284e-26 9.19095e-20 2.25305e-14 6.67619e-10 2.3913e-06 0.00103534 0.0541861 0.342796 0.262424 0.0421986 0.136825 0.125724 0.0191413 0.0119858 0.00333013 0.000301162 4.68216e-05 2.99561e-06 1.8235e-07 6.48732e-09 1.3644e-10 1.44948e-12 6.7128e-15
 2.56928e-27 2.6043e-27 4.64893e-26 9.26707e-20 2.27171e-14 6.73149e-10 2.41111e-06 0.00104392 0.0546348 0.345635 0.264592 0.0422219 0.135479 0.124449 0.01832 0.0104358 0.00288989 0.000255319 3.88321e-05 2.26768e-06 1.2372e-07 3.83273e-09 7.55781e-11 7.40559e-13 3.05233e-15
 2.56936e-27 2.60453e-27 4.67158e-26 9.31487e-20 2.28343e-14 6.7662e-10 2.42354e-06 0.0010493 0.0549166 0.347418 0.265949 0.0419818 0.132698 0.121926 0.0186424 0.0118044 0.0032765 0.00028896 4.3878e-05 2.54317e-06 1.34395e-07 3.72141e-09 6.41422e-11 5.62889e-13 2.14949e-15
 2.56951e-27 2.60491e-27 4.70134e-26 9.37764e-20 2.29881e-14 6.8118e-10 2.43987e-06 0.00105637 0.0552867 0.349759 0.26774 0.0422071 0.133154 0.122268 0.0172873 0.0086317 0.00237638 0.000199348 2.92967e-05 1.65413e-06 8.53363e-08 2.31013e-09 3.69307e-11 2.82387e-13 9.48153e-16
 2.57026e-27 2.60694e-27 4.88234e-26 9.75946e-20 2.39241e-14 7.08915e-10 2.53921e-06 0.00109938 0.0575377 0.363999 0.278605 0.041584 0.120779 0.110867 0.0156041 0.00766354 0.00209248 0.000145749 1.85811e-05 1.00106e-06 4.93739e-08 1.29461e-09 2.0176e-11 1.46156e-13 4.36048e-16
 2.57e-27 2.6062e-27 4.81453e-26 9.61642e-20 2.35735e-14 6.98525e-10 2.502e-06 0.00108327 0.0566944 0.358664 0.274538 0.0420133 0.126904 0.116464 0.0155932 0.00623162 0.00168691 0.000110686 1.31868e-05 6.05263e-07 2.48323e-08 6.09918e-10 9.10125e-12 6.37999e-14 1.82343e-16
 2.56954e-27 2.60494e-27 4.70118e-26 9.37728e-20 2.29873e-14 6.81154e-10 2.43978e-06 0.00105633 0.0552846 0.349745 0.267734 0.0424688 0.13515 0.124046 0.0164487 0.00627309 0.00168642 9.43338e-05 9.29578e-06 4.00827e-07 1.46733e-08 2.95056e-10 3.79517e-12 2.49648e-14 6.86099e-17
 2.56948e-27 2.6048e-27 4.68981e-26 9.3533e-20 2.29285e-14 6.79412e-10 2.43354e-06 0.00105363 0.0551432 0.348851 0.267051 0.042449 0.135479 0.124364 0.0167532 0.00688625 0.00185491 0.000101537 9.62834e-06 3.67541e-07 1.0813e-08 1.96102e-10 2.15221e-12 1.15831e-14 2.86532e-17
 2.56999e-27 2.60618e-27 4.81303e-26 9.61324e-20 2.35657e-14 6.98294e-10 2.50117e-06 0.00108291 0.0566757 0.358546 0.274446 0.0419581 0.126548 0.116151 0.0158152 0.00681532 0.00184176 0.000106547 1.0888e-05 4.11078e-07 1.14741e-08 1.7642e-10 1.59895e-12 7.4374e-15 1.51858e-17
#obs surv len freq
 1.24698e-41 1.73072e-33 2.90365e-26 5.88853e-20 1.4435e-14 4.27737e-10 1.53208e-06 0.00066334 0.0347165 0.219628 0.168438 0.0416976 0.170142 0.142469 0.0894305 0.0847106 0.0333723 0.0120265 0.00242277 0.000268843 1.21426e-05 1.64249e-07 5.03955e-10 2.85781e-13 2.61519e-17
 1.5623e-41 2.16837e-33 3.63789e-26 7.37757e-20 1.80852e-14 5.35899e-10 1.9195e-06 0.000831078 0.0434953 0.275164 0.210881 0.0427236 0.142267 0.113315 0.0738068 0.0642244 0.023992 0.00777859 0.00138426 0.000130738 4.80394e-06 5.01972e-08 1.14194e-10 4.68309e-14 3.05787e-18
 1.29407e-41 1.79609e-33 3.01331e-26 6.11093e-20 1.49802e-14 4.43891e-10 1.58995e-06 0.000688392 0.0360277 0.227923 0.175048 0.0517662 0.203982 0.149938 0.0731458 0.0552048 0.0196304 0.00569383 0.000880049 6.90306e-05 2.0229e-06 1.62112e-08 2.7355e-11 8.1261e-15 3.78844e-19
 1.5591e-41 2.16393e-33 3.63044e-26 7.36247e-20 1.80482e-14 5.34802e-10 1.91557e-06 0.000829377 0.0434063 0.274602 0.210623 0.0474102 0.149806 0.109594 0.0846338 0.0594399 0.015501 0.00363617 0.000483871 3.09926e-05 7.08333e-07 4.28372e-09 5.32932e-12 1.14721e-15 3.82784e-20
 1.54233e-41 2.14065e-33 3.59138e-26 7.28324e-20 1.7854e-14 5.29047e-10 1.89496e-06 0.000820452 0.0429392 0.271648 0.20861 0.0553829 0.180099 0.118711 0.0635362 0.0412858 0.0138608 0.00282706 0.000264675 1.31009e-05 2.29652e-07 1.03018e-09 9.32775e-13 1.44578e-16 3.44817e-21
 1.34775e-41 1.87059e-33 3.1383e-26 6.36441e-20 1.56016e-14 4.62304e-10 1.6559e-06 0.000716946 0.0375221 0.237379 0.182689 0.0612674 0.205694 0.131266 0.0835062 0.0466404 0.0110035 0.00211356 0.000193751 6.83643e-06 8.4104e-08 2.7342e-10 1.7789e-13 1.96445e-17 3.32484e-22
 1.56592e-41 2.1734e-33 3.64633e-26 7.39468e-20 1.81272e-14 5.37142e-10 1.92395e-06 0.000833006 0.0435962 0.275805 0.211998 0.057997 0.16514 0.10481 0.0834001 0.0440881 0.010629 0.00158627 0.000111033 3.41224e-06 3.06856e-08 6.71728e-11 3.02326e-14 2.3448e-18 2.79106e-23
 1.72811e-41 2.3985e-33 4.02398e-26 8.16055e-20 2.00046e-14 5.92773e-10 2.12322e-06 0.00091928 0.0481114 0.304371 0.234019 0.0628607 0.163735 0.0929715 0.0567095 0.0278417 0.00736143 0.00103565 5.94385e-05 1.3254e-06 9.18038e-09 1.46962e-11 4.47096e-15 2.32877e-19 1.89853e-24
 1.65394e-41 2.29556e-33 3.85127e-26 7.8103e-20 1.9146e-14 5.67332e-10 2.03209e-06 0.000879825 0.0460465 0.29131 0.224446 0.0711766 0.18462 0.0981107 0.0556648 0.0226204 0.00451136 0.000580738 3.16471e-05 5.69053e-07 2.81628e-09 3.22668e-12 7.06676e-16 2.55527e-20 1.40519e-25
 1.53394e-41 2.12901e-33 3.57186e-26 7.24366e-20 1.7757e-14 5.26172e-10 1.88466e-06 0.000815994 0.0427059 0.270178 0.208754 0.0785792 0.199902 0.104725 0.0663613 0.0237333 0.00386217 0.000365632 1.53392e-05 2.36554e-07 9.30613e-10 7.64113e-13 1.16061e-16 2.93776e-21 1.13407e-26
 1.46795e-41 2.03742e-33 3.4182e-26 6.93204e-20 1.69931e-14 5.03536e-10 1.80359e-06 0.00078089 0.0408687 0.258559 0.200316 0.0842099 0.203827 0.107292 0.0748983 0.0249539 0.00397821 0.000305707 9.06584e-06 9.87197e-08 2.98422e-10 1.89465e-13 2.10284e-17 3.71785e-22 9.88737e-28
 1.88502e-41 2.61629e-33 4.38937e-26 8.90155e-20 2.18211e-14 6.46599e-10 2.31601e-06 0.00100275 0.0524801 0.332015 0.256022 0.0729891 0.140703 0.0734984 0.0522459 0.0162894 0.00257033 0.0001777 4.3396e-06 3.32046e-08 6.72221e-11 3.00957e-14 2.46031e-18 3.20051e-23 6.10999e-29
 1.57236e-41 2.18233e-33 3.66132e-26 7.42507e-20 1.82017e-14 5.39349e-10 1.93186e-06 0.00083643 0.0437754 0.276958 0.215685 0.102384 0.213971 0.0900093 0.0425227 0.0119468 0.00179506 0.000112905 2.44054e-06 1.50004e-08 2.17373e-11 6.47893e-15 3.53897e-19 3.19138e-24 4.34719e-30
 1.26991e-41 1.76255e-33 2.95704e-26 5.99682e-20 1.47005e-14 4.35603e-10 1.56026e-06 0.000675538 0.035355 0.223697 0.176102 0.113615 0.233262 0.11971 0.078538 0.0171864 0.00176159 9.38398e-05 1.78557e-06 9.24951e-09 1.0619e-11 2.32304e-15 8.72935e-20 5.24517e-25 4.76686e-31
 1.14712e-41 1.59213e-33 2.67112e-26 5.41698e-20 1.32791e-14 3.93484e-10 1.40939e-06 0.000610219 0.0319365 0.202079 0.160362 0.117372 0.227255 0.135307 0.0981519 0.0240036 0.00281145 0.000108566 1.44569e-06 5.96007e-09 5.50556e-12 9.38079e-16 2.63634e-20 1.13663e-25 7.15856e-32
 1.55624e-41 2.15996e-33 3.62379e-26 7.34897e-20 1.80151e-14 5.33822e-10 1.91206e-06 0.000827857 0.0433268 0.274135 0.214686 0.100656 0.165296 0.104561 0.0744713 0.0194474 0.00248738 0.000101528 1.17625e-06 3.34924e-09 2.19154e-12 2.81457e-16 6.01771e-21 1.94617e-26 9.01659e-33
 1.40932e-41 1.95605e-33 3.28168e-26 6.65518e-20 1.63144e-14 4.83425e-10 1.73155e-06 0.000749701 0.0392364 0.248288 0.197984 0.136052 0.215264 0.0968533 0.0511544 0.0127622 0.00158682 6.59626e-05 7.61883e-07 1.93683e-09 9.51902e-13 8.38242e-17 1.24825e-21 2.916e-27 9.92804e-34
 1.45878e-41 2.02469e-33 3.39684e-26 6.88873e-20 1.68869e-14 5.0039e-10 1.79232e-06 0.000776011 0.0406134 0.257009 0.204964 0.129885 0.190022 0.108254 0.0575628 0.00994808 0.000928498 3.50006e-05 3.78473e-07 8.92763e-10 3.85644e-13 2.72915e-17 2.97407e-22 4.81082e-28 1.12472e-34
 1.44047e-41 1.99928e-33 3.3542e-26 6.80226e-20 1.66749e-14 4.94109e-10 1.76982e-06 0.00076627 0.0401036 0.253814 0.204615 0.144356 0.195643 0.101527 0.0492674 0.00916229 0.000725646 1.86195e-05 1.55648e-07 3.12529e-10 1.16166e-13 6.95372e-18 6.19368e-23 7.82044e-29 1.35871e-35
 1.55886e-41 2.1636e-33 3.62989e-26 7.36134e-20 1.80455e-14 5.3472e-10 1.91528e-06 0.000829251 0.0433998 0.274685 0.221257 0.141392 0.175006 0.0948146 0.0415519 0.00658235 0.000469889 1.06211e-05 6.39603e-08 8.97554e-11 2.53719e-14 1.21088e-18 8.67574e-24 8.75552e-30 1.19922e-36
 1.5058e-41 2.08994e-33 3.50632e-26 7.11074e-20 1.74311e-14 5.16516e-10 1.85008e-06 0.00080102 0.0419225 0.265392 0.217341 0.160563 0.184749 0.0894638 0.0344132 0.00504206 0.000303558 5.63526e-06 2.79396e-08 2.95109e-11 5.78087e-15 1.92571e-19 1.00706e-24 7.66835e-31 8.04191e-38
 1.55169e-41 2.15365e-33 3.61319e-26 7.32748e-20 1.79625e-14 5.3226e-10 1.90647e-06 0.000825435 0.0432004 0.273515 0.224952 0.160268 0.172527 0.0897618 0.0309908 0.00376629 0.00018907 2.89011e-06 1.12464e-08 9.20439e-12 1.36456e-15 3.2737e-20 1.18719e-25 6.2388e-32 4.59619e-39
 1.55389e-41 2.1567e-33 3.61831e-26 7.33786e-20 1.79879e-14 5.33014e-10 1.90917e-06 0.000826604 0.0432617 0.273972 0.22828 0.170891 0.170394 0.0831433 0.0261076 0.00299435 0.000125119 1.49303e-06 4.50727e-09 2.80838e-12 3.11287e-16 5.54102e-21 1.47404e-26 5.56878e-33 2.88643e-40
 1.59545e-41 2.21438e-33 3.71508e-26 7.53411e-20 1.8469e-14 5.47269e-10 1.96023e-06 0.000848712 0.0444189 0.281364 0.236267 0.174107 0.161905 0.0776225 0.0213077 0.00208266 7.4193e-05 7.28186e-07 1.67691e-09 7.73952e-13 6.32603e-17 8.25406e-22 1.59928e-27 4.38527e-34 1.64515e-41
 1.58843e-41 2.20463e-33 3.69872e-26 7.50094e-20 1.83877e-14 5.4486e-10 1.9516e-06 0.000844976 0.0442237 0.280239 0.2392 0.184401 0.159924 0.0720837 0.0175352 0.00150134 4.36635e-05 3.41336e-07 6.17168e-10 2.15606e-13 1.28827e-17 1.21156e-22 1.68868e-28 3.33051e-35 8.97646e-43
 1.37182e-41 1.90399e-33 3.19434e-26 6.47806e-20 1.58802e-14 4.70559e-10 1.68547e-06 0.00072975 0.0381939 0.242321 0.218656 0.216904 0.183275 0.0811529 0.0174479 0.00128643 3.09535e-05 1.92227e-07 2.65756e-10 6.99275e-14 3.11264e-18 2.14456e-23 2.15415e-29 3.03129e-36 5.80836e-44
 1.4028e-41 1.94699e-33 3.26648e-26 6.62435e-20 1.62388e-14 4.81185e-10 1.72353e-06 0.000746229 0.0390569 0.247878 0.22384 0.20514 0.176486 0.0882784 0.0174296 0.00111925 2.20125e-05 1.07743e-07 1.14052e-10 2.24063e-14 7.3262e-19 3.68274e-24 2.68883e-30 2.7363e-37 3.76657e-45
 1.46629e-41 2.03511e-33 3.41432e-26 6.92417e-20 1.69738e-14 5.02964e-10 1.80154e-06 0.000780004 0.0408245 0.259049 0.231852 0.202913 0.16914 0.0784053 0.0159517 0.00106353 1.93083e-05 8.16623e-08 7.22122e-11 1.16528e-14 3.09868e-19 1.25738e-24 7.37281e-31 6.01234e-38 6.63005e-46
 1.4663e-41 2.03513e-33 3.41435e-26 6.92424e-20 1.6974e-14 5.02969e-10 1.80155e-06 0.000780012 0.0408249 0.259051 0.231854 0.202918 0.169227 0.0785786 0.0157522 0.00099547 1.67779e-05 6.44948e-08 5.0991e-11 7.27715e-15 1.69833e-19 6.01784e-25 3.07018e-31 2.17265e-38 2.07517e-46
#pred catch len freq
 2.5575e-27 2.57334e-27 2.02783e-26 3.7381e-20 9.1635e-15 2.71531e-10 9.72579e-07 0.000421089 0.0220383 0.139421 0.107097 0.0401265 0.230181 0.213078 0.0558835 0.0744338 0.0321347 0.0248763 0.0152911 0.0115949 0.00904678 0.00776766 0.00772638 0.00680777 0.00207301
 2.55849e-27 2.57618e-27 2.28028e-26 4.27066e-20 1.0469e-14 3.10215e-10 1.11114e-06 0.00048108 0.025178 0.159284 0.122249 0.0392267 0.212693 0.197764 0.0684999 0.106675 0.0358997 0.0144547 0.00645616 0.00369252 0.00236186 0.00174224 0.00153678 0.00135309 0.00045123
 2.55933e-27 2.57831e-27 2.45127e-26 4.63131e-20 1.13531e-14 3.36413e-10 1.20497e-06 0.000521707 0.0273043 0.172735 0.132541 0.0405375 0.215437 0.199864 0.0610535 0.089339 0.0333466 0.0181595 0.00567742 0.00171212 0.000725285 0.00041009 0.000300423 0.000248474 8.57513e-05
 2.55972e-27 2.57927e-27 2.52324e-26 4.78309e-20 1.17252e-14 3.47437e-10 1.24446e-06 0.000538805 0.0281991 0.178396 0.136877 0.0413246 0.218381 0.20243 0.0588091 0.0834538 0.0297141 0.0143487 0.00519783 0.00171912 0.000374882 0.000116689 6.08107e-05 4.33646e-05 1.48106e-05
 2.56132e-27 2.58343e-27 2.8741e-26 5.52319e-20 1.35394e-14 4.01198e-10 1.43702e-06 0.000622176 0.0325625 0.206 0.157959 0.0416405 0.205973 0.190736 0.0523633 0.0716051 0.0247137 0.0107462 0.00359061 0.00113363 0.000281953 5.06566e-05 1.22437e-05 6.27761e-06 2.01109e-06
 2.56084e-27 2.58191e-27 2.72116e-26 5.20049e-20 1.27484e-14 3.77757e-10 1.35306e-06 0.000585824 0.0306599 0.193964 0.1488 0.0436097 0.227393 0.210197 0.0502939 0.0619237 0.0208186 0.00822859 0.00259177 0.000729655 0.000166923 3.09274e-05 4.02839e-06 9.17808e-07 2.45569e-07
 2.56137e-27 2.58339e-27 2.85423e-26 5.48121e-20 1.34365e-14 3.98148e-10 1.4261e-06 0.000617447 0.0323149 0.204434 0.156784 0.0429288 0.216603 0.200352 0.0506242 0.0650983 0.0209044 0.00671957 0.00198811 0.000506523 0.000103599 1.73396e-05 2.04603e-06 1.93189e-07 2.96611e-08
 2.56387e-27 2.58998e-27 3.41859e-26 6.67171e-20 1.63549e-14 4.84625e-10 1.73584e-06 0.000751554 0.0393336 0.248836 0.190688 0.0428709 0.192342 0.177596 0.0399342 0.0464221 0.0148736 0.00473361 0.00129101 0.000268597 4.90677e-05 7.23492e-06 7.55812e-07 5.04101e-08 3.04819e-09
 2.56437e-27 2.59115e-27 3.50554e-26 6.85507e-20 1.68044e-14 4.97944e-10 1.78355e-06 0.00077221 0.0404147 0.255675 0.195928 0.0439984 0.197241 0.181813 0.0351733 0.0344663 0.0106917 0.00287775 0.000766617 0.000154179 2.38593e-05 2.95127e-06 2.66108e-07 1.48789e-08 4.77064e-10
 2.56356e-27 2.58893e-27 3.30618e-26 6.43449e-20 1.57734e-14 4.67393e-10 1.67412e-06 0.000724832 0.0379351 0.239988 0.183963 0.0447871 0.211649 0.195084 0.0370791 0.0354449 0.0105719 0.00214731 0.000519472 8.98023e-05 1.32771e-05 1.44372e-06 1.0575e-07 4.9568e-09 1.1918e-10
 2.56303e-27 2.58754e-27 3.18809e-26 6.18539e-20 1.51627e-14 4.49299e-10 1.60931e-06 0.000696771 0.0364665 0.230698 0.176867 0.0446933 0.215921 0.199136 0.0397943 0.0406145 0.0120932 0.00239571 0.000541098 7.22445e-05 9.09549e-06 8.84002e-07 5.71172e-08 2.15808e-09 4.19947e-11
 2.56492e-27 2.59263e-27 3.63275e-26 7.12341e-20 1.74622e-14 5.17436e-10 1.85337e-06 0.000802438 0.0419967 0.265683 0.203568 0.0438502 0.190745 0.175786 0.0335244 0.0321931 0.00954663 0.00183739 0.000408685 5.13038e-05 5.43884e-06 4.12569e-07 2.28121e-08 7.44762e-10 1.16572e-11
 2.56588e-27 2.59513e-27 3.84531e-26 7.57179e-20 1.85613e-14 5.50006e-10 1.97003e-06 0.000852947 0.0446402 0.282406 0.216339 0.0439449 0.182493 0.167997 0.0289879 0.023806 0.00698309 0.00124152 0.000270093 3.29836e-05 3.36462e-06 2.22791e-07 9.50602e-09 2.53972e-10 3.35888e-12
 2.56403e-27 2.59008e-27 3.39437e-26 6.62049e-20 1.62293e-14 4.80904e-10 1.72252e-06 0.000745785 0.0390317 0.246926 0.189273 0.0456489 0.214476 0.197433 0.0328133 0.0251106 0.00722977 0.00106487 0.000217896 2.4786e-05 2.44345e-06 1.5546e-07 5.9039e-09 1.22975e-10 1.29185e-12
 2.56248e-27 2.58591e-27 3.03209e-26 5.85624e-20 1.43559e-14 4.2539e-10 1.52368e-06 0.000659694 0.034526 0.218421 0.167516 0.0461623 0.23367 0.215292 0.0386423 0.0338956 0.0096871 0.00125988 0.000240721 2.29036e-05 2.0508e-06 1.22133e-07 4.43153e-09 8.27521e-11 6.87934e-13
 2.56341e-27 2.5885e-27 3.26521e-26 6.34806e-20 1.55615e-14 4.61115e-10 1.65164e-06 0.000715095 0.0374255 0.236765 0.181507 0.0451437 0.216088 0.199141 0.0371026 0.0344547 0.00993083 0.00142461 0.000275822 2.31437e-05 1.81211e-06 9.09263e-08 3.01365e-09 5.29969e-11 3.96373e-13
 2.56477e-27 2.59206e-27 3.56805e-26 6.98687e-20 1.71275e-14 5.07518e-10 1.81784e-06 0.000787057 0.0411917 0.26059 0.199702 0.0452671 0.204244 0.187959 0.0305506 0.0223335 0.00636647 0.000833782 0.000158151 1.39613e-05 1.06142e-06 4.55611e-08 1.26285e-09 1.9503e-11 1.35367e-13
 2.56505e-27 2.59282e-27 3.63572e-26 7.12964e-20 1.74775e-14 5.17888e-10 1.85499e-06 0.000803139 0.0420334 0.265915 0.203763 0.0450037 0.199386 0.183494 0.0300733 0.022365 0.00631238 0.000711153 0.000126617 1.05617e-05 8.00639e-07 3.52229e-08 8.75338e-10 1.12093e-11 6.67058e-14
 2.56526e-27 2.59338e-27 3.68442e-26 7.23237e-20 1.77293e-14 5.2535e-10 1.88172e-06 0.000814711 0.042639 0.269747 0.206688 0.0449708 0.19708 0.181337 0.0291713 0.020853 0.00588956 0.000677964 0.000119765 8.7624e-06 6.08165e-07 2.55946e-08 6.4396e-10 7.74689e-12 3.87402e-14
 2.56557e-27 2.59417e-27 3.74959e-26 7.36983e-20 1.80663e-14 5.35335e-10 1.91748e-06 0.000830196 0.0434495 0.274874 0.210607 0.0451695 0.19584 0.180097 0.027219 0.0167142 0.00466124 0.000456825 7.51129e-05 5.44282e-06 3.58298e-07 1.31238e-08 3.06586e-10 3.63531e-12 1.74851e-14
 2.56585e-27 2.59495e-27 3.81936e-26 7.51702e-20 1.84271e-14 5.46027e-10 1.95578e-06 0.000846777 0.0443173 0.280363 0.214794 0.0448704 0.190621 0.175304 0.0267792 0.0169163 0.00469766 0.000418993 6.45943e-05 4.10886e-06 2.48971e-07 8.8358e-09 1.85599e-10 1.97038e-12 9.12251e-15
 2.56576e-27 2.59468e-27 3.79357e-26 7.46261e-20 1.82937e-14 5.42075e-10 1.94162e-06 0.000840648 0.0439965 0.278334 0.213248 0.0451467 0.19381 0.178198 0.0264068 0.0153402 0.00424743 0.000370566 5.59186e-05 3.24815e-06 1.76376e-07 5.45051e-09 1.07331e-10 1.05099e-12 4.33048e-15
 2.56633e-27 2.59627e-27 3.9373e-26 7.76582e-20 1.9037e-14 5.64099e-10 2.02051e-06 0.000874804 0.0457841 0.289643 0.221873 0.044463 0.182548 0.167866 0.0256831 0.0162895 0.00451842 0.000392797 5.91125e-05 3.40739e-06 1.79196e-07 4.94991e-09 8.51922e-11 7.47067e-13 2.85187e-15
 2.56654e-27 2.59679e-27 3.97829e-26 7.85227e-20 1.92489e-14 5.70379e-10 2.043e-06 0.000884542 0.0462938 0.292867 0.22434 0.0447755 0.183192 0.168353 0.0238086 0.0118973 0.0032734 0.000270763 3.94175e-05 2.21354e-06 1.13632e-07 3.06869e-09 4.89873e-11 3.74296e-13 1.2563e-15
 2.5676e-27 2.59966e-27 4.23363e-26 8.39096e-20 2.05694e-14 6.09509e-10 2.18316e-06 0.000945224 0.0494696 0.312958 0.239667 0.0439044 0.165794 0.152322 0.0214063 0.0104552 0.00285291 0.000196198 2.47213e-05 1.3247e-06 6.49987e-08 1.70014e-09 2.64574e-11 1.91517e-13 5.71175e-16
 2.56746e-27 2.59926e-27 4.19452e-26 8.30844e-20 2.03671e-14 6.03514e-10 2.16169e-06 0.000935928 0.0489831 0.309881 0.237324 0.0443003 0.170454 0.156553 0.0209098 0.00826063 0.00223429 0.000144788 1.70326e-05 7.78117e-07 3.17341e-08 7.7744e-10 1.15834e-11 8.11386e-14 2.31815e-16
 2.56692e-27 2.59778e-27 4.06232e-26 8.02953e-20 1.96834e-14 5.83255e-10 2.08912e-06 0.00090451 0.0473388 0.299478 0.229389 0.0448377 0.180118 0.165438 0.0218876 0.0082529 0.00221706 0.000122747 1.19191e-05 5.11612e-07 1.86147e-08 3.7339e-10 4.79425e-12 3.15113e-14 8.65691e-17
 2.56679e-27 2.59742e-27 4.03118e-26 7.96384e-20 1.95224e-14 5.78483e-10 2.07203e-06 0.00089711 0.0469515 0.297028 0.227519 0.0448683 0.181665 0.166882 0.0224377 0.00914248 0.00246122 0.000133408 1.24656e-05 4.74054e-07 1.38539e-08 2.50604e-10 2.74543e-12 1.4763e-14 3.65034e-17
 2.56559e-27 2.59417e-27 3.74299e-26 7.35588e-20 1.80321e-14 5.34322e-10 1.91385e-06 0.000828625 0.0433672 0.274353 0.210218 0.0457442 0.200486 0.184251 0.0255295 0.0118169 0.00319994 0.000184217 1.87041e-05 7.04194e-07 1.95458e-08 2.99877e-10 2.71267e-12 1.26066e-14 2.57285e-17
#obs catch len freq
 5.98338e-42 8.30454e-34 1.39326e-26 2.8255e-20 6.92638e-15 2.05241e-10 7.35141e-07 0.000318291 0.0166581 0.105385 0.0812386 0.042396 0.227051 0.191717 0.131788 0.127419 0.0521144 0.0193761 0.00404989 0.00046566 2.19848e-05 3.12564e-07 1.00515e-09 5.93446e-13 5.61732e-17
 6.8658e-42 9.52928e-34 1.59873e-26 3.2422e-20 7.94787e-15 2.3551e-10 8.43559e-07 0.000365232 0.0191148 0.120927 0.0932181 0.046157 0.229667 0.184417 0.12894 0.114237 0.0446987 0.0151208 0.00284404 0.000281641 1.07988e-05 1.17749e-07 2.79481e-10 1.19158e-13 8.04752e-18
 1.03657e-41 1.43869e-33 2.4137e-26 4.89493e-20 1.19994e-14 3.55563e-10 1.27357e-06 0.000551411 0.0288587 0.18257 0.14036 0.0482753 0.20242 0.154387 0.109645 0.0885819 0.0326927 0.00988617 0.00163096 0.000136318 4.21151e-06 3.51898e-08 6.16093e-11 1.89408e-14 9.11277e-19
 8.84938e-42 1.22824e-33 2.06062e-26 4.17889e-20 1.02441e-14 3.0355e-10 1.08727e-06 0.00047075 0.0246372 0.155865 0.120302 0.0601298 0.262318 0.183024 0.0954903 0.0670722 0.0234361 0.00629624 0.000894937 6.15983e-05 1.50503e-06 9.57677e-09 1.23766e-11 2.7484e-15 9.4268e-20
 1.21971e-41 1.69288e-33 2.84015e-26 5.75977e-20 1.41194e-14 4.18384e-10 1.49858e-06 0.000648835 0.0339574 0.214827 0.165223 0.0540029 0.193357 0.135624 0.109918 0.0702101 0.0178341 0.00389647 0.000472873 2.63343e-05 4.97875e-07 2.37658e-09 2.255e-12 3.61902e-16 8.87051e-21
 1.28594e-41 1.7848e-33 2.99438e-26 6.07254e-20 1.48861e-14 4.41103e-10 1.57996e-06 0.000684068 0.0358014 0.226493 0.174449 0.0637113 0.220448 0.13777 0.0766893 0.0460488 0.0149164 0.00274157 0.000234179 1.00504e-05 1.44635e-07 5.09388e-10 3.50547e-13 4.04153e-17 7.07021e-22
 1.16857e-41 1.62189e-33 2.72106e-26 5.51826e-20 1.35274e-14 4.0084e-10 1.43574e-06 0.000621628 0.0325335 0.205821 0.158948 0.0696012 0.235779 0.143247 0.0933238 0.047283 0.0107838 0.00189712 0.000153786 4.64258e-06 4.68908e-08 1.1926e-10 5.87989e-14 4.82073e-18 5.97707e-23
 1.45405e-41 2.01813e-33 3.38583e-26 6.86639e-20 1.68321e-14 4.98767e-10 1.7865e-06 0.000773494 0.0404816 0.256103 0.197265 0.0645695 0.184223 0.112259 0.0898874 0.0431117 0.00991066 0.00132903 8.32507e-05 2.15838e-06 1.56968e-08 2.68519e-11 9.15191e-15 5.263e-19 4.58478e-24
 1.67077e-41 2.31892e-33 3.89047e-26 7.88981e-20 1.93409e-14 5.73107e-10 2.05278e-06 0.000888781 0.0465153 0.294275 0.226633 0.0689795 0.175915 0.0950519 0.0581703 0.0261736 0.00653689 0.000817069 4.11336e-05 7.73087e-07 4.31171e-09 5.34718e-12 1.22937e-15 4.74823e-20 2.83174e-25
 1.64293e-41 2.28028e-33 3.82564e-26 7.75831e-20 1.90186e-14 5.63556e-10 2.01857e-06 0.000873969 0.0457401 0.289373 0.223326 0.0769738 0.189798 0.0958629 0.0539726 0.0198695 0.0037546 0.000432434 2.03532e-05 3.03397e-07 1.20225e-09 1.06548e-12 1.75795e-16 4.70763e-21 1.89473e-26
 1.55901e-41 2.1638e-33 3.63023e-26 7.36203e-20 1.80472e-14 5.3477e-10 1.91546e-06 0.000829328 0.0434038 0.274596 0.212528 0.0840287 0.199494 0.0999812 0.0619129 0.0199251 0.00303442 0.000255044 9.30762e-06 1.18166e-07 3.67711e-10 2.32246e-13 2.65401e-17 4.97007e-22 1.40335e-27
 1.52195e-41 2.11237e-33 3.54394e-26 7.18703e-20 1.76182e-14 5.22058e-10 1.86993e-06 0.000809614 0.042372 0.268073 0.208013 0.0891421 0.19908 0.101035 0.067862 0.020401 0.00300348 0.000201615 5.15223e-06 4.62811e-08 1.10519e-10 5.36478e-14 4.46222e-18 5.83022e-23 1.13375e-28
 1.93255e-41 2.68225e-33 4.50003e-26 9.12596e-20 2.23712e-14 6.629e-10 2.3744e-06 0.00102803 0.0538032 0.340388 0.262746 0.0761454 0.135624 0.0686951 0.0464398 0.0131204 0.00189245 0.000113415 2.34727e-06 1.46601e-08 2.34356e-11 8.02455e-15 4.90513e-19 4.70481e-24 6.56285e-30
 1.62526e-41 2.25575e-33 3.78448e-26 7.67486e-20 1.8814e-14 5.57493e-10 1.99685e-06 0.000864568 0.045248 0.28628 0.223414 0.107414 0.205858 0.082526 0.0374384 0.00957927 0.00130436 7.08269e-05 1.28336e-06 6.36272e-09 7.21939e-12 1.64254e-15 6.70998e-20 4.45753e-25 4.42904e-31
 1.33391e-41 1.85138e-33 3.10607e-26 6.29905e-20 1.54414e-14 4.57556e-10 1.63889e-06 0.000709583 0.0371368 0.234978 0.185535 0.119934 0.225482 0.112919 0.0685835 0.0134074 0.00125509 5.78854e-05 9.16152e-07 3.79702e-09 3.38589e-12 5.62431e-16 1.5779e-20 6.98631e-26 4.63185e-32
 1.21733e-41 1.68958e-33 2.83462e-26 5.74855e-20 1.40919e-14 4.17568e-10 1.49566e-06 0.00064757 0.0338913 0.214457 0.170772 0.124125 0.220201 0.129318 0.0855908 0.018974 0.00195694 6.43349e-05 7.17127e-07 2.36106e-09 1.68434e-12 2.16848e-16 4.53542e-21 1.43929e-26 6.61672e-33
 1.63422e-41 2.26819e-33 3.80535e-26 7.71718e-20 1.89178e-14 5.60568e-10 2.00786e-06 0.000869335 0.0454976 0.287878 0.225897 0.10444 0.157012 0.0981158 0.0634232 0.0151191 0.00168708 5.80263e-05 5.48521e-07 1.24148e-09 6.28042e-13 6.07923e-17 9.64276e-22 2.29029e-27 7.73689e-34
 1.48658e-41 2.06327e-33 3.46156e-26 7.01998e-20 1.72086e-14 5.09924e-10 1.82646e-06 0.000790796 0.0413872 0.261912 0.209512 0.140727 0.202812 0.0887437 0.0431703 0.00984047 0.00106505 3.71759e-05 3.4638e-07 6.89614e-10 2.59697e-13 1.72152e-17 1.90018e-22 3.25293e-28 8.05794e-35
 1.5424e-41 2.14076e-33 3.59156e-26 7.28361e-20 1.78549e-14 5.29074e-10 1.89506e-06 0.000820494 0.0429415 0.271757 0.217335 0.133633 0.178709 0.0995185 0.0472687 0.00738831 0.000608389 1.92443e-05 1.66955e-07 3.0589e-10 1.00356e-13 5.31323e-18 4.28318e-23 5.07794e-29 8.63314e-36
 1.52676e-41 2.11904e-33 3.55512e-26 7.20972e-20 1.76738e-14 5.23706e-10 1.87583e-06 0.00081217 0.0425059 0.269037 0.217557 0.147684 0.182732 0.0922436 0.0402404 0.00672091 0.000455861 9.82625e-06 6.62214e-08 1.02894e-10 2.88829e-14 1.28628e-18 8.43939e-24 7.79426e-30 9.85044e-37
 1.64681e-41 2.28566e-33 3.83467e-26 7.77664e-20 1.90635e-14 5.64887e-10 2.02333e-06 0.000876033 0.0458483 0.290204 0.23438 0.143322 0.162154 0.0850249 0.033183 0.00471266 0.000287933 5.36797e-06 2.57961e-08 2.80644e-11 5.98501e-15 2.11718e-19 1.11297e-24 8.18749e-31 8.13719e-38
 1.59535e-41 2.21425e-33 3.71486e-26 7.53366e-20 1.84679e-14 5.47237e-10 1.96011e-06 0.000848662 0.044416 0.281207 0.230987 0.162016 0.170281 0.079316 0.0271984 0.00354377 0.000180988 2.76288e-06 1.08387e-08 8.80056e-12 1.29817e-15 3.20367e-20 1.22637e-25 6.78493e-32 5.1469e-39
 1.64287e-41 2.28019e-33 3.8255e-26 7.75803e-20 1.90179e-14 5.63535e-10 2.01849e-06 0.000873937 0.0457389 0.289622 0.238854 0.160784 0.158638 0.0787786 0.0240156 0.0025827 0.000109565 1.36601e-06 4.18422e-09 2.6213e-12 2.91361e-16 5.16796e-21 1.37167e-26 5.23443e-33 2.78392e-40
 1.64637e-41 2.28506e-33 3.83366e-26 7.77458e-20 1.90585e-14 5.64737e-10 2.0228e-06 0.000875801 0.0458367 0.290323 0.242542 0.170432 0.155786 0.0721114 0.0200112 0.00200964 7.02097e-05 6.80105e-07 1.60844e-09 7.63871e-13 6.32971e-17 8.31023e-22 1.61542e-27 4.43073e-34 1.65927e-41
 1.68802e-41 2.34286e-33 3.93063e-26 7.97124e-20 1.95406e-14 5.79023e-10 2.07397e-06 0.000897956 0.0469964 0.297743 0.250607 0.172568 0.147339 0.0664138 0.0160274 0.00136528 4.045e-05 3.19279e-07 5.72759e-10 2.00876e-13 1.22423e-17 1.17572e-22 1.66203e-28 3.30426e-35 8.94729e-43
 1.68118e-41 2.33337e-33 3.91471e-26 7.93895e-20 1.94614e-14 5.76677e-10 2.06556e-06 0.000894318 0.0468065 0.296672 0.253779 0.181931 0.144959 0.0609682 0.0130034 0.000961532 2.31046e-05 1.44552e-07 2.02488e-10 5.35241e-14 2.37924e-18 1.64446e-23 1.66988e-29 2.38495e-36 4.63517e-44
 1.46742e-41 2.03669e-33 3.41697e-26 6.92954e-20 1.6987e-14 5.03354e-10 1.80293e-06 0.000780609 0.0408563 0.259308 0.234535 0.214842 0.167447 0.0685367 0.0128629 0.000813245 1.60613e-05 7.92986e-08 8.45668e-11 1.67813e-14 5.54224e-19 2.80188e-24 2.04893e-30 2.08686e-37 2.88164e-45
 1.50061e-41 2.08274e-33 3.49423e-26 7.08624e-20 1.73711e-14 5.14737e-10 1.8437e-06 0.00079826 0.0417799 0.265064 0.235227 0.197051 0.166795 0.0781512 0.0142896 0.000827717 1.42823e-05 5.9921e-08 5.32751e-11 8.6661e-15 2.32197e-19 9.49646e-25 5.61304e-31 4.60838e-38 5.10507e-46
 1.55746e-41 2.16166e-33 3.62663e-26 7.35473e-20 1.80292e-14 5.3424e-10 1.91356e-06 0.000828506 0.0433628 0.275067 0.242376 0.19435 0.157952 0.0711154 0.0140547 0.00087799 1.46885e-05 5.61386e-08 4.42013e-11 6.29003e-15 1.46494e-19 5.18311e-25 2.64135e-31 1.86756e-38 1.78255e-46
#spawning biomass
 21552.5 19122.8 20464.7 23597.1 28027 33097.5 37626.7 45703.7 64920.8 86062.1 103697 119488 166241 207890 198433 164311 134643 141482 149058 142864 148451 150303 166192 165973 180485 191663 182199 167033 163904 204243 167228 78587.6 33144.4 21526.5 19112 18650.2 18566.2 18551.4 18548.9 18548.4 18548.4 18548.4 18548.4 18548.4 18548.4 18548.4 18548.4 18548.4 18548.4 18548.4 18548.4 18548.4 18548.4 18548.4 18548.4 18548.4 18548.4 18548.4 18548.4 18548.4 18548.4 18548.4 18548.4 18548.4 18548.4 18548.4 18548.4 18548.4 18548.4 18548.4 18548.4 18548.4 18548.4 18548.4 18548.4 18548.4 18548.4 18548.4 18548.4 18548.4 18548.4 18548.4 18548.4 18548.4 18548.4 18548.4 18548.4 18548.4 18548.4 18548.4 18548.4 18548.4 18548.4 18548.4 18548.4 18548.4 18548.4 18548.4 18548.4 18548.4 18548.4 18548.4 18548.4 18548.4 18548.4 18548.4 18548.4 18548.4 18548.4 18548.4 18548.4 18548.4 18548.4 18548.4 18548.4 18548.4 18548.4 18548.4 18548.4 18548.4 18548.4 18548.4 18548.4 18548.4 18548.4 18548.4 18548.4 18548.4 18548.4 0 0 0 0 0 0 0 0 0 0 0 0 0 0 0 0 0 0 0 0 0 0 0 0 0
