SBPRF35
0.278035
Curr Bio
116770
B35
208396
F35
0.449825
FOFL
0.285455
OFL
34894.4
Bzero
79438.7
#pred survey bio
 48498.1 48942.3 48274.4 53357.3 57136.3 54445.2 60141.7 73070.8 81060.4 88851.8 86655.5 95399.7 103628 119369 119541 112371 130824 131973 121671 118272 123967 148157 165180 177451 157299 174696 160865 199559 7.6733e+06 4.7944e+06 3.56384e+06 2.4445e+06 1.71528e+06 1.29515e+06 1.06638e+06 944310 878920 843153 822956 811121 803925 799403 796481 794552 793268 792403 791817 791417 791143 790955 790825 790736 790675 790632 790603 790583 790569 790560 790553 790548 790545 790543 790542 790541 790540 790539 790539 790539 790539 790538 790538 790538 790538 790538 790538 790538 790538 790538 790538 790538 790538 790538 790538 790538 790538 790538 790538 790538 790538 790538 790538 790538 790538 790538 790538 790538 790538 790538 790538 790538 790538 790538 790538 790538 790538 790538 790538 790538 790538 790538 790538 790538 790538 790538 790538 790538 790538 790538 790538 790538 790538 790538 790538 790538 790538 790538 790538 790538 0 0 0 0 0 0 0 0 0 0 0 0 0 0 0 0 0 0 0 0 0 0 0 0 0
#obs survey bio
 42070.7 51029.8 41776.1 49589.5 74802.5 55994 71781.7 74149.9 80165.8 105902 84090.2 95311 84076.6 97782.7 155654 99629.4 125268 85003.4 139239 133206 95283.9 155238 258919 166944 150661 135082 182635 187516
#pred catch bio
 27195.1 29900.7 28448.5 31969.7 36126.3 32407.2 33134.2 42494.4 46489.9 55123.9 51490.9 56727.8 59381.1 75390.9 75923.3 61447.1 76882.1 81208.2 73635.7 69923.6 70374.3 83187.3 89196.3 109097 82662.4 106988 78993.2 101193 34894.4 64832.7 47655.6 30939.7 20472.6 14772.4 11892.6 10503.2 9852.5 9553.69 9418.28 9357.47 9330.32 9318.26 9312.91 9310.54 9309.5 9309.04 9308.84 9308.75 9308.71 9308.69 9308.69 9308.68 9308.68 9308.68 9308.68 9308.68 9308.68 9308.68 9308.68 9308.68 9308.68 9308.68 9308.68 9308.68 9308.68 9308.68 9308.68 9308.68 9308.68 9308.68 9308.68 9308.68 9308.68 9308.68 9308.68 9308.68 9308.68 9308.68 9308.68 9308.68 9308.68 9308.68 9308.68 9308.68 9308.68 9308.68 9308.68 9308.68 9308.68 9308.68 9308.68 9308.68 9308.68 9308.68 9308.68 9308.68 9308.68 9308.68 9308.68 9308.68 9308.68 9308.68 9308.68 9308.68 9308.68 9308.68 9308.68 9308.68 9308.68 9308.68 9308.68 9308.68 9308.68 9308.68 9308.68 9308.68 9308.68 9308.68 9308.68 9308.68 9308.68 9308.68 9308.68 9308.68 9308.68 9308.68 9308.68 9308.68 0 0 0 0 0 0 0 0 0 0 0 0 0 0 0 0 0 0 0 0 0 0 0 0 0
#obs catch bio
 20481.3 32049.4 28062 32388.4 34799.6 32378.5 31642 40923.3 45835.4 51889.8 52620.5 57219.6 59236.5 83243.3 76345.7 62690.5 76063.2 84588.6 73927.6 68583.6 73416.8 83148.9 81152.7 108729 77977.5 115921 75149.6 101581
#pred cpue bio
 37732.9 34692.8 33923.6 36981.7 39773 38069.6 41524.5 50967.1 56602.3 62709.9 60665.4 65980.5 72137.2 83003.1 82366.8 78872.4 92513.1 94248 86956.3 83874.1 87072.8 102095 117489 129293 113392 126958 114835 143833 5.68423e+06 4.48884e+06 3.45101e+06 2.34195e+06 1.61315e+06 1.19303e+06 964264 842193 776803 741036 720839 709003 701808 697286 694364 692434 691151 690286 689700 689300 689026 688837 688708 688619 688558 688515 688486 688466 688452 688443 688436 688431 688428 688426 688425 688423 688423 688422 688422 688422 688422 688421 688421 688421 688421 688421 688421 688421 688421 688421 688421 688421 688421 688421 688421 688421 688421 688421 688421 688421 688421 688421 688421 688421 688421 688421 688421 688421 688421 688421 688421 688421 688421 688421 688421 688421 688421 688421 688421 688421 688421 688421 688421 688421 688421 688421 688421 688421 688421 688421 688421 688421 688421 688421 688421 688421 688421 688421 688421 688421 0 0 0 0 0 0 0 0 0 0 0 0 0 0 0 0 0 0 0 0 0 0 0 0 0
#obs cpue bio
 31717.3 26531.1 45457.9 36226.7 40296.2 33434.2 45212.7 58314.1 55736.6 77253.3 46284.2 68635.3 84365.6 62971.9 76141.8 66896.2 123805 106728 84956.6 80719.5 80947.5 113589 130624 122802 145345 105086 144171 141018
#pred surv len freq
 3.91397e-11 1.84094e-09 5.99583e-08 1.35221e-06 2.11167e-05 0.000228347 0.00170984 0.00886596 0.0318395 0.0792395 0.136984 0.16602 0.146035 0.104161 0.074848 0.0603311 0.0482392 0.0360583 0.0267221 0.0205181 0.0164875 0.0139673 0.012005 0.0094927 0.00622396
 4.21398e-11 1.98205e-09 6.45542e-08 1.45586e-06 2.27353e-05 0.00024585 0.00184091 0.00954562 0.0342811 0.0853242 0.147559 0.179095 0.158347 0.114514 0.0835972 0.0661254 0.0483207 0.0297881 0.01653 0.00933816 0.00573502 0.00385988 0.00277408 0.00195367 0.00120069
 4.15579e-11 1.95469e-09 6.36628e-08 1.43576e-06 2.24214e-05 0.000242456 0.0018155 0.00941393 0.0338093 0.0841614 0.145626 0.177118 0.157785 0.116621 0.0882381 0.0714907 0.0522406 0.03132 0.0160323 0.00760525 0.00348051 0.00158341 0.000769558 0.000408654 0.000213788
 4.25775e-11 2.00264e-09 6.52248e-08 1.47098e-06 2.29715e-05 0.000248404 0.00186003 0.0096448 0.0346374 0.0862119 0.149101 0.181 0.160137 0.116041 0.0850295 0.0674981 0.0493888 0.030184 0.0159276 0.00768597 0.00338049 0.00131932 0.000465614 0.000159134 5.58065e-05
 4.21141e-11 1.98085e-09 6.45149e-08 1.45497e-06 2.27215e-05 0.000245701 0.00183979 0.00953988 0.0342612 0.0852814 0.147531 0.179279 0.15921 0.116619 0.0869495 0.0697254 0.0508204 0.0305336 0.0156855 0.00739711 0.00322859 0.00125314 0.000421659 0.000122763 3.13855e-05
 4.17233e-11 1.96246e-09 6.39162e-08 1.44147e-06 2.25106e-05 0.000243421 0.00182272 0.00945139 0.0339438 0.0844954 0.146199 0.177794 0.15832 0.116872 0.088245 0.0713751 0.0520891 0.0311516 0.0158232 0.00732515 0.00312229 0.00118068 0.00038673 0.000108693 2.58433e-05
 4.27822e-11 2.01227e-09 6.55383e-08 1.47805e-06 2.30819e-05 0.000249598 0.00186897 0.00969114 0.0348037 0.0866244 0.149805 0.18181 0.160711 0.11615 0.0847088 0.06696 0.0488378 0.0297209 0.0155812 0.00745573 0.00323864 0.00122638 0.000396932 0.000109233 2.52306e-05
 4.21e-11 1.98018e-09 6.44933e-08 1.45448e-06 2.27139e-05 0.000245618 0.00183918 0.00953667 0.0342496 0.0852512 0.14747 0.179167 0.158988 0.11621 0.086393 0.0692831 0.0507986 0.0309587 0.0162764 0.00786354 0.0034829 0.00135532 0.000451014 0.000126485 2.93537e-05
 4.2013e-11 1.97609e-09 6.436e-08 1.45148e-06 2.26669e-05 0.000245111 0.00183538 0.00951697 0.0341789 0.0850762 0.147174 0.178835 0.158784 0.116253 0.0866608 0.0696278 0.0510644 0.0310903 0.0163129 0.00786354 0.00348076 0.00135925 0.000456913 0.000130347 3.08874e-05
 4.12809e-11 1.94166e-09 6.32385e-08 1.42619e-06 2.22719e-05 0.00024084 0.0018034 0.00935119 0.0335841 0.0836018 0.144665 0.175984 0.15689 0.116223 0.0883427 0.0720491 0.053235 0.0325979 0.0172232 0.00835789 0.00371392 0.00145217 0.000488541 0.000139752 3.33331e-05
 4.17966e-11 1.96591e-09 6.40286e-08 1.444e-06 2.25502e-05 0.000243848 0.00182592 0.00946798 0.0340032 0.084641 0.146436 0.178012 0.15829 0.116389 0.0873666 0.070516 0.051727 0.0313944 0.0163796 0.00785049 0.0034637 0.0013518 0.00045506 0.000130319 3.11214e-05
 4.26723e-11 2.0071e-09 6.537e-08 1.47426e-06 2.30226e-05 0.000248957 0.00186418 0.00966627 0.0347145 0.0864034 0.14943 0.181388 0.160443 0.116179 0.0850025 0.0673355 0.0491126 0.0298508 0.0156417 0.00751863 0.0033111 0.00128436 0.000429207 0.000122243 2.91184e-05
 4.21126e-11 1.98078e-09 6.45126e-08 1.45492e-06 2.27207e-05 0.000245692 0.00183973 0.00953954 0.03426 0.0852783 0.147525 0.179272 0.159202 0.11661 0.0869421 0.069728 0.0508401 0.0305632 0.0157066 0.00739958 0.00321976 0.00124384 0.000415089 0.000117921 2.79645e-05
 4.23247e-11 1.99075e-09 6.48375e-08 1.46225e-06 2.28351e-05 0.000246929 0.00184899 0.00958756 0.0344321 0.0857033 0.148238 0.180029 0.159528 0.11613 0.0857541 0.0684575 0.0501663 0.0306325 0.0161365 0.00777784 0.0034136 0.00131153 0.000432647 0.000121631 2.86521e-05
 4.27415e-11 2.01036e-09 6.5476e-08 1.47665e-06 2.306e-05 0.000249361 0.0018672 0.00968195 0.0347709 0.0865453 0.149684 0.181739 0.160888 0.116767 0.0856868 0.0678056 0.0489969 0.029143 0.0147439 0.00683119 0.00293956 0.00112917 0.000375071 0.000105811 2.48465e-05
 4.13549e-11 1.94514e-09 6.33519e-08 1.42874e-06 2.23119e-05 0.000241272 0.00180663 0.00936798 0.0336447 0.0837551 0.144948 0.17641 0.157528 0.117211 0.0896074 0.0730345 0.053269 0.0316034 0.0158021 0.00716572 0.00299273 0.00111055 0.000357167 9.8568e-05 2.29239e-05
 4.1298e-11 1.94246e-09 6.32646e-08 1.42677e-06 2.22811e-05 0.000240939 0.00180414 0.00935503 0.0335977 0.0836336 0.144706 0.175966 0.156663 0.11563 0.0874634 0.0713386 0.0532015 0.0332588 0.018083 0.00894857 0.00395232 0.0014956 0.000478455 0.000129471 2.93565e-05
 4.04635e-11 1.90321e-09 6.19863e-08 1.39795e-06 2.18309e-05 0.000236071 0.00176769 0.00916609 0.0329201 0.0819557 0.141864 0.172798 0.154766 0.116164 0.0901715 0.0746725 0.055557 0.0342029 0.0182438 0.0090039 0.0040947 0.00163891 0.000558787 0.00015895 3.69627e-05
 4.0404e-11 1.90041e-09 6.18952e-08 1.39589e-06 2.17988e-05 0.000235724 0.00176509 0.00915262 0.0328717 0.0818357 0.141659 0.172564 0.154605 0.116149 0.0903 0.0748879 0.055793 0.0343961 0.0183411 0.0090032 0.00405288 0.0016103 0.000552691 0.000161456 3.91439e-05
 4.10385e-11 1.93025e-09 6.28671e-08 1.41781e-06 2.21411e-05 0.000239425 0.0017928 0.00929628 0.033387 0.0831123 0.143826 0.174999 0.15613 0.115918 0.0884698 0.0724772 0.0538647 0.0333327 0.0179127 0.00886679 0.00401236 0.00159548 0.000546157 0.000159143 3.87046e-05
 4.17115e-11 1.96191e-09 6.38982e-08 1.44106e-06 2.25043e-05 0.000243352 0.00182221 0.00944869 0.0339338 0.0844678 0.146132 0.17762 0.157872 0.115949 0.0869243 0.0702443 0.0518507 0.0319237 0.0170642 0.00841979 0.00381619 0.00152614 0.000525997 0.000154037 3.75473e-05
 4.30314e-11 2.02399e-09 6.59201e-08 1.48666e-06 2.32164e-05 0.000251052 0.00187986 0.00974757 0.035006 0.0871249 0.150649 0.182734 0.161204 0.115822 0.0836309 0.0656677 0.0479222 0.0293954 0.0156807 0.00771998 0.00349062 0.00139352 0.000480362 0.000141056 3.45413e-05
 4.06121e-11 1.9102e-09 6.2214e-08 1.40308e-06 2.19111e-05 0.000236938 0.00177418 0.00919976 0.033041 0.082257 0.142386 0.173441 0.155358 0.11663 0.0905015 0.0747627 0.0552479 0.0335118 0.0174283 0.00834582 0.0037036 0.00146487 0.000502752 0.000147301 3.60449e-05
 3.91578e-11 1.8418e-09 5.99861e-08 1.35284e-06 2.11265e-05 0.000228453 0.00171065 0.0088704 0.031859 0.0793229 0.137366 0.167605 0.151035 0.115336 0.09207 0.0781157 0.0594029 0.0377358 0.0209683 0.0106689 0.00487254 0.00192518 0.000650985 0.000187799 4.54723e-05
 3.99542e-11 1.87925e-09 6.12061e-08 1.38035e-06 2.15562e-05 0.0002331 0.00174544 0.00905075 0.0325061 0.0809275 0.140101 0.170735 0.153187 0.115565 0.090497 0.0756198 0.0568845 0.0357036 0.0196312 0.0100254 0.00469856 0.00193434 0.000680865 0.000201322 4.90427e-05
 3.95696e-11 1.86117e-09 6.0617e-08 1.36706e-06 2.13487e-05 0.000230856 0.00172864 0.00896364 0.0321933 0.0801496 0.13876 0.169126 0.151834 0.114759 0.0902379 0.0759331 0.0578724 0.0372174 0.0211751 0.0111508 0.00532355 0.00222125 0.000797008 0.000242474 6.10307e-05
 4.06739e-11 1.9131e-09 6.23086e-08 1.40521e-06 2.19444e-05 0.000237298 0.00177688 0.00921371 0.0330907 0.0823771 0.142569 0.173546 0.155079 0.11566 0.088929 0.0732858 0.0546963 0.0340801 0.0185985 0.00948236 0.00449246 0.00189686 0.000693798 0.000215203 5.52267e-05
 4.02262e-11 1.89205e-09 6.16227e-08 1.38975e-06 2.17029e-05 0.000234686 0.00175732 0.0091123 0.0327266 0.0814714 0.141007 0.171671 0.153494 0.114703 0.088612 0.0736733 0.0559348 0.0359668 0.0204754 0.0107766 0.00513747 0.0021451 0.000775585 0.000240307 6.228e-05
#obs surv len freq
 4.06414e-11 1.91157e-09 6.22587e-08 1.40409e-06 2.19269e-05 0.000237109 0.00177546 0.00920637 0.0330648 0.0823147 0.142479 0.173521 0.155324 0.116383 0.0900567 0.0742925 0.0549713 0.033526 0.0176734 0.00868314 0.00399904 0.00165169 0.000591432 0.000180204 4.60077e-05
 4.12891e-11 1.94204e-09 6.3251e-08 1.42647e-06 2.22764e-05 0.000240888 0.00180375 0.00935303 0.0335907 0.0836161 0.144678 0.175944 0.156679 0.115711 0.0875822 0.0713959 0.0531016 0.0330362 0.017896 0.00891548 0.00404625 0.00161602 0.000560644 0.000167646 4.22613e-05
 4.19e-11 1.97077e-09 6.41868e-08 1.44758e-06 2.2606e-05 0.000244451 0.00183044 0.00949138 0.0340872 0.0848488 0.146788 0.178403 0.158518 0.116303 0.0869898 0.0700296 0.0513333 0.0311874 0.0163427 0.00791767 0.00355989 0.00142556 0.000494089 0.000145779 3.59262e-05
 4.3359e-11 2.0394e-09 6.64219e-08 1.49798e-06 2.33931e-05 0.000252963 0.00189417 0.00982176 0.0352726 0.0877873 0.15179 0.184096 0.162331 0.116452 0.0837762 0.0653543 0.0471098 0.0281939 0.0144411 0.0067832 0.0029493 0.00114437 0.000386732 0.000112285 2.74044e-05
 4.11899e-11 1.93737e-09 6.3099e-08 1.42304e-06 2.22229e-05 0.000240309 0.00179942 0.00933061 0.0335108 0.0834229 0.144383 0.175769 0.157107 0.117217 0.0900004 0.0735783 0.053726 0.0318933 0.0159747 0.00728186 0.00307309 0.00115794 0.000379141 0.000106562 2.52598e-05
 4.27595e-11 2.0112e-09 6.55035e-08 1.47727e-06 2.30697e-05 0.000249466 0.00186798 0.009686 0.0347854 0.086579 0.149728 0.181728 0.160673 0.116193 0.0848284 0.0671012 0.0489374 0.0297525 0.0155581 0.00740761 0.00319247 0.00119636 0.00038287 0.000104362 2.39497e-05
 4.28612e-11 2.01598e-09 6.56593e-08 1.48078e-06 2.31245e-05 0.000250059 0.00187242 0.00970904 0.0348682 0.0867853 0.150087 0.182174 0.161098 0.116552 0.0850935 0.0671444 0.0486052 0.0291086 0.0149056 0.00699993 0.00303796 0.00116782 0.000384996 0.000106907 2.45416e-05
 4.25439e-11 2.00106e-09 6.51732e-08 1.46982e-06 2.29534e-05 0.000248208 0.00185856 0.0096372 0.0346105 0.0861476 0.149009 0.18098 0.160413 0.11684 0.0862635 0.068579 0.0496402 0.02952 0.0148939 0.00684854 0.0029071 0.00109728 0.000358432 9.99018e-05 2.326e-05
 4.191e-11 1.97124e-09 6.42021e-08 1.44792e-06 2.26114e-05 0.00024451 0.00183088 0.00949365 0.0340955 0.0848701 0.14683 0.178479 0.158665 0.116576 0.0873812 0.0704043 0.0515079 0.0310837 0.0160269 0.00752801 0.00322593 0.00121187 0.000390309 0.000106983 2.45873e-05
 4.16031e-11 1.95681e-09 6.3732e-08 1.43732e-06 2.24458e-05 0.00024272 0.00181747 0.00942416 0.0338463 0.0842532 0.145786 0.177321 0.157992 0.116829 0.0884649 0.07172 0.0524251 0.0314224 0.0160258 0.00746325 0.00320012 0.00121298 0.000394813 0.000108767 2.49143e-05
 4.20964e-11 1.98001e-09 6.44877e-08 1.45436e-06 2.27119e-05 0.000245597 0.00183902 0.00953586 0.0342468 0.0852447 0.147464 0.17918 0.159068 0.11641 0.0866991 0.0695694 0.0509086 0.0308464 0.0160288 0.00760474 0.00329195 0.00124897 0.000406039 0.000112047 2.57947e-05
 4.30988e-11 2.02716e-09 6.60233e-08 1.48899e-06 2.32527e-05 0.000251445 0.0018828 0.00976284 0.0350611 0.0872626 0.150893 0.183058 0.161578 0.116267 0.0841233 0.0660098 0.047863 0.0289123 0.0150219 0.0071576 0.00313051 0.00120563 0.000398035 0.000111099 2.57368e-05
 4.08532e-11 1.92154e-09 6.25833e-08 1.41141e-06 2.20412e-05 0.000238345 0.00178471 0.00925436 0.0332372 0.0827441 0.143224 0.174433 0.156156 0.117025 0.090513 0.0744625 0.0546644 0.032724 0.0166289 0.00772536 0.00332218 0.00127214 0.000421234 0.000118621 2.78065e-05
 4.2752e-11 2.01085e-09 6.5492e-08 1.47701e-06 2.30657e-05 0.000249422 0.00186766 0.0096843 0.0347793 0.0865632 0.149698 0.181677 0.160582 0.116034 0.0846127 0.0669209 0.0489049 0.0298875 0.0157735 0.00760235 0.0033215 0.00126444 0.000412031 0.000114355 2.66187e-05
 4.195e-11 1.97312e-09 6.42634e-08 1.4493e-06 2.26329e-05 0.000244743 0.00183262 0.00950271 0.034128 0.0849515 0.146974 0.178666 0.158871 0.116802 0.0876004 0.0704955 0.0513369 0.0306899 0.0156293 0.00730391 0.00317025 0.00122623 0.000408697 0.000115092 2.68384e-05
 3.92325e-11 1.84531e-09 6.01004e-08 1.35542e-06 2.11668e-05 0.000228889 0.00171392 0.00888735 0.0319204 0.0794794 0.137664 0.168096 0.151877 0.11677 0.0939726 0.0796225 0.0594868 0.0362922 0.0189228 0.00899926 0.00390326 0.00148603 0.000486901 0.000136225 3.1946e-05
 4.32788e-11 2.03562e-09 6.62989e-08 1.49521e-06 2.33498e-05 0.000252495 0.00189066 0.00980356 0.0352069 0.0876214 0.151485 0.183645 0.161676 0.115465 0.0825407 0.0644383 0.0471882 0.0293071 0.0159197 0.00793832 0.00357611 0.00139624 0.000463647 0.000129936 3.02733e-05
 3.81553e-11 1.79464e-09 5.84502e-08 1.3182e-06 2.05856e-05 0.000222605 0.00166686 0.00864344 0.0310455 0.0773129 0.133993 0.163991 0.149382 0.11736 0.0973416 0.0838618 0.062615 0.0377175 0.0193091 0.00911977 0.00403731 0.00160646 0.000553208 0.000160699 3.84211e-05
 4.20504e-11 1.97785e-09 6.44172e-08 1.45277e-06 2.26871e-05 0.000245329 0.001837 0.00952538 0.0342088 0.0851458 0.147264 0.178802 0.158304 0.114987 0.0847544 0.0680131 0.0508043 0.0322869 0.0180441 0.00920183 0.00417939 0.00163285 0.000545783 0.000156233 3.76384e-05
 4.04216e-11 1.90124e-09 6.1922e-08 1.3965e-06 2.18083e-05 0.000235826 0.00176586 0.0091566 0.0328862 0.0818721 0.141726 0.172663 0.154747 0.116357 0.0905381 0.0750008 0.0556239 0.0340022 0.0179808 0.0088593 0.00408018 0.00167531 0.000590162 0.000174033 4.21051e-05
 4.25666e-11 2.00213e-09 6.52079e-08 1.4706e-06 2.29656e-05 0.00024834 0.00185955 0.0096423 0.0346285 0.0861886 0.149054 0.180917 0.159979 0.115753 0.0846314 0.0671588 0.0493157 0.0304213 0.0163274 0.00806607 0.00364324 0.00145215 0.000502638 0.000149351 3.71202e-05
 4.23741e-11 1.99307e-09 6.49131e-08 1.46395e-06 2.28618e-05 0.000247218 0.00185115 0.00959875 0.0344726 0.0858057 0.148427 0.180316 0.159963 0.116805 0.0866016 0.0690603 0.0500456 0.0297923 0.0151001 0.00704185 0.00307393 0.00120841 0.000414044 0.000121249 2.97073e-05
 3.90843e-11 1.83834e-09 5.98734e-08 1.3503e-06 2.10868e-05 0.000228025 0.00170744 0.00885378 0.0317999 0.0791798 0.137149 0.167482 0.151377 0.116506 0.0939427 0.0798065 0.0598887 0.0368471 0.0194624 0.00937742 0.00410122 0.0015689 0.000517303 0.000146563 3.51131e-05
 4.15923e-11 1.9563e-09 6.37155e-08 1.43694e-06 2.244e-05 0.000242656 0.001817 0.00942167 0.0338368 0.0842248 0.145704 0.177066 0.157273 0.115303 0.0862777 0.0698839 0.0521284 0.0328186 0.0181256 0.0092051 0.00421676 0.00167142 0.00056264 0.000159509 3.75466e-05
 3.84501e-11 1.80851e-09 5.8902e-08 1.32839e-06 2.07447e-05 0.000224325 0.00167974 0.00871017 0.0312845 0.0779011 0.134964 0.164956 0.149549 0.116058 0.0947537 0.0812574 0.0614252 0.0382567 0.0207214 0.0104281 0.00484971 0.00199503 0.000704233 0.000208744 5.07524e-05
 4.06347e-11 1.91126e-09 6.22485e-08 1.40386e-06 2.19233e-05 0.00023707 0.00177517 0.00920483 0.0330589 0.0822968 0.142426 0.17335 0.154836 0.11535 0.0885932 0.0731182 0.0549057 0.0346142 0.0191392 0.00977344 0.00454436 0.00185485 0.000653873 0.000196599 4.91865e-05
 3.94303e-11 1.85461e-09 6.04035e-08 1.36225e-06 2.12735e-05 0.000230043 0.00172256 0.00893211 0.0320807 0.0798736 0.138314 0.168731 0.15195 0.115803 0.0920747 0.0776624 0.058475 0.0365236 0.019908 0.0100821 0.00470958 0.00194747 0.000695091 0.000210492 5.29184e-05
 4.18003e-11 1.96609e-09 6.40342e-08 1.44413e-06 2.25522e-05 0.00024387 0.00182608 0.00946878 0.0340058 0.0846435 0.146415 0.177866 0.157778 0.115237 0.0856787 0.0690577 0.051402 0.0323455 0.0179054 0.00917654 0.00429281 0.00176625 0.000628238 0.000190734 4.83024e-05
#pred catch len freq
 3.35419e-11 1.57765e-09 5.13831e-08 1.15882e-06 1.80966e-05 0.000195689 0.00146532 0.00759828 0.0272905 0.0679534 0.117712 0.143791 0.13014 0.100728 0.0827228 0.0735691 0.0612703 0.0466287 0.0349594 0.0270275 0.0217824 0.0184715 0.015881 0.0125585 0.0082342
 3.78508e-11 1.78032e-09 5.79838e-08 1.30768e-06 2.04213e-05 0.000220828 0.00165356 0.0085744 0.0307968 0.0766875 0.132866 0.162409 0.147296 0.114415 0.0934901 0.0801076 0.0604185 0.0377225 0.0211347 0.0120405 0.00743151 0.00501128 0.00360359 0.0025382 0.00155997
 3.70139e-11 1.74096e-09 5.67018e-08 1.27877e-06 1.99698e-05 0.000215946 0.00161701 0.00838498 0.0301181 0.0750137 0.130077 0.159524 0.146352 0.117139 0.0996898 0.0873318 0.0657465 0.0398854 0.0205999 0.00985441 0.00453629 0.00206991 0.00100729 0.000535137 0.000279992
 3.83142e-11 1.80212e-09 5.86938e-08 1.32369e-06 2.06713e-05 0.000223532 0.0016738 0.0086794 0.0311741 0.0776288 0.134509 0.164475 0.149354 0.116407 0.0956092 0.082253 0.0621202 0.0384428 0.0204671 0.00995246 0.00439916 0.00172117 0.000608157 0.000207975 7.29545e-05
 3.81209e-11 1.79303e-09 5.83977e-08 1.31701e-06 2.05671e-05 0.000222404 0.00166536 0.00863566 0.0310174 0.0772426 0.133867 0.163822 0.149177 0.117106 0.0970667 0.0837136 0.062758 0.038121 0.0197391 0.009376 0.00411231 0.00160003 0.000538967 0.000156996 4.01475e-05
 3.728e-11 1.75348e-09 5.71096e-08 1.28796e-06 2.01134e-05 0.000217499 0.00162863 0.00844526 0.0303345 0.075551 0.130998 0.160602 0.147178 0.117463 0.0995757 0.0870088 0.0654 0.0395689 0.0202734 0.00946127 0.00405535 0.00153788 0.000504383 0.000141846 3.3736e-05
 3.80906e-11 1.7916e-09 5.83512e-08 1.31597e-06 2.05507e-05 0.000222227 0.00166404 0.00862878 0.0309925 0.0771793 0.133748 0.163631 0.148862 0.116589 0.0964059 0.0832473 0.0628676 0.0387927 0.0205418 0.00991544 0.00433172 0.00164498 0.000533115 0.000146804 3.39201e-05
 3.75725e-11 1.76723e-09 5.75576e-08 1.29807e-06 2.02712e-05 0.000219205 0.00164141 0.00851146 0.0305717 0.0761362 0.131975 0.161622 0.14755 0.116626 0.0976667 0.0849791 0.0643117 0.0396935 0.0210641 0.0102603 0.00456878 0.00178256 0.000593886 0.000166646 3.86848e-05
 3.739e-11 1.75865e-09 5.7278e-08 1.29176e-06 2.01727e-05 0.00021814 0.00163343 0.00847014 0.0304235 0.0757691 0.131351 0.160921 0.147109 0.116686 0.0981839 0.0856646 0.0648637 0.0400007 0.0211881 0.0102997 0.0045842 0.00179501 0.000604132 0.000172444 4.08745e-05
 3.70073e-11 1.74065e-09 5.66917e-08 1.27854e-06 1.99663e-05 0.000215907 0.00161672 0.00838347 0.0301125 0.074998 0.130038 0.15942 0.146083 0.116592 0.0989509 0.0868374 0.0659867 0.0408645 0.0217725 0.0106434 0.0047521 0.00186247 0.00062724 0.000179519 4.28289e-05
 3.73445e-11 1.75651e-09 5.72083e-08 1.29019e-06 2.01482e-05 0.000217875 0.00163145 0.00845984 0.0303866 0.0756781 0.1312 0.160766 0.147062 0.11684 0.0985138 0.0860014 0.0650213 0.0399415 0.0210261 0.0101584 0.00450569 0.00176308 0.000594204 0.00017026 4.06706e-05
 3.83853e-11 1.80546e-09 5.88027e-08 1.32615e-06 2.07097e-05 0.000223947 0.00167691 0.00869551 0.031232 0.0777728 0.134758 0.164777 0.149621 0.116592 0.0957051 0.0822233 0.061917 0.0381096 0.0201496 0.00976188 0.00432115 0.00168043 0.000562215 0.000160214 3.81732e-05
 3.75124e-11 1.76441e-09 5.74656e-08 1.29599e-06 2.02388e-05 0.000218854 0.00163878 0.00849787 0.0305231 0.0760176 0.131785 0.161463 0.147637 0.117157 0.098578 0.0858286 0.0645949 0.0393225 0.0203973 0.00969179 0.00424161 0.00164334 0.000549121 0.00015609 3.70271e-05
 3.83513e-11 1.80386e-09 5.87507e-08 1.32497e-06 2.06914e-05 0.000223749 0.00167543 0.00868782 0.0312043 0.0777039 0.134638 0.164631 0.149488 0.11649 0.0956436 0.0822343 0.0620385 0.0383169 0.0203484 0.00987669 0.00435443 0.00167677 0.000553707 0.000155743 3.6697e-05
 3.88956e-11 1.82946e-09 5.95844e-08 1.34378e-06 2.0985e-05 0.000226924 0.0016992 0.00881108 0.0316468 0.0788034 0.136527 0.166861 0.151257 0.117307 0.0955327 0.0813644 0.06051 0.0363884 0.0185527 0.00865765 0.00374402 0.0014418 0.000479448 0.000135324 3.17847e-05
 3.63704e-11 1.71069e-09 5.57161e-08 1.25654e-06 1.96226e-05 0.000212192 0.0015889 0.00823929 0.0295957 0.0737214 0.127897 0.157134 0.145065 0.117955 0.102436 0.0906746 0.0682244 0.0409796 0.0206868 0.00946765 0.00398018 0.00148203 0.000477384 0.000131841 3.06731e-05
 3.66727e-11 1.72491e-09 5.61792e-08 1.26698e-06 1.97857e-05 0.000213955 0.0016021 0.00830768 0.0298404 0.074321 0.128869 0.158013 0.144883 0.115846 0.0986838 0.0871406 0.0670075 0.0424211 0.0232797 0.0116091 0.00515193 0.00195414 0.000625844 0.000169454 3.84342e-05
 3.59987e-11 1.69321e-09 5.51467e-08 1.24369e-06 1.94221e-05 0.000210023 0.00157266 0.00815508 0.0292931 0.0729667 0.126581 0.155486 0.143453 0.116499 0.101178 0.0900477 0.0688435 0.0428586 0.0230579 0.0114661 0.00523971 0.0021021 0.000717441 0.000204176 4.7491e-05
 3.58214e-11 1.68487e-09 5.4875e-08 1.23757e-06 1.93264e-05 0.000208989 0.00156491 0.00811492 0.029149 0.0726096 0.125973 0.154794 0.14299 0.116485 0.101587 0.0906684 0.0694466 0.0433054 0.0232959 0.0115239 0.00521333 0.0020764 0.000713444 0.000208523 5.05677e-05
 3.64097e-11 1.71254e-09 5.57763e-08 1.25789e-06 1.96438e-05 0.000212421 0.00159061 0.00824814 0.0296269 0.0737931 0.12798 0.157043 0.144377 0.116212 0.0998038 0.0883598 0.0676461 0.0423744 0.0229821 0.0114665 0.00521483 0.00207869 0.000712353 0.000207679 5.05221e-05
 3.6966e-11 1.73871e-09 5.66285e-08 1.27711e-06 1.9944e-05 0.000215667 0.00161491 0.00837412 0.0300789 0.0749136 0.129887 0.159216 0.145837 0.116281 0.098588 0.0865613 0.0659778 0.0411559 0.0222151 0.0110544 0.00503733 0.00201976 0.000696941 0.00020421 4.97904e-05
 3.84829e-11 1.81005e-09 5.89523e-08 1.32952e-06 2.07624e-05 0.000224516 0.00168117 0.00871761 0.0313111 0.0779675 0.135079 0.165096 0.149674 0.116152 0.0948293 0.0813242 0.0614679 0.0382351 0.0206007 0.0102287 0.00465001 0.00186126 0.000642352 0.000188728 4.62274e-05
 3.54129e-11 1.66566e-09 5.42493e-08 1.22346e-06 1.91061e-05 0.000206606 0.00154707 0.00802245 0.0288175 0.07179 0.124594 0.153301 0.142249 0.117163 0.103527 0.0928477 0.0707612 0.0434726 0.0228388 0.0110395 0.00492964 0.00195584 0.000672171 0.000197062 4.82359e-05
 3.44731e-11 1.62145e-09 5.28095e-08 1.19099e-06 1.8599e-05 0.000201122 0.00150601 0.00780957 0.0280532 0.0698899 0.121322 0.149402 0.13904 0.115415 0.103229 0.0939364 0.0733295 0.0471103 0.026407 0.013533 0.00620761 0.00245788 0.000831937 0.000240121 5.81562e-05
 3.44778e-11 1.62167e-09 5.28168e-08 1.19115e-06 1.86015e-05 0.00020115 0.00150622 0.00781065 0.0280572 0.0699008 0.121348 0.149466 0.1392 0.115732 0.10364 0.0941698 0.0731112 0.0465203 0.0258596 0.0133295 0.00628283 0.00259355 0.000913986 0.000270403 6.58891e-05
 3.49044e-11 1.64174e-09 5.34703e-08 1.20589e-06 1.88317e-05 0.000203639 0.00152486 0.00790723 0.0284033 0.0707554 0.122779 0.150979 0.139822 0.114688 0.101127 0.0914781 0.0716561 0.0466279 0.0267683 0.0141972 0.00680652 0.00284565 0.00102197 0.000311048 7.83077e-05
 3.4998e-11 1.64614e-09 5.36137e-08 1.20912e-06 1.88822e-05 0.000204185 0.00152895 0.00792846 0.0284799 0.0709491 0.123135 0.151511 0.140607 0.115885 0.102622 0.0925601 0.0714951 0.0452082 0.0249628 0.0128568 0.00612952 0.00259572 0.000950624 0.000295033 7.57337e-05
 3.45986e-11 1.62735e-09 5.30018e-08 1.19532e-06 1.86667e-05 0.000201855 0.0015115 0.00783797 0.0281548 0.070139 0.121728 0.149774 0.138988 0.114581 0.101695 0.0923836 0.0725601 0.0473565 0.0272713 0.0144856 0.00694298 0.00290639 0.00105207 0.000326157 8.4553e-05
#obs catch len freq
 3.62344e-11 1.70429e-09 5.55076e-08 1.25184e-06 1.95492e-05 0.000211398 0.00158295 0.00820839 0.029484 0.0734347 0.127343 0.156192 0.143378 0.115006 0.0984803 0.0875106 0.0679799 0.0438696 0.0248111 0.0128453 0.0059766 0.00243856 0.000875769 0.000276626 7.46425e-05
 3.50989e-11 1.65088e-09 5.37681e-08 1.21261e-06 1.89366e-05 0.000204773 0.00153335 0.00795132 0.0285624 0.0711566 0.123511 0.152049 0.141342 0.116936 0.103912 0.0935264 0.0714551 0.0441038 0.0234417 0.0116006 0.00536837 0.00222275 0.000796893 0.00024297 6.20574e-05
 3.62026e-11 1.70279e-09 5.54589e-08 1.25074e-06 1.95321e-05 0.000211213 0.00158156 0.00820122 0.0294586 0.0733751 0.127265 0.156214 0.143766 0.11604 0.100047 0.0888604 0.0682526 0.0429699 0.0234553 0.0117571 0.00535691 0.00214394 0.000744629 0.000222809 5.61894e-05
 3.70679e-11 1.7435e-09 5.67846e-08 1.28064e-06 1.9999e-05 0.000216261 0.00161936 0.0083972 0.030162 0.0751211 0.130252 0.159689 0.146347 0.116827 0.099134 0.0868654 0.0657447 0.0404062 0.0213282 0.010397 0.00469384 0.0018837 0.000653591 0.000192957 4.75701e-05
 3.86806e-11 1.81935e-09 5.92551e-08 1.33635e-06 2.08691e-05 0.00022567 0.00168981 0.0087624 0.0314722 0.0783696 0.135784 0.165994 0.150601 0.117078 0.0957098 0.0818117 0.0611097 0.0370348 0.019113 0.00903527 0.00394576 0.00153463 0.000519247 0.000150863 3.68345e-05
 3.61502e-11 1.70033e-09 5.53786e-08 1.24893e-06 1.95038e-05 0.000210907 0.00157928 0.00818942 0.0294169 0.0732782 0.127144 0.156287 0.144529 0.118019 0.103042 0.0914673 0.0688431 0.0413126 0.0208391 0.00956068 0.00405351 0.00153124 0.000502025 0.000141203 3.34859e-05
 3.77968e-11 1.77778e-09 5.79011e-08 1.30582e-06 2.03922e-05 0.000220513 0.0016512 0.00856225 0.0307541 0.0765883 0.132746 0.162508 0.148172 0.116731 0.0973091 0.0844226 0.0637984 0.039287 0.0207062 0.00992293 0.00429495 0.00161324 0.000516926 0.000141008 3.2375e-05
 3.81307e-11 1.79349e-09 5.84127e-08 1.31735e-06 2.05724e-05 0.000222462 0.00166579 0.00863788 0.0310256 0.0772628 0.133903 0.163872 0.14924 0.117191 0.0971687 0.0837921 0.0627619 0.0380439 0.0196254 0.00927497 0.00404283 0.0015577 0.00051413 0.000142859 3.28078e-05
 3.75043e-11 1.76402e-09 5.74531e-08 1.29571e-06 2.02344e-05 0.000218807 0.00163843 0.00849605 0.0305168 0.0760032 0.13177 0.161493 0.147815 0.117597 0.0992401 0.0864144 0.0647503 0.0389825 0.0198205 0.00917642 0.00391408 0.00148125 0.000484515 0.000135147 3.14804e-05
 3.71738e-11 1.74848e-09 5.69468e-08 1.28429e-06 2.00561e-05 0.000216879 0.00162399 0.00842119 0.0302481 0.0753358 0.130625 0.160148 0.146775 0.117177 0.0994173 0.0870367 0.0656984 0.0400922 0.0208158 0.00983538 0.00423165 0.00159314 0.000513688 0.000140895 3.23945e-05
 3.66001e-11 1.72149e-09 5.60679e-08 1.26447e-06 1.97466e-05 0.000213532 0.00159893 0.00829129 0.0297823 0.0741822 0.128671 0.157967 0.14546 0.117525 0.101266 0.0893565 0.0674127 0.0408666 0.0209948 0.00984033 0.00423822 0.00161033 0.000524794 0.000144677 3.31541e-05
 3.69971e-11 1.74016e-09 5.6676e-08 1.27819e-06 1.99607e-05 0.000215848 0.00161627 0.00838116 0.0301045 0.0749791 0.130015 0.159437 0.146242 0.117002 0.0995792 0.0874091 0.0661722 0.0405908 0.0212574 0.0101524 0.00441438 0.00167883 0.000546475 0.000150913 3.47578e-05
 3.8221e-11 1.79773e-09 5.8551e-08 1.32047e-06 2.06211e-05 0.000222988 0.00166973 0.00865831 0.0310987 0.077443 0.134202 0.164173 0.149311 0.116838 0.0964479 0.0830721 0.0624498 0.0382138 0.0200119 0.0095983 0.00421659 0.00162772 0.000538043 0.000150283 3.48287e-05
 3.57199e-11 1.68009e-09 5.47194e-08 1.23406e-06 1.92717e-05 0.000208396 0.00156048 0.00809197 0.0290672 0.0724106 0.125662 0.154577 0.143307 0.117759 0.103676 0.0925794 0.0700386 0.0423863 0.0216947 0.0101445 0.00438244 0.00168227 0.000557742 0.000157173 3.68591e-05
 3.78914e-11 1.78223e-09 5.8046e-08 1.30908e-06 2.04432e-05 0.000221065 0.00165533 0.00858365 0.0308308 0.0767778 0.133063 0.162845 0.148315 0.11651 0.0967607 0.083819 0.0634419 0.0392643 0.0208828 0.0101281 0.00444324 0.00169518 0.000553043 0.0001536 3.57695e-05
 3.68416e-11 1.73285e-09 5.64378e-08 1.27282e-06 1.98768e-05 0.000214941 0.00160948 0.00834597 0.0299784 0.0746683 0.129497 0.158905 0.146079 0.11752 0.10068 0.0885039 0.0666234 0.0403057 0.0206842 0.00973221 0.00424433 0.00164584 0.000549254 0.000154783 3.61092e-05
 3.39386e-11 1.59631e-09 5.19907e-08 1.17252e-06 1.83106e-05 0.000198004 0.00148267 0.0076886 0.02762 0.0688221 0.119549 0.147596 0.138551 0.117363 0.107313 0.0981168 0.0753291 0.0464284 0.0243794 0.0116665 0.00508141 0.00193894 0.000636063 0.000178084 4.17801e-05
 3.82606e-11 1.79959e-09 5.86116e-08 1.32184e-06 2.06424e-05 0.000223219 0.00167146 0.00866724 0.0311304 0.077518 0.134306 0.164177 0.148928 0.115771 0.0948133 0.0816518 0.062145 0.039142 0.0214431 0.0107634 0.00486893 0.00190515 0.00063338 0.00017763 4.14033e-05
 3.26093e-11 1.53379e-09 4.99544e-08 1.1266e-06 1.75935e-05 0.000190249 0.00142461 0.00738762 0.0265405 0.0661487 0.115019 0.142533 0.135478 0.118105 0.111487 0.103357 0.0791788 0.048161 0.024833 0.011808 0.00525215 0.00209508 0.000722364 0.000209976 5.02219e-05
 3.66817e-11 1.72533e-09 5.61928e-08 1.26729e-06 1.97906e-05 0.000214008 0.00160249 0.00830968 0.0298474 0.0743357 0.128878 0.157944 0.144567 0.115097 0.097573 0.0861764 0.0667862 0.0430318 0.0242569 0.0124509 0.00567766 0.0022229 0.000743904 0.000213108 5.13645e-05
 3.50775e-11 1.64988e-09 5.37354e-08 1.21187e-06 1.89251e-05 0.000204649 0.00153242 0.00794648 0.028545 0.0711133 0.123436 0.151958 0.14126 0.116877 0.103878 0.0935312 0.071518 0.0442181 0.0235654 0.0116896 0.00540774 0.00222548 0.000784861 0.00023159 5.60507e-05
 3.78082e-11 1.77831e-09 5.79185e-08 1.30621e-06 2.03983e-05 0.00022058 0.0016517 0.0085648 0.030763 0.0766086 0.132767 0.162468 0.147926 0.116121 0.0963798 0.0835694 0.0634995 0.0396568 0.0214448 0.0106579 0.00483253 0.00193012 0.000668806 0.000198851 4.94414e-05
 3.69537e-11 1.73812e-09 5.66096e-08 1.27669e-06 1.99373e-05 0.000215595 0.00161438 0.00837136 0.0300695 0.0748944 0.129884 0.159351 0.146399 0.117589 0.100509 0.0881878 0.0662569 0.0399606 0.0204264 0.00959887 0.00421273 0.00166087 0.000569898 0.000167022 4.09408e-05
 3.35553e-11 1.57828e-09 5.14035e-08 1.15928e-06 1.81038e-05 0.000195768 0.00146593 0.00760179 0.0273085 0.0680488 0.118226 0.146059 0.137417 0.117032 0.10774 0.0990098 0.0764202 0.0475242 0.0252914 0.0122653 0.00538747 0.00206574 0.000681979 0.000193365 4.63473e-05
 3.58933e-11 1.68825e-09 5.49852e-08 1.24006e-06 1.93653e-05 0.000209408 0.00156805 0.00813118 0.0292072 0.0727502 0.12619 0.154938 0.142735 0.115517 0.10002 0.0892632 0.0690753 0.044097 0.0245771 0.0125714 0.00578459 0.00229822 0.00077461 0.000219771 5.17563e-05
 3.30374e-11 1.55392e-09 5.06102e-08 1.14139e-06 1.78245e-05 0.000192747 0.0014433 0.00748451 0.0268875 0.0670035 0.116435 0.143962 0.135813 0.116418 0.108026 0.099828 0.0775 0.0487662 0.0266079 0.0134743 0.00629156 0.00259352 0.000916457 0.000271809 6.61087e-05
 3.50122e-11 1.64681e-09 5.36354e-08 1.20961e-06 1.88899e-05 0.000204268 0.00152956 0.00793166 0.0284914 0.0709761 0.123173 0.151518 0.14049 0.115554 0.102138 0.0922166 0.0715984 0.0457162 0.0254942 0.0131078 0.00612079 0.00250387 0.000883728 0.000265896 6.65518e-05
 3.37711e-11 1.58843e-09 5.17342e-08 1.16674e-06 1.82203e-05 0.000197027 0.00147535 0.00765064 0.0274834 0.0684796 0.118939 0.146773 0.137563 0.116123 0.10587 0.0970108 0.0752703 0.0475612 0.026136 0.0133266 0.00625224 0.00259119 0.000925922 0.000280579 7.0566e-05
#spawning biomass
 32231 27499.3 26854.6 28734 31131.2 29991.5 32119.6 39941.9 44425.5 49871.2 47788.6 51150.1 56463.8 64780.9 63668.5 62497.5 73625 76008.2 70191.4 67028.1 68773.5 78676.6 94429.5 106512 92301.5 104091 92414.1 116770 136054 213133 153145 98306.6 64183.6 45607.9 36223.5 31696 29575.7 28601.9 28160.7 27962.5 27874.1 27834.7 27817.3 27809.6 27806.2 27804.7 27804.1 27803.8 27803.6 27803.6 27803.6 27803.6 27803.5 27803.5 27803.5 27803.5 27803.5 27803.5 27803.5 27803.5 27803.5 27803.5 27803.5 27803.5 27803.5 27803.5 27803.5 27803.5 27803.5 27803.5 27803.5 27803.5 27803.5 27803.5 27803.5 27803.5 27803.5 27803.5 27803.5 27803.5 27803.5 27803.5 27803.5 27803.5 27803.5 27803.5 27803.5 27803.5 27803.5 27803.5 27803.5 27803.5 27803.5 27803.5 27803.5 27803.5 27803.5 27803.5 27803.5 27803.5 27803.5 27803.5 27803.5 27803.5 27803.5 27803.5 27803.5 27803.5 27803.5 27803.5 27803.5 27803.5 27803.5 27803.5 27803.5 27803.5 27803.5 27803.5 27803.5 27803.5 27803.5 27803.5 27803.5 27803.5 27803.5 27803.5 27803.5 27803.5 0 0 0 0 0 0 0 0 0 0 0 0 0 0 0 0 0 0 0 0 0 0 0 0 0
