SBPRF35
0.310173
Curr Bio
31703.5
B35
92645.5
F35
0.407097
FOFL
0.160661
OFL
7750.5
Bzero
88620.8
#pred survey bio
 5518.23 6298.91 7182.4 8985.91 11444.3 14250.2 13999.5 13083.6 21358.6 33975.7 33785.7 39014.1 61813.3 73219.8 61244.1 53104.9 50097.8 54614.2 51891.3 51513.9 53627.6 58325.2 63373.9 67814.1 71819.6 68779.7 64236.3 64344.6 82567.4 3.39435e+06 2.73329e+06 2.55792e+06 2.04465e+06 1.61606e+06 1.33828e+06 1.17459e+06 1.08207e+06 1.03053e+06 1.00172e+06 985350 975805 970060 966481 964174 962639 961604 960892 960394 960043 959793 959615 959486 959394 959327 959279 959244 959219 959201 959188 959178 959171 959166 959163 959160 959158 959157 959156 959155 959155 959154 959154 959154 959154 959153 959153 959153 959153 959153 959153 959153 959153 959153 959153 959153 959153 959153 959153 959153 959153 959153 959153 959153 959153 959153 959153 959153 959153 959153 959153 959153 959153 959153 959153 959153 959153 959153 959153 959153 959153 959153 959153 959153 959153 959153 959153 959153 959153 959153 959153 959153 959153 959153 959153 959153 959153 959153 959153 959153 959153 0 0 0 0 0 0 0 0 0 0 0 0 0 0 0 0 0 0 0 0 0 0 0 0 0
#obs survey bio
 4525.34 9084.14 10599.5 11076.5 12321 16251.1 16572.8 19256.1 35200.9 28255.3 30912 61619.6 107115 59184.1 63960.2 48031.1 42129.4 73798.2 45458.9 51200.5 64624.1 119460 52683.3 61011.5 97270.5 83955.7 50706.5 66583.2 116924
#pred catch bio
 2785.21 3519.23 3746.25 4800.12 5802.96 8137.05 9207.44 7092.16 8310 20665 22917.5 19040.6 34107.4 49743 41398.7 37032.4 30707.4 37070.5 34357.1 33336.4 34245.5 35699 40547.9 43799.6 47276.1 45484.8 43509.2 39820.2 51922.1 7750.5 31492.4 31900.4 24778.1 18701 14904.2 12770.2 11633.8 11048.2 10752.9 10606 10533.7 10498.3 10481.1 10472.7 10468.7 10466.7 10465.8 10465.3 10465.1 10465 10465 10464.9 10464.9 10464.9 10464.9 10464.9 10464.9 10464.9 10464.9 10464.9 10464.9 10464.9 10464.9 10464.9 10464.9 10464.9 10464.9 10464.9 10464.9 10464.9 10464.9 10464.9 10464.9 10464.9 10464.9 10464.9 10464.9 10464.9 10464.9 10464.9 10464.9 10464.9 10464.9 10464.9 10464.9 10464.9 10464.9 10464.9 10464.9 10464.9 10464.9 10464.9 10464.9 10464.9 10464.9 10464.9 10464.9 10464.9 10464.9 10464.9 10464.9 10464.9 10464.9 10464.9 10464.9 10464.9 10464.9 10464.9 10464.9 10464.9 10464.9 10464.9 10464.9 10464.9 10464.9 10464.9 10464.9 10464.9 10464.9 10464.9 10464.9 10464.9 10464.9 10464.9 10464.9 10464.9 10464.9 10464.9 10464.9 0 0 0 0 0 0 0 0 0 0 0 0 0 0 0 0 0 0 0 0 0 0 0 0 0
#obs catch bio
 3206.14 3499.09 3686.53 4690.72 5717.54 7972.31 9232.56 7114.44 7951.88 19772.8 23830.2 18361.3 32595.7 49394.2 41528.4 37970.1 30750.3 37237.8 34779.4 33435.4 34594.5 34446.4 40367.6 44276.8 47103.4 45074.8 44064.6 39987.4 52247.3
#pred cpue bio
 3811.69 4134.53 4591.52 5727.1 7156.76 9276.35 9591.86 8195.96 11888.5 21933.6 22180.8 22005.7 37144.1 47478.8 40386.2 34295.7 30498.2 34669.3 32378.9 32262.6 33315.6 35890.5 40208.1 41723.9 44557.7 44119.3 41103.4 39100.2 48256.4 2.06956e+06 2.22775e+06 2.36068e+06 1.89473e+06 1.46664e+06 1.18795e+06 1.02401e+06 931436 879884 851073 834703 825159 819413 815835 813527 811993 810958 810245 809748 809397 809147 808968 808840 808747 808681 808633 808598 808573 808555 808541 808532 808525 808520 808516 808514 808512 808510 808509 808509 808508 808508 808508 808507 808507 808507 808507 808507 808507 808507 808507 808507 808507 808507 808507 808507 808507 808507 808507 808507 808507 808507 808507 808507 808507 808507 808507 808507 808507 808507 808507 808507 808507 808507 808507 808507 808507 808507 808507 808507 808507 808507 808507 808507 808507 808507 808507 808507 808507 808507 808507 808507 808507 808507 808507 808507 808507 808507 808507 808507 808507 0 0 0 0 0 0 0 0 0 0 0 0 0 0 0 0 0 0 0 0 0 0 0 0 0
#obs cpue bio
 2873.16 4162.55 3767.3 7644.48 6432.37 11347.4 7212.19 6986.56 22956.7 28231.7 12296.1 40380.7 36336.9 46424.1 30573.7 30734.3 28034.3 30884.4 26843.9 29942.6 27671.6 39514.2 39434.4 34748.2 38324.8 45365.9 36619.8 39793.1 35325.6
#pred surv len freq
 2.14383e-27 2.16886e-27 6.17423e-27 1.3704e-21 8.15028e-17 1.11441e-12 3.50315e-09 2.53174e-06 0.000420644 0.0160683 0.141113 0.284911 0.132783 0.0283576 0.0873416 0.122756 0.0490371 0.036823 0.0317643 0.0193569 0.0148321 0.0114286 0.0104467 0.00893288 0.00362443
 2.1425e-27 2.16639e-27 5.95156e-27 1.29493e-21 7.70145e-17 1.05304e-12 3.31023e-09 2.39231e-06 0.00039748 0.0151834 0.133342 0.269223 0.12565 0.0315651 0.111656 0.156924 0.0601629 0.0378053 0.0297129 0.0122842 0.00670769 0.00385991 0.00272414 0.00201105 0.00078926
 2.14315e-27 2.1682e-27 6.15942e-27 1.36549e-21 8.12112e-17 1.11042e-12 3.49061e-09 2.52268e-06 0.000419139 0.0160108 0.140608 0.283893 0.132403 0.0307929 0.102521 0.144144 0.0570881 0.0411977 0.0322201 0.0112781 0.00456564 0.00162133 0.000707009 0.000389154 0.000138507
 2.14306e-27 2.16801e-27 6.13976e-27 1.35882e-21 8.08142e-17 1.10499e-12 3.47355e-09 2.51035e-06 0.00041709 0.0159326 0.139921 0.282505 0.131774 0.0311227 0.104952 0.147516 0.0575176 0.0389621 0.0306941 0.0118584 0.00498497 0.00137823 0.000333495 9.96459e-05 2.76637e-05
 2.14369e-27 2.16955e-27 6.30121e-27 1.41358e-21 8.4071e-17 1.14952e-12 3.61353e-09 2.61151e-06 0.000433899 0.0165746 0.145559 0.293889 0.137023 0.0307503 0.0992481 0.139456 0.0544207 0.0369799 0.0289371 0.0106804 0.00443544 0.00129612 0.00026593 4.05317e-05 6.15645e-06
 2.14206e-27 2.16556e-27 5.8796e-27 1.27057e-21 7.55655e-17 1.03322e-12 3.24795e-09 2.3473e-06 0.000390001 0.0148978 0.130833 0.264158 0.123327 0.0320558 0.116179 0.16334 0.0631069 0.0410508 0.0320113 0.0119547 0.00495647 0.00141009 0.000287989 3.64543e-05 2.88925e-06
 2.14021e-27 2.16111e-27 5.42136e-27 1.11518e-21 6.63241e-17 9.06864e-13 2.85074e-09 2.06024e-06 0.000342305 0.0130758 0.114833 0.231854 0.108407 0.0324596 0.12838 0.180743 0.0720381 0.053289 0.0418677 0.0148201 0.00585652 0.00165589 0.000332567 4.04594e-05 2.58109e-06
 2.14405e-27 2.17048e-27 6.40744e-27 1.44965e-21 8.62163e-17 1.17885e-12 3.70575e-09 2.67815e-06 0.000444971 0.0169976 0.149274 0.301389 0.140452 0.0297321 0.0907719 0.12762 0.0517581 0.0408337 0.0324697 0.0119164 0.00478423 0.00127918 0.00024439 2.90477e-05 1.75736e-06
 2.14676e-27 2.17701e-27 7.07822e-27 1.67709e-21 9.97432e-17 1.36381e-12 4.28716e-09 3.09834e-06 0.000514784 0.0196644 0.172694 0.348673 0.162297 0.0293104 0.0739457 0.103583 0.0389341 0.0221701 0.0171814 0.00693789 0.00305457 0.000854312 0.000163079 1.84835e-05 1.07565e-06
 2.14156e-27 2.16421e-27 5.72171e-27 1.21693e-21 7.23757e-17 9.89609e-13 3.11085e-09 2.24822e-06 0.000373538 0.0142689 0.12531 0.253008 0.11824 0.0338518 0.130503 0.183335 0.0675275 0.034239 0.0255015 0.00890371 0.00357537 0.0010998 0.000231343 2.69918e-05 1.53475e-06
 2.14209e-27 2.1657e-27 5.90261e-27 1.27841e-21 7.60322e-17 1.0396e-12 3.26801e-09 2.3618e-06 0.00039241 0.0149898 0.131641 0.265789 0.124047 0.0311388 0.11009 0.154949 0.062809 0.0493783 0.0382858 0.0115552 0.00373385 0.000976797 0.000196294 2.47759e-05 1.48595e-06
 2.14643e-27 2.17619e-27 6.99172e-27 1.64776e-21 9.79984e-17 1.33995e-12 4.21216e-09 3.04414e-06 0.000505779 0.0193204 0.169673 0.342574 0.159484 0.0294887 0.0768731 0.107742 0.0408669 0.0243624 0.0187662 0.00693362 0.00268961 0.000609805 9.61607e-05 1.07718e-05 6.56252e-07
 2.14403e-27 2.17024e-27 6.35455e-27 1.43158e-21 8.51415e-17 1.16416e-12 3.65955e-09 2.64476e-06 0.000439424 0.0167857 0.147413 0.297632 0.13881 0.0322469 0.107256 0.15048 0.0547507 0.0256878 0.0188263 0.00642817 0.00244793 0.000666496 0.000115876 1.10018e-05 5.66622e-07
 2.14184e-27 2.16496e-27 5.81067e-27 1.24715e-21 7.4173e-17 1.01418e-12 3.1881e-09 2.30405e-06 0.000382814 0.0146232 0.128422 0.259291 0.1211 0.0326826 0.121473 0.170786 0.0655948 0.0414504 0.0312561 0.00920508 0.00286262 0.000721478 0.000131491 1.40359e-05 6.96487e-07
 2.1413e-27 2.16368e-27 5.67925e-27 1.20259e-21 7.15228e-17 9.77947e-13 3.07419e-09 2.22173e-06 0.000369136 0.0141008 0.123834 0.250027 0.116821 0.0327919 0.124932 0.175706 0.0678982 0.0441536 0.0338002 0.0109374 0.00369188 0.000801944 0.000120095 1.23474e-05 6.53572e-07
 2.14241e-27 2.16643e-27 5.97229e-27 1.30201e-21 7.74356e-17 1.05879e-12 3.32833e-09 2.40539e-06 0.000399653 0.0152665 0.134071 0.270695 0.126333 0.0316234 0.111569 0.156891 0.0615391 0.0426881 0.033028 0.0109509 0.00388025 0.000912189 0.000137458 1.21108e-05 5.73792e-07
 2.144e-27 2.17023e-27 6.36119e-27 1.43387e-21 8.52777e-17 1.16602e-12 3.6654e-09 2.64899e-06 0.000440127 0.0168125 0.147649 0.298108 0.139003 0.0315319 0.102748 0.144245 0.0541829 0.0306955 0.0231682 0.00779323 0.00281983 0.000681683 0.000108837 9.95449e-06 4.40011e-07
 2.14238e-27 2.16625e-27 5.94037e-27 1.29112e-21 7.67879e-17 1.04994e-12 3.30049e-09 2.38528e-06 0.00039631 0.0151388 0.132949 0.268431 0.125333 0.0328771 0.119905 0.168456 0.0631118 0.0352364 0.0263108 0.00826199 0.0027812 0.000683225 0.000113455 1.08821e-05 5.01775e-07
 2.14328e-27 2.16849e-27 6.18038e-27 1.37255e-21 8.1631e-17 1.11616e-12 3.50866e-09 2.53572e-06 0.000421305 0.0160936 0.141335 0.28536 0.133117 0.0317404 0.107864 0.151543 0.0579706 0.0359557 0.027131 0.00819898 0.00257896 0.000586701 9.19769e-05 8.96821e-06 4.30961e-07
 2.1429e-27 2.16753e-27 6.07445e-27 1.3366e-21 7.94927e-17 1.08692e-12 3.41675e-09 2.46929e-06 0.00041027 0.015672 0.137632 0.277886 0.12969 0.0324859 0.114667 0.161059 0.0603086 0.0335819 0.0251371 0.0080639 0.00271126 0.000597443 8.64807e-05 7.84767e-06 3.69125e-07
 2.14342e-27 2.16883e-27 6.21677e-27 1.3849e-21 8.23651e-17 1.1262e-12 3.54021e-09 2.55852e-06 0.000425094 0.0162383 0.142606 0.287927 0.134301 0.0316735 0.106682 0.149864 0.0572025 0.0351115 0.0265025 0.00813245 0.00262496 0.000606906 9.15072e-05 7.94302e-06 3.47396e-07
 2.14361e-27 2.16928e-27 6.26059e-27 1.39974e-21 8.32481e-17 1.13827e-12 3.57816e-09 2.58595e-06 0.000429652 0.0164124 0.144135 0.291013 0.135734 0.0318271 0.106689 0.149814 0.0563607 0.0321772 0.0242004 0.00783344 0.00267231 0.000601344 8.94198e-05 8.02791e-06 3.50713e-07
 2.14256e-27 2.16671e-27 5.99152e-27 1.30848e-21 7.78205e-17 1.06406e-12 3.34487e-09 2.41735e-06 0.000401639 0.0153423 0.134737 0.272041 0.126987 0.0324681 0.11632 0.163442 0.0618767 0.0364861 0.0274844 0.00868735 0.00291971 0.000688222 0.000106284 9.45831e-06 4.1606e-07
 2.14391e-27 2.17006e-27 6.34827e-27 1.42951e-21 8.50187e-17 1.16248e-12 3.65427e-09 2.64095e-06 0.00043879 0.0167615 0.1472 0.297203 0.138567 0.0310662 0.100178 0.140718 0.054248 0.0348939 0.0266177 0.00847612 0.00285592 0.00066093 0.000102336 9.44285e-06 4.22559e-07
 2.14311e-27 2.16801e-27 6.12233e-27 1.35282e-21 8.04577e-17 1.10012e-12 3.45823e-09 2.49927e-06 0.00041525 0.0158623 0.139303 0.281259 0.131254 0.0326043 0.114373 0.160591 0.0594198 0.0309423 0.022997 0.00758453 0.00266503 0.000621217 9.55579e-05 8.75779e-06 3.98421e-07
 2.14207e-27 2.16551e-27 5.86425e-27 1.26531e-21 7.52529e-17 1.02895e-12 3.23451e-09 2.33759e-06 0.000388387 0.0148361 0.130292 0.263065 0.122853 0.0328767 0.12152 0.170788 0.0647124 0.0383013 0.02863 0.00842956 0.00258848 0.000611095 9.71724e-05 8.95524e-06 4.05597e-07
 2.14256e-27 2.16676e-27 6.00276e-27 1.31233e-21 7.80492e-17 1.06718e-12 3.3547e-09 2.42445e-06 0.00040282 0.0153874 0.135133 0.27284 0.127334 0.0318668 0.112408 0.158026 0.0612981 0.0405313 0.0309938 0.00977486 0.0032017 0.000690298 9.95027e-05 9.20131e-06 4.2426e-07
 2.14413e-27 2.17055e-27 6.39621e-27 1.44576e-21 8.59846e-17 1.17569e-12 3.69579e-09 2.67096e-06 0.000443775 0.0169519 0.148873 0.300579 0.140137 0.0313057 0.100623 0.14127 0.0534198 0.0313248 0.023717 0.00785599 0.00276391 0.000632991 9.25237e-05 7.89448e-06 3.46176e-07
 2.14514e-27 2.17301e-27 6.65142e-27 1.5323e-21 9.11319e-17 1.24607e-12 3.91703e-09 2.83085e-06 0.000470341 0.0179667 0.157784 0.318572 0.14844 0.0309063 0.0927616 0.130113 0.0484493 0.0261584 0.0194661 0.00619796 0.0021131 0.000509683 8.08606e-05 7.21102e-06 3.08212e-07
#obs surv len freq
 8.6886e-40 4.25247e-33 4.78494e-27 1.23782e-21 7.36178e-17 1.00659e-12 3.16422e-09 2.28679e-06 0.000379954 0.0145137 0.12746 0.257348 0.120185 0.0322007 0.119115 0.167506 0.0649261 0.0428496 0.0334988 0.0125993 0.00536183 0.0016365 0.000364036 4.95722e-05 3.44302e-06
 1.03732e-39 5.07698e-33 5.7127e-27 1.47782e-21 8.78917e-17 1.20176e-12 3.77774e-09 2.73018e-06 0.000453623 0.0173278 0.152173 0.307244 0.143192 0.030596 0.0942811 0.132377 0.0508787 0.0323115 0.0250173 0.00908602 0.00370687 0.0010865 0.000233169 3.09272e-05 2.08791e-06
 9.68972e-40 4.74244e-33 5.33627e-27 1.38044e-21 8.21002e-17 1.12257e-12 3.52881e-09 2.55028e-06 0.000423733 0.0161861 0.142146 0.287 0.133917 0.0328342 0.114046 0.160035 0.0579034 0.026168 0.0191123 0.0067022 0.00261967 0.000734741 0.000149667 1.90046e-05 1.24206e-06
 1.04844e-39 5.13136e-33 5.77389e-27 1.49365e-21 8.88331e-17 1.21463e-12 3.8182e-09 2.75943e-06 0.000458482 0.0175134 0.153803 0.310535 0.144741 0.031338 0.0978197 0.137245 0.0510227 0.0272797 0.0200522 0.00582286 0.00179445 0.000469461 9.04403e-05 1.08662e-05 6.76599e-07
 9.86393e-40 4.82771e-33 5.43222e-27 1.40526e-21 8.35763e-17 1.14275e-12 3.59226e-09 2.59613e-06 0.000431351 0.0164771 0.144702 0.29216 0.136303 0.0328606 0.112653 0.158039 0.0568042 0.0244726 0.0174531 0.00543338 0.00175791 0.000384495 5.98193e-05 6.54804e-06 3.84006e-07
 8.12983e-40 3.97899e-33 4.47722e-27 1.15821e-21 6.88833e-17 9.41855e-13 2.96073e-09 2.13973e-06 0.000355518 0.0135803 0.119263 0.2408 0.112632 0.0348108 0.140038 0.196751 0.0719976 0.0350058 0.0252277 0.00704191 0.00197925 0.000443961 6.64024e-05 6.00272e-06 3.01037e-07
 7.90154e-40 3.86725e-33 4.3515e-27 1.12569e-21 6.69491e-17 9.15407e-13 2.87759e-09 2.07964e-06 0.000345535 0.013199 0.115914 0.234038 0.109458 0.0335563 0.134417 0.189099 0.0729682 0.0471086 0.0356204 0.0104562 0.00309203 0.000633024 8.53933e-05 7.44008e-06 3.31523e-07
 1.3303e-39 6.51089e-33 7.32616e-27 1.89521e-21 1.12715e-16 1.54118e-12 4.8447e-09 3.50128e-06 0.000581742 0.0222218 0.195152 0.394016 0.18319 0.0274534 0.0489444 0.0683082 0.0260549 0.0159542 0.0121831 0.00411321 0.00145929 0.000318136 4.31029e-05 3.44429e-06 1.41554e-07
 1.10433e-39 5.40494e-33 6.08172e-27 1.57328e-21 9.35691e-17 1.27939e-12 4.02177e-09 2.90654e-06 0.000482926 0.0184471 0.162003 0.32709 0.152445 0.0326609 0.100905 0.14122 0.0473208 0.00959954 0.00531221 0.00172222 0.000610343 0.000151849 2.41147e-05 2.03424e-06 8.08896e-08
 6.37526e-40 3.12025e-33 3.51095e-27 9.0825e-22 5.4017e-17 7.38585e-13 2.32175e-09 1.67793e-06 0.000278791 0.0106495 0.0935235 0.188834 0.0887535 0.0387195 0.179561 0.252249 0.088741 0.0321204 0.0212315 0.00453678 0.000648103 0.000128005 2.11275e-05 2.03817e-06 9.00281e-08
 1.23365e-39 6.03789e-33 6.79392e-27 1.75752e-21 1.04527e-16 1.42921e-12 4.49274e-09 3.24691e-06 0.000539479 0.0206074 0.180974 0.365392 0.169973 0.0278828 0.0601934 0.0843615 0.0344507 0.0277609 0.0211902 0.00534038 0.00114826 0.000168746 1.32233e-05 9.76264e-07 4.56957e-08
 1.17961e-39 5.7734e-33 6.49632e-27 1.68054e-21 9.99478e-17 1.36661e-12 4.29594e-09 3.10468e-06 0.000515847 0.0197047 0.173047 0.349387 0.162701 0.0312758 0.0857291 0.119876 0.0404198 0.00905452 0.00537653 0.00199893 0.000756078 0.000140936 1.34538e-05 6.96554e-07 1.91705e-08
 8.83002e-40 4.32168e-33 4.86282e-27 1.25797e-21 7.4816e-17 1.02297e-12 3.21573e-09 2.32401e-06 0.000386138 0.01475 0.129534 0.261538 0.122253 0.0357026 0.139231 0.195292 0.0671171 0.0192214 0.0118787 0.0025793 0.000407367 9.10474e-05 1.41477e-05 9.61646e-07 2.64647e-08
 9.22416e-40 4.51459e-33 5.07989e-27 1.31412e-21 7.81556e-17 1.06864e-12 3.35927e-09 2.42775e-06 0.000403374 0.0154084 0.135316 0.273211 0.127557 0.0332375 0.120665 0.169463 0.0626512 0.0323967 0.0231915 0.0053924 0.000955116 0.000136689 1.18295e-05 9.17762e-07 3.5788e-08
 7.37417e-40 3.60915e-33 4.06107e-27 1.05056e-21 6.24808e-17 8.54311e-13 2.68554e-09 1.94084e-06 0.000322474 0.0123181 0.108177 0.218419 0.102338 0.0362287 0.155439 0.2184 0.0788325 0.0349895 0.0249093 0.00722829 0.00202987 0.000336421 2.77429e-05 1.39266e-06 4.07265e-08
 1.12235e-39 5.49314e-33 6.18096e-27 1.59896e-21 9.5096e-17 1.30027e-12 4.0874e-09 2.95397e-06 0.000490806 0.0187482 0.164646 0.332427 0.154807 0.0298734 0.0822808 0.11542 0.0443852 0.0281971 0.0211057 0.00574784 0.00151991 0.000308083 3.69121e-05 2.15824e-06 5.35581e-08
 8.72022e-40 4.26794e-33 4.80236e-27 1.24232e-21 7.38857e-17 1.01025e-12 3.17574e-09 2.29511e-06 0.000381337 0.0145666 0.127924 0.258286 0.120748 0.0356728 0.140029 0.196427 0.0676128 0.0197523 0.0127889 0.00412406 0.00137324 0.000275704 3.37761e-05 2.46998e-06 7.9885e-08
 9.55573e-40 4.67687e-33 5.26248e-27 1.36135e-21 8.09649e-17 1.10705e-12 3.48002e-09 2.51501e-06 0.000417873 0.0159622 0.14018 0.283031 0.132081 0.032822 0.115168 0.1617 0.0597062 0.0306453 0.021917 0.00512892 0.00099386 0.000209858 3.04973e-05 2.33591e-06 8.36221e-08
 1.01094e-39 4.94787e-33 5.56742e-27 1.44024e-21 8.56564e-17 1.1712e-12 3.68167e-09 2.66075e-06 0.000442087 0.0168872 0.148303 0.299431 0.139656 0.0326262 0.10903 0.15292 0.0548314 0.0231951 0.0163523 0.00474094 0.0013321 0.000226063 2.23739e-05 1.72166e-06 6.86202e-08
 8.6275e-40 4.22256e-33 4.7513e-27 1.22912e-21 7.31001e-17 9.99512e-13 3.14197e-09 2.27071e-06 0.000377282 0.0144117 0.126563 0.25554 0.119454 0.0350313 0.136941 0.192224 0.0682094 0.0265911 0.0182509 0.00487181 0.00124748 0.000251521 3.04905e-05 1.93441e-06 6.2561e-08
 1.11224e-39 5.44364e-33 6.12526e-27 1.58455e-21 9.4239e-17 1.28855e-12 4.05056e-09 2.92735e-06 0.000486383 0.0185792 0.163163 0.329432 0.153453 0.0306727 0.0880627 0.12346 0.0457228 0.0238992 0.0173055 0.00447866 0.00106054 0.000197618 2.35501e-05 1.72127e-06 5.80563e-08
 8.88237e-40 4.34731e-33 4.89166e-27 1.26543e-21 7.52596e-17 1.02904e-12 3.23479e-09 2.33779e-06 0.000388427 0.0148374 0.130302 0.263089 0.122956 0.0353336 0.136511 0.191493 0.0662332 0.0203806 0.013259 0.00386407 0.00111768 0.000208303 2.28846e-05 1.57803e-06 5.52512e-08
 1.00248e-39 4.90646e-33 5.52083e-27 1.42819e-21 8.49396e-17 1.1614e-12 3.65086e-09 2.63848e-06 0.000438388 0.0167458 0.147062 0.296925 0.138484 0.0322628 0.107567 0.150961 0.0555776 0.0280312 0.0200208 0.00476571 0.000947576 0.000183019 2.32687e-05 1.60987e-06 5.30083e-08
 1.03802e-39 5.08037e-33 5.71651e-27 1.47881e-21 8.79503e-17 1.20256e-12 3.78026e-09 2.732e-06 0.000453926 0.0173394 0.152275 0.307449 0.143362 0.0325886 0.106384 0.149129 0.0526619 0.0197285 0.0135118 0.00385406 0.00106093 0.000181415 1.76885e-05 1.22757e-06 4.35236e-08
 8.74699e-40 4.28105e-33 4.8171e-27 1.24614e-21 7.41125e-17 1.01335e-12 3.18549e-09 2.30216e-06 0.000382507 0.0146113 0.128316 0.259079 0.121091 0.0350313 0.135874 0.190694 0.0673105 0.025104 0.0169708 0.00431356 0.00100038 0.000195051 2.32802e-05 1.46496e-06 4.49403e-08
 9.24287e-40 4.52375e-33 5.09019e-27 1.31678e-21 7.83141e-17 1.0708e-12 3.36608e-09 2.43267e-06 0.000404192 0.0154396 0.135591 0.273765 0.127814 0.0332478 0.120561 0.169299 0.0623559 0.0315436 0.0226756 0.00575191 0.00129503 0.0002274 2.48479e-05 1.74078e-06 5.77326e-08
 9.72295e-40 4.75871e-33 5.35458e-27 1.38518e-21 8.23818e-17 1.12642e-12 3.54092e-09 2.55903e-06 0.000425186 0.0162416 0.142633 0.287984 0.134379 0.0330265 0.114923 0.161256 0.0581666 0.025693 0.0182518 0.00524461 0.00147514 0.000267696 2.77729e-05 1.77583e-06 5.80275e-08
 1.12883e-39 5.52486e-33 6.21666e-27 1.60819e-21 9.56452e-17 1.30778e-12 4.11101e-09 2.97103e-06 0.000493641 0.0188565 0.165597 0.334347 0.15574 0.0310674 0.0889907 0.124651 0.0445424 0.0183551 0.0127741 0.003464 0.000910128 0.000183643 2.27014e-05 1.50707e-06 4.65557e-08
 1.12883e-39 5.52486e-33 6.21666e-27 1.60819e-21 9.56452e-17 1.30778e-12 4.11101e-09 2.97103e-06 0.000493641 0.0188565 0.165597 0.334347 0.15574 0.0310674 0.0889907 0.124651 0.0445424 0.0183551 0.0127741 0.003464 0.000910128 0.000183643 2.27014e-05 1.50707e-06 4.65557e-08
#pred catch len freq
 2.1398e-27 2.15855e-27 5.07159e-27 9.96387e-22 5.92589e-17 8.1026e-13 2.54706e-09 1.84077e-06 0.000305841 0.0116829 0.1026 0.207156 0.0968646 0.0291438 0.115574 0.162839 0.0667705 0.0550437 0.0479917 0.0293847 0.0225287 0.0173195 0.0158057 0.0135077 0.00548003
 2.13865e-27 2.15693e-27 4.95824e-27 9.58034e-22 5.69779e-17 7.79071e-13 2.44902e-09 1.76991e-06 0.000294069 0.0112332 0.0986507 0.199183 0.0933398 0.0334345 0.144177 0.202975 0.0792074 0.05387 0.0427719 0.0177142 0.00967204 0.00555057 0.00390938 0.00288392 0.00113167
 2.13907e-27 2.15829e-27 5.12732e-27 1.01547e-21 6.03937e-17 8.25776e-13 2.59584e-09 1.87602e-06 0.000311698 0.0119066 0.104565 0.211123 0.0988291 0.0326142 0.135572 0.191009 0.0773808 0.0607795 0.047983 0.0168385 0.00682804 0.00241968 0.00105257 0.000578765 0.00020595
 2.13905e-27 2.15829e-27 5.12674e-27 1.01526e-21 6.03815e-17 8.25609e-13 2.59531e-09 1.87564e-06 0.000311635 0.0119042 0.104544 0.211081 0.0988257 0.0330478 0.138231 0.194669 0.0774536 0.0569626 0.0453157 0.0175477 0.00738559 0.00203841 0.000492031 0.000146785 4.0733e-05
 2.1396e-27 2.15962e-27 5.26675e-27 1.06275e-21 6.32059e-17 8.64228e-13 2.71671e-09 1.96338e-06 0.000326212 0.0124611 0.109434 0.220954 0.103378 0.0327279 0.133303 0.18771 0.0748547 0.0555076 0.0438882 0.0162463 0.00675961 0.0019723 0.00040392 6.14744e-05 9.32983e-06
 2.13822e-27 2.15623e-27 4.90719e-27 9.40776e-22 5.59515e-17 7.65037e-13 2.4049e-09 1.73803e-06 0.000288771 0.0110309 0.0968736 0.195596 0.0917028 0.0340125 0.148788 0.209525 0.0823855 0.0577871 0.0454815 0.0170065 0.00705331 0.00200272 0.00040816 5.16003e-05 4.08635e-06
 2.13681e-27 2.15285e-27 4.562e-27 8.23743e-22 4.89911e-17 6.69866e-13 2.10573e-09 1.52182e-06 0.000252848 0.00965862 0.0848225 0.171265 0.0804538 0.0340006 0.156049 0.219976 0.0890195 0.0696596 0.0550471 0.0194629 0.00767643 0.00216494 0.000433755 5.26979e-05 3.35929e-06
 2.14011e-27 2.16096e-27 5.41892e-27 1.11442e-21 6.62787e-17 9.06243e-13 2.84879e-09 2.05883e-06 0.000342071 0.0130669 0.114754 0.231695 0.108292 0.0313461 0.121631 0.171405 0.0711084 0.0605356 0.0485048 0.0178301 0.00716422 0.00191218 0.000364548 4.32746e-05 2.61623e-06
 2.14272e-27 2.16717e-27 6.04869e-27 1.32792e-21 7.89765e-17 1.07986e-12 3.39456e-09 2.45326e-06 0.000407606 0.0155703 0.136739 0.276082 0.128824 0.0316337 0.110008 0.154599 0.0594132 0.0377544 0.0297327 0.012082 0.00534133 0.00149265 0.00028452 3.22135e-05 1.87339e-06
 2.13801e-27 2.15554e-27 4.81192e-27 9.08353e-22 5.40232e-17 7.38671e-13 2.32202e-09 1.67813e-06 0.000278819 0.0106507 0.093535 0.188856 0.0886687 0.0361952 0.164145 0.230881 0.0860221 0.0466264 0.0351024 0.012256 0.00491669 0.00150885 0.000316731 3.69095e-05 2.09715e-06
 2.13883e-27 2.15777e-27 5.07656e-27 9.98266e-22 5.93707e-17 8.11788e-13 2.55187e-09 1.84424e-06 0.000306418 0.011705 0.102794 0.207547 0.0971787 0.0326916 0.137124 0.193278 0.0793871 0.0653064 0.0508526 0.0153171 0.00493202 0.00128638 0.000257779 3.2491e-05 1.94734e-06
 2.14277e-27 2.16729e-27 6.06061e-27 1.33196e-21 7.92165e-17 1.08314e-12 3.40488e-09 2.46072e-06 0.000408844 0.0156176 0.137154 0.27692 0.129212 0.0316372 0.109777 0.154291 0.0595748 0.0386478 0.0301154 0.0111542 0.00433375 0.00098131 0.000154396 1.72705e-05 1.0514e-06
 2.14036e-27 2.16126e-27 5.40943e-27 1.111e-21 6.60756e-17 9.03467e-13 2.84006e-09 2.05252e-06 0.000341023 0.0130268 0.114402 0.230986 0.108096 0.0348523 0.143248 0.201317 0.0741176 0.0374728 0.0278292 0.00951225 0.00362312 0.000984632 0.000170856 1.62012e-05 8.33647e-07
 2.13864e-27 2.15717e-27 4.9945e-27 9.70337e-22 5.77096e-17 7.89076e-13 2.48047e-09 1.79264e-06 0.000297845 0.0113775 0.0999176 0.201742 0.0945664 0.0346062 0.150561 0.211944 0.0822424 0.0544349 0.0412796 0.0121333 0.00375962 0.000944773 0.000171714 1.8304e-05 9.0759e-07
 2.13806e-27 2.15578e-27 4.85239e-27 9.22156e-22 5.48441e-17 7.49896e-13 2.35731e-09 1.70363e-06 0.000283056 0.0108125 0.0949563 0.191725 0.0899368 0.03464 0.153787 0.216548 0.0846228 0.057779 0.0444844 0.0143668 0.00483584 0.00104796 0.000156464 1.60595e-05 8.4936e-07
 2.13933e-27 2.15891e-27 5.18687e-27 1.03563e-21 6.15929e-17 8.42174e-13 2.64738e-09 1.91327e-06 0.000317887 0.0121431 0.106641 0.215316 0.100794 0.0333372 0.138723 0.195333 0.0773735 0.0558452 0.0433878 0.0143425 0.00506176 0.00118668 0.000178322 1.56857e-05 7.42409e-07
 2.14061e-27 2.16194e-27 5.49188e-27 1.13902e-21 6.77418e-17 9.26248e-13 2.91167e-09 2.10427e-06 0.000349622 0.0133553 0.117287 0.23681 0.110745 0.0337093 0.134516 0.189159 0.0718727 0.0431759 0.032857 0.0110421 0.00398858 0.000962074 0.000153224 1.39946e-05 6.18069e-07
 2.13924e-27 2.15858e-27 5.13434e-27 1.01773e-21 6.05281e-17 8.27614e-13 2.60162e-09 1.8802e-06 0.000312392 0.0119331 0.104798 0.211594 0.099135 0.0349678 0.149799 0.21071 0.0796228 0.0465026 0.0349422 0.0109471 0.00367167 0.000899451 0.000148956 1.42661e-05 6.57253e-07
 2.14008e-27 2.16068e-27 5.36221e-27 1.09505e-21 6.5127e-17 8.90496e-13 2.79929e-09 2.02305e-06 0.000336127 0.0128398 0.11276 0.22767 0.10652 0.0337192 0.137332 0.193226 0.0746738 0.0485485 0.0368481 0.0111138 0.00348424 0.000790572 0.000123582 1.2031e-05 5.77657e-07
 2.1396e-27 2.15948e-27 5.22932e-27 1.04995e-21 6.24443e-17 8.53815e-13 2.68398e-09 1.93972e-06 0.000322281 0.0123109 0.108115 0.218292 0.10222 0.0346528 0.145857 0.205149 0.0775902 0.0455292 0.0343343 0.0109973 0.0036884 0.000810919 0.000117057 1.06052e-05 4.98373e-07
 2.1401e-27 2.16072e-27 5.36658e-27 1.09653e-21 6.52151e-17 8.917e-13 2.80307e-09 2.02579e-06 0.000336582 0.0128572 0.112912 0.227978 0.106662 0.0337148 0.137212 0.193051 0.0745333 0.0482491 0.0366662 0.0112359 0.00361772 0.000834448 0.000125492 1.08768e-05 4.75264e-07
 2.14017e-27 2.16087e-27 5.37902e-27 1.10074e-21 6.5465e-17 8.95118e-13 2.81381e-09 2.03355e-06 0.000337872 0.0129065 0.113345 0.228851 0.107078 0.0340226 0.138827 0.195257 0.074332 0.0450619 0.0341755 0.0110544 0.00376557 0.000845611 0.000125418 1.12431e-05 4.9076e-07
 2.13918e-27 2.15847e-27 5.12743e-27 1.01541e-21 6.03902e-17 8.25728e-13 2.59569e-09 1.87591e-06 0.00031168 0.0119059 0.104559 0.211112 0.0988971 0.0345709 0.147521 0.20757 0.0794797 0.0495367 0.0375922 0.0118682 0.00398011 0.000935997 0.000144184 1.28123e-05 5.63096e-07
 2.14067e-27 2.16215e-27 5.52071e-27 1.14883e-21 6.83255e-17 9.3423e-13 2.93676e-09 2.12241e-06 0.000352635 0.0134704 0.118298 0.23885 0.111662 0.0329905 0.129513 0.182225 0.0710452 0.0480257 0.0368527 0.0117141 0.00393575 0.000908574 0.000140296 1.2926e-05 5.7793e-07
 2.13991e-27 2.16019e-27 5.3003e-27 1.074e-21 6.38751e-17 8.73378e-13 2.74547e-09 1.98416e-06 0.000329666 0.012593 0.110592 0.223294 0.104538 0.0348213 0.145378 0.204397 0.0762776 0.0416997 0.0312224 0.0102763 0.00360011 0.000837082 0.000128411 1.17506e-05 5.34099e-07
 2.1388e-27 2.15752e-27 5.0262e-27 9.81067e-22 5.83478e-17 7.97801e-13 2.5079e-09 1.81247e-06 0.000301139 0.0115033 0.101022 0.203972 0.0956104 0.0349428 0.151944 0.213816 0.0818644 0.0509756 0.038361 0.0112775 0.00345277 0.000813031 0.000128943 1.18657e-05 5.36944e-07
 2.13937e-27 2.15899e-27 5.19039e-27 1.0368e-21 6.16625e-17 8.43125e-13 2.65038e-09 1.91543e-06 0.000318246 0.0121568 0.106762 0.215559 0.100921 0.0337127 0.140942 0.198409 0.0777752 0.0537876 0.0413421 0.0130088 0.00424661 0.000913316 0.000131255 1.21173e-05 5.58223e-07
 2.14077e-27 2.16237e-27 5.53836e-27 1.15479e-21 6.868e-17 9.39077e-13 2.952e-09 2.13342e-06 0.000354464 0.0135403 0.118912 0.24009 0.112251 0.0334162 0.131738 0.18527 0.0708693 0.0439767 0.0335501 0.0111006 0.00389798 0.00089078 0.000129875 1.10648e-05 4.84735e-07
 2.14203e-27 2.1654e-27 5.85162e-27 1.26102e-21 7.49978e-17 1.02546e-12 3.22355e-09 2.32967e-06 0.000387071 0.0147858 0.12985 0.262174 0.122447 0.0330455 0.122819 0.172585 0.0648623 0.0368301 0.0276109 0.00877573 0.00298334 0.000717752 0.000113576 1.01139e-05 4.31907e-07
#obs catch len freq
 4.08488e-40 1.99927e-33 2.24961e-27 5.81952e-22 3.46109e-17 4.73241e-13 1.48764e-09 1.07512e-06 0.000178632 0.00682353 0.0599243 0.120997 0.0572841 0.0358621 0.182562 0.257394 0.102777 0.0766337 0.0610938 0.0238524 0.010505 0.00325944 0.000740284 0.000103592 7.43386e-06
 4.21913e-40 2.06497e-33 2.32354e-27 6.01078e-22 3.57483e-17 4.88794e-13 1.53653e-09 1.11045e-06 0.000184503 0.00704778 0.0618936 0.124974 0.0591372 0.0362596 0.183791 0.259047 0.102323 0.073113 0.0577083 0.021733 0.00925245 0.00281905 0.000625795 8.50756e-05 5.90155e-06
 5.75044e-40 2.81444e-33 3.16685e-27 8.19235e-22 4.8723e-17 6.66199e-13 2.0942e-09 1.51348e-06 0.000251467 0.00960573 0.0843576 0.170327 0.0800632 0.0351412 0.163294 0.229995 0.089931 0.0616169 0.0481633 0.0175078 0.00714337 0.00208994 0.000447536 5.92594e-05 3.99558e-06
 5.17728e-40 2.53392e-33 2.85121e-27 7.3758e-22 4.38666e-17 5.99797e-13 1.88547e-09 1.36263e-06 0.000226403 0.00864831 0.0759495 0.153353 0.0723381 0.0384107 0.188369 0.264946 0.0969424 0.0471808 0.0349338 0.0122592 0.00479115 0.0013413 0.000272609 3.45549e-05 2.25544e-06
 6.00473e-40 2.9389e-33 3.3069e-27 8.55463e-22 5.08776e-17 6.95659e-13 2.18681e-09 1.58041e-06 0.000262588 0.0100305 0.088088 0.177859 0.0835984 0.0365527 0.169641 0.238704 0.0898795 0.0515034 0.0382572 0.0111116 0.00342242 0.000893623 0.00017175 2.05981e-05 1.28083e-06
 5.46752e-40 2.67597e-33 3.01105e-27 7.7893e-22 4.63259e-17 6.33423e-13 1.99117e-09 1.43902e-06 0.000239096 0.00913314 0.0802073 0.161949 0.0763176 0.0385496 0.186626 0.262424 0.0952162 0.0438215 0.0316566 0.00985541 0.00318641 0.000695753 0.000107954 1.17933e-05 6.9064e-07
 4.05402e-40 1.98416e-33 2.23261e-27 5.77555e-22 3.43494e-17 4.69666e-13 1.4764e-09 1.067e-06 0.000177283 0.00677198 0.0594716 0.120085 0.0570084 0.0397647 0.206662 0.290833 0.107545 0.0557359 0.0406025 0.0113318 0.00318161 0.000712344 0.000106293 9.59046e-06 4.80179e-07
 3.93593e-40 1.92636e-33 2.16758e-27 5.60732e-22 3.33488e-17 4.55985e-13 1.43339e-09 1.03592e-06 0.000172119 0.00657471 0.0577392 0.116586 0.0553077 0.0375422 0.194149 0.273602 0.106999 0.0732338 0.0557687 0.0163605 0.00483111 0.000987306 0.000132829 1.15504e-05 5.13914e-07
 9.80648e-40 4.79959e-33 5.40058e-27 1.39708e-21 8.30895e-17 1.1361e-12 3.57134e-09 2.58101e-06 0.000428839 0.0163811 0.143859 0.290457 0.135455 0.0312372 0.103255 0.145074 0.0560164 0.0363109 0.0279312 0.00942136 0.00333744 0.000726257 9.81527e-05 7.82849e-06 3.21233e-07
 6.9272e-40 3.39039e-33 3.81492e-27 9.86883e-22 5.86936e-17 8.0253e-13 2.52276e-09 1.8232e-06 0.000302928 0.0115714 0.10162 0.205182 0.0963347 0.0393419 0.178433 0.250372 0.0841261 0.0178368 0.0101073 0.0032746 0.00115804 0.000287467 4.55435e-05 3.8354e-06 1.52291e-07
 3.03457e-40 1.48521e-33 1.67119e-27 4.3232e-22 2.57117e-17 3.51561e-13 1.10514e-09 7.98683e-07 0.000132702 0.00506906 0.0445165 0.0898919 0.0431864 0.0434074 0.238 0.334663 0.118413 0.0450304 0.030124 0.00643534 0.000916762 0.000180499 2.97098e-05 2.86096e-06 1.26209e-07
 8.55386e-40 4.18652e-33 4.71074e-27 1.21862e-21 7.24762e-17 9.90981e-13 3.11516e-09 2.25133e-06 0.000374062 0.0142887 0.125483 0.253358 0.118305 0.031294 0.114785 0.161691 0.0669585 0.0565141 0.0433269 0.0109082 0.00233948 0.000343332 2.68214e-05 1.97384e-06 9.22418e-08
 7.94303e-40 3.88756e-33 4.37435e-27 1.1316e-21 6.73007e-17 9.20215e-13 2.8927e-09 2.09056e-06 0.00034735 0.0132683 0.116522 0.235268 0.110172 0.0374095 0.157568 0.221035 0.0747357 0.0174327 0.0105455 0.00391424 0.00147736 0.000274964 2.61832e-05 1.35305e-06 3.71594e-08
 4.85801e-40 2.37766e-33 2.67538e-27 6.92095e-22 4.11615e-17 5.62809e-13 1.7692e-09 1.2786e-06 0.000212441 0.00811499 0.0712658 0.143898 0.0680923 0.0417567 0.211646 0.297324 0.102605 0.0307634 0.0193004 0.00418975 0.000659622 0.000146959 2.27882e-05 1.54693e-06 4.25164e-08
 5.20218e-40 2.54611e-33 2.86492e-27 7.41127e-22 4.40776e-17 6.02682e-13 1.89454e-09 1.36919e-06 0.000227492 0.0086899 0.0763147 0.15409 0.0726707 0.0381888 0.186794 0.262846 0.0979877 0.0531393 0.0383265 0.00890495 0.00157294 0.000224721 1.93836e-05 1.49962e-06 5.84102e-08
 3.7339e-40 1.82748e-33 2.05631e-27 5.31949e-22 3.1637e-17 4.32579e-13 1.35982e-09 9.82741e-07 0.000163284 0.00623723 0.0547754 0.110604 0.0526681 0.0409088 0.216504 0.304582 0.110711 0.0515448 0.0370244 0.0107296 0.00300575 0.00049745 4.09194e-05 2.04946e-06 5.98067e-08
 7.19949e-40 3.52365e-33 3.96487e-27 1.02567e-21 6.10007e-17 8.34074e-13 2.62192e-09 1.89487e-06 0.000314835 0.0120263 0.105615 0.213245 0.0998708 0.034235 0.144828 0.203849 0.079223 0.0527644 0.0397245 0.0108047 0.00284905 0.000576246 6.88764e-05 4.02113e-06 9.96416e-08
 4.79555e-40 2.34709e-33 2.64098e-27 6.83197e-22 4.06323e-17 5.55573e-13 1.74645e-09 1.26216e-06 0.00020971 0.00801066 0.0703496 0.142048 0.0672289 0.0415389 0.210873 0.296251 0.102388 0.0312672 0.0205307 0.0066106 0.00219573 0.000439976 5.37489e-05 3.9231e-06 1.26725e-07
 5.4803e-40 2.68223e-33 3.01809e-27 7.8075e-22 4.64341e-17 6.34903e-13 1.99582e-09 1.44239e-06 0.000239654 0.00915449 0.0803947 0.162327 0.0764665 0.0378557 0.182278 0.256464 0.0955006 0.0514661 0.0370938 0.00867423 0.00167575 0.000352878 5.11546e-05 3.91138e-06 1.39816e-07
 6.01222e-40 2.94256e-33 3.31102e-27 8.5653e-22 5.0941e-17 6.96526e-13 2.18954e-09 1.58238e-06 0.000262915 0.010043 0.0881978 0.178082 0.0837589 0.0380947 0.178987 0.251613 0.0908285 0.0403367 0.0287122 0.00831403 0.00233055 0.000394892 3.89614e-05 2.99057e-06 1.1903e-07
 4.67314e-40 2.28718e-33 2.57357e-27 6.65758e-22 3.95951e-17 5.41391e-13 1.70187e-09 1.22994e-06 0.000204357 0.00780618 0.0685538 0.138422 0.0655123 0.0404638 0.205403 0.288785 0.103107 0.0422058 0.0292808 0.00780833 0.00199406 0.000401188 4.85162e-05 3.0726e-06 9.91886e-08
 7.09796e-40 3.47396e-33 3.90895e-27 1.01121e-21 6.01404e-17 8.22312e-13 2.58494e-09 1.86814e-06 0.000310395 0.0118567 0.104125 0.210238 0.0985323 0.0356094 0.154124 0.216744 0.0809501 0.0443775 0.0323715 0.00836864 0.00197607 0.000367432 4.36617e-05 3.18498e-06 1.07279e-07
 4.90844e-40 2.40234e-33 2.70315e-27 6.9928e-22 4.15888e-17 5.68652e-13 1.78756e-09 1.29187e-06 0.000214647 0.00819923 0.0720056 0.145391 0.0687625 0.0412164 0.207897 0.292096 0.101482 0.032701 0.0215674 0.00627798 0.00181137 0.000336972 3.69175e-05 2.54031e-06 8.88037e-08
 5.98548e-40 2.92948e-33 3.2963e-27 8.52721e-22 5.07145e-17 6.93429e-13 2.1798e-09 1.57535e-06 0.000261746 0.00999836 0.0878056 0.17729 0.0833638 0.0373224 0.174512 0.245478 0.0910769 0.0480802 0.034595 0.00822735 0.00163049 0.000314107 3.983e-05 2.75071e-06 9.04289e-08
 6.29991e-40 3.08337e-33 3.46946e-27 8.97516e-22 5.33786e-17 7.29857e-13 2.29431e-09 1.6581e-06 0.000275496 0.0105236 0.0924183 0.186603 0.0877063 0.0383055 0.177706 0.249699 0.0886834 0.0348393 0.0241238 0.00687265 0.0018872 0.000322189 3.13216e-05 2.16855e-06 7.67744e-08
 4.79799e-40 2.34828e-33 2.64232e-27 6.83544e-22 4.06529e-17 5.55855e-13 1.74734e-09 1.2628e-06 0.000209817 0.00801472 0.0703854 0.142119 0.0672258 0.0405694 0.204934 0.288078 0.102262 0.0399799 0.0273253 0.00693899 0.00160459 0.000312158 3.71646e-05 2.33458e-06 7.14939e-08
 5.22322e-40 2.5564e-33 2.8765e-27 7.44124e-22 4.42559e-17 6.05119e-13 1.9022e-09 1.37472e-06 0.000228412 0.00872505 0.0766234 0.154713 0.0729599 0.0382208 0.186801 0.262829 0.0975888 0.0517625 0.037495 0.00950118 0.00213309 0.000373805 4.07269e-05 2.84727e-06 9.4299e-08
 5.65916e-40 2.76976e-33 3.11658e-27 8.06231e-22 4.79496e-17 6.55624e-13 2.06096e-09 1.48946e-06 0.000247476 0.00945325 0.0830185 0.167625 0.0789341 0.0383495 0.183694 0.258294 0.0938168 0.0434617 0.0311521 0.00893962 0.00250796 0.000454316 4.70054e-05 2.99926e-06 9.78437e-08
 7.98725e-40 3.90921e-33 4.3987e-27 1.1379e-21 6.76753e-17 9.25338e-13 2.90881e-09 2.1022e-06 0.000349284 0.0133422 0.117171 0.236577 0.110711 0.0356623 0.146508 0.205763 0.0737004 0.0309154 0.0215896 0.00583665 0.00152433 0.000306603 3.7782e-05 2.50309e-06 7.71913e-08
#spawning biomass
 2972.19 2988.83 3263.91 4047.61 5000.25 6601.27 7068.78 5798.98 7650.06 15216.5 16005.9 14287.6 24611.5 33414.8 28792.3 24333.1 20624.5 23931.4 22296.6 22108.7 22876.1 24407.1 27863.7 28622.8 30249.1 30712.5 28865.4 26469 31703.5 39366.7 85139.8 102245 80478.5 59531.9 46383.6 38996.1 35062.8 33036.2 32014 31505.7 31255.4 31133 31073.4 31044.4 31030.3 31023.6 31020.3 31018.7 31018 31017.6 31017.4 31017.4 31017.3 31017.3 31017.3 31017.3 31017.3 31017.3 31017.3 31017.3 31017.3 31017.3 31017.3 31017.3 31017.3 31017.3 31017.3 31017.3 31017.3 31017.3 31017.3 31017.3 31017.3 31017.3 31017.3 31017.3 31017.3 31017.3 31017.3 31017.3 31017.3 31017.3 31017.3 31017.3 31017.3 31017.3 31017.3 31017.3 31017.3 31017.3 31017.3 31017.3 31017.3 31017.3 31017.3 31017.3 31017.3 31017.3 31017.3 31017.3 31017.3 31017.3 31017.3 31017.3 31017.3 31017.3 31017.3 31017.3 31017.3 31017.3 31017.3 31017.3 31017.3 31017.3 31017.3 31017.3 31017.3 31017.3 31017.3 31017.3 31017.3 31017.3 31017.3 31017.3 31017.3 31017.3 31017.3 31017.3 31017.3 0 0 0 0 0 0 0 0 0 0 0 0 0 0 0 0 0 0 0 0 0 0 0 0 0
