SBPRF35
0.305355
Curr Bio
33661.6
B35
91943.7
F35
0.411001
FOFL
0.112094
OFL
4295.02
Bzero
87244.4
#pred survey bio
 7601.18 5792.78 6482.51 8660.86 11584.5 14429.3 14145.9 13331.9 20922.6 33268.4 34542.6 39016.8 62030.6 73008.5 63456 51854.5 49548.7 55158.8 51189.1 51489.5 51728.1 56467.8 64085.3 68616.8 75859.7 73865.9 67405.2 67100.8 87515.3 2.93319e+06 2.5449e+06 2.44569e+06 1.97375e+06 1.56986e+06 1.30721e+06 1.1527e+06 1.0657e+06 1.01746e+06 990643 975484 966689 961420 958152 956052 954659 953722 953080 952632 952317 952094 951934 951820 951738 951679 951637 951606 951584 951568 951557 951549 951543 951538 951535 951533 951531 951530 951529 951529 951528 951528 951528 951527 951527 951527 951527 951527 951527 951527 951527 951527 951527 951527 951527 951527 951527 951527 951527 951527 951527 951527 951527 951527 951527 951527 951527 951527 951527 951527 951527 951527 951527 951527 951527 951527 951527 951527 951527 951527 951527 951527 951527 951527 951527 951527 951527 951527 951527 951527 951527 951527 951527 951527 951527 951527 951527 951527 951527 951527 951527 0 0 0 0 0 0 0 0 0 0 0 0 0 0 0 0 0 0 0 0 0 0 0 0 0
#obs survey bio
 6774.03 8887.86 6548.3 15179.7 12517 15084.3 12103 22379.7 25221.4 43756 45877.4 62688.6 69876.8 48582.2 74303.7 35985.5 54650.3 62016.9 67032.2 58975.2 84344.8 46676.4 72604.8 68575.3 91503.5 109042 73297.8 96655.3 75509.4
#pred catch bio
 5021 3297.5 3226.86 4468.41 5937.23 8268.72 9134.59 7640.53 8578.26 19374.6 23351 18597.3 34410.1 47786.2 44148.9 35845.5 29264.7 37298.4 32878.6 33713.6 32886.7 33394.8 40613.4 41863.4 48341.4 48716.2 44123.1 40062.1 69157 4295.02 28830.9 30565.6 24010.3 18230.9 14606.9 12573.4 11494.6 10941.5 10664.1 10527 10459.9 10427.3 10411.5 10403.9 10400.2 10398.5 10397.6 10397.2 10397 10397 10396.9 10396.9 10396.9 10396.9 10396.9 10396.9 10396.9 10396.9 10396.9 10396.9 10396.9 10396.9 10396.9 10396.9 10396.9 10396.9 10396.9 10396.9 10396.9 10396.9 10396.9 10396.9 10396.9 10396.9 10396.9 10396.9 10396.9 10396.9 10396.9 10396.9 10396.9 10396.9 10396.9 10396.9 10396.9 10396.9 10396.9 10396.9 10396.9 10396.9 10396.9 10396.9 10396.9 10396.9 10396.9 10396.9 10396.9 10396.9 10396.9 10396.9 10396.9 10396.9 10396.9 10396.9 10396.9 10396.9 10396.9 10396.9 10396.9 10396.9 10396.9 10396.9 10396.9 10396.9 10396.9 10396.9 10396.9 10396.9 10396.9 10396.9 10396.9 10396.9 10396.9 10396.9 10396.9 10396.9 10396.9 10396.9 10396.9 0 0 0 0 0 0 0 0 0 0 0 0 0 0 0 0 0 0 0 0 0 0 0 0 0
#obs catch bio
 3410.06 3275.7 3172.09 4437.26 5865.29 8235.39 9247.23 7614.86 8336.38 18767.3 23668.5 17972.1 33104.2 47911.9 44180.3 37327.7 29074.2 37660.7 32326.4 33779.2 32685.3 32918.7 40699.9 41595.2 47678.2 48367.3 43915.4 38955 69700.2
#pred cpue bio
 5594.78 3779.09 4085.5 5396.96 7121.09 9253.15 9583.72 8329.78 11373.1 20971.6 22609.1 21893.8 37021 46724.1 41772.2 33060.8 29784 34991.3 31835.2 32220.1 31870.5 34281.2 40122.5 41932.9 47122.9 47269 43004.9 41267.6 50783 1.6187e+06 2.01335e+06 2.24107e+06 1.82021e+06 1.41741e+06 1.154e+06 999276 912230 863986 837164 822005 813210 807941 804673 802573 801180 800243 799600 799153 798838 798614 798455 798341 798259 798200 798157 798127 798105 798089 798077 798069 798063 798059 798056 798054 798052 798051 798050 798049 798049 798049 798048 798048 798048 798048 798048 798048 798048 798048 798048 798048 798048 798048 798048 798048 798048 798048 798048 798048 798048 798048 798048 798048 798048 798048 798048 798048 798048 798048 798048 798048 798048 798048 798048 798048 798048 798048 798048 798048 798048 798048 798048 798048 798048 798048 798048 798048 798048 798048 798048 798048 798048 798048 798048 798048 798048 798048 798048 798048 798048 0 0 0 0 0 0 0 0 0 0 0 0 0 0 0 0 0 0 0 0 0 0 0 0 0
#obs cpue bio
 4575.66 3291.23 4690.56 3439.16 7373.11 8121.54 9345.5 8534.9 13162.2 21084.1 17587.5 27974.5 47530 47850.8 35352 24723.4 29758.2 30482.5 36931.1 20928.9 29438.6 39733 37293.9 46973.3 48333 37972 42822.7 57253.3 43517.2
#pred surv len freq
 2.14201e-27 2.16397e-27 5.6413e-27 1.18961e-21 7.07507e-17 9.67389e-13 3.041e-09 2.19774e-06 0.000365151 0.0139485 0.122497 0.247326 0.115398 0.0281407 0.0973433 0.13703 0.0561994 0.0463868 0.0407367 0.025722 0.0201964 0.0158905 0.0147953 0.0128025 0.00522005
 2.14245e-27 2.16623e-27 5.9322e-27 1.28836e-21 7.66236e-17 1.04769e-12 3.29343e-09 2.38017e-06 0.000395462 0.0151064 0.132665 0.267857 0.125025 0.0317407 0.113139 0.159002 0.06073 0.0374753 0.0292841 0.0118523 0.00640855 0.00375155 0.00271459 0.00204246 0.00080803
 2.14337e-27 2.16873e-27 6.21393e-27 1.38398e-21 8.23103e-17 1.12545e-12 3.53786e-09 2.55682e-06 0.000424812 0.0162275 0.142511 0.287735 0.134178 0.0307587 0.101154 0.142198 0.0561368 0.0399902 0.0311529 0.0106949 0.00421754 0.00147006 0.000648379 0.000367277 0.000132586
 2.14363e-27 2.16939e-27 6.28447e-27 1.4079e-21 8.37333e-17 1.1449e-12 3.59902e-09 2.60102e-06 0.000432156 0.0165081 0.144975 0.292709 0.136479 0.0307745 0.0997514 0.140162 0.054615 0.0368943 0.0290606 0.0112355 0.00470499 0.00127698 0.000302208 9.13735e-05 2.59517e-05
 2.14389e-27 2.17002e-27 6.34724e-27 1.42917e-21 8.49985e-17 1.1622e-12 3.6534e-09 2.64032e-06 0.000438686 0.0167575 0.147165 0.297132 0.138528 0.0309116 0.0992555 0.139414 0.0536918 0.034423 0.0267541 0.00990325 0.00412766 0.00120747 0.000245345 3.67485e-05 5.63127e-06
 2.14227e-27 2.16605e-27 5.92831e-27 1.28708e-21 7.65473e-17 1.04665e-12 3.29015e-09 2.3778e-06 0.000395068 0.0150913 0.132533 0.26759 0.124917 0.0321498 0.115718 0.162657 0.062429 0.0393825 0.0304039 0.010873 0.00433839 0.00123258 0.00025227 3.17475e-05 2.48758e-06
 2.14033e-27 2.16137e-27 5.44518e-27 1.12324e-21 6.68036e-17 9.1342e-13 2.87135e-09 2.07513e-06 0.00034478 0.0131704 0.115663 0.23353 0.10919 0.0326681 0.129148 0.181786 0.0718722 0.0515082 0.0401991 0.0138805 0.00528928 0.00143309 0.000279416 3.38747e-05 2.15363e-06
 2.1439e-27 2.17013e-27 6.3701e-27 1.43699e-21 8.54631e-17 1.16855e-12 3.67337e-09 2.65475e-06 0.000441083 0.0168491 0.14797 0.298755 0.139239 0.0298319 0.092175 0.129607 0.0525862 0.0415431 0.0329632 0.0118969 0.00467595 0.00121574 0.000222393 2.54616e-05 1.51613e-06
 2.14704e-27 2.17768e-27 7.14704e-27 1.70043e-21 1.01131e-16 1.38279e-12 4.34681e-09 3.14145e-06 0.000521948 0.019938 0.175097 0.353525 0.164538 0.0292512 0.0721224 0.100988 0.0376866 0.0206367 0.0158474 0.00626131 0.0026958 0.000736553 0.000136133 1.48218e-05 8.28905e-07
 2.14205e-27 2.16539e-27 5.84237e-27 1.25784e-21 7.48087e-17 1.02288e-12 3.21542e-09 2.3238e-06 0.000386095 0.0147486 0.129523 0.261513 0.122171 0.0338253 0.127778 0.179436 0.0653758 0.0309457 0.0226673 0.00762662 0.00292705 0.000874327 0.000178585 2.01828e-05 1.10537e-06
 2.14187e-27 2.16514e-27 5.84242e-27 1.25799e-21 7.48174e-17 1.02299e-12 3.2158e-09 2.32406e-06 0.00038614 0.0147503 0.129538 0.261543 0.122095 0.0314598 0.11333 0.159502 0.0642486 0.0493708 0.0380781 0.0111884 0.00345312 0.000867038 0.000166551 2.03266e-05 1.18171e-06
 2.14638e-27 2.17608e-27 6.98093e-27 1.6441e-21 9.7781e-17 1.33698e-12 4.20282e-09 3.03739e-06 0.000504657 0.0192776 0.169297 0.341814 0.159131 0.0294554 0.0768986 0.107792 0.0410777 0.0250558 0.0193174 0.00702202 0.00266884 0.000587346 8.79279e-05 9.36261e-06 5.47896e-07
 2.14405e-27 2.17029e-27 6.36045e-27 1.43358e-21 8.52607e-17 1.16579e-12 3.66467e-09 2.64847e-06 0.000440039 0.0168092 0.147619 0.298049 0.139 0.0321911 0.10679 0.149826 0.0545711 0.0257877 0.0189685 0.0065906 0.00254435 0.000683541 0.000115773 1.05312e-05 5.13964e-07
 2.14206e-27 2.16551e-27 5.86666e-27 1.26614e-21 7.53023e-17 1.02962e-12 3.23664e-09 2.33913e-06 0.000388642 0.0148459 0.130377 0.263238 0.122924 0.0326426 0.120039 0.168738 0.0645064 0.0398765 0.0299818 0.00883071 0.00275927 0.000706082 0.000129286 1.35379e-05 6.48777e-07
 2.14115e-27 2.16331e-27 5.64035e-27 1.1894e-21 7.07383e-17 9.6722e-13 3.04047e-09 2.19736e-06 0.000365087 0.0139461 0.122475 0.247284 0.115557 0.0328745 0.126263 0.17759 0.0686828 0.0448284 0.0343289 0.0110997 0.00374663 0.000818354 0.000124343 1.29279e-05 6.79e-07
 2.14254e-27 2.16673e-27 6.00114e-27 1.31179e-21 7.80169e-17 1.06674e-12 3.35332e-09 2.42345e-06 0.000402653 0.0153811 0.135077 0.272727 0.127278 0.0317714 0.11186 0.157263 0.0611469 0.0408635 0.0314169 0.0102619 0.00357395 0.000836378 0.000126074 1.1212e-05 5.37582e-07
 2.14413e-27 2.17055e-27 6.39371e-27 1.44489e-21 8.59334e-17 1.17499e-12 3.69358e-09 2.66936e-06 0.000443511 0.0169418 0.148784 0.3004 0.140062 0.0315206 0.101988 0.143161 0.0536223 0.0299115 0.0224593 0.00738228 0.00259666 0.000617831 9.73213e-05 8.87579e-06 3.94353e-07
 2.14219e-27 2.16577e-27 5.8902e-27 1.2741e-21 7.57759e-17 1.0361e-12 3.25699e-09 2.35384e-06 0.000391087 0.0149392 0.131197 0.264894 0.123702 0.0329918 0.121671 0.170955 0.0641323 0.0360594 0.0269555 0.0084662 0.00283696 0.00068352 0.000110782 1.04602e-05 4.78713e-07
 2.1432e-27 2.16829e-27 6.16081e-27 1.36592e-21 8.12364e-17 1.11076e-12 3.4917e-09 2.52346e-06 0.000419269 0.0160158 0.140652 0.283981 0.13248 0.0317414 0.108285 0.152148 0.058334 0.0365701 0.0276424 0.00837746 0.00264597 0.000602098 9.34899e-05 8.92529e-06 4.20716e-07
 2.14279e-27 2.16725e-27 6.04729e-27 1.3274e-21 7.89453e-17 1.07944e-12 3.39322e-09 2.45229e-06 0.000407445 0.0155641 0.136685 0.275973 0.128803 0.0324266 0.114882 0.161384 0.0607381 0.0347522 0.0261695 0.00853207 0.00292654 0.000650661 9.48958e-05 8.58811e-06 3.98205e-07
 2.14343e-27 2.16885e-27 6.2177e-27 1.38521e-21 8.23836e-17 1.12645e-12 3.54101e-09 2.5591e-06 0.00042519 0.016242 0.142638 0.287991 0.134335 0.0317639 0.107214 0.150597 0.057223 0.0343598 0.0258783 0.00799721 0.00261497 0.000614888 9.44894e-05 8.28882e-06 3.63461e-07
 2.14381e-27 2.16976e-27 6.3105e-27 1.41667e-21 8.42549e-17 1.15204e-12 3.62144e-09 2.61723e-06 0.000434848 0.0166109 0.145878 0.294533 0.137358 0.0317338 0.105058 0.147505 0.0553929 0.0313244 0.0234854 0.00749674 0.00252113 0.000571411 8.65127e-05 7.92302e-06 3.51474e-07
 2.14281e-27 2.16732e-27 6.05592e-27 1.33033e-21 7.91195e-17 1.08182e-12 3.40071e-09 2.4577e-06 0.000408344 0.0155985 0.136986 0.276582 0.12908 0.032311 0.113993 0.16015 0.0605611 0.0355047 0.0267311 0.00846801 0.00284651 0.000665131 0.000102281 9.21502e-06 4.133e-07
 2.14381e-27 2.1698e-27 6.31915e-27 1.41963e-21 8.44307e-17 1.15444e-12 3.62899e-09 2.62268e-06 0.000435755 0.0166455 0.146182 0.295147 0.137626 0.031321 0.102353 0.143758 0.0549716 0.0340459 0.0258296 0.00818937 0.00274747 0.000636906 9.84835e-05 9.04608e-06 4.06625e-07
 2.143e-27 2.16777e-27 6.10089e-27 1.34557e-21 8.00261e-17 1.09421e-12 3.43968e-09 2.48586e-06 0.000413023 0.0157772 0.138556 0.279751 0.130548 0.0323744 0.113425 0.159306 0.0596669 0.0332753 0.0249926 0.00823356 0.00289006 0.000674992 0.000104232 9.57487e-06 4.35136e-07
 2.14204e-27 2.16544e-27 5.85878e-27 1.26346e-21 7.5143e-17 1.02745e-12 3.22979e-09 2.33418e-06 0.00038782 0.0148145 0.130102 0.262681 0.12267 0.0327375 0.120786 0.169773 0.0646124 0.039101 0.0294669 0.00907234 0.00296178 0.000707764 0.000113115 1.04736e-05 4.76187e-07
 2.14241e-27 2.16638e-27 5.96222e-27 1.29858e-21 7.72312e-17 1.056e-12 3.31955e-09 2.39905e-06 0.000398598 0.0152262 0.133717 0.269981 0.126018 0.0320446 0.114356 0.160762 0.0621355 0.0404366 0.0308977 0.00985069 0.00330253 0.000745727 0.000113453 1.06827e-05 4.95672e-07
 2.14362e-27 2.16934e-27 6.2709e-27 1.40326e-21 8.34574e-17 1.14113e-12 3.58716e-09 2.59245e-06 0.000430732 0.0164537 0.144497 0.291745 0.136058 0.0314408 0.10411 0.146234 0.0558361 0.0343514 0.026194 0.00871391 0.00309116 0.000721688 0.000109869 9.88736e-06 4.50699e-07
 2.14533e-27 2.17349e-27 6.7059e-27 1.5508e-21 9.2232e-17 1.26111e-12 3.96431e-09 2.86502e-06 0.000476018 0.0181836 0.159689 0.322417 0.1502 0.0304332 0.0887143 0.124451 0.0470329 0.0274989 0.0208119 0.00690366 0.0024714 0.000606025 9.81145e-05 9.04549e-06 4.05228e-07
#obs surv len freq
 8.68723e-40 4.2518e-33 4.78419e-27 1.23763e-21 7.36062e-17 1.00643e-12 3.16373e-09 2.28643e-06 0.000379894 0.0145115 0.12744 0.257308 0.120166 0.0322138 0.119208 0.167634 0.0649454 0.0427747 0.0334396 0.0125942 0.0053521 0.00162061 0.000358202 4.86459e-05 3.37242e-06
 1.03727e-39 5.07672e-33 5.71241e-27 1.47775e-21 8.78871e-17 1.2017e-12 3.77755e-09 2.73004e-06 0.0004536 0.0173269 0.152165 0.307228 0.143185 0.0306098 0.0943702 0.132501 0.050899 0.0322435 0.024949 0.00904176 0.0036827 0.00107895 0.000230434 3.03429e-05 2.03951e-06
 9.70342e-40 4.74915e-33 5.34382e-27 1.3824e-21 8.22162e-17 1.12416e-12 3.5338e-09 2.55389e-06 0.000424332 0.0162089 0.142347 0.287405 0.134103 0.0327948 0.113683 0.159526 0.0577692 0.0262628 0.0192031 0.00673331 0.00263009 0.000736417 0.000149761 1.8951e-05 1.23111e-06
 1.04798e-39 5.12916e-33 5.77141e-27 1.49301e-21 8.87948e-17 1.21411e-12 3.81656e-09 2.75824e-06 0.000458285 0.0175059 0.153737 0.310401 0.14468 0.0313622 0.0980072 0.137506 0.0510693 0.0271519 0.0199457 0.00580542 0.00179515 0.000469665 9.03584e-05 1.0834e-05 6.72492e-07
 9.87193e-40 4.83163e-33 5.43662e-27 1.4064e-21 8.36441e-17 1.14368e-12 3.59517e-09 2.59824e-06 0.000431701 0.0164904 0.144819 0.292397 0.136413 0.0328726 0.112654 0.158038 0.0567558 0.0243004 0.0172984 0.00535934 0.00172437 0.000377589 5.88646e-05 6.43976e-06 3.76923e-07
 8.13353e-40 3.9808e-33 4.47926e-27 1.15874e-21 6.89147e-17 9.42285e-13 2.96208e-09 2.1407e-06 0.000355681 0.0135865 0.119317 0.24091 0.112682 0.0348017 0.139949 0.196626 0.0719682 0.0350406 0.0252528 0.00703189 0.00196646 0.000438872 6.53965e-05 5.91625e-06 2.9687e-07
 7.8962e-40 3.86464e-33 4.34856e-27 1.12493e-21 6.69039e-17 9.1479e-13 2.87565e-09 2.07824e-06 0.000345302 0.0131901 0.115835 0.23388 0.109385 0.0335585 0.134478 0.189186 0.0730097 0.0471591 0.0356647 0.0104789 0.00310127 0.000633295 8.49527e-05 7.36564e-06 3.27622e-07
 1.32788e-39 6.49904e-33 7.31283e-27 1.89176e-21 1.1251e-16 1.53837e-12 4.83588e-09 3.4949e-06 0.000580683 0.0221813 0.194797 0.393298 0.182858 0.0274441 0.0491037 0.0685397 0.0262325 0.0163278 0.0125028 0.00424009 0.00151182 0.000330217 4.47588e-05 3.5646e-06 1.45767e-07
 1.10507e-39 5.40857e-33 6.08581e-27 1.57434e-21 9.36319e-17 1.28025e-12 4.02447e-09 2.90849e-06 0.00048325 0.0184595 0.162112 0.32731 0.152546 0.0326525 0.100788 0.141054 0.0472532 0.00954621 0.00527496 0.00172202 0.00061571 0.000153935 2.45464e-05 2.07359e-06 8.23425e-08
 6.36262e-40 3.11406e-33 3.50399e-27 9.0645e-22 5.391e-17 7.37122e-13 2.31715e-09 1.67461e-06 0.000278238 0.0106284 0.0933382 0.18846 0.0885796 0.0386946 0.179522 0.252202 0.0888333 0.0325019 0.0215416 0.00460413 0.000659193 0.000131279 2.1874e-05 2.12192e-06 9.39953e-08
 1.23149e-39 6.02727e-33 6.78198e-27 1.75444e-21 1.04343e-16 1.4267e-12 4.48484e-09 3.24121e-06 0.000538531 0.0205712 0.180656 0.36475 0.169676 0.0278772 0.060353 0.0845926 0.0346163 0.0280916 0.0214676 0.00543693 0.00118143 0.000174138 1.37118e-05 1.02288e-06 4.82544e-08
 1.1806e-39 5.77823e-33 6.50175e-27 1.68194e-21 1.00031e-16 1.36775e-12 4.29953e-09 3.10728e-06 0.000516279 0.0197212 0.173191 0.34968 0.162836 0.0312584 0.085535 0.119602 0.0403283 0.00903658 0.00536959 0.00200412 0.000761275 0.000142626 1.37299e-05 7.1479e-07 1.98264e-08
 8.84287e-40 4.32797e-33 4.8699e-27 1.2598e-21 7.49249e-17 1.02446e-12 3.22041e-09 2.3274e-06 0.0003867 0.0147714 0.129723 0.261919 0.122429 0.0356968 0.139081 0.195078 0.0670088 0.0190765 0.0117649 0.00255371 0.00040322 9.04312e-05 1.412e-05 9.6545e-07 2.67546e-08
 9.19574e-40 4.50068e-33 5.06424e-27 1.31007e-21 7.79148e-17 1.06534e-12 3.34892e-09 2.42027e-06 0.000402131 0.0153609 0.134899 0.272369 0.127168 0.0332443 0.12096 0.169885 0.062888 0.032765 0.0234828 0.00545714 0.000964974 0.00013804 1.19661e-05 9.32634e-07 3.65517e-08
 7.36774e-40 3.606e-33 4.05753e-27 1.04964e-21 6.24263e-17 8.53566e-13 2.68319e-09 1.93915e-06 0.000322192 0.0123073 0.108083 0.218229 0.102249 0.0362001 0.155322 0.218241 0.0788582 0.0352615 0.0251513 0.00733006 0.00207109 0.000343436 2.8293e-05 1.42041e-06 4.16622e-08
 1.12295e-39 5.49605e-33 6.18424e-27 1.5998e-21 9.51464e-17 1.30095e-12 4.08956e-09 2.95553e-06 0.000491066 0.0187581 0.164734 0.332603 0.154889 0.0298734 0.0822276 0.115343 0.0443325 0.028096 0.0210293 0.00574255 0.00152704 0.000311016 3.74401e-05 2.19127e-06 5.43587e-08
 8.71668e-40 4.26621e-33 4.80041e-27 1.24182e-21 7.38557e-17 1.00984e-12 3.17445e-09 2.29418e-06 0.000381181 0.0145606 0.127872 0.258181 0.1207 0.0356758 0.140079 0.196497 0.0676433 0.019782 0.0128113 0.00412808 0.00137416 0.000276696 3.41006e-05 2.50697e-06 8.13432e-08
 9.53003e-40 4.66429e-33 5.24833e-27 1.35769e-21 8.07472e-17 1.10407e-12 3.47066e-09 2.50825e-06 0.00041675 0.0159193 0.139803 0.28227 0.131728 0.0327858 0.115177 0.161725 0.0598941 0.031287 0.0224452 0.0052662 0.0010278 0.000217493 3.16626e-05 2.43564e-06 8.76873e-08
 1.01246e-39 4.95531e-33 5.57579e-27 1.4424e-21 8.57852e-17 1.17296e-12 3.6872e-09 2.66475e-06 0.000442752 0.0169125 0.148526 0.299881 0.139864 0.0326349 0.108947 0.152797 0.0547076 0.0228926 0.0161122 0.00469702 0.00133095 0.000226699 2.2556e-05 1.74119e-06 6.96017e-08
 8.63907e-40 4.22823e-33 4.75767e-27 1.23076e-21 7.31981e-17 1.00085e-12 3.14619e-09 2.27376e-06 0.000377788 0.014431 0.126733 0.255882 0.119615 0.0350776 0.13712 0.192467 0.0681518 0.0261114 0.0178366 0.0047262 0.00119525 0.000241538 2.9477e-05 1.87933e-06 6.10583e-08
 1.12023e-39 5.48273e-33 6.16925e-27 1.59593e-21 9.49158e-17 1.2978e-12 4.07965e-09 2.94837e-06 0.000489876 0.0187126 0.164334 0.331797 0.154547 0.0306933 0.0874751 0.122608 0.0451044 0.0226529 0.0162741 0.00415487 0.00095562 0.000175573 2.06929e-05 1.51348e-06 5.13039e-08
 8.8838e-40 4.348e-33 4.89244e-27 1.26563e-21 7.52717e-17 1.0292e-12 3.23531e-09 2.33817e-06 0.00038849 0.0148398 0.130323 0.263131 0.122976 0.0353547 0.136627 0.191654 0.0662548 0.0202736 0.0131408 0.00376114 0.00105671 0.000193408 2.06994e-05 1.40298e-06 4.87853e-08
 1.00381e-39 4.91295e-33 5.52813e-27 1.43007e-21 8.50519e-17 1.16293e-12 3.65568e-09 2.64197e-06 0.000438967 0.016768 0.147256 0.297318 0.138665 0.0322594 0.107428 0.150763 0.0554723 0.0278792 0.0198963 0.00472424 0.000929749 0.000175964 2.174e-05 1.46807e-06 4.72543e-08
 1.03386e-39 5.06004e-33 5.69364e-27 1.47289e-21 8.75983e-17 1.19775e-12 3.76513e-09 2.72107e-06 0.00045211 0.01727 0.151665 0.306219 0.142792 0.0325716 0.106651 0.149518 0.0529791 0.0204213 0.0140885 0.00403886 0.00111965 0.000191185 1.84114e-05 1.24701e-06 4.30704e-08
 8.75214e-40 4.28357e-33 4.81994e-27 1.24687e-21 7.41562e-17 1.01395e-12 3.18737e-09 2.30352e-06 0.000382732 0.0146199 0.128392 0.259231 0.121161 0.0350366 0.135861 0.190672 0.06726 0.0249499 0.0168588 0.00432355 0.00102254 0.00020099 2.40936e-05 1.50912e-06 4.55087e-08
 9.23326e-40 4.51904e-33 5.0849e-27 1.31541e-21 7.82326e-17 1.06969e-12 3.36258e-09 2.43014e-06 0.000403772 0.0154236 0.13545 0.273481 0.127682 0.0332413 0.120607 0.169368 0.0624315 0.0317355 0.0228297 0.00578523 0.00130192 0.000230687 2.56527e-05 1.81453e-06 6.02391e-08
 9.70618e-40 4.7505e-33 5.34534e-27 1.38279e-21 8.22397e-17 1.12448e-12 3.53481e-09 2.55461e-06 0.000424453 0.0162136 0.142387 0.287487 0.134149 0.0330237 0.115057 0.161448 0.0582938 0.0259309 0.0184534 0.00532143 0.00150442 0.000273157 2.84242e-05 1.83874e-06 6.09314e-08
 1.12952e-39 5.52824e-33 6.22047e-27 1.60918e-21 9.57037e-17 1.30858e-12 4.11352e-09 2.97285e-06 0.000493943 0.018868 0.165699 0.334552 0.155834 0.0310444 0.0887887 0.124368 0.04447 0.0184162 0.0128348 0.00349297 0.000924159 0.000187333 2.32591e-05 1.5481e-06 4.81312e-08
 1.12952e-39 5.52824e-33 6.22047e-27 1.60918e-21 9.57037e-17 1.30858e-12 4.11352e-09 2.97285e-06 0.000493943 0.018868 0.165699 0.334552 0.155834 0.0310444 0.0887887 0.124368 0.04447 0.0184162 0.0128348 0.00349297 0.000924159 0.000187333 2.32591e-05 1.5481e-06 4.81312e-08
#pred catch len freq
 2.13865e-27 2.15534e-27 4.71544e-27 8.75557e-22 5.20727e-17 7.12001e-13 2.23818e-09 1.61754e-06 0.000268752 0.0102662 0.0901579 0.182035 0.0852324 0.0286503 0.12013 0.169402 0.0707536 0.0619432 0.0546906 0.0345034 0.0270359 0.0212103 0.0197154 0.017051 0.00695165
 2.13858e-27 2.15672e-27 4.93359e-27 9.4966e-22 5.64799e-17 7.72261e-13 2.42761e-09 1.75444e-06 0.000291498 0.011135 0.0977884 0.197443 0.0925443 0.0336837 0.146223 0.205839 0.0799642 0.0533264 0.0420971 0.0170676 0.00922886 0.00538923 0.00389261 0.00292696 0.00115781
 2.13911e-27 2.15838e-27 5.13493e-27 1.01804e-21 6.05469e-17 8.2787e-13 2.60242e-09 1.88078e-06 0.000312488 0.0119368 0.10483 0.211659 0.0990793 0.0326866 0.135853 0.191396 0.0774038 0.0604159 0.047553 0.0163824 0.00647893 0.00225482 0.000992436 0.000561682 0.000202731
 2.13949e-27 2.15935e-27 5.23783e-27 1.05294e-21 6.26225e-17 8.56251e-13 2.69164e-09 1.94525e-06 0.000323201 0.0123461 0.108424 0.218915 0.102437 0.0327757 0.134209 0.188983 0.0752209 0.0554061 0.0440979 0.017102 0.00717556 0.00194491 0.000459307 0.000138681 3.93734e-05
 2.13979e-27 2.16006e-27 5.30738e-27 1.07651e-21 6.40241e-17 8.75415e-13 2.75188e-09 1.98879e-06 0.000330435 0.0126224 0.11085 0.223814 0.104713 0.0330526 0.134423 0.189213 0.074345 0.0519891 0.0408533 0.0151673 0.00633396 0.00185041 0.000375374 5.61523e-05 8.59835e-06
 2.13839e-27 2.15661e-27 4.94305e-27 9.52918e-22 5.66737e-17 7.74911e-13 2.43594e-09 1.76046e-06 0.000292498 0.0111732 0.098124 0.19812 0.0928782 0.034235 0.149386 0.210324 0.0821016 0.0558466 0.0435298 0.0155888 0.00622373 0.00176519 0.000360598 4.53298e-05 3.54927e-06
 2.1368e-27 2.15281e-27 4.55365e-27 8.20891e-22 4.88215e-17 6.67547e-13 2.09844e-09 1.51655e-06 0.000251972 0.00962518 0.0845288 0.170672 0.080192 0.0343298 0.158238 0.223021 0.0895703 0.0681749 0.0535542 0.0184845 0.00703591 0.0019023 0.000370089 4.48127e-05 2.84715e-06
 2.14005e-27 2.1608e-27 5.40135e-27 1.10845e-21 6.5924e-17 9.01393e-13 2.83354e-09 2.04781e-06 0.00034024 0.0129969 0.11414 0.230455 0.107723 0.0314613 0.122708 0.172921 0.0716206 0.0606449 0.0484525 0.0175029 0.00688095 0.001786 0.000326046 3.72843e-05 2.21865e-06
 2.14311e-27 2.1681e-27 6.14322e-27 1.35997e-21 8.08824e-17 1.10592e-12 3.47648e-09 2.51246e-06 0.000417442 0.015946 0.140039 0.282744 0.131904 0.0316404 0.108041 0.151779 0.0577921 0.0351348 0.0274136 0.0108914 0.00470679 0.00128501 0.000237181 2.57988e-05 1.4419e-06
 2.13833e-27 2.15629e-27 4.88545e-27 9.3327e-22 5.55051e-17 7.58933e-13 2.38572e-09 1.72416e-06 0.000286467 0.0109429 0.0961007 0.194036 0.0910716 0.0364106 0.163898 0.230465 0.0849517 0.0432599 0.0320959 0.0108101 0.0041496 0.00123723 0.000252263 2.84794e-05 1.55875e-06
 2.13853e-27 2.15702e-27 4.9956e-27 9.70792e-22 5.77367e-17 7.89446e-13 2.48163e-09 1.79348e-06 0.000297985 0.0113828 0.0999644 0.201836 0.0945531 0.0330933 0.141297 0.199148 0.0813006 0.0655015 0.0507543 0.0148904 0.00458249 0.00114763 0.000219886 2.68017e-05 1.55719e-06
 2.14257e-27 2.1668e-27 6.0107e-27 1.31504e-21 7.82102e-17 1.06938e-12 3.36162e-09 2.42946e-06 0.00040365 0.0154192 0.135412 0.273403 0.127585 0.0316441 0.110879 0.155875 0.0605556 0.0403584 0.0314856 0.0114813 0.00437399 0.000961731 0.000143701 1.52821e-05 8.9371e-07
 2.14031e-27 2.16116e-27 5.39986e-27 1.10776e-21 6.58827e-17 9.00828e-13 2.83176e-09 2.04652e-06 0.000340027 0.0129888 0.114068 0.230312 0.107783 0.0348261 0.143292 0.201385 0.0742303 0.0378042 0.0281763 0.00980244 0.00378611 0.00101551 0.000171704 1.56015e-05 7.60791e-07
 2.13867e-27 2.15723e-27 4.99976e-27 9.72115e-22 5.78154e-17 7.90522e-13 2.48502e-09 1.79593e-06 0.000298391 0.0113983 0.100101 0.202111 0.0947406 0.0346936 0.150984 0.21252 0.0821886 0.0535934 0.0405692 0.0119367 0.00372132 0.000949978 0.000173543 1.81506e-05 8.69263e-07
 2.13796e-27 2.15554e-27 4.8276e-27 9.13748e-22 5.43441e-17 7.43058e-13 2.33581e-09 1.6881e-06 0.000280475 0.010714 0.0940906 0.189977 0.0891314 0.0347109 0.154746 0.217903 0.0851367 0.0580841 0.0447092 0.0144249 0.0048543 0.00105788 0.000160285 1.66394e-05 8.7331e-07
 2.13938e-27 2.15902e-27 5.19486e-27 1.03832e-21 6.17531e-17 8.44363e-13 2.65427e-09 1.91825e-06 0.000318714 0.0121747 0.106918 0.215876 0.101063 0.0335934 0.140118 0.197256 0.0774562 0.0539645 0.0416828 0.0135815 0.00471393 0.00110046 0.000165465 1.46938e-05 7.03894e-07
 2.14056e-27 2.16183e-27 5.47937e-27 1.13477e-21 6.74893e-17 9.22795e-13 2.90082e-09 2.09643e-06 0.000348319 0.0133055 0.11685 0.235927 0.110342 0.0338235 0.135479 0.190509 0.0722572 0.0430168 0.0326044 0.0107178 0.00376774 0.000894881 0.000140662 1.28128e-05 5.68852e-07
 2.13895e-27 2.15788e-27 5.06173e-27 9.93104e-22 5.90637e-17 8.0759e-13 2.53867e-09 1.8347e-06 0.000304833 0.0116444 0.102262 0.206475 0.096774 0.0351199 0.152271 0.214211 0.0810888 0.0477862 0.0359568 0.0112726 0.00376617 0.000905194 0.000146352 1.38003e-05 6.31092e-07
 2.1398e-27 2.16001e-27 5.29329e-27 1.07168e-21 6.37372e-17 8.71492e-13 2.73955e-09 1.97988e-06 0.000328954 0.0125658 0.110354 0.222811 0.104277 0.0337894 0.139224 0.195922 0.0760074 0.050268 0.0382507 0.0115802 0.00365001 0.000828803 0.000128377 1.22392e-05 5.76497e-07
 2.13945e-27 2.15912e-27 5.19377e-27 1.0379e-21 6.17278e-17 8.44018e-13 2.65318e-09 1.91746e-06 0.000318584 0.0121697 0.106875 0.215788 0.101059 0.0345729 0.146124 0.205556 0.0781485 0.0470694 0.0356961 0.0116213 0.00397727 0.000882436 0.000128377 1.16016e-05 5.37497e-07
 2.14003e-27 2.16055e-27 5.3476e-27 1.09009e-21 6.48318e-17 8.8646e-13 2.7866e-09 2.01388e-06 0.000334604 0.0127816 0.112249 0.226638 0.106049 0.0338846 0.138652 0.195061 0.0749708 0.0475458 0.0360671 0.0111348 0.00363385 0.000852665 0.000130731 1.14531e-05 5.01805e-07
 2.1402e-27 2.16096e-27 5.38713e-27 1.10348e-21 6.56285e-17 8.97352e-13 2.82084e-09 2.03863e-06 0.000338715 0.0129387 0.113628 0.229423 0.107342 0.0340363 0.138739 0.195128 0.0742282 0.0448328 0.0339294 0.0108325 0.0036414 0.00082394 0.00012447 1.13848e-05 5.04678e-07
 2.13935e-27 2.15888e-27 5.17006e-27 1.02987e-21 6.12502e-17 8.37487e-13 2.63265e-09 1.90262e-06 0.000316118 0.0120755 0.106048 0.214118 0.100283 0.0344774 0.146045 0.20548 0.0786114 0.0487969 0.0370237 0.0117195 0.00393326 0.000917222 0.000140726 1.26621e-05 5.6746e-07
 2.14029e-27 2.1612e-27 5.41899e-27 1.11432e-21 6.62729e-17 9.06164e-13 2.84854e-09 2.05865e-06 0.000342041 0.0130657 0.114744 0.231675 0.108361 0.0334312 0.134366 0.18905 0.0732522 0.0482027 0.0368538 0.0116803 0.0039144 0.000905716 0.000139734 1.28186e-05 5.75772e-07
 2.13958e-27 2.15943e-27 5.22574e-27 1.04874e-21 6.23725e-17 8.52833e-13 2.68089e-09 1.93749e-06 0.000321911 0.0122968 0.107991 0.218041 0.102102 0.0345963 0.145588 0.204775 0.0775179 0.0457032 0.0346006 0.0113875 0.00399015 0.000930026 0.000143278 1.31442e-05 5.96889e-07
 2.13868e-27 2.15724e-27 4.9998e-27 9.72123e-22 5.78158e-17 7.90528e-13 2.48504e-09 1.79594e-06 0.000298393 0.0113984 0.100102 0.202113 0.0947454 0.0348003 0.151634 0.213409 0.0821171 0.0523529 0.039721 0.0122141 0.00397829 0.000948539 0.000151241 1.39856e-05 6.35368e-07
 2.13901e-27 2.1581e-27 5.09636e-27 1.00491e-21 5.97657e-17 8.17189e-13 2.56884e-09 1.85651e-06 0.000308457 0.0117828 0.103477 0.208929 0.0978661 0.0339937 0.144656 0.203647 0.0796669 0.054635 0.042008 0.0133761 0.00447512 0.00100839 0.000153033 1.43898e-05 6.67175e-07
 2.14e-27 2.1605e-27 5.3458e-27 1.0895e-21 6.47968e-17 8.85981e-13 2.78509e-09 2.01279e-06 0.000334423 0.0127747 0.112188 0.226515 0.105981 0.0335788 0.136822 0.192519 0.0745492 0.0489385 0.0376311 0.0125197 0.0044389 0.00103457 0.000157165 1.41256e-05 6.43392e-07
 2.14326e-27 2.16843e-27 6.17343e-27 1.37019e-21 8.14903e-17 1.11423e-12 3.50261e-09 2.53135e-06 0.000420579 0.0160659 0.141091 0.284869 0.132897 0.0319262 0.109146 0.153308 0.0579984 0.0340867 0.0257963 0.00850338 0.00302088 0.000738092 0.00011913 1.09661e-05 4.90845e-07
#obs catch len freq
 4.08657e-40 2.00009e-33 2.25054e-27 5.82193e-22 3.46252e-17 4.73437e-13 1.48825e-09 1.07556e-06 0.000178706 0.00682635 0.059949 0.121047 0.0573067 0.0358489 0.182466 0.257264 0.102814 0.0769057 0.0612551 0.0237167 0.0103711 0.00321124 0.000727932 0.000101694 7.28744e-06
 4.22349e-40 2.0671e-33 2.32594e-27 6.01698e-22 3.57852e-17 4.89299e-13 1.53811e-09 1.1116e-06 0.000184694 0.00705506 0.0619575 0.125103 0.0591976 0.0362786 0.183867 0.25915 0.102302 0.0729229 0.0575558 0.0217042 0.00922693 0.00278902 0.000615169 8.34044e-05 5.77487e-06
 5.74019e-40 2.80943e-33 3.16121e-27 8.17776e-22 4.86362e-17 6.65012e-13 2.09047e-09 1.51079e-06 0.00025102 0.00958862 0.0842073 0.170024 0.0799241 0.0351718 0.163572 0.230386 0.0900438 0.0615778 0.0481077 0.0174511 0.00710887 0.002079 0.00044306 5.82417e-05 3.90978e-06
 5.19308e-40 2.54165e-33 2.85991e-27 7.39831e-22 4.40005e-17 6.01628e-13 1.89122e-09 1.36679e-06 0.000227094 0.0086747 0.0761813 0.153821 0.0725523 0.0383538 0.187881 0.264263 0.09678 0.0473713 0.0351093 0.0123191 0.00481126 0.00134464 0.000272836 3.44648e-05 2.23602e-06
 6.01537e-40 2.9441e-33 3.31275e-27 8.56978e-22 5.09677e-17 6.96891e-13 2.19068e-09 1.58321e-06 0.000263053 0.0100483 0.088244 0.178174 0.083745 0.0365801 0.169713 0.238798 0.089804 0.051129 0.0379527 0.0110481 0.00341408 0.000891456 0.0001711 2.04778e-05 1.26938e-06
 5.47182e-40 2.67808e-33 3.01342e-27 7.79543e-22 4.63623e-17 6.33921e-13 1.99274e-09 1.44015e-06 0.000239284 0.00914033 0.0802704 0.162076 0.0763778 0.0385838 0.186797 0.262659 0.0952172 0.0435589 0.0314133 0.00973287 0.00312945 0.000684099 0.000106363 1.16128e-05 6.78749e-07
 4.05483e-40 1.98456e-33 2.23306e-27 5.7767e-22 3.43562e-17 4.69759e-13 1.47669e-09 1.06721e-06 0.000177318 0.00677333 0.0594834 0.120108 0.0570191 0.0397559 0.206602 0.290749 0.107542 0.0558204 0.0406643 0.0113218 0.00316282 0.000704581 0.000104742 9.45759e-06 4.738e-07
 3.90977e-40 1.91356e-33 2.15317e-27 5.57005e-22 3.31272e-17 4.52954e-13 1.42386e-09 1.02903e-06 0.000170975 0.00653102 0.0573554 0.115811 0.0549498 0.0375502 0.194432 0.274006 0.107208 0.0735261 0.0560116 0.016449 0.00486201 0.000991141 0.000132606 1.1475e-05 5.09651e-07
 9.78345e-40 4.78832e-33 5.3879e-27 1.3938e-21 8.28944e-17 1.13343e-12 3.56295e-09 2.57495e-06 0.000427832 0.0163426 0.143521 0.289775 0.135138 0.0311833 0.103132 0.144913 0.0561475 0.0369612 0.0285025 0.00965632 0.00343748 0.00074944 0.000101328 8.05456e-06 3.28857e-07
 6.91359e-40 3.38372e-33 3.80742e-27 9.84943e-22 5.85783e-17 8.00951e-13 2.5178e-09 1.81962e-06 0.000302332 0.0115487 0.101421 0.204779 0.0961493 0.0393691 0.17872 0.250776 0.084244 0.0178037 0.0100801 0.0032888 0.00117357 0.000292759 4.65737e-05 3.92777e-06 1.5575e-07
 3.01973e-40 1.47795e-33 1.66301e-27 4.30205e-22 2.55859e-17 3.49841e-13 1.09973e-09 7.94776e-07 0.000132053 0.00504426 0.0442987 0.0894522 0.0429815 0.0433646 0.237871 0.334493 0.118515 0.0455847 0.0305766 0.00653364 0.000932896 0.000185207 3.07756e-05 2.9801e-06 1.31843e-07
 8.52971e-40 4.1747e-33 4.69744e-27 1.21518e-21 7.22715e-17 9.88183e-13 3.10636e-09 2.24497e-06 0.000373006 0.0142483 0.125129 0.252642 0.117974 0.0312646 0.114821 0.161752 0.067124 0.0570361 0.0437751 0.0110749 0.00240041 0.00035332 2.77346e-05 2.06231e-06 9.71351e-08
 7.96246e-40 3.89707e-33 4.38505e-27 1.13437e-21 6.74653e-17 9.22466e-13 2.89978e-09 2.09568e-06 0.0003482 0.0133008 0.116807 0.235844 0.110436 0.0373763 0.157192 0.220505 0.0745566 0.0173905 0.0105257 0.00392192 0.00148654 0.000278073 2.67022e-05 1.38753e-06 3.84041e-08
 4.85486e-40 2.37612e-33 2.67365e-27 6.91647e-22 4.11348e-17 5.62445e-13 1.76805e-09 1.27777e-06 0.000212304 0.00810973 0.0712197 0.143804 0.0680502 0.0417818 0.211827 0.297576 0.102642 0.0306142 0.0191742 0.00416107 0.000655 0.000146439 2.28178e-05 1.55813e-06 4.31228e-08
 5.17165e-40 2.53117e-33 2.84811e-27 7.36778e-22 4.3819e-17 5.99145e-13 1.88342e-09 1.36115e-06 0.000226157 0.00863891 0.0758669 0.153186 0.0722522 0.0381762 0.186989 0.263133 0.0982329 0.0536902 0.0387685 0.00900284 0.00158764 0.000226724 1.95887e-05 1.52247e-06 5.95997e-08
 3.7323e-40 1.8267e-33 2.05544e-27 5.31722e-22 3.16235e-17 4.32394e-13 1.35924e-09 9.82322e-07 0.000163214 0.00623457 0.054752 0.110556 0.0526443 0.0408574 0.216205 0.304168 0.11068 0.0519035 0.0373494 0.0108702 0.00306381 0.000507329 4.169e-05 2.08824e-06 6.11199e-08
 7.20278e-40 3.52526e-33 3.96668e-27 1.02614e-21 6.10285e-17 8.34455e-13 2.62312e-09 1.89573e-06 0.000314979 0.0120318 0.105663 0.213342 0.0999162 0.034243 0.144847 0.203872 0.0791918 0.0526268 0.039621 0.0108058 0.00286538 0.000582338 6.99352e-05 4.08702e-06 1.01239e-07
 4.7675e-40 2.33336e-33 2.62553e-27 6.79201e-22 4.03946e-17 5.52323e-13 1.73623e-09 1.25478e-06 0.000208483 0.0079638 0.0699381 0.141217 0.066846 0.0415715 0.211323 0.296886 0.102631 0.0314191 0.0206445 0.00664301 0.00220613 0.000443366 5.44891e-05 3.99836e-06 1.29575e-07
 5.47715e-40 2.68069e-33 3.01635e-27 7.80301e-22 4.64074e-17 6.34538e-13 1.99468e-09 1.44156e-06 0.000239517 0.00914922 0.0803485 0.162234 0.0764194 0.0377507 0.181665 0.25562 0.0954677 0.0523001 0.0377987 0.0088615 0.001724 0.000363804 5.28298e-05 4.05685e-06 1.45839e-07
 6.05436e-40 2.96319e-33 3.33423e-27 8.62533e-22 5.12981e-17 7.01408e-13 2.20488e-09 1.59347e-06 0.000264758 0.0101134 0.088816 0.17933 0.084336 0.0380962 0.17862 0.251084 0.0904797 0.0396907 0.0282009 0.00820991 0.00232055 0.00039463 3.91409e-05 3.01385e-06 1.20306e-07
 4.74187e-40 2.32082e-33 2.61142e-27 6.7555e-22 4.01775e-17 5.49354e-13 1.7269e-09 1.24803e-06 0.000207363 0.00792099 0.0695621 0.140457 0.0664542 0.0404847 0.204917 0.288079 0.10258 0.0411222 0.0283776 0.00751033 0.00189349 0.000381764 4.64741e-05 2.95768e-06 9.59143e-08
 7.18255e-40 3.51536e-33 3.95554e-27 1.02326e-21 6.08572e-17 8.32112e-13 2.61575e-09 1.89041e-06 0.000314094 0.011998 0.105366 0.212744 0.0996953 0.0357308 0.15411 0.216683 0.0803625 0.0423484 0.0306617 0.00782019 0.00179362 0.00032884 3.86456e-05 2.82095e-06 9.54951e-08
 4.91594e-40 2.40601e-33 2.70728e-27 7.00348e-22 4.16523e-17 5.6952e-13 1.79029e-09 1.29385e-06 0.000214975 0.00821175 0.0721156 0.145613 0.0688662 0.0412442 0.208 0.292236 0.101472 0.0325027 0.0213573 0.0061058 0.00171108 0.000312609 3.33636e-05 2.25649e-06 7.8339e-08
 5.94679e-40 2.91054e-33 3.27499e-27 8.47209e-22 5.03866e-17 6.88946e-13 2.16571e-09 1.56516e-06 0.000260054 0.00993373 0.087238 0.176144 0.0828361 0.0373803 0.175211 0.246464 0.0914292 0.0482247 0.0346876 0.00822989 0.00161492 0.0003049 3.75726e-05 2.53267e-06 8.13931e-08
 6.27426e-40 3.07082e-33 3.45533e-27 8.93862e-22 5.31613e-17 7.26885e-13 2.28497e-09 1.65135e-06 0.000274374 0.0104808 0.092042 0.185843 0.0873515 0.03821 0.177352 0.249223 0.0888235 0.0358763 0.0250094 0.00716031 0.00197992 0.000337535 3.24095e-05 2.18991e-06 7.5526e-08
 4.7944e-40 2.34653e-33 2.64035e-27 6.83033e-22 4.06225e-17 5.5544e-13 1.74603e-09 1.26186e-06 0.00020966 0.00800873 0.0703327 0.142013 0.0671775 0.0405928 0.205108 0.28832 0.102285 0.0397905 0.027188 0.00696609 0.00164284 0.000322202 3.85285e-05 2.40911e-06 7.25253e-08
 5.2051e-40 2.54754e-33 2.86653e-27 7.41544e-22 4.41024e-17 6.03021e-13 1.8956e-09 1.36995e-06 0.00022762 0.00869478 0.0763576 0.154177 0.0727115 0.0382092 0.186892 0.262965 0.0977313 0.0521173 0.0377803 0.00956425 0.00214635 0.00037954 4.20836e-05 2.97064e-06 9.84859e-08
 5.63852e-40 2.75966e-33 3.10522e-27 8.0329e-22 4.77747e-17 6.53232e-13 2.05344e-09 1.48403e-06 0.000246573 0.00941878 0.0827157 0.167013 0.0786509 0.0383323 0.183774 0.258414 0.0939627 0.0438478 0.0314836 0.00906703 0.00255683 0.000463423 4.80906e-05 3.10436e-06 1.02703e-07
 9.63813e-40 4.71719e-33 5.30786e-27 1.37309e-21 8.1663e-17 1.11659e-12 3.51002e-09 2.5367e-06 0.000421477 0.0160999 0.141389 0.285472 0.133233 0.033453 0.118285 0.165945 0.0591677 0.0239683 0.0166162 0.00449836 0.00117887 0.000237951 2.94323e-05 1.95436e-06 6.06449e-08
#spawning biomass
 4558.54 2728.04 2889.48 3783.94 4929.59 6533.16 7016.88 5910.62 7240.24 14335 16300.9 14294.4 24586.9 32722.5 29855 23309 20067.1 24249.8 22000.3 22217.7 21853.1 23228.3 27710.4 28712.2 32317.9 33076.5 30243.6 28373.6 33661.6 28419.6 74319.6 96620.1 77240.2 57480.6 45013.8 38019.9 34310.3 32408.3 31454.4 30982.9 30752.2 30640.1 30585.9 30559.7 30547.1 30541.1 30538.2 30536.8 30536.1 30535.8 30535.7 30535.6 30535.6 30535.5 30535.5 30535.5 30535.5 30535.5 30535.5 30535.5 30535.5 30535.5 30535.5 30535.5 30535.5 30535.5 30535.5 30535.5 30535.5 30535.5 30535.5 30535.5 30535.5 30535.5 30535.5 30535.5 30535.5 30535.5 30535.5 30535.5 30535.5 30535.5 30535.5 30535.5 30535.5 30535.5 30535.5 30535.5 30535.5 30535.5 30535.5 30535.5 30535.5 30535.5 30535.5 30535.5 30535.5 30535.5 30535.5 30535.5 30535.5 30535.5 30535.5 30535.5 30535.5 30535.5 30535.5 30535.5 30535.5 30535.5 30535.5 30535.5 30535.5 30535.5 30535.5 30535.5 30535.5 30535.5 30535.5 30535.5 30535.5 30535.5 30535.5 30535.5 30535.5 30535.5 30535.5 30535.5 30535.5 0 0 0 0 0 0 0 0 0 0 0 0 0 0 0 0 0 0 0 0 0 0 0 0 0
