SBPRF35
0.626488
Curr Bio
114392
B35
490052
F35
0.291162
FOFL
0
OFL
0
Bzero
178997
#pred survey bio
 19248.2 19964.6 24138.1 28717.4 34137.6 41924.4 47057 60178.6 72754.3 92434 89993.6 103777 99853.6 109892 116999 125968 136908 144774 148404 149251 132385 131001 165141 172367 143477 163226 160262 130121 3.24629e+06 4.20706e+06 4.44083e+06 4.02841e+06 3.4519e+06 2.91379e+06 2.48237e+06 2.16369e+06 1.93954e+06 1.78645e+06 1.68358e+06 1.61492e+06 1.56906e+06 1.53818e+06 1.5169e+06 1.50182e+06 1.49146e+06 1.48419e+06 1.47898e+06 1.47518e+06 1.47237e+06 1.47026e+06 1.46866e+06 1.46743e+06 1.46649e+06 1.46576e+06 1.46519e+06 1.46474e+06 1.46439e+06 1.46412e+06 1.46391e+06 1.46374e+06 1.46361e+06 1.4635e+06 1.46342e+06 1.46335e+06 1.4633e+06 1.46326e+06 1.46323e+06 1.46321e+06 1.46319e+06 1.46317e+06 1.46316e+06 1.46315e+06 1.46314e+06 1.46313e+06 1.46313e+06 1.46313e+06 1.46312e+06 1.46312e+06 1.46312e+06 1.46312e+06 1.46312e+06 1.46311e+06 1.46311e+06 1.46311e+06 1.46311e+06 1.46311e+06 1.46311e+06 1.46311e+06 1.46311e+06 1.46311e+06 1.46311e+06 1.46311e+06 1.46311e+06 1.46311e+06 1.46311e+06 1.46311e+06 1.46311e+06 1.46311e+06 1.46311e+06 1.46311e+06 1.46311e+06 1.46311e+06 1.46311e+06 1.46311e+06 1.46311e+06 1.46311e+06 1.46311e+06 1.46311e+06 1.46311e+06 1.46311e+06 1.46311e+06 1.46311e+06 1.46311e+06 1.46311e+06 1.46311e+06 1.46311e+06 1.46311e+06 1.46311e+06 1.46311e+06 1.46311e+06 1.46311e+06 1.46311e+06 1.46311e+06 1.46311e+06 1.46311e+06 1.46311e+06 1.46311e+06 1.46311e+06 0 0 0 0 0 0 0 0 0 0 0 0 0 0 0 0 0 0 0 0 0 0 0 0 0
#obs survey bio
 16537 21872.5 20793.1 18810.8 31545.2 38880.8 34239 48810.2 72165.1 94111.9 94401.4 72147 71731 80744 91113.6 118541 91663.8 108067 116139 83351.5 145790 81451.4 144173 91078.4 134291 123234 161612 90839.4
#pred catch bio
 10659.2 10593.1 13401 16041 18088.8 24986.3 26426.5 35803 39587.9 61188.1 53037.6 68493.9 60208.6 70722.3 74165.1 78197.5 88468.5 96183.8 97367.3 105128 92556.3 80646.9 108353 128232 93825.5 113262 119214 85105.5 0 36835.6 44306.3 40063.1 33454.9 27386.5 22626.9 19198.1 16858.5 15320.6 14336.1 13718 13335.6 13101.4 12958.5 12871.3 12819.9 12789.5 12771.7 12761.1 12754.9 12751.3 12749.1 12747.8 12747.1 12746.6 12746.4 12746.2 12746.1 12746.1 12746 12746 12746 12746 12746 12746 12746 12746 12746 12746 12746 12746 12746 12746 12746 12746 12746 12746 12746 12746 12746 12746 12746 12746 12746 12746 12746 12746 12746 12746 12746 12746 12746 12746 12746 12746 12746 12746 12746 12746 12746 12746 12746 12746 12746 12746 12746 12746 12746 12746 12746 12746 12746 12746 12746 12746 12746 12746 12746 12746 12746 12746 12746 12746 12746 12746 12746 12746 12746 12746 0 0 0 0 0 0 0 0 0 0 0 0 0 0 0 0 0 0 0 0 0 0 0 0 0
#obs catch bio
 9973.7 10274 13323.8 15889.3 17173.4 22834 25851 36083.1 38146.2 57356.6 46975.5 68306.3 57299.8 67617.9 69875.3 70446.9 86676.5 89710.7 94058.9 104931 81826.6 78732.7 97198.7 120126 84188.1 106919 106221 78427
#pred cpue bio
 13312.5 11664.4 13731.5 15991.6 18976.5 23821.6 25494.5 31970.5 38095.9 50719.3 47557.2 56358.4 53399.3 59962 60677.8 66471.6 73198.2 75236.5 76349.5 78857 68295.3 64418.6 82405.2 89561.5 70688.8 81055 80521.1 65456.2 1.69109e+06 3.36456e+06 4.16608e+06 3.84269e+06 3.27427e+06 2.73679e+06 2.30542e+06 1.98675e+06 1.76259e+06 1.6095e+06 1.50663e+06 1.43797e+06 1.39211e+06 1.36123e+06 1.33995e+06 1.32488e+06 1.31452e+06 1.30724e+06 1.30203e+06 1.29823e+06 1.29542e+06 1.29331e+06 1.29171e+06 1.29049e+06 1.28954e+06 1.28881e+06 1.28824e+06 1.2878e+06 1.28745e+06 1.28718e+06 1.28696e+06 1.28679e+06 1.28666e+06 1.28656e+06 1.28647e+06 1.28641e+06 1.28636e+06 1.28632e+06 1.28628e+06 1.28626e+06 1.28624e+06 1.28622e+06 1.28621e+06 1.2862e+06 1.28619e+06 1.28619e+06 1.28618e+06 1.28618e+06 1.28618e+06 1.28617e+06 1.28617e+06 1.28617e+06 1.28617e+06 1.28617e+06 1.28617e+06 1.28617e+06 1.28617e+06 1.28617e+06 1.28617e+06 1.28617e+06 1.28617e+06 1.28617e+06 1.28617e+06 1.28617e+06 1.28617e+06 1.28617e+06 1.28617e+06 1.28617e+06 1.28617e+06 1.28617e+06 1.28617e+06 1.28617e+06 1.28617e+06 1.28617e+06 1.28617e+06 1.28617e+06 1.28617e+06 1.28617e+06 1.28617e+06 1.28617e+06 1.28617e+06 1.28617e+06 1.28617e+06 1.28617e+06 1.28617e+06 1.28617e+06 1.28617e+06 1.28617e+06 1.28617e+06 1.28617e+06 1.28617e+06 1.28617e+06 1.28617e+06 1.28617e+06 1.28617e+06 1.28617e+06 1.28617e+06 1.28617e+06 1.28617e+06 1.28617e+06 0 0 0 0 0 0 0 0 0 0 0 0 0 0 0 0 0 0 0 0 0 0 0 0 0
#obs cpue bio
 13266.4 13285.7 16184.9 23659.6 28085.9 41594.2 29436.7 38957.1 43840.8 83299.9 67409.7 73917.2 83501.9 110145 95253.3 109612 107913 142292 102486 144897 120995 85912.6 183676 205136 115480 130056 145006 123324
#pred surv len freq
 1.40193e-11 1.52233e-09 9.7461e-08 3.67867e-06 8.18634e-05 0.00107408 0.00830933 0.0379188 0.102286 0.164827 0.16688 0.12836 0.103864 0.087001 0.0622357 0.0409677 0.0275893 0.0187989 0.0131523 0.00967462 0.00762595 0.00652748 0.00574053 0.00446459 0.00261631
 1.51861e-11 1.64902e-09 1.05572e-07 3.98482e-06 8.86764e-05 0.00116347 0.00900088 0.0410749 0.110803 0.178585 0.180949 0.139438 0.112482 0.0917384 0.060373 0.0335292 0.0180408 0.00946708 0.00498047 0.00284464 0.00182346 0.00132431 0.00104868 0.000782817 0.00045866
 1.48099e-11 1.60818e-09 1.02957e-07 3.88613e-06 8.64802e-05 0.00113466 0.00877811 0.0400614 0.108111 0.174581 0.178468 0.141621 0.119085 0.0987595 0.0643758 0.0344288 0.0171383 0.00775305 0.00314 0.00125342 0.000550355 0.000290147 0.000185349 0.000124288 7.00889e-05
 1.51873e-11 1.64916e-09 1.05581e-07 3.98514e-06 8.86836e-05 0.00116357 0.00900168 0.0410798 0.110834 0.17878 0.181828 0.141877 0.116494 0.0955536 0.0622348 0.0333404 0.0164877 0.00722418 0.00268501 0.000889047 0.000278119 9.10116e-05 3.68869e-05 1.88617e-05 9.50196e-06
 1.50263e-11 1.63168e-09 1.04462e-07 3.94291e-06 8.77438e-05 0.00115124 0.00890635 0.0406461 0.109681 0.17706 0.180729 0.142693 0.11904 0.0979963 0.0630557 0.0328379 0.0157588 0.00678502 0.00248272 0.000790139 0.000221237 5.51987e-05 1.347e-05 3.91006e-06 1.41156e-06
 1.4723e-11 1.59874e-09 1.02353e-07 3.86331e-06 8.59725e-05 0.001128 0.0087266 0.0398266 0.107482 0.173609 0.177674 0.14152 0.11969 0.0997819 0.0655823 0.0355118 0.0176862 0.00770652 0.0027976 0.000876568 0.000239744 5.61294e-05 1.12537e-05 2.04859e-06 3.98988e-07
 1.55703e-11 1.69075e-09 1.08243e-07 4.08564e-06 9.092e-05 0.00119291 0.00922861 0.0421142 0.113607 0.183109 0.185552 0.142995 0.115137 0.0930045 0.0593479 0.0306309 0.014558 0.00622048 0.00225611 0.000706636 0.000191237 4.37738e-05 8.36735e-06 1.32357e-06 1.7724e-07
 1.58732e-11 1.72364e-09 1.10349e-07 4.16512e-06 9.26887e-05 0.00121611 0.00940808 0.042932 0.115797 0.186507 0.188374 0.143542 0.113554 0.0906672 0.0572416 0.0289731 0.0134014 0.00555531 0.00194407 0.000589791 0.000157113 3.57363e-05 6.7504e-06 1.03292e-06 1.256e-07
 1.58779e-11 1.72415e-09 1.10382e-07 4.16635e-06 9.27162e-05 0.00121647 0.0094109 0.0429456 0.115843 0.186658 0.188884 0.144837 0.115506 0.0920028 0.0568092 0.0272747 0.0117803 0.00461924 0.0015354 0.000439878 0.000110954 2.41782e-05 4.44495e-06 6.68874e-07 7.94991e-08
 1.50799e-11 1.6375e-09 1.04834e-07 3.95696e-06 8.80566e-05 0.00115534 0.00893811 0.0407913 0.110076 0.177724 0.181528 0.143622 0.120074 0.0986213 0.0627281 0.0317419 0.0145174 0.0058145 0.00189866 0.000521579 0.000124872 2.57168e-05 4.47365e-06 6.43402e-07 7.40815e-08
 1.55185e-11 1.68512e-09 1.07883e-07 4.07205e-06 9.06177e-05 0.00118894 0.00919801 0.0419762 0.113258 0.182727 0.186012 0.145505 0.119421 0.0962416 0.0590226 0.0276395 0.0115023 0.00434964 0.0013848 0.000372488 8.62245e-05 1.68824e-05 2.76092e-06 3.72593e-07 4.04875e-08
 1.51779e-11 1.64814e-09 1.05515e-07 3.98267e-06 8.86287e-05 0.00116285 0.00899617 0.0410561 0.110789 0.178854 0.182591 0.144212 0.1202 0.0983181 0.0619424 0.0306899 0.0136274 0.00528115 0.00164694 0.000424724 9.47906e-05 1.80736e-05 2.86452e-06 3.69147e-07 3.78376e-08
 1.5214e-11 1.65206e-09 1.05767e-07 3.99216e-06 8.88398e-05 0.00116562 0.00901763 0.0411546 0.111063 0.179365 0.183429 0.145656 0.122103 0.0993994 0.0610449 0.0285038 0.0117815 0.00440224 0.00137123 0.000355881 7.84149e-05 1.44138e-05 2.18523e-06 2.70659e-07 2.66941e-08
 1.50914e-11 1.63875e-09 1.04914e-07 3.95998e-06 8.81238e-05 0.00115622 0.00894494 0.0408226 0.110164 0.177886 0.181795 0.144085 0.120703 0.0990475 0.0625975 0.0311824 0.0139192 0.00539542 0.00167122 0.000424575 9.24765e-05 1.70086e-05 2.56424e-06 3.0996e-07 2.94326e-08
 1.60418e-11 1.74194e-09 1.11521e-07 4.20936e-06 9.36732e-05 0.00122903 0.009508 0.0433879 0.117026 0.188482 0.190343 0.144944 0.114363 0.0905527 0.0557613 0.0266601 0.0114051 0.00437964 0.00139266 0.000367726 8.16615e-05 1.49196e-05 2.2164e-06 2.65238e-07 2.49244e-08
 1.53956e-11 1.67178e-09 1.07029e-07 4.0398e-06 8.99e-05 0.00117953 0.00912521 0.0416449 0.112377 0.181414 0.185179 0.146145 0.121395 0.098138 0.0596647 0.0272366 0.0108846 0.00394261 0.00119429 0.000303135 6.65546e-05 1.23681e-05 1.87568e-06 2.2567e-07 2.10422e-08
 1.53797e-11 1.67005e-09 1.06918e-07 4.03562e-06 8.9807e-05 0.00117831 0.00911574 0.0416011 0.11225 0.18114 0.184578 0.144872 0.119593 0.0970477 0.0603905 0.0291506 0.0124928 0.00467663 0.00139596 0.00033809 7.0157e-05 1.2454e-05 1.84602e-06 2.22508e-07 2.10198e-08
 1.58775e-11 1.72411e-09 1.10379e-07 4.16626e-06 9.27142e-05 0.00121645 0.00941072 0.0429451 0.115847 0.186701 0.189103 0.14545 0.116462 0.092708 0.0567182 0.0265701 0.0110213 0.00409989 0.00125506 0.000315606 6.65166e-05 1.15307e-05 1.6269e-06 1.86686e-07 1.71027e-08
 1.58292e-11 1.71886e-09 1.10043e-07 4.15357e-06 9.24317e-05 0.00121274 0.00938209 0.0428153 0.115508 0.186251 0.189091 0.146572 0.118567 0.0943435 0.0566226 0.0252055 0.00968665 0.00337398 0.000979269 0.000234999 4.84626e-05 8.46907e-06 1.20939e-06 1.3731e-07 1.21394e-08
 1.52789e-11 1.65911e-09 1.06218e-07 4.00919e-06 8.92189e-05 0.00117059 0.00905611 0.0413304 0.111539 0.180147 0.184287 0.146474 0.122848 0.0996745 0.06043 0.0272808 0.010646 0.00369789 0.00103796 0.00023374 4.47441e-05 7.35045e-06 1.01124e-06 1.13554e-07 1.00505e-08
 1.56834e-11 1.70303e-09 1.09029e-07 4.11531e-06 9.15804e-05 0.00120157 0.00929572 0.0424221 0.11446 0.184663 0.187961 0.146938 0.120304 0.096174 0.0575091 0.0252443 0.0094502 0.00317633 0.000872416 0.000191436 3.51356e-05 5.42263e-06 6.91004e-07 7.21868e-08 6.07553e-09
 1.66136e-11 1.80404e-09 1.15496e-07 4.3594e-06 9.70122e-05 0.00127284 0.00984683 0.0449324 0.121169 0.194968 0.196012 0.146913 0.112789 0.0870311 0.0512775 0.0221141 0.00805633 0.00263407 0.000702928 0.000148458 2.61058e-05 3.87216e-06 4.72245e-07 4.65453e-08 3.64918e-09
 1.65003e-11 1.79174e-09 1.14709e-07 4.32968e-06 9.63508e-05 0.00126416 0.00977971 0.0446263 0.120345 0.193658 0.19477 0.146196 0.112608 0.0874221 0.052352 0.0235169 0.00912521 0.00314181 0.000866411 0.000187923 3.3584e-05 4.95283e-06 5.88575e-07 5.59139e-08 4.19611e-09
 1.54646e-11 1.67927e-09 1.07508e-07 4.0579e-06 9.03028e-05 0.00118481 0.00916611 0.0418318 0.112885 0.182264 0.186183 0.147263 0.122554 0.0986364 0.0588205 0.0255164 0.00938327 0.00312334 0.000861814 0.000191525 3.53652e-05 5.36563e-06 6.49368e-07 6.18404e-08 4.56614e-09
 1.63776e-11 1.77841e-09 1.13855e-07 4.29747e-06 9.5634e-05 0.00125476 0.00970703 0.0442961 0.119475 0.192423 0.194299 0.147827 0.116079 0.0902667 0.0524713 0.02163 0.00727626 0.0022057 0.000556468 0.000111103 1.85277e-05 2.66549e-06 3.20925e-07 3.10597e-08 2.33196e-09
 1.64694e-11 1.78838e-09 1.14493e-07 4.32156e-06 9.617e-05 0.00126179 0.00976138 0.0445431 0.120127 0.193355 0.194693 0.146724 0.113667 0.0882794 0.0523757 0.0229145 0.00850836 0.0027923 0.000725563 0.000143874 2.30775e-05 3.09243e-06 3.41162e-07 3.07454e-08 2.23381e-09
 1.60118e-11 1.73869e-09 1.11313e-07 4.2015e-06 9.34984e-05 0.00122674 0.00949035 0.0433091 0.116838 0.18837 0.19113 0.147826 0.119016 0.093847 0.0549186 0.0228701 0.00784018 0.00243375 0.000631211 0.000129972 2.18537e-05 2.99394e-06 3.2457e-07 2.76907e-08 1.86197e-09
 1.58207e-11 1.71794e-09 1.09984e-07 4.15135e-06 9.23825e-05 0.0012121 0.00937715 0.0427939 0.115466 0.186311 0.189746 0.148577 0.121696 0.0964864 0.0559001 0.0224804 0.007193 0.00206197 0.000494033 9.21268e-05 1.39876e-05 1.81475e-06 1.96786e-07 1.70896e-08 1.1481e-09
#obs surv len freq
 1.41003e-11 1.53113e-09 9.80239e-08 3.69992e-06 8.23365e-05 0.00108029 0.00835745 0.03814 0.102898 0.165912 0.168319 0.130338 0.107883 0.096152 0.0763628 0.0527978 0.0306403 0.0140572 0.00510111 0.00148001 0.00033238 5.49036e-05 6.40969e-06 5.14806e-07 2.7865e-08
 1.23086e-11 1.33657e-09 8.55684e-08 3.22979e-06 7.18747e-05 0.000943047 0.00729645 0.0333148 0.0901002 0.146961 0.156588 0.139492 0.134128 0.1192 0.0825203 0.0475529 0.0248674 0.0113135 0.00416375 0.00118548 0.000253341 3.96477e-05 4.41821e-06 3.39224e-07 1.74065e-08
 1.40973e-11 1.5308e-09 9.80032e-08 3.69914e-06 8.23194e-05 0.00108008 0.00835617 0.0381417 0.102992 0.166663 0.17137 0.137224 0.116368 0.100647 0.0739572 0.0458398 0.0236416 0.00959812 0.00306321 0.000786506 0.000158704 2.3769e-05 2.51485e-06 1.81814e-07 8.76418e-09
 1.29482e-11 1.40602e-09 9.00149e-08 3.39762e-06 7.56098e-05 0.000992061 0.00767587 0.0350501 0.0948128 0.154655 0.164178 0.143141 0.132095 0.113691 0.077284 0.0433158 0.0210815 0.0084905 0.00267824 0.000645182 0.000116653 1.55615e-05 1.49557e-06 1.00107e-07 4.50426e-09
 1.3159e-11 1.42891e-09 9.14804e-08 3.45294e-06 7.68408e-05 0.00100821 0.00780088 0.0356207 0.0963433 0.156981 0.165602 0.14133 0.127183 0.110059 0.0781039 0.0459431 0.0223222 0.00848211 0.00247476 0.000557425 9.50865e-05 1.18172e-05 1.03409e-06 6.2156e-08 2.51353e-09
 1.34003e-11 1.45512e-09 9.31579e-08 3.51626e-06 7.825e-05 0.00102671 0.00794415 0.0362775 0.098141 0.159987 0.168756 0.143084 0.126397 0.107127 0.0747791 0.0436507 0.0213781 0.00828814 0.00244454 0.000538551 8.68273e-05 1.00209e-05 8.10091e-07 4.47902e-08 1.65332e-09
 1.35261e-11 1.46878e-09 9.40325e-08 3.54927e-06 7.89848e-05 0.00103636 0.0080191 0.0366246 0.0991283 0.161858 0.171452 0.146051 0.128129 0.106404 0.0720893 0.0404574 0.0189974 0.00710536 0.00204346 0.000442695 7.00506e-05 7.82169e-06 5.99403e-07 3.08657e-08 1.04942e-09
 1.33635e-11 1.45112e-09 9.29019e-08 3.5066e-06 7.80355e-05 0.00102392 0.00792328 0.036195 0.0980491 0.160594 0.171754 0.148962 0.131779 0.108163 0.0715059 0.038643 0.0172408 0.00606578 0.00163239 0.000331785 4.96884e-05 5.29406e-06 3.88142e-07 1.90456e-08 6.11668e-10
 1.24736e-11 1.35449e-09 8.67156e-08 3.2731e-06 7.28398e-05 0.000955772 0.00739677 0.0338053 0.0917436 0.151327 0.165682 0.151037 0.139455 0.115777 0.0764056 0.0408315 0.0177168 0.00595514 0.00150723 0.000284638 3.93752e-05 3.87723e-06 2.63955e-07 1.2097e-08 3.64453e-10
 1.38959e-11 1.50893e-09 9.66031e-08 3.64631e-06 8.11449e-05 0.00106474 0.00823954 0.0376455 0.102014 0.167114 0.177981 0.150876 0.12801 0.102212 0.0671339 0.0358727 0.0153267 0.00498198 0.00120058 0.000212797 2.7287e-05 2.46835e-06 1.53634e-07 6.43322e-09 1.77517e-10
 1.2331e-11 1.33901e-09 8.57244e-08 3.2357e-06 7.20082e-05 0.000944899 0.00731375 0.0334443 0.0909355 0.150888 0.167627 0.155411 0.142564 0.11535 0.0740126 0.0384349 0.0161918 0.00527465 0.00127681 0.000224018 2.77955e-05 2.38181e-06 1.38188e-07 5.33426e-09 1.34767e-10
 1.32479e-11 1.43856e-09 9.20982e-08 3.47628e-06 7.73621e-05 0.00101515 0.00785718 0.0359216 0.0975631 0.16104 0.175243 0.154331 0.134074 0.10672 0.0692797 0.0361809 0.0148535 0.00459298 0.00104872 0.00017505 2.0872e-05 1.72207e-06 9.55411e-08 3.48688e-09 8.23254e-11
 1.09746e-11 1.19172e-09 7.62951e-08 2.87981e-06 6.40898e-05 0.000841078 0.0065126 0.029822 0.0814908 0.137511 0.160087 0.160264 0.154216 0.125469 0.0799361 0.0407715 0.016544 0.00510277 0.0011548 0.000187435 2.13334e-05 1.66477e-06 8.72408e-08 3.01065e-09 6.71827e-11
 1.37565e-11 1.49379e-09 9.56342e-08 3.60975e-06 8.0333e-05 0.00105415 0.00815949 0.0373069 0.101316 0.166902 0.179492 0.152372 0.1268 0.100876 0.0679983 0.0367274 0.0151395 0.00458599 0.00100711 0.00015851 1.74704e-05 1.31138e-06 6.54474e-08 2.13118e-09 4.46036e-11
 1.25834e-11 1.36641e-09 8.74794e-08 3.30197e-06 7.34858e-05 0.000964407 0.00746784 0.0341948 0.0933582 0.156615 0.177558 0.165678 0.14513 0.108517 0.0638967 0.0303719 0.0117443 0.00351857 0.000773845 0.000120268 1.28497e-05 9.23889e-07 4.39036e-08 1.35617e-09 2.68181e-11
 1.11794e-11 1.21396e-09 7.77192e-08 2.93359e-06 6.52892e-05 0.000856922 0.0066378 0.03043 0.0834106 0.141717 0.166259 0.164793 0.153519 0.121586 0.0757943 0.0367775 0.0135754 0.00371096 0.000744129 0.00010819 1.10765e-05 7.6994e-07 3.52499e-08 1.04051e-09 1.95111e-11
 1.28332e-11 1.39354e-09 8.9216e-08 3.36754e-06 7.49462e-05 0.000983616 0.0076174 0.034887 0.0952553 0.159475 0.178638 0.161579 0.138376 0.106437 0.0669645 0.033164 0.0124156 0.00337801 0.000653639 8.87352e-05 8.32346e-06 5.29892e-07 2.24511e-08 6.2035e-10 1.09668e-11
 1.22925e-11 1.33483e-09 8.54574e-08 3.22571e-06 7.17922e-05 0.000942339 0.00730077 0.0334824 0.0918195 0.155744 0.180112 0.170339 0.147278 0.107929 0.062615 0.0287451 0.0102759 0.00274092 0.000524603 6.98985e-05 6.31988e-06 3.79786e-07 1.49272e-08 3.78755e-10 6.13257e-12
 1.14411e-11 1.24238e-09 7.9539e-08 3.00234e-06 6.68237e-05 0.000877239 0.00679923 0.0312226 0.0859607 0.147443 0.175017 0.172149 0.153804 0.115195 0.0675427 0.0304846 0.0103453 0.00256773 0.000457857 5.75806e-05 4.97369e-06 2.86718e-07 1.0767e-08 2.58668e-10 3.92353e-12
 1.20071e-11 1.30384e-09 8.34739e-08 3.15088e-06 7.01304e-05 0.000920661 0.00713578 0.0327627 0.0901023 0.153767 0.179434 0.170598 0.147841 0.109921 0.065006 0.0295649 0.00998468 0.00242196 0.000413211 4.8792e-05 3.91667e-06 2.09648e-07 7.34331e-09 1.65409e-10 2.35953e-12
 1.21201e-11 1.31611e-09 8.42603e-08 3.18061e-06 7.07945e-05 0.000929476 0.00720621 0.0331123 0.0912446 0.156379 0.183525 0.174177 0.147972 0.106423 0.0607183 0.0268182 0.00888942 0.00212888 0.000357311 4.10186e-05 3.15186e-06 1.59125e-07 5.19831e-09 1.08489e-10 1.43045e-12
 1.23851e-11 1.34489e-09 8.61028e-08 3.2502e-06 7.23462e-05 0.000949942 0.0073668 0.0338719 0.0934701 0.160568 0.188598 0.177428 0.147211 0.102261 0.055751 0.0232733 0.00725071 0.00163489 0.000259999 2.8468e-05 2.09283e-06 1.00913e-07 3.13117e-09 6.16086e-11 7.60103e-13
 1.24731e-11 1.35444e-09 8.6715e-08 3.27336e-06 7.28646e-05 0.000956851 0.00742237 0.034149 0.0943584 0.162418 0.190887 0.178517 0.146312 0.100442 0.05406 0.0220854 0.00664694 0.00143008 0.000214938 2.21179e-05 1.5259e-06 6.91254e-08 2.01859e-09 3.7412e-11 4.34526e-13
 1.11854e-11 1.21463e-09 7.7765e-08 2.93566e-06 6.53571e-05 0.000858631 0.00666868 0.0307891 0.0858996 0.151523 0.187178 0.186382 0.15791 0.107372 0.0558149 0.0218024 0.00625414 0.00127895 0.000181794 1.75802e-05 1.13322e-06 4.77736e-08 1.29561e-09 2.22914e-11 2.40506e-13
 1.17564e-11 1.27663e-09 8.17349e-08 3.08554e-06 6.86939e-05 0.00090244 0.00700759 0.0323262 0.0898975 0.156937 0.189075 0.181858 0.151699 0.104765 0.055855 0.0220053 0.00620013 0.00121932 0.000164548 1.49953e-05 9.06303e-07 3.56759e-08 9.00099e-10 1.4363e-11 1.43392e-13
 1.18517e-11 1.28698e-09 8.23989e-08 3.11073e-06 6.92619e-05 0.000910142 0.0070721 0.0326763 0.091199 0.160292 0.194587 0.186338 0.150938 0.0994763 0.0506372 0.0192973 0.00532701 0.00102895 0.000135231 1.18365e-05 6.78064e-07 2.50518e-08 5.89485e-10 8.73848e-12 8.08355e-14
 1.09424e-11 1.18825e-09 7.60802e-08 2.87241e-06 6.39693e-05 0.000841063 0.00654483 0.0303527 0.0854933 0.153375 0.193086 0.192509 0.158884 0.103606 0.0509739 0.0184642 0.00480728 0.000876705 0.000109381 9.13044e-06 4.99149e-07 1.7539e-08 3.90199e-10 5.43344e-12 4.69396e-14
 1.13243e-11 1.22973e-09 7.87367e-08 2.97276e-06 6.62057e-05 0.000870483 0.00677312 0.0313911 0.0881845 0.156897 0.193907 0.188971 0.154837 0.102391 0.0513173 0.0186677 0.00477609 0.000839454 9.9564e-05 7.83963e-06 4.03059e-07 1.33155e-08 2.78655e-10 3.64972e-12 2.96249e-14
#pred catch len freq
 8.59212e-12 9.33002e-10 5.97316e-08 2.25457e-06 5.01726e-05 0.000658307 0.00509366 0.0232642 0.0630275 0.103766 0.115422 0.115993 0.127571 0.122955 0.0937766 0.0654518 0.045917 0.0318546 0.0224449 0.0165533 0.0130584 0.0111797 0.00983223 0.00764688 0.00448118
 1.01138e-11 1.09824e-09 7.03103e-08 2.65387e-06 5.90583e-05 0.000774894 0.00599571 0.0273832 0.0741739 0.122013 0.13522 0.134502 0.145432 0.135173 0.0937722 0.0547585 0.0307813 0.0165187 0.00877419 0.00503195 0.00322992 0.00234656 0.00185829 0.00138718 0.000812762
 9.9716e-12 1.0828e-09 6.93216e-08 2.61655e-06 5.8228e-05 0.000764002 0.00591157 0.0270022 0.0731855 0.120739 0.135427 0.138538 0.15318 0.142677 0.0973458 0.0544057 0.0281902 0.0130257 0.00532578 0.00213649 0.000940205 0.000496026 0.000316916 0.000212515 0.000119843
 1.04433e-11 1.13402e-09 7.26011e-08 2.74033e-06 6.09825e-05 0.000800141 0.00619107 0.0282756 0.0765925 0.126004 0.139697 0.139054 0.150266 0.138975 0.0948117 0.0530189 0.0272426 0.0121776 0.00456629 0.00151919 0.000476438 0.000156076 6.32803e-05 3.23601e-05 1.63022e-05
 1.00848e-11 1.09509e-09 7.01089e-08 2.64627e-06 5.88893e-05 0.000772679 0.00597872 0.0273089 0.0740178 0.122119 0.137006 0.140198 0.154903 0.143704 0.0968618 0.0527794 0.0264384 0.0116504 0.00430661 0.00137786 0.000386851 9.66373e-05 2.35943e-05 6.85019e-06 2.47307e-06
 1.01807e-11 1.1055e-09 7.07752e-08 2.67141e-06 5.94489e-05 0.00078002 0.00603545 0.0275666 0.0746952 0.123069 0.137304 0.138736 0.151911 0.141312 0.0968868 0.0545515 0.0281154 0.012469 0.00456176 0.00143537 0.00039346 9.22092e-05 1.84951e-05 3.36737e-06 6.55879e-07
 1.09548e-11 1.18956e-09 7.61565e-08 2.87453e-06 6.39689e-05 0.000839322 0.00649412 0.0296571 0.0802997 0.13182 0.14484 0.141016 0.149174 0.136073 0.0908178 0.0488052 0.0241008 0.0105156 0.00384866 0.00121102 0.000328516 7.5276e-05 1.43954e-05 2.27752e-06 3.05006e-07
 1.16047e-11 1.26013e-09 8.0675e-08 3.04508e-06 6.77642e-05 0.000889115 0.00687922 0.0314119 0.0849985 0.13911 0.150895 0.142186 0.145767 0.13103 0.0862497 0.0452081 0.0216273 0.00913582 0.0032233 0.000981976 0.000262161 5.96875e-05 1.1279e-05 1.72614e-06 2.09906e-07
 1.12633e-11 1.22306e-09 7.83012e-08 2.95548e-06 6.57704e-05 0.000862959 0.00667698 0.0304918 0.0825541 0.135475 0.148638 0.144122 0.151487 0.136448 0.0879548 0.0438674 0.0197381 0.00793463 0.00266632 0.000768063 0.000194305 4.23976e-05 7.79863e-06 1.17379e-06 1.39522e-07
 1.12157e-11 1.21789e-09 7.79704e-08 2.94299e-06 6.54925e-05 0.000859312 0.00664874 0.0303623 0.0821961 0.134828 0.14766 0.142567 0.149513 0.135398 0.0890439 0.0463159 0.0217508 0.0088412 0.00290538 0.000800817 0.000192097 3.95977e-05 6.89099e-06 9.91216e-07 1.14136e-07
 1.11884e-11 1.21493e-09 7.77808e-08 2.93584e-06 6.53333e-05 0.000857225 0.00663267 0.0302906 0.0820255 0.134737 0.148421 0.145313 0.15392 0.138462 0.0881093 0.0425971 0.0183753 0.00710965 0.00228632 0.000617997 0.000143438 2.81205e-05 4.60132e-06 6.21107e-07 6.74985e-08
 1.13341e-11 1.23075e-09 7.87937e-08 2.97407e-06 6.6184e-05 0.000868385 0.00671893 0.0306825 0.0830588 0.13621 0.149014 0.143473 0.149963 0.135246 0.0880536 0.0448116 0.0204341 0.00804094 0.00252407 0.000653186 0.000146085 2.78829e-05 4.42118e-06 5.69856e-07 5.84146e-08
 1.09338e-11 1.18728e-09 7.60106e-08 2.86903e-06 6.38465e-05 0.000837718 0.00648182 0.0296036 0.0801909 0.131932 0.146293 0.145529 0.156304 0.141211 0.0897994 0.0432284 0.0184979 0.00706724 0.00222285 0.000579652 0.000128061 2.35703e-05 3.57553e-06 4.42974e-07 4.36937e-08
 1.108e-11 1.20316e-09 7.70272e-08 2.9074e-06 6.47003e-05 0.000848919 0.00656838 0.0299966 0.0812234 0.133372 0.146708 0.143186 0.151572 0.137463 0.0899126 0.0461092 0.0211819 0.00834592 0.00260332 0.000663872 0.000144934 2.66881e-05 4.02559e-06 4.8671e-07 4.62204e-08
 1.21949e-11 1.32422e-09 8.47779e-08 3.19994e-06 7.12104e-05 0.00093433 0.00722894 0.0330063 0.0892784 0.145837 0.156902 0.14465 0.144825 0.12794 0.0816624 0.0401311 0.0176687 0.00690498 0.00221233 0.000586326 0.000130475 2.38619e-05 3.54648e-06 4.24497e-07 3.98938e-08
 1.13132e-11 1.22847e-09 7.86481e-08 2.96858e-06 6.60618e-05 0.000866783 0.00670661 0.030628 0.0829354 0.136201 0.149893 0.14639 0.154575 0.138401 0.0869643 0.0407922 0.0168303 0.00622814 0.00190458 0.000485638 0.000106899 1.98903e-05 3.01808e-06 3.63198e-07 3.3869e-08
 1.14757e-11 1.24612e-09 7.97779e-08 3.01122e-06 6.70107e-05 0.000879231 0.00680284 0.0310653 0.0840892 0.137854 0.1506 0.144464 0.15035 0.134924 0.0868125 0.0430544 0.0189767 0.00722409 0.00217195 0.00052801 0.000109828 1.95208e-05 2.89508e-06 3.49034e-07 3.29755e-08
 1.22783e-11 1.33327e-09 8.53573e-08 3.22181e-06 7.16971e-05 0.000940715 0.00727834 0.0332318 0.0898874 0.146824 0.157927 0.145484 0.145439 0.128021 0.0808606 0.0387747 0.0164933 0.00623398 0.00192153 0.000484809 0.000102371 1.7763e-05 2.50734e-06 2.87775e-07 2.63659e-08
 1.2174e-11 1.32195e-09 8.46324e-08 3.19445e-06 7.10883e-05 0.000932728 0.00721662 0.0329516 0.0891513 0.145799 0.157637 0.147177 0.148866 0.130797 0.0809295 0.0368252 0.0145272 0.00515437 0.00150845 0.000363396 7.51073e-05 1.31401e-05 1.87732e-06 2.1319e-07 1.88494e-08
 1.19437e-11 1.29694e-09 8.30314e-08 3.13403e-06 6.97436e-05 0.000915086 0.00708018 0.03233 0.0874883 0.14323 0.155562 0.146958 0.150394 0.132883 0.0826698 0.0380077 0.0151463 0.00533697 0.0015075 0.000340496 6.5301e-05 1.07384e-05 1.47802e-06 1.66001e-07 1.46936e-08
 1.24092e-11 1.34749e-09 8.62678e-08 3.25618e-06 7.2462e-05 0.000950751 0.00735601 0.0335868 0.0908529 0.148444 0.159862 0.14769 0.147767 0.129054 0.0792222 0.035384 0.013523 0.00461427 0.00127599 0.000280866 5.16455e-05 7.97896e-06 1.01725e-06 1.06292e-07 8.94681e-09
 1.28444e-11 1.39475e-09 8.92931e-08 3.37037e-06 7.5003e-05 0.000984089 0.00761383 0.0347613 0.0939933 0.15328 0.163699 0.147872 0.144549 0.124983 0.0762457 0.0336655 0.0126268 0.00422001 0.00113753 0.000241361 4.25646e-05 6.32398e-06 7.71879e-07 7.61042e-08 5.96756e-09
 1.30308e-11 1.41499e-09 9.05891e-08 3.41929e-06 7.60916e-05 0.000998369 0.00772423 0.0352636 0.0953268 0.155257 0.164895 0.146718 0.141294 0.121993 0.0754899 0.0346586 0.0137827 0.00482554 0.00134055 0.00029178 5.22591e-05 7.71674e-06 9.17589e-07 8.71947e-08 6.54448e-09
 1.2606e-11 1.36886e-09 8.76355e-08 3.30781e-06 7.36108e-05 0.000965823 0.00747257 0.034118 0.0922754 0.150653 0.161703 0.148065 0.146753 0.127485 0.0777059 0.0341553 0.0127582 0.00429703 0.00119205 0.000265549 4.90999e-05 7.45491e-06 9.02529e-07 8.59631e-08 6.34778e-09
 1.2899e-11 1.40067e-09 8.96724e-08 3.38469e-06 7.53216e-05 0.000988269 0.00764619 0.0349095 0.0943993 0.153986 0.164654 0.149199 0.146132 0.125782 0.0753038 0.0316024 0.0108862 0.00336819 0.000858305 0.000172123 2.87789e-05 4.14676e-06 4.9964e-07 4.83709e-08 3.63215e-09
 1.33644e-11 1.45121e-09 9.29078e-08 3.50681e-06 7.80392e-05 0.00102392 0.00792186 0.0361642 0.0977398 0.159012 0.168066 0.147492 0.139799 0.119531 0.0729733 0.0324788 0.012299 0.00409408 0.00107058 0.000212898 3.42133e-05 4.59018e-06 5.0671e-07 4.56774e-08 3.31913e-09
 1.33097e-11 1.44528e-09 9.25279e-08 3.49247e-06 7.77201e-05 0.00101974 0.00788953 0.0360177 0.0973589 0.158514 0.168103 0.148895 0.142364 0.121433 0.0726452 0.030606 0.0106428 0.00334339 0.000872129 0.000180024 3.03111e-05 4.15585e-06 4.50704e-07 3.84589e-08 2.58629e-09
 1.22044e-11 1.32525e-09 8.48437e-08 3.20243e-06 7.12658e-05 0.000935059 0.00723472 0.0330357 0.0893995 0.146369 0.159011 0.150234 0.153292 0.133643 0.0795407 0.0325247 0.0106574 0.00312429 0.000757261 0.000141916 2.16098e-05 2.80889e-06 3.04878e-07 2.64876e-08 1.77977e-09
#obs catch len freq
 8.75164e-12 9.50326e-10 6.08407e-08 2.29644e-06 5.11045e-05 0.000670543 0.00518872 0.0237066 0.0643304 0.10669 0.122011 0.130048 0.149722 0.146703 0.110577 0.0706603 0.0402896 0.0192954 0.00734301 0.00215149 0.000472743 7.63373e-05 8.87216e-06 7.22228e-07 3.99831e-08
 1.25186e-11 1.35937e-09 8.70283e-08 3.28489e-06 7.31008e-05 0.000959125 0.0074205 0.0338733 0.091505 0.14843 0.154491 0.129244 0.118098 0.1098 0.0879083 0.0605007 0.0346239 0.0155881 0.00552841 0.00155704 0.000336831 5.32342e-05 5.91176e-06 4.49282e-07 2.28996e-08
 1.09619e-11 1.19034e-09 7.62065e-08 2.87642e-06 6.40113e-05 0.00083989 0.0064989 0.0296857 0.0804399 0.132339 0.145789 0.140554 0.144833 0.131131 0.0908025 0.0521638 0.0270024 0.0120543 0.00432231 0.00119129 0.000244919 3.66388e-05 3.87815e-06 2.81285e-07 1.35748e-08
 1.29443e-11 1.40559e-09 8.99873e-08 3.39658e-06 7.55865e-05 0.000991751 0.00767329 0.0350345 0.0947206 0.15413 0.162018 0.137804 0.125136 0.110939 0.0816217 0.0501806 0.0254513 0.0101129 0.00314797 0.000783262 0.000151898 2.17058e-05 2.1782e-06 1.48599e-07 6.72953e-09
 1.19158e-11 1.29392e-09 8.28377e-08 3.12672e-06 6.95815e-05 0.000912983 0.00706461 0.0322709 0.0874375 0.143617 0.156419 0.144756 0.140815 0.122761 0.0832228 0.0462994 0.0221928 0.00873543 0.00267721 0.000623021 0.000108178 1.37709e-05 1.25469e-06 7.91618e-08 3.34235e-09
 1.22016e-11 1.32495e-09 8.48245e-08 3.20171e-06 7.12504e-05 0.000934882 0.00723407 0.0330442 0.0895106 0.146771 0.15844 0.142769 0.135123 0.11851 0.0838429 0.0487941 0.0232576 0.00862119 0.00244313 0.000531228 8.68624e-05 1.02826e-05 8.52332e-07 4.82817e-08 1.8316e-09
 1.26286e-11 1.37132e-09 8.77931e-08 3.31377e-06 7.37441e-05 0.000967607 0.00748742 0.034203 0.0926555 0.151875 0.16332 0.144731 0.133053 0.113789 0.0790697 0.0456374 0.0219118 0.00827192 0.00236265 0.000501106 7.73212e-05 8.49193e-06 6.49655e-07 3.38232e-08 1.17072e-09
 1.29348e-11 1.40456e-09 8.99214e-08 3.3941e-06 7.55321e-05 0.000991076 0.00766929 0.035038 0.094953 0.155792 0.167725 0.147958 0.133601 0.111344 0.07491 0.0415032 0.0190864 0.00694635 0.00193293 0.000402527 6.08338e-05 6.45125e-06 4.67238e-07 2.26392e-08 7.21451e-10
 1.28857e-11 1.39923e-09 8.95801e-08 3.38122e-06 7.52457e-05 0.000987335 0.00764081 0.0349161 0.0947046 0.155843 0.169161 0.15109 0.136497 0.111962 0.0733417 0.039057 0.017038 0.00582513 0.0015154 0.000295871 4.22816e-05 4.27309e-06 2.95657e-07 1.3633e-08 4.10011e-10
 1.21413e-11 1.3184e-09 8.44054e-08 3.18591e-06 7.08998e-05 0.000930339 0.00720063 0.0329208 0.0894621 0.14825 0.164497 0.15336 0.143152 0.118162 0.077091 0.0405091 0.0171498 0.00559144 0.00136587 0.000247479 3.2639e-05 3.04625e-06 1.95548e-07 8.41325e-09 2.37103e-10
 1.35248e-11 1.46864e-09 9.40235e-08 3.54894e-06 7.89787e-05 0.00103634 0.00802047 0.0366566 0.0994527 0.163594 0.176387 0.153034 0.131883 0.105004 0.0681909 0.0357803 0.0148915 0.00468781 0.00108865 0.000184871 2.25756e-05 1.93405e-06 1.13443e-07 4.45708e-09 1.14976e-10
 1.21274e-11 1.31689e-09 8.43087e-08 3.18227e-06 7.08198e-05 0.000929333 0.00719407 0.0329101 0.089605 0.149326 0.167729 0.157869 0.145226 0.116366 0.0736529 0.037533 0.0153938 0.00484973 0.00112881 0.000189317 2.23294e-05 1.80988e-06 9.88755e-08 3.57945e-09 8.45155e-11
 1.30521e-11 1.4173e-09 9.0737e-08 3.42491e-06 7.62196e-05 0.00100018 0.00774219 0.0354088 0.0962885 0.159545 0.175324 0.156639 0.136642 0.107792 0.0689497 0.035246 0.0140573 0.0041997 0.000921665 0.00014695 1.66338e-05 1.2961e-06 6.76215e-08 2.31249e-09 5.10035e-11
 1.0849e-11 1.17808e-09 7.54218e-08 2.84686e-06 6.33574e-05 0.000831506 0.00643955 0.0295038 0.0807635 0.136973 0.16119 0.163029 0.15633 0.125574 0.0787411 0.039299 0.015481 0.00460549 0.000999521 0.000154679 1.66938e-05 1.22921e-06 6.05162e-08 1.95473e-09 4.07066e-11
 1.37143e-11 1.48921e-09 9.53408e-08 3.59869e-06 8.00875e-05 0.00105096 0.00813559 0.0372092 0.101147 0.16707 0.180745 0.154489 0.128266 0.100807 0.0667359 0.0351398 0.0140247 0.00409218 0.000860968 0.000129032 1.34641e-05 9.5226e-07 4.46003e-08 1.35836e-09 2.65138e-11
 1.25598e-11 1.36385e-09 8.73155e-08 3.2958e-06 7.33495e-05 0.000962664 0.00745549 0.0341546 0.0933788 0.157215 0.179431 0.168084 0.146012 0.10746 0.0621659 0.0288893 0.0108301 0.00312121 0.000656065 9.68923e-05 9.78769e-06 6.62369e-07 2.95088e-08 8.51701e-10 1.56947e-11
 1.12305e-11 1.21951e-09 7.80744e-08 2.94702e-06 6.55893e-05 0.000860912 0.00666995 0.0305941 0.0839874 0.143204 0.168899 0.167425 0.154168 0.119983 0.0732481 0.0345869 0.012343 0.00324532 0.000622357 8.59569e-05 8.30837e-06 5.42648e-07 2.32594e-08 6.40914e-10 1.11916e-11
 1.29244e-11 1.40344e-09 8.98503e-08 3.3915e-06 7.54806e-05 0.000990678 0.00767323 0.0351574 0.0960999 0.161288 0.181307 0.163829 0.138644 0.104727 0.064453 0.0310118 0.0112004 0.0029234 0.000539759 6.95345e-05 6.1567e-06 3.68188e-07 1.4593e-08 3.75942e-10 6.1811e-12
 1.2412e-11 1.3478e-09 8.62884e-08 3.2571e-06 7.24925e-05 0.000951594 0.00737388 0.0338353 0.0929083 0.158005 0.183218 0.172556 0.1469 0.105514 0.0598748 0.026726 0.00921727 0.00235565 0.000429365 5.41787e-05 4.61685e-06 2.60415e-07 9.57264e-09 2.26446e-10 3.40907e-12
 1.15924e-11 1.2588e-09 8.05909e-08 3.04208e-06 6.77101e-05 0.000888948 0.00689156 0.0316657 0.0873046 0.150139 0.178545 0.174535 0.1533 0.112396 0.0643083 0.0281466 0.00920168 0.00218755 0.000371399 4.41989e-05 3.59332e-06 1.94143e-07 6.8106e-09 1.52444e-10 2.14963e-12
 1.21804e-11 1.32266e-09 8.46791e-08 3.19641e-06 7.11459e-05 0.000934068 0.00724131 0.0332659 0.0916021 0.156668 0.183027 0.172851 0.147201 0.10705 0.0616901 0.0271594 0.00881916 0.00204515 0.000331734 3.70373e-05 2.79701e-06 1.4024e-07 4.5848e-09 9.61169e-11 1.27332e-12
 1.23327e-11 1.33919e-09 8.57383e-08 3.23644e-06 7.20397e-05 0.000945911 0.00733537 0.0337249 0.0930437 0.159739 0.187406 0.176217 0.146766 0.103099 0.0572797 0.0244768 0.00779287 0.00178128 0.000283718 3.07469e-05 2.22023e-06 1.04933e-07 3.19856e-09 6.21138e-11 7.60306e-13
 1.26004e-11 1.36827e-09 8.76002e-08 3.30677e-06 7.36084e-05 0.000966615 0.00749805 0.0344963 0.095309 0.163996 0.19249 0.179304 0.145726 0.0987523 0.0523563 0.0211241 0.00631708 0.00135872 0.000204886 2.11529e-05 1.45943e-06 6.58e-08 1.90342e-09 3.4832e-11 3.9889e-13
 1.27192e-11 1.38117e-09 8.8427e-08 3.33804e-06 7.43076e-05 0.000975909 0.00757226 0.0348595 0.0964292 0.166188 0.194977 0.180266 0.144513 0.0966364 0.0504956 0.019905 0.00574206 0.00117705 0.00016759 1.62488e-05 1.05125e-06 4.449e-08 1.21005e-09 2.08387e-11 2.2448e-13
 1.1439e-11 1.24217e-09 7.95289e-08 3.00233e-06 6.68458e-05 0.00087833 0.00682426 0.0315326 0.0880967 0.15559 0.191636 0.188227 0.155796 0.103147 0.0520263 0.0195934 0.00538154 0.0010473 0.00014087 1.28242e-05 7.74703e-07 3.04945e-08 7.69868e-10 1.2301e-11 1.23014e-13
 1.20321e-11 1.30657e-09 8.36527e-08 3.15802e-06 7.03121e-05 0.00092384 0.00717623 0.0331275 0.0922334 0.161161 0.193579 0.183725 0.149659 0.100454 0.051829 0.0196409 0.00529096 0.000989273 0.00012623 1.08204e-05 6.12441e-07 2.24967e-08 5.2814e-10 7.82383e-12 7.23782e-14
 1.21398e-11 1.31828e-09 8.44037e-08 3.18651e-06 7.09549e-05 0.000932555 0.00724906 0.0335191 0.0936584 0.164704 0.199125 0.187865 0.148434 0.0950324 0.0468054 0.0171449 0.00451791 0.000828096 0.000102739 8.45027e-06 4.53094e-07 1.5616e-08 3.41821e-10 4.70284e-12 4.03019e-14
 1.12294e-11 1.21943e-09 7.80778e-08 2.94797e-06 6.5659e-05 0.000863486 0.00672269 0.0312069 0.088017 0.15797 0.197869 0.194103 0.156143 0.0988333 0.0469989 0.0163506 0.00406143 0.000702365 8.26345e-05 6.47315e-06 3.30804e-07 1.0833e-08 2.24076e-10 2.89529e-12 2.31712e-14
#spawning biomass
 17793.2 17922 21667.4 25631.6 30511.8 37649.3 41740.1 53121.7 64137.8 82475.8 79693.8 92424.9 88788.1 97993.2 102876 111677 121524 127541 130695 132488 116793 113940 143997 152509 125145 142316 140582 114392 119533 198142 206210 183772 154232 127378 106334 91174.2 80830.7 74031.3 69678.8 66946.4 65255.6 64220.3 63588.2 63202.8 62975.5 62841.4 62762.4 62715.8 62688.3 62672.1 62662.6 62656.9 62653.6 62651.7 62650.5 62649.8 62649.4 62649.2 62649 62649 62648.9 62648.9 62648.9 62648.9 62648.8 62648.8 62648.8 62648.8 62648.8 62648.8 62648.8 62648.8 62648.8 62648.8 62648.8 62648.8 62648.8 62648.8 62648.8 62648.8 62648.8 62648.8 62648.8 62648.8 62648.8 62648.8 62648.8 62648.8 62648.8 62648.8 62648.8 62648.8 62648.8 62648.8 62648.8 62648.8 62648.8 62648.8 62648.8 62648.8 62648.8 62648.8 62648.8 62648.8 62648.8 62648.8 62648.8 62648.8 62648.8 62648.8 62648.8 62648.8 62648.8 62648.8 62648.8 62648.8 62648.8 62648.8 62648.8 62648.8 62648.8 62648.8 62648.8 62648.8 62648.8 62648.8 62648.8 62648.8 0 0 0 0 0 0 0 0 0 0 0 0 0 0 0 0 0 0 0 0 0 0 0 0 0
