SBPRF35
0.819782
Curr Bio
184052
B35
747888
F35
0.212547
FOFL
0.128359
OFL
45205.8
Bzero
234224
#pred survey bio
 5696.34 6773.1 8305.86 11724.5 17069.3 19112.4 17912.7 23145.3 33711.1 49923.8 61862.9 82966.5 119689 141492 141487 114937 107490 101966 99798.8 99175.5 102561 112192 115759 128862 129032 132319 133448 134249 198414 1.6478e+07 1.35923e+07 1.42545e+07 1.31322e+07 1.12893e+07 9.3374e+06 7.58226e+06 6.13645e+06 5.00748e+06 4.15572e+06 3.52734e+06 3.07025e+06 2.74035e+06 2.50236e+06 2.32882e+06 2.2022e+06 2.11213e+06 2.04735e+06 2.00025e+06 1.96559e+06 1.93979e+06 1.92038e+06 1.90561e+06 1.89426e+06 1.88546e+06 1.87858e+06 1.87316e+06 1.86887e+06 1.86544e+06 1.8627e+06 1.8605e+06 1.85873e+06 1.85729e+06 1.85612e+06 1.85518e+06 1.85441e+06 1.85378e+06 1.85327e+06 1.85286e+06 1.85252e+06 1.85224e+06 1.85201e+06 1.85183e+06 1.85168e+06 1.85155e+06 1.85145e+06 1.85137e+06 1.8513e+06 1.85124e+06 1.8512e+06 1.85116e+06 1.85113e+06 1.85111e+06 1.85109e+06 1.85107e+06 1.85106e+06 1.85104e+06 1.85104e+06 1.85103e+06 1.85102e+06 1.85102e+06 1.85101e+06 1.85101e+06 1.85101e+06 1.851e+06 1.851e+06 1.851e+06 1.851e+06 1.851e+06 1.851e+06 1.851e+06 1.851e+06 1.851e+06 1.851e+06 1.85099e+06 1.85099e+06 1.85099e+06 1.85099e+06 1.85099e+06 1.85099e+06 1.85099e+06 1.85099e+06 1.85099e+06 1.85099e+06 1.85099e+06 1.85099e+06 1.85099e+06 1.85099e+06 1.85099e+06 1.85099e+06 1.85099e+06 1.85099e+06 1.85099e+06 1.85099e+06 1.85099e+06 1.85099e+06 1.85099e+06 1.85099e+06 1.85099e+06 1.85099e+06 0 0 0 0 0 0 0 0 0 0 0 0 0 0 0 0 0 0 0 0 0 0 0 0 0
#obs survey bio
 4906.47 6870.79 8808.82 16471.4 24001.9 17902.2 19879.1 36522.8 34989.1 58834.6 102451 120251 156478 173008 159303 69840.2 106351 124152 69644.2 92311.1 158068 97372.1 109884 128610 139157 181146 202274 132823 144258
#pred catch bio
 3475.42 4747.4 5744.26 7778.53 11968.2 14777.4 13349 17056.2 23290.8 36905.6 44841 57707.3 90838.7 108465 116221 92420.6 87382.9 82873.1 82484.3 82475.9 83635.5 94028.6 94745 110086 108994 111439 113232 100044 13311.9 45205.8 111286 116693 106121 89882.9 73041.2 58115.3 46001.3 36704.5 29836.1 24897.1 21414.7 18994.5 17327.5 16181.1 15400 14883 14540.8 14314.2 14164.2 14065 13999.3 13955.8 13927 13907.9 13895.3 13886.9 13881.4 13877.7 13875.3 13873.7 13872.7 13871.9 13871.5 13871.2 13871 13870.8 13870.7 13870.7 13870.6 13870.6 13870.6 13870.6 13870.6 13870.6 13870.6 13870.6 13870.6 13870.6 13870.6 13870.6 13870.6 13870.6 13870.6 13870.6 13870.6 13870.6 13870.6 13870.6 13870.6 13870.6 13870.6 13870.6 13870.6 13870.6 13870.6 13870.6 13870.6 13870.6 13870.6 13870.6 13870.6 13870.6 13870.6 13870.6 13870.6 13870.6 13870.6 13870.6 13870.6 13870.6 13870.6 13870.6 13870.6 13870.6 13870.6 13870.6 13870.6 13870.6 13870.6 13870.6 13870.6 13870.6 13870.6 13870.6 13870.6 13870.6 13870.6 13870.6 13870.6 0 0 0 0 0 0 0 0 0 0 0 0 0 0 0 0 0 0 0 0 0 0 0 0 0
#obs catch bio
 4795.73 4725.3 5572.98 7522.79 11497 14367 13227.8 16325.3 22689.7 35662.2 42254.8 54869.7 86963.8 104537 112132 92880.1 84651.5 79533.1 82151.3 81608.8 80531.6 92440.2 91449.8 106298 104292 106382 108483 97152.5 13000.5
#pred cpue bio
 4735.65 5313.6 6275.51 8701.87 12908.7 15248.3 13788.5 16790.5 24343.8 37215.7 46425.7 61242.1 88881.7 106124 111058 88932.4 81564.1 77106 74880.9 73260.9 75017.9 82391.4 84409.5 93983.2 93621.8 96570.3 97887.7 97628.1 141794 1.43454e+07 1.34354e+07 1.42334e+07 1.30841e+07 1.12339e+07 9.28078e+06 7.52547e+06 6.07964e+06 4.95066e+06 4.09891e+06 3.47053e+06 3.01344e+06 2.68353e+06 2.44554e+06 2.27201e+06 2.14538e+06 2.05531e+06 1.99054e+06 1.94343e+06 1.90877e+06 1.88297e+06 1.86356e+06 1.84879e+06 1.83744e+06 1.82864e+06 1.82176e+06 1.81634e+06 1.81205e+06 1.80863e+06 1.80589e+06 1.80369e+06 1.80191e+06 1.80047e+06 1.79931e+06 1.79836e+06 1.79759e+06 1.79697e+06 1.79646e+06 1.79604e+06 1.7957e+06 1.79542e+06 1.7952e+06 1.79501e+06 1.79486e+06 1.79474e+06 1.79463e+06 1.79455e+06 1.79448e+06 1.79443e+06 1.79438e+06 1.79435e+06 1.79431e+06 1.79429e+06 1.79427e+06 1.79425e+06 1.79424e+06 1.79423e+06 1.79422e+06 1.79421e+06 1.79421e+06 1.7942e+06 1.7942e+06 1.79419e+06 1.79419e+06 1.79419e+06 1.79419e+06 1.79418e+06 1.79418e+06 1.79418e+06 1.79418e+06 1.79418e+06 1.79418e+06 1.79418e+06 1.79418e+06 1.79418e+06 1.79418e+06 1.79418e+06 1.79418e+06 1.79418e+06 1.79418e+06 1.79418e+06 1.79418e+06 1.79418e+06 1.79418e+06 1.79418e+06 1.79418e+06 1.79418e+06 1.79418e+06 1.79418e+06 1.79418e+06 1.79418e+06 1.79418e+06 1.79418e+06 1.79418e+06 1.79418e+06 1.79418e+06 1.79418e+06 1.79418e+06 1.79418e+06 1.79418e+06 0 0 0 0 0 0 0 0 0 0 0 0 0 0 0 0 0 0 0 0 0 0 0 0 0
#obs cpue bio
 6950.99 6838.57 10547.7 10705.9 17240.6 21838 14809.8 24751.2 29947.1 56527.2 94013.7 78496.9 130869 135838 174058 113900 164109 123048 93420.1 101044 98947.2 111907 167228 166540 176711 146705 129233 189833 210939
#pred surv len freq
 2.56741e-27 2.59979e-27 4.31975e-26 8.57292e-20 2.10155e-14 6.22727e-10 2.2305e-06 0.000965722 0.0505424 0.319745 0.244742 0.03716 0.110901 0.102451 0.0263991 0.0347776 0.0160991 0.0139744 0.00936898 0.00765321 0.0063622 0.00575848 0.00599624 0.00543132 0.00166981
 2.5684e-27 2.60217e-27 4.48986e-26 8.93162e-20 2.18948e-14 6.48782e-10 2.32383e-06 0.00100613 0.0526572 0.333124 0.255007 0.0402241 0.127009 0.117006 0.0236448 0.0245987 0.0094179 0.00573736 0.0031137 0.00212426 0.00152802 0.00122497 0.00115517 0.00106054 0.000358808
 2.56933e-27 2.60461e-27 4.69447e-26 9.36322e-20 2.29528e-14 6.80133e-10 2.43612e-06 0.00105475 0.0552017 0.349221 0.267304 0.0406089 0.121298 0.111649 0.0211851 0.0202565 0.00684713 0.00283734 0.00112839 0.000544023 0.000302002 0.000200656 0.000163497 0.000144192 5.08473e-05
 2.56983e-27 2.60594e-27 4.80903e-26 9.60488e-20 2.35452e-14 6.97687e-10 2.499e-06 0.00108197 0.0566264 0.358234 0.274186 0.0405782 0.11623 0.106925 0.0195236 0.0176394 0.00579733 0.00212505 0.00067802 0.000213856 7.54559e-05 3.55398e-05 2.28728e-05 1.81378e-05 6.40501e-06
 2.56915e-27 2.60409e-27 4.64458e-26 9.25794e-20 2.26947e-14 6.72485e-10 2.40873e-06 0.00104289 0.054581 0.345294 0.264314 0.0411031 0.12716 0.117009 0.0212678 0.0190752 0.00617614 0.00211302 0.000636661 0.000167694 3.80799e-05 1.01592e-05 4.20435e-06 2.68989e-06 9.12388e-07
 2.567e-27 2.59826e-27 4.13062e-26 8.17371e-20 2.00369e-14 5.93728e-10 2.12663e-06 0.000920751 0.0481888 0.304856 0.233458 0.0424783 0.159305 0.146708 0.027171 0.0250687 0.00809089 0.00271763 0.000795511 0.000194446 3.77557e-05 6.3142e-06 1.26228e-06 5.12078e-07 1.56148e-07
 2.56858e-27 2.6026e-27 4.51897e-26 8.99299e-20 2.20452e-14 6.5324e-10 2.3398e-06 0.00101304 0.053019 0.335412 0.256766 0.0409274 0.131127 0.120795 0.0242162 0.0248556 0.0080675 0.00276205 0.000804464 0.000191772 3.49064e-05 4.92e-06 5.42572e-07 9.26704e-08 2.14928e-08
 2.57057e-27 2.60793e-27 4.98476e-26 9.97559e-20 2.4454e-14 7.24614e-10 2.59545e-06 0.00112373 0.0588119 0.37206 0.284736 0.0400879 0.105086 0.0966333 0.0175515 0.0157363 0.00527645 0.00209051 0.000622192 0.000150362 2.68988e-05 3.56486e-06 3.11921e-07 2.22303e-08 2.56438e-09
 2.5706e-27 2.60794e-27 4.97882e-26 9.96304e-20 2.44232e-14 7.23703e-10 2.59218e-06 0.00112232 0.058738 0.371592 0.284388 0.0406456 0.109575 0.100661 0.0161966 0.011612 0.00372047 0.00123557 0.000383728 0.000104536 1.91906e-05 2.52432e-06 2.05438e-07 9.84243e-09 4.0708e-10
 2.56958e-27 2.6052e-27 4.7377e-26 9.45438e-20 2.31763e-14 6.86754e-10 2.45984e-06 0.00106502 0.0557391 0.352621 0.26991 0.0412117 0.124055 0.114068 0.0193907 0.0155127 0.00475936 0.00122185 0.000341821 8.24196e-05 1.65815e-05 2.3348e-06 1.89553e-07 8.12737e-09 1.77976e-10
 2.56937e-27 2.60464e-27 4.69043e-26 9.35467e-20 2.29318e-14 6.79512e-10 2.4339e-06 0.00105378 0.0551513 0.348902 0.267071 0.0412259 0.126158 0.116035 0.0202105 0.0168943 0.00528815 0.0015201 0.000397224 7.52756e-05 1.30668e-05 1.85743e-06 1.63893e-07 7.0221e-09 1.27347e-10
 2.56997e-27 2.60628e-27 4.83723e-26 9.66436e-20 2.3691e-14 7.02007e-10 2.51447e-06 0.00108867 0.0569771 0.360453 0.275881 0.0406476 0.115567 0.106291 0.0190255 0.0166483 0.00526966 0.00160691 0.000438057 8.90215e-05 1.30373e-05 1.50115e-06 1.27573e-07 5.85462e-09 1.05133e-10
 2.56975e-27 2.60569e-27 4.78407e-26 9.55222e-20 2.34161e-14 6.93861e-10 2.48529e-06 0.00107604 0.0563159 0.35627 0.272691 0.0408852 0.119617 0.110007 0.019291 0.016322 0.00522747 0.00169896 0.000475724 0.000102711 1.60544e-05 1.71065e-06 1.15965e-07 4.98517e-09 9.37964e-11
 2.56936e-27 2.60461e-27 4.68508e-26 9.34338e-20 2.29042e-14 6.78691e-10 2.43096e-06 0.00105251 0.0550847 0.348481 0.266752 0.0414118 0.127796 0.117504 0.0196931 0.0153465 0.00485112 0.00148691 0.000422707 9.67269e-05 1.59256e-05 1.81223e-06 1.17551e-07 4.12452e-09 7.16318e-11
 2.56762e-27 2.59987e-27 4.26649e-26 8.46033e-20 2.07395e-14 6.14548e-10 2.20121e-06 0.000953039 0.0498786 0.315546 0.241622 0.0425908 0.154425 0.142097 0.0244263 0.0199475 0.00619882 0.00171711 0.000472001 0.000103599 1.77489e-05 2.14783e-06 1.48509e-07 5.01858e-09 7.32537e-11
 2.56825e-27 2.60164e-27 4.42688e-26 8.7987e-20 2.15689e-14 6.39126e-10 2.28924e-06 0.000991155 0.0518735 0.328166 0.251246 0.0418176 0.141779 0.130495 0.0235873 0.0209588 0.00656745 0.00189117 0.000505507 0.000101161 1.65087e-05 2.01246e-06 1.48369e-07 5.31942e-09 7.48292e-11
 2.56899e-27 2.60361e-27 4.60019e-26 9.16431e-20 2.24652e-14 6.65684e-10 2.38437e-06 0.00103234 0.054029 0.341802 0.261653 0.0414268 0.131493 0.120969 0.0212654 0.0180668 0.00577451 0.00185543 0.000508885 0.000104178 1.5915e-05 1.80024e-06 1.31582e-07 4.99453e-09 7.40315e-11
 2.56906e-27 2.60377e-27 4.61037e-26 9.18575e-20 2.25178e-14 6.67242e-10 2.38995e-06 0.00103476 0.0541554 0.342602 0.262268 0.0416969 0.133116 0.1224 0.0203077 0.0155151 0.00489167 0.00148113 0.000418646 9.42305e-05 1.48713e-05 1.6299e-06 1.09821e-07 4.09456e-09 6.36531e-11
 2.56933e-27 2.60452e-27 4.67638e-26 9.32502e-20 2.28592e-14 6.77358e-10 2.42618e-06 0.00105044 0.0549765 0.347796 0.266231 0.0414978 0.128817 0.118438 0.0197095 0.015141 0.00467025 0.001244 0.000338631 7.3406e-05 1.24054e-05 1.44951e-06 9.62004e-08 3.336e-09 5.06997e-11
 2.56984e-27 2.60589e-27 4.79608e-26 9.57753e-20 2.34782e-14 6.957e-10 2.49188e-06 0.00107889 0.0564652 0.357214 0.273419 0.0412745 0.122068 0.112178 0.0180347 0.0128962 0.00397305 0.00105689 0.000276212 5.33668e-05 8.57954e-06 1.02933e-06 7.34296e-08 2.53709e-09 3.62943e-11
 2.57014e-27 2.60668e-27 4.86419e-26 9.7212e-20 2.38304e-14 7.06136e-10 2.52926e-06 0.00109507 0.0573122 0.362573 0.277509 0.0412042 0.118659 0.109004 0.0169441 0.0112041 0.00340131 0.00083027 0.000214226 4.08108e-05 6.01076e-06 6.61343e-07 4.74071e-08 1.74241e-09 2.5021e-11
 2.57001e-27 2.60632e-27 4.83221e-26 9.65375e-20 2.3665e-14 7.01236e-10 2.51171e-06 0.00108747 0.0569145 0.360057 0.275589 0.0413041 0.120768 0.11095 0.0173081 0.0115417 0.00346502 0.000778958 0.000193551 3.42549e-05 4.94493e-06 5.10669e-07 3.32034e-08 1.20804e-09 1.82026e-11
 2.57023e-27 2.6069e-27 4.88353e-26 9.76201e-20 2.39304e-14 7.091e-10 2.53988e-06 0.00109967 0.0575528 0.364094 0.278671 0.0412042 0.117843 0.108238 0.0165953 0.0105989 0.00317935 0.000714447 0.000173724 2.84113e-05 3.83842e-06 3.76066e-07 2.3065e-08 7.65601e-10 1.13076e-11
 2.57023e-27 2.60691e-27 4.8843e-26 9.76363e-20 2.39344e-14 7.09218e-10 2.5403e-06 0.00109985 0.0575623 0.364155 0.278717 0.0411641 0.117505 0.107937 0.0167197 0.0109574 0.00327185 0.00070675 0.000170696 2.77383e-05 3.55584e-06 3.20696e-07 1.8368e-08 5.7121e-10 7.7661e-12
 2.57036e-27 2.60726e-27 4.91377e-26 9.8258e-20 2.40868e-14 7.13734e-10 2.55647e-06 0.00110686 0.0579288 0.366474 0.280488 0.0412216 0.116698 0.107157 0.0159462 0.00938993 0.00280186 0.000612851 0.000146877 2.30442e-05 2.92437e-06 2.54497e-07 1.3397e-08 3.84998e-10 4.87233e-12
 2.57018e-27 2.60675e-27 4.86883e-26 9.73097e-20 2.38543e-14 7.06846e-10 2.5318e-06 0.00109617 0.0573698 0.362937 0.27779 0.041358 0.119632 0.109866 0.0164536 0.00986266 0.00290503 0.000569239 0.000134068 2.12021e-05 2.63536e-06 2.23417e-07 1.13876e-08 3.02412e-10 3.51713e-12
 2.57002e-27 2.60633e-27 4.83237e-26 9.65406e-20 2.36658e-14 7.01259e-10 2.51179e-06 0.00108751 0.0569163 0.360068 0.2756 0.0414284 0.121706 0.111789 0.0169618 0.0105379 0.00311372 0.000621999 0.000143352 2.06065e-05 2.52388e-06 2.12259e-07 1.05083e-08 2.69113e-10 2.90872e-12
 2.5703e-27 2.6071e-27 4.90097e-26 9.79879e-20 2.40206e-14 7.11772e-10 2.54945e-06 0.00110381 0.0577696 0.365466 0.279718 0.0411916 0.117011 0.107463 0.0163151 0.0101529 0.00301276 0.000623679 0.000145351 2.11017e-05 2.44294e-06 1.92887e-07 9.43719e-09 2.35408e-10 2.44546e-12
 2.57091e-27 2.60881e-27 5.05629e-26 1.01265e-19 2.48238e-14 7.35573e-10 2.6347e-06 0.00114072 0.0597014 0.377687 0.289036 0.0403281 0.103893 0.0954517 0.01589 0.0122083 0.00365537 0.000787003 0.000186325 2.7998e-05 3.28821e-06 2.52995e-07 1.1538e-08 2.7983e-10 2.83605e-12
#obs surv len freq
 1.63977e-41 2.2759e-33 3.81829e-26 7.74342e-20 1.89821e-14 5.62474e-10 2.01469e-06 0.000872291 0.0456522 0.288809 0.221273 0.0442775 0.164495 0.139813 0.0432903 0.0351334 0.0114911 0.00393019 0.000844574 0.000108685 6.11111e-06 1.08617e-07 4.52643e-10 3.55234e-13 4.54867e-17
 1.90338e-41 2.64177e-33 4.43211e-26 8.98824e-20 2.20336e-14 6.52896e-10 2.33857e-06 0.00101252 0.0529912 0.335238 0.256737 0.044047 0.132358 0.106478 0.0338553 0.0258485 0.0082061 0.00263891 0.00052528 5.95965e-05 2.78621e-06 3.88095e-08 1.21322e-10 6.94909e-14 6.38922e-18
 1.92274e-41 2.66864e-33 4.4772e-26 9.07967e-20 2.22578e-14 6.59538e-10 2.36236e-06 0.00102282 0.0535303 0.338648 0.259425 0.0470874 0.141461 0.106487 0.0273577 0.0175884 0.00542752 0.00163277 0.000298384 2.96372e-05 1.14623e-06 1.24852e-08 2.92679e-11 1.22406e-14 8.08936e-19
 1.96934e-41 2.73331e-33 4.5857e-26 9.2997e-20 2.27971e-14 6.7552e-10 2.4196e-06 0.00104761 0.0548275 0.346855 0.265753 0.0487007 0.138434 0.0981127 0.0260648 0.0153913 0.0037144 0.000928531 0.000154008 1.32499e-05 4.20593e-07 3.57172e-09 6.28015e-12 1.92084e-15 9.14013e-20
 1.76773e-41 2.45349e-33 4.11623e-26 8.34764e-20 2.04632e-14 6.06363e-10 2.1719e-06 0.000940356 0.0492145 0.311346 0.238833 0.0549075 0.175767 0.116881 0.0306949 0.016658 0.00385194 0.000796302 9.99276e-05 7.11269e-06 1.83242e-07 1.20657e-09 1.58979e-12 3.56143e-16 1.22311e-20
 1.46018e-41 2.02663e-33 3.4001e-26 6.89533e-20 1.69031e-14 5.0087e-10 1.79403e-06 0.000776754 0.0406522 0.25718 0.197744 0.0625008 0.220424 0.139657 0.0481891 0.0260857 0.00562878 0.00104555 0.000107036 5.53364e-06 1.08002e-07 5.43662e-10 5.34897e-13 8.77553e-17 2.17875e-21
 2.08432e-41 2.8929e-33 4.85344e-26 9.84267e-20 2.41281e-14 7.14961e-10 2.56087e-06 0.00110877 0.0580286 0.367107 0.281368 0.0503644 0.113003 0.0694991 0.0345657 0.0190949 0.00489243 0.000884633 7.77889e-05 3.09127e-06 4.22696e-08 1.51648e-10 1.08942e-13 1.30251e-17 2.33667e-22
 1.98594e-41 2.75635e-33 4.62435e-26 9.3781e-20 2.29893e-14 6.81215e-10 2.44e-06 0.00105644 0.0552897 0.349781 0.268482 0.0601842 0.151711 0.0817286 0.0192558 0.00892394 0.00294438 0.000586162 5.1885e-05 1.70278e-06 1.70504e-08 4.18807e-11 2.06525e-14 1.73782e-18 2.22353e-23
 2.01246e-41 2.79316e-33 4.6861e-26 9.50333e-20 2.32963e-14 6.90312e-10 2.47258e-06 0.00107054 0.056028 0.354453 0.272179 0.0618837 0.145629 0.0748365 0.0231468 0.00888231 0.00155963 0.000298789 2.92878e-05 9.1309e-07 7.3597e-09 1.29942e-11 4.36859e-15 2.48123e-19 2.17179e-24
 1.72189e-41 2.38987e-33 4.00951e-26 8.1312e-20 1.99327e-14 5.90641e-10 2.11558e-06 0.000915974 0.0479384 0.303279 0.233742 0.0763402 0.19993 0.0958393 0.0291267 0.0106444 0.00198168 0.000242055 1.77772e-05 5.43862e-07 3.93958e-09 5.52027e-12 1.34644e-15 5.28459e-20 3.13412e-25
 2.01886e-41 2.80205e-33 4.70102e-26 9.53357e-20 2.33704e-14 6.92508e-10 2.48045e-06 0.00107395 0.0562063 0.355583 0.273416 0.0666608 0.139368 0.0663375 0.0291787 0.0101779 0.00178224 0.00020284 1.05632e-05 2.24486e-07 1.38444e-09 1.65244e-12 3.19369e-16 9.31175e-21 3.92493e-26
 1.84452e-41 2.56008e-33 4.29506e-26 8.71029e-20 2.13523e-14 6.32706e-10 2.26625e-06 0.000981209 0.0513526 0.324881 0.250753 0.0817781 0.180795 0.0758723 0.0235388 0.00811172 0.0017399 0.000184612 8.21836e-06 1.24263e-07 5.15984e-10 4.66685e-13 7.22164e-17 1.65845e-21 5.31079e-27
 1.92364e-41 2.66988e-33 4.47928e-26 9.08388e-20 2.22681e-14 6.59844e-10 2.36345e-06 0.00102329 0.0535551 0.338817 0.261545 0.0809483 0.1608 0.0672138 0.027001 0.00767247 0.00127353 0.000141374 6.00881e-06 7.32948e-08 2.15977e-10 1.3024e-13 1.40377e-17 2.38771e-22 5.82217e-28
 1.62511e-41 2.25555e-33 3.78415e-26 7.67417e-20 1.88123e-14 5.57444e-10 1.99667e-06 0.000864491 0.045244 0.286249 0.222849 0.104301 0.216632 0.0833919 0.030217 0.00864471 0.00147326 0.000126834 4.78333e-06 5.239e-08 1.22311e-10 5.29803e-14 3.8706e-18 4.42269e-23 7.44201e-29
 1.48498e-41 2.06105e-33 3.45784e-26 7.01242e-20 1.71901e-14 5.09375e-10 1.8245e-06 0.000789944 0.0413426 0.261575 0.204912 0.11325 0.224081 0.0937588 0.0463365 0.0119351 0.00185998 0.00015163 4.58458e-06 4.02519e-08 7.80162e-11 2.6626e-14 1.43303e-18 1.14891e-23 1.31862e-29
 1.71291e-41 2.37741e-33 3.98859e-26 8.08878e-20 1.98287e-14 5.87561e-10 2.10455e-06 0.000911196 0.0476884 0.301722 0.235367 0.103295 0.177632 0.076832 0.0418627 0.0124189 0.00211353 0.000150885 3.9279e-06 2.71962e-08 3.99844e-11 1.05696e-14 4.40126e-19 2.65526e-24 2.21869e-30
 1.67533e-41 2.32524e-33 3.90108e-26 7.91131e-20 1.93936e-14 5.74669e-10 2.05837e-06 0.000891204 0.0466421 0.295117 0.231769 0.11873 0.192409 0.0712155 0.0315533 0.00970656 0.00182575 0.000136209 3.08232e-06 1.71787e-08 1.94001e-11 3.79614e-15 1.16632e-19 5.24447e-25 3.27495e-31
 1.69793e-41 2.35662e-33 3.95371e-26 8.01805e-20 1.96553e-14 5.82423e-10 2.08614e-06 0.000903228 0.0472714 0.299111 0.235763 0.123757 0.184464 0.0696271 0.0303277 0.00741592 0.00126003 9.6248e-05 2.09283e-06 9.87846e-09 8.69804e-12 1.28098e-15 2.89339e-20 9.42839e-26 4.25526e-32
 1.65314e-41 2.29445e-33 3.84942e-26 7.80655e-20 1.91368e-14 5.6706e-10 2.03112e-06 0.000879403 0.0460245 0.291244 0.23141 0.13569 0.188683 0.0693566 0.0289285 0.00677029 0.000949411 6.06648e-05 1.20879e-06 5.07714e-09 3.6895e-12 4.20746e-16 7.09722e-21 1.69572e-26 5.5471e-33
 1.75034e-41 2.42936e-33 4.07575e-26 8.26554e-20 2.0262e-14 6.004e-10 2.15054e-06 0.000931107 0.0487306 0.308378 0.24514 0.133653 0.167917 0.0631663 0.0257335 0.00560878 0.000703222 3.61484e-05 5.69492e-07 1.98986e-09 1.2055e-12 1.1092e-16 1.4524e-21 2.61031e-27 6.28925e-34
 1.71333e-41 2.378e-33 3.98958e-26 8.09079e-20 1.98336e-14 5.87707e-10 2.10507e-06 0.000911422 0.0477004 0.301897 0.242514 0.147923 0.172525 0.059528 0.0218703 0.0045904 0.000516187 2.21069e-05 2.68216e-07 7.06731e-10 3.31095e-13 2.39645e-17 2.46067e-22 3.41751e-28 6.2495e-35
 1.72785e-41 2.39815e-33 4.02339e-26 8.15935e-20 2.00017e-14 5.92687e-10 2.12291e-06 0.000919146 0.0481047 0.30449 0.246205 0.152896 0.164511 0.0585946 0.0202134 0.00368559 0.00036575 1.32414e-05 1.26227e-07 2.48104e-10 8.49601e-14 4.52597e-18 3.47194e-23 3.63934e-29 5.03597e-36
 1.7207e-41 2.38821e-33 4.00672e-26 8.12556e-20 1.99188e-14 5.90232e-10 2.11411e-06 0.000915339 0.0479055 0.303281 0.247658 0.161414 0.160572 0.0563868 0.0184377 0.00315682 0.000263828 7.79893e-06 5.89531e-08 8.7865e-11 2.20703e-14 8.47347e-19 4.66449e-24 3.52438e-30 3.54362e-37
 1.75043e-41 2.42949e-33 4.07597e-26 8.26598e-20 2.02631e-14 6.00432e-10 2.15065e-06 0.000931157 0.0487336 0.308575 0.253822 0.165402 0.15134 0.0525406 0.0159475 0.00251837 0.000184008 4.37677e-06 2.54901e-08 2.87834e-11 5.36878e-15 1.50174e-19 5.94215e-25 3.20218e-31 2.2893e-38
 1.68673e-41 2.34106e-33 3.92762e-26 7.96513e-20 1.95256e-14 5.78579e-10 2.07238e-06 0.000897267 0.0469602 0.297456 0.249475 0.181046 0.154928 0.0523399 0.0146523 0.0021082 0.000133083 2.58811e-06 1.16079e-08 9.75647e-12 1.33886e-15 2.73703e-20 7.85468e-26 3.04619e-32 1.55712e-39
 1.60064e-41 2.22158e-33 3.72717e-26 7.55862e-20 1.85291e-14 5.4905e-10 1.96661e-06 0.000851474 0.0445639 0.282428 0.242811 0.196516 0.159803 0.0562737 0.0147477 0.00189923 0.000102097 1.61043e-06 5.60731e-09 3.53077e-12 3.54563e-16 5.24594e-21 1.0853e-26 3.02868e-33 1.11173e-40
 1.59783e-41 2.21768e-33 3.72061e-26 7.54533e-20 1.84965e-14 5.48085e-10 1.96315e-06 0.000849977 0.044486 0.28206 0.24586 0.199657 0.153725 0.0570315 0.0145171 0.00173149 7.85727e-05 9.91942e-07 2.66594e-09 1.26215e-12 9.34515e-17 1.00479e-21 1.49611e-27 2.98869e-34 7.83418e-42
 1.63924e-41 2.27516e-33 3.81706e-26 7.74091e-20 1.89759e-14 5.62292e-10 2.01404e-06 0.000872009 0.0456397 0.289498 0.254562 0.199378 0.14307 0.0524954 0.0129538 0.00146999 5.78993e-05 5.86083e-07 1.2062e-09 4.27213e-13 2.33231e-17 1.82988e-22 1.9723e-28 2.83395e-35 5.31709e-43
 1.63934e-41 2.2753e-33 3.81728e-26 7.74137e-20 1.89771e-14 5.62325e-10 2.01416e-06 0.000872061 0.0456424 0.289515 0.254585 0.199761 0.144481 0.0517779 0.0120669 0.0012532 4.35117e-05 3.76106e-07 6.45939e-10 1.88063e-13 8.36052e-18 5.3091e-23 4.61274e-29 5.32762e-36 8.01822e-44
#pred catch len freq
 2.56501e-27 2.59336e-27 3.76443e-26 7.40149e-20 1.81439e-14 5.37635e-10 1.92572e-06 0.000833762 0.0436361 0.276054 0.211388 0.0376296 0.137907 0.127485 0.0327821 0.0431168 0.0199148 0.0172318 0.0115429 0.00942488 0.00783398 0.00709038 0.00738309 0.00668751 0.00205602
 2.56663e-27 2.59739e-27 4.07011e-26 8.04613e-20 1.97241e-14 5.84461e-10 2.09344e-06 0.00090638 0.0474367 0.300098 0.229805 0.0412285 0.152359 0.140424 0.0282235 0.0291687 0.0111475 0.00676369 0.00366732 0.00250065 0.00179851 0.00144176 0.0013596 0.00124822 0.000422305
 2.56765e-27 2.60006e-27 4.29278e-26 8.51583e-20 2.08755e-14 6.18579e-10 2.21565e-06 0.00095929 0.0502058 0.317616 0.243189 0.0417326 0.146792 0.135184 0.0255224 0.024232 0.00818056 0.00337495 0.00134095 0.000646073 0.000358591 0.000238244 0.000194123 0.000171202 6.0372e-05
 2.5681e-27 2.60124e-27 4.39339e-26 8.72805e-20 2.13958e-14 6.33995e-10 2.27086e-06 0.000983197 0.051457 0.325531 0.249234 0.0417942 0.143015 0.131644 0.0239402 0.0214955 0.00705682 0.00257537 0.000821006 0.000258759 9.12803e-05 4.29905e-05 2.76677e-05 2.194e-05 7.74771e-06
 2.5675e-27 2.59961e-27 4.24796e-26 8.42124e-20 2.06437e-14 6.11709e-10 2.19104e-06 0.000948636 0.0496482 0.314088 0.240504 0.0422823 0.152862 0.140726 0.0254515 0.0226506 0.00732583 0.00249501 0.000751116 0.000197689 4.48813e-05 1.19728e-05 4.95481e-06 3.17001e-06 1.07524e-06
 2.56552e-27 2.59423e-27 3.77428e-26 7.42198e-20 1.81941e-14 5.39124e-10 1.93105e-06 0.000836071 0.0437569 0.276819 0.212066 0.0435463 0.182462 0.168074 0.0309122 0.0282258 0.00909941 0.00304195 0.000889677 0.00021729 4.21824e-05 7.05388e-06 1.41012e-06 5.72051e-07 1.74436e-07
 2.56708e-27 2.59854e-27 4.16126e-26 8.23836e-20 2.01954e-14 5.98424e-10 2.14346e-06 0.000928035 0.04857 0.307267 0.23529 0.0419191 0.153762 0.141698 0.0282051 0.0286957 0.00930348 0.00317039 0.000922621 0.000219765 3.99931e-05 5.63646e-06 6.21567e-07 1.06162e-07 2.46219e-08
 2.56929e-27 2.60447e-27 4.67838e-26 9.32926e-20 2.28695e-14 6.77666e-10 2.42728e-06 0.00105092 0.0550014 0.347954 0.266343 0.0410025 0.124969 0.114978 0.0207493 0.0184162 0.00616684 0.00243207 0.000723297 0.000174659 3.12387e-05 4.13964e-06 3.62204e-07 2.58138e-08 2.97776e-09
 2.56912e-27 2.60391e-27 4.62129e-26 9.2088e-20 2.25743e-14 6.68916e-10 2.39594e-06 0.00103735 0.0542913 0.343461 0.262926 0.0418113 0.133525 0.122738 0.0196691 0.0139765 0.00447308 0.00147875 0.000458837 0.000124904 2.29253e-05 3.01532e-06 2.45391e-07 1.17565e-08 4.86245e-10
 2.56818e-27 2.60138e-27 4.39925e-26 8.74039e-20 2.1426e-14 6.34891e-10 2.27407e-06 0.000984586 0.0515297 0.325991 0.249593 0.0422898 0.146533 0.134796 0.0227864 0.0180393 0.00552953 0.00141285 0.000394844 9.51281e-05 1.9134e-05 2.69399e-06 2.1871e-07 9.37746e-09 2.0535e-10
 2.56787e-27 2.60056e-27 4.32837e-26 8.59085e-20 2.10594e-14 6.24029e-10 2.23517e-06 0.000967742 0.0506481 0.320414 0.245336 0.0423528 0.150004 0.13803 0.0239123 0.0198015 0.00619213 0.00177166 0.000462557 8.75833e-05 1.51994e-05 2.16038e-06 1.9062e-07 8.16718e-09 1.48114e-10
 2.56841e-27 2.60205e-27 4.4619e-26 8.87257e-20 2.175e-14 6.44492e-10 2.30846e-06 0.000999476 0.052309 0.330921 0.25335 0.0417825 0.140034 0.128866 0.0229532 0.0199258 0.00630088 0.00191258 0.000520945 0.000105781 1.54882e-05 1.78316e-06 1.51536e-07 6.95429e-09 1.2488e-10
 2.56847e-27 2.60221e-27 4.47561e-26 8.90149e-20 2.18209e-14 6.46593e-10 2.31599e-06 0.00100273 0.0524795 0.332 0.254174 0.0418452 0.139931 0.128744 0.0224295 0.0187655 0.00600321 0.00194181 0.000543261 0.000117198 1.83148e-05 1.95132e-06 1.32276e-07 5.6863e-09 1.06988e-10
 2.56808e-27 2.6011e-27 4.37384e-26 8.68677e-20 2.12946e-14 6.30996e-10 2.26012e-06 0.000978547 0.0512136 0.323992 0.248068 0.0424156 0.148562 0.136649 0.0227614 0.0175262 0.00553398 0.00168808 0.000479462 0.000109626 1.80456e-05 2.05328e-06 1.33183e-07 4.67297e-09 8.11567e-11
 2.56648e-27 2.59676e-27 3.99065e-26 7.87841e-20 1.9313e-14 5.72278e-10 2.0498e-06 0.000887487 0.0464479 0.293842 0.225064 0.043486 0.172871 0.159103 0.0271396 0.021855 0.00678433 0.00186997 0.000513513 0.000112618 1.92897e-05 2.33407e-06 1.61382e-07 5.45358e-09 7.9603e-11
 2.56706e-27 2.5984e-27 4.13931e-26 8.19204e-20 2.00818e-14 5.95059e-10 2.1314e-06 0.000922816 0.0482969 0.305539 0.233983 0.0427117 0.160711 0.147958 0.0265316 0.0232788 0.00728674 0.002088 0.000557607 0.000111494 1.81907e-05 2.21729e-06 1.63465e-07 5.86063e-09 8.24425e-11
 2.56791e-27 2.60069e-27 4.34117e-26 8.61786e-20 2.11256e-14 6.25991e-10 2.24219e-06 0.000970784 0.0508073 0.321421 0.246103 0.0422484 0.148671 0.136808 0.0238579 0.0199936 0.00638268 0.00204077 0.000559233 0.000114391 1.74713e-05 1.97608e-06 1.4443e-07 5.48217e-09 8.12594e-11
 2.56799e-27 2.60086e-27 4.35176e-26 8.6402e-20 2.11804e-14 6.27614e-10 2.24801e-06 0.000973301 0.0509391 0.322255 0.246744 0.0425496 0.150512 0.138433 0.022803 0.0171708 0.00540732 0.00162917 0.000460058 0.000103469 1.63257e-05 1.78913e-06 1.20547e-07 4.49441e-09 6.98689e-11
 2.56837e-27 2.60189e-27 4.44298e-26 8.83264e-20 2.16521e-14 6.41592e-10 2.29807e-06 0.000994978 0.0520736 0.329432 0.25222 0.0422726 0.144557 0.132945 0.0219547 0.0166099 0.00511781 0.00135638 0.000368842 7.9889e-05 1.3498e-05 1.57703e-06 1.04661e-07 3.62935e-09 5.51578e-11
 2.56896e-27 2.60347e-27 4.58094e-26 9.12366e-20 2.23655e-14 6.62731e-10 2.37379e-06 0.00102776 0.0537893 0.340286 0.260504 0.042005 0.136701 0.125661 0.0200549 0.0141094 0.00434196 0.0011492 0.000300039 5.79216e-05 9.3095e-06 1.11679e-06 7.96673e-08 2.7526e-09 3.93771e-11
 2.5692e-27 2.6041e-27 4.63513e-26 9.23798e-20 2.26458e-14 6.71036e-10 2.40354e-06 0.00104064 0.0544633 0.34455 0.26376 0.0419932 0.134323 0.123434 0.0190639 0.0124059 0.00376219 0.000913771 0.000235521 4.483e-05 6.60115e-06 7.26226e-07 5.20567e-08 1.91329e-09 2.74747e-11
 2.56917e-27 2.60403e-27 4.62888e-26 9.22479e-20 2.26135e-14 6.70077e-10 2.4001e-06 0.00103915 0.0543855 0.344058 0.263384 0.0420096 0.134712 0.123796 0.0191773 0.0125707 0.00377009 0.000843254 0.000209291 3.7009e-05 5.34116e-06 5.51531e-07 3.58592e-08 1.30466e-09 1.96583e-11
 2.56931e-27 2.60439e-27 4.66027e-26 9.29101e-20 2.27758e-14 6.74888e-10 2.41733e-06 0.00104661 0.054776 0.346528 0.26527 0.0419807 0.133167 0.122355 0.0186419 0.0117123 0.00350979 0.000784761 0.000190613 3.11468e-05 4.20687e-06 4.1212e-07 2.52755e-08 8.38969e-10 1.23912e-11
 2.5695e-27 2.60491e-27 4.70684e-26 9.38925e-20 2.30166e-14 6.82023e-10 2.44289e-06 0.00105768 0.0553551 0.350192 0.268064 0.0417869 0.129729 0.119196 0.0183303 0.0117958 0.00351856 0.000756164 0.00018242 2.9618e-05 3.79582e-06 3.42301e-07 1.96048e-08 6.09666e-10 8.28893e-12
 2.56959e-27 2.60516e-27 4.72646e-26 9.43064e-20 2.31181e-14 6.8503e-10 2.45366e-06 0.00106234 0.0555992 0.351736 0.269245 0.0418893 0.129679 0.11911 0.0176132 0.0101822 0.00303496 0.000660467 0.00015811 2.47853e-05 3.14449e-06 2.73623e-07 1.44033e-08 4.13913e-10 5.23826e-12
 2.56938e-27 2.60456e-27 4.67403e-26 9.32004e-20 2.28469e-14 6.76996e-10 2.42489e-06 0.00104988 0.0549471 0.34761 0.266098 0.0420502 0.133115 0.122282 0.0181967 0.0107117 0.003152 0.000614528 0.000144555 2.28409e-05 2.83831e-06 2.40595e-07 1.22628e-08 3.2565e-10 3.78739e-12
 2.56924e-27 2.6042e-27 4.64247e-26 9.25345e-20 2.26837e-14 6.72159e-10 2.40756e-06 0.00104238 0.0545545 0.345127 0.264202 0.0421004 0.134829 0.123874 0.0186696 0.0113897 0.00336207 0.000668218 0.00015382 2.20921e-05 2.70505e-06 2.2747e-07 1.1261e-08 2.88386e-10 3.11703e-12
 2.56903e-27 2.60363e-27 4.59188e-26 9.14674e-20 2.24221e-14 6.64408e-10 2.3798e-06 0.00103036 0.0539254 0.341147 0.261165 0.0422565 0.13815 0.126938 0.0191834 0.0117911 0.0034959 0.000720267 0.000167677 2.43224e-05 2.81503e-06 2.22239e-07 1.08729e-08 2.71219e-10 2.81747e-12
 2.56737e-27 2.59919e-27 4.20383e-26 8.32812e-20 2.04154e-14 6.04945e-10 2.16681e-06 0.000938146 0.0490992 0.310615 0.237863 0.0429649 0.159913 0.147129 0.0247305 0.01936 0.00579653 0.00124449 0.000294432 4.42095e-05 5.19089e-06 3.99343e-07 1.82117e-08 4.4168e-10 4.47637e-12
#obs catch len freq
 1.63105e-41 2.2638e-33 3.79799e-26 7.70224e-20 1.88811e-14 5.59483e-10 2.00398e-06 0.000867652 0.0454095 0.287274 0.220101 0.0442996 0.165394 0.140596 0.0436893 0.0355493 0.0117359 0.00406473 0.00089172 0.000118152 6.90499e-06 1.27996e-07 5.55242e-10 4.51967e-13 5.97915e-17
 1.64687e-41 2.28575e-33 3.83482e-26 7.77693e-20 1.90642e-14 5.64908e-10 2.02341e-06 0.000876066 0.0458498 0.290059 0.222292 0.0463638 0.16809 0.135327 0.043174 0.0330611 0.0106427 0.00347225 0.000704109 8.18728e-05 3.95274e-06 5.71022e-08 1.85059e-10 1.09551e-13 1.03735e-17
 1.91546e-41 2.65853e-33 4.46024e-26 9.04527e-20 2.21734e-14 6.57039e-10 2.35341e-06 0.00101894 0.0533274 0.337365 0.25842 0.0458121 0.134252 0.102058 0.0334844 0.0239976 0.00750023 0.00228958 0.000427387 4.34152e-05 1.72453e-06 1.93561e-08 4.67882e-11 2.01464e-14 1.36716e-18
 1.94202e-41 2.6954e-33 4.52209e-26 9.1707e-20 2.24809e-14 6.6615e-10 2.38604e-06 0.00103307 0.054067 0.342044 0.262088 0.0489955 0.142057 0.100643 0.0264808 0.0160657 0.00488022 0.00138643 0.000236035 2.07992e-05 6.76489e-07 5.88857e-09 1.06158e-11 3.32692e-15 1.61981e-19
 1.99328e-41 2.76655e-33 4.64145e-26 9.41278e-20 2.30743e-14 6.83734e-10 2.44902e-06 0.00106034 0.0554941 0.351073 0.269052 0.0506183 0.137937 0.0918285 0.0250104 0.0137784 0.00324622 0.000772542 0.000118591 8.96842e-06 2.37089e-07 1.59647e-09 2.14758e-12 4.90682e-16 1.71715e-20
 1.79943e-41 2.4975e-33 4.19007e-26 8.49738e-20 2.08303e-14 6.1724e-10 2.21086e-06 0.000957224 0.0500973 0.316932 0.243212 0.0574781 0.174488 0.108772 0.0292589 0.0147633 0.00331866 0.000641425 7.46782e-05 4.65524e-06 9.89807e-08 5.1308e-10 5.14703e-13 8.58756e-17 2.16519e-21
 1.49888e-41 2.08035e-33 3.49021e-26 7.07808e-20 1.73511e-14 5.14144e-10 1.84158e-06 0.000797341 0.0417296 0.263997 0.203121 0.0660804 0.218998 0.130325 0.0462622 0.0229711 0.00480629 0.000828446 7.72811e-05 3.48586e-06 5.60481e-08 2.20858e-10 1.64711e-13 2.00686e-17 3.65152e-22
 2.11936e-41 2.94153e-33 4.93503e-26 1.00081e-19 2.45338e-14 7.26981e-10 2.60393e-06 0.00112741 0.0590042 0.373279 0.286175 0.0520798 0.110174 0.0640548 0.0327191 0.0165472 0.00410424 0.000676525 5.35907e-05 1.82991e-06 2.05163e-08 5.75747e-11 3.12705e-14 2.76974e-18 3.6353e-23
 2.02501e-41 2.81058e-33 4.71534e-26 9.56261e-20 2.34416e-14 6.94618e-10 2.48801e-06 0.00107722 0.0563775 0.356664 0.273882 0.062442 0.147155 0.0739124 0.017744 0.00778772 0.00247351 0.000445928 3.48148e-05 9.66153e-07 7.84698e-09 1.50255e-11 5.60002e-15 3.48729e-19 3.25987e-24
 2.05437e-41 2.85133e-33 4.78369e-26 9.70124e-20 2.37814e-14 7.04688e-10 2.52408e-06 0.00109284 0.0571948 0.361835 0.277975 0.0640556 0.140252 0.0674659 0.0212051 0.00740172 0.00127142 0.000227198 1.93171e-05 4.99625e-07 3.21838e-09 4.39912e-12 1.1156e-15 4.68882e-20 2.99732e-25
 1.77434e-41 2.46267e-33 4.13164e-26 8.37888e-20 2.05398e-14 6.08633e-10 2.18002e-06 0.000943875 0.0493987 0.312519 0.241062 0.0796317 0.192715 0.0864576 0.0265985 0.00890679 0.00157698 0.000175902 1.15884e-05 2.91594e-07 1.66211e-09 1.78482e-12 3.26925e-16 9.48615e-21 4.11044e-26
 2.06647e-41 2.86813e-33 4.81188e-26 9.7584e-20 2.39216e-14 7.08839e-10 2.53895e-06 0.00109928 0.0575318 0.36397 0.280024 0.0687637 0.132629 0.0597631 0.02633 0.00834936 0.00138891 0.000141981 6.46769e-06 1.1495e-07 5.5737e-10 5.05141e-13 7.28474e-17 1.56583e-21 4.82033e-27
 1.89928e-41 2.63608e-33 4.42257e-26 8.96888e-20 2.19862e-14 6.5149e-10 2.33353e-06 0.00101034 0.0528771 0.334529 0.258437 0.0846156 0.1717 0.0675681 0.0210382 0.00674406 0.0013468 0.000126815 4.8569e-06 6.04044e-08 1.98166e-10 1.36299e-13 1.56698e-17 2.64216e-22 6.16685e-28
 1.97906e-41 2.7468e-33 4.60833e-26 9.3456e-20 2.29096e-14 6.78854e-10 2.43155e-06 0.00105278 0.0550981 0.348581 0.269323 0.0833344 0.151506 0.060053 0.023804 0.00617331 0.000972731 9.5847e-05 3.42991e-06 3.39165e-08 7.8193e-11 3.58478e-14 2.87279e-18 3.58e-23 6.34324e-29
 1.68932e-41 2.34467e-33 3.93367e-26 7.97741e-20 1.95557e-14 5.7947e-10 2.07557e-06 0.000898649 0.0470318 0.297564 0.232036 0.108075 0.204866 0.0746641 0.0266341 0.00703728 0.0011042 8.43734e-05 2.69054e-06 2.3545e-08 4.25288e-11 1.39278e-14 7.55651e-19 6.3271e-24 7.72761e-30
 1.55329e-41 2.15586e-33 3.61691e-26 7.33502e-20 1.79809e-14 5.32808e-10 1.90843e-06 0.000826285 0.0432445 0.273615 0.214798 0.117638 0.212311 0.0857796 0.0406763 0.00962336 0.00138555 9.86867e-05 2.49491e-06 1.75151e-08 2.60893e-11 6.68585e-15 2.66335e-19 1.5637e-24 1.30352e-30
 1.78015e-41 2.47073e-33 4.14517e-26 8.40631e-20 2.06071e-14 6.10626e-10 2.18716e-06 0.000946966 0.0495605 0.313573 0.245022 0.106232 0.166412 0.0701865 0.0364011 0.010034 0.0015327 9.50646e-05 2.04786e-06 1.12267e-08 1.26555e-11 2.50475e-15 7.69181e-20 3.3907e-25 2.0569e-31
 1.74421e-41 2.42084e-33 4.06147e-26 8.23657e-20 2.0191e-14 5.98296e-10 2.143e-06 0.000927844 0.0485597 0.307259 0.241814 0.12169 0.179171 0.0640545 0.0272546 0.00785974 0.00132175 8.39941e-05 1.55062e-06 6.79209e-09 5.84476e-12 8.53736e-16 1.93069e-20 6.32956e-26 2.86395e-32
 1.76742e-41 2.45306e-33 4.11552e-26 8.34618e-20 2.04597e-14 6.06258e-10 2.17152e-06 0.000940192 0.049206 0.311363 0.245979 0.126306 0.170989 0.0626847 0.0256897 0.00587619 0.000904476 5.84672e-05 1.02088e-06 3.74035e-09 2.49457e-12 2.73252e-16 4.53289e-21 1.07547e-26 3.51246e-33
 1.72459e-41 2.39361e-33 4.01578e-26 8.14393e-20 1.99639e-14 5.91566e-10 2.11889e-06 0.000917408 0.0480136 0.303846 0.242074 0.138117 0.174387 0.062319 0.0243438 0.00527988 0.000662476 3.60625e-05 5.74008e-07 1.85164e-09 1.01077e-12 8.53405e-17 1.05467e-21 1.83204e-27 4.33304e-34
 1.82057e-41 2.52684e-33 4.23929e-26 8.5972e-20 2.1075e-14 6.24491e-10 2.23683e-06 0.000968469 0.050686 0.32077 0.255642 0.13512 0.154151 0.0565069 0.0213567 0.00429918 0.000476325 2.06332e-05 2.5976e-07 6.94831e-10 3.14304e-13 2.13014e-17 2.03688e-22 2.6569e-28 4.62419e-35
 1.78477e-41 2.47714e-33 4.15592e-26 8.42812e-20 2.06605e-14 6.12209e-10 2.19283e-06 0.000949422 0.0496892 0.314508 0.253404 0.149023 0.157738 0.0528287 0.0180286 0.00347429 0.000341602 1.21818e-05 1.17192e-07 2.35955e-10 8.23658e-14 4.37622e-18 3.27054e-23 3.2886e-29 4.33777e-36
 1.79937e-41 2.4974e-33 4.18991e-26 8.49706e-20 2.08295e-14 6.17217e-10 2.21077e-06 0.000957188 0.0500958 0.317122 0.25723 0.153374 0.150001 0.0518214 0.0164124 0.0027398 0.000236364 7.04484e-06 5.27879e-08 7.88907e-11 2.00874e-14 7.84254e-19 4.36931e-24 3.30778e-30 3.29422e-37
 1.79297e-41 2.48852e-33 4.17501e-26 8.46684e-20 2.07555e-14 6.15023e-10 2.20291e-06 0.000953785 0.0499178 0.316057 0.258963 0.161241 0.145951 0.0495919 0.014851 0.00230108 0.000165663 4.00653e-06 2.36277e-08 2.66321e-11 4.9592e-15 1.39325e-19 5.56404e-25 3.03232e-31 2.1906e-38
 1.82194e-41 2.52873e-33 4.24248e-26 8.60365e-20 2.10908e-14 6.2496e-10 2.23851e-06 0.000969196 0.0507245 0.321228 0.265136 0.164416 0.13705 0.045859 0.0126981 0.00180282 0.00011218 2.16228e-06 9.77539e-09 8.31336e-12 1.14604e-15 2.34151e-20 6.71493e-26 2.60857e-32 1.33923e-39
 1.75992e-41 2.44265e-33 4.09805e-26 8.31075e-20 2.03728e-14 6.03684e-10 2.1623e-06 0.000936201 0.0489981 0.310426 0.261364 0.179517 0.140194 0.0454349 0.0115639 0.00148367 7.90629e-05 1.23407e-06 4.26816e-09 2.69235e-12 2.72424e-16 4.0606e-21 8.43556e-27 2.35671e-33 8.64822e-41
 1.67587e-41 2.32599e-33 3.90233e-26 7.91385e-20 1.93999e-14 5.74854e-10 2.05903e-06 0.00089149 0.0466586 0.295785 0.255399 0.194631 0.145026 0.048703 0.0115308 0.00131333 5.90808e-05 7.41952e-07 1.97995e-09 9.31935e-13 6.88487e-17 7.41652e-22 1.10944e-27 2.22827e-34 5.86777e-42
 1.67324e-41 2.32235e-33 3.89622e-26 7.90147e-20 1.93695e-14 5.73954e-10 2.05581e-06 0.000890095 0.0465862 0.295475 0.258663 0.197146 0.13965 0.049121 0.011249 0.0011723 4.40914e-05 4.39918e-07 9.01367e-10 3.17848e-13 1.72732e-17 1.35029e-22 1.45251e-28 2.087e-35 3.92235e-43
 1.70204e-41 2.36232e-33 3.96329e-26 8.03747e-20 1.97029e-14 5.83834e-10 2.0912e-06 0.000905417 0.0473879 0.300524 0.261501 0.19233 0.136986 0.048097 0.0110834 0.00114296 3.95275e-05 3.40874e-07 5.84618e-10 1.70062e-13 7.55594e-18 4.79627e-23 4.16597e-29 4.81055e-36 7.23878e-44
#spawning biomass
 5476.81 6450.72 7835.94 11003.7 16130.4 18411.7 17012.7 21550.6 31388.4 46988.7 58344.1 77758.1 112436 133474 135660 109547 101756 96484.8 94174.5 93104.8 95987.4 105151 108241 120490 120481 123804 125067 125428 184052 466467 659091 673486 611721 518433 421728 336025 266469 213088 173650 145291 125296 111399 101828 95244.8 90760.2 87791.6 85826.4 84525.6 83664.5 83094.5 82717.1 82467.4 82302 82192.6 82120.1 82072.2 82040.4 82019.4 82005.5 81996.3 81990.2 81986.1 81983.5 81981.7 81980.5 81979.8 81979.2 81978.9 81978.7 81978.5 81978.4 81978.4 81978.3 81978.3 81978.3 81978.3 81978.3 81978.3 81978.2 81978.2 81978.2 81978.2 81978.2 81978.2 81978.2 81978.2 81978.2 81978.2 81978.2 81978.2 81978.2 81978.2 81978.2 81978.2 81978.2 81978.2 81978.2 81978.2 81978.2 81978.2 81978.2 81978.2 81978.2 81978.2 81978.2 81978.2 81978.2 81978.2 81978.2 81978.2 81978.2 81978.2 81978.2 81978.2 81978.2 81978.2 81978.2 81978.2 81978.2 81978.2 81978.2 81978.2 81978.2 81978.2 81978.2 81978.2 81978.2 81978.2 81978.2 0 0 0 0 0 0 0 0 0 0 0 0 0 0 0 0 0 0 0 0 0 0 0 0 0
