SBPRF35
0.819782
Curr Bio
110533
B35
635808
F35
0.237188
FOFL
0
OFL
0
Bzero
234224
#pred survey bio
 15588.1 13560.7 15365.2 19338.1 23728.8 21446.4 28913 38968.7 53693.8 67743.2 90614.8 107356 134547 178129 176257 150455 120112 110397 119576 118248 119275 150799 155225 173583 176729 198710 164356 125302 2.43479e+06 3.52723e+06 4.10692e+06 4.07973e+06 3.78177e+06 3.40541e+06 3.0474e+06 2.74708e+06 2.5124e+06 2.33689e+06 2.20925e+06 2.11805e+06 2.05354e+06 2.00807e+06 1.97565e+06 1.95187e+06 1.93532e+06 1.92364e+06 1.91529e+06 1.90924e+06 1.90478e+06 1.90146e+06 1.89894e+06 1.89702e+06 1.89553e+06 1.89436e+06 1.89345e+06 1.89272e+06 1.89214e+06 1.89167e+06 1.8913e+06 1.89099e+06 1.89075e+06 1.89055e+06 1.89039e+06 1.89026e+06 1.89015e+06 1.89006e+06 1.88999e+06 1.88993e+06 1.88988e+06 1.88984e+06 1.88981e+06 1.88978e+06 1.88976e+06 1.88975e+06 1.88973e+06 1.88972e+06 1.88971e+06 1.8897e+06 1.8897e+06 1.88969e+06 1.88969e+06 1.88968e+06 1.88968e+06 1.88968e+06 1.88967e+06 1.88967e+06 1.88967e+06 1.88967e+06 1.88967e+06 1.88967e+06 1.88967e+06 1.88967e+06 1.88967e+06 1.88967e+06 1.88967e+06 1.88967e+06 1.88967e+06 1.88967e+06 1.88967e+06 1.88967e+06 1.88967e+06 1.88967e+06 1.88967e+06 1.88967e+06 1.88967e+06 1.88967e+06 1.88967e+06 1.88967e+06 1.88967e+06 1.88967e+06 1.88967e+06 1.88967e+06 1.88967e+06 1.88967e+06 1.88967e+06 1.88967e+06 1.88967e+06 1.88967e+06 1.88967e+06 1.88967e+06 1.88967e+06 1.88967e+06 1.88967e+06 1.88967e+06 1.88967e+06 1.88967e+06 1.88967e+06 1.88967e+06 0 0 0 0 0 0 0 0 0 0 0 0 0 0 0 0 0 0 0 0 0 0 0 0 0
#obs survey bio
 13738.2 7928.03 16837.1 23057.8 20958.7 17742.3 29086.5 36866.3 51850.6 67416.3 87321.3 66552.9 110793 184432 116373 104134 102794 80395.8 119507 118433 92786.9 130727 111897 186180 118975 136199 127840 105954
#pred catch bio
 9174.8 7475.74 8567.64 9532.07 15497 11503.7 16973.6 21818.8 32858.5 38422 55594.8 67249.4 78109 113544 118161 107953 84281.1 71496.6 81276.3 82308.5 74533 106605 105138 122774 115933 146728 124452 98840.9 0 25534.2 34720 34944.8 31968.9 28252.8 24779.3 21911.5 19707.8 18091.5 16943.7 16147.1 15603.6 15237.2 14991.1 14824.7 14717.2 14647.8 14603 14574 14555.3 14543.2 14535.4 14530.4 14527.1 14525 14523.7 14522.8 14522.2 14521.9 14521.6 14521.5 14521.4 14521.3 14521.3 14521.2 14521.2 14521.2 14521.2 14521.2 14521.2 14521.2 14521.2 14521.2 14521.2 14521.2 14521.2 14521.2 14521.2 14521.2 14521.2 14521.2 14521.2 14521.2 14521.2 14521.2 14521.2 14521.2 14521.2 14521.2 14521.2 14521.2 14521.2 14521.2 14521.2 14521.2 14521.2 14521.2 14521.2 14521.2 14521.2 14521.2 14521.2 14521.2 14521.2 14521.2 14521.2 14521.2 14521.2 14521.2 14521.2 14521.2 14521.2 14521.2 14521.2 14521.2 14521.2 14521.2 14521.2 14521.2 14521.2 14521.2 14521.2 14521.2 14521.2 14521.2 14521.2 14521.2 14521.2 14521.2 0 0 0 0 0 0 0 0 0 0 0 0 0 0 0 0 0 0 0 0 0 0 0 0 0
#obs catch bio
 9455.41 7829.47 8966.06 8004.77 15030 10925.1 16046.3 19828.1 30522.3 35446.7 49365.1 65487.5 73869.8 108559 115842 114499 81505.5 69291.1 72105.8 77402.4 68105.8 104752 100966 109816 104632 137419 108185 96191.2
#pred cpue bio
 10715.3 8874.41 9227.86 10979.6 14935.2 12571.7 16294.3 20660.3 29305.3 36026.5 49762.7 58839.1 70321.7 96824.9 102863 89205.9 67382.7 59774.2 65370.5 64291.8 62428.8 78998.2 79417.9 89659.9 90953.8 105746 88338.9 67301.3 1.18418e+06 2.74006e+06 3.81106e+06 3.88675e+06 3.60141e+06 3.22637e+06 2.86849e+06 2.56818e+06 2.3335e+06 2.15799e+06 2.03036e+06 1.93916e+06 1.87464e+06 1.82917e+06 1.79675e+06 1.77297e+06 1.75642e+06 1.74475e+06 1.7364e+06 1.73034e+06 1.72588e+06 1.72256e+06 1.72004e+06 1.71812e+06 1.71663e+06 1.71547e+06 1.71455e+06 1.71382e+06 1.71324e+06 1.71278e+06 1.7124e+06 1.7121e+06 1.71185e+06 1.71165e+06 1.71149e+06 1.71136e+06 1.71125e+06 1.71116e+06 1.71109e+06 1.71103e+06 1.71099e+06 1.71095e+06 1.71091e+06 1.71089e+06 1.71087e+06 1.71085e+06 1.71083e+06 1.71082e+06 1.71081e+06 1.71081e+06 1.7108e+06 1.71079e+06 1.71079e+06 1.71079e+06 1.71078e+06 1.71078e+06 1.71078e+06 1.71078e+06 1.71078e+06 1.71077e+06 1.71077e+06 1.71077e+06 1.71077e+06 1.71077e+06 1.71077e+06 1.71077e+06 1.71077e+06 1.71077e+06 1.71077e+06 1.71077e+06 1.71077e+06 1.71077e+06 1.71077e+06 1.71077e+06 1.71077e+06 1.71077e+06 1.71077e+06 1.71077e+06 1.71077e+06 1.71077e+06 1.71077e+06 1.71077e+06 1.71077e+06 1.71077e+06 1.71077e+06 1.71077e+06 1.71077e+06 1.71077e+06 1.71077e+06 1.71077e+06 1.71077e+06 1.71077e+06 1.71077e+06 1.71077e+06 1.71077e+06 1.71077e+06 1.71077e+06 1.71077e+06 1.71077e+06 1.71077e+06 0 0 0 0 0 0 0 0 0 0 0 0 0 0 0 0 0 0 0 0 0 0 0 0 0
#obs cpue bio
 10162.8 9248.37 10698.9 22097.1 17512.6 15023.2 25546.3 29276 41510.7 48366.2 87742.4 87782.4 107049 113857 149535 107740 97850.2 86238.7 123175 77483.9 108552 97058.3 126395 151758 180034 203409 209145 88458.8
#pred surv len freq
 1.41532e-11 1.53619e-09 9.83161e-08 3.71014e-06 8.25554e-05 0.00108317 0.00838064 0.0382534 0.103228 0.166461 0.168808 0.130372 0.105976 0.0885614 0.0624294 0.0399616 0.0261136 0.0173047 0.0117887 0.00847012 0.00654361 0.00551065 0.00479326 0.00370656 0.00216718
 1.22304e-11 1.32749e-09 8.4959e-08 3.20609e-06 7.13398e-05 0.000936029 0.00724278 0.0330733 0.0894379 0.145742 0.154932 0.138211 0.134265 0.119213 0.080247 0.0448129 0.0239692 0.0122829 0.00619693 0.00337454 0.00207474 0.00145948 0.00113175 0.000835588 0.000487298
 1.55826e-11 1.69134e-09 1.08245e-07 4.08484e-06 9.08929e-05 0.00119255 0.00922678 0.0421111 0.113577 0.182652 0.182897 0.135219 0.102949 0.0842908 0.0611945 0.0401621 0.023917 0.0118312 0.00496166 0.00197246 0.000829756 0.000412251 0.000251437 0.000164525 9.1834e-05
 1.55213e-11 1.68469e-09 1.0782e-07 4.06879e-06 9.05357e-05 0.00118787 0.00919074 0.0419508 0.113202 0.182508 0.184902 0.142204 0.114098 0.092001 0.0587686 0.030792 0.0156378 0.00779268 0.00353878 0.00139553 0.000476635 0.000156227 5.97417e-05 2.88322e-05 1.41288e-05
 1.27162e-11 1.38022e-09 8.83341e-08 3.33346e-06 7.41738e-05 0.000973211 0.00753039 0.0343844 0.0929528 0.151222 0.159611 0.139546 0.132704 0.117193 0.0793955 0.0445986 0.0230764 0.0104494 0.00408488 0.00148695 0.000505399 0.000151295 4.07421e-05 1.16973e-05 4.00154e-06
 1.51391e-11 1.64321e-09 1.05165e-07 3.9686e-06 8.83064e-05 0.00115862 0.00896445 0.0409182 0.110419 0.178056 0.18056 0.139387 0.112972 0.0933015 0.0633329 0.0368014 0.0197603 0.00913012 0.00350881 0.00116943 0.0003466 9.25909e-05 2.2217e-05 4.76712e-06 9.97533e-07
 1.58863e-11 1.72431e-09 1.10356e-07 4.16448e-06 9.26649e-05 0.00121581 0.00940676 0.0429344 0.115823 0.186465 0.187652 0.141072 0.109502 0.0875674 0.0573965 0.0317123 0.0165367 0.00783011 0.00320886 0.00113487 0.000338869 8.46783e-05 1.7989e-05 3.29265e-06 5.24338e-07
 1.67228e-11 1.81509e-09 1.16166e-07 4.38373e-06 9.75436e-05 0.00127981 0.00990188 0.0451916 0.121876 0.195921 0.1958 0.14355 0.106617 0.0821645 0.0513352 0.0259286 0.0121301 0.00524276 0.00199814 0.000685183 0.00020914 5.4204e-05 1.1485e-05 1.95738e-06 2.69369e-07
 1.58528e-11 1.72067e-09 1.10122e-07 4.15568e-06 9.24691e-05 0.00121324 0.00938699 0.042846 0.11561 0.186333 0.188504 0.144236 0.114694 0.0915285 0.0571464 0.0281604 0.0126072 0.00511731 0.00177601 0.000544247 0.000151494 3.75381e-05 7.96067e-06 1.37371e-06 1.8483e-07
 1.64841e-11 1.78919e-09 1.14508e-07 4.32118e-06 9.61517e-05 0.00126155 0.00976065 0.0445484 0.12016 0.193313 0.193904 0.144036 0.109322 0.0851942 0.0531298 0.0264326 0.0119108 0.00476327 0.00157701 0.000445153 0.000111067 2.44066e-05 4.68511e-06 7.65892e-07 1.01468e-07
 1.57375e-11 1.70816e-09 1.09322e-07 4.12547e-06 9.17969e-05 0.00120442 0.00931877 0.0425351 0.114777 0.18504 0.187429 0.144028 0.115311 0.0924775 0.0580682 0.0289102 0.013068 0.00528721 0.0017846 0.000509234 0.000124139 2.54551e-05 4.39264e-06 6.38631e-07 7.6885e-08
 1.58131e-11 1.71636e-09 1.09847e-07 4.14528e-06 9.22378e-05 0.0012102 0.0093635 0.0427388 0.115321 0.185867 0.188034 0.143891 0.114498 0.0916168 0.0576589 0.0288807 0.0131176 0.00528896 0.00176583 0.000499321 0.000121779 2.49657e-05 4.20289e-06 5.72257e-07 6.23325e-08
 1.68086e-11 1.82442e-09 1.16762e-07 4.40625e-06 9.80446e-05 0.00128639 0.00995274 0.0454237 0.122502 0.196928 0.196808 0.144284 0.107088 0.0822559 0.0508384 0.0249784 0.0111149 0.00442885 0.00147027 0.000412986 9.96822e-05 2.02216e-05 3.38116e-06 4.55927e-07 4.82122e-08
 1.58032e-11 1.71528e-09 1.09778e-07 4.14267e-06 9.21798e-05 0.00120944 0.00935764 0.0427126 0.115258 0.185826 0.188275 0.144791 0.115954 0.0926404 0.0573744 0.0276759 0.0120089 0.00470754 0.00155022 0.000433414 0.000104289 2.10732e-05 3.49962e-06 4.67851e-07 4.90112e-08
 1.39162e-11 1.51047e-09 9.667e-08 3.64803e-06 8.11734e-05 0.00106504 0.0082408 0.037624 0.101652 0.164907 0.171864 0.144654 0.130942 0.111066 0.0701787 0.0343381 0.0150403 0.00583992 0.00186127 0.000497796 0.000115614 2.28997e-05 3.76266e-06 4.99286e-07 5.19087e-08
 1.40189e-11 1.52161e-09 9.7383e-08 3.67493e-06 8.1772e-05 0.0010729 0.00830147 0.0378991 0.102369 0.165854 0.171849 0.142161 0.126311 0.107516 0.0705066 0.0374658 0.0180089 0.00737781 0.00240111 0.000642787 0.000146296 2.79201e-05 4.41271e-06 5.69452e-07 5.82532e-08
 1.51717e-11 1.64674e-09 1.05391e-07 3.97714e-06 8.84965e-05 0.00116112 0.00898387 0.0410093 0.110699 0.178778 0.182558 0.144123 0.120009 0.0981223 0.0618148 0.0306882 0.0138171 0.00558027 0.00187956 0.000530649 0.000125458 2.41816e-05 3.76359e-06 4.70194e-07 4.63612e-08
 1.57695e-11 1.71163e-09 1.09544e-07 4.13385e-06 9.19833e-05 0.00120687 0.00933772 0.0426221 0.11502 0.185491 0.188163 0.14529 0.116997 0.0935244 0.0574854 0.0271731 0.011428 0.00432721 0.00136654 0.00036547 8.53152e-05 1.69102e-05 2.73074e-06 3.47646e-07 3.40661e-08
 1.56506e-11 1.69872e-09 1.08718e-07 4.10267e-06 9.12897e-05 0.00119777 0.00926732 0.0423011 0.114157 0.184133 0.186941 0.144764 0.117158 0.0941841 0.0585567 0.0283638 0.0122682 0.00468542 0.0014537 0.000372971 8.23717e-05 1.55225e-05 2.44793e-06 3.14722e-07 3.16509e-08
 1.56413e-11 1.69771e-09 1.08653e-07 4.10024e-06 9.12356e-05 0.00119706 0.00926185 0.0422765 0.114096 0.184078 0.187088 0.145392 0.118188 0.0949023 0.0583373 0.0274994 0.0115023 0.00431561 0.00133637 0.000342856 7.468e-05 1.35772e-05 2.0319e-06 2.48358e-07 2.42511e-08
 1.64457e-11 1.78502e-09 1.14241e-07 4.3111e-06 9.59273e-05 0.00125861 0.00973793 0.0444458 0.119898 0.193009 0.194151 0.145637 0.112093 0.0872812 0.0528898 0.024476 0.00996815 0.0036332 0.00108602 0.000267414 5.64528e-05 1.00876e-05 1.48298e-06 1.75572e-07 1.63837e-08
 1.65501e-11 1.79635e-09 1.14966e-07 4.33847e-06 9.65363e-05 0.0012666 0.00979971 0.0447269 0.120645 0.194125 0.194861 0.1451 0.110432 0.0857052 0.0524016 0.0248655 0.0104844 0.00392248 0.0011922 0.000296265 6.2179e-05 1.08671e-05 1.55436e-06 1.79837e-07 1.64214e-08
 1.66619e-11 1.80849e-09 1.15743e-07 4.36778e-06 9.71886e-05 0.00127516 0.00986596 0.0450297 0.121468 0.195493 0.196444 0.146788 0.112106 0.0863194 0.0509439 0.0221179 0.00820334 0.00279275 0.000808504 0.000195056 4.01803e-05 6.94448e-06 9.80127e-07 1.10954e-07 9.86094e-09
 1.65489e-11 1.79622e-09 1.14958e-07 4.33816e-06 9.65296e-05 0.00126651 0.00979907 0.0447247 0.120649 0.194209 0.195312 0.146369 0.112388 0.0870503 0.0519694 0.023169 0.00888954 0.00303848 0.000838855 0.00018505 3.47871e-05 5.66056e-06 7.736e-07 8.59987e-08 7.52709e-09
 1.652e-11 1.79309e-09 1.14757e-07 4.33059e-06 9.6361e-05 0.0012643 0.00978198 0.0446471 0.120445 0.193925 0.195233 0.146843 0.11334 0.0878013 0.0519389 0.0225804 0.00834611 0.0027834 0.00076456 0.000168236 3.0791e-05 4.68851e-06 5.85474e-07 6.00414e-08 4.9859e-09
 1.60008e-11 1.73673e-09 1.1115e-07 4.19447e-06 9.33323e-05 0.00122457 0.00947462 0.0432462 0.116693 0.188101 0.190396 0.145921 0.116118 0.0919852 0.0558546 0.0256742 0.0102849 0.00363239 0.00102125 0.000226721 4.17842e-05 6.38879e-06 7.88121e-07 7.73693e-08 5.97875e-09
 1.54541e-11 1.67739e-09 1.07353e-07 4.05117e-06 9.01437e-05 0.00118273 0.0091511 0.041773 0.112765 0.182153 0.186171 0.147338 0.122674 0.0987651 0.058881 0.0254956 0.00934796 0.00311016 0.000861854 0.000193181 3.60655e-05 5.54448e-06 6.83493e-07 6.67926e-08 5.08749e-09
 1.54909e-11 1.68139e-09 1.07608e-07 4.06081e-06 9.03582e-05 0.00118555 0.00917287 0.0418721 0.113029 0.18255 0.186443 0.147209 0.122189 0.0983079 0.0587586 0.025614 0.00944574 0.00310357 0.000821481 0.000170233 2.94006e-05 4.33949e-06 5.30919e-07 5.20643e-08 3.97152e-09
#obs surv len freq
 1.166e-11 1.26559e-09 8.09974e-08 3.05659e-06 6.80134e-05 0.000892389 0.00690527 0.0315349 0.0853032 0.13912 0.14806 0.131849 0.128569 0.119729 0.0913175 0.0596234 0.0336824 0.0155346 0.00570871 0.0016583 0.000370578 6.14756e-05 7.31848e-06 6.05688e-07 3.38698e-08
 8.35654e-12 9.07024e-10 5.80495e-08 2.19061e-06 4.87446e-05 0.000639596 0.00495024 0.0226304 0.061523 0.102679 0.119603 0.13097 0.152182 0.149463 0.114237 0.0735531 0.0406148 0.0182012 0.00645705 0.00179679 0.000381729 5.97848e-05 6.67769e-06 5.15817e-07 2.68064e-08
 1.8487e-11 2.00659e-09 1.28421e-07 4.84623e-06 0.000107835 0.00141483 0.0109461 0.049947 0.134547 0.21497 0.208278 0.134844 0.0785003 0.0564071 0.0450228 0.0328652 0.0193959 0.00873505 0.00301777 0.000805562 0.000162688 2.40454e-05 2.51867e-06 1.81502e-07 8.76335e-09
 8.43833e-12 9.15902e-10 5.86177e-08 2.21206e-06 4.92225e-05 0.000645901 0.00500026 0.0228839 0.0625084 0.106364 0.131663 0.157444 0.184369 0.162457 0.0967019 0.0425899 0.0171431 0.00690757 0.00244802 0.000669356 0.000133196 1.88334e-05 1.85737e-06 1.24979e-07 5.60681e-09
 1.40998e-11 1.53041e-09 9.79457e-08 3.69617e-06 8.22449e-05 0.00107911 0.00834965 0.0381191 0.102927 0.166209 0.168651 0.12881 0.104062 0.096174 0.083391 0.0586318 0.0298179 0.0104285 0.00262796 0.000532068 9.07991e-05 1.21386e-05 1.15632e-06 7.43055e-08 3.13652e-09
 1.19637e-11 1.29855e-09 8.3107e-08 3.13621e-06 6.97857e-05 0.000915684 0.00708681 0.0323881 0.0878699 0.144872 0.159262 0.148833 0.14302 0.120313 0.0780455 0.0427237 0.0215943 0.00926988 0.00296375 0.000657342 9.98966e-05 1.06747e-05 8.26251e-07 4.60857e-08 1.77802e-09
 1.64339e-11 1.78375e-09 1.1416e-07 4.30804e-06 9.58597e-05 0.00125775 0.009732 0.0444308 0.119961 0.193529 0.19493 0.143167 0.103075 0.0792191 0.0552493 0.0324587 0.0153099 0.00557488 0.0015861 0.000353845 5.85496e-05 6.69587e-06 5.07949e-07 2.52738e-08 8.27563e-10
 1.34951e-11 1.46477e-09 9.37453e-08 3.53767e-06 7.8719e-05 0.00103291 0.00799417 0.0365347 0.0990859 0.162897 0.176221 0.156146 0.138589 0.108509 0.064503 0.0303604 0.0123418 0.00425964 0.00116221 0.000238911 3.60361e-05 3.89451e-06 2.91996e-07 1.46283e-08 4.74278e-10
 1.42876e-11 1.55078e-09 9.92499e-08 3.7454e-06 8.33412e-05 0.00109354 0.00846301 0.038667 0.10473 0.171121 0.18059 0.15007 0.125204 0.0997563 0.0655257 0.034643 0.014367 0.0044508 0.00102427 0.000179784 2.40585e-05 2.35952e-06 1.61955e-07 7.51542e-09 2.29818e-10
 1.42623e-11 1.54804e-09 9.90743e-08 3.73877e-06 8.31941e-05 0.00109163 0.0084488 0.0386117 0.104677 0.171574 0.182723 0.154131 0.128459 0.0990504 0.0617096 0.0312108 0.0129079 0.00414387 0.000983365 0.00016813 2.03937e-05 1.73859e-06 1.03342e-07 4.21859e-09 1.15527e-10
 1.28444e-11 1.39414e-09 8.92252e-08 3.36711e-06 7.49248e-05 0.000983175 0.00761079 0.0348075 0.0946339 0.156787 0.172936 0.157291 0.140737 0.111286 0.0693267 0.0344573 0.0137222 0.00420151 0.000959342 0.000160661 1.92302e-05 1.59264e-06 8.88912e-08 3.28683e-09 7.96191e-11
 1.41338e-11 1.5341e-09 9.81821e-08 3.70511e-06 8.24458e-05 0.00108185 0.00837387 0.0382816 0.103884 0.17071 0.182613 0.154113 0.127409 0.0987821 0.0634401 0.032847 0.0133066 0.00402449 0.000888477 0.00014199 1.61547e-05 1.27586e-06 6.81755e-08 2.40908e-09 5.52123e-11
 1.35676e-11 1.47263e-09 9.42484e-08 3.55668e-06 7.91439e-05 0.00103857 0.00804028 0.0367803 0.100044 0.165741 0.181633 0.160379 0.136112 0.102607 0.0617072 0.0298291 0.0116158 0.00348344 0.000770295 0.000121966 1.34789e-05 1.01636e-06 5.13179e-08 1.70652e-09 3.67913e-11
 1.13296e-11 1.22972e-09 7.87023e-08 2.97004e-06 6.60917e-05 0.000867388 0.00671789 0.0307793 0.0842056 0.142353 0.165649 0.163803 0.153726 0.121739 0.075094 0.0364158 0.0137422 0.00389269 0.000810159 0.000122201 1.30348e-05 9.52652e-07 4.63818e-08 1.47272e-09 3.00208e-11
 9.22242e-12 1.00101e-09 6.40649e-08 2.41768e-06 5.38025e-05 0.000706209 0.00547248 0.0251216 0.0691961 0.119642 0.147895 0.161375 0.16487 0.139701 0.0927365 0.0479626 0.0187112 0.00530636 0.00107645 0.000154766 1.55201e-05 1.06304e-06 4.86876e-08 1.46156e-09 2.82386e-11
 1.21666e-11 1.32057e-09 8.4517e-08 3.18947e-06 7.09748e-05 0.000931462 0.00721343 0.0330313 0.0901171 0.150521 0.168023 0.15295 0.136309 0.113479 0.0792006 0.0435964 0.0179461 0.00531863 0.00111158 0.000160939 1.5833e-05 1.03989e-06 4.49303e-08 1.2604e-09 2.26713e-11
 1.17755e-11 1.27813e-09 8.18007e-08 3.087e-06 6.86972e-05 0.000901694 0.00698618 0.0320421 0.087887 0.149263 0.173748 0.167444 0.14888 0.112498 0.0682071 0.0336983 0.013355 0.00401068 0.00086463 0.000128634 1.28334e-05 8.40786e-07 3.56099e-08 9.62968e-10 1.64589e-11
 1.24596e-11 1.35237e-09 8.65525e-08 3.26633e-06 7.26881e-05 0.000954077 0.00739177 0.0338937 0.0928432 0.156784 0.179063 0.166202 0.143371 0.108059 0.0654521 0.0309992 0.0112014 0.00301891 0.000597685 8.47803e-05 8.29585e-06 5.39442e-07 2.26644e-08 6.0371e-10 1.00661e-11
 1.17115e-11 1.27118e-09 8.13563e-08 3.07028e-06 6.83285e-05 0.000896993 0.00695295 0.0319318 0.0878966 0.150532 0.177664 0.172531 0.151606 0.111852 0.0650586 0.0295635 0.0102647 0.00262727 0.000482723 6.24404e-05 5.57021e-06 3.34836e-07 1.32407e-08 3.36798e-10 5.40762e-12
 1.21141e-11 1.31488e-09 8.41535e-08 3.17586e-06 7.06791e-05 0.000927879 0.00719274 0.0330336 0.0908866 0.15518 0.181044 0.17162 0.147642 0.108529 0.063265 0.0283658 0.00949021 0.00230109 0.000396716 4.77752e-05 3.93193e-06 2.16227e-07 7.79076e-09 1.80902e-10 2.66878e-12
 1.28191e-11 1.3914e-09 8.90509e-08 3.3607e-06 7.47939e-05 0.000981932 0.00761223 0.0349616 0.0961513 0.163676 0.188579 0.173193 0.142544 0.100562 0.0566351 0.0246929 0.00806993 0.00190628 0.000316613 3.6182e-05 2.78789e-06 1.42127e-07 4.71425e-09 1.00258e-10 1.34988e-12
 1.21371e-11 1.31737e-09 8.4314e-08 3.18201e-06 7.08225e-05 0.000930001 0.00721443 0.0331988 0.0918059 0.158545 0.188314 0.17972 0.149915 0.103248 0.0553915 0.0227731 0.00702083 0.00157188 0.000248399 2.70216e-05 1.97495e-06 9.4877e-08 2.94257e-09 5.80895e-11 7.217e-13
 1.2818e-11 1.39129e-09 8.90449e-08 3.36057e-06 7.47973e-05 0.000982199 0.00761891 0.0350463 0.0967383 0.165909 0.193121 0.177707 0.143593 0.097872 0.0523701 0.0211642 0.00626271 0.00132095 0.000194871 1.97563e-05 1.34812e-06 6.05858e-08 1.75871e-09 3.24552e-11 3.75957e-13
 1.20386e-11 1.3067e-09 8.36319e-08 3.15641e-06 7.02609e-05 0.000922922 0.00716551 0.0330428 0.0918197 0.160096 0.192543 0.184137 0.150664 0.100475 0.0517675 0.0201548 0.00577541 0.00117849 0.000166577 1.59614e-05 1.01741e-06 4.24134e-08 1.139e-09 1.94431e-11 2.08522e-13
 1.21582e-11 1.31968e-09 8.44637e-08 3.18787e-06 7.09646e-05 0.000932273 0.00723992 0.0334017 0.092875 0.161907 0.193955 0.183729 0.149162 0.0994473 0.0511253 0.0195487 0.0053988 0.00104933 0.00014066 1.27603e-05 7.67888e-07 3.00705e-08 7.53922e-10 1.19465e-11 1.18419e-13
 1.07735e-11 1.16939e-09 7.48471e-08 2.82514e-06 6.29043e-05 0.000826893 0.00643234 0.0298099 0.0838614 0.150292 0.189677 0.191134 0.160528 0.106835 0.0538637 0.0201037 0.00540861 0.00101853 0.000131038 1.12916e-05 6.40232e-07 2.35036e-08 5.50796e-10 8.13995e-12 7.50849e-14
 1.09005e-11 1.18319e-09 7.57307e-08 2.85857e-06 6.3652e-05 0.000836812 0.00651058 0.0301754 0.0848335 0.151495 0.189403 0.18872 0.158659 0.107313 0.0549684 0.0205012 0.00540283 0.000982856 0.000121196 9.95784e-06 5.35649e-07 1.8555e-08 4.08135e-10 5.63574e-12 4.84061e-14
 1.12128e-11 1.2171e-09 7.79027e-08 2.94069e-06 6.54876e-05 0.000861151 0.00670337 0.0310992 0.087558 0.156462 0.194592 0.190317 0.15522 0.101757 0.0508614 0.0186617 0.0048568 0.000869415 0.000104488 8.27062e-06 4.24269e-07 1.39116e-08 2.88157e-10 3.73277e-12 2.9983e-14
#pred catch len freq
 9.7156e-12 1.05454e-09 6.74901e-08 2.54687e-06 5.66714e-05 0.000743575 0.00575387 0.0262802 0.0711482 0.116587 0.126976 0.121 0.126624 0.119153 0.0887472 0.0598735 0.0406786 0.027453 0.0188485 0.013585 0.010506 0.00885006 0.00769841 0.00595313 0.00348073
 7.89739e-12 8.57186e-10 5.48598e-08 2.07024e-06 4.60661e-05 0.000604445 0.00467807 0.0213853 0.0581522 0.0973517 0.115558 0.133197 0.161252 0.155589 0.109163 0.0640857 0.0358692 0.0188299 0.00961034 0.00526283 0.00324246 0.00228223 0.00176996 0.00130681 0.000762108
 1.13531e-11 1.23227e-09 7.88649e-08 2.97612e-06 6.62226e-05 0.000868888 0.00672326 0.0307008 0.0830201 0.135269 0.143758 0.1284 0.126458 0.118302 0.0912162 0.0628426 0.038611 0.0193781 0.00819252 0.00327454 0.00138142 0.000687058 0.000419158 0.000274283 0.0001531
 1.11044e-11 1.20528e-09 7.71377e-08 2.91094e-06 6.47725e-05 0.000849868 0.00657641 0.0300378 0.0813302 0.133345 0.145545 0.139258 0.145012 0.131739 0.0883656 0.0487096 0.0260096 0.0133232 0.00612118 0.00242655 0.000830822 0.000272656 0.000104323 5.03556e-05 2.46766e-05
 9.00728e-12 9.77654e-10 6.25697e-08 2.36119e-06 5.254e-05 0.000689381 0.00533507 0.0243804 0.0661821 0.109877 0.126271 0.136281 0.157525 0.150054 0.105168 0.0612688 0.032713 0.0150544 0.00593211 0.0021697 0.000739212 0.000221493 5.96662e-05 1.7133e-05 5.86128e-06
 1.08478e-11 1.17742e-09 7.53549e-08 2.84366e-06 6.32754e-05 0.000830225 0.00642438 0.0293427 0.0794389 0.13017 0.141751 0.134965 0.140698 0.130637 0.0933694 0.0569833 0.0318053 0.0149793 0.00581134 0.00194811 0.000579267 0.000154982 3.72116e-05 7.98646e-06 1.67133e-06
 1.20857e-11 1.31179e-09 8.39545e-08 3.16818e-06 7.04963e-05 0.000924962 0.00715719 0.0326833 0.0883945 0.144133 0.153651 0.138171 0.135589 0.121588 0.0834218 0.0480262 0.0259453 0.0125121 0.00517076 0.00183679 0.00054967 0.000137497 2.92242e-05 5.35031e-06 8.52086e-07
 1.30187e-11 1.41305e-09 9.04351e-08 3.41274e-06 7.5938e-05 0.000996357 0.00770948 0.0352018 0.0951575 0.154769 0.163164 0.142112 0.134197 0.116893 0.076443 0.0401681 0.0195374 0.00863517 0.0033251 0.00114639 0.000350857 9.10376e-05 1.92986e-05 3.28969e-06 4.52757e-07
 1.23158e-11 1.33677e-09 8.55528e-08 3.2285e-06 7.18385e-05 0.000942574 0.00729353 0.0333073 0.0901016 0.147072 0.1575 0.143302 0.141722 0.125228 0.0811243 0.0413175 0.0191402 0.0079285 0.00277748 0.000855521 0.000238811 5.92491e-05 1.25713e-05 2.16974e-06 2.91957e-07
 1.2786e-11 1.3878e-09 8.88189e-08 3.35175e-06 7.4581e-05 0.000978554 0.0075718 0.034575 0.0934875 0.152251 0.161431 0.142906 0.137356 0.120311 0.0783393 0.040476 0.0189399 0.00774164 0.002589 0.000735079 0.000184046 4.05127e-05 7.78261e-06 1.27264e-06 1.68623e-07
 1.21827e-11 1.32231e-09 8.46278e-08 3.19359e-06 7.10617e-05 0.000932383 0.0072147 0.032948 0.0891383 0.145571 0.156224 0.142971 0.142298 0.126244 0.0822538 0.0423402 0.0197974 0.00816936 0.00278229 0.000797875 0.000195058 4.00541e-05 6.91651e-06 1.00588e-06 1.21114e-07
 1.23619e-11 1.34177e-09 8.58729e-08 3.24058e-06 7.21072e-05 0.000946099 0.00732078 0.0334312 0.0904292 0.147546 0.157726 0.14283 0.140649 0.124376 0.0811763 0.0419862 0.0196893 0.00808614 0.0027225 0.000773502 0.000189175 3.88351e-05 6.54179e-06 8.90966e-07 9.70599e-08
 1.32928e-11 1.44281e-09 9.23394e-08 3.4846e-06 7.7537e-05 0.00101734 0.00787177 0.035942 0.0971461 0.157906 0.166011 0.143417 0.134055 0.115848 0.0747122 0.0380354 0.0175442 0.00714049 0.00239354 0.000675955 0.000163669 3.32535e-05 5.56412e-06 7.50529e-07 7.93765e-08
 1.24544e-11 1.35181e-09 8.65156e-08 3.26483e-06 7.2647e-05 0.000953181 0.00737559 0.0336817 0.0911097 0.148679 0.15904 0.144238 0.142057 0.124918 0.0800098 0.0397391 0.0177909 0.00710904 0.00236151 0.000663333 0.00016004 3.2381e-05 5.38074e-06 7.19529e-07 7.53856e-08
 1.05114e-11 1.14091e-09 7.30184e-08 2.75549e-06 6.13136e-05 0.000804492 0.00622556 0.0284418 0.0770979 0.127122 0.142059 0.143871 0.15715 0.143684 0.0933326 0.0469549 0.0211916 0.00837774 0.00269201 0.0007233 0.00016846 3.34144e-05 5.4938e-06 7.29204e-07 7.58215e-08
 1.09425e-11 1.18771e-09 7.6013e-08 2.8685e-06 6.38281e-05 0.000837479 0.00648062 0.0296021 0.0801753 0.131651 0.144622 0.140635 0.148742 0.136151 0.0917578 0.0500037 0.0245927 0.0101983 0.0033374 0.000896433 0.000204461 3.9064e-05 6.17722e-06 7.97352e-07 8.15756e-08
 1.21794e-11 1.32196e-09 8.46053e-08 3.19275e-06 7.10429e-05 0.000932136 0.0072128 0.0329396 0.0891192 0.145569 0.156356 0.143412 0.142999 0.12673 0.082104 0.0417483 0.0192602 0.00789048 0.00267474 0.000757718 0.000179485 3.46283e-05 5.392e-06 6.7379e-07 6.6443e-08
 1.25031e-11 1.35709e-09 8.68534e-08 3.27758e-06 7.29306e-05 0.000956903 0.0074044 0.0338134 0.0914675 0.149277 0.159742 0.145013 0.142863 0.125299 0.079505 0.0386168 0.0167364 0.00645906 0.00205756 0.000552873 0.000129423 2.56881e-05 4.15073e-06 5.28563e-07 5.18006e-08
 1.25919e-11 1.36673e-09 8.74706e-08 3.30087e-06 7.34488e-05 0.000963701 0.00745696 0.0340525 0.0921014 0.150208 0.160258 0.144314 0.141091 0.123757 0.0792804 0.0393703 0.0174778 0.00678087 0.00211876 0.000545751 0.00012083 2.27994e-05 3.59765e-06 4.6266e-07 4.65341e-08
 1.27274e-11 1.38143e-09 8.84115e-08 3.33638e-06 7.42388e-05 0.000974067 0.00753715 0.0344184 0.0930868 0.151781 0.161774 0.145256 0.141434 0.123369 0.0779504 0.037568 0.0161012 0.00613541 0.00191319 0.000492657 0.000107548 1.95754e-05 2.93117e-06 3.58368e-07 3.49972e-08
 1.31831e-11 1.4309e-09 9.15771e-08 3.45584e-06 7.6897e-05 0.00100894 0.00780689 0.0356475 0.0963756 0.156856 0.165851 0.145602 0.138304 0.119289 0.0748302 0.0356102 0.0149666 0.00556837 0.00168013 0.000415802 8.80599e-05 1.57623e-05 2.31904e-06 2.74654e-07 2.56339e-08
 1.39314e-11 1.51212e-09 9.67752e-08 3.652e-06 8.12617e-05 0.0010662 0.00824977 0.037665 0.101765 0.1651 0.172112 0.144978 0.131326 0.111297 0.0700456 0.0339303 0.0146162 0.00554161 0.00169434 0.000422394 8.88274e-05 1.5541e-05 2.22403e-06 2.57378e-07 2.35046e-08
 1.38784e-11 1.50637e-09 9.64074e-08 3.63812e-06 8.09529e-05 0.00106215 0.0082185 0.0375239 0.101406 0.164698 0.172528 0.147388 0.135428 0.114263 0.0693947 0.0307307 0.0116819 0.00405175 0.00118334 0.000286712 5.92083e-05 1.02465e-05 1.44705e-06 1.63858e-07 1.45647e-08
 1.39645e-11 1.51571e-09 9.70053e-08 3.66068e-06 8.1455e-05 0.00106874 0.00826943 0.0377556 0.10202 0.165604 0.173048 0.146768 0.133804 0.112854 0.0692053 0.0314224 0.0123144 0.00427224 0.0011875 0.000262872 4.95327e-05 8.07103e-06 1.10373e-06 1.22733e-07 1.07436e-08
 1.35388e-11 1.46951e-09 9.40482e-08 3.54909e-06 7.89719e-05 0.00103616 0.00801749 0.0366081 0.0989578 0.16094 0.169608 0.147457 0.138278 0.117717 0.0717458 0.0318759 0.0121065 0.0041205 0.00114268 0.000252631 4.63773e-05 7.07427e-06 8.84174e-07 9.0713e-08 7.53448e-09
 1.35381e-11 1.46943e-09 9.40431e-08 3.5489e-06 7.89676e-05 0.00103611 0.00801702 0.0366052 0.0989396 0.160827 0.169107 0.146097 0.136215 0.116368 0.0723663 0.0338271 0.013804 0.00493512 0.00139507 0.000310589 5.73504e-05 8.77875e-06 1.08355e-06 1.064e-07 8.22323e-09
 1.3073e-11 1.41895e-09 9.08124e-08 3.42698e-06 7.62549e-05 0.00100052 0.0077418 0.0353523 0.095604 0.155815 0.165743 0.147936 0.142756 0.122764 0.0746474 0.0327615 0.0122175 0.00411804 0.00114814 0.000258105 4.82717e-05 7.42834e-06 9.16171e-07 8.95522e-08 6.82187e-09
 1.34124e-11 1.45578e-09 9.31699e-08 3.51594e-06 7.82344e-05 0.00102649 0.00794266 0.0362673 0.0980488 0.159559 0.16861 0.147729 0.139718 0.119265 0.0725418 0.0319759 0.0119502 0.00396573 0.00105452 0.000219012 3.78821e-05 5.59657e-06 6.85033e-07 6.71914e-08 5.12592e-09
#obs catch len freq
 9.76133e-12 1.0595e-09 6.78079e-08 2.55887e-06 5.69385e-05 0.00074709 0.00578142 0.0264134 0.0715941 0.117902 0.130677 0.129167 0.13964 0.135575 0.105124 0.0695377 0.0397473 0.0185459 0.00690467 0.00203412 0.000461183 7.76363e-05 9.37829e-06 7.87322e-07 4.4641e-08
 1.00501e-11 1.09084e-09 6.98136e-08 2.63455e-06 5.86227e-05 0.000769191 0.00595255 0.0271967 0.073728 0.121436 0.13438 0.131535 0.139757 0.133738 0.102456 0.066688 0.0372357 0.0168678 0.00605696 0.00170823 0.000368057 5.8472e-05 6.62344e-06 5.18586e-07 2.7299e-08
 7.11337e-12 7.7209e-10 4.94137e-08 1.86473e-06 4.14935e-05 0.000544472 0.00421474 0.0192834 0.0526154 0.0892009 0.109606 0.131646 0.161466 0.160282 0.122468 0.0784377 0.0427375 0.0187823 0.00650057 0.00175339 0.000358597 5.37056e-05 5.70048e-06 4.16114e-07 2.03386e-08
 1.75288e-11 1.90259e-09 1.21766e-07 4.59506e-06 0.000102246 0.00134151 0.0103791 0.0473647 0.127651 0.204383 0.199845 0.133923 0.0842737 0.0645468 0.0523408 0.0379072 0.0219731 0.00967738 0.00325557 0.000840993 0.000163245 2.30394e-05 2.29046e-06 1.55812e-07 7.0692e-09
 7.47887e-12 8.11761e-10 5.19527e-08 1.96055e-06 4.36263e-05 0.000572497 0.004433 0.0203079 0.0557096 0.0964218 0.125504 0.16078 0.193748 0.170277 0.100462 0.0439908 0.0176013 0.00697348 0.00240149 0.000633204 0.000120803 1.62837e-05 1.5223e-06 9.65976e-08 4.06875e-09
 1.3165e-11 1.42894e-09 9.1452e-08 3.45112e-06 7.67923e-05 0.00100758 0.00779661 0.0356023 0.0962248 0.156023 0.160855 0.128645 0.110538 0.104921 0.0907485 0.0626815 0.0310851 0.0105868 0.00259895 0.000510609 8.37198e-05 1.06519e-05 9.59796e-07 5.80816e-08 2.29998e-09
 1.11613e-11 1.21146e-09 7.75332e-08 2.92588e-06 6.51059e-05 0.0008543 0.00661249 0.0302347 0.0821873 0.136544 0.153946 0.151083 0.150194 0.12683 0.081896 0.0445579 0.0221739 0.00925673 0.00285521 0.000608376 8.85678e-05 9.02907e-06 6.62413e-07 3.47751e-08 1.25634e-09
 1.5852e-11 1.72058e-09 1.10117e-07 4.15548e-06 9.24655e-05 0.00121323 0.00938794 0.0428681 0.11583 0.18742 0.19082 0.144339 0.108041 0.0843323 0.0585896 0.0339302 0.0156565 0.00555597 0.0015333 0.000329024 5.19377e-05 5.63648e-06 4.04313e-07 1.89556e-08 5.82378e-10
 1.29709e-11 1.40788e-09 9.0104e-08 3.40026e-06 7.56619e-05 0.000992818 0.00768463 0.0351334 0.095425 0.157724 0.173501 0.15868 0.143806 0.112352 0.0661343 0.0307567 0.0122731 0.00412249 0.00108708 0.000214681 3.09202e-05 3.17087e-06 2.24317e-07 1.05587e-08 3.20715e-10
 1.38612e-11 1.5045e-09 9.62882e-08 3.63364e-06 8.08547e-05 0.00106094 0.00821133 0.0375283 0.10176 0.166938 0.178397 0.152093 0.129476 0.103146 0.0670516 0.0348221 0.0140766 0.00423144 0.000941736 0.000158951 2.03017e-05 1.8876e-06 1.22174e-07 5.32247e-09 1.52239e-10
 1.39228e-11 1.51119e-09 9.67158e-08 3.64978e-06 8.12143e-05 0.00106568 0.00824864 0.037709 0.102347 0.168416 0.181431 0.156314 0.132028 0.10138 0.0624466 0.0310556 0.012526 0.00389423 0.000889976 0.000145776 1.68554e-05 1.36283e-06 7.64163e-08 2.92771e-09 7.49373e-11
 1.25743e-11 1.36482e-09 8.73485e-08 3.29629e-06 7.33497e-05 0.000962536 0.00745188 0.0340947 0.0928277 0.154502 0.172489 0.159755 0.143858 0.11282 0.0693378 0.0338159 0.0131142 0.00388645 0.000854317 0.000136896 1.55843e-05 1.22146e-06 6.42491e-08 2.2304e-09 5.05418e-11
 1.39446e-11 1.51356e-09 9.68677e-08 3.65552e-06 8.13428e-05 0.0010674 0.00826282 0.037786 0.102647 0.169237 0.182609 0.156224 0.129823 0.0998411 0.0631933 0.0320246 0.012602 0.00368196 0.00078137 0.000119349 1.29025e-05 9.63253e-07 4.84394e-08 1.6049e-09 3.43841e-11
 1.34318e-11 1.45789e-09 9.33052e-08 3.5211e-06 7.83528e-05 0.00102822 0.0079611 0.0364321 0.0992185 0.164968 0.182321 0.162677 0.137985 0.102804 0.060867 0.0288159 0.0109033 0.00315519 0.000669264 0.000101064 1.05959e-05 7.54431e-07 3.5818e-08 1.11583e-09 2.24667e-11
 1.12593e-11 1.22209e-09 7.82141e-08 2.95163e-06 6.56831e-05 0.000862069 0.00667784 0.0306126 0.0838888 0.142455 0.167232 0.166478 0.155274 0.121205 0.073451 0.0347869 0.0127286 0.00347628 0.000693779 9.97276e-05 1.00774e-05 6.94294e-07 3.17404e-08 9.43249e-10 1.7946e-11
 9.2079e-12 9.99434e-10 6.39643e-08 2.4139e-06 5.37196e-05 0.000705172 0.00546575 0.025109 0.0693068 0.120458 0.150179 0.16441 0.166453 0.138919 0.0904527 0.045559 0.0171889 0.0046898 0.000910609 0.000124607 1.18281e-05 7.63156e-07 3.27872e-08 9.20061e-10 1.65719e-11
 1.22032e-11 1.32455e-09 8.47714e-08 3.19908e-06 7.11897e-05 0.000934324 0.0072366 0.0331511 0.0905481 0.151672 0.170176 0.155376 0.137512 0.112804 0.0771189 0.0412622 0.0163971 0.00466514 0.00093083 0.000127972 1.18974e-05 7.35314e-07 2.97836e-08 7.80641e-10 1.30828e-11
 1.18489e-11 1.28609e-09 8.23108e-08 3.10627e-06 6.91275e-05 0.000907401 0.00703175 0.0322686 0.0886354 0.151009 0.176513 0.169826 0.14906 0.110676 0.0658238 0.0317068 0.0121435 0.0034965 0.000717972 0.000101181 9.51849e-06 5.85778e-07 2.32283e-08 5.86463e-10 9.33608e-12
 1.25713e-11 1.3645e-09 8.73287e-08 3.29564e-06 7.33421e-05 0.00096272 0.00746006 0.0342235 0.0938612 0.158905 0.18202 0.168461 0.143315 0.105931 0.062706 0.0288492 0.0100626 0.0026027 0.000491224 6.59636e-05 6.0754e-06 3.70299e-07 1.45386e-08 3.6103e-10 5.60096e-12
 1.18588e-11 1.28717e-09 8.23803e-08 3.10895e-06 6.91912e-05 0.000908391 0.00704289 0.0323638 0.0892094 0.153168 0.1811 0.174806 0.151036 0.109127 0.0619927 0.0273406 0.00914651 0.00224171 0.000392106 4.80021e-05 4.03053e-06 2.26959e-07 8.37543e-09 1.98259e-10 2.95654e-12
 1.22857e-11 1.3335e-09 8.53455e-08 3.22088e-06 7.16831e-05 0.000941137 0.00729714 0.0335319 0.092374 0.15806 0.184601 0.17381 0.146924 0.10563 0.0600095 0.0260564 0.00838691 0.00194516 0.0003189 3.63071e-05 2.81031e-06 1.44721e-07 4.86519e-09 1.05089e-10 1.43872e-12
 1.30187e-11 1.41307e-09 9.04382e-08 3.41309e-06 7.59623e-05 0.000997355 0.00773349 0.0355372 0.0978431 0.166838 0.192225 0.175085 0.141364 0.097405 0.0534116 0.0225309 0.00707413 0.00159558 0.0002516 2.71512e-05 1.96612e-06 9.38148e-08 2.90249e-09 5.74126e-11 7.17318e-13
 1.23574e-11 1.34129e-09 8.58451e-08 3.23985e-06 7.21128e-05 0.000947049 0.0073487 0.0338381 0.0936915 0.162062 0.192284 0.181561 0.148278 0.0996192 0.051989 0.0206653 0.00611635 0.00130632 0.000195762 2.00843e-05 1.37799e-06 6.19087e-08 1.79007e-09 3.28609e-11 3.78836e-13
 1.30551e-11 1.41702e-09 9.06924e-08 3.42281e-06 7.61857e-05 0.00100054 0.00776318 0.0357306 0.0987345 0.169547 0.197075 0.179408 0.141856 0.0941701 0.0489043 0.019067 0.005409 0.00108745 0.000152038 1.4527e-05 9.29775e-07 3.90412e-08 1.05569e-09 1.81038e-11 1.9451e-13
 1.22936e-11 1.33438e-09 8.54042e-08 3.22337e-06 7.17558e-05 0.000942693 0.00732143 0.0337855 0.0939984 0.164074 0.196796 0.185764 0.148502 0.0963998 0.0481878 0.0180874 0.00496212 0.000963503 0.000128887 1.16292e-05 6.94946e-07 2.70587e-08 6.76598e-10 1.07272e-11 1.06642e-13
 1.2429e-11 1.34908e-09 8.6346e-08 3.25899e-06 7.25526e-05 0.000953279 0.00740558 0.0341898 0.095175 0.166057 0.198309 0.185339 0.146905 0.0951957 0.0473838 0.017437 0.00460551 0.000851131 0.000107878 9.20569e-06 5.1885e-07 1.8964e-08 4.42544e-10 6.51204e-12 5.98307e-14
 1.10542e-11 1.19987e-09 7.67988e-08 2.89893e-06 6.45533e-05 0.000848755 0.00660552 0.0306404 0.0863159 0.154785 0.194435 0.192861 0.157989 0.102179 0.0498551 0.0178903 0.00459661 0.000821833 9.98527e-05 8.08711e-06 4.292e-07 1.4698e-08 3.20414e-10 4.39514e-12 3.75636e-14
 1.11946e-11 1.21512e-09 7.77757e-08 2.93589e-06 6.53804e-05 0.000859728 0.00669203 0.0310437 0.0873853 0.156124 0.194281 0.190579 0.156194 0.102492 0.0506909 0.0181434 0.00456092 0.000786984 9.1556e-05 7.06308e-06 3.55311e-07 1.14738e-08 2.34668e-10 3.00679e-12 2.39229e-14
#spawning biomass
 14331 12558.2 13696.7 17150.2 21795.9 19146.9 25522.2 33876.2 47256.9 59059.6 79894.8 94560.3 116668 156791 159140 135894 106742 97170.2 105477 104263 103864 131171 134537 150780 153511 174169 145052 110533 86581.8 166298 192071 188862 172846 153451 135368 120442 108972 100560 94586.2 90440.3 87611.5 85704.9 84423.8 83557.7 82998.3 82637.1 82403.7 82253.1 82155.7 82092.9 82052.3 82026.1 82009.1 81998.2 81991.1 81986.6 81983.6 81981.7 81980.5 81979.7 81979.2 81978.8 81978.6 81978.5 81978.4 81978.3 81978.3 81978.3 81978.3 81978.3 81978.3 81978.2 81978.2 81978.2 81978.2 81978.2 81978.2 81978.2 81978.2 81978.2 81978.2 81978.2 81978.2 81978.2 81978.2 81978.2 81978.2 81978.2 81978.2 81978.2 81978.2 81978.2 81978.2 81978.2 81978.2 81978.2 81978.2 81978.2 81978.2 81978.2 81978.2 81978.2 81978.2 81978.2 81978.2 81978.2 81978.2 81978.2 81978.2 81978.2 81978.2 81978.2 81978.2 81978.2 81978.2 81978.2 81978.2 81978.2 81978.2 81978.2 81978.2 81978.2 81978.2 81978.2 81978.2 81978.2 81978.2 81978.2 0 0 0 0 0 0 0 0 0 0 0 0 0 0 0 0 0 0 0 0 0 0 0 0 0
