SBPRF35
0.175648
Curr Bio
62982.3
B35
180849
F35
0.514479
FOFL
0.161232
OFL
9106.64
Bzero
50185.1
#pred survey bio
 8211.52 7867.07 5214.61 5439.6 7691.29 12290.3 18654.8 21982.4 32925.1 47423.8 56433 68851.2 104635 130347 110472 100797 87712.2 92250.9 95004.3 80606.6 85405.6 83623.9 100787 109556 110953 106624 106171 105069 91040.1 3.18299e+06 2.14113e+06 1.56692e+06 1.08316e+06 783957 622049 539456 497966 476852 465785 459775 456400 454454 453309 452628 452210 451962 451815 451727 451675 451643 451624 451613 451606 451602 451600 451598 451597 451597 451596 451596 451596 451596 451596 451596 451596 451596 451596 451596 451596 451596 451596 451596 451596 451596 451596 451596 451596 451596 451596 451596 451596 451596 451596 451596 451596 451596 451596 451596 451596 451596 451596 451596 451596 451596 451596 451596 451596 451596 451596 451596 451596 451596 451596 451596 451596 451596 451596 451596 451596 451596 451596 451596 451596 451596 451596 451596 451596 451596 451596 451596 451596 451596 451596 451596 451596 451596 451596 451596 451596 0 0 0 0 0 0 0 0 0 0 0 0 0 0 0 0 0 0 0 0 0 0 0 0 0
#obs survey bio
 7016.18 5741.46 4141.05 8179.13 8219.39 13066.9 21702.8 25252.8 41655.8 45008.9 52672.5 110809 143839 101369 100391 106362 93527.6 77110.9 81191.6 76165.7 125588 74839.6 111785 109825 125758 118952 98855.3 121904 70688.7
#pred catch bio
 2980.59 4168.49 2943.18 2676.29 3532.11 6073.79 11400.4 12371.4 18345.9 31522.9 39339.8 43953.7 70995.4 99584.3 87666.5 84227.5 73009.6 79769.3 85962.6 71471.8 78080.9 78757.9 95267.8 105691 108363 105893 107278 106819 93342.6 9106.64 31513.5 21821.5 14229.1 9854.74 7693.13 6719 6305.78 6137.68 6071.32 6045.7 6035.96 6032.31 6030.95 6030.45 6030.27 6030.2 6030.18 6030.17 6030.16 6030.16 6030.16 6030.16 6030.16 6030.16 6030.16 6030.16 6030.16 6030.16 6030.16 6030.16 6030.16 6030.16 6030.16 6030.16 6030.16 6030.16 6030.16 6030.16 6030.16 6030.16 6030.16 6030.16 6030.16 6030.16 6030.16 6030.16 6030.16 6030.16 6030.16 6030.16 6030.16 6030.16 6030.16 6030.16 6030.16 6030.16 6030.16 6030.16 6030.16 6030.16 6030.16 6030.16 6030.16 6030.16 6030.16 6030.16 6030.16 6030.16 6030.16 6030.16 6030.16 6030.16 6030.16 6030.16 6030.16 6030.16 6030.16 6030.16 6030.16 6030.16 6030.16 6030.16 6030.16 6030.16 6030.16 6030.16 6030.16 6030.16 6030.16 6030.16 6030.16 6030.16 6030.16 6030.16 6030.16 6030.16 6030.16 6030.16 6030.16 0 0 0 0 0 0 0 0 0 0 0 0 0 0 0 0 0 0 0 0 0 0 0 0 0
#obs catch bio
 4154.76 4791.49 3573.78 2767.52 3482.15 5985.67 11428.8 12134 16785.3 30338.6 38399.2 40062.4 63804.1 96710.4 88398 84470.8 71325.8 85401.3 92858.1 64885 69290.4 78480.4 83710.9 94427.5 96812.8 96070.4 106064 99547.3 99167.1
#pred cpue bio
 7532.95 7515.5 4896.43 4888.24 6939.17 11055.8 16750.9 19628.5 29281.5 42346.3 49846.6 60433 92009.6 114820 97081 87640.7 75672.5 79314 81184.9 68553.6 72695.7 70872.5 84920.1 92354 93317.6 89577.8 89059.5 88055.4 76287 2.66663e+06 2.12048e+06 1.54628e+06 1.06251e+06 763309 601401 518808 477318 456204 445137 439127 435752 433806 432661 431980 431562 431314 431167 431079 431027 430995 430976 430965 430958 430954 430951 430950 430949 430948 430948 430948 430948 430948 430948 430948 430948 430948 430948 430948 430948 430948 430948 430948 430948 430948 430948 430948 430948 430948 430948 430948 430948 430948 430948 430948 430948 430948 430948 430948 430948 430948 430948 430948 430948 430948 430948 430948 430948 430948 430948 430948 430948 430948 430948 430948 430948 430948 430948 430948 430948 430948 430948 430948 430948 430948 430948 430948 430948 430948 430948 430948 430948 430948 430948 430948 430948 430948 430948 430948 430948 0 0 0 0 0 0 0 0 0 0 0 0 0 0 0 0 0 0 0 0 0 0 0 0 0
#obs cpue bio
 8669.83 4719.94 2740.4 3723.12 7665.57 10939 15167.9 17831.1 38235.6 47224.5 58148.5 57227.3 104966 155709 98280.4 84657.7 76241 69993 73269.4 107919 79986.6 76351.5 131509 144051 128563 116846 99773.6 101783 75953.4
#pred surv len freq
 1.88129e-11 2.04286e-09 1.30786e-07 4.9365e-06 0.000109854 0.00144132 0.0111496 0.0508616 0.136948 0.21866 0.211856 0.137965 0.0808603 0.0536669 0.034422 0.0206502 0.0128613 0.00831555 0.00559591 0.00399382 0.00307318 0.00258143 0.00224146 0.0017309 0.00101069
 1.24659e-11 1.35365e-09 8.66621e-08 3.27106e-06 7.27931e-05 0.00095509 0.00738937 0.0337345 0.0911877 0.148472 0.157496 0.139741 0.13468 0.118164 0.0773729 0.0411987 0.0215034 0.011488 0.00627722 0.00363211 0.00229054 0.00162069 0.00125604 0.000925861 0.00053911
 1.58621e-11 1.72244e-09 1.10272e-07 4.16222e-06 9.26241e-05 0.00121526 0.00940111 0.0428922 0.11558 0.18527 0.182983 0.128909 0.090983 0.074376 0.0601533 0.0461009 0.0307193 0.0164873 0.00765249 0.00347402 0.00166585 0.000899242 0.000564208 0.000370621 0.000206642
 2.01636e-11 2.18952e-09 1.40175e-07 5.29091e-06 0.000117741 0.00154479 0.0119498 0.0545081 0.14671 0.233795 0.224371 0.140239 0.0737173 0.0438505 0.0269511 0.0162842 0.0107943 0.00730617 0.00433183 0.00208274 0.000845936 0.000332681 0.000147678 7.61027e-05 3.78033e-05
 1.93394e-11 2.10003e-09 1.34446e-07 5.07466e-06 0.000112929 0.00148165 0.0114617 0.0522866 0.140802 0.224956 0.218617 0.144096 0.0864505 0.0568436 0.0328777 0.0154567 0.00706197 0.00357188 0.00198515 0.00110101 0.000526222 0.000203755 6.90287e-05 2.43214e-05 9.29051e-06
 1.96185e-11 2.13033e-09 1.36386e-07 5.14787e-06 0.000114558 0.00150303 0.0116269 0.053039 0.142806 0.227975 0.220694 0.14317 0.0828783 0.0535273 0.0321367 0.0165812 0.0080039 0.00352431 0.00141171 0.000582711 0.000258624 0.000108643 3.80507e-05 1.11004e-05 3.00584e-06
 1.97454e-11 2.14411e-09 1.37268e-07 5.18118e-06 0.000115299 0.00151276 0.0117022 0.0533818 0.143725 0.229412 0.221938 0.143565 0.0824447 0.0526208 0.0310087 0.0155427 0.00743629 0.00340807 0.00140721 0.00051699 0.00017367 5.75767e-05 1.88354e-05 5.41939e-06 1.27881e-06
 2.01782e-11 2.19111e-09 1.40277e-07 5.29474e-06 0.000117827 0.00154591 0.0119586 0.05455 0.146851 0.234243 0.225858 0.144034 0.0797003 0.0489325 0.0280629 0.0135484 0.00617421 0.00271948 0.0011035 0.00040904 0.00013469 3.86238e-05 9.95327e-06 2.39066e-06 5.11754e-07
 2.04812e-11 2.22402e-09 1.42384e-07 5.37427e-06 0.000119596 0.00156913 0.0121381 0.0553681 0.149039 0.237617 0.228562 0.14425 0.0776065 0.0462365 0.0260524 0.012323 0.00544863 0.00231188 0.000895941 0.000317847 0.000102001 2.86563e-05 6.85705e-06 1.38916e-06 2.42441e-07
 2.01231e-11 2.18513e-09 1.39894e-07 5.28029e-06 0.000117505 0.00154169 0.0119259 0.0544018 0.146459 0.23367 0.225559 0.144527 0.0809093 0.0500414 0.0283705 0.0131853 0.00565852 0.00233228 0.000875599 0.000298242 9.13093e-05 2.45417e-05 5.65457e-06 1.08292e-06 1.68307e-07
 2.0992e-11 2.27948e-09 1.45934e-07 5.50829e-06 0.000122579 0.00160825 0.0124407 0.0567465 0.152724 0.243288 0.233044 0.144408 0.0737541 0.0414436 0.0226684 0.0104695 0.00448035 0.00182375 0.000667405 0.000219786 6.47763e-05 1.66571e-05 3.65637e-06 6.67229e-07 9.81063e-08
 2.1409e-11 2.32476e-09 1.48833e-07 5.6177e-06 0.000125013 0.0016402 0.0126878 0.0578721 0.155736 0.247944 0.236832 0.144888 0.0711418 0.0378687 0.0197197 0.00842564 0.00324573 0.00123188 0.000439115 0.000142356 4.09505e-05 1.01689e-05 2.13963e-06 3.72366e-07 5.20471e-08
 2.12568e-11 2.30824e-09 1.47775e-07 5.57778e-06 0.000124125 0.00162854 0.0125976 0.0574617 0.154641 0.246273 0.235578 0.145068 0.0726454 0.039571 0.0207231 0.0087435 0.0032515 0.00115874 0.000377553 0.000111947 3.04577e-05 7.33635e-06 1.50005e-06 2.51657e-07 3.36598e-08
 2.11249e-11 2.29391e-09 1.46858e-07 5.54316e-06 0.000123355 0.00161844 0.0125195 0.0571056 0.153689 0.244813 0.234445 0.145096 0.0737497 0.0408983 0.0216087 0.00916556 0.00342182 0.00121269 0.00038495 0.000107866 2.69775e-05 5.94466e-06 1.13577e-06 1.82353e-07 2.35405e-08
 2.12943e-11 2.31231e-09 1.48036e-07 5.58762e-06 0.000124344 0.00163142 0.0126199 0.0575629 0.154912 0.246694 0.23593 0.145141 0.0724569 0.039284 0.0204546 0.00852807 0.00310737 0.00108248 0.00034175 9.51529e-05 2.32359e-05 4.85532e-06 8.56654e-07 1.26246e-07 1.51887e-08
 2.20443e-11 2.39374e-09 1.5325e-07 5.78441e-06 0.000128723 0.00168887 0.0130641 0.0595867 0.160319 0.254989 0.242363 0.144963 0.0661596 0.0317613 0.0155145 0.00624236 0.00218123 0.000730214 0.000223706 6.08498e-05 1.46382e-05 3.01858e-06 5.18358e-07 7.24968e-08 8.09749e-09
 2.25375e-11 2.4473e-09 1.56678e-07 5.91382e-06 0.000131603 0.00172665 0.0133563 0.0609176 0.163876 0.260456 0.246648 0.144993 0.062244 0.0269639 0.0122032 0.00453154 0.00138787 0.000406136 0.000114324 2.9436e-05 6.79867e-06 1.36143e-06 2.28892e-07 3.13671e-08 3.39497e-09
 2.27496e-11 2.47033e-09 1.58153e-07 5.96948e-06 0.000132842 0.0017429 0.013482 0.0614901 0.165406 0.262804 0.248477 0.144968 0.0605027 0.0248649 0.0108003 0.00385358 0.00109331 0.000285438 7.06072e-05 1.57778e-05 3.2174e-06 5.92535e-07 9.44492e-08 1.24864e-08 1.31609e-09
 2.31267e-11 2.51128e-09 1.60774e-07 6.06843e-06 0.000135044 0.00177179 0.0137054 0.0625076 0.168124 0.266967 0.251674 0.144775 0.0571772 0.0209732 0.00835179 0.0028425 0.000757854 0.000181071 4.08863e-05 8.21657e-06 1.4638e-06 2.3225e-07 3.22473e-08 3.84021e-09 3.78156e-10
 2.341e-11 2.54204e-09 1.62744e-07 6.14276e-06 0.000136698 0.00179349 0.0138732 0.063272 0.170166 0.270095 0.254077 0.144632 0.0546838 0.0180517 0.00650818 0.00207566 0.000501517 0.000102681 2.01232e-05 3.63031e-06 5.81913e-07 8.21796e-08 9.96116e-09 1.01955e-09 8.69194e-11
 2.33576e-11 2.53635e-09 1.6238e-07 6.12902e-06 0.000136392 0.00178948 0.0138422 0.0631307 0.169788 0.269519 0.253645 0.144693 0.0551972 0.0186264 0.00683418 0.00216884 0.000505956 9.58654e-05 1.68943e-05 2.68252e-06 3.68731e-07 4.48434e-08 4.77241e-09 4.29874e-10 3.18845e-11
 2.36139e-11 2.56419e-09 1.64162e-07 6.19628e-06 0.000137889 0.00180911 0.0139941 0.0638223 0.171635 0.272344 0.255795 0.144495 0.0528357 0.0159138 0.00519702 0.00157376 0.00036035 6.67969e-05 1.13883e-05 1.71779e-06 2.1681e-07 2.33427e-08 2.14336e-09 1.6469e-10 1.04878e-11
 2.39484e-11 2.60051e-09 1.66487e-07 6.28406e-06 0.000139842 0.00183474 0.0141922 0.0647249 0.174046 0.276031 0.258601 0.144242 0.0497613 0.0123782 0.00305749 0.000789474 0.00016421 2.6494e-05 3.85344e-06 5.26921e-07 6.31899e-08 6.48906e-09 5.56576e-10 3.86122e-11 2.14669e-12
 2.39196e-11 2.59738e-09 1.66287e-07 6.27649e-06 0.000139674 0.00183253 0.0141752 0.064647 0.173838 0.275714 0.258364 0.144276 0.0500445 0.0126947 0.00323621 0.00083972 0.000166312 2.31771e-05 2.61179e-06 2.77978e-07 2.74315e-08 2.39891e-09 1.83884e-10 1.18747e-11 6.18531e-13
 2.40485e-11 2.61138e-09 1.67183e-07 6.31031e-06 0.000140426 0.00184241 0.0142515 0.0649948 0.174767 0.277134 0.259441 0.144166 0.0488416 0.0113207 0.00241764 0.00055502 0.000105609 1.44259e-05 1.56755e-06 1.54403e-07 1.31657e-08 9.15504e-10 5.41317e-11 2.80258e-12 1.23724e-13
 2.41101e-11 2.61807e-09 1.67611e-07 6.32648e-06 0.000140786 0.00184713 0.014288 0.0651611 0.175211 0.277813 0.259956 0.144115 0.0482687 0.010665 0.00202551 0.000416786 7.48323e-05 9.48115e-06 8.85423e-07 7.24565e-08 5.47611e-09 3.53766e-10 1.90494e-11 8.44206e-13 2.9881e-14
 2.41951e-11 2.6273e-09 1.68202e-07 6.34878e-06 0.000141282 0.00185364 0.0143384 0.0653904 0.175823 0.278749 0.260666 0.144042 0.0474745 0.0097584 0.00148636 0.000230408 3.59261e-05 4.23488e-06 3.52572e-07 2.38246e-08 1.48087e-09 8.03543e-11 3.62577e-12 1.38277e-13 4.37707e-15
 2.42448e-11 2.63269e-09 1.68548e-07 6.36182e-06 0.000141573 0.00185744 0.0143678 0.0655245 0.176181 0.279296 0.261081 0.143999 0.0470092 0.00922763 0.00117116 0.000121969 1.36679e-05 1.39132e-06 1.00324e-07 5.12255e-09 2.19246e-10 8.83503e-12 3.17539e-13 9.75958e-15 2.5274e-16
 2.42528e-11 2.63356e-09 1.68603e-07 6.36392e-06 0.000141619 0.00185806 0.0143726 0.0655461 0.176238 0.279384 0.261148 0.143992 0.0469343 0.00914216 0.00112043 0.00010456 1.01234e-05 9.50694e-07 6.41439e-08 2.80444e-09 8.53198e-11 2.17111e-12 5.1606e-14 1.08314e-15 1.95313e-17
#obs surv len freq
 3.67606e-11 3.55154e-09 2.02297e-07 6.79361e-06 0.000134509 0.0015702 0.0108085 0.0439029 0.105631 0.153616 0.148701 0.129161 0.128139 0.113774 0.0766111 0.0435507 0.0237316 0.0121464 0.00552242 0.00213435 0.000667003 0.000160428 2.82867e-05 3.48646e-06 2.88216e-07
 2.50487e-11 2.33417e-09 1.28239e-07 4.1538e-06 7.93268e-05 0.000893262 0.00593374 0.0233121 0.0549104 0.0829609 0.102525 0.141506 0.184268 0.172136 0.114252 0.0625642 0.0316263 0.0144519 0.00581828 0.00202842 0.000580035 0.000127336 2.03028e-05 2.24997e-06 1.67271e-07
 1.01734e-10 9.12798e-09 4.82861e-07 1.50594e-05 0.000276907 0.00300194 0.0191884 0.0723387 0.161096 0.213729 0.176488 0.109205 0.074555 0.0600792 0.0463329 0.0321403 0.018606 0.00852005 0.00315729 0.000971459 0.000243482 4.7377e-05 6.76764e-06 6.74471e-07 4.50766e-08
 1.28243e-10 1.10609e-08 5.62458e-07 1.68627e-05 0.00029806 0.00310623 0.0190886 0.0692227 0.148722 0.19328 0.167582 0.13033 0.113555 0.0847367 0.0435948 0.0164603 0.00605037 0.00254786 0.00100729 0.000313372 7.29764e-05 1.25761e-05 1.57243e-06 1.37958e-07 8.1894e-09
 1.92883e-10 1.59673e-08 7.79309e-07 2.24247e-05 0.000380437 0.00380533 0.0224447 0.0781199 0.161078 0.200832 0.166751 0.12377 0.103544 0.0758485 0.0399375 0.0159384 0.00541084 0.00158768 0.000406647 9.72328e-05 2.06701e-05 3.39054e-06 3.92043e-07 3.08105e-08 1.61438e-09
 2.7649e-10 2.19365e-08 1.02611e-06 2.82981e-05 0.000460112 0.00441088 0.0249354 0.0832017 0.164657 0.198195 0.162755 0.124916 0.106273 0.0749965 0.0366435 0.0131313 0.00400591 0.0010887 0.000246707 4.50982e-05 6.73947e-06 8.29071e-07 8.04073e-08 5.66736e-09 2.70544e-10
 3.97399e-10 3.01764e-08 1.35097e-06 3.56587e-05 0.000554914 0.00509151 0.0275499 0.0880121 0.167009 0.194171 0.158476 0.126285 0.108842 0.0742916 0.0343052 0.0113472 0.00310633 0.000745481 0.000148204 2.35144e-05 2.94212e-06 2.83218e-07 2.04639e-08 1.09027e-09 4.17235e-11
 6.13177e-10 4.45063e-08 1.90456e-06 4.80516e-05 0.000714766 0.00626874 0.0324229 0.0990121 0.179625 0.199794 0.156315 0.119631 0.0988824 0.0649335 0.0292597 0.00967497 0.00266442 0.000619831 0.000113501 1.5933e-05 1.72075e-06 1.40675e-07 8.43868e-09 3.61182e-10 1.07864e-11
 8.87152e-10 6.14757e-08 2.51158e-06 6.04965e-05 0.000859127 0.00719369 0.0355253 0.103627 0.179972 0.193677 0.15229 0.122405 0.102107 0.0643799 0.0271367 0.00819224 0.00204212 0.000441284 7.72856e-05 1.04111e-05 1.05325e-06 7.78266e-08 4.08917e-09 1.49899e-10 3.77049e-12
 1.27164e-09 8.40325e-08 3.27393e-06 7.52023e-05 0.00101845 0.00813251 0.0383051 0.106641 0.17736 0.18571 0.149545 0.128135 0.10748 0.0645136 0.0249392 0.00653186 0.00133328 0.00023634 3.5324e-05 4.18368e-06 3.81539e-07 2.59455e-08 1.26173e-09 4.2363e-11 9.57745e-13
 2.05009e-09 1.29055e-07 4.78975e-06 0.000104808 0.00135213 0.0102854 0.046149 0.122378 0.19377 0.192654 0.145978 0.116751 0.0922018 0.0526349 0.0195509 0.00499488 0.000998979 0.000167155 2.20794e-05 2.18335e-06 1.6255e-07 9.17779e-09 3.83184e-10 1.13718e-11 2.31591e-13
 2.86336e-09 1.7154e-07 6.0589e-06 0.000126172 0.0015491 0.0112149 0.0479015 0.121066 0.18381 0.180086 0.145093 0.127476 0.101724 0.0554865 0.0191658 0.00440373 0.000765094 0.00011201 1.34663e-05 1.23602e-06 8.40633e-08 4.17249e-09 1.47608e-10 3.64362e-12 6.18942e-14
 4.50837e-09 2.56801e-07 8.62406e-06 0.000170753 0.00199331 0.0137209 0.0557254 0.133952 0.193658 0.181541 0.14145 0.120101 0.0913564 0.0471442 0.0153164 0.00327015 0.00051654 6.73346e-05 7.11736e-06 5.66963e-07 3.32574e-08 1.43993e-09 4.52133e-11 9.95569e-13 1.49242e-14
 5.7388e-09 3.10538e-07 9.9071e-06 0.000186347 0.00206661 0.013516 0.0521894 0.119665 0.1677 0.162668 0.148782 0.14514 0.111733 0.0553281 0.0170212 0.00342151 0.000504897 6.0915e-05 5.90488e-06 4.25343e-07 2.211e-08 8.32892e-10 2.25415e-11 4.27425e-13 5.5457e-15
 8.29722e-09 4.26192e-07 1.29068e-05 0.000230448 0.00242604 0.0150632 0.0552431 0.120582 0.162618 0.157783 0.151675 0.150175 0.111796 0.0529489 0.0157479 0.00315252 0.000479942 5.94963e-05 5.66681e-06 3.85068e-07 1.84073e-08 6.27456e-10 1.51981e-11 2.55431e-13 2.90851e-15
 1.44325e-08 7.03219e-07 2.02013e-05 0.000342146 0.00341672 0.0201225 0.0699841 0.144694 0.183761 0.164321 0.141465 0.127655 0.089175 0.0403704 0.011789 0.00242925 0.000396475 5.20036e-05 5.05398e-06 3.45043e-07 1.65196e-08 5.56853e-10 1.29956e-11 2.04629e-13 2.13579e-15
 2.10325e-08 9.71521e-07 2.64578e-05 0.000424815 0.0040218 0.0224577 0.0740945 0.145714 0.178205 0.159983 0.144658 0.131547 0.0882784 0.0378119 0.0104034 0.00201749 0.000311678 3.93971e-05 3.7886e-06 2.62799e-07 1.29616e-08 4.47332e-10 1.05067e-11 1.63861e-13 1.67286e-15
 3.14716e-08 1.37743e-06 3.55433e-05 0.000540748 0.00485082 0.0256686 0.0802949 0.150086 0.176385 0.157351 0.145033 0.129861 0.0836495 0.0345544 0.00943701 0.00189915 0.000308844 3.94699e-05 3.67083e-06 2.41683e-07 1.13388e-08 3.77181e-10 8.66987e-12 1.33826e-13 1.35809e-15
 4.48572e-08 1.85946e-06 4.54445e-05 0.000654828 0.00556383 0.0278918 0.0827401 0.147382 0.168592 0.155058 0.151281 0.134806 0.0830436 0.0325418 0.00846523 0.00163886 0.000259049 3.25063e-05 3.00965e-06 1.99281e-07 9.34438e-09 3.04132e-10 6.69407e-12 9.77825e-14 9.37601e-16
 7.71248e-08 3.02698e-06 7.00431e-05 0.000955588 0.00768726 0.0364833 0.102419 0.172293 0.184405 0.154575 0.135529 0.111137 0.0640129 0.0235178 0.00571484 0.00102653 0.000150174 1.75388e-05 1.52437e-06 9.56589e-08 4.29718e-09 1.35361e-10 2.9026e-12 4.13367e-14 3.8423e-16
 9.92932e-08 3.68887e-06 8.07995e-05 0.00104348 0.00794682 0.0357219 0.0952052 0.153762 0.165431 0.154809 0.153896 0.128462 0.0713299 0.0251271 0.0059476 0.00106124 0.000153446 1.7214e-05 1.4023e-06 8.14581e-08 3.37708e-09 9.84878e-11 1.96712e-12 2.62716e-14 2.30523e-16
 1.7669e-07 6.21265e-06 0.000128791 0.00157415 0.0113456 0.0482547 0.121548 0.184508 0.182344 0.149037 0.128873 0.0983803 0.0515093 0.017494 0.00412032 0.000752568 0.000110646 1.22856e-05 9.74031e-07 5.4572e-08 2.15627e-09 5.90288e-11 1.0925e-12 1.34189e-14 1.0804e-16
 2.15272e-07 7.16335e-06 0.000140537 0.00162567 0.011091 0.0446912 0.107102 0.157724 0.16269 0.157588 0.156472 0.119919 0.0588996 0.017936 0.00354252 0.000506487 5.90832e-05 5.7e-06 4.24271e-07 2.30973e-08 8.90247e-10 2.35543e-11 4.16685e-13 4.84436e-15 3.65884e-17
 3.74563e-07 1.17954e-05 0.000219001 0.00239743 0.0154779 0.0590016 0.133565 0.184492 0.173871 0.147723 0.130621 0.0929378 0.0434992 0.0130313 0.00267546 0.000418459 5.16947e-05 4.73217e-06 3.02779e-07 1.35293e-08 4.32798e-10 9.95912e-12 1.60621e-13 1.7518e-15 1.25462e-17
 4.92068e-07 1.46656e-05 0.000257703 0.00267005 0.0163181 0.0589351 0.126918 0.169812 0.164708 0.155312 0.144906 0.100438 0.0444607 0.0124733 0.00238368 0.000347788 4.0935e-05 3.69104e-06 2.39337e-07 1.08851e-08 3.42526e-10 7.30333e-12 1.03413e-13 9.6271e-16 5.87961e-18
 6.5602e-07 1.8506e-05 0.000307794 0.00301862 0.0174664 0.059788 0.122635 0.159582 0.159828 0.162452 0.153812 0.102876 0.0436189 0.0119185 0.00229085 0.000342664 4.03395e-05 3.49253e-06 2.1255e-07 9.06496e-09 2.71192e-10 5.59258e-12 7.73676e-14 7.01518e-16 4.10175e-18
 1.0963e-06 2.9275e-05 0.000460909 0.00427887 0.0234345 0.0758996 0.147032 0.179219 0.164087 0.149701 0.130091 0.0817395 0.0331199 0.00887271 0.00173142 0.000267205 3.19262e-05 2.75547e-06 1.66178e-07 6.97724e-09 2.02264e-10 3.96516e-12 5.14726e-14 4.36373e-16 2.39418e-18
 1.27704e-06 3.22851e-05 0.000481241 0.0042303 0.0219504 0.0675377 0.125833 0.154931 0.160768 0.171944 0.155039 0.0930452 0.0346042 0.00812123 0.00130279 0.000160923 1.62787e-05 1.28959e-06 7.51286e-08 3.10631e-09 8.86669e-11 1.69924e-12 2.1392e-14 1.74444e-16 9.12233e-19
 1.47776e-06 3.53747e-05 0.000499298 0.00415678 0.0204457 0.0598767 0.10811 0.137345 0.162052 0.19073 0.171624 0.0992252 0.0358053 0.00844802 0.00143448 0.000189518 1.90775e-05 1.36598e-06 6.7569e-08 2.33891e-09 5.74663e-11 9.90768e-13 1.1633e-14 9.02626e-17 4.52388e-19
#pred catch len freq
 1.83109e-11 1.98834e-09 1.27295e-07 4.80476e-06 0.000106923 0.00140285 0.0108521 0.0495063 0.133322 0.213056 0.207308 0.137412 0.0839963 0.0577802 0.0374958 0.0225439 0.0140444 0.0090806 0.00611075 0.00436126 0.00335592 0.00281892 0.00244768 0.00189015 0.00110367
 1.19744e-11 1.30028e-09 8.3245e-08 3.14208e-06 6.99228e-05 0.000917434 0.00709816 0.0324078 0.0876409 0.143013 0.153174 0.139564 0.138341 0.122711 0.0805527 0.0429115 0.0223988 0.0119663 0.00653861 0.00378335 0.00238592 0.00168818 0.00130834 0.000964416 0.000561559
 1.54647e-11 1.67928e-09 1.07509e-07 4.05792e-06 9.03032e-05 0.00118481 0.00916561 0.041819 0.112706 0.180812 0.179281 0.128196 0.093073 0.0774686 0.0629492 0.0482772 0.0321714 0.0172667 0.00801426 0.00363826 0.00174461 0.000941753 0.000590881 0.000388142 0.000216411
 1.98603e-11 2.15659e-09 1.38067e-07 5.21134e-06 0.00011597 0.00152156 0.0117701 0.0536895 0.144521 0.230415 0.221645 0.139963 0.0757071 0.0464272 0.0288667 0.0174819 0.0115913 0.00784572 0.00465174 0.00223654 0.000908408 0.000357249 0.000158584 8.17228e-05 4.05951e-05
 1.89598e-11 2.05881e-09 1.31807e-07 4.97504e-06 0.000110712 0.00145257 0.0112368 0.0512622 0.138065 0.22075 0.215332 0.144105 0.0895053 0.0605304 0.0353312 0.0166416 0.00760549 0.00384688 0.00213799 0.00118578 0.000566738 0.000219442 7.43434e-05 2.6194e-05 1.00058e-05
 1.92867e-11 2.0943e-09 1.34079e-07 5.06081e-06 0.000112621 0.00147761 0.0114304 0.0521436 0.140413 0.224295 0.217798 0.143113 0.0854536 0.0567063 0.0343568 0.0177591 0.00857462 0.00377569 0.00151241 0.000624275 0.000277071 0.000116393 4.07648e-05 1.18922e-05 3.22024e-06
 1.95315e-11 2.12088e-09 1.35781e-07 5.12505e-06 0.00011405 0.00149637 0.0115754 0.0528045 0.142182 0.22704 0.220078 0.143545 0.0841314 0.0546853 0.032427 0.0162744 0.00778778 0.00356921 0.00147375 0.000541435 0.000181881 6.02991e-05 1.9726e-05 5.67564e-06 1.33928e-06
 1.99374e-11 2.16497e-09 1.38603e-07 5.23158e-06 0.000116421 0.00152747 0.0118159 0.0539004 0.145115 0.231576 0.223773 0.144038 0.0816374 0.0512842 0.0296543 0.0143415 0.00653728 0.00287946 0.00116842 0.000433103 0.000142613 4.08961e-05 1.05388e-05 2.5313e-06 5.41861e-07
 2.02509e-11 2.199e-09 1.40782e-07 5.31383e-06 0.000118251 0.00155148 0.0120017 0.0547465 0.147378 0.235066 0.226572 0.144267 0.079481 0.0485029 0.0275748 0.0130681 0.00577974 0.00245243 0.000950412 0.000337171 0.000108202 3.03986e-05 7.27394e-06 1.47361e-06 2.5718e-07
 1.9976e-11 2.16915e-09 1.38871e-07 5.24169e-06 0.000116646 0.00153042 0.0118388 0.0540047 0.145398 0.232041 0.224291 0.144546 0.0821204 0.051499 0.0293411 0.0136507 0.00585918 0.00241502 0.000906664 0.000308823 9.45488e-05 2.54123e-05 5.85518e-06 1.12134e-06 1.74279e-07
 2.08989e-11 2.26937e-09 1.45287e-07 5.48386e-06 0.000122035 0.00160112 0.0123856 0.0564953 0.152053 0.242257 0.232242 0.14442 0.0745203 0.0423662 0.0232835 0.010765 0.00460752 0.00187554 0.00068636 0.000226028 6.6616e-05 1.71302e-05 3.76021e-06 6.86178e-07 1.00893e-07
 2.12838e-11 2.31116e-09 1.47963e-07 5.58485e-06 0.000124282 0.00163061 0.0126136 0.0575343 0.154833 0.24656 0.235761 0.144928 0.0722083 0.0391339 0.0205384 0.00879142 0.00338766 0.00128579 0.000458331 0.000148586 4.27426e-05 1.06139e-05 2.23326e-06 3.88662e-07 5.43249e-08
 2.11561e-11 2.2973e-09 1.47075e-07 5.55134e-06 0.000123537 0.00162082 0.0125379 0.0571898 0.153914 0.245159 0.234718 0.145105 0.0735106 0.0405948 0.0213824 0.00903365 0.00336016 0.00119749 0.00039018 0.000115691 3.14762e-05 7.5817e-06 1.55022e-06 2.60073e-07 3.47855e-08
 2.10922e-11 2.29036e-09 1.46631e-07 5.53458e-06 0.000123164 0.00161593 0.0125001 0.0570174 0.153453 0.244451 0.234166 0.145108 0.0740303 0.0412304 0.0218229 0.00926017 0.00345737 0.0012253 0.000388953 0.000108988 2.7258e-05 6.00648e-06 1.14758e-06 1.84249e-07 2.37853e-08
 2.12886e-11 2.31168e-09 1.47996e-07 5.58611e-06 0.00012431 0.00163097 0.0126164 0.0575474 0.15487 0.24663 0.235881 0.145144 0.0725067 0.0393428 0.0204923 0.00854448 0.0031134 0.00108458 0.000342413 9.53374e-05 2.32809e-05 4.86474e-06 8.58316e-07 1.26491e-07 1.52182e-08
 2.20685e-11 2.39637e-09 1.53418e-07 5.79075e-06 0.000128864 0.00169072 0.0130785 0.0596519 0.160493 0.255256 0.242569 0.144952 0.0659489 0.0315135 0.0153569 0.00617524 0.00215755 0.000722278 0.000221275 6.01884e-05 1.44791e-05 2.98577e-06 5.12724e-07 7.17088e-08 8.00948e-09
 2.25547e-11 2.44917e-09 1.56798e-07 5.91835e-06 0.000131704 0.00172797 0.0133666 0.0609642 0.164001 0.260646 0.246794 0.144983 0.0620899 0.0267845 0.0120917 0.00448707 0.00137407 0.000402091 0.000113185 2.91428e-05 6.73094e-06 1.34787e-06 2.26612e-07 3.10546e-08 3.36115e-09
 2.27805e-11 2.47369e-09 1.58368e-07 5.9776e-06 0.000133022 0.00174527 0.0135003 0.0615735 0.165629 0.263145 0.248738 0.144948 0.0602235 0.0245413 0.0106012 0.00377656 0.00107112 0.000279632 6.9171e-05 1.54568e-05 3.15195e-06 5.80482e-07 9.25279e-08 1.22324e-08 1.28932e-09
 2.31652e-11 2.51546e-09 1.61042e-07 6.07854e-06 0.000135269 0.00177474 0.0137282 0.0626115 0.168401 0.267392 0.251998 0.144748 0.0568266 0.0205682 0.00810437 0.00274896 0.000732397 0.000174969 3.95082e-05 7.9396e-06 1.41445e-06 2.24421e-07 3.11603e-08 3.71076e-09 3.65409e-10
 2.34339e-11 2.54464e-09 1.6291e-07 6.14904e-06 0.000136837 0.00179532 0.0138874 0.0633365 0.170338 0.270359 0.254278 0.144614 0.0544639 0.0177989 0.00635536 0.00201982 0.000487647 9.98278e-05 1.95637e-05 3.52938e-06 5.65733e-07 7.98947e-08 9.68421e-09 9.91198e-10 8.45028e-11
 2.33913e-11 2.54002e-09 1.62614e-07 6.13786e-06 0.000136589 0.00179206 0.0138622 0.0632216 0.170031 0.269891 0.253928 0.144667 0.054886 0.0182692 0.00661905 0.0020912 0.00048736 9.23258e-05 1.62701e-05 2.58341e-06 3.55108e-07 4.31866e-08 4.59608e-09 4.13991e-10 3.07064e-11
 2.36442e-11 2.56748e-09 1.64373e-07 6.20424e-06 0.000138066 0.00181144 0.014012 0.0639041 0.171854 0.272678 0.256049 0.144471 0.0525554 0.0155922 0.00500351 0.00150411 0.000343811 6.37113e-05 1.08618e-05 1.63837e-06 2.06785e-07 2.22634e-08 2.04426e-09 1.57076e-10 1.00029e-11
 2.39637e-11 2.60217e-09 1.66594e-07 6.28807e-06 0.000139931 0.00183591 0.0142013 0.0647661 0.174156 0.2762 0.258729 0.144229 0.0496192 0.0122156 0.00296024 0.000755145 0.000156529 2.52374e-05 3.67029e-06 5.01871e-07 6.01859e-08 6.18058e-09 5.30117e-10 3.67766e-11 2.04463e-12
 2.39384e-11 2.59943e-09 1.66418e-07 6.28144e-06 0.000139784 0.00183398 0.0141863 0.0646979 0.173974 0.275922 0.258521 0.14426 0.0498684 0.0124937 0.0031165 0.000798155 0.000157504 2.19331e-05 2.47128e-06 2.63019e-07 2.59553e-08 2.26981e-09 1.73988e-10 1.12356e-11 5.85245e-13
 2.40612e-11 2.61276e-09 1.67272e-07 6.31366e-06 0.000140501 0.00184338 0.0142591 0.0650292 0.174858 0.277275 0.259547 0.144155 0.0487225 0.0111846 0.00233666 0.000526932 9.96782e-05 1.35985e-05 1.47731e-06 1.4551e-07 1.24074e-08 8.62773e-10 5.10138e-11 2.64115e-12 1.16597e-13
 2.41201e-11 2.61916e-09 1.67681e-07 6.3291e-06 0.000140844 0.00184789 0.0142939 0.0651881 0.175283 0.277923 0.26004 0.144106 0.0481753 0.0105584 0.00196219 0.000394963 7.0324e-05 8.89286e-06 8.30179e-07 6.79318e-08 5.13412e-09 3.31673e-10 1.78598e-11 7.91484e-13 2.80148e-14
 2.42001e-11 2.62784e-09 1.68237e-07 6.3501e-06 0.000141312 0.00185402 0.0143413 0.0654039 0.175859 0.278804 0.260708 0.144038 0.0474275 0.00970477 0.00145453 0.000219474 3.36943e-05 3.955e-06 3.28986e-07 2.22274e-08 1.38156e-09 7.49659e-11 3.38263e-12 1.29004e-13 4.08355e-15
 2.42465e-11 2.63288e-09 1.6856e-07 6.36227e-06 0.000141583 0.00185758 0.0143688 0.0655291 0.176193 0.279315 0.261096 0.143997 0.0469931 0.00920918 0.00116021 0.000118223 1.29117e-05 1.30008e-06 9.34989e-08 4.77162e-09 2.04209e-10 8.22898e-12 2.95757e-13 9.09011e-15 2.35403e-16
 2.4254e-11 2.6337e-09 1.68612e-07 6.36424e-06 0.000141626 0.00185815 0.0143733 0.0655493 0.176247 0.279398 0.261158 0.143991 0.0469229 0.00912921 0.00111276 0.000101935 9.5957e-06 8.87939e-07 5.96775e-08 2.60706e-09 7.93028e-11 2.01795e-12 4.79653e-14 1.00672e-15 1.81534e-17
#obs catch len freq
 3.65992e-11 3.53595e-09 2.01409e-07 6.76378e-06 0.000133919 0.0015633 0.0107609 0.0437058 0.105111 0.152515 0.146143 0.123673 0.120612 0.109191 0.0786113 0.0498458 0.0299098 0.0161952 0.00763263 0.00306596 0.00100978 0.000257715 4.78812e-05 6.13665e-06 5.21529e-07
 4.93474e-11 4.59846e-09 2.52638e-07 8.18321e-06 0.000156275 0.00175959 0.011683 0.045782 0.106375 0.150155 0.144152 0.129499 0.131668 0.115549 0.0765677 0.0432632 0.0234551 0.0118651 0.00529836 0.00199614 0.000602929 0.000138916 2.32576e-05 2.70101e-06 2.09115e-07
 3.39977e-11 3.05041e-09 1.61364e-07 5.03262e-06 9.25404e-05 0.00100337 0.00641854 0.0242987 0.0553281 0.0819945 0.103179 0.146059 0.187846 0.170831 0.111092 0.0602556 0.0301721 0.0135912 0.0053755 0.0018281 0.000504907 0.000106038 1.60393e-05 1.67434e-06 1.16578e-07
 1.4337e-10 1.23657e-08 6.28805e-07 1.88518e-05 0.000333218 0.00347255 0.0213374 0.0773324 0.165625 0.211741 0.170098 0.105765 0.0747495 0.0608266 0.0466119 0.0318947 0.0180609 0.00807579 0.00292378 0.000875692 0.000212008 3.94834e-05 5.35089e-06 5.02253e-07 3.14352e-08
 1.82932e-10 1.51436e-08 7.39103e-07 2.12678e-05 0.000360811 0.00360904 0.0212878 0.0741096 0.152988 0.191897 0.163587 0.129522 0.113781 0.0828326 0.0413078 0.015355 0.00568441 0.00238699 0.000919974 0.000276187 6.1766e-05 1.01677e-05 1.20623e-06 9.97292e-08 5.5466e-09
 2.80699e-10 2.22704e-08 1.04173e-06 2.87288e-05 0.000467115 0.004478 0.0253144 0.084458 0.167057 0.20055 0.162829 0.121748 0.101902 0.0727296 0.0371899 0.0145422 0.0048541 0.00139669 0.00035196 8.26094e-05 1.69683e-05 2.65286e-06 2.90183e-07 2.14641e-08 1.05374e-09
 4.09107e-10 3.10654e-08 1.39078e-06 3.67092e-05 0.000571262 0.00524148 0.0283605 0.0905871 0.171749 0.198825 0.159428 0.122397 0.102963 0.0703209 0.0332157 0.0116312 0.00349397 0.000929892 0.000204955 3.63551e-05 5.26036e-06 6.22566e-07 5.74784e-08 3.81928e-09 1.70782e-10
 5.93672e-10 4.30906e-08 1.84398e-06 4.65231e-05 0.000692031 0.00606938 0.031393 0.0958852 0.174128 0.19466 0.155402 0.123771 0.10488 0.0690238 0.0307227 0.00989726 0.00266082 0.000624404 0.000120572 1.85148e-05 2.23161e-06 2.05756e-07 1.41618e-08 7.14479e-10 2.57217e-11
 9.26209e-10 6.41821e-08 2.62215e-06 6.31598e-05 0.000896948 0.00751029 0.0370866 0.108148 0.187518 0.200184 0.152619 0.115965 0.0937921 0.0592965 0.0257657 0.00830258 0.00223931 0.000506673 8.96929e-05 1.21472e-05 1.26149e-06 9.86298e-08 5.62669e-09 2.27856e-10 6.40741e-12
 1.36257e-09 9.00415e-08 3.50804e-06 8.05798e-05 0.00109127 0.00871381 0.0410384 0.114181 0.189303 0.195224 0.148946 0.117407 0.0947418 0.057217 0.0231758 0.00679892 0.00166019 0.000349618 5.92101e-05 7.67801e-06 7.44287e-07 5.2433e-08 2.61491e-09 9.06162e-11 2.14611e-12
 1.97424e-09 1.2428e-07 4.61254e-06 0.00010093 0.00130211 0.00990499 0.0444454 0.117903 0.187033 0.187617 0.146534 0.122446 0.0987286 0.0565331 0.020898 0.00528406 0.00105317 0.000182337 2.64123e-05 3.01582e-06 2.63898e-07 1.71148e-08 7.89241e-10 2.50134e-11 5.3181e-13
 3.19719e-09 1.91539e-07 6.76527e-06 0.000140881 0.00172968 0.0125216 0.0534699 0.134966 0.203576 0.193468 0.14146 0.109652 0.0829762 0.0451355 0.0160296 0.00395386 0.000770145 0.000125077 1.59098e-05 1.51108e-06 1.07958e-07 5.82712e-09 2.31223e-10 6.48577e-12 1.24273e-13
 4.53519e-09 2.58328e-07 8.67536e-06 0.000171769 0.00200517 0.0138024 0.0560556 0.134733 0.19469 0.182105 0.140984 0.118888 0.0903059 0.0467829 0.0153986 0.0034012 0.000574263 8.17776e-05 9.48546e-06 8.35301e-07 5.43327e-08 2.56893e-09 8.62018e-11 2.01101e-12 3.2177e-14
 7.16253e-09 3.87579e-07 1.23649e-05 0.000232576 0.00257922 0.0168662 0.065076 0.148632 0.204295 0.182488 0.136037 0.110279 0.0796156 0.0389543 0.0120381 0.00246448 0.000377187 4.77209e-05 4.85723e-06 3.70627e-07 2.07914e-08 8.58462e-10 2.55821e-11 5.3207e-13 7.50522e-15
 9.32746e-09 4.79111e-07 1.45093e-05 0.000259061 0.00272721 0.0169314 0.0620622 0.135107 0.179866 0.16597 0.144427 0.133532 0.0972279 0.0455776 0.0133209 0.00256382 0.000365942 4.27768e-05 3.98546e-06 2.7435e-07 1.36079e-08 4.8817e-10 1.25331e-11 2.24505e-13 2.74227e-15
 1.36074e-08 6.63018e-07 1.90464e-05 0.000322587 0.00322144 0.0189736 0.0660093 0.136696 0.174955 0.161133 0.146725 0.137219 0.0964916 0.0432557 0.0122355 0.00235079 0.000346362 4.14338e-05 3.77459e-06 2.44298e-07 1.11188e-08 3.60398e-10 8.27183e-12 1.31212e-13 1.40561e-15
 2.34599e-08 1.08365e-06 2.95113e-05 0.000473841 0.00448582 0.0250455 0.0825783 0.161861 0.194854 0.164938 0.133879 0.113721 0.0749554 0.0321347 0.00894711 0.00177577 0.000280469 3.53536e-05 3.27649e-06 2.12809e-07 9.68644e-09 3.09659e-10 6.8274e-12 1.01226e-13 9.92439e-16
 3.44289e-08 1.50686e-06 3.88832e-05 0.000591556 0.00530647 0.0280762 0.08777 0.163534 0.189351 0.160398 0.13606 0.116144 0.0734541 0.0297687 0.00780221 0.00145643 0.000217817 2.64967e-05 2.43407e-06 1.60776e-07 7.5321e-09 2.45966e-10 5.44501e-12 7.98064e-14 7.64059e-16
 5.1838e-08 2.14883e-06 5.25165e-05 0.000756723 0.00642927 0.0322218 0.0954579 0.168923 0.187593 0.157036 0.134768 0.11288 0.0684874 0.0268 0.00699252 0.00135736 0.000213019 2.60584e-05 2.30764e-06 1.44533e-07 6.44269e-09 2.02901e-10 4.39675e-12 6.37559e-14 6.06166e-16
 7.48929e-08 2.93938e-06 6.80161e-05 0.000927937 0.0074649 0.0354302 0.0994924 0.167615 0.180572 0.154445 0.139044 0.115553 0.0669923 0.0248609 0.00617841 0.00115378 0.000175985 2.11458e-05 1.86514e-06 1.174e-07 5.2179e-09 1.60338e-10 3.32043e-12 4.55192e-14 4.08746e-16
 1.26389e-07 4.69549e-06 0.000102848 0.00132818 0.0101138 0.0454337 0.120708 0.191999 0.193453 0.150592 0.121374 0.0925397 0.0500944 0.0174117 0.00403696 0.000698501 9.85386e-05 1.10192e-05 9.12536e-07 5.44543e-08 2.31938e-09 6.8979e-11 1.39101e-12 1.85726e-14 1.61456e-16
 1.66974e-07 5.87102e-06 0.000121709 0.0014876 0.0107222 0.0456116 0.114994 0.175317 0.176446 0.151361 0.137568 0.106877 0.0558214 0.0186205 0.00421016 0.000723318 0.000100535 1.0763e-05 8.33683e-07 4.60022e-08 1.80761e-09 4.97701e-11 9.34881e-13 1.17058e-14 9.60509e-17
 2.90815e-07 9.67709e-06 0.000189851 0.00219601 0.0149785 0.0602832 0.143621 0.205729 0.189919 0.141295 0.110196 0.0777183 0.038221 0.0123055 0.00277358 0.000487546 6.86884e-05 7.25987e-06 5.46502e-07 2.90419e-08 1.08557e-09 2.80083e-11 4.86929e-13 5.60361e-15 4.21768e-17
 3.66901e-07 1.15542e-05 0.000214522 0.0023484 0.0151618 0.0578031 0.130925 0.181318 0.172599 0.149796 0.134517 0.0957158 0.0441465 0.0126926 0.00238324 0.000326917 3.67281e-05 3.39517e-06 2.40738e-07 1.24339e-08 4.52788e-10 1.12731e-11 1.87075e-13 2.0354e-15 1.43569e-17
 6.20415e-07 1.84907e-05 0.000324915 0.00336625 0.0205673 0.0741834 0.15874 0.206286 0.179543 0.136129 0.107845 0.0709416 0.0311846 0.00884405 0.00173264 0.00025977 3.06339e-05 2.66021e-06 1.61184e-07 6.82816e-09 2.07047e-10 4.50117e-12 6.82645e-14 6.9725e-16 4.66223e-18
 8.34418e-07 2.35384e-05 0.000391488 0.00383914 0.0222058 0.075875 0.154314 0.193398 0.170866 0.141815 0.118853 0.0764143 0.0317885 0.00843818 0.00153733 0.000215015 2.41968e-05 2.07388e-06 1.27425e-07 5.48051e-09 1.62616e-10 3.25883e-12 4.32631e-14 3.76977e-16 2.15164e-18
 1.13448e-06 3.02944e-05 0.000476958 0.00442781 0.0242489 0.0785154 0.151902 0.184107 0.165481 0.146724 0.125274 0.0779398 0.0311026 0.00805442 0.0014775 0.000211422 2.36984e-05 1.94464e-06 1.12037e-07 4.52075e-09 1.27648e-10 2.47537e-12 3.20917e-14 2.71975e-16 1.48324e-18
 1.8558e-06 4.69167e-05 0.000699311 0.00614608 0.0318628 0.0976235 0.178364 0.202338 0.165449 0.129676 0.100281 0.0583687 0.0222564 0.00565771 0.00105421 0.000155352 1.76337e-05 1.44097e-06 8.22025e-08 3.26009e-09 8.90081e-11 1.63806e-12 1.99102e-14 1.57728e-16 8.07154e-19
 2.26965e-06 5.43302e-05 0.000766796 0.0063818 0.031344 0.0911661 0.159599 0.180209 0.162385 0.149014 0.121365 0.0678234 0.0237198 0.00526235 0.00080285 9.47488e-05 9.14392e-06 6.88167e-07 3.79697e-08 1.48227e-09 3.98029e-11 7.15238e-13 8.4218e-15 6.41065e-17 3.12371e-19
#spawning biomass
 6919.96 7196.39 4608.72 4390.38 6259.63 9940.68 15031.1 17502.5 25991.1 37760.3 43899.9 52833.5 80611.1 100801 84991.6 75766.5 64808.2 67641.1 68717.4 57680.7 61229.9 59370.5 70609.7 76839.3 77412.9 74204.1 73628 72712.1 62982.3 62884.7 96615.7 66579.1 43013.4 29435.8 22726.5 19702.9 18420.3 17898.5 17692.6 17613 17582.8 17571.5 17567.2 17565.7 17565.1 17564.9 17564.8 17564.8 17564.8 17564.8 17564.8 17564.8 17564.8 17564.8 17564.8 17564.8 17564.8 17564.8 17564.8 17564.8 17564.8 17564.8 17564.8 17564.8 17564.8 17564.8 17564.8 17564.8 17564.8 17564.8 17564.8 17564.8 17564.8 17564.8 17564.8 17564.8 17564.8 17564.8 17564.8 17564.8 17564.8 17564.8 17564.8 17564.8 17564.8 17564.8 17564.8 17564.8 17564.8 17564.8 17564.8 17564.8 17564.8 17564.8 17564.8 17564.8 17564.8 17564.8 17564.8 17564.8 17564.8 17564.8 17564.8 17564.8 17564.8 17564.8 17564.8 17564.8 17564.8 17564.8 17564.8 17564.8 17564.8 17564.8 17564.8 17564.8 17564.8 17564.8 17564.8 17564.8 17564.8 17564.8 17564.8 17564.8 17564.8 17564.8 17564.8 17564.8 17564.8 0 0 0 0 0 0 0 0 0 0 0 0 0 0 0 0 0 0 0 0 0 0 0 0 0
