SBPRF35
0.166457
Curr Bio
194017
B35
181204
F35
1.01508
FOFL
1.01508
OFL
86030.4
Bzero
47558.9
#pred survey bio
 12335.6 14215.3 15210.4 17058.4 19271.7 23374.2 26413.5 31773 40127.3 53227.1 67579.2 80686.4 111299 132955 132406 108382 100286 99629.7 94789 91556.1 91480.1 92791.3 96969.6 103358 118230 127448 128403 114303 123814 3.93648e+06 3.82017e+06 1.91426e+06 1.00442e+06 637900 483972 411727 373903 352628 340220 332876 328510 325916 324376 323459 322913 322596 322412 322305 322243 322207 322186 322174 322166 322162 322160 322158 322157 322157 322157 322157 322156 322156 322156 322156 322156 322156 322156 322156 322156 322156 322156 322156 322156 322156 322156 322156 322156 322156 322156 322156 322156 322156 322156 322156 322156 322156 322156 322156 322156 322156 322156 322156 322156 322156 322156 322156 322156 322156 322156 322156 322156 322156 322156 322156 322156 322156 322156 322156 322156 322156 322156 322156 322156 322156 322156 322156 322156 322156 322156 322156 322156 322156 322156 322156 322156 322156 322156 322156 322156 0 0 0 0 0 0 0 0 0 0 0 0 0 0 0 0 0 0 0 0 0 0 0 0 0
#obs survey bio
 10555.9 11442.7 19289 13747.3 17910.4 24239 24826.2 38086.8 37084.3 45083.4 61187.8 91612.4 123133 124073 89338.9 110860 91816.8 96171 68064.2 110016 100845 94621.7 126669 133203 140269 131248 131588 157915 109310
#pred catch bio
 4492.81 6744.49 7426.26 9335.1 10545.1 13475.4 15653.8 21015.5 27375.7 36022 47760.2 54466.9 80684.2 96538.2 104880 87465 83094.8 85398.3 82871.2 80416.7 81794.8 83119.6 86836.1 90827.2 107567 116483 123438 104790 84884.5 86030.4 91758.8 35798.7 15165.5 8828.7 7084.6 6637.71 6528.71 6503.04 6497.15 6495.82 6495.53 6495.46 6495.45 6495.45 6495.44 6495.44 6495.44 6495.44 6495.44 6495.44 6495.44 6495.44 6495.44 6495.44 6495.44 6495.44 6495.44 6495.44 6495.44 6495.44 6495.44 6495.44 6495.44 6495.44 6495.44 6495.44 6495.44 6495.44 6495.44 6495.44 6495.44 6495.44 6495.44 6495.44 6495.44 6495.44 6495.44 6495.44 6495.44 6495.44 6495.44 6495.44 6495.44 6495.44 6495.44 6495.44 6495.44 6495.44 6495.44 6495.44 6495.44 6495.44 6495.44 6495.44 6495.44 6495.44 6495.44 6495.44 6495.44 6495.44 6495.44 6495.44 6495.44 6495.44 6495.44 6495.44 6495.44 6495.44 6495.44 6495.44 6495.44 6495.44 6495.44 6495.44 6495.44 6495.44 6495.44 6495.44 6495.44 6495.44 6495.44 6495.44 6495.44 6495.44 6495.44 6495.44 6495.44 6495.44 6495.44 0 0 0 0 0 0 0 0 0 0 0 0 0 0 0 0 0 0 0 0 0 0 0 0 0
#obs catch bio
 7523.25 6994.82 7511.31 9688.97 10753.3 13608.9 15881.6 20931.2 27318.9 36487.8 47638.6 52877.3 77531 94663.1 108292 88252.5 83044.1 85438.8 83863.3 79166.8 80259.3 81960.8 83851.9 87077.7 103425 112265 121437 102250 83783.8
#pred cpue bio
 11758.5 13324.1 14188.3 15858.8 17484.1 21541.8 24213.1 28393.9 35266.3 46778.5 60684.5 70856.7 97082.4 120000 122359 98569.1 88781.7 88594.3 83637.5 80376.3 79805.2 80375.6 83918 88995 101156 109845 111984 98666.7 105012 3.57767e+06 4.02009e+06 1.90632e+06 990048 623351 469417 397172 359349 338073 325665 318321 313956 311361 309821 308905 308358 308042 307858 307751 307689 307652 307631 307619 307612 307608 307605 307604 307603 307602 307602 307602 307602 307602 307602 307602 307602 307602 307602 307602 307602 307602 307602 307602 307602 307602 307602 307602 307602 307602 307602 307602 307602 307602 307602 307602 307602 307602 307602 307602 307602 307602 307602 307602 307602 307602 307602 307602 307602 307602 307602 307602 307602 307602 307602 307602 307602 307602 307602 307602 307602 307602 307602 307602 307602 307602 307602 307602 307602 307602 307602 307602 307602 307602 307602 307602 307602 307602 307602 307602 307602 0 0 0 0 0 0 0 0 0 0 0 0 0 0 0 0 0 0 0 0 0 0 0 0 0
#obs cpue bio
 8108.4 7015.27 11432.3 9834.22 15446.4 20383.3 20659.6 32808.8 33436.8 36857.6 88791.1 137096 145692 133987 87129.3 110575 87069.6 95155.9 87958.9 105428 93779.8 96362.6 127363 136530 153829 171728 138486 113188 134144
#pred surv len freq
 2.56202e-27 2.58504e-27 2.99797e-26 5.78445e-20 1.41799e-14 4.20175e-10 1.505e-06 0.000651606 0.0341027 0.215744 0.165417 0.0427339 0.209051 0.192864 0.0396316 0.0421304 0.0173085 0.0123065 0.00733966 0.00544328 0.00418472 0.00355665 0.00351221 0.00308327 0.000937818
 2.56271e-27 2.58729e-27 3.22767e-26 6.26912e-20 1.5368e-14 4.55381e-10 1.6311e-06 0.000706203 0.0369601 0.23382 0.179169 0.0395103 0.17486 0.162154 0.0495682 0.0724456 0.0252817 0.0116239 0.00522819 0.00295244 0.00184789 0.00134012 0.00116802 0.00102206 0.00034021
 2.56328e-27 2.58859e-27 3.31799e-26 6.45956e-20 1.58348e-14 4.69214e-10 1.68065e-06 0.000727656 0.0380829 0.240923 0.184626 0.0416282 0.187142 0.172866 0.040174 0.0485044 0.0208071 0.0152233 0.00536304 0.00194085 0.000833349 0.000460988 0.000330893 0.000270754 9.31551e-05
 2.56352e-27 2.5892e-27 3.36451e-26 6.55768e-20 1.60754e-14 4.76342e-10 1.70618e-06 0.000738709 0.0386614 0.244583 0.187426 0.0419751 0.187816 0.173496 0.0404857 0.0488722 0.018084 0.00998688 0.00475922 0.00214833 0.000578785 0.000195019 9.92496e-05 6.94226e-05 2.35838e-05
 2.56511e-27 2.59336e-27 3.71917e-26 7.30581e-20 1.79093e-14 5.30685e-10 1.90082e-06 0.000822984 0.043072 0.272486 0.208732 0.0419795 0.17288 0.15952 0.0345579 0.0388284 0.0143822 0.00783639 0.00300633 0.00126941 0.000465967 0.000109471 2.96796e-05 1.48752e-05 4.71726e-06
 2.56426e-27 2.59095e-27 3.49597e-26 6.83492e-20 1.6755e-14 4.9648e-10 1.77831e-06 0.00076994 0.0402959 0.254923 0.195346 0.0434674 0.193608 0.178496 0.0351834 0.0354308 0.0126291 0.00620956 0.00236016 0.000901127 0.000280011 7.85799e-05 1.42631e-05 3.62206e-06 9.56332e-07
 2.56454e-27 2.59173e-27 3.56808e-26 6.98705e-20 1.71279e-14 5.07531e-10 1.81789e-06 0.000787077 0.0411928 0.260597 0.19967 0.0429659 0.186754 0.172266 0.035816 0.0384139 0.0130994 0.00553182 0.00195684 0.000690291 0.000198622 4.83899e-05 8.99199e-06 1.22119e-06 2.01937e-07
 2.56599e-27 2.59562e-27 3.90585e-26 7.69957e-20 1.88746e-14 5.59287e-10 2.00327e-06 0.000867341 0.0453935 0.287172 0.219954 0.0424437 0.168529 0.155337 0.0308077 0.0312528 0.0109206 0.00500099 0.00164899 0.000505297 0.000131355 2.8994e-05 4.78325e-06 5.25418e-07 4.45223e-08
 2.5669e-27 2.59794e-27 4.09638e-26 8.10147e-20 1.98598e-14 5.88481e-10 2.10784e-06 0.000912614 0.0477629 0.302161 0.23141 0.0430792 0.165316 0.15212 0.02567 0.0203001 0.00691103 0.00294208 0.00100508 0.000318613 7.25212e-05 1.40035e-05 2.0368e-06 1.92664e-07 1.04635e-08
 2.56692e-27 2.59793e-27 4.09103e-26 8.09017e-20 1.98321e-14 5.8766e-10 2.1049e-06 0.000911341 0.0476963 0.30174 0.231095 0.0434924 0.168682 0.155159 0.0250028 0.0179795 0.00568509 0.00176986 0.000564898 0.000171704 4.06678e-05 7.17409e-06 8.88535e-07 7.21755e-08 3.07973e-09
 2.56586e-27 2.59506e-27 3.83643e-26 7.55305e-20 1.85154e-14 5.48644e-10 1.96515e-06 0.000850835 0.0445296 0.281707 0.21581 0.0442569 0.185239 0.170443 0.027823 0.0205581 0.00637839 0.00176903 0.00048982 0.000114032 2.49944e-05 4.4329e-06 5.07984e-07 3.47114e-08 1.23341e-09
 2.56694e-27 2.598e-27 4.09958e-26 8.10821e-20 1.98763e-14 5.8897e-10 2.10959e-06 0.000913373 0.0478026 0.302413 0.231605 0.0432609 0.166562 0.153256 0.0256529 0.0199377 0.00622491 0.0017782 0.00047629 9.63802e-05 1.63908e-05 2.46211e-06 2.74458e-07 1.71308e-08 5.09147e-10
 2.56726e-27 2.59886e-27 4.17362e-26 8.26438e-20 2.02591e-14 6.00314e-10 2.15023e-06 0.000930966 0.0487234 0.308238 0.236051 0.0431865 0.162872 0.149814 0.0243724 0.0178858 0.00563783 0.00170835 0.000465413 9.5411e-05 1.47074e-05 1.73312e-06 1.55703e-07 9.11941e-09 2.4319e-10
 2.56564e-27 2.5944e-27 3.77295e-26 7.41913e-20 1.81871e-14 5.38916e-10 1.93031e-06 0.000835749 0.0437401 0.276712 0.212006 0.0449008 0.192811 0.177324 0.0271052 0.0171875 0.00533751 0.00151458 0.000417287 9.01257e-05 1.41653e-05 1.56496e-06 1.10728e-07 5.15511e-09 1.25094e-10
 2.56428e-27 2.59076e-27 3.45642e-26 6.7514e-20 1.65502e-14 4.90413e-10 1.75658e-06 0.000760531 0.0398034 0.251808 0.192996 0.0453243 0.20939 0.192754 0.0322123 0.024944 0.00758018 0.0018271 0.000481188 9.89479e-05 1.60678e-05 1.8378e-06 1.22883e-07 4.53588e-09 8.76185e-11
 2.56519e-27 2.59324e-27 3.67516e-26 7.21285e-20 1.76814e-14 5.23932e-10 1.87664e-06 0.000812513 0.042524 0.269019 0.206129 0.0447723 0.195962 0.180327 0.0293656 0.0215953 0.0068026 0.00204843 0.000530275 9.42788e-05 1.43789e-05 1.63983e-06 1.13529e-07 3.9479e-09 6.10128e-11
 2.5666e-27 2.59702e-27 4.00538e-26 7.90945e-20 1.93891e-14 5.74532e-10 2.05788e-06 0.000890983 0.0466308 0.295 0.225958 0.0441053 0.176956 0.162716 0.0249488 0.0159463 0.00495498 0.00140933 0.000387732 8.20131e-05 1.15917e-05 1.18187e-06 7.9891e-08 2.83835e-09 4.10573e-11
 2.56642e-27 2.59647e-27 3.95167e-26 7.79613e-20 1.91113e-14 5.66301e-10 2.02839e-06 0.000878218 0.0459627 0.290773 0.222741 0.0447529 0.184144 0.16924 0.0241279 0.0124225 0.0037463 0.000910773 0.000240367 4.94939e-05 7.93699e-06 8.41618e-07 5.06926e-08 1.72584e-09 2.51011e-11
 2.5668e-27 2.59748e-27 4.03974e-26 7.98192e-20 1.95667e-14 5.79797e-10 2.07674e-06 0.000899147 0.0470581 0.297703 0.228029 0.0445609 0.178967 0.164451 0.023058 0.0111816 0.00327121 0.000633895 0.000153418 2.74555e-05 4.19723e-06 4.74014e-07 3.07739e-08 9.63314e-10 1.32733e-11
 2.56704e-27 2.59813e-27 4.09544e-26 8.09941e-20 1.98547e-14 5.88331e-10 2.1073e-06 0.000912382 0.0477508 0.302085 0.231374 0.0445139 0.176259 0.161924 0.0221031 0.00963923 0.00279311 0.000509109 0.000115089 1.66569e-05 2.21011e-06 2.2612e-07 1.51282e-08 5.06228e-10 6.60978e-12
 2.56732e-27 2.5989e-27 4.16346e-26 8.24291e-20 2.02065e-14 5.98755e-10 2.14464e-06 0.000928547 0.0485968 0.307437 0.235458 0.0443191 0.171908 0.157907 0.0213689 0.00897474 0.00257116 0.000423055 9.22058e-05 1.244e-05 1.4213e-06 1.1851e-07 6.98951e-09 2.34993e-10 3.22754e-12
 2.56764e-27 2.59974e-27 4.23784e-26 8.39981e-20 2.05911e-14 6.10152e-10 2.18546e-06 0.000946221 0.0495218 0.313289 0.239924 0.044155 0.167521 0.153845 0.0203891 0.00776303 0.00220931 0.000350691 7.42411e-05 9.10834e-06 9.77199e-07 7.15461e-08 3.39545e-09 9.82833e-11 1.32928e-12
 2.56768e-27 2.59985e-27 4.24696e-26 8.41906e-20 2.06383e-14 6.1155e-10 2.19047e-06 0.000948389 0.0496353 0.314007 0.240472 0.0441631 0.167198 0.153539 0.0201916 0.00738891 0.00208354 0.0003023 6.20381e-05 7.32798e-06 7.39033e-07 4.92259e-08 2.06234e-09 4.82397e-11 5.54304e-13
 2.56789e-27 2.60043e-27 4.29882e-26 8.52846e-20 2.09065e-14 6.19497e-10 2.21893e-06 0.000960713 0.0502803 0.318087 0.243584 0.043974 0.163572 0.150201 0.0197473 0.00721565 0.00202879 0.00028399 5.67803e-05 6.17301e-06 5.95767e-07 3.74562e-08 1.42491e-09 2.91666e-11 2.73168e-13
 2.56815e-27 2.60114e-27 4.36283e-26 8.6635e-20 2.12375e-14 6.29306e-10 2.25407e-06 0.000975925 0.0510764 0.323124 0.247426 0.0436986 0.158777 0.145796 0.0193277 0.00736749 0.00207452 0.000289965 5.76158e-05 6.04053e-06 5.53007e-07 3.21936e-08 1.15319e-09 2.14747e-11 1.75083e-13
 2.56786e-27 2.60033e-27 4.28809e-26 8.50583e-20 2.0851e-14 6.17853e-10 2.21304e-06 0.000958164 0.0501468 0.317243 0.242942 0.0441179 0.165118 0.1516 0.0194973 0.00629413 0.00176603 0.000256323 5.14919e-05 5.38489e-06 4.84301e-07 2.67966e-08 8.88891e-10 1.53879e-11 1.14344e-13
 2.56735e-27 2.59894e-27 4.16492e-26 8.24598e-20 2.0214e-14 5.98978e-10 2.14544e-06 0.000928893 0.0486149 0.307551 0.235549 0.0445601 0.173678 0.159483 0.0206063 0.00683704 0.00189947 0.000238535 4.60407e-05 4.97704e-06 4.52141e-07 2.47539e-08 7.87291e-10 1.26577e-11 8.68101e-14
 2.5678e-27 2.60016e-27 4.2716e-26 8.47103e-20 2.07657e-14 6.15325e-10 2.20399e-06 0.000954244 0.0499417 0.315945 0.241954 0.0442886 0.167111 0.153411 0.0192962 0.0053796 0.00148514 0.000190768 3.62933e-05 3.44494e-06 3.03819e-07 1.70646e-08 5.41306e-10 8.40654e-12 5.38325e-14
 2.5685e-27 2.6021e-27 4.44665e-26 8.84031e-20 2.1671e-14 6.42149e-10 2.30007e-06 0.000995843 0.0521188 0.329718 0.252459 0.0435096 0.153803 0.141191 0.0182472 0.00606186 0.0016708 0.000185842 3.36095e-05 3.23623e-06 2.70519e-07 1.37245e-08 4.36613e-10 6.82529e-12 4.25153e-14
#obs surv len freq
 1.24914e-41 1.73373e-33 2.90869e-26 5.89877e-20 1.44601e-14 4.2848e-10 1.53475e-06 0.000664492 0.0347769 0.220009 0.168729 0.0416923 0.169932 0.142283 0.0892319 0.0845288 0.0333625 0.0120616 0.00244242 0.000271786 1.22727e-05 1.65488e-07 5.05763e-10 2.85827e-13 2.60823e-17
 1.55736e-41 2.16151e-33 3.62638e-26 7.35422e-20 1.8028e-14 5.34202e-10 1.91343e-06 0.000828448 0.0433576 0.274293 0.210215 0.0426628 0.142272 0.113368 0.0741823 0.0647307 0.0244926 0.00801328 0.00143966 0.000136987 5.05307e-06 5.28111e-08 1.19886e-10 4.9021e-14 3.1919e-18
 1.29086e-41 1.79163e-33 3.00583e-26 6.09576e-20 1.4943e-14 4.4279e-10 1.586e-06 0.000686683 0.0359383 0.227357 0.174614 0.0516804 0.203721 0.14982 0.0735491 0.0556959 0.0200461 0.00588905 0.000925671 7.34981e-05 2.17159e-06 1.74727e-08 2.95083e-11 8.75669e-15 4.07466e-19
 1.55899e-41 2.16378e-33 3.63019e-26 7.36196e-20 1.8047e-14 5.34765e-10 1.91544e-06 0.00082932 0.0434033 0.274583 0.210608 0.0473835 0.149671 0.109512 0.0846569 0.0595105 0.0156104 0.00369664 0.000499976 3.2586e-05 7.54639e-07 4.60036e-09 5.74732e-12 1.23922e-15 4.13516e-20
 1.54333e-41 2.14204e-33 3.59371e-26 7.28798e-20 1.78656e-14 5.29391e-10 1.89619e-06 0.000820986 0.0429671 0.271824 0.208745 0.0553683 0.179964 0.118616 0.0634573 0.0412454 0.013869 0.00283864 0.000268652 1.35224e-05 2.411e-07 1.09525e-09 9.99552e-13 1.5565e-16 3.72167e-21
 1.34761e-41 1.87039e-33 3.13797e-26 6.36374e-20 1.56e-14 4.62255e-10 1.65572e-06 0.000716871 0.0375182 0.237354 0.182671 0.0613009 0.205856 0.131333 0.0834082 0.0465624 0.0109699 0.00210761 0.000193844 6.90703e-06 8.6318e-08 2.8491e-10 1.87542e-13 2.08778e-17 3.55242e-22
 1.56583e-41 2.17326e-33 3.6461e-26 7.39422e-20 1.81261e-14 5.37109e-10 1.92384e-06 0.000832954 0.0435935 0.275788 0.211986 0.0580331 0.165299 0.104881 0.0833521 0.0439975 0.0105516 0.00156981 0.000109665 3.37832e-06 3.06238e-08 6.78864e-11 3.09511e-14 2.42642e-18 2.91205e-23
 1.7279e-41 2.39821e-33 4.02349e-26 8.15957e-20 2.00022e-14 5.92702e-10 2.12296e-06 0.00091917 0.0481057 0.304334 0.233989 0.06278 0.16343 0.0928911 0.0569379 0.0280387 0.00746057 0.00105014 6.01713e-05 1.34038e-06 9.30158e-09 1.49744e-11 4.59583e-15 2.41813e-19 1.99024e-24
 1.65532e-41 2.29748e-33 3.8545e-26 7.81685e-20 1.91621e-14 5.67807e-10 2.03379e-06 0.000880563 0.0460851 0.291554 0.224633 0.0711981 0.184631 0.0980273 0.0553991 0.022495 0.004484 0.000578568 3.15778e-05 5.67064e-07 2.80274e-09 3.21309e-12 7.05818e-16 2.56522e-20 1.41999e-25
 1.53145e-41 2.12556e-33 3.56606e-26 7.2319e-20 1.77282e-14 5.25318e-10 1.8816e-06 0.000814669 0.0426365 0.26974 0.208417 0.0784939 0.19973 0.104862 0.0669126 0.0240373 0.00396001 0.00037772 1.59612e-05 2.47133e-07 9.72834e-10 7.9822e-13 1.21217e-16 3.07141e-21 1.18838e-26
 1.46783e-41 2.03726e-33 3.41792e-26 6.93148e-20 1.69917e-14 5.03495e-10 1.80344e-06 0.000780826 0.0408653 0.258538 0.2003 0.0842058 0.203819 0.107279 0.0748876 0.0249965 0.0040076 0.000310393 9.30477e-06 1.02127e-07 3.10226e-10 1.97327e-13 2.19038e-17 3.87111e-22 1.02936e-27
 1.88136e-41 2.6112e-33 4.38083e-26 8.88424e-20 2.17787e-14 6.45342e-10 2.31151e-06 0.0010008 0.0523781 0.331369 0.255531 0.0729985 0.140871 0.0737803 0.0527132 0.016529 0.0026377 0.000183991 4.54513e-06 3.51774e-08 7.18978e-11 3.23849e-14 2.65618e-18 3.46023e-23 6.60817e-29
 1.5702e-41 2.17934e-33 3.65629e-26 7.41488e-20 1.81767e-14 5.38609e-10 1.92921e-06 0.000835281 0.0437153 0.276577 0.215389 0.102257 0.213736 0.0902155 0.0430402 0.0122351 0.00187476 0.000119787 2.63042e-06 1.63713e-08 2.39959e-11 7.22163e-15 3.9734e-19 3.60044e-24 4.91889e-30
 1.26974e-41 1.76232e-33 2.95665e-26 5.99603e-20 1.46986e-14 4.35546e-10 1.56005e-06 0.000675449 0.0353503 0.223668 0.176087 0.113751 0.233568 0.119613 0.0782849 0.0171382 0.00176496 9.53039e-05 1.84388e-06 9.69331e-09 1.12654e-11 2.48942e-15 9.43683e-20 5.7125e-25 5.22249e-31
 1.14956e-41 1.59552e-33 2.67681e-26 5.42852e-20 1.33074e-14 3.94322e-10 1.4124e-06 0.000611519 0.0320045 0.20251 0.160689 0.117361 0.227151 0.135115 0.0978658 0.0238091 0.00277311 0.000107132 1.43848e-06 6.01418e-09 5.63111e-12 9.70394e-16 2.75268e-20 1.19611e-25 7.58465e-32
 1.55432e-41 2.15729e-33 3.61931e-26 7.33988e-20 1.79929e-14 5.33161e-10 1.9097e-06 0.000826833 0.0432732 0.273796 0.214431 0.100687 0.165416 0.104721 0.0746741 0.0195655 0.00250457 0.000101921 1.17957e-06 3.37414e-09 2.23e-12 2.89692e-16 6.25794e-21 2.04167e-26 9.52951e-33
 1.41053e-41 1.95772e-33 3.28448e-26 6.66087e-20 1.63283e-14 4.83838e-10 1.73303e-06 0.000750342 0.03927 0.2485 0.198138 0.135936 0.215035 0.0968038 0.0511486 0.0127611 0.00158882 6.61424e-05 7.6307e-07 1.93663e-09 9.52753e-13 8.42984e-17 1.26482e-21 2.97959e-27 1.02253e-33
 1.46146e-41 2.02841e-33 3.40307e-26 6.90137e-20 1.69179e-14 5.01308e-10 1.7956e-06 0.000777434 0.0406879 0.25748 0.205332 0.130026 0.190107 0.107758 0.0570869 0.00979949 0.000907968 3.41218e-05 3.68758e-07 8.69256e-10 3.74974e-13 2.65138e-17 2.8915e-22 4.69012e-28 1.10142e-34
 1.44156e-41 2.00079e-33 3.35674e-26 6.80739e-20 1.66875e-14 4.94482e-10 1.77115e-06 0.000766848 0.0401339 0.254005 0.204761 0.14437 0.195624 0.10141 0.0491117 0.00908182 0.000714738 1.81937e-05 1.51248e-07 3.03133e-10 1.12604e-13 6.73573e-18 5.99407e-23 7.56302e-29 1.31386e-35
 1.55741e-41 2.16159e-33 3.62651e-26 7.35449e-20 1.80287e-14 5.34223e-10 1.9135e-06 0.000828479 0.0433595 0.27443 0.221072 0.141486 0.175177 0.0949453 0.0416248 0.00659493 0.000469568 1.05546e-05 6.31342e-08 8.80612e-11 2.48084e-14 1.18237e-18 8.46647e-24 8.54019e-30 1.16907e-36
 1.50656e-41 2.09101e-33 3.50811e-26 7.11437e-20 1.744e-14 5.1678e-10 1.85102e-06 0.000801429 0.0419439 0.265528 0.217447 0.16059 0.18474 0.089343 0.0342964 0.00500282 0.00030023 5.55365e-06 2.73969e-08 2.87722e-11 5.60482e-15 1.85871e-19 9.69241e-25 7.36902e-31 7.72195e-38
 1.55483e-41 2.15801e-33 3.6205e-26 7.34231e-20 1.79988e-14 5.33338e-10 1.91033e-06 0.000827106 0.0432878 0.274068 0.22538 0.160339 0.172393 0.0892055 0.0306319 0.00368029 0.000182857 2.77279e-06 1.07305e-08 8.74145e-12 1.28992e-15 3.08054e-20 1.11238e-25 5.82419e-32 4.27837e-39
 1.55792e-41 2.16229e-33 3.6277e-26 7.3569e-20 1.80346e-14 5.34397e-10 1.91412e-06 0.00082875 0.043374 0.274683 0.228829 0.170974 0.170185 0.0824439 0.0256653 0.0028957 0.000119142 1.39976e-06 4.17782e-09 2.58444e-12 2.85072e-16 5.0546e-21 1.33984e-26 5.04453e-33 2.60623e-40
 1.59286e-41 2.21078e-33 3.70905e-26 7.52187e-20 1.8439e-14 5.46381e-10 1.95705e-06 0.000847334 0.0443468 0.280908 0.235944 0.174267 0.162193 0.0779188 0.0214089 0.0020895 7.38156e-05 7.1484e-07 1.62407e-09 7.40961e-13 6.0061e-17 7.79249e-22 1.50379e-27 4.11046e-34 1.53785e-41
 1.59016e-41 2.20703e-33 3.70275e-26 7.50911e-20 1.84077e-14 5.45454e-10 1.95373e-06 0.000845896 0.0442719 0.280544 0.239425 0.184361 0.159769 0.071842 0.0174148 0.00148228 4.28907e-05 3.32692e-07 5.94975e-10 2.05416e-13 1.21423e-17 1.13169e-22 1.5663e-28 3.07299e-35 8.24995e-43
 1.37481e-41 1.90815e-33 3.20131e-26 6.4922e-20 1.59149e-14 4.71586e-10 1.68914e-06 0.000731342 0.0382773 0.242849 0.219072 0.216992 0.182998 0.080581 0.0172128 0.00125553 2.9924e-05 1.8426e-07 2.52841e-10 6.59914e-14 2.91134e-18 1.98806e-23 1.98047e-29 2.7665e-36 5.26776e-44
 1.39893e-41 1.94162e-33 3.25748e-26 6.6061e-20 1.61941e-14 4.7986e-10 1.71878e-06 0.000744173 0.0389493 0.247199 0.223362 0.205344 0.17695 0.0887424 0.0175568 0.00112827 2.20959e-05 1.07369e-07 1.12839e-10 2.20267e-14 7.15993e-19 3.57784e-24 2.59603e-30 2.62516e-37 3.59123e-45
 1.46681e-41 2.03584e-33 3.41554e-26 6.92664e-20 1.69798e-14 5.03144e-10 1.80218e-06 0.000780282 0.0408391 0.25914 0.231887 0.20274 0.169086 0.0784729 0.0159693 0.00106509 1.93403e-05 8.16346e-08 7.18446e-11 1.15248e-14 3.04721e-19 1.23026e-24 7.18114e-31 5.83107e-38 6.40303e-46
 1.46683e-41 2.03586e-33 3.41557e-26 6.92671e-20 1.698e-14 5.03149e-10 1.8022e-06 0.00078029 0.0408395 0.259142 0.231889 0.202745 0.169173 0.0786465 0.0157696 0.000996926 1.68054e-05 6.44797e-08 5.07466e-11 7.20044e-15 1.671e-19 5.89143e-25 2.99226e-31 2.10865e-38 2.00578e-46
#pred catch len freq
 2.55934e-27 2.57776e-27 2.35476e-26 4.42756e-20 1.08536e-14 3.21612e-10 1.15196e-06 0.000498755 0.026103 0.165136 0.126802 0.0445424 0.249944 0.230574 0.0458287 0.0468006 0.0191847 0.0135974 0.00810673 0.00601146 0.00462145 0.00392783 0.00387875 0.00340505 0.00103569
 2.56047e-27 2.58124e-27 2.69621e-26 5.14798e-20 1.26196e-14 3.73942e-10 1.3394e-06 0.000579909 0.0303503 0.192005 0.147259 0.0407343 0.206594 0.191501 0.0558958 0.0795078 0.027709 0.0126935 0.00570673 0.0032222 0.00201669 0.00146253 0.00127471 0.00111542 0.000371285
 2.56108e-27 2.58262e-27 2.79124e-26 5.34834e-20 1.31108e-14 3.88497e-10 1.39153e-06 0.00060248 0.0315316 0.199478 0.153003 0.0430953 0.220525 0.203669 0.0455734 0.0530987 0.0227273 0.0165779 0.00583874 0.00211261 0.000907068 0.000501766 0.000360163 0.000294704 0.000101395
 2.56163e-27 2.58404e-27 2.90838e-26 5.59542e-20 1.37165e-14 4.06444e-10 1.45582e-06 0.000630313 0.0329883 0.208694 0.160043 0.0433321 0.217382 0.200767 0.0451019 0.0525489 0.0194109 0.0106825 0.00508873 0.00229676 0.000618759 0.000208488 0.000106104 7.42169e-05 2.52124e-05
 2.56321e-27 2.58821e-27 3.2638e-26 6.34517e-20 1.55544e-14 4.60905e-10 1.65088e-06 0.00071477 0.0374085 0.236657 0.181396 0.0433683 0.202654 0.186979 0.0391 0.0422885 0.0156358 0.00848999 0.0032559 0.00137455 0.000504549 0.000118535 3.21369e-05 1.61067e-05 5.10782e-06
 2.56251e-27 2.58616e-27 3.0705e-26 5.93735e-20 1.45547e-14 4.31282e-10 1.54478e-06 0.00066883 0.0350042 0.221446 0.169806 0.0448864 0.222351 0.20498 0.0391456 0.0378072 0.0134524 0.00659081 0.00250408 0.000955912 0.000297027 8.33548e-05 1.51298e-05 3.84215e-06 1.01444e-06
 2.56288e-27 2.58723e-27 3.16753e-26 6.14205e-20 1.50565e-14 4.46151e-10 1.59804e-06 0.000691889 0.036211 0.229081 0.175626 0.0442879 0.213707 0.197106 0.0396198 0.0408408 0.0139057 0.00585071 0.00206873 0.000729629 0.000209936 5.11458e-05 9.5041e-06 1.29074e-06 2.13437e-07
 2.5648e-27 2.59235e-27 3.61514e-26 7.0863e-20 1.73712e-14 5.1474e-10 1.84371e-06 0.000798257 0.0417779 0.264299 0.202505 0.0434667 0.188573 0.173796 0.0333871 0.0324912 0.0113343 0.00517168 0.0017046 0.000522237 0.000135754 2.99649e-05 4.94342e-06 5.43012e-07 4.60132e-08
 2.56585e-27 2.59505e-27 3.83879e-26 7.55804e-20 1.85276e-14 5.49006e-10 1.96645e-06 0.000851397 0.0445591 0.281893 0.215949 0.0440428 0.183512 0.168865 0.0277999 0.0209431 0.00711653 0.00301843 0.00103072 0.000326679 7.43551e-05 1.43575e-05 2.08829e-06 1.97535e-07 1.0728e-08
 2.56582e-27 2.59493e-27 3.82227e-26 7.52317e-20 1.84421e-14 5.46474e-10 1.95738e-06 0.000847469 0.0443535 0.280593 0.214963 0.0445067 0.187735 0.172691 0.02721 0.0185998 0.00587115 0.00182077 0.00058082 0.000176509 4.18046e-05 7.37458e-06 9.13366e-07 7.41925e-08 3.1658e-09
 2.56491e-27 2.59245e-27 3.60257e-26 7.0597e-20 1.7306e-14 5.12808e-10 1.83679e-06 0.00079526 0.0416211 0.263307 0.201774 0.0451702 0.20205 0.185907 0.0296543 0.0208412 0.00645596 0.00178365 0.00049357 0.00011488 2.51793e-05 4.46565e-06 5.11737e-07 3.49679e-08 1.24252e-09
 2.56584e-27 2.59499e-27 3.83006e-26 7.53961e-20 1.84824e-14 5.47668e-10 1.96165e-06 0.000849322 0.0444504 0.281206 0.215427 0.0442687 0.185597 0.170775 0.0278983 0.0206482 0.00643677 0.00183166 0.000490325 9.91983e-05 1.68693e-05 2.53397e-06 2.82468e-07 1.76308e-08 5.24006e-10
 2.56648e-27 2.59672e-27 3.98235e-26 7.86088e-20 1.927e-14 5.71004e-10 2.04524e-06 0.000885511 0.0463445 0.293188 0.224572 0.0439432 0.176695 0.162527 0.0258411 0.0180347 0.00567526 0.00171311 0.000466454 9.56035e-05 1.47365e-05 1.73653e-06 1.56009e-07 9.13733e-09 2.43668e-10
 2.5648e-27 2.59208e-27 3.56513e-26 6.9807e-20 1.71123e-14 5.07069e-10 1.81624e-06 0.000786361 0.0411553 0.26036 0.199533 0.0457366 0.207935 0.19123 0.0286594 0.017231 0.00534116 0.00150978 0.000415721 8.9768e-05 1.41086e-05 1.55868e-06 1.10283e-07 5.13439e-09 1.24591e-10
 2.5639e-27 2.5897e-27 3.36017e-26 6.54834e-20 1.60525e-14 4.75663e-10 1.70375e-06 0.000737657 0.0386063 0.244234 0.187221 0.0458171 0.217198 0.199911 0.0326079 0.0240438 0.00729617 0.00175186 0.000461057 9.47872e-05 1.53915e-05 1.76044e-06 1.1771e-07 4.34492e-09 8.39298e-11
 2.56493e-27 2.5925e-27 3.60738e-26 7.06985e-20 1.73309e-14 5.13545e-10 1.83943e-06 0.000796404 0.0416809 0.263685 0.202063 0.0451563 0.201741 0.185618 0.0295405 0.0206607 0.00649737 0.00194902 0.000504272 8.96354e-05 1.36701e-05 1.55897e-06 1.07931e-07 3.75323e-09 5.80044e-11
 2.56649e-27 2.5967e-27 3.97559e-26 7.8466e-20 1.9235e-14 5.69967e-10 2.04153e-06 0.000883903 0.0462603 0.292656 0.224171 0.0443283 0.179907 0.165409 0.0248619 0.0150693 0.00467389 0.00132426 0.000364117 7.70013e-05 1.08829e-05 1.10959e-06 7.50051e-08 2.66476e-09 3.85463e-11
 2.5665e-27 2.59667e-27 3.96791e-26 7.83038e-20 1.91952e-14 5.68789e-10 2.03731e-06 0.000882076 0.0461647 0.292051 0.223717 0.0447903 0.183743 0.16885 0.0236917 0.0115256 0.00346849 0.000839978 0.000221532 4.56055e-05 7.31313e-06 7.75459e-07 4.67077e-08 1.59017e-09 2.31279e-11
 2.56699e-27 2.59799e-27 4.08435e-26 8.07602e-20 1.97974e-14 5.86632e-10 2.10122e-06 0.000909747 0.0476129 0.301212 0.230707 0.044485 0.176508 0.162167 0.0223996 0.0102551 0.00299385 0.000577934 0.000139757 2.50049e-05 3.82241e-06 4.31679e-07 2.80254e-08 8.77278e-10 1.20879e-11
 2.56725e-27 2.59869e-27 4.1449e-26 8.20375e-20 2.01105e-14 5.9591e-10 2.13445e-06 0.000924136 0.0483659 0.305976 0.234344 0.0444061 0.173352 0.159231 0.0214456 0.00881792 0.00254921 0.000462893 0.000104549 1.51279e-05 2.00711e-06 2.05349e-07 1.37385e-08 4.59726e-10 6.00261e-12
 2.56764e-27 2.59974e-27 4.23816e-26 8.4005e-20 2.05928e-14 6.10202e-10 2.18564e-06 0.000946299 0.0495259 0.313315 0.239943 0.0441125 0.167185 0.153544 0.0205119 0.00811892 0.0023205 0.000380385 8.28248e-05 1.11717e-05 1.27632e-06 1.06419e-07 6.27643e-09 2.11019e-10 2.89826e-12
 2.56795e-27 2.60059e-27 4.31239e-26 8.55708e-20 2.09766e-14 6.21576e-10 2.22638e-06 0.000963937 0.050449 0.319154 0.244399 0.0439368 0.162716 0.149409 0.0195716 0.00701578 0.00199147 0.000314938 6.66051e-05 8.16956e-06 8.76421e-07 6.41668e-08 3.04523e-09 8.81461e-11 1.19218e-12
 2.56798e-27 2.60068e-27 4.32042e-26 8.57402e-20 2.10182e-14 6.22806e-10 2.23079e-06 0.000965845 0.0505488 0.319786 0.244881 0.0439447 0.162438 0.149145 0.0193955 0.00667988 0.00187859 0.000271567 5.56697e-05 6.57416e-06 6.62963e-07 4.41584e-08 1.85003e-09 4.32736e-11 4.97241e-13
 2.56808e-27 2.60094e-27 4.34388e-26 8.62351e-20 2.11395e-14 6.26401e-10 2.24366e-06 0.000971421 0.0508407 0.321632 0.24629 0.0438598 0.160802 0.147639 0.0191948 0.00660093 0.00185102 0.000258166 5.15584e-05 5.60396e-06 5.40806e-07 3.40003e-08 1.29344e-09 2.64755e-11 2.47964e-13
 2.56854e-27 2.6022e-27 4.45625e-26 8.86057e-20 2.17206e-14 6.43621e-10 2.30534e-06 0.000998125 0.0522383 0.330474 0.253034 0.0434071 0.152619 0.140115 0.0183589 0.00658883 0.00185056 0.000257723 5.11511e-05 5.36149e-06 4.90802e-07 2.85719e-08 1.02345e-09 1.90588e-11 1.55386e-13
 2.56828e-27 2.60147e-27 4.38952e-26 8.71979e-20 2.13755e-14 6.33395e-10 2.26871e-06 0.000982266 0.0514083 0.325223 0.24903 0.043783 0.158292 0.145308 0.0185054 0.0056167 0.00157116 0.000227205 4.55926e-05 4.76684e-06 4.28681e-07 2.37188e-08 7.86792e-10 1.36204e-11 1.0121e-13
 2.56812e-27 2.60105e-27 4.35237e-26 8.64142e-20 2.11834e-14 6.27702e-10 2.24832e-06 0.000973438 0.0509462 0.3223 0.2468 0.0439065 0.160799 0.147619 0.0188816 0.00589139 0.00163199 0.000204222 3.93677e-05 4.25465e-06 3.86486e-07 2.11591e-08 6.72958e-10 1.08195e-11 7.42032e-14
 2.56823e-27 2.60134e-27 4.37716e-26 8.69372e-20 2.13116e-14 6.31501e-10 2.26193e-06 0.000979329 0.0512546 0.324251 0.24829 0.0439264 0.159904 0.14677 0.0183061 0.00479406 0.00131886 0.000168807 3.20755e-05 3.04387e-06 2.68424e-07 1.50763e-08 4.78236e-10 7.42704e-12 4.75601e-14
 2.56752e-27 2.5994e-27 4.20497e-26 8.33046e-20 2.04211e-14 6.05115e-10 2.16742e-06 0.000938409 0.049113 0.310702 0.237953 0.044462 0.171242 0.15723 0.0201154 0.00628426 0.00172714 0.000191456 3.45753e-05 3.32841e-06 2.78201e-07 1.4114e-08 4.49003e-10 7.01897e-12 4.37217e-14
#obs catch len freq
 5.97865e-42 8.29797e-34 1.39216e-26 2.82327e-20 6.9209e-15 2.05079e-10 7.3456e-07 0.000318039 0.0166449 0.105302 0.0811736 0.0423219 0.226609 0.191385 0.13189 0.127673 0.052501 0.0195844 0.00410295 0.000471583 2.21783e-05 3.13854e-07 1.0054e-09 5.91666e-13 5.58456e-17
 6.83253e-42 9.4831e-34 1.59099e-26 3.22649e-20 7.90936e-15 2.34369e-10 8.3947e-07 0.000363462 0.0190221 0.120341 0.0927705 0.0461449 0.229846 0.184576 0.129152 0.114476 0.0448901 0.0152391 0.00288105 0.000286054 1.09627e-05 1.19153e-07 2.81735e-10 1.19723e-13 8.06364e-18
 1.02864e-41 1.42768e-33 2.39523e-26 4.85748e-20 1.19075e-14 3.52842e-10 1.26382e-06 0.000547192 0.0286378 0.181173 0.139291 0.0481806 0.202444 0.154504 0.11032 0.0894126 0.0334381 0.0102033 0.00169941 0.000143068 4.4357e-06 3.70635e-08 6.47514e-11 1.98501e-14 9.52437e-19
 8.82121e-42 1.22433e-33 2.05406e-26 4.16559e-20 1.02115e-14 3.02584e-10 1.08381e-06 0.000469251 0.0245587 0.155368 0.11992 0.0599992 0.26181 0.182782 0.0959744 0.0676549 0.0239367 0.00651614 0.000941757 6.55946e-05 1.61525e-06 1.03163e-08 1.33419e-11 2.95973e-15 1.0133e-19
 1.21945e-41 1.69252e-33 2.83955e-26 5.75856e-20 1.41164e-14 4.18296e-10 1.49827e-06 0.000648698 0.0339503 0.214781 0.165187 0.0539673 0.193196 0.135537 0.109962 0.070313 0.0179713 0.00396598 0.000489369 2.77255e-05 5.30851e-07 2.5533e-09 2.43233e-12 3.90974e-16 9.5839e-21
 1.28736e-41 1.78677e-33 2.99768e-26 6.07923e-20 1.49025e-14 4.41589e-10 1.5817e-06 0.000684821 0.0358408 0.226743 0.174639 0.0636876 0.220257 0.137641 0.0765802 0.0459981 0.0149246 0.00275381 0.000237943 1.03866e-05 1.51971e-07 5.41729e-10 3.75635e-13 4.35023e-17 7.62917e-22
 1.16958e-41 1.62331e-33 2.72343e-26 5.52306e-20 1.35391e-14 4.0119e-10 1.437e-06 0.00062217 0.0325619 0.206001 0.159086 0.0696207 0.235807 0.143214 0.0931349 0.0471615 0.0107412 0.00189042 0.00015381 4.69175e-06 4.81368e-08 1.24249e-10 6.19521e-14 5.11896e-18 6.37987e-23
 1.45176e-41 2.01495e-33 3.38049e-26 6.85557e-20 1.68056e-14 4.97981e-10 1.78369e-06 0.000772275 0.0404178 0.2557 0.19696 0.0646538 0.184668 0.112499 0.089986 0.0430867 0.00985316 0.00131729 8.23747e-05 2.14167e-06 1.57048e-08 2.72031e-11 9.38892e-15 5.45581e-19 4.79098e-24
 1.67177e-41 2.32031e-33 3.8928e-26 7.89451e-20 1.93525e-14 5.73449e-10 2.054e-06 0.000889311 0.046543 0.29445 0.226763 0.0688558 0.175423 0.0948945 0.058349 0.0263414 0.00661876 0.000827508 4.15903e-05 7.81003e-07 4.36506e-09 5.44441e-12 1.26262e-15 4.92488e-20 2.96442e-25
 1.64157e-41 2.27839e-33 3.82247e-26 7.7519e-20 1.90029e-14 5.6309e-10 2.0169e-06 0.000873246 0.0457023 0.289134 0.223148 0.0770857 0.190226 0.0959835 0.0538444 0.0198074 0.00374158 0.000431995 2.03588e-05 3.03063e-07 1.19947e-09 1.06377e-12 1.76042e-16 4.73775e-21 1.91906e-26
 1.55681e-41 2.16075e-33 3.62511e-26 7.35164e-20 1.80217e-14 5.34015e-10 1.91276e-06 0.000828157 0.0433425 0.274208 0.212229 0.0839372 0.19931 0.100135 0.0624299 0.0201915 0.00311279 0.000263597 9.68802e-06 1.23451e-07 3.84341e-10 2.42582e-13 2.77166e-17 5.19556e-22 1.47025e-27
 1.52065e-41 2.11057e-33 3.54091e-26 7.1809e-20 1.76031e-14 5.21613e-10 1.86833e-06 0.000808924 0.0423359 0.267844 0.207841 0.0891847 0.199246 0.101114 0.0679214 0.0204621 0.00302997 0.000205071 5.29668e-06 4.79454e-08 1.15022e-10 5.59307e-14 4.65257e-18 6.07661e-23 1.18149e-28
 1.9277e-41 2.67552e-33 4.48874e-26 9.10308e-20 2.23151e-14 6.61238e-10 2.36845e-06 0.00102546 0.0536683 0.339534 0.2621 0.0762241 0.136 0.0690905 0.0469424 0.0133461 0.0019465 0.000117725 2.46463e-06 1.55681e-08 2.5118e-11 8.65093e-15 5.30484e-19 5.09529e-24 7.11014e-30
 1.62392e-41 2.2539e-33 3.78138e-26 7.66857e-20 1.87986e-14 5.57037e-10 1.99521e-06 0.000863859 0.045211 0.286045 0.223227 0.107251 0.205542 0.0827108 0.0378886 0.00981887 0.00136297 7.51958e-05 1.38369e-06 6.94534e-09 7.96903e-12 1.83027e-15 7.52989e-20 5.02582e-25 5.00831e-31
 1.33413e-41 1.85169e-33 3.10659e-26 6.30009e-20 1.54439e-14 4.57632e-10 1.63916e-06 0.000709701 0.037143 0.235017 0.185571 0.120053 0.225707 0.112772 0.0683401 0.0133673 0.00125801 5.88422e-05 9.46747e-07 3.98094e-09 3.59247e-12 6.02655e-16 1.70527e-20 7.60528e-26 5.07173e-32
 1.21934e-41 1.69237e-33 2.8393e-26 5.75805e-20 1.41152e-14 4.18258e-10 1.49813e-06 0.00064864 0.0339473 0.214811 0.171041 0.124122 0.22013 0.129147 0.0853412 0.0188143 0.00193045 6.35197e-05 7.14314e-07 2.38488e-09 1.72395e-12 2.24412e-16 4.73653e-21 1.51466e-26 7.0098e-33
 1.63242e-41 2.2657e-33 3.80118e-26 7.70871e-20 1.8897e-14 5.59952e-10 2.00566e-06 0.000868381 0.0454476 0.287562 0.22566 0.104476 0.157132 0.0982733 0.0636069 0.0152141 0.00169845 5.82417e-05 5.50166e-07 1.25131e-09 6.39358e-13 6.25851e-17 1.00276e-21 2.40221e-27 8.17428e-34
 1.48836e-41 2.06575e-33 3.46572e-26 7.0284e-20 1.72293e-14 5.10536e-10 1.82866e-06 0.000791745 0.0414369 0.262226 0.209738 0.140559 0.202506 0.0886587 0.0431433 0.00983518 0.00106601 3.72571e-05 3.46696e-07 6.89186e-10 2.5983e-13 1.73057e-17 1.92433e-22 3.32135e-28 8.29155e-35
 1.54504e-41 2.14441e-33 3.59769e-26 7.29605e-20 1.78854e-14 5.29977e-10 1.89829e-06 0.000821895 0.0430148 0.27222 0.217697 0.133753 0.178733 0.0990172 0.0468557 0.00727213 0.000594634 1.8756e-05 1.62632e-07 2.97754e-10 9.75554e-14 5.16079e-18 4.16336e-23 4.94892e-29 8.45006e-36
 1.52771e-41 2.12037e-33 3.55736e-26 7.21424e-20 1.76849e-14 5.24035e-10 1.87701e-06 0.00081268 0.0425326 0.269206 0.217687 0.147697 0.182711 0.0921312 0.0401028 0.00665914 0.000448785 9.59714e-06 6.43404e-08 9.97998e-11 2.79972e-14 1.24596e-18 8.16767e-24 7.538e-30 9.52533e-37
 1.64561e-41 2.284e-33 3.83189e-26 7.77099e-20 1.90497e-14 5.64477e-10 2.02186e-06 0.000875397 0.045815 0.289994 0.234229 0.143407 0.162295 0.0851325 0.0332376 0.00472054 0.000287597 5.33137e-06 2.545e-08 2.7526e-11 5.85106e-15 2.06706e-19 1.08598e-24 7.98519e-31 7.93181e-38
 1.59649e-41 2.21583e-33 3.71751e-26 7.53903e-20 1.8481e-14 5.47627e-10 1.96151e-06 0.000849266 0.0444476 0.281407 0.231136 0.161996 0.170205 0.0791715 0.0270887 0.00351392 0.000178897 2.72099e-06 1.06208e-08 8.57499e-12 1.25802e-15 3.09102e-20 1.17991e-25 6.51784e-32 4.94036e-39
 1.64626e-41 2.2849e-33 3.8334e-26 7.77406e-20 1.90572e-14 5.64699e-10 2.02266e-06 0.000875742 0.0458334 0.29022 0.239307 0.160786 0.158408 0.0782298 0.0237109 0.00252054 0.000105849 1.30939e-06 3.98924e-09 2.48774e-12 2.75258e-16 4.86059e-21 1.28471e-26 4.88486e-33 2.59055e-40
 1.65002e-41 2.29012e-33 3.84214e-26 7.79179e-20 1.91007e-14 5.65987e-10 2.02727e-06 0.00087774 0.0459381 0.290965 0.243037 0.170495 0.155549 0.0714744 0.0196533 0.00194143 6.67879e-05 6.3715e-07 1.49031e-09 7.02836e-13 5.79625e-17 7.58077e-22 1.46847e-27 4.01428e-34 1.49855e-41
 1.6857e-41 2.33964e-33 3.92524e-26 7.9603e-20 1.95138e-14 5.78228e-10 2.07112e-06 0.000896723 0.0469319 0.297335 0.250322 0.172725 0.147606 0.066668 0.0161027 0.00136916 4.02117e-05 3.13194e-07 5.5443e-10 1.92271e-13 1.16229e-17 1.11005e-22 1.56298e-28 3.09769e-35 8.36545e-43
 1.68302e-41 2.33592e-33 3.919e-26 7.94764e-20 1.94827e-14 5.77308e-10 2.06782e-06 0.000895297 0.0468577 0.296996 0.25401 0.181851 0.14477 0.0607393 0.0129064 0.000948806 2.26813e-05 1.40785e-07 1.95079e-10 5.09731e-14 2.24208e-18 1.53603e-23 1.54899e-29 2.20078e-36 4.26049e-44
 1.4702e-41 2.04054e-33 3.42342e-26 6.94263e-20 1.7019e-14 5.04305e-10 1.80634e-06 0.000782083 0.0409335 0.259796 0.234919 0.214902 0.167144 0.0680306 0.0126812 0.000793226 1.5519e-05 7.59836e-08 8.04343e-11 1.58343e-14 5.18409e-19 2.59808e-24 1.88455e-30 1.90562e-37 2.61504e-45
 1.49683e-41 2.0775e-33 3.48544e-26 7.06841e-20 1.73274e-14 5.13442e-10 1.83906e-06 0.000796252 0.0416748 0.2644 0.234766 0.197277 0.167263 0.0785758 0.0143964 0.000834475 1.43388e-05 5.97303e-08 5.2729e-11 8.52332e-15 2.27058e-19 9.23274e-25 5.42427e-31 4.42598e-38 4.87333e-46
 1.56107e-41 2.16666e-33 3.63502e-26 7.37175e-20 1.8071e-14 5.35476e-10 1.91799e-06 0.000830424 0.0434631 0.275699 0.242752 0.193816 0.157518 0.0709941 0.0140337 0.000876972 1.46742e-05 5.59797e-08 4.38759e-11 6.20766e-15 1.43764e-19 5.06107e-25 2.56762e-31 1.80784e-38 1.71846e-46
#spawning biomass
 15757.2 18519.3 20234.4 22905.7 26986.9 32193.6 36612.6 45753.8 59539.2 79213.4 97763.7 120052 167186 191571 183926 154101 148202 146851 141228 137421 138428 141731 148318 159049 183251 196027 194693 175619 194017 244556 182145 73524.3 33474.6 21174.6 17789.3 16921.9 16710.3 16660.5 16649 16646.4 16645.9 16645.7 16645.7 16645.7 16645.7 16645.7 16645.7 16645.7 16645.7 16645.7 16645.7 16645.7 16645.7 16645.7 16645.7 16645.7 16645.7 16645.7 16645.7 16645.7 16645.7 16645.7 16645.7 16645.7 16645.7 16645.7 16645.7 16645.7 16645.7 16645.7 16645.7 16645.7 16645.7 16645.7 16645.7 16645.7 16645.7 16645.7 16645.7 16645.7 16645.7 16645.7 16645.7 16645.7 16645.7 16645.7 16645.7 16645.7 16645.7 16645.7 16645.7 16645.7 16645.7 16645.7 16645.7 16645.7 16645.7 16645.7 16645.7 16645.7 16645.7 16645.7 16645.7 16645.7 16645.7 16645.7 16645.7 16645.7 16645.7 16645.7 16645.7 16645.7 16645.7 16645.7 16645.7 16645.7 16645.7 16645.7 16645.7 16645.7 16645.7 16645.7 16645.7 16645.7 16645.7 16645.7 16645.7 16645.7 16645.7 0 0 0 0 0 0 0 0 0 0 0 0 0 0 0 0 0 0 0 0 0 0 0 0 0
