SBPRF35
0.819782
Curr Bio
135733
B35
692202
F35
0.210367
FOFL
0.0471753
OFL
6407.79
Bzero
234224
#pred survey bio
 6645.3 7196.51 8314.66 11143.3 16247.4 17810.4 17082.3 23612.3 36370.1 54434.3 64325 80682.2 108906 132278 128978 110740 97854.7 99146.4 102753 94648.1 100171 114926 115946 121368 130766 130068 132376 145934 6.66477e+06 6.39294e+06 7.18936e+06 6.95685e+06 6.25115e+06 5.40842e+06 4.60937e+06 3.93124e+06 3.39172e+06 2.97963e+06 2.67309e+06 2.44891e+06 2.28663e+06 2.16965e+06 2.08456e+06 2.02169e+06 1.97715e+06 1.94527e+06 1.9222e+06 1.90532e+06 1.89282e+06 1.88347e+06 1.87639e+06 1.87099e+06 1.86681e+06 1.86356e+06 1.86102e+06 1.85901e+06 1.85741e+06 1.85613e+06 1.85511e+06 1.85428e+06 1.85362e+06 1.85308e+06 1.85265e+06 1.85229e+06 1.852e+06 1.85177e+06 1.85158e+06 1.85142e+06 1.85129e+06 1.85119e+06 1.8511e+06 1.85103e+06 1.85098e+06 1.85093e+06 1.85089e+06 1.85086e+06 1.85084e+06 1.85081e+06 1.8508e+06 1.85078e+06 1.85077e+06 1.85076e+06 1.85075e+06 1.85075e+06 1.85074e+06 1.85074e+06 1.85074e+06 1.85073e+06 1.85073e+06 1.85073e+06 1.85073e+06 1.85073e+06 1.85072e+06 1.85072e+06 1.85072e+06 1.85072e+06 1.85072e+06 1.85072e+06 1.85072e+06 1.85072e+06 1.85072e+06 1.85072e+06 1.85072e+06 1.85072e+06 1.85072e+06 1.85072e+06 1.85072e+06 1.85072e+06 1.85072e+06 1.85072e+06 1.85072e+06 1.85072e+06 1.85072e+06 1.85072e+06 1.85072e+06 1.85072e+06 1.85072e+06 1.85072e+06 1.85072e+06 1.85072e+06 1.85072e+06 1.85072e+06 1.85072e+06 1.85072e+06 1.85072e+06 1.85072e+06 1.85072e+06 1.85072e+06 0 0 0 0 0 0 0 0 0 0 0 0 0 0 0 0 0 0 0 0 0 0 0 0 0
#obs survey bio
 5814.15 9318.94 9566.5 12205.1 20601.8 10777.7 17729.5 26747.8 45366.9 64625.7 72576.9 70683.5 141385 132982 95400.3 71620.7 135646 80284.7 130386 68434.6 110138 136007 112440 102900 154478 145636 87050 128946
#pred catch bio
 4293.57 5228.55 6015.96 7514.37 11691 13786 12397.5 16801.9 24241.7 40595 48311 59695.5 82732.3 103950 104581 91608.3 78893.2 79676.3 87224.7 78184.2 80390.9 96806 97119.8 101584 112254 110836 110665 100259 6407.79 51741.6 58286.4 55695.7 49372.9 42062.6 35247.2 29549.2 25089.7 21748.9 19321.3 17595.6 16388.6 15553.8 14977.9 14580 14316 14140.9 14024.7 13947.6 13896.5 13862.6 13840.1 13825.1 13815.2 13808.7 13804.3 13801.4 13799.5 13798.2 13797.4 13796.8 13796.5 13796.2 13796 13795.9 13795.9 13795.8 13795.8 13795.8 13795.8 13795.7 13795.7 13795.7 13795.7 13795.7 13795.7 13795.7 13795.7 13795.7 13795.7 13795.7 13795.7 13795.7 13795.7 13795.7 13795.7 13795.7 13795.7 13795.7 13795.7 13795.7 13795.7 13795.7 13795.7 13795.7 13795.7 13795.7 13795.7 13795.7 13795.7 13795.7 13795.7 13795.7 13795.7 13795.7 13795.7 13795.7 13795.7 13795.7 13795.7 13795.7 13795.7 13795.7 13795.7 13795.7 13795.7 13795.7 13795.7 13795.7 13795.7 13795.7 13795.7 13795.7 13795.7 13795.7 13795.7 13795.7 13795.7 13795.7 0 0 0 0 0 0 0 0 0 0 0 0 0 0 0 0 0 0 0 0 0 0 0 0 0
#obs catch bio
 4986.85 5172.89 5934.36 7384.86 11407.1 13821.2 12260.3 16296.4 23304 38572.8 46349.2 57800.8 80625.7 102228 104676 92566.2 76420.5 79535.9 85738 78050.6 78159.1 95066 94278.3 98389.7 108753 107791 110756 99460.4
#pred cpue bio
 5638.15 5793.27 6438.82 8466.6 12573.4 14458.2 13431.6 17645.5 27200.3 42290.1 49835.3 61239.5 82380.3 101763 102898 87832.2 75817.3 76358.2 79069.6 72102.7 75477 86913.4 87479 91173.3 97717.4 97557.1 99124.6 108655 5.34063e+06 6.29257e+06 7.16259e+06 6.91193e+06 6.20157e+06 5.35808e+06 4.55892e+06 3.88077e+06 3.34125e+06 2.92916e+06 2.62262e+06 2.39844e+06 2.23616e+06 2.11918e+06 2.03409e+06 1.97122e+06 1.92668e+06 1.8948e+06 1.87173e+06 1.85485e+06 1.84235e+06 1.833e+06 1.82592e+06 1.82051e+06 1.81634e+06 1.81309e+06 1.81055e+06 1.80853e+06 1.80694e+06 1.80566e+06 1.80464e+06 1.80381e+06 1.80315e+06 1.80261e+06 1.80218e+06 1.80182e+06 1.80153e+06 1.8013e+06 1.80111e+06 1.80095e+06 1.80082e+06 1.80072e+06 1.80063e+06 1.80056e+06 1.80051e+06 1.80046e+06 1.80042e+06 1.80039e+06 1.80036e+06 1.80034e+06 1.80033e+06 1.80031e+06 1.8003e+06 1.80029e+06 1.80028e+06 1.80028e+06 1.80027e+06 1.80027e+06 1.80027e+06 1.80026e+06 1.80026e+06 1.80026e+06 1.80026e+06 1.80026e+06 1.80025e+06 1.80025e+06 1.80025e+06 1.80025e+06 1.80025e+06 1.80025e+06 1.80025e+06 1.80025e+06 1.80025e+06 1.80025e+06 1.80025e+06 1.80025e+06 1.80025e+06 1.80025e+06 1.80025e+06 1.80025e+06 1.80025e+06 1.80025e+06 1.80025e+06 1.80025e+06 1.80025e+06 1.80025e+06 1.80025e+06 1.80025e+06 1.80025e+06 1.80025e+06 1.80025e+06 1.80025e+06 1.80025e+06 1.80025e+06 1.80025e+06 1.80025e+06 1.80025e+06 1.80025e+06 1.80025e+06 1.80025e+06 0 0 0 0 0 0 0 0 0 0 0 0 0 0 0 0 0 0 0 0 0 0 0 0 0
#obs cpue bio
 4839 6515.27 6511.02 10092.7 15313.7 18499 19131.9 26678.8 44216.7 78398.6 84799.1 99425.9 95917 116595 126234 119892 106602 79478.9 94127.3 92255.6 120630 95664.1 149782 177633 137164 129714 132405 158086
#pred surv len freq
 2.56733e-27 2.59956e-27 4.30052e-26 8.53236e-20 2.09161e-14 6.1978e-10 2.21995e-06 0.000961153 0.0503033 0.318232 0.243587 0.0371221 0.111424 0.102941 0.0266134 0.0351487 0.0163027 0.0141918 0.00953416 0.00780268 0.00649884 0.00589342 0.00614882 0.00557698 0.00171546
 2.56836e-27 2.60207e-27 4.48051e-26 8.91189e-20 2.18464e-14 6.47349e-10 2.31869e-06 0.00100391 0.0525408 0.332388 0.254445 0.0402727 0.127774 0.117704 0.0236362 0.0244045 0.00937436 0.00575722 0.00313557 0.00214599 0.00154775 0.00124384 0.00117596 0.00108166 0.000366216
 2.56951e-27 2.60509e-27 4.73734e-26 9.45364e-20 2.31745e-14 6.86701e-10 2.45965e-06 0.00106493 0.0557348 0.352593 0.269877 0.0404602 0.118359 0.108941 0.0207962 0.0200503 0.00677596 0.00280549 0.00112219 0.000545329 0.000304139 0.000202787 0.000165786 0.000146593 5.1746e-05
 2.57009e-27 2.60664e-27 4.86955e-26 9.73254e-20 2.38581e-14 7.06959e-10 2.53221e-06 0.00109635 0.057379 0.362995 0.27782 0.0404741 0.112884 0.10382 0.0186497 0.0164276 0.00542095 0.00202471 0.000647064 0.000204571 7.28619e-05 3.45529e-05 2.23452e-05 1.77843e-05 6.28903e-06
 2.56939e-27 2.60473e-27 4.70093e-26 9.37683e-20 2.29862e-14 6.81121e-10 2.43966e-06 0.00105628 0.0552819 0.349728 0.267697 0.0409488 0.123609 0.11373 0.020655 0.0185007 0.00596469 0.00200135 0.000606667 0.000162338 3.69894e-05 9.96117e-06 4.16081e-06 2.67687e-06 9.09841e-07
 2.56733e-27 2.59914e-27 4.20813e-26 8.33724e-20 2.04377e-14 6.05606e-10 2.16918e-06 0.000939172 0.0491529 0.310955 0.238112 0.0422942 0.154634 0.142386 0.0262056 0.0239545 0.00774623 0.00262629 0.000764088 0.000184454 3.62752e-05 6.12696e-06 1.239e-06 5.08032e-07 1.5544e-07
 2.56884e-27 2.60332e-27 4.58311e-26 9.12829e-20 2.23769e-14 6.63068e-10 2.375e-06 0.00102828 0.0538166 0.340459 0.260615 0.0406932 0.126639 0.116664 0.0236585 0.0246242 0.00800338 0.00275583 0.000806401 0.000193454 3.48478e-05 4.92867e-06 5.51275e-07 9.56962e-08 2.23606e-08
 2.57071e-27 2.60833e-27 5.02197e-26 1.00541e-19 2.46464e-14 7.30317e-10 2.61587e-06 0.00113257 0.0592748 0.374988 0.286968 0.0398357 0.1016 0.0934452 0.0175148 0.0164608 0.00558256 0.00230308 0.00068977 0.000167909 3.02465e-05 3.99419e-06 3.49514e-07 2.53497e-08 2.97262e-09
 2.57058e-27 2.60792e-27 4.97916e-26 9.96375e-20 2.44249e-14 7.23755e-10 2.59237e-06 0.0011224 0.0587422 0.371619 0.284405 0.0404822 0.108319 0.0995356 0.0165989 0.0128198 0.00418914 0.00151496 0.000483794 0.000136388 2.52764e-05 3.35019e-06 2.72646e-07 1.30877e-08 5.52592e-10
 2.5692e-27 2.6042e-27 4.65222e-26 9.27406e-20 2.27342e-14 6.73656e-10 2.41292e-06 0.0010447 0.054676 0.345896 0.264775 0.041238 0.127863 0.117631 0.0209037 0.0180738 0.00565052 0.00161784 0.000474964 0.00012378 2.59468e-05 3.73024e-06 3.05505e-07 1.31229e-08 2.89076e-10
 2.56934e-27 2.6046e-27 4.68937e-26 9.35243e-20 2.29263e-14 6.79349e-10 2.43331e-06 0.00105353 0.055138 0.348818 0.267003 0.0409725 0.124277 0.114353 0.0208809 0.0188566 0.00603454 0.00194177 0.000531681 0.000111917 2.107e-05 3.18928e-06 2.89817e-07 1.25525e-08 2.28419e-10
 2.5701e-27 2.60666e-27 4.87073e-26 9.73504e-20 2.38643e-14 7.07141e-10 2.53286e-06 0.00109663 0.0573938 0.363089 0.277892 0.0405271 0.113237 0.104141 0.0186269 0.0162875 0.00526662 0.00178944 0.000513167 0.000115851 1.85692e-05 2.38146e-06 2.18839e-07 1.04099e-08 1.89323e-10
 2.57019e-27 2.60687e-27 4.88718e-26 9.76972e-20 2.39493e-14 7.09661e-10 2.54189e-06 0.00110054 0.0575983 0.364382 0.278882 0.0406741 0.11366 0.104487 0.0179059 0.0145506 0.0046611 0.00152448 0.000444079 0.000106195 1.82319e-05 2.16701e-06 1.65842e-07 7.79152e-09 1.52559e-10
 2.56954e-27 2.60509e-27 4.72837e-26 9.4347e-20 2.3128e-14 6.85325e-10 2.45472e-06 0.0010628 0.0556231 0.351887 0.269351 0.0412688 0.124882 0.114819 0.0192996 0.015123 0.00475384 0.00141338 0.000401291 9.35891e-05 1.67409e-05 2.12528e-06 1.55805e-07 6.22082e-09 1.18675e-10
 2.56805e-27 2.60105e-27 4.37143e-26 8.68171e-20 2.12822e-14 6.30629e-10 2.25881e-06 0.000977977 0.0511838 0.323803 0.247922 0.0422669 0.147534 0.13574 0.0233294 0.019047 0.00593969 0.0016786 0.000458067 9.81885e-05 1.69798e-05 2.19292e-06 1.70682e-07 6.57126e-09 1.09514e-10
 2.56837e-27 2.60198e-27 4.45864e-26 8.86569e-20 2.17332e-14 6.43993e-10 2.30667e-06 0.000998702 0.0522685 0.330665 0.253151 0.0415897 0.138706 0.127689 0.0236258 0.0217556 0.00685034 0.0020216 0.000545768 0.000110894 1.78046e-05 2.16471e-06 1.69316e-07 6.82889e-09 1.09825e-10
 2.56931e-27 2.60448e-27 4.67711e-26 9.32656e-20 2.28629e-14 6.7747e-10 2.42658e-06 0.00105062 0.0549855 0.347854 0.26627 0.0412052 0.126563 0.116414 0.0203713 0.0171774 0.00555665 0.00189358 0.000527044 0.000110478 1.7142e-05 1.9342e-06 1.40774e-07 5.65577e-09 9.39223e-11
 2.56951e-27 2.60501e-27 4.72185e-26 9.42093e-20 2.30943e-14 6.84325e-10 2.45114e-06 0.00106125 0.0555419 0.351373 0.268958 0.0412368 0.124915 0.11486 0.0194946 0.0155599 0.0049227 0.00151371 0.000438296 0.000103949 1.68108e-05 1.88155e-06 1.27309e-07 4.75374e-09 7.81153e-11
 2.56953e-27 2.60507e-27 4.72602e-26 9.42974e-20 2.31159e-14 6.84965e-10 2.45343e-06 0.00106224 0.0555938 0.351702 0.269209 0.0412669 0.124968 0.114902 0.0193797 0.0152833 0.00477688 0.00137318 0.000379753 8.4126e-05 1.4881e-05 1.80953e-06 1.23077e-07 4.30335e-09 6.59409e-11
 2.56987e-27 2.60596e-27 4.80195e-26 9.58991e-20 2.35085e-14 6.96599e-10 2.4951e-06 0.00108028 0.0565381 0.357676 0.273771 0.0412687 0.121776 0.111904 0.0179074 0.0126766 0.00393442 0.00109713 0.000295539 6.10863e-05 1.00773e-05 1.25931e-06 9.42086e-08 3.34794e-09 4.84445e-11
 2.57027e-27 2.60705e-27 4.89945e-26 9.79559e-20 2.40127e-14 7.11539e-10 2.54861e-06 0.00110345 0.0577507 0.365347 0.279623 0.0409221 0.115027 0.105693 0.0171047 0.0124048 0.00378078 0.000937153 0.000245961 4.92041e-05 7.67598e-06 8.89092e-07 6.64838e-08 2.56453e-09 3.79689e-11
 2.57014e-27 2.60669e-27 4.86744e-26 9.72806e-20 2.38472e-14 7.06634e-10 2.53105e-06 0.00109585 0.0573526 0.362828 0.277702 0.04103 0.117198 0.107693 0.0173947 0.0125642 0.00384916 0.000986042 0.000251252 4.53462e-05 6.79804e-06 7.46276e-07 5.16895e-08 1.9746e-09 3.11836e-11
 2.5702e-27 2.60684e-27 4.87867e-26 9.75174e-20 2.39052e-14 7.08354e-10 2.53721e-06 0.00109851 0.0574922 0.363711 0.278378 0.0411331 0.117507 0.107947 0.0168633 0.011287 0.00344347 0.000867125 0.000222452 4.08412e-05 5.70554e-06 5.79004e-07 3.78115e-08 1.34349e-09 2.09414e-11
 2.57035e-27 2.60726e-27 4.91623e-26 9.83098e-20 2.40995e-14 7.1411e-10 2.55782e-06 0.00110744 0.0579594 0.366667 0.280632 0.0409982 0.114897 0.105545 0.0165691 0.0112179 0.00338215 0.000783141 0.000197321 3.57934e-05 5.06007e-06 4.95789e-07 2.95965e-08 9.79925e-10 1.42828e-11
 2.57053e-27 2.60774e-27 4.9584e-26 9.91994e-20 2.43175e-14 7.20572e-10 2.58097e-06 0.00111746 0.0584839 0.369985 0.283164 0.0408936 0.112322 0.103164 0.0160499 0.0106338 0.00321033 0.000752149 0.000185624 3.12784e-05 4.32509e-06 4.23457e-07 2.46845e-08 7.51381e-10 1.01231e-11
 2.57038e-27 2.60731e-27 4.91863e-26 9.83604e-20 2.41119e-14 7.14478e-10 2.55914e-06 0.00110801 0.0579892 0.366856 0.280779 0.041154 0.11598 0.106506 0.0160462 0.00978291 0.00293533 0.000666222 0.000164064 2.77297e-05 3.65029e-06 3.39197e-07 1.95611e-08 5.81118e-10 7.25574e-12
 2.57044e-27 2.6075e-27 4.93638e-26 9.8735e-20 2.42037e-14 7.17199e-10 2.56889e-06 0.00111223 0.0582101 0.368253 0.281844 0.0410299 0.114287 0.104962 0.0161079 0.0103101 0.00306252 0.000637001 0.000153211 2.52116e-05 3.31275e-06 2.99331e-07 1.62757e-08 4.72344e-10 5.73829e-12
 2.57065e-27 2.60807e-27 4.98743e-26 9.98119e-20 2.44677e-14 7.25021e-10 2.5969e-06 0.00112436 0.058845 0.372269 0.284907 0.0408115 0.110473 0.101457 0.0157503 0.0103784 0.00310723 0.00068412 0.000162758 2.47712e-05 3.14805e-06 2.79725e-07 1.4875e-08 4.0912e-10 4.81041e-12
#obs surv len freq
 1.64607e-41 2.28464e-33 3.83296e-26 7.77317e-20 1.9055e-14 5.64635e-10 2.02243e-06 0.000875643 0.0458277 0.289919 0.222121 0.0442916 0.164053 0.139401 0.0428493 0.0346321 0.0112532 0.00383421 0.000826975 0.000107431 6.1013e-06 1.09257e-07 4.58181e-10 3.61837e-13 4.66111e-17
 1.90646e-41 2.64604e-33 4.43928e-26 9.00278e-20 2.20693e-14 6.53952e-10 2.34235e-06 0.00101416 0.053077 0.33578 0.257152 0.0440602 0.132195 0.106322 0.0336104 0.0255794 0.00806371 0.00257396 0.000509472 5.79778e-05 2.73511e-06 3.8445e-08 1.21003e-10 6.96809e-14 6.43785e-18
 1.92557e-41 2.67257e-33 4.48379e-26 9.09303e-20 2.22905e-14 6.60508e-10 2.36583e-06 0.00102432 0.053609 0.339147 0.259806 0.0471037 0.141346 0.106366 0.0270807 0.0173124 0.00530393 0.00158334 0.000286643 2.83153e-05 1.09793e-06 1.20496e-08 2.84625e-11 1.19754e-14 7.95087e-19
 1.96537e-41 2.72781e-33 4.57646e-26 9.28097e-20 2.27512e-14 6.7416e-10 2.41473e-06 0.0010455 0.0547171 0.346156 0.265221 0.048728 0.138872 0.0984561 0.0263586 0.0156071 0.00374188 0.000927758 0.000152396 1.29883e-05 4.10261e-07 3.48999e-09 6.17016e-12 1.89864e-15 9.08187e-20
 1.76683e-41 2.45225e-33 4.11415e-26 8.34341e-20 2.04529e-14 6.06057e-10 2.1708e-06 0.00093988 0.0491896 0.311189 0.238712 0.054876 0.175659 0.116848 0.0309051 0.016839 0.00392157 0.000810776 0.000100761 7.09603e-06 1.81202e-07 1.18782e-09 1.56551e-12 3.51845e-16 1.2136e-20
 1.46235e-41 2.02965e-33 3.40515e-26 6.90558e-20 1.69282e-14 5.01614e-10 1.7967e-06 0.000777909 0.0407126 0.257563 0.198037 0.062538 0.220473 0.139599 0.047742 0.0258017 0.00559571 0.00104567 0.000107302 5.50232e-06 1.0627e-07 5.30745e-10 5.19844e-13 8.51738e-17 2.11682e-21
 2.09924e-41 2.91361e-33 4.88818e-26 9.91313e-20 2.43009e-14 7.20079e-10 2.57921e-06 0.00111671 0.058444 0.369735 0.283371 0.0502895 0.111795 0.0685112 0.0330947 0.0181443 0.00459101 0.000829004 7.33108e-05 2.91936e-06 3.96781e-08 1.4109e-10 1.0064e-13 1.19758e-17 2.14275e-22
 1.98858e-41 2.76002e-33 4.63051e-26 9.39059e-20 2.30199e-14 6.82122e-10 2.44325e-06 0.00105784 0.0553633 0.350247 0.268838 0.0602217 0.151729 0.0816505 0.0189005 0.00862338 0.00277192 0.000544635 4.79383e-05 1.57844e-06 1.58377e-08 3.87637e-11 1.89901e-14 1.58792e-18 2.02182e-23
 2.02235e-41 2.80689e-33 4.70914e-26 9.55005e-20 2.34108e-14 6.93705e-10 2.48474e-06 0.00107581 0.0563034 0.356195 0.273502 0.0616951 0.144395 0.0740591 0.0224616 0.00854765 0.00146347 0.000272052 2.61888e-05 8.11074e-07 6.54238e-09 1.15726e-11 3.88658e-15 2.19916e-19 1.91565e-24
 1.72261e-41 2.39088e-33 4.01119e-26 8.13461e-20 1.9941e-14 5.90889e-10 2.11647e-06 0.000916358 0.0479585 0.303406 0.233841 0.076405 0.200129 0.0958402 0.0288638 0.010477 0.00191492 0.000228672 1.62294e-05 4.86896e-07 3.50031e-09 4.89835e-12 1.19603e-15 4.69708e-20 2.78291e-25
 2.02459e-41 2.81e-33 4.71436e-26 9.56062e-20 2.34367e-14 6.94473e-10 2.48749e-06 0.001077 0.0563658 0.356592 0.274181 0.0665398 0.138718 0.0659047 0.0287181 0.00997346 0.00172502 0.000193057 9.79403e-06 2.01639e-07 1.21848e-09 1.44138e-12 2.77654e-16 8.09136e-21 3.41247e-26
 1.84633e-41 2.56258e-33 4.29926e-26 8.7188e-20 2.13731e-14 6.33325e-10 2.26847e-06 0.000982167 0.0514027 0.325199 0.250996 0.0818012 0.180791 0.0757453 0.0232457 0.00795924 0.00169042 0.000177366 7.75434e-06 1.14395e-07 4.62093e-10 4.0947e-13 6.26538e-17 1.43077e-21 4.56972e-27
 1.91843e-41 2.66265e-33 4.46715e-26 9.05929e-20 2.22078e-14 6.58057e-10 2.35705e-06 0.00102052 0.0534101 0.3379 0.260854 0.0811101 0.161449 0.0676459 0.0274121 0.00777233 0.00127774 0.000140393 5.89701e-06 7.07725e-08 2.04318e-10 1.20496e-13 1.27365e-17 2.13659e-22 5.16478e-28
 1.61787e-41 2.2455e-33 3.7673e-26 7.64001e-20 1.87286e-14 5.54962e-10 1.98778e-06 0.000860642 0.0450426 0.284974 0.221885 0.10442 0.217202 0.0840127 0.0309943 0.008938 0.00153238 0.00013102 4.88732e-06 5.29424e-08 1.22018e-10 5.20537e-14 3.74022e-18 4.20404e-23 6.97214e-29
 1.47836e-41 2.05187e-33 3.44243e-26 6.98119e-20 1.71136e-14 5.07106e-10 1.81637e-06 0.000786426 0.0411584 0.26041 0.204027 0.113269 0.224365 0.094386 0.0471894 0.0122939 0.00194931 0.000160075 4.82268e-06 4.19485e-08 8.0542e-11 2.7227e-14 1.45013e-18 1.14943e-23 1.30353e-29
 1.71984e-41 2.38702e-33 4.00473e-26 8.12151e-20 1.99089e-14 5.89938e-10 2.11306e-06 0.000914883 0.0478813 0.302942 0.236272 0.102875 0.176529 0.0762799 0.0415647 0.0124346 0.00214426 0.000155573 4.08703e-06 2.8275e-08 4.13094e-11 1.08388e-14 4.48125e-19 2.68441e-24 2.22654e-30
 1.68205e-41 2.33457e-33 3.91673e-26 7.94306e-20 1.94715e-14 5.76975e-10 2.06663e-06 0.00089478 0.0468293 0.296301 0.232671 0.118755 0.192201 0.0703976 0.030643 0.00939325 0.00177568 0.000134172 3.07923e-06 1.73241e-08 1.96068e-11 3.82615e-15 1.16981e-19 5.23209e-25 3.25027e-31
 1.69849e-41 2.3574e-33 3.95502e-26 8.02071e-20 1.96618e-14 5.82616e-10 2.08683e-06 0.000903527 0.0472871 0.29921 0.235848 0.123899 0.184682 0.0695284 0.0300891 0.00723843 0.00121713 9.3328e-05 2.05066e-06 9.79158e-09 8.69936e-12 1.28727e-15 2.9102e-20 9.46761e-26 4.26009e-32
 1.66352e-41 2.30885e-33 3.87357e-26 7.85553e-20 1.92569e-14 5.70617e-10 2.04386e-06 0.00088492 0.0463133 0.29307 0.232764 0.135254 0.187651 0.0683621 0.0282013 0.00653699 0.000902187 5.69881e-05 1.13725e-06 4.81225e-09 3.52758e-12 4.05468e-16 6.88065e-21 1.65011e-26 5.40678e-33
 1.75306e-41 2.43313e-33 4.08209e-26 8.27839e-20 2.02935e-14 6.01334e-10 2.15388e-06 0.000932556 0.0488064 0.308857 0.245515 0.133794 0.167975 0.0626888 0.0252837 0.00543796 0.00067268 3.4059e-05 5.31073e-07 1.85356e-09 1.12756e-12 1.04362e-16 1.37493e-21 2.4851e-27 6.01631e-34
 1.71188e-41 2.37598e-33 3.9862e-26 8.08394e-20 1.98168e-14 5.87209e-10 2.10329e-06 0.000910651 0.04766 0.301641 0.242336 0.148092 0.172791 0.0596545 0.0218541 0.00453456 0.000502707 2.12154e-05 2.53991e-07 6.62978e-10 3.09473e-13 2.24156e-17 2.3085e-22 3.21879e-28 5.91099e-35
 1.72202e-41 2.39005e-33 4.00981e-26 8.1318e-20 1.99342e-14 5.90686e-10 2.11574e-06 0.000916043 0.0479423 0.303462 0.245444 0.153074 0.165004 0.059377 0.0206332 0.00376125 0.00036971 1.32e-05 1.24177e-07 2.41328e-10 8.19247e-14 4.34044e-18 3.32162e-23 3.48136e-29 4.82382e-36
 1.72095e-41 2.38857e-33 4.00731e-26 8.12675e-20 1.99218e-14 5.90319e-10 2.11443e-06 0.000915473 0.0479126 0.303325 0.24768 0.161313 0.160458 0.0563872 0.0185292 0.00320201 0.000267843 7.85414e-06 5.86892e-08 8.65143e-11 2.15261e-14 8.20002e-19 4.48623e-24 3.37466e-30 3.38352e-37
 1.74593e-41 2.42324e-33 4.06548e-26 8.24472e-20 2.02109e-14 5.98887e-10 2.14512e-06 0.000928762 0.0486082 0.307782 0.253266 0.165758 0.15186 0.052929 0.0161142 0.00255892 0.000188436 4.49001e-06 2.60084e-08 2.91218e-11 5.38527e-15 1.49463e-19 5.87378e-25 3.14674e-31 2.23843e-38
 1.68323e-41 2.33622e-33 3.91949e-26 7.94864e-20 1.94852e-14 5.77381e-10 2.06808e-06 0.000895409 0.0468629 0.296841 0.249005 0.181026 0.155201 0.0529415 0.0149252 0.00216023 0.000137213 2.6855e-06 1.20741e-08 1.01245e-11 1.3822e-15 2.80838e-20 8.01034e-26 3.08889e-32 1.57076e-39
 1.59556e-41 2.21453e-33 3.71534e-26 7.53464e-20 1.84703e-14 5.47308e-10 1.96037e-06 0.000848772 0.0444225 0.281534 0.24217 0.196748 0.160299 0.0568713 0.0150387 0.00195769 0.000106007 1.68217e-06 5.88765e-09 3.71876e-12 3.7356e-16 5.51615e-21 1.13736e-26 3.16115e-33 1.15544e-40
 1.59143e-41 2.2088e-33 3.70572e-26 7.51513e-20 1.84225e-14 5.45891e-10 1.95529e-06 0.000846574 0.0443079 0.280934 0.245033 0.199815 0.154376 0.0579229 0.0148835 0.00179611 8.23881e-05 1.04806e-06 2.832e-09 1.34661e-12 1.00035e-16 1.07771e-21 1.60561e-27 3.20536e-34 8.38885e-42
 1.64489e-41 2.283e-33 3.8302e-26 7.76757e-20 1.90413e-14 5.64228e-10 2.02097e-06 0.000875012 0.0457968 0.29049 0.25521 0.198829 0.142323 0.0520214 0.0129122 0.00148113 5.89848e-05 6.02856e-07 1.24949e-09 4.44742e-13 2.43722e-17 1.91811e-22 2.07255e-28 2.98353e-35 5.60439e-43
#pred catch len freq
 2.5654e-27 2.59442e-27 3.85558e-26 7.59377e-20 1.86152e-14 5.51602e-10 1.97574e-06 0.000855422 0.0447697 0.283226 0.216863 0.0375343 0.133336 0.123246 0.0316824 0.0416629 0.0192784 0.0167271 0.0112278 0.00918484 0.00764907 0.00693629 0.00723684 0.00656382 0.002019
 2.56697e-27 2.59828e-27 4.14752e-26 8.20943e-20 2.01244e-14 5.96323e-10 2.13593e-06 0.000924775 0.0483994 0.306188 0.234453 0.0410982 0.148102 0.136478 0.0272058 0.0278364 0.0106726 0.00652773 0.00355199 0.00242976 0.00175217 0.00140808 0.00133122 0.00122447 0.000414567
 2.56822e-27 2.6016e-27 4.42936e-26 8.80394e-20 2.15818e-14 6.39507e-10 2.29061e-06 0.000991746 0.0519044 0.328361 0.251388 0.0413349 0.138006 0.127075 0.0240873 0.0229974 0.00776157 0.00319909 0.00127844 0.000620861 0.000346207 0.000230828 0.000188709 0.000166862 5.89007e-05
 2.56867e-27 2.60278e-27 4.52788e-26 9.01176e-20 2.20912e-14 6.54603e-10 2.34468e-06 0.00101516 0.0531296 0.336112 0.257309 0.041497 0.135079 0.124297 0.0222102 0.0193976 0.00639345 0.00237736 0.000759139 0.000239826 8.54016e-05 4.04972e-05 2.61892e-05 2.08436e-05 7.3709e-06
 2.56807e-27 2.60116e-27 4.38466e-26 8.70962e-20 2.13506e-14 6.32656e-10 2.26607e-06 0.000981121 0.0513483 0.324844 0.248711 0.0419035 0.144214 0.132741 0.0239528 0.0212392 0.00683997 0.00228449 0.000691896 0.000185007 4.21458e-05 1.13489e-05 4.74039e-06 3.04974e-06 1.03657e-06
 2.56609e-27 2.5958e-27 3.91166e-26 7.71179e-20 1.89045e-14 5.60175e-10 2.00645e-06 0.000868717 0.0454655 0.287628 0.220314 0.0431989 0.174023 0.160273 0.0292706 0.0264446 0.00854142 0.00288228 0.00083786 0.000202106 3.97384e-05 6.71135e-06 1.35715e-06 5.56475e-07 1.70262e-07
 2.56749e-27 2.59967e-27 4.26102e-26 8.44882e-20 2.07113e-14 6.13712e-10 2.19821e-06 0.000951742 0.0498108 0.315117 0.241278 0.0415817 0.146987 0.135455 0.0272623 0.0281171 0.00912847 0.00312884 0.000914796 0.000219291 3.94939e-05 5.5853e-06 6.24704e-07 1.08442e-07 2.53389e-08
 2.56953e-27 2.60512e-27 4.73831e-26 9.45568e-20 2.31795e-14 6.86849e-10 2.46018e-06 0.00106516 0.0557468 0.35267 0.269939 0.0406608 0.119842 0.110282 0.0205303 0.0191055 0.00647076 0.0026576 0.000795368 0.000193468 3.48436e-05 4.60087e-06 4.02592e-07 2.91992e-08 3.42402e-09
 2.5692e-27 2.60416e-27 4.64601e-26 9.26094e-20 2.27021e-14 6.72704e-10 2.40951e-06 0.00104323 0.0545987 0.345406 0.264406 0.0415398 0.130419 0.119913 0.0199061 0.015236 0.00497285 0.0017904 0.000571271 0.000160935 2.98202e-05 3.95209e-06 3.21623e-07 1.54386e-08 6.51853e-10
 2.56799e-27 2.6009e-27 4.35957e-26 8.65669e-20 2.12208e-14 6.28811e-10 2.2523e-06 0.000975158 0.0510363 0.32287 0.247207 0.0421479 0.14713 0.135402 0.0238971 0.0204284 0.00638027 0.00181817 0.000533257 0.000138866 2.91033e-05 4.18372e-06 3.42637e-07 1.47179e-08 3.24209e-10
 2.56817e-27 2.6014e-27 4.40665e-26 8.75601e-20 2.14643e-14 6.36026e-10 2.27814e-06 0.000986346 0.0516218 0.326574 0.250031 0.041833 0.14275 0.131395 0.0238174 0.0212658 0.006798 0.00217718 0.000595649 0.000125281 2.35807e-05 3.56901e-06 3.24317e-07 1.40467e-08 2.55609e-10
 2.56896e-27 2.60356e-27 4.59612e-26 9.15572e-20 2.24441e-14 6.6506e-10 2.38213e-06 0.00103137 0.0539783 0.341482 0.261407 0.0413709 0.131241 0.120748 0.0214478 0.0185428 0.0059889 0.00202538 0.000580352 0.000130919 2.09798e-05 2.69037e-06 2.47219e-07 1.17598e-08 2.13874e-10
 2.56915e-27 2.60403e-27 4.63537e-26 9.2385e-20 2.26471e-14 6.71073e-10 2.40367e-06 0.0010407 0.0544664 0.344569 0.263766 0.0414776 0.130395 0.119918 0.020408 0.0163743 0.00523916 0.00170544 0.000496361 0.000118607 2.03586e-05 2.41959e-06 1.85167e-07 8.69938e-09 1.70334e-10
 2.56855e-27 2.6024e-27 4.489e-26 8.92972e-20 2.18901e-14 6.48643e-10 2.32333e-06 0.00100591 0.0526459 0.333053 0.254981 0.0420515 0.140934 0.129616 0.0216303 0.0167144 0.00524821 0.00155284 0.000440477 0.000102648 1.83575e-05 2.33032e-06 1.70832e-07 6.82075e-09 1.3012e-10
 2.56707e-27 2.59837e-27 4.13365e-26 8.18008e-20 2.00525e-14 5.94191e-10 2.12829e-06 0.000921469 0.0482264 0.305093 0.233648 0.0430441 0.163477 0.150436 0.025651 0.0206425 0.00643028 0.00180838 0.000493016 0.000105596 1.82566e-05 2.35762e-06 1.83496e-07 7.06459e-09 1.17735e-10
 2.56751e-27 2.59962e-27 4.2492e-26 8.42387e-20 2.06501e-14 6.119e-10 2.19172e-06 0.000948932 0.0496637 0.314186 0.240579 0.0422493 0.152559 0.140464 0.0257442 0.0233717 0.00735112 0.00215871 0.000582256 0.000118213 1.89753e-05 2.30684e-06 1.80428e-07 7.27704e-09 1.17032e-10
 2.5684e-27 2.60201e-27 4.45749e-26 8.86326e-20 2.17272e-14 6.43816e-10 2.30604e-06 0.000998428 0.0522541 0.330574 0.253087 0.0419091 0.141182 0.129892 0.0225431 0.0187393 0.00605425 0.00205322 0.000571009 0.000119599 1.85532e-05 2.09324e-06 1.52345e-07 6.12061e-09 1.01641e-10
 2.5686e-27 2.60255e-27 4.50279e-26 8.95882e-20 2.19615e-14 6.50757e-10 2.3309e-06 0.00100919 0.0528175 0.334138 0.255809 0.0419534 0.139606 0.128402 0.0216245 0.0170092 0.00537493 0.00164473 0.000475793 0.000112755 1.82313e-05 2.04036e-06 1.38051e-07 5.1548e-09 8.47055e-11
 2.56886e-27 2.60323e-27 4.56243e-26 9.08464e-20 2.22699e-14 6.59897e-10 2.36364e-06 0.00102337 0.0535593 0.338831 0.25939 0.0418197 0.136073 0.125135 0.0209217 0.0162241 0.00506501 0.00144872 0.000400258 8.85977e-05 1.56686e-05 1.90514e-06 1.29576e-07 4.53059e-09 6.94227e-11
 2.5691e-27 2.60386e-27 4.61595e-26 9.19751e-20 2.25466e-14 6.68096e-10 2.39301e-06 0.00103608 0.0542247 0.343041 0.262606 0.0419063 0.134473 0.123602 0.0196336 0.0136689 0.00423746 0.00117578 0.000316424 6.53505e-05 1.07783e-05 1.3468e-06 1.00751e-07 3.58041e-09 5.18082e-11
 2.56943e-27 2.60475e-27 4.69534e-26 9.365e-20 2.29572e-14 6.80262e-10 2.43658e-06 0.00105495 0.0552122 0.349287 0.267371 0.0416117 0.128882 0.11846 0.0190348 0.0135926 0.0041386 0.00102082 0.000267643 5.34983e-05 8.34401e-06 9.66376e-07 7.22611e-08 2.78737e-09 4.1268e-11
 2.56947e-27 2.60488e-27 4.70595e-26 9.38738e-20 2.3012e-14 6.81887e-10 2.44241e-06 0.00105747 0.0553441 0.350122 0.268008 0.0415865 0.128244 0.117869 0.018888 0.0134081 0.00410317 0.00104585 0.000266228 4.80094e-05 7.19554e-06 7.89837e-07 5.47052e-08 2.0898e-09 3.30027e-11
 2.56951e-27 2.60497e-27 4.7123e-26 9.40077e-20 2.30449e-14 6.8286e-10 2.44589e-06 0.00105898 0.0554231 0.350621 0.268391 0.0417147 0.12895 0.118486 0.0183761 0.0120838 0.00368245 0.000922671 0.000236462 4.3378e-05 6.05851e-06 6.14761e-07 4.01454e-08 1.42641e-09 2.22338e-11
 2.56968e-27 2.60541e-27 4.75219e-26 9.48493e-20 2.32512e-14 6.88974e-10 2.46779e-06 0.00106846 0.0559192 0.35376 0.270786 0.0415707 0.126171 0.11593 0.0180662 0.0120179 0.00361958 0.000833935 0.000209892 3.80425e-05 5.37674e-06 5.26764e-07 3.14447e-08 1.04111e-09 1.51746e-11
 2.56997e-27 2.60621e-27 4.82204e-26 9.63228e-20 2.36124e-14 6.99677e-10 2.50613e-06 0.00108506 0.056788 0.359256 0.274979 0.0413775 0.121755 0.111851 0.0172695 0.0112282 0.00338606 0.000789315 0.00019459 3.27619e-05 4.52908e-06 4.43385e-07 2.58454e-08 7.86711e-10 1.05991e-11
 2.56978e-27 2.60566e-27 4.77183e-26 9.52636e-20 2.33527e-14 6.91983e-10 2.47857e-06 0.00107312 0.0561635 0.355305 0.271967 0.0416807 0.126179 0.115897 0.0173417 0.0103729 0.00310891 0.000702072 0.000172704 2.91659e-05 3.8384e-06 3.56639e-07 2.05664e-08 6.10978e-10 7.62854e-12
 2.56977e-27 2.60566e-27 4.77268e-26 9.52815e-20 2.33571e-14 6.92113e-10 2.47903e-06 0.00107333 0.056174 0.355372 0.272017 0.041608 0.12559 0.115372 0.0175834 0.0110539 0.00328024 0.000678902 0.0001631 2.68165e-05 3.52275e-06 3.18272e-07 1.7305e-08 5.02214e-10 6.10115e-12
 2.56936e-27 2.60455e-27 4.67506e-26 9.32221e-20 2.28523e-14 6.77154e-10 2.42545e-06 0.00105013 0.0549599 0.347691 0.266156 0.0418686 0.131691 0.121009 0.0187052 0.0121948 0.0036481 0.000799533 0.000190025 2.88975e-05 3.67148e-06 3.26201e-07 1.7346e-08 4.77076e-10 5.60942e-12
#obs catch len freq
 1.63469e-41 2.26885e-33 3.80646e-26 7.71943e-20 1.89233e-14 5.60731e-10 2.00845e-06 0.000869588 0.0455108 0.287915 0.220591 0.0443167 0.1652 0.140399 0.0433468 0.0351653 0.0116203 0.00404184 0.000895568 0.000119785 7.05199e-06 1.31619e-07 5.75381e-10 4.71787e-13 6.27878e-17
 1.65328e-41 2.29465e-33 3.84975e-26 7.80721e-20 1.91385e-14 5.67107e-10 2.03129e-06 0.000879477 0.0460283 0.291189 0.223154 0.0463695 0.167609 0.134899 0.0427131 0.0325785 0.0104157 0.00338718 0.000689737 8.09852e-05 3.94825e-06 5.74523e-08 1.87338e-10 1.11575e-13 1.06265e-17
 1.91925e-41 2.6638e-33 4.46907e-26 9.06319e-20 2.22173e-14 6.5834e-10 2.35807e-06 0.00102096 0.0534331 0.338033 0.258931 0.0458139 0.133974 0.101818 0.0332045 0.0237219 0.00735924 0.00223003 0.000414135 4.2225e-05 1.69263e-06 1.91658e-08 4.66329e-11 2.01838e-14 1.37613e-18
 1.94395e-41 2.69808e-33 4.52658e-26 9.17982e-20 2.25032e-14 6.66812e-10 2.38841e-06 0.0010341 0.0541207 0.342384 0.262348 0.0490211 0.142066 0.10061 0.0262255 0.0158254 0.00477106 0.00134485 0.000226822 1.98903e-05 6.4895e-07 5.69149e-09 1.03363e-11 3.25812e-15 1.59345e-19
 1.98911e-41 2.76076e-33 4.63174e-26 9.39308e-20 2.3026e-14 6.82303e-10 2.4439e-06 0.00105812 0.055378 0.350338 0.268492 0.0506582 0.138427 0.0921923 0.025311 0.0139751 0.0032697 0.000771692 0.000117302 8.7896e-06 2.31356e-07 1.56105e-09 2.11134e-12 4.85236e-16 1.70672e-20
 1.79923e-41 2.49721e-33 4.18959e-26 8.49641e-20 2.08279e-14 6.1717e-10 2.2106e-06 0.000957115 0.0500916 0.316896 0.243184 0.0574329 0.174277 0.108684 0.0294494 0.0149175 0.00337762 0.00065226 7.51825e-05 4.63734e-06 9.7767e-08 5.04733e-10 5.06549e-13 8.47846e-17 2.14667e-21
 1.50302e-41 2.08609e-33 3.49985e-26 7.09762e-20 1.7399e-14 5.15563e-10 1.84666e-06 0.000799542 0.0418448 0.264726 0.203677 0.0660708 0.218714 0.130054 0.0457457 0.0226862 0.00477197 0.000827468 7.73074e-05 3.45704e-06 5.50178e-08 2.1517e-10 1.59788e-13 1.94447e-17 3.54142e-22
 2.13399e-41 2.96184e-33 4.96909e-26 1.00772e-19 2.47031e-14 7.31999e-10 2.6219e-06 0.00113519 0.0594115 0.375856 0.288137 0.051969 0.108916 0.0630539 0.0312844 0.0157019 0.00384667 0.000633748 5.04862e-05 1.72634e-06 1.92314e-08 5.35021e-11 2.88605e-14 2.54462e-18 3.33119e-23
 2.0285e-41 2.81543e-33 4.72347e-26 9.5791e-20 2.3482e-14 6.95815e-10 2.4923e-06 0.00107908 0.0564747 0.357279 0.274351 0.0624436 0.146987 0.0737321 0.0173792 0.00750256 0.00232266 0.000413441 3.21269e-05 8.94638e-07 7.278e-09 1.38837e-11 5.14121e-15 3.1821e-19 2.96045e-24
 2.06385e-41 2.86449e-33 4.80577e-26 9.746e-20 2.38912e-14 7.07939e-10 2.53572e-06 0.00109788 0.0574587 0.363505 0.279241 0.0638407 0.139036 0.0667268 0.0205622 0.00711529 0.00118988 0.000206413 1.72552e-05 4.43689e-07 2.86092e-09 3.91719e-12 9.92252e-16 4.15508e-20 2.64377e-25
 1.77551e-41 2.46429e-33 4.13436e-26 8.3844e-20 2.05534e-14 6.09034e-10 2.18146e-06 0.000944497 0.0494312 0.312725 0.241221 0.0796769 0.192812 0.0863992 0.0263366 0.00875389 0.00152102 0.000165617 1.05499e-05 2.60687e-07 1.47571e-09 1.58295e-12 2.90258e-16 8.42704e-21 3.64812e-26
 2.07216e-41 2.87602e-33 4.82512e-26 9.78525e-20 2.39874e-14 7.1079e-10 2.54594e-06 0.0011023 0.0576901 0.364971 0.280781 0.068617 0.131954 0.059328 0.0258976 0.00817295 0.00134228 0.000134823 5.97808e-06 1.02992e-07 4.89956e-10 4.4033e-13 6.33024e-17 1.36e-21 4.189e-27
 1.90059e-41 2.63789e-33 4.42561e-26 8.97505e-20 2.20013e-14 6.51938e-10 2.33514e-06 0.00101103 0.0529135 0.334759 0.258614 0.0846551 0.171757 0.06746 0.0207781 0.00661539 0.00130814 0.00012173 4.57635e-06 5.5514e-08 1.77277e-10 1.19568e-13 1.35988e-17 2.28046e-22 5.30884e-28
 1.97357e-41 2.73918e-33 4.59555e-26 9.31967e-20 2.28461e-14 6.76971e-10 2.4248e-06 0.00104986 0.0549452 0.347615 0.268596 0.0835418 0.152228 0.0605063 0.0241858 0.00625504 0.000975923 9.51678e-05 3.36477e-06 3.27292e-08 7.3934e-11 3.31642e-14 2.60787e-18 3.20636e-23 5.63282e-29
 1.68198e-41 2.33448e-33 3.91657e-26 7.94273e-20 1.94707e-14 5.76951e-10 2.06655e-06 0.000894743 0.0468273 0.296271 0.23106 0.108245 0.205516 0.0753152 0.027345 0.00728501 0.00114881 8.71237e-05 2.74806e-06 2.37855e-08 4.24154e-11 1.36836e-14 7.30438e-19 6.01881e-24 7.24749e-30
 1.54701e-41 2.14714e-33 3.60228e-26 7.30534e-20 1.79082e-14 5.30652e-10 1.90071e-06 0.000822942 0.0430695 0.272508 0.213958 0.117674 0.212612 0.0864205 0.0414457 0.0099273 0.00145343 0.000104191 2.62282e-06 1.82423e-08 2.69223e-11 6.83497e-15 2.69503e-19 1.56482e-24 1.28939e-30
 1.78738e-41 2.48076e-33 4.16199e-26 8.44043e-20 2.06907e-14 6.13104e-10 2.19604e-06 0.000950809 0.0497616 0.314845 0.245959 0.105749 0.165269 0.0696293 0.0361288 0.0100494 0.0015559 9.80561e-05 2.12964e-06 1.16596e-08 1.30606e-11 2.56616e-15 7.82566e-20 3.42597e-25 2.06345e-31
 1.75073e-41 2.42989e-33 4.07665e-26 8.26736e-20 2.02665e-14 6.00533e-10 2.15101e-06 0.000931313 0.0487413 0.308408 0.242686 0.12168 0.1789 0.0632251 0.0264521 0.00760444 0.00128636 8.2814e-05 1.55002e-06 6.84936e-09 5.90469e-12 8.60107e-16 1.93583e-20 6.31341e-26 2.84221e-32
 1.76834e-41 2.45434e-33 4.11767e-26 8.35055e-20 2.04704e-14 6.06575e-10 2.17265e-06 0.000940684 0.0492317 0.311526 0.246111 0.126412 0.171114 0.0625501 0.025456 0.00572525 0.000873305 5.67129e-05 1.00077e-06 3.70812e-09 2.49446e-12 2.74474e-16 4.55704e-21 1.0795e-26 3.51544e-33
 1.73476e-41 2.40773e-33 4.03946e-26 8.19194e-20 2.00816e-14 5.95054e-10 2.13139e-06 0.000922817 0.0482967 0.305636 0.243391 0.137614 0.173326 0.0613481 0.0237095 0.00508956 0.000628341 3.38546e-05 5.40047e-07 1.75513e-09 9.66284e-13 8.22121e-17 1.02196e-21 1.78175e-27 4.22119e-34
 1.82312e-41 2.53038e-33 4.24523e-26 8.60924e-20 2.11045e-14 6.25366e-10 2.23996e-06 0.000969825 0.050757 0.321219 0.255995 0.135247 0.154167 0.0560391 0.0209657 0.00416327 0.000455013 1.94166e-05 2.42145e-07 6.47302e-10 2.94023e-13 2.00421e-17 1.92796e-22 2.52875e-28 4.42195e-35
 1.7831e-41 2.47482e-33 4.15203e-26 8.42024e-20 2.06412e-14 6.11637e-10 2.19078e-06 0.000948534 0.0496427 0.314214 0.253202 0.149225 0.158028 0.0529548 0.0180093 0.00342928 0.000332359 1.16806e-05 1.10921e-07 2.2135e-10 7.70111e-14 4.09484e-18 3.06913e-23 3.09785e-29 4.10294e-36
 1.79381e-41 2.48969e-33 4.17697e-26 8.47082e-20 2.07652e-14 6.15311e-10 2.20395e-06 0.000954232 0.0499411 0.316144 0.256512 0.153581 0.150513 0.0525532 0.0167582 0.00279501 0.000238687 7.01628e-06 5.18966e-08 7.67111e-11 1.93693e-14 7.52229e-19 4.18097e-24 3.16464e-30 3.15557e-37
 1.79313e-41 2.48875e-33 4.1754e-26 8.46762e-20 2.07574e-14 6.15079e-10 2.20311e-06 0.000953872 0.0499223 0.316086 0.258974 0.161152 0.145861 0.0496051 0.0149365 0.00233504 0.000168119 4.03174e-06 2.35068e-08 2.62131e-11 4.83642e-15 1.34843e-19 5.35268e-25 2.90435e-31 2.09219e-38
 1.81747e-41 2.52253e-33 4.23206e-26 8.58254e-20 2.10391e-14 6.23426e-10 2.23301e-06 0.000966817 0.0506 0.320441 0.264596 0.164809 0.137575 0.0462206 0.0128383 0.00183363 0.000114957 2.21828e-06 9.97232e-09 8.41061e-12 1.14973e-15 2.33125e-20 6.64107e-26 2.56502e-32 1.3104e-39
 1.75647e-41 2.43786e-33 4.09002e-26 8.29449e-20 2.03329e-14 6.02502e-10 2.15807e-06 0.000934369 0.0489021 0.309819 0.260907 0.179539 0.140516 0.0459892 0.0117872 0.00152135 8.15826e-05 1.28121e-06 4.44041e-09 2.79414e-12 2.81291e-16 4.16782e-21 8.6069e-27 2.39122e-33 8.73031e-41
 1.6708e-41 2.31896e-33 3.89054e-26 7.88994e-20 1.93413e-14 5.73117e-10 2.05281e-06 0.000888797 0.0465177 0.294894 0.254774 0.194919 0.145557 0.0492589 0.0117717 0.00135505 6.13929e-05 7.75563e-07 2.08005e-09 9.8191e-13 7.25603e-17 7.80153e-22 1.16325e-27 2.32724e-34 6.10325e-42
 1.66716e-41 2.31391e-33 3.88207e-26 7.87276e-20 1.92991e-14 5.71869e-10 2.04834e-06 0.000886862 0.046417 0.294406 0.257888 0.197344 0.140326 0.0499224 0.011544 0.00121731 4.62687e-05 4.65044e-07 9.5786e-10 3.39199e-13 1.84928e-17 1.44843e-22 1.55905e-28 2.23884e-35 4.20159e-43
#spawning biomass
 6390.95 6853.25 7826.5 10425 15310 17102.5 16175.1 21938.1 33849.7 51394.3 60641.3 75469.4 101787 124489 123125 105363 92296.5 93335.2 96711.1 88785.9 93557.4 107494 108388 113262 121792 121361 123414 135733 182076 312452 340474 324840 288166 245798 206299 173277 147432 128071 114002 104000 97004.9 92167 88829.3 86523.2 84993.4 83978.5 83305.2 82858.6 82562.3 82365.7 82235.3 82148.8 82091.4 82053.3 82028 82011.3 82000.2 81992.8 81987.9 81984.6 81982.5 81981.1 81980.1 81979.5 81979.1 81978.8 81978.6 81978.5 81978.4 81978.3 81978.3 81978.3 81978.3 81978.3 81978.3 81978.2 81978.2 81978.2 81978.2 81978.2 81978.2 81978.2 81978.2 81978.2 81978.2 81978.2 81978.2 81978.2 81978.2 81978.2 81978.2 81978.2 81978.2 81978.2 81978.2 81978.2 81978.2 81978.2 81978.2 81978.2 81978.2 81978.2 81978.2 81978.2 81978.2 81978.2 81978.2 81978.2 81978.2 81978.2 81978.2 81978.2 81978.2 81978.2 81978.2 81978.2 81978.2 81978.2 81978.2 81978.2 81978.2 81978.2 81978.2 81978.2 81978.2 81978.2 81978.2 81978.2 0 0 0 0 0 0 0 0 0 0 0 0 0 0 0 0 0 0 0 0 0 0 0 0 0
