SBPRF35
0.256306
Curr Bio
169044
B35
187440
F35
0.384379
FOFL
0.352326
OFL
59046
Bzero
73230.3
#pred survey bio
 28829.3 25792.7 20441.9 17807.8 26458.5 39444.7 49115.1 59313.8 79153 112741 145701 169082 196170 237837 239710 226648 205241 204562 190759 203222 211407 190416 194786 209160 216537 232168 233377 242291 249883 8.87377e+06 4.70584e+06 3.41525e+06 2.35414e+06 1.65813e+06 1.24896e+06 1.02152e+06 898230 831722 795500 775378 763903 757166 753096 750570 748966 747936 747265 746822 746529 746333 746201 746113 746053 746013 745986 745968 745955 745947 745941 745937 745935 745933 745932 745931 745930 745930 745930 745930 745930 745929 745929 745929 745929 745929 745929 745929 745929 745929 745929 745929 745929 745929 745929 745929 745929 745929 745929 745929 745929 745929 745929 745929 745929 745929 745929 745929 745929 745929 745929 745929 745929 745929 745929 745929 745929 745929 745929 745929 745929 745929 745929 745929 745929 745929 745929 745929 745929 745929 745929 745929 745929 745929 745929 745929 745929 745929 745929 745929 745929 0 0 0 0 0 0 0 0 0 0 0 0 0 0 0 0 0 0 0 0 0 0 0 0 0
#obs survey bio
 26641.5 21921.4 18119.3 21903.7 30308 39038.3 44659.1 55683.6 105209 125995 146014 176573 174394 310087 230864 229688 212526 185111 233083 249009 152065 214268 212490 189868 159231 187562 230349 180894 260184
#pred catch bio
 3981.17 3963.48 3842.77 2782.78 4769.89 9832.36 13154.1 13951.6 15392.4 32200.1 51999.2 63763.8 67243 96944.1 100713 101406 81510.2 85439 67018.1 76637.3 96508.6 75753.1 76670.9 88285.3 83620.4 92537.7 87399.1 92545.2 96913.5 59046 58182.1 40827.5 27075.1 18378.1 13487.5 10920.6 9630.29 8999.59 8697.02 8553.68 8486.35 8454.92 8440.3 8433.51 8430.38 8428.93 8428.26 8427.95 8427.81 8427.75 8427.72 8427.7 8427.7 8427.7 8427.69 8427.69 8427.69 8427.69 8427.69 8427.69 8427.69 8427.69 8427.69 8427.69 8427.69 8427.69 8427.69 8427.69 8427.69 8427.69 8427.69 8427.69 8427.69 8427.69 8427.69 8427.69 8427.69 8427.69 8427.69 8427.69 8427.69 8427.69 8427.69 8427.69 8427.69 8427.69 8427.69 8427.69 8427.69 8427.69 8427.69 8427.69 8427.69 8427.69 8427.69 8427.69 8427.69 8427.69 8427.69 8427.69 8427.69 8427.69 8427.69 8427.69 8427.69 8427.69 8427.69 8427.69 8427.69 8427.69 8427.69 8427.69 8427.69 8427.69 8427.69 8427.69 8427.69 8427.69 8427.69 8427.69 8427.69 8427.69 8427.69 8427.69 8427.69 8427.69 8427.69 8427.69 8427.69 0 0 0 0 0 0 0 0 0 0 0 0 0 0 0 0 0 0 0 0 0 0 0 0 0
#obs catch bio
 3633.97 4096.05 4087.72 2756.41 4633.17 9564.21 12994.7 13701.6 14217.9 30693 50442.3 61632.9 65730 93585.6 101266 103461 78633.3 86269.9 66911.2 76649.1 101422 73597.1 75788.2 89695.2 85316.4 95538.6 85570.5 93017.7 96973.1
#pred cpue bio
 27753.5 25402.5 20250.5 16986.4 23935.8 36459.3 45830.3 55134.6 73112.2 104326 133929 155339 179416 218502 221686 210216 189607 189556 177194 188599 195454 175635 179927 192077 198585 214266 216140 224561 231178 8.21909e+06 4.67073e+06 3.38013e+06 2.31903e+06 1.62301e+06 1.21385e+06 986404 863115 796608 760385 740263 728788 722052 717981 715456 713851 712821 712150 711708 711414 711218 711087 710998 710939 710898 710871 710853 710841 710832 710827 710823 710820 710818 710817 710816 710816 710815 710815 710815 710815 710815 710815 710815 710815 710815 710815 710815 710815 710815 710815 710815 710815 710815 710815 710815 710815 710815 710815 710815 710815 710815 710815 710815 710815 710815 710815 710815 710815 710815 710815 710815 710815 710815 710815 710815 710815 710815 710815 710815 710815 710815 710815 710815 710815 710815 710815 710815 710815 710815 710815 710815 710815 710815 710815 710815 710815 710815 710815 710815 710815 0 0 0 0 0 0 0 0 0 0 0 0 0 0 0 0 0 0 0 0 0 0 0 0 0
#obs cpue bio
 23767.6 14749.5 15417.2 29572 34188.8 42776.6 42088.5 68467.2 124876 82155.3 121498 174539 185493 229675 177742 194174 246802 179051 133432 159135 211806 213264 158114 189644 224403 237680 293425 261593 229997
#pred surv len freq
 2.60176e-11 1.22374e-09 3.98566e-08 8.98865e-07 1.40371e-05 0.000151792 0.00113662 0.00589403 0.0211719 0.0527426 0.0915319 0.112609 0.104518 0.0865547 0.07873 0.0768559 0.0708851 0.0618822 0.0535161 0.045948 0.0391638 0.0335051 0.028096 0.02145 0.0136424
 1.27165e-11 5.98123e-10 1.94805e-08 4.39334e-07 6.86087e-06 7.4192e-05 0.000555589 0.00288179 0.0103623 0.025919 0.0456979 0.0595974 0.0661267 0.0770401 0.0955475 0.106979 0.102486 0.0901274 0.0779059 0.0662812 0.0548288 0.0442064 0.0343032 0.0243675 0.0147041
 9.34769e-12 4.39671e-10 1.43198e-08 3.22947e-07 5.0433e-06 5.45369e-05 0.00040839 0.00211806 0.00761291 0.0190109 0.0333071 0.0424759 0.044365 0.0477611 0.0594972 0.0764324 0.0938111 0.107583 0.111094 0.101935 0.0853049 0.0669363 0.0491567 0.0326326 0.0184977
 3.29037e-11 1.54763e-09 5.04054e-08 1.13677e-06 1.77522e-05 0.000191965 0.0014374 0.00745302 0.0267615 0.0665637 0.114812 0.137926 0.11741 0.0755691 0.0448298 0.0336573 0.0347242 0.0422269 0.0522846 0.0594868 0.0591093 0.0506939 0.0376851 0.0241616 0.0129968
 4.38544e-11 2.0627e-09 6.71808e-08 1.51509e-06 2.36604e-05 0.000255853 0.00191579 0.00993364 0.0356706 0.0887423 0.153196 0.184646 0.159087 0.106166 0.0663088 0.0456643 0.0318705 0.0210285 0.0157563 0.0157113 0.0173657 0.0173318 0.0144031 0.00970383 0.00521641
 3.58922e-11 1.6882e-09 5.49835e-08 1.24002e-06 1.93646e-05 0.000209402 0.001568 0.00813083 0.0292046 0.072733 0.126084 0.154448 0.141136 0.111879 0.0942435 0.0828091 0.0639094 0.0411462 0.0238683 0.01424 0.010056 0.00857512 0.00736266 0.00534515 0.00303176
 3.35925e-11 1.58003e-09 5.14606e-08 1.16056e-06 1.81239e-05 0.000195985 0.00146753 0.00760984 0.0273332 0.0680705 0.11799 0.144488 0.131937 0.104672 0.0894516 0.0826373 0.0713281 0.0554247 0.0394498 0.0252329 0.014459 0.00812933 0.00503028 0.00324035 0.00183293
 3.51401e-11 1.65282e-09 5.38313e-08 1.21403e-06 1.89588e-05 0.000205013 0.00153513 0.00796024 0.0285898 0.0711808 0.123251 0.150312 0.13527 0.103169 0.0832612 0.0742556 0.0638602 0.0511426 0.0393729 0.0285206 0.0184759 0.0104864 0.00535002 0.00258769 0.00119338
 3.67955e-11 1.73068e-09 5.63673e-08 1.27122e-06 1.9852e-05 0.000214671 0.00160745 0.00833516 0.0299355 0.0745224 0.128977 0.157011 0.140373 0.105041 0.0820472 0.070877 0.0590232 0.0455286 0.034203 0.0251397 0.0172761 0.0106202 0.0056582 0.00257834 0.00101043
 3.60861e-11 1.69732e-09 5.52805e-08 1.24671e-06 1.94692e-05 0.000210532 0.00157646 0.00817454 0.0293595 0.0730979 0.126574 0.154383 0.138976 0.105998 0.0851805 0.0747045 0.061853 0.046607 0.0337942 0.0239959 0.0162069 0.0100843 0.00556936 0.00261826 0.00101454
 3.77691e-11 1.77648e-09 5.78588e-08 1.30486e-06 2.03773e-05 0.000220351 0.00164998 0.00855568 0.030727 0.0764889 0.132353 0.16099 0.143506 0.106479 0.082008 0.0700225 0.0577394 0.0437475 0.0317477 0.0222304 0.0146202 0.00886341 0.00484062 0.00229048 0.000899053
 3.75923e-11 1.76816e-09 5.75879e-08 1.29875e-06 2.02819e-05 0.00021932 0.00164226 0.00851568 0.0305841 0.0761397 0.131794 0.160526 0.14378 0.108093 0.0848014 0.0727375 0.0589197 0.0430776 0.0301121 0.0206046 0.0133802 0.0079949 0.00428467 0.00199442 0.000776602
 3.86135e-11 1.8162e-09 5.91523e-08 1.33403e-06 2.08328e-05 0.000225278 0.00168687 0.00874694 0.0314138 0.0781973 0.1353 0.164534 0.146527 0.108389 0.082916 0.0700262 0.0566645 0.0415943 0.0289644 0.0194269 0.0122299 0.00708689 0.00370696 0.00169291 0.000648957
 3.73918e-11 1.75873e-09 5.72808e-08 1.29182e-06 2.01737e-05 0.00021815 0.0016335 0.0084703 0.0304214 0.0757384 0.131123 0.159822 0.143511 0.108656 0.086175 0.0744266 0.0603115 0.0438223 0.0301458 0.0200457 0.0125001 0.0071167 0.00362715 0.0016107 0.000602496
 3.57485e-11 1.68144e-09 5.47634e-08 1.23505e-06 1.92871e-05 0.000208563 0.00156172 0.00809815 0.029086 0.0724247 0.125463 0.153284 0.138808 0.107587 0.0884849 0.0785746 0.0648427 0.0479499 0.0334594 0.0223256 0.0138262 0.00777511 0.00390052 0.00169809 0.00062073
 3.51951e-11 1.65541e-09 5.39156e-08 1.21593e-06 1.89885e-05 0.000205334 0.00153754 0.00797279 0.0286357 0.0713039 0.123523 0.150924 0.136709 0.106074 0.0875268 0.078316 0.0656415 0.0498336 0.0358933 0.0246052 0.0155131 0.00879072 0.00439832 0.00189431 0.000681595
 3.63776e-11 1.71103e-09 5.57271e-08 1.25678e-06 1.96265e-05 0.000212233 0.00158919 0.00824056 0.0295964 0.0736856 0.127577 0.155539 0.139799 0.106183 0.0848511 0.0743069 0.0618002 0.0469267 0.0341026 0.0238374 0.0154402 0.00899037 0.00458876 0.00199491 0.000717409
 3.5483e-11 1.66895e-09 5.43566e-08 1.22588e-06 1.91438e-05 0.000207014 0.00155012 0.00803799 0.0288698 0.0718857 0.124524 0.15211 0.137663 0.106533 0.0874499 0.0776664 0.0643681 0.0481755 0.0344617 0.0239225 0.0155839 0.00922685 0.00481843 0.00214258 0.000783767
 3.48958e-11 1.64133e-09 5.34571e-08 1.20559e-06 1.8827e-05 0.000203588 0.00152446 0.007905 0.0283924 0.0706997 0.122488 0.14971 0.135776 0.105699 0.0876265 0.0786206 0.0659367 0.0500881 0.0362234 0.0251381 0.0162508 0.00957354 0.00502061 0.00226205 0.000842184
 3.53263e-11 1.66158e-09 5.41167e-08 1.22047e-06 1.90593e-05 0.0002061 0.00154327 0.00800247 0.0287419 0.0715633 0.123939 0.151275 0.136526 0.104902 0.0854113 0.0760264 0.0641467 0.0495562 0.0366323 0.0259237 0.0169796 0.0100578 0.00527647 0.00237903 0.00089028
 3.63165e-11 1.70816e-09 5.56335e-08 1.25467e-06 1.95935e-05 0.000211877 0.00158653 0.00822672 0.0295467 0.073561 0.127357 0.15525 0.139474 0.105794 0.0843626 0.0737686 0.0613383 0.0466782 0.0341874 0.0242956 0.0161593 0.00974814 0.00518767 0.00235877 0.000886737
 3.66927e-11 1.72585e-09 5.62099e-08 1.26767e-06 1.97965e-05 0.000214072 0.00160296 0.00831196 0.0298529 0.0743248 0.128689 0.156914 0.141094 0.107254 0.0856631 0.0745624 0.0610635 0.0452058 0.032029 0.0221699 0.0145468 0.00877143 0.00471215 0.00217133 0.000826198
 3.62569e-11 1.70535e-09 5.55422e-08 1.25262e-06 1.95614e-05 0.000211529 0.00158392 0.00821326 0.0294988 0.0734464 0.12719 0.155192 0.139888 0.107074 0.0864787 0.0759951 0.0627091 0.0467149 0.0330555 0.022533 0.014407 0.00846786 0.00447849 0.00205641 0.000786431
 3.78022e-11 1.77804e-09 5.79095e-08 1.306e-06 2.03951e-05 0.000220545 0.00165143 0.0085632 0.0307542 0.0765586 0.132487 0.161217 0.143913 0.107204 0.0830472 0.0710555 0.0583418 0.0437595 0.0312988 0.021497 0.0137309 0.00797528 0.00413656 0.00186295 0.000703308
 3.791e-11 1.7831e-09 5.80745e-08 1.30972e-06 2.04532e-05 0.000221173 0.00165613 0.00858763 0.0308423 0.0767814 0.132896 0.161827 0.14481 0.108577 0.0848023 0.0724521 0.058473 0.0425059 0.0294402 0.0198849 0.0126806 0.00738323 0.00381994 0.00170353 0.000634066
 3.62703e-11 1.70598e-09 5.55627e-08 1.25308e-06 1.95686e-05 0.000211607 0.00158451 0.00821632 0.02951 0.0734773 0.127263 0.155374 0.140349 0.108032 0.0879049 0.0773856 0.063413 0.0464989 0.0321823 0.0214079 0.0133269 0.0075974 0.00388384 0.00172174 0.000637197
 3.55381e-11 1.67154e-09 5.44411e-08 1.22778e-06 1.91736e-05 0.000207336 0.00155252 0.00805048 0.0289146 0.0719965 0.124711 0.152317 0.137782 0.106506 0.0873721 0.0777999 0.0649257 0.0489897 0.0350004 0.0237894 0.0148955 0.00842051 0.00423265 0.00184361 0.000673083
 3.55243e-11 1.67089e-09 5.44199e-08 1.2273e-06 1.91661e-05 0.000207255 0.00155192 0.00804733 0.028903 0.0719653 0.12464 0.152153 0.137387 0.105693 0.0861438 0.0765361 0.0641611 0.0490125 0.0357463 0.0249557 0.0160746 0.00929324 0.00471819 0.00204923 0.000740094
 3.60616e-11 1.69617e-09 5.52431e-08 1.24587e-06 1.9456e-05 0.00021039 0.00157539 0.00816901 0.0293396 0.0730482 0.126487 0.154273 0.138868 0.105909 0.0851639 0.0748944 0.0623888 0.0474302 0.0345721 0.0243345 0.0159598 0.00945732 0.00492334 0.00217957 0.000794826
#obs surv len freq
 2.46881e-11 1.16121e-09 3.78198e-08 8.52933e-07 1.33198e-05 0.000144035 0.00107854 0.00559288 0.0200907 0.0500534 0.0868956 0.107052 0.0998396 0.0837312 0.0776257 0.0773278 0.0732766 0.0663898 0.0596588 0.0527013 0.0451185 0.0369751 0.0279763 0.018455 0.0100034
 9.81117e-16 4.62217e-14 1.51507e-12 3.50342e-11 6.00794e-10 8.80255e-09 1.34492e-07 2.10977e-06 2.772e-05 0.000267926 0.00182353 0.0086429 0.0285085 0.0658113 0.108066 0.131343 0.128371 0.113945 0.100305 0.0879146 0.0748117 0.0604779 0.0449123 0.0291436 0.0156267
 1.20069e-11 5.64744e-10 1.83934e-08 4.14817e-07 6.47795e-06 7.00495e-05 0.000524516 0.00271956 0.00976393 0.024274 0.0417908 0.0498646 0.0415801 0.0262852 0.0209269 0.0366343 0.0716639 0.108821 0.127549 0.123368 0.106286 0.084967 0.0621691 0.0397275 0.021008
 5.08868e-11 2.39347e-09 7.79537e-08 1.75805e-06 2.74545e-05 0.00029688 0.00222298 0.011526 0.0413827 0.102893 0.177215 0.211663 0.176082 0.103766 0.0460429 0.0183937 0.00928802 0.0083684 0.0118481 0.0165436 0.0188361 0.0173558 0.0132882 0.00850723 0.00445154
 3.50508e-11 1.64862e-09 5.36944e-08 1.21095e-06 1.89107e-05 0.000204493 0.00153125 0.00794048 0.028524 0.0710663 0.123391 0.152069 0.141869 0.118245 0.105389 0.0931771 0.0672302 0.0364744 0.0159447 0.00810641 0.00713907 0.00754834 0.00677368 0.00476523 0.0025915
 3.82803e-11 1.80052e-09 5.86417e-08 1.32252e-06 2.0653e-05 0.000223333 0.00167231 0.00867141 0.0311423 0.0775178 0.134101 0.162972 0.144825 0.106626 0.0815677 0.0705592 0.060334 0.0470735 0.0326411 0.0191765 0.00956649 0.00484684 0.00309658 0.00213336 0.00123091
 2.85852e-11 1.34451e-09 4.37898e-08 9.87571e-07 1.54224e-05 0.000166772 0.00124881 0.00647602 0.0232662 0.0579958 0.100894 0.125278 0.119903 0.106404 0.10342 0.100306 0.0842818 0.0620202 0.0435151 0.0295606 0.0181768 0.00961425 0.00448973 0.00203736 0.000929691
 4.13567e-11 1.94522e-09 6.33546e-08 1.42881e-06 2.23128e-05 0.000241281 0.00180669 0.00936796 0.0336403 0.0836998 0.144551 0.174516 0.151351 0.103484 0.0692998 0.0546584 0.0471682 0.0401286 0.0322637 0.0234817 0.0151103 0.00856116 0.00421565 0.00178017 0.000651011
 3.34948e-11 1.57543e-09 5.13109e-08 1.15719e-06 1.80712e-05 0.000195415 0.00146327 0.0075879 0.0272565 0.0678989 0.117827 0.144914 0.134283 0.110301 0.0974477 0.0883909 0.0699752 0.0476171 0.0312842 0.0216094 0.0148609 0.00924002 0.00489902 0.00215447 0.000775178
 4.18384e-11 1.96787e-09 6.40924e-08 1.44545e-06 2.25727e-05 0.000244091 0.00182773 0.00947714 0.0340332 0.0846858 0.146311 0.17691 0.154286 0.107271 0.0738279 0.0583338 0.0478186 0.0371209 0.0270042 0.0180637 0.0110374 0.00629528 0.00332172 0.00152907 0.000577262
 3.47757e-11 1.63568e-09 5.32731e-08 1.20144e-06 1.87623e-05 0.000202888 0.00151923 0.00787798 0.0282975 0.0704824 0.122244 0.150034 0.138035 0.111378 0.0962277 0.0863214 0.0682511 0.0462682 0.0295205 0.0190008 0.0119167 0.00683812 0.00346975 0.00152783 0.000568055
 4.0566e-11 1.90803e-09 6.21433e-08 1.40149e-06 2.18862e-05 0.000236668 0.00177215 0.00918904 0.0329998 0.0821259 0.141967 0.172031 0.151241 0.107767 0.0775758 0.063333 0.0519842 0.0396762 0.0282748 0.0185085 0.0109097 0.00584704 0.00285696 0.00123242 0.000448522
 3.66141e-11 1.72215e-09 5.60893e-08 1.26495e-06 1.97541e-05 0.000213613 0.00159953 0.00829424 0.0297906 0.0741815 0.128522 0.157094 0.142476 0.110774 0.0910734 0.0796206 0.063092 0.0436289 0.0285003 0.0184857 0.0114374 0.00637057 0.00309087 0.00128428 0.000449135
 3.74463e-11 1.7613e-09 5.73642e-08 1.29371e-06 2.02031e-05 0.000218468 0.00163588 0.00848263 0.0304656 0.0758461 0.131296 0.159969 0.143446 0.108232 0.0855526 0.074181 0.0609679 0.0451294 0.0311655 0.0201604 0.0119391 0.00642673 0.00310759 0.0013029 0.000454678
 3.33523e-11 1.56873e-09 5.10925e-08 1.15227e-06 1.79943e-05 0.000194583 0.00145704 0.00755554 0.0271395 0.0676008 0.117263 0.144004 0.132773 0.107839 0.0944636 0.0868016 0.0717983 0.0524057 0.036068 0.0238962 0.0146658 0.00804735 0.00386602 0.00159326 0.000549086
 3.53349e-11 1.66199e-09 5.41298e-08 1.22076e-06 1.9064e-05 0.00020615 0.00154365 0.00800441 0.0287489 0.07158 0.123965 0.15129 0.136494 0.104815 0.0853976 0.0764001 0.0651471 0.0508964 0.0375445 0.0258835 0.016164 0.00900903 0.00441085 0.00184328 0.00063704
 3.62967e-11 1.70722e-09 5.56031e-08 1.25399e-06 1.95829e-05 0.000211761 0.00158566 0.00822226 0.0295311 0.0735256 0.12732 0.155318 0.139894 0.106841 0.0859638 0.0752651 0.0619549 0.0462779 0.0332758 0.0233518 0.0152985 0.00896149 0.00454943 0.00194686 0.000683871
 3.40869e-11 1.60328e-09 5.22179e-08 1.17764e-06 1.83906e-05 0.000198869 0.00148913 0.00772186 0.0277359 0.0690753 0.119747 0.146709 0.134165 0.106733 0.0910587 0.0826988 0.0687455 0.0509942 0.0358697 0.0244245 0.0156719 0.00921678 0.00481112 0.00213748 0.000776822
 3.34266e-11 1.57223e-09 5.12063e-08 1.15483e-06 1.80344e-05 0.000195017 0.00146028 0.00757227 0.0271984 0.0677358 0.117418 0.143822 0.131432 0.104436 0.0892519 0.0819743 0.0699742 0.0541366 0.0396789 0.0275323 0.017566 0.0101562 0.00523991 0.00233654 0.000864813
 3.51653e-11 1.65401e-09 5.38699e-08 1.2149e-06 1.89725e-05 0.000205161 0.00153624 0.007966 0.028611 0.0712378 0.123379 0.150607 0.135974 0.104588 0.0852992 0.076047 0.0642984 0.0498953 0.0371807 0.0265747 0.0175303 0.0103766 0.00539223 0.00239693 0.000884755
 3.64515e-11 1.7145e-09 5.58402e-08 1.25934e-06 1.96664e-05 0.000212664 0.00159242 0.0082573 0.0296568 0.0738363 0.127844 0.155889 0.140194 0.106623 0.0852701 0.0744214 0.0612921 0.0458613 0.0329975 0.0232142 0.0154187 0.00932824 0.0049734 0.00225531 0.000841509
 3.5301e-11 1.66039e-09 5.40778e-08 1.21959e-06 1.90457e-05 0.000205952 0.00154217 0.0079968 0.0287224 0.071522 0.123919 0.151489 0.137477 0.107164 0.0888354 0.0792044 0.0653363 0.0482711 0.0338746 0.0230662 0.0148511 0.00882074 0.00470115 0.00216004 0.000820366
 3.61732e-11 1.70142e-09 5.5414e-08 1.24973e-06 1.95163e-05 0.000211041 0.00158027 0.0081943 0.0294308 0.0732768 0.126895 0.15483 0.139556 0.106819 0.0863246 0.0760311 0.0630477 0.0473111 0.0336631 0.0229049 0.0144853 0.00836635 0.00434296 0.00196453 0.000744089
 3.82826e-11 1.80063e-09 5.86454e-08 1.3226e-06 2.06543e-05 0.000223347 0.00167241 0.008672 0.031145 0.0775297 0.134158 0.163206 0.14554 0.108077 0.0832061 0.0706132 0.0573125 0.0422783 0.0297414 0.0202252 0.0128518 0.00741442 0.00380052 0.0016851 0.000626186
 3.57479e-11 1.68141e-09 5.47623e-08 1.23503e-06 1.92868e-05 0.000208559 0.00156169 0.00809804 0.0290862 0.0724293 0.1255 0.153469 0.139415 0.108928 0.0904279 0.0802118 0.0651113 0.0467128 0.0316011 0.020798 0.0129576 0.00740637 0.00377916 0.00166533 0.000612184
 3.45672e-11 1.62588e-09 5.29537e-08 1.19424e-06 1.86498e-05 0.000201671 0.00151011 0.00783062 0.028126 0.0700414 0.121385 0.148541 0.135288 0.106515 0.0897212 0.0812451 0.0681549 0.0513205 0.036298 0.0242204 0.014832 0.00823199 0.00409558 0.00177567 0.000646042
 3.48669e-11 1.63997e-09 5.34128e-08 1.20459e-06 1.88115e-05 0.00020342 0.0015232 0.00789845 0.028369 0.0706407 0.122382 0.149569 0.135609 0.105498 0.087422 0.0785492 0.0661778 0.0506769 0.0369502 0.0256544 0.0163202 0.00926227 0.00460671 0.00196541 0.000700941
 3.55964e-11 1.67428e-09 5.45303e-08 1.2298e-06 1.9205e-05 0.000207676 0.00155507 0.00806365 0.0289618 0.0721118 0.124896 0.152478 0.137716 0.106005 0.0864062 0.0766007 0.0638533 0.0483776 0.0350905 0.0245747 0.0160138 0.0093956 0.0048223 0.00209845 0.000751916
 3.53898e-11 1.66456e-09 5.42138e-08 1.22266e-06 1.90936e-05 0.00020647 0.00154604 0.00801689 0.0287943 0.0716984 0.124207 0.151761 0.137468 0.106636 0.0878333 0.0781601 0.0647732 0.0483851 0.0344706 0.023796 0.0154262 0.00911799 0.00477127 0.0021297 0.000781349
#pred catch len freq
 2.30288e-11 1.08317e-09 3.5278e-08 7.95607e-07 1.24246e-05 0.000134355 0.00100606 0.00521716 0.0187428 0.0467136 0.0812214 0.100643 0.0957124 0.0840051 0.0818392 0.0828269 0.0772317 0.0675839 0.0584691 0.0502026 0.0427904 0.0366077 0.0306977 0.0234363 0.0149057
 1.07635e-11 5.06262e-10 1.64886e-08 3.7186e-07 5.80717e-06 6.27979e-05 0.000470274 0.00243949 0.00877501 0.0219797 0.0389627 0.0517885 0.0604068 0.0754525 0.097707 0.111033 0.106777 0.0939762 0.081243 0.0691213 0.0571783 0.0461007 0.0357731 0.0254117 0.0153342
 7.85768e-12 3.69588e-10 1.20372e-08 2.7147e-07 4.23941e-06 4.5844e-05 0.000343301 0.0017806 0.00640159 0.016002 0.0281451 0.0364071 0.039639 0.045742 0.0599339 0.0783825 0.0965954 0.110849 0.114475 0.105038 0.0879017 0.0689739 0.0506532 0.033626 0.0190609
 2.98988e-11 1.4063e-09 4.58023e-08 1.03295e-06 1.61311e-05 0.000174434 0.00130614 0.00677246 0.0243185 0.0604941 0.104389 0.12563 0.107682 0.0710104 0.0447916 0.0361761 0.0385558 0.0471878 0.058469 0.0665267 0.0661047 0.0566934 0.042145 0.027021 0.0145349
 4.15447e-11 1.95406e-09 6.36426e-08 1.4353e-06 2.24142e-05 0.000242378 0.0018149 0.00941059 0.0337937 0.0840863 0.14525 0.175499 0.152605 0.104899 0.0696929 0.0509892 0.0365928 0.0243428 0.0182721 0.0182241 0.0201434 0.0201042 0.016707 0.011256 0.00605081
 3.31998e-11 1.56156e-09 5.0859e-08 1.147e-06 1.7912e-05 0.000193694 0.00145039 0.00752113 0.0270172 0.0673104 0.116854 0.143945 0.134108 0.111613 0.100144 0.0912745 0.0713084 0.0460544 0.0267336 0.0159513 0.0112646 0.00960575 0.00824756 0.00598757 0.00339614
 3.08768e-11 1.4523e-09 4.73004e-08 1.06674e-06 1.66587e-05 0.000180141 0.00134891 0.00699486 0.0251266 0.0625977 0.108658 0.133786 0.124497 0.103637 0.0943218 0.0903621 0.0789117 0.0614841 0.0437838 0.0280068 0.0160486 0.00902307 0.00558331 0.00359659 0.00203444
 3.23849e-11 1.52323e-09 4.96106e-08 1.11884e-06 1.74723e-05 0.000188939 0.00141478 0.0073363 0.026351 0.0656274 0.113776 0.139422 0.127614 0.10187 0.0877959 0.0816192 0.0711799 0.0571916 0.0440547 0.0319142 0.0206744 0.0117342 0.00598665 0.00289561 0.00133538
 3.40079e-11 1.59957e-09 5.20969e-08 1.17491e-06 1.8348e-05 0.000198408 0.00148568 0.00770388 0.0276703 0.0689042 0.119395 0.146013 0.132691 0.103868 0.0868312 0.078463 0.0663721 0.0513922 0.0386344 0.0283993 0.0195162 0.0119973 0.00639189 0.00291267 0.00114145
 3.34913e-11 1.57527e-09 5.13056e-08 1.15707e-06 1.80693e-05 0.000195394 0.00146311 0.00758695 0.0272512 0.0678691 0.117659 0.144166 0.131892 0.105052 0.0898573 0.0819872 0.0688056 0.0520165 0.0377394 0.0267993 0.0181005 0.0112625 0.00622009 0.00292417 0.00113308
 3.54341e-11 1.66665e-09 5.42817e-08 1.22419e-06 1.91175e-05 0.000206729 0.00154798 0.0080269 0.0288297 0.0717834 0.124329 0.151793 0.137123 0.105613 0.0862009 0.0765809 0.0640411 0.0486894 0.0353563 0.0247592 0.0162835 0.00987176 0.00539132 0.00255106 0.00100134
 3.53048e-11 1.66057e-09 5.40837e-08 1.21972e-06 1.90477e-05 0.000205974 0.00154233 0.00799767 0.0287255 0.0715308 0.12394 0.151542 0.137611 0.10743 0.0891824 0.0794075 0.0651707 0.0478034 0.0334363 0.0228812 0.0148587 0.00887832 0.00475812 0.0022148 0.000862415
 3.6285e-11 1.70667e-09 5.55853e-08 1.25359e-06 1.95766e-05 0.000211693 0.00158515 0.00821965 0.0295219 0.0735057 0.127305 0.155389 0.140246 0.107715 0.0873839 0.0768473 0.0630909 0.0464791 0.032388 0.0217252 0.0136769 0.00792537 0.00414555 0.00189321 0.000725738
 3.51813e-11 1.65476e-09 5.38944e-08 1.21545e-06 1.89811e-05 0.000205254 0.00153694 0.00796972 0.0286254 0.0712848 0.123535 0.151149 0.137579 0.108082 0.0905133 0.080989 0.0664414 0.0484242 0.0333309 0.0221655 0.0138221 0.00786933 0.00401074 0.00178104 0.000666213
 3.35105e-11 1.57617e-09 5.1335e-08 1.15773e-06 1.80797e-05 0.000195506 0.00146396 0.00759135 0.0272676 0.0679155 0.117779 0.144494 0.132773 0.106942 0.0927863 0.085146 0.0710462 0.0526791 0.036778 0.0245416 0.0151986 0.0085469 0.0042877 0.00186665 0.000682347
 3.30202e-11 1.55311e-09 5.05839e-08 1.14079e-06 1.78151e-05 0.000192646 0.00144254 0.00748028 0.0268686 0.0669214 0.116052 0.142364 0.130786 0.10532 0.0915165 0.0845247 0.0716009 0.0544966 0.0392702 0.0269217 0.0169737 0.0096184 0.00481244 0.00207266 0.00074577
 3.40946e-11 1.60365e-09 5.22297e-08 1.17791e-06 1.83948e-05 0.000198914 0.00148947 0.00772356 0.0277414 0.0690849 0.119734 0.146549 0.133569 0.105359 0.0889865 0.0807584 0.0679934 0.0517829 0.0376522 0.0263203 0.0170487 0.0099269 0.00506677 0.00220272 0.000792142
 3.32281e-11 1.56289e-09 5.09024e-08 1.14797e-06 1.79273e-05 0.000193859 0.00145162 0.00752737 0.0270377 0.0673421 0.116779 0.143241 0.131539 0.105786 0.0916309 0.0841206 0.0704987 0.0529071 0.0378655 0.026287 0.0171243 0.0101389 0.00529473 0.00235438 0.000861242
 3.24343e-11 1.52556e-09 4.96864e-08 1.12055e-06 1.7499e-05 0.000189228 0.00141694 0.0073476 0.0263924 0.0657395 0.114031 0.140019 0.129061 0.104816 0.0920946 0.0855895 0.072626 0.0553248 0.040031 0.0277824 0.0179603 0.0105806 0.00554877 0.00250001 0.000930779
 3.29493e-11 1.54978e-09 5.04753e-08 1.13834e-06 1.77769e-05 0.000192232 0.00143944 0.00746418 0.0268104 0.0667729 0.11577 0.141903 0.129997 0.103952 0.0895779 0.0826141 0.0705425 0.0546531 0.0404206 0.0286065 0.0187369 0.0110987 0.00582256 0.00262524 0.000982419
 3.42053e-11 1.60885e-09 5.23993e-08 1.18173e-06 1.84545e-05 0.00019956 0.0014943 0.00774862 0.0278312 0.0693064 0.120103 0.146932 0.133697 0.104997 0.0881292 0.0796664 0.0670051 0.0511326 0.0374689 0.0266294 0.0177116 0.0106846 0.00568602 0.00258537 0.00097192
 3.44242e-11 1.61915e-09 5.27347e-08 1.1893e-06 1.85726e-05 0.000200837 0.00150387 0.00779824 0.0280097 0.0697538 0.120898 0.147996 0.134949 0.106536 0.0899174 0.0810933 0.0672298 0.0499209 0.0353897 0.0244979 0.0160745 0.0096926 0.00520702 0.00239936 0.000912964
 3.39598e-11 1.59731e-09 5.20232e-08 1.17325e-06 1.83221e-05 0.000198128 0.00148358 0.00769307 0.0276323 0.0688177 0.119301 0.14616 0.133662 0.106342 0.0907865 0.082627 0.0690011 0.0515523 0.0364983 0.0248816 0.0159088 0.00935055 0.00494533 0.00227077 0.000868409
 3.56504e-11 1.67683e-09 5.46131e-08 1.23166e-06 1.92342e-05 0.000207991 0.00155743 0.00807591 0.0290058 0.0722226 0.125095 0.152752 0.138064 0.106482 0.0870264 0.0772176 0.0642216 0.0483222 0.0345825 0.0237541 0.0151728 0.00881276 0.00457093 0.00205858 0.000777162
 3.56627e-11 1.6774e-09 5.46319e-08 1.23208e-06 1.92408e-05 0.000208062 0.00155797 0.00807872 0.0290164 0.0722537 0.125181 0.153006 0.138768 0.107969 0.0891736 0.0790755 0.0646606 0.0471581 0.0326828 0.022077 0.0140786 0.00819721 0.00424108 0.00189134 0.00070397
 3.39884e-11 1.59865e-09 5.20671e-08 1.17424e-06 1.83375e-05 0.000198295 0.00148483 0.00769959 0.0276561 0.0688799 0.119429 0.146417 0.134209 0.107405 0.0923343 0.0841213 0.0697398 0.0512846 0.0355138 0.0236257 0.0147077 0.00838455 0.00428624 0.00190012 0.000703216
 3.31617e-11 1.55977e-09 5.08006e-08 1.14568e-06 1.78915e-05 0.000193471 0.00144872 0.00751233 0.0269837 0.0672079 0.116548 0.142968 0.131325 0.105714 0.0917811 0.0846323 0.0714607 0.0540735 0.0386526 0.0262736 0.016451 0.00929987 0.00467467 0.00203614 0.000743373
 3.31679e-11 1.56006e-09 5.08101e-08 1.14589e-06 1.78948e-05 0.000193507 0.00144898 0.0075137 0.0269883 0.0672166 0.116544 0.142872 0.130948 0.104824 0.090386 0.0831763 0.0705582 0.0540529 0.0394428 0.0275382 0.0177382 0.010255 0.00520648 0.00226131 0.000816687
 3.37403e-11 1.58698e-09 5.1687e-08 1.16567e-06 1.82036e-05 0.000196847 0.00147399 0.00764333 0.0274535 0.0683703 0.118512 0.145131 0.132525 0.105055 0.0893416 0.0814223 0.0686578 0.0523503 0.038179 0.0268752 0.0176262 0.0104448 0.00543739 0.00240714 0.000877816
#obs catch len freq
 2.06654e-11 9.72001e-10 3.16575e-08 7.13956e-07 1.11495e-05 0.000120566 0.000902818 0.00468186 0.0168212 0.0419386 0.0730166 0.0909363 0.087952 0.0801954 0.081551 0.0847989 0.0808053 0.0727067 0.0651583 0.0581705 0.0509237 0.0427322 0.0328537 0.0218422 0.0118802
 2.23714e-11 1.05224e-09 3.42709e-08 7.72896e-07 1.20699e-05 0.000130519 0.000977341 0.00506822 0.0182077 0.0453792 0.0788965 0.0977418 0.0929015 0.0815035 0.0796597 0.0816058 0.0780652 0.070973 0.0638836 0.0564773 0.0483665 0.0396417 0.0299953 0.0197872 0.0107256
 8.36527e-16 3.94206e-14 1.29353e-12 3.0035e-11 5.22543e-10 7.9486e-09 1.27866e-07 2.07066e-06 2.75116e-05 0.000266737 0.0018169 0.00861334 0.0284135 0.0655995 0.107745 0.13103 0.128214 0.113991 0.100487 0.0881429 0.0750298 0.0606613 0.0450505 0.0292337 0.0156752
 1.0559e-11 4.96643e-10 1.61753e-08 3.64794e-07 5.69678e-06 6.16023e-05 0.000461265 0.00239161 0.00858652 0.0213469 0.036752 0.0438598 0.0366367 0.023538 0.0201663 0.0373855 0.0738177 0.112198 0.131526 0.127228 0.109621 0.0876401 0.0641273 0.0409794 0.0216702
 4.98355e-11 2.34402e-09 7.63433e-08 1.72173e-06 2.68873e-05 0.000290747 0.00217706 0.0112879 0.040528 0.10077 0.173572 0.207378 0.172733 0.102279 0.0461351 0.0192114 0.0102478 0.00950601 0.0135376 0.018916 0.0215393 0.019847 0.0151957 0.00972849 0.0050906
 3.30303e-11 1.55358e-09 5.05992e-08 1.14114e-06 1.78206e-05 0.000192705 0.00144299 0.00748296 0.0268827 0.0669994 0.11648 0.144262 0.136835 0.118574 0.110576 0.10015 0.072838 0.0396113 0.0173405 0.00883602 0.00779505 0.00824515 0.00739936 0.00520543 0.00283089
 3.63795e-11 1.71112e-09 5.573e-08 1.25685e-06 1.96276e-05 0.000212244 0.00158928 0.00824098 0.0295979 0.0736871 0.127568 0.155474 0.139595 0.105859 0.0849414 0.0760142 0.0658294 0.0515667 0.0358135 0.0210562 0.0105082 0.0053253 0.0034028 0.00234445 0.00135272
 2.65269e-11 1.2477e-09 4.06367e-08 9.1646e-07 1.43119e-05 0.000154764 0.00115889 0.00600992 0.0215939 0.0538486 0.0938263 0.117192 0.114344 0.105791 0.107337 0.10629 0.0899232 0.0663486 0.0466296 0.031708 0.019506 0.0103191 0.00481925 0.00218698 0.000997982
 3.95548e-11 1.86047e-09 6.05942e-08 1.36655e-06 2.13407e-05 0.000230769 0.00172798 0.0089599 0.032176 0.0800664 0.138344 0.167346 0.146191 0.102298 0.0717837 0.0590808 0.051913 0.0444034 0.0357639 0.0260476 0.0167666 0.00950093 0.00467874 0.00197578 0.000722559
 3.16741e-11 1.4898e-09 4.85217e-08 1.09429e-06 1.70889e-05 0.000184793 0.00138374 0.0071756 0.0257772 0.0642313 0.111581 0.137791 0.129463 0.109971 0.10121 0.0938994 0.0749111 0.0511157 0.033638 0.0232601 0.0160036 0.00995202 0.00527677 0.00232063 0.000834969
 4.02753e-11 1.89435e-09 6.16979e-08 1.39144e-06 2.17294e-05 0.000234972 0.00175945 0.00912317 0.0327631 0.0815353 0.140937 0.170737 0.149962 0.106581 0.0764886 0.0626439 0.0521225 0.0406485 0.0296195 0.0198278 0.0121193 0.0069134 0.00364812 0.00167936 0.000634007
 3.30751e-11 1.5557e-09 5.0668e-08 1.14269e-06 1.78448e-05 0.000192967 0.00144494 0.00749289 0.0269159 0.0670572 0.116412 0.14339 0.133563 0.11114 0.0998576 0.0916109 0.0729967 0.0496175 0.0317046 0.020426 0.0128163 0.00735555 0.0037325 0.00164356 0.000611087
 3.90187e-11 1.83525e-09 5.97729e-08 1.34803e-06 2.10514e-05 0.000227642 0.00170456 0.00883865 0.0317425 0.0790076 0.13665 0.165933 0.147 0.107174 0.0803455 0.067728 0.056303 0.0431433 0.0307922 0.0201706 0.0118932 0.00637507 0.00311516 0.00134384 0.000489075
 3.50469e-11 1.64844e-09 5.36885e-08 1.21081e-06 1.89086e-05 0.00020447 0.00153107 0.00793936 0.0285174 0.0710246 0.123146 0.150964 0.138329 0.110498 0.0943377 0.0844318 0.0674668 0.0467845 0.0306045 0.0198669 0.0122966 0.00685009 0.00332367 0.00138103 0.000482974
 3.59209e-11 1.68954e-09 5.50273e-08 1.24101e-06 1.93801e-05 0.000209569 0.00156925 0.00813718 0.0292262 0.0727724 0.126057 0.153973 0.139318 0.107764 0.0884512 0.0786531 0.0652439 0.0484382 0.0334935 0.0216807 0.0128433 0.00691429 0.00334351 0.00140184 0.000489208
 3.17023e-11 1.49113e-09 4.8565e-08 1.09526e-06 1.71041e-05 0.000184958 0.00138497 0.00718191 0.025799 0.0642765 0.111598 0.137526 0.12833 0.107378 0.0976555 0.0916624 0.0763736 0.0558845 0.0385115 0.0255335 0.0156758 0.00860262 0.00413296 0.0017033 0.000587014
 3.37488e-11 1.58738e-09 5.17e-08 1.16597e-06 1.82082e-05 0.000196897 0.00147436 0.00764523 0.0274601 0.0683833 0.118512 0.145029 0.132112 0.104127 0.0881088 0.0807618 0.0694673 0.0544237 0.0401946 0.0277267 0.0173194 0.00965398 0.00472681 0.00197535 0.000682686
 3.46249e-11 1.62859e-09 5.30421e-08 1.19623e-06 1.86809e-05 0.000202008 0.00151263 0.00784368 0.0281728 0.0701568 0.121577 0.148736 0.135334 0.106242 0.0889931 0.079979 0.0664625 0.0498012 0.0358613 0.0251852 0.0165049 0.00966933 0.00490899 0.00210076 0.000737937
 3.23382e-11 1.52103e-09 4.95391e-08 1.11723e-06 1.74472e-05 0.000188667 0.00141275 0.00732587 0.026315 0.0655517 0.113741 0.13983 0.129413 0.106148 0.0942951 0.087707 0.0735187 0.0546899 0.0385236 0.0262521 0.0168505 0.00991123 0.00517389 0.00229869 0.000835416
 3.1701e-11 1.49106e-09 4.85629e-08 1.09522e-06 1.71034e-05 0.00018495 0.00138491 0.0071815 0.0257963 0.0642581 0.111486 0.137013 0.126675 0.10371 0.0922289 0.0867294 0.0746434 0.0579086 0.0424988 0.0295087 0.0188326 0.0108898 0.00561865 0.00250546 0.000927342
 3.3515e-11 1.57639e-09 5.13419e-08 1.15789e-06 1.80821e-05 0.000195533 0.00146415 0.00759228 0.0272701 0.0679116 0.117705 0.144091 0.13141 0.103859 0.0880884 0.0805219 0.0686956 0.0534646 0.0398926 0.0285314 0.0188262 0.0111448 0.00579167 0.00257453 0.000950313
 3.47544e-11 1.63468e-09 5.32405e-08 1.20071e-06 1.87508e-05 0.000202764 0.00151829 0.007873 0.0282779 0.0704165 0.122013 0.149205 0.135555 0.105993 0.0883124 0.0791741 0.0658481 0.0494303 0.0356184 0.0250774 0.0166618 0.0100815 0.00537527 0.00243759 0.000909526
 3.37223e-11 1.58613e-09 5.16593e-08 1.16505e-06 1.81939e-05 0.000196742 0.00147321 0.00763929 0.0274396 0.0683408 0.118496 0.14528 0.133191 0.106645 0.0917697 0.0837345 0.0696422 0.0515921 0.0362512 0.0247012 0.0159086 0.0094499 0.00503666 0.00231422 0.000878927
 3.45807e-11 1.62651e-09 5.29743e-08 1.1947e-06 1.8657e-05 0.00020175 0.0015107 0.00783366 0.0281368 0.0700675 0.121424 0.14856 0.135212 0.106251 0.0892227 0.0805548 0.0673993 0.0507245 0.0361391 0.0246062 0.0155658 0.00899146 0.00466766 0.00211143 0.000799735
 3.6698e-11 1.7261e-09 5.62178e-08 1.26785e-06 1.97994e-05 0.000214102 0.00160319 0.00831314 0.0298574 0.0743365 0.128715 0.156974 0.141239 0.107559 0.0861569 0.0751687 0.061647 0.0456293 0.0321459 0.0218768 0.0139059 0.00802353 0.00411294 0.00182365 0.000677675
 3.40998e-11 1.60389e-09 5.22376e-08 1.17809e-06 1.83976e-05 0.000198944 0.0014897 0.00772482 0.0277471 0.0691088 0.119843 0.147003 0.134994 0.108506 0.093672 0.085112 0.069681 0.0501343 0.0339633 0.0223704 0.0139423 0.00797031 0.00406712 0.00179226 0.000658846
 3.28658e-11 1.54585e-09 5.03473e-08 1.13546e-06 1.77318e-05 0.000191745 0.00143579 0.00744533 0.0267435 0.0666129 0.11554 0.141844 0.130652 0.105921 0.0928417 0.0861167 0.0728543 0.0550143 0.0389626 0.0260168 0.0159372 0.00884657 0.00440158 0.00190838 0.00069433
 3.31714e-11 1.56022e-09 5.08154e-08 1.14602e-06 1.78967e-05 0.000193528 0.00144914 0.00751448 0.0269913 0.0672236 0.116555 0.142884 0.130954 0.104824 0.0904041 0.0832693 0.0707755 0.0543566 0.0396867 0.0275733 0.0175462 0.00995923 0.00495357 0.00211343 0.000753738
 3.39539e-11 1.59703e-09 5.20142e-08 1.17305e-06 1.83189e-05 0.000198093 0.00148332 0.00769171 0.0276273 0.0688018 0.119252 0.146005 0.133215 0.105371 0.0893195 0.0811832 0.0682824 0.0518864 0.0376863 0.0264108 0.0172153 0.0101017 0.00518491 0.00225628 0.000808472
#spawning biomass
 24125 23943.3 19562.8 14330.4 15730.5 26466.2 34841.3 41255 53113.7 76373.7 95014.7 109801 124056 154351 161635 155463 137716 139576 131968 139965 142512 126560 130534 135566 139123 154696 158742 165574 169044 172591 208721 146749 95345 62831 44547.1 34950.6 30126.6 27768.7 26637.5 26101.6 25849.9 25732.4 25677.7 25652.4 25640.6 25635.2 25632.7 25631.6 25631.1 25630.8 25630.7 25630.7 25630.6 25630.6 25630.6 25630.6 25630.6 25630.6 25630.6 25630.6 25630.6 25630.6 25630.6 25630.6 25630.6 25630.6 25630.6 25630.6 25630.6 25630.6 25630.6 25630.6 25630.6 25630.6 25630.6 25630.6 25630.6 25630.6 25630.6 25630.6 25630.6 25630.6 25630.6 25630.6 25630.6 25630.6 25630.6 25630.6 25630.6 25630.6 25630.6 25630.6 25630.6 25630.6 25630.6 25630.6 25630.6 25630.6 25630.6 25630.6 25630.6 25630.6 25630.6 25630.6 25630.6 25630.6 25630.6 25630.6 25630.6 25630.6 25630.6 25630.6 25630.6 25630.6 25630.6 25630.6 25630.6 25630.6 25630.6 25630.6 25630.6 25630.6 25630.6 25630.6 25630.6 25630.6 25630.6 25630.6 25630.6 0 0 0 0 0 0 0 0 0 0 0 0 0 0 0 0 0 0 0 0 0 0 0 0 0
