SBPRF35
0.224663
Curr Bio
24122.6
B35
67057.1
F35
0.486397
FOFL
0.408303
OFL
22528.9
Bzero
64189.3
#pred survey bio
 7549.54 6500.06 7586.43 9485.48 12234.6 14909.4 14373.3 13673.9 22068.8 33982.3 34266.8 39770.3 63357 74738.2 65482.8 56977.2 52829.3 55969.7 53656.8 55111.8 54110.8 57706.6 60595.2 64934.2 75850.7 75693.9 70270.5 65548.3 61907.4 3.6779e+06 2.29464e+06 1.85399e+06 1.38699e+06 1.08996e+06 928536 845789 804053 782795 771662 765596 762143 760091 758826 758023 757502 757161 756936 756786 756685 756617 756572 756541 756520 756506 756497 756490 756486 756483 756481 756480 756479 756478 756478 756478 756477 756477 756477 756477 756477 756477 756477 756477 756477 756477 756477 756477 756477 756477 756477 756477 756477 756477 756477 756477 756477 756477 756477 756477 756477 756477 756477 756477 756477 756477 756477 756477 756477 756477 756477 756477 756477 756477 756477 756477 756477 756477 756477 756477 756477 756477 756477 756477 756477 756477 756477 756477 756477 756477 756477 756477 756477 756477 756477 756477 756477 756477 756477 756477 756477 0 0 0 0 0 0 0 0 0 0 0 0 0 0 0 0 0 0 0 0 0 0 0 0 0
#obs survey bio
 6673.5 5821.14 7570.31 11181 15814.8 12487.4 14578.1 13762.4 45913.2 31630.9 39145.7 50948.2 87636.9 66374.9 62480.2 62532.4 63385.4 73697.4 63610.2 42891.6 59042.2 52708.3 64397.8 67154.8 63000.2 67025.2 89319.4 84512.1 80231.5
#pred catch bio
 4415.92 3287.21 3726.99 4599.97 5781.06 8119.42 8968.48 7489.24 8374.99 18685.8 21703.8 18032.5 33880 47153.1 41589.3 37597.2 30587.2 35690.7 32205 34714 32821.4 34275.6 36865.2 35970.3 45306.6 47509.9 45779.4 44702.7 7128.9 22528.9 30906.8 25386.4 17967.1 13388 11047.4 9939.44 9437.25 9215.84 9119.99 9079.01 9061.63 9054.31 9051.23 9049.95 9049.41 9049.18 9049.09 9049.05 9049.03 9049.03 9049.03 9049.02 9049.02 9049.02 9049.02 9049.02 9049.02 9049.02 9049.02 9049.02 9049.02 9049.02 9049.02 9049.02 9049.02 9049.02 9049.02 9049.02 9049.02 9049.02 9049.02 9049.02 9049.02 9049.02 9049.02 9049.02 9049.02 9049.02 9049.02 9049.02 9049.02 9049.02 9049.02 9049.02 9049.02 9049.02 9049.02 9049.02 9049.02 9049.02 9049.02 9049.02 9049.02 9049.02 9049.02 9049.02 9049.02 9049.02 9049.02 9049.02 9049.02 9049.02 9049.02 9049.02 9049.02 9049.02 9049.02 9049.02 9049.02 9049.02 9049.02 9049.02 9049.02 9049.02 9049.02 9049.02 9049.02 9049.02 9049.02 9049.02 9049.02 9049.02 9049.02 9049.02 9049.02 9049.02 9049.02 9049.02 9049.02 0 0 0 0 0 0 0 0 0 0 0 0 0 0 0 0 0 0 0 0 0 0 0 0 0
#obs catch bio
 3646.23 3283.51 3700.4 4574.54 5616.73 8019.21 9196.9 7648.85 8123.95 17808.7 21871.5 17573.8 32961.9 48195.6 41915.2 38351.2 30213.6 35768.3 32328.2 34971.4 32967.4 33861 36918.6 35873.9 45611.9 47841.4 46583.9 45953.1 7006.13
#pred cpue bio
 5532.48 4322.62 4900.93 6054.49 7758.51 9868.97 9934.64 8557.01 11988 22189.2 23114.6 22596.4 38128.7 48240.9 43640 37428.2 32776.9 36238.9 33791.6 35288.4 34109.8 35986.9 38740.2 40124.3 47938.3 49294.7 45429.1 41215.8 37703.3 2.67771e+06 1.98241e+06 1.70877e+06 1.25379e+06 955153 793190 710340 668586 647326 636192 630126 626673 624621 623356 622553 622032 621691 621466 621316 621215 621147 621102 621071 621050 621036 621027 621020 621016 621013 621011 621010 621009 621008 621008 621008 621007 621007 621007 621007 621007 621007 621007 621007 621007 621007 621007 621007 621007 621007 621007 621007 621007 621007 621007 621007 621007 621007 621007 621007 621007 621007 621007 621007 621007 621007 621007 621007 621007 621007 621007 621007 621007 621007 621007 621007 621007 621007 621007 621007 621007 621007 621007 621007 621007 621007 621007 621007 621007 621007 621007 621007 621007 621007 621007 621007 621007 621007 621007 621007 621007 0 0 0 0 0 0 0 0 0 0 0 0 0 0 0 0 0 0 0 0 0 0 0 0 0
#obs cpue bio
 4556.41 5077.07 5281.24 5995.88 11865.3 9482.45 5710.63 8167.42 14175.3 39842.9 18907.8 26316.5 35057.8 27654.3 41128.2 33301.6 29007.8 29054.6 24664.9 36338.7 36861.6 43053.6 37251.1 37488.6 44845.4 55933.8 27682.1 30277.4 33206.3
#pred surv len freq
 2.1426e-27 2.16561e-27 5.82181e-27 1.25085e-21 7.43928e-17 1.01719e-12 3.19754e-09 2.31087e-06 0.000383948 0.0146666 0.128803 0.260057 0.121294 0.0283899 0.0950281 0.133695 0.0541648 0.042843 0.0372979 0.0231029 0.0179031 0.0139329 0.0128597 0.0110713 0.00450537
 2.14281e-27 2.16712e-27 6.02627e-27 1.32027e-21 7.85212e-17 1.07364e-12 3.37499e-09 2.43912e-06 0.000405256 0.0154805 0.135951 0.27449 0.128081 0.0314634 0.109447 0.153785 0.0587139 0.03617 0.0283577 0.0117487 0.00648512 0.0038152 0.00274468 0.00205025 0.000808529
 2.14351e-27 2.16909e-27 6.2514e-27 1.39669e-21 8.30664e-17 1.13578e-12 3.57035e-09 2.58031e-06 0.000428714 0.0163766 0.14382 0.290378 0.135395 0.0306266 0.0995512 0.139928 0.0551913 0.0391871 0.0306633 0.0109284 0.00453269 0.00165839 0.00075307 0.000425723 0.000152974
 2.14362e-27 2.16935e-27 6.27724e-27 1.40544e-21 8.35867e-17 1.1429e-12 3.59272e-09 2.59647e-06 0.000431399 0.0164792 0.144721 0.292197 0.136252 0.0310467 0.101567 0.142679 0.0549174 0.0351331 0.0275113 0.0107123 0.0045717 0.00130901 0.000334227 0.000105647 3.00961e-05
 2.1438e-27 2.1698e-27 6.32442e-27 1.42144e-21 8.45384e-17 1.15591e-12 3.63363e-09 2.62603e-06 0.000436311 0.0166668 0.146369 0.295524 0.137785 0.030926 0.0998279 0.140233 0.0541479 0.0351235 0.0272886 0.00997596 0.00413746 0.0012406 0.000265716 4.33721e-05 7.0317e-06
 2.14229e-27 2.16612e-27 5.93792e-27 1.29034e-21 7.67416e-17 1.0493e-12 3.2985e-09 2.38384e-06 0.000396071 0.0151296 0.132869 0.268269 0.125224 0.0319671 0.114398 0.160814 0.062001 0.0399476 0.0310715 0.0114963 0.00473338 0.00135594 0.000283752 3.76561e-05 3.21626e-06
 2.1408e-27 2.1625e-27 5.56385e-27 1.16349e-21 6.91974e-17 9.46151e-13 2.97424e-09 2.14949e-06 0.000357135 0.0136423 0.119807 0.241898 0.11305 0.0324287 0.125165 0.176132 0.0693402 0.0488611 0.0382382 0.0136862 0.00547424 0.00155872 0.00031678 3.95099e-05 2.64001e-06
 2.14448e-27 2.17151e-27 6.51075e-27 1.48467e-21 8.82989e-17 1.20733e-12 3.79526e-09 2.74284e-06 0.00045572 0.0174082 0.15288 0.308669 0.143824 0.0298943 0.0895678 0.125839 0.0499987 0.0365534 0.0287979 0.0104851 0.00421192 0.00115665 0.000227418 2.75569e-05 1.70938e-06
 2.14744e-27 2.17864e-27 7.24464e-27 1.73352e-21 1.03099e-16 1.4097e-12 4.4314e-09 3.20259e-06 0.000532105 0.0203261 0.178505 0.360404 0.167716 0.0291904 0.0696778 0.0975019 0.035917 0.0182414 0.0137663 0.00525174 0.00221228 0.000619295 0.000120695 1.41305e-05 8.44837e-07
 2.1418e-27 2.16475e-27 5.77187e-27 1.23391e-21 7.33856e-17 1.00342e-12 3.15425e-09 2.27959e-06 0.00037875 0.014468 0.127059 0.256539 0.119888 0.034275 0.132023 0.185389 0.0670692 0.0302676 0.0218962 0.00715598 0.00264129 0.000771234 0.000158237 1.86919e-05 1.09313e-06
 2.14196e-27 2.16539e-27 5.87062e-27 1.26756e-21 7.53869e-17 1.03078e-12 3.24027e-09 2.34175e-06 0.000389079 0.0148626 0.130524 0.263533 0.123004 0.0311476 0.110824 0.156007 0.0635356 0.0507661 0.0393013 0.0115202 0.0035289 0.00086994 0.000163206 1.98681e-05 1.18996e-06
 2.14669e-27 2.17683e-27 7.06015e-27 1.67097e-21 9.93792e-17 1.35883e-12 4.27151e-09 3.08703e-06 0.000512906 0.0195927 0.172064 0.347401 0.161705 0.0292189 0.0737709 0.103369 0.0393155 0.023768 0.0184761 0.00716371 0.00288527 0.000646186 9.7409e-05 1.02404e-05 5.95472e-07
 2.1446e-27 2.17163e-27 6.49929e-27 1.48067e-21 8.8061e-17 1.20408e-12 3.78503e-09 2.73545e-06 0.000454491 0.0173613 0.152468 0.307837 0.143517 0.031946 0.102343 0.143518 0.0517944 0.0229919 0.0167335 0.00587748 0.00234497 0.000676691 0.000121634 1.13023e-05 5.51722e-07
 2.14265e-27 2.16692e-27 6.00981e-27 1.31467e-21 7.81886e-17 1.06909e-12 3.3607e-09 2.42878e-06 0.000403539 0.0154149 0.135375 0.273328 0.12759 0.0326845 0.117254 0.164722 0.0618603 0.0349599 0.0259011 0.00748313 0.0022882 0.00060228 0.000117795 1.32219e-05 6.60143e-07
 2.14165e-27 2.16448e-27 5.75783e-27 1.22922e-21 7.31065e-17 9.99601e-13 3.14226e-09 2.27092e-06 0.00037731 0.014413 0.126576 0.255563 0.11939 0.0330482 0.124828 0.175476 0.0666882 0.040083 0.0302447 0.00946422 0.00306847 0.000663832 0.00010233 1.12457e-05 6.31837e-07
 2.14254e-27 2.16672e-27 6.00019e-27 1.31146e-21 7.79978e-17 1.06648e-12 3.3525e-09 2.42286e-06 0.000402554 0.0153773 0.135044 0.27266 0.127246 0.0317523 0.111764 0.157131 0.0611645 0.0410736 0.0315854 0.0102838 0.00355699 0.000821285 0.000122206 1.09675e-05 5.48269e-07
 2.14404e-27 2.17032e-27 6.36967e-27 1.43674e-21 8.54484e-17 1.16835e-12 3.67274e-09 2.6543e-06 0.000441008 0.0168462 0.147944 0.298705 0.139282 0.0316065 0.103024 0.144615 0.0540566 0.0298291 0.0224525 0.00762121 0.00278457 0.000673563 0.000106944 9.70633e-06 4.3262e-07
 2.14253e-27 2.1666e-27 5.97603e-27 1.30321e-21 7.7507e-17 1.05977e-12 3.3314e-09 2.40761e-06 0.000400021 0.0152805 0.134194 0.270945 0.126495 0.0328576 0.119028 0.1672 0.0624065 0.034137 0.0254325 0.00804641 0.00275141 0.000693354 0.000117886 1.13692e-05 5.23077e-07
 2.14369e-27 2.16948e-27 6.28445e-27 1.40785e-21 8.37302e-17 1.14486e-12 3.59889e-09 2.60093e-06 0.00043214 0.0165074 0.144969 0.292699 0.136503 0.0315474 0.104473 0.146733 0.0558418 0.0337879 0.0254569 0.00781904 0.0025279 0.000592907 9.7044e-05 9.79311e-06 4.79161e-07
 2.14294e-27 2.16761e-27 6.08247e-27 1.33932e-21 7.96542e-17 1.08913e-12 3.42369e-09 2.47431e-06 0.000411103 0.0157039 0.137912 0.278451 0.129953 0.0325345 0.114793 0.161219 0.0601258 0.0327539 0.0245105 0.00806308 0.00281244 0.000645023 9.87981e-05 9.43159e-06 4.63132e-07
 2.14357e-27 2.16918e-27 6.25001e-27 1.39616e-21 8.30348e-17 1.13535e-12 3.569e-09 2.57932e-06 0.000428551 0.0163703 0.143765 0.290268 0.135389 0.0318211 0.106877 0.150094 0.0566594 0.0329149 0.0246579 0.0075771 0.0024745 0.000596335 9.54829e-05 8.7961e-06 4.07995e-07
 2.14383e-27 2.16981e-27 6.31468e-27 1.41808e-21 8.43389e-17 1.15318e-12 3.62505e-09 2.61983e-06 0.000435282 0.0166275 0.146023 0.294826 0.137497 0.0318186 0.105488 0.148092 0.0553592 0.030542 0.0228263 0.00731805 0.00247875 0.000568201 8.82992e-05 8.41839e-06 3.91959e-07
 2.14298e-27 2.1677e-27 6.09241e-27 1.34269e-21 7.98547e-17 1.09187e-12 3.43231e-09 2.48054e-06 0.000412138 0.0157434 0.138259 0.279152 0.130276 0.0325083 0.114423 0.160702 0.0600243 0.032963 0.0245514 0.00770267 0.00256842 0.000608006 9.55289e-05 8.82897e-06 4.10632e-07
 2.14429e-27 2.17095e-27 6.43935e-27 1.46039e-21 8.68549e-17 1.18759e-12 3.73319e-09 2.69799e-06 0.000448267 0.0171235 0.150379 0.303621 0.141536 0.0311185 0.0985631 0.138382 0.0526163 0.0317001 0.0239153 0.00746432 0.00245914 0.000571653 8.96694e-05 8.42835e-06 3.89277e-07
 2.1434e-27 2.16875e-27 6.20289e-27 1.38017e-21 8.20837e-17 1.12235e-12 3.52812e-09 2.54978e-06 0.000423642 0.0161828 0.142119 0.286943 0.133865 0.0321618 0.109959 0.154395 0.0575739 0.0313489 0.0235184 0.00789922 0.00283175 0.000663638 0.00010303 9.60013e-06 4.45887e-07
 2.14245e-27 2.16642e-27 5.96e-27 1.29779e-21 7.71845e-17 1.05536e-12 3.31754e-09 2.39759e-06 0.000398357 0.015217 0.133636 0.269818 0.125966 0.0326457 0.118075 0.165904 0.0626049 0.0363036 0.0272388 0.00850459 0.00285151 0.000706509 0.000116833 1.09743e-05 5.05753e-07
 2.14288e-27 2.1675e-27 6.07773e-27 1.33774e-21 7.95605e-17 1.08785e-12 3.41966e-09 2.4714e-06 0.000410619 0.0156854 0.13775 0.278123 0.129781 0.0319964 0.111608 0.156828 0.0599296 0.0370004 0.0280792 0.00895414 0.00302351 0.000704446 0.000112886 1.11157e-05 5.30414e-07
 2.14356e-27 2.16913e-27 6.24278e-27 1.39369e-21 8.28883e-17 1.13335e-12 3.5627e-09 2.57477e-06 0.000427795 0.0163415 0.143512 0.289756 0.135161 0.0320535 0.10845 0.152268 0.0568329 0.0310946 0.02324 0.0075348 0.00260565 0.000614578 9.65106e-05 9.114e-06 4.37173e-07
 2.14424e-27 2.17076e-27 6.4079e-27 1.44967e-21 8.62174e-17 1.17887e-12 3.70579e-09 2.67819e-06 0.000444976 0.0169978 0.149276 0.301393 0.140545 0.032141 0.105477 0.147975 0.0539501 0.0256285 0.0185131 0.00548745 0.00169976 0.000399508 6.36946e-05 5.98859e-06 2.79436e-07
#obs surv len freq
 8.68978e-40 4.25304e-33 4.78559e-27 1.23799e-21 7.36278e-17 1.00673e-12 3.16465e-09 2.2871e-06 0.000380005 0.0145157 0.127477 0.257384 0.120201 0.0321981 0.119089 0.167467 0.0649022 0.0428095 0.0334843 0.0126425 0.00539233 0.00164015 0.000363096 4.92344e-05 3.40538e-06
 1.03861e-39 5.08328e-33 5.71979e-27 1.47966e-21 8.80007e-17 1.20325e-12 3.78243e-09 2.73357e-06 0.000454186 0.0173493 0.152362 0.307625 0.143369 0.0306324 0.0943887 0.132521 0.0508147 0.0319201 0.0246675 0.00892934 0.00363542 0.00106786 0.000229036 3.02438e-05 2.0322e-06
 9.69005e-40 4.74261e-33 5.33646e-27 1.38049e-21 8.2103e-17 1.12261e-12 3.52893e-09 2.55037e-06 0.000423747 0.0161866 0.142151 0.28701 0.133921 0.0328227 0.113973 0.159934 0.0579039 0.026282 0.0191978 0.00669578 0.00260098 0.00072726 0.000148047 1.88009e-05 1.22521e-06
 1.04911e-39 5.13468e-33 5.77762e-27 1.49462e-21 8.88904e-17 1.21542e-12 3.82067e-09 2.76121e-06 0.000458778 0.0175247 0.153902 0.310735 0.144834 0.0313559 0.0978681 0.137309 0.0509797 0.0270549 0.0198648 0.00577088 0.00177686 0.000462144 8.8478e-05 1.0604e-05 6.59791e-07
 9.88143e-40 4.83627e-33 5.44185e-27 1.40776e-21 8.37245e-17 1.14478e-12 3.59863e-09 2.60074e-06 0.000432116 0.0165063 0.144958 0.292678 0.136542 0.0328499 0.112431 0.157725 0.0566662 0.0243338 0.017333 0.00537105 0.00172782 0.000377488 5.8527e-05 6.36633e-06 3.71765e-07
 8.15511e-40 3.99136e-33 4.49115e-27 1.16182e-21 6.90976e-17 9.44785e-13 2.96994e-09 2.14638e-06 0.000356624 0.0136226 0.119634 0.241549 0.112979 0.0348337 0.139952 0.196619 0.0718158 0.0345047 0.0248058 0.00690061 0.00192666 0.000429667 6.39137e-05 5.75743e-06 2.87232e-07
 7.91919e-40 3.8759e-33 4.36122e-27 1.12821e-21 6.70987e-17 9.17453e-13 2.88402e-09 2.08429e-06 0.000346307 0.0132285 0.116173 0.234561 0.109702 0.0336105 0.134591 0.189331 0.0728834 0.0465416 0.0351134 0.0102297 0.00298993 0.000608559 8.14569e-05 7.04934e-06 3.12529e-07
 1.3313e-39 6.51578e-33 7.33166e-27 1.89663e-21 1.128e-16 1.54233e-12 4.84834e-09 3.5039e-06 0.000582178 0.0222385 0.195298 0.394311 0.183327 0.0274656 0.0489299 0.0682839 0.0259959 0.0157697 0.0120135 0.00402058 0.00141074 0.000304747 4.08133e-05 3.23369e-06 1.31876e-07
 1.10617e-39 5.41391e-33 6.09182e-27 1.5759e-21 9.37245e-17 1.28151e-12 4.02845e-09 2.91137e-06 0.000483728 0.0184778 0.162272 0.327634 0.152696 0.0326551 0.100706 0.140936 0.0471785 0.00941067 0.00515176 0.0016524 0.000577243 0.000141982 2.22581e-05 1.85616e-06 7.30318e-08
 6.38512e-40 3.12507e-33 3.51638e-27 9.09655e-22 5.41006e-17 7.39727e-13 2.32534e-09 1.68053e-06 0.000279222 0.0106659 0.0936682 0.189126 0.0888883 0.0387135 0.179436 0.252072 0.0886628 0.0320407 0.0211641 0.00450501 0.000631781 0.000122548 1.99026e-05 1.89411e-06 8.26579e-08
 1.23222e-39 6.03086e-33 6.78602e-27 1.75548e-21 1.04405e-16 1.42755e-12 4.48751e-09 3.24314e-06 0.000538851 0.0205834 0.180764 0.364967 0.169776 0.0278834 0.060325 0.0845506 0.0345672 0.0279633 0.0213537 0.00538333 0.00115761 0.000169382 1.30346e-05 9.40029e-07 4.32995e-08
 1.18089e-39 5.77965e-33 6.50336e-27 1.68236e-21 1.00056e-16 1.36809e-12 4.30059e-09 3.10805e-06 0.000516406 0.0197261 0.173234 0.349766 0.162876 0.0312655 0.0855523 0.119625 0.0403139 0.00895886 0.00529852 0.00196803 0.00074384 0.000138614 1.32071e-05 6.78008e-07 1.82675e-08
 8.82537e-40 4.31941e-33 4.86026e-27 1.2573e-21 7.47766e-17 1.02243e-12 3.21403e-09 2.32279e-06 0.000385935 0.0147422 0.129466 0.2614 0.122188 0.0356871 0.139178 0.195221 0.0671488 0.019414 0.0120356 0.00261163 0.000411242 9.1802e-05 1.42612e-05 9.68521e-07 2.65449e-08
 9.24226e-40 4.52345e-33 5.08986e-27 1.3167e-21 7.83089e-17 1.07073e-12 3.36586e-09 2.43251e-06 0.000404166 0.0154386 0.135582 0.273747 0.127806 0.0332829 0.120781 0.169613 0.0625243 0.0317759 0.0226834 0.0052771 0.000936167 0.000133885 1.15457e-05 8.93704e-07 3.48191e-08
 7.37558e-40 3.60983e-33 4.06184e-27 1.05076e-21 6.24926e-17 8.54474e-13 2.68604e-09 1.94121e-06 0.000322535 0.0123204 0.108198 0.218461 0.102357 0.0362287 0.155426 0.218383 0.078837 0.0350232 0.0249163 0.00717448 0.00199208 0.000329724 2.72141e-05 1.36463e-06 3.97864e-08
 1.12079e-39 5.48551e-33 6.17238e-27 1.59674e-21 9.4964e-17 1.29846e-12 4.08172e-09 2.94987e-06 0.000490125 0.0187221 0.164418 0.331965 0.154593 0.029854 0.0823011 0.115456 0.0444963 0.0285531 0.0214051 0.00584285 0.00154875 0.000311969 3.70633e-05 2.16233e-06 5.36555e-08
 8.72006e-40 4.26786e-33 4.80227e-27 1.2423e-21 7.38843e-17 1.01023e-12 3.17568e-09 2.29507e-06 0.000381329 0.0145663 0.127921 0.258281 0.120746 0.0356728 0.14003 0.196428 0.0676079 0.0197341 0.0127815 0.00414264 0.00138805 0.000279364 3.42106e-05 2.48641e-06 7.99657e-08
 9.55877e-40 4.67836e-33 5.26416e-27 1.36179e-21 8.09907e-17 1.1074e-12 3.48112e-09 2.51582e-06 0.000418006 0.0159673 0.140225 0.283121 0.132123 0.0328093 0.115064 0.161554 0.0596745 0.0306973 0.0219623 0.00513998 0.000997363 0.000211692 3.09391e-05 2.37397e-06 8.47703e-08
 1.01364e-39 4.96104e-33 5.58224e-27 1.44407e-21 8.58845e-17 1.17431e-12 3.69147e-09 2.66783e-06 0.000443264 0.0169321 0.148698 0.300228 0.140025 0.0326503 0.108937 0.152778 0.0546346 0.0226532 0.0158976 0.00459439 0.00128499 0.000217874 2.15984e-05 1.67017e-06 6.68046e-08
 8.66265e-40 4.23977e-33 4.77065e-27 1.23412e-21 7.33979e-17 1.00358e-12 3.15478e-09 2.27996e-06 0.000378819 0.0144704 0.127079 0.256581 0.119937 0.0350751 0.136894 0.192143 0.0679679 0.0258196 0.017593 0.00463726 0.00115915 0.000231777 2.79538e-05 1.77153e-06 5.74394e-08
 1.11594e-39 5.46175e-33 6.14565e-27 1.58982e-21 9.45527e-17 1.29284e-12 4.06404e-09 2.93709e-06 0.000488002 0.0186411 0.163706 0.330528 0.15396 0.0306969 0.0878802 0.123189 0.0454535 0.023242 0.0167482 0.00427764 0.000983676 0.000179837 2.09583e-05 1.51499e-06 5.08913e-08
 8.90333e-40 4.35756e-33 4.9032e-27 1.26841e-21 7.54372e-17 1.03147e-12 3.24243e-09 2.34331e-06 0.000389344 0.0148724 0.13061 0.263709 0.123242 0.0353229 0.136259 0.191135 0.0660724 0.020209 0.0131071 0.00377758 0.00107239 0.000196587 2.0994e-05 1.41224e-06 4.8553e-08
 1.00267e-39 4.90735e-33 5.52183e-27 1.42845e-21 8.4955e-17 1.16161e-12 3.65152e-09 2.63896e-06 0.000438467 0.0167489 0.147089 0.296979 0.138509 0.03228 0.107656 0.151083 0.0555753 0.0278854 0.0198954 0.00472497 0.000931693 0.000177566 2.21245e-05 1.49638e-06 4.7967e-08
 1.03385e-39 5.06e-33 5.69359e-27 1.47288e-21 8.75975e-17 1.19774e-12 3.7651e-09 2.72105e-06 0.000452106 0.0172699 0.151664 0.306216 0.142791 0.0325713 0.10665 0.149518 0.052981 0.0204289 0.014093 0.00403534 0.0011167 0.000190719 1.84314e-05 1.25777e-06 4.36779e-08
 8.73916e-40 4.27721e-33 4.81279e-27 1.24502e-21 7.40462e-17 1.01245e-12 3.18264e-09 2.3001e-06 0.000382165 0.0145982 0.128201 0.258847 0.120983 0.035033 0.135954 0.190808 0.0673615 0.0251586 0.0170302 0.00437337 0.00103689 0.000203746 2.44037e-05 1.53062e-06 4.63892e-08
 9.24419e-40 4.52439e-33 5.09092e-27 1.31697e-21 7.83253e-17 1.07096e-12 3.36656e-09 2.43302e-06 0.00040425 0.0154418 0.13561 0.273805 0.127831 0.03323 0.12044 0.169132 0.0623332 0.031652 0.0227701 0.00578211 0.00130727 0.000232132 2.5856e-05 1.82882e-06 6.07248e-08
 9.6782e-40 4.73681e-33 5.32993e-27 1.3788e-21 8.20025e-17 1.12124e-12 3.52462e-09 2.54725e-06 0.000423229 0.0161668 0.141977 0.286659 0.133765 0.0330042 0.115187 0.161642 0.0585003 0.0264497 0.0188891 0.00546627 0.00155405 0.000283166 2.96174e-05 1.92213e-06 6.37828e-08
 1.13029e-39 5.53199e-33 6.22468e-27 1.61027e-21 9.57685e-17 1.30946e-12 4.1163e-09 2.97486e-06 0.000494277 0.0188808 0.165811 0.334778 0.155939 0.0310541 0.0887794 0.124351 0.0444092 0.0182191 0.0126777 0.00346576 0.00092475 0.000188285 2.34915e-05 1.57042e-06 4.90318e-08
 1.13029e-39 5.53199e-33 6.22468e-27 1.61027e-21 9.57685e-17 1.30946e-12 4.1163e-09 2.97486e-06 0.000494277 0.0188808 0.165811 0.334778 0.155939 0.0310541 0.0887794 0.124351 0.0444092 0.0182191 0.0126777 0.00346576 0.00092475 0.000188285 2.34915e-05 1.57042e-06 4.90318e-08
#pred catch len freq
 2.13864e-27 2.15548e-27 4.73776e-27 8.8314e-22 5.25237e-17 7.18167e-13 2.25757e-09 1.63155e-06 0.00027108 0.0103551 0.0909387 0.183612 0.0859838 0.0292498 0.123316 0.173842 0.071742 0.0604264 0.0528987 0.0326783 0.0252435 0.0195763 0.0180339 0.015517 0.00631383
 2.13839e-27 2.15624e-27 4.88294e-27 9.32478e-22 5.5458e-17 7.5829e-13 2.38369e-09 1.7227e-06 0.000286224 0.0109336 0.0960192 0.193871 0.0908956 0.0337546 0.147732 0.207972 0.0807644 0.0537891 0.0425911 0.0176357 0.00971446 0.00569577 0.00408873 0.00305207 0.00120344
 2.13898e-27 2.15805e-27 5.09987e-27 1.00615e-21 5.98395e-17 8.18199e-13 2.57202e-09 1.85881e-06 0.000308838 0.0117974 0.103605 0.209186 0.0979415 0.0328254 0.137445 0.193623 0.07793 0.0597986 0.0471878 0.0168125 0.00696378 0.00253995 0.00115014 0.000649528 0.000233348
 2.13909e-27 2.15833e-27 5.12653e-27 1.01517e-21 6.03758e-17 8.25532e-13 2.59507e-09 1.87546e-06 0.000311606 0.0119031 0.104534 0.211061 0.0988331 0.0334859 0.140912 0.198374 0.0777554 0.053857 0.0425842 0.016578 0.00706787 0.00201869 0.000513954 0.0001622 4.61885e-05
 2.13922e-27 2.15866e-27 5.16166e-27 1.02708e-21 6.10846e-17 8.35223e-13 2.62553e-09 1.89748e-06 0.000315263 0.0120429 0.105761 0.213539 0.0999746 0.0333845 0.139547 0.196465 0.077322 0.0544295 0.0427072 0.0156136 0.00646994 0.00193531 0.000413566 6.74011e-05 1.0919e-05
 2.13801e-27 2.15571e-27 4.85043e-27 9.21516e-22 5.48061e-17 7.49375e-13 2.35567e-09 1.70245e-06 0.000282859 0.010805 0.0948904 0.191592 0.0898627 0.0343053 0.151782 0.213733 0.083703 0.057736 0.0452742 0.0167271 0.00687215 0.00196327 0.0004098 5.43098e-05 4.63499e-06
 2.13693e-27 2.15312e-27 4.58455e-27 8.31365e-22 4.94444e-17 6.76064e-13 2.12522e-09 1.5359e-06 0.000255187 0.00974799 0.0856073 0.17285 0.0812018 0.0344101 0.158072 0.222742 0.0888488 0.0659309 0.051874 0.0185097 0.00737526 0.00209352 0.000424328 5.2849e-05 3.52869e-06
 2.14037e-27 2.16154e-27 5.47051e-27 1.13188e-21 6.7317e-17 9.2044e-13 2.89341e-09 2.09108e-06 0.00034743 0.0132716 0.116552 0.235324 0.109993 0.0319555 0.124257 0.174981 0.0706603 0.0548881 0.0435102 0.0158079 0.00633245 0.00173412 0.000340053 4.11479e-05 2.55061e-06
 2.14325e-27 2.1684e-27 6.16956e-27 1.36888e-21 8.14123e-17 1.11317e-12 3.49926e-09 2.52892e-06 0.000420177 0.0160505 0.140956 0.284596 0.132774 0.0320094 0.109735 0.1541 0.057712 0.0322109 0.0246791 0.00942853 0.00397299 0.00110991 0.000215838 2.52373e-05 1.50783e-06
 2.13768e-27 2.15468e-27 4.71112e-27 8.74115e-22 5.19869e-17 7.10828e-13 2.2345e-09 1.61488e-06 0.00026831 0.0102492 0.0900094 0.181738 0.0854194 0.0372991 0.173029 0.243293 0.0889181 0.0429348 0.0314442 0.0102632 0.00377842 0.00110015 0.000225181 2.65653e-05 1.55247e-06
 2.13814e-27 2.1561e-27 4.90289e-27 9.39367e-22 5.58677e-17 7.63892e-13 2.4013e-09 1.73543e-06 0.000288339 0.0110144 0.0967286 0.195303 0.0915289 0.032989 0.14263 0.201102 0.0830169 0.0694198 0.0539646 0.015774 0.00480845 0.00118147 0.000220969 2.68601e-05 1.60761e-06
 2.14259e-27 2.16684e-27 6.01478e-27 1.31642e-21 7.82925e-17 1.07051e-12 3.36516e-09 2.43201e-06 0.000404075 0.0154354 0.135554 0.27369 0.127719 0.0316633 0.11091 0.155899 0.0602906 0.039407 0.0309452 0.0119939 0.0048263 0.00107879 0.000162171 1.70212e-05 9.88973e-07
 2.1406e-27 2.16183e-27 5.46704e-27 1.13053e-21 6.72369e-17 9.19345e-13 2.88997e-09 2.08859e-06 0.000347016 0.0132558 0.116413 0.235045 0.109977 0.0349672 0.142727 0.200525 0.0730482 0.0345547 0.0254456 0.00892118 0.00354911 0.00102135 0.000183179 1.69986e-05 8.29022e-07
 2.13897e-27 2.15791e-27 5.06333e-27 9.93641e-22 5.90956e-17 8.08027e-13 2.54004e-09 1.8357e-06 0.000304998 0.0116507 0.102317 0.206587 0.096828 0.0351855 0.152637 0.214731 0.0813468 0.0480893 0.0358485 0.0103271 0.00314104 0.000823847 0.000160667 1.80099e-05 8.9859e-07
 2.13792e-27 2.15539e-27 4.80457e-27 9.05899e-22 5.38773e-17 7.36675e-13 2.31575e-09 1.6736e-06 0.000278066 0.0106219 0.0932823 0.188345 0.0884032 0.0354089 0.159499 0.224505 0.0861576 0.0542652 0.0411879 0.0128489 0.00414724 0.000894686 0.000137456 1.50796e-05 8.46606e-07
 2.13898e-27 2.15804e-27 5.09132e-27 1.00321e-21 5.96644e-17 8.15805e-13 2.56449e-09 1.85337e-06 0.000307934 0.0117629 0.103302 0.208575 0.0976974 0.0338581 0.143934 0.202652 0.0795938 0.0555056 0.0428537 0.0138961 0.00478083 0.00110048 0.000163257 1.4627e-05 7.30477e-07
 2.14017e-27 2.16086e-27 5.37559e-27 1.09957e-21 6.53954e-17 8.94166e-13 2.81082e-09 2.03139e-06 0.000337512 0.0128927 0.113225 0.228608 0.106972 0.0342038 0.140007 0.19688 0.0743554 0.0433293 0.0328648 0.0111257 0.00405043 0.000977077 0.000154705 1.40205e-05 6.24366e-07
 2.13888e-27 2.15768e-27 5.0388e-27 9.85315e-22 5.86004e-17 8.01257e-13 2.51876e-09 1.82032e-06 0.000302443 0.0115531 0.10146 0.204856 0.0960347 0.0353664 0.154263 0.216989 0.0816497 0.0466557 0.0349719 0.0110265 0.00375144 0.000942325 0.000159763 1.53853e-05 7.07274e-07
 2.13988e-27 2.16019e-27 5.30973e-27 1.07725e-21 6.4068e-17 8.76015e-13 2.75377e-09 1.99015e-06 0.000330661 0.012631 0.110926 0.223968 0.104818 0.0339786 0.140031 0.197013 0.0757707 0.0481964 0.0365426 0.0111933 0.00360318 0.000842611 0.000137503 1.38546e-05 6.77352e-07
 2.13927e-27 2.15864e-27 5.13991e-27 1.01961e-21 6.06402e-17 8.29147e-13 2.60643e-09 1.88368e-06 0.00031297 0.0119552 0.104992 0.211986 0.0993195 0.0350574 0.150228 0.211287 0.0794502 0.0452515 0.0340744 0.01117 0.0038781 0.000886843 0.000135423 1.29066e-05 6.33218e-07
 2.1398e-27 2.15997e-27 5.28353e-27 1.06834e-21 6.35385e-17 8.68776e-13 2.73101e-09 1.97371e-06 0.000327929 0.0125267 0.11001 0.222117 0.103975 0.0343083 0.142601 0.200595 0.0764663 0.0466391 0.0351648 0.0107749 0.0035029 0.000841622 0.000134379 1.23606e-05 5.7282e-07
 2.14003e-27 2.16051e-27 5.33778e-27 1.08674e-21 6.46323e-17 8.83732e-13 2.77802e-09 2.00768e-06 0.000333574 0.0127423 0.111903 0.225941 0.105746 0.0344038 0.142032 0.199735 0.0753887 0.0437774 0.0329542 0.0105355 0.0035542 0.000812449 0.000125878 1.19824e-05 5.57439e-07
 2.13918e-27 2.15842e-27 5.11699e-27 1.01184e-21 6.0178e-17 8.22827e-13 2.58657e-09 1.86932e-06 0.000310585 0.0118641 0.104191 0.21037 0.0985739 0.0350935 0.150935 0.212301 0.0800441 0.0462111 0.0346628 0.0108442 0.00360044 0.000849825 0.000133143 1.22863e-05 5.70929e-07
 2.14028e-27 2.16117e-27 5.41302e-27 1.11228e-21 6.61518e-17 9.04508e-13 2.84333e-09 2.05488e-06 0.000341416 0.0130419 0.114534 0.231252 0.108173 0.0336431 0.135787 0.191024 0.0735581 0.0470614 0.0357798 0.0111462 0.00366062 0.00084872 0.000132758 1.24596e-05 5.74992e-07
 2.13957e-27 2.15939e-27 5.21937e-27 1.04657e-21 6.22435e-17 8.51069e-13 2.67535e-09 1.93348e-06 0.000321245 0.0122713 0.107768 0.21759 0.101899 0.0347608 0.146728 0.206354 0.0776914 0.0445468 0.033666 0.0112746 0.00402617 0.000940959 0.000145661 1.35513e-05 6.28862e-07
 2.13871e-27 2.15731e-27 5.00361e-27 9.734e-22 5.78918e-17 7.91567e-13 2.4883e-09 1.7983e-06 0.000298785 0.0114134 0.100233 0.202379 0.0948792 0.0350941 0.153347 0.215768 0.0821815 0.0499263 0.03769 0.011731 0.00391462 0.000966894 0.000159445 1.49547e-05 6.88601e-07
 2.13931e-27 2.1588e-27 5.16477e-27 1.02808e-21 6.11441e-17 8.36036e-13 2.62809e-09 1.89933e-06 0.000315571 0.0120546 0.105864 0.213747 0.100104 0.0342683 0.14488 0.203876 0.0785631 0.0504355 0.0384524 0.0122148 0.00410257 0.000952848 0.000152213 1.49643e-05 7.1348e-07
 2.1403e-27 2.16115e-27 5.4037e-27 1.10909e-21 6.59616e-17 9.01907e-13 2.83516e-09 2.04897e-06 0.000340434 0.0130044 0.114205 0.230587 0.107894 0.0343753 0.140457 0.19748 0.0741005 0.0417262 0.0313027 0.0100997 0.0034705 0.000815806 0.000127706 1.204e-05 5.77007e-07
 2.13835e-27 2.15636e-27 4.89661e-27 9.37072e-22 5.57312e-17 7.62025e-13 2.39544e-09 1.73119e-06 0.000287634 0.0109874 0.0964922 0.194826 0.0914218 0.036005 0.161185 0.226731 0.0849238 0.0473333 0.035131 0.0104895 0.00327876 0.000770906 0.000122743 1.15286e-05 5.37564e-07
#obs catch len freq
 4.07857e-40 1.99618e-33 2.24613e-27 5.81053e-22 3.45574e-17 4.7251e-13 1.48534e-09 1.07346e-06 0.000178357 0.00681299 0.0598317 0.12081 0.0571957 0.0358106 0.182304 0.257042 0.102812 0.0771516 0.0615194 0.0239389 0.0105019 0.00324546 0.000734676 0.000102407 7.30339e-06
 4.23758e-40 2.074e-33 2.3337e-27 6.03706e-22 3.59047e-17 4.90931e-13 1.54325e-09 1.11531e-06 0.00018531 0.0070786 0.0621643 0.12552 0.0593896 0.0362513 0.183575 0.258739 0.102154 0.0728599 0.0575287 0.0217462 0.00927782 0.00281696 0.00062231 8.42415e-05 5.81944e-06
 5.75558e-40 2.81696e-33 3.16969e-27 8.19968e-22 4.87666e-17 6.66795e-13 2.09607e-09 1.51484e-06 0.000251692 0.00961432 0.084433 0.17048 0.0801369 0.0352273 0.163773 0.230657 0.0899709 0.0610106 0.0476084 0.0172498 0.00702391 0.00205947 0.000440763 5.81034e-05 3.89926e-06
 5.18958e-40 2.53994e-33 2.85798e-27 7.39333e-22 4.39709e-17 6.01223e-13 1.88995e-09 1.36587e-06 0.000226941 0.00866886 0.07613 0.153717 0.0725054 0.0383801 0.188072 0.264531 0.0968459 0.0473022 0.0350201 0.012222 0.00474675 0.00132475 0.000269067 3.41094e-05 2.21995e-06
 6.01793e-40 2.94536e-33 3.31416e-27 8.57343e-22 5.09894e-17 6.97188e-13 2.19162e-09 1.58389e-06 0.000263165 0.0100526 0.0882816 0.17825 0.0837804 0.0365884 0.169741 0.238836 0.0897963 0.0510582 0.0378857 0.0110081 0.00338744 0.000879321 0.000167949 2.00919e-05 1.24844e-06
 5.49991e-40 2.69183e-33 3.02888e-27 7.83544e-22 4.66003e-17 6.37175e-13 2.00296e-09 1.44755e-06 0.000240512 0.00918725 0.0806824 0.162908 0.0767606 0.0385357 0.186253 0.261893 0.0949645 0.0435212 0.0313972 0.00972868 0.00312715 0.000682027 0.000105459 1.14482e-05 6.67575e-07
 4.08551e-40 1.99957e-33 2.24995e-27 5.82041e-22 3.46162e-17 4.73314e-13 1.48787e-09 1.07528e-06 0.00017866 0.00682458 0.0599335 0.121017 0.0574416 0.0398199 0.206718 0.290894 0.107337 0.0549236 0.0399131 0.0111009 0.00309581 0.000689114 0.000102263 9.19428e-06 4.57945e-07
 3.96185e-40 1.93905e-33 2.18185e-27 5.64424e-22 3.35684e-17 4.58988e-13 1.44283e-09 1.04274e-06 0.000173252 0.00661802 0.0581194 0.117354 0.0556662 0.0376362 0.194492 0.274065 0.106885 0.0723039 0.0549375 0.0159945 0.00466773 0.000948345 0.000126596 1.09341e-05 4.84039e-07
 9.85951e-40 4.82555e-33 5.42978e-27 1.40463e-21 8.35388e-17 1.14224e-12 3.59065e-09 2.59497e-06 0.000431158 0.0164697 0.144637 0.292028 0.136182 0.0312405 0.102802 0.144423 0.0556285 0.0356574 0.0273585 0.00914619 0.00320374 0.00069078 9.22784e-05 7.29737e-06 2.97131e-07
 6.94617e-40 3.39967e-33 3.82536e-27 9.89585e-22 5.88543e-17 8.04727e-13 2.52967e-09 1.8282e-06 0.000303757 0.0116031 0.101899 0.205744 0.096595 0.0393571 0.178356 0.250258 0.0839978 0.0175068 0.00981846 0.00314727 0.00109713 0.000269258 4.21104e-05 3.50574e-06 1.37736e-07
 3.03459e-40 1.48522e-33 1.6712e-27 4.32323e-22 2.57118e-17 3.51563e-13 1.10514e-09 7.98688e-07 0.000132703 0.00506909 0.0445168 0.0898924 0.043187 0.0434166 0.238056 0.33474 0.118425 0.0449855 0.0300774 0.0064009 0.000895236 0.000173112 2.80375e-05 2.66351e-06 1.16084e-07
 8.55631e-40 4.18772e-33 4.71209e-27 1.21897e-21 7.24969e-17 9.91265e-13 3.11605e-09 2.25197e-06 0.000374169 0.0142928 0.125519 0.25343 0.118338 0.0312715 0.114625 0.16147 0.0669265 0.0566491 0.0434434 0.0109404 0.00234635 0.000342844 2.63023e-05 1.8907e-06 8.69483e-08
 7.93705e-40 3.88464e-33 4.37105e-27 1.13075e-21 6.725e-17 9.19522e-13 2.89053e-09 2.08899e-06 0.000347089 0.0132583 0.116435 0.235091 0.110091 0.0374371 0.15779 0.221344 0.0748032 0.0173236 0.0104441 0.00387334 0.00146097 0.000271842 2.58377e-05 1.32397e-06 3.55967e-08
 4.87984e-40 2.38834e-33 2.6874e-27 6.95205e-22 4.13465e-17 5.65338e-13 1.77715e-09 1.28435e-06 0.000213396 0.00815146 0.0715861 0.144544 0.0683888 0.0416916 0.211054 0.296495 0.102396 0.0309524 0.0194682 0.00422311 0.00066276 0.000147465 2.28599e-05 1.55044e-06 4.24387e-08
 5.21617e-40 2.55295e-33 2.87262e-27 7.43121e-22 4.41962e-17 6.04303e-13 1.89963e-09 1.37287e-06 0.000228104 0.00871328 0.07652 0.154504 0.0728658 0.0382831 0.187244 0.263461 0.0979175 0.0521979 0.0375487 0.00872903 0.00154433 0.000220484 1.89507e-05 1.46279e-06 5.69253e-08
 3.7217e-40 1.82151e-33 2.0496e-27 5.30211e-22 3.15337e-17 4.31166e-13 1.35537e-09 9.79531e-07 0.00016275 0.00621686 0.0545965 0.110242 0.0525015 0.0409218 0.216693 0.304849 0.110839 0.0516985 0.0371159 0.0106739 0.00295673 0.000488701 4.02351e-05 2.01306e-06 5.85674e-08
 7.18498e-40 3.51655e-33 3.95688e-27 1.02361e-21 6.08777e-17 8.32393e-13 2.61663e-09 1.89105e-06 0.0003142 0.012002 0.105402 0.212815 0.0996702 0.034183 0.14464 0.203596 0.0793043 0.0533394 0.0402152 0.0109632 0.00289777 0.000582452 6.90315e-05 4.0213e-06 9.9638e-08
 4.79217e-40 2.34543e-33 2.63912e-27 6.82715e-22 4.06036e-17 5.55181e-13 1.74522e-09 1.26127e-06 0.000209562 0.008005 0.0703 0.141947 0.0671827 0.0415428 0.210927 0.296327 0.102407 0.031252 0.0205292 0.00664376 0.00222059 0.000446059 5.44708e-05 3.95144e-06 1.26924e-07
 5.51427e-40 2.69885e-33 3.03679e-27 7.85589e-22 4.6722e-17 6.38838e-13 2.00819e-09 1.45133e-06 0.00024114 0.00921123 0.080893 0.163333 0.0769298 0.0378085 0.181686 0.25563 0.0951991 0.0513311 0.0369995 0.00865227 0.00167343 0.000354187 5.16356e-05 3.95516e-06 1.41025e-07
 6.0793e-40 2.97539e-33 3.34796e-27 8.66086e-22 5.15094e-17 7.04297e-13 2.21397e-09 1.60004e-06 0.000265848 0.0101551 0.0891818 0.180068 0.0846784 0.0381205 0.178546 0.25097 0.0903149 0.0392291 0.0277914 0.00802053 0.00223744 0.000378757 3.74277e-05 2.88689e-06 1.15311e-07
 4.7304e-40 2.3152e-33 2.6051e-27 6.73916e-22 4.00803e-17 5.48026e-13 1.72272e-09 1.24502e-06 0.000206861 0.00790183 0.0693939 0.140118 0.0662993 0.0405416 0.205367 0.288706 0.102716 0.0408993 0.0281675 0.00741672 0.00184859 0.000368816 4.43721e-05 2.80699e-06 9.08438e-08
 7.14506e-40 3.49701e-33 3.93489e-27 1.01792e-21 6.05395e-17 8.27768e-13 2.6021e-09 1.88054e-06 0.000312455 0.0119354 0.104816 0.211633 0.0991801 0.0356846 0.154163 0.216774 0.0806415 0.0432397 0.0313943 0.00800991 0.00183668 0.000335072 3.89375e-05 2.80903e-06 9.4231e-08
 4.92946e-40 2.41263e-33 2.71473e-27 7.02275e-22 4.17669e-17 5.71087e-13 1.79522e-09 1.29741e-06 0.000215566 0.00823435 0.072314 0.146014 0.0690505 0.04122 0.207731 0.291857 0.101337 0.0324509 0.0213377 0.00614259 0.00173938 0.000318286 3.38962e-05 2.27529e-06 7.81004e-08
 5.93919e-40 2.90682e-33 3.2708e-27 8.46125e-22 5.03222e-17 6.88066e-13 2.16294e-09 1.56316e-06 0.000259722 0.00992103 0.0871265 0.175918 0.0827328 0.0374007 0.175404 0.246734 0.0915003 0.0481747 0.0346419 0.0082206 0.00161617 0.000307264 3.81862e-05 2.57812e-06 8.25128e-08
 6.26236e-40 3.06499e-33 3.44878e-27 8.92166e-22 5.30604e-17 7.25506e-13 2.28063e-09 1.64822e-06 0.000273854 0.0104609 0.0918673 0.18549 0.0871889 0.0382234 0.17754 0.249489 0.0889289 0.0359528 0.0250647 0.00716793 0.00197864 0.000337389 3.251e-05 2.21326e-06 7.67469e-08
 4.78739e-40 2.34309e-33 2.63649e-27 6.82035e-22 4.05632e-17 5.54628e-13 1.74348e-09 1.26001e-06 0.000209353 0.00799702 0.0702299 0.141806 0.0670806 0.0405679 0.205019 0.2882 0.102326 0.0400711 0.0274247 0.00703604 0.00166341 0.000326131 3.89658e-05 2.43974e-06 7.38162e-08
 5.18594e-40 2.53816e-33 2.85598e-27 7.38814e-22 4.39401e-17 6.00801e-13 1.88862e-09 1.36491e-06 0.000226782 0.00866278 0.0760765 0.153609 0.0724498 0.0382279 0.187177 0.263368 0.0978904 0.0522311 0.0378738 0.00960866 0.00216676 0.000383993 4.26495e-05 3.01052e-06 9.98271e-08
 5.63207e-40 2.75651e-33 3.10167e-27 8.02372e-22 4.77201e-17 6.52486e-13 2.05109e-09 1.48233e-06 0.000246291 0.00940801 0.0826211 0.166823 0.0785594 0.0382498 0.183328 0.257801 0.0939562 0.0445171 0.032065 0.00926611 0.00262735 0.000477872 4.98442e-05 3.22795e-06 1.06939e-07
 5.35135e-40 2.61911e-33 2.94707e-27 7.62379e-22 4.53415e-17 6.19964e-13 1.94886e-09 1.40845e-06 0.000234015 0.00893908 0.0785031 0.158508 0.0747233 0.0384558 0.187092 0.263148 0.0964334 0.0473098 0.0341101 0.00940798 0.00254507 0.000519721 6.4886e-05 4.33693e-06 1.35334e-07
#spawning biomass
 4350.16 3029.51 3376.05 4108.1 5242.63 6798.36 7026.78 5808.29 7309.65 14648.2 16262.3 14343.1 24246.8 32181.4 29748.6 25657.7 21514 24197.9 22455.9 23455.5 22595.9 23634.3 25716.8 26423 31692.1 33162 30651.2 27165.8 24122.6 56829 76479.8 70736.7 49883.8 35858.6 28636.2 25215.4 23664.9 22981.3 22685.4 22558.8 22505.2 22482.6 22473.1 22469.1 22467.4 22466.8 22466.5 22466.3 22466.3 22466.3 22466.3 22466.3 22466.3 22466.3 22466.3 22466.3 22466.3 22466.3 22466.3 22466.3 22466.3 22466.3 22466.3 22466.3 22466.3 22466.3 22466.3 22466.3 22466.3 22466.3 22466.3 22466.3 22466.3 22466.3 22466.3 22466.3 22466.3 22466.3 22466.3 22466.3 22466.3 22466.3 22466.3 22466.3 22466.3 22466.3 22466.3 22466.3 22466.3 22466.3 22466.3 22466.3 22466.3 22466.3 22466.3 22466.3 22466.3 22466.3 22466.3 22466.3 22466.3 22466.3 22466.3 22466.3 22466.3 22466.3 22466.3 22466.3 22466.3 22466.3 22466.3 22466.3 22466.3 22466.3 22466.3 22466.3 22466.3 22466.3 22466.3 22466.3 22466.3 22466.3 22466.3 22466.3 22466.3 22466.3 22466.3 22466.3 22466.3 0 0 0 0 0 0 0 0 0 0 0 0 0 0 0 0 0 0 0 0 0 0 0 0 0
