SBPRF35
0.356473
Curr Bio
154898
B35
312075
F35
0.530431
FOFL
0.331043
OFL
24010.6
Bzero
101849
#pred survey bio
 13296.3 13717.1 15353.7 17076.6 19585.1 23953.4 25390.2 30794.9 43421.9 59289.5 72506 83748.8 118256 146517 138596 113556 108770 100532 99304 98623.6 106025 113354 109973 118617 123776 136427 126740 120091 120030 5.61393e+06 4.48647e+06 3.9992e+06 2.89884e+06 2.0319e+06 1.49085e+06 1.1804e+06 1.00725e+06 910229 854375 820891 799907 786214 776975 770532 765941 762761 760536 758969 757862 757076 756519 756122 755840 755639 755496 755394 755322 755270 755233 755207 755188 755175 755165 755158 755154 755150 755148 755146 755145 755144 755143 755143 755142 755142 755142 755142 755142 755142 755142 755142 755142 755142 755142 755142 755142 755142 755142 755142 755142 755142 755142 755142 755142 755142 755142 755142 755142 755142 755142 755142 755142 755142 755142 755142 755142 755142 755142 755142 755142 755142 755142 755142 755142 755142 755142 755142 755142 755142 755142 755142 755142 755142 755142 755142 755142 755142 755142 755142 755142 0 0 0 0 0 0 0 0 0 0 0 0 0 0 0 0 0 0 0 0 0 0 0 0 0
#obs survey bio
 11278.4 10810.4 12862.9 15352.9 12866.9 36722.2 20419 32184.8 46263.6 57469.5 60465.5 96469.9 126552 84128.4 93294.5 92033.5 93523.8 84774.3 94785.2 69417.7 93703.7 97725.3 117912 74863.4 103006 82772.6 111495 115424 83418.6
#pred catch bio
 6853.62 7100.97 8339.65 9880.83 10771.8 15072.7 15921.1 18677.5 26618.2 37644.1 51418.1 56265.1 79909 106037 108886 87745.9 88021.5 78458.1 78436.1 77194.8 83167.5 95427.2 89759 101013 101847 120060 109542 102522 74031.1 24010.6 64930.6 62136.3 42228.5 27092 18347.9 13787.6 11546.2 10487.9 10002.4 9784.33 9687.92 9645.8 9627.56 9619.7 9616.33 9614.91 9614.32 9614.07 9613.97 9613.92 9613.9 9613.9 9613.89 9613.89 9613.89 9613.89 9613.89 9613.89 9613.89 9613.89 9613.89 9613.89 9613.89 9613.89 9613.89 9613.89 9613.89 9613.89 9613.89 9613.89 9613.89 9613.89 9613.89 9613.89 9613.89 9613.89 9613.89 9613.89 9613.89 9613.89 9613.89 9613.89 9613.89 9613.89 9613.89 9613.89 9613.89 9613.89 9613.89 9613.89 9613.89 9613.89 9613.89 9613.89 9613.89 9613.89 9613.89 9613.89 9613.89 9613.89 9613.89 9613.89 9613.89 9613.89 9613.89 9613.89 9613.89 9613.89 9613.89 9613.89 9613.89 9613.89 9613.89 9613.89 9613.89 9613.89 9613.89 9613.89 9613.89 9613.89 9613.89 9613.89 9613.89 9613.89 9613.89 9613.89 9613.89 9613.89 9613.89 0 0 0 0 0 0 0 0 0 0 0 0 0 0 0 0 0 0 0 0 0 0 0 0 0
#obs catch bio
 7025.27 7162.55 8366.84 9993.51 10751.2 14985.7 15893.2 18466.4 26031.8 36365.2 50671.7 54478.3 77529 104592 108228 88513.6 87475.9 77583 75512.6 75103.6 80464.9 91606 86097.8 98946 97975.2 117937 108788 98722.9 72449.7
#pred cpue bio
 9441.04 9371.57 10200 11185.4 12170.4 15022 15776 17848.7 24154.3 33671.4 42513.6 45984.8 62277.6 83071.4 84154.6 66449.9 60593.3 55171.3 55104.7 53664.8 56336.9 60748.7 56994.1 61200.4 61970.1 69846 64572.8 62114.4 61067.7 3.28145e+06 3.73733e+06 3.85078e+06 2.79855e+06 1.91954e+06 1.37411e+06 1.06267e+06 889314 792255 736392 702906 681922 668229 658990 652547 647956 644775 642550 640984 639876 639091 638533 638137 637855 637654 637511 637409 637336 637285 637248 637221 637203 637189 637180 637173 637168 637165 637162 637161 637159 637158 637158 637157 637157 637157 637157 637156 637156 637156 637156 637156 637156 637156 637156 637156 637156 637156 637156 637156 637156 637156 637156 637156 637156 637156 637156 637156 637156 637156 637156 637156 637156 637156 637156 637156 637156 637156 637156 637156 637156 637156 637156 637156 637156 637156 637156 637156 637156 637156 637156 637156 637156 637156 637156 637156 637156 637156 637156 637156 637156 0 0 0 0 0 0 0 0 0 0 0 0 0 0 0 0 0 0 0 0 0 0 0 0 0
#obs cpue bio
 8845.74 8984.14 11016.8 11827.8 18438 13181.1 19266.3 22518.7 34292.4 62236.3 55850.5 83718.4 76049.5 146054 140584 73017.7 81399.6 78386.9 122238 108158 110309 144125 100586 121350 145636 130921 82824.8 141929 117660
#pred surv len freq
 2.564e-27 2.59053e-27 3.49769e-26 6.8387e-20 1.67642e-14 4.96754e-10 1.77929e-06 0.000770365 0.0403181 0.255064 0.195399 0.0400626 0.167658 0.154835 0.0358893 0.0432239 0.0184891 0.0141202 0.00867141 0.00657365 0.00512723 0.00439928 0.00437293 0.0038518 0.00117281
 2.56452e-27 2.59209e-27 3.64369e-26 7.14673e-20 1.75193e-14 5.19129e-10 1.85943e-06 0.000805064 0.0421341 0.266552 0.204154 0.0389842 0.153302 0.142157 0.0441945 0.0651608 0.0221035 0.00919559 0.00413318 0.00236855 0.00151149 0.0011124 0.0009796 0.000861875 0.000287372
 2.56503e-27 2.59342e-27 3.75223e-26 7.37566e-20 1.80805e-14 5.35759e-10 1.919e-06 0.000830853 0.0434839 0.275091 0.210683 0.0395694 0.153168 0.141803 0.0399454 0.0556875 0.0212026 0.0121521 0.00389182 0.00122361 0.000520723 0.000293226 0.000214025 0.000176732 6.09704e-05
 2.56507e-27 2.59347e-27 3.7483e-26 7.36734e-20 1.80602e-14 5.35155e-10 1.91683e-06 0.000829916 0.0434348 0.274781 0.210458 0.0402677 0.158641 0.146751 0.0390051 0.0522116 0.0188367 0.00949727 0.00357558 0.00124607 0.000282846 8.94532e-05 4.63653e-05 3.29471e-05 1.1244e-05
 2.56661e-27 2.59754e-27 4.09875e-26 8.10661e-20 1.98724e-14 5.88854e-10 2.10918e-06 0.000913193 0.0477932 0.302353 0.231507 0.0400012 0.141825 0.131106 0.03396 0.0445787 0.015521 0.00697372 0.0023992 0.000800029 0.000210543 3.96297e-05 9.78107e-06 4.98899e-06 1.59543e-06
 2.56583e-27 2.59534e-27 3.89628e-26 7.67944e-20 1.88252e-14 5.57825e-10 1.99804e-06 0.000865073 0.0452748 0.286421 0.219362 0.041238 0.159769 0.147533 0.0344704 0.0415913 0.0143668 0.00628276 0.00204105 0.000603635 0.000145712 2.87239e-05 3.95344e-06 9.17926e-07 2.44893e-07
 2.56599e-27 2.59574e-27 3.92845e-26 7.7473e-20 1.89916e-14 5.62754e-10 2.01569e-06 0.000872717 0.0456749 0.288952 0.221295 0.0413194 0.15903 0.14685 0.0343502 0.0414371 0.0135174 0.00471151 0.00147019 0.000411054 8.84354e-05 1.56989e-05 1.98497e-06 1.99164e-07 3.09754e-08
 2.56803e-27 2.60123e-27 4.40916e-26 8.76137e-20 2.14774e-14 6.36415e-10 2.27953e-06 0.00098695 0.0516534 0.326774 0.25016 0.0403209 0.131153 0.121031 0.0280905 0.0336484 0.0109774 0.00380945 0.00108511 0.000249788 5.0124e-05 7.97233e-06 8.91354e-07 6.42075e-08 4.11659e-09
 2.56857e-27 2.60256e-27 4.51453e-26 8.98362e-20 2.20223e-14 6.52559e-10 2.33736e-06 0.00101199 0.0529637 0.335063 0.2565 0.0410225 0.132037 0.121617 0.0240432 0.0242525 0.00785875 0.0026693 0.000757567 0.000168375 2.84608e-05 3.93726e-06 3.90375e-07 2.36297e-08 8.24121e-10
 2.56784e-27 2.60056e-27 4.33483e-26 8.60451e-20 2.10929e-14 6.25021e-10 2.23872e-06 0.00096928 0.0507286 0.320923 0.245715 0.0417599 0.145226 0.133759 0.0256888 0.0249234 0.00766875 0.00196486 0.000533383 0.000115795 1.90958e-05 2.3101e-06 1.91469e-07 1.00041e-08 2.63098e-10
 2.56706e-27 2.59846e-27 4.15301e-26 8.22096e-20 2.01527e-14 5.9716e-10 2.13893e-06 0.000926074 0.0484674 0.306618 0.234796 0.0420004 0.154728 0.142605 0.0286544 0.029456 0.00897777 0.00213685 0.000526968 8.93174e-05 1.38901e-05 1.62551e-06 1.19173e-07 5.1444e-09 1.12561e-10
 2.56872e-27 2.60295e-27 4.54625e-26 9.05053e-20 2.21863e-14 6.5742e-10 2.35477e-06 0.00101952 0.0533582 0.337559 0.258408 0.0411504 0.13167 0.12125 0.0234779 0.0230236 0.0069928 0.00162919 0.000391498 5.96437e-05 7.60115e-06 7.52308e-07 5.2212e-08 1.98865e-09 3.5824e-11
 2.56947e-27 2.60491e-27 4.71477e-26 9.40602e-20 2.30577e-14 6.83241e-10 2.44726e-06 0.00105957 0.055454 0.350817 0.268531 0.0411028 0.124195 0.114245 0.0202918 0.0175174 0.00527915 0.00117717 0.000279744 4.17254e-05 4.97132e-06 4.10627e-07 2.31356e-08 8.02057e-10 1.26676e-11
 2.56737e-27 2.59917e-27 4.20164e-26 8.32351e-20 2.04041e-14 6.04609e-10 2.16561e-06 0.000937626 0.049072 0.310443 0.237732 0.0429908 0.160202 0.147396 0.0247846 0.0194093 0.00570738 0.00104828 0.000237349 3.38365e-05 3.9428e-06 3.08346e-07 1.47103e-08 4.10176e-10 5.702e-12
 2.56562e-27 2.5945e-27 3.79676e-26 7.46941e-20 1.83104e-14 5.42569e-10 1.94339e-06 0.000841413 0.0440365 0.278588 0.213415 0.0434675 0.180914 0.166695 0.0315736 0.0300222 0.00872988 0.00138483 0.000291234 3.46956e-05 3.76111e-06 2.82182e-07 1.27565e-08 3.04328e-10 3.40956e-12
 2.56697e-27 2.59821e-27 4.12756e-26 8.16727e-20 2.00211e-14 5.9326e-10 2.12496e-06 0.000920025 0.0481508 0.304615 0.233271 0.0422785 0.157916 0.145512 0.028539 0.0284442 0.00841129 0.00156847 0.000333718 3.41667e-05 3.20314e-06 2.06199e-07 8.75522e-09 1.96415e-10 1.89817e-12
 2.56806e-27 2.60108e-27 4.37537e-26 8.69001e-20 2.13025e-14 6.31232e-10 2.26097e-06 0.000978912 0.0512327 0.324112 0.248156 0.0421282 0.146314 0.13466 0.0239705 0.0207619 0.00616472 0.00121573 0.00026857 3.14644e-05 2.86608e-06 1.54941e-07 5.52952e-09 1.12442e-10 1.01204e-12
 2.56804e-27 2.60095e-27 4.35556e-26 8.6482e-20 2.12e-14 6.28194e-10 2.25009e-06 0.000974201 0.0509862 0.322553 0.246977 0.0428795 0.152859 0.14054 0.0221074 0.0150252 0.00431481 0.000633147 0.000131092 1.58706e-05 1.55469e-06 9.02805e-08 2.82633e-09 4.75191e-11 3.77453e-13
 2.5679e-27 2.60059e-27 4.32694e-26 8.58782e-20 2.1052e-14 6.23809e-10 2.23438e-06 0.0009674 0.0506302 0.320301 0.245255 0.042694 0.152658 0.140423 0.0233591 0.0179021 0.00507566 0.000608297 0.000112759 1.06537e-05 9.79202e-07 6.01514e-08 2.03995e-09 3.20225e-11 2.11334e-13
 2.5684e-27 2.60197e-27 4.44832e-26 8.8439e-20 2.16798e-14 6.4241e-10 2.30101e-06 0.000996247 0.05214 0.329852 0.252542 0.0423433 0.144869 0.13323 0.0219743 0.0165586 0.00473047 0.000632621 0.000118784 9.29074e-06 7.00149e-07 3.52206e-08 1.20261e-09 2.02679e-11 1.30063e-13
 2.56893e-27 2.60338e-27 4.57255e-26 9.10595e-20 2.23221e-14 6.61445e-10 2.36919e-06 0.00102577 0.0536849 0.339626 0.260001 0.0420682 0.137535 0.126438 0.0203239 0.0145061 0.00413434 0.000543234 0.000102729 8.79558e-06 6.42985e-07 2.5758e-08 7.00084e-10 1.10112e-11 7.44117e-14
 2.56861e-27 2.60249e-27 4.49079e-26 8.93347e-20 2.18993e-14 6.48916e-10 2.32431e-06 0.00100634 0.052668 0.333193 0.255096 0.0425152 0.144383 0.132709 0.0205689 0.0134856 0.00381608 0.000464314 8.52677e-05 7.17839e-06 5.39061e-07 2.27258e-08 5.30659e-10 6.49757e-12 3.88353e-14
 2.56928e-27 2.60429e-27 4.64843e-26 9.26603e-20 2.27145e-14 6.73073e-10 2.41083e-06 0.0010438 0.0546287 0.345596 0.264562 0.0422221 0.135501 0.12447 0.0183138 0.0104177 0.00290229 0.000288353 4.80501e-05 3.69185e-06 2.63475e-07 1.10503e-08 2.68938e-10 3.0493e-12 1.44334e-14
 2.56937e-27 2.60454e-27 4.6708e-26 9.31322e-20 2.28302e-14 6.765e-10 2.42311e-06 0.00104911 0.0549069 0.347356 0.265905 0.0421609 0.134092 0.123168 0.0180641 0.0101752 0.00282105 0.00025668 4.00893e-05 2.59744e-06 1.62374e-07 6.2117e-09 1.46704e-10 1.69788e-12 7.7457e-15
 2.56994e-27 2.60606e-27 4.80369e-26 9.59354e-20 2.35174e-14 6.96863e-10 2.49605e-06 0.00108069 0.0565596 0.357811 0.273884 0.0418853 0.126389 0.116028 0.0162272 0.00778606 0.00214049 0.000178319 2.61934e-05 1.54571e-06 8.54098e-08 2.70085e-09 5.62292e-11 6.11924e-13 2.7938e-15
 2.56944e-27 2.60471e-27 4.68398e-26 9.341e-20 2.28983e-14 6.78519e-10 2.43034e-06 0.00105224 0.0550707 0.348392 0.266698 0.0422934 0.134543 0.123542 0.0173701 0.00849932 0.00232992 0.00017963 2.48767e-05 1.37058e-06 6.97156e-08 1.94972e-09 3.41874e-11 3.13287e-13 1.30927e-15
 2.56946e-27 2.60474e-27 4.68409e-26 9.34123e-20 2.28989e-14 6.78535e-10 2.4304e-06 0.00105227 0.055072 0.348401 0.266708 0.0424514 0.135739 0.124607 0.0168508 0.00704857 0.00191592 0.000134746 1.72331e-05 8.71576e-07 4.01341e-08 1.02263e-09 1.60336e-11 1.24403e-13 4.32488e-16
 2.56915e-27 2.6039e-27 4.61034e-26 9.18565e-20 2.25175e-14 6.67234e-10 2.38992e-06 0.00103474 0.0541548 0.342598 0.26228 0.042641 0.140293 0.128818 0.0177614 0.00806332 0.00219182 0.000143897 1.71854e-05 8.09153e-07 3.37424e-08 7.71958e-10 1.09024e-11 7.53707e-14 2.25081e-16
 2.56961e-27 2.60516e-27 4.72416e-26 9.42577e-20 2.31061e-14 6.84677e-10 2.4524e-06 0.00106179 0.0555705 0.351554 0.26911 0.0421195 0.131525 0.12077 0.0171176 0.0086207 0.00235751 0.000167917 2.15139e-05 9.64711e-07 3.70631e-08 7.71256e-10 9.7578e-12 5.98376e-14 1.59099e-16
#obs surv len freq
 1.24572e-41 1.72898e-33 2.90072e-26 5.8826e-20 1.44205e-14 4.27306e-10 1.53054e-06 0.000662671 0.0346815 0.219406 0.168268 0.0416921 0.170208 0.142516 0.0893975 0.0847138 0.0335126 0.0121652 0.00248349 0.000278714 1.2681e-05 1.72108e-07 5.28657e-10 2.99963e-13 2.74795e-17
 1.56205e-41 2.16802e-33 3.6373e-26 7.37637e-20 1.80823e-14 5.35811e-10 1.91919e-06 0.000830943 0.0434882 0.27512 0.210845 0.0426359 0.141752 0.112965 0.0739982 0.0645341 0.0243131 0.0079431 0.00143086 0.000137156 5.10238e-06 5.37062e-08 1.2261e-10 5.03569e-14 3.29025e-18
 1.29419e-41 1.79625e-33 3.01359e-26 6.1115e-20 1.49816e-14 4.43933e-10 1.5901e-06 0.000688456 0.0360311 0.227944 0.175065 0.0518356 0.204369 0.150157 0.0728496 0.0549098 0.0195146 0.005677 0.000884764 7.02543e-05 2.08824e-06 1.69246e-08 2.87588e-11 8.57596e-15 4.00608e-19
 1.56031e-41 2.16561e-33 3.63327e-26 7.36819e-20 1.80622e-14 5.35218e-10 1.91706e-06 0.000830022 0.04344 0.274815 0.210786 0.0473854 0.149594 0.109466 0.0846718 0.0594404 0.0154399 0.00361526 0.000482313 3.11512e-05 7.20619e-07 4.41271e-09 5.54506e-12 1.20187e-15 4.02778e-20
 1.53797e-41 2.13459e-33 3.58123e-26 7.26265e-20 1.78035e-14 5.27551e-10 1.8896e-06 0.000818133 0.0428178 0.27088 0.208024 0.0553609 0.18026 0.118875 0.0639011 0.0416946 0.0141774 0.0029034 0.000272409 1.35422e-05 2.39362e-07 1.08514e-09 9.92817e-13 1.5525e-16 3.72794e-21
 1.34878e-41 1.87202e-33 3.14069e-26 6.36926e-20 1.56135e-14 4.62657e-10 1.65716e-06 0.000717494 0.0375507 0.23756 0.182825 0.0611864 0.205262 0.131055 0.0836308 0.0467637 0.0110897 0.00215032 0.000198937 7.04644e-06 8.70733e-08 2.85e-10 1.8695e-13 2.08166e-17 3.54987e-22
 1.56289e-41 2.16919e-33 3.63926e-26 7.38034e-20 1.8092e-14 5.361e-10 1.92022e-06 0.000831391 0.0435117 0.275271 0.211592 0.058065 0.165592 0.10506 0.0834841 0.044175 0.0106957 0.0016034 0.000113346 3.5177e-06 3.18091e-08 6.99211e-11 3.16275e-14 2.46744e-18 2.95528e-23
 1.73148e-41 2.40318e-33 4.03184e-26 8.17649e-20 2.00437e-14 5.93932e-10 2.12737e-06 0.000921077 0.0482055 0.304966 0.234469 0.0627272 0.163044 0.0926496 0.0567152 0.0278438 0.00735801 0.00103767 5.98901e-05 1.34722e-06 9.41992e-09 1.51734e-11 4.63463e-15 2.42273e-19 1.98292e-24
 1.65327e-41 2.29463e-33 3.84971e-26 7.80714e-20 1.91383e-14 5.67103e-10 2.03127e-06 0.000879469 0.0460279 0.291192 0.224359 0.0712846 0.185038 0.0982035 0.0554039 0.0225076 0.00449131 0.000577695 3.15055e-05 5.69053e-07 2.83685e-09 3.27656e-12 7.22206e-16 2.62275e-20 1.44683e-25
 1.53276e-41 2.12737e-33 3.5691e-26 7.23806e-20 1.77433e-14 5.25765e-10 1.88321e-06 0.000815363 0.0426729 0.26997 0.208593 0.0785078 0.19972 0.1048 0.0667441 0.0238939 0.00389695 0.000369966 1.55603e-05 2.40333e-07 9.48675e-10 7.83151e-13 1.19707e-16 3.04819e-21 1.18237e-26
 1.46361e-41 2.03139e-33 3.40808e-26 6.91152e-20 1.69428e-14 5.02046e-10 1.79825e-06 0.000778579 0.0407477 0.257794 0.199729 0.0841064 0.203693 0.107565 0.0756753 0.0254389 0.00413948 0.000321415 9.62139e-06 1.05368e-07 3.19482e-10 2.03365e-13 2.26502e-17 4.02196e-22 1.07463e-27
 1.88214e-41 2.61229e-33 4.38266e-26 8.88795e-20 2.17878e-14 6.45611e-10 2.31247e-06 0.00100122 0.0523999 0.331508 0.255633 0.0729415 0.140684 0.0737048 0.052701 0.0165695 0.00266285 0.000187629 4.6759e-06 3.62211e-08 7.3902e-11 3.32273e-14 2.72318e-18 3.55034e-23 6.79505e-29
 1.57045e-41 2.17968e-33 3.65686e-26 7.41604e-20 1.81795e-14 5.38693e-10 1.92951e-06 0.000835412 0.0437221 0.27662 0.215423 0.102273 0.213768 0.0901798 0.0429647 0.0122143 0.00187406 0.000120333 2.66618e-06 1.67432e-08 2.46474e-11 7.41819e-15 4.07619e-19 3.68886e-24 5.03613e-30
 1.27322e-41 1.76714e-33 2.96475e-26 6.01246e-20 1.47388e-14 4.36738e-10 1.56433e-06 0.000677299 0.0354472 0.22428 0.176557 0.113825 0.233604 0.119221 0.0776697 0.0169037 0.00171848 9.22597e-05 1.78499e-06 9.43399e-09 1.10429e-11 2.45413e-15 9.32828e-20 5.64877e-25 5.16044e-31
 1.148e-41 1.59334e-33 2.67316e-26 5.42112e-20 1.32892e-14 3.93784e-10 1.41047e-06 0.000610686 0.0319609 0.202233 0.160483 0.117438 0.227365 0.135257 0.0979651 0.0238125 0.00276585 0.000106074 1.4117e-06 5.88691e-09 5.52481e-12 9.56695e-16 2.72817e-20 1.19059e-25 7.5707e-32
 1.55212e-41 2.15424e-33 3.61418e-26 7.32948e-20 1.79674e-14 5.32406e-10 1.90699e-06 0.000825661 0.0432118 0.273408 0.214133 0.100649 0.165429 0.104996 0.0750137 0.0197015 0.00252593 0.000102699 1.18356e-06 3.36145e-09 2.20989e-12 2.86791e-16 6.20682e-21 2.03165e-26 9.51837e-33
 1.40698e-41 1.9528e-33 3.27622e-26 6.64411e-20 1.62873e-14 4.82621e-10 1.72867e-06 0.000748455 0.0391712 0.247876 0.197661 0.135904 0.215107 0.0971904 0.0516293 0.0130093 0.00163318 6.83536e-05 7.90111e-07 2.00222e-09 9.80969e-13 8.63555e-17 1.29088e-21 3.0368e-27 1.04267e-33
 1.46346e-41 2.03119e-33 3.40774e-26 6.91084e-20 1.69411e-14 5.01996e-10 1.79807e-06 0.000778501 0.0407437 0.257834 0.205595 0.129958 0.189927 0.107536 0.0569217 0.00976273 0.000907406 3.43429e-05 3.73129e-07 8.8191e-10 3.80523e-13 2.68607e-17 2.92049e-22 4.72011e-28 1.10483e-34
 1.44433e-41 2.00463e-33 3.36318e-26 6.82046e-20 1.67196e-14 4.95431e-10 1.77455e-06 0.00076832 0.040211 0.254493 0.205147 0.144554 0.195733 0.100888 0.048592 0.00889902 0.000695389 1.76517e-05 1.47141e-07 2.96223e-10 1.10378e-13 6.61253e-18 5.88546e-23 7.41945e-29 1.28676e-35
 1.56173e-41 2.16758e-33 3.63657e-26 7.37488e-20 1.80787e-14 5.35704e-10 1.9188e-06 0.000830775 0.0434796 0.27519 0.221672 0.141734 0.17525 0.094157 0.0408935 0.00633878 0.000442169 9.78561e-06 5.80335e-08 8.07865e-11 2.28028e-14 1.08979e-18 7.8204e-24 7.8991e-30 1.08197e-36
 1.50771e-41 2.0926e-33 3.51078e-26 7.11978e-20 1.74533e-14 5.17174e-10 1.85243e-06 0.000802039 0.0419758 0.265729 0.21758 0.160393 0.184518 0.0893993 0.0343168 0.00498384 0.000295412 5.35765e-06 2.59937e-08 2.70097e-11 5.23383e-15 1.73353e-19 9.04902e-25 6.89251e-31 7.23565e-38
 1.55686e-41 2.16082e-33 3.62523e-26 7.35188e-20 1.80223e-14 5.34033e-10 1.91282e-06 0.000828185 0.0433443 0.274425 0.225662 0.160442 0.172333 0.0887608 0.0303874 0.00363225 0.000179263 2.68706e-06 1.02296e-08 8.19773e-12 1.19477e-15 2.83025e-20 1.01719e-25 5.31424e-32 3.90218e-39
 1.55874e-41 2.16343e-33 3.6296e-26 7.36075e-20 1.8044e-14 5.34677e-10 1.91513e-06 0.000829184 0.0433967 0.274827 0.22896 0.171146 0.170247 0.0821755 0.0254542 0.00284443 0.000116094 1.35219e-06 3.99522e-09 2.4414e-12 2.65732e-16 4.65423e-21 1.22156e-26 4.56549e-33 2.3465e-40
 1.5913e-41 2.20862e-33 3.70542e-26 7.51452e-20 1.8421e-14 5.45846e-10 1.95513e-06 0.000846505 0.0443035 0.280634 0.235735 0.174258 0.162324 0.0782031 0.0215194 0.00210079 7.38976e-05 7.10565e-07 1.60269e-09 7.25609e-13 5.83222e-17 7.49749e-22 1.43307e-27 3.88108e-34 1.44001e-41
 1.58912e-41 2.2056e-33 3.70035e-26 7.50424e-20 1.83958e-14 5.451e-10 1.95246e-06 0.000845348 0.0442432 0.280362 0.239264 0.184216 0.159805 0.07214 0.0175723 0.00150727 4.38041e-05 3.39829e-07 6.05415e-10 2.07879e-13 1.22182e-17 1.13217e-22 1.55752e-28 3.03649e-35 8.09869e-43
 1.3733e-41 1.90605e-33 3.19779e-26 6.48505e-20 1.58973e-14 4.71067e-10 1.68729e-06 0.000730538 0.0382352 0.242583 0.218911 0.217217 0.183174 0.080618 0.0172378 0.00126164 3.02356e-05 1.87208e-07 2.57508e-10 6.71529e-14 2.95372e-18 2.00909e-23 1.99314e-29 2.77269e-36 5.25763e-44
 1.40386e-41 1.94847e-33 3.26896e-26 6.62939e-20 1.62512e-14 4.81552e-10 1.72484e-06 0.000746796 0.0390866 0.248067 0.223993 0.205189 0.176417 0.0880729 0.0173029 0.00110137 2.14836e-05 1.04441e-07 1.1009e-10 2.15532e-14 7.01531e-19 3.5042e-24 2.53838e-30 2.56067e-37 3.49332e-45
 1.46506e-41 2.0334e-33 3.41145e-26 6.91836e-20 1.69595e-14 5.02542e-10 1.80002e-06 0.000779349 0.0407902 0.258832 0.231688 0.202919 0.169279 0.0786053 0.0160189 0.00106785 1.93012e-05 8.10723e-08 7.1226e-11 1.14364e-14 3.03058e-19 1.22634e-24 7.16987e-31 5.82603e-38 6.39656e-46
 1.46507e-41 2.03342e-33 3.41149e-26 6.91843e-20 1.69597e-14 5.02547e-10 1.80004e-06 0.000779357 0.0407906 0.258834 0.23169 0.202924 0.169366 0.0787797 0.0158179 0.000999507 1.6774e-05 6.40473e-08 5.03119e-11 7.1444e-15 1.6615e-19 5.87121e-25 2.98701e-31 2.1067e-38 2.00392e-46
#pred catch len freq
 2.55862e-27 2.57623e-27 2.26818e-26 4.24509e-20 1.04063e-14 3.08358e-10 1.10449e-06 0.000478201 0.0250273 0.15833 0.121545 0.0407423 0.224717 0.207868 0.0519883 0.0667807 0.0285666 0.0217802 0.0133085 0.010047 0.00781636 0.00669894 0.00665617 0.00586246 0.00178501
 2.55905e-27 2.57766e-27 2.40625e-26 4.53639e-20 1.11204e-14 3.29517e-10 1.18028e-06 0.000511014 0.0267447 0.169195 0.129819 0.0393104 0.208012 0.193332 0.0656966 0.101403 0.0343925 0.0142736 0.00638713 0.00364231 0.00231796 0.00170381 0.00149975 0.00131939 0.000439916
 2.55976e-27 2.57948e-27 2.55308e-26 4.84608e-20 1.18796e-14 3.52013e-10 1.26085e-06 0.000545901 0.0285705 0.180745 0.138655 0.0403575 0.209772 0.194582 0.0591254 0.0862969 0.0328231 0.0187438 0.00598502 0.00187018 0.000793302 0.000446054 0.00032541 0.000268679 9.26901e-05
 2.5601e-27 2.58023e-27 2.6047e-26 4.95491e-20 1.21464e-14 3.59919e-10 1.28917e-06 0.000558161 0.0292121 0.184804 0.141772 0.0414384 0.215808 0.19996 0.0566342 0.0791217 0.0285022 0.0142868 0.00535656 0.00185737 0.000420399 0.000132675 6.87214e-05 4.88266e-05 1.6663e-05
 2.56159e-27 2.58415e-27 2.93833e-26 5.65869e-20 1.38716e-14 4.1104e-10 1.47228e-06 0.000637439 0.0333613 0.211053 0.161814 0.0414174 0.201567 0.186666 0.0515706 0.0708317 0.0246336 0.0110073 0.00377273 0.00125102 0.000328317 6.16995e-05 1.52129e-05 7.75779e-06 2.48082e-06
 2.56133e-27 2.58328e-27 2.84544e-26 5.46267e-20 1.33911e-14 3.96801e-10 1.42128e-06 0.000615358 0.0322056 0.203742 0.156258 0.0430309 0.217749 0.201319 0.0491091 0.0614893 0.0211931 0.00918274 0.00297126 0.000873363 0.000210187 4.13634e-05 5.68852e-06 1.32027e-06 3.52218e-07
 2.5615e-27 2.5837e-27 2.87876e-26 5.53294e-20 1.35633e-14 4.01906e-10 1.43956e-06 0.000623275 0.0326199 0.206363 0.158261 0.0431815 0.217488 0.201078 0.049102 0.061458 0.0200154 0.00690973 0.00214725 0.000596675 0.000127991 2.26792e-05 2.8652e-06 2.8738e-07 4.46906e-08
 2.5637e-27 2.5896e-27 3.3939e-26 6.61965e-20 1.62273e-14 4.80843e-10 1.7223e-06 0.000745689 0.0390267 0.246894 0.189195 0.0422171 0.188416 0.174128 0.0421049 0.0522707 0.0170229 0.00584891 0.00166005 0.000379627 7.59409e-05 1.20564e-05 1.3468e-06 9.69807e-08 6.21696e-09
 2.56448e-27 2.59153e-27 3.54561e-26 6.93962e-20 1.70116e-14 5.04085e-10 1.80555e-06 0.000781734 0.0409131 0.258828 0.198326 0.0433637 0.190726 0.175898 0.0358738 0.0375867 0.0121576 0.00408457 0.00115487 0.000255001 4.2974e-05 5.93272e-06 5.87691e-07 3.55602e-08 1.24004e-09
 2.56378e-27 2.58957e-27 3.36714e-26 6.56311e-20 1.60887e-14 4.76736e-10 1.70759e-06 0.000739321 0.0386934 0.244786 0.187617 0.0442279 0.204826 0.18886 0.0372916 0.0375174 0.0115291 0.00291948 0.000789136 0.000170178 2.79803e-05 3.37812e-06 2.79714e-07 1.46088e-08 3.84145e-10
 2.56337e-27 2.58851e-27 3.27653e-26 6.37198e-20 1.56201e-14 4.62853e-10 1.65786e-06 0.000717791 0.0375666 0.237657 0.182173 0.0442031 0.208462 0.192293 0.039312 0.041254 0.0125509 0.00294318 0.000722614 0.000121581 1.88427e-05 2.20059e-06 1.6118e-07 6.95465e-09 1.52144e-10
 2.56511e-27 2.59317e-27 3.68417e-26 7.23191e-20 1.77281e-14 5.25317e-10 1.8816e-06 0.000814659 0.0426363 0.269729 0.20665 0.0434072 0.185208 0.170735 0.0336864 0.0338481 0.0102638 0.00235746 0.000564148 8.53316e-05 1.08389e-05 1.07023e-06 7.42007e-08 2.82494e-09 5.08801e-11
 2.5661e-27 2.59579e-27 3.90805e-26 7.70417e-20 1.88858e-14 5.59621e-10 2.00447e-06 0.000867859 0.0454206 0.287343 0.220101 0.0434324 0.17595 0.162028 0.0291786 0.025755 0.00774916 0.00170212 0.000402709 5.96325e-05 7.0819e-06 5.83584e-07 3.28431e-08 1.13803e-09 1.79706e-11
 2.56391e-27 2.58976e-27 3.36819e-26 6.56526e-20 1.60939e-14 4.76892e-10 1.70815e-06 0.000739563 0.0387061 0.244866 0.187699 0.0455352 0.214717 0.197696 0.0335782 0.0267972 0.00786948 0.00142298 0.000320529 4.53593e-05 5.26798e-06 4.11022e-07 1.95869e-08 5.45853e-10 7.58647e-12
 2.56238e-27 2.58572e-27 3.02173e-26 5.83443e-20 1.43024e-14 4.23806e-10 1.518e-06 0.000657236 0.0343974 0.217608 0.166887 0.0456385 0.230125 0.21215 0.0404071 0.0387177 0.0112424 0.00175332 0.000366566 4.33426e-05 4.68094e-06 3.50347e-07 1.58205e-08 3.7722e-10 4.2252e-12
 2.56379e-27 2.58958e-27 3.36652e-26 6.56181e-20 1.60855e-14 4.76642e-10 1.70725e-06 0.000739174 0.0386857 0.244737 0.187581 0.044343 0.205727 0.189689 0.0373964 0.0375184 0.0110748 0.00202922 0.000429615 4.36642e-05 4.07752e-06 2.61805e-07 1.11029e-08 2.48946e-10 2.40527e-12
 2.56539e-27 2.59384e-27 3.7335e-26 7.33593e-20 1.79831e-14 5.32873e-10 1.90866e-06 0.000826377 0.0432496 0.273609 0.209624 0.0440816 0.188251 0.173356 0.0307586 0.0264987 0.00784979 0.00151768 0.000333451 3.87674e-05 3.5192e-06 1.89746e-07 6.7628e-09 1.37435e-10 1.23668e-12
 2.56515e-27 2.59308e-27 3.65638e-26 7.1732e-20 1.75842e-14 5.21052e-10 1.86632e-06 0.000808046 0.0422902 0.26754 0.205007 0.0451893 0.199924 0.183925 0.0289515 0.0197075 0.00565129 0.000814556 0.000167529 2.01278e-05 1.96489e-06 1.13821e-07 3.55911e-09 5.9799e-11 4.74859e-13
 2.56505e-27 2.59284e-27 3.63905e-26 7.13667e-20 1.74947e-14 5.18399e-10 1.85682e-06 0.000803931 0.0420748 0.266177 0.203962 0.0448878 0.198364 0.182576 0.0303661 0.023264 0.00658832 0.00077611 0.000142779 1.33902e-05 1.22552e-06 7.50934e-08 2.54377e-09 3.99078e-11 2.63296e-13
 2.5656e-27 2.59433e-27 3.7711e-26 7.41524e-20 1.81776e-14 5.38634e-10 1.9293e-06 0.000835312 0.0437172 0.276567 0.211889 0.0445144 0.189953 0.174805 0.0288273 0.0217157 0.00619551 0.000813975 0.000151828 1.17934e-05 8.84694e-07 4.43806e-08 1.51338e-09 2.54904e-11 1.63534e-13
 2.56626e-27 2.59611e-27 3.92656e-26 7.74319e-20 1.89815e-14 5.62455e-10 2.01462e-06 0.000872254 0.0456506 0.288799 0.221224 0.0441844 0.180883 0.166401 0.0267146 0.0190152 0.00541204 0.000698426 0.000131158 1.11496e-05 8.11799e-07 3.24317e-08 8.80173e-10 1.38339e-11 9.34607e-14
 2.56634e-27 2.59629e-27 3.93953e-26 7.77054e-20 1.90485e-14 5.64442e-10 2.02174e-06 0.000875335 0.0458119 0.289819 0.222006 0.0444008 0.181981 0.167352 0.0257681 0.0166176 0.00469459 0.000560257 0.000102053 8.52848e-06 6.37705e-07 2.68129e-08 6.25269e-10 7.65003e-12 4.57076e-14
 2.56695e-27 2.59792e-27 4.08144e-26 8.0699e-20 1.97824e-14 5.86188e-10 2.09963e-06 0.000909058 0.0475768 0.300984 0.230529 0.0442114 0.174551 0.160439 0.0235051 0.0131975 0.00367207 0.000358517 5.91793e-05 4.51468e-06 3.20728e-07 1.3415e-08 3.26052e-10 3.69428e-12 1.74803e-14
 2.56734e-27 2.599e-27 4.17667e-26 8.2708e-20 2.02749e-14 6.0078e-10 2.15189e-06 0.000931688 0.0487612 0.308477 0.236245 0.0439161 0.168288 0.154662 0.0225198 0.0124052 0.00343439 0.000307013 4.7444e-05 3.05343e-06 1.89878e-07 7.24341e-09 1.70826e-10 1.97563e-12 9.00983e-15
 2.56782e-27 2.60026e-27 4.28636e-26 8.50218e-20 2.08421e-14 6.17587e-10 2.21209e-06 0.000957753 0.0501253 0.317107 0.242833 0.043759 0.162464 0.149244 0.0207743 0.00979089 0.00268826 0.00022033 3.2006e-05 1.87689e-06 1.03147e-07 3.2525e-09 6.76054e-11 7.35156e-13 3.35527e-15
 2.56766e-27 2.59983e-27 4.24782e-26 8.42088e-20 2.06428e-14 6.11682e-10 2.19094e-06 0.000948594 0.049646 0.314074 0.240519 0.0438896 0.165083 0.151658 0.0211508 0.0100407 0.00274818 0.0002084 2.84958e-05 1.56036e-06 7.89111e-08 2.20068e-09 3.85234e-11 3.52717e-13 1.47348e-15
 2.56755e-27 2.59951e-27 4.21724e-26 8.35636e-20 2.04846e-14 6.06996e-10 2.17416e-06 0.000941327 0.0492656 0.311668 0.238687 0.0441846 0.168616 0.154869 0.0208162 0.00847113 0.00229916 0.000159273 2.0095e-05 1.01051e-06 4.62477e-08 1.17509e-09 1.83924e-11 1.42579e-13 4.95465e-16
 2.56709e-27 2.59826e-27 4.10749e-26 8.12483e-20 1.9917e-14 5.90177e-10 2.11392e-06 0.000915245 0.0479006 0.303033 0.232097 0.0444856 0.175536 0.161263 0.0221077 0.00980439 0.00266187 0.000172339 2.02922e-05 9.50338e-07 3.93773e-08 8.98369e-10 1.26646e-11 8.74737e-14 2.61109e-16
 2.56597e-27 2.59522e-27 3.83911e-26 7.55868e-20 1.85292e-14 5.49053e-10 1.96661e-06 0.000851469 0.0445628 0.281917 0.215985 0.0451855 0.192182 0.176653 0.0253638 0.0133509 0.00365419 0.000258082 3.2821e-05 1.46565e-06 5.59867e-08 1.16206e-09 1.46754e-11 8.99105e-14 2.38947e-16
#obs catch len freq
 5.96645e-42 8.28104e-34 1.38932e-26 2.8175e-20 6.90678e-15 2.04661e-10 7.33061e-07 0.00031739 0.0166109 0.105087 0.0810081 0.0422444 0.226205 0.191083 0.13199 0.127933 0.0529441 0.0198718 0.00419551 0.000485441 2.29897e-05 3.27083e-07 1.05253e-09 6.22646e-13 5.91257e-17
 6.82408e-42 9.47137e-34 1.58902e-26 3.2225e-20 7.89957e-15 2.34079e-10 8.38432e-07 0.000363012 0.0189986 0.120192 0.0926568 0.0461403 0.229882 0.184597 0.12912 0.11448 0.0449981 0.0153421 0.00292464 0.000292848 1.13067e-05 1.23671e-07 2.93842e-10 1.25352e-13 8.4746e-18
 1.03876e-41 1.44173e-33 2.41881e-26 4.90529e-20 1.20247e-14 3.56315e-10 1.27626e-06 0.000552577 0.0289197 0.182956 0.140651 0.0481319 0.201446 0.153736 0.109745 0.0888637 0.0330823 0.0100824 0.00168438 0.000142883 4.46703e-06 3.7583e-08 6.6019e-11 2.03253e-14 9.785e-19
 8.8489e-42 1.22817e-33 2.06051e-26 4.17867e-20 1.02435e-14 3.03534e-10 1.08721e-06 0.000470724 0.0246358 0.155856 0.120298 0.0602281 0.262844 0.183293 0.0951022 0.0667216 0.023303 0.00628183 0.000900656 6.27745e-05 1.55538e-06 1.00048e-08 1.3016e-11 2.90107e-15 9.96965e-20
 1.21626e-41 1.68809e-33 2.83212e-26 5.74348e-20 1.40795e-14 4.172e-10 1.49434e-06 0.000646999 0.0338613 0.214219 0.164759 0.0540103 0.193608 0.13586 0.110361 0.0704571 0.0178258 0.00388887 0.00047338 2.65938e-05 5.08913e-07 2.459e-09 2.35583e-12 3.80599e-16 9.3685e-21
 1.28151e-41 1.77866e-33 2.98406e-26 6.05162e-20 1.48348e-14 4.39583e-10 1.57452e-06 0.000681711 0.035678 0.225713 0.173853 0.0636762 0.220543 0.13791 0.0771058 0.0465141 0.0152576 0.00281471 0.000240974 1.03901e-05 1.50792e-07 5.36635e-10 3.73055e-13 4.33799e-17 7.6392e-22
 1.16914e-41 1.62268e-33 2.72239e-26 5.52095e-20 1.3534e-14 4.01036e-10 1.43645e-06 0.000621931 0.0325494 0.205922 0.159023 0.0695118 0.235369 0.143084 0.0935075 0.0474363 0.0108789 0.00193263 0.000158028 4.78862e-06 4.85875e-08 1.24416e-10 6.18353e-14 5.1106e-18 6.38303e-23
 1.45095e-41 2.01383e-33 3.37861e-26 6.85175e-20 1.67963e-14 4.97704e-10 1.78269e-06 0.000771845 0.0403953 0.255557 0.196851 0.0646517 0.184699 0.112503 0.0899654 0.0431991 0.00997395 0.00134398 8.50471e-05 2.22591e-06 1.62735e-08 2.79528e-11 9.5742e-15 5.53741e-19 4.85286e-24
 1.6747e-41 2.32437e-33 3.89962e-26 7.90834e-20 1.93864e-14 5.74454e-10 2.0576e-06 0.00089087 0.0466246 0.294966 0.227155 0.0688107 0.175125 0.0947082 0.0581592 0.0261655 0.00653221 0.000818684 4.14559e-05 7.86134e-07 4.42478e-09 5.52006e-12 1.27405e-15 4.93809e-20 2.95618e-25
 1.64106e-41 2.27768e-33 3.82128e-26 7.74948e-20 1.89969e-14 5.62914e-10 2.01627e-06 0.000872973 0.045688 0.289044 0.22308 0.0771323 0.190401 0.0960234 0.0537718 0.0197918 0.0037417 0.000430605 2.02886e-05 3.03857e-07 1.2129e-09 1.08343e-12 1.79866e-16 4.83695e-21 1.95274e-26
 1.55556e-41 2.15902e-33 3.6222e-26 7.34575e-20 1.80073e-14 5.33588e-10 1.91122e-06 0.000827494 0.0433078 0.273989 0.212066 0.0840398 0.199671 0.100261 0.0623976 0.0201024 0.00306848 0.000258654 9.462e-06 1.2032e-07 3.75718e-10 2.38578e-13 2.74329e-17 5.16722e-22 1.4659e-27
 1.51675e-41 2.10515e-33 3.53183e-26 7.16248e-20 1.7558e-14 5.20275e-10 1.86354e-06 0.000806849 0.0422273 0.267157 0.207313 0.089088 0.199134 0.101428 0.0686507 0.0208447 0.00313093 0.000212336 5.47617e-06 4.94594e-08 1.18453e-10 5.76481e-14 4.81147e-18 6.31314e-23 1.23326e-28
 1.92852e-41 2.67666e-33 4.49065e-26 9.10695e-20 2.23246e-14 6.61519e-10 2.36945e-06 0.00102589 0.0536911 0.339679 0.262206 0.076161 0.135812 0.0690184 0.0469322 0.0133834 0.00196611 0.000120144 2.53587e-06 1.60276e-08 2.5814e-11 8.87506e-15 5.43835e-19 5.22757e-24 7.31e-30
 1.62526e-41 2.25576e-33 3.78451e-26 7.6749e-20 1.88141e-14 5.57497e-10 1.99686e-06 0.000864573 0.0452483 0.286281 0.223404 0.107204 0.205386 0.082595 0.0377839 0.00979268 0.00136139 7.55058e-05 1.40201e-06 7.09849e-09 8.17734e-12 1.87809e-15 7.71667e-20 5.14405e-25 5.12249e-31
 1.33722e-41 1.85598e-33 3.11379e-26 6.3147e-20 1.54798e-14 4.58693e-10 1.64296e-06 0.000711347 0.0372291 0.235562 0.18599 0.12013 0.225746 0.112375 0.0677975 0.0131751 0.00122434 5.69593e-05 9.1685e-07 3.87644e-09 3.52287e-12 5.94221e-16 1.68581e-20 7.52117e-26 5.01214e-32
 1.21752e-41 1.68984e-33 2.83506e-26 5.74945e-20 1.40941e-14 4.17634e-10 1.4959e-06 0.000647672 0.0338966 0.214491 0.170804 0.124222 0.220379 0.129309 0.0854433 0.0188185 0.00192511 6.28624e-05 7.00953e-07 2.33506e-09 1.69208e-12 2.21319e-16 4.69537e-21 1.50787e-26 6.99771e-33
 1.62972e-41 2.26194e-33 3.79488e-26 7.69593e-20 1.88657e-14 5.59024e-10 2.00233e-06 0.000866942 0.0453723 0.287086 0.225298 0.10448 0.157242 0.0986057 0.0639428 0.0153321 0.00171399 5.87113e-05 5.52141e-07 1.24696e-09 6.33944e-13 6.19995e-17 9.952e-22 2.39172e-27 8.16833e-34
 1.48531e-41 2.06151e-33 3.45861e-26 7.01398e-20 1.7194e-14 5.09488e-10 1.8249e-06 0.000790121 0.0413519 0.261688 0.209327 0.140521 0.202563 0.0890269 0.0435636 0.0100323 0.0010961 3.85058e-05 3.58915e-07 7.12298e-10 2.67438e-13 1.77244e-17 1.96374e-22 3.38467e-28 8.45308e-35
 1.54757e-41 2.14792e-33 3.60358e-26 7.30799e-20 1.79147e-14 5.30845e-10 1.9014e-06 0.00082324 0.0430852 0.272666 0.218024 0.13363 0.178468 0.0987544 0.0466917 0.0072413 0.000594237 1.88754e-05 1.64503e-07 3.01931e-10 9.8939e-14 5.22519e-18 4.20289e-23 4.97838e-29 8.47287e-36
 1.53124e-41 2.12526e-33 3.56557e-26 7.23089e-20 1.77257e-14 5.25245e-10 1.88134e-06 0.000814556 0.0426308 0.269827 0.218166 0.147787 0.18264 0.0915484 0.0396232 0.00651524 0.000436118 9.30361e-06 6.25549e-08 9.74528e-11 2.74203e-14 1.22206e-18 8.01239e-24 7.38853e-30 9.32154e-37
 1.64946e-41 2.28934e-33 3.84084e-26 7.78914e-20 1.90942e-14 5.65795e-10 2.02659e-06 0.000877442 0.045922 0.290671 0.234766 0.14364 0.162315 0.0843832 0.0326175 0.00452998 0.000270493 4.93929e-06 2.33884e-08 2.52528e-11 5.37824e-15 1.90514e-19 1.00303e-24 7.38514e-31 7.34043e-38
 1.59789e-41 2.21777e-33 3.72076e-26 7.54563e-20 1.84972e-14 5.48106e-10 1.96323e-06 0.00085001 0.0444865 0.281653 0.231296 0.161769 0.169969 0.0792048 0.0270935 0.00349749 0.000175757 2.62128e-06 1.0068e-08 8.0458e-12 1.17443e-15 2.88214e-20 1.10126e-25 6.0942e-32 4.62743e-39
 1.64838e-41 2.28785e-33 3.83834e-26 7.78408e-20 1.90818e-14 5.65427e-10 2.02527e-06 0.000876871 0.0458925 0.290594 0.239598 0.160849 0.158285 0.077804 0.0235087 0.00248593 0.000103673 1.26736e-06 3.79877e-09 2.33131e-12 2.54854e-16 4.46468e-21 1.17456e-26 4.45614e-33 2.36203e-40
 1.65062e-41 2.29095e-33 3.84354e-26 7.79462e-20 1.91076e-14 5.66193e-10 2.02801e-06 0.000878059 0.0459548 0.291071 0.243142 0.170669 0.155597 0.0712316 0.0194825 0.00190618 6.50517e-05 6.15218e-07 1.42455e-09 6.63741e-13 5.40293e-17 6.98209e-22 1.3394e-27 3.63481e-34 1.34984e-41
 1.68407e-41 2.33738e-33 3.92144e-26 7.95259e-20 1.94948e-14 5.77668e-10 2.06911e-06 0.000895855 0.0468864 0.297048 0.250108 0.172748 0.147773 0.0669317 0.0161904 0.00137661 4.02492e-05 3.1128e-07 5.47102e-10 1.88298e-13 1.12888e-17 1.06849e-22 1.49046e-28 2.92736e-35 7.84101e-43
 1.68209e-41 2.33463e-33 3.91682e-26 7.94324e-20 1.94719e-14 5.76988e-10 2.06668e-06 0.000894801 0.0468317 0.296831 0.253863 0.181722 0.144831 0.0610066 0.0130296 0.000965154 2.31672e-05 1.4379e-07 1.98477e-10 5.1583e-14 2.25631e-18 1.53704e-23 1.5409e-29 2.17589e-36 4.18556e-44
 1.46888e-41 2.03871e-33 3.42036e-26 6.93642e-20 1.70038e-14 5.03854e-10 1.80472e-06 0.000781384 0.0408969 0.259566 0.234785 0.21511 0.167288 0.0680576 0.0127004 0.000797235 1.5684e-05 7.72014e-08 8.1909e-11 1.61108e-14 5.25926e-19 2.62571e-24 1.89692e-30 1.91041e-37 2.61104e-45
 1.50158e-41 2.08409e-33 3.4965e-26 7.09083e-20 1.73823e-14 5.1507e-10 1.8449e-06 0.000798777 0.0418069 0.265235 0.235365 0.197091 0.166724 0.0779637 0.0141843 0.000814469 1.39394e-05 5.80895e-08 5.14287e-11 8.33732e-15 2.22415e-19 9.04161e-25 5.30398e-31 4.31797e-38 4.74177e-46
 1.55761e-41 2.16186e-33 3.62697e-26 7.35543e-20 1.8031e-14 5.3429e-10 1.91374e-06 0.000828585 0.0433669 0.275092 0.242367 0.194206 0.157923 0.0712212 0.0140981 0.000880627 1.46703e-05 5.56928e-08 4.3568e-11 6.16887e-15 1.43167e-19 5.05148e-25 2.56709e-31 1.80897e-38 1.71954e-46
#spawning biomass
 15696.2 16452.8 18573 20740.7 24138.8 29439.8 31286.9 38632.7 54985.3 74702.4 90655.4 106371 151580 184590 171701 142042 137643 127608 125749 125456 135588 144663 141373 152631 160268 175818 163482 154412 154898 200632 235287 190176 128193 84997.3 60292.2 47423.3 41099.2 38113.3 36743.4 36128.1 35856.1 35737.3 35685.8 35663.6 35654.1 35650.1 35648.5 35647.8 35647.5 35647.3 35647.3 35647.3 35647.3 35647.3 35647.3 35647.3 35647.3 35647.3 35647.3 35647.3 35647.3 35647.3 35647.3 35647.3 35647.3 35647.3 35647.3 35647.3 35647.3 35647.3 35647.3 35647.3 35647.3 35647.3 35647.3 35647.3 35647.3 35647.3 35647.3 35647.3 35647.3 35647.3 35647.3 35647.3 35647.3 35647.3 35647.3 35647.3 35647.3 35647.3 35647.3 35647.3 35647.3 35647.3 35647.3 35647.3 35647.3 35647.3 35647.3 35647.3 35647.3 35647.3 35647.3 35647.3 35647.3 35647.3 35647.3 35647.3 35647.3 35647.3 35647.3 35647.3 35647.3 35647.3 35647.3 35647.3 35647.3 35647.3 35647.3 35647.3 35647.3 35647.3 35647.3 35647.3 35647.3 35647.3 35647.3 35647.3 35647.3 0 0 0 0 0 0 0 0 0 0 0 0 0 0 0 0 0 0 0 0 0 0 0 0 0
