SBPRF35
0.175648
Curr Bio
150145
B35
196002
F35
0.927564
FOFL
0.754706
OFL
44672.3
Bzero
50185.1
#pred survey bio
 2598.37 3530.87 5457.35 8385.06 13101 18435.1 28846.4 42858.6 62256.3 78435.2 120162 146056 159396 175614 176865 167326 154445 158351 157413 157318 166688 164348 174716 200964 216043 211151 207287 177148 6.58958e+06 3.85779e+06 2.32487e+06 1.28074e+06 825909 637930 554783 513833 491630 478812 471164 466532 463712 461992 460939 460291 459904 459673 459535 459451 459402 459372 459354 459343 459336 459332 459330 459329 459328 459327 459327 459327 459327 459327 459326 459326 459326 459326 459326 459326 459326 459326 459326 459326 459326 459326 459326 459326 459326 459326 459326 459326 459326 459326 459326 459326 459326 459326 459326 459326 459326 459326 459326 459326 459326 459326 459326 459326 459326 459326 459326 459326 459326 459326 459326 459326 459326 459326 459326 459326 459326 459326 459326 459326 459326 459326 459326 459326 459326 459326 459326 459326 459326 459326 459326 459326 459326 459326 459326 459326 0 0 0 0 0 0 0 0 0 0 0 0 0 0 0 0 0 0 0 0 0 0 0 0 0
#obs survey bio
 2105.4 2663.01 4426.84 7119.97 7409.9 16416.6 18551.6 46807 44335.7 76900.5 101136 100858 166567 154984 112565 101784 128631 141411 128422 98854.1 167600 126402 129914 177854 158195 145233 219043 128363
#pred catch bio
 1074.89 1366.99 2264.66 3190.34 6009.95 7729.38 13085.8 18609.9 32581 30978.5 57758.3 76292.9 79144.6 94112.8 100516 98998.6 85154.7 91106.2 90203.8 88512.4 102089 97846.1 100192 116903 132211 128423 136774 100368 44672.3 70992.9 43022.6 19588.9 10648.8 7832.99 7016.8 6792.13 6732.48 6717.05 6713.13 6712.16 6711.91 6711.85 6711.84 6711.84 6711.84 6711.84 6711.84 6711.84 6711.84 6711.84 6711.84 6711.84 6711.84 6711.84 6711.84 6711.84 6711.84 6711.84 6711.84 6711.84 6711.84 6711.84 6711.84 6711.84 6711.84 6711.84 6711.84 6711.84 6711.84 6711.84 6711.84 6711.84 6711.84 6711.84 6711.84 6711.84 6711.84 6711.84 6711.84 6711.84 6711.84 6711.84 6711.84 6711.84 6711.84 6711.84 6711.84 6711.84 6711.84 6711.84 6711.84 6711.84 6711.84 6711.84 6711.84 6711.84 6711.84 6711.84 6711.84 6711.84 6711.84 6711.84 6711.84 6711.84 6711.84 6711.84 6711.84 6711.84 6711.84 6711.84 6711.84 6711.84 6711.84 6711.84 6711.84 6711.84 6711.84 6711.84 6711.84 6711.84 6711.84 6711.84 6711.84 6711.84 6711.84 6711.84 6711.84 6711.84 0 0 0 0 0 0 0 0 0 0 0 0 0 0 0 0 0 0 0 0 0 0 0 0 0
#obs catch bio
 1000.4 1387.13 2215.88 2960.72 6002.76 7329.67 12854.8 17266.2 31205.3 28638.5 53030.8 72301.8 74829.6 84998.4 101732 96443.5 85118.5 87466.9 84968.3 83651.8 91615.5 93306.5 92313.1 105518 123565 117818 122336 94808.9
#pred cpue bio
 1690.62 1772.56 2725.42 4089.03 6573.58 8946.61 13909 20436.7 30665.1 37227.7 60095.6 74275.7 81002.8 91902.1 91634.4 85468.5 77164.1 79876.3 77820.4 78003.1 81476.4 77462.8 81819.6 93607.3 102758 100228 98767.4 82868.2 3.2149e+06 2.94684e+06 2.10931e+06 1.13358e+06 682564 494788 411653 370704 348501 335683 328035 323403 320583 318863 317810 317162 316776 316544 316406 316323 316273 316243 316225 316214 316207 316203 316201 316200 316199 316198 316198 316198 316198 316198 316198 316198 316198 316198 316198 316198 316198 316198 316198 316198 316198 316198 316198 316198 316198 316198 316198 316198 316198 316198 316198 316198 316198 316198 316198 316198 316198 316198 316198 316198 316198 316198 316198 316198 316198 316198 316198 316198 316198 316198 316198 316198 316198 316198 316198 316198 316198 316198 316198 316198 316198 316198 316198 316198 316198 316198 316198 316198 316198 316198 316198 316198 316198 316198 316198 316198 0 0 0 0 0 0 0 0 0 0 0 0 0 0 0 0 0 0 0 0 0 0 0 0 0
#obs cpue bio
 1785.9 2187.29 4617.88 7027.23 9061.55 15055.2 19868.1 31069.6 48401.5 50456.8 110540 113721 99986.3 168153 109458 169667 83088.7 124842 120953 144834 151470 101008 166198 161343 174345 203826 165561 126781
#pred surv len freq
 1.65113e-11 1.79293e-09 1.14785e-07 4.33257e-06 9.6415e-05 0.00126499 0.0097858 0.044646 0.120288 0.192674 0.1896 0.131494 0.0888416 0.0667578 0.0463199 0.0303737 0.0207059 0.0145085 0.0105318 0.00804765 0.00657283 0.00579391 0.00519773 0.00408656 0.0024076
 1.84845e-11 2.0072e-09 1.28503e-07 4.85033e-06 0.000107937 0.00141616 0.0109551 0.0499784 0.13462 0.215353 0.210588 0.142368 0.0905849 0.063013 0.0383473 0.0196332 0.00985957 0.00511943 0.00279193 0.00168134 0.00113766 0.000867075 0.000711064 0.000541316 0.000320174
 1.75872e-11 1.90976e-09 1.22264e-07 4.61487e-06 0.000102697 0.00134742 0.0104236 0.0475583 0.12817 0.205584 0.203639 0.144674 0.101491 0.0749485 0.0451159 0.0213583 0.00921038 0.00376706 0.0014346 0.000562155 0.00025654 0.000145034 9.86263e-05 6.86702e-05 3.94271e-05
 1.80958e-11 1.96498e-09 1.258e-07 4.74832e-06 0.000105667 0.00138638 0.0107248 0.0489303 0.131832 0.211167 0.2078 0.144004 0.0964172 0.0694371 0.0423035 0.0209124 0.00940256 0.00376717 0.00126278 0.00037299 0.000107189 3.45256e-05 1.48668e-05 8.15834e-06 4.27073e-06
 1.75391e-11 1.90454e-09 1.21931e-07 4.60227e-06 0.000102417 0.00134374 0.0103951 0.0474283 0.127819 0.205014 0.203043 0.144184 0.101151 0.0750178 0.0458529 0.0224663 0.0100639 0.00411374 0.0014329 0.0004263 0.000108811 2.43631e-05 5.49858e-06 1.6194e-06 6.22189e-07
 1.80517e-11 1.9602e-09 1.25494e-07 4.73676e-06 0.00010541 0.001383 0.0106988 0.0488118 0.131519 0.210722 0.207622 0.144565 0.0976253 0.0704321 0.0423557 0.0202766 0.00879065 0.00347149 0.00116741 0.000339312 8.62581e-05 1.8625e-05 3.37967e-06 5.54061e-07 1.02811e-07
 1.81519e-11 1.97108e-09 1.26191e-07 4.76307e-06 0.000105995 0.00139069 0.0107582 0.0490824 0.132243 0.211836 0.208505 0.144604 0.0968812 0.0695 0.04169 0.0199039 0.00859173 0.00336945 0.00111818 0.000317673 7.84777e-05 1.65172e-05 2.9033e-06 4.19006e-07 5.05666e-08
 1.82178e-11 1.97824e-09 1.26649e-07 4.78035e-06 0.00010638 0.00139573 0.0107972 0.0492605 0.132723 0.212606 0.209268 0.145134 0.0971641 0.0694094 0.0410624 0.0189706 0.00782869 0.00296509 0.000958713 0.0002655 6.39132e-05 1.30793e-05 2.2282e-06 3.09654e-07 3.4283e-08
 1.7662e-11 1.91788e-09 1.22785e-07 4.63451e-06 0.000103134 0.00135315 0.0104679 0.0477605 0.128713 0.206442 0.204423 0.145056 0.101515 0.0747952 0.0448605 0.0210037 0.00877579 0.00331584 0.00104882 0.00028065 6.52973e-05 1.29694e-05 2.14696e-06 2.8948e-07 3.09193e-08
 1.81902e-11 1.97524e-09 1.26457e-07 4.7731e-06 0.000106218 0.00139362 0.0107808 0.0491862 0.132527 0.212333 0.209185 0.145564 0.0980486 0.0701488 0.0411353 0.0185245 0.00733323 0.00265273 0.000810662 0.000208698 4.64647e-05 8.8109e-06 1.39494e-06 1.80911e-07 1.86747e-08
 1.74962e-11 1.89988e-09 1.21632e-07 4.591e-06 0.000102166 0.00134045 0.0103697 0.0473127 0.127512 0.204564 0.20279 0.144514 0.102025 0.0758842 0.0462251 0.0223503 0.00970737 0.00373616 0.00117389 0.000305485 6.77779e-05 1.26042e-05 1.92995e-06 2.40118e-07 2.37441e-08
 1.70801e-11 1.85469e-09 1.18739e-07 4.48181e-06 9.97361e-05 0.00130857 0.0101231 0.04619 0.124515 0.199988 0.199349 0.144967 0.106049 0.08038 0.0487462 0.0230605 0.00978767 0.00377638 0.00122669 0.000334871 7.70856e-05 1.45608e-05 2.22338e-06 2.71582e-07 2.60292e-08
 1.70386e-11 1.85019e-09 1.18451e-07 4.47093e-06 9.94941e-05 0.0013054 0.0100986 0.0460783 0.124218 0.199544 0.199065 0.145174 0.106707 0.0810304 0.0490046 0.0229682 0.00958165 0.00360532 0.00113159 0.000299543 6.87461e-05 1.33294e-05 2.10467e-06 2.62557e-07 2.52274e-08
 1.6535e-11 1.7955e-09 1.1495e-07 4.33877e-06 9.65531e-05 0.00126681 0.00980019 0.0447187 0.120581 0.193929 0.194534 0.144718 0.110059 0.0855034 0.0525726 0.0253197 0.0109256 0.00419917 0.00132642 0.000348862 7.85118e-05 1.48741e-05 2.32817e-06 2.94452e-07 2.90217e-08
 1.67328e-11 1.81698e-09 1.16325e-07 4.39068e-06 9.77082e-05 0.00128197 0.00991739 0.0452526 0.122009 0.196127 0.196277 0.144797 0.108586 0.0836327 0.0511896 0.0245168 0.0105271 0.00405238 0.00129219 0.000344216 7.80192e-05 1.4713e-05 2.26633e-06 2.8114e-07 2.74344e-08
 1.68252e-11 1.82702e-09 1.16968e-07 4.41494e-06 9.82481e-05 0.00128905 0.00997219 0.0455028 0.122684 0.197217 0.19739 0.145656 0.109157 0.083616 0.0502475 0.023032 0.00930868 0.00342018 0.00105554 0.000273893 6.12201e-05 1.15327e-05 1.78029e-06 2.19976e-07 2.12047e-08
 1.71473e-11 1.86199e-09 1.19206e-07 4.49944e-06 0.000100128 0.00131372 0.010163 0.0463721 0.125011 0.200819 0.200345 0.146108 0.107266 0.0809516 0.0479654 0.0213641 0.00824683 0.00288122 0.000836895 0.000201185 4.18794e-05 7.51152e-06 1.12785e-06 1.3776e-07 1.3231e-08
 1.70362e-11 1.84992e-09 1.18434e-07 4.47029e-06 9.94798e-05 0.00130521 0.0100972 0.0460721 0.124206 0.199562 0.199258 0.145768 0.107643 0.0817079 0.0488779 0.0222415 0.00884218 0.00314162 0.000909134 0.00021334 4.24168e-05 7.13063e-06 9.97533e-07 1.14955e-07 1.06419e-08
 1.73757e-11 1.88679e-09 1.20794e-07 4.55937e-06 0.000101462 0.00133122 0.0102983 0.0469883 0.126656 0.203339 0.202274 0.145971 0.105222 0.0785754 0.0464923 0.0207819 0.00807099 0.00283118 0.000820815 0.000194178 3.86451e-05 6.38389e-06 8.57543e-07 9.30336e-08 8.04614e-09
 1.72429e-11 1.87238e-09 1.19871e-07 4.52454e-06 0.000100687 0.00132105 0.0102197 0.0466304 0.125702 0.201895 0.201247 0.14631 0.106807 0.0802261 0.0472543 0.0207703 0.00784929 0.00268461 0.000761253 0.000176089 3.45084e-05 5.67752e-06 7.61249e-07 8.14791e-08 6.81527e-09
 1.75931e-11 1.9104e-09 1.22305e-07 4.61641e-06 0.000102732 0.00134787 0.0104271 0.047575 0.128224 0.205743 0.204134 0.145906 0.103379 0.0763936 0.0450909 0.02016 0.00781634 0.0027139 0.000767589 0.000174771 3.34939e-05 5.38772e-06 7.09371e-07 7.51119e-08 6.23888e-09
 1.80265e-11 1.95746e-09 1.25318e-07 4.73014e-06 0.000105262 0.00138107 0.0106839 0.0487452 0.131358 0.210611 0.208205 0.146775 0.101217 0.0730114 0.0417898 0.0174425 0.00607023 0.00193339 0.000523757 0.000116238 2.17522e-05 3.40945e-06 4.36181e-07 4.48931e-08 3.64324e-09
 1.81148e-11 1.96705e-09 1.25933e-07 4.75332e-06 0.000105778 0.00138784 0.0107362 0.0489837 0.131996 0.211595 0.208991 0.14683 0.100596 0.072218 0.0412062 0.0170924 0.00586171 0.00181472 0.000466565 9.53097e-05 1.63098e-05 2.39884e-06 2.95157e-07 2.94842e-08 2.325e-09
 1.82586e-11 1.98267e-09 1.26932e-07 4.79106e-06 0.000106618 0.00139886 0.0108214 0.0493716 0.13303 0.213168 0.210141 0.146566 0.0990386 0.0705444 0.040358 0.0169786 0.00597127 0.00188964 0.000490685 0.000100001 1.67086e-05 2.32531e-06 2.64495e-07 2.44637e-08 1.82195e-09
 1.78286e-11 1.93598e-09 1.23943e-07 4.67822e-06 0.000104107 0.00136592 0.0105667 0.0482114 0.129933 0.208434 0.206561 0.146969 0.103106 0.0751615 0.0430653 0.0178698 0.00612872 0.00190317 0.000493232 0.000101595 1.72094e-05 2.40696e-06 2.69998e-07 2.39803e-08 1.67353e-09
 1.78491e-11 1.9382e-09 1.24085e-07 4.68359e-06 0.000104226 0.00136748 0.0105788 0.0482667 0.130081 0.208665 0.206758 0.147022 0.103025 0.075021 0.0429169 0.0177349 0.00602891 0.00184632 0.000468058 9.3201e-05 1.52427e-05 2.09242e-06 2.34343e-07 2.08588e-08 1.44325e-09
 1.7786e-11 1.93134e-09 1.23646e-07 4.66703e-06 0.000103858 0.00136265 0.0105414 0.0480964 0.129626 0.207966 0.206209 0.147018 0.103525 0.0756369 0.0433465 0.01796 0.0061312 0.00188335 0.0004771 9.44174e-05 1.52148e-05 2.03646e-06 2.2095e-07 1.91352e-08 1.30486e-09
 1.79775e-11 1.95214e-09 1.24978e-07 4.71728e-06 0.000104976 0.00137732 0.0106549 0.0486135 0.131012 0.210127 0.208056 0.147534 0.10277 0.07427 0.0418202 0.0165631 0.00519554 0.00146644 0.000351941 6.67509e-05 1.03096e-05 1.33152e-06 1.40344e-07 1.17992e-08 7.789e-10
#obs surv len freq
 1.72539e-11 1.87357e-09 1.19948e-07 4.52743e-06 0.000100751 0.00132189 0.0102261 0.046657 0.125732 0.201576 0.199091 0.139772 0.0965119 0.0735579 0.050273 0.0296218 0.0154839 0.00681146 0.00241306 0.000675786 0.000145014 2.29578e-05 2.59579e-06 2.03869e-07 1.08495e-08
 1.54363e-11 1.6762e-09 1.07312e-07 4.05049e-06 9.01382e-05 0.00118266 0.00914957 0.0417587 0.112706 0.182026 0.185755 0.145421 0.118274 0.0949147 0.0596856 0.0294669 0.0127105 0.00483282 0.00153537 0.000394456 7.91276e-05 1.1845e-05 1.2689e-06 9.39545e-08 4.67518e-09
 1.68762e-11 1.83256e-09 1.17322e-07 4.42832e-06 9.85462e-05 0.00129297 0.0100027 0.0456447 0.123089 0.19792 0.197795 0.143893 0.104126 0.0793606 0.0515362 0.0273923 0.0121599 0.00426424 0.00113806 0.000237515 3.97096e-05 5.18195e-06 5.00802e-07 3.41175e-08 1.5762e-09
 1.67732e-11 1.82137e-09 1.16606e-07 4.40129e-06 9.79447e-05 0.00128508 0.00994191 0.0453722 0.122408 0.19719 0.198459 0.147176 0.108464 0.081182 0.0496739 0.0241826 0.0100009 0.00343103 0.000915811 0.000184441 2.75975e-05 3.02956e-06 2.42176e-07 1.39169e-08 5.59692e-10
 1.54684e-11 1.67968e-09 1.07535e-07 4.0589e-06 9.03256e-05 0.00118513 0.00916919 0.0418569 0.113059 0.183089 0.188217 0.148651 0.1194 0.0931626 0.057703 0.0281706 0.0114112 0.00370936 0.000920396 0.000172919 2.44543e-05 2.52926e-06 1.84916e-07 9.32691e-09 3.19551e-10
 1.70103e-11 1.84712e-09 1.18254e-07 4.46351e-06 9.93295e-05 0.00130326 0.0100827 0.046018 0.124175 0.200105 0.201199 0.147572 0.105483 0.0772974 0.0480398 0.0242858 0.0101048 0.00327908 0.000791235 0.000141143 1.85695e-05 1.76835e-06 1.18917e-07 5.51742e-09 1.72705e-10
 1.60443e-11 1.74223e-09 1.11539e-07 4.21005e-06 9.36893e-05 0.00122928 0.00951102 0.0434218 0.117321 0.190094 0.195197 0.151954 0.11704 0.0867541 0.0510886 0.0235968 0.00905531 0.00282505 0.000676246 0.000120229 1.55071e-05 1.41337e-06 8.90342e-08 3.81193e-09 1.09215e-10
 1.63807e-11 1.77875e-09 1.13877e-07 4.29831e-06 9.56535e-05 0.00125505 0.00971049 0.0443325 0.119771 0.193907 0.198151 0.15138 0.112931 0.0825885 0.0495547 0.0236891 0.0091646 0.00274329 0.00060937 0.000100129 1.21412e-05 1.05942e-06 6.42666e-08 2.63207e-09 7.12107e-11
 1.62166e-11 1.76093e-09 1.12736e-07 4.25524e-06 9.46954e-05 0.00124249 0.00961376 0.0438984 0.118675 0.192581 0.198259 0.153854 0.115891 0.083574 0.0485849 0.0223104 0.00833788 0.00244667 0.00053588 8.56689e-05 9.85048e-06 7.98424e-07 4.47131e-08 1.69922e-09 4.30121e-11
 1.53911e-11 1.67129e-09 1.06997e-07 4.03864e-06 8.98755e-05 0.00117928 0.00912536 0.0416817 0.112824 0.183957 0.192462 0.155321 0.122352 0.0902186 0.0532584 0.0248542 0.00931251 0.00268734 0.000572913 8.89767e-05 9.93322e-06 7.77633e-07 4.15802e-08 1.48694e-09 3.49832e-11
 1.5665e-11 1.70104e-09 1.08902e-07 4.11053e-06 9.14756e-05 0.00120028 0.00928812 0.042428 0.11486 0.187278 0.19552 0.155979 0.120003 0.0868176 0.0509083 0.0237092 0.00880816 0.00249728 0.000519257 7.80359e-05 8.36124e-06 6.24579e-07 3.17689e-08 1.07827e-09 2.39936e-11
 1.40178e-11 1.52217e-09 9.74505e-08 3.6783e-06 8.18579e-05 0.00107414 0.00831362 0.0380055 0.103192 0.170121 0.184227 0.159767 0.134214 0.100569 0.05923 0.0274922 0.0101543 0.00286319 0.000592267 8.81032e-05 9.24582e-06 6.68489e-07 3.25778e-08 1.05112e-09 2.21097e-11
 1.41601e-11 1.53763e-09 9.84403e-08 3.71567e-06 8.26897e-05 0.00108506 0.0083983 0.0383932 0.10423 0.1716 0.184537 0.156863 0.129271 0.0982897 0.0611145 0.0303138 0.011681 0.00333667 0.000688196 0.000101334 1.04688e-05 7.4061e-07 3.50612e-08 1.09003e-09 2.19125e-11
 1.35609e-11 1.47255e-09 9.42743e-08 3.55843e-06 7.91916e-05 0.00103921 0.00804493 0.0368025 0.100149 0.166204 0.18289 0.162071 0.136921 0.102105 0.0605583 0.0286115 0.0107289 0.00305452 0.000634022 9.33885e-05 9.52511e-06 6.5745e-07 3.01258e-08 9.01719e-10 1.73765e-11
 1.40444e-11 1.52505e-09 9.76356e-08 3.68531e-06 8.20156e-05 0.00107628 0.00833208 0.0381165 0.1037 0.171785 0.187372 0.161924 0.132513 0.0973578 0.0576911 0.0270072 0.00979203 0.00264606 0.000520287 7.3348e-05 7.24673e-06 4.87384e-07 2.17308e-08 6.29261e-10 1.16516e-11
 1.38278e-11 1.50154e-09 9.61303e-08 3.62851e-06 8.07526e-05 0.00105976 0.00820547 0.0375568 0.102346 0.170359 0.187976 0.165056 0.135403 0.0977943 0.0564372 0.0256979 0.00909515 0.00240258 0.000458663 6.19748e-05 5.80575e-06 3.68883e-07 1.55728e-08 4.28749e-10 7.57048e-12
 1.28519e-11 1.39557e-09 8.93462e-08 3.37246e-06 7.50562e-05 0.00098509 0.00762967 0.0349571 0.0955814 0.160768 0.182341 0.167885 0.143241 0.105181 0.0610569 0.0276843 0.00962023 0.00246937 0.000455852 5.9372e-05 5.33588e-06 3.23043e-07 1.28992e-08 3.33944e-10 5.52681e-12
 1.43847e-11 1.56202e-09 1.00002e-07 3.77468e-06 8.40071e-05 0.00110252 0.00853773 0.0390894 0.106569 0.177279 0.194026 0.165442 0.129945 0.0914846 0.0524512 0.023561 0.00802586 0.00199667 0.000354051 4.39863e-05 3.75259e-06 2.15001e-07 8.10539e-09 1.97609e-10 3.0706e-12
 1.39886e-11 1.519e-09 9.72485e-08 3.67077e-06 8.16973e-05 0.00107232 0.00830652 0.0380699 0.104117 0.174779 0.195487 0.171932 0.135926 0.0919971 0.0491912 0.0205351 0.00661245 0.00158242 0.000271455 3.24797e-05 2.64636e-06 1.43678e-07 5.10315e-09 1.16759e-10 1.69829e-12
 1.36243e-11 1.47944e-09 9.47164e-08 3.57523e-06 7.95732e-05 0.00104453 0.00809344 0.0371221 0.101746 0.171759 0.194406 0.173759 0.138834 0.0943492 0.0503177 0.0205449 0.00628922 0.00140163 0.000222704 2.48211e-05 1.89949e-06 9.73322e-08 3.26335e-09 7.02856e-11 9.58776e-13
 1.54666e-11 1.67949e-09 1.07524e-07 4.05865e-06 9.03306e-05 0.00118565 0.00918403 0.042076 0.114844 0.191104 0.207268 0.169543 0.122566 0.0785379 0.0409175 0.0164802 0.00494966 0.0010693 0.000162064 1.69426e-05 1.20155e-06 5.67838e-08 1.75754e-09 3.50656e-11 4.44588e-13
 1.38338e-11 1.5022e-09 9.61742e-08 3.63034e-06 8.08053e-05 0.00106091 0.00822478 0.0377787 0.103916 0.176758 0.202141 0.180135 0.138375 0.087471 0.0426328 0.0158713 0.00447578 0.000925703 0.000135452 1.36269e-05 9.20775e-07 4.09729e-08 1.18154e-09 2.17943e-11 2.54351e-13
 1.53581e-11 1.66772e-09 1.06771e-07 4.03032e-06 8.97057e-05 0.00117765 0.0091264 0.0418643 0.114625 0.192091 0.210911 0.17416 0.124215 0.0763186 0.0372359 0.0137003 0.00367752 0.000701019 9.34011e-05 8.59858e-06 5.37864e-07 2.23617e-08 6.04586e-10 1.04415e-11 1.13634e-13
 1.39343e-11 1.51312e-09 9.68744e-08 3.65689e-06 8.14033e-05 0.00106901 0.00829243 0.0381439 0.105252 0.180042 0.206968 0.183104 0.136804 0.0833006 0.0389242 0.0136924 0.00356398 0.000664341 8.5883e-05 7.52186e-06 4.38604e-07 1.67825e-08 4.15991e-10 6.59948e-12 6.62381e-14
 1.40245e-11 1.52291e-09 9.75018e-08 3.68063e-06 8.19348e-05 0.00107608 0.00834888 0.038417 0.106051 0.181346 0.20769 0.182103 0.135216 0.0828291 0.0390765 0.0136464 0.00343024 0.000605026 7.35153e-05 6.06297e-06 3.3368e-07 1.20264e-08 2.78984e-10 4.10802e-12 3.79926e-14
 1.36711e-11 1.48455e-09 9.5047e-08 3.58809e-06 7.98819e-05 0.00104937 0.00814658 0.0375431 0.104015 0.179269 0.208102 0.184927 0.137493 0.0832975 0.0387385 0.0133624 0.00332145 0.000576811 6.82357e-05 5.39684e-06 2.80988e-07 9.49675e-09 2.05737e-10 2.82473e-12 2.43314e-14
 1.39908e-11 1.51926e-09 9.72704e-08 3.6721e-06 8.17561e-05 0.0010741 0.00834019 0.0384463 0.106526 0.183302 0.211221 0.184442 0.134098 0.0798371 0.0366214 0.0124178 0.00301645 0.0005099 5.85781e-05 4.48552e-06 2.24921e-07 7.26784e-09 1.49293e-10 1.92843e-12 1.55286e-14
 1.35925e-11 1.47603e-09 9.45047e-08 3.56789e-06 7.94475e-05 0.00104414 0.00811479 0.0374874 0.104382 0.181471 0.212687 0.188659 0.136848 0.0795029 0.0351331 0.0114342 0.0026681 0.00043371 4.7876e-05 3.51451e-06 1.68488e-07 5.19145e-09 1.01417e-10 1.24211e-12 9.45059e-15
#pred catch len freq
 1.14125e-11 1.23926e-09 7.93385e-08 2.99463e-06 6.66414e-05 0.000874371 0.00676466 0.0308777 0.0833994 0.13526 0.141029 0.119233 0.110006 0.0993079 0.0749616 0.0527638 0.0377796 0.0270725 0.0198378 0.0152142 0.0124407 0.0109699 0.00984181 0.00773791 0.0045588
 1.43654e-11 1.55991e-09 9.98671e-08 3.76948e-06 8.38845e-05 0.0011006 0.0085147 0.0388603 0.104885 0.169497 0.173859 0.13948 0.119052 0.0994304 0.0650186 0.0353017 0.0187546 0.0100529 0.00555899 0.00336687 0.00228246 0.00174044 0.00142743 0.00108669 0.000642747
 1.34332e-11 1.45869e-09 9.33864e-08 3.52487e-06 7.84412e-05 0.00102919 0.00796254 0.0363475 0.0982021 0.159497 0.167345 0.143847 0.133569 0.114629 0.0729294 0.0362217 0.0164625 0.00696096 0.00269325 0.00106427 0.000487552 0.00027596 0.000187704 0.000130696 7.50399e-05
 1.3899e-11 1.50927e-09 9.66248e-08 3.64711e-06 8.11612e-05 0.00106488 0.00823848 0.0376038 0.10155 0.164562 0.170927 0.142605 0.127996 0.109087 0.0709174 0.0370209 0.0175545 0.00725212 0.00246617 0.000734766 0.000212271 6.85429e-05 2.95392e-05 1.62126e-05 8.48713e-06
 1.36286e-11 1.4799e-09 9.47444e-08 3.57613e-06 7.95818e-05 0.00104416 0.00807825 0.0368742 0.099604 0.161605 0.168771 0.143118 0.130931 0.112167 0.0723403 0.0370847 0.0173918 0.00730431 0.00257589 0.000771441 0.000197628 4.43302e-05 1.00141e-05 2.95039e-06 1.13366e-06
 1.40937e-11 1.53041e-09 9.79782e-08 3.69819e-06 8.2298e-05 0.00107979 0.00835385 0.03813 0.102965 0.16681 0.173044 0.14379 0.128236 0.108376 0.0691116 0.0347118 0.015819 0.00643985 0.00219627 0.000643296 0.000164245 3.55365e-05 6.4542e-06 1.05854e-06 1.96459e-07
 1.4449e-11 1.56899e-09 1.00448e-07 3.79141e-06 8.43726e-05 0.00110701 0.00856435 0.0390889 0.10553 0.170762 0.176195 0.143989 0.125691 0.105121 0.0666963 0.0332743 0.0150316 0.00606103 0.00203722 0.000582813 0.00014455 3.04818e-05 5.3625e-06 7.7421e-07 9.34487e-08
 1.44409e-11 1.56811e-09 1.00392e-07 3.78929e-06 8.43253e-05 0.00110639 0.00855957 0.0390677 0.10548 0.170743 0.176461 0.144917 0.127177 0.106172 0.0664279 0.0320631 0.0138857 0.00542604 0.00177992 0.000496714 0.000120096 2.46286e-05 4.19974e-06 5.83886e-07 6.46559e-08
 1.42589e-11 1.54835e-09 9.91269e-08 3.74155e-06 8.32629e-05 0.00109245 0.00845178 0.0385766 0.104167 0.168721 0.174856 0.144838 0.128527 0.107913 0.0677567 0.0328601 0.0142591 0.0055184 0.00176475 0.000475033 0.000110912 2.2068e-05 3.65599e-06 4.93114e-07 5.26772e-08
 1.41838e-11 1.54019e-09 9.86043e-08 3.72182e-06 8.2824e-05 0.00108669 0.00840727 0.0383743 0.103632 0.167949 0.174495 0.145639 0.130358 0.109486 0.067978 0.0320428 0.0133755 0.00501562 0.00155866 0.000404873 9.06272e-05 1.72325e-05 2.73166e-06 3.54469e-07 3.65994e-08
 1.37291e-11 1.49081e-09 9.54432e-08 3.6025e-06 8.01688e-05 0.00105186 0.00813782 0.0371459 0.100335 0.162768 0.169876 0.143772 0.131165 0.112046 0.0717987 0.0361946 0.0164051 0.00647661 0.00205865 0.000539294 0.00012015 2.23915e-05 3.43204e-06 4.27202e-07 4.22528e-08
 1.34781e-11 1.46356e-09 9.36987e-08 3.53666e-06 7.87035e-05 0.00103263 0.00798918 0.0364693 0.0985327 0.160049 0.167993 0.144569 0.134381 0.115245 0.073013 0.0358121 0.0158067 0.00625011 0.00205302 0.000563773 0.000130217 2.46384e-05 3.76522e-06 4.60095e-07 4.41051e-08
 1.3256e-11 1.43944e-09 9.21544e-08 3.47837e-06 7.74064e-05 0.00101562 0.00785758 0.03587 0.0969332 0.157609 0.166166 0.144843 0.136597 0.117756 0.0745011 0.03628 0.0157873 0.00610161 0.0019388 0.000516692 0.000119064 2.31325e-05 3.6558e-06 4.56244e-07 4.38454e-08
 1.28681e-11 1.39732e-09 8.9458e-08 3.3766e-06 7.51415e-05 0.000985903 0.00762777 0.0348227 0.0941286 0.153254 0.162534 0.144096 0.138574 0.120799 0.0774138 0.0386462 0.0173197 0.00681138 0.00217415 0.000575174 0.000129908 2.46564e-05 3.86262e-06 4.88709e-07 4.81762e-08
 1.33562e-11 1.45032e-09 9.28509e-08 3.50466e-06 7.79914e-05 0.00102329 0.00791692 0.03614 0.0976511 0.158681 0.166857 0.144355 0.135043 0.116261 0.0739967 0.0365933 0.0162528 0.0063875 0.00205602 0.000550496 0.000125155 2.36384e-05 3.64378e-06 4.52167e-07 4.41305e-08
 1.36766e-11 1.48511e-09 9.50782e-08 3.58873e-06 7.98622e-05 0.00104784 0.00810677 0.0370056 0.0999751 0.162338 0.170142 0.145754 0.134609 0.11457 0.0713247 0.0335992 0.0140086 0.00525482 0.00163721 0.000426932 9.57051e-05 1.80555e-05 2.78906e-06 3.44726e-07 3.32345e-08
 1.38101e-11 1.49961e-09 9.60063e-08 3.62376e-06 8.06418e-05 0.00105807 0.00818589 0.0373664 0.100945 0.163873 0.171564 0.146488 0.134667 0.11406 0.0702324 0.0322164 0.012881 0.00461286 0.00135532 0.000327768 6.84861e-05 1.23083e-05 1.84975e-06 2.26026e-07 2.17121e-08
 1.38302e-11 1.5018e-09 9.61464e-08 3.62905e-06 8.07594e-05 0.00105961 0.00819781 0.0374204 0.101085 0.164055 0.171542 0.145947 0.133685 0.113333 0.0703598 0.0329386 0.0135256 0.00491088 0.00143521 0.000338562 6.75442e-05 1.13764e-05 1.59293e-06 1.83646e-07 1.7004e-08
 1.42637e-11 1.54887e-09 9.91599e-08 3.74279e-06 8.32906e-05 0.00109282 0.00845463 0.0385904 0.104215 0.168887 0.175436 0.146326 0.130774 0.10945 0.0672579 0.0309035 0.0123937 0.00444572 0.00130221 0.000309697 6.18399e-05 1.0234e-05 1.37592e-06 1.49334e-07 1.2918e-08
 1.40236e-11 1.52279e-09 9.74907e-08 3.67979e-06 8.18886e-05 0.00107442 0.0083124 0.0379428 0.102488 0.166265 0.17354 0.146832 0.133478 0.112328 0.0686796 0.0310305 0.0121258 0.00424884 0.00121846 0.000283476 5.57554e-05 9.19158e-06 1.23359e-06 1.32093e-07 1.10512e-08
 1.48458e-11 1.61208e-09 1.03207e-07 3.89554e-06 8.66898e-05 0.00113741 0.00879951 0.0401614 0.108413 0.175332 0.180461 0.146271 0.126018 0.103711 0.063417 0.029036 0.0115651 0.00409099 0.00116696 0.000266876 5.12923e-05 8.26414e-06 1.08894e-06 1.15345e-07 9.58235e-09
 1.53237e-11 1.66397e-09 1.06529e-07 4.02093e-06 8.948e-05 0.00117402 0.00908264 0.0414519 0.111873 0.180734 0.18511 0.14767 0.124306 0.100424 0.0595832 0.0254138 0.00909027 0.0029614 0.000811171 0.000180977 3.39743e-05 5.33451e-06 6.83037e-07 7.03285e-08 5.7085e-09
 1.52884e-11 1.66014e-09 1.06284e-07 4.01167e-06 8.92741e-05 0.00117132 0.00906176 0.0413568 0.11162 0.180354 0.184854 0.147808 0.124805 0.100936 0.0598172 0.0253895 0.00896686 0.00284471 0.000740195 0.000152079 2.61226e-05 3.85103e-06 4.74375e-07 4.7411e-08 3.73949e-09
 1.55359e-11 1.68701e-09 1.08004e-07 4.07661e-06 9.07191e-05 0.00119028 0.00920835 0.0420243 0.113401 0.183065 0.186852 0.147406 0.122206 0.0981088 0.0583331 0.0251174 0.00908935 0.00294237 0.000772394 0.00015824 2.65309e-05 3.70027e-06 4.21361e-07 3.89938e-08 2.90487e-09
 1.51863e-11 1.64905e-09 1.05574e-07 3.98488e-06 8.86779e-05 0.0011635 0.00900127 0.0410813 0.110884 0.17923 0.184005 0.147906 0.125773 0.10203 0.0604496 0.02559 0.00900361 0.00285629 0.000748057 0.000154849 2.63121e-05 3.68703e-06 4.13984e-07 3.67859e-08 2.56782e-09
 1.51873e-11 1.64916e-09 1.05581e-07 3.98514e-06 8.86837e-05 0.00116357 0.00900186 0.0410841 0.110892 0.179248 0.184046 0.147997 0.125906 0.102122 0.0604228 0.0254746 0.00888583 0.00278102 0.000712604 0.000142614 2.34006e-05 3.21896e-06 3.60894e-07 3.21392e-08 2.2243e-09
 1.54974e-11 1.68283e-09 1.07736e-07 4.0665e-06 9.04943e-05 0.00118733 0.00918555 0.0419208 0.113127 0.182674 0.186687 0.147871 0.123222 0.0989539 0.0583919 0.0245934 0.00856872 0.00267745 0.000683973 0.000135889 2.19533e-05 2.94314e-06 3.19593e-07 2.76894e-08 1.88857e-09
 1.50746e-11 1.63692e-09 1.04797e-07 3.95558e-06 8.80258e-05 0.00115494 0.00893514 0.0407807 0.110088 0.178069 0.1834 0.148904 0.128192 0.104132 0.0607731 0.024564 0.0079274 0.00230031 0.000560322 0.000106994 1.65937e-05 2.14889e-06 2.26816e-07 1.9082e-08 1.26008e-09
#obs catch len freq
 1.20622e-11 1.30981e-09 8.38552e-08 3.16512e-06 7.04356e-05 0.000924158 0.00715009 0.0326422 0.0882292 0.143562 0.151685 0.132956 0.127877 0.118033 0.0884371 0.0562996 0.03117 0.0141247 0.00506073 0.00141794 0.000303415 4.81377e-05 5.50452e-06 4.40578e-07 2.3972e-08
 1.58511e-11 1.72124e-09 1.10196e-07 4.15934e-06 9.25602e-05 0.00121443 0.00939512 0.0428735 0.115637 0.18615 0.187204 0.139811 0.106954 0.0862307 0.0596588 0.0351174 0.0181703 0.00785264 0.00271735 0.000738479 0.000152719 2.31507e-05 2.49133e-06 1.85198e-07 9.28289e-09
 1.41601e-11 1.53762e-09 9.84394e-08 3.71561e-06 8.26859e-05 0.00108489 0.00839372 0.0383193 0.103553 0.168196 0.175688 0.146969 0.129296 0.106741 0.0671663 0.033007 0.0140986 0.00526796 0.00163434 0.000407288 7.86708e-05 1.12614e-05 1.14648e-06 8.02431e-08 3.75715e-09
 1.58382e-11 1.71984e-09 1.10106e-07 4.15594e-06 9.24849e-05 0.00121345 0.00938792 0.0428478 0.115648 0.186683 0.1896 0.145011 0.112808 0.0888847 0.0578816 0.0305435 0.0133444 0.00457517 0.0011899 0.000240995 3.88314e-05 4.84603e-06 4.44794e-07 2.86135e-08 1.24249e-09
 1.58453e-11 1.72061e-09 1.10155e-07 4.1578e-06 9.25264e-05 0.001214 0.00939246 0.0428737 0.115775 0.187258 0.191504 0.148828 0.11672 0.0895732 0.0547669 0.0264559 0.0107796 0.00361428 0.00093736 0.000182454 2.62434e-05 2.75467e-06 2.0932e-07 1.13631e-08 4.29314e-10
 1.46581e-11 1.59169e-09 1.01902e-07 3.84628e-06 8.55943e-05 0.00112307 0.00868954 0.0396774 0.107289 0.174535 0.182494 0.150587 0.126824 0.100278 0.0618071 0.029859 0.0118816 0.00376704 0.000907442 0.000164674 2.23532e-05 2.20594e-06 1.53099e-07 7.29622e-09 2.35112e-10
 1.63777e-11 1.77843e-09 1.13857e-07 4.29753e-06 9.56359e-05 0.00125481 0.00970833 0.0443174 0.119678 0.193465 0.196818 0.149149 0.111234 0.0827844 0.0512408 0.0255973 0.0104359 0.0032956 0.000770485 0.000132528 1.67162e-05 1.51763e-06 9.67965e-08 4.23942e-09 1.24747e-10
 1.54742e-11 1.68031e-09 1.07575e-07 4.06043e-06 9.03601e-05 0.00118561 0.00917372 0.0418918 0.113296 0.184258 0.191687 0.154029 0.122553 0.091389 0.0533844 0.0243467 0.00916162 0.00278131 0.000644149 0.000110191 1.3598e-05 1.17981e-06 7.04243e-08 2.84459e-09 7.65816e-11
 1.59373e-11 1.7306e-09 1.10795e-07 4.18196e-06 9.30646e-05 0.0012211 0.00944831 0.0431447 0.116659 0.189458 0.195651 0.153266 0.117295 0.0860729 0.0511705 0.0240922 0.00910799 0.0026469 0.000568398 8.98442e-05 1.04155e-05 8.63888e-07 4.95754e-08 1.91306e-09 4.85992e-11
 1.57871e-11 1.71429e-09 1.0975e-07 4.14255e-06 9.21879e-05 0.00120961 0.00935993 0.0427498 0.115677 0.188354 0.196047 0.155932 0.120174 0.0867589 0.0499132 0.0225639 0.00823828 0.00234479 0.000495552 7.60489e-05 8.3484e-06 6.42761e-07 3.40322e-08 1.21747e-09 2.89013e-11
 1.50865e-11 1.63821e-09 1.0488e-07 3.95872e-06 8.80974e-05 0.00115597 0.00894563 0.0408716 0.110737 0.181152 0.1914 0.157431 0.125609 0.0921619 0.0537124 0.0246222 0.00899284 0.00251314 0.00051637 7.68858e-05 8.18223e-06 6.07492e-07 3.06723e-08 1.03177e-09 2.2756e-11
 1.53784e-11 1.66992e-09 1.0691e-07 4.03533e-06 8.98027e-05 0.00117835 0.00911914 0.0416675 0.112911 0.184697 0.194643 0.158075 0.123064 0.0885652 0.0512423 0.0234147 0.00846772 0.0023219 0.00046466 6.68554e-05 6.82002e-06 4.8261e-07 2.31535e-08 7.38397e-10 1.53883e-11
 1.3753e-11 1.49342e-09 9.56101e-08 3.60884e-06 8.03129e-05 0.0010539 0.00815785 0.0373079 0.101432 0.167922 0.183865 0.162216 0.13717 0.101879 0.0591203 0.0268952 0.00966005 0.0026313 0.000523058 7.43642e-05 7.41824e-06 5.07419e-07 2.32981e-08 7.05655e-10 1.38896e-11
 1.40268e-11 1.52315e-09 9.75136e-08 3.68069e-06 8.19121e-05 0.00107489 0.00832039 0.0380498 0.103408 0.170793 0.185107 0.159041 0.131204 0.0986735 0.0603532 0.0292552 0.0109329 0.00301165 0.000596063 8.37562e-05 8.21221e-06 5.48791e-07 2.4444e-08 7.12572e-10 1.33927e-11
 1.34938e-11 1.46527e-09 9.38082e-08 3.54085e-06 7.88012e-05 0.00103413 0.00800653 0.0366411 0.0998283 0.16622 0.184199 0.164347 0.138198 0.101597 0.0592098 0.0273415 0.0099424 0.00272663 0.000542057 7.60429e-05 7.34913e-06 4.78526e-07 2.06053e-08 5.77635e-10 1.0396e-11
 1.40116e-11 1.52149e-09 9.74076e-08 3.67672e-06 8.18253e-05 0.00107382 0.00831404 0.0380482 0.103628 0.172169 0.188904 0.164075 0.133486 0.0965921 0.0561497 0.025632 0.00899673 0.00234003 0.000440492 5.90966e-05 5.52487e-06 3.49961e-07 1.46408e-08 3.96582e-10 6.85159e-12
 1.38248e-11 1.50121e-09 9.61096e-08 3.62774e-06 8.07367e-05 0.0010596 0.00820535 0.0375719 0.102508 0.171134 0.189853 0.167212 0.136024 0.0966123 0.0546457 0.0242456 0.0082987 0.00210679 0.000384387 4.93618e-05 4.37165e-06 2.61387e-07 1.03433e-08 2.66051e-10 4.37753e-12
 1.29209e-11 1.40306e-09 8.98259e-08 3.39059e-06 7.54611e-05 0.000990458 0.00767252 0.0351701 0.0962851 0.162411 0.184947 0.170112 0.143311 0.10326 0.0586503 0.0258654 0.0086793 0.0021385 0.000376836 4.65831e-05 3.95266e-06 2.24939e-07 8.41186e-09 2.0332e-10 3.13354e-12
 1.44814e-11 1.57252e-09 1.00675e-07 3.80008e-06 8.45738e-05 0.00111001 0.00859692 0.0393754 0.107453 0.17912 0.196575 0.1673 0.12969 0.0894922 0.0501211 0.0218596 0.00717957 0.00171225 0.000289467 3.40947e-05 2.74343e-06 1.47605e-07 5.20662e-09 1.18415e-10 1.71232e-12
 1.4117e-11 1.53295e-09 9.81419e-08 3.70452e-06 8.24501e-05 0.00108226 0.008385 0.0384467 0.105261 0.177066 0.198411 0.173689 0.135075 0.0894283 0.0466817 0.0189225 0.00587251 0.00134555 0.000219719 2.48887e-05 1.91051e-06 9.73202e-08 3.23184e-09 6.89334e-11 9.32483e-13
 1.37824e-11 1.49661e-09 9.58156e-08 3.61675e-06 8.04994e-05 0.00105676 0.00818979 0.0375823 0.103121 0.174418 0.197629 0.175518 0.137734 0.0914401 0.0475139 0.0187955 0.00553722 0.00118082 0.000178531 1.88247e-05 1.35577e-06 6.51045e-08 2.03882e-09 4.09056e-11 5.18662e-13
 1.5631e-11 1.69735e-09 1.08667e-07 4.10184e-06 9.12938e-05 0.00119836 0.00928391 0.0425495 0.116231 0.193674 0.210162 0.170877 0.121331 0.0758435 0.0384304 0.0149709 0.0043202 0.00089165 0.000128422 1.26914e-05 8.46711e-07 3.74845e-08 1.08302e-09 2.01125e-11 2.36818e-13
 1.40458e-11 1.52522e-09 9.76483e-08 3.68603e-06 8.20477e-05 0.00107732 0.00835388 0.0383918 0.105712 0.180055 0.205702 0.181428 0.136341 0.0839567 0.0397967 0.0143337 0.00388209 0.000766048 0.000106345 1.00987e-05 6.41267e-07 2.67157e-08 7.18981e-10 1.23433e-11 1.33766e-13
 1.55628e-11 1.68995e-09 1.08194e-07 4.0841e-06 9.09054e-05 0.00119349 0.00925087 0.0424531 0.116332 0.195155 0.214104 0.175244 0.122368 0.0731199 0.0345919 0.0122786 0.00316084 0.000574782 7.26658e-05 6.31224e-06 3.7069e-07 1.44109e-08 3.63238e-10 5.83477e-12 5.89468e-14
 1.41745e-11 1.5392e-09 9.85447e-08 3.72001e-06 8.28122e-05 0.00108763 0.00843915 0.0388408 0.107282 0.183685 0.210678 0.184122 0.134332 0.0795156 0.0360385 0.012229 0.00304894 0.000541076 6.62525e-05 5.47046e-06 2.99451e-07 1.07156e-08 2.47578e-10 3.65098e-12 3.39886e-14
 1.42747e-11 1.55009e-09 9.92429e-08 3.74643e-06 8.34039e-05 0.00109551 0.00850196 0.0391436 0.10816 0.185097 0.211461 0.183139 0.132744 0.0789451 0.0360442 0.0121172 0.00291455 0.000489244 5.62802e-05 4.37182e-06 2.2561e-07 7.59762e-09 1.64221e-10 2.24799e-12 1.92895e-14
 1.39351e-11 1.51322e-09 9.68835e-08 3.65751e-06 8.14328e-05 0.0010699 0.00830861 0.038314 0.106256 0.183241 0.212026 0.185883 0.134795 0.0792386 0.035637 0.01182 0.00280706 0.000463158 5.18012e-05 3.85593e-06 1.88182e-07 5.94093e-09 1.1987e-10 1.52915e-12 1.22145e-14
 1.42661e-11 1.54917e-09 9.91862e-08 3.74453e-06 8.33746e-05 0.00109553 0.00850935 0.0392502 0.10885 0.18737 0.215131 0.185259 0.131272 0.0757309 0.0335395 0.0109201 0.00253142 0.000406085 4.40488e-05 3.1703e-06 1.48846e-07 4.48927e-09 8.58563e-11 1.03033e-12 7.69404e-15
#spawning biomass
 2334.94 3000.96 4679.55 7126.78 11243.3 15669.2 24471.4 36286.6 53247.3 66398.1 103135 126186 137766 153089 153689 145047 133094 136763 135144 135315 142572 139314 147841 169647 183754 179511 176430 150145 161302 174150 93281.4 43803.8 25564.1 19842 18184.2 17727.9 17606.7 17575.4 17567.4 17565.5 17565 17564.8 17564.8 17564.8 17564.8 17564.8 17564.8 17564.8 17564.8 17564.8 17564.8 17564.8 17564.8 17564.8 17564.8 17564.8 17564.8 17564.8 17564.8 17564.8 17564.8 17564.8 17564.8 17564.8 17564.8 17564.8 17564.8 17564.8 17564.8 17564.8 17564.8 17564.8 17564.8 17564.8 17564.8 17564.8 17564.8 17564.8 17564.8 17564.8 17564.8 17564.8 17564.8 17564.8 17564.8 17564.8 17564.8 17564.8 17564.8 17564.8 17564.8 17564.8 17564.8 17564.8 17564.8 17564.8 17564.8 17564.8 17564.8 17564.8 17564.8 17564.8 17564.8 17564.8 17564.8 17564.8 17564.8 17564.8 17564.8 17564.8 17564.8 17564.8 17564.8 17564.8 17564.8 17564.8 17564.8 17564.8 17564.8 17564.8 17564.8 17564.8 17564.8 17564.8 17564.8 17564.8 17564.8 17564.8 0 0 0 0 0 0 0 0 0 0 0 0 0 0 0 0 0 0 0 0 0 0 0 0 0
