SBPRF35
0.240013
Curr Bio
231042
B35
192498
F35
0.419733
FOFL
0.419733
OFL
103351
Bzero
68575.1
#pred survey bio
 26279.4 23523.5 18142 15945.9 24098.9 38893.4 51692.9 63375.2 81787.5 100024 124239 174079 222195 248957 227634 199306 196796 187243 205843 225513 216920 198339 206922 222826 254798 277098 279940 300967 339211 9.10234e+06 6.90272e+06 4.6943e+06 2.99818e+06 1.95312e+06 1.3706e+06 1.06094e+06 899099 814193 768824 743892 729734 721423 716392 713268 711287 710020 709198 708662 708310 708077 707923 707821 707754 707709 707679 707659 707646 707637 707631 707627 707625 707623 707622 707621 707620 707620 707620 707620 707620 707619 707619 707619 707619 707619 707619 707619 707619 707619 707619 707619 707619 707619 707619 707619 707619 707619 707619 707619 707619 707619 707619 707619 707619 707619 707619 707619 707619 707619 707619 707619 707619 707619 707619 707619 707619 707619 707619 707619 707619 707619 707619 707619 707619 707619 707619 707619 707619 707619 707619 707619 707619 707619 707619 707619 707619 707619 707619 707619 707619 0 0 0 0 0 0 0 0 0 0 0 0 0 0 0 0 0 0 0 0 0 0 0 0 0
#obs survey bio
 21506.5 19045.1 10945.8 24934 24654 51390.6 45073.5 74603.9 78808.9 91363.1 121180 191203 327926 206934 194977 135516 221524 140859 176106 319703 210255 229557 180790 341918 263113 292132 339926 255026 344072
#pred catch bio
 3375.26 3891.13 3580.28 3061.24 4022.49 8200.96 12224 15280 23588.2 34711.2 37462.5 55136.7 77580.6 107147 102331 83967.5 84655.3 67647.3 75776.6 93445.8 94847 76131.7 79033.2 76840.1 92572.7 105740 96053.5 98151.3 89754.9 103351 88519.2 59020.6 35990.1 22263.7 15001.7 11405.8 9696.75 8905.82 8546.21 8384.67 8312.7 8280.81 8266.74 8260.54 8257.82 8256.63 8256.11 8255.88 8255.78 8255.74 8255.72 8255.71 8255.71 8255.7 8255.7 8255.7 8255.7 8255.7 8255.7 8255.7 8255.7 8255.7 8255.7 8255.7 8255.7 8255.7 8255.7 8255.7 8255.7 8255.7 8255.7 8255.7 8255.7 8255.7 8255.7 8255.7 8255.7 8255.7 8255.7 8255.7 8255.7 8255.7 8255.7 8255.7 8255.7 8255.7 8255.7 8255.7 8255.7 8255.7 8255.7 8255.7 8255.7 8255.7 8255.7 8255.7 8255.7 8255.7 8255.7 8255.7 8255.7 8255.7 8255.7 8255.7 8255.7 8255.7 8255.7 8255.7 8255.7 8255.7 8255.7 8255.7 8255.7 8255.7 8255.7 8255.7 8255.7 8255.7 8255.7 8255.7 8255.7 8255.7 8255.7 8255.7 8255.7 8255.7 8255.7 8255.7 8255.7 0 0 0 0 0 0 0 0 0 0 0 0 0 0 0 0 0 0 0 0 0 0 0 0 0
#obs catch bio
 3434.56 4040.09 3964.89 3135.22 3957.27 8055.53 11872.5 14650.6 22807.9 34466.4 36663 54039.2 70667.2 101318 104502 86232.6 88139.7 69548.4 78372.2 96437.2 92560.1 74891.7 79978.9 75112.2 91977.1 104373 92051.4 97778.6 88829.7
#pred cpue bio
 24657.9 22615.1 17704.6 14840.9 20783.8 34020.1 46194.4 56811.1 72524.2 88498.6 108059 151061 194793 220237 202114 176785 173073 165362 181678 198727 192222 175591 182719 196016 224735 244856 248709 267668 300815 8.17113e+06 6.6429e+06 4.61216e+06 2.93898e+06 1.89629e+06 1.314e+06 1.00436e+06 842522 757616 712247 687315 673157 664845 659815 656691 654710 653442 652621 652085 651732 651500 651346 651244 651176 651131 651101 651082 651068 651060 651054 651050 651047 651046 651044 651044 651043 651043 651043 651042 651042 651042 651042 651042 651042 651042 651042 651042 651042 651042 651042 651042 651042 651042 651042 651042 651042 651042 651042 651042 651042 651042 651042 651042 651042 651042 651042 651042 651042 651042 651042 651042 651042 651042 651042 651042 651042 651042 651042 651042 651042 651042 651042 651042 651042 651042 651042 651042 651042 651042 651042 651042 651042 651042 651042 651042 651042 651042 651042 651042 651042 0 0 0 0 0 0 0 0 0 0 0 0 0 0 0 0 0 0 0 0 0 0 0 0 0
#obs cpue bio
 32669.7 16238.1 8950.49 26127.2 28855.6 35528.3 58624.4 61571.6 75284.7 89687.4 115663 156330 282700 260447 156933 218245 135718 172893 190658 137163 283160 143736 183324 159301 210281 267463 269458 271244 294852
#pred surv len freq
 2.58559e-11 1.21614e-09 3.96088e-08 8.93276e-07 1.39498e-05 0.000150848 0.00112956 0.00585739 0.0210403 0.0524152 0.0909663 0.111925 0.103925 0.0861588 0.0785154 0.0768313 0.0711198 0.0623921 0.054199 0.0466433 0.0397281 0.0338469 0.0282025 0.0213961 0.0135412
 1.26381e-11 5.94435e-10 1.93604e-08 4.36625e-07 6.81857e-06 7.37346e-05 0.000552164 0.00286404 0.0102987 0.0257619 0.0454345 0.0593171 0.0660051 0.0772163 0.0959896 0.107467 0.102785 0.090192 0.0778774 0.0662933 0.0548798 0.0441977 0.0341641 0.0241362 0.014487
 9.9834e-12 4.69572e-10 1.52936e-08 3.4491e-07 5.38628e-06 5.82457e-05 0.000436161 0.00226205 0.0081299 0.0202964 0.0355219 0.0451243 0.0465771 0.0490762 0.0600605 0.0765101 0.0934537 0.106707 0.109682 0.100151 0.0834515 0.0652702 0.0477884 0.0316035 0.0178351
 3.47514e-11 1.63454e-09 5.32359e-08 1.2006e-06 1.87491e-05 0.000202745 0.00151812 0.00787153 0.0282641 0.0702998 0.121247 0.145614 0.123805 0.0793117 0.0463395 0.0337438 0.0335974 0.0396914 0.0482563 0.0542975 0.0535267 0.0456123 0.0337261 0.0215248 0.0115311
 4.45724e-11 2.09647e-09 6.82808e-08 1.5399e-06 2.40478e-05 0.000260042 0.00194716 0.0100963 0.0362546 0.0901956 0.155706 0.187674 0.161706 0.10793 0.0674076 0.0463321 0.0320765 0.0206261 0.0146101 0.0137481 0.0147292 0.0144829 0.0119306 0.00798795 0.00427297
 3.70711e-11 1.74365e-09 5.67894e-08 1.28074e-06 2.00006e-05 0.000216279 0.0016195 0.00839779 0.0301627 0.0751104 0.130147 0.159149 0.144551 0.112765 0.0928763 0.0804404 0.0616931 0.0395026 0.0226243 0.0130431 0.0086339 0.00690996 0.0057319 0.00409796 0.0023061
 3.30171e-11 1.55297e-09 5.05792e-08 1.14069e-06 1.78135e-05 0.000192628 0.0014424 0.00747959 0.0268662 0.0669164 0.11605 0.142394 0.130927 0.105717 0.092383 0.0860857 0.0737724 0.0563566 0.0393428 0.0246999 0.0137766 0.00735041 0.00423187 0.00257882 0.00141764
 3.38194e-11 1.5907e-09 5.18082e-08 1.1684e-06 1.82463e-05 0.000197308 0.00147744 0.00766116 0.0275165 0.0685173 0.118698 0.145042 0.131441 0.102213 0.0850249 0.0776573 0.0678745 0.0550559 0.0425421 0.0305082 0.0193484 0.0106455 0.00518564 0.00235419 0.0010195
 3.66481e-11 1.72375e-09 5.61415e-08 1.26613e-06 1.97724e-05 0.000213811 0.00160101 0.00830176 0.0298154 0.0742221 0.128448 0.156326 0.139628 0.104226 0.0811813 0.070257 0.0590751 0.0463728 0.0355153 0.02642 0.0181633 0.0110313 0.00573283 0.00251329 0.000935191
 3.6194e-11 1.70239e-09 5.54459e-08 1.25044e-06 1.95275e-05 0.000211162 0.00158118 0.00819901 0.0294475 0.0733183 0.126965 0.154901 0.139571 0.106697 0.0859431 0.0752113 0.06171 0.045809 0.0327809 0.0232063 0.0157485 0.00983318 0.00540396 0.00249993 0.000942392
 3.98414e-11 1.87395e-09 6.10333e-08 1.37645e-06 2.14953e-05 0.000232441 0.0017405 0.00902497 0.0324111 0.0806678 0.139492 0.169244 0.14947 0.107922 0.0793245 0.0652538 0.0527434 0.0392846 0.0279104 0.0190843 0.0122788 0.00733051 0.00397046 0.00186661 0.00072503
 3.93673e-11 1.85165e-09 6.03071e-08 1.36007e-06 2.12395e-05 0.000229675 0.0017198 0.00891769 0.0320269 0.0797226 0.137933 0.167706 0.149244 0.110119 0.0836739 0.0697229 0.0550274 0.0388347 0.0259708 0.0170379 0.0106676 0.00617058 0.0032192 0.00146943 0.000564445
 3.69947e-11 1.74005e-09 5.66724e-08 1.2781e-06 1.99594e-05 0.000215833 0.00161615 0.00838039 0.0300991 0.0749416 0.129783 0.158371 0.142799 0.109356 0.0882171 0.0769621 0.0623288 0.0447847 0.0300556 0.0192443 0.0114906 0.00630295 0.00313862 0.00137852 0.000513414
 3.54537e-11 1.66757e-09 5.43118e-08 1.22487e-06 1.9128e-05 0.000206843 0.00154884 0.00803138 0.0288463 0.0718294 0.124441 0.15208 0.137866 0.107188 0.088645 0.0792452 0.0659954 0.0493816 0.0347067 0.0229805 0.0138656 0.00748921 0.00359268 0.00150473 0.000535384
 3.49408e-11 1.64345e-09 5.35261e-08 1.20715e-06 1.88513e-05 0.000203851 0.00152643 0.00791522 0.0284293 0.0707926 0.122657 0.149958 0.13613 0.10624 0.0883762 0.0794149 0.0665354 0.050368 0.0361618 0.0247017 0.0154528 0.00860463 0.00418032 0.00173312 0.000599276
 3.5387e-11 1.66443e-09 5.42095e-08 1.22256e-06 1.9092e-05 0.000206454 0.00154592 0.00801624 0.0287916 0.0716904 0.124181 0.151673 0.137211 0.106091 0.087075 0.0776039 0.0648962 0.0492203 0.035537 0.0245523 0.0156636 0.00896592 0.00448822 0.00190511 0.000665357
 3.74262e-11 1.76035e-09 5.73334e-08 1.29301e-06 2.01922e-05 0.000218351 0.001635 0.00847803 0.0304486 0.0758003 0.131191 0.15972 0.142834 0.106949 0.0835442 0.0719318 0.0592601 0.0445919 0.0320452 0.0221461 0.0142234 0.00825444 0.00421707 0.00183398 0.000655755
 3.57641e-11 1.68217e-09 5.47873e-08 1.23559e-06 1.92955e-05 0.000208654 0.0015624 0.00810171 0.0290989 0.0724587 0.125534 0.153425 0.139109 0.108151 0.0892199 0.0790418 0.0645672 0.046987 0.0324203 0.0217594 0.0137838 0.00798088 0.00410352 0.00180853 0.000658312
 3.64882e-11 1.71623e-09 5.58965e-08 1.2606e-06 1.96862e-05 0.000212878 0.00159403 0.00826561 0.0296864 0.0739097 0.127966 0.156016 0.140241 0.106558 0.0852491 0.0748301 0.0624179 0.0473498 0.0339161 0.0229501 0.0142693 0.00804936 0.00406509 0.00178173 0.000651421
 3.67351e-11 1.72784e-09 5.62748e-08 1.26914e-06 1.98194e-05 0.000214319 0.00160481 0.00832156 0.0298874 0.0744101 0.128833 0.157075 0.141196 0.10725 0.085608 0.0746193 0.0613922 0.0457776 0.032568 0.0223392 0.0142229 0.00814325 0.00410183 0.0017741 0.00064043
 3.51429e-11 1.65296e-09 5.38357e-08 1.21413e-06 1.89604e-05 0.00020503 0.00153526 0.00796102 0.0285939 0.0712042 0.123381 0.15089 0.137123 0.107288 0.0894278 0.0800477 0.0661819 0.0489583 0.0342949 0.0231403 0.0145936 0.00837142 0.00425722 0.00185614 0.000670542
 3.57789e-11 1.68287e-09 5.48099e-08 1.2361e-06 1.93035e-05 0.00020874 0.00156304 0.00810499 0.0291101 0.0724804 0.12553 0.153225 0.138313 0.106313 0.0865277 0.0767642 0.0641815 0.0486765 0.0349499 0.0238179 0.0149402 0.00847101 0.0042706 0.00185838 0.000673239
 3.64332e-11 1.71364e-09 5.58123e-08 1.25871e-06 1.96565e-05 0.000212558 0.00159162 0.00825317 0.0296418 0.0737997 0.127782 0.155822 0.140161 0.106674 0.0854679 0.0748591 0.062021 0.0467153 0.0335731 0.0231806 0.0148244 0.00853042 0.00431942 0.00187366 0.000675634
 3.71436e-11 1.74706e-09 5.69006e-08 1.28325e-06 2.00398e-05 0.000216702 0.00162266 0.00841407 0.0302193 0.0752334 0.130237 0.158687 0.142322 0.107423 0.0849128 0.0735178 0.0603109 0.0448558 0.0317809 0.0217253 0.0138722 0.00804137 0.00412217 0.00180787 0.000655739
 3.63476e-11 1.70962e-09 5.56811e-08 1.25575e-06 1.96103e-05 0.000212058 0.00158789 0.00823381 0.0295726 0.0736309 0.127514 0.155606 0.140324 0.107529 0.0869562 0.0763695 0.0627979 0.0464813 0.0326319 0.0220537 0.0139202 0.00800183 0.00409355 0.00180318 0.000659149
 3.60716e-11 1.69664e-09 5.52583e-08 1.24621e-06 1.94614e-05 0.000210448 0.00157583 0.00817129 0.0293482 0.0730724 0.12655 0.154446 0.139332 0.106904 0.0867001 0.0765289 0.0634859 0.0476125 0.0338341 0.022956 0.0144163 0.00820338 0.00415316 0.00181659 0.000662608
 3.47965e-11 1.63666e-09 5.33051e-08 1.20216e-06 1.87735e-05 0.000203009 0.00152013 0.00788255 0.0283121 0.0705027 0.122167 0.149416 0.13582 0.106368 0.0888763 0.0799539 0.066764 0.0502168 0.0358596 0.0245329 0.0155445 0.0088886 0.00449275 0.0019526 0.000706973
 3.50746e-11 1.64974e-09 5.3731e-08 1.21177e-06 1.89235e-05 0.000204631 0.00153227 0.00794547 0.0285374 0.071057 0.123082 0.150318 0.135953 0.105077 0.086314 0.0772993 0.065372 0.0504535 0.0370513 0.0258539 0.0165841 0.00957286 0.00487504 0.00212728 0.000770041
 3.58627e-11 1.68681e-09 5.49383e-08 1.23899e-06 1.93487e-05 0.000209229 0.0015667 0.00812394 0.0291778 0.0726458 0.125794 0.153443 0.13817 0.105493 0.0850122 0.0749869 0.062765 0.0480743 0.0353323 0.0250053 0.0164159 0.00970128 0.00503089 0.00222202 0.000810307
#obs surv len freq
 2.42591e-11 1.14103e-09 3.71626e-08 8.38111e-07 1.30883e-05 0.000141532 0.0010598 0.0054957 0.0197418 0.049186 0.0854018 0.105269 0.0983633 0.0828909 0.0773565 0.0774839 0.073789 0.0671442 0.0605116 0.0536798 0.0463129 0.038206 0.0288882 0.0189122 0.010152
 8.91177e-16 4.19901e-14 1.37709e-12 3.19078e-11 5.51069e-10 8.22612e-09 1.29024e-07 2.0577e-06 2.71948e-05 0.00026328 0.0017927 0.00849803 0.0280346 0.0647376 0.106386 0.12955 0.12714 0.113607 0.100764 0.0889184 0.0761444 0.0619332 0.046193 0.0299869 0.0160208
 1.2904e-11 6.0694e-10 1.97676e-08 4.4581e-07 6.96196e-06 7.52833e-05 0.000563706 0.00292276 0.0104935 0.0260876 0.0449128 0.0535843 0.0446354 0.027942 0.021212 0.0356416 0.0693043 0.105388 0.123998 0.120676 0.104802 0.0844699 0.0622208 0.0399253 0.0211374
 5.10251e-11 2.39997e-09 7.81655e-08 1.76283e-06 2.75291e-05 0.000297687 0.00222902 0.0115573 0.0414952 0.103173 0.177702 0.212266 0.176651 0.104252 0.0464849 0.0187666 0.00947001 0.00823117 0.0113432 0.0157677 0.0180175 0.0167094 0.0128879 0.00830469 0.00436478
 3.42701e-11 1.6119e-09 5.24986e-08 1.18398e-06 1.84895e-05 0.000199939 0.00149715 0.00776371 0.0278899 0.0694953 0.120723 0.149065 0.139964 0.118464 0.10755 0.0960737 0.0696084 0.0378624 0.0165626 0.00831478 0.00717675 0.00754763 0.00679269 0.00480329 0.0026256
 3.9805e-11 1.87224e-09 6.09775e-08 1.3752e-06 2.14757e-05 0.000232229 0.00173891 0.00901668 0.032381 0.0805877 0.139321 0.168887 0.148697 0.106531 0.0778377 0.0653388 0.0558256 0.0441626 0.031076 0.0184235 0.00920672 0.00462642 0.00292203 0.00200593 0.00115944
 2.56369e-11 1.20583e-09 3.92732e-08 8.85711e-07 1.38317e-05 0.000149571 0.00112002 0.00580843 0.0208715 0.0520635 0.0908267 0.113962 0.112806 0.107437 0.11181 0.111249 0.0928279 0.0665658 0.0454135 0.0304831 0.0188029 0.0100151 0.00468982 0.00212018 0.000962427
 4.15949e-11 1.95642e-09 6.37194e-08 1.43703e-06 2.24413e-05 0.00024267 0.00181709 0.00942183 0.033833 0.0841715 0.145314 0.175193 0.151159 0.10172 0.066213 0.0518135 0.0463033 0.0414521 0.0344213 0.0251441 0.015965 0.00891623 0.00436113 0.0018405 0.000673255
 3.25697e-11 1.53192e-09 4.98937e-08 1.12523e-06 1.75721e-05 0.000190018 0.00142286 0.00737842 0.026505 0.0660369 0.114664 0.141343 0.131987 0.110449 0.0997298 0.0912522 0.0719213 0.0484398 0.0318215 0.0224758 0.0158873 0.0100178 0.00531023 0.00231979 0.00082938
 3.98798e-11 1.87575e-09 6.1092e-08 1.37778e-06 2.1516e-05 0.000232665 0.00174218 0.00903359 0.0324414 0.0807354 0.139558 0.169084 0.148573 0.105758 0.0762245 0.0629404 0.0530475 0.0420275 0.0309881 0.0208495 0.0128121 0.00740402 0.0039731 0.00185036 0.000701195
 3.97518e-11 1.86974e-09 6.0896e-08 1.37336e-06 2.1447e-05 0.000231919 0.00173659 0.00900478 0.0323397 0.0804995 0.139268 0.169285 0.150504 0.110703 0.083548 0.0689056 0.0535617 0.0371155 0.0246981 0.0165503 0.0106578 0.00621467 0.00319293 0.00142368 0.000535631
 3.8889e-11 1.82915e-09 5.95742e-08 1.34355e-06 2.09814e-05 0.000226885 0.0016989 0.00880937 0.0316386 0.0787614 0.136308 0.165911 0.148233 0.110625 0.0856447 0.0723611 0.0573685 0.0402506 0.0262563 0.0164275 0.00972618 0.00537528 0.00271315 0.00119873 0.000443564
 3.59782e-11 1.69224e-09 5.51152e-08 1.24299e-06 1.9411e-05 0.000209903 0.00157175 0.00815022 0.0292735 0.0728948 0.126301 0.15442 0.140191 0.109364 0.0906363 0.0804331 0.0654734 0.0470395 0.0314854 0.0200048 0.0117131 0.00619818 0.00294464 0.00123384 0.000441055
 3.72451e-11 1.75183e-09 5.7056e-08 1.28676e-06 2.00946e-05 0.000217294 0.00162709 0.00843705 0.030302 0.0754387 0.130591 0.159114 0.14269 0.107689 0.0851768 0.0739571 0.0610127 0.0456085 0.0321059 0.0212929 0.0128362 0.00688053 0.00323814 0.00131387 0.000449174
 3.1785e-11 1.49501e-09 4.86916e-08 1.09812e-06 1.71487e-05 0.00018544 0.00138858 0.00720063 0.0258661 0.064443 0.111882 0.13785 0.12855 0.107389 0.0974532 0.0913046 0.0759279 0.0554402 0.0382107 0.0254958 0.0158688 0.00885514 0.00430086 0.0017688 0.000600845
 3.67795e-11 1.72993e-09 5.63427e-08 1.27067e-06 1.98434e-05 0.000214578 0.00160675 0.00833151 0.0299222 0.0744864 0.128896 0.156828 0.139949 0.104255 0.0811828 0.0708726 0.0607455 0.0484755 0.0365478 0.0255387 0.0160742 0.00903362 0.00447172 0.00188927 0.000657105
 3.59396e-11 1.69043e-09 5.50561e-08 1.24165e-06 1.93902e-05 0.000209678 0.00157006 0.00814143 0.0292415 0.0728111 0.126128 0.154075 0.13945 0.107877 0.0882814 0.0776354 0.0630416 0.0458435 0.0321803 0.0224831 0.0149046 0.00886889 0.00456281 0.00197405 0.000700076
 3.28548e-11 1.54533e-09 5.03304e-08 1.13508e-06 1.77259e-05 0.000191681 0.00143531 0.00744283 0.0267346 0.0665913 0.115506 0.14182 0.130683 0.106039 0.0929832 0.0860776 0.0724254 0.0542484 0.0382453 0.0257779 0.01628 0.00948708 0.00496502 0.00222804 0.000819234
 3.72304e-11 1.75114e-09 5.70334e-08 1.28625e-06 2.00866e-05 0.000217208 0.00162644 0.00843363 0.0302888 0.0753975 0.130462 0.158683 0.141435 0.104965 0.0810975 0.0700348 0.0591734 0.0464895 0.0348199 0.0245458 0.0157543 0.0090796 0.00464893 0.00206219 0.0007638
 3.39873e-11 1.5986e-09 5.20653e-08 1.1742e-06 1.83369e-05 0.000198288 0.00148478 0.00769932 0.0276553 0.0688779 0.119427 0.14642 0.134227 0.10741 0.0921837 0.0835211 0.0685252 0.0498884 0.0348409 0.0241353 0.0159261 0.00953062 0.00499016 0.0022207 0.000817747
 3.55591e-11 1.67253e-09 5.44732e-08 1.22851e-06 1.91849e-05 0.000207458 0.00155344 0.00805519 0.0289313 0.0720339 0.12475 0.152242 0.137331 0.105388 0.0856853 0.0762858 0.0644316 0.0496041 0.0360753 0.0247733 0.0157202 0.00914569 0.00478891 0.00216684 0.000810748
 3.54955e-11 1.66954e-09 5.43758e-08 1.22631e-06 1.91506e-05 0.000207087 0.00155066 0.00804082 0.0288801 0.0719106 0.124564 0.152147 0.137657 0.106445 0.0872761 0.0774576 0.0642152 0.0481725 0.0346337 0.0241564 0.0157169 0.00922971 0.00478548 0.00213682 0.000796297
 3.61975e-11 1.70255e-09 5.54511e-08 1.25056e-06 1.95293e-05 0.000211182 0.00158133 0.00819979 0.0294505 0.0733256 0.126979 0.154927 0.139626 0.106828 0.0862455 0.0758262 0.0626982 0.0469075 0.0334125 0.0229587 0.0147776 0.00868593 0.00454101 0.00203899 0.000759041
 3.64683e-11 1.71529e-09 5.5866e-08 1.25992e-06 1.96755e-05 0.000212762 0.00159316 0.00826114 0.0296708 0.0738734 0.127923 0.156056 0.140569 0.10738 0.0864303 0.0756872 0.0622151 0.0461368 0.0325429 0.0221664 0.0141374 0.0082274 0.00427006 0.00191356 0.000713641
 3.5707e-11 1.67949e-09 5.46997e-08 1.23362e-06 1.92647e-05 0.000208321 0.0015599 0.00808873 0.0290522 0.0723398 0.125312 0.153079 0.138559 0.107261 0.088062 0.078129 0.0645143 0.0478564 0.0336555 0.0227751 0.0143907 0.0082866 0.00425689 0.00189142 0.000701358
 3.58482e-11 1.68613e-09 5.49161e-08 1.2385e-06 1.93409e-05 0.000209145 0.00156607 0.0081207 0.0291668 0.0726226 0.125784 0.153576 0.138753 0.106889 0.0871881 0.0771955 0.0640142 0.0479189 0.0340289 0.0231471 0.0146128 0.00836551 0.00425906 0.0018735 0.000688287
 3.32278e-11 1.56287e-09 5.09018e-08 1.14796e-06 1.79271e-05 0.000193857 0.0014516 0.00752729 0.0270376 0.0673421 0.116782 0.143263 0.131615 0.10597 0.0919581 0.0845781 0.0710202 0.0533488 0.0380171 0.0260256 0.0165586 0.00953258 0.0048565 0.00212729 0.000775876
 3.66164e-11 1.72226e-09 5.60928e-08 1.26503e-06 1.97553e-05 0.000213626 0.00159962 0.0082946 0.0297901 0.0741621 0.128366 0.156327 0.13996 0.105189 0.0828583 0.0723273 0.0609495 0.0473924 0.0351389 0.02469 0.0159144 0.00923321 0.00473267 0.00208098 0.000759313
 3.42144e-11 1.60928e-09 5.24132e-08 1.18205e-06 1.84594e-05 0.000199613 0.0014947 0.00775073 0.0278396 0.0693334 0.120193 0.147247 0.134628 0.107014 0.0910882 0.0823294 0.0678766 0.049905 0.0351489 0.0243642 0.0159994 0.00953761 0.00499182 0.00222266 0.000816649
#pred catch len freq
 2.25035e-11 1.05845e-09 3.44732e-08 7.77457e-07 1.21411e-05 0.00013129 0.00098311 0.00509814 0.0183152 0.0456477 0.0793674 0.0983426 0.0935231 0.0821198 0.0802072 0.0817478 0.0772764 0.0689161 0.0606394 0.0525898 0.0449759 0.0383969 0.0320232 0.0243031 0.0153828
 1.05094e-11 4.94311e-10 1.60994e-08 3.63082e-07 5.67008e-06 6.13155e-05 0.000459173 0.00238191 0.00856797 0.0214619 0.0380503 0.0506015 0.0591039 0.0739906 0.0960703 0.109645 0.106284 0.0946198 0.082722 0.0709532 0.0589705 0.0475879 0.0368194 0.0260222 0.0156212
 8.17328e-12 3.84432e-10 1.25207e-08 2.82373e-07 4.40968e-06 4.76853e-05 0.000357086 0.00185205 0.00665788 0.0166365 0.0292196 0.0376034 0.0403512 0.0455345 0.0589279 0.0772171 0.0959172 0.110772 0.114634 0.105093 0.0878016 0.0687885 0.0504098 0.0333506 0.018824
 3.13146e-11 1.47289e-09 4.79711e-08 1.08187e-06 1.68949e-05 0.000182694 0.00136799 0.00709313 0.0254698 0.0633561 0.109315 0.131496 0.112504 0.0737042 0.0456863 0.0359928 0.0375873 0.045337 0.0556154 0.0628163 0.0620327 0.0529087 0.039141 0.0249876 0.013388
 4.21404e-11 1.98208e-09 6.45552e-08 1.45588e-06 2.27357e-05 0.000245854 0.00184093 0.00954553 0.0342783 0.0852919 0.147331 0.178007 0.154764 0.106334 0.0705696 0.0515354 0.0368183 0.0241225 0.0174428 0.0166679 0.0179552 0.0176797 0.0145701 0.00975674 0.00521954
 3.42786e-11 1.6123e-09 5.25117e-08 1.18427e-06 1.84941e-05 0.000199988 0.00149752 0.00776545 0.0278939 0.0694848 0.120563 0.148204 0.137092 0.112113 0.0984433 0.0887335 0.0692298 0.0448483 0.0260266 0.0152003 0.0101552 0.0081645 0.00678279 0.00485123 0.00273028
 3.0076e-11 1.41463e-09 4.60736e-08 1.03907e-06 1.62267e-05 0.000175469 0.00131392 0.00681353 0.0244762 0.0609869 0.105927 0.130728 0.122622 0.104051 0.0968649 0.0937738 0.0818496 0.0633881 0.0447696 0.0283277 0.015875 0.00849853 0.00490447 0.00299209 0.00164543
 3.08549e-11 1.45127e-09 4.72668e-08 1.06598e-06 1.66469e-05 0.000180013 0.00134794 0.00698979 0.0251072 0.0625386 0.108481 0.133216 0.122851 0.100035 0.0887579 0.084565 0.0754667 0.0621383 0.0485921 0.0351063 0.0223533 0.0123267 0.00601313 0.00273234 0.00118386
 3.39225e-11 1.59555e-09 5.19661e-08 1.17197e-06 1.83019e-05 0.00019791 0.00148195 0.00768451 0.0276003 0.0687259 0.119058 0.145472 0.131792 0.102354 0.0847776 0.0766696 0.0658725 0.0524892 0.0407027 0.030521 0.0210697 0.0128233 0.00667156 0.0029266 0.00108935
 3.36581e-11 1.58312e-09 5.15611e-08 1.16283e-06 1.81593e-05 0.000196368 0.0014704 0.00762473 0.0273868 0.068206 0.118238 0.144848 0.132429 0.105287 0.0897862 0.0816453 0.0682215 0.0513157 0.0371702 0.0265386 0.0180929 0.011323 0.00622983 0.00288358 0.00108731
 3.73699e-11 1.7577e-09 5.72473e-08 1.29107e-06 2.01619e-05 0.000218022 0.00163254 0.00846528 0.0304028 0.0756855 0.130988 0.159453 0.142533 0.106603 0.083171 0.0716706 0.0592605 0.0447918 0.0322181 0.0222167 0.0143623 0.00859663 0.00466272 0.00219357 0.000852296
 3.69435e-11 1.73764e-09 5.65939e-08 1.27633e-06 1.99318e-05 0.000215534 0.00161392 0.00836879 0.0300574 0.0748378 0.129603 0.15815 0.142592 0.109162 0.0879415 0.0764616 0.0615653 0.0440376 0.0298258 0.0197526 0.0124331 0.00721142 0.00376756 0.00172097 0.000661301
 3.45362e-11 1.62442e-09 5.29062e-08 1.19317e-06 1.8633e-05 0.00020149 0.00150876 0.00782365 0.0281014 0.0699867 0.121332 0.148671 0.136023 0.108325 0.0924739 0.0837789 0.0690573 0.0502437 0.0341151 0.0220316 0.0132204 0.00727178 0.00362666 0.00159416 0.000593958
 3.31669e-11 1.56001e-09 5.08087e-08 1.14586e-06 1.78943e-05 0.000193502 0.00144895 0.00751352 0.0269881 0.0672196 0.116574 0.143025 0.131459 0.106 0.0922657 0.0852831 0.0721658 0.0546295 0.0387943 0.0258715 0.015673 0.00848469 0.00407564 0.00170827 0.000608039
 3.26915e-11 1.53765e-09 5.00804e-08 1.12944e-06 1.76378e-05 0.000190728 0.00142818 0.00740584 0.0266014 0.066258 0.114916 0.141038 0.129786 0.104974 0.0917851 0.0851891 0.0724913 0.0555101 0.0402621 0.0276944 0.0173914 0.00970422 0.00472003 0.00195815 0.000677318
 3.30531e-11 1.55466e-09 5.06343e-08 1.14193e-06 1.78329e-05 0.000192838 0.00144397 0.00748772 0.0268951 0.0669853 0.116148 0.142415 0.130617 0.104749 0.0905653 0.0835391 0.0710247 0.0545213 0.0397849 0.0276865 0.0177335 0.0101724 0.00509817 0.00216537 0.000756498
 3.52024e-11 1.65575e-09 5.39268e-08 1.21618e-06 1.89924e-05 0.000205377 0.00153786 0.00797443 0.0286415 0.0713171 0.123538 0.150904 0.13657 0.105715 0.0869329 0.0776379 0.0651016 0.0495911 0.0360188 0.0250732 0.0161676 0.00940269 0.00480924 0.00209278 0.000748517
 3.32783e-11 1.56525e-09 5.09793e-08 1.14971e-06 1.79544e-05 0.000194152 0.00145381 0.00753877 0.027079 0.0674482 0.116985 0.143598 0.132196 0.106968 0.0932996 0.0856852 0.0711863 0.0524526 0.0366207 0.0247892 0.0157778 0.00915806 0.00471495 0.00207939 0.00075716
 3.40286e-11 1.60054e-09 5.21286e-08 1.17563e-06 1.83592e-05 0.000198529 0.00148658 0.00770861 0.0276877 0.0689511 0.119501 0.146262 0.133303 0.105174 0.0889821 0.0811627 0.0689626 0.0529961 0.0383838 0.0261692 0.0163401 0.00923967 0.00467262 0.00204949 0.000749587
 3.44376e-11 1.61978e-09 5.27552e-08 1.18976e-06 1.85798e-05 0.000200915 0.00150445 0.00780126 0.0280204 0.0697785 0.120928 0.147975 0.134749 0.106029 0.0891903 0.0805883 0.0674543 0.0509174 0.0366234 0.0253116 0.016182 0.00928519 0.0046826 0.00202659 0.000731817
 3.28697e-11 1.54603e-09 5.03533e-08 1.13559e-06 1.77339e-05 0.000191768 0.00143596 0.00744621 0.0267466 0.0666217 0.11556 0.141891 0.130762 0.106119 0.0930343 0.0860201 0.0722224 0.0540407 0.0382574 0.0260079 0.0164707 0.00946925 0.00482131 0.0021034 0.000760103
 3.33402e-11 1.56816e-09 5.10741e-08 1.15185e-06 1.79878e-05 0.000194513 0.00145651 0.00755272 0.0271284 0.0675639 0.117136 0.143553 0.131429 0.10493 0.0902082 0.0830137 0.0706386 0.0542534 0.039384 0.0270407 0.0170326 0.00967982 0.00488638 0.00212782 0.000771119
 3.40147e-11 1.59989e-09 5.21073e-08 1.17515e-06 1.83517e-05 0.000198448 0.00148598 0.00770546 0.0276765 0.0689239 0.119459 0.146233 0.133346 0.105326 0.0891451 0.0810582 0.0683749 0.052164 0.0379135 0.0263795 0.0169413 0.00977043 0.0049534 0.00215008 0.000775572
 3.465e-11 1.62977e-09 5.30806e-08 1.1971e-06 1.86945e-05 0.000202154 0.00151373 0.00784936 0.028193 0.0702066 0.121658 0.148812 0.13533 0.106111 0.0888193 0.0800149 0.0668982 0.0504214 0.0361495 0.0249156 0.0159817 0.00928661 0.00476671 0.00209196 0.00075904
 3.38803e-11 1.59357e-09 5.19014e-08 1.17051e-06 1.82792e-05 0.000197664 0.00148011 0.00767506 0.0275677 0.0686573 0.119026 0.14584 0.133422 0.106265 0.0908761 0.082856 0.0693536 0.0519926 0.0369255 0.0251589 0.0159523 0.00919228 0.00470877 0.0020756 0.00075899
 3.3643e-11 1.58241e-09 5.15379e-08 1.16231e-06 1.81511e-05 0.000196279 0.00146974 0.00762131 0.0273746 0.0681765 0.118193 0.144823 0.132506 0.10559 0.0904578 0.0828308 0.0699305 0.0531098 0.0381637 0.0260935 0.0164571 0.00938668 0.00475845 0.00208278 0.000759963
 3.2204e-11 1.51472e-09 4.93335e-08 1.11259e-06 1.73747e-05 0.000187884 0.00140688 0.00729543 0.0262053 0.0652761 0.113245 0.139138 0.128517 0.104927 0.0928288 0.086618 0.0736012 0.0560808 0.0405172 0.0279433 0.0177844 0.0101939 0.00515933 0.00224389 0.00081273
 3.24216e-11 1.52496e-09 4.96668e-08 1.12011e-06 1.74922e-05 0.000189153 0.00141638 0.00734466 0.0263815 0.0657079 0.113946 0.139777 0.128402 0.103432 0.0901045 0.0838866 0.0722859 0.0565509 0.0420137 0.0295439 0.0190321 0.0110118 0.00561519 0.00245198 0.00088789
 3.30611e-11 1.55504e-09 5.06465e-08 1.14221e-06 1.78372e-05 0.000192884 0.00144432 0.00748949 0.0269012 0.0669972 0.116148 0.142315 0.130209 0.103781 0.089041 0.0819351 0.0699938 0.0543992 0.040489 0.0288977 0.0190583 0.0112902 0.00586258 0.00259116 0.000945254
#obs catch len freq
 2.03525e-11 9.57285e-10 3.11781e-08 7.03146e-07 1.09807e-05 0.000118741 0.00088915 0.00461101 0.016567 0.0413076 0.0719385 0.0896886 0.087041 0.0799208 0.081738 0.0849454 0.0805871 0.0724643 0.065635 0.0595627 0.0525457 0.0437904 0.0331699 0.0217448 0.0117227
 2.19503e-11 1.03244e-09 3.36258e-08 7.58347e-07 1.18427e-05 0.000128063 0.000958945 0.00497283 0.0178652 0.0445275 0.077429 0.0959862 0.0914341 0.0806381 0.0793342 0.0816986 0.0785327 0.0717053 0.064729 0.0574652 0.0495945 0.0409181 0.0309403 0.020256 0.0108734
 7.60107e-16 3.5825e-14 1.17626e-12 2.73758e-11 4.80115e-10 7.45112e-09 1.22991e-07 2.02168e-06 2.69979e-05 0.000262124 0.00178615 0.0084687 0.0279403 0.0645269 0.106067 0.129239 0.126983 0.11365 0.100944 0.0891449 0.076362 0.0621173 0.0463323 0.0300778 0.0160694
 1.13748e-11 5.35014e-10 1.7425e-08 3.92979e-07 6.13692e-06 6.63617e-05 0.000496903 0.00257639 0.00924991 0.0229961 0.039591 0.0472422 0.039414 0.025039 0.0204027 0.0364179 0.0715458 0.108911 0.128163 0.124742 0.108344 0.0873307 0.0643304 0.0412796 0.0218545
 4.99679e-11 2.35025e-09 7.65461e-08 1.72631e-06 2.69588e-05 0.000291519 0.00218284 0.0113179 0.0406358 0.101039 0.174041 0.207963 0.173302 0.102798 0.0466422 0.0196573 0.0104789 0.00937653 0.0130012 0.0180865 0.0206695 0.0191693 0.0147854 0.00952745 0.00500745
 3.2157e-11 1.51251e-09 4.92615e-08 1.11097e-06 1.73494e-05 0.000187611 0.00140485 0.00728522 0.0261734 0.0652419 0.113496 0.1409 0.134702 0.118815 0.112985 0.103381 0.0754905 0.041159 0.0180308 0.00907307 0.00784563 0.0082546 0.00742937 0.00525354 0.00287172
 3.79645e-11 1.78567e-09 5.8158e-08 1.31161e-06 2.04827e-05 0.000221491 0.00165851 0.00859987 0.0308854 0.076878 0.132993 0.161617 0.143603 0.105723 0.0810111 0.070544 0.0611384 0.0485777 0.0342383 0.0203131 0.0101548 0.00510405 0.0032242 0.0022135 0.00127943
 2.36334e-11 1.1116e-09 3.62041e-08 8.16495e-07 1.27508e-05 0.000137883 0.0010325 0.00535474 0.0192437 0.0480272 0.0839502 0.106106 0.107443 0.106946 0.115776 0.117203 0.0983411 0.0706837 0.0483022 0.0324566 0.0200299 0.0106706 0.00499715 0.0022592 0.00102555
 3.98492e-11 1.87431e-09 6.10452e-08 1.37672e-06 2.14995e-05 0.000232486 0.00174083 0.0090265 0.0324143 0.0806507 0.139295 0.168219 0.146069 0.100373 0.0683339 0.0558647 0.0508772 0.045791 0.0380844 0.0278362 0.0176789 0.00987468 0.00483025 0.00203855 0.000745712
 3.07021e-11 1.44408e-09 4.70326e-08 1.06071e-06 1.65645e-05 0.000179122 0.00134128 0.00695549 0.0249876 0.0622749 0.108258 0.13404 0.127053 0.11013 0.10361 0.0969008 0.0769389 0.0519582 0.0341913 0.0241771 0.0170982 0.0107829 0.0057161 0.00249713 0.000892791
 3.82544e-11 1.7993e-09 5.86021e-08 1.32163e-06 2.06391e-05 0.000223182 0.00167117 0.0086655 0.0311206 0.0774591 0.133967 0.162656 0.144047 0.104976 0.0788982 0.0673432 0.0575062 0.0457437 0.0337783 0.0227421 0.0139794 0.00807974 0.00433596 0.0020194 0.000765261
 3.81869e-11 1.79613e-09 5.84988e-08 1.3193e-06 2.06027e-05 0.000222789 0.00166824 0.0086504 0.0310683 0.077347 0.133899 0.163158 0.146343 0.11038 0.0867331 0.0736261 0.0578661 0.0402439 0.0268249 0.0179923 0.0115911 0.00675989 0.00347322 0.00154868 0.000582664
 3.72635e-11 1.7527e-09 5.70842e-08 1.28739e-06 2.01045e-05 0.000217402 0.0016279 0.0084413 0.0303181 0.075487 0.130731 0.159546 0.143912 0.110295 0.0889784 0.0773346 0.0619629 0.0436246 0.0285023 0.0178486 0.0105721 0.00584384 0.00294985 0.00130334 0.000482277
 3.44025e-11 1.61813e-09 5.27014e-08 1.18855e-06 1.85609e-05 0.000200711 0.00150292 0.0077934 0.0279932 0.0697203 0.120893 0.148242 0.135977 0.10899 0.093789 0.0851869 0.0699166 0.0503687 0.0337576 0.021464 0.0125717 0.00665343 0.00316108 0.00132456 0.000473486
 3.57682e-11 1.68236e-09 5.47935e-08 1.23573e-06 1.92977e-05 0.000208678 0.00156257 0.00810259 0.0291019 0.0724626 0.125518 0.153304 0.138679 0.107202 0.0879296 0.078229 0.0651153 0.0488144 0.0344046 0.0228314 0.0137674 0.00738041 0.00347353 0.00140941 0.000481834
 3.01751e-11 1.41929e-09 4.62255e-08 1.0425e-06 1.62802e-05 0.000176048 0.00131826 0.00683607 0.0245581 0.0611995 0.106355 0.131529 0.124213 0.106935 0.100559 0.0960351 0.0803769 0.0588202 0.0405884 0.0271008 0.0168728 0.00941651 0.0045737 0.00188104 0.000638973
 3.52224e-11 1.65669e-09 5.39573e-08 1.21687e-06 1.90032e-05 0.000205493 0.00153873 0.00797888 0.0286569 0.0713476 0.12354 0.15067 0.135611 0.103498 0.0837237 0.075047 0.0649544 0.0519929 0.0392472 0.0274403 0.0172752 0.00970949 0.00480647 0.00203073 0.00070631
 3.42578e-11 1.61132e-09 5.24797e-08 1.18355e-06 1.84828e-05 0.000199866 0.0014966 0.00776058 0.027875 0.0694224 0.120352 0.147466 0.134902 0.107362 0.0914549 0.08248 0.0675846 0.0492971 0.0346562 0.0242326 0.01607 0.00956355 0.00492041 0.00212879 0.000754959
 3.11033e-11 1.46295e-09 4.76474e-08 1.07457e-06 1.6781e-05 0.000181463 0.0013588 0.00704622 0.0253115 0.063062 0.109489 0.134927 0.125913 0.105429 0.0961936 0.0910779 0.0772272 0.0579991 0.0409444 0.0276175 0.0174477 0.0101689 0.00532215 0.00238835 0.000878182
 3.55451e-11 1.67187e-09 5.44516e-08 1.22802e-06 1.91773e-05 0.000207376 0.00155282 0.00805197 0.0289193 0.0720005 0.124666 0.152023 0.136757 0.104184 0.0838976 0.0745802 0.0636985 0.050218 0.0376662 0.0265703 0.0170587 0.00983249 0.00503466 0.00223334 0.000827197
 3.23252e-11 1.52042e-09 4.95192e-08 1.11678e-06 1.74402e-05 0.000188592 0.00141218 0.00732295 0.0263048 0.065529 0.11372 0.13989 0.129734 0.106905 0.0953274 0.0883202 0.0730272 0.0533072 0.0372791 0.0258439 0.0170592 0.0102099 0.00534604 0.0023791 0.000876081
 3.3832e-11 1.5913e-09 5.18275e-08 1.16884e-06 1.82531e-05 0.000197382 0.001478 0.00766408 0.0275279 0.0685532 0.118813 0.145429 0.132575 0.104673 0.0886854 0.0810703 0.0691261 0.0533845 0.0388788 0.0267173 0.0169591 0.00986775 0.00516727 0.00233808 0.000874826
 3.38534e-11 1.5923e-09 5.18603e-08 1.16958e-06 1.82647e-05 0.000197507 0.00147893 0.00766897 0.0275458 0.0686016 0.118922 0.145681 0.133173 0.105847 0.0902388 0.0820807 0.0686494 0.0516496 0.037184 0.0259535 0.0168913 0.00992048 0.00514385 0.00229688 0.000855946
 3.45243e-11 1.62386e-09 5.2888e-08 1.19276e-06 1.86266e-05 0.000201421 0.00150824 0.00782089 0.028091 0.069954 0.121231 0.14834 0.135062 0.10623 0.0892849 0.0805658 0.0672469 0.0504669 0.0359991 0.0247544 0.0159386 0.00936953 0.00489863 0.00219961 0.000818836
 3.47494e-11 1.63445e-09 5.32328e-08 1.20054e-06 1.87481e-05 0.000202734 0.00151807 0.00787189 0.0282741 0.0704097 0.122018 0.149294 0.135896 0.106801 0.089607 0.0806067 0.0669084 0.0497781 0.0351642 0.023971 0.0152938 0.00890162 0.00462023 0.00207052 0.000772184
 3.40663e-11 1.60232e-09 5.21864e-08 1.17693e-06 1.83795e-05 0.000198749 0.00148823 0.0077172 0.0277191 0.0690338 0.119676 0.146626 0.134103 0.106719 0.0911099 0.0828434 0.0690105 0.0513409 0.0361551 0.0244842 0.0154756 0.00891242 0.00457859 0.00203439 0.000754377
 3.41273e-11 1.60518e-09 5.22797e-08 1.17904e-06 1.84124e-05 0.000199105 0.0014909 0.00773099 0.0277685 0.0691547 0.119872 0.146802 0.134064 0.106286 0.0903354 0.0820976 0.068721 0.0516029 0.0366983 0.0249819 0.0157765 0.00903294 0.00459911 0.00202312 0.00074326
 3.15666e-11 1.48474e-09 4.8357e-08 1.09057e-06 1.70309e-05 0.000184166 0.00137904 0.00715112 0.0256878 0.0639947 0.111075 0.136723 0.127086 0.105381 0.0949846 0.0892953 0.0755496 0.056897 0.0405968 0.0278105 0.0176995 0.0101906 0.00519195 0.00227426 0.000829484
 3.4946e-11 1.64369e-09 5.35339e-08 1.20732e-06 1.88541e-05 0.000203881 0.00152665 0.00791632 0.0284328 0.0707953 0.122622 0.149732 0.135341 0.104452 0.0856891 0.07688 0.0654437 0.0510532 0.0379058 0.0266522 0.0171841 0.00997102 0.00511109 0.00224741 0.000820046
#spawning biomass
 22044 21847.7 17303.9 12480.9 13770.7 25266.4 36877 45213.6 55276.5 67523.1 76695.9 107311 144925 169074 156892 136438 128925 126264 137507 149649 148492 134558 138514 146529 170187 186512 193560 208090 231042 286667 308876 202690 121210 73061.2 47624.3 35032.1 29047.4 26277.8 25018.6 24452.9 24200.9 24089.2 24039.9 24018.2 24008.7 24004.5 24002.7 24001.9 24001.6 24001.4 24001.3 24001.3 24001.3 24001.3 24001.3 24001.3 24001.3 24001.3 24001.3 24001.3 24001.3 24001.3 24001.3 24001.3 24001.3 24001.3 24001.3 24001.3 24001.3 24001.3 24001.3 24001.3 24001.3 24001.3 24001.3 24001.3 24001.3 24001.3 24001.3 24001.3 24001.3 24001.3 24001.3 24001.3 24001.3 24001.3 24001.3 24001.3 24001.3 24001.3 24001.3 24001.3 24001.3 24001.3 24001.3 24001.3 24001.3 24001.3 24001.3 24001.3 24001.3 24001.3 24001.3 24001.3 24001.3 24001.3 24001.3 24001.3 24001.3 24001.3 24001.3 24001.3 24001.3 24001.3 24001.3 24001.3 24001.3 24001.3 24001.3 24001.3 24001.3 24001.3 24001.3 24001.3 24001.3 24001.3 24001.3 24001.3 24001.3 0 0 0 0 0 0 0 0 0 0 0 0 0 0 0 0 0 0 0 0 0 0 0 0 0
