SBPRF35
0.256306
Curr Bio
174864
B35
201646
F35
0.397686
FOFL
0.397686
OFL
73928.6
Bzero
73230.3
#pred survey bio
 23601.9 21297.5 16296.8 14531.6 24183.3 40422.3 55552.3 68151.2 89320.5 120374 146737 163782 207041 242298 223122 215794 232966 229502 224219 215016 226223 219306 247865 267864 277972 268984 256659 259525 263752 6.76423e+06 5.37979e+06 3.84442e+06 2.59175e+06 1.78326e+06 1.31444e+06 1.05672e+06 918209 843924 803582 781171 768358 760802 756212 753347 751519 750339 749568 749058 748718 748491 748339 748236 748167 748121 748089 748068 748053 748044 748037 748033 748030 748028 748026 748025 748025 748024 748024 748024 748024 748024 748023 748023 748023 748023 748023 748023 748023 748023 748023 748023 748023 748023 748023 748023 748023 748023 748023 748023 748023 748023 748023 748023 748023 748023 748023 748023 748023 748023 748023 748023 748023 748023 748023 748023 748023 748023 748023 748023 748023 748023 748023 748023 748023 748023 748023 748023 748023 748023 748023 748023 748023 748023 748023 748023 748023 748023 748023 748023 748023 0 0 0 0 0 0 0 0 0 0 0 0 0 0 0 0 0 0 0 0 0 0 0 0 0
#obs survey bio
 18164.7 12856.4 11168.1 17216.6 29096.2 34285.3 56857.7 80070.2 117494 126998 166041 221069 188743 340325 175958 233716 305619 250204 147709 172555 314498 205188 191455 313725 240113 196355 299527 390094 250720
#pred catch bio
 2989.62 3761.94 3268.47 2321.08 3678.84 8127.94 14209.9 19209.9 19692 34013.6 54264 52848.9 72394.1 100969 88365.3 84474.9 92342.4 85135.1 91348 80325.7 94054.5 76499.4 98004.4 105713 113665 112012 99929.4 104284 86507 73928.6 67289.2 46946.7 30335.2 19980.4 14251.1 11289.6 9822.41 9115.34 8780.79 8624.45 8552.01 8518.63 8503.32 8496.31 8493.11 8491.65 8490.99 8490.69 8490.56 8490.49 8490.47 8490.45 8490.45 8490.44 8490.44 8490.44 8490.44 8490.44 8490.44 8490.44 8490.44 8490.44 8490.44 8490.44 8490.44 8490.44 8490.44 8490.44 8490.44 8490.44 8490.44 8490.44 8490.44 8490.44 8490.44 8490.44 8490.44 8490.44 8490.44 8490.44 8490.44 8490.44 8490.44 8490.44 8490.44 8490.44 8490.44 8490.44 8490.44 8490.44 8490.44 8490.44 8490.44 8490.44 8490.44 8490.44 8490.44 8490.44 8490.44 8490.44 8490.44 8490.44 8490.44 8490.44 8490.44 8490.44 8490.44 8490.44 8490.44 8490.44 8490.44 8490.44 8490.44 8490.44 8490.44 8490.44 8490.44 8490.44 8490.44 8490.44 8490.44 8490.44 8490.44 8490.44 8490.44 8490.44 8490.44 8490.44 8490.44 0 0 0 0 0 0 0 0 0 0 0 0 0 0 0 0 0 0 0 0 0 0 0 0 0
#obs catch bio
 3597.98 4021.46 3582.52 2368.03 3663.13 8259.53 14107 18649.4 18396.8 31617.7 51248.2 48286.2 70052 92856.9 84691.6 84808.6 90348.3 80990.5 96296.4 85338.6 92741.3 73219.8 99239.8 106110 114739 120462 103918 103461 85614.7
#pred cpue bio
 22294.9 20698.7 16007.2 13527.6 20808.9 35692.2 50071.5 61411.5 78929.3 108130 131410 144948 182720 215006 201327 193712 205725 206269 202955 192199 201967 195763 220655 236734 247830 241040 229554 232122 234670 6.07997e+06 5.23996e+06 3.78567e+06 2.53911e+06 1.73098e+06 1.26219e+06 1.00447e+06 865960 791674 751332 728921 716108 708553 703963 701098 699270 698090 697319 696809 696469 696242 696090 695987 695918 695871 695840 695819 695804 695794 695788 695783 695780 695778 695777 695776 695775 695775 695775 695775 695774 695774 695774 695774 695774 695774 695774 695774 695774 695774 695774 695774 695774 695774 695774 695774 695774 695774 695774 695774 695774 695774 695774 695774 695774 695774 695774 695774 695774 695774 695774 695774 695774 695774 695774 695774 695774 695774 695774 695774 695774 695774 695774 695774 695774 695774 695774 695774 695774 695774 695774 695774 695774 695774 695774 695774 695774 695774 695774 695774 695774 0 0 0 0 0 0 0 0 0 0 0 0 0 0 0 0 0 0 0 0 0 0 0 0 0
#obs cpue bio
 19588.6 13689.1 12726.6 20568.3 24621.2 37817.5 63696.7 80312.5 91650.2 139559 125241 172158 158172 289135 227299 145657 207069 240346 168485 158984 260080 245178 225008 205024 270320 193755 182339 218298 232976
#pred surv len freq
 2.58664e-11 1.21663e-09 3.96248e-08 8.93639e-07 1.39555e-05 0.000150909 0.00113001 0.00585977 0.0210489 0.052437 0.0910072 0.11199 0.10403 0.0863381 0.0787873 0.07716 0.0714404 0.0626473 0.0543366 0.0466189 0.0395273 0.0334934 0.0277636 0.0209784 0.0132407
 1.18499e-11 5.57361e-10 1.81529e-08 4.09393e-07 6.3933e-06 6.9136e-05 0.000517731 0.00268551 0.00965778 0.0241693 0.0426978 0.0560784 0.0634129 0.0759435 0.0959182 0.108229 0.104186 0.0921069 0.0800269 0.068317 0.0565221 0.0453661 0.0348927 0.0245296 0.0146664
 9.93528e-12 4.67308e-10 1.52199e-08 3.43247e-07 5.36032e-06 5.79649e-05 0.000434056 0.00225109 0.00808992 0.0201907 0.0352971 0.0446536 0.0455259 0.0469826 0.0569377 0.0733307 0.0915409 0.106669 0.111236 0.102631 0.0861546 0.0676154 0.0494667 0.032603 0.0183262
 3.53366e-11 1.66206e-09 5.41323e-08 1.22082e-06 1.90648e-05 0.000206158 0.00154368 0.00800405 0.0287397 0.0714807 0.123269 0.147971 0.125573 0.0798881 0.045752 0.0323133 0.0316027 0.0374573 0.0463128 0.0531336 0.0532277 0.045869 0.0341309 0.0218253 0.0116792
 4.54492e-11 2.13771e-09 6.96239e-08 1.57019e-06 2.45208e-05 0.000265157 0.00198546 0.0102948 0.036967 0.0919626 0.15872 0.191137 0.164135 0.108338 0.0659962 0.0441371 0.0300696 0.0191127 0.0133957 0.012641 0.0137484 0.0137354 0.011454 0.00772862 0.00415002
 3.71097e-11 1.74546e-09 5.68486e-08 1.28208e-06 2.00215e-05 0.000216505 0.00162119 0.00840656 0.0301943 0.0751902 0.130293 0.159364 0.14486 0.11323 0.093473 0.0809344 0.0617935 0.0391612 0.0220632 0.0125014 0.00820994 0.00661483 0.00555711 0.00401665 0.00227756
 3.36006e-11 1.58041e-09 5.14729e-08 1.16084e-06 1.81282e-05 0.000196032 0.00146789 0.0076117 0.0273401 0.0680908 0.118046 0.14465 0.132384 0.105632 0.0909099 0.0841174 0.0722105 0.0554791 0.038891 0.0243759 0.0134861 0.00711894 0.0040829 0.00250268 0.00138753
 3.46901e-11 1.63165e-09 5.31419e-08 1.19848e-06 1.8716e-05 0.000202388 0.00151547 0.00785833 0.0282241 0.0702738 0.121704 0.148536 0.134032 0.102998 0.0841227 0.0757437 0.0655563 0.0527275 0.040549 0.0290948 0.0185023 0.0101865 0.00494687 0.00223707 0.000968802
 3.8852e-11 1.82741e-09 5.95176e-08 1.34227e-06 2.09615e-05 0.000226669 0.00169728 0.00880087 0.0316065 0.0786669 0.136044 0.165119 0.146019 0.105864 0.078466 0.0652674 0.0536859 0.041396 0.031171 0.0229078 0.0156511 0.00948859 0.0049324 0.00216256 0.00080405
 3.43849e-11 1.6173e-09 5.26744e-08 1.18794e-06 1.85514e-05 0.000200608 0.00150215 0.00778936 0.0279782 0.0696787 0.12079 0.147972 0.135265 0.107453 0.0913237 0.0822864 0.0674011 0.048971 0.0340132 0.0234612 0.0156339 0.00964743 0.00526753 0.00243011 0.000915321
 3.58871e-11 1.68796e-09 5.49758e-08 1.23984e-06 1.93619e-05 0.000209372 0.00156777 0.00812945 0.0291972 0.0726903 0.125845 0.153385 0.13774 0.104429 0.0835012 0.073932 0.0630934 0.049603 0.0368374 0.025602 0.016321 0.00955038 0.00507823 0.00235824 0.000909735
 3.80858e-11 1.79137e-09 5.83439e-08 1.3158e-06 2.05481e-05 0.000222199 0.00166381 0.00862739 0.0309845 0.0771288 0.133453 0.162294 0.144556 0.106992 0.0819729 0.0694737 0.0567237 0.0425625 0.0308934 0.021897 0.0145056 0.008651 0.00454178 0.00205504 0.000779298
 3.81802e-11 1.79581e-09 5.84885e-08 1.31906e-06 2.0599e-05 0.00022275 0.00166794 0.00864882 0.0310618 0.0773251 0.133818 0.16286 0.145448 0.108452 0.0839796 0.0713676 0.0575708 0.0419246 0.0290923 0.0197183 0.0127127 0.00756253 0.00401802 0.00183354 0.000692996
 3.68714e-11 1.73426e-09 5.64836e-08 1.27385e-06 1.98929e-05 0.000215114 0.00161077 0.00835245 0.0299985 0.0746891 0.129332 0.157754 0.142032 0.108342 0.08695 0.0757998 0.0617996 0.0451272 0.0310963 0.0206092 0.012809 0.00732508 0.00378475 0.00170753 0.000644857
 3.31638e-11 1.55987e-09 5.08039e-08 1.14575e-06 1.78926e-05 0.000193484 0.00144881 0.00751283 0.0269858 0.067216 0.116582 0.143102 0.13174 0.106627 0.0931414 0.0859025 0.0719693 0.0536246 0.0376101 0.0251363 0.0155313 0.00869779 0.00435511 0.00190272 0.000701305
 3.53873e-11 1.66445e-09 5.42101e-08 1.22257e-06 1.90922e-05 0.000206456 0.00154593 0.00801626 0.028791 0.0716817 0.124118 0.15137 0.136223 0.103905 0.0838861 0.0748478 0.0642744 0.0510042 0.038404 0.0270344 0.0172066 0.00975489 0.004867 0.00209044 0.000751837
 3.8605e-11 1.8158e-09 5.91393e-08 1.33374e-06 2.08282e-05 0.000225228 0.00168649 0.00874497 0.0314063 0.0781741 0.135229 0.164305 0.145862 0.10693 0.0806531 0.0676327 0.055123 0.0415207 0.0303589 0.0217228 0.0145267 0.00869151 0.00450603 0.00196987 0.00070866
 3.38969e-11 1.59435e-09 5.19269e-08 1.17108e-06 1.82881e-05 0.000197761 0.00148084 0.00767889 0.0275821 0.0686993 0.119141 0.146179 0.134356 0.108231 0.0936829 0.0851915 0.0696638 0.0500527 0.0340313 0.0227838 0.0146743 0.00877087 0.00467446 0.00212192 0.000787763
 3.32307e-11 1.56302e-09 5.09064e-08 1.14807e-06 1.79287e-05 0.000193874 0.00145173 0.00752789 0.0270388 0.0673372 0.116718 0.142923 0.130485 0.103473 0.08838 0.0816851 0.0708068 0.0558929 0.0414007 0.0284614 0.0177576 0.0100714 0.00517195 0.00232798 0.000876214
 3.64779e-11 1.71575e-09 5.58808e-08 1.26025e-06 1.96806e-05 0.000212818 0.00159357 0.00826323 0.0296772 0.0738804 0.127872 0.155696 0.139298 0.104481 0.0820309 0.0714466 0.0602757 0.047292 0.0358713 0.0260742 0.0173519 0.0102398 0.00526006 0.0023121 0.000850298
 3.61239e-11 1.6991e-09 5.53385e-08 1.24802e-06 1.94896e-05 0.000210753 0.00157811 0.00818314 0.0293907 0.0731777 0.126728 0.154645 0.139445 0.106822 0.0863052 0.0756654 0.0620993 0.0460803 0.032946 0.0232379 0.0156002 0.0095515 0.00512652 0.00232333 0.000862334
 3.60183e-11 1.69413e-09 5.51767e-08 1.24437e-06 1.94327e-05 0.000210137 0.0015735 0.00815922 0.0293048 0.0729648 0.126365 0.154229 0.139163 0.106824 0.0866718 0.0764573 0.0632828 0.0472844 0.033527 0.0228847 0.0146956 0.00872558 0.00467212 0.00216045 0.000823926
 3.67372e-11 1.72794e-09 5.6278e-08 1.26921e-06 1.98205e-05 0.000214331 0.0016049 0.008322 0.0298887 0.0744111 0.128819 0.156983 0.140874 0.106527 0.0845483 0.0736935 0.0611417 0.0462521 0.0333189 0.0229635 0.0146737 0.00852769 0.00443886 0.00201214 0.000764495
 3.80365e-11 1.78905e-09 5.82683e-08 1.3141e-06 2.05215e-05 0.000221911 0.00166166 0.00861625 0.0309448 0.0770329 0.133307 0.162213 0.14479 0.107811 0.0833734 0.0710114 0.0577775 0.0427549 0.0302302 0.0207128 0.0132926 0.00775339 0.00401329 0.00179209 0.000669014
 3.58175e-11 1.68469e-09 5.48691e-08 1.23744e-06 1.93243e-05 0.000208966 0.00156473 0.0081138 0.0291423 0.0725666 0.125719 0.153642 0.139276 0.108222 0.0892203 0.0790345 0.0645895 0.0469975 0.0323324 0.0215514 0.0135385 0.00779755 0.00401439 0.0017859 0.000662165
 3.50913e-11 1.65053e-09 5.37566e-08 1.21235e-06 1.89325e-05 0.000204729 0.00153301 0.00794929 0.0285515 0.0710955 0.123172 0.15054 0.136506 0.106227 0.0880381 0.0790197 0.0663088 0.050253 0.0359202 0.0242787 0.0150771 0.00848155 0.00426867 0.00186892 0.000686052
 3.57767e-11 1.68276e-09 5.48065e-08 1.23602e-06 1.93023e-05 0.000208727 0.00156294 0.00810448 0.0291081 0.0724742 0.12551 0.153158 0.138114 0.105871 0.0858229 0.0759702 0.0635849 0.0485223 0.0353376 0.0245988 0.0157585 0.00903972 0.00455387 0.00196819 0.000710211
 3.57221e-11 1.6802e-09 5.4723e-08 1.23414e-06 1.92729e-05 0.000208409 0.00156056 0.00809214 0.029064 0.072366 0.125334 0.152997 0.138138 0.106229 0.0864483 0.076506 0.0636308 0.0480311 0.0346677 0.0241653 0.0157057 0.00922517 0.00476138 0.00209114 0.000757647
 3.68525e-11 1.73337e-09 5.64546e-08 1.27319e-06 1.98827e-05 0.000215004 0.00160994 0.00834812 0.0299825 0.0746439 0.129218 0.157452 0.141236 0.106669 0.0844659 0.0734192 0.0606999 0.0457228 0.0328769 0.0227664 0.0147157 0.00865713 0.00451811 0.00201899 0.000744284
#obs surv len freq
 2.25298e-11 1.05969e-09 3.45135e-08 7.78367e-07 1.21553e-05 0.000131444 0.000984262 0.00510414 0.0183372 0.0457062 0.0794943 0.0986181 0.0941492 0.0833352 0.0818493 0.0829814 0.0773633 0.0684395 0.0612352 0.0550043 0.0478762 0.0393897 0.0297191 0.0195987 0.0106702
 9.00818e-16 4.24386e-14 1.39106e-12 3.21661e-11 5.51576e-10 8.08011e-09 1.23425e-07 1.9359e-06 2.54349e-05 0.000245855 0.00167365 0.00793675 0.0262156 0.0607332 0.100601 0.124676 0.126175 0.116607 0.104999 0.092224 0.0784644 0.0638339 0.0477553 0.0311131 0.0167192
 1.2581e-11 5.91749e-10 1.92729e-08 4.34652e-07 6.78771e-06 7.33991e-05 0.000549597 0.0028496 0.0102308 0.0254347 0.0437885 0.0522414 0.0435031 0.0271558 0.0203469 0.0339271 0.0664474 0.102565 0.123287 0.122802 0.108397 0.0878763 0.0647826 0.0416257 0.0221091
 5.14666e-11 2.42074e-09 7.88419e-08 1.77808e-06 2.77673e-05 0.000300263 0.00224831 0.0116573 0.0418541 0.104064 0.179228 0.214045 0.177993 0.104729 0.0462114 0.018153 0.00881184 0.00750589 0.0104015 0.0146772 0.0170626 0.0160751 0.0125376 0.00812862 0.00428664
 3.18292e-11 1.49709e-09 4.87594e-08 1.09965e-06 1.71726e-05 0.000185699 0.00139053 0.00721102 0.0259073 0.0645841 0.112388 0.139695 0.134086 0.119319 0.114513 0.105195 0.0767794 0.0416498 0.0179533 0.00872897 0.00741828 0.00786984 0.00716864 0.00511983 0.00281861
 3.99215e-11 1.87772e-09 6.1156e-08 1.37922e-06 2.15385e-05 0.000232908 0.001744 0.00904301 0.0324749 0.0808149 0.13967 0.169103 0.148229 0.104846 0.0751477 0.0629819 0.0553077 0.04563 0.0332558 0.0200625 0.0100209 0.00495714 0.00309197 0.00212644 0.00123714
 2.34112e-11 1.10115e-09 3.58637e-08 8.08817e-07 1.26309e-05 0.000136586 0.0010228 0.00530442 0.0190633 0.0475806 0.0831948 0.105269 0.106954 0.107096 0.116394 0.11767 0.0981327 0.0700263 0.048007 0.0329435 0.0209112 0.0113838 0.00537691 0.00242393 0.0010958
 4.46257e-11 2.09898e-09 6.83623e-08 1.54174e-06 2.40765e-05 0.000260352 0.00194948 0.0101082 0.0362956 0.0902788 0.155725 0.187117 0.159399 0.102739 0.0605953 0.0430773 0.037886 0.0348134 0.0295814 0.0218661 0.0140208 0.00795425 0.00397025 0.00170593 0.000630757
 3.47021e-11 1.63222e-09 5.31603e-08 1.1989e-06 1.87225e-05 0.000202458 0.00151601 0.00786137 0.0282386 0.0703432 0.122053 0.150037 0.138777 0.11338 0.099089 0.0882096 0.0672676 0.04273 0.0259423 0.0174422 0.0122771 0.00784072 0.00421938 0.00187273 0.000680475
 3.6117e-11 1.69877e-09 5.53278e-08 1.24778e-06 1.94859e-05 0.000210713 0.00157781 0.00818152 0.0293846 0.0731584 0.126669 0.154452 0.138906 0.105771 0.0852052 0.0759291 0.0649018 0.0503615 0.0357529 0.0228697 0.0132163 0.00722901 0.00377543 0.00175551 0.000671959
 3.81757e-11 1.7956e-09 5.84815e-08 1.31891e-06 2.05966e-05 0.000222723 0.00166774 0.00864776 0.0310579 0.0773126 0.13378 0.162735 0.145087 0.10767 0.0828141 0.0702862 0.0572346 0.0426761 0.0306474 0.0212692 0.0135109 0.00754682 0.00367601 0.00156431 0.000572077
 3.97968e-11 1.87185e-09 6.09649e-08 1.37491e-06 2.14712e-05 0.000232181 0.00173855 0.00901491 0.0323757 0.0805853 0.13939 0.16931 0.150137 0.109656 0.0819897 0.067711 0.0536411 0.0383626 0.0260895 0.0173562 0.0109664 0.00632951 0.00321367 0.00138462 0.000493068
 3.83594e-11 1.80424e-09 5.87629e-08 1.32525e-06 2.06957e-05 0.000223795 0.00167577 0.00868946 0.0312085 0.0776953 0.134496 0.16386 0.146898 0.110668 0.08691 0.0740238 0.0586324 0.0409581 0.0267448 0.0169346 0.0101821 0.00566123 0.00283744 0.00123362 0.00044574
 3.58547e-11 1.68643e-09 5.4926e-08 1.23872e-06 1.93444e-05 0.000209183 0.00156636 0.00812224 0.029173 0.0726446 0.125868 0.153891 0.139716 0.109016 0.0904225 0.080417 0.065747 0.0475525 0.0320312 0.0204227 0.0119946 0.00638674 0.00305758 0.00128507 0.000456758
 3.03869e-11 1.42925e-09 4.65499e-08 1.04982e-06 1.63944e-05 0.000177283 0.00132751 0.00688399 0.0247295 0.0616195 0.107036 0.132146 0.12409 0.10548 0.0980177 0.0937945 0.0799505 0.0603104 0.0426461 0.0284283 0.0172399 0.00929548 0.00439915 0.00179451 0.000615918
 3.86467e-11 1.81776e-09 5.92031e-08 1.33518e-06 2.08507e-05 0.000225471 0.00168831 0.00875432 0.031439 0.0782452 0.135285 0.164056 0.144638 0.10401 0.0763785 0.0641334 0.0548299 0.0446302 0.034655 0.0249502 0.0160598 0.00908479 0.00444635 0.00184012 0.000628545
 3.75852e-11 1.76783e-09 5.7577e-08 1.29851e-06 2.0278e-05 0.000219279 0.00164195 0.00851412 0.0305791 0.0761323 0.131816 0.160719 0.144473 0.109644 0.0870019 0.074422 0.0588139 0.0412398 0.0279471 0.0193155 0.0129929 0.00791489 0.00414747 0.00180657 0.000637799
 2.9032e-11 1.36552e-09 4.44742e-08 1.00301e-06 1.56634e-05 0.000169378 0.00126832 0.00657719 0.0236292 0.0588953 0.102424 0.127014 0.121054 0.106463 0.102652 0.0995827 0.0841575 0.0618585 0.0422284 0.0274401 0.016783 0.0096123 0.00503652 0.00228657 0.000850483
 3.58217e-11 1.68488e-09 5.48755e-08 1.23758e-06 1.93266e-05 0.00020899 0.00156491 0.00811453 0.0291427 0.0725439 0.12552 0.152655 0.13603 0.101015 0.0786567 0.0697889 0.0622545 0.052607 0.041758 0.0300159 0.0190089 0.0106397 0.00529432 0.00230814 0.0008511
 3.35925e-11 1.58003e-09 5.14605e-08 1.16056e-06 1.81239e-05 0.000195985 0.00146753 0.00760989 0.027334 0.0680774 0.118037 0.144707 0.132625 0.106063 0.0909463 0.0823852 0.0678037 0.0500872 0.0363308 0.0266616 0.0185753 0.0114615 0.00601923 0.00263934 0.000953461
 3.61902e-11 1.70221e-09 5.54399e-08 1.25031e-06 1.95254e-05 0.00021114 0.00158101 0.00819809 0.0294438 0.0733034 0.126902 0.154653 0.13881 0.105062 0.0836677 0.0735387 0.0619807 0.0479117 0.0351721 0.0246182 0.0161795 0.00987453 0.00540717 0.00251543 0.000949315
 3.54362e-11 1.66675e-09 5.42849e-08 1.22426e-06 1.91186e-05 0.000206741 0.00154807 0.00802742 0.0288322 0.0717938 0.124379 0.152003 0.137783 0.107056 0.0882914 0.0783638 0.0644219 0.0475764 0.033676 0.0233604 0.015329 0.00920817 0.00494257 0.00229576 0.000885508
 3.71916e-11 1.74931e-09 5.69739e-08 1.28491e-06 2.00657e-05 0.000216982 0.00162475 0.0084249 0.0302582 0.0753282 0.13039 0.158819 0.142267 0.107034 0.0842446 0.0729109 0.0601264 0.0450943 0.0321142 0.0219154 0.0139711 0.00818276 0.00431693 0.00198102 0.000759542
 3.69044e-11 1.7358e-09 5.6534e-08 1.27498e-06 1.99107e-05 0.000215306 0.00161221 0.00835991 0.0300254 0.0747557 0.129446 0.157889 0.142136 0.108372 0.0868663 0.0755387 0.061341 0.0446342 0.0308655 0.0207632 0.0131601 0.00762107 0.00394125 0.00176958 0.000666811
 3.29351e-11 1.54911e-09 5.04534e-08 1.13785e-06 1.77692e-05 0.000192149 0.00143882 0.00746105 0.0268002 0.0667568 0.115807 0.142255 0.13129 0.10693 0.0941175 0.0870319 0.0726805 0.0537375 0.0373582 0.0248579 0.0154146 0.00873162 0.00443544 0.00195911 0.000725653
 3.46856e-11 1.63144e-09 5.31351e-08 1.19833e-06 1.87137e-05 0.000202362 0.00151528 0.00785735 0.028221 0.0702686 0.121714 0.148639 0.134412 0.103886 0.0855164 0.0771922 0.0663753 0.0524504 0.0392423 0.0274459 0.0173768 0.00983329 0.00492396 0.00213297 0.000775023
 3.2979e-11 1.55117e-09 5.05207e-08 1.13937e-06 1.77929e-05 0.000192405 0.00144073 0.00747093 0.0268351 0.0668376 0.115905 0.142178 0.130589 0.105079 0.0910946 0.0837226 0.0703732 0.0532816 0.0388613 0.0276854 0.0184231 0.0109704 0.00566895 0.00247752 0.000894218
 3.62101e-11 1.70315e-09 5.54705e-08 1.251e-06 1.95361e-05 0.000211256 0.00158188 0.00820258 0.0294598 0.0733419 0.126959 0.154679 0.138692 0.10468 0.0830226 0.0728479 0.0615699 0.0480145 0.0357823 0.0254289 0.0167669 0.0100652 0.00535293 0.00242252 0.000897732
 3.69852e-11 1.73961e-09 5.66578e-08 1.27778e-06 1.99543e-05 0.000215778 0.00161574 0.0083782 0.0300908 0.0749158 0.129704 0.158115 0.142054 0.107709 0.0856133 0.0740649 0.0601592 0.0440927 0.0310811 0.02162 0.0143103 0.00866192 0.00464256 0.00212869 0.000805046
#pred catch len freq
 2.21875e-11 1.04359e-09 3.39891e-08 7.6654e-07 1.19706e-05 0.000129446 0.000969308 0.0050266 0.0180587 0.0450131 0.0782962 0.0971668 0.0928849 0.0825146 0.0815786 0.0835047 0.0787584 0.0698314 0.0610298 0.0525778 0.044662 0.0378732 0.031403 0.0237305 0.0149781
 9.64388e-12 4.53602e-10 1.47735e-08 3.33181e-07 5.20313e-06 5.62661e-05 0.000421366 0.0021859 0.00786454 0.019716 0.0350642 0.0471347 0.0565498 0.0732493 0.0969934 0.11148 0.108372 0.0966606 0.0845806 0.0724902 0.0600804 0.0482574 0.0371273 0.0261031 0.0156077
 7.99998e-12 3.76281e-10 1.22552e-08 2.76386e-07 4.31618e-06 4.66741e-05 0.000349514 0.00181276 0.00651631 0.0162798 0.028573 0.036679 0.0390865 0.043685 0.0564788 0.0748529 0.0946297 0.111027 0.116197 0.107403 0.0902501 0.0708685 0.0518602 0.034184 0.0192155
 3.15872e-11 1.48571e-09 4.83887e-08 1.09128e-06 1.7042e-05 0.000184284 0.00137989 0.00715486 0.0256913 0.0639064 0.110259 0.132601 0.113347 0.0739978 0.0453775 0.0350784 0.0360701 0.0434882 0.0540724 0.0621539 0.0623064 0.0537075 0.0399687 0.0255598 0.013678
 4.27871e-11 2.0125e-09 6.55458e-08 1.47822e-06 2.30845e-05 0.000249626 0.00186917 0.00969198 0.0348038 0.0865962 0.149561 0.180593 0.15666 0.106867 0.0698854 0.0502725 0.0355276 0.0229551 0.0163029 0.0155232 0.0169323 0.0169267 0.0141171 0.00952589 0.00511517
 3.38555e-11 1.5924e-09 5.18635e-08 1.16965e-06 1.82658e-05 0.00019752 0.00147903 0.00766966 0.0275505 0.0686358 0.119135 0.146657 0.136325 0.112821 0.100483 0.0910853 0.0707754 0.0452493 0.0257045 0.0146778 0.00968825 0.00782244 0.00657542 0.00475328 0.00269533
 3.03021e-11 1.42527e-09 4.642e-08 1.04689e-06 1.63487e-05 0.000176788 0.0013238 0.00686474 0.0246599 0.0614423 0.106702 0.131612 0.123221 0.104099 0.0964319 0.0931881 0.081419 0.0631616 0.0445891 0.02807 0.0155665 0.00822844 0.00472313 0.00289615 0.00160584
 3.14731e-11 1.48034e-09 4.82139e-08 1.08734e-06 1.69804e-05 0.00018362 0.00137495 0.00712982 0.0256099 0.0637879 0.110629 0.135765 0.12491 0.101078 0.0888279 0.0838313 0.0739892 0.0601324 0.0465764 0.0335576 0.0213817 0.0117825 0.00572459 0.00258943 0.00112154
 3.56855e-11 1.67847e-09 5.46668e-08 1.23287e-06 1.92531e-05 0.000208195 0.00155896 0.00808378 0.0290333 0.0722835 0.125149 0.152575 0.137129 0.104166 0.0833575 0.0733894 0.0618635 0.0482835 0.0366609 0.0270753 0.0185403 0.011251 0.005851 0.0025658 0.000954061
 3.11963e-11 1.46732e-09 4.77898e-08 1.07778e-06 1.68311e-05 0.000182005 0.00136286 0.00706729 0.0253873 0.0632527 0.109832 0.135402 0.126516 0.106196 0.0969282 0.0911033 0.0758937 0.0556693 0.0389752 0.0270301 0.0180602 0.0111571 0.00609455 0.00281217 0.00105931
 3.29924e-11 1.5518e-09 5.05412e-08 1.13983e-06 1.78001e-05 0.000192483 0.00144132 0.0074739 0.0268449 0.0668545 0.115883 0.14191 0.129591 0.102836 0.087946 0.0814267 0.0707952 0.0561932 0.042007 0.02931 0.0187216 0.0109656 0.00583344 0.0027095 0.00104533
 3.51716e-11 1.65431e-09 5.38797e-08 1.21512e-06 1.89759e-05 0.000205198 0.00153652 0.00796747 0.0286165 0.0712551 0.123432 0.15078 0.136473 0.105649 0.0868074 0.0772723 0.0644087 0.0488394 0.0357217 0.0254399 0.0168904 0.010083 0.00529584 0.00239669 0.000908931
 3.53661e-11 1.66345e-09 5.41775e-08 1.22184e-06 1.90808e-05 0.000206332 0.00154501 0.00801155 0.0287752 0.0716539 0.124148 0.151771 0.137738 0.107371 0.0889793 0.0792291 0.0651643 0.0479244 0.0335046 0.0228207 0.0147489 0.00878317 0.0046687 0.00213087 0.00080544
 3.42024e-11 1.60872e-09 5.23949e-08 1.18164e-06 1.8453e-05 0.000199543 0.00149418 0.00774804 0.0278299 0.0693106 0.120161 0.14724 0.134732 0.107345 0.0917436 0.0833303 0.0690895 0.0508942 0.0353075 0.0235049 0.0146419 0.00838189 0.00433282 0.0019552 0.000738452
 3.02924e-11 1.42481e-09 4.64052e-08 1.04655e-06 1.63434e-05 0.000176732 0.00132338 0.00686259 0.0246526 0.0614291 0.106712 0.131774 0.123831 0.105431 0.0981181 0.0938501 0.0797839 0.0599455 0.0423259 0.0284127 0.0175948 0.00986346 0.00494115 0.00215923 0.000795926
 3.25403e-11 1.53054e-09 4.98488e-08 1.12421e-06 1.75562e-05 0.000189846 0.00142157 0.00737152 0.0264774 0.065942 0.114319 0.140079 0.12819 0.102295 0.0881903 0.0821533 0.0718241 0.0575287 0.043595 0.0308046 0.0196423 0.0111455 0.00556323 0.00238998 0.000859648
 3.5947e-11 1.69077e-09 5.50674e-08 1.24191e-06 1.93942e-05 0.000209721 0.00157038 0.00814304 0.0292464 0.0728165 0.126089 0.153799 0.138477 0.105677 0.0850197 0.0747016 0.0621059 0.0472469 0.0347911 0.0250026 0.016754 0.0100328 0.00520336 0.0022751 0.00081853
 3.09715e-11 1.45675e-09 4.74455e-08 1.07001e-06 1.67098e-05 0.000180694 0.00135305 0.00701643 0.0252051 0.0628043 0.109091 0.134664 0.126382 0.107197 0.0990115 0.0934773 0.0775836 0.0562165 0.0384992 0.0259053 0.0167272 0.0100088 0.00533666 0.00242297 0.000899598
 3.03759e-11 1.42874e-09 4.65331e-08 1.04944e-06 1.63885e-05 0.000177219 0.00132702 0.00688139 0.0247189 0.0615819 0.106893 0.131606 0.122447 0.101901 0.092768 0.0891011 0.0784588 0.0624684 0.0465577 0.0321262 0.0200818 0.0114002 0.00585703 0.00263691 0.000992581
 3.36189e-11 1.58127e-09 5.1501e-08 1.16147e-06 1.81381e-05 0.000196138 0.00146868 0.00761576 0.0273539 0.0681165 0.118032 0.144361 0.131241 0.102883 0.0863604 0.0787272 0.0677029 0.0536462 0.0409717 0.0299021 0.0199369 0.0117752 0.00605108 0.00266028 0.000978428
 3.34063e-11 1.57127e-09 5.11753e-08 1.15413e-06 1.80234e-05 0.000194898 0.0014594 0.00756772 0.0271824 0.0677004 0.117385 0.143915 0.131933 0.105625 0.0908948 0.0830061 0.0692717 0.0518618 0.037336 0.0264517 0.0177956 0.0109054 0.00585541 0.00265408 0.000985165
 3.30819e-11 1.55601e-09 5.06783e-08 1.14292e-06 1.78484e-05 0.000193006 0.00144523 0.00749424 0.0269188 0.0670465 0.11627 0.142635 0.131044 0.105534 0.0916529 0.0844599 0.0711681 0.0536829 0.0383382 0.0262899 0.0169213 0.0100576 0.00538787 0.00249193 0.000950416
 3.39771e-11 1.59812e-09 5.20498e-08 1.17385e-06 1.83314e-05 0.000198229 0.00148433 0.00769696 0.0276459 0.0688479 0.119328 0.146076 0.133214 0.10525 0.0891357 0.0811318 0.0685336 0.0523284 0.0379527 0.0262683 0.0168204 0.00978458 0.00509533 0.00231018 0.000877805
 3.53491e-11 1.66265e-09 5.41515e-08 1.22125e-06 1.90716e-05 0.000206233 0.00154427 0.00800768 0.0287611 0.0716168 0.12407 0.151611 0.137389 0.106694 0.0880238 0.0784096 0.0650031 0.0485608 0.0345768 0.0237974 0.0153058 0.00893629 0.00462758 0.00206679 0.000771628
 3.30773e-11 1.5558e-09 5.06714e-08 1.14276e-06 1.78459e-05 0.000192979 0.00144503 0.00749326 0.0269158 0.0670445 0.116303 0.142849 0.131787 0.107211 0.094156 0.0867677 0.0720506 0.0528784 0.0366279 0.0245271 0.0154435 0.00890396 0.00458609 0.00204064 0.00075668
 3.23353e-11 1.5209e-09 4.95347e-08 1.11713e-06 1.74456e-05 0.00018865 0.00141262 0.00732517 0.026312 0.0655407 0.113695 0.139652 0.128867 0.104975 0.0926623 0.0865153 0.0737765 0.056398 0.0405739 0.0275365 0.0171352 0.00964863 0.00485829 0.00212752 0.000781051
 3.2952e-11 1.54991e-09 5.04794e-08 1.13844e-06 1.77783e-05 0.000192248 0.00143956 0.00746481 0.0268128 0.0667806 0.115795 0.141989 0.130252 0.104513 0.09044 0.0835094 0.0711215 0.0547761 0.0401637 0.0280761 0.0180229 0.0103482 0.00521526 0.0022545 0.000813594
 3.29388e-11 1.54928e-09 5.04592e-08 1.13798e-06 1.77712e-05 0.000192171 0.00143898 0.00746183 0.0268023 0.0667559 0.115763 0.141999 0.130414 0.104939 0.0910661 0.0839832 0.0710409 0.0541102 0.0393214 0.0275268 0.0179277 0.01054 0.00544224 0.0023906 0.000866216
 3.38875e-11 1.59391e-09 5.19125e-08 1.17076e-06 1.82831e-05 0.000197706 0.00148042 0.00767667 0.0275732 0.0686678 0.119023 0.145737 0.133013 0.105309 0.0894084 0.081413 0.0686185 0.0522076 0.0378175 0.0263093 0.0170445 0.0100374 0.00524085 0.00234243 0.000863592
#obs catch len freq
 2.17332e-11 1.02222e-09 3.32931e-08 7.50845e-07 1.17255e-05 0.000126796 0.000949456 0.00492359 0.0176879 0.0440807 0.07662 0.0948338 0.0898724 0.0783958 0.0764756 0.0792076 0.077671 0.0727054 0.066648 0.0592992 0.0511262 0.0425038 0.0327657 0.0219996 0.012095
 2.02954e-11 9.54598e-10 3.10906e-08 7.01173e-07 1.09498e-05 0.000118408 0.000886657 0.00459811 0.0165211 0.0411983 0.0717818 0.0896509 0.0874958 0.0812691 0.083922 0.0871763 0.0819373 0.0727211 0.0651794 0.058596 0.0510189 0.0419803 0.0316751 0.020889 0.0113727
 7.66028e-16 3.60985e-14 1.18454e-12 2.75055e-11 4.78612e-10 7.28332e-09 1.17227e-07 1.89899e-06 2.52343e-05 0.000244684 0.00166704 0.00790718 0.0261205 0.0605211 0.10028 0.124364 0.12602 0.116655 0.105181 0.0924493 0.0786797 0.0640167 0.0478943 0.0312041 0.0167682
 1.1054e-11 5.19928e-10 1.69337e-08 3.81898e-07 5.96387e-06 6.44905e-05 0.000482891 0.00250374 0.00898909 0.0223477 0.0384745 0.0459084 0.0382884 0.0242512 0.0195155 0.0346392 0.068574 0.105963 0.127392 0.126905 0.112029 0.090827 0.0669602 0.0430256 0.0228527
 5.04621e-11 2.37349e-09 7.73031e-08 1.74338e-06 2.72253e-05 0.000294402 0.00220443 0.0114298 0.0410375 0.102036 0.175748 0.209954 0.174802 0.10333 0.0463336 0.0189672 0.00973788 0.00855818 0.0119386 0.01686 0.0196024 0.0184683 0.0144043 0.00933892 0.00492491
 2.96583e-11 1.39498e-09 4.54337e-08 1.02464e-06 1.60013e-05 0.000173033 0.0012957 0.00671943 0.0241439 0.0602144 0.104965 0.131312 0.128695 0.119712 0.120146 0.112752 0.0828489 0.0450337 0.0194376 0.0094728 0.00806617 0.00856116 0.00779883 0.00556996 0.00306642
 3.80856e-11 1.79137e-09 5.83436e-08 1.3158e-06 2.0548e-05 0.000222198 0.0016638 0.00862726 0.030983 0.0771139 0.133352 0.161827 0.143069 0.103865 0.0780622 0.0679697 0.0605889 0.0502103 0.0366502 0.0221246 0.0110544 0.00546959 0.00341214 0.00234676 0.00136534
 2.14663e-11 1.00967e-09 3.28844e-08 7.41626e-07 1.15816e-05 0.00012524 0.000937841 0.00486401 0.0174831 0.0436625 0.0765196 0.0976429 0.101749 0.106617 0.120234 0.12342 0.103429 0.0739659 0.0507916 0.0348924 0.0221589 0.0120652 0.00569914 0.00256929 0.00116153
 4.31142e-11 2.02788e-09 6.60469e-08 1.48952e-06 2.3261e-05 0.000251535 0.00188346 0.00976587 0.0350672 0.0872298 0.15051 0.181061 0.154933 0.101441 0.0622395 0.0464161 0.0417992 0.0386587 0.0329024 0.0243339 0.0156067 0.008855 0.00442012 0.00189929 0.000702258
 3.28229e-11 1.54383e-09 5.02816e-08 1.13398e-06 1.77087e-05 0.000191495 0.00143393 0.00743585 0.026712 0.066559 0.115614 0.142719 0.133911 0.113278 0.103317 0.0941844 0.0724089 0.0461267 0.0280563 0.0188896 0.0133043 0.00849829 0.00457349 0.00202993 0.0007376
 3.43572e-11 1.616e-09 5.2632e-08 1.18699e-06 1.85365e-05 0.000200446 0.00150094 0.00778302 0.0279547 0.0696119 0.12062 0.147511 0.134065 0.105057 0.0883045 0.080904 0.0698494 0.0543754 0.0386555 0.0247435 0.0143039 0.00782517 0.00408708 0.00190048 0.000727456
 3.65156e-11 1.71752e-09 5.59384e-08 1.26155e-06 1.9701e-05 0.000213038 0.00159522 0.00827184 0.0297091 0.0739674 0.128077 0.156202 0.140567 0.107094 0.0858527 0.0750023 0.061743 0.0462018 0.0332315 0.0230808 0.0146667 0.00819342 0.00399116 0.00169846 0.000621141
 3.82972e-11 1.80132e-09 5.86677e-08 1.3231e-06 2.06622e-05 0.000223432 0.00167305 0.00867533 0.0311573 0.0775641 0.134242 0.163426 0.14611 0.10926 0.0849224 0.0721489 0.057784 0.0414712 0.0282464 0.0188061 0.0118867 0.00686155 0.00348396 0.0015011 0.00053455
 3.6764e-11 1.7292e-09 5.63189e-08 1.27013e-06 1.9835e-05 0.000214487 0.00160608 0.00832817 0.0299122 0.0744813 0.129022 0.157615 0.142661 0.110356 0.0901957 0.0789078 0.0631224 0.044238 0.0289305 0.0183343 0.0110282 0.00613267 0.00307391 0.00133646 0.000482902
 3.42784e-11 1.61229e-09 5.25113e-08 1.18426e-06 1.8494e-05 0.000199987 0.0014975 0.00776529 0.0278923 0.0694689 0.120457 0.147708 0.13549 0.108619 0.0935427 0.0851441 0.0701863 0.0509012 0.0343309 0.0219044 0.0128691 0.0068533 0.0032811 0.00137904 0.000490162
 2.8754e-11 1.35245e-09 4.40484e-08 9.93403e-07 1.55134e-05 0.000167757 0.00125618 0.0065142 0.0234027 0.058329 0.101427 0.12572 0.119647 0.104924 0.101033 0.0984897 0.0844716 0.0638591 0.0452066 0.0301541 0.0182916 0.00986366 0.00466824 0.00190431 0.000653609
 3.71103e-11 1.74549e-09 5.68495e-08 1.2821e-06 2.00218e-05 0.000216508 0.0016212 0.00840639 0.0301905 0.075148 0.129998 0.157968 0.140319 0.103177 0.0787548 0.0681221 0.0589154 0.0481254 0.0374174 0.026954 0.0173536 0.00981759 0.00480519 0.00198865 0.000679284
 3.58978e-11 1.68846e-09 5.49921e-08 1.24021e-06 1.93677e-05 0.000209434 0.00156824 0.00813201 0.0292081 0.0727329 0.126025 0.154103 0.13996 0.109237 0.0903453 0.0794163 0.063392 0.0445994 0.0302741 0.0209437 0.0140939 0.00858682 0.00449978 0.00196006 0.000691992
 2.72377e-11 1.28113e-09 4.17256e-08 9.41017e-07 1.46954e-05 0.000158911 0.00118994 0.00617088 0.0221713 0.0552801 0.0962627 0.119965 0.116209 0.105933 0.106086 0.104848 0.08915 0.0656762 0.0448931 0.0291946 0.0178628 0.0102324 0.00536174 0.00243427 0.000905427
 3.41329e-11 1.60545e-09 5.22884e-08 1.17924e-06 1.84155e-05 0.000199137 0.00149113 0.00773208 0.0277703 0.0691388 0.119705 0.145946 0.131227 0.099978 0.0810935 0.0740313 0.0667347 0.0565748 0.0449622 0.0323363 0.020483 0.011466 0.0057057 0.00248754 0.000917257
 3.18211e-11 1.49671e-09 4.87469e-08 1.09937e-06 1.71682e-05 0.00018565 0.00139015 0.00720874 0.0258946 0.0645078 0.111952 0.137734 0.127796 0.10543 0.0941451 0.0873266 0.0724666 0.0536862 0.0390001 0.028644 0.0199632 0.0123193 0.00646997 0.00283702 0.00102488
 3.45266e-11 1.62396e-09 5.28915e-08 1.19284e-06 1.86279e-05 0.000201434 0.00150834 0.00782135 0.028092 0.0699504 0.121183 0.148085 0.134211 0.104332 0.0864918 0.0780749 0.0664469 0.0515259 0.0378767 0.0265291 0.0174406 0.0106454 0.00582954 0.00271195 0.00102349
 3.37529e-11 1.58757e-09 5.17062e-08 1.16611e-06 1.82104e-05 0.00019692 0.00147454 0.00764621 0.0274644 0.0684018 0.118597 0.14538 0.133207 0.106489 0.091395 0.0831569 0.0689703 0.051087 0.0362125 0.0251393 0.0165018 0.00991388 0.00532161 0.00247185 0.000953434
 3.55869e-11 1.67383e-09 5.45157e-08 1.22947e-06 1.91999e-05 0.00020762 0.00155465 0.00806151 0.0289543 0.0720944 0.124876 0.1525 0.137886 0.106452 0.0871511 0.0774548 0.0645013 0.048529 0.0346083 0.0236341 0.0150715 0.00882829 0.00465769 0.00213743 0.000819515
 3.52351e-11 1.65729e-09 5.39768e-08 1.21731e-06 1.90101e-05 0.000205568 0.00153929 0.00798189 0.0286691 0.0713923 0.123714 0.151331 0.13763 0.10788 0.0900537 0.080407 0.0659252 0.048123 0.0333279 0.0224379 0.0142266 0.00823987 0.00426148 0.0019134 0.000721008
 3.11592e-11 1.46558e-09 4.77329e-08 1.0765e-06 1.68111e-05 0.000181789 0.00136124 0.00705888 0.0253573 0.0631784 0.109708 0.135274 0.12648 0.106372 0.0974642 0.0921867 0.0775837 0.057517 0.0400412 0.026664 0.0165405 0.00937076 0.00476037 0.00210268 0.000778837
 3.30652e-11 1.55523e-09 5.06528e-08 1.14235e-06 1.78394e-05 0.000192909 0.0014445 0.0074904 0.0269043 0.0670026 0.116142 0.142235 0.129915 0.103136 0.088213 0.081575 0.0707496 0.0560629 0.0419955 0.0293885 0.0186113 0.010533 0.00527452 0.00228487 0.000830218
 3.12581e-11 1.47023e-09 4.78845e-08 1.07992e-06 1.68645e-05 0.000182366 0.00136556 0.00708123 0.0254368 0.0633695 0.109991 0.135396 0.125872 0.10441 0.0941348 0.0884971 0.0749709 0.0569156 0.0415676 0.0296347 0.0197263 0.0117477 0.00607086 0.00265321 0.000957635
 3.46266e-11 1.62867e-09 5.30447e-08 1.19629e-06 1.86818e-05 0.000202018 0.0015127 0.00784399 0.0281731 0.0701502 0.121515 0.148423 0.134303 0.103958 0.0856689 0.0771216 0.0657957 0.0514643 0.0384018 0.027307 0.0180099 0.0108124 0.00575053 0.00260249 0.000964429
#spawning biomass
 19769 19878.1 15558.5 11289.7 13361.8 26121.5 39171.2 47711 57084.7 83654.8 99999.8 105774 132310 159159 158298 148620 148770 160212 160523 145133 152461 147786 164745 172182 186795 184569 174297 176343 174864 204666 239486 165629 105039 67391.3 46567.6 35804.1 30471.6 27901.8 26685.9 26117.7 25854.4 25733.1 25677.4 25652 25640.3 25635 25632.6 25631.5 25631 25630.8 25630.7 25630.7 25630.6 25630.6 25630.6 25630.6 25630.6 25630.6 25630.6 25630.6 25630.6 25630.6 25630.6 25630.6 25630.6 25630.6 25630.6 25630.6 25630.6 25630.6 25630.6 25630.6 25630.6 25630.6 25630.6 25630.6 25630.6 25630.6 25630.6 25630.6 25630.6 25630.6 25630.6 25630.6 25630.6 25630.6 25630.6 25630.6 25630.6 25630.6 25630.6 25630.6 25630.6 25630.6 25630.6 25630.6 25630.6 25630.6 25630.6 25630.6 25630.6 25630.6 25630.6 25630.6 25630.6 25630.6 25630.6 25630.6 25630.6 25630.6 25630.6 25630.6 25630.6 25630.6 25630.6 25630.6 25630.6 25630.6 25630.6 25630.6 25630.6 25630.6 25630.6 25630.6 25630.6 25630.6 25630.6 25630.6 25630.6 0 0 0 0 0 0 0 0 0 0 0 0 0 0 0 0 0 0 0 0 0 0 0 0 0
