SBPRF35
0.93596
Curr Bio
128092
B35
646064
F35
0.237853
FOFL
0
OFL
0
Bzero
267417
#pred survey bio
 13983.1 9999.13 13120.6 18133.5 23116.7 27082.5 33105 37900.4 45329.1 56058.8 71282.4 81712.5 102913 122267 124965 107639 109582 100613 112788 101268 103595 110242 108569 117349 129198 131524 118619 102297 2.05286e+06 3.30256e+06 4.1785e+06 4.29649e+06 4.04406e+06 3.67095e+06 3.2992e+06 2.97952e+06 2.72519e+06 2.53208e+06 2.38975e+06 2.28678e+06 2.21311e+06 2.16065e+06 2.12276e+06 2.09472e+06 2.07505e+06 2.06108e+06 2.05101e+06 2.04366e+06 2.03821e+06 2.03411e+06 2.03098e+06 2.02857e+06 2.02669e+06 2.0252e+06 2.02402e+06 2.02307e+06 2.0223e+06 2.02167e+06 2.02116e+06 2.02074e+06 2.0204e+06 2.02012e+06 2.01989e+06 2.01969e+06 2.01953e+06 2.0194e+06 2.01929e+06 2.0192e+06 2.01912e+06 2.01906e+06 2.01901e+06 2.01897e+06 2.01893e+06 2.0189e+06 2.01888e+06 2.01886e+06 2.01884e+06 2.01882e+06 2.01881e+06 2.0188e+06 2.01879e+06 2.01879e+06 2.01878e+06 2.01878e+06 2.01877e+06 2.01877e+06 2.01877e+06 2.01876e+06 2.01876e+06 2.01876e+06 2.01876e+06 2.01876e+06 2.01876e+06 2.01876e+06 2.01876e+06 2.01876e+06 2.01876e+06 2.01876e+06 2.01876e+06 2.01875e+06 2.01875e+06 2.01875e+06 2.01875e+06 2.01875e+06 2.01875e+06 2.01875e+06 2.01875e+06 2.01875e+06 2.01875e+06 2.01875e+06 2.01875e+06 2.01875e+06 2.01875e+06 2.01875e+06 2.01875e+06 2.01875e+06 2.01875e+06 2.01875e+06 2.01875e+06 2.01875e+06 2.01875e+06 2.01875e+06 2.01875e+06 2.01875e+06 2.01875e+06 2.01875e+06 2.01875e+06 2.01875e+06 0 0 0 0 0 0 0 0 0 0 0 0 0 0 0 0 0 0 0 0 0 0 0 0 0
#obs survey bio
 12987.3 12033.7 19003.3 18904.4 25361.2 15651.5 29746 33087.4 50410.2 54033.4 62433.7 83187.8 86153.1 151794 64252.1 60234 72844.2 92626.4 68834 80929.8 157951 116262 98648.6 108798 82319.2 126164 79136.8 86146.7
#pred catch bio
 10044.2 5542.29 6949.85 10067 14535.9 16899 22336.4 25481.5 32217.3 38328.4 52235.2 59847.6 76348.1 91006.5 101647 83748.8 93054.9 77742.8 96618.3 84289.7 85803.3 94342.3 92063.6 100924 113640 118062 105644 95395.5 0 24670.6 36844.2 38010.2 35141.4 31294.8 27595.9 24477.1 22036 20214.9 18900.3 17973.5 17331.1 16891.5 16591.1 16385 16249.9 16161.4 16103.3 16065.3 16040.4 16024 16013.3 16006.3 16001.7 15998.6 15996.7 15995.4 15994.5 15994 15993.6 15993.4 15993.2 15993.1 15993 15993 15993 15992.9 15992.9 15992.9 15992.9 15992.9 15992.9 15992.9 15992.9 15992.9 15992.9 15992.9 15992.9 15992.9 15992.9 15992.9 15992.9 15992.9 15992.9 15992.9 15992.9 15992.9 15992.9 15992.9 15992.9 15992.9 15992.9 15992.9 15992.9 15992.9 15992.9 15992.9 15992.9 15992.9 15992.9 15992.9 15992.9 15992.9 15992.9 15992.9 15992.9 15992.9 15992.9 15992.9 15992.9 15992.9 15992.9 15992.9 15992.9 15992.9 15992.9 15992.9 15992.9 15992.9 15992.9 15992.9 15992.9 15992.9 15992.9 15992.9 15992.9 15992.9 15992.9 15992.9 0 0 0 0 0 0 0 0 0 0 0 0 0 0 0 0 0 0 0 0 0 0 0 0 0
#obs catch bio
 5824.6 5530.81 6699.89 9704.2 14339 16783.1 22219.5 25431.5 32031 37079.6 50015.3 58519.5 73582.5 86522.4 103023 84684.8 93722.6 77216.3 95101.2 83998.7 80728.7 89564.9 87926.7 97355.3 111213 117579 103628 94597.7
#pred cpue bio
 10614.5 6707.86 8002 11282.2 14790.9 16506 20000.1 22387.7 26284.6 30273.2 40018.1 45324.7 53977.9 66636.3 74064.2 61426.9 60668 53023.6 60850.6 53960.6 53429.8 56605.8 55817.7 57778.8 62738.5 65008.3 60538.3 53559 993664 2.60587e+06 3.99239e+06 4.17628e+06 3.90933e+06 3.52818e+06 3.15389e+06 2.83353e+06 2.57901e+06 2.38586e+06 2.24352e+06 2.14055e+06 2.06688e+06 2.01442e+06 1.97653e+06 1.94849e+06 1.92882e+06 1.91485e+06 1.90478e+06 1.89743e+06 1.89198e+06 1.88788e+06 1.88475e+06 1.88234e+06 1.88046e+06 1.87897e+06 1.87779e+06 1.87684e+06 1.87607e+06 1.87544e+06 1.87493e+06 1.87452e+06 1.87417e+06 1.87389e+06 1.87366e+06 1.87346e+06 1.8733e+06 1.87317e+06 1.87306e+06 1.87297e+06 1.87289e+06 1.87283e+06 1.87278e+06 1.87274e+06 1.8727e+06 1.87267e+06 1.87265e+06 1.87263e+06 1.87261e+06 1.87259e+06 1.87258e+06 1.87257e+06 1.87256e+06 1.87256e+06 1.87255e+06 1.87255e+06 1.87254e+06 1.87254e+06 1.87254e+06 1.87254e+06 1.87253e+06 1.87253e+06 1.87253e+06 1.87253e+06 1.87253e+06 1.87253e+06 1.87253e+06 1.87253e+06 1.87253e+06 1.87253e+06 1.87253e+06 1.87253e+06 1.87252e+06 1.87252e+06 1.87252e+06 1.87252e+06 1.87252e+06 1.87252e+06 1.87252e+06 1.87252e+06 1.87252e+06 1.87252e+06 1.87252e+06 1.87252e+06 1.87252e+06 1.87252e+06 1.87252e+06 1.87252e+06 1.87252e+06 1.87252e+06 1.87252e+06 1.87252e+06 1.87252e+06 1.87252e+06 1.87252e+06 1.87252e+06 1.87252e+06 1.87252e+06 1.87252e+06 1.87252e+06 0 0 0 0 0 0 0 0 0 0 0 0 0 0 0 0 0 0 0 0 0 0 0 0 0
#obs cpue bio
 5680.38 6120.65 13701.2 14408.5 16887.2 23163.2 29370.7 22969.6 33938.3 56657.2 81822.4 70101.2 100443 121995 78696.6 102026 79839.1 71797.4 117998 76704.7 127285 98519.9 131269 103125 114694 72249.3 123422 95989.2
#pred surv len freq
 2.55987e-27 2.57969e-27 2.58217e-26 4.9075e-20 1.20302e-14 3.56475e-10 1.27683e-06 0.00055282 0.0289326 0.183036 0.140384 0.0390509 0.198609 0.18387 0.0493902 0.0669296 0.0291208 0.0228428 0.0141599 0.0108403 0.008559 0.00744799 0.00752205 0.00670153 0.00204939
 2.56372e-27 2.59011e-27 3.4858e-26 6.8137e-20 1.6703e-14 4.94938e-10 1.77279e-06 0.000767549 0.0401707 0.254131 0.194654 0.0379671 0.152237 0.141491 0.0498013 0.0781405 0.0264149 0.0108206 0.0048465 0.00278156 0.00179347 0.00134049 0.00120357 0.00107574 0.000360911
 2.56588e-27 2.59573e-27 3.95526e-26 7.80395e-20 1.91304e-14 5.66869e-10 2.03043e-06 0.000879099 0.0460089 0.291065 0.222874 0.0391382 0.141322 0.130814 0.0369501 0.0516436 0.0203013 0.0124963 0.00398156 0.00122877 0.000522588 0.00029809 0.000222484 0.00018763 6.52899e-05
 2.56415e-27 2.5909e-27 3.51571e-26 6.87665e-20 1.68573e-14 4.99511e-10 1.78916e-06 0.00077464 0.0405419 0.256479 0.196501 0.0413776 0.176893 0.163507 0.0403921 0.0511383 0.0182263 0.00891044 0.00350216 0.0012819 0.000287425 9.04887e-05 4.78664e-05 3.49489e-05 1.20701e-05
 2.56392e-27 2.59048e-27 3.49697e-26 6.83719e-20 1.67605e-14 4.96645e-10 1.7789e-06 0.000770195 0.0403092 0.255008 0.195353 0.0398459 0.166044 0.153904 0.046118 0.0665901 0.0225276 0.00909742 0.00305575 0.00101544 0.000283373 5.38412e-05 1.32935e-05 6.99072e-06 2.27311e-06
 2.5651e-27 2.59351e-27 3.74981e-26 7.37051e-20 1.80679e-14 5.35384e-10 1.91766e-06 0.000830272 0.0434535 0.274899 0.21055 0.0404069 0.159636 0.14767 0.0392031 0.0524099 0.0185574 0.0087389 0.00270862 0.00072298 0.000170851 3.51111e-05 4.94726e-06 1.1707e-06 3.19551e-07
 2.5648e-27 2.59261e-27 3.66012e-26 7.18127e-20 1.7604e-14 5.21638e-10 1.86842e-06 0.000808955 0.0423378 0.267841 0.205177 0.0414444 0.171306 0.158303 0.0386383 0.0483786 0.0163142 0.00653549 0.00214191 0.000624592 0.000123161 2.07244e-05 2.69907e-06 2.7979e-07 4.46787e-08
 2.56527e-27 2.59382e-27 3.76159e-26 7.3953e-20 1.81287e-14 5.37185e-10 1.92411e-06 0.000833065 0.0435996 0.275823 0.211274 0.04155 0.167826 0.155036 0.0370596 0.0455511 0.0146959 0.00484573 0.00143887 0.000372103 7.92956e-05 1.20748e-05 1.26365e-06 9.30867e-08 6.20392e-09
 2.56564e-27 2.59477e-27 3.84102e-26 7.56286e-20 1.85394e-14 5.49357e-10 1.9677e-06 0.000851941 0.0445875 0.282073 0.216048 0.0416862 0.165509 0.152819 0.035265 0.0420044 0.0134394 0.00424324 0.00116778 0.000249392 4.60753e-05 6.98024e-06 6.78512e-07 3.87916e-08 1.3817e-09
 2.56719e-27 2.59887e-27 4.19331e-26 8.306e-20 2.03612e-14 6.03337e-10 2.16105e-06 0.000935654 0.0489687 0.30979 0.23721 0.0415297 0.149449 0.137806 0.0291021 0.0317002 0.00988687 0.00272571 0.000724205 0.000143753 2.25884e-05 2.84655e-06 2.60592e-07 1.35216e-08 3.40969e-10
 2.56566e-27 2.59465e-27 3.81306e-26 7.5038e-20 1.83947e-14 5.45067e-10 1.95234e-06 0.000845288 0.0442393 0.27987 0.21439 0.0431933 0.178142 0.16417 0.0317216 0.0310228 0.00945604 0.00226405 0.000566617 9.94922e-05 1.45693e-05 1.58572e-06 1.1852e-07 5.58132e-09 1.22229e-10
 2.56633e-27 2.59652e-27 3.98425e-26 7.86497e-20 1.928e-14 5.71302e-10 2.04631e-06 0.000885973 0.0463686 0.293341 0.224661 0.0422013 0.163378 0.150672 0.0316246 0.0341835 0.0101641 0.001979 0.000459758 6.995e-05 9.1444e-06 8.88698e-07 5.71899e-08 2.19645e-09 4.24482e-11
 2.56754e-27 2.59974e-27 4.26308e-26 8.45316e-20 2.07219e-14 6.14027e-10 2.19934e-06 0.000952231 0.0498363 0.315278 0.241407 0.0419156 0.149437 0.13767 0.0268135 0.0264938 0.00798566 0.00175304 0.000398768 4.99529e-05 5.70038e-06 4.7661e-07 2.67226e-08 8.7027e-10 1.37738e-11
 2.566e-27 2.59547e-27 3.87624e-26 7.63705e-20 1.87213e-14 5.54746e-10 1.98701e-06 0.000860298 0.0450249 0.28484 0.218195 0.0437893 0.180005 0.165715 0.0288451 0.0240554 0.00706728 0.0012738 0.000284701 3.86871e-05 4.04097e-06 2.77599e-07 1.31071e-08 3.63672e-10 4.81728e-12
 2.56398e-27 2.59012e-27 3.41649e-26 6.66722e-20 1.63439e-14 4.84299e-10 1.73468e-06 0.000751049 0.0393072 0.248668 0.190578 0.0440237 0.201192 0.185553 0.0375655 0.038932 0.0112968 0.00172665 0.000357716 4.14088e-05 4.34138e-06 2.9845e-07 1.17405e-08 2.66942e-10 2.96064e-12
 2.56549e-27 2.59426e-27 3.78541e-26 7.4455e-20 1.82517e-14 5.40832e-10 1.93717e-06 0.00083872 0.0438956 0.277696 0.212722 0.0426877 0.175467 0.161859 0.0341711 0.0371699 0.0109913 0.00202708 0.000427188 4.18202e-05 3.8069e-06 2.36217e-07 9.29181e-09 1.83097e-10 1.6431e-12
 2.56605e-27 2.59571e-27 3.90725e-26 7.70251e-20 1.88818e-14 5.59501e-10 2.00404e-06 0.000867671 0.0454108 0.287281 0.220045 0.0429301 0.172166 0.158661 0.030839 0.0303852 0.00908189 0.00186386 0.000413827 4.77622e-05 4.25086e-06 2.19993e-07 7.54722e-09 1.42708e-10 1.14066e-12
 2.56666e-27 2.59722e-27 4.02704e-26 7.95517e-20 1.95011e-14 5.77854e-10 2.06977e-06 0.000896133 0.0469004 0.296705 0.227254 0.0437244 0.173146 0.159298 0.0261062 0.0194184 0.00557195 0.000792867 0.00016317 2.00112e-05 1.95349e-06 1.11118e-07 3.34604e-09 5.36816e-11 3.97415e-13
 2.56644e-27 2.5967e-27 3.98856e-26 7.87402e-20 1.93022e-14 5.71959e-10 2.04866e-06 0.000886992 0.046422 0.293678 0.224934 0.0431835 0.17066 0.157168 0.0287126 0.0258886 0.00737232 0.000906201 0.000168815 1.55187e-05 1.42243e-06 8.8096e-08 2.94467e-09 4.46638e-11 2.80608e-13
 2.56619e-27 2.59591e-27 3.9082e-26 7.70445e-20 1.88865e-14 5.59642e-10 2.00454e-06 0.000867891 0.0454223 0.287354 0.220123 0.0443346 0.1828 0.168148 0.0266221 0.0183638 0.00520294 0.000634787 0.000115332 8.89726e-06 6.57963e-07 3.23631e-08 1.10931e-09 1.85485e-11 1.15519e-13
 2.56738e-27 2.5992e-27 4.20519e-26 8.331e-20 2.04224e-14 6.05153e-10 2.16756e-06 0.00093847 0.0491161 0.310722 0.237944 0.0429186 0.159504 0.146779 0.0251874 0.0204648 0.00574449 0.000574524 9.61267e-05 7.42124e-06 5.14694e-07 2.02057e-08 5.36381e-10 8.38136e-12 5.6365e-14
 2.56715e-27 2.59851e-27 4.13827e-26 8.1898e-20 2.00763e-14 5.94897e-10 2.13082e-06 0.000922564 0.0482837 0.305456 0.233935 0.0436532 0.167911 0.154405 0.0241306 0.0161424 0.00454854 0.000515093 8.92151e-05 5.7799e-06 3.61561e-07 1.37357e-08 3.08305e-10 3.68342e-12 2.17222e-14
 2.56702e-27 2.59815e-27 4.1044e-26 8.11835e-20 1.99011e-14 5.89707e-10 2.11223e-06 0.000914515 0.0478624 0.302791 0.231904 0.0438952 0.171179 0.15739 0.0240899 0.0152948 0.00424393 0.000371552 5.73322e-05 4.05346e-06 2.53025e-07 8.06353e-09 1.67561e-10 1.76584e-12 8.10691e-15
 2.56818e-27 2.60133e-27 4.38816e-26 8.71697e-20 2.13686e-14 6.3319e-10 2.26798e-06 0.000981949 0.0513916 0.325118 0.248935 0.0428149 0.150992 0.138815 0.0217743 0.0146909 0.00407808 0.000350587 5.23586e-05 2.9976e-06 1.66301e-07 5.63271e-09 1.06559e-10 9.80453e-13 4.01711e-15
 2.56818e-27 2.60126e-27 4.3766e-26 8.69256e-20 2.13088e-14 6.31416e-10 2.26163e-06 0.000979198 0.0512477 0.324207 0.248248 0.0433327 0.155415 0.142777 0.0203089 0.010357 0.00285181 0.000237036 3.45751e-05 1.91618e-06 9.70057e-08 2.65076e-09 4.8248e-11 4.33262e-13 1.55531e-15
 2.56768e-27 2.59987e-27 4.25177e-26 8.42922e-20 2.06632e-14 6.12288e-10 2.19311e-06 0.000949534 0.0496952 0.314385 0.240757 0.043885 0.164881 0.151471 0.021099 0.00996885 0.00271084 0.000174028 2.05145e-05 1.08849e-06 5.2805e-08 1.35553e-09 2.09904e-11 1.64006e-13 5.73925e-16
 2.56686e-27 2.59764e-27 4.05288e-26 8.00963e-20 1.96346e-14 5.8181e-10 2.08394e-06 0.000902268 0.0472215 0.298736 0.228818 0.0445841 0.178589 0.164098 0.0229255 0.0109536 0.00297234 0.000177501 1.90123e-05 8.15361e-07 3.05161e-08 7.33015e-10 1.07354e-11 7.41635e-14 2.20724e-16
 2.56639e-27 2.59641e-27 3.94696e-26 7.78619e-20 1.90869e-14 5.65579e-10 2.02581e-06 0.000877098 0.0459042 0.290403 0.222455 0.0446179 0.183317 0.168533 0.0250174 0.0146024 0.00399026 0.00025137 2.8505e-05 1.16472e-06 3.83263e-08 7.06042e-10 8.48551e-12 5.45317e-14 1.47395e-16
#obs surv len freq
 1.08689e-41 1.50853e-33 2.53088e-26 5.13257e-20 1.25819e-14 3.72825e-10 1.3354e-06 0.000578181 0.0302597 0.191432 0.146886 0.0402311 0.173561 0.146822 0.103626 0.101408 0.0437555 0.017091 0.00384333 0.000479795 2.45149e-05 3.7239e-07 1.2652e-09 7.82045e-13 7.68854e-17
 1.60529e-41 2.22804e-33 3.73799e-26 7.58057e-20 1.85829e-14 5.50645e-10 1.97232e-06 0.000853947 0.0446922 0.282736 0.216621 0.0407246 0.126827 0.102338 0.0758987 0.0685058 0.0284755 0.010084 0.00201691 0.000215594 8.98127e-06 1.05299e-07 2.64822e-10 1.18279e-13 8.301e-18
 1.53629e-41 2.13227e-33 3.57732e-26 7.25474e-20 1.77841e-14 5.26977e-10 1.88754e-06 0.000817242 0.0427712 0.270584 0.20757 0.0499993 0.17666 0.128781 0.0565383 0.0426557 0.017093 0.00547589 0.000963767 8.61898e-05 2.87507e-06 2.58705e-08 4.82071e-11 1.55763e-14 7.7997e-19
 1.07454e-41 1.49138e-33 2.50211e-26 5.07422e-20 1.24389e-14 3.68586e-10 1.32022e-06 0.000571608 0.0299157 0.189258 0.145701 0.0564463 0.230131 0.163059 0.098242 0.0660586 0.0160644 0.00390901 0.00059825 4.41839e-05 1.15681e-06 7.87766e-09 1.08306e-11 2.53485e-15 9.0784e-20
 1.49848e-41 2.07979e-33 3.48927e-26 7.07617e-20 1.73464e-14 5.14006e-10 1.84109e-06 0.000797126 0.0417184 0.263924 0.202516 0.0471086 0.141923 0.104125 0.104675 0.069763 0.0194346 0.00365107 0.000342296 1.92186e-05 3.89253e-07 1.97758e-09 1.98503e-12 3.35056e-16 8.58271e-21
 1.19945e-41 1.66475e-33 2.79297e-26 5.66409e-20 1.38848e-14 4.11433e-10 1.47369e-06 0.000638055 0.0333933 0.211259 0.162859 0.0649133 0.230947 0.143886 0.0785674 0.0500241 0.0193666 0.00382764 0.000305839 1.05734e-05 1.43379e-07 5.28832e-10 3.83509e-13 4.63002e-17 8.43845e-22
 1.37875e-41 1.91362e-33 3.21049e-26 6.5108e-20 1.59605e-14 4.72938e-10 1.69399e-06 0.000733438 0.0383852 0.242839 0.186854 0.057959 0.175103 0.116516 0.10941 0.0567091 0.012765 0.00249326 0.000225308 6.54644e-06 5.63689e-08 1.305e-10 6.47201e-14 5.50622e-18 7.08912e-23
 1.19186e-41 1.65422e-33 2.77529e-26 5.62824e-20 1.3797e-14 4.08829e-10 1.46436e-06 0.000634017 0.0331819 0.209924 0.162283 0.0721186 0.226829 0.133304 0.0943514 0.0500028 0.0150978 0.0021274 0.000141023 4.00548e-06 2.89715e-08 4.47372e-11 1.37488e-14 7.57729e-19 6.63408e-24
 1.51463e-41 2.10221e-33 3.52689e-26 7.15247e-20 1.75334e-14 5.19548e-10 1.86094e-06 0.000805721 0.0421682 0.266774 0.205516 0.0644196 0.166931 0.103956 0.0961838 0.0421765 0.00959423 0.00138995 8.17171e-05 1.639e-06 9.7848e-09 1.23983e-11 2.72562e-15 9.722e-20 5.40103e-25
 1.5214e-41 2.11161e-33 3.54266e-26 7.18445e-20 1.76118e-14 5.21871e-10 1.86926e-06 0.000809323 0.0423568 0.26797 0.207052 0.0780452 0.198608 0.103592 0.0657545 0.0280952 0.00690373 0.00077381 3.74946e-05 6.39341e-07 2.76632e-09 2.59616e-12 4.44292e-16 1.19232e-20 4.65032e-26
 1.0968e-41 1.52228e-33 2.55394e-26 5.17935e-20 1.26966e-14 3.76222e-10 1.34757e-06 0.00058345 0.0305355 0.193191 0.151018 0.0971019 0.257878 0.136126 0.0955233 0.0319434 0.00550651 0.000567939 2.32606e-05 3.02263e-07 1.02309e-09 7.06616e-13 8.58053e-17 1.67517e-21 4.85753e-27
 1.66364e-41 2.30903e-33 3.87387e-26 7.85613e-20 1.92584e-14 5.70661e-10 2.04402e-06 0.000884988 0.0463167 0.293024 0.226249 0.0712758 0.144858 0.094154 0.0896833 0.0286084 0.00459683 0.000336229 1.02173e-05 1.06316e-07 2.68728e-10 1.36871e-13 1.21696e-17 1.6932e-22 3.45456e-28
 1.33731e-41 1.8561e-33 3.114e-26 6.31512e-20 1.54808e-14 4.58724e-10 1.64307e-06 0.000711394 0.0372316 0.235562 0.184548 0.110482 0.242741 0.106659 0.0574766 0.0203405 0.00397518 0.000264653 6.05254e-06 4.33344e-08 8.00502e-11 2.99328e-14 1.91488e-18 1.91103e-23 2.79075e-29
 1.11906e-41 1.55318e-33 2.60579e-26 5.28449e-20 1.29543e-14 3.8386e-10 1.37492e-06 0.000595294 0.0311553 0.197129 0.155806 0.112152 0.235749 0.137518 0.103128 0.0236833 0.00288016 0.000198821 4.43728e-06 2.45755e-08 3.10542e-11 7.95418e-15 3.5997e-19 2.5603e-24 2.65233e-30
 8.73608e-42 1.21251e-33 2.03424e-26 4.12539e-20 1.01129e-14 2.99664e-10 1.07335e-06 0.000464723 0.0243218 0.15391 0.124048 0.123196 0.248845 0.16023 0.125197 0.0348816 0.00469553 0.000205988 3.48197e-06 1.74845e-08 1.78774e-11 3.26031e-15 9.98169e-20 4.82509e-25 3.46446e-31
 1.4146e-41 1.96338e-33 3.29397e-26 6.68011e-20 1.63755e-14 4.85236e-10 1.73804e-06 0.00075251 0.0393834 0.249186 0.195329 0.0944618 0.159582 0.126423 0.101722 0.028843 0.00411908 0.000193714 2.58805e-06 8.83326e-09 7.02474e-12 1.03247e-15 2.39084e-20 8.18478e-26 4.01855e-32
 9.71867e-42 1.34889e-33 2.26304e-26 4.5894e-20 1.12504e-14 3.33369e-10 1.19407e-06 0.000516992 0.0270574 0.171258 0.141248 0.162281 0.273144 0.126418 0.0723695 0.0223319 0.00322203 0.000150649 1.97875e-06 5.73086e-09 3.22995e-12 3.31335e-16 5.70005e-21 1.48624e-26 5.45531e-33
 1.43337e-41 1.98943e-33 3.33768e-26 6.76874e-20 1.65928e-14 4.91674e-10 1.7611e-06 0.000762494 0.039906 0.252518 0.199866 0.107688 0.161124 0.136474 0.0845041 0.015398 0.00168044 7.66538e-05 9.46929e-07 2.49671e-09 1.19907e-12 9.4093e-17 1.13973e-21 2.0595e-27 5.37201e-34
 1.00505e-41 1.39494e-33 2.3403e-26 4.74608e-20 1.16345e-14 3.4475e-10 1.23484e-06 0.000534643 0.0279813 0.177162 0.149717 0.183528 0.261048 0.120861 0.0619507 0.0157134 0.00145944 4.26141e-05 4.24808e-07 9.80408e-10 4.03247e-13 2.62924e-17 2.53452e-22 3.45231e-28 6.46517e-35
 1.28805e-41 1.78773e-33 2.99929e-26 6.0825e-20 1.49105e-14 4.41826e-10 1.58255e-06 0.00068519 0.0358603 0.226982 0.184253 0.132741 0.181759 0.15198 0.0736356 0.0111486 0.000927675 2.63973e-05 1.85524e-07 3.01255e-10 9.72595e-14 5.13467e-18 3.97492e-23 4.28071e-29 6.21797e-36
 1.41565e-41 1.96483e-33 3.29641e-26 6.68506e-20 1.63876e-14 4.85595e-10 1.73932e-06 0.000753067 0.0394128 0.249515 0.205202 0.159546 0.187513 0.101021 0.0470056 0.00939683 0.000619863 1.23618e-05 7.30369e-08 9.08668e-11 2.02412e-14 7.55795e-19 4.36649e-24 3.60504e-30 4.03373e-37
 1.13103e-41 1.5698e-33 2.63367e-26 5.34102e-20 1.30929e-14 3.87966e-10 1.38963e-06 0.000601663 0.0314891 0.199491 0.173023 0.196852 0.225377 0.122296 0.0442043 0.00625374 0.000404727 7.55275e-06 3.2375e-08 2.96048e-11 5.02191e-15 1.35971e-19 5.45317e-25 3.1285e-31 2.49355e-38
 1.3735e-41 1.90632e-33 3.19825e-26 6.48599e-20 1.58996e-14 4.71135e-10 1.68753e-06 0.000730642 0.0382394 0.242182 0.202827 0.16033 0.179246 0.126759 0.0441036 0.00532918 0.000248217 3.65275e-06 1.35762e-08 9.65924e-12 1.16944e-15 2.27409e-20 6.65676e-26 2.75694e-32 1.55064e-39
 1.35422e-41 1.87957e-33 3.15338e-26 6.39498e-20 1.56765e-14 4.64525e-10 1.66385e-06 0.000720391 0.0377032 0.23893 0.206873 0.19357 0.187946 0.0973611 0.0324743 0.00424621 0.000171816 1.86029e-06 4.98332e-09 2.7472e-12 2.60498e-16 3.77026e-21 7.86854e-27 2.30077e-33 9.20785e-41
 1.18941e-41 1.65082e-33 2.76959e-26 5.61668e-20 1.37686e-14 4.0799e-10 1.46135e-06 0.000632716 0.0331151 0.210059 0.19065 0.2142 0.206625 0.112329 0.0293988 0.00288253 0.000106241 1.02148e-06 2.08086e-09 8.0775e-13 5.46413e-17 5.84976e-22 9.14832e-28 1.97772e-34 5.71866e-42
 1.06344e-41 1.47599e-33 2.47628e-26 5.02184e-20 1.23104e-14 3.64781e-10 1.30659e-06 0.000565707 0.0296087 0.188028 0.178086 0.221038 0.217419 0.129919 0.0324598 0.00279816 7.66294e-05 5.72525e-07 9.64587e-10 2.93878e-13 1.44458e-17 1.08239e-22 1.18593e-28 1.82804e-35 3.83099e-43
 1.0477e-41 1.45414e-33 2.43962e-26 4.9475e-20 1.21282e-14 3.59381e-10 1.28724e-06 0.000557333 0.029171 0.185415 0.179436 0.221246 0.216926 0.132326 0.0321848 0.00267397 6.27994e-05 3.57087e-07 4.3765e-10 1.00598e-13 3.80494e-18 2.14654e-23 1.70805e-29 1.86031e-36 2.72131e-44
 1.26776e-41 1.75957e-33 2.95204e-26 5.98668e-20 1.46756e-14 4.34866e-10 1.55762e-06 0.000674397 0.0352974 0.224068 0.204507 0.199783 0.192522 0.113474 0.0273597 0.00226094 5.17339e-05 2.71138e-07 2.8105e-10 5.15263e-14 1.54172e-18 7.0252e-24 4.60019e-30 4.13736e-37 4.95225e-45
#pred catch len freq
 2.555e-27 2.56683e-27 1.4846e-26 2.59225e-20 6.35458e-15 1.88298e-10 6.7445e-07 0.000292011 0.0152828 0.0966841 0.0744439 0.0388827 0.243656 0.225896 0.0649434 0.0920268 0.0398869 0.0310517 0.0191294 0.0145763 0.0114787 0.00997747 0.0100729 0.0089734 0.00274412
 2.55711e-27 2.57275e-27 2.00674e-26 3.69372e-20 9.0547e-15 2.68307e-10 9.6103e-07 0.000416089 0.0217766 0.137766 0.105791 0.0374896 0.211037 0.196763 0.0778441 0.128297 0.0433632 0.017718 0.00789901 0.00451053 0.00290027 0.00216512 0.00194316 0.00173664 0.000582635
 2.55921e-27 2.57808e-27 2.43954e-26 4.60659e-20 1.12925e-14 3.34617e-10 1.19854e-06 0.000518923 0.0271586 0.171813 0.131828 0.0399315 0.211326 0.196124 0.0613007 0.0909677 0.035738 0.0219396 0.00697013 0.00213762 0.00090617 0.000516137 0.000385042 0.00032469 0.000112981
 2.55792e-27 2.57433e-27 2.08288e-26 3.8541e-20 9.44787e-15 2.79957e-10 1.00276e-06 0.000434157 0.0227222 0.143748 0.110445 0.0429192 0.249086 0.230682 0.062323 0.0843598 0.0300546 0.0146402 0.00573043 0.00208757 0.000466776 0.000146647 7.7522e-05 5.65941e-05 1.95453e-05
 2.55798e-27 2.57473e-27 2.1421e-26 3.97911e-20 9.75432e-15 2.89038e-10 1.03529e-06 0.000448239 0.0234592 0.14841 0.11397 0.0406859 0.229615 0.213266 0.0692748 0.104544 0.0353157 0.0141573 0.00473598 0.00156429 0.000435309 8.2585e-05 2.03704e-05 1.071e-05 3.4824e-06
 2.55918e-27 2.57777e-27 2.38837e-26 4.49856e-20 1.10277e-14 3.26769e-10 1.17043e-06 0.000506753 0.0265216 0.167784 0.128782 0.0418951 0.228409 0.211675 0.0603004 0.0845167 0.029866 0.0139542 0.00430997 0.00114312 0.000269304 5.52497e-05 7.77907e-06 1.84013e-06 5.02255e-07
 2.55935e-27 2.57803e-27 2.39174e-26 4.50559e-20 1.10449e-14 3.2728e-10 1.17226e-06 0.000507545 0.0265631 0.168046 0.129007 0.0434136 0.239808 0.221911 0.0570357 0.0743788 0.0250227 0.0099141 0.00323472 0.000937491 0.000184335 3.09579e-05 4.02855e-06 4.17465e-07 6.66571e-08
 2.55985e-27 2.57929e-27 2.49518e-26 4.72378e-20 1.15798e-14 3.4313e-10 1.22903e-06 0.000532124 0.0278495 0.176184 0.135226 0.0437114 0.237705 0.219888 0.0552061 0.0706412 0.0227472 0.00741398 0.00219207 0.000563115 0.000119638 1.81872e-05 1.90162e-06 1.40033e-07 9.33162e-09
 2.56057e-27 2.58116e-27 2.65139e-26 5.05328e-20 1.23875e-14 3.67064e-10 1.31476e-06 0.000569242 0.0297921 0.188473 0.144614 0.0440036 0.233333 0.215691 0.0515396 0.0633149 0.0202092 0.00629087 0.00172398 0.000365556 6.73183e-05 1.01789e-05 9.88628e-07 5.65007e-08 2.01219e-09
 2.56217e-27 2.58535e-27 3.00655e-26 5.80246e-20 1.4224e-14 4.21483e-10 1.50968e-06 0.000653635 0.0342089 0.216415 0.165954 0.0442299 0.220061 0.203166 0.0442896 0.0498928 0.0155306 0.00422078 0.00111652 0.000220058 3.44705e-05 4.33472e-06 3.96464e-07 2.05645e-08 5.18493e-10
 2.5609e-27 2.58178e-27 2.67996e-26 5.11346e-20 1.2535e-14 3.71436e-10 1.33042e-06 0.000576021 0.0301469 0.190718 0.146362 0.0461205 0.248214 0.228945 0.0452461 0.0455615 0.0138624 0.00326723 0.000813851 0.000141855 2.07051e-05 2.2488e-06 1.67912e-07 7.90401e-09 1.7307e-10
 2.5616e-27 2.58376e-27 2.86301e-26 5.49965e-20 1.34817e-14 3.99488e-10 1.4309e-06 0.000619524 0.0324237 0.205122 0.15734 0.04488 0.231061 0.213299 0.0457952 0.0507288 0.0150612 0.00288592 0.000667018 0.00010073 1.31236e-05 1.27258e-06 8.18109e-08 3.14064e-09 6.06853e-11
 2.56316e-27 2.58788e-27 3.21703e-26 6.24644e-20 1.53124e-14 4.53734e-10 1.6252e-06 0.000703649 0.0368264 0.232975 0.178606 0.0446982 0.214737 0.198015 0.0390951 0.03931 0.0118246 0.00255015 0.000577395 7.17858e-05 8.16178e-06 6.80794e-07 3.81298e-08 1.24118e-09 1.96405e-11
 2.56143e-27 2.58307e-27 2.7798e-26 5.32403e-20 1.30512e-14 3.86731e-10 1.3852e-06 0.000599741 0.0313883 0.198571 0.152373 0.0470046 0.250719 0.230993 0.0408381 0.034967 0.0102601 0.00181922 0.000404433 5.45522e-05 5.67992e-06 3.89221e-07 1.83561e-08 5.09048e-10 6.74159e-12
 2.55981e-27 2.57885e-27 2.42345e-26 4.57234e-20 1.12085e-14 3.32129e-10 1.18963e-06 0.000515065 0.0269566 0.170536 0.130958 0.0465926 0.262629 0.242355 0.0495779 0.052017 0.015073 0.00226325 0.000465952 5.3531e-05 5.59132e-06 3.8348e-07 1.50686e-08 3.42414e-10 3.79682e-12
 2.56107e-27 2.58232e-27 2.73571e-26 5.2311e-20 1.28234e-14 3.79981e-10 1.36103e-06 0.000589272 0.0308404 0.195105 0.149698 0.0452472 0.239225 0.220842 0.047306 0.0522693 0.0154305 0.00279627 0.00058639 5.69916e-05 5.16733e-06 3.19813e-07 1.25657e-08 2.47475e-10 2.22027e-12
 2.56246e-27 2.58596e-27 3.045e-26 5.88351e-20 1.44227e-14 4.27371e-10 1.53077e-06 0.000662766 0.0346868 0.219439 0.16828 0.0453738 0.227132 0.209421 0.0405215 0.0396849 0.0118304 0.00237649 0.000524709 6.00928e-05 5.32997e-06 2.75118e-07 9.42625e-09 1.78132e-10 1.42345e-12
 2.56246e-27 2.58579e-27 3.01302e-26 5.81598e-20 1.42572e-14 4.22466e-10 1.5132e-06 0.000655159 0.0342886 0.21692 0.166382 0.0469263 0.240281 0.221218 0.0365132 0.0275566 0.00789815 0.00110427 0.000225711 2.74722e-05 2.6728e-06 1.5167e-07 4.56197e-09 7.3141e-11 5.41327e-13
 2.56301e-27 2.58737e-27 3.16163e-26 6.12953e-20 1.50258e-14 4.45242e-10 1.59478e-06 0.000690479 0.0361372 0.228614 0.175292 0.0456909 0.224619 0.206962 0.0375594 0.0335202 0.00953111 0.00114838 0.000212144 1.93537e-05 1.7661e-06 1.09111e-07 3.64311e-09 5.52259e-11 3.46868e-13
 2.56249e-27 2.58582e-27 3.01134e-26 5.81244e-20 1.42485e-14 4.22208e-10 1.51228e-06 0.000654759 0.0342677 0.216788 0.166287 0.0473045 0.243225 0.223848 0.0353987 0.0243503 0.00688985 0.000824811 0.000148689 1.139e-05 8.38411e-07 4.11248e-08 1.4078e-09 2.35264e-11 1.46485e-13
 2.56385e-27 2.58959e-27 3.35241e-26 6.53197e-20 1.60123e-14 4.74474e-10 1.69949e-06 0.000735813 0.0385098 0.243624 0.186752 0.0456077 0.215934 0.198831 0.0339917 0.0274306 0.00769127 0.000755444 0.000125178 9.59541e-06 6.62538e-07 2.5939e-08 6.87582e-10 1.07365e-11 7.21841e-14
 2.56387e-27 2.58956e-27 3.34185e-26 6.50968e-20 1.59577e-14 4.72855e-10 1.69369e-06 0.000733301 0.0383784 0.242792 0.186129 0.0463524 0.222039 0.204286 0.031728 0.0209054 0.00588153 0.000653011 0.00011212 7.21617e-06 4.49052e-07 1.7013e-08 3.81341e-10 4.55254e-12 2.68386e-14
 2.56364e-27 2.5889e-27 3.28176e-26 6.3829e-20 1.56469e-14 4.63646e-10 1.6607e-06 0.00071902 0.0376309 0.238064 0.182524 0.0467125 0.227312 0.209112 0.0318553 0.0199768 0.00553698 0.000476426 7.26998e-05 5.10435e-06 3.17161e-07 1.00802e-08 2.09143e-10 2.20243e-12 1.01078e-14
 2.56519e-27 2.59316e-27 3.66167e-26 7.18436e-20 1.76116e-14 5.21863e-10 1.86922e-06 0.000809303 0.042356 0.267956 0.205326 0.0452908 0.200472 0.18441 0.0286736 0.0189406 0.00525107 0.000443408 6.54581e-05 3.72432e-06 2.05433e-07 6.93897e-09 1.31088e-10 1.20518e-12 4.93607e-15
 2.56539e-27 2.59365e-27 3.6977e-26 7.26034e-20 1.77978e-14 5.27382e-10 1.88899e-06 0.000817862 0.042804 0.27079 0.207498 0.045788 0.20273 0.186343 0.0262886 0.0130223 0.00357996 0.000292254 4.21114e-05 2.31962e-06 1.16762e-07 3.18179e-09 5.78161e-11 5.18786e-13 1.86165e-15
 2.56497e-27 2.59246e-27 3.59041e-26 7.034e-20 1.7243e-14 5.10941e-10 1.8301e-06 0.000792365 0.0414695 0.262348 0.20106 0.0463107 0.211231 0.194141 0.0268168 0.0122626 0.00332964 0.000210618 2.44373e-05 1.28868e-06 6.21496e-08 1.59108e-09 2.45971e-11 1.92019e-13 6.71686e-16
 2.5639e-27 2.58955e-27 3.3309e-26 6.48653e-20 1.59009e-14 4.71173e-10 1.68766e-06 0.000730694 0.0382419 0.241929 0.185483 0.0472185 0.229083 0.210586 0.0292145 0.0135879 0.00368271 0.000217011 2.28654e-05 9.75762e-07 3.62644e-08 8.68558e-10 1.2699e-11 8.76534e-14 2.60762e-16
 2.56383e-27 2.5894e-27 3.32244e-26 6.46869e-20 1.58572e-14 4.69878e-10 1.68302e-06 0.000728685 0.0381367 0.241264 0.18497 0.04686 0.226716 0.208498 0.0305793 0.017221 0.00469947 0.000291715 3.25483e-05 1.32384e-06 4.32517e-08 7.94588e-10 9.52969e-12 6.11851e-14 1.65307e-16
#obs catch len freq
 5.03163e-42 6.98357e-34 1.17164e-26 2.37606e-20 5.82463e-15 1.72594e-10 6.18205e-07 0.000267662 0.0140083 0.088622 0.0683952 0.0398876 0.218472 0.186468 0.143581 0.143216 0.0643358 0.0259008 0.00602499 0.000777726 4.14772e-05 6.61435e-07 2.34978e-09 1.50644e-12 1.52528e-16
 5.75968e-42 7.99405e-34 1.34117e-26 2.71986e-20 6.66742e-15 1.97568e-10 7.07656e-07 0.000306391 0.0160353 0.101445 0.0783004 0.0437816 0.223595 0.181832 0.14271 0.130502 0.0560733 0.0205841 0.00432954 0.000482898 2.09248e-05 2.55567e-07 6.69578e-10 3.10262e-13 2.2458e-17
 1.08321e-41 1.50343e-33 2.52231e-26 5.11519e-20 1.25393e-14 3.71562e-10 1.33088e-06 0.000576223 0.0301572 0.190785 0.146565 0.0452457 0.181822 0.140937 0.113722 0.0953217 0.0392416 0.0129778 0.00241059 0.000228219 7.98201e-06 7.46288e-08 1.43998e-10 4.80777e-14 2.48031e-18
 1.11396e-41 1.5461e-33 2.59391e-26 5.2604e-20 1.28952e-14 3.8211e-10 1.36866e-06 0.00059258 0.0310133 0.196201 0.151045 0.0584291 0.238013 0.164371 0.0769443 0.0544128 0.0214743 0.0063846 0.00103467 8.12298e-05 2.25499e-06 1.60638e-08 2.28547e-11 5.50522e-15 2.02349e-19
 7.80154e-42 1.0828e-33 1.81663e-26 3.68408e-20 9.03109e-15 2.67608e-10 9.58527e-07 0.000415009 0.0217199 0.13741 0.106417 0.0648086 0.274128 0.184852 0.117056 0.0717183 0.0169952 0.00389767 0.000544927 3.49909e-05 7.56068e-07 4.05096e-09 4.23444e-12 7.36908e-16 1.93446e-20
 1.25336e-41 1.73958e-33 2.91851e-26 5.91867e-20 1.45089e-14 4.29926e-10 1.53993e-06 0.000666735 0.0348942 0.220754 0.169784 0.052777 0.172227 0.122251 0.12603 0.0762994 0.0205069 0.00349091 0.00030177 1.47553e-05 2.44705e-07 9.72659e-10 7.39648e-13 9.26171e-17 1.73649e-21
 1.03827e-41 1.44104e-33 2.41765e-26 4.90295e-20 1.2019e-14 3.56145e-10 1.27565e-06 0.000552314 0.0289059 0.182873 0.141558 0.0736141 0.259736 0.153314 0.0860145 0.0510214 0.0188416 0.00332414 0.000236351 7.0643e-06 7.89445e-08 2.27144e-10 1.24409e-13 1.11207e-17 1.48161e-22
 1.27536e-41 1.77011e-33 2.96973e-26 6.02256e-20 1.47636e-14 4.37472e-10 1.56695e-06 0.000678437 0.0355067 0.224631 0.173262 0.0644398 0.192732 0.124004 0.116286 0.0543318 0.0118372 0.00211877 0.00016638 4.05473e-06 2.84536e-08 5.16199e-11 1.93474e-14 1.21718e-18 1.14438e-23
 1.14801e-41 1.59336e-33 2.6732e-26 5.42119e-20 1.32894e-14 3.93789e-10 1.41049e-06 0.000610693 0.0319613 0.202204 0.156795 0.0796231 0.238599 0.134094 0.0948646 0.04638 0.0131209 0.00164542 9.74572e-05 2.30159e-06 1.326e-08 1.58934e-11 3.69716e-15 1.50895e-19 9.64339e-25
 1.51754e-41 2.10624e-33 3.53365e-26 7.16618e-20 1.7567e-14 5.20544e-10 1.8645e-06 0.000807265 0.0422491 0.267287 0.206226 0.069572 0.171022 0.103447 0.0932021 0.0370867 0.00800936 0.00103692 5.25244e-05 8.80586e-07 4.18974e-09 4.07418e-12 6.7378e-16 1.78062e-20 7.23336e-26
 1.55303e-41 2.1555e-33 3.6163e-26 7.33378e-20 1.79779e-14 5.32718e-10 1.90811e-06 0.000826145 0.0432371 0.273542 0.211696 0.0832988 0.197442 0.098454 0.0613294 0.0241249 0.00548129 0.000543364 2.28524e-05 3.19823e-07 1.09593e-09 7.89847e-13 1.01279e-16 2.00737e-21 5.72847e-27
 1.15346e-41 1.60093e-33 2.68589e-26 5.44693e-20 1.33525e-14 3.95659e-10 1.41719e-06 0.000613593 0.0321131 0.203176 0.159215 0.103855 0.253733 0.129151 0.0871507 0.026338 0.00425085 0.000387828 1.35171e-05 1.43941e-07 3.83343e-10 2.02086e-13 1.83607e-17 2.64253e-22 5.59342e-28
 1.7245e-41 2.3935e-33 4.01559e-26 8.14354e-20 1.99629e-14 5.91538e-10 2.11879e-06 0.000917364 0.0480112 0.303746 0.234787 0.0748681 0.140495 0.0902685 0.0801312 0.0231473 0.00340216 0.000217741 5.6712e-06 4.79075e-08 9.47443e-11 3.6734e-14 2.43642e-18 2.49532e-23 3.71302e-29
 1.40064e-41 1.944e-33 3.26146e-26 6.61418e-20 1.62139e-14 4.80447e-10 1.72088e-06 0.000745082 0.0389947 0.246723 0.193771 0.116397 0.234025 0.0984833 0.051063 0.0167183 0.00290817 0.000166624 3.21e-06 1.86592e-08 2.69301e-11 7.63653e-15 3.63684e-19 2.66776e-24 2.83832e-30
 1.18781e-41 1.64861e-33 2.76588e-26 5.60915e-20 1.37502e-14 4.07443e-10 1.45939e-06 0.000631867 0.0330694 0.209247 0.165905 0.118975 0.229163 0.131586 0.0905187 0.0186789 0.00209669 0.00012505 2.29613e-06 1.0169e-08 9.99983e-12 1.94238e-15 6.53583e-20 3.41232e-25 2.57328e-31
 9.42538e-42 1.30818e-33 2.19475e-26 4.4509e-20 1.09109e-14 3.23309e-10 1.15804e-06 0.000501391 0.0262409 0.166063 0.134438 0.131552 0.243624 0.155314 0.110677 0.0281435 0.00331779 0.000124971 1.76957e-06 7.03601e-09 5.53159e-12 7.61493e-16 1.73249e-20 6.14573e-26 3.20934e-32
 1.50124e-41 2.08362e-33 3.49571e-26 7.08923e-20 1.73784e-14 5.14954e-10 1.84448e-06 0.000798597 0.0417954 0.264455 0.207696 0.098625 0.153077 0.120538 0.0873619 0.0227038 0.00283407 0.000112354 1.22496e-06 3.32624e-09 2.03483e-12 2.24421e-16 3.84805e-21 9.66325e-27 3.45316e-33
 1.04792e-41 1.45444e-33 2.44013e-26 4.94854e-20 1.21308e-14 3.59457e-10 1.28751e-06 0.00055745 0.0291748 0.184677 0.153099 0.170353 0.261443 0.117958 0.0627092 0.0177261 0.00221363 8.69881e-05 9.2084e-07 2.08516e-09 8.99131e-13 6.92383e-17 8.79994e-22 1.67826e-27 4.47901e-34
 1.52707e-41 2.11948e-33 3.55586e-26 7.21122e-20 1.76774e-14 5.23815e-10 1.87622e-06 0.000812339 0.0425147 0.269037 0.213385 0.111205 0.153353 0.127417 0.0695709 0.0115401 0.00111918 4.26438e-05 4.21106e-07 8.60725e-10 3.13305e-13 1.83547e-17 1.64085e-22 2.16725e-28 4.10097e-35
 1.08864e-41 1.51096e-33 2.53496e-26 5.14084e-20 1.26022e-14 3.73425e-10 1.33755e-06 0.000579112 0.0303087 0.191924 0.163029 0.190445 0.247148 0.111318 0.0523922 0.0118932 0.000938126 2.31333e-05 1.8543e-07 3.29662e-10 1.02127e-13 4.9444e-18 3.50464e-23 3.48548e-29 4.73899e-36
 1.38651e-41 1.92439e-33 3.22856e-26 6.54746e-20 1.60503e-14 4.756e-10 1.70352e-06 0.000737567 0.0386015 0.244354 0.198896 0.136488 0.173192 0.139644 0.0593552 0.00813052 0.000586449 1.36666e-05 7.64267e-08 9.60317e-11 2.33084e-14 9.09781e-19 5.15895e-24 4.0445e-30 4.25754e-37
 1.51115e-41 2.09738e-33 3.51878e-26 7.13602e-20 1.74931e-14 5.18353e-10 1.85666e-06 0.000803868 0.0420716 0.266377 0.219699 0.161551 0.173824 0.0905444 0.0380573 0.00669238 0.000371372 6.14164e-06 2.86853e-08 2.73114e-11 4.56872e-15 1.26068e-19 5.32017e-25 3.18713e-31 2.57736e-38
 1.22418e-41 1.69908e-33 2.85056e-26 5.78088e-20 1.41712e-14 4.19917e-10 1.50408e-06 0.000651213 0.0340825 0.215966 0.188092 0.200597 0.211318 0.109505 0.0351022 0.00443829 0.000242704 3.65778e-06 1.23234e-08 8.62484e-12 1.09372e-15 2.18341e-20 6.39617e-26 2.66009e-32 1.52842e-39
 1.47434e-41 2.04629e-33 3.43307e-26 6.9622e-20 1.7067e-14 5.05727e-10 1.81143e-06 0.000784288 0.0410472 0.260006 0.218311 0.161788 0.168129 0.111921 0.034236 0.00363186 0.00014239 1.70291e-06 4.92692e-09 2.66033e-12 2.40399e-16 3.44132e-21 7.34315e-27 2.2036e-33 8.94282e-41
 1.45266e-41 2.0162e-33 3.3826e-26 6.85984e-20 1.68161e-14 4.98292e-10 1.7848e-06 0.000772757 0.0404441 0.256359 0.222564 0.193636 0.173255 0.0848514 0.0251794 0.00284134 9.51447e-05 8.3024e-07 1.73262e-09 7.23076e-13 5.09353e-17 5.41613e-22 8.23825e-28 1.74411e-34 5.02868e-42
 1.28687e-41 1.78609e-33 2.99654e-26 6.07693e-20 1.48969e-14 4.41422e-10 1.5811e-06 0.000684563 0.035829 0.227354 0.206947 0.215113 0.192505 0.0972441 0.0223545 0.00190836 5.81025e-05 4.43727e-07 6.98389e-10 2.04869e-13 1.02826e-17 8.06554e-23 9.17047e-29 1.43445e-35 2.99046e-43
 1.16004e-41 1.61005e-33 2.7012e-26 5.47797e-20 1.34286e-14 3.97914e-10 1.42526e-06 0.000617091 0.0322986 0.205208 0.194867 0.223036 0.205052 0.112484 0.0245824 0.00181248 4.08304e-05 2.42544e-07 3.137e-10 7.18031e-14 2.6141e-18 1.43465e-23 1.14152e-29 1.27027e-36 1.91452e-44
 1.14493e-41 1.58909e-33 2.66602e-26 5.40664e-20 1.32537e-14 3.92733e-10 1.4067e-06 0.000609055 0.0318779 0.202511 0.191291 0.21617 0.208976 0.11954 0.0269665 0.00201569 4.15241e-05 2.02135e-07 2.07642e-10 3.93895e-14 1.21838e-18 5.59102e-24 3.60319e-30 3.16575e-37 3.72283e-45
#spawning biomass
 15888.2 11853.3 15937.7 21891 27745.8 32888.9 40262.6 46343.1 55659.5 69920.5 88064.8 101297 129095 151946 152439 132565 135822 125908 140536 126384 130284 138677 136513 148905 164283 166619 149276 128092 108826 176865 208728 207933 192377 172477 153404 137328 124745 115358 108582 103805 100494 98227.9 96679.2 95617 94920.7 94464.3 94165.2 93969.1 93840.5 93756.3 93701.1 93664.9 93641.1 93625.6 93615.4 93608.7 93604.3 93601.4 93599.6 93598.3 93597.5 93597 93596.6 93596.4 93596.3 93596.2 93596.1 93596.1 93596 93596 93596 93596 93596 93596 93596 93596 93596 93596 93596 93596 93596 93596 93596 93596 93596 93596 93596 93596 93596 93596 93596 93596 93596 93596 93596 93596 93596 93596 93596 93596 93596 93596 93596 93596 93596 93596 93596 93596 93596 93596 93596 93596 93596 93596 93596 93596 93596 93596 93596 93596 93596 93596 93596 93596 93596 93596 93596 93596 0 0 0 0 0 0 0 0 0 0 0 0 0 0 0 0 0 0 0 0 0 0 0 0 0
