SBPRF35
0.916109
Curr Bio
142417
B35
654477
F35
0.240322
FOFL
0
OFL
0
Bzero
261746
#pred survey bio
 9036.63 10671.9 13268.9 19812.9 23454 27746.8 32350 36406.5 43560.7 54704.3 70793.9 86818 103523 129679 136588 117716 109296 107799 107390 105639 103217 107925 112844 126736 124317 135765 128286 113219 2.56227e+06 3.96988e+06 4.89664e+06 4.93367e+06 4.55413e+06 4.05312e+06 3.57176e+06 3.1657e+06 2.84656e+06 2.60631e+06 2.43028e+06 2.30347e+06 2.21298e+06 2.14859e+06 2.10209e+06 2.06783e+06 2.04371e+06 2.02649e+06 2.01404e+06 2.00488e+06 1.99806e+06 1.99291e+06 1.98895e+06 1.98589e+06 1.98348e+06 1.98158e+06 1.98005e+06 1.97883e+06 1.97784e+06 1.97703e+06 1.97638e+06 1.97584e+06 1.9754e+06 1.97503e+06 1.97473e+06 1.97449e+06 1.97428e+06 1.97411e+06 1.97397e+06 1.97386e+06 1.97376e+06 1.97368e+06 1.97362e+06 1.97356e+06 1.97352e+06 1.97348e+06 1.97345e+06 1.97342e+06 1.9734e+06 1.97338e+06 1.97337e+06 1.97336e+06 1.97335e+06 1.97334e+06 1.97333e+06 1.97332e+06 1.97332e+06 1.97332e+06 1.97331e+06 1.97331e+06 1.97331e+06 1.97331e+06 1.9733e+06 1.9733e+06 1.9733e+06 1.9733e+06 1.9733e+06 1.9733e+06 1.9733e+06 1.9733e+06 1.9733e+06 1.9733e+06 1.9733e+06 1.9733e+06 1.9733e+06 1.9733e+06 1.9733e+06 1.9733e+06 1.9733e+06 1.9733e+06 1.9733e+06 1.9733e+06 1.9733e+06 1.9733e+06 1.9733e+06 1.9733e+06 1.9733e+06 1.9733e+06 1.9733e+06 1.9733e+06 1.9733e+06 1.9733e+06 1.9733e+06 1.9733e+06 1.9733e+06 1.9733e+06 1.9733e+06 1.9733e+06 1.9733e+06 1.9733e+06 0 0 0 0 0 0 0 0 0 0 0 0 0 0 0 0 0 0 0 0 0 0 0 0 0
#obs survey bio
 7447.3 9189.81 14240.1 19772.6 19363.2 35515.1 27912.9 29257.1 32824.9 57497.3 57758.4 79348.2 88503.5 136131 93532.9 75750.3 74081.3 107425 88291 82798.6 70870.3 110664 121230 85213 84061.2 104605 74219 88164.5
#pred catch bio
 4561.1 6296.5 6315.05 11936.3 14685.6 17904.5 21934.8 24293.8 30622.3 37157 49023.2 66422.1 75477.3 95496.9 110386 95876.2 88076.4 88325.1 87554.6 88246.3 86809.3 91040.1 93546 114248 104689 118946 114032 98801.7 0 30809.4 43986.8 44234.3 40030.3 34900.6 30129.1 26182.5 23134.8 20885 19275.2 18148.9 17373.9 16846.8 16488.8 16245.4 16086.6 15983.1 15915.6 15871.6 15842.9 15824.1 15811.9 15804 15798.8 15795.4 15793.2 15791.7 15790.8 15790.2 15789.8 15789.5 15789.3 15789.2 15789.2 15789.1 15789.1 15789.1 15789.1 15789 15789 15789 15789 15789 15789 15789 15789 15789 15789 15789 15789 15789 15789 15789 15789 15789 15789 15789 15789 15789 15789 15789 15789 15789 15789 15789 15789 15789 15789 15789 15789 15789 15789 15789 15789 15789 15789 15789 15789 15789 15789 15789 15789 15789 15789 15789 15789 15789 15789 15789 15789 15789 15789 15789 15789 15789 15789 15789 15789 15789 0 0 0 0 0 0 0 0 0 0 0 0 0 0 0 0 0 0 0 0 0 0 0 0 0
#obs catch bio
 5632.87 6327.93 6125.95 11639 14681 17465.8 21760.9 24121 30572 35995.7 46778.6 64922.6 73345.2 92240 110550 97029 86932.6 85772.8 85124.4 86583.9 82692.3 87817.2 88479.9 113156 100884 114844 114226 97287.6
#pred cpue bio
 6389.53 7375.36 8085.94 12644.1 15040.2 17211.9 19927.5 22020.3 25834.3 30087.3 40281.8 49898.4 54260.5 71410.2 82147 69310.1 61145.5 60145.1 58245 58796 55142.7 55716 58754.3 64504.8 61235.1 70172.6 67074.1 59956.5 1.33509e+06 3.23675e+06 4.73677e+06 4.83111e+06 4.43021e+06 3.91885e+06 3.4343e+06 3.02737e+06 2.708e+06 2.46769e+06 2.29165e+06 2.16484e+06 2.07435e+06 2.00996e+06 1.96345e+06 1.92919e+06 1.90507e+06 1.88786e+06 1.8754e+06 1.86625e+06 1.85943e+06 1.85427e+06 1.85032e+06 1.84725e+06 1.84485e+06 1.84294e+06 1.84142e+06 1.8402e+06 1.83921e+06 1.8384e+06 1.83774e+06 1.8372e+06 1.83676e+06 1.8364e+06 1.8361e+06 1.83585e+06 1.83565e+06 1.83548e+06 1.83534e+06 1.83522e+06 1.83513e+06 1.83505e+06 1.83498e+06 1.83493e+06 1.83488e+06 1.83484e+06 1.83481e+06 1.83479e+06 1.83477e+06 1.83475e+06 1.83473e+06 1.83472e+06 1.83471e+06 1.8347e+06 1.8347e+06 1.83469e+06 1.83469e+06 1.83468e+06 1.83468e+06 1.83468e+06 1.83467e+06 1.83467e+06 1.83467e+06 1.83467e+06 1.83467e+06 1.83467e+06 1.83467e+06 1.83467e+06 1.83466e+06 1.83466e+06 1.83466e+06 1.83466e+06 1.83466e+06 1.83466e+06 1.83466e+06 1.83466e+06 1.83466e+06 1.83466e+06 1.83466e+06 1.83466e+06 1.83466e+06 1.83466e+06 1.83466e+06 1.83466e+06 1.83466e+06 1.83466e+06 1.83466e+06 1.83466e+06 1.83466e+06 1.83466e+06 1.83466e+06 1.83466e+06 1.83466e+06 1.83466e+06 1.83466e+06 1.83466e+06 1.83466e+06 1.83466e+06 1.83466e+06 1.83466e+06 0 0 0 0 0 0 0 0 0 0 0 0 0 0 0 0 0 0 0 0 0 0 0 0 0
#obs cpue bio
 6263.15 9748.97 13757.5 15339.7 17413.2 22767.3 24159.3 26919.1 40656 56093.4 91997.3 87766.2 78382.2 116841 95580.9 103332 98961.9 127352 85726.5 117879 185884 84090.4 151818 95897.4 150649 154544 101828 139330
#pred surv len freq
 2.56257e-27 2.58672e-27 3.16909e-26 6.14552e-20 1.5065e-14 4.46403e-10 1.59894e-06 0.00069228 0.0362315 0.229211 0.175662 0.0403345 0.183594 0.169654 0.0405531 0.0501667 0.0211586 0.0157403 0.00950907 0.00712263 0.00552094 0.00472779 0.00470428 0.00415128 0.00126511
 2.56337e-27 2.58924e-27 3.4164e-26 6.66732e-20 1.63441e-14 4.84306e-10 1.7347e-06 0.00075106 0.0393078 0.248672 0.190478 0.0375422 0.151938 0.141327 0.0517879 0.0827535 0.0284431 0.0123698 0.00549325 0.00308201 0.00193507 0.00141335 0.00124299 0.0010955 0.000365674
 2.5663e-27 2.59684e-27 4.04938e-26 8.0025e-20 1.96172e-14 5.81292e-10 2.08209e-06 0.000901465 0.0471794 0.29847 0.228529 0.0391602 0.137516 0.127233 0.0350619 0.048231 0.0191535 0.0120678 0.00395237 0.00127297 0.000529802 0.000292327 0.000211689 0.000174865 6.03983e-05
 2.56401e-27 2.59057e-27 3.49021e-26 6.82286e-20 1.67254e-14 4.95604e-10 1.77517e-06 0.000768581 0.0402248 0.254473 0.194966 0.0411799 0.176468 0.16316 0.0411452 0.0529627 0.0190802 0.00964076 0.00389072 0.0014767 0.000346738 0.000108459 5.49488e-05 3.88591e-05 1.3272e-05
 2.56414e-27 2.591e-27 3.53568e-26 6.91882e-20 1.69607e-14 5.02575e-10 1.80014e-06 0.000779391 0.0407905 0.258052 0.197685 0.0403054 0.167903 0.155492 0.0441078 0.0615908 0.020784 0.00833087 0.00283913 0.000975475 0.000283498 5.63058e-05 1.37925e-05 6.90572e-06 2.2053e-06
 2.565e-27 2.59323e-27 3.72418e-26 7.31644e-20 1.79354e-14 5.31457e-10 1.90359e-06 0.000824182 0.0431347 0.272882 0.209012 0.0405336 0.161681 0.149558 0.0395621 0.0527362 0.0183897 0.00824683 0.00254543 0.000682961 0.000166682 3.58502e-05 5.27688e-06 1.21332e-06 3.20825e-07
 2.56463e-27 2.59211e-27 3.61474e-26 7.08553e-20 1.73693e-14 5.14684e-10 1.84351e-06 0.00079817 0.0417733 0.26427 0.202455 0.041708 0.175225 0.161894 0.0388197 0.0478833 0.016087 0.00634715 0.00203185 0.00057087 0.000112543 1.94828e-05 2.67007e-06 2.85424e-07 4.40481e-08
 2.56516e-27 2.59355e-27 3.73952e-26 7.34876e-20 1.80146e-14 5.33805e-10 1.912e-06 0.000827823 0.0433253 0.274088 0.209947 0.041459 0.168066 0.155294 0.037768 0.0471032 0.0151871 0.00498788 0.00147693 0.000377069 7.75156e-05 1.16462e-05 1.25394e-06 9.73815e-08 6.56305e-09
 2.56561e-27 2.5947e-27 3.83729e-26 7.55499e-20 1.85201e-14 5.48785e-10 1.96566e-06 0.000851054 0.0445411 0.281779 0.215822 0.0415464 0.164604 0.152011 0.0356077 0.0430016 0.0139292 0.00466948 0.00129696 0.000278617 5.11099e-05 7.51646e-06 7.1684e-07 4.2225e-08 1.57923e-09
 2.56728e-27 2.59913e-27 4.2177e-26 8.35746e-20 2.04873e-14 6.07075e-10 2.17444e-06 0.00094145 0.0492721 0.311709 0.238673 0.0413642 0.147162 0.135711 0.0290143 0.032035 0.0101095 0.00298231 0.00081862 0.000173183 2.76327e-05 3.47529e-06 3.09862e-07 1.58133e-08 4.11585e-10
 2.56585e-27 2.59516e-27 3.85819e-26 7.599e-20 1.8628e-14 5.51982e-10 1.97711e-06 0.000856012 0.0448006 0.283421 0.2171 0.0430795 0.175372 0.161605 0.0311041 0.0302649 0.00929862 0.00235335 0.000607382 0.0001151 1.79282e-05 2.03573e-06 1.52463e-07 7.01334e-09 1.51896e-10
 2.56609e-27 2.59592e-27 3.93577e-26 7.7627e-20 1.90293e-14 5.63873e-10 2.0197e-06 0.000874452 0.0457657 0.289526 0.221744 0.0419539 0.163544 0.150914 0.033265 0.0378712 0.0113964 0.00244217 0.000589004 9.67822e-05 1.35507e-05 1.4281e-06 9.7189e-08 3.7641e-09 7.13227e-11
 2.5679e-27 2.60071e-27 4.34573e-26 8.6275e-20 2.11493e-14 6.26691e-10 2.2447e-06 0.00097187 0.0508642 0.321781 0.246372 0.041907 0.145884 0.134331 0.025143 0.0235272 0.00713092 0.0016425 0.000383879 5.26534e-05 6.44437e-06 5.87382e-07 3.6031e-08 1.25117e-09 2.00778e-11
 2.56626e-27 2.59618e-27 3.93869e-26 7.7688e-20 1.90443e-14 5.64316e-10 2.02128e-06 0.000875139 0.0458016 0.289754 0.221945 0.0436455 0.176276 0.162264 0.0280508 0.0231119 0.0067716 0.00119152 0.000268524 3.87781e-05 4.31748e-06 3.27084e-07 1.69981e-08 5.19913e-10 7.37617e-12
 2.56411e-27 2.59047e-27 3.44592e-26 6.72931e-20 1.64961e-14 4.88809e-10 1.75083e-06 0.000758043 0.0396732 0.250984 0.192347 0.0440191 0.199915 0.184353 0.0369593 0.0378539 0.0110065 0.00172469 0.000359055 4.13465e-05 4.48333e-06 3.31447e-07 1.43979e-08 3.64945e-10 4.48363e-12
 2.56512e-27 2.59327e-27 3.69835e-26 7.26184e-20 1.78015e-14 5.27491e-10 1.88939e-06 0.000818032 0.0428128 0.270846 0.207495 0.0428945 0.180713 0.166712 0.0352443 0.0383977 0.0113902 0.00216243 0.00046119 4.67678e-05 4.30288e-06 2.71642e-07 1.1434e-08 2.48944e-10 2.50767e-12
 2.56617e-27 2.59599e-27 3.92871e-26 7.74777e-20 1.89927e-14 5.62788e-10 2.01581e-06 0.00087277 0.0456776 0.288969 0.221337 0.0431166 0.172678 0.159074 0.0298543 0.0280326 0.00833269 0.0016417 0.000363464 4.30714e-05 3.92416e-06 2.09302e-07 7.30791e-09 1.46553e-10 1.29199e-12
 2.56596e-27 2.59538e-27 3.86968e-26 7.62322e-20 1.86874e-14 5.53741e-10 1.98341e-06 0.00085874 0.0449434 0.284324 0.2178 0.0437157 0.179722 0.165481 0.029297 0.0251381 0.0072932 0.00114815 0.000242972 2.983e-05 2.95756e-06 1.73749e-07 5.40114e-09 8.8981e-11 6.94189e-13
 2.56675e-27 2.59751e-27 4.05842e-26 8.02137e-20 1.96634e-14 5.82662e-10 2.087e-06 0.000903591 0.0472907 0.299174 0.22913 0.0431558 0.167501 0.154205 0.0273205 0.0234655 0.0067301 0.000921733 0.000180512 1.81235e-05 1.71746e-06 1.07417e-07 3.69427e-09 5.79503e-11 3.75838e-13
 2.56577e-27 2.59481e-27 3.81461e-26 7.50703e-20 1.84026e-14 5.45301e-10 1.95318e-06 0.000845651 0.0442583 0.279991 0.2145 0.0442826 0.186355 0.171509 0.0286774 0.0222039 0.00634719 0.000850858 0.00016234 1.42487e-05 1.16375e-06 6.22504e-08 2.18508e-09 3.74273e-11 2.40998e-13
 2.56711e-27 2.59849e-27 4.14398e-26 8.20187e-20 2.01059e-14 5.95774e-10 2.13396e-06 0.000923923 0.0483548 0.305906 0.234267 0.0429512 0.162335 0.149428 0.0262907 0.0223162 0.00633105 0.000745924 0.000135634 1.15976e-05 8.8617e-07 4.01364e-08 1.18325e-09 1.94541e-11 1.34057e-13
 2.56755e-27 2.59961e-27 4.23518e-26 8.39423e-20 2.05774e-14 6.09746e-10 2.18401e-06 0.000945593 0.0494889 0.313081 0.239752 0.0433426 0.16146 0.148455 0.0231321 0.015365 0.00434742 0.000525752 9.49871e-05 7.17416e-06 5.1089e-07 2.1939e-08 5.63636e-10 7.69488e-12 4.8798e-14
 2.56723e-27 2.59872e-27 4.155e-26 8.22508e-20 2.01628e-14 5.9746e-10 2.14e-06 0.000926539 0.0484917 0.306772 0.234941 0.0437565 0.16799 0.154442 0.0234896 0.0146694 0.004079 0.000375482 6.0142e-05 4.59673e-06 3.15039e-07 1.19675e-08 2.86778e-10 3.48467e-12 1.84599e-14
 2.56797e-27 2.60075e-27 4.33818e-26 8.61154e-20 2.11102e-14 6.25532e-10 2.24055e-06 0.000970072 0.0507701 0.321186 0.245933 0.0428837 0.153625 0.141264 0.0225715 0.0158917 0.00442907 0.000406092 6.33095e-05 3.86223e-06 2.31326e-07 8.68325e-09 1.90121e-10 2.0859e-12 9.92997e-15
 2.56821e-27 2.60132e-27 4.37941e-26 8.69848e-20 2.13233e-14 6.31847e-10 2.26317e-06 0.000979866 0.0512826 0.324428 0.24842 0.0435432 0.156896 0.14409 0.019558 0.00831666 0.00227393 0.000182096 2.603e-05 1.51547e-06 8.14433e-08 2.41615e-09 4.86098e-11 5.00813e-13 2.14234e-15
 2.5673e-27 2.59888e-27 4.16651e-26 8.24936e-20 2.02223e-14 5.99223e-10 2.14632e-06 0.000929273 0.0486348 0.307677 0.235635 0.0438977 0.168576 0.154942 0.0228335 0.0130459 0.00356626 0.000230479 2.73488e-05 1.44936e-06 7.12552e-08 1.95442e-09 3.2719e-11 2.8394e-13 1.13124e-15
 2.56701e-27 2.59808e-27 4.09552e-26 8.0996e-20 1.98552e-14 5.88345e-10 2.10735e-06 0.000912403 0.0477519 0.302092 0.231373 0.0441361 0.173385 0.159373 0.0235018 0.0134551 0.00369985 0.000278504 3.72563e-05 1.65192e-06 6.42186e-08 1.55962e-09 2.37998e-11 1.78223e-13 5.86076e-16
 2.56665e-27 2.59711e-27 4.00887e-26 7.9168e-20 1.94071e-14 5.75066e-10 2.05979e-06 0.000891811 0.0466742 0.295274 0.226172 0.0444524 0.179446 0.164953 0.0242582 0.0137748 0.00378367 0.000278829 3.70189e-05 1.84594e-06 7.94439e-08 1.55392e-09 1.92952e-11 1.27627e-13 3.68921e-16
#obs surv len freq
 1.08481e-41 1.50565e-33 2.52604e-26 5.12275e-20 1.25578e-14 3.72111e-10 1.33284e-06 0.000577075 0.0302018 0.191066 0.146604 0.040111 0.17295 0.146379 0.103887 0.101902 0.0443887 0.017454 0.00395442 0.000497379 2.55683e-05 3.89252e-07 1.32002e-09 8.12944e-13 7.96583e-17
 1.604e-41 2.22625e-33 3.735e-26 7.5745e-20 1.8568e-14 5.50203e-10 1.97074e-06 0.000853262 0.0446563 0.282509 0.216448 0.0407184 0.126887 0.102375 0.0758571 0.0685257 0.0286503 0.01022 0.00206579 0.000222781 9.35275e-06 1.10244e-07 2.77862e-10 1.24027e-13 8.68512e-18
 1.5364e-41 2.13242e-33 3.57758e-26 7.25525e-20 1.77854e-14 5.27014e-10 1.88768e-06 0.000817299 0.0427742 0.270603 0.207584 0.0499959 0.176633 0.128766 0.0565544 0.042655 0.0170681 0.00548301 0.000973258 8.79861e-05 2.9626e-06 2.68464e-08 5.02635e-11 1.62815e-14 8.15787e-19
 1.07639e-41 1.49396e-33 2.50643e-26 5.08298e-20 1.24603e-14 3.69223e-10 1.32249e-06 0.000572595 0.0299673 0.189584 0.14595 0.0564453 0.230002 0.162947 0.0980713 0.0659216 0.0160077 0.00388799 0.000595868 4.43643e-05 1.17357e-06 8.06052e-09 1.11513e-11 2.62141e-15 9.41541e-20
 1.5019e-41 2.08454e-33 3.49726e-26 7.09236e-20 1.73861e-14 5.15182e-10 1.8453e-06 0.00079895 0.0418139 0.264528 0.202979 0.0472075 0.1422 0.104176 0.104086 0.0691984 0.0190923 0.00356602 0.000332328 1.86549e-05 3.80326e-07 1.94888e-09 1.97071e-12 3.34511e-16 8.60474e-21
 1.2002e-41 1.66579e-33 2.79471e-26 5.66762e-20 1.38935e-14 4.1169e-10 1.47461e-06 0.000638454 0.0334141 0.211391 0.162963 0.0650426 0.231499 0.144146 0.0783481 0.0496035 0.0189422 0.00370768 0.000292677 1.00387e-05 1.35895e-07 5.03458e-10 3.67489e-13 4.4641e-17 8.17782e-22
 1.37774e-41 1.91221e-33 3.20814e-26 6.50603e-20 1.59488e-14 4.72592e-10 1.69275e-06 0.0007329 0.0383571 0.242661 0.186716 0.0578766 0.174808 0.116474 0.109838 0.0569802 0.012837 0.00248863 0.000222452 6.39391e-06 5.45929e-08 1.26009e-10 6.26126e-14 5.34969e-18 6.92062e-23
 1.19308e-41 1.65591e-33 2.77813e-26 5.634e-20 1.38111e-14 4.09248e-10 1.46586e-06 0.000634666 0.0332159 0.210139 0.162449 0.0721942 0.227063 0.133315 0.0940009 0.049749 0.0149873 0.00210772 0.000138622 3.89384e-06 2.78814e-08 4.27014e-11 1.30612e-14 7.19148e-19 6.3066e-24
 1.51205e-41 2.09863e-33 3.52089e-26 7.14029e-20 1.75036e-14 5.18663e-10 1.85777e-06 0.000804349 0.0420964 0.26632 0.205167 0.064348 0.166794 0.104058 0.0966843 0.0424998 0.00972789 0.00141312 8.30819e-05 1.65752e-06 9.80595e-09 1.23189e-11 2.68853e-15 9.53647e-20 5.28008e-25
 1.52035e-41 2.11015e-33 3.54022e-26 7.17948e-20 1.75997e-14 5.2151e-10 1.86796e-06 0.000808764 0.0423275 0.267785 0.206909 0.0779899 0.19847 0.103604 0.0659553 0.0283057 0.00701296 0.000791332 3.85866e-05 6.58799e-07 2.8413e-09 2.64925e-12 4.50207e-16 1.20068e-20 4.65793e-26
 1.09791e-41 1.52383e-33 2.55653e-26 5.1846e-20 1.27094e-14 3.76604e-10 1.34893e-06 0.000584042 0.0305664 0.193387 0.15117 0.097176 0.258055 0.136046 0.0951872 0.0317747 0.00546329 0.000565571 2.33077e-05 3.04587e-07 1.03339e-09 7.12873e-13 8.62422e-17 1.67527e-21 4.83295e-27
 1.66766e-41 2.3146e-33 3.88323e-26 7.87511e-20 1.93049e-14 5.7204e-10 2.04895e-06 0.000887126 0.0464286 0.293732 0.226792 0.0713614 0.144937 0.0938616 0.0890021 0.0281928 0.00446868 0.000324328 9.82475e-06 1.02591e-07 2.60516e-10 1.33094e-13 1.18425e-17 1.64572e-22 3.34916e-28
 1.33666e-41 1.85519e-33 3.11247e-26 6.31203e-20 1.54732e-14 4.58499e-10 1.64227e-06 0.000711045 0.0372133 0.235447 0.184466 0.110601 0.243064 0.106722 0.0573806 0.0202092 0.00392097 0.000258215 5.83606e-06 4.15513e-08 7.67909e-11 2.88071e-14 1.84875e-18 1.84893e-23 2.70231e-29
 1.11948e-41 1.55377e-33 2.60677e-26 5.28648e-20 1.29592e-14 3.84005e-10 1.37544e-06 0.000595519 0.0311671 0.197203 0.155857 0.112033 0.235472 0.137565 0.103303 0.0237228 0.00287888 0.000197489 4.36773e-06 2.39365e-08 3.00175e-11 7.66795e-15 3.47285e-19 2.47554e-24 2.57052e-30
 8.80328e-42 1.22184e-33 2.04989e-26 4.15713e-20 1.01907e-14 3.01969e-10 1.08161e-06 0.000468298 0.0245089 0.155094 0.124987 0.123887 0.250011 0.159313 0.123288 0.0337723 0.00447235 0.000193936 3.23337e-06 1.60679e-08 1.62768e-11 2.94425e-15 8.96413e-20 4.32212e-25 3.10234e-31
 1.41631e-41 1.96575e-33 3.29795e-26 6.68818e-20 1.63953e-14 4.85822e-10 1.74013e-06 0.000753419 0.039431 0.249487 0.195577 0.0947691 0.160111 0.126324 0.101158 0.0282435 0.00395944 0.000182555 2.40047e-06 8.08231e-09 6.35595e-12 9.26422e-16 2.13018e-20 7.24785e-26 3.54143e-32
 9.75865e-42 1.35444e-33 2.27235e-26 4.60828e-20 1.12966e-14 3.3474e-10 1.19899e-06 0.000519119 0.0271687 0.171963 0.141801 0.162541 0.273459 0.126069 0.0715797 0.0216872 0.00306928 0.000140088 1.80042e-06 5.12543e-09 2.85005e-12 2.89138e-16 4.93081e-21 1.27707e-26 4.6617e-33
 1.43944e-41 1.99785e-33 3.3518e-26 6.79739e-20 1.6663e-14 4.93755e-10 1.76855e-06 0.000765721 0.0400749 0.253587 0.200704 0.108039 0.161386 0.135468 0.0834044 0.014917 0.00158047 7.01503e-05 8.45954e-07 2.18398e-09 1.03154e-12 7.98993e-17 9.57655e-22 1.71532e-27 4.44162e-34
 1.00356e-41 1.39287e-33 2.33683e-26 4.73904e-20 1.16172e-14 3.44239e-10 1.23301e-06 0.00053385 0.0279398 0.176899 0.149525 0.183606 0.26123 0.121089 0.0620296 0.015665 0.00143994 4.09792e-05 3.97032e-07 8.96166e-10 3.61931e-13 2.32427e-17 2.21295e-22 2.98387e-28 5.54062e-35
 1.29051e-41 1.79114e-33 3.00501e-26 6.0941e-20 1.4939e-14 4.42669e-10 1.58557e-06 0.000686496 0.0359286 0.227414 0.184586 0.132783 0.181694 0.151614 0.0733257 0.0110314 0.000909803 2.55939e-05 1.76367e-07 2.79175e-10 8.82046e-14 4.58007e-18 3.49774e-23 3.72351e-29 5.35533e-36
 1.41495e-41 1.96385e-33 3.29477e-26 6.68172e-20 1.63795e-14 4.85353e-10 1.73846e-06 0.000752691 0.0393931 0.24939 0.205066 0.15915 0.187148 0.101367 0.0475036 0.00958081 0.000633249 1.25858e-05 7.376e-08 9.05924e-11 1.98279e-14 7.26594e-19 4.13025e-24 3.36572e-30 3.7254e-37
 1.12937e-41 1.56749e-33 2.62979e-26 5.33317e-20 1.30736e-14 3.87396e-10 1.38759e-06 0.000600778 0.0314428 0.199198 0.172814 0.19697 0.225526 0.122355 0.04434 0.00633052 0.000413842 7.76536e-06 3.32727e-08 3.02785e-11 5.09616e-15 1.36563e-19 5.40899e-25 3.06188e-31 2.40948e-38
 1.37795e-41 1.91251e-33 3.20863e-26 6.50704e-20 1.59512e-14 4.72664e-10 1.69301e-06 0.000733013 0.0383635 0.242967 0.203432 0.160413 0.179025 0.126014 0.0435889 0.00521554 0.000242606 3.58926e-06 1.34071e-08 9.5545e-12 1.15488e-15 2.23678e-20 6.51116e-26 2.67846e-32 1.49475e-39
 1.35477e-41 1.88033e-33 3.15465e-26 6.39756e-20 1.56829e-14 4.64712e-10 1.66452e-06 0.000720681 0.0377184 0.239027 0.206985 0.193848 0.188068 0.097063 0.0322193 0.00418059 0.000167711 1.80487e-06 4.83959e-09 2.6785e-12 2.54749e-16 3.69107e-21 7.69802e-27 2.24622e-33 8.96162e-41
 1.18229e-41 1.64094e-33 2.75301e-26 5.58305e-20 1.36862e-14 4.05547e-10 1.4526e-06 0.000628927 0.0329168 0.208803 0.189608 0.213638 0.20705 0.114002 0.0302209 0.00301748 0.000111958 1.07516e-06 2.18277e-09 8.46292e-13 5.7352e-17 6.15809e-22 9.65506e-28 2.0906e-34 6.04872e-42
 1.06323e-41 1.47569e-33 2.47577e-26 5.02082e-20 1.23079e-14 3.64707e-10 1.30632e-06 0.000565593 0.0296027 0.18799 0.178074 0.221125 0.217389 0.129829 0.0325206 0.00282441 7.82823e-05 5.90622e-07 9.97321e-10 3.03345e-13 1.4878e-17 1.1136e-22 1.22076e-28 1.88472e-35 3.95744e-43
 1.0462e-41 1.45205e-33 2.43612e-26 4.9404e-20 1.21108e-14 3.58865e-10 1.2854e-06 0.000556533 0.0291292 0.18515 0.179219 0.221173 0.217079 0.132627 0.0323075 0.00269268 6.36422e-05 3.65524e-07 4.52515e-10 1.0465e-13 3.96518e-18 2.2355e-23 1.77634e-29 1.93226e-36 2.82479e-44
 1.27254e-41 1.7662e-33 2.96317e-26 6.00925e-20 1.4731e-14 4.36506e-10 1.56349e-06 0.000676939 0.0354304 0.22491 0.205184 0.199964 0.192095 0.112555 0.0269239 0.00220859 5.04039e-05 2.64577e-07 2.75717e-10 5.09202e-14 1.53422e-18 7.02568e-24 4.61242e-30 4.15153e-37 4.96761e-45
#pred catch len freq
 2.55616e-27 2.56976e-27 1.7163e-26 3.08093e-20 7.55252e-15 2.23795e-10 8.01595e-07 0.00034706 0.0181639 0.11491 0.0883893 0.0406447 0.247269 0.228957 0.0607003 0.0814285 0.0343533 0.0255151 0.0153295 0.0114296 0.00883528 0.00755683 0.00751611 0.006632 0.0020211
 2.55697e-27 2.57244e-27 1.98647e-26 3.65099e-20 8.94995e-15 2.65203e-10 9.49913e-07 0.000411276 0.0215247 0.136172 0.104567 0.0370214 0.208334 0.194351 0.0788946 0.131352 0.0450878 0.0194856 0.00860636 0.00480126 0.00300545 0.00219222 0.00192709 0.00169826 0.000566867
 2.55934e-27 2.57841e-27 2.4667e-26 4.66388e-20 1.14329e-14 3.38778e-10 1.21345e-06 0.000525376 0.0274963 0.17395 0.133462 0.0400667 0.211207 0.195951 0.0601229 0.088333 0.0350636 0.0220395 0.00719529 0.00230247 0.000955014 0.000526111 0.00038078 0.000314506 0.000108629
 2.55804e-27 2.57466e-27 2.11426e-26 3.9203e-20 9.61014e-15 2.84766e-10 1.01998e-06 0.000441613 0.0231124 0.146216 0.112327 0.0427288 0.246315 0.228129 0.0619316 0.0841267 0.0302463 0.015164 0.00608886 0.00229878 0.000538139 0.000167962 8.5033e-05 6.01255e-05 2.0535e-05
 2.55822e-27 2.57528e-27 2.17921e-26 4.05736e-20 9.94613e-15 2.94722e-10 1.05564e-06 0.000457053 0.0239205 0.151328 0.116211 0.0415022 0.234253 0.217342 0.0663062 0.0967233 0.0325769 0.0129371 0.0043885 0.00149803 0.000434053 8.60701e-05 2.10618e-05 1.05428e-05 3.36671e-06
 2.55924e-27 2.57789e-27 2.3954e-26 4.51337e-20 1.1064e-14 3.27846e-10 1.17429e-06 0.000508422 0.026609 0.168336 0.129208 0.0421476 0.230032 0.213133 0.0598634 0.083118 0.0289045 0.0128241 0.00394229 0.00105039 0.000255494 5.48524e-05 8.06752e-06 1.85424e-06 4.90274e-07
 2.55921e-27 2.57761e-27 2.3514e-26 4.42048e-20 1.08363e-14 3.21098e-10 1.15012e-06 0.000497958 0.0260613 0.164872 0.126589 0.0437951 0.24441 0.226105 0.0568314 0.0728472 0.0244069 0.00950881 0.00302959 0.000845515 0.000166172 2.87062e-05 3.93067e-06 4.20031e-07 6.48143e-08
 2.55968e-27 2.57885e-27 2.45933e-26 4.64815e-20 1.13944e-14 3.37636e-10 1.20936e-06 0.000523605 0.0274036 0.173363 0.13307 0.0435906 0.238301 0.220491 0.0562829 0.0729467 0.023469 0.00761024 0.00224311 0.000568636 0.000116522 1.74739e-05 1.87956e-06 1.45912e-07 9.83251e-09
 2.56045e-27 2.58085e-27 2.62707e-26 5.00199e-20 1.22618e-14 3.63339e-10 1.30142e-06 0.000563464 0.0294897 0.18656 0.143151 0.0438404 0.233119 0.215536 0.0522861 0.0650743 0.0210207 0.00694197 0.00191971 0.000409304 7.48271e-05 1.09819e-05 1.04639e-06 6.16116e-08 2.30395e-09
 2.56222e-27 2.58549e-27 3.02059e-26 5.83209e-20 1.42967e-14 4.23636e-10 1.51739e-06 0.000656973 0.0343836 0.217521 0.166795 0.0440509 0.218109 0.201387 0.0443892 0.05058 0.015924 0.00462557 0.00126369 0.000265359 4.22031e-05 5.2959e-06 4.71723e-07 2.4064e-08 6.26233e-10
 2.56077e-27 2.58143e-27 2.64983e-26 5.04989e-20 1.23792e-14 3.66818e-10 1.31388e-06 0.00056886 0.0297721 0.188347 0.144552 0.0461557 0.249754 0.230374 0.0456294 0.0460837 0.0141341 0.00352359 0.000905148 0.000170231 2.64263e-05 2.99423e-06 2.24015e-07 1.03001e-08 2.23045e-10
 2.56158e-27 2.58375e-27 2.86701e-26 5.5081e-20 1.35024e-14 4.00101e-10 1.4331e-06 0.000620476 0.0324735 0.205437 0.157574 0.0444286 0.227462 0.210075 0.0469804 0.054254 0.0162913 0.00342639 0.000821764 0.000133949 1.86873e-05 1.96488e-06 1.3358e-07 5.17109e-09 9.79646e-11
 2.56349e-27 2.58873e-27 3.28868e-26 6.39758e-20 1.56829e-14 4.64712e-10 1.66452e-06 0.000720674 0.0377175 0.238611 0.182912 0.0448362 0.212761 0.196105 0.0371659 0.0353953 0.0107038 0.00241999 0.00056283 7.65841e-05 9.33798e-06 8.49031e-07 5.20229e-08 1.80561e-09 2.89694e-11
 2.56164e-27 2.58363e-27 2.8284e-26 5.42654e-20 1.33025e-14 3.94177e-10 1.41188e-06 0.000611288 0.0319926 0.202395 0.155291 0.0469348 0.248138 0.228594 0.0400951 0.0338755 0.00991215 0.00171419 0.000384043 5.50274e-05 6.10598e-06 4.61382e-07 2.39486e-08 7.32112e-10 1.03845e-11
 2.55988e-27 2.57902e-27 2.43731e-26 4.60156e-20 1.12802e-14 3.34252e-10 1.19723e-06 0.000518356 0.0271289 0.171626 0.131792 0.0466643 0.262589 0.242288 0.0490384 0.0508061 0.0147504 0.00226854 0.000469248 5.36058e-05 5.78909e-06 4.26928e-07 1.85237e-08 4.6924e-10 5.76362e-12
 2.56099e-27 2.5821e-27 2.71484e-26 5.18706e-20 1.27154e-14 3.76781e-10 1.34957e-06 0.000584311 0.0305807 0.193463 0.148446 0.0453733 0.241064 0.222523 0.0472898 0.0518122 0.0153368 0.00285373 0.000605296 6.09026e-05 5.58011e-06 3.51301e-07 1.47685e-08 3.2136e-10 3.2363e-12
 2.56212e-27 2.58502e-27 2.9591e-26 5.70231e-20 1.39785e-14 4.14209e-10 1.48363e-06 0.000642353 0.0336184 0.21268 0.163128 0.0458795 0.2346 0.216256 0.0407013 0.0383711 0.0113799 0.00219645 0.000483516 5.68416e-05 5.16048e-06 2.7449e-07 9.57098e-09 1.91812e-10 1.69054e-12
 2.56204e-27 2.58472e-27 2.92547e-26 5.63133e-20 1.38045e-14 4.09053e-10 1.46516e-06 0.000634358 0.0332 0.210033 0.161117 0.0465721 0.241284 0.222291 0.0393788 0.033822 0.00979503 0.00151087 0.000317489 3.86626e-05 3.81929e-06 2.23804e-07 6.94871e-09 1.14396e-10 8.92197e-13
 2.56292e-27 2.5871e-27 3.13568e-26 6.07478e-20 1.48916e-14 4.41265e-10 1.58054e-06 0.000684312 0.0358144 0.226572 0.173737 0.0459632 0.227784 0.209832 0.0371441 0.0318567 0.00912252 0.00122452 0.00023799 2.37041e-05 2.23664e-06 1.39524e-07 4.79283e-09 7.51374e-11 4.87156e-13
 2.562e-27 2.58453e-27 2.90259e-26 5.58303e-20 1.36861e-14 4.05544e-10 1.45259e-06 0.000628917 0.0329152 0.208231 0.159752 0.0471903 0.246947 0.227389 0.0379593 0.0292971 0.00836171 0.00109851 0.000207999 1.8116e-05 1.47296e-06 7.85672e-08 2.75416e-09 4.71464e-11 3.03499e-13
 2.56362e-27 2.58899e-27 3.30173e-26 6.42508e-20 1.57503e-14 4.6671e-10 1.67168e-06 0.000723772 0.0378796 0.239637 0.183707 0.0455745 0.217821 0.200614 0.0350787 0.0294634 0.00834622 0.000963572 0.000173655 1.47341e-05 1.12083e-06 5.062e-08 1.49017e-09 2.4483e-11 1.68664e-13
 2.5642e-27 2.59046e-27 3.42218e-26 6.67914e-20 1.63731e-14 4.85165e-10 1.73778e-06 0.000752392 0.0393775 0.249113 0.190951 0.046099 0.216723 0.199381 0.0308795 0.0202072 0.00570776 0.000676059 0.000121093 9.07823e-06 6.43306e-07 2.75468e-08 7.0671e-10 9.64083e-12 6.11181e-14
 2.56367e-27 2.58899e-27 3.28922e-26 6.39863e-20 1.56855e-14 4.64789e-10 1.6648e-06 0.000720793 0.0377237 0.238651 0.182972 0.0467212 0.227063 0.208874 0.0316604 0.0195935 0.00544218 0.000491998 7.79505e-05 5.91345e-06 4.03392e-07 1.52799e-08 3.65603e-10 4.43915e-12 2.3508e-14
 2.56534e-27 2.59358e-27 3.70035e-26 7.26596e-20 1.78116e-14 5.2779e-10 1.89046e-06 0.000818495 0.0428371 0.271 0.207647 0.0450719 0.197176 0.181393 0.0285797 0.0194862 0.00542199 0.00048727 7.50732e-05 4.54856e-06 2.70839e-07 1.01366e-08 2.21619e-10 2.42952e-12 1.15616e-14
 2.56502e-27 2.59259e-27 3.60072e-26 7.05575e-20 1.72963e-14 5.12521e-10 1.83576e-06 0.000794815 0.0415978 0.263159 0.201681 0.0464059 0.211519 0.194374 0.026263 0.0109447 0.00298824 0.000235176 3.31958e-05 1.91999e-06 1.02594e-07 3.03468e-09 6.09477e-11 6.27425e-13 2.68295e-15
 2.56424e-27 2.59052e-27 3.42161e-26 6.67791e-20 1.63701e-14 4.85075e-10 1.73746e-06 0.000752253 0.0393702 0.249067 0.190923 0.046537 0.220075 0.202374 0.0295829 0.0164916 0.00450315 0.000286719 3.34887e-05 1.76351e-06 8.61647e-08 2.35648e-09 3.93823e-11 3.4145e-13 1.3598e-15
 2.56402e-27 2.58993e-27 3.36934e-26 6.56765e-20 1.60998e-14 4.77066e-10 1.70877e-06 0.000739832 0.0387201 0.244955 0.187785 0.0467153 0.223637 0.205655 0.030057 0.0167482 0.00459911 0.000340288 4.49063e-05 1.98097e-06 7.64593e-08 1.85122e-09 2.81981e-11 2.10966e-13 6.93439e-16
 2.56342e-27 2.58829e-27 3.22323e-26 6.25941e-20 1.53442e-14 4.54676e-10 1.62857e-06 0.00070511 0.0369029 0.233459 0.179015 0.0472291 0.233708 0.214932 0.0313958 0.0174645 0.0047916 0.00034733 4.54892e-05 2.25514e-06 9.64522e-08 1.88163e-09 2.33142e-11 1.54056e-13 4.45112e-16
#obs catch len freq
 4.99968e-42 6.93923e-34 1.1642e-26 2.36098e-20 5.78765e-15 1.71499e-10 6.14281e-07 0.000265962 0.0139194 0.0880594 0.0679655 0.0398731 0.218636 0.186616 0.143753 0.143421 0.0645135 0.0260492 0.00609417 0.000791036 4.2281e-05 6.72136e-07 2.37583e-09 1.51784e-12 1.53498e-16
 5.74258e-42 7.97032e-34 1.33719e-26 2.71179e-20 6.64763e-15 1.96981e-10 7.05555e-07 0.000305481 0.0159877 0.101144 0.0780671 0.0436085 0.22267 0.181198 0.143018 0.131113 0.056888 0.0210217 0.0044552 0.000500643 2.18197e-05 2.66996e-07 6.98152e-10 3.2235e-13 2.32579e-17
 1.0825e-41 1.50244e-33 2.52066e-26 5.11185e-20 1.25311e-14 3.7132e-10 1.33001e-06 0.000575847 0.0301375 0.19066 0.14647 0.0452337 0.181803 0.140902 0.113579 0.0953002 0.0394703 0.0131534 0.00246904 0.000235815 8.31007e-06 7.80911e-08 1.50978e-10 5.03759e-14 2.59333e-18
 1.11481e-41 1.54728e-33 2.59588e-26 5.2644e-20 1.29051e-14 3.82401e-10 1.3697e-06 0.000593031 0.0310369 0.196351 0.151158 0.0584168 0.237891 0.164291 0.0769274 0.0543782 0.0214318 0.00639264 0.00104518 8.2947e-05 2.32372e-06 1.66658e-08 2.38189e-11 5.75125e-15 2.11524e-19
 7.84697e-42 1.08911e-33 1.8272e-26 3.70553e-20 9.08368e-15 2.69166e-10 9.64109e-07 0.000417426 0.0218464 0.13821 0.107027 0.0647827 0.273718 0.184534 0.116665 0.0714476 0.0169036 0.00386964 0.000542068 3.51016e-05 7.66195e-07 4.13927e-09 4.35279e-12 7.60721e-16 2.00258e-20
 1.25973e-41 1.74842e-33 2.93333e-26 5.94874e-20 1.45826e-14 4.3211e-10 1.54775e-06 0.000670122 0.0350715 0.221875 0.170643 0.0528814 0.172339 0.122108 0.125088 0.0755155 0.0200987 0.00340181 0.00029236 1.43014e-05 2.38796e-07 9.57176e-10 7.3308e-13 9.22943e-17 1.7375e-21
 1.03698e-41 1.43927e-33 2.41467e-26 4.8969e-20 1.20042e-14 3.55705e-10 1.27408e-06 0.000551632 0.0288702 0.182647 0.141392 0.0738051 0.260618 0.153735 0.0858692 0.0506158 0.0184413 0.00322129 0.000226322 6.71386e-06 7.49411e-08 2.16611e-10 1.19397e-13 1.07368e-17 1.43759e-22
 1.27616e-41 1.77123e-33 2.9716e-26 6.02634e-20 1.47729e-14 4.37747e-10 1.56794e-06 0.000678864 0.035529 0.224772 0.173366 0.0643152 0.192205 0.123846 0.116597 0.0545263 0.0118848 0.00211017 0.000163915 3.95212e-06 2.75116e-08 4.97787e-11 1.86945e-14 1.181e-18 1.11552e-23
 1.14708e-41 1.59206e-33 2.67102e-26 5.41677e-20 1.32786e-14 3.93469e-10 1.40934e-06 0.000610196 0.0319352 0.20204 0.156674 0.0797563 0.239122 0.134248 0.0946379 0.0462026 0.0130424 0.0016319 9.58496e-05 2.23889e-06 1.27722e-08 1.51879e-11 3.51714e-15 1.43418e-19 9.17975e-25
 1.51425e-41 2.10167e-33 3.52599e-26 7.15064e-20 1.7529e-14 5.19415e-10 1.86046e-06 0.000805515 0.0421574 0.266708 0.205782 0.0695174 0.170986 0.103638 0.0937569 0.0374099 0.00812864 0.00105503 5.3425e-05 8.90576e-07 4.19932e-09 4.0495e-12 6.64981e-16 1.74787e-20 7.07667e-26
 1.55296e-41 2.15541e-33 3.61615e-26 7.33347e-20 1.79772e-14 5.32696e-10 1.90803e-06 0.000826111 0.0432354 0.273531 0.211684 0.0832101 0.197175 0.09841 0.0614789 0.0243017 0.00556622 0.000555575 2.35054e-05 3.29265e-07 1.12439e-09 8.05143e-13 1.02536e-16 2.01998e-21 5.73443e-27
 1.15576e-41 1.60412e-33 2.69124e-26 5.45778e-20 1.33791e-14 3.96447e-10 1.42001e-06 0.000614815 0.032177 0.203581 0.159525 0.103882 0.253715 0.128954 0.0867655 0.0261708 0.0042144 0.000386059 1.35392e-05 1.4496e-07 3.86862e-10 2.03674e-13 1.84367e-17 2.64052e-22 5.56131e-28
 1.72848e-41 2.39902e-33 4.02485e-26 8.16231e-20 2.0009e-14 5.92902e-10 2.12368e-06 0.000919479 0.0481219 0.304447 0.235323 0.0749402 0.140527 0.0899328 0.0794834 0.022783 0.00330438 0.000209881 5.45262e-06 4.62308e-08 9.18411e-11 3.57116e-14 2.3702e-18 2.42469e-23 3.59911e-29
 1.39978e-41 1.9428e-33 3.25945e-26 6.6101e-20 1.62039e-14 4.80151e-10 1.71982e-06 0.000744623 0.0389706 0.246571 0.193662 0.116532 0.234361 0.0985445 0.0509755 0.0166039 0.00286707 0.000162435 3.09391e-06 1.78925e-08 2.5841e-11 7.35115e-15 3.51179e-19 2.58136e-24 2.74872e-30
 1.19044e-41 1.65225e-33 2.772e-26 5.62155e-20 1.37806e-14 4.08344e-10 1.46262e-06 0.000633264 0.0331426 0.209709 0.166244 0.118747 0.228613 0.131467 0.0905423 0.018682 0.00209189 0.000123951 2.25514e-06 9.88454e-09 9.64994e-12 1.86974e-15 6.29632e-20 3.29433e-25 2.49e-31
 9.49739e-42 1.31818e-33 2.21151e-26 4.4849e-20 1.09942e-14 3.25779e-10 1.16689e-06 0.000505221 0.0264413 0.167332 0.135444 0.132208 0.244558 0.154211 0.108836 0.0271888 0.00315562 0.000117454 1.64076e-06 6.4577e-09 5.03082e-12 6.87074e-16 1.55476e-20 5.50131e-26 2.87176e-32
 1.50386e-41 2.08726e-33 3.50181e-26 7.1016e-20 1.74087e-14 5.15853e-10 1.8477e-06 0.000799991 0.0418684 0.264917 0.208064 0.098883 0.153432 0.120299 0.0867326 0.0221786 0.0027176 0.000105642 1.13403e-06 3.03835e-09 1.8386e-12 2.01139e-16 3.42512e-21 8.54972e-27 3.04074e-33
 1.05288e-41 1.46132e-33 2.45167e-26 4.97194e-20 1.21881e-14 3.61156e-10 1.2936e-06 0.000560085 0.0293128 0.18555 0.153774 0.170513 0.261527 0.117494 0.0619094 0.0171745 0.00210313 8.06796e-05 8.36107e-07 1.86187e-09 7.92358e-13 6.03586e-17 7.60607e-22 1.44107e-27 3.82516e-34
 1.53264e-41 2.1272e-33 3.56883e-26 7.23751e-20 1.77419e-14 5.25725e-10 1.88306e-06 0.0008153 0.0426697 0.270018 0.214158 0.111538 0.153531 0.126415 0.0686077 0.011155 0.00105013 3.89468e-05 3.75594e-07 7.52113e-10 2.69371e-13 1.55817e-17 1.37865e-22 1.8053e-28 3.39154e-35
 1.08745e-41 1.50931e-33 2.53219e-26 5.13522e-20 1.25884e-14 3.73017e-10 1.33609e-06 0.000578479 0.0302756 0.191714 0.162876 0.19051 0.247295 0.111515 0.0524387 0.0118487 0.00092408 2.2194e-05 1.73012e-07 3.01001e-10 9.16039e-14 4.36973e-18 3.06001e-23 3.01315e-29 4.0627e-36
 1.38835e-41 1.92694e-33 3.23284e-26 6.55613e-20 1.60716e-14 4.7623e-10 1.70578e-06 0.000738544 0.0386527 0.244677 0.199148 0.136551 0.173159 0.139335 0.059107 0.00804249 0.000574904 1.32397e-05 7.2568e-08 8.89256e-11 2.11348e-14 8.11708e-19 4.54208e-24 3.52076e-30 3.67032e-37
 1.51046e-41 2.09642e-33 3.51718e-26 7.13276e-20 1.74851e-14 5.18116e-10 1.85581e-06 0.000803501 0.0420524 0.266255 0.219563 0.161177 0.17354 0.0909009 0.0384936 0.00682644 0.000379409 6.25121e-06 2.89559e-08 2.72154e-11 4.47437e-15 1.21221e-19 5.03505e-25 2.97782e-31 2.38258e-38
 1.22291e-41 1.69732e-33 2.8476e-26 5.77488e-20 1.41564e-14 4.19481e-10 1.50251e-06 0.000650536 0.0340471 0.215742 0.187935 0.200693 0.211421 0.109544 0.0352188 0.0044953 0.000248248 3.76023e-06 1.266e-08 8.81706e-12 1.10948e-15 2.19258e-20 6.34556e-26 2.60485e-32 1.47806e-39
 1.47878e-41 2.05245e-33 3.44341e-26 6.98317e-20 1.71184e-14 5.0725e-10 1.81689e-06 0.00078665 0.0411708 0.260788 0.218908 0.161819 0.167832 0.111198 0.0338033 0.00355224 0.000139165 1.67332e-06 4.86442e-09 2.63047e-12 2.37312e-16 3.38388e-21 7.18166e-27 2.14111e-33 8.62389e-41
 1.45252e-41 2.016e-33 3.38226e-26 6.85916e-20 1.68144e-14 4.98242e-10 1.78462e-06 0.00077268 0.0404402 0.256335 0.222597 0.193964 0.17341 0.0846085 0.0249804 0.00279711 9.28667e-05 8.05839e-07 1.68367e-09 7.05358e-13 4.98319e-17 5.30456e-22 8.06364e-28 1.70381e-34 4.89798e-42
 1.27998e-41 1.77653e-33 2.9805e-26 6.04439e-20 1.48171e-14 4.39058e-10 1.57264e-06 0.000680898 0.0356372 0.226139 0.205942 0.214652 0.193084 0.0987864 0.0230156 0.00199971 6.12523e-05 4.6714e-07 7.32834e-10 2.14737e-13 1.0797e-17 8.49326e-23 9.68106e-29 1.51677e-35 3.16422e-43
 1.15976e-41 1.60967e-33 2.70056e-26 5.47668e-20 1.34254e-14 3.9782e-10 1.42493e-06 0.000616945 0.0322909 0.20516 0.19485 0.223127 0.205021 0.112421 0.0246383 0.00183079 4.17401e-05 2.50258e-07 3.24339e-10 7.4117e-14 2.6925e-18 1.4761e-23 1.17502e-29 1.30951e-36 1.97735e-44
 1.14358e-41 1.58722e-33 2.66289e-26 5.40029e-20 1.32382e-14 3.92271e-10 1.40505e-06 0.00060834 0.0318404 0.202274 0.191097 0.216103 0.209122 0.119812 0.0270701 0.00202993 4.20833e-05 2.06886e-07 2.14635e-10 4.09668e-14 1.26961e-18 5.82323e-24 3.74781e-30 3.28865e-37 3.86457e-45
#spawning biomass
 10565 12622.8 16215.9 23921.6 28307 33762.5 39410.7 44560.3 53560.4 68401.3 87791.2 107504 130689 161901 167209 144901 136041 134209 134542 131545 129732 136534 142483 160821 158646 171655 161810 142417 134798 211916 243957 237935 215650 189346 164941 144759 129174 117670 109438 103679 99715.3 97019.9 95189.1 93944.5 93132.8 92603.4 92258.2 92033.1 91886.2 91790.5 91728 91687.3 91660.7 91643.4 91632.1 91624.8 91620 91616.8 91614.8 91613.4 91612.6 91612 91611.6 91611.4 91611.2 91611.1 91611.1 91611 91611 91611 91611 91611 91611 91610.9 91610.9 91610.9 91610.9 91610.9 91610.9 91610.9 91610.9 91610.9 91610.9 91610.9 91610.9 91610.9 91610.9 91610.9 91610.9 91610.9 91610.9 91610.9 91610.9 91610.9 91610.9 91610.9 91610.9 91610.9 91610.9 91610.9 91610.9 91610.9 91610.9 91610.9 91610.9 91610.9 91610.9 91610.9 91610.9 91610.9 91610.9 91610.9 91610.9 91610.9 91610.9 91610.9 91610.9 91610.9 91610.9 91610.9 91610.9 91610.9 91610.9 91610.9 91610.9 91610.9 91610.9 91610.9 0 0 0 0 0 0 0 0 0 0 0 0 0 0 0 0 0 0 0 0 0 0 0 0 0
