SBPRF35
0.258039
Curr Bio
395638
B35
434728
F35
0.381442
FOFL
0.381442
OFL
180907
Bzero
73725.5
#pred survey bio
 82454.2 75106.6 58403.8 46474.9 71459.5 111825 157564 211913 277623 303632 294072 306761 360812 392140 411710 460623 417570 376457 390627 383754 415047 389566 397158 395666 400552 435154 539338 603336 1.64201e+07 1.29876e+07 8.99084e+06 5.71654e+06 3.57255e+06 2.31033e+06 1.60641e+06 1.22319e+06 1.01544e+06 901691 838168 801761 780290 767264 759153 753990 750665 748493 747059 746105 745467 745039 744750 744555 744424 744335 744274 744234 744206 744187 744175 744166 744160 744156 744153 744152 744150 744150 744149 744149 744148 744148 744148 744148 744148 744148 744148 744148 744148 744148 744148 744148 744148 744148 744148 744148 744148 744148 744148 744148 744148 744148 744148 744148 744148 744148 744148 744148 744148 744148 744148 744148 744148 744148 744148 744148 744148 744148 744148 744148 744148 744148 744148 744148 744148 744148 744148 744148 744148 744148 744148 744148 744148 744148 744148 744148 744148 744148 744148 744148 0 0 0 0 0 0 0 0 0 0 0 0 0 0 0 0 0 0 0 0 0 0 0 0 0
#obs survey bio
 75622.6 62487.6 48262.7 61313.5 85151.4 142945 186583 162997 306587 338714 324670 312600 222133 434284 363642 443524 419262 339967 456700 393495 370396 472643 292210 389786 531959 453884 439767 470379
#pred catch bio
 12705.9 13107.3 13161.1 8929.22 16586.5 33779.3 45892.4 60419.9 97228.6 126621 125557 121791 164039 185840 178707 234139 215282 171265 182311 160353 201557 170645 179628 180765 170808 153910 211408 184737 180907 159358 107241 65332 38848.9 23941.3 16098 12142.5 10202 9267.34 8822.69 8612.93 8514.55 8468.6 8447.18 8437.23 8432.62 8430.48 8429.5 8429.04 8428.83 8428.73 8428.68 8428.66 8428.65 8428.65 8428.65 8428.65 8428.65 8428.65 8428.65 8428.65 8428.65 8428.65 8428.65 8428.65 8428.65 8428.65 8428.65 8428.65 8428.65 8428.65 8428.65 8428.65 8428.65 8428.65 8428.65 8428.65 8428.65 8428.65 8428.65 8428.65 8428.65 8428.65 8428.65 8428.65 8428.65 8428.65 8428.65 8428.65 8428.65 8428.65 8428.65 8428.65 8428.65 8428.65 8428.65 8428.65 8428.65 8428.65 8428.65 8428.65 8428.65 8428.65 8428.65 8428.65 8428.65 8428.65 8428.65 8428.65 8428.65 8428.65 8428.65 8428.65 8428.65 8428.65 8428.65 8428.65 8428.65 8428.65 8428.65 8428.65 8428.65 8428.65 8428.65 8428.65 8428.65 8428.65 8428.65 8428.65 0 0 0 0 0 0 0 0 0 0 0 0 0 0 0 0 0 0 0 0 0 0 0 0 0
#obs catch bio
 15240.4 13529.9 14240.1 9022.23 16725.2 33253.6 43281.3 57006.8 90322.2 115785 119253 118728 171313 198115 186324 240443 223639 174397 182876 160529 212755 161719 184212 189000 171583 144564 203762 182214
#pred cpue bio
 79660.6 73742.3 57946.1 44979.4 65433.2 103775 146105 197788 259598 285602 275722 285110 334418 362378 380493 426786 387921 349013 362556 357008 386304 362080 370273 368241 371992 404269 501709 562557 1.54633e+07 1.28647e+07 8.95713e+06 5.68679e+06 3.54295e+06 2.28074e+06 1.57682e+06 1.1936e+06 985844 872096 808573 772166 750694 737668 729558 724395 721070 718898 717464 716510 715872 715443 715155 714960 714828 714739 714679 714638 714610 714592 714579 714570 714565 714561 714558 714556 714555 714554 714554 714553 714553 714553 714553 714553 714553 714553 714552 714552 714552 714552 714552 714552 714552 714552 714552 714552 714552 714552 714552 714552 714552 714552 714552 714552 714552 714552 714552 714552 714552 714552 714552 714552 714552 714552 714552 714552 714552 714552 714552 714552 714552 714552 714552 714552 714552 714552 714552 714552 714552 714552 714552 714552 714552 714552 714552 714552 714552 714552 714552 714552 0 0 0 0 0 0 0 0 0 0 0 0 0 0 0 0 0 0 0 0 0 0 0 0 0
#obs cpue bio
 55852.6 52422.4 34353.3 53425.4 66993 123403 196869 298510 343339 353922 254330 255987 377808 244141 353030 488769 320384 347661 349605 309718 339188 501498 339234 299442 322027 638261 708881 590464
#pred surv len freq
 2.59681e-11 1.22142e-09 3.97808e-08 8.97156e-07 1.40104e-05 0.000151503 0.00113446 0.0058829 0.0211328 0.0526536 0.091435 0.11276 0.10552 0.0891289 0.0829305 0.0815555 0.0745453 0.0637002 0.0534896 0.044342 0.0363061 0.0298181 0.0241684 0.0180259 0.0113035
 1.41498e-11 6.65538e-10 2.16762e-08 4.88852e-07 7.63416e-06 8.2554e-05 0.000618201 0.00320641 0.0115275 0.0288133 0.0506628 0.0654338 0.0706795 0.0790632 0.0955257 0.106313 0.102262 0.0903677 0.0777324 0.064768 0.0516716 0.0397823 0.0294655 0.0201579 0.011858
 6.84895e-12 3.22142e-10 1.0492e-08 2.3662e-07 3.69519e-06 3.99592e-05 0.000299241 0.00155225 0.0055832 0.0139815 0.024763 0.0328307 0.0381781 0.0482858 0.0662299 0.0858218 0.102297 0.113969 0.115896 0.105392 0.0868223 0.0660569 0.0464456 0.0294649 0.0160872
 3.05042e-11 1.43477e-09 4.67296e-08 1.05387e-06 1.64576e-05 0.000177966 0.00133258 0.00690948 0.0248095 0.0617054 0.106411 0.12774 0.108455 0.0693191 0.0410504 0.0326097 0.037559 0.0491125 0.0615896 0.0690079 0.0671794 0.0563115 0.0406269 0.0250927 0.0129826
 4.61697e-11 2.1716e-09 7.07277e-08 1.59508e-06 2.49095e-05 0.000269361 0.00201693 0.0104579 0.0375516 0.093406 0.161137 0.193695 0.165186 0.106518 0.061429 0.0386025 0.0257141 0.0170386 0.0135859 0.0145039 0.0163783 0.0161952 0.0131668 0.00862682 0.00449547
 3.79767e-11 1.78624e-09 5.81768e-08 1.31203e-06 2.04893e-05 0.000221563 0.00165906 0.00860292 0.030899 0.0769401 0.13329 0.162866 0.147511 0.114154 0.0927178 0.0789576 0.0589871 0.0360035 0.0193295 0.0108625 0.00771779 0.00679681 0.00588691 0.00422533 0.00234852
 3.88802e-11 1.82874e-09 5.95609e-08 1.34325e-06 2.09767e-05 0.000226834 0.00169852 0.00880733 0.0316305 0.078735 0.136218 0.165595 0.1473 0.108648 0.0829212 0.0704229 0.057846 0.0429129 0.0289981 0.0175368 0.009439 0.00500537 0.00301369 0.00193392 0.00108852
 3.66016e-11 1.72156e-09 5.60702e-08 1.26452e-06 1.97473e-05 0.00021354 0.00159898 0.00829135 0.0297794 0.0741469 0.128415 0.156741 0.141457 0.1086 0.0879583 0.0770331 0.0627577 0.0457682 0.0316246 0.0209363 0.012631 0.0067098 0.00320264 0.00146273 0.000651529
 3.64e-11 1.71208e-09 5.57614e-08 1.25756e-06 1.96386e-05 0.000212364 0.00159017 0.00824565 0.0296148 0.0737326 0.127667 0.155687 0.140059 0.106656 0.085597 0.0752406 0.0627031 0.0474889 0.0340237 0.0230827 0.0143348 0.0079519 0.0038675 0.00162835 0.000596006
 3.42437e-11 1.61066e-09 5.24581e-08 1.18306e-06 1.84752e-05 0.000199784 0.00149598 0.00775734 0.0278628 0.069388 0.120264 0.147221 0.134252 0.106029 0.0896386 0.0812076 0.0679668 0.0512352 0.0368227 0.0254832 0.0163415 0.00939003 0.0047088 0.00200612 0.000710167
 3.58595e-11 1.68666e-09 5.49334e-08 1.23888e-06 1.9347e-05 0.00020921 0.00156656 0.0081232 0.0291751 0.0726376 0.125771 0.153373 0.137979 0.105099 0.0844852 0.0746516 0.0629569 0.0487243 0.0359856 0.0253176 0.0164262 0.00960818 0.00494531 0.00216503 0.000779407
 3.86783e-11 1.81924e-09 5.92516e-08 1.33627e-06 2.08678e-05 0.000225656 0.0016897 0.00876159 0.0314661 0.0783239 0.135495 0.16466 0.14628 0.10745 0.081285 0.068215 0.0553881 0.0413003 0.0296888 0.0208339 0.0137404 0.00821457 0.0043181 0.0019306 0.00070982
 3.90375e-11 1.83614e-09 5.98019e-08 1.34868e-06 2.10616e-05 0.000227751 0.00170539 0.00884299 0.0317587 0.0790558 0.136784 0.166334 0.148106 0.10947 0.0834793 0.0699109 0.055601 0.0397254 0.0269748 0.0179717 0.0114551 0.00676228 0.00357596 0.00162546 0.00060958
 3.97405e-11 1.8692e-09 6.08787e-08 1.37297e-06 2.14408e-05 0.000231852 0.0017361 0.00900218 0.0323301 0.080474 0.139212 0.169159 0.150212 0.110158 0.0829182 0.0687755 0.0544434 0.0386437 0.025781 0.0165812 0.0100526 0.00563507 0.00286932 0.00128198 0.000480742
 3.95172e-11 1.8587e-09 6.05367e-08 1.36525e-06 2.13204e-05 0.00023055 0.00172634 0.00895164 0.0321489 0.0800267 0.138462 0.168363 0.149874 0.110683 0.0842335 0.0702789 0.0554591 0.0389525 0.0256047 0.0161943 0.00959578 0.00519327 0.0025275 0.00108017 0.000391865
 3.87405e-11 1.82217e-09 5.93469e-08 1.33842e-06 2.09013e-05 0.000226019 0.00169242 0.00877575 0.0315178 0.0784607 0.135788 0.165276 0.147663 0.110207 0.0853811 0.0723271 0.0577164 0.0410193 0.0272356 0.0172476 0.0101199 0.00537088 0.00254085 0.00104754 0.000365372
 3.79128e-11 1.78324e-09 5.80789e-08 1.30982e-06 2.04548e-05 0.00022119 0.00165626 0.00858832 0.0308452 0.0767925 0.132942 0.162009 0.145377 0.109846 0.0867836 0.0745665 0.0599081 0.0428078 0.0286317 0.0182914 0.0108108 0.00574531 0.0026952 0.00109037 0.000370105
 3.87469e-11 1.82247e-09 5.93567e-08 1.33864e-06 2.09048e-05 0.000226056 0.0016927 0.00877718 0.0315226 0.0784704 0.135788 0.1652 0.147351 0.109474 0.0842727 0.0712886 0.0573038 0.0413986 0.0281093 0.0181938 0.0108613 0.0058195 0.00274427 0.00110961 0.000373507
 3.83359e-11 1.80314e-09 5.8727e-08 1.32444e-06 2.0683e-05 0.000223658 0.00167474 0.0086841 0.0311888 0.0776435 0.134386 0.163628 0.146379 0.109652 0.0854757 0.072795 0.058378 0.0418506 0.0282374 0.0183121 0.0110442 0.0059986 0.00286392 0.00116816 0.000394853
 3.76011e-11 1.76858e-09 5.76014e-08 1.29906e-06 2.02866e-05 0.000219371 0.00164264 0.00851771 0.0305917 0.0761623 0.131857 0.160714 0.144307 0.109245 0.0866129 0.0747446 0.0604314 0.0436317 0.0295892 0.0191956 0.0115528 0.00627936 0.00301656 0.0012427 0.000424343
 3.76517e-11 1.77096e-09 5.76789e-08 1.3008e-06 2.03139e-05 0.000219666 0.00164485 0.00852914 0.0306325 0.0762607 0.132007 0.160801 0.144079 0.108449 0.0853152 0.0735044 0.0599211 0.0440284 0.0305069 0.0201353 0.0122444 0.00668936 0.00322177 0.00133121 0.000456919
 3.80735e-11 1.7908e-09 5.8325e-08 1.31537e-06 2.05415e-05 0.000222127 0.00166328 0.00862467 0.0309753 0.0771122 0.133466 0.16251 0.145386 0.108937 0.0850096 0.0726172 0.0586336 0.0425762 0.0292591 0.0193702 0.0119368 0.00662925 0.00323582 0.00134859 0.000465386
 3.69869e-11 1.73969e-09 5.66605e-08 1.27783e-06 1.99552e-05 0.000215788 0.00161581 0.00837861 0.0300925 0.0749233 0.129738 0.158257 0.142504 0.108735 0.0872763 0.076008 0.0617902 0.0448915 0.0307379 0.0202176 0.012393 0.00688729 0.0033887 0.00142936 0.000499091
 3.77754e-11 1.77678e-09 5.78685e-08 1.30508e-06 2.03807e-05 0.000220388 0.00165026 0.00855716 0.0307329 0.0765088 0.132423 0.161246 0.14428 0.108187 0.0846246 0.0726947 0.0593438 0.0438149 0.0305712 0.0203439 0.0125028 0.00693177 0.00340269 0.00143709 0.000504601
 3.83804e-11 1.80523e-09 5.87953e-08 1.32598e-06 2.07071e-05 0.000223918 0.00167669 0.00869418 0.0312247 0.0777303 0.134518 0.163706 0.146181 0.108951 0.0842972 0.07157 0.0576537 0.041852 0.0288078 0.0191527 0.0118875 0.00666818 0.00329691 0.00139588 0.000490566
 3.81637e-11 1.79504e-09 5.84632e-08 1.31849e-06 2.05901e-05 0.000222653 0.00166722 0.0086451 0.0310487 0.0772949 0.133783 0.162896 0.145734 0.1092 0.0851964 0.0727029 0.0585437 0.0422686 0.0287896 0.018883 0.0115828 0.0064645 0.00320497 0.00136616 0.000483197
 3.78297e-11 1.77933e-09 5.79516e-08 1.30695e-06 2.04099e-05 0.000220705 0.00165263 0.00856945 0.0307771 0.0766199 0.132622 0.161518 0.144618 0.108629 0.0851527 0.0731127 0.0593944 0.0434435 0.0299726 0.0197629 0.0120743 0.00667588 0.00327941 0.00139093 0.000491961
 3.70625e-11 1.74324e-09 5.67764e-08 1.28045e-06 1.9996e-05 0.000216229 0.00161912 0.00839573 0.0301538 0.0750739 0.129986 0.158495 0.142516 0.10833 0.0864924 0.0751876 0.061343 0.0449589 0.0311504 0.0207059 0.0127701 0.0071039 0.00348942 0.00147283 0.000517853
#obs surv len freq
 2.35082e-11 1.10571e-09 3.60123e-08 8.12169e-07 1.26832e-05 0.000137152 0.001027 0.00532576 0.0191331 0.0476869 0.0829184 0.102769 0.0978114 0.0860239 0.0840856 0.0854965 0.0803217 0.0709937 0.0618215 0.0526352 0.0429598 0.0331673 0.0235339 0.0146189 0.00752017
 5.13958e-12 2.41741e-10 7.87336e-09 1.77565e-07 2.77297e-06 2.99876e-05 0.0002246 0.00116575 0.00420279 0.0106207 0.0194626 0.0288044 0.0423213 0.0673215 0.0987758 0.118437 0.118815 0.109619 0.0985564 0.0854757 0.0701662 0.0538372 0.037612 0.0229328 0.0116153
 1.94989e-14 9.17149e-13 2.98731e-11 6.73903e-10 1.05357e-08 1.14434e-07 8.71889e-07 4.83041e-06 2.17654e-05 9.79309e-05 0.000470822 0.00202468 0.00674927 0.0170707 0.0346257 0.0610075 0.0961059 0.130629 0.148994 0.145262 0.125894 0.0988405 0.0693115 0.0419252 0.0209634
 5.28266e-11 2.48471e-09 8.09254e-08 1.82507e-06 2.85011e-05 0.000308197 0.00230771 0.0119653 0.0429584 0.106797 0.183848 0.219153 0.180905 0.103473 0.0412862 0.0124431 0.00533838 0.0069922 0.0113776 0.0155131 0.0171646 0.0155618 0.0116887 0.00725031 0.00363861
 3.29919e-11 1.55178e-09 5.05404e-08 1.13981e-06 1.77999e-05 0.000192481 0.00144132 0.00747431 0.0268522 0.066929 0.116397 0.144338 0.137468 0.120182 0.112983 0.102214 0.0732935 0.0384371 0.0157019 0.00766103 0.0070557 0.00757755 0.00671316 0.00462239 0.00244816
 4.2001e-11 1.97552e-09 6.43415e-08 1.45106e-06 2.26604e-05 0.00024504 0.00183483 0.00951394 0.034165 0.0850097 0.146844 0.177432 0.154363 0.106602 0.072814 0.0582452 0.0496982 0.0401062 0.0286177 0.0168907 0.00825727 0.00405449 0.00254911 0.00174204 0.000991492
 3.81626e-11 1.79498e-09 5.84614e-08 1.31845e-06 2.05895e-05 0.000222647 0.00166717 0.00864491 0.0310489 0.0773025 0.133846 0.163208 0.146753 0.111428 0.0883375 0.0751175 0.0584967 0.0399596 0.0261526 0.0172237 0.010615 0.00565026 0.00261973 0.00116435 0.000520014
 3.79001e-11 1.78264e-09 5.80594e-08 1.30939e-06 2.0448e-05 0.000221116 0.0016557 0.0085854 0.0308345 0.0767614 0.132861 0.161783 0.144774 0.108598 0.085037 0.0731925 0.0598584 0.0440426 0.0301741 0.0193822 0.011442 0.00614683 0.00295063 0.00123207 0.000445548
 3.7552e-11 1.76627e-09 5.75262e-08 1.29736e-06 2.02602e-05 0.000219085 0.0016405 0.00850657 0.0305516 0.0760597 0.131663 0.160403 0.143789 0.108366 0.0853939 0.0736079 0.0599598 0.0440746 0.0307066 0.0204845 0.0125716 0.00687366 0.00328834 0.00135122 0.000467171
 3.32345e-11 1.56319e-09 5.09121e-08 1.1482e-06 1.79308e-05 0.000193896 0.0014519 0.00752885 0.0270435 0.0673599 0.116834 0.143423 0.132071 0.106954 0.0934377 0.0860273 0.0717579 0.0531264 0.0371091 0.0248689 0.0154712 0.00866807 0.00425981 0.00178037 0.000614615
 4.01316e-11 1.8876e-09 6.14778e-08 1.38648e-06 2.16519e-05 0.000234134 0.00175317 0.00909062 0.0326462 0.0812441 0.140432 0.170117 0.149388 0.106095 0.075987 0.0620295 0.0515058 0.0404683 0.030348 0.0213149 0.0135636 0.00770365 0.0038443 0.00163727 0.000575376
 3.75528e-11 1.7663e-09 5.75273e-08 1.29739e-06 2.02605e-05 0.000219089 0.00164053 0.00850679 0.030553 0.0760696 0.131723 0.160678 0.144669 0.110278 0.0880731 0.075595 0.0596268 0.0414219 0.0274929 0.0184224 0.0119966 0.00712926 0.00369284 0.00161278 0.000577402
 3.96658e-11 1.86569e-09 6.07641e-08 1.37039e-06 2.14005e-05 0.000231416 0.00173283 0.00898522 0.032269 0.0803189 0.138923 0.168717 0.149532 0.109086 0.0815616 0.067788 0.0545679 0.0398597 0.027285 0.0176711 0.0106433 0.0059393 0.00302566 0.00134505 0.000495313
 3.71913e-11 1.7493e-09 5.69735e-08 1.2849e-06 2.00655e-05 0.00021698 0.00162474 0.00842492 0.0302592 0.0753404 0.130476 0.159231 0.143611 0.110024 0.0886805 0.0769702 0.0616135 0.043546 0.0289376 0.0186666 0.0113142 0.00622363 0.00304727 0.0013008 0.000469399
 3.90932e-11 1.83876e-09 5.98871e-08 1.3506e-06 2.10916e-05 0.000228076 0.00170782 0.00885556 0.0318038 0.0791645 0.136952 0.166443 0.147905 0.108736 0.0823863 0.0692205 0.0561018 0.0413058 0.0285933 0.0186978 0.0112166 0.00607277 0.0029294 0.00122637 0.000431267
 3.66546e-11 1.72405e-09 5.61513e-08 1.26635e-06 1.9776e-05 0.000213849 0.0016013 0.00830337 0.029823 0.074257 0.12862 0.157057 0.14195 0.109392 0.0890009 0.0778885 0.0628541 0.0449454 0.0303171 0.0198341 0.0121498 0.00670695 0.00325014 0.00134855 0.000466668
 3.81334e-11 1.79361e-09 5.84167e-08 1.31745e-06 2.05738e-05 0.000222477 0.00166589 0.0086382 0.0310237 0.0772292 0.133647 0.162626 0.145163 0.108115 0.0837085 0.0715239 0.0584983 0.043416 0.0303584 0.0200965 0.0122257 0.00671071 0.00326664 0.0013672 0.000474958
 3.78411e-11 1.77986e-09 5.79689e-08 1.30735e-06 2.04161e-05 0.000220771 0.00165313 0.00857204 0.0307867 0.0766446 0.132673 0.161619 0.14483 0.109022 0.0856593 0.0734184 0.059177 0.0427848 0.0293376 0.0194935 0.0121045 0.00677281 0.00332664 0.00139595 0.000485994
 3.76573e-11 1.77122e-09 5.76874e-08 1.301e-06 2.03169e-05 0.000219699 0.0016451 0.0085304 0.0306372 0.0762731 0.132034 0.160859 0.144213 0.108711 0.085674 0.0737727 0.0598765 0.0436429 0.0299937 0.0197587 0.0121209 0.00675497 0.00334211 0.00141957 0.000499271
 3.64636e-11 1.71507e-09 5.58587e-08 1.25976e-06 1.96729e-05 0.000212735 0.00159295 0.00826009 0.0296673 0.0738673 0.127931 0.156152 0.140931 0.108225 0.0877478 0.077053 0.0630646 0.0462144 0.0319631 0.0211898 0.0130378 0.00725048 0.00357102 0.0015141 0.000534302
 3.76034e-11 1.76868e-09 5.76049e-08 1.29914e-06 2.02879e-05 0.000219385 0.00164274 0.00851819 0.0305931 0.0761604 0.13182 0.160512 0.143625 0.107708 0.084307 0.0725736 0.0595253 0.0443231 0.0312782 0.0210622 0.0130893 0.00732543 0.00361944 0.00153508 0.000541206
 3.76421e-11 1.7705e-09 5.76641e-08 1.30047e-06 2.03087e-05 0.00021961 0.00164443 0.00852697 0.0306248 0.0762415 0.131975 0.160767 0.144063 0.108451 0.0852736 0.0732822 0.0594247 0.0434094 0.0301363 0.0202537 0.0127298 0.0072363 0.00362206 0.0015489 0.000548414
 3.6403e-11 1.71222e-09 5.5766e-08 1.25766e-06 1.96402e-05 0.000212382 0.00159031 0.00824638 0.0296181 0.0737458 0.127726 0.155929 0.140816 0.108312 0.0880064 0.0773199 0.0631628 0.0461053 0.0317682 0.021072 0.0130719 0.00738733 0.00371212 0.00160322 0.000573657
 3.7126e-11 1.74623e-09 5.68735e-08 1.28264e-06 2.00303e-05 0.000216599 0.00162189 0.00841007 0.0302051 0.0751983 0.13018 0.158632 0.142322 0.107539 0.0851818 0.0739494 0.0608648 0.0453762 0.0320117 0.0215191 0.0133542 0.00748902 0.00373006 0.00160362 0.000574578
 3.8096e-11 1.79185e-09 5.83595e-08 1.31615e-06 2.05536e-05 0.000222259 0.00166426 0.00862975 0.0309935 0.0771547 0.133524 0.162507 0.145149 0.108276 0.0839499 0.0715465 0.058046 0.0426617 0.0298455 0.0201636 0.0126982 0.00722076 0.00361807 0.00155327 0.000554241
 3.83635e-11 1.80443e-09 5.87693e-08 1.3254e-06 2.0698e-05 0.000223819 0.00167595 0.00869034 0.0312111 0.0776967 0.134463 0.163655 0.146186 0.109058 0.0844934 0.0717564 0.0577095 0.0417342 0.0285841 0.0189512 0.011806 0.00670757 0.00338388 0.00146538 0.000525876
 3.92697e-11 1.84706e-09 6.01575e-08 1.3567e-06 2.11869e-05 0.000229106 0.00171553 0.00889556 0.0319475 0.0795237 0.137582 0.167249 0.148746 0.109583 0.0831674 0.0695497 0.0555229 0.0399064 0.0270674 0.0176805 0.0108103 0.00603183 0.00300655 0.00129692 0.000466442
 3.57074e-11 1.6795e-09 5.47004e-08 1.23363e-06 1.92649e-05 0.000208323 0.00155992 0.0080889 0.0290535 0.0723496 0.125374 0.153371 0.139506 0.109372 0.0912308 0.0811357 0.0658318 0.0470282 0.0314614 0.0202704 0.0122301 0.00671947 0.00329231 0.00139826 0.000497481
#pred catch len freq
 2.3879e-11 1.12315e-09 3.65804e-08 8.24979e-07 1.28832e-05 0.000139315 0.0010432 0.00540977 0.0194348 0.0484389 0.0842248 0.104381 0.0993163 0.0872401 0.0849558 0.0856245 0.0790165 0.0678663 0.0571809 0.0474868 0.0389093 0.0319643 0.0259101 0.0193253 0.0121184
 1.26627e-11 5.95594e-10 1.93981e-08 4.37476e-07 6.83186e-06 7.38784e-05 0.000553241 0.00286962 0.0103188 0.0258124 0.0455248 0.0594423 0.0661756 0.0775243 0.0966818 0.10896 0.105387 0.093513 0.080684 0.0673361 0.053756 0.0413971 0.0306641 0.0209785 0.0123408
 6.04647e-12 2.84397e-10 9.26264e-09 2.08896e-07 3.26223e-06 3.52775e-05 0.000264185 0.0013705 0.00493072 0.01236 0.0219757 0.0295282 0.0355218 0.0469502 0.0660918 0.086516 0.103639 0.115827 0.117989 0.10738 0.0884912 0.0673372 0.0473489 0.0300387 0.0164005
 2.8376e-11 1.33467e-09 4.34694e-08 9.80344e-07 1.53095e-05 0.00016555 0.00123961 0.00642747 0.0230791 0.0574054 0.0990209 0.118988 0.101426 0.0657817 0.0405681 0.0339866 0.0401506 0.0528453 0.0663827 0.0744175 0.0724595 0.0607421 0.0438248 0.0270682 0.0140047
 4.48402e-11 2.10907e-09 6.86911e-08 1.54915e-06 2.41923e-05 0.000261604 0.00195886 0.0101569 0.0364712 0.0907251 0.156557 0.188402 0.161365 0.105584 0.0630531 0.0413102 0.0281657 0.0188493 0.0151236 0.0161964 0.0183046 0.0181027 0.0147181 0.00964324 0.00502514
 3.63662e-11 1.71049e-09 5.57097e-08 1.25639e-06 1.96204e-05 0.000212167 0.00158871 0.00823823 0.0295907 0.0736968 0.127772 0.156594 0.143339 0.114066 0.0963489 0.0841043 0.0634192 0.0388629 0.0209367 0.0118067 0.00840718 0.0074093 0.00641833 0.00460687 0.0025606
 3.72597e-11 1.75252e-09 5.70783e-08 1.28726e-06 2.01024e-05 0.000217379 0.00162773 0.00844036 0.0303138 0.0754693 0.130651 0.159214 0.142878 0.108069 0.0858933 0.0751131 0.0624444 0.0465691 0.0315725 0.0191318 0.010308 0.00546906 0.00329372 0.0021138 0.0011898
 3.48908e-11 1.6411e-09 5.34495e-08 1.20542e-06 1.88244e-05 0.000203559 0.00152425 0.00790395 0.0283894 0.0706997 0.122539 0.150012 0.136808 0.108029 0.0911317 0.0819514 0.0674673 0.0494483 0.0342896 0.0227519 0.0137407 0.0073023 0.00348604 0.00159228 0.000709256
 3.48215e-11 1.63784e-09 5.33433e-08 1.20302e-06 1.8787e-05 0.000203155 0.00152122 0.00788819 0.0283322 0.0705513 0.122241 0.149457 0.135704 0.105983 0.0883103 0.0795923 0.0670005 0.0509848 0.0366454 0.0249091 0.0154827 0.00859177 0.00417931 0.00175974 0.000644113
 3.27787e-11 1.54175e-09 5.02139e-08 1.13245e-06 1.76848e-05 0.000191237 0.00143199 0.00742559 0.0266724 0.0664355 0.115228 0.141439 0.130208 0.105399 0.0921426 0.0852147 0.0719036 0.0544265 0.0392337 0.0272016 0.0174579 0.0100348 0.00503276 0.00214424 0.000759078
 3.4447e-11 1.62022e-09 5.27696e-08 1.19008e-06 1.85849e-05 0.00020097 0.00150486 0.00780333 0.0280273 0.0697904 0.120912 0.147785 0.134039 0.1044 0.0867645 0.0783948 0.0667151 0.0518574 0.0384107 0.0270693 0.017576 0.0102838 0.00529369 0.00231766 0.000834368
 3.72784e-11 1.7534e-09 5.7107e-08 1.2879e-06 2.01125e-05 0.000217488 0.00162854 0.00844456 0.0303285 0.0755024 0.130683 0.159136 0.142421 0.106859 0.0836897 0.072042 0.0591191 0.0442964 0.0319454 0.0224607 0.014826 0.00886645 0.00466132 0.00208414 0.000766287
 3.7794e-11 1.77765e-09 5.78968e-08 1.30572e-06 2.03907e-05 0.000220496 0.00165107 0.00856138 0.0307483 0.07655 0.132513 0.161445 0.144736 0.109073 0.0858083 0.0734947 0.0589971 0.0423334 0.0288336 0.0192482 0.0122802 0.00725195 0.00383539 0.00174346 0.000653846
 3.85696e-11 1.81413e-09 5.90851e-08 1.33251e-06 2.08091e-05 0.000225022 0.00168495 0.00873704 0.0313788 0.0781149 0.135191 0.16456 0.147054 0.10982 0.0851689 0.0722168 0.0576963 0.0411252 0.0275173 0.017732 0.0107604 0.00603411 0.00307295 0.00137303 0.000514897
 3.82448e-11 1.79885e-09 5.85875e-08 1.32129e-06 2.06339e-05 0.000223127 0.00167077 0.00866351 0.0311152 0.0774633 0.134094 0.163371 0.146462 0.110358 0.0867443 0.0740809 0.0590235 0.0416379 0.0274552 0.0174007 0.0103212 0.00558818 0.00272013 0.00116257 0.000421767
 3.76266e-11 1.76977e-09 5.76404e-08 1.29993e-06 2.03004e-05 0.00021952 0.00164376 0.0085235 0.0306127 0.0762163 0.131963 0.160902 0.144664 0.109897 0.0875427 0.0756278 0.0608393 0.0434035 0.0288979 0.0183336 0.0107667 0.00571625 0.00270463 0.00111513 0.000388956
 3.67949e-11 1.73065e-09 5.63663e-08 1.2712e-06 1.98516e-05 0.000214668 0.00160743 0.00833515 0.0299369 0.07454 0.129103 0.157617 0.14236 0.109521 0.0889318 0.0778582 0.0630321 0.045206 0.0303176 0.019403 0.0114777 0.00610191 0.00286289 0.00115828 0.000393164
 3.74954e-11 1.7636e-09 5.74394e-08 1.2954e-06 2.02296e-05 0.000218754 0.00163803 0.00849376 0.0305057 0.0759486 0.13149 0.16028 0.14396 0.109079 0.0866312 0.0749313 0.060786 0.0441011 0.030033 0.0194757 0.0116371 0.00623746 0.0029418 0.00118955 0.000400426
 3.71019e-11 1.74509e-09 5.68366e-08 1.28181e-06 2.00173e-05 0.000216459 0.00162084 0.00840466 0.0301862 0.0751572 0.130148 0.158779 0.143043 0.109279 0.0878235 0.0764016 0.0618047 0.0444886 0.0301055 0.0195608 0.0118081 0.00641587 0.00306357 0.00124967 0.000422413
 3.62242e-11 1.70381e-09 5.54922e-08 1.25149e-06 1.95438e-05 0.000211339 0.0015825 0.00820591 0.029473 0.0733879 0.127128 0.155301 0.140578 0.108812 0.089209 0.0787503 0.0642549 0.0465928 0.031695 0.0206027 0.0124115 0.00674872 0.00324253 0.00133587 0.00045617
 3.64433e-11 1.71412e-09 5.58278e-08 1.25905e-06 1.9662e-05 0.000212617 0.00159207 0.0082555 0.0296506 0.0738256 0.127855 0.156043 0.140782 0.108015 0.0875137 0.0769473 0.063252 0.0466606 0.032421 0.0214361 0.0130462 0.00712977 0.00343434 0.00141912 0.000487103
 3.67582e-11 1.72893e-09 5.63101e-08 1.26993e-06 1.98318e-05 0.000214453 0.00160582 0.00832681 0.0299066 0.0744617 0.128948 0.157335 0.14181 0.108495 0.0874441 0.0763946 0.0622521 0.0453988 0.0312937 0.0207572 0.0128031 0.00711294 0.0034724 0.00144726 0.000499448
 3.56769e-11 1.67807e-09 5.46537e-08 1.23258e-06 1.92485e-05 0.000208145 0.00155859 0.00808196 0.0290281 0.0722836 0.125239 0.153103 0.138943 0.108295 0.0897035 0.0797753 0.0654016 0.0477085 0.032763 0.0215905 0.0132464 0.00736422 0.00362386 0.00152864 0.000533767
 3.64958e-11 1.71659e-09 5.59082e-08 1.26087e-06 1.96903e-05 0.000212923 0.00159436 0.00826738 0.0296931 0.0739301 0.128026 0.156205 0.14078 0.10771 0.086926 0.0763138 0.062856 0.0466033 0.0326113 0.0217406 0.0133724 0.00741645 0.0036411 0.00153787 0.000539997
 3.70462e-11 1.74248e-09 5.67513e-08 1.27988e-06 1.99872e-05 0.000216134 0.0016184 0.00839203 0.0301406 0.0750418 0.129935 0.158456 0.142553 0.108499 0.0867611 0.0753939 0.0613155 0.0447078 0.030869 0.0205635 0.0127749 0.00716851 0.00354478 0.00150091 0.000527486
 3.66546e-11 1.72406e-09 5.61514e-08 1.26635e-06 1.97759e-05 0.000213849 0.0016013 0.00830336 0.0298225 0.0742541 0.1286 0.156963 0.141643 0.108716 0.0880253 0.0770712 0.0627103 0.0454946 0.0310912 0.0204365 0.0125486 0.00700635 0.00347415 0.00148099 0.000523824
 3.63957e-11 1.71188e-09 5.57548e-08 1.25741e-06 1.96363e-05 0.000212339 0.00158999 0.00824472 0.029612 0.0737302 0.127696 0.155874 0.140712 0.10813 0.0877844 0.0772164 0.0633469 0.0465468 0.0322156 0.0212843 0.013016 0.00719931 0.00353707 0.0015003 0.000530657
 3.54101e-11 1.66552e-09 5.4245e-08 1.22336e-06 1.91045e-05 0.000206589 0.00154693 0.00802152 0.0288111 0.071744 0.124309 0.151991 0.138013 0.107748 0.0895132 0.0799008 0.0658817 0.0485252 0.0337383 0.022475 0.0138754 0.0077219 0.00379358 0.00160131 0.000563042
#obs catch len freq
 2.416e-11 1.13637e-09 3.70109e-08 8.3469e-07 1.30349e-05 0.000140954 0.00105548 0.0054734 0.019663 0.0490032 0.0851764 0.105422 0.0998708 0.0868731 0.0837763 0.0843287 0.0784892 0.0686932 0.0594445 0.0506829 0.0418529 0.033023 0.0240038 0.0151625 0.00785058
 2.23825e-11 1.05277e-09 3.42879e-08 7.73279e-07 1.20759e-05 0.000130584 0.000977831 0.00507084 0.0182183 0.0454167 0.0790383 0.0982764 0.0945428 0.0851732 0.085433 0.0879492 0.0828906 0.0732721 0.0637736 0.0542756 0.0442878 0.0341876 0.0242558 0.0150666 0.00775033
 4.79603e-12 2.25582e-10 7.34708e-09 1.65696e-07 2.58762e-06 2.79833e-05 0.000209593 0.00108795 0.00392361 0.009928 0.0182797 0.0274396 0.0413441 0.0671075 0.0992568 0.119256 0.119639 0.110313 0.0991199 0.0859305 0.0705228 0.0541031 0.0377947 0.0230431 0.0116709
 1.81342e-14 8.52962e-13 2.77826e-11 6.26757e-10 9.79949e-09 1.06474e-07 8.12328e-07 4.52242e-06 2.06714e-05 9.53267e-05 0.000467132 0.00202403 0.00676107 0.0171057 0.0346844 0.0610736 0.0961567 0.13065 0.148983 0.145225 0.125842 0.0987881 0.0692696 0.0418981 0.0209493
 5.24615e-11 2.46754e-09 8.0366e-08 1.81246e-06 2.83041e-05 0.000306067 0.00229176 0.0118826 0.0426615 0.106059 0.182577 0.217638 0.179655 0.102764 0.0410282 0.0124483 0.0055392 0.00744006 0.0121368 0.0165494 0.0183102 0.0165996 0.0124677 0.00773334 0.00388094
 3.20264e-11 1.50637e-09 4.90615e-08 1.10646e-06 1.7279e-05 0.000186849 0.00139915 0.00725571 0.026068 0.0649861 0.113098 0.140621 0.135104 0.12043 0.115597 0.105669 0.0760207 0.0399002 0.0162969 0.00794029 0.00730379 0.00784186 0.006947 0.00478333 0.00253337
 4.12441e-11 1.93992e-09 6.3182e-08 1.42491e-06 2.22521e-05 0.000240624 0.00180177 0.00934254 0.03355 0.0834843 0.144242 0.174444 0.152273 0.10628 0.0741369 0.0604079 0.051903 0.041932 0.0299128 0.0176496 0.00862621 0.0042343 0.00266136 0.00181853 0.001035
 3.73054e-11 1.75467e-09 5.71484e-08 1.28884e-06 2.01271e-05 0.000217646 0.00162973 0.00845082 0.0303526 0.0755762 0.130908 0.159864 0.144514 0.111342 0.0902165 0.0778263 0.0609012 0.0416325 0.0272316 0.0179224 0.0110413 0.00587613 0.00272412 0.00121062 0.00054064
 3.70955e-11 1.74479e-09 5.68268e-08 1.28159e-06 2.00138e-05 0.000216421 0.00162056 0.00840318 0.0301807 0.0751404 0.130099 0.158629 0.142625 0.108412 0.0866566 0.075633 0.0621395 0.0457467 0.0313251 0.0201106 0.0118678 0.00637409 0.00305927 0.00127733 0.000461889
 3.67852e-11 1.7302e-09 5.63515e-08 1.27087e-06 1.98464e-05 0.000214611 0.001607 0.00833292 0.0299286 0.0745149 0.129031 0.157398 0.141741 0.108187 0.0869304 0.0759159 0.0621043 0.0456717 0.0318004 0.0212019 0.0130073 0.00711037 0.00340114 0.00139746 0.000483133
 3.24865e-11 1.52801e-09 4.97662e-08 1.12236e-06 1.75272e-05 0.000189532 0.00141922 0.00735946 0.0264357 0.0658529 0.114267 0.140491 0.130074 0.106782 0.09494 0.0882812 0.0738484 0.0546775 0.0381663 0.0255618 0.0158964 0.00890436 0.00437537 0.00182853 0.000631211
 3.9502e-11 1.85798e-09 6.05133e-08 1.36473e-06 2.13122e-05 0.000230461 0.00172567 0.00894804 0.0321346 0.0799753 0.138268 0.167635 0.147662 0.105851 0.0771054 0.0637959 0.0532253 0.0418403 0.0313591 0.0220136 0.0140038 0.00795207 0.00396777 0.00168973 0.000593784
 3.69318e-11 1.73709e-09 5.6576e-08 1.27593e-06 1.99255e-05 0.000215466 0.00161341 0.00836617 0.0300485 0.0748189 0.129594 0.158253 0.143039 0.110197 0.0894074 0.0775334 0.0613591 0.0426354 0.028277 0.0189337 0.0123241 0.00732228 0.00379238 0.00165614 0.0005929
 3.90819e-11 1.83823e-09 5.98698e-08 1.35022e-06 2.10855e-05 0.00022801 0.00170733 0.00885302 0.0317947 0.0791427 0.13692 0.16643 0.147977 0.10896 0.0827489 0.069566 0.0562172 0.0410786 0.0281013 0.0181886 0.0109507 0.00610931 0.0031118 0.00138323 0.00050935
 3.65964e-11 1.72132e-09 5.60622e-08 1.26434e-06 1.97446e-05 0.00021351 0.00159876 0.00829021 0.0297759 0.0741422 0.128436 0.156907 0.142048 0.109943 0.0899574 0.0788363 0.063299 0.0447433 0.0297114 0.0191523 0.0116037 0.00638137 0.00312406 0.00133347 0.000481163
 3.84647e-11 1.80919e-09 5.89242e-08 1.32889e-06 2.07525e-05 0.000224409 0.00168036 0.00871323 0.0312931 0.0778982 0.134795 0.163979 0.146227 0.108593 0.0836525 0.0711238 0.0578746 0.0426265 0.029489 0.019272 0.0115568 0.0062555 0.00301712 0.00126298 0.000444119
 3.60783e-11 1.69695e-09 5.52686e-08 1.24645e-06 1.9465e-05 0.000210487 0.00157613 0.00817288 0.0293548 0.0730963 0.126643 0.154805 0.14043 0.109303 0.0902215 0.0796812 0.0644813 0.0461115 0.0310802 0.0203191 0.0124417 0.00686654 0.00332702 0.00138034 0.000477646
 3.75354e-11 1.76549e-09 5.75007e-08 1.29679e-06 2.02512e-05 0.000218988 0.00163977 0.00850279 0.0305379 0.0760245 0.131594 0.160282 0.143564 0.107973 0.0849036 0.0733246 0.0601784 0.0446718 0.0312155 0.0206513 0.0125585 0.00689181 0.00335433 0.00140379 0.000487643
 3.72097e-11 1.75017e-09 5.70017e-08 1.28553e-06 2.00754e-05 0.000217088 0.00162555 0.00842906 0.0302737 0.0753727 0.130507 0.159148 0.143154 0.1089 0.0869599 0.0753484 0.0609468 0.0440752 0.0302015 0.0200545 0.0124479 0.00696343 0.00341982 0.00143494 0.000499544
 3.70125e-11 1.74089e-09 5.66997e-08 1.27872e-06 1.99691e-05 0.000215938 0.00161693 0.00838441 0.0301134 0.0749742 0.129821 0.158335 0.142498 0.108578 0.0869905 0.0757365 0.0616887 0.044975 0.0308885 0.0203353 0.0124697 0.00694782 0.00343706 0.00145978 0.00051339
 3.58459e-11 1.68602e-09 5.49125e-08 1.23842e-06 1.93396e-05 0.000209131 0.00156597 0.00812021 0.0291654 0.072623 0.125811 0.153733 0.139287 0.108096 0.0890079 0.0789328 0.0647989 0.04749 0.0328218 0.0217451 0.0133743 0.00743592 0.00366186 0.00155249 0.000547823
 3.69425e-11 1.7376e-09 5.65924e-08 1.2763e-06 1.99313e-05 0.000215529 0.00161387 0.00836851 0.030056 0.0748288 0.129551 0.157919 0.141852 0.10754 0.0856101 0.0745441 0.0613676 0.0457071 0.0322338 0.0216927 0.0134762 0.00754034 0.00372513 0.00157979 0.00055694
 3.70506e-11 1.74268e-09 5.67581e-08 1.28004e-06 1.99896e-05 0.00021616 0.0016186 0.00839303 0.0301443 0.07505 0.129945 0.15845 0.142488 0.108325 0.0864755 0.0750746 0.0610759 0.0446224 0.0309561 0.020791 0.0130624 0.00742372 0.00371539 0.00158869 0.000562476
 3.5795e-11 1.68363e-09 5.48346e-08 1.23666e-06 1.93122e-05 0.000208834 0.00156375 0.0081087 0.0291241 0.072521 0.12564 0.153548 0.1392 0.108189 0.0892518 0.0791737 0.0648686 0.0473542 0.032605 0.0216129 0.0134021 0.00757223 0.00380452 0.001643 0.000587863
 3.64859e-11 1.71612e-09 5.58929e-08 1.26053e-06 1.96849e-05 0.000212865 0.00159393 0.00826512 0.029685 0.0739087 0.127982 0.156121 0.140606 0.107377 0.0864465 0.0758605 0.0626505 0.0467161 0.0329347 0.0221262 0.0137258 0.00769576 0.00383251 0.00164753 0.000590285
 3.74635e-11 1.7621e-09 5.73905e-08 1.2943e-06 2.02124e-05 0.000218568 0.00163663 0.00848651 0.0304795 0.0758804 0.131353 0.160028 0.143459 0.108128 0.0852161 0.0734462 0.0598064 0.0439674 0.0307381 0.0207535 0.0130648 0.00742763 0.00372125 0.00159744 0.000569976
 3.77857e-11 1.77726e-09 5.78841e-08 1.30543e-06 2.03862e-05 0.000220448 0.00165071 0.00855949 0.0307417 0.0765327 0.132481 0.161393 0.144653 0.108946 0.085684 0.0735235 0.0593299 0.0429145 0.0293716 0.0194603 0.0121183 0.00688342 0.00347213 0.00150348 0.000539524
 3.86559e-11 1.81819e-09 5.92171e-08 1.3355e-06 2.08557e-05 0.000225525 0.00168872 0.00875656 0.0314488 0.0782871 0.135476 0.164847 0.147119 0.109468 0.0844399 0.071436 0.0572522 0.0411644 0.0279024 0.018214 0.0111321 0.00620994 0.0030949 0.00133492 0.000480087
#spawning biomass
 68606.2 68969.5 56481.8 38602.8 39714.7 70963.7 98816.2 140134 185871 212632 200679 195645 225518 239325 251660 287551 266340 235954 247168 247394 268330 249112 260338 255561 254436 277332 347171 395638 504667 588646 397441 239754 140178 84128.2 54638.9 39767.3 32471.4 28957.2 27285.4 26496.8 26126.9 25954.1 25873.6 25836.2 25818.8 25810.8 25807.1 25805.4 25804.6 25804.2 25804.1 25804 25803.9 25803.9 25803.9 25803.9 25803.9 25803.9 25803.9 25803.9 25803.9 25803.9 25803.9 25803.9 25803.9 25803.9 25803.9 25803.9 25803.9 25803.9 25803.9 25803.9 25803.9 25803.9 25803.9 25803.9 25803.9 25803.9 25803.9 25803.9 25803.9 25803.9 25803.9 25803.9 25803.9 25803.9 25803.9 25803.9 25803.9 25803.9 25803.9 25803.9 25803.9 25803.9 25803.9 25803.9 25803.9 25803.9 25803.9 25803.9 25803.9 25803.9 25803.9 25803.9 25803.9 25803.9 25803.9 25803.9 25803.9 25803.9 25803.9 25803.9 25803.9 25803.9 25803.9 25803.9 25803.9 25803.9 25803.9 25803.9 25803.9 25803.9 25803.9 25803.9 25803.9 25803.9 25803.9 25803.9 0 0 0 0 0 0 0 0 0 0 0 0 0 0 0 0 0 0 0 0 0 0 0 0 0
