SBPRF35
0.25331
Curr Bio
395358
B35
430735
F35
0.379578
FOFL
0.379578
OFL
182557
Bzero
72374.3
#pred survey bio
 82421.7 75167.6 58444.5 46118 69899.3 109798 154689 208482 273336 299357 289602 301175 354226 384621 403724 452183 410211 369682 383726 377018 407936 382735 390557 389029 393475 427421 530293 594059 1.62126e+07 1.2906e+07 8.90219e+06 5.6406e+06 3.51274e+06 2.26388e+06 1.56945e+06 1.1925e+06 988752 877548 815655 780312 759550 747007 739232 734305 731147 729093 727744 726850 726255 725858 725591 725412 725292 725211 725156 725119 725094 725078 725066 725059 725054 725050 725048 725046 725045 725044 725044 725044 725043 725043 725043 725043 725043 725043 725043 725043 725043 725043 725043 725043 725043 725043 725043 725043 725043 725043 725043 725043 725043 725043 725043 725043 725043 725043 725043 725043 725043 725043 725043 725043 725043 725043 725043 725043 725043 725043 725043 725043 725043 725043 725043 725043 725043 725043 725043 725043 725043 725043 725043 725043 725043 725043 725043 725043 725043 725043 725043 725043 0 0 0 0 0 0 0 0 0 0 0 0 0 0 0 0 0 0 0 0 0 0 0 0 0
#obs survey bio
 75622.6 62487.6 48262.7 61313.5 85151.4 142945 186583 162997 306587 338714 324670 312600 222133 434284 363642 443524 419262 339967 456700 393495 370396 472643 292210 389786 531959 453884 439767 470379
#pred catch bio
 12731.9 13095.4 13142 8926.45 16581.9 33775.2 45882.3 60399.2 97194 126549 125545 121798 164064 185908 178774 234214 215322 171269 182318 160346 201580 170661 179587 180763 170830 153908 211357 184662 182557 158646 105721 64225.3 38126.7 23481.9 15799.4 11936.2 10046.3 9138.49 8707.81 8505.21 8410.45 8366.31 8345.79 8336.28 8331.89 8329.86 8328.93 8328.49 8328.3 8328.2 8328.16 8328.14 8328.13 8328.13 8328.13 8328.13 8328.13 8328.12 8328.12 8328.12 8328.12 8328.12 8328.12 8328.12 8328.12 8328.12 8328.12 8328.12 8328.12 8328.12 8328.12 8328.12 8328.12 8328.12 8328.12 8328.12 8328.12 8328.12 8328.12 8328.12 8328.12 8328.12 8328.12 8328.12 8328.12 8328.12 8328.12 8328.12 8328.12 8328.12 8328.12 8328.12 8328.12 8328.12 8328.12 8328.12 8328.12 8328.12 8328.12 8328.12 8328.12 8328.12 8328.12 8328.12 8328.12 8328.12 8328.12 8328.12 8328.12 8328.12 8328.12 8328.12 8328.12 8328.12 8328.12 8328.12 8328.12 8328.12 8328.12 8328.12 8328.12 8328.12 8328.12 8328.12 8328.12 8328.12 8328.12 8328.12 0 0 0 0 0 0 0 0 0 0 0 0 0 0 0 0 0 0 0 0 0 0 0 0 0
#obs catch bio
 15240.4 13529.9 14240.1 9022.23 16725.2 33253.6 43281.3 57006.8 90322.2 115785 119253 118728 171313 198115 186324 240443 223639 174397 182876 160529 212755 161719 184212 189000 171583 144564 203762 182214
#pred cpue bio
 81053.7 74618.9 58283.3 45293.4 66594 105675 148705 201216 264038 290205 280141 289850 340409 369040 387407 434554 394852 355361 369142 363194 393014 368453 376684 374779 378616 411374 510741 572974 1.57298e+07 1.29019e+07 8.88816e+06 5.62605e+06 3.49817e+06 2.24932e+06 1.55489e+06 1.17794e+06 974189 862986 801093 765749 744987 732444 724669 719742 716584 714531 713181 712288 711693 711295 711029 710849 710729 710648 710593 710557 710532 710515 710504 710496 710491 710487 710485 710484 710483 710482 710481 710481 710481 710481 710481 710480 710480 710480 710480 710480 710480 710480 710480 710480 710480 710480 710480 710480 710480 710480 710480 710480 710480 710480 710480 710480 710480 710480 710480 710480 710480 710480 710480 710480 710480 710480 710480 710480 710480 710480 710480 710480 710480 710480 710480 710480 710480 710480 710480 710480 710480 710480 710480 710480 710480 710480 710480 710480 710480 710480 710480 710480 0 0 0 0 0 0 0 0 0 0 0 0 0 0 0 0 0 0 0 0 0 0 0 0 0
#obs cpue bio
 55852.6 52422.4 34353.3 53425.4 66993 123403 196869 298510 343339 353922 254330 255987 377808 244141 353030 488769 320384 347661 349605 309718 339188 501498 339234 299442 322027 638261 708881 590464
#pred surv len freq
 2.53439e-11 1.19206e-09 3.88245e-08 8.7559e-07 1.36736e-05 0.000147861 0.0011072 0.00574154 0.0206255 0.0513948 0.0892843 0.110274 0.103722 0.0886894 0.0837275 0.0829662 0.0759964 0.0649489 0.0545126 0.0451609 0.0369521 0.030333 0.0245785 0.0183294 0.0114934
 1.38003e-11 6.49102e-10 2.11409e-08 4.76779e-07 7.44563e-06 8.05154e-05 0.000602936 0.00312726 0.0112434 0.0281074 0.0494507 0.0640037 0.069549 0.0785423 0.0955649 0.106735 0.102952 0.0912402 0.0786418 0.065561 0.0522795 0.0402176 0.0297668 0.020355 0.0119713
 6.69311e-12 3.14812e-10 1.02532e-08 2.31236e-07 3.61111e-06 3.905e-05 0.000292433 0.00151696 0.00545652 0.0136669 0.0242239 0.0321994 0.0376938 0.0480904 0.0662734 0.0859503 0.102403 0.11408 0.116125 0.10578 0.0872754 0.0664449 0.0467088 0.0296156 0.0161616
 3.00103e-11 1.41154e-09 4.59729e-08 1.0368e-06 1.61912e-05 0.000175084 0.001311 0.00679761 0.0244079 0.0607078 0.104698 0.125719 0.106856 0.068571 0.04105 0.0330392 0.0382087 0.0499274 0.0625643 0.0701075 0.0683098 0.0573266 0.0413971 0.0255773 0.0132317
 4.5835e-11 2.15586e-09 7.02149e-08 1.58352e-06 2.47289e-05 0.000267408 0.00200231 0.0103821 0.0372796 0.0927311 0.159984 0.192365 0.164233 0.106305 0.0618732 0.039325 0.0263653 0.0175115 0.0139659 0.0148976 0.0168171 0.0166349 0.0135339 0.00887352 0.00462611
 3.75943e-11 1.76826e-09 5.7591e-08 1.29882e-06 2.02829e-05 0.000219332 0.00164235 0.00851632 0.0305883 0.07617 0.13198 0.161377 0.146519 0.114129 0.0935734 0.0801725 0.0600346 0.0366815 0.0197139 0.0110912 0.00788539 0.0069455 0.00601706 0.00432052 0.00240252
 3.84722e-11 1.80955e-09 5.89359e-08 1.32915e-06 2.07566e-05 0.000224453 0.0016807 0.00871495 0.0312991 0.077913 0.134818 0.163993 0.146202 0.108535 0.0837157 0.0716381 0.0589984 0.0437889 0.0295925 0.0179032 0.00964594 0.00512354 0.00308967 0.00198438 0.00111744
 3.62073e-11 1.70302e-09 5.54662e-08 1.2509e-06 1.95346e-05 0.00021124 0.00158176 0.00820206 0.0294591 0.0733524 0.127061 0.155192 0.140389 0.108476 0.0887009 0.0781745 0.0638401 0.0466022 0.0322213 0.0213428 0.0128835 0.00684965 0.00327376 0.0014978 0.000668154
 3.59756e-11 1.69212e-09 5.51113e-08 1.2429e-06 1.94096e-05 0.000209888 0.00157163 0.00814954 0.02927 0.0728774 0.126209 0.154018 0.138908 0.106518 0.0863883 0.0764598 0.0638597 0.04838 0.0346635 0.023526 0.0146214 0.00811878 0.00395286 0.00166634 0.000610812
 3.38224e-11 1.59084e-09 5.18128e-08 1.16851e-06 1.82479e-05 0.000197326 0.00147758 0.00766195 0.0275205 0.068539 0.118815 0.145557 0.133085 0.105838 0.090343 0.0823412 0.0690821 0.0521425 0.0375156 0.0259881 0.0166811 0.00959517 0.00481712 0.00205471 0.000728274
 3.54427e-11 1.66706e-09 5.4295e-08 1.22449e-06 1.91221e-05 0.000206779 0.00154836 0.00802883 0.0288364 0.0717975 0.124337 0.151721 0.136805 0.104865 0.085112 0.0756993 0.0640127 0.0496165 0.0367051 0.0258762 0.0168269 0.00986427 0.00508652 0.00223021 0.000803915
 3.82867e-11 1.80082e-09 5.86516e-08 1.32274e-06 2.06565e-05 0.000223371 0.00167259 0.0086729 0.0311478 0.0775344 0.134148 0.163111 0.145186 0.107252 0.0819037 0.0692207 0.0563737 0.0421042 0.0303233 0.0213318 0.0141109 0.0084629 0.0044618 0.00199983 0.000736747
 3.8709e-11 1.82069e-09 5.92985e-08 1.33733e-06 2.08843e-05 0.000225835 0.00169104 0.00876859 0.0314918 0.0783937 0.135656 0.16504 0.147208 0.109346 0.0840611 0.0708141 0.0564531 0.0403799 0.0274562 0.0183316 0.0117198 0.0069437 0.00368557 0.00168099 0.000632236
 3.93545e-11 1.85105e-09 6.02874e-08 1.35963e-06 2.12326e-05 0.0002296 0.00171924 0.00891477 0.0320164 0.0796963 0.137886 0.167643 0.149174 0.110051 0.083663 0.0699005 0.0554852 0.0394174 0.0263193 0.0169557 0.0103084 0.00580006 0.0029657 0.00133049 0.000500789
 3.91723e-11 1.84248e-09 6.00083e-08 1.35334e-06 2.11343e-05 0.000228538 0.00171128 0.00887354 0.0318687 0.0793317 0.137277 0.167003 0.148927 0.110545 0.084838 0.0712325 0.0563812 0.0396832 0.0261462 0.0165799 0.00985322 0.00535131 0.00261498 0.0011224 0.00040892
 3.83954e-11 1.80594e-09 5.88182e-08 1.3265e-06 2.07152e-05 0.000224005 0.00167734 0.0086976 0.0312374 0.0777653 0.134603 0.163921 0.146733 0.110107 0.0860408 0.0733262 0.0586437 0.041713 0.0277264 0.0175958 0.010358 0.00551961 0.00262261 0.001086 0.000380425
 3.75522e-11 1.76628e-09 5.75265e-08 1.29736e-06 2.02602e-05 0.000219086 0.00164051 0.00850665 0.0305522 0.0760657 0.131703 0.160588 0.14439 0.109709 0.0874251 0.0755702 0.0608701 0.0435621 0.0291881 0.0186911 0.0110814 0.00591219 0.00278588 0.00113233 0.000386126
 3.8396e-11 1.80596e-09 5.88191e-08 1.32652e-06 2.07155e-05 0.000224009 0.00167737 0.00869771 0.0312375 0.0777631 0.134582 0.163815 0.146381 0.109321 0.0848652 0.0722328 0.058221 0.0421344 0.0286708 0.018612 0.0111528 0.00600188 0.00284345 0.00115511 0.00039063
 3.79556e-11 1.78525e-09 5.81445e-08 1.3113e-06 2.04779e-05 0.00022144 0.00165813 0.008598 0.0308798 0.0768774 0.13308 0.162132 0.145346 0.109525 0.0861756 0.0738696 0.0593866 0.0426191 0.0287943 0.0187166 0.0113273 0.00617927 0.00296442 0.00121509 0.000412686
 3.72123e-11 1.75029e-09 5.70058e-08 1.28562e-06 2.00768e-05 0.000217103 0.00162566 0.00842966 0.0302758 0.0753786 0.13052 0.159181 0.143238 0.109085 0.0872861 0.0758094 0.0614612 0.0444491 0.0302001 0.0196388 0.0118563 0.00646958 0.00312202 0.00129235 0.000443431
 3.72948e-11 1.75417e-09 5.71322e-08 1.28847e-06 2.01214e-05 0.000217584 0.00162926 0.00844833 0.0303425 0.0755415 0.13078 0.159393 0.143098 0.108303 0.0859328 0.0744777 0.0608571 0.0447678 0.0310622 0.0205456 0.0125313 0.00687167 0.00332347 0.00137935 0.000475603
 3.7701e-11 1.77327e-09 5.77544e-08 1.3025e-06 2.03405e-05 0.000219954 0.00164701 0.00854031 0.0306726 0.0763614 0.132186 0.161041 0.144362 0.108786 0.0856563 0.0736338 0.0596078 0.0433426 0.029834 0.0197974 0.0122386 0.00682275 0.00334415 0.00139974 0.000485136
 3.66196e-11 1.72241e-09 5.60977e-08 1.26514e-06 1.9757e-05 0.000213645 0.00159977 0.00829542 0.029794 0.074183 0.128476 0.156809 0.141497 0.108592 0.0879241 0.0770204 0.0627556 0.0456441 0.0312954 0.0206273 0.0126818 0.00707422 0.00349519 0.00148061 0.000519186
 3.73924e-11 1.75876e-09 5.72817e-08 1.29184e-06 2.0174e-05 0.000218154 0.00163353 0.00847042 0.0304216 0.0757368 0.131107 0.159736 0.143227 0.108031 0.0852895 0.0737423 0.0603512 0.0446097 0.0311653 0.0207798 0.0128066 0.00712559 0.00351202 0.00148957 0.000525246
 3.79868e-11 1.78672e-09 5.81922e-08 1.31238e-06 2.04947e-05 0.000221621 0.00165949 0.00860503 0.0309048 0.076937 0.133165 0.162153 0.145097 0.108786 0.0849738 0.0726398 0.0586854 0.04267 0.0294238 0.0196081 0.012206 0.00687076 0.00341024 0.00144975 0.000511601
 3.77941e-11 1.77765e-09 5.78971e-08 1.30572e-06 2.03907e-05 0.000220497 0.00165107 0.00856141 0.0307484 0.0765501 0.132513 0.161439 0.144719 0.10905 0.0858385 0.0737133 0.0595135 0.0430319 0.0293601 0.0193033 0.0118778 0.00665397 0.00331217 0.00141759 0.000503394
 3.74567e-11 1.76179e-09 5.73802e-08 1.29407e-06 2.02087e-05 0.000218529 0.00163634 0.008485 0.0304741 0.0758685 0.131341 0.160053 0.143612 0.108519 0.0858615 0.0741895 0.0603968 0.0441951 0.0305028 0.0201366 0.0123305 0.00683953 0.00337269 0.00143633 0.000510086
 3.66698e-11 1.72477e-09 5.61747e-08 1.26688e-06 1.97841e-05 0.000213938 0.00160196 0.00830678 0.0298346 0.0742824 0.128636 0.15695 0.141447 0.108195 0.0872122 0.076302 0.0624023 0.0457773 0.0317412 0.0211202 0.0130458 0.00727349 0.00358324 0.0015177 0.000535651
#obs surv len freq
 2.35082e-11 1.10571e-09 3.60123e-08 8.12169e-07 1.26832e-05 0.000137152 0.001027 0.00532576 0.0191331 0.0476869 0.0829184 0.102769 0.0978114 0.0860239 0.0840856 0.0854965 0.0803217 0.0709937 0.0618215 0.0526352 0.0429598 0.0331673 0.0235339 0.0146189 0.00752017
 5.13958e-12 2.41741e-10 7.87336e-09 1.77565e-07 2.77297e-06 2.99876e-05 0.0002246 0.00116575 0.00420279 0.0106207 0.0194626 0.0288044 0.0423213 0.0673215 0.0987758 0.118437 0.118815 0.109619 0.0985564 0.0854757 0.0701662 0.0538372 0.037612 0.0229328 0.0116153
 1.94989e-14 9.17149e-13 2.98731e-11 6.73903e-10 1.05357e-08 1.14434e-07 8.71889e-07 4.83041e-06 2.17654e-05 9.79309e-05 0.000470822 0.00202468 0.00674927 0.0170707 0.0346257 0.0610075 0.0961059 0.130629 0.148994 0.145262 0.125894 0.0988405 0.0693115 0.0419252 0.0209634
 5.28266e-11 2.48471e-09 8.09254e-08 1.82507e-06 2.85011e-05 0.000308197 0.00230771 0.0119653 0.0429584 0.106797 0.183848 0.219153 0.180905 0.103473 0.0412862 0.0124431 0.00533838 0.0069922 0.0113776 0.0155131 0.0171646 0.0155618 0.0116887 0.00725031 0.00363861
 3.29919e-11 1.55178e-09 5.05404e-08 1.13981e-06 1.77999e-05 0.000192481 0.00144132 0.00747431 0.0268522 0.066929 0.116397 0.144338 0.137468 0.120182 0.112983 0.102214 0.0732935 0.0384371 0.0157019 0.00766103 0.0070557 0.00757755 0.00671316 0.00462239 0.00244816
 4.2001e-11 1.97552e-09 6.43415e-08 1.45106e-06 2.26604e-05 0.00024504 0.00183483 0.00951394 0.034165 0.0850097 0.146844 0.177432 0.154363 0.106602 0.072814 0.0582452 0.0496982 0.0401062 0.0286177 0.0168907 0.00825727 0.00405449 0.00254911 0.00174204 0.000991492
 3.81626e-11 1.79498e-09 5.84614e-08 1.31845e-06 2.05895e-05 0.000222647 0.00166717 0.00864491 0.0310489 0.0773025 0.133846 0.163208 0.146753 0.111428 0.0883375 0.0751175 0.0584967 0.0399596 0.0261526 0.0172237 0.010615 0.00565026 0.00261973 0.00116435 0.000520014
 3.79001e-11 1.78264e-09 5.80594e-08 1.30939e-06 2.0448e-05 0.000221116 0.0016557 0.0085854 0.0308345 0.0767614 0.132861 0.161783 0.144774 0.108598 0.085037 0.0731925 0.0598584 0.0440426 0.0301741 0.0193822 0.011442 0.00614683 0.00295063 0.00123207 0.000445548
 3.7552e-11 1.76627e-09 5.75262e-08 1.29736e-06 2.02602e-05 0.000219085 0.0016405 0.00850657 0.0305516 0.0760597 0.131663 0.160403 0.143789 0.108366 0.0853939 0.0736079 0.0599598 0.0440746 0.0307066 0.0204845 0.0125716 0.00687366 0.00328834 0.00135122 0.000467171
 3.32345e-11 1.56319e-09 5.09121e-08 1.1482e-06 1.79308e-05 0.000193896 0.0014519 0.00752885 0.0270435 0.0673599 0.116834 0.143423 0.132071 0.106954 0.0934377 0.0860273 0.0717579 0.0531264 0.0371091 0.0248689 0.0154712 0.00866807 0.00425981 0.00178037 0.000614615
 4.01316e-11 1.8876e-09 6.14778e-08 1.38648e-06 2.16519e-05 0.000234134 0.00175317 0.00909062 0.0326462 0.0812441 0.140432 0.170117 0.149388 0.106095 0.075987 0.0620295 0.0515058 0.0404683 0.030348 0.0213149 0.0135636 0.00770365 0.0038443 0.00163727 0.000575376
 3.75528e-11 1.7663e-09 5.75273e-08 1.29739e-06 2.02605e-05 0.000219089 0.00164053 0.00850679 0.030553 0.0760696 0.131723 0.160678 0.144669 0.110278 0.0880731 0.075595 0.0596268 0.0414219 0.0274929 0.0184224 0.0119966 0.00712926 0.00369284 0.00161278 0.000577402
 3.96658e-11 1.86569e-09 6.07641e-08 1.37039e-06 2.14005e-05 0.000231416 0.00173283 0.00898522 0.032269 0.0803189 0.138923 0.168717 0.149532 0.109086 0.0815616 0.067788 0.0545679 0.0398597 0.027285 0.0176711 0.0106433 0.0059393 0.00302566 0.00134505 0.000495313
 3.71913e-11 1.7493e-09 5.69735e-08 1.2849e-06 2.00655e-05 0.00021698 0.00162474 0.00842492 0.0302592 0.0753404 0.130476 0.159231 0.143611 0.110024 0.0886805 0.0769702 0.0616135 0.043546 0.0289376 0.0186666 0.0113142 0.00622363 0.00304727 0.0013008 0.000469399
 3.90932e-11 1.83876e-09 5.98871e-08 1.3506e-06 2.10916e-05 0.000228076 0.00170782 0.00885556 0.0318038 0.0791645 0.136952 0.166443 0.147905 0.108736 0.0823863 0.0692205 0.0561018 0.0413058 0.0285933 0.0186978 0.0112166 0.00607277 0.0029294 0.00122637 0.000431267
 3.66546e-11 1.72405e-09 5.61513e-08 1.26635e-06 1.9776e-05 0.000213849 0.0016013 0.00830337 0.029823 0.074257 0.12862 0.157057 0.14195 0.109392 0.0890009 0.0778885 0.0628541 0.0449454 0.0303171 0.0198341 0.0121498 0.00670695 0.00325014 0.00134855 0.000466668
 3.81334e-11 1.79361e-09 5.84167e-08 1.31745e-06 2.05738e-05 0.000222477 0.00166589 0.0086382 0.0310237 0.0772292 0.133647 0.162626 0.145163 0.108115 0.0837085 0.0715239 0.0584983 0.043416 0.0303584 0.0200965 0.0122257 0.00671071 0.00326664 0.0013672 0.000474958
 3.78411e-11 1.77986e-09 5.79689e-08 1.30735e-06 2.04161e-05 0.000220771 0.00165313 0.00857204 0.0307867 0.0766446 0.132673 0.161619 0.14483 0.109022 0.0856593 0.0734184 0.059177 0.0427848 0.0293376 0.0194935 0.0121045 0.00677281 0.00332664 0.00139595 0.000485994
 3.76573e-11 1.77122e-09 5.76874e-08 1.301e-06 2.03169e-05 0.000219699 0.0016451 0.0085304 0.0306372 0.0762731 0.132034 0.160859 0.144213 0.108711 0.085674 0.0737727 0.0598765 0.0436429 0.0299937 0.0197587 0.0121209 0.00675497 0.00334211 0.00141957 0.000499271
 3.64636e-11 1.71507e-09 5.58587e-08 1.25976e-06 1.96729e-05 0.000212735 0.00159295 0.00826009 0.0296673 0.0738673 0.127931 0.156152 0.140931 0.108225 0.0877478 0.077053 0.0630646 0.0462144 0.0319631 0.0211898 0.0130378 0.00725048 0.00357102 0.0015141 0.000534302
 3.76034e-11 1.76868e-09 5.76049e-08 1.29914e-06 2.02879e-05 0.000219385 0.00164274 0.00851819 0.0305931 0.0761604 0.13182 0.160512 0.143625 0.107708 0.084307 0.0725736 0.0595253 0.0443231 0.0312782 0.0210622 0.0130893 0.00732543 0.00361944 0.00153508 0.000541206
 3.76421e-11 1.7705e-09 5.76641e-08 1.30047e-06 2.03087e-05 0.00021961 0.00164443 0.00852697 0.0306248 0.0762415 0.131975 0.160767 0.144063 0.108451 0.0852736 0.0732822 0.0594247 0.0434094 0.0301363 0.0202537 0.0127298 0.0072363 0.00362206 0.0015489 0.000548414
 3.6403e-11 1.71222e-09 5.5766e-08 1.25766e-06 1.96402e-05 0.000212382 0.00159031 0.00824638 0.0296181 0.0737458 0.127726 0.155929 0.140816 0.108312 0.0880064 0.0773199 0.0631628 0.0461053 0.0317682 0.021072 0.0130719 0.00738733 0.00371212 0.00160322 0.000573657
 3.7126e-11 1.74623e-09 5.68735e-08 1.28264e-06 2.00303e-05 0.000216599 0.00162189 0.00841007 0.0302051 0.0751983 0.13018 0.158632 0.142322 0.107539 0.0851818 0.0739494 0.0608648 0.0453762 0.0320117 0.0215191 0.0133542 0.00748902 0.00373006 0.00160362 0.000574578
 3.8096e-11 1.79185e-09 5.83595e-08 1.31615e-06 2.05536e-05 0.000222259 0.00166426 0.00862975 0.0309935 0.0771547 0.133524 0.162507 0.145149 0.108276 0.0839499 0.0715465 0.058046 0.0426617 0.0298455 0.0201636 0.0126982 0.00722076 0.00361807 0.00155327 0.000554241
 3.83635e-11 1.80443e-09 5.87693e-08 1.3254e-06 2.0698e-05 0.000223819 0.00167595 0.00869034 0.0312111 0.0776967 0.134463 0.163655 0.146186 0.109058 0.0844934 0.0717564 0.0577095 0.0417342 0.0285841 0.0189512 0.011806 0.00670757 0.00338388 0.00146538 0.000525876
 3.92697e-11 1.84706e-09 6.01575e-08 1.3567e-06 2.11869e-05 0.000229106 0.00171553 0.00889556 0.0319475 0.0795237 0.137582 0.167249 0.148746 0.109583 0.0831674 0.0695497 0.0555229 0.0399064 0.0270674 0.0176805 0.0108103 0.00603183 0.00300655 0.00129692 0.000466442
 3.57074e-11 1.6795e-09 5.47004e-08 1.23363e-06 1.92649e-05 0.000208323 0.00155992 0.0080889 0.0290535 0.0723496 0.125374 0.153371 0.139506 0.109372 0.0912308 0.0811357 0.0658318 0.0470282 0.0314614 0.0202704 0.0122301 0.00671947 0.00329231 0.00139826 0.000497481
#pred catch len freq
 2.41696e-11 1.13682e-09 3.70256e-08 8.35019e-07 1.304e-05 0.00014101 0.0010559 0.00547559 0.0196711 0.0490265 0.085237 0.10559 0.100322 0.0878222 0.0851596 0.0855375 0.078648 0.0672431 0.0564219 0.0467319 0.0382337 0.0313838 0.0254297 0.0189641 0.0118914
 1.29736e-11 6.10218e-10 1.98744e-08 4.48218e-07 6.9996e-06 7.56922e-05 0.000566822 0.00294004 0.0105715 0.0264401 0.0466015 0.0607065 0.0671552 0.0779327 0.0965782 0.108561 0.104856 0.092914 0.0800552 0.0667243 0.0532021 0.0409259 0.0302907 0.0207132 0.0121819
 6.26974e-12 2.94899e-10 9.60466e-09 2.16609e-07 3.38269e-06 3.658e-05 0.000273939 0.00142107 0.00511237 0.0128123 0.0227595 0.0304859 0.0363865 0.0475964 0.0665185 0.0866235 0.103257 0.115 0.117034 0.106594 0.087943 0.0669515 0.0470645 0.029841 0.0162846
 2.88898e-11 1.35884e-09 4.42565e-08 9.98093e-07 1.55867e-05 0.000168547 0.00126206 0.00654384 0.0234969 0.0584441 0.100809 0.121121 0.103188 0.0667837 0.0409121 0.0338831 0.0396447 0.0518938 0.0650302 0.0728665 0.070996 0.0595803 0.0430244 0.0265827 0.0137518
 4.51205e-11 2.12225e-09 6.91205e-08 1.55884e-06 2.43435e-05 0.00026324 0.0019711 0.0102203 0.036699 0.0912907 0.157525 0.189531 0.162212 0.105875 0.0628569 0.0408966 0.0277596 0.0185016 0.0147572 0.0157358 0.0177612 0.0175683 0.0142933 0.00937139 0.00488566
 3.67498e-11 1.72853e-09 5.62973e-08 1.26964e-06 1.98273e-05 0.000214405 0.00160546 0.00832509 0.0299023 0.0744695 0.129088 0.158096 0.14436 0.114147 0.0955732 0.0829614 0.0623982 0.0381602 0.0205036 0.011529 0.00819354 0.00721599 0.00625124 0.00448865 0.00249601
 3.76273e-11 1.76981e-09 5.76416e-08 1.29996e-06 2.03008e-05 0.000219524 0.00164379 0.00852362 0.0306126 0.0762108 0.131917 0.160678 0.143935 0.10832 0.0853904 0.0741909 0.061419 0.0456252 0.0308258 0.0186438 0.0100432 0.00533405 0.00321648 0.00206579 0.00116327
 3.53084e-11 1.66074e-09 5.40892e-08 1.21985e-06 1.90497e-05 0.000205996 0.00154249 0.00799852 0.0287288 0.0715416 0.123976 0.151669 0.137989 0.108271 0.0905075 0.080883 0.0663519 0.0484701 0.0335021 0.0221834 0.0133886 0.00711768 0.00340177 0.00155634 0.000694267
 3.52047e-11 1.65586e-09 5.39304e-08 1.21626e-06 1.89937e-05 0.000205391 0.00153796 0.00797498 0.0286437 0.0713242 0.123562 0.150988 0.136823 0.106283 0.0878511 0.0787076 0.0659945 0.0500224 0.0358272 0.0243076 0.0151046 0.00838653 0.00408311 0.00172123 0.00063093
 3.31736e-11 1.56033e-09 5.08188e-08 1.14609e-06 1.78979e-05 0.000193541 0.00144924 0.00751502 0.0269933 0.0672317 0.116588 0.143009 0.131334 0.105649 0.0915857 0.0842364 0.0708644 0.0534975 0.0384728 0.0266412 0.0170973 0.00983388 0.00493684 0.00210576 0.000746363
 3.48328e-11 1.63837e-09 5.33606e-08 1.20341e-06 1.87931e-05 0.000203221 0.00152171 0.00789071 0.0283408 0.0705684 0.122241 0.14932 0.135142 0.104649 0.0862221 0.0774289 0.0656714 0.0509139 0.0376485 0.026532 0.0172506 0.0101119 0.00521411 0.00228613 0.00082407
 3.76491e-11 1.77083e-09 5.76749e-08 1.30071e-06 2.03125e-05 0.000219651 0.00164474 0.00852851 0.0306298 0.0762497 0.131959 0.160605 0.143463 0.107058 0.0831112 0.0710654 0.0581069 0.0434215 0.0312596 0.0219824 0.0145387 0.00871887 0.00459665 0.00206025 0.000759005
 3.82e-11 1.79675e-09 5.85189e-08 1.31975e-06 2.06098e-05 0.000222866 0.00166881 0.00865334 0.0310783 0.0773685 0.133909 0.163047 0.145856 0.109246 0.0851064 0.0723636 0.0578691 0.0414065 0.0281411 0.0187807 0.0120044 0.00711171 0.00377464 0.00172159 0.000647507
 3.88974e-11 1.82955e-09 5.95872e-08 1.34384e-06 2.0986e-05 0.000226934 0.00169927 0.00881128 0.0316451 0.0787757 0.136319 0.165856 0.147967 0.109975 0.0846248 0.0713177 0.056776 0.0403459 0.0269264 0.0173392 0.0105392 0.00592936 0.00303171 0.00136009 0.000511928
 3.86261e-11 1.81679e-09 5.91716e-08 1.33447e-06 2.08396e-05 0.000225351 0.00168742 0.00874985 0.0314249 0.0782315 0.135404 0.164868 0.147489 0.110465 0.0860026 0.0729412 0.0579324 0.0407929 0.0268658 0.0170288 0.0101177 0.00549446 0.00268484 0.00115238 0.000419838
 3.80048e-11 1.78757e-09 5.82199e-08 1.313e-06 2.05044e-05 0.000221727 0.00166028 0.00860916 0.03092 0.0769787 0.133263 0.162395 0.145706 0.110053 0.0868777 0.0745529 0.0597569 0.0425085 0.0282403 0.0179137 0.0105427 0.00561752 0.00266904 0.00110521 0.000387152
 3.71702e-11 1.74831e-09 5.69413e-08 1.28417e-06 2.00541e-05 0.000216857 0.00162382 0.00842015 0.0302418 0.0752963 0.130393 0.159095 0.143384 0.109653 0.08824 0.0767662 0.0619568 0.0443406 0.0296937 0.0190061 0.0112656 0.00600991 0.00283183 0.001151 0.000392487
 3.78833e-11 1.78185e-09 5.80337e-08 1.3088e-06 2.04389e-05 0.000221018 0.00165497 0.00858162 0.030821 0.0767304 0.132823 0.161808 0.14502 0.109221 0.0859227 0.0738054 0.0596691 0.0431952 0.0293792 0.0190639 0.0114212 0.00614582 0.00291155 0.00118276 0.000399978
 3.74635e-11 1.7621e-09 5.73905e-08 1.2943e-06 2.02124e-05 0.000218568 0.00163663 0.00848655 0.03048 0.075886 0.131391 0.160207 0.144043 0.109438 0.0872033 0.0753889 0.0607759 0.0436263 0.0294606 0.0191413 0.0115818 0.0063176 0.00303068 0.00124224 0.000421904
 3.66023e-11 1.7216e-09 5.60713e-08 1.26455e-06 1.97477e-05 0.000213544 0.00159901 0.00829153 0.0297802 0.0741499 0.128428 0.156793 0.141617 0.108964 0.0885406 0.0776762 0.0631805 0.0457092 0.0310428 0.0201787 0.0121797 0.00664552 0.00320683 0.00132744 0.000455468
 3.68393e-11 1.73274e-09 5.64344e-08 1.27274e-06 1.98756e-05 0.000214927 0.00160936 0.00834517 0.0299724 0.0746238 0.129217 0.157609 0.141884 0.108204 0.0868556 0.0758589 0.0621362 0.045714 0.0317029 0.0209607 0.0127819 0.00700848 0.00338954 0.00140676 0.00048505
 3.71418e-11 1.74697e-09 5.68979e-08 1.28319e-06 2.00388e-05 0.000216692 0.00162258 0.0084137 0.0302184 0.0752351 0.130267 0.158851 0.142873 0.108666 0.0867918 0.0753291 0.0611721 0.0444944 0.0306131 0.0203061 0.0125505 0.00699608 0.003429 0.00143524 0.000497438
 3.60787e-11 1.69697e-09 5.52691e-08 1.24646e-06 1.94652e-05 0.000210489 0.00157614 0.00817294 0.0293546 0.0730934 0.12662 0.154691 0.140058 0.108481 0.0890294 0.0786675 0.0642732 0.0467578 0.0320437 0.0211118 0.012977 0.00723828 0.00357614 0.00151489 0.000531202
 3.68712e-11 1.73425e-09 5.64833e-08 1.27384e-06 1.98928e-05 0.000215113 0.00161076 0.0083524 0.0299982 0.0746869 0.129318 0.157692 0.141833 0.107906 0.086328 0.0753061 0.0618075 0.0456967 0.0319099 0.0212677 0.0131047 0.00729092 0.0035934 0.00152407 0.000537408
 3.74062e-11 1.75941e-09 5.73028e-08 1.29232e-06 2.01815e-05 0.000218234 0.00163413 0.00847356 0.0304331 0.0757674 0.131173 0.159878 0.143549 0.108659 0.0861475 0.0743943 0.0603057 0.0438651 0.0302348 0.0201404 0.0125348 0.0070553 0.00350174 0.00148863 0.00052532
 3.70581e-11 1.74304e-09 5.67695e-08 1.28029e-06 1.99936e-05 0.000216203 0.00161892 0.00839474 0.0301504 0.0750674 0.129987 0.158556 0.142758 0.108892 0.0873325 0.0759453 0.0615748 0.0445504 0.0303853 0.0199698 0.0122856 0.00688183 0.0034255 0.00146608 0.00052061
 3.6794e-11 1.73061e-09 5.6365e-08 1.27117e-06 1.98512e-05 0.000214663 0.00160739 0.00833492 0.0299357 0.0745333 0.129067 0.157456 0.141841 0.108365 0.0871915 0.076187 0.0622523 0.0455744 0.0314422 0.0207488 0.012703 0.00704558 0.00347419 0.00147954 0.00052543
 3.58191e-11 1.68476e-09 5.48715e-08 1.23749e-06 1.93252e-05 0.000208975 0.0015648 0.00811415 0.0291435 0.0725686 0.125717 0.153614 0.13917 0.107986 0.0889013 0.0788477 0.064774 0.04755 0.0329596 0.0219233 0.0135394 0.00754815 0.00371845 0.00157496 0.000555855
#obs catch len freq
 2.416e-11 1.13637e-09 3.70109e-08 8.3469e-07 1.30349e-05 0.000140954 0.00105548 0.0054734 0.019663 0.0490032 0.0851764 0.105422 0.0998708 0.0868731 0.0837763 0.0843287 0.0784892 0.0686932 0.0594445 0.0506829 0.0418529 0.033023 0.0240038 0.0151625 0.00785058
 2.23825e-11 1.05277e-09 3.42879e-08 7.73279e-07 1.20759e-05 0.000130584 0.000977831 0.00507084 0.0182183 0.0454167 0.0790383 0.0982764 0.0945428 0.0851732 0.085433 0.0879492 0.0828906 0.0732721 0.0637736 0.0542756 0.0442878 0.0341876 0.0242558 0.0150666 0.00775033
 4.79603e-12 2.25582e-10 7.34708e-09 1.65696e-07 2.58762e-06 2.79833e-05 0.000209593 0.00108795 0.00392361 0.009928 0.0182797 0.0274396 0.0413441 0.0671075 0.0992568 0.119256 0.119639 0.110313 0.0991199 0.0859305 0.0705228 0.0541031 0.0377947 0.0230431 0.0116709
 1.81342e-14 8.52962e-13 2.77826e-11 6.26757e-10 9.79949e-09 1.06474e-07 8.12328e-07 4.52242e-06 2.06714e-05 9.53267e-05 0.000467132 0.00202403 0.00676107 0.0171057 0.0346844 0.0610736 0.0961567 0.13065 0.148983 0.145225 0.125842 0.0987881 0.0692696 0.0418981 0.0209493
 5.24615e-11 2.46754e-09 8.0366e-08 1.81246e-06 2.83041e-05 0.000306067 0.00229176 0.0118826 0.0426615 0.106059 0.182577 0.217638 0.179655 0.102764 0.0410282 0.0124483 0.0055392 0.00744006 0.0121368 0.0165494 0.0183102 0.0165996 0.0124677 0.00773334 0.00388094
 3.20264e-11 1.50637e-09 4.90615e-08 1.10646e-06 1.7279e-05 0.000186849 0.00139915 0.00725571 0.026068 0.0649861 0.113098 0.140621 0.135104 0.12043 0.115597 0.105669 0.0760207 0.0399002 0.0162969 0.00794029 0.00730379 0.00784186 0.006947 0.00478333 0.00253337
 4.12441e-11 1.93992e-09 6.3182e-08 1.42491e-06 2.22521e-05 0.000240624 0.00180177 0.00934254 0.03355 0.0834843 0.144242 0.174444 0.152273 0.10628 0.0741369 0.0604079 0.051903 0.041932 0.0299128 0.0176496 0.00862621 0.0042343 0.00266136 0.00181853 0.001035
 3.73054e-11 1.75467e-09 5.71484e-08 1.28884e-06 2.01271e-05 0.000217646 0.00162973 0.00845082 0.0303526 0.0755762 0.130908 0.159864 0.144514 0.111342 0.0902165 0.0778263 0.0609012 0.0416325 0.0272316 0.0179224 0.0110413 0.00587613 0.00272412 0.00121062 0.00054064
 3.70955e-11 1.74479e-09 5.68268e-08 1.28159e-06 2.00138e-05 0.000216421 0.00162056 0.00840318 0.0301807 0.0751404 0.130099 0.158629 0.142625 0.108412 0.0866566 0.075633 0.0621395 0.0457467 0.0313251 0.0201106 0.0118678 0.00637409 0.00305927 0.00127733 0.000461889
 3.67852e-11 1.7302e-09 5.63515e-08 1.27087e-06 1.98464e-05 0.000214611 0.001607 0.00833292 0.0299286 0.0745149 0.129031 0.157398 0.141741 0.108187 0.0869304 0.0759159 0.0621043 0.0456717 0.0318004 0.0212019 0.0130073 0.00711037 0.00340114 0.00139746 0.000483133
 3.24865e-11 1.52801e-09 4.97662e-08 1.12236e-06 1.75272e-05 0.000189532 0.00141922 0.00735946 0.0264357 0.0658529 0.114267 0.140491 0.130074 0.106782 0.09494 0.0882812 0.0738484 0.0546775 0.0381663 0.0255618 0.0158964 0.00890436 0.00437537 0.00182853 0.000631211
 3.9502e-11 1.85798e-09 6.05133e-08 1.36473e-06 2.13122e-05 0.000230461 0.00172567 0.00894804 0.0321346 0.0799753 0.138268 0.167635 0.147662 0.105851 0.0771054 0.0637959 0.0532253 0.0418403 0.0313591 0.0220136 0.0140038 0.00795207 0.00396777 0.00168973 0.000593784
 3.69318e-11 1.73709e-09 5.6576e-08 1.27593e-06 1.99255e-05 0.000215466 0.00161341 0.00836617 0.0300485 0.0748189 0.129594 0.158253 0.143039 0.110197 0.0894074 0.0775334 0.0613591 0.0426354 0.028277 0.0189337 0.0123241 0.00732228 0.00379238 0.00165614 0.0005929
 3.90819e-11 1.83823e-09 5.98698e-08 1.35022e-06 2.10855e-05 0.00022801 0.00170733 0.00885302 0.0317947 0.0791427 0.13692 0.16643 0.147977 0.10896 0.0827489 0.069566 0.0562172 0.0410786 0.0281013 0.0181886 0.0109507 0.00610931 0.0031118 0.00138323 0.00050935
 3.65964e-11 1.72132e-09 5.60622e-08 1.26434e-06 1.97446e-05 0.00021351 0.00159876 0.00829021 0.0297759 0.0741422 0.128436 0.156907 0.142048 0.109943 0.0899574 0.0788363 0.063299 0.0447433 0.0297114 0.0191523 0.0116037 0.00638137 0.00312406 0.00133347 0.000481163
 3.84647e-11 1.80919e-09 5.89242e-08 1.32889e-06 2.07525e-05 0.000224409 0.00168036 0.00871323 0.0312931 0.0778982 0.134795 0.163979 0.146227 0.108593 0.0836525 0.0711238 0.0578746 0.0426265 0.029489 0.019272 0.0115568 0.0062555 0.00301712 0.00126298 0.000444119
 3.60783e-11 1.69695e-09 5.52686e-08 1.24645e-06 1.9465e-05 0.000210487 0.00157613 0.00817288 0.0293548 0.0730963 0.126643 0.154805 0.14043 0.109303 0.0902215 0.0796812 0.0644813 0.0461115 0.0310802 0.0203191 0.0124417 0.00686654 0.00332702 0.00138034 0.000477646
 3.75354e-11 1.76549e-09 5.75007e-08 1.29679e-06 2.02512e-05 0.000218988 0.00163977 0.00850279 0.0305379 0.0760245 0.131594 0.160282 0.143564 0.107973 0.0849036 0.0733246 0.0601784 0.0446718 0.0312155 0.0206513 0.0125585 0.00689181 0.00335433 0.00140379 0.000487643
 3.72097e-11 1.75017e-09 5.70017e-08 1.28553e-06 2.00754e-05 0.000217088 0.00162555 0.00842906 0.0302737 0.0753727 0.130507 0.159148 0.143154 0.1089 0.0869599 0.0753484 0.0609468 0.0440752 0.0302015 0.0200545 0.0124479 0.00696343 0.00341982 0.00143494 0.000499544
 3.70125e-11 1.74089e-09 5.66997e-08 1.27872e-06 1.99691e-05 0.000215938 0.00161693 0.00838441 0.0301134 0.0749742 0.129821 0.158335 0.142498 0.108578 0.0869905 0.0757365 0.0616887 0.044975 0.0308885 0.0203353 0.0124697 0.00694782 0.00343706 0.00145978 0.00051339
 3.58459e-11 1.68602e-09 5.49125e-08 1.23842e-06 1.93396e-05 0.000209131 0.00156597 0.00812021 0.0291654 0.072623 0.125811 0.153733 0.139287 0.108096 0.0890079 0.0789328 0.0647989 0.04749 0.0328218 0.0217451 0.0133743 0.00743592 0.00366186 0.00155249 0.000547823
 3.69425e-11 1.7376e-09 5.65924e-08 1.2763e-06 1.99313e-05 0.000215529 0.00161387 0.00836851 0.030056 0.0748288 0.129551 0.157919 0.141852 0.10754 0.0856101 0.0745441 0.0613676 0.0457071 0.0322338 0.0216927 0.0134762 0.00754034 0.00372513 0.00157979 0.00055694
 3.70506e-11 1.74268e-09 5.67581e-08 1.28004e-06 1.99896e-05 0.00021616 0.0016186 0.00839303 0.0301443 0.07505 0.129945 0.15845 0.142488 0.108325 0.0864755 0.0750746 0.0610759 0.0446224 0.0309561 0.020791 0.0130624 0.00742372 0.00371539 0.00158869 0.000562476
 3.5795e-11 1.68363e-09 5.48346e-08 1.23666e-06 1.93122e-05 0.000208834 0.00156375 0.0081087 0.0291241 0.072521 0.12564 0.153548 0.1392 0.108189 0.0892518 0.0791737 0.0648686 0.0473542 0.032605 0.0216129 0.0134021 0.00757223 0.00380452 0.001643 0.000587863
 3.64859e-11 1.71612e-09 5.58929e-08 1.26053e-06 1.96849e-05 0.000212865 0.00159393 0.00826512 0.029685 0.0739087 0.127982 0.156121 0.140606 0.107377 0.0864465 0.0758605 0.0626505 0.0467161 0.0329347 0.0221262 0.0137258 0.00769576 0.00383251 0.00164753 0.000590285
 3.74635e-11 1.7621e-09 5.73905e-08 1.2943e-06 2.02124e-05 0.000218568 0.00163663 0.00848651 0.0304795 0.0758804 0.131353 0.160028 0.143459 0.108128 0.0852161 0.0734462 0.0598064 0.0439674 0.0307381 0.0207535 0.0130648 0.00742763 0.00372125 0.00159744 0.000569976
 3.77857e-11 1.77726e-09 5.78841e-08 1.30543e-06 2.03862e-05 0.000220448 0.00165071 0.00855949 0.0307417 0.0765327 0.132481 0.161393 0.144653 0.108946 0.085684 0.0735235 0.0593299 0.0429145 0.0293716 0.0194603 0.0121183 0.00688342 0.00347213 0.00150348 0.000539524
 3.86559e-11 1.81819e-09 5.92171e-08 1.3355e-06 2.08557e-05 0.000225525 0.00168872 0.00875656 0.0314488 0.0782871 0.135476 0.164847 0.147119 0.109468 0.0844399 0.071436 0.0572522 0.0411644 0.0279024 0.018214 0.0111321 0.00620994 0.0030949 0.00133492 0.000480087
#spawning biomass
 69207.3 69322.1 56611.6 38581.3 39633.3 70791.4 98629.1 139875 185677 212410 200416 195173 224764 238814 250848 286675 265660 235360 246692 246857 267613 248539 259728 255124 254007 276646 346485 395358 504835 586227 393717 236776 138052 82653.9 53593.2 38979.6 31830.4 28396.4 26767.3 26000.9 25642.4 25475.4 25397.8 25361.9 25345.2 25337.6 25334 25332.4 25331.7 25331.3 25331.1 25331.1 25331 25331 25331 25331 25331 25331 25331 25331 25331 25331 25331 25331 25331 25331 25331 25331 25331 25331 25331 25331 25331 25331 25331 25331 25331 25331 25331 25331 25331 25331 25331 25331 25331 25331 25331 25331 25331 25331 25331 25331 25331 25331 25331 25331 25331 25331 25331 25331 25331 25331 25331 25331 25331 25331 25331 25331 25331 25331 25331 25331 25331 25331 25331 25331 25331 25331 25331 25331 25331 25331 25331 25331 25331 25331 25331 25331 0 0 0 0 0 0 0 0 0 0 0 0 0 0 0 0 0 0 0 0 0 0 0 0 0
