SBPRF35
0.252415
Curr Bio
86855.4
B35
175179
F35
0.483688
FOFL
0.207474
OFL
16099.9
Bzero
72118.6
#pred survey bio
 43224.5 39478.6 39565.5 45363.2 54275.9 56947.1 67884.5 68719.7 74670.7 76220.5 77897.9 79123.9 87024.2 87855.6 93486.4 99914.4 114160 112741 135330 132974 140420 144823 147826 168639 168194 182445 160856 152352 5.09251e+06 3.29612e+06 2.47192e+06 1.73185e+06 1.27004e+06 1.01576e+06 883062 814839 779380 760416 749871 743758 740073 737779 736314 735358 734732 734318 734043 733859 733736 733653 733597 733560 733534 733517 733506 733498 733493 733490 733487 733486 733485 733484 733483 733483 733483 733483 733483 733483 733482 733482 733482 733482 733482 733482 733482 733482 733482 733482 733482 733482 733482 733482 733482 733482 733482 733482 733482 733482 733482 733482 733482 733482 733482 733482 733482 733482 733482 733482 733482 733482 733482 733482 733482 733482 733482 733482 733482 733482 733482 733482 733482 733482 733482 733482 733482 733482 733482 733482 733482 733482 733482 733482 733482 733482 733482 733482 733482 733482 0 0 0 0 0 0 0 0 0 0 0 0 0 0 0 0 0 0 0 0 0 0 0 0 0
#obs survey bio
 38183 52205.7 30333.9 51967.7 74972 68630.9 73565.5 68221.5 88371.5 71906.6 94479 68364.4 118397 85205.7 84311.2 129650 97991.7 135859 150777 145529 138964 86098.9 179285 153105 159527 195578 126179 171984
#pred catch bio
 25157.9 23507.2 23122.4 26220.1 33629 32083.8 41619 39657.8 44190.3 45909.3 46660.5 44490.4 52277.9 51044.3 54233.8 53348.8 68216.9 55386.3 76047.6 70625.5 77953.5 85928.9 79622.2 96465.1 90210.6 112996 96050.8 92930.8 16099.9 45786.5 34075.3 22500 15577.2 12004.5 10297 9518.35 9173.75 9024.26 8960.27 8933.13 8921.69 8916.89 8914.88 8914.04 8913.69 8913.55 8913.49 8913.46 8913.45 8913.45 8913.45 8913.45 8913.45 8913.45 8913.45 8913.45 8913.45 8913.45 8913.45 8913.45 8913.45 8913.45 8913.45 8913.45 8913.45 8913.45 8913.45 8913.45 8913.45 8913.45 8913.45 8913.45 8913.45 8913.45 8913.45 8913.45 8913.45 8913.45 8913.45 8913.45 8913.45 8913.45 8913.45 8913.45 8913.45 8913.45 8913.45 8913.45 8913.45 8913.45 8913.45 8913.45 8913.45 8913.45 8913.45 8913.45 8913.45 8913.45 8913.45 8913.45 8913.45 8913.45 8913.45 8913.45 8913.45 8913.45 8913.45 8913.45 8913.45 8913.45 8913.45 8913.45 8913.45 8913.45 8913.45 8913.45 8913.45 8913.45 8913.45 8913.45 8913.45 8913.45 8913.45 8913.45 8913.45 8913.45 8913.45 8913.45 0 0 0 0 0 0 0 0 0 0 0 0 0 0 0 0 0 0 0 0 0 0 0 0 0
#obs catch bio
 21577.9 23783.5 24558.8 26240.2 33333.3 31255.8 41236.7 39418.4 43587.4 46600 46647.3 44246.2 52146.8 51116.2 55357.8 49300.1 68803.5 51203.8 71686.3 66650.7 73633.6 89935.3 78716 99240.5 92207.1 121151 103690 94363.4
#pred cpue bio
 33876.7 27605.1 27411.4 30524.4 36457.4 38363.3 46188.1 46972.2 51541.1 52854.6 53422 54660.2 60486.2 60545.2 64628.8 68987.5 80274.7 78275.7 96741.8 95243.4 100815 102577 101809 118242 119280 129523 113150 107249 3.5304e+06 3.01035e+06 2.35506e+06 1.62558e+06 1.16426e+06 910005 777305 709082 673624 654659 644115 638001 634317 632023 630557 629601 628976 628562 628287 628103 627979 627896 627841 627803 627778 627761 627750 627742 627737 627733 627731 627729 627728 627728 627727 627727 627727 627726 627726 627726 627726 627726 627726 627726 627726 627726 627726 627726 627726 627726 627726 627726 627726 627726 627726 627726 627726 627726 627726 627726 627726 627726 627726 627726 627726 627726 627726 627726 627726 627726 627726 627726 627726 627726 627726 627726 627726 627726 627726 627726 627726 627726 627726 627726 627726 627726 627726 627726 627726 627726 627726 627726 627726 627726 627726 627726 627726 627726 627726 627726 0 0 0 0 0 0 0 0 0 0 0 0 0 0 0 0 0 0 0 0 0 0 0 0 0
#obs cpue bio
 24144.4 22345.5 24158.3 30406.8 29478.9 33428.9 46318.2 44749.3 49846 47843.4 48334.6 58138.8 50437.6 56745.4 66597.5 87566.1 79368.9 99907.1 111310 102945 130234 114811 97802.2 109198 108061 98079 96041.4 106343
#pred surv len freq
 3.81368e-11 1.79377e-09 5.8422e-08 1.31756e-06 2.05756e-05 0.000222496 0.00166603 0.00863883 0.0310243 0.0772159 0.133521 0.161988 0.143025 0.103179 0.0756928 0.0621204 0.0502113 0.037898 0.0283762 0.0219842 0.0177931 0.0151598 0.0130826 0.0103703 0.00680892
 4.25522e-11 2.00145e-09 6.5186e-08 1.47011e-06 2.29578e-05 0.000248256 0.00185892 0.009639 0.0346161 0.0861537 0.148965 0.180669 0.159309 0.114298 0.0823091 0.064465 0.0470242 0.0291134 0.0162996 0.00930202 0.00575932 0.00390177 0.0028204 0.00199483 0.00122926
 4.18608e-11 1.96893e-09 6.41268e-08 1.44622e-06 2.25848e-05 0.000244223 0.00182872 0.0094825 0.0340553 0.0847709 0.146661 0.178286 0.158532 0.116553 0.0874235 0.0703867 0.0513203 0.0307636 0.0157629 0.00749289 0.00344081 0.0015736 0.000770095 0.000411691 0.000216429
 4.38862e-11 2.0642e-09 6.72296e-08 1.51619e-06 2.36776e-05 0.000256039 0.0019172 0.00994114 0.0357005 0.0888467 0.15358 0.186071 0.163444 0.115923 0.0817736 0.0629649 0.0454871 0.0276631 0.0145459 0.0069927 0.00306363 0.00119127 0.000419419 0.000143471 5.05374e-05
 4.37686e-11 2.05866e-09 6.70494e-08 1.51213e-06 2.36141e-05 0.000255353 0.00191206 0.00991452 0.0356052 0.0886127 0.153197 0.18571 0.163455 0.116612 0.0830408 0.0641713 0.0459216 0.0272204 0.0137427 0.00635392 0.00272821 0.00104635 0.000348767 0.000100763 2.56261e-05
 4.34431e-11 2.04336e-09 6.65508e-08 1.50089e-06 2.34385e-05 0.000253454 0.00189785 0.00984083 0.035341 0.087959 0.152094 0.184499 0.162796 0.117004 0.0843847 0.0657742 0.0470295 0.0275851 0.0136147 0.00608113 0.00250622 0.000920467 0.000293622 8.0652e-05 1.88384e-05
 4.29805e-11 2.0216e-09 6.58422e-08 1.4849e-06 2.31889e-05 0.000250755 0.00187764 0.00973607 0.034965 0.0870252 0.150493 0.182624 0.161357 0.116452 0.0846844 0.0666842 0.0483521 0.0290916 0.0149517 0.00696817 0.00293956 0.0010773 0.000336052 8.9056e-05 1.98806e-05
 4.25683e-11 2.00221e-09 6.52106e-08 1.47066e-06 2.29665e-05 0.00024835 0.00185963 0.00964273 0.0346302 0.0861967 0.149092 0.181073 0.16047 0.116827 0.0861883 0.068486 0.049576 0.0294981 0.0148961 0.00685053 0.00289856 0.00108241 0.000345722 9.30089e-05 2.07247e-05
 4.20538e-11 1.97801e-09 6.44225e-08 1.45289e-06 2.26889e-05 0.000245349 0.00183716 0.00952621 0.0342121 0.0851588 0.147317 0.17901 0.158943 0.116375 0.0867543 0.0696876 0.0510621 0.0310015 0.0161425 0.00765327 0.00329182 0.00123324 0.000394058 0.000106653 2.40652e-05
 4.17509e-11 1.96376e-09 6.39585e-08 1.44242e-06 2.25255e-05 0.000243582 0.00182393 0.00945762 0.033966 0.0845488 0.146279 0.177831 0.15816 0.116363 0.0874419 0.070658 0.0518989 0.0315593 0.0164957 0.00789472 0.00345296 0.00132288 0.000432487 0.000119125 2.71674e-05
 4.25456e-11 2.00114e-09 6.51759e-08 1.46988e-06 2.29543e-05 0.000248218 0.00185864 0.00963757 0.0346115 0.0861485 0.148998 0.180904 0.160149 0.116248 0.085401 0.0678485 0.0495122 0.0300561 0.0157061 0.00752048 0.00329564 0.00126908 0.000419144 0.000117251 2.724e-05
 4.19325e-11 1.9723e-09 6.42367e-08 1.4487e-06 2.26235e-05 0.000244641 0.00183186 0.00949875 0.0341136 0.0849155 0.146908 0.178572 0.158741 0.116615 0.0873766 0.0703487 0.0513957 0.030944 0.0159228 0.00749809 0.00324976 0.00124584 0.000411481 0.000115509 2.7024e-05
 4.17074e-11 1.96172e-09 6.38919e-08 1.44092e-06 2.25021e-05 0.000243328 0.00182203 0.00944777 0.0339305 0.0844597 0.146119 0.177609 0.157879 0.115991 0.0870107 0.0703677 0.0519861 0.0320214 0.0170663 0.00831763 0.00367144 0.00141021 0.000462959 0.000129111 3.01061e-05
 4.22231e-11 1.98597e-09 6.46819e-08 1.45874e-06 2.27803e-05 0.000246337 0.00184455 0.00956455 0.0343496 0.0854992 0.147893 0.179652 0.159325 0.116255 0.0861663 0.0689176 0.0504272 0.0306518 0.0160603 0.00774121 0.0034323 0.00134206 0.00045008 0.00012745 2.98938e-05
 4.19945e-11 1.97522e-09 6.43316e-08 1.45084e-06 2.26569e-05 0.000245003 0.00183456 0.00951277 0.0341638 0.0850389 0.147111 0.178766 0.158748 0.11628 0.086746 0.0697329 0.0511446 0.0311244 0.0163056 0.00783301 0.00344787 0.00133719 0.000446822 0.000127134 3.0177e-05
 4.21179e-11 1.98102e-09 6.45206e-08 1.4551e-06 2.27235e-05 0.000245723 0.00183996 0.00954071 0.034264 0.0852869 0.14753 0.179229 0.159011 0.11616 0.0862816 0.0691734 0.0507568 0.0309897 0.0163281 0.00789165 0.0034865 0.00135252 0.000450631 0.000127621 3.01802e-05
 4.09354e-11 1.92541e-09 6.27093e-08 1.41425e-06 2.20856e-05 0.000238824 0.0017883 0.00927295 0.0333033 0.0829046 0.143471 0.174588 0.155832 0.115847 0.088613 0.0727514 0.0541881 0.0336432 0.0181521 0.00900084 0.0040578 0.00159711 0.000537778 0.000153328 3.63555e-05
 4.18178e-11 1.96691e-09 6.4061e-08 1.44473e-06 2.25616e-05 0.000243972 0.00182685 0.00947276 0.0340202 0.0846818 0.146496 0.178033 0.158145 0.115948 0.0866738 0.0698906 0.0515428 0.0317197 0.0169455 0.00835242 0.00377789 0.00150489 0.000515101 0.000149243 3.58478e-05
 3.98814e-11 1.87583e-09 6.10946e-08 1.37783e-06 2.15169e-05 0.000232675 0.00174226 0.00903425 0.0324468 0.0807798 0.139844 0.170415 0.152882 0.115309 0.090313 0.0756107 0.0571646 0.036209 0.0201121 0.0102897 0.00476475 0.00192168 0.000664064 0.00019464 4.74197e-05
 3.97971e-11 1.87187e-09 6.09655e-08 1.37492e-06 2.14714e-05 0.000232183 0.00173858 0.00901516 0.0323783 0.0806095 0.139551 0.170068 0.152603 0.115166 0.0902894 0.0756616 0.0572727 0.0363851 0.020358 0.0105652 0.0050005 0.00207234 0.000735859 0.000220476 5.45754e-05
 3.97702e-11 1.8706e-09 6.09243e-08 1.37399e-06 2.14569e-05 0.000232026 0.0017374 0.00900906 0.0323562 0.0805533 0.139446 0.1699 0.152327 0.114709 0.089687 0.0751757 0.0572203 0.0368072 0.0209851 0.0111051 0.00534415 0.00225216 0.000816231 0.000250546 6.36068e-05
 4.07395e-11 1.91619e-09 6.24091e-08 1.40748e-06 2.19799e-05 0.000237681 0.00177974 0.00922856 0.0331438 0.0825063 0.142774 0.173704 0.154932 0.114963 0.0877632 0.0722082 0.0543459 0.0345665 0.0194643 0.0102287 0.0049399 0.00210774 0.000776979 0.000242981 6.29054e-05
 4.24684e-11 1.99751e-09 6.50576e-08 1.46721e-06 2.29126e-05 0.000247767 0.00185527 0.00962007 0.0345486 0.0859909 0.148718 0.180534 0.159723 0.11574 0.0848237 0.067398 0.0494586 0.0304682 0.0163908 0.00821383 0.00382995 0.00159997 0.000584298 0.000182953 4.78185e-05
 4.10958e-11 1.93295e-09 6.29549e-08 1.41979e-06 2.21721e-05 0.00023976 0.00179531 0.00930926 0.0334336 0.0832282 0.144025 0.175239 0.156332 0.11604 0.0885068 0.0724188 0.0536893 0.0330679 0.0176516 0.00869515 0.0039435 0.00158887 0.000558716 0.000169664 4.35239e-05
 4.03051e-11 1.89576e-09 6.17437e-08 1.39247e-06 2.17455e-05 0.000235147 0.00176077 0.00913022 0.0327913 0.0816354 0.141312 0.17214 0.154224 0.115868 0.0901257 0.0748781 0.0560341 0.0348589 0.0188483 0.0093815 0.00425873 0.00169704 0.000583458 0.000171754 4.25789e-05
 4.05122e-11 1.9055e-09 6.20609e-08 1.39963e-06 2.18572e-05 0.000236355 0.00176982 0.00917709 0.0329591 0.0820487 0.141996 0.172827 0.15437 0.115016 0.0883995 0.0731261 0.0552123 0.0351834 0.0197597 0.0102347 0.00478896 0.00194716 0.000676891 0.000199312 4.88521e-05
 4.08417e-11 1.921e-09 6.25656e-08 1.41101e-06 2.2035e-05 0.000238277 0.00178421 0.00925173 0.0332273 0.0827171 0.143159 0.174267 0.155731 0.116149 0.0892512 0.0733551 0.0543685 0.0333766 0.0177691 0.00879571 0.00405293 0.00166664 0.000593 0.00017862 4.44694e-05
 4.08051e-11 1.91928e-09 6.25096e-08 1.40975e-06 2.20152e-05 0.000238064 0.00178261 0.00924344 0.0331975 0.0826428 0.143029 0.174105 0.155574 0.116014 0.0891618 0.073387 0.0545933 0.0337285 0.0180532 0.00888521 0.00399973 0.00158911 0.000548465 0.000162921 4.07096e-05
#obs surv len freq
 4.20444e-11 1.97757e-09 6.44081e-08 1.45257e-06 2.26839e-05 0.000245294 0.00183675 0.00952405 0.034204 0.0851342 0.147246 0.17879 0.158322 0.115053 0.0848304 0.0679904 0.0505925 0.0319647 0.0178364 0.00924356 0.00438665 0.00184039 0.000671659 0.00021019 5.49619e-05
 4.05233e-11 1.90602e-09 6.20779e-08 1.40001e-06 2.18632e-05 0.00023642 0.0017703 0.00917965 0.032969 0.0820783 0.142083 0.173099 0.155141 0.11665 0.0907249 0.0750252 0.0553942 0.033534 0.017441 0.00843268 0.00383953 0.00158281 0.000571912 0.000177099 4.58577e-05
 4.24779e-11 1.99795e-09 6.50721e-08 1.46754e-06 2.29177e-05 0.000247823 0.00185568 0.00962222 0.0345565 0.0860104 0.148754 0.180585 0.159795 0.115851 0.0849869 0.0675938 0.0496344 0.0305504 0.0163147 0.00799233 0.0035673 0.00140163 0.000479166 0.000141991 3.57693e-05
 4.36389e-11 2.05257e-09 6.68507e-08 1.50765e-06 2.35442e-05 0.000254597 0.0019064 0.00988516 0.0355 0.0883514 0.152751 0.185195 0.163086 0.116531 0.0832248 0.0644899 0.0462543 0.0275157 0.0139903 0.00654598 0.00285784 0.00111853 0.000379998 0.000110075 2.67032e-05
 4.36033e-11 2.05089e-09 6.67961e-08 1.50642e-06 2.35249e-05 0.000254389 0.00190484 0.00987709 0.0354712 0.0882817 0.152644 0.185128 0.163226 0.117043 0.0840604 0.065271 0.0465347 0.0271954 0.0133569 0.00594823 0.00246122 0.00091574 0.000298064 8.37316e-05 1.98898e-05
 4.29648e-11 2.02086e-09 6.58181e-08 1.48436e-06 2.31805e-05 0.000250664 0.00187695 0.00973252 0.0349525 0.0869953 0.150451 0.182618 0.161496 0.116846 0.0852883 0.0672056 0.0484553 0.0287371 0.0144179 0.00654397 0.00271172 0.00098728 0.000308669 8.25562e-05 1.86987e-05
 4.33541e-11 2.03917e-09 6.64143e-08 1.49781e-06 2.33905e-05 0.000252935 0.00189396 0.00982066 0.0352688 0.0877794 0.151786 0.184141 0.162529 0.116918 0.0844703 0.0659689 0.0472784 0.0278484 0.013846 0.0062407 0.00258805 0.000949058 0.000298354 7.93468e-05 1.75915e-05
 4.10321e-11 1.92996e-09 6.28574e-08 1.41759e-06 2.21377e-05 0.000239388 0.00179253 0.0092949 0.0333828 0.0831067 0.143852 0.175203 0.156856 0.117557 0.0908707 0.0745454 0.0543084 0.0319523 0.0157201 0.0069788 0.00285318 0.00103517 0.000323319 8.57979e-05 1.90213e-05
 4.32197e-11 2.03285e-09 6.62085e-08 1.49317e-06 2.3318e-05 0.000252151 0.00188809 0.00979021 0.0351592 0.0875043 0.151295 0.183471 0.161703 0.115862 0.0832694 0.0651748 0.0475493 0.0291793 0.0154921 0.00747127 0.00322548 0.00119482 0.000373465 9.84315e-05 2.16609e-05
 4.042e-11 1.90116e-09 6.19196e-08 1.39644e-06 2.18075e-05 0.000235817 0.00176579 0.00915625 0.0328851 0.0818712 0.141736 0.172732 0.154988 0.116901 0.0913474 0.0757387 0.0558754 0.0336606 0.0173019 0.00817828 0.00358648 0.00139533 0.000464019 0.000128872 2.9259e-05
 4.4088e-11 2.07369e-09 6.75387e-08 1.52317e-06 2.37864e-05 0.000257216 0.00192601 0.00998683 0.0358647 0.0892538 0.154276 0.186881 0.164045 0.116106 0.0815634 0.0625113 0.0449268 0.0270982 0.0140784 0.00668967 0.00290606 0.00111078 0.000365896 0.000102801 2.41029e-05
 3.92781e-11 1.84745e-09 6.01703e-08 1.35699e-06 2.11914e-05 0.000229155 0.00171591 0.0088977 0.0319578 0.0795745 0.137843 0.168377 0.152332 0.117511 0.0949278 0.0803334 0.0594226 0.0354381 0.0178227 0.00818217 0.00349048 0.00133108 0.000439329 0.000123274 2.88266e-05
 4.33949e-11 2.04109e-09 6.64769e-08 1.49922e-06 2.34125e-05 0.000253173 0.00189574 0.00982986 0.0353013 0.0878555 0.151885 0.184104 0.161999 0.11552 0.0823585 0.0641577 0.0469348 0.0291082 0.015736 0.00775353 0.00342085 0.00129961 0.00042015 0.000115626 2.67418e-05
 4.06504e-11 1.912e-09 6.22726e-08 1.40441e-06 2.19318e-05 0.000237162 0.00177586 0.00920846 0.0330726 0.0823373 0.142539 0.173694 0.155793 0.117371 0.0914788 0.0755174 0.0552444 0.0327187 0.0163616 0.00752049 0.00325478 0.00127171 0.00042963 0.00012204 2.84974e-05
 4.26904e-11 2.00795e-09 6.53976e-08 1.47488e-06 2.30324e-05 0.000249063 0.00186496 0.00967035 0.0347293 0.0864401 0.149493 0.181467 0.16052 0.116248 0.0850706 0.0674024 0.0491587 0.0298446 0.0155599 0.00737929 0.00317121 0.00119047 0.00038501 0.000107081 2.51624e-05
 4.15282e-11 1.95329e-09 6.36173e-08 1.43473e-06 2.24054e-05 0.000242283 0.0018142 0.00940721 0.0337854 0.0841021 0.145528 0.177019 0.157765 0.116751 0.0885249 0.071862 0.052604 0.0316152 0.0162117 0.00761591 0.003302 0.00126661 0.00041672 0.00011576 2.67117e-05
 4.23442e-11 1.99167e-09 6.48673e-08 1.46292e-06 2.28456e-05 0.000247043 0.00184984 0.00959195 0.034448 0.0857422 0.148302 0.180097 0.159554 0.116077 0.0856328 0.0683302 0.0501017 0.0306458 0.0161879 0.00782391 0.00343874 0.0013208 0.000434608 0.000121449 2.82988e-05
 4.09466e-11 1.92593e-09 6.27263e-08 1.41464e-06 2.20916e-05 0.000238889 0.00178879 0.00927549 0.0333129 0.082931 0.143536 0.17476 0.156279 0.116767 0.0899145 0.0738188 0.054306 0.0327416 0.0168633 0.00797694 0.00349332 0.00135899 0.000455378 0.000129085 3.03277e-05
 4.08151e-11 1.91975e-09 6.25249e-08 1.41009e-06 2.20207e-05 0.000238122 0.00178305 0.00924569 0.0332057 0.0826621 0.143057 0.174114 0.155502 0.115801 0.0888381 0.0731262 0.0545871 0.0339819 0.0183756 0.00909672 0.00406925 0.00158247 0.000526782 0.000149197 3.53136e-05
 3.94096e-11 1.85364e-09 6.03718e-08 1.36154e-06 2.12624e-05 0.000229923 0.00172165 0.00892745 0.032064 0.0798336 0.138254 0.168701 0.152062 0.116169 0.0926645 0.0782172 0.0586874 0.0363202 0.0194772 0.00965467 0.00440097 0.00176684 0.0006075 0.000175844 4.20105e-05
 4.17717e-11 1.96474e-09 6.39903e-08 1.44314e-06 2.25368e-05 0.000243703 0.00182483 0.0094623 0.0339825 0.0845855 0.146314 0.177741 0.157662 0.115144 0.0856179 0.0690652 0.0515185 0.032547 0.018097 0.00928096 0.00431187 0.00174719 0.00060747 0.000179186 4.3861e-05
 4.08594e-11 1.92183e-09 6.25928e-08 1.41163e-06 2.20446e-05 0.000238381 0.00178498 0.00925575 0.0332419 0.0827537 0.143225 0.174364 0.155869 0.116352 0.0895013 0.0735382 0.0543484 0.0331472 0.0174681 0.00856188 0.00392477 0.00161229 0.000573925 0.000172948 4.30652e-05
 4.24152e-11 1.99501e-09 6.49761e-08 1.46537e-06 2.28839e-05 0.000247457 0.00185294 0.00960804 0.0345056 0.0858847 0.148542 0.180357 0.159683 0.115957 0.0852847 0.0679173 0.0498085 0.0305423 0.0162284 0.00793079 0.00355241 0.00140758 0.000485256 0.000144123 3.6024e-05
 3.9415e-11 1.85389e-09 6.038e-08 1.36172e-06 2.12652e-05 0.000229954 0.00172189 0.00892866 0.0320685 0.079846 0.138284 0.168778 0.152256 0.116568 0.0932353 0.0787058 0.0587894 0.0359824 0.0189327 0.00917327 0.0040987 0.00162247 0.00055492 0.000161824 3.95174e-05
 3.926e-11 1.8466e-09 6.01426e-08 1.35637e-06 2.11817e-05 0.00022905 0.00171512 0.00889354 0.0319421 0.0795283 0.137714 0.167989 0.151256 0.115243 0.0916897 0.0776414 0.0590455 0.0375764 0.0209602 0.0107296 0.00493996 0.00197033 0.000672086 0.000194907 4.72329e-05
 4.08859e-11 1.92307e-09 6.26332e-08 1.41254e-06 2.20588e-05 0.000238535 0.00178614 0.00926169 0.0332628 0.0828012 0.143277 0.174282 0.155338 0.115031 0.0875234 0.0718281 0.0539846 0.0342845 0.019247 0.0100519 0.00479647 0.00200307 0.000714054 0.000213533 5.24991e-05
 3.94299e-11 1.85459e-09 6.04028e-08 1.36224e-06 2.12733e-05 0.000230041 0.00172254 0.00893203 0.0320805 0.0798747 0.138326 0.168793 0.152157 0.11626 0.0927332 0.0782028 0.0585293 0.0360581 0.019253 0.00957749 0.00445266 0.00185825 0.000675202 0.000208459 5.31494e-05
 4.13486e-11 1.94484e-09 6.33422e-08 1.42853e-06 2.23085e-05 0.000241235 0.00180635 0.00936649 0.0336389 0.0837343 0.14487 0.176123 0.15666 0.115331 0.0868878 0.0707185 0.0528206 0.0332332 0.0183334 0.00931951 0.00430298 0.00174356 0.000612971 0.000185618 4.73351e-05
#pred catch len freq
 3.2681e-11 1.53716e-09 5.00642e-08 1.12907e-06 1.76321e-05 0.000190667 0.00142771 0.0074033 0.0265907 0.066215 0.114731 0.140289 0.127423 0.0995855 0.08299 0.0746444 0.0626993 0.0482084 0.0365648 0.0285498 0.0231869 0.0197799 0.0170763 0.0135374 0.00888858
 3.82668e-11 1.79989e-09 5.86212e-08 1.32205e-06 2.06458e-05 0.000223255 0.00167173 0.00866861 0.0311347 0.0775239 0.134281 0.163982 0.148218 0.11409 0.0920289 0.0782815 0.0590483 0.037087 0.0210074 0.012114 0.00754668 0.0051252 0.00370753 0.00262281 0.0016163
 3.7422e-11 1.76015e-09 5.73271e-08 1.29287e-06 2.019e-05 0.000218327 0.00163483 0.0084774 0.0304496 0.0758351 0.131471 0.161093 0.147345 0.117016 0.0985478 0.0858062 0.0644987 0.0391616 0.0202767 0.0097363 0.00450289 0.00206702 0.00101325 0.00054202 0.000284993
 3.97728e-11 1.87072e-09 6.09283e-08 1.37408e-06 2.14583e-05 0.000232042 0.00173752 0.0090097 0.032359 0.0805653 0.1395 0.170125 0.153032 0.116258 0.0919561 0.0771809 0.0577699 0.0356503 0.0189507 0.00919749 0.00405492 0.00158183 0.000557827 0.000190981 6.7301e-05
 4.00491e-11 1.88372e-09 6.13515e-08 1.38363e-06 2.16074e-05 0.000233653 0.00174959 0.00907229 0.0325838 0.0811253 0.140472 0.17132 0.154132 0.117115 0.0925362 0.0772619 0.0570528 0.034245 0.0174516 0.00814031 0.00351696 0.00135318 0.000451707 0.000130598 3.32262e-05
 3.913e-11 1.84049e-09 5.99435e-08 1.35188e-06 2.11115e-05 0.000228291 0.00170944 0.00886418 0.0318374 0.0792771 0.137341 0.167826 0.15203 0.117687 0.0955427 0.0810868 0.0599795 0.0356637 0.0177879 0.00802787 0.0033337 0.00122936 0.00039291 0.000108027 2.52449e-05
 3.90403e-11 1.83627e-09 5.98061e-08 1.34878e-06 2.10631e-05 0.000227768 0.00170552 0.00884384 0.0317642 0.079093 0.13701 0.167366 0.151439 0.116895 0.0946182 0.0804612 0.0601636 0.0366572 0.0190218 0.00894304 0.00379523 0.00139521 0.000435877 0.000115603 2.58181e-05
 3.82033e-11 1.7969e-09 5.85239e-08 1.31986e-06 2.06115e-05 0.000222885 0.00166896 0.00865433 0.0310845 0.0774099 0.134158 0.164183 0.149523 0.117406 0.0973175 0.0838432 0.062654 0.0377719 0.0192739 0.00895302 0.00381489 0.00142983 0.000457471 0.000123177 2.74592e-05
 3.77247e-11 1.77439e-09 5.77907e-08 1.30332e-06 2.03533e-05 0.000220093 0.00164805 0.00854592 0.0306954 0.0764433 0.132501 0.162235 0.148012 0.116787 0.0975578 0.0847275 0.0640151 0.039373 0.0207138 0.00991302 0.00429062 0.00161262 0.000516084 0.000139793 3.15568e-05
 3.74726e-11 1.76253e-09 5.74045e-08 1.29461e-06 2.02173e-05 0.000218622 0.00163704 0.00848884 0.0304906 0.0759356 0.131636 0.161251 0.147351 0.116753 0.098093 0.0854925 0.0646783 0.0398274 0.0210282 0.0101569 0.00446969 0.00171773 0.000562402 0.000155025 3.53685e-05
 3.83759e-11 1.80502e-09 5.87883e-08 1.32582e-06 2.07046e-05 0.000223892 0.0016765 0.00869338 0.0312243 0.077754 0.134727 0.164746 0.149614 0.11663 0.0957842 0.0823078 0.0619658 0.0381101 0.0201188 0.00972265 0.0042869 0.00165595 0.00054772 0.000153332 3.56365e-05
 3.72962e-11 1.75424e-09 5.71344e-08 1.28852e-06 2.01221e-05 0.000217593 0.00162934 0.00844892 0.0303475 0.0755821 0.131043 0.160617 0.147064 0.117119 0.0990359 0.0865211 0.0652559 0.0398234 0.020719 0.00985838 0.00430316 0.00165569 0.000547781 0.0001539 3.60217e-05
 3.73957e-11 1.75892e-09 5.72868e-08 1.29196e-06 2.01758e-05 0.000218173 0.00163368 0.00847142 0.0304279 0.0757787 0.131359 0.160885 0.146935 0.116273 0.0975851 0.0851873 0.0648526 0.0404659 0.0217895 0.0107159 0.00475779 0.00183289 0.000602581 0.000168174 3.92307e-05
 3.78142e-11 1.7786e-09 5.79278e-08 1.30642e-06 2.04016e-05 0.000220615 0.00165196 0.00856619 0.030768 0.076623 0.132803 0.162564 0.148178 0.116642 0.0971184 0.0841785 0.063578 0.0391687 0.0207443 0.0100972 0.00450604 0.00176766 0.000593712 0.00016825 3.94788e-05
 3.75351e-11 1.76547e-09 5.75002e-08 1.29677e-06 2.0251e-05 0.000218986 0.00163977 0.00850298 0.0305413 0.076061 0.131848 0.161482 0.147473 0.116668 0.0978203 0.0851702 0.0644563 0.0397531 0.0210506 0.0102116 0.00452412 0.00176037 0.000589146 0.000167761 3.98363e-05
 3.7235e-11 1.75136e-09 5.70406e-08 1.28641e-06 2.00891e-05 0.000217236 0.00162666 0.00843504 0.0302975 0.0754563 0.130816 0.160298 0.146644 0.11654 0.0983419 0.0860218 0.0653245 0.0404808 0.0215873 0.0105476 0.00469339 0.00182731 0.000609869 0.000172869 4.08991e-05
 3.64545e-11 1.71464e-09 5.58449e-08 1.25944e-06 1.9668e-05 0.000212682 0.00159257 0.00825827 0.0296632 0.0738825 0.128129 0.157197 0.144425 0.116066 0.099493 0.0880531 0.0675262 0.0424665 0.0231539 0.0115867 0.00525414 0.002074 0.000699328 0.000199531 4.73284e-05
 3.6479e-11 1.7158e-09 5.58824e-08 1.26029e-06 1.96812e-05 0.000212825 0.00159364 0.00826383 0.0296832 0.0739327 0.128218 0.157319 0.144576 0.116258 0.0997044 0.0881717 0.0674261 0.0421676 0.0228298 0.0113878 0.00519065 0.00207558 0.000711715 0.000206393 4.95981e-05
 3.48537e-11 1.63935e-09 5.33927e-08 1.20414e-06 1.88044e-05 0.000203343 0.00152264 0.00789577 0.0283624 0.0706561 0.122624 0.150871 0.139984 0.115337 0.102203 0.0925069 0.0720724 0.0462921 0.0260146 0.0134416 0.00626217 0.00253316 0.000876628 0.000257135 6.26697e-05
 3.44491e-11 1.62032e-09 5.27728e-08 1.19016e-06 1.8586e-05 0.000200983 0.00150497 0.00780413 0.0280336 0.0698404 0.121232 0.149271 0.138856 0.115137 0.102846 0.0935424 0.07308 0.0471227 0.0267013 0.0140059 0.00667213 0.00277381 0.000986398 0.000295762 7.32393e-05
 3.46407e-11 1.62933e-09 5.30664e-08 1.19678e-06 1.86894e-05 0.000202101 0.00151334 0.00784751 0.028189 0.0702238 0.121871 0.149934 0.139081 0.114545 0.101532 0.0921532 0.072341 0.0472145 0.0272461 0.0145615 0.00704884 0.00297899 0.0010811 0.000332074 8.43335e-05
 3.61579e-11 1.7007e-09 5.53906e-08 1.24919e-06 1.9508e-05 0.000210952 0.00157961 0.00819108 0.0294217 0.0732804 0.127079 0.155885 0.143148 0.114919 0.0984887 0.0874883 0.0678543 0.0437481 0.0249066 0.0132086 0.0064141 0.00274394 0.00101273 0.000316894 8.20649e-05
 3.76851e-11 1.77253e-09 5.77301e-08 1.30196e-06 2.0332e-05 0.000219862 0.00164632 0.00853694 0.0306629 0.0763603 0.132342 0.161972 0.147552 0.115986 0.0964476 0.0837183 0.0636419 0.0398096 0.0216801 0.0109825 0.00515639 0.00216137 0.000790532 0.000247708 6.47664e-05
 3.63876e-11 1.7115e-09 5.57424e-08 1.25713e-06 1.96319e-05 0.000212292 0.00158965 0.00824314 0.029609 0.0737491 0.127907 0.156974 0.144374 0.116329 0.100022 0.088559 0.0676959 0.0422601 0.0228111 0.0113494 0.00518074 0.00209413 0.000737507 0.000224126 5.75162e-05
 3.5109e-11 1.65136e-09 5.37837e-08 1.21296e-06 1.89421e-05 0.000204833 0.00153379 0.0079536 0.0285701 0.0711734 0.123521 0.151969 0.140979 0.116086 0.102688 0.0925732 0.0714843 0.0451121 0.0246912 0.0124227 0.00567807 0.00227037 0.000781845 0.000230345 5.71284e-05
 3.61707e-11 1.7013e-09 5.54102e-08 1.24964e-06 1.95149e-05 0.000211027 0.00158017 0.00819398 0.0294322 0.0733065 0.127125 0.155944 0.14321 0.114992 0.0985949 0.0876529 0.0680687 0.043928 0.0249217 0.0130162 0.00612114 0.00249494 0.000868341 0.000255843 6.27283e-05
 3.63471e-11 1.70959e-09 5.56803e-08 1.25573e-06 1.96101e-05 0.000212056 0.00158788 0.00823396 0.0295761 0.073668 0.127773 0.156835 0.144328 0.116453 0.10028 0.0887818 0.0677164 0.0420964 0.0226474 0.0113178 0.00524745 0.00216442 0.000771167 0.000232438 5.78865e-05
 3.6436e-11 1.71377e-09 5.58165e-08 1.2588e-06 1.9658e-05 0.000212574 0.00159176 0.00825409 0.0296482 0.0738462 0.128071 0.157154 0.144472 0.116274 0.0998359 0.0883606 0.0676033 0.042283 0.0228608 0.0113524 0.00513995 0.00204805 0.000707843 0.00021041 5.25946e-05
#obs catch len freq
 3.29696e-11 1.55073e-09 5.05063e-08 1.13905e-06 1.77878e-05 0.000192351 0.00144034 0.00746913 0.0268321 0.0668637 0.116181 0.143596 0.135306 0.11568 0.107095 0.0990729 0.0773871 0.0493864 0.0276031 0.0144114 0.0069551 0.00297631 0.0010999 0.000344173 8.91885e-05
 3.69466e-11 1.73779e-09 5.65987e-08 1.27644e-06 1.99335e-05 0.000215553 0.00161406 0.00836968 0.0300627 0.0748697 0.129788 0.158988 0.145292 0.115185 0.0970311 0.0852289 0.06569 0.0420477 0.0236546 0.012336 0.00587687 0.00247054 0.000902597 0.000282634 7.39315e-05
 3.52449e-11 1.65775e-09 5.39918e-08 1.21765e-06 1.90154e-05 0.000205625 0.00153973 0.0079844 0.0286811 0.0714521 0.124021 0.152663 0.141865 0.117263 0.104046 0.0934523 0.0711172 0.0435345 0.0228144 0.0111054 0.00507971 0.00209909 0.00075936 0.000235294 6.09489e-05
 3.76718e-11 1.7719e-09 5.77097e-08 1.3015e-06 2.03248e-05 0.000219784 0.00164574 0.00853393 0.0306523 0.0763346 0.132304 0.161955 0.147634 0.11625 0.0968948 0.0842087 0.0639779 0.0398663 0.0214507 0.0105722 0.00473731 0.00186523 0.000638374 0.000189296 4.7705e-05
 3.92227e-11 1.84485e-09 6.00854e-08 1.35508e-06 2.11615e-05 0.000228832 0.00171349 0.00888514 0.0319126 0.0794614 0.137643 0.168114 0.152034 0.117166 0.0945518 0.0800721 0.0594652 0.035807 0.0183362 0.00863171 0.00378427 0.00148444 0.000504875 0.000146338 3.55132e-05
 3.88443e-11 1.82705e-09 5.95058e-08 1.34201e-06 2.09574e-05 0.000226624 0.00169696 0.00879948 0.0316055 0.0787026 0.136368 0.166744 0.151393 0.117898 0.0965174 0.0822841 0.060831 0.0360014 0.0178154 0.00798767 0.00332159 0.00123929 0.000403951 0.000113567 2.69894e-05
 3.84627e-11 1.8091e-09 5.89212e-08 1.32882e-06 2.07515e-05 0.000224398 0.00168029 0.00871306 0.0312954 0.0779328 0.135051 0.165212 0.150256 0.117556 0.0969331 0.0831908 0.0619812 0.0371819 0.0187821 0.00857501 0.0035681 0.00130203 0.000407564 0.000109084 2.47179e-05
 3.89842e-11 1.83363e-09 5.97201e-08 1.34684e-06 2.10328e-05 0.000227441 0.00170307 0.00883116 0.0317191 0.0789834 0.13684 0.167254 0.151641 0.117654 0.0958388 0.0815353 0.0604051 0.0359907 0.0180145 0.00816701 0.00340105 0.00125005 0.000393437 0.000104704 2.32226e-05
 3.57585e-11 1.68191e-09 5.47786e-08 1.2354e-06 1.92925e-05 0.000208622 0.00156217 0.00810073 0.0290989 0.0724915 0.125816 0.15483 0.143738 0.118495 0.104663 0.0933935 0.0701631 0.0417365 0.0206833 0.00924519 0.00379895 0.00138221 0.00043234 0.000114823 2.54689e-05
 3.81344e-11 1.79366e-09 5.84183e-08 1.31748e-06 2.05744e-05 0.000222483 0.00166595 0.00863868 0.0310281 0.0772663 0.13389 0.163762 0.148848 0.116313 0.0959158 0.0828108 0.0627744 0.0390606 0.020914 0.0101542 0.00440288 0.00163477 0.000511629 0.000134954 2.97134e-05
 3.5617e-11 1.67525e-09 5.45618e-08 1.23051e-06 1.92161e-05 0.000207796 0.00155598 0.00806866 0.0289835 0.0722025 0.125303 0.154147 0.142942 0.117536 0.103586 0.0926191 0.0702351 0.0427336 0.0221093 0.0105113 0.00462799 0.00180432 0.000600659 0.000166916 3.79096e-05
 3.92372e-11 1.84553e-09 6.01076e-08 1.35558e-06 2.11693e-05 0.000228916 0.00171412 0.0088884 0.0319241 0.0794884 0.137677 0.1681 0.151843 0.116667 0.0938117 0.079477 0.0594431 0.0363661 0.0190527 0.0091159 0.00397829 0.00152438 0.000502792 0.000141371 3.31613e-05
 3.40468e-11 1.6014e-09 5.21564e-08 1.17626e-06 1.8369e-05 0.000198636 0.0014874 0.00771313 0.0277083 0.0690441 0.119948 0.148151 0.139265 0.118321 0.108431 0.0988701 0.0750993 0.0452245 0.022899 0.0105797 0.00453388 0.00173326 0.00057279 0.000160834 3.76252e-05
 3.87478e-11 1.82251e-09 5.9358e-08 1.33867e-06 2.09053e-05 0.000226062 0.00169274 0.00877757 0.0315262 0.0784994 0.135977 0.16608 0.150207 0.115834 0.093771 0.0801491 0.0608191 0.0382174 0.0208199 0.0103191 0.00456971 0.0017395 0.000562974 0.000155037 3.58721e-05
 3.5757e-11 1.68183e-09 5.47763e-08 1.23534e-06 1.92917e-05 0.000208613 0.0015621 0.00810038 0.0290975 0.0724871 0.125802 0.15478 0.143589 0.118168 0.104163 0.092892 0.0698921 0.0418109 0.0210473 0.00973415 0.00423162 0.00165732 0.000560551 0.000159327 3.72172e-05
 3.77279e-11 1.77454e-09 5.77956e-08 1.30344e-06 2.03551e-05 0.000220112 0.0016482 0.00854666 0.0306981 0.07645 0.132512 0.16225 0.148027 0.116801 0.0975733 0.0847429 0.0640238 0.0393654 0.0206846 0.00987337 0.00426141 0.00160348 0.000519241 0.000144525 3.39771e-05
 3.6252e-11 1.70512e-09 5.55346e-08 1.25245e-06 1.95588e-05 0.000211501 0.00158372 0.00821245 0.0294994 0.0734808 0.127476 0.156603 0.144532 0.117449 0.101971 0.0904127 0.0683933 0.0415983 0.0214986 0.0101698 0.00443037 0.00170378 0.000561285 0.000156033 3.6021e-05
 3.73691e-11 1.75766e-09 5.72459e-08 1.29104e-06 2.01615e-05 0.000218018 0.00163252 0.00846539 0.0304065 0.0757263 0.131276 0.160821 0.146996 0.116558 0.0980581 0.0856157 0.0649721 0.0402396 0.0214211 0.0104194 0.00459867 0.00177026 0.000583194 0.000163085 3.80167e-05
 3.53843e-11 1.66431e-09 5.42054e-08 1.22247e-06 1.90906e-05 0.000206439 0.00154582 0.00801598 0.0287945 0.0717337 0.124504 0.153232 0.142314 0.117469 0.10404 0.09333 0.0709353 0.0432855 0.0224769 0.0107103 0.00471396 0.00183878 0.000616988 0.000175031 4.1141e-05
 3.54477e-11 1.66729e-09 5.43025e-08 1.22466e-06 1.91248e-05 0.000206809 0.00154859 0.00803029 0.0288454 0.0718557 0.124682 0.153294 0.141879 0.116156 0.102006 0.0915751 0.0705974 0.0444822 0.0242458 0.0120807 0.00542652 0.00211493 0.000704871 0.000199779 4.73071e-05
 3.36795e-11 1.58412e-09 5.15938e-08 1.16357e-06 1.81709e-05 0.000196493 0.00147135 0.00762991 0.0274092 0.0682972 0.11864 0.146485 0.137548 0.116612 0.106808 0.0979654 0.0757434 0.0474189 0.0256374 0.0127974 0.00586019 0.00235826 0.000811845 0.000235157 5.62045e-05
 3.65033e-11 1.71694e-09 5.59195e-08 1.26113e-06 1.96943e-05 0.000212967 0.0015947 0.00826929 0.0297026 0.0739775 0.128273 0.15728 0.144204 0.115302 0.0982628 0.0869246 0.0671611 0.0429896 0.0241031 0.0124411 0.00580305 0.00235631 0.000820167 0.000242087 5.92817e-05
 3.56028e-11 1.67458e-09 5.45401e-08 1.23002e-06 1.92085e-05 0.000207713 0.00155536 0.00806543 0.0289717 0.0721711 0.125236 0.154001 0.142611 0.116881 0.102651 0.0917917 0.0699926 0.0431843 0.0229342 0.0113167 0.00521076 0.00214552 0.000764618 0.000230556 5.7431e-05
 3.70605e-11 1.74315e-09 5.67732e-08 1.28038e-06 1.9995e-05 0.000216218 0.00161904 0.00839551 0.0301558 0.0751044 0.130215 0.159603 0.146145 0.116426 0.0985844 0.0864514 0.065782 0.0408869 0.0219134 0.0107857 0.00485383 0.00192802 0.000665559 0.000197826 4.94698e-05
 3.36442e-11 1.58246e-09 5.15397e-08 1.16235e-06 1.81518e-05 0.000196287 0.00146981 0.00762193 0.0273807 0.0682283 0.118535 0.146422 0.137699 0.117146 0.107671 0.0987614 0.0760058 0.0470525 0.0249594 0.0121803 0.00546846 0.0021702 0.000743233 0.000216903 5.29915e-05
 3.34158e-11 1.57172e-09 5.11898e-08 1.15446e-06 1.80285e-05 0.000194954 0.00145983 0.00757015 0.0271944 0.0677607 0.1177 0.145286 0.136309 0.115379 0.105662 0.0974153 0.0764116 0.0492213 0.0276882 0.0142693 0.00659711 0.00263706 0.000900598 0.000261368 6.3368e-05
 3.55662e-11 1.67286e-09 5.44841e-08 1.22875e-06 1.91888e-05 0.0002075 0.00155376 0.00805709 0.0289413 0.0720899 0.125058 0.153614 0.141724 0.115132 0.100201 0.0897666 0.0697216 0.0448324 0.0253736 0.0133358 0.00638807 0.00267301 0.000953855 0.000285414 7.01971e-05
 3.38288e-11 1.59114e-09 5.18225e-08 1.16873e-06 1.82514e-05 0.000197364 0.00147787 0.00766372 0.0275305 0.0685983 0.119155 0.147082 0.137985 0.116725 0.1066 0.097527 0.0751693 0.0468313 0.0252047 0.0126251 0.00589624 0.0024665 0.00089727 0.000277198 7.07013e-05
#spawning biomass
 29461.1 21922.4 21792.4 23307.8 27856.1 29482.5 35886.7 36771.6 40787.5 42068.1 41898.2 43338.9 48214.1 47783.8 51220.4 54562.4 64883.2 62288.7 79612.5 78511.3 83198.9 83346.8 80096.3 95290.8 97421.6 105584 91578.7 86855.4 80143.5 144058 103790 67462.5 45941.7 34843.2 29539.4 27120.5 26050.1 25585.7 25387 25302.7 25267.1 25252.2 25246 25243.4 25242.3 25241.8 25241.7 25241.6 25241.5 25241.5 25241.5 25241.5 25241.5 25241.5 25241.5 25241.5 25241.5 25241.5 25241.5 25241.5 25241.5 25241.5 25241.5 25241.5 25241.5 25241.5 25241.5 25241.5 25241.5 25241.5 25241.5 25241.5 25241.5 25241.5 25241.5 25241.5 25241.5 25241.5 25241.5 25241.5 25241.5 25241.5 25241.5 25241.5 25241.5 25241.5 25241.5 25241.5 25241.5 25241.5 25241.5 25241.5 25241.5 25241.5 25241.5 25241.5 25241.5 25241.5 25241.5 25241.5 25241.5 25241.5 25241.5 25241.5 25241.5 25241.5 25241.5 25241.5 25241.5 25241.5 25241.5 25241.5 25241.5 25241.5 25241.5 25241.5 25241.5 25241.5 25241.5 25241.5 25241.5 25241.5 25241.5 25241.5 25241.5 25241.5 25241.5 25241.5 0 0 0 0 0 0 0 0 0 0 0 0 0 0 0 0 0 0 0 0 0 0 0 0 0
