SBPRF35
0.0899602
Curr Bio
172357
B35
117974
F35
2.19039
FOFL
2.19039
OFL
87818.9
Bzero
25699.9
#pred survey bio
 13875.5 13134.7 12558.1 16488 20475.5 20550.4 23371.9 32426.1 50731.9 63358.4 79150.6 93432.5 118021 136762 129694 103538 102621 100556 99696.3 109339 113521 111422 112729 125613 126964 123596 128381 126618 2.58234e+06 2.18425e+06 674655 362117 263415 219909 198858 188522 183462 180998 179806 179233 178958 178827 178765 178735 178721 178715 178712 178710 178710 178709 178709 178709 178709 178709 178709 178709 178709 178709 178709 178709 178709 178709 178709 178709 178709 178709 178709 178709 178709 178709 178709 178709 178709 178709 178709 178709 178709 178709 178709 178709 178709 178709 178709 178709 178709 178709 178709 178709 178709 178709 178709 178709 178709 178709 178709 178709 178709 178709 178709 178709 178709 178709 178709 178709 178709 178709 178709 178709 178709 178709 178709 178709 178709 178709 178709 178709 178709 178709 178709 178709 178709 178709 178709 178709 178709 178709 178709 178709 0 0 0 0 0 0 0 0 0 0 0 0 0 0 0 0 0 0 0 0 0 0 0 0 0
#obs survey bio
 11404.7 10789.5 16176 10792.8 19532.4 23875.2 30988 27349.7 54167.5 86855.3 87447.7 63379 157294 159272 114576 67159.3 72035.1 133932 101096 89392.3 108448 107041 134949 143966 131729 161290 134831 111554
#pred catch bio
 5489.1 7077.64 6584.76 8501.81 12174.2 12680.2 14425.1 17815.3 33337.2 39520.1 53139.4 64727.1 84715.5 97181 97241.3 71524.4 77065.7 77146.8 70596.1 82042.5 93203.1 93599.1 92212.2 108338 109333 103019 110570 120029 87818.9 68394 10756.8 5629.31 5244.2 5218.14 5216.49 5216.39 5216.38 5216.38 5216.38 5216.38 5216.38 5216.38 5216.38 5216.38 5216.38 5216.38 5216.38 5216.38 5216.38 5216.38 5216.38 5216.38 5216.38 5216.38 5216.38 5216.38 5216.38 5216.38 5216.38 5216.38 5216.38 5216.38 5216.38 5216.38 5216.38 5216.38 5216.38 5216.38 5216.38 5216.38 5216.38 5216.38 5216.38 5216.38 5216.38 5216.38 5216.38 5216.38 5216.38 5216.38 5216.38 5216.38 5216.38 5216.38 5216.38 5216.38 5216.38 5216.38 5216.38 5216.38 5216.38 5216.38 5216.38 5216.38 5216.38 5216.38 5216.38 5216.38 5216.38 5216.38 5216.38 5216.38 5216.38 5216.38 5216.38 5216.38 5216.38 5216.38 5216.38 5216.38 5216.38 5216.38 5216.38 5216.38 5216.38 5216.38 5216.38 5216.38 5216.38 5216.38 5216.38 5216.38 5216.38 5216.38 5216.38 5216.38 5216.38 5216.38 0 0 0 0 0 0 0 0 0 0 0 0 0 0 0 0 0 0 0 0 0 0 0 0 0
#obs catch bio
 7648.78 8064.55 7120.04 8340.98 13446.6 12738.9 14461.5 17354.1 33720.9 36218.5 50088.2 67694.6 84151.9 91346 99262.5 75292.8 78629.8 74765.2 66122.7 78307.7 90743 88982.4 88869.6 104440 99935.1 94953 110810 124053
#pred cpue bio
 13476.1 12833.6 11715.4 15367.6 19822.5 19479.1 21720.6 29308.2 46950 58929.2 74212.2 86287.5 108160 129366 125863 98918.3 96574.8 94571.7 93377.4 102630 105741 103597 103566 115283 117836 114387 118435 117602 2.34233e+06 2.38185e+06 670113 354526 255755 212247 191196 180860 175799 173336 172144 171571 171296 171165 171103 171073 171059 171053 171050 171048 171048 171047 171047 171047 171047 171047 171047 171047 171047 171047 171047 171047 171047 171047 171047 171047 171047 171047 171047 171047 171047 171047 171047 171047 171047 171047 171047 171047 171047 171047 171047 171047 171047 171047 171047 171047 171047 171047 171047 171047 171047 171047 171047 171047 171047 171047 171047 171047 171047 171047 171047 171047 171047 171047 171047 171047 171047 171047 171047 171047 171047 171047 171047 171047 171047 171047 171047 171047 171047 171047 171047 171047 171047 171047 171047 171047 171047 171047 171047 171047 0 0 0 0 0 0 0 0 0 0 0 0 0 0 0 0 0 0 0 0 0 0 0 0 0
#obs cpue bio
 9291.68 7241.38 9811.65 21920.1 15401.2 18648.7 18403.4 29841.7 49316.2 76559.3 72112.1 80453.4 102914 151325 110852 109536 146013 93240.4 113695 148580 125337 132786 95630.8 118052 179246 110876 96459.7 130099
#pred surv len freq
 1.09689e-11 1.19057e-09 7.61963e-08 2.87541e-06 6.39819e-05 0.000839491 0.00649593 0.0296661 0.0802677 0.131151 0.141071 0.130016 0.131055 0.119427 0.0839083 0.0513122 0.0316615 0.0198137 0.012768 0.00874896 0.00649941 0.00530053 0.00450433 0.0034347 0.00199312
 1.06491e-11 1.15586e-09 7.3975e-08 2.79159e-06 6.21167e-05 0.000815024 0.00630683 0.0288077 0.0780168 0.12805 0.140406 0.135933 0.14335 0.131679 0.0902698 0.0518105 0.0288686 0.0155705 0.00821426 0.00449724 0.00267457 0.00179783 0.00134238 0.000968277 0.000557834
 1.3703e-11 1.48733e-09 9.5189e-08 3.59214e-06 7.99298e-05 0.00104873 0.00811449 0.0370464 0.100079 0.162249 0.168605 0.14073 0.126423 0.108075 0.0709749 0.0382817 0.0197943 0.00983933 0.00459459 0.00207864 0.000952002 0.000477887 0.000280164 0.000176401 9.63784e-05
 1.38268e-11 1.50077e-09 9.60491e-08 3.62459e-06 8.0652e-05 0.0010582 0.0081879 0.0373832 0.101011 0.163944 0.171214 0.14498 0.132043 0.111765 0.0695987 0.0331685 0.0146341 0.00643373 0.00271492 0.00109192 0.0004184 0.000158246 6.52457e-05 3.11181e-05 1.47849e-05
 1.16255e-11 1.26183e-09 8.07572e-08 3.04753e-06 6.78117e-05 0.000889746 0.00688498 0.0314469 0.0851413 0.13956 0.152162 0.145085 0.149978 0.133727 0.0848315 0.0409686 0.0179043 0.0073148 0.00268038 0.000917311 0.000301845 9.44662e-05 2.87334e-05 9.27665e-06 3.2739e-06
 1.28457e-11 1.39428e-09 8.92338e-08 3.36741e-06 7.49293e-05 0.000983125 0.00760717 0.0347364 0.0939238 0.152959 0.162165 0.143495 0.137726 0.120118 0.0772814 0.0390683 0.01811 0.00767683 0.00281336 0.000907095 0.000261532 6.82756e-05 1.65425e-05 3.83588e-06 9.02324e-07
 1.39808e-11 1.51748e-09 9.71188e-08 3.66496e-06 8.15502e-05 0.00106999 0.00827907 0.0377989 0.102128 0.165699 0.172784 0.145634 0.131852 0.111144 0.0687673 0.0322247 0.0137248 0.0056708 0.00214502 0.000720623 0.000208707 5.11326e-05 1.06928e-05 1.95511e-06 3.25079e-07
 1.53211e-11 1.66296e-09 1.06429e-07 4.0163e-06 8.93678e-05 0.00117255 0.00907236 0.0414137 0.111798 0.180613 0.184704 0.146465 0.122373 0.0990069 0.0597773 0.0268317 0.0106278 0.00403425 0.00140228 0.000446053 0.000128951 3.22637e-05 6.6815e-06 1.12119e-06 1.53426e-07
 1.42184e-11 1.54327e-09 9.87691e-08 3.72724e-06 8.2936e-05 0.00108817 0.00841972 0.0384405 0.103854 0.168439 0.175355 0.14705 0.132152 0.110475 0.0670356 0.0298484 0.0115824 0.00424249 0.00138817 0.000404976 0.000107087 2.52112e-05 5.11815e-06 8.55451e-07 1.12651e-07
 1.39816e-11 1.51757e-09 9.71245e-08 3.66518e-06 8.1555e-05 0.00107005 0.00827961 0.0378025 0.102153 0.165863 0.173525 0.147664 0.134998 0.11344 0.0684046 0.029827 0.0111821 0.00397193 0.00126659 0.000356189 8.8701e-05 1.92167e-05 3.57903e-06 5.6216e-07 7.16666e-08
 1.35467e-11 1.47036e-09 9.41029e-08 3.55116e-06 7.90179e-05 0.00103677 0.00802214 0.0366291 0.0990104 0.160993 0.169515 0.14701 0.137506 0.117068 0.0716411 0.032258 0.0126583 0.00460401 0.00145142 0.000395665 9.50678e-05 1.97194e-05 3.45066e-06 5.00313e-07 5.88769e-08
 1.43238e-11 1.55471e-09 9.95015e-08 3.75488e-06 8.3551e-05 0.00109624 0.00848213 0.0387249 0.104615 0.169618 0.176321 0.147193 0.131523 0.109592 0.0662825 0.0293095 0.0112579 0.00409026 0.00132299 0.000371882 9.00342e-05 1.82999e-05 3.08521e-06 4.25764e-07 4.69952e-08
 1.47095e-11 1.59658e-09 1.02181e-07 3.85599e-06 8.58008e-05 0.00112576 0.00871044 0.0397656 0.107404 0.173954 0.179958 0.148 0.129655 0.106651 0.0634096 0.0269165 0.00965606 0.00330189 0.00103058 0.000285679 6.98279e-05 1.44994e-05 2.47001e-06 3.36379e-07 3.58733e-08
 1.31416e-11 1.42639e-09 9.12887e-08 3.44496e-06 7.66549e-05 0.00100577 0.00778243 0.0355382 0.0961115 0.156681 0.166839 0.149314 0.144288 0.123412 0.0734545 0.0304533 0.0103927 0.00334336 0.000978058 0.000253083 5.86106e-05 1.18575e-05 2.01832e-06 2.78137e-07 2.98632e-08
 1.16085e-11 1.25999e-09 8.06392e-08 3.04308e-06 6.77127e-05 0.000888448 0.00687502 0.0314033 0.08505 0.139623 0.153212 0.148392 0.155231 0.137566 0.0842089 0.0370151 0.0138711 0.00476522 0.00139376 0.000343667 7.42317e-05 1.39754e-05 2.24219e-06 2.98596e-07 3.17534e-08
 1.25197e-11 1.35889e-09 8.6969e-08 3.28194e-06 7.30277e-05 0.000958178 0.00741432 0.03386 0.0916108 0.14965 0.160781 0.147475 0.146481 0.127615 0.0783262 0.0350808 0.013651 0.00494358 0.00155206 0.000412938 9.26798e-05 1.71166e-05 2.5894e-06 3.21452e-07 3.2198e-08
 1.33447e-11 1.44844e-09 9.27e-08 3.49821e-06 7.78399e-05 0.00102131 0.0079026 0.0360843 0.0975528 0.158743 0.167704 0.146843 0.138869 0.118845 0.0729935 0.0331132 0.0131828 0.00489883 0.00158963 0.000444503 0.000106564 2.10882e-05 3.339e-06 4.14394e-07 3.97961e-08
 1.34353e-11 1.45828e-09 9.33295e-08 3.52197e-06 7.83685e-05 0.00102825 0.0079563 0.03633 0.0982241 0.159892 0.169177 0.148735 0.141026 0.119875 0.0715947 0.0301527 0.0106784 0.00365078 0.00116348 0.000331501 8.22829e-05 1.70878e-05 2.87536e-06 3.79722e-07 3.80972e-08
 1.36552e-11 1.48214e-09 9.48568e-08 3.5796e-06 7.96509e-05 0.00104507 0.00808643 0.036923 0.099811 0.162343 0.171157 0.14894 0.139584 0.117998 0.0701803 0.0292509 0.0100767 0.00325698 0.000948582 0.00024453 5.72e-05 1.18187e-05 2.04624e-06 2.82927e-07 2.99978e-08
 1.35191e-11 1.46737e-09 9.39116e-08 3.54393e-06 7.88572e-05 0.00103466 0.00800587 0.0365555 0.0988226 0.160775 0.169691 0.148152 0.139483 0.118552 0.0714578 0.0308502 0.0112716 0.00380719 0.00111128 0.00027521 5.9547e-05 1.12119e-05 1.81162e-06 2.44975e-07 2.6421e-08
 1.39296e-11 1.51192e-09 9.67629e-08 3.65153e-06 8.12514e-05 0.00106607 0.00824883 0.0376628 0.101786 0.165358 0.173416 0.148608 0.136866 0.114949 0.0684402 0.0287565 0.0100864 0.00334412 0.000999365 0.000258529 5.72602e-05 1.05524e-05 1.59927e-06 1.99112e-07 2.00807e-08
 1.40516e-11 1.52516e-09 9.76103e-08 3.68351e-06 8.1963e-05 0.00107541 0.00832106 0.0379926 0.102677 0.166803 0.174918 0.149833 0.137756 0.115011 0.067142 0.0266531 0.00836423 0.00246768 0.000684144 0.000170121 3.75551e-05 7.09268e-06 1.09806e-06 1.35179e-07 1.29747e-08
 1.46265e-11 1.58756e-09 1.01604e-07 3.83422e-06 8.53163e-05 0.0011194 0.00866134 0.0395429 0.106822 0.173169 0.179881 0.149775 0.133046 0.109336 0.0633649 0.0248371 0.00755988 0.00211108 0.000538097 0.000119452 2.36747e-05 4.18325e-06 6.33364e-07 7.85466e-08 7.62872e-09
 1.46732e-11 1.59264e-09 1.01929e-07 3.84647e-06 8.5589e-05 0.00112298 0.008689 0.0396689 0.107158 0.173683 0.180269 0.149727 0.132599 0.108836 0.0630847 0.0247581 0.00754882 0.00210208 0.000526995 0.000112232 2.06321e-05 3.28452e-06 4.45696e-07 5.09311e-08 4.75427e-09
 1.41563e-11 1.53653e-09 9.8338e-08 3.71097e-06 8.2574e-05 0.00108342 0.00838309 0.0382756 0.103439 0.168019 0.176086 0.150549 0.13801 0.114735 0.0661937 0.0253438 0.00730913 0.00190738 0.000461318 9.69516e-05 1.75727e-05 2.70456e-06 3.43882e-07 3.5749e-08 3.00779e-09
 1.42867e-11 1.55068e-09 9.92433e-08 3.74513e-06 8.33342e-05 0.0010934 0.00846021 0.0386268 0.104376 0.16944 0.177109 0.150255 0.136517 0.113173 0.0654717 0.0253401 0.00747522 0.00198721 0.000474157 9.50814e-05 1.63197e-05 2.42108e-06 3.00501e-07 3.02349e-08 2.40312e-09
 1.44325e-11 1.56651e-09 1.00257e-07 3.78337e-06 8.4185e-05 0.00110456 0.00854654 0.0390199 0.105424 0.171029 0.178244 0.149897 0.134797 0.111378 0.0646434 0.0253486 0.00770157 0.00212558 0.000522657 0.000107163 1.85005e-05 2.6812e-06 3.18215e-07 3.06049e-08 2.34677e-09
 1.41183e-11 1.5324e-09 9.80735e-08 3.70099e-06 8.2352e-05 0.00108051 0.00836056 0.0381729 0.103164 0.167591 0.175728 0.150472 0.138201 0.115034 0.0664865 0.0255849 0.00746252 0.0019737 0.000480221 0.000100542 1.79508e-05 2.6771e-06 3.2202e-07 3.06849e-08 2.28059e-09
#obs surv len freq
 1.16068e-11 1.25981e-09 8.06275e-08 3.04263e-06 6.77028e-05 0.000888314 0.00687374 0.0313911 0.0849161 0.138504 0.147476 0.131516 0.128502 0.119937 0.0918058 0.0602197 0.0341498 0.0157924 0.00581483 0.00169173 0.000378727 6.30047e-05 7.53131e-06 6.26483e-07 3.52303e-08
 8.32759e-12 9.03882e-10 5.78484e-08 2.18303e-06 4.85758e-05 0.000637381 0.0049331 0.0225521 0.0613113 0.102334 0.11924 0.130667 0.151959 0.149426 0.114481 0.0739859 0.0410374 0.0184854 0.00659363 0.00184336 0.000392961 6.17011e-05 6.90795e-06 5.3503e-07 2.7895e-08
 1.84587e-11 2.00352e-09 1.28225e-07 4.83881e-06 0.000107669 0.00141266 0.0109293 0.0498705 0.134341 0.214641 0.207961 0.134649 0.0784374 0.05649 0.0452631 0.0331826 0.0196711 0.00890843 0.00309896 0.000833283 0.000169407 2.5176e-05 2.64821e-06 1.91444e-07 9.26713e-09
 8.42931e-12 9.14923e-10 5.8555e-08 2.2097e-06 4.91699e-05 0.000645211 0.00499492 0.0228595 0.0624423 0.106255 0.131545 0.157339 0.184283 0.162427 0.096764 0.0427261 0.0172941 0.00701916 0.00250512 0.000689652 0.000138193 1.9676e-05 1.95288e-06 1.32117e-07 5.9527e-09
 1.41619e-11 1.53714e-09 9.83769e-08 3.71244e-06 8.26069e-05 0.00108386 0.0083864 0.0382868 0.103378 0.166929 0.169338 0.129196 0.104087 0.0957876 0.0826631 0.0579103 0.0293893 0.0102659 0.0025858 0.000524266 8.98134e-05 1.20701e-05 1.15627e-06 7.47146e-08 3.1703e-09
 1.19812e-11 1.30045e-09 8.32287e-08 3.1408e-06 6.98879e-05 0.000917024 0.00709719 0.0324357 0.0880001 0.145095 0.159541 0.149155 0.143333 0.120429 0.0778297 0.0422862 0.0211756 0.00902133 0.00286942 0.000634356 9.62345e-05 1.02815e-05 7.97155e-07 4.46087e-08 1.72811e-09
 1.64972e-11 1.79062e-09 1.14599e-07 4.32463e-06 9.62288e-05 0.00126259 0.00976946 0.0446016 0.120421 0.194255 0.195595 0.143479 0.103007 0.078831 0.0546474 0.0318654 0.0149026 0.00536627 0.00150514 0.000331218 5.42741e-05 6.17044e-06 4.66522e-07 2.31745e-08 7.58659e-10
 1.34879e-11 1.46398e-09 9.36948e-08 3.53577e-06 7.86767e-05 0.00103235 0.00798987 0.0365152 0.0990337 0.162818 0.17616 0.156147 0.138651 0.108599 0.0645812 0.0303954 0.0123348 0.00423925 0.00114875 0.000233936 3.48901e-05 3.7277e-06 2.76787e-07 1.37684e-08 4.44307e-10
 1.42616e-11 1.54796e-09 9.90694e-08 3.73859e-06 8.31896e-05 0.00109156 0.00844763 0.0385968 0.104542 0.170824 0.180319 0.149951 0.125256 0.0999542 0.0658033 0.0348826 0.0145003 0.00449992 0.00103638 0.000181673 2.4209e-05 2.35813e-06 1.60496e-07 7.38105e-09 2.23797e-10
 1.425e-11 1.5467e-09 9.89887e-08 3.73555e-06 8.31223e-05 0.00109069 0.0084415 0.0385784 0.104586 0.171426 0.182568 0.154014 0.128411 0.0991119 0.0618732 0.0313908 0.0130291 0.00419834 0.000999887 0.000171474 2.08388e-05 1.77694e-06 1.05428e-07 4.2872e-09 1.16771e-10
 1.28277e-11 1.39233e-09 8.91088e-08 3.36272e-06 7.48271e-05 0.000981893 0.00760086 0.0347621 0.0945105 0.156583 0.172716 0.157118 0.140663 0.111381 0.0695685 0.0347105 0.0138853 0.00427303 0.000981235 0.00016527 1.98815e-05 1.65315e-06 9.25321e-08 3.42705e-09 8.3042e-11
 1.41201e-11 1.53261e-09 9.8087e-08 3.70152e-06 8.23659e-05 0.0010808 0.00836577 0.0382448 0.103785 0.170559 0.182493 0.154094 0.127477 0.0988775 0.0635326 0.0329272 0.0133634 0.00405342 0.000898482 0.000144293 1.65032e-05 1.31019e-06 7.0346e-08 2.49602e-09 5.73947e-11
 1.3559e-11 1.4717e-09 9.41889e-08 3.55443e-06 7.90939e-05 0.00103791 0.0080352 0.0367572 0.0999814 0.165643 0.181544 0.160341 0.136133 0.102676 0.0617964 0.0299022 0.011657 0.00350036 0.000775449 0.000123095 1.36485e-05 1.03317e-06 5.23898e-08 1.74977e-09 3.7882e-11
 1.13744e-11 1.23459e-09 7.90138e-08 2.98179e-06 6.63533e-05 0.00087082 0.00674443 0.0309004 0.0845305 0.142863 0.166103 0.163973 0.153575 0.121346 0.0746262 0.0360651 0.0135685 0.00383401 0.000796437 0.000120001 1.27994e-05 9.36299e-07 4.56639e-08 1.45331e-09 2.97067e-11
 9.2851e-12 1.00781e-09 6.45004e-08 2.43412e-06 5.41681e-05 0.000711007 0.00550964 0.0252916 0.0696587 0.120406 0.148705 0.161947 0.164968 0.139165 0.0918087 0.0471538 0.0182706 0.00514644 0.00103713 0.000148253 1.48013e-05 1.01077e-06 4.62135e-08 1.38634e-09 2.67899e-11
 1.21761e-11 1.3216e-09 8.45828e-08 3.19195e-06 7.10301e-05 0.000932187 0.00721906 0.0330574 0.0901914 0.150663 0.168235 0.153216 0.136522 0.113474 0.0789562 0.0432747 0.0177158 0.0052161 0.00108244 0.000155626 1.52112e-05 9.93341e-07 4.27131e-08 1.19367e-09 2.14113e-11
 1.17839e-11 1.27904e-09 8.18591e-08 3.0892e-06 6.87463e-05 0.000902337 0.00699115 0.0320645 0.0879455 0.149345 0.17379 0.167405 0.148814 0.112476 0.068211 0.0336809 0.0133209 0.00398633 0.000855375 0.00012657 1.25546e-05 8.17761e-07 3.44428e-08 9.26656e-10 1.57661e-11
 1.24503e-11 1.35137e-09 8.6488e-08 3.2639e-06 7.26341e-05 0.000953369 0.00738632 0.0338693 0.0927821 0.156712 0.179074 0.166347 0.14354 0.108107 0.0653882 0.0309219 0.0111568 0.00300129 0.00059263 8.37721e-05 8.16399e-06 5.28544e-07 2.21062e-08 5.8618e-10 9.73063e-12
 1.17392e-11 1.27419e-09 8.15489e-08 3.07755e-06 6.84903e-05 0.000899114 0.00696933 0.0320061 0.0880925 0.150821 0.177862 0.172496 0.151409 0.111643 0.0649007 0.0294615 0.0102128 0.00260867 0.000478222 6.17088e-05 5.49052e-06 3.29091e-07 1.29728e-08 3.28898e-10 5.26305e-12
 1.20772e-11 1.31088e-09 8.38972e-08 3.16619e-06 7.04639e-05 0.000925055 0.0071709 0.032934 0.0906193 0.15476 0.180674 0.1715 0.147809 0.10889 0.0636426 0.0286157 0.00959882 0.00233229 0.000402608 4.85e-05 3.9894e-06 2.19132e-07 7.88302e-09 1.82707e-10 2.68991e-12
 1.28335e-11 1.39296e-09 8.91509e-08 3.36447e-06 7.48779e-05 0.000983034 0.00762077 0.0350007 0.0962579 0.163852 0.188756 0.173284 0.142491 0.100385 0.0564414 0.0245746 0.00802568 0.00189582 0.000315024 3.60238e-05 2.77721e-06 1.41615e-07 4.6964e-09 9.98215e-11 1.34281e-12
 1.21023e-11 1.3136e-09 8.40722e-08 3.17289e-06 7.06194e-05 0.000927334 0.00719378 0.0331042 0.0915486 0.158125 0.187901 0.179526 0.150057 0.103661 0.0558289 0.023043 0.00712741 0.00159988 0.000253355 2.76089e-05 2.02086e-06 9.72025e-08 3.01772e-09 5.96176e-11 7.41038e-13
 1.28184e-11 1.39133e-09 8.90476e-08 3.36068e-06 7.47995e-05 0.000982227 0.00761909 0.0350467 0.0967353 0.165885 0.193045 0.177585 0.143509 0.0979011 0.052479 0.0212643 0.00631341 0.00133662 0.000197912 2.01296e-05 1.3772e-06 6.20204e-08 1.80329e-09 3.33217e-11 3.86412e-13
 1.20829e-11 1.3115e-09 8.39392e-08 3.16801e-06 7.05191e-05 0.000926313 0.00719181 0.0331638 0.0921529 0.160657 0.193127 0.184442 0.150471 0.0998741 0.0511498 0.0197963 0.00564647 0.00114885 0.000162185 1.55423e-05 9.91743e-07 4.14074e-08 1.11386e-09 1.90443e-11 2.04535e-13
 1.2257e-11 1.33041e-09 8.51501e-08 3.21377e-06 7.15411e-05 0.000939838 0.00729848 0.0336693 0.0935981 0.163061 0.195002 0.184069 0.148611 0.0983386 0.0500804 0.0189446 0.00517372 0.000994724 0.000132068 1.18915e-05 7.11943e-07 2.77949e-08 6.9585e-10 1.1022e-11 1.09288e-13
 1.08165e-11 1.17406e-09 7.51458e-08 2.83641e-06 6.31552e-05 0.000830189 0.00645792 0.0299276 0.0841856 0.150836 0.190241 0.191431 0.160368 0.106292 0.0532677 0.019725 0.0052571 0.000979694 0.000124675 1.06303e-05 5.96987e-07 2.17381e-08 5.06106e-10 7.44265e-12 6.84123e-14
 1.0917e-11 1.18498e-09 7.58452e-08 2.86289e-06 6.37483e-05 0.00083808 0.00652047 0.0302216 0.0849661 0.151739 0.189705 0.188941 0.158642 0.107045 0.0546364 0.0202797 0.00531167 0.000959026 0.00011724 9.54389e-06 5.0858e-07 1.74575e-08 3.80729e-10 5.21668e-12 4.45008e-14
 1.12964e-11 1.22617e-09 7.84834e-08 2.9626e-06 6.59753e-05 0.000867553 0.00675297 0.0313262 0.0881733 0.157448 0.195482 0.190567 0.154679 0.100779 0.0500079 0.0182049 0.00469995 0.000834547 9.94835e-05 7.81044e-06 3.9741e-07 1.29261e-08 2.65633e-10 3.41474e-12 2.72288e-14
#pred catch len freq
 9.13143e-12 9.9113e-10 6.34322e-08 2.39374e-06 5.32641e-05 0.000698878 0.00540838 0.0247111 0.0670221 0.110806 0.125208 0.130195 0.146053 0.137357 0.0955505 0.0566052 0.0339177 0.020944 0.0134376 0.00919574 0.00682905 0.00556899 0.00473242 0.00360862 0.00209404
 9.42396e-12 1.02288e-09 6.54642e-08 2.47042e-06 5.49704e-05 0.000721268 0.00558171 0.0255045 0.069193 0.114549 0.130137 0.136909 0.1547 0.1447 0.0980934 0.0546045 0.0295126 0.0156791 0.00822681 0.00449574 0.0026722 0.00179602 0.00134099 0.000967276 0.000557257
 1.23882e-11 1.34462e-09 8.60555e-08 3.24747e-06 7.22606e-05 0.000948111 0.00733631 0.0335012 0.0906064 0.147737 0.157473 0.141466 0.138123 0.121701 0.0794325 0.0416472 0.0208591 0.0101931 0.00473019 0.00213525 0.0009772 0.000490433 0.000287507 0.000181023 9.89036e-05
 1.24248e-11 1.34859e-09 8.63096e-08 3.25706e-06 7.2474e-05 0.000950913 0.00735809 0.0336029 0.0909118 0.14848 0.159395 0.145908 0.144739 0.126454 0.0785894 0.0365903 0.0156011 0.00670546 0.00280512 0.00112497 0.000430656 0.000162835 6.71327e-05 3.20175e-05 1.52122e-05
 1.05899e-11 1.14943e-09 7.35633e-08 2.77605e-06 6.17711e-05 0.000810496 0.00627205 0.0286549 0.0776846 0.128163 0.143553 0.146104 0.159869 0.144933 0.0913673 0.0430613 0.0182055 0.00728025 0.00264458 0.000902001 0.000296414 9.27266e-05 2.8201e-05 9.1045e-06 3.21312e-06
 1.19648e-11 1.29866e-09 8.3114e-08 3.13647e-06 6.97907e-05 0.000915708 0.00708576 0.0323613 0.087581 0.143267 0.15486 0.144412 0.146218 0.129704 0.0828246 0.0407816 0.0183022 0.00761105 0.00276825 0.000889846 0.000256227 6.68578e-05 1.61963e-05 3.75543e-06 8.8339e-07
 1.31049e-11 1.42241e-09 9.10341e-08 3.43535e-06 7.6441e-05 0.00100296 0.00776065 0.0354373 0.0958204 0.156058 0.165493 0.14647 0.140179 0.120596 0.0743066 0.0340311 0.0140108 0.00565641 0.00211997 0.000709926 0.000205366 5.02924e-05 1.05155e-05 1.92258e-06 3.19666e-07
 1.4147e-11 1.53552e-09 9.82731e-08 3.70852e-06 8.25195e-05 0.00108271 0.00837747 0.0382482 0.103341 0.167669 0.174835 0.147321 0.133127 0.111397 0.0672932 0.0296065 0.0113424 0.00419865 0.00144386 0.000457485 0.000132061 3.30254e-05 6.83815e-06 1.14741e-06 1.57013e-07
 1.35503e-11 1.47075e-09 9.41278e-08 3.55209e-06 7.90388e-05 0.00103704 0.00802429 0.0366393 0.0990437 0.161093 0.169833 0.147798 0.138671 0.117795 0.0712121 0.0310696 0.0116635 0.00416489 0.00134777 0.00039155 0.000103362 2.4319e-05 4.93601e-06 8.24957e-07 1.08633e-07
 1.3115e-11 1.42351e-09 9.11043e-08 3.43799e-06 7.65e-05 0.00100373 0.00776669 0.035466 0.0959122 0.156323 0.16631 0.148489 0.143232 0.122786 0.0738776 0.0316093 0.0114677 0.00396624 0.0012498 0.000349913 8.69838e-05 1.88318e-05 3.50652e-06 5.50727e-07 7.02074e-08
 1.29438e-11 1.40493e-09 8.99152e-08 3.39312e-06 7.55015e-05 0.000990634 0.00766535 0.0350039 0.0946714 0.154372 0.164567 0.147776 0.143528 0.123765 0.0753695 0.0332296 0.0126165 0.00447732 0.00139652 0.000379113 9.09259e-05 1.88465e-05 3.29704e-06 4.77998e-07 5.62493e-08
 1.38565e-11 1.50399e-09 9.62552e-08 3.63237e-06 8.08251e-05 0.00106048 0.00820554 0.0374651 0.101252 0.164491 0.172511 0.14786 0.136302 0.114859 0.0691472 0.0299655 0.0111349 0.00394239 0.00126086 0.000352935 8.53026e-05 1.73266e-05 2.92039e-06 4.02982e-07 4.44791e-08
 1.43789e-11 1.5607e-09 9.98843e-08 3.76933e-06 8.38724e-05 0.00110046 0.00851478 0.0388745 0.105025 0.170333 0.177291 0.14855 0.133155 0.110456 0.0654033 0.0272712 0.00947189 0.00314863 0.000969914 0.000267572 6.52808e-05 1.35457e-05 2.30698e-06 3.1415e-07 3.35017e-08
 1.27323e-11 1.38197e-09 8.84458e-08 3.33767e-06 7.42677e-05 0.000974449 0.00754022 0.0344349 0.0931667 0.152193 0.163514 0.149929 0.14852 0.128053 0.0759436 0.0309782 0.0102466 0.00320028 0.000922663 0.000237447 5.48708e-05 1.10916e-05 1.88741e-06 2.60073e-07 2.79228e-08
 1.14535e-11 1.24317e-09 7.95629e-08 3.00246e-06 6.68089e-05 0.000876592 0.00678333 0.030986 0.0839392 0.137957 0.152109 0.149056 0.157489 0.139757 0.0849651 0.0366049 0.0132783 0.00444555 0.00128527 0.000315455 6.79924e-05 1.27887e-05 2.0511e-06 2.73116e-07 2.90427e-08
 1.20111e-11 1.30369e-09 8.34357e-08 3.14861e-06 7.00609e-05 0.000919255 0.00711329 0.0324889 0.0879512 0.144074 0.156655 0.148258 0.151769 0.133405 0.0814168 0.0357109 0.0134446 0.00474869 0.00147479 0.000390755 8.75447e-05 1.6156e-05 2.44335e-06 3.03286e-07 3.03771e-08
 1.32186e-11 1.43475e-09 9.18236e-08 3.46514e-06 7.7104e-05 0.00101166 0.00782795 0.0357445 0.0966493 0.157394 0.166842 0.147482 0.14086 0.120737 0.0735851 0.0326559 0.0125755 0.00456078 0.00146464 0.000407929 9.76318e-05 1.93077e-05 3.05631e-06 3.79275e-07 3.64221e-08
 1.3382e-11 1.45248e-09 9.29588e-08 3.50798e-06 7.80572e-05 0.00102416 0.00792472 0.0361864 0.0978437 0.159336 0.168882 0.149196 0.14216 0.120873 0.0717722 0.0296981 0.0101828 0.00338151 0.0010631 0.000301444 7.46908e-05 1.55011e-05 2.60776e-06 3.44354e-07 3.45477e-08
 1.32414e-11 1.43722e-09 9.19821e-08 3.47112e-06 7.72371e-05 0.00101341 0.00784152 0.0358075 0.0968333 0.157804 0.167788 0.149545 0.143838 0.122673 0.0727032 0.0298042 0.00994989 0.00312373 0.000896924 0.000229963 5.36744e-05 1.10808e-05 1.91795e-06 2.65165e-07 2.81137e-08
 1.33695e-11 1.45114e-09 9.28725e-08 3.50472e-06 7.79847e-05 0.00102321 0.00791735 0.0361525 0.0977493 0.159159 0.16859 0.148694 0.141512 0.120568 0.0722314 0.0305948 0.0108227 0.00355892 0.0010261 0.000252893 5.46012e-05 1.02711e-05 1.65904e-06 2.24317e-07 2.4192e-08
 1.42085e-11 1.54219e-09 9.87e-08 3.72463e-06 8.2878e-05 0.00108741 0.00841389 0.038415 0.103799 0.168469 0.175934 0.148884 0.135043 0.112493 0.0664562 0.0274266 0.00931704 0.00300138 0.000884741 0.00022772 5.03349e-05 9.26861e-06 1.40427e-06 1.74812e-07 1.76293e-08
 1.44254e-11 1.56574e-09 1.00207e-07 3.78151e-06 8.41436e-05 0.00110402 0.00854234 0.0390008 0.105373 0.170951 0.178185 0.149905 0.134856 0.111412 0.0646014 0.0252841 0.00770696 0.00220181 0.000599773 0.000148164 3.26289e-05 6.15668e-06 9.52847e-07 1.17289e-07 1.12571e-08
 1.48491e-11 1.61173e-09 1.03151e-07 3.89259e-06 8.66151e-05 0.00113644 0.00879312 0.0401434 0.108428 0.175645 0.181853 0.149889 0.131428 0.107263 0.0618141 0.0239139 0.00707883 0.00191416 0.000478951 0.000105552 2.08585e-05 3.68116e-06 5.57102e-07 6.90793e-08 6.70892e-09
 1.51606e-11 1.64554e-09 1.05314e-07 3.97424e-06 8.84319e-05 0.00116028 0.00897748 0.0409832 0.110672 0.17908 0.184478 0.149681 0.128604 0.103998 0.0598212 0.0231602 0.00686684 0.00185201 0.00045588 9.63895e-05 1.76671e-05 2.8088e-06 3.80944e-07 4.35235e-08 4.06254e-09
 1.46453e-11 1.58961e-09 1.01735e-07 3.83915e-06 8.5426e-05 0.00112084 0.00867249 0.0395941 0.106963 0.173429 0.180288 0.150445 0.133916 0.109826 0.0629457 0.0238226 0.0066959 0.00169037 0.00040037 8.34432e-05 1.50757e-05 2.31714e-06 2.94466e-07 3.06057e-08 2.57486e-09
 1.46047e-11 1.58519e-09 1.01452e-07 3.82849e-06 8.5189e-05 0.00111773 0.00864843 0.0394843 0.106669 0.172966 0.179877 0.150287 0.134004 0.110077 0.0633118 0.0242067 0.00695349 0.00178963 0.000418736 8.33088e-05 1.42521e-05 2.11116e-06 2.61872e-07 2.63424e-08 2.09357e-09
 1.4921e-11 1.61953e-09 1.0365e-07 3.91142e-06 8.70341e-05 0.00114194 0.00883564 0.0403371 0.108945 0.176438 0.182463 0.149853 0.130796 0.106531 0.06137 0.0237429 0.00701593 0.00187561 0.000452818 9.21725e-05 1.58642e-05 2.2959e-06 2.72323e-07 2.61851e-08 2.00768e-09
 1.51614e-11 1.64562e-09 1.0532e-07 3.97444e-06 8.84364e-05 0.00116034 0.00897794 0.0409855 0.11068 0.179115 0.184609 0.150023 0.129119 0.104332 0.0596603 0.0226666 0.00643932 0.00164787 0.000392869 8.15916e-05 1.45216e-05 2.16278e-06 2.60013e-07 2.47711e-08 1.8409e-09
#obs catch len freq
 9.76365e-12 1.05975e-09 6.7824e-08 2.55947e-06 5.6952e-05 0.000747267 0.0057828 0.0264198 0.0716128 0.117944 0.130771 0.129366 0.139916 0.135748 0.105047 0.0692855 0.0394956 0.0183925 0.00684422 0.00202003 0.000459906 7.78704e-05 9.46892e-06 8.00418e-07 4.56939e-08
 9.99008e-12 1.08433e-09 6.9397e-08 2.61883e-06 5.82729e-05 0.000764602 0.00591705 0.0270347 0.0732919 0.120741 0.133719 0.131154 0.13968 0.133982 0.103023 0.0673672 0.0377577 0.0171496 0.00617014 0.00174285 0.000376203 5.99357e-05 6.81686e-06 5.36406e-07 2.83931e-08
 7.07256e-12 7.6766e-10 4.91302e-08 1.85403e-06 4.12554e-05 0.000541348 0.00419057 0.0191731 0.0523176 0.088721 0.109123 0.131302 0.161281 0.160332 0.122819 0.0789652 0.0432216 0.0190937 0.0066441 0.00180036 0.000369443 5.54701e-05 5.90153e-06 4.31924e-07 2.11782e-08
 1.74904e-11 1.89842e-09 1.21498e-07 4.58498e-06 0.000102021 0.00133856 0.0103563 0.0472608 0.127372 0.203939 0.199424 0.133686 0.0842313 0.0646958 0.0526728 0.038313 0.0223092 0.00988087 0.00334704 0.000870891 0.00017016 2.41451e-05 2.41033e-06 1.64481e-07 7.48142e-09
 7.49227e-12 8.13215e-10 5.20458e-08 1.96406e-06 4.37045e-05 0.000573523 0.00444092 0.0203439 0.0558044 0.0965571 0.125566 0.160648 0.193461 0.17003 0.100396 0.0440751 0.0177336 0.0070766 0.00245407 0.000651466 0.000125147 1.69851e-05 1.59786e-06 1.01932e-07 4.31176e-09
 1.32438e-11 1.43749e-09 9.19989e-08 3.47176e-06 7.72516e-05 0.0010136 0.00784322 0.035815 0.0967969 0.156931 0.161705 0.129084 0.110493 0.104381 0.0898495 0.0618399 0.0306045 0.0104105 0.00255467 0.000502656 8.27359e-05 1.05816e-05 9.58751e-07 5.83349e-08 2.32188e-09
 1.12071e-11 1.21643e-09 7.78514e-08 2.93789e-06 6.53731e-05 0.000857806 0.00663961 0.0303585 0.0825212 0.13708 0.154472 0.151422 0.150318 0.126696 0.0814743 0.0439844 0.0216854 0.00898515 0.00275744 0.00058568 8.51188e-05 8.67622e-06 6.37585e-07 3.35792e-08 1.21801e-09
 1.59087e-11 1.72673e-09 1.10511e-07 4.17034e-06 9.27961e-05 0.00121757 0.00942151 0.0430212 0.116242 0.188076 0.191438 0.144669 0.108038 0.0839987 0.0580108 0.0333449 0.0152546 0.00535251 0.00145635 0.000308342 4.82112e-05 5.20187e-06 3.71905e-07 1.74077e-08 5.34688e-10
 1.29555e-11 1.40619e-09 8.99964e-08 3.39621e-06 7.55716e-05 0.000991633 0.00767548 0.0350917 0.095314 0.157556 0.173375 0.158691 0.143938 0.112519 0.0662608 0.0308125 0.0122731 0.00410469 0.00107492 0.000210291 2.99514e-05 3.03709e-06 2.12811e-07 9.94725e-09 3.00734e-10
 1.38296e-11 1.50108e-09 9.60689e-08 3.62536e-06 8.06705e-05 0.00105852 0.00819264 0.0374431 0.101532 0.166579 0.178079 0.151974 0.129571 0.103401 0.0673727 0.0350823 0.0142146 0.00428026 0.000953258 0.000160671 2.04345e-05 1.88714e-06 1.21131e-07 5.23063e-09 1.48366e-10
 1.39015e-11 1.50888e-09 9.65684e-08 3.64421e-06 8.10905e-05 0.00106406 0.00823607 0.0376517 0.102193 0.168171 0.181203 0.156202 0.13205 0.101527 0.0626722 0.0312666 0.0126569 0.00394954 0.000905839 0.000148816 1.72386e-05 1.39408e-06 7.80284e-08 2.97826e-09 7.58301e-11
 1.25573e-11 1.36298e-09 8.72306e-08 3.29185e-06 7.32507e-05 0.000961237 0.00744182 0.0340487 0.0927026 0.154294 0.172264 0.159578 0.143787 0.112927 0.0695899 0.0340703 0.0132726 0.00395342 0.000873964 0.000140837 1.61125e-05 1.26783e-06 6.68761e-08 2.3254e-09 5.27133e-11
 1.393e-11 1.51197e-09 9.67664e-08 3.6517e-06 8.12578e-05 0.00106629 0.00825419 0.0377467 0.102543 0.169077 0.182483 0.156208 0.129898 0.0999451 0.0632923 0.0321078 0.0126584 0.0037093 0.000790358 0.000121309 1.31829e-05 9.89247e-07 4.99819e-08 1.66275e-09 3.57405e-11
 1.34311e-11 1.45782e-09 9.33009e-08 3.52093e-06 7.83491e-05 0.00102817 0.00796072 0.0364303 0.0992129 0.164954 0.182291 0.162627 0.137942 0.102806 0.0609115 0.0288649 0.0109336 0.00316813 0.000673244 0.000101924 1.07209e-05 7.66275e-07 3.65333e-08 1.14299e-09 2.31087e-11
 1.13134e-11 1.22797e-09 7.85903e-08 2.96582e-06 6.5999e-05 0.000866214 0.00670989 0.0307586 0.0842798 0.143063 0.167753 0.166628 0.155034 0.120718 0.0729301 0.0344216 0.0125567 0.00342095 0.000681468 9.78554e-05 9.8877e-06 6.81837e-07 3.12232e-08 9.29987e-10 1.77413e-11
 9.27157e-12 1.00634e-09 6.44065e-08 2.43059e-06 5.4091e-05 0.000710046 0.00550349 0.0252817 0.0697771 0.121235 0.150999 0.164973 0.166509 0.138335 0.0895119 0.0447739 0.0167782 0.00454703 0.000877146 0.000119347 1.12795e-05 7.25605e-07 3.112e-08 8.72666e-10 1.57202e-11
 1.2212e-11 1.3255e-09 8.48326e-08 3.2014e-06 7.12412e-05 0.000935 0.00724185 0.0331755 0.0906183 0.151809 0.170387 0.155643 0.137718 0.112786 0.0768666 0.0409478 0.0161825 0.00457412 0.00090628 0.000123739 1.14305e-05 7.02479e-07 2.83188e-08 7.39463e-10 1.23583e-11
 1.18591e-11 1.2872e-09 8.23817e-08 3.10895e-06 6.91871e-05 0.000908181 0.00703777 0.0322959 0.0887063 0.151109 0.176566 0.169784 0.148982 0.110641 0.0658151 0.0316816 0.0121081 0.00347393 0.000710024 9.95263e-05 9.30967e-06 5.69666e-07 2.24664e-08 5.64376e-10 8.94409e-12
 1.2563e-11 1.3636e-09 8.72714e-08 3.29348e-06 7.32939e-05 0.00096209 0.00745522 0.0342019 0.0938078 0.158845 0.182042 0.168605 0.143468 0.105962 0.0626354 0.0287729 0.0100208 0.00258698 0.000486961 6.51663e-05 5.97797e-06 3.62792e-07 1.41807e-08 3.50582e-10 5.41532e-12
 1.18825e-11 1.28974e-09 8.25449e-08 3.11517e-06 6.93294e-05 0.000910204 0.00705688 0.0324273 0.0893764 0.153413 0.181267 0.174774 0.150871 0.108951 0.0618585 0.0272531 0.00910255 0.00222643 0.00038856 4.74541e-05 3.97418e-06 2.2315e-07 8.20956e-09 1.93707e-10 2.87916e-12
 1.22519e-11 1.32983e-09 8.51108e-08 3.21202e-06 7.14861e-05 0.000938552 0.00727714 0.0334406 0.0921288 0.157673 0.184257 0.173696 0.147082 0.105972 0.0603616 0.0262825 0.00848141 0.00197108 0.00032355 3.68477e-05 2.85064e-06 1.46631e-07 4.92186e-09 1.06122e-10 1.44998e-12
 1.30291e-11 1.4142e-09 9.05106e-08 3.41583e-06 7.60231e-05 0.000998154 0.00773969 0.0355657 0.097922 0.166973 0.192373 0.175178 0.141334 0.0972559 0.0532445 0.0224307 0.00703805 0.00158746 0.000250435 2.70425e-05 1.95929e-06 9.35101e-08 2.8926e-09 5.7186e-11 7.1388e-13
 1.23224e-11 1.3375e-09 8.56022e-08 3.23068e-06 7.19088e-05 0.000944371 0.00732796 0.0337431 0.0934332 0.161642 0.191877 0.181386 0.148445 0.10004 0.0524107 0.0209139 0.00621006 0.00132974 0.000199687 2.05225e-05 1.41011e-06 6.3429e-08 1.83585e-09 3.37266e-11 3.89006e-13
 1.30596e-11 1.41751e-09 9.07238e-08 3.42399e-06 7.6212e-05 0.00100088 0.0077658 0.0357419 0.0987599 0.169563 0.197023 0.179278 0.141747 0.0941744 0.048993 0.019152 0.00545116 0.00109997 0.000154347 1.47948e-05 9.4937e-07 3.99456e-08 1.08189e-09 1.85775e-11 1.99815e-13
 1.23419e-11 1.33962e-09 8.57402e-08 3.23605e-06 7.20379e-05 0.000946398 0.00735016 0.0339175 0.0943599 0.164673 0.197392 0.186023 0.148237 0.0957622 0.0475825 0.0177555 0.00484889 0.000938837 0.000125432 1.13184e-05 6.7705e-07 2.64014e-08 6.61247e-10 1.05003e-11 1.04533e-13
 1.25282e-11 1.35985e-09 8.70352e-08 3.285e-06 7.31315e-05 0.000960876 0.00746438 0.0344584 0.0958999 0.167208 0.199333 0.185622 0.146295 0.0940789 0.0463865 0.0168884 0.00441142 0.000806583 0.000101271 8.57821e-06 4.81017e-07 1.7527e-08 4.08381e-10 6.00653e-12 5.51986e-14
 1.10978e-11 1.20461e-09 7.7102e-08 2.91037e-06 6.4808e-05 0.000852101 0.00663148 0.0307599 0.0866446 0.155334 0.194991 0.193125 0.157787 0.10162 0.0492822 0.0175458 0.0044662 0.000790306 9.49976e-05 7.61431e-06 4.00312e-07 1.35986e-08 2.94523e-10 4.01993e-12 3.42338e-14
 1.12133e-11 1.21714e-09 7.79054e-08 2.94079e-06 6.54895e-05 0.000861164 0.00670323 0.0310959 0.0875334 0.156389 0.194589 0.190776 0.156135 0.1022 0.0503639 0.0179396 0.00448213 0.000767656 8.8552e-05 6.76949e-06 3.37418e-07 1.07989e-08 2.19018e-10 2.78485e-12 2.20068e-14
#spawning biomass
 16763.2 16140.4 16498.9 21974.7 26212.2 26813.3 31323.3 44822 68600.4 85386.3 105573 126669 161662 181919 167223 135501 136264 134347 133887 146168 153191 151202 154871 172730 173000 168766 175694 172357 156602 98709.1 16867.5 9582.67 9035.54 8998.51 8996.17 8996.03 8996.02 8996.02 8996.02 8996.02 8996.02 8996.02 8996.02 8996.02 8996.02 8996.02 8996.02 8996.02 8996.02 8996.02 8996.02 8996.02 8996.02 8996.02 8996.02 8996.02 8996.02 8996.02 8996.02 8996.02 8996.02 8996.02 8996.02 8996.02 8996.02 8996.02 8996.02 8996.02 8996.02 8996.02 8996.02 8996.02 8996.02 8996.02 8996.02 8996.02 8996.02 8996.02 8996.02 8996.02 8996.02 8996.02 8996.02 8996.02 8996.02 8996.02 8996.02 8996.02 8996.02 8996.02 8996.02 8996.02 8996.02 8996.02 8996.02 8996.02 8996.02 8996.02 8996.02 8996.02 8996.02 8996.02 8996.02 8996.02 8996.02 8996.02 8996.02 8996.02 8996.02 8996.02 8996.02 8996.02 8996.02 8996.02 8996.02 8996.02 8996.02 8996.02 8996.02 8996.02 8996.02 8996.02 8996.02 8996.02 8996.02 8996.02 8996.02 8996.02 0 0 0 0 0 0 0 0 0 0 0 0 0 0 0 0 0 0 0 0 0 0 0 0 0
