SBPRF35
0.827133
Curr Bio
133739
B35
627339
F35
0.221296
FOFL
0.101266
OFL
21811.6
Bzero
236324
#pred survey bio
 9451.55 9836.09 11062.8 16652.4 20983.3 25669.1 29770 33911.1 36192.9 45314.5 60682.9 69734.2 90909.5 119488 118170 99197.8 94406 88104.1 83669.3 81285.5 79537.6 89023.5 99266.9 101658 103525 108538 110570 90178.4 87319.6 8.64381e+06 7.74915e+06 8.21285e+06 7.61171e+06 6.62909e+06 5.5992e+06 4.68165e+06 3.93243e+06 3.35234e+06 2.91824e+06 2.60044e+06 2.37092e+06 2.20635e+06 2.08814e+06 2.00233e+06 1.93995e+06 1.89571e+06 1.86395e+06 1.84088e+06 1.8239e+06 1.81125e+06 1.80171e+06 1.79444e+06 1.78884e+06 1.78448e+06 1.78107e+06 1.77837e+06 1.77622e+06 1.77451e+06 1.77313e+06 1.77203e+06 1.77113e+06 1.77041e+06 1.76982e+06 1.76934e+06 1.76895e+06 1.76863e+06 1.76837e+06 1.76816e+06 1.76799e+06 1.76785e+06 1.76773e+06 1.76764e+06 1.76756e+06 1.7675e+06 1.76745e+06 1.7674e+06 1.76737e+06 1.76734e+06 1.76732e+06 1.7673e+06 1.76728e+06 1.76727e+06 1.76726e+06 1.76725e+06 1.76724e+06 1.76724e+06 1.76723e+06 1.76723e+06 1.76723e+06 1.76722e+06 1.76722e+06 1.76722e+06 1.76722e+06 1.76722e+06 1.76722e+06 1.76722e+06 1.76722e+06 1.76721e+06 1.76721e+06 1.76721e+06 1.76721e+06 1.76721e+06 1.76721e+06 1.76721e+06 1.76721e+06 1.76721e+06 1.76721e+06 1.76721e+06 1.76721e+06 1.76721e+06 1.76721e+06 1.76721e+06 1.76721e+06 1.76721e+06 1.76721e+06 1.76721e+06 1.76721e+06 1.76721e+06 1.76721e+06 1.76721e+06 1.76721e+06 1.76721e+06 1.76721e+06 1.76721e+06 1.76721e+06 1.76721e+06 1.76721e+06 1.76721e+06 1.76721e+06 0 0 0 0 0 0 0 0 0 0 0 0 0 0 0 0 0 0 0 0 0 0 0 0 0
#obs survey bio
 8944.66 10035.5 8679.79 16828.3 21258.4 33028 25524.9 35022 46987.9 53788.6 65542.4 75587.8 117337 91496.4 87245.9 78063.6 95077.4 76496.3 64999.7 65033.4 73557 86016.1 145576 114754 126307 95436.6 88357.8 91316.2 94914.6
#pred catch bio
 5442.52 6398.64 6223.2 10631 14167.9 18700.7 21860.2 26772.7 28572.2 35869 51060 58287.1 77147.8 106076 107399 90066 89920.5 84957.5 80970.4 79416.4 79438 87721.4 100024 106255 106501 109625 116667 91308.5 1.03901 21811.6 69064.7 70016.7 63929.4 54893.5 45627.7 37497.3 30961.2 25991.6 22353.6 19761 17949.4 16701.6 15849 15268.1 14876 14618.8 14450 14339.2 14266.5 14218.8 14187.5 14167 14153.5 14144.7 14138.8 14135 14132.5 14130.9 14129.8 14129.1 14128.7 14128.4 14128.2 14128 14127.9 14127.9 14127.8 14127.8 14127.8 14127.8 14127.8 14127.8 14127.8 14127.8 14127.8 14127.8 14127.8 14127.8 14127.8 14127.8 14127.8 14127.8 14127.8 14127.8 14127.8 14127.8 14127.8 14127.8 14127.8 14127.8 14127.8 14127.8 14127.8 14127.8 14127.8 14127.8 14127.8 14127.8 14127.8 14127.8 14127.8 14127.8 14127.8 14127.8 14127.8 14127.8 14127.8 14127.8 14127.8 14127.8 14127.8 14127.8 14127.8 14127.8 14127.8 14127.8 14127.8 14127.8 14127.8 14127.8 14127.8 14127.8 14127.8 14127.8 14127.8 14127.8 14127.8 14127.8 14127.8 0 0 0 0 0 0 0 0 0 0 0 0 0 0 0 0 0 0 0 0 0 0 0 0 0
#obs catch bio
 5999.73 6401.95 6192.34 10593.6 14551.4 18640.3 21897.3 26505.8 28347.6 34949.4 50087 57155.8 75014.2 105619 109450 91626 89767.9 85151.9 80024.4 78693.6 79442.1 85888.9 96160.2 102195 101824 106792 118028 96785.6 0.948395
#pred cpue bio
 9481.24 9608.79 10441.5 16203.5 20303 24709 28854.4 32886.8 34629.5 42221.2 58062.3 66039.4 83763.8 114312 116012 95575.3 89982.2 84136 79029.4 77796.8 73430.7 82373.5 93219.5 94029.1 95738.3 101215 104087 86763.5 78376.8 8.70536e+06 8.06867e+06 8.25008e+06 7.61798e+06 6.63272e+06 5.60263e+06 4.68506e+06 3.93585e+06 3.35576e+06 2.92165e+06 2.60385e+06 2.37434e+06 2.20977e+06 2.09156e+06 2.00574e+06 1.94337e+06 1.89912e+06 1.86737e+06 1.8443e+06 1.82732e+06 1.81467e+06 1.80513e+06 1.79786e+06 1.79226e+06 1.7879e+06 1.78448e+06 1.78178e+06 1.77964e+06 1.77793e+06 1.77655e+06 1.77544e+06 1.77455e+06 1.77382e+06 1.77323e+06 1.77276e+06 1.77237e+06 1.77205e+06 1.77179e+06 1.77158e+06 1.77141e+06 1.77126e+06 1.77115e+06 1.77105e+06 1.77098e+06 1.77091e+06 1.77086e+06 1.77082e+06 1.77079e+06 1.77076e+06 1.77073e+06 1.77072e+06 1.7707e+06 1.77069e+06 1.77068e+06 1.77067e+06 1.77066e+06 1.77066e+06 1.77065e+06 1.77065e+06 1.77064e+06 1.77064e+06 1.77064e+06 1.77064e+06 1.77064e+06 1.77063e+06 1.77063e+06 1.77063e+06 1.77063e+06 1.77063e+06 1.77063e+06 1.77063e+06 1.77063e+06 1.77063e+06 1.77063e+06 1.77063e+06 1.77063e+06 1.77063e+06 1.77063e+06 1.77063e+06 1.77063e+06 1.77063e+06 1.77063e+06 1.77063e+06 1.77063e+06 1.77063e+06 1.77063e+06 1.77063e+06 1.77063e+06 1.77063e+06 1.77063e+06 1.77063e+06 1.77063e+06 1.77063e+06 1.77063e+06 1.77063e+06 1.77063e+06 1.77063e+06 1.77063e+06 1.77063e+06 1.77063e+06 0 0 0 0 0 0 0 0 0 0 0 0 0 0 0 0 0 0 0 0 0 0 0 0 0
#obs cpue bio
 8324.89 13462.7 9917.15 17221.7 12030 24425.6 33392.5 39746.5 31570.9 54646.4 62065.2 101110 82339.5 141872 104806 107001 83239.7 108662 102284 127606 76040.7 113179 148789 147171 147810 148095 109091 91855.7 133843
#pred surv len freq
 2.55899e-27 2.57694e-27 2.30012e-26 4.31234e-20 1.05712e-14 3.13243e-10 1.12198e-06 0.000485776 0.0254238 0.160838 0.123499 0.0431722 0.241837 0.223328 0.0487387 0.0553252 0.0227478 0.0161807 0.00969097 0.00725424 0.00567286 0.00493221 0.00500748 0.00448767 0.001376
 2.5604e-27 2.58138e-27 2.74201e-26 5.24473e-20 1.28568e-14 3.80971e-10 1.36457e-06 0.000590808 0.0309208 0.195614 0.149968 0.0378195 0.182509 0.169797 0.0614503 0.0977525 0.0349736 0.0173498 0.00783366 0.00442796 0.00280041 0.00207598 0.00186851 0.0016814 0.000566056
 2.56377e-27 2.59004e-27 3.45581e-26 6.75034e-20 1.65476e-14 4.90336e-10 1.7563e-06 0.000760412 0.0397972 0.251768 0.19289 0.0404967 0.172725 0.159613 0.038684 0.0485738 0.0228495 0.0191964 0.00707398 0.00270622 0.00116721 0.0006547 0.000485932 0.000412255 0.000144049
 2.56185e-27 2.58468e-27 2.96761e-26 5.7204e-20 1.40229e-14 4.15523e-10 1.48833e-06 0.000644391 0.0337251 0.213355 0.163597 0.0430055 0.212398 0.196163 0.0441612 0.0515795 0.0193846 0.0112868 0.00612433 0.00306924 0.000883178 0.000304994 0.000159423 0.000116488 4.04057e-05
 2.56205e-27 2.58534e-27 3.03703e-26 5.86688e-20 1.4382e-14 4.26163e-10 1.52644e-06 0.000660892 0.0345887 0.218818 0.16775 0.0417829 0.200178 0.185173 0.0474509 0.0618446 0.0224193 0.0114922 0.0045141 0.0020996 0.000890634 0.000226957 6.4416e-05 3.38405e-05 1.10343e-05
 2.56259e-27 2.58669e-27 3.14638e-26 6.09752e-20 1.49473e-14 4.42916e-10 1.58645e-06 0.000686872 0.0359484 0.22742 0.174327 0.0423679 0.200008 0.184782 0.0431191 0.052108 0.0201543 0.0121325 0.00449533 0.00165712 0.00055979 0.000182419 3.66936e-05 9.9964e-06 2.73994e-06
 2.56231e-27 2.5858e-27 3.05499e-26 5.90469e-20 1.44746e-14 4.28909e-10 1.53628e-06 0.000665151 0.0348116 0.220228 0.168856 0.0436325 0.213476 0.197036 0.0421558 0.046741 0.0172174 0.00929701 0.00379171 0.00152676 0.000425036 0.000110817 2.403e-05 3.69462e-06 6.52608e-07
 2.56221e-27 2.58557e-27 3.03703e-26 5.8668e-20 1.43818e-14 4.26157e-10 1.52642e-06 0.000660883 0.0345882 0.218815 0.167773 0.0433928 0.212413 0.196157 0.0438815 0.0508656 0.0179664 0.00853984 0.00320967 0.00124411 0.000386172 8.74979e-05 1.55503e-05 2.00912e-06 1.92989e-07
 2.56329e-27 2.58839e-27 3.27576e-26 6.37039e-20 1.56162e-14 4.62737e-10 1.65745e-06 0.000717611 0.0375572 0.237597 0.182117 0.0435531 0.203554 0.187791 0.0389294 0.0416673 0.015023 0.00757817 0.00266457 0.000911329 0.000262408 6.28993e-05 9.87714e-06 1.03599e-06 6.64121e-08
 2.56502e-27 2.59297e-27 3.6716e-26 7.20541e-20 1.76632e-14 5.23392e-10 1.8747e-06 0.000811674 0.0424801 0.268741 0.205892 0.0431557 0.183827 0.169446 0.0331626 0.0330725 0.0114861 0.00519032 0.00187297 0.000651606 0.000166016 3.6233e-05 5.72436e-06 5.20005e-07 2.53025e-08
 2.56359e-27 2.58899e-27 3.30884e-26 6.4401e-20 1.57871e-14 4.67801e-10 1.67558e-06 0.000725464 0.0379681 0.240197 0.184127 0.0450635 0.213637 0.196785 0.0349297 0.0301929 0.0101887 0.00417438 0.00140766 0.000456026 0.000118833 2.36869e-05 3.3766e-06 2.94698e-07 1.19999e-08
 2.56416e-27 2.59058e-27 3.45275e-26 6.7437e-20 1.65314e-14 4.89854e-10 1.75457e-06 0.000759663 0.039758 0.251521 0.192762 0.0443498 0.202139 0.186263 0.0346757 0.0322378 0.0104286 0.00355424 0.00112431 0.000329817 7.85652e-05 1.54012e-05 2.02811e-06 1.60198e-07 6.01356e-09
 2.56574e-27 2.59481e-27 3.82425e-26 7.5274e-20 1.84525e-14 5.46781e-10 1.95848e-06 0.000847946 0.0443785 0.280751 0.215068 0.0435247 0.180188 0.165938 0.0298301 0.0263063 0.00868196 0.0032303 0.000955012 0.000237527 5.07866e-05 8.98025e-06 1.12594e-06 8.17591e-08 2.78539e-09
 2.56375e-27 2.58931e-27 3.32751e-26 6.47945e-20 1.58836e-14 4.7066e-10 1.68582e-06 0.000729897 0.0382002 0.241665 0.185259 0.0458099 0.218521 0.201131 0.0327997 0.0242064 0.00784372 0.00273534 0.000832789 0.000216566 4.02688e-05 6.12562e-06 6.83128e-07 4.62312e-08 1.44004e-09
 2.56194e-27 2.58447e-27 2.9051e-26 5.58835e-20 1.36992e-14 4.05931e-10 1.45398e-06 0.000629516 0.0329466 0.20843 0.159893 0.0465308 0.241829 0.222781 0.0391989 0.0333366 0.0103914 0.00292705 0.000846453 0.000211335 4.09564e-05 5.74177e-06 5.37058e-07 3.19472e-08 9.14928e-10
 2.56308e-27 2.58764e-27 3.19366e-26 6.19713e-20 1.51915e-14 4.50152e-10 1.61237e-06 0.000698094 0.0365357 0.231135 0.177207 0.0450597 0.21847 0.201352 0.0377082 0.0353568 0.0113952 0.00378431 0.00103565 0.000214703 3.90276e-05 5.49821e-06 4.82962e-07 2.40842e-08 6.02725e-10
 2.56388e-27 2.58974e-27 3.37125e-26 6.57175e-20 1.61098e-14 4.77363e-10 1.70984e-06 0.000740293 0.0387443 0.245107 0.187878 0.0451741 0.211843 0.195078 0.0336992 0.0277985 0.00918884 0.00345519 0.00101397 0.000235326 3.74578e-05 4.64637e-06 3.98544e-07 1.85068e-08 3.91498e-10
 2.56391e-27 2.58972e-27 3.36024e-26 6.54848e-20 1.60528e-14 4.75674e-10 1.70378e-06 0.000737673 0.0386071 0.24424 0.187228 0.0460146 0.218696 0.201229 0.0316765 0.0216081 0.00687254 0.00220928 0.000669744 0.000175074 3.10929e-05 3.724e-06 2.7566e-07 1.21443e-08 2.36027e-10
 2.56456e-27 2.59148e-27 3.51508e-26 6.87513e-20 1.68535e-14 4.99401e-10 1.78877e-06 0.000774469 0.0405329 0.256423 0.196524 0.0455868 0.208909 0.192203 0.0301736 0.0204355 0.00625344 0.00160962 0.000445883 0.000104265 2.01458e-05 2.71888e-06 2.02442e-07 7.82858e-09 1.41147e-10
 2.56384e-27 2.58948e-27 3.33462e-26 6.49442e-20 1.59203e-14 4.71746e-10 1.68972e-06 0.000731583 0.0382884 0.242223 0.185695 0.0464137 0.22281 0.204964 0.031233 0.0196379 0.00599339 0.00152614 0.000393068 7.46874e-05 1.26718e-05 1.72695e-06 1.44706e-07 5.69097e-09 9.2074e-11
 2.5658e-27 2.59483e-27 3.8118e-26 7.50108e-20 1.8388e-14 5.44869e-10 1.95163e-06 0.000844981 0.0442233 0.279769 0.214337 0.0446937 0.189598 0.174387 0.0271178 0.0179456 0.00541823 0.00127209 0.000322709 5.94051e-05 8.58995e-06 9.74486e-07 7.9251e-08 3.43218e-09 5.65515e-11
 2.56578e-27 2.5947e-27 3.79263e-26 7.46062e-20 1.82888e-14 5.4193e-10 1.9411e-06 0.000840423 0.0439847 0.27826 0.213196 0.0453856 0.195664 0.179834 0.0253326 0.0125036 0.00377893 0.000937116 0.000234484 4.02226e-05 5.63979e-06 5.66793e-07 3.77281e-08 1.55132e-09 2.74469e-11
 2.56499e-27 2.59256e-27 3.60334e-26 7.06128e-20 1.73099e-14 5.12923e-10 1.8372e-06 0.000795439 0.0416304 0.263366 0.201831 0.0459176 0.207697 0.190954 0.0275963 0.0148566 0.00433129 0.00079256 0.000190481 3.39943e-05 4.57364e-06 4.33156e-07 2.57875e-08 8.75983e-10 1.45424e-11
 2.56578e-27 2.59471e-27 3.79524e-26 7.46613e-20 1.83023e-14 5.42331e-10 1.94254e-06 0.000841044 0.0440172 0.278465 0.213351 0.045259 0.194593 0.178879 0.0257774 0.0137514 0.00404714 0.000805574 0.000183085 2.51592e-05 3.30138e-06 3.11054e-07 1.73222e-08 5.23058e-10 7.28896e-12
 2.56585e-27 2.59485e-27 3.80296e-26 7.4824e-20 1.83422e-14 5.43512e-10 1.94677e-06 0.000842877 0.0441131 0.279072 0.21382 0.0456283 0.197073 0.181074 0.02446 0.0101947 0.00297559 0.000587196 0.000135704 1.96845e-05 2.21783e-06 1.77792e-07 9.76552e-09 2.77212e-10 3.41749e-12
 2.5654e-27 2.59366e-27 3.69807e-26 7.26112e-20 1.77998e-14 5.27439e-10 1.8892e-06 0.00081795 0.0428086 0.270819 0.207522 0.0458907 0.203495 0.187017 0.0258168 0.0117872 0.00336798 0.00052343 0.000114285 1.65188e-05 1.92497e-06 1.46013e-07 6.66744e-09 1.78608e-10 2.0745e-12
 2.56487e-27 2.59223e-27 3.57306e-26 6.99741e-20 1.71533e-14 5.08283e-10 1.82059e-06 0.000788244 0.0412538 0.260984 0.200015 0.0461237 0.210542 0.193554 0.0275905 0.0141872 0.00410003 0.00069316 0.000147439 1.72184e-05 1.89501e-06 1.45683e-07 6.48027e-09 1.48169e-10 1.56882e-12
 2.56369e-27 2.58896e-27 3.27794e-26 6.37481e-20 1.56271e-14 4.63059e-10 1.6586e-06 0.00071811 0.0375833 0.237763 0.182306 0.047468 0.233215 0.214364 0.0292515 0.0127396 0.00370831 0.000704445 0.000156187 1.94406e-05 1.93724e-06 1.26863e-07 5.55057e-09 1.23975e-10 1.15254e-12
 2.56717e-27 2.59854e-27 4.13844e-26 8.19014e-20 2.00771e-14 5.94922e-10 2.13091e-06 0.000922603 0.0482857 0.305469 0.233947 0.0438376 0.169305 0.15564 0.0234223 0.0142252 0.00411021 0.000665356 0.000145614 2.01692e-05 2.13703e-06 1.38177e-07 5.16607e-09 1.0822e-10 9.77129e-13
#obs surv len freq
 1.08672e-41 1.50829e-33 2.53047e-26 5.13175e-20 1.25799e-14 3.72765e-10 1.33518e-06 0.000578088 0.0302548 0.191402 0.146863 0.040254 0.173723 0.14694 0.103555 0.101313 0.0437035 0.0170597 0.00384364 0.000483262 2.48113e-05 3.76325e-07 1.27058e-09 7.78832e-13 7.59229e-17
 1.60182e-41 2.22322e-33 3.72991e-26 7.56419e-20 1.85427e-14 5.49454e-10 1.96806e-06 0.0008521 0.0445956 0.282125 0.216152 0.0406393 0.126571 0.1022 0.0762727 0.0690176 0.0289576 0.0103121 0.00207116 0.000222334 9.32356e-06 1.0976e-07 2.75876e-10 1.22727e-13 8.56443e-18
 1.53654e-41 2.13262e-33 3.57791e-26 7.25593e-20 1.77871e-14 5.27063e-10 1.88786e-06 0.000817376 0.0427782 0.270628 0.207603 0.0499821 0.176543 0.128695 0.0564908 0.0426594 0.0171836 0.00554156 0.000983828 8.84606e-05 2.96535e-06 2.68271e-08 5.01698e-11 1.62214e-14 8.10887e-19
 1.07432e-41 1.49109e-33 2.50161e-26 5.07322e-20 1.24364e-14 3.68513e-10 1.31995e-06 0.000571495 0.0299098 0.18922 0.145672 0.0564193 0.230001 0.162988 0.0983144 0.0661483 0.0161448 0.00395254 0.000610635 4.55223e-05 1.19951e-06 8.20736e-09 1.13331e-11 2.66141e-15 9.5487e-20
 1.49901e-41 2.08053e-33 3.49052e-26 7.07871e-20 1.73526e-14 5.1419e-10 1.84174e-06 0.000797412 0.0417334 0.264019 0.202589 0.0471253 0.141972 0.104132 0.104559 0.0696662 0.0193941 0.00364778 0.000344074 1.95068e-05 3.98648e-07 2.03791e-09 2.05442e-12 3.48003e-16 8.94138e-21
 1.20162e-41 1.66776e-33 2.79802e-26 5.67433e-20 1.39099e-14 4.12177e-10 1.47635e-06 0.000639209 0.0334537 0.211641 0.163156 0.0651018 0.231689 0.144188 0.0780565 0.0493178 0.018771 0.00368187 0.000292546 1.01386e-05 1.38589e-07 5.15145e-10 3.75709e-13 4.55402e-17 8.32545e-22
 1.37855e-41 1.91334e-33 3.21002e-26 6.50985e-20 1.59581e-14 4.72869e-10 1.69374e-06 0.00073333 0.0383796 0.242804 0.186826 0.0579363 0.175018 0.116533 0.109642 0.0567727 0.0126852 0.00244403 0.000218209 6.30299e-06 5.43003e-08 1.26457e-10 6.31325e-14 5.39973e-18 6.97965e-23
 1.19581e-41 1.6597e-33 2.78449e-26 5.64689e-20 1.38427e-14 4.10184e-10 1.46921e-06 0.000636118 0.0332919 0.21062 0.162819 0.0723178 0.227413 0.133356 0.0935356 0.0492039 0.0146312 0.00203745 0.000132254 3.699e-06 2.65539e-08 4.09285e-11 1.26126e-14 6.98469e-19 6.14438e-24
 1.51518e-41 2.10297e-33 3.52816e-26 7.15504e-20 1.75397e-14 5.19735e-10 1.86161e-06 0.000806011 0.0421834 0.26687 0.205589 0.0643998 0.166836 0.103943 0.0962586 0.0421455 0.00952317 0.00136371 7.90044e-05 1.5556e-06 9.13954e-09 1.1481e-11 2.51439e-15 8.96509e-20 4.99069e-25
 1.52059e-41 2.11047e-33 3.54076e-26 7.18059e-20 1.76024e-14 5.2159e-10 1.86825e-06 0.000808889 0.042334 0.267826 0.206941 0.0780052 0.198511 0.103605 0.0659098 0.0282591 0.00698002 0.000780831 3.74809e-05 6.30445e-07 2.6855e-09 2.48356e-12 4.20793e-16 1.12282e-20 4.3665e-26
 1.09612e-41 1.52134e-33 2.55236e-26 5.17613e-20 1.26887e-14 3.75989e-10 1.34673e-06 0.000583087 0.0305165 0.193071 0.150927 0.097112 0.257936 0.136165 0.0955704 0.0319876 0.00553303 0.000573383 2.35005e-05 3.03261e-07 1.01494e-09 6.92311e-13 8.30417e-17 1.60435e-21 4.61678e-27
 1.66386e-41 2.30932e-33 3.87437e-26 7.85714e-20 1.92609e-14 5.70735e-10 2.04428e-06 0.000885102 0.0463227 0.293062 0.226274 0.0711821 0.144593 0.0941363 0.0898389 0.0287191 0.00463456 0.000340437 1.0407e-05 1.08544e-07 2.73387e-10 1.38174e-13 1.2173e-17 1.67782e-22 3.39239e-28
 1.33706e-41 1.85574e-33 3.1134e-26 6.3139e-20 1.54778e-14 4.58635e-10 1.64276e-06 0.000711257 0.0372244 0.235517 0.184518 0.110568 0.242963 0.106643 0.0573317 0.0202847 0.00396659 0.000264721 6.07882e-06 4.37385e-08 8.10631e-11 3.02969e-14 1.93081e-18 1.91579e-23 2.77931e-29
 1.12043e-41 1.55509e-33 2.60898e-26 5.29096e-20 1.29702e-14 3.8433e-10 1.37661e-06 0.000596023 0.0311935 0.19737 0.155992 0.112184 0.235774 0.137393 0.102902 0.0235503 0.00284383 0.000195826 4.37292e-06 2.42853e-08 3.08046e-11 7.91772e-15 3.58945e-19 2.55194e-24 2.63775e-30
 8.72819e-42 1.21141e-33 2.0324e-26 4.12167e-20 1.01038e-14 2.99393e-10 1.07238e-06 0.000464303 0.0242998 0.153771 0.123949 0.123321 0.249129 0.160267 0.125119 0.034801 0.00467143 0.000203803 3.42654e-06 1.71896e-08 1.75998e-11 3.21774e-15 9.87988e-20 4.78809e-25 3.44364e-31
 1.41485e-41 1.96373e-33 3.29456e-26 6.6813e-20 1.63784e-14 4.85322e-10 1.73835e-06 0.000752644 0.0393904 0.249231 0.195362 0.0944467 0.159554 0.126469 0.101728 0.0287726 0.00409785 0.000192081 2.55425e-06 8.67104e-09 6.87537e-12 1.01024e-15 2.34185e-20 8.03088e-26 3.95094e-32
 9.71126e-42 1.34786e-33 2.26131e-26 4.58589e-20 1.12418e-14 3.33115e-10 1.19316e-06 0.000516598 0.0270368 0.171128 0.141145 0.162227 0.273077 0.126495 0.0725334 0.0224466 0.00323987 0.000151219 1.98116e-06 5.71813e-09 3.2095e-12 3.28025e-16 5.63136e-21 1.46752e-26 5.3887e-33
 1.43985e-41 1.99842e-33 3.35276e-26 6.79933e-20 1.66678e-14 4.93896e-10 1.76906e-06 0.00076594 0.0400863 0.253659 0.200754 0.107969 0.161262 0.135424 0.0834152 0.014978 0.00161109 7.30434e-05 8.98841e-07 2.36227e-09 1.13108e-12 8.84802e-17 1.0683e-21 1.9248e-27 5.00981e-34
 1.0038e-41 1.39321e-33 2.3374e-26 4.7402e-20 1.16201e-14 3.44323e-10 1.23331e-06 0.000533981 0.0279466 0.176943 0.149561 0.183649 0.261268 0.121006 0.0619571 0.01565 0.00144219 4.1524e-05 4.10112e-07 9.4252e-10 3.86571e-13 2.51448e-17 2.41846e-22 3.28686e-28 6.14138e-35
 1.28499e-41 1.78348e-33 2.99215e-26 6.06802e-20 1.4875e-14 4.40775e-10 1.57878e-06 0.000683559 0.0357749 0.226442 0.183813 0.132412 0.181562 0.152731 0.0742643 0.0113418 0.000948105 2.68834e-05 1.87211e-07 3.01085e-10 9.66631e-14 5.08782e-18 3.93036e-23 4.22521e-29 6.12738e-36
 1.41497e-41 1.96389e-33 3.29483e-26 6.68184e-20 1.63798e-14 4.85362e-10 1.73849e-06 0.000752705 0.0393939 0.249395 0.20507 0.159146 0.187119 0.101298 0.0475398 0.0096298 0.000641837 1.29323e-05 7.65566e-08 9.47936e-11 2.09628e-14 7.77625e-19 4.4729e-24 3.68288e-30 4.11321e-37
 1.13034e-41 1.56883e-33 2.63204e-26 5.33772e-20 1.30848e-14 3.87727e-10 1.38877e-06 0.000601291 0.0314697 0.199368 0.172947 0.197004 0.225497 0.12218 0.0442118 0.00629934 0.00041253 7.78823e-06 3.37078e-08 3.09919e-11 5.25633e-15 1.41804e-19 5.65872e-25 3.23029e-31 2.56409e-38
 1.37638e-41 1.91033e-33 3.20497e-26 6.49961e-20 1.5933e-14 4.72125e-10 1.69107e-06 0.000732177 0.0383197 0.24269 0.203224 0.160429 0.179141 0.126252 0.0437222 0.0052407 0.000243902 3.61443e-06 1.3561e-08 9.73001e-12 1.18565e-15 2.31387e-20 6.77705e-26 2.80224e-32 1.57162e-39
 1.35287e-41 1.8777e-33 3.15023e-26 6.3886e-20 1.56609e-14 4.64061e-10 1.66219e-06 0.000719671 0.0376656 0.238692 0.20673 0.193833 0.18819 0.0973663 0.0324096 0.00422007 0.000169754 1.83077e-06 4.91759e-09 2.72912e-12 2.60617e-16 3.79535e-21 7.96062e-27 2.33605e-33 9.36798e-41
 1.18882e-41 1.65e-33 2.76822e-26 5.6139e-20 1.37618e-14 4.07788e-10 1.46063e-06 0.000632403 0.0330987 0.209955 0.190548 0.21406 0.206657 0.112577 0.0294748 0.00288753 0.000106119 1.0157e-06 2.06064e-09 7.9912e-13 5.42041e-17 5.83026e-22 9.16419e-28 1.99054e-34 5.77985e-42
 1.06547e-41 1.47881e-33 2.481e-26 5.03142e-20 1.23339e-14 3.65477e-10 1.30908e-06 0.000566787 0.0296652 0.188386 0.178421 0.221393 0.21731 0.129275 0.0321505 0.0027545 7.50696e-05 5.58134e-07 9.36106e-10 2.84068e-13 1.39239e-17 1.04227e-22 1.14313e-28 1.76646e-35 3.71396e-43
 1.0488e-41 1.45567e-33 2.44219e-26 4.9527e-20 1.2141e-14 3.59759e-10 1.2886e-06 0.00055792 0.0292017 0.185609 0.179581 0.221241 0.216875 0.132174 0.032047 0.00264935 6.18778e-05 3.49916e-07 4.26875e-10 9.77272e-14 3.68355e-18 2.07192e-23 1.6448e-29 1.78864e-36 2.61494e-44
 1.26789e-41 1.75975e-33 2.95234e-26 5.98728e-20 1.46771e-14 4.3491e-10 1.55778e-06 0.000674464 0.0353009 0.224091 0.204555 0.199935 0.192531 0.113329 0.0272822 0.00224781 5.12015e-05 2.66946e-07 2.75322e-10 5.0254e-14 1.49808e-18 6.80484e-24 4.44376e-30 3.98718e-37 4.7626e-45
 1.26791e-41 1.75978e-33 2.9524e-26 5.9874e-20 1.46774e-14 4.34919e-10 1.55781e-06 0.000674478 0.0353016 0.224095 0.204559 0.199944 0.192699 0.113681 0.026902 0.00209698 4.42229e-05 2.09229e-07 1.92938e-10 3.11139e-14 8.12321e-19 3.21418e-24 1.82326e-30 1.41922e-37 1.46936e-45
#pred catch len freq
 2.55724e-27 2.57217e-27 1.87417e-26 3.41375e-20 8.36839e-15 2.4797e-10 8.88188e-07 0.000384551 0.020126 0.127324 0.0979331 0.0447543 0.271839 0.250937 0.0522339 0.0563479 0.0230818 0.0163219 0.00976792 0.00730963 0.00571589 0.00496958 0.00504542 0.00452167 0.00138642
 2.55889e-27 2.57725e-27 2.37602e-26 4.47263e-20 1.09641e-14 3.24886e-10 1.16369e-06 0.000503832 0.0263687 0.166817 0.127997 0.0389791 0.20677 0.192165 0.065043 0.100319 0.0358036 0.0176441 0.00795944 0.00449731 0.0028441 0.00210835 0.00189764 0.00170761 0.000574881
 2.56165e-27 2.58429e-27 2.94749e-26 5.67801e-20 1.3919e-14 4.12444e-10 1.4773e-06 0.000639616 0.0334752 0.211774 0.162374 0.0419798 0.205452 0.189793 0.0436571 0.0523524 0.0245196 0.0204937 0.00754802 0.00288621 0.00124475 0.000698178 0.000518202 0.000439632 0.000153616
 2.56012e-27 2.57996e-27 2.54649e-26 4.83199e-20 1.1845e-14 3.5099e-10 1.25719e-06 0.000544314 0.0284874 0.18022 0.13832 0.0445058 0.241575 0.223026 0.0478164 0.0531568 0.0199149 0.0115219 0.00624656 0.00312953 0.000900471 0.00031096 0.000162541 0.000118766 4.11959e-05
 2.56052e-27 2.58116e-27 2.66455e-26 5.0811e-20 1.24557e-14 3.69085e-10 1.322e-06 0.000572375 0.029956 0.189511 0.145392 0.0431168 0.226036 0.208982 0.050703 0.0632694 0.0228727 0.0116481 0.00457163 0.00212542 0.000901527 0.00022973 6.52028e-05 3.42539e-05 1.11691e-05
 2.56133e-27 2.58325e-27 2.83812e-26 5.4472e-20 1.33532e-14 3.95678e-10 1.41725e-06 0.000613616 0.0321145 0.203165 0.155826 0.0435809 0.222237 0.205228 0.045531 0.0524594 0.0202238 0.0120993 0.00447993 0.00165069 0.000557573 0.000181694 3.65476e-05 9.95663e-06 2.72904e-06
 2.56106e-27 2.58238e-27 2.74797e-26 5.25699e-20 1.28869e-14 3.81861e-10 1.36776e-06 0.000592189 0.0309931 0.196071 0.15043 0.044877 0.235893 0.217647 0.0444585 0.0468009 0.0171866 0.00922073 0.00375761 0.0015124 0.00042101 0.000109765 2.38018e-05 3.65954e-06 6.46411e-07
 2.56131e-27 2.58308e-27 2.81249e-26 5.39311e-20 1.32206e-14 3.91749e-10 1.40318e-06 0.000607523 0.0317956 0.201148 0.154299 0.0444376 0.22983 0.212147 0.045211 0.0498661 0.0175656 0.00829379 0.00311456 0.0012067 0.000374534 8.48595e-05 1.50814e-05 1.94853e-06 1.87169e-07
 2.56236e-27 2.58583e-27 3.04563e-26 5.88489e-20 1.44261e-14 4.27471e-10 1.53113e-06 0.000662921 0.0346949 0.21949 0.168307 0.0445773 0.221052 0.203862 0.0404143 0.0410027 0.0147396 0.00738662 0.00259521 0.000887189 0.000255436 6.12269e-05 9.61449e-06 1.00844e-06 6.4646e-08
 2.56411e-27 2.59046e-27 3.44596e-26 6.7294e-20 1.64963e-14 4.88815e-10 1.75085e-06 0.000758053 0.0396737 0.250987 0.192351 0.0441181 0.200665 0.184919 0.0347165 0.0327182 0.0113312 0.0050859 0.00183372 0.000637657 0.000162449 3.54537e-05 5.60123e-06 5.0882e-07 2.47583e-08
 2.56295e-27 2.58722e-27 3.14831e-26 6.10144e-20 1.49569e-14 4.43201e-10 1.58747e-06 0.000687315 0.0359716 0.227567 0.174495 0.0458619 0.22648 0.208564 0.0357143 0.0290125 0.00976266 0.00397244 0.00133836 0.000433365 0.000112918 2.25074e-05 3.20845e-06 2.80023e-07 1.14024e-08
 2.56351e-27 2.58875e-27 3.28717e-26 6.39438e-20 1.56751e-14 4.6448e-10 1.66369e-06 0.000720314 0.0376986 0.238492 0.182826 0.0451566 0.215259 0.198298 0.035513 0.0311144 0.0100412 0.00339817 0.00107383 0.00031485 7.4993e-05 1.47007e-05 1.93585e-06 1.5291e-07 5.73999e-09
 2.56518e-27 2.59327e-27 3.68469e-26 7.23296e-20 1.77307e-14 5.25393e-10 1.88187e-06 0.000814778 0.0426426 0.269769 0.206693 0.0442115 0.191298 0.176128 0.0305214 0.0253144 0.00833267 0.00307882 0.0009094 0.000226062 4.83301e-05 8.54568e-06 1.07145e-06 7.78023e-08 2.65059e-09
 2.56341e-27 2.58835e-27 3.23919e-26 6.29311e-20 1.54268e-14 4.57124e-10 1.63734e-06 0.000708906 0.0371016 0.234715 0.179961 0.0463457 0.226321 0.208267 0.0329415 0.0227298 0.00734451 0.0025433 0.000773558 0.00020106 3.73818e-05 5.6863e-06 6.34132e-07 4.29153e-08 1.33676e-09
 2.56178e-27 2.584e-27 2.86006e-26 5.49332e-20 1.34662e-14 3.99028e-10 1.42925e-06 0.000618812 0.0323864 0.204886 0.157194 0.0469989 0.247288 0.22774 0.0386783 0.0308979 0.00960964 0.00268757 0.00077628 0.000193712 3.75372e-05 5.26229e-06 4.92207e-07 2.92792e-08 8.3852e-10
 2.56295e-27 2.58724e-27 3.15345e-26 6.11229e-20 1.49835e-14 4.43989e-10 1.59029e-06 0.000688537 0.0360355 0.227971 0.174798 0.0455266 0.223715 0.206114 0.0371198 0.0328113 0.0105501 0.00347902 0.00095118 0.000197081 3.582e-05 5.04618e-06 4.43254e-07 2.2104e-08 5.53169e-10
 2.56407e-27 2.59022e-27 3.41109e-26 6.65578e-20 1.63158e-14 4.83468e-10 1.7317e-06 0.00074976 0.0392397 0.248242 0.190273 0.045336 0.211392 0.194599 0.0324847 0.0251426 0.00828806 0.00309488 0.000907422 0.000210485 3.35004e-05 4.15534e-06 3.56424e-07 1.65509e-08 3.50122e-10
 2.56416e-27 2.59036e-27 3.41414e-26 6.66218e-20 1.63315e-14 4.83933e-10 1.73337e-06 0.000750481 0.0392775 0.248481 0.190467 0.0460573 0.216745 0.199383 0.0305137 0.0194175 0.0061583 0.00196568 0.000595264 0.000155524 2.76183e-05 3.30776e-06 2.44847e-07 1.07868e-08 2.09644e-10
 2.56482e-27 2.59216e-27 3.57304e-26 6.99739e-20 1.71533e-14 5.08282e-10 1.82058e-06 0.000788242 0.0412537 0.260983 0.200006 0.0455975 0.206544 0.189977 0.0290007 0.0183196 0.00559168 0.00142901 0.000395351 9.23982e-05 1.7851e-05 2.4091e-06 1.79376e-07 6.9366e-09 1.25064e-10
 2.56417e-27 2.59036e-27 3.41066e-26 6.65482e-20 1.63135e-14 4.83398e-10 1.73145e-06 0.000749651 0.0392341 0.248206 0.190262 0.0463514 0.219127 0.201527 0.0299231 0.0175146 0.00533094 0.00134778 0.0003467 6.58394e-05 1.11692e-05 1.52212e-06 1.27543e-07 5.01595e-09 8.11529e-11
 2.56627e-27 2.5961e-27 3.9227e-26 7.73502e-20 1.89615e-14 5.61862e-10 2.0125e-06 0.000871334 0.0456025 0.288494 0.220996 0.0444976 0.183427 0.168661 0.0255198 0.0157422 0.00474114 0.00110519 0.000279994 5.15129e-05 7.44778e-06 8.44884e-07 6.87106e-08 2.97569e-09 4.90301e-11
 2.56611e-27 2.59559e-27 3.87068e-26 7.62527e-20 1.86924e-14 5.5389e-10 1.98394e-06 0.000858971 0.0449554 0.284401 0.217882 0.045233 0.19121 0.175705 0.0242562 0.0110876 0.00333999 0.000822362 0.000205512 3.52327e-05 4.93946e-06 4.96394e-07 3.30418e-08 1.35863e-09 2.40376e-11
 2.56552e-27 2.59401e-27 3.73092e-26 7.33042e-20 1.79696e-14 5.32473e-10 1.90723e-06 0.000825757 0.0432171 0.273404 0.209491 0.0456129 0.199997 0.183829 0.0259858 0.0129778 0.00377328 0.000685614 0.000164497 2.93401e-05 3.94695e-06 3.73791e-07 2.22531e-08 7.55921e-10 1.25492e-11
 2.56659e-27 2.59692e-27 3.98988e-26 7.87673e-20 1.93089e-14 5.72156e-10 2.04937e-06 0.000887297 0.0464379 0.293779 0.225035 0.0447061 0.182176 0.167413 0.0236025 0.0116784 0.00342732 0.000677386 0.000153717 2.11111e-05 2.76973e-06 2.60953e-07 1.4532e-08 4.38807e-10 6.11489e-12
 2.5665e-27 2.59662e-27 3.95934e-26 7.8123e-20 1.91509e-14 5.67476e-10 2.0326e-06 0.000880039 0.0460581 0.291376 0.223207 0.0451561 0.186884 0.171672 0.0228002 0.00877661 0.00255259 0.000500167 0.000115412 1.67313e-05 1.88481e-06 1.51089e-07 8.29877e-09 2.35575e-10 2.90419e-12
 2.56593e-27 2.59508e-27 3.82335e-26 7.5254e-20 1.84476e-14 5.46636e-10 1.95796e-06 0.000847721 0.0443666 0.280676 0.215043 0.0455515 0.195629 0.179748 0.0243551 0.0102845 0.00292965 0.000452193 9.85374e-05 1.42342e-05 1.65849e-06 1.25795e-07 5.74414e-09 1.53874e-10 1.78722e-12
 2.56581e-27 2.59479e-27 3.79952e-26 7.47515e-20 1.83244e-14 5.42985e-10 1.94488e-06 0.00084206 0.0440704 0.278802 0.21361 0.0454552 0.195903 0.180041 0.0251288 0.011976 0.00345141 0.00057946 0.000123036 1.43601e-05 1.58013e-06 1.21471e-07 5.40324e-09 1.23543e-10 1.30808e-12
 2.56428e-27 2.59056e-27 3.41931e-26 6.67304e-20 1.63582e-14 4.84721e-10 1.73619e-06 0.000751704 0.0393415 0.248886 0.190793 0.0470786 0.224288 0.206118 0.0276317 0.0111216 0.00322643 0.000608595 0.000134723 1.67592e-05 1.66974e-06 1.0934e-07 4.78387e-09 1.0685e-10 9.93337e-13
 2.56298e-27 2.5871e-27 3.11882e-26 6.03914e-20 1.48042e-14 4.38676e-10 1.57126e-06 0.000680297 0.0356043 0.225243 0.172747 0.0475043 0.240207 0.220927 0.032425 0.0183176 0.00528037 0.000848897 0.000185433 2.56694e-05 2.71938e-06 1.75823e-07 6.57351e-09 1.37702e-10 1.24333e-12
#obs catch len freq
 5.04275e-42 6.99901e-34 1.17423e-26 2.38131e-20 5.8375e-15 1.72976e-10 6.19572e-07 0.000268253 0.0140393 0.0888179 0.0685452 0.0399145 0.218557 0.186517 0.143439 0.142994 0.064118 0.0258908 0.00607003 0.00078734 4.19061e-05 6.62872e-07 2.32939e-09 1.47781e-12 1.48387e-16
 5.72363e-42 7.94402e-34 1.33277e-26 2.70284e-20 6.62569e-15 1.96331e-10 7.03227e-07 0.000304473 0.0159349 0.10081 0.0778161 0.0437976 0.223966 0.182132 0.142929 0.130701 0.0561527 0.0206022 0.00434398 0.000488015 2.12378e-05 2.58905e-07 6.74087e-10 3.09827e-13 2.22436e-17
 1.08013e-41 1.49915e-33 2.51514e-26 5.10065e-20 1.25036e-14 3.70506e-10 1.32709e-06 0.000574585 0.0300715 0.190242 0.146148 0.0451082 0.181257 0.140617 0.114168 0.0959555 0.0398788 0.0132603 0.00247317 0.0002352 8.28003e-06 7.77027e-08 1.49814e-10 4.98249e-14 2.55644e-18
 1.11267e-41 1.54431e-33 2.5909e-26 5.2543e-20 1.28803e-14 3.81667e-10 1.36707e-06 0.000591893 0.0309773 0.195974 0.150871 0.0584211 0.238056 0.164402 0.076969 0.054495 0.0216236 0.00647397 0.00105811 8.35095e-05 2.32977e-06 1.66838e-08 2.38174e-11 5.74062e-15 2.1066e-19
 7.80596e-42 1.08342e-33 1.81765e-26 3.68617e-20 9.03621e-15 2.67759e-10 9.5907e-07 0.000415244 0.0217322 0.137488 0.106475 0.0647673 0.273896 0.184722 0.117097 0.0717917 0.0170785 0.00394189 0.000556414 3.60569e-05 7.83904e-07 4.21967e-09 4.42946e-12 7.73356e-16 2.03372e-20
 1.25999e-41 1.74879e-33 2.93396e-26 5.95001e-20 1.45857e-14 4.32202e-10 1.54808e-06 0.000670265 0.035079 0.221922 0.170675 0.0527486 0.171713 0.121818 0.125349 0.0758595 0.0203736 0.00347317 0.000302199 1.49212e-05 2.49613e-07 9.98079e-10 7.62142e-13 9.5763e-17 1.80076e-21
 1.03959e-41 1.44288e-33 2.42073e-26 4.90919e-20 1.20343e-14 3.56599e-10 1.27728e-06 0.000553017 0.0289427 0.183105 0.141743 0.0738537 0.260684 0.153674 0.0854781 0.0502736 0.0182606 0.00319762 0.000226195 6.7814e-06 7.63955e-08 2.21465e-10 1.21964e-13 1.09443e-17 1.46246e-22
 1.28002e-41 1.77658e-33 2.98058e-26 6.04456e-20 1.48175e-14 4.3907e-10 1.57268e-06 0.000680915 0.0356364 0.225451 0.173884 0.0643345 0.192088 0.12366 0.11613 0.05419 0.0117116 0.00206713 0.000160466 3.88942e-06 2.732e-08 4.9859e-11 1.88083e-14 1.18937e-18 1.12255e-23
 1.15104e-41 1.59756e-33 2.68024e-26 5.43547e-20 1.33244e-14 3.94827e-10 1.41421e-06 0.000612302 0.0320455 0.202737 0.157209 0.0798593 0.23931 0.134159 0.0940694 0.0456152 0.0127131 0.00157438 9.13063e-05 2.12503e-06 1.21571e-08 1.45489e-11 3.39377e-15 1.39164e-19 8.9349e-25
 1.51705e-41 2.10556e-33 3.53252e-26 7.16388e-20 1.75614e-14 5.20376e-10 1.8639e-06 0.000807006 0.0422355 0.267201 0.20616 0.0695737 0.171051 0.10352 0.0933501 0.0370797 0.00795122 0.00101707 5.07575e-05 8.35346e-07 3.91418e-09 3.77514e-12 6.22079e-16 1.64339e-20 6.68884e-26
 1.55221e-41 2.15436e-33 3.61439e-26 7.3299e-20 1.79684e-14 5.32436e-10 1.9071e-06 0.000825709 0.0432143 0.273398 0.211585 0.0832604 0.197358 0.0984814 0.0614845 0.024278 0.00554241 0.000548035 2.28226e-05 3.15053e-07 1.06299e-09 7.55275e-13 9.59163e-17 1.89054e-21 5.37951e-27
 1.15234e-41 1.59938e-33 2.68329e-26 5.44165e-20 1.33396e-14 3.95276e-10 1.41581e-06 0.000612998 0.0320819 0.202979 0.159066 0.103886 0.253858 0.129226 0.0872223 0.0263869 0.0042741 0.000391769 1.3656e-05 1.44356e-07 3.80145e-10 1.97963e-13 1.77718e-17 2.53183e-22 5.31908e-28
 1.72501e-41 2.3942e-33 4.01677e-26 8.14592e-20 1.99688e-14 5.91711e-10 2.11941e-06 0.000917632 0.0480252 0.303835 0.234849 0.0747617 0.140212 0.0902453 0.080257 0.0232382 0.00343014 0.000220515 5.77697e-06 4.88947e-08 9.63294e-11 3.70634e-14 2.43622e-18 2.47236e-23 3.64659e-29
 1.40083e-41 1.94426e-33 3.2619e-26 6.61507e-20 1.62161e-14 4.80511e-10 1.72111e-06 0.000745183 0.0389999 0.246756 0.1938 0.116461 0.234161 0.0984226 0.0509146 0.0166665 0.00290117 0.000166649 3.22384e-06 1.88315e-08 2.72618e-11 7.72579e-15 3.66551e-19 2.67368e-24 2.82644e-30
 1.18925e-41 1.6506e-33 2.76923e-26 5.61595e-20 1.37668e-14 4.07936e-10 1.46116e-06 0.000632632 0.0331095 0.2095 0.1661 0.118998 0.229159 0.13144 0.0903015 0.0185632 0.00206943 0.000123149 2.26291e-06 1.005e-08 9.92008e-12 1.93339e-15 6.51645e-20 3.40087e-25 2.55919e-31
 9.41833e-42 1.3072e-33 2.1931e-26 4.44757e-20 1.09027e-14 3.23067e-10 1.15717e-06 0.000501016 0.0262212 0.165939 0.134352 0.131681 0.243884 0.155331 0.110593 0.0280714 0.00329956 0.000123578 1.74103e-06 6.91723e-09 5.44586e-12 7.51551e-16 1.71471e-20 6.09789e-26 3.18967e-32
 1.50127e-41 2.08366e-33 3.49578e-26 7.08936e-20 1.73787e-14 5.14964e-10 1.84452e-06 0.000798612 0.0417962 0.26446 0.207699 0.0986177 0.153074 0.120602 0.087371 0.0226472 0.00281932 0.000111391 1.20872e-06 3.26496e-09 1.99182e-12 2.1963e-16 3.76982e-21 9.48265e-27 3.39527e-33
 1.04834e-41 1.45502e-33 2.4411e-26 4.95051e-20 1.21356e-14 3.596e-10 1.28803e-06 0.000557672 0.0291864 0.184751 0.153144 0.170222 0.261233 0.117965 0.0628199 0.0178068 0.0022241 8.72416e-05 9.2113e-07 2.07865e-09 8.92688e-13 6.84963e-17 8.68797e-22 1.65599e-27 4.42108e-34
 1.53309e-41 2.12783e-33 3.56987e-26 7.23963e-20 1.77471e-14 5.25879e-10 1.88361e-06 0.00081554 0.0426822 0.270097 0.214212 0.111464 0.153412 0.126372 0.0686212 0.0112089 0.00107219 4.0615e-05 3.9956e-07 8.14104e-10 2.95456e-13 1.7256e-17 1.53778e-22 2.02532e-28 3.82417e-35
 1.08687e-41 1.50851e-33 2.53083e-26 5.13248e-20 1.25817e-14 3.72818e-10 1.33537e-06 0.00057817 0.0302594 0.191612 0.162809 0.190619 0.247436 0.111488 0.0524042 0.0118444 0.000926503 2.25306e-05 1.79023e-07 3.16989e-10 9.79314e-14 4.73019e-18 3.34546e-23 3.31993e-29 4.50393e-36
 1.38312e-41 1.91967e-33 3.22065e-26 6.53142e-20 1.6011e-14 4.74435e-10 1.69935e-06 0.00073576 0.038507 0.243755 0.198413 0.136209 0.173132 0.140434 0.0599181 0.00828019 0.000599614 1.39182e-05 7.71149e-08 9.6e-11 2.31758e-14 9.01953e-19 5.10402e-24 3.99449e-30 4.1982e-37
 1.51059e-41 2.0966e-33 3.51749e-26 7.13339e-20 1.74867e-14 5.18162e-10 1.85597e-06 0.000803572 0.0420561 0.266278 0.21958 0.161164 0.173497 0.0908345 0.0385295 0.00686386 0.000384871 6.42767e-06 3.00642e-08 2.84861e-11 4.73135e-15 1.29723e-19 5.45083e-25 3.25662e-31 2.62871e-38
 1.22375e-41 1.69849e-33 2.84957e-26 5.77887e-20 1.41662e-14 4.19771e-10 1.50355e-06 0.000650986 0.0340707 0.215891 0.188052 0.200727 0.211387 0.109382 0.0351125 0.00447336 0.00024755 3.77353e-06 1.28329e-08 9.02749e-12 1.14449e-15 2.27669e-20 6.63711e-26 2.74686e-32 1.57184e-39
 1.47715e-41 2.05019e-33 3.43962e-26 6.97548e-20 1.70996e-14 5.06691e-10 1.81489e-06 0.000785782 0.0411254 0.260501 0.218696 0.161857 0.167975 0.111431 0.0339161 0.0035701 0.000139938 1.6857e-06 4.92252e-09 2.67986e-12 2.43689e-16 3.50069e-21 7.47452e-27 2.23971e-33 9.06475e-41
 1.45126e-41 2.01425e-33 3.37933e-26 6.85321e-20 1.67998e-14 4.97809e-10 1.78307e-06 0.000772009 0.040405 0.256112 0.222419 0.193907 0.173485 0.0848548 0.0251251 0.00282303 9.39776e-05 8.1718e-07 1.71036e-09 7.185e-13 5.09628e-17 5.4519e-22 8.33354e-28 1.77062e-34 5.11581e-42
 1.2865e-41 1.78557e-33 2.99567e-26 6.07516e-20 1.48925e-14 4.41293e-10 1.58064e-06 0.000684363 0.0358186 0.227288 0.20687 0.214965 0.19254 0.0974536 0.0224099 0.00191122 5.80151e-05 4.41075e-07 6.915e-10 2.02674e-13 1.01995e-17 8.03684e-23 9.18313e-29 1.4431e-35 3.02092e-43
 1.16206e-41 1.61286e-33 2.7059e-26 5.48751e-20 1.3452e-14 3.98607e-10 1.42775e-06 0.000618165 0.0323548 0.205565 0.195201 0.223348 0.204869 0.111885 0.0243347 0.0017834 3.99817e-05 2.36356e-07 3.04347e-10 6.93926e-14 2.51933e-18 1.38125e-23 1.10003e-29 1.22696e-36 1.85499e-44
 1.14607e-41 1.59067e-33 2.66868e-26 5.41202e-20 1.32669e-14 3.93123e-10 1.4081e-06 0.000609661 0.0319096 0.202711 0.191439 0.216148 0.208908 0.119388 0.026847 0.00199687 4.09112e-05 1.98071e-07 2.02535e-10 3.82686e-14 1.17966e-18 5.39753e-24 3.47028e-30 3.04405e-37 3.57713e-45
 1.3529e-41 1.87774e-33 3.15029e-26 6.38873e-20 1.56612e-14 4.6407e-10 1.66222e-06 0.000719686 0.0376676 0.239038 0.214868 0.194425 0.182373 0.104578 0.0244079 0.00188091 3.93799e-05 1.85357e-07 1.70311e-10 2.73923e-14 7.13743e-19 2.82002e-24 1.59799e-30 1.24292e-37 1.28609e-45
#spawning biomass
 11520 12317.2 15054.3 21926.3 27700.6 34365.1 39784.3 45214.7 49563.1 64854 84278.1 98106.1 133091 167183 158405 136087 132225 123928 119616 114318 117329 131638 143831 150260 153576 159146 159832 126827 133739 304087 386918 392190 358482 308447 257139 212118 175926 148408 128262 113907 103875 96965.6 92244.3 89027.5 86856.7 85432.2 84497.4 83884 83481.5 83217.4 83044.1 82930.4 82855.8 82806.8 82774.7 82753.6 82739.7 82730.7 82724.7 82720.8 82718.2 82716.5 82715.4 82714.7 82714.2 82713.9 82713.7 82713.6 82713.5 82713.4 82713.4 82713.4 82713.4 82713.3 82713.3 82713.3 82713.3 82713.3 82713.3 82713.3 82713.3 82713.3 82713.3 82713.3 82713.3 82713.3 82713.3 82713.3 82713.3 82713.3 82713.3 82713.3 82713.3 82713.3 82713.3 82713.3 82713.3 82713.3 82713.3 82713.3 82713.3 82713.3 82713.3 82713.3 82713.3 82713.3 82713.3 82713.3 82713.3 82713.3 82713.3 82713.3 82713.3 82713.3 82713.3 82713.3 82713.3 82713.3 82713.3 82713.3 82713.3 82713.3 82713.3 82713.3 82713.3 82713.3 82713.3 82713.3 82713.3 0 0 0 0 0 0 0 0 0 0 0 0 0 0 0 0 0 0 0 0 0 0 0 0 0
