SBPRF35
0.143491
Curr Bio
196801
B35
161439
F35
1.34533
FOFL
1.34533
OFL
73987.1
Bzero
40996.1
#pred survey bio
 15339.4 14585 15195 16735.2 19379.3 22886.5 25326.3 29369.7 41260.2 53756.5 66564.7 76453.6 107304 127249 128591 109919 99107.9 101973 95779.5 99546.4 91841.6 92873 97952.6 103008 112776 109408 109811 118887 2.83159e+06 2.9261e+06 1.30402e+06 670960 451746 361492 317119 293065 279524 271821 267435 264945 263536 262741 262292 262038 261898 261821 261778 261755 261742 261735 261731 261728 261727 261726 261726 261726 261726 261726 261726 261726 261726 261726 261726 261726 261726 261726 261726 261726 261726 261726 261726 261726 261726 261726 261726 261726 261726 261726 261726 261726 261726 261726 261726 261726 261726 261726 261726 261726 261726 261726 261726 261726 261726 261726 261726 261726 261726 261726 261726 261726 261726 261726 261726 261726 261726 261726 261726 261726 261726 261726 261726 261726 261726 261726 261726 261726 261726 261726 261726 261726 261726 261726 261726 261726 261726 261726 261726 261726 0 0 0 0 0 0 0 0 0 0 0 0 0 0 0 0 0 0 0 0 0 0 0 0 0
#obs survey bio
 14022.2 12068.1 10862.7 16648.5 28630.8 25820.9 21864.1 45170.1 44604 40044.2 68523.5 83415.5 122944 117579 124502 91995.1 79438.7 91397.8 87433.8 91831.4 110667 119520 107327 103033 103467 117602 93569.3 142546
#pred catch bio
 6821.18 7055.86 7742.22 8904.32 10579.2 12967.7 15602.5 17136.8 26666.3 35773.5 50643.7 55993.6 83987.4 94461.1 100328 91560.9 82000.8 89914.3 81341.8 91771.1 82901.2 84573.7 92896.6 97661.7 115992 110083 104297 113837 73987.1 82656.7 25053.9 9988.75 6842.07 6252.31 6149.34 6132.21 6129.46 6129.03 6128.97 6128.96 6128.96 6128.96 6128.96 6128.96 6128.96 6128.96 6128.96 6128.96 6128.96 6128.96 6128.96 6128.96 6128.96 6128.96 6128.96 6128.96 6128.96 6128.96 6128.96 6128.96 6128.96 6128.96 6128.96 6128.96 6128.96 6128.96 6128.96 6128.96 6128.96 6128.96 6128.96 6128.96 6128.96 6128.96 6128.96 6128.96 6128.96 6128.96 6128.96 6128.96 6128.96 6128.96 6128.96 6128.96 6128.96 6128.96 6128.96 6128.96 6128.96 6128.96 6128.96 6128.96 6128.96 6128.96 6128.96 6128.96 6128.96 6128.96 6128.96 6128.96 6128.96 6128.96 6128.96 6128.96 6128.96 6128.96 6128.96 6128.96 6128.96 6128.96 6128.96 6128.96 6128.96 6128.96 6128.96 6128.96 6128.96 6128.96 6128.96 6128.96 6128.96 6128.96 6128.96 6128.96 6128.96 6128.96 6128.96 6128.96 0 0 0 0 0 0 0 0 0 0 0 0 0 0 0 0 0 0 0 0 0 0 0 0 0
#obs catch bio
 6861.03 7266.46 7970.26 9189.94 10701.6 12894.5 15815.2 16968.1 25865.7 35521.2 50829.4 55898 82291.7 93121.7 100488 92911.6 81497.3 89846.1 80515.3 90556.6 80252.1 81833.1 91747.3 94526.4 114610 109253 103658 114210
#pred cpue bio
 15077.1 13940.6 14420.6 15851.5 18018.1 21670 23842.9 26633.3 37521.5 48933.4 61282 67801.9 94794.6 117246 121994 102530 89855.4 93175 86621.4 90202.8 82520.2 83144 86379.6 90634 98376 95295.3 96462.6 104400 2.5092e+06 3.16937e+06 1.30583e+06 661770 442152 351881 307506 283452 269912 262208 257823 255332 253923 253128 252680 252425 252285 252208 252166 252142 252129 252122 252118 252116 252115 252114 252114 252113 252113 252113 252113 252113 252113 252113 252113 252113 252113 252113 252113 252113 252113 252113 252113 252113 252113 252113 252113 252113 252113 252113 252113 252113 252113 252113 252113 252113 252113 252113 252113 252113 252113 252113 252113 252113 252113 252113 252113 252113 252113 252113 252113 252113 252113 252113 252113 252113 252113 252113 252113 252113 252113 252113 252113 252113 252113 252113 252113 252113 252113 252113 252113 252113 252113 252113 252113 252113 252113 252113 252113 252113 0 0 0 0 0 0 0 0 0 0 0 0 0 0 0 0 0 0 0 0 0 0 0 0 0
#obs cpue bio
 7275.04 7978 11194 11811.6 12856.8 24562 20161.8 24675.2 67577.9 48715.3 59402.2 67369.8 119933 134661 117322 106849 113253 112976 106722 139030 117964 108544 85308.2 167084 118778 90785.1 120301 93233.8
#pred surv len freq
 2.56092e-27 2.58212e-27 2.7484e-26 5.25799e-20 1.28893e-14 3.81934e-10 1.36802e-06 0.000592302 0.0309989 0.196108 0.150424 0.0427541 0.219739 0.202815 0.0429643 0.0472705 0.0195516 0.0140733 0.00844752 0.0063031 0.00487527 0.00416924 0.00414403 0.00365446 0.00111347
 2.56257e-27 2.58694e-27 3.19939e-26 6.20947e-20 1.52218e-14 4.51048e-10 1.61558e-06 0.000699484 0.0366085 0.231595 0.177467 0.0393367 0.174735 0.162083 0.0503673 0.0742961 0.0260022 0.0120722 0.00546993 0.00311616 0.00196598 0.00143691 0.00126283 0.00111209 0.000371092
 2.56344e-27 2.58903e-27 3.35606e-26 6.53986e-20 1.60317e-14 4.75048e-10 1.70154e-06 0.000736702 0.0385563 0.243918 0.186912 0.0415327 0.18481 0.17072 0.0399157 0.0484407 0.0205626 0.0147823 0.00521709 0.00190136 0.0008251 0.000461226 0.000334634 0.000276239 9.53727e-05
 2.56368e-27 2.58957e-27 3.39356e-26 6.61894e-20 1.62255e-14 4.80791e-10 1.72211e-06 0.000745609 0.0390225 0.246867 0.189174 0.042212 0.18839 0.173972 0.039616 0.0467461 0.0170906 0.00913123 0.00426388 0.00189916 0.000514361 0.00017552 9.06422e-05 6.41868e-05 2.19131e-05
 2.56487e-27 2.59274e-27 3.66685e-26 7.19544e-20 1.76387e-14 5.22668e-10 1.87211e-06 0.000810551 0.0424213 0.268369 0.205589 0.0419447 0.174824 0.161374 0.0359737 0.0415764 0.0149955 0.00758028 0.00283057 0.00115281 0.000414151 9.74037e-05 2.686e-05 1.37086e-05 4.37952e-06
 2.56391e-27 2.59002e-27 3.4164e-26 6.66706e-20 1.63435e-14 4.84287e-10 1.73463e-06 0.00075103 0.0393062 0.248662 0.190565 0.0434395 0.196755 0.181459 0.0367698 0.0383133 0.0136573 0.0066855 0.0024251 0.000864958 0.000257359 7.02213e-05 1.2749e-05 3.3146e-06 8.86128e-07
 2.56417e-27 2.5908e-27 3.49105e-26 6.82456e-20 1.67296e-14 4.95728e-10 1.77561e-06 0.000768773 0.0402348 0.254537 0.195039 0.0427242 0.188169 0.173675 0.0379321 0.0428974 0.0146431 0.00619064 0.00218161 0.000750509 0.000200363 4.60278e-05 8.2827e-06 1.13271e-06 1.91276e-07
 2.56636e-27 2.59661e-27 3.99378e-26 7.88507e-20 1.93293e-14 5.72761e-10 2.05154e-06 0.000888236 0.0464871 0.29409 0.225232 0.0421684 0.162725 0.149982 0.0298599 0.030443 0.010732 0.00505285 0.00166705 0.000508598 0.000129524 2.66897e-05 4.10027e-06 4.37141e-07 3.75475e-08
 2.5663e-27 2.59637e-27 3.96321e-26 7.82056e-20 1.91711e-14 5.68075e-10 2.03475e-06 0.000880969 0.0461068 0.291684 0.223408 0.0430064 0.170384 0.156902 0.0284317 0.0254023 0.00857208 0.00351068 0.00121015 0.000390289 8.85768e-05 1.67348e-05 2.26952e-06 1.99591e-07 1.06037e-08
 2.56629e-27 2.5963e-27 3.95242e-26 7.79776e-20 1.91153e-14 5.6642e-10 2.02882e-06 0.000878402 0.0459724 0.290834 0.222766 0.043398 0.173815 0.160005 0.0278459 0.0232591 0.00752112 0.00257808 0.000814962 0.000240542 5.78145e-05 1.02287e-05 1.23261e-06 9.2982e-08 3.71264e-09
 2.56573e-27 2.59476e-27 3.81491e-26 7.50767e-20 1.84041e-14 5.45348e-10 1.95334e-06 0.000845723 0.0442621 0.280015 0.214512 0.0439218 0.1836 0.169015 0.0291038 0.0238518 0.00758016 0.00238088 0.000692462 0.000172679 3.70291e-05 6.55924e-06 7.54431e-07 4.97631e-08 1.64042e-09
 2.56756e-27 2.59968e-27 4.24536e-26 8.41573e-20 2.06301e-14 6.11308e-10 2.1896e-06 0.000948015 0.0496157 0.313882 0.240359 0.0430307 0.158659 0.145913 0.0234282 0.0167136 0.0052689 0.00160444 0.000450579 0.000101914 1.86729e-05 2.84939e-06 3.15101e-07 1.96191e-08 5.5866e-10
 2.56776e-27 2.60017e-27 4.28541e-26 8.50021e-20 2.08372e-14 6.17445e-10 2.21158e-06 0.000957531 0.0501137 0.317033 0.242768 0.0432143 0.158365 0.145576 0.0222033 0.0139941 0.00428158 0.00111048 0.000302167 6.58945e-05 1.11437e-05 1.45349e-06 1.35621e-07 7.90739e-09 2.08618e-10
 2.56585e-27 2.59494e-27 3.81606e-26 7.51005e-20 1.841e-14 5.45521e-10 1.95396e-06 0.000845991 0.0442761 0.280103 0.214599 0.0451123 0.192599 0.177056 0.025757 0.0141679 0.0042348 0.000952432 0.000240974 4.57175e-05 7.37098e-06 8.91349e-07 7.06465e-08 3.46076e-09 8.39637e-11
 2.56413e-27 2.59034e-27 3.41885e-26 6.67214e-20 1.6356e-14 4.84656e-10 1.73596e-06 0.000751603 0.0393362 0.248852 0.190742 0.0454873 0.212214 0.195358 0.0326445 0.0252611 0.0074765 0.0014616 0.000346816 5.72668e-05 8.12066e-06 8.86929e-07 6.45161e-08 2.67174e-09 5.4664e-11
 2.56504e-27 2.59287e-27 3.64666e-26 7.15273e-20 1.75341e-14 5.19565e-10 1.861e-06 0.00080574 0.0421695 0.266776 0.204413 0.0444823 0.194962 0.179495 0.0308829 0.0252633 0.00788618 0.00222926 0.000543433 7.85483e-05 9.88247e-06 9.24537e-07 5.89915e-08 2.1926e-09 3.78708e-11
 2.5666e-27 2.59701e-27 4.00423e-26 7.90702e-20 1.93831e-14 5.74356e-10 2.05725e-06 0.00089071 0.0466165 0.294909 0.225889 0.0441307 0.177197 0.162931 0.0248543 0.0156797 0.00492313 0.00148446 0.000402472 7.91896e-05 9.72933e-06 7.85455e-07 4.23584e-08 1.35466e-09 2.05793e-11
 2.56626e-27 2.59605e-27 3.91568e-26 7.7202e-20 1.89251e-14 5.60786e-10 2.00864e-06 0.000869665 0.0455151 0.287941 0.220578 0.0447387 0.185555 0.170574 0.0249252 0.0139026 0.00415521 0.000933754 0.000247674 5.29558e-05 8.10377e-06 7.61151e-07 3.62421e-08 9.67338e-10 1.24861e-11
 2.56677e-27 2.59743e-27 4.03507e-26 7.97206e-20 1.95425e-14 5.79081e-10 2.07417e-06 0.000898036 0.047 0.297335 0.227748 0.0445575 0.179139 0.164613 0.0231608 0.0113755 0.0033334 0.000652668 0.000154843 2.59149e-05 4.03401e-06 4.49091e-07 2.59937e-08 6.50533e-10 6.9976e-12
 2.56667e-27 2.59716e-27 4.01242e-26 7.92429e-20 1.94254e-14 5.75611e-10 2.06174e-06 0.000892655 0.0467183 0.295553 0.226387 0.0445426 0.179981 0.165413 0.0237084 0.0124196 0.00359809 0.000621801 0.000139074 2.00979e-05 2.54561e-06 2.53788e-07 1.68365e-08 5.0656e-10 5.35693e-12
 2.5671e-27 2.59828e-27 4.10843e-26 8.12682e-20 1.99219e-14 5.90322e-10 2.11443e-06 0.000915469 0.0479124 0.303107 0.232155 0.044564 0.176092 0.161748 0.021682 0.00872359 0.00252184 0.000460489 0.000101625 1.30296e-05 1.46927e-06 1.1908e-07 6.74538e-09 2.22131e-10 2.76303e-12
 2.56726e-27 2.59871e-27 4.14714e-26 8.20848e-20 2.01221e-14 5.96254e-10 2.13568e-06 0.000924668 0.0483938 0.306153 0.234478 0.0443789 0.173051 0.158961 0.0215378 0.00909222 0.00257277 0.000366606 7.68122e-05 1.02604e-05 1.09367e-06 7.70366e-08 3.56158e-09 9.89523e-11 1.29417e-12
 2.5679e-27 2.60048e-27 4.30373e-26 8.53882e-20 2.09319e-14 6.2025e-10 2.22163e-06 0.000961881 0.0503414 0.318474 0.243878 0.0438651 0.162537 0.149268 0.0199892 0.00800224 0.00226841 0.000336946 6.82873e-05 7.32319e-06 7.51175e-07 5.24679e-08 2.12987e-09 4.81676e-11 5.31796e-13
 2.56802e-27 2.60076e-27 4.32659e-26 8.58703e-20 2.10501e-14 6.23751e-10 2.23417e-06 0.000967311 0.0506256 0.320271 0.245253 0.0439895 0.162517 0.149203 0.0191282 0.00605586 0.00169372 0.000238828 4.80097e-05 5.28437e-06 4.87785e-07 2.90585e-08 1.1517e-09 2.33609e-11 2.10815e-13
 2.56836e-27 2.6017e-27 4.41085e-26 8.76479e-20 2.14858e-14 6.36664e-10 2.28042e-06 0.000987336 0.0516736 0.326901 0.25031 0.0436771 0.156587 0.143746 0.0184341 0.00584556 0.0016115 0.000185655 3.45172e-05 3.62564e-06 3.3436e-07 1.91834e-08 6.48776e-10 1.2199e-11 9.98845e-14
 2.56844e-27 2.6019e-27 4.42514e-26 8.79494e-20 2.15597e-14 6.38853e-10 2.28826e-06 0.000990731 0.0518513 0.328026 0.251172 0.0438627 0.157394 0.144434 0.017535 0.00362397 0.000975134 0.000111392 2.00488e-05 1.74747e-06 1.46884e-07 8.14647e-09 2.68619e-10 4.44844e-12 3.26664e-14
 2.5681e-27 2.60097e-27 4.34279e-26 8.62121e-20 2.11339e-14 6.26234e-10 2.24307e-06 0.000971162 0.0508271 0.321546 0.246228 0.0441251 0.162864 0.14948 0.0183916 0.00430514 0.00114776 9.52866e-05 1.45678e-05 1.24695e-06 9.60609e-08 4.4799e-09 1.38133e-10 2.21e-12 1.46664e-14
 2.5681e-27 2.60098e-27 4.34588e-26 8.62773e-20 2.11498e-14 6.26707e-10 2.24476e-06 0.000971895 0.0508655 0.321789 0.246411 0.0439286 0.16124 0.148027 0.0189711 0.00599061 0.00162936 0.000148353 2.31367e-05 1.47655e-06 9.61155e-08 4.22579e-09 1.11838e-10 1.59498e-12 1.0081e-14
#obs surv len freq
 1.24826e-41 1.7325e-33 2.90663e-26 5.89459e-20 1.44499e-14 4.28177e-10 1.53366e-06 0.000664021 0.0347522 0.219853 0.16861 0.0417242 0.170211 0.142514 0.0893582 0.0845754 0.0331749 0.0118992 0.00238442 0.000264869 1.20556e-05 1.6447e-07 5.06809e-10 2.87348e-13 2.6225e-17
 1.55873e-41 2.16341e-33 3.62957e-26 7.3607e-20 1.80439e-14 5.34674e-10 1.91511e-06 0.000829178 0.0433959 0.274535 0.210399 0.0426431 0.142047 0.113206 0.074192 0.0647465 0.0244709 0.00797517 0.00141895 0.000133664 4.9199e-06 5.17466e-08 1.18548e-10 4.88356e-14 3.19371e-18
 1.29287e-41 1.79441e-33 3.0105e-26 6.10523e-20 1.49663e-14 4.43478e-10 1.58846e-06 0.000687751 0.0359941 0.227711 0.174886 0.0517632 0.20405 0.149988 0.0731719 0.0552648 0.0197423 0.00576817 0.000899637 7.06606e-05 2.06767e-06 1.65929e-08 2.81292e-11 8.40194e-15 3.9347e-19
 1.55629e-41 2.16003e-33 3.6239e-26 7.34919e-20 1.80157e-14 5.33837e-10 1.91212e-06 0.000827881 0.043328 0.274107 0.210244 0.0473457 0.14965 0.109568 0.0850684 0.059856 0.0157429 0.0037252 0.000501457 3.24425e-05 7.43961e-07 4.49804e-09 5.60018e-12 1.20881e-15 4.04885e-20
 1.54068e-41 2.13837e-33 3.58756e-26 7.27549e-20 1.7835e-14 5.28484e-10 1.89294e-06 0.000819579 0.0428935 0.271359 0.208387 0.0552988 0.179784 0.118577 0.0638182 0.0416583 0.0141879 0.00292286 0.000277917 1.39537e-05 2.47141e-07 1.1136e-09 1.00912e-12 1.56459e-16 3.73581e-21
 1.34917e-41 1.87256e-33 3.1416e-26 6.37111e-20 1.5618e-14 4.6279e-10 1.65764e-06 0.000717701 0.0375616 0.237629 0.182879 0.061217 0.20538 0.131074 0.0834239 0.0466581 0.0110944 0.00215683 0.000200728 7.19415e-06 8.98469e-08 2.95059e-10 1.93001e-13 2.13574e-17 3.61683e-22
 1.56573e-41 2.17313e-33 3.64587e-26 7.39376e-20 1.81249e-14 5.37075e-10 1.92371e-06 0.000832902 0.0435908 0.275771 0.211975 0.0580996 0.165587 0.104967 0.0831153 0.0438544 0.0105193 0.00157208 0.000111172 3.46631e-06 3.16358e-08 7.02066e-11 3.19181e-14 2.4912e-18 2.97583e-23
 1.72803e-41 2.39839e-33 4.0238e-26 8.16018e-20 2.00037e-14 5.92747e-10 2.12312e-06 0.000919239 0.0481093 0.304358 0.234008 0.0628206 0.163583 0.0929499 0.0568792 0.0279142 0.00736347 0.00103325 5.92832e-05 1.33277e-06 9.35291e-09 1.51676e-11 4.66916e-15 2.45599e-19 2.01687e-24
 1.65457e-41 2.29643e-33 3.85274e-26 7.81328e-20 1.91533e-14 5.67549e-10 2.03287e-06 0.000880161 0.0460641 0.291421 0.224532 0.0712227 0.184756 0.0980988 0.0554497 0.0225 0.00446918 0.000572721 3.10635e-05 5.57763e-07 2.77378e-09 3.20904e-12 7.10286e-16 2.59359e-20 1.43882e-25
 1.53301e-41 2.12772e-33 3.56969e-26 7.23925e-20 1.77462e-14 5.25852e-10 1.88352e-06 0.000815497 0.0426799 0.270014 0.208625 0.078465 0.199567 0.104752 0.0667885 0.0239671 0.00393487 0.000373797 1.56773e-05 2.41095e-07 9.47067e-10 7.79292e-13 1.19059e-16 3.03692e-21 1.18161e-26
 1.46756e-41 2.03688e-33 3.41728e-26 6.93019e-20 1.69885e-14 5.03401e-10 1.8031e-06 0.000780681 0.0408577 0.25849 0.200265 0.0842569 0.203983 0.1073 0.0747985 0.0249539 0.00399522 0.000308687 9.21009e-06 1.00423e-07 3.03068e-10 1.92081e-13 2.13172e-17 3.77696e-22 1.00854e-27
 1.88336e-41 2.61398e-33 4.3855e-26 8.8937e-20 2.18019e-14 6.46029e-10 2.31397e-06 0.00100187 0.0524338 0.331722 0.255797 0.0729442 0.140645 0.0736364 0.0525683 0.0164484 0.00261401 0.000181879 4.47833e-06 3.451e-08 7.01348e-11 3.14081e-14 2.56461e-18 3.33278e-23 6.36149e-29
 1.5696e-41 2.17851e-33 3.6549e-26 7.41205e-20 1.81698e-14 5.38404e-10 1.92848e-06 0.000834963 0.0436986 0.276472 0.21531 0.102278 0.213809 0.0902498 0.0430705 0.0122677 0.0018842 0.000120242 2.6344e-06 1.6355e-08 2.38938e-11 7.16141e-15 3.92233e-19 3.53888e-24 4.81794e-30
 1.27257e-41 1.76625e-33 2.96324e-26 6.0094e-20 1.47313e-14 4.36516e-10 1.56353e-06 0.000676955 0.0354292 0.224166 0.176468 0.113776 0.233518 0.119312 0.0778472 0.0169751 0.00173408 9.33743e-05 1.80259e-06 9.45072e-09 1.0955e-11 2.41458e-15 9.12699e-20 5.50733e-25 5.01798e-31
 1.15082e-41 1.59726e-33 2.67974e-26 5.43446e-20 1.33219e-14 3.94753e-10 1.41394e-06 0.000612188 0.0320395 0.202731 0.160871 0.117606 0.227601 0.134875 0.0973268 0.0235165 0.00271406 0.000103965 1.38387e-06 5.76299e-09 5.38207e-12 9.25324e-16 2.61928e-20 1.13584e-25 7.18754e-32
 1.55609e-41 2.15975e-33 3.62342e-26 7.34823e-20 1.80133e-14 5.33767e-10 1.91187e-06 0.000827773 0.0433224 0.274108 0.214678 0.100857 0.165675 0.10454 0.0742367 0.0192253 0.00243057 9.77188e-05 1.11803e-06 3.1675e-09 2.07946e-12 2.69201e-16 5.80249e-21 1.88961e-26 8.80523e-33
 1.40448e-41 1.94933e-33 3.2704e-26 6.63231e-20 1.62583e-14 4.81764e-10 1.7256e-06 0.000747125 0.0391016 0.247435 0.197312 0.1357 0.214873 0.0976203 0.0522101 0.0132634 0.00166584 6.91426e-05 7.92134e-07 1.99337e-09 9.72843e-13 8.54971e-17 1.2766e-21 2.99837e-27 1.02701e-33
 1.4644e-41 2.03249e-33 3.40993e-26 6.91527e-20 1.6952e-14 5.02318e-10 1.79922e-06 0.000779001 0.0407699 0.257999 0.20572 0.129948 0.189865 0.107367 0.0568246 0.00977573 0.000913775 3.46712e-05 3.74911e-07 8.79404e-10 3.76891e-13 2.64724e-17 2.86926e-22 4.6292e-28 1.0824e-34
 1.44448e-41 2.00484e-33 3.36353e-26 6.82118e-20 1.67213e-14 4.95483e-10 1.77474e-06 0.000768401 0.0402152 0.254519 0.205171 0.144597 0.19578 0.100833 0.0485263 0.00887557 0.000694075 1.76934e-05 1.48012e-07 2.97586e-10 1.10362e-13 6.57508e-18 5.82322e-23 7.3118e-29 1.26432e-35
 1.55579e-41 2.15933e-33 3.62273e-26 7.34682e-20 1.80099e-14 5.33665e-10 1.9115e-06 0.000827614 0.0433142 0.274144 0.220847 0.141406 0.175182 0.095294 0.0418619 0.00664 0.00047127 1.05374e-05 6.29867e-08 8.82079e-11 2.49587e-14 1.19161e-18 8.52559e-24 8.57965e-30 1.17088e-36
 1.50423e-41 2.08777e-33 3.50267e-26 7.10334e-20 1.7413e-14 5.15979e-10 1.84815e-06 0.000800187 0.0418789 0.265116 0.217131 0.160547 0.184815 0.0897062 0.0345961 0.00509397 0.000307592 5.69863e-06 2.80461e-08 2.93948e-11 5.73144e-15 1.9065e-19 9.97288e-25 7.59707e-31 7.96512e-38
 1.55148e-41 2.15335e-33 3.61269e-26 7.32647e-20 1.796e-14 5.32187e-10 1.90621e-06 0.000825322 0.0431944 0.273477 0.224912 0.160173 0.172466 0.089876 0.0310857 0.00379403 0.000191438 2.93951e-06 1.14472e-08 9.33526e-12 1.37597e-15 3.28311e-20 1.18607e-25 6.22047e-32 4.57976e-39
 1.55765e-41 2.16191e-33 3.62705e-26 7.35559e-20 1.80314e-14 5.34302e-10 1.91378e-06 0.000828602 0.0433663 0.274634 0.228804 0.17107 0.170246 0.0823713 0.0256519 0.00290432 0.000120575 1.43685e-06 4.3437e-09 2.70971e-12 3.00086e-16 5.32601e-21 1.41113e-26 5.30895e-33 2.74184e-40
 1.5982e-41 2.2182e-33 3.72149e-26 7.5471e-20 1.85008e-14 5.48213e-10 1.96361e-06 0.000850176 0.0444956 0.281848 0.236632 0.174093 0.161707 0.0772109 0.0210585 0.00202994 7.12974e-05 6.91669e-07 1.58429e-09 7.30461e-13 5.9745e-17 7.80003e-22 1.51081e-27 4.13686e-34 1.54847e-41
 1.58945e-41 2.20605e-33 3.70111e-26 7.50578e-20 1.83995e-14 5.45212e-10 1.95286e-06 0.000845522 0.0442523 0.280421 0.239379 0.184666 0.159928 0.0716803 0.0173198 0.00146421 4.19634e-05 3.22604e-07 5.75375e-10 1.99258e-13 1.18552e-17 1.11336e-22 1.55177e-28 3.06167e-35 8.2539e-43
 1.37463e-41 1.9079e-33 3.2009e-26 6.49136e-20 1.59128e-14 4.71525e-10 1.68893e-06 0.000731248 0.0382723 0.242818 0.219068 0.217102 0.183071 0.0805289 0.0171373 0.00124088 2.93494e-05 1.79036e-07 2.43438e-10 6.31501e-14 2.78071e-18 1.90185e-23 1.90179e-29 2.66973e-36 5.11018e-44
 1.40199e-41 1.94587e-33 3.26461e-26 6.62056e-20 1.62295e-14 4.8091e-10 1.72254e-06 0.000745802 0.0390345 0.247738 0.223769 0.205323 0.176623 0.0882636 0.017373 0.00110663 2.14716e-05 1.03314e-07 1.07602e-10 2.08304e-14 6.72317e-19 3.34255e-24 2.41863e-30 2.44424e-37 3.34719e-45
 1.4707e-41 2.04124e-33 3.4246e-26 6.94502e-20 1.70249e-14 5.04479e-10 1.80696e-06 0.000782352 0.0409474 0.259826 0.232436 0.202873 0.168683 0.0777265 0.0156723 0.0010329 1.85498e-05 7.73975e-08 6.7421e-11 1.07206e-14 2.81322e-19 1.1283e-24 6.54809e-31 5.29153e-38 5.78912e-46
#pred catch len freq
 2.55865e-27 2.57592e-27 2.19753e-26 4.09589e-20 1.00406e-14 2.9752e-10 1.06567e-06 0.000461393 0.0241476 0.152765 0.117357 0.0445545 0.256672 0.236837 0.0478882 0.0499487 0.0205648 0.0146955 0.00881213 0.0065725 0.00508329 0.00434709 0.00432079 0.00381035 0.00116096
 2.56037e-27 2.58097e-27 2.67277e-26 5.09854e-20 1.24985e-14 3.70352e-10 1.32654e-06 0.00057434 0.0300589 0.190161 0.145851 0.0407558 0.207747 0.192568 0.0561499 0.0798218 0.0278559 0.0128249 0.00580403 0.0033048 0.00208482 0.00152375 0.00133914 0.00117929 0.000393517
 2.56131e-27 2.58322e-27 2.84143e-26 5.45422e-20 1.33704e-14 3.96187e-10 1.41908e-06 0.000614406 0.0321558 0.203427 0.156019 0.0431471 0.2188 0.202052 0.0448411 0.0518064 0.0218892 0.0156255 0.00551058 0.00200702 0.000870852 0.000486792 0.000353182 0.000291551 0.000100659
 2.56164e-27 2.58402e-27 2.90057e-26 5.57893e-20 1.36761e-14 4.05246e-10 1.45152e-06 0.000628455 0.0328911 0.208078 0.159582 0.0438355 0.221536 0.204517 0.0442528 0.0496395 0.0180846 0.00958449 0.00447062 0.0019903 0.000538995 0.000183921 9.49802e-05 6.72587e-05 2.29618e-05
 2.56291e-27 2.58739e-27 3.19134e-26 6.19232e-20 1.51797e-14 4.49802e-10 1.61112e-06 0.000697551 0.0365073 0.230956 0.177045 0.0435131 0.206813 0.190853 0.0404632 0.0444014 0.0159595 0.00800208 0.00298502 0.00121497 0.000436441 0.000102644 2.83049e-05 1.4446e-05 4.61511e-06
 2.56202e-27 2.58487e-27 2.95775e-26 5.69949e-20 1.39716e-14 4.14004e-10 1.48289e-06 0.000642036 0.0336019 0.212575 0.163035 0.0450677 0.228487 0.210678 0.0408024 0.0401577 0.0142649 0.00692579 0.00250967 0.000894578 0.000266142 7.2616e-05 1.31838e-05 3.42762e-06 9.16342e-07
 2.56258e-27 2.58644e-27 3.10237e-26 6.0046e-20 1.47196e-14 4.36167e-10 1.56228e-06 0.000676406 0.0354006 0.223955 0.171709 0.0441364 0.215306 0.198658 0.0412837 0.0442525 0.0150606 0.00631324 0.00222227 0.000764023 0.000203948 4.68499e-05 8.43061e-06 1.15294e-06 1.94692e-07
 2.56462e-27 2.59188e-27 3.57305e-26 6.9975e-20 1.71535e-14 5.08289e-10 1.82061e-06 0.000788253 0.0412543 0.260987 0.199978 0.0436366 0.191641 0.176613 0.0336324 0.0323462 0.0113639 0.00530625 0.0017489 0.000533217 0.000135777 2.79773e-05 4.29806e-06 4.58228e-07 3.93588e-08
 2.5649e-27 2.59253e-27 3.62014e-26 7.0968e-20 1.7397e-14 5.15503e-10 1.84644e-06 0.00079944 0.0418398 0.26469 0.202817 0.0443044 0.194728 0.179303 0.031239 0.0261656 0.00880081 0.00357366 0.00123042 0.000396581 8.99945e-05 1.70021e-05 2.30576e-06 2.02777e-07 1.0773e-08
 2.56499e-27 2.59272e-27 3.63266e-26 7.1232e-20 1.74617e-14 5.1742e-10 1.85331e-06 0.000802414 0.0419954 0.265675 0.203574 0.0446387 0.196741 0.181094 0.030377 0.0237219 0.00764777 0.00259862 0.000820386 0.000241981 5.8153e-05 1.02883e-05 1.23978e-06 9.3523e-08 3.73424e-09
 2.56501e-27 2.59275e-27 3.63307e-26 7.12405e-20 1.74638e-14 5.17482e-10 1.85353e-06 0.00080251 0.0420005 0.265707 0.2036 0.04475 0.19757 0.181841 0.0301835 0.0230834 0.00731478 0.00227732 0.000661448 0.000164828 3.53405e-05 6.25991e-06 7.19999e-07 4.74919e-08 1.56555e-09
 2.5667e-27 2.59731e-27 4.03295e-26 7.96762e-20 1.95317e-14 5.78758e-10 2.07301e-06 0.000897536 0.0469738 0.297169 0.227611 0.0439128 0.174329 0.160315 0.0249376 0.0165293 0.00519464 0.00156789 0.000439715 9.93849e-05 1.82068e-05 2.77815e-06 3.07221e-07 1.91284e-08 5.44688e-10
 2.5672e-27 2.59862e-27 4.14528e-26 8.20458e-20 2.01125e-14 5.9597e-10 2.13467e-06 0.000924229 0.0483708 0.306007 0.234359 0.0438459 0.169079 0.155414 0.023046 0.0134386 0.00409878 0.00105364 0.000286248 6.23775e-05 1.05473e-05 1.37564e-06 1.28357e-07 7.48382e-09 1.97443e-10
 2.56495e-27 2.59245e-27 3.59281e-26 7.03908e-20 1.72554e-14 5.1131e-10 1.83143e-06 0.000792937 0.0414995 0.262538 0.201201 0.046051 0.209156 0.192271 0.0273001 0.0138561 0.00412816 0.000920234 0.000232419 4.40609e-05 7.10268e-06 8.58866e-07 6.80715e-08 3.33461e-09 8.09031e-11
 2.56348e-27 2.58856e-27 3.25707e-26 6.33083e-20 1.55193e-14 4.59863e-10 1.64715e-06 0.000713154 0.0373239 0.236122 0.181034 0.0462748 0.225028 0.207111 0.0334266 0.0240856 0.00711228 0.00137821 0.000326382 5.38511e-05 7.63483e-06 8.33827e-07 6.06528e-08 2.51175e-09 5.13906e-11
 2.5648e-27 2.59218e-27 3.58239e-26 7.01713e-20 1.72017e-14 5.09716e-10 1.82572e-06 0.000790466 0.0413701 0.261719 0.200559 0.0449575 0.201285 0.185265 0.0307141 0.0234234 0.00729187 0.00204304 0.000497369 7.18351e-05 9.03593e-06 8.45295e-07 5.39348e-08 2.00465e-09 3.46245e-11
 2.56629e-27 2.59615e-27 3.92605e-26 7.74208e-20 1.89788e-14 5.62375e-10 2.01433e-06 0.00087213 0.0456441 0.288758 0.221199 0.0445721 0.183851 0.169024 0.025063 0.0146201 0.00457485 0.00136728 0.000370201 7.2787e-05 8.94133e-06 7.21799e-07 3.89251e-08 1.24485e-09 1.89113e-11
 2.56631e-27 2.59617e-27 3.92427e-26 7.73832e-20 1.89696e-14 5.62102e-10 2.01335e-06 0.000871706 0.0456219 0.288617 0.221096 0.0448618 0.186128 0.171067 0.0243751 0.0125236 0.00373083 0.000830956 0.000220011 4.70065e-05 7.19226e-06 6.75507e-07 3.21639e-08 8.58484e-10 1.10811e-11
 2.56659e-27 2.5969e-27 3.98652e-26 7.86963e-20 1.92915e-14 5.7164e-10 2.04752e-06 0.000886498 0.0463961 0.293515 0.224836 0.0448559 0.183456 0.16856 0.0232006 0.0104725 0.00305819 0.000593528 0.000140533 2.35018e-05 3.65767e-06 4.07177e-07 2.35674e-08 5.89811e-10 6.34444e-12
 2.56699e-27 2.59802e-27 4.08712e-26 8.08187e-20 1.98117e-14 5.87057e-10 2.10274e-06 0.000910406 0.0476474 0.301431 0.230873 0.0444118 0.175834 0.161563 0.0226127 0.0108904 0.00314511 0.000538813 0.000120246 1.73634e-05 2.19879e-06 2.192e-07 1.45417e-08 4.37518e-10 4.6268e-12
 2.56726e-27 2.5987e-27 4.14427e-26 8.20242e-20 2.01072e-14 5.95814e-10 2.1341e-06 0.000923986 0.0483581 0.305927 0.234308 0.0445274 0.1743 0.160078 0.0210751 0.00776018 0.00223414 0.000404398 8.90617e-05 1.141e-05 1.28634e-06 1.04247e-07 5.90511e-09 1.9446e-10 2.41884e-12
 2.56747e-27 2.59927e-27 4.19608e-26 8.31173e-20 2.03752e-14 6.03754e-10 2.16254e-06 0.000936299 0.0490025 0.310004 0.237417 0.0442974 0.170366 0.156467 0.0208016 0.00804184 0.00226719 0.000320358 6.69433e-05 8.93508e-06 9.52189e-07 6.70669e-08 3.10062e-09 8.6145e-11 1.12667e-12
 2.56834e-27 2.60166e-27 4.40801e-26 8.7588e-20 2.14711e-14 6.36228e-10 2.27886e-06 0.00098666 0.0516382 0.326678 0.250138 0.0435668 0.155869 0.143111 0.0188221 0.00689136 0.00194583 0.000286589 5.79357e-05 6.20825e-06 6.36633e-07 4.44647e-08 1.80496e-09 4.08197e-11 4.50671e-13
 2.56843e-27 2.60189e-27 4.42659e-26 8.79799e-20 2.15672e-14 6.39075e-10 2.28906e-06 0.000991076 0.0518693 0.32814 0.251256 0.0436774 0.155925 0.143122 0.0180915 0.00522323 0.00145367 0.000203266 4.07523e-05 4.48206e-06 4.13618e-07 2.46385e-08 9.76505e-10 1.98073e-11 1.78745e-13
 2.56925e-27 2.60413e-27 4.62706e-26 9.22091e-20 2.2604e-14 6.69796e-10 2.3991e-06 0.00103872 0.0543627 0.343913 0.263288 0.0429233 0.141733 0.130062 0.0164429 0.00475052 0.00130334 0.000148966 2.76058e-05 2.89737e-06 2.67125e-07 1.53249e-08 5.18274e-10 9.74512e-12 7.97924e-14
 2.56917e-27 2.6039e-27 4.6036e-26 9.17142e-20 2.24826e-14 6.662e-10 2.38622e-06 0.00103314 0.0540709 0.342067 0.261883 0.0432094 0.144896 0.132929 0.015993 0.00300449 0.000802453 9.0942e-05 1.6315e-05 1.42094e-06 1.19398e-07 6.62156e-09 2.18333e-10 3.61568e-12 2.65511e-14
 2.56851e-27 2.60208e-27 4.44197e-26 8.83043e-20 2.16467e-14 6.41431e-10 2.2975e-06 0.00099473 0.0520606 0.329349 0.252181 0.0437882 0.156118 0.143263 0.0174468 0.00371639 0.000984568 8.11824e-05 1.23558e-05 1.05676e-06 8.13823e-08 3.79507e-09 1.17014e-10 1.87212e-12 1.24241e-14
 2.56857e-27 2.60226e-27 4.45935e-26 8.86711e-20 2.17366e-14 6.44096e-10 2.30704e-06 0.000998861 0.0522768 0.330717 0.253222 0.0435634 0.153675 0.141051 0.0178241 0.00513206 0.00138939 0.000125599 1.95087e-05 1.24413e-06 8.09506e-08 3.55876e-09 9.41829e-11 1.34319e-12 8.48954e-15
#obs catch len freq
 6.00301e-42 8.33179e-34 1.39783e-26 2.83477e-20 6.94911e-15 2.05915e-10 7.37553e-07 0.000319335 0.0167127 0.105731 0.0815042 0.0424863 0.227478 0.192015 0.131506 0.126964 0.0516368 0.0191485 0.0040104 0.00046517 2.21773e-05 3.16568e-07 1.01598e-09 5.97176e-13 5.62945e-17
 6.82835e-42 9.4773e-34 1.59001e-26 3.22452e-20 7.90452e-15 2.34225e-10 8.38957e-07 0.00036324 0.0190105 0.120268 0.0927153 0.0461908 0.230157 0.184821 0.129285 0.114474 0.0445986 0.0150158 0.0028103 0.000278776 1.07741e-05 1.18448e-07 2.82259e-10 1.20314e-13 8.10466e-18
 1.03369e-41 1.43469e-33 2.407e-26 4.88134e-20 1.1966e-14 3.54576e-10 1.27003e-06 0.00054988 0.0287785 0.182063 0.13997 0.0481418 0.201863 0.154072 0.110088 0.089217 0.0333196 0.0101229 0.00166915 0.000139169 4.30896e-06 3.6242e-08 6.38825e-11 1.97247e-14 9.50441e-19
 8.80712e-42 1.22237e-33 2.05078e-26 4.15894e-20 1.01952e-14 3.02101e-10 1.08208e-06 0.000468502 0.0245195 0.15512 0.119734 0.0601492 0.262702 0.183305 0.0957036 0.0672899 0.0236281 0.00639695 0.000917088 6.31797e-05 1.54162e-06 9.8255e-09 1.27567e-11 2.8479e-15 9.81092e-20
 1.21318e-41 1.68382e-33 2.82495e-26 5.72894e-20 1.40438e-14 4.16144e-10 1.49056e-06 0.000645362 0.0337757 0.213677 0.164344 0.0539412 0.193457 0.135842 0.110741 0.0708838 0.0181665 0.00400463 0.000491705 2.76461e-05 5.24187e-07 2.50154e-09 2.37552e-12 3.82267e-16 9.40438e-21
 1.28367e-41 1.78164e-33 2.98908e-26 6.06179e-20 1.48598e-14 4.40322e-10 1.57716e-06 0.000682857 0.035738 0.226092 0.174141 0.0636093 0.220111 0.137664 0.0770673 0.0465126 0.0152846 0.0028383 0.000246279 1.07189e-05 1.55775e-07 5.50872e-10 3.79373e-13 4.37517e-17 7.66222e-22
 1.1718e-41 1.62638e-33 2.72859e-26 5.53352e-20 1.35648e-14 4.01949e-10 1.43972e-06 0.000623347 0.0326235 0.206391 0.15938 0.0695084 0.23521 0.142907 0.0931287 0.047259 0.0108678 0.00193592 0.000159316 4.88576e-06 5.00735e-08 1.2859e-10 6.37223e-14 5.23474e-18 6.49405e-23
 1.45319e-41 2.01693e-33 3.38382e-26 6.86232e-20 1.68222e-14 4.98472e-10 1.78545e-06 0.000773036 0.0404576 0.255951 0.197153 0.0647033 0.184789 0.112449 0.0896141 0.0428914 0.00981184 0.00131847 8.34865e-05 2.19607e-06 1.62058e-08 2.80938e-11 9.66863e-15 5.59422e-19 4.89025e-24
 1.67206e-41 2.32071e-33 3.89347e-26 7.89589e-20 1.93558e-14 5.73549e-10 2.05436e-06 0.000889467 0.0465511 0.294502 0.226803 0.0688969 0.175558 0.0949335 0.0582731 0.0262053 0.00652929 0.00081399 4.09897e-05 7.77102e-07 4.39079e-09 5.51471e-12 1.28255e-15 5.0011e-20 3.00382e-25
 1.64139e-41 2.27814e-33 3.82206e-26 7.75105e-20 1.90008e-14 5.63028e-10 2.01668e-06 0.000873151 0.0456972 0.289102 0.223124 0.0770947 0.190264 0.0960074 0.0538644 0.0197984 0.00372572 0.000427134 2.00128e-05 2.98018e-07 1.18707e-09 1.06224e-12 1.7708e-16 4.78747e-21 1.94339e-26
 1.5584e-41 2.16296e-33 3.62881e-26 7.35916e-20 1.80401e-14 5.34562e-10 1.91471e-06 0.000829004 0.0433868 0.274489 0.212441 0.0839004 0.199134 0.10002 0.062308 0.0201276 0.00309211 0.000260713 9.50931e-06 1.20393e-07 3.74164e-10 2.36865e-13 2.72246e-17 5.13665e-22 1.46154e-27
 1.52068e-41 2.11061e-33 3.54098e-26 7.18103e-20 1.76035e-14 5.21623e-10 1.86837e-06 0.000808939 0.0423366 0.267849 0.207846 0.0892266 0.199359 0.101101 0.0678215 0.0204204 0.00301945 0.000203831 5.23912e-06 4.71105e-08 1.12309e-10 5.44266e-14 4.52689e-18 5.92705e-23 1.1571e-28
 1.92925e-41 2.67767e-33 4.49235e-26 9.11039e-20 2.2333e-14 6.61769e-10 2.37035e-06 0.00102628 0.0537114 0.339807 0.262305 0.0761786 0.13583 0.0689788 0.0468292 0.0132825 0.00192946 0.000116396 2.42875e-06 1.52738e-08 2.45045e-11 8.39197e-15 5.12385e-19 4.9097e-24 6.84739e-30
 1.62418e-41 2.25426e-33 3.78199e-26 7.66979e-20 1.88016e-14 5.57125e-10 1.99553e-06 0.000863997 0.0452182 0.286091 0.22326 0.107227 0.205477 0.0826861 0.0378896 0.00983997 0.00136877 7.54123e-05 1.38452e-06 6.93198e-09 7.92771e-12 1.81339e-15 7.42721e-20 4.93648e-25 4.90244e-31
 1.33751e-41 1.85638e-33 3.11446e-26 6.31607e-20 1.54831e-14 4.58792e-10 1.64332e-06 0.000711501 0.0372371 0.235613 0.186023 0.120033 0.225542 0.112406 0.0679133 0.013226 0.00123499 5.76108e-05 9.24868e-07 3.87855e-09 3.49114e-12 5.84173e-16 1.64834e-20 7.32853e-26 4.87116e-32
 1.2213e-41 1.69508e-33 2.84385e-26 5.76727e-20 1.41378e-14 4.18928e-10 1.50053e-06 0.000649679 0.0340016 0.215155 0.171316 0.124329 0.220433 0.128808 0.0847984 0.0185587 0.00188724 6.15618e-05 6.86546e-07 2.2835e-09 1.64651e-12 2.13845e-16 4.50416e-21 1.43751e-26 6.63931e-33
 1.63234e-41 2.26558e-33 3.80098e-26 7.70831e-20 1.8896e-14 5.59923e-10 2.00555e-06 0.000868336 0.0454453 0.287548 0.225666 0.104735 0.157568 0.098215 0.0632921 0.0149558 0.00164931 5.58737e-05 5.21892e-07 1.17589e-09 5.96967e-13 5.82396e-17 9.31129e-22 2.2266e-27 7.56452e-34
 1.48313e-41 2.05849e-33 3.45354e-26 7.00371e-20 1.71688e-14 5.08742e-10 1.82223e-06 0.000788963 0.0412913 0.261305 0.20902 0.140316 0.202359 0.0894564 0.0440725 0.0102317 0.00111741 3.89234e-05 3.5965e-07 7.08969e-10 2.65201e-13 1.75476e-17 1.94199e-22 3.34196e-28 8.32717e-35
 1.54852e-41 2.14924e-33 3.6058e-26 7.3125e-20 1.79257e-14 5.31172e-10 1.90257e-06 0.000823748 0.0431118 0.272834 0.218151 0.133613 0.178394 0.0985877 0.0466135 0.00725311 0.000598571 1.90505e-05 1.65198e-07 3.00945e-10 9.79714e-14 5.14914e-18 4.12902e-23 4.88239e-29 8.30071e-36
 1.53006e-41 2.12363e-33 3.56283e-26 7.22534e-20 1.77121e-14 5.24841e-10 1.8799e-06 0.00081393 0.042598 0.26962 0.218023 0.147937 0.182857 0.0915901 0.0396091 0.00650495 0.000435869 9.33875e-06 6.29941e-08 9.79882e-11 2.74417e-14 1.21642e-18 7.9369e-24 7.29032e-30 9.17046e-37
 1.64377e-41 2.28144e-33 3.82759e-26 7.76229e-20 1.90283e-14 5.63844e-10 2.0196e-06 0.000874416 0.0457637 0.289669 0.233978 0.143366 0.162369 0.0854876 0.0334422 0.00475405 0.000288628 5.32375e-06 2.54044e-08 2.75879e-11 5.88899e-15 2.08393e-19 1.09399e-24 8.02598e-31 7.94882e-38
 1.59377e-41 2.21205e-33 3.71118e-26 7.5262e-20 1.84496e-14 5.46695e-10 1.95817e-06 0.000847821 0.044372 0.280929 0.230777 0.162021 0.170377 0.0795524 0.0273544 0.00358177 0.00018342 2.79326e-06 1.0877e-08 8.7655e-12 1.28724e-15 3.17223e-20 1.21464e-25 6.72282e-32 5.09877e-39
 1.64322e-41 2.28068e-33 3.82631e-26 7.75968e-20 1.9022e-14 5.63655e-10 2.01892e-06 0.000874124 0.0457486 0.289684 0.238882 0.16064 0.158524 0.0788496 0.0240831 0.00260136 0.000110923 1.38888e-06 4.25639e-09 2.65682e-12 2.93639e-16 5.18067e-21 1.36988e-26 5.21703e-33 2.77273e-40
 1.6501e-41 2.29023e-33 3.84233e-26 7.79217e-20 1.91016e-14 5.66015e-10 2.02737e-06 0.000877782 0.0459403 0.290979 0.243056 0.17055 0.155551 0.0713882 0.0196393 0.00194744 6.76249e-05 6.5431e-07 1.5496e-09 7.36741e-13 6.0994e-17 7.98508e-22 1.54614e-27 4.22348e-34 1.57602e-41
 1.69084e-41 2.34678e-33 3.93721e-26 7.98458e-20 1.95732e-14 5.79991e-10 2.07743e-06 0.000899457 0.047075 0.29824 0.250974 0.172505 0.147091 0.0660229 0.015823 0.0013291 3.88284e-05 3.03062e-07 5.40911e-10 1.89527e-13 1.15581e-17 1.11066e-22 1.56959e-28 3.11641e-35 8.42066e-43
 1.68238e-41 2.33503e-33 3.91749e-26 7.9446e-20 1.94752e-14 5.77087e-10 2.06703e-06 0.000894954 0.0468397 0.296883 0.253975 0.182137 0.144887 0.0605902 0.0128308 0.000936678 2.2177e-05 1.3648e-07 1.88655e-10 4.9447e-14 2.18881e-18 1.5107e-23 1.53395e-29 2.19162e-36 4.26055e-44
 1.47014e-41 2.04045e-33 3.42329e-26 6.94236e-20 1.70184e-14 5.04285e-10 1.80627e-06 0.000782053 0.0409319 0.259787 0.234929 0.214991 0.167189 0.0679698 0.0126193 0.000783565 1.52123e-05 7.3792e-08 7.74211e-11 1.51511e-14 4.95109e-19 2.48492e-24 1.80897e-30 1.8379e-37 2.53498e-45
 1.49997e-41 2.08186e-33 3.49275e-26 7.08323e-20 1.73637e-14 5.14518e-10 1.84292e-06 0.000797922 0.0417621 0.264953 0.235173 0.197207 0.166906 0.0781267 0.0142403 0.000818205 1.39298e-05 5.74654e-08 5.02793e-11 8.06106e-15 2.13238e-19 8.62633e-25 5.0532e-31 4.11966e-38 4.5396e-46
#spawning biomass
 20008.2 19866.6 21387.9 23844.1 28552.5 33041.9 36754.8 45344.1 63906.3 83455.8 101832 123539 174771 196623 188928 165124 156014 159330 152055 157507 147409 149707 160982 170082 188165 183269 182007 196801 201600 144354 46177.7 20840.2 15548.4 14556.6 14383.4 14354.6 14350 14349.3 14349.1 14349.1 14349.1 14349.1 14349.1 14349.1 14349.1 14349.1 14349.1 14349.1 14349.1 14349.1 14349.1 14349.1 14349.1 14349.1 14349.1 14349.1 14349.1 14349.1 14349.1 14349.1 14349.1 14349.1 14349.1 14349.1 14349.1 14349.1 14349.1 14349.1 14349.1 14349.1 14349.1 14349.1 14349.1 14349.1 14349.1 14349.1 14349.1 14349.1 14349.1 14349.1 14349.1 14349.1 14349.1 14349.1 14349.1 14349.1 14349.1 14349.1 14349.1 14349.1 14349.1 14349.1 14349.1 14349.1 14349.1 14349.1 14349.1 14349.1 14349.1 14349.1 14349.1 14349.1 14349.1 14349.1 14349.1 14349.1 14349.1 14349.1 14349.1 14349.1 14349.1 14349.1 14349.1 14349.1 14349.1 14349.1 14349.1 14349.1 14349.1 14349.1 14349.1 14349.1 14349.1 14349.1 14349.1 14349.1 14349.1 14349.1 0 0 0 0 0 0 0 0 0 0 0 0 0 0 0 0 0 0 0 0 0 0 0 0 0
