SBPRF35
0.819782
Curr Bio
106567
B35
684669
F35
0.210773
FOFL
0.0798022
OFL
17550.7
Bzero
234224
#pred survey bio
 6889.69 6956.61 8128.02 11812.6 15062.2 17331.4 16158 22175.4 36527.5 49412.9 61230.3 87244.7 110191 136438 136734 117755 102670 107428 106596 101151 105092 111590 103664 123581 139459 136129 125991 114023 113994 9.85667e+06 8.07097e+06 8.52438e+06 7.96665e+06 6.98973e+06 5.9379e+06 4.98485e+06 4.19627e+06 3.57873e+06 3.11193e+06 2.76713e+06 2.51615e+06 2.33499e+06 2.20425e+06 2.10891e+06 2.03945e+06 1.99014e+06 1.95476e+06 1.92911e+06 1.91028e+06 1.89632e+06 1.88584e+06 1.8779e+06 1.87181e+06 1.8671e+06 1.86343e+06 1.86055e+06 1.85827e+06 1.85646e+06 1.85501e+06 1.85384e+06 1.85291e+06 1.85215e+06 1.85154e+06 1.85104e+06 1.85064e+06 1.85031e+06 1.85004e+06 1.84982e+06 1.84964e+06 1.8495e+06 1.84938e+06 1.84928e+06 1.8492e+06 1.84913e+06 1.84908e+06 1.84904e+06 1.849e+06 1.84897e+06 1.84895e+06 1.84893e+06 1.84891e+06 1.8489e+06 1.84889e+06 1.84888e+06 1.84887e+06 1.84887e+06 1.84886e+06 1.84886e+06 1.84886e+06 1.84885e+06 1.84885e+06 1.84885e+06 1.84885e+06 1.84885e+06 1.84885e+06 1.84884e+06 1.84884e+06 1.84884e+06 1.84884e+06 1.84884e+06 1.84884e+06 1.84884e+06 1.84884e+06 1.84884e+06 1.84884e+06 1.84884e+06 1.84884e+06 1.84884e+06 1.84884e+06 1.84884e+06 1.84884e+06 1.84884e+06 1.84884e+06 1.84884e+06 1.84884e+06 1.84884e+06 1.84884e+06 1.84884e+06 1.84884e+06 1.84884e+06 1.84884e+06 1.84884e+06 1.84884e+06 1.84884e+06 1.84884e+06 1.84884e+06 1.84884e+06 1.84884e+06 1.84884e+06 0 0 0 0 0 0 0 0 0 0 0 0 0 0 0 0 0 0 0 0 0 0 0 0 0
#obs survey bio
 6110.02 10130.1 10542.9 16371.8 12763 16527 16001.2 26749.9 37098.2 71176.2 96083.3 85245.1 139313 130990 95529.6 91964 105225 121220 135495 96398.5 98958.1 70280.3 100306 134997 129741 113510 119258 90330.9 133529
#pred catch bio
 4530.49 4923.4 5290.71 8420.5 10573.4 13619.4 11737.8 14668.6 25965.4 36440.9 41639.3 64102.8 80742.5 105588 111206 99118.3 82407.9 87365.8 88614.4 82350.3 85851.7 97321.2 83519.1 101719 120305 119184 108853 97640.4 1.41274 17550.7 65711.9 69173.8 63827.9 55218.1 46158.2 38069 31472 26390.6 22625.3 19910.6 17992 16655.7 15732.8 15096.5 14662.3 14374.5 14183.5 14056.9 13973 13917.3 13880.4 13855.9 13839.7 13828.9 13821.8 13817 13813.9 13811.8 13810.4 13809.5 13808.9 13808.5 13808.2 13808.1 13807.9 13807.9 13807.8 13807.8 13807.8 13807.7 13807.7 13807.7 13807.7 13807.7 13807.7 13807.7 13807.7 13807.7 13807.7 13807.7 13807.7 13807.7 13807.7 13807.7 13807.7 13807.7 13807.7 13807.7 13807.7 13807.7 13807.7 13807.7 13807.7 13807.7 13807.7 13807.7 13807.7 13807.7 13807.7 13807.7 13807.7 13807.7 13807.7 13807.7 13807.7 13807.7 13807.7 13807.7 13807.7 13807.7 13807.7 13807.7 13807.7 13807.7 13807.7 13807.7 13807.7 13807.7 13807.7 13807.7 13807.7 13807.7 13807.7 13807.7 13807.7 13807.7 13807.7 13807.7 13807.7 0 0 0 0 0 0 0 0 0 0 0 0 0 0 0 0 0 0 0 0 0 0 0 0 0
#obs catch bio
 4729.5 4783.3 5069.7 7998.48 10362.3 13671.7 11641.2 13991.3 24901.4 34559.2 39619.8 60426 76085 102042 112154 99195 82270.1 85439.7 86165.4 80142.7 82267.6 97763.3 80376.2 98182.1 116630 116413 106751 101224 1.29251
#pred cpue bio
 5909.52 5639.36 6356.4 9191.59 11713.5 14052.2 12724.6 16629.5 27695.9 38273.9 47291.8 67445.1 84829.6 106060 109122 93421.2 78975.2 82871.7 82610.8 77842.6 80388.4 84863.2 77749.3 92776.4 104641 102458 94835.6 87456.1 84839 8.78364e+06 7.99496e+06 8.498e+06 7.92214e+06 6.94061e+06 5.88801e+06 4.93484e+06 4.14625e+06 3.5287e+06 3.0619e+06 2.7171e+06 2.46612e+06 2.28496e+06 2.15422e+06 2.05888e+06 1.98942e+06 1.94011e+06 1.90474e+06 1.87908e+06 1.86026e+06 1.84629e+06 1.83582e+06 1.82787e+06 1.82178e+06 1.81708e+06 1.81341e+06 1.81053e+06 1.80825e+06 1.80643e+06 1.80498e+06 1.80382e+06 1.80288e+06 1.80212e+06 1.80151e+06 1.80101e+06 1.80061e+06 1.80028e+06 1.80001e+06 1.79979e+06 1.79962e+06 1.79947e+06 1.79935e+06 1.79925e+06 1.79917e+06 1.79911e+06 1.79906e+06 1.79901e+06 1.79898e+06 1.79895e+06 1.79892e+06 1.7989e+06 1.79889e+06 1.79887e+06 1.79886e+06 1.79885e+06 1.79885e+06 1.79884e+06 1.79884e+06 1.79883e+06 1.79883e+06 1.79883e+06 1.79883e+06 1.79882e+06 1.79882e+06 1.79882e+06 1.79882e+06 1.79882e+06 1.79882e+06 1.79882e+06 1.79882e+06 1.79882e+06 1.79882e+06 1.79882e+06 1.79882e+06 1.79882e+06 1.79882e+06 1.79882e+06 1.79882e+06 1.79882e+06 1.79882e+06 1.79882e+06 1.79882e+06 1.79882e+06 1.79882e+06 1.79882e+06 1.79882e+06 1.79882e+06 1.79882e+06 1.79882e+06 1.79882e+06 1.79882e+06 1.79882e+06 1.79882e+06 1.79882e+06 1.79882e+06 1.79882e+06 1.79882e+06 1.79882e+06 1.79882e+06 1.79882e+06 0 0 0 0 0 0 0 0 0 0 0 0 0 0 0 0 0 0 0 0 0 0 0 0 0
#obs cpue bio
 5767.74 8704.53 9757 15635.3 13278.1 12862.1 17477.8 36322 48763.3 62624.8 71561.8 166889 171325 143386 112015 135845 74125 118199 103641 124723 174977 106208 173058 146047 178673 170427 137754 130302 141922
#pred surv len freq
 2.56686e-27 2.59831e-27 4.19536e-26 8.31053e-20 2.03723e-14 6.03667e-10 2.16223e-06 0.000936164 0.0489954 0.309959 0.237265 0.036875 0.113984 0.105346 0.0277538 0.0371766 0.0174152 0.0153849 0.0104679 0.0086742 0.00732444 0.00673838 0.00713867 0.006543 0.00202049
 2.5681e-27 2.60136e-27 4.42016e-26 8.78458e-20 2.15343e-14 6.38101e-10 2.28557e-06 0.000989565 0.0517902 0.327639 0.250819 0.040251 0.130156 0.119926 0.0244448 0.0257008 0.00994607 0.00621679 0.00343481 0.00238837 0.00175192 0.00143292 0.00138116 0.00128919 0.000438929
 2.56915e-27 2.60414e-27 4.65602e-26 9.28212e-20 2.2754e-14 6.74242e-10 2.41502e-06 0.00104561 0.0547235 0.346196 0.264992 0.0404595 0.121785 0.11215 0.0222103 0.0224768 0.00764989 0.00324587 0.00131577 0.000651705 0.000371161 0.000252936 0.000211868 0.000191133 6.79953e-05
 2.56925e-27 2.60442e-27 4.67995e-26 9.33259e-20 2.28777e-14 6.77908e-10 2.42815e-06 0.0010513 0.0550211 0.348078 0.266431 0.0405294 0.121307 0.111698 0.0219536 0.0219989 0.00741006 0.00298404 0.000971104 0.00031456 0.000114656 5.58761e-05 3.72635e-05 3.04734e-05 1.08935e-05
 2.5692e-27 2.60425e-27 4.65998e-26 9.29044e-20 2.27744e-14 6.74846e-10 2.41718e-06 0.00104655 0.0547726 0.346506 0.265237 0.0409338 0.125224 0.11524 0.0212734 0.019547 0.00653141 0.00255876 0.000813191 0.000231844 5.43931e-05 1.51162e-05 6.56638e-06 4.38493e-06 1.51347e-06
 2.56739e-27 2.59935e-27 4.22873e-26 8.38069e-20 2.05443e-14 6.08763e-10 2.18049e-06 0.000944068 0.0494091 0.312576 0.239345 0.04204 0.151832 0.139841 0.0264799 0.0252262 0.008216 0.00288087 0.000895047 0.000247561 5.23641e-05 9.29427e-06 1.96868e-06 8.51139e-07 2.66536e-07
 2.56874e-27 2.60302e-27 4.55557e-26 9.0702e-20 2.22345e-14 6.58848e-10 2.35988e-06 0.00102174 0.0534742 0.338292 0.258964 0.0408868 0.129273 0.119065 0.0235487 0.0237726 0.00779836 0.00280557 0.000834477 0.000209985 4.27669e-05 6.75372e-06 8.10335e-07 1.51201e-07 3.67764e-08
 2.57057e-27 2.60796e-27 4.98974e-26 9.98611e-20 2.44797e-14 7.25378e-10 2.59818e-06 0.00112491 0.058874 0.372453 0.285032 0.0398862 0.103343 0.0950669 0.0180338 0.0172333 0.00577359 0.0022743 0.000689851 0.000174595 3.27311e-05 4.81046e-06 4.80964e-07 3.85562e-08 4.8797e-09
 2.57011e-27 2.60668e-27 4.87168e-26 9.73703e-20 2.38692e-14 7.07286e-10 2.53338e-06 0.00109686 0.0574055 0.363163 0.27795 0.0405873 0.113654 0.104506 0.0183247 0.0155113 0.00510909 0.0018967 0.000594505 0.000162483 3.10122e-05 4.31167e-06 3.89828e-07 2.16232e-08 1.03628e-09
 2.5693e-27 2.60446e-27 4.67489e-26 9.32188e-20 2.28515e-14 6.7713e-10 2.42537e-06 0.00105009 0.054958 0.347679 0.266136 0.041187 0.126518 0.116382 0.0205249 0.0175304 0.00557627 0.00175667 0.000527221 0.000139161 2.83204e-05 4.10531e-06 3.55157e-07 1.70342e-08 4.38802e-10
 2.56944e-27 2.60486e-27 4.71293e-26 9.40214e-20 2.30482e-14 6.8296e-10 2.44625e-06 0.00105913 0.0554311 0.350673 0.268417 0.040893 0.122679 0.112881 0.0206709 0.0187467 0.00597646 0.00188889 0.000532739 0.00012181 2.35084e-05 3.50942e-06 3.19021e-07 1.46364e-08 2.9931e-10
 2.56944e-27 2.60491e-27 4.71944e-26 9.41588e-20 2.30819e-14 6.83958e-10 2.44982e-06 0.00106068 0.0555121 0.351185 0.268805 0.0406583 0.12062 0.111025 0.0211408 0.0202951 0.00659471 0.00227652 0.00064959 0.000145974 2.49334e-05 3.37689e-06 3.09665e-07 1.47849e-08 2.85397e-10
 2.56956e-27 2.60519e-27 4.74164e-26 9.46271e-20 2.31967e-14 6.87359e-10 2.46201e-06 0.00106595 0.0557882 0.352932 0.270142 0.0408698 0.12129 0.111577 0.0200165 0.0175929 0.00578718 0.00212468 0.000630071 0.000152231 2.6004e-05 3.21548e-06 2.62566e-07 1.24542e-08 2.46377e-10
 2.56917e-27 2.60414e-27 4.64769e-26 9.26451e-20 2.27108e-14 6.72962e-10 2.41044e-06 0.00104363 0.0546197 0.345539 0.264502 0.041166 0.127507 0.117315 0.021074 0.0185521 0.00595393 0.00195593 0.00058741 0.000150783 2.75414e-05 3.5075e-06 2.6528e-07 1.12569e-08 2.18789e-10
 2.56805e-27 2.60108e-27 4.37623e-26 8.69184e-20 2.1307e-14 6.31364e-10 2.26144e-06 0.000979118 0.0512435 0.324181 0.248207 0.0420415 0.145618 0.134013 0.0237597 0.0204751 0.00655841 0.00213252 0.000612429 0.000144695 2.74973e-05 3.75702e-06 2.95859e-07 1.17476e-08 2.06672e-10
 2.56834e-27 2.60188e-27 4.4497e-26 8.84684e-20 2.1687e-14 6.42623e-10 2.30177e-06 0.000996578 0.0521573 0.329961 0.252615 0.0416361 0.139437 0.128354 0.0235824 0.0214936 0.00684057 0.00214385 0.000610939 0.000140988 2.48263e-05 3.36452e-06 2.83966e-07 1.17228e-08 1.94663e-10
 2.56955e-27 2.60513e-27 4.73371e-26 9.44597e-20 2.31556e-14 6.86143e-10 2.45765e-06 0.00106407 0.0556895 0.352307 0.269669 0.0411081 0.123436 0.113514 0.019583 0.0161065 0.00518004 0.00172257 0.00048764 0.000108974 1.88095e-05 2.40023e-06 1.96916e-07 8.60859e-09 1.47775e-10
 2.56941e-27 2.60474e-27 4.69686e-26 9.36821e-20 2.2965e-14 6.80495e-10 2.43742e-06 0.00105531 0.0552311 0.349407 0.267459 0.0413631 0.126929 0.116708 0.0196342 0.0154106 0.00484132 0.00143484 0.000409586 9.57396e-05 1.61973e-05 2.00546e-06 1.55976e-07 6.62515e-09 1.18802e-10
 2.56923e-27 2.60423e-27 4.65196e-26 9.27349e-20 2.27329e-14 6.73615e-10 2.41278e-06 0.00104464 0.0546727 0.345874 0.264763 0.0415084 0.129929 0.119476 0.0201272 0.0158352 0.00492396 0.00137331 0.000373507 7.98894e-05 1.38706e-05 1.72933e-06 1.29957e-07 5.24648e-09 9.18104e-11
 2.56949e-27 2.60495e-27 4.7152e-26 9.40692e-20 2.30599e-14 6.83307e-10 2.44749e-06 0.00105967 0.0554593 0.350851 0.268561 0.0413536 0.126083 0.11592 0.0193591 0.014978 0.0046538 0.00129303 0.000344783 6.91432e-05 1.10539e-05 1.3437e-06 1.02348e-07 4.00461e-09 6.68152e-11
 2.56972e-27 2.60558e-27 4.77144e-26 9.52556e-20 2.33508e-14 6.91925e-10 2.47836e-06 0.00107303 0.0561588 0.355276 0.271937 0.041164 0.122268 0.112405 0.0188383 0.0146741 0.00454901 0.00124593 0.000331269 6.58319e-05 1.00357e-05 1.12187e-06 8.1336e-08 3.19175e-09 5.18086e-11
 2.56993e-27 2.60613e-27 4.81841e-26 9.62464e-20 2.35937e-14 6.99122e-10 2.50414e-06 0.0010842 0.0567429 0.358971 0.274757 0.041099 0.119792 0.110102 0.0181076 0.0135872 0.00421393 0.0011616 0.000307748 6.03971e-05 9.138e-06 9.84841e-07 6.57332e-08 2.43583e-09 3.91759e-11
 2.57037e-27 2.60729e-27 4.91821e-26 9.83515e-20 2.41097e-14 7.14413e-10 2.55891e-06 0.00110791 0.057984 0.366823 0.280752 0.0410831 0.115458 0.106039 0.0162203 0.0103012 0.00315119 0.000814252 0.000214139 4.21485e-05 6.32112e-06 6.73059e-07 4.34072e-08 1.48792e-09 2.25548e-11
 2.57036e-27 2.6073e-27 4.92156e-26 9.84224e-20 2.41271e-14 7.14928e-10 2.56075e-06 0.00110871 0.0580258 0.367087 0.280951 0.0408815 0.113785 0.104544 0.0168469 0.0121021 0.00362674 0.000795836 0.000200115 3.73271e-05 5.56434e-06 5.89956e-07 3.75039e-08 1.23996e-09 1.74861e-11
 2.57037e-27 2.60731e-27 4.92164e-26 9.8424e-20 2.41275e-14 7.1494e-10 2.56079e-06 0.00110873 0.0580267 0.367093 0.280957 0.0409583 0.114365 0.105058 0.0165561 0.0113134 0.00344942 0.000861041 0.000211663 3.40886e-05 4.75973e-06 4.88947e-07 3.09055e-08 1.00641e-09 1.36661e-11
 2.57023e-27 2.60691e-27 4.88407e-26 9.76313e-20 2.39331e-14 7.09182e-10 2.54017e-06 0.0010998 0.0575594 0.364136 0.278704 0.0412482 0.118154 0.108514 0.0164332 0.0101607 0.00305997 0.000712558 0.00017922 3.18273e-05 4.1028e-06 3.7454e-07 2.2544e-08 7.24664e-10 9.68276e-12
 2.57022e-27 2.60689e-27 4.88153e-26 9.75777e-20 2.392e-14 7.08792e-10 2.53877e-06 0.00109919 0.0575278 0.363936 0.278552 0.0412762 0.118474 0.108807 0.0164369 0.0100924 0.00299453 0.000621959 0.000150464 2.54038e-05 3.47041e-06 3.18098e-07 1.69457e-08 5.08799e-10 6.6595e-12
 2.56954e-27 2.60503e-27 4.71684e-26 9.41034e-20 2.30683e-14 6.83556e-10 2.44838e-06 0.00106006 0.0554795 0.350978 0.268665 0.0417748 0.129215 0.118718 0.0181829 0.011579 0.00343735 0.000711322 0.000167223 2.54196e-05 3.28149e-06 3.02397e-07 1.65088e-08 4.49775e-10 5.43572e-12
 2.57066e-27 2.60811e-27 4.99308e-26 9.99311e-20 2.44969e-14 7.25887e-10 2.6e-06 0.0011257 0.0589152 0.372714 0.285244 0.0406625 0.109103 0.100224 0.0161095 0.0115074 0.00344247 0.0007438 0.00017612 2.64843e-05 3.19319e-06 2.68799e-07 1.4385e-08 3.97429e-10 4.46111e-12
#obs surv len freq
 1.64597e-41 2.2845e-33 3.83272e-26 7.77268e-20 1.90538e-14 5.64599e-10 2.0223e-06 0.000875587 0.0458247 0.289901 0.222107 0.0443207 0.164262 0.139564 0.0427609 0.034493 0.0111633 0.00379618 0.000818741 0.000105659 5.9329e-06 1.05455e-07 4.41505e-10 3.48949e-13 4.49995e-17
 1.90632e-41 2.64585e-33 4.43896e-26 9.00212e-20 2.20676e-14 6.53904e-10 2.34218e-06 0.00101408 0.053073 0.335755 0.257133 0.0440549 0.132172 0.106311 0.0336663 0.0256332 0.00805758 0.00256257 0.00050549 5.74171e-05 2.69045e-06 3.74601e-08 1.17134e-10 6.72844e-14 6.21549e-18
 1.92361e-41 2.66984e-33 4.47922e-26 9.08377e-20 2.22678e-14 6.59835e-10 2.36342e-06 0.00102328 0.0535544 0.338801 0.259542 0.0470966 0.141451 0.106469 0.0272689 0.0174943 0.00537453 0.00160414 0.000289238 2.84676e-05 1.10026e-06 1.20031e-08 2.81426e-11 1.1771e-14 7.78867e-19
 1.97339e-41 2.73893e-33 4.59513e-26 9.31883e-20 2.2844e-14 6.7691e-10 2.42458e-06 0.00104976 0.0549402 0.347568 0.266297 0.0486697 0.137969 0.0977586 0.0258205 0.0152001 0.00365312 0.000908239 0.000149244 1.26747e-05 3.98842e-07 3.3811e-09 5.94993e-12 1.82075e-15 8.66449e-20
 1.75985e-41 2.44256e-33 4.0979e-26 8.31046e-20 2.03721e-14 6.03663e-10 2.16222e-06 0.000936168 0.0489953 0.30996 0.237777 0.0550015 0.176791 0.11761 0.0311478 0.0169563 0.00390993 0.000805298 0.000100387 7.07325e-06 1.80111e-07 1.1767e-09 1.54615e-12 3.46339e-16 1.19003e-20
 1.45994e-41 2.0263e-33 3.39953e-26 6.89419e-20 1.69003e-14 5.00787e-10 1.79374e-06 0.000776626 0.0406455 0.257138 0.197711 0.0624548 0.220212 0.139567 0.0483748 0.0262447 0.00570029 0.00106039 0.000108075 5.5467e-06 1.07185e-07 5.3426e-10 5.21892e-13 8.52969e-17 2.11485e-21
 2.08984e-41 2.90056e-33 4.8663e-26 9.86875e-20 2.41921e-14 7.16856e-10 2.56766e-06 0.00111171 0.0581824 0.36808 0.28211 0.0503284 0.112517 0.0691102 0.0340137 0.018768 0.00482071 0.000875368 7.72369e-05 3.05885e-06 4.15306e-08 1.47731e-10 1.05269e-13 1.25037e-17 2.23287e-22
 1.98979e-41 2.76169e-33 4.63332e-26 9.39627e-20 2.30338e-14 6.82535e-10 2.44473e-06 0.00105848 0.0553968 0.350459 0.268998 0.0601439 0.151333 0.0814635 0.018961 0.00871612 0.00284862 0.000567022 5.03836e-05 1.65837e-06 1.65725e-08 4.04804e-11 1.98288e-14 1.6576e-18 2.10863e-23
 2.01895e-41 2.80217e-33 4.70122e-26 9.53399e-20 2.33715e-14 6.92539e-10 2.48056e-06 0.001074 0.0562088 0.355596 0.273048 0.0617918 0.144944 0.0743509 0.0225816 0.00860593 0.00148686 0.000281085 2.7469e-05 8.5863e-07 6.93776e-09 1.22423e-11 4.10185e-15 2.31875e-19 2.01942e-24
 1.73234e-41 2.40438e-33 4.03384e-26 8.18055e-20 2.00537e-14 5.94227e-10 2.12842e-06 0.000921534 0.0482294 0.30512 0.235139 0.0761537 0.198771 0.0950559 0.0282713 0.0102285 0.00186702 0.000224315 1.61973e-05 4.93135e-07 3.57611e-09 5.02087e-12 1.22541e-15 4.80382e-20 2.84166e-25
 2.013e-41 2.79391e-33 4.68736e-26 9.50588e-20 2.33025e-14 6.90497e-10 2.47325e-06 0.00107083 0.056043 0.35455 0.272635 0.0668382 0.14021 0.0668288 0.029575 0.0102717 0.00176678 0.000197454 1.0076e-05 2.1061e-07 1.29021e-09 1.53913e-12 2.97827e-16 8.69361e-21 3.66576e-26
 1.84175e-41 2.55623e-33 4.2886e-26 8.6972e-20 2.13202e-14 6.31755e-10 2.26284e-06 0.000979733 0.0512754 0.324393 0.250383 0.0818339 0.181078 0.0760806 0.023785 0.00822882 0.00176701 0.000185041 8.07193e-06 1.19652e-07 4.8898e-10 4.38522e-13 6.76723e-17 1.55387e-21 4.97952e-27
 1.92578e-41 2.67286e-33 4.48427e-26 9.09401e-20 2.22929e-14 6.60579e-10 2.36609e-06 0.00102443 0.0536148 0.339195 0.261829 0.0808546 0.16046 0.0670411 0.0268918 0.00765918 0.00127979 0.000142254 5.98683e-06 7.1747e-08 2.07683e-10 1.23401e-13 1.31669e-17 2.22734e-22 5.41831e-28
 1.61986e-41 2.24826e-33 3.77192e-26 7.64938e-20 1.87516e-14 5.55643e-10 1.99022e-06 0.000861698 0.0450978 0.285324 0.222154 0.104488 0.217295 0.0838075 0.0305803 0.00875926 0.0014962 0.00012952 4.894e-06 5.32303e-08 1.22664e-10 5.23693e-14 3.77621e-18 4.26913e-23 7.12751e-29
 1.48117e-41 2.05577e-33 3.44898e-26 6.99447e-20 1.71461e-14 5.0807e-10 1.81983e-06 0.000787922 0.0412367 0.260905 0.204402 0.113231 0.224179 0.0941578 0.0468979 0.0121374 0.00190278 0.000155589 4.72492e-06 4.15687e-08 8.02711e-11 2.71741e-14 1.44762e-18 1.14844e-23 1.30529e-29
 1.72141e-41 2.3892e-33 4.00838e-26 8.1289e-20 1.99271e-14 5.90475e-10 2.11499e-06 0.000915716 0.0479249 0.303218 0.236489 0.103005 0.176734 0.0760393 0.0411602 0.0122589 0.00209842 0.000150669 3.9381e-06 2.73621e-08 4.03185e-11 1.06494e-14 4.4177e-19 2.64959e-24 2.19849e-30
 1.67801e-41 2.32897e-33 3.90733e-26 7.92399e-20 1.94247e-14 5.7559e-10 2.06167e-06 0.000892632 0.0467168 0.29559 0.232133 0.118803 0.192444 0.0708861 0.0311107 0.00949917 0.00178587 0.000133963 3.04787e-06 1.70565e-08 1.93206e-11 3.78923e-15 1.1654e-19 5.2372e-25 3.26339e-31
 1.69261e-41 2.34924e-33 3.94133e-26 7.99294e-20 1.95938e-14 5.80599e-10 2.07961e-06 0.0009004 0.0471234 0.298174 0.235068 0.124004 0.185073 0.0701645 0.0306834 0.00745247 0.00125569 9.57672e-05 2.09048e-06 9.91278e-09 8.76092e-12 1.29388e-15 2.92888e-20 9.55983e-26 4.31902e-32
 1.647e-41 2.28593e-33 3.83511e-26 7.77754e-20 1.90657e-14 5.64952e-10 2.02357e-06 0.000876134 0.0458535 0.290162 0.230598 0.135827 0.189125 0.0700624 0.0295105 0.00694872 0.000971893 6.16409e-05 1.22568e-06 5.15937e-09 3.76202e-12 4.30387e-16 7.27903e-21 1.74284e-26 5.71105e-33
 1.74504e-41 2.42199e-33 4.0634e-26 8.24049e-20 2.02006e-14 5.9858e-10 2.14402e-06 0.000928286 0.0485829 0.307444 0.244436 0.133718 0.168223 0.063825 0.0262715 0.00579813 0.00073309 3.76515e-05 5.90023e-07 2.05622e-09 1.24635e-12 1.14907e-16 1.5082e-21 2.71678e-27 6.55906e-34
 1.70702e-41 2.36923e-33 3.97487e-26 8.06096e-20 1.97605e-14 5.8554e-10 2.09731e-06 0.000908062 0.0475245 0.300784 0.241687 0.148105 0.173011 0.0602495 0.0223935 0.00476833 0.000543748 2.34946e-05 2.85258e-07 7.49144e-10 3.4997e-13 2.53058e-17 2.59955e-22 3.61479e-28 6.6205e-35
 1.72369e-41 2.39236e-33 4.01369e-26 8.13968e-20 1.99535e-14 5.91257e-10 2.11779e-06 0.000916929 0.0479887 0.303756 0.245657 0.152981 0.164801 0.0591156 0.0205758 0.0038077 0.000384043 1.40993e-05 1.35537e-07 2.6705e-10 9.13338e-14 4.85437e-18 3.71701e-23 3.89249e-29 5.38542e-36
 1.72175e-41 2.38968e-33 4.00919e-26 8.13055e-20 1.99311e-14 5.90595e-10 2.11541e-06 0.000915901 0.047935 0.303467 0.247786 0.161297 0.160399 0.0562757 0.0184522 0.00319167 0.000270742 8.1325e-06 6.22499e-08 9.35327e-11 2.35881e-14 9.06522e-19 4.98654e-24 3.76232e-30 3.77734e-37
 1.74289e-41 2.41902e-33 4.05841e-26 8.23038e-20 2.01758e-14 5.97846e-10 2.14139e-06 0.000927147 0.0485237 0.307248 0.252877 0.165882 0.152158 0.0533291 0.0162754 0.00258281 0.000190687 4.60015e-06 2.71642e-08 3.10144e-11 5.83082e-15 1.63947e-19 6.50665e-25 3.5111e-31 2.51063e-38
 1.69015e-41 2.34582e-33 3.9356e-26 7.98131e-20 1.95652e-14 5.79754e-10 2.07658e-06 0.00089909 0.0470555 0.298058 0.249877 0.180658 0.154455 0.0520993 0.0146374 0.0021214 0.000134749 2.64496e-06 1.19995e-08 1.01991e-11 1.41304e-15 2.91074e-20 8.40197e-26 3.27255e-32 1.67798e-39
 1.60105e-41 2.22215e-33 3.72811e-26 7.56054e-20 1.85338e-14 5.49189e-10 1.96711e-06 0.00085169 0.0445752 0.282499 0.242868 0.196532 0.159769 0.0561849 0.0147132 0.00190019 0.000102825 1.63266e-06 5.72705e-09 3.63681e-12 3.68355e-16 5.4934e-21 1.14442e-26 3.21257e-33 1.18503e-40
 1.59772e-41 2.21754e-33 3.72038e-26 7.54485e-20 1.84953e-14 5.4805e-10 1.96303e-06 0.000849923 0.0444832 0.282042 0.245824 0.199536 0.153728 0.0571651 0.0145537 0.00173556 7.89716e-05 1.00234e-06 2.70917e-09 1.28979e-12 9.6061e-17 1.03917e-21 1.55671e-27 3.12775e-34 8.2425e-42
 1.64686e-41 2.28573e-33 3.83478e-26 7.77686e-20 1.90641e-14 5.64903e-10 2.02339e-06 0.000876059 0.0458516 0.290837 0.255511 0.199014 0.142162 0.0515673 0.0126839 0.00143817 5.6642e-05 5.74505e-07 1.18685e-09 4.22166e-13 2.3144e-17 1.82323e-22 1.97323e-28 2.84716e-35 5.3644e-43
 1.64695e-41 2.28586e-33 3.835e-26 7.77732e-20 1.90652e-14 5.64936e-10 2.02351e-06 0.00087611 0.0458543 0.290854 0.255533 0.199389 0.143543 0.0508642 0.0118153 0.00122606 4.25689e-05 3.68697e-07 6.35562e-10 1.85819e-13 8.29452e-18 5.28814e-23 4.61289e-29 5.34947e-36 8.08409e-44
#pred catch len freq
 2.56494e-27 2.59319e-27 3.7524e-26 7.37612e-20 1.80817e-14 5.35792e-10 1.91912e-06 0.000830905 0.0434866 0.275108 0.21066 0.0372422 0.135471 0.12526 0.0327863 0.0437074 0.0204198 0.0179739 0.0122174 0.0101189 0.00854304 0.00785918 0.008326 0.00763126 0.00235654
 2.56657e-27 2.59724e-27 4.05759e-26 8.01973e-20 1.96594e-14 5.82543e-10 2.08657e-06 0.000903406 0.047281 0.299113 0.229051 0.0411216 0.152075 0.140173 0.0283653 0.029565 0.0114178 0.00710496 0.0039215 0.00272519 0.00199866 0.00163466 0.00157561 0.00147068 0.000500722
 2.56749e-27 2.59965e-27 4.26001e-26 8.4467e-20 2.07061e-14 6.13558e-10 2.19766e-06 0.000951504 0.0497983 0.315038 0.241217 0.0415216 0.146572 0.135042 0.0265965 0.0267271 0.00908388 0.003836 0.00155339 0.00076884 0.000437786 0.000298325 0.000249885 0.00022543 8.01963e-05
 2.56788e-27 2.60071e-27 4.35197e-26 8.64068e-20 2.11816e-14 6.27649e-10 2.24813e-06 0.000973355 0.0509419 0.322272 0.24674 0.0414466 0.142121 0.130915 0.0255405 0.0253484 0.0085262 0.00341653 0.00111083 0.000359515 0.000131011 6.38421e-05 4.25754e-05 3.48175e-05 1.24463e-05
 2.56778e-27 2.60038e-27 4.31795e-26 8.56891e-20 2.10057e-14 6.22435e-10 2.22946e-06 0.00096527 0.0505188 0.319596 0.244704 0.0419428 0.147328 0.135637 0.0248769 0.0226365 0.00755324 0.00294447 0.000934925 0.000266328 6.24685e-05 1.73587e-05 7.54041e-06 5.03536e-06 1.73797e-06
 2.56622e-27 2.59616e-27 3.94645e-26 7.7852e-20 1.90845e-14 5.65507e-10 2.02555e-06 0.000876987 0.0458983 0.290366 0.2224 0.0428901 0.170207 0.156794 0.0294263 0.027681 0.00900351 0.00314047 0.000974738 0.000269372 5.69644e-05 1.01098e-05 2.14137e-06 9.25797e-07 2.89916e-07
 2.56737e-27 2.59932e-27 4.22919e-26 8.38167e-20 2.05467e-14 6.08834e-10 2.18074e-06 0.000944178 0.0494149 0.312612 0.23937 0.041808 0.15005 0.138248 0.0271304 0.0271169 0.00888399 0.00318 0.000944983 0.000237584 4.8376e-05 7.63878e-06 9.16504e-07 1.7101e-07 4.15945e-08
 2.56916e-27 2.60414e-27 4.65156e-26 9.27268e-20 2.27309e-14 6.73556e-10 2.41256e-06 0.00104455 0.0546679 0.345844 0.26473 0.0408515 0.124954 0.115016 0.0216903 0.020557 0.00687782 0.00269616 0.00081712 0.000206628 3.87272e-05 5.69112e-06 5.69e-07 4.56132e-08 5.77284e-09
 2.56884e-27 2.60322e-27 4.56497e-26 9.08999e-20 2.2283e-14 6.60286e-10 2.36503e-06 0.00102397 0.0535908 0.33903 0.259538 0.0415343 0.133798 0.123085 0.0214452 0.0179549 0.00590591 0.00218151 0.000683136 0.00018655 3.55976e-05 4.94871e-06 4.47411e-07 2.48171e-08 1.18934e-09
 2.56804e-27 2.60105e-27 4.37311e-26 8.68525e-20 2.12908e-14 6.30885e-10 2.25973e-06 0.000978375 0.0512046 0.323935 0.24802 0.0421275 0.146404 0.134722 0.0235939 0.0199147 0.00632716 0.00198291 0.00059451 0.000156786 3.18997e-05 4.62374e-06 3.99997e-07 1.91847e-08 4.94197e-10
 2.56795e-27 2.60081e-27 4.35435e-26 8.64568e-20 2.11938e-14 6.28011e-10 2.24943e-06 0.000973918 0.0509713 0.322459 0.246891 0.0419632 0.145947 0.134352 0.0244595 0.0219849 0.00700103 0.00220167 0.000620369 0.000141719 2.73438e-05 4.08157e-06 3.71023e-07 1.70221e-08 3.48096e-10
 2.56819e-27 2.60152e-27 4.4198e-26 8.78377e-20 2.15324e-14 6.38042e-10 2.28536e-06 0.000989474 0.0517855 0.327609 0.250817 0.0415358 0.139936 0.128852 0.0243444 0.0231173 0.00750225 0.00257657 0.00073454 0.000164917 2.81618e-05 3.81372e-06 3.49712e-07 1.66969e-08 3.22303e-10
 2.56832e-27 2.60181e-27 4.44216e-26 8.83093e-20 2.1648e-14 6.41468e-10 2.29763e-06 0.000994786 0.0520635 0.329368 0.252164 0.0417853 0.140888 0.129654 0.0230948 0.0200663 0.00659179 0.0024078 0.00071339 0.000172211 2.941e-05 3.63625e-06 2.96916e-07 1.40834e-08 2.78607e-10
 2.56808e-27 2.60117e-27 4.38465e-26 8.7096e-20 2.13505e-14 6.32654e-10 2.26606e-06 0.000981118 0.0513482 0.324843 0.248712 0.0419847 0.144831 0.133294 0.0237489 0.0206321 0.00661302 0.00216101 0.000648347 0.000166281 3.03651e-05 3.86672e-06 2.9244e-07 1.24092e-08 2.41186e-10
 2.56707e-27 2.59841e-27 4.13957e-26 8.19258e-20 2.00831e-14 5.95099e-10 2.13154e-06 0.000922877 0.0483001 0.30556 0.234 0.0428011 0.16138 0.148545 0.0261016 0.0221594 0.00708853 0.00229252 0.000657729 0.000155257 2.94972e-05 4.02986e-06 3.17336e-07 1.26003e-08 2.21673e-10
 2.56754e-27 2.5997e-27 4.25628e-26 8.43879e-20 2.06867e-14 6.12983e-10 2.1956e-06 0.000950612 0.0497516 0.314742 0.241003 0.0422573 0.152322 0.140234 0.0254994 0.0228759 0.00727105 0.00226628 0.000645166 0.000148752 2.61869e-05 3.54853e-06 2.99488e-07 1.23635e-08 2.05302e-10
 2.56863e-27 2.60264e-27 4.51223e-26 8.97873e-20 2.20103e-14 6.52204e-10 2.33608e-06 0.00101144 0.0529349 0.334881 0.256374 0.0418257 0.138238 0.127159 0.0217523 0.0176201 0.00565912 0.00187183 0.000529387 0.000118196 2.03961e-05 2.6024e-06 2.13496e-07 9.33337e-09 1.60216e-10
 2.56853e-27 2.60235e-27 4.48455e-26 8.92033e-20 2.18671e-14 6.47961e-10 2.32089e-06 0.00100486 0.0525905 0.332702 0.254714 0.0420673 0.141242 0.1299 0.0216725 0.016739 0.00525201 0.00154811 0.000441449 0.000103095 1.74375e-05 2.15877e-06 1.67895e-07 7.13136e-09 1.27879e-10
 2.56843e-27 2.60205e-27 4.4582e-26 8.86475e-20 2.17309e-14 6.43924e-10 2.30643e-06 0.000998596 0.0522629 0.330629 0.253133 0.0421582 0.143045 0.131564 0.02197 0.0169953 0.00527825 0.00146404 0.000397752 8.49963e-05 1.47534e-05 1.8392e-06 1.3821e-07 5.5796e-09 9.76395e-11
 2.56863e-27 2.60259e-27 4.50545e-26 8.96442e-20 2.19752e-14 6.51164e-10 2.33236e-06 0.00100982 0.0528505 0.334347 0.25597 0.0420537 0.140257 0.128983 0.0213641 0.0162625 0.00504685 0.00139461 0.000371475 7.44264e-05 1.18953e-05 1.44582e-06 1.10123e-07 4.30879e-09 7.18903e-11
 2.56889e-27 2.60332e-27 4.56986e-26 9.1003e-20 2.23083e-14 6.61035e-10 2.36771e-06 0.00102513 0.0536516 0.339415 0.259836 0.0418365 0.135888 0.124957 0.0207669 0.0159132 0.00492725 0.00134216 0.000356473 7.07746e-05 1.07863e-05 1.20564e-06 8.74065e-08 3.42994e-09 5.56748e-11
 2.56939e-27 2.60465e-27 4.68686e-26 9.34712e-20 2.29133e-14 6.78963e-10 2.43193e-06 0.00105293 0.0551068 0.348621 0.266861 0.0415606 0.128853 0.118448 0.019298 0.014201 0.00439861 0.00120569 0.00031908 6.25622e-05 9.46304e-06 1.01975e-06 6.80612e-08 2.52207e-09 4.05629e-11
 2.56954e-27 2.60503e-27 4.71667e-26 9.40999e-20 2.30674e-14 6.8353e-10 2.44829e-06 0.00106002 0.0554774 0.350965 0.268655 0.0417874 0.129318 0.118805 0.0180523 0.0112658 0.00344206 0.000884573 0.000232373 4.56948e-05 6.85116e-06 7.29411e-07 4.70399e-08 1.61243e-09 2.44421e-11
 2.56962e-27 2.60526e-27 4.73999e-26 9.4592e-20 2.31881e-14 6.87104e-10 2.46109e-06 0.00106556 0.0557675 0.352801 0.270052 0.0415043 0.126182 0.115965 0.0185395 0.0130868 0.00391776 0.000854988 0.000214716 4.00127e-05 5.96304e-06 6.32154e-07 4.01851e-08 1.32859e-09 1.8736e-11
 2.56981e-27 2.60578e-27 4.78506e-26 9.55427e-20 2.34211e-14 6.9401e-10 2.48583e-06 0.00107627 0.056328 0.356347 0.272759 0.0414428 0.123812 0.113758 0.0177775 0.0119088 0.00362645 0.000900155 0.000221033 3.55633e-05 4.9641e-06 5.0988e-07 3.22275e-08 1.04945e-09 1.42505e-11
 2.56972e-27 2.60552e-27 4.75974e-26 9.50085e-20 2.32902e-14 6.9013e-10 2.47193e-06 0.00107025 0.0560131 0.354354 0.271241 0.0417015 0.126847 0.116517 0.0175081 0.0105973 0.00318746 0.000738059 0.000185407 3.28947e-05 4.23924e-06 3.86944e-07 2.32897e-08 7.48629e-10 1.00029e-11
 2.56966e-27 2.60534e-27 4.74323e-26 9.46602e-20 2.32048e-14 6.876e-10 2.46287e-06 0.00106633 0.0558077 0.353055 0.270251 0.041777 0.128117 0.117685 0.0176448 0.0106118 0.00314505 0.00064958 0.000156938 2.64713e-05 3.61519e-06 3.31328e-07 1.76498e-08 5.29936e-10 6.93614e-12
 2.56889e-27 2.60325e-27 4.55808e-26 9.07543e-20 2.22473e-14 6.59228e-10 2.36124e-06 0.00102233 0.053505 0.338487 0.259136 0.0423438 0.14024 0.12887 0.0195883 0.0122281 0.00362606 0.000746216 0.0001752 2.66064e-05 3.43363e-06 3.16376e-07 1.72714e-08 4.70545e-10 5.68672e-12
 2.56729e-27 2.59894e-27 4.17899e-26 8.27572e-20 2.02869e-14 6.01138e-10 2.15318e-06 0.000932243 0.0487902 0.30866 0.236375 0.043258 0.163188 0.150099 0.0243097 0.0176525 0.0052802 0.0011371 0.000269029 4.04211e-05 4.87217e-06 4.10079e-07 2.19448e-08 6.06288e-10 6.80552e-12
#obs catch len freq
 1.63889e-41 2.27467e-33 3.81624e-26 7.73926e-20 1.89719e-14 5.62171e-10 2.01361e-06 0.000871822 0.0456277 0.288654 0.221155 0.0443186 0.164853 0.140081 0.0430423 0.034845 0.0115331 0.00400991 0.000882258 0.000116555 6.8088e-06 1.26997e-07 5.56026e-10 4.56471e-13 6.07859e-17
 1.65306e-41 2.29434e-33 3.84924e-26 7.80617e-20 1.91359e-14 5.67032e-10 2.03102e-06 0.00087936 0.0460222 0.29115 0.223125 0.0464017 0.167835 0.135064 0.0426222 0.0324474 0.0103307 0.00335408 0.000682726 7.95837e-05 3.83666e-06 5.54457e-08 1.80538e-10 1.07612e-13 1.02598e-17
 1.91848e-41 2.66273e-33 4.46728e-26 9.05955e-20 2.22084e-14 6.58076e-10 2.35712e-06 0.00102055 0.0534116 0.337898 0.258827 0.0458153 0.134041 0.101878 0.033286 0.0237877 0.0073573 0.00222116 0.000411157 4.18317e-05 1.66499e-06 1.86791e-08 4.51685e-11 1.9504e-14 1.32957e-18
 1.94336e-41 2.69725e-33 4.5252e-26 9.17702e-20 2.24964e-14 6.66609e-10 2.38768e-06 0.00103378 0.0541042 0.342279 0.262268 0.0489967 0.141969 0.100567 0.0263754 0.0159682 0.00482761 0.00136002 0.000228437 1.99609e-05 6.49057e-07 5.65795e-09 1.02013e-11 3.19731e-15 1.55855e-19
 1.99629e-41 2.77071e-33 4.64845e-26 9.42696e-20 2.31091e-14 6.84764e-10 2.45272e-06 0.00106194 0.0555778 0.351602 0.269455 0.0505963 0.13762 0.0915905 0.0247979 0.0136216 0.00319524 0.000756128 0.000114937 8.58089e-06 2.2503e-07 1.51311e-09 2.03712e-12 4.65663e-16 1.6297e-20
 1.79192e-41 2.48706e-33 4.17256e-26 8.46188e-20 2.07433e-14 6.14662e-10 2.20162e-06 0.000953224 0.049888 0.315608 0.242205 0.0575861 0.17549 0.10945 0.0296977 0.0150249 0.00336743 0.000648341 7.49576e-05 4.6242e-06 9.72063e-08 5.00194e-10 5.00507e-13 8.35027e-17 2.10639e-21
 1.49937e-41 2.08102e-33 3.49134e-26 7.08038e-20 1.73567e-14 5.14311e-10 1.84218e-06 0.0007976 0.0417432 0.264083 0.203185 0.0660166 0.218677 0.130184 0.0464214 0.0231034 0.00486626 0.00083951 7.79478e-05 3.48937e-06 5.55493e-08 2.1681e-10 1.60587e-13 1.9495e-17 3.54243e-22
 2.12508e-41 2.94947e-33 4.94836e-26 1.00352e-19 2.46e-14 7.28944e-10 2.61096e-06 0.00113045 0.0591635 0.374287 0.286942 0.0520234 0.109627 0.0636365 0.0321675 0.0162536 0.00404213 0.000669226 5.31657e-05 1.80849e-06 2.01309e-08 5.60209e-11 3.01876e-14 2.65688e-18 3.47161e-23
 2.0295e-41 2.81681e-33 4.72578e-26 9.58379e-20 2.34935e-14 6.96156e-10 2.49352e-06 0.00107961 0.0565024 0.357454 0.274482 0.0623667 0.146636 0.0735842 0.0174441 0.00759273 0.00238983 0.000430992 3.37805e-05 9.39878e-07 7.61588e-09 1.45018e-11 5.36956e-15 3.32255e-19 3.08842e-24
 2.06134e-41 2.861e-33 4.79992e-26 9.73414e-20 2.38621e-14 7.07078e-10 2.53264e-06 0.00109654 0.0573888 0.363062 0.278906 0.0639203 0.13944 0.0669309 0.0206531 0.0071587 0.0012091 0.000213365 1.80988e-05 4.69389e-07 3.03043e-09 4.13917e-12 1.04613e-15 4.37666e-20 2.78422e-25
 1.78376e-41 2.47574e-33 4.15357e-26 8.42336e-20 2.06489e-14 6.11864e-10 2.1916e-06 0.000948886 0.0496609 0.314178 0.24232 0.0794413 0.191675 0.0857472 0.0258142 0.00855414 0.00148473 0.000162831 1.05558e-05 2.64533e-07 1.50975e-09 1.62428e-12 2.97686e-16 8.62762e-21 3.72918e-26
 2.0608e-41 2.86025e-33 4.79867e-26 9.73161e-20 2.38559e-14 7.06894e-10 2.53198e-06 0.00109626 0.0573738 0.362971 0.27927 0.0689617 0.13346 0.0602324 0.0266927 0.00842016 0.00137536 0.000138011 6.16092e-06 1.0778e-07 5.19483e-10 4.70623e-13 6.79502e-17 1.46219e-21 4.50303e-27
 1.89677e-41 2.63259e-33 4.41672e-26 8.95702e-20 2.19571e-14 6.50628e-10 2.33044e-06 0.001009 0.0528072 0.334086 0.258102 0.0846729 0.171955 0.0677625 0.0212607 0.00684286 0.00136678 0.00012689 4.76204e-06 5.80783e-08 1.87645e-10 1.28037e-13 1.46821e-17 2.47528e-22 5.7814e-28
 1.98078e-41 2.74919e-33 4.61233e-26 9.35372e-20 2.29295e-14 6.79444e-10 2.43366e-06 0.00105369 0.0551459 0.348884 0.269549 0.0832515 0.151235 0.059915 0.0237176 0.00616754 0.000978212 9.64332e-05 3.41413e-06 3.31685e-08 7.51483e-11 3.39626e-14 2.69533e-18 3.34096e-23 5.90577e-29
 1.68402e-41 2.33731e-33 3.92132e-26 7.95235e-20 1.94943e-14 5.7765e-10 2.06905e-06 0.000895827 0.046884 0.296629 0.231336 0.108298 0.20556 0.0750828 0.0269659 0.00713358 0.00112218 8.6224e-05 2.75278e-06 2.39106e-08 4.26314e-11 1.3765e-14 7.37367e-19 6.11023e-24 7.40545e-30
 1.55e-41 2.1513e-33 3.60925e-26 7.31948e-20 1.79428e-14 5.3168e-10 1.90439e-06 0.000824535 0.0431529 0.273035 0.214356 0.117608 0.212374 0.086169 0.041168 0.0097894 0.00141743 0.000101275 2.57146e-06 1.80816e-08 2.68269e-11 6.81963e-15 2.68954e-19 1.56295e-24 1.29056e-30
 1.78849e-41 2.48231e-33 4.16459e-26 8.44571e-20 2.07037e-14 6.13487e-10 2.19741e-06 0.000951403 0.0497927 0.315042 0.246118 0.105897 0.165495 0.0693966 0.0357807 0.00990546 0.00152186 9.49275e-05 2.05293e-06 1.1293e-08 1.27564e-11 2.52243e-15 7.71714e-20 3.38253e-25 2.03805e-31
 1.74653e-41 2.42407e-33 4.06688e-26 8.24755e-20 2.02179e-14 5.99093e-10 2.14585e-06 0.000929081 0.0486244 0.307669 0.242131 0.12177 0.179213 0.0637303 0.0268639 0.0076902 0.00129362 8.26608e-05 1.53406e-06 6.74618e-09 5.82235e-12 8.52339e-16 1.92945e-20 6.32191e-26 2.85467e-32
 1.76203e-41 2.44558e-33 4.10297e-26 8.32075e-20 2.03973e-14 6.0441e-10 2.1649e-06 0.000937327 0.049056 0.310415 0.245281 0.126599 0.171632 0.0632186 0.025995 0.00590302 0.000901396 5.8215e-05 1.02055e-06 3.75591e-09 2.51402e-12 2.76135e-16 4.59043e-21 1.09089e-26 3.5665e-33
 1.71842e-41 2.38505e-33 4.00142e-26 8.1148e-20 1.98925e-14 5.8945e-10 2.11131e-06 0.000914127 0.0478419 0.30276 0.241266 0.138307 0.174893 0.0630238 0.0248551 0.00542214 0.000677988 3.6646e-05 5.82359e-07 1.88289e-09 1.03126e-12 8.7341e-17 1.08217e-21 1.88371e-27 4.46276e-34
 1.81526e-41 2.51946e-33 4.22691e-26 8.57209e-20 2.10135e-14 6.22668e-10 2.2303e-06 0.000965641 0.050538 0.319834 0.254943 0.135235 0.154524 0.0571601 0.0218291 0.00445048 0.000496881 2.14915e-05 2.6917e-07 7.18332e-10 3.2513e-13 2.20783e-17 2.11608e-22 2.76637e-28 4.82429e-35
 1.77857e-41 2.46854e-33 4.14149e-26 8.39886e-20 2.05888e-14 6.10084e-10 2.18522e-06 0.000946126 0.0495167 0.313417 0.252601 0.149253 0.158267 0.0535263 0.0184827 0.00361465 0.000360332 1.29545e-05 1.24658e-07 2.5016e-10 8.70893e-14 4.62292e-18 3.45638e-23 3.47954e-29 4.5965e-36
 1.79544e-41 2.49195e-33 4.18076e-26 8.4785e-20 2.0784e-14 6.15869e-10 2.20594e-06 0.000955097 0.0499863 0.31643 0.256717 0.153477 0.150305 0.0523133 0.0167225 0.00283461 0.000248535 7.50836e-06 5.67028e-08 8.49203e-11 2.15948e-14 8.41227e-19 4.67829e-24 3.53829e-30 3.5231e-37
 1.79378e-41 2.48964e-33 4.1769e-26 8.47066e-20 2.07648e-14 6.153e-10 2.2039e-06 0.000954214 0.0499403 0.3162 0.259059 0.161146 0.145815 0.0495059 0.0148742 0.00232948 0.000170276 4.18331e-06 2.49697e-08 2.83625e-11 5.30154e-15 1.49085e-19 5.94959e-25 3.23797e-31 2.33582e-38
 1.8148e-41 2.51882e-33 4.22585e-26 8.56994e-20 2.10082e-14 6.22511e-10 2.22973e-06 0.000965398 0.0505258 0.319971 0.264256 0.164922 0.137851 0.0465739 0.0129642 0.0018505 0.000116398 2.27544e-06 1.04266e-08 8.96235e-12 1.24498e-15 2.55656e-20 7.35342e-26 2.86052e-32 1.46896e-39
 1.76323e-41 2.44725e-33 4.10576e-26 8.32641e-20 2.04112e-14 6.04821e-10 2.16637e-06 0.000937964 0.0490903 0.311008 0.261743 0.179117 0.139743 0.0452256 0.0115573 0.00149348 8.0097e-05 1.26206e-06 4.41458e-09 2.81524e-12 2.87519e-16 4.31751e-21 9.02065e-27 2.53097e-33 9.31634e-41
 1.67622e-41 2.32648e-33 3.90315e-26 7.91551e-20 1.94039e-14 5.74974e-10 2.05946e-06 0.000891676 0.0466683 0.295846 0.255449 0.194647 0.144991 0.048624 0.011505 0.00131467 5.95338e-05 7.52569e-07 2.02313e-09 9.60198e-13 7.1532e-17 7.76541e-22 1.16956e-27 2.36267e-34 6.25197e-42
 1.67333e-41 2.32247e-33 3.89642e-26 7.90187e-20 1.93705e-14 5.73983e-10 2.05592e-06 0.000890141 0.0465886 0.29549 0.258647 0.197009 0.139648 0.0492304 0.0112751 0.00117501 4.43246e-05 4.4462e-07 9.16066e-10 3.24803e-13 1.77527e-17 1.39604e-22 1.51062e-28 2.18275e-35 4.12376e-43
 1.70834e-41 2.37106e-33 3.97795e-26 8.06719e-20 1.97758e-14 5.85992e-10 2.09893e-06 0.000908765 0.0475632 0.301631 0.262297 0.192079 0.136208 0.047291 0.0108618 0.0011192 3.87053e-05 3.34455e-07 5.75733e-10 1.68181e-13 7.50292e-18 4.78156e-23 4.1698e-29 4.83457e-36 7.30472e-44
#spawning biomass
 6669.57 6669.15 7714.12 11197.2 14288.2 16706.7 15390.1 20740.9 34341.9 46842.8 57954.6 82557 104175 129485 131128 112615 97094 101748 101144 95727.7 99222.8 105145 97241.5 115909 130800 127889 118376 107899 106567 280499 391235 402869 371395 321556 269139 222340 184173 154775 132992 117286 106186 98454.9 93115.5 89434.3 86922.6 85257.1 84152.5 83420.1 82934.4 82612.3 82398.7 82257.1 82163.1 82100.9 82059.6 82032.2 82014 82002 81994 81988.7 81985.2 81982.8 81981.3 81980.3 81979.6 81979.1 81978.8 81978.6 81978.5 81978.4 81978.4 81978.3 81978.3 81978.3 81978.3 81978.3 81978.2 81978.2 81978.2 81978.2 81978.2 81978.2 81978.2 81978.2 81978.2 81978.2 81978.2 81978.2 81978.2 81978.2 81978.2 81978.2 81978.2 81978.2 81978.2 81978.2 81978.2 81978.2 81978.2 81978.2 81978.2 81978.2 81978.2 81978.2 81978.2 81978.2 81978.2 81978.2 81978.2 81978.2 81978.2 81978.2 81978.2 81978.2 81978.2 81978.2 81978.2 81978.2 81978.2 81978.2 81978.2 81978.2 81978.2 81978.2 81978.2 81978.2 81978.2 81978.2 81978.2 0 0 0 0 0 0 0 0 0 0 0 0 0 0 0 0 0 0 0 0 0 0 0 0 0
