SBPRF35
27.908
Curr Bio
207064
B35
4.72098e+07
F35
0.024183
FOFL
0
OFL
0
Bzero
7.97372e+06
#pred survey bio
 21751.5 21625.3 17341.5 20494.7 35476.7 50973.6 64664.1 82433.7 108833 147379 173575 205030 234890 255426 259454 276747 252616 254693 243685 263136 257138 292537 281009 319019 265076 277712 256706 247719 4.95765e+06 9.9754e+06 1.59654e+07 2.19341e+07 2.74682e+07 3.2355e+07 3.65333e+07 4.00306e+07 4.29177e+07 4.52816e+07 4.72098e+07 4.87821e+07 5.0068e+07 5.11255e+07 5.19272e+07 5.21727e+07 5.24152e+07 5.26542e+07 5.28892e+07 5.31199e+07 5.33462e+07 5.35681e+07 5.37854e+07 5.39982e+07 5.42065e+07 5.44104e+07 5.461e+07 5.48054e+07 5.49965e+07 5.51837e+07 5.53668e+07 5.55461e+07 5.57216e+07 5.58935e+07 5.60618e+07 5.62265e+07 5.63879e+07 5.6546e+07 5.67008e+07 5.68526e+07 5.70012e+07 5.71469e+07 5.72897e+07 5.74297e+07 5.75669e+07 5.77015e+07 5.78334e+07 5.79628e+07 5.80898e+07 5.82143e+07 5.83365e+07 5.84564e+07 5.85741e+07 5.86896e+07 5.88029e+07 5.89143e+07 5.90236e+07 5.91309e+07 5.92364e+07 5.93399e+07 5.94417e+07 5.95417e+07 5.96399e+07 5.97365e+07 5.98315e+07 5.99248e+07 6.00166e+07 6.01068e+07 6.01955e+07 6.02828e+07 6.03687e+07 6.04532e+07 6.05364e+07 6.06182e+07 6.06987e+07 6.0778e+07 6.08561e+07 6.09329e+07 6.10086e+07 6.10831e+07 6.11565e+07 6.12289e+07 6.13001e+07 6.13703e+07 6.14395e+07 6.15077e+07 6.15749e+07 6.16412e+07 6.17065e+07 6.17709e+07 6.18345e+07 6.18971e+07 6.19589e+07 6.20199e+07 6.208e+07 6.21394e+07 6.21979e+07 6.22557e+07 6.23128e+07 6.23691e+07 0 0 0 0 0 0 0 0 0 0 0 0 0 0 0 0 0 0 0 0 0 0 0 0 0
#obs survey bio
 20434.3 14530.7 20586.6 25071.1 32712.2 49223.9 90979.2 105952 131895 124698 216379 189632 209148 162379 249574 290044 195428 165745 149245 229265 229293 309587 268885 198721 250311 150620 214762 184759
#pred catch bio
 12266.4 15165 10629.9 10610.5 24702.4 38857.1 48712 62463.6 80811.3 114366 136126 163387 188397 208616 212274 234746 212171 218478 203299 227171 216400 257251 237829 291263 233746 253133 230210 238028 0 11115 18167.1 25168.4 31695.7 37471 42405.5 46522.5 49902.5 52648.5 54865.5 56650.6 58088.1 59249.2 60105.2 60310.8 60510.2 60703.5 60890.9 61072.6 61248.8 61419.6 61585.2 61745.7 61901.4 62052.3 62198.7 62340.6 62478.1 62611.5 62740.8 62866.2 62987.8 63105.6 63219.9 63330.7 63438.1 63542.3 63643.2 63741.1 63836.1 63928.1 64017.3 64103.8 64187.7 64269 64347.9 64424.3 64498.4 64570.3 64640 64707.5 64773 64836.5 64898.1 64957.8 65015.7 65071.8 65126.2 65178.9 65230.1 65279.7 65327.7 65374.4 65419.5 65463.4 65505.8 65547 65587 65625.7 65663.2 65699.6 65734.9 65769.1 65802.3 65834.5 65865.7 65895.9 65925.2 65953.6 65981.2 66007.9 66033.8 66058.9 66083.3 66106.9 66129.8 66152 66173.5 66194.3 66214.6 66234.2 66253.2 66271.6 66289.5 66306.8 66323.6 66339.9 66355.7 66371 0 0 0 0 0 0 0 0 0 0 0 0 0 0 0 0 0 0 0 0 0 0 0 0 0
#obs catch bio
 13633.8 16502.7 12090.5 8307.09 19887.3 37088.9 39982.3 50619.9 67970 100941 113806 148081 158567 209638 199865 234644 183237 222301 197486 212310 182158 226428 195552 279987 185857 239880 200606 221279
#pred cpue bio
 17510.6 18614.5 12930.2 14774.8 21442.7 28912.2 34548.9 45683.7 57090.3 79964.6 96095.4 109536 124573 139950 142305 144033 136370 128398 121542 129978 123239 134747 129187 145765 116639 117688 105561 106982 1.59002e+06 9.77734e+06 1.58448e+07 2.18109e+07 2.73449e+07 3.22316e+07 3.641e+07 3.99072e+07 4.27943e+07 4.51582e+07 4.70864e+07 4.86587e+07 4.99446e+07 5.10021e+07 5.18039e+07 5.20493e+07 5.22918e+07 5.25308e+07 5.27658e+07 5.29965e+07 5.32229e+07 5.34447e+07 5.3662e+07 5.38748e+07 5.40831e+07 5.42871e+07 5.44866e+07 5.4682e+07 5.48732e+07 5.50603e+07 5.52435e+07 5.54227e+07 5.55983e+07 5.57701e+07 5.59384e+07 5.61032e+07 5.62645e+07 5.64226e+07 5.65775e+07 5.67292e+07 5.68779e+07 5.70236e+07 5.71663e+07 5.73063e+07 5.74436e+07 5.75781e+07 5.77101e+07 5.78395e+07 5.79664e+07 5.80909e+07 5.82131e+07 5.8333e+07 5.84507e+07 5.85662e+07 5.86796e+07 5.87909e+07 5.89002e+07 5.90075e+07 5.9113e+07 5.92166e+07 5.93183e+07 5.94183e+07 5.95166e+07 5.96131e+07 5.97081e+07 5.98014e+07 5.98932e+07 5.99834e+07 6.00722e+07 6.01595e+07 6.02454e+07 6.03298e+07 6.0413e+07 6.04948e+07 6.05754e+07 6.06546e+07 6.07327e+07 6.08095e+07 6.08852e+07 6.09597e+07 6.10332e+07 6.11055e+07 6.11767e+07 6.12469e+07 6.13161e+07 6.13843e+07 6.14515e+07 6.15178e+07 6.15831e+07 6.16476e+07 6.17111e+07 6.17737e+07 6.18355e+07 6.18965e+07 6.19567e+07 6.2016e+07 6.20746e+07 6.21324e+07 6.21894e+07 6.22457e+07 0 0 0 0 0 0 0 0 0 0 0 0 0 0 0 0 0 0 0 0 0 0 0 0 0
#obs cpue bio
 14148 15995.8 18076.2 18179.5 35685.8 43146.8 50543.9 82398.3 91234.9 142155 174876 179496 257646 193696 215067 147678 300121 180492 208087 226972 264741 228591 269881 286730 308626 254204 220087 197020
#pred surv len freq
 1.04202e-11 1.13101e-09 7.23845e-08 2.73157e-06 6.07812e-05 0.0007975 0.0061712 0.0281876 0.0763293 0.125215 0.136999 0.131938 0.1386 0.127641 0.0886672 0.0526162 0.0311722 0.0186253 0.0114362 0.00753024 0.00544576 0.00438045 0.00370853 0.00283009 0.00164494
 7.76156e-12 8.42443e-10 5.39162e-08 2.03464e-06 4.52737e-05 0.000594047 0.00459753 0.0210157 0.0571284 0.0954866 0.112668 0.128455 0.154942 0.151363 0.110553 0.0698314 0.0420699 0.0232688 0.0120948 0.00635481 0.00359184 0.0023194 0.00169781 0.00121811 0.000701757
 1.21708e-11 1.32102e-09 8.4545e-08 3.19047e-06 7.09921e-05 0.000931463 0.00720734 0.0329086 0.0889525 0.14463 0.152272 0.132271 0.125458 0.112783 0.0812067 0.0518397 0.0322121 0.0185899 0.00974484 0.00467197 0.00212565 0.00101675 0.000566913 0.000348019 0.000188788
 1.22878e-11 1.33372e-09 8.53581e-08 3.22115e-06 7.1675e-05 0.000940429 0.00727692 0.0332313 0.0898931 0.146709 0.157002 0.142549 0.140484 0.123354 0.0787767 0.0396431 0.0196359 0.01036 0.00544993 0.00266939 0.00116968 0.000467473 0.000188773 8.5763e-05 3.96112e-05
 1.56325e-11 1.69676e-09 1.08592e-07 4.09793e-06 9.11842e-05 0.00119638 0.00925647 0.0422488 0.113979 0.183545 0.18494 0.139663 0.109379 0.0885476 0.0594841 0.0342194 0.0183411 0.00872234 0.00373761 0.0015896 0.000668517 0.000257584 8.88279e-05 2.94905e-05 1.01015e-05
 1.55719e-11 1.69018e-09 1.08171e-07 4.08204e-06 9.08307e-05 0.00119175 0.00922095 0.0420936 0.113655 0.183787 0.188757 0.151644 0.128278 0.10191 0.0561535 0.0189361 0.0037944 0.000449411 3.16204e-05 1.41068e-06 7.47259e-08 1.49828e-08 4.55152e-09 1.2813e-09 3.29942e-10
 1.63237e-11 1.77178e-09 1.13394e-07 4.27912e-06 9.52159e-05 0.00124928 0.0096659 0.0441205 0.119069 0.192068 0.195039 0.150993 0.121234 0.0938705 0.0513826 0.0173025 0.00346531 0.000409918 2.86011e-05 1.17674e-06 2.85486e-08 4.08381e-10 3.44455e-12 1.71323e-14 5.0325e-17
 1.58741e-11 1.72298e-09 1.1027e-07 4.16126e-06 9.25933e-05 0.00121487 0.00939979 0.0429083 0.115831 0.187115 0.191282 0.151383 0.125448 0.0986792 0.0542358 0.0182788 0.00366146 0.000433135 3.02212e-05 1.2434e-06 3.01658e-08 4.31514e-10 3.63966e-12 1.81022e-14 5.30853e-17
 1.65378e-11 1.79502e-09 1.14881e-07 4.33525e-06 9.64647e-05 0.00126566 0.00979261 0.0446977 0.120611 0.194426 0.196828 0.150808 0.119228 0.0915809 0.0500241 0.0168376 0.00337191 0.000398863 2.78296e-05 1.145e-06 2.77786e-08 3.97365e-10 3.35163e-12 1.66697e-14 4.88857e-17
 1.61381e-11 1.75164e-09 1.12105e-07 4.23048e-06 9.41336e-05 0.00123508 0.00955608 0.0436203 0.117733 0.190024 0.193489 0.151154 0.122973 0.0958549 0.05256 0.0177054 0.00354626 0.000419499 2.92696e-05 1.20425e-06 2.9216e-08 4.17927e-10 3.52506e-12 1.75322e-14 5.14146e-17
 1.5887e-11 1.72438e-09 1.1036e-07 4.16465e-06 9.26687e-05 0.00121586 0.00940744 0.0429432 0.115924 0.187258 0.191391 0.151372 0.125327 0.0985409 0.0541537 0.0182507 0.00365582 0.000432467 3.01746e-05 1.24148e-06 3.01193e-08 4.30848e-10 3.63404e-12 1.80742e-14 5.30027e-17
 1.63245e-11 1.77187e-09 1.13399e-07 4.27934e-06 9.52208e-05 0.00124934 0.00966639 0.0441228 0.119075 0.192077 0.195046 0.150993 0.121227 0.0938617 0.0513774 0.0173007 0.00346495 0.000409875 2.85981e-05 1.17662e-06 2.85456e-08 4.08337e-10 3.44417e-12 1.71298e-14 5.02334e-17
 1.64108e-11 1.78123e-09 1.13999e-07 4.30195e-06 9.57239e-05 0.00125595 0.00971745 0.0443553 0.119696 0.193027 0.195767 0.150918 0.120418 0.0929391 0.05083 0.0171134 0.00342732 0.000405421 2.82872e-05 1.16383e-06 2.82354e-08 4.03899e-10 3.40674e-12 1.69437e-14 4.96874e-17
 1.60175e-11 1.73855e-09 1.11267e-07 4.19887e-06 9.34301e-05 0.00122585 0.0094847 0.0432951 0.116864 0.188696 0.192481 0.151259 0.124103 0.0971448 0.0533254 0.0179673 0.00359887 0.000425726 2.97042e-05 1.22213e-06 2.96498e-08 4.24132e-10 3.57739e-12 1.77924e-14 5.21764e-17
 1.60045e-11 1.73714e-09 1.11177e-07 4.19546e-06 9.33544e-05 0.00122486 0.00947702 0.0432601 0.116771 0.188553 0.192373 0.15127 0.124225 0.0972836 0.0534078 0.0179955 0.00360453 0.000426397 2.9751e-05 1.22406e-06 2.96965e-08 4.248e-10 3.58303e-12 1.78204e-14 5.22586e-17
 1.66274e-11 1.80475e-09 1.15504e-07 4.35875e-06 9.69876e-05 0.00127252 0.00984567 0.0449394 0.121256 0.195413 0.197577 0.15073 0.118388 0.0906221 0.0494552 0.016643 0.00333281 0.000394234 2.75066e-05 1.13171e-06 2.74561e-08 3.92753e-10 3.31272e-12 1.64761e-14 4.83162e-17
 1.61999e-11 1.75834e-09 1.12534e-07 4.24667e-06 9.44938e-05 0.00123981 0.00959263 0.0437868 0.118178 0.190704 0.194005 0.151101 0.122395 0.0951945 0.0521682 0.0175713 0.00351932 0.00041631 2.90471e-05 1.1951e-06 2.89939e-08 4.14749e-10 3.49825e-12 1.73988e-14 5.10222e-17
 1.69771e-11 1.8427e-09 1.17932e-07 4.4504e-06 9.9027e-05 0.00129928 0.0100526 0.0458821 0.123774 0.199264 0.200499 0.150427 0.115112 0.0868827 0.0472365 0.0158838 0.00318028 0.000376179 2.62468e-05 1.07988e-06 2.61986e-08 3.74763e-10 3.16099e-12 1.57214e-14 4.61031e-17
 1.70899e-11 1.85494e-09 1.18716e-07 4.47997e-06 9.9685e-05 0.00130791 0.0101194 0.0461862 0.124587 0.200506 0.201441 0.150329 0.114055 0.0856763 0.0465207 0.0156389 0.00313107 0.000370355 2.58403e-05 1.06315e-06 2.57928e-08 3.68959e-10 3.11203e-12 1.54779e-14 4.53891e-17
 1.71903e-11 1.86584e-09 1.19414e-07 4.50629e-06 0.000100271 0.0013156 0.0101788 0.046457 0.12531 0.201612 0.20228 0.150242 0.113114 0.0846025 0.0458835 0.0154208 0.00308726 0.00036517 2.54785e-05 1.04827e-06 2.54317e-08 3.63793e-10 3.06846e-12 1.52612e-14 4.47536e-17
 1.7492e-11 1.89859e-09 1.21509e-07 4.58539e-06 0.000102031 0.00133869 0.0103574 0.0472704 0.127483 0.204935 0.204801 0.14998 0.110286 0.0813756 0.0439689 0.0147657 0.00295564 0.00034959 2.43913e-05 1.00354e-06 2.43465e-08 3.4827e-10 2.93752e-12 1.461e-14 4.28439e-17
 1.78653e-11 1.93911e-09 1.24103e-07 4.68324e-06 0.000104208 0.00136725 0.0105783 0.0482769 0.130171 0.209047 0.20792 0.149657 0.106788 0.0773834 0.0416002 0.0139551 0.00279279 0.000330315 2.30463e-05 9.48196e-07 2.30039e-08 3.29064e-10 2.77553e-12 1.38043e-14 4.04812e-17
 1.78828e-11 1.94101e-09 1.24224e-07 4.68783e-06 0.00010431 0.00136859 0.0105887 0.0483241 0.130297 0.20924 0.208066 0.149642 0.106624 0.0771961 0.0414891 0.0139171 0.00278515 0.000329411 2.29832e-05 9.456e-07 2.29409e-08 3.28163e-10 2.76793e-12 1.37665e-14 4.03704e-17
 1.7938e-11 1.947e-09 1.24608e-07 4.70231e-06 0.000104632 0.00137282 0.0106214 0.048473 0.130695 0.209848 0.208528 0.149594 0.106107 0.0766055 0.0411387 0.0137972 0.00276106 0.000326559 2.27842e-05 9.37412e-07 2.27422e-08 3.25321e-10 2.74396e-12 1.36473e-14 4.00208e-17
 1.82648e-11 1.98247e-09 1.26878e-07 4.78798e-06 0.000106538 0.00139783 0.0108148 0.049354 0.133048 0.213447 0.211258 0.14931 0.103044 0.0731104 0.0390649 0.0130876 0.00261849 0.000309684 2.16067e-05 8.88964e-07 2.15668e-08 3.08508e-10 2.60215e-12 1.2942e-14 3.79524e-17
 1.85711e-11 2.01572e-09 1.29006e-07 4.86827e-06 0.000108325 0.00142127 0.0109961 0.0501799 0.135254 0.216821 0.213818 0.149045 0.100174 0.0698346 0.0371212 0.0124225 0.00248487 0.000293868 2.0503e-05 8.43553e-07 2.04651e-08 2.92748e-10 2.46922e-12 1.22808e-14 3.60137e-17
 1.88029e-11 2.04087e-09 1.30615e-07 4.92901e-06 0.000109677 0.001439 0.0111332 0.0508046 0.136923 0.219373 0.215754 0.148844 0.0980024 0.0673565 0.0356509 0.0119194 0.00238379 0.000281903 1.96681e-05 8.09201e-07 1.96317e-08 2.80826e-10 2.36867e-12 1.17807e-14 3.45471e-17
 1.84195e-11 1.99926e-09 1.27953e-07 4.82853e-06 0.000107441 0.00140966 0.0109063 0.0497711 0.134162 0.215151 0.212551 0.149176 0.101594 0.071456 0.0380833 0.0127517 0.00255101 0.000301696 2.10492e-05 8.66029e-07 2.10104e-08 3.00548e-10 2.53501e-12 1.26081e-14 3.69733e-17
#obs surv len freq
 3.61681e-11 3.35194e-09 1.83169e-07 5.90197e-06 0.000112133 0.00125624 0.00830057 0.0323814 0.0750052 0.106221 0.104959 0.102318 0.117363 0.127093 0.120523 0.0975601 0.0617403 0.0296539 0.0111791 0.00337094 0.000796002 0.000141712 1.8257e-05 1.63705e-06 9.89145e-08
 2.00446e-11 1.7917e-09 9.4432e-08 2.9347e-06 5.37785e-05 0.000581188 0.00370692 0.0140101 0.0320373 0.0488838 0.067029 0.105009 0.150106 0.169003 0.158965 0.124778 0.0751832 0.0340682 0.0121506 0.00349491 0.000787135 0.00013236 1.59386e-05 1.32761e-06 7.42749e-08
 1.51643e-10 1.30509e-08 6.62285e-07 1.9817e-05 0.000349636 0.00363735 0.0223127 0.080718 0.172313 0.217824 0.166249 0.0855082 0.0475726 0.0487366 0.0571799 0.050137 0.0298201 0.0124233 0.0039421 0.00101193 0.000207872 3.24349e-05 3.64518e-06 2.82793e-07 1.46674e-08
 1.20076e-10 9.9339e-09 4.84586e-07 1.39383e-05 0.000236398 0.00236432 0.0139501 0.0486629 0.101515 0.133968 0.138182 0.1539 0.166378 0.129184 0.06757 0.0273063 0.0106887 0.00420311 0.00142344 0.000371005 7.15395e-05 1.00884e-05 1.02268e-06 7.22807e-08 3.44275e-09
 1.97235e-10 1.56613e-08 7.33264e-07 2.02432e-05 0.000329526 0.00316304 0.0179064 0.0598459 0.118707 0.143615 0.120185 0.099363 0.10372 0.111634 0.103996 0.0725083 0.0333889 0.00961323 0.00175292 0.000223735 2.4467e-05 2.56604e-06 2.26006e-07 1.43688e-08 6.168e-10
 3.08926e-10 2.351e-08 1.05497e-06 2.79135e-05 0.000435492 0.00400647 0.0217408 0.0696861 0.132937 0.156779 0.134196 0.118479 0.116659 0.100803 0.072836 0.0436754 0.0197743 0.00630816 0.0014079 0.000220987 2.41026e-05 1.81611e-06 9.8006e-08 4.04645e-09 1.3027e-10
 4.00598e-10 2.91792e-08 1.25321e-06 3.1737e-05 0.000473914 0.00417311 0.0216776 0.0665613 0.122073 0.140797 0.124901 0.121169 0.126124 0.112718 0.083674 0.0489842 0.0201226 0.00541896 0.000965729 0.000121889 1.17615e-05 8.75957e-07 4.74246e-08 1.75559e-09 4.32446e-11
 6.05341e-10 4.21479e-08 1.73037e-06 4.18881e-05 0.000597911 0.0050328 0.024991 0.0733598 0.128682 0.14225 0.121816 0.115533 0.119623 0.109279 0.0835276 0.049117 0.0198549 0.00524963 0.000921094 0.000112362 9.90904e-06 6.36193e-07 2.93724e-08 9.6141e-10 2.18739e-11
 9.08117e-10 6.03683e-08 2.36626e-06 5.46898e-05 0.000745326 0.00598993 0.0284016 0.0796519 0.133841 0.143451 0.123329 0.119365 0.121035 0.105298 0.0759725 0.0421002 0.0160331 0.00398848 0.000657553 7.5503e-05 6.30171e-06 3.8323e-07 1.65203e-08 4.90676e-10 9.84983e-12
 1.18177e-09 7.49209e-08 2.80067e-06 6.1732e-05 0.000802343 0.00614995 0.02782 0.0745494 0.120618 0.128754 0.119997 0.128546 0.133565 0.115235 0.0813064 0.0431223 0.0153888 0.00350965 0.000515548 5.11624e-05 3.64413e-06 1.9233e-07 7.41472e-09 2.01511e-10 3.73682e-12
 1.82191e-09 1.10039e-07 3.91881e-06 8.22909e-05 0.00101894 0.00744069 0.0320672 0.0818765 0.126286 0.128779 0.115518 0.121199 0.127192 0.114126 0.0827117 0.0432687 0.0147819 0.00317378 0.000432574 3.90347e-05 2.46259e-06 1.12393e-07 3.69739e-09 8.56657e-11 1.36812e-12
 3.05019e-09 1.75336e-07 5.94293e-06 0.000118774 0.00139973 0.00972824 0.039905 0.0969948 0.142532 0.138869 0.119527 0.119677 0.118478 0.0995065 0.0673701 0.03297 0.0105301 0.0021021 0.000263195 2.1408e-05 1.19301e-06 4.75537e-08 1.36424e-09 2.75345e-11 3.81022e-13
 3.71424e-09 2.03021e-07 6.54331e-06 0.000124351 0.00139352 0.00921118 0.0359637 0.0835383 0.119607 0.122328 0.124795 0.140699 0.13837 0.110098 0.0699579 0.0321692 0.00967976 0.00182504 0.000216304 1.66659e-05 8.75503e-07 3.2446e-08 8.48233e-10 1.53002e-11 1.86542e-13
 5.0128e-09 2.60322e-07 7.97128e-06 0.000143926 0.0015324 0.0096244 0.0357173 0.0790007 0.10861 0.10992 0.115994 0.136601 0.143788 0.124991 0.0833064 0.0378372 0.0108175 0.00189121 0.000202766 1.36821e-05 6.08737e-07 1.88524e-08 4.19558e-10 6.65572e-12 7.30346e-14
 8.4515e-09 4.16668e-07 1.21125e-05 0.000207622 0.00209862 0.0125131 0.0440871 0.0925854 0.120877 0.116213 0.116725 0.131938 0.134825 0.113834 0.0727682 0.0313331 0.00844413 0.00138805 0.000139611 8.79708e-06 3.61716e-07 1.01595e-08 2.00037e-10 2.74319e-12 2.56288e-14
 1.18608e-08 5.54751e-07 1.52993e-05 0.000248794 0.00238589 0.0134994 0.0451779 0.0905564 0.11532 0.115471 0.126277 0.143826 0.138968 0.109046 0.0649958 0.0263101 0.00672738 0.00106312 0.000105018 6.70114e-06 2.87617e-07 8.50825e-09 1.723e-10 2.33018e-12 2.06201e-14
 1.9678e-08 8.72633e-07 2.28176e-05 0.000351808 0.00319875 0.0171593 0.0544389 0.103372 0.124306 0.116576 0.120078 0.133784 0.131137 0.104401 0.061096 0.0235541 0.00562764 0.000817575 7.26704e-05 4.05551e-06 1.48497e-07 3.75163e-09 6.73197e-11 8.50384e-13 7.33292e-15
 2.53034e-08 1.06334e-06 2.63487e-05 0.000384991 0.00331755 0.016874 0.0508668 0.0927243 0.111766 0.116693 0.136436 0.15215 0.138505 0.100879 0.0545561 0.0196891 0.00445356 0.000621067 5.4104e-05 3.04201e-06 1.1478e-07 2.97402e-09 5.25799e-11 6.19961e-13 4.78796e-15
 4.05422e-08 1.61387e-06 3.78807e-05 0.00052429 0.00427955 0.0206175 0.0588539 0.101452 0.115001 0.112048 0.125265 0.141648 0.13657 0.103897 0.0558489 0.0192898 0.00409183 0.000527791 4.18927e-05 2.10895e-06 7.04087e-08 1.6264e-09 2.63919e-11 2.9585e-13 2.22663e-15
 5.86426e-08 2.21053e-06 4.91329e-05 0.000643962 0.00497804 0.0227225 0.0615822 0.101765 0.114783 0.119129 0.138622 0.149262 0.131469 0.0913062 0.0454925 0.0147864 0.00299778 0.000377731 3.0252e-05 1.59648e-06 5.72219e-08 1.39966e-09 2.29238e-11 2.45772e-13 1.70416e-15
 9.43637e-08 3.36753e-06 7.08614e-05 0.000879266 0.00643494 0.0278084 0.0713566 0.111659 0.119305 0.117736 0.132438 0.141743 0.126144 0.0870284 0.041804 0.0128445 0.00243715 0.000285638 2.11838e-05 1.03526e-06 3.47203e-08 8.12534e-10 1.3083e-11 1.4107e-13 9.95288e-16
 1.20381e-07 4.06653e-06 8.10003e-05 0.000951434 0.0065928 0.0270012 0.0659642 0.10031 0.111715 0.125418 0.150184 0.154499 0.12735 0.0811484 0.0362588 0.0104337 0.00186543 0.000207527 1.47417e-05 6.95193e-07 2.24834e-08 5.01947e-10 7.6044e-12 7.6512e-14 5.03949e-16
 1.8588e-07 5.9433e-06 0.000112052 0.00124578 0.00817082 0.0316746 0.0732393 0.105371 0.110988 0.118974 0.140763 0.149482 0.129008 0.0832119 0.0360915 0.00983585 0.00164544 0.000169959 1.113e-05 4.8117e-07 1.42667e-08 2.94202e-10 4.16077e-12 3.93857e-14 2.44628e-16
 2.73612e-07 8.2806e-06 0.000147771 0.00155511 0.0096562 0.0354664 0.077983 0.108355 0.115289 0.128681 0.149645 0.148239 0.117614 0.0701829 0.0284974 0.00736253 0.00118689 0.000120959 8.04359e-06 3.60612e-07 1.10429e-08 2.28247e-10 3.11652e-12 2.76819e-14 1.58891e-16
 3.97742e-07 1.13942e-05 0.000192472 0.00191738 0.0112714 0.0392171 0.0819067 0.109311 0.115147 0.129953 0.150403 0.147482 0.115021 0.0659888 0.0251957 0.00601642 0.000880181 7.94348e-05 4.546e-06 1.72298e-07 4.51709e-09 8.34318e-11 1.06937e-12 9.22389e-15 5.20648e-17
 5.17162e-07 1.4025e-05 0.000224279 0.00211527 0.0117768 0.0388726 0.0776087 0.102036 0.113521 0.137655 0.160048 0.152179 0.113735 0.0619781 0.0223885 0.00507148 0.000710353 6.23439e-05 3.53387e-06 1.33859e-07 3.45284e-09 6.03083e-11 7.0005e-13 5.31942e-15 2.629e-17
 5.79578e-07 1.48812e-05 0.000225312 0.00201228 0.0106164 0.0333125 0.0641283 0.0856224 0.106129 0.142553 0.171758 0.166039 0.123997 0.0655881 0.0225171 0.00480103 0.000631016 5.19845e-05 2.77458e-06 9.95755e-08 2.45474e-09 4.13392e-11 4.65382e-13 3.42878e-15 1.62908e-17
 8.4e-07 2.04224e-05 0.000292792 0.00247615 0.0123717 0.0367804 0.0672069 0.0857367 0.103103 0.137182 0.168306 0.168119 0.126775 0.0653397 0.0213896 0.00431674 0.000537542 4.2193e-05 2.16063e-06 7.46464e-08 1.76491e-09 2.82718e-11 3.0058e-13 2.08507e-15 9.33453e-18
#pred catch len freq
 7.53173e-13 8.17498e-11 5.23202e-09 1.97449e-07 4.3945e-06 5.77255e-05 0.000449298 0.00211294 0.0065547 0.0174577 0.0501093 0.123347 0.20254 0.21041 0.149889 0.0894041 0.0530359 0.0316988 0.0194637 0.0128157 0.00926805 0.007455 0.00631147 0.00481648 0.00279949
 5.6319e-13 6.1129e-11 3.91229e-09 1.47647e-07 3.28633e-06 4.31857e-05 0.000336796 0.00159931 0.00516706 0.0152081 0.0477866 0.121594 0.202052 0.213448 0.158349 0.100304 0.0604586 0.0334417 0.0173818 0.00913231 0.00516164 0.00333308 0.00243982 0.00175047 0.00100845
 1.1814e-12 1.2823e-10 8.20673e-09 3.09705e-07 6.89228e-06 9.04942e-05 0.000702696 0.00326636 0.00962313 0.0220502 0.0531089 0.121482 0.196861 0.2071 0.154102 0.0989309 0.0615219 0.0355074 0.0186122 0.00892295 0.0040597 0.00194184 0.00108272 0.000664663 0.000360556
 1.03394e-12 1.12224e-10 7.18238e-09 2.71051e-07 6.03237e-06 7.92241e-05 0.000615991 0.00288208 0.00874376 0.0219027 0.0588947 0.141026 0.228405 0.230792 0.151875 0.0769031 0.0381546 0.0201404 0.0105956 0.00518966 0.00227399 0.000908815 0.000366993 0.000166732 7.70081e-05
 7.31869e-12 7.94374e-10 5.08399e-08 1.91854e-06 4.26906e-05 0.000560161 0.00433562 0.0198262 0.0540007 0.0911075 0.111343 0.135473 0.169771 0.165312 0.115791 0.0670028 0.0358942 0.0170596 0.00730848 0.00310801 0.00130706 0.000503614 0.000173671 5.76582e-05 1.975e-05
 1.08125e-11 1.17359e-09 7.51098e-08 2.83441e-06 6.30698e-05 0.00082754 0.00640411 0.0292619 0.079381 0.131368 0.14899 0.15577 0.172877 0.15281 0.0863547 0.029271 0.00587127 0.00069553 4.8937e-05 2.18235e-06 1.15297e-07 2.30693e-08 7.00695e-09 1.97252e-09 5.07935e-10
 1.1918e-11 1.29358e-09 8.2789e-08 3.1242e-06 6.95179e-05 0.000912136 0.00705838 0.0322423 0.0873419 0.143544 0.158228 0.154813 0.16252 0.140989 0.0793394 0.0268689 0.00538729 0.000637412 4.44758e-05 1.8299e-06 4.43947e-08 6.35056e-10 5.35648e-12 2.66418e-14 7.82576e-17
 1.12264e-11 1.21852e-09 7.79852e-08 2.94292e-06 6.54843e-05 0.000859216 0.0066491 0.0303779 0.082362 0.135927 0.15245 0.155413 0.169 0.148384 0.0837276 0.0283704 0.00568896 0.00067312 4.69676e-05 1.93242e-06 4.6882e-08 6.70634e-10 5.65655e-12 2.81334e-14 8.25022e-17
 1.20169e-11 1.30432e-09 8.34766e-08 3.15015e-06 7.00952e-05 0.00091971 0.00711696 0.0325092 0.0880547 0.144634 0.159055 0.154727 0.161593 0.13993 0.0787113 0.0266539 0.00534411 0.000632301 4.41192e-05 1.81523e-06 4.40387e-08 6.29963e-10 5.31351e-12 2.64274e-14 7.75008e-17
 1.21901e-11 1.32312e-09 8.46792e-08 3.19554e-06 7.11051e-05 0.000932959 0.00721943 0.0329759 0.0893015 0.146541 0.160501 0.154577 0.15997 0.138078 0.0776127 0.026278 0.00526858 0.000623361 4.34954e-05 1.78956e-06 4.3416e-08 6.21055e-10 5.23837e-12 2.60536e-14 7.6404e-17
 1.19778e-11 1.30007e-09 8.32046e-08 3.13989e-06 6.98669e-05 0.000916714 0.00709379 0.0324036 0.0877728 0.144203 0.158728 0.154761 0.161959 0.140349 0.0789598 0.026739 0.00536118 0.000634322 4.42603e-05 1.82103e-06 4.41795e-08 6.31976e-10 5.33048e-12 2.65115e-14 7.77454e-17
 1.30002e-11 1.41105e-09 9.03067e-08 3.4079e-06 7.58304e-05 0.000994952 0.00769889 0.0351601 0.0951354 0.155463 0.16727 0.153875 0.152379 0.129414 0.0724721 0.024519 0.00491517 0.00058153 4.05764e-05 1.66946e-06 4.05023e-08 5.79374e-10 4.8868e-12 2.43049e-14 7.12743e-17
 1.32515e-11 1.43833e-09 9.20527e-08 3.47379e-06 7.72964e-05 0.00101419 0.00784765 0.0358377 0.0969455 0.158231 0.16937 0.153657 0.150023 0.126726 0.0708772 0.0239732 0.00480552 0.000568551 3.96707e-05 1.6322e-06 3.95982e-08 5.66442e-10 4.77773e-12 2.37624e-14 6.96834e-17
 1.29657e-11 1.4073e-09 9.00671e-08 3.39886e-06 7.56291e-05 0.000992312 0.00767848 0.0350671 0.094887 0.155083 0.166982 0.153905 0.152702 0.129783 0.072691 0.0245939 0.00493022 0.000583311 4.07007e-05 1.67457e-06 4.06263e-08 5.81149e-10 4.90177e-12 2.43793e-14 7.14926e-17
 1.29774e-11 1.40857e-09 9.01481e-08 3.40191e-06 7.56972e-05 0.000993204 0.00768538 0.0350985 0.094971 0.155212 0.167079 0.153895 0.152593 0.129659 0.072617 0.0245686 0.00492513 0.000582709 4.06586e-05 1.67284e-06 4.05844e-08 5.80549e-10 4.89671e-12 2.43542e-14 7.14188e-17
 1.44747e-11 1.57109e-09 1.00549e-07 3.79442e-06 8.44308e-05 0.00110779 0.00857156 0.0391354 0.105754 0.171703 0.17959 0.152597 0.138561 0.113645 0.0631157 0.0213174 0.00427194 0.000505394 3.52635e-05 1.45086e-06 3.5199e-08 5.03512e-10 4.24694e-12 2.11224e-14 6.19417e-17
 1.3718e-11 1.48896e-09 9.52932e-08 3.59607e-06 8.00174e-05 0.00104988 0.00812374 0.0370954 0.100305 0.163369 0.173268 0.153253 0.145652 0.121737 0.0679171 0.0229603 0.00460202 0.000544464 3.79899e-05 1.56304e-06 3.79204e-08 5.42442e-10 4.57529e-12 2.27555e-14 6.67308e-17
 1.51124e-11 1.6403e-09 1.04979e-07 3.96158e-06 8.81504e-05 0.00115658 0.00894898 0.0408547 0.110346 0.178726 0.184918 0.152044 0.132586 0.106825 0.0590692 0.0199327 0.00399375 0.000472466 3.29658e-05 1.35633e-06 3.29054e-08 4.70703e-10 3.9702e-12 1.97461e-14 5.79056e-17
 1.4883e-11 1.61541e-09 1.03386e-07 3.90146e-06 8.68126e-05 0.00113903 0.00881323 0.0402363 0.108694 0.1762 0.183002 0.152243 0.134735 0.109278 0.0605246 0.0204308 0.0040938 0.000484309 3.37922e-05 1.39033e-06 3.37303e-08 4.82504e-10 4.06974e-12 2.02411e-14 5.93573e-17
 1.54819e-11 1.68041e-09 1.07546e-07 4.05845e-06 9.03057e-05 0.00118486 0.00916767 0.0418509 0.113007 0.182796 0.188006 0.151723 0.129123 0.102873 0.0567244 0.0191304 0.00383255 0.000453386 3.16343e-05 1.30154e-06 3.15764e-08 4.51691e-10 3.80985e-12 1.89485e-14 5.55668e-17
 1.55629e-11 1.68921e-09 1.08109e-07 4.0797e-06 9.07785e-05 0.00119106 0.00921565 0.0420695 0.113591 0.183689 0.188683 0.151653 0.128363 0.102007 0.0562101 0.0189544 0.00379719 0.0004492 3.13422e-05 1.28953e-06 3.12848e-08 4.47521e-10 3.77467e-12 1.87736e-14 5.50537e-17
 1.65732e-11 1.79886e-09 1.15127e-07 4.34452e-06 9.66711e-05 0.00126837 0.00981356 0.0447932 0.120866 0.194815 0.197124 0.150777 0.118897 0.0912024 0.0497995 0.0167608 0.00335648 0.000397035 2.77021e-05 1.13976e-06 2.76513e-08 3.95544e-10 3.33627e-12 1.65932e-14 4.86596e-17
 1.61666e-11 1.75473e-09 1.12303e-07 4.23795e-06 9.42999e-05 0.00123726 0.00957295 0.0436971 0.117938 0.190338 0.193727 0.15113 0.122706 0.0955501 0.0523792 0.0176435 0.00353382 0.000418027 2.91669e-05 1.20003e-06 2.91135e-08 4.1646e-10 3.51268e-12 1.74706e-14 5.12326e-17
 1.70524e-11 1.85088e-09 1.18456e-07 4.47016e-06 9.94667e-05 0.00130505 0.0100972 0.0460853 0.124317 0.200094 0.201128 0.150362 0.114405 0.0860767 0.0467583 0.0157201 0.0031474 0.000372288 2.59752e-05 1.0687e-06 2.59275e-08 3.70886e-10 3.12828e-12 1.55587e-14 4.56261e-17
 1.71039e-11 1.85646e-09 1.18813e-07 4.48364e-06 9.97666e-05 0.00130898 0.0101276 0.046224 0.124687 0.20066 0.201558 0.150317 0.113924 0.0855267 0.046432 0.0156085 0.00312496 0.000369632 2.57899e-05 1.06108e-06 2.57425e-08 3.6824e-10 3.10596e-12 1.54477e-14 4.53006e-17
 1.77828e-11 1.93015e-09 1.2353e-07 4.66162e-06 0.000103727 0.00136094 0.0105295 0.0480545 0.129577 0.208138 0.207231 0.149728 0.107561 0.0782656 0.0421236 0.0141343 0.00282878 0.000334574 2.33435e-05 9.60425e-07 2.33005e-08 3.33308e-10 2.81133e-12 1.39823e-14 4.10033e-17
 1.79185e-11 1.94488e-09 1.24472e-07 4.69718e-06 0.000104518 0.00137132 0.0106098 0.0484202 0.130554 0.209632 0.208364 0.149611 0.10629 0.0768148 0.0412628 0.0138397 0.0027696 0.000327569 2.28547e-05 9.40313e-07 2.28126e-08 3.26328e-10 2.75246e-12 1.36895e-14 4.01447e-17
 1.80599e-11 1.96023e-09 1.25455e-07 4.73426e-06 0.000105343 0.00138215 0.0106935 0.0488016 0.131572 0.21119 0.209546 0.149488 0.104964 0.0753019 0.0403652 0.0135325 0.00270788 0.000320265 2.2345e-05 9.19341e-07 2.23038e-08 3.1905e-10 2.69107e-12 1.33842e-14 3.92493e-17
#obs catch len freq
 2.93132e-11 2.71664e-09 1.48453e-07 4.78337e-06 9.08805e-05 0.00101817 0.00672835 0.0262648 0.0610438 0.087938 0.0930461 0.103662 0.128952 0.141297 0.132299 0.105221 0.065368 0.0308808 0.0115973 0.00355044 0.0008589 0.00015618 2.04527e-05 1.86369e-06 1.14813e-07
 4.33961e-11 3.87898e-09 2.04443e-07 6.35353e-06 0.000116426 0.00125805 0.00801834 0.0301894 0.0676765 0.0940424 0.0960107 0.103448 0.125568 0.136439 0.128172 0.101846 0.0628776 0.0294597 0.010833 0.00317347 0.000723263 0.000123384 1.51251e-05 1.28251e-06 7.2905e-08
 2.4218e-11 2.08428e-09 1.0577e-07 3.16489e-06 5.5842e-05 0.000581103 0.0035701 0.0130197 0.0289836 0.0446402 0.0659899 0.109387 0.156211 0.173461 0.160913 0.12363 0.0725056 0.0320101 0.0111322 0.00310846 0.000674617 0.000108509 1.24163e-05 9.77045e-07 5.13856e-08
 1.83207e-18 8.05349e-16 2.08744e-13 3.19032e-11 2.87513e-09 1.52797e-07 4.78973e-06 8.86293e-05 0.000970421 0.00633477 0.0252189 0.0650643 0.122583 0.187899 0.226357 0.19238 0.110459 0.0446223 0.0137856 0.00343795 0.000681036 0.000101622 1.08426e-05 7.93864e-07 3.86735e-08
 1.27644e-10 1.01355e-08 4.74547e-07 1.31009e-05 0.000213267 0.00204744 0.0116009 0.0389503 0.0791142 0.106998 0.128415 0.170469 0.192787 0.146802 0.0747291 0.0297972 0.0116255 0.00450457 0.00148179 0.000372258 6.88774e-05 9.27607e-06 8.92746e-07 5.95452e-08 2.66287e-09
 2.81334e-10 2.14102e-08 9.60744e-07 2.54204e-05 0.000396595 0.00364857 0.0197973 0.0634334 0.12078 0.141151 0.116991 0.099855 0.106417 0.113717 0.103522 0.0695468 0.0306232 0.008419 0.00147173 0.000182077 1.9502e-05 1.98405e-06 1.66565e-07 9.994e-09 4.02706e-10
 4.51928e-10 3.2918e-08 1.41379e-06 3.58035e-05 0.000534635 0.00470771 0.0244523 0.0750435 0.137272 0.156336 0.132399 0.118656 0.116318 0.0986679 0.0699855 0.0408792 0.0178604 0.00547954 0.00117507 0.000176794 1.84262e-05 1.32525e-06 6.83065e-08 2.6879e-09 8.18508e-11
 5.90873e-10 4.11406e-08 1.68901e-06 4.0887e-05 0.000583623 0.0049126 0.024396 0.0716416 0.125924 0.140537 0.124163 0.122228 0.126073 0.110507 0.0802224 0.0454126 0.0178681 0.0045982 0.000785475 9.54875e-05 8.87911e-06 6.33215e-07 3.25727e-08 1.13976e-09 2.64571e-11
 9.17165e-10 6.09698e-08 2.38984e-06 5.52347e-05 0.00075275 0.00604954 0.0286828 0.0804207 0.134962 0.143805 0.121393 0.115263 0.117692 0.105421 0.0785962 0.044532 0.0172073 0.00434332 0.000729174 8.52952e-05 7.2076e-06 4.41949e-07 1.94114e-08 6.01975e-10 1.29185e-11
 1.40872e-09 8.93089e-08 3.33852e-06 7.3587e-05 0.000956415 0.00733048 0.0331504 0.0886956 0.142385 0.146689 0.12326 0.11763 0.116573 0.0991376 0.0696734 0.0371611 0.0135111 0.00320462 0.000505004 5.55744e-05 4.44224e-06 2.57649e-07 1.0542e-08 2.96001e-10 5.59829e-12
 1.86535e-09 1.12663e-07 4.01225e-06 8.42529e-05 0.00104324 0.00761821 0.0328344 0.0838625 0.129556 0.132999 0.121046 0.12691 0.128298 0.108023 0.074043 0.0376787 0.0127989 0.00277397 0.00038812 3.68241e-05 2.5122e-06 1.2668e-07 4.64213e-09 1.19311e-10 2.0837e-12
 2.92606e-09 1.682e-07 5.70107e-06 0.00011394 0.00134276 0.00933237 0.0382819 0.0930593 0.136821 0.13365 0.116088 0.118445 0.120954 0.105853 0.0741813 0.0370633 0.0120166 0.00244624 0.000316795 2.72541e-05 1.64251e-06 7.1505e-08 2.23482e-09 4.89882e-11 7.37459e-13
 4.91145e-09 2.6846e-07 8.6524e-06 0.000164431 0.00184262 0.0121775 0.0475011 0.109819 0.15365 0.143101 0.118744 0.115074 0.110556 0.0904348 0.0591577 0.0276253 0.00836213 0.00157984 0.000187508 1.45044e-05 7.70762e-07 2.92854e-08 7.98017e-10 1.52331e-11 1.98635e-13
 6.15652e-09 3.19716e-07 9.78999e-06 0.000176764 0.001882 0.0118192 0.0438452 0.0967866 0.131791 0.128466 0.125245 0.135291 0.128497 0.099377 0.0609507 0.0267243 0.0076154 0.0013578 0.000152425 1.11568e-05 5.57983e-07 1.96703e-08 4.87487e-10 8.30463e-12 9.53392e-14
 8.49755e-09 4.18938e-07 1.21785e-05 0.000208753 0.00211005 0.0125812 0.0443264 0.0930808 0.121479 0.116628 0.11683 0.13175 0.134358 0.113236 0.0723198 0.0311423 0.00840189 0.00138495 0.000140174 8.95351e-06 3.78356e-07 1.11498e-08 2.35723e-10 3.5377e-12 3.65715e-14
 1.4277e-08 6.67761e-07 1.84159e-05 0.000299474 0.00287176 0.0162446 0.0542983 0.108178 0.133943 0.121955 0.116043 0.125528 0.124242 0.101522 0.0620478 0.0252889 0.00642367 0.000994527 9.43226e-05 5.61798e-06 2.18977e-07 5.83872e-09 1.08976e-10 1.41183e-12 1.24204e-14
 2.04285e-08 9.05911e-07 2.36878e-05 0.000365225 0.00332074 0.017814 0.0565204 0.107365 0.129308 0.121679 0.124809 0.135303 0.12629 0.0958174 0.054596 0.0209188 0.00504259 0.000751126 7.00715e-05 4.23404e-06 1.72363e-07 4.83028e-09 9.23582e-11 1.17546e-12 9.76669e-15
 3.38073e-08 1.42071e-06 3.52038e-05 0.000514363 0.00443189 0.0225292 0.0677258 0.121793 0.13835 0.12161 0.117163 0.124333 0.117792 0.090356 0.0503274 0.0183103 0.00411499 0.000562138 4.70489e-05 2.47906e-06 8.59838e-08 2.06133e-09 3.50452e-11 4.1778e-13 3.3861e-15
 4.45513e-08 1.77346e-06 4.16266e-05 0.000576136 0.00470275 0.0226564 0.0646749 0.111488 0.126313 0.122278 0.132803 0.140686 0.12354 0.0866839 0.0446443 0.0152111 0.00323788 0.00042498 3.49137e-05 1.85614e-06 6.63213e-08 1.62539e-09 2.70947e-11 3.00287e-13 2.17531e-15
 7.13353e-08 2.68898e-06 5.9767e-05 0.000783318 0.00605457 0.0276195 0.0746313 0.121592 0.129398 0.116563 0.120866 0.130195 0.121099 0.0882789 0.0449527 0.0146129 0.00291131 0.000352792 2.63548e-05 1.25226e-06 3.95713e-08 8.65795e-10 1.32761e-11 1.40097e-13 9.89162e-16
 1.04244e-07 3.72011e-06 7.82804e-05 0.000971318 0.0071084 0.030714 0.0787531 0.122792 0.129266 0.122812 0.131981 0.135078 0.114636 0.0763309 0.0360604 0.0110408 0.00210493 0.000249682 1.88701e-05 9.41743e-07 3.19201e-08 7.36456e-10 1.13393e-11 1.14003e-13 7.4012e-16
 1.67842e-07 5.66979e-06 0.000112934 0.00132645 0.00918882 0.0375819 0.0912071 0.134531 0.133706 0.119888 0.123922 0.126047 0.107909 0.0711005 0.0322851 0.00932844 0.00166267 0.000183283 1.28188e-05 5.92466e-07 1.88094e-08 4.15831e-10 6.30182e-12 6.37362e-14 4.20685e-16
 2.19554e-07 7.01999e-06 0.000132351 0.00147144 0.0096502 0.0373968 0.086328 0.123259 0.126143 0.127143 0.14006 0.136984 0.108531 0.0660371 0.0278964 0.00754997 0.00126829 0.000132755 8.89589e-06 3.96622e-07 1.21271e-08 2.55318e-10 3.63558e-12 3.42881e-14 2.11256e-16
 3.39358e-07 1.02703e-05 0.000183276 0.00192864 0.0119722 0.043912 0.0959216 0.129458 0.124893 0.11953 0.129972 0.131434 0.108738 0.066638 0.0272333 0.00696843 0.00109417 0.000106239 6.55711e-06 2.67849e-07 7.50834e-09 1.4607e-10 1.94213e-12 1.72295e-14 1.0005e-16
 5.07874e-07 1.45491e-05 0.000245762 0.0024481 0.0143871 0.0499868 0.103709 0.134458 0.129034 0.126601 0.134662 0.12673 0.0962921 0.0546031 0.0209038 0.00507596 0.000769259 7.38467e-05 4.63592e-06 1.96327e-07 5.66844e-09 1.10118e-10 1.40932e-12 1.1711e-14 6.27938e-17
 7.39997e-07 2.0068e-05 0.000320906 0.0030262 0.016838 0.0554142 0.109127 0.13546 0.127727 0.126307 0.134078 0.125003 0.0931544 0.0506439 0.0181939 0.00407602 0.000559389 4.74315e-05 2.55713e-06 9.15482e-08 2.26897e-09 3.95321e-11 4.76109e-13 3.84462e-15 2.02587e-17
 9.86052e-07 2.53175e-05 0.000383307 0.0034225 0.0180357 0.0562874 0.105722 0.128131 0.125389 0.132732 0.142206 0.128636 0.0917312 0.0473135 0.0160767 0.00341818 0.000449579 3.71176e-05 1.98337e-06 7.08855e-08 1.72292e-09 2.82772e-11 3.07608e-13 2.18626e-15 1.00911e-17
 1.1561e-06 2.81073e-05 0.000402957 0.00340737 0.0170135 0.0504308 0.0909278 0.110203 0.11775 0.138752 0.15543 0.143115 0.101682 0.0507702 0.0163734 0.00327503 0.000404117 3.13168e-05 1.57582e-06 5.33707e-08 1.23998e-09 1.96213e-11 2.06921e-13 1.42468e-15 6.3135e-18
#spawning biomass
 20577.4 20821.8 16099.6 18895.3 31453.9 44696.7 56056.9 71958.1 94026.8 128132 151488 177737 203344 222481 226034 238751 219415 218466 208628 224898 218628 247073 237260 269082 222226 231453 212970 207064 165714 476231 767173 1.06118e+06 1.33529e+06 1.57782e+06 1.78504e+06 1.95793e+06 2.09987e+06 2.21518e+06 2.30828e+06 2.38324e+06 2.44361e+06 2.49237e+06 2.52832e+06 2.53695e+06 2.54533e+06 2.55344e+06 2.56131e+06 2.56894e+06 2.57634e+06 2.58351e+06 2.59047e+06 2.59721e+06 2.60375e+06 2.61009e+06 2.61623e+06 2.62219e+06 2.62797e+06 2.63357e+06 2.639e+06 2.64426e+06 2.64937e+06 2.65432e+06 2.65912e+06 2.66377e+06 2.66828e+06 2.67265e+06 2.6769e+06 2.68101e+06 2.68499e+06 2.68886e+06 2.6926e+06 2.69624e+06 2.69976e+06 2.70317e+06 2.70649e+06 2.7097e+06 2.71281e+06 2.71583e+06 2.71875e+06 2.72159e+06 2.72434e+06 2.72701e+06 2.72959e+06 2.7321e+06 2.73453e+06 2.73689e+06 2.73917e+06 2.74139e+06 2.74353e+06 2.74562e+06 2.74763e+06 2.74959e+06 2.75149e+06 2.75333e+06 2.75511e+06 2.75684e+06 2.75852e+06 2.76015e+06 2.76172e+06 2.76325e+06 2.76473e+06 2.76617e+06 2.76756e+06 2.76891e+06 2.77022e+06 2.77149e+06 2.77272e+06 2.77392e+06 2.77507e+06 2.7762e+06 2.77728e+06 2.77834e+06 2.77936e+06 2.78035e+06 2.78131e+06 2.78225e+06 2.78315e+06 2.78403e+06 2.78488e+06 2.7857e+06 2.7865e+06 2.78727e+06 2.78802e+06 2.78875e+06 2.78946e+06 2.79014e+06 2.7908e+06 2.79145e+06 0 0 0 0 0 0 0 0 0 0 0 0 0 0 0 0 0 0 0 0 0 0 0 0 0
