SBPRF35
0.215876
Curr Bio
137274
B35
209821
F35
0.707081
FOFL
0.707081
OFL
77392.2
Bzero
61678.8
#pred survey bio
 10669.3 13164.1 14197.2 15929.2 17585.7 20693.1 22680.5 27013.4 36587.7 47997.9 59861.3 72797.2 96304.6 123253 121893 93987.4 89523.5 86242.9 84735 90138.1 83439.7 87890.3 102723 102978 106201 106786 105158 90214.5 82215 4.14e+06 4.01938e+06 2.55134e+06 1.51043e+06 966432 702588 574206 508816 473323 452867 440536 432890 428074 425013 423049 421787 420997 420502 420190 419993 419870 419792 419742 419711 419692 419679 419671 419666 419663 419661 419660 419659 419659 419658 419658 419658 419658 419658 419658 419658 419658 419658 419658 419658 419658 419658 419658 419658 419658 419658 419658 419658 419658 419658 419658 419658 419658 419658 419658 419658 419658 419658 419658 419658 419658 419658 419658 419658 419658 419658 419658 419658 419658 419658 419658 419658 419658 419658 419658 419658 419658 419658 419658 419658 419658 419658 419658 419658 419658 419658 419658 419658 419658 419658 419658 419658 419658 419658 419658 419658 0 0 0 0 0 0 0 0 0 0 0 0 0 0 0 0 0 0 0 0 0 0 0 0 0
#obs survey bio
 9004.95 11359 14305.8 11843.1 17215.4 19374.7 25616.6 27273.3 47513.9 44776.2 49131.2 71157.6 122333 148352 81855.8 83503.9 116635 67602.7 92245.2 109623 70275.1 95546 104063 122006 152402 97276.1 104556 74228.3 85235.6
#pred catch bio
 4177.25 6988.58 7871.23 9901.2 11022.1 13730.1 15465.2 19026.4 27251.7 35745 46574.6 58805.1 76215.1 99402.9 107990 81616.9 81723.1 79697.8 76922.5 88909.4 80092.1 80755.1 102349 103244 107249 107883 110941 98456.7 22238.1 77392.2 82044.4 44036.4 23029.3 13453.3 9555.26 8080.52 7549.84 7365.55 7303.19 7282.49 7275.72 7273.53 7272.83 7272.6 7272.53 7272.51 7272.5 7272.5 7272.5 7272.5 7272.5 7272.5 7272.5 7272.5 7272.5 7272.5 7272.5 7272.5 7272.5 7272.5 7272.5 7272.5 7272.5 7272.5 7272.5 7272.5 7272.5 7272.5 7272.5 7272.5 7272.5 7272.5 7272.5 7272.5 7272.5 7272.5 7272.5 7272.5 7272.5 7272.5 7272.5 7272.5 7272.5 7272.5 7272.5 7272.5 7272.5 7272.5 7272.5 7272.5 7272.5 7272.5 7272.5 7272.5 7272.5 7272.5 7272.5 7272.5 7272.5 7272.5 7272.5 7272.5 7272.5 7272.5 7272.5 7272.5 7272.5 7272.5 7272.5 7272.5 7272.5 7272.5 7272.5 7272.5 7272.5 7272.5 7272.5 7272.5 7272.5 7272.5 7272.5 7272.5 7272.5 7272.5 7272.5 7272.5 7272.5 7272.5 7272.5 0 0 0 0 0 0 0 0 0 0 0 0 0 0 0 0 0 0 0 0 0 0 0 0 0
#obs catch bio
 7462.72 7195.11 7998.35 10281.7 11188.3 13927.4 15689.5 19071.8 26981.6 35487.5 46834.3 58016.9 74095.1 97521.5 111183 82571 80743.2 80139.9 76530.3 88562.5 78336.2 78959.1 99483.9 100169 101299 104577 110222 99140.3 21768.1
#pred cpue bio
 10517.1 12828.4 13781.1 15464 16731.1 19985.6 21772.8 25106.4 33707.5 44734 56275.7 66900.4 87107.7 116633 118867 89558.9 83488.6 80573.5 78304.3 83235 76614.9 79671.3 93739.6 93100 96199.6 96879.3 95889.1 82692.4 71147.1 4.12365e+06 4.33373e+06 2.57303e+06 1.51071e+06 965453 701539 573153 507762 472270 451814 439483 431837 427021 423960 421995 420734 419944 419448 419136 418940 418816 418738 418689 418658 418638 418626 418618 418613 418610 418608 418607 418606 418605 418605 418605 418605 418605 418605 418604 418604 418604 418604 418604 418604 418604 418604 418604 418604 418604 418604 418604 418604 418604 418604 418604 418604 418604 418604 418604 418604 418604 418604 418604 418604 418604 418604 418604 418604 418604 418604 418604 418604 418604 418604 418604 418604 418604 418604 418604 418604 418604 418604 418604 418604 418604 418604 418604 418604 418604 418604 418604 418604 418604 418604 418604 418604 418604 418604 418604 418604 0 0 0 0 0 0 0 0 0 0 0 0 0 0 0 0 0 0 0 0 0 0 0 0 0
#obs cpue bio
 6749.02 8540.02 10239.8 11853.2 15604.7 17179.1 16859.5 25442 33109.4 48005.7 57226.4 114504 95319.4 117550 95242.7 96599 80691.4 84013.9 79093.2 82315.4 126549 102260 158186 127110 185303 136508 104800 105715 85707.9
#pred surv len freq
 2.56231e-27 2.58584e-27 3.07182e-26 5.94025e-20 1.45618e-14 4.31492e-10 1.54553e-06 0.000669157 0.0350213 0.221555 0.169847 0.0422915 0.202572 0.186919 0.0391877 0.0426239 0.0176016 0.0126326 0.00756266 0.00562641 0.00433729 0.00369576 0.00365886 0.00321746 0.000979244
 2.56247e-27 2.58667e-27 3.17607e-26 6.16028e-20 1.51012e-14 4.47475e-10 1.60278e-06 0.000693943 0.0363185 0.229761 0.176067 0.0393551 0.175859 0.163134 0.0508023 0.0750238 0.0262241 0.0121217 0.00547264 0.00310412 0.00195022 0.00141915 0.00124106 0.00108863 0.000362698
 2.56319e-27 2.58841e-27 3.30688e-26 6.43615e-20 1.57774e-14 4.67514e-10 1.67456e-06 0.000725018 0.0379448 0.24005 0.183954 0.0412657 0.184856 0.170833 0.0411964 0.0513681 0.0219876 0.0160191 0.00564069 0.00204322 0.000881388 0.000489913 0.000353262 0.000290063 9.99296e-05
 2.56335e-27 2.58874e-27 3.32606e-26 6.47656e-20 1.58765e-14 4.70449e-10 1.68507e-06 0.000729571 0.0381831 0.241557 0.185115 0.041912 0.188959 0.174579 0.0411754 0.0501894 0.0187408 0.0105838 0.0050117 0.00224805 0.000605356 0.000204912 0.000104963 7.3791e-05 2.51159e-05
 2.5648e-27 2.59253e-27 3.64845e-26 7.15663e-20 1.75436e-14 5.19849e-10 1.86201e-06 0.00080618 0.0421925 0.266922 0.204484 0.0420074 0.176077 0.162509 0.0357784 0.0408647 0.0150764 0.00813195 0.00315144 0.00134226 0.000488553 0.000114551 3.12415e-05 1.57795e-05 5.01895e-06
 2.56409e-27 2.5905e-27 3.45819e-26 6.75522e-20 1.65596e-14 4.9069e-10 1.75757e-06 0.000760961 0.039826 0.25195 0.193074 0.0433945 0.194649 0.179497 0.0360809 0.0372317 0.0132649 0.00650227 0.0024468 0.000927299 0.000291225 8.13746e-05 1.47401e-05 3.77606e-06 1.00218e-06
 2.56442e-27 2.59141e-27 3.53988e-26 6.92755e-20 1.69821e-14 5.03209e-10 1.80241e-06 0.000780375 0.040842 0.258378 0.197976 0.0430149 0.188317 0.173715 0.0361917 0.0389087 0.0132906 0.00564467 0.00198857 0.00069406 0.000197343 4.8308e-05 8.96498e-06 1.21925e-06 2.03251e-07
 2.56627e-27 2.59638e-27 3.97224e-26 7.83963e-20 1.92179e-14 5.69461e-10 2.03971e-06 0.000883118 0.0462192 0.292395 0.22394 0.0422976 0.164616 0.15172 0.0300457 0.0304182 0.0105548 0.00472386 0.00155485 0.000475456 0.000122299 2.6662e-05 4.40024e-06 4.83336e-07 4.11602e-08
 2.56687e-27 2.59786e-27 4.09148e-26 8.09113e-20 1.98344e-14 5.8773e-10 2.10515e-06 0.000911449 0.047702 0.301776 0.231113 0.0429471 0.164519 0.15142 0.0261885 0.0216588 0.00732035 0.00302419 0.00101558 0.000314843 7.13644e-05 1.36462e-05 1.96024e-06 1.85147e-07 1.00705e-08
 2.56639e-27 2.5965e-27 3.96571e-26 7.82579e-20 1.9184e-14 5.68456e-10 2.03611e-06 0.000881559 0.0461376 0.29188 0.22357 0.043764 0.176036 0.161967 0.0266048 0.0199234 0.00633641 0.0020226 0.000636769 0.000187135 4.31634e-05 7.52024e-06 9.21566e-07 7.40025e-08 3.15186e-09
 2.56592e-27 2.59526e-27 3.85753e-26 7.59758e-20 1.86245e-14 5.51878e-10 1.97674e-06 0.000855851 0.0447922 0.283368 0.217072 0.0438884 0.181548 0.167107 0.0285038 0.0229539 0.00715505 0.00202231 0.000565195 0.000132872 2.82564e-05 4.8496e-06 5.45439e-07 3.68049e-08 1.29476e-09
 2.56703e-27 2.59826e-27 4.12238e-26 8.15631e-20 1.99942e-14 5.92464e-10 2.12211e-06 0.000918791 0.0480862 0.304207 0.232973 0.0431474 0.164737 0.151579 0.0254754 0.0199605 0.00631625 0.00194097 0.000526693 0.000107976 1.85593e-05 2.73653e-06 2.9401e-07 1.79483e-08 5.26102e-10
 2.56781e-27 2.60031e-27 4.29852e-26 8.52785e-20 2.0905e-14 6.19453e-10 2.21878e-06 0.000960645 0.0502767 0.318064 0.243553 0.0430943 0.156899 0.144238 0.0222201 0.0143762 0.00450486 0.00134161 0.000372933 8.09431e-05 1.26901e-05 1.51324e-06 1.34054e-07 7.57208e-09 1.97199e-10
 2.56574e-27 2.59466e-27 3.79527e-26 7.4662e-20 1.83025e-14 5.42335e-10 1.94255e-06 0.000841052 0.0440176 0.278468 0.213346 0.0448758 0.191679 0.176276 0.0268632 0.0168903 0.0051074 0.00122429 0.000326613 6.96407e-05 1.14119e-05 1.30947e-06 9.3922e-08 4.31355e-09 1.0119e-10
 2.56396e-27 2.58988e-27 3.37855e-26 6.58712e-20 1.61475e-14 4.7848e-10 1.71383e-06 0.000742025 0.0388349 0.245681 0.188322 0.0455763 0.214592 0.197552 0.0330294 0.0255972 0.00773902 0.00179418 0.000446166 7.88143e-05 1.23376e-05 1.43951e-06 1.00668e-07 3.78125e-09 7.20331e-11
 2.56528e-27 2.59348e-27 3.69638e-26 7.2576e-20 1.77911e-14 5.27183e-10 1.88828e-06 0.000817553 0.0427878 0.270688 0.207403 0.0447183 0.194656 0.179122 0.0291446 0.0213924 0.00670557 0.00196505 0.0005011 8.43727e-05 1.14256e-05 1.17906e-06 8.19317e-08 2.96876e-09 4.67923e-11
 2.56642e-27 2.59654e-27 3.96455e-26 7.82332e-20 1.91779e-14 5.68276e-10 2.03547e-06 0.00088128 0.046123 0.291787 0.223505 0.0441022 0.178655 0.164315 0.0257859 0.0174525 0.00540185 0.00149043 0.000403928 8.27924e-05 1.12536e-05 1.03512e-06 6.1967e-08 2.16546e-09 3.24196e-11
 2.56644e-27 2.59652e-27 3.95566e-26 7.80455e-20 1.91319e-14 5.66913e-10 2.03059e-06 0.000879166 0.0460124 0.291087 0.22298 0.0447134 0.183675 0.168813 0.0241547 0.0125926 0.00381851 0.000960809 0.000252014 5.01412e-05 7.80845e-06 7.94326e-07 4.35044e-08 1.31169e-09 1.84751e-11
 2.56695e-27 2.59791e-27 4.07879e-26 8.0643e-20 1.97687e-14 5.85781e-10 2.09817e-06 0.000908427 0.0475438 0.300775 0.230371 0.0443246 0.175523 0.161301 0.0230212 0.0118902 0.00347868 0.000664253 0.000161558 2.95162e-05 4.41388e-06 4.80552e-07 2.98017e-08 8.51618e-10 1.04593e-11
 2.56698e-27 2.598e-27 4.08701e-26 8.08165e-20 1.98112e-14 5.87041e-10 2.10268e-06 0.000910381 0.0476461 0.301422 0.230865 0.0442993 0.174984 0.160804 0.0229436 0.0118381 0.00346001 0.000652987 0.000148039 2.1084e-05 2.82785e-06 2.8811e-07 1.85519e-08 5.9031e-10 7.05959e-12
 2.5673e-27 2.59881e-27 4.15493e-26 8.2249e-20 2.01624e-14 5.97447e-10 2.13995e-06 0.000926518 0.0484906 0.306765 0.234947 0.0444606 0.173343 0.159202 0.0210621 0.00795147 0.00230114 0.00043379 9.81037e-05 1.35678e-05 1.54326e-06 1.28178e-07 7.55877e-09 2.45448e-10 3.19661e-12
 2.56783e-27 2.60027e-27 4.2857e-26 8.50079e-20 2.08387e-14 6.17487e-10 2.21173e-06 0.000957596 0.0501171 0.317055 0.242795 0.0438869 0.163464 0.150132 0.0202951 0.00848122 0.00239621 0.000336446 7.06272e-05 9.7385e-06 1.0913e-06 8.09005e-08 3.81776e-09 1.1009e-10 1.44308e-12
 2.56753e-27 2.59947e-27 4.21615e-26 8.35407e-20 2.0479e-14 6.06829e-10 2.17356e-06 0.000941068 0.0492521 0.311583 0.238619 0.0440392 0.167556 0.153922 0.0212098 0.00961367 0.00274426 0.00042179 8.6066e-05 9.11293e-06 9.46982e-07 6.92438e-08 2.98143e-09 6.96892e-11 7.94915e-13
 2.56796e-27 2.60062e-27 4.31497e-26 8.56253e-20 2.099e-14 6.21972e-10 2.2278e-06 0.000964552 0.0504812 0.319358 0.244555 0.0439635 0.16281 0.149487 0.0194263 0.00666547 0.0018973 0.000314827 6.65133e-05 7.54304e-06 6.98078e-07 4.1544e-08 1.71076e-09 3.6791e-11 3.46553e-13
 2.56789e-27 2.60042e-27 4.29641e-26 8.52336e-20 2.0894e-14 6.19127e-10 2.21761e-06 0.000960139 0.0502502 0.317897 0.243441 0.0440888 0.164546 0.151074 0.0194347 0.00628289 0.00174687 0.000225408 4.49112e-05 5.46833e-06 5.34853e-07 3.13548e-08 1.06144e-09 2.05555e-11 1.77911e-13
 2.56783e-27 2.60025e-27 4.28125e-26 8.49139e-20 2.08156e-14 6.16804e-10 2.20929e-06 0.000956537 0.0500617 0.316704 0.242532 0.0441629 0.165749 0.152178 0.0195112 0.00617917 0.00171041 0.00020955 3.9331e-05 3.82644e-06 3.61273e-07 2.27244e-08 7.80792e-10 1.30583e-11 9.82161e-14
 2.56762e-27 2.59967e-27 4.22958e-26 8.38239e-20 2.05484e-14 6.08886e-10 2.18093e-06 0.000944259 0.0494191 0.312639 0.239431 0.044352 0.169367 0.155508 0.0199598 0.00636356 0.0017599 0.000211889 3.92307e-05 3.60438e-06 2.9881e-07 1.59381e-08 5.64642e-10 9.72508e-12 6.58533e-14
 2.56742e-27 2.59912e-27 4.17819e-26 8.27397e-20 2.02826e-14 6.01011e-10 2.15272e-06 0.000932046 0.0487799 0.308595 0.236348 0.044688 0.17409 0.159822 0.0199217 0.00519174 0.00142235 0.000172183 3.18682e-05 2.87702e-06 2.31249e-07 1.11239e-08 3.32186e-10 5.50522e-12 3.83126e-14
 2.56963e-27 2.60515e-27 4.71646e-26 9.40951e-20 2.30663e-14 6.83495e-10 2.44817e-06 0.00105996 0.0554746 0.350947 0.268656 0.0427197 0.136411 0.125135 0.0152717 0.00332102 0.000891035 9.17101e-05 1.58876e-05 1.43857e-06 1.15003e-07 5.38207e-09 1.48327e-10 2.1009e-12 1.34609e-14
#obs surv len freq
 1.24839e-41 1.73268e-33 2.90693e-26 5.89519e-20 1.44514e-14 4.2822e-10 1.53381e-06 0.000664089 0.0347558 0.219876 0.168629 0.0417804 0.170565 0.142763 0.0891364 0.0842835 0.0330159 0.0118592 0.00239126 0.000267749 1.22601e-05 1.67653e-07 5.15937e-10 2.91589e-13 2.65297e-17
 1.5608e-41 2.16629e-33 3.63441e-26 7.37051e-20 1.80679e-14 5.35386e-10 1.91767e-06 0.000830283 0.0434537 0.274901 0.210679 0.0426578 0.141979 0.113147 0.0741172 0.0645985 0.0242351 0.0078644 0.00139793 0.000132366 4.9086e-06 5.19097e-08 1.19204e-10 4.90962e-14 3.205e-18
 1.29386e-41 1.7958e-33 3.01282e-26 6.10994e-20 1.49778e-14 4.4382e-10 1.58969e-06 0.000688281 0.0360219 0.227886 0.17502 0.051769 0.204012 0.149947 0.0730721 0.0551793 0.0197062 0.00573586 0.000888826 6.97212e-05 2.04918e-06 1.65488e-08 2.81916e-11 8.44358e-15 3.95781e-19
 1.5634e-41 2.1699e-33 3.64046e-26 7.38277e-20 1.8098e-14 5.36277e-10 1.92086e-06 0.000831665 0.043526 0.275359 0.211203 0.0474627 0.149799 0.109502 0.0841171 0.0589418 0.0152046 0.0035476 0.000472134 3.02747e-05 6.92248e-07 4.1967e-09 5.24959e-12 1.13796e-15 3.82305e-20
 1.54254e-41 2.14094e-33 3.59187e-26 7.28423e-20 1.78564e-14 5.29119e-10 1.89522e-06 0.000820564 0.0429451 0.271685 0.208639 0.0554206 0.180273 0.118797 0.0634422 0.0411643 0.0137526 0.00278737 0.000258511 1.27675e-05 2.23968e-07 1.00545e-09 9.11895e-13 1.41808e-16 3.39754e-21
 1.34877e-41 1.872e-33 3.14067e-26 6.36921e-20 1.56134e-14 4.62652e-10 1.65715e-06 0.000717487 0.0375504 0.237558 0.182828 0.0613467 0.206 0.131372 0.0832191 0.0463525 0.0108066 0.00205503 0.000186428 6.5127e-06 7.97272e-08 2.59095e-10 1.68664e-13 1.86427e-17 3.1604e-22
 1.56846e-41 2.17692e-33 3.65223e-26 7.40665e-20 1.81565e-14 5.38011e-10 1.92707e-06 0.000834354 0.0436668 0.276252 0.212341 0.058079 0.165353 0.104817 0.0829787 0.0436756 0.0103669 0.00152648 0.000104903 3.18054e-06 2.83125e-08 6.15963e-11 2.76684e-14 2.14576e-18 2.55524e-23
 1.72926e-41 2.4001e-33 4.02666e-26 8.16599e-20 2.0018e-14 5.93169e-10 2.12463e-06 0.000919893 0.0481435 0.304574 0.234174 0.0628481 0.163629 0.0929074 0.0566551 0.0277707 0.00730132 0.00101688 5.73676e-05 1.25628e-06 8.57319e-09 1.35882e-11 4.1063e-15 2.13097e-19 1.73481e-24
 1.65678e-41 2.29951e-33 3.8579e-26 7.82374e-20 1.9179e-14 5.68308e-10 2.03559e-06 0.000881339 0.0461258 0.291811 0.22483 0.07124 0.184715 0.0979848 0.0551491 0.0222945 0.00437938 0.000556961 2.99151e-05 5.2878e-07 2.57051e-09 2.90181e-12 6.28932e-16 2.2579e-20 1.23549e-25
 1.53119e-41 2.12519e-33 3.56545e-26 7.23067e-20 1.77251e-14 5.25228e-10 1.88128e-06 0.00081453 0.0426292 0.269694 0.208383 0.0785209 0.199831 0.1049 0.0669015 0.024003 0.00393397 0.00037139 1.54218e-05 2.34877e-07 9.10995e-10 7.36975e-13 1.10443e-16 2.76581e-21 1.05924e-26
 1.46513e-41 2.03351e-33 3.41163e-26 6.91872e-20 1.69604e-14 5.02569e-10 1.80012e-06 0.00077939 0.0407902 0.258062 0.199935 0.0841411 0.203735 0.107467 0.0754016 0.0252725 0.0040878 0.000317121 9.45428e-06 1.02357e-07 3.06211e-10 1.92241e-13 2.10933e-17 3.68792e-22 9.70923e-28
 1.88092e-41 2.61059e-33 4.37981e-26 8.88217e-20 2.17736e-14 6.45191e-10 2.31097e-06 0.00100057 0.0523659 0.331292 0.255467 0.0728977 0.140612 0.0738036 0.0529572 0.0167075 0.00269946 0.000190177 4.73541e-06 3.66089e-08 7.41596e-11 3.29959e-14 2.67522e-18 3.45071e-23 6.53251e-29
 1.56674e-41 2.17453e-33 3.64822e-26 7.39853e-20 1.81366e-14 5.37421e-10 1.92495e-06 0.000833439 0.0436189 0.275967 0.214929 0.102347 0.214087 0.0904576 0.0433031 0.0124012 0.00192592 0.000124736 2.7793e-06 1.74695e-08 2.56951e-11 7.70744e-15 4.20839e-19 3.77883e-24 5.1179e-30
 1.27308e-41 1.76696e-33 2.96443e-26 6.01181e-20 1.47373e-14 4.36692e-10 1.56416e-06 0.000677227 0.0354434 0.224256 0.176534 0.113724 0.233384 0.119296 0.0778734 0.0169779 0.00173679 9.4235e-05 1.84311e-06 9.80883e-09 1.15157e-11 2.56013e-15 9.72081e-20 5.87128e-25 5.34162e-31
 1.14808e-41 1.59347e-33 2.67337e-26 5.42154e-20 1.32903e-14 3.93815e-10 1.41058e-06 0.000610733 0.0319634 0.202249 0.160487 0.1173 0.227077 0.135274 0.0981499 0.023976 0.0028025 0.000108142 1.45536e-06 6.13797e-09 5.80743e-12 1.01041e-15 2.88764e-20 1.2609e-25 8.01446e-32
 1.55824e-41 2.16274e-33 3.62844e-26 7.35841e-20 1.80383e-14 5.34507e-10 1.91452e-06 0.00082892 0.0433824 0.274487 0.214967 0.100855 0.165587 0.104244 0.0739407 0.0191706 0.00243534 9.88868e-05 1.14187e-06 3.26336e-09 2.16463e-12 2.83179e-16 6.16447e-21 2.0255e-26 9.51093e-33
 1.41069e-41 1.95794e-33 3.28486e-26 6.66162e-20 1.63302e-14 4.83893e-10 1.73323e-06 0.000750427 0.0392744 0.248529 0.198166 0.136037 0.2152 0.096774 0.0510096 0.0126356 0.00155833 6.42286e-05 7.37049e-07 1.86612e-09 9.16672e-13 8.11263e-17 1.22069e-21 2.88928e-27 9.96932e-34
 1.46158e-41 2.02858e-33 3.40337e-26 6.90196e-20 1.69194e-14 5.01351e-10 1.79576e-06 0.000777502 0.0406914 0.257503 0.205354 0.130084 0.190187 0.107717 0.0570067 0.00974716 0.000896048 3.33191e-05 3.56492e-07 8.34597e-10 3.58734e-13 2.53167e-17 2.7579e-22 4.47274e-28 1.05155e-34
 1.44239e-41 2.00194e-33 3.35867e-26 6.81131e-20 1.66971e-14 4.94767e-10 1.77217e-06 0.00076729 0.040157 0.254151 0.204879 0.144446 0.195687 0.101258 0.0489282 0.00900195 0.000704536 1.77776e-05 1.46173e-07 2.90159e-10 1.07007e-13 6.37033e-18 5.6524e-23 7.11927e-29 1.23536e-35
 1.56086e-41 2.16637e-33 3.63453e-26 7.37075e-20 1.80685e-14 5.35403e-10 1.91773e-06 0.00083031 0.0434553 0.275036 0.221521 0.141376 0.174901 0.0945612 0.0413416 0.00650548 0.000459748 1.02538e-05 6.082e-08 8.40184e-11 2.34572e-14 1.10997e-18 7.90456e-24 7.94138e-30 1.084e-36
 1.50587e-41 2.09005e-33 3.5065e-26 7.11111e-20 1.7432e-14 5.16543e-10 1.85017e-06 0.000801061 0.0419246 0.265406 0.21737 0.160733 0.184901 0.0893053 0.0342608 0.00499259 0.00029851 5.48458e-06 2.68621e-08 2.80121e-11 5.41684e-15 1.78303e-19 9.23477e-25 6.98115e-31 7.28161e-38
 1.55169e-41 2.15364e-33 3.61319e-26 7.32747e-20 1.79624e-14 5.3226e-10 1.90647e-06 0.000825434 0.0432003 0.273515 0.224954 0.160287 0.172554 0.0897719 0.0309553 0.00374636 0.000187055 2.83882e-06 1.09507e-08 8.87387e-12 1.30229e-15 3.09343e-20 1.11103e-25 5.78581e-32 4.22819e-39
 1.55398e-41 2.15682e-33 3.61852e-26 7.33828e-20 1.79889e-14 5.33045e-10 1.90928e-06 0.000826652 0.0432642 0.273988 0.228291 0.170877 0.17038 0.0831446 0.0261082 0.00299254 0.000124717 1.48082e-06 4.44312e-09 2.74955e-12 3.02538e-16 5.3446e-21 1.41116e-26 5.29253e-33 2.72398e-40
 1.59501e-41 2.21377e-33 3.71406e-26 7.53204e-20 1.84639e-14 5.4712e-10 1.95969e-06 0.000848479 0.0444068 0.281287 0.236213 0.174139 0.161953 0.0776635 0.0213267 0.00208584 7.43054e-05 7.28218e-07 1.67142e-09 7.67897e-13 6.24496e-17 8.1058e-22 1.56218e-27 4.26045e-34 1.58975e-41
 1.59124e-41 2.20854e-33 3.70528e-26 7.51423e-20 1.84202e-14 5.45825e-10 1.95506e-06 0.000846473 0.0443021 0.280734 0.239538 0.184162 0.159601 0.0718371 0.0174443 0.00148953 4.32576e-05 3.37854e-07 6.10136e-10 2.12717e-13 1.26734e-17 1.18778e-22 1.64946e-28 3.24105e-35 8.70272e-43
 1.37273e-41 1.90525e-33 3.19646e-26 6.48235e-20 1.58907e-14 4.70871e-10 1.68658e-06 0.000730233 0.0382193 0.242482 0.218831 0.217202 0.183228 0.0807281 0.017281 0.00126591 3.03009e-05 1.87442e-07 2.58576e-10 6.79474e-14 3.02061e-18 2.07786e-23 2.08307e-29 2.92462e-36 5.59018e-44
 1.40219e-41 1.94614e-33 3.26506e-26 6.62147e-20 1.62318e-14 4.80976e-10 1.72278e-06 0.000745905 0.0390399 0.247771 0.223762 0.205162 0.176597 0.088371 0.0174146 0.0011136 2.17903e-05 1.06073e-07 1.11802e-10 2.19014e-14 7.14851e-19 3.58928e-24 2.61808e-30 2.66165e-37 3.65966e-45
 1.46727e-41 2.03647e-33 3.4166e-26 6.9288e-20 1.69852e-14 5.03301e-10 1.80274e-06 0.000780526 0.0408518 0.259222 0.232029 0.203138 0.169063 0.0780524 0.0157963 0.00104598 1.88684e-05 7.92609e-08 6.96683e-11 1.11872e-14 2.96386e-19 1.19953e-24 7.02097e-31 5.71834e-38 6.30013e-46
 1.46728e-41 2.03649e-33 3.41664e-26 6.92887e-20 1.69853e-14 5.03306e-10 1.80276e-06 0.000780533 0.0408522 0.259225 0.232031 0.203142 0.169149 0.078223 0.0155998 0.000979173 1.63985e-05 6.26154e-08 4.92103e-11 6.98875e-15 1.62496e-19 5.74253e-25 2.92432e-31 2.06679e-38 1.97223e-46
#pred catch len freq
 2.55961e-27 2.57849e-27 2.41905e-26 4.56317e-20 1.11861e-14 3.31463e-10 1.18724e-06 0.000514032 0.0269026 0.170194 0.130662 0.044393 0.246095 0.227016 0.0450777 0.04598 0.018881 0.0134295 0.00802862 0.00596951 0.00460125 0.00392059 0.00388144 0.00341319 0.00103881
 2.56038e-27 2.58099e-27 2.67328e-26 5.0996e-20 1.25011e-14 3.70429e-10 1.32681e-06 0.00057446 0.0300651 0.190201 0.145884 0.0408857 0.208713 0.193437 0.0559034 0.0790352 0.0275295 0.0125941 0.0056768 0.0032175 0.00202118 0.00147075 0.00128618 0.0011282 0.000375883
 2.56116e-27 2.58286e-27 2.81315e-26 5.39457e-20 1.32241e-14 3.91855e-10 1.40356e-06 0.000607688 0.0318042 0.201202 0.154317 0.0429282 0.21833 0.20167 0.0456875 0.0538598 0.0229223 0.0165567 0.00582417 0.0021077 0.000909031 0.000505261 0.000364328 0.000299149 0.00010306
 2.56164e-27 2.58406e-27 2.90848e-26 5.59563e-20 1.3717e-14 4.0646e-10 1.45587e-06 0.000630336 0.0329895 0.208701 0.160051 0.0434488 0.218264 0.201552 0.044713 0.0514674 0.0191323 0.0106994 0.0050592 0.0022678 0.000610585 0.000206671 0.000105863 7.44238e-05 2.53313e-05
 2.5631e-27 2.58789e-27 3.23418e-26 6.28267e-20 1.54012e-14 4.56365e-10 1.63462e-06 0.00070773 0.03704 0.234326 0.179619 0.043515 0.20502 0.189153 0.0393255 0.0422484 0.0155176 0.0082878 0.00320758 0.001365 0.000496752 0.000116469 3.17644e-05 1.60436e-05 5.10295e-06
 2.56255e-27 2.58628e-27 3.08076e-26 5.95898e-20 1.46077e-14 4.32853e-10 1.55041e-06 0.000671267 0.0351317 0.222253 0.170422 0.0448747 0.221829 0.204497 0.0390372 0.0376784 0.0133671 0.00648624 0.00243736 0.000922929 0.000289802 8.09735e-05 1.46673e-05 3.75742e-06 9.97236e-07
 2.563e-27 2.58751e-27 3.19039e-26 6.19027e-20 1.51747e-14 4.49654e-10 1.61058e-06 0.000697321 0.0364953 0.23088 0.177001 0.0444025 0.213613 0.19698 0.0388841 0.03919 0.0133369 0.00560541 0.00197178 0.000687581 0.000195465 4.78462e-05 8.87919e-06 1.20758e-06 2.01305e-07
 2.56503e-27 2.59296e-27 3.66608e-26 7.19374e-20 1.76346e-14 5.22544e-10 1.87167e-06 0.00081036 0.0424113 0.268306 0.205565 0.0435141 0.186783 0.172106 0.0323991 0.0306512 0.0105931 0.00469231 0.00154235 0.000471183 0.000121177 2.64159e-05 4.35958e-06 4.78869e-07 4.07797e-08
 2.56584e-27 2.59504e-27 3.83842e-26 7.55726e-20 1.85257e-14 5.4895e-10 1.96625e-06 0.00085131 0.0445545 0.281864 0.215926 0.0440033 0.183227 0.168614 0.0279869 0.0214293 0.00721297 0.00294869 0.000988758 0.000306242 6.94018e-05 1.32701e-05 1.9062e-06 1.80043e-07 9.79282e-09
 2.56532e-27 2.59356e-27 3.70106e-26 7.26747e-20 1.78153e-14 5.279e-10 1.89085e-06 0.000818666 0.042846 0.271056 0.207687 0.0448669 0.195588 0.179937 0.0284779 0.0196697 0.00623292 0.00196806 0.000618495 0.000181589 4.18759e-05 7.29552e-06 8.94018e-07 7.17902e-08 3.05763e-09
 2.56505e-27 2.59285e-27 3.64057e-26 7.13986e-20 1.75025e-14 5.18631e-10 1.85765e-06 0.000804291 0.0420937 0.266297 0.204052 0.0448509 0.19802 0.182235 0.0298625 0.0222424 0.0069109 0.00193208 0.000538971 0.000126574 2.69108e-05 4.61837e-06 5.19427e-07 3.50496e-08 1.23301e-09
 2.56638e-27 2.59646e-27 3.96006e-26 7.81387e-20 1.91547e-14 5.6759e-10 2.03301e-06 0.000880216 0.0460673 0.291435 0.223232 0.0439078 0.177367 0.163171 0.0263755 0.0190932 0.00602082 0.00183019 0.000495797 0.000101533 1.74476e-05 2.57242e-06 2.76375e-07 1.68717e-08 4.94545e-10
 2.56706e-27 2.59825e-27 4.11362e-26 8.13779e-20 1.99488e-14 5.91119e-10 2.11729e-06 0.000916705 0.047977 0.303516 0.232457 0.0438978 0.17081 0.157017 0.0234275 0.0139117 0.00434249 0.00127923 0.000354967 7.69635e-05 1.20634e-05 1.43839e-06 1.27421e-07 7.19744e-09 1.87442e-10
 2.565e-27 2.59262e-27 3.61136e-26 7.07822e-20 1.73514e-14 5.14153e-10 1.84161e-06 0.000797347 0.0417302 0.263997 0.20231 0.0457091 0.205774 0.189216 0.0279534 0.0161179 0.00485675 0.00115153 0.000306546 6.52928e-05 1.06969e-05 1.22733e-06 8.80292e-08 4.0429e-09 9.48412e-11
 2.56379e-27 2.58939e-27 3.33159e-26 6.48805e-20 1.59047e-14 4.71284e-10 1.68806e-06 0.000730865 0.0382508 0.241986 0.185507 0.0460283 0.220009 0.202478 0.0325724 0.0233135 0.00702786 0.00161161 0.000399913 7.05659e-05 1.10433e-05 1.2884e-06 9.00992e-08 3.38425e-09 6.44702e-11
 2.56499e-27 2.59264e-27 3.6188e-26 7.09394e-20 1.73899e-14 5.15295e-10 1.8457e-06 0.000799118 0.0418229 0.264584 0.20275 0.0452305 0.201823 0.18567 0.0291294 0.0197065 0.00615539 0.00178429 0.000454237 7.63987e-05 1.03429e-05 1.06723e-06 7.41597e-08 2.68713e-09 4.23535e-11
 2.56643e-27 2.59654e-27 3.9621e-26 7.81815e-20 1.91653e-14 5.67901e-10 2.03413e-06 0.000880698 0.0460926 0.291595 0.223361 0.0443212 0.180423 0.165897 0.0251764 0.015662 0.00483032 0.00131825 0.000356595 7.3014e-05 9.92219e-06 9.12574e-07 5.46297e-08 1.90905e-09 2.85808e-11
 2.56649e-27 2.59663e-27 3.96414e-26 7.82242e-20 1.91757e-14 5.68211e-10 2.03524e-06 0.00088118 0.0461178 0.291754 0.223491 0.0448363 0.184251 0.16931 0.0236141 0.0112334 0.00339224 0.000844257 0.000220997 4.39228e-05 6.83835e-06 6.95589e-07 3.8096e-08 1.14862e-09 1.61783e-11
 2.56688e-27 2.59771e-27 4.05928e-26 8.02314e-20 1.96677e-14 5.82791e-10 2.08746e-06 0.00090379 0.0473011 0.29924 0.229202 0.0445355 0.17795 0.163504 0.0227516 0.0107207 0.0031248 0.00059027 0.000143194 2.61324e-05 3.90681e-06 4.25313e-07 2.63755e-08 7.5371e-10 9.25681e-12
 2.56745e-27 2.59927e-27 4.19884e-26 8.31755e-20 2.03895e-14 6.04177e-10 2.16406e-06 0.000936955 0.0490368 0.310221 0.237579 0.0440402 0.168295 0.154613 0.0215086 0.0101245 0.00294814 0.000550418 0.000124472 1.77076e-05 2.3742e-06 2.4187e-07 1.55742e-08 4.95559e-10 5.92645e-12
 2.56755e-27 2.59949e-27 4.21432e-26 8.35019e-20 2.04695e-14 6.06548e-10 2.17255e-06 0.000940632 0.0492293 0.311438 0.238513 0.0443347 0.169879 0.155993 0.0202635 0.00693818 0.001998 0.000372605 8.40545e-05 1.16118e-05 1.32035e-06 1.09653e-07 6.46619e-09 2.09969e-10 2.73454e-12
 2.56781e-27 2.60022e-27 4.27994e-26 8.48862e-20 2.08088e-14 6.16603e-10 2.20857e-06 0.000956226 0.0500454 0.316601 0.242451 0.0440076 0.164624 0.151178 0.0200248 0.00760214 0.00213897 0.000297256 6.21903e-05 8.56545e-06 9.59533e-07 7.11256e-08 3.3564e-09 9.67858e-11 1.26868e-12
 2.56803e-27 2.60084e-27 4.33625e-26 8.60743e-20 2.11001e-14 6.25233e-10 2.23948e-06 0.000969609 0.0507459 0.321032 0.245829 0.0437144 0.160019 0.146957 0.0198066 0.00816786 0.00232242 0.000353238 7.18615e-05 7.60048e-06 7.89482e-07 5.77214e-08 2.48525e-09 5.80911e-11 6.6262e-13
 2.56846e-27 2.60199e-27 4.43607e-26 8.818e-20 2.16163e-14 6.40529e-10 2.29427e-06 0.000993329 0.0519873 0.328886 0.251824 0.0435878 0.154843 0.142138 0.018168 0.0056464 0.00159886 0.000262505 5.53039e-05 6.26489e-06 5.79572e-07 3.44876e-08 1.42014e-09 3.05408e-11 2.8768e-13
 2.56844e-27 2.60191e-27 4.42891e-26 8.8029e-20 2.15792e-14 6.39432e-10 2.29034e-06 0.000991628 0.0518982 0.328323 0.251395 0.0436619 0.155709 0.142925 0.0181025 0.00529719 0.00146511 0.000187157 3.71546e-05 4.51876e-06 4.4182e-07 2.58982e-08 8.76691e-10 1.69776e-11 1.46944e-13
 2.56838e-27 2.60176e-27 4.41486e-26 8.77326e-20 2.15066e-14 6.37278e-10 2.28262e-06 0.000988289 0.0517235 0.327217 0.250552 0.0437296 0.156816 0.143941 0.0181763 0.00520928 0.00143431 0.00017399 3.25339e-05 3.16164e-06 2.98373e-07 1.87659e-08 6.44765e-10 1.07833e-11 8.11045e-14
 2.56848e-27 2.60202e-27 4.4385e-26 8.82313e-20 2.16288e-14 6.40901e-10 2.2956e-06 0.000993908 0.0520175 0.329077 0.251971 0.0436362 0.155109 0.142371 0.0179956 0.0051924 0.00142848 0.000170299 3.14101e-05 2.88268e-06 2.38871e-07 1.27395e-08 4.51309e-10 7.77306e-12 5.26352e-14
 2.56853e-27 2.60216e-27 4.44919e-26 8.84568e-20 2.16841e-14 6.42539e-10 2.30147e-06 0.000996447 0.0521505 0.329918 0.252614 0.0437095 0.155215 0.142443 0.0175366 0.00412882 0.00112387 0.000134712 2.48385e-05 2.23994e-06 1.79959e-07 8.65563e-09 2.58469e-10 4.28349e-12 2.98102e-14
 2.5666e-27 2.59684e-27 3.97291e-26 7.84089e-20 1.9221e-14 5.69553e-10 2.04004e-06 0.00088326 0.0462267 0.292443 0.224029 0.045636 0.189958 0.174386 0.021066 0.00413498 0.00110101 0.000112269 1.93624e-05 1.75125e-06 1.39935e-07 6.54808e-09 1.80456e-10 2.55594e-12 1.63765e-14
#obs catch len freq
 6.01657e-42 8.35061e-34 1.40099e-26 2.84117e-20 6.96481e-15 2.0638e-10 7.39219e-07 0.000320056 0.0167505 0.10597 0.0816849 0.0423952 0.226778 0.191469 0.131489 0.127113 0.0520155 0.0194135 0.00409953 0.000478163 2.28543e-05 3.2544e-07 1.03979e-09 6.09124e-13 5.73278e-17
 6.84417e-42 9.49926e-34 1.5937e-26 3.23199e-20 7.92284e-15 2.34768e-10 8.40902e-07 0.000364081 0.0190546 0.120546 0.0929297 0.0462774 0.230564 0.185058 0.128836 0.113965 0.044339 0.014955 0.00281714 0.000281673 1.09483e-05 1.2061e-07 2.87004e-10 1.21955e-13 8.19058e-18
 1.03537e-41 1.43702e-33 2.4109e-26 4.88926e-20 1.19855e-14 3.55151e-10 1.27209e-06 0.000550772 0.0288252 0.182358 0.140196 0.0481696 0.201903 0.154096 0.110057 0.0890574 0.0330099 0.00998807 0.00164611 0.00013801 4.30451e-06 3.63919e-08 6.42874e-11 1.98451e-14 9.546e-19
 8.88778e-42 1.23357e-33 2.06956e-26 4.19703e-20 1.02885e-14 3.04868e-10 1.09199e-06 0.000472793 0.0247441 0.156541 0.120817 0.0600973 0.261889 0.18269 0.0951346 0.0668598 0.0234629 0.00632526 0.000901139 6.20314e-05 1.52065e-06 9.75181e-09 1.27203e-11 2.84721e-15 9.8174e-20
 1.22391e-41 1.69871e-33 2.84994e-26 5.77962e-20 1.41681e-14 4.19825e-10 1.50375e-06 0.00065107 0.0340744 0.215567 0.165789 0.0540826 0.193491 0.135589 0.109318 0.0696487 0.0174953 0.00380421 0.0004618 2.57446e-05 4.86984e-07 2.33066e-09 2.22344e-12 3.59268e-16 8.86458e-21
 1.28953e-41 1.78978e-33 3.00273e-26 6.08947e-20 1.49276e-14 4.42332e-10 1.58436e-06 0.000685974 0.0359012 0.227125 0.174931 0.0637065 0.22022 0.137578 0.0763795 0.0457848 0.0147561 0.00269396 0.000228034 9.76898e-06 1.40687e-07 4.95867e-10 3.41815e-13 3.95356e-17 6.94679e-22
 1.17297e-41 1.62801e-33 2.73132e-26 5.53906e-20 1.35783e-14 4.02351e-10 1.44116e-06 0.000623971 0.0326562 0.206597 0.159541 0.0696363 0.235691 0.143068 0.0927784 0.0468584 0.0105572 0.00183866 0.000147492 4.40945e-06 4.43384e-08 1.12738e-10 5.5614e-14 4.56368e-18 5.66714e-23
 1.45651e-41 2.02154e-33 3.39155e-26 6.87799e-20 1.68606e-14 4.9961e-10 1.78952e-06 0.000774801 0.04055 0.256536 0.197598 0.0646669 0.184482 0.112257 0.089434 0.0426827 0.00965886 0.00127742 7.85699e-05 2.0104e-06 1.44775e-08 2.46224e-11 8.37672e-15 4.8169e-19 4.19787e-24
 1.67494e-41 2.3247e-33 3.90017e-26 7.90946e-20 1.93891e-14 5.74535e-10 2.05789e-06 0.000890996 0.0466312 0.295008 0.227189 0.068882 0.175371 0.0947472 0.0579517 0.0260264 0.00646184 0.000799032 3.95334e-05 7.29782e-07 4.01223e-09 4.9282e-12 1.12576e-15 4.33258e-20 2.58022e-25
 1.64304e-41 2.28044e-33 3.82591e-26 7.75886e-20 1.90199e-14 5.63596e-10 2.01871e-06 0.000874031 0.0457433 0.289394 0.223347 0.0771272 0.190299 0.0959221 0.0535912 0.0196154 0.00365047 0.000415307 1.92629e-05 2.82252e-07 1.09896e-09 9.60074e-13 1.56814e-16 4.17012e-21 1.67022e-26
 1.55515e-41 2.15845e-33 3.62125e-26 7.34382e-20 1.80025e-14 5.33448e-10 1.91072e-06 0.000827277 0.0432964 0.273917 0.21201 0.0840168 0.199618 0.100277 0.0624904 0.0201819 0.00309441 0.000259171 9.35947e-06 1.17343e-07 3.60046e-10 2.24116e-13 2.52777e-17 4.68459e-22 1.31249e-27
 1.51726e-41 2.10586e-33 3.53301e-26 7.16487e-20 1.75638e-14 5.20449e-10 1.86416e-06 0.000807118 0.0422414 0.267246 0.207384 0.0891567 0.199302 0.101389 0.0684467 0.0207153 0.00309374 0.000209635 5.38132e-06 4.80385e-08 1.13533e-10 5.45062e-14 4.48304e-18 5.794e-23 1.11565e-28
 1.92655e-41 2.67392e-33 4.48606e-26 9.09764e-20 2.23018e-14 6.60843e-10 2.36703e-06 0.00102484 0.0536362 0.339331 0.261942 0.0761547 0.13587 0.0691919 0.047213 0.0135142 0.00199532 0.00012189 2.57063e-06 1.62103e-08 2.59171e-11 8.81903e-15 5.34737e-19 5.08677e-24 7.03784e-30
 1.62167e-41 2.25077e-33 3.77614e-26 7.65794e-20 1.87725e-14 5.56264e-10 1.99245e-06 0.000862661 0.0451483 0.285649 0.222927 0.107294 0.205716 0.0828749 0.0380942 0.00995226 0.00140007 7.832e-05 1.46181e-06 7.40699e-09 8.52483e-12 1.95118e-15 7.96716e-20 5.2707e-25 5.20792e-31
 1.33667e-41 1.85521e-33 3.1125e-26 6.31209e-20 1.54733e-14 4.58504e-10 1.64228e-06 0.000711053 0.0372137 0.235464 0.185911 0.12005 0.225608 0.112499 0.0680024 0.0132413 0.00123861 5.82502e-05 9.47575e-07 4.03287e-09 3.67512e-12 6.20097e-16 1.75735e-20 7.8207e-26 5.19107e-32
 1.21904e-41 1.69195e-33 2.83859e-26 5.75661e-20 1.41116e-14 4.18154e-10 1.49776e-06 0.000648478 0.0339388 0.214758 0.170994 0.124007 0.219931 0.129227 0.0855416 0.0189397 0.00194943 6.40715e-05 7.2253e-07 2.43366e-09 1.7774e-12 2.3354e-16 4.96515e-21 1.59542e-26 7.40126e-33
 1.63627e-41 2.27104e-33 3.81013e-26 7.72687e-20 1.89415e-14 5.61272e-10 2.01038e-06 0.000870427 0.0455547 0.28824 0.226185 0.104623 0.157231 0.0977625 0.0629333 0.0148907 0.0016507 5.64824e-05 5.32358e-07 1.20999e-09 6.20587e-13 6.1169e-17 9.8747e-22 2.38205e-27 8.15364e-34
 1.48867e-41 2.06618e-33 3.46644e-26 7.02987e-20 1.72329e-14 5.10642e-10 1.82904e-06 0.00079191 0.0414455 0.262281 0.209786 0.140645 0.202625 0.0886076 0.0430047 0.00973017 0.00104455 3.61545e-05 3.34757e-07 6.63915e-10 2.49943e-13 1.66523e-17 1.85683e-22 3.21962e-28 8.08011e-35
 1.54541e-41 2.14493e-33 3.59856e-26 7.29781e-20 1.78897e-14 5.30105e-10 1.89875e-06 0.000822093 0.0430252 0.272286 0.21775 0.13379 0.178767 0.0989523 0.0467723 0.00722821 0.000586256 1.82961e-05 1.57105e-07 2.85753e-10 9.33019e-14 4.92656e-18 3.97009e-23 4.71837e-29 8.06466e-36
 1.52876e-41 2.12182e-33 3.5598e-26 7.21919e-20 1.7697e-14 5.24395e-10 1.8783e-06 0.000813238 0.0425618 0.26939 0.217831 0.147745 0.182718 0.0919587 0.039932 0.00659629 0.000442042 9.36807e-06 6.21256e-08 9.54661e-11 2.65944e-14 1.17803e-18 7.70031e-24 7.09419e-30 8.95427e-37
 1.64887e-41 2.28852e-33 3.83947e-26 7.78637e-20 1.90874e-14 5.65594e-10 2.02586e-06 0.000877129 0.0459057 0.290567 0.23465 0.14328 0.162012 0.0847686 0.0329975 0.00465363 0.000281409 5.17625e-06 2.45019e-08 2.62492e-11 5.53081e-15 1.94026e-19 1.01391e-24 7.42573e-31 7.35519e-38
 1.59545e-41 2.21438e-33 3.71508e-26 7.5341e-20 1.8469e-14 5.47269e-10 1.96023e-06 0.000848711 0.0444185 0.281224 0.231018 0.162176 0.170397 0.0791594 0.0270685 0.00350726 0.000177856 2.68681e-06 1.04131e-08 8.34895e-12 1.21605e-15 2.96618e-20 1.12475e-25 6.1784e-32 4.66165e-39
 1.64286e-41 2.28018e-33 3.82548e-26 7.75799e-20 1.90178e-14 5.63532e-10 2.01848e-06 0.000873933 0.0457386 0.289621 0.238855 0.160802 0.158662 0.0787844 0.0239832 0.00256818 0.000108351 1.34111e-06 4.07229e-09 2.52633e-12 2.78029e-16 4.88377e-21 1.28406e-26 4.85674e-33 2.56261e-40
 1.64644e-41 2.28516e-33 3.83382e-26 7.77491e-20 1.90593e-14 5.64761e-10 2.02288e-06 0.000875839 0.0458386 0.290335 0.24255 0.170419 0.155775 0.0721136 0.0200115 0.00200821 6.99659e-05 6.74338e-07 1.58511e-09 7.47735e-13 6.15153e-17 8.01666e-22 1.54697e-27 4.21292e-34 1.56689e-41
 1.68767e-41 2.34238e-33 3.92983e-26 7.96961e-20 1.95366e-14 5.78904e-10 2.07354e-06 0.000897772 0.0469868 0.297682 0.250565 0.172594 0.147376 0.0664465 0.0160414 0.00136731 4.05068e-05 3.19229e-07 5.70757e-10 1.99273e-13 1.20847e-17 1.15468e-22 1.62379e-28 3.21128e-35 8.65006e-43
 1.68403e-41 2.33732e-33 3.92135e-26 7.95241e-20 1.94944e-14 5.77654e-10 2.06907e-06 0.000895834 0.0468858 0.297173 0.254111 0.18166 0.144625 0.0607404 0.0129307 0.000953639 2.28831e-05 1.43035e-07 2.00119e-10 5.27915e-14 2.34004e-18 1.61195e-23 1.63102e-29 2.32102e-36 4.49451e-44
 1.46825e-41 2.03784e-33 3.41889e-26 6.93345e-20 1.69965e-14 5.03638e-10 1.80395e-06 0.000781049 0.0408794 0.259455 0.234701 0.215112 0.167359 0.0681602 0.0127343 0.000799966 1.57181e-05 7.73113e-08 8.22733e-11 1.63047e-14 5.37806e-19 2.7147e-24 1.98143e-30 2.0137e-37 2.77401e-45
 1.50012e-41 2.08207e-33 3.49311e-26 7.08396e-20 1.73655e-14 5.14571e-10 1.84311e-06 0.000798004 0.0417664 0.264979 0.235164 0.197063 0.166888 0.0782255 0.0142758 0.000823468 1.41374e-05 5.89936e-08 5.22272e-11 8.47127e-15 2.26574e-19 9.25574e-25 5.46559e-31 4.48302e-38 4.96085e-46
 1.55114e-41 2.15289e-33 3.61191e-26 7.32489e-20 1.79561e-14 5.32072e-10 1.9058e-06 0.000825144 0.0431869 0.273959 0.241742 0.195417 0.158764 0.0712169 0.0140037 0.000868911 1.44446e-05 5.48375e-08 4.29194e-11 6.07776e-15 1.41023e-19 4.97621e-25 2.53123e-31 1.7874e-38 1.70445e-46
#spawning biomass
 14096.7 17525.7 19388 21944.7 25166.4 29283.5 32344.3 40384.4 55868.8 72617.3 89427.2 111909 151610 184091 173940 138457 135835 131353 130817 139288 130314 139138 161244 163802 168674 169349 165821 141635 137274 245416 200720 109664 59336.4 36395 27056.5 23523.4 22252 21810.5 21661.1 21611.5 21595.3 21590.1 21588.4 21587.8 21587.7 21587.6 21587.6 21587.6 21587.6 21587.6 21587.6 21587.6 21587.6 21587.6 21587.6 21587.6 21587.6 21587.6 21587.6 21587.6 21587.6 21587.6 21587.6 21587.6 21587.6 21587.6 21587.6 21587.6 21587.6 21587.6 21587.6 21587.6 21587.6 21587.6 21587.6 21587.6 21587.6 21587.6 21587.6 21587.6 21587.6 21587.6 21587.6 21587.6 21587.6 21587.6 21587.6 21587.6 21587.6 21587.6 21587.6 21587.6 21587.6 21587.6 21587.6 21587.6 21587.6 21587.6 21587.6 21587.6 21587.6 21587.6 21587.6 21587.6 21587.6 21587.6 21587.6 21587.6 21587.6 21587.6 21587.6 21587.6 21587.6 21587.6 21587.6 21587.6 21587.6 21587.6 21587.6 21587.6 21587.6 21587.6 21587.6 21587.6 21587.6 21587.6 21587.6 21587.6 21587.6 0 0 0 0 0 0 0 0 0 0 0 0 0 0 0 0 0 0 0 0 0 0 0 0 0
