SBPRF35
0.367435
Curr Bio
136373
B35
323006
F35
0.446328
FOFL
0.174258
OFL
10793.2
Bzero
104981
#pred survey bio
 18057.5 22722.6 27474.9 34104.8 40364.7 46866.1 49378.8 60045.9 69747.5 76240.4 95962.9 110150 106876 127357 132873 135596 151446 150503 164550 164011 159647 165834 168023 163926 173878 177262 175654 157880 5.51141e+06 4.39453e+06 3.91533e+06 2.97375e+06 2.20185e+06 1.68254e+06 1.36235e+06 1.17323e+06 1.06323e+06 998939 960611 937082 922149 912355 905688 900993 897773 895530 893952 892832 892035 891465 891056 890763 890552 890400 890291 890213 890156 890116 890086 890065 890050 890039 890031 890026 890021 890019 890016 890015 890014 890013 890012 890012 890012 890012 890011 890011 890011 890011 890011 890011 890011 890011 890011 890011 890011 890011 890011 890011 890011 890011 890011 890011 890011 890011 890011 890011 890011 890011 890011 890011 890011 890011 890011 890011 890011 890011 890011 890011 890011 890011 890011 890011 890011 890011 890011 890011 890011 890011 890011 890011 890011 890011 890011 890011 890011 890011 890011 890011 0 0 0 0 0 0 0 0 0 0 0 0 0 0 0 0 0 0 0 0 0 0 0 0 0
#obs survey bio
 14426.7 15147.8 23537.1 27517.9 33506.8 54669.3 39976 49897 64567.9 70216.9 71987.6 99082.1 77340.4 116041 142225 97492.7 72646.3 201163 126337 174366 110008 153419 131121 143654 161644 111302 109405 163694
#pred catch bio
 7615.25 10918.4 12896.1 17078.2 20544.2 26020.3 24716.3 32068.2 40329.3 38672.6 51617.6 68597.1 56242.2 72754.4 78785.9 76310.5 96092.4 88169.3 103310 104270 98851.4 104022 108567 101431 109698 115835 121647 104375 10793.2 52200.1 52221.6 38201.1 26499.2 18956.6 14577.2 12190.3 10944 10312.9 10000.3 9848.14 9774.94 9740.06 9723.53 9715.7 9712.1 9710.43 9709.67 9709.32 9709.15 9709.08 9709.04 9709.03 9709.02 9709.02 9709.01 9709.01 9709.01 9709.01 9709.01 9709.01 9709.01 9709.01 9709.01 9709.01 9709.01 9709.01 9709.01 9709.01 9709.01 9709.01 9709.01 9709.01 9709.01 9709.01 9709.01 9709.01 9709.01 9709.01 9709.01 9709.01 9709.01 9709.01 9709.01 9709.01 9709.01 9709.01 9709.01 9709.01 9709.01 9709.01 9709.01 9709.01 9709.01 9709.01 9709.01 9709.01 9709.01 9709.01 9709.01 9709.01 9709.01 9709.01 9709.01 9709.01 9709.01 9709.01 9709.01 9709.01 9709.01 9709.01 9709.01 9709.01 9709.01 9709.01 9709.01 9709.01 9709.01 9709.01 9709.01 9709.01 9709.01 9709.01 9709.01 9709.01 9709.01 9709.01 9709.01 9709.01 0 0 0 0 0 0 0 0 0 0 0 0 0 0 0 0 0 0 0 0 0 0 0 0 0
#obs catch bio
 10891.2 11532.8 12675.2 17059 20757.2 24860.2 22594.1 30361.6 39668.6 35684.2 50880.9 62747.8 50898.8 68567.5 70136.5 70996 92748.1 84541.5 95140.4 96802.3 89942.3 95893.9 99078.1 87647.1 96843 107048 126282 99218.5
#pred cpue bio
 11660.6 13182.1 15490 19299.1 22526.1 26195 27310.5 33050.6 37643.3 39947.9 51531.6 59677.9 55682 68816.3 72338 72099.3 80379.1 75962.1 85769.3 83724.9 81722.2 84081.6 85397.8 82263.3 87415.8 89292.9 86344.9 76397.5 2.6749e+06 3.45156e+06 3.65658e+06 2.80179e+06 2.03618e+06 1.51726e+06 1.1971e+06 1.00798e+06 897983 833690 795362 771833 756900 747106 740439 735744 732524 730281 728703 727583 726786 726216 725807 725514 725303 725151 725042 724964 724907 724867 724837 724816 724801 724790 724782 724777 724772 724770 724767 724766 724765 724764 724763 724763 724763 724762 724762 724762 724762 724762 724762 724762 724762 724762 724762 724762 724762 724762 724762 724762 724762 724762 724762 724762 724762 724762 724762 724762 724762 724762 724762 724762 724762 724762 724762 724762 724762 724762 724762 724762 724762 724762 724762 724762 724762 724762 724762 724762 724762 724762 724762 724762 724762 724762 724762 724762 724762 724762 724762 724762 0 0 0 0 0 0 0 0 0 0 0 0 0 0 0 0 0 0 0 0 0 0 0 0 0
#obs cpue bio
 13998.2 14757.4 23268.8 22549.5 26380.9 33608.9 46970.5 44735.3 44734.3 59842 63075.9 126094 93324.2 98968.4 119310 116985 176064 71870.1 162601 107999 164293 128081 162079 173912 149698 169062 113741 107597
#pred surv len freq
 1.54564e-11 1.67838e-09 1.07451e-07 4.05574e-06 9.02547e-05 0.00118417 0.00916081 0.0417996 0.112687 0.181053 0.180778 0.132398 0.0988417 0.0786645 0.0544518 0.0344526 0.0223722 0.0148327 0.0101465 0.00732575 0.00568246 0.00479621 0.00417298 0.0032238 0.00188217
 1.54282e-11 1.67531e-09 1.07255e-07 4.04834e-06 9.00901e-05 0.00118202 0.00914431 0.0417283 0.112551 0.181278 0.183097 0.139578 0.110768 0.0895882 0.0588665 0.0327225 0.0176298 0.00924639 0.00483389 0.00271973 0.00170772 0.00121465 0.000945873 0.000698648 0.000407002
 1.52536e-11 1.65636e-09 1.06042e-07 4.00255e-06 8.90711e-05 0.00116865 0.00904098 0.0412586 0.111308 0.179475 0.182208 0.14133 0.115067 0.0940798 0.0614493 0.0332621 0.016824 0.00773403 0.00318825 0.00128946 0.000564689 0.000291835 0.00018181 0.00011975 6.68855e-05
 1.51797e-11 1.64834e-09 1.05528e-07 3.98315e-06 8.86394e-05 0.00116299 0.00899716 0.0410587 0.11077 0.178618 0.181387 0.140838 0.114941 0.0944375 0.062439 0.0345561 0.0177823 0.00810557 0.00315692 0.00109799 0.000357053 0.000119075 4.77768e-05 2.38359e-05 1.1802e-05
 1.53456e-11 1.66635e-09 1.06681e-07 4.02668e-06 8.96079e-05 0.00117569 0.00909545 0.0415068 0.111974 0.180514 0.183101 0.141601 0.114777 0.0936112 0.0610645 0.0329937 0.0166213 0.00752953 0.00293227 0.00100132 0.000299954 7.95419e-05 2.02987e-05 5.95192e-06 2.11248e-06
 1.51707e-11 1.64736e-09 1.05465e-07 3.98079e-06 8.85869e-05 0.0011623 0.00899187 0.0410353 0.110717 0.178615 0.18177 0.142113 0.11698 0.0959235 0.0621855 0.0330192 0.0162462 0.0071743 0.00271601 0.000905952 0.000266432 6.73937e-05 1.45811e-05 2.83612e-06 5.73523e-07
 1.51809e-11 1.64847e-09 1.05536e-07 3.98347e-06 8.86465e-05 0.00116308 0.00899794 0.0410635 0.1108 0.178804 0.182217 0.143102 0.11843 0.0969333 0.0619222 0.0318047 0.0150038 0.00636645 0.00230239 0.000729909 0.000205198 5.00319e-05 1.03405e-05 1.77745e-06 2.58073e-07
 1.56052e-11 1.69454e-09 1.08486e-07 4.09481e-06 9.11242e-05 0.00119559 0.00924929 0.0422077 0.113847 0.183399 0.18539 0.141716 0.112908 0.0913722 0.0596593 0.0323097 0.0160933 0.00698933 0.00251731 0.000779974 0.00021114 4.91098e-05 9.67329e-06 1.57797e-06 2.07653e-07
 1.57111e-11 1.70604e-09 1.09222e-07 4.12259e-06 9.17424e-05 0.0012037 0.00931206 0.0424945 0.114626 0.184696 0.186895 0.143331 0.114512 0.0919422 0.0582172 0.0296419 0.0139284 0.00596714 0.00219613 0.000698149 0.000189939 4.33089e-05 8.20961e-06 1.27572e-06 1.58763e-07
 1.60324e-11 1.74093e-09 1.11456e-07 4.20691e-06 9.36187e-05 0.00122832 0.00950247 0.0433625 0.116956 0.188354 0.190148 0.144628 0.113943 0.0902624 0.0558301 0.0270103 0.0117952 0.00467591 0.00158011 0.000467359 0.000123638 2.82785e-05 5.366e-06 8.18782e-07 9.82145e-08
 1.57573e-11 1.71105e-09 1.09543e-07 4.13471e-06 9.20121e-05 0.00120724 0.00933942 0.0426192 0.11496 0.185215 0.18733 0.143435 0.11434 0.0917698 0.0582149 0.0296572 0.0137149 0.00556602 0.0018519 0.00052158 0.000128529 2.74617e-05 5.00607e-06 7.54354e-07 8.9871e-08
 1.55088e-11 1.68407e-09 1.07816e-07 4.0695e-06 9.0561e-05 0.0011882 0.00919221 0.0419488 0.113171 0.182482 0.185276 0.143706 0.116736 0.094421 0.0596521 0.0300219 0.0137723 0.00565596 0.00194279 0.000564857 0.000139547 2.87295e-05 4.91176e-06 6.93587e-07 7.90391e-08
 1.59456e-11 1.7315e-09 1.10852e-07 4.18413e-06 9.31118e-05 0.00122166 0.00945106 0.0431288 0.116338 0.187459 0.189712 0.145499 0.115979 0.0920431 0.056145 0.0261786 0.010849 0.00410412 0.0013197 0.000364609 8.84466e-05 1.83056e-05 3.12044e-06 4.26921e-07 4.60361e-08
 1.55284e-11 1.6862e-09 1.07952e-07 4.07465e-06 9.06754e-05 0.0011897 0.00920382 0.0420017 0.113312 0.182703 0.185463 0.143758 0.116687 0.0944045 0.0597434 0.0300995 0.0136585 0.00538907 0.00171162 0.000451669 0.000103534 2.04272e-05 3.39197e-06 4.60467e-07 4.91932e-08
 1.527e-11 1.65814e-09 1.06156e-07 4.00685e-06 8.91669e-05 0.00116991 0.00905077 0.0413048 0.111453 0.179876 0.183394 0.144223 0.119453 0.0973279 0.0611255 0.030192 0.0134947 0.00540095 0.00179695 0.000500113 0.000116919 2.24847e-05 3.54777e-06 4.58234e-07 4.73656e-08
 1.5758e-11 1.71113e-09 1.09548e-07 4.1349e-06 9.20163e-05 0.00120729 0.00933988 0.0426218 0.114975 0.185295 0.187682 0.144388 0.115792 0.0927526 0.0578618 0.0283674 0.0125257 0.00492457 0.00160175 0.000440096 0.00010453 2.08357e-05 3.36701e-06 4.30483e-07 4.28392e-08
 1.58064e-11 1.71639e-09 1.09885e-07 4.14759e-06 9.22988e-05 0.001211 0.00936854 0.0427523 0.115323 0.185829 0.188089 0.144353 0.115349 0.092239 0.057543 0.0282452 0.0124992 0.0049279 0.00160622 0.000440002 0.00010343 2.04491e-05 3.33136e-06 4.35851e-07 4.41935e-08
 1.64424e-11 1.78545e-09 1.14306e-07 4.31448e-06 9.60125e-05 0.00125972 0.00974538 0.0444698 0.119926 0.193006 0.194222 0.146067 0.11286 0.0877829 0.0526406 0.023755 0.00938078 0.00339317 0.00104254 0.000271702 6.1615e-05 1.19176e-05 1.91153e-06 2.47885e-07 2.52177e-08
 1.58217e-11 1.71805e-09 1.09991e-07 4.15161e-06 9.23881e-05 0.00121217 0.00937764 0.0427946 0.115448 0.186118 0.18879 0.14592 0.117636 0.0937682 0.0569682 0.0261629 0.0105079 0.00376654 0.00110171 0.000264614 5.51742e-05 9.99885e-06 1.53249e-06 1.9298e-07 1.92842e-08
 1.62239e-11 1.76172e-09 1.12787e-07 4.25715e-06 9.47367e-05 0.00124298 0.00961594 0.0438802 0.11835 0.190581 0.192306 0.146006 0.114534 0.0899099 0.0542277 0.0246708 0.00978922 0.00347969 0.00101129 0.000238906 4.77496e-05 8.04635e-06 1.12973e-06 1.31553e-07 1.24244e-08
 1.60079e-11 1.73826e-09 1.11285e-07 4.20046e-06 9.34752e-05 0.00122643 0.00948797 0.0432977 0.116799 0.188243 0.190701 0.14674 0.117388 0.0927731 0.0553763 0.024384 0.0092038 0.0031417 0.000888454 0.000204723 3.99668e-05 6.56746e-06 8.85549e-07 9.66409e-08 8.4157e-09
 1.63495e-11 1.77537e-09 1.13661e-07 4.29012e-06 9.54704e-05 0.00125261 0.00969038 0.0442192 0.119256 0.191973 0.193396 0.14601 0.113535 0.0887062 0.0534315 0.0242812 0.00958803 0.00335767 0.000944456 0.000211818 3.99653e-05 6.36977e-06 8.35873e-07 8.85878e-08 7.41095e-09
 1.61693e-11 1.75579e-09 1.12407e-07 4.24281e-06 9.44178e-05 0.0012388 0.00958359 0.0437332 0.117962 0.190024 0.192064 0.146643 0.115944 0.091092 0.0543312 0.0239686 0.00907902 0.00310925 0.000880555 0.000201987 3.86811e-05 6.11184e-06 7.801e-07 7.99378e-08 6.47534e-09
 1.63764e-11 1.77828e-09 1.13847e-07 4.29716e-06 9.5627e-05 0.00125466 0.00970629 0.0442922 0.119457 0.19233 0.193912 0.14679 0.114507 0.0892264 0.0529111 0.023085 0.00857401 0.0028627 0.000783117 0.000171798 3.17893e-05 4.98347e-06 6.40054e-07 6.54955e-08 5.21162e-09
 1.64225e-11 1.78328e-09 1.14168e-07 4.30925e-06 9.58962e-05 0.0012582 0.00973359 0.0444163 0.119786 0.192812 0.194175 0.146416 0.113568 0.0884016 0.0527699 0.0234626 0.00897045 0.00306094 0.000844678 0.00018497 3.3698e-05 5.12658e-06 6.37014e-07 6.38598e-08 5.05291e-09
 1.63127e-11 1.77137e-09 1.13405e-07 4.28046e-06 9.52554e-05 0.00124979 0.00966859 0.0441204 0.118998 0.191623 0.193349 0.146759 0.11497 0.0898137 0.0533401 0.0233354 0.0087121 0.00293126 0.000810807 0.000179924 3.32385e-05 5.0802e-06 6.25448e-07 6.12895e-08 4.71097e-09
 1.67169e-11 1.81525e-09 1.16214e-07 4.3865e-06 9.76152e-05 0.00128075 0.00990802 0.0452112 0.121914 0.196116 0.196926 0.146966 0.112038 0.0860656 0.0505486 0.0216764 0.00783335 0.00255155 0.000684319 0.000146538 2.62674e-05 3.96973e-06 4.90312e-07 4.82537e-08 3.69193e-09
 1.67606e-11 1.82e-09 1.16518e-07 4.39799e-06 9.78708e-05 0.0012841 0.00993398 0.04533 0.12224 0.196683 0.197696 0.148039 0.113321 0.0867138 0.0497852 0.0200058 0.00642733 0.00186719 0.000461822 9.14933e-05 1.50863e-05 2.12221e-06 2.48896e-07 2.37545e-08 1.79629e-09
#obs surv len freq
 1.35832e-11 1.47497e-09 9.44289e-08 3.56422e-06 7.93169e-05 0.00104067 0.00805113 0.0367456 0.099185 0.160311 0.16442 0.131849 0.11411 0.102137 0.0785424 0.0523751 0.0301023 0.0140002 0.0051531 0.00149608 0.000334867 5.58716e-05 6.71183e-06 5.61103e-07 3.16695e-08
 1.26714e-11 1.37597e-09 8.80907e-08 3.32499e-06 7.39933e-05 0.000970841 0.00751134 0.0342924 0.092697 0.150829 0.159056 0.137775 0.1289 0.114599 0.0813866 0.0486196 0.0258569 0.0116698 0.00424604 0.00120797 0.000259896 4.09492e-05 4.59157e-06 3.56259e-07 1.86208e-08
 1.3318e-11 1.44617e-09 9.25852e-08 3.49464e-06 7.77685e-05 0.00102037 0.00789447 0.036039 0.0973751 0.158046 0.164627 0.137061 0.122085 0.107566 0.0788243 0.0487082 0.025419 0.0106155 0.00350153 0.000918921 0.000186923 2.80838e-05 2.98407e-06 2.17014e-07 1.05337e-08
 1.2336e-11 1.33955e-09 8.57591e-08 3.23699e-06 7.20351e-05 0.000945162 0.00731313 0.0333966 0.0903765 0.147697 0.158026 0.140812 0.133631 0.117871 0.0828734 0.0484887 0.0243697 0.00997796 0.00319281 0.000785802 0.000145895 1.99303e-05 1.94621e-06 1.31442e-07 5.94676e-09
 1.35954e-11 1.4763e-09 9.45139e-08 3.56744e-06 7.93888e-05 0.00104164 0.00805929 0.0367961 0.0994643 0.161633 0.168654 0.139661 0.1216 0.104734 0.0758694 0.046209 0.0233416 0.00924641 0.00281689 0.000658815 0.000115678 1.47287e-05 1.31875e-06 8.09589e-08 3.33114e-09
 1.26983e-11 1.37889e-09 8.82777e-08 3.33205e-06 7.4151e-05 0.000972936 0.00752842 0.0343861 0.093113 0.152438 0.163517 0.144798 0.133723 0.114154 0.0779846 0.0442364 0.0214172 0.00840652 0.00255256 0.000583679 9.78367e-05 1.17069e-05 9.76028e-07 5.53542e-08 2.08743e-09
 1.33384e-11 1.44839e-09 9.27271e-08 3.5e-06 7.78884e-05 0.00102197 0.0079078 0.0361166 0.0977562 0.159642 0.169223 0.144552 0.12777 0.107744 0.0748325 0.0429855 0.0202625 0.00746263 0.00210642 0.000453693 7.26629e-05 8.3175e-06 6.57087e-07 3.48936e-08 1.22039e-09
 1.29208e-11 1.40305e-09 8.98245e-08 3.39044e-06 7.54508e-05 0.00099001 0.00766109 0.0350015 0.0948656 0.15573 0.167974 0.14881 0.134736 0.111854 0.0744382 0.0406309 0.018412 0.00659363 0.00179683 0.000365869 5.44699e-05 5.77588e-06 4.24785e-07 2.11001e-08 6.90569e-10
 1.36572e-11 1.48301e-09 9.49434e-08 3.58366e-06 7.97505e-05 0.00104643 0.00809761 0.0369931 0.100216 0.164076 0.174803 0.149268 0.12894 0.104731 0.0696793 0.0379021 0.0167011 0.0056829 0.00145706 0.000279109 3.90862e-05 3.87606e-06 2.64337e-07 1.21046e-08 3.64754e-10
 1.27758e-11 1.3873e-09 8.88162e-08 3.35239e-06 7.46046e-05 0.00097894 0.00757635 0.03463 0.0940093 0.155127 0.169585 0.152891 0.138016 0.11215 0.0728158 0.0384183 0.0165235 0.00552375 0.00138417 0.000254887 3.37191e-05 3.12441e-06 1.98054e-07 8.40255e-09 2.33802e-10
 1.28017e-11 1.39011e-09 8.89964e-08 3.3592e-06 7.47563e-05 0.000980942 0.00759217 0.0347068 0.0942485 0.155603 0.169961 0.152101 0.135897 0.110987 0.0738128 0.0398038 0.0170616 0.00555468 0.00134215 0.000237698 3.01451e-05 2.65776e-06 1.58668e-07 6.27933e-09 1.61868e-10
 1.38773e-11 1.50692e-09 9.64742e-08 3.64145e-06 8.10376e-05 0.00106336 0.00822996 0.0376179 0.102084 0.167939 0.180627 0.154655 0.129818 0.10077 0.064231 0.0333337 0.0138786 0.00442203 0.00104289 0.000178262 2.15633e-05 1.79957e-06 1.01259e-07 3.76373e-09 9.07467e-11
 1.17535e-11 1.2763e-09 8.17099e-08 3.08419e-06 6.86379e-05 0.000900743 0.00697394 0.0319226 0.087102 0.146167 0.167225 0.161761 0.150352 0.118877 0.0732196 0.0359225 0.0141045 0.00426327 0.000959703 0.000157181 1.82182e-05 1.45067e-06 7.73621e-08 2.70711e-09 6.11298e-11
 1.24459e-11 1.35148e-09 8.65231e-08 3.26586e-06 7.26809e-05 0.000953788 0.0073841 0.0337878 0.0920333 0.153301 0.17087 0.156534 0.139786 0.112593 0.0737871 0.0382658 0.0151405 0.00440156 0.000928866 0.000141581 1.5311e-05 1.14289e-06 5.73058e-08 1.88616e-09 3.99942e-11
 1.17028e-11 1.27079e-09 8.13572e-08 3.07089e-06 6.83433e-05 0.000896936 0.00694588 0.0318137 0.0869492 0.146432 0.168111 0.161451 0.147612 0.116887 0.0742098 0.0378278 0.0151326 0.00452342 0.000972951 0.000146788 1.52133e-05 1.0646e-06 4.95459e-08 1.51047e-09 2.9703e-11
 1.32365e-11 1.43733e-09 9.20197e-08 3.47335e-06 7.72997e-05 0.00101444 0.00785471 0.0359528 0.0979904 0.163221 0.180638 0.160402 0.135516 0.103456 0.0647707 0.0322822 0.0124121 0.00355001 0.000737853 0.000108961 1.11018e-05 7.58066e-07 3.39096e-08 9.77526e-10 1.79422e-11
 1.19407e-11 1.29662e-09 8.30116e-08 3.13337e-06 6.97361e-05 0.000915313 0.00709059 0.0325097 0.0891092 0.151138 0.175526 0.168734 0.149694 0.112277 0.0664341 0.0311627 0.0114441 0.00316024 0.000633485 8.9694e-05 8.73864e-06 5.71428e-07 2.45309e-08 6.78364e-10 1.18961e-11
 1.19744e-11 1.30029e-09 8.32462e-08 3.14224e-06 6.99345e-05 0.000917953 0.00711179 0.0326149 0.089435 0.151692 0.175599 0.167237 0.147751 0.112511 0.0681554 0.0320156 0.0113278 0.00293219 0.000546668 7.2293e-05 6.6181e-06 4.07861e-07 1.65108e-08 4.30578e-10 7.12379e-12
 1.24991e-11 1.35726e-09 8.68937e-08 3.27993e-06 7.30002e-05 0.00095823 0.00742456 0.0340561 0.0934065 0.158285 0.181937 0.169385 0.144386 0.106118 0.0623643 0.02862 0.00994789 0.00252046 0.000452905 5.65717e-05 4.81792e-06 2.74469e-07 1.02719e-08 2.48316e-10 3.8187e-12
 1.2001e-11 1.30317e-09 8.34314e-08 3.14929e-06 7.00958e-05 0.000920243 0.00713349 0.0327667 0.0902421 0.154658 0.182213 0.175016 0.1505 0.108088 0.0607834 0.0264198 0.00869012 0.00209203 0.000358553 4.27223e-05 3.4536e-06 1.85127e-07 6.45745e-09 1.44403e-10 2.0453e-12
 1.21412e-11 1.3184e-09 8.44066e-08 3.18613e-06 7.09175e-05 0.00093109 0.00721874 0.0331699 0.0914048 0.156666 0.183924 0.174735 0.148636 0.106709 0.0601895 0.0258815 0.00823633 0.00188395 0.000303764 3.39388e-05 2.57312e-06 1.29442e-07 4.23406e-09 8.85629e-11 1.16878e-12
 1.19573e-11 1.29843e-09 8.31285e-08 3.13794e-06 6.98485e-05 0.000917191 0.00711396 0.032726 0.0904522 0.156116 0.185515 0.177954 0.150497 0.106009 0.0584203 0.0245584 0.00764659 0.00170469 0.000265111 2.81787e-05 2.00801e-06 9.42124e-08 2.86386e-09 5.56093e-11 6.81262e-13
 1.23342e-11 1.33936e-09 8.57494e-08 3.23692e-06 7.2054e-05 0.000946225 0.00734045 0.0337792 0.0933967 0.161058 0.190117 0.179028 0.147583 0.10153 0.0545963 0.022235 0.0066579 0.00142194 0.000211502 2.14546e-05 1.45287e-06 6.43768e-08 1.83535e-09 3.32154e-11 3.77466e-13
 1.18017e-11 1.28154e-09 8.20488e-08 3.09732e-06 6.89527e-05 0.000905727 0.00703111 0.0324159 0.0900609 0.15709 0.189455 0.182753 0.152006 0.103707 0.0548037 0.0218196 0.00635857 0.00131463 0.000188027 1.8213e-05 1.17096e-06 4.90501e-08 1.31741e-09 2.23866e-11 2.38052e-13
 1.1755e-11 1.27648e-09 8.17253e-08 3.0852e-06 6.8688e-05 0.000902422 0.00700883 0.0323502 0.0901047 0.157897 0.19148 0.184797 0.15241 0.102482 0.0530205 0.0204582 0.00572179 0.0011281 0.000153295 1.40709e-05 8.55039e-07 3.3755e-08 8.51919e-10 1.35669e-11 1.34893e-13
 1.10771e-11 1.20287e-09 7.70143e-08 2.90751e-06 6.47412e-05 0.000850893 0.0066152 0.0306115 0.0857996 0.152482 0.189589 0.188163 0.157593 0.106121 0.0545065 0.0207126 0.00565536 0.00107869 0.000140515 1.22609e-05 7.03649e-07 2.61169e-08 6.17852e-10 9.20297e-12 8.54344e-14
 1.19294e-11 1.29542e-09 8.29402e-08 3.13125e-06 6.97231e-05 0.000916324 0.007122 0.0329208 0.0919141 0.161404 0.19502 0.185276 0.149756 0.0994043 0.050824 0.0191481 0.00513618 0.000953844 0.000119984 1.003e-05 5.47371e-07 1.91939e-08 4.26691e-10 5.94753e-12 5.15088e-14
 1.10353e-11 1.19835e-09 7.67286e-08 2.89706e-06 6.45274e-05 0.000848682 0.00660909 0.0307 0.0867355 0.156276 0.197087 0.194743 0.157237 0.0997571 0.0478187 0.0169372 0.00431635 0.000767099 9.24477e-05 7.38283e-06 3.83211e-07 1.2722e-08 2.66607e-10 3.4896e-12 2.82825e-14
#pred catch len freq
 9.49292e-12 1.03082e-09 6.59939e-08 2.49094e-06 5.54327e-05 0.000727318 0.00562745 0.025698 0.0695627 0.114056 0.124704 0.120122 0.12702 0.120072 0.0897875 0.0609339 0.0416359 0.0282437 0.0194951 0.0141222 0.0109654 0.00925754 0.008055 0.00622285 0.00363313
 1.01384e-11 1.10091e-09 7.04811e-08 2.66031e-06 5.92018e-05 0.000776776 0.00601026 0.0274494 0.0743497 0.122274 0.135381 0.134361 0.145029 0.134833 0.093769 0.0550221 0.0310687 0.0166897 0.00881531 0.00498164 0.0031326 0.00222894 0.00173584 0.00128216 0.000746931
 9.96464e-12 1.08204e-09 6.92733e-08 2.61472e-06 5.81873e-05 0.000763469 0.00590742 0.0269827 0.0731252 0.12058 0.134978 0.137462 0.151567 0.141524 0.0975727 0.055673 0.0295085 0.0138995 0.00579317 0.0023565 0.00103465 0.000535155 0.000333457 0.00021964 0.000122678
 1.00762e-11 1.09415e-09 7.00485e-08 2.64398e-06 5.88385e-05 0.000772011 0.00597347 0.0272832 0.0739239 0.121771 0.135733 0.136891 0.149858 0.140113 0.0976355 0.0567853 0.0304792 0.0141917 0.00558002 0.00195066 0.000635976 0.000212326 8.52237e-05 4.25218e-05 2.10543e-05
 1.03459e-11 1.12344e-09 7.19236e-08 2.71476e-06 6.04135e-05 0.000792675 0.00613331 0.0280121 0.0758827 0.124867 0.138583 0.138303 0.149855 0.138951 0.095345 0.0540222 0.0283844 0.0131413 0.00516665 0.0017729 0.000532361 0.000141318 3.60791e-05 1.05806e-05 3.75545e-06
 1.04928e-11 1.13939e-09 7.29448e-08 2.7533e-06 6.12712e-05 0.000803929 0.00622037 0.0284093 0.0769537 0.126588 0.140301 0.139534 0.150589 0.138928 0.0941857 0.0521101 0.0266163 0.0119883 0.00457772 0.00153368 0.000452025 0.000114444 2.47698e-05 4.81858e-06 9.7447e-07
 1.01506e-11 1.10224e-09 7.05663e-08 2.66353e-06 5.92734e-05 0.00077772 0.00601771 0.0274869 0.0744982 0.122896 0.137804 0.14083 0.155351 0.143759 0.0962747 0.0517743 0.0255355 0.0111038 0.004059 0.00129398 0.000364816 8.90599e-05 1.84155e-05 3.16608e-06 4.59724e-07
 1.08372e-11 1.1768e-09 7.53396e-08 2.84369e-06 6.32827e-05 0.000830318 0.00642443 0.0293384 0.0794307 0.130344 0.142998 0.13875 0.146666 0.134933 0.0925584 0.0523758 0.0270958 0.0119985 0.00435867 0.0013569 0.000368253 8.57511e-05 1.68984e-05 2.75709e-06 3.62844e-07
 1.13575e-11 1.23329e-09 7.89566e-08 2.98022e-06 6.63208e-05 0.000870179 0.00673276 0.0307446 0.083212 0.136342 0.148613 0.141792 0.147115 0.132885 0.0877374 0.0463028 0.0225243 0.00983765 0.00365052 0.00116513 0.00031761 7.24828e-05 1.37449e-05 2.13619e-06 2.65866e-07
 1.12592e-11 1.22262e-09 7.82733e-08 2.95443e-06 6.57469e-05 0.00086265 0.00667459 0.0304807 0.0825212 0.135399 0.148453 0.143707 0.150881 0.136038 0.088095 0.0443993 0.0202458 0.00823682 0.00281533 0.00083753 0.000222241 5.08978e-05 9.66302e-06 1.47474e-06 1.76911e-07
 1.11073e-11 1.20612e-09 7.7217e-08 2.91456e-06 6.48597e-05 0.000851009 0.00658451 0.0300693 0.0814067 0.133565 0.146422 0.141742 0.149115 0.135574 0.0900138 0.0477461 0.0229482 0.0095133 0.00319468 0.000904303 0.000223483 4.78146e-05 8.72111e-06 1.31445e-06 1.56612e-07
 1.15009e-11 1.24886e-09 7.9953e-08 3.01783e-06 6.71578e-05 0.000881159 0.0068177 0.031132 0.0842535 0.137993 0.150152 0.142619 0.147269 0.132523 0.0868442 0.0450407 0.0212756 0.00888286 0.00307283 0.00089656 0.000221908 4.57253e-05 7.82045e-06 1.1045e-06 1.25875e-07
 1.13203e-11 1.22925e-09 7.86979e-08 2.97046e-06 6.61036e-05 0.000867331 0.00671082 0.0306466 0.0829765 0.136195 0.149549 0.14527 0.152791 0.13711 0.0872105 0.0421748 0.0182164 0.00707635 0.00230221 0.00063972 0.000155663 3.22628e-05 5.50277e-06 7.53034e-07 8.12094e-08
 1.10985e-11 1.20516e-09 7.71558e-08 2.91225e-06 6.48083e-05 0.000850335 0.00657932 0.030046 0.0813497 0.13352 0.146596 0.142436 0.150269 0.136475 0.0900074 0.0470096 0.0220906 0.00888782 0.0028468 0.000754707 0.000173484 3.42756e-05 5.6948e-06 7.73262e-07 8.26176e-08
 1.09743e-11 1.19168e-09 7.62923e-08 2.87966e-06 6.4083e-05 0.00084082 0.00650576 0.0297114 0.0804617 0.132207 0.145819 0.143253 0.152482 0.138391 0.0902441 0.0460677 0.0212945 0.00869069 0.00291585 0.000814928 0.000190954 3.67628e-05 5.80355e-06 7.49763e-07 7.75071e-08
 1.13303e-11 1.23033e-09 7.87669e-08 2.97306e-06 6.61616e-05 0.00086809 0.00671665 0.0306721 0.0830311 0.136168 0.148984 0.143478 0.149979 0.135193 0.0878858 0.0446448 0.0204424 0.00820984 0.00269507 0.00074404 0.000177196 3.53645e-05 5.71785e-06 7.31207e-07 7.27724e-08
 1.19971e-11 1.30274e-09 8.34029e-08 3.14804e-06 7.00555e-05 0.000919177 0.00711174 0.0324719 0.0878432 0.143576 0.154855 0.143733 0.145009 0.128915 0.0833032 0.0420205 0.0191095 0.00765513 0.00251226 0.00069057 0.00016264 3.21848e-05 5.24525e-06 6.86365e-07 6.95993e-08
 1.24399e-11 1.35083e-09 8.64813e-08 3.26424e-06 7.26413e-05 0.000953102 0.00737416 0.0336688 0.0910628 0.148691 0.159683 0.146462 0.145624 0.127404 0.0793199 0.0368091 0.0150173 0.00555435 0.00172355 0.000451286 0.000102599 1.98686e-05 3.18841e-06 4.13556e-07 4.20751e-08
 1.2005e-11 1.3036e-09 8.34579e-08 3.15012e-06 7.01018e-05 0.000919786 0.0071165 0.032495 0.0879232 0.143849 0.155803 0.146157 0.148673 0.131438 0.0825269 0.0388597 0.0160531 0.00586175 0.00172854 0.00041683 8.71228e-05 1.58084e-05 2.42419e-06 3.05332e-07 3.05138e-08
 1.25928e-11 1.36742e-09 8.75437e-08 3.30434e-06 7.35337e-05 0.00096481 0.0074647 0.0340812 0.0921642 0.150377 0.160974 0.146372 0.144277 0.125891 0.0784837 0.036553 0.0148915 0.00538753 0.00157792 0.000374154 7.49463e-05 1.2644e-05 1.77619e-06 2.06879e-07 1.95405e-08
 1.21892e-11 1.3236e-09 8.47379e-08 3.19844e-06 7.11769e-05 0.000933892 0.00722562 0.0329928 0.0892636 0.145989 0.157874 0.147468 0.149191 0.130962 0.0807456 0.0364029 0.0141408 0.00492817 0.00140678 0.000325579 6.37231e-05 1.04853e-05 1.41469e-06 1.54428e-07 1.34494e-08
 1.26794e-11 1.37684e-09 8.81463e-08 3.32709e-06 7.40398e-05 0.00097145 0.00751605 0.0343151 0.0927895 0.151339 0.161732 0.146393 0.143621 0.125101 0.0779715 0.0362978 0.0147256 0.00525059 0.00148859 0.000335135 6.33851e-05 1.01161e-05 1.32831e-06 1.40815e-07 1.17814e-08
 1.26371e-11 1.37224e-09 8.78519e-08 3.31597e-06 7.37925e-05 0.000968206 0.00749099 0.0342015 0.092493 0.150943 0.161711 0.147345 0.145403 0.126443 0.0777837 0.035045 0.0136113 0.00474601 0.00135499 0.000311976 5.98729e-05 9.47111e-06 1.20951e-06 1.23971e-07 1.00433e-08
 1.26625e-11 1.375e-09 8.80288e-08 3.32265e-06 7.39411e-05 0.000970156 0.00750608 0.0342704 0.0926792 0.151246 0.162032 0.14762 0.145625 0.1265 0.0775515 0.0346187 0.0132203 0.00450512 0.00124389 0.000274061 5.08451e-05 7.98239e-06 1.0259e-06 1.05008e-07 8.35678e-09
 1.28199e-11 1.39209e-09 8.91231e-08 3.36395e-06 7.48602e-05 0.000982214 0.00759931 0.0346947 0.093809 0.152945 0.163185 0.147041 0.14348 0.124379 0.0767532 0.0349087 0.0137028 0.00476278 0.00132512 0.000291301 5.31965e-05 8.10395e-06 1.00762e-06 1.01041e-07 7.99592e-09
 1.28952e-11 1.40027e-09 8.96465e-08 3.38371e-06 7.52999e-05 0.000987983 0.00764393 0.0348983 0.0943568 0.153818 0.16402 0.147542 0.143633 0.124128 0.0759989 0.0339167 0.0129665 0.00443896 0.0012375 0.000275598 5.1021e-05 7.80715e-06 9.61699e-07 9.42631e-08 7.24629e-09
 1.38102e-11 1.49962e-09 9.60073e-08 3.6238e-06 8.06426e-05 0.00105808 0.00818601 0.0373677 0.100959 0.163979 0.17206 0.147851 0.136752 0.115475 0.0697324 0.0303717 0.0111766 0.00369142 0.000996379 0.000213975 3.84206e-05 5.81195e-06 7.18167e-07 7.06915e-08 5.40912e-09
 1.35945e-11 1.4762e-09 9.45078e-08 3.5672e-06 7.93832e-05 0.00104155 0.00805828 0.0367868 0.099419 0.161717 0.170799 0.149522 0.141029 0.11927 0.0704566 0.0287441 0.0094223 0.00278928 0.000696635 0.000138591 2.29051e-05 3.22643e-06 3.78644e-07 3.61476e-08 2.73378e-09
#obs catch len freq
 9.55606e-12 1.03768e-09 6.64329e-08 2.50752e-06 5.58017e-05 0.000732167 0.00566523 0.025876 0.0701128 0.115453 0.128308 0.128331 0.141022 0.138158 0.107187 0.0706097 0.0401925 0.0186941 0.00696457 0.00206865 0.000475312 8.10768e-05 9.89928e-06 8.38691e-07 4.7997e-08
 1.19493e-11 1.29755e-09 8.30702e-08 3.13549e-06 6.97762e-05 0.00091551 0.00708327 0.0323386 0.0874212 0.142292 0.150307 0.131115 0.125114 0.11632 0.0900863 0.0598821 0.0339893 0.0155145 0.00557706 0.00157154 0.000339066 5.41568e-05 6.18725e-06 4.89061e-07 2.59715e-08
 1.12461e-11 1.22119e-09 7.81816e-08 2.95098e-06 6.56703e-05 0.000861653 0.00666713 0.0304504 0.0824636 0.135296 0.147418 0.13848 0.139832 0.127214 0.0905092 0.0538828 0.0283352 0.0125477 0.00445106 0.00122627 0.000253795 3.82206e-05 4.07099e-06 2.98367e-07 1.46602e-08
 1.21272e-11 1.31687e-09 8.43074e-08 3.18219e-06 7.08157e-05 0.000929161 0.00718929 0.0328304 0.088836 0.145118 0.155022 0.13775 0.131192 0.118135 0.0866288 0.0531361 0.0272944 0.0111585 0.00358779 0.000911814 0.000178232 2.55514e-05 2.57501e-06 1.76691e-07 8.05616e-09
 1.12645e-11 1.2232e-09 7.83101e-08 2.95583e-06 6.57786e-05 0.000863089 0.0066787 0.0305118 0.0827177 0.136212 0.14986 0.142244 0.14243 0.127282 0.0892891 0.051838 0.0256408 0.01026 0.00319101 0.000758781 0.000135247 1.76222e-05 1.63093e-06 1.03817e-07 4.40735e-09
 1.26743e-11 1.37628e-09 8.81105e-08 3.32574e-06 7.40105e-05 0.000971089 0.00751397 0.034317 0.0928869 0.151786 0.16167 0.140853 0.12905 0.112853 0.081565 0.049154 0.024358 0.00941231 0.00278392 0.000628195 0.000105699 1.28163e-05 1.08664e-06 6.28467e-08 2.42523e-09
 1.19541e-11 1.29807e-09 8.31038e-08 3.13677e-06 6.98054e-05 0.000915938 0.00708799 0.0323865 0.0878328 0.144673 0.158466 0.146702 0.140343 0.120469 0.081845 0.0459357 0.0218277 0.0083485 0.00245529 0.000540402 8.66551e-05 9.86202e-06 7.77749e-07 4.15204e-08 1.46778e-09
 1.2744e-11 1.38385e-09 8.8595e-08 3.34404e-06 7.4418e-05 0.000976458 0.00755618 0.0345215 0.0935571 0.15353 0.165425 0.146381 0.133232 0.112799 0.0777918 0.0440697 0.020325 0.00728372 0.00199076 0.000412503 6.31151e-05 6.85986e-06 5.11925e-07 2.55662e-08 8.37719e-10
 1.24412e-11 1.35097e-09 8.64902e-08 3.26459e-06 7.26505e-05 0.000953288 0.00737757 0.033718 0.0915109 0.150973 0.165406 0.150989 0.139487 0.115653 0.0762695 0.0410347 0.0181832 0.00632583 0.00166547 0.000325667 4.62746e-05 4.65589e-06 3.23163e-07 1.50801e-08 4.61941e-10
 1.32267e-11 1.43627e-09 9.19513e-08 3.47072e-06 7.72377e-05 0.00101348 0.0078433 0.035843 0.0972193 0.159869 0.172639 0.15138 0.13327 0.108117 0.0712142 0.0381008 0.0163824 0.00540803 0.00133841 0.000245947 3.2828e-05 3.08511e-06 1.98396e-07 8.52964e-09 2.40424e-10
 1.24189e-11 1.34854e-09 8.6335e-08 3.25874e-06 7.2521e-05 0.000951626 0.00736575 0.0336807 0.0915629 0.151829 0.168294 0.155291 0.141861 0.114658 0.0735833 0.0381592 0.0160027 0.00518228 0.00125095 0.000220574 2.77761e-05 2.43672e-06 1.45526e-07 5.7922e-09 1.50669e-10
 1.25753e-11 1.36553e-09 8.74229e-08 3.29981e-06 7.34352e-05 0.000963634 0.00745897 0.0341102 0.0927445 0.15374 0.169736 0.154407 0.138757 0.112433 0.0737742 0.0389977 0.0162612 0.00512093 0.00119055 0.000201629 2.4304e-05 2.02588e-06 1.1383e-07 4.22328e-09 1.01724e-10
 1.37044e-11 1.48813e-09 9.52717e-08 3.59607e-06 8.00283e-05 0.00105015 0.00812844 0.037166 0.100967 0.166665 0.18082 0.156838 0.132107 0.101606 0.0638399 0.032461 0.0131384 0.00404374 0.000915984 0.000149481 1.71645e-05 1.35287e-06 7.15733e-08 2.4918e-09 5.60972e-11
 1.16457e-11 1.26459e-09 8.09602e-08 3.0559e-06 6.80092e-05 0.000892532 0.00691138 0.0316517 0.0864971 0.145797 0.168404 0.164396 0.152183 0.118716 0.0719391 0.0345454 0.0131757 0.00384388 0.000830272 0.000129666 1.42468e-05 1.07e-06 5.35933e-08 1.75511e-09 3.69806e-11
 1.2366e-11 1.3428e-09 8.59677e-08 3.24491e-06 7.22155e-05 0.000947718 0.00733808 0.0335916 0.0916196 0.153175 0.172099 0.158981 0.141567 0.112586 0.072469 0.0366501 0.0140427 0.00393349 0.000795778 0.000115583 1.18393e-05 8.32738e-07 3.91755e-08 1.20555e-09 2.38324e-11
 1.17084e-11 1.27139e-09 8.13962e-08 3.07238e-06 6.83775e-05 0.000897429 0.0069508 0.0318518 0.0871766 0.147341 0.170233 0.163979 0.14861 0.115876 0.0722343 0.0359222 0.0139077 0.00399684 0.000821721 0.000117853 1.1554e-05 7.61361e-07 3.32282e-08 9.46538e-10 1.7341e-11
 1.32647e-11 1.44039e-09 9.22158e-08 3.48077e-06 7.74657e-05 0.00101667 0.00787299 0.036051 0.0983686 0.164307 0.182732 0.16263 0.136218 0.102321 0.0627816 0.0304673 0.0113257 0.00311325 0.000618137 8.6656e-05 8.33612e-06 5.35094e-07 2.24214e-08 6.03645e-10 1.03207e-11
 1.20222e-11 1.30547e-09 8.35785e-08 3.15479e-06 7.02142e-05 0.000921646 0.00714099 0.0327582 0.0899164 0.152976 0.17837 0.171115 0.149747 0.110234 0.0638783 0.0291731 0.0103508 0.00274318 0.000524509 7.04195e-05 6.47112e-06 3.97326e-07 1.59567e-08 4.11583e-10 6.71678e-12
 1.21004e-11 1.31397e-09 8.41222e-08 3.17533e-06 7.06725e-05 0.0009277 0.00718866 0.0329844 0.0905645 0.154009 0.178767 0.169599 0.147615 0.11018 0.0651969 0.0297262 0.0101419 0.00251746 0.00044748 5.60706e-05 4.83652e-06 2.79577e-07 1.05775e-08 2.57056e-10 3.95403e-12
 1.26625e-11 1.37501e-09 8.80303e-08 3.32286e-06 7.39574e-05 0.000970861 0.00752385 0.0345285 0.0948122 0.161008 0.185329 0.171512 0.143737 0.103402 0.0593113 0.0263976 0.0088348 0.00214229 0.000366339 4.33081e-05 3.47327e-06 1.8551e-07 6.4847e-09 1.45976e-10 2.08544e-12
 1.21831e-11 1.32294e-09 8.46977e-08 3.19713e-06 7.11627e-05 0.00093433 0.00724438 0.0332955 0.0918175 0.157692 0.1859 0.177123 0.149461 0.104932 0.0575339 0.0242338 0.00766978 0.00176556 0.00028764 3.23946e-05 2.46306e-06 1.2368e-07 4.02777e-09 8.38541e-11 1.10313e-12
 1.23459e-11 1.34063e-09 8.58304e-08 3.23992e-06 7.21171e-05 0.000946928 0.00734329 0.0337618 0.0931499 0.159949 0.187762 0.176797 0.147462 0.103367 0.0567362 0.0235927 0.00721314 0.00157606 0.00024137 2.54699e-05 1.81466e-06 8.54355e-08 2.60692e-09 5.07329e-11 6.21616e-13
 1.21871e-11 1.32338e-09 8.47267e-08 3.19832e-06 7.11955e-05 0.00093498 0.00725388 0.0333905 0.0924022 0.15973 0.189588 0.17991 0.14896 0.102347 0.054839 0.0222713 0.00665314 0.00141452 0.000208632 2.09217e-05 1.4001e-06 6.14494e-08 1.74161e-09 3.14465e-11 3.57468e-13
 1.25701e-11 1.36498e-09 8.73901e-08 3.29891e-06 7.34372e-05 0.000964503 0.00748434 0.0344631 0.095401 0.164743 0.194178 0.180836 0.145865 0.0977712 0.0510464 0.0200596 0.00575708 0.00117146 0.000165072 1.57796e-05 1.00244e-06 4.15179e-08 1.10307e-09 1.8558e-11 1.95655e-13
 1.2064e-11 1.31003e-09 8.38734e-08 3.16627e-06 7.04918e-05 0.000926073 0.00719143 0.0331782 0.0922906 0.161152 0.19382 0.184523 0.14995 0.099578 0.0510372 0.0195833 0.00546279 0.00107463 0.000145431 1.32612e-05 7.99134e-07 3.12637e-08 7.81966e-10 1.23457e-11 1.21743e-13
 1.2024e-11 1.3057e-09 8.35969e-08 3.15594e-06 7.02677e-05 0.000923327 0.0071738 0.0331364 0.0924079 0.162082 0.195925 0.186503 0.150183 0.0981886 0.0492007 0.0182725 0.00488674 0.000915831 0.00011764 1.01552e-05 5.77866e-07 2.12891e-08 5.00033e-10 7.39431e-12 6.81467e-14
 1.13565e-11 1.23322e-09 7.89585e-08 2.98102e-06 6.63838e-05 0.000872658 0.00678739 0.0314352 0.0882251 0.156906 0.194288 0.189953 0.155221 0.101557 0.0504623 0.0184317 0.00480566 0.00087018 0.00010703 8.77532e-06 4.7126e-07 1.63127e-08 3.58932e-10 4.96175e-12 4.26743e-14
 1.22297e-11 1.32805e-09 8.50305e-08 3.21028e-06 7.14889e-05 0.000939709 0.00730666 0.0337995 0.0944688 0.165953 0.199666 0.186868 0.147239 0.0947893 0.0467926 0.0169163 0.00432675 0.000761801 9.03715e-05 7.09113e-06 3.61834e-07 1.18257e-08 2.44402e-10 3.16046e-12 2.53506e-14
#spawning biomass
 16342.8 20275.4 24462.8 30391.5 35865.1 41718 43907.2 53141.6 61552.5 66872 84600.9 97437.5 93779.9 112603 117872 119434 133305 130971 144577 143213 139766 144514 146747 142678 151286 154447 152016 136373 135955 205358 177102 128701 90807.7 66513.8 52415.1 44731 40719 38687.4 37681.3 37191.3 36955.7 36843.4 36790.2 36765 36753.4 36748.1 36745.6 36744.5 36743.9 36743.7 36743.6 36743.5 36743.5 36743.5 36743.5 36743.5 36743.5 36743.5 36743.5 36743.5 36743.5 36743.5 36743.5 36743.5 36743.5 36743.5 36743.5 36743.5 36743.5 36743.5 36743.5 36743.5 36743.5 36743.5 36743.5 36743.5 36743.5 36743.5 36743.5 36743.5 36743.5 36743.5 36743.5 36743.5 36743.5 36743.5 36743.5 36743.5 36743.5 36743.5 36743.5 36743.5 36743.5 36743.5 36743.5 36743.5 36743.5 36743.5 36743.5 36743.5 36743.5 36743.5 36743.5 36743.5 36743.5 36743.5 36743.5 36743.5 36743.5 36743.5 36743.5 36743.5 36743.5 36743.5 36743.5 36743.5 36743.5 36743.5 36743.5 36743.5 36743.5 36743.5 36743.5 36743.5 36743.5 36743.5 36743.5 36743.5 0 0 0 0 0 0 0 0 0 0 0 0 0 0 0 0 0 0 0 0 0 0 0 0 0
