SBPRF35
0.101318
Curr Bio
128656
B35
99145.4
F35
1.07573
FOFL
1.03163
OFL
62639.8
Bzero
28948
#pred survey bio
 35073.9 35170 36543.1 43497.6 52542 59129.7 58573.4 65272.2 63434.4 71784 83293.6 87520.6 86253.2 99211.2 114300 108971 110122 103063 122998 133658 148523 146603 169731 196312 200490 198141 184533 184031 5.37846e+06 2.49042e+06 1.17057e+06 611174 430839 369525 345645 335185 330275 327890 326714 326130 325839 325693 325620 325583 325565 325556 325551 325549 325548 325547 325547 325547 325547 325547 325547 325547 325547 325547 325547 325547 325547 325547 325547 325547 325547 325547 325547 325547 325547 325547 325547 325547 325547 325547 325547 325547 325547 325547 325547 325547 325547 325547 325547 325547 325547 325547 325547 325547 325547 325547 325547 325547 325547 325547 325547 325547 325547 325547 325547 325547 325547 325547 325547 325547 325547 325547 325547 325547 325547 325547 325547 325547 325547 325547 325547 325547 325547 325547 325547 325547 325547 325547 325547 325547 325547 325547 325547 325547 0 0 0 0 0 0 0 0 0 0 0 0 0 0 0 0 0 0 0 0 0 0 0 0 0
#obs survey bio
 28762.5 28764.6 32066.2 44824.6 50755.2 70566.6 62651.5 60613 55953.1 61677.2 82783.3 92411.3 100251 80278 134818 143015 90905.3 84343.1 169815 129968 165523 153830 133762 219412 218447 202049 214115 167983
#pred catch bio
 17064.9 20850.1 20843.3 24608.9 28221.7 33233.1 30304 38663.4 33018.6 39301.4 48036.4 51118.4 45717 54724.6 71686.5 65194 69747.4 51381.9 68393.6 70225 86875.9 75747.5 85639.2 106573 108632 114498 95988.5 123405 62639.8 57505.7 22496.7 9890.02 6945.68 6338.36 6220.83 6198.97 6195 6194.3 6194.17 6194.15 6194.15 6194.15 6194.15 6194.15 6194.15 6194.15 6194.15 6194.15 6194.15 6194.15 6194.15 6194.15 6194.15 6194.15 6194.15 6194.15 6194.15 6194.15 6194.15 6194.15 6194.15 6194.15 6194.15 6194.15 6194.15 6194.15 6194.15 6194.15 6194.15 6194.15 6194.15 6194.15 6194.15 6194.15 6194.15 6194.15 6194.15 6194.15 6194.15 6194.15 6194.15 6194.15 6194.15 6194.15 6194.15 6194.15 6194.15 6194.15 6194.15 6194.15 6194.15 6194.15 6194.15 6194.15 6194.15 6194.15 6194.15 6194.15 6194.15 6194.15 6194.15 6194.15 6194.15 6194.15 6194.15 6194.15 6194.15 6194.15 6194.15 6194.15 6194.15 6194.15 6194.15 6194.15 6194.15 6194.15 6194.15 6194.15 6194.15 6194.15 6194.15 6194.15 6194.15 6194.15 6194.15 6194.15 6194.15 6194.15 0 0 0 0 0 0 0 0 0 0 0 0 0 0 0 0 0 0 0 0 0 0 0 0 0
#obs catch bio
 22376.6 21780.5 21459 25511.7 28514.8 31247.8 29314.8 37911.4 31659 39836.2 49659.2 51637.9 43175.4 57585.8 75002.5 62243.1 71308.3 52389.7 69869.9 71242.4 85962.1 73747.9 88046.6 106597 103303 111094 91151.5 127142
#pred cpue bio
 28901.4 25935.4 26545.2 31035.2 37634.9 44137.2 44310.3 48573.1 47226.5 53345.4 60310.2 64828.3 64522.4 72754.3 83098.8 80347.9 80999.5 75811.8 91432.2 98361.9 111115 109032 125474 146515 151900 151178 139622 142140 3.90327e+06 2.4402e+06 1.14107e+06 555794 371670 309870 285921 275450 270538 268154 266978 266393 266102 265956 265883 265847 265828 265819 265815 265812 265811 265811 265810 265810 265810 265810 265810 265810 265810 265810 265810 265810 265810 265810 265810 265810 265810 265810 265810 265810 265810 265810 265810 265810 265810 265810 265810 265810 265810 265810 265810 265810 265810 265810 265810 265810 265810 265810 265810 265810 265810 265810 265810 265810 265810 265810 265810 265810 265810 265810 265810 265810 265810 265810 265810 265810 265810 265810 265810 265810 265810 265810 265810 265810 265810 265810 265810 265810 265810 265810 265810 265810 265810 265810 265810 265810 265810 265810 265810 265810 0 0 0 0 0 0 0 0 0 0 0 0 0 0 0 0 0 0 0 0 0 0 0 0 0
#obs cpue bio
 23386.3 30756.4 25504.7 26225.7 39602.4 61203.9 39618.4 62363.9 56830.4 54289.1 51162.1 65767.8 79045.6 51116.8 70521.1 87611.9 78598.1 68265.2 77416.4 86042.6 125063 110876 112726 166220 185026 167787 136881 129580
#pred surv len freq
 3.75448e-11 1.76593e-09 5.75151e-08 1.29711e-06 2.02562e-05 0.000219042 0.00164017 0.00850475 0.0305431 0.076021 0.131474 0.159595 0.141208 0.102512 0.0760702 0.0630908 0.0514075 0.0391471 0.0295762 0.0230432 0.0186683 0.0158583 0.0136193 0.0107472 0.00703324
 4.28069e-11 2.01343e-09 6.55762e-08 1.47891e-06 2.30953e-05 0.000249742 0.00187005 0.00969669 0.0348229 0.0866658 0.149832 0.181631 0.159873 0.114103 0.0814397 0.063425 0.0463403 0.028924 0.0163771 0.00938558 0.00575121 0.00382173 0.00271266 0.00189485 0.00115897
 4.26466e-11 2.00589e-09 6.53306e-08 1.47337e-06 2.30088e-05 0.000248807 0.00186305 0.00966047 0.034694 0.0863559 0.149371 0.181428 0.16083 0.117173 0.0864818 0.0685527 0.0492119 0.028747 0.0140951 0.00633493 0.00275532 0.00119436 0.000552161 0.000281525 0.000143903
 4.37996e-11 2.06012e-09 6.70969e-08 1.5132e-06 2.36308e-05 0.000255534 0.00191342 0.00992154 0.0356304 0.0886754 0.153305 0.185837 0.163555 0.116661 0.0830592 0.0642011 0.0459819 0.0272641 0.0136873 0.00618419 0.00252864 0.000907682 0.000289452 8.84238e-05 2.81207e-05
 4.34694e-11 2.04459e-09 6.65911e-08 1.50179e-06 2.34527e-05 0.000253607 0.00189899 0.00984679 0.0353624 0.0880123 0.152186 0.184611 0.162893 0.117068 0.084421 0.065783 0.0470015 0.0275172 0.0135194 0.0059796 0.00241856 0.00085952 0.000260711 6.74486e-05 1.51347e-05
 4.08194e-11 1.91995e-09 6.25315e-08 1.41024e-06 2.20229e-05 0.000238147 0.00178324 0.00924671 0.0332096 0.0826767 0.143113 0.174325 0.156144 0.117196 0.0908615 0.0748646 0.0549578 0.0328126 0.0165104 0.0074744 0.00305694 0.00108292 0.000324192 8.17803e-05 1.72801e-05
 4.00687e-11 1.88464e-09 6.13815e-08 1.3843e-06 2.16179e-05 0.000233767 0.00175044 0.00907669 0.0325994 0.0811618 0.140519 0.171301 0.153877 0.116449 0.0915522 0.0764824 0.0570551 0.0350334 0.018439 0.0087867 0.00374614 0.00136645 0.000417491 0.000106483 2.2464e-05
 4.14535e-11 1.94978e-09 6.3503e-08 1.43215e-06 2.23651e-05 0.000241847 0.00181093 0.00939026 0.033724 0.0839461 0.145234 0.176549 0.15699 0.115468 0.0868545 0.0705941 0.0526614 0.0330479 0.0181114 0.0090688 0.0040623 0.00155785 0.000501181 0.000134061 2.93517e-05
 4.10772e-11 1.93207e-09 6.29264e-08 1.41915e-06 2.2162e-05 0.000239651 0.0017945 0.00930508 0.033419 0.0831948 0.143989 0.175292 0.156693 0.11694 0.0898581 0.0735952 0.0539608 0.032329 0.0164765 0.00769742 0.00333519 0.00128572 0.000426211 0.000118888 2.72459e-05
 4.14264e-11 1.9485e-09 6.34614e-08 1.43121e-06 2.23505e-05 0.000241689 0.00180975 0.00938414 0.0337022 0.0838936 0.145155 0.176509 0.157134 0.115942 0.0876127 0.0712929 0.0528936 0.0327239 0.0175016 0.00850363 0.00369982 0.0013864 0.000442262 0.000120314 2.75519e-05
 4.30504e-11 2.02489e-09 6.59492e-08 1.48732e-06 2.32266e-05 0.000251163 0.00188069 0.00975188 0.0350216 0.0871647 0.150724 0.182856 0.161409 0.116167 0.0840946 0.0660576 0.0480016 0.02912 0.0152282 0.00729801 0.00319489 0.00122293 0.000398239 0.000108921 2.4643e-05
 4.13127e-11 1.94315e-09 6.32872e-08 1.42728e-06 2.22891e-05 0.000241025 0.00180479 0.00935842 0.0336104 0.0836707 0.144807 0.176263 0.157475 0.117334 0.0898844 0.0733226 0.0534118 0.0315687 0.0156826 0.00706061 0.00293391 0.00108456 0.000346482 9.43274e-05 2.14583e-05
 4.07654e-11 1.91741e-09 6.24488e-08 1.40837e-06 2.19938e-05 0.000237832 0.00178088 0.00923447 0.0331656 0.0825663 0.142916 0.17406 0.15583 0.116809 0.0904304 0.0745822 0.0550566 0.0332929 0.01711 0.00793295 0.0033063 0.00118869 0.00036216 9.37796e-05 2.05179e-05
 4.23301e-11 1.99101e-09 6.48458e-08 1.46243e-06 2.2838e-05 0.000246961 0.00184923 0.00958876 0.0344363 0.0857127 0.148246 0.180005 0.159397 0.115812 0.0852923 0.0680916 0.0501656 0.0310052 0.0166146 0.00810425 0.00353859 0.00132273 0.000414675 0.000108478 2.34366e-05
 4.26935e-11 2.0081e-09 6.54025e-08 1.47499e-06 2.30341e-05 0.000249081 0.0018651 0.00967108 0.0347319 0.086448 0.149515 0.181528 0.160686 0.116594 0.085553 0.0677698 0.0491333 0.0294323 0.0150567 0.00704741 0.00303794 0.00115559 0.000375581 0.000102374 2.29169e-05
 4.15344e-11 1.95358e-09 6.36268e-08 1.43494e-06 2.24087e-05 0.000242318 0.00181447 0.00940863 0.0337907 0.0841184 0.145575 0.177168 0.158184 0.117643 0.0898125 0.0729695 0.052844 0.0308697 0.0150079 0.00655612 0.00263797 0.000945188 0.000293247 7.79528e-05 1.74497e-05
 4.18722e-11 1.96947e-09 6.41443e-08 1.44661e-06 2.2591e-05 0.000244289 0.00182922 0.0094851 0.0340647 0.0847952 0.146709 0.178371 0.158695 0.116861 0.0878985 0.0709384 0.0517958 0.0310303 0.0157354 0.00716908 0.00292916 0.00102839 0.000304093 7.6071e-05 1.6082e-05
 4.17498e-11 1.96371e-09 6.39568e-08 1.44238e-06 2.25249e-05 0.000243575 0.00182388 0.0094574 0.0339655 0.084551 0.146305 0.177968 0.158616 0.117376 0.0889218 0.0719336 0.0521764 0.0307117 0.0151395 0.00671687 0.0027223 0.000966938 0.000291197 7.34168e-05 1.53079e-05
 4.1383e-11 1.94646e-09 6.33948e-08 1.42971e-06 2.2327e-05 0.000241435 0.00180785 0.00937429 0.0336669 0.0838063 0.145008 0.176349 0.157051 0.116007 0.0878176 0.0715492 0.0530982 0.032825 0.0175017 0.00843478 0.00360773 0.00131054 0.000397774 0.00010102 2.1298e-05
 4.19712e-11 1.97412e-09 6.42959e-08 1.45003e-06 2.26444e-05 0.000244867 0.00183355 0.0095075 0.034145 0.0849924 0.147034 0.17869 0.158735 0.116383 0.0869523 0.0699458 0.0512551 0.0311067 0.0162175 0.00773772 0.00337014 0.00128035 0.000411378 0.000109941 2.39976e-05
 4.08525e-11 1.9215e-09 6.25821e-08 1.41138e-06 2.20408e-05 0.00023834 0.00178468 0.00925418 0.0332362 0.0827401 0.143204 0.174351 0.155896 0.116459 0.0897057 0.0738163 0.0546358 0.0333367 0.0174466 0.00832281 0.00360451 0.00136074 0.000438251 0.000119332 2.69613e-05
 4.12241e-11 1.93898e-09 6.31514e-08 1.42422e-06 2.22413e-05 0.000240508 0.00180091 0.00933833 0.0335381 0.0834889 0.144481 0.175812 0.156905 0.11658 0.0890046 0.0727159 0.0535561 0.0324768 0.0168424 0.00795427 0.00341638 0.00128042 0.000409218 0.000110635 2.49294e-05
 4.17811e-11 1.96518e-09 6.40047e-08 1.44346e-06 2.25418e-05 0.000243758 0.00182524 0.00946444 0.0339903 0.0846077 0.146369 0.177887 0.158041 0.115931 0.086755 0.0700673 0.0517962 0.0319755 0.0170856 0.00832311 0.0036476 0.00137908 0.000441628 0.000119217 2.67714e-05
 4.11001e-11 1.93315e-09 6.29615e-08 1.41994e-06 2.21744e-05 0.000239785 0.0017955 0.00931025 0.0334372 0.0832374 0.144043 0.175269 0.156386 0.116135 0.0886462 0.0725631 0.0537822 0.0330772 0.0175791 0.00856554 0.00379741 0.0014673 0.000482088 0.00013301 3.02794e-05
 3.99896e-11 1.88092e-09 6.12603e-08 1.38157e-06 2.15752e-05 0.000233306 0.00174699 0.00905878 0.0325351 0.0810022 0.140246 0.170985 0.153645 0.116381 0.0916227 0.0766009 0.0571498 0.0351122 0.0185606 0.00897169 0.00394404 0.00151427 0.000497086 0.000138165 3.19215e-05
 3.95948e-11 1.86235e-09 6.06555e-08 1.36793e-06 2.13622e-05 0.000231003 0.00172974 0.00896937 0.0322142 0.0802051 0.138879 0.169381 0.152407 0.115887 0.0918427 0.0773397 0.0582544 0.0363964 0.0197222 0.00976278 0.00434855 0.00167351 0.000547272 0.000151305 3.48485e-05
 4.01536e-11 1.88863e-09 6.15115e-08 1.38724e-06 2.16637e-05 0.000234263 0.00175415 0.00909591 0.0326682 0.0813313 0.1408 0.171585 0.153943 0.116109 0.0908389 0.0757037 0.0565779 0.0349983 0.0187294 0.00919481 0.00410401 0.00159681 0.000529408 0.000147879 3.42024e-05
 3.87036e-11 1.82043e-09 5.92903e-08 1.33714e-06 2.08814e-05 0.000225803 0.00169081 0.00876756 0.0314902 0.0784101 0.135824 0.165901 0.15007 0.115779 0.0937827 0.0801812 0.0608428 0.0382515 0.0209075 0.010464 0.0047201 0.0018438 0.000613346 0.000172469 4.02872e-05
#obs surv len freq
 4.20495e-11 1.97781e-09 6.44158e-08 1.45274e-06 2.26866e-05 0.000245323 0.00183697 0.00952519 0.0342082 0.0851449 0.147267 0.178827 0.158394 0.115184 0.0850193 0.068172 0.0506797 0.0319209 0.0176918 0.00905981 0.00422227 0.00172883 0.000613756 0.000187233 4.80178e-05
 4.17093e-11 1.9618e-09 6.38946e-08 1.44099e-06 2.25031e-05 0.000243339 0.00182211 0.00944819 0.0339324 0.0844655 0.14614 0.177688 0.158116 0.116495 0.0877091 0.0708725 0.0518757 0.031325 0.0162719 0.00784954 0.00355592 0.00145196 0.000516729 0.00015677 3.96464e-05
 4.28738e-11 2.01658e-09 6.56786e-08 1.48122e-06 2.31313e-05 0.000250133 0.00187297 0.00971188 0.0348783 0.0868093 0.150121 0.18218 0.16099 0.116243 0.0846205 0.0667387 0.0485285 0.0293835 0.015306 0.00730833 0.00320618 0.00124799 0.000423698 0.000124457 3.09613e-05
 4.30305e-11 2.02395e-09 6.59187e-08 1.48663e-06 2.32159e-05 0.000251047 0.00187982 0.00974739 0.0350058 0.0871269 0.150671 0.182851 0.161594 0.116687 0.0848914 0.066744 0.0481337 0.0286448 0.014514 0.00673057 0.00289322 0.00110936 0.000368848 0.000104916 2.51077e-05
 4.29565e-11 2.02047e-09 6.58053e-08 1.48407e-06 2.3176e-05 0.000250615 0.00187659 0.00973063 0.0349457 0.0869781 0.15042 0.182573 0.161436 0.116759 0.0851762 0.0671047 0.0484168 0.0287819 0.0145243 0.00666971 0.00281823 0.00105547 0.000341789 9.47615e-05 2.21227e-05
 3.9978e-11 1.88037e-09 6.12425e-08 1.38117e-06 2.1569e-05 0.000233238 0.00174648 0.00905617 0.0325261 0.0809818 0.140226 0.171032 0.153916 0.117043 0.0926117 0.0774554 0.0573318 0.034545 0.0176724 0.00822496 0.003502 0.00131067 0.00042065 0.000114733 2.62124e-05
 4.13234e-11 1.94365e-09 6.33035e-08 1.42766e-06 2.22949e-05 0.000241088 0.00180525 0.00936078 0.0336184 0.0836837 0.144785 0.17603 0.156613 0.115375 0.0870264 0.070916 0.0530248 0.0333875 0.0183831 0.00924941 0.00416345 0.0016094 0.00052611 0.00014478 3.30804e-05
 4.38909e-11 2.06442e-09 6.72367e-08 1.51636e-06 2.36801e-05 0.000256067 0.0019174 0.00994221 0.0357046 0.088858 0.153609 0.186151 0.163654 0.116354 0.0823678 0.0634024 0.0454196 0.0271151 0.0139163 0.00661909 0.00295337 0.00118217 0.00040775 0.00011792 2.79043e-05
 3.90629e-11 1.83733e-09 5.98406e-08 1.34956e-06 2.10753e-05 0.0002279 0.00170651 0.00884895 0.0317828 0.0791402 0.137099 0.167511 0.151684 0.117302 0.0951381 0.0808195 0.0600531 0.0360943 0.0183651 0.00852139 0.00365248 0.00139738 0.000466665 0.00013431 3.24936e-05
 4.3755e-11 2.05802e-09 6.70284e-08 1.51166e-06 2.36067e-05 0.000255273 0.00191146 0.00991139 0.0355938 0.0885802 0.153116 0.185494 0.162892 0.115451 0.0814064 0.0628521 0.0458265 0.0284183 0.0153949 0.00761945 0.00338506 0.00129732 0.000423316 0.000117589 2.75083e-05
 4.13648e-11 1.9456e-09 6.3367e-08 1.42908e-06 2.23172e-05 0.000241329 0.00180706 0.00937021 0.0336528 0.0837748 0.14498 0.17644 0.157527 0.117149 0.0894736 0.0728489 0.0530775 0.0314789 0.0158173 0.00731859 0.00318817 0.00125362 0.000426555 0.000122175 2.87918e-05
 4.09505e-11 1.92611e-09 6.27323e-08 1.41477e-06 2.20937e-05 0.000238912 0.00178896 0.00927637 0.0333159 0.0829373 0.143538 0.174723 0.156118 0.116394 0.0893832 0.073417 0.0543473 0.0332111 0.0174154 0.00831406 0.00359843 0.00136163 0.000444358 0.00012475 2.95768e-05
 4.15954e-11 1.95645e-09 6.37203e-08 1.43705e-06 2.24416e-05 0.000242675 0.00181713 0.00942239 0.0338396 0.0842332 0.145729 0.177143 0.157493 0.115771 0.0869481 0.070445 0.0522157 0.0323873 0.0174824 0.00867565 0.00390975 0.00153289 0.000511184 0.000143525 3.34463e-05
 4.26331e-11 2.00526e-09 6.53099e-08 1.4729e-06 2.30015e-05 0.000248729 0.00186246 0.00965738 0.0346828 0.0863246 0.149296 0.18124 0.16036 0.116214 0.0851336 0.0674672 0.0491536 0.0298083 0.0156059 0.00755093 0.00338734 0.00135097 0.000464465 0.000134831 3.2277e-05
 4.06751e-11 1.91316e-09 6.23104e-08 1.40526e-06 2.19451e-05 0.000237306 0.00177693 0.00921403 0.0330925 0.0823858 0.142616 0.173751 0.155733 0.117102 0.0910418 0.0751466 0.0551937 0.0329937 0.0167212 0.00775217 0.00333919 0.00128927 0.000434287 0.000125552 3.04105e-05
 4.31848e-11 2.0312e-09 6.6155e-08 1.49196e-06 2.32991e-05 0.000251947 0.00188656 0.0097823 0.0351308 0.0874345 0.15118 0.183356 0.161684 0.116014 0.0835636 0.0654458 0.0476202 0.0290378 0.0152897 0.00734848 0.00320134 0.00121589 0.000396135 0.000110429 2.59915e-05
 4.22629e-11 1.98784e-09 6.47427e-08 1.46011e-06 2.28017e-05 0.000246569 0.00184629 0.00957358 0.0343825 0.0855841 0.148062 0.17996 0.159926 0.117354 0.0876624 0.0701182 0.0505173 0.0295509 0.0144988 0.00648329 0.00272031 0.00103194 0.000340275 9.5225e-05 2.21427e-05
 3.8868e-11 1.82816e-09 5.95421e-08 1.34283e-06 2.09701e-05 0.000226763 0.001698 0.00880481 0.0316243 0.078745 0.136412 0.166662 0.150887 0.116653 0.0946758 0.0807519 0.0606407 0.037239 0.0195569 0.00930946 0.00398745 0.00147875 0.000468531 0.000127056 2.91341e-05
 4.18519e-11 1.96851e-09 6.41132e-08 1.44591e-06 2.258e-05 0.000244171 0.00182834 0.00948045 0.0340477 0.0847469 0.146589 0.178052 0.157866 0.115142 0.085434 0.068825 0.0513454 0.0324688 0.0180567 0.00922072 0.0042255 0.0016641 0.000552107 0.000152921 3.48847e-05
 4.18001e-11 1.96608e-09 6.40338e-08 1.44413e-06 2.25521e-05 0.000243869 0.00182607 0.00946876 0.034006 0.0846468 0.14644 0.177985 0.158167 0.116092 0.0869087 0.0700687 0.0515128 0.0315015 0.0167215 0.00826402 0.00380763 0.00156308 0.000551389 0.000162795 3.91995e-05
 4.06771e-11 1.91326e-09 6.23135e-08 1.40533e-06 2.19462e-05 0.000237317 0.00177702 0.00921446 0.0330937 0.0823856 0.142594 0.173622 0.155292 0.116116 0.0896071 0.0739275 0.0549682 0.0338652 0.0180533 0.00886471 0.00399881 0.00159843 0.000555559 0.000165616 4.12368e-05
 4.23357e-11 1.99127e-09 6.48543e-08 1.46263e-06 2.28411e-05 0.000246994 0.00184947 0.00959004 0.034441 0.0857245 0.148268 0.18004 0.159451 0.115896 0.085379 0.068094 0.050004 0.0307321 0.0164043 0.00807525 0.00364659 0.00145199 0.000498943 0.000146297 3.59281e-05
 3.99413e-11 1.87865e-09 6.11863e-08 1.37991e-06 2.15492e-05 0.000233024 0.00174488 0.00904785 0.0324962 0.0809067 0.140092 0.170852 0.153698 0.116767 0.0922807 0.0771777 0.0572594 0.0347305 0.0180317 0.0086194 0.00382177 0.00151129 0.000518343 0.000151595 3.70001e-05
 4.16286e-11 1.95801e-09 6.3771e-08 1.4382e-06 2.24595e-05 0.000242868 0.00181858 0.00942988 0.0338663 0.0842985 0.145833 0.177228 0.157433 0.115454 0.086416 0.0699672 0.0520916 0.0326472 0.0178817 0.00897793 0.00406356 0.00159699 0.000538087 0.00015479 3.73831e-05
 3.97631e-11 1.87026e-09 6.09132e-08 1.37375e-06 2.1453e-05 0.000231984 0.00173709 0.00900748 0.0323513 0.0805462 0.139471 0.170108 0.153075 0.1164 0.0921599 0.077292 0.0576442 0.0353511 0.0187223 0.00919129 0.004188 0.00169516 0.000590172 0.000173132 4.19244e-05
 4.20866e-11 1.97955e-09 6.44726e-08 1.45402e-06 2.27066e-05 0.00024554 0.00183859 0.0095336 0.0342384 0.0852207 0.147401 0.179006 0.158603 0.115437 0.0853046 0.0683835 0.0506772 0.0316806 0.0173343 0.00872999 0.00399156 0.00159721 0.000551107 0.000162433 3.99881e-05
 3.88325e-11 1.82649e-09 5.94877e-08 1.3416e-06 2.0951e-05 0.000226556 0.00169644 0.00879677 0.0315954 0.0786736 0.136291 0.166526 0.150801 0.116655 0.0947213 0.0807215 0.0604491 0.036982 0.0194653 0.00949011 0.0043063 0.0017439 0.000610891 0.000181434 4.47088e-05
 4.03226e-11 1.89658e-09 6.17704e-08 1.39308e-06 2.17549e-05 0.000235249 0.00176153 0.00913414 0.0328051 0.0816663 0.141343 0.17207 0.153821 0.114884 0.0886659 0.0736418 0.0558267 0.0357686 0.0201902 0.0104512 0.00484783 0.00194659 0.000670971 0.000197712 4.88392e-05
#pred catch len freq
 3.11288e-11 1.46415e-09 4.76864e-08 1.07545e-06 1.67947e-05 0.000181611 0.00135991 0.00705181 0.0253296 0.0630888 0.109409 0.134232 0.123365 0.0994254 0.0864073 0.0796214 0.0672038 0.0514119 0.0386132 0.0297919 0.0238776 0.0201012 0.0171674 0.0135109 0.00883181
 3.82946e-11 1.8012e-09 5.86638e-08 1.32302e-06 2.06608e-05 0.000223418 0.00167295 0.00867492 0.0311574 0.0775812 0.134386 0.164133 0.14843 0.114409 0.0924693 0.0787454 0.0593834 0.0372007 0.0208911 0.0118121 0.00713562 0.00468364 0.00329686 0.00229314 0.00140004
 3.78407e-11 1.77985e-09 5.79685e-08 1.30733e-06 2.04159e-05 0.00022077 0.00165312 0.00857225 0.0307903 0.0766835 0.132942 0.162894 0.148981 0.118257 0.0993751 0.0859841 0.0636563 0.0373874 0.0182512 0.00812929 0.00349768 0.00149796 0.000684041 0.000345681 0.000175943
 3.91984e-11 1.84371e-09 6.00483e-08 1.35424e-06 2.11484e-05 0.00022869 0.00171243 0.00887967 0.031893 0.0794145 0.137573 0.168079 0.152166 0.117604 0.0952749 0.0808083 0.0598617 0.0357097 0.0178532 0.00800466 0.00324729 0.00115653 0.000365506 0.000110548 3.48557e-05
 3.85201e-11 1.8118e-09 5.90092e-08 1.3308e-06 2.07824e-05 0.000224733 0.0016828 0.00872608 0.0313421 0.078051 0.135266 0.165521 0.150681 0.118167 0.0976817 0.0837429 0.0619352 0.0365114 0.0178832 0.0078555 0.00315365 0.00111272 0.00033508 8.60785e-05 1.91915e-05
 3.55767e-11 1.67336e-09 5.45003e-08 1.22912e-06 1.91944e-05 0.000207562 0.00155423 0.00805958 0.0289511 0.0721246 0.125187 0.154091 0.143165 0.118265 0.104773 0.0937815 0.0707729 0.0424432 0.021269 0.00955945 0.00388104 0.00136525 0.000405802 0.000101661 2.13551e-05
 3.425e-11 1.61096e-09 5.24678e-08 1.18328e-06 1.84786e-05 0.000199821 0.00149627 0.00775912 0.0278729 0.069449 0.120615 0.148801 0.139334 0.117331 0.106552 0.097111 0.0745566 0.0460131 0.024145 0.011441 0.00484856 0.00175758 0.000533443 0.000135186 2.83655e-05
 3.66479e-11 1.72374e-09 5.61411e-08 1.26612e-06 1.97723e-05 0.00021381 0.00160102 0.00830207 0.0298203 0.074272 0.128791 0.157948 0.14492 0.116066 0.0990525 0.0874646 0.0670745 0.042219 0.0229968 0.011417 0.00507351 0.00193136 0.000616954 0.000163989 3.57236e-05
 3.54708e-11 1.66838e-09 5.4338e-08 1.22546e-06 1.91373e-05 0.000206944 0.0015496 0.00803559 0.0288649 0.0719102 0.124816 0.153641 0.142771 0.117988 0.104592 0.0936858 0.0708082 0.042664 0.0216749 0.0100589 0.004326 0.00165533 0.000544827 0.000151037 3.44483e-05
 3.61551e-11 1.70056e-09 5.53862e-08 1.2491e-06 1.95065e-05 0.000210935 0.00157949 0.00819049 0.0294202 0.0732823 0.127121 0.156117 0.14393 0.116676 0.101108 0.0899009 0.0687318 0.0427239 0.0227541 0.0109798 0.00474398 0.00176518 0.00055893 0.000150992 3.43837e-05
 3.83964e-11 1.80598e-09 5.88196e-08 1.32653e-06 2.07157e-05 0.000224011 0.00167739 0.00869803 0.0312411 0.0777966 0.134806 0.164872 0.149817 0.11696 0.0962156 0.0826479 0.0619849 0.0377851 0.0196565 0.00933924 0.00405377 0.0015396 0.000497688 0.000135243 3.04407e-05
 3.63835e-11 1.71131e-09 5.57362e-08 1.25699e-06 1.96297e-05 0.000212268 0.00158947 0.00824227 0.0296066 0.0737499 0.127955 0.15725 0.14531 0.118421 0.103079 0.0911951 0.0682717 0.0405195 0.0200319 0.00894183 0.00368268 0.00135014 0.00042796 0.000115703 2.6178e-05
 3.51937e-11 1.65535e-09 5.39135e-08 1.21588e-06 1.89878e-05 0.000205327 0.0015375 0.00797284 0.0286397 0.0713514 0.123861 0.152536 0.14197 0.117799 0.105005 0.0945118 0.0718423 0.0436698 0.0223705 0.0103089 0.00426895 0.00152469 0.000461241 0.0001186 2.57951e-05
 3.72793e-11 1.75344e-09 5.71085e-08 1.28794e-06 2.0113e-05 0.000217494 0.0016286 0.00844507 0.0303335 0.0755454 0.130967 0.160465 0.146743 0.116513 0.0982181 0.0859147 0.0653362 0.0405863 0.0216532 0.0104862 0.00454615 0.00168772 0.000525453 0.000136574 2.93504e-05
 3.84722e-11 1.80955e-09 5.89358e-08 1.32915e-06 2.07566e-05 0.000224454 0.00168071 0.00871521 0.0313029 0.0779515 0.135081 0.165235 0.150234 0.117451 0.0967449 0.0829826 0.0618399 0.0371614 0.0188828 0.00874615 0.00373244 0.00140747 0.000453918 0.000122918 2.73762e-05
 3.67887e-11 1.73037e-09 5.63569e-08 1.27099e-06 1.98483e-05 0.000214632 0.00160717 0.00833405 0.0299359 0.0745674 0.129354 0.158877 0.146517 0.118788 0.102659 0.0902988 0.0671745 0.0394014 0.0190613 0.00825342 0.00329036 0.00116899 0.00035977 9.49399e-05 2.11292e-05
 3.7559e-11 1.76659e-09 5.75368e-08 1.2976e-06 2.02639e-05 0.000219126 0.00164082 0.00850843 0.0305612 0.0761139 0.131962 0.161727 0.148029 0.117766 0.0993827 0.0865364 0.0648178 0.0389354 0.0196165 0.00885161 0.00358439 0.00124866 0.000366417 9.09826e-05 1.91126e-05
 3.60621e-11 1.69619e-09 5.52438e-08 1.24588e-06 1.94563e-05 0.000210393 0.00157543 0.0081695 0.0293455 0.0731034 0.126859 0.156024 0.144562 0.118595 0.104097 0.0925203 0.0693314 0.041091 0.0202166 0.00892196 0.00359367 0.00126826 0.000379397 9.50445e-05 1.97108e-05
 3.61884e-11 1.70213e-09 5.54373e-08 1.25025e-06 1.95245e-05 0.00021113 0.00158095 0.00819805 0.0294473 0.0733498 0.127237 0.156257 0.14405 0.116754 0.101153 0.0899223 0.0687251 0.0426745 0.0226538 0.0108425 0.00460637 0.00166232 0.000501074 0.000126402 2.64994e-05
 3.6589e-11 1.72097e-09 5.60509e-08 1.26409e-06 1.97406e-05 0.000213467 0.00159844 0.00828876 0.029773 0.0741586 0.128625 0.157887 0.145315 0.117268 0.100923 0.0890929 0.0674214 0.0411597 0.0213852 0.0101354 0.00438304 0.00165354 0.000527672 0.000140167 3.0447e-05
 3.58555e-11 1.68647e-09 5.49273e-08 1.23875e-06 1.93448e-05 0.000209188 0.0015664 0.00812267 0.0291771 0.0726818 0.126114 0.155042 0.143451 0.117314 0.102726 0.0916396 0.0696629 0.0426507 0.0222006 0.0105022 0.00451096 0.00168979 0.000540139 0.000146086 3.28316e-05
 3.56083e-11 1.67484e-09 5.45486e-08 1.23021e-06 1.92115e-05 0.000207746 0.00155561 0.00806671 0.0289764 0.072185 0.125273 0.15411 0.14291 0.11752 0.103608 0.0927217 0.0704396 0.0429625 0.0222132 0.010427 0.00444854 0.00165581 0.000525447 0.000141128 3.16319e-05
 3.61593e-11 1.70076e-09 5.53927e-08 1.24924e-06 1.95088e-05 0.00021096 0.00157968 0.00819145 0.0294237 0.0732908 0.127136 0.156134 0.143943 0.11668 0.101096 0.0898644 0.0686691 0.0426602 0.0227317 0.0110109 0.0047956 0.00180122 0.000572828 0.000153636 3.43194e-05
 3.57213e-11 1.68016e-09 5.47217e-08 1.23411e-06 1.92724e-05 0.000208405 0.00156054 0.00809227 0.0290679 0.0724099 0.125643 0.154466 0.142933 0.116929 0.102477 0.0915881 0.0699204 0.0432065 0.0228664 0.0110621 0.00486793 0.00186731 0.000609167 0.000167013 3.78309e-05
 3.44035e-11 1.61817e-09 5.27029e-08 1.18858e-06 1.85614e-05 0.000200716 0.00150298 0.00779387 0.0279975 0.0697576 0.121138 0.149385 0.139687 0.117234 0.106029 0.0963974 0.0739215 0.0456109 0.0240127 0.011527 0.00503069 0.00191747 0.000624873 0.00017255 3.96614e-05
 3.43191e-11 1.6142e-09 5.25736e-08 1.18567e-06 1.85159e-05 0.000200224 0.00149929 0.00777473 0.0279286 0.0695849 0.12083 0.148967 0.139178 0.116592 0.105304 0.0959184 0.0740838 0.0464151 0.0250145 0.0122848 0.00542987 0.00207418 0.00067332 0.000184917 4.23656e-05
 3.43791e-11 1.61703e-09 5.26656e-08 1.18774e-06 1.85483e-05 0.000200574 0.00150191 0.00778835 0.0279776 0.0697071 0.121044 0.149243 0.139471 0.116895 0.10559 0.096046 0.0738885 0.0459322 0.0244961 0.0119502 0.00529753 0.00204679 0.000673841 0.000187042 4.30456e-05
 3.43296e-11 1.6147e-09 5.25898e-08 1.18603e-06 1.85216e-05 0.000200286 0.00149975 0.00777713 0.0279372 0.0696056 0.120862 0.148988 0.13914 0.116446 0.105062 0.0956824 0.0739786 0.0464773 0.0251799 0.0124641 0.00556769 0.00215644 0.000711709 0.000198766 4.61858e-05
#obs catch len freq
 3.32298e-11 1.56297e-09 5.09049e-08 1.14804e-06 1.79282e-05 0.000193869 0.00145171 0.00752808 0.0270438 0.0673908 0.117093 0.144708 0.136301 0.116402 0.107544 0.0991432 0.076882 0.0483328 0.0263534 0.013363 0.00628165 0.00263287 0.000959564 0.000298276 7.71457e-05
 3.69679e-11 1.73879e-09 5.66313e-08 1.27718e-06 1.9945e-05 0.000215677 0.00161499 0.00837451 0.0300801 0.0749133 0.129866 0.159095 0.145425 0.115361 0.0972494 0.0854232 0.0657641 0.0419606 0.0234444 0.0120808 0.00565198 0.00231892 0.000824142 0.000251575 6.45438e-05
 3.66262e-11 1.72272e-09 5.61079e-08 1.26537e-06 1.97607e-05 0.000213684 0.00160007 0.00829718 0.0298032 0.0742328 0.128747 0.15801 0.145336 0.117096 0.100553 0.0886326 0.0670249 0.0409539 0.0214377 0.0104111 0.00473779 0.00193914 0.000690919 0.00020975 5.30645e-05
 3.80647e-11 1.79038e-09 5.83114e-08 1.31507e-06 2.05367e-05 0.000222076 0.0016629 0.0086229 0.0309717 0.077128 0.133665 0.163558 0.148887 0.116789 0.0967469 0.0835406 0.0629074 0.0385686 0.0202445 0.00972797 0.00428589 0.00167208 0.000568367 0.000167068 4.1579e-05
 3.82647e-11 1.79979e-09 5.86179e-08 1.32198e-06 2.06447e-05 0.000223243 0.00167164 0.00866823 0.0311345 0.0775334 0.134368 0.16442 0.149672 0.117386 0.0971353 0.0835828 0.0624084 0.0375979 0.0191934 0.00895855 0.00386846 0.00148694 0.000495005 0.000140899 3.3733e-05
 3.79962e-11 1.78716e-09 5.82065e-08 1.31271e-06 2.04998e-05 0.000221677 0.00165991 0.00860742 0.0309164 0.0769932 0.133452 0.163392 0.149035 0.117503 0.0979471 0.0846607 0.0632951 0.0381038 0.0193785 0.00895954 0.00380392 0.00142835 0.000463169 0.000128514 3.00167e-05
 3.43025e-11 1.61342e-09 5.25482e-08 1.18509e-06 1.8507e-05 0.000200128 0.00149857 0.00777102 0.0279158 0.0695568 0.120809 0.149072 0.139684 0.1178 0.107087 0.0974296 0.0743419 0.0453049 0.0233608 0.0109506 0.00468582 0.00175848 0.000565174 0.000154281 3.52655e-05
 3.65653e-11 1.71985e-09 5.60145e-08 1.26327e-06 1.97278e-05 0.000213329 0.00159741 0.00828334 0.0297531 0.0741035 0.128494 0.15756 0.144492 0.11559 0.0985568 0.0871541 0.0672073 0.0427987 0.0237304 0.0120046 0.00542177 0.0020995 0.000686983 0.000189163 4.32376e-05
 3.88596e-11 1.82777e-09 5.95292e-08 1.34253e-06 2.09656e-05 0.000226714 0.00169763 0.00880292 0.0316176 0.0787297 0.136395 0.166681 0.151034 0.117015 0.0951784 0.0810675 0.0604374 0.036597 0.0189464 0.00907919 0.00407174 0.00163418 0.000564396 0.000163336 3.86674e-05
 3.38408e-11 1.59171e-09 5.1841e-08 1.16914e-06 1.82579e-05 0.000197434 0.0014784 0.00766649 0.0275409 0.0686282 0.119234 0.147311 0.138608 0.118039 0.108514 0.09924 0.0756975 0.0459394 0.0235327 0.0109871 0.00473001 0.00181396 0.000606535 0.000174689 4.22795e-05
 3.89608e-11 1.83253e-09 5.96842e-08 1.34603e-06 2.10202e-05 0.000227304 0.00170205 0.0088258 0.0316992 0.078928 0.136704 0.166898 0.15072 0.115759 0.0931562 0.0793261 0.0601385 0.037821 0.0206581 0.0102891 0.00458923 0.00176251 0.000575772 0.000160053 3.74591e-05
 3.62516e-11 1.7051e-09 5.5534e-08 1.25243e-06 1.95585e-05 0.000211499 0.00158371 0.00821238 0.0294993 0.0734822 0.12749 0.156672 0.14476 0.117949 0.10268 0.0909624 0.0683736 0.0410062 0.0207564 0.00966931 0.00423268 0.00166863 0.000568482 0.000162935 3.84121e-05
 3.54236e-11 1.66616e-09 5.42656e-08 1.22383e-06 1.91118e-05 0.000206668 0.00154754 0.00802486 0.0288262 0.0718106 0.124624 0.153314 0.142183 0.116964 0.103241 0.0926722 0.0708902 0.0438522 0.0231837 0.0111451 0.00484624 0.00183841 0.000600776 0.000168802 4.00413e-05
 3.6461e-11 1.71495e-09 5.58548e-08 1.25967e-06 1.96715e-05 0.00021272 0.00159285 0.00825975 0.0296686 0.073896 0.128153 0.157231 0.144471 0.116132 0.0995723 0.0881099 0.0675187 0.042396 0.0230654 0.011519 0.0052122 0.00204787 0.000683686 0.000192086 4.47813e-05
 3.78761e-11 1.78151e-09 5.80226e-08 1.30856e-06 2.0435e-05 0.000220976 0.00165467 0.0085802 0.0308185 0.076748 0.133018 0.162818 0.14838 0.116734 0.0970962 0.0840486 0.0633451 0.0388832 0.0205096 0.00998584 0.00449827 0.00179795 0.00061882 0.00017975 4.30455e-05
 3.56105e-11 1.67495e-09 5.4552e-08 1.23029e-06 1.92127e-05 0.000207759 0.0015557 0.00806722 0.0289785 0.0721909 0.12529 0.154164 0.143063 0.117841 0.10405 0.0930374 0.0703603 0.0425063 0.0216935 0.0101214 0.00437932 0.00169499 0.000571661 0.000165381 4.00736e-05
 3.88726e-11 1.82838e-09 5.95491e-08 1.34298e-06 2.09726e-05 0.00022679 0.00169819 0.00880584 0.0316279 0.0787533 0.136422 0.166652 0.15081 0.116456 0.0943704 0.0804626 0.0605222 0.0373393 0.0197947 0.00956522 0.00418179 0.00159126 0.000518956 0.000144755 3.40836e-05
 3.69691e-11 1.73885e-09 5.66331e-08 1.27722e-06 1.99456e-05 0.000215684 0.00161505 0.00837486 0.0300823 0.0749285 0.129958 0.159512 0.146766 0.118311 0.101525 0.0890394 0.0664008 0.0393198 0.0194444 0.00875977 0.0036959 0.00140631 0.000464418 0.000130071 3.02596e-05
 3.32694e-11 1.56483e-09 5.09656e-08 1.1494e-06 1.79496e-05 0.0001941 0.00145344 0.00753707 0.0270763 0.067474 0.117253 0.144973 0.136767 0.117221 0.108702 0.100253 0.0774134 0.048047 0.0254231 0.0121811 0.0052403 0.00194797 0.000618004 0.000167725 3.8479e-05
 3.64389e-11 1.71391e-09 5.58209e-08 1.2589e-06 1.96596e-05 0.000212591 0.00159188 0.00825471 0.0296503 0.0738478 0.128052 0.157029 0.144038 0.115302 0.0984252 0.0871828 0.0674403 0.0432296 0.0242495 0.012466 0.00573608 0.00226381 0.000751941 0.000208418 4.75659e-05
 3.63129e-11 1.70799e-09 5.5628e-08 1.25455e-06 1.95916e-05 0.000211856 0.00158638 0.00822623 0.0295485 0.0735998 0.127659 0.156721 0.144303 0.116591 0.100557 0.0890561 0.0678313 0.0420281 0.0225035 0.011204 0.00518728 0.00213477 0.000753993 0.000222764 5.36607e-05
 3.53877e-11 1.66447e-09 5.42106e-08 1.22259e-06 1.90925e-05 0.000206459 0.00154597 0.00801672 0.0287969 0.0717366 0.124489 0.153119 0.141912 0.116564 0.102723 0.0922138 0.0707355 0.0440875 0.0236848 0.0117057 0.0053029 0.0021245 0.000739278 0.000220535 5.49327e-05
 3.72254e-11 1.7509e-09 5.70257e-08 1.28607e-06 2.00839e-05 0.00021718 0.00162624 0.00843284 0.0302897 0.0754359 0.130777 0.16023 0.146522 0.116324 0.0980426 0.0857537 0.0652349 0.0406129 0.0218554 0.0108304 0.0049119 0.00196024 0.000674395 0.000197879 4.86158e-05
 3.43577e-11 1.61602e-09 5.26327e-08 1.187e-06 1.85367e-05 0.000200449 0.00150097 0.0077835 0.0279605 0.0696662 0.120986 0.149234 0.139655 0.117419 0.106383 0.0966951 0.0739329 0.0453522 0.0237325 0.0114247 0.00509007 0.00201799 0.000693036 0.000202835 4.95275e-05
 3.63145e-11 1.70806e-09 5.56303e-08 1.2546e-06 1.95925e-05 0.000211865 0.00158645 0.00822655 0.0295494 0.073599 0.127638 0.156603 0.143905 0.115715 0.0993223 0.0881212 0.0679208 0.0431209 0.0238143 0.0120347 0.00546946 0.00215417 0.000726682 0.000209194 5.05447e-05
 3.42307e-11 1.61005e-09 5.24382e-08 1.18261e-06 1.84682e-05 0.000199709 0.00149543 0.00775473 0.0278571 0.0694084 0.120537 0.148671 0.139104 0.11692 0.105947 0.096464 0.0741159 0.0459665 0.0245364 0.0121285 0.00555147 0.00225235 0.000785095 0.000230467 5.58302e-05
 3.67942e-11 1.73062e-09 5.63652e-08 1.27118e-06 1.98513e-05 0.000214664 0.00160741 0.00833518 0.0299391 0.074565 0.129281 0.158467 0.145133 0.115705 0.0981667 0.0864633 0.0664247 0.0420833 0.0232218 0.0117735 0.00540579 0.00216791 0.000748918 0.000220893 5.4403e-05
 3.29704e-11 1.55077e-09 5.05076e-08 1.13907e-06 1.77883e-05 0.000192356 0.00144038 0.00746936 0.0268334 0.0668721 0.11623 0.143816 0.136013 0.117241 0.109381 0.101079 0.0779097 0.0481969 0.0255755 0.0125604 0.00572748 0.00232537 0.000815639 0.000242418 5.97616e-05
#spawning biomass
 26500.9 22246.7 22757 26063.5 31794.6 38892.3 39434.6 42380.5 41461.7 46569.9 51323.3 56725.4 56887.5 62638.4 71144.7 70079.1 70256.6 65897.2 79867.4 85184 97836.9 95495.7 108960 128537 135335 135342 124108 128656 95283.9 117301 42608.2 17447.3 11618.5 10417.1 10184.6 10141.3 10133.5 10132.1 10131.9 10131.8 10131.8 10131.8 10131.8 10131.8 10131.8 10131.8 10131.8 10131.8 10131.8 10131.8 10131.8 10131.8 10131.8 10131.8 10131.8 10131.8 10131.8 10131.8 10131.8 10131.8 10131.8 10131.8 10131.8 10131.8 10131.8 10131.8 10131.8 10131.8 10131.8 10131.8 10131.8 10131.8 10131.8 10131.8 10131.8 10131.8 10131.8 10131.8 10131.8 10131.8 10131.8 10131.8 10131.8 10131.8 10131.8 10131.8 10131.8 10131.8 10131.8 10131.8 10131.8 10131.8 10131.8 10131.8 10131.8 10131.8 10131.8 10131.8 10131.8 10131.8 10131.8 10131.8 10131.8 10131.8 10131.8 10131.8 10131.8 10131.8 10131.8 10131.8 10131.8 10131.8 10131.8 10131.8 10131.8 10131.8 10131.8 10131.8 10131.8 10131.8 10131.8 10131.8 10131.8 10131.8 10131.8 10131.8 10131.8 10131.8 0 0 0 0 0 0 0 0 0 0 0 0 0 0 0 0 0 0 0 0 0 0 0 0 0
