SBPRF35
0.256306
Curr Bio
87911.5
B35
187986
F35
0.469539
FOFL
0.152279
OFL
10524.2
Bzero
73230.3
#pred survey bio
 4883.91 5848.9 7279.53 10936 17061 22499 26142.1 30815.1 45657.2 63384.7 86874.4 112981 163266 181060 172147 159252 142532 150502 138090 146013 156752 167075 169240 197510 196561 193540 169842 150788 4.5409e+06 2.91614e+06 2.22595e+06 1.61153e+06 1.22062e+06 1.00153e+06 885573 825350 793856 776974 767596 762175 758919 756898 755609 754768 754218 753853 753610 753447 753338 753264 753214 753181 753158 753143 753132 753125 753120 753117 753115 753114 753113 753112 753111 753111 753111 753111 753111 753111 753111 753111 753111 753111 753111 753110 753110 753110 753110 753110 753110 753110 753110 753110 753110 753110 753110 753110 753110 753110 753110 753110 753110 753110 753110 753110 753110 753110 753110 753110 753110 753110 753110 753110 753110 753110 753110 753110 753110 753110 753110 753110 753110 753110 753110 753110 753110 753110 753110 753110 753110 753110 753110 753110 753110 753110 753110 753110 753110 753110 0 0 0 0 0 0 0 0 0 0 0 0 0 0 0 0 0 0 0 0 0 0 0 0 0
#obs survey bio
 4205.54 8588.85 7085.9 11238.4 18931.6 29471.3 25714 27049.9 67408.5 66039.4 78104.5 162467 157235 178669 115406 127658 144054 190896 142035 184573 178439 160840 140266 183567 194576 149491 164945 174643
#pred catch bio
 2471.09 3254.93 3435.34 5431.77 9049.47 12494.2 14862.7 15764 23568.3 33244.6 49914.1 56463.6 92297.9 103619 99655.7 97962.4 77134 87272 74416.6 80884.1 85586.2 93507.2 85487.5 110543 108104 113144 97423.6 95100.8 10524.2 40408.5 30020.3 20508.4 14738.7 11697.7 10214.7 9525.04 9214.04 9076.59 9016.67 8990.79 8979.68 8974.93 8972.91 8972.05 8971.68 8971.53 8971.46 8971.43 8971.42 8971.42 8971.42 8971.41 8971.41 8971.41 8971.41 8971.41 8971.41 8971.41 8971.41 8971.41 8971.41 8971.41 8971.41 8971.41 8971.41 8971.41 8971.41 8971.41 8971.41 8971.41 8971.41 8971.41 8971.41 8971.41 8971.41 8971.41 8971.41 8971.41 8971.41 8971.41 8971.41 8971.41 8971.41 8971.41 8971.41 8971.41 8971.41 8971.41 8971.41 8971.41 8971.41 8971.41 8971.41 8971.41 8971.41 8971.41 8971.41 8971.41 8971.41 8971.41 8971.41 8971.41 8971.41 8971.41 8971.41 8971.41 8971.41 8971.41 8971.41 8971.41 8971.41 8971.41 8971.41 8971.41 8971.41 8971.41 8971.41 8971.41 8971.41 8971.41 8971.41 8971.41 8971.41 8971.41 8971.41 8971.41 8971.41 8971.41 0 0 0 0 0 0 0 0 0 0 0 0 0 0 0 0 0 0 0 0 0 0 0 0 0
#obs catch bio
 2646.34 3004.97 3164.97 5209.11 8842.79 11811.8 14842.9 15195 21038.1 30571.7 52365 52418.6 94625.1 107844 107917 107823 77003.3 84849.4 73429.3 76314.9 84489.1 93171.4 83034.1 112987 108119 121743 106620 97940.4
#pred cpue bio
 3820.65 3906.25 4772.13 7264.72 10969.2 14911.3 17606.5 20347.9 29513.5 41785.8 56980.2 72141.2 107843 122753 122001 112325 97653.3 105792 97717.4 102240 107717 116399 118196 138047 138060 137778 121255 108475 3.08489e+06 2.72952e+06 2.11769e+06 1.50545e+06 1.1146e+06 895500 779547 719323 687829 670948 661570 656149 652893 650871 649582 648742 648191 647826 647583 647421 647311 647237 647188 647154 647131 647116 647106 647099 647094 647091 647088 647087 647086 647085 647085 647085 647084 647084 647084 647084 647084 647084 647084 647084 647084 647084 647084 647084 647084 647084 647084 647084 647084 647084 647084 647084 647084 647084 647084 647084 647084 647084 647084 647084 647084 647084 647084 647084 647084 647084 647084 647084 647084 647084 647084 647084 647084 647084 647084 647084 647084 647084 647084 647084 647084 647084 647084 647084 647084 647084 647084 647084 647084 647084 647084 647084 647084 647084 647084 647084 0 0 0 0 0 0 0 0 0 0 0 0 0 0 0 0 0 0 0 0 0 0 0 0 0
#obs cpue bio
 2314.95 5636.59 5462.22 8219.26 10261.1 15666.8 15968.8 27846.3 40342.4 46786.6 42490.4 85345.2 82832.2 104820 118288 107004 102509 106756 89509.1 119598 86250.3 124609 156467 131913 141357 120546 81572.1 102148
#pred surv len freq
 3.86564e-11 1.81821e-09 5.92179e-08 1.33551e-06 2.08559e-05 0.000225527 0.00168873 0.00875648 0.0314463 0.078261 0.135293 0.16397 0.144235 0.102895 0.0740123 0.0598564 0.0482306 0.0365669 0.027635 0.021691 0.0178588 0.0155195 0.0136357 0.0109506 0.00725037
 4.55025e-11 2.14022e-09 6.97056e-08 1.57204e-06 2.45496e-05 0.000265469 0.0019878 0.0103071 0.0370126 0.0920916 0.15905 0.192044 0.166573 0.11361 0.074355 0.0537152 0.0381068 0.0237626 0.0137098 0.00817931 0.00531201 0.00376111 0.00281585 0.00203946 0.00127519
 4.50953e-11 2.12107e-09 6.90818e-08 1.55797e-06 2.43299e-05 0.000263093 0.00197002 0.010215 0.0366831 0.0912851 0.157748 0.190897 0.166952 0.116801 0.0801537 0.0598175 0.0417379 0.023992 0.0116041 0.00522047 0.00236945 0.00113492 0.000600186 0.000342702 0.000187258
 4.44722e-11 2.09176e-09 6.81272e-08 1.53644e-06 2.39937e-05 0.000259458 0.0019428 0.0100738 0.0361766 0.0900276 0.155594 0.188383 0.165059 0.116167 0.0807528 0.06132 0.0438411 0.0263035 0.0135285 0.00631501 0.00268208 0.00101638 0.00035646 0.000126833 4.79623e-05
 4.621e-11 2.1735e-09 7.07895e-08 1.59648e-06 2.49313e-05 0.000269596 0.00201871 0.0104674 0.0375883 0.0935257 0.161538 0.195099 0.169388 0.11587 0.0762138 0.0550824 0.0385435 0.0230003 0.0118816 0.00564264 0.00246545 0.00094991 0.000315152 9.04945e-05 2.31635e-05
 4.43792e-11 2.08739e-09 6.79848e-08 1.53323e-06 2.39435e-05 0.000258915 0.00193874 0.0100528 0.0361015 0.0898442 0.155302 0.188144 0.165215 0.117035 0.0822123 0.0626317 0.0441812 0.0255868 0.0124311 0.00549708 0.00228756 0.000866315 0.000287496 8.16684e-05 1.94724e-05
 4.35631e-11 2.049e-09 6.67346e-08 1.50503e-06 2.35032e-05 0.000254154 0.00190309 0.009868 0.0354384 0.0881997 0.152498 0.184933 0.162997 0.116769 0.0837663 0.0651034 0.0466624 0.0275983 0.0138107 0.00625005 0.00258494 0.000942345 0.00029675 8.05062e-05 1.85745e-05
 4.47259e-11 2.10369e-09 6.85159e-08 1.5452e-06 2.41306e-05 0.000260938 0.00195388 0.0101313 0.0363828 0.0905394 0.15647 0.189402 0.165814 0.116395 0.0804785 0.0607251 0.0430972 0.025558 0.0129381 0.00596685 0.00252407 0.000939471 0.00029898 8.04283e-05 1.80457e-05
 4.58778e-11 2.15787e-09 7.02805e-08 1.585e-06 2.4752e-05 0.000267658 0.0020042 0.0103921 0.0373185 0.0928577 0.160407 0.193842 0.168647 0.116117 0.0773585 0.0565111 0.0396027 0.0234679 0.011944 0.0055607 0.00238228 0.000901467 0.000292764 8.03988e-05 1.83142e-05
 4.47273e-11 2.10376e-09 6.85181e-08 1.54525e-06 2.41314e-05 0.000260946 0.00195394 0.0101316 0.0363842 0.0905439 0.156485 0.189457 0.165977 0.116745 0.080976 0.0611246 0.0431185 0.0251832 0.0124315 0.00559065 0.0023425 0.000881424 0.000287947 8.0074e-05 1.85354e-05
 4.5082e-11 2.12044e-09 6.90614e-08 1.55751e-06 2.43227e-05 0.000263015 0.00196944 0.0102119 0.0366721 0.0912564 0.157689 0.190781 0.16671 0.116354 0.0795822 0.0594885 0.0420473 0.024892 0.0125733 0.00577369 0.00242766 0.000899624 0.000287136 7.83555e-05 1.79937e-05
 4.634e-11 2.17961e-09 7.09886e-08 1.60097e-06 2.50014e-05 0.000270355 0.00202439 0.0104968 0.0376942 0.0937907 0.162005 0.195707 0.170056 0.116606 0.0769751 0.0555493 0.0383153 0.0220733 0.0107192 0.00472422 0.00194132 0.000717453 0.000229982 6.26915e-05 1.42543e-05
 4.45962e-11 2.09759e-09 6.83172e-08 1.54072e-06 2.40606e-05 0.000260181 0.00194821 0.0101019 0.0362776 0.0902801 0.156038 0.188956 0.165672 0.116816 0.0813961 0.0616833 0.0435854 0.0254524 0.0125172 0.00555885 0.00226928 0.000821341 0.000256624 6.85854e-05 1.54371e-05
 4.31307e-11 2.02866e-09 6.60722e-08 1.49009e-06 2.32699e-05 0.000251631 0.0018842 0.00977008 0.0350872 0.08733 0.151025 0.183287 0.162003 0.117023 0.0851509 0.0668517 0.0479718 0.0282117 0.0139689 0.00625688 0.0025762 0.000937895 0.000292991 7.76171e-05 1.71889e-05
 4.04541e-11 1.90277e-09 6.19719e-08 1.39762e-06 2.18258e-05 0.000236016 0.00176728 0.00916398 0.0329127 0.0819401 0.141855 0.172874 0.155107 0.116975 0.0913938 0.0757859 0.0559275 0.0336733 0.0172142 0.00799141 0.00338208 0.00125235 0.000395562 0.000105585 2.34635e-05
 4.10761e-11 1.93203e-09 6.29248e-08 1.41911e-06 2.21615e-05 0.000239645 0.00179445 0.00930481 0.0334176 0.0831874 0.143949 0.17512 0.156144 0.115739 0.0881322 0.0721748 0.0538035 0.0335219 0.0181656 0.00901239 0.00403099 0.00155792 0.000509884 0.000140059 3.17703e-05
 4.27424e-11 2.0104e-09 6.54773e-08 1.47668e-06 2.30604e-05 0.000249366 0.00186724 0.00968213 0.0347714 0.086545 0.149673 0.181676 0.160674 0.116288 0.0849796 0.0671772 0.0488181 0.029493 0.015367 0.00741634 0.00333489 0.00133698 0.000461105 0.000133501 3.16617e-05
 4.11671e-11 1.9363e-09 6.30641e-08 1.42225e-06 2.22105e-05 0.000240176 0.00179842 0.00932542 0.0334917 0.083373 0.144277 0.175552 0.156633 0.1163 0.0887209 0.0725182 0.0535734 0.0327367 0.0172367 0.00834195 0.00371177 0.00146317 0.000500398 0.000146483 3.58028e-05
 4.07887e-11 1.91851e-09 6.24845e-08 1.40918e-06 2.20064e-05 0.000237968 0.0017819 0.00923973 0.0331842 0.0826102 0.142976 0.174055 0.155575 0.116109 0.089334 0.0735453 0.0546393 0.0336563 0.0179456 0.0088133 0.00396822 0.00157388 0.00053778 0.000156435 3.80162e-05
 4.16713e-11 1.96002e-09 6.38366e-08 1.43967e-06 2.24826e-05 0.000243117 0.00182045 0.00943957 0.0339009 0.084384 0.145975 0.177372 0.157473 0.115295 0.0860706 0.069577 0.0518297 0.0325939 0.0180053 0.00918735 0.00426198 0.00172756 0.000600298 0.000176695 4.31932e-05
 4.27097e-11 2.00886e-09 6.54273e-08 1.47555e-06 2.30428e-05 0.000249176 0.00186581 0.00967473 0.0347447 0.0864771 0.149546 0.181478 0.160359 0.115775 0.0843063 0.0666315 0.0487512 0.0299571 0.0160718 0.00803639 0.00373757 0.0015492 0.000555031 0.000168135 4.20329e-05
 4.17479e-11 1.96362e-09 6.3954e-08 1.44232e-06 2.25239e-05 0.000243564 0.0018238 0.00945695 0.0339636 0.0845424 0.146266 0.177805 0.158107 0.116258 0.0872819 0.0704821 0.0517689 0.031522 0.0165678 0.00805393 0.00363914 0.00147337 0.000521633 0.00015861 4.03197e-05
 4.16494e-11 1.95899e-09 6.3803e-08 1.43892e-06 2.24708e-05 0.000242989 0.00181949 0.00943463 0.0338834 0.0843429 0.145921 0.177387 0.15774 0.11601 0.0871622 0.0705386 0.0520687 0.032014 0.0170573 0.00837183 0.00377048 0.00150097 0.000518297 0.000153742 3.84121e-05
 4.17882e-11 1.96552e-09 6.40156e-08 1.44371e-06 2.25456e-05 0.000243799 0.00182555 0.00946603 0.0339958 0.0846192 0.146375 0.177826 0.157769 0.115287 0.0857829 0.0691731 0.0514776 0.0323619 0.0178763 0.00912415 0.00423563 0.00171894 0.000598602 0.000176975 4.36312e-05
 4.13025e-11 1.94267e-09 6.32716e-08 1.42693e-06 2.22836e-05 0.000240966 0.00180434 0.00935607 0.0336016 0.0836446 0.144734 0.176045 0.156872 0.116055 0.0880268 0.0716873 0.0529688 0.0325195 0.017346 0.00861674 0.00399025 0.00165091 0.000591311 0.000179273 4.49086e-05
 4.04836e-11 1.90415e-09 6.20171e-08 1.39864e-06 2.18418e-05 0.000236188 0.00176857 0.00917063 0.0329362 0.0819945 0.141921 0.172824 0.154647 0.11579 0.089587 0.0741622 0.0554424 0.0345139 0.0187108 0.00936922 0.0043026 0.00174792 0.000617261 0.000187081 4.74709e-05
 4.02724e-11 1.89422e-09 6.16936e-08 1.39134e-06 2.17278e-05 0.000234956 0.00175934 0.00912281 0.0327647 0.0815697 0.141201 0.172018 0.154153 0.115895 0.0902299 0.0749739 0.0560432 0.0347959 0.0188061 0.00941968 0.00434781 0.00177681 0.000628031 0.000189183 4.75819e-05
 3.98123e-11 1.87258e-09 6.09888e-08 1.37545e-06 2.14796e-05 0.000232272 0.00173924 0.00901862 0.0323908 0.0806423 0.139618 0.170197 0.152868 0.115666 0.0909837 0.0762422 0.0573693 0.0359382 0.0196634 0.00996037 0.00462608 0.00189579 0.000671759 0.000202955 5.11338e-05
#obs surv len freq
 4.08591e-11 1.92181e-09 6.25922e-08 1.41161e-06 2.20444e-05 0.000238379 0.00178497 0.00925566 0.0332415 0.0827515 0.143214 0.174314 0.15571 0.116007 0.089014 0.0731602 0.0543601 0.033549 0.0179703 0.00890037 0.00406303 0.00164561 0.0005787 0.000174279 4.39812e-05
 4.93207e-11 2.31981e-09 7.55546e-08 1.70395e-06 2.66096e-05 0.000287744 0.00215459 0.0111717 0.0401151 0.0997861 0.17217 0.207088 0.177035 0.115118 0.0677898 0.0437172 0.0291391 0.0173934 0.00921249 0.00452914 0.0020506 0.000821856 0.000285301 8.47032e-05 2.10748e-05
 4.15856e-11 1.95598e-09 6.37051e-08 1.43671e-06 2.24363e-05 0.000242617 0.00181671 0.00942025 0.0338329 0.0842269 0.145788 0.177542 0.158885 0.118892 0.0914789 0.0742377 0.0527776 0.0294381 0.0131547 0.00519935 0.00198316 0.000727685 0.000243651 7.11092e-05 1.74636e-05
 4.73604e-11 2.22761e-09 7.25517e-08 1.63622e-06 2.5552e-05 0.000276308 0.00206896 0.0107278 0.0385229 0.0958408 0.165469 0.19953 0.172209 0.115583 0.073115 0.0509788 0.0352795 0.02117 0.0109966 0.00511946 0.00209314 0.000720429 0.000208069 5.19643e-05 1.14056e-05
 4.45945e-11 2.09751e-09 6.83145e-08 1.54066e-06 2.40597e-05 0.000260171 0.00194814 0.0101016 0.0362767 0.0902799 0.156054 0.189054 0.166004 0.117555 0.0824563 0.0625373 0.0436359 0.0246699 0.0114703 0.00479361 0.00189978 0.000691062 0.000217732 5.71134e-05 1.21957e-05
 4.34885e-11 2.04549e-09 6.66202e-08 1.50245e-06 2.3463e-05 0.000253719 0.00189983 0.0098511 0.035378 0.0880506 0.152251 0.184682 0.162935 0.117055 0.0843649 0.0657322 0.0469982 0.0275487 0.0135308 0.00594383 0.0023627 0.000819189 0.000242885 6.17416e-05 1.3328e-05
 4.33809e-11 2.04043e-09 6.64554e-08 1.49874e-06 2.3405e-05 0.000253091 0.00189513 0.00982674 0.0352905 0.0878328 0.151874 0.184224 0.162527 0.116763 0.084188 0.0657078 0.0472026 0.027976 0.0140463 0.00638383 0.00264471 0.000956186 0.000292486 7.48565e-05 1.58554e-05
 4.58187e-11 2.15509e-09 7.019e-08 1.58296e-06 2.47202e-05 0.000267314 0.00200162 0.0103787 0.0372707 0.0927394 0.160209 0.193632 0.168559 0.116259 0.0777066 0.0568947 0.0398305 0.0234842 0.0118318 0.00542732 0.00228328 0.000844971 0.000266843 7.08495e-05 1.55229e-05
 4.70703e-11 2.21396e-09 7.21072e-08 1.6262e-06 2.53954e-05 0.000274615 0.00205629 0.0106622 0.0382876 0.0952613 0.164508 0.198553 0.171952 0.116652 0.0753207 0.0531569 0.036161 0.0205636 0.00979248 0.00420838 0.0016903 0.000614333 0.000194462 5.24023e-05 1.17471e-05
 4.42193e-11 2.07986e-09 6.77398e-08 1.5277e-06 2.38573e-05 0.000257983 0.00193175 0.0100166 0.035972 0.0895246 0.15477 0.1876 0.165057 0.117593 0.0834093 0.0638931 0.0448545 0.0254936 0.0118936 0.00492289 0.00188266 0.000647693 0.000194122 5.0081e-05 1.09612e-05
 4.53627e-11 2.13364e-09 6.94914e-08 1.56721e-06 2.44742e-05 0.000264653 0.0019817 0.0102755 0.0369004 0.0918227 0.158657 0.191906 0.167541 0.116598 0.0792834 0.0588791 0.041332 0.0241801 0.0119402 0.0052879 0.00211459 0.000732247 0.000214073 5.28376e-05 1.09856e-05
 4.54674e-11 2.13857e-09 6.96518e-08 1.57082e-06 2.45307e-05 0.000265264 0.00198627 0.0102992 0.0369856 0.0920345 0.159023 0.192346 0.167918 0.116834 0.0793663 0.0587721 0.0409846 0.0236623 0.0114593 0.00500532 0.00201914 0.000723226 0.00022129 5.66917e-05 1.19501e-05
 4.33789e-11 2.04034e-09 6.64524e-08 1.49867e-06 2.34039e-05 0.00025308 0.00189504 0.0098263 0.0352891 0.0878312 0.151884 0.184295 0.162779 0.11733 0.0850122 0.0663998 0.047309 0.0274429 0.0132571 0.00574551 0.00229023 0.00081041 0.000246629 6.37062e-05 1.37325e-05
 4.02187e-11 1.8917e-09 6.16113e-08 1.38949e-06 2.16989e-05 0.000234643 0.001757 0.00911069 0.0327218 0.0814672 0.141055 0.171988 0.154598 0.117187 0.0922628 0.076862 0.0567236 0.0340146 0.0172274 0.00787246 0.00325726 0.00117018 0.000356164 9.14032e-05 1.9581e-05
 3.76407e-11 1.77044e-09 5.7662e-08 1.30042e-06 2.0308e-05 0.000219603 0.00164438 0.00852689 0.030627 0.0762716 0.132195 0.161825 0.147524 0.116186 0.0968856 0.0842761 0.0641441 0.0400982 0.0216502 0.010656 0.00470753 0.00178649 0.000570137 0.000151775 3.32284e-05
 4.20871e-11 1.97957e-09 6.44734e-08 1.45404e-06 2.27069e-05 0.000245543 0.00183861 0.00953369 0.0342385 0.0852191 0.147385 0.178925 0.158334 0.114841 0.0844352 0.0676326 0.0505133 0.0321867 0.0181537 0.00944744 0.00442818 0.00179118 0.000611838 0.000173883 4.02762e-05
 4.0969e-11 1.92699e-09 6.27606e-08 1.41541e-06 2.21037e-05 0.00023902 0.00178977 0.00928056 0.033331 0.0829752 0.143606 0.174817 0.156236 0.116539 0.0895099 0.0733809 0.0540243 0.0327139 0.0170641 0.00830103 0.00380984 0.00157842 0.000566996 0.000171298 4.2274e-05
 4.01579e-11 1.88884e-09 6.15182e-08 1.38739e-06 2.16661e-05 0.000234288 0.00175434 0.00909689 0.032672 0.0813404 0.140817 0.171613 0.153992 0.116192 0.0909479 0.0757877 0.0565734 0.0348942 0.0185815 0.00907622 0.00405143 0.0015978 0.000549423 0.000163444 4.10218e-05
 3.99843e-11 1.88067e-09 6.12522e-08 1.38139e-06 2.15724e-05 0.000233275 0.00174676 0.00905757 0.0325307 0.0809888 0.140209 0.170874 0.153337 0.115729 0.0906789 0.0757773 0.0569432 0.035619 0.0194193 0.00975634 0.00446142 0.0017833 0.000611048 0.000177902 4.33502e-05
 4.2931e-11 2.01927e-09 6.57662e-08 1.48319e-06 2.31622e-05 0.000250466 0.00187547 0.00972481 0.0349244 0.0869211 0.150294 0.18229 0.160773 0.115438 0.0833053 0.0655109 0.0480922 0.0298937 0.016305 0.00824532 0.0038233 0.00155997 0.000546876 0.000162107 3.97804e-05
 4.1818e-11 1.96692e-09 6.40612e-08 1.44474e-06 2.25617e-05 0.000243973 0.00182686 0.00947281 0.0340207 0.0846852 0.146517 0.178132 0.158464 0.116648 0.0876787 0.0707121 0.0516194 0.0310047 0.0159479 0.00758839 0.00338794 0.00136526 0.000480582 0.000144368 3.60431e-05
 4.07765e-11 1.91793e-09 6.24657e-08 1.40876e-06 2.19998e-05 0.000237897 0.00178136 0.00923697 0.0331745 0.0825864 0.142939 0.17403 0.15562 0.116278 0.0896185 0.0738308 0.0547824 0.0336023 0.0177514 0.00858216 0.00378419 0.00146825 0.000493979 0.000143404 3.52478e-05
 4.14867e-11 1.95133e-09 6.35536e-08 1.43329e-06 2.23829e-05 0.00024204 0.00181238 0.00939776 0.0337512 0.084014 0.145355 0.176718 0.157205 0.115752 0.0871739 0.0707762 0.0525134 0.0325984 0.0176227 0.00877172 0.00397543 0.00157399 0.000533028 0.000152887 3.65873e-05
 4.08565e-11 1.92169e-09 6.25883e-08 1.41152e-06 2.2043e-05 0.000238364 0.00178486 0.00925508 0.0332394 0.0827465 0.143206 0.174311 0.155726 0.116057 0.0890918 0.0732273 0.0543742 0.0335084 0.0179131 0.00885873 0.00403864 0.0016282 0.000565029 0.000165791 4.02334e-05
 4.00495e-11 1.88373e-09 6.1352e-08 1.38364e-06 2.16076e-05 0.000233655 0.0017496 0.00907232 0.0325837 0.0811205 0.140435 0.171142 0.153554 0.115838 0.0906816 0.0756849 0.0567567 0.0353668 0.0191759 0.00959102 0.00438638 0.00176516 0.000612845 0.000181235 4.46411e-05
 3.93404e-11 1.85038e-09 6.02658e-08 1.35915e-06 2.1225e-05 0.000229519 0.00171863 0.00891176 0.0320075 0.0796911 0.137996 0.168333 0.151561 0.115457 0.091795 0.0775755 0.0587374 0.0370938 0.0205199 0.0104962 0.00489371 0.00199899 0.000701409 0.00020873 5.16266e-05
 3.73256e-11 1.75562e-09 5.71793e-08 1.28954e-06 2.0138e-05 0.000217764 0.00163062 0.00845551 0.0303706 0.0756333 0.131089 0.160474 0.146307 0.115277 0.0962713 0.0840703 0.0645883 0.0412142 0.0231049 0.0120152 0.00570554 0.00237813 0.00085205 0.000258354 6.48397e-05
 4.03815e-11 1.89935e-09 6.18607e-08 1.39511e-06 2.17867e-05 0.000235592 0.0017641 0.00914746 0.0328527 0.081782 0.141524 0.172204 0.153662 0.11419 0.0874915 0.0724801 0.0552788 0.0360246 0.0209613 0.0113139 0.00552193 0.00235012 0.0008587 0.00026565 6.80089e-05
#pred catch len freq
 3.13756e-11 1.47576e-09 4.80646e-08 1.08398e-06 1.69278e-05 0.000183051 0.00137069 0.00710767 0.0255297 0.0635813 0.110224 0.135046 0.123521 0.0983345 0.0840923 0.0768599 0.0649448 0.0500982 0.0381992 0.0301223 0.0248451 0.0216019 0.0189823 0.0152447 0.0100935
 4.05892e-11 1.90912e-09 6.21789e-08 1.40229e-06 2.18988e-05 0.000236804 0.00177318 0.00919448 0.033021 0.0821968 0.142212 0.1729 0.15382 0.113287 0.0853643 0.0694023 0.0517665 0.0328366 0.0191073 0.0114658 0.00746856 0.00529331 0.00396391 0.00287111 0.0017952
 3.93365e-11 1.8502e-09 6.02598e-08 1.35901e-06 2.12229e-05 0.000229496 0.00171846 0.00891094 0.0320052 0.0796938 0.138055 0.168659 0.152657 0.117886 0.0952813 0.0803941 0.0588974 0.0344059 0.0167815 0.00760499 0.00347017 0.00166647 0.000882058 0.000503759 0.000275274
 3.87544e-11 1.82282e-09 5.93681e-08 1.3389e-06 2.09088e-05 0.0002261 0.00169303 0.0087791 0.031532 0.0785174 0.136031 0.166256 0.150712 0.11691 0.0953114 0.0814281 0.0609875 0.0371693 0.0192749 0.00905427 0.00386115 0.00146613 0.000514635 0.00018318 6.9279e-05
 4.13453e-11 1.94469e-09 6.33372e-08 1.42841e-06 2.23067e-05 0.000241216 0.00180621 0.00936579 0.0336366 0.0837327 0.144894 0.176273 0.157179 0.116495 0.0885856 0.0721649 0.0530985 0.0322219 0.0167806 0.00801613 0.00351538 0.00135678 0.000450452 0.000129382 3.31213e-05
 3.9251e-11 1.84618e-09 6.01289e-08 1.35606e-06 2.11768e-05 0.000228997 0.00171473 0.00889159 0.0319359 0.0795223 0.137766 0.168346 0.152503 0.118041 0.0957555 0.0810578 0.0595842 0.0349776 0.017112 0.00761104 0.00318037 0.00120693 0.000400864 0.000113907 2.71624e-05
 3.83543e-11 1.804e-09 5.87552e-08 1.32508e-06 2.0693e-05 0.000223766 0.00167556 0.00868853 0.0312072 0.0777149 0.134682 0.164801 0.15001 0.117626 0.0972893 0.0836401 0.0623181 0.037336 0.0188106 0.00855922 0.00355302 0.00129764 0.00040895 0.00011098 2.56089e-05
 3.92351e-11 1.84543e-09 6.01045e-08 1.35551e-06 2.11682e-05 0.000228904 0.00171403 0.00888796 0.0319226 0.0794866 0.137687 0.16817 0.15209 0.117225 0.0946257 0.0801684 0.0595709 0.0358748 0.018306 0.00849514 0.00360832 0.00134572 0.000428614 0.000115339 2.58822e-05
 4.07767e-11 1.91794e-09 6.24662e-08 1.40877e-06 2.19999e-05 0.000237898 0.00178137 0.00923704 0.0331748 0.0825894 0.142957 0.174112 0.155883 0.116857 0.0904541 0.0745311 0.0548923 0.0330721 0.01697 0.00794921 0.00341904 0.00129624 0.000421296 0.000115731 2.63661e-05
 3.93741e-11 1.85197e-09 6.03175e-08 1.36031e-06 2.12432e-05 0.000229715 0.00172011 0.00891946 0.0320357 0.0797687 0.138178 0.168777 0.152665 0.117703 0.0949806 0.0802519 0.0591903 0.0350843 0.0174512 0.00789676 0.00332289 0.00125296 0.000409671 0.000113961 2.63829e-05
 4.03366e-11 1.89724e-09 6.17919e-08 1.39356e-06 2.17625e-05 0.00023533 0.00176215 0.00913738 0.0328173 0.081704 0.141456 0.172433 0.154856 0.117087 0.0918314 0.0763137 0.0562934 0.0338 0.0171923 0.00793654 0.00334865 0.00124303 0.000397021 0.000108372 2.48897e-05
 4.12446e-11 1.93995e-09 6.31829e-08 1.42493e-06 2.22524e-05 0.000240628 0.00180181 0.00934301 0.0335552 0.0835347 0.144581 0.176035 0.157421 0.1176 0.0904241 0.0738569 0.0536331 0.0314269 0.0153874 0.00682607 0.00281791 0.00104382 0.000334916 9.13286e-05 2.07686e-05
 3.96289e-11 1.86395e-09 6.07077e-08 1.36911e-06 2.13806e-05 0.000231202 0.00173123 0.00897714 0.0322427 0.0802818 0.139051 0.16977 0.153328 0.117725 0.0944251 0.07947 0.0585275 0.0346473 0.0171566 0.00766129 0.0031395 0.00113851 0.000356007 9.51775e-05 2.14253e-05
 3.78597e-11 1.78074e-09 5.79975e-08 1.30799e-06 2.04261e-05 0.00022088 0.00165395 0.00857653 0.0308056 0.0767203 0.132998 0.162924 0.148889 0.117955 0.0989268 0.0856828 0.0638175 0.0379971 0.0189388 0.00852941 0.00352516 0.00128581 0.000401991 0.000106526 2.35942e-05
 3.46632e-11 1.63039e-09 5.31008e-08 1.19756e-06 1.87016e-05 0.000202232 0.00151432 0.0078527 0.0282087 0.0702831 0.122044 0.150474 0.140608 0.117796 0.106235 0.0962293 0.0733009 0.0446163 0.0229558 0.0107142 0.00455058 0.00168796 0.000533537 0.000142456 3.1661e-05
 3.58129e-11 1.68447e-09 5.48621e-08 1.23728e-06 1.93219e-05 0.000208939 0.00156454 0.008113 0.029142 0.0725909 0.125933 0.15471 0.142802 0.116124 0.101098 0.0903112 0.069512 0.0437879 0.0238755 0.0118998 0.00533714 0.00206536 0.000676311 0.000185814 4.21534e-05
 3.70192e-11 1.74121e-09 5.671e-08 1.27895e-06 1.99727e-05 0.000215977 0.00161724 0.00838618 0.0301223 0.0750236 0.13009 0.159521 0.14629 0.116977 0.0994622 0.0871988 0.0658954 0.0403435 0.0211772 0.0102808 0.00464021 0.0018635 0.00064312 0.000186246 4.41754e-05
 3.55168e-11 1.67054e-09 5.44085e-08 1.22705e-06 1.91621e-05 0.000207212 0.00155161 0.00804597 0.0289018 0.0719981 0.124942 0.153669 0.142398 0.116906 0.102917 0.0922113 0.0704504 0.0435498 0.0230835 0.0112307 0.0050137 0.00197946 0.000677387 0.000198342 4.84829e-05
 3.45963e-11 1.62724e-09 5.29983e-08 1.19524e-06 1.86655e-05 0.000201842 0.0015114 0.00783752 0.0281539 0.0701435 0.121782 0.150058 0.13993 0.116675 0.104748 0.0950042 0.0731092 0.0455912 0.0244886 0.0120967 0.00546619 0.0021716 0.000742506 0.000216044 5.25081e-05
 3.58156e-11 1.68459e-09 5.48661e-08 1.23737e-06 1.93233e-05 0.000208955 0.00156466 0.00811358 0.0291439 0.0725939 0.125926 0.154644 0.142561 0.11557 0.100269 0.0895469 0.0692318 0.0441049 0.0245433 0.0125908 0.00585913 0.00237829 0.000826876 0.000243442 5.95154e-05
 3.70183e-11 1.74117e-09 5.67086e-08 1.27892e-06 1.99722e-05 0.000215972 0.0016172 0.00838596 0.0301213 0.0750188 0.130066 0.159418 0.145965 0.116261 0.0984164 0.0862866 0.0656699 0.0409024 0.0221091 0.0111184 0.00518879 0.00215404 0.000772179 0.000233967 5.84958e-05
 3.59929e-11 1.69294e-09 5.51378e-08 1.2435e-06 1.9419e-05 0.00020999 0.00157241 0.00815379 0.0292886 0.0729568 0.126572 0.155518 0.143614 0.116887 0.101754 0.0905403 0.0689334 0.0424938 0.0224926 0.0109956 0.00498583 0.0020219 0.000716288 0.000217849 5.5384e-05
 3.52814e-11 1.65947e-09 5.40479e-08 1.21891e-06 1.90351e-05 0.000205839 0.00154133 0.00799266 0.0287104 0.0715228 0.124126 0.15271 0.141651 0.11659 0.103011 0.0926042 0.0710621 0.0442878 0.0237852 0.0117469 0.00531093 0.00211796 0.00073187 0.000217154 5.42621e-05
 3.60217e-11 1.69429e-09 5.51819e-08 1.24449e-06 1.94345e-05 0.000210157 0.00157366 0.00816026 0.0293114 0.0730089 0.126631 0.155444 0.143085 0.11556 0.0997671 0.0888396 0.068613 0.0436939 0.0243115 0.0124745 0.0058088 0.00236063 0.000822516 0.000243229 5.99709e-05
 3.53375e-11 1.66211e-09 5.41337e-08 1.22085e-06 1.90654e-05 0.000206166 0.00154378 0.00800535 0.028756 0.0716358 0.124319 0.152931 0.141805 0.116606 0.102876 0.0923392 0.07071 0.0439529 0.0236157 0.0117988 0.00548308 0.00227215 0.000814315 0.000246939 6.18649e-05
 3.47389e-11 1.63395e-09 5.32167e-08 1.20017e-06 1.87424e-05 0.000202673 0.00151763 0.00786979 0.0282695 0.0704286 0.122256 0.150546 0.140082 0.116201 0.103719 0.0939234 0.0725408 0.0456744 0.0249269 0.012546 0.00577925 0.0023511 0.00083073 0.000251834 6.39076e-05
 3.43612e-11 1.61619e-09 5.26382e-08 1.18712e-06 1.85386e-05 0.00020047 0.00150113 0.00778427 0.0279628 0.0696687 0.120967 0.149098 0.139178 0.116344 0.104807 0.0953316 0.0736264 0.0462394 0.0251625 0.0126709 0.00586737 0.00240131 0.000849247 0.000255877 6.43621e-05
 3.44983e-11 1.62263e-09 5.28482e-08 1.19186e-06 1.86126e-05 0.00020127 0.00150712 0.0078153 0.028074 0.0699432 0.121426 0.149582 0.139371 0.115993 0.103979 0.0944526 0.0731642 0.0462982 0.0254819 0.0129657 0.00603791 0.00247732 0.000878235 0.000265386 6.6868e-05
#obs catch len freq
 3.57734e-11 1.68261e-09 5.48015e-08 1.23591e-06 1.93006e-05 0.000208709 0.00156282 0.00810405 0.0291101 0.0725117 0.125799 0.154565 0.142729 0.116178 0.101238 0.0903914 0.0694025 0.0435435 0.0237114 0.0119582 0.00555262 0.00228482 0.000815572 0.000248888 6.3523e-05
 3.58818e-11 1.68771e-09 5.49675e-08 1.23966e-06 1.9359e-05 0.000209341 0.00156755 0.0081286 0.0291982 0.0727309 0.126177 0.155019 0.143111 0.116408 0.101323 0.0903338 0.0691779 0.0431717 0.0232931 0.0116065 0.00531917 0.00215879 0.000759975 0.000229009 5.78137e-05
 4.60516e-11 2.16605e-09 7.05467e-08 1.59101e-06 2.48458e-05 0.000268672 0.00201179 0.0104315 0.0374595 0.0932047 0.160982 0.19442 0.168775 0.115414 0.0759229 0.0550398 0.0388833 0.0236893 0.0126662 0.00626709 0.00284874 0.00114409 0.000397588 0.000118112 2.93978e-05
 3.68323e-11 1.73241e-09 5.64236e-08 1.27249e-06 1.98718e-05 0.000214886 0.00160908 0.00834395 0.029972 0.0746613 0.129545 0.159244 0.147268 0.120191 0.10456 0.0917545 0.0671104 0.037787 0.0169818 0.00675406 0.00259102 0.000954083 0.00031999 9.34608e-05 2.29619e-05
 4.36336e-11 2.05231e-09 6.68426e-08 1.50747e-06 2.35413e-05 0.000254565 0.00190617 0.00988393 0.0354955 0.0883383 0.152716 0.185099 0.162829 0.116006 0.082522 0.0640357 0.0464941 0.0283677 0.014857 0.00695756 0.00285539 0.000984789 0.000284754 7.1174e-05 1.56309e-05
 4.03314e-11 1.897e-09 6.17839e-08 1.39338e-06 2.17597e-05 0.0002353 0.00176192 0.00913625 0.0328139 0.0817001 0.141482 0.17262 0.155515 0.118565 0.0939656 0.0780642 0.056471 0.0323145 0.0151255 0.00636172 0.00253438 0.00092464 0.000291738 7.65793e-05 1.63588e-05
 3.9044e-11 1.83644e-09 5.98118e-08 1.34891e-06 2.10651e-05 0.00022779 0.00170569 0.00884471 0.0317678 0.0791047 0.137051 0.167514 0.151884 0.117855 0.0960053 0.081642 0.0603893 0.0358156 0.0177114 0.00782672 0.00312466 0.00108602 0.000322423 8.20253e-05 1.77155e-05
 3.8863e-11 1.82793e-09 5.95345e-08 1.34265e-06 2.09675e-05 0.000226734 0.00169778 0.00880372 0.0316206 0.0787385 0.13642 0.166757 0.151247 0.117473 0.0958684 0.0817444 0.0607751 0.036455 0.0184336 0.00842899 0.00350695 0.00127088 0.000389215 9.96823e-05 2.11231e-05
 4.18474e-11 1.9683e-09 6.41063e-08 1.44576e-06 2.25776e-05 0.000244145 0.00182814 0.00947949 0.0340448 0.0847454 0.146624 0.178276 0.158636 0.116866 0.0879482 0.0709659 0.0517482 0.0309419 0.0157062 0.00724809 0.00306196 0.00113567 0.000359062 9.53971e-05 2.09096e-05
 4.33202e-11 2.03757e-09 6.63624e-08 1.49664e-06 2.33722e-05 0.000252737 0.00189248 0.00981301 0.0352415 0.0877135 0.151686 0.184084 0.162681 0.117445 0.0853085 0.0667067 0.0474478 0.0273917 0.0131433 0.00568477 0.0022944 0.000836173 0.000265046 7.1475e-05 1.60294e-05
 3.99086e-11 1.87711e-09 6.11362e-08 1.37877e-06 2.15316e-05 0.000232834 0.00174345 0.0090405 0.0324704 0.0808488 0.140034 0.17098 0.154441 0.118596 0.0950247 0.0795881 0.0578629 0.033276 0.0156263 0.00650761 0.002501 0.000862928 0.00025902 6.68792e-05 1.4645e-05
 4.1207e-11 1.93818e-09 6.31253e-08 1.42363e-06 2.22321e-05 0.000240409 0.00180017 0.00933449 0.0335247 0.0834578 0.144444 0.175849 0.157196 0.117321 0.0901309 0.0737246 0.0538486 0.0319346 0.0158862 0.00707873 0.00284308 0.000986892 0.00028889 7.13595e-05 1.48441e-05
 4.13585e-11 1.94531e-09 6.33573e-08 1.42887e-06 2.23138e-05 0.000241293 0.00180679 0.0093688 0.0336479 0.0837642 0.144972 0.176483 0.15773 0.117637 0.0902156 0.0735434 0.0533492 0.0312172 0.0152282 0.0066934 0.00271267 0.000974151 0.000298457 7.6516e-05 1.61359e-05
 3.88281e-11 1.82628e-09 5.94809e-08 1.34144e-06 2.09486e-05 0.00022653 0.00169625 0.00879581 0.0315925 0.0786714 0.136323 0.166727 0.151501 0.118231 0.0970462 0.0827781 0.0610139 0.035808 0.0174173 0.00759589 0.00304214 0.00107936 0.000328932 8.50315e-05 1.8338e-05
 3.51964e-11 1.65547e-09 5.39176e-08 1.21598e-06 1.89893e-05 0.000205343 0.00153761 0.00797344 0.0286421 0.0713573 0.123874 0.152564 0.142034 0.117923 0.105172 0.094631 0.0718131 0.0435013 0.0221808 0.0101972 0.00423701 0.00152569 0.000464938 0.000119406 2.55918e-05
 3.24227e-11 1.52501e-09 4.96685e-08 1.12015e-06 1.74928e-05 0.000189161 0.00141645 0.00734532 0.0263882 0.0657662 0.114333 0.141588 0.134288 0.116548 0.109714 0.10224 0.0797275 0.0503098 0.0273457 0.0135348 0.00600096 0.00228167 0.000728912 0.000194162 4.25252e-05
 3.72577e-11 1.75242e-09 5.70753e-08 1.28719e-06 2.01014e-05 0.000217368 0.00162765 0.00844013 0.0303153 0.075495 0.130845 0.160158 0.145962 0.114906 0.0959088 0.0839029 0.0648324 0.0418314 0.0237742 0.0124432 0.00585237 0.00237143 0.000810807 0.000230559 5.34224e-05
 3.59951e-11 1.69304e-09 5.51411e-08 1.24357e-06 1.94202e-05 0.000210002 0.0015725 0.00815428 0.0292906 0.0729621 0.126586 0.155558 0.143722 0.117108 0.102048 0.0907288 0.0688289 0.0421363 0.0221385 0.0108382 0.00499563 0.00207427 0.000745909 0.000225477 5.56623e-05
 3.49653e-11 1.6446e-09 5.35635e-08 1.20799e-06 1.88646e-05 0.000203994 0.00152752 0.00792107 0.0284538 0.0708864 0.123045 0.151487 0.14086 0.116638 0.103834 0.0937548 0.0720694 0.0449414 0.024108 0.0118487 0.00531055 0.00209893 0.00072258 0.000215101 5.40086e-05
 3.47979e-11 1.63672e-09 5.33071e-08 1.20221e-06 1.87742e-05 0.000203017 0.0015202 0.00788314 0.0283175 0.0705466 0.122453 0.150751 0.140154 0.116027 0.103334 0.0935341 0.0723746 0.0457737 0.0251407 0.0127072 0.00583305 0.00233621 0.000801354 0.000233454 5.69085e-05
 3.81727e-11 1.79546e-09 5.84769e-08 1.3188e-06 2.0595e-05 0.000222706 0.00166762 0.00864733 0.031059 0.0773408 0.134003 0.163829 0.148679 0.115713 0.0949152 0.0817938 0.0622299 0.0391857 0.0215415 0.0109604 0.00510181 0.00208576 0.000731958 0.000217098 5.32939e-05
 3.68139e-11 1.73155e-09 5.63953e-08 1.27186e-06 1.98619e-05 0.000214779 0.00160827 0.00833968 0.0299558 0.0746116 0.129396 0.158767 0.145908 0.117295 0.100406 0.0882707 0.0665563 0.0404453 0.0209612 0.0100403 0.00450314 0.00181903 0.000641083 0.000192707 4.81292e-05
 3.559e-11 1.67398e-09 5.45205e-08 1.22958e-06 1.92016e-05 0.000207639 0.00155481 0.00806254 0.0289613 0.0721449 0.125188 0.153935 0.142526 0.116776 0.102565 0.0918435 0.0702792 0.0436013 0.0232074 0.0112914 0.00499977 0.00194426 0.000654918 0.00019026 4.67849e-05
 3.63534e-11 1.70989e-09 5.56899e-08 1.25595e-06 1.96134e-05 0.000212092 0.00158815 0.00823537 0.0295811 0.0736791 0.127783 0.156809 0.144182 0.116101 0.0997787 0.0884205 0.0678038 0.0426063 0.0232144 0.0116286 0.00529162 0.00209955 0.000711807 0.000204301 4.89109e-05
 3.56056e-11 1.67471e-09 5.45444e-08 1.23011e-06 1.921e-05 0.00020773 0.00155548 0.00806605 0.0289738 0.072175 0.125233 0.153956 0.142439 0.11649 0.102091 0.0913564 0.0700074 0.0436509 0.0235177 0.0117068 0.00535983 0.00216565 0.000752395 0.00022091 5.36301e-05
 3.46298e-11 1.62882e-09 5.30495e-08 1.1964e-06 1.86835e-05 0.000202037 0.00151286 0.00784508 0.028181 0.0702088 0.121882 0.150119 0.139792 0.116181 0.10395 0.0942759 0.0728833 0.0459428 0.0251065 0.0126391 0.00580452 0.00234095 0.000813691 0.000240791 5.93345e-05
 3.38592e-11 1.59257e-09 5.18691e-08 1.16978e-06 1.82678e-05 0.000197541 0.0014792 0.00767058 0.0275548 0.0686549 0.119227 0.147051 0.137579 0.115661 0.105005 0.0961961 0.0750041 0.0479054 0.0267084 0.0137485 0.00643543 0.00263415 0.000925284 0.000275528 6.81742e-05
 3.16532e-11 1.48881e-09 4.84896e-08 1.09356e-06 1.70776e-05 0.000184671 0.00138283 0.00717102 0.0257625 0.0642116 0.111663 0.138435 0.131788 0.115382 0.109786 0.103199 0.0813777 0.0524736 0.0296429 0.0155117 0.0073944 0.0030882 0.00110762 0.000336052 8.43703e-05
#spawning biomass
 3288.01 2911.46 3503.15 5412.24 7853.67 11094.3 13336.8 15059.3 21282.1 30883.3 41834.7 51276.8 79900.4 93707.4 97584.2 89262.9 75320.1 83838.6 77948.4 80588.1 83285.5 91387.5 93005.9 108605 109279 110522 97559.4 87911.5 67318.2 126089 92540.2 62266.4 43944 34287.6 29578.4 27388.6 26401 25964.6 25774.3 25692.1 25656.9 25641.8 25635.4 25632.6 25631.5 25631 25630.8 25630.7 25630.6 25630.6 25630.6 25630.6 25630.6 25630.6 25630.6 25630.6 25630.6 25630.6 25630.6 25630.6 25630.6 25630.6 25630.6 25630.6 25630.6 25630.6 25630.6 25630.6 25630.6 25630.6 25630.6 25630.6 25630.6 25630.6 25630.6 25630.6 25630.6 25630.6 25630.6 25630.6 25630.6 25630.6 25630.6 25630.6 25630.6 25630.6 25630.6 25630.6 25630.6 25630.6 25630.6 25630.6 25630.6 25630.6 25630.6 25630.6 25630.6 25630.6 25630.6 25630.6 25630.6 25630.6 25630.6 25630.6 25630.6 25630.6 25630.6 25630.6 25630.6 25630.6 25630.6 25630.6 25630.6 25630.6 25630.6 25630.6 25630.6 25630.6 25630.6 25630.6 25630.6 25630.6 25630.6 25630.6 25630.6 25630.6 25630.6 25630.6 0 0 0 0 0 0 0 0 0 0 0 0 0 0 0 0 0 0 0 0 0 0 0 0 0
