SBPRF35
26.8771
Curr Bio
214510
B35
2.57725e+07
F35
0.0250259
FOFL
0
OFL
0
Bzero
7.67918e+06
#pred survey bio
 10058.2 8461.37 6946.69 7971.38 11981 21066.3 30210.3 39010.5 51911.6 69169.7 88543.1 125907 158322 165667 165576 166978 163359 176058 179432 170239 189429 195167 226800 249057 254378 251653 259078 259909 240875 4.73744e+06 8.68204e+06 1.3487e+07 1.82545e+07 2.26823e+07 2.66189e+07 3.00237e+07 3.29193e+07 3.53593e+07 3.74084e+07 3.91311e+07 4.05863e+07 4.18246e+07 4.28888e+07 4.36919e+07 4.41366e+07 4.45713e+07 4.4996e+07 4.54106e+07 4.58151e+07 4.62095e+07 4.65941e+07 4.6969e+07 4.73344e+07 4.76905e+07 4.80376e+07 4.83759e+07 4.87056e+07 4.9027e+07 4.93403e+07 4.96457e+07 4.99434e+07 5.02338e+07 5.05169e+07 5.0793e+07 5.10622e+07 5.13249e+07 5.15811e+07 5.18311e+07 5.2075e+07 5.2313e+07 5.25453e+07 5.27721e+07 5.29934e+07 5.32096e+07 5.34206e+07 5.36267e+07 5.38279e+07 5.40245e+07 5.42166e+07 5.44043e+07 5.45876e+07 5.47668e+07 5.4942e+07 5.51133e+07 5.52807e+07 5.54444e+07 5.56045e+07 5.57611e+07 5.59142e+07 5.60641e+07 5.62107e+07 5.63542e+07 5.64947e+07 5.66322e+07 5.67668e+07 5.68986e+07 5.70277e+07 5.71541e+07 5.72779e+07 5.73993e+07 5.75182e+07 5.76347e+07 5.77489e+07 5.78608e+07 5.79706e+07 5.80782e+07 5.81838e+07 5.82873e+07 5.83889e+07 5.84885e+07 5.85863e+07 5.86823e+07 5.87765e+07 5.8869e+07 5.89598e+07 5.9049e+07 5.91366e+07 5.92226e+07 5.93071e+07 5.93902e+07 5.94718e+07 5.9552e+07 5.96308e+07 5.97083e+07 5.97846e+07 5.98595e+07 5.99332e+07 6.00058e+07 6.00771e+07 0 0 0 0 0 0 0 0 0 0 0 0 0 0 0 0 0 0 0 0 0 0 0 0 0
#obs survey bio
 10313 8224.96 9179.46 9747.06 15644.4 28979.1 27834.3 40619.8 47502.5 56553 110640 130046 114928 169166 184448 234525 161589 174332 122275 150262 176125 201098 210367 163736 242726 140831 285239 224871 267566
#pred catch bio
 5665.53 4967.48 4040.66 4305.43 6483.82 14474.5 21613.3 28247.5 36787.3 51104 62362.9 90839.4 120322 127223 125792 130250 123937 133088 142027 126851 149127 147170 174231 193375 201575 196325 203107 208166 207096 0 10018.1 15867.8 21653.2 27051 31856.5 36007.5 39525.1 42472.8 44929.7 46976.4 48686.7 50124.7 51344.3 52243.9 52709.4 53160.3 53597.2 54020.4 54430.3 54827.5 55212.2 55584.9 55945.9 56295.7 56634.5 56962.7 57280.7 57588.7 57887.1 58176.2 58456.2 58727.5 58990.3 59244.8 59491.5 59730.4 59961.8 60186 60403.2 60613.6 60817.4 61014.9 61206.1 61391.4 61570.9 61744.8 61913.3 62076.5 62234.6 62387.7 62536.1 62679.8 62819 62953.9 63084.5 63211.1 63333.7 63452.5 63567.6 63679 63787 63891.6 63993 64091.1 64186.2 64278.3 64367.6 64454.1 64537.8 64618.9 64697.5 64773.7 64847.4 64918.9 64988.1 65055.2 65120.1 65183 65244 65303.1 65360.3 65415.7 65469.4 65521.4 65571.8 65620.6 65667.9 65713.7 65758 65801 65842.7 65883 65922.1 65959.9 65996.6 66032.1 66066.5 66099.9 66132.2 0 0 0 0 0 0 0 0 0 0 0 0 0 0 0 0 0 0 0 0 0 0 0 0 0
#obs catch bio
 4654.17 4899.17 4340.76 3703.44 5077.08 10740.3 17212 22430.2 33485 46403.7 55802.6 76576.7 107141 114904 115965 124714 110673 117473 141648 110236 141825 139190 147420 202322 195069 202651 175742 195680 196514
#pred cpue bio
 8768.72 7815.26 5810 5414.3 8162.78 12485 17573.8 23341.2 29266.2 41176.9 49630.3 71345 96003.8 104883 105501 108286 101146 108265 117680 103696 118474 113149 133740 147439 156801 149403 156326 157941 148001 2.5206e+06 8.50388e+06 1.33643e+07 1.81303e+07 2.2558e+07 2.64947e+07 2.98995e+07 3.27951e+07 3.52351e+07 3.72842e+07 3.90069e+07 4.0462e+07 4.17004e+07 4.27646e+07 4.35677e+07 4.40123e+07 4.44471e+07 4.48718e+07 4.52864e+07 4.56908e+07 4.60853e+07 4.64698e+07 4.68447e+07 4.72101e+07 4.75663e+07 4.79133e+07 4.82516e+07 4.85814e+07 4.89028e+07 4.9216e+07 4.95215e+07 4.98192e+07 5.01095e+07 5.03926e+07 5.06687e+07 5.0938e+07 5.12006e+07 5.14569e+07 5.17068e+07 5.19508e+07 5.21888e+07 5.24211e+07 5.26479e+07 5.28692e+07 5.30853e+07 5.32963e+07 5.35024e+07 5.37037e+07 5.39003e+07 5.40924e+07 5.428e+07 5.44634e+07 5.46426e+07 5.48178e+07 5.4989e+07 5.51564e+07 5.53201e+07 5.54802e+07 5.56368e+07 5.579e+07 5.59399e+07 5.60865e+07 5.623e+07 5.63705e+07 5.65079e+07 5.66426e+07 5.67744e+07 5.69034e+07 5.70299e+07 5.71537e+07 5.7275e+07 5.73939e+07 5.75104e+07 5.76246e+07 5.77366e+07 5.78464e+07 5.7954e+07 5.80595e+07 5.81631e+07 5.82646e+07 5.83643e+07 5.84621e+07 5.85581e+07 5.86523e+07 5.87448e+07 5.88356e+07 5.89247e+07 5.90123e+07 5.90984e+07 5.91829e+07 5.92659e+07 5.93475e+07 5.94277e+07 5.95066e+07 5.95841e+07 5.96603e+07 5.97353e+07 5.9809e+07 5.98815e+07 5.99529e+07 0 0 0 0 0 0 0 0 0 0 0 0 0 0 0 0 0 0 0 0 0 0 0 0 0
#obs cpue bio
 7808.66 5867.58 7141.33 7547.17 15490.5 20218.4 34575.9 61156.6 41152 74572.1 68766.1 135088 187940 158979 125823 114056 144574 161398 187328 193149 181956 136802 273527 161856 227588 202660 289480 235143 192364
#pred surv len freq
 7.81751e-12 8.48888e-10 5.43466e-08 2.05132e-06 4.56495e-05 0.000598968 0.00463482 0.0211755 0.0574637 0.0953705 0.109614 0.118647 0.138838 0.137715 0.107647 0.0761673 0.0512712 0.0315941 0.0186258 0.0111474 0.00703553 0.00485971 0.00361077 0.00253191 0.00140431
 5.10801e-12 5.54669e-10 3.55104e-08 1.34035e-06 2.9828e-05 0.000391391 0.00302929 0.0138565 0.0378263 0.0645781 0.0824612 0.108422 0.14435 0.150966 0.124233 0.0945755 0.0689854 0.0457433 0.0275048 0.0151737 0.00804551 0.00446218 0.00273311 0.00171542 0.000915823
 1.03643e-11 1.12544e-09 7.20514e-08 2.71958e-06 6.05205e-05 0.000794059 0.00614321 0.0280386 0.0756976 0.122501 0.126508 0.104236 0.0954002 0.093743 0.0876324 0.0793123 0.0653273 0.0475114 0.0311568 0.0182154 0.00942196 0.00449219 0.00216711 0.00110831 0.00053066
 1.46021e-11 1.58561e-09 1.01512e-07 3.83159e-06 8.52665e-05 0.00111873 0.00865478 0.0394958 0.106547 0.171754 0.174163 0.13454 0.108816 0.0885579 0.0581939 0.0341924 0.0234403 0.0184536 0.013856 0.00905333 0.00505498 0.00241543 0.00102377 0.000415884 0.000163519
 1.3332e-11 1.44769e-09 9.26827e-08 3.49831e-06 7.78501e-05 0.00102144 0.00790261 0.0360752 0.0974828 0.158463 0.166878 0.144945 0.135884 0.115964 0.0714905 0.0331232 0.014318 0.00685129 0.00393445 0.00258944 0.00161383 0.000845113 0.000363178 0.000131918 4.23995e-05
 1.56117e-11 1.69524e-09 1.08531e-07 4.0965e-06 9.11617e-05 0.00119608 0.00925314 0.0422261 0.113908 0.183589 0.186011 0.143271 0.115213 0.0928225 0.0588179 0.0298896 0.0139203 0.00588011 0.00222354 0.000882645 0.000425817 0.000222587 0.000102557 3.78686e-05 1.11344e-05
 1.5207e-11 1.65129e-09 1.05717e-07 3.9903e-06 8.87986e-05 0.00116508 0.00901363 0.0411399 0.111072 0.179768 0.185653 0.151945 0.131743 0.105827 0.0584365 0.0196994 0.00394358 0.000466461 3.27105e-05 1.41798e-06 5.87245e-08 9.33543e-09 3.4045e-09 1.24598e-09 3.67228e-10
 1.47995e-11 1.60705e-09 1.02885e-07 3.8834e-06 8.64196e-05 0.00113387 0.00877227 0.0400406 0.108137 0.175282 0.182253 0.152304 0.135564 0.110183 0.0610176 0.0205807 0.00411959 0.000486792 3.39234e-05 1.394e-06 3.37858e-08 4.83452e-10 4.1011e-12 2.14797e-14 2.31081e-16
 1.56338e-11 1.69764e-09 1.08684e-07 4.1023e-06 9.12908e-05 0.00119778 0.00926648 0.0422914 0.114146 0.184469 0.189215 0.151571 0.127743 0.101266 0.0557318 0.0187738 0.00375695 0.000443921 3.09363e-05 1.27137e-06 3.08241e-08 4.41602e-10 3.76024e-12 1.94167e-14 6.47413e-17
 1.48747e-11 1.61521e-09 1.03407e-07 3.90312e-06 8.68584e-05 0.00113963 0.00881679 0.0402434 0.108678 0.176109 0.18288 0.152238 0.13486 0.10938 0.0605414 0.0204179 0.00408691 0.000482925 3.36531e-05 1.38278e-06 3.35038e-08 4.78894e-10 4.04456e-12 2.02968e-14 6.1711e-17
 1.57096e-11 1.70588e-09 1.09212e-07 4.12221e-06 9.17339e-05 0.00120359 0.00931143 0.0424961 0.114693 0.185304 0.189848 0.151504 0.127032 0.100455 0.0552511 0.0186094 0.00372394 0.000440012 3.0662e-05 1.25982e-06 3.05201e-08 4.36015e-10 3.67542e-12 1.83194e-14 5.43934e-17
 1.55662e-11 1.6903e-09 1.08215e-07 4.08456e-06 9.08962e-05 0.0011926 0.00922644 0.0421091 0.113659 0.183724 0.188651 0.15163 0.128377 0.101989 0.0561601 0.0189201 0.00378631 0.000447387 3.11765e-05 1.28104e-06 3.10407e-08 4.4379e-10 3.75121e-12 1.88803e-14 5.79831e-17
 1.45979e-11 1.58516e-09 1.01483e-07 3.83048e-06 8.52421e-05 0.00111842 0.0086528 0.0394966 0.106684 0.173061 0.18057 0.152482 0.137455 0.112338 0.0622953 0.0210175 0.00420724 0.000497149 3.4644e-05 1.42342e-06 3.44826e-08 4.92574e-10 4.15069e-12 2.06616e-14 6.10673e-17
 1.39075e-11 1.51018e-09 9.66834e-08 3.64932e-06 8.12105e-05 0.00106553 0.00824378 0.0376337 0.10171 0.165458 0.174808 0.153089 0.143928 0.119718 0.06667 0.022513 0.00450738 0.000532632 3.71167e-05 1.525e-06 3.69417e-08 5.27614e-10 4.44328e-12 2.20702e-14 6.47274e-17
 1.3799e-11 1.49841e-09 9.59295e-08 3.62086e-06 8.05774e-05 0.00105722 0.00817954 0.0373412 0.100929 0.164264 0.173903 0.153184 0.144945 0.120877 0.067357 0.0227479 0.00455452 0.000538206 3.75053e-05 1.54099e-06 3.73306e-08 5.33258e-10 4.49351e-12 2.2368e-14 6.61099e-17
 1.34937e-11 1.46525e-09 9.38069e-08 3.54074e-06 7.87944e-05 0.00103383 0.00799866 0.0365174 0.0987291 0.160901 0.171354 0.153453 0.147807 0.12414 0.0692917 0.0234093 0.00468726 0.000553902 3.86e-05 1.58608e-06 3.84334e-08 5.49539e-10 4.64673e-12 2.34173e-14 7.22254e-17
 1.42718e-11 1.54974e-09 9.9216e-08 3.74491e-06 8.33378e-05 0.00109344 0.00845961 0.0386167 0.104334 0.16947 0.177848 0.152768 0.140512 0.115824 0.0643616 0.0217239 0.00434901 0.000513909 3.5812e-05 1.47141e-06 3.56446e-08 5.09151e-10 4.2897e-12 2.13415e-14 6.295e-17
 1.43804e-11 1.56154e-09 9.99712e-08 3.77342e-06 8.39721e-05 0.00110176 0.00852396 0.0389098 0.105117 0.170666 0.178755 0.152673 0.139494 0.114663 0.0636733 0.0214886 0.00430178 0.000508326 3.54229e-05 1.45542e-06 3.52577e-08 5.03641e-10 4.24374e-12 2.11211e-14 6.23871e-17
 1.32924e-11 1.44339e-09 9.24075e-08 3.48792e-06 7.7619e-05 0.00101841 0.0078794 0.0359743 0.0972789 0.158685 0.169674 0.15363 0.149695 0.126292 0.0705671 0.0238453 0.00477476 0.000564244 3.93199e-05 1.61554e-06 3.91366e-08 5.59045e-10 4.71049e-12 2.34424e-14 6.92256e-17
 1.45286e-11 1.57764e-09 1.01002e-07 3.81231e-06 8.48377e-05 0.00111312 0.00861178 0.0393097 0.106185 0.172299 0.179992 0.152543 0.138104 0.113078 0.0627341 0.0211675 0.00423734 0.000500707 3.48918e-05 1.43359e-06 3.47274e-08 4.95994e-10 4.17718e-12 2.07517e-14 6.08947e-17
 1.41091e-11 1.53208e-09 9.80853e-08 3.70223e-06 8.23881e-05 0.00108098 0.00836325 0.0381778 0.103163 0.167679 0.176491 0.152911 0.142037 0.117562 0.0653922 0.0220762 0.00441972 0.00052227 3.63949e-05 1.4954e-06 3.62293e-08 5.1768e-10 4.36696e-12 2.18224e-14 6.53835e-17
 1.52541e-11 1.65642e-09 1.06045e-07 4.00269e-06 8.90742e-05 0.0011687 0.00904159 0.0412672 0.111412 0.180288 0.186047 0.151905 0.131302 0.105324 0.0581371 0.019596 0.00392195 0.00046342 3.22932e-05 1.32681e-06 3.21403e-08 4.59021e-10 3.86507e-12 1.91884e-14 5.61717e-17
 1.5013e-11 1.63023e-09 1.04369e-07 3.93941e-06 8.76661e-05 0.00115022 0.00889873 0.0406166 0.109674 0.177633 0.184034 0.152117 0.133563 0.107901 0.059665 0.0201183 0.00402677 0.000475813 3.31569e-05 1.3623e-06 3.3e-08 4.713e-10 3.96852e-12 1.97029e-14 5.76882e-17
 1.49565e-11 1.62409e-09 1.03976e-07 3.92458e-06 8.7336e-05 0.00114589 0.00886524 0.0404641 0.109267 0.17701 0.183563 0.152166 0.134093 0.108506 0.0600232 0.0202408 0.00405135 0.000478719 3.33594e-05 1.37062e-06 3.32015e-08 4.74175e-10 3.99265e-12 1.98213e-14 5.80201e-17
 1.43426e-11 1.55743e-09 9.97083e-08 3.76349e-06 8.37513e-05 0.00109886 0.00850156 0.0388077 0.104845 0.17025 0.178439 0.152706 0.139849 0.115067 0.063913 0.0215705 0.00431822 0.000510269 3.55582e-05 1.46096e-06 3.53899e-08 5.05429e-10 4.25579e-12 2.11272e-14 6.18381e-17
 1.49147e-11 1.61956e-09 1.03686e-07 3.91361e-06 8.7092e-05 0.00114269 0.00884049 0.0403513 0.108966 0.17655 0.183214 0.152203 0.134485 0.108952 0.060288 0.0203313 0.00406952 0.000480866 3.3509e-05 1.37677e-06 3.33504e-08 4.76301e-10 4.01053e-12 1.99096e-14 5.82737e-17
 1.46731e-11 1.59332e-09 1.02006e-07 3.85021e-06 8.56812e-05 0.00112418 0.00869735 0.0396994 0.107226 0.173889 0.181197 0.152416 0.13675 0.111535 0.0618189 0.0208546 0.00417455 0.000493283 3.43744e-05 1.41232e-06 3.42117e-08 4.88602e-10 4.1141e-12 2.04238e-14 5.97783e-17
 1.45652e-11 1.5816e-09 1.01256e-07 3.8219e-06 8.50511e-05 0.00111592 0.00863342 0.0394083 0.106448 0.172701 0.180297 0.15251 0.137762 0.112688 0.0625026 0.0210884 0.00422146 0.000498829 3.47609e-05 1.4282e-06 3.45964e-08 4.94096e-10 4.16037e-12 2.06535e-14 6.04512e-17
 1.43934e-11 1.56295e-09 1.00061e-07 3.77682e-06 8.40478e-05 0.00110275 0.00853164 0.0389447 0.10521 0.170809 0.178863 0.152662 0.139372 0.114524 0.0635912 0.0214605 0.00429615 0.00050766 3.53763e-05 1.45349e-06 3.52089e-08 5.02843e-10 4.23401e-12 2.10189e-14 6.15187e-17
#obs surv len freq
 8.0373e-12 8.72756e-10 5.58746e-08 2.10899e-06 4.69328e-05 0.000615788 0.00476431 0.0217518 0.0588173 0.0959389 0.102719 0.0947197 0.101219 0.111261 0.111132 0.100416 0.0790329 0.0544466 0.0337206 0.0181577 0.00791658 0.00260596 0.00060921 9.61334e-05 9.8517e-06
 1.10429e-12 1.19913e-10 7.67695e-09 2.89773e-07 6.44913e-06 8.46574e-05 0.000656575 0.00303405 0.0086969 0.0181088 0.0375141 0.0798634 0.133338 0.162148 0.160517 0.14151 0.108755 0.0719098 0.0416197 0.0207211 0.00835541 0.00253422 0.000541913 7.78212e-05 7.24734e-06
 1.6189e-11 1.75794e-09 1.12545e-07 4.248e-06 9.45329e-05 0.00124028 0.00959401 0.043756 0.117682 0.186821 0.176013 0.102212 0.0485489 0.0449281 0.0646891 0.072834 0.0592021 0.0378258 0.0204979 0.00941534 0.00346997 0.000958855 0.000186722 2.43989e-05 2.06515e-06
 1.29091e-11 1.40177e-09 8.97427e-08 3.38735e-06 7.53811e-05 0.000989059 0.00765262 0.0349442 0.0945394 0.154378 0.164884 0.146398 0.136289 0.111387 0.065544 0.0324241 0.0204953 0.0149929 0.00904106 0.00412334 0.00141348 0.00035509 6.25465e-05 7.39521e-06 5.67172e-07
 1.21731e-11 1.32185e-09 8.46261e-08 3.19422e-06 7.10832e-05 0.00093266 0.00721598 0.0329438 0.0890331 0.144617 0.150983 0.126697 0.116682 0.112916 0.0963073 0.0668291 0.0346229 0.0133209 0.00454956 0.00161724 0.00051508 0.000121628 1.96806e-05 2.1096e-06 1.46166e-07
 1.29929e-11 1.41088e-09 9.03257e-08 3.40935e-06 7.58708e-05 0.000995479 0.00770204 0.0351629 0.0950232 0.154225 0.160154 0.131255 0.114885 0.104663 0.0848436 0.058834 0.0327681 0.0137444 0.00431842 0.00107113 0.00022746 4.16004e-05 5.87571e-06 5.72363e-07 3.61613e-08
 1.11677e-11 1.21269e-09 7.76372e-08 2.93043e-06 6.52134e-05 0.000855671 0.00662122 0.0302465 0.0819532 0.134539 0.145985 0.133797 0.131256 0.122832 0.0965974 0.0633729 0.0332603 0.0133466 0.00409901 0.000969485 0.000174411 2.37188e-05 2.44381e-06 1.86467e-07 9.96393e-09
 1.22696e-11 1.33233e-09 8.52972e-08 3.21955e-06 7.16473e-05 0.00094008 0.00727392 0.0332175 0.089861 0.146415 0.153974 0.129884 0.117834 0.111649 0.0939203 0.0645066 0.0334148 0.0125914 0.00353696 0.000764563 0.000126162 1.53119e-05 1.32033e-06 7.9223e-08 3.26514e-09
 1.1606e-11 1.26028e-09 8.06841e-08 3.04544e-06 6.7773e-05 0.000889271 0.0068816 0.0314416 0.0852354 0.140059 0.151768 0.136912 0.130128 0.119136 0.092629 0.0595272 0.0300242 0.0113357 0.00318213 0.000665445 0.00010231 1.13038e-05 8.75e-07 4.62397e-08 1.62975e-09
 1.10244e-11 1.19712e-09 7.66404e-08 2.89281e-06 6.43768e-05 0.000844723 0.00653733 0.0298769 0.0810763 0.133712 0.146546 0.135431 0.132582 0.12552 0.100495 0.063938 0.0301425 0.0101687 0.00251444 0.000472722 6.72718e-05 6.94833e-06 4.98239e-07 2.40269e-08 7.62451e-10
 1.23274e-11 1.33862e-09 8.56993e-08 3.23474e-06 7.1986e-05 0.000944559 0.0073096 0.0333979 0.0905176 0.1484 0.158746 0.13754 0.12509 0.114566 0.0905836 0.0565601 0.0257863 0.00824887 0.00187646 0.000313681 3.90236e-05 3.55037e-06 2.28515e-07 1.00419e-08 2.92008e-10
 1.20468e-11 1.30814e-09 8.37486e-08 3.16112e-06 7.03481e-05 0.000923099 0.00714446 0.0326598 0.0886871 0.146419 0.160086 0.144585 0.133917 0.117998 0.0869049 0.0505294 0.0217537 0.00663232 0.00143428 0.000224511 2.55443e-05 2.07672e-06 1.17738e-07 4.54744e-09 1.17051e-10
 1.0153e-11 1.1025e-09 7.05832e-08 2.6642e-06 5.92906e-05 0.000778059 0.00602359 0.0275659 0.0751694 0.126045 0.144785 0.144537 0.146905 0.135625 0.101698 0.0584223 0.0240371 0.00680256 0.00133523 0.00018778 1.92526e-05 1.41845e-06 7.27967e-08 2.52611e-09 5.79157e-11
 9.15081e-12 9.93671e-10 6.36159e-08 2.40122e-06 5.3439e-05 0.000701303 0.00543032 0.0248666 0.0679587 0.114793 0.134639 0.139918 0.149352 0.145522 0.114336 0.0667264 0.0269237 0.00726553 0.00132564 0.000168976 1.54094e-05 1.00289e-06 4.5597e-08 1.41086e-09 2.89981e-11
 8.78813e-12 9.54288e-10 6.10946e-08 2.30606e-06 5.13219e-05 0.000673553 0.00521632 0.0239001 0.0654358 0.111129 0.132031 0.139716 0.15106 0.148433 0.117145 0.068371 0.0276674 0.0075623 0.00140693 0.000181014 1.61579e-05 9.90069e-07 4.10373e-08 1.13538e-09 2.07033e-11
 1.00761e-11 1.09414e-09 7.00482e-08 2.64402e-06 5.8843e-05 0.000772241 0.00597986 0.0273826 0.0747776 0.125649 0.144006 0.141647 0.143463 0.136864 0.106211 0.0609117 0.0242758 0.00659094 0.0012314 0.000160223 1.44433e-05 8.84427e-07 3.59846e-08 9.55526e-10 1.63381e-11
 1.04322e-11 1.13282e-09 7.25245e-08 2.73751e-06 6.09246e-05 0.00079961 0.00619311 0.0283787 0.0776658 0.131306 0.152426 0.151008 0.148409 0.132401 0.0950807 0.0509568 0.0192617 0.00501787 0.000907173 0.00011503 1.01656e-05 6.12567e-07 2.4538e-08 6.39367e-10 1.06539e-11
 8.89302e-12 9.6568e-10 6.18243e-08 2.33365e-06 5.19391e-05 0.000681794 0.00528368 0.02426 0.0668441 0.115465 0.141767 0.153506 0.160873 0.146361 0.104382 0.0546242 0.0199411 0.0049836 0.000860464 0.000103935 8.75034e-06 5.03474e-07 1.9318e-08 4.83487e-10 7.7519e-12
 9.624e-12 1.04506e-09 6.6906e-08 2.52546e-06 5.62078e-05 0.000737798 0.00571661 0.0262261 0.0720179 0.122859 0.145568 0.149243 0.152961 0.142001 0.103553 0.0541786 0.0193504 0.004665 0.000769442 8.80983e-05 6.99112e-06 3.78012e-07 1.36192e-08 3.20278e-10 4.83221e-12
 9.97458e-12 1.08313e-09 6.93436e-08 2.6175e-06 5.82583e-05 0.000764795 0.00592776 0.027222 0.0749673 0.128822 0.154547 0.158617 0.156464 0.135566 0.0919551 0.04534 0.0154944 0.00360812 0.000575618 6.33555e-05 4.78509e-06 2.43929e-07 8.22931e-09 1.80473e-10 2.53401e-12
 1.02273e-11 1.11057e-09 7.11006e-08 2.68384e-06 5.97361e-05 0.000784241 0.00607938 0.0279275 0.0769523 0.132247 0.158094 0.160405 0.155959 0.133285 0.0885422 0.0422465 0.0138327 0.003067 0.000464348 4.84511e-05 3.46766e-06 1.67234e-07 5.31864e-09 1.09441e-10 1.43501e-12
 1.14776e-11 1.24634e-09 7.97933e-08 3.01197e-06 6.70396e-05 0.000880115 0.00682197 0.0313241 0.0861298 0.146791 0.170851 0.163877 0.149175 0.120597 0.0760505 0.0343294 0.0105742 0.00218954 0.000307269 2.95857e-05 1.95469e-06 8.73292e-08 2.5828e-09 4.95452e-11 6.06116e-13
 1.03865e-11 1.12786e-09 7.22086e-08 2.72577e-06 6.06757e-05 0.000796824 0.00618242 0.0284717 0.0789731 0.13785 0.169131 0.173609 0.161788 0.126142 0.0746087 0.0314018 0.00900853 0.00172916 0.00022298 1.95532e-05 1.17085e-06 4.74153e-08 1.27515e-09 2.23361e-11 2.50539e-13
 9.15138e-12 9.93745e-10 6.36229e-08 2.40175e-06 5.34682e-05 0.000702369 0.00545395 0.0251743 0.0702716 0.124725 0.158816 0.172749 0.170788 0.139345 0.0844159 0.0354789 0.0099454 0.00183507 0.000224236 1.83624e-05 1.01264e-06 3.73656e-08 9.09866e-10 1.43959e-11 1.45906e-13
 1.02805e-11 1.11636e-09 7.14731e-08 2.69808e-06 6.00637e-05 0.000788923 0.00612345 0.0282203 0.0783458 0.136704 0.166956 0.170766 0.16162 0.129682 0.0777742 0.0322434 0.00889111 0.00161238 0.000193092 1.53688e-05 8.12632e-07 2.83028e-08 6.41275e-10 9.33552e-12 8.63682e-14
 9.8149e-12 1.0658e-09 6.82377e-08 2.5761e-06 5.73576e-05 0.000753728 0.00585781 0.0270912 0.0759116 0.135399 0.171916 0.181388 0.168368 0.126821 0.0705982 0.0273434 0.00711351 0.00122639 0.000140317 1.07003e-05 5.42421e-07 1.80754e-08 3.90003e-10 5.36975e-12 4.66152e-14
 9.25422e-12 1.00493e-09 6.43411e-08 2.4291e-06 5.40911e-05 0.000711017 0.00553005 0.0256232 0.0721189 0.129929 0.168192 0.182421 0.173797 0.132686 0.0733358 0.0275573 0.00681685 0.00110025 0.000116621 8.20304e-06 3.84254e-07 1.18984e-08 2.39978e-10 3.10149e-12 2.53188e-14
 1.0228e-11 1.11068e-09 7.11121e-08 2.68474e-06 5.97836e-05 0.000785802 0.00610996 0.0282769 0.0792525 0.140912 0.17668 0.182361 0.166027 0.122691 0.0659488 0.0240968 0.00579053 0.000905718 9.24503e-05 6.19278e-06 2.72509e-07 7.83308e-09 1.45592e-10 1.72992e-12 1.29971e-14
 1.02756e-11 1.11585e-09 7.14455e-08 2.69754e-06 6.00799e-05 0.000790074 0.0061504 0.0285442 0.0805091 0.144902 0.184432 0.190045 0.166623 0.115493 0.0577372 0.0196186 0.00438873 0.00063889 6.06459e-05 3.77799e-06 1.54785e-07 4.14587e-09 7.17409e-11 7.91313e-13 5.49728e-15
#pred catch len freq
 4.4396e-13 4.82089e-11 3.08642e-09 1.16505e-07 2.59353e-06 3.40878e-05 0.000266062 0.00126893 0.00417501 0.0128026 0.041574 0.107121 0.179828 0.195218 0.155452 0.110453 0.0744412 0.0458857 0.0270516 0.0161898 0.0102179 0.00705786 0.005244 0.00367714 0.00203951
 2.48381e-13 2.69713e-11 1.72677e-09 6.51841e-08 1.45141e-06 1.9099e-05 0.000149962 0.000735762 0.0026907 0.0100392 0.0370405 0.0992164 0.168802 0.186757 0.155494 0.118738 0.0866986 0.0575024 0.0345755 0.0190741 0.0101135 0.00560911 0.0034356 0.00215634 0.00115122
 7.2904e-13 7.91651e-11 5.06825e-09 1.91306e-07 4.25785e-06 5.59045e-05 0.000434065 0.00201749 0.0059459 0.0136536 0.0330618 0.0765491 0.128857 0.152307 0.147653 0.134369 0.110764 0.0805643 0.0528309 0.0308863 0.0159759 0.00761694 0.00367454 0.00187925 0.000899783
 1.6243e-12 1.76379e-10 1.1292e-08 4.26225e-07 9.48595e-06 0.000124522 0.000965785 0.00446451 0.0128287 0.0270167 0.0571819 0.121807 0.191994 0.195323 0.134941 0.0800522 0.054974 0.0432897 0.0325044 0.0212378 0.0118582 0.00566623 0.0024016 0.000975599 0.000383589
 1.32314e-12 1.43677e-10 9.19839e-09 3.47204e-07 7.72769e-06 0.000101468 0.000788066 0.00366809 0.0108805 0.0254916 0.0632071 0.145972 0.233662 0.233404 0.148876 0.0694561 0.0300758 0.0143994 0.00826976 0.0054426 0.00339199 0.00177628 0.000763336 0.000277267 8.91162e-05
 7.23562e-12 7.85702e-10 5.03014e-08 1.89863e-06 4.2252e-05 0.000554408 0.00429078 0.0196215 0.0534914 0.0907392 0.11321 0.142655 0.181525 0.174023 0.114716 0.0586501 0.0273019 0.011524 0.00435641 0.0017291 0.000834145 0.000436028 0.0002009 7.41811e-05 2.18114e-05
 8.44121e-12 9.16615e-10 5.86826e-08 2.21498e-06 4.92919e-05 0.000646777 0.00500548 0.0228855 0.0623307 0.105262 0.129187 0.157894 0.195175 0.178142 0.101305 0.0343552 0.00688557 0.000814634 5.71269e-05 2.4758e-06 1.02333e-07 1.62268e-08 5.91622e-09 2.1652e-09 6.38153e-10
 7.92234e-12 8.60272e-10 5.50754e-08 2.07883e-06 4.62621e-05 0.000607028 0.00469809 0.0214856 0.0585927 0.099548 0.124857 0.158352 0.200042 0.18369 0.104593 0.0354771 0.00710922 0.000840244 5.85571e-05 2.40628e-06 5.832e-08 8.34513e-10 7.07888e-12 3.70665e-14 3.97398e-16
 9.09906e-12 9.88049e-10 6.32559e-08 2.3876e-06 5.31332e-05 0.000697173 0.0053952 0.0246604 0.0670699 0.112506 0.134678 0.157317 0.18901 0.171112 0.0971367 0.0329283 0.0065977 0.000779774 5.43441e-05 2.23336e-06 5.41473e-08 7.7573e-10 6.605e-12 3.40998e-14 1.13636e-16
 8.67323e-12 9.41809e-10 6.02955e-08 2.27586e-06 5.06467e-05 0.000664552 0.00514293 0.0235115 0.0640022 0.107817 0.131124 0.157691 0.193002 0.175664 0.0998348 0.0338506 0.00678278 0.000801645 5.58657e-05 2.29549e-06 5.56183e-08 7.94989e-10 6.71408e-12 3.36915e-14 1.02418e-16
 9.09688e-12 9.87813e-10 6.32407e-08 2.38703e-06 5.31205e-05 0.000697006 0.00539391 0.0246545 0.0670542 0.112482 0.134659 0.157319 0.18903 0.171136 0.0971504 0.0329329 0.00659861 0.000779869 5.43474e-05 2.23301e-06 5.40966e-08 7.72831e-10 6.51459e-12 3.24701e-14 9.64025e-17
 9.43913e-12 1.02498e-09 6.562e-08 2.47683e-06 5.5119e-05 0.000723225 0.00559666 0.025578 0.0695198 0.116251 0.137516 0.157018 0.185821 0.167477 0.0949819 0.0321916 0.00644984 0.000762284 5.31228e-05 2.18282e-06 5.28918e-08 7.56192e-10 6.39171e-12 3.21682e-14 9.87695e-17
 8.92678e-12 9.69342e-10 6.20582e-08 2.34239e-06 5.21273e-05 0.000683976 0.00529314 0.0241956 0.0658288 0.110609 0.13324 0.157468 0.190625 0.172954 0.0982282 0.0333014 0.00667255 0.00078861 5.49565e-05 2.25802e-06 5.47009e-08 7.81387e-10 6.58436e-12 3.27757e-14 9.6867e-17
 7.91869e-12 8.59875e-10 5.505e-08 2.07787e-06 4.62408e-05 0.000606748 0.00469592 0.0214757 0.0585664 0.0995077 0.124826 0.158355 0.200076 0.183729 0.104616 0.0354849 0.00711078 0.000840419 5.8567e-05 2.40634e-06 5.82912e-08 8.32535e-10 7.01116e-12 3.48251e-14 1.02134e-16
 7.37177e-12 8.00486e-10 5.12479e-08 1.93436e-06 4.30472e-05 0.000564851 0.00437192 0.0200001 0.0546264 0.0934849 0.120262 0.158836 0.205204 0.189574 0.108081 0.0366696 0.00734854 0.000868528 6.05262e-05 2.48687e-06 6.02448e-08 8.60579e-10 7.25166e-12 3.60973e-14 1.06682e-16
 7.6272e-12 8.28222e-10 5.30236e-08 2.00138e-06 4.45387e-05 0.000584418 0.00452324 0.0206893 0.0564665 0.0962977 0.122394 0.158611 0.202809 0.186844 0.106463 0.0361164 0.00723751 0.000855408 5.9613e-05 2.44953e-06 5.9356e-08 8.48695e-10 7.17616e-12 3.61618e-14 1.11506e-16
 8.25167e-12 8.96033e-10 5.73649e-08 2.16524e-06 4.81851e-05 0.000632257 0.00489319 0.0223741 0.0609653 0.103175 0.127606 0.158062 0.196954 0.180169 0.102506 0.0347637 0.00696603 0.000823306 5.73745e-05 2.35736e-06 5.71068e-08 8.1572e-10 6.87258e-12 3.41912e-14 1.00848e-16
 8.35552e-12 9.0731e-10 5.80869e-08 2.1925e-06 4.87916e-05 0.000640213 0.00495472 0.0226543 0.0617134 0.104318 0.128472 0.157971 0.195981 0.179059 0.101848 0.0345387 0.00692088 0.000817969 5.70026e-05 2.34209e-06 5.67373e-08 8.10465e-10 6.82906e-12 3.39879e-14 1.00388e-16
 7.71805e-12 8.38088e-10 5.36552e-08 2.02522e-06 4.50692e-05 0.000591378 0.00457707 0.0209344 0.057121 0.0972983 0.123152 0.158531 0.201957 0.185873 0.105887 0.0359195 0.007198 0.000850731 5.92859e-05 2.4359e-06 5.90098e-08 8.42923e-10 7.1024e-12 3.53457e-14 1.04372e-16
 8.22305e-12 8.92925e-10 5.71659e-08 2.15773e-06 4.8018e-05 0.000630065 0.00487624 0.0222969 0.0607591 0.102859 0.127367 0.158087 0.197223 0.180475 0.102687 0.0348257 0.00697847 0.000824777 5.74769e-05 2.36155e-06 5.72064e-08 8.17052e-10 6.88106e-12 3.41842e-14 1.0031e-16
 9.01006e-12 9.78385e-10 6.26371e-08 2.36424e-06 5.26135e-05 0.000690355 0.00534247 0.0244203 0.0664287 0.111526 0.133935 0.157395 0.189844 0.172063 0.0977006 0.033121 0.00663635 0.000784332 5.46587e-05 2.24584e-06 5.44103e-08 7.77467e-10 6.55837e-12 3.27721e-14 9.81801e-17
 9.9633e-12 1.0819e-09 6.92639e-08 2.61437e-06 5.81797e-05 0.00076338 0.00590719 0.0269922 0.0732959 0.122024 0.14189 0.156557 0.180907 0.161875 0.0916607 0.0310562 0.00622196 0.000735338 5.12437e-05 2.10543e-06 5.10016e-08 7.28393e-10 6.13326e-12 3.04489e-14 8.91354e-17
 9.98428e-12 1.08417e-09 6.94098e-08 2.61988e-06 5.83022e-05 0.000764987 0.00591962 0.0270488 0.0734471 0.122255 0.142066 0.156539 0.18071 0.161651 0.0915278 0.0310108 0.00621284 0.00073426 5.11685e-05 2.10235e-06 5.09268e-08 7.27329e-10 6.12438e-12 3.04063e-14 8.90264e-17
 1.01481e-11 1.10196e-09 7.05485e-08 2.66286e-06 5.92586e-05 0.000777535 0.00601665 0.0274907 0.074627 0.124058 0.143432 0.156395 0.179175 0.1599 0.09049 0.030656 0.00614164 0.000725842 5.05818e-05 2.07824e-06 5.03428e-08 7.18984e-10 6.054e-12 3.00548e-14 8.79748e-17
 9.59346e-12 1.04174e-09 6.66929e-08 2.51733e-06 5.60201e-05 0.000735048 0.00568809 0.0259943 0.0706316 0.117951 0.138804 0.156882 0.184374 0.165828 0.094004 0.0318573 0.00638273 0.000754345 5.25683e-05 2.15986e-06 5.23199e-08 7.47219e-10 6.2917e-12 3.12342e-14 9.14205e-17
 1.01921e-11 1.10674e-09 7.08545e-08 2.67441e-06 5.95157e-05 0.000780907 0.00604273 0.0276095 0.0749442 0.124543 0.1438 0.156356 0.178762 0.159429 0.090211 0.0305607 0.0061225 0.000723579 5.04242e-05 2.07176e-06 5.01859e-08 7.16741e-10 6.03507e-12 2.99601e-14 8.76907e-17
 9.89065e-12 1.07401e-09 6.87589e-08 2.59531e-06 5.77555e-05 0.000757814 0.00586415 0.0267962 0.0727725 0.121224 0.141284 0.156621 0.181588 0.162651 0.092121 0.0312136 0.00625354 0.000739072 5.15039e-05 2.11612e-06 5.12605e-08 7.32088e-10 6.16429e-12 3.06016e-14 8.95676e-17
 1.02406e-11 1.11201e-09 7.11919e-08 2.68715e-06 5.97991e-05 0.000784626 0.00607149 0.0277404 0.0752939 0.125078 0.144205 0.156313 0.178307 0.158911 0.0899035 0.0304555 0.0061014 0.000721085 5.02503e-05 2.06462e-06 5.00128e-08 7.1427e-10 6.01426e-12 2.98569e-14 8.73888e-17
 1.1596e-11 1.25919e-09 8.06146e-08 3.0428e-06 6.77137e-05 0.00088846 0.00687446 0.0313974 0.0850583 0.140004 0.155517 0.155121 0.165599 0.144423 0.0813154 0.0275196 0.00551218 0.000651425 4.53956e-05 1.86515e-06 4.5181e-08 6.45262e-10 5.43319e-12 2.6972e-14 7.89424e-17
#obs catch len freq
 6.01484e-12 6.53141e-10 4.18147e-08 1.5783e-06 3.51231e-05 0.000460849 0.00356599 0.0162908 0.0441888 0.0731931 0.0835771 0.0900961 0.109398 0.12208 0.118432 0.106811 0.0880552 0.0644459 0.0415502 0.0229639 0.0103252 0.00352456 0.000852067 0.000138017 1.44122e-05
 5.49457e-12 5.96646e-10 3.81978e-08 1.44178e-06 3.20852e-05 0.000420994 0.00325781 0.0148874 0.040438 0.067386 0.0786362 0.0885035 0.111508 0.128801 0.12935 0.116033 0.0903919 0.0616058 0.0375426 0.0196894 0.0082638 0.00258891 0.000570334 8.41732e-05 8.02509e-06
 5.15479e-13 5.5975e-11 3.5836e-09 1.3527e-07 3.01102e-06 3.95557e-05 0.000307928 0.00144855 0.00448594 0.0117804 0.0329347 0.0803729 0.137924 0.167916 0.165626 0.144746 0.109899 0.0716837 0.0407397 0.0197313 0.00764798 0.00220436 0.00044379 5.95811e-05 5.1612e-06
 8.97464e-12 9.7454e-10 6.23909e-08 2.35494e-06 5.24058e-05 0.000687575 0.00531879 0.0242614 0.0652998 0.104056 0.100072 0.0655935 0.0519285 0.0801483 0.124205 0.137983 0.110239 0.0693018 0.0367967 0.0164091 0.0058054 0.00152317 0.000279079 3.40792e-05 2.68259e-06
 9.55707e-12 1.03778e-09 6.64399e-08 2.50779e-06 5.58082e-05 0.000732286 0.00566729 0.0259084 0.0704713 0.117876 0.137842 0.149321 0.16381 0.140587 0.0831741 0.0414702 0.026309 0.0188515 0.0110254 0.00485211 0.00159262 0.000379508 6.28698e-05 6.94524e-06 4.95321e-07
 1.15295e-11 1.25196e-09 8.01518e-08 3.02534e-06 6.73252e-05 0.000883364 0.00683494 0.0312115 0.0844364 0.13773 0.146074 0.127493 0.12206 0.119215 0.100847 0.0686741 0.0347666 0.0131397 0.00443598 0.00153772 0.000468294 0.000104603 1.59003e-05 1.59206e-06 1.02576e-07
 1.26668e-11 1.37546e-09 8.80584e-08 3.32378e-06 7.39665e-05 0.000970503 0.00750911 0.034288 0.0927234 0.150904 0.158196 0.13253 0.118273 0.107917 0.086793 0.0592266 0.0322224 0.0131512 0.0040142 0.000966486 0.000198091 3.44935e-05 4.58028e-06 4.16475e-07 2.44603e-08
 1.07821e-11 1.17081e-09 7.49561e-08 2.82923e-06 6.29616e-05 0.00082614 0.00639316 0.0292132 0.0792456 0.130674 0.143846 0.135563 0.135405 0.12654 0.0985515 0.0635557 0.0325772 0.0127222 0.00378718 0.000863133 0.000148769 1.9269e-05 1.87578e-06 1.34009e-07 6.65884e-09
 1.21025e-11 1.31419e-09 8.41358e-08 3.17572e-06 7.06721e-05 0.000927294 0.00717533 0.0327732 0.0887204 0.144915 0.153572 0.131538 0.120539 0.113813 0.0945674 0.0635965 0.0320727 0.0117397 0.00319407 0.000664832 0.000104865 1.20841e-05 9.83545e-07 5.53867e-08 2.12982e-09
 1.16153e-11 1.26129e-09 8.07489e-08 3.04789e-06 6.78278e-05 0.000890001 0.00688761 0.0314752 0.0853839 0.140603 0.153165 0.138999 0.131687 0.11935 0.0915873 0.0577036 0.0283454 0.0103801 0.00281406 0.000565081 8.29126e-05 8.68959e-06 6.34413e-07 3.14607e-08 1.03603e-09
 1.1133e-11 1.20892e-09 7.73959e-08 2.92133e-06 6.50117e-05 0.000853067 0.00660226 0.0301793 0.0819471 0.135383 0.148884 0.137734 0.133751 0.125052 0.098512 0.0612086 0.0280232 0.00915999 0.00218854 0.000395225 5.36202e-05 5.24516e-06 3.54342e-07 1.60286e-08 4.75317e-10
 1.24722e-11 1.35434e-09 8.67058e-08 3.27274e-06 7.28318e-05 0.00095567 0.00739594 0.0337977 0.091646 0.150447 0.161309 0.1397 0.125876 0.113702 0.0883177 0.0537636 0.0237619 0.00734912 0.00161182 0.000258513 3.06584e-05 2.64178e-06 1.60115e-07 6.59443e-09 1.79072e-10
 1.22263e-11 1.32763e-09 8.49964e-08 3.20822e-06 7.13967e-05 0.000936874 0.00725151 0.0331554 0.0900827 0.148921 0.163096 0.14683 0.134227 0.116381 0.0841535 0.0477058 0.0199012 0.00585958 0.00121971 0.000182847 1.98045e-05 1.52398e-06 8.13617e-08 2.94559e-09 7.07912e-11
 1.03722e-11 1.1263e-09 7.21071e-08 2.72172e-06 6.05713e-05 0.000794886 0.00615436 0.0281714 0.076874 0.12909 0.148408 0.147215 0.147324 0.133702 0.0982312 0.0548819 0.0218367 0.00595992 0.0011252 0.000151489 1.47761e-05 1.02945e-06 4.97137e-08 1.61667e-09 3.4615e-11
 9.36553e-12 1.01699e-09 6.51087e-08 2.45757e-06 5.46936e-05 0.000717791 0.00555855 0.0254615 0.0696409 0.11783 0.13835 0.142921 0.150359 0.143982 0.11057 0.0625862 0.024374 0.00633373 0.00111007 0.000135338 1.17363e-05 7.22127e-07 3.08839e-08 8.95145e-10 1.71751e-11
 9.00414e-12 9.77745e-10 6.25964e-08 2.36276e-06 5.25843e-05 0.000690147 0.00534546 0.0245002 0.0671391 0.114224 0.135848 0.142871 0.152234 0.14693 0.113223 0.0640422 0.0249976 0.00657181 0.00117204 0.000143872 1.21901e-05 7.05676e-07 2.75172e-08 7.13432e-10 1.21478e-11
 1.03159e-11 1.12018e-09 7.17155e-08 2.70696e-06 6.02444e-05 0.00079066 0.00612313 0.0280469 0.0766487 0.128975 0.147914 0.144609 0.144269 0.135011 0.102169 0.0567385 0.0217993 0.00568849 0.00101751 0.000126092 1.07676e-05 6.21773e-07 2.37688e-08 5.91146e-10 9.441e-12
 1.06603e-11 1.15758e-09 7.41099e-08 2.79736e-06 6.22576e-05 0.000817141 0.0063297 0.0290149 0.0794765 0.134583 0.156329 0.153825 0.148736 0.130065 0.0910947 0.047284 0.0172257 0.00431023 0.000745366 8.99101e-05 7.51624e-06 4.26416e-07 1.60219e-08 3.90418e-10 6.06947e-12
 9.12183e-12 9.90528e-10 6.34152e-08 2.39372e-06 5.32772e-05 0.000699403 0.00542115 0.0249034 0.0686958 0.11889 0.14599 0.15673 0.161439 0.143849 0.0999181 0.0505777 0.0177766 0.00426308 0.000703386 8.07458e-05 6.42393e-06 3.47586e-07 1.24935e-08 2.92024e-10 4.36216e-12
 9.87914e-12 1.07276e-09 6.868e-08 2.59244e-06 5.76996e-05 0.000757424 0.00586962 0.0269393 0.0740459 0.126511 0.149899 0.152495 0.153621 0.139409 0.0987441 0.0498689 0.0171256 0.00395754 0.000623126 6.77373e-05 5.07486e-06 2.57816e-07 8.6938e-09 1.90764e-10 2.67884e-12
 1.0222e-11 1.11e-09 7.1064e-08 2.68247e-06 5.97057e-05 0.000783853 0.00607667 0.0279196 0.0769711 0.132481 0.15889 0.161635 0.156529 0.132522 0.0873399 0.0415761 0.0136546 0.00304469 0.000463049 4.83242e-05 3.44221e-06 1.64742e-07 5.19861e-09 1.06316e-10 1.38861e-12
 1.04944e-11 1.13958e-09 7.29583e-08 2.75399e-06 6.12992e-05 0.000804825 0.00624021 0.0286804 0.0791077 0.136142 0.16261 0.163398 0.155788 0.129883 0.0836939 0.0385053 0.0121058 0.00256817 0.000370366 3.66068e-05 2.46826e-06 1.11638e-07 3.31818e-09 6.36319e-11 7.75797e-13
 1.17569e-11 1.27667e-09 8.17353e-08 3.08531e-06 6.86739e-05 0.000901638 0.00699014 0.0321106 0.0883713 0.150781 0.175294 0.166478 0.148436 0.116867 0.0713949 0.0310459 0.00917465 0.0018164 0.000242673 2.21227e-05 1.37609e-06 5.76098e-08 1.59087e-09 2.84152e-11 3.22976e-13
 1.06484e-11 1.1563e-09 7.403e-08 2.79456e-06 6.22099e-05 0.000817067 0.00634129 0.0292223 0.0811557 0.141863 0.173751 0.176286 0.160762 0.12205 0.0699269 0.0283431 0.00779623 0.00142988 0.000175454 1.45629e-05 8.20775e-07 3.11336e-08 7.81325e-10 1.27348e-11 1.32619e-13
 9.41242e-12 1.02209e-09 6.54384e-08 2.47034e-06 5.49984e-05 0.000722577 0.00561285 0.0259279 0.0724801 0.128851 0.163756 0.176004 0.170224 0.135048 0.0790815 0.0319547 0.00857934 0.00151129 0.000175598 1.36037e-05 7.05972e-07 2.43999e-08 5.54451e-10 8.16232e-12 7.67908e-14
 1.05629e-11 1.14702e-09 7.34366e-08 2.77226e-06 6.17183e-05 0.000810763 0.0062949 0.0290295 0.0806882 0.140972 0.171868 0.173801 0.1608 0.125234 0.0724847 0.0288598 0.00761476 0.00131677 0.000149734 1.12609e-05 5.59902e-07 1.8262e-08 3.86207e-10 5.2333e-12 4.49618e-14
 1.00868e-11 1.09533e-09 7.01293e-08 2.64759e-06 5.8954e-05 0.00077485 0.00602449 0.0278861 0.0782526 0.13975 0.17692 0.184166 0.16693 0.122054 0.0655959 0.0243997 0.00607119 0.000997318 0.000108243 7.79039e-06 3.70896e-07 1.15619e-08 2.32663e-10 2.98071e-12 2.40309e-14
 9.52159e-12 1.03397e-09 6.62015e-08 2.49944e-06 5.56626e-05 0.000731835 0.00569472 0.0264119 0.0744589 0.134336 0.173408 0.185547 0.172493 0.127614 0.067968 0.0244984 0.00579274 0.000890687 8.95545e-05 5.94394e-06 2.61333e-07 7.56184e-09 1.4206e-10 1.70625e-12 1.29225e-14
 1.0516e-11 1.14195e-09 7.31159e-08 2.7605e-06 6.14763e-05 0.00080822 0.00628707 0.0291217 0.0817324 0.145479 0.18186 0.185147 0.164298 0.117469 0.0607704 0.0212779 0.00488255 0.000726713 7.02897e-05 4.43996e-06 1.83359e-07 4.92589e-09 8.52873e-11 9.41528e-13 6.55874e-15
#spawning biomass
 9707.55 8295.47 6622.36 7235.98 10899.8 18597.5 26602.4 34549.2 45428.1 61195.5 77396.8 110292 140605 148476 148601 150435 145714 156815 162058 151330 169330 171742 200265 220093 226689 222517 229849 230925 214510 170832 414540 648461 883327 1.10246e+06 1.29755e+06 1.46606e+06 1.60887e+06 1.72853e+06 1.82828e+06 1.91137e+06 1.9808e+06 2.03918e+06 2.08869e+06 2.12521e+06 2.14411e+06 2.16241e+06 2.18015e+06 2.19733e+06 2.21397e+06 2.23009e+06 2.24571e+06 2.26084e+06 2.2755e+06 2.2897e+06 2.30345e+06 2.31678e+06 2.32969e+06 2.34219e+06 2.3543e+06 2.36604e+06 2.37741e+06 2.38842e+06 2.39909e+06 2.40942e+06 2.41943e+06 2.42913e+06 2.43853e+06 2.44763e+06 2.45645e+06 2.46499e+06 2.47326e+06 2.48128e+06 2.48905e+06 2.49657e+06 2.50385e+06 2.51091e+06 2.51775e+06 2.52438e+06 2.5308e+06 2.53701e+06 2.54304e+06 2.54887e+06 2.55452e+06 2.56e+06 2.5653e+06 2.57044e+06 2.57542e+06 2.58024e+06 2.58491e+06 2.58944e+06 2.59382e+06 2.59807e+06 2.60218e+06 2.60617e+06 2.61003e+06 2.61377e+06 2.61739e+06 2.6209e+06 2.6243e+06 2.62759e+06 2.63078e+06 2.63387e+06 2.63687e+06 2.63977e+06 2.64258e+06 2.6453e+06 2.64794e+06 2.65049e+06 2.65297e+06 2.65537e+06 2.65769e+06 2.65994e+06 2.66212e+06 2.66423e+06 2.66627e+06 2.66826e+06 2.67018e+06 2.67204e+06 2.67384e+06 2.67558e+06 2.67727e+06 2.67891e+06 2.6805e+06 2.68203e+06 2.68352e+06 2.68496e+06 2.68636e+06 2.68771e+06 2.68903e+06 0 0 0 0 0 0 0 0 0 0 0 0 0 0 0 0 0 0 0 0 0 0 0 0 0
