SBPRF35
0.042497
Curr Bio
255711
B35
99145.6
F35
20.8197
FOFL
20.8197
OFL
314875
Bzero
11822.6
#pred survey bio
 3322.34 3661.27 5599.25 8203.96 12256.7 17574.2 28071.1 44365.5 60181.4 80748 99678.4 115680 128999 146507 150248 140088 145104 130192 121300 121712 129815 135851 149519 146714 153560 145609 146025 158487 4.27365e+06 992530 285702 135661 89222.3 74791.8 70372.4 69039.3 68642.3 68525.3 68491.1 68481.1 68478.3 68477.4 68477.2 68477.1 68477.1 68477.1 68477.1 68477.1 68477.1 68477.1 68477.1 68477.1 68477.1 68477.1 68477.1 68477.1 68477.1 68477.1 68477.1 68477.1 68477.1 68477.1 68477.1 68477.1 68477.1 68477.1 68477.1 68477.1 68477.1 68477.1 68477.1 68477.1 68477.1 68477.1 68477.1 68477.1 68477.1 68477.1 68477.1 68477.1 68477.1 68477.1 68477.1 68477.1 68477.1 68477.1 68477.1 68477.1 68477.1 68477.1 68477.1 68477.1 68477.1 68477.1 68477.1 68477.1 68477.1 68477.1 68477.1 68477.1 68477.1 68477.1 68477.1 68477.1 68477.1 68477.1 68477.1 68477.1 68477.1 68477.1 68477.1 68477.1 68477.1 68477.1 68477.1 68477.1 68477.1 68477.1 68477.1 68477.1 68477.1 68477.1 68477.1 68477.1 68477.1 68477.1 68477.1 68477.1 0 0 0 0 0 0 0 0 0 0 0 0 0 0 0 0 0 0 0 0 0 0 0 0 0
#obs survey bio
 2539.55 3329.55 5716.09 10124.9 13351.3 17219.1 29842.8 56136 64876.2 51251 101953 83381.3 99168.1 187024 155136 140642 142252 148843 163400 126571 179260 116630 136978 156439 136664 132378 173440 118372
#pred catch bio
 1009.48 1453.99 2416.09 3546.59 6354.63 8116.86 11645.5 20940.4 28322.6 45410.1 59186.7 78536.1 89009.6 97261.7 102311 82123.6 95633.1 84705.2 77686.9 82073.6 98582 103221 121247 103235 122519 115805 111422 98533.2 314875 7347.89 5131.26 5131.26 5131.26 5131.26 5131.26 5131.26 5131.26 5131.26 5131.26 5131.26 5131.26 5131.26 5131.26 5131.26 5131.26 5131.26 5131.26 5131.26 5131.26 5131.26 5131.26 5131.26 5131.26 5131.26 5131.26 5131.26 5131.26 5131.26 5131.26 5131.26 5131.26 5131.26 5131.26 5131.26 5131.26 5131.26 5131.26 5131.26 5131.26 5131.26 5131.26 5131.26 5131.26 5131.26 5131.26 5131.26 5131.26 5131.26 5131.26 5131.26 5131.26 5131.26 5131.26 5131.26 5131.26 5131.26 5131.26 5131.26 5131.26 5131.26 5131.26 5131.26 5131.26 5131.26 5131.26 5131.26 5131.26 5131.26 5131.26 5131.26 5131.26 5131.26 5131.26 5131.26 5131.26 5131.26 5131.26 5131.26 5131.26 5131.26 5131.26 5131.26 5131.26 5131.26 5131.26 5131.26 5131.26 5131.26 5131.26 5131.26 5131.26 5131.26 5131.26 5131.26 5131.26 5131.26 5131.26 5131.26 0 0 0 0 0 0 0 0 0 0 0 0 0 0 0 0 0 0 0 0 0 0 0 0 0
#obs catch bio
 1076.33 1493.15 2499.59 3519.24 6580.34 8202.36 11563.2 20382.2 27102.7 47175.2 57874.6 83435.3 96448.8 100587 105154 83077.8 95253.4 82868.8 73256.8 78847.5 96118.4 102628 123803 93081.8 118572 112197 104528 96346.1
#pred cpue bio
 3225.91 3329.06 5237.98 7597.79 11395.7 16139.8 25788.2 41237.1 56638 75259.9 93591.8 108836 119513 137346 143779 132917 139260 124656 115866 114804 121342 126020 138534 137837 144425 135767 136131 146477 4.0678e+06 1.0857e+06 277687 126421 79961.5 65530.6 61111.2 59778.1 59381.1 59264.1 59229.9 59220 59217.1 59216.3 59216.1 59216 59216 59216 59216 59216 59216 59216 59216 59216 59216 59216 59216 59216 59216 59216 59216 59216 59216 59216 59216 59216 59216 59216 59216 59216 59216 59216 59216 59216 59216 59216 59216 59216 59216 59216 59216 59216 59216 59216 59216 59216 59216 59216 59216 59216 59216 59216 59216 59216 59216 59216 59216 59216 59216 59216 59216 59216 59216 59216 59216 59216 59216 59216 59216 59216 59216 59216 59216 59216 59216 59216 59216 59216 59216 59216 59216 59216 59216 59216 59216 59216 59216 59216 59216 59216 0 0 0 0 0 0 0 0 0 0 0 0 0 0 0 0 0 0 0 0 0 0 0 0 0
#obs cpue bio
 1924.64 3536.41 4960.08 6557.14 9251.89 14276.2 27556.7 45906.8 58522.7 74014.6 130170 91077.6 106742 107692 141462 106075 188346 115075 125644 114009 97796.5 130819 143751 255752 151800 173834 161605 181014
#pred surv len freq
 1.29695e-11 1.40833e-09 9.01626e-08 3.40319e-06 7.57332e-05 0.000993656 0.00768734 0.0350851 0.0947062 0.153135 0.157493 0.127545 0.110956 0.0960091 0.0686467 0.0445775 0.0296705 0.0201248 0.0140859 0.0103891 0.00819955 0.00699896 0.00612003 0.00473374 0.00276339
 1.73092e-11 1.87957e-09 1.20332e-07 4.54193e-06 0.000101074 0.00132613 0.0102588 0.046807 0.126149 0.202375 0.200613 0.142937 0.100854 0.0749192 0.0456063 0.022447 0.0108733 0.00571489 0.00321971 0.00194889 0.00128447 0.000941045 0.000744086 0.000552732 0.000322454
 1.59434e-11 1.73126e-09 1.10837e-07 4.18353e-06 9.30985e-05 0.00122149 0.00944978 0.0431243 0.116343 0.18761 0.190525 0.147786 0.119449 0.0942352 0.0548945 0.0226489 0.00786602 0.00277808 0.00104375 0.000435963 0.00021122 0.00011983 7.85819e-05 5.28106e-05 2.96834e-05
 1.64086e-11 1.78178e-09 1.14071e-07 4.30562e-06 9.58155e-05 0.00125714 0.00972541 0.0443793 0.119691 0.192696 0.194232 0.146898 0.114402 0.0889708 0.0525477 0.0227227 0.0083713 0.00284162 0.000838467 0.000223974 6.32711e-05 2.17726e-05 9.77755e-06 5.26431e-06 2.67849e-06
 1.62273e-11 1.76209e-09 1.12811e-07 4.25804e-06 9.47566e-05 0.00124324 0.00961799 0.0438902 0.118387 0.190718 0.192809 0.147305 0.116473 0.0911302 0.0535365 0.0227288 0.0081709 0.00277115 0.000838434 0.000218684 4.95693e-05 1.01982e-05 2.27862e-06 6.99216e-07 2.69711e-07
 1.68359e-11 1.82817e-09 1.17041e-07 4.41773e-06 9.83102e-05 0.00128987 0.00997854 0.0455328 0.122779 0.197487 0.198205 0.147644 0.1121 0.0855209 0.0493362 0.0202054 0.00681227 0.0021695 0.000630778 0.000161485 3.63584e-05 6.99098e-06 1.13907e-06 1.73297e-07 3.17932e-08
 1.6817e-11 1.82612e-09 1.1691e-07 4.41276e-06 9.81997e-05 0.00128842 0.00996733 0.0454817 0.122642 0.197269 0.198004 0.147542 0.112103 0.0856247 0.0495479 0.0204495 0.00696493 0.00220644 0.000618694 0.000149133 3.17168e-05 5.87582e-06 9.17284e-07 1.1796e-07 1.28063e-08
 1.6244e-11 1.7639e-09 1.12926e-07 4.26241e-06 9.48538e-05 0.00124452 0.00962786 0.0439353 0.118508 0.190911 0.192993 0.147417 0.116516 0.0911139 0.0534459 0.0225761 0.00800102 0.00263004 0.00075273 0.000182111 3.79155e-05 6.70012e-06 9.88e-07 1.20058e-07 1.17421e-08
 1.56153e-11 1.69563e-09 1.08556e-07 4.09744e-06 9.11827e-05 0.00119636 0.0092554 0.0422389 0.113977 0.183976 0.187691 0.147819 0.122177 0.0976659 0.0574626 0.0241227 0.00846537 0.00278508 0.000814199 0.000204056 4.38224e-05 7.83833e-06 1.14093e-06 1.33497e-07 1.23545e-08
 1.60972e-11 1.74796e-09 1.11906e-07 4.2239e-06 9.39968e-05 0.00123328 0.0095409 0.043539 0.117447 0.189266 0.191632 0.147171 0.11732 0.0922946 0.0545151 0.0234024 0.00853207 0.00288817 0.000850331 0.00021325 4.63338e-05 8.50736e-06 1.2747e-06 1.51543e-07 1.39317e-08
 1.57654e-11 1.71194e-09 1.096e-07 4.13685e-06 9.20596e-05 0.00120786 0.00934439 0.0426446 0.115067 0.185692 0.189237 0.148491 0.121992 0.0968616 0.0561469 0.0226465 0.00739772 0.00229526 0.000663989 0.000170035 3.7717e-05 6.99882e-06 1.06084e-06 1.28687e-07 1.21136e-08
 1.56635e-11 1.70087e-09 1.08891e-07 4.1101e-06 9.14645e-05 0.00120006 0.00928402 0.0423697 0.114333 0.184574 0.188407 0.14864 0.123046 0.0980461 0.0568387 0.0228465 0.00736058 0.00219719 0.000589882 0.000137453 2.86059e-05 5.2434e-06 8.05541e-07 9.92338e-08 9.47556e-09
 1.64528e-11 1.78658e-09 1.14378e-07 4.31721e-06 9.60733e-05 0.00126052 0.00975162 0.0444998 0.120028 0.193333 0.195317 0.148832 0.116994 0.0904974 0.0514467 0.0198793 0.00591572 0.00161896 0.00041227 9.22091e-05 1.804e-05 3.04525e-06 4.35473e-07 5.18347e-08 4.94145e-09
 1.58854e-11 1.72497e-09 1.10434e-07 4.16833e-06 9.27604e-05 0.00121706 0.00941552 0.0429692 0.115942 0.1871 0.190652 0.149526 0.122613 0.0967691 0.0549792 0.0208516 0.00591638 0.00150697 0.000355105 7.28708e-05 1.31212e-05 2.07299e-06 2.77856e-07 3.0706e-08 2.73223e-09
 1.47771e-11 1.60462e-09 1.02729e-07 3.87751e-06 8.62885e-05 0.00113215 0.0087589 0.0399783 0.107951 0.174843 0.181155 0.149819 0.131972 0.107949 0.0623343 0.0242485 0.00724508 0.00195005 0.000464671 9.15607e-05 1.52781e-05 2.20497e-06 2.70005e-07 2.7505e-08 2.27383e-09
 1.52318e-11 1.65399e-09 1.0589e-07 3.99682e-06 8.89435e-05 0.00116698 0.00902826 0.041205 0.111225 0.179836 0.184882 0.149235 0.127425 0.102896 0.0595185 0.0235123 0.00728053 0.00205538 0.000513489 0.000106397 1.84353e-05 2.64838e-06 3.07729e-07 2.88489e-08 2.17518e-09
 1.45592e-11 1.58096e-09 1.01214e-07 3.82034e-06 8.50163e-05 0.00111546 0.00862979 0.0393897 0.10637 0.172353 0.178908 0.148832 0.132218 0.109087 0.0642166 0.02638 0.00881286 0.00269794 0.000713055 0.000155056 2.83015e-05 4.28075e-06 5.18262e-07 4.92135e-08 3.60565e-09
 1.47162e-11 1.598e-09 1.02305e-07 3.86152e-06 8.59326e-05 0.00112748 0.00872277 0.0398135 0.107506 0.174121 0.180405 0.149209 0.131525 0.1079 0.0629425 0.0252618 0.00810709 0.00242413 0.000657272 0.000152757 3.00712e-05 4.84701e-06 6.2029e-07 6.20319e-08 4.74128e-09
 1.48482e-11 1.61234e-09 1.03224e-07 3.89618e-06 8.67039e-05 0.0011376 0.00880102 0.0401699 0.108458 0.175577 0.181515 0.149115 0.130323 0.106523 0.0621217 0.024966 0.00801729 0.00237815 0.000630315 0.000142618 2.80242e-05 4.69763e-06 6.41905e-07 6.87422e-08 5.58179e-09
 1.55296e-11 1.68633e-09 1.0796e-07 4.07496e-06 9.06824e-05 0.00118979 0.00920467 0.0420083 0.113368 0.183095 0.18727 0.148703 0.12422 0.0994274 0.0577194 0.0232221 0.00748871 0.00223197 0.00059291 0.000133663 2.58978e-05 4.25672e-06 5.77689e-07 6.32743e-08 5.39994e-09
 1.60165e-11 1.7392e-09 1.11345e-07 4.20273e-06 9.35259e-05 0.0012271 0.00949317 0.0433226 0.116883 0.188514 0.191604 0.149018 0.120784 0.0949632 0.0542989 0.0211054 0.00635143 0.00176093 0.000451721 0.000101115 1.96119e-05 3.21732e-06 4.32566e-07 4.67372e-08 3.9644e-09
 1.64129e-11 1.78224e-09 1.14101e-07 4.30673e-06 9.58401e-05 0.00125746 0.00972798 0.0443925 0.119746 0.19294 0.195205 0.149477 0.118299 0.0915419 0.0514433 0.0191101 0.00517107 0.00123735 0.000281447 5.75456e-05 1.04433e-05 1.65683e-06 2.205e-07 2.37327e-08 1.99968e-09
 1.64717e-11 1.78863e-09 1.1451e-07 4.32218e-06 9.61839e-05 0.00126197 0.00976287 0.0445514 0.120171 0.193596 0.19573 0.149519 0.117891 0.0910157 0.0510475 0.018866 0.00502703 0.00116008 0.000246415 4.49725e-05 7.07249e-06 9.87834e-07 1.2012e-07 1.22517e-08 1.00663e-09
 1.58038e-11 1.7161e-09 1.09867e-07 4.14691e-06 9.22837e-05 0.0012108 0.00936718 0.0427494 0.11536 0.186254 0.190219 0.150279 0.124416 0.0983259 0.0551997 0.0200642 0.00510277 0.0010929 0.00021812 3.81086e-05 5.66264e-06 7.20326e-07 7.70042e-08 6.85266e-09 5.04021e-10
 1.57156e-11 1.70653e-09 1.09253e-07 4.12377e-06 9.17687e-05 0.00120405 0.00931491 0.0425109 0.114717 0.185217 0.189174 0.149508 0.123955 0.0984393 0.0561755 0.0214987 0.00619538 0.00157553 0.000347965 6.08419e-05 8.55663e-06 1.01939e-06 1.02138e-07 8.36255e-09 5.49277e-10
 1.61709e-11 1.75597e-09 1.12419e-07 4.24325e-06 9.44275e-05 0.00123893 0.00958467 0.0437399 0.118004 0.190285 0.193227 0.149803 0.120739 0.0942437 0.0529323 0.0194794 0.005136 0.00117623 0.000254442 4.84849e-05 7.77074e-06 1.00776e-06 1.01492e-07 7.92568e-09 4.86451e-10
 1.61818e-11 1.75715e-09 1.12495e-07 4.24611e-06 9.44912e-05 0.00123976 0.00959113 0.0437693 0.118083 0.19041 0.193344 0.149864 0.120746 0.0942044 0.0528458 0.0193675 0.0050413 0.00111947 0.000228941 4.02117e-05 6.00664e-06 7.79981e-07 8.4795e-08 7.27115e-09 4.69921e-10
 1.65881e-11 1.80127e-09 1.15319e-07 4.35272e-06 9.68636e-05 0.00127089 0.00983183 0.0448655 0.121009 0.194876 0.196696 0.149401 0.116776 0.089759 0.050324 0.0186428 0.00499592 0.00115756 0.000242875 4.24324e-05 6.11086e-06 7.44448e-07 7.5576e-08 6.26637e-09 4.15298e-10
#obs surv len freq
 1.86165e-11 2.02154e-09 1.2942e-07 4.88498e-06 0.000108708 0.00142628 0.0110333 0.0503341 0.135559 0.216671 0.210923 0.139916 0.085843 0.060332 0.0409099 0.0247279 0.0133368 0.00600391 0.0021392 0.000588411 0.000121884 1.85801e-05 2.03878e-06 1.5679e-07 8.21461e-09
 1.4514e-11 1.57605e-09 1.009e-07 3.80847e-06 8.47524e-05 0.001112 0.00860323 0.0392717 0.106081 0.172007 0.178626 0.147564 0.128539 0.105338 0.0644927 0.0298417 0.0120303 0.00447776 0.00145197 0.000384085 7.82246e-05 1.16547e-05 1.22388e-06 8.82339e-08 4.27704e-09
 1.74038e-11 1.88984e-09 1.20989e-07 4.56675e-06 0.000101627 0.00133338 0.0103151 0.0470667 0.126872 0.203613 0.201728 0.14237 0.097982 0.0734698 0.0491914 0.0275281 0.0126216 0.00439819 0.00113296 0.000227345 3.73999e-05 4.91763e-06 4.81095e-07 3.28923e-08 1.5085e-09
 1.53959e-11 1.67181e-09 1.07031e-07 4.03989e-06 8.99024e-05 0.00117957 0.00912606 0.0416579 0.112504 0.182118 0.187193 0.148455 0.120672 0.0947082 0.0579126 0.0276739 0.0113617 0.00397942 0.00110024 0.000227275 3.40813e-05 3.68278e-06 2.89111e-07 1.64731e-08 6.63219e-10
 1.71506e-11 1.86236e-09 1.1923e-07 4.50033e-06 0.000100149 0.001314 0.0101656 0.0463923 0.125142 0.201405 0.20164 0.14642 0.10382 0.0764631 0.0479997 0.0244973 0.0102801 0.00335935 0.000821136 0.000152037 2.14856e-05 2.24274e-06 1.65148e-07 8.31648e-09 2.82357e-10
 1.58586e-11 1.72206e-09 1.10248e-07 4.16132e-06 9.26048e-05 0.00121504 0.0094007 0.0429153 0.115928 0.187736 0.192676 0.150569 0.117785 0.0890835 0.0533999 0.025141 0.00990449 0.00319191 0.000790749 0.000145544 1.9497e-05 1.86436e-06 1.2528e-07 5.82022e-09 1.82896e-10
 1.667e-11 1.81017e-09 1.15888e-07 4.37422e-06 9.73426e-05 0.0012772 0.00988148 0.0451062 0.121788 0.196731 0.199525 0.149715 0.109785 0.0804017 0.0488252 0.0237513 0.00941431 0.00290159 0.000665814 0.000113543 1.43709e-05 1.31523e-06 8.40256e-08 3.64343e-09 1.05154e-10
 1.60473e-11 1.74255e-09 1.11559e-07 4.21082e-06 9.37068e-05 0.00122951 0.00951312 0.0434358 0.1174 0.190433 0.196077 0.153045 0.117256 0.085986 0.0503262 0.0231459 0.00873042 0.00262018 0.000592761 9.856e-05 1.18538e-05 1.00985e-06 5.97024e-08 2.405e-09 6.47612e-11
 1.55385e-11 1.6873e-09 1.08022e-07 4.07732e-06 9.0736e-05 0.00119055 0.00921211 0.0420697 0.113794 0.185095 0.192311 0.153259 0.12014 0.0895925 0.0539044 0.0257517 0.00990193 0.00292899 0.000639549 0.000102169 1.18373e-05 9.70758e-07 5.47727e-08 2.07775e-09 5.20579e-11
 1.56915e-11 1.70392e-09 1.09086e-07 4.11748e-06 9.16301e-05 0.00120229 0.00930327 0.0424905 0.114969 0.187161 0.194667 0.154658 0.11947 0.0873594 0.0516853 0.0243283 0.00922695 0.00269877 0.000582419 9.11154e-05 1.01804e-05 7.94762e-07 4.2411e-08 1.51824e-09 3.58343e-11
 1.4809e-11 1.60808e-09 1.02951e-07 3.8859e-06 8.64771e-05 0.00113471 0.00878131 0.0401241 0.10875 0.178147 0.18917 0.157577 0.127686 0.0945582 0.0554634 0.0256517 0.00949647 0.00270375 0.000568338 8.66561e-05 9.41975e-06 7.11851e-07 3.64794e-08 1.24254e-09 2.76741e-11
 1.48738e-11 1.61511e-09 1.03401e-07 3.90291e-06 8.68559e-05 0.0011397 0.00882026 0.0403073 0.109284 0.17915 0.190259 0.157638 0.12617 0.0930165 0.0552141 0.0259679 0.00962297 0.00268552 0.000545818 7.99084e-05 8.31547e-06 6.00996e-07 2.94333e-08 9.56397e-10 2.02562e-11
 1.48377e-11 1.6112e-09 1.0315e-07 3.89345e-06 8.6646e-05 0.00113697 0.00879983 0.0402247 0.109156 0.179412 0.19176 0.160155 0.127676 0.0922943 0.0532903 0.0243017 0.00875841 0.00239226 0.000476736 6.79908e-05 6.81384e-06 4.69295e-07 2.17537e-08 6.66764e-10 1.3302e-11
 1.34195e-11 1.4572e-09 9.32913e-08 3.52133e-06 7.83661e-05 0.00102839 0.00796147 0.0364264 0.0991844 0.164966 0.18278 0.164183 0.140043 0.103747 0.0599581 0.027049 0.00952084 0.00251466 0.00048257 6.62379e-05 6.38846e-06 4.22583e-07 1.87234e-08 5.44994e-10 1.02591e-11
 1.3915e-11 1.51101e-09 9.67362e-08 3.65136e-06 8.12601e-05 0.00106637 0.00825533 0.0377655 0.102747 0.170221 0.185758 0.160908 0.132629 0.0988273 0.0597093 0.028395 0.0103057 0.00273349 0.000517307 6.90974e-05 6.41595e-06 4.05564e-07 1.70974e-08 4.72244e-10 8.415e-12
 1.29551e-11 1.40677e-09 9.00633e-08 3.39951e-06 7.56571e-05 0.000992926 0.00768916 0.0352131 0.0961541 0.161199 0.181737 0.166587 0.142541 0.105105 0.061217 0.0281261 0.0100731 0.0026921 0.000516736 6.93693e-05 6.36413e-06 3.9089e-07 1.58071e-08 4.15039e-10 6.98785e-12
 1.38671e-11 1.50581e-09 9.64035e-08 3.63883e-06 8.0983e-05 0.00106281 0.00822963 0.0376734 0.10269 0.170915 0.188016 0.163413 0.132917 0.0972272 0.0579425 0.0271258 0.00965031 0.0025147 0.000469521 6.1732e-05 5.58112e-06 3.3787e-07 1.33862e-08 3.41071e-10 5.51547e-12
 1.32314e-11 1.43678e-09 9.19848e-08 3.47208e-06 7.72744e-05 0.00101425 0.00785645 0.0360078 0.098525 0.165883 0.187851 0.170686 0.14134 0.0998849 0.0556915 0.024376 0.00827531 0.00209434 0.000380903 4.84525e-05 4.20886e-06 2.44229e-07 9.28562e-09 2.2744e-10 3.53661e-12
 1.44997e-11 1.5745e-09 1.00802e-07 3.80488e-06 8.46807e-05 0.00111142 0.00860779 0.0394253 0.10759 0.179355 0.196844 0.167521 0.129763 0.089326 0.0497835 0.0215582 0.00703187 0.00167298 0.000284615 3.40709e-05 2.80588e-06 1.54863e-07 5.596e-09 1.29978e-10 1.91318e-12
 1.46127e-11 1.58677e-09 1.01587e-07 3.83456e-06 8.53433e-05 0.00112019 0.00867761 0.0397692 0.108708 0.181943 0.201101 0.171634 0.130382 0.0857214 0.0450258 0.0184578 0.00578841 0.00133642 0.000219431 2.49884e-05 1.93233e-06 9.95213e-08 3.35453e-09 7.28329e-11 1.00416e-12
 1.46897e-11 1.59514e-09 1.02123e-07 3.85483e-06 8.57965e-05 0.00112623 0.00872613 0.0400137 0.109529 0.183873 0.204151 0.174277 0.130586 0.083475 0.0420357 0.0162266 0.00471795 0.00100377 0.000152367 1.61627e-05 1.17083e-06 5.652e-08 1.7795e-09 3.59279e-11 4.59122e-13
 1.45378e-11 1.57864e-09 1.01068e-07 3.81502e-06 8.49134e-05 0.00111474 0.00863952 0.0396458 0.108726 0.183323 0.205137 0.176379 0.131817 0.0832344 0.0411492 0.015443 0.0043032 0.000863899 0.00012199 1.19144e-05 7.91192e-07 3.50437e-08 1.0158e-09 1.89456e-11 2.24081e-13
 1.40574e-11 1.52648e-09 9.7729e-08 3.68907e-06 8.21147e-05 0.00107817 0.00835986 0.0384104 0.105691 0.179686 0.204506 0.179775 0.13583 0.085182 0.0413454 0.0150989 0.00405825 0.000779143 0.000104228 9.54164e-06 5.87768e-07 2.39465e-08 6.34976e-10 1.08067e-11 1.16631e-13
 1.46118e-11 1.58668e-09 1.01583e-07 3.83458e-06 8.53547e-05 0.00112073 0.00868983 0.0399185 0.109716 0.185657 0.208201 0.177582 0.13004 0.0806057 0.0393011 0.0144101 0.00384371 0.000722806 9.36283e-05 8.21152e-06 4.79629e-07 1.83521e-08 4.53187e-10 7.13178e-12 7.07716e-14
 1.35518e-11 1.47159e-09 9.42163e-08 3.55665e-06 7.91781e-05 0.00104 0.00807186 0.0371813 0.102946 0.177433 0.20671 0.185544 0.139421 0.0846138 0.0392086 0.0135845 0.00345269 0.000624493 7.80464e-05 6.5835e-06 3.67519e-07 1.33457e-08 3.10686e-10 4.58161e-12 4.23765e-14
 1.4539e-11 1.57879e-09 1.0108e-07 3.81574e-06 8.49449e-05 0.00111567 0.00865669 0.039833 0.109887 0.187262 0.211964 0.181113 0.130197 0.0778117 0.0360766 0.012371 0.00303746 0.000520357 6.10753e-05 4.83867e-06 2.54499e-07 8.72772e-09 1.91891e-10 2.66735e-12 2.31834e-14
 1.35994e-11 1.47677e-09 9.45505e-08 3.56949e-06 7.94763e-05 0.00104432 0.00811263 0.0374446 0.104101 0.180627 0.211603 0.188503 0.137719 0.0803247 0.0355436 0.0116308 0.00275073 0.000456253 5.16151e-05 3.89813e-06 1.93229e-07 6.19669e-09 1.26962e-10 1.64371e-12 1.33157e-14
 1.41632e-11 1.538e-09 9.84712e-08 3.71754e-06 8.27741e-05 0.00108766 0.00844853 0.0389739 0.108118 0.186274 0.214359 0.185463 0.132298 0.0767845 0.0340748 0.0110473 0.00253581 0.000402001 4.31916e-05 3.09489e-06 1.45491e-07 4.41413e-09 8.51793e-11 1.03311e-12 7.80239e-15
#pred catch len freq
 1.1583e-11 1.25778e-09 8.0524e-08 3.03938e-06 6.76373e-05 0.000887441 0.00686594 0.0313436 0.0847085 0.13779 0.145559 0.127757 0.122366 0.109569 0.077343 0.0484155 0.0312494 0.0209259 0.0145905 0.01075 0.0084823 0.00723998 0.00633074 0.00489671 0.00285853
 1.64099e-11 1.78192e-09 1.1408e-07 4.30596e-06 9.5823e-05 0.00125723 0.00972609 0.0443806 0.119669 0.19246 0.19305 0.143568 0.109038 0.08435 0.0513296 0.0245728 0.0114441 0.00587417 0.00328406 0.001984 0.00130704 0.000957501 0.000757088 0.00056239 0.000328088
 1.50263e-11 1.63167e-09 1.04461e-07 3.94289e-06 8.77436e-05 0.00115124 0.00890649 0.04065 0.109737 0.177511 0.182876 0.148606 0.128069 0.104054 0.0607046 0.0246214 0.0082489 0.00281373 0.00104012 0.000432322 0.000209203 0.000118658 7.78106e-05 5.2292e-05 2.93919e-05
 1.55339e-11 1.68679e-09 1.0799e-07 4.07608e-06 9.07075e-05 0.00119012 0.00920718 0.0420192 0.113389 0.183063 0.186932 0.147671 0.122609 0.0983252 0.0580907 0.0246142 0.00874719 0.00288289 0.000839301 0.000223025 6.28617e-05 2.16151e-05 9.7053e-06 5.22531e-06 2.65865e-06
 1.57241e-11 1.70745e-09 1.09312e-07 4.12599e-06 9.18181e-05 0.00120469 0.00931987 0.0425326 0.114763 0.185189 0.18867 0.147918 0.12145 0.0966823 0.0566559 0.0235825 0.00817731 0.00268817 0.000801785 0.00020806 4.70683e-05 9.67596e-06 2.1613e-06 6.63164e-07 2.55801e-07
 1.61037e-11 1.74867e-09 1.11951e-07 4.22561e-06 9.40349e-05 0.00123378 0.00954479 0.0435574 0.117505 0.189427 0.192109 0.148329 0.119028 0.093389 0.0539591 0.0217344 0.0070789 0.00218009 0.000623456 0.000158665 3.56459e-05 6.84842e-06 1.11552e-06 1.69698e-07 3.1132e-08
 1.5884e-11 1.72482e-09 1.10424e-07 4.16797e-06 9.27522e-05 0.00121695 0.00941466 0.0429646 0.115921 0.186994 0.190207 0.148333 0.120805 0.0955672 0.0554731 0.0225131 0.00740707 0.00227121 0.000626764 0.000150184 3.18649e-05 5.89766e-06 9.20389e-07 1.18347e-07 1.28478e-08
 1.55292e-11 1.68628e-09 1.07957e-07 4.07485e-06 9.068e-05 0.00118976 0.0092044 0.0420068 0.113359 0.183046 0.187056 0.148124 0.123338 0.0988338 0.057942 0.0240142 0.00821347 0.00261711 0.000738196 0.000177631 3.69009e-05 6.51478e-06 9.6034e-07 1.16683e-07 1.14115e-08
 1.48608e-11 1.61371e-09 1.03311e-07 3.89948e-06 8.67774e-05 0.00113856 0.00880847 0.0402035 0.108543 0.175675 0.181427 0.148572 0.129387 0.105821 0.0622062 0.0256323 0.00868153 0.00276663 0.000796743 0.000198596 4.25598e-05 7.60607e-06 1.10678e-06 1.29487e-07 1.19829e-08
 1.57952e-11 1.71517e-09 1.09807e-07 4.14467e-06 9.22337e-05 0.00121015 0.00936203 0.0427245 0.115274 0.185962 0.189211 0.147708 0.120564 0.0957961 0.0563131 0.0236748 0.00832466 0.00273421 0.000794035 0.000198121 4.2957e-05 7.88067e-06 1.18044e-06 1.40322e-07 1.28997e-08
 1.5588e-11 1.69267e-09 1.08366e-07 4.09028e-06 9.10234e-05 0.00119427 0.00923927 0.042166 0.113791 0.183757 0.187847 0.148898 0.124038 0.0990127 0.057167 0.0226802 0.00716175 0.00214582 0.000609765 0.00015517 3.43441e-05 6.36781e-06 9.64921e-07 1.17039e-07 1.10168e-08
 1.58985e-11 1.72639e-09 1.10525e-07 4.17176e-06 9.28367e-05 0.00121806 0.00942324 0.043004 0.11603 0.18719 0.190504 0.148804 0.121408 0.095906 0.0551851 0.0218093 0.00679588 0.00195984 0.000516707 0.000119585 2.48219e-05 4.54507e-06 6.9801e-07 8.59777e-08 8.20949e-09
 1.67115e-11 1.81467e-09 1.16177e-07 4.3851e-06 9.7584e-05 0.00128034 0.0099049 0.045198 0.121894 0.196203 0.197574 0.148875 0.11498 0.0880027 0.0496867 0.018933 0.00546571 0.00144174 0.000359217 7.9683e-05 1.55432e-05 2.62079e-06 3.7462e-07 4.45852e-08 4.25015e-09
 1.60268e-11 1.74032e-09 1.11417e-07 4.20542e-06 9.35857e-05 0.00122788 0.00949926 0.0433507 0.116962 0.188674 0.191912 0.149621 0.121621 0.0954758 0.0539829 0.0202306 0.00558222 0.00136997 0.000315134 6.40508e-05 1.14922e-05 1.81306e-06 2.42891e-07 2.68374e-08 2.38787e-09
 1.50273e-11 1.63179e-09 1.04469e-07 3.94317e-06 8.77498e-05 0.00115132 0.00890716 0.0406538 0.109757 0.177623 0.18336 0.14992 0.130112 0.105591 0.0605989 0.0232437 0.00673746 0.00174956 0.000408199 7.97703e-05 1.32661e-05 1.91166e-06 2.33942e-07 2.38261e-08 1.96955e-09
 1.5003e-11 1.62915e-09 1.04299e-07 3.93678e-06 8.76076e-05 0.00114946 0.00889273 0.0405879 0.109579 0.177333 0.183052 0.149654 0.129902 0.105558 0.0608681 0.0236942 0.00710786 0.00193724 0.000474606 9.76077e-05 1.68619e-05 2.41914e-06 2.80938e-07 2.63318e-08 1.98522e-09
 1.47148e-11 1.59785e-09 1.02296e-07 3.86115e-06 8.59246e-05 0.00112737 0.00872196 0.0398097 0.107495 0.174099 0.180363 0.149126 0.131415 0.107854 0.0630357 0.0254258 0.00820774 0.00243146 0.000632149 0.000136611 2.48695e-05 3.75721e-06 4.54662e-07 4.31663e-08 3.16238e-09
 1.48186e-11 1.60913e-09 1.03018e-07 3.88841e-06 8.65311e-05 0.00113533 0.0087835 0.0400902 0.108247 0.175277 0.181391 0.149477 0.131109 0.107164 0.0621364 0.0245317 0.00761544 0.00219911 0.000585419 0.000135145 2.65375e-05 4.27313e-06 5.46637e-07 5.46583e-08 4.17746e-09
 1.48974e-11 1.61768e-09 1.03565e-07 3.90908e-06 8.6991e-05 0.00114137 0.00883016 0.0403027 0.108815 0.176145 0.182049 0.149412 0.130379 0.106338 0.0616585 0.0243749 0.00757214 0.00216993 0.000564756 0.000126914 2.48717e-05 4.16461e-06 5.68842e-07 6.09095e-08 4.94555e-09
 1.57445e-11 1.70967e-09 1.09454e-07 4.13136e-06 9.19375e-05 0.00120626 0.00933202 0.0425885 0.11492 0.18549 0.189199 0.148885 0.122769 0.0975008 0.056192 0.0222278 0.00693283 0.00199647 0.000520886 0.000116637 2.25393e-05 3.70061e-06 5.02009e-07 5.4977e-08 4.69159e-09
 1.66176e-11 1.80447e-09 1.15524e-07 4.36044e-06 9.70354e-05 0.00127314 0.00984924 0.0449445 0.121216 0.195162 0.196757 0.148866 0.115721 0.0889147 0.0503231 0.019268 0.00562177 0.00150267 0.000377368 8.37989e-05 1.62062e-05 2.65563e-06 3.56899e-07 3.8556e-08 3.27028e-09
 1.698e-11 1.84382e-09 1.18043e-07 4.45554e-06 9.91515e-05 0.00130091 0.010064 0.0459227 0.123833 0.199204 0.200025 0.149218 0.113346 0.0857184 0.0477401 0.0175375 0.00462615 0.00106602 0.000235999 4.772e-05 8.62666e-06 1.36667e-06 1.81792e-07 1.95633e-08 1.64827e-09
 1.72628e-11 1.87454e-09 1.2001e-07 4.52977e-06 0.000100803 0.00132258 0.0102315 0.0466861 0.125872 0.202328 0.202427 0.149082 0.110866 0.0828142 0.0459123 0.0167778 0.004362 0.000970056 0.000200474 3.61599e-05 5.66137e-06 7.89257e-07 9.59025e-08 9.7792e-09 8.03427e-10
 1.61267e-11 1.75117e-09 1.12111e-07 4.23164e-06 9.41691e-05 0.00123554 0.00955847 0.0436207 0.117688 0.189822 0.192972 0.150156 0.121632 0.0950324 0.0530775 0.0191322 0.00476316 0.000983839 0.000190453 3.28152e-05 4.85134e-06 6.15864e-07 6.57822e-08 5.85219e-09 4.30388e-10
 1.65154e-11 1.79337e-09 1.14813e-07 4.33363e-06 9.64387e-05 0.00126531 0.00978871 0.0446689 0.120482 0.194053 0.195985 0.14918 0.117027 0.0902592 0.050927 0.0192196 0.00538143 0.00132014 0.000285087 4.93985e-05 6.92101e-06 8.22901e-07 8.23726e-08 6.74177e-09 4.42762e-10
 1.6914e-11 1.83665e-09 1.17584e-07 4.43822e-06 9.87661e-05 0.00129585 0.0100249 0.0457447 0.123359 0.198486 0.199517 0.149393 0.114143 0.0865429 0.0481112 0.017519 0.00450989 0.000994963 0.000209179 3.93813e-05 6.28509e-06 8.13781e-07 8.19025e-08 6.39421e-09 3.92409e-10
 1.67731e-11 1.82135e-09 1.16605e-07 4.40125e-06 9.79434e-05 0.00128506 0.00994139 0.0453646 0.122344 0.196937 0.198354 0.149554 0.115521 0.0880916 0.0489995 0.0177819 0.00452339 0.000968344 0.000192405 3.3366e-05 4.96015e-06 6.42786e-07 6.98224e-08 5.98552e-09 3.86795e-10
 1.65254e-11 1.79447e-09 1.14883e-07 4.33627e-06 9.64975e-05 0.00126609 0.00979469 0.0446964 0.120559 0.194196 0.19622 0.149587 0.117563 0.0905577 0.0506586 0.0185883 0.00486048 0.00108557 0.000221742 3.82992e-05 5.49129e-06 6.67629e-07 6.77169e-08 5.61279e-09 3.71937e-10
#obs catch len freq
 1.12278e-11 1.21921e-09 7.80545e-08 2.94618e-06 6.55633e-05 0.000860235 0.00665567 0.0303883 0.082183 0.134089 0.143372 0.130034 0.130433 0.124266 0.0965341 0.0635057 0.0351873 0.0154007 0.00525576 0.00141745 0.000296909 4.64493e-05 5.23508e-06 4.12827e-07 2.21975e-08
 1.73253e-11 1.88132e-09 1.20444e-07 4.54616e-06 0.000101168 0.00132736 0.0102684 0.0468511 0.126262 0.202439 0.199855 0.139684 0.0951593 0.0718907 0.0496934 0.0300547 0.0160441 0.00709034 0.00246497 0.000657534 0.000131294 1.91771e-05 2.0038e-06 1.45895e-07 7.20078e-09
 1.31722e-11 1.43034e-09 9.15718e-08 3.45639e-06 7.69175e-05 0.00100922 0.00780859 0.0356563 0.0964645 0.157513 0.168226 0.149585 0.14054 0.117822 0.0720021 0.0331496 0.0132602 0.00485983 0.00153937 0.000394689 7.7337e-05 1.10148e-05 1.09952e-06 7.49679e-08 3.42106e-09
 1.63644e-11 1.77698e-09 1.13764e-07 4.29401e-06 9.55574e-05 0.00125376 0.00969955 0.0442655 0.119415 0.192317 0.193353 0.143141 0.106335 0.0830022 0.0558789 0.031032 0.01398 0.00475794 0.00119453 0.000232874 3.69502e-05 4.64547e-06 4.31434e-07 2.78513e-08 1.20097e-09
 1.44914e-11 1.57359e-09 1.00743e-07 3.80254e-06 8.46207e-05 0.00111029 0.00859053 0.0392234 0.106048 0.172497 0.180614 0.150396 0.128925 0.102766 0.0625902 0.0296686 0.0120111 0.00411272 0.001104 0.000220173 3.17246e-05 3.27892e-06 2.44795e-07 1.31766e-08 4.9825e-10
 1.63723e-11 1.77784e-09 1.13819e-07 4.2961e-06 9.5604e-05 0.00125438 0.00970481 0.0442976 0.119588 0.193119 0.195914 0.147888 0.110681 0.0834142 0.0522944 0.0264133 0.0108754 0.00346405 0.000822272 0.000147155 1.99649e-05 1.98784e-06 1.3892e-07 6.61076e-09 2.11173e-10
 1.52008e-11 1.65063e-09 1.05675e-07 3.9887e-06 8.87637e-05 0.00116466 0.00901141 0.0411479 0.111264 0.180899 0.188342 0.15259 0.124017 0.0946388 0.05635 0.0262301 0.0101468 0.00318584 0.000764502 0.000135573 1.74041e-05 1.58672e-06 1.01144e-07 4.4354e-09 1.31005e-10
 1.61465e-11 1.75333e-09 1.12249e-07 4.23687e-06 9.42863e-05 0.00123711 0.00957181 0.0437013 0.118089 0.191352 0.196228 0.151488 0.114767 0.0847452 0.0510951 0.0245167 0.00950909 0.00284901 0.00063284 0.000103958 1.25966e-05 1.09723e-06 6.63947e-08 2.71553e-09 7.36479e-11
 1.55278e-11 1.68614e-09 1.07948e-07 4.07452e-06 9.06738e-05 0.00118974 0.00920593 0.0420437 0.113749 0.185195 0.193081 0.155174 0.122334 0.0900636 0.0522335 0.0236852 0.00874331 0.00254906 0.000557205 8.90548e-05 1.02387e-05 8.29552e-07 4.6421e-08 1.76214e-09 4.45411e-11
 1.51592e-11 1.64611e-09 1.05386e-07 3.9778e-06 8.85218e-05 0.00116152 0.00898805 0.0410568 0.111159 0.181424 0.190524 0.155316 0.124024 0.092347 0.0549434 0.0258142 0.0096858 0.00277772 0.00058538 8.9796e-05 9.9317e-06 7.73386e-07 4.1248e-08 1.47324e-09 3.46324e-11
 1.53782e-11 1.6699e-09 1.06908e-07 4.03528e-06 8.98012e-05 0.00117832 0.00911836 0.0416566 0.112817 0.184244 0.193484 0.156708 0.122773 0.0894242 0.0522559 0.0241661 0.00893481 0.00253056 0.000526204 7.89051e-05 8.40409e-06 6.22315e-07 3.136e-08 1.05591e-09 2.336e-11
 1.4567e-11 1.5818e-09 1.01269e-07 3.82241e-06 8.50648e-05 0.0011162 0.00863882 0.039485 0.107129 0.176096 0.188771 0.159788 0.130425 0.0957955 0.0553915 0.0251337 0.00905922 0.00249481 0.000504698 7.36595e-05 7.62138e-06 5.455e-07 2.63651e-08 8.43836e-10 1.76031e-11
 1.47179e-11 1.59819e-09 1.02318e-07 3.86202e-06 8.59466e-05 0.00112779 0.00872886 0.0399012 0.108288 0.178049 0.190551 0.159729 0.128175 0.0935096 0.0546408 0.0251598 0.00905844 0.0024414 0.000476944 6.67588e-05 6.60479e-06 4.51573e-07 2.08322e-08 6.35318e-10 1.25902e-11
 1.47263e-11 1.59911e-09 1.02376e-07 3.86424e-06 8.59966e-05 0.00112848 0.00873493 0.0399404 0.108492 0.178844 0.192498 0.162249 0.129236 0.0922508 0.0523711 0.0233632 0.00817445 0.00215382 0.000411916 5.60751e-05 5.33558e-06 3.47263e-07 1.51489e-08 4.35393e-10 8.11982e-12
 1.33288e-11 1.44735e-09 9.26611e-08 3.49755e-06 7.78379e-05 0.0010215 0.00790915 0.0362023 0.0987027 0.164763 0.183988 0.166562 0.141474 0.1033 0.0586274 0.0258359 0.00881643 0.00224382 0.000412808 5.40238e-05 4.94063e-06 3.08424e-07 1.28455e-08 3.50285e-10 6.15963e-12
 1.38831e-11 1.50754e-09 9.65144e-08 3.643e-06 8.10749e-05 0.00106398 0.00823782 0.0376995 0.102681 0.17061 0.187293 0.163082 0.133672 0.0981237 0.0581424 0.0269409 0.00945773 0.00241315 0.000437153 5.55932e-05 4.8888e-06 2.91331e-07 1.1533e-08 2.98132e-10 4.95805e-12
 1.29516e-11 1.40639e-09 9.00391e-08 3.39862e-06 7.56384e-05 0.000992732 0.00768888 0.0352288 0.0963275 0.162034 0.183764 0.16892 0.143223 0.103846 0.0592949 0.0265514 0.00919551 0.0023609 0.000432877 5.52122e-05 4.78944e-06 2.76995e-07 1.05089e-08 2.58044e-10 4.05197e-12
 1.39314e-11 1.51279e-09 9.68509e-08 3.65574e-06 8.13604e-05 0.00106781 0.00826948 0.0378706 0.103335 0.172403 0.190364 0.165464 0.133113 0.0956052 0.055733 0.025361 0.00870922 0.0021783 0.000388204 4.84341e-05 4.13346e-06 2.3521e-07 8.72983e-09 2.0779e-10 3.13167e-12
 1.3327e-11 1.44716e-09 9.26493e-08 3.49718e-06 7.78347e-05 0.00102166 0.00791528 0.0362949 0.0994321 0.16784 0.19065 0.172732 0.140967 0.0976242 0.0532215 0.022649 0.00741895 0.00179968 0.000311899 3.7598e-05 3.07969e-06 1.67801e-07 5.96922e-09 1.36403e-10 1.97424e-12
 1.46141e-11 1.58693e-09 1.01597e-07 3.83493e-06 8.53511e-05 0.00112027 0.0086777 0.0397614 0.108614 0.181419 0.199545 0.169292 0.129242 0.0870839 0.0473447 0.0198818 0.00624712 0.00142368 0.000230697 2.61498e-05 2.02832e-06 1.04987e-07 3.54577e-09 7.67641e-11 1.05081e-12
 1.47711e-11 1.60398e-09 1.02689e-07 3.87618e-06 8.62715e-05 0.00113244 0.00877395 0.0402273 0.110063 0.184513 0.204116 0.173149 0.129197 0.082965 0.0424765 0.0168809 0.00509474 0.00112475 0.000175594 1.89121e-05 1.37651e-06 6.64494e-08 2.0919e-09 4.22971e-11 5.41837e-13
 1.48661e-11 1.61429e-09 1.0335e-07 3.90116e-06 8.68299e-05 0.00113987 0.00883342 0.0405234 0.111028 0.186667 0.207295 0.175645 0.129071 0.0804583 0.0394247 0.0147325 0.00411881 0.000837522 0.000120815 1.21103e-05 8.24799e-07 3.72827e-08 1.09559e-09 2.05909e-11 2.44402e-13
 1.47403e-11 1.60063e-09 1.02476e-07 3.86822e-06 8.61001e-05 0.00113041 0.00876269 0.0402296 0.11043 0.186433 0.208488 0.177639 0.129989 0.0799369 0.0383977 0.013928 0.00372636 0.000714147 9.57555e-05 8.83292e-06 5.51262e-07 2.28512e-08 6.17805e-10 1.0718e-11 1.17664e-13
 1.42697e-11 1.54954e-09 9.92059e-08 3.74488e-06 8.33601e-05 0.00109463 0.00848952 0.039027 0.107499 0.182993 0.208038 0.181027 0.133805 0.0816697 0.0384793 0.0135661 0.00349686 0.00064015 8.12274e-05 7.01753e-06 4.06069e-07 1.54795e-08 3.82794e-10 6.05893e-12 6.06778e-14
 1.48492e-11 1.61247e-09 1.03235e-07 3.897e-06 8.67474e-05 0.00113913 0.00883444 0.0406023 0.111692 0.189163 0.211759 0.178663 0.127863 0.0770144 0.0363782 0.0128525 0.00328276 0.000587872 7.21461e-05 5.96541e-06 3.27064e-07 1.17039e-08 2.69478e-10 3.94399e-12 3.63212e-14
 1.38091e-11 1.49953e-09 9.60064e-08 3.62431e-06 8.0689e-05 0.00105999 0.0082295 0.037931 0.10513 0.181329 0.210609 0.186519 0.136736 0.0806043 0.0361844 0.0120773 0.00293689 0.000505167 5.97271e-05 4.744e-06 2.48351e-07 8.4285e-09 1.82863e-10 2.50723e-12 2.1519e-14
 1.48016e-11 1.60731e-09 1.02907e-07 3.88481e-06 8.6487e-05 0.00113607 0.00881732 0.0405937 0.112079 0.191095 0.215679 0.181957 0.127581 0.0739172 0.0331123 0.0109145 0.00256111 0.000417067 4.62903e-05 3.4505e-06 1.70011e-07 5.44286e-09 1.1142e-10 1.43899e-12 1.16005e-14
 1.38751e-11 1.50672e-09 9.64694e-08 3.64205e-06 8.10981e-05 0.00106581 0.00828262 0.0382552 0.106459 0.184775 0.215569 0.189197 0.134661 0.0761401 0.0325579 0.0102366 0.00231075 0.000363708 3.88527e-05 2.75853e-06 1.28048e-07 3.83255e-09 7.30813e-11 8.78531e-13 6.59622e-15
#spawning biomass
 4387.45 5841.18 8787.42 13043.7 19402.3 28401.7 45326.1 70304.2 93643.8 127260 156156 180768 206792 231214 229456 216475 219517 198072 185220 189457 205359 217989 240425 231532 241070 232101 232902 255711 286080 6603.17 4249.7 4249.7 4249.7 4249.7 4249.7 4249.7 4249.7 4249.7 4249.7 4249.7 4249.7 4249.7 4249.7 4249.7 4249.7 4249.7 4249.7 4249.7 4249.7 4249.7 4249.7 4249.7 4249.7 4249.7 4249.7 4249.7 4249.7 4249.7 4249.7 4249.7 4249.7 4249.7 4249.7 4249.7 4249.7 4249.7 4249.7 4249.7 4249.7 4249.7 4249.7 4249.7 4249.7 4249.7 4249.7 4249.7 4249.7 4249.7 4249.7 4249.7 4249.7 4249.7 4249.7 4249.7 4249.7 4249.7 4249.7 4249.7 4249.7 4249.7 4249.7 4249.7 4249.7 4249.7 4249.7 4249.7 4249.7 4249.7 4249.7 4249.7 4249.7 4249.7 4249.7 4249.7 4249.7 4249.7 4249.7 4249.7 4249.7 4249.7 4249.7 4249.7 4249.7 4249.7 4249.7 4249.7 4249.7 4249.7 4249.7 4249.7 4249.7 4249.7 4249.7 4249.7 4249.7 4249.7 4249.7 4249.7 0 0 0 0 0 0 0 0 0 0 0 0 0 0 0 0 0 0 0 0 0 0 0 0 0
