SBPRF35
0.0912438
Curr Bio
83946.5
B35
118679
F35
1.65353
FOFL
1.13412
OFL
29790.7
Bzero
26069.4
#pred survey bio
 7743.02 7958.2 5362.4 6509.06 9782.71 13927 19601.4 29396.5 37391.2 51008.5 64288.1 89142.3 106491 122536 116310 117272 129858 143248 123573 124407 115932 132231 139731 135659 137719 148815 122448 140370 116955 4.06962e+06 1.98677e+06 727102 421026 331849 296607 280221 272217 268277 266344 265401 264944 264723 264617 264566 264541 264530 264524 264522 264521 264520 264520 264520 264520 264520 264520 264520 264520 264520 264520 264520 264520 264520 264520 264520 264520 264520 264520 264520 264520 264520 264520 264520 264520 264520 264520 264520 264520 264520 264520 264520 264520 264520 264520 264520 264520 264520 264520 264520 264520 264520 264520 264520 264520 264520 264520 264520 264520 264520 264520 264520 264520 264520 264520 264520 264520 264520 264520 264520 264520 264520 264520 264520 264520 264520 264520 264520 264520 264520 264520 264520 264520 264520 264520 264520 264520 264520 264520 264520 264520 0 0 0 0 0 0 0 0 0 0 0 0 0 0 0 0 0 0 0 0 0 0 0 0 0
#obs survey bio
 4683.88 4749.36 3684.4 7223.1 9529.86 9572.01 13879 27742 28969.4 28334.2 54644.9 92330.6 60804.6 82405.5 94596.8 87094 109097 170496 77725.4 90550 68591.4 117917 78428.2 100707 169594 94344 94249.7 131105 63965.3
#pred catch bio
 1635.04 3756.62 2576.62 2631.76 4207.62 6036.2 8592.23 15498.6 18640.5 31537.9 39789 56691.5 69038.8 82152.7 81092.6 83296.2 94093.8 108721 95565.7 100054 95031.8 107424 122096 118795 115394 135259 108437 127883 106450 29790.7 51474.1 12479.1 6020.22 5174.02 5074.67 5063.8 5062.67 5062.56 5062.55 5062.55 5062.55 5062.55 5062.55 5062.55 5062.55 5062.55 5062.55 5062.55 5062.55 5062.55 5062.55 5062.55 5062.55 5062.55 5062.55 5062.55 5062.55 5062.55 5062.55 5062.55 5062.55 5062.55 5062.55 5062.55 5062.55 5062.55 5062.55 5062.55 5062.55 5062.55 5062.55 5062.55 5062.55 5062.55 5062.55 5062.55 5062.55 5062.55 5062.55 5062.55 5062.55 5062.55 5062.55 5062.55 5062.55 5062.55 5062.55 5062.55 5062.55 5062.55 5062.55 5062.55 5062.55 5062.55 5062.55 5062.55 5062.55 5062.55 5062.55 5062.55 5062.55 5062.55 5062.55 5062.55 5062.55 5062.55 5062.55 5062.55 5062.55 5062.55 5062.55 5062.55 5062.55 5062.55 5062.55 5062.55 5062.55 5062.55 5062.55 5062.55 5062.55 5062.55 5062.55 5062.55 5062.55 5062.55 5062.55 5062.55 5062.55 0 0 0 0 0 0 0 0 0 0 0 0 0 0 0 0 0 0 0 0 0 0 0 0 0
#obs catch bio
 3851.96 4278.5 3153.85 2606.99 4074.7 5924.11 8223.92 14634.2 16954.6 31738.8 40374.1 54818.9 69200.1 80156.9 74489.9 81310.7 85888 98527.9 93739.2 92405.8 92310 96267.4 116535 108316 94349.2 129445 96308.1 110019 105630
#pred cpue bio
 5317.34 6313.81 3846.33 3725.85 5786.53 8193.6 11557.3 16846.4 20987.2 28812.2 32920.2 44728.3 54775.7 62698.6 61289.8 58423.6 62277.7 67627.2 58913 56156 50923.8 55251.9 59604.9 54125.3 54685 61381.4 47500.5 54681.3 45278.2 1.5613e+06 1.87526e+06 646096 340062 250885 215643 199256 191253 187313 185380 184437 183980 183759 183653 183602 183577 183566 183560 183558 183556 183556 183556 183556 183555 183555 183555 183555 183555 183555 183555 183555 183555 183555 183555 183555 183555 183555 183555 183555 183555 183555 183555 183555 183555 183555 183555 183555 183555 183555 183555 183555 183555 183555 183555 183555 183555 183555 183555 183555 183555 183555 183555 183555 183555 183555 183555 183555 183555 183555 183555 183555 183555 183555 183555 183555 183555 183555 183555 183555 183555 183555 183555 183555 183555 183555 183555 183555 183555 183555 183555 183555 183555 183555 183555 183555 183555 183555 183555 183555 183555 0 0 0 0 0 0 0 0 0 0 0 0 0 0 0 0 0 0 0 0 0 0 0 0 0
#obs cpue bio
 6060.81 6418.14 2693.24 4898.75 7528.41 10840.9 21796.6 24999.8 38268.9 42896.7 38090.9 52351.8 90898.2 106262 114662 79301.7 114536 85942.5 92090.2 112003 91184.9 100121 124964 106621 101092 112476 95736.5 111185 80488.2
#pred surv len freq
 1.83018e-11 1.98736e-09 1.27232e-07 4.80239e-06 0.00010687 0.00140216 0.0108467 0.0494821 0.133259 0.212973 0.207313 0.137651 0.0844839 0.0583333 0.0379406 0.0228262 0.0141404 0.00900279 0.00591984 0.00411046 0.00306753 0.00249667 0.00211096 0.00160179 0.000925984
 1.34142e-11 1.45662e-09 9.32544e-08 3.51989e-06 7.83303e-05 0.00102774 0.00795121 0.0362944 0.0980393 0.159078 0.166184 0.141051 0.129146 0.110592 0.0713039 0.0370784 0.0188529 0.00990217 0.00532913 0.00301304 0.00183821 0.00124999 0.000933198 0.000670128 0.00038439
 1.6501e-11 1.79182e-09 1.14714e-07 4.32987e-06 9.6355e-05 0.00126421 0.00977992 0.0446231 0.120281 0.193102 0.192097 0.138791 0.101121 0.0790541 0.0536631 0.0320704 0.0179276 0.00883176 0.003897 0.00170598 0.000792878 0.000411085 0.000245746 0.000155191 8.45213e-05
 2.02875e-11 2.20298e-09 1.41037e-07 5.32344e-06 0.000118465 0.00155429 0.0120233 0.0548451 0.147639 0.235449 0.226781 0.14396 0.0786674 0.0476069 0.0269992 0.0129437 0.00608511 0.00297989 0.00139664 0.00058466 0.000219646 8.17306e-05 3.43098e-05 1.67291e-05 7.99898e-06
 1.95655e-11 2.12458e-09 1.36018e-07 5.13399e-06 0.000114249 0.00149898 0.0115957 0.0528982 0.142453 0.227618 0.221321 0.146163 0.0878896 0.0571902 0.0314794 0.0128302 0.00444778 0.00157267 0.000582612 0.000221425 8.11374e-05 2.67293e-05 8.16638e-06 2.65105e-06 9.50609e-07
 1.96589e-11 2.13472e-09 1.36667e-07 5.15849e-06 0.000114795 0.00150613 0.011651 0.05315 0.143123 0.228628 0.222016 0.145852 0.0866858 0.0560481 0.0311622 0.0131216 0.00471337 0.00157833 0.000468797 0.000127106 3.48004e-05 9.73394e-06 2.58875e-06 6.32798e-07 1.51845e-07
 1.96178e-11 2.13026e-09 1.36381e-07 5.1477e-06 0.000114554 0.00150298 0.0116266 0.0530391 0.142828 0.22818 0.221697 0.145955 0.0871701 0.0565435 0.0313731 0.0131028 0.0046613 0.0015685 0.000472925 0.000123612 2.82651e-05 5.77963e-06 1.12453e-06 2.13852e-07 3.82876e-08
 2.00403e-11 2.17613e-09 1.39318e-07 5.25856e-06 0.000117021 0.00153535 0.0118769 0.0541791 0.145873 0.232848 0.225297 0.145785 0.0835178 0.0522358 0.0286182 0.0119102 0.00422404 0.00141329 0.000422978 0.000110178 2.50828e-05 4.8589e-06 7.89848e-07 1.10542e-07 1.40087e-08
 2.02611e-11 2.20011e-09 1.40853e-07 5.3165e-06 0.000118311 0.00155226 0.0120078 0.0547755 0.147472 0.235344 0.227441 0.146421 0.0827118 0.0507151 0.0268704 0.0102692 0.00309348 0.000881273 0.000243541 6.16675e-05 1.3863e-05 2.66114e-06 4.23421e-07 5.47227e-08 5.69409e-09
 2.01748e-11 2.19074e-09 1.40253e-07 5.29385e-06 0.000117807 0.00154565 0.0119566 0.0545425 0.146849 0.234387 0.226692 0.146418 0.0834061 0.0515779 0.0274891 0.0106004 0.00322534 0.000899255 0.000226551 4.93776e-05 9.69986e-06 1.73126e-06 2.67362e-07 3.39056e-08 3.395e-09
 2.13811e-11 2.32173e-09 1.48639e-07 5.61039e-06 0.000124851 0.00163806 0.0126713 0.0577977 0.155546 0.247727 0.237023 0.146083 0.0731981 0.0394045 0.019514 0.00694747 0.00179946 0.000407444 9.00551e-05 1.84697e-05 3.36751e-06 5.3135e-07 7.15662e-08 8.21226e-09 7.79074e-10
 2.15925e-11 2.34469e-09 1.50109e-07 5.66587e-06 0.000126085 0.00165426 0.0127965 0.0583683 0.157071 0.250071 0.238861 0.146099 0.0715242 0.0373487 0.0180876 0.00620409 0.00145473 0.000270668 4.72946e-05 7.74761e-06 1.15343e-06 1.57757e-07 1.91661e-08 1.9635e-09 1.64202e-10
 2.13036e-11 2.31332e-09 1.48101e-07 5.59005e-06 0.000124398 0.00163213 0.0126254 0.0575888 0.15499 0.246891 0.236461 0.146383 0.0742784 0.0404672 0.0199063 0.00678872 0.00154317 0.000266321 4.14479e-05 5.84335e-06 7.03136e-07 7.42459e-08 7.0582e-09 5.94605e-10 4.29841e-11
 2.1366e-11 2.32009e-09 1.48534e-07 5.60642e-06 0.000124762 0.00163691 0.0126623 0.0577571 0.15544 0.247578 0.236979 0.146321 0.0736829 0.0397939 0.0195152 0.00666454 0.00152474 0.000266443 4.16929e-05 5.73006e-06 6.40416e-07 5.92837e-08 4.66168e-09 3.07979e-10 1.71113e-11
 2.10095e-11 2.28138e-09 1.46056e-07 5.51288e-06 0.000122681 0.0016096 0.0124512 0.0567953 0.152872 0.243653 0.234011 0.146654 0.0770552 0.0436234 0.021764 0.00740749 0.0016551 0.000273769 4.00996e-05 5.31919e-06 5.89743e-07 5.41098e-08 4.09178e-09 2.46809e-10 1.17436e-11
 2.16626e-11 2.3523e-09 1.50596e-07 5.68425e-06 0.000126494 0.00165963 0.012838 0.0585574 0.157577 0.250849 0.239479 0.146128 0.0710043 0.0366896 0.017603 0.00592357 0.00131222 0.000213254 3.03268e-05 3.8722e-06 4.0761e-07 3.5248e-08 2.55362e-09 1.50545e-10 6.97948e-12
 2.20606e-11 2.39551e-09 1.53363e-07 5.78868e-06 0.000128818 0.00169012 0.0130738 0.0596312 0.160445 0.255237 0.242825 0.145845 0.0673742 0.0325008 0.015048 0.00496319 0.00105613 0.000155396 1.89552e-05 2.14639e-06 2.12264e-07 1.75786e-08 1.21587e-09 6.79781e-11 2.98944e-12
 2.22162e-11 2.41242e-09 1.54445e-07 5.82953e-06 0.000129727 0.00170204 0.0131661 0.0600513 0.161566 0.256953 0.244134 0.145736 0.065957 0.0308642 0.0140479 0.00458514 0.000953803 0.000131679 1.41415e-05 1.38023e-06 1.19016e-07 8.5253e-09 5.16656e-10 2.64198e-11 1.09537e-12
 2.21162e-11 2.40156e-09 1.5375e-07 5.80328e-06 0.000129143 0.00169438 0.0131068 0.0597814 0.160846 0.255853 0.243306 0.145841 0.0669213 0.0319502 0.014673 0.00477608 0.000975588 0.000127079 1.1929e-05 9.71941e-07 7.20681e-08 4.48707e-09 2.31948e-10 1.00863e-11 3.59522e-13
 2.26397e-11 2.4584e-09 1.57389e-07 5.94065e-06 0.0001322 0.00173448 0.0134169 0.0611939 0.164617 0.261619 0.247678 0.145391 0.0620281 0.0263644 0.0113511 0.00362768 0.000735809 9.47124e-05 8.62525e-06 6.65075e-07 4.57699e-08 2.55048e-09 1.12239e-10 4.08215e-12 1.22923e-13
 2.28801e-11 2.4845e-09 1.5906e-07 6.00372e-06 0.000133604 0.0017529 0.0135593 0.0618424 0.166349 0.264267 0.249689 0.145192 0.0597933 0.0238073 0.00982172 0.00308853 0.000615785 7.54614e-05 5.995e-06 3.59059e-07 1.93358e-08 9.38006e-10 3.79363e-11 1.26374e-12 3.39569e-14
 2.32925e-11 2.52929e-09 1.61928e-07 6.11195e-06 0.000136012 0.0017845 0.0138037 0.0629553 0.169321 0.268809 0.253133 0.144833 0.0559325 0.0194027 0.00720631 0.00218915 0.00043146 5.20304e-05 3.94376e-06 2.10166e-07 9.44211e-09 3.79956e-10 1.24673e-11 3.25295e-13 7.06988e-15
 2.31263e-11 2.51124e-09 1.60772e-07 6.06833e-06 0.000135041 0.00177176 0.0137052 0.0625067 0.168123 0.266979 0.251745 0.14498 0.0574917 0.0211799 0.0082594 0.0025486 0.000503197 6.03388e-05 4.47873e-06 2.25341e-07 9.1472e-09 3.31709e-10 9.84342e-12 2.2331e-13 4.00753e-15
 2.36421e-11 2.56725e-09 1.64358e-07 6.20368e-06 0.000138054 0.00181128 0.0140108 0.0638985 0.171839 0.27266 0.256051 0.144528 0.0526589 0.0156687 0.00498989 0.00142798 0.000276175 3.25958e-05 2.31769e-06 1.02564e-07 3.13723e-09 7.98208e-11 1.85348e-12 3.63005e-14 5.73451e-16
 2.36767e-11 2.57101e-09 1.64598e-07 6.21276e-06 0.000138256 0.00181393 0.0140313 0.0639918 0.172089 0.273041 0.25634 0.144498 0.0523348 0.0152991 0.0047705 0.00135263 0.0002608 3.06702e-05 2.1563e-06 9.18725e-08 2.51522e-09 5.1046e-11 9.06058e-13 1.388e-14 1.65418e-16
 2.33933e-11 2.54023e-09 1.62628e-07 6.13838e-06 0.0001366 0.00179221 0.0138634 0.063227 0.170046 0.269919 0.253974 0.144747 0.0549918 0.0183284 0.00656687 0.00196739 0.000384666 4.55209e-05 3.2432e-06 1.44223e-07 4.4558e-09 1.13502e-10 2.49691e-12 4.13509e-14 4.66882e-16
 2.38415e-11 2.5889e-09 1.65744e-07 6.25599e-06 0.000139218 0.00182655 0.0141289 0.0644363 0.173275 0.274855 0.257715 0.144353 0.0507905 0.0135384 0.00372663 0.000995592 0.000189014 2.21277e-05 1.54698e-06 6.47619e-08 1.67646e-09 2.95709e-11 4.2641e-13 5.61648e-15 6.28155e-17
 2.38124e-11 2.58574e-09 1.65542e-07 6.24836e-06 0.000139048 0.00182432 0.0141117 0.0643578 0.173066 0.274535 0.257472 0.144379 0.0510632 0.0138493 0.00391089 0.00105859 0.00020166 2.36241e-05 1.65158e-06 6.91061e-08 1.7853e-09 3.12509e-11 4.39353e-13 5.41318e-15 5.22614e-17
 2.38554e-11 2.59041e-09 1.65841e-07 6.25965e-06 0.000139299 0.00182762 0.0141371 0.0644739 0.173376 0.275008 0.257832 0.144341 0.0506599 0.0133894 0.00363824 0.000965318 0.000182895 2.13859e-05 1.49064e-06 6.17586e-08 1.54309e-09 2.44746e-11 2.80671e-13 2.7595e-15 2.34046e-17
#obs surv len freq
 3.59781e-11 3.47594e-09 1.9799e-07 6.64899e-06 0.000131646 0.00153678 0.0105785 0.0429703 0.103408 0.150545 0.146438 0.128843 0.129378 0.115507 0.078207 0.0449236 0.024875 0.0130183 0.00611286 0.00246774 0.000808828 0.000202217 3.64535e-05 4.52875e-06 3.74651e-07
 2.54575e-11 2.37226e-09 1.30332e-07 4.22159e-06 8.06213e-05 0.000907834 0.00603038 0.0236883 0.0557534 0.0839235 0.102503 0.13951 0.180949 0.169827 0.114375 0.0641792 0.0332288 0.0154921 0.00638448 0.00229613 0.00068222 0.000156061 2.58334e-05 2.94599e-06 2.23048e-07
 1.03882e-10 9.32069e-09 4.93055e-07 1.53773e-05 0.000282753 0.00306532 0.0195934 0.0738624 0.164455 0.217946 0.178976 0.10841 0.071374 0.0565696 0.0437484 0.0306679 0.0180328 0.00844254 0.00321506 0.00101829 0.00026318 5.2963e-05 7.83626e-06 8.07662e-07 5.55849e-08
 1.24427e-10 1.07319e-08 5.45724e-07 1.6361e-05 0.000289193 0.00301382 0.0185211 0.0671707 0.144384 0.188117 0.164948 0.132018 0.118004 0.088884 0.0459713 0.0175604 0.00661192 0.00285919 0.00115671 0.000368631 8.8206e-05 1.56529e-05 2.01706e-06 1.82362e-07 1.11434e-08
 2.02089e-10 1.67295e-08 8.16506e-07 2.3495e-05 0.000398595 0.00398694 0.0235151 0.0818331 0.168596 0.209308 0.170456 0.120033 0.0954597 0.0687661 0.036171 0.0145074 0.0049655 0.00147426 0.000385463 9.48754e-05 2.07444e-05 3.48941e-06 4.13538e-07 3.33255e-08 1.79062e-09
 2.48029e-10 1.96784e-08 9.2048e-07 2.53851e-05 0.00041275 0.00395691 0.022371 0.0746813 0.148174 0.180685 0.156581 0.134911 0.124548 0.0895605 0.0432784 0.0149855 0.00436274 0.0011505 0.000259203 4.78415e-05 7.29543e-06 9.22053e-07 9.1917e-08 6.63784e-09 3.23784e-10
 4.09703e-10 3.11107e-08 1.3928e-06 3.67627e-05 0.000572094 0.0052491 0.0284016 0.0907143 0.171951 0.19883 0.158687 0.120701 0.101332 0.0702538 0.0346421 0.0130914 0.00418179 0.00109523 0.000220785 3.44004e-05 4.23327e-06 4.0683e-07 2.97566e-08 1.61838e-09 6.33971e-11
 6.00354e-10 4.35755e-08 1.86473e-06 4.70467e-05 0.000699819 0.00613767 0.0317457 0.0969543 0.175991 0.196302 0.155336 0.121659 0.10221 0.0676194 0.0307963 0.0104695 0.0030586 0.000781711 0.000161434 2.54877e-05 2.97708e-06 2.50931e-07 1.50798e-08 6.42402e-10 1.92021e-11
 9.15245e-10 6.34224e-08 2.59111e-06 6.24122e-05 0.000886331 0.00742142 0.0366484 0.10688 0.185413 0.198428 0.152742 0.118135 0.0963888 0.0606197 0.0257864 0.00796661 0.00205764 0.00046254 8.51368e-05 1.23415e-05 1.37402e-06 1.12418e-07 6.45602e-09 2.52103e-10 6.56933e-12
 1.20218e-09 7.94426e-08 3.09511e-06 7.10948e-05 0.000962823 0.00768846 0.0362169 0.100875 0.168177 0.178139 0.149117 0.134921 0.116264 0.0705207 0.027628 0.00745724 0.00160363 0.000300847 4.71949e-05 5.86243e-06 5.64127e-07 4.08255e-08 2.13361e-09 7.75283e-11 1.8968e-12
 2.12555e-09 1.33805e-07 4.96607e-06 0.000108666 0.0014019 0.0106638 0.0478442 0.126831 0.200484 0.19772 0.145569 0.111296 0.0858123 0.0486346 0.0179859 0.00456339 0.000905785 0.00015183 2.04396e-05 2.09744e-06 1.64109e-07 9.77068e-09 4.29624e-10 1.34304e-11 2.88836e-13
 2.70535e-09 1.62074e-07 5.72455e-06 0.000119209 0.00146363 0.0105963 0.0452656 0.114484 0.174431 0.173651 0.146554 0.135559 0.110432 0.0605793 0.0210025 0.00485921 0.000853943 0.00012634 1.52608e-05 1.40413e-06 9.6193e-08 4.85962e-09 1.77057e-10 4.54397e-12 8.06633e-14
 4.73867e-09 2.69919e-07 9.0646e-06 0.000179475 0.00209512 0.0144213 0.0585624 0.140675 0.202667 0.186986 0.138898 0.111538 0.0830593 0.0429139 0.0141938 0.0031733 0.000543316 7.6972e-05 8.57161e-06 7.01621e-07 4.18474e-08 1.83296e-09 5.80453e-11 1.28928e-12 1.95709e-14
 5.32707e-09 2.88258e-07 9.19633e-06 0.000172978 0.00191837 0.0125472 0.0484629 0.11129 0.157128 0.156981 0.152569 0.155337 0.121048 0.0599711 0.0183431 0.00363131 0.000522059 6.17504e-05 6.04866e-06 4.55112e-07 2.52067e-08 1.01106e-09 2.86815e-11 5.60308e-13 7.40336e-15
 9.67584e-09 4.97005e-07 1.50513e-05 0.000268737 0.00282905 0.0175631 0.0643662 0.139997 0.185564 0.168229 0.140889 0.126754 0.0921439 0.0440869 0.0136821 0.00300843 0.000523117 7.21197e-05 7.20965e-06 4.95325e-07 2.36499e-08 8.10395e-10 2.0068e-11 3.50493e-13 4.18274e-15
 1.3646e-08 6.64898e-07 1.91005e-05 0.000323502 0.00323057 0.0190273 0.0661946 0.137064 0.17533 0.16115 0.146215 0.136515 0.0961352 0.0433591 0.0124801 0.00250033 0.000396909 5.22983e-05 5.34311e-06 3.97161e-07 2.092e-08 7.62251e-10 1.86568e-11 3.00667e-13 3.17394e-15
 2.27195e-08 1.04945e-06 2.85799e-05 0.000458888 0.0043443 0.0242563 0.0799925 0.156954 0.189879 0.163774 0.137811 0.11971 0.0789407 0.033244 0.00879817 0.00156758 0.000213285 2.40314e-05 2.14941e-06 1.43096e-07 6.95291e-09 2.43693e-10 5.97975e-12 9.91363e-14 1.07979e-15
 2.94676e-08 1.28972e-06 3.32801e-05 0.000506317 0.00454205 0.0240372 0.075231 0.140986 0.167676 0.155531 0.151536 0.13948 0.090464 0.03739 0.0101845 0.00203294 0.000324634 4.01189e-05 3.52868e-06 2.14149e-07 9.12669e-09 2.78185e-10 6.00876e-12 8.95935e-14 8.99669e-16
 4.6296e-08 1.9191e-06 4.69021e-05 0.000675829 0.00574221 0.0287843 0.0853624 0.151831 0.172554 0.155601 0.148093 0.130428 0.079966 0.0311458 0.00799396 0.00151114 0.000232559 2.8589e-05 2.60084e-06 1.68391e-07 7.64382e-09 2.37941e-10 4.94782e-12 6.76133e-14 6.04283e-16
 7.28467e-08 2.85907e-06 6.61579e-05 0.000902587 0.00726106 0.0344649 0.096813 0.163358 0.177212 0.15475 0.142894 0.119948 0.0694353 0.0254742 0.00615114 0.001091 0.000156939 1.80096e-05 1.53547e-06 9.42741e-08 4.14151e-09 1.27746e-10 2.68252e-12 3.73057e-14 3.36915e-16
 1.04945e-07 3.89884e-06 8.53985e-05 0.00110286 0.00839884 0.037748 0.10053 0.161775 0.171441 0.154354 0.147688 0.121223 0.0665669 0.0229449 0.00516803 0.000846794 0.000111838 1.18014e-05 9.26925e-07 5.23727e-08 2.11681e-09 6.03085e-11 1.17922e-12 1.54415e-14 1.33002e-16
 1.60808e-07 5.65422e-06 0.000117214 0.00143268 0.0103265 0.0439342 0.110833 0.169472 0.172652 0.152712 0.142934 0.112223 0.0586676 0.0194892 0.00435789 0.000733386 9.9089e-05 1.02386e-05 7.56287e-07 3.9277e-08 1.44485e-09 3.73966e-11 6.65189e-13 7.9382e-15 6.246e-17
 2.39011e-07 7.95327e-06 0.000156033 0.0018049 0.0123126 0.0495905 0.118574 0.172784 0.17115 0.152252 0.141688 0.106612 0.0526017 0.0164122 0.00343573 0.000541028 6.90119e-05 6.85202e-06 4.95041e-07 2.53442e-08 9.10302e-10 2.24879e-11 3.72915e-13 4.08029e-15 2.91715e-17
 3.76058e-07 1.18425e-05 0.000219875 0.00240699 0.0155396 0.0592362 0.134089 0.185172 0.174345 0.147786 0.130332 0.0924197 0.0429229 0.0126126 0.00248789 0.000368479 4.39556e-05 4.05572e-06 2.71434e-07 1.29031e-08 4.3409e-10 1.01608e-11 1.61022e-13 1.68708e-15 1.14914e-17
 4.8249e-07 1.43801e-05 0.000252686 0.00261809 0.016001 0.0577971 0.124543 0.167089 0.163597 0.156737 0.147668 0.102645 0.0454615 0.0127489 0.00243091 0.000352132 4.07912e-05 3.58399e-06 2.24873e-07 9.9242e-09 3.0802e-10 6.63009e-12 9.66109e-14 9.33287e-16 5.8904e-18
 6.5653e-07 1.85204e-05 0.000308033 0.00302097 0.01748 0.0598342 0.122728 0.159692 0.159902 0.162471 0.153774 0.102784 0.0435093 0.0118417 0.00225875 0.000334537 3.90544e-05 3.35872e-06 2.02715e-07 8.53233e-09 2.50425e-10 5.04568e-12 6.81775e-14 6.0645e-16 3.5088e-18
 1.02352e-06 2.73316e-05 0.000430314 0.00399495 0.0218825 0.070918 0.137792 0.170131 0.162132 0.156541 0.140079 0.0886064 0.0358197 0.00950818 0.00182461 0.000276217 3.2514e-05 2.776e-06 1.65811e-07 6.89653e-09 1.98157e-10 3.85146e-12 4.95258e-14 4.15052e-16 2.24545e-18
 1.26957e-06 3.20962e-05 0.000478425 0.00420555 0.021822 0.0671425 0.125096 0.154025 0.159871 0.171214 0.155007 0.0940649 0.0360294 0.00907487 0.00166316 0.000242063 2.75704e-05 2.30004e-06 1.35657e-07 5.59325e-09 1.5856e-10 3.01607e-12 3.76903e-14 3.0513e-16 1.58438e-18
 1.70709e-06 4.0864e-05 0.000576762 0.00480112 0.0236017 0.0689369 0.123014 0.149725 0.16206 0.178523 0.157003 0.0901904 0.0324265 0.00761609 0.00129064 0.000172881 1.81839e-05 1.40971e-06 7.77584e-08 3.02141e-09 8.14392e-11 1.48485e-12 1.7882e-14 1.39778e-16 6.99858e-19
#pred catch len freq
 1.37157e-11 1.48936e-09 9.53502e-08 3.599e-06 8.00906e-05 0.00105083 0.00812957 0.0371023 0.100135 0.161782 0.165766 0.132599 0.113159 0.0960349 0.0663029 0.0404774 0.0251955 0.0160651 0.0105668 0.00733737 0.0054757 0.00445669 0.00376818 0.00285929 0.00165293
 9.38313e-12 1.0189e-09 6.52307e-08 2.46214e-06 5.47918e-05 0.000718923 0.00556298 0.0254151 0.0689545 0.114325 0.130826 0.139851 0.159557 0.148202 0.0974194 0.050944 0.0259805 0.0136637 0.00735584 0.0041591 0.00253741 0.00172545 0.00128816 0.000925023 0.000530599
 1.28729e-11 1.39784e-09 8.94911e-08 3.37784e-06 7.51692e-05 0.000986262 0.00763036 0.0348302 0.0940894 0.152712 0.159749 0.136276 0.126359 0.111689 0.0782786 0.0471339 0.0264116 0.0130216 0.00574686 0.00251586 0.00116928 0.000606238 0.000362408 0.000228865 0.000124646
 1.7674e-11 1.91918e-09 1.22868e-07 4.63764e-06 0.000103204 0.00135407 0.010475 0.047792 0.128789 0.206489 0.20412 0.143913 0.0995424 0.0729302 0.044062 0.0214379 0.0101218 0.0049641 0.00232747 0.000974372 0.000366056 0.00013621 5.71795e-05 2.78801e-05 1.33308e-05
 1.67533e-11 1.81921e-09 1.16468e-07 4.39607e-06 9.78282e-05 0.00128354 0.00992964 0.0453099 0.122182 0.196558 0.197421 0.14745 0.112438 0.0860014 0.049699 0.0204856 0.0071292 0.00252616 0.000936581 0.000356008 0.000130455 4.2976e-05 1.31301e-05 4.26242e-06 1.52841e-06
 1.69076e-11 1.83596e-09 1.1754e-07 4.43655e-06 9.8729e-05 0.00129536 0.010021 0.0457259 0.12329 0.198228 0.198574 0.14695 0.110468 0.084124 0.0491616 0.0209408 0.00755067 0.00253318 0.000752942 0.000204182 5.59045e-05 1.56369e-05 4.15865e-06 1.01654e-06 2.43928e-07
 1.68755e-11 1.83248e-09 1.17317e-07 4.42813e-06 9.85416e-05 0.0012929 0.010002 0.0456394 0.12306 0.197884 0.198351 0.1471 0.110952 0.0845726 0.0492787 0.0208152 0.00743274 0.00250579 0.000756072 0.000197654 4.51966e-05 9.24178e-06 1.79815e-06 3.41954e-07 6.12228e-08
 1.79854e-11 1.953e-09 1.25033e-07 4.71937e-06 0.000105023 0.00137793 0.0106596 0.0486343 0.131061 0.210148 0.207806 0.146653 0.101353 0.07325 0.0420343 0.0176782 0.00628783 0.00210636 0.000630676 0.000164296 3.74031e-05 7.24551e-06 1.1778e-06 1.64837e-07 2.08895e-08
 1.81576e-11 1.9717e-09 1.2623e-07 4.76454e-06 0.000106028 0.00139112 0.0107616 0.0490997 0.132312 0.212135 0.209677 0.147696 0.101558 0.0726181 0.0404419 0.0156324 0.00472423 0.00134813 0.000372845 9.44279e-05 2.12281e-05 4.07494e-06 6.48375e-07 8.37954e-08 8.71921e-09
 1.86766e-11 2.02806e-09 1.29838e-07 4.90074e-06 0.000109059 0.00143088 0.0110691 0.0505002 0.136052 0.217856 0.214034 0.147309 0.0968035 0.0671667 0.0371765 0.0144573 0.00440745 0.00122971 0.000309887 6.75454e-05 1.32687e-05 2.36821e-06 3.65726e-07 4.63797e-08 4.64405e-09
 2.0325e-11 2.20705e-09 1.41298e-07 5.33328e-06 0.000118684 0.00155716 0.0120456 0.0549483 0.147937 0.236085 0.228152 0.146852 0.0828569 0.0505335 0.026278 0.00946357 0.00245717 0.000556783 0.000123102 2.52497e-05 4.60369e-06 7.26395e-07 9.78357e-08 1.12267e-08 1.06504e-09
 2.0678e-11 2.24538e-09 1.43751e-07 5.42589e-06 0.000120745 0.0015842 0.0122548 0.0559008 0.150482 0.239993 0.2312 0.146824 0.079978 0.0470457 0.0239204 0.00830059 0.00195104 0.000363242 6.34886e-05 1.04016e-05 1.54855e-06 2.11795e-07 2.57311e-08 2.63605e-09 2.20444e-10
 2.03385e-11 2.20852e-09 1.41391e-07 5.33682e-06 0.000118763 0.0015582 0.0120537 0.0549849 0.148037 0.236258 0.228383 0.147166 0.0832265 0.0507179 0.0260535 0.00897569 0.00204458 0.000353045 5.49589e-05 7.749e-06 9.3246e-07 9.84592e-08 9.3599e-09 7.88503e-10 5.70008e-11
 2.05063e-11 2.22674e-09 1.42558e-07 5.38084e-06 0.000119742 0.00157105 0.012153 0.0554375 0.149246 0.238106 0.229781 0.147015 0.0816492 0.0489223 0.0249931 0.00861768 0.00197543 0.000345341 5.40454e-05 7.42801e-06 8.30182e-07 7.68487e-08 6.04276e-09 3.99218e-10 2.21804e-11
 2.01542e-11 2.1885e-09 1.4011e-07 5.28845e-06 0.000117687 0.00154408 0.0119445 0.0544876 0.14671 0.234231 0.226855 0.147357 0.0849989 0.0527169 0.0272078 0.00933294 0.00208855 0.000345555 5.06145e-05 6.71379e-06 7.44342e-07 6.82925e-08 5.16417e-09 3.11491e-10 1.48212e-11
 2.10258e-11 2.28315e-09 1.4617e-07 5.51717e-06 0.000122776 0.00161085 0.0124608 0.0568394 0.152989 0.243834 0.234152 0.146653 0.0769217 0.0434617 0.0216546 0.00735357 0.00163193 0.000265273 3.77208e-05 4.81583e-06 5.06914e-07 4.38337e-08 3.17556e-09 1.87208e-10 8.67918e-12
 2.15633e-11 2.34151e-09 1.49906e-07 5.65819e-06 0.000125915 0.00165202 0.0127792 0.0582895 0.156862 0.249759 0.238668 0.146265 0.0720112 0.0377997 0.0182073 0.00606505 0.00129317 0.000190322 2.32118e-05 2.62788e-06 2.59853e-07 2.15186e-08 1.48835e-09 8.32109e-11 3.6593e-12
 2.1839e-11 2.37146e-09 1.51823e-07 5.73055e-06 0.000127525 0.00167315 0.0129426 0.0590335 0.158849 0.252799 0.240983 0.146059 0.0694806 0.0348876 0.0164423 0.00541481 0.00112842 0.000155817 1.67294e-05 1.63224e-06 1.40719e-07 1.00791e-08 6.10793e-10 3.1233e-11 1.29491e-12
 2.17553e-11 2.36236e-09 1.51241e-07 5.70858e-06 0.000127036 0.00166673 0.012893 0.0588076 0.158246 0.251878 0.240292 0.146154 0.0702978 0.0358032 0.0169623 0.00556511 0.00113858 0.00014834 1.39215e-05 1.13382e-06 8.4046e-08 5.23215e-09 2.70447e-10 1.17602e-11 4.19178e-13
 2.2424e-11 2.43498e-09 1.5589e-07 5.88406e-06 0.000130941 0.00171796 0.0132892 0.0606119 0.163064 0.259244 0.245877 0.145578 0.0640463 0.0286672 0.012719 0.00409864 0.000832758 0.000107214 9.76099e-06 7.5226e-07 5.17495e-08 2.88318e-09 1.26871e-10 4.61414e-12 1.3894e-13
 2.27194e-11 2.46706e-09 1.57943e-07 5.96156e-06 0.000132666 0.00174059 0.0134641 0.0614089 0.165192 0.262498 0.248348 0.145332 0.0612986 0.0255239 0.0108402 0.00343778 0.00068665 8.41702e-05 6.68591e-06 4.00254e-07 2.15419e-08 1.04467e-09 4.22442e-11 1.40716e-12 3.78099e-14
 2.31734e-11 2.51636e-09 1.61099e-07 6.08069e-06 0.000135317 0.00177537 0.0137331 0.0626338 0.168463 0.267498 0.252138 0.144937 0.0570487 0.0206756 0.00796128 0.00244774 0.000483715 5.83607e-05 4.42342e-06 2.35647e-07 1.05809e-08 4.25598e-10 1.39622e-11 3.64273e-13 7.9167e-15
 2.30538e-11 2.50337e-09 1.60268e-07 6.04931e-06 0.000134618 0.00176621 0.0136623 0.0623111 0.167601 0.266181 0.25114 0.145043 0.0581711 0.0219546 0.0087188 0.00270587 0.000534917 6.41559e-05 4.76165e-06 2.39487e-07 9.71487e-09 3.52079e-10 1.04448e-11 2.36926e-13 4.25166e-15
 2.36039e-11 2.5631e-09 1.64092e-07 6.19365e-06 0.00013783 0.00180835 0.0139881 0.0637953 0.171564 0.272238 0.255732 0.144562 0.0530175 0.0160775 0.00523229 0.00151088 0.00029284 3.45775e-05 2.45869e-06 1.08788e-07 3.3262e-09 8.45683e-11 1.96256e-12 3.84265e-14 6.06975e-16
 2.362e-11 2.56485e-09 1.64204e-07 6.19788e-06 0.000137924 0.00180958 0.0139977 0.0638388 0.17168 0.272416 0.255867 0.144548 0.0528665 0.0159052 0.00512982 0.00147549 0.000285477 3.3596e-05 2.36229e-06 1.00644e-07 2.75478e-09 5.58798e-11 9.91234e-13 1.51789e-14 1.8087e-16
 2.33644e-11 2.53709e-09 1.62427e-07 6.1308e-06 0.000136432 0.00179 0.0138462 0.063149 0.169838 0.269601 0.253733 0.144772 0.0552627 0.0186374 0.00675001 0.00203003 0.000397258 4.70186e-05 3.34983e-06 1.48938e-07 4.59926e-09 1.17066e-10 2.57374e-12 4.26117e-14 4.81073e-16
 2.38192e-11 2.58648e-09 1.65589e-07 6.25014e-06 0.000139087 0.00182484 0.0141157 0.0643761 0.173115 0.274609 0.257529 0.144373 0.0509997 0.0137769 0.00386797 0.00104391 0.000198716 2.32764e-05 1.62744e-06 6.81287e-08 1.76336e-09 3.10911e-11 4.48006e-13 5.89715e-15 6.59346e-17
 2.37982e-11 2.58421e-09 1.65443e-07 6.24465e-06 0.000138965 0.00182324 0.0141033 0.0643197 0.172964 0.274379 0.257354 0.144391 0.0511958 0.0140005 0.00400055 0.00108924 0.000207815 2.43527e-05 1.7026e-06 7.12385e-08 1.84011e-09 3.21966e-11 4.52307e-13 5.56902e-15 5.37486e-17
 2.38423e-11 2.58899e-09 1.6575e-07 6.25622e-06 0.000139222 0.00182661 0.0141294 0.0644386 0.173281 0.274864 0.257722 0.144353 0.0507826 0.0135294 0.00372121 0.000993683 0.000188589 2.20594e-05 1.53768e-06 6.37073e-08 1.59167e-09 2.52389e-11 2.89269e-13 2.84178e-15 2.40896e-17
#obs catch len freq
 3.7044e-11 3.57892e-09 2.03856e-07 6.84598e-06 0.000135546 0.0015823 0.0108916 0.0442347 0.10636 0.154146 0.146915 0.122504 0.117884 0.10663 0.0774441 0.0498702 0.0305481 0.0171283 0.00851324 0.00360425 0.00122305 0.000313937 5.80512e-05 7.41614e-06 6.31754e-07
 4.8187e-11 4.49033e-09 2.46697e-07 7.9908e-06 0.000152601 0.00171822 0.0114084 0.0447083 0.103908 0.146878 0.141868 0.129321 0.133088 0.117422 0.0782619 0.0447072 0.0246427 0.0127569 0.00588952 0.00231893 0.000734122 0.000175563 3.00145e-05 3.51147e-06 2.72025e-07
 3.44618e-11 3.09205e-09 1.63567e-07 5.10132e-06 9.38035e-05 0.00101706 0.00650592 0.0246256 0.0560257 0.0827063 0.102894 0.143931 0.18465 0.168854 0.111523 0.0620107 0.0317941 0.0146141 0.00592061 0.00207846 0.000596574 0.000130489 2.04723e-05 2.19711e-06 1.55697e-07
 1.46149e-10 1.26053e-08 6.40991e-07 1.92171e-05 0.000339675 0.00353984 0.0217508 0.0788271 0.168788 0.215529 0.172125 0.104762 0.0716935 0.0576287 0.0443526 0.0306878 0.0176611 0.00807841 0.00300632 0.000926943 0.00023144 4.45728e-05 6.25375e-06 6.06634e-07 3.90708e-08
 1.77641e-10 1.47056e-08 7.17728e-07 2.06527e-05 0.000350376 0.00350468 0.0206726 0.0719754 0.148664 0.186999 0.161357 0.131443 0.11813 0.0866975 0.0434676 0.0163615 0.00620921 0.0026767 0.00105559 0.000324683 7.46136e-05 1.26461e-05 1.54563e-06 1.31619e-07 7.53085e-09
 2.94126e-10 2.33357e-08 1.09155e-06 3.0103e-05 0.000489458 0.00469216 0.0265241 0.0884784 0.174842 0.208869 0.165947 0.117446 0.0936893 0.0658856 0.0336776 0.013239 0.00445642 0.00129821 0.000334271 8.07786e-05 1.70587e-05 2.73403e-06 3.06435e-07 2.32336e-08 1.1691e-09
 3.6585e-10 2.77807e-08 1.24372e-06 3.28278e-05 0.000510862 0.00468738 0.0253652 0.0810661 0.154164 0.181205 0.154449 0.13394 0.121961 0.0846924 0.0394997 0.0133443 0.00382786 0.000990786 0.000217465 3.89858e-05 5.75991e-06 7.00402e-07 6.64367e-08 4.52068e-09 2.06463e-10
 6.10028e-10 4.42777e-08 1.89478e-06 4.78048e-05 0.000711094 0.00623653 0.0322562 0.0985004 0.178673 0.198603 0.154994 0.118184 0.0980782 0.0658387 0.031466 0.0116349 0.00363789 0.00092505 0.000180403 2.71882e-05 3.22655e-06 2.97337e-07 2.0729e-08 1.06762e-09 3.93297e-11
 9.07005e-10 6.28513e-08 2.56778e-06 6.18502e-05 0.000878351 0.00735461 0.0363187 0.105921 0.183776 0.196817 0.151937 0.118239 0.0971643 0.0618926 0.0272096 0.00903595 0.00259376 0.00064656 0.000129176 1.9623e-05 2.19447e-06 1.76364e-07 1.00696e-08 4.05926e-10 1.14289e-11
 1.40019e-09 9.25271e-08 3.60488e-06 8.28041e-05 0.00112139 0.00895426 0.0421691 0.117302 0.194257 0.199228 0.148899 0.113287 0.0896824 0.0540927 0.0221361 0.00665481 0.0016849 0.000369321 6.58492e-05 9.20741e-06 9.82913e-07 7.65867e-08 4.16556e-09 1.53418e-10 3.75799e-12
 1.8755e-09 1.18064e-07 4.38186e-06 9.58823e-05 0.00123699 0.00940983 0.0422275 0.112074 0.178236 0.180924 0.146887 0.129312 0.106924 0.0618655 0.0232004 0.00605711 0.00127338 0.000233181 3.54371e-05 4.24503e-06 3.92122e-07 2.70744e-08 1.34186e-09 4.6002e-11 1.05731e-12
 3.30265e-09 1.97857e-07 6.98843e-06 0.000145528 0.00178674 0.0129345 0.0552293 0.13936 0.20984 0.19778 0.140528 0.104317 0.0771898 0.0417 0.0147423 0.00361053 0.000698292 0.000113768 1.47725e-05 1.45783e-06 1.09503e-07 6.2306e-09 2.60267e-10 7.68736e-12 1.55486e-13
 4.2989e-09 2.44869e-07 8.22337e-06 0.00016282 0.00190071 0.0130838 0.0531445 0.127831 0.185414 0.176378 0.143258 0.127239 0.098658 0.0514042 0.0169867 0.0037797 0.000645645 9.28766e-05 1.08196e-05 9.55286e-07 6.26346e-08 3.01679e-09 1.0432e-10 2.53064e-12 4.23032e-14
 7.49304e-09 4.05463e-07 1.29355e-05 0.000243307 0.00269822 0.0176438 0.0680671 0.155353 0.212766 0.186992 0.132858 0.101931 0.0720935 0.0353455 0.01114 0.00239539 0.000398085 5.46219e-05 5.84155e-06 4.57438e-07 2.60783e-08 1.08891e-09 3.27212e-11 6.86556e-13 9.80846e-15
 8.68924e-09 4.46328e-07 1.35166e-05 0.000241336 0.00254064 0.0157741 0.0578384 0.126115 0.169221 0.161049 0.149237 0.14418 0.106297 0.0498466 0.0144765 0.00274139 0.000381128 4.3771e-05 4.13369e-06 2.97881e-07 1.57491e-08 6.00853e-10 1.61426e-11 2.97564e-13 3.69904e-15
 1.56195e-08 7.61056e-07 2.18628e-05 0.000370285 0.00369766 0.0217755 0.0757037 0.156213 0.19651 0.169195 0.134471 0.114448 0.0786625 0.0356852 0.0105717 0.00224127 0.000377179 4.99277e-05 4.75401e-06 3.1056e-07 1.41187e-08 4.6057e-10 1.08208e-11 1.78482e-13 2.00358e-15
 2.23981e-08 1.0346e-06 2.81756e-05 0.000452396 0.00428285 0.0239136 0.0788677 0.154802 0.187595 0.162851 0.138743 0.121644 0.0807593 0.0344695 0.00944862 0.00182181 0.000280382 3.56481e-05 3.48569e-06 2.46894e-07 1.23506e-08 4.2562e-10 9.8176e-12 1.48773e-13 1.47462e-15
 3.68134e-08 1.61122e-06 4.15761e-05 0.000632525 0.00567387 0.0300175 0.0937971 0.174377 0.199797 0.162825 0.128776 0.105049 0.0652497 0.0259609 0.00652377 0.00111386 0.000146561 1.59475e-05 1.36698e-06 8.68576e-08 4.01893e-09 1.33615e-10 3.09488e-12 4.8233e-14 4.9233e-16
 4.90125e-08 2.03171e-06 4.96541e-05 0.000715481 0.00607898 0.0304692 0.0903104 0.160205 0.179904 0.156241 0.141461 0.121767 0.0743882 0.0291221 0.0075756 0.00145743 0.000224298 2.64828e-05 2.2128e-06 1.2753e-07 5.16541e-09 1.49378e-10 3.04945e-12 4.28027e-14 4.03283e-16
 7.69712e-08 3.02095e-06 6.99036e-05 0.000953685 0.00767194 0.0364108 0.102217 0.171967 0.184122 0.154513 0.135694 0.111398 0.0642539 0.0236871 0.00580292 0.00105743 0.000157088 1.84999e-05 1.60295e-06 9.85826e-08 4.23777e-09 1.2444e-10 2.43322e-12 3.12029e-14 2.61305e-16
 1.2086e-07 4.49008e-06 9.83487e-05 0.00127009 0.00967159 0.0434521 0.115505 0.184204 0.187771 0.151545 0.128136 0.0999257 0.0543555 0.0188611 0.00434306 0.000741567 0.000102837 1.12972e-05 9.1747e-07 5.35601e-08 2.2313e-09 6.49917e-11 1.2834e-12 1.67308e-14 1.41291e-16
 1.75375e-07 6.16642e-06 0.000127832 0.00156244 0.0112612 0.0478978 0.12067 0.183333 0.181839 0.150055 0.130921 0.0998154 0.0514917 0.0167744 0.00359808 0.000566585 7.20557e-05 7.27393e-06 5.43803e-07 2.91945e-08 1.11864e-09 3.00976e-11 5.536e-13 6.79789e-15 5.47649e-17
 2.68546e-07 8.93607e-06 0.000175314 0.00202789 0.0138325 0.0556869 0.132856 0.191581 0.181908 0.146133 0.123879 0.0901725 0.0442911 0.0139252 0.00297191 0.000480736 6.22915e-05 6.12858e-06 4.29588e-07 2.1163e-08 7.37453e-10 1.80196e-11 3.0145e-13 3.37292e-15 2.48201e-17
 4.00323e-07 1.26066e-05 0.000234062 0.00256226 0.0165411 0.0630359 0.142492 0.195505 0.179415 0.143379 0.120166 0.0837314 0.0387974 0.0114496 0.00228559 0.000345717 4.23041e-05 4.00293e-06 2.74568e-07 1.33213e-08 4.52167e-10 1.05179e-11 1.6372e-13 1.67763e-15 1.12108e-17
 6.22351e-07 1.85484e-05 0.000325928 0.00337675 0.0206314 0.074414 0.159227 0.206876 0.179907 0.136111 0.107529 0.070471 0.0307179 0.00853386 0.0016039 0.000227838 2.60282e-05 2.28597e-06 1.45168e-07 6.54025e-09 2.08033e-10 4.58653e-12 6.8214e-14 6.68837e-16 4.25373e-18
 8.21982e-07 2.31877e-05 0.000385654 0.00378195 0.0218754 0.0747538 0.152107 0.191048 0.17012 0.143296 0.121325 0.0782528 0.0325728 0.00864228 0.00157053 0.000217934 2.41152e-05 2.0124e-06 1.19633e-07 4.9984e-09 1.4656e-10 2.96997e-12 4.0607e-14 3.67095e-16 2.16338e-18
 1.13627e-06 3.03424e-05 0.000477713 0.00443482 0.0242872 0.0786386 0.152132 0.184344 0.165569 0.146622 0.125073 0.0777485 0.030971 0.0079868 0.00145358 0.000205951 2.28952e-05 1.86602e-06 1.06579e-07 4.24219e-09 1.17474e-10 2.22564e-12 2.81915e-14 2.34523e-16 1.26647e-18
 1.74896e-06 4.42155e-05 0.000659052 0.0057924 0.0300328 0.0920685 0.168659 0.193553 0.164491 0.137336 0.110309 0.0648365 0.0246786 0.00621469 0.00113856 0.00016463 1.84166e-05 1.48893e-06 8.41258e-08 3.30528e-09 8.94519e-11 1.63218e-12 1.96507e-14 1.53874e-16 7.76431e-19
 2.26127e-06 5.41295e-05 0.000763964 0.00635822 0.0312281 0.0908281 0.159 0.179502 0.161708 0.148514 0.121456 0.0686847 0.024785 0.00592073 0.00103502 0.000143741 1.55546e-05 1.22913e-06 6.85728e-08 2.66853e-09 7.1164e-11 1.26932e-12 1.48368e-14 1.12128e-16 5.42542e-19
#spawning biomass
 6647.51 7244.14 4685.68 5245 7976.73 11334.2 15964.6 23710.1 29953.9 40949.1 49991.8 68882.4 82933.1 95270.2 91283 90420.2 98966.9 108658 94010.3 93131 86111.5 96859.4 102938 98142.2 99506.7 108623 87935 100915 83946.5 83263.1 84071.8 20984.2 10655.6 9302.63 9143.76 9126.39 9124.59 9124.4 9124.39 9124.38 9124.38 9124.38 9124.38 9124.38 9124.38 9124.38 9124.38 9124.38 9124.38 9124.38 9124.38 9124.38 9124.38 9124.38 9124.38 9124.38 9124.38 9124.38 9124.38 9124.38 9124.38 9124.38 9124.38 9124.38 9124.38 9124.38 9124.38 9124.38 9124.38 9124.38 9124.38 9124.38 9124.38 9124.38 9124.38 9124.38 9124.38 9124.38 9124.38 9124.38 9124.38 9124.38 9124.38 9124.38 9124.38 9124.38 9124.38 9124.38 9124.38 9124.38 9124.38 9124.38 9124.38 9124.38 9124.38 9124.38 9124.38 9124.38 9124.38 9124.38 9124.38 9124.38 9124.38 9124.38 9124.38 9124.38 9124.38 9124.38 9124.38 9124.38 9124.38 9124.38 9124.38 9124.38 9124.38 9124.38 9124.38 9124.38 9124.38 9124.38 9124.38 9124.38 9124.38 9124.38 9124.38 9124.38 9124.38 9124.38 9124.38 0 0 0 0 0 0 0 0 0 0 0 0 0 0 0 0 0 0 0 0 0 0 0 0 0
