SBPRF35
0.783471
Curr Bio
179176
B35
1.71845e+06
F35
0.239541
FOFL
0
OFL
0
Bzero
223849
#pred survey bio
 31891.7 29109.3 20449.9 16963.3 34037.6 47532 73386.3 116635 176970 184967 197529 203204 246013 286573 276594 265566 257735 263572 291541 290005 277560 291777 253428 242516 320046 315017 263334 227919 7.21807e+06 1.0513e+07 1.12744e+07 1.05211e+07 9.08595e+06 7.52378e+06 6.12047e+06 4.97886e+06 4.1033e+06 3.45614e+06 2.98879e+06 2.6559e+06 2.42041e+06 2.25409e+06 2.13521e+06 2.04805e+06 1.98668e+06 1.94284e+06 1.91108e+06 1.88772e+06 1.8703e+06 1.85714e+06 1.84708e+06 1.83931e+06 1.83325e+06 1.82849e+06 1.82473e+06 1.82173e+06 1.81934e+06 1.81742e+06 1.81587e+06 1.81463e+06 1.81362e+06 1.81281e+06 1.81215e+06 1.81161e+06 1.81118e+06 1.81082e+06 1.81054e+06 1.8103e+06 1.81012e+06 1.80996e+06 1.80984e+06 1.80973e+06 1.80965e+06 1.80958e+06 1.80953e+06 1.80948e+06 1.80945e+06 1.80942e+06 1.80939e+06 1.80937e+06 1.80936e+06 1.80935e+06 1.80933e+06 1.80933e+06 1.80932e+06 1.80931e+06 1.80931e+06 1.80931e+06 1.8093e+06 1.8093e+06 1.8093e+06 1.8093e+06 1.80929e+06 1.80929e+06 1.80929e+06 1.80929e+06 1.80929e+06 1.80929e+06 1.80929e+06 1.80929e+06 1.80929e+06 1.80929e+06 1.80929e+06 1.80929e+06 1.80929e+06 1.80929e+06 1.80929e+06 1.80929e+06 1.80929e+06 1.80929e+06 1.80929e+06 1.80929e+06 1.80929e+06 1.80929e+06 1.80929e+06 1.80929e+06 1.80929e+06 1.80929e+06 1.80929e+06 1.80929e+06 1.80929e+06 1.80929e+06 1.80929e+06 1.80929e+06 1.80929e+06 1.80929e+06 1.80929e+06 1.80929e+06 0 0 0 0 0 0 0 0 0 0 0 0 0 0 0 0 0 0 0 0 0 0 0 0 0
#obs survey bio
 28952 31884.5 19915.1 18593.9 24323.4 67784.1 67460.6 113366 184457 201945 156855 142832 205018 251080 284835 164973 132231 244872 304696 245729 322563 239835 255905 229104 187352 322837 156918 185590
#pred catch bio
 16691.3 16990 13315.3 9458.93 24218.7 33349.6 51866.9 78106.1 135703 141946 160032 161843 190075 239713 228070 220655 219698 218791 246676 248277 236492 258438 223243 204217 278621 283999 241361 167258 0 95386.7 101441 93397.3 79236.1 64187.1 50903.3 40288.5 32315.4 26570.4 22550 19795.7 17938 16699.9 15877.5 15328.5 14976.8 14751.6 14607.3 14514.9 14455.7 14417.7 14393.4 14377.9 14367.9 14361.5 14357.4 14354.8 14353.1 14352.1 14351.4 14350.9 14350.7 14350.5 14350.4 14350.3 14350.2 14350.2 14350.2 14350.2 14350.2 14350.2 14350.2 14350.2 14350.2 14350.2 14350.2 14350.2 14350.2 14350.2 14350.2 14350.2 14350.2 14350.2 14350.2 14350.2 14350.2 14350.2 14350.2 14350.2 14350.2 14350.2 14350.2 14350.2 14350.2 14350.2 14350.2 14350.2 14350.2 14350.2 14350.2 14350.2 14350.2 14350.2 14350.2 14350.2 14350.2 14350.2 14350.2 14350.2 14350.2 14350.2 14350.2 14350.2 14350.2 14350.2 14350.2 14350.2 14350.2 14350.2 14350.2 14350.2 14350.2 14350.2 14350.2 14350.2 14350.2 14350.2 14350.2 14350.2 0 0 0 0 0 0 0 0 0 0 0 0 0 0 0 0 0 0 0 0 0 0 0 0 0
#obs catch bio
 15663.1 17509.2 14189 9331.31 17543 27697.2 39495.3 62431.1 111191 114902 157427 150089 170281 205623 205795 199877 212540 190158 201911 213574 185898 227093 178454 163330 263797 220641 216280 133809
#pred cpue bio
 24262.8 23493.4 18404.5 9631.63 15055 21374.8 30875.8 47161.3 83359.7 90580.3 94275.2 84453.7 93942 125431 108695 112178 103920 91022 105933 107273 100872 99334.9 85629.1 77145.6 93561.1 105063 83281.4 62986 3.25836e+06 1.03863e+07 1.11539e+07 1.03993e+07 8.96413e+06 7.40196e+06 5.99864e+06 4.85704e+06 3.98148e+06 3.33432e+06 2.86697e+06 2.53408e+06 2.29859e+06 2.13227e+06 2.01339e+06 1.92622e+06 1.86485e+06 1.82102e+06 1.78925e+06 1.76589e+06 1.74848e+06 1.73532e+06 1.72526e+06 1.71749e+06 1.71143e+06 1.70667e+06 1.70291e+06 1.69991e+06 1.69752e+06 1.6956e+06 1.69405e+06 1.69281e+06 1.6918e+06 1.69098e+06 1.69032e+06 1.68979e+06 1.68936e+06 1.689e+06 1.68872e+06 1.68848e+06 1.68829e+06 1.68814e+06 1.68801e+06 1.68791e+06 1.68783e+06 1.68776e+06 1.68771e+06 1.68766e+06 1.68763e+06 1.6876e+06 1.68757e+06 1.68755e+06 1.68754e+06 1.68752e+06 1.68751e+06 1.6875e+06 1.6875e+06 1.68749e+06 1.68749e+06 1.68748e+06 1.68748e+06 1.68748e+06 1.68748e+06 1.68747e+06 1.68747e+06 1.68747e+06 1.68747e+06 1.68747e+06 1.68747e+06 1.68747e+06 1.68747e+06 1.68747e+06 1.68747e+06 1.68747e+06 1.68747e+06 1.68747e+06 1.68747e+06 1.68747e+06 1.68747e+06 1.68747e+06 1.68747e+06 1.68747e+06 1.68747e+06 1.68747e+06 1.68747e+06 1.68747e+06 1.68747e+06 1.68747e+06 1.68747e+06 1.68747e+06 1.68747e+06 1.68747e+06 1.68747e+06 1.68747e+06 1.68747e+06 1.68747e+06 1.68747e+06 1.68747e+06 1.68747e+06 1.68747e+06 0 0 0 0 0 0 0 0 0 0 0 0 0 0 0 0 0 0 0 0 0 0 0 0 0
#obs cpue bio
 28560 20458.2 10988.5 19591.8 42012.7 40766.1 81097.9 107753 202633 174058 136741 156029 170302 285304 161273 242891 232839 184548 229374 224296 232584 197928 210390 186749 188557 311715 207329 178979
#pred surv len freq
 1.25179e-11 1.35869e-09 8.69563e-08 3.28146e-06 7.30168e-05 0.000958025 0.00741271 0.0338428 0.0914305 0.148277 0.154327 0.12955 0.117944 0.104048 0.0743527 0.0474598 0.0302894 0.019114 0.0122389 0.00829618 0.00610674 0.0049599 0.0042173 0.00322317 0.00187418
 9.79679e-12 1.06335e-09 6.80541e-08 2.56815e-06 5.71451e-05 0.000749801 0.00580244 0.0265113 0.0719 0.118834 0.134099 0.138909 0.154701 0.142856 0.0943226 0.0501367 0.0264427 0.0145576 0.00810717 0.00457917 0.00272725 0.00181754 0.0013504 0.000974076 0.000562079
 5.80741e-12 6.30339e-10 4.03416e-08 1.52237e-06 3.38754e-05 0.000444507 0.003441 0.0157479 0.0430664 0.0740493 0.0967518 0.131339 0.175417 0.175011 0.125693 0.075861 0.0427069 0.0214558 0.00985362 0.00453719 0.00217358 0.00112055 0.000657564 0.000412499 0.00022526
 1.72481e-11 1.87212e-09 1.19815e-07 4.52146e-06 0.000100608 0.00132001 0.0102125 0.0466003 0.125553 0.200846 0.196093 0.131751 0.0840039 0.0633302 0.049274 0.0373941 0.0258137 0.0149831 0.00741102 0.00320432 0.00125718 0.00048932 0.000208876 0.000101028 4.80249e-05
 1.82674e-11 1.98275e-09 1.26896e-07 4.78865e-06 0.000106553 0.00139802 0.0108163 0.0493607 0.133064 0.213456 0.211187 0.149052 0.102618 0.0727711 0.0390487 0.013338 0.00292701 0.000552111 0.000173044 7.78137e-05 3.18467e-05 1.11061e-05 3.56026e-06 1.19364e-06 4.30398e-07
 1.80969e-11 1.96425e-09 1.25712e-07 4.74397e-06 0.000105559 0.00138498 0.0107154 0.0489014 0.131839 0.211598 0.209856 0.149456 0.104617 0.0749059 0.0401303 0.0134521 0.00269173 0.000318353 2.22116e-05 9.13853e-07 2.21707e-08 3.17145e-10 2.675e-12 1.33043e-14 3.9015e-17
 1.86368e-11 2.02285e-09 1.29462e-07 4.88549e-06 0.000108708 0.00142629 0.0110349 0.0503569 0.135727 0.217544 0.214366 0.148988 0.0995585 0.0691324 0.0367046 0.0122799 0.00245623 0.000290477 2.02664e-05 8.33819e-07 2.0229e-08 2.8937e-10 2.44073e-12 1.21391e-14 3.55981e-17
 1.89319e-11 2.05487e-09 1.31512e-07 4.96284e-06 0.000110429 0.00144887 0.0112096 0.0511525 0.137852 0.220794 0.216832 0.148732 0.0967932 0.0659764 0.034832 0.0116392 0.00232749 0.00027524 1.92031e-05 7.9007e-07 1.91676e-08 2.74187e-10 2.31267e-12 1.15022e-14 3.37303e-17
 1.76834e-11 1.91937e-09 1.22839e-07 4.63557e-06 0.000103147 0.00135334 0.0104707 0.0477866 0.128861 0.207044 0.206401 0.149814 0.108492 0.0793283 0.0427542 0.01435 0.00287212 0.000339705 2.37016e-05 9.75157e-07 2.36579e-08 3.3842e-10 2.85445e-12 1.41968e-14 4.16323e-17
 1.73103e-11 1.87887e-09 1.20247e-07 4.53776e-06 0.000100971 0.00132478 0.0102498 0.0467806 0.126174 0.202934 0.203283 0.150138 0.111989 0.0833188 0.0451219 0.0151602 0.0030349 0.000358972 2.5046e-05 1.03047e-06 2.5e-08 3.57618e-10 3.01637e-12 1.50022e-14 4.39939e-17
 1.75601e-11 1.90598e-09 1.21982e-07 4.60324e-06 0.000102428 0.0013439 0.0103977 0.047454 0.127973 0.205685 0.20537 0.149921 0.109648 0.0806474 0.0435368 0.0146178 0.00292593 0.000346074 2.4146e-05 9.93441e-07 2.41015e-08 3.44766e-10 2.90797e-12 1.4463e-14 4.24129e-17
 1.87298e-11 2.03294e-09 1.30108e-07 4.90987e-06 0.000109251 0.00143341 0.01109 0.0506077 0.136397 0.218568 0.215144 0.148907 0.0986868 0.0681376 0.0361144 0.012078 0.00241565 0.000285675 1.99312e-05 8.20029e-07 1.98944e-08 2.84584e-10 2.40036e-12 1.19384e-14 3.50094e-17
 1.93255e-11 2.0976e-09 1.34246e-07 5.06603e-06 0.000112725 0.001479 0.0114426 0.0522138 0.140687 0.22513 0.220121 0.148391 0.0931043 0.0617664 0.0323341 0.0107844 0.00215576 0.000254913 1.77847e-05 7.3171e-07 1.77517e-08 2.53934e-10 2.14184e-12 1.06526e-14 3.12388e-17
 1.83235e-11 1.98884e-09 1.27285e-07 4.80335e-06 0.000106881 0.00140231 0.0108495 0.0495122 0.13347 0.214093 0.211748 0.14926 0.102495 0.0724832 0.0386928 0.0129603 0.00259291 0.000306656 2.13953e-05 8.80269e-07 2.13559e-08 3.0549e-10 2.5767e-12 1.28154e-14 3.75812e-17
 1.91326e-11 2.07666e-09 1.32906e-07 5.01545e-06 0.0001116 0.00146423 0.0113283 0.0516935 0.139297 0.223004 0.218509 0.148558 0.0949127 0.0638303 0.0335587 0.0112035 0.00223995 0.000264878 1.848e-05 7.6032e-07 1.84458e-08 2.63863e-10 2.22558e-12 1.10691e-14 3.24602e-17
 1.86061e-11 2.01951e-09 1.29248e-07 4.87743e-06 0.000108529 0.00142394 0.0110167 0.0502741 0.135506 0.217206 0.21411 0.149015 0.0998463 0.0694609 0.0368995 0.0123466 0.00246963 0.000292064 2.03771e-05 8.38373e-07 2.03395e-08 2.90951e-10 2.45406e-12 1.22054e-14 3.57925e-17
 1.89522e-11 2.05708e-09 1.31653e-07 4.96817e-06 0.000110548 0.00145043 0.0112216 0.0512073 0.137998 0.221018 0.217002 0.148714 0.0966026 0.065759 0.034703 0.011595 0.00231862 0.00027419 1.91298e-05 7.87056e-07 1.90945e-08 2.73141e-10 2.30384e-12 1.14583e-14 3.36016e-17
 1.99379e-11 2.16407e-09 1.385e-07 5.22656e-06 0.000116297 0.00152586 0.011805 0.0538648 0.145097 0.231874 0.225238 0.14786 0.0873657 0.0552172 0.0284482 0.00945475 0.00188862 0.000223293 1.55781e-05 6.40924e-07 1.55492e-08 2.22427e-10 1.87609e-12 9.33086e-15 2.73628e-17
 1.96399e-11 2.13172e-09 1.3643e-07 5.14843e-06 0.000114559 0.00150305 0.0116286 0.0530612 0.14295 0.228591 0.222747 0.148118 0.0901589 0.058405 0.0303396 0.010102 0.00201865 0.000238684 1.66522e-05 6.85114e-07 1.66213e-08 2.37763e-10 2.00544e-12 9.97419e-15 2.92494e-17
 1.95296e-11 2.11976e-09 1.35664e-07 5.11954e-06 0.000113916 0.00149461 0.0115633 0.0527641 0.142156 0.227378 0.221826 0.148214 0.0911917 0.0595836 0.031039 0.0103413 0.00206673 0.000244374 1.70493e-05 7.01453e-07 1.70177e-08 2.43433e-10 2.05327e-12 1.02121e-14 2.9947e-17
 1.96387e-11 2.13159e-09 1.36421e-07 5.14812e-06 0.000114552 0.00150296 0.0116279 0.0530581 0.142942 0.228579 0.222738 0.148119 0.0901699 0.0584175 0.0303471 0.0101045 0.00201916 0.000238744 1.66564e-05 6.85288e-07 1.66255e-08 2.37823e-10 2.00595e-12 9.97673e-15 2.92568e-17
 2.00176e-11 2.17271e-09 1.39053e-07 5.24744e-06 0.000116762 0.00153195 0.0118521 0.0540796 0.14567 0.232752 0.225903 0.147791 0.0866195 0.0543655 0.0279429 0.00928183 0.00185388 0.00021918 1.52912e-05 6.29118e-07 1.52628e-08 2.1833e-10 1.84153e-12 9.15897e-15 2.68588e-17
 2.00591e-11 2.17722e-09 1.39342e-07 5.25833e-06 0.000117004 0.00153513 0.0118767 0.0541915 0.145969 0.233209 0.22625 0.147755 0.0862303 0.0539213 0.0276793 0.00919165 0.00183576 0.000217036 1.51415e-05 6.22961e-07 1.51134e-08 2.16193e-10 1.82351e-12 9.06933e-15 2.65959e-17
 2.03744e-11 2.21144e-09 1.41532e-07 5.34098e-06 0.000118843 0.00155926 0.0120633 0.0550416 0.14824 0.236681 0.228885 0.147481 0.0832757 0.0505494 0.0256787 0.00850705 0.00169821 0.000200756 1.40055e-05 5.76219e-07 1.39794e-08 1.99971e-10 1.68668e-12 8.38883e-15 2.46003e-17
 2.07723e-11 2.25464e-09 1.44296e-07 5.4453e-06 0.000121164 0.00158971 0.0122988 0.0561145 0.151106 0.241065 0.23221 0.147136 0.0795465 0.0462934 0.0231534 0.00764295 0.00152461 0.000180207 1.25716e-05 5.17221e-07 1.25481e-08 1.79496e-10 1.51398e-12 7.52991e-15 2.20815e-17
 2.01295e-11 2.18486e-09 1.39831e-07 5.27678e-06 0.000117415 0.00154052 0.0119184 0.0543813 0.146476 0.233984 0.226838 0.147694 0.0855708 0.0531686 0.0272327 0.00903883 0.00180505 0.000213402 1.48879e-05 6.12527e-07 1.48603e-08 2.12572e-10 1.79296e-12 8.91743e-15 2.61504e-17
 2.04034e-11 2.21459e-09 1.41733e-07 5.34858e-06 0.000119012 0.00156148 0.0120805 0.0551198 0.148448 0.237001 0.229127 0.147456 0.083004 0.0502393 0.0254947 0.00844409 0.00168556 0.000199258 1.3901e-05 5.7192e-07 1.38751e-08 1.98479e-10 1.6741e-12 8.32625e-15 2.44168e-17
 2.10122e-11 2.28067e-09 1.45963e-07 5.50818e-06 0.000122564 0.00160807 0.0124408 0.0567612 0.152833 0.243706 0.234214 0.146928 0.0772987 0.043728 0.0216313 0.00712211 0.00141997 0.000167821 1.17073e-05 4.81659e-07 1.16853e-08 1.67155e-10 1.40989e-12 7.01218e-15 2.05633e-17
#obs surv len freq
 4.48537e-11 4.15689e-09 2.27156e-07 7.3193e-06 0.00013906 0.00155791 0.0102934 0.0401481 0.0929001 0.130867 0.12632 0.115878 0.122777 0.119134 0.0971106 0.0694878 0.0417143 0.0201363 0.00801524 0.002654 0.000699372 0.00013846 1.96526e-05 1.92905e-06 1.27208e-07
 3.21102e-11 2.87019e-09 1.51274e-07 4.7012e-06 8.61487e-05 0.000930949 0.00593557 0.0223889 0.0506776 0.0737844 0.0883637 0.118951 0.155398 0.158764 0.132217 0.0955063 0.056643 0.026458 0.00994734 0.00304805 0.000740465 0.000136098 1.80155e-05 1.6444e-06 1.00091e-07
 1.58134e-11 1.36096e-09 6.90639e-08 2.06656e-06 3.64633e-05 0.000379467 0.00233204 0.00851859 0.0191218 0.0304927 0.0487428 0.0871667 0.135054 0.170504 0.182024 0.153728 0.0955234 0.0442813 0.0161342 0.00469518 0.00106139 0.000179096 2.1687e-05 1.81537e-06 1.01635e-07
 2.6636e-10 2.2036e-08 1.07494e-06 3.09187e-05 0.00052438 0.00524395 0.0309215 0.107514 0.220464 0.266838 0.191547 0.0840473 0.0277261 0.0152168 0.0158999 0.0149599 0.0104825 0.00552917 0.00221564 0.000664377 0.000146312 2.32283e-05 2.59518e-06 1.98464e-07 1.01173e-08
 1.9004e-10 1.50901e-08 7.06518e-07 1.95049e-05 0.000317511 0.00304793 0.0172611 0.0578012 0.115815 0.147165 0.147061 0.158523 0.163026 0.116795 0.0521859 0.0151506 0.00377449 0.00130028 0.000532023 0.000175451 4.10671e-05 6.59413e-06 7.1361e-07 5.12886e-08 2.41316e-09
 4.37753e-10 3.33141e-08 1.49491e-06 3.95538e-05 0.000617092 0.00567688 0.030797 0.0985769 0.186685 0.212215 0.155429 0.0950634 0.0702917 0.05853 0.0443967 0.0268543 0.0112549 0.00299854 0.000504854 6.03041e-05 6.85453e-06 8.44234e-07 8.68707e-08 6.1215e-09 2.77662e-10
 5.39687e-10 3.93103e-08 1.68833e-06 4.27561e-05 0.000638454 0.00562181 0.0291984 0.0895797 0.16358 0.184697 0.151055 0.125171 0.10984 0.0764647 0.0391582 0.0165064 0.00611239 0.00184557 0.000415329 6.5726e-05 7.04381e-06 5.13293e-07 2.74455e-08 1.1994e-09 4.2709e-11
 7.69681e-10 5.35903e-08 2.20014e-06 5.32599e-05 0.000760229 0.00639893 0.0317705 0.093198 0.162909 0.177012 0.142008 0.118669 0.106385 0.0794128 0.0473617 0.0230667 0.00844776 0.00212726 0.00036638 4.62455e-05 4.57917e-06 3.48724e-07 1.88572e-08 6.82631e-10 1.63317e-11
 1.02417e-09 6.80831e-08 2.66866e-06 6.16789e-05 0.000840574 0.0067554 0.0320308 0.0898261 0.150899 0.16148 0.137559 0.128508 0.119121 0.0870569 0.0504597 0.0240231 0.00870979 0.00221877 0.000392592 4.94776e-05 4.50509e-06 2.94567e-07 1.37113e-08 4.50082e-10 1.01866e-11
 1.26853e-09 8.04217e-08 3.0063e-06 6.62645e-05 0.000861256 0.00660163 0.029866 0.0800706 0.129859 0.139984 0.133189 0.141881 0.136708 0.100904 0.0594036 0.0281259 0.00975274 0.00230474 0.000372184 4.29907e-05 3.67213e-06 2.29299e-07 1.00905e-08 3.03018e-10 6.08495e-12
 2.45445e-09 1.48243e-07 5.27937e-06 0.000110861 0.00137269 0.0100232 0.0431821 0.110059 0.168221 0.16456 0.129908 0.114396 0.102508 0.0765637 0.0469668 0.0225327 0.00760157 0.00170346 0.000256373 2.71393e-05 2.09583e-06 1.17923e-07 4.71167e-09 1.30093e-10 2.42425e-12
 3.77751e-09 2.17145e-07 7.36003e-06 0.000147096 0.00173348 0.0120475 0.0494109 0.120004 0.175626 0.167889 0.135816 0.121751 0.101327 0.0643765 0.0320823 0.0129355 0.00390325 0.000813738 0.000115913 1.16474e-05 8.46341e-07 4.41162e-08 1.60823e-09 4.00944e-11 6.72139e-13
 5.1798e-09 2.83128e-07 9.12515e-06 0.000173416 0.00194332 0.0128437 0.0501139 0.116024 0.163458 0.15652 0.137364 0.132518 0.110239 0.0684276 0.0332305 0.0128115 0.00357459 0.000661882 7.97149e-05 6.46749e-06 3.755e-07 1.62298e-08 5.16412e-10 1.16116e-11 1.77445e-13
 7.41949e-09 3.85304e-07 1.17983e-05 0.000213025 0.00226805 0.0142428 0.0528215 0.116435 0.157444 0.14916 0.135936 0.134419 0.11188 0.0708619 0.0357456 0.0139787 0.00381809 0.000679172 7.80169e-05 5.97421e-06 3.18195e-07 1.20417e-08 3.21107e-10 5.92681e-12 7.4802e-14
 1.12159e-08 5.52958e-07 1.60745e-05 0.000275533 0.00278503 0.0166049 0.0584872 0.12265 0.158984 0.148257 0.137323 0.134718 0.107932 0.0653558 0.0314284 0.0116375 0.00299031 0.000497989 5.32928e-05 3.78207e-06 1.86043e-07 6.49783e-09 1.5951e-10 2.68129e-12 3.01966e-14
 1.57861e-08 7.38342e-07 2.03624e-05 0.000331129 0.00317538 0.0179641 0.0600803 0.120035 0.150525 0.14264 0.140588 0.140536 0.110944 0.0665667 0.0317754 0.0114804 0.00283545 0.000452776 4.6781e-05 3.23458e-06 1.55219e-07 5.22447e-09 1.21241e-10 1.89517e-12 1.96462e-14
 2.7027e-08 1.19853e-06 3.1339e-05 0.000483191 0.00439319 0.0235634 0.0747022 0.141338 0.167068 0.146962 0.132731 0.123929 0.0936505 0.0546626 0.0253534 0.00875853 0.00203775 0.000303429 2.89851e-05 1.84048e-06 8.10999e-08 2.52991e-09 5.51349e-11 8.16843e-13 8.03923e-15
 4.1862e-08 1.7592e-06 4.35912e-05 0.000636912 0.00548777 0.0278962 0.0838518 0.150714 0.170674 0.147398 0.132733 0.119954 0.0855502 0.0466374 0.020184 0.00655592 0.0014519 0.000209273 1.97678e-05 1.26405e-06 5.61069e-08 1.72369e-09 3.58689e-11 4.95762e-13 4.50327e-15
 5.44903e-08 2.1691e-06 5.0913e-05 0.000704663 0.00575177 0.0277081 0.0790632 0.136015 0.152647 0.142912 0.144527 0.134576 0.0947355 0.0510416 0.0217432 0.00684259 0.00145589 0.000202497 1.87038e-05 1.18657e-06 5.26387e-08 1.61454e-09 3.33879e-11 4.55757e-13 4.04971e-15
 8.40189e-08 3.16709e-06 7.03938e-05 0.000922599 0.00713127 0.0325344 0.0879543 0.143614 0.154045 0.139989 0.138353 0.126353 0.0895356 0.0497751 0.0215432 0.00663504 0.0013475 0.000177175 1.54537e-05 9.29098e-07 3.93043e-08 1.15799e-09 2.316e-11 3.07307e-13 2.66036e-15
 1.20328e-07 4.2941e-06 9.03588e-05 0.00112119 0.00820529 0.0354552 0.0909305 0.141912 0.149736 0.141357 0.144003 0.128352 0.0869277 0.0460573 0.0189946 0.00559651 0.00110051 0.000142902 1.2558e-05 7.65286e-07 3.23362e-08 9.28677e-10 1.77561e-11 2.23037e-13 1.82368e-15
 1.96934e-07 6.65251e-06 0.000132508 0.00155636 0.0107816 0.0440984 0.107045 0.158021 0.157243 0.139146 0.133342 0.113676 0.0750619 0.0390479 0.0155791 0.00435397 0.000802323 9.71381e-05 7.9737e-06 4.58505e-07 1.85716e-08 5.18741e-10 9.71892e-12 1.19476e-13 9.48123e-16
 2.6036e-07 8.32474e-06 0.00015695 0.00174493 0.0114438 0.0443474 0.102371 0.146113 0.148923 0.146292 0.148605 0.122458 0.0748759 0.0355737 0.0130374 0.00338876 0.000586551 6.71427e-05 5.22404e-06 2.838e-07 1.07844e-08 2.81126e-10 4.91575e-12 5.66786e-14 4.24963e-16
 4.11226e-07 1.24453e-05 0.00022209 0.0023371 0.014508 0.0532179 0.116299 0.157192 0.151779 0.141386 0.13727 0.110402 0.0677617 0.0325314 0.0116988 0.00287511 0.000457112 4.6902e-05 3.20743e-06 1.52326e-07 5.12583e-09 1.20762e-10 1.93787e-12 2.06483e-14 1.43294e-16
 5.14979e-07 1.47527e-05 0.000249203 0.00248251 0.0145929 0.0507628 0.105908 0.140604 0.144804 0.153218 0.155166 0.11995 0.0686839 0.0305531 0.0102412 0.00237153 0.000359615 3.56272e-05 2.3679e-06 1.08316e-07 3.42123e-09 7.34248e-11 1.05127e-12 9.92183e-15 6.1208e-17
 8.21998e-07 2.22918e-05 0.000356468 0.00336162 0.0187058 0.0615856 0.121497 0.151893 0.145653 0.143242 0.138998 0.107737 0.0644431 0.029897 0.0100216 0.00223449 0.000320031 2.97297e-05 1.85168e-06 7.96888e-08 2.38188e-09 4.85525e-11 6.59062e-13 5.84806e-15 3.34713e-17
 1.04307e-06 2.67817e-05 0.00040548 0.00362073 0.0190863 0.0596551 0.112803 0.140352 0.14606 0.158911 0.154079 0.110929 0.0596911 0.0248925 0.00765138 0.00159765 0.00021798 1.95723e-05 1.18864e-06 4.97466e-08 1.42761e-09 2.7543e-11 3.50578e-13 2.90651e-15 1.55419e-17
 1.57174e-06 3.82123e-05 0.00054782 0.00463206 0.0231225 0.0684539 0.122717 0.145194 0.144565 0.151411 0.143373 0.104074 0.0580319 0.0247229 0.00744233 0.00147019 0.000185774 1.52388e-05 8.40379e-07 3.21019e-08 8.52791e-10 1.54535e-11 1.86321e-13 1.46493e-15 7.39923e-18
#pred catch len freq
 8.52805e-13 9.25639e-11 5.92412e-09 2.23566e-07 4.97555e-06 6.53439e-05 0.000508029 0.00237605 0.00719662 0.0179435 0.0480297 0.115147 0.188659 0.198559 0.147208 0.0944851 0.0603132 0.0380538 0.0243643 0.0165149 0.0121564 0.00987342 0.00839517 0.00641619 0.00373083
 5.78443e-13 6.27846e-11 4.01826e-09 1.51647e-07 3.37546e-06 4.43634e-05 0.000346239 0.0016501 0.00540962 0.0164494 0.053011 0.135642 0.223509 0.228232 0.153786 0.0819977 0.0432395 0.0237974 0.0132512 0.0074844 0.00445749 0.00297063 0.00220713 0.00159205 0.000918675
 2.73118e-13 2.96445e-11 1.89729e-09 7.16074e-08 1.59444e-06 2.09922e-05 0.000165282 0.000821099 0.00313108 0.0124419 0.0474063 0.127566 0.214062 0.224866 0.16307 0.0985215 0.055445 0.0278487 0.0127882 0.00588813 0.00282071 0.00145416 0.000853334 0.000535308 0.000292325
 3.74944e-12 4.06966e-10 2.60458e-08 9.82894e-07 2.18713e-05 0.000287004 0.00222226 0.0101824 0.028011 0.0494807 0.0705133 0.108086 0.155707 0.168083 0.14214 0.109091 0.0753394 0.0437208 0.0216234 0.00934902 0.00366793 0.00142763 0.00060941 0.000294757 0.000140116
 1.45743e-11 1.5819e-09 1.01241e-07 3.82054e-06 8.50119e-05 0.00111541 0.00863051 0.0394037 0.106467 0.172769 0.180274 0.152098 0.136981 0.112078 0.0624834 0.0215128 0.00472667 0.000890523 0.000278572 0.000125201 5.12379e-05 1.78685e-05 5.72804e-06 1.92043e-06 6.9246e-07
 1.40618e-11 1.52627e-09 9.7681e-08 3.68618e-06 8.20223e-05 0.00107619 0.00832718 0.0380222 0.10278 0.167155 0.17614 0.152955 0.142431 0.118061 0.0657359 0.022214 0.00445207 0.000526715 3.67513e-05 1.51208e-06 3.66841e-08 5.24757e-10 4.42613e-12 2.20137e-14 6.45552e-17
 1.51772e-11 1.64734e-09 1.0543e-07 3.97859e-06 8.85288e-05 0.00116155 0.00898738 0.0410296 0.110813 0.179441 0.18546 0.151987 0.131978 0.106131 0.0586575 0.0197919 0.00396544 0.000469116 3.2732e-05 1.34671e-06 3.2672e-08 4.67365e-10 3.94205e-12 1.96061e-14 5.74949e-17
 1.50204e-11 1.63032e-09 1.0434e-07 3.93747e-06 8.76139e-05 0.00114955 0.00889454 0.0406067 0.109684 0.177713 0.18415 0.152123 0.133448 0.107809 0.0596528 0.0201325 0.00403387 0.000477215 3.32972e-05 1.36996e-06 3.32362e-08 4.75435e-10 4.01012e-12 1.99446e-14 5.84877e-17
 1.46531e-11 1.59045e-09 1.01789e-07 3.84118e-06 8.54714e-05 0.00112144 0.00867714 0.0396164 0.107038 0.173668 0.181081 0.152442 0.13689 0.111737 0.0619837 0.02093 0.00419411 0.000496182 3.46207e-05 1.42442e-06 3.45574e-08 4.94334e-10 4.16952e-12 2.07374e-14 6.08126e-17
 1.40535e-11 1.52538e-09 9.76238e-08 3.68402e-06 8.19744e-05 0.00107556 0.00832231 0.038 0.102721 0.167064 0.176071 0.152962 0.142508 0.118149 0.0657881 0.0222318 0.00445566 0.00052714 3.67809e-05 1.5133e-06 3.67137e-08 5.2518e-10 4.4297e-12 2.20314e-14 6.46073e-17
 1.52189e-11 1.65187e-09 1.05719e-07 3.98952e-06 8.87719e-05 0.00116474 0.00901205 0.041142 0.111113 0.1799 0.185808 0.151951 0.131587 0.105686 0.058393 0.0197014 0.00394726 0.000466964 3.25818e-05 1.34053e-06 3.25221e-08 4.6522e-10 3.92396e-12 1.95161e-14 5.72311e-17
 1.67367e-11 1.81661e-09 1.16263e-07 4.3874e-06 9.76251e-05 0.00128089 0.00991035 0.0452341 0.122044 0.196617 0.19849 0.150635 0.117364 0.0894533 0.0487617 0.0164057 0.00328513 0.00038859 2.71128e-05 1.11551e-06 2.7063e-08 3.87129e-10 3.26529e-12 1.62402e-14 4.76244e-17
 1.73263e-11 1.8806e-09 1.20358e-07 4.54194e-06 0.000101064 0.001326 0.0102593 0.0468235 0.126289 0.20311 0.203416 0.150124 0.111839 0.0831483 0.0450207 0.0151256 0.00302794 0.000358149 2.49886e-05 1.02811e-06 2.49426e-08 3.56798e-10 3.00945e-12 1.49677e-14 4.3893e-17
 1.66764e-11 1.81007e-09 1.15844e-07 4.37159e-06 9.72735e-05 0.00127627 0.00987468 0.0450716 0.121609 0.195953 0.197987 0.150688 0.117929 0.090098 0.0491442 0.0165366 0.00331143 0.000391703 2.733e-05 1.12445e-06 2.72799e-08 3.90231e-10 3.29145e-12 1.63703e-14 4.8006e-17
 1.76419e-11 1.91486e-09 1.22551e-07 4.62469e-06 0.000102905 0.00135016 0.0104461 0.0476747 0.128562 0.206587 0.206054 0.14985 0.108881 0.0797721 0.0430176 0.0144401 0.00289023 0.000341848 2.38511e-05 9.81309e-07 2.38072e-08 3.40556e-10 2.87246e-12 1.42864e-14 4.18949e-17
 1.69931e-11 1.84444e-09 1.18044e-07 4.4546e-06 9.91205e-05 0.00130051 0.0100621 0.0459253 0.12389 0.19944 0.200632 0.150413 0.114962 0.0867114 0.0471349 0.015849 0.00317329 0.000375352 2.6189e-05 1.0775e-06 2.61409e-08 3.73939e-10 3.15403e-12 1.56868e-14 4.60017e-17
 1.76945e-11 1.92057e-09 1.22916e-07 4.63848e-06 0.000103212 0.00135419 0.0104772 0.0478165 0.128941 0.207166 0.206493 0.149805 0.108388 0.0792095 0.0426837 0.0143259 0.00286728 0.000339132 2.36615e-05 9.7351e-07 2.3618e-08 3.37849e-10 2.84963e-12 1.41728e-14 4.15619e-17
 1.87817e-11 2.03858e-09 1.30469e-07 4.92348e-06 0.000109553 0.00143738 0.0111207 0.0507477 0.136771 0.21914 0.215577 0.148862 0.0982002 0.0675822 0.0357848 0.0119652 0.00239299 0.000282993 1.97441e-05 8.12331e-07 1.97077e-08 2.81913e-10 2.37783e-12 1.18263e-14 3.46807e-17
 1.8528e-11 2.01104e-09 1.28706e-07 4.85697e-06 0.000108074 0.00141797 0.0109705 0.0500636 0.134943 0.216346 0.213458 0.149082 0.100578 0.0702957 0.0373948 0.0125161 0.00250368 0.000296094 2.06583e-05 8.49945e-07 2.06202e-08 2.94966e-10 2.48793e-12 1.23739e-14 3.62866e-17
 1.84738e-11 2.00515e-09 1.2833e-07 4.84276e-06 0.000107757 0.00141382 0.0109384 0.0499175 0.134553 0.215749 0.213004 0.149129 0.101086 0.0708755 0.0377389 0.0126339 0.00252733 0.000298894 2.08537e-05 8.57983e-07 2.08152e-08 2.97756e-10 2.51146e-12 1.24909e-14 3.66297e-17
 1.8578e-11 2.01647e-09 1.29054e-07 4.87008e-06 0.000108365 0.00142179 0.0110001 0.0501984 0.135303 0.216897 0.213875 0.149039 0.100109 0.069761 0.0370776 0.0124076 0.00248187 0.000293512 2.04782e-05 8.42532e-07 2.04404e-08 2.92394e-10 2.46623e-12 1.2266e-14 3.59701e-17
 1.9311e-11 2.09602e-09 1.34145e-07 5.06221e-06 0.00011264 0.00147788 0.0114339 0.0521745 0.140582 0.224969 0.219999 0.148403 0.0932409 0.0619223 0.0324266 0.0108161 0.00216212 0.000255666 1.78372e-05 7.33872e-07 1.78042e-08 2.54684e-10 2.14816e-12 1.0684e-14 3.1331e-17
 1.93271e-11 2.09777e-09 1.34257e-07 5.06644e-06 0.000112734 0.00147911 0.0114435 0.052218 0.140698 0.225147 0.220134 0.148389 0.0930899 0.06175 0.0323244 0.0107811 0.00215509 0.000254834 1.77792e-05 7.31483e-07 1.77462e-08 2.53855e-10 2.14117e-12 1.06493e-14 3.12291e-17
 1.94463e-11 2.11071e-09 1.35085e-07 5.09768e-06 0.00011343 0.00148824 0.011514 0.0525393 0.141556 0.22646 0.22113 0.148286 0.0919729 0.0604752 0.031568 0.0105223 0.00210309 0.000248679 1.73496e-05 7.13811e-07 1.73175e-08 2.47722e-10 2.08944e-12 1.0392e-14 3.04746e-17
 2.01278e-11 2.18467e-09 1.39819e-07 5.27633e-06 0.000117405 0.00154039 0.0119173 0.0543767 0.146464 0.233965 0.226824 0.147695 0.0855868 0.0531869 0.0272436 0.00904255 0.0018058 0.00021349 1.48941e-05 6.1278e-07 1.48664e-08 2.1266e-10 1.79371e-12 8.92112e-15 2.61613e-17
 1.95502e-11 2.12198e-09 1.35807e-07 5.12492e-06 0.000114036 0.00149619 0.0115755 0.0528194 0.142304 0.227604 0.221998 0.148196 0.0909993 0.0593641 0.0309087 0.0102967 0.00205777 0.000243314 1.69753e-05 6.98409e-07 1.69438e-08 2.42377e-10 2.04436e-12 1.01678e-14 2.9817e-17
 1.99576e-11 2.16621e-09 1.38637e-07 5.23173e-06 0.000116412 0.00152737 0.0118166 0.053918 0.145238 0.232091 0.225402 0.147843 0.0871811 0.0550065 0.0283232 0.00941198 0.00188002 0.000222275 1.55072e-05 6.38004e-07 1.54784e-08 2.21413e-10 1.86754e-12 9.28834e-15 2.72381e-17
 1.95307e-11 2.11987e-09 1.35671e-07 5.11982e-06 0.000113922 0.0014947 0.011564 0.052767 0.142164 0.227389 0.221835 0.148213 0.0911817 0.0595722 0.0310322 0.010339 0.00206626 0.000244319 1.70454e-05 7.01295e-07 1.70138e-08 2.43378e-10 2.0528e-12 1.02098e-14 2.99402e-17
#obs catch len freq
 4.68128e-11 4.33845e-09 2.37078e-07 7.63899e-06 0.000145134 0.00162595 0.0107428 0.041897 0.0968994 0.136158 0.129994 0.116085 0.119927 0.11437 0.0918077 0.065821 0.0408794 0.0208985 0.00877219 0.0029879 0.00079626 0.000159518 2.31198e-05 2.33541e-06 1.58891e-07
 6.1701e-11 5.51518e-09 2.90679e-07 9.0335e-06 0.000165535 0.00178866 0.0113989 0.0428902 0.0958275 0.130929 0.124782 0.116381 0.124131 0.118991 0.0958899 0.0676955 0.0398448 0.0188386 0.0073401 0.00236502 0.000601209 0.000113883 1.5356e-05 1.42311e-06 8.81358e-08
 4.51727e-11 3.88772e-09 1.97288e-07 5.9033e-06 0.000104157 0.00108374 0.00665364 0.0241786 0.0528492 0.075089 0.0901316 0.122364 0.157485 0.157831 0.12973 0.092235 0.0534885 0.0244008 0.00895456 0.00266577 0.000624446 0.000109765 1.37903e-05 1.18716e-06 6.78093e-08
 2.29806e-11 1.90119e-09 9.27424e-08 2.66761e-06 4.52458e-05 0.000452649 0.00267468 0.00940321 0.0204109 0.0320205 0.0514593 0.0913555 0.138967 0.172894 0.181303 0.149046 0.0899123 0.0405646 0.014389 0.00405738 0.000882538 0.000142249 1.63393e-05 1.28939e-06 6.77073e-08
 3.83707e-10 3.04681e-08 1.42652e-06 3.93817e-05 0.000641063 0.00615309 0.0348238 0.116215 0.228733 0.265754 0.183245 0.0775768 0.0254503 0.0147175 0.0154199 0.0141174 0.00960387 0.00491626 0.0019054 0.000550026 0.000116038 1.75512e-05 1.85733e-06 1.338e-07 6.39502e-09
 2.83137e-10 2.15475e-08 9.66903e-07 2.55834e-05 0.000399144 0.00367228 0.0199335 0.063997 0.123115 0.151147 0.14845 0.158236 0.157823 0.108491 0.0465081 0.0131031 0.00328945 0.00115849 0.000464467 0.000146939 3.27556e-05 4.98561e-06 5.09281e-07 3.44119e-08 1.51649e-09
 6.49444e-10 4.7305e-08 2.03169e-06 5.14514e-05 0.000768289 0.00676473 0.0351254 0.107619 0.195152 0.212778 0.150621 0.0909383 0.0671566 0.0552915 0.0411164 0.0240624 0.00965325 0.00245289 0.000395425 4.59679e-05 5.17513e-06 6.19183e-07 6.03666e-08 3.99171e-09 1.69241e-10
 8.14348e-10 5.67004e-08 2.32782e-06 5.63508e-05 0.000804347 0.00677026 0.0336138 0.0985993 0.172296 0.186904 0.148831 0.121658 0.104001 0.0699634 0.0348894 0.0144548 0.00523835 0.00153175 0.000331272 5.00957e-05 5.11455e-06 3.55469e-07 1.81934e-08 7.59078e-10 2.55111e-11
 1.17333e-09 7.79984e-08 3.05731e-06 7.06614e-05 0.000962983 0.00773886 0.0366865 0.102774 0.17172 0.17912 0.139871 0.115216 0.100763 0.073131 0.0426178 0.0201804 0.00710794 0.00171365 0.000283366 3.45067e-05 3.2915e-06 2.39393e-07 1.22638e-08 4.18758e-10 9.42982e-12
 1.58879e-09 1.00725e-07 3.76527e-06 8.29935e-05 0.00107867 0.00826748 0.037387 0.100021 0.160479 0.164842 0.13658 0.124761 0.111989 0.0793935 0.0449436 0.0208022 0.00725768 0.00177127 0.000300351 3.62773e-05 3.1583e-06 1.96792e-07 8.69976e-09 2.70123e-10 5.75597e-12
 2.00819e-09 1.2129e-07 4.3195e-06 9.07049e-05 0.00112314 0.00820177 0.0353525 0.0903333 0.13985 0.144789 0.133853 0.138381 0.128614 0.0921067 0.0528819 0.0242333 0.00805167 0.00181755 0.000280941 3.11259e-05 2.54509e-06 1.51342e-07 6.30891e-09 1.78739e-10 3.37529e-12
 3.8695e-09 2.22433e-07 7.53926e-06 0.000150677 0.00177568 0.0123403 0.0506021 0.122776 0.178798 0.167239 0.127385 0.108745 0.0942837 0.0685097 0.040902 0.018895 0.00608359 0.00129874 0.000186652 1.89125e-05 1.39641e-06 7.48069e-08 2.83234e-09 7.37941e-11 1.29275e-12
 5.99055e-09 3.27444e-07 1.05534e-05 0.000200558 0.00224744 0.0148524 0.0579259 0.133806 0.186406 0.17016 0.132279 0.11397 0.0909647 0.0558105 0.0270573 0.0105591 0.00305217 0.00060691 8.25354e-05 7.92845e-06 5.49775e-07 2.72334e-08 9.39437e-10 2.20832e-11 3.47925e-13
 8.31258e-09 4.31683e-07 1.32185e-05 0.000238666 0.00254102 0.0159559 0.0591532 0.130156 0.174449 0.159483 0.134291 0.124062 0.0988194 0.0592178 0.027928 0.010382 0.00276253 0.000485442 5.55317e-05 4.2953e-06 2.38395e-07 9.83197e-09 2.969e-10 6.30025e-12 9.04648e-14
 1.20823e-08 5.95669e-07 1.73161e-05 0.000296815 0.0030001 0.0178859 0.0629756 0.131815 0.169342 0.152639 0.132476 0.124758 0.0994451 0.0609242 0.0297933 0.0111818 0.00290276 0.000489131 5.3287e-05 3.88029e-06 1.96758e-07 7.07542e-09 1.78651e-10 3.11201e-12 3.69607e-14
 1.83027e-08 8.5605e-07 2.36086e-05 0.000383916 0.00368147 0.0208238 0.0695884 0.138473 0.170414 0.151043 0.132985 0.124053 0.095112 0.0556688 0.0259181 0.00919654 0.00224291 0.000353383 3.5821e-05 2.41477e-06 1.13003e-07 3.74799e-09 8.70306e-11 1.37859e-12 1.45868e-14
 2.61569e-08 1.15994e-06 3.03301e-05 0.000467636 0.00425181 0.0228061 0.0723187 0.136988 0.162801 0.145875 0.135569 0.12835 0.0969597 0.0562433 0.0259377 0.00895531 0.0020961 0.000316531 3.09783e-05 2.03392e-06 9.27185e-08 2.95694e-09 6.47736e-11 9.52749e-13 9.27111e-15
 4.42226e-08 1.8584e-06 4.60492e-05 0.000672824 0.00579708 0.0294655 0.0885238 0.158715 0.177703 0.147726 0.125725 0.111157 0.0804235 0.0453736 0.0202901 0.00668208 0.00147062 0.000206771 1.86841e-05 1.12557e-06 4.71142e-08 1.39326e-09 2.86698e-11 3.9956e-13 3.68829e-15
 6.81073e-08 2.71115e-06 6.36358e-05 0.000880738 0.00718834 0.0346136 0.0985566 0.1678 0.179924 0.146799 0.124555 0.106553 0.0726901 0.0382691 0.0159663 0.004946 0.00103698 0.0001413 1.26405e-05 7.66828e-07 3.22624e-08 9.36456e-10 1.83483e-11 2.38166e-13 2.02763e-15
 9.04562e-08 3.40974e-06 7.57871e-05 0.00099328 0.00767741 0.0350219 0.0946233 0.154067 0.163265 0.143366 0.13569 0.119425 0.0804664 0.0418567 0.01715 0.00513689 0.00103404 0.000136018 1.1907e-05 7.16773e-07 3.01183e-08 8.71761e-10 1.69518e-11 2.17003e-13 1.80431e-15
 1.39074e-07 4.96309e-06 0.000104436 0.00129583 0.00948254 0.0409558 0.104808 0.161889 0.163746 0.139179 0.128525 0.111118 0.0755703 0.040539 0.0168041 0.00490773 0.000941186 0.000116939 9.66374e-06 5.51261e-07 2.20892e-08 6.14107e-10 1.15465e-11 1.43606e-13 1.16244e-15
 2.00955e-07 6.78836e-06 0.000135214 0.00158814 0.0110017 0.0449964 0.109201 0.161039 0.159577 0.139734 0.132299 0.111476 0.0724125 0.0369906 0.0146019 0.00408091 0.000758672 9.32283e-05 7.76618e-06 4.48369e-07 1.7894e-08 4.83669e-10 8.67928e-12 1.02097e-13 7.80184e-16
 3.26052e-07 1.04251e-05 0.000196548 0.00218507 0.0143272 0.0554617 0.127368 0.177542 0.165482 0.134972 0.119524 0.0962043 0.0609302 0.0305051 0.0116165 0.00307328 0.000534805 6.12448e-05 4.76661e-06 2.59882e-07 9.9504e-09 2.61638e-10 4.59803e-12 5.28718e-14 3.91571e-16
 4.4036e-07 1.33271e-05 0.000237824 0.00250264 0.0155347 0.0569693 0.12434 0.167102 0.157992 0.141118 0.131916 0.102494 0.0599942 0.0274055 0.00958875 0.00236041 0.00038591 4.17808e-05 3.08019e-06 1.58479e-07 5.68641e-09 1.39453e-10 2.28688e-12 2.46647e-14 1.72584e-16
 6.89222e-07 1.97442e-05 0.000333513 0.00332209 0.0195197 0.0677592 0.139986 0.178008 0.158963 0.133901 0.119281 0.0905275 0.0532321 0.0245054 0.00837707 0.00194317 0.000291048 2.81798e-05 1.82361e-06 8.20557e-08 2.61099e-09 5.79387e-11 8.72311e-13 8.69314e-15 5.62824e-17
 8.81282e-07 2.38995e-05 0.000382176 0.00360401 0.0200535 0.0660054 0.130056 0.161716 0.152294 0.144988 0.13538 0.0989161 0.0542263 0.0231196 0.00736882 0.00161167 0.000230423 2.15519e-05 1.35448e-06 5.85632e-08 1.7438e-09 3.51687e-11 4.71945e-13 4.16587e-15 2.39868e-17
 1.39829e-06 3.59019e-05 0.000543545 0.00485286 0.0255636 0.0796384 0.148338 0.173413 0.151153 0.132325 0.11778 0.0863683 0.0494605 0.0219017 0.00694942 0.00145982 0.000196908 1.72609e-05 1.01643e-06 4.1347e-08 1.16497e-09 2.23053e-11 2.83528e-13 2.35021e-15 1.25405e-17
 1.81127e-06 4.40357e-05 0.000631298 0.00533757 0.0266366 0.0787513 0.140316 0.16196 0.150902 0.14587 0.130374 0.0887973 0.0456914 0.0181952 0.0053007 0.00104398 0.00013428 1.13839e-05 6.53387e-07 2.58104e-08 6.97011e-10 1.26147e-11 1.50246e-13 1.16317e-15 5.79696e-18
#spawning biomass
 29674.9 27509 19892.4 14803.7 28460.2 39850.4 60885.7 96191.7 149508 157306 167249 168277 201225 239223 227165 220464 212471 212685 236837 236162 225486 235015 203930 193704 253143 253075 210185 179176 252305 498984 528887 487274 414015 336163 267443 212531 171285 141565 120767 106518 96907.9 90502.6 86248.3 83408.2 81589 80423.8 79677.3 79199.2 78892.9 78696.7 78571.1 78490.6 78439 78406 78384.8 78371.3 78362.6 78357 78353.5 78351.2 78349.7 78348.8 78348.2 78347.8 78347.6 78347.4 78347.3 78347.2 78347.2 78347.2 78347.2 78347.2 78347.1 78347.1 78347.1 78347.1 78347.1 78347.1 78347.1 78347.1 78347.1 78347.1 78347.1 78347.1 78347.1 78347.1 78347.1 78347.1 78347.1 78347.1 78347.1 78347.1 78347.1 78347.1 78347.1 78347.1 78347.1 78347.1 78347.1 78347.1 78347.1 78347.1 78347.1 78347.1 78347.1 78347.1 78347.1 78347.1 78347.1 78347.1 78347.1 78347.1 78347.1 78347.1 78347.1 78347.1 78347.1 78347.1 78347.1 78347.1 78347.1 78347.1 78347.1 78347.1 78347.1 78347.1 78347.1 78347.1 0 0 0 0 0 0 0 0 0 0 0 0 0 0 0 0 0 0 0 0 0 0 0 0 0
