SBPRF35
0.313108
Curr Bio
215815
B35
691679
F35
0.419338
FOFL
0.134495
OFL
18764
Bzero
89459.5
#pred survey bio
 17295.3 23180.1 21979.1 25239.1 35363.3 48677 56934.1 76974.1 116449 143897 176440 221571 242044 238581 219420 200356 210852 193385 185937 209520 199188 228293 189254 219880 194337 193852 195080 181645 7.30102e+06 7.85803e+06 6.74309e+06 4.84119e+06 3.29791e+06 2.25961e+06 1.61961e+06 1.24203e+06 1.02297e+06 895561 820256 774642 746226 728033 716043 707845 702393 698716 696212 694494 693309 692489 691921 691527 691252 691061 690928 690836 690771 690726 690695 690673 690658 690648 690640 690635 690632 690629 690627 690626 690625 690625 690624 690624 690624 690624 690624 690623 690623 690623 690623 690623 690623 690623 690623 690623 690623 690623 690623 690623 690623 690623 690623 690623 690623 690623 690623 690623 690623 690623 690623 690623 690623 690623 690623 690623 690623 690623 690623 690623 690623 690623 690623 690623 690623 690623 690623 690623 690623 690623 690623 690623 690623 690623 690623 690623 690623 690623 690623 690623 0 0 0 0 0 0 0 0 0 0 0 0 0 0 0 0 0 0 0 0 0 0 0 0 0
#obs survey bio
 13453.4 14828.7 18697.4 23689.9 46646.9 44658 38053.8 79019.8 88735.8 152245 245426 228857 324356 282507 234710 201479 198412 141089 182690 242160 193145 269014 161910 201564 203865 282326 194466 158903
#pred catch bio
 5826.25 12546.7 10502.7 9797.43 18687.4 35357.3 41320.3 50306.2 89051 108939 130039 184022 212818 215497 203921 178204 206762 199416 183686 223642 204631 263754 204812 259814 229617 226760 236797 206366 18764 115465 89491.2 60904.9 39251.4 25418.5 17412 13063.7 10802.9 9663.37 9101.89 8829.86 8699.73 8638.08 8609.05 8595.36 8589.08 8586.21 8584.89 8584.29 8584.01 8583.88 8583.83 8583.8 8583.79 8583.78 8583.78 8583.78 8583.78 8583.78 8583.78 8583.78 8583.78 8583.78 8583.78 8583.78 8583.78 8583.78 8583.78 8583.78 8583.78 8583.78 8583.78 8583.78 8583.78 8583.78 8583.78 8583.78 8583.78 8583.78 8583.78 8583.78 8583.78 8583.78 8583.78 8583.78 8583.78 8583.78 8583.78 8583.78 8583.78 8583.78 8583.78 8583.78 8583.78 8583.78 8583.78 8583.78 8583.78 8583.78 8583.78 8583.78 8583.78 8583.78 8583.78 8583.78 8583.78 8583.78 8583.78 8583.78 8583.78 8583.78 8583.78 8583.78 8583.78 8583.78 8583.78 8583.78 8583.78 8583.78 8583.78 8583.78 8583.78 8583.78 8583.78 8583.78 8583.78 8583.78 8583.78 8583.78 0 0 0 0 0 0 0 0 0 0 0 0 0 0 0 0 0 0 0 0 0 0 0 0 0
#obs catch bio
 15743.6 14041.2 11732.7 9944.85 18625.3 35306 44948.9 48372.7 89956.6 104593 118325 179824 199943 212279 212205 170110 192217 207706 179631 208069 186766 241045 196513 241804 207695 185767 212696 200418
#pred cpue bio
 16373.2 22851.4 20691 24536.8 32487.4 44917.3 51082.9 69049.7 104942 129639 160725 199985 217766 216713 198219 179171 188583 168158 159354 180744 168155 193803 156354 182983 158346 157411 160251 144336 6.08551e+06 8.44538e+06 6.78827e+06 4.83707e+06 3.29026e+06 2.25174e+06 1.61172e+06 1.23414e+06 1.01508e+06 887668 812364 766750 738334 720141 708151 699952 694501 690824 688319 686601 685417 684597 684029 683634 683360 683169 683036 682943 682879 682834 682803 682781 682766 682755 682748 682743 682739 682737 682735 682734 682733 682732 682732 682732 682731 682731 682731 682731 682731 682731 682731 682731 682731 682731 682731 682731 682731 682731 682731 682731 682731 682731 682731 682731 682731 682731 682731 682731 682731 682731 682731 682731 682731 682731 682731 682731 682731 682731 682731 682731 682731 682731 682731 682731 682731 682731 682731 682731 682731 682731 682731 682731 682731 682731 682731 682731 682731 682731 682731 682731 0 0 0 0 0 0 0 0 0 0 0 0 0 0 0 0 0 0 0 0 0 0 0 0 0
#obs cpue bio
 17028.8 16810.7 22484 19734.2 35930.9 55783.5 40295.4 99566.7 130865 149938 184067 191276 217562 176926 153205 221624 292447 174086 177196 240673 231716 254880 186160 294676 227662 252555 228588 173104
#pred surv len freq
 1.22863e-11 1.33356e-09 8.53478e-08 3.22076e-06 7.16663e-05 0.000940311 0.00727587 0.0332233 0.0898278 0.146251 0.154889 0.136694 0.131132 0.115477 0.0769814 0.0427589 0.0238013 0.0138063 0.00839685 0.00550972 0.00396721 0.00316565 0.00265429 0.00200997 0.00116252
 8.81801e-12 9.5711e-10 6.1255e-08 2.31158e-06 5.14359e-05 0.000674891 0.0052228 0.0238642 0.0647383 0.107139 0.121579 0.127803 0.145659 0.141275 0.105691 0.0691563 0.0417813 0.0219871 0.0105737 0.00524041 0.00288787 0.00184403 0.00133605 0.000949663 0.000543594
 1.23331e-11 1.33864e-09 8.56729e-08 3.23303e-06 7.19391e-05 0.000943884 0.00730327 0.0333425 0.09007 0.146 0.151639 0.12662 0.115344 0.10464 0.0808605 0.0578063 0.0392298 0.0235837 0.0123378 0.00563876 0.00237944 0.00106945 0.000578014 0.00034972 0.000188106
 1.0168e-11 1.10364e-09 7.06327e-08 2.66546e-06 5.93102e-05 0.000778203 0.00602199 0.0275085 0.0745242 0.122526 0.135314 0.13335 0.142982 0.132479 0.0920262 0.0550014 0.033686 0.020909 0.0121982 0.00625995 0.00272067 0.00102869 0.000384911 0.000165693 7.484e-05
 1.38766e-11 1.50617e-09 9.63947e-08 3.63764e-06 8.09421e-05 0.001062 0.00821688 0.0375063 0.101218 0.163263 0.165788 0.128774 0.106463 0.0927824 0.0717596 0.0512756 0.0335946 0.019113 0.0100584 0.00516559 0.00243663 0.00097596 0.000328234 0.000101782 3.26965e-05
 1.37178e-11 1.48894e-09 9.5292e-08 3.59602e-06 8.00162e-05 0.00104986 0.00812325 0.0370861 0.100182 0.162383 0.168586 0.140281 0.125365 0.106362 0.0688153 0.0367796 0.0203134 0.0120162 0.00677447 0.00338733 0.00151451 0.000610902 0.000211526 6.05149e-05 1.48892e-05
 1.50893e-11 1.6378e-09 1.04819e-07 3.95554e-06 8.80158e-05 0.00115481 0.00893509 0.040787 0.110104 0.177863 0.18183 0.144071 0.120489 0.0984153 0.0614117 0.0299887 0.0136444 0.00616266 0.00279606 0.00131499 0.000594871 0.0002368 8.03965e-05 2.27099e-05 5.17329e-06
 1.50759e-11 1.63635e-09 1.04726e-07 3.95204e-06 8.79379e-05 0.00115379 0.00892724 0.040752 0.110022 0.177829 0.182257 0.145577 0.122964 0.100392 0.0615453 0.0286601 0.0120604 0.00489195 0.00184168 0.000665059 0.00024218 8.78873e-05 2.91701e-05 8.11148e-06 1.79622e-06
 1.48525e-11 1.6121e-09 1.03174e-07 3.89347e-06 8.66347e-05 0.00113669 0.00879496 0.0401487 0.1084 0.175264 0.179895 0.144409 0.122996 0.101468 0.063677 0.0312044 0.0139031 0.00568727 0.0020215 0.000642741 0.000189381 5.30102e-05 1.44212e-05 3.65084e-06 7.79506e-07
 1.48741e-11 1.61444e-09 1.03324e-07 3.89913e-06 8.67606e-05 0.00113835 0.00880779 0.040208 0.108571 0.175624 0.180658 0.145994 0.125231 0.102825 0.0627931 0.0288515 0.011921 0.00476971 0.00174367 0.000564987 0.000158714 3.84615e-05 8.28413e-06 1.63889e-06 2.95037e-07
 1.43408e-11 1.55656e-09 9.96197e-08 3.75934e-06 8.36502e-05 0.00109754 0.00849216 0.03877 0.104726 0.169713 0.176022 0.145961 0.129493 0.108114 0.0665573 0.0308525 0.0127479 0.00494361 0.00170387 0.000527301 0.0001471 3.54889e-05 7.15204e-06 1.19788e-06 1.70344e-07
 1.47793e-11 1.60415e-09 1.02665e-07 3.87428e-06 8.62077e-05 0.00113109 0.00875164 0.0399517 0.107878 0.174492 0.179449 0.144929 0.124385 0.102742 0.0640094 0.0307876 0.0133898 0.00537795 0.00187253 0.000569017 0.000151931 3.50757e-05 6.88177e-06 1.11196e-06 1.43512e-07
 1.49374e-11 1.62131e-09 1.03763e-07 3.91571e-06 8.71296e-05 0.00114319 0.00884525 0.0403793 0.109037 0.176403 0.181577 0.147015 0.126293 0.103301 0.0620631 0.0273168 0.0105479 0.00398661 0.0014047 0.000442573 0.00012053 2.75395e-05 5.22009e-06 8.0963e-07 1.00311e-07
 1.44904e-11 1.57279e-09 1.00658e-07 3.79854e-06 8.45224e-05 0.00110898 0.00858072 0.0391746 0.105824 0.171532 0.178088 0.148083 0.131545 0.108882 0.064835 0.0275285 0.00987464 0.00338026 0.00106541 0.000306188 8.07911e-05 1.87121e-05 3.60258e-06 5.55012e-07 6.68381e-08
 1.47461e-11 1.60055e-09 1.02435e-07 3.86558e-06 8.60141e-05 0.00112856 0.00873209 0.0398643 0.107668 0.174363 0.180294 0.148056 0.129453 0.106382 0.0632094 0.0267763 0.00952737 0.0031836 0.000950163 0.000248796 5.85828e-05 1.23129e-05 2.25509e-06 3.44887e-07 4.17223e-08
 1.52065e-11 1.65052e-09 1.05633e-07 3.98626e-06 8.86995e-05 0.00116379 0.00900459 0.0411061 0.11099 0.179493 0.184424 0.148436 0.126328 0.10225 0.0599648 0.0246881 0.00835677 0.00267045 0.000777356 0.00019844 4.44534e-05 8.57701e-06 1.4101e-06 1.95987e-07 2.23956e-08
 1.51987e-11 1.64967e-09 1.05579e-07 3.98422e-06 8.8654e-05 0.00116319 0.00899997 0.0410848 0.110931 0.179381 0.184232 0.148094 0.125875 0.102003 0.0602057 0.025234 0.00879153 0.00284824 0.000812284 0.000198651 4.26702e-05 7.926e-06 1.2356e-06 1.5831e-07 1.6386e-08
 1.63669e-11 1.77647e-09 1.13694e-07 4.29046e-06 9.54682e-05 0.00125259 0.00969143 0.0442356 0.119359 0.192372 0.194583 0.148706 0.1174 0.0911363 0.0520711 0.0203831 0.00625719 0.00180502 0.000494246 0.00012112 2.58846e-05 4.66957e-06 6.97581e-07 8.52565e-08 8.32424e-09
 1.69079e-11 1.83519e-09 1.17452e-07 4.43227e-06 9.86236e-05 0.00129399 0.0100116 0.0456947 0.123263 0.198398 0.199427 0.149128 0.113692 0.0862676 0.0482919 0.0179822 0.00490468 0.0011914 0.000277475 5.9093e-05 1.14559e-05 1.9852e-06 2.92028e-07 3.48654e-08 3.27665e-09
 1.66656e-11 1.80889e-09 1.15768e-07 4.36874e-06 9.721e-05 0.00127544 0.00986819 0.0450411 0.121516 0.195709 0.197305 0.149072 0.115562 0.0886087 0.0499798 0.0189162 0.00534036 0.00133643 0.000301395 5.70529e-05 9.28779e-06 1.35656e-06 1.75722e-07 1.9501e-08 1.76791e-09
 1.74409e-11 1.89304e-09 1.21155e-07 4.572e-06 0.000101733 0.00133478 0.0103271 0.047132 0.127105 0.204297 0.204017 0.149042 0.109272 0.0809488 0.0447516 0.0162968 0.00420271 0.000928158 0.000194553 3.64918e-05 5.89411e-06 8.03476e-07 9.03431e-08 8.44307e-09 6.60716e-10
 1.72471e-11 1.872e-09 1.19808e-07 4.52118e-06 0.000100602 0.00131994 0.0102124 0.0466092 0.125708 0.202151 0.202342 0.149058 0.110859 0.0828789 0.0460667 0.0169494 0.00447464 0.00101365 0.000209212 3.64122e-05 5.3223e-06 6.77481e-07 7.35273e-08 6.51194e-09 4.57007e-10
 1.81503e-11 1.97004e-09 1.26082e-07 4.75796e-06 0.00010587 0.00138906 0.010747 0.049045 0.132219 0.212152 0.210139 0.148964 0.10344 0.0738956 0.0400039 0.0139846 0.00322398 0.000573131 9.55241e-05 1.52776e-05 2.18814e-06 2.68397e-07 2.70532e-08 2.208e-09 1.45306e-10
 1.79185e-11 1.94488e-09 1.24472e-07 4.69719e-06 0.000104518 0.00137132 0.0106098 0.0484198 0.130547 0.20958 0.208116 0.148927 0.105253 0.0761459 0.0415988 0.0148428 0.0036197 0.000712008 0.000126115 1.86904e-05 2.21409e-06 2.24355e-07 2.02826e-08 1.5667e-09 9.74067e-11
 1.85784e-11 2.0165e-09 1.29056e-07 4.87017e-06 0.000108367 0.00142182 0.0110003 0.0501991 0.135303 0.216876 0.213762 0.148718 0.0996196 0.0694428 0.0372311 0.0128755 0.00288067 0.000475698 7.0602e-05 9.89532e-06 1.21605e-06 1.25529e-07 1.04458e-08 6.86275e-10 3.64216e-11
 1.86811e-11 2.02766e-09 1.2977e-07 4.89711e-06 0.000108967 0.00142968 0.0110611 0.0504762 0.136043 0.218009 0.214628 0.148651 0.0986903 0.0683668 0.0365709 0.0126224 0.00280794 0.000455204 6.44117e-05 8.20543e-06 8.69222e-07 7.73225e-08 5.98135e-09 3.89031e-10 2.00764e-11
 1.83281e-11 1.98934e-09 1.27317e-07 4.80456e-06 0.000106907 0.00140267 0.0108522 0.0495243 0.1335 0.214118 0.211663 0.148914 0.101933 0.0721006 0.0388328 0.0134527 0.00301568 0.000497455 7.1934e-05 9.23619e-06 9.61895e-07 8.09853e-08 5.648e-09 3.2068e-10 1.46427e-11
 1.93051e-11 2.09538e-09 1.34104e-07 5.06068e-06 0.000112606 0.00147743 0.0114305 0.0521586 0.140538 0.224889 0.219874 0.148199 0.0929786 0.0617807 0.0325671 0.0111361 0.00242463 0.000373017 4.89268e-05 5.90677e-06 6.078e-07 5.16673e-08 3.6142e-09 2.00402e-10 8.58923e-12
#obs surv len freq
 3.95543e-11 3.66575e-09 2.00318e-07 6.45452e-06 0.00012263 0.00137385 0.00907741 0.0354074 0.0819575 0.115656 0.112567 0.105945 0.117732 0.124407 0.114456 0.08944 0.0542909 0.0248789 0.00909445 0.00276463 0.000677791 0.000125841 1.67688e-05 1.54344e-06 9.54521e-08
 2.16171e-11 1.93226e-09 1.0184e-07 3.16493e-06 5.79975e-05 0.000626779 0.00399757 0.0151057 0.0345089 0.0524236 0.0710197 0.109752 0.15492 0.170834 0.155983 0.118757 0.0690763 0.0297033 0.00988065 0.00266257 0.000578241 9.70576e-05 1.19444e-05 1.02541e-06 5.90543e-08
 1.45466e-10 1.25193e-08 6.35309e-07 1.90098e-05 0.000335395 0.0034892 0.021404 0.0774337 0.165335 0.209229 0.160614 0.0849833 0.051061 0.0547026 0.0641687 0.0558637 0.0328078 0.0133238 0.00403917 0.000972476 0.00018644 2.74678e-05 2.98164e-06 2.2889e-07 1.19631e-08
 1.28469e-10 1.06283e-08 5.18459e-07 1.49126e-05 0.000252922 0.00252954 0.0149237 0.0520367 0.108308 0.141389 0.140486 0.148262 0.156548 0.121918 0.0655283 0.0283031 0.0121244 0.00507049 0.00175394 0.000452508 8.42576e-05 1.12834e-05 1.081e-06 7.27132e-08 3.34269e-09
 1.97244e-10 1.56621e-08 7.33299e-07 2.02442e-05 0.000329542 0.00316321 0.0179077 0.0598571 0.1188 0.144153 0.122076 0.103117 0.107331 0.111693 0.100403 0.0686576 0.0314433 0.00909626 0.00169329 0.000227741 2.69165e-05 2.95378e-06 2.58771e-07 1.59356e-08 6.56581e-10
 3.02421e-10 2.3015e-08 1.03276e-06 2.73257e-05 0.000426323 0.00392211 0.0212833 0.0682232 0.130182 0.153744 0.132332 0.118206 0.11785 0.103409 0.0760049 0.0458688 0.0205405 0.00637655 0.00137092 0.000207957 2.23238e-05 1.70181e-06 9.55327e-08 4.14136e-09 1.37192e-10
 4.34699e-10 3.16631e-08 1.35989e-06 3.44386e-05 0.000514254 0.00452825 0.0235203 0.0721857 0.132067 0.15055 0.128066 0.116362 0.117415 0.104744 0.0783027 0.0462103 0.0191645 0.005239 0.000956033 0.0001241 1.21864e-05 9.06069e-07 4.85267e-08 1.78693e-09 4.43996e-11
 6.02208e-10 4.19298e-08 1.72142e-06 4.16713e-05 0.000594818 0.00500681 0.0248631 0.0730026 0.128219 0.142587 0.124488 0.120623 0.123719 0.108684 0.0793383 0.0452396 0.0179807 0.0046924 0.000811266 9.75059e-05 8.53487e-06 5.50555e-07 2.57361e-08 8.51581e-10 1.94473e-11
 9.51604e-10 6.32592e-08 2.47958e-06 5.73087e-05 0.000781014 0.00627665 0.0297586 0.0834214 0.139865 0.148356 0.12331 0.114379 0.114896 0.101493 0.0746873 0.0419094 0.0160558 0.00400706 0.000662045 7.60332e-05 6.32186e-06 3.81456e-07 1.63014e-08 4.81559e-10 9.66898e-12
 1.16561e-09 7.38965e-08 2.76237e-06 6.0888e-05 0.000791375 0.00606596 0.0274422 0.0735658 0.119261 0.128391 0.122255 0.132957 0.136723 0.114581 0.0784524 0.0409518 0.0145854 0.00335582 0.000502936 5.15171e-05 3.80702e-06 2.0702e-07 8.11251e-09 2.2153e-10 4.09972e-12
 1.81995e-09 1.0992e-07 3.91459e-06 8.22021e-05 0.00101784 0.00743261 0.0320315 0.0817732 0.126034 0.128121 0.114071 0.119342 0.126512 0.115486 0.0847944 0.0445147 0.0151255 0.00319719 0.00042264 3.62969e-05 2.15355e-06 9.34042e-08 3.00641e-09 7.00061e-11 1.13759e-12
 2.80936e-09 1.61492e-07 5.4737e-06 0.000109396 0.00128922 0.00896057 0.0367636 0.0894534 0.13214 0.131673 0.119975 0.126299 0.126618 0.106037 0.0715812 0.035121 0.0113322 0.00231215 0.000301215 2.60306e-05 1.55621e-06 6.54573e-08 1.91167e-09 3.80056e-11 5.09837e-13
 3.70739e-09 2.02646e-07 6.53124e-06 0.000124121 0.00139094 0.00919392 0.0358921 0.0833218 0.118955 0.120368 0.120642 0.136022 0.137402 0.114031 0.0749613 0.0349751 0.0105155 0.00195615 0.000225271 1.65476e-05 8.17836e-07 2.87826e-08 7.38755e-10 1.3546e-11 1.70765e-13
 5.07555e-09 2.6358e-07 8.07107e-06 0.000145728 0.00155159 0.00974492 0.0361651 0.0799969 0.110014 0.11144 0.117569 0.13763 0.143022 0.122516 0.0809214 0.0366762 0.0105222 0.00185773 0.000203092 1.41658e-05 6.59662e-07 2.13534e-08 4.85955e-10 7.65224e-12 8.17523e-14
 7.96676e-09 3.9277e-07 1.14178e-05 0.000195714 0.00197828 0.0117961 0.0415715 0.0874131 0.114808 0.112783 0.117472 0.13558 0.13944 0.11807 0.0756687 0.0327 0.00887175 0.00147788 0.000152532 1.00652e-05 4.4439e-07 1.36416e-08 2.93391e-10 4.3326e-12 4.28674e-14
 1.14637e-08 5.36179e-07 1.47871e-05 0.000240466 0.00230603 0.0130477 0.0436689 0.0875592 0.111669 0.112426 0.124299 0.143783 0.142058 0.114012 0.0687968 0.0278661 0.00705453 0.00108863 0.00010274 6.07262e-06 2.3446e-07 6.21116e-09 1.16358e-10 1.53319e-12 1.38405e-14
 1.93007e-08 8.55898e-07 2.238e-05 0.000345062 0.00313742 0.0168306 0.0534011 0.101448 0.122252 0.115464 0.120207 0.134887 0.132889 0.106204 0.0622674 0.0240091 0.00572858 0.000829316 7.31493e-05 4.0178e-06 1.42719e-07 3.42795e-09 5.72966e-11 6.64604e-13 5.23361e-15
 2.76972e-08 1.16394e-06 2.88414e-05 0.00042141 0.00363125 0.0184663 0.0556178 0.100953 0.119484 0.118774 0.132139 0.145091 0.132333 0.0968398 0.0524604 0.0188857 0.00423934 0.000581888 4.92178e-05 2.63589e-06 9.29989e-08 2.23843e-09 3.70794e-11 4.15188e-13 3.06824e-15
 3.91143e-08 1.55702e-06 3.65465e-05 0.000505828 0.00412899 0.0198953 0.0568371 0.0983456 0.113239 0.114678 0.131832 0.146975 0.136625 0.100714 0.0533248 0.0183757 0.00392551 0.000515354 4.22786e-05 2.24315e-06 8.00716e-08 1.96674e-09 3.29952e-11 3.69052e-13 2.69534e-15
 6.55638e-08 2.47143e-06 5.49316e-05 0.000719953 0.00556507 0.0253928 0.0686982 0.112579 0.122764 0.117759 0.128967 0.138843 0.12574 0.0896034 0.0452111 0.0147283 0.00297145 0.000369963 2.90386e-05 1.49226e-06 5.2192e-08 1.26346e-09 2.0909e-11 2.30809e-13 1.66664e-15
 8.67224e-08 3.09484e-06 6.51236e-05 0.000808085 0.00591455 0.0255713 0.0657628 0.103978 0.115566 0.123399 0.144711 0.150793 0.126736 0.0833247 0.0390062 0.011847 0.00223347 0.000260029 1.9085e-05 9.17302e-07 3.00593e-08 6.84693e-10 1.07288e-11 1.12896e-13 7.81578e-16
 1.33903e-07 4.5233e-06 9.00979e-05 0.00105827 0.00733204 0.0300085 0.0730713 0.109477 0.11565 0.1186 0.136819 0.145286 0.126726 0.0842772 0.0383641 0.0110549 0.001954 0.000211762 1.43645e-05 6.32848e-07 1.88818e-08 3.91114e-10 5.59664e-12 5.41007e-14 3.459e-16
 1.72204e-07 5.50605e-06 0.000103809 0.00115418 0.00757117 0.0293724 0.0681625 0.0996513 0.110626 0.127796 0.153384 0.155377 0.12573 0.0775245 0.0329466 0.00892969 0.00149795 0.000156121 1.03736e-05 4.55951e-07 1.36509e-08 2.79517e-10 3.8449e-12 3.47932e-14 2.04548e-16
 2.63906e-07 7.98685e-06 0.000142528 0.00149993 0.00931323 0.0342008 0.0751396 0.104055 0.109717 0.121995 0.145419 0.151719 0.127078 0.0782443 0.0319533 0.00812863 0.00125989 0.000119344 7.05885e-06 2.70645e-07 7.0289e-09 1.27242e-10 1.60125e-12 1.36717e-14 7.71495e-17
 4.15309e-07 1.18974e-05 0.000200972 0.00200204 0.0117685 0.0409372 0.0854069 0.11345 0.117775 0.130119 0.148304 0.143701 0.111118 0.063687 0.0245289 0.00598347 0.000911708 8.81539e-05 5.57698e-06 2.3711e-07 6.80813e-09 1.29803e-10 1.60793e-12 1.27764e-14 6.49789e-17
 4.59348e-07 1.24572e-05 0.00019921 0.00187895 0.0104642 0.0345879 0.0694949 0.0937037 0.110875 0.142316 0.167922 0.158555 0.117305 0.0636051 0.0230069 0.0052529 0.000748518 6.78218e-05 4.05149e-06 1.65316e-07 4.66645e-09 8.97972e-11 1.14791e-12 9.53188e-15 5.05852e-17
 6.35069e-07 1.63059e-05 0.000246879 0.00220469 0.0116264 0.0364072 0.0694463 0.0896167 0.103573 0.13331 0.163275 0.164775 0.127612 0.0686501 0.0235864 0.00496722 0.000634699 4.96724e-05 2.44493e-06 7.89904e-08 1.75727e-09 2.76885e-11 3.06802e-13 2.32128e-15 1.16287e-17
 8.22161e-07 1.99887e-05 0.000286579 0.0024238 0.0121143 0.0360734 0.0663813 0.0867741 0.108762 0.146233 0.173366 0.16443 0.119085 0.0601004 0.0195017 0.00392131 0.000487079 3.80684e-05 1.93041e-06 6.53657e-08 1.49307e-09 2.27408e-11 2.26603e-13 1.45967e-15 6.06769e-18
#pred catch len freq
 9.86707e-12 1.07098e-09 6.85423e-08 2.58658e-06 5.7555e-05 0.000755177 0.00584397 0.0266993 0.0723855 0.119441 0.13389 0.136616 0.150394 0.138742 0.0923908 0.0501175 0.0271533 0.0155232 0.00938848 0.00614824 0.00442434 0.0035299 0.00295962 0.00224118 0.00129625
 7.311e-12 7.93539e-10 5.07864e-08 1.91653e-06 4.26457e-05 0.000559567 0.00433085 0.0198005 0.0538769 0.0904689 0.108644 0.128165 0.158327 0.156376 0.11553 0.0736245 0.0435697 0.0227043 0.010866 0.00537134 0.00295696 0.0018876 0.00136755 0.000972041 0.000556403
 1.04771e-11 1.13719e-09 7.278e-08 2.74649e-06 6.11132e-05 0.000801852 0.00620471 0.0283368 0.0766802 0.125364 0.13521 0.12568 0.128781 0.121603 0.0930902 0.0648201 0.0431607 0.0257289 0.0134096 0.00611757 0.00257932 0.00115887 0.000626267 0.000378906 0.000203804
 8.032e-12 8.71796e-10 5.57949e-08 2.10553e-06 4.68512e-05 0.000614746 0.00475775 0.0217485 0.0591254 0.0988649 0.116823 0.13342 0.160219 0.153245 0.105769 0.06159 0.0367606 0.0225354 0.0130883 0.00670577 0.00291261 0.00110099 0.000411916 0.000177311 8.00872e-05
 1.22541e-11 1.33006e-09 8.51238e-08 3.21231e-06 7.14781e-05 0.000937837 0.00725653 0.0331303 0.0895121 0.145221 0.151415 0.127926 0.11818 0.107637 0.0825627 0.0575119 0.0370058 0.0208788 0.010941 0.00560677 0.0026426 0.00105819 0.000355858 0.000110344 3.54468e-05
 1.29071e-11 1.40094e-09 8.96602e-08 3.3835e-06 7.52873e-05 0.00098782 0.00764342 0.0349003 0.0943432 0.153451 0.1618 0.140951 0.132915 0.11501 0.0739966 0.0386078 0.0207099 0.0120613 0.00676429 0.00337627 0.00150853 0.000608321 0.000210611 6.02513e-05 1.48242e-05
 1.42876e-11 1.55079e-09 9.92501e-08 3.74539e-06 8.33399e-05 0.00109347 0.00846063 0.0386256 0.104331 0.169028 0.175106 0.144693 0.12789 0.106917 0.0665328 0.0318346 0.0140843 0.00624607 0.00281129 0.0013179 0.000595535 0.00023699 8.04533e-05 2.27253e-05 5.17673e-06
 1.39145e-11 1.51029e-09 9.66582e-08 3.64758e-06 8.11635e-05 0.00106492 0.00823984 0.0376206 0.101656 0.165015 0.17245 0.1463 0.133414 0.112519 0.0690219 0.0315677 0.012919 0.00513791 0.00191731 0.000689686 0.000250723 9.0934e-05 3.01762e-05 8.39091e-06 1.85807e-06
 1.42318e-11 1.54472e-09 9.88622e-08 3.73075e-06 8.30141e-05 0.00108919 0.00842759 0.0384752 0.103931 0.168433 0.174739 0.14503 0.128941 0.108197 0.0675927 0.0324464 0.0140701 0.00565726 0.00199549 0.000632104 0.000185899 5.19943e-05 1.41408e-05 3.57954e-06 7.64267e-07
 1.41966e-11 1.54091e-09 9.8618e-08 3.72154e-06 8.28091e-05 0.00108651 0.00840683 0.0383816 0.103693 0.168166 0.175014 0.146626 0.131648 0.110121 0.0670839 0.0302698 0.0121608 0.00476775 0.00172738 0.000557602 0.000156378 3.78679e-05 8.15375e-06 1.6129e-06 2.90346e-07
 1.35409e-11 1.46974e-09 9.40631e-08 3.54965e-06 7.89845e-05 0.00103633 0.00801874 0.0366134 0.0989657 0.160902 0.169335 0.146647 0.136978 0.116664 0.0716427 0.0326061 0.0131063 0.00498414 0.00170268 0.000524788 0.000146114 3.52228e-05 7.09625e-06 1.1884e-06 1.68988e-07
 1.4502e-11 1.57405e-09 1.00739e-07 3.80159e-06 8.45902e-05 0.00110987 0.00858753 0.0392043 0.105884 0.171464 0.177253 0.145504 0.127497 0.106058 0.0656481 0.0309373 0.0130914 0.00516457 0.00178398 0.000540067 0.000143928 3.32006e-05 6.51165e-06 1.05202e-06 1.35768e-07
 1.49072e-11 1.61803e-09 1.03554e-07 3.9078e-06 8.69536e-05 0.00114088 0.00882741 0.0402982 0.108823 0.176099 0.18146 0.147415 0.127148 0.104015 0.0621242 0.0268821 0.0100935 0.00373049 0.00130106 0.00040822 0.000110976 2.53375e-05 4.80117e-06 7.44555e-07 9.22431e-08
 1.45882e-11 1.58341e-09 1.01338e-07 3.82419e-06 8.50931e-05 0.00111647 0.00863864 0.0394387 0.106532 0.172639 0.179044 0.148382 0.131214 0.108229 0.0640626 0.0267871 0.00935389 0.00312716 0.000974206 0.000278565 7.33324e-05 1.69686e-05 3.26578e-06 5.03059e-07 6.05786e-08
 1.49956e-11 1.62763e-09 1.04168e-07 3.93099e-06 8.74696e-05 0.00114765 0.00887979 0.0405374 0.109469 0.177144 0.182536 0.14827 0.127773 0.104151 0.0614468 0.0256312 0.00888009 0.00289861 0.000855135 0.000222763 5.23185e-05 1.09835e-05 2.01069e-06 3.07457e-07 3.71919e-08
 1.52114e-11 1.65105e-09 1.05667e-07 3.98755e-06 8.8728e-05 0.00116416 0.0090075 0.0411195 0.111028 0.179568 0.184564 0.148704 0.126697 0.102474 0.0598208 0.0242969 0.00801475 0.00249823 0.000717925 0.000182259 4.07216e-05 7.84757e-06 1.28952e-06 1.79191e-07 2.04746e-08
 1.57354e-11 1.70792e-09 1.09307e-07 4.1249e-06 9.17844e-05 0.00120426 0.00931761 0.0425321 0.114801 0.18533 0.1889 0.148136 0.121618 0.0967748 0.0565818 0.0233523 0.00792458 0.00250726 0.000706575 0.000171879 3.6818e-05 6.82993e-06 1.06414e-06 1.36312e-07 1.41077e-08
 1.70871e-11 1.85464e-09 1.18697e-07 4.47926e-06 9.9669e-05 0.0013077 0.0101177 0.0461776 0.124549 0.200332 0.200733 0.148446 0.111207 0.0838024 0.0473463 0.0183063 0.00548775 0.00154043 0.000415148 0.000101064 2.15365e-05 3.88021e-06 5.79341e-07 7.07885e-08 6.91092e-09
 1.73583e-11 1.88408e-09 1.20581e-07 4.55034e-06 0.000101251 0.00132845 0.0102782 0.0469092 0.126509 0.203373 0.203257 0.148921 0.109751 0.0816339 0.045351 0.0167412 0.0044791 0.00105794 0.000241464 5.09593e-05 9.84017e-06 1.70222e-06 2.50228e-07 2.9867e-08 2.8066e-09
 1.75317e-11 1.9029e-09 1.21785e-07 4.59579e-06 0.000102262 0.00134172 0.0103808 0.0473765 0.127756 0.205271 0.20465 0.148619 0.107898 0.0796403 0.0443435 0.0166037 0.00459122 0.00111818 0.000247678 4.65068e-05 7.54008e-06 1.09879e-06 1.42185e-07 1.57727e-08 1.4297e-09
 1.8032e-11 1.9572e-09 1.25261e-07 4.72695e-06 0.00010518 0.00138001 0.010677 0.0487258 0.131364 0.21082 0.209013 0.148686 0.10397 0.0747819 0.0409281 0.0147878 0.00375014 0.000805834 0.000165165 3.06535e-05 4.92865e-06 6.70416e-07 7.53063e-08 7.03455e-09 5.50374e-10
 1.84393e-11 2.00141e-09 1.2809e-07 4.83371e-06 0.000107556 0.00141117 0.010918 0.0498238 0.134296 0.215302 0.212401 0.148292 0.100093 0.0703913 0.0383736 0.0139719 0.00362206 0.000798546 0.000161441 2.78278e-05 4.04879e-06 5.14035e-07 5.57173e-08 4.93195e-09 3.46046e-10
 1.88901e-11 2.05033e-09 1.31221e-07 4.95188e-06 0.000110185 0.00144567 0.0111848 0.0510395 0.137547 0.220306 0.216351 0.148408 0.0966373 0.0660682 0.0352692 0.0122544 0.002795 0.00048559 7.87203e-05 1.23827e-05 1.76143e-06 2.15437e-07 2.16875e-08 1.76905e-09 1.16388e-10
 1.90883e-11 2.07185e-09 1.32598e-07 5.00384e-06 0.000111341 0.00146084 0.0113021 0.0515738 0.138973 0.222477 0.217952 0.148083 0.0945491 0.063802 0.0340922 0.0120529 0.00289756 0.000555759 9.61187e-05 1.40704e-05 1.65747e-06 1.67376e-07 1.51007e-08 1.16537e-09 7.24293e-11
 1.96142e-11 2.12893e-09 1.36251e-07 5.1417e-06 0.000114409 0.00150108 0.0116134 0.0529919 0.142763 0.22829 0.222445 0.147899 0.0900335 0.0584429 0.0306197 0.0105103 0.00232997 0.000377043 5.44187e-05 7.4835e-06 9.12081e-07 9.38136e-08 7.79337e-09 5.11602e-10 2.71403e-11
 1.96571e-11 2.13359e-09 1.36549e-07 5.15295e-06 0.000114659 0.00150437 0.0116388 0.0531076 0.143072 0.228764 0.222809 0.147877 0.0896537 0.0579993 0.0303423 0.0103976 0.00229279 0.000364558 5.02049e-05 6.27544e-06 6.59069e-07 5.83772e-08 4.50474e-09 2.92644e-10 1.50949e-11
 1.95274e-11 2.11951e-09 1.35648e-07 5.11894e-06 0.000113903 0.00149444 0.011562 0.0527578 0.142138 0.227333 0.221716 0.147965 0.0908327 0.0593632 0.0311777 0.0107151 0.00237954 0.000384711 5.41516e-05 6.82811e-06 7.05385e-07 5.91488e-08 4.11508e-09 2.33343e-10 1.06482e-11
 2.00645e-11 2.17781e-09 1.3938e-07 5.25975e-06 0.000117036 0.00153555 0.0118799 0.0542061 0.146007 0.233256 0.226236 0.147587 0.0859323 0.0537041 0.0277254 0.00941923 0.00203587 0.000307915 3.93097e-05 4.64512e-06 4.73188e-07 4.00402e-08 2.79403e-09 1.54735e-10 6.62806e-12
#obs catch len freq
 3.18518e-11 2.95191e-09 1.6131e-07 5.19762e-06 9.87508e-05 0.00110634 0.00731067 0.0285317 0.0662352 0.09486 0.0980861 0.104597 0.126077 0.135353 0.124719 0.0994396 0.0636928 0.0318144 0.0127335 0.00409755 0.00102344 0.000190532 2.55624e-05 2.39774e-06 1.52725e-07
 4.81147e-11 4.30076e-09 2.26673e-07 7.04437e-06 0.000129085 0.00139483 0.00888979 0.0334636 0.0749353 0.103566 0.103503 0.107065 0.126039 0.133675 0.121778 0.0933741 0.0552623 0.0247175 0.0088375 0.002617 0.000619617 0.000110151 1.39544e-05 1.21388e-06 7.05936e-08
 2.61272e-11 2.24859e-09 1.14108e-07 3.41439e-06 6.02442e-05 0.000626908 0.00385133 0.0140419 0.0312202 0.0478304 0.069827 0.114339 0.161277 0.175278 0.157794 0.117573 0.0664942 0.0278142 0.00901918 0.00236401 0.000496088 7.97978e-05 9.33593e-06 7.56883e-07 4.09518e-08
 1.89432e-18 8.32713e-16 2.15836e-13 3.29872e-11 2.97281e-09 1.57987e-07 4.95236e-06 9.1634e-05 0.00100316 0.00654521 0.0260178 0.0668596 0.124975 0.189706 0.2267 0.19114 0.108275 0.0425761 0.012546 0.00293258 0.000542612 7.65876e-05 7.90688e-06 5.73451e-07 2.81581e-08
 1.3879e-10 1.10205e-08 5.15983e-07 1.42448e-05 0.000231888 0.00222614 0.0126115 0.0423085 0.0855749 0.113591 0.129667 0.164103 0.183 0.140277 0.0735913 0.0314654 0.013426 0.00551321 0.00184694 0.000458298 8.17765e-05 1.04562e-05 9.5179e-07 6.04896e-08 2.6135e-09
 2.8196e-10 2.14579e-08 9.62883e-07 2.5477e-05 0.000397478 0.00365671 0.019842 0.0635847 0.121149 0.142045 0.119203 0.10371 0.109694 0.113154 0.0995095 0.0656597 0.0287797 0.00795743 0.00142274 0.000185956 2.15086e-05 2.28046e-06 1.90024e-07 1.10404e-08 4.27211e-10
 4.40694e-10 3.20997e-08 1.37865e-06 3.49134e-05 0.000521346 0.0045907 0.0238449 0.0731856 0.133931 0.152854 0.130496 0.118735 0.118064 0.101779 0.0734037 0.0430889 0.0185928 0.00554524 0.00114544 0.000166749 1.71379e-05 1.24942e-06 6.70507e-08 2.76789e-09 8.66056e-11
 6.43532e-10 4.4807e-08 1.83954e-06 4.45308e-05 0.000635632 0.00535028 0.0265666 0.0779714 0.136649 0.150395 0.126716 0.116625 0.116862 0.10235 0.0748368 0.0427074 0.0169696 0.0044358 0.000776314 9.70195e-05 9.16741e-06 6.51995e-07 3.31808e-08 1.15566e-09 2.70745e-11
 9.08079e-10 6.03658e-08 2.36617e-06 5.46876e-05 0.000745295 0.0059897 0.0284009 0.0796551 0.133892 0.143727 0.124138 0.120638 0.121849 0.104826 0.0747143 0.0411163 0.0156316 0.00389437 0.000644164 7.42701e-05 6.23495e-06 3.84396e-07 1.70953e-08 5.35715e-10 1.1535e-11
 1.47148e-09 9.3288e-08 3.48726e-06 7.68655e-05 0.000999022 0.00765691 0.0346235 0.0925941 0.148293 0.151121 0.122724 0.112511 0.110748 0.0957265 0.0685865 0.0370144 0.0135332 0.00321989 0.000508448 5.59488e-05 4.45368e-06 2.56264e-07 1.03962e-08 2.90429e-10 5.49565e-12
 1.84746e-09 1.11582e-07 3.97377e-06 8.3445e-05 0.00103324 0.00754529 0.0325225 0.0830975 0.128617 0.133099 0.123502 0.13099 0.130729 0.106814 0.0711181 0.0356709 0.0121057 0.00264933 0.000378552 3.70953e-05 2.62474e-06 1.36222e-07 5.0689e-09 1.30829e-10 2.27974e-12
 2.90895e-09 1.67216e-07 5.66773e-06 0.000113274 0.00133491 0.00927775 0.0380571 0.0925034 0.135936 0.132514 0.114614 0.117057 0.120982 0.10774 0.0764316 0.0382889 0.0123366 0.00246974 0.000309756 2.53309e-05 1.43613e-06 5.9537e-08 1.82473e-09 4.02455e-11 6.1651e-13
 4.56613e-09 2.49584e-07 8.04405e-06 0.00015287 0.00171308 0.0113218 0.0441726 0.10223 0.143771 0.136866 0.119923 0.121757 0.118259 0.0964286 0.062919 0.0294763 0.009022 0.00174444 0.000215792 1.77555e-05 1.01147e-06 4.04467e-08 1.11895e-09 2.10095e-11 2.65558e-13
 6.13667e-09 3.18686e-07 9.75844e-06 0.000176194 0.00187593 0.0117807 0.0436976 0.0964045 0.130908 0.126323 0.121203 0.131238 0.128299 0.103506 0.0655567 0.0291149 0.00827995 0.00145482 0.000158452 1.10427e-05 5.19649e-07 1.74353e-08 4.25431e-10 7.37912e-12 8.75969e-14
 8.56065e-09 4.22049e-07 1.2269e-05 0.000210303 0.00212573 0.0126747 0.0446574 0.0937909 0.122496 0.117884 0.118338 0.132775 0.133666 0.111064 0.0703495 0.0302483 0.00819363 0.00136492 0.000141007 9.32038e-06 4.12364e-07 1.26851e-08 2.73625e-10 4.06951e-12 4.09424e-14
 1.36009e-08 6.3614e-07 1.75438e-05 0.000285293 0.0027358 0.0154762 0.0517414 0.103198 0.128449 0.119189 0.117127 0.129098 0.128526 0.105307 0.0645255 0.026399 0.00675384 0.00106058 0.000103367 6.45979e-06 2.70791e-07 7.89257e-09 1.60708e-10 2.23849e-12 2.08269e-14
 1.9835e-08 8.79593e-07 2.29996e-05 0.000354615 0.00322428 0.0172967 0.0548819 0.104279 0.125745 0.118883 0.123217 0.135743 0.129626 0.100515 0.0579074 0.0221777 0.00528705 0.000767777 6.82678e-05 3.81133e-06 1.39425e-07 3.50587e-09 6.22595e-11 7.74842e-13 6.58161e-15
 3.33387e-08 1.40102e-06 3.47158e-05 0.000507234 0.00437046 0.0222173 0.0667926 0.120155 0.136698 0.120786 0.117342 0.125304 0.119286 0.0918309 0.0512329 0.0186393 0.00418252 0.000569191 4.72485e-05 2.44791e-06 8.22494e-08 1.87182e-09 2.9614e-11 3.24118e-13 2.4004e-15
 4.81586e-08 1.91705e-06 4.4997e-05 0.00062278 0.00508332 0.024486 0.0698418 0.119932 0.133654 0.123628 0.128 0.133572 0.117544 0.0828526 0.0427276 0.0145155 0.00306437 0.000395474 3.1499e-05 1.59258e-06 5.31679e-08 1.21117e-09 1.89425e-11 1.99581e-13 1.38407e-15
 6.9075e-08 2.60378e-06 5.78733e-05 0.000758504 0.00586295 0.0267494 0.0723331 0.118261 0.127702 0.119365 0.127201 0.134944 0.121008 0.0856111 0.0430038 0.0139609 0.0028036 0.000346202 2.67724e-05 1.34258e-06 4.53642e-08 1.05336e-09 1.66519e-11 1.74937e-13 1.19727e-15
 1.15506e-07 4.12202e-06 8.67375e-05 0.00107624 0.0078757 0.0340178 0.0870799 0.134715 0.137349 0.120695 0.121673 0.12438 0.108493 0.0740219 0.0353701 0.0108456 0.00205635 0.000240851 1.7828e-05 8.66327e-07 2.86799e-08 6.55934e-10 1.02202e-11 1.05886e-13 7.15949e-16
 1.55979e-07 5.26905e-06 0.000104952 0.00123272 0.00854026 0.0349436 0.0849719 0.12649 0.13026 0.125894 0.135724 0.134273 0.108579 0.0683246 0.030287 0.00865661 0.00153318 0.000167845 1.16121e-05 5.27545e-07 1.63587e-08 3.52001e-10 5.19274e-12 5.1275e-14 3.3228e-16
 2.41715e-07 7.72856e-06 0.000145709 0.00161992 0.0106226 0.04114 0.0946929 0.133421 0.130079 0.119876 0.126779 0.127984 0.107203 0.0679107 0.0291705 0.00789582 0.0013097 0.000133338 8.5166e-06 3.54275e-07 9.99532e-09 1.95545e-10 2.63441e-12 2.38972e-14 1.43009e-16
 3.20336e-07 9.69467e-06 0.000173004 0.0018206 0.0113029 0.0414824 0.0908758 0.124228 0.125192 0.128171 0.141123 0.135893 0.105502 0.0619509 0.024847 0.00632833 0.000996938 9.77185e-05 6.12117e-06 2.54124e-07 7.18454e-09 1.38563e-10 1.7896e-12 1.51678e-14 8.33723e-17
 4.87833e-07 1.3975e-05 0.000236064 0.00235149 0.013819 0.0480088 0.0995636 0.128866 0.123173 0.121238 0.132874 0.132022 0.105788 0.0617529 0.0237299 0.0056626 0.000822944 7.31765e-05 4.07215e-06 1.47295e-07 3.61474e-09 6.17692e-11 7.31404e-13 5.85508e-15 3.08888e-17
 7.63477e-07 2.07047e-05 0.000331088 0.0031222 0.0173715 0.0571614 0.112486 0.139186 0.129842 0.126088 0.13185 0.121478 0.0898184 0.0488299 0.0177151 0.00406056 0.000581693 5.29818e-05 3.1629e-06 1.26876e-07 3.42909e-09 6.13501e-11 7.11431e-13 5.28419e-15 2.50965e-17
 8.99994e-07 2.31079e-05 0.000349857 0.00312398 0.016466 0.0514401 0.0970619 0.119864 0.12341 0.138009 0.150259 0.134992 0.0953121 0.0489362 0.0166583 0.00357237 0.000478509 4.08481e-05 2.30422e-06 8.88221e-08 2.36341e-09 4.27213e-11 5.11358e-13 3.96608e-15 1.96212e-17
 1.25956e-06 3.06225e-05 0.000439009 0.00371194 0.0185277 0.0548286 0.0981255 0.115544 0.115405 0.129258 0.146621 0.140773 0.103542 0.0524987 0.0169245 0.00333965 0.000399964 2.93808e-05 1.36067e-06 4.14725e-08 8.71534e-10 1.29518e-11 1.34861e-13 9.55177e-16 4.46548e-18
#spawning biomass
 19150.7 25209.1 24157.1 27708.2 39231.8 54762.7 65030.7 88179.1 133011 164768 201412 253188 277717 273492 251928 230846 242805 224666 217028 244103 233401 267119 222982 258566 229679 229276 230163 215815 245335 398300 309240 211042 136659 89140.6 61637.2 46700 38933.8 35019.4 33090.6 32156.2 31709.2 31497.4 31397.6 31350.6 31329 31319.2 31314.6 31312.6 31311.6 31311.2 31311 31310.9 31310.9 31310.8 31310.8 31310.8 31310.8 31310.8 31310.8 31310.8 31310.8 31310.8 31310.8 31310.8 31310.8 31310.8 31310.8 31310.8 31310.8 31310.8 31310.8 31310.8 31310.8 31310.8 31310.8 31310.8 31310.8 31310.8 31310.8 31310.8 31310.8 31310.8 31310.8 31310.8 31310.8 31310.8 31310.8 31310.8 31310.8 31310.8 31310.8 31310.8 31310.8 31310.8 31310.8 31310.8 31310.8 31310.8 31310.8 31310.8 31310.8 31310.8 31310.8 31310.8 31310.8 31310.8 31310.8 31310.8 31310.8 31310.8 31310.8 31310.8 31310.8 31310.8 31310.8 31310.8 31310.8 31310.8 31310.8 31310.8 31310.8 31310.8 31310.8 31310.8 31310.8 31310.8 31310.8 31310.8 0 0 0 0 0 0 0 0 0 0 0 0 0 0 0 0 0 0 0 0 0 0 0 0 0
