SBPRF35
26.1143
Curr Bio
107298
B35
1.89929e+07
F35
0.0257138
FOFL
0
OFL
0
Bzero
7.46122e+06
#pred survey bio
 7012.24 7203.01 5082.03 5912.13 9192.46 15470 21603.9 27171.4 36835.2 49684.4 68069.4 88282.6 110576 119230 123115 105350 109085 113233 119926 100153 97858.4 91506.1 114957 128879 148679 157495 148776 118191 130876 3.75465e+06 6.9627e+06 1.09049e+07 1.48624e+07 1.85816e+07 2.19333e+07 2.48782e+07 2.74291e+07 2.96243e+07 3.1512e+07 3.3141e+07 3.45562e+07 3.57964e+07 3.68946e+07 3.77886e+07 3.83797e+07 3.89558e+07 3.95169e+07 4.00632e+07 4.05949e+07 4.11123e+07 4.16157e+07 4.21055e+07 4.2582e+07 4.30456e+07 4.34966e+07 4.39354e+07 4.43624e+07 4.47778e+07 4.51821e+07 4.55755e+07 4.59584e+07 4.63311e+07 4.66939e+07 4.70471e+07 4.7391e+07 4.77258e+07 4.80519e+07 4.83695e+07 4.86788e+07 4.89801e+07 4.92736e+07 4.95597e+07 4.98384e+07 5.011e+07 5.03747e+07 5.06328e+07 5.08843e+07 5.11296e+07 5.13688e+07 5.16021e+07 5.18296e+07 5.20516e+07 5.22681e+07 5.24794e+07 5.26856e+07 5.28868e+07 5.30832e+07 5.3275e+07 5.34622e+07 5.3645e+07 5.38236e+07 5.3998e+07 5.41684e+07 5.43349e+07 5.44975e+07 5.46565e+07 5.48119e+07 5.49638e+07 5.51124e+07 5.52576e+07 5.53997e+07 5.55386e+07 5.56746e+07 5.58076e+07 5.59378e+07 5.60652e+07 5.61899e+07 5.6312e+07 5.64316e+07 5.65487e+07 5.66633e+07 5.67757e+07 5.68858e+07 5.69937e+07 5.70994e+07 5.7203e+07 5.73046e+07 5.74043e+07 5.7502e+07 5.75978e+07 5.76918e+07 5.77841e+07 5.78746e+07 5.79634e+07 5.80506e+07 5.81362e+07 5.82203e+07 5.83028e+07 5.83839e+07 0 0 0 0 0 0 0 0 0 0 0 0 0 0 0 0 0 0 0 0 0 0 0 0 0
#obs survey bio
 6530.32 6167.07 7201.9 7048.03 13588.9 24445 22179.8 27334.1 48663.2 37062.8 101574 71662.8 128589 85873.1 133423 111642 102536 99894.1 92227.1 106236 95213.6 69703.2 137825 117535 122322 144641 142928 127098 125231
#pred catch bio
 3245.02 4613.21 2774.69 2781.31 4850.51 10734.5 15893.9 19499.2 26760.7 36359.4 50982.5 66346.4 87614.5 92769 102204 84122.5 88658.3 89318.6 102650 82859.8 84847.3 74201.8 95931.5 108629 128217 137340 134527 102830 105752 0 8237.55 13142.4 18070.9 22722.4 26919.4 30602 33780.9 36502.3 38826.7 40816.7 42530.2 44017.6 45321.7 46368 47037.6 47685.8 48313.3 48920.8 49508.8 50078.1 50629.2 51162.8 51679.3 52179.2 52663.3 53131.8 53585.5 54024.6 54449.7 54861.2 55259.6 55645.3 56018.6 56380.1 56730 57068.7 57396.6 57714 58021.3 58318.8 58606.8 58885.6 59155.5 59416.7 59669.7 59914.5 60151.5 60381 60603.2 60818.2 61026.4 61227.9 61423 61611.9 61794.7 61971.7 62143 62308.9 62469.5 62624.9 62775.4 62921.1 63062.1 63198.7 63330.8 63458.8 63582.6 63702.6 63818.6 63931 64039.8 64145.1 64247 64345.7 64441.3 64533.8 64623.3 64710 64793.9 64875.1 64953.8 65029.9 65103.6 65174.9 65244 65310.8 65375.6 65438.2 65498.9 65557.6 65614.4 65669.5 65722.7 65774.3 65824.2 65872.6 65919.4 65964.6 66008.5 0 0 0 0 0 0 0 0 0 0 0 0 0 0 0 0 0 0 0 0 0 0 0 0 0
#obs catch bio
 3512.24 4650.18 2971.01 2411.94 3789.82 8136.19 12856.2 15225.9 21826.9 30648.2 39331 55942.7 79069.5 87968.8 93818.1 74979 75102.3 76688.8 95336.1 72388.3 74426 65646.8 77947.7 91521.8 118625 120502 115557 81437.6 87550.4
#pred cpue bio
 5944.16 6666.61 4346.01 4102.63 6502.98 9406.06 12379.6 15432.5 20576.8 27244.9 36296.9 47284 60712.6 65336.8 74179.8 60413 60133.7 59375.7 68411.6 52814.2 51716.1 41791.8 52514 59675.8 64384.1 68632.3 68923.9 53141.3 52180.9 1.86168e+06 6.8105e+06 1.07804e+07 1.47371e+07 1.84562e+07 2.18079e+07 2.47529e+07 2.73037e+07 2.94989e+07 3.13866e+07 3.30156e+07 3.44308e+07 3.56711e+07 3.67692e+07 3.76632e+07 3.82544e+07 3.88305e+07 3.93916e+07 3.99378e+07 4.04695e+07 4.09869e+07 4.14903e+07 4.19801e+07 4.24566e+07 4.29202e+07 4.33712e+07 4.381e+07 4.4237e+07 4.46524e+07 4.50567e+07 4.54501e+07 4.5833e+07 4.62057e+07 4.65685e+07 4.69217e+07 4.72656e+07 4.76004e+07 4.79265e+07 4.82441e+07 4.85534e+07 4.88547e+07 4.91483e+07 4.94343e+07 4.9713e+07 4.99846e+07 5.02493e+07 5.05074e+07 5.0759e+07 5.10043e+07 5.12434e+07 5.14767e+07 5.17042e+07 5.19262e+07 5.21427e+07 5.2354e+07 5.25602e+07 5.27614e+07 5.29578e+07 5.31496e+07 5.33368e+07 5.35197e+07 5.36982e+07 5.38726e+07 5.4043e+07 5.42095e+07 5.43722e+07 5.45311e+07 5.46865e+07 5.48385e+07 5.4987e+07 5.51322e+07 5.52743e+07 5.54133e+07 5.55492e+07 5.56822e+07 5.58124e+07 5.59398e+07 5.60645e+07 5.61866e+07 5.63062e+07 5.64233e+07 5.6538e+07 5.66503e+07 5.67604e+07 5.68683e+07 5.6974e+07 5.70776e+07 5.71793e+07 5.72789e+07 5.73766e+07 5.74724e+07 5.75664e+07 5.76587e+07 5.77492e+07 5.7838e+07 5.79252e+07 5.80108e+07 5.80949e+07 5.81775e+07 5.82585e+07 0 0 0 0 0 0 0 0 0 0 0 0 0 0 0 0 0 0 0 0 0 0 0 0 0
#obs cpue bio
 9943.81 6066.14 5419.17 5705.55 9644.96 14551.2 22485.3 35579.7 38614.2 65114.3 82535.4 91729.7 93061.1 90127.1 117248 90745.5 128248 106560 136807 83629.2 97172.1 78576.1 110932 121682 106635 128343 137948 124181 109317
#pred surv len freq
 8.92952e-12 9.69639e-10 6.20772e-08 2.34311e-06 5.21428e-05 0.000684158 0.0052937 0.0241782 0.0655086 0.10789 0.120196 0.121275 0.134055 0.130129 0.100453 0.0701757 0.0468468 0.0287632 0.0169194 0.0101003 0.00635327 0.00437108 0.00323578 0.00226318 0.00125344
 5.08134e-12 5.51772e-10 3.5325e-08 1.33335e-06 2.96722e-05 0.000389347 0.00301345 0.0137837 0.037623 0.0641941 0.0818103 0.107267 0.142806 0.150066 0.124914 0.0963033 0.0704781 0.0464903 0.0277655 0.0152469 0.00805625 0.00444983 0.00271264 0.00169599 0.000903333
 9.33613e-12 1.01379e-09 6.49039e-08 2.4498e-06 5.4517e-05 0.000715296 0.00553412 0.0252647 0.0682918 0.111187 0.117965 0.105234 0.105113 0.104526 0.0935072 0.0808808 0.0657192 0.0480669 0.0316747 0.0184731 0.00950064 0.00450459 0.00216117 0.00109942 0.000524428
 1.45216e-11 1.57688e-09 1.00953e-07 3.81047e-06 8.47966e-05 0.00111256 0.00860696 0.0392753 0.105922 0.170499 0.171739 0.129751 0.101942 0.0835169 0.0586808 0.0389803 0.0288104 0.0225604 0.0167041 0.0109033 0.00609481 0.0029034 0.00122318 0.000493538 0.000192955
 1.29304e-11 1.40409e-09 8.98913e-08 3.39295e-06 7.55054e-05 0.000990675 0.00766461 0.034989 0.0945517 0.153731 0.162051 0.141195 0.133135 0.114948 0.0733334 0.0371688 0.0187529 0.0106223 0.00683109 0.00462697 0.00287621 0.00150258 0.000644181 0.000232778 7.4314e-05
 1.53998e-11 1.67224e-09 1.07058e-07 4.04091e-06 8.99246e-05 0.00117985 0.00912757 0.0416531 0.112363 0.181104 0.183519 0.141448 0.114047 0.0926524 0.0601624 0.0322723 0.016221 0.00754634 0.00332554 0.00160248 0.000878973 0.000477146 0.000220556 8.12086e-05 2.37653e-05
 1.53936e-11 1.67156e-09 1.07015e-07 4.03927e-06 8.98883e-05 0.00117938 0.00912418 0.0416434 0.112416 0.181824 0.18721 0.151782 0.129995 0.103834 0.0572538 0.019294 0.00386136 0.000456262 3.1797e-05 1.30752e-06 3.21047e-08 6.41085e-10 8.50147e-11 3.07326e-11 9.08025e-12
 1.5512e-11 1.68442e-09 1.07838e-07 4.07034e-06 9.05797e-05 0.00118845 0.00919434 0.0419629 0.113269 0.183128 0.188199 0.151678 0.128885 0.102568 0.0565034 0.0190375 0.00380986 0.000450169 3.13697e-05 1.28887e-06 3.12211e-08 4.45891e-10 3.75446e-12 1.86383e-14 5.45509e-17
 1.57283e-11 1.70791e-09 1.09342e-07 4.12711e-06 9.1843e-05 0.00120502 0.0093225 0.0425466 0.114828 0.18551 0.190004 0.151488 0.126856 0.100256 0.0551327 0.0185689 0.00371582 0.00043905 3.05948e-05 1.25703e-06 3.04499e-08 4.34877e-10 3.66172e-12 1.81779e-14 5.32036e-17
 1.59617e-11 1.73325e-09 1.10964e-07 4.18834e-06 9.32056e-05 0.0012229 0.00946074 0.0431762 0.116509 0.18808 0.191952 0.151282 0.124668 0.0977614 0.0536541 0.0180635 0.00361437 0.000427057 2.9759e-05 1.22269e-06 2.9618e-08 4.22996e-10 3.56168e-12 1.76812e-14 5.17498e-17
 1.62986e-11 1.76984e-09 1.13307e-07 4.27675e-06 9.51731e-05 0.00124871 0.00966035 0.0440853 0.118936 0.19179 0.194764 0.150986 0.121509 0.09416 0.0515192 0.0173336 0.0034679 0.00040974 2.85521e-05 1.1731e-06 2.84169e-08 4.05841e-10 3.41724e-12 1.69642e-14 4.96511e-17
 1.62465e-11 1.76418e-09 1.12944e-07 4.26309e-06 9.4869e-05 0.00124472 0.0096295 0.0439447 0.118561 0.191217 0.194329 0.151032 0.121998 0.0947167 0.0518492 0.0174464 0.00349054 0.000412417 2.87387e-05 1.18077e-06 2.86025e-08 4.08493e-10 3.43957e-12 1.7075e-14 4.99755e-17
 1.5946e-11 1.73154e-09 1.10855e-07 4.18423e-06 9.3114e-05 0.0012217 0.00945145 0.0431338 0.116396 0.187907 0.191821 0.151296 0.124816 0.0979291 0.0537535 0.0180974 0.00362119 0.000427863 2.98152e-05 1.225e-06 2.96739e-08 4.23795e-10 3.56841e-12 1.77146e-14 5.18476e-17
 1.597e-11 1.73416e-09 1.11022e-07 4.19054e-06 9.32545e-05 0.00122354 0.0094657 0.0431987 0.116569 0.188172 0.192022 0.151275 0.12459 0.097672 0.0536011 0.0180453 0.00361074 0.000426627 2.9729e-05 1.22146e-06 2.95882e-08 4.2257e-10 3.5581e-12 1.76634e-14 5.16977e-17
 1.46819e-11 1.59428e-09 1.02067e-07 3.85253e-06 8.57328e-05 0.00112486 0.00870259 0.0397233 0.107289 0.173987 0.181271 0.152408 0.136667 0.11144 0.0617629 0.0208355 0.00417071 0.000492829 3.43428e-05 1.41102e-06 3.41802e-08 4.88152e-10 4.11031e-12 2.04048e-14 5.97211e-17
 1.53835e-11 1.67047e-09 1.06945e-07 4.03664e-06 8.98297e-05 0.00117861 0.00911824 0.0416163 0.112344 0.181713 0.187127 0.151791 0.130089 0.103941 0.0573173 0.0193158 0.0038657 0.00045677 3.18298e-05 1.30777e-06 3.1679e-08 4.52431e-10 3.80953e-12 1.89116e-14 5.5351e-17
 1.58963e-11 1.72614e-09 1.10509e-07 4.17118e-06 9.28236e-05 0.00121789 0.00942199 0.0429997 0.116037 0.187359 0.191406 0.15134 0.125282 0.0984606 0.0540686 0.0182052 0.00364281 0.000430419 2.99933e-05 1.23231e-06 2.98512e-08 4.26327e-10 3.58973e-12 1.78205e-14 5.21573e-17
 1.64923e-11 1.79087e-09 1.14653e-07 4.32757e-06 9.6304e-05 0.00126355 0.00977509 0.0446078 0.120331 0.193923 0.19638 0.150816 0.119694 0.0920899 0.050292 0.0169141 0.00338371 0.000399787 2.78584e-05 1.1446e-06 2.77264e-08 3.95981e-10 3.33421e-12 1.6552e-14 4.84448e-17
 1.54541e-11 1.67813e-09 1.07435e-07 4.05514e-06 9.02415e-05 0.00118401 0.00916002 0.0418066 0.112852 0.18249 0.187715 0.151729 0.129428 0.103187 0.0568704 0.019163 0.00383504 0.000453146 3.15771e-05 1.29739e-06 3.14276e-08 4.4884e-10 3.77929e-12 1.87615e-14 5.49117e-17
 1.64277e-11 1.78386e-09 1.14204e-07 4.31063e-06 9.5927e-05 0.0012586 0.00973684 0.0444336 0.119866 0.193212 0.195841 0.150873 0.120299 0.09278 0.0507011 0.017054 0.00341178 0.000403105 2.80897e-05 1.1541e-06 2.79566e-08 3.99268e-10 3.36189e-12 1.66894e-14 4.88469e-17
 1.64028e-11 1.78115e-09 1.14031e-07 4.3041e-06 9.57816e-05 0.00125669 0.00972209 0.0443664 0.119687 0.192938 0.195634 0.150895 0.120532 0.0930462 0.0508589 0.0171079 0.0034226 0.000404385 2.81789e-05 1.15777e-06 2.80454e-08 4.00536e-10 3.37257e-12 1.67424e-14 4.90021e-17
 1.78821e-11 1.94178e-09 1.24314e-07 4.69224e-06 0.000104419 0.00137001 0.0105984 0.0483574 0.130343 0.209228 0.207979 0.149594 0.106664 0.0772356 0.0414864 0.0139039 0.00277956 0.000328362 2.28807e-05 9.40077e-07 2.27721e-08 3.25225e-10 2.73844e-12 1.35944e-14 3.97884e-17
 1.788e-11 1.94155e-09 1.243e-07 4.6917e-06 0.000104407 0.00136986 0.0105972 0.0483519 0.130328 0.209205 0.207962 0.149596 0.106683 0.0772576 0.0414994 0.0139083 0.00278046 0.000328467 2.28881e-05 9.4038e-07 2.27795e-08 3.2533e-10 2.73932e-12 1.35988e-14 3.98013e-17
 1.77583e-11 1.92834e-09 1.23454e-07 4.65977e-06 0.000103696 0.00136053 0.0105251 0.0480235 0.129452 0.207865 0.206946 0.149703 0.107824 0.0785584 0.0422705 0.0141719 0.00283336 0.000334722 2.3324e-05 9.58291e-07 2.32133e-08 3.31526e-10 2.79149e-12 1.38578e-14 4.05593e-17
 1.83344e-11 1.9909e-09 1.27459e-07 4.81095e-06 0.000107061 0.00140467 0.0108664 0.049578 0.133602 0.214209 0.211754 0.149196 0.102422 0.0724003 0.03862 0.012924 0.0025829 0.000305112 2.12604e-05 8.73503e-07 2.11594e-08 3.02193e-10 2.54451e-12 1.26317e-14 3.69707e-17
 1.8283e-11 1.98532e-09 1.27102e-07 4.79746e-06 0.00010676 0.00140073 0.0108359 0.0494393 0.133232 0.213643 0.211325 0.149241 0.102904 0.0729498 0.0389457 0.0130353 0.00260525 0.000307754 2.14445e-05 8.81068e-07 2.13427e-08 3.0481e-10 2.56654e-12 1.27411e-14 3.72909e-17
 1.77537e-11 1.92784e-09 1.23422e-07 4.65857e-06 0.00010367 0.00136018 0.0105224 0.0480111 0.129419 0.207814 0.206908 0.149707 0.107867 0.0786075 0.0422996 0.0141819 0.00283536 0.000334958 2.33404e-05 9.58966e-07 2.32297e-08 3.3176e-10 2.79346e-12 1.38676e-14 4.05879e-17
 1.80192e-11 1.95667e-09 1.25268e-07 4.72824e-06 0.00010522 0.00138052 0.0106797 0.0487276 0.131331 0.210738 0.209124 0.149473 0.105378 0.0757694 0.0406172 0.0136067 0.00271993 0.000321311 2.23894e-05 9.19889e-07 2.22831e-08 3.18241e-10 2.67963e-12 1.33025e-14 3.8934e-17
 1.89624e-11 2.05909e-09 1.31825e-07 4.97573e-06 0.000110728 0.00145278 0.0112384 0.0512723 0.138126 0.221125 0.216995 0.148644 0.0965349 0.0656883 0.0346411 0.0115638 0.00230992 0.000272838 1.90111e-05 7.81088e-07 1.89208e-08 2.70221e-10 2.2753e-12 1.12953e-14 3.30592e-17
#obs surv len freq
 2.45048e-11 2.36747e-09 1.34852e-07 4.52865e-06 8.96646e-05 0.0010467 0.00720498 0.029265 0.0704028 0.102325 0.0989294 0.0868817 0.0934149 0.1045 0.108229 0.10103 0.0801322 0.0545452 0.0331791 0.0177368 0.00778423 0.00258705 0.000607172 9.55789e-05 9.73761e-06
 4.51826e-12 4.21037e-10 2.31317e-08 7.49273e-07 1.43102e-05 0.000161205 0.00107318 0.00426559 0.0106621 0.0205608 0.0430501 0.0905299 0.142053 0.160402 0.150605 0.131086 0.102644 0.0699043 0.0411596 0.0204872 0.00822505 0.00249606 0.000536028 7.72719e-05 7.2049e-06
 8.90558e-11 7.99045e-09 4.22687e-07 1.31827e-05 0.000242398 0.0026278 0.0167958 0.0632954 0.140679 0.184699 0.144683 0.0728859 0.039097 0.0496328 0.0736705 0.0787618 0.0606014 0.0375773 0.0204403 0.00954364 0.00355119 0.000983396 0.000191574 2.50701e-05 2.12698e-06
 1.18587e-10 1.02281e-08 5.20107e-07 1.5593e-05 0.000275618 0.00287236 0.0176517 0.0640175 0.137604 0.179267 0.157121 0.125604 0.112173 0.085061 0.0469625 0.025055 0.0185147 0.0140384 0.00832692 0.00375652 0.00129135 0.000326867 5.78901e-05 6.86283e-06 5.27086e-07
 1.20911e-10 1.00093e-08 4.88521e-07 1.40572e-05 0.000238485 0.00238554 0.0140733 0.0490367 0.101704 0.130654 0.123051 0.121551 0.132612 0.123793 0.0947704 0.0599187 0.029038 0.0109802 0.00400286 0.00153357 0.000501147 0.000118919 1.9306e-05 2.078e-06 1.44503e-07
 2.19009e-10 1.7376e-08 8.12784e-07 2.24151e-05 0.000364457 0.00349387 0.0197513 0.0659021 0.130403 0.156882 0.128908 0.101604 0.098511 0.0968759 0.0851116 0.0614524 0.0329743 0.0128015 0.0037688 0.000922851 0.000204361 3.9273e-05 5.69762e-06 5.60853e-07 3.55966e-08
 2.91015e-10 2.20981e-08 9.89316e-07 2.61128e-05 0.000406365 0.00372862 0.020178 0.0645072 0.122865 0.145567 0.128181 0.119732 0.12174 0.105536 0.077091 0.04936 0.0260354 0.0107051 0.00337387 0.000801404 0.000142586 1.93954e-05 2.04504e-06 1.61074e-07 8.82143e-09
 4.18548e-10 3.03795e-08 1.30003e-06 3.27995e-05 0.000487894 0.00427913 0.0221359 0.0676562 0.123299 0.140317 0.120411 0.112332 0.116908 0.108611 0.0864597 0.0561096 0.027346 0.00996983 0.00286122 0.000654038 0.000113361 1.41092e-05 1.22679e-06 7.40279e-08 3.08864e-09
 6.09299e-10 4.22217e-08 1.72496e-06 4.15493e-05 0.000590056 0.00494087 0.0244046 0.0712589 0.124406 0.137386 0.119132 0.115466 0.119653 0.1078 0.0833422 0.0531421 0.0258067 0.00937602 0.0026015 0.00055286 8.80362e-05 1.01644e-05 8.1986e-07 4.46501e-08 1.60278e-09
 9.89583e-10 6.53936e-08 2.54775e-06 5.8522e-05 0.000792552 0.00632873 0.0298103 0.083009 0.138213 0.145592 0.120491 0.111953 0.11271 0.100136 0.0757897 0.0458085 0.0204497 0.0067422 0.00171523 0.000340384 5.07813e-05 5.43552e-06 4.02569e-07 2.00672e-08 6.57879e-10
 1.38032e-09 8.68922e-08 3.22493e-06 7.0567e-05 0.0009104 0.0069257 0.0310857 0.0825863 0.132027 0.137386 0.121218 0.122753 0.123269 0.103596 0.0731434 0.041248 0.0171409 0.00519762 0.00119506 0.000212373 2.85201e-05 2.77923e-06 1.88835e-07 8.64527e-09 2.59624e-10
 1.95298e-09 1.17e-07 4.13252e-06 8.60565e-05 0.00105659 0.00764972 0.0326837 0.082734 0.126625 0.128774 0.116616 0.122963 0.126322 0.109678 0.0789434 0.043338 0.0168057 0.00461258 0.000941559 0.000147616 1.75099e-05 1.5121e-06 9.15555e-08 3.76412e-09 1.02269e-10
 2.82616e-09 1.6098e-07 5.40616e-06 0.00010704 0.00124958 0.00860233 0.0349564 0.0842692 0.123613 0.12367 0.115975 0.126128 0.129178 0.111241 0.0786878 0.0417967 0.0155489 0.00406841 0.0007794 0.000111697 1.18159e-05 8.97813e-07 4.76991e-08 1.72638e-09 4.15228e-11
 3.59602e-09 1.94587e-07 6.20794e-06 0.000116768 0.001295 0.00847052 0.0327262 0.0752624 0.107051 0.110389 0.116591 0.137006 0.141868 0.121692 0.0844245 0.0431635 0.0153195 0.00381864 0.000695925 9.42055e-05 9.28406e-06 6.45618e-07 3.0854e-08 9.91789e-10 2.10477e-11
 5.02607e-09 2.58167e-07 7.81833e-06 0.000139596 0.00146962 0.00912574 0.0334852 0.0732856 0.10015 0.102551 0.112038 0.135546 0.14565 0.130531 0.091389 0.0452348 0.0151772 0.00353681 0.00060012 7.56697e-05 6.9541e-06 4.50126e-07 1.9908e-08 5.8718e-10 1.13243e-11
 9.51427e-09 4.6358e-07 1.33172e-05 0.000225552 0.00225242 0.0132664 0.0461552 0.0955991 0.122522 0.114059 0.11008 0.122839 0.127741 0.112634 0.0776472 0.0381838 0.0130159 0.00314168 0.000548127 6.86369e-05 6.03319e-06 3.6487e-07 1.49279e-08 4.05951e-10 7.20578e-12
 1.3799e-08 6.37396e-07 1.73585e-05 0.000278715 0.00263875 0.0147375 0.048671 0.0961896 0.120433 0.117818 0.125555 0.139463 0.131018 0.101453 0.0624558 0.0280312 0.008845 0.00201007 0.000338601 4.1882e-05 3.66355e-06 2.18343e-07 8.63205e-09 2.22248e-10 3.67761e-12
 1.82469e-08 7.98618e-07 2.06077e-05 0.000313525 0.00281268 0.0148883 0.0466479 0.087901 0.10725 0.108584 0.124026 0.143254 0.14019 0.112801 0.0695897 0.0302837 0.00912272 0.00196378 0.000311394 3.62028e-05 2.99521e-06 1.70605e-07 6.49981e-09 1.61644e-10 2.57323e-12
 2.90717e-08 1.20511e-06 2.94524e-05 0.000424393 0.003606 0.0180794 0.0536666 0.0959075 0.111452 0.108683 0.120897 0.137587 0.135009 0.108885 0.0664368 0.0285585 0.00859146 0.00185733 0.000291901 3.28082e-05 2.5689e-06 1.3693e-07 4.86922e-09 1.1332e-10 1.69606e-12
 4.13271e-08 1.622e-06 3.75326e-05 0.000512065 0.00411986 0.0195654 0.0551059 0.0942001 0.108194 0.111649 0.1307 0.145238 0.134648 0.102385 0.0595436 0.024824 0.00738905 0.00160302 0.000253153 2.8327e-05 2.17643e-06 1.11973e-07 3.78311e-09 8.26228e-11 1.15147e-12
 7.49677e-08 2.78514e-06 6.10046e-05 0.000787832 0.00599972 0.0269653 0.0718125 0.115577 0.122801 0.113348 0.120806 0.13028 0.121301 0.091572 0.0513351 0.0202691 0.00570186 0.00117974 0.000180064 1.96678e-05 1.47978e-06 7.43318e-08 2.43486e-09 5.10977e-11 6.77882e-13
 1.06564e-07 3.74693e-06 7.76759e-05 0.000949429 0.00684407 0.0291332 0.0736842 0.11407 0.122345 0.123692 0.138608 0.139876 0.115252 0.077165 0.0393343 0.014366 0.0037602 0.000724377 0.000103103 1.05568e-05 7.50212e-07 3.58465e-08 1.12217e-09 2.25434e-11 2.86019e-13
 1.45697e-07 4.84818e-06 9.51159e-05 0.00110028 0.00750697 0.0302578 0.0726141 0.107667 0.114339 0.12024 0.139382 0.144236 0.122654 0.0824012 0.0401756 0.0135187 0.00318367 0.000546895 6.97977e-05 6.48179e-06 4.21841e-07 1.85899e-08 5.3984e-10 1.0112e-11 1.20146e-13
 2.06325e-07 6.49744e-06 0.000120637 0.0013207 0.00852888 0.0325565 0.0741914 0.105696 0.112004 0.122329 0.143368 0.146337 0.122079 0.0794548 0.0370519 0.0118484 0.00263377 0.000420615 4.8862e-05 4.06441e-06 2.35758e-07 9.29529e-09 2.43319e-10 4.13947e-12 4.49478e-14
 3.14163e-07 9.36329e-06 0.000164532 0.00170477 0.0104203 0.0376611 0.0813844 0.110654 0.114064 0.123334 0.141995 0.142295 0.116605 0.0737369 0.0331427 0.0102369 0.00220955 0.000341818 3.79257e-05 2.95276e-06 1.57242e-07 5.60829e-09 1.31643e-10 2.00211e-12 1.94577e-14
 3.63737e-07 1.02609e-05 0.000170663 0.0016739 0.00968984 0.03324 0.0688784 0.0936617 0.107293 0.133985 0.159682 0.154923 0.120972 0.0728085 0.0313313 0.00936814 0.00197814 0.000300127 3.24331e-05 2.43119e-06 1.2309e-07 4.12068e-09 8.96629e-11 1.25019e-12 1.10414e-14
 5.61847e-07 1.50033e-05 0.000236219 0.00219317 0.0120173 0.0390104 0.0763923 0.0976447 0.104278 0.12401 0.149063 0.152819 0.125143 0.0752592 0.0311107 0.00878228 0.00174688 0.00025116 2.59141e-05 1.86216e-06 9.03034e-08 2.88227e-09 5.94013e-11 7.78812e-13 6.42141e-15
 7.71231e-07 1.94978e-05 0.000290637 0.002555 0.013262 0.0408707 0.0767249 0.0975037 0.11082 0.137907 0.158618 0.14918 0.112698 0.0643496 0.0260743 0.00739906 0.00148977 0.000213261 2.13359e-05 1.45798e-06 6.66802e-08 2.00425e-09 3.89187e-11 4.80742e-13 3.72949e-15
 1.10214e-06 2.63829e-05 0.000372374 0.00309979 0.0152393 0.044529 0.07962 0.097957 0.110964 0.138472 0.159479 0.150611 0.111431 0.0596771 0.0218761 0.00550988 0.000990966 0.000130528 1.23977e-05 8.16231e-07 3.58981e-08 1.02765e-09 1.88189e-11 2.17755e-13 1.57701e-15
#pred catch len freq
 3.27688e-13 3.55831e-11 2.2781e-09 8.59951e-08 1.91461e-06 2.51813e-05 0.000197216 0.000956043 0.00334862 0.0116131 0.0410359 0.108423 0.182803 0.197928 0.156223 0.109616 0.0732515 0.044986 0.0264626 0.015797 0.00993655 0.00683639 0.00506077 0.00353962 0.00196038
 1.75791e-13 1.9089e-11 1.22213e-09 4.61366e-08 1.02753e-06 1.3537e-05 0.000106915 0.000538893 0.00215378 0.00912685 0.0358986 0.0978051 0.167237 0.18605 0.156595 0.120987 0.0885844 0.0584389 0.0349011 0.019165 0.0101265 0.0055933 0.0034097 0.0021318 0.00113546
 3.85741e-13 4.1887e-11 2.68168e-09 1.01226e-07 2.2533e-06 2.96092e-05 0.000230837 0.00109473 0.00352045 0.0102588 0.0320287 0.0819142 0.139922 0.161681 0.148942 0.129412 0.10522 0.0769639 0.0507165 0.0295781 0.0152119 0.00721246 0.00346034 0.00176032 0.000839681
 9.37897e-13 1.01845e-10 6.52022e-09 2.46113e-07 5.47778e-06 7.19294e-05 0.000558782 0.00260399 0.00776615 0.0185057 0.0469261 0.109852 0.178696 0.187313 0.139028 0.0932644 0.069034 0.0540683 0.0400332 0.0261307 0.0146068 0.00695825 0.00293146 0.00118281 0.000462434
 7.89263e-13 8.57047e-11 5.48694e-09 2.07115e-07 4.61018e-06 6.05637e-05 0.000471548 0.00222205 0.00695734 0.0189888 0.0557839 0.138186 0.225553 0.228394 0.15077 0.0769246 0.0388624 0.0220191 0.0141606 0.00959145 0.00596219 0.00311474 0.00133534 0.000482532 0.000154048
 6.74762e-12 7.32711e-10 4.69089e-08 1.77058e-06 3.94024e-05 0.000517021 0.00400156 0.0183021 0.0499379 0.0850586 0.10768 0.139044 0.179763 0.174357 0.117842 0.0636082 0.0319667 0.0148643 0.00654918 0.00315567 0.00173088 0.000939596 0.000434318 0.000159916 4.67986e-05
 9.62967e-12 1.04567e-09 6.69446e-08 2.52683e-06 5.62316e-05 0.000737822 0.00570954 0.026092 0.0708924 0.11835 0.139106 0.15685 0.184035 0.165441 0.0937746 0.0317789 0.00636701 0.000752497 5.24439e-05 2.15655e-06 5.29489e-08 1.05619e-09 1.3971e-10 5.04964e-11 1.49196e-11
 9.21149e-12 1.00026e-09 6.40374e-08 2.4171e-06 5.37897e-05 0.000705786 0.0054618 0.0249638 0.0678798 0.113744 0.135616 0.157218 0.187956 0.169911 0.0964243 0.0326847 0.00654878 0.000773977 5.39364e-05 2.21607e-06 5.36816e-08 7.66665e-10 6.45543e-12 3.20467e-14 9.37948e-17
 9.97976e-12 1.08368e-09 6.93784e-08 2.61869e-06 5.82759e-05 0.000764641 0.00591694 0.0270366 0.0734145 0.122205 0.142028 0.156543 0.180753 0.161699 0.0915564 0.0310206 0.0062148 0.000734492 5.11847e-05 2.10301e-06 5.09428e-08 7.27551e-10 6.12608e-12 3.04117e-14 8.90098e-17
 1.0623e-11 1.15353e-09 7.38499e-08 2.78747e-06 6.20317e-05 0.000813916 0.00629799 0.028772 0.0780483 0.129288 0.147396 0.155977 0.174722 0.154824 0.0874809 0.0296274 0.00593519 0.000701435 4.88809e-05 2.00835e-06 4.86498e-08 6.94803e-10 5.85034e-12 2.90428e-14 8.50031e-17
 1.17767e-11 1.27881e-09 8.18706e-08 3.09021e-06 6.87686e-05 0.0009023 0.00698149 0.0318849 0.0863599 0.141994 0.157025 0.154962 0.163905 0.142492 0.0801707 0.0271283 0.00543364 0.00064214 4.47485e-05 1.83856e-06 4.45369e-08 6.36063e-10 5.35574e-12 2.65875e-14 7.78168e-17
 1.17523e-11 1.27616e-09 8.17007e-08 3.0838e-06 6.86259e-05 0.000900428 0.00696701 0.0318189 0.0861838 0.141724 0.156821 0.154984 0.164134 0.142754 0.0803255 0.0271812 0.00544427 0.000643396 4.4836e-05 1.84216e-06 4.4624e-08 6.37308e-10 5.36622e-12 2.66395e-14 7.7969e-17
 1.23047e-11 1.33614e-09 8.5541e-08 3.22875e-06 7.18516e-05 0.000942747 0.00729427 0.0333094 0.0901634 0.147808 0.161431 0.154498 0.158955 0.136849 0.0768254 0.0259847 0.00520413 0.000615005 4.28574e-05 1.76087e-06 4.26548e-08 6.09183e-10 5.1294e-12 2.54639e-14 7.45282e-17
 1.19814e-11 1.30104e-09 8.32938e-08 3.14393e-06 6.9964e-05 0.000917984 0.00710277 0.0324372 0.0878347 0.144248 0.158733 0.154782 0.161986 0.140304 0.0788735 0.0266849 0.00534465 0.000631618 4.40152e-05 1.80844e-06 4.38071e-08 6.2564e-10 5.26798e-12 2.61518e-14 7.65416e-17
 1.12853e-11 1.22545e-09 7.84542e-08 2.96126e-06 6.5899e-05 0.000864653 0.00669035 0.0305589 0.0828195 0.136582 0.152923 0.155395 0.168513 0.147745 0.0832845 0.0281928 0.00564728 0.000667396 4.65087e-05 1.91088e-06 4.62888e-08 6.61084e-10 5.56641e-12 2.76333e-14 8.08778e-17
 1.15461e-11 1.25377e-09 8.02677e-08 3.02971e-06 6.74222e-05 0.000884637 0.00684489 0.0312628 0.0846988 0.139454 0.1551 0.155165 0.166067 0.144957 0.0816316 0.0276277 0.00553388 0.00065399 4.55743e-05 1.8725e-06 4.53589e-08 6.47803e-10 5.45459e-12 2.70782e-14 7.9253e-17
 1.27125e-11 1.38043e-09 8.83762e-08 3.33576e-06 7.42329e-05 0.000973989 0.00753587 0.0344097 0.0931014 0.152299 0.164835 0.15414 0.155131 0.13249 0.0742414 0.0251013 0.00502684 0.000594045 4.13967e-05 1.70085e-06 4.12009e-08 5.8842e-10 4.95457e-12 2.4596e-14 7.1988e-17
 1.31084e-11 1.42342e-09 9.11285e-08 3.43965e-06 7.65448e-05 0.00100432 0.00777042 0.0354779 0.0959536 0.156659 0.168139 0.153791 0.151419 0.128258 0.0717328 0.0242438 0.00485473 0.000573698 3.99786e-05 1.64258e-06 3.97895e-08 5.68263e-10 4.78485e-12 2.37534e-14 6.9522e-17
 1.30158e-11 1.41336e-09 9.04848e-08 3.41535e-06 7.60041e-05 0.000997225 0.00771556 0.0352281 0.0952865 0.155639 0.167366 0.153873 0.152288 0.129248 0.0723195 0.0244443 0.00489498 0.000578457 4.03103e-05 1.65621e-06 4.01196e-08 5.72977e-10 4.82455e-12 2.39505e-14 7.00988e-17
 1.38214e-11 1.50084e-09 9.60853e-08 3.62674e-06 8.07082e-05 0.00105894 0.00819282 0.0374016 0.10109 0.164511 0.17409 0.153164 0.144735 0.120637 0.0672151 0.0226994 0.00454477 0.000537053 3.74248e-05 1.53765e-06 3.72477e-08 5.31962e-10 4.47919e-12 2.2236e-14 6.50809e-17
 1.45154e-11 1.5762e-09 1.0091e-07 3.80884e-06 8.47605e-05 0.0011121 0.00860395 0.0392741 0.10609 0.172153 0.179882 0.152554 0.138228 0.11322 0.0628178 0.0211961 0.00424309 0.000501386 3.49391e-05 1.43552e-06 3.47738e-08 4.96629e-10 4.18168e-12 2.07591e-14 6.07582e-17
 1.56638e-11 1.7009e-09 1.08893e-07 4.11017e-06 9.1466e-05 0.00120008 0.00928425 0.0423724 0.114362 0.184799 0.189465 0.151544 0.127462 0.100946 0.0555417 0.0187088 0.00374388 0.000442368 3.0826e-05 1.26653e-06 3.068e-08 4.38163e-10 3.6894e-12 1.83153e-14 5.36055e-17
 1.60118e-11 1.73869e-09 1.11312e-07 4.20149e-06 9.34981e-05 0.00122674 0.00949042 0.0433113 0.11687 0.188631 0.19237 0.151238 0.124199 0.097226 0.0533367 0.017955 0.0035926 0.000424483 2.95796e-05 1.21531e-06 2.94394e-08 4.20446e-10 3.54021e-12 1.75746e-14 5.14378e-17
 1.59634e-11 1.73344e-09 1.10976e-07 4.1888e-06 9.32159e-05 0.00122303 0.00946178 0.0431809 0.116521 0.188099 0.191966 0.151281 0.124652 0.0977426 0.053643 0.0180597 0.00361361 0.000426967 2.97527e-05 1.22243e-06 2.96117e-08 4.22906e-10 3.56093e-12 1.76775e-14 5.17389e-17
 1.69821e-11 1.84405e-09 1.18058e-07 4.4561e-06 9.9164e-05 0.00130107 0.0100653 0.0459293 0.12386 0.199317 0.200468 0.150385 0.115102 0.0868548 0.0471887 0.0158532 0.00317079 0.000374614 2.61041e-05 1.07252e-06 2.59804e-08 3.71044e-10 3.12424e-12 1.55097e-14 4.5394e-17
 1.70284e-11 1.84908e-09 1.1838e-07 4.46826e-06 9.94346e-05 0.00130462 0.0100927 0.0460543 0.124194 0.199827 0.200855 0.150344 0.114667 0.0863594 0.046895 0.0157528 0.00315064 0.000372232 2.59381e-05 1.0657e-06 2.58152e-08 3.68685e-10 3.10438e-12 1.5411e-14 4.51053e-17
 1.67479e-11 1.81862e-09 1.1643e-07 4.39463e-06 9.77962e-05 0.00128313 0.00992649 0.0452973 0.122172 0.196737 0.198513 0.150591 0.117298 0.0893584 0.0486728 0.0163606 0.00327261 0.000386653 2.69431e-05 1.10699e-06 2.68154e-08 3.8297e-10 3.22466e-12 1.60082e-14 4.6853e-17
 1.6668e-11 1.80995e-09 1.15875e-07 4.37369e-06 9.73301e-05 0.00127701 0.00987919 0.0450819 0.121597 0.195858 0.197847 0.150661 0.118046 0.0902117 0.0491786 0.0165335 0.00330732 0.000390755 2.7229e-05 1.11874e-06 2.71e-08 3.87034e-10 3.25888e-12 1.6178e-14 4.73502e-17
 1.71902e-11 1.86665e-09 1.19505e-07 4.51071e-06 0.000100379 0.00131701 0.0101885 0.0464908 0.125359 0.201609 0.202205 0.150202 0.11315 0.0846303 0.0458699 0.0154024 0.00308031 0.000363918 2.53587e-05 1.04189e-06 2.52384e-08 3.60448e-10 3.03502e-12 1.50667e-14 4.40977e-17
#obs catch len freq
 1.41057e-11 1.36279e-09 7.76251e-08 2.60684e-06 5.16143e-05 0.000602553 0.00414878 0.0168759 0.0409162 0.0618925 0.0705317 0.0869297 0.115755 0.130359 0.126038 0.112306 0.0896812 0.0639074 0.0413311 0.023344 0.0106584 0.00364058 0.00087308 0.000140099 1.45219e-05
 1.71008e-11 1.59355e-09 8.75491e-08 2.83581e-06 5.41563e-05 0.00060981 0.00405016 0.0158977 0.0372687 0.0550411 0.0632725 0.0811722 0.111377 0.131582 0.136515 0.125949 0.0984194 0.0661607 0.0396679 0.0207098 0.00876346 0.00277344 0.00061368 9.0412e-05 8.5761e-06
 1.33818e-12 1.20068e-10 6.35158e-09 1.98113e-07 3.64486e-06 3.96331e-05 0.000257448 0.00105432 0.00335371 0.0115728 0.0392154 0.0949504 0.149892 0.166885 0.155473 0.134198 0.103708 0.0695528 0.0401726 0.0194664 0.00752607 0.00217379 0.000439919 5.93274e-05 5.14868e-06
 1.86457e-11 1.60819e-09 8.17776e-08 2.45172e-06 4.33361e-05 0.000451632 0.00277559 0.0100691 0.0216784 0.028538 0.0269053 0.0309967 0.0607372 0.1236 0.186795 0.193905 0.145579 0.0888031 0.0474446 0.0215318 0.0076968 0.00202595 0.000371778 4.55096e-05 3.59339e-06
 6.13944e-11 5.08238e-09 2.48054e-07 7.13781e-06 0.000121099 0.00121156 0.00715455 0.0250605 0.0534186 0.0778703 0.106488 0.160171 0.194911 0.155834 0.0857215 0.0467895 0.0350835 0.0259922 0.0149193 0.00649538 0.00214025 0.000514383 8.57592e-05 9.50766e-06 6.79583e-07
 1.39743e-10 1.10871e-08 5.18614e-07 1.43024e-05 0.000232553 0.00222956 0.0126095 0.042172 0.0844885 0.108074 0.111607 0.129471 0.150394 0.139876 0.105418 0.0650688 0.0306256 0.0113901 0.00415056 0.001561 0.000488637 0.000109767 1.67521e-05 1.68553e-06 1.09078e-07
 2.88145e-10 2.18802e-08 9.79559e-07 2.58553e-05 0.000402356 0.00369177 0.0199768 0.0638335 0.121278 0.141924 0.119415 0.104423 0.10842 0.107247 0.0928794 0.0652373 0.0338206 0.0126957 0.00363251 0.00086974 0.000187645 3.45366e-05 4.72374e-06 4.34613e-07 2.56617e-08
 3.52046e-10 2.55525e-08 1.09347e-06 2.75881e-05 0.000410379 0.00359945 0.018625 0.0570067 0.104667 0.123427 0.11924 0.129693 0.139162 0.119953 0.0865068 0.0543544 0.0279002 0.0111188 0.00338396 0.000773154 0.000132025 1.71938e-05 1.72369e-06 1.27771e-07 6.52952e-09
 5.55063e-10 3.84634e-08 1.57142e-06 3.78508e-05 0.000537535 0.00450116 0.0222348 0.0649565 0.113703 0.127166 0.11506 0.118401 0.127075 0.117044 0.0914851 0.0576677 0.0271626 0.0095953 0.00267108 0.000588632 9.75086e-05 1.15239e-05 9.47185e-07 5.38027e-08 2.10258e-09
 8.64503e-10 5.71281e-08 2.22573e-06 5.11251e-05 0.000692381 0.00552903 0.0260482 0.0726029 0.121487 0.130996 0.116872 0.119365 0.124366 0.110457 0.0838198 0.0519417 0.0243734 0.00855608 0.00229165 0.000468156 7.12413e-05 7.81022e-06 5.94549e-07 3.04067e-08 1.02098e-09
 1.45781e-09 9.17705e-08 3.40599e-06 7.45286e-05 0.000961506 0.00731427 0.032825 0.0871405 0.138764 0.141834 0.118713 0.113954 0.114517 0.100102 0.0740997 0.0433387 0.0186409 0.00593523 0.00145929 0.000278452 3.96442e-05 4.02293e-06 2.80952e-07 1.31461e-08 4.02997e-10
 2.07325e-09 1.24205e-07 4.38701e-06 9.13562e-05 0.00112166 0.00812075 0.0346947 0.0878056 0.134238 0.135812 0.121015 0.12427 0.122912 0.101207 0.0698098 0.0380633 0.015214 0.00444417 0.000985563 0.000168328 2.15837e-05 1.99476e-06 1.27778e-07 5.48842e-09 1.54046e-10
 3.00195e-09 1.70994e-07 5.74242e-06 0.000113698 0.00132729 0.00913712 0.037125 0.0894402 0.130781 0.129069 0.11706 0.12349 0.124444 0.105751 0.0739971 0.0390537 0.0145039 0.00382301 0.000751456 0.000113172 1.28164e-05 1.04983e-06 5.99503e-08 2.31327e-09 5.87522e-11
 4.41743e-09 2.39036e-07 7.62597e-06 0.00014344 0.00159077 0.0104039 0.0401711 0.0920936 0.128986 0.125133 0.116802 0.125787 0.12593 0.105997 0.072712 0.0370542 0.0131828 0.00330624 0.00060806 8.34442e-05 8.41043e-06 6.05732e-07 3.0354e-08 1.0315e-09 2.32022e-11
 5.74871e-09 2.95286e-07 8.94242e-06 0.000159666 0.0016809 0.0104372 0.038288 0.0836926 0.113679 0.113719 0.118548 0.136228 0.137355 0.114931 0.0770896 0.0377284 0.0127908 0.00305357 0.000533613 6.90445e-05 6.46926e-06 4.25566e-07 1.91557e-08 5.77757e-10 1.14658e-11
 8.07294e-09 3.93351e-07 1.12998e-05 0.000191384 0.00191127 0.0112587 0.0392004 0.0815096 0.106414 0.105927 0.114298 0.135311 0.141853 0.123684 0.0832585 0.0392918 0.0125644 0.00280048 0.000455327 5.48537e-05 4.78986e-06 2.93017e-07 1.21932e-08 3.37102e-10 6.07495e-12
 1.54398e-08 7.13186e-07 1.94224e-05 0.000311853 0.00295235 0.0164855 0.0543836 0.106887 0.130428 0.116928 0.110259 0.120054 0.121804 0.104398 0.0691624 0.0324648 0.0105644 0.00243792 0.000406056 4.83461e-05 4.02377e-06 2.29568e-07 8.8293e-09 2.24943e-10 3.72924e-12
 2.22762e-08 9.74968e-07 2.51582e-05 0.000382754 0.00343361 0.0181718 0.056883 0.106694 0.127478 0.120806 0.125831 0.135539 0.123709 0.0931551 0.0552268 0.0236863 0.00714158 0.0015545 0.000250502 2.94802e-05 2.43858e-06 1.36776e-07 5.07042e-09 1.22065e-10 1.88418e-12
 2.98519e-08 1.23744e-06 3.02427e-05 0.000435782 0.00370279 0.018565 0.0551133 0.0985386 0.114727 0.112341 0.124773 0.139622 0.132868 0.103592 0.061241 0.0253931 0.00729752 0.00150261 0.000227704 2.5182e-05 1.97086e-06 1.05671e-07 3.77382e-09 8.76762e-11 1.30044e-12
 4.77486e-08 1.87403e-06 4.33643e-05 0.00059162 0.00475959 0.0225954 0.0635257 0.107653 0.119188 0.111964 0.120654 0.133053 0.126987 0.0990325 0.0578206 0.0236896 0.00680204 0.00140467 0.000210311 2.24146e-05 1.65686e-06 8.3049e-08 2.76721e-09 6.01528e-11 8.38672e-13
 6.84185e-08 2.54183e-06 5.56754e-05 0.000719017 0.00547598 0.0246186 0.0656585 0.106413 0.116379 0.115251 0.129764 0.139163 0.125323 0.0921684 0.0513495 0.0204379 0.0058141 0.00120489 0.000181016 1.9166e-05 1.38694e-06 6.69528e-08 2.11585e-09 4.3109e-11 5.59228e-13
 1.24595e-07 4.38094e-06 9.08187e-05 0.00111004 0.00800079 0.0340339 0.0857923 0.13073 0.1316 0.115269 0.117198 0.121857 0.110036 0.0800029 0.0428236 0.0161208 0.00433465 0.000857457 0.000124583 1.28748e-05 9.11592e-07 4.29104e-08 1.31286e-09 2.56675e-11 3.16578e-13
 1.77796e-07 5.91631e-06 0.000116071 0.00134265 0.00915966 0.0369 0.0883284 0.129411 0.131258 0.125282 0.133091 0.128844 0.102789 0.0664014 0.0323756 0.011279 0.00282091 0.000519332 7.03616e-05 6.81809e-06 4.56073e-07 2.04207e-08 5.96879e-10 1.1164e-11 1.31588e-13
 2.48191e-07 7.81585e-06 0.000145115 0.00158862 0.0102575 0.039125 0.0888303 0.124427 0.124127 0.121801 0.133148 0.132249 0.108647 0.0700104 0.0324803 0.0103885 0.00233303 0.000382881 4.65483e-05 4.09395e-06 2.50897e-07 1.03631e-08 2.81009e-10 4.90061e-12 5.40846e-14
 3.53835e-07 1.05457e-05 0.000185308 0.00191999 0.0117345 0.042388 0.0913624 0.122785 0.121653 0.12329 0.136128 0.133405 0.107372 0.0668911 0.029644 0.00900209 0.00190502 0.000289887 3.20015e-05 2.51806e-06 1.37536e-07 5.08499e-09 1.24359e-10 1.97043e-12 1.98771e-14
 5.38733e-07 1.51974e-05 0.000252762 0.00247883 0.0143406 0.0490482 0.100224 0.128369 0.123165 0.12292 0.133166 0.128136 0.101161 0.0611317 0.0261013 0.00765801 0.00157315 0.000231521 2.43503e-05 1.789e-06 8.95405e-08 2.9913e-09 6.55678e-11 9.28732e-13 8.38717e-15
 6.39839e-07 1.7086e-05 0.000269009 0.0024976 0.0136851 0.0444195 0.0869361 0.1108 0.116826 0.134069 0.150594 0.140287 0.105457 0.0606423 0.0248049 0.00705112 0.00141725 0.000204359 2.08998e-05 1.4758e-06 7.01099e-08 2.19514e-09 4.45493e-11 5.78009e-13 4.74099e-15
 9.87639e-07 2.49687e-05 0.000372177 0.00327134 0.0169686 0.0521231 0.0963932 0.115371 0.113044 0.123167 0.139785 0.13765 0.107994 0.0617383 0.0241945 0.00648743 0.00122842 0.000167919 1.63979e-05 1.10953e-06 5.04452e-08 1.50436e-09 2.88884e-11 3.52137e-13 2.69454e-15
 1.38936e-06 3.32583e-05 0.000469404 0.00390708 0.0191984 0.055962 0.0989711 0.116658 0.119419 0.134697 0.145709 0.13142 0.0952254 0.0518129 0.0199501 0.00538228 0.00102992 0.000139705 1.31904e-05 8.47379e-07 3.63093e-08 1.01933e-09 1.84361e-11 2.11633e-13 1.52295e-15
#spawning biomass
 6703.3 7054.93 4866.09 5373.59 8401.71 13668 18874.1 23695.7 32017.1 43028.3 58632.5 76107.8 95786.4 103243 108680 92052 94568.8 97225 104677 86085.6 84148 76658.8 96308.1 108219 123469 130923 124938 98755.3 107298 132949 331696 523682 718474 902323 1.0682e+06 1.21376e+06 1.3394e+06 1.44696e+06 1.53883e+06 1.61748e+06 1.6852e+06 1.74399e+06 1.79553e+06 1.83689e+06 1.86335e+06 1.88897e+06 1.91378e+06 1.93779e+06 1.96103e+06 1.98353e+06 2.00531e+06 2.0264e+06 2.04681e+06 2.06657e+06 2.0857e+06 2.10422e+06 2.12215e+06 2.13951e+06 2.15631e+06 2.17258e+06 2.18832e+06 2.20357e+06 2.21832e+06 2.23261e+06 2.24644e+06 2.25982e+06 2.27278e+06 2.28533e+06 2.29748e+06 2.30923e+06 2.32062e+06 2.33164e+06 2.3423e+06 2.35263e+06 2.36263e+06 2.3723e+06 2.38167e+06 2.39074e+06 2.39952e+06 2.40802e+06 2.41625e+06 2.42421e+06 2.43192e+06 2.43939e+06 2.44662e+06 2.45361e+06 2.46038e+06 2.46694e+06 2.47329e+06 2.47943e+06 2.48538e+06 2.49114e+06 2.49671e+06 2.50211e+06 2.50733e+06 2.51239e+06 2.51728e+06 2.52202e+06 2.52661e+06 2.53105e+06 2.53535e+06 2.53951e+06 2.54354e+06 2.54744e+06 2.55122e+06 2.55487e+06 2.55841e+06 2.56184e+06 2.56516e+06 2.56837e+06 2.57147e+06 2.57448e+06 2.5774e+06 2.58022e+06 2.58294e+06 2.58559e+06 2.58815e+06 2.59062e+06 2.59302e+06 2.59534e+06 2.59759e+06 2.59976e+06 2.60187e+06 2.60391e+06 2.60588e+06 2.60779e+06 2.60964e+06 2.61143e+06 2.61316e+06 0 0 0 0 0 0 0 0 0 0 0 0 0 0 0 0 0 0 0 0 0 0 0 0 0
