SBPRF35
1.19791
Curr Bio
143102
B35
874834
F35
0.194272
FOFL
0
OFL
0
Bzero
342259
#pred survey bio
 11560.2 9728.29 12652.3 17896.3 24030.2 28385.5 35237.1 40063.1 46769.1 53731.7 69490.7 82066.3 106680 132948 130230 118317 117832 105318 108086 99209.7 98354.2 103030 113144 126228 133229 138536 127403 106259 112493 3.4032e+06 5.19253e+06 6.54647e+06 6.86098e+06 6.57436e+06 6.02546e+06 5.41159e+06 4.8347e+06 4.33817e+06 3.9326e+06 3.61227e+06 3.36485e+06 3.17651e+06 3.03417e+06 2.92548e+06 2.84181e+06 2.78055e+06 2.73538e+06 2.70181e+06 2.67666e+06 2.65764e+06 2.64314e+06 2.63196e+06 2.62326e+06 2.61643e+06 2.61102e+06 2.60669e+06 2.60319e+06 2.60036e+06 2.59803e+06 2.59612e+06 2.59453e+06 2.59321e+06 2.59211e+06 2.59118e+06 2.59041e+06 2.58975e+06 2.58919e+06 2.58872e+06 2.58832e+06 2.58798e+06 2.58769e+06 2.58745e+06 2.58724e+06 2.58706e+06 2.58691e+06 2.58678e+06 2.58667e+06 2.58657e+06 2.58649e+06 2.58642e+06 2.58636e+06 2.58631e+06 2.58627e+06 2.58623e+06 2.5862e+06 2.58617e+06 2.58615e+06 2.58613e+06 2.58612e+06 2.5861e+06 2.58609e+06 2.58608e+06 2.58607e+06 2.58606e+06 2.58605e+06 2.58605e+06 2.58604e+06 2.58604e+06 2.58604e+06 2.58603e+06 2.58603e+06 2.58603e+06 2.58603e+06 2.58603e+06 2.58602e+06 2.58602e+06 2.58602e+06 2.58602e+06 2.58602e+06 2.58602e+06 2.58602e+06 2.58602e+06 2.58602e+06 2.58602e+06 2.58602e+06 2.58602e+06 2.58602e+06 2.58602e+06 2.58602e+06 2.58602e+06 2.58602e+06 2.58602e+06 2.58602e+06 2.58602e+06 2.58602e+06 2.58602e+06 2.58602e+06 2.58602e+06 2.58602e+06 0 0 0 0 0 0 0 0 0 0 0 0 0 0 0 0 0 0 0 0 0 0 0 0 0
#obs survey bio
 10610.2 7786.76 16310.2 19160.2 21310.9 30705.2 30814.6 49741.2 34155 45543.2 48841.2 95983.3 117820 138256 136328 146591 114382 111641 124958 97148.2 65329.3 83104.9 92067.6 110476 141125 116592 91967.6 107411 108223
#pred catch bio
 7923.69 5672.72 6915.46 9774.88 15345.9 17748.6 23971.4 27270 35596.7 38144.7 51952.3 60737.7 78010.5 103782 104777 93430.4 100766 86224.2 92172.1 84126.6 84780.6 87509.4 97155.5 111725 116370 124440 119899 92996.2 82387.4 0 35357.1 49898.3 52414.2 49586 44823.6 39680.1 34924.5 30879.8 27615.1 25071.6 23138.8 21696.6 20633.3 19848.9 19271.2 18864.5 18578.2 18376.6 18234.6 18134.7 18064.3 18014.8 17979.9 17955.3 17938 17925.8 17917.3 17911.2 17907 17904 17901.9 17900.4 17899.4 17898.6 17898.1 17897.7 17897.5 17897.3 17897.2 17897.1 17897 17897 17897 17896.9 17896.9 17896.9 17896.9 17896.9 17896.9 17896.9 17896.9 17896.9 17896.9 17896.9 17896.9 17896.9 17896.9 17896.9 17896.9 17896.9 17896.9 17896.9 17896.9 17896.9 17896.9 17896.9 17896.9 17896.9 17896.9 17896.9 17896.9 17896.9 17896.9 17896.9 17896.9 17896.9 17896.9 17896.9 17896.9 17896.9 17896.9 17896.9 17896.9 17896.9 17896.9 17896.9 17896.9 17896.9 17896.9 17896.9 17896.9 17896.9 17896.9 17896.9 17896.9 17896.9 17896.9 17896.9 17896.9 0 0 0 0 0 0 0 0 0 0 0 0 0 0 0 0 0 0 0 0 0 0 0 0 0
#obs catch bio
 6361.63 5699.68 6798.16 9566.59 15248.5 17223.6 23986 26429.2 35525.2 37746 51487.4 59369.3 74553.6 100545 102659 91740 98681.4 83871 89389.6 80955.9 83036.2 84924.2 95689.2 108809 109485 120796 120377 90575.1 80643.4
#pred cpue bio
 8878.2 6954.1 8266.2 11906.6 16530.3 18799.6 23306.5 26193.7 30233.3 31690.8 42283.1 49748.3 61931.1 80994.1 84078 75067.7 73020.4 63291.7 64589 60052.1 57116.4 57934.1 64044.7 69723.3 73662.7 78491.2 73367.3 59302.9 62708.8 2.08614e+06 4.46113e+06 6.39682e+06 6.77914e+06 6.46843e+06 5.90608e+06 5.28767e+06 4.70946e+06 4.21256e+06 3.80689e+06 3.48654e+06 3.23911e+06 3.05077e+06 2.90844e+06 2.79975e+06 2.71607e+06 2.65481e+06 2.60964e+06 2.57607e+06 2.55092e+06 2.53191e+06 2.5174e+06 2.50622e+06 2.49752e+06 2.49069e+06 2.48528e+06 2.48095e+06 2.47746e+06 2.47462e+06 2.47229e+06 2.47038e+06 2.46879e+06 2.46748e+06 2.46637e+06 2.46545e+06 2.46467e+06 2.46401e+06 2.46346e+06 2.46298e+06 2.46259e+06 2.46225e+06 2.46196e+06 2.46171e+06 2.4615e+06 2.46132e+06 2.46117e+06 2.46104e+06 2.46093e+06 2.46084e+06 2.46075e+06 2.46069e+06 2.46063e+06 2.46058e+06 2.46053e+06 2.4605e+06 2.46046e+06 2.46044e+06 2.46041e+06 2.46039e+06 2.46038e+06 2.46036e+06 2.46035e+06 2.46034e+06 2.46033e+06 2.46032e+06 2.46032e+06 2.46031e+06 2.46031e+06 2.4603e+06 2.4603e+06 2.4603e+06 2.46029e+06 2.46029e+06 2.46029e+06 2.46029e+06 2.46029e+06 2.46029e+06 2.46028e+06 2.46028e+06 2.46028e+06 2.46028e+06 2.46028e+06 2.46028e+06 2.46028e+06 2.46028e+06 2.46028e+06 2.46028e+06 2.46028e+06 2.46028e+06 2.46028e+06 2.46028e+06 2.46028e+06 2.46028e+06 2.46028e+06 2.46028e+06 2.46028e+06 2.46028e+06 2.46028e+06 2.46028e+06 2.46028e+06 0 0 0 0 0 0 0 0 0 0 0 0 0 0 0 0 0 0 0 0 0 0 0 0 0
#obs cpue bio
 4937.35 7437.59 9831.32 13254.8 22892 28965.9 22759.4 42253.2 39072.2 40843.3 62076.7 86713 105428 111162 98659.6 93865.4 94173.3 103846 81788.8 125423 108554 105779 104043 132323 188241 120249 93915 103981 104125
#pred surv len freq
 2.56089e-27 2.58231e-27 2.79573e-26 5.35796e-20 1.31344e-14 3.89196e-10 1.39403e-06 0.000603564 0.0315883 0.199837 0.153227 0.0399583 0.196492 0.181732 0.0457746 0.0591283 0.0253177 0.0193362 0.0118381 0.00896853 0.00701884 0.00606122 0.0060789 0.00539196 0.00164631
 2.56352e-27 2.58959e-27 3.4432e-26 6.72385e-20 1.64827e-14 4.88412e-10 1.74941e-06 0.000757428 0.039641 0.25078 0.192093 0.0378324 0.153012 0.142247 0.0506754 0.0799662 0.0273165 0.0116285 0.0051831 0.00293683 0.00186752 0.00138003 0.0012269 0.00108945 0.000364657
 2.56608e-27 2.59629e-27 4.00655e-26 7.91218e-20 1.93957e-14 5.74731e-10 2.05859e-06 0.00089129 0.0466469 0.295101 0.225951 0.0388268 0.13679 0.12664 0.0363333 0.0513219 0.0207335 0.0135112 0.00440482 0.00140588 0.000590966 0.00033122 0.000243566 0.000203411 7.05387e-05
 2.56438e-27 2.59154e-27 3.5727e-26 6.99687e-20 1.7152e-14 5.08244e-10 1.82044e-06 0.000788183 0.0412507 0.260963 0.199922 0.0412098 0.173213 0.160082 0.0392599 0.0494446 0.0181222 0.00963119 0.00398391 0.00154136 0.000358642 0.000112928 5.84094e-05 4.19933e-05 1.44277e-05
 2.56386e-27 2.59035e-27 3.49072e-26 6.82402e-20 1.67283e-14 4.95688e-10 1.77547e-06 0.000768712 0.0402316 0.254516 0.194972 0.0395073 0.163735 0.151823 0.0466267 0.0683111 0.0236161 0.0103455 0.00368322 0.00134531 0.000402971 8.01194e-05 1.98291e-05 1.0175e-05 3.28016e-06
 2.56498e-27 2.59327e-27 3.73434e-26 7.33789e-20 1.7988e-14 5.33015e-10 1.90917e-06 0.000826599 0.0432612 0.273682 0.209615 0.0399959 0.157165 0.145449 0.0398605 0.0545276 0.0201127 0.0106671 0.00347373 0.00102197 0.000267649 6.01613e-05 8.94699e-06 2.10329e-06 5.65332e-07
 2.5646e-27 2.59213e-27 3.62596e-26 7.10924e-20 1.74274e-14 5.16406e-10 1.84968e-06 0.000800841 0.0419131 0.265154 0.203117 0.0409227 0.168783 0.156072 0.0399715 0.0520395 0.0183277 0.00856953 0.00305387 0.00100572 0.000218358 4.1457e-05 6.00314e-06 6.56246e-07 1.03723e-07
 2.56484e-27 2.59273e-27 3.67527e-26 7.21324e-20 1.76824e-14 5.23961e-10 1.87674e-06 0.000812557 0.0425263 0.269033 0.206082 0.0410695 0.167818 0.155156 0.0393717 0.0508515 0.0171847 0.00692972 0.00226656 0.000694042 0.000169547 2.91143e-05 3.49902e-06 2.8928e-07 2.01311e-08
 2.56514e-27 2.59353e-27 3.74246e-26 7.35497e-20 1.80298e-14 5.34256e-10 1.91361e-06 0.000828522 0.0433619 0.274319 0.210119 0.0411143 0.165323 0.152807 0.0381214 0.0485812 0.0163412 0.0064512 0.00197177 0.000521191 0.000114828 2.06607e-05 2.32705e-06 1.54877e-07 6.19938e-09
 2.56744e-27 2.59958e-27 4.25912e-26 8.44485e-20 2.07015e-14 6.13423e-10 2.19718e-06 0.000951295 0.0497873 0.314968 0.241158 0.0411082 0.143469 0.132318 0.0286798 0.0321461 0.010446 0.00358079 0.00106121 0.000264305 5.07608e-05 8.01378e-06 8.9913e-07 5.52253e-08 1.63397e-09
 2.56601e-27 2.59561e-27 3.89954e-26 7.68624e-20 1.88419e-14 5.58319e-10 1.9998e-06 0.000865839 0.0453149 0.286675 0.21958 0.0428223 0.171673 0.158213 0.0308951 0.0306542 0.00960387 0.00274238 0.000756495 0.000167145 3.02152e-05 4.20755e-06 4.08667e-07 2.41598e-08 6.34825e-10
 2.56644e-27 2.59686e-27 4.01708e-26 7.93422e-20 1.94498e-14 5.76332e-10 2.06433e-06 0.000893774 0.0467769 0.295924 0.226628 0.041893 0.159649 0.14727 0.0317195 0.035271 0.0107205 0.00248732 0.000627789 0.000116199 1.85459e-05 2.33259e-06 1.98967e-07 1.0201e-08 2.50938e-10
 2.56761e-27 2.59999e-27 4.28974e-26 8.50941e-20 2.08598e-14 6.18113e-10 2.21398e-06 0.000958567 0.050168 0.317376 0.243002 0.0414499 0.144773 0.133444 0.0274749 0.0290851 0.00906472 0.00248436 0.000609873 9.27569e-05 1.2557e-05 1.32986e-06 9.93174e-08 4.4161e-09 9.47908e-11
 2.56579e-27 2.59498e-27 3.84138e-26 7.56355e-20 1.85411e-14 5.49407e-10 1.96788e-06 0.000852018 0.0445915 0.282099 0.216093 0.0432522 0.177395 0.163443 0.0309193 0.0293797 0.00901766 0.00227015 0.000573854 9.91093e-05 1.21365e-05 1.03989e-06 6.35093e-08 2.40662e-09 4.43904e-11
 2.56407e-27 2.59041e-27 3.44676e-26 6.7311e-20 1.65005e-14 4.88939e-10 1.7513e-06 0.000758244 0.0396838 0.251051 0.19239 0.0435596 0.196387 0.181191 0.0380861 0.0412408 0.0123561 0.00256793 0.000613569 9.88522e-05 1.29799e-05 1.12221e-06 5.57053e-08 1.68297e-09 2.59394e-11
 2.56525e-27 2.59371e-27 3.74764e-26 7.36586e-20 1.80565e-14 5.35047e-10 1.91645e-06 0.000829748 0.043426 0.274725 0.210442 0.0419174 0.171207 0.158117 0.0369294 0.0444329 0.0136572 0.00339164 0.00079983 0.00010825 1.30507e-05 1.1273e-06 5.77116e-08 1.46665e-09 1.77959e-11
 2.56568e-27 2.59478e-27 3.83261e-26 7.54509e-20 1.84959e-14 5.48066e-10 1.96308e-06 0.000849938 0.0444827 0.28141 0.215555 0.0424865 0.171946 0.158589 0.0332117 0.0358518 0.0113112 0.00332312 0.000834748 0.000130592 1.46738e-05 1.09226e-06 5.38514e-08 1.3853e-09 1.45518e-11
 2.56609e-27 2.59576e-27 3.90732e-26 7.70263e-20 1.88821e-14 5.59509e-10 2.00407e-06 0.000867685 0.0454115 0.287286 0.220055 0.0433049 0.175012 0.161193 0.0296014 0.0269279 0.00808137 0.00173801 0.000432126 7.70366e-05 9.65888e-06 7.50726e-07 3.22435e-08 7.72436e-10 8.02562e-12
 2.56643e-27 2.59673e-27 3.99621e-26 7.89016e-20 1.93418e-14 5.73132e-10 2.05286e-06 0.000888811 0.0465171 0.29428 0.225387 0.04274 0.166967 0.15385 0.0297443 0.0290918 0.00857347 0.00155561 0.000347765 4.82597e-05 6.25867e-06 5.55327e-07 2.5737e-08 5.62573e-10 5.34631e-12
 2.56565e-27 2.59454e-27 3.79495e-26 7.46557e-20 1.83009e-14 5.4229e-10 1.94239e-06 0.000840981 0.0440139 0.278444 0.213314 0.0439489 0.184649 0.170021 0.0299744 0.0255472 0.0075246 0.00138252 0.000299354 3.46056e-05 3.65077e-06 2.8607e-07 1.4794e-08 3.53217e-10 3.1848e-12
 2.56726e-27 2.59896e-27 4.19254e-26 8.30433e-20 2.03571e-14 6.03216e-10 2.16062e-06 0.000935466 0.0489589 0.309728 0.237174 0.0422463 0.154928 0.142721 0.0274292 0.0266084 0.00774249 0.00123352 0.000259135 3.01734e-05 2.90535e-06 1.81378e-07 7.85724e-09 1.97269e-10 1.943e-12
 2.56765e-27 2.59992e-27 4.26654e-26 8.46042e-20 2.07397e-14 6.14554e-10 2.20123e-06 0.000953049 0.0498791 0.315549 0.24163 0.0429493 0.157147 0.144541 0.0236354 0.0175059 0.00511377 0.00088707 0.000185501 1.88263e-05 1.74106e-06 1.03655e-07 3.67374e-09 7.54391e-11 7.42172e-13
 2.56747e-27 2.59942e-27 4.22234e-26 8.36718e-20 2.05111e-14 6.07781e-10 2.17697e-06 0.000942545 0.0493294 0.312072 0.238977 0.0430663 0.159902 0.147093 0.0242747 0.0183122 0.00521472 0.00066882 0.000130248 1.41761e-05 1.25859e-06 6.70485e-08 2.25316e-09 3.91052e-11 3.13573e-13
 2.56814e-27 2.60124e-27 4.38392e-26 8.70803e-20 2.13467e-14 6.32541e-10 2.26565e-06 0.000980942 0.051339 0.324784 0.248676 0.0425546 0.149193 0.137217 0.0226212 0.0170289 0.00485089 0.000624422 0.000116697 9.74825e-06 8.08327e-07 4.4092e-08 1.34987e-09 2.15279e-11 1.49125e-13
 2.56785e-27 2.60041e-27 4.30467e-26 8.54084e-20 2.09368e-14 6.20396e-10 2.22215e-06 0.000962108 0.0503532 0.318549 0.243926 0.0432552 0.157862 0.145105 0.021992 0.0136097 0.00383953 0.000454791 8.23894e-05 6.74424e-06 4.94816e-07 2.16835e-08 6.51162e-10 9.81422e-12 6.16173e-14
 2.56729e-27 2.59891e-27 4.17378e-26 8.26471e-20 2.02599e-14 6.00338e-10 2.15031e-06 0.000931002 0.0487253 0.30825 0.236065 0.0434694 0.165015 0.151753 0.0240255 0.0165679 0.00464031 0.000470425 7.91103e-05 6.05082e-06 4.26839e-07 1.74305e-08 4.2939e-10 5.83009e-12 3.50013e-14
 2.56679e-27 2.59755e-27 4.0531e-26 8.01013e-20 1.96359e-14 5.81846e-10 2.08407e-06 0.000902324 0.0472244 0.298755 0.228821 0.0438899 0.173304 0.159388 0.0251249 0.0171532 0.00482053 0.000519443 8.83507e-05 5.86201e-06 3.71334e-07 1.41146e-08 3.26651e-10 3.77905e-12 1.95792e-14
 2.56758e-27 2.59967e-27 4.23888e-26 8.40203e-20 2.05966e-14 6.10313e-10 2.18604e-06 0.000946471 0.0495349 0.313372 0.239976 0.0434882 0.16241 0.149296 0.022627 0.0139994 0.00390277 0.00037877 6.15953e-05 4.21966e-06 2.60129e-07 8.47226e-09 1.77214e-10 1.90024e-12 8.63158e-15
 2.5678e-27 2.60031e-27 4.29947e-26 8.52988e-20 2.091e-14 6.196e-10 2.2193e-06 0.000960873 0.0502887 0.31814 0.243609 0.0429683 0.155901 0.143372 0.0230727 0.0165049 0.00462695 0.000470592 7.77391e-05 4.99059e-06 2.98312e-07 9.86717e-09 1.87508e-10 1.75192e-12 7.26561e-15
#obs surv len freq
 1.08585e-41 1.50708e-33 2.52844e-26 5.12763e-20 1.25698e-14 3.72466e-10 1.33411e-06 0.000577624 0.0302305 0.191248 0.146745 0.0402093 0.173504 0.1468 0.103806 0.101622 0.0438543 0.0170752 0.00382265 0.000478733 2.4634e-05 3.75116e-07 1.26887e-09 7.78824e-13 7.61239e-17
 1.60607e-41 2.22912e-33 3.73981e-26 7.58427e-20 1.85919e-14 5.50913e-10 1.97328e-06 0.000854363 0.044714 0.282874 0.216725 0.0407028 0.126635 0.102193 0.0758668 0.0685171 0.028551 0.0101204 0.00201999 0.000215243 8.99061e-06 1.05971e-07 2.67116e-10 1.19061e-13 8.31808e-18
 1.53475e-41 2.13013e-33 3.57374e-26 7.24748e-20 1.77663e-14 5.26449e-10 1.88565e-06 0.000816424 0.0427284 0.270313 0.207363 0.0499904 0.176719 0.128832 0.0566092 0.0427689 0.0172406 0.00554761 0.000979927 8.75618e-05 2.91603e-06 2.62916e-08 4.9181e-11 1.59315e-14 7.97849e-19
 1.07632e-41 1.49386e-33 2.50626e-26 5.08264e-20 1.24595e-14 3.69198e-10 1.32241e-06 0.000572556 0.0299653 0.189571 0.14594 0.0564406 0.229982 0.16294 0.0981039 0.0659362 0.0160013 0.00389958 0.000599715 4.4433e-05 1.16307e-06 7.91268e-09 1.08897e-11 2.55509e-15 9.17374e-20
 1.50401e-41 2.08747e-33 3.50217e-26 7.10232e-20 1.74105e-14 5.15905e-10 1.84789e-06 0.000800072 0.0418726 0.2649 0.203264 0.0472687 0.142372 0.104213 0.103741 0.0688496 0.0188635 0.00350901 0.000326541 1.83494e-05 3.7244e-07 1.89232e-09 1.89818e-12 3.20431e-16 8.21774e-21
 1.19961e-41 1.66499e-33 2.79336e-26 5.66488e-20 1.38868e-14 4.11491e-10 1.47389e-06 0.000638145 0.033398 0.211289 0.162885 0.0650194 0.231426 0.144137 0.0784885 0.049719 0.0189909 0.00370739 0.000291291 9.97202e-06 1.3497e-07 4.98487e-10 3.61697e-13 4.3655e-17 7.95397e-22
 1.37954e-41 1.91472e-33 3.21233e-26 6.51455e-20 1.59697e-14 4.7321e-10 1.69496e-06 0.000733859 0.0384073 0.242979 0.186959 0.0579319 0.174946 0.116455 0.109483 0.056717 0.0127078 0.00245397 0.000218491 6.25066e-06 5.32034e-08 1.22663e-10 6.08382e-14 5.17961e-18 6.67024e-23
 1.197e-41 1.66136e-33 2.78728e-26 5.65254e-20 1.38565e-14 4.10595e-10 1.47068e-06 0.000636755 0.0333252 0.210831 0.162982 0.0723889 0.227631 0.133383 0.0932545 0.0489335 0.0144824 0.00201554 0.000130908 3.65226e-06 2.60277e-08 3.97204e-11 1.21258e-14 6.66799e-19 5.83739e-24
 1.51287e-41 2.09977e-33 3.52279e-26 7.14416e-20 1.75131e-14 5.18944e-10 1.85877e-06 0.000804784 0.0421192 0.266464 0.205279 0.0644064 0.166968 0.104099 0.0965571 0.0422946 0.00955973 0.0013661 7.90323e-05 1.55648e-06 9.13041e-09 1.14161e-11 2.48307e-15 8.78632e-20 4.85726e-25
 1.51691e-41 2.10536e-33 3.53219e-26 7.1632e-20 1.75597e-14 5.20327e-10 1.86373e-06 0.00080693 0.0422315 0.267177 0.206437 0.0777507 0.197829 0.103659 0.0668406 0.0290541 0.00734026 0.000830224 4.01459e-05 6.76352e-07 2.88312e-09 2.66553e-12 4.50632e-16 1.19782e-20 4.6353e-26
 1.09684e-41 1.52234e-33 2.55403e-26 5.17953e-20 1.2697e-14 3.76236e-10 1.34761e-06 0.000583471 0.0305365 0.193198 0.151031 0.0972979 0.258462 0.136074 0.0949387 0.0317589 0.00551372 0.000579672 2.40914e-05 3.13276e-07 1.05145e-09 7.17759e-13 8.61064e-17 1.66251e-21 4.77653e-27
 1.66832e-41 2.31552e-33 3.88476e-26 7.87822e-20 1.93125e-14 5.72265e-10 2.04976e-06 0.000887476 0.046447 0.293848 0.226877 0.0712741 0.144675 0.0938422 0.0891262 0.0282139 0.00447115 0.000326655 1.00427e-05 1.05988e-07 2.69188e-10 1.36617e-13 1.20551e-17 1.66245e-22 3.36166e-28
 1.33377e-41 1.85118e-33 3.10574e-26 6.29837e-20 1.54397e-14 4.57507e-10 1.63872e-06 0.000709507 0.0371328 0.234937 0.184074 0.110512 0.242944 0.106897 0.0578457 0.0206226 0.00404901 0.000268208 6.1158e-06 4.41255e-08 8.25325e-11 3.11141e-14 1.99424e-18 1.98507e-23 2.88442e-29
 1.11875e-41 1.55274e-33 2.60505e-26 5.28299e-20 1.29506e-14 3.83751e-10 1.37453e-06 0.000595126 0.0311465 0.197073 0.155757 0.112019 0.235465 0.13762 0.103404 0.0237973 0.00291427 0.000202533 4.51938e-06 2.49589e-08 3.16173e-11 8.16426e-15 3.7271e-19 2.66661e-24 2.76931e-30
 8.76438e-42 1.21644e-33 2.04083e-26 4.13876e-20 1.01457e-14 3.00635e-10 1.07683e-06 0.000466228 0.0244006 0.154408 0.124441 0.123452 0.249261 0.159822 0.124429 0.0344886 0.00462328 0.000202983 3.44461e-06 1.73233e-08 1.76861e-11 3.22316e-15 9.8944e-20 4.80929e-25 3.47484e-31
 1.41861e-41 1.96893e-33 3.30329e-26 6.69901e-20 1.64218e-14 4.86609e-10 1.74296e-06 0.000754639 0.0394949 0.249892 0.195887 0.0948164 0.160106 0.125988 0.10077 0.0281403 0.00396251 0.000184504 2.45368e-06 8.37947e-09 6.67448e-12 9.81064e-16 2.26967e-20 7.76608e-26 3.81681e-32
 9.7351e-42 1.35117e-33 2.26686e-26 4.59715e-20 1.12694e-14 3.33932e-10 1.19609e-06 0.000517866 0.0271031 0.171548 0.141453 0.162069 0.272759 0.12648 0.0724611 0.0222746 0.00318473 0.000146818 1.90761e-06 5.491e-09 3.08883e-12 3.17049e-16 5.45956e-21 1.42393e-26 5.22467e-33
 1.43672e-41 1.99407e-33 3.34546e-26 6.78453e-20 1.66315e-14 4.92821e-10 1.7652e-06 0.000764273 0.0399991 0.253108 0.200351 0.108178 0.161676 0.135623 0.083566 0.0150445 0.00161569 7.26621e-05 8.85114e-07 2.30655e-09 1.09927e-12 8.58955e-17 1.03864e-21 1.87659e-27 4.89743e-34
 1.00267e-41 1.39164e-33 2.33476e-26 4.73485e-20 1.16069e-14 3.43934e-10 1.23192e-06 0.000533378 0.027915 0.176743 0.149408 0.183634 0.261318 0.121254 0.0620711 0.0156391 0.00144085 4.14346e-05 4.06718e-07 9.27132e-10 3.77396e-13 2.44086e-17 2.33952e-22 3.17487e-28 5.93263e-35
 1.28441e-41 1.78268e-33 2.99081e-26 6.0653e-20 1.48684e-14 4.40577e-10 1.57808e-06 0.000683252 0.0357589 0.22634 0.183695 0.131977 0.181116 0.153157 0.0747463 0.0115269 0.000969735 2.75467e-05 1.91876e-07 3.07685e-10 9.8247e-14 5.14073e-18 3.94995e-23 4.22757e-29 6.11062e-36
 1.41026e-41 1.95734e-33 3.28385e-26 6.65958e-20 1.63252e-14 4.83745e-10 1.73269e-06 0.000750197 0.0392626 0.248564 0.204423 0.158977 0.187116 0.101881 0.0483648 0.00997167 0.000673731 1.37728e-05 8.21055e-08 1.01862e-10 2.25173e-14 8.33275e-19 4.77531e-24 3.91581e-30 4.35599e-37
 1.13094e-41 1.56967e-33 2.63345e-26 5.34058e-20 1.30918e-14 3.87934e-10 1.38952e-06 0.000601613 0.0314865 0.199474 0.173011 0.196856 0.225335 0.122178 0.0442723 0.00635357 0.000422177 8.08997e-06 3.54741e-08 3.29248e-11 5.60859e-15 1.51522e-19 6.0459e-25 3.44708e-31 2.7305e-38
 1.37635e-41 1.91028e-33 3.2049e-26 6.49947e-20 1.59327e-14 4.72115e-10 1.69104e-06 0.000732161 0.0383189 0.242685 0.203222 0.160438 0.179132 0.12622 0.0437444 0.00525646 0.000246095 3.69258e-06 1.40456e-08 1.0197e-11 1.25457e-15 2.4652e-20 7.24893e-26 3.00312e-32 1.6855e-39
 1.35469e-41 1.88023e-33 3.15447e-26 6.3972e-20 1.5682e-14 4.64686e-10 1.66443e-06 0.00072064 0.0377163 0.239014 0.207018 0.194148 0.188248 0.0968389 0.0319961 0.00413146 0.000165662 1.78899e-06 4.83985e-09 2.71381e-12 2.61748e-16 3.84479e-21 8.12321e-27 2.39776e-33 9.65714e-41
 1.18636e-41 1.64659e-33 2.76249e-26 5.60227e-20 1.37333e-14 4.06943e-10 1.4576e-06 0.000631093 0.0330302 0.209521 0.190209 0.213998 0.206883 0.113071 0.0296464 0.00290233 0.000106192 1.01283e-06 2.05448e-09 7.99488e-13 5.4576e-17 5.91495e-22 9.36627e-28 2.04804e-34 5.98195e-42
 1.06424e-41 1.47709e-33 2.47812e-26 5.02558e-20 1.23196e-14 3.65053e-10 1.30756e-06 0.000566129 0.0296307 0.188168 0.178209 0.221131 0.217344 0.129697 0.0323872 0.00278952 7.61822e-05 5.65605e-07 9.45937e-10 2.86587e-13 1.40534e-17 1.05451e-22 1.16123e-28 1.80338e-35 3.81168e-43
 1.05161e-41 1.45956e-33 2.44872e-26 4.96595e-20 1.21735e-14 3.60722e-10 1.29205e-06 0.000559412 0.0292799 0.186105 0.180021 0.221559 0.216631 0.131442 0.0317267 0.0026143 6.10886e-05 3.45784e-07 4.21577e-10 9.63222e-14 3.62287e-18 2.03501e-23 1.61501e-29 1.75759e-36 2.57398e-44
 1.2681e-41 1.76004e-33 2.95283e-26 5.98828e-20 1.46796e-14 4.34983e-10 1.55804e-06 0.000674577 0.0353068 0.224128 0.204557 0.199805 0.192518 0.113417 0.0272964 0.00224541 5.10404e-05 2.65951e-07 2.74502e-10 5.01324e-14 1.4939e-18 6.77794e-24 4.41974e-30 3.9604e-37 4.72624e-45
 1.26813e-41 1.76007e-33 2.95289e-26 5.9884e-20 1.46799e-14 4.34991e-10 1.55807e-06 0.00067459 0.0353075 0.224132 0.204561 0.199814 0.192686 0.113769 0.0269158 0.00209479 4.40863e-05 2.08451e-07 1.92354e-10 3.1038e-14 8.10107e-19 3.20198e-24 1.81378e-30 1.40997e-37 1.45835e-45
#pred catch len freq
 2.55652e-27 2.57071e-27 1.80123e-26 3.2601e-20 7.99175e-15 2.3681e-10 8.48213e-07 0.000367244 0.0192202 0.121593 0.0934865 0.0402914 0.240999 0.223153 0.0593229 0.0797601 0.0340285 0.0257969 0.0156973 0.0118366 0.00923887 0.00796914 0.00798923 0.00708585 0.00216349
 2.55813e-27 2.57542e-27 2.23474e-26 4.17467e-20 1.02337e-14 3.03243e-10 1.08617e-06 0.000470268 0.0246121 0.155704 0.11949 0.0375946 0.202211 0.188438 0.0731069 0.119594 0.0408134 0.0172858 0.00766671 0.00432143 0.00274023 0.0020224 0.00179722 0.00159574 0.000534115
 2.5606e-27 2.58179e-27 2.76123e-26 5.28521e-20 1.29561e-14 3.83911e-10 1.3751e-06 0.000595368 0.0311594 0.197123 0.151148 0.0395242 0.194652 0.180595 0.0559581 0.0827001 0.033356 0.0216459 0.0070348 0.00223124 0.00093485 0.000523172 0.000384528 0.0003211 0.00011135
 2.55908e-27 2.57743e-27 2.35196e-26 4.42172e-20 1.08393e-14 3.21188e-10 1.15044e-06 0.000498097 0.0260686 0.164918 0.126605 0.0426117 0.235392 0.217901 0.0574263 0.0764313 0.0279901 0.0148145 0.00610159 0.00234994 0.000545263 0.000171336 8.85597e-05 6.36612e-05 2.18719e-05
 2.55892e-27 2.57728e-27 2.3666e-26 4.45272e-20 1.09153e-14 3.2344e-10 1.15851e-06 0.000501589 0.0262514 0.166074 0.12745 0.0401784 0.216282 0.200886 0.0656819 0.0995013 0.0343315 0.0149181 0.00528793 0.00192006 0.000573522 0.00011386 2.81521e-05 1.44425e-05 4.65582e-06
 2.56002e-27 2.58008e-27 2.59551e-26 4.93555e-20 1.20989e-14 3.58512e-10 1.28413e-06 0.000555979 0.0290979 0.184082 0.141215 0.0411062 0.213671 0.198056 0.0575261 0.0816859 0.0300559 0.0158178 0.00513224 0.00150056 0.000391777 8.79182e-05 1.30654e-05 3.07033e-06 8.25221e-07
 2.56004e-27 2.57998e-27 2.57126e-26 4.88432e-20 1.19733e-14 3.54791e-10 1.2708e-06 0.000550209 0.0287959 0.182172 0.139776 0.0423653 0.224264 0.207624 0.05551 0.0745675 0.026185 0.012114 0.00429684 0.00140686 0.000304577 5.77165e-05 8.35101e-06 9.12615e-07 1.44229e-07
 2.56031e-27 2.58064e-27 2.62429e-26 4.99618e-20 1.22475e-14 3.62916e-10 1.2999e-06 0.000562809 0.0294554 0.186344 0.142966 0.0426188 0.223953 0.207301 0.0548426 0.0730552 0.024626 0.0098208 0.00319791 0.000973015 0.000236993 4.063e-05 4.87874e-06 4.03214e-07 2.80565e-08
 2.56121e-27 2.58301e-27 2.82514e-26 5.41985e-20 1.32861e-14 3.93692e-10 1.41014e-06 0.000610535 0.0319532 0.202145 0.155034 0.042726 0.216289 0.200086 0.0509608 0.0659945 0.0221171 0.00859886 0.00261598 0.000686624 0.000150791 2.70822e-05 3.04795e-06 2.02786e-07 8.11601e-09
 2.56348e-27 2.58893e-27 3.32489e-26 6.47404e-20 1.58703e-14 4.70266e-10 1.68442e-06 0.000729287 0.0381683 0.241463 0.185063 0.0431809 0.198653 0.183402 0.0406319 0.0465629 0.0150877 0.00509625 0.00150331 0.000371829 7.11891e-05 1.12167e-05 1.25742e-06 7.72064e-08 2.28404e-09
 2.56218e-27 2.58525e-27 2.9877e-26 5.76267e-20 1.41265e-14 4.18593e-10 1.49933e-06 0.000649153 0.0339743 0.214931 0.164836 0.0451706 0.228006 0.210286 0.0417169 0.0422322 0.0131989 0.00370964 0.00101837 0.00022338 4.02511e-05 5.59404e-06 5.42829e-07 3.20795e-08 8.42821e-10
 2.56257e-27 2.58642e-27 3.10042e-26 6.00049e-20 1.47095e-14 4.35868e-10 1.56121e-06 0.000675943 0.0353764 0.223801 0.17159 0.044017 0.214481 0.198019 0.0434363 0.0492169 0.0149309 0.0034102 0.000856512 0.000157362 2.50318e-05 3.14173e-06 2.67734e-07 1.37212e-08 3.37486e-10
 2.56387e-27 2.5899e-27 3.40212e-26 6.63693e-20 1.62696e-14 4.82099e-10 1.7268e-06 0.000747637 0.0391286 0.247539 0.18971 0.0436304 0.198809 0.18342 0.0383619 0.0413389 0.0128525 0.00346624 0.000847449 0.000127928 1.72578e-05 1.82355e-06 1.36048e-07 6.04678e-09 1.29773e-10
 2.5622e-27 2.58526e-27 2.9832e-26 5.75316e-20 1.41032e-14 4.17902e-10 1.49686e-06 0.000648081 0.0339182 0.214577 0.164572 0.0455969 0.231435 0.213367 0.0407554 0.0392458 0.0120171 0.00297324 0.000747927 0.000128215 1.56529e-05 1.33794e-06 8.16213e-08 3.09149e-09 5.70131e-11
 2.56053e-27 2.58084e-27 2.60515e-26 4.95567e-20 1.21482e-14 3.59974e-10 1.28937e-06 0.000558246 0.0292166 0.184833 0.14186 0.0456197 0.247566 0.228534 0.0485532 0.0531901 0.0159055 0.00324891 0.000772167 0.000123462 1.61575e-05 1.39391e-06 6.91182e-08 2.08708e-09 3.21613e-11
 2.5616e-27 2.5839e-27 2.88805e-26 5.55252e-20 1.36113e-14 4.03328e-10 1.44465e-06 0.00062548 0.0327354 0.207093 0.158828 0.0437525 0.221435 0.204645 0.0483876 0.058854 0.018046 0.00440474 0.00103427 0.000138921 1.66882e-05 1.43816e-06 7.35501e-08 1.86824e-09 2.26634e-11
 2.56267e-27 2.58663e-27 3.11466e-26 6.0305e-20 1.47831e-14 4.38048e-10 1.56902e-06 0.000679324 0.0355534 0.224921 0.17245 0.0443578 0.21647 0.199742 0.0416816 0.0448132 0.0140861 0.00405416 0.00101358 0.00015733 1.76223e-05 1.30844e-06 6.44359e-08 1.65675e-09 1.73997e-11
 2.56284e-27 2.58695e-27 3.12795e-26 6.0585e-20 1.48517e-14 4.40082e-10 1.5763e-06 0.000682477 0.0357184 0.225965 0.173267 0.0455656 0.225088 0.207425 0.0381719 0.0348332 0.0104294 0.00220027 0.000543847 9.62136e-05 1.20264e-05 9.3265e-07 4.00132e-08 9.5803e-10 9.95176e-12
 2.56351e-27 2.5888e-27 3.29569e-26 6.41238e-20 1.57192e-14 4.65787e-10 1.66837e-06 0.000722341 0.0378047 0.239163 0.183332 0.0447447 0.21177 0.195221 0.0375731 0.0365268 0.0107409 0.00190929 0.000424128 5.83828e-05 7.54281e-06 6.67813e-07 3.09192e-08 6.75503e-10 6.41796e-12
 2.56261e-27 2.58627e-27 3.06217e-26 5.9197e-20 1.45114e-14 4.3e-10 1.54019e-06 0.000666842 0.0349001 0.220788 0.169324 0.0461881 0.232596 0.21426 0.0377076 0.0320426 0.00941752 0.00169615 0.000365137 4.18816e-05 4.40114e-06 3.43981e-07 1.77695e-08 4.24063e-10 3.82277e-12
 2.56455e-27 2.59161e-27 3.54254e-26 6.93311e-20 1.69957e-14 5.03612e-10 1.80385e-06 0.000781 0.0408747 0.258585 0.198153 0.0441461 0.196801 0.181378 0.034587 0.0331949 0.00963947 0.00150401 0.000313768 3.62457e-05 3.4772e-06 2.16505e-07 9.36711e-09 2.35048e-10 2.31464e-12
 2.56492e-27 2.59248e-27 3.60555e-26 7.06598e-20 1.73214e-14 5.13264e-10 1.83843e-06 0.000795968 0.0416581 0.263541 0.201952 0.0451109 0.201474 0.185407 0.0301644 0.0221047 0.00644256 0.00109448 0.000227471 2.29075e-05 2.10986e-06 1.2529e-07 4.43511e-09 9.10156e-11 8.95191e-13
 2.56478e-27 2.5921e-27 3.57239e-26 6.99604e-20 1.715e-14 5.08184e-10 1.82023e-06 0.00078809 0.0412458 0.260932 0.199962 0.0451917 0.203488 0.187277 0.0307203 0.0228904 0.00650777 0.000818232 0.000158035 1.70653e-05 1.50951e-06 8.0201e-08 2.69172e-09 4.6688e-11 3.74271e-13
 2.56581e-27 2.59489e-27 3.81933e-26 7.51698e-20 1.8427e-14 5.46024e-10 1.95577e-06 0.000846772 0.044317 0.280362 0.214786 0.0444321 0.187292 0.172335 0.0281196 0.0207234 0.00589214 0.000742666 0.000137662 1.14129e-05 9.41891e-07 5.1243e-08 1.56688e-09 2.49723e-11 1.72936e-13
 2.56537e-27 2.59362e-27 3.70081e-26 7.26692e-20 1.7814e-14 5.2786e-10 1.89071e-06 0.000818603 0.0428427 0.271035 0.207678 0.0453528 0.199291 0.183271 0.0275843 0.0167512 0.00471762 0.000547711 9.83677e-05 7.99256e-06 5.83813e-07 2.55112e-08 7.65033e-10 1.15232e-11 7.23259e-14
 2.56493e-27 2.59245e-27 3.59981e-26 7.05387e-20 1.72917e-14 5.12384e-10 1.83528e-06 0.000794604 0.0415867 0.263089 0.201612 0.0454322 0.204158 0.18782 0.0294492 0.0198524 0.00555172 0.000552 9.18885e-05 6.97663e-06 4.89843e-07 1.99483e-08 4.90728e-10 6.6579e-12 3.99591e-14
 2.56476e-27 2.592e-27 3.55854e-26 6.96679e-20 1.70782e-14 5.06059e-10 1.81262e-06 0.000784794 0.0410733 0.259841 0.199135 0.0456216 0.207339 0.19074 0.0296652 0.0196117 0.00550099 0.000580494 9.77634e-05 6.44155e-06 4.05887e-07 1.53842e-08 3.55525e-10 4.11005e-12 2.12868e-14
 2.56506e-27 2.59279e-27 3.62671e-26 7.11061e-20 1.74308e-14 5.16506e-10 1.85004e-06 0.000800996 0.0419212 0.265206 0.203231 0.0456158 0.204417 0.187995 0.0283001 0.0171905 0.00478572 0.000455958 7.33971e-05 4.99347e-06 3.06338e-07 9.94959e-09 2.0779e-10 2.22638e-12 1.01095e-14
 2.5642e-27 2.59051e-27 3.42968e-26 6.69497e-20 1.64119e-14 4.86314e-10 1.7419e-06 0.000754175 0.0394708 0.249704 0.191396 0.0457405 0.213682 0.19666 0.031952 0.0233307 0.00653793 0.000655772 0.000107552 6.86263e-06 4.08239e-07 1.34671e-08 2.55551e-10 2.38573e-12 9.89043e-15
#obs catch len freq
 5.03579e-42 6.98934e-34 1.17261e-26 2.37802e-20 5.82945e-15 1.72737e-10 6.18716e-07 0.000267883 0.0140199 0.0886953 0.0684533 0.0400034 0.219189 0.187017 0.143507 0.142868 0.06364 0.0255537 0.0059661 0.000776482 4.15288e-05 6.57764e-07 2.31525e-09 1.47577e-12 1.49202e-16
 5.74933e-42 7.97969e-34 1.33876e-26 2.71498e-20 6.65544e-15 1.97213e-10 7.06385e-07 0.00030584 0.0160065 0.101263 0.0781606 0.043748 0.223469 0.181772 0.14295 0.130769 0.0561908 0.0205548 0.00430611 0.000482084 2.10335e-05 2.57383e-07 6.71295e-10 3.08945e-13 2.22365e-17
 1.0817e-41 1.50133e-33 2.5188e-26 5.10807e-20 1.25218e-14 3.71045e-10 1.32902e-06 0.00057542 0.0301152 0.190519 0.146362 0.0452164 0.181762 0.140919 0.113879 0.0955219 0.0394252 0.0130492 0.00241814 0.000228299 8.00933e-06 7.52704e-08 1.45527e-10 4.84889e-14 2.49062e-18
 1.11395e-41 1.54609e-33 2.59389e-26 5.26035e-20 1.28951e-14 3.82106e-10 1.36864e-06 0.000592575 0.031013 0.196199 0.151042 0.0583959 0.237837 0.164257 0.0769383 0.0544924 0.0216351 0.00646091 0.0010505 8.23832e-05 2.28382e-06 1.63046e-08 2.32845e-11 5.62245e-15 2.06689e-19
 7.87098e-42 1.09244e-33 1.83279e-26 3.71687e-20 9.11147e-15 2.69989e-10 9.67058e-07 0.000418703 0.0219132 0.138633 0.107349 0.0647514 0.273413 0.184326 0.116523 0.0713451 0.01687 0.0038762 0.000544545 3.50674e-05 7.57414e-07 4.05474e-09 4.24292e-12 7.40196e-16 1.94783e-20
 1.26031e-41 1.74923e-33 2.9347e-26 5.95151e-20 1.45894e-14 4.32311e-10 1.54847e-06 0.000670433 0.0350878 0.221978 0.170724 0.0529739 0.17273 0.122267 0.124826 0.0752113 0.0198769 0.00335121 0.000287694 1.40836e-05 2.34024e-07 9.30191e-10 7.06899e-13 8.85271e-17 1.66167e-21
 1.0385e-41 1.44137e-33 2.41819e-26 4.90405e-20 1.20217e-14 3.56225e-10 1.27594e-06 0.000552438 0.0289124 0.182914 0.141593 0.073738 0.260252 0.153558 0.0859079 0.0506639 0.0184603 0.00321521 0.000224868 6.65956e-06 7.43136e-08 2.14099e-10 1.17321e-13 1.04842e-17 1.39639e-22
 1.28226e-41 1.7797e-33 2.98581e-26 6.05517e-20 1.48435e-14 4.39841e-10 1.57544e-06 0.000682111 0.035699 0.225847 0.174185 0.0643086 0.191873 0.12348 0.115864 0.054096 0.0117247 0.00207369 0.000160434 3.8503e-06 2.67248e-08 4.83024e-11 1.81063e-14 1.13988e-18 1.07196e-23
 1.15135e-41 1.59799e-33 2.68097e-26 5.43695e-20 1.3328e-14 3.94934e-10 1.41459e-06 0.000612469 0.0320542 0.202792 0.157255 0.0799574 0.239649 0.134233 0.0938306 0.0453743 0.0125894 0.00155842 9.04228e-05 2.09845e-06 1.19159e-08 1.41211e-11 3.26403e-15 1.32933e-19 8.4945e-25
 1.51042e-41 2.09637e-33 3.51709e-26 7.13258e-20 1.74847e-14 5.18103e-10 1.85576e-06 0.000803481 0.042051 0.266034 0.205275 0.0696887 0.17172 0.104023 0.0939728 0.0373455 0.00800968 0.00102235 5.09599e-05 8.38817e-07 3.92355e-09 3.76639e-12 6.16459e-16 1.61652e-20 6.53502e-26
 1.55047e-41 2.15196e-33 3.61035e-26 7.32172e-20 1.79483e-14 5.31842e-10 1.90497e-06 0.000824787 0.0431661 0.273092 0.211339 0.0829398 0.196461 0.098472 0.0622988 0.0249713 0.00582575 0.000582367 2.44175e-05 3.37561e-07 1.1397e-09 8.09476e-13 1.02574e-16 2.01418e-21 5.70408e-27
 1.15451e-41 1.60239e-33 2.68833e-26 5.45189e-20 1.33647e-14 3.96019e-10 1.41848e-06 0.000614151 0.0321422 0.203361 0.159363 0.10402 0.254136 0.128972 0.0865507 0.0261716 0.00425817 0.000396146 1.39944e-05 1.49005e-07 3.9342e-10 2.05021e-13 1.84077e-17 2.62082e-22 5.49765e-28
 1.72763e-41 2.39784e-33 4.02288e-26 8.15831e-20 1.99991e-14 5.92611e-10 2.12264e-06 0.000919028 0.0480983 0.304297 0.235208 0.0748983 0.140458 0.0900508 0.0797081 0.0228314 0.00331183 0.000211907 5.58757e-06 4.7843e-08 9.50105e-11 3.67002e-14 2.41605e-18 2.45317e-23 3.61867e-29
 1.39707e-41 1.93904e-33 3.25315e-26 6.59732e-20 1.61725e-14 4.79222e-10 1.7165e-06 0.000743183 0.0388953 0.246094 0.193295 0.11645 0.234267 0.0987398 0.0514157 0.0169639 0.00296207 0.000168822 3.24517e-06 1.9019e-08 2.77852e-11 7.94037e-15 3.7882e-19 2.77182e-24 2.93486e-30
 1.18837e-41 1.64938e-33 2.76718e-26 5.61178e-20 1.37566e-14 4.07634e-10 1.46008e-06 0.000632163 0.0330849 0.209345 0.16597 0.1188 0.228792 0.131639 0.090719 0.0187655 0.00212166 0.000127339 2.3368e-06 1.03222e-08 1.01791e-11 1.99316e-15 6.76382e-20 3.55184e-25 2.68525e-31
 9.4636e-42 1.31349e-33 2.20364e-26 4.46895e-20 1.09551e-14 3.2462e-10 1.16273e-06 0.000503424 0.0263473 0.166736 0.134963 0.131756 0.243853 0.154766 0.109891 0.0277934 0.00326414 0.000123086 1.7496e-06 6.96535e-09 5.46784e-12 7.52273e-16 1.71606e-20 6.12013e-26 3.21558e-32
 1.50477e-41 2.08853e-33 3.50394e-26 7.10592e-20 1.74193e-14 5.16166e-10 1.84882e-06 0.000800477 0.0418938 0.265077 0.208193 0.0989796 0.153545 0.120074 0.0864799 0.0221223 0.00272407 0.000106955 1.16128e-06 3.15556e-09 1.93333e-12 2.13234e-16 3.65286e-21 9.16851e-27 3.27935e-33
 1.05061e-41 1.45818e-33 2.44641e-26 4.96126e-20 1.21619e-14 3.60381e-10 1.29083e-06 0.000558883 0.0292498 0.185151 0.153436 0.170053 0.26093 0.117955 0.0627361 0.0176592 0.00218419 8.4639e-05 8.86684e-07 1.99621e-09 8.59266e-13 6.62087e-17 8.42281e-22 1.60679e-27 4.28681e-34
 1.53011e-41 2.12369e-33 3.56292e-26 7.22554e-20 1.77126e-14 5.24855e-10 1.87995e-06 0.000813952 0.0425991 0.269572 0.213832 0.111686 0.153805 0.12656 0.0687557 0.01126 0.00107471 4.03734e-05 3.93222e-07 7.94686e-10 2.87138e-13 1.67528e-17 1.4951e-22 1.97445e-28 3.73797e-35
 1.08525e-41 1.50626e-33 2.52706e-26 5.12482e-20 1.25629e-14 3.72262e-10 1.33338e-06 0.000577308 0.0302142 0.191327 0.162595 0.190655 0.247571 0.111761 0.0525096 0.0118397 0.000925989 2.24826e-05 1.77513e-07 3.11804e-10 9.56239e-14 4.59327e-18 3.23761e-23 3.20808e-29 4.35225e-36
 1.38194e-41 1.91805e-33 3.21792e-26 6.52588e-20 1.59974e-14 4.74033e-10 1.69791e-06 0.000735136 0.0384743 0.243548 0.198217 0.135824 0.172839 0.140935 0.0603714 0.00842573 0.00061377 1.42712e-05 7.90762e-08 9.81413e-11 2.35661e-14 9.11867e-19 5.1331e-24 3.99986e-30 4.19011e-37
 1.50612e-41 2.0904e-33 3.50708e-26 7.11229e-20 1.74349e-14 5.16629e-10 1.85048e-06 0.000801195 0.0419317 0.265491 0.218969 0.161035 0.173561 0.0914244 0.0392574 0.00711598 0.000404514 6.85124e-06 3.22556e-08 3.06176e-11 5.08314e-15 1.39038e-19 5.82127e-25 3.46409e-31 2.78533e-38
 1.22435e-41 1.69931e-33 2.85095e-26 5.78167e-20 1.41731e-14 4.19974e-10 1.50428e-06 0.000651302 0.0340872 0.215995 0.188112 0.200579 0.211242 0.109387 0.0351706 0.00451618 0.000253621 3.92307e-06 1.35129e-08 9.59233e-12 1.22122e-15 2.43272e-20 7.09143e-26 2.93152e-32 1.6742e-39
 1.47744e-41 2.05059e-33 3.44029e-26 6.97684e-20 1.71029e-14 5.0679e-10 1.81524e-06 0.000785936 0.0411334 0.260551 0.218732 0.161839 0.167927 0.111378 0.0339289 0.00358091 0.000141262 1.72319e-06 5.10007e-09 2.80859e-12 2.57804e-16 3.72835e-21 7.99199e-27 2.39945e-33 9.71876e-41
 1.45282e-41 2.01641e-33 3.38295e-26 6.86056e-20 1.68178e-14 4.98344e-10 1.78499e-06 0.000772837 0.0404484 0.256388 0.222675 0.194207 0.173499 0.0843645 0.0247886 0.00276295 9.17105e-05 7.98771e-07 1.68402e-09 7.14639e-13 5.11842e-17 5.5219e-22 8.50103e-28 1.81669e-34 5.27174e-42
 1.28396e-41 1.78206e-33 2.98977e-26 6.0632e-20 1.48632e-14 4.40424e-10 1.57753e-06 0.000683016 0.0357481 0.226842 0.206527 0.214947 0.192818 0.0979093 0.0225457 0.00192092 5.80517e-05 4.399e-07 6.8965e-10 2.02834e-13 1.02715e-17 8.15358e-23 9.38405e-29 1.48435e-35 3.12534e-43
 1.161e-41 1.61139e-33 2.70343e-26 5.48251e-20 1.34397e-14 3.98244e-10 1.42644e-06 0.000617602 0.0323253 0.205377 0.195008 0.223096 0.204934 0.112271 0.0245224 0.00180638 4.05727e-05 2.39486e-07 3.07525e-10 7.00093e-14 2.54277e-18 1.39734e-23 1.11714e-29 1.25203e-36 1.90263e-44
 1.14883e-41 1.5945e-33 2.6751e-26 5.42504e-20 1.32989e-14 3.94069e-10 1.41149e-06 0.000611128 0.0319864 0.203198 0.191863 0.216417 0.208637 0.118701 0.0265734 0.0019702 4.03825e-05 1.95693e-07 1.9999e-10 3.77155e-14 1.16018e-18 5.30093e-24 3.4068e-30 2.99019e-37 3.51927e-45
 1.36785e-41 1.89848e-33 3.1851e-26 6.45932e-20 1.58343e-14 4.69198e-10 1.68059e-06 0.000727638 0.0380838 0.241663 0.216549 0.192806 0.180556 0.103556 0.0241594 0.00185875 3.88349e-05 1.8267e-07 1.67956e-10 2.70295e-14 7.04091e-19 2.77891e-24 1.57247e-30 1.22146e-37 1.26263e-45
#spawning biomass
 13336 11561.4 15454.4 21738.2 28925.3 34544.3 42892.3 48936.4 57313.4 67467.9 86521.1 102322 134476 165460 159573 145753 146031 131533 135219 123652 123946 130796 143411 160939 169775 175529 160773 135105 143102 176208 275005 325596 331837 313348 284143 252738 223712 199027 179102 163578 151783 142981 136491 131704 128178 125696 123949 122718 121852 121242 120812 120510 120297 120147 120042 119967 119915 119878 119852 119834 119821 119812 119806 119801 119798 119796 119794 119793 119792 119792 119791 119791 119791 119791 119791 119791 119791 119791 119791 119791 119791 119791 119791 119791 119791 119791 119791 119791 119791 119791 119791 119791 119791 119791 119791 119791 119791 119791 119791 119791 119791 119791 119791 119791 119791 119791 119791 119791 119791 119791 119791 119791 119791 119791 119791 119791 119791 119791 119791 119791 119791 119791 119791 119791 119791 119791 119791 119791 119791 0 0 0 0 0 0 0 0 0 0 0 0 0 0 0 0 0 0 0 0 0 0 0 0 0
