SBPRF35
0.26227
Curr Bio
182345
B35
197510
F35
0.393291
FOFL
0.318983
OFL
50712.4
Bzero
74934.2
#pred survey bio
 25868.7 22536 16566.1 14415.9 22203.4 35102.5 45754.1 54478.1 71200.5 97515.1 113999 150246 170505 205212 220270 221959 214775 183399 184913 199155 204317 214909 228767 250716 261550 269824 278305 271071 265165 8.55979e+06 4.68671e+06 3.44976e+06 2.38678e+06 1.68362e+06 1.26933e+06 1.03888e+06 913903 846414 809582 789052 777289 770341 766114 763472 761780 760686 759967 759491 759172 758958 758814 758716 758650 758605 758574 758553 758539 758530 758523 758519 758516 758514 758512 758511 758511 758510 758510 758510 758510 758510 758509 758509 758509 758509 758509 758509 758509 758509 758509 758509 758509 758509 758509 758509 758509 758509 758509 758509 758509 758509 758509 758509 758509 758509 758509 758509 758509 758509 758509 758509 758509 758509 758509 758509 758509 758509 758509 758509 758509 758509 758509 758509 758509 758509 758509 758509 758509 758509 758509 758509 758509 758509 758509 758509 758509 758509 758509 758509 758509 0 0 0 0 0 0 0 0 0 0 0 0 0 0 0 0 0 0 0 0 0 0 0 0 0
#obs survey bio
 20944.1 14721.8 11577.8 20244.2 24670.7 30118.2 34905.3 62302 50889.6 86950.7 130041 190586 190274 145382 210151 223266 217963 225934 244719 222813 223915 263658 190136 297823 306754 206005 352092 303208 253372
#pred catch bio
 3983.08 4738.13 3645.87 2877.3 3755.05 7849.13 13160.4 16155.7 19017 36615.2 35383.7 59980.3 60443.4 79440.9 89911 94398.1 101580 71022.1 65712.3 78596.4 83092.4 88928.1 91481.5 107270 107438 101788 113652 110304 120687 50712.4 57933.3 41869.7 27849.5 18862.6 13799.6 11144.2 9811.66 9161.84 8850.9 8704.01 8635.22 8603.2 8588.36 8581.49 8578.32 8576.87 8576.2 8575.89 8575.75 8575.69 8575.66 8575.64 8575.64 8575.63 8575.63 8575.63 8575.63 8575.63 8575.63 8575.63 8575.63 8575.63 8575.63 8575.63 8575.63 8575.63 8575.63 8575.63 8575.63 8575.63 8575.63 8575.63 8575.63 8575.63 8575.63 8575.63 8575.63 8575.63 8575.63 8575.63 8575.63 8575.63 8575.63 8575.63 8575.63 8575.63 8575.63 8575.63 8575.63 8575.63 8575.63 8575.63 8575.63 8575.63 8575.63 8575.63 8575.63 8575.63 8575.63 8575.63 8575.63 8575.63 8575.63 8575.63 8575.63 8575.63 8575.63 8575.63 8575.63 8575.63 8575.63 8575.63 8575.63 8575.63 8575.63 8575.63 8575.63 8575.63 8575.63 8575.63 8575.63 8575.63 8575.63 8575.63 8575.63 8575.63 8575.63 8575.63 8575.63 0 0 0 0 0 0 0 0 0 0 0 0 0 0 0 0 0 0 0 0 0 0 0 0 0
#obs catch bio
 4145.79 4987.84 3943.72 2950.03 3668.65 7854.32 13338.2 15792.2 18247.8 36856.3 33210.4 56535.3 57606.4 78897.4 90903.9 90431.7 98538.2 68172.1 62866 80060.7 85283.1 88558.8 89804.2 105718 111726 106715 116312 106839 121216
#pred cpue bio
 24516.8 21850 16236.1 13473.7 19317.3 31281.3 41476.1 49076.1 63123 86792.3 100901 133172 150680 182259 196937 198736 192309 164608 166482 179039 182867 191105 202948 222590 231854 240987 250840 243470 238219 7.63381e+06 4.53138e+06 3.38856e+06 2.33481e+06 1.63239e+06 1.21815e+06 987705 862725 795236 758404 737874 726110 719163 714936 712293 710602 709507 708789 708312 707994 707780 707635 707537 707471 707426 707396 707375 707361 707351 707345 707340 707337 707335 707334 707333 707332 707332 707332 707331 707331 707331 707331 707331 707331 707331 707331 707331 707331 707331 707331 707331 707331 707331 707331 707331 707331 707331 707331 707331 707331 707331 707331 707331 707331 707331 707331 707331 707331 707331 707331 707331 707331 707331 707331 707331 707331 707331 707331 707331 707331 707331 707331 707331 707331 707331 707331 707331 707331 707331 707331 707331 707331 707331 707331 707331 707331 707331 707331 707331 707331 0 0 0 0 0 0 0 0 0 0 0 0 0 0 0 0 0 0 0 0 0 0 0 0 0
#obs cpue bio
 24795.9 19997 10892.8 16710.3 28795.4 32115.3 47763.3 63966.9 96847 89373.9 137741 143032 139036 223786 183734 293084 217191 152948 152764 113419 145441 185163 266790 203783 133662 228877 226648 302540 215953
#pred surv len freq
 2.52354e-11 1.18695e-09 3.86583e-08 8.71841e-07 1.36151e-05 0.000147228 0.00110245 0.00571684 0.0205355 0.0511579 0.0887868 0.109256 0.101491 0.0842538 0.0770088 0.0757694 0.0708313 0.063059 0.0556791 0.0486609 0.0420331 0.0362228 0.0304126 0.0231687 0.0146924
 1.24136e-11 5.83877e-10 1.90165e-08 4.2887e-07 6.69745e-06 7.2425e-05 0.000542357 0.00281317 0.0101158 0.0253045 0.044629 0.0582704 0.0648556 0.0758986 0.0943801 0.105713 0.101259 0.0892577 0.0778286 0.0672816 0.0567695 0.0465937 0.0365675 0.0260923 0.0157479
 1.05085e-11 4.94271e-10 1.60981e-08 3.63052e-07 5.6696e-06 6.13094e-05 0.0004591 0.00238098 0.0085567 0.0213557 0.0373337 0.0472276 0.0481218 0.0494869 0.0593227 0.0748623 0.0910775 0.103855 0.106939 0.0982845 0.0829689 0.0661191 0.0493959 0.0332212 0.0189648
 3.48447e-11 1.63893e-09 5.33788e-08 1.20382e-06 1.87994e-05 0.000203289 0.0015222 0.00789268 0.0283402 0.0704906 0.121586 0.146069 0.124348 0.0799908 0.0471453 0.0344112 0.0337239 0.0390664 0.0470042 0.0528125 0.0523335 0.0451044 0.0339041 0.0220361 0.0119959
 4.47244e-11 2.10362e-09 6.85135e-08 1.54515e-06 2.41297e-05 0.000260928 0.0019538 0.0101307 0.0363781 0.0905018 0.156228 0.188275 0.162129 0.10801 0.0671939 0.0460311 0.0318724 0.0205296 0.0144826 0.0134724 0.0143403 0.014135 0.0117508 0.00797187 0.00432692
 3.56408e-11 1.67637e-09 5.45984e-08 1.23133e-06 1.9229e-05 0.000207935 0.00155702 0.00807393 0.0290008 0.0722304 0.125247 0.153587 0.140874 0.112748 0.0961986 0.0851223 0.0657261 0.0421154 0.0240964 0.0138692 0.00914664 0.00729163 0.00605503 0.00435655 0.00247492
 3.28062e-11 1.54305e-09 5.02561e-08 1.1334e-06 1.76997e-05 0.000191398 0.00143319 0.00743178 0.0266942 0.0664853 0.115284 0.141369 0.129717 0.104241 0.0907292 0.0849373 0.0739788 0.0579622 0.0414653 0.0264286 0.0148334 0.00792264 0.00455854 0.00278182 0.00153605
 3.54697e-11 1.66832e-09 5.43363e-08 1.22542e-06 1.91367e-05 0.000206936 0.00154953 0.00803488 0.0288575 0.0718439 0.124375 0.151571 0.136042 0.103006 0.0822547 0.0729788 0.062924 0.0507717 0.0394094 0.0286898 0.0185649 0.0104033 0.00513149 0.0023453 0.00101951
 3.87173e-11 1.82108e-09 5.93114e-08 1.33762e-06 2.08888e-05 0.000225883 0.0016914 0.0087704 0.0314974 0.0783989 0.135605 0.164699 0.146009 0.106607 0.0798698 0.0666635 0.0543014 0.0410356 0.0302785 0.0220491 0.0151143 0.00926835 0.00489201 0.00217938 0.000821686
 3.69384e-11 1.7374e-09 5.65862e-08 1.27616e-06 1.99291e-05 0.000215505 0.00161369 0.00836762 0.030053 0.0748245 0.129565 0.158033 0.142259 0.108442 0.0868463 0.0753454 0.0608801 0.0439464 0.0302123 0.0204873 0.0133995 0.00817088 0.00445664 0.00207169 0.000789724
 3.8284e-11 1.8007e-09 5.86476e-08 1.32265e-06 2.06551e-05 0.000223355 0.00167247 0.00867232 0.031146 0.0775323 0.134161 0.163205 0.145525 0.108052 0.0832262 0.0708039 0.0577396 0.0427493 0.0298849 0.0199076 0.0123523 0.00707515 0.00369691 0.0016991 0.000654131
 3.77583e-11 1.77597e-09 5.78422e-08 1.30449e-06 2.03714e-05 0.000220288 0.00164951 0.00855329 0.0307191 0.076476 0.132376 0.161234 0.144409 0.108561 0.0851744 0.0730866 0.0592254 0.0432199 0.0299158 0.0199791 0.0124482 0.007037 0.00354887 0.0015624 0.000582294
 3.83504e-11 1.80382e-09 5.87493e-08 1.32494e-06 2.06909e-05 0.000223743 0.00167537 0.00868737 0.0312002 0.0776693 0.134411 0.163569 0.14604 0.108815 0.0841902 0.0715742 0.057844 0.042158 0.029035 0.0191947 0.011823 0.00662035 0.00330279 0.00142708 0.000517428
 3.71395e-11 1.74686e-09 5.68942e-08 1.28311e-06 2.00376e-05 0.000216678 0.00162248 0.00841316 0.0302165 0.0752304 0.13026 0.158845 0.142879 0.108698 0.0868614 0.0754448 0.0613199 0.0446107 0.0306088 0.0201635 0.0123624 0.00687015 0.0033919 0.00144729 0.000516798
 3.5787e-11 1.68325e-09 5.48223e-08 1.23638e-06 1.93079e-05 0.000208788 0.0015634 0.00810686 0.0291172 0.0725021 0.125593 0.153427 0.138886 0.107546 0.0883521 0.0784658 0.0648726 0.0481157 0.0336346 0.0223825 0.0137375 0.00760353 0.00372929 0.0015776 0.000557366
 3.5795e-11 1.68362e-09 5.48345e-08 1.23666e-06 1.93122e-05 0.000208834 0.00156374 0.00810864 0.0291233 0.0725138 0.125592 0.15332 0.138458 0.106542 0.0868224 0.0769963 0.0642089 0.048513 0.0347507 0.0236805 0.0148218 0.00831385 0.00410042 0.00173248 0.000608691
 3.58217e-11 1.68488e-09 5.48755e-08 1.23758e-06 1.93266e-05 0.00020899 0.00156491 0.0081147 0.0291451 0.0725683 0.125687 0.153443 0.138587 0.106665 0.0868947 0.0768941 0.0638208 0.0479378 0.0343001 0.0235928 0.0150494 0.00863646 0.00434697 0.00186255 0.000658926
 3.51063e-11 1.65123e-09 5.37796e-08 1.21286e-06 1.89406e-05 0.000204816 0.00153366 0.00795271 0.028564 0.0711284 0.123242 0.150684 0.136821 0.106823 0.0888129 0.0794955 0.0659786 0.0492014 0.034839 0.0237573 0.015115 0.00872753 0.00445591 0.00194408 0.000699511
 3.47069e-11 1.63245e-09 5.31677e-08 1.19906e-06 1.87251e-05 0.000202486 0.00151621 0.00786221 0.0282388 0.070318 0.121832 0.148935 0.135159 0.105414 0.0876866 0.0790128 0.0666672 0.0510361 0.0370821 0.0256243 0.0163225 0.00939819 0.00479935 0.00210698 0.000766776
 3.53499e-11 1.66269e-09 5.41528e-08 1.22128e-06 1.9072e-05 0.000206238 0.0015443 0.00800782 0.0287611 0.0716115 0.124025 0.151389 0.13666 0.105067 0.0856032 0.076187 0.0642014 0.0495017 0.0365309 0.0258125 0.0168384 0.00987525 0.00509259 0.00224506 0.000819952
 3.62381e-11 1.70447e-09 5.55134e-08 1.25196e-06 1.95512e-05 0.000211419 0.0015831 0.00820897 0.0294831 0.0734048 0.127101 0.155001 0.139454 0.106203 0.0851752 0.0746642 0.0619249 0.0467907 0.0339195 0.0238401 0.0156889 0.00936784 0.00492983 0.00221056 0.00081679
 3.74655e-11 1.7622e-09 5.73937e-08 1.29437e-06 2.02135e-05 0.00021858 0.00163672 0.00848695 0.0304808 0.0758816 0.13134 0.15994 0.143151 0.107425 0.0841388 0.0723697 0.0592006 0.0439809 0.0311879 0.0214301 0.0138548 0.00820859 0.00433782 0.00196994 0.000739269
 3.76177e-11 1.76936e-09 5.76269e-08 1.29963e-06 2.02956e-05 0.000219468 0.00164337 0.00852146 0.0306049 0.0761926 0.131892 0.160675 0.14401 0.108473 0.0853618 0.0733848 0.0594715 0.0433474 0.0299676 0.0200653 0.012653 0.00732646 0.00380712 0.0017164 0.00064539
 3.73528e-11 1.7569e-09 5.7221e-08 1.29048e-06 2.01527e-05 0.000217923 0.0016318 0.00846146 0.0303897 0.0756589 0.130983 0.15964 0.143313 0.108445 0.0859852 0.0743883 0.0605577 0.0442864 0.0305656 0.0202299 0.0124836 0.00703353 0.00355727 0.00156862 0.000581199
 3.76919e-11 1.77285e-09 5.77404e-08 1.30219e-06 2.03356e-05 0.000219901 0.00164661 0.00853824 0.0306651 0.0763419 0.132146 0.160966 0.144212 0.108509 0.0852864 0.0733627 0.0596455 0.0436718 0.0302088 0.020014 0.0123052 0.00685223 0.00339661 0.00146126 0.000528593
 3.58694e-11 1.68712e-09 5.49486e-08 1.23923e-06 1.93523e-05 0.000209268 0.001567 0.00812554 0.0291844 0.0726707 0.125895 0.153836 0.139385 0.10818 0.0890762 0.0789647 0.064762 0.047381 0.0326815 0.0216243 0.013297 0.00739588 0.00364493 0.00154907 0.000550541
 3.41251e-11 1.60508e-09 5.22765e-08 1.17897e-06 1.84113e-05 0.000199092 0.0014908 0.00773049 0.0277664 0.0691484 0.119851 0.14673 0.133853 0.105842 0.089737 0.0817168 0.0689591 0.0524227 0.0375965 0.0254881 0.015816 0.00881116 0.00433736 0.00183678 0.000648158
 3.55493e-11 1.67207e-09 5.44582e-08 1.22817e-06 1.91796e-05 0.000207401 0.00155301 0.00805296 0.028923 0.0720126 0.124706 0.152156 0.137146 0.105018 0.0850981 0.0755949 0.0638894 0.0495274 0.0366559 0.0257853 0.0165979 0.00952553 0.00477412 0.00203656 0.000719006
 3.52202e-11 1.65659e-09 5.39541e-08 1.2168e-06 1.90021e-05 0.000205481 0.00153864 0.00797847 0.0286562 0.0713548 0.123611 0.15103 0.136795 0.106099 0.0874007 0.0778678 0.0647628 0.0487731 0.0352363 0.0247457 0.0162688 0.009655 0.00501042 0.00219913 0.000791327
#obs surv len freq
 2.39401e-11 1.12603e-09 3.66739e-08 8.2709e-07 1.29162e-05 0.000139671 0.00104586 0.00542346 0.0194826 0.0485432 0.084306 0.104012 0.0974737 0.08264 0.0773508 0.0767631 0.0717432 0.0646864 0.059624 0.0552018 0.0490979 0.0407781 0.0307362 0.0201114 0.0108271
 9.84507e-16 4.63791e-14 1.51994e-12 3.51205e-11 6.0069e-10 8.73907e-09 1.32162e-07 2.0595e-06 2.69949e-05 0.000260747 0.00177443 0.00841069 0.0277497 0.0641024 0.105427 0.128557 0.126281 0.112546 0.0992525 0.0877431 0.0765224 0.0639 0.0485894 0.0318121 0.0170434
 1.45191e-11 6.82907e-10 2.22418e-08 5.0161e-07 7.83335e-06 8.47061e-05 0.000634262 0.00328858 0.0118069 0.0293528 0.0505335 0.0602823 0.0501456 0.0309817 0.0219591 0.0345184 0.066338 0.100795 0.118564 0.115357 0.100495 0.0819014 0.0614016 0.0400803 0.0214722
 5.09229e-11 2.39517e-09 7.80091e-08 1.7593e-06 2.7474e-05 0.000297091 0.00222456 0.0115342 0.0414124 0.102969 0.177363 0.21192 0.176557 0.104632 0.0473165 0.0197238 0.0101539 0.00844855 0.0111329 0.0152794 0.0174464 0.0162508 0.012651 0.00825809 0.00439862
 3.44802e-11 1.62178e-09 5.28205e-08 1.19124e-06 1.86029e-05 0.000201164 0.00150633 0.00781129 0.0280605 0.0699179 0.121439 0.149864 0.140446 0.118343 0.106902 0.0953109 0.069153 0.0378066 0.0166771 0.00834021 0.00703042 0.00730988 0.00658549 0.00468813 0.00258662
 3.651e-11 1.71725e-09 5.59298e-08 1.26136e-06 1.96979e-05 0.000213005 0.00159497 0.00827049 0.0297036 0.0739476 0.128 0.155912 0.139706 0.105365 0.083921 0.0749838 0.0653693 0.0518076 0.0364072 0.0215873 0.0107913 0.00539209 0.00336893 0.00230281 0.00133445
 2.68984e-11 1.26517e-09 4.12058e-08 9.29295e-07 1.45123e-05 0.000156931 0.00117512 0.00609398 0.0218948 0.0545884 0.0950425 0.118371 0.114432 0.10386 0.103576 0.102351 0.0877698 0.0666404 0.0485461 0.0339946 0.0213098 0.0113881 0.00532133 0.00239222 0.0010804
 4.2687e-11 2.00779e-09 6.53924e-08 1.47476e-06 2.30306e-05 0.000249042 0.0018648 0.00966919 0.0347209 0.0863775 0.149101 0.179657 0.154667 0.103247 0.0657588 0.0496676 0.0426868 0.0370821 0.0306836 0.0230504 0.0153477 0.00897667 0.00452432 0.00193432 0.000709095
 3.56599e-11 1.67727e-09 5.46276e-08 1.23199e-06 1.92393e-05 0.000208046 0.00155785 0.00807822 0.029016 0.0722651 0.125287 0.15354 0.14052 0.11181 0.0945901 0.0831961 0.064302 0.0423551 0.0268194 0.0182654 0.0127595 0.00817145 0.00447192 0.00202263 0.000743281
 3.84268e-11 1.80741e-09 5.88662e-08 1.32758e-06 2.07321e-05 0.000224188 0.00167871 0.00870462 0.0312618 0.0778171 0.134632 0.163678 0.145631 0.10751 0.0822397 0.0701599 0.0581495 0.0439139 0.030689 0.0197451 0.0116755 0.00654188 0.00346732 0.00162854 0.000630209
 3.83524e-11 1.80391e-09 5.87523e-08 1.32501e-06 2.0692e-05 0.000223755 0.00167546 0.00868785 0.0312023 0.0776762 0.134437 0.163668 0.146339 0.109452 0.0850678 0.0722004 0.0577173 0.041387 0.028251 0.0187852 0.0116483 0.0064754 0.00318816 0.00138119 0.000513696
 3.90583e-11 1.83712e-09 5.98337e-08 1.3494e-06 2.10728e-05 0.000227873 0.0017063 0.0088477 0.0317758 0.0790984 0.136861 0.166441 0.148248 0.109687 0.0838348 0.0704517 0.0562964 0.0403707 0.0272299 0.0176481 0.0107065 0.00592813 0.00292515 0.00124677 0.000445503
 3.8791e-11 1.82454e-09 5.94242e-08 1.34017e-06 2.09286e-05 0.000226313 0.00169462 0.00878718 0.0315589 0.0785624 0.135961 0.165475 0.147799 0.110211 0.0852349 0.0720347 0.0573064 0.0406016 0.0269906 0.0172756 0.0103434 0.00563117 0.00273164 0.00114844 0.00040474
 3.53714e-11 1.6637e-09 5.41856e-08 1.22202e-06 1.90836e-05 0.000206363 0.00154524 0.0080128 0.0287805 0.0716731 0.124224 0.152067 0.138652 0.109401 0.092098 0.082428 0.0671013 0.0480038 0.0320188 0.0204047 0.0120782 0.00647592 0.00308965 0.00127735 0.000442936
 3.47578e-11 1.63484e-09 5.32456e-08 1.20082e-06 1.87526e-05 0.000202783 0.00151844 0.00787376 0.0282807 0.0704247 0.122035 0.149269 0.135739 0.106436 0.0891853 0.0806202 0.0678225 0.0513724 0.0365199 0.0243268 0.0146828 0.00789139 0.00373543 0.00152364 0.000520115
 3.61965e-11 1.70251e-09 5.54496e-08 1.25053e-06 1.95288e-05 0.000211177 0.00158128 0.00819955 0.0294495 0.0733216 0.126962 0.154858 0.139411 0.106359 0.0855682 0.0752669 0.0626754 0.0475574 0.0344489 0.0238707 0.0151772 0.00856228 0.00418334 0.00172766 0.000588858
 3.63329e-11 1.70893e-09 5.56586e-08 1.25524e-06 1.96024e-05 0.000211972 0.00158724 0.00823048 0.0295609 0.0736017 0.127466 0.155562 0.140327 0.10761 0.0870671 0.076365 0.0625548 0.0460956 0.032395 0.0221502 0.0142343 0.00828507 0.00422156 0.00181559 0.000637668
 3.36627e-11 1.58333e-09 5.1568e-08 1.16299e-06 1.81618e-05 0.000196394 0.0014706 0.00762578 0.0273911 0.0682199 0.118286 0.14502 0.132948 0.106457 0.0916849 0.0838852 0.0701611 0.0523816 0.036954 0.024998 0.0157717 0.00907945 0.00465714 0.00204992 0.000743073
 3.53007e-11 1.66037e-09 5.40773e-08 1.21958e-06 1.90455e-05 0.00020595 0.00154215 0.00799665 0.028721 0.07151 0.12384 0.151122 0.136289 0.104539 0.0850006 0.0758816 0.0645897 0.0504901 0.0375207 0.0263053 0.0168435 0.00969025 0.00493604 0.00216606 0.000790583
 3.44196e-11 1.61893e-09 5.27275e-08 1.18914e-06 1.85701e-05 0.00020081 0.00150366 0.00779717 0.0280058 0.0697423 0.120866 0.147905 0.134699 0.106 0.0891026 0.080277 0.0668097 0.0501295 0.0361587 0.0254869 0.0168532 0.0100447 0.00523425 0.00231725 0.000847306
 3.5839e-11 1.68569e-09 5.49019e-08 1.23818e-06 1.93359e-05 0.000209091 0.00156566 0.00811857 0.0291588 0.0725991 0.125719 0.153384 0.13822 0.10575 0.0854908 0.0755667 0.0632346 0.048213 0.0350219 0.0243898 0.0158475 0.00941382 0.0049803 0.00225608 0.000841235
 3.75209e-11 1.7648e-09 5.74785e-08 1.29628e-06 2.02433e-05 0.000218903 0.00163914 0.00849949 0.030526 0.0759937 0.131534 0.160175 0.143358 0.107564 0.084195 0.0722992 0.0589658 0.0436579 0.0309438 0.0213428 0.0138499 0.00820069 0.00431883 0.00195861 0.000737205
 3.72518e-11 1.75214e-09 5.70662e-08 1.28699e-06 2.00981e-05 0.000217333 0.00162738 0.00843858 0.0303078 0.0754567 0.130646 0.159288 0.143186 0.108727 0.0865933 0.0749225 0.0606025 0.0438337 0.030024 0.0199914 0.0126046 0.00732236 0.00381783 0.00172385 0.000648377
 3.66412e-11 1.72343e-09 5.61309e-08 1.26589e-06 1.97687e-05 0.000213771 0.00160071 0.00830032 0.0298116 0.0742256 0.128543 0.156859 0.141441 0.108345 0.0875167 0.0766492 0.0626369 0.0457906 0.0315201 0.0207745 0.0127617 0.00716865 0.00362476 0.00160141 0.000594771
 3.7188e-11 1.74914e-09 5.69685e-08 1.28478e-06 2.00637e-05 0.000216961 0.0016246 0.00842412 0.0302557 0.0753253 0.130407 0.158946 0.142718 0.108063 0.0858095 0.0744373 0.0609058 0.0449272 0.0313314 0.0208873 0.0128836 0.00717917 0.00355567 0.00152832 0.000552897
 3.14682e-11 1.48011e-09 4.82063e-08 1.08718e-06 1.69778e-05 0.000183592 0.00137474 0.00712888 0.0256085 0.0638026 0.11078 0.136538 0.127475 0.106814 0.0973681 0.0916675 0.0767373 0.0565344 0.0392264 0.026178 0.0162683 0.00913928 0.00453549 0.00193426 0.000688253
 3.39846e-11 1.59847e-09 5.20612e-08 1.17411e-06 1.83354e-05 0.000198272 0.00148466 0.00769857 0.0276509 0.0688505 0.119268 0.145702 0.131925 0.102365 0.0849377 0.0775783 0.0679166 0.0549604 0.041967 0.0296464 0.018816 0.0106389 0.00530187 0.00226815 0.000806273
 3.6514e-11 1.71744e-09 5.59361e-08 1.2615e-06 1.97001e-05 0.000213029 0.00159515 0.00827144 0.0297071 0.0739578 0.128027 0.155986 0.139873 0.105536 0.0834381 0.072476 0.0601005 0.0459125 0.0341871 0.0249608 0.0169757 0.010259 0.00533654 0.00233096 0.000835575
 3.37973e-11 1.58966e-09 5.17743e-08 1.16764e-06 1.82344e-05 0.00019718 0.00147648 0.0076563 0.0275007 0.0684934 0.118763 0.145619 0.133535 0.106967 0.0920149 0.0837017 0.0691149 0.050666 0.0353886 0.024333 0.0160606 0.0098153 0.00532336 0.00244305 0.000911432
#pred catch len freq
 2.19713e-11 1.03342e-09 3.3658e-08 7.59071e-07 1.1854e-05 0.000128185 0.000959862 0.00497759 0.0178822 0.0445694 0.0774983 0.0960541 0.0914371 0.0804884 0.0789066 0.0807934 0.0769286 0.0693464 0.0617834 0.0542674 0.0469877 0.0405359 0.0340485 0.0259424 0.016452
 1.03796e-11 4.88207e-10 1.59006e-08 3.58598e-07 5.60007e-06 6.05584e-05 0.000453503 0.0023525 0.00846221 0.0211973 0.037583 0.0499889 0.0584125 0.073154 0.0949654 0.10828 0.104825 0.0933738 0.0821274 0.0713534 0.060346 0.0495806 0.0389285 0.0277813 0.0167682
 8.67656e-12 4.08104e-10 1.32917e-08 2.99761e-07 4.68121e-06 5.06214e-05 0.000379072 0.00196604 0.00706706 0.0176531 0.030965 0.0396615 0.0419697 0.0462372 0.0586877 0.076088 0.0938471 0.107918 0.111649 0.102876 0.0869748 0.0693715 0.0518476 0.0348759 0.0199106
 3.15112e-11 1.48214e-09 4.82722e-08 1.08866e-06 1.7001e-05 0.000183841 0.00137658 0.00713767 0.0256299 0.0637564 0.110019 0.132403 0.113476 0.0747538 0.0468241 0.0369141 0.0377838 0.0445244 0.0539317 0.0607522 0.0602632 0.051963 0.0390685 0.0253956 0.0138254
 4.2296e-11 1.9894e-09 6.47936e-08 1.46126e-06 2.28196e-05 0.000246761 0.00184772 0.00958077 0.0344048 0.0856061 0.14787 0.178642 0.155265 0.106569 0.0705916 0.0514872 0.0367946 0.0240846 0.0172491 0.0162194 0.0173281 0.017095 0.0142146 0.009644 0.00523466
 3.27516e-11 1.54048e-09 5.01725e-08 1.13151e-06 1.76702e-05 0.000191079 0.00143081 0.00741967 0.0266534 0.0664104 0.115336 0.142283 0.133219 0.112215 0.10217 0.0939019 0.0736106 0.0476002 0.0274996 0.0159748 0.0106005 0.00847401 0.00704277 0.00506825 0.00287937
 2.99394e-11 1.40821e-09 4.58643e-08 1.03435e-06 1.6153e-05 0.000174672 0.00130795 0.00678256 0.0243646 0.0607056 0.105417 0.129999 0.121629 0.102632 0.0951219 0.0924585 0.0818734 0.0648249 0.0467491 0.0299471 0.016856 0.00901934 0.00519573 0.00317237 0.00175199
 3.26752e-11 1.53689e-09 5.00554e-08 1.12887e-06 1.7629e-05 0.000190633 0.00142746 0.00740203 0.0265865 0.066209 0.11475 0.140453 0.128044 0.10117 0.086086 0.0797488 0.070113 0.0572379 0.0448129 0.0327898 0.0212707 0.0119342 0.00589065 0.00269333 0.00117104
 3.60219e-11 1.6943e-09 5.51822e-08 1.2445e-06 1.94346e-05 0.000210158 0.00157366 0.00815999 0.0293071 0.0729652 0.126331 0.154022 0.138444 0.105166 0.0840378 0.0735714 0.0612372 0.0468574 0.0349145 0.0255839 0.0175906 0.0108014 0.00570473 0.00254219 0.000958617
 3.44842e-11 1.62197e-09 5.28267e-08 1.19137e-06 1.8605e-05 0.000201187 0.00150649 0.00781186 0.0280589 0.0698786 0.121129 0.148353 0.135506 0.107431 0.0911018 0.0820923 0.0674328 0.0491676 0.0340991 0.0232657 0.0152656 0.00932258 0.00508818 0.00236596 0.000902009
 3.57013e-11 1.67922e-09 5.46911e-08 1.23342e-06 1.92616e-05 0.000208288 0.00155965 0.00808744 0.0290473 0.0723267 0.125281 0.153004 0.138375 0.106898 0.0875883 0.0778495 0.0647323 0.04847 0.0341903 0.0229126 0.0142622 0.00818231 0.0042789 0.00196733 0.00075752
 3.54146e-11 1.66574e-09 5.42519e-08 1.22352e-06 1.9107e-05 0.000206615 0.00154713 0.00802255 0.0288148 0.0717526 0.12432 0.151988 0.137958 0.107594 0.0892447 0.0795667 0.0655707 0.048332 0.0337354 0.0226589 0.01416 0.00801613 0.00404551 0.00178166 0.000664117
 3.59051e-11 1.6888e-09 5.50033e-08 1.24046e-06 1.93716e-05 0.000209477 0.00156856 0.00813362 0.0292133 0.0727411 0.126006 0.153925 0.139317 0.107824 0.0884687 0.0783766 0.064505 0.047515 0.033012 0.0219544 0.0135656 0.00760782 0.00379833 0.0016418 0.000595384
 3.47331e-11 1.63368e-09 5.32078e-08 1.19997e-06 1.87392e-05 0.000202639 0.00151736 0.00786821 0.0282611 0.0703807 0.121989 0.149357 0.136269 0.107738 0.0910942 0.0821601 0.0678845 0.0498794 0.0345131 0.0228677 0.0140634 0.00782712 0.00386725 0.00165071 0.000589537
 3.33836e-11 1.57021e-09 5.11406e-08 1.15335e-06 1.80112e-05 0.000194766 0.00145841 0.0075626 0.0271643 0.067658 0.11733 0.143935 0.132236 0.106479 0.092422 0.0850365 0.0713984 0.0534661 0.0376763 0.0252082 0.015516 0.00860007 0.00422111 0.00178629 0.000631203
 3.34369e-11 1.57271e-09 5.12223e-08 1.15519e-06 1.804e-05 0.000195077 0.00146074 0.00757464 0.0272072 0.0677607 0.117481 0.143992 0.131881 0.10538 0.0906402 0.083274 0.0705332 0.0538055 0.0388441 0.0266055 0.0166966 0.00937776 0.00462823 0.00195614 0.000687379
 3.36236e-11 1.58149e-09 5.15082e-08 1.16164e-06 1.81407e-05 0.000196166 0.00146889 0.00761691 0.0273589 0.0681375 0.118127 0.144749 0.132462 0.105593 0.0904651 0.0827405 0.0696781 0.0528113 0.0380698 0.0263147 0.0168281 0.00966888 0.00486952 0.00208706 0.000738453
 3.26083e-11 1.53374e-09 4.99529e-08 1.12656e-06 1.75929e-05 0.000190243 0.00142454 0.00738702 0.0265341 0.0660934 0.114651 0.140809 0.129878 0.105643 0.0929277 0.0861932 0.0726557 0.0547153 0.0390668 0.0267893 0.0170934 0.00988365 0.00504961 0.00220383 0.000793091
 3.20867e-11 1.50921e-09 4.91539e-08 1.10854e-06 1.73115e-05 0.0001872 0.00140176 0.00726886 0.0261097 0.0650361 0.112816 0.138555 0.127803 0.104015 0.0917676 0.085833 0.0736194 0.0569432 0.0417218 0.0289868 0.0185162 0.0106761 0.00545579 0.00239599 0.000872089
 3.28655e-11 1.54584e-09 5.03469e-08 1.13545e-06 1.77317e-05 0.000191744 0.00143578 0.0074452 0.0267422 0.066603 0.115475 0.141539 0.129659 0.103679 0.0893737 0.0825411 0.0707058 0.0550725 0.0409719 0.0290996 0.0190321 0.0111759 0.00576695 0.00254313 0.000928948
 3.38314e-11 1.59127e-09 5.18266e-08 1.16882e-06 1.82528e-05 0.000197379 0.00147797 0.00766396 0.0275275 0.0685534 0.118821 0.145473 0.132718 0.104961 0.0889751 0.0809423 0.0682416 0.0520834 0.0380664 0.0268978 0.017749 0.0106114 0.00558769 0.00250627 0.000926176
 3.5142e-11 1.65291e-09 5.38343e-08 1.2141e-06 1.89599e-05 0.000205025 0.00153522 0.00796077 0.0285927 0.0711982 0.12335 0.150756 0.136695 0.106333 0.0879713 0.0785926 0.065381 0.0490607 0.0350756 0.0242329 0.0157109 0.00932076 0.0049287 0.00223895 0.000840332
 3.52686e-11 1.65887e-09 5.40282e-08 1.21847e-06 1.90282e-05 0.000205763 0.00154075 0.00798948 0.0286961 0.0714581 0.123817 0.151408 0.13754 0.107495 0.0894282 0.0798624 0.0658112 0.0484486 0.0337757 0.0227452 0.0143862 0.00834207 0.00433789 0.00195633 0.000735713
 3.50797e-11 1.64998e-09 5.37388e-08 1.21194e-06 1.89263e-05 0.000204661 0.0015325 0.0079467 0.0285426 0.0710777 0.12317 0.150672 0.137054 0.107504 0.0899318 0.0806834 0.0667385 0.049275 0.034281 0.022813 0.0141182 0.00796583 0.00403163 0.0017784 0.000659026
 3.53807e-11 1.66414e-09 5.41999e-08 1.22234e-06 1.90886e-05 0.000206417 0.00154565 0.00801486 0.0287871 0.0716839 0.124202 0.151849 0.137847 0.107551 0.0892989 0.0797648 0.0659354 0.0487552 0.0340013 0.0226519 0.0139676 0.00778913 0.00386381 0.00166284 0.00060161
 3.33784e-11 1.56996e-09 5.11327e-08 1.15317e-06 1.80084e-05 0.000194736 0.00145819 0.00756145 0.0271604 0.0676505 0.117332 0.144009 0.132527 0.107149 0.0934028 0.0858655 0.0715391 0.0528564 0.0367677 0.02447 0.0150931 0.00840745 0.00414655 0.00176291 0.000626645
 3.16599e-11 1.48913e-09 4.85001e-08 1.0938e-06 1.70812e-05 0.00018471 0.00138312 0.00717223 0.0257632 0.0641791 0.111371 0.136973 0.126961 0.104592 0.0936815 0.0882481 0.0755834 0.0580077 0.0419296 0.028572 0.0177773 0.00991727 0.00488528 0.00206953 0.000730413
 3.31098e-11 1.55733e-09 5.07211e-08 1.14389e-06 1.78635e-05 0.000193169 0.00144645 0.00750051 0.0269407 0.0670946 0.11631 0.142482 0.130266 0.103644 0.088788 0.081836 0.0703077 0.0550533 0.041068 0.0290328 0.0187355 0.0107656 0.00539905 0.00230387 0.000813504
 3.29377e-11 1.54923e-09 5.04575e-08 1.13794e-06 1.77706e-05 0.000192165 0.00143893 0.00746159 0.0268014 0.0667538 0.115759 0.141996 0.130415 0.104938 0.0910297 0.0838432 0.070758 0.0537815 0.0391559 0.0276385 0.0182174 0.0108243 0.00562044 0.00246754 0.000888024
#obs catch len freq
 2.04583e-11 9.62261e-10 3.13402e-08 7.06802e-07 1.10377e-05 0.000119358 0.000893764 0.00463481 0.0166507 0.0414987 0.0721512 0.0893942 0.0850248 0.0748818 0.0742029 0.0784608 0.0791695 0.0763948 0.0713789 0.063911 0.0551358 0.0456885 0.0348734 0.0230522 0.012471
 2.16631e-11 1.01893e-09 3.31859e-08 7.48426e-07 1.16878e-05 0.000126387 0.000946401 0.0049078 0.0176319 0.043949 0.0764434 0.0948585 0.0906432 0.0804187 0.0792762 0.080824 0.0762321 0.0689723 0.0636852 0.0590083 0.0524991 0.0436076 0.0328702 0.0215081 0.0115791
 8.40657e-16 3.96129e-14 1.29953e-12 3.0147e-11 5.22844e-10 7.88963e-09 1.25574e-07 2.02067e-06 2.67888e-05 0.000259576 0.00176792 0.00838167 0.0276565 0.0638944 0.105112 0.128249 0.126124 0.112585 0.099424 0.0879613 0.0767366 0.0640863 0.048733 0.0319066 0.0170941
 1.28384e-11 6.03859e-10 1.96673e-08 4.43547e-07 6.92661e-06 7.49011e-05 0.000560844 0.00290792 0.0104402 0.0259552 0.0446847 0.0533121 0.0444071 0.0277903 0.0210659 0.0353611 0.0687807 0.104636 0.123103 0.119786 0.104363 0.0850606 0.0637724 0.0416285 0.0223017
 4.98522e-11 2.34481e-09 7.63689e-08 1.72231e-06 2.68963e-05 0.000290844 0.00217779 0.0112917 0.040542 0.100808 0.173657 0.207572 0.173197 0.103234 0.0475911 0.0207489 0.0112584 0.00962346 0.0127594 0.0175269 0.0200151 0.0186439 0.0145142 0.00947438 0.00504648
 3.23771e-11 1.52286e-09 4.95986e-08 1.11857e-06 1.74682e-05 0.000188895 0.00141446 0.00733505 0.0263521 0.0656845 0.114246 0.141737 0.135205 0.118685 0.112303 0.102582 0.0750202 0.0411132 0.0181624 0.00910381 0.00768789 0.00799695 0.0072049 0.00512912 0.00282994
 3.45342e-11 1.62432e-09 5.29031e-08 1.1931e-06 1.8632e-05 0.000201479 0.00150867 0.00782307 0.0280982 0.0699655 0.121207 0.148111 0.134243 0.104509 0.0873434 0.0805836 0.0710724 0.0565362 0.0397903 0.0236104 0.011807 0.00590104 0.0036875 0.0025207 0.00146073
 2.48543e-11 1.16903e-09 3.80744e-08 8.58674e-07 1.34095e-05 0.000145006 0.00108583 0.00563109 0.0202339 0.0504691 0.0880191 0.11032 0.108846 0.103105 0.107247 0.108089 0.0932911 0.0710165 0.0518173 0.036319 0.0227761 0.0121736 0.00568879 0.0025575 0.00115507
 4.10169e-11 1.92924e-09 6.2834e-08 1.41707e-06 2.21295e-05 0.000239299 0.00179184 0.00929097 0.0333636 0.0830095 0.143345 0.172997 0.149834 0.102036 0.067888 0.0535898 0.0469808 0.0410494 0.0340258 0.0255778 0.0170352 0.00996486 0.00502267 0.00214745 0.000787233
 3.3902e-11 1.59458e-09 5.19346e-08 1.17126e-06 1.82909e-05 0.00019779 0.00148106 0.00768013 0.0275878 0.0687243 0.11926 0.146677 0.135911 0.111589 0.098364 0.0886347 0.0690878 0.0456404 0.028949 0.0197384 0.0137955 0.00883634 0.00483601 0.00218734 0.000803813
 3.67568e-11 1.72886e-09 5.6308e-08 1.26989e-06 1.98311e-05 0.000214446 0.00160576 0.00832645 0.0299049 0.0744519 0.128895 0.157102 0.141073 0.10691 0.0852885 0.0749572 0.0628246 0.0476141 0.0333243 0.0214566 0.012692 0.00711258 0.00377006 0.00177078 0.000685258
 3.67368e-11 1.72792e-09 5.62772e-08 1.26919e-06 1.98203e-05 0.000214329 0.00160489 0.00832198 0.0298896 0.074421 0.128891 0.157329 0.142005 0.109035 0.0882404 0.0769923 0.0621858 0.0447426 0.0305891 0.0203569 0.0126276 0.00702078 0.00345686 0.00149763 0.000557006
 3.75186e-11 1.76469e-09 5.74749e-08 1.29621e-06 2.02421e-05 0.00021889 0.00163904 0.00849902 0.0305248 0.0759963 0.131576 0.160401 0.14412 0.109297 0.0868756 0.0750512 0.0606005 0.0436039 0.0294542 0.0191047 0.0115944 0.00642063 0.00316834 0.00135045 0.000482553
 3.7279e-11 1.75342e-09 5.71079e-08 1.28793e-06 2.01128e-05 0.000217492 0.00162857 0.00844479 0.0303304 0.0755164 0.130772 0.15955 0.143766 0.109875 0.0882899 0.0766134 0.0615538 0.0437506 0.0291257 0.0186567 0.0111742 0.00608435 0.00295162 0.00124095 0.000437346
 3.37917e-11 1.5894e-09 5.17656e-08 1.16745e-06 1.82314e-05 0.000197147 0.00147624 0.00765508 0.027497 0.0684906 0.118802 0.145875 0.134433 0.109037 0.0952737 0.0872032 0.0715491 0.05132 0.0342745 0.021858 0.0129428 0.00694046 0.00331144 0.00136907 0.000474744
 3.31598e-11 1.55968e-09 5.07976e-08 1.14562e-06 1.78904e-05 0.00019346 0.00144863 0.00751189 0.0269823 0.0672046 0.116545 0.142978 0.131381 0.105871 0.0921074 0.0851942 0.0722512 0.0548726 0.0390556 0.0260322 0.0157166 0.00844795 0.00399906 0.0016312 0.000556835
 3.46527e-11 1.6299e-09 5.30846e-08 1.19719e-06 1.86959e-05 0.00020217 0.00151385 0.00784995 0.0281951 0.0702105 0.121657 0.148775 0.135186 0.105776 0.0883283 0.0796038 0.0668721 0.0508866 0.0369066 0.0255896 0.0162744 0.00918221 0.00448639 0.00185284 0.000631526
 3.45814e-11 1.62654e-09 5.29755e-08 1.19473e-06 1.86575e-05 0.000201754 0.00151074 0.00783386 0.0281378 0.0700725 0.12145 0.148675 0.135576 0.107041 0.0903339 0.0813998 0.067334 0.0497797 0.0350385 0.0239777 0.0154145 0.00897327 0.00457247 0.00196654 0.000690693
 3.17921e-11 1.49535e-09 4.87025e-08 1.09837e-06 1.71526e-05 0.000185481 0.00138889 0.0072022 0.0258712 0.0644506 0.11186 0.137659 0.127858 0.105817 0.0951285 0.0892349 0.0752855 0.0563763 0.0398326 0.026968 0.0170211 0.00980026 0.00502718 0.00221285 0.000802142
 3.36335e-11 1.58196e-09 5.15234e-08 1.16198e-06 1.8146e-05 0.000196224 0.00146932 0.00761911 0.0273663 0.0681498 0.118108 0.144538 0.131674 0.103795 0.0878135 0.0804178 0.069081 0.0541623 0.0403021 0.0282734 0.0181087 0.0104193 0.00530761 0.00232916 0.000850116
 3.27258e-11 1.53927e-09 5.01329e-08 1.13062e-06 1.76563e-05 0.000190929 0.00142968 0.00741361 0.0266296 0.066329 0.115047 0.141234 0.13007 0.105374 0.0921434 0.085024 0.0713586 0.0536951 0.0387839 0.0273572 0.0180956 0.0107864 0.00562099 0.0024885 0.00090993
 3.42285e-11 1.60994e-09 5.24348e-08 1.18254e-06 1.8467e-05 0.000199695 0.00149532 0.00775388 0.0278502 0.0693535 0.120185 0.147034 0.133796 0.105104 0.0883141 0.080036 0.0675809 0.0516784 0.0375881 0.0261941 0.0170247 0.0101142 0.00535105 0.00242406 0.000903874
 3.59293e-11 1.68994e-09 5.50403e-08 1.2413e-06 1.93847e-05 0.000209618 0.00156961 0.00813908 0.0292328 0.0727866 0.126067 0.153913 0.139028 0.107021 0.0871218 0.0768321 0.0632842 0.0470062 0.0333647 0.0230294 0.0149492 0.0088526 0.00466235 0.00211443 0.000795858
 3.56379e-11 1.67624e-09 5.45939e-08 1.23123e-06 1.92274e-05 0.000207918 0.00155689 0.00807313 0.0289966 0.0722051 0.125105 0.152951 0.138839 0.108273 0.0897084 0.0796629 0.0650524 0.0471997 0.0323764 0.0215746 0.0136076 0.00790613 0.0041224 0.0018614 0.000700118
 3.50312e-11 1.6477e-09 5.36645e-08 1.21027e-06 1.89001e-05 0.000204378 0.00153038 0.00793573 0.0285035 0.0709817 0.123014 0.150535 0.137096 0.107875 0.090603 0.0813716 0.0671028 0.0492021 0.0339151 0.0223695 0.0137461 0.00772267 0.00390509 0.00172529 0.000640784
 3.55377e-11 1.67152e-09 5.44404e-08 1.22777e-06 1.91734e-05 0.000207333 0.00155251 0.00805042 0.0289148 0.0720002 0.12474 0.152459 0.138249 0.107546 0.0889214 0.0792302 0.0654664 0.048447 0.0338353 0.0225739 0.0139287 0.00776258 0.00384483 0.00165264 0.000597877
 2.97321e-11 1.39845e-09 4.55467e-08 1.02719e-06 1.60411e-05 0.000173463 0.0012989 0.00673572 0.0241979 0.0603044 0.104818 0.129715 0.122781 0.106287 0.100666 0.0967261 0.0815293 0.0602107 0.0418319 0.0279378 0.017368 0.00975833 0.00484295 0.00206543 0.000734929
 3.22518e-11 1.51697e-09 4.94067e-08 1.11425e-06 1.74006e-05 0.000188163 0.00140896 0.00730615 0.0262427 0.0653574 0.113306 0.138841 0.127074 0.101472 0.087688 0.0821496 0.0725672 0.0588954 0.0450282 0.031828 0.0202059 0.011426 0.0056944 0.00243612 0.000865988
 3.49092e-11 1.64196e-09 5.34776e-08 1.20605e-06 1.88343e-05 0.000203666 0.00152505 0.00790801 0.0284031 0.0707234 0.122511 0.149654 0.13545 0.104858 0.0861891 0.0768403 0.0643325 0.0492994 0.0367597 0.0268572 0.0182704 0.0110425 0.00574431 0.0025091 0.000899436
#spawning biomass
 21898.9 20984.4 15765.4 11262 12608.1 23511.8 32894.1 37693.2 45569.4 64210.9 72785.9 96843.3 108212 133869 148474 150293 145437 125844 128476 137080 137745 140422 148092 163060 168726 181164 194833 185731 182345 162059 207801 148414 96778.4 63869.2 45341.6 35625.3 30749.6 28371.9 27234.2 26696.7 26445 26327.9 26273.5 26248.4 26236.8 26231.5 26229.1 26227.9 26227.4 26227.2 26227.1 26227 26227 26227 26227 26227 26227 26227 26227 26227 26227 26227 26227 26227 26227 26227 26227 26227 26227 26227 26227 26227 26227 26227 26227 26227 26227 26227 26227 26227 26227 26227 26227 26227 26227 26227 26227 26227 26227 26227 26227 26227 26227 26227 26227 26227 26227 26227 26227 26227 26227 26227 26227 26227 26227 26227 26227 26227 26227 26227 26227 26227 26227 26227 26227 26227 26227 26227 26227 26227 26227 26227 26227 26227 26227 26227 26227 26227 26227 0 0 0 0 0 0 0 0 0 0 0 0 0 0 0 0 0 0 0 0 0 0 0 0 0
