SBPRF35
0.246523
Curr Bio
173701
B35
582646
F35
0.439179
FOFL
0.11823
OFL
15360.8
Bzero
70435.2
#pred survey bio
 34246.4 33438.2 23810.1 17598.5 29785.1 47595.8 85679.5 126543 164000 182649 168746 177931 196587 197505 225224 228055 196943 189437 221613 217086 238040 221870 228666 214398 191126 189561 213141 201575 7.21066e+06 6.58024e+06 5.08994e+06 3.49156e+06 2.31362e+06 1.57348e+06 1.14425e+06 904511 771925 697912 655688 630914 615957 606691 600825 596962 594502 592919 591891 591220 590781 590493 590304 590179 590097 590043 590007 589984 589968 589958 589952 589947 589944 589942 589941 589940 589940 589939 589939 589939 589939 589939 589939 589938 589938 589938 589938 589938 589938 589938 589938 589938 589938 589938 589938 589938 589938 589938 589938 589938 589938 589938 589938 589938 589938 589938 589938 589938 589938 589938 589938 589938 589938 589938 589938 589938 589938 589938 589938 589938 589938 589938 589938 589938 589938 589938 589938 589938 589938 589938 589938 589938 589938 589938 589938 589938 589938 589938 589938 589938 0 0 0 0 0 0 0 0 0 0 0 0 0 0 0 0 0 0 0 0 0 0 0 0 0
#obs survey bio
 31710 24712.5 12609.7 20418.5 30641.2 49816.9 104653 122768 170068 145150 142797 180332 256393 224947 276299 229658 158234 303286 223518 298700 251517 257509 258122 174915 240602 173888 218986 173399
#pred catch bio
 14858.9 15427.3 11756 8297.24 15334.4 22364.8 49098.1 80342.9 110499 133490 129398 144195 161799 154498 184764 204118 181091 168884 210365 203933 236107 220955 232423 228719 208897 202552 234115 218258 15360.8 90371.8 67002.5 43569.4 27165.6 17453.8 12239.9 9612.52 8344.9 7751.98 7480.86 7358.96 7304.84 7281.05 7270.66 7266.11 7264.18 7263.36 7263.01 7262.86 7262.79 7262.77 7262.76 7262.75 7262.75 7262.75 7262.75 7262.75 7262.75 7262.75 7262.75 7262.75 7262.75 7262.75 7262.75 7262.75 7262.75 7262.75 7262.75 7262.75 7262.75 7262.75 7262.75 7262.75 7262.75 7262.75 7262.75 7262.75 7262.75 7262.75 7262.75 7262.75 7262.75 7262.75 7262.75 7262.75 7262.75 7262.75 7262.75 7262.75 7262.75 7262.75 7262.75 7262.75 7262.75 7262.75 7262.75 7262.75 7262.75 7262.75 7262.75 7262.75 7262.75 7262.75 7262.75 7262.75 7262.75 7262.75 7262.75 7262.75 7262.75 7262.75 7262.75 7262.75 7262.75 7262.75 7262.75 7262.75 7262.75 7262.75 7262.75 7262.75 7262.75 7262.75 7262.75 7262.75 7262.75 7262.75 7262.75 7262.75 0 0 0 0 0 0 0 0 0 0 0 0 0 0 0 0 0 0 0 0 0 0 0 0 0
#obs catch bio
 19034.1 16314.2 13891.2 8837.43 15405.6 20518.4 45459.3 75208.6 112593 140785 136249 159997 149655 146548 166675 204004 198514 154277 219290 177418 225115 196533 213893 226952 196244 182446 203005 215436
#pred cpue bio
 31433.8 31712.2 23182.9 16278.4 25643.4 42279.2 74940.4 111247 143663 161292 148696 152490 167315 169452 192953 195080 165850 157744 184652 179248 196552 181347 186352 174430 152826 150562 170389 160040 5.75693e+06 6.55625e+06 5.06601e+06 3.46763e+06 2.2897e+06 1.54955e+06 1.12033e+06 880585 747999 673987 631762 606989 592031 582765 576899 573037 570577 568993 567965 567295 566856 566568 566378 566254 566171 566117 566082 566058 566043 566032 566026 566021 566018 566016 566015 566014 566014 566013 566013 566013 566013 566013 566013 566013 566013 566013 566013 566013 566013 566013 566013 566013 566013 566013 566013 566013 566013 566013 566013 566013 566013 566013 566013 566013 566013 566013 566013 566013 566013 566013 566013 566013 566013 566013 566013 566013 566013 566013 566013 566013 566013 566013 566013 566013 566013 566013 566013 566013 566013 566013 566013 566013 566013 566013 566013 566013 566013 566013 566013 566013 0 0 0 0 0 0 0 0 0 0 0 0 0 0 0 0 0 0 0 0 0 0 0 0 0
#obs cpue bio
 23065.2 26714.5 15375.2 17488.4 27929.3 82905.6 74256.6 139710 106996 160701 146177 96150.1 220970 168344 255695 176790 134603 157650 144814 250232 214020 253858 225109 214583 157685 246283 300716 185999
#pred surv len freq
 1.53196e-11 1.66279e-09 1.06418e-07 4.0159e-06 8.93588e-05 0.00117243 0.00907117 0.0414031 0.111698 0.179878 0.181274 0.136946 0.107181 0.0863103 0.057265 0.0329262 0.0191778 0.0115554 0.00725194 0.00487531 0.00357774 0.00290158 0.00246448 0.00188206 0.00109383
 1.09918e-11 1.19306e-09 7.63556e-08 2.88143e-06 6.41157e-05 0.000841249 0.00650964 0.029731 0.0804741 0.131738 0.14286 0.134513 0.138451 0.126987 0.088808 0.0529179 0.0302621 0.0162186 0.0083178 0.0044081 0.00255032 0.00168287 0.00124644 0.000897938 0.000517792
 7.00284e-12 7.60091e-10 4.86458e-08 1.83574e-06 4.0848e-05 0.000535975 0.00414805 0.0189601 0.0515267 0.0860154 0.101033 0.114482 0.139454 0.143402 0.11909 0.0901162 0.0615749 0.0356304 0.0180066 0.00835325 0.00375931 0.00182431 0.00104186 0.000648836 0.000353693
 1.55098e-11 1.68344e-09 1.0774e-07 4.06576e-06 9.04681e-05 0.00118697 0.00918324 0.0419039 0.112903 0.180635 0.1765 0.119122 0.0776588 0.0628558 0.0565493 0.051596 0.0430568 0.0310364 0.0190502 0.00972939 0.00419126 0.00163669 0.000661393 0.000306363 0.000143564
 1.98826e-11 2.15807e-09 1.38116e-07 5.21207e-06 0.000115975 0.00152162 0.0117721 0.0537112 0.144636 0.230764 0.222388 0.141254 0.0772644 0.0469727 0.0272504 0.0144801 0.00918324 0.00713466 0.00536573 0.0033966 0.00172869 0.000704645 0.000242476 8.01032e-05 2.77431e-05
 1.70734e-11 1.85315e-09 1.18601e-07 4.47565e-06 9.95888e-05 0.00130665 0.0101095 0.0461386 0.124425 0.199974 0.199636 0.145735 0.107074 0.0806956 0.0475166 0.0209556 0.00833823 0.00360706 0.00190403 0.0012078 0.000731113 0.000356725 0.000133973 3.99843e-05 1.0405e-05
 1.83967e-11 1.99679e-09 1.27794e-07 4.82255e-06 0.000107308 0.00140791 0.0108926 0.0497049 0.133933 0.214372 0.209854 0.14229 0.0912464 0.0645636 0.0408412 0.022182 0.0110632 0.00473891 0.00170668 0.000612561 0.000268074 0.000131623 5.64573e-05 1.85014e-05 4.57015e-06
 1.7898e-11 1.94265e-09 1.2433e-07 4.69181e-06 0.000104399 0.00136975 0.0105975 0.0483613 0.130356 0.209002 0.206271 0.14432 0.0983009 0.0712764 0.0428662 0.0206509 0.00943847 0.0043165 0.00181564 0.000654588 0.00020197 6.15603e-05 2.11487e-05 7.05367e-06 1.85732e-06
 1.81384e-11 1.96875e-09 1.25999e-07 4.75483e-06 0.000105801 0.00138814 0.0107398 0.0490095 0.132088 0.211659 0.208322 0.144237 0.0962809 0.0690114 0.0416385 0.0202421 0.00910044 0.00387543 0.00150702 0.000545756 0.000178546 4.96839e-05 1.20464e-05 2.85238e-06 6.61075e-07
 1.75111e-11 1.90067e-09 1.21642e-07 4.5904e-06 0.000102142 0.00134015 0.0103685 0.0473185 0.127572 0.204752 0.203092 0.144808 0.102199 0.0757425 0.045603 0.0215781 0.00937631 0.00391994 0.00149386 0.000514517 0.000159095 4.34067e-05 1.01383e-05 1.98401e-06 3.37635e-07
 1.76731e-11 1.91824e-09 1.22767e-07 4.63286e-06 0.000103087 0.00135254 0.0104644 0.0477551 0.128738 0.206537 0.204451 0.144687 0.10072 0.0740714 0.0446509 0.0212753 0.00927941 0.00382915 0.00141843 0.000473906 0.000141857 3.69966e-05 8.23189e-06 1.52608e-06 2.30129e-07
 1.94956e-11 2.11606e-09 1.35427e-07 5.1106e-06 0.000113717 0.001492 0.0115431 0.0526699 0.141879 0.226745 0.220322 0.144881 0.0863593 0.05643 0.0324441 0.0149268 0.00627802 0.00254241 0.000937331 0.000310103 9.06488e-05 2.28704e-05 4.89145e-06 8.64901e-07 1.22908e-07
 1.97965e-11 2.14872e-09 1.37518e-07 5.18949e-06 0.000115472 0.00151503 0.0117212 0.0534822 0.14406 0.230167 0.223347 0.146027 0.0856976 0.0546973 0.0300652 0.0124112 0.00438963 0.00154146 0.00052692 0.000167953 4.82383e-05 1.19891e-05 2.50276e-06 4.27427e-07 5.81631e-08
 1.92831e-11 2.093e-09 1.33952e-07 5.05492e-06 0.000112478 0.00147575 0.0114174 0.0520981 0.140363 0.224512 0.219054 0.146464 0.0905078 0.06023 0.0334274 0.0136293 0.00462078 0.00148487 0.000439954 0.000119041 3.03144e-05 7.07618e-06 1.43274e-06 2.39311e-07 3.16919e-08
 1.94119e-11 2.10697e-09 1.34846e-07 5.08866e-06 0.000113229 0.0014856 0.0114936 0.0524449 0.141286 0.225899 0.219979 0.145938 0.0886714 0.058443 0.0328056 0.0139528 0.00508673 0.00172415 0.000508611 0.000128518 2.87427e-05 5.72313e-06 1.01305e-06 1.55878e-07 1.97655e-08
 1.94854e-11 2.11495e-09 1.35357e-07 5.10794e-06 0.000113658 0.00149123 0.0115371 0.0526434 0.141818 0.226731 0.220701 0.146171 0.0884298 0.0579366 0.0321736 0.0133413 0.0046891 0.00157292 0.000480766 0.000128138 2.92203e-05 5.54447e-06 8.73876e-07 1.15756e-07 1.28423e-08
 2.03621e-11 2.21011e-09 1.41447e-07 5.33776e-06 0.000118772 0.00155832 0.012056 0.0550076 0.148139 0.236444 0.228294 0.146147 0.0813402 0.0493179 0.0263219 0.0104213 0.00338243 0.00104425 0.000301745 7.8256e-05 1.80155e-05 3.53579e-06 5.66991e-07 7.2305e-08 7.25331e-09
 2.09376e-11 2.27258e-09 1.45445e-07 5.48863e-06 0.000122129 0.00160236 0.0123966 0.0565596 0.152288 0.24282 0.233283 0.146147 0.0767084 0.0436751 0.0224753 0.00848568 0.00250855 0.000688926 0.000179787 4.24771e-05 9.05906e-06 1.70388e-06 2.71543e-07 3.51786e-08 3.55174e-09
 2.08981e-11 2.26829e-09 1.4517e-07 5.47826e-06 0.000121898 0.00159933 0.0123732 0.056453 0.152004 0.242389 0.232971 0.146232 0.0771585 0.0441564 0.0227178 0.00851143 0.00246124 0.000647325 0.000157451 3.35019e-05 6.33048e-06 1.06652e-06 1.55836e-07 1.91312e-08 1.89448e-09
 2.13512e-11 2.31747e-09 1.48318e-07 5.59705e-06 0.000124541 0.00163401 0.0126414 0.0576749 0.155269 0.247397 0.236841 0.146067 0.0732587 0.0395379 0.0197405 0.00720242 0.00197966 0.000486628 0.00011233 2.28426e-05 4.04757e-06 6.20186e-07 8.05261e-08 8.78647e-09 7.91125e-10
 2.13447e-11 2.31677e-09 1.48273e-07 5.59535e-06 0.000124503 0.00163351 0.0126376 0.0576574 0.155223 0.24733 0.236807 0.14613 0.0734073 0.0396664 0.0197594 0.00713761 0.00191059 0.000449202 9.84967e-05 1.88615e-05 3.12874e-06 4.50708e-07 5.4708e-08 5.45848e-09 4.39788e-10
 2.18319e-11 2.36964e-09 1.51656e-07 5.72304e-06 0.000127344 0.00167079 0.0129259 0.0589708 0.158732 0.252708 0.240939 0.145878 0.0691017 0.0346263 0.0165902 0.00583475 0.00148567 0.000323136 6.61803e-05 1.20358e-05 1.8922e-06 2.56451e-07 2.91211e-08 2.71094e-09 2.0292e-10
 2.19648e-11 2.38406e-09 1.5258e-07 5.75788e-06 0.00012812 0.00168096 0.0130046 0.0593292 0.15969 0.254178 0.242077 0.145838 0.0679713 0.0332805 0.0157129 0.00543808 0.00133325 0.000270601 5.13568e-05 8.67892e-06 1.26171e-06 1.59092e-07 1.69678e-08 1.48372e-09 1.03877e-10
 2.20395e-11 2.39218e-09 1.53099e-07 5.77747e-06 0.000128556 0.00168668 0.0130488 0.0595307 0.160229 0.255004 0.242718 0.14582 0.067341 0.0325271 0.0152178 0.00520977 0.00124325 0.000239291 4.26643e-05 6.77487e-06 9.14421e-07 1.06127e-07 1.04197e-08 8.41409e-10 5.47728e-11
 2.2803e-11 2.47504e-09 1.58402e-07 5.97761e-06 0.000133009 0.0017451 0.0135007 0.0615892 0.165728 0.263422 0.24914 0.145275 0.060365 0.0244776 0.0103168 0.0033809 0.000763971 0.000132504 2.09618e-05 3.05489e-06 3.84758e-07 4.16176e-08 3.79327e-09 2.82378e-10 1.68743e-11
 2.30786e-11 2.50496e-09 1.60317e-07 6.04986e-06 0.000134616 0.0017662 0.0136638 0.0623323 0.167713 0.266462 0.251463 0.14509 0.0578646 0.0215833 0.00854173 0.00270331 0.000576175 8.72054e-05 1.12722e-05 1.37946e-06 1.51274e-07 1.4465e-08 1.19372e-09 8.19107e-11 4.5291e-12
 2.28086e-11 2.47565e-09 1.58441e-07 5.97908e-06 0.000133042 0.00174553 0.013504 0.0616044 0.165769 0.263487 0.249203 0.145314 0.0603793 0.0244611 0.0102603 0.00330473 0.000706533 0.000106546 1.34974e-05 1.55442e-06 1.5028e-07 1.19461e-08 8.16278e-10 4.7881e-11 2.33231e-12
 2.3095e-11 2.50674e-09 1.60431e-07 6.05416e-06 0.000134712 0.00176745 0.0136735 0.0623766 0.167831 0.266643 0.251601 0.145079 0.057715 0.0214107 0.00843641 0.00266372 0.000565462 8.45263e-05 1.05654e-05 1.20226e-06 1.14837e-07 8.86412e-09 5.63391e-10 2.90015e-11 1.18498e-12
#obs surv len freq
 4.69918e-11 4.35504e-09 2.37984e-07 7.66819e-06 0.000145689 0.00163216 0.0107836 0.0420515 0.0972 0.136175 0.128361 0.111358 0.113644 0.111583 0.0950343 0.0715596 0.0448621 0.0224516 0.00913203 0.00303446 0.000799403 0.000159981 2.32461e-05 2.34849e-06 1.59035e-07
 3.15841e-11 2.82316e-09 1.48796e-07 4.62417e-06 8.47374e-05 0.00091571 0.0058388 0.0220319 0.0499631 0.0733818 0.0902033 0.124749 0.162894 0.1618 0.128257 0.0889625 0.0523119 0.0249115 0.00969323 0.00307117 0.000762445 0.00014164 1.88908e-05 1.74373e-06 1.07914e-07
 1.52316e-11 1.31088e-09 6.65228e-08 1.99052e-06 3.51217e-05 0.000365507 0.00224632 0.00820683 0.0184376 0.0295051 0.0475438 0.0858148 0.134669 0.173038 0.186691 0.156441 0.0945669 0.0421038 0.0148508 0.00429935 0.000989343 0.000170987 2.11093e-05 1.79016e-06 1.01189e-07
 2.6941e-10 2.22883e-08 1.08725e-06 3.12727e-05 0.000530384 0.00530399 0.0312755 0.108744 0.222978 0.269822 0.193457 0.0842908 0.0267328 0.0134455 0.0137375 0.0130206 0.00919135 0.00483589 0.00190481 0.000556758 0.000120126 1.89638e-05 2.13674e-06 1.65921e-07 8.59063e-09
 1.6526e-10 1.31224e-08 6.1439e-07 1.69615e-05 0.000276111 0.0026506 0.0150137 0.0503242 0.101339 0.131824 0.141836 0.167671 0.179362 0.12955 0.0577342 0.0164888 0.00390908 0.00127536 0.000513902 0.000168105 3.88117e-05 6.13033e-06 6.54622e-07 4.67624e-08 2.20413e-09
 4.44579e-10 3.38336e-08 1.51822e-06 4.01706e-05 0.000626715 0.00576537 0.0312763 0.100098 0.189433 0.21457 0.154582 0.0900933 0.0644721 0.0564395 0.0463457 0.0295405 0.012663 0.00340066 0.000574198 6.87315e-05 7.82354e-06 9.59594e-07 9.78303e-08 6.81961e-09 3.0633e-10
 5.27226e-10 3.84027e-08 1.64935e-06 4.17689e-05 0.000623713 0.00549205 0.0285254 0.0875304 0.159984 0.181444 0.150895 0.128679 0.114354 0.0788717 0.0392493 0.0159977 0.0059232 0.00186316 0.000442525 7.31631e-05 8.06e-06 5.96295e-07 3.21071e-08 1.4035e-09 4.97294e-11
 7.63274e-10 5.31442e-08 2.18182e-06 5.28166e-05 0.000753901 0.00634567 0.0315064 0.092428 0.161605 0.175823 0.14173 0.119418 0.107597 0.0804829 0.0480244 0.0233134 0.00844787 0.00207928 0.000343992 4.12368e-05 3.94066e-06 2.99342e-07 1.64517e-08 6.06538e-10 1.4714e-11
 1.07149e-09 7.12289e-08 2.79197e-06 6.45288e-05 0.000879412 0.00706742 0.0335079 0.0939337 0.157502 0.167061 0.138245 0.124202 0.113195 0.0825786 0.0480038 0.0229157 0.00830956 0.00210982 0.000370077 4.58459e-05 4.06056e-06 2.56009e-07 1.14763e-08 3.66497e-10 8.20636e-12
 1.25742e-09 7.9717e-08 2.97996e-06 6.56839e-05 0.000853711 0.00654386 0.0296062 0.0793953 0.128936 0.13979 0.134902 0.145171 0.139091 0.100473 0.0572672 0.0263902 0.00901613 0.00211322 0.000338732 3.87644e-05 3.27274e-06 2.01447e-07 8.70456e-09 2.55458e-10 4.99402e-12
 2.36562e-09 1.42878e-07 5.0883e-06 0.000106849 0.00132301 0.00966053 0.0416219 0.106111 0.162412 0.159897 0.128818 0.116611 0.106524 0.0810816 0.0507006 0.0246142 0.00833607 0.00186573 0.000279409 2.93444e-05 2.24458e-06 1.2505e-07 4.94617e-09 1.35087e-10 2.48658e-12
 3.75335e-09 2.15756e-07 7.31295e-06 0.000146155 0.00172239 0.0119704 0.0490944 0.119231 0.174464 0.16666 0.134624 0.120828 0.101497 0.0659502 0.0340488 0.0142229 0.00442225 0.000952829 0.00014166 1.49329e-05 1.12857e-06 6.01393e-08 2.20729e-09 5.49051e-11 9.1457e-13
 5.3066e-09 2.90059e-07 9.34854e-06 0.000177661 0.00199088 0.0131578 0.0513339 0.118784 0.166896 0.158046 0.135179 0.127981 0.106744 0.0675976 0.0338884 0.0134847 0.00387575 0.000747102 9.62313e-05 8.66129e-06 5.71075e-07 2.77554e-08 9.62053e-10 2.28449e-11 3.60493e-13
 7.38138e-09 3.83325e-07 1.17378e-05 0.000211931 0.00225641 0.01417 0.0525555 0.115896 0.15702 0.149862 0.13845 0.137463 0.11283 0.0691428 0.0334203 0.0126495 0.00339102 0.000595463 6.75181e-05 5.1111e-06 2.72628e-07 1.06333e-08 3.02454e-10 6.10528e-12 8.48814e-14
 1.15407e-08 5.6897e-07 1.65399e-05 0.000283511 0.00286566 0.0170851 0.0601691 0.126077 0.162817 0.149722 0.135153 0.130658 0.104779 0.064058 0.0311645 0.0116165 0.00298458 0.000493804 5.20959e-05 3.60966e-06 1.71972e-07 5.81369e-09 1.3928e-10 2.31737e-12 2.63004e-14
 1.55415e-08 7.26905e-07 2.0047e-05 0.000326001 0.00312622 0.0176866 0.0591617 0.118295 0.148893 0.142832 0.143208 0.143763 0.112275 0.0658197 0.0306049 0.0108627 0.00265762 0.000421579 4.32081e-05 2.95198e-06 1.39353e-07 4.5985e-09 1.04361e-10 1.59184e-12 1.60852e-14
 2.61777e-08 1.16086e-06 3.03542e-05 0.000468007 0.00425517 0.0228239 0.0723708 0.137048 0.162659 0.145133 0.134179 0.127268 0.0972589 0.0575435 0.0270245 0.00939501 0.00218658 0.000324109 3.06537e-05 1.91523e-06 8.26513e-08 2.52351e-09 5.39547e-11 7.85955e-13 7.61057e-15
 3.84147e-08 1.61433e-06 4.00015e-05 0.000584466 0.00503602 0.025603 0.077007 0.138838 0.159423 0.144002 0.138294 0.129746 0.0947423 0.0531223 0.0236567 0.00784777 0.00176816 0.000260212 2.52963e-05 1.67392e-06 7.65972e-08 2.39628e-09 5.00756e-11 6.87685e-13 6.16777e-15
 5.71743e-08 2.27594e-06 5.34207e-05 0.000739368 0.0060349 0.0290685 0.0828964 0.142206 0.157662 0.142677 0.139113 0.128255 0.0911191 0.0500092 0.021646 0.00684941 0.00145026 0.000198917 1.79819e-05 1.11465e-06 4.87289e-08 1.49509e-09 3.13302e-11 4.36061e-13 3.94835e-15
 9.1447e-08 3.44709e-06 7.66172e-05 0.00100416 0.00776135 0.0354021 0.0956151 0.155405 0.163453 0.140692 0.130907 0.116346 0.0814883 0.0449515 0.0194257 0.00603172 0.00124995 0.000170221 1.55927e-05 9.87402e-07 4.34088e-08 1.30111e-09 2.60348e-11 3.4315e-13 2.95389e-15
 1.21921e-07 4.35097e-06 9.15555e-05 0.00113604 0.00831401 0.0359257 0.0921463 0.143875 0.152055 0.143903 0.1461 0.128053 0.0836618 0.0421831 0.0166894 0.00480015 0.000931046 0.000119727 1.04635e-05 6.40079e-07 2.75194e-08 8.13975e-10 1.61245e-11 2.09528e-13 1.75904e-15
 1.98436e-07 6.70325e-06 0.000133519 0.00156823 0.0108638 0.0444337 0.107848 0.159135 0.158062 0.139255 0.132859 0.112918 0.0742673 0.038405 0.0151977 0.00419487 0.000756835 8.84863e-05 6.91077e-06 3.75731e-07 1.4514e-08 3.93542e-10 7.28535e-12 8.97425e-14 7.21039e-16
 2.44975e-07 7.83283e-06 0.000147676 0.00164185 0.0107686 0.0417449 0.0965213 0.138784 0.145161 0.149191 0.155687 0.128673 0.0779513 0.0364955 0.0131911 0.00338661 0.000577231 6.45311e-05 4.84868e-06 2.51968e-07 9.11733e-09 2.26171e-10 3.76978e-12 4.16187e-14 3.01156e-16
 3.61241e-07 1.09326e-05 0.000195096 0.00205309 0.0127465 0.0467852 0.102538 0.140402 0.141858 0.143256 0.147652 0.12366 0.0795482 0.0400371 0.0148672 0.00372262 0.000600505 6.26434e-05 4.36694e-06 2.10709e-07 7.11821e-09 1.65733e-10 2.59394e-12 2.67372e-14 1.78819e-16
 6.43411e-07 1.84318e-05 0.000311347 0.00310135 0.0182243 0.0632889 0.131009 0.168074 0.154909 0.138376 0.128214 0.098346 0.0578612 0.0266343 0.00913523 0.00213752 0.000325309 3.22725e-05 2.14945e-06 9.88303e-08 3.15022e-09 6.84243e-11 9.91585e-13 9.43969e-15 5.83579e-17
 7.6111e-07 2.06406e-05 0.000330068 0.00311281 0.0173255 0.0571073 0.113267 0.144804 0.148056 0.156826 0.153394 0.111782 0.0597033 0.0246611 0.00768727 0.00166241 0.000236419 2.20654e-05 1.38885e-06 6.04851e-08 1.82581e-09 3.74824e-11 5.11688e-13 4.56719e-15 2.63234e-17
 1.10022e-06 2.82489e-05 0.00042769 0.00381887 0.0201261 0.0628368 0.118233 0.14423 0.142741 0.14828 0.144524 0.10981 0.0643687 0.0290099 0.00930454 0.00196821 0.000267287 2.36333e-05 1.4062e-06 5.77805e-08 1.64071e-09 3.15931e-11 4.0377e-13 3.37032e-15 1.8151e-17
 1.54965e-06 3.76753e-05 0.000540123 0.00456708 0.0228005 0.0675334 0.121331 0.144765 0.146971 0.156116 0.146504 0.103045 0.0549531 0.0225966 0.00671346 0.00133581 0.00017298 1.47663e-05 8.54598e-07 3.40738e-08 9.28815e-10 1.69603e-11 2.03669e-13 1.58824e-15 7.96386e-18
#pred catch len freq
 1.4603e-11 1.58501e-09 1.0144e-07 3.82805e-06 8.51789e-05 0.00111759 0.00864702 0.0394703 0.106527 0.171895 0.174856 0.136371 0.112016 0.0925075 0.061773 0.0355597 0.0207146 0.0124816 0.00783318 0.00526606 0.00386449 0.00313414 0.00266201 0.00203291 0.0011815
 1.02928e-11 1.11718e-09 7.14994e-08 2.69817e-06 6.0038e-05 0.000787751 0.00609585 0.0278454 0.0754293 0.123954 0.136617 0.134007 0.143276 0.133204 0.0934333 0.0557025 0.0318564 0.0170731 0.00875607 0.00464036 0.0026847 0.00177154 0.00131211 0.00094525 0.000545075
 6.48537e-12 7.03924e-10 4.50511e-08 1.70009e-06 3.78297e-05 0.000496375 0.00384175 0.0175641 0.0477876 0.0802143 0.0962257 0.113594 0.142231 0.147432 0.12263 0.0928164 0.0634213 0.0366989 0.0185466 0.00860375 0.00387205 0.00187902 0.0010731 0.000668293 0.0003643
 1.48799e-11 1.61507e-09 1.03364e-07 3.90064e-06 8.67939e-05 0.00113877 0.00881035 0.040204 0.108345 0.17352 0.170391 0.117323 0.079876 0.0667334 0.0605466 0.0553051 0.0461559 0.0332705 0.0204214 0.0104297 0.00449295 0.0017545 0.000709002 0.000328416 0.000153898
 1.95584e-11 2.12288e-09 1.35864e-07 5.12708e-06 0.000114084 0.00149681 0.0115802 0.0528368 0.142297 0.227156 0.219502 0.141043 0.0795161 0.0497857 0.029193 0.0155472 0.00986305 0.00766297 0.00576306 0.00364812 0.0018567 0.000756823 0.000260431 8.60348e-05 2.97974e-05
 1.65135e-11 1.79238e-09 1.14712e-07 4.32887e-06 9.63228e-05 0.0012638 0.00977808 0.0446288 0.120389 0.19378 0.194828 0.145862 0.111765 0.086282 0.0511391 0.0225828 0.0089876 0.00388806 0.00205236 0.0013019 0.000788071 0.000384516 0.00014441 4.30994e-05 1.12157e-05
 1.81063e-11 1.96527e-09 1.25777e-07 4.74643e-06 0.000105614 0.00138569 0.0107207 0.0489217 0.131838 0.211147 0.207304 0.1422 0.0934446 0.0673158 0.0428133 0.0232771 0.0116109 0.00497359 0.0017912 0.000642896 0.00028135 0.000138141 5.92532e-05 1.94176e-05 4.79647e-06
 1.77253e-11 1.92391e-09 1.2313e-07 4.64655e-06 0.000103391 0.00135654 0.0104953 0.0478958 0.129111 0.207089 0.204776 0.144326 0.0996968 0.0729667 0.0440018 0.0212095 0.00969453 0.00443364 0.00186492 0.000672352 0.000207451 6.32309e-05 2.17227e-05 7.24509e-06 1.90772e-06
 1.80569e-11 1.9599e-09 1.25434e-07 4.73347e-06 0.000105326 0.00138191 0.0106916 0.0487899 0.131501 0.210756 0.207617 0.144239 0.0969384 0.06981 0.042179 0.0205105 0.0092215 0.003927 0.00152707 0.000553019 0.000180922 5.0345e-05 1.22067e-05 2.89034e-06 6.69872e-07
 1.7566e-11 1.90662e-09 1.22023e-07 4.60478e-06 0.000102462 0.00134434 0.010401 0.0474664 0.127967 0.20536 0.203565 0.144803 0.101749 0.0751999 0.0452407 0.0214033 0.00930015 0.0038881 0.00148173 0.000510337 0.000157802 4.30541e-05 1.00559e-05 1.9679e-06 3.34892e-07
 1.78193e-11 1.93412e-09 1.23783e-07 4.67119e-06 0.00010394 0.00136373 0.0105509 0.0481494 0.129792 0.208157 0.205714 0.144674 0.099524 0.0726266 0.0436823 0.0208046 0.00907352 0.00374417 0.00138695 0.000463388 0.000138709 3.61755e-05 8.0492e-06 1.49221e-06 2.25022e-07
 1.96948e-11 2.13768e-09 1.36811e-07 5.16283e-06 0.000114879 0.00150725 0.011661 0.0532072 0.143315 0.228951 0.222038 0.144849 0.0847075 0.0544462 0.03113 0.0143056 0.00601566 0.00243611 0.000898143 0.000297138 8.68589e-05 2.19142e-05 4.68695e-06 8.28741e-07 1.17769e-07
 2.00082e-11 2.1717e-09 1.38988e-07 5.24498e-06 0.000116707 0.00153123 0.0118465 0.054053 0.145585 0.232506 0.225149 0.145936 0.0838557 0.0525296 0.0286877 0.0118259 0.00418161 0.00146837 0.000501935 0.00015999 4.59511e-05 1.14206e-05 2.38409e-06 4.07161e-07 5.54053e-08
 1.94304e-11 2.10898e-09 1.34975e-07 5.09352e-06 0.000113337 0.00148702 0.0115046 0.0524952 0.141424 0.226139 0.220305 0.146394 0.0892163 0.0587138 0.0324685 0.0132281 0.00448416 0.00144095 0.00042694 0.00011552 2.94176e-05 6.86686e-06 1.39036e-06 2.32232e-07 3.07544e-08
 1.96344e-11 2.13113e-09 1.36392e-07 5.147e-06 0.000114527 0.00150263 0.0116253 0.053045 0.142889 0.228358 0.221878 0.145854 0.0867524 0.0561733 0.0313468 0.0133156 0.00485343 0.00164503 0.000485272 0.000122621 2.74238e-05 5.46052e-06 9.66568e-07 1.48725e-07 1.88585e-08
 1.9863e-11 2.15593e-09 1.3798e-07 5.20692e-06 0.00011586 0.00152012 0.0117606 0.0536615 0.144539 0.230902 0.223916 0.146008 0.0851428 0.0540663 0.0297103 0.0122919 0.0043186 0.00144857 0.000442758 0.000118008 2.69102e-05 5.10614e-06 8.0479e-07 1.06605e-07 1.1827e-08
 2.07176e-11 2.2487e-09 1.43916e-07 5.43096e-06 0.000120845 0.00158552 0.0122664 0.0559662 0.1507 0.240368 0.231309 0.145962 0.0781958 0.0456402 0.0240145 0.00947726 0.00307428 0.000949048 0.000274234 7.11209e-05 1.6373e-05 3.21341e-06 5.15295e-07 6.57125e-08 6.59198e-09
 2.11996e-11 2.30101e-09 1.47265e-07 5.5573e-06 0.000123657 0.00162241 0.0125517 0.0572659 0.154175 0.245711 0.235496 0.145986 0.0743551 0.0409405 0.0207837 0.00782214 0.00231102 0.000634628 0.000165616 3.9129e-05 8.34501e-06 1.56957e-06 2.5014e-07 3.24058e-08 3.27178e-09
 2.12522e-11 2.30672e-09 1.4763e-07 5.57109e-06 0.000123963 0.00162643 0.0125828 0.0574077 0.154554 0.246295 0.23596 0.146009 0.0739677 0.0404529 0.0204327 0.00762238 0.00220237 0.000579175 0.000140873 2.99745e-05 5.66394e-06 9.54224e-07 1.39428e-07 1.71169e-08 1.69501e-09
 2.16451e-11 2.34937e-09 1.5036e-07 5.6741e-06 0.000126255 0.0016565 0.0128154 0.0584673 0.157386 0.250638 0.239317 0.145869 0.0705917 0.0364517 0.0178492 0.00648179 0.00177998 0.000437484 0.000100985 2.05355e-05 3.63876e-06 5.57547e-07 7.23929e-08 7.89903e-09 7.11221e-10
 2.17103e-11 2.35645e-09 1.50812e-07 5.69118e-06 0.000126636 0.00166149 0.012854 0.0586431 0.157856 0.251361 0.239885 0.145877 0.0700787 0.03582 0.0174098 0.00625136 0.00167142 0.0003929 8.61499e-05 1.64972e-05 2.73654e-06 3.9421e-07 4.78502e-08 4.77424e-09 3.84659e-10
 2.2141e-11 2.4032e-09 1.53804e-07 5.80409e-06 0.000129148 0.00169445 0.0131089 0.0598045 0.160959 0.256117 0.243538 0.145653 0.06627 0.0313624 0.0146078 0.00510072 0.00129692 0.000282015 5.77571e-05 1.0504e-05 1.65136e-06 2.23811e-07 2.54146e-08 2.3659e-09 1.77093e-10
 2.22789e-11 2.41816e-09 1.54762e-07 5.84022e-06 0.000129952 0.001705 0.0131905 0.0601761 0.161952 0.25764 0.244715 0.145602 0.0650828 0.0299569 0.0137025 0.0047035 0.00115125 0.000233596 4.43322e-05 7.4918e-06 1.08913e-06 1.37331e-07 1.46469e-08 1.28077e-09 8.96683e-11
 2.23949e-11 2.43076e-09 1.55568e-07 5.87065e-06 0.000130629 0.00171388 0.0132592 0.0604891 0.162789 0.258922 0.245701 0.145546 0.0640632 0.0287601 0.0129455 0.00438707 0.00104476 0.000201016 3.58384e-05 5.69095e-06 7.68121e-07 8.91476e-08 8.7526e-09 7.0679e-10 4.60096e-11
 2.30525e-11 2.50213e-09 1.60136e-07 6.04302e-06 0.000134464 0.0017642 0.0136483 0.062262 0.167525 0.266172 0.251231 0.145076 0.0580527 0.0218258 0.00872495 0.00281388 0.000633682 0.000109838 1.73746e-05 2.53209e-06 3.18911e-07 3.44953e-08 3.1441e-09 2.34053e-10 1.39865e-11
 2.32676e-11 2.52548e-09 1.6163e-07 6.09942e-06 0.000135719 0.00178066 0.0137757 0.0628421 0.169075 0.268545 0.253045 0.144934 0.0561041 0.0195686 0.00733837 0.00228191 0.000484479 7.32725e-05 9.47006e-06 1.15891e-06 1.27088e-07 1.21523e-08 1.00286e-09 6.88146e-11 3.80497e-12
 2.30606e-11 2.50301e-09 1.60192e-07 6.04515e-06 0.000134512 0.00176482 0.0136531 0.0622839 0.167584 0.266264 0.251312 0.145106 0.0580325 0.0217754 0.00865622 0.00274307 0.000584404 8.80701e-05 1.11556e-05 1.28471e-06 1.24205e-07 9.87333e-09 6.74646e-10 3.95732e-11 1.92763e-12
 2.32888e-11 2.52778e-09 1.61777e-07 6.10497e-06 0.000135843 0.00178228 0.0137882 0.0628992 0.169227 0.268778 0.253223 0.144918 0.0559097 0.0193448 0.00720286 0.0022322 0.000471912 7.04865e-05 8.80931e-06 1.00242e-06 9.57484e-08 7.39071e-09 4.69744e-10 2.41808e-11 9.88009e-13
#obs catch len freq
 4.30836e-11 3.99284e-09 2.18192e-07 7.03044e-06 0.000133573 0.00149643 0.0098874 0.0385675 0.08928 0.126038 0.12278 0.115042 0.123952 0.121128 0.0994881 0.0722365 0.0444371 0.0221752 0.00914371 0.00313556 0.000861666 0.000179614 2.69315e-05 2.78069e-06 1.91303e-07
 6.48601e-11 5.79755e-09 3.05562e-07 9.49601e-06 0.00017401 0.00188022 0.0119818 0.0450728 0.100576 0.136535 0.126649 0.111348 0.114654 0.111511 0.0940122 0.0698155 0.0428902 0.021005 0.00835019 0.00269805 0.000686087 0.000131476 1.81513e-05 1.73056e-06 1.09995e-07
 4.44985e-11 3.82969e-09 1.94343e-07 5.81519e-06 0.000102602 0.00106758 0.00655494 0.0238295 0.0521942 0.0748623 0.0922826 0.128415 0.164783 0.160225 0.125298 0.0857314 0.0494178 0.0230207 0.00874603 0.00268988 0.000643234 0.000114223 1.4459e-05 1.25879e-06 7.30892e-08
 2.21296e-11 1.83079e-09 8.9308e-08 2.56882e-06 4.35704e-05 0.000435891 0.00257575 0.00905712 0.0196785 0.0309919 0.0502266 0.0900226 0.138776 0.175707 0.185953 0.151415 0.0887365 0.0384509 0.0132302 0.00371969 0.00082424 0.000136022 1.59192e-05 1.27215e-06 6.74294e-08
 3.87927e-10 3.08032e-08 1.4422e-06 3.98149e-05 0.000648114 0.00622076 0.0352068 0.117492 0.231236 0.268598 0.18496 0.0776918 0.0244114 0.0129538 0.0133257 0.0122943 0.0084201 0.00429377 0.00163416 0.000459902 9.51676e-05 1.433e-05 1.53008e-06 1.1191e-07 5.43071e-09
 2.46085e-10 1.87277e-08 8.40372e-07 2.22355e-05 0.000346914 0.00319187 0.0173294 0.0556976 0.107754 0.135775 0.144284 0.168694 0.174714 0.121004 0.051705 0.0143036 0.00340795 0.00114024 0.000450942 0.000141453 3.10951e-05 4.65681e-06 4.69636e-07 3.15547e-08 1.39333e-09
 6.5926e-10 4.80199e-08 2.0624e-06 5.22289e-05 0.0007799 0.00686692 0.0356551 0.109226 0.197914 0.214946 0.149477 0.0859009 0.0617074 0.0536581 0.0431407 0.0265221 0.0108637 0.00278074 0.000449492 5.2364e-05 5.90174e-06 7.02883e-07 6.78895e-08 4.44153e-09 1.86527e-10
 7.98591e-10 5.56033e-08 2.28278e-06 5.52604e-05 0.000788785 0.00663931 0.0329648 0.0967122 0.169149 0.184285 0.149073 0.124996 0.107878 0.0717621 0.0347277 0.013934 0.00506928 0.00154738 0.000352991 5.56827e-05 5.83655e-06 4.11524e-07 2.11999e-08 8.8447e-10 2.9576e-11
 1.16433e-09 7.74005e-08 3.03388e-06 7.01198e-05 0.000955602 0.00767956 0.0364057 0.101993 0.170463 0.178046 0.139706 0.115996 0.101921 0.0741145 0.0432025 0.0203793 0.00709577 0.0016699 0.000264903 3.06508e-05 2.82902e-06 2.05641e-07 1.07106e-08 3.72346e-10 8.49852e-12
 1.65954e-09 1.0521e-07 3.93294e-06 8.66891e-05 0.0011267 0.00863547 0.0390481 0.104423 0.167198 0.170116 0.136737 0.12012 0.106084 0.0750992 0.0426387 0.0197846 0.00690166 0.00167815 0.000281921 3.34452e-05 2.83042e-06 1.7003e-07 7.24358e-09 2.19053e-10 4.6221e-12
 1.98829e-09 1.20088e-07 4.27668e-06 8.98059e-05 0.00111201 0.00812058 0.0350047 0.0894718 0.138726 0.144548 0.135682 0.141719 0.130861 0.0916045 0.050916 0.0227363 0.00744959 0.00166827 0.000255935 2.80882e-05 2.26974e-06 1.33022e-07 5.44404e-09 1.50721e-10 2.7712e-12
 3.73102e-09 2.14472e-07 7.26943e-06 0.000145285 0.00171213 0.0118988 0.0487947 0.118427 0.172737 0.162735 0.126761 0.111463 0.0986338 0.0730877 0.0444635 0.0207684 0.00670902 0.00142997 0.000204442 2.05483e-05 1.50275e-06 7.97161e-08 2.98797e-09 7.70066e-11 1.33262e-12
 5.93166e-09 3.24225e-07 1.04497e-05 0.000198587 0.00222535 0.0147064 0.0573567 0.132494 0.184598 0.1686 0.131341 0.113765 0.0918692 0.0577514 0.0290271 0.0117305 0.0034938 0.000718556 0.000102061 1.02806e-05 7.40362e-07 3.7437e-08 1.29909e-09 3.04577e-11 4.76783e-13
 8.52607e-09 4.4277e-07 1.3558e-05 0.000244796 0.00260626 0.0163652 0.0606632 0.133396 0.17825 0.160946 0.131744 0.119269 0.0952846 0.0583171 0.0284008 0.0108922 0.00298682 0.000547411 6.71715e-05 5.77827e-06 3.64133e-07 1.68412e-08 5.52336e-10 1.23513e-11 1.82893e-13
 1.20207e-08 5.92635e-07 1.72278e-05 0.000295303 0.00298482 0.0177951 0.0626613 0.131212 0.168904 0.153394 0.134952 0.127522 0.100094 0.059242 0.0277692 0.0101025 0.00257623 0.000428597 4.60892e-05 3.31999e-06 1.68923e-07 6.27677e-09 1.6937e-10 3.22788e-12 4.21905e-14
 1.88116e-08 8.79852e-07 2.42651e-05 0.00039459 0.0037838 0.021402 0.0715084 0.142175 0.174282 0.152225 0.130487 0.119899 0.0920382 0.0544053 0.025617 0.00914372 0.00222838 0.00034859 3.4807e-05 2.28918e-06 1.0373e-07 3.33187e-09 7.55832e-11 1.18645e-12 1.2665e-14
 2.57807e-08 1.14326e-06 2.98939e-05 0.000460911 0.0041907 0.0224791 0.0712932 0.135155 0.161217 0.146229 0.138228 0.131363 0.0980748 0.0555443 0.0249656 0.00847601 0.00196614 0.000294943 2.86258e-05 1.85642e-06 8.32276e-08 2.60191e-09 5.57367e-11 8.0002e-13 7.58986e-15
 4.2867e-08 1.80143e-06 4.46377e-05 0.000652201 0.00561943 0.0285637 0.0858314 0.154037 0.173236 0.146266 0.127717 0.114901 0.0841501 0.0481415 0.0217889 0.00721681 0.0015881 0.000222172 1.98665e-05 1.17709e-06 4.8248e-08 1.3968e-09 2.82075e-11 3.86605e-13 3.51161e-15
 6.33835e-08 2.52311e-06 5.92222e-05 0.000819656 0.00668997 0.0322175 0.0917875 0.156719 0.170194 0.144708 0.130376 0.115643 0.0808218 0.043782 0.0187819 0.00593808 0.00126666 0.000176333 1.62447e-05 1.01967e-06 4.41823e-08 1.30426e-09 2.56375e-11 3.30474e-13 2.77753e-15
 9.39399e-08 3.54106e-06 7.87058e-05 0.00103153 0.00797288 0.0363659 0.0982036 0.159499 0.167231 0.142544 0.130649 0.114097 0.0776831 0.0411785 0.0171307 0.00515415 0.00103159 0.000133714 1.14521e-05 6.73953e-07 2.79433e-08 8.10069e-10 1.59726e-11 2.08484e-13 1.76579e-15
 1.50123e-07 5.35738e-06 0.000112732 0.00139877 0.0102354 0.0441987 0.112999 0.173748 0.172364 0.138757 0.120431 0.101181 0.0679771 0.0361929 0.0149923 0.0044192 0.00086594 0.00011159 9.69093e-06 5.81739e-07 2.4177e-08 6.82625e-10 1.28298e-11 1.5849e-13 1.27608e-15
 2.03671e-07 6.8801e-06 0.000137041 0.0016096 0.0111504 0.0456052 0.110685 0.163271 0.161932 0.141894 0.133613 0.11048 0.0690933 0.0335831 0.0127381 0.00347953 0.000638361 7.77084e-05 6.44204e-06 3.73776e-07 1.51953e-08 4.2325e-10 7.86823e-12 9.56891e-14 7.5016e-16
 3.29168e-07 1.05248e-05 0.000198426 0.00220595 0.014464 0.0559896 0.128562 0.179084 0.166464 0.134854 0.118599 0.0950591 0.0599352 0.0298171 0.011257 0.00293916 0.000500174 5.52349e-05 4.08646e-06 2.10757e-07 7.7078e-09 1.97071e-10 3.42635e-12 3.95112e-14 2.96397e-16
 4.15163e-07 1.25645e-05 0.000224216 0.00235949 0.0146472 0.0537332 0.117471 0.15905 0.15444 0.144892 0.139754 0.109049 0.0632451 0.028475 0.0098292 0.00238971 0.000384507 4.06172e-05 2.88916e-06 1.42136e-07 4.85666e-09 1.13379e-10 1.77324e-12 1.8326e-14 1.23861e-16
 6.20419e-07 1.77732e-05 0.000300221 0.00299054 0.0175735 0.0610349 0.126403 0.162516 0.150996 0.137239 0.129999 0.102991 0.0635364 0.0306292 0.0107951 0.00254959 0.000387482 3.81532e-05 2.51657e-06 1.14945e-07 3.66694e-09 8.03244e-11 1.1788e-12 1.13627e-14 7.09093e-17
 1.06752e-06 2.89501e-05 0.000462934 0.00436528 0.0242817 0.0798016 0.156134 0.188231 0.159795 0.128198 0.108553 0.078488 0.0442053 0.019485 0.00634655 0.00140151 0.000201046 1.88297e-05 1.18613e-06 5.15653e-08 1.54989e-09 3.16361e-11 4.29603e-13 3.8234e-15 2.20516e-17
 1.29188e-06 3.31698e-05 0.000502187 0.00448384 0.0236253 0.0736836 0.137965 0.164878 0.153561 0.146335 0.132207 0.0910628 0.0465236 0.0184056 0.00545439 0.00111411 0.000149404 1.31664e-05 7.83724e-07 3.22592e-08 9.17722e-10 1.76937e-11 2.26182e-13 1.88601e-15 1.01343e-17
 1.90036e-06 4.62016e-05 0.000662342 0.0055998 0.0279396 0.0825253 0.146409 0.166062 0.147537 0.135754 0.121739 0.0876442 0.0491418 0.0210933 0.00639434 0.00127368 0.000162901 1.35921e-05 7.64366e-07 2.96625e-08 7.932e-10 1.43355e-11 1.71476e-13 1.3366e-15 6.70835e-18
#spawning biomass
 32353.1 32271.9 23384.4 16711.2 27002.9 44018.5 78460.4 116257 150325 168283 155261 160835 176917 178650 203536 205894 176054 168150 196788 191676 210179 194662 200257 187565 165420 163389 184447 173701 178142 306057 227034 147650 92077.9 59176.9 41513.5 32612.7 28318.3 26309.7 25391.2 24978.2 24794.9 24714.3 24679.1 24663.7 24657.2 24654.4 24653.2 24652.7 24652.5 24652.4 24652.3 24652.3 24652.3 24652.3 24652.3 24652.3 24652.3 24652.3 24652.3 24652.3 24652.3 24652.3 24652.3 24652.3 24652.3 24652.3 24652.3 24652.3 24652.3 24652.3 24652.3 24652.3 24652.3 24652.3 24652.3 24652.3 24652.3 24652.3 24652.3 24652.3 24652.3 24652.3 24652.3 24652.3 24652.3 24652.3 24652.3 24652.3 24652.3 24652.3 24652.3 24652.3 24652.3 24652.3 24652.3 24652.3 24652.3 24652.3 24652.3 24652.3 24652.3 24652.3 24652.3 24652.3 24652.3 24652.3 24652.3 24652.3 24652.3 24652.3 24652.3 24652.3 24652.3 24652.3 24652.3 24652.3 24652.3 24652.3 24652.3 24652.3 24652.3 24652.3 24652.3 24652.3 24652.3 24652.3 24652.3 24652.3 0 0 0 0 0 0 0 0 0 0 0 0 0 0 0 0 0 0 0 0 0 0 0 0 0
