SBPRF35
0.18407
Curr Bio
71078.6
B35
199523
F35
0.482898
FOFL
0.154957
OFL
10541.7
Bzero
52591.5
#pred survey bio
 6495.35 6438.83 4796.39 4828.24 7580.59 9960.93 14633.2 19584.3 23320.7 34168.8 44729.2 62024.4 75602.3 91124.1 109924 98395.5 81330.4 99908.5 101901 85182.2 83039 82512.8 86172.3 85017.1 99931.7 119983 87623.4 112444 90426.9 3.15517e+06 2.40796e+06 1.79462e+06 1.24065e+06 881025 678604 572028 517230 488931 473990 465856 461286 458646 457088 456156 455578 455233 455026 454901 454825 454779 454751 454733 454723 454717 454713 454711 454709 454708 454708 454707 454707 454707 454707 454707 454707 454707 454707 454707 454707 454707 454707 454707 454707 454707 454707 454707 454707 454707 454707 454707 454707 454707 454707 454707 454707 454707 454707 454707 454707 454707 454707 454707 454707 454707 454707 454707 454707 454707 454707 454707 454707 454707 454707 454707 454707 454707 454707 454707 454707 454707 454707 454707 454707 454707 454707 454707 454707 454707 454707 454707 454707 454707 454707 454707 454707 454707 454707 454707 454707 0 0 0 0 0 0 0 0 0 0 0 0 0 0 0 0 0 0 0 0 0 0 0 0 0
#obs survey bio
 5695.34 5165.61 3965.72 6270.83 7666.11 12608.1 13003.9 18032.6 27174.5 30595.3 47034.3 57963.2 111413 64376.1 117230 114982 97639.6 92511.7 89700.9 90399.7 80106.2 66982.3 123499 91617.9 107060 132552 80684.3 134076 68156.9
#pred catch bio
 2483.11 3360.21 2735.41 2107.43 4323.12 5559.51 9141.34 13297.6 15122 25562.5 34132.3 50330.3 61275.4 75121.3 97132.4 92535.8 73696.6 93528 103170 88141.4 88548.5 89988.5 93635.5 93195.9 110030 136440 99800.3 129199 105638 10541.7 34277.2 24366.8 16027.4 10951.1 8313.43 7065.99 6511.24 6274.79 6177.02 6137.49 6121.76 6115.59 6113.19 6112.26 6111.9 6111.76 6111.71 6111.69 6111.69 6111.68 6111.68 6111.68 6111.68 6111.68 6111.68 6111.68 6111.68 6111.68 6111.68 6111.68 6111.68 6111.68 6111.68 6111.68 6111.68 6111.68 6111.68 6111.68 6111.68 6111.68 6111.68 6111.68 6111.68 6111.68 6111.68 6111.68 6111.68 6111.68 6111.68 6111.68 6111.68 6111.68 6111.68 6111.68 6111.68 6111.68 6111.68 6111.68 6111.68 6111.68 6111.68 6111.68 6111.68 6111.68 6111.68 6111.68 6111.68 6111.68 6111.68 6111.68 6111.68 6111.68 6111.68 6111.68 6111.68 6111.68 6111.68 6111.68 6111.68 6111.68 6111.68 6111.68 6111.68 6111.68 6111.68 6111.68 6111.68 6111.68 6111.68 6111.68 6111.68 6111.68 6111.68 6111.68 6111.68 6111.68 6111.68 6111.68 6111.68 0 0 0 0 0 0 0 0 0 0 0 0 0 0 0 0 0 0 0 0 0 0 0 0 0
#obs catch bio
 4121.99 3863.81 3110.31 2009.02 4329.8 5388.66 9236.58 13177.5 14478.3 25397.3 34187.6 49873.9 58444.9 77906.8 91352.1 88714.4 69082.8 88532.1 108216 86927.8 88430.6 93489.7 80376.5 85619.4 93096.2 133487 89560 111133 119698
#pred cpue bio
 6532.88 6460.14 4819.52 4862.61 7633.09 10037.1 14747.7 19744.4 23514.1 34467.7 45154 62625 76349.9 92015.3 111026 99383.4 82216 101000 103020 86192.4 84044.8 83540.1 87262.5 86085.1 101202 121511 88752.3 113897 91595.8 3.19608e+06 2.40936e+06 1.79607e+06 1.2421e+06 882475 680054 573477 518679 490381 475440 467306 462735 460095 458538 457606 457028 456683 456476 456350 456275 456228 456200 456183 456173 456167 456163 456160 456159 456158 456158 456157 456157 456157 456157 456157 456157 456157 456157 456157 456157 456157 456157 456157 456157 456157 456157 456157 456157 456157 456157 456157 456157 456157 456157 456157 456157 456157 456157 456157 456157 456157 456157 456157 456157 456157 456157 456157 456157 456157 456157 456157 456157 456157 456157 456157 456157 456157 456157 456157 456157 456157 456157 456157 456157 456157 456157 456157 456157 456157 456157 456157 456157 456157 456157 456157 456157 456157 456157 456157 456157 0 0 0 0 0 0 0 0 0 0 0 0 0 0 0 0 0 0 0 0 0 0 0 0 0
#obs cpue bio
 7683.19 3459.96 4077.85 5932.75 7511.65 8897.25 15013.3 23847.7 23744.8 38905.8 41261.5 72486.7 64634.4 102226 150979 99806.9 84728.5 136786 96400.1 85221.8 87401.2 88001.7 114541 108227 182470 126243 137962 182805 72061.7
#pred surv len freq
 1.76305e-11 1.91446e-09 1.22565e-07 4.62623e-06 0.00010295 0.00135073 0.010449 0.0476697 0.128407 0.205459 0.201133 0.136636 0.0882285 0.0634274 0.0418924 0.0254222 0.0158768 0.0101938 0.00676761 0.00475173 0.00359535 0.00297488 0.00255499 0.00196053 0.00114102
 1.20054e-11 1.30364e-09 8.34601e-08 3.15021e-06 7.01036e-05 0.000919804 0.00711643 0.0324898 0.0878432 0.143187 0.152638 0.137339 0.134626 0.119824 0.0805906 0.0452167 0.0249382 0.0137183 0.00755159 0.00433593 0.00268603 0.00186033 0.00141618 0.00103256 0.000597911
 1.58396e-11 1.72e-09 1.10116e-07 4.15632e-06 9.24928e-05 0.00121353 0.00938777 0.0428312 0.115414 0.184995 0.182666 0.128556 0.0905291 0.0738112 0.0595741 0.0458124 0.0310655 0.0173269 0.008477 0.00400425 0.00194013 0.00103264 0.000632553 0.000407815 0.000225116
 1.89747e-11 2.06043e-09 1.31911e-07 4.97896e-06 0.000110799 0.00145371 0.0112455 0.0512993 0.138129 0.220564 0.213788 0.139448 0.0819689 0.0542749 0.0343809 0.0205612 0.0134376 0.00909735 0.00549049 0.0027371 0.00116531 0.000473961 0.00021031 0.000106121 5.18107e-05
 1.82926e-11 1.98636e-09 1.27168e-07 4.79997e-06 0.000106816 0.00140146 0.0108414 0.0494606 0.133239 0.213251 0.20904 0.142694 0.092666 0.0654153 0.0399247 0.0203823 0.0102214 0.00538147 0.00299158 0.00166546 0.000813506 0.000326971 0.00011518 4.1182e-05 1.55493e-05
 1.92185e-11 2.08689e-09 1.33605e-07 5.04291e-06 0.000112223 0.00147239 0.0113899 0.051959 0.139914 0.22349 0.216974 0.142465 0.0849768 0.0565542 0.03475 0.0185741 0.0094477 0.00446297 0.00195091 0.000859878 0.000391067 0.000166967 6.01351e-05 1.81671e-05 5.03055e-06
 1.93556e-11 2.10179e-09 1.34558e-07 5.0789e-06 0.000113023 0.00148289 0.0114712 0.0523298 0.140913 0.225084 0.218515 0.143436 0.085361 0.0562232 0.0334979 0.0168692 0.00815979 0.00384321 0.00166874 0.000659864 0.000241691 8.59369e-05 2.92193e-05 8.6457e-06 2.10265e-06
 1.97542e-11 2.14507e-09 1.3733e-07 5.18351e-06 0.000115351 0.00151343 0.0117074 0.0534058 0.143791 0.229524 0.222082 0.143751 0.0826651 0.0527583 0.0309399 0.0153008 0.00715823 0.00320701 0.00132143 0.000504561 0.000175341 5.43661e-05 1.52809e-05 3.93127e-06 8.7902e-07
 1.98473e-11 2.15518e-09 1.37976e-07 5.20791e-06 0.000115894 0.00152056 0.0117625 0.0536572 0.144466 0.230591 0.22306 0.144225 0.0826517 0.052377 0.0302211 0.0144256 0.0064468 0.00278415 0.00110549 0.000401881 0.000132237 3.86085e-05 9.83146e-06 2.16301e-06 4.10237e-07
 2.03761e-11 2.2126e-09 1.41653e-07 5.34668e-06 0.000118982 0.00156107 0.0120758 0.0550843 0.14828 0.236449 0.227636 0.14421 0.0783912 0.0472332 0.0267899 0.0127521 0.00566207 0.0023894 0.000910943 0.000316006 9.91322e-05 2.74104e-05 6.53772e-06 1.31583e-06 2.19309e-07
 2.11586e-11 2.29757e-09 1.47092e-07 5.552e-06 0.000123551 0.00162102 0.0125394 0.0571962 0.153928 0.24515 0.234567 0.144625 0.0727463 0.0400275 0.0214517 0.00959132 0.00395484 0.00159429 0.000595385 0.000201771 6.0899e-05 1.60173e-05 3.61155e-06 6.81228e-07 1.04554e-07
 2.1309e-11 2.3139e-09 1.48138e-07 5.59148e-06 0.00012443 0.00163254 0.0126286 0.0576025 0.155017 0.246848 0.236016 0.145028 0.0721614 0.0390028 0.0203568 0.00859145 0.00322104 0.00117997 0.000405726 0.00012878 3.7283e-05 9.48374e-06 2.05048e-06 3.66668e-07 5.284e-08
 2.15069e-11 2.3354e-09 1.49514e-07 5.64341e-06 0.000125586 0.0016477 0.0127458 0.0581366 0.156445 0.249045 0.237753 0.145088 0.0706676 0.0371477 0.0190526 0.00788012 0.00284525 0.000983981 0.000311358 8.90793e-05 2.3364e-05 5.50152e-06 1.12591e-06 1.926e-07 2.64662e-08
 2.13834e-11 2.32198e-09 1.48655e-07 5.611e-06 0.000124864 0.00163824 0.0126726 0.0578034 0.155555 0.247687 0.236734 0.145232 0.0718806 0.0385096 0.019833 0.00811072 0.00285689 0.000959195 0.000292785 7.91771e-05 1.91043e-05 4.0543e-06 7.47719e-07 1.17507e-07 1.51601e-08
 2.16336e-11 2.34915e-09 1.50395e-07 5.67664e-06 0.000126325 0.00165741 0.0128208 0.0584784 0.157358 0.250448 0.238849 0.145086 0.0696483 0.0359143 0.0182252 0.00747325 0.0026565 0.000893475 0.000268883 7.06532e-05 1.63626e-05 3.27183e-06 5.54246e-07 7.85326e-08 9.13934e-09
 2.16414e-11 2.35e-09 1.50449e-07 5.6787e-06 0.000126371 0.00165801 0.0128255 0.0584997 0.157416 0.250548 0.238981 0.145262 0.0698531 0.036014 0.0180956 0.00719746 0.0024256 0.000781257 0.000231957 6.08791e-05 1.39721e-05 2.72392e-06 4.41951e-07 5.87658e-08 6.27859e-09
 2.2474e-11 2.44041e-09 1.56237e-07 5.89718e-06 0.000131233 0.00172179 0.0133188 0.0607464 0.163418 0.259747 0.24607 0.144916 0.0626364 0.02751 0.012667 0.00486089 0.00158115 0.000487625 0.000137913 3.44478e-05 7.64719e-06 1.46936e-06 2.35469e-07 3.05419e-08 3.12451e-09
 2.24901e-11 2.44215e-09 1.56349e-07 5.90138e-06 0.000131326 0.00172302 0.0133283 0.0607898 0.163535 0.259938 0.246271 0.145086 0.0627669 0.0275256 0.0124891 0.00456911 0.00134473 0.000370556 9.7298e-05 2.30442e-05 4.85511e-06 8.8675e-07 1.36527e-07 1.72674e-08 1.73278e-09
 2.25363e-11 2.44717e-09 1.5667e-07 5.91352e-06 0.000131596 0.00172656 0.0133557 0.0609146 0.163869 0.26045 0.24667 0.145081 0.0623886 0.0270712 0.0121885 0.00442549 0.00127943 0.0003389 8.28694e-05 1.77039e-05 3.36091e-06 5.67166e-07 8.21143e-08 9.84901e-09 9.4686e-10
 2.33386e-11 2.53429e-09 1.62247e-07 6.12402e-06 0.000136281 0.00178802 0.0138309 0.0630792 0.16965 0.269302 0.25345 0.14461 0.0552237 0.0187298 0.00699865 0.00235176 0.000638763 0.000157899 3.67325e-05 7.52795e-06 1.34388e-06 2.0712e-07 2.70067e-08 2.94854e-09 2.63373e-10
 2.35512e-11 2.55738e-09 1.63726e-07 6.17983e-06 0.000137523 0.00180431 0.0139569 0.0636532 0.171184 0.271653 0.255266 0.144536 0.0534011 0.0165687 0.00559969 0.00172942 0.000405761 7.95952e-05 1.51543e-05 2.75397e-06 4.54188e-07 6.58559e-08 8.05628e-09 8.09189e-10 6.54849e-11
 2.38387e-11 2.5886e-09 1.65724e-07 6.25526e-06 0.000139201 0.00182633 0.0141272 0.0644287 0.173255 0.274822 0.257681 0.144326 0.0507713 0.013539 0.00375901 0.0010455 0.000227497 3.92779e-05 6.24202e-06 9.217e-07 1.20783e-07 1.43693e-08 1.54215e-09 1.42028e-10 1.06774e-11
 2.40054e-11 2.6067e-09 1.66884e-07 6.29901e-06 0.000140175 0.00183911 0.014226 0.0648787 0.174456 0.27666 0.25908 0.144199 0.0492384 0.0117764 0.00269264 0.000654901 0.000129969 1.92297e-05 2.44544e-06 2.96206e-07 3.24476e-08 3.12962e-09 2.65443e-10 1.94872e-11 1.22406e-12
 2.39309e-11 2.59861e-09 1.66365e-07 6.27945e-06 0.000139739 0.0018334 0.0141818 0.0646775 0.173919 0.275838 0.258458 0.144267 0.0499404 0.0125753 0.00316429 0.000813757 0.000160079 2.19745e-05 2.38971e-06 2.39365e-07 2.15651e-08 1.66414e-09 1.12263e-10 6.58516e-12 3.26373e-13
 2.40581e-11 2.61242e-09 1.6725e-07 6.31283e-06 0.000140482 0.00184314 0.0142572 0.0650207 0.174836 0.27724 0.259521 0.144157 0.0487507 0.0112175 0.00235722 0.000535274 0.000102303 1.43159e-05 1.63084e-06 1.67642e-07 1.44274e-08 9.77229e-10 5.4285e-11 2.54884e-12 9.9553e-14
 2.40756e-11 2.61432e-09 1.67371e-07 6.31743e-06 0.000140585 0.00184448 0.0142676 0.065068 0.174962 0.277433 0.259668 0.144144 0.0485904 0.0110328 0.00224486 0.000493385 9.13772e-05 1.19434e-05 1.18902e-06 1.06454e-07 8.66002e-09 5.91122e-10 3.31911e-11 1.49294e-12 5.17067e-14
 2.41971e-11 2.62752e-09 1.68216e-07 6.34931e-06 0.000141294 0.00185379 0.0143396 0.0653958 0.175837 0.278771 0.260683 0.14404 0.0474552 0.00973658 0.00147371 0.000226413 3.53649e-05 4.2721e-06 3.81913e-07 2.9291e-08 2.05909e-09 1.22584e-10 6.04385e-12 2.5056e-13 8.4587e-15
 2.42268e-11 2.63074e-09 1.68423e-07 6.35711e-06 0.000141468 0.00185607 0.0143572 0.065476 0.176051 0.279098 0.260931 0.144015 0.0471776 0.00941962 0.0012851 0.000161081 2.16324e-05 2.38216e-06 1.81921e-07 1.04052e-08 5.33343e-10 2.54718e-11 1.05579e-12 3.71442e-14 1.08083e-15
 2.42323e-11 2.63133e-09 1.6846e-07 6.35853e-06 0.000141499 0.00185648 0.0143604 0.0654906 0.17609 0.279158 0.260976 0.14401 0.0471268 0.00936168 0.00125064 0.000149166 1.91436e-05 2.04611e-06 1.47807e-07 7.34074e-09 2.94676e-10 1.07913e-11 3.39482e-13 8.76363e-15 1.9208e-16
#obs surv len freq
 3.65942e-11 3.53546e-09 2.01381e-07 6.76286e-06 0.0001339 0.00156309 0.0107594 0.0436995 0.105093 0.15246 0.145971 0.123263 0.120041 0.108858 0.0788084 0.0503899 0.0304179 0.0164728 0.00771373 0.00306048 0.000990277 0.000246898 4.45961e-05 5.54397e-06 4.5723e-07
 2.65379e-11 2.47294e-09 1.35863e-07 4.40075e-06 8.40428e-05 0.000946357 0.00628611 0.0246895 0.0580681 0.0871051 0.105179 0.140953 0.180936 0.167533 0.109883 0.0600386 0.0316715 0.0158772 0.00707895 0.00265682 0.00079512 0.000180571 2.96764e-05 3.37354e-06 2.55246e-07
 1.05887e-10 9.50059e-09 5.02571e-07 1.56741e-05 0.00028821 0.00312448 0.0199714 0.075285 0.167593 0.221899 0.181371 0.107862 0.068751 0.0537266 0.0416306 0.0291459 0.0169686 0.00790312 0.00308073 0.00103103 0.000282256 5.8831e-05 8.80951e-06 9.0773e-07 6.22476e-08
 1.1514e-10 9.9308e-09 5.04989e-07 1.51398e-05 0.000267607 0.0027889 0.0171396 0.062177 0.133839 0.175649 0.158932 0.137032 0.129965 0.0995523 0.0513975 0.0193587 0.00712302 0.00303245 0.00122137 0.000392658 9.6603e-05 1.78789e-05 2.4008e-06 2.23434e-07 1.38609e-08
 2.04447e-10 1.69247e-08 8.26033e-07 2.37691e-05 0.000403246 0.00403345 0.0237893 0.0827835 0.170514 0.211432 0.171228 0.118699 0.0929896 0.0668924 0.0355524 0.014558 0.00508059 0.00151243 0.00038947 9.41016e-05 2.04741e-05 3.48226e-06 4.22413e-07 3.50818e-08 1.94304e-09
 2.60071e-10 2.06338e-08 9.65173e-07 2.66177e-05 0.000432789 0.00414899 0.0234561 0.0782869 0.155154 0.188128 0.159316 0.130928 0.117055 0.0834041 0.0402332 0.0139464 0.0040856 0.00109211 0.00025012 4.6627e-05 7.09235e-06 8.883e-07 8.8228e-08 6.4137e-09 3.17571e-10
 4.17388e-10 3.16942e-08 1.41893e-06 3.74522e-05 0.000582825 0.00534755 0.0289339 0.0924099 0.175117 0.202208 0.160417 0.120267 0.0994403 0.0676768 0.0320446 0.0112185 0.00328969 0.000817792 0.000161835 2.52135e-05 3.12877e-06 3.03318e-07 2.22634e-08 1.2088e-09 4.72433e-11
 5.59471e-10 4.06081e-08 1.73775e-06 4.38429e-05 0.000652164 0.00571981 0.0295868 0.0904002 0.164469 0.185547 0.153442 0.130387 0.114882 0.0763299 0.033944 0.0108712 0.00289924 0.000674386 0.000127767 1.87429e-05 2.08311e-06 1.71466e-07 1.02472e-08 4.37862e-10 1.31492e-11
 8.96107e-10 6.20962e-08 2.53693e-06 6.11072e-05 0.000867798 0.00726627 0.035883 0.104659 0.181663 0.194962 0.151727 0.11985 0.0993977 0.0634726 0.0278621 0.00913151 0.002507 0.000571618 0.000100864 1.35089e-05 1.37542e-06 1.03946e-07 5.61478e-09 2.10269e-10 5.34732e-12
 1.29611e-09 8.56492e-08 3.33692e-06 7.66491e-05 0.00103804 0.00828891 0.0390406 0.108671 0.180585 0.188328 0.149552 0.125513 0.104221 0.0624474 0.0241976 0.00639874 0.00134181 0.000250787 4.03536e-05 5.15642e-06 4.96787e-07 3.47073e-08 1.7071e-09 5.78945e-11 1.32828e-12
 2.07305e-09 1.305e-07 4.84341e-06 0.000105982 0.00136727 0.0104006 0.046665 0.123735 0.195833 0.194294 0.146122 0.115488 0.0904819 0.0512419 0.0186832 0.00457083 0.000852488 0.000134116 1.7303e-05 1.73418e-06 1.34829e-07 8.09366e-09 3.59363e-10 1.11969e-11 2.35494e-13
 2.77309e-09 1.66132e-07 5.86789e-06 0.000122194 0.00150027 0.0108615 0.0463957 0.117306 0.178456 0.17643 0.145979 0.132165 0.106735 0.0583629 0.0201473 0.00461259 0.000793172 0.000113617 1.31781e-05 1.15221e-06 7.45467e-08 3.58207e-09 1.26259e-10 3.19001e-12 5.64477e-14
 4.61613e-09 2.62939e-07 8.83019e-06 0.000174834 0.00204095 0.0140486 0.0570528 0.137097 0.197868 0.184068 0.140206 0.116032 0.0874514 0.045206 0.0148543 0.00326464 0.000542722 7.45376e-05 8.10311e-06 6.4818e-07 3.75239e-08 1.58126e-09 4.78793e-11 1.01476e-12 1.47395e-14
 5.61541e-09 3.03861e-07 9.6941e-06 0.00018234 0.00202218 0.0132257 0.0510721 0.117149 0.164487 0.160783 0.149505 0.147716 0.114399 0.0570789 0.0179025 0.00377255 0.000605887 8.03267e-05 8.36748e-06 6.37557e-07 3.49011e-08 1.3721e-09 3.80642e-11 7.25516e-13 9.31677e-15
 9.47137e-09 4.86503e-07 1.47332e-05 0.000263058 0.00276928 0.0171923 0.0630131 0.137118 0.18216 0.166677 0.142482 0.130219 0.0950516 0.0454004 0.013995 0.0030392 0.00052317 7.27296e-05 7.53595e-06 5.52472e-07 2.87094e-08 1.06521e-09 2.77662e-11 4.94663e-13 5.89461e-15
 1.32917e-08 6.47634e-07 1.86045e-05 0.000315103 0.00314671 0.0185339 0.0644877 0.133629 0.171543 0.159763 0.148438 0.140587 0.099278 0.0446338 0.0127082 0.00248406 0.000379832 4.835e-05 4.83029e-06 3.5499e-07 1.87333e-08 6.95955e-10 1.76924e-11 3.00571e-13 3.3685e-15
 2.39942e-08 1.10833e-06 3.01834e-05 0.000484632 0.00458797 0.0256152 0.0844466 0.165425 0.19857 0.166202 0.131826 0.11007 0.0719816 0.0305743 0.00833264 0.00158468 0.000237088 2.88199e-05 2.65211e-06 1.75538e-07 8.3533e-09 2.86475e-10 6.92631e-12 1.14249e-13 1.25113e-15
 2.78715e-08 1.21986e-06 3.14775e-05 0.000478896 0.00429614 0.0227381 0.0712009 0.133767 0.160887 0.154547 0.157515 0.147738 0.0956805 0.0388538 0.0101076 0.00185262 0.000269322 3.17263e-05 2.81426e-06 1.78835e-07 8.08681e-09 2.58552e-10 5.71734e-12 8.54184e-14 8.49192e-16
 4.5919e-08 1.90347e-06 4.65201e-05 0.000670326 0.00569546 0.0285503 0.0846734 0.150649 0.171435 0.155221 0.148551 0.131334 0.0809201 0.0318914 0.00840645 0.00165679 0.000263099 3.21673e-05 2.80836e-06 1.71339e-07 7.37945e-09 2.2397e-10 4.68418e-12 6.58086e-14 6.10066e-16
 7.49375e-08 2.94113e-06 6.80566e-05 0.000928488 0.00746934 0.0354513 0.0995526 0.167723 0.18072 0.154645 0.139265 0.115624 0.0667954 0.0245456 0.00596108 0.00107074 0.000157141 1.8491e-05 1.62073e-06 1.01837e-07 4.50636e-09 1.37036e-10 2.78963e-12 3.73755e-14 3.26737e-16
 9.77716e-08 3.63233e-06 7.95613e-05 0.00102749 0.00782514 0.0351769 0.0937781 0.151655 0.164036 0.155505 0.156344 0.130752 0.0721604 0.0249408 0.00564412 0.000932951 0.000124638 1.33073e-05 1.0595e-06 6.09636e-08 2.52036e-09 7.3521e-11 1.46699e-12 1.94591e-14 1.68061e-16
 1.68765e-07 5.934e-06 0.000123014 0.00150356 0.0108371 0.0460992 0.116206 0.177037 0.177645 0.1512 0.136297 0.105422 0.0548011 0.0180817 0.00398775 0.000656749 8.69745e-05 8.89539e-06 6.55945e-07 3.41869e-08 1.2666e-09 3.31157e-11 5.9671e-13 7.23241e-15 5.78931e-17
 2.29815e-07 7.64726e-06 0.00015003 0.00173547 0.0118394 0.0476921 0.114125 0.166917 0.167742 0.154028 0.147089 0.111704 0.0553091 0.017333 0.00366011 0.000583591 7.51005e-05 7.45154e-06 5.33681e-07 2.69899e-08 9.58956e-10 2.354e-11 3.89785e-13 4.2752e-15 3.07272e-17
 3.73067e-07 1.17483e-05 0.000218127 0.00238785 0.0154162 0.0587672 0.133045 0.183846 0.173523 0.147919 0.131169 0.0934616 0.0438187 0.0131824 0.0027351 0.00043698 5.58683e-05 5.37802e-06 3.68485e-07 1.77696e-08 6.02314e-10 1.41078e-11 2.22549e-13 2.31515e-15 1.56577e-17
 4.84677e-07 1.44453e-05 0.000253832 0.00262996 0.0160734 0.0580571 0.125086 0.167718 0.163877 0.156461 0.147081 0.102133 0.0451813 0.0126397 0.00240097 0.000347521 4.07313e-05 3.6888e-06 2.42755e-07 1.13366e-08 3.70629e-10 8.29116e-12 1.23853e-13 1.2143e-15 7.72519e-18
 6.49813e-07 1.83309e-05 0.000304882 0.00299008 0.0173016 0.0592302 0.121552 0.158514 0.159796 0.163802 0.15553 0.103664 0.0434104 0.0114938 0.00207365 0.000284669 3.12137e-05 2.59436e-06 1.54455e-07 6.50331e-09 1.9355e-10 4.00617e-12 5.61353e-14 5.19844e-16 3.12608e-18
 1.17366e-06 3.13407e-05 0.000493429 0.00458066 0.0250845 0.0811983 0.156884 0.189043 0.166669 0.143266 0.120051 0.0741702 0.0294292 0.00753529 0.00135278 0.000188114 2.05364e-05 1.6461e-06 9.237e-08 3.60975e-09 9.84348e-11 1.84788e-12 2.33534e-14 1.95043e-16 1.06295e-18
 1.2016e-06 3.03779e-05 0.000452816 0.00398058 0.0206583 0.0636142 0.11897 0.148669 0.159924 0.177098 0.161975 0.0977329 0.0365706 0.00869537 0.00142851 0.000180827 1.82815e-05 1.39457e-06 7.60201e-08 2.90436e-09 7.67394e-11 1.37175e-12 1.62229e-14 1.25064e-16 6.22889e-19
 1.6083e-06 3.84993e-05 0.000543391 0.00452354 0.022242 0.0650317 0.116576 0.144309 0.161836 0.183475 0.163163 0.0942626 0.0341904 0.00817347 0.00142026 0.000192786 1.98583e-05 1.44885e-06 7.27653e-08 2.53365e-09 6.14967e-11 1.0256e-12 1.14631e-14 8.39949e-17 3.97065e-19
#pred catch len freq
 1.79138e-11 1.94522e-09 1.24535e-07 4.70057e-06 0.000104604 0.00137244 0.0106168 0.0484345 0.130454 0.208622 0.2037 0.136949 0.0864593 0.061103 0.040148 0.0243403 0.0151996 0.00975891 0.0064789 0.00454902 0.00344197 0.00284797 0.002446 0.00187689 0.00109234
 1.25038e-11 1.35776e-09 8.69252e-08 3.281e-06 7.30141e-05 0.000957988 0.00741174 0.0338351 0.0914407 0.148729 0.157053 0.137609 0.131055 0.115318 0.0773565 0.043382 0.023925 0.013161 0.00724477 0.00415976 0.0025769 0.00178475 0.00135864 0.000990612 0.000573618
 1.63257e-11 1.77277e-09 1.13494e-07 4.28385e-06 9.53307e-05 0.00125077 0.00967573 0.0441434 0.118928 0.190448 0.187199 0.129445 0.0880064 0.0700723 0.056198 0.0431754 0.0292749 0.0163281 0.00798836 0.00377344 0.0018283 0.000973112 0.00059609 0.000384307 0.00021214
 1.92469e-11 2.08998e-09 1.33803e-07 5.05037e-06 0.000112389 0.00147456 0.0114067 0.0520339 0.140094 0.223597 0.21623 0.139681 0.0801599 0.0519458 0.0326659 0.0195081 0.0127473 0.0086299 0.00520837 0.00259646 0.00110543 0.000449608 0.000199504 0.000100668 4.91485e-05
 1.86809e-11 2.02852e-09 1.29868e-07 4.90186e-06 0.000109084 0.00143121 0.0110715 0.0505086 0.136041 0.217559 0.212435 0.142777 0.0896845 0.0617475 0.0373967 0.0190626 0.00955765 0.00503192 0.00279727 0.00155728 0.000760665 0.000305733 0.000107699 3.8507e-05 1.45393e-05
 1.95527e-11 2.12319e-09 1.35928e-07 5.13062e-06 0.000114174 0.00149799 0.011588 0.0528611 0.142326 0.227201 0.219906 0.142565 0.0824489 0.0534049 0.0325177 0.0173496 0.00882283 0.00416772 0.00182185 0.000802992 0.000365196 0.000155921 5.61568e-05 1.69652e-05 4.69774e-06
 1.97245e-11 2.14185e-09 1.37123e-07 5.17571e-06 0.000115178 0.00151116 0.0116898 0.0533255 0.143574 0.229174 0.221726 0.143477 0.082464 0.0526749 0.031059 0.0156079 0.00754745 0.00355472 0.00154348 0.000610331 0.000223549 7.94861e-05 2.7026e-05 7.99671e-06 1.94481e-06
 2.01325e-11 2.18615e-09 1.39959e-07 5.28276e-06 0.00011756 0.00154241 0.0119315 0.0544267 0.146519 0.233717 0.225366 0.143769 0.0796584 0.0490892 0.0284329 0.0140247 0.00655886 0.00293839 0.00121075 0.000462299 0.000160654 4.98124e-05 1.4001e-05 3.60198e-06 8.05393e-07
 2.02001e-11 2.19349e-09 1.40429e-07 5.30049e-06 0.000117954 0.00154759 0.0119715 0.0546092 0.147011 0.234498 0.226109 0.144205 0.0797896 0.0489135 0.0278911 0.0132803 0.0059328 0.00256209 0.00101731 0.000369827 0.00012169 3.5529e-05 9.0473e-06 1.99049e-06 3.77516e-07
 2.075e-11 2.25321e-09 1.44252e-07 5.4448e-06 0.000121166 0.00158972 0.0122974 0.0560934 0.150977 0.24059 0.230868 0.144187 0.0753549 0.0435577 0.0243144 0.011534 0.00511863 0.00215997 0.000823472 0.000285663 8.96133e-05 2.47784e-05 5.90995e-06 1.18948e-06 1.9825e-07
 2.14726e-11 2.33166e-09 1.49275e-07 5.63439e-06 0.000125385 0.00164507 0.0127254 0.0580435 0.156192 0.248624 0.237264 0.14456 0.0701251 0.0368921 0.019389 0.00863021 0.00355601 0.00143342 0.000535305 0.00018141 5.47537e-05 1.4401e-05 3.24711e-06 6.12485e-07 9.40033e-08
 2.16325e-11 2.34903e-09 1.50387e-07 5.67636e-06 0.000126319 0.00165732 0.0128202 0.0584754 0.157349 0.250423 0.238778 0.144914 0.0693877 0.0357204 0.0182433 0.00766019 0.00286944 0.00105107 0.000361402 0.000114711 3.321e-05 8.44769e-06 1.82648e-06 3.26611e-07 4.70675e-08
 2.18101e-11 2.36832e-09 1.51622e-07 5.72296e-06 0.000127356 0.00167093 0.0129254 0.0589547 0.15863 0.252395 0.240335 0.144966 0.0680459 0.0340548 0.0170731 0.0070229 0.00253336 0.000876029 0.000277197 7.93059e-05 2.08006e-05 4.89791e-06 1.00238e-06 1.71469e-07 2.35624e-08
 2.17057e-11 2.35698e-09 1.50896e-07 5.69556e-06 0.000126746 0.00166293 0.0128636 0.058673 0.157878 0.251247 0.239476 0.145092 0.0690774 0.0352103 0.0177317 0.00721272 0.00253823 0.000852116 0.000260099 7.03377e-05 1.69715e-05 3.60168e-06 6.64244e-07 1.04388e-07 1.34676e-08
 2.19576e-11 2.38434e-09 1.52647e-07 5.76167e-06 0.000128217 0.00168223 0.0130128 0.0593528 0.159694 0.254028 0.241607 0.144949 0.0668365 0.032601 0.0161093 0.00656294 0.0023303 0.000783662 0.000235834 6.1969e-05 1.43514e-05 2.86968e-06 4.86122e-07 6.88799e-08 8.016e-09
 2.19927e-11 2.38814e-09 1.52891e-07 5.77087e-06 0.000128422 0.00168492 0.0130336 0.0594475 0.159948 0.254427 0.241962 0.14509 0.066769 0.0323987 0.0158128 0.00624469 0.00210183 0.000676871 0.000200963 5.27443e-05 1.21051e-05 2.35995e-06 3.82896e-07 5.09134e-08 5.43963e-09
 2.2707e-11 2.46571e-09 1.57857e-07 5.9583e-06 0.000132593 0.00173964 0.0134568 0.061375 0.165097 0.262319 0.248044 0.144794 0.0605787 0.0251037 0.0111552 0.00423911 0.0013764 0.000424384 0.000120025 2.99796e-05 6.65529e-06 1.27877e-06 2.04927e-07 2.65804e-08 2.71924e-09
 2.27311e-11 2.46832e-09 1.58024e-07 5.96463e-06 0.000132734 0.00174148 0.013471 0.0614401 0.165272 0.262597 0.248305 0.144936 0.0606012 0.0250114 0.0109349 0.00395952 0.001163 0.000320388 8.41232e-05 1.99238e-05 4.1977e-06 7.66678e-07 1.1804e-07 1.49293e-08 1.49815e-09
 2.27977e-11 2.47556e-09 1.58488e-07 5.98211e-06 0.000133123 0.00174659 0.0135105 0.06162 0.165753 0.263333 0.248874 0.144914 0.0600339 0.0243399 0.0105031 0.00376831 0.00108689 0.000287805 7.03734e-05 1.50343e-05 2.85411e-06 4.81642e-07 6.97321e-08 8.36386e-09 8.04081e-10
 2.34853e-11 2.55023e-09 1.63268e-07 6.16254e-06 0.000137138 0.00179926 0.0139179 0.0634753 0.170708 0.270921 0.254686 0.14451 0.053892 0.01719 0.00605517 0.00199177 0.000538519 0.000133026 3.09441e-05 6.34165e-06 1.1321e-06 1.74481e-07 2.27508e-08 2.4839e-09 2.21869e-10
 2.36696e-11 2.57023e-09 1.64549e-07 6.21088e-06 0.000138214 0.00181338 0.014027 0.0639724 0.172036 0.272957 0.256258 0.144444 0.05231 0.0153159 0.00484441 0.00145581 0.0003394 6.65025e-05 1.26597e-05 2.30062e-06 3.79421e-07 5.50149e-08 6.73007e-09 6.75983e-10 5.47049e-11
 2.39121e-11 2.59657e-09 1.66235e-07 6.27452e-06 0.00013963 0.00183196 0.0141707 0.0646268 0.173784 0.275631 0.258295 0.144266 0.0500907 0.0127593 0.00329129 0.000878975 0.000189217 3.26016e-05 5.17952e-06 7.64791e-07 1.00221e-07 1.19231e-08 1.27961e-09 1.17849e-10 8.8597e-12
 2.40504e-11 2.61158e-09 1.67196e-07 6.3108e-06 0.000140437 0.00184255 0.0142526 0.0649999 0.17478 0.277154 0.259455 0.144162 0.0488198 0.0112978 0.00240714 0.000555109 0.000108344 1.5974e-05 2.03024e-06 2.45899e-07 2.69366e-08 2.59808e-09 2.2036e-10 1.61775e-11 1.01617e-12
 2.3989e-11 2.60492e-09 1.6677e-07 6.29471e-06 0.000140079 0.00183785 0.0142163 0.0648344 0.174338 0.276479 0.258944 0.144217 0.049397 0.0119548 0.00279495 0.000685692 0.000133067 1.82148e-05 1.97984e-06 1.98298e-07 1.78651e-08 1.37862e-09 9.30014e-11 5.45533e-12 2.70376e-13
 2.40947e-11 2.6164e-09 1.67504e-07 6.32244e-06 0.000140696 0.00184595 0.0142789 0.0651195 0.175099 0.277643 0.259827 0.144126 0.0484089 0.010827 0.00212465 0.000454397 8.5078e-05 1.18521e-05 1.34911e-06 1.38668e-07 1.19338e-08 8.08325e-10 4.49023e-11 2.1083e-12 8.23463e-14
 2.41105e-11 2.61811e-09 1.67614e-07 6.32658e-06 0.000140788 0.00184716 0.0142882 0.0651621 0.175213 0.277817 0.259959 0.144114 0.0482643 0.0106605 0.00202351 0.000416917 7.54504e-05 9.81069e-06 9.75753e-07 8.7348e-08 7.10565e-09 4.85022e-10 2.72336e-11 1.22497e-12 4.24259e-14
 2.42102e-11 2.62894e-09 1.68307e-07 6.35275e-06 0.000141371 0.0018548 0.0143473 0.0654312 0.175932 0.278916 0.260792 0.144029 0.0473323 0.00959645 0.00139047 0.000197759 2.94704e-05 3.51353e-06 3.13264e-07 2.40156e-08 1.68816e-09 1.00502e-10 4.9551e-12 2.05423e-13 6.93493e-15
 2.42347e-11 2.6316e-09 1.68477e-07 6.35916e-06 0.000141513 0.00185667 0.0143618 0.0654971 0.176108 0.279185 0.260997 0.144008 0.0471041 0.0093358 0.00123538 0.000144038 1.81795e-05 1.96012e-06 1.48993e-07 8.51438e-09 4.36367e-10 2.08401e-11 8.63809e-13 3.039e-14 8.84296e-16
 2.42392e-11 2.63209e-09 1.68509e-07 6.36036e-06 0.00014154 0.00185702 0.0143645 0.0655094 0.176141 0.279235 0.261035 0.144004 0.0470616 0.00928728 0.00120652 0.000134063 1.60978e-05 1.67971e-06 1.20677e-07 5.98692e-09 2.40286e-10 8.79929e-12 2.76815e-13 7.14592e-15 1.56623e-16
#obs catch len freq
 3.14053e-11 3.03415e-09 1.72826e-07 5.80391e-06 0.000114914 0.00134147 0.00923438 0.0375168 0.0903696 0.132213 0.131486 0.122569 0.130663 0.123025 0.091222 0.0594052 0.0359292 0.019555 0.00951716 0.00402533 0.00137692 0.000355019 6.54386e-05 8.28188e-06 6.96728e-07
 4.91342e-11 4.57859e-09 2.51546e-07 8.14785e-06 0.0001556 0.00175198 0.0116323 0.0455783 0.105841 0.148961 0.141184 0.123124 0.123259 0.110901 0.0793468 0.0504814 0.0302161 0.0161276 0.00741177 0.00286825 0.000897196 0.000214076 3.66709e-05 4.29246e-06 3.31509e-07
 3.58097e-11 3.21299e-09 1.69964e-07 5.30084e-06 9.74722e-05 0.00105684 0.00676016 0.0255843 0.0581636 0.0855609 0.105304 0.145371 0.184771 0.166605 0.107085 0.0581111 0.0305124 0.0151146 0.00660939 0.002413 0.00069644 0.000151208 2.35606e-05 2.52109e-06 1.78547e-07
 1.49056e-10 1.2856e-08 6.5374e-07 1.95993e-05 0.000346431 0.00361024 0.0221832 0.0803911 0.172101 0.219518 0.174351 0.10398 0.0689363 0.0547763 0.0422574 0.0291785 0.016624 0.00757854 0.00289592 0.000944492 0.000249357 4.96312e-05 7.03938e-06 6.82469e-07 4.37994e-08
 1.64658e-10 1.36308e-08 6.65273e-07 1.91433e-05 0.00032477 0.00324858 0.0191631 0.0667398 0.138071 0.175098 0.156325 0.13712 0.129938 0.0966841 0.048331 0.0179179 0.00664424 0.00282253 0.00110932 0.000344736 8.15601e-05 1.44164e-05 1.83413e-06 1.60593e-07 9.32229e-09
 2.97361e-10 2.35923e-08 1.10356e-06 3.04341e-05 0.000494842 0.00474376 0.0268156 0.0894463 0.176709 0.210819 0.166503 0.116018 0.0913263 0.0642183 0.0332008 0.0133312 0.00457092 0.0013329 0.000337722 8.01823e-05 1.68736e-05 2.73704e-06 3.14095e-07 2.45356e-08 1.27187e-09
 3.84668e-10 2.92097e-08 1.30769e-06 3.45163e-05 0.000537137 0.00492843 0.0266683 0.0852086 0.16182 0.18891 0.15675 0.129175 0.113925 0.0784191 0.0365141 0.0123518 0.00356713 0.000936258 0.000208835 3.77754e-05 5.56243e-06 6.70394e-07 6.33995e-08 4.34436e-09 2.014e-10
 6.22953e-10 4.52158e-08 1.93493e-06 4.88177e-05 0.00072616 0.00636865 0.0329391 0.100578 0.182372 0.202316 0.15661 0.117261 0.0956174 0.0628887 0.0287735 0.00983245 0.0028272 0.000684611 0.000131323 1.98085e-05 2.37098e-06 2.20334e-07 1.54079e-08 7.92094e-10 2.91146e-11
 8.46248e-10 5.86412e-08 2.39578e-06 5.77072e-05 0.000819517 0.0068621 0.0338898 0.0988864 0.172014 0.186576 0.151065 0.127658 0.10969 0.0700259 0.0299829 0.00934933 0.00244671 0.000555429 0.000101902 1.44107e-05 1.53712e-06 1.20853e-07 6.86785e-09 2.77759e-10 7.8561e-12
 1.37473e-09 9.08452e-08 3.53935e-06 8.1299e-05 0.00110101 0.00879155 0.0414036 0.115184 0.190856 0.196271 0.148212 0.114937 0.0923599 0.0565987 0.0239531 0.00765147 0.00205339 0.000454121 7.73137e-05 9.97288e-06 9.74332e-07 7.02476e-08 3.60027e-09 1.27356e-10 3.04766e-12
 2.01344e-09 1.26748e-07 4.70414e-06 0.000102934 0.00132796 0.0101016 0.045326 0.120216 0.190515 0.190218 0.146239 0.119486 0.0953274 0.0544902 0.0201972 0.00516149 0.00105909 0.000193767 3.02438e-05 3.72071e-06 3.43054e-07 2.28151e-08 1.06357e-09 3.40517e-11 7.34772e-13
 3.23006e-09 1.93508e-07 6.83483e-06 0.00014233 0.00174747 0.0126503 0.0540185 0.136339 0.205551 0.194915 0.141434 0.108352 0.0813437 0.0438682 0.0152677 0.00359694 0.000652831 9.99676e-05 1.24625e-05 1.20296e-06 8.99158e-08 5.1613e-09 2.1757e-10 6.39795e-12 1.26457e-13
 4.3998e-09 2.50617e-07 8.41638e-06 0.000166641 0.00194531 0.0133907 0.0543876 0.130779 0.18938 0.178844 0.142337 0.123738 0.0951184 0.0493946 0.0162463 0.00357412 0.000596767 8.30508e-05 9.28235e-06 7.78244e-07 4.82055e-08 2.21143e-09 7.40933e-11 1.77147e-12 2.9534e-14
 7.30144e-09 3.95095e-07 1.26047e-05 0.000237086 0.00262924 0.017193 0.0663331 0.151456 0.207849 0.184354 0.134641 0.1067 0.0764361 0.0374909 0.0117319 0.00247724 0.000399506 5.3172e-05 5.5536e-06 4.24849e-07 2.34934e-08 9.43379e-10 2.71048e-11 5.42862e-13 7.42631e-15
 9.11833e-09 4.68369e-07 1.4184e-05 0.000253253 0.00266608 0.0165522 0.0606774 0.132153 0.176329 0.164171 0.145606 0.1366 0.100139 0.0473394 0.0141317 0.00286054 0.000445399 5.71398e-05 5.71021e-06 4.15546e-07 2.16931e-08 8.11049e-10 2.13088e-11 3.83222e-13 4.62978e-15
 1.53407e-08 7.47472e-07 2.14725e-05 0.000363676 0.00363168 0.0213873 0.0743605 0.153509 0.193524 0.168078 0.13617 0.117602 0.0811273 0.0367279 0.0108019 0.00226124 0.000377156 5.04584e-05 4.99265e-06 3.48743e-07 1.72593e-08 6.08359e-10 1.50032e-11 2.51931e-13 2.8214e-15
 2.18344e-08 1.00856e-06 2.74665e-05 0.000441011 0.0041751 0.0233126 0.0768981 0.151057 0.183751 0.161774 0.141382 0.125902 0.0838399 0.0356587 0.00966002 0.00181484 0.000268955 3.30678e-05 3.16505e-06 2.21886e-07 1.11357e-08 3.91847e-10 9.39808e-12 1.50196e-13 1.57995e-15
 3.87006e-08 1.69382e-06 4.37074e-05 0.000664948 0.00596464 0.0315537 0.0985645 0.182932 0.207928 0.164316 0.122268 0.0957054 0.0589365 0.0236737 0.00614127 0.00112287 0.000162482 1.8998e-05 1.6693e-06 1.05259e-07 4.76811e-09 1.55189e-10 3.54462e-12 5.50051e-14 5.64856e-16
 4.66118e-08 1.93219e-06 4.7222e-05 0.00068044 0.00578137 0.0289804 0.0859402 0.152826 0.173522 0.156011 0.147859 0.129775 0.0791308 0.0303846 0.00752457 0.00132607 0.000186284 2.10778e-05 1.78328e-06 1.07813e-07 4.63108e-09 1.40193e-10 2.924e-12 4.10753e-14 3.83009e-16
 7.6413e-08 2.99904e-06 6.93966e-05 0.000946768 0.00761633 0.0361473 0.101483 0.170782 0.183089 0.154274 0.13627 0.112342 0.0651526 0.0243286 0.00613038 0.00116486 0.000178059 2.07807e-05 1.72405e-06 9.99097e-08 4.08355e-09 1.17244e-10 2.3105e-12 3.04878e-14 2.64792e-16
 1.2372e-07 4.59636e-06 0.000100676 0.00130014 0.00990036 0.0444773 0.118197 0.188235 0.190705 0.151035 0.124615 0.0960926 0.0521609 0.0181325 0.00420142 0.000727033 0.000102926 1.15991e-05 9.68315e-07 5.7785e-08 2.4203e-09 6.93883e-11 1.32744e-12 1.66762e-14 1.36441e-16
 1.65436e-07 5.81695e-06 0.000120588 0.0014739 0.0106235 0.0451937 0.113962 0.173896 0.175659 0.15208 0.139379 0.108363 0.0562022 0.0183629 0.00395863 0.000629031 8.0924e-05 8.2663e-06 6.26673e-07 3.42762e-08 1.34358e-09 3.70041e-11 6.94168e-13 8.62813e-15 6.96461e-17
 2.79152e-07 9.28897e-06 0.000182237 0.00210796 0.0143783 0.0578762 0.137987 0.198349 0.185845 0.144101 0.117669 0.0843051 0.0411548 0.0128447 0.00270186 0.000427625 5.43497e-05 5.29715e-06 3.70866e-07 1.83411e-08 6.43849e-10 1.58951e-11 2.69411e-13 3.06178e-15 2.29197e-17
 3.86772e-07 1.21799e-05 0.000226139 0.00247555 0.0159818 0.0609137 0.137797 0.189719 0.176527 0.145723 0.125725 0.0885754 0.0412119 0.0122207 0.00246182 0.000377046 4.6515e-05 4.39511e-06 2.98727e-07 1.43175e-08 4.80918e-10 1.11208e-11 1.72907e-13 1.77643e-15 1.19355e-17
 6.18696e-07 1.84395e-05 0.000324015 0.00335693 0.0205104 0.073979 0.158313 0.205788 0.179314 0.136326 0.108286 0.0713359 0.0314156 0.00895042 0.00177333 0.000271884 3.32289e-05 3.03954e-06 1.97447e-07 9.01902e-09 2.88866e-10 6.36984e-12 9.42796e-14 9.17831e-16 5.79666e-18
 8.27479e-07 2.33427e-05 0.000388232 0.00380723 0.0220215 0.0752495 0.153083 0.192094 0.170473 0.142683 0.120265 0.077429 0.0321835 0.00851689 0.00154194 0.00021395 2.39882e-05 2.06666e-06 1.28993e-07 5.7021e-09 1.75913e-10 3.69999e-12 5.18103e-14 4.7507e-16 2.82097e-18
 1.13125e-06 3.02083e-05 0.000475602 0.00441523 0.0241802 0.0782966 0.15151 0.1838 0.165688 0.147513 0.12605 0.0780821 0.0307416 0.00769944 0.00132289 0.000173725 1.81718e-05 1.4336e-06 8.08545e-08 3.22268e-09 9.05856e-11 1.76433e-12 2.31806e-14 2.00711e-16 1.12594e-18
 1.94892e-06 4.92707e-05 0.000734396 0.00645432 0.0334579 0.102468 0.186848 0.210131 0.166673 0.123594 0.0918888 0.0524702 0.019558 0.00474076 0.000810998 0.000107699 1.118e-05 8.48454e-07 4.50247e-08 1.66312e-09 4.27778e-11 7.55015e-13 8.94384e-15 6.98461e-17 3.55189e-19
 2.16249e-06 5.17651e-05 0.000730598 0.00608071 0.0298692 0.0869318 0.15263 0.174402 0.162322 0.154635 0.128156 0.0720895 0.0253809 0.00570817 0.000892098 0.000107754 1.0365e-05 7.49281e-07 3.8633e-08 1.39368e-09 3.46705e-11 5.81621e-13 6.43852e-15 4.63677e-17 2.1536e-19
#spawning biomass
 5872.55 6083.37 4412.43 4258.24 6709.48 8698.19 12735 16929.8 20114.9 29215 37688.3 52070.4 63214.5 76355.7 91679.5 82024.7 66660.5 81828.3 83373.4 68454.8 66385.9 65505.5 68126.3 67337.2 78899.3 94687.8 68937.2 88397.2 71078.6 70799.8 109744 77639.2 50580.4 34109.4 25551 21503.5 19703.5 18936.3 18619 18490.8 18439.7 18419.7 18411.9 18408.9 18407.7 18407.3 18407.1 18407.1 18407 18407 18407 18407 18407 18407 18407 18407 18407 18407 18407 18407 18407 18407 18407 18407 18407 18407 18407 18407 18407 18407 18407 18407 18407 18407 18407 18407 18407 18407 18407 18407 18407 18407 18407 18407 18407 18407 18407 18407 18407 18407 18407 18407 18407 18407 18407 18407 18407 18407 18407 18407 18407 18407 18407 18407 18407 18407 18407 18407 18407 18407 18407 18407 18407 18407 18407 18407 18407 18407 18407 18407 18407 18407 18407 18407 18407 18407 18407 18407 18407 0 0 0 0 0 0 0 0 0 0 0 0 0 0 0 0 0 0 0 0 0 0 0 0 0
