SBPRF35
0.361388
Curr Bio
203150
B35
612788
F35
0.382065
FOFL
0
OFL
0
Bzero
103254
#pred survey bio
 9754.68 6892.45 5439.21 7332.74 12479 18045.7 29074.2 40843.9 60393.2 88758.6 114767 166026 235987 254004 200192 175734 203146 211677 194312 205988 217781 215206 234082 256820 318694 337776 301392 328064 240998 3.91879e+06 5.37296e+06 4.81319e+06 3.75398e+06 2.79272e+06 2.08678e+06 1.62023e+06 1.32906e+06 1.15249e+06 1.04641e+06 982361 943097 918498 902704 892288 885061 880213 876900 874605 873000 871868 871065 870494 870087 869796 869588 869438 869331 869255 869200 869160 869132 869111 869097 869086 869079 869074 869070 869067 869065 869063 869062 869062 869061 869061 869060 869060 869060 869060 869060 869060 869060 869060 869060 869060 869060 869060 869060 869060 869060 869060 869060 869060 869060 869060 869060 869060 869060 869060 869060 869060 869060 869060 869060 869060 869060 869060 869060 869060 869060 869060 869060 869060 869060 869060 869060 869060 869060 869060 869060 869060 869060 869060 869060 869060 869060 869060 869060 869060 869060 0 0 0 0 0 0 0 0 0 0 0 0 0 0 0 0 0 0 0 0 0 0 0 0 0
#obs survey bio
 8837.78 5201.39 3760.43 7164.07 16646 14170.6 23330.9 28598.3 64649.4 62671.4 93952.8 109942 233834 218308 151716 117962 144171 143599 192831 197086 192730 146958 235968 179111 349359 356252 183807 246109 139807
#pred catch bio
 5713.48 4141.12 3078.94 3479.85 7017.79 9226.81 17793.4 24746.5 35265 59590.2 70859.5 103280 158141 187810 149569 124224 145922 157658 138610 148762 164289 157678 171865 185561 230330 263652 225912 262428 223790 0 66972.5 59279.9 44417.3 31503.4 22395.4 16655.4 13283.8 11395.1 10371.7 9830.52 9549.37 9405.26 9332.15 9295.31 9276.65 9267.51 9263.03 9260.84 9259.76 9259.23 9258.98 9258.85 9258.79 9258.76 9258.74 9258.74 9258.73 9258.73 9258.73 9258.73 9258.73 9258.73 9258.73 9258.73 9258.73 9258.73 9258.73 9258.73 9258.73 9258.73 9258.73 9258.73 9258.73 9258.73 9258.73 9258.73 9258.73 9258.73 9258.73 9258.73 9258.73 9258.73 9258.73 9258.73 9258.73 9258.73 9258.73 9258.73 9258.73 9258.73 9258.73 9258.73 9258.73 9258.73 9258.73 9258.73 9258.73 9258.73 9258.73 9258.73 9258.73 9258.73 9258.73 9258.73 9258.73 9258.73 9258.73 9258.73 9258.73 9258.73 9258.73 9258.73 9258.73 9258.73 9258.73 9258.73 9258.73 9258.73 9258.73 9258.73 9258.73 9258.73 9258.73 9258.73 9258.73 9258.73 9258.73 9258.73 9258.73 0 0 0 0 0 0 0 0 0 0 0 0 0 0 0 0 0 0 0 0 0 0 0 0 0
#obs catch bio
 4580.87 4548.72 3283.28 3109.45 6139.08 8105.45 16943.9 24077.8 32118.7 60718 69827.6 93752.8 151846 183369 156906 131126 151170 154300 131326 140926 161044 157139 156167 178017 201667 229186 225057 247014 236746
#pred cpue bio
 7747.82 5595.75 4048.8 4542.74 8025.1 11396.1 18482.1 24770.4 36426.5 55114.8 67357.4 100410 142237 163439 131147 107271 119427 128971 118909 124492 130261 125811 136863 149230 179343 204434 174860 186763 148204 1.73906e+06 5.16778e+06 4.72522e+06 3.66679e+06 2.70551e+06 1.99957e+06 1.53302e+06 1.24185e+06 1.06528e+06 959200 895152 855888 831290 815496 805079 797853 793004 789691 787397 785791 784659 783857 783286 782878 782587 782379 782230 782123 782046 781991 781951 781923 781903 781888 781878 781870 781865 781861 781858 781856 781855 781854 781853 781852 781852 781852 781852 781851 781851 781851 781851 781851 781851 781851 781851 781851 781851 781851 781851 781851 781851 781851 781851 781851 781851 781851 781851 781851 781851 781851 781851 781851 781851 781851 781851 781851 781851 781851 781851 781851 781851 781851 781851 781851 781851 781851 781851 781851 781851 781851 781851 781851 781851 781851 781851 781851 781851 781851 781851 781851 0 0 0 0 0 0 0 0 0 0 0 0 0 0 0 0 0 0 0 0 0 0 0 0 0
#obs cpue bio
 9724.4 3628.98 6515.06 8530.51 12299 19070.3 26477.2 35865.9 54856.8 62671.9 91370.2 236128 167625 197753 141012 119220 161219 214054 153327 162039 158340 177122 224122 230236 322520 322567 256746 337613 205482
#pred surv len freq
 1.43621e-11 1.55955e-09 9.98441e-08 3.76861e-06 8.38651e-05 0.00110034 0.00851248 0.0388452 0.104777 0.168776 0.170572 0.130388 0.104465 0.0868804 0.0616483 0.0399606 0.0262465 0.0172461 0.0115462 0.00812195 0.00613912 0.00507 0.00434694 0.00333182 0.00193789
 1.20785e-11 1.31158e-09 8.39689e-08 3.16941e-06 7.05309e-05 0.000925412 0.00715987 0.0326892 0.0883964 0.144203 0.154246 0.140026 0.138166 0.121971 0.0792786 0.0415438 0.0216277 0.011905 0.00676656 0.00398244 0.00249093 0.00172712 0.00131257 0.000955498 0.00055276
 1.5037e-11 1.63284e-09 1.04536e-07 3.94572e-06 8.78063e-05 0.00115205 0.00891253 0.0406712 0.109707 0.176765 0.178858 0.137259 0.110499 0.0916166 0.063628 0.0386405 0.0218378 0.0108364 0.00487139 0.00222831 0.00109598 0.000595095 0.000367014 0.000236553 0.000130424
 1.86673e-11 2.02705e-09 1.29773e-07 4.89829e-06 0.000109004 0.00143017 0.0110634 0.050472 0.135943 0.217415 0.212347 0.142863 0.0899518 0.062094 0.0377581 0.0194508 0.00989527 0.00507467 0.0024234 0.00102825 0.000397276 0.000156045 6.97771e-05 3.55754e-05 1.74051e-05
 1.76827e-11 1.92013e-09 1.22928e-07 4.63993e-06 0.000103255 0.00135474 0.0104802 0.0478167 0.128868 0.206718 0.204823 0.145655 0.10221 0.0749693 0.0439975 0.0196245 0.00791562 0.0032553 0.00134494 0.000547925 0.000208155 7.05379e-05 2.2611e-05 7.8653e-06 2.97785e-06
 1.79786e-11 1.95226e-09 1.24986e-07 4.71758e-06 0.000104983 0.00137741 0.0106555 0.0486154 0.131003 0.210003 0.20742 0.14575 0.100018 0.0723475 0.0423456 0.0188517 0.00739862 0.00274863 0.000927032 0.000294998 9.34499e-05 2.86983e-05 8.06298e-06 2.07717e-06 5.33703e-07
 1.78875e-11 1.94237e-09 1.24352e-07 4.69367e-06 0.000104451 0.00137043 0.0106015 0.0483692 0.130343 0.208967 0.206503 0.145401 0.10022 0.0728907 0.043113 0.0196701 0.00799935 0.00303791 0.00100984 0.000294285 7.71379e-05 1.86105e-05 4.2508e-06 9.05711e-07 1.75315e-07
 1.86115e-11 2.02098e-09 1.29385e-07 4.88365e-06 0.000108678 0.00142589 0.0110305 0.0503237 0.135573 0.217059 0.213113 0.146325 0.0958116 0.0667382 0.0378836 0.0159285 0.0057415 0.00201358 0.000660928 0.000194661 5.01109e-05 1.09975e-05 2.07298e-06 3.45113e-07 5.17007e-08
 1.86539e-11 2.02559e-09 1.2968e-07 4.89477e-06 0.000108926 0.00142914 0.0110556 0.0504384 0.135883 0.217562 0.213635 0.146753 0.0961339 0.0668014 0.0375098 0.0152646 0.00513551 0.00163713 0.000481106 0.000127614 3.09977e-05 6.66782e-06 1.20986e-06 1.8002e-07 2.19766e-08
 1.81679e-11 1.97282e-09 1.26302e-07 4.76725e-06 0.000106088 0.00139191 0.0107677 0.0491269 0.132378 0.212181 0.20944 0.146799 0.100112 0.0716274 0.0407869 0.0168878 0.00582447 0.00187101 0.000530986 0.000129794 2.81933e-05 5.43701e-06 9.12833e-07 1.29212e-07 1.47582e-08
 1.90563e-11 2.06929e-09 1.32478e-07 5.00036e-06 0.000111276 0.00145997 0.011294 0.0515245 0.138787 0.222033 0.217182 0.146919 0.0931547 0.0630334 0.0347567 0.0136802 0.00431654 0.00128084 0.00035341 8.59997e-05 1.82321e-05 3.2867e-06 4.97697e-07 6.31906e-08 6.60737e-09
 1.85673e-11 2.01619e-09 1.29078e-07 4.87206e-06 0.000108421 0.00142251 0.0110043 0.0502051 0.135263 0.216636 0.213044 0.147193 0.0975041 0.0681179 0.0379542 0.0149884 0.00472104 0.00137311 0.000359532 8.11155e-05 1.61649e-05 2.821e-06 4.14061e-07 4.94893e-08 4.71926e-09
 1.86475e-11 2.02489e-09 1.29635e-07 4.89309e-06 0.000108888 0.00142865 0.0110518 0.0504212 0.135838 0.217502 0.213632 0.146899 0.0964143 0.0670394 0.0375466 0.0151333 0.0049647 0.00150377 0.000400878 8.98279e-05 1.72667e-05 2.83267e-06 3.89346e-07 4.42269e-08 4.0351e-09
 1.7413e-11 1.89084e-09 1.21053e-07 4.56916e-06 0.00010168 0.00133408 0.0103205 0.0470905 0.126946 0.203919 0.203385 0.148139 0.10822 0.0803807 0.0452861 0.0175762 0.00531155 0.00148742 0.000388067 8.87812e-05 1.75118e-05 2.88743e-06 3.87334e-07 4.18437e-08 3.59147e-09
 1.7035e-11 1.84979e-09 1.18425e-07 4.46997e-06 9.94727e-05 0.00130512 0.0100965 0.0460707 0.124223 0.199759 0.200246 0.148516 0.111836 0.0844805 0.0476908 0.0183569 0.00541648 0.00145187 0.000355145 7.49263e-05 1.38741e-05 2.24852e-06 3.0511e-07 3.32172e-08 2.80907e-09
 1.83804e-11 1.99589e-09 1.27779e-07 4.82301e-06 0.000107329 0.00140819 0.0108936 0.0497009 0.133918 0.214596 0.21157 0.147593 0.0996173 0.0703607 0.0390523 0.0150746 0.00450819 0.00122392 0.000298112 6.10997e-05 1.07009e-05 1.61138e-06 2.04218e-07 2.13853e-08 1.79341e-09
 1.89866e-11 2.06171e-09 1.31993e-07 4.98206e-06 0.000110868 0.00145462 0.0112527 0.0513366 0.138288 0.221296 0.216745 0.147381 0.0944222 0.0641987 0.0350595 0.013296 0.00384509 0.00100649 0.000241788 4.9829e-05 8.76754e-06 1.30023e-06 1.57896e-07 1.55136e-08 1.21819e-09
 1.83635e-11 1.99406e-09 1.27662e-07 4.81858e-06 0.000107231 0.0014069 0.0108836 0.0496558 0.133802 0.21445 0.211617 0.148126 0.100563 0.0710561 0.0389222 0.0143675 0.00386996 0.000916377 0.000203604 3.98353e-05 6.76959e-06 9.89682e-07 1.19818e-07 1.16443e-08 8.85713e-10
 1.82875e-11 1.9858e-09 1.27133e-07 4.79862e-06 0.000106786 0.00140107 0.0108385 0.0494505 0.133254 0.21361 0.210974 0.148171 0.101245 0.0718531 0.0394254 0.0145733 0.00392904 0.000922856 0.000198066 3.6058e-05 5.57477e-06 7.51166e-07 8.62164e-08 8.13847e-09 6.1048e-10
 1.85307e-11 2.01222e-09 1.28824e-07 4.86246e-06 0.000108207 0.00141971 0.0109827 0.0501067 0.135004 0.216269 0.212911 0.147699 0.0985715 0.0689982 0.0380063 0.014421 0.00414497 0.00106041 0.000240562 4.45817e-05 6.80864e-06 8.75337e-07 9.29563e-08 8.05264e-09 5.63806e-10
 1.8689e-11 2.0294e-09 1.29924e-07 4.90399e-06 0.000109131 0.00143183 0.0110764 0.0505339 0.136146 0.218028 0.214306 0.147764 0.0973968 0.0675027 0.0368961 0.0137727 0.00382317 0.000943704 0.000214821 4.18468e-05 6.84713e-06 9.24222e-07 9.92516e-08 8.37238e-09 5.52596e-10
 1.90299e-11 2.06642e-09 1.32294e-07 4.99344e-06 0.000111122 0.00145795 0.0112784 0.0514539 0.138605 0.221809 0.217277 0.14781 0.094727 0.0642036 0.0345789 0.0125383 0.00324329 0.000718928 0.000149648 2.75294e-05 4.37595e-06 5.97581e-07 6.72155e-08 5.97356e-09 4.06109e-10
 1.90315e-11 2.06659e-09 1.32305e-07 4.99386e-06 0.000111131 0.00145807 0.0112793 0.0514581 0.138616 0.221823 0.217275 0.147767 0.0946484 0.0641483 0.0345962 0.0126027 0.00329461 0.000736668 0.000150425 2.59652e-05 3.75176e-06 4.69391e-07 5.0074e-08 4.39225e-09 3.05249e-10
 1.91273e-11 2.077e-09 1.32972e-07 5.01901e-06 0.000111691 0.00146541 0.0113361 0.0517168 0.139307 0.22288 0.218084 0.147707 0.093787 0.0631474 0.0339759 0.0123584 0.00322264 0.000718786 0.000147018 2.5507e-05 3.67014e-06 4.43607e-07 4.40846e-08 3.54655e-09 2.29798e-10
 1.96098e-11 2.12939e-09 1.36326e-07 5.14561e-06 0.000114508 0.00150237 0.011622 0.0530186 0.142783 0.228196 0.222123 0.147317 0.0893152 0.058024 0.0309026 0.0112638 0.0029704 0.000674219 0.000139604 2.43188e-05 3.50373e-06 4.24301e-07 4.20615e-08 3.31528e-09 2.04521e-10
 1.84548e-11 2.00397e-09 1.28296e-07 4.84254e-06 0.000107764 0.00141389 0.0109377 0.0499023 0.134462 0.215475 0.212471 0.148299 0.100094 0.0703361 0.0382357 0.0138129 0.00351385 0.000753657 0.000150087 2.59625e-05 3.77615e-06 4.61997e-07 4.60418e-08 3.63574e-09 2.23762e-10
 1.91372e-11 2.07807e-09 1.3304e-07 5.0216e-06 0.000111748 0.00146617 0.011342 0.0517435 0.139379 0.223 0.218219 0.147843 0.0939138 0.0631851 0.0338466 0.0121292 0.00303853 0.00063309 0.000121428 2.0052e-05 2.76453e-06 3.25264e-07 3.20149e-08 2.53807e-09 1.57295e-10
 1.94261e-11 2.10944e-09 1.35048e-07 5.0974e-06 0.000113435 0.0014883 0.0115131 0.0525229 0.141461 0.226182 0.220635 0.147602 0.0912262 0.0601113 0.0320106 0.0114843 0.00289589 0.000609586 0.000117383 1.91851e-05 2.57572e-06 2.90988e-07 2.72824e-08 2.06618e-09 1.2432e-10
 1.8141e-11 1.9699e-09 1.26115e-07 4.76019e-06 0.000105931 0.00138985 0.0107518 0.0490558 0.132204 0.212045 0.209977 0.148919 0.103558 0.0740297 0.0400624 0.0139954 0.00322265 0.000569579 9.26351e-05 1.39748e-05 1.83299e-06 2.04878e-07 1.88565e-08 1.38324e-09 7.97616e-11
#obs surv len freq
 1.1949e-11 1.29753e-09 8.30687e-08 3.13543e-06 6.97749e-05 0.000915488 0.00708297 0.0323354 0.0874021 0.142284 0.150876 0.134096 0.131066 0.119852 0.085812 0.0520098 0.0296291 0.0155263 0.00713764 0.00277715 0.000872948 0.000210396 3.69472e-05 4.51688e-06 3.70226e-07
 6.38838e-12 6.93703e-10 4.44115e-08 1.67632e-06 3.73049e-05 0.000489504 0.00378881 0.0173334 0.0473439 0.0809577 0.103577 0.135383 0.176287 0.174084 0.123141 0.0708265 0.0373829 0.0180006 0.00761746 0.00274262 0.000797074 0.000176383 2.82271e-05 3.12864e-06 2.31894e-07
 1.87825e-11 2.03956e-09 1.30574e-07 4.92854e-06 0.000109677 0.00143899 0.0111316 0.0507799 0.136723 0.218224 0.210908 0.135724 0.078 0.054507 0.0416322 0.0296059 0.0178072 0.00858357 0.00336883 0.00109598 0.000287543 5.76881e-05 8.38313e-06 8.42688e-07 5.65325e-08
 1.52252e-11 1.65327e-09 1.05844e-07 3.99509e-06 8.89055e-05 0.00116649 0.00902493 0.0411983 0.111297 0.180493 0.187239 0.153163 0.129464 0.100557 0.0554064 0.0208149 0.00651468 0.00231544 0.000885233 0.000285005 6.98197e-05 1.26408e-05 1.64488e-06 1.48413e-07 8.96699e-09
 1.75853e-11 1.90956e-09 1.22251e-07 4.61439e-06 0.000102687 0.0013473 0.0104231 0.0475655 0.12829 0.206396 0.206509 0.149985 0.106063 0.0754876 0.042436 0.0175657 0.00578472 0.00158494 0.000362699 7.51465e-05 1.47179e-05 2.40603e-06 2.8701e-07 2.34219e-08 1.2692e-09
 1.54182e-11 1.67424e-09 1.07186e-07 4.04575e-06 9.00331e-05 0.0011813 0.00913982 0.0417287 0.112787 0.183197 0.190651 0.155711 0.1289 0.097305 0.0526647 0.0195069 0.00548135 0.00132278 0.000275556 4.65708e-05 6.25718e-06 6.82562e-07 6.06225e-08 4.12893e-09 1.97894e-10
 1.68891e-11 1.83396e-09 1.17412e-07 4.43172e-06 9.86221e-05 0.00129399 0.0100113 0.0456984 0.123392 0.199423 0.202935 0.154247 0.114771 0.0815107 0.0436843 0.0166234 0.00487268 0.00117239 0.000224443 3.29408e-05 3.71662e-06 3.22076e-07 2.09926e-08 1.00985e-09 3.53659e-11
 1.66514e-11 1.80814e-09 1.15759e-07 4.36934e-06 9.7234e-05 0.00127578 0.00987084 0.045064 0.121752 0.197225 0.202274 0.156558 0.118185 0.0831354 0.0432952 0.0157214 0.00433364 0.000991677 0.000185739 2.68363e-05 2.88555e-06 2.25617e-07 1.25722e-08 4.92225e-10 1.33896e-11
 1.59371e-11 1.73058e-09 1.10793e-07 4.18191e-06 9.30634e-05 0.00122108 0.00944824 0.0431467 0.116704 0.189897 0.197889 0.159345 0.125445 0.0890414 0.0458648 0.0163596 0.00438656 0.000959258 0.000168991 2.28499e-05 2.31342e-06 1.71651e-07 9.03674e-09 3.27051e-10 7.95186e-12
 1.57219e-11 1.70721e-09 1.09297e-07 4.12544e-06 9.18071e-05 0.00120462 0.00932142 0.0425779 0.115273 0.188213 0.198269 0.163149 0.129893 0.0902664 0.0439679 0.0140319 0.00310835 0.000538867 7.86785e-05 9.3856e-06 8.63349e-07 5.87015e-08 2.84663e-09 9.54364e-11 2.15678e-12
 1.7181e-11 1.86565e-09 1.19441e-07 4.5083e-06 0.000100327 0.0013164 0.0101859 0.0465146 0.125778 0.20421 0.210139 0.16131 0.116026 0.0752573 0.0353631 0.0110008 0.00235672 0.000381892 4.91674e-05 4.88488e-06 3.63003e-07 2.01392e-08 8.27327e-10 2.43717e-11 4.94989e-13
 1.57363e-11 1.70877e-09 1.09397e-07 4.12922e-06 9.18921e-05 0.00120577 0.00933126 0.0426383 0.115577 0.189404 0.20123 0.166811 0.130658 0.087302 0.0405744 0.0122445 0.00249873 0.000378507 4.52174e-05 4.15989e-06 2.81219e-07 1.36744e-08 4.73275e-10 1.14866e-11 1.92309e-13
 1.61721e-11 1.75611e-09 1.12428e-07 4.24361e-06 9.44378e-05 0.00123918 0.00959009 0.0438235 0.118796 0.194584 0.205834 0.167578 0.126813 0.0818035 0.0367937 0.0106734 0.00205295 0.000285116 3.07463e-05 2.55952e-06 1.57076e-07 6.9159e-09 2.15604e-10 4.67185e-12 6.87759e-14
 1.2185e-11 1.32315e-09 8.47093e-08 3.19741e-06 7.11584e-05 0.000933863 0.00723168 0.0331263 0.0906404 0.153655 0.180906 0.182043 0.16666 0.115278 0.0518245 0.0145921 0.00265904 0.000339458 3.29067e-05 2.45442e-06 1.35092e-07 5.31143e-09 1.47312e-10 2.843e-12 3.73903e-14
 1.43106e-11 1.55396e-09 9.94863e-08 3.75517e-06 8.35704e-05 0.0010967 0.00849071 0.0388551 0.105871 0.176506 0.196699 0.176935 0.145151 0.0946184 0.0415086 0.0116765 0.00218153 0.000291561 2.92614e-05 2.15974e-06 1.11974e-07 3.99791e-09 9.85567e-11 1.67776e-12 1.94707e-14
 1.4952e-11 1.62361e-09 1.03946e-07 3.92349e-06 8.73168e-05 0.00114587 0.00887162 0.0405983 0.110589 0.183966 0.202866 0.177024 0.138934 0.0870645 0.03688 0.00996611 0.00176239 0.000219345 2.05466e-05 1.45245e-06 7.42045e-08 2.64455e-09 6.45085e-11 1.05924e-12 1.1502e-14
 1.6457e-11 1.78704e-09 1.14408e-07 4.31841e-06 9.61051e-05 0.00126117 0.00976317 0.0446556 0.121377 0.200149 0.214053 0.173521 0.124025 0.0726597 0.0294104 0.00760231 0.00126495 0.000143906 1.20375e-05 7.5931e-07 3.50378e-08 1.14179e-09 2.58135e-11 3.99349e-13 4.14677e-15
 1.41472e-11 1.53622e-09 9.83509e-08 3.71236e-06 8.26213e-05 0.0010844 0.00839943 0.0384936 0.105339 0.1776 0.202135 0.184073 0.146306 0.0892655 0.036189 0.00929214 0.00154436 0.00017663 1.47359e-05 9.0232e-07 3.91151e-08 1.1655e-09 2.36825e-11 3.27476e-13 3.05195e-15
 1.47711e-11 1.60397e-09 1.02688e-07 3.87609e-06 8.62659e-05 0.00113226 0.00877034 0.0401925 0.109933 0.184776 0.20763 0.18305 0.139408 0.0822857 0.032743 0.0083859 0.00141908 0.000168356 1.45797e-05 9.0978e-07 3.93656e-08 1.15262e-09 2.26681e-11 2.97829e-13 2.58543e-15
 1.51286e-11 1.64279e-09 1.05174e-07 3.96993e-06 8.83557e-05 0.00115973 0.00898401 0.0411806 0.112672 0.189311 0.211652 0.183213 0.13527 0.0774283 0.0300585 0.00755528 0.00126177 0.000148381 1.27704e-05 7.94641e-07 3.44831e-08 1.01705e-09 2.01087e-11 2.6314e-13 2.24499e-15
 1.51469e-11 1.64478e-09 1.05301e-07 3.97478e-06 8.84657e-05 0.00116126 0.00899776 0.0412678 0.11308 0.190625 0.214118 0.185189 0.134581 0.074909 0.0280673 0.0067348 0.00105378 0.000113723 8.92778e-06 5.14157e-07 2.109e-08 5.97386e-10 1.14511e-11 1.46076e-13 1.21883e-15
 1.56603e-11 1.70054e-09 1.08871e-07 4.10955e-06 9.14667e-05 0.00120069 0.00930392 0.0426753 0.116912 0.196664 0.218767 0.184301 0.128801 0.0691545 0.0251993 0.00591561 0.000907696 9.56159e-05 7.21753e-06 3.91312e-07 1.48313e-08 3.83845e-10 6.71037e-12 7.85942e-14 6.08832e-16
 1.50682e-11 1.63624e-09 1.04755e-07 3.95426e-06 8.80151e-05 0.00115557 0.00895857 0.0411478 0.11316 0.192243 0.218331 0.188965 0.1336 0.0707987 0.0250339 0.00562082 0.000808886 7.80741e-05 5.32881e-06 2.62984e-07 9.21732e-09 2.22665e-10 3.62876e-12 3.93154e-14 2.79327e-16
 1.61787e-11 1.75683e-09 1.12476e-07 4.24571e-06 9.45018e-05 0.0012407 0.00961706 0.0441436 0.12109 0.203869 0.225461 0.18473 0.122112 0.0613817 0.0209534 0.00459015 0.000647667 6.11851e-05 4.03821e-06 1.88712e-07 6.12747e-09 1.34894e-10 1.98667e-12 1.94514e-14 1.25586e-16
 1.65288e-11 1.79485e-09 1.14911e-07 4.33765e-06 9.65509e-05 0.00126768 0.00982761 0.0451221 0.12381 0.208303 0.229064 0.18424 0.117845 0.0570758 0.0187943 0.00396416 0.000534428 4.76522e-05 2.93841e-06 1.28196e-07 3.91061e-09 8.12437e-11 1.12633e-12 1.02897e-14 6.12862e-17
 1.27492e-11 1.38444e-09 8.86385e-08 3.34629e-06 7.45077e-05 0.000979151 0.00761089 0.0352097 0.0986694 0.175272 0.216299 0.205508 0.15085 0.077649 0.0257647 0.00534555 0.000700445 6.00573e-05 3.51668e-06 1.43985e-07 4.08922e-09 7.87156e-11 1.00834e-12 8.50661e-15 4.68579e-17
 1.72873e-11 1.87722e-09 1.20185e-07 4.53686e-06 0.00010099 0.00132613 0.0102832 0.0472294 0.129583 0.217345 0.235518 0.181803 0.1087 0.049153 0.0153623 0.00313536 0.000416289 3.69165e-05 2.24359e-06 9.36151e-08 2.63023e-09 4.87336e-11 5.88901e-13 4.62364e-15 2.35057e-17
 1.36474e-11 1.48199e-09 9.48866e-08 3.58236e-06 7.97746e-05 0.00104867 0.00815573 0.0377606 0.105826 0.186983 0.225524 0.203457 0.139195 0.0667467 0.0206965 0.00400158 0.000483073 3.74372e-05 1.94542e-06 7.0441e-08 1.79461e-09 3.15502e-11 3.71931e-13 2.87014e-15 1.42427e-17
 1.28879e-11 1.39954e-09 8.96104e-08 3.38348e-06 7.53634e-05 0.000991268 0.00772073 0.0358749 0.10137 0.182115 0.22539 0.20829 0.143731 0.0686205 0.0211617 0.00410731 0.000505843 4.06115e-05 2.18504e-06 7.95781e-08 1.9406e-09 3.11357e-11 3.25163e-13 2.20587e-15 9.72592e-18
#pred catch len freq
 1.03152e-11 1.12011e-09 7.17102e-08 2.7067e-06 6.02341e-05 0.000790313 0.00611473 0.02792 0.0755351 0.123506 0.133446 0.124641 0.127718 0.118461 0.0863973 0.0564188 0.0371602 0.0244383 0.0163639 0.011511 0.00870078 0.00718553 0.00616077 0.00472208 0.00274651
 8.18199e-12 8.88466e-10 5.68804e-08 2.14696e-06 4.7778e-05 0.000626904 0.00485133 0.0221728 0.06028 0.100925 0.11998 0.138616 0.167146 0.157918 0.104304 0.054952 0.0287036 0.0158233 0.00899669 0.00529517 0.00331202 0.00229642 0.00174523 0.00127046 0.000734965
 1.10505e-11 1.19995e-09 7.68219e-08 2.89964e-06 6.45277e-05 0.00084665 0.00655062 0.0299107 0.080926 0.132363 0.143211 0.134209 0.137784 0.127145 0.090706 0.0554828 0.0314453 0.0156195 0.00702335 0.00321277 0.00158017 0.000858004 0.000529159 0.00034106 0.000188044
 1.51511e-11 1.64522e-09 1.05329e-07 3.97564e-06 8.84721e-05 0.00116079 0.00898023 0.0409823 0.110576 0.178397 0.181598 0.142079 0.116919 0.0953465 0.060838 0.0317183 0.0162093 0.00832711 0.00397824 0.00168807 0.000652207 0.000256179 0.000114553 5.84039e-05 2.85738e-05
 1.43926e-11 1.56287e-09 1.00056e-07 3.77662e-06 8.40434e-05 0.00110269 0.00853101 0.0389384 0.105146 0.170326 0.176605 0.146451 0.129834 0.107895 0.0654796 0.0294456 0.0119186 0.00491041 0.0020299 0.000827045 0.000314192 0.000106471 3.41293e-05 1.1872e-05 4.4948e-06
 1.44579e-11 1.56995e-09 1.0051e-07 3.79374e-06 8.44244e-05 0.00110769 0.00856968 0.0391147 0.105619 0.171067 0.177254 0.146693 0.129741 0.107771 0.065496 0.029431 0.0115983 0.00431839 0.00145759 0.000463906 0.000146959 4.51307e-05 1.26797e-05 3.26653e-06 8.39294e-07
 1.50234e-11 1.63136e-09 1.04441e-07 3.94214e-06 8.77267e-05 0.00115102 0.00890471 0.0406404 0.109692 0.177281 0.181907 0.146011 0.124159 0.10155 0.0620171 0.0285064 0.0116237 0.00441971 0.00146974 0.000428335 0.000112274 2.70873e-05 6.18697e-06 1.31825e-06 2.55167e-07
 1.59822e-11 1.73548e-09 1.11107e-07 4.19374e-06 9.33257e-05 0.00122447 0.00947281 0.043229 0.11662 0.188011 0.19072 0.147399 0.11857 0.0935676 0.0550231 0.0233227 0.00843009 0.0029607 0.000972295 0.000286394 7.37251e-05 1.61798e-05 3.04982e-06 5.07738e-07 7.60631e-08
 1.58957e-11 1.72608e-09 1.10505e-07 4.17103e-06 9.28203e-05 0.00121784 0.00942156 0.0429959 0.116003 0.187105 0.190224 0.1481 0.120349 0.0951915 0.055442 0.0227527 0.00767802 0.00245195 0.000721076 0.000191298 4.64671e-05 9.99532e-06 1.81362e-06 2.69856e-07 3.29436e-08
 1.58628e-11 1.72251e-09 1.10276e-07 4.16238e-06 9.26279e-05 0.00121532 0.00940203 0.0429068 0.115763 0.186721 0.189849 0.147856 0.120248 0.0952927 0.0558166 0.0232546 0.00803476 0.00258317 0.000733318 0.000179261 3.89375e-05 7.5089e-06 1.26068e-06 1.78449e-07 2.03819e-08
 1.66928e-11 1.81264e-09 1.16047e-07 4.3802e-06 9.7475e-05 0.00127891 0.00989382 0.0451472 0.121753 0.195948 0.197183 0.148244 0.114166 0.087537 0.0500579 0.0198644 0.00628374 0.00186719 0.000515503 0.000125461 2.65982e-05 4.7948e-06 7.26061e-07 9.21849e-08 9.63908e-09
 1.60466e-11 1.74247e-09 1.11555e-07 4.21063e-06 9.37015e-05 0.0012294 0.00951098 0.0434035 0.117096 0.188816 0.191714 0.148603 0.119912 0.0942573 0.0542886 0.021599 0.00681985 0.00198637 0.000520432 0.000117436 2.3403e-05 4.0841e-06 5.99453e-07 7.16475e-08 6.83225e-09
 1.64998e-11 1.79168e-09 1.14705e-07 4.32954e-06 9.63477e-05 0.00126412 0.00977945 0.0446261 0.120359 0.193791 0.195425 0.14801 0.115366 0.0892185 0.051505 0.0208972 0.00686805 0.00208197 0.00055519 0.000124413 2.39143e-05 3.92316e-06 5.39226e-07 6.1252e-08 5.58841e-09
 1.54455e-11 1.6772e-09 1.07376e-07 4.0529e-06 9.01917e-05 0.00118336 0.0091549 0.0417819 0.112768 0.182212 0.18677 0.149331 0.125849 0.100872 0.0579901 0.0226019 0.0068365 0.00191499 0.000499658 0.000114309 2.25464e-05 3.71747e-06 4.98675e-07 5.38717e-08 4.62384e-09
 1.5041e-11 1.63327e-09 1.04563e-07 3.94675e-06 8.78293e-05 0.00115236 0.00891523 0.0406904 0.109854 0.177762 0.183422 0.149765 0.129766 0.105293 0.0605562 0.0233992 0.00690993 0.00185263 0.000453209 9.56141e-05 1.77042e-05 2.86917e-06 3.89324e-07 4.23853e-08 3.58439e-09
 1.64258e-11 1.78364e-09 1.14191e-07 4.31012e-06 9.59156e-05 0.00125845 0.00973563 0.0444269 0.119832 0.193031 0.195067 0.14879 0.117151 0.0907361 0.0516781 0.0200587 0.00600652 0.00163152 0.000397472 8.14664e-05 1.42675e-05 2.14839e-06 2.72273e-07 2.85119e-08 2.39104e-09
 1.73079e-11 1.87944e-09 1.20323e-07 4.5416e-06 0.000101067 0.00132603 0.0102582 0.0468073 0.126192 0.20278 0.202592 0.148462 0.10956 0.0817484 0.0458773 0.0175001 0.00506689 0.00132671 0.000318742 6.56875e-05 1.15575e-05 1.71394e-06 2.08132e-07 2.04493e-08 1.60576e-09
 1.67021e-11 1.81365e-09 1.16112e-07 4.38263e-06 9.75291e-05 0.00127962 0.00989935 0.045173 0.12183 0.196131 0.197645 0.149293 0.115694 0.0885235 0.049586 0.0183898 0.0049577 0.00117407 0.000260855 5.10341e-05 8.6723e-06 1.26781e-06 1.53488e-07 1.49164e-08 1.1346e-09
 1.63593e-11 1.77643e-09 1.13728e-07 4.29268e-06 9.55275e-05 0.00125336 0.00969627 0.044248 0.11936 0.192351 0.194757 0.149521 0.118798 0.0921223 0.0518066 0.0192506 0.00519626 0.00122108 0.00026213 4.77234e-05 7.37815e-06 9.9413e-07 1.14101e-07 1.07706e-08 8.07919e-10
 1.6741e-11 1.81787e-09 1.16382e-07 4.39282e-06 9.7756e-05 0.0012826 0.00992235 0.0452775 0.122106 0.196528 0.197823 0.148858 0.114723 0.0877204 0.0495435 0.0188986 0.00543802 0.00139166 0.000315745 5.85152e-05 8.93629e-06 1.14884e-06 1.21998e-07 1.05684e-08 7.39947e-10
 1.71885e-11 1.86647e-09 1.19493e-07 4.51027e-06 0.000100369 0.00131688 0.0101875 0.0464853 0.125334 0.201481 0.201674 0.148783 0.111008 0.0832432 0.0465435 0.0174565 0.00484949 0.001197 0.00027245 5.30689e-05 8.68286e-06 1.17197e-06 1.25855e-07 1.06164e-08 7.00707e-10
 1.74711e-11 1.89716e-09 1.21458e-07 4.58442e-06 0.00010202 0.00133853 0.0103549 0.0472481 0.127373 0.204626 0.204184 0.148951 0.108992 0.0806373 0.0445642 0.0162481 0.0042073 0.000932771 0.000194161 3.57167e-05 5.6771e-06 7.7524e-07 8.7197e-08 7.74931e-09 5.26831e-10
 1.74837e-11 1.89852e-09 1.21545e-07 4.58772e-06 0.000102093 0.0013395 0.0103624 0.047282 0.127464 0.20476 0.20427 0.148886 0.108794 0.080455 0.0445192 0.0163065 0.00426723 0.000954287 0.00019486 3.36342e-05 4.85963e-06 6.07975e-07 6.48566e-08 5.68886e-09 3.95359e-10
 1.75266e-11 1.90318e-09 1.21843e-07 4.59897e-06 0.000102343 0.00134278 0.0103878 0.0473976 0.127772 0.205233 0.204634 0.148868 0.108421 0.0800148 0.0442371 0.0161848 0.00422531 0.000942671 0.000192824 3.34541e-05 4.81345e-06 5.81776e-07 5.78144e-08 4.65105e-09 3.01363e-10
 1.81615e-11 1.97212e-09 1.26257e-07 4.76557e-06 0.000106051 0.00139142 0.0107639 0.0491107 0.132347 0.212229 0.20995 0.148355 0.102537 0.0732734 0.0401927 0.0147437 0.00389283 0.000883767 0.000182996 3.18768e-05 4.59244e-06 5.56122e-07 5.51279e-08 4.34514e-09 2.68052e-10
 1.70962e-11 1.85644e-09 1.18851e-07 4.48603e-06 9.98301e-05 0.00130981 0.0101328 0.0462364 0.124672 0.200498 0.201065 0.14931 0.112553 0.0846777 0.0469323 0.0170228 0.00433283 0.000929081 0.000184966 3.1991e-05 4.65259e-06 5.69199e-07 5.67241e-08 4.47923e-09 2.75674e-10
 1.77291e-11 1.92517e-09 1.23251e-07 4.65212e-06 0.000103526 0.0013583 0.0105078 0.0479443 0.129234 0.20748 0.206403 0.148903 0.106847 0.0780615 0.042854 0.0154374 0.00387081 0.000806493 0.000154665 2.55384e-05 3.5207e-06 4.14212e-07 4.07688e-08 3.23203e-09 2.00302e-10
 1.84295e-11 2.00122e-09 1.2812e-07 4.83589e-06 0.000107616 0.00141195 0.0109227 0.0498339 0.13428 0.215198 0.21227 0.14835 0.100374 0.0706371 0.0383877 0.0138312 0.00348932 0.00073415 0.000141298 2.3088e-05 3.09938e-06 3.50127e-07 3.28261e-08 2.48599e-09 1.49579e-10
 1.78539e-11 1.93872e-09 1.24119e-07 4.68486e-06 0.000104255 0.00136786 0.0105817 0.0482811 0.130136 0.208882 0.207574 0.149152 0.106221 0.0770797 0.0418908 0.0146452 0.0033712 0.000595206 9.66812e-05 1.45747e-05 1.91116e-06 2.13595e-07 1.96581e-08 1.44202e-09 8.31504e-11
#obs catch len freq
 1.18244e-11 1.284e-09 8.22025e-08 3.10274e-06 6.90473e-05 0.00090594 0.00700905 0.0319968 0.0864711 0.140642 0.148559 0.1307 0.126891 0.117471 0.0874084 0.0562291 0.0336971 0.0182595 0.00867562 0.00351034 0.00115141 0.000289838 5.30888e-05 6.7418e-06 5.70577e-07
 1.16457e-11 1.26459e-09 8.09598e-08 3.05584e-06 6.80036e-05 0.000892254 0.00690343 0.0315201 0.0852508 0.139147 0.148986 0.135287 0.134158 0.122434 0.0872028 0.052587 0.0296843 0.0153347 0.00691226 0.00261773 0.000793957 0.000182971 3.04624e-05 3.50512e-06 2.6884e-07
 6.22763e-12 6.76247e-10 4.32939e-08 1.63414e-06 3.63664e-05 0.000477198 0.00369388 0.0169055 0.0462495 0.0795748 0.103506 0.137586 0.178984 0.175172 0.12294 0.0702198 0.0366637 0.0173821 0.0072054 0.00252172 0.000706007 0.000149176 2.2612e-05 2.35767e-06 1.63484e-07
 1.87313e-11 2.034e-09 1.30218e-07 4.9151e-06 0.000109378 0.00143507 0.0111013 0.0506433 0.136371 0.217759 0.210799 0.136286 0.0788605 0.0551521 0.0419066 0.0294639 0.0174169 0.00823009 0.00315671 0.000997082 0.000251792 4.81925e-05 6.62804e-06 6.26417e-07 3.93041e-08
 1.52164e-11 1.65232e-09 1.05783e-07 3.99278e-06 8.88541e-05 0.00116583 0.00901997 0.0411793 0.111284 0.180697 0.188124 0.154655 0.130211 0.0997401 0.054134 0.0201025 0.00625245 0.00219724 0.000818729 0.000254636 5.98797e-05 1.0333e-05 1.27208e-06 1.07882e-07 6.09486e-09
 1.76493e-11 1.91651e-09 1.22697e-07 4.63119e-06 0.000103061 0.00135221 0.0104612 0.047742 0.12879 0.207328 0.207758 0.151039 0.106025 0.0742681 0.0410949 0.0167594 0.00541954 0.00145133 0.000324485 6.55246e-05 1.2361e-05 1.92308e-06 2.16704e-07 1.66149e-08 8.41896e-10
 1.55461e-11 1.68813e-09 1.08075e-07 4.07931e-06 9.07801e-05 0.00119111 0.00921591 0.0420795 0.113767 0.184935 0.192727 0.157097 0.128334 0.095036 0.050531 0.0184192 0.00508627 0.00119894 0.000242415 3.95981e-05 5.12162e-06 5.34463e-07 4.49883e-08 2.8786e-09 1.28893e-10
 1.70174e-11 1.84789e-09 1.18304e-07 4.46538e-06 9.93714e-05 0.00130382 0.0100876 0.0460497 0.124368 0.201125 0.204872 0.155397 0.1141 0.0794146 0.0417802 0.0156303 0.00449046 0.00105198 0.00019512 2.76455e-05 2.99561e-06 2.47758e-07 1.53208e-08 6.94912e-10 2.27912e-11
 1.6813e-11 1.8257e-09 1.16883e-07 4.41175e-06 9.81782e-05 0.00128818 0.00996695 0.0455061 0.122975 0.199322 0.204544 0.157707 0.11714 0.080594 0.0411476 0.0146754 0.00396366 0.000882799 0.000159942 2.22509e-05 2.29238e-06 1.70867e-07 9.03264e-09 3.3384e-10 8.52941e-12
 1.61911e-11 1.75817e-09 1.12559e-07 4.24857e-06 9.45471e-05 0.00124056 0.00959915 0.043839 0.1186 0.193043 0.200992 0.160453 0.123511 0.0854745 0.0431045 0.0150832 0.00395663 0.000840819 0.000143114 1.86162e-05 1.80396e-06 1.274e-07 6.35324e-09 2.16924e-10 4.95772e-12
 1.5992e-11 1.73655e-09 1.11175e-07 4.19633e-06 9.3385e-05 0.00122533 0.00948196 0.0433149 0.117294 0.19157 0.201557 0.164207 0.12762 0.0863461 0.0411071 0.0128503 0.00278507 0.000469674 6.62078e-05 7.58369e-06 6.6666e-07 4.30985e-08 1.97784e-09 6.24919e-11 1.32615e-12
 1.74283e-11 1.89251e-09 1.2116e-07 4.57321e-06 0.000101772 0.00133536 0.0103329 0.0471894 0.127626 0.20726 0.213053 0.162102 0.113844 0.0717617 0.0329047 0.0100137 0.00209561 0.000329717 4.09244e-05 3.90278e-06 2.77329e-07 1.46322e-08 5.68283e-10 1.57535e-11 3.00051e-13
 1.60365e-11 1.74138e-09 1.11484e-07 4.20802e-06 9.36458e-05 0.00122879 0.00950978 0.0434583 0.117827 0.193125 0.204776 0.167709 0.127901 0.0830301 0.0376493 0.0111086 0.00221304 0.000325289 3.74197e-05 3.29877e-06 2.12963e-07 9.84653e-09 3.22496e-10 7.37429e-12 1.15842e-13
 1.64738e-11 1.78886e-09 1.14525e-07 4.32277e-06 9.62e-05 0.00126232 0.00976951 0.0446479 0.121058 0.198313 0.209327 0.168322 0.123922 0.0775665 0.0339993 0.00963399 0.00180784 0.000243558 2.52746e-05 2.01359e-06 1.1787e-07 4.93053e-09 1.45362e-10 2.96682e-12 4.10055e-14
 1.25391e-11 1.3616e-09 8.71714e-08 3.29035e-06 7.32275e-05 0.000961043 0.00744277 0.0341006 0.0933473 0.15826 0.185512 0.183372 0.163134 0.109748 0.0481345 0.0132381 0.00235276 0.000291348 2.71679e-05 1.93705e-06 1.01583e-07 3.79225e-09 9.94207e-11 1.80616e-12 2.2288e-14
 1.4652e-11 1.59104e-09 1.0186e-07 3.84478e-06 8.55654e-05 0.0011229 0.00869416 0.039793 0.108464 0.180842 0.20083 0.177803 0.141678 0.0896541 0.0383233 0.0105198 0.00191381 0.000247483 2.38475e-05 1.6822e-06 8.31507e-08 2.82107e-09 6.57702e-11 1.05387e-12 1.14711e-14
 1.529e-11 1.66031e-09 1.06295e-07 4.01218e-06 8.92913e-05 0.00117181 0.00907308 0.0415273 0.113156 0.18824 0.20685 0.177673 0.13537 0.0822537 0.0339144 0.0089366 0.0015384 0.000185266 1.66517e-05 1.12275e-06 5.45415e-08 1.84267e-09 4.24571e-11 6.564e-13 6.69379e-15
 1.67619e-11 1.82015e-09 1.16528e-07 4.39843e-06 9.78866e-05 0.00128458 0.00994497 0.0454939 0.12369 0.203972 0.217517 0.173888 0.120713 0.0684555 0.0269281 0.00678081 0.00109797 0.00012091 9.70619e-06 5.83433e-07 2.5563e-08 7.88643e-10 1.68144e-11 2.4439e-13 2.37756e-15
 1.44917e-11 1.57364e-09 1.00746e-07 3.8028e-06 8.46353e-05 0.00111088 0.0086054 0.0394472 0.107995 0.182076 0.206325 0.184649 0.142414 0.084248 0.0332262 0.0083107 0.0013429 0.000148424 1.1867e-05 6.92233e-07 2.85065e-08 8.04725e-10 1.54286e-11 2.00407e-13 1.7483e-15
 1.5106e-11 1.64034e-09 1.05017e-07 3.96402e-06 8.82241e-05 0.001158 0.00897073 0.041121 0.11252 0.189118 0.211618 0.18345 0.135571 0.0775334 0.0299918 0.00747601 0.00122799 0.000140456 1.16357e-05 6.91192e-07 2.83997e-08 7.87383e-10 1.46064e-11 1.80333e-13 1.46675e-15
 1.54617e-11 1.67896e-09 1.0749e-07 4.05737e-06 9.03031e-05 0.00118534 0.00918346 0.0421055 0.115249 0.193619 0.215528 0.183438 0.131385 0.0728168 0.0274606 0.00671288 0.00108713 0.000123101 1.01213e-05 5.98653e-07 2.4623e-08 6.86282e-10 1.27781e-11 1.56987e-13 1.25456e-15
 1.54781e-11 1.68074e-09 1.07604e-07 4.06173e-06 9.04028e-05 0.00118675 0.00919645 0.0421908 0.115659 0.194938 0.217949 0.185272 0.130587 0.0703529 0.0255942 0.00597096 0.000906164 9.4217e-05 7.06411e-06 3.86055e-07 1.4975e-08 3.99955e-10 7.20533e-12 8.61321e-14 6.71963e-16
 1.59848e-11 1.73577e-09 1.11128e-07 4.19475e-06 9.3365e-05 0.00122568 0.0094988 0.0435812 0.119441 0.200868 0.222406 0.184202 0.124844 0.0648289 0.0229173 0.00522626 0.000777024 7.87788e-05 5.67621e-06 2.92043e-07 1.04706e-08 2.55557e-10 4.1969e-12 4.60009e-14 3.32528e-16
 1.54011e-11 1.6724e-09 1.07071e-07 4.04171e-06 8.99642e-05 0.00118124 0.00915913 0.0420832 0.115786 0.196628 0.222108 0.188765 0.129387 0.0663298 0.0227538 0.00496317 0.00069244 6.43928e-05 4.19666e-06 1.96283e-07 6.4936e-09 1.47684e-10 2.25934e-12 2.29093e-14 1.51944e-16
 1.64907e-11 1.79071e-09 1.14646e-07 4.32764e-06 9.63282e-05 0.00126476 0.0098051 0.0450203 0.123543 0.207919 0.22882 0.184333 0.118171 0.0573974 0.0189841 0.00403582 0.000551477 5.01427e-05 3.15849e-06 1.39929e-07 4.29209e-09 8.90307e-11 1.23129e-12 1.12769e-14 6.78853e-17
 1.68317e-11 1.82774e-09 1.17017e-07 4.41721e-06 9.83249e-05 0.00129107 0.0100106 0.0459762 0.126201 0.212231 0.23224 0.1837 0.113968 0.0533102 0.0169968 0.00347746 0.000453993 3.89732e-05 2.29378e-06 9.47824e-08 2.72682e-09 5.32998e-11 6.93451e-13 5.92771e-15 3.29482e-17
 1.31e-11 1.42254e-09 9.1079e-08 3.43852e-06 7.65668e-05 0.00100638 0.00782526 0.0362241 0.101581 0.180245 0.220573 0.205054 0.145889 0.0727322 0.0234204 0.00471798 0.000598814 4.94348e-05 2.76311e-06 1.07149e-07 2.8692e-09 5.19473e-11 6.2425e-13 4.92461e-15 2.52917e-17
 1.75702e-11 1.90794e-09 1.22153e-07 4.61121e-06 0.00010265 0.00134803 0.0104548 0.0480326 0.13183 0.220992 0.238315 0.181056 0.105062 0.0458392 0.0138462 0.00273495 0.000350611 2.98349e-05 1.72677e-06 6.8234e-08 1.81034e-09 3.16063e-11 3.58832e-13 2.63727e-15 1.25075e-17
 1.39875e-11 1.51893e-09 9.72532e-08 3.67186e-06 8.17747e-05 0.00107516 0.00836499 0.0387539 0.108673 0.191767 0.229372 0.202578 0.13432 0.0623206 0.0187329 0.00351434 0.000410944 3.06849e-05 1.52265e-06 5.21256e-08 1.24687e-09 2.05191e-11 2.26136e-13 1.62959e-15 7.54267e-18
#spawning biomass
 8949.58 6396.26 4881.93 6182.64 10663.3 15328.2 24747.4 34244.4 50553.9 75002.4 95244.6 139119 197506 217274 172302 147714 168707 177851 163495 172596 181877 178436 194091 212527 261095 283210 249305 269755 203150 125040 253029 219352 164868 117585 84236.9 63220.7 50876.1 43960.8 40213.9 38232.3 37202.9 36675.3 36407.6 36272.7 36204.4 36170.9 36154.5 36146.5 36142.6 36140.6 36139.7 36139.2 36139 36138.9 36138.8 36138.8 36138.8 36138.8 36138.8 36138.8 36138.8 36138.8 36138.8 36138.8 36138.8 36138.8 36138.8 36138.8 36138.8 36138.8 36138.8 36138.8 36138.8 36138.8 36138.8 36138.8 36138.8 36138.8 36138.8 36138.8 36138.8 36138.8 36138.8 36138.8 36138.8 36138.8 36138.8 36138.8 36138.8 36138.8 36138.8 36138.8 36138.8 36138.8 36138.8 36138.8 36138.8 36138.8 36138.8 36138.8 36138.8 36138.8 36138.8 36138.8 36138.8 36138.8 36138.8 36138.8 36138.8 36138.8 36138.8 36138.8 36138.8 36138.8 36138.8 36138.8 36138.8 36138.8 36138.8 36138.8 36138.8 36138.8 36138.8 36138.8 36138.8 36138.8 36138.8 36138.8 36138.8 0 0 0 0 0 0 0 0 0 0 0 0 0 0 0 0 0 0 0 0 0 0 0 0 0
