SBPRF35
0.256306
Curr Bio
213226
B35
210206
F35
0.391316
FOFL
0.391316
OFL
86632
Bzero
73230.3
#pred survey bio
 26222 23137.1 17501.9 15506.4 23482.5 37463.5 49761.1 60304.3 83044.6 116847 155002 184894 222136 244609 242173 218010 208523 196457 187832 189321 196887 215359 218752 228780 257456 271126 274130 298972 306297 7.71389e+06 6.18317e+06 4.36652e+06 2.90204e+06 1.95588e+06 1.40523e+06 1.10129e+06 937304 849076 801053 774342 759069 750069 744608 741206 739038 737641 736728 736126 735725 735457 735278 735157 735075 735020 734983 734958 734941 734930 734922 734916 734913 734911 734909 734908 734907 734907 734906 734906 734906 734906 734906 734906 734906 734906 734906 734906 734906 734906 734906 734906 734906 734906 734906 734906 734906 734906 734906 734906 734906 734906 734906 734906 734906 734906 734906 734906 734906 734906 734906 734906 734906 734906 734906 734906 734906 734906 734906 734906 734906 734906 734906 734906 734906 734906 734906 734906 734906 734906 734906 734906 734906 734906 734906 734906 734906 734906 734906 734906 734906 0 0 0 0 0 0 0 0 0 0 0 0 0 0 0 0 0 0 0 0 0 0 0 0 0
#obs survey bio
 22858.5 18006.2 12739.9 19165.4 30720.9 37971.1 57441.2 59163.3 96728.3 109700 155814 306568 194725 193420 286105 250068 161991 158928 209683 186273 163851 144562 219714 202162 274901 155477 343829 316350 376241
#pred catch bio
 4081.12 4392.64 3417.63 3580.55 4868.1 9394.73 14858 17897.3 22298 36963 57990.8 64250.7 87194.8 103391 113343 99670.8 91517.2 81696.2 75725 76120 73118.8 88651.2 92561.6 90050.5 101885 109341 100314 118399 102630 86632 77523.2 53004.8 33806.7 21857.6 15218 11767.5 10048.2 9214.65 8817.83 8631.24 8544.24 8503.91 8485.28 8476.7 8472.76 8470.96 8470.13 8469.75 8469.58 8469.5 8469.47 8469.45 8469.44 8469.44 8469.44 8469.44 8469.44 8469.44 8469.44 8469.44 8469.44 8469.44 8469.44 8469.44 8469.44 8469.44 8469.44 8469.44 8469.44 8469.44 8469.44 8469.44 8469.44 8469.44 8469.44 8469.44 8469.44 8469.44 8469.44 8469.44 8469.44 8469.44 8469.44 8469.44 8469.44 8469.44 8469.44 8469.44 8469.44 8469.44 8469.44 8469.44 8469.44 8469.44 8469.44 8469.44 8469.44 8469.44 8469.44 8469.44 8469.44 8469.44 8469.44 8469.44 8469.44 8469.44 8469.44 8469.44 8469.44 8469.44 8469.44 8469.44 8469.44 8469.44 8469.44 8469.44 8469.44 8469.44 8469.44 8469.44 8469.44 8469.44 8469.44 8469.44 8469.44 8469.44 8469.44 8469.44 8469.44 0 0 0 0 0 0 0 0 0 0 0 0 0 0 0 0 0 0 0 0 0 0 0 0 0
#obs catch bio
 4053.47 4559.57 3640.92 3762.58 4850.19 9453.29 14686.5 17701.4 21721.1 36278 56742.6 58969.5 84866.2 102457 114857 98401.6 94495.9 83064.7 74895 76256.4 73037.4 92028.1 93119.4 90329.3 100663 112962 99828.9 119333 101721
#pred cpue bio
 25341.4 22793 17340.9 14808.6 21246 34692.6 46593.9 56301 76395.5 108362 143127 171002 206421 226966 226074 202952 193424 183775 175885 176490 183175 200797 203692 211761 238465 253077 255936 278845 285922 7.24315e+06 6.1323e+06 4.33497e+06 2.87093e+06 1.92478e+06 1.37413e+06 1.07019e+06 906207 817978 769955 743245 727971 718971 713511 710108 707940 706543 705631 705028 704628 704360 704180 704059 703978 703923 703886 703860 703843 703832 703824 703819 703815 703813 703811 703810 703810 703809 703809 703809 703808 703808 703808 703808 703808 703808 703808 703808 703808 703808 703808 703808 703808 703808 703808 703808 703808 703808 703808 703808 703808 703808 703808 703808 703808 703808 703808 703808 703808 703808 703808 703808 703808 703808 703808 703808 703808 703808 703808 703808 703808 703808 703808 703808 703808 703808 703808 703808 703808 703808 703808 703808 703808 703808 703808 703808 703808 703808 703808 703808 703808 0 0 0 0 0 0 0 0 0 0 0 0 0 0 0 0 0 0 0 0 0 0 0 0 0
#obs cpue bio
 20539.1 18762.9 9840.75 18270.1 22577.8 35968.8 48858.4 60556.3 72413.8 123870 169359 189190 189654 272556 172383 202651 183165 220263 187827 169589 209190 231045 232758 226869 259860 318562 232970 269365 234958
#pred surv len freq
 2.5087e-11 1.17997e-09 3.84309e-08 8.66713e-07 1.3535e-05 0.000146362 0.00109597 0.00568327 0.0204155 0.0508652 0.0883209 0.10888 0.101769 0.0857464 0.079685 0.078729 0.0729312 0.0637852 0.0552077 0.0473922 0.0403391 0.0344209 0.0287715 0.0219017 0.0138993
 1.20247e-11 5.65586e-10 1.84208e-08 4.15435e-07 6.48765e-06 7.01563e-05 0.000525371 0.00272514 0.00980018 0.0245248 0.0433192 0.0568643 0.064208 0.0767195 0.0966851 0.108799 0.104248 0.0915373 0.0789966 0.0671302 0.0554653 0.0446369 0.034545 0.024467 0.014726
 9.10945e-12 4.28465e-10 1.39548e-08 3.14716e-07 4.91477e-06 5.3147e-05 0.000397983 0.00206411 0.00741933 0.0185307 0.0324881 0.041536 0.0437104 0.0476746 0.0599667 0.0772546 0.0947712 0.108496 0.111771 0.102255 0.0853084 0.0667477 0.0488863 0.0323651 0.0182986
 3.41042e-11 1.6041e-09 5.22444e-08 1.17824e-06 1.83999e-05 0.000198968 0.00148985 0.00772492 0.0277376 0.06899 0.118985 0.142887 0.121454 0.0777494 0.0454164 0.03329 0.033698 0.0405025 0.0498044 0.05641 0.0558437 0.0477237 0.0353559 0.0225969 0.0121216
 4.52103e-11 2.12647e-09 6.92579e-08 1.56194e-06 2.43919e-05 0.000263763 0.00197503 0.0102407 0.0367729 0.0914814 0.1579 0.190201 0.163499 0.10828 0.0664521 0.0447782 0.0305911 0.01946 0.0137001 0.0129814 0.01406 0.0139279 0.0115244 0.00773748 0.00414689
 3.62293e-11 1.70405e-09 5.55e-08 1.25166e-06 1.95465e-05 0.000211369 0.00158273 0.00820722 0.0294793 0.0734196 0.127292 0.15601 0.142823 0.113724 0.0962672 0.0845067 0.0645402 0.0405326 0.0224795 0.0125423 0.00816928 0.00655427 0.00547765 0.00393771 0.00222347
 3.35206e-11 1.57665e-09 5.13504e-08 1.15808e-06 1.80851e-05 0.000195565 0.00146439 0.00759359 0.0272753 0.0679308 0.117779 0.144374 0.132295 0.105896 0.0915077 0.0848144 0.0727206 0.0556671 0.0387942 0.0241133 0.013183 0.00685242 0.00387372 0.0023528 0.00129744
 3.50704e-11 1.64954e-09 5.37246e-08 1.21162e-06 1.89212e-05 0.000204607 0.00153209 0.0079445 0.0285336 0.0710448 0.123041 0.150178 0.13554 0.10418 0.0849855 0.0760911 0.065036 0.0513246 0.0387398 0.027447 0.017305 0.0094425 0.00452985 0.00201755 0.000861716
 3.92771e-11 1.84741e-09 6.01688e-08 1.35696e-06 2.11908e-05 0.000229149 0.00171585 0.00889716 0.0319523 0.0795279 0.137535 0.166934 0.147639 0.10705 0.0792644 0.0656076 0.0533152 0.040233 0.0294813 0.0211229 0.0141387 0.00843761 0.00433154 0.0018768 0.000688796
 3.63214e-11 1.70838e-09 5.5641e-08 1.25484e-06 1.95962e-05 0.000211905 0.00158674 0.00822793 0.0295521 0.0735857 0.127476 0.155749 0.141048 0.109269 0.08952 0.0785099 0.0630663 0.0447011 0.0300483 0.0200299 0.0129299 0.00775695 0.004139 0.00187579 0.000696483
 3.7844e-11 1.78e-09 5.79735e-08 1.30745e-06 2.04177e-05 0.000220788 0.00165325 0.00857266 0.0307883 0.0766445 0.132642 0.161437 0.144212 0.107653 0.0837063 0.0718691 0.059115 0.0441761 0.0310499 0.0206002 0.0126198 0.00710697 0.00364701 0.00164417 0.00061982
 3.7143e-11 1.74703e-09 5.68996e-08 1.28323e-06 2.00395e-05 0.000216699 0.00162263 0.00841397 0.0302194 0.0752385 0.130279 0.15889 0.142988 0.108906 0.0871092 0.0755162 0.0610173 0.044048 0.0301708 0.0200881 0.0125378 0.00707899 0.00354007 0.00153587 0.000562311
 3.58234e-11 1.68496e-09 5.48781e-08 1.23764e-06 1.93275e-05 0.000209 0.00156499 0.00811512 0.0291469 0.0725767 0.125728 0.153614 0.139127 0.107872 0.0887458 0.0787666 0.0648684 0.0477542 0.0330848 0.0218909 0.0134543 0.00752009 0.00374717 0.00161369 0.000580596
 3.64516e-11 1.71451e-09 5.58404e-08 1.25934e-06 1.96664e-05 0.000212665 0.00159243 0.00825735 0.029657 0.073839 0.127861 0.15597 0.140461 0.107248 0.0863247 0.0757605 0.0626176 0.0467953 0.0331327 0.0223825 0.0139414 0.00781367 0.00387059 0.0016517 0.000588567
 3.44697e-11 1.62129e-09 5.28044e-08 1.19087e-06 1.85972e-05 0.000201102 0.00150585 0.00780857 0.028047 0.0698489 0.121077 0.148285 0.135436 0.107376 0.0911245 0.0823478 0.0680767 0.0501299 0.0349893 0.023611 0.014888 0.00848806 0.00426066 0.00182778 0.000650041
 3.55836e-11 1.67368e-09 5.45108e-08 1.22935e-06 1.91981e-05 0.000207601 0.00155451 0.00806077 0.0289515 0.0720876 0.124863 0.152477 0.137846 0.106389 0.0870914 0.0774879 0.0647252 0.048933 0.0350303 0.0238658 0.0150119 0.00854389 0.00431262 0.00186929 0.000671151
 3.65668e-11 1.71993e-09 5.60169e-08 1.26332e-06 1.97286e-05 0.000213337 0.00159746 0.00828344 0.0297507 0.0740722 0.128264 0.156457 0.140881 0.107508 0.0863772 0.0754904 0.0619176 0.045828 0.0323449 0.02211 0.0141215 0.00815448 0.00414914 0.00180645 0.000651869
 3.3761e-11 1.58796e-09 5.17187e-08 1.16639e-06 1.82148e-05 0.000196968 0.0014749 0.00764809 0.0274713 0.068422 0.118651 0.145534 0.133629 0.107405 0.0928399 0.084767 0.0701787 0.0514718 0.0356549 0.0238791 0.0150302 0.00864612 0.00442577 0.00194608 0.000708545
 3.38949e-11 1.59425e-09 5.19238e-08 1.17101e-06 1.8287e-05 0.000197749 0.00148074 0.00767832 0.0275789 0.0686801 0.119031 0.145685 0.132774 0.104756 0.0886606 0.0809819 0.0690379 0.0533824 0.0389985 0.0268367 0.0168888 0.00958928 0.00484808 0.00212064 0.000773516
 3.54481e-11 1.66731e-09 5.43032e-08 1.22467e-06 1.9125e-05 0.00020681 0.00154859 0.00803005 0.028841 0.0718103 0.124369 0.151808 0.137032 0.105328 0.0857336 0.0761162 0.0638534 0.0489689 0.0360693 0.0255842 0.0167768 0.00984556 0.00504933 0.00220731 0.000800548
 3.58429e-11 1.68588e-09 5.4908e-08 1.23831e-06 1.9338e-05 0.000209114 0.00156584 0.0081195 0.0291623 0.0726115 0.125764 0.153543 0.138695 0.10677 0.0869375 0.0767205 0.0632863 0.0471426 0.033627 0.0234014 0.0153716 0.00920625 0.00486172 0.00218145 0.000803788
 3.50822e-11 1.6501e-09 5.37426e-08 1.21203e-06 1.89276e-05 0.000204676 0.00153261 0.00794724 0.0285443 0.0710792 0.123155 0.15057 0.136693 0.106675 0.0886401 0.0793341 0.0658767 0.0491602 0.0348303 0.0237966 0.0152598 0.00898301 0.00473634 0.00215287 0.000809117
 3.55461e-11 1.67192e-09 5.44534e-08 1.22806e-06 1.91779e-05 0.000207382 0.00155287 0.00805229 0.0289211 0.0720125 0.124737 0.152343 0.137785 0.106456 0.0872378 0.0775447 0.0645406 0.0485684 0.0347396 0.0238342 0.0152073 0.00882988 0.00457913 0.0020583 0.000772606
 3.72575e-11 1.75242e-09 5.70751e-08 1.28719e-06 2.01013e-05 0.000217367 0.00162763 0.00843986 0.0303118 0.0754629 0.130629 0.159136 0.142631 0.10746 0.0846889 0.0731505 0.0599231 0.0445288 0.0315616 0.0216182 0.0138413 0.00805259 0.0041589 0.00185173 0.000687834
 3.68064e-11 1.7312e-09 5.63839e-08 1.2716e-06 1.98578e-05 0.000214735 0.00160793 0.00833773 0.0299458 0.0745588 0.129113 0.157522 0.141932 0.108481 0.0872709 0.0760601 0.0617682 0.0448509 0.0308721 0.0206453 0.0130281 0.00752873 0.00387957 0.00172406 0.000637726
 3.44363e-11 1.61972e-09 5.27533e-08 1.18972e-06 1.85792e-05 0.000200908 0.0015044 0.00780102 0.02802 0.0697822 0.120966 0.148171 0.135403 0.107505 0.0914453 0.0828259 0.0686105 0.0505204 0.0350044 0.0232198 0.0143496 0.00809545 0.00409448 0.0017995 0.000661661
 3.47565e-11 1.63478e-09 5.32437e-08 1.20078e-06 1.87519e-05 0.000202775 0.00151838 0.00787345 0.0282792 0.0704186 0.122006 0.14915 0.13536 0.105585 0.0878543 0.0791996 0.0668614 0.0511807 0.037081 0.0254078 0.0159293 0.00896962 0.00447442 0.00193044 0.000698116
 3.51764e-11 1.65453e-09 5.3887e-08 1.21529e-06 1.89785e-05 0.000205225 0.00153672 0.00796855 0.0286204 0.071265 0.12345 0.150806 0.13651 0.105721 0.0869739 0.077624 0.0649735 0.0494308 0.0359995 0.0252457 0.0163941 0.00954283 0.00485557 0.0021031 0.000754862
 3.48166e-11 1.63761e-09 5.33358e-08 1.20285e-06 1.87843e-05 0.000203126 0.00152101 0.00788708 0.0283283 0.0705423 0.12223 0.149468 0.135786 0.106165 0.0884718 0.0793926 0.0661442 0.0496938 0.0356481 0.0247734 0.0161416 0.00956041 0.00499355 0.00221871 0.000810161
#obs surv len freq
 2.41397e-11 1.13541e-09 3.69797e-08 8.33986e-07 1.30239e-05 0.000140836 0.00105459 0.00546872 0.0196455 0.0489523 0.085039 0.105022 0.0987603 0.0844416 0.0798847 0.079792 0.0745393 0.0662078 0.0589475 0.0524219 0.0454647 0.0375234 0.0283001 0.0184813 0.00989904
 8.79573e-16 4.1444e-14 1.35926e-12 3.15021e-11 5.44508e-10 8.14547e-09 1.28132e-07 2.04714e-06 2.70724e-05 0.000262147 0.00178516 0.0084636 0.0279315 0.0645599 0.106333 0.130101 0.128623 0.115489 0.101849 0.0886079 0.0749784 0.0607124 0.0452571 0.0293589 0.01566
 1.14929e-11 5.4057e-10 1.7606e-08 3.9706e-07 6.20065e-06 6.70509e-05 0.000502063 0.00260314 0.00934598 0.0232349 0.0400021 0.0477319 0.0398157 0.025254 0.0204354 0.0363161 0.0714447 0.109102 0.128806 0.125426 0.10837 0.0865502 0.0632446 0.0403998 0.0213423
 5.18962e-11 2.44095e-09 7.95e-08 1.79293e-06 2.79991e-05 0.000302769 0.00226707 0.0117546 0.0422032 0.104931 0.180708 0.215757 0.179231 0.105043 0.0457175 0.0173491 0.0081682 0.0071761 0.0102285 0.0143822 0.0164623 0.0152255 0.0116773 0.00747671 0.00390952
 3.24434e-11 1.52598e-09 4.97003e-08 1.12087e-06 1.7504e-05 0.000189282 0.00141736 0.00735011 0.0264064 0.0658221 0.114501 0.142123 0.135793 0.119614 0.113529 0.10364 0.0753429 0.0406207 0.0172891 0.00826392 0.00696904 0.00733362 0.00659709 0.00464983 0.00253071
 3.93162e-11 1.84924e-09 6.02287e-08 1.35831e-06 2.12119e-05 0.000229377 0.00171755 0.00890594 0.0319832 0.0795971 0.137604 0.166784 0.146789 0.105102 0.0769617 0.0653889 0.0572875 0.0467824 0.0337424 0.0201782 0.00997066 0.00484204 0.002956 0.00200268 0.00115262
 2.65364e-11 1.24814e-09 4.06513e-08 9.16789e-07 1.4317e-05 0.000154819 0.00115931 0.00601211 0.0216021 0.0538727 0.093893 0.117389 0.114884 0.106904 0.108832 0.107265 0.0894474 0.064618 0.0449135 0.0309506 0.019543 0.01053 0.00489735 0.00216069 0.000956318
 4.34564e-11 2.04398e-09 6.6571e-08 1.50135e-06 2.34456e-05 0.000253531 0.0018984 0.00984342 0.0353461 0.0879285 0.151748 0.182706 0.156832 0.103696 0.0647178 0.0480971 0.0414149 0.0361612 0.0296316 0.021643 0.0139075 0.00791878 0.00394324 0.00167758 0.000610162
 3.57879e-11 1.68329e-09 5.48237e-08 1.23641e-06 1.93084e-05 0.000208793 0.00156345 0.00810723 0.0291203 0.0725255 0.125744 0.154124 0.14113 0.112435 0.0952236 0.0836489 0.0643176 0.0419171 0.0261625 0.017585 0.012102 0.00758365 0.00404571 0.0017889 0.000646733
 3.74318e-11 1.76061e-09 5.7342e-08 1.29321e-06 2.01953e-05 0.000218384 0.00163525 0.00847931 0.0304534 0.0758122 0.131214 0.159761 0.14292 0.107171 0.0841089 0.0731418 0.0611467 0.0463578 0.0324002 0.0207317 0.0121109 0.00666502 0.00345873 0.00158943 0.000602383
 3.99287e-11 1.87805e-09 6.11669e-08 1.37947e-06 2.15424e-05 0.00023295 0.00174432 0.00904477 0.0324827 0.0808488 0.139827 0.169755 0.150253 0.10916 0.0809417 0.066603 0.0530826 0.0386133 0.0268898 0.0181357 0.0112968 0.00625425 0.00304316 0.00129514 0.000471954
 3.62809e-11 1.70648e-09 5.55789e-08 1.25345e-06 1.95744e-05 0.000211669 0.00158498 0.00821878 0.0295197 0.0735075 0.127359 0.155698 0.141294 0.110067 0.0908805 0.0800413 0.0642258 0.0451619 0.0297554 0.0191126 0.0116777 0.00654316 0.00324976 0.00138196 0.000488922
 3.78004e-11 1.77795e-09 5.79067e-08 1.30594e-06 2.03942e-05 0.000220534 0.00165135 0.00856281 0.0307532 0.0765583 0.132503 0.161319 0.144268 0.108033 0.0844027 0.072651 0.0596924 0.0444196 0.0309877 0.0202921 0.0121305 0.00655158 0.00317137 0.00133775 0.000472749
 3.5712e-11 1.67972e-09 5.47073e-08 1.23379e-06 1.92674e-05 0.00020835 0.00156012 0.00808991 0.0290569 0.0723556 0.125368 0.153284 0.139174 0.1086 0.0900348 0.0799287 0.0651784 0.0472104 0.0323448 0.0214472 0.0132496 0.00734046 0.00355889 0.00147703 0.000512105
 3.2856e-11 1.54539e-09 5.03323e-08 1.13512e-06 1.77266e-05 0.000191688 0.00143536 0.00744312 0.0267356 0.0665937 0.115509 0.141821 0.130676 0.106025 0.0930007 0.0862235 0.0728034 0.0548378 0.0388233 0.0260291 0.0160457 0.00891822 0.00438238 0.00184434 0.000642448
 3.8035e-11 1.78898e-09 5.8266e-08 1.31405e-06 2.05207e-05 0.000221902 0.00166159 0.00861585 0.0309428 0.0770207 0.133239 0.16191 0.143821 0.105678 0.0802619 0.0683172 0.0571709 0.0445433 0.0331635 0.023324 0.0149259 0.00850013 0.00423248 0.00179665 0.000631096
 3.50648e-11 1.64928e-09 5.3716e-08 1.21143e-06 1.89182e-05 0.000204574 0.00153185 0.00794337 0.0285313 0.0710539 0.123161 0.150812 0.137654 0.108885 0.0918616 0.082019 0.0662643 0.0471325 0.0319829 0.0216407 0.014076 0.00834312 0.00432006 0.00188739 0.000675438
 3.1348e-11 1.47446e-09 4.80221e-08 1.08302e-06 1.69129e-05 0.00018289 0.00136949 0.00710158 0.0255098 0.0635507 0.110301 0.135753 0.12614 0.104557 0.0944061 0.0893924 0.0767358 0.0588073 0.0421543 0.028347 0.0175328 0.00994094 0.00509716 0.00226833 0.000834921
 3.59269e-11 1.68983e-09 5.50367e-08 1.24122e-06 1.93834e-05 0.000209604 0.0015695 0.00813842 0.0292292 0.0727656 0.125948 0.153383 0.137331 0.103272 0.0816132 0.0719488 0.061922 0.049799 0.0383166 0.0276676 0.0180375 0.0104188 0.00527387 0.00229754 0.000837698
 3.52469e-11 1.65784e-09 5.39949e-08 1.21772e-06 1.90165e-05 0.000205636 0.0015398 0.00798452 0.0286781 0.0714105 0.123716 0.151198 0.137071 0.106535 0.0878834 0.077985 0.0641134 0.0475413 0.0341804 0.0244411 0.01661 0.0101806 0.0054082 0.00241431 0.000883492
 3.60109e-11 1.69378e-09 5.51653e-08 1.24412e-06 1.94287e-05 0.000210094 0.00157318 0.00815753 0.0292988 0.0729484 0.126329 0.154149 0.138975 0.106449 0.0861309 0.0759614 0.0630866 0.0474382 0.0338761 0.0232795 0.0150761 0.00904503 0.00488068 0.00225844 0.000855943
 3.34945e-11 1.57542e-09 5.13104e-08 1.15718e-06 1.8071e-05 0.000195413 0.00146325 0.0075877 0.0272544 0.06788 0.117701 0.144324 0.132377 0.106135 0.0915507 0.0838151 0.0701126 0.0524527 0.037284 0.0255728 0.016408 0.00961892 0.00505602 0.00231098 0.000882188
 3.67133e-11 1.72682e-09 5.62412e-08 1.26838e-06 1.98076e-05 0.000214191 0.00160385 0.00831654 0.0298688 0.0743574 0.128699 0.156712 0.140237 0.105251 0.0827256 0.072098 0.0607076 0.0471582 0.0349028 0.0244708 0.0157628 0.00918262 0.00476401 0.00214093 0.00080536
 3.77606e-11 1.77608e-09 5.78456e-08 1.30457e-06 2.03727e-05 0.000220302 0.00164961 0.00855378 0.0307209 0.0764791 0.132374 0.161197 0.144263 0.108199 0.0845373 0.0722241 0.0582993 0.042522 0.0298068 0.0205928 0.0134929 0.00803654 0.00421514 0.00189063 0.000704413
 3.56318e-11 1.67595e-09 5.45846e-08 1.23102e-06 1.92241e-05 0.000207882 0.00155662 0.00807175 0.0289917 0.0721935 0.125088 0.152948 0.13889 0.108428 0.0899767 0.0799813 0.0653121 0.047294 0.0322482 0.0212804 0.0132994 0.00769749 0.00401757 0.00181543 0.00068089
 3.30532e-11 1.55466e-09 5.06344e-08 1.14193e-06 1.7833e-05 0.000192839 0.00144398 0.00748777 0.0268957 0.0669901 0.11618 0.142566 0.131113 0.10587 0.092302 0.0853373 0.0721144 0.0544876 0.0387136 0.026009 0.0160549 0.00898469 0.00451562 0.00198629 0.000736069
 3.51445e-11 1.65303e-09 5.3838e-08 1.21418e-06 1.89612e-05 0.000205039 0.00153533 0.00796127 0.0285939 0.0711942 0.123296 0.150473 0.135752 0.104233 0.0848986 0.075932 0.064804 0.0509088 0.0381219 0.026945 0.0173214 0.00991218 0.00497376 0.00214387 0.000773862
 3.53138e-11 1.66099e-09 5.40973e-08 1.22003e-06 1.90526e-05 0.000206027 0.00154272 0.00799966 0.0287323 0.0715433 0.123932 0.151397 0.137047 0.106114 0.087166 0.0774365 0.0642177 0.048263 0.0349596 0.024785 0.0164986 0.00988734 0.00515788 0.00227174 0.000822505
 3.4029e-11 1.60056e-09 5.21291e-08 1.17564e-06 1.83594e-05 0.000198531 0.0014866 0.00770871 0.0276884 0.0689543 0.119519 0.146342 0.133557 0.105708 0.0896632 0.0814569 0.0683225 0.0515558 0.0370021 0.0256177 0.0166625 0.0099462 0.00529023 0.00240429 0.000896236
#pred catch len freq
 2.26024e-11 1.06311e-09 3.46248e-08 7.80875e-07 1.21945e-05 0.000131867 0.000987434 0.00512058 0.0183962 0.0458528 0.079746 0.0989147 0.0943892 0.0834939 0.0820692 0.0834999 0.0781157 0.0685628 0.0594445 0.0510688 0.0434805 0.0371045 0.0310152 0.0236098 0.0149833
 1.04746e-11 4.92676e-10 1.60462e-08 3.61881e-07 5.65134e-06 6.11128e-05 0.000457657 0.00237408 0.0085403 0.0213974 0.0379688 0.050644 0.059595 0.075296 0.0981526 0.11178 0.107542 0.0946404 0.0817949 0.0695593 0.0574877 0.0462682 0.0358081 0.0253618 0.0152646
 7.86674e-12 3.70014e-10 1.20511e-08 2.71783e-07 4.2443e-06 4.58969e-05 0.000343696 0.00178265 0.006409 0.0160207 0.0281793 0.0364574 0.0397135 0.0458672 0.0601458 0.078706 0.0970172 0.111267 0.114713 0.104979 0.0875912 0.0685369 0.0501975 0.0332334 0.0187895
 3.175e-11 1.49337e-09 4.8638e-08 1.09691e-06 1.71298e-05 0.000185234 0.00138701 0.00719173 0.0258236 0.0642347 0.11082 0.13325 0.113824 0.0741585 0.0453585 0.0352402 0.0366983 0.0444136 0.0546885 0.061961 0.0613438 0.0524252 0.0388392 0.0248233 0.0133158
 4.34679e-11 2.04452e-09 6.65888e-08 1.50174e-06 2.34519e-05 0.000253598 0.00189892 0.00984617 0.0353571 0.0879696 0.15191 0.183319 0.158668 0.107458 0.0692124 0.0490146 0.0343022 0.022002 0.0155464 0.0147573 0.0159914 0.0158425 0.0131088 0.00880128 0.00471703
 3.40542e-11 1.60175e-09 5.21679e-08 1.17652e-06 1.8373e-05 0.000198679 0.00148772 0.00771467 0.0277122 0.0690394 0.119839 0.147543 0.137202 0.113638 0.101232 0.0915499 0.0706455 0.0445211 0.0247401 0.013825 0.00901287 0.00723332 0.00604553 0.00434598 0.00245401
 3.13937e-11 1.47661e-09 4.80922e-08 1.0846e-06 1.69376e-05 0.000183157 0.00137148 0.00711194 0.0255471 0.0636447 0.110471 0.135997 0.126483 0.10512 0.0953823 0.0909432 0.0787426 0.0604786 0.0422147 0.0262615 0.014363 0.00746704 0.00422147 0.00256407 0.00141395
 3.29697e-11 1.55074e-09 5.05066e-08 1.13905e-06 1.77879e-05 0.000192351 0.00144033 0.00746878 0.0268267 0.0668107 0.115818 0.141878 0.129711 0.103212 0.0884817 0.0817586 0.0706765 0.055988 0.0423322 0.0300169 0.0189315 0.0103312 0.0049564 0.00220756 0.000942878
 3.72653e-11 1.75278e-09 5.7087e-08 1.28745e-06 2.01055e-05 0.000217412 0.00162797 0.00844159 0.0303177 0.0754736 0.130621 0.159002 0.142114 0.106244 0.0827831 0.0711572 0.0586787 0.0444929 0.0326694 0.0234301 0.0156892 0.00936405 0.00480733 0.00208298 0.000764468
 3.43222e-11 1.61435e-09 5.25784e-08 1.18577e-06 1.85176e-05 0.000200242 0.00149941 0.00777521 0.0279278 0.069558 0.120614 0.147908 0.135693 0.108772 0.0934715 0.0844502 0.0685654 0.0487762 0.0328486 0.0219199 0.0141566 0.00849421 0.0045326 0.0020542 0.000762727
 3.60631e-11 1.69623e-09 5.52453e-08 1.24592e-06 1.94568e-05 0.000210398 0.00157546 0.00816936 0.0293413 0.0730557 0.126524 0.154429 0.139364 0.10704 0.0869869 0.0769822 0.0640393 0.0480334 0.0338164 0.0224543 0.0137606 0.00775043 0.00397738 0.00179313 0.00067598
 3.52608e-11 1.6585e-09 5.40163e-08 1.2182e-06 1.9024e-05 0.000205718 0.00154041 0.00798774 0.0286901 0.0714463 0.123817 0.151502 0.137924 0.108391 0.0907634 0.0810639 0.0662162 0.0479764 0.0329197 0.0219395 0.013699 0.00773575 0.00386868 0.00167846 0.000614519
 3.40319e-11 1.6007e-09 5.21338e-08 1.17575e-06 1.8361e-05 0.000198549 0.00148673 0.00770944 0.0276914 0.0689671 0.119576 0.146573 0.13428 0.107322 0.092142 0.0839892 0.0698323 0.0515745 0.0357873 0.0236989 0.0145709 0.00814524 0.00405885 0.00174793 0.0006289
 3.47709e-11 1.63546e-09 5.32658e-08 1.20128e-06 1.87597e-05 0.00020286 0.00151901 0.00787676 0.0282914 0.0704524 0.122088 0.149357 0.135887 0.106671 0.089418 0.0805712 0.0672351 0.050407 0.0357429 0.0241643 0.0150561 0.00843939 0.00418071 0.00178405 0.000635734
 3.28887e-11 1.54693e-09 5.03824e-08 1.13625e-06 1.77442e-05 0.000191879 0.00143679 0.00745054 0.0267624 0.0666632 0.115648 0.142071 0.131155 0.106882 0.0941034 0.086927 0.0724186 0.0534685 0.0373693 0.0252353 0.0159173 0.00907582 0.00455585 0.00195443 0.000695087
 3.39895e-11 1.5987e-09 5.20687e-08 1.17428e-06 1.83381e-05 0.000198301 0.00148488 0.00769978 0.0276562 0.0688751 0.119386 0.146198 0.133488 0.105799 0.0899621 0.0819933 0.069084 0.0523798 0.0375483 0.0255991 0.0161068 0.00916802 0.0046278 0.00200593 0.000720213
 3.49412e-11 1.64347e-09 5.35267e-08 1.20716e-06 1.88516e-05 0.000203853 0.00152645 0.00791533 0.0284299 0.0707967 0.122681 0.150063 0.136465 0.106968 0.0893901 0.0801483 0.0663539 0.049265 0.0348217 0.0238213 0.0152194 0.00878943 0.00447236 0.00194719 0.000702662
 3.19948e-11 1.50488e-09 4.90131e-08 1.10537e-06 1.72619e-05 0.000186664 0.00139775 0.00724813 0.0260362 0.0648633 0.112585 0.138593 0.128854 0.106868 0.0961906 0.089905 0.0750393 0.0551925 0.0382883 0.0256638 0.0161593 0.00929677 0.00475901 0.00209264 0.000761908
 3.20866e-11 1.5092e-09 4.91536e-08 1.10854e-06 1.73114e-05 0.000187199 0.00140175 0.00726882 0.0261095 0.0650356 0.112815 0.138551 0.127793 0.104003 0.0917946 0.085986 0.0739564 0.057358 0.0419627 0.0288974 0.0181912 0.0103299 0.00522272 0.00228455 0.000833304
 3.36715e-11 1.58375e-09 5.15816e-08 1.16329e-06 1.81665e-05 0.000196445 0.00147098 0.00762773 0.0273974 0.0682298 0.118262 0.1448 0.13214 0.104589 0.0888037 0.0809956 0.0686107 0.0527893 0.0389421 0.0276427 0.0181323 0.0106421 0.00545802 0.00238599 0.000865357
 3.39853e-11 1.59851e-09 5.20623e-08 1.17413e-06 1.83358e-05 0.000198276 0.00148469 0.00769884 0.027653 0.0688682 0.119382 0.14623 0.133629 0.106106 0.0903084 0.0819663 0.0683022 0.0510536 0.0364767 0.0254063 0.0166946 0.00999979 0.00528098 0.00236959 0.000873117
 3.33289e-11 1.56763e-09 5.10568e-08 1.15146e-06 1.79817e-05 0.000194447 0.00145602 0.0075502 0.0271197 0.0675462 0.117131 0.143669 0.131916 0.10606 0.0918431 0.0843183 0.070652 0.0528861 0.037526 0.0256586 0.0164594 0.00969029 0.00510944 0.00232249 0.000872867
 3.38405e-11 1.59169e-09 5.18405e-08 1.16913e-06 1.82577e-05 0.000197432 0.00147837 0.00766604 0.0275352 0.0685753 0.118877 0.145625 0.133125 0.10583 0.0903143 0.0823603 0.0691816 0.0522221 0.0374075 0.025684 0.0163928 0.00951926 0.00493681 0.00221911 0.000832968
 3.5513e-11 1.67036e-09 5.44026e-08 1.22691e-06 1.916e-05 0.000207189 0.00155143 0.0080448 0.0288943 0.0719475 0.124636 0.15227 0.137883 0.106858 0.087891 0.0781218 0.0646759 0.0482298 0.0342399 0.0234721 0.0150336 0.00874723 0.00451783 0.00201156 0.000747209
 3.50551e-11 1.64883e-09 5.37012e-08 1.2111e-06 1.8913e-05 0.000204518 0.00153143 0.00794116 0.0285229 0.0710304 0.1231 0.150644 0.137208 0.107973 0.0906287 0.0811834 0.06659 0.0485145 0.0334477 0.0223873 0.0141326 0.00816811 0.00420922 0.00187057 0.000691924
 3.26437e-11 1.5354e-09 5.00071e-08 1.12779e-06 1.7612e-05 0.00019045 0.00142609 0.00739507 0.0265634 0.0661702 0.11481 0.141126 0.130553 0.106954 0.0948412 0.0880462 0.0735677 0.0543319 0.0377017 0.0250296 0.0154737 0.00873072 0.00441597 0.00194082 0.000713626
 3.28525e-11 1.54523e-09 5.0327e-08 1.135e-06 1.77247e-05 0.000191668 0.00143521 0.0074423 0.0267322 0.0665816 0.115463 0.141644 0.130134 0.104834 0.0912157 0.0845224 0.0720551 0.0553389 0.0401563 0.0275369 0.01727 0.00972567 0.00485176 0.00209327 0.000757004
 3.33749e-11 1.56979e-09 5.11272e-08 1.15305e-06 1.80065e-05 0.000194715 0.00145803 0.00756058 0.0271566 0.0676343 0.117258 0.143704 0.131566 0.10501 0.0901464 0.0826308 0.0698285 0.0532963 0.0388739 0.0272827 0.0177225 0.0103172 0.00524979 0.00227387 0.00081616
 3.28229e-11 1.54383e-09 5.02817e-08 1.13398e-06 1.77087e-05 0.000191495 0.00143392 0.00743561 0.0267084 0.0665247 0.11538 0.141616 0.130337 0.105426 0.0920536 0.0849963 0.0715332 0.0539289 0.0387517 0.0269542 0.0175691 0.0104072 0.00543606 0.00241535 0.000881969
#obs catch len freq
 2.1526e-11 1.01248e-09 3.29758e-08 7.43687e-07 1.16138e-05 0.000125587 0.000940408 0.00487672 0.0175202 0.0436694 0.0759505 0.0942172 0.0899493 0.079716 0.0787866 0.0811832 0.0779313 0.0713411 0.0651752 0.0589292 0.0516295 0.042879 0.0324673 0.0212703 0.0114296
 2.18416e-11 1.02732e-09 3.34593e-08 7.54592e-07 1.1784e-05 0.000127429 0.000954199 0.00494827 0.0177777 0.0443159 0.0771063 0.0957974 0.0919128 0.0823084 0.0820116 0.0841225 0.0792912 0.0706679 0.0630273 0.0560962 0.0486673 0.0401715 0.0302986 0.0197867 0.0105983
 7.49131e-16 3.53084e-14 1.1594e-12 2.69917e-11 4.73889e-10 7.37401e-09 1.22123e-07 2.0112e-06 2.68751e-05 0.000260982 0.00177855 0.00843397 0.0278362 0.0643472 0.106011 0.129788 0.128468 0.115538 0.102033 0.0888351 0.0751945 0.0608948 0.0453951 0.0294489 0.0157081
 1.01183e-11 4.75917e-10 1.55003e-08 3.49571e-07 5.45904e-06 5.90315e-05 0.000442016 0.0022918 0.00822818 0.020456 0.0352184 0.042031 0.0351223 0.0226442 0.0197067 0.0370118 0.0734602 0.11228 0.132577 0.129111 0.111564 0.0891068 0.065115 0.0415953 0.0219739
 5.09593e-11 2.39688e-09 7.80647e-08 1.76056e-06 2.74936e-05 0.000297303 0.00222615 0.0115424 0.0414415 0.103039 0.177461 0.211936 0.176239 0.103699 0.0457709 0.0180464 0.00899893 0.00817634 0.0117323 0.0165092 0.0188987 0.0174792 0.0134059 0.00858358 0.00448831
 3.03429e-11 1.42718e-09 4.64824e-08 1.0483e-06 1.63707e-05 0.000177027 0.00132561 0.00687447 0.0247002 0.0615943 0.107319 0.134017 0.130594 0.120031 0.119035 0.111005 0.0812418 0.043889 0.0187035 0.00896012 0.00757076 0.00797048 0.00717042 0.00505395 0.00275067
 3.74071e-11 1.75945e-09 5.7304e-08 1.29235e-06 2.01819e-05 0.000218239 0.00163416 0.0084736 0.0304319 0.0757486 0.131036 0.159226 0.141447 0.104137 0.080074 0.0706491 0.0628035 0.0515128 0.0372129 0.0222689 0.0110075 0.00534681 0.0032647 0.00221197 0.00127309
 2.45629e-11 1.15532e-09 3.7628e-08 8.48607e-07 1.32522e-05 0.000143306 0.0010731 0.0055652 0.0199986 0.0498966 0.0871181 0.109645 0.109582 0.106377 0.112671 0.113053 0.0948217 0.0686632 0.0478025 0.0329748 0.0208304 0.0112255 0.00522117 0.00230363 0.0010196
 4.18318e-11 1.96757e-09 6.40824e-08 1.44522e-06 2.25692e-05 0.000244053 0.00182744 0.00947552 0.0340258 0.0846522 0.146149 0.176225 0.152127 0.102509 0.0667879 0.0519442 0.045673 0.0401198 0.0329327 0.0240694 0.0154709 0.00881012 0.00438737 0.00186659 0.000678916
 3.39743e-11 1.59799e-09 5.20455e-08 1.17376e-06 1.83299e-05 0.000198213 0.00148422 0.00769654 0.0276469 0.0688729 0.119527 0.14705 0.136397 0.112257 0.0991917 0.0893294 0.0692848 0.0452902 0.0283187 0.0190578 0.0131229 0.00822488 0.00438802 0.00194029 0.00070147
 3.5731e-11 1.68062e-09 5.47366e-08 1.23445e-06 1.92777e-05 0.000208461 0.00156095 0.00809415 0.0290714 0.0723848 0.125371 0.153063 0.138277 0.106558 0.0872134 0.0780337 0.065925 0.0501492 0.0351005 0.0224759 0.0131344 0.00722944 0.00375189 0.00172419 0.000653465
 3.82643e-11 1.79977e-09 5.86173e-08 1.32197e-06 2.06444e-05 0.00022324 0.00167161 0.00866787 0.0311304 0.0774953 0.134112 0.163217 0.14576 0.108669 0.0841196 0.0714585 0.0576617 0.0421139 0.0293791 0.0198325 0.0123586 0.00684316 0.00332991 0.00141722 0.000516444
 3.46834e-11 1.63134e-09 5.31317e-08 1.19826e-06 1.87125e-05 0.000202349 0.00151519 0.00785703 0.0282218 0.0702894 0.121878 0.149442 0.137044 0.109735 0.0941401 0.0848995 0.0687004 0.048444 0.031962 0.0205463 0.0125584 0.00703763 0.00349552 0.00148649 0.000525909
 3.62333e-11 1.70424e-09 5.5506e-08 1.2518e-06 1.95487e-05 0.000211391 0.00158289 0.00820793 0.0294799 0.0734006 0.127121 0.155156 0.140017 0.107528 0.0873432 0.0772066 0.0640628 0.047823 0.0334074 0.0218919 0.0130909 0.0070712 0.00342307 0.00144395 0.000510284
 3.41004e-11 1.60392e-09 5.22386e-08 1.17811e-06 1.8398e-05 0.000198948 0.00148973 0.00772497 0.0277475 0.0691087 0.119835 0.146958 0.134842 0.108165 0.093174 0.0846925 0.0696447 0.0505867 0.0347047 0.0230292 0.0142316 0.00788553 0.00382333 0.00158681 0.00055017
 3.12804e-11 1.47128e-09 4.79185e-08 1.08068e-06 1.68765e-05 0.000182496 0.00136654 0.0070863 0.0254553 0.0634185 0.110096 0.13562 0.126385 0.105479 0.0958961 0.0907371 0.0771497 0.0582479 0.0412842 0.0276958 0.0170778 0.00949284 0.00466493 0.00196327 0.00068388
 3.65972e-11 1.72136e-09 5.60635e-08 1.26437e-06 1.9745e-05 0.000213514 0.00159879 0.00829025 0.0297745 0.0741228 0.128296 0.156232 0.139845 0.105043 0.0826973 0.0722369 0.0610458 0.0477078 0.0355621 0.0250246 0.0160178 0.00912271 0.00454262 0.00192832 0.000677349
 3.33036e-11 1.56644e-09 5.10179e-08 1.15058e-06 1.7968e-05 0.000194299 0.00145492 0.00754454 0.0271003 0.0675056 0.117115 0.143904 0.132934 0.10844 0.0953284 0.0872315 0.0710869 0.0507128 0.0344658 0.0233418 0.0151886 0.00900392 0.00466246 0.00203702 0.000728992
 2.96552e-11 1.39484e-09 4.54289e-08 1.02454e-06 1.59996e-05 0.000173014 0.00129554 0.00671824 0.0241344 0.0601392 0.104483 0.129081 0.121499 0.103902 0.0974176 0.0941574 0.0813876 0.0625215 0.0448701 0.0301927 0.0186798 0.0105926 0.00543154 0.00241717 0.000889712
 3.41578e-11 1.60662e-09 5.23265e-08 1.1801e-06 1.84289e-05 0.000199283 0.00149222 0.00773779 0.0277916 0.0691994 0.119862 0.146379 0.132379 0.102358 0.084411 0.0765831 0.0666085 0.0537502 0.0414157 0.0299253 0.0195149 0.0112735 0.00570677 0.00248619 0.000906486
 3.35462e-11 1.57785e-09 5.13896e-08 1.15897e-06 1.80989e-05 0.000195715 0.00146551 0.0075994 0.0272963 0.0679834 0.117873 0.144503 0.132433 0.105926 0.0909604 0.0827564 0.0686454 0.0510552 0.0367604 0.0263063 0.0178835 0.0109624 0.00582376 0.00259986 0.000951396
 3.42672e-11 1.61177e-09 5.24942e-08 1.18388e-06 1.84879e-05 0.000199921 0.00149701 0.00776267 0.027882 0.0694345 0.120337 0.14728 0.134207 0.105799 0.0892593 0.0808668 0.0678166 0.0511595 0.0365878 0.0251625 0.0163012 0.00978141 0.00527831 0.00244248 0.0009257
 3.17472e-11 1.49323e-09 4.86337e-08 1.09681e-06 1.71283e-05 0.000185219 0.00138693 0.00719201 0.0258346 0.0643589 0.111698 0.137446 0.127615 0.105519 0.0947381 0.088775 0.0748631 0.0561616 0.0399755 0.0274395 0.0176117 0.0103259 0.00542789 0.002481 0.000947095
 3.50814e-11 1.65006e-09 5.37414e-08 1.212e-06 1.89272e-05 0.000204671 0.00153257 0.00794699 0.0285428 0.0710684 0.123089 0.150269 0.135725 0.104534 0.0854952 0.0765497 0.0650999 0.0507321 0.0375986 0.0263781 0.0169961 0.0099022 0.00513755 0.00230883 0.000868526
 3.61351e-11 1.69962e-09 5.53556e-08 1.24841e-06 1.94957e-05 0.000210819 0.00157861 0.0081857 0.0294002 0.0732039 0.126792 0.154807 0.139862 0.107689 0.0875893 0.0769021 0.0627079 0.0458902 0.0322167 0.0222756 0.0146006 0.00869739 0.00456196 0.00204623 0.000762389
 3.39612e-11 1.59737e-09 5.20253e-08 1.1733e-06 1.83228e-05 0.000198136 0.00148364 0.00769343 0.0276343 0.0688274 0.119352 0.146389 0.134393 0.107965 0.0932127 0.0849041 0.0699349 0.0507884 0.0346797 0.022903 0.0143187 0.00828858 0.0043263 0.00195498 0.000733231
 3.13048e-11 1.47243e-09 4.7956e-08 1.08153e-06 1.68896e-05 0.000182638 0.0013676 0.00709182 0.0254751 0.0634667 0.110173 0.135682 0.126343 0.105244 0.0954857 0.0903182 0.0769255 0.0582791 0.0414625 0.0278759 0.0172129 0.00963403 0.00484223 0.00213 0.000789331
 3.34506e-11 1.57335e-09 5.12431e-08 1.15566e-06 1.80473e-05 0.000195157 0.00146133 0.00757767 0.0272175 0.0677799 0.117471 0.143781 0.131055 0.103459 0.0877279 0.0805117 0.0693514 0.0546462 0.0409748 0.0289802 0.0186349 0.010665 0.00535174 0.00230683 0.000832692
 3.35655e-11 1.57876e-09 5.14191e-08 1.15963e-06 1.81093e-05 0.000195827 0.00146635 0.00760375 0.0273117 0.0680201 0.117925 0.144509 0.132262 0.105453 0.0902819 0.082313 0.068899 0.0519432 0.0376814 0.0267356 0.017803 0.0106703 0.00556661 0.0024518 0.000887703
#spawning biomass
 22211.3 21600.1 16780.4 12301.8 13216.8 24811.1 35306.4 42009.2 52602 78076.2 100678 121380 150332 163956 168664 149201 139497 138578 133282 130682 134219 148838 149935 150946 170638 188724 191019 207004 213226 241984 277326 189682 118958 74944.8 50488.5 37778.9 31445.9 28375.5 26913.9 26226.6 25906.1 25757.6 25689 25657.4 25642.9 25636.2 25633.2 25631.8 25631.2 25630.9 25630.7 25630.7 25630.6 25630.6 25630.6 25630.6 25630.6 25630.6 25630.6 25630.6 25630.6 25630.6 25630.6 25630.6 25630.6 25630.6 25630.6 25630.6 25630.6 25630.6 25630.6 25630.6 25630.6 25630.6 25630.6 25630.6 25630.6 25630.6 25630.6 25630.6 25630.6 25630.6 25630.6 25630.6 25630.6 25630.6 25630.6 25630.6 25630.6 25630.6 25630.6 25630.6 25630.6 25630.6 25630.6 25630.6 25630.6 25630.6 25630.6 25630.6 25630.6 25630.6 25630.6 25630.6 25630.6 25630.6 25630.6 25630.6 25630.6 25630.6 25630.6 25630.6 25630.6 25630.6 25630.6 25630.6 25630.6 25630.6 25630.6 25630.6 25630.6 25630.6 25630.6 25630.6 25630.6 25630.6 25630.6 25630.6 25630.6 0 0 0 0 0 0 0 0 0 0 0 0 0 0 0 0 0 0 0 0 0 0 0 0 0
