SBPRF35
0.256306
Curr Bio
113692
B35
188585
F35
0.513588
FOFL
0.335901
OFL
34767.4
Bzero
73230.3
#pred survey bio
 43283.8 36985.2 40436.1 47115.7 47107.9 49740 55447.6 61647.9 66360.5 71697.4 77136.8 87879.2 87408.3 88626.6 94483.9 111571 118922 121856 127957 141099 137239 161209 150635 162239 190170 221634 193587 200160 7.46736e+06 4.63064e+06 3.33668e+06 2.20378e+06 1.51753e+06 1.14894e+06 959952 863759 813856 787009 771902 763008 757561 754118 751890 750423 749453 748808 748375 748085 747889 747757 747668 747608 747567 747540 747521 747509 747500 747494 747491 747488 747486 747485 747484 747484 747483 747483 747483 747483 747483 747482 747482 747482 747482 747482 747482 747482 747482 747482 747482 747482 747482 747482 747482 747482 747482 747482 747482 747482 747482 747482 747482 747482 747482 747482 747482 747482 747482 747482 747482 747482 747482 747482 747482 747482 747482 747482 747482 747482 747482 747482 747482 747482 747482 747482 747482 747482 747482 747482 747482 747482 747482 747482 747482 747482 747482 747482 747482 747482 0 0 0 0 0 0 0 0 0 0 0 0 0 0 0 0 0 0 0 0 0 0 0 0 0
#obs survey bio
 38420.2 37670.3 39888.9 38950.7 54943.3 51445.2 46205.7 50767.4 52852.3 77618.2 84569.2 75224.7 70948.5 138096 113486 113796 124433 92358.9 152758 120670 180688 172767 149591 204788 222223 229526 170916 262475
#pred catch bio
 26420.9 21175.7 22107.9 28371.1 27566.6 28257.8 31123.3 35955.7 39021.7 41814.7 41784.7 52551.9 52969.2 51246 50548.9 66757.5 71983.1 71449.1 67914.5 86602.6 70752.6 96562.1 84268.4 85134.3 99730.8 137660 109099 106003 34767.4 65460.8 47857.7 29541.9 18849.9 13504.6 11026.2 9928.04 9455.41 9255.9 9172.76 9138.43 9124.33 9118.57 9116.22 9115.27 9114.88 9114.72 9114.66 9114.63 9114.62 9114.62 9114.62 9114.62 9114.61 9114.61 9114.61 9114.61 9114.61 9114.61 9114.61 9114.61 9114.61 9114.61 9114.61 9114.61 9114.61 9114.61 9114.61 9114.61 9114.61 9114.61 9114.61 9114.61 9114.61 9114.61 9114.61 9114.61 9114.61 9114.61 9114.61 9114.61 9114.61 9114.61 9114.61 9114.61 9114.61 9114.61 9114.61 9114.61 9114.61 9114.61 9114.61 9114.61 9114.61 9114.61 9114.61 9114.61 9114.61 9114.61 9114.61 9114.61 9114.61 9114.61 9114.61 9114.61 9114.61 9114.61 9114.61 9114.61 9114.61 9114.61 9114.61 9114.61 9114.61 9114.61 9114.61 9114.61 9114.61 9114.61 9114.61 9114.61 9114.61 9114.61 9114.61 9114.61 9114.61 9114.61 9114.61 9114.61 0 0 0 0 0 0 0 0 0 0 0 0 0 0 0 0 0 0 0 0 0 0 0 0 0
#obs catch bio
 19883.1 21621 21704.8 30178.4 25997.8 27047.3 30888.2 37030.3 40661.4 41389 40203.7 50738.2 54664.4 48523.3 48194.9 67295.5 78716 75553.4 63767.9 85464.5 70832.6 90884.7 84170.3 82322 97156.3 137718 109773 106222
#pred cpue bio
 32930.3 23257.4 25201.6 29470.7 29408 31010.7 34510.1 38684.4 41140.7 44246.4 47946.6 55734.5 54804.5 54783.5 59224.3 70188.5 72793.6 75366.5 79939.1 91537.6 84895.9 103733 96344.4 102795 120979 141259 123958 128194 4.8973e+06 4.07615e+06 3.16576e+06 2.06608e+06 1.38185e+06 1.01338e+06 824397 728204 678302 651455 636348 627454 622006 618564 616336 614868 613899 613253 612821 612530 612335 612203 612114 612054 612013 611985 611967 611954 611946 611940 611936 611933 611932 611930 611930 611929 611929 611928 611928 611928 611928 611928 611928 611928 611928 611928 611928 611928 611928 611928 611928 611928 611928 611928 611928 611928 611928 611928 611928 611928 611928 611928 611928 611928 611928 611928 611928 611928 611928 611928 611928 611928 611928 611928 611928 611928 611928 611928 611928 611928 611928 611928 611928 611928 611928 611928 611928 611928 611928 611928 611928 611928 611928 611928 611928 611928 611928 611928 611928 611928 0 0 0 0 0 0 0 0 0 0 0 0 0 0 0 0 0 0 0 0 0 0 0 0 0
#obs cpue bio
 39570.1 22797.1 28080.8 25743.9 39856.3 33848.7 38012.8 40176.8 43276.7 48322.1 51413 76361.8 52225.8 54137.3 52614.7 64494.7 41547.1 86662.5 102849 109476 55736 154759 82920.1 97562.4 111986 143632 121063 102654
#pred surv len freq
 3.62873e-11 1.70678e-09 5.55887e-08 1.25366e-06 1.95778e-05 0.000211706 0.00158524 0.00821996 0.0295209 0.0734827 0.127124 0.154505 0.137321 0.101024 0.0767133 0.064847 0.0534492 0.0411559 0.031514 0.0249262 0.0205431 0.0177748 0.0155135 0.0123837 0.00816356
 4.33253e-11 2.03781e-09 6.63703e-08 1.49682e-06 2.33749e-05 0.000252767 0.0018927 0.00981407 0.0352442 0.0877109 0.151616 0.183688 0.161339 0.114401 0.0806566 0.0620758 0.0449148 0.0276664 0.0153804 0.00869216 0.00533915 0.00361574 0.00263233 0.00187824 0.00116502
 4.20746e-11 1.97899e-09 6.44544e-08 1.45361e-06 2.27002e-05 0.00024547 0.00183807 0.00953095 0.0342293 0.0852038 0.147409 0.17919 0.159316 0.117073 0.087685 0.0703487 0.0508843 0.0299776 0.0148851 0.00678173 0.00297611 0.0012999 0.000611753 0.000320993 0.000168455
 4.20626e-11 1.97842e-09 6.4436e-08 1.45319e-06 2.26937e-05 0.0002454 0.00183754 0.00952821 0.0342192 0.0851763 0.147345 0.179036 0.158941 0.116323 0.0866657 0.0696234 0.0510805 0.0310851 0.0162081 0.00764913 0.00324702 0.00120229 0.000395464 0.000125184 4.14159e-05
 4.19139e-11 1.97143e-09 6.42082e-08 1.44805e-06 2.26134e-05 0.000244532 0.00183105 0.00949455 0.0340987 0.0848797 0.146856 0.178553 0.158866 0.116997 0.0879797 0.0708982 0.0515695 0.0306801 0.015445 0.00706212 0.00296329 0.00109504 0.000346606 9.3788e-05 2.20442e-05
 4.20919e-11 1.9798e-09 6.44808e-08 1.4542e-06 2.27095e-05 0.000245571 0.00183882 0.00953484 0.0342431 0.0852368 0.147457 0.179204 0.15919 0.116706 0.0871479 0.0699814 0.0510524 0.030663 0.0156607 0.00723705 0.00302756 0.00110075 0.000340502 8.93849e-05 1.97465e-05
 4.22574e-11 1.98759e-09 6.47344e-08 1.45992e-06 2.27988e-05 0.000246536 0.00184605 0.00957232 0.0343775 0.0855695 0.148019 0.179826 0.159545 0.116551 0.0865303 0.0692244 0.0505051 0.0304456 0.0156707 0.00732529 0.00310561 0.00114398 0.000357133 9.37722e-05 2.04607e-05
 4.17633e-11 1.96435e-09 6.39775e-08 1.44285e-06 2.25322e-05 0.000243654 0.00182447 0.00946044 0.0339762 0.0845749 0.146329 0.177914 0.158306 0.116615 0.0877855 0.0709532 0.0519704 0.0313669 0.0161606 0.00757153 0.00322557 0.00119793 0.000378261 0.000100596 2.21906e-05
 4.24778e-11 1.99795e-09 6.5072e-08 1.46754e-06 2.29177e-05 0.000247822 0.00185568 0.00962223 0.0345566 0.0860134 0.148775 0.180684 0.160117 0.116562 0.0860253 0.0684917 0.0498393 0.0299745 0.0153852 0.00717778 0.00304665 0.00112876 0.000356272 9.49958e-05 2.10812e-05
 4.2611e-11 2.00422e-09 6.52761e-08 1.47214e-06 2.29896e-05 0.0002486 0.0018615 0.00965241 0.034665 0.086283 0.14924 0.181245 0.160596 0.116866 0.0861495 0.0684107 0.0494971 0.0294194 0.0148071 0.0067551 0.00281803 0.00103264 0.00032353 8.58145e-05 1.89868e-05
 4.21708e-11 1.98351e-09 6.46018e-08 1.45693e-06 2.27521e-05 0.000246032 0.00184227 0.00955273 0.0343074 0.0853969 0.147734 0.179544 0.159499 0.11694 0.0872991 0.0699949 0.0508507 0.0302738 0.0152403 0.00693174 0.00286716 0.0010357 0.000318737 8.30859e-05 1.81338e-05
 4.11953e-11 1.93763e-09 6.31073e-08 1.42323e-06 2.22257e-05 0.00024034 0.00179966 0.00933181 0.0335147 0.0834303 0.144378 0.175679 0.156762 0.116431 0.0888646 0.0726613 0.0536722 0.0327396 0.0171115 0.00811157 0.00345925 0.00127095 0.000393895 0.000102584 2.22197e-05
 4.18115e-11 1.96661e-09 6.40514e-08 1.44452e-06 2.25582e-05 0.000243935 0.00182657 0.00947136 0.0340154 0.084672 0.146494 0.178102 0.158433 0.116622 0.0876802 0.0707912 0.0518107 0.0312437 0.0160871 0.00754447 0.00322578 0.00120468 0.000382307 0.000101854 2.24123e-05
 4.25303e-11 2.00042e-09 6.51524e-08 1.46935e-06 2.2946e-05 0.000248129 0.00185797 0.00963412 0.0345994 0.0861203 0.148963 0.180927 0.160377 0.11684 0.0863028 0.0686515 0.0497341 0.0296081 0.0149381 0.00683274 0.00285608 0.00104842 0.00032934 8.7693e-05 1.9477e-05
 4.1691e-11 1.96094e-09 6.38667e-08 1.44035e-06 2.24932e-05 0.000243232 0.00182131 0.00944407 0.0339176 0.0844306 0.146091 0.177677 0.158265 0.116935 0.0884229 0.0715995 0.0522754 0.0312475 0.0158167 0.00724024 0.00301166 0.00109281 0.000337646 8.83347e-05 1.93444e-05
 4.18307e-11 1.96751e-09 6.40807e-08 1.44518e-06 2.25685e-05 0.000244047 0.00182741 0.00947567 0.0340307 0.0847081 0.146543 0.178098 0.158225 0.116059 0.0868278 0.0700742 0.0517093 0.0317975 0.0168692 0.00813147 0.00351425 0.00130402 0.000407556 0.000106938 2.33079e-05
 4.31557e-11 2.02984e-09 6.61105e-08 1.49096e-06 2.32834e-05 0.000251777 0.00188529 0.00977574 0.0351073 0.0873788 0.151099 0.183333 0.161898 0.116651 0.0845478 0.0662962 0.0477894 0.0284669 0.0144387 0.00668238 0.00284638 0.00106984 0.000343692 9.27886e-05 2.06547e-05
 4.22852e-11 1.98889e-09 6.47769e-08 1.46088e-06 2.28138e-05 0.000246699 0.00184726 0.00957863 0.0344005 0.085629 0.148139 0.180048 0.159986 0.117365 0.0876405 0.0701139 0.0505664 0.0296195 0.0145049 0.00639319 0.00258843 0.000929027 0.000287621 7.60871e-05 1.69253e-05
 4.18868e-11 1.97015e-09 6.41666e-08 1.44712e-06 2.25988e-05 0.000244374 0.00182986 0.0094884 0.0340766 0.0848247 0.14676 0.178433 0.158751 0.1169 0.0879177 0.0709253 0.0517369 0.0309394 0.0156545 0.0071289 0.00292409 0.00103575 0.000310039 7.85099e-05 1.67433e-05
 3.98114e-11 1.87254e-09 6.09873e-08 1.37542e-06 2.14791e-05 0.000232266 0.0017392 0.00901843 0.0323904 0.0806433 0.139635 0.170286 0.153168 0.116342 0.0919991 0.0772004 0.0577694 0.0356207 0.0188811 0.00908772 0.00392185 0.00145097 0.000450126 0.000116412 2.48303e-05
 4.27774e-11 2.01205e-09 6.5531e-08 1.47789e-06 2.30793e-05 0.00024957 0.00186877 0.00969006 0.0347998 0.0866149 0.149789 0.181791 0.160697 0.116144 0.0847088 0.0669607 0.048837 0.029724 0.0155961 0.00748043 0.00326058 0.00123651 0.000397558 0.000107005 2.36784e-05
 4.02863e-11 1.89487e-09 6.17148e-08 1.39182e-06 2.17353e-05 0.000235037 0.00175995 0.00912597 0.0327762 0.0816003 0.141267 0.172158 0.15447 0.11652 0.0911242 0.0757729 0.0562936 0.0343838 0.0180191 0.00863191 0.00376988 0.00144026 0.000469912 0.000129396 2.9501e-05
 4.07026e-11 1.91446e-09 6.23526e-08 1.40621e-06 2.19599e-05 0.000237466 0.00177813 0.00922024 0.0331144 0.0824381 0.14269 0.173761 0.155489 0.116409 0.0899875 0.074259 0.0550708 0.0336841 0.0176918 0.00847269 0.00368033 0.00139238 0.000449682 0.00012315 2.81542e-05
 4.14607e-11 1.95011e-09 6.35139e-08 1.4324e-06 2.23689e-05 0.000241888 0.00181125 0.00939189 0.03373 0.0839626 0.145273 0.176646 0.157233 0.115962 0.0875517 0.0711648 0.0527216 0.0325569 0.017407 0.00850655 0.00375551 0.00143663 0.000466911 0.000128037 2.91945e-05
 4.12568e-11 1.94052e-09 6.32015e-08 1.42535e-06 2.22589e-05 0.000240699 0.00180234 0.00934572 0.0335644 0.0835518 0.144573 0.175844 0.156678 0.115893 0.0879251 0.0717374 0.0532588 0.0329714 0.0177189 0.00874208 0.00391751 0.00152883 0.000508117 0.000142174 3.2893e-05
 4.11835e-11 1.93708e-09 6.30893e-08 1.42282e-06 2.22194e-05 0.000240272 0.00179914 0.00932913 0.0335048 0.0834039 0.144319 0.175546 0.156449 0.115801 0.0879627 0.0718653 0.0534466 0.0331895 0.0179229 0.00889371 0.00400981 0.00157725 0.000530349 0.000150766 3.55355e-05
 4.03405e-11 1.89743e-09 6.1798e-08 1.3937e-06 2.17646e-05 0.000235354 0.00176232 0.00913828 0.0328206 0.0817124 0.141472 0.17246 0.154904 0.117167 0.0919276 0.076358 0.0562184 0.0336307 0.0170415 0.00788557 0.00337804 0.00128983 0.000426701 0.000120438 2.84066e-05
 4.07978e-11 1.91893e-09 6.24985e-08 1.4095e-06 2.20113e-05 0.000238021 0.00178229 0.00924179 0.0331915 0.0826277 0.143001 0.174063 0.155512 0.115926 0.0890738 0.0733918 0.0547738 0.0340256 0.0182772 0.00891053 0.0038786 0.00144911 0.000459732 0.000124381 2.84427e-05
#obs surv len freq
 4.24351e-11 1.99595e-09 6.50066e-08 1.46606e-06 2.28947e-05 0.000247573 0.00185381 0.0096125 0.0345212 0.0859189 0.14857 0.180241 0.159108 0.114576 0.0832346 0.0661554 0.0494521 0.0317474 0.0180955 0.00948971 0.00446355 0.00181777 0.000634733 0.000189019 4.71361e-05
 4.17454e-11 1.9635e-09 6.395e-08 1.44223e-06 2.25226e-05 0.00024355 0.00182369 0.00945638 0.0339618 0.0845385 0.146265 0.177833 0.158221 0.116519 0.0876485 0.0707423 0.0516985 0.0311489 0.0161659 0.00784322 0.00360872 0.00150471 0.000544961 0.000166497 4.18854e-05
 4.15416e-11 1.95392e-09 6.36378e-08 1.43519e-06 2.24126e-05 0.000242361 0.00181478 0.00941022 0.0337961 0.0841272 0.145561 0.177012 0.157607 0.116328 0.087884 0.071314 0.0525012 0.0319893 0.0167601 0.00804535 0.0035442 0.00138687 0.000475476 0.000141701 3.57857e-05
 4.18987e-11 1.97071e-09 6.41848e-08 1.44753e-06 2.26053e-05 0.000244444 0.00183038 0.00949109 0.0340863 0.0848469 0.146788 0.178421 0.158591 0.116475 0.0872522 0.0702823 0.0514478 0.0311172 0.0161441 0.00768577 0.00336963 0.00130744 0.000438098 0.000125491 3.02824e-05
 4.20939e-11 1.9799e-09 6.44839e-08 1.45428e-06 2.27106e-05 0.000245583 0.00183891 0.00953529 0.0342448 0.0852399 0.147456 0.179176 0.159079 0.116445 0.0867512 0.0696014 0.0508838 0.0307744 0.0159627 0.00758437 0.0033097 0.00127538 0.000423736 0.000119999 2.84516e-05
 4.34534e-11 2.04384e-09 6.65664e-08 1.50124e-06 2.3444e-05 0.000253514 0.00189829 0.00984313 0.0353492 0.0879767 0.152108 0.184442 0.162507 0.116306 0.0833452 0.0648697 0.0468211 0.0281629 0.0145458 0.00688433 0.00299594 0.00115188 0.000381468 0.000107464 2.52854e-05
 4.12965e-11 1.94239e-09 6.32624e-08 1.42673e-06 2.22804e-05 0.000240931 0.00180408 0.00935474 0.0335973 0.0836366 0.144741 0.176152 0.157279 0.116992 0.0894213 0.0729395 0.053352 0.031872 0.0161541 0.0074774 0.00320122 0.00121972 0.00040195 0.000112851 2.64655e-05
 4.15619e-11 1.95487e-09 6.36689e-08 1.4359e-06 2.24236e-05 0.000242479 0.00181567 0.00941482 0.0338125 0.0841673 0.145625 0.177066 0.157578 0.116152 0.0875888 0.0710609 0.0524674 0.0321862 0.0170254 0.00821892 0.00359252 0.00136633 0.000444214 0.000122875 2.84977e-05
 4.23499e-11 1.99193e-09 6.4876e-08 1.46312e-06 2.28487e-05 0.000247076 0.00185009 0.00959325 0.0344528 0.0857554 0.148334 0.180177 0.159754 0.116483 0.0861975 0.0687683 0.0500921 0.0301826 0.0155961 0.0074078 0.00325178 0.0012644 0.000422101 0.000118833 2.76694e-05
 4.20665e-11 1.9786e-09 6.44419e-08 1.45333e-06 2.26958e-05 0.000245423 0.00183771 0.00952909 0.0342227 0.0851858 0.14737 0.179107 0.159132 0.116717 0.0872097 0.0700259 0.0510216 0.030582 0.0156215 0.00729295 0.00313976 0.00120015 0.000397006 0.000112096 2.64402e-05
 4.21764e-11 1.98377e-09 6.46102e-08 1.45712e-06 2.27551e-05 0.000246064 0.00184251 0.00955396 0.0343118 0.0854056 0.147737 0.179489 0.159266 0.116391 0.0864833 0.0692755 0.0506609 0.0306944 0.0159555 0.00757751 0.00328647 0.0012509 0.000408767 0.000113729 2.65126e-05
 4.18214e-11 1.96708e-09 6.40665e-08 1.44486e-06 2.25636e-05 0.000243993 0.00182701 0.00947359 0.0340235 0.0846912 0.146523 0.178116 0.158379 0.116445 0.0873922 0.0705122 0.0516868 0.0313194 0.0162877 0.0077646 0.00339797 0.00130991 0.000433204 0.000121259 2.82147e-05
 4.16516e-11 1.95909e-09 6.38062e-08 1.43899e-06 2.24719e-05 0.000243002 0.00181959 0.00943514 0.0338856 0.0843507 0.145951 0.177505 0.158102 0.116797 0.0883021 0.0715102 0.0522584 0.0313341 0.0160007 0.00747321 0.00322297 0.0012343 0.000408239 0.000114857 2.69272e-05
 4.28497e-11 2.01544e-09 6.56417e-08 1.48039e-06 2.31183e-05 0.000249992 0.00187192 0.00970642 0.0348587 0.0867608 0.150039 0.182085 0.160925 0.116239 0.0846758 0.0668322 0.0486359 0.0294813 0.0153687 0.0073214 0.00318094 0.00121139 0.000395959 0.000110202 2.56858e-05
 4.02284e-11 1.89215e-09 6.16261e-08 1.38983e-06 2.17041e-05 0.0002347 0.00175742 0.00911287 0.0327295 0.0814849 0.141076 0.17197 0.154441 0.116783 0.0916343 0.0762616 0.0564669 0.0342032 0.0177037 0.00839893 0.00366931 0.00141657 0.000469798 0.000131836 3.07254e-05
 4.32195e-11 2.03284e-09 6.62081e-08 1.49316e-06 2.33178e-05 0.000252149 0.00188807 0.00979014 0.0351589 0.0875037 0.151294 0.183469 0.161701 0.115856 0.0832473 0.0651171 0.0474481 0.0290724 0.0154507 0.00752691 0.00333369 0.00128984 0.000427526 0.00012034 2.82477e-05
 4.04624e-11 1.90316e-09 6.19846e-08 1.39791e-06 2.18304e-05 0.000236065 0.00176764 0.00916588 0.0329198 0.0819585 0.141894 0.172956 0.15529 0.117326 0.0918621 0.0761131 0.055831 0.0331777 0.0166567 0.00766353 0.00329938 0.00127823 0.000429803 0.000122621 2.90143e-05
 4.2936e-11 2.0195e-09 6.57739e-08 1.48337e-06 2.31649e-05 0.000250496 0.00187569 0.00972597 0.0349287 0.0869328 0.150322 0.18236 0.160951 0.115809 0.0838573 0.0660457 0.0483464 0.0297577 0.0158757 0.00771851 0.00337785 0.0012811 0.000416039 0.000115686 2.71425e-05
 3.9785e-11 1.8713e-09 6.09469e-08 1.37451e-06 2.14649e-05 0.000232113 0.00173805 0.00901247 0.0323694 0.080593 0.139564 0.170277 0.153403 0.117003 0.0929895 0.0779864 0.0577662 0.0348302 0.0179044 0.00846829 0.0037227 0.00145652 0.00048961 0.000138493 3.23419e-05
 4.1506e-11 1.95224e-09 6.35833e-08 1.43396e-06 2.23934e-05 0.000242153 0.00181323 0.00940214 0.0337669 0.0840525 0.145418 0.176776 0.157199 0.115631 0.0869652 0.0706082 0.0525173 0.0327608 0.0177954 0.00884193 0.00395838 0.00153759 0.000511416 0.000144945 3.43535e-05
 4.20454e-11 1.97761e-09 6.44095e-08 1.4526e-06 2.26844e-05 0.0002453 0.00183679 0.00952429 0.0342053 0.0851406 0.147279 0.178938 0.158794 0.116089 0.0863355 0.0692757 0.0508507 0.0310846 0.016468 0.00807952 0.00366656 0.00147266 0.000507378 0.00014707 3.51528e-05
 3.95709e-11 1.86123e-09 6.06189e-08 1.36711e-06 2.13494e-05 0.000230864 0.0017287 0.00896398 0.0321952 0.0801601 0.138818 0.169385 0.15266 0.116577 0.0928823 0.0782009 0.0583426 0.0356729 0.0187354 0.00905059 0.00403166 0.00159469 0.000547107 0.00016032 3.91567e-05
 4.21594e-11 1.98297e-09 6.45842e-08 1.45654e-06 2.27459e-05 0.000245965 0.00184177 0.00955008 0.0342975 0.0853667 0.147646 0.179271 0.158729 0.115304 0.0849443 0.0679892 0.0504582 0.0316847 0.0174482 0.00882818 0.00403184 0.00159959 0.000543511 0.000157242 3.80863e-05
 3.94379e-11 1.85497e-09 6.04152e-08 1.36252e-06 2.12776e-05 0.000230088 0.00172289 0.00893386 0.0320871 0.0798912 0.138355 0.16883 0.152196 0.116302 0.0927809 0.0782501 0.0585626 0.0360654 0.0192271 0.00951882 0.00437585 0.00178792 0.000628852 0.000186393 4.55599e-05
 4.20972e-11 1.98005e-09 6.4489e-08 1.45439e-06 2.27124e-05 0.000245602 0.00183905 0.00953601 0.0342471 0.0852422 0.147437 0.179047 0.158629 0.115433 0.0852723 0.0683355 0.0506289 0.031644 0.0173173 0.00873341 0.00400661 0.00161244 0.000560747 0.000166796 4.14592e-05
 4.12963e-11 1.94238e-09 6.32621e-08 1.42672e-06 2.22803e-05 0.00024093 0.00180407 0.00935469 0.0335969 0.0836343 0.144728 0.176091 0.157082 0.116554 0.0887711 0.0723437 0.0531412 0.032136 0.0166964 0.00803298 0.00361244 0.00145721 0.000510436 0.000152048 3.76711e-05
 3.87659e-11 1.82336e-09 5.93857e-08 1.3393e-06 2.09151e-05 0.000226167 0.00169354 0.00878168 0.0315412 0.0785379 0.136052 0.166215 0.150463 0.116293 0.0943772 0.0805873 0.0607358 0.0376212 0.0201021 0.00984268 0.00439024 0.00172061 0.000583721 0.000170277 4.186e-05
 4.10437e-11 1.9305e-09 6.28751e-08 1.41799e-06 2.2144e-05 0.000239456 0.00179303 0.00929742 0.0333909 0.0831178 0.143809 0.174857 0.155616 0.114756 0.0867731 0.0710392 0.0536115 0.0343854 0.0195068 0.0101832 0.00477065 0.00192884 0.000663285 0.000192648 4.6562e-05
#pred catch len freq
 2.95452e-11 1.38966e-09 4.52605e-08 1.02074e-06 1.59403e-05 0.000172372 0.00129073 0.0066931 0.0240416 0.059885 0.103882 0.12759 0.117711 0.095843 0.0845971 0.0791779 0.068212 0.0538734 0.0420689 0.0336798 0.0279129 0.0242042 0.0211406 0.016879 0.0111276
 3.80281e-11 1.78866e-09 5.82555e-08 1.31381e-06 2.0517e-05 0.000221863 0.0016613 0.00861455 0.0309407 0.077043 0.133462 0.163048 0.147588 0.114053 0.0925387 0.0790356 0.0597389 0.0375734 0.0212903 0.0122481 0.00760631 0.00517499 0.0037733 0.00269352 0.00167089
 3.63395e-11 1.70923e-09 5.56687e-08 1.25547e-06 1.96059e-05 0.000212011 0.00158755 0.00823228 0.0295705 0.0736584 0.127786 0.156991 0.144913 0.117787 0.102229 0.0904281 0.0679688 0.0407662 0.0205892 0.00955067 0.0042485 0.00186992 0.00088334 0.000464216 0.000243731
 3.69487e-11 1.73789e-09 5.66019e-08 1.27651e-06 1.99346e-05 0.000215565 0.00161415 0.00837019 0.0300649 0.0748803 0.12984 0.159206 0.145979 0.116701 0.0992753 0.0872712 0.0663839 0.0410962 0.0217586 0.0104164 0.00446471 0.00166182 0.000548188 0.000173838 5.75702e-05
 3.65904e-11 1.72104e-09 5.60531e-08 1.26414e-06 1.97413e-05 0.000213475 0.00159851 0.0082891 0.0297743 0.074163 0.128641 0.157944 0.145484 0.117633 0.101452 0.0895467 0.0675142 0.0408449 0.0208846 0.00970043 0.00411641 0.00153038 0.000485867 0.000131689 3.09824e-05
 3.6596e-11 1.7213e-09 5.60617e-08 1.26433e-06 1.97444e-05 0.000213508 0.00159875 0.00829036 0.0297787 0.0741727 0.128648 0.157912 0.145324 0.117253 0.100902 0.0891147 0.0675204 0.0412891 0.0214385 0.0100675 0.00425917 0.0015579 0.000483421 0.000127128 2.8114e-05
 3.67143e-11 1.72686e-09 5.62428e-08 1.26842e-06 1.98082e-05 0.000214198 0.00160392 0.00831713 0.0298746 0.0744099 0.129047 0.158343 0.145536 0.117049 0.100322 0.0884507 0.0670934 0.041202 0.0215701 0.010249 0.00439439 0.00162844 0.000509934 0.000134125 2.9295e-05
 3.63664e-11 1.7105e-09 5.571e-08 1.2564e-06 1.96205e-05 0.000212169 0.00158872 0.00823837 0.0295921 0.0737097 0.127857 0.156998 0.144666 0.117099 0.101212 0.0896685 0.0681145 0.0418325 0.0219014 0.0104217 0.00448754 0.00167611 0.000530783 0.000141386 3.12174e-05
 3.72995e-11 1.75439e-09 5.71394e-08 1.28864e-06 2.01239e-05 0.000217612 0.00162948 0.00844966 0.0303501 0.0755884 0.131052 0.16062 0.147043 0.117058 0.0989533 0.0864871 0.0653364 0.0399883 0.0208505 0.00987646 0.00423647 0.0015784 0.000499614 0.000133428 2.9637e-05
 3.7421e-11 1.7601e-09 5.73255e-08 1.29283e-06 2.01895e-05 0.000218321 0.00163479 0.00847718 0.030449 0.0758349 0.131481 0.161153 0.147551 0.117489 0.09929 0.0866003 0.0650523 0.039337 0.0201096 0.00931802 0.00393075 0.00144907 0.000455377 0.000120987 2.67941e-05
 3.64018e-11 1.71217e-09 5.57642e-08 1.25762e-06 1.96396e-05 0.000212375 0.00159027 0.0082464 0.0296211 0.0737832 0.127994 0.157207 0.144988 0.11761 0.101874 0.0901925 0.0681511 0.0413351 0.0211726 0.00979881 0.00410376 0.00149242 0.000460885 0.000120373 2.63016e-05
 3.58466e-11 1.68605e-09 5.49137e-08 1.23844e-06 1.934e-05 0.000209136 0.00156602 0.00812065 0.0291697 0.0726618 0.126068 0.154936 0.143199 0.11681 0.102029 0.0910973 0.0696713 0.0432248 0.0229472 0.0110389 0.0047545 0.001756 0.000545706 0.000142344 3.08606e-05
 3.6701e-11 1.72624e-09 5.62225e-08 1.26796e-06 1.9801e-05 0.00021412 0.00160334 0.00831412 0.0298639 0.0743834 0.129003 0.158299 0.145524 0.117096 0.100416 0.0885283 0.067094 0.0411324 0.0214999 0.0102308 0.00441856 0.00165893 0.000527874 0.000140843 3.10178e-05
 3.72614e-11 1.7526e-09 5.7081e-08 1.28732e-06 2.01034e-05 0.00021739 0.00162782 0.00844104 0.0303193 0.0755134 0.130934 0.160528 0.147125 0.117454 0.099616 0.0870952 0.0655228 0.0396943 0.0203467 0.00945463 0.00399673 0.00147606 0.000465102 0.000124051 2.75787e-05
 3.57335e-11 1.68073e-09 5.47404e-08 1.23453e-06 1.9279e-05 0.000208476 0.00156108 0.00809506 0.0290781 0.0724373 0.125704 0.154604 0.143257 0.117579 0.103405 0.0923995 0.0701315 0.0427134 0.0220077 0.0102544 0.00431944 0.00157804 0.00048927 0.000128254 2.81186e-05
 3.66074e-11 1.72184e-09 5.60791e-08 1.26472e-06 1.97505e-05 0.000213574 0.00159925 0.0082929 0.0297875 0.0741915 0.12866 0.157827 0.144934 0.11633 0.0995394 0.0879562 0.0673132 0.0421283 0.0227054 0.0111032 0.00484421 0.00180647 0.00056606 0.000148752 3.2451e-05
 3.83476e-11 1.80369e-09 5.87449e-08 1.32484e-06 2.06893e-05 0.000223726 0.00167526 0.00868698 0.0312016 0.0776994 0.134646 0.164715 0.149798 0.117196 0.0966717 0.0830981 0.0621747 0.0376644 0.0193886 0.00910476 0.00391825 0.00148077 0.000476988 0.00012896 2.87294e-05
 3.70774e-11 1.74394e-09 5.67991e-08 1.28096e-06 2.00041e-05 0.000216316 0.00161978 0.00839939 0.0301701 0.0751459 0.130324 0.159911 0.146973 0.11816 0.101072 0.0885737 0.0662102 0.039416 0.0195913 0.00877101 0.00359318 0.00129808 0.000403202 0.000106852 2.37925e-05
 3.59265e-11 1.68981e-09 5.5036e-08 1.2412e-06 1.93831e-05 0.000209602 0.00156951 0.00813875 0.0292349 0.0728257 0.126364 0.155349 0.143736 0.117545 0.102911 0.0917473 0.0696246 0.0424358 0.0218582 0.0101316 0.00420805 0.00150071 0.000450815 0.000114394 2.4427e-05
 3.43842e-11 1.61727e-09 5.26735e-08 1.18792e-06 1.85511e-05 0.000200604 0.00150214 0.0077895 0.0279816 0.0697162 0.121054 0.149224 0.139358 0.116622 0.105205 0.0957783 0.0739818 0.0463565 0.0249487 0.0121789 0.00530523 0.00197242 0.000613446 0.000158884 3.39196e-05
 3.68305e-11 1.73233e-09 5.64208e-08 1.27243e-06 1.98708e-05 0.000214876 0.00160899 0.00834342 0.0299688 0.0746415 0.12943 0.15872 0.145592 0.116512 0.0992632 0.0873757 0.066581 0.0413943 0.0221444 0.0108154 0.0047717 0.00182109 0.000587405 0.000158388 3.5085e-05
 3.47682e-11 1.63533e-09 5.32616e-08 1.20118e-06 1.87582e-05 0.000202844 0.00151891 0.00787645 0.0282936 0.0704905 0.122377 0.150755 0.140467 0.116888 0.104667 0.094745 0.0727568 0.0451802 0.0240536 0.0116974 0.00516085 0.0019822 0.000648474 0.00017883 4.08055e-05
 3.47851e-11 1.63612e-09 5.32875e-08 1.20177e-06 1.87673e-05 0.000202943 0.00151965 0.00788027 0.0283073 0.070524 0.122431 0.150803 0.140454 0.116768 0.104459 0.0945674 0.0727336 0.0453121 0.0242196 0.0117925 0.00517972 0.00197117 0.00063853 0.000175166 4.00848e-05
 3.52892e-11 1.65983e-09 5.40598e-08 1.21918e-06 1.90393e-05 0.000205884 0.00154167 0.0079944 0.0287166 0.0715365 0.12414 0.152681 0.141481 0.116176 0.102412 0.0921471 0.0711061 0.0448269 0.0244347 0.0121534 0.00542773 0.00208883 0.000681 0.000187076 4.27004e-05
 3.50322e-11 1.64775e-09 5.3666e-08 1.2103e-06 1.89006e-05 0.000204384 0.00153044 0.0079362 0.0285077 0.0710186 0.123257 0.151666 0.140771 0.116065 0.102846 0.0928342 0.0717677 0.0453593 0.0248557 0.0124831 0.00565887 0.00222163 0.00074063 0.000207585 4.80726e-05
 3.60933e-11 1.69766e-09 5.52916e-08 1.24696e-06 1.94731e-05 0.000210575 0.00157679 0.00817648 0.0293697 0.0731548 0.126888 0.155776 0.143445 0.115951 0.100178 0.0891268 0.0685797 0.0433053 0.0237423 0.0119428 0.00543207 0.00214639 0.000723385 0.000205903 4.85657e-05
 3.44305e-11 1.61945e-09 5.27443e-08 1.18952e-06 1.8576e-05 0.000200874 0.00150416 0.00780001 0.0280197 0.0698146 0.121247 0.14957 0.140015 0.117803 0.106779 0.0969634 0.0738826 0.0449535 0.0231638 0.0109035 0.00472822 0.00181717 0.000603091 0.000170513 4.02542e-05
 3.45353e-11 1.62437e-09 5.29048e-08 1.19314e-06 1.86325e-05 0.000201485 0.00150873 0.00782368 0.028104 0.070018 0.121555 0.149736 0.139503 0.116089 0.104082 0.0946398 0.07346 0.0465696 0.0254972 0.0126463 0.00556659 0.00209205 0.000665812 0.000180478 4.1317e-05
#obs catch len freq
 3.17137e-11 1.49166e-09 4.85823e-08 1.09565e-06 1.71102e-05 0.000185024 0.00138548 0.00718476 0.0258123 0.0643397 0.111913 0.138874 0.132606 0.116844 0.111772 0.104826 0.0815829 0.0511119 0.027603 0.0137736 0.00633192 0.00258063 0.000911562 0.000274821 6.9169e-05
 3.73015e-11 1.75448e-09 5.71424e-08 1.28871e-06 2.0125e-05 0.000217624 0.00162957 0.00845003 0.0303508 0.0755816 0.130985 0.160278 0.145914 0.114552 0.0952983 0.0833427 0.064663 0.0420905 0.0241934 0.0127661 0.00602681 0.00245913 0.000859606 0.000256153 6.39033e-05
 3.65622e-11 1.71971e-09 5.60098e-08 1.26316e-06 1.97261e-05 0.000213311 0.00159727 0.00828269 0.0297513 0.0741041 0.12853 0.157767 0.145193 0.117139 0.100753 0.0888484 0.0671218 0.0409324 0.0214125 0.0104619 0.0048365 0.00202158 0.000733017 0.00022409 5.6394e-05
 3.65777e-11 1.72044e-09 5.60336e-08 1.2637e-06 1.97345e-05 0.000213401 0.00159795 0.0082862 0.0297638 0.0741341 0.128574 0.157786 0.145099 0.116856 0.100349 0.0886139 0.0673367 0.0415028 0.0219045 0.0105801 0.00468015 0.00183546 0.00063002 0.000187887 4.74687e-05
 3.68699e-11 1.73418e-09 5.64812e-08 1.2738e-06 1.98922e-05 0.000215106 0.00161072 0.00835237 0.0300012 0.0747235 0.129581 0.158953 0.145949 0.117073 0.0999709 0.087881 0.0664822 0.0406914 0.0212721 0.0101932 0.00448862 0.0017457 0.000585665 0.000167877 4.0528e-05
 3.70912e-11 1.74459e-09 5.68201e-08 1.28144e-06 2.00115e-05 0.000216397 0.00162038 0.00840247 0.0301809 0.0751688 0.130338 0.159808 0.146502 0.11704 0.0994052 0.0871129 0.0658476 0.0403067 0.0210669 0.0100747 0.00441578 0.0017056 0.000567367 0.000160787 3.81388e-05
 3.85566e-11 1.81352e-09 5.9065e-08 1.33207e-06 2.08021e-05 0.000224946 0.00168439 0.0087343 0.0313714 0.078119 0.135354 0.165488 0.150206 0.116911 0.0957637 0.0820375 0.0614718 0.0374722 0.0195111 0.00929732 0.00406465 0.00156662 0.000519481 0.000146451 3.4474e-05
 3.6048e-11 1.69553e-09 5.52222e-08 1.2454e-06 1.94487e-05 0.000210311 0.00157481 0.00816628 0.0293338 0.0730714 0.126786 0.155853 0.144147 0.117754 0.102897 0.0914787 0.0690764 0.0417436 0.0213185 0.00993567 0.0042742 0.0016328 0.000538799 0.000151386 3.55187e-05
 3.66631e-11 1.72445e-09 5.61643e-08 1.26665e-06 1.97805e-05 0.000213899 0.00160168 0.00830552 0.029833 0.0743049 0.128859 0.158084 0.14521 0.11662 0.0998167 0.0880792 0.0671178 0.0416482 0.0221905 0.0107764 0.00472883 0.00180225 0.000586596 0.00016237 3.76732e-05
 3.75008e-11 1.76386e-09 5.74477e-08 1.29559e-06 2.02325e-05 0.000218786 0.00163827 0.00849523 0.0305137 0.0759939 0.131743 0.161408 0.147576 0.117087 0.0985006 0.0857683 0.0645883 0.039383 0.0205019 0.00980005 0.00432049 0.00168378 0.000562761 0.000158536 3.69283e-05
 3.697e-11 1.73889e-09 5.66345e-08 1.27725e-06 1.99461e-05 0.00021569 0.00161509 0.00837505 0.0300827 0.0749264 0.129934 0.159389 0.146359 0.117412 0.10023 0.0879742 0.0662843 0.0402121 0.0206991 0.00972885 0.00420807 0.00161257 0.000534131 0.000150926 3.56147e-05
 3.70575e-11 1.74301e-09 5.67686e-08 1.28027e-06 1.99933e-05 0.0002162 0.00161891 0.00839484 0.0301535 0.0751007 0.130221 0.159669 0.146389 0.116984 0.0994084 0.0871789 0.06598 0.0404759 0.0212066 0.0101389 0.00441721 0.00168534 0.000551435 0.000153538 3.58092e-05
 3.70758e-11 1.74387e-09 5.67967e-08 1.28091e-06 2.00032e-05 0.000216307 0.00161971 0.008399 0.0301685 0.0751378 0.130284 0.159743 0.146445 0.117002 0.0993845 0.0871133 0.0658781 0.0403672 0.0211405 0.0101379 0.00445427 0.00172075 0.000569697 0.000159566 3.7142e-05
 3.65764e-11 1.72038e-09 5.60315e-08 1.26365e-06 1.97338e-05 0.000213393 0.00159789 0.00828591 0.0297629 0.0741342 0.128588 0.15787 0.145385 0.117494 0.101274 0.0893872 0.0674548 0.0409164 0.0210503 0.00989664 0.00428768 0.00164609 0.00054513 0.00015348 3.59975e-05
 3.77027e-11 1.77335e-09 5.77569e-08 1.30256e-06 2.03414e-05 0.000219964 0.00164709 0.00854093 0.0306776 0.0763991 0.132426 0.162154 0.147968 0.116814 0.0976421 0.0848095 0.0640367 0.0393374 0.0206778 0.00991925 0.00432969 0.00165298 0.000541012 0.00015069 3.51396e-05
 3.50961e-11 1.65075e-09 5.37639e-08 1.21251e-06 1.89351e-05 0.000204757 0.00153323 0.00795071 0.0285603 0.071153 0.123515 0.152103 0.141546 0.117409 0.104639 0.0942436 0.0718156 0.0439614 0.0229165 0.0109401 0.00479991 0.00185727 0.000616674 0.000173168 4.03743e-05
 3.85316e-11 1.81234e-09 5.90268e-08 1.3312e-06 2.07887e-05 0.0002248 0.0016833 0.00872863 0.0313508 0.078066 0.135249 0.165302 0.149854 0.116277 0.0949083 0.0813636 0.0614497 0.0381374 0.0204239 0.0100106 0.00445125 0.00172584 0.000572679 0.000161304 3.78785e-05
 3.52151e-11 1.65635e-09 5.39462e-08 1.21662e-06 1.89993e-05 0.000205452 0.00153843 0.00797768 0.0286574 0.071396 0.123945 0.15267 0.142188 0.118148 0.105419 0.0947114 0.0715439 0.0429699 0.0217289 0.0100647 0.00435413 0.00169126 0.000569425 0.000162568 3.84823e-05
 3.79012e-11 1.78269e-09 5.8061e-08 1.30942e-06 2.04485e-05 0.000221122 0.00165576 0.00858587 0.0308386 0.0767963 0.133088 0.162843 0.148211 0.116226 0.0963339 0.0834643 0.0634013 0.0395517 0.0212746 0.0104113 0.0045756 0.00173929 0.00056554 0.000157378 3.6942e-05
 3.43806e-11 1.6171e-09 5.26678e-08 1.18779e-06 1.85491e-05 0.000200583 0.00150198 0.0077887 0.0279792 0.0697136 0.121074 0.149363 0.139844 0.117705 0.106742 0.0969631 0.0739179 0.0450466 0.0233287 0.0111085 0.00490621 0.00192432 0.000647666 0.000183327 4.28293e-05
 3.61938e-11 1.70238e-09 5.54455e-08 1.25044e-06 1.95274e-05 0.000211161 0.00158118 0.00819924 0.0294515 0.0733572 0.127232 0.156166 0.143701 0.115949 0.0999505 0.0888297 0.0683615 0.0431888 0.0236519 0.0118287 0.00531744 0.00207004 0.000689343 0.000195517 4.63604e-05
 3.67873e-11 1.7303e-09 5.63546e-08 1.27094e-06 1.98476e-05 0.000214624 0.0016071 0.00833364 0.0299339 0.0745549 0.129284 0.158564 0.145515 0.116582 0.0994382 0.0875 0.0665138 0.041184 0.0219999 0.0108689 0.00495498 0.00199487 0.000688128 0.000199598 4.77275e-05
 3.3972e-11 1.59788e-09 5.20419e-08 1.17368e-06 1.83287e-05 0.000198199 0.00148413 0.00769616 0.027647 0.0688885 0.119658 0.147697 0.138543 0.117151 0.106909 0.0976785 0.0750536 0.0464048 0.0245633 0.0119479 0.00534697 0.00212015 0.000728317 0.000213576 5.21863e-05
 3.66248e-11 1.72266e-09 5.61058e-08 1.26533e-06 1.97599e-05 0.000213676 0.00160001 0.00829682 0.0298014 0.0742232 0.128696 0.157784 0.14462 0.115532 0.0983199 0.0868366 0.0669247 0.0426225 0.0236841 0.0120684 0.00553598 0.00220143 0.000748956 0.000216846 5.25481e-05
 3.39722e-11 1.59789e-09 5.20421e-08 1.17368e-06 1.83287e-05 0.0001982 0.00148413 0.00769618 0.027647 0.0688872 0.119647 0.147646 0.138374 0.116773 0.106339 0.0971357 0.0748199 0.046583 0.0250252 0.0124718 0.00575838 0.00235811 0.000830344 0.000246271 6.02184e-05
 3.70095e-11 1.74075e-09 5.66951e-08 1.27862e-06 1.99675e-05 0.00021592 0.00161681 0.00838395 0.030114 0.0749986 0.130019 0.159303 0.145682 0.115695 0.0976418 0.0857181 0.0657627 0.0416344 0.0229685 0.011657 0.00536918 0.00216533 0.000753866 0.000224389 5.57968e-05
 3.58835e-11 1.68779e-09 5.49701e-08 1.23971e-06 1.93599e-05 0.000209351 0.00156763 0.008129 0.0291999 0.0727377 0.126206 0.155134 0.143469 0.117186 0.102439 0.0912525 0.0692831 0.0424096 0.0222141 0.0107646 0.00486449 0.0019673 0.000689994 0.000205679 5.09795e-05
 3.28388e-11 1.54458e-09 5.03059e-08 1.13453e-06 1.77173e-05 0.000191588 0.00143463 0.00743954 0.0267263 0.066605 0.115764 0.143236 0.135455 0.116763 0.109029 0.101049 0.0784201 0.0491322 0.0264702 0.0130532 0.00584952 0.00229826 0.000780739 0.00022793 5.60602e-05
#spawning biomass
 30785.2 19916.6 21931.4 25637 25644.4 26962.4 29924.3 33814.2 35543.1 38137.8 41633 49144.8 47868.9 47285.6 51826.7 61283.3 62153.5 65317.1 69731.8 82319.7 72979.6 92694.3 85578.5 90278.2 106582 124585 110709 113692 126603 204447 141468 86128.1 54433.1 38617.1 31285.5 28036.9 26638.8 26048.6 25802.6 25701.1 25659.4 25642.3 25635.4 25632.5 25631.4 25630.9 25630.7 25630.7 25630.6 25630.6 25630.6 25630.6 25630.6 25630.6 25630.6 25630.6 25630.6 25630.6 25630.6 25630.6 25630.6 25630.6 25630.6 25630.6 25630.6 25630.6 25630.6 25630.6 25630.6 25630.6 25630.6 25630.6 25630.6 25630.6 25630.6 25630.6 25630.6 25630.6 25630.6 25630.6 25630.6 25630.6 25630.6 25630.6 25630.6 25630.6 25630.6 25630.6 25630.6 25630.6 25630.6 25630.6 25630.6 25630.6 25630.6 25630.6 25630.6 25630.6 25630.6 25630.6 25630.6 25630.6 25630.6 25630.6 25630.6 25630.6 25630.6 25630.6 25630.6 25630.6 25630.6 25630.6 25630.6 25630.6 25630.6 25630.6 25630.6 25630.6 25630.6 25630.6 25630.6 25630.6 25630.6 25630.6 25630.6 25630.6 25630.6 25630.6 0 0 0 0 0 0 0 0 0 0 0 0 0 0 0 0 0 0 0 0 0 0 0 0 0
