SBPRF35
0.224663
Curr Bio
39510.7
B35
179620
F35
0.340332
FOFL
0.212987
OFL
37753.9
Bzero
64189.3
#pred survey bio
 7566.59 7393.32 7685.21 7664.73 9531.03 13590.6 15400.8 17366.1 26960.6 46366.7 62713.1 84401.4 111152 144157 132804 121255 115439 105142 111889 111075 123093 127694 133800 134509 147743 162115 153054 146998 123521 8.48859e+06 4.93541e+06 3.72595e+06 2.61024e+06 1.84344e+06 1.37646e+06 1.10909e+06 960711 879364 834720 809956 795977 787909 783139 780246 778452 777325 776603 776134 775827 775624 775488 775398 775337 775296 775269 775250 775238 775229 775224 775220 775217 775215 775214 775213 775213 775212 775212 775212 775212 775212 775212 775212 775212 775212 775212 775212 775212 775212 775212 775212 775212 775212 775212 775212 775212 775212 775212 775212 775212 775212 775212 775212 775212 775212 775212 775212 775212 775212 775212 775212 775212 775212 775212 775212 775212 775212 775212 775212 775212 775212 775212 775212 775212 775212 775212 775212 775212 775212 775212 775212 775212 775212 775212 775212 775212 775212 775212 775212 775212 0 0 0 0 0 0 0 0 0 0 0 0 0 0 0 0 0 0 0 0 0 0 0 0 0
#obs survey bio
 6971.17 11710 5783.15 9296.08 14650.7 18904.5 15114.6 29952 28637.5 63487.1 71725.1 135405 152209 124031 108716 97620.9 97296.7 94847.4 102710 143422 132051 143804 154214 104209 113326 198900 120915 151314 189739
#pred catch bio
 4984.91 5317.66 5790.86 5791.92 6511.18 9766.39 11720.5 12476.5 17944.2 33358.7 45041.3 60392.7 77392 111040 101397 92958.7 91224.5 78496.9 84399.3 78550.4 89793.1 91794.7 98891.4 98713.8 107212 119912 107876 107765 1.26561 37753.9 56133.5 41067.1 27920.8 19183.9 14042 11220.3 9737.66 8980.3 8600.58 8412.6 8320.33 8275.3 8253.42 8242.81 8237.68 8235.21 8234.02 8233.44 8233.17 8233.03 8232.97 8232.94 8232.92 8232.92 8232.91 8232.91 8232.91 8232.91 8232.91 8232.91 8232.91 8232.91 8232.91 8232.91 8232.91 8232.91 8232.91 8232.91 8232.91 8232.91 8232.91 8232.91 8232.91 8232.91 8232.91 8232.91 8232.91 8232.91 8232.91 8232.91 8232.91 8232.91 8232.91 8232.91 8232.91 8232.91 8232.91 8232.91 8232.91 8232.91 8232.91 8232.91 8232.91 8232.91 8232.91 8232.91 8232.91 8232.91 8232.91 8232.91 8232.91 8232.91 8232.91 8232.91 8232.91 8232.91 8232.91 8232.91 8232.91 8232.91 8232.91 8232.91 8232.91 8232.91 8232.91 8232.91 8232.91 8232.91 8232.91 8232.91 8232.91 8232.91 8232.91 8232.91 8232.91 8232.91 8232.91 8232.91 8232.91 0 0 0 0 0 0 0 0 0 0 0 0 0 0 0 0 0 0 0 0 0 0 0 0 0
#obs catch bio
 5064.84 5239.47 5936.93 5806.07 6266.9 9531.54 11629.9 11975.1 17357.3 32464.2 44783.7 58218.6 75122.6 109786 104175 95172.4 93859.4 79226.5 85987.6 76599.8 89244.2 89402.9 97094.2 99651.2 110461 122323 110388 114933 1.15897
#pred cpue bio
 7135.23 6702.97 6994.35 6935.66 8494.68 12247.6 13977.7 15552.1 23938.2 41389.9 56290.2 75665 99903.8 130176 120853 110267 104511 95057.6 101198 100818 111914 115979 121822 122102 133470 147081 139949 135059 113678 8.19097e+06 4.95452e+06 3.71433e+06 2.59191e+06 1.82441e+06 1.35737e+06 1.09e+06 941619 860271 815627 790864 776884 768817 764046 761153 759360 758232 757510 757042 756734 756531 756396 756305 756245 756204 756176 756158 756145 756137 756131 756127 756124 756123 756122 756121 756120 756120 756120 756119 756119 756119 756119 756119 756119 756119 756119 756119 756119 756119 756119 756119 756119 756119 756119 756119 756119 756119 756119 756119 756119 756119 756119 756119 756119 756119 756119 756119 756119 756119 756119 756119 756119 756119 756119 756119 756119 756119 756119 756119 756119 756119 756119 756119 756119 756119 756119 756119 756119 756119 756119 756119 756119 756119 756119 756119 756119 756119 756119 756119 756119 0 0 0 0 0 0 0 0 0 0 0 0 0 0 0 0 0 0 0 0 0 0 0 0 0
#obs cpue bio
 6492.53 6546.57 4669.79 6586.57 13075.2 11255.3 14688.5 21570.9 35318.7 44726.5 45700.9 108443 106738 166993 75370.1 99900.4 78955.6 96077.7 79833 149990 101423 177544 133058 111538 95717.4 98922.1 115580 118294 139280
#pred surv len freq
 2.146e-27 2.17346e-27 6.61318e-27 1.51916e-21 9.03501e-17 1.23538e-12 3.88342e-09 2.80656e-06 0.000466306 0.0178126 0.156431 0.315837 0.147007 0.026388 0.0659952 0.0926344 0.037788 0.0306656 0.0273608 0.0186255 0.0157898 0.0137781 0.0143528 0.0134156 0.00564968
 2.14864e-27 2.18128e-27 7.50673e-27 1.82238e-21 1.08384e-16 1.48196e-12 4.65856e-09 3.36675e-06 0.000559381 0.021368 0.187655 0.378878 0.176208 0.0278867 0.0561495 0.0784087 0.0287044 0.0140789 0.0111551 0.00600308 0.00419666 0.00300046 0.00260454 0.00221742 0.000923559
 2.1478e-27 2.17941e-27 7.3147e-27 1.75724e-21 1.0451e-16 1.42898e-12 4.49203e-09 3.2464e-06 0.000539385 0.0206041 0.180946 0.365335 0.170013 0.0296575 0.071043 0.0993022 0.0348642 0.0124363 0.00866001 0.00319267 0.00154425 0.000811823 0.000525809 0.000373815 0.000147655
 2.14829e-27 2.18067e-27 7.45316e-27 1.80422e-21 1.07304e-16 1.46719e-12 4.61214e-09 3.33321e-06 0.000553807 0.0211551 0.185785 0.375103 0.174506 0.0290391 0.0643243 0.0898777 0.032192 0.0135132 0.00955006 0.00289561 0.000978536 0.000316551 0.00012328 6.22373e-05 2.16831e-05
 2.1496e-27 2.18387e-27 7.79096e-27 1.91881e-21 1.14119e-16 1.56037e-12 4.90505e-09 3.54489e-06 0.000588978 0.0224986 0.197584 0.398924 0.185481 0.0280382 0.051034 0.0711148 0.0251659 0.00960823 0.00671948 0.0022143 0.000781648 0.000190968 3.98095e-05 1.03159e-05 2.66071e-06
 2.14863e-27 2.18147e-27 7.53394e-27 1.83161e-21 1.08933e-16 1.48946e-12 4.68214e-09 3.3838e-06 0.000562213 0.0214761 0.188605 0.380796 0.177141 0.029134 0.0631874 0.0882114 0.0307366 0.0102015 0.00684024 0.00214712 0.000732683 0.000187528 3.32284e-05 4.2619e-06 5.47851e-07
 2.14799e-27 2.17991e-27 7.37106e-27 1.77637e-21 1.05647e-16 1.44454e-12 4.54092e-09 3.28174e-06 0.000545256 0.0208284 0.182916 0.369311 0.171845 0.0294816 0.0687713 0.0961226 0.0340855 0.0132237 0.00914877 0.00266795 0.000813717 0.000197378 3.42049e-05 3.7051e-06 2.42367e-07
 2.1492e-27 2.1829e-27 7.68883e-27 1.88417e-21 1.12059e-16 1.5322e-12 4.81649e-09 3.48089e-06 0.000578345 0.0220924 0.194017 0.391722 0.182162 0.0283223 0.0549393 0.0766333 0.0273025 0.011006 0.00775088 0.00244362 0.000810782 0.000183913 2.87482e-05 2.91591e-06 1.56995e-07
 2.14989e-27 2.18458e-27 7.8642e-27 1.94364e-21 1.15596e-16 1.58057e-12 4.96854e-09 3.59078e-06 0.000596603 0.0227898 0.200141 0.404088 0.187864 0.0279184 0.0487464 0.0678689 0.0237297 0.00814153 0.00552799 0.00178399 0.000621357 0.000151916 2.45256e-05 2.30487e-06 1.12436e-07
 2.14944e-27 2.18347e-27 7.7456e-27 1.90341e-21 1.13203e-16 1.54785e-12 4.86568e-09 3.51644e-06 0.000584252 0.022318 0.195998 0.395723 0.184016 0.028425 0.0543605 0.0757681 0.0263289 0.00850332 0.00562125 0.00166833 0.000526379 0.000131064 2.25367e-05 2.22969e-06 1.06279e-07
 2.14898e-27 2.18233e-27 7.62505e-27 1.86252e-21 1.10771e-16 1.5146e-12 4.76115e-09 3.4409e-06 0.0005717 0.0218386 0.191787 0.387222 0.1801 0.0288115 0.0592818 0.0827114 0.028871 0.00974182 0.0064975 0.00186592 0.000549147 0.000125035 2.02019e-05 2.06087e-06 1.03314e-07
 2.14909e-27 2.18262e-27 7.6575e-27 1.87353e-21 1.11426e-16 1.52355e-12 4.7893e-09 3.46124e-06 0.00057508 0.0219677 0.192921 0.389511 0.18115 0.0285864 0.057218 0.0798214 0.0281083 0.0102807 0.00701947 0.00205983 0.000620046 0.000135836 2.01238e-05 1.89718e-06 9.36621e-08
 2.14887e-27 2.18207e-27 7.59845e-27 1.8535e-21 1.10235e-16 1.50726e-12 4.7381e-09 3.42424e-06 0.000568932 0.0217328 0.190859 0.385347 0.179233 0.0288193 0.059895 0.083588 0.0293432 0.0104421 0.00711377 0.00217602 0.000696782 0.00015678 2.32017e-05 2.0589e-06 9.3853e-08
 2.14846e-27 2.18106e-27 7.49288e-27 1.81769e-21 1.08105e-16 1.47814e-12 4.64656e-09 3.35808e-06 0.00055794 0.0213129 0.187171 0.377902 0.175802 0.0290975 0.0638369 0.0891594 0.0315175 0.0119166 0.00822798 0.00248576 0.000790973 0.000185637 2.90082e-05 2.61728e-06 1.15694e-07
 2.14773e-27 2.17927e-27 7.30276e-27 1.75319e-21 1.04269e-16 1.4257e-12 4.48169e-09 3.23893e-06 0.000538144 0.0205567 0.18053 0.364494 0.169629 0.0297747 0.0720119 0.100677 0.0355101 0.0131764 0.00908749 0.00282535 0.000930199 0.000217616 3.44534e-05 3.25184e-06 1.48601e-07
 2.14781e-27 2.1795e-27 7.32922e-27 1.76218e-21 1.04804e-16 1.433e-12 4.50467e-09 3.25554e-06 0.000540903 0.0206621 0.181456 0.366363 0.170481 0.0294581 0.0695162 0.0971986 0.0348145 0.0146169 0.0103547 0.00319237 0.00104674 0.000251445 4.08076e-05 3.89364e-06 1.82998e-07
 2.14823e-27 2.18053e-27 7.43857e-27 1.79927e-21 1.0701e-16 1.46317e-12 4.59948e-09 3.32406e-06 0.000552288 0.021097 0.185275 0.374074 0.174033 0.0291325 0.0652047 0.0911087 0.0324882 0.0131903 0.00935358 0.0030835 0.00109248 0.000263709 4.31503e-05 4.21943e-06 2.02213e-07
 2.14835e-27 2.1808e-27 7.46507e-27 1.80826e-21 1.07544e-16 1.47047e-12 4.62244e-09 3.34065e-06 0.000555045 0.0212023 0.1862 0.375941 0.174899 0.0292035 0.065075 0.0908991 0.0320518 0.0118666 0.0082171 0.00265832 0.000939416 0.000241662 4.19454e-05 4.16697e-06 2.0307e-07
 2.14832e-27 2.18072e-27 7.45748e-27 1.80568e-21 1.07391e-16 1.46838e-12 4.61587e-09 3.3359e-06 0.000554255 0.0211722 0.185935 0.375406 0.174651 0.0291668 0.0650123 0.0908241 0.0322094 0.0125096 0.00871092 0.00268534 0.00089048 0.000225036 4.00347e-05 4.2177e-06 2.13476e-07
 2.14798e-27 2.17991e-27 7.37085e-27 1.77629e-21 1.05643e-16 1.44448e-12 4.54074e-09 3.28161e-06 0.000545234 0.0208276 0.182909 0.369297 0.171837 0.0294695 0.0687018 0.0960227 0.0340175 0.0131011 0.00913241 0.00288424 0.000973043 0.000234629 3.96612e-05 4.18241e-06 2.20256e-07
 2.14784e-27 2.17956e-27 7.33671e-27 1.76472e-21 1.04955e-16 1.43507e-12 4.51116e-09 3.26023e-06 0.000541683 0.0206919 0.181717 0.366891 0.170722 0.0293885 0.068932 0.0963812 0.0346058 0.0147962 0.0105488 0.00332603 0.00112607 0.000276586 4.63954e-05 4.67835e-06 2.41205e-07
 2.14794e-27 2.17981e-27 7.36271e-27 1.77354e-21 1.0548e-16 1.44224e-12 4.53371e-09 3.27653e-06 0.00054439 0.0207953 0.182626 0.368725 0.171567 0.0293116 0.0679098 0.0949346 0.0340111 0.0143116 0.0102421 0.00341938 0.00123542 0.000306186 5.18197e-05 5.23878e-06 2.63432e-07
 2.1477e-27 2.17923e-27 7.30126e-27 1.7527e-21 1.0424e-16 1.42529e-12 4.48043e-09 3.23802e-06 0.000537992 0.0205509 0.180479 0.364391 0.169572 0.0295217 0.0704985 0.0985837 0.0353024 0.0148034 0.0105746 0.00350464 0.00127612 0.000334479 5.95952e-05 6.11662e-06 3.08801e-07
 2.14799e-27 2.17994e-27 7.37721e-27 1.77847e-21 1.05772e-16 1.44625e-12 4.54629e-09 3.28562e-06 0.000545901 0.020853 0.183132 0.369748 0.172038 0.0292445 0.0671919 0.0939259 0.0336999 0.0143376 0.0102692 0.00339348 0.00122933 0.000322145 5.91195e-05 6.39524e-06 3.33557e-07
 2.14844e-27 2.18103e-27 7.49142e-27 1.8172e-21 1.08076e-16 1.47775e-12 4.64532e-09 3.35719e-06 0.000557791 0.0213073 0.187121 0.377801 0.175749 0.0289391 0.0629003 0.0878616 0.0313547 0.0128081 0.00910495 0.00303348 0.00110808 0.000289678 5.30845e-05 5.84398e-06 3.17185e-07
 2.14803e-27 2.18002e-27 7.38302e-27 1.78043e-21 1.05889e-16 1.44784e-12 4.5513e-09 3.28924e-06 0.000546502 0.020876 0.183334 0.370156 0.172232 0.0294098 0.068078 0.0951443 0.0337171 0.0130225 0.00911573 0.00296871 0.00106024 0.000278492 5.12875e-05 5.64882e-06 3.09946e-07
 2.14727e-27 2.17816e-27 7.18695e-27 1.71392e-21 1.01933e-16 1.39376e-12 4.38129e-09 3.16637e-06 0.000526088 0.0200962 0.176486 0.356329 0.165861 0.0299708 0.0756706 0.105868 0.0377937 0.0154731 0.0109316 0.00344936 0.00117926 0.000301701 5.47594e-05 6.04654e-06 3.32898e-07
 2.14679e-27 2.17702e-27 7.07045e-27 1.67442e-21 9.95841e-17 1.36163e-12 4.28032e-09 3.0934e-06 0.000513963 0.019633 0.172418 0.348117 0.162066 0.0300007 0.078328 0.109674 0.0399595 0.0189148 0.0138093 0.00450528 0.00158657 0.000393965 6.853e-05 7.39079e-06 4.04445e-07
 2.14662e-27 2.17662e-27 7.02913e-27 1.66041e-21 9.87508e-17 1.35024e-12 4.2445e-09 3.06751e-06 0.000509663 0.0194688 0.170976 0.345204 0.160721 0.0300474 0.0794905 0.111321 0.0406372 0.0194895 0.0144185 0.00511728 0.00198401 0.000512511 8.98825e-05 9.3751e-06 4.97114e-07
#obs surv len freq
 1.23843e-39 6.06124e-33 6.8202e-27 1.76432e-21 1.04931e-16 1.43474e-12 4.51012e-09 3.25947e-06 0.000541566 0.0206871 0.181674 0.366805 0.170678 0.0292542 0.0681386 0.0952777 0.0344041 0.0153346 0.0111736 0.00392963 0.00154887 0.000443446 9.2588e-05 1.20055e-05 8.00623e-07
 1.31467e-39 6.43441e-33 7.2401e-27 1.87295e-21 1.11391e-16 1.52307e-12 4.78779e-09 3.46015e-06 0.000574908 0.0219608 0.192859 0.389388 0.18108 0.0282509 0.0552074 0.0770371 0.027786 0.0122847 0.00891189 0.00306727 0.00117953 0.000332191 6.75602e-05 8.45219e-06 5.42738e-07
 1.15928e-39 5.67387e-33 6.38432e-27 1.65156e-21 9.82247e-17 1.34305e-12 4.22188e-09 3.05116e-06 0.000506954 0.019365 0.170063 0.343364 0.1599 0.0308291 0.0848179 0.118717 0.0417174 0.0149921 0.0103759 0.00354714 0.00134765 0.000370655 7.34023e-05 8.94342e-06 5.55538e-07
 1.34619e-39 6.58867e-33 7.41367e-27 1.91785e-21 1.14062e-16 1.55959e-12 4.90257e-09 3.5431e-06 0.000588691 0.0224872 0.197483 0.398722 0.185369 0.0275321 0.0480064 0.066939 0.0249423 0.0135146 0.0100104 0.00305638 0.00101421 0.00027172 5.27045e-05 6.24553e-06 3.77129e-07
 1.38874e-39 6.79693e-33 7.64801e-27 1.97847e-21 1.17667e-16 1.60888e-12 5.05754e-09 3.65509e-06 0.000607299 0.023198 0.203725 0.411325 0.191198 0.0275917 0.0445714 0.0619741 0.0215047 0.00685938 0.0046766 0.00180551 0.000741608 0.000182229 3.16803e-05 3.61448e-06 2.12541e-07
 1.26768e-39 6.20442e-33 6.98131e-27 1.806e-21 1.0741e-16 1.46863e-12 4.61666e-09 3.33647e-06 0.000554359 0.0211758 0.185966 0.37547 0.174697 0.0295935 0.0675986 0.0943978 0.0324958 0.00949684 0.00606229 0.00174098 0.000551796 0.000161494 3.14837e-05 3.32554e-06 1.82151e-07
 1.2733e-39 6.23191e-33 7.01225e-27 1.814e-21 1.07885e-16 1.47514e-12 4.63711e-09 3.35125e-06 0.000556815 0.0212696 0.18679 0.377133 0.175442 0.028972 0.0633032 0.0884404 0.0317235 0.0134544 0.00943196 0.00259032 0.000702934 0.000155875 2.70457e-05 3.17654e-06 1.76214e-07
 1.42219e-39 6.96065e-33 7.83224e-27 2.02613e-21 1.20501e-16 1.64764e-12 5.17936e-09 3.74314e-06 0.000621927 0.0237568 0.208632 0.421232 0.195753 0.0269167 0.0374647 0.0519946 0.0185035 0.00739744 0.00523432 0.00173787 0.00060268 0.000128143 1.77814e-05 1.7081e-06 9.36513e-08
 1.41588e-39 6.92977e-33 7.79748e-27 2.01714e-21 1.19967e-16 1.64033e-12 5.15638e-09 3.72653e-06 0.000619168 0.0236514 0.207707 0.419364 0.194907 0.0273855 0.04089 0.056759 0.0193194 0.00493235 0.00303824 0.000976696 0.000344267 8.78041e-05 1.42146e-05 1.22842e-06 5.50417e-08
 1.34381e-39 6.577e-33 7.40055e-27 1.91445e-21 1.1386e-16 1.55682e-12 4.89389e-09 3.53683e-06 0.000587649 0.0224474 0.197133 0.398017 0.185079 0.0285023 0.0541418 0.0754303 0.0258108 0.00703056 0.0043349 0.00112019 0.000280953 6.74804e-05 1.18449e-05 1.19131e-06 5.4583e-08
 1.31853e-39 6.45328e-33 7.26133e-27 1.87844e-21 1.11718e-16 1.52754e-12 4.80183e-09 3.47029e-06 0.000576594 0.0220251 0.193425 0.390529 0.181623 0.0286412 0.0572462 0.0798465 0.0279225 0.00958432 0.0063709 0.00169056 0.000422319 8.09793e-05 1.08791e-05 1.0699e-06 5.41901e-08
 1.35386e-39 6.62622e-33 7.45593e-27 1.92878e-21 1.14712e-16 1.56847e-12 4.93051e-09 3.56329e-06 0.000592046 0.0226154 0.198608 0.400995 0.186438 0.0280259 0.0503355 0.0701198 0.0246769 0.00897881 0.00612974 0.0018151 0.000543042 0.00010826 1.32853e-05 1.02959e-06 4.52061e-08
 1.33309e-39 6.52453e-33 7.34151e-27 1.89918e-21 1.12951e-16 1.5444e-12 4.85485e-09 3.50861e-06 0.00058296 0.0222683 0.195561 0.394841 0.18361 0.0284609 0.0548456 0.0764525 0.0265771 0.00861911 0.00572447 0.00174855 0.000560294 0.000126035 1.78162e-05 1.37657e-06 5.17925e-08
 1.28953e-39 6.31134e-33 7.10162e-27 1.83712e-21 1.0926e-16 1.49394e-12 4.69621e-09 3.39396e-06 0.000563912 0.0215407 0.18917 0.38194 0.177667 0.0290342 0.062234 0.0868789 0.0304249 0.010587 0.00712279 0.00205452 0.000612483 0.000142087 2.21077e-05 1.93915e-06 7.82175e-08
 1.16568e-39 5.70518e-33 6.41956e-27 1.66068e-21 9.87668e-17 1.35046e-12 4.24518e-09 3.068e-06 0.000509752 0.0194719 0.171002 0.345259 0.160768 0.0306132 0.0829291 0.116086 0.0412263 0.0161932 0.0112671 0.00336563 0.00103886 0.000229682 3.44374e-05 3.19173e-06 1.42782e-07
 1.26676e-39 6.19991e-33 6.97624e-27 1.80469e-21 1.07332e-16 1.46757e-12 4.6133e-09 3.33404e-06 0.000553956 0.0211604 0.185831 0.375197 0.174532 0.0285844 0.0615208 0.0860026 0.0318628 0.0167162 0.0123879 0.00395278 0.00133593 0.000307858 4.65192e-05 4.17187e-06 1.88547e-07
 1.23196e-39 6.02957e-33 6.78456e-27 1.7551e-21 1.04383e-16 1.42724e-12 4.48655e-09 3.24244e-06 0.000538736 0.020579 0.180725 0.364889 0.169803 0.0295525 0.0705374 0.0986206 0.0350573 0.0139028 0.00999517 0.00378793 0.00154807 0.000390258 6.40194e-05 5.93162e-06 2.66129e-07
 1.27868e-39 6.25827e-33 7.0419e-27 1.82167e-21 1.08342e-16 1.48138e-12 4.65672e-09 3.36543e-06 0.00055917 0.0213596 0.18758 0.378728 0.176171 0.028733 0.0613633 0.0857237 0.0309884 0.0139096 0.0100347 0.00323599 0.00118528 0.000349431 6.82448e-05 6.99178e-06 3.32206e-07
 1.24444e-39 6.09069e-33 6.85334e-27 1.77289e-21 1.05441e-16 1.44171e-12 4.53203e-09 3.27531e-06 0.000544197 0.0207876 0.182557 0.368587 0.171508 0.0294193 0.0686096 0.0959017 0.0340872 0.0134956 0.0095701 0.00329695 0.00123911 0.00032269 6.2548e-05 7.45849e-06 4.04061e-07
 1.25576e-39 6.14606e-33 6.91565e-27 1.78901e-21 1.06399e-16 1.45482e-12 4.57323e-09 3.30508e-06 0.000549144 0.0209766 0.184217 0.371938 0.173045 0.0290827 0.0655444 0.0916147 0.033035 0.0145691 0.0104737 0.00336701 0.00119447 0.000322364 6.07069e-05 6.91558e-06 4.0343e-07
 1.27511e-39 6.24076e-33 7.02221e-27 1.81658e-21 1.08039e-16 1.47723e-12 4.6437e-09 3.35601e-06 0.000557606 0.0212998 0.187055 0.377669 0.175686 0.0288733 0.0625393 0.0873637 0.0313244 0.0132648 0.00953147 0.00325148 0.00120791 0.00030911 5.64229e-05 6.38692e-06 3.62912e-07
 1.25972e-39 6.16544e-33 6.93746e-27 1.79465e-21 1.06735e-16 1.45941e-12 4.58765e-09 3.31551e-06 0.000550876 0.0210428 0.184798 0.373111 0.17359 0.0291663 0.0657016 0.0918101 0.0327458 0.0133196 0.00946086 0.00315735 0.00116529 0.000312721 5.7755e-05 6.30355e-06 3.50786e-07
 1.2634e-39 6.18349e-33 6.95776e-27 1.79991e-21 1.07047e-16 1.46368e-12 4.60108e-09 3.32521e-06 0.000552488 0.0211043 0.185338 0.374203 0.17409 0.0290408 0.0646062 0.0902799 0.0323948 0.0137913 0.00986266 0.00321616 0.00114988 0.00030333 5.67726e-05 6.34995e-06 3.49092e-07
 1.25749e-39 6.15454e-33 6.92519e-27 1.79148e-21 1.06546e-16 1.45683e-12 4.57954e-09 3.30965e-06 0.000549902 0.0210056 0.184471 0.372452 0.173283 0.0291241 0.0656424 0.0917394 0.0328922 0.0139229 0.00997783 0.00333805 0.00121962 0.00031466 5.72519e-05 6.38625e-06 3.56555e-07
 1.2624e-39 6.17856e-33 6.95221e-27 1.79847e-21 1.06962e-16 1.46251e-12 4.59741e-09 3.32256e-06 0.000552048 0.0210875 0.185191 0.373905 0.173951 0.029021 0.0645751 0.0902404 0.0324379 0.013992 0.0100621 0.00335812 0.00123229 0.000324985 5.94561e-05 6.48653e-06 3.57495e-07
 1.19187e-39 5.83337e-33 6.5638e-27 1.69799e-21 1.00986e-16 1.3808e-12 4.34056e-09 3.13693e-06 0.000521206 0.0199094 0.174844 0.353016 0.164331 0.0300016 0.0768569 0.107557 0.0386157 0.0165103 0.0118686 0.00400475 0.00148607 0.000392797 7.27066e-05 8.02488e-06 4.38608e-07
 1.19002e-39 5.82434e-33 6.55364e-27 1.69536e-21 1.0083e-16 1.37866e-12 4.33384e-09 3.13208e-06 0.000520399 0.0198786 0.174574 0.35247 0.164063 0.0295896 0.0745069 0.104319 0.0384781 0.0196737 0.0146083 0.00491035 0.00181891 0.000485686 9.07963e-05 1.01081e-05 5.57993e-07
 1.22989e-39 6.01946e-33 6.7732e-27 1.75216e-21 1.04208e-16 1.42485e-12 4.47903e-09 3.23701e-06 0.000537833 0.0205445 0.180422 0.364277 0.169503 0.0290815 0.0678461 0.0949095 0.0348635 0.0174018 0.0130604 0.00488959 0.002006 0.000540529 0.000101421 1.14057e-05 6.35696e-07
 1.22989e-39 6.01946e-33 6.7732e-27 1.75216e-21 1.04208e-16 1.42485e-12 4.47903e-09 3.23701e-06 0.000537833 0.0205445 0.180422 0.364277 0.169503 0.0290815 0.0678461 0.0949095 0.0348635 0.0174018 0.0130604 0.00488959 0.002006 0.000540529 0.000101421 1.14057e-05 6.35696e-07
#pred catch len freq
 2.14591e-27 2.17323e-27 6.58868e-27 1.51085e-21 8.98558e-17 1.22862e-12 3.86218e-09 2.79121e-06 0.000463755 0.0177151 0.155575 0.31411 0.146213 0.0265294 0.0673788 0.0945787 0.0384007 0.0306568 0.0272892 0.0185272 0.0156881 0.0136843 0.0142537 0.0133228 0.00561059
 2.14864e-27 2.1813e-27 7.50826e-27 1.8229e-21 1.08415e-16 1.48238e-12 4.65989e-09 3.36771e-06 0.00055954 0.0213741 0.187708 0.378986 0.176259 0.0279325 0.0563969 0.0787514 0.0287491 0.0138496 0.010933 0.00586824 0.00409645 0.00292758 0.00254098 0.00216327 0.000901003
 2.14786e-27 2.17955e-27 7.32952e-27 1.76226e-21 1.04809e-16 1.43307e-12 4.50488e-09 3.25569e-06 0.000540928 0.0206631 0.181464 0.36638 0.170495 0.0296408 0.0706264 0.09871 0.034588 0.0121179 0.00839668 0.00308881 0.00149096 0.000783394 0.000507313 0.000360657 0.000142457
 2.14835e-27 2.18082e-27 7.46833e-27 1.80937e-21 1.0761e-16 1.47137e-12 4.62529e-09 3.34271e-06 0.000555386 0.0212154 0.186314 0.376172 0.174999 0.0290222 0.0638989 0.0892721 0.0318978 0.0131462 0.00925294 0.00280059 0.000944226 0.000305256 0.00011885 5.99981e-05 2.09029e-05
 2.14954e-27 2.18373e-27 7.77583e-27 1.91367e-21 1.13813e-16 1.5562e-12 4.89192e-09 3.53541e-06 0.000587403 0.0224384 0.197055 0.397857 0.18499 0.0281126 0.0518098 0.0722047 0.0255001 0.00957113 0.00666492 0.00219211 0.000772214 0.000188564 3.92961e-05 1.01819e-05 2.62611e-06
 2.14862e-27 2.18144e-27 7.53086e-27 1.83056e-21 1.0887e-16 1.48861e-12 4.67946e-09 3.38186e-06 0.000561891 0.0214639 0.188497 0.380578 0.177042 0.029169 0.0634668 0.0886011 0.0308185 0.0100542 0.00670722 0.00210146 0.000715526 0.000183033 3.24233e-05 4.15824e-06 5.34511e-07
 2.14806e-27 2.18008e-27 7.38902e-27 1.78246e-21 1.0601e-16 1.44949e-12 4.5565e-09 3.29299e-06 0.000547126 0.0208998 0.183543 0.370578 0.172429 0.0294521 0.0682095 0.0953252 0.0337281 0.0128479 0.0088494 0.00257632 0.00078392 0.000190032 3.29224e-05 3.56586e-06 2.33251e-07
 2.14919e-27 2.18288e-27 7.68669e-27 1.88344e-21 1.12015e-16 1.53161e-12 4.81463e-09 3.47955e-06 0.000578122 0.0220839 0.193942 0.391571 0.182093 0.028356 0.0551903 0.0769826 0.0273659 0.0108381 0.00760105 0.002392 0.000791938 0.000179541 2.80564e-05 2.84545e-06 1.53197e-07
 2.14981e-27 2.18438e-27 7.84351e-27 1.93663e-21 1.15179e-16 1.57486e-12 4.9506e-09 3.57781e-06 0.000594448 0.0227075 0.199419 0.402629 0.187193 0.0280101 0.0497459 0.0692743 0.024179 0.00815962 0.00551423 0.0017762 0.000617337 0.000150853 2.43473e-05 2.2879e-06 1.11604e-07
 2.14943e-27 2.18345e-27 7.74307e-27 1.90255e-21 1.13152e-16 1.54715e-12 4.86348e-09 3.51485e-06 0.000583988 0.0223079 0.195909 0.395544 0.183934 0.0284538 0.0545899 0.0760881 0.0263955 0.00838004 0.00551096 0.00163276 0.000513969 0.000127897 2.19861e-05 2.17502e-06 1.0367e-07
 2.14897e-27 2.1823e-27 7.62194e-27 1.86146e-21 1.10708e-16 1.51373e-12 4.75844e-09 3.43894e-06 0.000571375 0.0218261 0.191678 0.387002 0.179999 0.028845 0.0595528 0.0830894 0.0289513 0.0096018 0.00637245 0.00182701 0.00053643 0.000122064 1.97158e-05 2.01109e-06 1.00816e-07
 2.14908e-27 2.18259e-27 7.65367e-27 1.87223e-21 1.11349e-16 1.52249e-12 4.78598e-09 3.45884e-06 0.000574681 0.0219524 0.192787 0.389241 0.181026 0.0286237 0.0575271 0.080253 0.0282046 0.0101376 0.00689034 0.00201854 0.000606222 0.000132729 1.96575e-05 1.85302e-06 9.14788e-08
 2.14882e-27 2.18196e-27 7.58638e-27 1.8494e-21 1.09991e-16 1.50393e-12 4.72762e-09 3.41667e-06 0.000567674 0.0216848 0.190437 0.384495 0.178842 0.0288858 0.0605578 0.084518 0.0296142 0.01036 0.00702531 0.00214516 0.000685378 0.000154128 2.28025e-05 2.02326e-06 9.22254e-08
 2.14854e-27 2.18127e-27 7.51399e-27 1.82485e-21 1.08531e-16 1.48396e-12 4.66486e-09 3.37131e-06 0.000560137 0.0213969 0.187908 0.37939 0.176488 0.029054 0.0631228 0.0881479 0.0310929 0.0115419 0.00793259 0.00239229 0.000759492 0.000178145 2.78295e-05 2.51069e-06 1.10979e-07
 2.14781e-27 2.17946e-27 7.32244e-27 1.75987e-21 1.04666e-16 1.43112e-12 4.49875e-09 3.25126e-06 0.000540192 0.020635 0.181217 0.365882 0.170269 0.0297389 0.0713755 0.0997749 0.0351182 0.0127955 0.00878344 0.00272581 0.000895437 0.000209366 3.31377e-05 3.12735e-06 1.42907e-07
 2.1479e-27 2.17971e-27 7.35092e-27 1.76954e-21 1.05241e-16 1.43899e-12 4.52348e-09 3.26913e-06 0.000543162 0.0207484 0.182214 0.367893 0.171187 0.0294222 0.0688357 0.0962329 0.0343845 0.0141712 0.00999764 0.00307676 0.00100656 0.000241657 3.9208e-05 3.74066e-06 1.75802e-07
 2.14836e-27 2.18084e-27 7.4706e-27 1.81014e-21 1.07656e-16 1.472e-12 4.62726e-09 3.34413e-06 0.000555623 0.0212244 0.186394 0.376333 0.175075 0.029059 0.0640752 0.0895105 0.0318421 0.0126864 0.00895677 0.00294691 0.00104188 0.000251361 4.11181e-05 4.02033e-06 1.92665e-07
 2.14839e-27 2.1809e-27 7.47528e-27 1.81171e-21 1.0775e-16 1.47328e-12 4.63129e-09 3.34705e-06 0.000556107 0.0212429 0.186556 0.37666 0.175232 0.0291974 0.0648211 0.0905365 0.0318584 0.0115851 0.00798486 0.00257825 0.000909158 0.000233751 4.05614e-05 4.02913e-06 1.96347e-07
 2.14837e-27 2.18086e-27 7.47154e-27 1.81045e-21 1.07674e-16 1.47226e-12 4.62806e-09 3.34471e-06 0.000555719 0.0212281 0.186426 0.376398 0.175108 0.0291494 0.0646075 0.0902482 0.0319349 0.0121794 0.00844351 0.00259821 0.000859649 0.000217119 3.86156e-05 4.06784e-06 2.05886e-07
 2.14796e-27 2.17983e-27 7.36276e-27 1.77355e-21 1.0548e-16 1.44225e-12 4.53373e-09 3.27654e-06 0.000544392 0.0207954 0.182626 0.368726 0.171576 0.0295283 0.0692324 0.0967654 0.0342092 0.0129473 0.00898637 0.0028329 0.000953654 0.000229827 3.88384e-05 4.09526e-06 2.1566e-07
 2.14785e-27 2.1796e-27 7.33985e-27 1.76579e-21 1.05018e-16 1.43594e-12 4.51389e-09 3.2622e-06 0.00054201 0.0207044 0.181827 0.367113 0.170826 0.0294141 0.0690214 0.096501 0.0345651 0.0145158 0.0103083 0.00324425 0.00109598 0.000269046 4.51181e-05 4.54912e-06 2.34535e-07
 2.14793e-27 2.17979e-27 7.36069e-27 1.77286e-21 1.05439e-16 1.44169e-12 4.53196e-09 3.27526e-06 0.000544179 0.0207873 0.182555 0.368582 0.171503 0.0293533 0.0682077 0.0953487 0.0340793 0.0140877 0.0100417 0.00334596 0.00120639 0.000298837 5.05618e-05 5.11115e-06 2.57006e-07
 2.14774e-27 2.17931e-27 7.30927e-27 1.75541e-21 1.04401e-16 1.4275e-12 4.48736e-09 3.24303e-06 0.000538825 0.0205827 0.180759 0.364955 0.169833 0.029532 0.0703914 0.0984265 0.0351623 0.0144803 0.0103018 0.00340759 0.00123817 0.000324359 5.7777e-05 5.9295e-06 2.99345e-07
 2.14801e-27 2.18e-27 7.38247e-27 1.78025e-21 1.05878e-16 1.44769e-12 4.55085e-09 3.28891e-06 0.000546448 0.0208739 0.183316 0.370118 0.17221 0.0292627 0.0671912 0.0939189 0.0336162 0.0140465 0.0100206 0.00330495 0.00119474 0.000312911 5.74097e-05 6.20976e-06 3.23874e-07
 2.14844e-27 2.18104e-27 7.49244e-27 1.81755e-21 1.08096e-16 1.47803e-12 4.64619e-09 3.35782e-06 0.000557896 0.0213113 0.187157 0.377873 0.175783 0.0289672 0.0630506 0.0880683 0.0313569 0.0125827 0.0089077 0.00296198 0.00107971 0.000282111 5.16839e-05 5.68931e-06 3.08781e-07
 2.14806e-27 2.18009e-27 7.39053e-27 1.78297e-21 1.0604e-16 1.44991e-12 4.55781e-09 3.29394e-06 0.000547284 0.0209059 0.183596 0.370685 0.172477 0.0294162 0.0679579 0.0949698 0.0335829 0.0127399 0.00887848 0.0028859 0.00102846 0.000269997 4.97099e-05 5.47459e-06 3.00379e-07
 2.14723e-27 2.17807e-27 7.17733e-27 1.71065e-21 1.01739e-16 1.3911e-12 4.37294e-09 3.16034e-06 0.000525085 0.0200579 0.176149 0.35565 0.16555 0.03004 0.0762971 0.106745 0.0380214 0.0152962 0.0107632 0.00339002 0.00115644 0.000295698 5.36551e-05 5.92409e-06 3.26148e-07
 2.14682e-27 2.17708e-27 7.07673e-27 1.67655e-21 9.97107e-17 1.36337e-12 4.28576e-09 3.09733e-06 0.000514617 0.019658 0.172638 0.348559 0.162271 0.0300275 0.0783579 0.109708 0.0398626 0.01853 0.0134804 0.00438966 0.00154258 0.000382835 6.65753e-05 7.17932e-06 3.92862e-07
 2.14549e-27 2.17383e-27 6.7345e-27 1.56047e-21 9.28069e-17 1.26897e-12 3.98902e-09 2.88288e-06 0.000478985 0.0182969 0.160684 0.324427 0.15115 0.0309913 0.0915154 0.128281 0.0467647 0.0222301 0.0164159 0.00581583 0.00225093 0.000581196 0.000101902 1.06278e-05 5.63525e-07
#obs catch len freq
 1.22478e-39 5.99443e-33 6.74502e-27 1.74487e-21 1.03774e-16 1.41892e-12 4.4604e-09 3.22354e-06 0.000535596 0.0204591 0.179672 0.362762 0.168814 0.0293874 0.0701704 0.0981513 0.0355463 0.0161715 0.011841 0.00419572 0.00167657 0.000492465 0.000106447 1.43138e-05 9.88506e-07
 1.22876e-39 6.01395e-33 6.767e-27 1.75056e-21 1.04112e-16 1.42355e-12 4.47493e-09 3.23404e-06 0.000537341 0.0205257 0.180257 0.363944 0.169361 0.0294179 0.0700003 0.0978979 0.0352757 0.0154895 0.0112488 0.00394402 0.00154949 0.000442955 9.23741e-05 1.19692e-05 7.97844e-07
 1.30701e-39 6.39691e-33 7.1979e-27 1.86203e-21 1.10742e-16 1.5142e-12 4.75989e-09 3.43998e-06 0.000571557 0.0218328 0.191735 0.387118 0.180036 0.0283814 0.0566885 0.0791214 0.0284778 0.0124023 0.00896691 0.00307697 0.00117935 0.000331635 6.73661e-05 8.42188e-06 5.40545e-07
 1.14931e-39 5.62505e-33 6.3294e-27 1.63736e-21 9.73797e-17 1.33149e-12 4.18556e-09 3.02491e-06 0.000502593 0.0191984 0.1686 0.34041 0.158541 0.0310063 0.0867901 0.121492 0.0426226 0.0150927 0.0104022 0.00354545 0.00134254 0.000368695 7.29255e-05 8.87894e-06 5.51281e-07
 1.3394e-39 6.55543e-33 7.37628e-27 1.90817e-21 1.13486e-16 1.55172e-12 4.87784e-09 3.52523e-06 0.000585721 0.0223738 0.196487 0.396711 0.184444 0.0276454 0.049304 0.0687657 0.0255543 0.0136382 0.0100752 0.00306819 0.00101442 0.000271337 5.25662e-05 6.22466e-06 3.75696e-07
 1.38324e-39 6.76999e-33 7.6177e-27 1.97063e-21 1.17201e-16 1.60251e-12 5.03749e-09 3.64061e-06 0.000604892 0.0231061 0.202918 0.409695 0.190448 0.0276892 0.0456577 0.0635023 0.0220038 0.00691673 0.0046929 0.00180575 0.000739573 0.000181488 3.15098e-05 3.59226e-06 2.11137e-07
 1.25983e-39 6.16598e-33 6.93806e-27 1.79481e-21 1.06744e-16 1.45953e-12 4.58806e-09 3.3158e-06 0.000550925 0.0210446 0.184814 0.373144 0.173626 0.0297338 0.0691562 0.0965887 0.0332081 0.00956744 0.00607677 0.00174083 0.000549579 0.00016057 3.1271e-05 3.30082e-06 1.80706e-07
 1.26662e-39 6.19923e-33 6.97547e-27 1.80449e-21 1.0732e-16 1.4674e-12 4.61279e-09 3.33368e-06 0.000553895 0.0211581 0.18581 0.375156 0.174532 0.029093 0.0646376 0.0903174 0.0323306 0.013504 0.00943453 0.00258528 0.000698868 0.000154717 2.68059e-05 3.14604e-06 1.74451e-07
 1.41734e-39 6.93689e-33 7.8055e-27 2.01921e-21 1.2009e-16 1.64201e-12 5.16168e-09 3.73036e-06 0.000619804 0.0236757 0.20792 0.419795 0.195091 0.0270011 0.0384133 0.0533294 0.0189428 0.00745957 0.00525855 0.00174086 0.000601766 0.000127785 1.77077e-05 1.69951e-06 9.31307e-08
 1.41048e-39 6.90332e-33 7.76772e-27 2.00944e-21 1.19509e-16 1.63407e-12 5.1367e-09 3.7123e-06 0.000616805 0.0235611 0.206914 0.417763 0.19417 0.0274809 0.0419549 0.0582571 0.0198086 0.00498843 0.00305489 0.000979217 0.000343963 8.7598e-05 1.41655e-05 1.22333e-06 5.4783e-08
 1.33754e-39 6.54633e-33 7.36603e-27 1.90552e-21 1.13329e-16 1.54956e-12 4.87106e-09 3.52033e-06 0.000584908 0.0223427 0.196214 0.39616 0.184225 0.0286144 0.0553857 0.07718 0.026379 0.00708503 0.00434517 0.00112055 0.000279895 6.71031e-05 1.1764e-05 1.18238e-06 5.41508e-08
 1.31171e-39 6.41991e-33 7.22379e-27 1.86873e-21 1.1114e-16 1.51964e-12 4.777e-09 3.45235e-06 0.000573613 0.0219113 0.192425 0.38851 0.180694 0.028762 0.0585923 0.0817402 0.0285402 0.00965256 0.00638931 0.00169189 0.000421025 8.06071e-05 1.08131e-05 1.06247e-06 5.37889e-08
 1.34789e-39 6.59698e-33 7.42303e-27 1.92027e-21 1.14206e-16 1.56155e-12 4.90876e-09 3.54757e-06 0.000589434 0.0225156 0.197732 0.399225 0.185624 0.0281317 0.0515152 0.0717794 0.0252185 0.00903962 0.00614635 0.00181543 0.00054121 0.000107751 1.32056e-05 1.02253e-06 4.4869e-08
 1.32694e-39 6.49445e-33 7.30765e-27 1.89042e-21 1.1243e-16 1.53728e-12 4.83246e-09 3.49243e-06 0.000580272 0.0221657 0.194659 0.393021 0.182772 0.0285712 0.0560679 0.0781717 0.0271352 0.00867159 0.00573296 0.00174648 0.000557651 0.000125263 1.76858e-05 1.36553e-06 5.13496e-08
 1.28243e-39 6.27659e-33 7.06252e-27 1.82701e-21 1.08659e-16 1.48571e-12 4.67036e-09 3.37528e-06 0.000560807 0.0214221 0.188129 0.379837 0.176699 0.029161 0.0636421 0.0888595 0.0310691 0.0106518 0.0071363 0.0020534 0.000609861 0.000141259 2.19518e-05 1.92415e-06 7.75772e-08
 1.1572e-39 5.66369e-33 6.37287e-27 1.6486e-21 9.80485e-17 1.34064e-12 4.2143e-09 3.04569e-06 0.000506045 0.0193303 0.169758 0.342748 0.159613 0.030768 0.0846305 0.118479 0.0419983 0.016249 0.0112637 0.00335604 0.00103218 0.000227872 3.41211e-05 3.16002e-06 1.41298e-07
 1.25943e-39 6.16402e-33 6.93585e-27 1.79424e-21 1.0671e-16 1.45907e-12 4.58659e-09 3.31474e-06 0.000550749 0.0210379 0.184755 0.373025 0.173533 0.0287129 0.0629599 0.0880274 0.0325282 0.0168066 0.01242 0.00395216 0.00133116 0.000306328 4.62303e-05 4.14285e-06 1.87141e-07
 1.22362e-39 5.98878e-33 6.73866e-27 1.74323e-21 1.03676e-16 1.41759e-12 4.4562e-09 3.2205e-06 0.000535091 0.0204398 0.179502 0.36242 0.168667 0.0297004 0.0721842 0.100937 0.0358143 0.0139909 0.0100196 0.00378479 0.00154222 0.000388265 6.3617e-05 5.89022e-06 2.64144e-07
 1.27057e-39 6.21855e-33 6.99721e-27 1.81011e-21 1.07654e-16 1.47198e-12 4.62717e-09 3.34406e-06 0.000555621 0.021224 0.186389 0.376325 0.175065 0.0288726 0.0629399 0.0879424 0.0317222 0.0140256 0.0100853 0.00324321 0.00118369 0.000348414 6.79743e-05 6.95968e-06 3.30534e-07
 1.23513e-39 6.0451e-33 6.80205e-27 1.75963e-21 1.04651e-16 1.43092e-12 4.49811e-09 3.25079e-06 0.000540124 0.020632 0.181191 0.365829 0.170239 0.0295798 0.0704206 0.0984502 0.0349289 0.0136246 0.00962533 0.00330603 0.0012385 0.000322058 6.23447e-05 7.4292e-06 4.02317e-07
 1.24674e-39 6.10193e-33 6.86599e-27 1.77617e-21 1.05635e-16 1.44437e-12 4.54039e-09 3.28135e-06 0.000545201 0.020826 0.182894 0.369268 0.171816 0.0292365 0.0672887 0.0940695 0.0338493 0.0147058 0.0105369 0.00337793 0.00119416 0.000321786 6.05263e-05 6.88995e-06 4.0175e-07
 1.26575e-39 6.19497e-33 6.97068e-27 1.80325e-21 1.07246e-16 1.4664e-12 4.60963e-09 3.33139e-06 0.000553515 0.0211435 0.185683 0.374898 0.174411 0.0290308 0.0643358 0.0898923 0.0321673 0.0134206 0.00960988 0.00326854 0.0012103 0.000309272 5.63812e-05 6.37758e-06 3.62215e-07
 1.25004e-39 6.11808e-33 6.88417e-27 1.78087e-21 1.05915e-16 1.4482e-12 4.55241e-09 3.29004e-06 0.000546645 0.0208811 0.183378 0.370245 0.172271 0.0293302 0.0675659 0.094434 0.0336182 0.0134733 0.0095355 0.00317303 0.00116714 0.000312752 5.76926e-05 6.29223e-06 3.4999e-07
 1.2529e-39 6.13208e-33 6.89991e-27 1.78494e-21 1.06157e-16 1.45151e-12 4.56283e-09 3.29756e-06 0.000547895 0.0209289 0.183797 0.371092 0.172658 0.0292148 0.066606 0.0930951 0.0333391 0.0139856 0.00996767 0.00324126 0.00115491 0.000304197 5.68655e-05 6.35589e-06 3.4926e-07
 1.24649e-39 6.10071e-33 6.86461e-27 1.77581e-21 1.05614e-16 1.44408e-12 4.53948e-09 3.28069e-06 0.000545092 0.0208218 0.182857 0.369194 0.171784 0.0293054 0.0677312 0.0946799 0.0338802 0.0141322 0.0100931 0.00336687 0.00122608 0.000315864 5.74e-05 6.39812e-06 3.57055e-07
 1.25084e-39 6.122e-33 6.88857e-27 1.78201e-21 1.05983e-16 1.44912e-12 4.55533e-09 3.29214e-06 0.000546994 0.0208945 0.183495 0.370482 0.172376 0.0292089 0.0667537 0.0933078 0.033474 0.0142296 0.0101989 0.00339399 0.00124131 0.000326881 5.97314e-05 6.5119e-06 3.58725e-07
 1.17823e-39 5.76661e-33 6.48869e-27 1.67856e-21 9.98304e-17 1.365e-12 4.29089e-09 3.10103e-06 0.000515241 0.0196816 0.172843 0.348976 0.162472 0.0302237 0.0794303 0.11118 0.0398387 0.0167879 0.0120277 0.00404666 0.00149669 0.000395021 7.30303e-05 8.05493e-06 4.40049e-07
 1.17691e-39 5.76015e-33 6.48141e-27 1.67668e-21 9.97185e-17 1.36347e-12 4.28608e-09 3.09756e-06 0.000514664 0.0196595 0.17265 0.348585 0.162275 0.0297982 0.0769512 0.107761 0.0396516 0.0199789 0.0147934 0.00495825 0.00183057 0.000488076 9.11338e-05 1.01385e-05 5.59418e-07
 1.15812e-39 5.66817e-33 6.37792e-27 1.64991e-21 9.81262e-17 1.3417e-12 4.21764e-09 3.0481e-06 0.000506446 0.0193456 0.169893 0.343019 0.15971 0.0300147 0.0799502 0.111986 0.0410969 0.0203903 0.015282 0.00570677 0.0023355 0.000628535 0.000117805 1.32395e-05 7.37586e-07
#spawning biomass
 3945.74 2335.14 2194.16 2096.91 2268.26 3479.1 4244.98 4330.48 6111.91 10907.4 15513 20893.6 28057.2 38096 37216.4 34417.2 31589.3 28062.8 30095.2 30705.8 35023.2 36063.2 38480.8 37883.7 39816.4 44767.6 45166.8 46100.8 39510.7 115770 162946 150092 103422 67788.7 46524.4 34839.1 28698.6 25561.8 23989.1 23210.5 22828.3 22641.8 22551.2 22507.3 22486 22475.8 22470.8 22468.5 22467.3 22466.8 22466.5 22466.4 22466.3 22466.3 22466.3 22466.3 22466.3 22466.3 22466.3 22466.3 22466.3 22466.3 22466.3 22466.3 22466.3 22466.3 22466.3 22466.3 22466.3 22466.3 22466.3 22466.3 22466.3 22466.3 22466.3 22466.3 22466.3 22466.3 22466.3 22466.3 22466.3 22466.3 22466.3 22466.3 22466.3 22466.3 22466.3 22466.3 22466.3 22466.3 22466.3 22466.3 22466.3 22466.3 22466.3 22466.3 22466.3 22466.3 22466.3 22466.3 22466.3 22466.3 22466.3 22466.3 22466.3 22466.3 22466.3 22466.3 22466.3 22466.3 22466.3 22466.3 22466.3 22466.3 22466.3 22466.3 22466.3 22466.3 22466.3 22466.3 22466.3 22466.3 22466.3 22466.3 22466.3 22466.3 22466.3 22466.3 22466.3 0 0 0 0 0 0 0 0 0 0 0 0 0 0 0 0 0 0 0 0 0 0 0 0 0
