SBPRF35
0.224663
Curr Bio
43092.3
B35
177154
F35
0.332969
FOFL
0
OFL
0
Bzero
64189.3
#pred survey bio
 6381.23 8417.34 8703.26 7861.68 10359 15100.7 16511 19394 33313.7 55731.7 71674.3 86376.1 113064 156639 162473 140911 125639 120877 129435 131633 124650 140340 145499 152308 166058 199305 169140 150100 3.31962e+06 3.35427e+06 2.74132e+06 2.0655e+06 1.56051e+06 1.23842e+06 1.04878e+06 941672 882316 849551 831341 821073 815169 811697 809606 808314 807506 806993 806661 806444 806301 806206 806143 806100 806072 806053 806040 806031 806025 806021 806018 806017 806015 806015 806014 806014 806013 806013 806013 806013 806013 806013 806013 806013 806013 806013 806013 806013 806013 806013 806013 806013 806013 806013 806013 806013 806013 806013 806013 806013 806013 806013 806013 806013 806013 806013 806013 806013 806013 806013 806013 806013 806013 806013 806013 806013 806013 806013 806013 806013 806013 806013 806013 806013 806013 806013 806013 806013 806013 806013 806013 806013 806013 806013 806013 806013 806013 806013 806013 806013 0 0 0 0 0 0 0 0 0 0 0 0 0 0 0 0 0 0 0 0 0 0 0 0 0
#obs survey bio
 5697.36 9490.09 6647.32 9683.59 10024.9 14437.4 12084.5 31096.3 54375.1 51868.2 111845 109406 102310 173435 128371 151706 87231.1 119481 154923 125820 115164 131125 126944 141172 179796 239622 166243 177815
#pred catch bio
 3364.27 5411.14 6008.88 5098.4 6148.11 9880.69 11346.3 11999.5 19167.5 35735.3 46398.3 54835.3 68918.7 100893 110962 97326.3 86215.6 79030.5 84451.6 88965.2 78403.9 91552.9 95168.4 99609.5 97920.7 133160 110976 101693 0 36918.9 29455 21589.3 15886.4 12364.8 10371.8 9301.52 8745.63 8463.14 8321.67 8251.52 8216.97 8200.03 8191.76 8187.71 8185.75 8184.8 8184.34 8184.11 8184.01 8183.95 8183.93 8183.92 8183.91 8183.91 8183.9 8183.9 8183.9 8183.9 8183.9 8183.9 8183.9 8183.9 8183.9 8183.9 8183.9 8183.9 8183.9 8183.9 8183.9 8183.9 8183.9 8183.9 8183.9 8183.9 8183.9 8183.9 8183.9 8183.9 8183.9 8183.9 8183.9 8183.9 8183.9 8183.9 8183.9 8183.9 8183.9 8183.9 8183.9 8183.9 8183.9 8183.9 8183.9 8183.9 8183.9 8183.9 8183.9 8183.9 8183.9 8183.9 8183.9 8183.9 8183.9 8183.9 8183.9 8183.9 8183.9 8183.9 8183.9 8183.9 8183.9 8183.9 8183.9 8183.9 8183.9 8183.9 8183.9 8183.9 8183.9 8183.9 8183.9 8183.9 8183.9 8183.9 8183.9 8183.9 8183.9 8183.9 0 0 0 0 0 0 0 0 0 0 0 0 0 0 0 0 0 0 0 0 0 0 0 0 0
#obs catch bio
 5132.9 5487.48 6181.16 5075.02 5976.48 9826.98 11497.2 11786.7 18275.1 35206 44805.9 52825 68545.1 99488.4 113403 98576.6 89355.4 80096.9 84593 88670 77452 91844.7 94643.5 101370 97668.1 133174 110404 101832
#pred cpue bio
 5692.84 7144.01 7430.86 6679.36 8601.54 12685.7 13990 16075.6 27354.8 46493.1 60037.1 72633.1 94579.2 131465 139137 120655 106815 102256 109770 112316 106035 119306 123780 129316 140401 170823 146214 129393 2.82265e+06 3.31424e+06 2.70129e+06 2.02548e+06 1.52048e+06 1.19839e+06 1.00875e+06 901645 842289 809524 791314 781046 775142 771670 769579 768287 767479 766966 766634 766417 766274 766179 766116 766073 766045 766026 766013 766004 765998 765994 765991 765990 765988 765987 765987 765987 765986 765986 765986 765986 765986 765986 765986 765986 765986 765986 765986 765986 765986 765986 765986 765986 765986 765986 765986 765986 765986 765986 765986 765986 765986 765986 765986 765986 765986 765986 765986 765986 765986 765986 765986 765986 765986 765986 765986 765986 765986 765986 765986 765986 765986 765986 765986 765986 765986 765986 765986 765986 765986 765986 765986 765986 765986 765986 765986 765986 765986 765986 765986 765986 0 0 0 0 0 0 0 0 0 0 0 0 0 0 0 0 0 0 0 0 0 0 0 0 0
#obs cpue bio
 8900.27 5306.98 5728.3 6944.61 16192 12148.9 14174.5 15921 46790.8 46360.5 78238.2 104414 86763.6 168468 99931.9 99842.3 74771.5 93680.3 96265.6 131741 140134 112171 163301 91782 146366 153280 160412 103724
#pred surv len freq
 2.14725e-27 2.17695e-27 7.00438e-27 1.6519e-21 9.82451e-17 1.34333e-12 4.22276e-09 3.0518e-06 0.000507053 0.0193691 0.1701 0.343435 0.159767 0.0264273 0.0579188 0.0811474 0.0325407 0.0248294 0.0218982 0.014594 0.0121845 0.010468 0.0107316 0.00992049 0.00415793
 2.1491e-27 2.18245e-27 7.6337e-27 1.86546e-21 1.10946e-16 1.51699e-12 4.76868e-09 3.44634e-06 0.000572604 0.0218731 0.19209 0.387833 0.180337 0.0275956 0.0516739 0.0720913 0.0263792 0.0128972 0.0101816 0.00538979 0.00370072 0.00258741 0.00219514 0.00183828 0.000760186
 2.14823e-27 2.18047e-27 7.42783e-27 1.79562e-21 1.06792e-16 1.46019e-12 4.59014e-09 3.31731e-06 0.000551165 0.0210541 0.184899 0.373314 0.173685 0.0292261 0.0660043 0.0922065 0.0324474 0.0118165 0.00830476 0.00314882 0.00155132 0.000800733 0.000502812 0.00034833 0.000136025
 2.14849e-27 2.18117e-27 7.50648e-27 1.82231e-21 1.0838e-16 1.4819e-12 4.65838e-09 3.36663e-06 0.00055936 0.0213672 0.187648 0.378864 0.176236 0.0288238 0.0618763 0.08643 0.0310115 0.0131926 0.00938985 0.00295747 0.00105934 0.00035436 0.000137242 6.68493e-05 2.28301e-05
 2.14984e-27 2.18449e-27 7.85847e-27 1.94172e-21 1.15481e-16 1.579e-12 4.96361e-09 3.58721e-06 0.00059601 0.0227672 0.199943 0.403687 0.187669 0.0276708 0.0473558 0.0659513 0.0236263 0.00994074 0.00713719 0.00244337 0.000907416 0.000233511 5.16603e-05 1.34073e-05 3.36176e-06
 2.14913e-27 2.18272e-27 7.66809e-27 1.87712e-21 1.1164e-16 1.52647e-12 4.79848e-09 3.46788e-06 0.000576183 0.0220098 0.193291 0.390258 0.181495 0.028581 0.0569599 0.0794455 0.0278013 0.00961885 0.00658853 0.00224339 0.000848363 0.000229765 4.34081e-05 5.93293e-06 7.73809e-07
 2.14862e-27 2.18148e-27 7.53692e-27 1.83263e-21 1.08994e-16 1.49029e-12 4.68475e-09 3.38568e-06 0.000562526 0.0214881 0.18871 0.381008 0.177231 0.028919 0.0618109 0.0863072 0.0305576 0.0117087 0.00811821 0.00248036 0.000825554 0.00022112 4.24941e-05 4.96013e-06 3.47286e-07
 2.14992e-27 2.18468e-27 7.87695e-27 1.94798e-21 1.15854e-16 1.5841e-12 4.97962e-09 3.59879e-06 0.000597933 0.0228406 0.200588 0.404989 0.188272 0.0276943 0.0471065 0.0655882 0.0233432 0.00933533 0.0065793 0.00211971 0.000730871 0.000176823 3.08863e-05 3.51135e-06 2.07504e-07
 2.15039e-27 2.18583e-27 7.99691e-27 1.98866e-21 1.18273e-16 1.61718e-12 5.08362e-09 3.67395e-06 0.000610421 0.0233177 0.204777 0.413447 0.192174 0.0274676 0.0431733 0.0600118 0.0209335 0.00702567 0.00475485 0.00156948 0.00056453 0.000142717 2.44721e-05 2.53266e-06 1.38774e-07
 2.14952e-27 2.18366e-27 7.76553e-27 1.91017e-21 1.13605e-16 1.55335e-12 4.88297e-09 3.52893e-06 0.000586327 0.0223973 0.196694 0.397129 0.184663 0.0283541 0.0535037 0.0745604 0.0259011 0.00833948 0.00551471 0.00165532 0.000534142 0.000137132 2.45873e-05 2.56873e-06 1.32912e-07
 2.1493e-27 2.18314e-27 7.71234e-27 1.89213e-21 1.12532e-16 1.53868e-12 4.83686e-09 3.49561e-06 0.00058079 0.0221858 0.194837 0.393378 0.182931 0.0283953 0.0548854 0.0765336 0.0269491 0.00985232 0.0067259 0.00197448 0.000601769 0.000140073 2.33985e-05 2.48884e-06 1.31337e-07
 2.14908e-27 2.1826e-27 7.65596e-27 1.87301e-21 1.11395e-16 1.52313e-12 4.78798e-09 3.46028e-06 0.000574921 0.0219616 0.192868 0.389403 0.181098 0.0285463 0.0570055 0.0795269 0.0280688 0.0104766 0.0072437 0.00227172 0.000750929 0.000171042 2.63366e-05 2.57001e-06 1.3209e-07
 2.1494e-27 2.1834e-27 7.74092e-27 1.90183e-21 1.13109e-16 1.54657e-12 4.86166e-09 3.51353e-06 0.000583768 0.0222996 0.195836 0.395395 0.183855 0.028182 0.0529756 0.073858 0.0262238 0.0102869 0.00720578 0.00228936 0.00078159 0.000190258 3.07121e-05 2.86638e-06 1.35959e-07
 2.1492e-27 2.1829e-27 7.68788e-27 1.88384e-21 1.12039e-16 1.53194e-12 4.81566e-09 3.48029e-06 0.000578245 0.0220886 0.193983 0.391655 0.182134 0.028412 0.0555074 0.0774174 0.0273498 0.0102928 0.00716474 0.00234017 0.000828199 0.00020662 3.50574e-05 3.45447e-06 1.63806e-07
 2.14794e-27 2.17979e-27 7.3583e-27 1.77204e-21 1.0539e-16 1.44102e-12 4.52986e-09 3.27374e-06 0.000543927 0.0207777 0.18247 0.368412 0.171431 0.0295344 0.0693643 0.0969519 0.0342817 0.0129967 0.00903704 0.00288625 0.00100299 0.000256945 4.52983e-05 4.65426e-06 2.31609e-07
 2.14799e-27 2.17995e-27 7.37918e-27 1.77914e-21 1.05812e-16 1.44679e-12 4.54801e-09 3.28686e-06 0.000546107 0.0208609 0.183202 0.369888 0.172098 0.0291381 0.0665006 0.0929706 0.0336252 0.0151458 0.0109326 0.00350715 0.00121648 0.000305961 5.38861e-05 5.7159e-06 2.96271e-07
 2.14845e-27 2.18109e-27 7.49899e-27 1.81978e-21 1.08229e-16 1.47984e-12 4.6519e-09 3.36194e-06 0.000558582 0.0213374 0.187387 0.378337 0.175991 0.0287939 0.0618523 0.0864008 0.0310557 0.0133961 0.00971177 0.00344236 0.00132839 0.000338894 5.9236e-05 6.2395e-06 3.28853e-07
 2.14875e-27 2.1818e-27 7.57258e-27 1.84473e-21 1.09713e-16 1.50014e-12 4.71569e-09 3.40805e-06 0.000566242 0.0216301 0.189956 0.383525 0.178386 0.0286744 0.059559 0.0831471 0.0296222 0.0119456 0.00850804 0.00294534 0.00114336 0.000321082 6.09203e-05 6.49985e-06 3.41128e-07
 2.14859e-27 2.1814e-27 7.53034e-27 1.8304e-21 1.08861e-16 1.48848e-12 4.67906e-09 3.38157e-06 0.000561843 0.021462 0.18848 0.380545 0.177014 0.0288336 0.0614293 0.0857832 0.030554 0.0122943 0.00870776 0.00289625 0.00107139 0.000296867 5.89787e-05 6.85256e-06 3.76209e-07
 2.14821e-27 2.18047e-27 7.43202e-27 1.79705e-21 1.06878e-16 1.46136e-12 4.59381e-09 3.31996e-06 0.000551606 0.021071 0.185047 0.373612 0.173819 0.0291087 0.0651979 0.0911061 0.0325799 0.013521 0.00963939 0.00319937 0.00116701 0.000309863 5.93895e-05 7.03546e-06 4.11253e-07
 2.14841e-27 2.18098e-27 7.48708e-27 1.81574e-21 1.07989e-16 1.47656e-12 4.64157e-09 3.35448e-06 0.000557341 0.0212901 0.18697 0.377496 0.175605 0.0288602 0.0625105 0.087327 0.0313668 0.0134561 0.00968162 0.00327158 0.00121531 0.00032089 5.97305e-05 6.81967e-06 3.9803e-07
 2.14846e-27 2.1811e-27 7.49984e-27 1.82006e-21 1.08246e-16 1.48007e-12 4.65263e-09 3.36247e-06 0.00055867 0.0213408 0.187416 0.378396 0.176019 0.0287884 0.0618011 0.0863304 0.0310584 0.0134818 0.00974802 0.00336041 0.00128063 0.000344806 6.47553e-05 7.25887e-06 4.10916e-07
 2.1484e-27 2.18096e-27 7.4847e-27 1.81493e-21 1.07941e-16 1.4759e-12 4.6395e-09 3.35298e-06 0.000557092 0.0212806 0.186887 0.377328 0.175529 0.0288981 0.0627929 0.0877181 0.0314075 0.0131628 0.00945764 0.00328438 0.00126854 0.000349482 6.73973e-05 7.66229e-06 4.30765e-07
 2.14853e-27 2.18127e-27 7.51783e-27 1.82616e-21 1.08609e-16 1.48504e-12 4.66823e-09 3.37374e-06 0.000560542 0.0214123 0.188044 0.379664 0.176605 0.0287754 0.0613391 0.0856718 0.0307252 0.0130336 0.00936293 0.00318557 0.00120771 0.000335364 6.60076e-05 7.70077e-06 4.40902e-07
 2.14879e-27 2.1819e-27 7.58345e-27 1.84842e-21 1.09933e-16 1.50314e-12 4.72513e-09 3.41486e-06 0.000567374 0.0216733 0.190336 0.384292 0.178737 0.0285966 0.0588534 0.0821601 0.0293777 0.0121857 0.00872085 0.00298626 0.00113306 0.000308966 6.02875e-05 7.13496e-06 4.17931e-07
 2.14792e-27 2.17977e-27 7.35839e-27 1.77208e-21 1.05392e-16 1.44105e-12 4.52997e-09 3.27382e-06 0.00054394 0.0207782 0.182475 0.36842 0.171426 0.029299 0.0679248 0.0949589 0.0340606 0.0144624 0.0103833 0.00351025 0.00131648 0.000359685 6.96887e-05 8.15534e-06 4.79992e-07
 2.14735e-27 2.17838e-27 7.21368e-27 1.723e-21 1.02473e-16 1.40114e-12 4.40451e-09 3.18315e-06 0.000528876 0.0202027 0.177421 0.358217 0.166721 0.0296305 0.0730237 0.102173 0.0369651 0.0166949 0.0121561 0.00416596 0.00157831 0.000426782 8.20103e-05 9.55346e-06 5.57843e-07
 2.14758e-27 2.17897e-27 7.27836e-27 1.74495e-21 1.03779e-16 1.419e-12 4.46063e-09 3.22371e-06 0.000535615 0.0204601 0.179682 0.362781 0.168815 0.0291935 0.0689801 0.0965057 0.035404 0.0175219 0.0130367 0.00463933 0.00183046 0.000502818 9.69051e-05 1.11945e-05 6.49253e-07
#obs surv len freq
 1.23157e-39 6.02768e-33 6.78245e-27 1.75455e-21 1.0435e-16 1.4268e-12 4.48515e-09 3.24143e-06 0.000538568 0.0205726 0.180668 0.364775 0.169742 0.0293235 0.0691737 0.0967414 0.0349829 0.01575 0.0115021 0.0040546 0.00160306 0.000460128 9.59529e-05 1.23465e-05 8.13397e-07
 1.31382e-39 6.43022e-33 7.23539e-27 1.87173e-21 1.11319e-16 1.52208e-12 4.78467e-09 3.45789e-06 0.000574534 0.0219465 0.192734 0.389134 0.180963 0.028232 0.0551685 0.0769871 0.0278332 0.0125103 0.00911196 0.00315537 0.00122168 0.000345224 7.04301e-05 8.81101e-06 5.6263e-07
 1.14575e-39 5.60766e-33 6.30983e-27 1.63229e-21 9.70786e-17 1.32737e-12 4.17261e-09 3.01556e-06 0.000501039 0.019139 0.168079 0.339357 0.158053 0.0309929 0.0870253 0.121833 0.0428744 0.0156084 0.0108523 0.0037491 0.00144208 0.000399669 7.96716e-05 9.74312e-06 6.05708e-07
 1.34481e-39 6.5819e-33 7.40606e-27 1.91588e-21 1.13944e-16 1.55798e-12 4.89754e-09 3.53946e-06 0.000588086 0.0224641 0.19728 0.398313 0.185178 0.0274961 0.0479099 0.0668122 0.0250209 0.0139391 0.0103768 0.00319084 0.00107176 0.000290737 5.71015e-05 6.82243e-06 4.14004e-07
 1.39117e-39 6.80882e-33 7.6614e-27 1.98193e-21 1.17873e-16 1.6117e-12 5.06639e-09 3.66149e-06 0.000608362 0.0232386 0.204082 0.412045 0.191529 0.0275566 0.0441405 0.0613662 0.0212816 0.00674975 0.00460671 0.00181097 0.000756089 0.00018768 3.31107e-05 3.83089e-06 2.27583e-07
 1.26662e-39 6.19922e-33 6.97546e-27 1.80449e-21 1.0732e-16 1.4674e-12 4.61279e-09 3.33367e-06 0.000553894 0.0211581 0.18581 0.375156 0.174552 0.0296175 0.0678399 0.0947364 0.0325953 0.00946991 0.00603151 0.00172814 0.000548957 0.000163484 3.24007e-05 3.47191e-06 1.92989e-07
 1.27414e-39 6.23602e-33 7.01687e-27 1.8152e-21 1.07957e-16 1.47611e-12 4.64017e-09 3.35346e-06 0.000557182 0.0212836 0.186913 0.377382 0.175557 0.0289579 0.0631423 0.0882142 0.0316501 0.0134475 0.00942803 0.00258207 0.000697052 0.000154435 2.70619e-05 3.23428e-06 1.8221e-07
 1.4208e-39 6.95384e-33 7.82458e-27 2.02414e-21 1.20383e-16 1.64603e-12 5.1743e-09 3.73948e-06 0.000621319 0.0237336 0.208428 0.420821 0.195563 0.0269358 0.0377056 0.0523344 0.0186251 0.00744824 0.00527138 0.00175206 0.000607912 0.000128882 1.78214e-05 1.72055e-06 9.56836e-08
 1.41939e-39 6.94691e-33 7.81677e-27 2.02213e-21 1.20263e-16 1.64438e-12 5.16913e-09 3.73574e-06 0.000620699 0.0237099 0.20822 0.420401 0.195384 0.0273303 0.0402405 0.0558444 0.0190074 0.00485022 0.00298703 0.000960191 0.000338531 8.64023e-05 1.3977e-05 1.20479e-06 5.40649e-08
 1.35166e-39 6.61545e-33 7.44381e-27 1.92564e-21 1.14525e-16 1.56593e-12 4.9225e-09 3.5575e-06 0.000591084 0.0225787 0.198286 0.400343 0.186151 0.0283993 0.0528119 0.0735536 0.0251201 0.00668278 0.00408443 0.00105466 0.000264236 6.34544e-05 1.11418e-05 1.12042e-06 5.12675e-08
 1.32156e-39 6.46811e-33 7.27803e-27 1.88276e-21 1.11975e-16 1.53105e-12 4.81287e-09 3.47827e-06 0.00057792 0.0220758 0.193869 0.391427 0.182038 0.0286283 0.056897 0.079349 0.0276758 0.0092647 0.0061102 0.00160443 0.000393059 7.50389e-05 1.00706e-05 9.90281e-07 5.01557e-08
 1.35961e-39 6.65437e-33 7.4876e-27 1.93697e-21 1.15199e-16 1.57514e-12 4.95146e-09 3.57843e-06 0.000594561 0.0227115 0.199452 0.402698 0.187223 0.0279599 0.0494197 0.0688264 0.0241855 0.00868339 0.00589973 0.00172438 0.000505374 9.9363e-05 1.20007e-05 9.24646e-07 4.05559e-08
 1.3386e-39 6.55151e-33 7.37187e-27 1.90703e-21 1.13418e-16 1.55079e-12 4.87493e-09 3.52312e-06 0.000585371 0.0223604 0.196369 0.396474 0.184363 0.0284066 0.054022 0.0752875 0.02611 0.00826591 0.00544659 0.00165096 0.00052218 0.000115655 1.60204e-05 1.21772e-06 4.52792e-08
 1.28926e-39 6.31002e-33 7.10013e-27 1.83674e-21 1.09238e-16 1.49363e-12 4.69523e-09 3.39325e-06 0.000563794 0.0215362 0.189131 0.38186 0.177631 0.029059 0.0624095 0.087123 0.0304687 0.0104672 0.00700938 0.0019979 0.000583918 0.000133862 2.04979e-05 1.76489e-06 6.99163e-08
 1.16585e-39 5.70603e-33 6.42051e-27 1.66093e-21 9.87815e-17 1.35066e-12 4.24581e-09 3.06845e-06 0.000509828 0.0194748 0.171027 0.34531 0.160791 0.0306098 0.0828926 0.116035 0.0412179 0.0162197 0.011282 0.00334751 0.00102078 0.000222419 3.26967e-05 2.98081e-06 1.31075e-07
 1.26161e-39 6.17471e-33 6.94789e-27 1.79735e-21 1.06895e-16 1.4616e-12 4.59455e-09 3.32049e-06 0.000551705 0.0210744 0.185075 0.373672 0.173829 0.0286376 0.0623049 0.0871114 0.0323029 0.0170363 0.0126376 0.0040369 0.00136376 0.000311804 4.64187e-05 4.08682e-06 1.81282e-07
 1.22831e-39 6.01171e-33 6.76448e-27 1.74991e-21 1.04073e-16 1.42302e-12 4.47327e-09 3.23284e-06 0.000537141 0.0205181 0.18019 0.363808 0.169304 0.0295706 0.0709733 0.0992403 0.0353473 0.0142398 0.0102786 0.0039095 0.00160294 0.000404332 6.60734e-05 6.05176e-06 2.67025e-07
 1.27328e-39 6.23184e-33 7.01217e-27 1.81398e-21 1.07884e-16 1.47512e-12 4.63706e-09 3.35121e-06 0.000556809 0.0212694 0.186788 0.377129 0.175433 0.0287771 0.0621143 0.0867874 0.0314321 0.0142942 0.0103493 0.00336808 0.00124806 0.000369698 7.23727e-05 7.40044e-06 3.48877e-07
 1.2418e-39 6.07776e-33 6.83879e-27 1.76913e-21 1.05217e-16 1.43865e-12 4.52241e-09 3.26835e-06 0.000543042 0.0207435 0.182169 0.367805 0.171147 0.0294258 0.0688848 0.0962944 0.0342885 0.0137721 0.00980776 0.00340637 0.00129385 0.000340602 6.67189e-05 7.98882e-06 4.3268e-07
 1.25816e-39 6.15782e-33 6.92888e-27 1.79243e-21 1.06603e-16 1.4576e-12 4.58198e-09 3.31141e-06 0.000550195 0.0210167 0.184569 0.37265 0.173372 0.0290437 0.0650924 0.0909777 0.0328113 0.0144898 0.0104294 0.00337993 0.00121316 0.000330806 6.30865e-05 7.27053e-06 4.27047e-07
 1.2732e-39 6.23143e-33 7.0117e-27 1.81386e-21 1.07877e-16 1.47502e-12 4.63675e-09 3.35099e-06 0.000556772 0.021268 0.186775 0.377104 0.175426 0.0289051 0.0629032 0.0878758 0.0314935 0.0132908 0.00954445 0.00325945 0.00121497 0.000313865 5.80674e-05 6.65949e-06 3.82973e-07
 1.26507e-39 6.19162e-33 6.96691e-27 1.80227e-21 1.07188e-16 1.4656e-12 4.60713e-09 3.32958e-06 0.000553215 0.0211321 0.185582 0.374695 0.17432 0.0290948 0.0647877 0.0905212 0.0322802 0.0131116 0.00930759 0.00309934 0.00114155 0.000306931 5.70781e-05 6.30727e-06 3.5579e-07
 1.25632e-39 6.14884e-33 6.91877e-27 1.78982e-21 1.06447e-16 1.45548e-12 4.5753e-09 3.30658e-06 0.000549392 0.0209861 0.1843 0.372106 0.173125 0.0291485 0.0658956 0.0920965 0.0330236 0.0139863 0.00999079 0.00325612 0.00116277 0.00030611 5.72814e-05 6.43933e-06 3.57594e-07
 1.26806e-39 6.20628e-33 6.98341e-27 1.80654e-21 1.07442e-16 1.46907e-12 4.61804e-09 3.33747e-06 0.000554525 0.0211822 0.186022 0.375583 0.174725 0.0289685 0.0637493 0.0890717 0.0319618 0.0136108 0.00976198 0.00325458 0.00118448 0.000305186 5.54329e-05 6.17874e-06 3.46042e-07
 1.26257e-39 6.1794e-33 6.95316e-27 1.79872e-21 1.06976e-16 1.46271e-12 4.59804e-09 3.32301e-06 0.000552123 0.0210904 0.185216 0.373956 0.173977 0.0290677 0.0648452 0.0906127 0.0324537 0.0136286 0.00975117 0.00326504 0.00120136 0.000315859 5.75869e-05 6.27082e-06 3.45296e-07
 1.19828e-39 5.86477e-33 6.59913e-27 1.70713e-21 1.0153e-16 1.38823e-12 4.36393e-09 3.15382e-06 0.000524011 0.0200166 0.175785 0.354916 0.165207 0.0299298 0.0758459 0.10613 0.0380825 0.016215 0.0116231 0.0038612 0.00141039 0.000373088 6.90907e-05 7.60286e-06 4.14471e-07
 1.19783e-39 5.86257e-33 6.59666e-27 1.70649e-21 1.01492e-16 1.38771e-12 4.36229e-09 3.15264e-06 0.000523815 0.0200091 0.17572 0.354783 0.165131 0.0295436 0.0735287 0.102929 0.0378422 0.0189708 0.0140353 0.00470323 0.00172901 0.000454611 8.40387e-05 9.34521e-06 5.15123e-07
 1.22852e-39 6.01278e-33 6.76568e-27 1.75022e-21 1.04092e-16 1.42327e-12 4.47406e-09 3.23341e-06 0.000537236 0.0205217 0.180222 0.363873 0.169318 0.029137 0.068307 0.0955544 0.0350289 0.0172624 0.0129044 0.00477141 0.00193466 0.000518057 9.60313e-05 1.06552e-05 5.90237e-07
#pred catch len freq
 2.14647e-27 2.1749e-27 6.78182e-27 1.5764e-21 9.37543e-17 1.28192e-12 4.02974e-09 2.91231e-06 0.000483875 0.0184837 0.162325 0.327737 0.15252 0.0267047 0.0643427 0.0902396 0.0361869 0.0276115 0.0243519 0.0162293 0.0135498 0.0116409 0.011934 0.0110321 0.00462383
 2.14865e-27 2.18133e-27 7.51404e-27 1.82487e-21 1.08532e-16 1.48398e-12 4.66491e-09 3.37134e-06 0.000560144 0.0213971 0.18791 0.379394 0.176447 0.0279169 0.0561788 0.0784481 0.0287053 0.0140345 0.0110794 0.00586507 0.00402706 0.00281557 0.00238871 0.00200039 0.00082722
 2.14781e-27 2.17945e-27 7.31925e-27 1.75878e-21 1.04602e-16 1.43024e-12 4.49598e-09 3.24926e-06 0.00053986 0.0206223 0.181106 0.365657 0.170159 0.0295925 0.070549 0.0986121 0.0347016 0.0126374 0.00888172 0.00336758 0.00165909 0.000856362 0.000537744 0.00037253 0.000145475
 2.14801e-27 2.17999e-27 7.3815e-27 1.77992e-21 1.05859e-16 1.44743e-12 4.55e-09 3.2883e-06 0.000546346 0.0208701 0.183282 0.37005 0.172177 0.0292341 0.0670374 0.0937081 0.033623 0.0143035 0.0101806 0.00320652 0.00114855 0.000384201 0.000148799 7.24788e-05 2.47526e-05
 2.14938e-27 2.18335e-27 7.73726e-27 1.9006e-21 1.13036e-16 1.54557e-12 4.8585e-09 3.51125e-06 0.00058339 0.0222851 0.195709 0.395139 0.183732 0.0280689 0.0523625 0.0730113 0.0261555 0.0110049 0.00790124 0.00270494 0.00100456 0.000258509 5.71907e-05 1.48425e-05 3.72165e-06
 2.14871e-27 2.18168e-27 7.55682e-27 1.83937e-21 1.09395e-16 1.49578e-12 4.70199e-09 3.39814e-06 0.000564596 0.0215672 0.189404 0.38241 0.177881 0.0289705 0.0617027 0.0861292 0.0301403 0.0104281 0.00714285 0.00243213 0.000919738 0.000249096 4.70601e-05 6.43209e-06 8.38912e-07
 2.14822e-27 2.18049e-27 7.43288e-27 1.79733e-21 1.06894e-16 1.46159e-12 4.59453e-09 3.32048e-06 0.000551693 0.0210743 0.185075 0.373671 0.173852 0.0292745 0.0661925 0.0924839 0.0327446 0.0125467 0.00869923 0.00265788 0.000884638 0.000236946 4.55354e-05 5.31512e-06 3.72141e-07
 2.1495e-27 2.18364e-27 7.76687e-27 1.91064e-21 1.13633e-16 1.55373e-12 4.88417e-09 3.5298e-06 0.000586472 0.0224028 0.196743 0.397226 0.184697 0.0280641 0.0517042 0.0720703 0.0256504 0.010258 0.00722956 0.00232921 0.000803106 0.000194299 3.39389e-05 3.85839e-06 2.28013e-07
 2.14996e-27 2.18475e-27 7.88252e-27 1.94986e-21 1.15966e-16 1.58562e-12 4.98443e-09 3.60226e-06 0.00059851 0.0228627 0.200781 0.40538 0.188459 0.0278722 0.0480751 0.066919 0.0233431 0.00783436 0.00530215 0.00175013 0.00062951 0.000159144 2.72889e-05 2.82419e-06 1.54747e-07
 2.1491e-27 2.18262e-27 7.65565e-27 1.87289e-21 1.11388e-16 1.52303e-12 4.78768e-09 3.46007e-06 0.000574885 0.0219602 0.192856 0.389379 0.181095 0.0287489 0.0582497 0.0812473 0.0282242 0.00908744 0.00600932 0.00180378 0.000582048 0.000149431 2.67925e-05 2.79912e-06 1.44833e-07
 2.14887e-27 2.18209e-27 7.60111e-27 1.8544e-21 1.10288e-16 1.508e-12 4.7404e-09 3.4259e-06 0.000569209 0.0217434 0.190951 0.385534 0.179319 0.0287819 0.0596098 0.0831924 0.029294 0.0107096 0.00731111 0.00214628 0.000654128 0.000152261 2.54344e-05 2.7054e-06 1.42765e-07
 2.14862e-27 2.18146e-27 7.53516e-27 1.83203e-21 1.08958e-16 1.4898e-12 4.68322e-09 3.38458e-06 0.000562342 0.0214811 0.188648 0.380884 0.177175 0.0289621 0.0621118 0.0867244 0.0306093 0.0114248 0.00789932 0.00247733 0.000818894 0.000186523 2.87202e-05 2.80262e-06 1.44045e-07
 2.14892e-27 2.18222e-27 7.61593e-27 1.85944e-21 1.10588e-16 1.51209e-12 4.75328e-09 3.43521e-06 0.000570754 0.0218024 0.19147 0.386581 0.179796 0.028605 0.0582146 0.0812438 0.0288463 0.0113156 0.00792639 0.0025183 0.000859752 0.000209284 3.37835e-05 3.15303e-06 1.49556e-07
 2.14876e-27 2.18182e-27 7.57345e-27 1.84502e-21 1.09731e-16 1.50037e-12 4.71643e-09 3.40858e-06 0.00056633 0.0216334 0.189986 0.383585 0.178418 0.0288038 0.0603312 0.0842169 0.0297521 0.0111969 0.00779405 0.00254571 0.000900943 0.000224768 3.81366e-05 3.75789e-06 1.78194e-07
 2.14749e-27 2.1787e-27 7.24211e-27 1.73262e-21 1.03046e-16 1.40897e-12 4.42911e-09 3.20093e-06 0.000531829 0.0203155 0.178412 0.360218 0.167657 0.0299317 0.0742596 0.103852 0.0367218 0.0139218 0.00968026 0.00309168 0.00107437 0.000275234 4.85225e-05 4.98553e-06 2.48095e-07
 2.14756e-27 2.1789e-27 7.26815e-27 1.74147e-21 1.03572e-16 1.41616e-12 4.45173e-09 3.21728e-06 0.000534546 0.0204193 0.179323 0.362057 0.168492 0.0294955 0.071042 0.0993759 0.035942 0.0161894 0.0116858 0.00374879 0.00130029 0.000327041 5.75988e-05 6.10972e-06 3.16684e-07
 2.14804e-27 2.18008e-27 7.39218e-27 1.78355e-21 1.06074e-16 1.45038e-12 4.55928e-09 3.29501e-06 0.00054746 0.0209126 0.183656 0.370804 0.172522 0.0291406 0.066239 0.0925871 0.0332794 0.0143553 0.0104072 0.00368885 0.00142351 0.00036316 6.34775e-05 6.68627e-06 3.524e-07
 2.14829e-27 2.18068e-27 7.45452e-27 1.80468e-21 1.07332e-16 1.46757e-12 4.61332e-09 3.33406e-06 0.000553949 0.0211605 0.185832 0.375199 0.174551 0.0290675 0.0644686 0.0900691 0.0320883 0.0129401 0.00921637 0.00319055 0.00123855 0.000347814 6.59921e-05 7.04098e-06 3.69528e-07
 2.14812e-27 2.18025e-27 7.40886e-27 1.78919e-21 1.0641e-16 1.45497e-12 4.57372e-09 3.30544e-06 0.000549194 0.0209788 0.184237 0.371978 0.173069 0.0292397 0.0664903 0.0929187 0.0330956 0.013317 0.00943211 0.00313717 0.00116051 0.000321562 6.38848e-05 7.42258e-06 4.07503e-07
 2.14776e-27 2.17937e-27 7.31612e-27 1.75774e-21 1.0454e-16 1.42939e-12 4.49331e-09 3.24733e-06 0.000539539 0.02061 0.180998 0.365439 0.170055 0.0294921 0.070002 0.09788 0.0350024 0.0145263 0.0103561 0.00343726 0.00125378 0.000332903 6.38053e-05 7.55858e-06 4.41832e-07
 2.14789e-27 2.1797e-27 7.35141e-27 1.76971e-21 1.05252e-16 1.43913e-12 4.52392e-09 3.26945e-06 0.000543214 0.0207504 0.182231 0.367928 0.171199 0.0293031 0.068098 0.0952065 0.0341971 0.0146703 0.0105552 0.00356678 0.00132497 0.000349845 6.51202e-05 7.43504e-06 4.33945e-07
 2.14798e-27 2.17993e-27 7.37626e-27 1.77815e-21 1.05753e-16 1.44599e-12 4.54548e-09 3.28503e-06 0.000545803 0.0208493 0.1831 0.369682 0.172005 0.0291893 0.0668749 0.0934859 0.0336328 0.0145993 0.010556 0.00363895 0.00138678 0.000373386 7.01227e-05 7.86055e-06 4.44976e-07
 2.14793e-27 2.17979e-27 7.36101e-27 1.77297e-21 1.05445e-16 1.44178e-12 4.53225e-09 3.27547e-06 0.000544214 0.0207886 0.182567 0.368606 0.171512 0.0293044 0.0679017 0.094922 0.033987 0.0142439 0.0102344 0.00355412 0.00137272 0.000378185 7.29326e-05 8.29158e-06 4.66143e-07
 2.14806e-27 2.18012e-27 7.39623e-27 1.78492e-21 1.06156e-16 1.45149e-12 4.56279e-09 3.29754e-06 0.000547881 0.0209287 0.183797 0.371089 0.172655 0.0291736 0.0663545 0.0927443 0.0332617 0.0141096 0.0101359 0.00344856 0.00130741 0.000363051 7.14569e-05 8.33652e-06 4.77301e-07
 2.14822e-27 2.18051e-27 7.43711e-27 1.79878e-21 1.06981e-16 1.46277e-12 4.59823e-09 3.32316e-06 0.000552137 0.0210913 0.185225 0.373972 0.173984 0.0290796 0.0649123 0.0907034 0.0324327 0.0134529 0.0096277 0.00329679 0.00125088 0.000341095 6.65566e-05 7.87691e-06 4.61391e-07
 2.14744e-27 2.17859e-27 7.2342e-27 1.72995e-21 1.02887e-16 1.4068e-12 4.42228e-09 3.19599e-06 0.00053101 0.0202842 0.178137 0.359663 0.167392 0.0297058 0.0730478 0.102183 0.036652 0.0155627 0.0111732 0.00377731 0.00141664 0.00038705 7.49906e-05 8.7758e-06 5.1651e-07
 2.14681e-27 2.17707e-27 7.07479e-27 1.67589e-21 9.96714e-17 1.36283e-12 4.28407e-09 3.09611e-06 0.000514414 0.0196503 0.17257 0.348422 0.162209 0.0300743 0.0786854 0.110158 0.0398544 0.0179998 0.0131062 0.00449158 0.00170167 0.00046014 8.84204e-05 1.03002e-05 6.01445e-07
 2.1471e-27 2.1778e-27 7.15467e-27 1.703e-21 1.01284e-16 1.38488e-12 4.35337e-09 3.1462e-06 0.000522736 0.0199681 0.175361 0.354058 0.164796 0.0295721 0.0739206 0.103477 0.0379615 0.0187877 0.0139785 0.00497446 0.00196268 0.00053914 0.000103905 1.20031e-05 6.96153e-07
#obs catch len freq
 1.22267e-39 5.98412e-33 6.73342e-27 1.74187e-21 1.03596e-16 1.41648e-12 4.45273e-09 3.218e-06 0.000534675 0.0204239 0.179363 0.362138 0.168526 0.0294069 0.0704777 0.0985859 0.0357207 0.016304 0.0119503 0.00424693 0.00169999 0.000497234 0.000106539 1.41367e-05 9.604e-07
 1.2217e-39 5.97935e-33 6.72806e-27 1.74049e-21 1.03513e-16 1.41536e-12 4.44918e-09 3.21543e-06 0.000534249 0.0204076 0.17922 0.36185 0.168396 0.0294904 0.0710741 0.0994161 0.0358735 0.0159111 0.0115814 0.00407009 0.00160398 0.000459694 9.57476e-05 1.23113e-05 8.10716e-07
 1.30492e-39 6.38668e-33 7.1864e-27 1.85905e-21 1.10565e-16 1.51177e-12 4.75228e-09 3.43448e-06 0.000570644 0.0217979 0.191429 0.386499 0.17975 0.0283787 0.0568582 0.0793657 0.0286324 0.0126795 0.00920495 0.00317802 0.00122642 0.000346039 7.05119e-05 8.81498e-06 5.62629e-07
 1.13567e-39 5.5583e-33 6.25428e-27 1.61792e-21 9.6224e-17 1.31569e-12 4.13588e-09 2.98901e-06 0.000496628 0.0189706 0.1666 0.33637 0.156679 0.0311726 0.0890225 0.124642 0.0437902 0.0157075 0.0108763 0.00374601 0.00143616 0.000397429 7.91293e-05 9.66988e-06 6.00882e-07
 1.33848e-39 6.55092e-33 7.3712e-27 1.90686e-21 1.13408e-16 1.55065e-12 4.87449e-09 3.5228e-06 0.000585318 0.0223584 0.196352 0.396438 0.184316 0.0276034 0.0491303 0.0685298 0.0255928 0.0140425 0.0104267 0.00319779 0.00107018 0.000289841 5.68566e-05 6.78833e-06 4.11746e-07
 1.38554e-39 6.78127e-33 7.63039e-27 1.97391e-21 1.17396e-16 1.60518e-12 5.04588e-09 3.64667e-06 0.0006059 0.0231446 0.203256 0.410377 0.190762 0.0276558 0.0452487 0.0629253 0.0217917 0.00681159 0.00462628 0.00181251 0.000754591 0.000187061 3.29578e-05 3.81028e-06 2.26255e-07
 1.25889e-39 6.1614e-33 6.93291e-27 1.79348e-21 1.06665e-16 1.45845e-12 4.58465e-09 3.31334e-06 0.000550515 0.021029 0.184677 0.372867 0.173499 0.029756 0.0693748 0.0968955 0.0332964 0.00953648 0.00604329 0.00172725 0.000546501 0.000162473 3.21671e-05 3.44453e-06 1.91372e-07
 1.26721e-39 6.20212e-33 6.97872e-27 1.80533e-21 1.0737e-16 1.46809e-12 4.61494e-09 3.33523e-06 0.000554153 0.0211679 0.185897 0.375331 0.174613 0.0290823 0.0645197 0.0901516 0.0322793 0.0135074 0.00943795 0.00257909 0.000693569 0.000153407 2.68426e-05 3.2057e-06 1.80526e-07
 1.41632e-39 6.9319e-33 7.79989e-27 2.01776e-21 1.20004e-16 1.64083e-12 5.15797e-09 3.72767e-06 0.000619358 0.0236587 0.207771 0.419493 0.194952 0.0270151 0.0385902 0.0535788 0.0190319 0.00749617 0.00528535 0.00175161 0.000605788 0.000128269 1.77124e-05 1.7085e-06 9.4962e-08
 1.41482e-39 6.92458e-33 7.79165e-27 2.01563e-21 1.19877e-16 1.6391e-12 5.15252e-09 3.72374e-06 0.000618705 0.0236337 0.207551 0.41905 0.194762 0.0274123 0.0411482 0.0571211 0.0194214 0.00488768 0.00299237 0.000959122 0.00033698 8.58803e-05 1.38772e-05 1.19536e-06 5.36112e-08
 1.34574e-39 6.58647e-33 7.4112e-27 1.91721e-21 1.14023e-16 1.55906e-12 4.90093e-09 3.54192e-06 0.000588494 0.0224797 0.197417 0.398589 0.185344 0.0285057 0.0539899 0.0752105 0.0256572 0.00673079 0.00409122 0.00105425 0.000263054 6.30544e-05 1.10578e-05 1.11123e-06 5.08252e-08
 1.31541e-39 6.43803e-33 7.24417e-27 1.874e-21 1.11454e-16 1.52393e-12 4.79048e-09 3.46209e-06 0.000575232 0.0219731 0.192968 0.389607 0.1812 0.0287391 0.058122 0.0810721 0.0282338 0.00931242 0.00611506 0.0016024 0.000391036 7.45362e-05 9.9883e-06 9.8132e-07 4.9679e-08
 1.35437e-39 6.62871e-33 7.45873e-27 1.9295e-21 1.14755e-16 1.56906e-12 4.93237e-09 3.56463e-06 0.000592269 0.0226239 0.198683 0.401146 0.186509 0.0280549 0.0504672 0.0702996 0.0246621 0.00872224 0.00590176 0.0017207 0.00050248 9.86616e-05 1.19003e-05 9.16113e-07 4.01572e-08
 1.33241e-39 6.52123e-33 7.33779e-27 1.89822e-21 1.12894e-16 1.54362e-12 4.85239e-09 3.50683e-06 0.000582665 0.0222571 0.195461 0.394641 0.183519 0.0285173 0.0552502 0.0770152 0.0266716 0.00832113 0.00545733 0.00164986 0.000519977 0.000115003 1.5911e-05 1.20855e-06 4.49138e-08
 1.28218e-39 6.27536e-33 7.06114e-27 1.82665e-21 1.08638e-16 1.48542e-12 4.66944e-09 3.37462e-06 0.000560697 0.0214179 0.188092 0.379763 0.176666 0.0291856 0.0638146 0.0890995 0.0311112 0.0105307 0.00702193 0.00199668 0.000581365 0.000133069 2.03513e-05 1.75106e-06 6.93365e-08
 1.15671e-39 5.66129e-33 6.37018e-27 1.6479e-21 9.80071e-17 1.34007e-12 4.21252e-09 3.0444e-06 0.000505831 0.0193221 0.169687 0.342603 0.159546 0.0307738 0.0847097 0.118591 0.0420482 0.0162996 0.0112955 0.00334311 0.00101577 0.000221006 3.24461e-05 2.9557e-06 1.29911e-07
 1.25388e-39 6.13686e-33 6.90529e-27 1.78633e-21 1.0624e-16 1.45264e-12 4.56638e-09 3.30014e-06 0.000548322 0.0209452 0.183941 0.371381 0.172775 0.0287715 0.0638127 0.0892332 0.0330034 0.0171428 0.0126813 0.00403974 0.00136008 0.000310529 4.61713e-05 4.06198e-06 1.80089e-07
 1.21927e-39 5.96748e-33 6.71471e-27 1.73703e-21 1.03308e-16 1.41255e-12 4.44035e-09 3.20905e-06 0.000533189 0.0203671 0.178864 0.361132 0.168073 0.0297283 0.0727425 0.10173 0.0361659 0.014353 0.010321 0.0039128 0.00159958 0.00040295 6.57699e-05 6.01979e-06 2.65487e-07
 1.26488e-39 6.19069e-33 6.96586e-27 1.802e-21 1.07172e-16 1.46538e-12 4.60644e-09 3.32908e-06 0.000553132 0.0211289 0.185554 0.374639 0.174287 0.0289208 0.0637424 0.0890786 0.0321917 0.0144206 0.0104071 0.00337733 0.00124707 0.000368825 7.21259e-05 7.37058e-06 3.47317e-07
 1.23282e-39 6.03378e-33 6.7893e-27 1.75633e-21 1.04455e-16 1.42824e-12 4.48968e-09 3.2447e-06 0.000539112 0.0205934 0.180851 0.365144 0.169922 0.0295818 0.070639 0.0987626 0.0351015 0.0138894 0.00985457 0.00341228 0.00129192 0.000339592 6.64355e-05 7.94953e-06 4.30386e-07
 1.24885e-39 6.11228e-33 6.87763e-27 1.77918e-21 1.05814e-16 1.44682e-12 4.54809e-09 3.28692e-06 0.000546126 0.0208613 0.183204 0.369894 0.172104 0.0292012 0.0668844 0.0934999 0.0336505 0.0146398 0.0105025 0.00339408 0.00121402 0.000330531 6.29596e-05 7.25063e-06 4.25685e-07
 1.26451e-39 6.18889e-33 6.96384e-27 1.80148e-21 1.07141e-16 1.46496e-12 4.6051e-09 3.32811e-06 0.000552971 0.0211228 0.1855 0.37453 0.174242 0.0290537 0.0645866 0.0902448 0.0322784 0.0134195 0.00960303 0.00326972 0.00121482 0.000313369 5.79026e-05 6.6358e-06 3.81436e-07
 1.25459e-39 6.14037e-33 6.90924e-27 1.78735e-21 1.06301e-16 1.45347e-12 4.569e-09 3.30202e-06 0.000548636 0.0209572 0.184046 0.371594 0.172892 0.0292693 0.0667875 0.0933361 0.033222 0.0132974 0.00940568 0.00312297 0.00114639 0.000307772 5.7167e-05 6.31256e-06 3.5592e-07
 1.24705e-39 6.10346e-33 6.86772e-27 1.77661e-21 1.05662e-16 1.44473e-12 4.54154e-09 3.28218e-06 0.000545338 0.0208312 0.18294 0.369361 0.171861 0.0293064 0.0676872 0.0946179 0.0338603 0.0141281 0.0100572 0.00326851 0.0011632 0.000305759 5.71458e-05 6.41956e-06 3.56334e-07
 1.25715e-39 6.15288e-33 6.92332e-27 1.791e-21 1.06517e-16 1.45643e-12 4.5783e-09 3.30875e-06 0.000549754 0.0209999 0.184421 0.372351 0.173238 0.0291476 0.0658166 0.0919821 0.0329413 0.0138237 0.009881 0.0032848 0.00119151 0.000306549 5.56115e-05 6.19414e-06 3.46745e-07
 1.25175e-39 6.12646e-33 6.8936e-27 1.78331e-21 1.0606e-16 1.45018e-12 4.55865e-09 3.29455e-06 0.000547393 0.0209097 0.183629 0.370752 0.172502 0.0292463 0.0669009 0.0935065 0.0334254 0.0138321 0.00986255 0.00329278 0.00120754 0.000317017 5.77288e-05 6.28176e-06 3.45736e-07
 1.18545e-39 5.80197e-33 6.52847e-27 1.68885e-21 1.00443e-16 1.37337e-12 4.3172e-09 3.12005e-06 0.0005184 0.0198022 0.173903 0.351116 0.163458 0.0301406 0.0782784 0.109554 0.0392345 0.0164636 0.0117615 0.00389597 0.00141833 0.000374632 6.92933e-05 7.61979e-06 4.15204e-07
 1.18458e-39 5.79768e-33 6.52364e-27 1.6876e-21 1.00368e-16 1.37235e-12 4.31401e-09 3.11774e-06 0.000518017 0.0197876 0.173775 0.350856 0.163323 0.0297541 0.0759973 0.106406 0.0390281 0.0192815 0.0142244 0.00475298 0.00174152 0.000457226 8.44194e-05 9.38089e-06 5.16855e-07
#spawning biomass
 2900.98 2406.77 2291.42 2015.45 2299.33 3513.68 4084.32 4209.87 6636.45 12233.8 16386.2 20338.2 25966.3 36569.2 42751.8 38060.7 32511.9 30029.6 32557.8 34463.8 32259.8 36297.4 37602.2 38936.7 41264.3 53800.7 48413.8 43092.3 36352.7 84359.6 103231 78392.6 54930.9 40106.2 31698.2 27182.2 24836.5 23644.5 23047.6 22751.6 22605.8 22534.3 22499.4 22482.3 22474.1 22470 22468.1 22467.2 22466.7 22466.5 22466.4 22466.3 22466.3 22466.3 22466.3 22466.3 22466.3 22466.3 22466.3 22466.3 22466.3 22466.3 22466.3 22466.3 22466.3 22466.3 22466.3 22466.3 22466.3 22466.3 22466.3 22466.3 22466.3 22466.3 22466.3 22466.3 22466.3 22466.3 22466.3 22466.3 22466.3 22466.3 22466.3 22466.3 22466.3 22466.3 22466.3 22466.3 22466.3 22466.3 22466.3 22466.3 22466.3 22466.3 22466.3 22466.3 22466.3 22466.3 22466.3 22466.3 22466.3 22466.3 22466.3 22466.3 22466.3 22466.3 22466.3 22466.3 22466.3 22466.3 22466.3 22466.3 22466.3 22466.3 22466.3 22466.3 22466.3 22466.3 22466.3 22466.3 22466.3 22466.3 22466.3 22466.3 22466.3 22466.3 22466.3 22466.3 0 0 0 0 0 0 0 0 0 0 0 0 0 0 0 0 0 0 0 0 0 0 0 0 0
