SBPRF35
1.48948
Curr Bio
120557
B35
1.00414e+06
F35
0.169207
FOFL
0
OFL
0
Bzero
425566
#pred survey bio
 9064.34 9991.29 12803.8 17158.6 21043.2 26737.4 31981.1 39118.4 45658 54348.1 69870.6 84200.4 108439 137030 134431 122823 109546 98384.9 99829.6 96834.3 96219.5 101264 108513 120313 130643 127893 109770 96455.1 1.73022e+06 3.03074e+06 4.22926e+06 4.8239e+06 4.99298e+06 4.92079e+06 4.73126e+06 4.50065e+06 4.27175e+06 4.06557e+06 3.89008e+06 3.74603e+06 3.63064e+06 3.53966e+06 3.4673e+06 3.40817e+06 3.36402e+06 3.33097e+06 3.30615e+06 3.28744e+06 3.2733e+06 3.26255e+06 3.25434e+06 3.24804e+06 3.24318e+06 3.23941e+06 3.23646e+06 3.23414e+06 3.2323e+06 3.23083e+06 3.22965e+06 3.2287e+06 3.22792e+06 3.22728e+06 3.22675e+06 3.22631e+06 3.22594e+06 3.22563e+06 3.22537e+06 3.22515e+06 3.22496e+06 3.2248e+06 3.22466e+06 3.22454e+06 3.22444e+06 3.22435e+06 3.22427e+06 3.2242e+06 3.22415e+06 3.2241e+06 3.22405e+06 3.22401e+06 3.22398e+06 3.22395e+06 3.22393e+06 3.2239e+06 3.22389e+06 3.22387e+06 3.22385e+06 3.22384e+06 3.22383e+06 3.22382e+06 3.22381e+06 3.22381e+06 3.2238e+06 3.22379e+06 3.22379e+06 3.22378e+06 3.22378e+06 3.22378e+06 3.22377e+06 3.22377e+06 3.22377e+06 3.22377e+06 3.22377e+06 3.22376e+06 3.22376e+06 3.22376e+06 3.22376e+06 3.22376e+06 3.22376e+06 3.22376e+06 3.22376e+06 3.22376e+06 3.22376e+06 3.22376e+06 3.22376e+06 3.22376e+06 3.22376e+06 3.22376e+06 3.22376e+06 3.22376e+06 3.22376e+06 3.22376e+06 3.22376e+06 3.22376e+06 3.22376e+06 3.22376e+06 3.22375e+06 3.22375e+06 0 0 0 0 0 0 0 0 0 0 0 0 0 0 0 0 0 0 0 0 0 0 0 0 0
#obs survey bio
 7810.6 8206.07 13299.9 16190.8 20640.1 24945.3 37611.8 35397.7 43581.2 72311.6 60652.8 71126.3 98623.2 147014 110241 96333.2 97896.1 101904 84235.5 65025.1 110889 93401.2 146619 104458 114095 84281.6 76162.1 66146.5
#pred catch bio
 5352.62 6002.02 7440.4 10585.8 12789.8 17494.4 20771.8 27174.8 34155.4 38387.2 51605.9 63996 80672.7 109406 109722 104548 95458.4 82179.8 84071 83708.3 84292.3 87208.7 93738.5 106192 117795 119823 99530.7 96216.1 0 16993.8 28065.5 32595 33529 32766 31220.4 29419.8 27661.6 26092.7 24766.9 23686.1 22826.8 22155.4 21630.2 21213.7 20906.4 20679.7 20512.4 20389 20297.9 20230.7 20181.2 20144.6 20117.6 20097.7 20083 20072.2 20064.2 20058.3 20053.9 20050.7 20048.3 20046.6 20045.3 20044.4 20043.7 20043.1 20042.8 20042.5 20042.3 20042.1 20042 20041.9 20041.9 20041.8 20041.8 20041.8 20041.7 20041.7 20041.7 20041.7 20041.7 20041.7 20041.7 20041.7 20041.7 20041.7 20041.7 20041.7 20041.7 20041.7 20041.7 20041.7 20041.7 20041.7 20041.7 20041.7 20041.7 20041.7 20041.7 20041.7 20041.7 20041.7 20041.7 20041.7 20041.7 20041.7 20041.7 20041.7 20041.7 20041.7 20041.7 20041.7 20041.7 20041.7 20041.7 20041.7 20041.7 20041.7 20041.7 20041.7 20041.7 20041.7 20041.7 20041.7 20041.7 20041.7 20041.7 20041.7 0 0 0 0 0 0 0 0 0 0 0 0 0 0 0 0 0 0 0 0 0 0 0 0 0
#obs catch bio
 5724.2 6120.02 7318.67 10278.8 12575.1 17066.2 20121.3 26420.5 34223.3 36746.2 49286.1 63659 77939.8 106599 108950 107580 94344 81130.5 80800.6 81868.5 81899.2 85180.2 88489.5 103194 112864 117586 98972.4 96341.2
#pred cpue bio
 6513.19 6915.63 8142.93 11133.3 13866.5 17314.3 20394.1 24927.5 28261.1 31277.3 41521.4 49494.6 59839.3 79487.1 82594.2 74826 63950.3 56345.4 57104.9 56239.8 52835.1 54215.2 59413.6 63865.3 69031.8 69411.5 59386.3 54466.5 869218 2.39728e+06 4.02135e+06 4.70174e+06 4.86257e+06 4.78185e+06 4.589e+06 4.35735e+06 4.12814e+06 3.92188e+06 3.74636e+06 3.6023e+06 3.48691e+06 3.39593e+06 3.32357e+06 3.26444e+06 3.22029e+06 3.18724e+06 3.16242e+06 3.14372e+06 3.12957e+06 3.11882e+06 3.11061e+06 3.10432e+06 3.09946e+06 3.09568e+06 3.09273e+06 3.09041e+06 3.08858e+06 3.08711e+06 3.08593e+06 3.08497e+06 3.08419e+06 3.08355e+06 3.08302e+06 3.08258e+06 3.08222e+06 3.08191e+06 3.08164e+06 3.08142e+06 3.08123e+06 3.08107e+06 3.08093e+06 3.08081e+06 3.08071e+06 3.08062e+06 3.08054e+06 3.08048e+06 3.08042e+06 3.08037e+06 3.08033e+06 3.08029e+06 3.08025e+06 3.08023e+06 3.0802e+06 3.08018e+06 3.08016e+06 3.08014e+06 3.08013e+06 3.08012e+06 3.0801e+06 3.08009e+06 3.08009e+06 3.08008e+06 3.08007e+06 3.08007e+06 3.08006e+06 3.08006e+06 3.08005e+06 3.08005e+06 3.08005e+06 3.08005e+06 3.08004e+06 3.08004e+06 3.08004e+06 3.08004e+06 3.08004e+06 3.08004e+06 3.08003e+06 3.08003e+06 3.08003e+06 3.08003e+06 3.08003e+06 3.08003e+06 3.08003e+06 3.08003e+06 3.08003e+06 3.08003e+06 3.08003e+06 3.08003e+06 3.08003e+06 3.08003e+06 3.08003e+06 3.08003e+06 3.08003e+06 3.08003e+06 3.08003e+06 3.08003e+06 3.08003e+06 3.08003e+06 0 0 0 0 0 0 0 0 0 0 0 0 0 0 0 0 0 0 0 0 0 0 0 0 0
#obs cpue bio
 7482.44 5535.13 13302.5 17858.9 18801.2 26976 32697.6 36792.2 28663.5 61100.6 78328.8 61073.2 111609 103811 91424.9 67372.9 88170.6 75241.8 117903 119307 79602.6 72857.1 142056 96675.8 153319 123854 87207.6 109608
#pred surv len freq
 2.56236e-27 2.58618e-27 3.12359e-26 6.04955e-20 1.48297e-14 4.39432e-10 1.57397e-06 0.00068147 0.0356657 0.225631 0.172928 0.0402846 0.185135 0.171103 0.0412782 0.0514685 0.0217506 0.0162324 0.00979943 0.00732549 0.00565727 0.00482129 0.00476995 0.00419165 0.00127537
 2.56348e-27 2.5895e-27 3.43412e-26 6.70468e-20 1.64357e-14 4.8702e-10 1.74442e-06 0.000755269 0.039528 0.250065 0.191548 0.0379171 0.154039 0.143193 0.0508182 0.0800511 0.0272979 0.0115312 0.00504884 0.00279624 0.00174408 0.00126649 0.00110619 0.000969348 0.000322826
 2.56574e-27 2.59537e-27 3.92579e-26 7.7418e-20 1.89781e-14 5.62355e-10 2.01426e-06 0.000872098 0.0456425 0.288747 0.221102 0.03902 0.141667 0.131167 0.0376245 0.0531121 0.021044 0.0131762 0.00424118 0.0013151 0.000534999 0.000291878 0.000209551 0.000171785 5.9147e-05
 2.56385e-27 2.5901e-27 3.44738e-26 6.73252e-20 1.6504e-14 4.89042e-10 1.75166e-06 0.000758404 0.0396921 0.251104 0.192397 0.0414407 0.180257 0.166631 0.0413038 0.0524466 0.0188627 0.00947502 0.00374988 0.00138404 0.000311886 9.39602e-05 4.68086e-05 3.27605e-05 1.11404e-05
 2.56401e-27 2.59072e-27 3.51881e-26 6.88325e-20 1.68735e-14 4.99991e-10 1.79088e-06 0.000775384 0.0405808 0.256726 0.196662 0.0397035 0.164041 0.152071 0.0460736 0.0669529 0.0226768 0.00920075 0.00311469 0.00104801 0.000294269 5.59464e-05 1.30458e-05 6.40088e-06 2.03108e-06
 2.56466e-27 2.59243e-27 3.66543e-26 7.19255e-20 1.76317e-14 5.22458e-10 1.87136e-06 0.000810226 0.0424043 0.268261 0.205471 0.0397535 0.158232 0.146536 0.0419138 0.0589485 0.0216262 0.0112721 0.00353259 0.00095263 0.000227859 4.72176e-05 6.5892e-06 1.43259e-06 3.73663e-07
 2.56454e-27 2.59196e-27 3.6109e-26 7.07745e-20 1.73495e-14 5.14097e-10 1.84141e-06 0.000797261 0.0417257 0.263969 0.202213 0.040979 0.169847 0.157055 0.0401661 0.0522344 0.0183602 0.00851974 0.00297154 0.000936542 0.00018718 3.18666e-05 4.18515e-06 4.17352e-07 6.15392e-08
 2.56467e-27 2.59237e-27 3.64927e-26 7.15842e-20 1.7548e-14 5.19979e-10 1.86248e-06 0.000806381 0.0422031 0.266989 0.204513 0.0405906 0.165275 0.152934 0.0412282 0.0556565 0.0188179 0.00758597 0.0024604 0.000736326 0.000171968 2.72556e-05 2.89203e-06 2.13157e-07 1.32928e-08
 2.5653e-27 2.59397e-27 3.78047e-26 7.43516e-20 1.82264e-14 5.4008e-10 1.93448e-06 0.000837555 0.0438346 0.27731 0.212402 0.041063 0.163328 0.150948 0.0374634 0.0475534 0.0161071 0.0065279 0.0019812 0.000511904 0.000109925 1.88661e-05 1.94608e-06 1.13264e-07 3.96954e-09
 2.567e-27 2.59841e-27 4.15746e-26 8.23039e-20 2.01758e-14 5.97845e-10 2.14138e-06 0.000927137 0.048523 0.30697 0.235052 0.041241 0.148769 0.137251 0.0303243 0.0346528 0.0111743 0.00368979 0.00109153 0.000271999 5.1083e-05 7.80583e-06 8.29816e-07 4.62186e-08 1.1875e-09
 2.56558e-27 2.5945e-27 3.80619e-26 7.48933e-20 1.83592e-14 5.44016e-10 1.94857e-06 0.000843658 0.044154 0.279331 0.213971 0.0426961 0.174653 0.161059 0.0331195 0.0350144 0.0109748 0.00312357 0.000844541 0.000177583 3.18248e-05 4.35096e-06 4.06503e-07 2.257e-08 5.33376e-10
 2.56634e-27 2.59664e-27 4.00303e-26 7.90462e-20 1.93772e-14 5.74182e-10 2.05662e-06 0.000890439 0.0466024 0.29482 0.225779 0.0415039 0.157285 0.145186 0.0331146 0.0389853 0.0119659 0.00295819 0.000749191 0.000134993 2.05795e-05 2.50372e-06 2.09219e-07 1.02707e-08 2.35403e-10
 2.56776e-27 2.60037e-27 4.32257e-26 8.57867e-20 2.10296e-14 6.23144e-10 2.232e-06 0.000966369 0.0505763 0.31996 0.244975 0.0414727 0.14356 0.132296 0.0267486 0.0277174 0.00864518 0.00238507 0.000590199 9.19532e-05 1.22485e-05 1.2374e-06 8.8302e-08 3.81602e-09 7.81028e-11
 2.56586e-27 2.59514e-27 3.85354e-26 7.5892e-20 1.8604e-14 5.5127e-10 1.97456e-06 0.000854907 0.0447428 0.283055 0.216825 0.043357 0.177677 0.163677 0.0304743 0.0282967 0.00854671 0.00192513 0.000474722 8.02461e-05 9.90285e-06 8.47569e-07 4.94882e-08 1.78281e-09 3.17122e-11
 2.56422e-27 2.59079e-27 3.47748e-26 6.79589e-20 1.66593e-14 4.93645e-10 1.76815e-06 0.000765543 0.0400657 0.253467 0.194237 0.0436661 0.1959 0.180702 0.0372861 0.0395289 0.0116761 0.00214376 0.00048299 6.8161e-05 8.54257e-06 7.29314e-07 3.61929e-08 1.051e-09 1.53718e-11
 2.56512e-27 2.59334e-27 3.71319e-26 7.29318e-20 1.78784e-14 5.29768e-10 1.89754e-06 0.000821562 0.0429976 0.272015 0.208376 0.0421647 0.174541 0.161169 0.0370416 0.0439063 0.0132796 0.00293957 0.000660676 7.70412e-05 8.21919e-06 6.36623e-07 3.16368e-08 7.98601e-10 9.35307e-12
 2.56584e-27 2.59512e-27 3.85539e-26 7.59309e-20 1.86136e-14 5.51553e-10 1.97557e-06 0.000855346 0.0447657 0.283201 0.216931 0.0430571 0.175321 0.16157 0.0313242 0.0307706 0.00937394 0.00222832 0.000522781 6.97805e-05 6.97464e-06 4.38474e-07 1.88987e-08 4.60361e-10 4.76582e-12
 2.56609e-27 2.59574e-27 3.9037e-26 7.695e-20 1.88634e-14 5.58955e-10 2.00208e-06 0.000866826 0.0453665 0.287001 0.21984 0.0434565 0.176316 0.162374 0.0293932 0.0261421 0.00763266 0.00128013 0.000283616 3.99643e-05 4.34279e-06 2.86467e-07 1.03563e-08 2.11976e-10 2.04378e-12
 2.56634e-27 2.59648e-27 3.97285e-26 7.84089e-20 1.9221e-14 5.69552e-10 2.04004e-06 0.00088326 0.0462266 0.292443 0.223986 0.0429057 0.169212 0.155903 0.0297886 0.0286693 0.00834287 0.00133098 0.000274167 2.89803e-05 2.99926e-06 2.1342e-07 8.26699e-09 1.507e-10 1.20993e-12
 2.56568e-27 2.59465e-27 3.80797e-26 7.49305e-20 1.83683e-14 5.44286e-10 1.94954e-06 0.000844076 0.0441759 0.279469 0.214091 0.0436471 0.181806 0.167463 0.030718 0.027883 0.00816746 0.00140783 0.000293175 2.91285e-05 2.5451e-06 1.46937e-07 5.86382e-09 1.14387e-10 8.55027e-13
 2.56749e-27 2.59958e-27 4.24507e-26 8.41515e-20 2.06287e-14 6.11266e-10 2.18945e-06 0.000947949 0.0496122 0.313861 0.24033 0.042248 0.152724 0.140649 0.0263726 0.0247202 0.00717095 0.00110917 0.000227198 2.39362e-05 2.07807e-06 1.05617e-07 3.3775e-09 6.27778e-11 4.95525e-13
 2.56762e-27 2.5998e-27 4.25436e-26 8.43472e-20 2.06767e-14 6.12687e-10 2.19454e-06 0.000950153 0.0497276 0.314591 0.240901 0.0431322 0.159051 0.146266 0.0233609 0.0164413 0.0047271 0.000696698 0.000138233 1.30518e-05 1.11757e-06 5.86614e-08 1.72159e-09 2.61119e-11 1.86377e-13
 2.56706e-27 2.59831e-27 4.12338e-26 8.1584e-20 1.99993e-14 5.92616e-10 2.12265e-06 0.000919027 0.0480986 0.304285 0.233036 0.0434018 0.166629 0.153295 0.0252636 0.019002 0.00535828 0.00059311 0.000106053 9.60422e-06 7.71954e-07 3.73462e-08 1.1097e-09 1.60024e-11 9.58344e-14
 2.56806e-27 2.60105e-27 4.36883e-26 8.67622e-20 2.12687e-14 6.3023e-10 2.25738e-06 0.000977358 0.0511514 0.323598 0.247768 0.0424289 0.148875 0.136967 0.023363 0.0187804 0.00532901 0.000637726 0.000113889 8.06841e-06 5.65717e-07 2.57104e-08 7.03272e-10 9.87499e-12 5.71247e-14
 2.56783e-27 2.60037e-27 4.30191e-26 8.53502e-20 2.09226e-14 6.19973e-10 2.22064e-06 0.000961452 0.0503189 0.318332 0.243759 0.0431852 0.157447 0.144741 0.0222768 0.0143502 0.0040526 0.000481027 8.61688e-05 6.39091e-06 4.20038e-07 1.49738e-08 3.66594e-10 4.74615e-12 2.61255e-14
 2.56704e-27 2.5982e-27 4.10924e-26 8.12854e-20 1.99261e-14 5.90447e-10 2.11488e-06 0.000915664 0.0479225 0.303171 0.232193 0.0438652 0.170747 0.156994 0.0240801 0.0153727 0.00427605 0.000392562 6.24334e-05 4.55352e-06 3.01588e-07 1.08154e-08 2.22638e-10 2.39856e-12 1.20298e-14
 2.56711e-27 2.59839e-27 4.12544e-26 8.16272e-20 2.00099e-14 5.9293e-10 2.12377e-06 0.000919513 0.048124 0.304446 0.233166 0.0438442 0.169903 0.156209 0.0238276 0.0149939 0.00415418 0.000353598 5.25447e-05 3.04474e-06 1.71823e-07 6.049e-09 1.25277e-10 1.21724e-12 5.01633e-15
 2.56596e-27 2.59527e-27 3.85181e-26 7.58548e-20 1.85949e-14 5.51e-10 1.97359e-06 0.000854488 0.0447208 0.282917 0.216737 0.044481 0.186293 0.171381 0.027387 0.0192872 0.00537268 0.000487561 7.49057e-05 4.12526e-06 2.07875e-07 5.74418e-09 1.07463e-10 1.03503e-12 4.0051e-15
#obs surv len freq
 1.08531e-41 1.50634e-33 2.52719e-26 5.12509e-20 1.25636e-14 3.72281e-10 1.33345e-06 0.000577338 0.0302156 0.191153 0.146672 0.0401727 0.17331 0.146653 0.103837 0.101746 0.0441019 0.017201 0.00385211 0.000482373 2.48131e-05 3.78881e-07 1.2906e-09 7.99111e-13 7.87232e-17
 1.59839e-41 2.21847e-33 3.72194e-26 7.54802e-20 1.85031e-14 5.4828e-10 1.96385e-06 0.000850279 0.0445002 0.281522 0.215692 0.0406285 0.126764 0.10236 0.0764161 0.0692284 0.0292328 0.0104629 0.00210615 0.000225065 9.40681e-06 1.10928e-07 2.8026e-10 1.25512e-13 8.82288e-18
 1.53983e-41 2.13718e-33 3.58556e-26 7.27145e-20 1.78251e-14 5.28191e-10 1.89189e-06 0.000819124 0.0428697 0.271207 0.208047 0.0500648 0.176782 0.12881 0.0561666 0.0421818 0.0166755 0.00533972 0.000946911 8.50747e-05 2.84001e-06 2.56181e-08 4.79394e-11 1.55499e-14 7.80788e-19
 1.07737e-41 1.49532e-33 2.50871e-26 5.0876e-20 1.24717e-14 3.69558e-10 1.3237e-06 0.000573115 0.0299946 0.189757 0.146083 0.0565133 0.230299 0.1631 0.0978492 0.0656538 0.0157774 0.00378167 0.000573701 4.25549e-05 1.11899e-06 7.63167e-09 1.05109e-11 2.46702e-15 8.8627e-20
 1.50144e-41 2.08389e-33 3.49617e-26 7.09015e-20 1.73807e-14 5.15021e-10 1.84472e-06 0.000798701 0.0418008 0.264446 0.202917 0.0472184 0.142283 0.104243 0.104169 0.0692135 0.0190335 0.00353345 0.000324262 1.79757e-05 3.6438e-07 1.85759e-09 1.86803e-12 3.15707e-16 8.10036e-21
 1.20161e-41 1.66775e-33 2.79799e-26 5.67427e-20 1.39098e-14 4.12173e-10 1.47634e-06 0.000639203 0.0334534 0.211639 0.163153 0.0650524 0.231462 0.144103 0.0782382 0.0494652 0.018823 0.00367183 0.000287602 9.72469e-06 1.29846e-07 4.77737e-10 3.47164e-13 4.19938e-17 7.66308e-22
 1.37991e-41 1.91523e-33 3.21319e-26 6.51629e-20 1.59739e-14 4.73336e-10 1.69541e-06 0.000734055 0.0384175 0.243044 0.187009 0.057935 0.174939 0.116441 0.109441 0.0566851 0.0126858 0.00244381 0.000217169 6.19311e-06 5.22121e-08 1.18957e-10 5.86334e-14 4.9869e-18 6.42939e-23
 1.19536e-41 1.65908e-33 2.78344e-26 5.64477e-20 1.38375e-14 4.1003e-10 1.46866e-06 0.000635879 0.0332794 0.210541 0.162759 0.0723257 0.227466 0.133383 0.0935442 0.0492286 0.0146551 0.00204388 0.000132816 3.70053e-06 2.62996e-08 3.98815e-11 1.20644e-14 6.58347e-19 5.73991e-24
 1.51425e-41 2.10168e-33 3.526e-26 7.15065e-20 1.7529e-14 5.19416e-10 1.86046e-06 0.000805516 0.0421575 0.266706 0.205462 0.0643473 0.16669 0.103955 0.0964926 0.0423161 0.00960454 0.00137975 8.0157e-05 1.58056e-06 9.26472e-09 1.15614e-11 2.50558e-15 8.81609e-20 4.84156e-25
 1.51857e-41 2.10768e-33 3.53607e-26 7.17107e-20 1.7579e-14 5.20899e-10 1.86577e-06 0.000807816 0.0422779 0.267471 0.206668 0.0779486 0.19841 0.103672 0.0662227 0.0285539 0.00712401 0.000802636 3.88143e-05 6.55563e-07 2.79804e-09 2.58612e-12 4.36688e-16 1.15858e-20 4.47101e-26
 1.09494e-41 1.5197e-33 2.54961e-26 5.17056e-20 1.2675e-14 3.75584e-10 1.34528e-06 0.00058246 0.0304837 0.192864 0.15077 0.0971481 0.258093 0.13624 0.095619 0.0320306 0.00556293 0.000581258 2.40374e-05 3.1248e-07 1.05083e-09 7.18551e-13 8.62536e-17 1.6649e-21 4.77952e-27
 1.66443e-41 2.31011e-33 3.87569e-26 7.85983e-20 1.92675e-14 5.7093e-10 2.04498e-06 0.000885405 0.0463386 0.293162 0.22635 0.0711732 0.144547 0.0941065 0.0897983 0.0286696 0.00461709 0.00033966 1.04508e-05 1.09918e-07 2.78807e-10 1.41631e-13 1.25166e-17 1.72815e-22 3.49653e-28
 1.33861e-41 1.8579e-33 3.11701e-26 6.32124e-20 1.54958e-14 4.59168e-10 1.64467e-06 0.000712084 0.0372676 0.235791 0.184724 0.110529 0.242808 0.106527 0.0572051 0.0202182 0.00394744 0.00026291 6.03525e-06 4.36115e-08 8.13838e-11 3.06123e-14 1.96084e-18 1.95287e-23 2.8404e-29
 1.11665e-41 1.54984e-33 2.60018e-26 5.27311e-20 1.29264e-14 3.83033e-10 1.37196e-06 0.000594013 0.0310883 0.196705 0.155477 0.112038 0.235585 0.137827 0.103666 0.0238853 0.00292487 0.000202643 4.53276e-06 2.51906e-08 3.20403e-11 8.27573e-15 3.77219e-19 2.6949e-24 2.7967e-30
 8.73836e-42 1.21283e-33 2.03477e-26 4.12647e-20 1.01155e-14 2.99742e-10 1.07363e-06 0.000464844 0.0243281 0.15395 0.12408 0.123227 0.248899 0.16017 0.125106 0.034865 0.00469887 0.000206919 3.51385e-06 1.769e-08 1.81309e-11 3.31887e-15 1.02154e-19 4.96813e-25 3.58709e-31
 1.41272e-41 1.96076e-33 3.28958e-26 6.67119e-20 1.63537e-14 4.84588e-10 1.73572e-06 0.000751506 0.0393308 0.248854 0.195082 0.0945546 0.159821 0.126596 0.101838 0.0288546 0.00411937 0.000193878 2.59681e-06 8.89874e-09 7.09949e-12 1.04564e-15 2.42633e-20 8.32867e-26 4.1035e-32
 9.74936e-42 1.35315e-33 2.27018e-26 4.60389e-20 1.12859e-14 3.34421e-10 1.19784e-06 0.000518625 0.0271429 0.171799 0.141641 0.162021 0.272621 0.126293 0.0723188 0.0222814 0.00321033 0.000149943 1.96962e-06 5.71264e-09 3.2282e-12 3.32147e-16 5.72767e-21 1.49602e-26 5.49943e-33
 1.43667e-41 1.99401e-33 3.34536e-26 6.78433e-20 1.6631e-14 4.92806e-10 1.76515e-06 0.00076425 0.0399979 0.2531 0.200339 0.108094 0.161553 0.135662 0.0836659 0.0151151 0.00163269 7.40411e-05 9.12044e-07 2.40213e-09 1.15389e-12 9.06554e-17 1.10012e-21 1.99207e-27 5.20608e-34
 1.00317e-41 1.39234e-33 2.33594e-26 4.73724e-20 1.16128e-14 3.44108e-10 1.23254e-06 0.000533647 0.0279291 0.176832 0.149476 0.18364 0.261299 0.121159 0.0620096 0.0156348 0.00144337 4.1733e-05 4.12855e-07 9.49399e-10 3.89853e-13 2.54045e-17 2.4493e-22 3.33854e-28 6.2589e-35
 1.28863e-41 1.78854e-33 3.00064e-26 6.08524e-20 1.49173e-14 4.42026e-10 1.58326e-06 0.000685499 0.0358764 0.227084 0.184297 0.13238 0.18135 0.15222 0.0739083 0.011236 0.000934463 2.6458e-05 1.846e-07 2.97501e-10 9.5594e-14 5.03447e-18 3.89243e-23 4.18933e-29 6.08425e-36
 1.41424e-41 1.96287e-33 3.29312e-26 6.67838e-20 1.63713e-14 4.8511e-10 1.73759e-06 0.000752315 0.0393734 0.249266 0.205007 0.159483 0.187475 0.101136 0.0473135 0.00954596 0.000633646 1.26914e-05 7.48773e-08 9.2715e-11 2.05328e-14 7.62677e-19 4.39021e-24 3.61652e-30 4.04107e-37
 1.13039e-41 1.56891e-33 2.63217e-26 5.33799e-20 1.30855e-14 3.87746e-10 1.38884e-06 0.000601321 0.0314712 0.199378 0.172934 0.196827 0.225391 0.122401 0.044285 0.00629177 0.000410537 7.7201e-06 3.32584e-08 3.04557e-11 5.1563e-15 1.3911e-19 5.55603e-25 3.17484e-31 2.52208e-38
 1.37542e-41 1.90899e-33 3.20272e-26 6.49505e-20 1.59218e-14 4.71793e-10 1.68989e-06 0.000731663 0.0382928 0.24252 0.203064 0.160182 0.179022 0.126578 0.0440345 0.00532164 0.000248485 3.68003e-06 1.37739e-08 9.85165e-12 1.19648e-15 2.32871e-20 6.81007e-26 2.81454e-32 1.57886e-39
 1.3539e-41 1.87912e-33 3.15261e-26 6.39343e-20 1.56728e-14 4.64412e-10 1.66345e-06 0.000720216 0.0376941 0.238874 0.206924 0.194236 0.188319 0.0968473 0.0320583 0.00415597 0.000167381 1.80911e-06 4.85845e-09 2.69148e-12 2.56432e-16 3.72524e-21 7.79436e-27 2.28219e-33 9.13609e-41
 1.18895e-41 1.65019e-33 2.76853e-26 5.61453e-20 1.37634e-14 4.07834e-10 1.46079e-06 0.000632474 0.0331024 0.209979 0.190579 0.214145 0.206731 0.112531 0.0293441 0.00284975 0.000104035 9.93536e-07 2.01732e-09 7.8292e-13 5.30812e-17 5.7022e-22 8.94856e-28 1.9404e-34 5.6245e-42
 1.06633e-41 1.48e-33 2.483e-26 5.03548e-20 1.23439e-14 3.65772e-10 1.31014e-06 0.000567244 0.0296891 0.188537 0.17852 0.221305 0.217217 0.129223 0.0321208 0.0027447 7.4323e-05 5.48405e-07 9.15893e-10 2.77635e-13 1.36137e-17 1.01953e-22 1.11814e-28 1.72684e-35 3.62736e-43
 1.05334e-41 1.46196e-33 2.45274e-26 4.97411e-20 1.21934e-14 3.61314e-10 1.29417e-06 0.000560331 0.0293279 0.18641 0.180307 0.221834 0.216541 0.130945 0.0314419 0.00257155 5.95926e-05 3.34243e-07 4.04505e-10 9.20417e-14 3.45741e-18 1.94206e-23 1.54134e-29 1.67647e-36 2.45148e-44
 1.26859e-41 1.76072e-33 2.95397e-26 5.9906e-20 1.46853e-14 4.35151e-10 1.55864e-06 0.000674838 0.0353205 0.224215 0.204668 0.20004 0.19256 0.113155 0.0271011 0.00221391 4.99345e-05 2.58039e-07 2.64209e-10 4.79035e-14 1.41941e-18 6.4164e-24 4.17601e-30 3.73929e-37 4.46176e-45
#pred catch len freq
 2.55723e-27 2.57259e-27 1.95936e-26 3.59366e-20 8.80943e-15 2.61039e-10 9.34999e-07 0.000404819 0.0211867 0.134034 0.102991 0.040574 0.236472 0.218905 0.0573368 0.0762531 0.0322476 0.0240553 0.014454 0.0107613 0.00828977 0.00705672 0.00697878 0.00613218 0.00186579
 2.5581e-27 2.57535e-27 2.22977e-26 4.16418e-20 1.0208e-14 3.02481e-10 1.08344e-06 0.000469086 0.0245503 0.155312 0.119191 0.0375532 0.202107 0.188367 0.0735573 0.12064 0.0411377 0.017348 0.00756411 0.00416904 0.00259319 0.00188073 0.00164196 0.00143871 0.000479133
 2.56037e-27 2.58116e-27 2.70628e-26 5.16929e-20 1.26719e-14 3.75491e-10 1.34494e-06 0.00058231 0.030476 0.1928 0.147848 0.0396396 0.197849 0.183582 0.0571862 0.0847219 0.033553 0.0209653 0.00672994 0.00207467 0.000841318 0.000458303 0.000328866 0.000269566 9.2813e-05
 2.55888e-27 2.57688e-27 2.3035e-26 4.31949e-20 1.05887e-14 3.13762e-10 1.12384e-06 0.000486581 0.0254659 0.161105 0.123696 0.0427173 0.23824 0.220568 0.0586174 0.0784503 0.028199 0.014115 0.00556415 0.00204438 0.000459434 0.000138123 6.87612e-05 4.8118e-05 1.63625e-05
 2.55882e-27 2.57701e-27 2.34173e-26 4.40024e-20 1.07867e-14 3.19628e-10 1.14485e-06 0.000495678 0.025942 0.164117 0.125956 0.0402616 0.217965 0.202475 0.066628 0.101222 0.0342731 0.0138658 0.00467845 0.00156577 0.000438466 8.32372e-05 1.93903e-05 9.51146e-06 3.01803e-06
 2.55976e-27 2.57945e-27 2.54753e-26 4.83435e-20 1.18508e-14 3.51161e-10 1.2578e-06 0.000544579 0.0285013 0.180308 0.138325 0.0405948 0.21181 0.196489 0.0599767 0.0876851 0.0321144 0.0166429 0.00519949 0.00139384 0.000332382 6.87603e-05 9.58822e-06 2.08381e-06 5.43494e-07
 2.55972e-27 2.57914e-27 2.50031e-26 4.73466e-20 1.16065e-14 3.4392e-10 1.23186e-06 0.00053335 0.0279136 0.17659 0.135513 0.0422956 0.226729 0.209962 0.0570725 0.0775513 0.0272231 0.0125586 0.00436362 0.00136807 0.000272693 4.63356e-05 6.08035e-06 6.06137e-07 8.93661e-08
 2.56013e-27 2.58025e-27 2.60003e-26 4.94504e-20 1.21222e-14 3.59202e-10 1.2866e-06 0.000557049 0.0291539 0.184436 0.141497 0.0418299 0.218981 0.202906 0.0575397 0.0803311 0.0271086 0.0108326 0.00349938 0.00104097 0.000242421 3.836e-05 4.06661e-06 2.99619e-07 1.86823e-08
 2.56123e-27 2.58306e-27 2.83026e-26 5.43067e-20 1.33126e-14 3.94477e-10 1.41295e-06 0.000611754 0.032017 0.202549 0.15534 0.0426325 0.215362 0.199241 0.0510004 0.0663091 0.0223926 0.00896227 0.00270881 0.000695235 0.000148826 2.54966e-05 2.62797e-06 1.52893e-07 5.35766e-09
 2.56289e-27 2.58734e-27 3.18855e-26 6.18642e-20 1.51653e-14 4.49374e-10 1.60958e-06 0.000696888 0.0364726 0.230736 0.176873 0.04325 0.204933 0.18928 0.04316 0.0508478 0.0163628 0.00533889 0.00157267 0.00038935 7.29032e-05 1.11182e-05 1.18092e-06 6.57523e-08 1.68915e-09
 2.56158e-27 2.5837e-27 2.85845e-26 5.49003e-20 1.34581e-14 3.98789e-10 1.4284e-06 0.000618441 0.0323669 0.204763 0.157067 0.0449009 0.231412 0.213582 0.0450819 0.0490823 0.015356 0.00431458 0.00116173 0.00024259 4.33363e-05 5.91331e-06 5.51953e-07 3.06343e-08 7.23857e-10
 2.56254e-27 2.58639e-27 3.10512e-26 6.01043e-20 1.47338e-14 4.3659e-10 1.56379e-06 0.000677062 0.035435 0.224172 0.171863 0.0433993 0.209589 0.193641 0.0451346 0.0542029 0.0166049 0.00404521 0.00101995 0.000182458 2.77241e-05 3.36564e-06 2.80976e-07 1.37876e-08 3.15965e-10
 2.56411e-27 2.59051e-27 3.45484e-26 6.74813e-20 1.65422e-14 4.90176e-10 1.75573e-06 0.000760163 0.0397842 0.251686 0.192876 0.0436275 0.196562 0.181309 0.0373148 0.0394821 0.0122873 0.00333939 0.000823119 0.000127313 1.69016e-05 1.70359e-06 1.21442e-07 5.24588e-09 1.0735e-10
 2.56237e-27 2.5857e-27 3.02018e-26 5.83116e-20 1.42944e-14 4.23568e-10 1.51715e-06 0.000656868 0.0343781 0.217486 0.166794 0.045667 0.230407 0.212384 0.0399584 0.0376637 0.0113536 0.00251521 0.000617131 0.000103554 1.27399e-05 1.0878e-06 6.34442e-08 2.28444e-09 4.06277e-11
 2.56073e-27 2.58136e-27 2.648e-26 5.04606e-20 1.23698e-14 3.66539e-10 1.31288e-06 0.000568428 0.0297495 0.188204 0.144436 0.0457235 0.246547 0.227547 0.0475552 0.0511493 0.0150857 0.00272545 0.000610838 8.55609e-05 1.06857e-05 9.10265e-07 4.5124e-08 1.30964e-09 1.91506e-11
 2.56194e-27 2.58478e-27 2.96114e-26 5.70669e-20 1.39893e-14 4.14527e-10 1.48477e-06 0.000642847 0.0336443 0.212844 0.163221 0.0438929 0.219417 0.20271 0.0467386 0.0555616 0.0167645 0.00364178 0.000814645 9.42749e-05 1.00192e-05 7.74097e-07 3.8426e-08 9.69486e-10 1.13518e-11
 2.56296e-27 2.58732e-27 3.16599e-26 6.13876e-20 1.50484e-14 4.45912e-10 1.59718e-06 0.000691518 0.0361916 0.228958 0.175544 0.045004 0.219215 0.202106 0.0390572 0.0382012 0.0116037 0.00270269 0.000630881 8.35564e-05 8.32405e-06 5.21934e-07 2.24677e-08 5.46996e-10 5.66144e-12
 2.56294e-27 2.5872e-27 3.1476e-26 6.09994e-20 1.49533e-14 4.43092e-10 1.58708e-06 0.000687146 0.0359627 0.227511 0.174449 0.0456816 0.22514 0.207444 0.0376568 0.0336366 0.00980447 0.00161466 0.000355495 4.97098e-05 5.38408e-06 3.54313e-07 1.27943e-08 2.6171e-10 2.52266e-12
 2.56328e-27 2.58816e-27 3.23762e-26 6.28986e-20 1.54188e-14 4.56887e-10 1.63649e-06 0.000708539 0.0370824 0.234594 0.179847 0.0449869 0.216061 0.199171 0.0380999 0.0367251 0.0106695 0.0016709 0.000342101 3.58873e-05 3.69884e-06 2.62567e-07 1.01597e-08 1.85097e-10 1.48568e-12
 2.56274e-27 2.58665e-27 3.09987e-26 5.99924e-20 1.47064e-14 4.35778e-10 1.56088e-06 0.000675803 0.0353691 0.223755 0.171582 0.0457428 0.22762 0.209752 0.0384193 0.0347955 0.0101725 0.00171967 0.000356049 3.51108e-05 3.05571e-06 1.75933e-07 7.01209e-09 1.36712e-10 1.02166e-12
 2.56491e-27 2.59257e-27 3.62526e-26 7.1076e-20 1.74234e-14 5.16287e-10 1.84925e-06 0.000800657 0.0419035 0.265093 0.203121 0.044097 0.192937 0.177765 0.0330808 0.0306697 0.00887942 0.0013454 0.00027369 2.8611e-05 2.47461e-06 1.25436e-07 4.00597e-09 7.44091e-11 5.87188e-13
 2.56494e-27 2.59252e-27 3.6072e-26 7.06945e-20 1.73299e-14 5.13516e-10 1.83933e-06 0.000796359 0.0416786 0.26367 0.202054 0.0452802 0.202691 0.186492 0.0296654 0.0206885 0.0059374 0.000857842 0.000169045 1.58407e-05 1.35076e-06 7.07169e-08 2.07284e-09 3.14177e-11 2.24179e-13
 2.56431e-27 2.59082e-27 3.45879e-26 6.75639e-20 1.65625e-14 4.90776e-10 1.75788e-06 0.000761093 0.0398329 0.251994 0.193142 0.0455628 0.211103 0.194301 0.0319044 0.0238177 0.00670786 0.000729138 0.000129242 1.16167e-05 9.2987e-07 4.48642e-08 1.33134e-09 1.91863e-11 1.14867e-13
 2.56565e-27 2.5945e-27 3.78735e-26 7.44952e-20 1.82616e-14 5.41124e-10 1.93821e-06 0.000839173 0.0439193 0.277846 0.212862 0.0443053 0.187678 0.172747 0.0292175 0.0231191 0.00654974 0.000768417 0.000136098 9.57489e-06 6.6793e-07 3.02714e-08 8.26924e-10 1.16032e-11 6.7102e-14
 2.56556e-27 2.59415e-27 3.74881e-26 7.36819e-20 1.80622e-14 5.35216e-10 1.91706e-06 0.000830012 0.0434398 0.274813 0.210559 0.0451011 0.195352 0.179662 0.0274172 0.0172783 0.00487071 0.000566493 0.000100608 7.40863e-06 4.84679e-07 1.72293e-08 4.21153e-10 5.44857e-12 2.99824e-14
 2.56496e-27 2.59252e-27 3.60336e-26 7.06133e-20 1.731e-14 5.12927e-10 1.83722e-06 0.000795445 0.0416307 0.263368 0.201828 0.0456478 0.205647 0.18914 0.0286902 0.0177902 0.00494066 0.000445028 6.99745e-05 5.06638e-06 3.33951e-07 1.1943e-08 2.45495e-10 2.6426e-12 1.3249e-14
 2.56476e-27 2.59197e-27 3.55358e-26 6.95634e-20 1.70526e-14 5.053e-10 1.8099e-06 0.000783617 0.0410117 0.259452 0.198841 0.0458365 0.209181 0.192393 0.0291156 0.0179401 0.00496413 0.000415242 6.10017e-05 3.5125e-06 1.97078e-07 6.91823e-09 1.43072e-10 1.38908e-12 5.7223e-15
 2.56437e-27 2.59095e-27 3.46573e-26 6.77101e-20 1.65983e-14 4.91838e-10 1.76168e-06 0.000762741 0.0399191 0.25254 0.193564 0.0458754 0.213185 0.196144 0.0307958 0.0208247 0.00579055 0.000515021 7.8187e-05 4.27907e-06 2.14342e-07 5.90573e-09 1.1029e-10 1.0614e-12 4.10568e-15
#obs catch len freq
 5.03434e-42 6.98732e-34 1.17227e-26 2.37734e-20 5.82776e-15 1.72687e-10 6.18538e-07 0.000267806 0.0140159 0.0886697 0.0684347 0.0400518 0.219515 0.187266 0.143477 0.142737 0.0633948 0.0254261 0.00593152 0.000770913 4.13326e-05 6.60611e-07 2.35135e-09 1.51205e-12 1.53703e-16
 5.70608e-42 7.91967e-34 1.32869e-26 2.69455e-20 6.60538e-15 1.95729e-10 7.01071e-07 0.00030354 0.0158861 0.100501 0.0775778 0.0436771 0.223366 0.181748 0.14334 0.131291 0.05668 0.0207671 0.00435219 0.000487167 2.12516e-05 2.60837e-07 6.85064e-10 3.17964e-13 2.30605e-17
 1.08568e-41 1.50685e-33 2.52805e-26 5.12684e-20 1.25678e-14 3.72408e-10 1.33391e-06 0.000577535 0.0302259 0.191219 0.146893 0.045074 0.180666 0.140125 0.113583 0.0955697 0.0399699 0.013356 0.00249497 0.000236157 8.28947e-06 7.79438e-08 1.51054e-10 5.05637e-14 2.61264e-18
 1.11985e-41 1.55428e-33 2.60763e-26 5.28823e-20 1.29635e-14 3.84131e-10 1.3759e-06 0.000595716 0.0311774 0.19724 0.151839 0.0585101 0.238053 0.164295 0.07634 0.0537147 0.0209153 0.00622156 0.00101587 8.00884e-05 2.225e-06 1.58913e-08 2.27032e-11 5.48921e-15 2.02299e-19
 7.8559e-42 1.09035e-33 1.82928e-26 3.70975e-20 9.09401e-15 2.69472e-10 9.65206e-07 0.000417901 0.0218713 0.138368 0.107149 0.0648714 0.274102 0.184711 0.116403 0.0711429 0.016647 0.00376036 0.000521763 3.36597e-05 7.30218e-07 3.91811e-09 4.10283e-12 7.1598e-16 1.88514e-20
 1.26055e-41 1.74956e-33 2.93525e-26 5.95262e-20 1.45921e-14 4.32392e-10 1.54876e-06 0.000670559 0.0350944 0.22202 0.170753 0.0528845 0.172306 0.122085 0.125064 0.0754476 0.0200109 0.00336431 0.000284612 1.37585e-05 2.28468e-07 9.1111e-10 6.94056e-13 8.70153e-17 1.63404e-21
 1.03983e-41 1.44322e-33 2.4213e-26 4.91034e-20 1.20371e-14 3.56682e-10 1.27758e-06 0.000553147 0.0289495 0.183148 0.141774 0.07379 0.260401 0.153577 0.0856692 0.0504178 0.0183046 0.00318575 0.000221985 6.4896e-06 7.14933e-08 2.05298e-10 1.12672e-13 1.00905e-17 1.34597e-22
 1.28082e-41 1.7777e-33 2.98246e-26 6.04836e-20 1.48269e-14 4.39347e-10 1.57367e-06 0.000681344 0.0356588 0.225593 0.173993 0.0643413 0.192074 0.123605 0.115969 0.0541345 0.0117183 0.00206747 0.000159654 3.81798e-06 2.62404e-08 4.68855e-11 1.74725e-14 1.09895e-18 1.03459e-23
 1.14965e-41 1.59564e-33 2.67701e-26 5.42892e-20 1.33084e-14 3.94351e-10 1.4125e-06 0.000611564 0.0320068 0.202493 0.157024 0.0798913 0.23949 0.134258 0.0941371 0.0456699 0.012743 0.00158061 9.17395e-05 2.12604e-06 1.20376e-08 1.41738e-11 3.24705e-15 1.31259e-19 8.35381e-25
 1.51463e-41 2.10221e-33 3.52689e-26 7.15246e-20 1.75334e-14 5.19547e-10 1.86093e-06 0.000805719 0.0421682 0.266775 0.205835 0.0695545 0.171093 0.103666 0.0936996 0.0372864 0.00803144 0.0010306 5.15733e-05 8.498e-07 3.97163e-09 3.80497e-12 6.20536e-16 1.61828e-20 6.50013e-26
 1.55047e-41 2.15195e-33 3.61035e-26 7.32171e-20 1.79483e-14 5.31841e-10 1.90497e-06 0.000824786 0.043166 0.273092 0.211349 0.0831988 0.197242 0.098552 0.0617801 0.0245466 0.0056588 0.000563636 2.36412e-05 3.27631e-07 1.10744e-09 7.86293e-13 9.95189e-17 1.95061e-21 5.50933e-27
 1.15142e-41 1.59809e-33 2.68114e-26 5.43729e-20 1.33289e-14 3.94959e-10 1.41468e-06 0.000612507 0.0320562 0.202816 0.158944 0.103918 0.253982 0.129281 0.0872558 0.0264229 0.00429873 0.000397389 1.39744e-05 1.48783e-07 3.93599e-10 2.05446e-13 1.84563e-17 2.62705e-22 5.50644e-28
 1.7257e-41 2.39516e-33 4.01837e-26 8.14918e-20 1.99768e-14 5.91948e-10 2.12026e-06 0.000918 0.0480445 0.303957 0.234941 0.0747462 0.140148 0.0902036 0.0802058 0.0231908 0.0034167 0.000220058 5.80411e-06 4.95315e-08 9.82545e-11 3.79896e-14 2.50468e-18 2.5461e-23 3.75794e-29
 1.40093e-41 1.9444e-33 3.26214e-26 6.61555e-20 1.62172e-14 4.80547e-10 1.72124e-06 0.000745238 0.0390028 0.246774 0.193815 0.116492 0.234225 0.0984048 0.050853 0.0166275 0.00288984 0.000165665 3.20478e-06 1.88048e-08 2.74084e-11 7.81592e-15 3.72663e-19 2.7282e-24 2.8914e-30
 1.18573e-41 1.64572e-33 2.76103e-26 5.59932e-20 1.37261e-14 4.06728e-10 1.45683e-06 0.000630759 0.0330115 0.20888 0.16562 0.118855 0.229001 0.131903 0.0909925 0.0188451 0.00212976 0.000127466 2.34576e-06 1.04261e-08 1.03205e-11 2.02119e-15 6.84863e-20 3.5912e-25 2.71306e-31
 9.42788e-42 1.30853e-33 2.19533e-26 4.45208e-20 1.09137e-14 3.23394e-10 1.15835e-06 0.000501524 0.0262478 0.166107 0.134474 0.131583 0.243667 0.155246 0.110594 0.0281306 0.00332069 0.000125579 1.7861e-06 7.11941e-09 5.61063e-12 7.75245e-16 1.77304e-20 6.32693e-26 3.32206e-32
 1.49947e-41 2.08116e-33 3.49158e-26 7.08085e-20 1.73579e-14 5.14345e-10 1.8423e-06 0.000797653 0.041746 0.264142 0.207465 0.0987237 0.153305 0.120701 0.0874576 0.0227116 0.00283431 0.000112462 1.22939e-06 3.35154e-09 2.05664e-12 2.2729e-16 3.90512e-21 9.83225e-27 3.52543e-33
 1.05178e-41 1.4598e-33 2.44911e-26 4.96675e-20 1.21754e-14 3.6078e-10 1.29225e-06 0.000559501 0.0292822 0.185356 0.153589 0.170014 0.26082 0.117787 0.0626256 0.0176742 0.00220415 8.65297e-05 9.16139e-07 2.07763e-09 8.98242e-13 6.93722e-17 8.83753e-22 1.68829e-27 4.51234e-34
 1.53012e-41 2.1237e-33 3.56295e-26 7.22558e-20 1.77127e-14 5.24859e-10 1.87996e-06 0.000813957 0.0425994 0.269573 0.213826 0.1116 0.153693 0.126601 0.0688465 0.011317 0.00108661 4.11725e-05 4.05486e-07 8.27979e-10 3.01462e-13 1.76818e-17 1.58353e-22 2.09581e-28 3.97325e-35
 1.0865e-41 1.50799e-33 2.52997e-26 5.13072e-20 1.25774e-14 3.7269e-10 1.33491e-06 0.000577972 0.030249 0.191547 0.162756 0.190594 0.247442 0.111618 0.0524332 0.0118316 0.000927415 2.2645e-05 1.802e-07 3.19273e-10 9.87539e-14 4.77849e-18 3.38754e-23 3.37124e-29 4.58843e-36
 1.38685e-41 1.92486e-33 3.22935e-26 6.54906e-20 1.60542e-14 4.75716e-10 1.70394e-06 0.000737747 0.038611 0.244413 0.198905 0.136144 0.172868 0.139915 0.0596029 0.00819732 0.000590698 1.36953e-05 7.60292e-08 9.4835e-11 2.29134e-14 8.92249e-19 5.05326e-24 3.95923e-30 4.16702e-37
 1.50976e-41 2.09545e-33 3.51556e-26 7.12948e-20 1.74771e-14 5.17878e-10 1.85495e-06 0.000803131 0.042033 0.266133 0.219508 0.161505 0.173814 0.0906768 0.0383366 0.00680258 0.00037982 6.30621e-06 2.94046e-08 2.78638e-11 4.63456e-15 1.27232e-19 5.35013e-25 3.19795e-31 2.58257e-38
 1.22357e-41 1.69824e-33 2.84915e-26 5.77802e-20 1.41641e-14 4.19709e-10 1.50333e-06 0.00065089 0.0340656 0.215859 0.188008 0.200577 0.211342 0.109605 0.0351726 0.00446774 0.000246337 3.74023e-06 1.26614e-08 8.8724e-12 1.12294e-15 2.2339e-20 6.51777e-26 2.70011e-32 1.54631e-39
 1.47656e-41 2.04937e-33 3.43825e-26 6.9727e-20 1.70928e-14 5.0649e-10 1.81416e-06 0.00078547 0.0411091 0.260397 0.21858 0.161599 0.167864 0.111723 0.0341705 0.00362581 0.000142546 1.7158e-06 4.99827e-09 2.71266e-12 2.45871e-16 3.52272e-21 7.51007e-27 2.24921e-33 9.10468e-41
 1.45226e-41 2.01564e-33 3.38165e-26 6.85792e-20 1.68114e-14 4.98152e-10 1.7843e-06 0.000772541 0.0404328 0.256289 0.222611 0.194276 0.173539 0.0843652 0.0248391 0.00277974 9.26643e-05 8.07395e-07 1.6894e-09 7.08436e-13 5.0136e-17 5.35058e-22 8.15906e-28 1.72977e-34 4.9891e-42
 1.28662e-41 1.78574e-33 2.99595e-26 6.07573e-20 1.48939e-14 4.41334e-10 1.58079e-06 0.000684427 0.0358219 0.227309 0.206899 0.215045 0.192601 0.0973971 0.0222989 0.00188524 5.68626e-05 4.31454e-07 6.76972e-10 1.98558e-13 9.98791e-18 7.86041e-23 8.9676e-29 1.4069e-35 2.94019e-43
 1.16318e-41 1.61442e-33 2.70852e-26 5.49282e-20 1.3465e-14 3.98992e-10 1.42913e-06 0.000618763 0.032386 0.205762 0.195326 0.223225 0.204744 0.111816 0.0243047 0.00177611 3.95581e-05 2.32135e-07 2.97704e-10 6.78083e-14 2.46269e-18 1.35082e-23 1.07577e-29 1.19928e-36 1.81157e-44
 1.15059e-41 1.59695e-33 2.67921e-26 5.43339e-20 1.33193e-14 3.94676e-10 1.41366e-06 0.000612069 0.0320356 0.203511 0.192146 0.216648 0.208513 0.118226 0.026328 0.00193751 3.93859e-05 1.8915e-07 1.91894e-10 3.60383e-14 1.10704e-18 5.05784e-24 3.25086e-30 2.85205e-37 3.35226e-45
#spawning biomass
 10584.4 11856.3 15570.4 20723.7 25336.9 32347.6 38830.6 47523.5 55890.9 67767.5 86353.7 104439 136546 170301 164642 150907 135961 122646 124533 120290 121236 128232 136700 152722 165903 161377 138610 120557 92568.2 163483 213084 236376 241568 236181 225569 213225 201175 190422 181334 173927 168037 163435 159836 156981 154875 153321 152174 151328 150704 150244 149904 149653 149468 149332 149231 149157 149102 149062 149032 149010 148994 148982 148973 148966 148962 148958 148955 148953 148952 148951 148950 148950 148949 148949 148949 148949 148948 148948 148948 148948 148948 148948 148948 148948 148948 148948 148948 148948 148948 148948 148948 148948 148948 148948 148948 148948 148948 148948 148948 148948 148948 148948 148948 148948 148948 148948 148948 148948 148948 148948 148948 148948 148948 148948 148948 148948 148948 148948 148948 148948 148948 148948 148948 148948 148948 148948 148948 148948 0 0 0 0 0 0 0 0 0 0 0 0 0 0 0 0 0 0 0 0 0 0 0 0 0
