SBPRF35
0.819782
Curr Bio
148870
B35
692646
F35
0.20874
FOFL
0.0530812
OFL
8204.01
Bzero
234224
#pred survey bio
 7921.57 7255.62 8363.25 11079.4 16447 17505.4 18327.7 24382.9 35761.2 52165.9 60818.2 78721.4 104977 129151 131582 117326 108832 100752 97458.2 98887 108806 111305 115119 121433 132670 129749 132469 159774 7.38373e+06 6.91782e+06 7.71776e+06 7.43058e+06 6.64791e+06 5.7259e+06 4.85547e+06 4.11789e+06 3.53126e+06 3.08304e+06 2.74939e+06 2.50518e+06 2.32821e+06 2.20047e+06 2.10748e+06 2.03882e+06 1.99012e+06 1.95524e+06 1.92998e+06 1.91149e+06 1.8978e+06 1.88755e+06 1.8798e+06 1.87387e+06 1.8693e+06 1.86575e+06 1.86296e+06 1.86076e+06 1.85901e+06 1.85762e+06 1.8565e+06 1.8556e+06 1.85487e+06 1.85429e+06 1.85381e+06 1.85342e+06 1.85311e+06 1.85285e+06 1.85264e+06 1.85247e+06 1.85233e+06 1.85222e+06 1.85213e+06 1.85205e+06 1.85199e+06 1.85194e+06 1.8519e+06 1.85186e+06 1.85183e+06 1.85181e+06 1.85179e+06 1.85178e+06 1.85177e+06 1.85175e+06 1.85175e+06 1.85174e+06 1.85173e+06 1.85173e+06 1.85173e+06 1.85172e+06 1.85172e+06 1.85172e+06 1.85172e+06 1.85172e+06 1.85171e+06 1.85171e+06 1.85171e+06 1.85171e+06 1.85171e+06 1.85171e+06 1.85171e+06 1.85171e+06 1.85171e+06 1.85171e+06 1.85171e+06 1.85171e+06 1.85171e+06 1.85171e+06 1.85171e+06 1.85171e+06 1.85171e+06 1.85171e+06 1.85171e+06 1.85171e+06 1.85171e+06 1.85171e+06 1.85171e+06 1.85171e+06 1.85171e+06 1.85171e+06 1.85171e+06 1.85171e+06 1.85171e+06 1.85171e+06 1.85171e+06 1.85171e+06 1.85171e+06 1.85171e+06 1.85171e+06 1.85171e+06 0 0 0 0 0 0 0 0 0 0 0 0 0 0 0 0 0 0 0 0 0 0 0 0 0
#obs survey bio
 7163.94 7932.66 13732 13456.2 12274.5 11811 18737.7 34665 77825.6 63007.9 63041.8 92113.4 127916 131669 93275.5 63758.5 116242 98288.6 78219.9 102072 124842 159538 135904 146718 135288 136037 169492 170885
#pred catch bio
 5509.37 5140.84 5873.77 7185.37 12007.2 12869.1 13100.4 16991.7 23193.7 38679.9 44777.7 57667.3 78261.6 99214.8 104777 94332.1 89444.4 82558.9 79809.4 79296.7 89623.7 91285.7 94709.8 99498.1 113402 108996 103659 103727 8204.01 55248 62061.5 59095 52173.4 44250.1 36890.1 30744.7 25936.1 22332.2 19711.4 17846.5 16540.4 15635.8 15010.8 14578.9 14291.8 14101.1 13974.3 13890.1 13834.1 13796.9 13772.2 13755.8 13744.9 13737.7 13732.8 13729.6 13727.5 13726.1 13725.2 13724.5 13724.1 13723.8 13723.7 13723.5 13723.5 13723.4 13723.4 13723.3 13723.3 13723.3 13723.3 13723.3 13723.3 13723.3 13723.3 13723.3 13723.3 13723.3 13723.3 13723.3 13723.3 13723.3 13723.3 13723.3 13723.3 13723.3 13723.3 13723.3 13723.3 13723.3 13723.3 13723.3 13723.3 13723.3 13723.3 13723.3 13723.3 13723.3 13723.3 13723.3 13723.3 13723.3 13723.3 13723.3 13723.3 13723.3 13723.3 13723.3 13723.3 13723.3 13723.3 13723.3 13723.3 13723.3 13723.3 13723.3 13723.3 13723.3 13723.3 13723.3 13723.3 13723.3 13723.3 13723.3 13723.3 13723.3 13723.3 13723.3 0 0 0 0 0 0 0 0 0 0 0 0 0 0 0 0 0 0 0 0 0 0 0 0 0
#obs catch bio
 4725.56 5081.19 5646.29 6979.83 12002 12971.8 12941.9 16246.2 21677 36728.6 43539.3 55808.6 75692.4 97336.4 106294 94892.3 87555.9 81471.7 79826 78107.1 87362.8 87357.1 90779.9 94909.2 109859 106518 98964.6 102938
#pred cpue bio
 6862.44 5971.82 6680.08 8721.35 13069.1 14368.3 14805.3 18939.5 27880.4 41812.7 48142.5 61292.6 81924 101856 106647 94842.6 86592.3 79690.5 76681.7 77155.8 84734 86792 89740.6 94039.9 102491 100048 102497 123970 6.09175e+06 6.76462e+06 7.6796e+06 7.38518e+06 6.59931e+06 5.67673e+06 4.80621e+06 4.06863e+06 3.48199e+06 3.03377e+06 2.70013e+06 2.45591e+06 2.27895e+06 2.15121e+06 2.05822e+06 1.98955e+06 1.94086e+06 1.90597e+06 1.88072e+06 1.86222e+06 1.84853e+06 1.83829e+06 1.83053e+06 1.82461e+06 1.82004e+06 1.81648e+06 1.8137e+06 1.81149e+06 1.80975e+06 1.80835e+06 1.80723e+06 1.80633e+06 1.80561e+06 1.80502e+06 1.80454e+06 1.80416e+06 1.80384e+06 1.80359e+06 1.80338e+06 1.80321e+06 1.80307e+06 1.80295e+06 1.80286e+06 1.80279e+06 1.80272e+06 1.80267e+06 1.80263e+06 1.8026e+06 1.80257e+06 1.80255e+06 1.80253e+06 1.80251e+06 1.8025e+06 1.80249e+06 1.80248e+06 1.80247e+06 1.80247e+06 1.80246e+06 1.80246e+06 1.80246e+06 1.80245e+06 1.80245e+06 1.80245e+06 1.80245e+06 1.80245e+06 1.80245e+06 1.80245e+06 1.80245e+06 1.80245e+06 1.80245e+06 1.80244e+06 1.80244e+06 1.80244e+06 1.80244e+06 1.80244e+06 1.80244e+06 1.80244e+06 1.80244e+06 1.80244e+06 1.80244e+06 1.80244e+06 1.80244e+06 1.80244e+06 1.80244e+06 1.80244e+06 1.80244e+06 1.80244e+06 1.80244e+06 1.80244e+06 1.80244e+06 1.80244e+06 1.80244e+06 1.80244e+06 1.80244e+06 1.80244e+06 1.80244e+06 1.80244e+06 1.80244e+06 1.80244e+06 1.80244e+06 0 0 0 0 0 0 0 0 0 0 0 0 0 0 0 0 0 0 0 0 0 0 0 0 0
#obs cpue bio
 9098.87 7616.89 9108.61 9790.95 14189.8 17016.4 23587.8 32958.5 47199.5 56127.6 65795.6 86308 115543 114166 101589 176382 129913 94301.8 88623.6 104183 117394 132638 145193 166958 152087 131654 194373 112674
#pred surv len freq
 2.56698e-27 2.59864e-27 4.222e-26 8.36672e-20 2.051e-14 6.07748e-10 2.17685e-06 0.000942494 0.0493267 0.312054 0.238868 0.0370068 0.113862 0.105218 0.0274791 0.0365703 0.017047 0.0149517 0.0101164 0.00833898 0.00700271 0.00640649 0.00674759 0.00616006 0.00189945
 2.56821e-27 2.60167e-27 4.44678e-26 8.84074e-20 2.1672e-14 6.4218e-10 2.30018e-06 0.000995891 0.0521214 0.329734 0.252419 0.0402339 0.128902 0.118767 0.024206 0.0254417 0.00976962 0.00599563 0.00328349 0.00226455 0.00164908 0.00133933 0.00128136 0.00118938 0.000404096
 2.56925e-27 2.60444e-27 4.68511e-26 9.34348e-20 2.29044e-14 6.78699e-10 2.43099e-06 0.00105252 0.0550853 0.348485 0.266736 0.0401831 0.118458 0.109122 0.0224426 0.0237724 0.00809486 0.0034302 0.00137265 0.000667987 0.000376045 0.000253835 0.000210587 0.000188527 6.6871e-05
 2.56977e-27 2.60582e-27 4.8019e-26 9.58985e-20 2.35084e-14 6.96595e-10 2.49509e-06 0.00108028 0.0565378 0.357673 0.273753 0.0402717 0.114201 0.105115 0.0203077 0.0199038 0.00679672 0.00288188 0.00094106 0.000302574 0.000107994 5.17683e-05 3.40706e-05 2.75695e-05 9.81499e-06
 2.56933e-27 2.60462e-27 4.6967e-26 9.36792e-20 2.29643e-14 6.80474e-10 2.43734e-06 0.00105528 0.0552294 0.349396 0.267437 0.0405259 0.120573 0.111017 0.0217542 0.0217101 0.007234 0.0027938 0.00090821 0.000269621 6.31508e-05 1.71717e-05 7.29171e-06 4.79466e-06 1.64514e-06
 2.56765e-27 2.60004e-27 4.29032e-26 8.51063e-20 2.08628e-14 6.18202e-10 2.21429e-06 0.000958705 0.0501752 0.317422 0.243043 0.0418236 0.147588 0.135924 0.0257606 0.0245834 0.00820052 0.00318092 0.000991022 0.000273086 6.00229e-05 1.07941e-05 2.22833e-06 9.37639e-07 2.90885e-07
 2.56863e-27 2.60279e-27 4.54236e-26 9.04236e-20 2.21663e-14 6.56826e-10 2.35264e-06 0.0010186 0.05331 0.337254 0.258163 0.0403727 0.125924 0.116097 0.0252455 0.0284004 0.00936168 0.00342708 0.00106446 0.000289903 5.92147e-05 9.59291e-06 1.17181e-06 2.11491e-07 5.04749e-08
 2.57038e-27 2.60748e-27 4.95063e-26 9.90362e-20 2.42775e-14 7.19387e-10 2.57672e-06 0.00111562 0.0583877 0.369376 0.28268 0.0397079 0.103639 0.0953922 0.0190316 0.0194509 0.00681097 0.00312729 0.000966888 0.000251663 5.0831e-05 7.75443e-06 7.9244e-07 6.40646e-08 7.85688e-09
 2.5701e-27 2.60665e-27 4.87061e-26 9.73479e-20 2.38637e-14 7.07123e-10 2.5328e-06 0.0010966 0.0573923 0.363079 0.277884 0.0404763 0.112856 0.103788 0.0185425 0.0161973 0.00544758 0.00220415 0.000748799 0.000231067 4.55746e-05 6.74906e-06 6.45434e-07 3.67197e-08 1.75156e-09
 2.56888e-27 2.60338e-27 4.58542e-26 9.13317e-20 2.23889e-14 6.63422e-10 2.37627e-06 0.00102883 0.0538454 0.340641 0.260758 0.0409509 0.1285 0.118322 0.0228771 0.0224173 0.00722208 0.00240426 0.000752975 0.000218625 5.05282e-05 7.88459e-06 7.26076e-07 3.69973e-08 9.78918e-10
 2.56949e-27 2.60505e-27 4.73411e-26 9.44685e-20 2.31578e-14 6.86207e-10 2.45788e-06 0.00106417 0.0556947 0.35234 0.269684 0.0404671 0.118548 0.10914 0.0212897 0.0211197 0.00700432 0.00263917 0.0007729 0.000187264 3.94329e-05 6.702e-06 6.74147e-07 3.31476e-08 7.19645e-10
 2.57018e-27 2.6069e-27 4.89487e-26 9.78597e-20 2.39891e-14 7.10841e-10 2.54611e-06 0.00110237 0.057694 0.364988 0.279338 0.0402359 0.110005 0.101201 0.0188601 0.0175717 0.00584551 0.00224466 0.000692175 0.000180458 3.28359e-05 4.87471e-06 5.12107e-07 2.73301e-08 5.6862e-10
 2.57003e-27 2.60647e-27 4.85377e-26 9.69925e-20 2.37765e-14 7.04541e-10 2.52355e-06 0.0010926 0.0571828 0.361754 0.276874 0.040572 0.114294 0.105114 0.0187639 0.0163577 0.00533215 0.00188706 0.000581628 0.000156545 3.06855e-05 4.24095e-06 3.84242e-07 2.09412e-08 4.637e-10
 2.56956e-27 2.60519e-27 4.74062e-26 9.46055e-20 2.31914e-14 6.87203e-10 2.46144e-06 0.00106571 0.0557755 0.352851 0.270081 0.0408925 0.121506 0.111778 0.020101 0.0177251 0.00567343 0.0018377 0.000542464 0.000137024 2.73006e-05 3.99969e-06 3.47907e-07 1.66748e-08 3.71901e-10
 2.56825e-27 2.60163e-27 4.42717e-26 8.79931e-20 2.15705e-14 6.39171e-10 2.2894e-06 0.000991224 0.0518771 0.328189 0.251263 0.041729 0.141093 0.129874 0.0236958 0.021373 0.00685603 0.00223704 0.00063928 0.000148401 2.76386e-05 3.99425e-06 3.63501e-07 1.67916e-08 3.38092e-10
 2.56846e-27 2.60225e-27 4.48621e-26 8.92387e-20 2.18758e-14 6.48219e-10 2.32181e-06 0.00100526 0.0526115 0.332835 0.254801 0.0411779 0.134413 0.123795 0.0241538 0.023954 0.00772903 0.0025777 0.000740452 0.000170952 2.97127e-05 3.95302e-06 3.4944e-07 1.66084e-08 3.2196e-10
 2.56921e-27 2.60428e-27 4.6636e-26 9.29807e-20 2.27931e-14 6.754e-10 2.41917e-06 0.00104741 0.0548176 0.346791 0.265453 0.0408463 0.124406 0.114507 0.0215458 0.0203509 0.00674228 0.00253693 0.000743614 0.000174949 3.04229e-05 3.8481e-06 3.11145e-07 1.42761e-08 2.80198e-10
 2.56941e-27 2.60477e-27 4.70294e-26 9.38105e-20 2.29965e-14 6.81428e-10 2.44076e-06 0.00105676 0.0553068 0.349886 0.26782 0.041099 0.124666 0.114667 0.0201328 0.0170752 0.00555483 0.00195107 0.000595603 0.000154881 2.76774e-05 3.52519e-06 2.72739e-07 1.14952e-08 2.17261e-10
 2.56964e-27 2.60538e-27 4.75601e-26 9.49302e-20 2.3271e-14 6.89561e-10 2.46989e-06 0.00106937 0.0559669 0.354062 0.271007 0.0409758 0.12149 0.111736 0.0196074 0.0166047 0.00525449 0.00161023 0.000470634 0.000117612 2.27974e-05 3.08915e-06 2.41684e-07 9.76323e-09 1.70835e-10
 2.56999e-27 2.60634e-27 4.84042e-26 9.67108e-20 2.37075e-14 7.02495e-10 2.51622e-06 0.00108943 0.0570167 0.360703 0.276075 0.0407883 0.116502 0.107119 0.0185361 0.0153222 0.00484554 0.00147902 0.000411184 9.09471e-05 1.6685e-05 2.34769e-06 1.98185e-07 8.13854e-09 1.36691e-10
 2.57007e-27 2.60654e-27 4.8578e-26 9.70774e-20 2.37974e-14 7.05158e-10 2.52576e-06 0.00109356 0.0572328 0.362071 0.277119 0.0407653 0.115593 0.106275 0.0182856 0.0149616 0.00470932 0.00140284 0.000388539 8.4296e-05 1.3977e-05 1.79811e-06 1.5403e-07 6.78049e-09 1.16099e-10
 2.56999e-27 2.60631e-27 4.8355e-26 9.6607e-20 2.3682e-14 7.01741e-10 2.51352e-06 0.00108826 0.0569555 0.360316 0.275782 0.0409516 0.11795 0.108423 0.0181769 0.0141709 0.00444103 0.00129671 0.000355264 7.54593e-05 1.23302e-05 1.46836e-06 1.13517e-07 5.00279e-09 9.07404e-11
 2.57001e-27 2.60636e-27 4.84117e-26 9.67265e-20 2.37113e-14 7.02609e-10 2.51663e-06 0.0010896 0.0570259 0.360762 0.276121 0.0408887 0.117233 0.107774 0.0182953 0.0146019 0.00453357 0.00125097 0.000338028 7.0414e-05 1.12843e-05 1.31404e-06 9.4767e-08 3.78994e-09 6.82492e-11
 2.57029e-27 2.60712e-27 4.9082e-26 9.81406e-20 2.4058e-14 7.12881e-10 2.55342e-06 0.00110553 0.0578597 0.366036 0.280146 0.0407 0.11297 0.103837 0.017535 0.01386 0.00432242 0.00122437 0.00032611 6.46352e-05 1.01342e-05 1.15407e-06 8.08709e-08 3.01829e-09 4.98488e-11
 2.57038e-27 2.60736e-27 4.92826e-26 9.85638e-20 2.41617e-14 7.15956e-10 2.56443e-06 0.0011103 0.0581092 0.367614 0.281351 0.0407017 0.112136 0.103053 0.0171414 0.0131586 0.00409394 0.00114762 0.000307799 6.2026e-05 9.39515e-06 1.02927e-06 7.02647e-08 2.53435e-09 3.90787e-11
 2.57042e-27 2.60745e-27 4.93439e-26 9.8693e-20 2.41934e-14 7.16894e-10 2.56779e-06 0.00111176 0.0581853 0.368096 0.281721 0.0408485 0.112993 0.103807 0.016601 0.0117335 0.00361644 0.000966715 0.000256681 5.13562e-05 7.87602e-06 8.509e-07 5.56008e-08 1.94234e-09 2.88205e-11
 2.57028e-27 2.60709e-27 4.90293e-26 9.80294e-20 2.40307e-14 7.12073e-10 2.55053e-06 0.00110428 0.0577941 0.365621 0.279832 0.040893 0.114659 0.105358 0.0171337 0.012555 0.00381957 0.000933212 0.000241062 4.6282e-05 7.01105e-06 7.59946e-07 4.93036e-08 1.65458e-09 2.36719e-11
 2.57022e-27 2.60695e-27 4.89421e-26 9.78455e-20 2.39856e-14 7.10737e-10 2.54574e-06 0.00110221 0.0576856 0.364935 0.279304 0.04065 0.11318 0.104056 0.018024 0.0149168 0.00458947 0.00118979 0.000302362 5.35885e-05 7.77332e-06 8.1914e-07 5.29894e-08 1.76439e-09 2.43632e-11
#obs surv len freq
 1.63666e-41 2.27157e-33 3.81103e-26 7.7287e-20 1.8946e-14 5.61404e-10 2.01086e-06 0.000870632 0.0455654 0.28826 0.220854 0.0442934 0.164872 0.140146 0.0434971 0.035322 0.0114863 0.00389345 0.000825603 0.000105557 5.96658e-06 1.07189e-07 4.50307e-10 3.54674e-13 4.54363e-17
 1.90116e-41 2.63869e-33 4.42695e-26 8.97777e-20 2.20079e-14 6.52135e-10 2.33584e-06 0.00101134 0.0529295 0.334847 0.256439 0.0440326 0.132444 0.106571 0.0340792 0.0260894 0.00830247 0.00266498 0.000525055 5.8809e-05 2.73298e-06 3.82268e-08 1.20487e-10 6.94972e-14 6.41696e-18
 1.93e-41 2.67872e-33 4.4941e-26 9.11395e-20 2.23418e-14 6.62028e-10 2.37127e-06 0.00102668 0.0537324 0.339927 0.2604 0.047058 0.140731 0.105888 0.0268569 0.0171545 0.00530382 0.00159857 0.000291649 2.86822e-05 1.09638e-06 1.188e-08 2.79089e-11 1.17384e-14 7.80302e-19
 1.96151e-41 2.72245e-33 4.56747e-26 9.26273e-20 2.27065e-14 6.72835e-10 2.40999e-06 0.00104344 0.0546095 0.345476 0.264703 0.04877 0.139387 0.0988363 0.0265515 0.015742 0.00376996 0.000939277 0.000156132 1.34022e-05 4.21661e-07 3.5464e-09 6.20343e-12 1.89699e-15 9.05323e-20
 1.76681e-41 2.45222e-33 4.1141e-26 8.34331e-20 2.04526e-14 6.06049e-10 2.17077e-06 0.000939868 0.049189 0.311185 0.238709 0.0548549 0.175548 0.116792 0.0309893 0.0169139 0.00395003 0.000817618 0.000102038 7.26306e-06 1.86627e-07 1.22026e-09 1.59549e-12 3.55499e-16 1.21805e-20
 1.4484e-41 2.01029e-33 3.37267e-26 6.83972e-20 1.67668e-14 4.9683e-10 1.77956e-06 0.000770489 0.0403243 0.255106 0.196164 0.0625957 0.221626 0.140546 0.0491014 0.0267137 0.0058356 0.00109625 0.00011286 5.81725e-06 1.13356e-07 5.69298e-10 5.57408e-13 9.09174e-17 2.24563e-21
 2.08203e-41 2.88972e-33 4.84811e-26 9.83187e-20 2.41017e-14 7.14176e-10 2.55806e-06 0.00110755 0.0579649 0.366704 0.281059 0.0502954 0.112819 0.0695026 0.0350427 0.01945 0.0050446 0.000922344 8.22258e-05 3.29007e-06 4.49587e-08 1.60996e-10 1.15452e-13 1.37637e-17 2.45962e-22
 1.98363e-41 2.75314e-33 4.61897e-26 9.36717e-20 2.29625e-14 6.80422e-10 2.43716e-06 0.00105521 0.0552253 0.349374 0.268173 0.0602278 0.152021 0.0819049 0.0193365 0.00900787 0.00301101 0.000606044 5.43771e-05 1.80771e-06 1.82415e-08 4.48637e-11 2.20967e-14 1.85676e-18 2.37195e-23
 2.01761e-41 2.80031e-33 4.6981e-26 9.52766e-20 2.33559e-14 6.92079e-10 2.47891e-06 0.00107328 0.0561714 0.35536 0.272867 0.0617623 0.144896 0.0744038 0.0228429 0.00875113 0.00154054 0.000298511 2.96391e-05 9.35988e-07 7.63248e-09 1.35827e-11 4.58129e-15 2.60267e-19 2.27617e-24
 1.72708e-41 2.39708e-33 4.02159e-26 8.15571e-20 1.99928e-14 5.92422e-10 2.12196e-06 0.000918735 0.0480829 0.304193 0.234436 0.076249 0.199359 0.095448 0.0286895 0.0104377 0.00192962 0.00023581 1.75044e-05 5.42257e-07 3.97218e-09 5.62127e-12 1.38163e-15 5.44921e-20 3.23922e-25
 2.01931e-41 2.80267e-33 4.70206e-26 9.53569e-20 2.33756e-14 6.92663e-10 2.481e-06 0.00107419 0.0562188 0.355662 0.273478 0.0667126 0.139518 0.0663252 0.0289857 0.01007 0.00174471 0.000197139 1.02538e-05 2.19827e-07 1.37063e-09 1.65131e-12 3.21753e-16 9.44666e-21 4.00392e-26
 1.84076e-41 2.55485e-33 4.28629e-26 8.69252e-20 2.13087e-14 6.31415e-10 2.26163e-06 0.000979206 0.0512478 0.324219 0.250253 0.0818885 0.181283 0.0761729 0.0238143 0.00819953 0.00174907 0.000184022 8.12219e-06 1.22571e-07 5.11876e-10 4.66986e-13 7.28294e-17 1.68374e-21 5.42362e-27
 1.92234e-41 2.66808e-33 4.47625e-26 9.07775e-20 2.2253e-14 6.59398e-10 2.36186e-06 0.0010226 0.0535189 0.338588 0.261371 0.0809522 0.160862 0.0673199 0.0271735 0.00774774 0.00129205 0.000142851 6.02459e-06 7.29211e-08 2.14184e-10 1.29453e-13 1.40314e-17 2.40161e-22 5.88949e-28
 1.6226e-41 2.25206e-33 3.7783e-26 7.66231e-20 1.87833e-14 5.56582e-10 1.99359e-06 0.000863154 0.0451741 0.285806 0.222515 0.104353 0.216856 0.0835955 0.0304559 0.00874495 0.00149905 0.000129606 4.87878e-06 5.31029e-08 1.23178e-10 5.31313e-14 3.8782e-18 4.44035e-23 7.49989e-29
 1.47826e-41 2.05173e-33 3.44221e-26 6.98073e-20 1.71124e-14 5.07073e-10 1.81625e-06 0.000786375 0.0411558 0.260393 0.204019 0.113357 0.224569 0.0943889 0.047074 0.0121812 0.00191225 0.000156854 4.76286e-06 4.17992e-08 8.06826e-11 2.7399e-14 1.46827e-18 1.17381e-23 1.34573e-29
 1.71632e-41 2.38214e-33 3.99654e-26 8.1049e-20 1.98682e-14 5.88731e-10 2.10874e-06 0.000913011 0.0477834 0.302323 0.235811 0.103053 0.177017 0.076565 0.0417656 0.0124719 0.00213841 0.000153762 4.02854e-06 2.80072e-08 4.12143e-11 1.08742e-14 4.51341e-19 2.71333e-24 2.25995e-30
 1.68307e-41 2.33599e-33 3.9191e-26 7.94786e-20 1.94832e-14 5.77324e-10 2.06788e-06 0.000895322 0.0468576 0.29648 0.232801 0.118656 0.191987 0.0703532 0.0306543 0.00940284 0.00177482 0.000133385 3.03918e-06 1.70378e-08 1.93184e-11 3.78772e-15 1.16388e-19 5.22688e-25 3.25722e-31
 1.70192e-41 2.36215e-33 3.963e-26 8.03688e-20 1.97015e-14 5.8379e-10 2.09104e-06 0.000905349 0.0473824 0.299813 0.236291 0.123672 0.184189 0.069277 0.0299506 0.00721044 0.00121318 9.28732e-05 2.03157e-06 9.64667e-09 8.53701e-12 1.26219e-15 2.85858e-20 9.32925e-26 4.21271e-32
 1.65634e-41 2.29889e-33 3.85687e-26 7.82165e-20 1.91739e-14 5.68156e-10 2.03504e-06 0.000881104 0.0461135 0.291807 0.231828 0.135564 0.188383 0.0690768 0.0286991 0.00666435 0.000921145 5.82243e-05 1.1603e-06 4.89406e-09 3.57314e-12 4.09201e-16 6.92723e-21 1.65991e-26 5.44208e-33
 1.75318e-41 2.43329e-33 4.08235e-26 8.27893e-20 2.02948e-14 6.01372e-10 2.15402e-06 0.000932616 0.0488095 0.308877 0.245522 0.13369 0.167835 0.0627272 0.0253855 0.00550041 0.000683257 3.46509e-05 5.40583e-07 1.8851e-09 1.14446e-12 1.05646e-16 1.38791e-21 2.50202e-27 6.04474e-34
 1.71504e-41 2.38037e-33 3.99356e-26 8.09886e-20 1.98534e-14 5.88293e-10 2.10717e-06 0.000912331 0.047748 0.302198 0.242737 0.147873 0.172401 0.0593678 0.021716 0.00451914 0.00050415 2.13813e-05 2.56478e-07 6.6989e-10 3.12613e-13 2.26207e-17 2.32616e-22 3.23762e-28 5.93414e-35
 1.72768e-41 2.3979e-33 4.02298e-26 8.15852e-20 1.99996e-14 5.92626e-10 2.12269e-06 0.000919052 0.0480997 0.304458 0.246187 0.152954 0.164577 0.0585832 0.0201827 0.00366303 0.000360521 1.29388e-05 1.22263e-07 2.38153e-10 8.09225e-14 4.28835e-18 3.28096e-23 3.43667e-29 4.75774e-36
 1.72473e-41 2.39381e-33 4.01612e-26 8.14461e-20 1.99656e-14 5.91616e-10 2.11907e-06 0.000917485 0.0480179 0.303991 0.24817 0.161187 0.160155 0.055953 0.018228 0.00311163 0.00025871 7.5886e-06 5.69161e-08 8.42176e-11 2.1008e-14 8.01397e-19 4.38754e-24 3.30138e-30 3.31007e-37
 1.75136e-41 2.43078e-33 4.07813e-26 8.27037e-20 2.02738e-14 6.00751e-10 2.15179e-06 0.000931652 0.0487595 0.308739 0.253964 0.165542 0.151361 0.0522637 0.0157766 0.00247663 0.000180194 4.26428e-06 2.46773e-08 2.76888e-11 5.13488e-15 1.42872e-19 5.62517e-25 3.01729e-31 2.14803e-38
 1.68356e-41 2.33666e-33 3.92024e-26 7.95017e-20 1.94889e-14 5.77491e-10 2.06848e-06 0.000895581 0.0468719 0.296898 0.249084 0.181272 0.155307 0.0526889 0.0147383 0.00210806 0.000132291 2.56083e-06 1.14357e-08 9.566e-12 1.30636e-15 2.65843e-20 7.59735e-26 2.93507e-32 1.4949e-39
 1.59727e-41 2.21691e-33 3.71933e-26 7.54272e-20 1.84901e-14 5.47895e-10 1.96247e-06 0.000849683 0.0444702 0.281835 0.242353 0.196465 0.160096 0.0568883 0.0150002 0.00193545 0.000103591 1.62522e-06 5.63482e-09 3.53553e-12 3.53823e-16 5.21676e-21 1.07555e-26 2.99159e-33 1.09473e-40
 1.59636e-41 2.21565e-33 3.71721e-26 7.53842e-20 1.84796e-14 5.47583e-10 1.96135e-06 0.000849199 0.0444453 0.281802 0.245655 0.199603 0.153816 0.0572913 0.014688 0.00176634 8.03485e-05 1.01162e-06 2.70733e-09 1.27702e-12 9.42697e-17 1.01095e-21 1.50158e-27 2.99235e-34 7.82485e-42
 1.64216e-41 2.27921e-33 3.82384e-26 7.75467e-20 1.90097e-14 5.63291e-10 2.01762e-06 0.000873559 0.0457208 0.290011 0.254929 0.199254 0.142698 0.0521097 0.0128737 0.00147031 5.83194e-05 5.92047e-07 1.21723e-09 4.29929e-13 2.34017e-17 1.83122e-22 1.96934e-28 2.82415e-35 5.28925e-43
#pred catch len freq
 2.56567e-27 2.59514e-27 3.91976e-26 7.72915e-20 1.89471e-14 5.61436e-10 2.01097e-06 0.000870673 0.0455679 0.288275 0.220714 0.0372645 0.128577 0.118856 0.0309245 0.0410399 0.0190964 0.0167083 0.0112975 0.00930954 0.00781699 0.00715129 0.00753201 0.00687618 0.00212027
 2.56708e-27 2.59859e-27 4.17632e-26 8.27019e-20 2.02734e-14 6.00737e-10 2.15174e-06 0.00093162 0.0487576 0.308454 0.23618 0.0408725 0.145171 0.133797 0.0271651 0.0284215 0.0108993 0.00666898 0.00364974 0.00251617 0.00183212 0.00148796 0.00142355 0.00132136 0.000448936
 2.56817e-27 2.60153e-27 4.4291e-26 8.80342e-20 2.15805e-14 6.3947e-10 2.29047e-06 0.000991687 0.0519013 0.328342 0.251365 0.0408438 0.134284 0.123744 0.0253509 0.0267309 0.0090937 0.0038409 0.00153594 0.000747084 0.00042052 0.000283849 0.000235485 0.000210817 7.47773e-05
 2.56855e-27 2.60251e-27 4.51065e-26 8.97544e-20 2.20022e-14 6.51965e-10 2.33523e-06 0.00101107 0.0529155 0.334758 0.256268 0.0410669 0.132538 0.122048 0.0235312 0.0230003 0.00784716 0.00331718 0.00108259 0.000347889 0.000124149 5.95098e-05 3.91654e-05 3.16921e-05 1.12827e-05
 2.56837e-27 2.60203e-27 4.46771e-26 8.88485e-20 2.17801e-14 6.45384e-10 2.31166e-06 0.00100086 0.0523814 0.331379 0.25369 0.0411656 0.135101 0.12443 0.0242705 0.0240764 0.00801507 0.00308491 0.00100221 0.000297362 6.9638e-05 1.89346e-05 8.0402e-06 5.28682e-06 1.81401e-06
 2.56659e-27 2.59718e-27 4.03755e-26 7.9774e-20 1.95556e-14 5.79468e-10 2.07556e-06 0.000898637 0.0470314 0.297534 0.227868 0.042553 0.1638 0.150887 0.0284737 0.0270085 0.00900111 0.00347964 0.00108343 0.00029838 6.55724e-05 1.17914e-05 2.43418e-06 1.02425e-06 3.17755e-07
 2.56755e-27 2.59989e-27 4.28653e-26 8.50266e-20 2.08433e-14 6.17623e-10 2.21222e-06 0.000957808 0.0501282 0.317125 0.242803 0.041017 0.141619 0.130606 0.0282732 0.0316581 0.0104269 0.00380423 0.00118087 0.000321425 6.56435e-05 1.06338e-05 1.29893e-06 2.34434e-07 5.59505e-08
 2.56939e-27 2.60482e-27 4.71582e-26 9.40825e-20 2.30632e-14 6.83404e-10 2.44784e-06 0.00105982 0.0554672 0.350901 0.268583 0.040337 0.118331 0.108962 0.0216563 0.0220283 0.0077054 0.00352673 0.00108982 0.000283496 5.7252e-05 8.73346e-06 8.92475e-07 7.21516e-08 8.84867e-09
 2.56892e-27 2.60344e-27 4.58729e-26 9.13708e-20 2.23985e-14 6.63706e-10 2.37728e-06 0.00102927 0.0538685 0.340787 0.260875 0.0413113 0.13116 0.120679 0.0215197 0.0187404 0.00629755 0.00254021 0.000862448 0.000266001 5.24577e-05 7.7679e-06 7.42857e-07 4.22621e-08 2.01594e-09
 2.56793e-27 2.60081e-27 4.35874e-26 8.65497e-20 2.12166e-14 6.28686e-10 2.25185e-06 0.000974965 0.0510261 0.322805 0.24715 0.0416006 0.143005 0.131712 0.0253434 0.0246737 0.00794255 0.00263484 0.000824619 0.00023929 5.52961e-05 8.62815e-06 7.94536e-07 4.04855e-08 1.07121e-09
 2.56857e-27 2.60256e-27 4.51405e-26 8.9826e-20 2.20198e-14 6.52485e-10 2.33709e-06 0.00101187 0.0529577 0.335025 0.256472 0.0410881 0.132556 0.122073 0.0236981 0.0233605 0.00774037 0.00290649 0.000850687 0.000205987 4.33684e-05 7.37044e-06 7.41374e-07 3.64531e-08 7.91406e-10
 2.56931e-27 2.60453e-27 4.68536e-26 9.34398e-20 2.29056e-14 6.78735e-10 2.43112e-06 0.00105258 0.0550883 0.348503 0.26676 0.0408488 0.123506 0.11366 0.0210865 0.0195163 0.00648628 0.00248217 0.000764947 0.000199317 3.62619e-05 5.38298e-06 5.65493e-07 3.01791e-08 6.27895e-10
 2.56919e-27 2.60419e-27 4.65219e-26 9.274e-20 2.27341e-14 6.73652e-10 2.41291e-06 0.0010447 0.0546757 0.345893 0.264773 0.0411876 0.127481 0.117279 0.0208398 0.0180319 0.00587259 0.00207101 0.000637905 0.000171593 3.36302e-05 4.64764e-06 4.21083e-07 2.29489e-08 5.08156e-10
 2.56877e-27 2.60305e-27 4.55134e-26 9.06124e-20 2.22125e-14 6.58197e-10 2.35755e-06 0.00102073 0.0534213 0.337958 0.258718 0.0414753 0.133924 0.123233 0.0220455 0.0192773 0.00616497 0.00198965 0.000586916 0.000148164 2.95154e-05 4.32391e-06 3.76103e-07 1.80262e-08 4.0204e-10
 2.5675e-27 2.5996e-27 4.24707e-26 8.41938e-20 2.06391e-14 6.11573e-10 2.19055e-06 0.000948425 0.0496372 0.314018 0.240451 0.0422876 0.15294 0.140802 0.0255349 0.0228178 0.00731292 0.00237722 0.000678882 0.000157498 2.93278e-05 4.2381e-06 3.85687e-07 1.78164e-08 3.58726e-10
 2.56776e-27 2.60035e-27 4.31809e-26 8.56921e-20 2.10064e-14 6.22457e-10 2.22954e-06 0.000965304 0.0505205 0.319607 0.244709 0.0416775 0.145306 0.133847 0.0259345 0.0254861 0.00821593 0.00272979 0.000783614 0.000180806 3.14203e-05 4.17992e-06 3.6949e-07 1.75613e-08 3.40433e-10
 2.56863e-27 2.6027e-27 4.52413e-26 9.00385e-20 2.20719e-14 6.54029e-10 2.34262e-06 0.00101427 0.053083 0.335818 0.257081 0.0412769 0.133565 0.122955 0.0229678 0.0214686 0.00710502 0.00266329 0.00078016 0.000183434 3.18933e-05 4.03382e-06 3.26155e-07 1.49648e-08 2.93713e-10
 2.56883e-27 2.60319e-27 4.56259e-26 9.08497e-20 2.22707e-14 6.59921e-10 2.36373e-06 0.0010234 0.0535612 0.338843 0.259395 0.0415521 0.134033 0.123303 0.0215093 0.0180416 0.00586322 0.00205151 0.000625833 0.000162646 2.90606e-05 3.70111e-06 2.86345e-07 1.20686e-08 2.28098e-10
 2.56907e-27 2.60382e-27 4.61806e-26 9.202e-20 2.25576e-14 6.68422e-10 2.39418e-06 0.00103659 0.0542512 0.343208 0.262726 0.0414227 0.130708 0.120235 0.0209626 0.0175564 0.00555062 0.00169439 0.000494863 0.000123592 2.39526e-05 3.24549e-06 2.53912e-07 1.02571e-08 1.79477e-10
 2.56937e-27 2.60465e-27 4.69064e-26 9.35509e-20 2.29329e-14 6.79542e-10 2.43401e-06 0.00105383 0.0551538 0.348918 0.267084 0.0412718 0.126499 0.116336 0.0200128 0.0163706 0.00517248 0.00157281 0.000436952 9.65859e-05 1.77164e-05 2.49266e-06 2.1042e-07 8.64092e-09 1.45128e-10
 2.56954e-27 2.60511e-27 4.73042e-26 9.43901e-20 2.31386e-14 6.85638e-10 2.45584e-06 0.00106329 0.0556485 0.352048 0.269472 0.0411848 0.124158 0.11417 0.019518 0.0157852 0.00496406 0.00147296 0.000407661 8.83891e-05 1.46532e-05 1.88496e-06 1.61467e-07 7.10785e-09 1.21705e-10
 2.56944e-27 2.60482e-27 4.70314e-26 9.38146e-20 2.29975e-14 6.81457e-10 2.44087e-06 0.0010568 0.0553092 0.349901 0.267836 0.0413932 0.126893 0.116665 0.0194411 0.0149798 0.00469029 0.00136416 0.000373471 7.92764e-05 1.29517e-05 1.54226e-06 1.19228e-07 5.25446e-09 9.53051e-11
 2.56947e-27 2.60491e-27 4.71174e-26 9.3996e-20 2.3042e-14 6.82776e-10 2.44559e-06 0.00105885 0.0554162 0.350578 0.268352 0.0413187 0.125964 0.115821 0.0195389 0.0154127 0.00478123 0.00131415 0.000354828 7.38669e-05 1.18356e-05 1.37814e-06 9.93877e-08 3.97472e-09 7.15765e-11
 2.56976e-27 2.60567e-27 4.77947e-26 9.5425e-20 2.33923e-14 6.93155e-10 2.48277e-06 0.00107494 0.0562586 0.355908 0.272418 0.0411276 0.121653 0.111839 0.0187711 0.014665 0.00456947 0.00128931 0.000343155 6.79699e-05 1.06551e-05 1.2133e-06 8.50202e-08 3.17314e-09 5.24061e-11
 2.56999e-27 2.60631e-27 4.8351e-26 9.65985e-20 2.368e-14 7.0168e-10 2.5133e-06 0.00108816 0.0569505 0.360284 0.275759 0.0410246 0.118522 0.108936 0.0179961 0.013627 0.00423573 0.00118256 0.000316926 6.38241e-05 9.66581e-06 1.05884e-06 7.22821e-08 2.6071e-09 4.02005e-11
 2.56998e-27 2.60624e-27 4.82681e-26 9.64235e-20 2.36371e-14 7.00408e-10 2.50874e-06 0.00108619 0.0568473 0.359632 0.275264 0.0412229 0.120379 0.11061 0.0175839 0.0122625 0.00377608 0.00100536 0.000266731 5.33327e-05 8.17768e-06 8.83427e-07 5.7725e-08 2.01654e-09 2.99214e-11
 2.56961e-27 2.60524e-27 4.73894e-26 9.45699e-20 2.31827e-14 6.86944e-10 2.46052e-06 0.00106531 0.0557545 0.352718 0.269988 0.0414404 0.125741 0.115571 0.0187052 0.0135678 0.00412467 0.00100398 0.000259135 4.97204e-05 7.53057e-06 8.16198e-07 5.29521e-08 1.77701e-09 2.54235e-11
 2.56906e-27 2.60379e-27 4.61431e-26 9.19409e-20 2.25382e-14 6.67847e-10 2.39212e-06 0.00103569 0.0542045 0.342913 0.262502 0.0415127 0.13155 0.121002 0.020921 0.0172586 0.00530705 0.00137143 0.000348296 6.16919e-05 8.94715e-06 9.42766e-07 6.09855e-08 2.03062e-09 2.80394e-11
#obs catch len freq
 1.63616e-41 2.27088e-33 3.80987e-26 7.72633e-20 1.89402e-14 5.61233e-10 2.01024e-06 0.000870366 0.0455515 0.288172 0.220788 0.0443345 0.165197 0.140391 0.0432898 0.0350572 0.0114466 0.00392258 0.000855854 0.000114163 6.75584e-06 1.26347e-07 5.49623e-10 4.47001e-13 5.9028e-17
 1.64343e-41 2.28097e-33 3.8268e-26 7.76067e-20 1.90244e-14 5.63727e-10 2.01918e-06 0.000874235 0.045754 0.289453 0.221829 0.0463875 0.168522 0.13569 0.0433977 0.0332448 0.010636 0.00343787 0.000687955 7.95503e-05 3.86364e-06 5.64047e-08 1.84202e-10 1.09415e-13 1.03654e-17
 1.91475e-41 2.65754e-33 4.45858e-26 9.04192e-20 2.21652e-14 6.56795e-10 2.35253e-06 0.00101857 0.0533077 0.33724 0.258324 0.0457839 0.134134 0.101995 0.0336584 0.0241825 0.00757617 0.00230699 0.000426032 4.27339e-05 1.68889e-06 1.90427e-08 4.64024e-11 2.01153e-14 1.37069e-18
 1.94761e-41 2.70315e-33 4.5351e-26 9.19709e-20 2.25456e-14 6.68067e-10 2.39291e-06 0.00103605 0.0542225 0.343028 0.262839 0.0489768 0.141553 0.10023 0.0260251 0.0156979 0.00477828 0.0013599 0.000230983 2.01436e-05 6.4782e-07 5.61319e-09 1.0143e-11 3.19633e-15 1.56508e-19
 1.98537e-41 2.75556e-33 4.62303e-26 9.37541e-20 2.29827e-14 6.8102e-10 2.4393e-06 0.00105613 0.0552739 0.349679 0.26799 0.0507076 0.138939 0.0925505 0.0254997 0.0140952 0.00329441 0.00078194 0.000120278 9.06973e-06 2.37596e-07 1.58512e-09 2.12206e-12 4.84792e-16 1.70133e-20
 1.79759e-41 2.49494e-33 4.18578e-26 8.48867e-20 2.0809e-14 6.16608e-10 2.20859e-06 0.000956243 0.050046 0.316607 0.242964 0.0574444 0.174436 0.108803 0.0295825 0.0150106 0.00340846 0.000658949 7.63288e-05 4.75833e-06 1.0087e-07 5.19197e-10 5.16971e-13 8.58075e-17 2.1585e-21
 1.48696e-41 2.0638e-33 3.46245e-26 7.02178e-20 1.72131e-14 5.10054e-10 1.82693e-06 0.000790998 0.0413977 0.261897 0.201523 0.06621 0.220283 0.131233 0.047176 0.0235437 0.00498962 0.000869593 8.15093e-05 3.66536e-06 5.88461e-08 2.31318e-10 1.71684e-13 2.08001e-17 3.76566e-22
 2.11707e-41 2.93835e-33 4.92969e-26 9.99731e-20 2.45072e-14 7.26194e-10 2.60111e-06 0.00112619 0.0589404 0.372875 0.285865 0.0520148 0.110022 0.0640947 0.0331887 0.0168683 0.00423632 0.000706308 5.67086e-05 1.94826e-06 2.18237e-08 6.11343e-11 3.31453e-14 2.92752e-18 3.82804e-23
 2.02329e-41 2.80819e-33 4.71132e-26 9.55446e-20 2.34216e-14 6.94026e-10 2.48589e-06 0.0010763 0.0563294 0.35636 0.273651 0.0624755 0.147372 0.0740315 0.0178103 0.00786242 0.00252986 0.000461271 3.65046e-05 1.02588e-06 8.3916e-09 1.60848e-11 5.98763e-15 3.72365e-19 3.47551e-24
 2.05959e-41 2.85858e-33 4.79586e-26 9.7259e-20 2.38419e-14 7.06479e-10 2.53049e-06 0.00109562 0.0573402 0.362755 0.278672 0.0639098 0.139484 0.0670361 0.0209131 0.00728916 0.0012561 0.000227142 1.95611e-05 5.12416e-07 3.33821e-09 4.59725e-12 1.16939e-15 4.91596e-20 3.14e-25
 1.7795e-41 2.46983e-33 4.14366e-26 8.40326e-20 2.05996e-14 6.10404e-10 2.18637e-06 0.000946622 0.0495424 0.313428 0.241751 0.0795188 0.192117 0.0860628 0.0261849 0.00872809 0.00153482 0.00017143 1.14208e-05 2.90932e-07 1.6766e-09 1.81774e-12 3.35433e-16 9.77909e-21 4.24706e-26
 2.06659e-41 2.86829e-33 4.81216e-26 9.75896e-20 2.39229e-14 7.0888e-10 2.53909e-06 0.00109934 0.0575351 0.363991 0.280042 0.0688281 0.132818 0.0597597 0.0261615 0.00825914 0.00135932 0.000137993 6.28388e-06 1.1271e-07 5.52383e-10 5.05186e-13 7.34314e-17 1.58908e-21 4.91849e-27
 1.89559e-41 2.63095e-33 4.41396e-26 8.95143e-20 2.19434e-14 6.50223e-10 2.32899e-06 0.00100837 0.0527742 0.333878 0.257947 0.084743 0.172194 0.0678629 0.02129 0.00681593 0.00135342 0.000126329 4.79908e-06 5.96079e-08 1.96728e-10 1.36459e-13 1.58076e-17 2.6828e-22 6.29771e-28
 1.97765e-41 2.74485e-33 4.60506e-26 9.33896e-20 2.28934e-14 6.78372e-10 2.42982e-06 0.00105203 0.055059 0.348334 0.269135 0.0833516 0.151601 0.0601741 0.0239654 0.00623812 0.000986997 9.68151e-05 3.43744e-06 3.37396e-08 7.75666e-11 3.56474e-14 2.87252e-18 3.60155e-23 6.41691e-29
 1.68654e-41 2.34081e-33 3.92719e-26 7.96427e-20 1.95235e-14 5.78516e-10 2.07215e-06 0.000897169 0.0469543 0.297074 0.231668 0.108159 0.205156 0.0748914 0.0268597 0.00712482 0.00112445 8.62584e-05 2.74408e-06 2.38635e-08 4.28354e-11 1.39722e-14 7.5746e-19 6.3547e-24 7.7895e-30
 1.54685e-41 2.14693e-33 3.60193e-26 7.30463e-20 1.79064e-14 5.30601e-10 1.90053e-06 0.000822862 0.0430653 0.272482 0.213943 0.117767 0.212808 0.086415 0.041336 0.00982816 0.00142534 0.000102144 2.59246e-06 1.81859e-08 2.69763e-11 6.87952e-15 2.72901e-19 1.59779e-24 1.33045e-30
 1.78403e-41 2.47611e-33 4.15419e-26 8.42462e-20 2.0652e-14 6.11955e-10 2.19192e-06 0.000949027 0.0496684 0.314255 0.245523 0.105938 0.165735 0.0698997 0.0363029 0.0100768 0.00155056 9.68701e-05 2.09976e-06 1.15554e-08 1.30353e-11 2.57497e-15 7.88229e-20 3.46275e-25 2.09403e-31
 1.75174e-41 2.4313e-33 4.07901e-26 8.27214e-20 2.02782e-14 6.0088e-10 2.15225e-06 0.000931851 0.0487695 0.308586 0.242814 0.121574 0.178693 0.0631862 0.0264619 0.00761169 0.00128523 8.22728e-05 1.52913e-06 6.73603e-09 5.8188e-12 8.51553e-16 1.92596e-20 6.30633e-26 2.84776e-32
 1.77131e-41 2.45846e-33 4.12457e-26 8.36454e-20 2.05047e-14 6.07591e-10 2.17629e-06 0.00094226 0.0493142 0.312048 0.246491 0.126197 0.170693 0.0623336 0.0253462 0.0057051 0.000870656 5.64337e-05 9.91288e-07 3.65312e-09 2.44838e-12 2.69209e-16 4.47746e-21 1.06392e-26 3.47665e-33
 1.72787e-41 2.39817e-33 4.02342e-26 8.15942e-20 2.00019e-14 5.92692e-10 2.12293e-06 0.000919154 0.048105 0.304424 0.2425 0.137957 0.174055 0.0620355 0.0241353 0.00519036 0.000641729 3.45933e-05 5.50977e-07 1.78486e-09 9.78781e-13 8.29797e-17 1.02908e-21 1.79267e-27 4.24925e-34
 1.82332e-41 2.53064e-33 4.24568e-26 8.61015e-20 2.11068e-14 6.25432e-10 2.2402e-06 0.000969928 0.0507623 0.321253 0.256011 0.135138 0.154034 0.0560781 0.0210579 0.00421278 0.000462213 1.97543e-05 2.46455e-07 6.58203e-10 2.98378e-13 2.02863e-17 1.94607e-22 2.54601e-28 4.443e-35
 1.78641e-41 2.47941e-33 4.15973e-26 8.43585e-20 2.06795e-14 6.12772e-10 2.19485e-06 0.000950294 0.0497348 0.314796 0.253617 0.148963 0.157609 0.052673 0.0178908 0.0034179 0.000333362 1.177e-05 1.11973e-07 2.23573e-10 7.77607e-14 4.13065e-18 3.09149e-23 3.11503e-29 4.11799e-36
 1.79932e-41 2.49734e-33 4.1898e-26 8.49683e-20 2.0829e-14 6.17201e-10 2.21071e-06 0.000957162 0.0500944 0.317114 0.257229 0.153418 0.150042 0.0518017 0.0163817 0.002721 0.000232776 6.87812e-06 5.10909e-08 7.56827e-11 1.91265e-14 7.42967e-19 4.12853e-24 3.12314e-30 3.11159e-37
 1.79692e-41 2.49401e-33 4.18422e-26 8.48552e-20 2.08013e-14 6.16379e-10 2.20777e-06 0.000955889 0.0500279 0.316753 0.259458 0.160985 0.145522 0.0491863 0.0146763 0.00226688 0.000162314 3.89515e-06 2.27953e-08 2.55124e-11 4.71865e-15 1.3174e-19 5.23315e-25 2.84032e-31 2.04612e-38
 1.82273e-41 2.52983e-33 4.24431e-26 8.60737e-20 2.11e-14 6.2523e-10 2.23947e-06 0.000969615 0.0507465 0.321367 0.265261 0.164555 0.137053 0.0456047 0.0125572 0.00177239 0.000109818 2.10583e-06 9.46033e-09 7.99558e-12 1.09604e-15 2.22782e-20 6.35795e-26 2.45869e-32 1.25707e-39
 1.75673e-41 2.43822e-33 4.09062e-26 8.29569e-20 2.03359e-14 6.0259e-10 2.15838e-06 0.000934505 0.0489093 0.309865 0.260979 0.179777 0.140588 0.0457521 0.0116302 0.00148321 7.85812e-05 1.22101e-06 4.20482e-09 2.63998e-12 2.6586e-16 3.94518e-21 8.16248e-27 2.27186e-33 8.30751e-41
 1.67259e-41 2.32144e-33 3.8947e-26 7.89837e-20 1.93619e-14 5.73729e-10 2.055e-06 0.000889746 0.0465673 0.295207 0.254958 0.194618 0.145362 0.0492628 0.0117335 0.00133828 5.99303e-05 7.48677e-07 1.98966e-09 9.3327e-13 6.87162e-17 7.37711e-22 1.09985e-27 2.20191e-34 5.78089e-42
 1.67192e-41 2.32052e-33 3.89315e-26 7.89522e-20 1.93542e-14 5.73501e-10 2.05419e-06 0.000889392 0.0465494 0.295242 0.258477 0.197097 0.139751 0.0493614 0.0113889 0.00119627 4.50814e-05 4.48515e-07 9.15187e-10 3.21565e-13 1.74243e-17 1.35864e-22 1.458e-28 2.08994e-35 3.91867e-43
#spawning biomass
 7623.44 6901.92 7870.17 10370.6 15462 16715.9 17338 22674.6 33364.8 49259.1 57084 73369.8 98007.3 121166 125008 111217 102443 94672.2 91367.7 92364.8 101550 103979 107516 113072 123418 120656 123365 148870 201961 337035 365155 346848 306386 260140 217185 181319 153255 132222 116926 106042 98419.6 93140.1 89492.7 86971.5 85296.2 84183 83443.3 82951.7 82625.1 82408.1 82263.9 82168 82104.4 82062 82033.9 82015.2 82002.8 81994.6 81989.1 81985.5 81983 81981.4 81980.4 81979.6 81979.2 81978.9 81978.7 81978.5 81978.4 81978.4 81978.3 81978.3 81978.3 81978.3 81978.3 81978.3 81978.2 81978.2 81978.2 81978.2 81978.2 81978.2 81978.2 81978.2 81978.2 81978.2 81978.2 81978.2 81978.2 81978.2 81978.2 81978.2 81978.2 81978.2 81978.2 81978.2 81978.2 81978.2 81978.2 81978.2 81978.2 81978.2 81978.2 81978.2 81978.2 81978.2 81978.2 81978.2 81978.2 81978.2 81978.2 81978.2 81978.2 81978.2 81978.2 81978.2 81978.2 81978.2 81978.2 81978.2 81978.2 81978.2 81978.2 81978.2 81978.2 81978.2 81978.2 81978.2 0 0 0 0 0 0 0 0 0 0 0 0 0 0 0 0 0 0 0 0 0 0 0 0 0
