SBPRF35
0.178135
Curr Bio
124430
B35
200488
F35
0.612323
FOFL
0.612323
OFL
76811.3
Bzero
50895.7
#pred survey bio
 7306.31 7700.42 9936 11436.6 17737.2 28526.3 30870.9 36529.5 46822.6 57397.8 73756.9 100487 127587 145549 151471 131697 118548 116200 105424 107149 98269.9 104550 118562 136353 131314 128692 126449 121773 129176 5.12275e+06 4.43967e+06 2.69587e+06 1.58874e+06 1.00177e+06 713929 575411 507380 472493 453688 443095 436930 433266 431060 429716 428893 428400 428105 427928 427821 427757 427718 427694 427680 427672 427666 427663 427661 427660 427660 427659 427659 427659 427659 427659 427659 427659 427659 427658 427658 427658 427658 427658 427658 427658 427658 427658 427658 427658 427658 427658 427658 427658 427658 427658 427658 427658 427658 427658 427658 427658 427658 427658 427658 427658 427658 427658 427658 427658 427658 427658 427658 427658 427658 427658 427658 427658 427658 427658 427658 427658 427658 427658 427658 427658 427658 427658 427658 427658 427658 427658 427658 427658 427658 427658 427658 427658 427658 427658 427658 0 0 0 0 0 0 0 0 0 0 0 0 0 0 0 0 0 0 0 0 0 0 0 0 0
#obs survey bio
 6527.34 7412.96 9070.29 11418.9 25716.9 23253.7 32545.7 44906.3 51502.2 54934.2 76200.4 100076 131341 137019 208909 117155 139929 110855 118300 88890.5 106137 109638 150333 203828 156555 131356 133791 123655 105507
#pred catch bio
 3985.07 4426.77 6347.07 7386.03 9283.01 17440.3 20066 23652.8 30360.5 37002.4 47092.1 66692.4 88823.2 100032 110495 97848.4 85937.5 88227.5 78812.6 86324.5 76217 80523.6 90634.4 113330 111223 109753 107458 99827.4 44504 76811.3 74277 41586 22266.8 12932 8918.18 7316.88 6709.84 6487.9 6408.86 6381.25 6371.75 6368.52 6367.43 6367.06 6366.94 6366.9 6366.89 6366.88 6366.88 6366.88 6366.88 6366.88 6366.88 6366.88 6366.88 6366.88 6366.88 6366.88 6366.88 6366.88 6366.88 6366.88 6366.88 6366.88 6366.88 6366.88 6366.88 6366.88 6366.88 6366.88 6366.88 6366.88 6366.88 6366.88 6366.88 6366.88 6366.88 6366.88 6366.88 6366.88 6366.88 6366.88 6366.88 6366.88 6366.88 6366.88 6366.88 6366.88 6366.88 6366.88 6366.88 6366.88 6366.88 6366.88 6366.88 6366.88 6366.88 6366.88 6366.88 6366.88 6366.88 6366.88 6366.88 6366.88 6366.88 6366.88 6366.88 6366.88 6366.88 6366.88 6366.88 6366.88 6366.88 6366.88 6366.88 6366.88 6366.88 6366.88 6366.88 6366.88 6366.88 6366.88 6366.88 6366.88 6366.88 6366.88 6366.88 6366.88 6366.88 0 0 0 0 0 0 0 0 0 0 0 0 0 0 0 0 0 0 0 0 0 0 0 0 0
#obs catch bio
 4647.08 4391.36 6347.93 7512.26 9037.71 17197.4 20011.8 23175.9 29499.6 36108.1 45747.3 64464.6 86299.5 98761.2 107214 96882.1 82924.3 86789.4 76984.9 86212.2 73363.4 78549.2 88353.3 108895 108490 108852 107416 98471.9 43905.7
#pred cpue bio
 6650.35 6648.39 8549.23 9830.59 14548.9 24721.6 27022.9 30782.8 39891.2 48949.1 62469.9 84837.1 108118 123609 130975 113681 101153 99451.8 89675.6 90404 82344.8 87332.8 98539.2 113703 108731 105961 104151 100705 106661 4.60492e+06 4.41271e+06 2.66891e+06 1.56178e+06 974808 686968 548451 480420 445532 426727 416134 409970 406306 404100 402755 401932 401440 401145 400967 400860 400796 400757 400734 400720 400711 400706 400703 400701 400700 400699 400699 400698 400698 400698 400698 400698 400698 400698 400698 400698 400698 400698 400698 400698 400698 400698 400698 400698 400698 400698 400698 400698 400698 400698 400698 400698 400698 400698 400698 400698 400698 400698 400698 400698 400698 400698 400698 400698 400698 400698 400698 400698 400698 400698 400698 400698 400698 400698 400698 400698 400698 400698 400698 400698 400698 400698 400698 400698 400698 400698 400698 400698 400698 400698 400698 400698 400698 400698 400698 400698 0 0 0 0 0 0 0 0 0 0 0 0 0 0 0 0 0 0 0 0 0 0 0 0 0
#obs cpue bio
 3932.63 9368.28 7603.91 7422.38 23953.2 24305.8 33342.2 34759.9 63265.1 70062.6 101808 146393 155040 137402 174745 135547 172292 118902 118989 103313 166780 112405 115064 156575 122082 109104 96567.6 144883 143748
#pred surv len freq
 2.56717e-27 2.59913e-27 4.26543e-26 8.45834e-20 2.07346e-14 6.14403e-10 2.20069e-06 0.000952814 0.0498669 0.315471 0.241474 0.0368724 0.111007 0.102566 0.0266649 0.0353843 0.0167369 0.0149897 0.0102658 0.00853901 0.00721705 0.00662907 0.00699696 0.00639195 0.00197115
 2.56985e-27 2.60605e-27 4.82967e-26 9.64846e-20 2.3652e-14 7.00852e-10 2.51033e-06 0.00108688 0.0568833 0.359859 0.275411 0.0395399 0.107467 0.0989 0.0191263 0.0188426 0.00753492 0.00506823 0.00287017 0.00202989 0.00149968 0.00122814 0.00118023 0.00109718 0.00037287
 2.56958e-27 2.60524e-27 4.7464e-26 9.47275e-20 2.32213e-14 6.88089e-10 2.46462e-06 0.00106709 0.0558474 0.353306 0.270427 0.0407984 0.120546 0.110872 0.0195557 0.0167316 0.00571703 0.00249326 0.00107432 0.000570207 0.000334071 0.00022997 0.000192626 0.000173035 6.14144e-05
 2.56956e-27 2.60517e-27 4.73915e-26 9.45745e-20 2.31838e-14 6.86977e-10 2.46064e-06 0.00106536 0.0557572 0.352735 0.269993 0.0409352 0.121892 0.112116 0.0198266 0.0170207 0.00556643 0.00200717 0.000657186 0.00022475 8.95778e-05 4.56399e-05 3.07669e-05 2.50923e-05 8.94597e-06
 2.57224e-27 2.61246e-27 5.38369e-26 1.08172e-19 2.6517e-14 7.85745e-10 2.81441e-06 0.00121853 0.0637735 0.403449 0.308687 0.0390463 0.0803322 0.0737644 0.0130327 0.0111718 0.0036578 0.00131973 0.000398606 0.000105526 2.57633e-05 7.90091e-06 3.62869e-06 2.43787e-06 8.39426e-07
 2.56892e-27 2.60338e-27 4.57317e-26 9.10728e-20 2.23254e-14 6.61541e-10 2.36953e-06 0.00102592 0.0536927 0.339675 0.260038 0.0420202 0.137144 0.126059 0.0199154 0.0137072 0.00446863 0.0016095 0.000486582 0.000125133 2.45193e-05 4.38501e-06 1.03733e-06 4.70902e-07 1.47657e-07
 2.5683e-27 2.60182e-27 4.44736e-26 8.84191e-20 2.16749e-14 6.42265e-10 2.30049e-06 0.000996023 0.0521282 0.329778 0.25247 0.0413798 0.137587 0.126715 0.0245181 0.0240329 0.00749425 0.00209157 0.000613555 0.000157532 3.02715e-05 4.40846e-06 5.30045e-07 1.11014e-07 2.77105e-08
 2.57083e-27 2.60867e-27 5.0523e-26 1.01181e-19 2.48033e-14 7.34965e-10 2.63252e-06 0.00113978 0.059652 0.377375 0.288788 0.0396941 0.0992426 0.0912809 0.0173247 0.0165757 0.00567324 0.00240746 0.000673789 0.000140134 2.61518e-05 3.71654e-06 3.42702e-07 2.82337e-08 3.91159e-09
 2.57007e-27 2.60652e-27 4.85328e-26 9.69819e-20 2.37739e-14 7.04464e-10 2.52327e-06 0.00109248 0.0571765 0.361714 0.27685 0.0410058 0.117612 0.10807 0.0173624 0.0124207 0.00419192 0.00173699 0.00057221 0.000162301 2.64815e-05 3.34969e-06 2.93162e-07 1.52075e-08 7.69454e-10
 2.57002e-27 2.60642e-27 4.84718e-26 9.68535e-20 2.37425e-14 7.03532e-10 2.51993e-06 0.00109103 0.0571008 0.361235 0.276481 0.0407874 0.116209 0.106845 0.0184172 0.0151168 0.00473611 0.00138399 0.000433703 0.000127731 2.75217e-05 3.6559e-06 2.7721e-07 1.26179e-08 3.1086e-10
 2.57045e-27 2.60759e-27 4.95108e-26 9.90453e-20 2.42798e-14 7.19453e-10 2.57696e-06 0.00111572 0.058393 0.36941 0.282718 0.0404519 0.109274 0.100446 0.0172988 0.0141858 0.00458675 0.00156276 0.000434606 9.59055e-05 2.03151e-05 3.28399e-06 2.82516e-07 1.1402e-08 2.1764e-10
 2.57063e-27 2.60806e-27 4.99182e-26 9.99047e-20 2.44904e-14 7.25695e-10 2.59932e-06 0.00112541 0.0588997 0.372615 0.285165 0.0404286 0.107377 0.0986737 0.016574 0.0129769 0.00419098 0.00142978 0.000420537 0.000100623 1.67895e-05 2.39204e-06 2.39076e-07 1.09416e-08 1.88242e-10
 2.57039e-27 2.60739e-27 4.93091e-26 9.86196e-20 2.41754e-14 7.1636e-10 2.56588e-06 0.00111093 0.058142 0.367822 0.28151 0.0407383 0.112302 0.103191 0.0168774 0.012528 0.00399652 0.00129089 0.000377408 9.20455e-05 1.66279e-05 2.09175e-06 1.77117e-07 9.03749e-09 1.72447e-10
 2.57025e-27 2.60701e-27 4.89621e-26 9.78877e-20 2.3996e-14 7.11044e-10 2.54684e-06 0.00110268 0.0577105 0.365092 0.279428 0.0408816 0.114856 0.10554 0.0171701 0.0126011 0.00397133 0.00120489 0.000342625 7.99009e-05 1.45119e-05 1.92487e-06 1.5107e-07 6.6757e-09 1.3719e-10
 2.56909e-27 2.60386e-27 4.61768e-26 9.20118e-20 2.25556e-14 6.68362e-10 2.39396e-06 0.00103649 0.0542463 0.343177 0.262707 0.0416916 0.132768 0.122075 0.0201916 0.0153314 0.00482335 0.00144318 0.000400808 8.81436e-05 1.53016e-05 2.00052e-06 1.62466e-07 6.73081e-09 1.23925e-10
 2.56923e-27 2.60425e-27 4.65503e-26 9.27998e-20 2.27487e-14 6.74086e-10 2.41446e-06 0.00104537 0.0547109 0.346116 0.264946 0.0414015 0.128986 0.118625 0.0203012 0.0164535 0.00522057 0.00162396 0.000451062 9.73593e-05 1.61019e-05 1.98902e-06 1.57706e-07 6.63999e-09 1.15124e-10
 2.56998e-27 2.60628e-27 4.83323e-26 9.6559e-20 2.36703e-14 7.01392e-10 2.51227e-06 0.00108772 0.0569272 0.360137 0.275645 0.0409545 0.118068 0.108527 0.0181045 0.0139875 0.00450327 0.00151284 0.000429573 9.56326e-05 1.56753e-05 1.85758e-06 1.38464e-07 5.66635e-09 9.83125e-11
 2.56977e-27 2.60569e-27 4.77935e-26 9.54224e-20 2.33916e-14 6.93136e-10 2.4827e-06 0.00107491 0.0562571 0.355898 0.272413 0.0412468 0.122563 0.112647 0.0183208 0.0134395 0.00427311 0.00135862 0.000394303 9.39136e-05 1.59199e-05 1.90097e-06 1.36376e-07 5.25427e-09 8.83742e-11
 2.57014e-27 2.6067e-27 4.86864e-26 9.7306e-20 2.38534e-14 7.06819e-10 2.53171e-06 0.00109613 0.0573676 0.362923 0.277774 0.0410343 0.11718 0.107669 0.0172601 0.0122692 0.00385477 0.00115354 0.000325629 7.48088e-05 1.33306e-05 1.67722e-06 1.22198e-07 4.54946e-09 7.23272e-11
 2.57063e-27 2.60802e-27 4.98538e-26 9.97687e-20 2.44571e-14 7.24708e-10 2.59578e-06 0.00112387 0.0588195 0.372108 0.284782 0.0406994 0.109708 0.100772 0.0160077 0.0111469 0.00347848 0.00100361 0.000276183 5.99286e-05 1.02611e-05 1.31314e-06 1.01403e-07 3.85084e-09 5.93975e-11
 2.57099e-27 2.60898e-27 5.0667e-26 1.01484e-19 2.48776e-14 7.37168e-10 2.64041e-06 0.0011432 0.0598308 0.378506 0.289668 0.0407024 0.106298 0.0975688 0.0144155 0.00831895 0.00257518 0.000725644 0.000196717 4.11193e-05 6.70126e-06 8.14662e-07 6.30174e-08 2.51889e-09 3.96927e-11
 2.57117e-27 2.60946e-27 5.11022e-26 1.02402e-19 2.51027e-14 7.43838e-10 2.6643e-06 0.00115354 0.0603722 0.381931 0.29228 0.0405288 0.103142 0.0946701 0.0141564 0.0084528 0.00253862 0.000583779 0.000152439 3.11044e-05 4.91402e-06 5.67739e-07 4.1528e-08 1.65226e-09 2.71454e-11
 2.57145e-27 2.61022e-27 5.1771e-26 1.03813e-19 2.54485e-14 7.54085e-10 2.70101e-06 0.00116943 0.0612039 0.387192 0.296294 0.0403186 0.0987215 0.0905933 0.0134688 0.00791171 0.00238724 0.000567716 0.000140583 2.4053e-05 3.62692e-06 4.05344e-07 2.81216e-08 1.05881e-09 1.72623e-11
 2.57126e-27 2.6097e-27 5.13049e-26 1.0283e-19 2.52075e-14 7.46943e-10 2.67542e-06 0.00115836 0.0606242 0.383525 0.293497 0.0405127 0.102163 0.0937568 0.0138008 0.00787194 0.00236782 0.00055367 0.000137999 2.38829e-05 3.18602e-06 3.15724e-07 2.09527e-08 7.47411e-10 1.15672e-11
 2.57163e-27 2.61069e-27 5.21702e-26 1.04655e-19 2.56549e-14 7.60201e-10 2.72291e-06 0.00117892 0.0617003 0.390333 0.298693 0.0403371 0.0971773 0.0891361 0.0126275 0.00635853 0.00189854 0.000430423 0.000106249 1.81686e-05 2.44446e-06 2.26028e-07 1.3023e-08 4.34292e-10 6.36255e-12
 2.57191e-27 2.61146e-27 5.28473e-26 1.06084e-19 2.60051e-14 7.70578e-10 2.76008e-06 0.00119501 0.0625425 0.395661 0.302758 0.0401757 0.0930924 0.0853578 0.0117995 0.00541954 0.00158853 0.000317113 7.58833e-05 1.2612e-05 1.67354e-06 1.5416e-07 8.44003e-09 2.46503e-10 3.31702e-12
 2.57189e-27 2.61138e-27 5.27748e-26 1.05931e-19 2.59676e-14 7.69467e-10 2.7561e-06 0.00119329 0.0624523 0.39509 0.302324 0.0402455 0.0939291 0.0861191 0.0117394 0.00508996 0.0014745 0.000268653 6.11827e-05 9.07407e-06 1.15515e-06 1.03905e-07 5.62466e-09 1.5643e-10 1.86831e-12
 2.57167e-27 2.6108e-27 5.22577e-26 1.0484e-19 2.57002e-14 7.61543e-10 2.72772e-06 0.001181 0.0618092 0.391022 0.29922 0.0404228 0.0974591 0.0893719 0.0122308 0.00539114 0.0015538 0.000267731 5.90383e-05 8.0053e-06 9.29844e-07 7.65561e-08 4.00568e-09 1.09368e-10 1.24277e-12
 2.57177e-27 2.61107e-27 5.25102e-26 1.05372e-19 2.58308e-14 7.65412e-10 2.74158e-06 0.001187 0.0621232 0.393008 0.300734 0.0402441 0.0950353 0.0871599 0.0122865 0.0060748 0.00175955 0.000307857 6.73693e-05 8.64611e-06 9.4113e-07 6.97317e-08 3.28963e-09 8.53578e-11 9.45878e-13
#obs surv len freq
 1.76643e-41 2.45169e-33 4.11322e-26 8.34152e-20 2.04483e-14 6.05919e-10 2.1703e-06 0.000939667 0.0491784 0.311117 0.2383 0.044006 0.151784 0.128596 0.0363398 0.0279675 0.00851355 0.00267623 0.000517656 5.94895e-05 2.98529e-06 4.77625e-08 1.812e-10 1.3124e-13 1.57207e-17
 2.17462e-41 3.01822e-33 5.0637e-26 1.02691e-19 2.51734e-14 7.45935e-10 2.67182e-06 0.0011568 0.0605425 0.383009 0.293168 0.0420092 0.0972447 0.0778527 0.0224024 0.0162094 0.00473388 0.00139282 0.000249365 2.51696e-05 1.04351e-06 1.30487e-08 3.71913e-11 1.96888e-14 1.69286e-18
 1.72152e-41 2.38935e-33 4.00863e-26 8.12943e-20 1.99283e-14 5.90513e-10 2.11512e-06 0.000915775 0.047928 0.303207 0.232455 0.0512426 0.182037 0.135973 0.0267131 0.0142533 0.00398977 0.00108926 0.000177442 1.56521e-05 5.36041e-07 5.22472e-09 1.11473e-11 4.31098e-15 2.66698e-19
 2.08545e-41 2.89447e-33 4.85607e-26 9.84802e-20 2.41413e-14 7.15349e-10 2.56227e-06 0.00110937 0.0580601 0.367305 0.281301 0.0458237 0.113775 0.0816668 0.0285144 0.0181916 0.00346009 0.000683046 9.91466e-05 7.51971e-06 2.11159e-07 1.6049e-09 2.56471e-12 7.24192e-16 3.22372e-20
 2.37239e-41 3.29272e-33 5.52422e-26 1.1203e-19 2.74628e-14 8.13774e-10 2.91481e-06 0.00126201 0.0660486 0.417842 0.319861 0.0442744 0.0789527 0.0519835 0.0115877 0.0060508 0.00174543 0.000353662 3.32387e-05 1.95773e-06 4.42691e-08 2.60772e-10 3.12483e-13 6.45947e-17 2.07251e-21
 1.3217e-41 1.83443e-33 3.07764e-26 6.24139e-20 1.53e-14 4.53368e-10 1.62389e-06 0.000703088 0.0367968 0.232791 0.179347 0.0711827 0.271962 0.166216 0.0278567 0.0106789 0.00202352 0.000396166 4.30718e-05 1.78966e-06 2.81683e-08 1.24641e-10 1.11336e-13 1.6859e-17 3.91031e-22
 2.21451e-41 3.07359e-33 5.15659e-26 1.04575e-19 2.56352e-14 7.59619e-10 2.72083e-06 0.00117803 0.0616532 0.390037 0.298767 0.046785 0.0890632 0.056531 0.0351806 0.0180436 0.002438 0.000295614 2.4929e-05 1.01521e-06 1.19782e-08 3.54077e-11 2.23249e-14 2.44395e-18 4.09008e-23
 1.98794e-41 2.75913e-33 4.62901e-26 9.38754e-20 2.30125e-14 6.81901e-10 2.44246e-06 0.0010575 0.0553453 0.350133 0.268774 0.0609928 0.155028 0.0825359 0.0158312 0.00726232 0.00264358 0.000374471 1.9013e-05 5.2752e-07 5.2074e-09 1.17029e-11 4.98097e-15 3.68274e-19 4.2979e-24
 2.02473e-41 2.81019e-33 4.71468e-26 9.56127e-20 2.34383e-14 6.9452e-10 2.48766e-06 0.00107707 0.0563696 0.356614 0.273815 0.0614913 0.143483 0.0738373 0.0231276 0.00861333 0.0013033 0.000246761 1.91791e-05 3.80759e-07 2.35398e-09 3.90755e-12 1.25207e-15 6.51131e-20 5.12682e-25
 1.98125e-41 2.74984e-33 4.61343e-26 9.35594e-20 2.2935e-14 6.79605e-10 2.43424e-06 0.00105394 0.055159 0.348957 0.268255 0.0670007 0.154246 0.0737235 0.0219461 0.00800565 0.00147547 0.000164548 1.08084e-05 2.71289e-07 1.41213e-09 1.49418e-12 3.19946e-16 1.19585e-20 6.79761e-26
 2.10279e-41 2.91853e-33 4.89645e-26 9.92989e-20 2.4342e-14 7.21297e-10 2.58357e-06 0.0011186 0.0585429 0.370364 0.284649 0.0657431 0.132649 0.0598883 0.019383 0.00642482 0.00110529 0.000123777 5.9907e-06 1.12178e-07 5.84909e-10 5.55645e-13 8.4558e-17 2.05646e-21 7.82123e-27
 2.04581e-41 2.83945e-33 4.76377e-26 9.66084e-20 2.36824e-14 7.01753e-10 2.51356e-06 0.00108829 0.0569566 0.360332 0.277425 0.0731669 0.146658 0.060822 0.0173388 0.00523028 0.000886091 8.8751e-05 3.84802e-06 5.46619e-08 2.03873e-10 1.61838e-13 2.15096e-17 4.16754e-22 1.12766e-27
 1.9901e-41 2.76212e-33 4.63403e-26 9.39773e-20 2.30374e-14 6.82641e-10 2.44511e-06 0.00105865 0.0554054 0.350522 0.270412 0.0798215 0.155096 0.0616447 0.0198696 0.00532601 0.000769311 6.90732e-05 2.60712e-06 3.05594e-08 8.5815e-11 4.79787e-14 4.71031e-18 7.23506e-23 1.58103e-28
 1.87158e-41 2.59763e-33 4.35806e-26 8.83807e-20 2.16655e-14 6.41988e-10 2.2995e-06 0.000995603 0.0521059 0.329654 0.255279 0.0911464 0.174845 0.0664697 0.0227659 0.00584055 0.000831089 6.20061e-05 1.92444e-06 1.84563e-08 4.06884e-11 1.69797e-14 1.18449e-18 1.27605e-23 2.00765e-29
 1.69073e-41 2.34662e-33 3.93693e-26 7.98402e-20 1.95719e-14 5.79951e-10 2.07729e-06 0.000899395 0.0470708 0.29781 0.23214 0.106454 0.201264 0.0761019 0.029845 0.00731488 0.00102567 7.04495e-05 1.80034e-06 1.33583e-08 2.27165e-11 7.20066e-15 3.72336e-19 2.89592e-24 3.21667e-30
 1.90719e-41 2.64706e-33 4.44099e-26 9.00623e-20 2.20777e-14 6.54203e-10 2.34325e-06 0.00101455 0.0530973 0.335936 0.260961 0.0956284 0.155234 0.0614784 0.0284776 0.00708323 0.00102034 6.51579e-05 1.45344e-06 8.59546e-09 1.09531e-11 2.56704e-15 9.80325e-20 5.5958e-25 4.51494e-31
 1.85271e-41 2.57144e-33 4.31412e-26 8.74894e-20 2.1447e-14 6.35514e-10 2.27631e-06 0.000985563 0.0515805 0.326353 0.254972 0.109945 0.170218 0.0579189 0.0214839 0.00562054 0.000864783 5.37593e-05 1.06882e-06 5.23311e-09 5.18468e-12 9.00446e-16 2.4915e-20 1.02594e-25 5.97734e-32
 1.82985e-41 2.53972e-33 4.2609e-26 8.64102e-20 2.11825e-14 6.27675e-10 2.24823e-06 0.000973406 0.0509442 0.322341 0.252962 0.117138 0.168926 0.0588421 0.0224839 0.00470232 0.000643799 3.99955e-05 7.33134e-07 3.04914e-09 2.41466e-12 3.21199e-16 6.58986e-21 1.96692e-26 8.2043e-33
 1.8613e-41 2.58337e-33 4.33414e-26 8.78954e-20 2.15465e-14 6.38463e-10 2.28687e-06 0.000990136 0.0518198 0.327895 0.258154 0.121274 0.160135 0.0546381 0.0204087 0.00417268 0.000485707 2.47579e-05 4.05793e-07 1.46637e-09 9.50893e-13 9.90894e-17 1.54456e-21 3.42678e-27 1.0449e-33
 1.94445e-41 2.69878e-33 4.52776e-26 9.1822e-20 2.25091e-14 6.66985e-10 2.38903e-06 0.00103437 0.0541348 0.342554 0.270038 0.121189 0.144144 0.047064 0.0163464 0.00314227 0.000336477 1.422e-05 1.82367e-07 5.3617e-10 2.84828e-13 2.36733e-17 2.85823e-22 4.80188e-28 1.09048e-34
 1.94189e-41 2.69521e-33 4.52178e-26 9.17008e-20 2.24794e-14 6.66105e-10 2.38588e-06 0.001033 0.0540634 0.342129 0.271344 0.129693 0.142455 0.0432931 0.0134313 0.00232646 0.000220909 8.00947e-06 8.14122e-08 1.80541e-10 7.29653e-14 4.69481e-18 4.39109e-23 5.65266e-29 9.70166e-36
 1.98079e-41 2.7492e-33 4.61236e-26 9.35378e-20 2.29297e-14 6.79448e-10 2.43367e-06 0.0010537 0.0551465 0.349007 0.277776 0.13166 0.131973 0.0399002 0.0115966 0.00174048 0.000139518 4.19931e-06 3.42648e-08 5.81859e-11 1.73642e-14 8.17616e-19 5.64318e-24 5.41531e-30 6.96081e-37
 1.90935e-41 2.65005e-33 4.44601e-26 9.01641e-20 2.21027e-14 6.54942e-10 2.3459e-06 0.00101569 0.0531576 0.336481 0.271202 0.147229 0.138644 0.0399939 0.0106981 0.00147405 9.89363e-05 2.36157e-06 1.50158e-08 1.95192e-11 4.35883e-15 1.50284e-19 7.49079e-25 5.17013e-31 4.79374e-38
 1.9646e-41 2.72674e-33 4.57468e-26 9.27735e-20 2.27423e-14 6.73897e-10 2.41379e-06 0.00104509 0.0546961 0.346252 0.279802 0.145166 0.12488 0.037394 0.00952662 0.00116799 6.70268e-05 1.27726e-06 6.14307e-09 5.94753e-12 9.83542e-16 2.49279e-20 9.05031e-26 4.5089e-32 2.99633e-39
 1.94263e-41 2.69624e-33 4.5235e-26 9.17357e-20 2.24879e-14 6.66358e-10 2.38679e-06 0.0010334 0.0540845 0.342459 0.279951 0.155382 0.12352 0.0344828 0.00809819 0.000938296 4.60553e-05 7.04569e-07 2.58896e-09 1.84506e-12 2.21238e-16 4.05476e-21 1.06421e-26 3.82788e-33 1.83187e-40
 1.87176e-41 2.59788e-33 4.35848e-26 8.83891e-20 2.16676e-14 6.42049e-10 2.29972e-06 0.000995698 0.0521118 0.330093 0.274743 0.169794 0.127482 0.036145 0.00780057 0.000797919 3.41264e-05 4.26805e-07 1.2057e-09 6.38482e-13 5.56239e-17 7.30903e-22 1.36819e-27 3.50797e-34 1.19788e-41
 1.79369e-41 2.48952e-33 4.17669e-26 8.47025e-20 2.07638e-14 6.1527e-10 2.2038e-06 0.000954169 0.0499388 0.316496 0.269302 0.184276 0.131505 0.0387512 0.00800364 0.000743914 2.66709e-05 2.70768e-07 5.98245e-10 2.38122e-13 1.52003e-17 1.44237e-22 1.93167e-28 3.52192e-35 8.52409e-43
 1.82385e-41 2.53138e-33 4.24692e-26 8.61267e-20 2.1113e-14 6.25615e-10 2.24085e-06 0.000970213 0.050779 0.321931 0.275896 0.182428 0.122203 0.0375849 0.00752803 0.000657284 2.02397e-05 1.64445e-07 2.80497e-10 8.45071e-14 4.00403e-18 2.77239e-23 2.67735e-29 3.49394e-36 6.02349e-44
 1.82392e-41 2.53149e-33 4.24709e-26 8.61302e-20 2.11138e-14 6.2564e-10 2.24094e-06 0.000970251 0.050781 0.321944 0.275912 0.1827 0.123176 0.036977 0.00696544 0.000556721 1.5139e-05 1.05366e-07 1.50459e-10 3.73722e-14 1.44568e-18 8.11912e-24 6.33061e-30 6.64835e-37 9.20174e-45
#pred catch len freq
 2.56648e-27 2.59729e-27 4.10656e-26 8.12321e-20 1.99131e-14 5.9006e-10 2.11349e-06 0.000915063 0.0478911 0.302972 0.231932 0.0369724 0.118472 0.109487 0.0284645 0.0377723 0.0178664 0.0160013 0.0109587 0.00911529 0.00770411 0.00707645 0.00746916 0.00682332 0.00210418
 2.56938e-27 2.6048e-27 4.71951e-26 9.41608e-20 2.30824e-14 6.83972e-10 2.44987e-06 0.0010607 0.0555133 0.351192 0.268797 0.0397952 0.114057 0.104987 0.0203035 0.0200023 0.00799868 0.00538016 0.00304682 0.00215483 0.00159198 0.00130373 0.00125287 0.00116471 0.000395819
 2.56932e-27 2.60454e-27 4.68482e-26 9.34283e-20 2.29028e-14 6.78652e-10 2.43082e-06 0.00105245 0.0550815 0.348461 0.26673 0.0409762 0.124497 0.114518 0.0201987 0.0172817 0.005905 0.00257524 0.00110964 0.000588955 0.000345055 0.000237532 0.000198959 0.000178724 6.34337e-05
 2.56932e-27 2.60454e-27 4.68329e-26 9.33961e-20 2.28949e-14 6.78418e-10 2.42998e-06 0.00105209 0.0550625 0.34834 0.26664 0.0410999 0.125502 0.115447 0.0204155 0.0175264 0.00573179 0.00206679 0.000676709 0.000231426 9.22389e-05 4.69957e-05 3.16809e-05 2.58377e-05 9.21173e-06
 2.57178e-27 2.6112e-27 5.27249e-26 1.05826e-19 2.59419e-14 7.68705e-10 2.75337e-06 0.0011921 0.0623905 0.394699 0.302011 0.0393752 0.0875254 0.0804022 0.0142054 0.0121771 0.00398696 0.00143849 0.000434475 0.000115022 2.80816e-05 8.61189e-06 3.95523e-06 2.65725e-06 9.14964e-07
 2.56856e-27 2.60238e-27 4.48458e-26 8.92039e-20 2.18673e-14 6.47966e-10 2.32091e-06 0.00100486 0.0525909 0.332705 0.25472 0.0423072 0.143064 0.131516 0.0207775 0.0143007 0.00466208 0.00167918 0.000507647 0.000130551 2.55808e-05 4.57484e-06 1.08224e-06 4.91288e-07 1.54049e-07
 2.56806e-27 2.60117e-27 4.38959e-26 8.72005e-20 2.13762e-14 6.33414e-10 2.26878e-06 0.000982296 0.0514098 0.325233 0.249002 0.0415391 0.141236 0.130085 0.0251702 0.024672 0.00769355 0.00214719 0.000629872 0.000161721 3.10765e-05 4.5257e-06 5.44141e-07 1.13967e-07 2.84474e-08
 2.57063e-27 2.60813e-27 5.00475e-26 1.00178e-19 2.45574e-14 7.27678e-10 2.60642e-06 0.00112848 0.0590606 0.373634 0.285933 0.0398246 0.102242 0.0940505 0.0178504 0.0170786 0.00584538 0.0024805 0.000694233 0.000144386 2.69453e-05 3.82931e-06 3.531e-07 2.90903e-08 4.03027e-09
 2.56986e-27 2.60594e-27 4.80204e-26 9.59011e-20 2.3509e-14 6.96614e-10 2.49515e-06 0.00108031 0.0565393 0.357683 0.273775 0.0411686 0.121012 0.111204 0.0178661 0.012781 0.00431352 0.00178738 0.000588808 0.000167009 2.72497e-05 3.44685e-06 3.01666e-07 1.56486e-08 7.91774e-10
 2.5698e-27 2.60581e-27 4.79281e-26 9.57065e-20 2.34613e-14 6.952e-10 2.49009e-06 0.00107811 0.0564246 0.356957 0.273217 0.040953 0.119762 0.110123 0.0189822 0.0155806 0.00488141 0.00142645 0.000447009 0.000131649 2.8366e-05 3.76805e-06 2.85714e-07 1.3005e-08 3.20397e-10
 2.57022e-27 2.60695e-27 4.89444e-26 9.78504e-20 2.39868e-14 7.10773e-10 2.54587e-06 0.00110226 0.0576885 0.364953 0.279318 0.0406237 0.11297 0.103857 0.0178862 0.0146674 0.00474248 0.00161582 0.000449361 9.91616e-05 2.10048e-05 3.39549e-06 2.92107e-07 1.17891e-08 2.25029e-10
 2.57048e-27 2.60765e-27 4.95511e-26 9.91303e-20 2.43006e-14 7.2007e-10 2.57917e-06 0.00111668 0.0584431 0.369727 0.282961 0.0405422 0.10979 0.100899 0.0169478 0.0132696 0.0042855 0.00146202 0.000430021 0.000102892 1.71681e-05 2.44598e-06 2.44467e-07 1.11884e-08 1.92487e-10
 2.57034e-27 2.60725e-27 4.9186e-26 9.83601e-20 2.41118e-14 7.14475e-10 2.55913e-06 0.00110801 0.057989 0.366854 0.280772 0.0407772 0.113117 0.103942 0.0170004 0.0126193 0.00402563 0.0013003 0.000380158 9.2716e-05 1.67491e-05 2.10699e-06 1.78408e-07 9.10333e-09 1.73703e-10
 2.57017e-27 2.60678e-27 4.87657e-26 9.74733e-20 2.38944e-14 7.08034e-10 2.53606e-06 0.00109802 0.0574662 0.363547 0.278249 0.0409442 0.11616 0.106743 0.0173658 0.0127448 0.0040166 0.00121862 0.00034653 8.08115e-05 1.46773e-05 1.94681e-06 1.52792e-07 6.75179e-09 1.38754e-10
 2.56916e-27 2.60404e-27 4.63408e-26 9.23578e-20 2.26404e-14 6.70876e-10 2.40296e-06 0.00104039 0.0544504 0.344468 0.263692 0.04164 0.131683 0.121075 0.0200262 0.0152057 0.00478382 0.00143135 0.000397523 8.74213e-05 1.51762e-05 1.98413e-06 1.61134e-07 6.67565e-09 1.22909e-10
 2.56935e-27 2.60458e-27 4.68364e-26 9.34033e-20 2.28967e-14 6.7847e-10 2.43016e-06 0.00105217 0.0550667 0.348367 0.266664 0.0413139 0.127114 0.116897 0.0200056 0.0162139 0.00514454 0.00160031 0.000444493 9.59415e-05 1.58674e-05 1.96006e-06 1.5541e-07 6.54329e-09 1.13447e-10
 2.57002e-27 2.6064e-27 4.84442e-26 9.67951e-20 2.37281e-14 7.03107e-10 2.51841e-06 0.00109038 0.0570664 0.361017 0.276317 0.0409196 0.117331 0.107847 0.0179911 0.0138999 0.00447505 0.00150336 0.000426881 9.50334e-05 1.5577e-05 1.84594e-06 1.37597e-07 5.63084e-09 9.76964e-11
 2.56994e-27 2.60616e-27 4.82093e-26 9.62995e-20 2.36067e-14 6.99508e-10 2.50552e-06 0.00108479 0.0567742 0.359169 0.274909 0.0411144 0.119803 0.110101 0.0179068 0.0131358 0.00417656 0.00132792 0.000385394 9.17915e-05 1.55602e-05 1.85801e-06 1.33294e-07 5.13555e-09 8.63773e-11
 2.57027e-27 2.60704e-27 4.89866e-26 9.79393e-20 2.40086e-14 7.11419e-10 2.54818e-06 0.00110327 0.0577409 0.365285 0.279576 0.0409376 0.115178 0.105823 0.0169642 0.0120589 0.00378868 0.00113376 0.000320046 7.35262e-05 1.31021e-05 1.64846e-06 1.20103e-07 4.47146e-09 7.10872e-11
 2.57094e-27 2.60888e-27 5.06098e-26 1.01364e-19 2.48481e-14 7.36293e-10 2.63728e-06 0.00114184 0.0597598 0.378057 0.289321 0.0404538 0.10465 0.0961096 0.0152671 0.0106312 0.00331755 0.000957178 0.000263405 5.71559e-05 9.78638e-06 1.25239e-06 9.67119e-08 3.67268e-09 5.66494e-11
 2.57119e-27 2.60952e-27 5.1154e-26 1.02511e-19 2.51294e-14 7.4463e-10 2.66714e-06 0.00115477 0.0604365 0.382338 0.292591 0.0405358 0.102976 0.0945089 0.0139634 0.00805805 0.00249441 0.000702886 0.000190548 3.98297e-05 6.49109e-06 7.89112e-07 6.10411e-08 2.43989e-09 3.84479e-11
 2.57135e-27 2.60995e-27 5.15367e-26 1.03319e-19 2.53274e-14 7.50496e-10 2.68815e-06 0.00116387 0.0609126 0.385349 0.294888 0.0403809 0.100184 0.0919446 0.0137489 0.00820944 0.00246553 0.000566973 0.00014805 3.02089e-05 4.77254e-06 5.51394e-07 4.03325e-08 1.60469e-09 2.63639e-11
 2.5716e-27 2.61064e-27 5.21471e-26 1.04607e-19 2.5643e-14 7.59849e-10 2.72165e-06 0.00117837 0.0616717 0.390152 0.298552 0.0401901 0.0961572 0.0882307 0.0131176 0.00770538 0.00232498 0.000552911 0.000136916 2.34257e-05 3.53233e-06 3.94773e-07 2.73882e-08 1.0312e-09 1.68121e-11
 2.57162e-27 2.6107e-27 5.21955e-26 1.04709e-19 2.5668e-14 7.6059e-10 2.7243e-06 0.00117952 0.0617318 0.390532 0.298843 0.0402064 0.0960767 0.0881493 0.0129754 0.00740112 0.00222621 0.000520555 0.000129745 2.24545e-05 2.99547e-06 2.9684e-07 1.96995e-08 7.02708e-10 1.08754e-11
 2.57202e-27 2.61176e-27 5.31284e-26 1.06677e-19 2.61505e-14 7.74886e-10 2.77551e-06 0.00120169 0.0628922 0.397873 0.304445 0.0399992 0.0905643 0.0830455 0.0117647 0.00592406 0.00176882 0.000401013 9.89893e-05 1.69272e-05 2.27744e-06 2.10584e-07 1.21332e-08 4.04617e-10 5.9278e-12
 2.5723e-27 2.61253e-27 5.3803e-26 1.081e-19 2.64993e-14 7.85223e-10 2.81254e-06 0.00121772 0.0637311 0.40318 0.308495 0.0398331 0.0864551 0.079246 0.0109546 0.00503149 0.00147479 0.000294407 7.04499e-05 1.1709e-05 1.55371e-06 1.43121e-07 7.8357e-09 2.28852e-10 3.07951e-12
 2.57227e-27 2.61244e-27 5.37138e-26 1.07912e-19 2.64532e-14 7.83856e-10 2.80764e-06 0.0012156 0.0636202 0.402479 0.30796 0.0399059 0.0873843 0.0800932 0.010918 0.0047338 0.00137133 0.000249855 5.69016e-05 8.43913e-06 1.07432e-06 9.66343e-08 5.23108e-09 1.45484e-10 1.73758e-12
 2.57198e-27 2.61165e-27 5.30136e-26 1.06434e-19 2.60911e-14 7.73127e-10 2.76921e-06 0.00119896 0.0627494 0.396969 0.303757 0.0401499 0.0921945 0.0845245 0.0115675 0.00509873 0.00146953 0.00025321 5.58361e-05 7.57111e-06 8.79411e-07 7.24038e-08 3.78842e-09 1.03436e-10 1.17536e-12
 2.57085e-27 2.60856e-27 5.02681e-26 1.00642e-19 2.46713e-14 7.31054e-10 2.61851e-06 0.00113372 0.0593346 0.375367 0.287276 0.0410392 0.110541 0.10144 0.0142995 0.00707011 0.00204784 0.000358298 7.84073e-05 1.00627e-05 1.09533e-06 8.11568e-08 3.82861e-09 9.9343e-11 1.10085e-12
#obs catch len freq
 1.74137e-41 2.4169e-33 4.05486e-26 8.22317e-20 2.01581e-14 5.97322e-10 2.13951e-06 0.000926335 0.0484807 0.306703 0.234931 0.044108 0.154631 0.131073 0.0375716 0.0291563 0.00893963 0.00284287 0.000563299 6.72554e-05 3.52632e-06 5.88428e-08 2.32744e-10 1.75542e-13 2.18188e-17
 1.76932e-41 2.4557e-33 4.11994e-26 8.35516e-20 2.04817e-14 6.06909e-10 2.17385e-06 0.000941203 0.0492588 0.311626 0.238747 0.0459482 0.155508 0.124725 0.0361951 0.0263546 0.00786161 0.00235669 0.000429139 4.45254e-05 1.92053e-06 2.50275e-08 7.40444e-11 4.05628e-14 3.60113e-18
 2.18245e-41 3.0291e-33 5.08194e-26 1.03061e-19 2.52641e-14 7.48622e-10 2.68144e-06 0.00116097 0.0607606 0.384389 0.294265 0.0433007 0.0986872 0.0746051 0.0220771 0.0150291 0.00430139 0.00120131 0.00020123 1.81656e-05 6.40756e-07 6.4733e-09 1.43069e-11 5.70856e-15 3.63071e-19
 1.73697e-41 2.41081e-33 4.04463e-26 8.20242e-20 2.01073e-14 5.95815e-10 2.13411e-06 0.000923997 0.0483583 0.30593 0.234626 0.0537812 0.18393 0.129081 0.0256391 0.0130681 0.00358521 0.000923868 0.000139973 1.09455e-05 3.15654e-07 2.4655e-09 4.05751e-12 1.17887e-15 5.38455e-20
 2.10537e-41 2.92212e-33 4.90246e-26 9.94209e-20 2.43719e-14 7.22183e-10 2.58674e-06 0.00111997 0.0586147 0.370814 0.284045 0.0474453 0.113604 0.0768085 0.0276998 0.016232 0.00296861 0.000563833 7.57362e-05 5.04848e-06 1.18269e-07 7.14716e-10 8.7641e-13 1.85345e-16 6.08055e-21
 2.38875e-41 3.31543e-33 5.56233e-26 1.12803e-19 2.76523e-14 8.19388e-10 2.93491e-06 0.00127072 0.0665042 0.420725 0.322111 0.0453595 0.0779142 0.0480167 0.0109068 0.00537581 0.00150929 0.000277929 2.42312e-05 1.2594e-06 2.35702e-08 1.09628e-10 1.00308e-13 1.54823e-17 3.65447e-22
 1.35659e-41 1.88285e-33 3.15887e-26 6.40613e-20 1.57039e-14 4.65335e-10 1.66675e-06 0.000721646 0.0377681 0.238936 0.184253 0.075606 0.270912 0.154343 0.0259966 0.0093845 0.00172624 0.000318544 3.08151e-05 1.10772e-06 1.45034e-08 5.04905e-11 3.42921e-14 3.86603e-18 6.58494e-23
 2.24404e-41 3.11458e-33 5.22536e-26 1.05969e-19 2.59771e-14 7.69749e-10 2.75712e-06 0.00119374 0.0624754 0.395238 0.302813 0.0481564 0.086838 0.0524247 0.0333669 0.015288 0.00196059 0.000224075 1.72584e-05 5.9677e-07 5.73013e-09 1.33341e-11 6.38981e-15 5.19677e-19 6.37567e-24
 2.02449e-41 2.80986e-33 4.71413e-26 9.56015e-20 2.34356e-14 6.94439e-10 2.48737e-06 0.00107694 0.056363 0.356572 0.27384 0.0633505 0.150726 0.0746357 0.0145216 0.00642598 0.00220004 0.0002726 1.24897e-05 2.99789e-07 2.39439e-09 4.17992e-12 1.34885e-15 7.41003e-20 6.3328e-25
 2.06441e-41 2.86527e-33 4.80708e-26 9.74867e-20 2.38977e-14 7.08133e-10 2.53642e-06 0.00109818 0.0574744 0.363604 0.279312 0.0636879 0.138466 0.0667206 0.021229 0.00714557 0.00106114 0.000186396 1.22329e-05 2.0302e-07 1.02528e-09 1.32373e-12 3.19872e-16 1.23346e-20 7.11484e-26
 2.02539e-41 2.81111e-33 4.71622e-26 9.56441e-20 2.3446e-14 6.94748e-10 2.48847e-06 0.00107742 0.0563881 0.356733 0.274391 0.0693735 0.147974 0.0661607 0.019941 0.00666987 0.00116392 0.000117862 6.93077e-06 1.41376e-07 5.80914e-10 4.77084e-13 7.72362e-17 2.13751e-21 8.8911e-27
 2.14503e-41 2.97716e-33 4.9948e-26 1.01294e-19 2.48309e-14 7.35785e-10 2.63546e-06 0.00114106 0.0597188 0.377805 0.290523 0.0676832 0.126117 0.0534048 0.0173919 0.00526254 0.000860389 8.62862e-05 3.6318e-06 5.67602e-08 2.32235e-10 1.67958e-13 1.91974e-17 3.45952e-22 9.62443e-28
 2.09163e-41 2.90305e-33 4.87046e-26 9.8772e-20 2.42128e-14 7.17469e-10 2.56986e-06 0.00111266 0.0582322 0.368404 0.283839 0.0753259 0.138825 0.0538774 0.015381 0.004258 0.000678887 6.06749e-05 2.25936e-06 2.6306e-08 7.74763e-11 4.68418e-14 4.63908e-18 6.62834e-23 1.3128e-28
 2.04072e-41 2.83238e-33 4.75191e-26 9.63677e-20 2.36234e-14 7.00005e-10 2.5073e-06 0.00108558 0.0568147 0.359441 0.277533 0.0820892 0.146075 0.0546186 0.0174556 0.00425968 0.000578315 4.61844e-05 1.48284e-06 1.41052e-08 3.09576e-11 1.3164e-14 9.6275e-19 1.08635e-23 1.73067e-29
 1.92805e-41 2.67601e-33 4.48956e-26 9.10473e-20 2.23192e-14 6.61358e-10 2.36888e-06 0.00102564 0.053678 0.339605 0.263297 0.0938246 0.164337 0.0590383 0.0198761 0.00466097 0.000613359 4.03588e-05 1.06181e-06 8.20315e-09 1.40372e-11 4.43137e-15 2.29752e-19 1.81656e-24 2.07877e-30
 1.75349e-41 2.43373e-33 4.08309e-26 8.28042e-20 2.02985e-14 6.01481e-10 2.15441e-06 0.000932783 0.0488182 0.308872 0.241181 0.109902 0.189389 0.0682991 0.0259755 0.00583254 0.00075026 4.4948e-05 9.61253e-07 5.71977e-09 7.5177e-12 1.79528e-15 6.87951e-20 3.9214e-25 3.16711e-31
 1.96656e-41 2.72946e-33 4.57923e-26 9.28658e-20 2.2765e-14 6.74567e-10 2.41619e-06 0.00104613 0.0547502 0.346399 0.269456 0.0977913 0.144464 0.0552855 0.024435 0.00559909 0.000730097 4.03429e-05 7.442e-07 3.49426e-09 3.42538e-12 6.03257e-16 1.70335e-20 7.11299e-26 4.16857e-32
 1.91417e-41 2.65675e-33 4.45724e-26 9.0392e-20 2.21585e-14 6.56598e-10 2.35183e-06 0.00101826 0.0532917 0.337188 0.263905 0.112172 0.157641 0.0513467 0.0183306 0.00445879 0.000612993 3.26262e-05 5.3027e-07 2.04266e-09 1.54634e-12 2.01067e-16 4.10584e-21 1.23514e-26 5.2203e-33
 1.89386e-41 2.62855e-33 4.40994e-26 8.94327e-20 2.19234e-14 6.4963e-10 2.32687e-06 0.00100745 0.0527262 0.333627 0.262344 0.119123 0.15584 0.052355 0.0188483 0.0036496 0.000452055 2.38238e-05 3.52585e-07 1.14272e-09 6.86966e-13 6.81229e-17 1.02887e-21 2.24063e-27 6.77493e-34
 1.92551e-41 2.67248e-33 4.48364e-26 9.09273e-20 2.22898e-14 6.60486e-10 2.36575e-06 0.00102429 0.0536074 0.339219 0.267634 0.122721 0.146868 0.0484398 0.0169501 0.00318941 0.000330408 1.43579e-05 1.89051e-07 5.27358e-10 2.57823e-13 1.9939e-17 2.28139e-22 3.68655e-28 8.14119e-35
 2.00621e-41 2.78448e-33 4.67155e-26 9.47381e-20 2.32239e-14 6.88167e-10 2.4649e-06 0.00106722 0.0558541 0.353449 0.279204 0.121854 0.131197 0.0413814 0.0133945 0.00236591 0.000223038 7.92757e-06 8.15304e-08 1.8454e-10 7.35085e-14 4.51325e-18 3.98731e-23 4.86904e-29 7.99765e-36
 2.00401e-41 2.78143e-33 4.66643e-26 9.46343e-20 2.31985e-14 6.87414e-10 2.4622e-06 0.00106605 0.055793 0.353095 0.280689 0.129849 0.129006 0.0377596 0.0108687 0.00172315 0.000143186 4.32015e-06 3.48735e-08 5.93286e-11 1.79433e-14 8.50306e-19 5.8016e-24 5.41564e-30 6.71213e-37
 2.04178e-41 2.83386e-33 4.75439e-26 9.6418e-20 2.36357e-14 7.0037e-10 2.50861e-06 0.00108614 0.0568447 0.359779 0.287022 0.131147 0.118917 0.0346126 0.00923744 0.00126121 8.79546e-05 2.1876e-06 1.4068e-08 1.82163e-11 4.0556e-15 1.40401e-19 7.05565e-25 4.89887e-31 4.53768e-38
 1.9737e-41 2.73936e-33 4.59584e-26 9.32028e-20 2.28476e-14 6.77015e-10 2.42496e-06 0.00104992 0.0549492 0.347855 0.281155 0.146244 0.124658 0.0345253 0.00844969 0.00104973 6.0634e-05 1.18847e-06 5.92495e-09 5.84611e-12 9.70587e-16 2.45521e-20 8.89965e-26 4.43966e-32 2.96244e-39
 2.02717e-41 2.81358e-33 4.72037e-26 9.57282e-20 2.34666e-14 6.95359e-10 2.49066e-06 0.00107837 0.0564382 0.35732 0.28952 0.143435 0.11184 0.0321 0.00741236 0.00081431 3.98388e-05 6.17308e-07 2.31581e-09 1.69635e-12 2.08014e-16 3.86021e-21 1.0178e-26 3.66203e-33 1.75053e-40
 2.00586e-41 2.78399e-33 4.67073e-26 9.47215e-20 2.32198e-14 6.88047e-10 2.46447e-06 0.00106703 0.055845 0.353658 0.289955 0.152951 0.110223 0.0293764 0.00625256 0.00064248 2.66056e-05 3.28263e-07 9.34829e-10 5.0224e-13 4.45643e-17 5.97074e-22 1.13651e-27 2.94913e-34 1.01444e-41
 1.93789e-41 2.68967e-33 4.51248e-26 9.15121e-20 2.24331e-14 6.64735e-10 2.38097e-06 0.00103088 0.0539534 0.341826 0.285448 0.166757 0.11382 0.0306553 0.00595063 0.000537292 1.92206e-05 1.92007e-07 4.17906e-10 1.66209e-13 1.06912e-17 1.02566e-22 1.39113e-28 2.57089e-35 6.30474e-43
 1.86259e-41 2.58515e-33 4.33713e-26 8.79561e-20 2.15614e-14 6.38904e-10 2.28845e-06 0.00099082 0.0518575 0.328745 0.280745 0.180681 0.117649 0.0327682 0.00605421 0.00049131 1.46213e-05 1.17758e-07 1.99225e-10 5.93282e-14 2.79013e-18 1.93043e-23 1.87177e-29 2.4587e-36 4.2721e-44
 1.88453e-41 2.6156e-33 4.38822e-26 8.89921e-20 2.18154e-14 6.46429e-10 2.3154e-06 0.00100249 0.0524682 0.33258 0.282438 0.174728 0.11584 0.0340783 0.00634538 0.000503394 1.36299e-05 9.46179e-08 1.349e-10 3.34746e-14 1.29407e-18 7.26439e-24 5.66226e-30 5.94492e-37 8.22647e-45
#spawning biomass
 7167.73 7478.42 9643.09 11097.3 17065.9 27721.6 30056.7 35317.8 45359.1 55614 71375.2 97185.1 123478 140918 147138 127889 114875 112663 102099 103616 94910.7 100919 114341 131577 126554 123902 121750 117332 124430 217945 201832 113280 60912.3 35609.1 24729.1 20388.6 18743.1 18141.5 17927.3 17852.4 17826.7 17817.9 17815 17814 17813.6 17813.5 17813.5 17813.5 17813.5 17813.5 17813.5 17813.5 17813.5 17813.5 17813.5 17813.5 17813.5 17813.5 17813.5 17813.5 17813.5 17813.5 17813.5 17813.5 17813.5 17813.5 17813.5 17813.5 17813.5 17813.5 17813.5 17813.5 17813.5 17813.5 17813.5 17813.5 17813.5 17813.5 17813.5 17813.5 17813.5 17813.5 17813.5 17813.5 17813.5 17813.5 17813.5 17813.5 17813.5 17813.5 17813.5 17813.5 17813.5 17813.5 17813.5 17813.5 17813.5 17813.5 17813.5 17813.5 17813.5 17813.5 17813.5 17813.5 17813.5 17813.5 17813.5 17813.5 17813.5 17813.5 17813.5 17813.5 17813.5 17813.5 17813.5 17813.5 17813.5 17813.5 17813.5 17813.5 17813.5 17813.5 17813.5 17813.5 17813.5 17813.5 17813.5 17813.5 17813.5 0 0 0 0 0 0 0 0 0 0 0 0 0 0 0 0 0 0 0 0 0 0 0 0 0
