SBPRF35
0.819782
Curr Bio
112828
B35
631956
F35
0.212355
FOFL
0
OFL
0
Bzero
234224
#pred survey bio
 12213.4 11810.6 11026.9 15125 19473.4 19443.2 23283.3 31597.9 47199.8 61175.3 78239.7 95267.9 117599 127275 155231 128994 102421 102528 107946 101591 95738.3 115066 125753 134841 131061 139930 138429 113531 2.55874e+06 4.07621e+06 4.56527e+06 4.52358e+06 4.19355e+06 3.76264e+06 3.34022e+06 2.97602e+06 2.68395e+06 2.46003e+06 2.29328e+06 2.17142e+06 2.08338e+06 2.02013e+06 1.97425e+06 1.94028e+06 1.91635e+06 1.89932e+06 1.88707e+06 1.87816e+06 1.8716e+06 1.86672e+06 1.86304e+06 1.86025e+06 1.8581e+06 1.85643e+06 1.85513e+06 1.8541e+06 1.85329e+06 1.85264e+06 1.85212e+06 1.8517e+06 1.85137e+06 1.85109e+06 1.85087e+06 1.85069e+06 1.85055e+06 1.85043e+06 1.85033e+06 1.85026e+06 1.85019e+06 1.85014e+06 1.8501e+06 1.85006e+06 1.85003e+06 1.85001e+06 1.84999e+06 1.84997e+06 1.84996e+06 1.84995e+06 1.84994e+06 1.84993e+06 1.84993e+06 1.84992e+06 1.84992e+06 1.84992e+06 1.84991e+06 1.84991e+06 1.84991e+06 1.84991e+06 1.84991e+06 1.84991e+06 1.84991e+06 1.8499e+06 1.8499e+06 1.8499e+06 1.8499e+06 1.8499e+06 1.8499e+06 1.8499e+06 1.8499e+06 1.8499e+06 1.8499e+06 1.8499e+06 1.8499e+06 1.8499e+06 1.8499e+06 1.8499e+06 1.8499e+06 1.8499e+06 1.8499e+06 1.8499e+06 1.8499e+06 1.8499e+06 1.8499e+06 1.8499e+06 1.8499e+06 1.8499e+06 1.8499e+06 1.8499e+06 1.8499e+06 1.8499e+06 1.8499e+06 1.8499e+06 1.8499e+06 1.8499e+06 1.8499e+06 1.8499e+06 1.8499e+06 1.8499e+06 0 0 0 0 0 0 0 0 0 0 0 0 0 0 0 0 0 0 0 0 0 0 0 0 0
#obs survey bio
 11020.5 8118.86 12471.1 14993.2 24135.3 16663 28097.7 71140.7 75589.6 70700.6 104767 101581 126486 119926 151837 125176 113360 86147.1 108407 113836 113802 112831 127623 205289 153440 218901 132376 98175.7
#pred catch bio
 7293.14 7849.27 6467.44 8738.96 13326.5 13350.3 16011.8 18910.7 30573.3 41536.4 55051.7 66832.1 90750.9 85453.1 120368 104717 80135 80030.6 87476.1 83422.3 72665.1 93059.5 103210 114144 106744 115090 120142 96448.1 0 33319.2 37095.6 36413.8 33355.5 29520.6 25833.2 22703 20232.5 18372.8 17017.9 16053.4 15378.5 14912 14590.3 14367.4 14219.8 14122.1 14057.4 14014.6 13986.3 13967.5 13955 13946.8 13941.4 13937.8 13935.4 13933.8 13932.7 13932 13931.6 13931.3 13931.1 13931 13930.9 13930.8 13930.8 13930.7 13930.7 13930.7 13930.7 13930.7 13930.7 13930.7 13930.7 13930.7 13930.7 13930.7 13930.7 13930.7 13930.7 13930.7 13930.7 13930.7 13930.7 13930.7 13930.7 13930.7 13930.7 13930.7 13930.7 13930.7 13930.7 13930.7 13930.7 13930.7 13930.7 13930.7 13930.7 13930.7 13930.7 13930.7 13930.7 13930.7 13930.7 13930.7 13930.7 13930.7 13930.7 13930.7 13930.7 13930.7 13930.7 13930.7 13930.7 13930.7 13930.7 13930.7 13930.7 13930.7 13930.7 13930.7 13930.7 13930.7 13930.7 13930.7 13930.7 13930.7 13930.7 13930.7 0 0 0 0 0 0 0 0 0 0 0 0 0 0 0 0 0 0 0 0 0 0 0 0 0
#obs catch bio
 9857.22 8257.99 6192.46 7866.61 12936.8 13375.9 15936.8 15571.1 23970.1 35711.2 49853.2 57909.7 82400.8 80002.2 122044 105442 76266.9 80170 85322.5 73753.2 65763.6 85900.1 98665.6 98678.2 90139.3 101928 104749 95227.1
#pred cpue bio
 10712.2 10553.5 9247.43 12482.8 16896 16274.3 18847.1 25184.4 39199.2 50019.3 63647.6 77837.5 95368.5 102708 131302 109647 84287.6 83038.2 87429.1 83334.3 76423.2 91757.2 99216.6 107004 104347 110941 112522 91323.5 2.02576e+06 4.03117e+06 4.52023e+06 4.47854e+06 4.14851e+06 3.7176e+06 3.29518e+06 2.93098e+06 2.63891e+06 2.41499e+06 2.24824e+06 2.12638e+06 2.03834e+06 1.97509e+06 1.92921e+06 1.89524e+06 1.87131e+06 1.85428e+06 1.84203e+06 1.83312e+06 1.82656e+06 1.82168e+06 1.818e+06 1.81521e+06 1.81306e+06 1.81139e+06 1.81009e+06 1.80906e+06 1.80825e+06 1.8076e+06 1.80708e+06 1.80666e+06 1.80633e+06 1.80605e+06 1.80583e+06 1.80565e+06 1.80551e+06 1.80539e+06 1.80529e+06 1.80521e+06 1.80515e+06 1.8051e+06 1.80505e+06 1.80502e+06 1.80499e+06 1.80497e+06 1.80495e+06 1.80493e+06 1.80492e+06 1.80491e+06 1.8049e+06 1.80489e+06 1.80489e+06 1.80488e+06 1.80488e+06 1.80488e+06 1.80487e+06 1.80487e+06 1.80487e+06 1.80487e+06 1.80487e+06 1.80487e+06 1.80486e+06 1.80486e+06 1.80486e+06 1.80486e+06 1.80486e+06 1.80486e+06 1.80486e+06 1.80486e+06 1.80486e+06 1.80486e+06 1.80486e+06 1.80486e+06 1.80486e+06 1.80486e+06 1.80486e+06 1.80486e+06 1.80486e+06 1.80486e+06 1.80486e+06 1.80486e+06 1.80486e+06 1.80486e+06 1.80486e+06 1.80486e+06 1.80486e+06 1.80486e+06 1.80486e+06 1.80486e+06 1.80486e+06 1.80486e+06 1.80486e+06 1.80486e+06 1.80486e+06 1.80486e+06 1.80486e+06 1.80486e+06 1.80486e+06 1.80486e+06 0 0 0 0 0 0 0 0 0 0 0 0 0 0 0 0 0 0 0 0 0 0 0 0 0
#obs cpue bio
 10663 11467.5 14302.1 15672.3 17534.6 14758.8 19132.9 34675.7 68230.6 58539.5 62501.6 140614 119951 114873 125116 122392 91359.4 89979.3 103036 138209 88353.7 125980 113004 144362 170004 107495 208432 104418
#pred surv len freq
 1.25015e-11 1.35692e-09 8.68427e-08 3.27717e-06 7.29214e-05 0.000956774 0.00740307 0.0337997 0.0913255 0.148201 0.154682 0.130915 0.120141 0.105515 0.073699 0.0452952 0.0282566 0.0179752 0.0118215 0.00827696 0.0062896 0.0052495 0.00454977 0.00351517 0.00205528
 1.0474e-11 1.13685e-09 7.27581e-08 2.74567e-06 6.10949e-05 0.000801619 0.00620317 0.0283359 0.0767612 0.126168 0.139167 0.136693 0.145856 0.133888 0.0905289 0.050675 0.0278868 0.0153425 0.00842302 0.0047974 0.00295276 0.00204986 0.00157433 0.00115793 0.000674624
 1.38261e-11 1.50069e-09 9.60439e-08 3.6244e-06 8.06475e-05 0.00105814 0.0081872 0.0373752 0.100925 0.163278 0.168084 0.136339 0.118634 0.10196 0.0710384 0.0430226 0.0247717 0.0129794 0.00624223 0.00293465 0.00141446 0.00074845 0.00045911 0.000298301 0.000165901
 1.42138e-11 1.54277e-09 9.87372e-08 3.72604e-06 8.29091e-05 0.00108781 0.00841683 0.0384241 0.103765 0.167939 0.173178 0.141119 0.122858 0.10325 0.0669892 0.0357146 0.0187266 0.00985061 0.00487451 0.0021869 0.0008951 0.000359388 0.000158584 8.01243e-05 3.93611e-05
 1.17226e-11 1.27238e-09 8.14319e-08 3.07299e-06 6.83782e-05 0.000897175 0.00694234 0.031706 0.085804 0.140332 0.151561 0.141085 0.142936 0.128015 0.0844078 0.044808 0.022494 0.0107617 0.00482664 0.00207618 0.000829837 0.000297528 9.97249e-05 3.50969e-05 1.32419e-05
 1.35986e-11 1.476e-09 9.44639e-08 3.56478e-06 7.93209e-05 0.00104074 0.00805268 0.0367642 0.0993163 0.161012 0.167321 0.139695 0.125738 0.108285 0.0726158 0.0406784 0.0215711 0.0104976 0.00455395 0.00180624 0.000659831 0.000220327 6.59678e-05 1.79375e-05 4.7534e-06
 1.48161e-11 1.60814e-09 1.02921e-07 3.88392e-06 8.64222e-05 0.00113391 0.00877336 0.0400497 0.108127 0.174773 0.179165 0.143247 0.121389 0.100083 0.0632607 0.0318763 0.0153537 0.00735876 0.00330717 0.00133929 0.000474562 0.000146753 3.98236e-05 9.43591e-06 1.96046e-06
 1.52649e-11 1.65686e-09 1.06039e-07 4.00157e-06 8.904e-05 0.00116825 0.00903904 0.0412611 0.111378 0.179872 0.183658 0.144919 0.120413 0.0977549 0.0603192 0.0287165 0.0125743 0.00538583 0.00218357 0.000841584 0.000299274 9.27595e-05 2.41674e-05 5.23477e-06 9.41928e-07
 1.36537e-11 1.48198e-09 9.48463e-08 3.57921e-06 7.9642e-05 0.00104495 0.00808539 0.0369155 0.0997524 0.16194 0.169309 0.143875 0.131799 0.112555 0.0716598 0.0357416 0.0163645 0.00695328 0.00261939 0.000901504 0.000288732 8.43933e-05 2.15624e-05 4.56226e-06 7.69889e-07
 1.44206e-11 1.56522e-09 1.00174e-07 3.78025e-06 8.41154e-05 0.00110364 0.00853927 0.0389826 0.105268 0.170327 0.175433 0.142424 0.123383 0.103421 0.0668561 0.034952 0.0170573 0.00767421 0.00302212 0.00104578 0.000315926 8.32816e-05 1.9286e-05 3.83604e-06 6.23468e-07
 1.45218e-11 1.57621e-09 1.00877e-07 3.80679e-06 8.47059e-05 0.00111139 0.00859924 0.0392569 0.106015 0.17159 0.17698 0.144264 0.125367 0.104258 0.0653304 0.0319522 0.0145915 0.00651305 0.00268233 0.000985668 0.000311041 8.20982e-05 1.79837e-05 3.26222e-06 4.85646e-07
 1.42849e-11 1.55049e-09 9.9231e-08 3.74467e-06 8.33238e-05 0.00109326 0.00845901 0.0386184 0.104314 0.169018 0.175183 0.14498 0.128404 0.107478 0.0669568 0.0320476 0.0140248 0.00589195 0.00227661 0.000812844 0.000262561 7.27177e-05 1.64797e-05 2.96598e-06 4.17906e-07
 1.46028e-11 1.585e-09 1.0144e-07 3.82802e-06 8.51783e-05 0.00111759 0.00864719 0.0394755 0.106602 0.172513 0.177804 0.144609 0.125291 0.104032 0.0650851 0.0316003 0.0140325 0.00586662 0.00219278 0.000739566 0.00022537 6.06702e-05 1.39279e-05 2.58991e-06 3.71963e-07
 1.46724e-11 1.59254e-09 1.01923e-07 3.84624e-06 8.55839e-05 0.00112291 0.00868839 0.0396643 0.107122 0.173429 0.179099 0.146515 0.127648 0.105326 0.06391 0.0287809 0.0115622 0.00456625 0.00168876 0.000566265 0.000167676 4.2901e-05 9.37177e-06 1.70269e-06 2.46263e-07
 1.27564e-11 1.38458e-09 8.8613e-08 3.34398e-06 7.44081e-05 0.000976286 0.0075543 0.0344962 0.0932897 0.152051 0.161783 0.144579 0.140129 0.122223 0.07768 0.038073 0.0168679 0.00681881 0.00238104 0.000742531 0.000211204 5.28922e-05 1.11988e-05 1.94622e-06 2.70572e-07
 1.25357e-11 1.36063e-09 8.70799e-08 3.28613e-06 7.31208e-05 0.000959398 0.00742368 0.033901 0.0916985 0.149605 0.159866 0.144565 0.141837 0.124175 0.0787719 0.0385009 0.0172768 0.00733831 0.00276829 0.000908097 0.000253897 6.01057e-05 1.21087e-05 2.03119e-06 2.72594e-07
 1.39561e-11 1.5148e-09 9.6947e-08 3.65848e-06 8.1406e-05 0.0010681 0.00826442 0.037732 0.101947 0.165406 0.172477 0.14538 0.131665 0.111133 0.0690437 0.0326607 0.0140618 0.00582835 0.00220643 0.000750829 0.000222779 5.5149e-05 1.10841e-05 1.78658e-06 2.28726e-07
 1.45535e-11 1.57965e-09 1.01097e-07 3.8151e-06 8.48908e-05 0.00111382 0.00861805 0.0393436 0.106261 0.172081 0.177921 0.14611 0.127992 0.106107 0.064928 0.0297951 0.0122396 0.00484123 0.0017557 0.000579078 0.000171294 4.36587e-05 9.18886e-06 1.53191e-06 1.9614e-07
 1.45076e-11 1.57466e-09 1.00778e-07 3.80304e-06 8.46226e-05 0.0011103 0.00859085 0.0392201 0.105935 0.171618 0.177742 0.146718 0.129303 0.107238 0.06511 0.029219 0.0115564 0.00438318 0.00151713 0.000474881 0.000133929 3.30875e-05 6.93676e-06 1.18348e-06 1.56836e-07
 1.39422e-11 1.51329e-09 9.68503e-08 3.65483e-06 8.13248e-05 0.00106703 0.00825624 0.037696 0.101867 0.165415 0.173134 0.14753 0.135102 0.113651 0.0686429 0.0300705 0.0114052 0.00414602 0.00137743 0.000411374 0.000110109 2.57635e-05 5.1502e-06 8.53798e-07 1.12753e-07
 1.50398e-11 1.63242e-09 1.04475e-07 3.94255e-06 8.77269e-05 0.00115103 0.00890586 0.0406554 0.109774 0.17753 0.182428 0.146918 0.125342 0.102294 0.0616113 0.0272816 0.0105041 0.00381381 0.00123332 0.000352418 8.98057e-05 1.99455e-05 3.77079e-06 5.9192e-07 7.47885e-08
 1.5099e-11 1.63885e-09 1.04886e-07 3.95809e-06 8.80726e-05 0.00115556 0.00894093 0.040815 0.110198 0.178163 0.18283 0.14661 0.124393 0.101384 0.0613103 0.0274853 0.010805 0.00400464 0.00131583 0.000377775 9.46051e-05 2.02027e-05 3.62787e-06 5.38457e-07 6.42879e-08
 1.54261e-11 1.67435e-09 1.07158e-07 4.04382e-06 8.99802e-05 0.00118059 0.00913452 0.0416975 0.112565 0.181853 0.185982 0.147481 0.123089 0.0990573 0.0587514 0.0251555 0.00921943 0.00326164 0.00106659 0.000311219 7.92701e-05 1.70195e-05 3.01215e-06 4.31416e-07 4.90053e-08
 1.51784e-11 1.64747e-09 1.05438e-07 3.97889e-06 8.85355e-05 0.00116163 0.00898794 0.04103 0.110784 0.179152 0.18404 0.148047 0.125956 0.102109 0.0602683 0.0252825 0.00888088 0.00296889 0.000910342 0.000250395 6.19864e-05 1.33343e-05 2.38799e-06 3.43272e-07 3.84559e-08
 1.50339e-11 1.63178e-09 1.04434e-07 3.94101e-06 8.76926e-05 0.00115058 0.00890242 0.0406406 0.109746 0.177578 0.182916 0.148404 0.127668 0.103909 0.0611279 0.0253087 0.00865654 0.00279859 0.000824541 0.000214666 4.97629e-05 1.00785e-05 1.73906e-06 2.47482e-07 2.78187e-08
 1.52347e-11 1.65358e-09 1.05829e-07 3.99366e-06 8.8864e-05 0.00116594 0.00902126 0.0411816 0.111186 0.179744 0.184373 0.147623 0.124864 0.10116 0.060136 0.0257498 0.00932695 0.00314591 0.000929341 0.000235679 5.23665e-05 1.00374e-05 1.62459e-06 2.1791e-07 2.35378e-08
 1.4254e-11 1.54713e-09 9.90162e-08 3.73656e-06 8.31434e-05 0.00109089 0.00844081 0.0385373 0.104122 0.168931 0.176127 0.14833 0.133828 0.11147 0.0663557 0.0280253 0.00994189 0.00334719 0.00101971 0.00027026 6.14733e-05 1.16529e-05 1.81593e-06 2.30727e-07 2.34486e-08
 1.46542e-11 1.59057e-09 1.01796e-07 3.84148e-06 8.54779e-05 0.00112152 0.00867769 0.0396166 0.107008 0.17337 0.179618 0.148387 0.130696 0.107613 0.0636742 0.0266126 0.00925682 0.0030447 0.00090845 0.000238393 5.49723e-05 1.07545e-05 1.71803e-06 2.17913e-07 2.14937e-08
#obs surv len freq
 1.16446e-11 1.26391e-09 8.08903e-08 3.05255e-06 6.79235e-05 0.000891209 0.00689615 0.0314934 0.085193 0.138957 0.147962 0.131942 0.128831 0.11998 0.0914132 0.0595812 0.033591 0.0154564 0.00566484 0.00164158 0.000366332 6.07796e-05 7.24804e-06 6.01631e-07 3.3768e-08
 8.34779e-12 9.06075e-10 5.79887e-08 2.18832e-06 4.86936e-05 0.000638926 0.00494505 0.0226065 0.0614569 0.102558 0.119419 0.130686 0.151848 0.14932 0.114445 0.0739469 0.040935 0.0183652 0.0065155 0.00181146 0.000384275 6.00931e-05 6.70589e-06 5.18e-07 2.69471e-08
 1.84619e-11 2.00386e-09 1.28247e-07 4.83964e-06 0.000107688 0.0014129 0.0109312 0.0498791 0.134365 0.214682 0.208015 0.134718 0.0785085 0.0565135 0.04521 0.0330935 0.0195985 0.00886501 0.00307676 0.000824152 0.000166725 2.46485e-05 2.58035e-06 1.85788e-07 8.96402e-09
 8.41191e-12 9.13034e-10 5.84341e-08 2.20514e-06 4.90683e-05 0.000643879 0.00498461 0.0228125 0.0623155 0.106053 0.131349 0.157217 0.184246 0.162491 0.0969329 0.042934 0.017458 0.00710976 0.00254086 0.000699423 0.00013996 1.98757e-05 1.9657e-06 1.32456e-07 5.94462e-09
 1.41487e-11 1.5357e-09 9.82848e-08 3.70897e-06 8.25295e-05 0.00108284 0.00837855 0.0382509 0.103281 0.166772 0.169178 0.129079 0.104032 0.0958342 0.0828194 0.0580972 0.0295242 0.0103348 0.00261271 0.000532235 9.1501e-05 1.23117e-05 1.17876e-06 7.60425e-08 3.21898e-09
 1.19835e-11 1.30069e-09 8.32441e-08 3.14139e-06 6.99009e-05 0.000917194 0.0070985 0.0324416 0.0880149 0.145111 0.159523 0.149066 0.143193 0.120331 0.0778379 0.0423767 0.0212788 0.00908856 0.00289747 0.000642129 9.77155e-05 1.04794e-05 8.15476e-07 4.5745e-08 1.77366e-09
 1.64718e-11 1.78785e-09 1.14422e-07 4.31796e-06 9.60804e-05 0.00126064 0.0097544 0.0445329 0.120236 0.193965 0.195338 0.143379 0.103068 0.0790028 0.0548759 0.0320758 0.0150418 0.00543582 0.0015318 0.000338693 5.57139e-05 6.35382e-06 4.81781e-07 2.40047e-08 7.88249e-10
 1.34858e-11 1.46375e-09 9.368e-08 3.53521e-06 7.86642e-05 0.00103219 0.00798861 0.0365095 0.099019 0.162799 0.17616 0.156188 0.138713 0.10863 0.0645601 0.0303562 0.0123101 0.00423147 0.00114804 0.000234331 3.50622e-05 3.75981e-06 2.80144e-07 1.39774e-08 4.52225e-10
 1.42732e-11 1.54922e-09 9.91501e-08 3.74163e-06 8.32573e-05 0.00109244 0.0084545 0.038628 0.104625 0.170948 0.180405 0.149925 0.125145 0.099848 0.0657485 0.0348628 0.0144922 0.00449618 0.00103516 0.000181464 2.42009e-05 2.36133e-06 1.61096e-07 7.42919e-09 2.259e-10
 1.41887e-11 1.54006e-09 9.85635e-08 3.7195e-06 8.27652e-05 0.00108601 0.00840527 0.0384132 0.104143 0.170733 0.181959 0.153794 0.128593 0.099573 0.062454 0.0318874 0.0133212 0.004317 0.00103316 0.000177862 2.16754e-05 1.85216e-06 1.10098e-07 4.48574e-09 1.22431e-10
 1.286e-11 1.39584e-09 8.93336e-08 3.3712e-06 7.50158e-05 0.000984368 0.00762 0.0348493 0.0947433 0.156941 0.173004 0.157156 0.140468 0.111083 0.0692921 0.0345366 0.0138169 0.00425892 0.000980881 0.000165817 2.00212e-05 1.67022e-06 9.37398e-08 3.47927e-09 8.44566e-11
 1.41419e-11 1.53497e-09 9.82383e-08 3.70724e-06 8.2493e-05 0.00108247 0.00837867 0.0383036 0.103944 0.170811 0.182729 0.154212 0.127447 0.0987059 0.0632832 0.0327137 0.0132457 0.00401016 0.000887847 0.000142577 1.63273e-05 1.29912e-06 6.99422e-08 2.48858e-09 5.73693e-11
 1.35234e-11 1.46784e-09 9.39421e-08 3.54512e-06 7.88867e-05 0.00103519 0.00801418 0.0366615 0.0997261 0.16525 0.181228 0.160292 0.136333 0.102989 0.0620928 0.0300994 0.0117473 0.00352852 0.000781464 0.000123987 1.37422e-05 1.04032e-06 5.27873e-08 1.76532e-09 3.82862e-11
 1.13784e-11 1.23501e-09 7.90412e-08 2.98282e-06 6.63762e-05 0.00087112 0.00674675 0.0309108 0.0845575 0.142899 0.166111 0.163925 0.153502 0.121306 0.0746369 0.0360957 0.0135912 0.00384362 0.000798982 0.000120426 1.28441e-05 9.39279e-07 4.5793e-08 1.4571e-09 2.97858e-11
 9.25614e-12 1.00467e-09 6.42992e-08 2.42653e-06 5.39993e-05 0.000708791 0.00549248 0.0252132 0.0694464 0.120061 0.148359 0.161737 0.164972 0.139413 0.0921913 0.0474766 0.0184443 0.00520926 0.0010526 0.000150825 1.50865e-05 1.03159e-06 4.72022e-08 1.41653e-09 2.7376e-11
 1.21318e-11 1.3168e-09 8.42754e-08 3.18036e-06 7.0772e-05 0.000928801 0.00719285 0.0329375 0.0898662 0.150132 0.167693 0.152871 0.136502 0.113834 0.0795451 0.0437961 0.0180113 0.0053277 0.00111059 0.000160329 1.57264e-05 1.03004e-06 4.43989e-08 1.24314e-09 2.23301e-11
 1.17582e-11 1.27625e-09 8.16805e-08 3.08247e-06 6.85963e-05 0.000900369 0.0069759 0.0319946 0.0877544 0.149025 0.173436 0.16713 0.148723 0.112655 0.0685947 0.0340658 0.0135616 0.00408493 0.000881872 0.000131202 1.30765e-05 8.55325e-07 3.61555e-08 9.75743e-10 1.66446e-11
 1.24133e-11 1.34735e-09 8.62311e-08 3.2542e-06 7.24183e-05 0.000950537 0.0073644 0.0337689 0.0925092 0.156263 0.178612 0.166057 0.143546 0.108441 0.0658866 0.0313382 0.0113864 0.00308859 0.000615357 8.77203e-05 8.61018e-06 5.60717e-07 2.35662e-08 6.27462e-10 1.04526e-11
 1.16822e-11 1.26799e-09 8.11525e-08 3.06259e-06 6.81574e-05 0.000894746 0.00693554 0.031852 0.0876783 0.150167 0.177272 0.172266 0.151601 0.112152 0.0654981 0.0299119 0.0104424 0.00268883 0.000497293 6.47633e-05 5.81435e-06 3.51393e-07 1.3952e-08 3.5587e-10 5.72326e-12
 1.20626e-11 1.30929e-09 8.37959e-08 3.16236e-06 7.03788e-05 0.000923937 0.00716221 0.0328938 0.0905062 0.154555 0.180409 0.171256 0.147726 0.109062 0.0639587 0.0288835 0.0097399 0.0023817 0.000414198 5.02997e-05 4.17175e-06 2.31025e-07 8.37618e-09 1.9556e-10 2.89827e-12
 1.28259e-11 1.39214e-09 8.90981e-08 3.36248e-06 7.48336e-05 0.000982453 0.00761628 0.0349802 0.0962029 0.163765 0.188677 0.173246 0.142496 0.10043 0.05652 0.0246547 0.00807589 0.00191549 0.0003199 3.67935e-05 2.8545e-06 1.46522e-07 4.89194e-09 1.0467e-10 1.4171e-12
 1.21107e-11 1.31451e-09 8.41309e-08 3.1751e-06 7.06687e-05 0.000927982 0.00719878 0.033127 0.0916097 0.15822 0.187982 0.179545 0.150006 0.10357 0.0557458 0.0229985 0.00711401 0.00159824 0.000253562 2.77094e-05 2.03558e-06 9.83251e-08 3.06672e-09 6.08812e-11 7.60522e-13
 1.28219e-11 1.39171e-09 8.9072e-08 3.3616e-06 7.48201e-05 0.000982497 0.00762119 0.0350565 0.0967636 0.165939 0.193117 0.177647 0.143517 0.0978397 0.0523939 0.0212059 0.00628925 0.00133032 0.000196883 2.00276e-05 1.3714e-06 6.18559e-08 1.80242e-09 3.33938e-11 3.88409e-13
 1.20743e-11 1.31057e-09 8.38798e-08 3.16576e-06 7.04692e-05 0.000925656 0.0071867 0.03314 0.0920857 0.160536 0.192981 0.18434 0.150494 0.10002 0.0513107 0.01989 0.00567961 0.00115632 0.000163283 1.56484e-05 9.98553e-07 4.16994e-08 1.12221e-09 1.9202e-11 2.06456e-13
 1.21638e-11 1.32029e-09 8.45027e-08 3.18934e-06 7.09974e-05 0.000932703 0.00724324 0.0334169 0.0929162 0.161974 0.194022 0.183771 0.149166 0.0994015 0.0510455 0.01948 0.00536495 0.00103939 0.00013889 1.25677e-05 7.55023e-07 2.9543e-08 7.40673e-10 1.17432e-11 1.16523e-13
 1.08405e-11 1.17666e-09 7.53121e-08 2.84269e-06 6.32948e-05 0.00083202 0.00647205 0.0299917 0.0843551 0.151088 0.190414 0.191377 0.160121 0.106036 0.0531422 0.0197096 0.00527031 0.000986757 0.000126261 1.0826e-05 6.11167e-07 2.23557e-08 5.22411e-10 7.70442e-12 7.0969e-14
 1.0947e-11 1.18823e-09 7.60536e-08 2.87076e-06 6.39235e-05 0.000840383 0.0065384 0.0303047 0.0851986 0.152143 0.190144 0.189168 0.15847 0.106577 0.0541942 0.020047 0.00523762 0.000944525 0.000115502 9.41876e-06 5.03349e-07 1.73391e-08 3.79586e-10 5.22051e-12 4.46885e-14
 1.12734e-11 1.22367e-09 7.83236e-08 2.95657e-06 6.58411e-05 0.000865789 0.00673927 0.0312632 0.0880003 0.157163 0.195217 0.190502 0.154878 0.101097 0.0502387 0.0182994 0.00472276 0.000837874 9.97892e-05 7.83008e-06 3.98429e-07 1.2969e-08 2.66893e-10 3.43773e-12 2.74773e-14
#pred catch len freq
 1.03292e-11 1.12114e-09 7.17528e-08 2.70773e-06 6.02507e-05 0.000790538 0.00611728 0.0279401 0.0756417 0.123949 0.134976 0.128478 0.133679 0.123347 0.0871255 0.0536498 0.0334758 0.0212957 0.0140052 0.00980592 0.00745144 0.00621922 0.00539022 0.00416451 0.00243494
 8.69853e-12 9.44142e-10 6.0425e-08 2.28026e-06 5.07391e-05 0.000665754 0.00515232 0.0235475 0.0639523 0.106424 0.123431 0.135738 0.158604 0.149972 0.102056 0.0571919 0.0314776 0.0173182 0.00950769 0.00541518 0.003333 0.00231383 0.00177706 0.00130705 0.000761498
 1.16729e-11 1.26698e-09 8.10866e-08 3.05996e-06 6.80882e-05 0.000893366 0.00691273 0.0315676 0.085386 0.139299 0.148837 0.134735 0.133446 0.121146 0.0854872 0.051886 0.0298827 0.0156576 0.00753028 0.00354019 0.00170632 0.000902888 0.000553845 0.000359854 0.000200134
 1.20522e-11 1.30815e-09 8.37211e-08 3.15938e-06 7.03004e-05 0.000922394 0.00713738 0.0325943 0.0881745 0.143939 0.154206 0.140475 0.13921 0.123532 0.0811833 0.043384 0.022755 0.0119699 0.00592325 0.00265741 0.00108768 0.000436709 0.000192703 9.73629e-05 4.78296e-05
 1.00496e-11 1.09079e-09 6.98104e-08 2.63443e-06 5.86199e-05 0.00076915 0.00595213 0.0271943 0.0737388 0.121765 0.136911 0.140681 0.155756 0.143897 0.0955347 0.0507776 0.0254949 0.0121976 0.00547064 0.0023532 0.00094056 0.000337226 0.000113031 3.97799e-05 1.50087e-05
 1.19887e-11 1.30126e-09 8.32806e-08 3.14275e-06 6.99305e-05 0.000917539 0.0070998 0.0324223 0.0877033 0.143124 0.153123 0.139028 0.137648 0.123278 0.0834266 0.0468102 0.0248277 0.0120826 0.00524154 0.00207897 0.000759458 0.000253594 7.59282e-05 2.06459e-05 5.47112e-06
 1.33022e-11 1.44382e-09 9.24044e-08 3.48706e-06 7.75916e-05 0.00101805 0.00787731 0.035967 0.0972111 0.157988 0.16599 0.143109 0.133336 0.114685 0.0732379 0.0369749 0.0178142 0.00853827 0.00383727 0.00155396 0.000550629 0.000170275 4.62068e-05 1.09484e-05 2.2747e-06
 1.33114e-11 1.44483e-09 9.24686e-08 3.48948e-06 7.76456e-05 0.00101876 0.00788284 0.0359933 0.0972963 0.158241 0.166785 0.145094 0.136386 0.117031 0.0731967 0.0349375 0.0153041 0.00655531 0.00265771 0.00102433 0.00036426 0.000112902 2.94153e-05 6.37146e-06 1.14646e-06
 1.18358e-11 1.28466e-09 8.22183e-08 3.10267e-06 6.90386e-05 0.000905841 0.00700943 0.0320132 0.0866459 0.141795 0.153533 0.143834 0.146357 0.130305 0.0837667 0.0418553 0.0191685 0.00814492 0.00306829 0.001056 0.000338215 9.88565e-05 2.52577e-05 5.34413e-06 9.01832e-07
 1.28248e-11 1.39201e-09 8.90885e-08 3.36193e-06 7.48073e-05 0.000981523 0.00759475 0.0346791 0.0937604 0.152625 0.161499 0.14215 0.135793 0.118736 0.0775332 0.0406091 0.0198229 0.0089187 0.00351221 0.00121536 0.000367158 9.6787e-05 2.24135e-05 4.45811e-06 7.24573e-07
 1.30832e-11 1.42006e-09 9.08836e-08 3.42967e-06 7.63146e-05 0.0010013 0.00774776 0.0353774 0.0956437 0.155652 0.164516 0.144287 0.136964 0.118331 0.0748306 0.0366619 0.0167464 0.0074751 0.00307854 0.00113126 0.000356985 9.42251e-05 2.06401e-05 3.74409e-06 5.57382e-07
 1.28191e-11 1.39139e-09 8.90489e-08 3.36043e-06 7.47741e-05 0.000981089 0.00759146 0.0346658 0.0937472 0.152787 0.162521 0.145108 0.140386 0.12195 0.0766454 0.0367463 0.016085 0.00675762 0.0026111 0.000932273 0.000301138 8.34018e-05 1.8901e-05 3.40176e-06 4.79308e-07
 1.36021e-11 1.47638e-09 9.44882e-08 3.56569e-06 7.93414e-05 0.00104101 0.0080549 0.036777 0.0993882 0.161429 0.169147 0.144661 0.133418 0.11388 0.0717234 0.0348675 0.0154861 0.00647446 0.00241997 0.000816193 0.000248721 6.69562e-05 1.5371e-05 2.85825e-06 4.10503e-07
 1.30635e-11 1.41792e-09 9.07467e-08 3.4245e-06 7.61997e-05 0.000999793 0.00773617 0.0353261 0.0955263 0.155634 0.165296 0.146919 0.141204 0.121491 0.0744627 0.0335985 0.0135018 0.00533238 0.0019721 0.000661275 0.00019581 5.00991e-05 1.09442e-05 1.98838e-06 2.87582e-07
 1.16925e-11 1.26911e-09 8.12227e-08 3.0651e-06 6.82026e-05 0.000894873 0.00692462 0.0316273 0.08562 0.140266 0.152574 0.144623 0.148755 0.132694 0.0847694 0.0415875 0.0184275 0.00744936 0.00260122 0.000811195 0.000230734 5.77833e-05 1.22344e-05 2.1262e-06 2.95593e-07
 1.17294e-11 1.27311e-09 8.14788e-08 3.07476e-06 6.84176e-05 0.000897694 0.00694644 0.0317267 0.0858856 0.140673 0.152887 0.144596 0.148369 0.132096 0.084119 0.0411438 0.0184646 0.00784294 0.00295865 0.000970543 0.000271356 6.4239e-05 1.29413e-05 2.17087e-06 2.91339e-07
 1.29931e-11 1.41027e-09 9.02573e-08 3.40603e-06 7.57888e-05 0.000994401 0.00769443 0.0351351 0.095005 0.154745 0.164171 0.145498 0.139591 0.120679 0.0754012 0.0357066 0.0153756 0.00637302 0.00241263 0.000820996 0.000243598 6.03028e-05 1.212e-05 1.95354e-06 2.50102e-07
 1.36127e-11 1.47753e-09 9.45619e-08 3.56848e-06 7.94033e-05 0.00104182 0.00806123 0.0368068 0.0994802 0.161672 0.169834 0.146303 0.135855 0.11552 0.071122 0.0326761 0.0134255 0.0053104 0.00192585 0.000635199 0.000187895 4.78898e-05 1.00794e-05 1.68037e-06 2.15149e-07
 1.37715e-11 1.49476e-09 9.56644e-08 3.61008e-06 8.0329e-05 0.00105397 0.00815518 0.0372352 0.10063 0.163477 0.171431 0.146914 0.135526 0.114653 0.0699472 0.031419 0.0124284 0.00471397 0.00163163 0.00051072 0.000144037 3.55847e-05 7.46027e-06 1.2728e-06 1.68672e-07
 1.326e-11 1.43924e-09 9.21114e-08 3.476e-06 7.73456e-05 0.00101483 0.00785248 0.0358564 0.0969506 0.157874 0.167302 0.147756 0.140936 0.120571 0.0731139 0.0320541 0.012159 0.00442012 0.0014685 0.000438571 0.000117388 2.74667e-05 5.49069e-06 9.10244e-07 1.20208e-07
 1.39917e-11 1.51866e-09 9.71942e-08 3.66781e-06 8.16135e-05 0.00107082 0.00828553 0.0378292 0.102221 0.165941 0.173457 0.147237 0.134263 0.112899 0.0684985 0.0303747 0.0116977 0.00424727 0.00137349 0.000392473 0.000100013 2.22125e-05 4.19937e-06 6.59196e-07 8.32888e-08
 1.43829e-11 1.56113e-09 9.99121e-08 3.77037e-06 8.38957e-05 0.00110076 0.0085171 0.0388841 0.105038 0.170244 0.176693 0.146805 0.130453 0.108606 0.0660229 0.0296283 0.0116493 0.00431763 0.00141868 0.000407301 0.000101999 2.17817e-05 3.91142e-06 5.80542e-07 6.93126e-08
 1.4811e-11 1.6076e-09 1.02886e-07 3.8826e-06 8.63928e-05 0.00113352 0.00877051 0.0400392 0.108133 0.175057 0.180735 0.147716 0.128396 0.105328 0.0627705 0.026902 0.00986103 0.00348869 0.00114084 0.000332884 8.47883e-05 1.82042e-05 3.22183e-06 4.61448e-07 5.24167e-08
 1.47317e-11 1.59898e-09 1.02335e-07 3.86179e-06 8.59299e-05 0.00112745 0.00872355 0.0398255 0.107565 0.174217 0.180237 0.148241 0.129847 0.106689 0.0631825 0.0265227 0.00931753 0.00311491 0.000955115 0.00026271 6.5035e-05 1.39901e-05 2.50543e-06 3.60155e-07 4.03473e-08
 1.43569e-11 1.5583e-09 9.97312e-08 3.76355e-06 8.37438e-05 0.00109877 0.00850174 0.0388152 0.104868 0.170101 0.177161 0.148719 0.133598 0.110873 0.0655383 0.0271606 0.00929147 0.00300392 0.000885036 0.000230416 5.34139e-05 1.0818e-05 1.86665e-06 2.6564e-07 2.98597e-08
 1.46221e-11 1.58709e-09 1.01573e-07 3.83306e-06 8.52906e-05 0.00111906 0.00865867 0.0395297 0.106772 0.172974 0.179148 0.147862 0.130159 0.107416 0.0641485 0.0274929 0.00995979 0.00335942 0.000992416 0.000251675 5.59206e-05 1.07187e-05 1.73486e-06 2.32699e-07 2.51353e-08
 1.39385e-11 1.51289e-09 9.68248e-08 3.65387e-06 8.13034e-05 0.00106675 0.00825409 0.0376867 0.101849 0.165446 0.17344 0.148463 0.13657 0.114701 0.0684155 0.0289066 0.0102552 0.00345271 0.00105185 0.00027878 6.34112e-05 1.20202e-05 1.87318e-06 2.38e-07 2.41878e-08
 1.42107e-11 1.54244e-09 9.87159e-08 3.72523e-06 8.28913e-05 0.00108759 0.00841523 0.0384209 0.103813 0.168471 0.175844 0.148584 0.134566 0.112166 0.0665666 0.0278379 0.00968399 0.00318524 0.000950384 0.000249398 5.75098e-05 1.12509e-05 1.79734e-06 2.27971e-07 2.24859e-08
#obs catch len freq
 9.79609e-12 1.06327e-09 6.80494e-08 2.56798e-06 5.71412e-05 0.00074975 0.00580201 0.0265072 0.0718465 0.118302 0.131047 0.129356 0.139647 0.135431 0.104843 0.0691933 0.039456 0.0183708 0.00683086 0.00201335 0.000457589 7.73338e-05 9.38641e-06 7.92017e-07 4.51322e-08
 1.00212e-11 1.08771e-09 6.96134e-08 2.627e-06 5.84546e-05 0.000766987 0.00593551 0.027119 0.0735215 0.121125 0.134168 0.131629 0.140123 0.134114 0.102642 0.0666949 0.0371659 0.0167972 0.00601571 0.00169259 0.000364208 5.78712e-05 6.5666e-06 5.15628e-07 2.72419e-08
 7.09461e-12 7.70053e-10 4.92834e-08 1.85981e-06 4.1384e-05 0.000543036 0.00420362 0.0192325 0.0524765 0.0889656 0.109318 0.131322 0.161163 0.160221 0.122778 0.0789138 0.0431034 0.0189636 0.00656336 0.00176874 0.000361206 5.4017e-05 5.72839e-06 4.18155e-07 2.04583e-08
 1.74805e-11 1.89734e-09 1.2143e-07 4.58238e-06 0.000101964 0.00133781 0.0103504 0.0472341 0.127301 0.203834 0.199362 0.133743 0.0843851 0.0648299 0.0527129 0.0382891 0.0222735 0.00985298 0.00332971 0.000863051 0.000167803 2.36884e-05 2.35364e-06 1.59977e-07 7.25317e-09
 7.47228e-12 8.11046e-10 5.19069e-08 1.95882e-06 4.35879e-05 0.000571993 0.00442909 0.0202899 0.055659 0.0963252 0.125344 0.160518 0.193436 0.170118 0.10059 0.0443016 0.0179064 0.00716929 0.0024894 0.000660743 0.000126751 1.71582e-05 1.60849e-06 1.0221e-07 4.30692e-09
 1.32252e-11 1.43547e-09 9.18702e-08 3.4669e-06 7.71434e-05 0.00101219 0.00783225 0.0357649 0.0966618 0.156715 0.161493 0.128949 0.110458 0.104473 0.0900588 0.0620671 0.0307596 0.0104859 0.00258271 0.000510556 8.43252e-05 1.07973e-05 9.77763e-07 5.93957e-08 2.35864e-09
 1.11989e-11 1.21554e-09 7.77942e-08 2.93573e-06 6.53251e-05 0.000857176 0.00663474 0.0303362 0.0824608 0.13698 0.154364 0.151328 0.15025 0.12669 0.0815561 0.0441223 0.0218136 0.00906141 0.00278725 0.000593471 8.65177e-05 8.85186e-06 6.52836e-07 3.44651e-08 1.25125e-09
 1.58891e-11 1.72461e-09 1.10375e-07 4.16522e-06 9.26822e-05 0.00121607 0.00940994 0.0429684 0.1161 0.187851 0.191229 0.144565 0.108051 0.084119 0.058205 0.0335361 0.0153841 0.00541752 0.00148093 0.000315021 4.94432e-05 5.3512e-06 3.83678e-07 1.8012e-08 5.54917e-10
 1.29526e-11 1.40588e-09 8.99762e-08 3.39544e-06 7.55547e-05 0.00099141 0.00767376 0.035084 0.0952938 0.157529 0.173371 0.158735 0.144008 0.112554 0.0662407 0.030774 0.0122496 0.00409769 0.00107444 0.000210687 3.01045e-05 3.06364e-06 2.15407e-07 1.00985e-08 3.06089e-10
 1.38217e-11 1.50022e-09 9.60137e-08 3.62328e-06 8.06242e-05 0.00105792 0.00818794 0.0374216 0.101474 0.16649 0.178004 0.151956 0.129609 0.103473 0.0674483 0.0351337 0.0142362 0.00428568 0.000954168 0.000160836 2.04726e-05 1.89384e-06 1.21847e-07 5.27586e-09 1.50068e-10
 1.38503e-11 1.50333e-09 9.62128e-08 3.6308e-06 8.07919e-05 0.00106014 0.00820577 0.0375135 0.101821 0.167585 0.180671 0.155969 0.132154 0.10191 0.063203 0.0317308 0.0129272 0.00405668 0.000934882 0.000154168 1.79077e-05 1.45122e-06 8.13776e-08 3.112e-09 7.93961e-11
 1.25926e-11 1.36681e-09 8.74756e-08 3.30109e-06 7.34564e-05 0.000963936 0.00746269 0.0341437 0.092956 0.154682 0.172572 0.159609 0.143564 0.1126 0.0692974 0.0338933 0.0132056 0.00394004 0.000873579 0.000141287 1.6223e-05 1.28064e-06 6.7732e-08 2.36018e-09 5.35957e-11
 1.39458e-11 1.51369e-09 9.6876e-08 3.65583e-06 8.13498e-05 0.00106749 0.00826354 0.0377894 0.102658 0.169265 0.182674 0.156332 0.129911 0.0998185 0.0630764 0.0319175 0.0125544 0.00367209 0.000781553 0.000119957 1.30521e-05 9.81593e-07 4.9728e-08 1.65881e-09 3.57455e-11
 1.33974e-11 1.45416e-09 9.30667e-08 3.51209e-06 7.81525e-05 0.00102559 0.00794078 0.0363395 0.0989706 0.164582 0.181991 0.162581 0.138134 0.103107 0.0611953 0.0290501 0.0110159 0.00319283 0.000678299 0.000102638 1.07922e-05 7.71412e-07 3.68023e-08 1.15285e-09 2.33479e-11
 1.13121e-11 1.22783e-09 7.85813e-08 2.96548e-06 6.59914e-05 0.000866114 0.00670911 0.030755 0.0842695 0.143043 0.167721 0.166587 0.155004 0.120727 0.0729734 0.0344672 0.0125838 0.00343118 0.000683965 9.82466e-05 9.92675e-06 6.84327e-07 3.13265e-08 9.32862e-10 1.77968e-11
 9.23774e-12 1.00267e-09 6.41715e-08 2.42172e-06 5.38936e-05 0.000707457 0.00548345 0.0251902 0.0695299 0.120838 0.150616 0.164771 0.166564 0.13864 0.0899268 0.0451018 0.0169458 0.0046047 0.00089062 0.000121467 1.15012e-05 7.4082e-07 3.17974e-08 8.91998e-10 1.60702e-11
 1.21641e-11 1.3203e-09 8.44996e-08 3.18883e-06 7.09615e-05 0.00093133 0.00721345 0.0330456 0.0902665 0.151237 0.169817 0.155309 0.137747 0.113203 0.077484 0.041465 0.0164617 0.00467448 0.000930299 0.000127531 1.1822e-05 7.28672e-07 2.94454e-08 7.70332e-10 1.28923e-11
 1.18282e-11 1.28384e-09 8.21667e-08 3.10083e-06 6.90065e-05 0.000905812 0.00701942 0.0322119 0.0884778 0.150733 0.176175 0.169523 0.14895 0.110883 0.0662341 0.0320694 0.0123368 0.00356254 0.000732513 0.000103231 9.70179e-06 5.96111e-07 2.35933e-08 5.94496e-10 9.44576e-12
 1.25221e-11 1.35916e-09 8.69873e-08 3.28276e-06 7.30554e-05 0.00095896 0.00743098 0.034091 0.093507 0.158356 0.181555 0.168334 0.143529 0.106348 0.0631537 0.0291812 0.010235 0.00266426 0.000505973 6.82745e-05 6.30743e-06 3.85012e-07 1.51217e-08 3.75364e-10 5.81831e-12
 1.18241e-11 1.2834e-09 8.2139e-08 3.09985e-06 6.89886e-05 0.000905732 0.00702229 0.0322696 0.0889529 0.152747 0.180674 0.174564 0.151099 0.109487 0.0624555 0.0276832 0.00931201 0.00229599 0.000404231 4.9819e-05 4.2094e-06 2.38289e-07 8.82896e-09 2.09572e-10 3.13049e-12
 1.2237e-11 1.32822e-09 8.50077e-08 3.20813e-06 7.13995e-05 0.000937414 0.0072683 0.0333997 0.0920135 0.157465 0.183991 0.173461 0.147021 0.106161 0.0606762 0.0265357 0.00860867 0.00201344 0.000332944 3.82205e-05 2.98102e-06 1.54574e-07 5.22858e-09 1.13549e-10 1.56163e-12
 1.30223e-11 1.41346e-09 9.04633e-08 3.41404e-06 7.59834e-05 0.000997633 0.00773566 0.0355473 0.0978726 0.166894 0.1923 0.17514 0.141336 0.0972991 0.0533205 0.0225056 0.00708281 0.00160408 0.000254326 2.762e-05 2.01359e-06 9.6729e-08 3.01198e-09 5.99355e-11 7.52936e-13
 1.23314e-11 1.33847e-09 8.56644e-08 3.23303e-06 7.1961e-05 0.000945057 0.00733326 0.0337673 0.0934977 0.161741 0.19196 0.1814 0.148386 0.0999443 0.0523291 0.0208725 0.0061983 0.00132839 0.000199852 2.05966e-05 1.42025e-06 6.41499e-08 1.86514e-09 3.44278e-11 3.99031e-13
 1.30618e-11 1.41775e-09 9.07391e-08 3.42457e-06 7.62249e-05 0.00100105 0.00776713 0.0357483 0.0987793 0.169604 0.197087 0.17934 0.14176 0.0941206 0.0489171 0.0191011 0.00543086 0.00109492 0.000153567 1.4722e-05 9.45491e-07 3.98427e-08 1.08138e-09 1.86163e-11 2.00814e-13
 1.23288e-11 1.3382e-09 8.56487e-08 3.2326e-06 7.19611e-05 0.000945388 0.00734233 0.0338814 0.0942607 0.164506 0.197223 0.185945 0.14831 0.0959448 0.0477546 0.0178479 0.0048796 0.000945378 0.000126339 1.14011e-05 6.8203e-07 2.66004e-08 6.66513e-10 1.05916e-11 1.05553e-13
 1.24375e-11 1.35e-09 8.64049e-08 3.26122e-06 7.26021e-05 0.000953929 0.0074106 0.0342126 0.095236 0.166152 0.198391 0.185369 0.14688 0.0951237 0.047293 0.0173691 0.00457493 0.000842797 0.000106493 9.0647e-06 5.10045e-07 1.86268e-08 4.34638e-10 6.39896e-12 5.88477e-14
 1.11232e-11 1.20736e-09 7.72779e-08 2.91701e-06 6.49557e-05 0.000854037 0.00664643 0.0308276 0.0868228 0.155596 0.195164 0.193056 0.157527 0.101365 0.0491636 0.0175318 0.00447729 0.000795925 9.61866e-05 7.75209e-06 4.09658e-07 1.39787e-08 3.0387e-10 4.15945e-12 3.54984e-14
 1.1242e-11 1.22027e-09 7.81054e-08 2.94833e-06 6.56576e-05 0.000863374 0.00672044 0.0311758 0.0877579 0.15678 0.195011 0.190979 0.155946 0.101741 0.0499533 0.0177339 0.00441996 0.000756128 8.72469e-05 6.68085e-06 3.33918e-07 1.07235e-08 2.18295e-10 2.78584e-12 2.20902e-14
#spawning biomass
 12165.7 11769.5 10970.7 15041.5 19390 19342.6 23143.5 31396.2 46945.2 60822.9 77778.4 94715.6 116897 126498 154463 128371 101845 101911 107296 101010 95128.8 114331 124918 133963 130217 139016 137605 112828 105914 193337 215096 211178 193604 171566 150376 132388 118192 107505 99719 94176.6 90298.2 87617.4 85768.6 84487.8 83639.8 83078.3 82706.6 82460.5 82297.5 82189.6 82118.2 82070.9 82039.6 82018.9 82005.1 81996 81990 81986 81983.4 81981.7 81980.5 81979.7 81979.2 81978.9 81978.7 81978.5 81978.4 81978.4 81978.3 81978.3 81978.3 81978.3 81978.3 81978.2 81978.2 81978.2 81978.2 81978.2 81978.2 81978.2 81978.2 81978.2 81978.2 81978.2 81978.2 81978.2 81978.2 81978.2 81978.2 81978.2 81978.2 81978.2 81978.2 81978.2 81978.2 81978.2 81978.2 81978.2 81978.2 81978.2 81978.2 81978.2 81978.2 81978.2 81978.2 81978.2 81978.2 81978.2 81978.2 81978.2 81978.2 81978.2 81978.2 81978.2 81978.2 81978.2 81978.2 81978.2 81978.2 81978.2 81978.2 81978.2 81978.2 81978.2 81978.2 81978.2 81978.2 81978.2 0 0 0 0 0 0 0 0 0 0 0 0 0 0 0 0 0 0 0 0 0 0 0 0 0
