SBPRF35
0.256306
Curr Bio
95191.9
B35
195471
F35
0.471818
FOFL
0.144069
OFL
9954
Bzero
73230.3
#pred survey bio
 5383.82 5935.42 8736.25 10949.9 14397.9 21187.1 24380.3 29414.3 44532.1 61476 81805.5 124114 170326 164864 163095 158693 159332 153779 144698 150404 166011 166730 162016 194691 192528 194695 178141 156172 4.44191e+06 2.9568e+06 2.2708e+06 1.63356e+06 1.22713e+06 999613 879391 817046 784484 767045 757363 751767 748405 746317 744986 744117 743548 743171 742920 742751 742638 742562 742510 742476 742452 742436 742426 742418 742413 742410 742408 742406 742405 742405 742404 742404 742404 742403 742403 742403 742403 742403 742403 742403 742403 742403 742403 742403 742403 742403 742403 742403 742403 742403 742403 742403 742403 742403 742403 742403 742403 742403 742403 742403 742403 742403 742403 742403 742403 742403 742403 742403 742403 742403 742403 742403 742403 742403 742403 742403 742403 742403 742403 742403 742403 742403 742403 742403 742403 742403 742403 742403 742403 742403 742403 742403 742403 742403 742403 742403 0 0 0 0 0 0 0 0 0 0 0 0 0 0 0 0 0 0 0 0 0 0 0 0 0
#obs survey bio
 4863.42 8446.8 9377.16 15732.4 14581.4 25567.1 26787.6 31931.6 55729.6 54657.9 85503.3 174914 176491 170855 168745 137116 146965 142541 147350 131977 178950 122851 155695 187416 254378 132039 151116 157425
#pred catch bio
 3043.85 3063.35 4848.2 6204.21 7187.62 12325.5 14442.8 15835 24885.8 35576.6 43001.2 62896.9 103792 94614.6 94866.6 95579.3 96219.6 92288.4 83940.5 85827 97312.1 100518 83475.9 111768 103972 111151 103877 104652 9954 40582.4 30827.9 20975.5 14953.1 11781.8 10238 9521.64 9199.24 9057.07 8995.22 8968.57 8957.15 8952.28 8950.21 8949.33 8948.96 8948.81 8948.74 8948.71 8948.7 8948.7 8948.69 8948.69 8948.69 8948.69 8948.69 8948.69 8948.69 8948.69 8948.69 8948.69 8948.69 8948.69 8948.69 8948.69 8948.69 8948.69 8948.69 8948.69 8948.69 8948.69 8948.69 8948.69 8948.69 8948.69 8948.69 8948.69 8948.69 8948.69 8948.69 8948.69 8948.69 8948.69 8948.69 8948.69 8948.69 8948.69 8948.69 8948.69 8948.69 8948.69 8948.69 8948.69 8948.69 8948.69 8948.69 8948.69 8948.69 8948.69 8948.69 8948.69 8948.69 8948.69 8948.69 8948.69 8948.69 8948.69 8948.69 8948.69 8948.69 8948.69 8948.69 8948.69 8948.69 8948.69 8948.69 8948.69 8948.69 8948.69 8948.69 8948.69 8948.69 8948.69 8948.69 8948.69 8948.69 8948.69 8948.69 8948.69 0 0 0 0 0 0 0 0 0 0 0 0 0 0 0 0 0 0 0 0 0 0 0 0 0
#obs catch bio
 2545.09 2947.23 4518.73 5666.51 6755.98 11943.2 14483.9 15744.9 23455.9 35233.7 43285.3 57317.5 96604.9 90929.2 99348.5 103372 104175 94237.2 86325.2 89625.9 95743 104553 81387.1 113829 94969.1 111221 108145 108451
#pred cpue bio
 4327.85 4021.06 5899.62 7543.01 9664.96 14510.6 16818.2 19816.2 29459.9 41222.3 54483.7 82904.9 118576 116590 117981 114000 111383 109321 103686 106179 116352 118914 114532 138891 138984 143395 131335 115430 3.07006e+06 2.71792e+06 2.16272e+06 1.53265e+06 1.12651e+06 899007 778786 716441 683878 666440 656757 651161 647799 645712 644380 643511 642942 642565 642314 642146 642033 641956 641905 641870 641847 641831 641820 641813 641808 641804 641802 641801 641800 641799 641799 641798 641798 641798 641798 641798 641798 641798 641798 641798 641798 641798 641798 641798 641798 641798 641798 641798 641798 641798 641798 641798 641798 641798 641798 641798 641798 641798 641798 641798 641798 641798 641798 641798 641798 641798 641798 641798 641798 641798 641798 641798 641798 641798 641798 641798 641798 641798 641798 641798 641798 641798 641798 641798 641798 641798 641798 641798 641798 641798 641798 641798 641798 641798 641798 641798 0 0 0 0 0 0 0 0 0 0 0 0 0 0 0 0 0 0 0 0 0 0 0 0 0
#obs cpue bio
 2989.03 4069.45 7187.89 8475.91 10140.9 13906.5 13858.6 18102.9 35426.6 41587.3 47944.2 114085 144189 116979 79168.1 96725.1 88247.8 121186 86872.9 98957.5 133902 124733 138342 134184 187546 166959 120835 111983
#pred surv len freq
 3.71505e-11 1.74738e-09 5.69111e-08 1.28349e-06 2.00435e-05 0.000216742 0.00162295 0.00841545 0.0302225 0.0752239 0.130102 0.15796 0.13986 0.101747 0.0757812 0.063045 0.0514766 0.0393217 0.0299053 0.0235928 0.0195015 0.0169998 0.0149693 0.0120378 0.00797643
 4.60043e-11 2.16382e-09 7.04743e-08 1.58937e-06 2.48203e-05 0.000268396 0.00200972 0.0104207 0.0374202 0.0931021 0.160769 0.193995 0.167862 0.113615 0.0731944 0.0520965 0.0367425 0.0229055 0.013223 0.0078681 0.00507897 0.0035776 0.00267421 0.00193805 0.00121295
 4.46809e-11 2.10158e-09 6.84469e-08 1.54365e-06 2.41063e-05 0.000260675 0.00195191 0.0101211 0.0363464 0.0904499 0.156323 0.18926 0.165805 0.11662 0.0808673 0.060983 0.0429218 0.024978 0.0123272 0.00567577 0.00261021 0.00124756 0.000653148 0.000370075 0.000201644
 4.32875e-11 2.03603e-09 6.63123e-08 1.49551e-06 2.33545e-05 0.000252546 0.00189105 0.00980558 0.0352144 0.0876444 0.151552 0.183854 0.162265 0.116714 0.0843336 0.0659499 0.0474436 0.0281651 0.014172 0.00646132 0.00270524 0.00102068 0.000357361 0.000126356 4.73073e-05
 4.51087e-11 2.1217e-09 6.91023e-08 1.55843e-06 2.43371e-05 0.000263171 0.0019706 0.010218 0.0366936 0.0913086 0.15777 0.190838 0.16663 0.116027 0.0790458 0.0590005 0.0419037 0.0251409 0.0129946 0.00612724 0.00262869 0.000985043 0.000316859 8.86063e-05 2.22534e-05
 4.37723e-11 2.05884e-09 6.7055e-08 1.51226e-06 2.36161e-05 0.000255374 0.00191222 0.00991534 0.0356081 0.0886191 0.153203 0.18569 0.163353 0.116367 0.08268 0.0638696 0.0458801 0.0274591 0.0140863 0.00662259 0.00286972 0.00109917 0.000361218 0.00010037 2.32745e-05
 4.32234e-11 2.03302e-09 6.62142e-08 1.49329e-06 2.33199e-05 0.000252172 0.00188825 0.00979107 0.0351623 0.087515 0.15133 0.183592 0.162059 0.116621 0.0843451 0.0660325 0.0475808 0.0283528 0.0143911 0.00666613 0.00284556 0.00107718 0.000352133 9.80928e-05 2.2829e-05
 4.48213e-11 2.10818e-09 6.86621e-08 1.5485e-06 2.41821e-05 0.000261495 0.00195805 0.0101529 0.0364603 0.0907311 0.156793 0.189754 0.165998 0.116261 0.0800594 0.060242 0.0427882 0.0254882 0.0130055 0.00605274 0.00258068 0.000968918 0.000312702 8.59544e-05 1.98027e-05
 4.59156e-11 2.15965e-09 7.03384e-08 1.58631e-06 2.47724e-05 0.000267879 0.00200585 0.0104007 0.0373492 0.0929342 0.160539 0.193999 0.168776 0.116189 0.0773737 0.0564725 0.0395059 0.0233268 0.0118005 0.00545465 0.00232305 0.000875603 0.000283861 7.80778e-05 1.79029e-05
 4.49186e-11 2.11276e-09 6.88112e-08 1.55186e-06 2.42346e-05 0.000262062 0.0019623 0.0101749 0.0365396 0.0909296 0.157144 0.190216 0.166519 0.116856 0.080689 0.0606289 0.0425936 0.0247183 0.0120611 0.00533296 0.00219181 0.000808526 0.000259124 7.09268e-05 1.62491e-05
 4.53903e-11 2.13494e-09 6.95337e-08 1.56816e-06 2.4489e-05 0.000264814 0.0019829 0.0102817 0.0369227 0.0918782 0.158752 0.192012 0.167609 0.116591 0.0792012 0.0587519 0.0411972 0.024073 0.0118915 0.00530322 0.0021641 0.00077837 0.000240693 6.36304e-05 1.42082e-05
 4.52807e-11 2.12979e-09 6.93659e-08 1.56437e-06 2.44299e-05 0.000264175 0.00197812 0.0102569 0.0368336 0.0916567 0.158371 0.19156 0.167241 0.1164 0.0791814 0.0588812 0.041474 0.0244596 0.0122834 0.00559784 0.00233207 0.000852153 0.000265544 6.98752e-05 1.53296e-05
 4.2588e-11 2.00314e-09 6.52409e-08 1.47134e-06 2.29772e-05 0.000248466 0.00186049 0.00964719 0.0346462 0.0862359 0.149156 0.18113 0.160456 0.116685 0.0859392 0.0682571 0.0495089 0.0296097 0.0150748 0.00698582 0.00296364 0.00110431 0.000351427 9.43103e-05 2.09827e-05
 4.1486e-11 1.9513e-09 6.35526e-08 1.43327e-06 2.23826e-05 0.000242036 0.00181235 0.00939764 0.0337509 0.0840169 0.145382 0.176851 0.157643 0.116723 0.0885916 0.0720006 0.0527856 0.0317933 0.0163253 0.00763858 0.0032686 0.001228 0.000394768 0.000107354 2.42646e-05
 4.00164e-11 1.88218e-09 6.13014e-08 1.3825e-06 2.15897e-05 0.000233462 0.00174816 0.00906484 0.0325568 0.0810546 0.140327 0.171037 0.153544 0.116007 0.0910203 0.0760636 0.0570127 0.0354216 0.0190534 0.00937058 0.00416096 0.00160061 0.000523256 0.000144278 3.30207e-05
 4.07817e-11 1.91818e-09 6.24737e-08 1.40894e-06 2.20026e-05 0.000237927 0.00178159 0.00923812 0.0331782 0.0825927 0.142928 0.173917 0.155201 0.115323 0.0882104 0.0726019 0.0544865 0.0343764 0.0190344 0.00972237 0.0044999 0.00180922 0.000618183 0.000177066 4.16963e-05
 4.26326e-11 2.00524e-09 6.53092e-08 1.47289e-06 2.30012e-05 0.000248726 0.00186244 0.00965727 0.034682 0.0863217 0.149281 0.181174 0.160147 0.115747 0.0844514 0.0668727 0.0490086 0.0301772 0.0162194 0.00810116 0.00374435 0.00153543 0.000542745 0.000161914 3.9746e-05
 4.11315e-11 1.93463e-09 6.30096e-08 1.42102e-06 2.21913e-05 0.000239968 0.00179687 0.00931737 0.033463 0.0833032 0.144168 0.175474 0.156737 0.116729 0.0894195 0.0731368 0.0537179 0.0323626 0.0166672 0.00790385 0.00349232 0.00138661 0.000481731 0.000143785 3.59083e-05
 4.07186e-11 1.91521e-09 6.2377e-08 1.40676e-06 2.19685e-05 0.000237559 0.00177883 0.00922384 0.0331272 0.0824689 0.142735 0.173778 0.155385 0.11609 0.089484 0.0738038 0.0549346 0.0339137 0.0180912 0.00882596 0.00390562 0.00151046 0.000503548 0.000144343 3.50371e-05
 4.19948e-11 1.97523e-09 6.43321e-08 1.45085e-06 2.26571e-05 0.000245004 0.00183458 0.00951282 0.0341638 0.0850363 0.14709 0.178663 0.15841 0.115531 0.0856548 0.0687963 0.0509508 0.0317661 0.0173211 0.00870679 0.00397864 0.0015849 0.000538679 0.000154526 3.68309e-05
 4.23924e-11 1.99394e-09 6.49413e-08 1.46459e-06 2.28716e-05 0.000247324 0.00185195 0.00960288 0.034487 0.0858388 0.148464 0.180265 0.159613 0.115929 0.0852855 0.0679161 0.0497879 0.0305278 0.0162684 0.00803287 0.00366662 0.00148409 0.000517928 0.000152865 3.72724e-05
 4.09748e-11 1.92726e-09 6.27696e-08 1.41561e-06 2.21068e-05 0.000239054 0.00179002 0.00928188 0.0333356 0.0829864 0.143623 0.174826 0.156207 0.116449 0.0893872 0.0733325 0.0541479 0.0329585 0.0172479 0.00830903 0.00369879 0.00146551 0.000504837 0.000148962 3.67623e-05
 4.17666e-11 1.9645e-09 6.39826e-08 1.44297e-06 2.2534e-05 0.000243673 0.00182461 0.00946117 0.0339786 0.0845786 0.14632 0.177832 0.158007 0.115935 0.0867837 0.0700783 0.0517549 0.0319028 0.0170486 0.00836171 0.00373474 0.00146184 0.00049284 0.00014213 3.44677e-05
 4.12948e-11 1.94231e-09 6.32598e-08 1.42667e-06 2.22794e-05 0.000240921 0.001804 0.00935431 0.033595 0.083626 0.144687 0.175916 0.156531 0.115351 0.0870409 0.0709155 0.0529726 0.0333192 0.0183858 0.00935973 0.00432386 0.00174018 0.000598221 0.000173736 4.1891e-05
 4.02541e-11 1.89336e-09 6.16655e-08 1.39071e-06 2.17179e-05 0.000234849 0.00175854 0.00911866 0.0327498 0.0815327 0.141138 0.171945 0.154101 0.115882 0.0902513 0.0750085 0.0560736 0.0348224 0.0188392 0.00946138 0.00438626 0.00180036 0.000636703 0.000190294 4.69499e-05
 3.89043e-11 1.82987e-09 5.95977e-08 1.34408e-06 2.09897e-05 0.000226974 0.00169958 0.00881298 0.0316529 0.0788109 0.136488 0.166574 0.150236 0.115005 0.09217 0.0784954 0.0599556 0.038399 0.0216532 0.0112631 0.00529981 0.00217652 0.000769635 0.000231939 5.82379e-05
 3.8945e-11 1.83179e-09 5.96601e-08 1.34548e-06 2.10117e-05 0.000227212 0.00170136 0.00882219 0.0316858 0.0788916 0.136619 0.166688 0.150196 0.114681 0.0915833 0.0778824 0.0596108 0.0384411 0.0219847 0.0116934 0.00566372 0.00240027 0.00087192 0.000267342 6.7768e-05
 3.86799e-11 1.81932e-09 5.9254e-08 1.33633e-06 2.08686e-05 0.000225665 0.00168978 0.00876217 0.0314705 0.0783587 0.135717 0.165687 0.149612 0.114894 0.0925095 0.079005 0.0603852 0.0387119 0.0219638 0.0116321 0.00565875 0.00243255 0.000903747 0.000284618 7.40521e-05
#obs surv len freq
 4.08535e-11 1.92155e-09 6.25837e-08 1.41142e-06 2.20414e-05 0.000238346 0.00178472 0.0092544 0.0332369 0.0827402 0.143194 0.174289 0.155685 0.115982 0.0889929 0.0731536 0.0543811 0.0335943 0.0180178 0.00892987 0.0040717 0.0016429 0.000573868 0.000171195 4.27157e-05
 4.92367e-11 2.31586e-09 7.54259e-08 1.70105e-06 2.65643e-05 0.000287254 0.00215092 0.0111527 0.0400469 0.0996169 0.171882 0.206759 0.176812 0.115101 0.0679628 0.043977 0.0293827 0.017576 0.0093348 0.00460311 0.00208915 0.000838498 0.000291067 8.62274e-05 2.13533e-05
 4.15346e-11 1.95359e-09 6.36271e-08 1.43495e-06 2.24088e-05 0.00024232 0.00181448 0.00940872 0.0337915 0.0841242 0.145612 0.177341 0.158743 0.118868 0.0915626 0.0743768 0.0529207 0.0295599 0.0132475 0.00526098 0.00201764 0.000743797 0.000249929 7.31115e-05 1.79705e-05
 4.72905e-11 2.22432e-09 7.24445e-08 1.63381e-06 2.55142e-05 0.0002759 0.0020659 0.010712 0.038466 0.0956999 0.165229 0.199255 0.172019 0.115561 0.0732479 0.0511868 0.0354832 0.0213318 0.01111 0.0051882 0.00212778 0.000734888 0.000213198 5.35294e-05 1.18082e-05
 4.4667e-11 2.10092e-09 6.84256e-08 1.54317e-06 2.40988e-05 0.000260594 0.00195131 0.010118 0.0363357 0.0904259 0.156302 0.189333 0.166182 0.117535 0.0822569 0.062269 0.0434143 0.0245388 0.0114098 0.00477076 0.00189322 0.000690155 0.000218052 5.7383e-05 1.2299e-05
 4.34332e-11 2.04289e-09 6.65356e-08 1.50054e-06 2.34332e-05 0.000253396 0.00189741 0.00983858 0.0353331 0.0879394 0.152062 0.18447 0.1628 0.117071 0.0845185 0.0659373 0.0471653 0.0276449 0.0135738 0.00596044 0.00236889 0.000821531 0.000243782 6.2067e-05 1.34284e-05
 4.30968e-11 2.02706e-09 6.60201e-08 1.48892e-06 2.32516e-05 0.000251433 0.00188272 0.00976239 0.0350596 0.0872603 0.150899 0.183111 0.161772 0.116707 0.0847773 0.066596 0.0480409 0.0286073 0.0144632 0.00662384 0.00275929 0.00100044 0.000306429 7.84907e-05 1.66399e-05
 4.58249e-11 2.15538e-09 7.01994e-08 1.58317e-06 2.47235e-05 0.00026735 0.00200189 0.0103801 0.0372757 0.0927515 0.160228 0.193645 0.16854 0.116182 0.0775786 0.0567758 0.0397901 0.0235361 0.0119288 0.00551506 0.00233874 0.00087198 0.000277272 7.40313e-05 1.62819e-05
 4.68365e-11 2.20296e-09 7.17491e-08 1.61812e-06 2.52693e-05 0.000273251 0.00204607 0.0106092 0.0380977 0.0947906 0.163707 0.197644 0.171352 0.116654 0.0758735 0.0539409 0.0368501 0.0210275 0.0100645 0.00435673 0.00176413 0.00064652 0.000206441 5.61168e-05 1.26798e-05
 4.42132e-11 2.07958e-09 6.77304e-08 1.52749e-06 2.3854e-05 0.000257947 0.00193148 0.0100152 0.035967 0.089512 0.154747 0.187568 0.165016 0.117537 0.0833427 0.0638449 0.0448601 0.0255554 0.0119766 0.00499014 0.00192206 0.000665917 0.000201116 5.2331e-05 1.15561e-05
 4.53095e-11 2.13114e-09 6.94099e-08 1.56537e-06 2.44455e-05 0.000264343 0.00197937 0.0102635 0.0368572 0.0917156 0.158475 0.191699 0.167405 0.116599 0.0794097 0.0590568 0.0414857 0.0242814 0.0119996 0.00532246 0.00213418 0.000742158 0.00021826 5.4265e-05 1.13727e-05
 4.54844e-11 2.13937e-09 6.96778e-08 1.57141e-06 2.45398e-05 0.000265363 0.00198701 0.0103031 0.0369994 0.0920687 0.159081 0.192411 0.167956 0.116821 0.0793078 0.0586994 0.0409312 0.0236391 0.0114561 0.00500879 0.00202268 0.000725411 0.000222387 5.71444e-05 1.20973e-05
 4.3261e-11 2.03479e-09 6.62718e-08 1.4946e-06 2.33403e-05 0.000252392 0.00188989 0.0097996 0.0351933 0.0875937 0.15148 0.183836 0.162473 0.117323 0.0852787 0.0667862 0.0476583 0.0276887 0.013408 0.00582848 0.00232953 0.000825974 0.000251792 6.51513e-05 1.40714e-05
 4.02689e-11 1.89406e-09 6.16882e-08 1.39122e-06 2.1726e-05 0.000234936 0.00175919 0.00912206 0.0327625 0.0815681 0.141226 0.172179 0.154712 0.117155 0.0920972 0.0766525 0.056565 0.0339397 0.0172111 0.00787899 0.00326657 0.00117619 0.000358897 9.23399e-05 1.98269e-05
 3.75304e-11 1.76525e-09 5.74929e-08 1.29661e-06 2.02485e-05 0.000218959 0.00163956 0.0085019 0.0305373 0.0760494 0.131816 0.161393 0.147233 0.116169 0.0971205 0.084624 0.0644651 0.0403328 0.0218028 0.0107465 0.00475467 0.00180744 0.000577987 0.000154219 3.38457e-05
 4.19564e-11 1.97342e-09 6.42732e-08 1.44952e-06 2.26364e-05 0.00024478 0.0018329 0.00950409 0.0341323 0.0849555 0.146935 0.178406 0.157964 0.114764 0.0846305 0.0679745 0.0508814 0.0325164 0.0184129 0.00961959 0.00452173 0.00183287 0.000627255 0.000178598 4.1448e-05
 4.12018e-11 1.93794e-09 6.31173e-08 1.42345e-06 2.22293e-05 0.000240378 0.00179994 0.00933329 0.0335202 0.083444 0.144404 0.175721 0.156832 0.116535 0.0889545 0.0725919 0.0533267 0.0322418 0.016791 0.00816131 0.00374915 0.00155703 0.000560948 0.000169924 4.20279e-05
 3.99532e-11 1.87921e-09 6.12046e-08 1.38032e-06 2.15556e-05 0.000233094 0.0017454 0.00905055 0.0325057 0.0809284 0.140117 0.170821 0.153478 0.116217 0.0914674 0.0765067 0.0571882 0.0352855 0.018789 0.00917464 0.00409337 0.00161386 0.000555178 0.000165395 4.16043e-05
 4.00703e-11 1.88472e-09 6.13839e-08 1.38436e-06 2.16188e-05 0.000233777 0.00175051 0.00907704 0.0326006 0.0811618 0.140502 0.171201 0.153536 0.11568 0.0904054 0.07543 0.0566803 0.035493 0.0193859 0.00975636 0.00446542 0.00178507 0.000611465 0.00017797 4.33709e-05
 4.28486e-11 2.01539e-09 6.56399e-08 1.48035e-06 2.31177e-05 0.000249985 0.00187187 0.00970615 0.0348574 0.0867551 0.150011 0.181969 0.160561 0.115437 0.0834966 0.0657825 0.0483301 0.030054 0.0164018 0.0083026 0.00385553 0.00157586 0.000553326 0.000164193 4.03109e-05
 4.16397e-11 1.95853e-09 6.37881e-08 1.43858e-06 2.24655e-05 0.000242933 0.00181907 0.00943244 0.0338759 0.0843259 0.145905 0.177432 0.157984 0.116599 0.0880277 0.0712491 0.0521354 0.0314049 0.016224 0.00775718 0.003476 0.00140407 0.000495163 0.00014901 3.72623e-05
 4.08575e-11 1.92174e-09 6.25898e-08 1.41156e-06 2.20435e-05 0.000238369 0.0017849 0.00925531 0.0332403 0.0827493 0.143215 0.174341 0.155812 0.116245 0.0893777 0.0735134 0.0545261 0.0334598 0.0176973 0.00857358 0.00379134 0.00147641 0.000498717 0.000145302 3.58144e-05
 4.15738e-11 1.95543e-09 6.36871e-08 1.4363e-06 2.243e-05 0.000242548 0.00181619 0.00941749 0.033822 0.0841897 0.145655 0.177062 0.157445 0.115787 0.0870195 0.0705253 0.0522582 0.0323857 0.0174682 0.00867775 0.00393022 0.00155735 0.000528469 0.000152029 3.65078e-05
 4.09826e-11 1.92762e-09 6.27814e-08 1.41588e-06 2.2111e-05 0.000239099 0.00179036 0.00928362 0.0333418 0.0830005 0.14364 0.174809 0.156075 0.116111 0.088874 0.072874 0.0540179 0.0332123 0.0176923 0.00871391 0.00395863 0.00159167 0.000551385 0.000161699 3.92701e-05
 4.00087e-11 1.88182e-09 6.12895e-08 1.38223e-06 2.15856e-05 0.000233417 0.00174782 0.00906309 0.0325506 0.0810386 0.140297 0.170991 0.153472 0.115888 0.0908519 0.0758879 0.0568973 0.0354136 0.0191599 0.00955559 0.0043561 0.00174671 0.000604168 0.000178069 4.37536e-05
 3.93721e-11 1.85188e-09 6.03144e-08 1.36024e-06 2.12421e-05 0.000229704 0.00172002 0.00891894 0.0320333 0.0797549 0.138104 0.168455 0.151639 0.11545 0.0917116 0.077465 0.0586501 0.0370455 0.0204963 0.0104806 0.0048804 0.00198916 0.000695855 0.000206357 5.08581e-05
 3.73586e-11 1.75717e-09 5.72298e-08 1.29068e-06 2.01558e-05 0.000217957 0.00163206 0.00846297 0.0303974 0.0756998 0.131203 0.160606 0.146404 0.115305 0.0962333 0.0839932 0.0644962 0.0411233 0.0230294 0.0119646 0.00567814 0.00236548 0.000846734 0.000256325 6.41801e-05
 4.02772e-11 1.89445e-09 6.17008e-08 1.39151e-06 2.17304e-05 0.000234984 0.00175955 0.00912384 0.0327679 0.0815717 0.141165 0.171791 0.153369 0.114135 0.0876575 0.0727634 0.0555785 0.0362867 0.021161 0.0114414 0.00558769 0.00237773 0.000868354 0.000268464 6.86709e-05
#pred catch len freq
 3.15302e-11 1.48303e-09 4.83014e-08 1.08932e-06 1.70112e-05 0.000183953 0.00137744 0.00714266 0.0256551 0.0638906 0.11074 0.135583 0.123709 0.0978659 0.083013 0.0756277 0.0640878 0.0498048 0.0383159 0.0304318 0.0252269 0.0220124 0.0193887 0.0155929 0.0103322
 4.18383e-11 1.96787e-09 6.40923e-08 1.44544e-06 2.25726e-05 0.000244091 0.00182774 0.00947731 0.0340356 0.0847116 0.146488 0.177745 0.156993 0.113215 0.0823446 0.065232 0.0482714 0.0306755 0.0179384 0.0107834 0.00700018 0.00494132 0.00369585 0.00267886 0.00167665
 4.06234e-11 1.91073e-09 6.22313e-08 1.40347e-06 2.19172e-05 0.000237004 0.00177468 0.00920234 0.0330505 0.0822824 0.142444 0.173572 0.155668 0.117239 0.0913151 0.0753017 0.0549778 0.0324407 0.0161661 0.00751428 0.00348002 0.00166928 0.000875174 0.000496097 0.000270341
 3.90428e-11 1.83639e-09 5.98099e-08 1.34886e-06 2.10644e-05 0.000227782 0.00170563 0.00884441 0.0317664 0.0790998 0.137031 0.167433 0.151633 0.117307 0.0952003 0.0809247 0.0601748 0.0361873 0.0183794 0.00845253 0.00356059 0.00134776 0.00047262 0.00016724 6.26356e-05
 4.06725e-11 1.91304e-09 6.23065e-08 1.40517e-06 2.19437e-05 0.00023729 0.00177682 0.00921343 0.03309 0.082378 0.142589 0.173658 0.155455 0.116506 0.0901994 0.0744799 0.0551832 0.0336608 0.0175975 0.00838011 0.00361892 0.00136063 0.000438359 0.000122679 3.08241e-05
 3.97573e-11 1.86999e-09 6.09045e-08 1.37355e-06 2.14499e-05 0.000231951 0.00173684 0.0090062 0.0323467 0.0805366 0.139465 0.170148 0.153262 0.116851 0.0928446 0.0779306 0.0578894 0.0351028 0.018175 0.00861634 0.00375475 0.00144225 0.000474573 0.000131948 3.06065e-05
 3.92045e-11 1.84399e-09 6.00576e-08 1.35445e-06 2.11517e-05 0.000228726 0.00171269 0.00888103 0.0318977 0.0794247 0.13758 0.168041 0.15198 0.117155 0.0945922 0.0801711 0.0596185 0.0359654 0.0184174 0.00860096 0.00369219 0.0014017 0.000458824 0.000127893 2.97737e-05
 4.06486e-11 1.91191e-09 6.22698e-08 1.40434e-06 2.19308e-05 0.000237151 0.00177577 0.00920801 0.0330707 0.0823309 0.142515 0.173603 0.155519 0.116782 0.090652 0.0748855 0.0552879 0.0334313 0.0172353 0.00809529 0.00347316 0.00130816 0.000422811 0.000116304 2.68045e-05
 4.21735e-11 1.98364e-09 6.46058e-08 1.45702e-06 2.27535e-05 0.000246047 0.00184239 0.00955332 0.0343094 0.0854012 0.147736 0.179521 0.159398 0.116698 0.0869323 0.0696519 0.0507172 0.0304048 0.0155342 0.00724355 0.00310345 0.00117333 0.000380913 0.000104842 2.4048e-05
 4.11331e-11 1.93471e-09 6.30121e-08 1.42108e-06 2.21922e-05 0.000239978 0.00179694 0.00931777 0.0334647 0.0833099 0.144198 0.175592 0.157102 0.117527 0.090584 0.0741507 0.053965 0.031734 0.0156229 0.00696684 0.0028813 0.00106641 0.000342286 9.37551e-05 2.14862e-05
 4.12561e-11 1.94049e-09 6.32005e-08 1.42533e-06 2.22585e-05 0.000240695 0.00180231 0.0093456 0.0335644 0.0835563 0.144611 0.176032 0.157295 0.117259 0.089917 0.0734511 0.0536239 0.031817 0.0158794 0.00714937 0.00293743 0.00106034 0.00032844 8.68996e-05 1.94123e-05
 4.09593e-11 1.92653e-09 6.27459e-08 1.41507e-06 2.20984e-05 0.000238964 0.00178935 0.00927839 0.0333232 0.0829577 0.143587 0.174844 0.156423 0.117017 0.0902634 0.074144 0.054443 0.0326255 0.016564 0.00762368 0.00319799 0.00117275 0.000366054 9.64014e-05 2.11581e-05
 3.86149e-11 1.81626e-09 5.91545e-08 1.33408e-06 2.08336e-05 0.000225286 0.00168694 0.00874752 0.0314188 0.0782378 0.135562 0.165755 0.150487 0.117201 0.0960533 0.0822242 0.0614157 0.0371568 0.0190773 0.00890934 0.00379986 0.00141977 0.000452385 0.000121478 2.70356e-05
 3.69704e-11 1.73891e-09 5.66351e-08 1.27726e-06 1.99463e-05 0.000215692 0.0016151 0.00837513 0.0300828 0.0749265 0.129931 0.159368 0.146288 0.117254 0.100007 0.0878077 0.0663063 0.0404197 0.0209483 0.00988619 0.00425518 0.00160343 0.000516166 0.000140461 3.17586e-05
 3.53204e-11 1.6613e-09 5.41076e-08 1.22026e-06 1.90561e-05 0.000206066 0.00154303 0.00800147 0.028742 0.0715999 0.12425 0.152817 0.141609 0.116281 0.102489 0.0921632 0.0710193 0.04465 0.0242448 0.0120216 0.00536598 0.00206948 0.00067735 0.000186881 4.2785e-05
 3.63971e-11 1.71194e-09 5.57569e-08 1.25746e-06 1.9637e-05 0.000212347 0.00159006 0.00824525 0.0296162 0.0737641 0.127913 0.156884 0.143985 0.11542 0.0986833 0.0874227 0.0674986 0.0431018 0.0240854 0.0123957 0.00576373 0.00232249 0.000794369 0.000227647 5.36211e-05
 3.85908e-11 1.81513e-09 5.91176e-08 1.33325e-06 2.08206e-05 0.000225146 0.00168589 0.00874203 0.0313987 0.0781841 0.135445 0.165495 0.149885 0.116004 0.0943455 0.080728 0.0610143 0.0380402 0.0206318 0.0103852 0.00482356 0.00198263 0.000701553 0.000209392 5.14126e-05
 3.68132e-11 1.73151e-09 5.63943e-08 1.27183e-06 1.98615e-05 0.000214775 0.00160824 0.00833953 0.0299551 0.0746098 0.129392 0.158754 0.145873 0.117225 0.100315 0.0882217 0.0666105 0.0405821 0.0210839 0.0100803 0.00447877 0.00178323 0.000620291 0.000185246 4.62751e-05
 3.61194e-11 1.69888e-09 5.53315e-08 1.24786e-06 1.94872e-05 0.000210727 0.00157793 0.00818239 0.0293911 0.0732092 0.126991 0.155941 0.143718 0.116408 0.100788 0.089631 0.0686596 0.0429018 0.0231025 0.011364 0.00505546 0.00196032 0.000654335 0.000187683 4.55718e-05
 3.75101e-11 1.76429e-09 5.74619e-08 1.29591e-06 2.02375e-05 0.000218841 0.00163868 0.00849729 0.0305206 0.0760066 0.131734 0.161253 0.146979 0.11572 0.0964979 0.084068 0.0642836 0.040614 0.0223658 0.011336 0.00520672 0.00207927 0.000707518 0.000203074 4.84163e-05
 3.81388e-11 1.79387e-09 5.84251e-08 1.31763e-06 2.05767e-05 0.000222509 0.00166614 0.00863968 0.0310316 0.0772749 0.133903 0.163771 0.148832 0.116241 0.0957604 0.0825538 0.0624411 0.0387753 0.0208592 0.0103844 0.0047649 0.00193354 0.000675548 0.000199492 4.86537e-05
 3.66523e-11 1.72395e-09 5.6148e-08 1.26628e-06 1.97747e-05 0.000213836 0.00160121 0.0083031 0.0298242 0.0742844 0.12883 0.158078 0.145295 0.116862 0.100171 0.0883316 0.067042 0.0412707 0.0217887 0.0105806 0.00473496 0.00188099 0.000648731 0.000191527 4.72796e-05
 3.67362e-11 1.7279e-09 5.62765e-08 1.26917e-06 1.982e-05 0.000214326 0.00160487 0.00832208 0.0298921 0.0744507 0.129099 0.15832 0.145238 0.116263 0.0991176 0.0873592 0.0667501 0.0417375 0.0225512 0.0111669 0.00501836 0.00197025 0.000665176 0.000191964 4.65691e-05
 3.67149e-11 1.72689e-09 5.62438e-08 1.26844e-06 1.98085e-05 0.000214202 0.00160394 0.00831723 0.0298745 0.0744044 0.129003 0.158126 0.144823 0.115467 0.0980034 0.0864159 0.0665677 0.0424183 0.0236385 0.0121323 0.00563268 0.00227238 0.000782044 0.000227247 5.48089e-05
 3.51863e-11 1.655e-09 5.39022e-08 1.21563e-06 1.89838e-05 0.000205284 0.00153717 0.00797111 0.028633 0.0713293 0.123787 0.152277 0.141204 0.116138 0.102561 0.0923 0.0711137 0.0447422 0.0244626 0.0123997 0.00578205 0.00237993 0.000842719 0.000252015 6.21954e-05
 3.39169e-11 1.59529e-09 5.19576e-08 1.17177e-06 1.82989e-05 0.000197878 0.00148172 0.00768362 0.0276012 0.0687681 0.119404 0.147177 0.13741 0.114964 0.103863 0.0951653 0.0747171 0.0484491 0.0275945 0.0144713 0.00684284 0.00281683 0.000997145 0.000300665 7.55152e-05
 3.40782e-11 1.60288e-09 5.22047e-08 1.17735e-06 1.8386e-05 0.000198819 0.00148877 0.00772014 0.0277321 0.0690912 0.119945 0.147748 0.137641 0.114554 0.102862 0.0940199 0.0739519 0.0482777 0.0278827 0.0149483 0.00727396 0.00308941 0.00112336 0.000344603 8.73734e-05
 3.47266e-11 1.63337e-09 5.31979e-08 1.19975e-06 1.87358e-05 0.000202602 0.00151709 0.00786697 0.0282589 0.0703981 0.122175 0.150311 0.139443 0.114854 0.101762 0.0921857 0.072036 0.0466298 0.0266583 0.0142062 0.00693647 0.00298695 0.00111057 0.000349879 9.10476e-05
#obs catch len freq
 3.57086e-11 1.67956e-09 5.47022e-08 1.23367e-06 1.92656e-05 0.000208331 0.00155999 0.00808937 0.0290574 0.0723815 0.12558 0.154325 0.142602 0.116265 0.101524 0.0907374 0.0696558 0.0436434 0.0236915 0.0118816 0.00547108 0.00222633 0.000784425 0.000236235 5.95572e-05
 3.5834e-11 1.68546e-09 5.48942e-08 1.238e-06 1.93332e-05 0.000209062 0.00156546 0.00811776 0.0291593 0.0726344 0.126012 0.154828 0.142974 0.116378 0.101394 0.0904639 0.0693259 0.0433103 0.0234001 0.0116682 0.00534132 0.00215963 0.000755174 0.00022542 5.62661e-05
 4.59276e-11 2.16021e-09 7.03567e-08 1.58672e-06 2.47789e-05 0.000267948 0.00200637 0.0104034 0.0373588 0.0929548 0.160556 0.193934 0.168446 0.11539 0.0761798 0.0554249 0.0392436 0.0239583 0.0128455 0.00637514 0.0029049 0.0011683 0.000405986 0.000120345 2.9813e-05
 3.67471e-11 1.72841e-09 5.62931e-08 1.26955e-06 1.98259e-05 0.00021439 0.00160536 0.00832466 0.0299028 0.0744896 0.129252 0.158908 0.147037 0.120163 0.10472 0.092004 0.0673534 0.0379796 0.017119 0.00684158 0.002639 0.000976287 0.000328595 9.6198e-05 2.36544e-05
 4.35702e-11 2.04933e-09 6.67455e-08 1.50528e-06 2.35071e-05 0.000254196 0.0019034 0.00986958 0.0354439 0.0882105 0.152498 0.184848 0.162651 0.115972 0.0826219 0.0642067 0.0466755 0.0285267 0.0149788 0.00703576 0.00289622 0.0010023 0.000291115 7.31515e-05 1.61458e-05
 4.03985e-11 1.90015e-09 6.18867e-08 1.3957e-06 2.17959e-05 0.000235692 0.00176485 0.00915145 0.0328685 0.0818352 0.141711 0.172879 0.155679 0.118547 0.0937802 0.0778148 0.0562648 0.0321925 0.0150699 0.00634187 0.00252989 0.000925009 0.000292669 7.70734e-05 1.65258e-05
 3.88839e-11 1.82891e-09 5.95664e-08 1.34337e-06 2.09787e-05 0.000226855 0.00169869 0.00880844 0.0316377 0.0787823 0.136503 0.166896 0.151488 0.11789 0.0964338 0.0822227 0.0608723 0.0361066 0.0178527 0.00788763 0.00314887 0.00109479 0.000325311 8.28922e-05 1.79433e-05
 3.85272e-11 1.81214e-09 5.90201e-08 1.33105e-06 2.07863e-05 0.000224775 0.00168311 0.00872767 0.0313477 0.078062 0.135267 0.16544 0.150346 0.11739 0.0965402 0.0827736 0.0617631 0.0372174 0.0189501 0.0087315 0.00365261 0.00132736 0.000407045 0.000104336 2.21288e-05
 4.17711e-11 1.96471e-09 6.39893e-08 1.44312e-06 2.25364e-05 0.000243699 0.00182481 0.00946219 0.0339827 0.0845911 0.14636 0.177966 0.158398 0.116773 0.0879922 0.0711042 0.0519476 0.031172 0.0159213 0.00740666 0.00315419 0.00117869 0.000375236 0.000100254 2.2058e-05
 4.30393e-11 2.02436e-09 6.59322e-08 1.48694e-06 2.32207e-05 0.000251098 0.00188021 0.00974941 0.0350133 0.0871479 0.150724 0.182991 0.161957 0.117438 0.0859594 0.0676371 0.048273 0.0279564 0.0134822 0.00587359 0.00238977 0.000878164 0.000280785 7.63802e-05 1.72655e-05
 3.98907e-11 1.87627e-09 6.11088e-08 1.37816e-06 2.15219e-05 0.000232729 0.00174267 0.00903646 0.0324559 0.0808125 0.139971 0.1709 0.154363 0.118523 0.094962 0.0795591 0.0578995 0.033376 0.0157454 0.00660093 0.002555 0.000887756 0.000268514 6.99255e-05 1.54489e-05
 4.11492e-11 1.93546e-09 6.30367e-08 1.42164e-06 2.22009e-05 0.000240071 0.00179764 0.00932139 0.0334777 0.0833413 0.144246 0.175624 0.157047 0.11732 0.0902645 0.0739141 0.0540141 0.0320456 0.0159537 0.00711976 0.00286728 0.0009995 0.000294318 7.32316e-05 1.53554e-05
 4.13338e-11 1.94414e-09 6.33194e-08 1.42801e-06 2.23005e-05 0.000241148 0.00180571 0.0093632 0.0336278 0.0837144 0.144888 0.176386 0.157663 0.117628 0.0902619 0.0736161 0.0534205 0.031274 0.0152682 0.00671819 0.00272577 0.000980135 0.000300876 7.73695e-05 1.63861e-05
 3.87086e-11 1.82067e-09 5.9298e-08 1.33732e-06 2.08842e-05 0.000225833 0.00169104 0.00876877 0.0314955 0.0784309 0.135913 0.166261 0.151186 0.118212 0.097301 0.0831567 0.0613657 0.0360669 0.0175847 0.00769173 0.00308862 0.00109802 0.000335179 8.67943e-05 1.87545e-05
 3.52164e-11 1.65641e-09 5.39482e-08 1.21667e-06 1.90001e-05 0.000205459 0.00153849 0.00797798 0.0286583 0.0713975 0.123942 0.152637 0.142069 0.117888 0.105073 0.0945184 0.0717428 0.0434896 0.0222045 0.0102269 0.00425812 0.00153679 0.00046951 0.000120889 2.5969e-05
 3.22722e-11 1.51793e-09 4.9438e-08 1.11495e-06 1.74116e-05 0.000188283 0.00140988 0.00731124 0.0262659 0.065463 0.113816 0.140999 0.133891 0.116525 0.110034 0.102714 0.0801657 0.0506302 0.027554 0.0136581 0.00606489 0.00230992 0.000739432 0.000197419 4.33438e-05
 3.71763e-11 1.74859e-09 5.69505e-08 1.28438e-06 2.00574e-05 0.000216893 0.00162409 0.00842167 0.0302491 0.0753304 0.130563 0.159827 0.145706 0.114803 0.095951 0.0840481 0.0650485 0.0420844 0.0240097 0.0126135 0.00594878 0.00241544 0.000827381 0.000235708 5.47203e-05
 3.61829e-11 1.70187e-09 5.54288e-08 1.25006e-06 1.95215e-05 0.000211098 0.0015807 0.0081968 0.0294431 0.0733403 0.12723 0.15629 0.144209 0.117117 0.101618 0.0901055 0.068264 0.0417386 0.0218984 0.0107134 0.00494325 0.0020576 0.0007421 0.000224928 5.56503e-05
 3.47724e-11 1.63552e-09 5.32679e-08 1.20133e-06 1.87605e-05 0.000202869 0.00151909 0.00787738 0.028297 0.070498 0.122384 0.15074 0.140376 0.116663 0.104325 0.0944341 0.0726501 0.0453102 0.0243024 0.0119397 0.00534847 0.00211323 0.000727804 0.00021697 5.45991e-05
 3.4857e-11 1.63951e-09 5.33976e-08 1.20425e-06 1.88061e-05 0.000203362 0.00152279 0.00789652 0.0283655 0.0706654 0.122654 0.150972 0.140278 0.115966 0.103107 0.093263 0.0721895 0.0457131 0.0251554 0.0127372 0.00585218 0.00234413 0.000803825 0.000234105 5.70731e-05
 3.80323e-11 1.78886e-09 5.82618e-08 1.31395e-06 2.05193e-05 0.000221887 0.00166149 0.00861554 0.0309449 0.0770581 0.133522 0.163282 0.148318 0.115711 0.0952417 0.0822576 0.0626372 0.039461 0.021707 0.0110566 0.00515442 0.00211099 0.000742 0.000220311 5.41079e-05
 3.66492e-11 1.7238e-09 5.61431e-08 1.26617e-06 1.9773e-05 0.000213818 0.00160107 0.00830239 0.029822 0.0742796 0.12883 0.158116 0.145451 0.11722 0.100684 0.0887297 0.0670262 0.0408416 0.0212568 0.0102302 0.00460469 0.00186436 0.000658264 0.000198217 4.95855e-05
 3.56922e-11 1.67879e-09 5.46771e-08 1.23311e-06 1.92568e-05 0.000208235 0.00155927 0.00808568 0.0290443 0.0723505 0.125537 0.154326 0.142769 0.116733 0.102261 0.0914424 0.0699551 0.043421 0.0231393 0.0112812 0.00500959 0.00195519 0.000661234 0.000192787 4.75388e-05
 3.64827e-11 1.71597e-09 5.5888e-08 1.26042e-06 1.96832e-05 0.000212847 0.0015938 0.00826466 0.0296862 0.0739397 0.128227 0.157318 0.144536 0.116149 0.0995427 0.0880426 0.0674246 0.0422957 0.0229919 0.0114942 0.00522693 0.00207555 0.000705104 0.000202976 4.87617e-05
 3.57431e-11 1.68119e-09 5.47551e-08 1.23487e-06 1.92842e-05 0.000208532 0.0015615 0.00809721 0.0290856 0.0724524 0.125707 0.154502 0.142827 0.116566 0.101878 0.0909919 0.0696233 0.043314 0.0232542 0.0115289 0.00526 0.00211967 0.000735143 0.000215729 5.2412e-05
 3.45954e-11 1.6272e-09 5.29968e-08 1.19521e-06 1.8665e-05 0.000201836 0.00151136 0.00783729 0.0281531 0.0701398 0.121766 0.149994 0.139733 0.116246 0.104127 0.0944769 0.0730111 0.045967 0.0250647 0.0125818 0.00575959 0.00231454 0.000801499 0.000236388 5.81067e-05
 3.39029e-11 1.59463e-09 5.1936e-08 1.17129e-06 1.82914e-05 0.000197796 0.00148111 0.00768046 0.0275902 0.0687428 0.119376 0.147219 0.137687 0.115653 0.104892 0.0960452 0.0748838 0.0478374 0.0266742 0.0137259 0.00641685 0.00262074 0.000917795 0.000272347 6.71476e-05
 3.16388e-11 1.48814e-09 4.84676e-08 1.09307e-06 1.70698e-05 0.000184587 0.00138221 0.00716777 0.0257508 0.0641828 0.111615 0.138384 0.131768 0.115418 0.109871 0.103291 0.081427 0.0524697 0.029612 0.0154822 0.00737647 0.00307921 0.00110339 0.000334227 8.37167e-05
#spawning biomass
 3770.02 2926.16 4338.04 5712.54 7033.24 10885.9 12757.6 14510.7 20979.6 30046.1 39271 59975.1 91111.1 91494.7 95099.7 90882.8 85771.6 86365.3 82599.6 82800.3 89969.6 94258.7 89596.3 109746 111670 117811 107921 95191.9 66476.1 128605 95099.2 63683.3 44623.7 34592.2 29709 27442.9 26423.1 25973.4 25777.8 25693.5 25657.4 25642 25635.4 25632.6 25631.5 25631 25630.8 25630.7 25630.6 25630.6 25630.6 25630.6 25630.6 25630.6 25630.6 25630.6 25630.6 25630.6 25630.6 25630.6 25630.6 25630.6 25630.6 25630.6 25630.6 25630.6 25630.6 25630.6 25630.6 25630.6 25630.6 25630.6 25630.6 25630.6 25630.6 25630.6 25630.6 25630.6 25630.6 25630.6 25630.6 25630.6 25630.6 25630.6 25630.6 25630.6 25630.6 25630.6 25630.6 25630.6 25630.6 25630.6 25630.6 25630.6 25630.6 25630.6 25630.6 25630.6 25630.6 25630.6 25630.6 25630.6 25630.6 25630.6 25630.6 25630.6 25630.6 25630.6 25630.6 25630.6 25630.6 25630.6 25630.6 25630.6 25630.6 25630.6 25630.6 25630.6 25630.6 25630.6 25630.6 25630.6 25630.6 25630.6 25630.6 25630.6 25630.6 25630.6 0 0 0 0 0 0 0 0 0 0 0 0 0 0 0 0 0 0 0 0 0 0 0 0 0
