SBPRF35
0.0418769
Curr Bio
1.69838e+06
B35
815333
F35
7.6982e+06
FOFL
7.6982e+06
OFL
2.51132e+06
Bzero
5349.32
#pred survey bio
 30343.7 17152.1 19163.8 21559.6 31056.5 38354.3 53259.3 87644.2 101052 132559 148133 193098 196713 207637 189981 176690 215073 224160 159153 204797 178355 240493 225267 278400 183754 204976 219200 212941 4.43583e+06 660199 113209 19135.9 11354.2 10788.5 10748.2 10745.3 10745.1 10745.1 10745.1 10745.1 10745.1 10745.1 10745.1 10745.1 10745.1 10745.1 10745.1 10745.1 10745.1 10745.1 10745.1 10745.1 10745.1 10745.1 10745.1 10745.1 10745.1 10745.1 10745.1 10745.1 10745.1 10745.1 10745.1 10745.1 10745.1 10745.1 10745.1 10745.1 10745.1 10745.1 10745.1 10745.1 10745.1 10745.1 10745.1 10745.1 10745.1 10745.1 10745.1 10745.1 10745.1 10745.1 10745.1 10745.1 10745.1 10745.1 10745.1 10745.1 10745.1 10745.1 10745.1 10745.1 10745.1 10745.1 10745.1 10745.1 10745.1 10745.1 10745.1 10745.1 10745.1 10745.1 10745.1 10745.1 10745.1 10745.1 10745.1 10745.1 10745.1 10745.1 10745.1 10745.1 10745.1 10745.1 10745.1 10745.1 10745.1 10745.1 10745.1 10745.1 10745.1 10745.1 10745.1 10745.1 10745.1 10745.1 10745.1 10745.1 0 0 0 0 0 0 0 0 0 0 0 0 0 0 0 0 0 0 0 0 0 0 0 0 0
#obs survey bio
 26563.7 16988.9 16719.2 22181.7 29476.5 39732.4 52445.9 115300 101373 128838 142820 209613 198550 245932 161327 184412 234064 211381 164623 204556 151226 198820 186268 334043 143073 256107 168817 194499
#pred catch bio
 32361.4 17313 13211.1 8091.02 18296.7 30062.3 32353.3 56801.7 76404.1 92997.5 125037 138543 195254 237949 207855 171508 194763 221013 181648 237031 204314 185618 158488 214776 226938 188377 244855 198087 2.51132e+06 6611.71 6611.71 6611.71 6611.71 6611.71 6611.71 6611.71 6611.71 6611.71 6611.71 6611.71 6611.71 6611.71 6611.71 6611.71 6611.71 6611.71 6611.71 6611.71 6611.71 6611.71 6611.71 6611.71 6611.71 6611.71 6611.71 6611.71 6611.71 6611.71 6611.71 6611.71 6611.71 6611.71 6611.71 6611.71 6611.71 6611.71 6611.71 6611.71 6611.71 6611.71 6611.71 6611.71 6611.71 6611.71 6611.71 6611.71 6611.71 6611.71 6611.71 6611.71 6611.71 6611.71 6611.71 6611.71 6611.71 6611.71 6611.71 6611.71 6611.71 6611.71 6611.71 6611.71 6611.71 6611.71 6611.71 6611.71 6611.71 6611.71 6611.71 6611.71 6611.71 6611.71 6611.71 6611.71 6611.71 6611.71 6611.71 6611.71 6611.71 6611.71 6611.71 6611.71 6611.71 6611.71 6611.71 6611.71 6611.71 6611.71 6611.71 6611.71 6611.71 6611.71 6611.71 6611.71 6611.71 6611.71 6611.71 6611.71 0 0 0 0 0 0 0 0 0 0 0 0 0 0 0 0 0 0 0 0 0 0 0 0 0
#obs catch bio
 12929.3 17442.9 14626.5 7903.19 18350.8 31574.7 31624.3 56905.6 77666 91676.3 126243 136094 192988 237280 208614 168124 190311 219860 178389 235312 203976 182967 155022 210927 230877 183507 245424 196295
#pred cpue bio
 31975 18517.2 20344.4 23016.7 32226.1 38971.3 53641.8 89385.2 101610 132558 148533 191606 196839 210878 190964 174577 212375 220372 154714 199783 171436 227199 208916 258512 170352 187204 200165 193544 3.93066e+06 741434 122767 17985.7 10006.6 9438.57 9398.19 9395.34 9395.14 9395.12 9395.12 9395.12 9395.12 9395.12 9395.12 9395.12 9395.12 9395.12 9395.12 9395.12 9395.12 9395.12 9395.12 9395.12 9395.12 9395.12 9395.12 9395.12 9395.12 9395.12 9395.12 9395.12 9395.12 9395.12 9395.12 9395.12 9395.12 9395.12 9395.12 9395.12 9395.12 9395.12 9395.12 9395.12 9395.12 9395.12 9395.12 9395.12 9395.12 9395.12 9395.12 9395.12 9395.12 9395.12 9395.12 9395.12 9395.12 9395.12 9395.12 9395.12 9395.12 9395.12 9395.12 9395.12 9395.12 9395.12 9395.12 9395.12 9395.12 9395.12 9395.12 9395.12 9395.12 9395.12 9395.12 9395.12 9395.12 9395.12 9395.12 9395.12 9395.12 9395.12 9395.12 9395.12 9395.12 9395.12 9395.12 9395.12 9395.12 9395.12 9395.12 9395.12 9395.12 9395.12 9395.12 9395.12 9395.12 9395.12 9395.12 9395.12 0 0 0 0 0 0 0 0 0 0 0 0 0 0 0 0 0 0 0 0 0 0 0 0 0
#obs cpue bio
 23274 19156 19572.6 17642.5 38993.2 32240.5 54476 72202.6 93553.8 147200 143892 197246 203804 180024 222118 172189 217063 258597 143495 223256 188154 309565 261340 256603 192643 163171 266124 218778
#pred surv len freq
 2.97967e-12 3.23414e-10 2.06985e-08 7.81101e-07 1.7381e-05 0.00022808 0.00176598 0.0080909 0.0222468 0.0392145 0.0555359 0.0846169 0.122422 0.135315 0.121402 0.102818 0.0823258 0.0612203 0.0444408 0.0326912 0.0251996 0.020916 0.0179022 0.013684 0.00794615
 5.79232e-12 6.287e-10 4.02368e-08 1.51841e-06 3.37871e-05 0.000443335 0.00343137 0.015691 0.042735 0.072083 0.0880828 0.107838 0.13976 0.151572 0.13603 0.10883 0.0710022 0.0345726 0.0137985 0.00578904 0.00305328 0.00201167 0.00151164 0.00109618 0.000632828
 9.10638e-12 9.8841e-10 6.32581e-08 2.38717e-06 5.31179e-05 0.000696956 0.00539337 0.0246393 0.0667824 0.110052 0.122745 0.124192 0.138208 0.136465 0.108894 0.0774166 0.0479978 0.0233859 0.00894307 0.00283777 0.000802631 0.000255655 0.000122019 7.4308e-05 4.0613e-05
 8.41203e-12 9.13045e-10 5.84348e-08 2.20515e-06 4.90679e-05 0.000643825 0.00498258 0.0227709 0.0618323 0.10281 0.118871 0.130116 0.152915 0.149655 0.111804 0.0721174 0.0416277 0.0194952 0.00727136 0.00226754 0.000594853 0.000131863 2.86539e-05 8.71917e-06 3.64263e-06
 1.20513e-11 1.30805e-09 8.3715e-08 3.15915e-06 7.02951e-05 0.000922315 0.00713641 0.0325815 0.0880238 0.142763 0.148663 0.125261 0.116178 0.108832 0.0890671 0.0662838 0.0421926 0.0207023 0.00794231 0.00252937 0.000671498 0.000145899 2.6122e-05 4.17054e-06 7.74945e-07
 1.39335e-11 1.51234e-09 9.67898e-08 3.65255e-06 8.12739e-05 0.00106636 0.00825089 0.037668 0.101742 0.164818 0.17068 0.140965 0.125077 0.106717 0.0707288 0.0386655 0.0196759 0.00893811 0.00343204 0.00111406 0.000298997 6.49763e-05 1.14192e-05 1.61869e-06 1.90207e-07
 1.46927e-11 1.59475e-09 1.02064e-07 3.85157e-06 8.57025e-05 0.00112446 0.00870035 0.0397175 0.107244 0.173463 0.178368 0.144032 0.123781 0.102976 0.0655538 0.0328652 0.0146057 0.00546717 0.00156297 0.000357105 7.39776e-05 1.43837e-05 2.45049e-06 3.4098e-07 3.72959e-08
 1.36582e-11 1.48247e-09 9.48776e-08 3.58039e-06 7.96683e-05 0.0010453 0.00808803 0.0369271 0.0997771 0.161928 0.169054 0.143084 0.130671 0.112208 0.0729712 0.03778 0.0173785 0.00662584 0.00188736 0.000408515 7.18806e-05 1.05568e-05 1.32807e-06 1.49865e-07 1.48648e-08
 1.48729e-11 1.61431e-09 1.03315e-07 3.8988e-06 8.67534e-05 0.00113825 0.00880696 0.0402024 0.108531 0.175358 0.179451 0.142715 0.12033 0.099906 0.0649675 0.0341745 0.0159939 0.00614105 0.00174472 0.000373815 6.44631e-05 9.00814e-06 9.97506e-07 8.84888e-08 6.51023e-09
 1.52263e-11 1.65267e-09 1.05771e-07 3.99146e-06 8.88152e-05 0.0011653 0.00901623 0.0411572 0.111101 0.179451 0.18335 0.145011 0.120978 0.0987275 0.0615591 0.0296884 0.0125905 0.00455186 0.00125083 0.000259908 4.33757e-05 5.87774e-06 6.28951e-07 5.26982e-08 3.45654e-09
 1.50201e-11 1.63029e-09 1.04338e-07 3.9374e-06 8.76122e-05 0.00114952 0.00889417 0.0406011 0.109615 0.177172 0.181593 0.145096 0.122777 0.100877 0.0629837 0.0303343 0.0127882 0.00454884 0.00120455 0.000234004 3.58986e-05 4.53289e-06 4.61461e-07 3.71443e-08 2.33893e-09
 1.57908e-11 1.71394e-09 1.09692e-07 4.13944e-06 9.21078e-05 0.0012085 0.00935036 0.0426798 0.115175 0.185741 0.188413 0.145475 0.117148 0.0936832 0.0576284 0.0271685 0.0111445 0.00387313 0.000999631 0.000185953 2.66757e-05 3.10205e-06 2.87967e-07 2.10292e-08 1.2143e-09
 1.51508e-11 1.64447e-09 1.05246e-07 3.97166e-06 8.83746e-05 0.00115952 0.00897155 0.0409541 0.110565 0.178683 0.183023 0.145915 0.122971 0.100413 0.0617413 0.0287227 0.0115676 0.00397587 0.00102357 0.000190704 2.73388e-05 3.1388e-06 2.81568e-07 1.93508e-08 1.02735e-09
 1.39268e-11 1.51162e-09 9.67435e-08 3.6508e-06 8.12351e-05 0.00106586 0.00824712 0.0376541 0.10175 0.1652 0.17279 0.146961 0.134425 0.113518 0.0695729 0.0314519 0.0121125 0.0039928 0.000980508 0.000168795 2.15416e-05 2.20639e-06 1.83097e-07 1.1949e-08 6.04495e-10
 1.47802e-11 1.60424e-09 1.02671e-07 3.8745e-06 8.62127e-05 0.00113116 0.0087522 0.0399552 0.1079 0.174634 0.180084 0.146671 0.127115 0.10485 0.0639732 0.0289705 0.011176 0.00366085 0.000877633 0.000142494 1.62744e-05 1.43216e-06 1.01544e-07 5.68662e-09 2.4884e-10
 1.60382e-11 1.74079e-09 1.11411e-07 4.20429e-06 9.35508e-05 0.00122743 0.00949682 0.0433479 0.116972 0.188592 0.191082 0.146917 0.117352 0.0926999 0.0553288 0.0242742 0.0089658 0.00284828 0.000674898 0.000109336 1.24761e-05 1.08559e-06 7.39927e-08 3.80883e-09 1.45564e-10
 1.60777e-11 1.74508e-09 1.11685e-07 4.21463e-06 9.37808e-05 0.00123045 0.00952017 0.0434543 0.117257 0.189031 0.191432 0.146939 0.117067 0.0923287 0.0550417 0.024098 0.00887964 0.00282315 0.000674053 0.000111367 1.31872e-05 1.2037e-06 8.54714e-08 4.51672e-09 1.74221e-10
 1.63845e-11 1.77838e-09 1.13816e-07 4.29507e-06 9.55708e-05 0.00125393 0.00970179 0.0442817 0.119468 0.19242 0.194039 0.146793 0.114374 0.0891637 0.0530345 0.0232546 0.00859652 0.00274059 0.00065561 0.000108614 1.29346e-05 1.19377e-06 8.64015e-08 4.70626e-09 1.89166e-10
 1.70781e-11 1.85367e-09 1.18635e-07 4.4769e-06 9.96166e-05 0.00130701 0.0101123 0.0461527 0.124476 0.200161 0.200316 0.147516 0.109883 0.0830463 0.0479945 0.0198168 0.00664598 0.00194843 0.000442599 6.96182e-05 7.64958e-06 6.37239e-07 4.23315e-08 2.19034e-09 8.57991e-11
 1.68408e-11 1.82791e-09 1.16986e-07 4.41468e-06 9.82321e-05 0.00128885 0.00997187 0.0455129 0.122768 0.19756 0.198395 0.147893 0.112368 0.0857551 0.0494218 0.0200854 0.00653566 0.00185911 0.000412874 6.3119e-05 6.57911e-06 5.04113e-07 3.04105e-08 1.4316e-09 5.08911e-11
 1.77421e-11 1.92573e-09 1.23247e-07 4.65095e-06 0.000103489 0.00135782 0.0105053 0.0479433 0.129265 0.207535 0.206158 0.147749 0.104889 0.0767396 0.0433898 0.0171937 0.00534963 0.00145335 0.000312777 4.62798e-05 4.54737e-06 3.14945e-07 1.67782e-08 7.03723e-10 2.24204e-11
 1.87146e-11 2.03129e-09 1.30002e-07 4.90589e-06 0.000109162 0.00143225 0.0110809 0.0505656 0.136272 0.218277 0.214426 0.147297 0.0963689 0.0667197 0.0370223 0.0145042 0.00443877 0.00118625 0.000253217 3.7404e-05 3.68149e-06 2.55519e-07 1.35416e-08 5.53958e-10 1.66937e-11
 1.96667e-11 2.13464e-09 1.36616e-07 5.15548e-06 0.000114716 0.00150511 0.0116444 0.0531327 0.14313 0.228777 0.222445 0.146646 0.0877105 0.0567052 0.0308903 0.0121771 0.00380736 0.00104357 0.000227522 3.45641e-05 3.59075e-06 2.72668e-07 1.59967e-08 7.06544e-10 2.2328e-11
 1.95976e-11 2.12713e-09 1.36136e-07 5.13735e-06 0.000114312 0.00149981 0.0116035 0.0529464 0.142633 0.228024 0.221909 0.146822 0.0885338 0.0575562 0.0312684 0.012154 0.00369401 0.00098561 0.000213552 3.30461e-05 3.60359e-06 2.95833e-07 1.89192e-08 9.05887e-10 3.12132e-11
 1.96597e-11 2.13387e-09 1.36567e-07 5.15362e-06 0.000114674 0.00150456 0.0116403 0.0531139 0.143083 0.228729 0.22253 0.147049 0.0883789 0.0571686 0.030739 0.011609 0.00331693 0.000821719 0.000168588 2.47781e-05 2.49049e-06 1.81723e-07 1.04322e-08 4.75283e-10 1.65317e-11
 2.03346e-11 2.20713e-09 1.41256e-07 5.33056e-06 0.000118611 0.00155622 0.0120398 0.0549341 0.147949 0.236204 0.228362 0.146993 0.0828565 0.0504666 0.0261935 0.00936483 0.00236435 0.000491025 8.79773e-05 1.18098e-05 1.0572e-06 6.27558e-08 2.66921e-09 8.93968e-11 2.41698e-12
 2.03507e-11 2.20888e-09 1.41368e-07 5.33478e-06 0.000118705 0.00155745 0.0120493 0.0549774 0.148063 0.236371 0.228448 0.146844 0.0825009 0.050163 0.0261591 0.00952928 0.00252514 0.000564854 0.00010712 1.47571e-05 1.33773e-06 8.0316e-08 3.44448e-09 1.133e-10 2.83027e-12
 2.05462e-11 2.2301e-09 1.42726e-07 5.38603e-06 0.000119846 0.00157241 0.012165 0.0555046 0.149473 0.23854 0.230159 0.146889 0.0809938 0.0482808 0.0248112 0.00878854 0.00217365 0.000436257 7.5892e-05 1.00185e-05 8.837e-07 5.10488e-08 2.05512e-09 6.27454e-11 1.47906e-12
#obs surv len freq
 3.74305e-11 3.46893e-09 1.89562e-07 6.10796e-06 0.000116046 0.00130008 0.00859011 0.0335082 0.0775816 0.109627 0.10732 0.10249 0.115833 0.124936 0.118408 0.0958206 0.0605641 0.0289698 0.0108184 0.00321376 0.000746762 0.000131543 1.69308e-05 1.53046e-06 9.37285e-08
 1.92825e-11 1.72358e-09 9.08421e-08 2.82314e-06 5.17343e-05 0.000559105 0.0035664 0.0134853 0.0309126 0.0476767 0.0671698 0.107616 0.154194 0.171773 0.158884 0.122855 0.0730737 0.0326314 0.0114492 0.00324295 0.000720154 0.000119444 1.42089e-05 1.1739e-06 6.55113e-08
 1.45289e-10 1.2504e-08 6.34535e-07 1.89866e-05 0.000334986 0.00348495 0.0213779 0.077338 0.165118 0.208866 0.160003 0.0839879 0.0501074 0.0547575 0.0653705 0.0571318 0.0333806 0.0134336 0.00406201 0.00099504 0.000197681 3.01864e-05 3.3409e-06 2.56019e-07 1.31454e-08
 1.25752e-10 1.04035e-08 5.07492e-07 1.45972e-05 0.000247572 0.00247605 0.0146084 0.0509442 0.106106 0.138972 0.139685 0.149958 0.159539 0.12409 0.0661287 0.0281103 0.0118953 0.00496724 0.00171895 0.00044321 8.28322e-05 1.12487e-05 1.10346e-06 7.61396e-08 3.56623e-09
 1.89417e-10 1.50406e-08 7.04201e-07 1.94409e-05 0.000316465 0.0030377 0.0171975 0.0574883 0.114152 0.138849 0.118798 0.102766 0.109357 0.115625 0.105202 0.0723847 0.0331943 0.00957927 0.00176866 0.000233517 2.69027e-05 2.90594e-06 2.54241e-07 1.57865e-08 6.59894e-10
 3.43815e-10 2.61652e-08 1.17412e-06 3.1066e-05 0.000484674 0.00445885 0.0241932 0.0775065 0.147453 0.171561 0.139161 0.11065 0.102749 0.089386 0.0664892 0.0405566 0.0182386 0.00566121 0.00121382 0.000183246 1.95237e-05 1.47035e-06 8.10879e-08 3.45077e-09 1.13051e-10
 3.65768e-10 2.66422e-08 1.14425e-06 2.89777e-05 0.000432713 0.00381042 0.0197968 0.0608386 0.112071 0.131982 0.125346 0.132569 0.140061 0.119243 0.082438 0.0461134 0.0188644 0.00524872 0.00100131 0.00013844 1.44221e-05 1.11103e-06 6.02568e-08 2.21647e-09 5.46077e-11
 5.99004e-10 4.17067e-08 1.71226e-06 4.14496e-05 0.000591651 0.00498006 0.0247279 0.0725689 0.127128 0.139671 0.117267 0.109137 0.115714 0.112439 0.0913044 0.0552668 0.0223177 0.00575759 0.000964901 0.000111267 9.45035e-06 6.10358e-07 2.93884e-08 1.01067e-09 2.38112e-11
 9.66941e-10 6.42787e-08 2.51954e-06 5.82324e-05 0.000793603 0.00637783 0.0302389 0.0847755 0.142201 0.151149 0.126375 0.117439 0.115801 0.0983406 0.0694466 0.0381022 0.0145431 0.00366231 0.000615775 7.20562e-05 6.04008e-06 3.61221e-07 1.51307e-08 4.38958e-10 8.76877e-12
 1.21887e-09 7.72731e-08 2.8886e-06 6.36701e-05 0.000827532 0.006343 0.0286927 0.0768799 0.124322 0.132378 0.122424 0.129559 0.132397 0.111432 0.0766939 0.0400582 0.0141863 0.00321901 0.000470427 4.64676e-05 3.30802e-06 1.7563e-07 6.82627e-09 1.8605e-10 3.42772e-12
 1.94319e-09 1.17364e-07 4.17967e-06 8.77685e-05 0.00108677 0.00793577 0.034197 0.0872636 0.1342 0.135074 0.116832 0.117984 0.121765 0.108325 0.0779332 0.040431 0.0136267 0.00285054 0.000369733 3.06624e-05 1.72038e-06 6.95326e-08 2.09019e-09 4.61495e-11 7.23891e-13
 2.95584e-09 1.69912e-07 5.7591e-06 0.0001151 0.00135644 0.0094276 0.0386766 0.0940691 0.138671 0.136951 0.121896 0.125074 0.122778 0.10039 0.0662703 0.0319472 0.0101086 0.00199695 0.000245502 1.93054e-05 1.01709e-06 3.74676e-08 9.77691e-10 1.77996e-11 2.22012e-13
 3.35404e-09 1.83332e-07 5.90876e-06 0.000112292 0.0012584 0.00831849 0.0324878 0.0755756 0.108979 0.114526 0.123091 0.144369 0.145852 0.119304 0.0773763 0.0358149 0.0107094 0.0019782 0.000224762 1.60684e-05 7.55205e-07 2.4551e-08 5.68264e-10 9.28685e-12 1.04265e-13
 5.17126e-09 2.68551e-07 8.22326e-06 0.000148476 0.00158083 0.009928 0.0368342 0.0813618 0.111147 0.10993 0.111814 0.130653 0.14093 0.126538 0.0861481 0.0394757 0.0113066 0.00197174 0.000209796 1.39248e-05 6.00115e-07 1.76197e-08 3.63587e-10 5.25719e-12 5.20369e-14
 8.80933e-09 4.34309e-07 1.26253e-05 0.000216412 0.00218747 0.0130427 0.0459505 0.096471 0.125774 0.120231 0.119127 0.132022 0.131285 0.107758 0.0676905 0.0289724 0.00782069 0.0012964 0.000132721 8.62851e-06 3.71474e-07 1.0988e-08 2.25238e-10 3.1387e-12 2.90254e-14
 1.17567e-08 5.49883e-07 1.5165e-05 0.000246612 0.00236497 0.0133813 0.0447868 0.0898149 0.114619 0.115537 0.127385 0.145272 0.139725 0.108889 0.0644565 0.0258765 0.0065247 0.00100406 9.4397e-05 5.54213e-06 2.11541e-07 5.50999e-09 1.01061e-10 1.30011e-12 1.14235e-14
 1.82222e-08 8.08073e-07 2.11295e-05 0.000325782 0.00296216 0.0158916 0.0504392 0.0959866 0.116577 0.112897 0.121611 0.138756 0.137483 0.110221 0.0647887 0.0250613 0.0060134 0.000880116 7.92628e-05 4.51552e-06 1.6948e-07 4.34834e-09 7.70969e-11 9.2895e-13 7.43215e-15
 2.79818e-08 1.1759e-06 2.91377e-05 0.000425737 0.0036685 0.0186546 0.0561688 0.10181 0.119779 0.117173 0.128634 0.142194 0.132486 0.0992062 0.0546223 0.0199084 0.00453916 0.000640117 5.6822e-05 3.29049e-06 1.29065e-07 3.48473e-09 6.39104e-11 7.76343e-13 6.132e-15
 3.76759e-08 1.49977e-06 3.52026e-05 0.00048723 0.00397726 0.0191665 0.0547862 0.0950557 0.110685 0.115173 0.135282 0.15067 0.138314 0.100726 0.0529784 0.0182139 0.00389152 0.000512084 4.22596e-05 2.27094e-06 8.30463e-08 2.12138e-09 3.76095e-11 4.51045e-13 3.57058e-15
 5.83873e-08 2.20091e-06 4.8919e-05 0.000641154 0.00495619 0.0226196 0.0612611 0.100909 0.11241 0.113793 0.131639 0.146369 0.13591 0.0986806 0.0503657 0.0165514 0.00337732 0.000428617 3.47284e-05 1.86808e-06 6.88777e-08 1.74958e-09 3.00546e-11 3.41643e-13 2.53673e-15
 8.71249e-08 3.1092e-06 6.54257e-05 0.00081183 0.00594178 0.0256852 0.0660089 0.104027 0.114244 0.119424 0.139476 0.14877 0.129828 0.0881054 0.0419827 0.0128709 0.00244523 0.000287842 2.15271e-05 1.06607e-06 3.63806e-08 8.67996e-10 1.42586e-11 1.57094e-13 1.13602e-15
 1.41464e-07 4.77871e-06 9.51854e-05 0.00111802 0.00774581 0.0316979 0.0771377 0.115238 0.12039 0.120505 0.135774 0.141376 0.121053 0.0794915 0.0359772 0.0103514 0.00183151 0.000199175 1.36051e-05 6.06651e-07 1.84279e-08 3.90602e-10 5.74096e-12 5.71914e-14 3.78051e-16
 1.86988e-07 5.97875e-06 0.000112721 0.00125324 0.00822043 0.03188 0.0738575 0.107172 0.116034 0.128778 0.15045 0.149771 0.11928 0.0726922 0.0306832 0.00827632 0.00138034 0.000142539 9.33423e-06 4.02361e-07 1.18074e-08 2.38298e-10 3.26006e-12 2.95973e-14 1.75779e-16
 2.5555e-07 7.73397e-06 0.000138016 0.00145247 0.00901921 0.033133 0.0729179 0.101726 0.109732 0.125537 0.149991 0.153467 0.125717 0.0764884 0.0312314 0.00803047 0.0012757 0.000126537 8.07605e-06 3.44306e-07 1.00502e-08 2.00418e-10 2.67481e-12 2.3405e-14 1.32575e-16
 3.84893e-07 1.10261e-05 0.000186254 0.00185545 0.0109077 0.0379566 0.0793249 0.10616 0.112809 0.12904 0.151162 0.150099 0.118443 0.0684766 0.0262618 0.00629348 0.00092507 8.41038e-05 4.86364e-06 1.86331e-07 4.90495e-09 8.97286e-11 1.12288e-12 9.37445e-15 5.1134e-17
 4.9421e-07 1.34026e-05 0.000214326 0.00202143 0.0112553 0.0371649 0.0743258 0.0983981 0.111459 0.13784 0.16208 0.155382 0.116879 0.0638887 0.0230751 0.00521097 0.000725052 6.2901e-05 3.5048e-06 1.30079e-07 3.29543e-09 5.69398e-11 6.58779e-13 5.00992e-15 2.47672e-17
 7.12574e-07 1.82959e-05 0.000277006 0.00247365 0.0130426 0.0408097 0.0775645 0.0986621 0.109944 0.13557 0.160028 0.155747 0.117321 0.0622017 0.0212508 0.00447004 0.000571841 4.48732e-05 2.21495e-06 7.14758e-08 1.56915e-09 2.39111e-11 2.50692e-13 1.76514e-15 8.15664e-18
 7.7779e-07 1.891e-05 0.000271118 0.0022932 0.0114655 0.034195 0.0633563 0.0847755 0.110555 0.151434 0.177732 0.164895 0.117198 0.0585596 0.018932 0.00380571 0.000473631 3.71668e-05 1.89634e-06 6.47025e-08 1.48916e-09 2.28183e-11 2.28106e-13 1.46753e-15 6.05059e-18
#pred catch len freq
 3.79634e-12 4.12056e-10 2.63716e-08 9.95187e-07 2.21448e-05 0.000290591 0.00224995 0.0103073 0.0283289 0.0498355 0.0701068 0.105533 0.149515 0.15639 0.123937 0.0894294 0.0635766 0.043632 0.029997 0.0214511 0.0163489 0.0135199 0.0115612 0.00883543 0.00513048
 6.21588e-12 6.74674e-10 4.31791e-08 1.62945e-06 3.62578e-05 0.000475756 0.00368242 0.0168414 0.0459001 0.0776771 0.096035 0.119656 0.154571 0.160282 0.130101 0.0928443 0.0563988 0.0262405 0.00992716 0.00392499 0.00200111 0.00130528 0.000978867 0.000709597 0.000409632
 8.74381e-12 9.49056e-10 6.07395e-08 2.29212e-06 5.10031e-05 0.000669214 0.00517893 0.0236653 0.06422 0.106452 0.121586 0.129672 0.149575 0.145987 0.109843 0.07169 0.0416651 0.0194539 0.00714505 0.00218325 0.000600552 0.00018775 8.8859e-05 5.40239e-05 2.95211e-05
 7.35978e-12 7.98834e-10 5.11253e-08 1.92931e-06 4.29302e-05 0.000563303 0.00435984 0.0199349 0.0542681 0.0913293 0.110594 0.132455 0.164998 0.162562 0.118297 0.0727735 0.0402827 0.0182842 0.00660154 0.00199429 0.000511678 0.000111943 2.4122e-05 7.30655e-06 3.04896e-06
 1.15707e-11 1.25589e-09 8.03767e-08 3.03317e-06 6.7492e-05 0.000885542 0.00685208 0.0312882 0.0845966 0.137742 0.14594 0.129246 0.126195 0.117905 0.091251 0.0628874 0.0379088 0.0179209 0.00661723 0.00203174 0.000526139 0.000112721 2.00223e-05 3.1822e-06 5.8987e-07
 1.35914e-11 1.47521e-09 9.44133e-08 3.56287e-06 7.92784e-05 0.00104018 0.00804849 0.0367473 0.0993025 0.161245 0.168749 0.143824 0.132233 0.113159 0.0721959 0.0361457 0.0166021 0.00701344 0.00255373 0.000795532 0.000208059 4.45681e-05 7.76935e-06 1.09647e-06 1.28552e-07
 1.3895e-11 1.50817e-09 9.65229e-08 3.64248e-06 8.10499e-05 0.00106342 0.00822829 0.0375676 0.10151 0.164757 0.172081 0.145765 0.132844 0.112564 0.0701826 0.0331408 0.0136548 0.00485235 0.00133835 0.000293592 5.83011e-05 1.10306e-05 1.85633e-06 2.57002e-07 2.8049e-08
 1.29962e-11 1.41061e-09 9.0279e-08 3.40685e-06 7.5807e-05 0.00099464 0.00769627 0.0351434 0.0950249 0.154758 0.164098 0.145244 0.139292 0.120891 0.0764959 0.0369808 0.0156827 0.00567006 0.00155962 0.00032536 5.5139e-05 7.87773e-06 9.74403e-07 1.0888e-07 1.07486e-08
 1.44627e-11 1.56979e-09 1.00466e-07 3.79129e-06 8.43611e-05 0.00110687 0.00856427 0.039098 0.105595 0.170984 0.176702 0.144935 0.127014 0.106168 0.0667584 0.0324209 0.0138416 0.00501428 0.00137286 0.000283052 4.6932e-05 6.37489e-06 6.94307e-07 6.09846e-08 4.45968e-09
 1.46791e-11 1.59328e-09 1.0197e-07 3.84801e-06 8.56233e-05 0.00112343 0.0086924 0.0396827 0.107172 0.173518 0.179228 0.146723 0.127991 0.105823 0.0644874 0.0291166 0.0112822 0.00382305 0.0010097 0.000201987 3.24175e-05 4.26708e-06 4.48884e-07 3.72381e-08 2.42797e-09
 1.47205e-11 1.59777e-09 1.02257e-07 3.85887e-06 8.58649e-05 0.0011266 0.00871692 0.0397946 0.107473 0.173997 0.17968 0.14698 0.128054 0.105695 0.0641372 0.0286456 0.0108922 0.00360191 0.000915479 0.000171354 2.52045e-05 3.07292e-06 3.06238e-07 2.4359e-08 1.52353e-09
 1.5294e-11 1.66002e-09 1.06241e-07 4.0092e-06 8.92098e-05 0.00117048 0.00905633 0.041341 0.111608 0.180354 0.184667 0.147022 0.123501 0.100103 0.0602625 0.0266356 0.00996925 0.00324236 0.000806703 0.000145262 2.00475e-05 2.25147e-06 2.04375e-07 1.47317e-08 8.43984e-10
 1.51241e-11 1.64157e-09 1.0506e-07 3.96466e-06 8.82187e-05 0.00115748 0.00895579 0.0408833 0.110389 0.178522 0.183436 0.147688 0.12588 0.10243 0.0610896 0.0262468 0.00939772 0.00295555 0.000725339 0.000130068 1.78642e-05 1.97527e-06 1.73018e-07 1.17277e-08 6.17273e-10
 1.41981e-11 1.54107e-09 9.8628e-08 3.72191e-06 8.28175e-05 0.00108662 0.00840774 0.0383869 0.103724 0.168347 0.175808 0.148793 0.13502 0.112646 0.0668533 0.027846 0.00942166 0.00279921 0.000651785 0.000108255 1.32482e-05 1.29809e-06 1.04326e-07 6.68537e-09 3.3475e-10
 1.49717e-11 1.62504e-09 1.04002e-07 3.92472e-06 8.73302e-05 0.00114582 0.00886564 0.0404729 0.109297 0.176885 0.182355 0.148347 0.128114 0.104603 0.0618534 0.0258528 0.00880104 0.00261306 0.000597245 9.4237e-05 1.04014e-05 8.76622e-07 5.98623e-08 3.27471e-09 1.41372e-10
 1.5941e-11 1.73024e-09 1.10735e-07 4.1788e-06 9.29835e-05 0.00121999 0.00943929 0.0430865 0.116283 0.187614 0.190709 0.148212 0.120101 0.0949255 0.0553528 0.0227103 0.0075017 0.00216982 0.000490351 7.722e-05 8.52611e-06 7.12463e-07 4.69187e-08 2.36443e-09 8.92244e-11
 1.58939e-11 1.72513e-09 1.10408e-07 4.16647e-06 9.27093e-05 0.00121639 0.00941147 0.0429597 0.115945 0.187093 0.190303 0.148215 0.120483 0.0953882 0.0556643 0.0228636 0.00757048 0.00219913 0.000501172 8.03923e-05 9.19593e-06 8.06652e-07 5.55081e-08 2.87908e-09 1.09817e-10
 1.64123e-11 1.7814e-09 1.14009e-07 4.30236e-06 9.57329e-05 0.00125606 0.00971828 0.0443575 0.11968 0.192821 0.194723 0.148011 0.115998 0.090084 0.0522532 0.0213767 0.00703887 0.00203495 0.000462941 7.43282e-05 8.53744e-06 7.56073e-07 5.2975e-08 2.83049e-09 1.1248e-10
 1.72361e-11 1.87081e-09 1.19732e-07 4.51831e-06 0.000100538 0.0013191 0.0102059 0.0465792 0.125622 0.201974 0.201984 0.148335 0.109853 0.0822912 0.0465207 0.0180698 0.00538821 0.00140371 0.000298764 4.54208e-05 4.82508e-06 3.85124e-07 2.45957e-08 1.24082e-09 4.79083e-11
 1.70876e-11 1.85469e-09 1.187e-07 4.47937e-06 9.96715e-05 0.00130774 0.010118 0.0461788 0.124554 0.200349 0.200797 0.148614 0.111473 0.0840281 0.0473921 0.0181742 0.00526584 0.00132441 0.000274373 4.05588e-05 4.10295e-06 3.02047e-07 1.74775e-08 7.99025e-10 2.79269e-11
 1.79023e-11 1.94312e-09 1.24359e-07 4.69294e-06 0.000104424 0.00137008 0.0106002 0.0483757 0.130425 0.209353 0.207749 0.148304 0.104439 0.0757021 0.0420272 0.0158236 0.00441779 0.00105976 0.000211844 3.03208e-05 2.90606e-06 1.94449e-07 9.92756e-09 4.02092e-10 1.25428e-11
 1.83989e-11 1.99702e-09 1.27809e-07 4.82312e-06 0.00010732 0.00140808 0.0108941 0.0497146 0.134002 0.214827 0.211918 0.147927 0.0998677 0.0704437 0.0388485 0.0146651 0.00413378 0.00100431 0.000202491 2.91249e-05 2.80533e-06 1.88824e-07 9.64106e-09 3.82748e-10 1.13293e-11
 1.93011e-11 2.09495e-09 1.34076e-07 5.05962e-06 0.000112583 0.00147712 0.011428 0.0521471 0.140499 0.22477 0.219487 0.147232 0.0915441 0.060878 0.033078 0.0125766 0.00363312 0.000912051 0.000188849 2.79419e-05 2.83078e-06 2.07791e-07 1.17735e-08 5.07654e-10 1.58243e-11
 1.93418e-11 2.09937e-09 1.34359e-07 5.0703e-06 0.00011282 0.00148024 0.0114522 0.052257 0.140794 0.22523 0.219881 0.147342 0.0913832 0.0605834 0.0327448 0.0122716 0.00343447 0.000830889 0.000169348 2.5362e-05 2.68187e-06 2.12056e-07 1.31096e-08 6.14337e-10 2.0907e-11
 1.99119e-11 2.16124e-09 1.38319e-07 5.21973e-06 0.000116145 0.00152386 0.0117895 0.0537941 0.144903 0.231537 0.224783 0.147231 0.0866226 0.0548617 0.0289393 0.0104718 0.00270931 0.000585835 0.000109345 1.53605e-05 1.49585e-06 1.04925e-07 5.76469e-09 2.54112e-10 8.67176e-12
 2.02315e-11 2.19594e-09 1.4054e-07 5.30352e-06 0.00011801 0.00154832 0.0119787 0.0546561 0.147207 0.235079 0.227554 0.147228 0.0840431 0.0517108 0.026775 0.00937435 0.00222894 0.000416122 6.77368e-05 8.66556e-06 7.58156e-07 4.40011e-08 1.80836e-09 5.81306e-11 1.522e-12
 2.04581e-11 2.22054e-09 1.42114e-07 5.36294e-06 0.000119332 0.00156567 0.0121129 0.0552671 0.148839 0.237571 0.229428 0.14698 0.0818405 0.0492364 0.0253629 0.00895883 0.00219454 0.000433104 7.42985e-05 9.7659e-06 8.65221e-07 5.07182e-08 2.09892e-09 6.63177e-11 1.60791e-12
 2.04771e-11 2.2226e-09 1.42246e-07 5.36792e-06 0.000119443 0.00156712 0.0121241 0.0553184 0.148977 0.237789 0.229628 0.147076 0.0818339 0.0491433 0.0251856 0.00875065 0.00204576 0.000369599 5.81367e-05 7.2845e-06 6.27633e-07 3.55251e-08 1.38692e-09 4.0727e-11 9.29372e-13
#obs catch len freq
 2.94788e-11 2.73199e-09 1.49292e-07 4.81039e-06 9.13939e-05 0.00102393 0.00676636 0.0264133 0.0613904 0.088447 0.0936221 0.104357 0.129753 0.141865 0.132277 0.104546 0.0642903 0.0298726 0.010992 0.00331705 0.000802272 0.000147843 1.97559e-05 1.83622e-06 1.14826e-07
 4.52413e-11 4.04392e-09 2.13136e-07 6.62368e-06 0.000121376 0.00131154 0.00835903 0.031468 0.0704946 0.0976243 0.0983574 0.103469 0.12387 0.134147 0.125957 0.100053 0.0616833 0.0287713 0.0104756 0.00302265 0.000678114 0.000114535 1.40342e-05 1.19984e-06 6.91188e-08
 2.35306e-11 2.02512e-09 1.02768e-07 3.07507e-06 5.42574e-05 0.000564624 0.00346921 0.0126585 0.0282559 0.0440098 0.0666378 0.112198 0.160083 0.175688 0.160246 0.121308 0.0702259 0.0305476 0.0104514 0.0028743 0.000615126 9.76067e-05 1.10367e-05 8.61702e-07 4.52136e-08
 1.75635e-18 7.72062e-16 2.00116e-13 3.05846e-11 2.75631e-09 1.46484e-07 4.59203e-06 8.49818e-05 0.000930858 0.00608409 0.0243107 0.0633245 0.121464 0.189721 0.230426 0.194853 0.10976 0.0427774 0.0125895 0.00299908 0.00057523 8.40615e-05 8.83609e-06 6.39216e-07 3.0834e-08
 1.35904e-10 1.07913e-08 5.05252e-07 1.39486e-05 0.000227065 0.00217986 0.0123498 0.0414389 0.0839029 0.11189 0.129366 0.165784 0.185513 0.141824 0.0737127 0.0310114 0.013083 0.00536656 0.00179834 0.000446043 7.99364e-05 1.03715e-05 9.66738e-07 6.29949e-08 2.77154e-09
 2.71174e-10 2.0637e-08 9.26047e-07 2.45023e-05 0.000382273 0.00351684 0.0190833 0.0611597 0.11659 0.137063 0.116276 0.103525 0.111744 0.117042 0.104125 0.0690964 0.0303166 0.0083589 0.00148139 0.000189925 2.14197e-05 2.23798e-06 1.86366e-07 1.09204e-08 4.28688e-10
 4.98104e-10 3.62815e-08 1.55825e-06 3.94617e-05 0.00058926 0.0051886 0.0269472 0.0826537 0.150751 0.169238 0.135717 0.110497 0.103459 0.088798 0.0648519 0.0384576 0.0166573 0.00496611 0.00102286 0.000148169 1.51106e-05 1.08796e-06 5.73536e-08 2.3251e-09 7.19827e-11
 5.41645e-10 3.7713e-08 1.5483e-06 3.74806e-05 0.000535003 0.00450351 0.0223686 0.0657517 0.116146 0.132634 0.125769 0.134088 0.139269 0.115834 0.0783801 0.0425534 0.0167294 0.00446106 0.000817653 0.000108868 1.08948e-05 8.0123e-07 4.12432e-08 1.43422e-09 3.33126e-11
 9.09449e-10 6.04569e-08 2.36974e-06 5.477e-05 0.000746415 0.00599857 0.0284395 0.0797146 0.133574 0.141331 0.116768 0.108922 0.114285 0.109036 0.0861522 0.0500903 0.0192919 0.00474265 0.000759552 8.40458e-05 6.8607e-06 4.2449e-07 1.9463e-08 6.33615e-10 1.40628e-11
 1.49567e-09 9.48218e-08 3.5446e-06 7.81294e-05 0.00101545 0.00778285 0.0351936 0.0941273 0.150818 0.154005 0.125728 0.11524 0.111078 0.0921916 0.0634692 0.0335574 0.0122401 0.00294101 0.000472776 5.29765e-05 4.24593e-06 2.4189e-07 9.61756e-09 2.64033e-10 4.97476e-12
 1.93517e-09 1.1688e-07 4.16244e-06 8.74067e-05 0.00108229 0.00790331 0.0340619 0.0869809 0.134243 0.137209 0.123309 0.127096 0.126052 0.10344 0.0692033 0.034711 0.0117053 0.00252422 0.000351361 3.31887e-05 2.26414e-06 1.14888e-07 4.24356e-09 1.09322e-10 1.89607e-12
 3.11597e-09 1.79117e-07 6.07109e-06 0.000121335 0.00142991 0.00993778 0.0407603 0.0990208 0.145123 0.139781 0.116849 0.114649 0.11511 0.0998677 0.0694694 0.03441 0.010997 0.0021776 0.0002677 2.11077e-05 1.13019e-06 4.36585e-08 1.25115e-09 2.6204e-11 3.87943e-13
 4.79239e-09 2.61952e-07 8.44267e-06 0.000160445 0.00179796 0.0118826 0.0463565 0.107237 0.150482 0.141907 0.121338 0.119952 0.113962 0.0906938 0.0578949 0.0266522 0.00799356 0.0014938 0.000173908 1.2985e-05 6.51246e-07 2.28435e-08 5.66061e-10 9.75105e-12 1.14731e-13
 5.60675e-09 2.91166e-07 8.91576e-06 0.000160979 0.00171397 0.0107645 0.0399443 0.0883045 0.121088 0.121223 0.124375 0.139733 0.136434 0.108459 0.0678075 0.0298864 0.00845299 0.0014742 0.000158276 1.07188e-05 4.78688e-07 1.48096e-08 3.25664e-10 5.03669e-12 5.33093e-14
 8.73783e-09 4.30784e-07 1.25229e-05 0.000214655 0.00216969 0.0129361 0.0455649 0.0955555 0.123938 0.116363 0.112533 0.126171 0.132023 0.114851 0.0748197 0.0324768 0.00877398 0.00144207 0.000144764 9.08629e-06 3.71391e-07 1.036e-08 2.02878e-10 2.7744e-12 2.58807e-14
 1.49129e-08 6.97504e-07 1.92361e-05 0.000312812 0.00299965 0.0169678 0.056711 0.112938 0.139558 0.126056 0.117793 0.124479 0.119704 0.0951363 0.0572072 0.0231962 0.00590533 0.000922624 8.91548e-05 5.4853e-06 2.24023e-07 6.28706e-09 1.21954e-10 1.60247e-12 1.39344e-14
 2.02116e-08 8.96296e-07 2.34364e-05 0.000361349 0.00328552 0.0176254 0.0559282 0.106297 0.128334 0.121695 0.126039 0.13689 0.127184 0.0958385 0.0542318 0.0206 0.00489244 0.00070847 6.27434e-05 3.47832e-06 1.25744e-07 3.10784e-09 5.40284e-11 6.56468e-13 5.42724e-15
 3.14636e-08 1.32222e-06 3.27633e-05 0.000478707 0.00412473 0.0209697 0.0630655 0.113659 0.130393 0.118388 0.119479 0.130034 0.124579 0.0962211 0.0538248 0.0196488 0.00443569 0.000610713 5.18208e-05 2.78873e-06 9.91152e-08 2.40895e-09 4.0365e-11 4.58084e-13 3.44231e-15
 4.86533e-08 1.93674e-06 4.54592e-05 0.000629175 0.00513546 0.0247357 0.0705341 0.120955 0.134009 0.122004 0.124631 0.131007 0.117825 0.0849338 0.0444913 0.0153035 0.0032841 0.000436131 3.65411e-05 2.00252e-06 7.44053e-08 1.89945e-09 3.28237e-11 3.74534e-13 2.77305e-15
 6.64488e-08 2.50479e-06 5.56731e-05 0.000729671 0.00564022 0.0257363 0.0696344 0.114168 0.12472 0.120006 0.131034 0.138986 0.123106 0.0860967 0.0429863 0.0139271 0.00279778 0.000346381 2.69581e-05 1.37038e-06 4.74884e-08 1.14809e-09 1.91968e-11 2.16343e-13 1.60482e-15
 1.04102e-07 3.71506e-06 7.81741e-05 0.000969993 0.0070985 0.0306671 0.0785812 0.122148 0.127057 0.117739 0.125757 0.133094 0.119075 0.0827228 0.0399666 0.0123637 0.00237225 0.000283498 2.16883e-05 1.10406e-06 3.85223e-08 9.23532e-10 1.49225e-11 1.59134e-13 1.10635e-15
 1.56886e-07 5.29969e-06 0.000105562 0.00123988 0.00858962 0.0351408 0.0853952 0.126737 0.12905 0.122111 0.131051 0.132827 0.111523 0.0723375 0.0326052 0.00940356 0.00167862 0.000185911 1.31172e-05 6.14566e-07 1.98564e-08 4.47531e-10 6.91912e-12 7.15065e-14 4.83793e-16
 2.53743e-07 8.11315e-06 0.00015296 0.00170052 0.0111509 0.043181 0.0993354 0.139599 0.134698 0.121129 0.124834 0.1234 0.101472 0.0635136 0.0271377 0.0073364 0.00121839 0.000124504 8.01093e-06 3.3743e-07 9.69626e-09 1.94157e-10 2.687e-12 2.51204e-14 1.55416e-16
 3.40446e-07 1.03033e-05 0.000183864 0.00193487 0.0120117 0.0440728 0.0964371 0.131135 0.129718 0.128462 0.137899 0.130495 0.0997542 0.0579342 0.023087 0.00585196 0.000916366 8.89589e-05 5.48966e-06 2.23486e-07 6.1954e-09 1.17858e-10 1.51497e-12 1.28887e-14 7.15892e-17
 4.78991e-07 1.37217e-05 0.000231785 0.00230889 0.0135694 0.0471534 0.097904 0.127365 0.123758 0.124539 0.136455 0.13282 0.104133 0.0601261 0.0231231 0.00558327 0.000832976 7.77368e-05 4.67953e-06 1.88453e-07 5.19161e-09 9.74257e-11 1.21977e-12 9.98857e-15 5.28543e-17
 7.21909e-07 1.95775e-05 0.000313062 0.00295224 0.0164268 0.0540658 0.106517 0.13247 0.125722 0.125807 0.135192 0.127659 0.0962254 0.0526977 0.0190131 0.00427504 0.000589591 5.03748e-05 2.74457e-06 9.92856e-08 2.46841e-09 4.2548e-11 4.99979e-13 3.90745e-15 1.9904e-17
 9.59342e-07 2.46317e-05 0.000372924 0.00332983 0.017548 0.0547761 0.102975 0.125268 0.123924 0.133082 0.144004 0.13128 0.0941718 0.0487006 0.01654 0.0035048 0.000457735 3.73385e-05 1.96057e-06 6.86611e-08 1.63989e-09 2.66412e-11 2.88968e-13 2.05558e-15 9.48869e-18
 1.38477e-06 3.36667e-05 0.000482648 0.00408081 0.0203664 0.060235 0.107515 0.125204 0.121118 0.129737 0.141403 0.130865 0.0937131 0.0468694 0.0150314 0.00296321 0.000355343 2.61745e-05 1.21539e-06 3.69755e-08 7.65817e-10 1.09906e-11 1.08179e-13 7.12845e-16 3.07504e-18
#spawning biomass
 55813.7 46828.5 68203.9 77453.6 128178 195888 291961 451144 553769 754457 834373 1.13911e+06 1.12353e+06 1.11827e+06 1.06986e+06 1.06994e+06 1.30549e+06 1.38315e+06 1.02882e+06 1.30974e+06 1.20193e+06 1.71295e+06 1.69327e+06 2.08682e+06 1.38579e+06 1.61391e+06 1.72528e+06 1.69838e+06 1.63781e+06 4187.69 4187.69 4187.69 4187.69 4187.69 4187.69 4187.69 4187.69 4187.69 4187.69 4187.69 4187.69 4187.69 4187.69 4187.69 4187.69 4187.69 4187.69 4187.69 4187.69 4187.69 4187.69 4187.69 4187.69 4187.69 4187.69 4187.69 4187.69 4187.69 4187.69 4187.69 4187.69 4187.69 4187.69 4187.69 4187.69 4187.69 4187.69 4187.69 4187.69 4187.69 4187.69 4187.69 4187.69 4187.69 4187.69 4187.69 4187.69 4187.69 4187.69 4187.69 4187.69 4187.69 4187.69 4187.69 4187.69 4187.69 4187.69 4187.69 4187.69 4187.69 4187.69 4187.69 4187.69 4187.69 4187.69 4187.69 4187.69 4187.69 4187.69 4187.69 4187.69 4187.69 4187.69 4187.69 4187.69 4187.69 4187.69 4187.69 4187.69 4187.69 4187.69 4187.69 4187.69 4187.69 4187.69 4187.69 4187.69 4187.69 4187.69 4187.69 4187.69 4187.69 4187.69 4187.69 4187.69 4187.69 4187.69 4187.69 0 0 0 0 0 0 0 0 0 0 0 0 0 0 0 0 0 0 0 0 0 0 0 0 0
