SBPRF35
1.34834
Curr Bio
131946
B35
936618
F35
0.182804
FOFL
0
OFL
0
Bzero
385241
#pred survey bio
 11249.3 9741.63 11934 17177.2 22461.6 26460.7 32413.3 38033.7 39615.9 49860.5 66687.8 80321.7 103420 127955 128881 111848 108733 106039 99214.9 95661.6 99440.2 103236 106058 112648 130092 135378 126099 110981 104050 2.46054e+06 4.10058e+06 5.47563e+06 5.98509e+06 5.95116e+06 5.64371e+06 5.23134e+06 4.80993e+06 4.42725e+06 4.10193e+06 3.83654e+06 3.62586e+06 3.46167e+06 3.33516e+06 3.23662e+06 3.15874e+06 3.1011e+06 3.05822e+06 3.02614e+06 3.00199e+06 2.98368e+06 2.9697e+06 2.95894e+06 2.9506e+06 2.94407e+06 2.93892e+06 2.93481e+06 2.93152e+06 2.92886e+06 2.92669e+06 2.92491e+06 2.92343e+06 2.9222e+06 2.92118e+06 2.92032e+06 2.91959e+06 2.91897e+06 2.91845e+06 2.918e+06 2.91762e+06 2.9173e+06 2.91702e+06 2.91678e+06 2.91657e+06 2.91639e+06 2.91624e+06 2.91611e+06 2.91599e+06 2.91589e+06 2.91581e+06 2.91574e+06 2.91567e+06 2.91562e+06 2.91557e+06 2.91553e+06 2.91549e+06 2.91546e+06 2.91544e+06 2.91541e+06 2.91539e+06 2.91538e+06 2.91536e+06 2.91535e+06 2.91534e+06 2.91533e+06 2.91532e+06 2.91531e+06 2.91531e+06 2.9153e+06 2.9153e+06 2.91529e+06 2.91529e+06 2.91529e+06 2.91528e+06 2.91528e+06 2.91528e+06 2.91528e+06 2.91528e+06 2.91527e+06 2.91527e+06 2.91527e+06 2.91527e+06 2.91527e+06 2.91527e+06 2.91527e+06 2.91527e+06 2.91527e+06 2.91527e+06 2.91527e+06 2.91527e+06 2.91527e+06 2.91527e+06 2.91527e+06 2.91527e+06 2.91527e+06 2.91527e+06 2.91527e+06 2.91527e+06 2.91527e+06 2.91527e+06 0 0 0 0 0 0 0 0 0 0 0 0 0 0 0 0 0 0 0 0 0 0 0 0 0
#obs survey bio
 10052.4 11008.8 12816.8 18228.3 13375.7 27083 33283.6 32135.2 41321.2 37301.9 52321.6 60926.4 84978.4 99446.1 92644.6 74386 78912.1 60065.5 121284 58816.8 80935.5 109568 83502.3 99588.4 107922 134295 78598.5 91997.4 97622.3
#pred catch bio
 7539.65 6123.6 6550.86 9887.27 14789.2 17400.3 21675.1 28300.6 28740.1 34744.6 49677.7 61007.8 78610.1 100960 108338 92842.9 91410.6 92753.5 84971.9 80990.4 87477.3 91131.6 94564.3 97327.8 114564 122097 116898 101805 94249.8 0 25050.7 39456.2 43453.8 42729.8 40051.9 36680.8 33307.7 30279.9 27730.4 25671.2 24055.2 22813.1 21871.9 21157.6 20613.2 20220.8 19937.9 19734 19586.9 19481 19404.6 19349.5 19309.8 19281.2 19260.5 19245.7 19234.9 19227.2 19221.6 19217.6 19214.7 19212.6 19211.1 19210 19209.3 19208.7 19208.3 19208 19207.8 19207.6 19207.5 19207.5 19207.4 19207.4 19207.3 19207.3 19207.3 19207.3 19207.3 19207.3 19207.3 19207.3 19207.3 19207.3 19207.2 19207.2 19207.2 19207.2 19207.2 19207.2 19207.2 19207.2 19207.2 19207.2 19207.2 19207.2 19207.2 19207.2 19207.2 19207.2 19207.2 19207.2 19207.2 19207.2 19207.2 19207.2 19207.2 19207.2 19207.2 19207.2 19207.2 19207.2 19207.2 19207.2 19207.2 19207.2 19207.2 19207.2 19207.2 19207.2 19207.2 19207.2 19207.2 19207.2 19207.2 19207.2 19207.2 19207.2 19207.2 0 0 0 0 0 0 0 0 0 0 0 0 0 0 0 0 0 0 0 0 0 0 0 0 0
#obs catch bio
 5634.03 6130.21 6425.42 9513.31 14811.5 16987.3 21563.5 27652.8 27664.9 33690.2 48580.8 59980.9 75732.7 99333.5 108743 94833.5 90711.1 93752.5 82893.8 78583 85237.7 88502.1 92769.1 93792.5 108974 116186 116072 100445 91633.3
#pred cpue bio
 8383.94 6662.22 7172.98 10638 14413.9 16128.9 19542.9 23385.8 23381.4 27108.1 37081.4 44478.4 53718.8 69371.7 75527.1 63955.3 59471.5 57783.3 52145.6 51844.6 51654.1 51494.6 53770.1 54686.8 64071.8 68693 65071.1 55965.1 52052.8 1.2249e+06 3.31045e+06 5.30351e+06 5.8852e+06 5.82639e+06 5.50531e+06 5.08829e+06 4.6655e+06 4.28243e+06 3.95699e+06 3.69158e+06 3.48089e+06 3.31669e+06 3.19018e+06 3.09164e+06 3.01377e+06 2.95613e+06 2.91325e+06 2.88117e+06 2.85701e+06 2.83871e+06 2.82473e+06 2.81397e+06 2.80563e+06 2.7991e+06 2.79394e+06 2.78984e+06 2.78655e+06 2.78389e+06 2.78172e+06 2.77993e+06 2.77846e+06 2.77723e+06 2.77621e+06 2.77534e+06 2.77462e+06 2.774e+06 2.77348e+06 2.77303e+06 2.77265e+06 2.77232e+06 2.77204e+06 2.7718e+06 2.7716e+06 2.77142e+06 2.77127e+06 2.77113e+06 2.77102e+06 2.77092e+06 2.77084e+06 2.77076e+06 2.7707e+06 2.77064e+06 2.7706e+06 2.77056e+06 2.77052e+06 2.77049e+06 2.77046e+06 2.77044e+06 2.77042e+06 2.7704e+06 2.77039e+06 2.77038e+06 2.77036e+06 2.77035e+06 2.77035e+06 2.77034e+06 2.77033e+06 2.77033e+06 2.77032e+06 2.77032e+06 2.77032e+06 2.77031e+06 2.77031e+06 2.77031e+06 2.77031e+06 2.7703e+06 2.7703e+06 2.7703e+06 2.7703e+06 2.7703e+06 2.7703e+06 2.7703e+06 2.7703e+06 2.7703e+06 2.7703e+06 2.7703e+06 2.7703e+06 2.77029e+06 2.77029e+06 2.77029e+06 2.77029e+06 2.77029e+06 2.77029e+06 2.77029e+06 2.77029e+06 2.77029e+06 2.77029e+06 2.77029e+06 2.77029e+06 0 0 0 0 0 0 0 0 0 0 0 0 0 0 0 0 0 0 0 0 0 0 0 0 0
#obs cpue bio
 8371.89 6933.48 8931.33 18737.5 19638.1 25085.8 20014.6 46210.8 47825.3 46497.3 58131.3 94284.6 102888 98601.5 91267.1 74892.1 85384.2 97232.6 63433.1 139642 99383 69871.8 97989.6 114179 163152 144518 102501 96739.3 100361
#pred surv len freq
 2.56052e-27 2.58137e-27 2.71998e-26 5.19818e-20 1.27427e-14 3.77589e-10 1.35246e-06 0.000585564 0.0306463 0.193878 0.14867 0.0395447 0.196546 0.181866 0.0472782 0.062561 0.0269293 0.020745 0.0127353 0.00966888 0.00758004 0.00655528 0.00658243 0.00584286 0.00178443
 2.56325e-27 2.58891e-27 3.38583e-26 6.60282e-20 1.6186e-14 4.79621e-10 1.71792e-06 0.000743794 0.0389275 0.246266 0.188644 0.037697 0.154404 0.143601 0.0521622 0.0830165 0.0282431 0.0118442 0.0052963 0.00301788 0.00192668 0.00142732 0.00127127 0.00113011 0.000378408
 2.56605e-27 2.59612e-27 3.98372e-26 7.86396e-20 1.92776e-14 5.71229e-10 2.04604e-06 0.000885859 0.0463627 0.293303 0.22459 0.0395515 0.143262 0.132515 0.0356596 0.0482334 0.0186778 0.0111365 0.00356334 0.00111032 0.000468579 0.000263984 0.000194738 0.000162916 5.65283e-05
 2.56416e-27 2.59088e-27 3.51058e-26 6.86581e-20 1.68307e-14 4.98724e-10 1.78635e-06 0.00077342 0.040478 0.256075 0.196197 0.0416617 0.179269 0.165665 0.04016 0.0500329 0.0173869 0.00783523 0.00299539 0.00107235 0.000242311 7.59176e-05 3.95084e-05 2.84924e-05 9.79803e-06
 2.56376e-27 2.59003e-27 3.45534e-26 6.74934e-20 1.65452e-14 4.90264e-10 1.75604e-06 0.0007603 0.0397913 0.251731 0.192854 0.0400803 0.169584 0.157161 0.0465283 0.0666898 0.0223074 0.00859953 0.00276493 0.000853826 0.000230523 4.36717e-05 1.06998e-05 5.52145e-06 1.78293e-06
 2.56502e-27 2.59328e-27 3.72717e-26 7.32273e-20 1.79508e-14 5.31914e-10 1.90523e-06 0.000824891 0.0431718 0.273117 0.209193 0.0406081 0.162121 0.149946 0.0393049 0.0520518 0.0181827 0.00819438 0.00248419 0.000628674 0.000137735 2.68647e-05 3.7383e-06 8.69418e-07 2.34414e-07
 2.56472e-27 2.59234e-27 3.63315e-26 7.12437e-20 1.74645e-14 5.17505e-10 1.85362e-06 0.000802545 0.0420023 0.265718 0.203562 0.0417894 0.175067 0.161726 0.0383871 0.0469261 0.0155978 0.00589809 0.00188092 0.000524966 9.87196e-05 1.53453e-05 1.87276e-06 1.89526e-07 2.97031e-08
 2.56414e-27 2.5908e-27 3.50073e-26 6.84502e-20 1.67797e-14 4.97214e-10 1.78094e-06 0.000771077 0.0403554 0.2553 0.195607 0.0418308 0.180971 0.167283 0.0413456 0.0522479 0.0167973 0.00543012 0.00157849 0.000389056 7.93068e-05 1.14545e-05 1.10151e-06 7.56096e-08 4.87773e-09
 2.56509e-27 2.59328e-27 3.70959e-26 7.28558e-20 1.78597e-14 5.29216e-10 1.89556e-06 0.000820706 0.0429528 0.271731 0.208157 0.0420241 0.173624 0.160326 0.0369154 0.0438736 0.0139266 0.00421765 0.001144 0.000236641 4.18198e-05 6.00131e-06 5.48138e-07 2.86669e-08 9.48619e-10
 2.56716e-27 2.59883e-27 4.19242e-26 8.30413e-20 2.03566e-14 6.03202e-10 2.16057e-06 0.000935443 0.0489577 0.30972 0.237153 0.0412805 0.147593 0.136153 0.0298862 0.0339057 0.0105741 0.00290404 0.000762927 0.000146503 2.24003e-05 2.69547e-06 2.31907e-07 1.1204e-08 2.57713e-10
 2.5659e-27 2.59528e-27 3.86825e-26 7.62022e-20 1.868e-14 5.53523e-10 1.98263e-06 0.000858402 0.0449256 0.284212 0.217705 0.0431475 0.175465 0.161669 0.0307105 0.0293501 0.00900645 0.00226229 0.000570389 9.98568e-05 1.42839e-05 1.5016e-06 1.06802e-07 4.6999e-09 9.51772e-11
 2.56623e-27 2.59622e-27 3.95503e-26 7.80332e-20 1.91289e-14 5.66823e-10 2.03027e-06 0.000879028 0.0460051 0.291041 0.22291 0.0425233 0.167058 0.154015 0.0312431 0.0324684 0.00959368 0.00177337 0.000412505 6.55935e-05 8.64508e-06 8.27068e-07 5.12459e-08 1.86384e-09 3.35303e-11
 2.56765e-27 2.60001e-27 4.28517e-26 8.49975e-20 2.08361e-14 6.17411e-10 2.21146e-06 0.000957479 0.050111 0.317016 0.242736 0.0420138 0.149252 0.137463 0.0261461 0.0250173 0.00744257 0.00147332 0.000325609 3.90242e-05 4.52248e-06 3.89492e-07 2.16261e-08 6.77899e-10 1.01218e-11
 2.56602e-27 2.5955e-27 3.87682e-26 7.63827e-20 1.87243e-14 5.54834e-10 1.98732e-06 0.000860435 0.0450321 0.284886 0.218233 0.0439888 0.181497 0.167046 0.0282475 0.0223546 0.00650904 0.00108088 0.000232285 2.87682e-05 2.86916e-06 1.93345e-07 9.3898e-09 2.60001e-10 3.31752e-12
 2.56405e-27 2.59024e-27 3.41976e-26 6.6741e-20 1.63608e-14 4.84798e-10 1.73647e-06 0.000751824 0.0393477 0.248925 0.190784 0.0446003 0.205435 0.189332 0.0357488 0.0338331 0.00968808 0.00127481 0.00024883 2.64169e-05 2.56532e-06 1.62441e-07 6.17542e-09 1.42443e-10 1.58342e-12
 2.56523e-27 2.59351e-27 3.71505e-26 7.29705e-20 1.78878e-14 5.30049e-10 1.89854e-06 0.000821997 0.0430204 0.272159 0.208503 0.0432162 0.182453 0.168238 0.0340732 0.0353296 0.0102606 0.00158124 0.000312877 2.66886e-05 2.20767e-06 1.24188e-07 4.45926e-09 8.35006e-11 7.50223e-13
 2.56612e-27 2.59583e-27 3.91196e-26 7.71242e-20 1.89061e-14 5.6022e-10 2.00661e-06 0.000868788 0.0454692 0.287651 0.220334 0.0433553 0.175199 0.161361 0.0295446 0.0267432 0.00782694 0.00133803 0.000277352 2.69118e-05 2.13783e-06 9.56551e-08 2.93284e-09 5.01061e-11 3.76089e-13
 2.56582e-27 2.59496e-27 3.82827e-26 7.53584e-20 1.84732e-14 5.47394e-10 1.96067e-06 0.000848897 0.0444282 0.281065 0.215319 0.0441948 0.185111 0.170373 0.0286823 0.0225007 0.00643031 0.000857312 0.00016815 1.77143e-05 1.52761e-06 7.33723e-08 1.90999e-09 2.66571e-11 1.76818e-13
 2.56668e-27 2.59726e-27 4.0296e-26 7.96056e-20 1.95143e-14 5.78245e-10 2.07118e-06 0.00089674 0.0469321 0.296906 0.227408 0.0437727 0.173405 0.159529 0.0260027 0.0191167 0.00536787 0.000557189 9.57268e-05 8.00232e-06 6.54097e-07 3.43666e-08 9.7163e-10 1.25095e-11 6.75428e-14
 2.5657e-27 2.59456e-27 3.78774e-26 7.45032e-20 1.82636e-14 5.41182e-10 1.93842e-06 0.000839263 0.043924 0.277876 0.212892 0.044737 0.190943 0.175656 0.0278494 0.019267 0.00538897 0.000532294 8.70608e-05 5.83443e-06 3.84481e-07 1.66988e-08 4.85915e-10 6.81587e-12 3.57728e-14
 2.56727e-27 2.59891e-27 4.18116e-26 8.2803e-20 2.02982e-14 6.01471e-10 2.15437e-06 0.000932759 0.0488172 0.308831 0.236499 0.04286 0.160072 0.147337 0.0258773 0.0218961 0.00615076 0.000615536 0.000100983 6.5284e-06 3.89467e-07 1.30447e-08 3.01812e-10 3.98894e-12 2.24298e-14
 2.56758e-27 2.59964e-27 4.23395e-26 8.39163e-20 2.05711e-14 6.09558e-10 2.18333e-06 0.0009453 0.0494736 0.312984 0.239684 0.0437242 0.164411 0.151088 0.0219446 0.0119952 0.00334468 0.000343245 5.68987e-05 3.62232e-06 2.11249e-07 6.58202e-09 1.24532e-10 1.25781e-12 6.25639e-15
 2.56713e-27 2.59839e-27 4.12194e-26 8.15533e-20 1.99918e-14 5.92393e-10 2.12185e-06 0.000918681 0.0480804 0.30417 0.232961 0.0441788 0.172594 0.158614 0.0228202 0.0120933 0.00330754 0.000228295 2.93508e-05 1.88687e-06 1.10774e-07 3.37958e-09 6.07787e-11 5.23592e-13 2.00322e-15
 2.56822e-27 2.60139e-27 4.38991e-26 8.72065e-20 2.13776e-14 6.33457e-10 2.26894e-06 0.000982363 0.0514133 0.325255 0.249045 0.0431638 0.15357 0.141107 0.0206142 0.0114704 0.00313809 0.000211061 2.57587e-05 1.19341e-06 5.20597e-08 1.58023e-09 2.8219e-11 2.33241e-13 7.88891e-16
 2.5678e-27 2.60023e-27 4.28458e-26 8.49843e-20 2.08329e-14 6.17315e-10 2.21112e-06 0.000957331 0.0501032 0.316967 0.242724 0.0436634 0.161812 0.148669 0.0211425 0.010773 0.00294726 0.000210351 2.70232e-05 1.22857e-06 4.7909e-08 1.00123e-09 1.486e-11 1.21589e-13 3.99092e-16
 2.56707e-27 2.59824e-27 4.10754e-26 8.12495e-20 1.99173e-14 5.90186e-10 2.11395e-06 0.000915258 0.0479013 0.303037 0.232098 0.0442766 0.173945 0.159847 0.0228009 0.0117388 0.00320226 0.000210098 2.50892e-05 1.18866e-06 4.87388e-08 9.71146e-10 1.13546e-11 6.74291e-14 2.03773e-16
 2.56667e-27 2.59714e-27 4.01085e-26 7.92097e-20 1.94173e-14 5.75369e-10 2.06088e-06 0.000892281 0.0466988 0.295429 0.226293 0.0445598 0.180179 0.165602 0.023876 0.0127401 0.00347632 0.000223771 2.60835e-05 1.15117e-06 4.35293e-08 9.05843e-10 1.07396e-11 5.51575e-14 1.22468e-16
 2.5672e-27 2.59857e-27 4.13671e-26 8.18649e-20 2.00682e-14 5.94656e-10 2.12996e-06 0.000922191 0.0482642 0.305333 0.233849 0.0442219 0.172298 0.158319 0.0223792 0.0111623 0.00303709 0.000189501 2.13436e-05 9.19397e-07 3.30972e-08 6.30637e-10 7.19715e-12 3.81887e-14 7.92287e-17
 2.56735e-27 2.59899e-27 4.17314e-26 8.26334e-20 2.02566e-14 6.00239e-10 2.14995e-06 0.000930848 0.0487172 0.308199 0.236037 0.0441567 0.170265 0.156431 0.0218393 0.0104073 0.00282479 0.000170332 1.84312e-05 7.74528e-07 2.67762e-08 4.91556e-10 5.24679e-12 2.57913e-14 5.347e-17
#obs surv len freq
 1.08389e-41 1.50437e-33 2.52389e-26 5.1184e-20 1.25471e-14 3.71795e-10 1.33171e-06 0.000576584 0.0301761 0.190903 0.146481 0.0401615 0.173351 0.146677 0.103774 0.101715 0.0442486 0.017439 0.00396958 0.000498759 2.5428e-05 3.82831e-07 1.28663e-09 7.87908e-13 7.69518e-17
 1.60415e-41 2.22645e-33 3.73534e-26 7.57519e-20 1.85697e-14 5.50254e-10 1.97092e-06 0.00085334 0.0446604 0.282535 0.216467 0.0406859 0.126678 0.102243 0.0760031 0.0686718 0.028675 0.0102224 0.0020702 0.000224104 9.39538e-06 1.0996e-07 2.74695e-10 1.2168e-13 8.47385e-18
 1.53761e-41 2.1341e-33 3.5804e-26 7.26098e-20 1.77994e-14 5.2743e-10 1.88917e-06 0.000817944 0.0428079 0.270816 0.207748 0.0500537 0.176876 0.128896 0.0563139 0.0423741 0.0168598 0.00539157 0.000953121 8.62057e-05 2.90876e-06 2.63213e-08 4.90258e-11 1.57754e-14 7.85426e-19
 1.07883e-41 1.49735e-33 2.51212e-26 5.09452e-20 1.24886e-14 3.70061e-10 1.3255e-06 0.000573894 0.0300354 0.190015 0.146281 0.0565348 0.230316 0.163078 0.0976614 0.0654695 0.0156684 0.00375365 0.000569098 4.21264e-05 1.1135e-06 7.6554e-09 1.05828e-11 2.48014e-15 8.86862e-20
 1.50188e-41 2.08451e-33 3.4972e-26 7.09226e-20 1.73858e-14 5.15174e-10 1.84527e-06 0.000798938 0.0418132 0.264524 0.202977 0.0472512 0.142418 0.1043 0.104049 0.0690834 0.0189394 0.00350507 0.000320519 1.77423e-05 3.59405e-07 1.83882e-09 1.86002e-12 3.15707e-16 8.11091e-21
 1.20082e-41 1.66666e-33 2.79617e-26 5.67058e-20 1.39008e-14 4.11905e-10 1.47538e-06 0.000638787 0.0334316 0.211501 0.163044 0.0649298 0.230944 0.143888 0.0785703 0.0498726 0.0191328 0.00374103 0.000293089 9.89195e-06 1.31897e-07 4.85189e-10 3.53288e-13 4.28988e-17 7.85975e-22
 1.37816e-41 1.91279e-33 3.2091e-26 6.50799e-20 1.59536e-14 4.72734e-10 1.69326e-06 0.000733121 0.0383686 0.242735 0.186777 0.0580743 0.175624 0.116726 0.109187 0.0564973 0.0126167 0.00243647 0.000217102 6.1913e-06 5.21124e-08 1.1854e-10 5.83939e-14 4.9697e-18 6.41911e-23
 1.1958e-41 1.6597e-33 2.78449e-26 5.64689e-20 1.38427e-14 4.10184e-10 1.46921e-06 0.000636118 0.0332919 0.21062 0.162814 0.0721501 0.226757 0.133189 0.094031 0.0495428 0.0147672 0.00206098 0.000134325 3.7547e-06 2.67092e-08 4.04718e-11 1.22272e-14 6.66613e-19 5.81046e-24
 1.51285e-41 2.09974e-33 3.52275e-26 7.14405e-20 1.75128e-14 5.18937e-10 1.85875e-06 0.000804773 0.0421186 0.26646 0.205277 0.0644149 0.166997 0.104044 0.0963813 0.0423542 0.00967132 0.0013926 8.10181e-05 1.60144e-06 9.41442e-09 1.17654e-11 2.55e-15 8.9662e-20 4.91955e-25
 1.51967e-41 2.1092e-33 3.53861e-26 7.17624e-20 1.75917e-14 5.21274e-10 1.86712e-06 0.000808398 0.0423083 0.267664 0.206814 0.0779244 0.198284 0.103619 0.0661981 0.0284652 0.00707436 0.000798818 3.87588e-05 6.55692e-07 2.80371e-09 2.59728e-12 4.39336e-16 1.16657e-20 4.50235e-26
 1.09564e-41 1.52068e-33 2.55125e-26 5.17388e-20 1.26832e-14 3.75825e-10 1.34615e-06 0.000582834 0.0305032 0.192988 0.150858 0.0970036 0.257628 0.136151 0.0958241 0.0322103 0.00563494 0.000589469 2.44259e-05 3.18711e-07 1.07449e-09 7.35955e-13 8.84942e-17 1.71102e-21 4.91837e-27
 1.66584e-41 2.31208e-33 3.87899e-26 7.8665e-20 1.92838e-14 5.71415e-10 2.04671e-06 0.000886157 0.0463779 0.293411 0.226543 0.0712547 0.144713 0.0939636 0.0894033 0.0285092 0.00458658 0.000338461 1.04451e-05 1.10022e-07 2.79775e-10 1.42475e-13 1.26128e-17 1.74371e-22 3.53243e-28
 1.33773e-41 1.85669e-33 3.11497e-26 6.31711e-20 1.54856e-14 4.58868e-10 1.64359e-06 0.000711618 0.0372433 0.235636 0.184611 0.110631 0.243096 0.106613 0.0571671 0.0201141 0.00390858 0.000259755 5.96484e-06 4.3213e-08 8.07909e-11 3.04403e-14 1.95359e-18 1.9491e-23 2.8388e-29
 1.11984e-41 1.55426e-33 2.60759e-26 5.28815e-20 1.29633e-14 3.84125e-10 1.37587e-06 0.000595706 0.0311769 0.197265 0.15591 0.112143 0.235705 0.137489 0.103071 0.0235976 0.00284553 0.00019493 4.33382e-06 2.40365e-08 3.05926e-11 7.914e-15 3.61212e-19 2.58379e-24 2.68497e-30
 8.78263e-42 1.21897e-33 2.04508e-26 4.14738e-20 1.01668e-14 3.01261e-10 1.07907e-06 0.000467199 0.0244514 0.15473 0.124703 0.123757 0.249823 0.1596 0.12377 0.0339908 0.0045077 0.00019502 3.24538e-06 1.61757e-08 1.65107e-11 3.01857e-15 9.29437e-20 4.5245e-25 3.26998e-31
 1.41411e-41 1.96269e-33 3.29283e-26 6.67779e-20 1.63698e-14 4.85067e-10 1.73743e-06 0.000752248 0.0393697 0.2491 0.195266 0.0945045 0.159695 0.126595 0.101777 0.0286914 0.00405677 0.000188039 2.47654e-06 8.33248e-09 6.55927e-12 9.59718e-16 2.22024e-20 7.61199e-26 3.74979e-32
 9.73393e-42 1.35101e-33 2.26659e-26 4.5966e-20 1.1268e-14 3.33892e-10 1.19595e-06 0.000517804 0.0270999 0.171527 0.14145 0.162247 0.27304 0.126309 0.0722352 0.0222315 0.00319112 0.000147704 1.91531e-06 5.47463e-09 3.04752e-12 3.09256e-16 5.28031e-21 1.37113e-26 5.02402e-33
 1.43083e-41 1.98589e-33 3.33175e-26 6.75673e-20 1.65633e-14 4.90801e-10 1.75797e-06 0.000761141 0.0398351 0.25207 0.199528 0.107724 0.161274 0.136758 0.0847704 0.015503 0.00169573 7.7128e-05 9.45925e-07 2.46954e-09 1.17373e-12 9.11874e-17 1.09429e-21 1.96109e-27 5.08137e-34
 1.00383e-41 1.39325e-33 2.33747e-26 4.74034e-20 1.16204e-14 3.44334e-10 1.23335e-06 0.000533997 0.0279474 0.176948 0.149552 0.1835 0.261065 0.121045 0.0621193 0.015775 0.00146827 4.29906e-05 4.28125e-07 9.83372e-10 4.01732e-13 2.59952e-17 2.48679e-22 3.3625e-28 6.25333e-35
 1.28594e-41 1.78481e-33 2.99438e-26 6.07254e-20 1.48861e-14 4.41103e-10 1.57996e-06 0.000684068 0.0358016 0.22661 0.183926 0.132258 0.181336 0.152671 0.0743202 0.011403 0.000960138 2.74895e-05 1.94002e-07 3.1552e-10 1.01688e-13 5.34821e-18 4.12042e-23 4.41415e-29 6.37746e-36
 1.4081e-41 1.95435e-33 3.27883e-26 6.64941e-20 1.63002e-14 4.83006e-10 1.73005e-06 0.000749051 0.0392026 0.248185 0.204154 0.159163 0.187422 0.102107 0.0483918 0.00994009 0.000669249 1.36611e-05 8.18267e-08 1.02432e-10 2.28937e-14 8.55777e-19 4.93978e-24 4.0695e-30 4.54017e-37
 1.12958e-41 1.56778e-33 2.63028e-26 5.33415e-20 1.30761e-14 3.87467e-10 1.38784e-06 0.000600889 0.0314486 0.199234 0.172784 0.196467 0.225129 0.122756 0.044684 0.00645724 0.000429909 8.22768e-06 3.60428e-08 3.35203e-11 5.73969e-15 1.56161e-19 6.28026e-25 3.60815e-31 2.87667e-38
 1.37473e-41 1.90803e-33 3.20112e-26 6.4918e-20 1.59139e-14 4.71558e-10 1.68904e-06 0.000731298 0.0382737 0.242399 0.202992 0.160332 0.17913 0.126497 0.0440405 0.00534609 0.000252617 3.81418e-06 1.45262e-08 1.05407e-11 1.29711e-15 2.55358e-20 7.53491e-26 3.1358e-32 1.76909e-39
 1.35408e-41 1.87938e-33 3.15304e-26 6.3943e-20 1.56749e-14 4.64476e-10 1.66368e-06 0.000720314 0.0376992 0.238906 0.206903 0.193918 0.188151 0.097101 0.0322346 0.00419435 0.000169811 1.8549e-06 5.06006e-09 2.84832e-12 2.74978e-16 4.03891e-21 8.53433e-27 2.52115e-33 1.01707e-40
 1.18798e-41 1.64884e-33 2.76627e-26 5.60994e-20 1.37521e-14 4.075e-10 1.4596e-06 0.000631956 0.0330753 0.209807 0.190438 0.214071 0.206743 0.112714 0.0295188 0.00289085 0.000106244 1.02088e-06 2.0894e-09 8.19884e-13 5.62915e-17 6.11962e-22 9.70239e-28 2.12221e-34 6.19869e-42
 1.06425e-41 1.47711e-33 2.47815e-26 5.02565e-20 1.23198e-14 3.65058e-10 1.30758e-06 0.000566136 0.0296311 0.18817 0.178218 0.221173 0.217364 0.129664 0.0323528 0.0027835 7.60342e-05 5.66164e-07 9.51949e-10 2.90294e-13 1.43323e-17 1.08212e-22 1.19744e-28 1.86584e-35 3.95176e-43
 1.04582e-41 1.45153e-33 2.43524e-26 4.93862e-20 1.21064e-14 3.58736e-10 1.28493e-06 0.000556333 0.0291187 0.185082 0.179094 0.2208 0.217027 0.133007 0.0325318 0.00271781 6.39836e-05 3.63956e-07 4.45469e-10 1.02215e-13 3.86272e-18 2.1805e-23 1.73911e-29 1.90173e-36 2.79713e-44
 1.26425e-41 1.7547e-33 2.94387e-26 5.97011e-20 1.4635e-14 4.33663e-10 1.55331e-06 0.00067253 0.0351997 0.223449 0.204017 0.199676 0.19277 0.114104 0.0277398 0.00231571 5.34241e-05 2.8153e-07 2.92515e-10 5.365e-14 1.60411e-18 7.30155e-24 4.77704e-30 4.29524e-37 5.14358e-45
 1.26428e-41 1.75474e-33 2.94393e-26 5.97023e-20 1.46353e-14 4.33672e-10 1.55334e-06 0.000672544 0.0352004 0.223454 0.204022 0.199686 0.192942 0.114465 0.0273509 0.00215994 4.61287e-05 2.2058e-07 2.04915e-10 3.32068e-14 8.69612e-19 3.44802e-24 1.95947e-30 1.5283e-37 1.58606e-45
#pred catch len freq
 2.55506e-27 2.56693e-27 1.48741e-26 2.59814e-20 6.36904e-15 1.88726e-10 6.75985e-07 0.000292676 0.0153176 0.0969041 0.0746213 0.0394696 0.247998 0.22985 0.0647333 0.0905136 0.0388329 0.0297038 0.0181166 0.0136854 0.0106983 0.0092405 0.00927481 0.008232 0.00251406
 2.55685e-27 2.57209e-27 1.95273e-26 3.5798e-20 8.77544e-15 2.60032e-10 9.31391e-07 0.000403257 0.021105 0.133517 0.102544 0.0373131 0.211976 0.197691 0.0791239 0.131002 0.0444926 0.0185094 0.00822825 0.00466093 0.00296648 0.00219464 0.00195379 0.00173666 0.000581504
 2.5593e-27 2.57821e-27 2.43972e-26 4.60694e-20 1.12934e-14 3.34642e-10 1.19863e-06 0.000518962 0.0271606 0.171826 0.131852 0.040794 0.217873 0.202012 0.0595963 0.0855309 0.0330606 0.0196025 0.00625038 0.00193384 0.000813203 0.000457393 0.000337231 0.000282092 9.78784e-05
 2.55782e-27 2.57401e-27 2.04848e-26 3.7815e-20 9.26988e-15 2.74683e-10 9.83869e-07 0.000425978 0.0222941 0.14104 0.108386 0.0434876 0.254858 0.235947 0.0621646 0.0826178 0.0286764 0.0128378 0.00488434 0.00173902 0.000391743 0.000122455 6.36803e-05 4.59177e-05 1.579e-05
 2.55779e-27 2.57417e-27 2.08887e-26 3.8668e-20 9.47898e-15 2.80879e-10 1.00606e-06 0.000435587 0.022797 0.144221 0.110778 0.0411276 0.235219 0.218399 0.0694975 0.103731 0.0346217 0.0132064 0.00422672 0.00129619 0.000348843 6.59748e-05 1.61466e-05 8.33013e-06 2.68981e-06
 2.55909e-27 2.57747e-27 2.35771e-26 4.43386e-20 1.08691e-14 3.2207e-10 1.1536e-06 0.000499465 0.0261402 0.165371 0.126947 0.0423192 0.232927 0.215791 0.0600999 0.0829907 0.028905 0.0128803 0.00388906 0.000977174 0.000213356 4.15325e-05 5.77445e-06 1.3424e-06 3.61924e-07
 2.55899e-27 2.57699e-27 2.29636e-26 4.30436e-20 1.05516e-14 3.12664e-10 1.11991e-06 0.000484878 0.0253768 0.160541 0.123285 0.0440042 0.248322 0.229717 0.0575013 0.0734507 0.024355 0.00909693 0.00288717 0.000800394 0.00015005 2.32742e-05 2.8377e-06 2.87067e-07 4.49847e-08
 2.55896e-27 2.57694e-27 2.29186e-26 4.29488e-20 1.05284e-14 3.11975e-10 1.11744e-06 0.00048381 0.0253209 0.160187 0.123014 0.0439081 0.247782 0.229286 0.0586838 0.0762065 0.024429 0.00777095 0.00224754 0.000549765 0.000111689 1.6101e-05 1.54678e-06 1.06129e-07 6.8456e-09
 2.55983e-27 2.57916e-27 2.47552e-26 4.68228e-20 1.1478e-14 3.40115e-10 1.21823e-06 0.000527449 0.0276048 0.174636 0.134055 0.0444591 0.244218 0.225759 0.0537591 0.0658338 0.020843 0.00621197 0.00167705 0.000344222 6.06183e-05 8.68032e-06 7.92101e-07 4.14085e-08 1.37002e-09
 2.56195e-27 2.58479e-27 2.96161e-26 5.70767e-20 1.39917e-14 4.14598e-10 1.48502e-06 0.000642958 0.0336501 0.21288 0.16325 0.043975 0.220021 0.203221 0.0459708 0.053715 0.0167125 0.00451486 0.0011804 0.000224911 3.42713e-05 4.11436e-06 3.53615e-07 1.70771e-08 3.9274e-10
 2.561e-27 2.58203e-27 2.69972e-26 5.15514e-20 1.26372e-14 3.74463e-10 1.34126e-06 0.000580716 0.0303926 0.192272 0.147551 0.0462607 0.248445 0.229108 0.0443429 0.043466 0.0133072 0.00328289 0.0008235 0.000143018 2.0386e-05 2.13811e-06 1.51905e-07 6.68156e-09 1.35285e-10
 2.56148e-27 2.58337e-27 2.82307e-26 5.41536e-20 1.32751e-14 3.93365e-10 1.40897e-06 0.00061003 0.0319267 0.201978 0.154948 0.045405 0.236737 0.218444 0.0450112 0.0476409 0.0140525 0.00254958 0.000589386 9.29592e-05 1.22078e-05 1.16508e-06 7.21091e-08 2.62132e-09 4.7148e-11
 2.5632e-27 2.58797e-27 3.22204e-26 6.257e-20 1.53383e-14 4.54501e-10 1.62795e-06 0.000704839 0.0368887 0.233369 0.178911 0.0449616 0.216527 0.199607 0.0382914 0.0370671 0.011004 0.00213521 0.000469273 5.57828e-05 6.43763e-06 5.53031e-07 3.06709e-08 9.60915e-10 1.43445e-11
 2.56159e-27 2.58345e-27 2.80933e-26 5.38631e-20 1.32039e-14 3.91255e-10 1.40141e-06 0.000606757 0.0317555 0.200895 0.154151 0.0472782 0.251552 0.231678 0.0394389 0.0316002 0.00918603 0.00149569 0.000319334 3.92282e-05 3.89797e-06 2.61937e-07 1.27046e-08 3.5159e-10 4.48515e-12
 2.5599e-27 2.57898e-27 2.42485e-26 4.57525e-20 1.12157e-14 3.32341e-10 1.19039e-06 0.000515393 0.0269738 0.170645 0.131055 0.0474301 0.268935 0.247975 0.0469897 0.0446943 0.0127807 0.00164912 0.000319357 3.36288e-05 3.25198e-06 2.05378e-07 7.79772e-09 1.79743e-10 1.99756e-12
 2.56103e-27 2.58214e-27 2.71278e-26 5.1827e-20 1.27048e-14 3.76465e-10 1.34843e-06 0.00058382 0.030555 0.1933 0.14833 0.0458967 0.245129 0.226162 0.045916 0.0477459 0.0138423 0.00208981 0.000410784 3.47711e-05 2.86263e-06 1.60573e-07 5.75813e-09 1.07753e-10 9.67834e-13
 2.56218e-27 2.58515e-27 2.96665e-26 5.71822e-20 1.40175e-14 4.15364e-10 1.48777e-06 0.000644146 0.0337123 0.213274 0.163586 0.0461665 0.236463 0.217907 0.0397814 0.0358476 0.0104685 0.00175073 0.000360547 3.47053e-05 2.74586e-06 1.22504e-07 3.75041e-09 6.4029e-11 4.80451e-13
 2.56223e-27 2.58518e-27 2.95964e-26 5.70338e-20 1.39811e-14 4.14286e-10 1.4839e-06 0.000642474 0.0336248 0.21272 0.163176 0.047001 0.243101 0.223844 0.0374048 0.0289251 0.0082508 0.00107613 0.000209257 2.18624e-05 1.87788e-06 8.99496e-08 2.33841e-09 3.26105e-11 2.16235e-13
 2.56305e-27 2.58735e-27 3.14962e-26 6.10416e-20 1.49636e-14 4.43398e-10 1.58818e-06 0.000687621 0.0359876 0.227668 0.174585 0.0466716 0.232578 0.214079 0.0346773 0.0251592 0.00705474 0.000717757 0.000122048 1.0122e-05 8.23328e-07 4.31385e-08 1.21809e-09 1.56718e-11 8.45873e-14
 2.5618e-27 2.58394e-27 2.84361e-26 5.4586e-20 1.33811e-14 3.96506e-10 1.42022e-06 0.0006149 0.0321816 0.203591 0.156219 0.0478736 0.25463 0.234361 0.0370733 0.0255155 0.00712865 0.000691007 0.000111885 7.44483e-06 4.87927e-07 2.11277e-08 6.13883e-10 8.60512e-12 4.51498e-14
 2.56402e-27 2.59006e-27 3.39582e-26 6.62356e-20 1.62369e-14 4.81127e-10 1.72332e-06 0.00074613 0.0390498 0.24704 0.189356 0.0453625 0.212239 0.195448 0.0339011 0.0280748 0.00787474 0.000771986 0.000125292 8.04255e-06 4.77183e-07 1.59346e-08 3.68048e-10 4.8604e-12 2.73212e-14
 2.56445e-27 2.59108e-27 3.47088e-26 6.78185e-20 1.66249e-14 4.92625e-10 1.7645e-06 0.000763962 0.039983 0.252944 0.193882 0.04645 0.217335 0.199825 0.0287705 0.015288 0.00425475 0.000427552 7.01273e-05 4.43312e-06 2.57116e-07 7.98768e-09 1.50877e-10 1.52252e-12 7.57001e-15
 2.56399e-27 2.58981e-27 3.35688e-26 6.54134e-20 1.60353e-14 4.75155e-10 1.70192e-06 0.000736868 0.038565 0.243974 0.18704 0.046931 0.225802 0.207609 0.0296126 0.0152439 0.00416351 0.000282685 3.57812e-05 2.28338e-06 1.3333e-07 4.05595e-09 7.28233e-11 6.26803e-13 2.39706e-15
 2.56505e-27 2.59273e-27 3.61783e-26 7.09185e-20 1.73848e-14 5.15143e-10 1.84516e-06 0.000798882 0.0418106 0.264506 0.202701 0.0459082 0.207014 0.190329 0.0275797 0.0149583 0.00408735 0.000270573 3.25155e-05 1.49801e-06 6.48756e-08 1.96302e-09 3.49984e-11 2.89025e-13 9.7716e-16
 2.5647e-27 2.59175e-27 3.52853e-26 6.90347e-20 1.6923e-14 5.01459e-10 1.79614e-06 0.000777661 0.0407 0.25748 0.197344 0.0463964 0.214493 0.197176 0.02781 0.0137621 0.00375955 0.000263822 3.33972e-05 1.51014e-06 5.84781e-08 1.21851e-09 1.80451e-11 1.47513e-13 4.83984e-16
 2.56404e-27 2.58994e-27 3.36764e-26 6.56406e-20 1.6091e-14 4.76805e-10 1.70783e-06 0.000739427 0.038699 0.244821 0.187687 0.0469574 0.225548 0.20736 0.0293072 0.0146107 0.00397999 0.000257019 3.01993e-05 1.42246e-06 5.79344e-08 1.15118e-09 1.34319e-11 7.96789e-14 2.40662e-16
 2.56385e-27 2.58943e-27 3.32253e-26 6.46889e-20 1.58577e-14 4.69892e-10 1.68308e-06 0.000728707 0.0381379 0.241272 0.184978 0.0470581 0.228217 0.209833 0.0299151 0.0153732 0.00418836 0.000265367 3.04186e-05 1.33525e-06 5.01257e-08 1.04006e-09 1.2307e-11 6.31451e-14 1.40125e-16
 2.56437e-27 2.59084e-27 3.44666e-26 6.73074e-20 1.64996e-14 4.88913e-10 1.7512e-06 0.000758204 0.0396817 0.251038 0.192431 0.0467452 0.220601 0.202788 0.0283714 0.0136287 0.00370232 0.000227502 2.51867e-05 1.07924e-06 3.85685e-08 7.3278e-10 8.34513e-12 4.42357e-14 9.17279e-17
 2.56443e-27 2.59098e-27 3.4588e-26 6.75635e-20 1.65624e-14 4.90773e-10 1.75787e-06 0.000761089 0.0398326 0.251993 0.193161 0.0467767 0.220327 0.202519 0.0280166 0.0128881 0.00349287 0.000207569 2.20686e-05 9.22632e-07 3.16607e-08 5.7957e-10 6.17307e-12 3.03131e-14 6.28099e-17
#obs catch len freq
 5.00306e-42 6.94391e-34 1.16499e-26 2.36257e-20 5.79156e-15 1.71614e-10 6.14695e-07 0.000266142 0.0139288 0.0881188 0.0680088 0.039765 0.217907 0.186049 0.143751 0.143667 0.065131 0.0263984 0.00617121 0.000794203 4.19213e-05 6.59786e-07 2.31911e-09 1.47719e-12 1.49084e-16
 5.73204e-42 7.95569e-34 1.33473e-26 2.70681e-20 6.63543e-15 1.9662e-10 7.0426e-07 0.00030492 0.0159583 0.100958 0.0779268 0.0436764 0.223163 0.181537 0.142863 0.130881 0.0567175 0.021015 0.00447354 0.000501856 2.16844e-05 2.62464e-07 6.80413e-10 3.12461e-13 2.24727e-17
 1.08634e-41 1.50776e-33 2.52959e-26 5.12995e-20 1.25755e-14 3.72635e-10 1.33472e-06 0.000577886 0.0302442 0.191335 0.146984 0.0451775 0.18121 0.140488 0.113514 0.0952433 0.0393916 0.0131198 0.00246813 0.00023656 8.32042e-06 7.76249e-08 1.48782e-10 4.92784e-14 2.52329e-18
 1.12054e-41 1.55523e-33 2.60922e-26 5.29144e-20 1.29714e-14 3.84365e-10 1.37673e-06 0.000596078 0.0311963 0.197359 0.151929 0.0584568 0.237723 0.164087 0.0763563 0.0538349 0.0210933 0.00626261 0.00102002 8.10115e-05 2.27382e-06 1.62806e-08 2.31485e-11 5.55343e-15 2.02996e-19
 7.87312e-42 1.09274e-33 1.83329e-26 3.71788e-20 9.11394e-15 2.70063e-10 9.67321e-07 0.000418817 0.0219192 0.138671 0.107381 0.0648982 0.274127 0.184681 0.116165 0.070927 0.016527 0.00373244 0.000517375 3.33238e-05 7.27017e-07 3.93118e-09 4.13047e-12 7.19701e-16 1.88652e-20
 1.25724e-41 1.74496e-33 2.92754e-26 5.93698e-20 1.45538e-14 4.31256e-10 1.54469e-06 0.000668797 0.0350022 0.221436 0.17031 0.0529583 0.172837 0.12242 0.125255 0.0755045 0.019964 0.00334577 0.000282093 1.36168e-05 2.26025e-07 9.04773e-10 6.93178e-13 8.72655e-17 1.64089e-21
 1.04147e-41 1.44549e-33 2.42511e-26 4.91807e-20 1.20561e-14 3.57244e-10 1.27959e-06 0.000554018 0.0289951 0.183437 0.141988 0.0735993 0.259502 0.153176 0.0859137 0.0507793 0.0185806 0.00324076 0.000225825 6.58953e-06 7.24997e-08 2.08171e-10 1.14483e-13 1.02911e-17 1.37811e-22
 1.27745e-41 1.77302e-33 2.97461e-26 6.03244e-20 1.47878e-14 4.3819e-10 1.56953e-06 0.000679551 0.035565 0.224999 0.173546 0.0645305 0.192983 0.123987 0.11581 0.0540039 0.0116671 0.00206402 0.000159783 3.82052e-06 2.62146e-08 4.67679e-11 1.74195e-14 1.0963e-18 1.03394e-23
 1.15008e-41 1.59623e-33 2.67801e-26 5.43095e-20 1.33133e-14 3.94499e-10 1.41303e-06 0.000611793 0.0320188 0.202569 0.157075 0.0796962 0.238769 0.134112 0.0946445 0.0459704 0.0128423 0.00159423 9.2821e-05 2.15767e-06 1.2226e-08 1.43843e-11 3.29113e-15 1.32922e-19 8.4573e-25
 1.51385e-41 2.10113e-33 3.52508e-26 7.1488e-20 1.75244e-14 5.19281e-10 1.85998e-06 0.000805307 0.0421466 0.266639 0.205733 0.0696163 0.171328 0.103692 0.0935461 0.037314 0.00808495 0.00103977 5.21071e-05 8.6077e-07 4.03417e-09 3.87011e-12 6.31193e-16 1.64496e-20 6.60151e-26
 1.5504e-41 2.15185e-33 3.61017e-26 7.32135e-20 1.79474e-14 5.31815e-10 1.90488e-06 0.000824746 0.0431639 0.273079 0.21134 0.083211 0.197283 0.0985897 0.0618114 0.024485 0.00562505 0.000561671 2.36338e-05 3.28051e-07 1.11091e-09 7.90518e-13 1.00222e-16 1.96598e-21 5.55338e-27
 1.15269e-41 1.59986e-33 2.6841e-26 5.4433e-20 1.33436e-14 3.95395e-10 1.41624e-06 0.000613184 0.0320916 0.20304 0.159107 0.103744 0.253456 0.129176 0.087423 0.0265755 0.00435367 0.000402897 1.41995e-05 1.51731e-07 4.02364e-10 2.10365e-13 1.893e-17 2.69888e-22 5.66429e-28
 1.7273e-41 2.39738e-33 4.0221e-26 8.15674e-20 1.99953e-14 5.92497e-10 2.12223e-06 0.000918852 0.0480891 0.304239 0.235159 0.0748176 0.140264 0.0900173 0.0798239 0.0230507 0.00339348 0.000219275 5.79962e-06 4.95699e-08 9.85778e-11 3.82062e-14 2.52315e-18 2.56815e-23 3.7951e-29
 1.40119e-41 1.94476e-33 3.26274e-26 6.61678e-20 1.62202e-14 4.80636e-10 1.72156e-06 0.000745375 0.03901 0.24682 0.193852 0.116537 0.234321 0.0984003 0.0507666 0.0165201 0.00285834 0.000163521 3.16512e-06 1.86189e-08 2.71866e-11 7.76556e-15 3.70963e-19 2.72044e-24 2.88705e-30
 1.19029e-41 1.65204e-33 2.77164e-26 5.62082e-20 1.37788e-14 4.08291e-10 1.46243e-06 0.000633182 0.0331383 0.209682 0.166231 0.118882 0.228889 0.131413 0.0903569 0.0185809 0.00206775 0.000122406 2.23986e-06 9.93746e-09 9.84399e-12 1.93079e-15 6.55083e-20 3.43925e-25 2.60164e-31
 9.47012e-42 1.31439e-33 2.20516e-26 4.47203e-20 1.09626e-14 3.24843e-10 1.16354e-06 0.000503771 0.0263654 0.166851 0.135073 0.132115 0.244491 0.154587 0.109327 0.0273837 0.00318185 0.000118144 1.64784e-06 6.50671e-09 5.1079e-12 7.04969e-16 1.61288e-20 5.76075e-26 3.02767e-32
 1.50094e-41 2.0832e-33 3.49501e-26 7.0878e-20 1.73749e-14 5.1485e-10 1.84411e-06 0.000798436 0.041787 0.264402 0.207658 0.0986613 0.153167 0.120685 0.087375 0.0225666 0.00278797 0.000108931 1.1709e-06 3.13506e-09 1.89926e-12 2.0857e-16 3.57295e-21 8.98507e-27 3.22105e-33
 1.04916e-41 1.45616e-33 2.44301e-26 4.95437e-20 1.21451e-14 3.5988e-10 1.28903e-06 0.000558107 0.0292092 0.184895 0.153262 0.170329 0.261367 0.117865 0.0625928 0.0176434 0.00219124 8.522e-05 8.90659e-07 1.9909e-09 8.48115e-13 6.46245e-17 8.15339e-22 1.54863e-27 4.12566e-34
 1.52458e-41 2.11601e-33 3.55005e-26 7.19943e-20 1.76486e-14 5.22959e-10 1.87315e-06 0.000811011 0.0424452 0.268598 0.213056 0.111255 0.153521 0.127706 0.0698097 0.0116235 0.00112938 4.28936e-05 4.20451e-07 8.51009e-10 3.06621e-13 1.77882e-17 1.57577e-22 2.0645e-28 3.88092e-35
 1.08678e-41 1.50838e-33 2.53062e-26 5.13205e-20 1.25806e-14 3.72787e-10 1.33526e-06 0.000578123 0.0302569 0.191596 0.162784 0.190483 0.247275 0.111548 0.0525632 0.011947 0.000944466 2.33498e-05 1.8692e-07 3.30712e-10 1.01769e-13 4.89053e-18 3.44068e-23 3.39739e-29 4.58791e-36
 1.3834e-41 1.92007e-33 3.22132e-26 6.53277e-20 1.60143e-14 4.74534e-10 1.6997e-06 0.000735912 0.0385149 0.243805 0.19844 0.136094 0.172998 0.140452 0.0600037 0.00833295 0.000607909 1.42511e-05 8.00136e-08 1.00677e-10 2.43923e-14 9.4856e-19 5.35377e-24 4.17583e-30 4.37285e-37
 1.50368e-41 2.087e-33 3.50138e-26 7.10073e-20 1.74066e-14 5.1579e-10 1.84748e-06 0.000799893 0.0418636 0.265061 0.218668 0.161263 0.173904 0.0916535 0.0392827 0.00709413 0.000401876 6.79938e-06 3.21718e-08 3.08129e-11 5.17104e-15 1.42839e-19 6.02291e-25 3.60061e-31 2.90359e-38
 1.22287e-41 1.69726e-33 2.8475e-26 5.77468e-20 1.4156e-14 4.19467e-10 1.50246e-06 0.000650514 0.034046 0.215734 0.187869 0.200229 0.211137 0.109957 0.0355216 0.00459221 0.000258313 3.99047e-06 1.37337e-08 9.76996e-12 1.25023e-15 2.50772e-20 7.3664e-26 3.06803e-32 1.76342e-39
 1.47572e-41 2.04821e-33 3.43629e-26 6.96873e-20 1.7083e-14 5.06201e-10 1.81313e-06 0.000785023 0.0410856 0.260249 0.218492 0.161765 0.167976 0.111668 0.0341861 0.00364511 0.000145113 1.78058e-06 5.27568e-09 2.90392e-12 2.66614e-16 3.86283e-21 8.30803e-27 2.50529e-33 1.01983e-40
 1.45237e-41 2.01579e-33 3.38191e-26 6.85844e-20 1.68127e-14 4.9819e-10 1.78444e-06 0.000772599 0.0404359 0.256308 0.222579 0.193981 0.173426 0.0846089 0.0249848 0.00280653 9.4072e-05 8.286e-07 1.76095e-09 7.50058e-13 5.37696e-17 5.80058e-22 8.93096e-28 1.90998e-34 5.55091e-42
 1.28556e-41 1.78427e-33 2.99349e-26 6.07073e-20 1.48817e-14 4.40971e-10 1.57949e-06 0.000683864 0.0357925 0.227123 0.20675 0.214998 0.192648 0.0975855 0.0224458 0.00191357 5.80993e-05 4.43551e-07 7.01524e-10 2.08009e-13 1.05929e-17 8.43433e-23 9.71949e-29 1.53794e-35 3.23828e-43
 1.16067e-41 1.61093e-33 2.70267e-26 5.48096e-20 1.34359e-14 3.98131e-10 1.42604e-06 0.000617428 0.0323162 0.20532 0.194979 0.223172 0.204989 0.112262 0.0244998 0.00180284 4.05075e-05 2.39832e-07 3.0961e-10 7.09356e-14 2.59358e-18 1.43392e-23 1.15192e-29 1.29536e-36 1.97261e-44
 1.14298e-41 1.58638e-33 2.66148e-26 5.39742e-20 1.32311e-14 3.92063e-10 1.4043e-06 0.000608016 0.0318235 0.202165 0.190952 0.215784 0.20912 0.120189 0.0272652 0.00204919 4.2316e-05 2.06068e-07 2.11409e-10 4.00352e-14 1.23721e-18 5.6802e-24 3.66833e-30 3.23489e-37 3.82363e-45
 1.36945e-41 1.90071e-33 3.18883e-26 6.46689e-20 1.58528e-14 4.69748e-10 1.68256e-06 0.000728492 0.0381284 0.241942 0.216641 0.19218 0.180171 0.103802 0.0244553 0.00190913 4.04771e-05 1.92562e-07 1.78248e-10 2.88093e-14 7.52967e-19 2.9812e-24 1.6924e-30 1.31898e-37 1.36804e-45
#spawning biomass
 12905.9 11531.2 14595.5 20839.4 27043.4 32251.3 39584.6 46237.9 48621.7 62330.7 82869 99949.6 130417 159757 158198 138167 135574 132240 124671 119388 125327 131026 134156 143742 165506 171204 158927 140520 131946 130146 219648 274358 291466 285822 268547 246915 225278 205857 189504 176295 165930 157963 151926 147344 143852 141335 139521 138213 137270 136590 136100 135747 135492 135308 135176 135081 135012 134962 134927 134901 134882 134869 134859 134852 134847 134844 134841 134839 134838 134837 134836 134836 134835 134835 134835 134835 134834 134834 134834 134834 134834 134834 134834 134834 134834 134834 134834 134834 134834 134834 134834 134834 134834 134834 134834 134834 134834 134834 134834 134834 134834 134834 134834 134834 134834 134834 134834 134834 134834 134834 134834 134834 134834 134834 134834 134834 134834 134834 134834 134834 134834 134834 134834 134834 134834 134834 134834 134834 134834 0 0 0 0 0 0 0 0 0 0 0 0 0 0 0 0 0 0 0 0 0 0 0 0 0
