SBPRF35
0.224663
Curr Bio
25591.1
B35
65368.1
F35
0.530794
FOFL
0.229254
OFL
7392.2
Bzero
64189.3
#pred survey bio
 9997.1 6849.51 8130.72 10055.1 13197.8 15206.3 14682.8 14196.6 23390.4 35753 36212 42651.3 64377.3 78090.8 68903.7 56022.3 54043.5 59895.8 55972.2 55760.9 59804.4 63408.6 70489.3 69282.5 78101.8 80969.1 69696.4 72851.5 2.87523e+06 2.10415e+06 1.77803e+06 1.34876e+06 1.08175e+06 940701 870307 835619 818256 809246 804343 801536 799853 798806 798134 797695 797406 797214 797086 797000 796942 796903 796876 796859 796847 796838 796833 796829 796827 796825 796824 796823 796823 796822 796822 796822 796822 796822 796822 796822 796821 796821 796821 796821 796821 796821 796821 796821 796821 796821 796821 796821 796821 796821 796821 796821 796821 796821 796821 796821 796821 796821 796821 796821 796821 796821 796821 796821 796821 796821 796821 796821 796821 796821 796821 796821 796821 796821 796821 796821 796821 796821 796821 796821 796821 796821 796821 796821 796821 796821 796821 796821 796821 796821 796821 796821 796821 796821 796821 796821 0 0 0 0 0 0 0 0 0 0 0 0 0 0 0 0 0 0 0 0 0 0 0 0 0
#obs survey bio
 9046.19 6055.08 10979.5 11074.2 13403.2 20208.8 16567 20748.7 35766.8 36298.2 28965.2 52171.2 57371.5 78204.1 62476.3 53015.8 60891.8 48353.6 49006.4 42796.8 61424.2 54105.6 68147.2 52651.6 73664.1 79459.3 54769.8 67910.4
#pred catch bio
 6304.56 3309.22 4024.02 4719.69 6518.39 7893.64 8684.2 7372.25 9027.15 19450.4 22473.2 20717.8 31797 45994.6 43577.6 35114.5 28682.3 37030.5 33874.1 32136.4 36363.6 34268.2 43630.7 38979.5 42431.3 50884.3 42028.4 40175 7392.2 27353.7 25016.9 17710.9 13279.4 11087.4 10086 9649.2 9464.26 9387.47 9356.01 9343.23 9338.08 9336 9335.17 9334.84 9334.71 9334.66 9334.64 9334.63 9334.62 9334.62 9334.62 9334.62 9334.62 9334.62 9334.62 9334.62 9334.62 9334.62 9334.62 9334.62 9334.62 9334.62 9334.62 9334.62 9334.62 9334.62 9334.62 9334.62 9334.62 9334.62 9334.62 9334.62 9334.62 9334.62 9334.62 9334.62 9334.62 9334.62 9334.62 9334.62 9334.62 9334.62 9334.62 9334.62 9334.62 9334.62 9334.62 9334.62 9334.62 9334.62 9334.62 9334.62 9334.62 9334.62 9334.62 9334.62 9334.62 9334.62 9334.62 9334.62 9334.62 9334.62 9334.62 9334.62 9334.62 9334.62 9334.62 9334.62 9334.62 9334.62 9334.62 9334.62 9334.62 9334.62 9334.62 9334.62 9334.62 9334.62 9334.62 9334.62 9334.62 9334.62 9334.62 9334.62 9334.62 9334.62 9334.62 9334.62 0 0 0 0 0 0 0 0 0 0 0 0 0 0 0 0 0 0 0 0 0 0 0 0 0
#obs catch bio
 3640.92 3322.82 3938.66 4676.93 6445.36 7667.96 8712.86 7406.56 8609.41 18842 23617.4 20109.4 30902.4 46543.6 43742.7 36158.6 28060.2 38032.5 34547.4 32263.5 37880 33871.9 44467.8 38822.3 42464.8 51114.2 42362.7 40514.1
#pred cpue bio
 7164.93 3801.32 4272.45 5108.06 6699.75 8194.78 8577.43 7195.93 9530.48 18598.7 19757.4 18291.2 29782.5 41169.5 38472.4 30157.5 26335.9 31679.3 28425.7 28000 29957.1 30433.1 36749.2 34036.3 38802.8 43916.9 36588.9 35207.4 1.45813e+06 1.60888e+06 1.56623e+06 1.1548e+06 887392 746184 675764 641074 623710 614700 609797 606990 605308 604260 603589 603149 602860 602668 602540 602454 602396 602357 602331 602313 602301 602293 602287 602283 602281 602279 602278 602277 602277 602276 602276 602276 602276 602276 602276 602276 602276 602276 602276 602276 602276 602276 602276 602276 602276 602276 602276 602276 602276 602276 602276 602276 602276 602276 602276 602276 602276 602276 602276 602276 602276 602276 602276 602276 602276 602276 602276 602276 602276 602276 602276 602276 602276 602276 602276 602276 602276 602276 602276 602276 602276 602276 602276 602276 602276 602276 602276 602276 602276 602276 602276 602276 602276 602276 602276 602276 0 0 0 0 0 0 0 0 0 0 0 0 0 0 0 0 0 0 0 0 0 0 0 0 0
#obs cpue bio
 3011.91 4356.53 5686.3 4505.51 7771.9 10423.9 6291.76 6761.62 13854.3 16534.4 15833.8 26513.5 35805.5 35351 38290.7 26063.8 26497.3 25195.1 24757.6 28165.4 19689.9 36514 35001.3 43833.8 34136.6 56501.6 36066.8 34898.7
#pred surv len freq
 2.14062e-27 2.16031e-27 5.24426e-27 1.05493e-21 6.27405e-17 8.57865e-13 2.69671e-09 1.94892e-06 0.00032381 0.0123693 0.108628 0.219326 0.102452 0.0280966 0.105512 0.14867 0.0618474 0.0534835 0.0472892 0.0301573 0.0238192 0.0188295 0.0176253 0.0153142 0.00625578
 2.14336e-27 2.16845e-27 6.16401e-27 1.36697e-21 8.1299e-17 1.11162e-12 3.49439e-09 2.5254e-06 0.000419592 0.0160281 0.14076 0.2842 0.132568 0.0313869 0.106054 0.148956 0.0564083 0.0333641 0.0257977 0.0101369 0.00546782 0.00333764 0.00247976 0.00188545 0.000748464
 2.14377e-27 2.16962e-27 6.29409e-27 1.4111e-21 8.39235e-17 1.1475e-12 3.60719e-09 2.60693e-06 0.000433138 0.0165456 0.145304 0.293374 0.136822 0.0317214 0.105332 0.147891 0.0555258 0.0313634 0.0235211 0.00757968 0.00278836 0.000976544 0.000454515 0.000267194 9.73649e-05
 2.14416e-27 2.17057e-27 6.39051e-27 1.44379e-21 8.58675e-17 1.17408e-12 3.69075e-09 2.66732e-06 0.00044317 0.0169288 0.14867 0.30017 0.13997 0.031914 0.10446 0.146587 0.054069 0.0276245 0.0202786 0.00620059 0.00201321 0.000504422 0.00011644 3.72416e-05 1.09318e-05
 2.14417e-27 2.1706e-27 6.3941e-27 1.445e-21 8.59399e-17 1.17508e-12 3.69386e-09 2.66957e-06 0.000443545 0.0169431 0.148795 0.300423 0.140086 0.0318815 0.104185 0.146209 0.0540677 0.028039 0.0205449 0.0060435 0.00183645 0.000419399 6.89987e-05 9.77654e-06 1.55988e-06
 2.14258e-27 2.16667e-27 5.97656e-27 1.30336e-21 7.75156e-17 1.05989e-12 3.33177e-09 2.40788e-06 0.000400066 0.0152822 0.134209 0.270975 0.126531 0.033447 0.122617 0.17217 0.0629712 0.0305274 0.022084 0.00641143 0.00189363 0.000411085 6.04088e-05 5.89157e-06 4.08857e-07
 2.14084e-27 2.16248e-27 5.54401e-27 1.15668e-21 6.87923e-17 9.40612e-13 2.95683e-09 2.13691e-06 0.000355044 0.0135624 0.119106 0.240482 0.112448 0.0338406 0.134211 0.18871 0.0715068 0.0423201 0.0314872 0.0088691 0.00249077 0.000527546 7.40837e-05 6.44655e-06 3.04931e-07
 2.1446e-27 2.1717e-27 6.51868e-27 1.4873e-21 8.84555e-17 1.20947e-12 3.80199e-09 2.74771e-06 0.000456528 0.017439 0.153151 0.309216 0.144112 0.0308391 0.095171 0.133608 0.0510496 0.0314831 0.0237128 0.00708976 0.00215725 0.00044701 5.95375e-05 4.93605e-06 2.09761e-07
 2.14762e-27 2.17901e-27 7.27664e-27 1.74434e-21 1.03743e-16 1.4185e-12 4.45906e-09 3.22258e-06 0.000535426 0.0204529 0.179619 0.362654 0.168775 0.029694 0.0720745 0.100796 0.0359627 0.0146573 0.0103183 0.00317754 0.00102143 0.000225437 3.16689e-05 2.56351e-06 1.03189e-07
 2.14274e-27 2.16699e-27 5.99651e-27 1.31006e-21 7.79143e-17 1.06534e-12 3.34891e-09 2.42026e-06 0.000402123 0.0153608 0.1349 0.272369 0.127216 0.034519 0.128741 0.18061 0.0633348 0.0222987 0.0149315 0.00399582 0.00104787 0.000233084 3.51231e-05 3.02687e-06 1.24103e-07
 2.14249e-27 2.16649e-27 5.9614e-27 1.29824e-21 7.72111e-17 1.05572e-12 3.31868e-09 2.39842e-06 0.000398494 0.0152222 0.133682 0.269911 0.126023 0.0330349 0.120423 0.169182 0.0633736 0.0352934 0.0256575 0.00623738 0.00128846 0.000237405 3.05167e-05 2.64574e-06 1.15138e-07
 2.14689e-27 2.17722e-27 7.08757e-27 1.68021e-21 9.99284e-17 1.36634e-12 4.29511e-09 3.10409e-06 0.00051574 0.0197009 0.173015 0.349321 0.162632 0.0302636 0.0795701 0.111383 0.0400192 0.0171788 0.0120727 0.00330644 0.000855372 0.000147708 1.47707e-05 1.03373e-06 4.11476e-08
 2.14511e-27 2.17278e-27 6.60808e-27 1.51751e-21 9.02519e-17 1.23403e-12 3.8792e-09 2.80351e-06 0.000465799 0.0177932 0.156261 0.315496 0.147085 0.0326803 0.104518 0.146418 0.0506165 0.0154782 0.00991695 0.00254212 0.00059789 0.000113616 1.31614e-05 8.40242e-07 2.66425e-08
 2.14275e-27 2.16705e-27 6.00966e-27 1.31455e-21 7.81814e-17 1.06899e-12 3.36039e-09 2.42856e-06 0.000403502 0.0154135 0.135362 0.273303 0.127623 0.0338861 0.124597 0.174885 0.0629322 0.0272927 0.0189258 0.00440948 0.000809891 0.000137585 1.53184e-05 1.06487e-06 3.52387e-08
 2.14145e-27 2.16387e-27 5.67792e-27 1.20204e-21 7.14899e-17 9.77496e-13 3.07277e-09 2.2207e-06 0.000368966 0.0140943 0.123777 0.249912 0.116836 0.0345922 0.135957 0.190971 0.069606 0.0329712 0.0234313 0.00593607 0.00131407 0.000210887 1.88799e-05 1.15575e-06 3.81744e-08
 2.14261e-27 2.16676e-27 5.98614e-27 1.30661e-21 7.77089e-17 1.06253e-12 3.34008e-09 2.41389e-06 0.000401064 0.0153204 0.134544 0.271651 0.12684 0.033353 0.12184 0.171101 0.0629645 0.0316857 0.0227925 0.00587381 0.00136618 0.000238883 2.39343e-05 1.36531e-06 3.80783e-08
 2.14453e-27 2.17141e-27 6.47059e-27 1.47091e-21 8.74804e-17 1.19614e-12 3.76008e-09 2.71742e-06 0.000451495 0.0172468 0.151462 0.305808 0.142597 0.0324302 0.105911 0.148512 0.0531178 0.0220372 0.0152988 0.00398432 0.000950835 0.000170367 1.81306e-05 1.13209e-06 3.2915e-08
 2.14264e-27 2.16678e-27 5.98078e-27 1.30475e-21 7.75986e-17 1.06102e-12 3.33534e-09 2.41046e-06 0.000400494 0.0152986 0.134353 0.271266 0.126688 0.0340482 0.1262 0.177126 0.0634579 0.0266551 0.0185094 0.00470595 0.00107289 0.000193754 2.1386e-05 1.39747e-06 4.35091e-08
 2.14368e-27 2.16935e-27 6.25342e-27 1.39724e-21 8.30995e-17 1.13624e-12 3.57178e-09 2.58133e-06 0.000428885 0.0163831 0.143877 0.290494 0.13554 0.0330403 0.114252 0.160298 0.0577072 0.0251091 0.0175035 0.00429346 0.000898308 0.000154824 1.64157e-05 1.0799e-06 3.49047e-08
 2.14368e-27 2.16929e-27 6.24261e-27 1.39355e-21 8.28799e-17 1.13324e-12 3.56234e-09 2.57451e-06 0.000427752 0.0163398 0.143497 0.289727 0.135202 0.0335072 0.117333 0.164564 0.0581516 0.0218899 0.0147925 0.00365153 0.000771737 0.00012848 1.25947e-05 7.82243e-07 2.47017e-08
 2.14394e-27 2.16997e-27 6.31866e-27 1.41937e-21 8.44154e-17 1.15423e-12 3.62834e-09 2.62221e-06 0.000435676 0.0166425 0.146156 0.295094 0.137661 0.0329043 0.112035 0.157159 0.0563978 0.0239759 0.0166054 0.00399321 0.00079232 0.000130856 1.28233e-05 7.62458e-07 2.25174e-08
 2.14456e-27 2.17146e-27 6.47088e-27 1.47098e-21 8.74849e-17 1.1962e-12 3.76027e-09 2.71756e-06 0.000451518 0.0172477 0.15147 0.305824 0.14262 0.0328624 0.108545 0.152151 0.0534122 0.0189794 0.0126268 0.00307069 0.000624781 0.000100898 9.36829e-06 5.44648e-07 1.57637e-08
 2.14293e-27 2.16747e-27 6.0521e-27 1.32894e-21 7.90371e-17 1.08069e-12 3.39717e-09 2.45514e-06 0.000407918 0.0155822 0.136844 0.276294 0.129007 0.0339172 0.123885 0.173848 0.0620929 0.0254746 0.0175021 0.00418214 0.000814938 0.000132137 1.25094e-05 7.12308e-07 1.98302e-08
 2.14432e-27 2.17089e-27 6.4148e-27 1.45198e-21 8.63547e-17 1.18075e-12 3.71169e-09 2.68245e-06 0.000445685 0.0170249 0.149513 0.301873 0.140786 0.0326617 0.108511 0.152175 0.0544031 0.0224828 0.0154888 0.00374874 0.000751524 0.000120197 1.09654e-05 6.21e-07 1.7312e-08
 2.14399e-27 2.17008e-27 6.32832e-27 1.42264e-21 8.46097e-17 1.15689e-12 3.63669e-09 2.62824e-06 0.000436679 0.0166808 0.146492 0.295773 0.137982 0.0330873 0.112947 0.158404 0.0562687 0.0221189 0.0151073 0.00375231 0.000802274 0.000132161 1.23296e-05 6.90868e-07 1.8829e-08
 2.1421e-27 2.16547e-27 5.8443e-27 1.25847e-21 7.48458e-17 1.02338e-12 3.21702e-09 2.32495e-06 0.000386287 0.0147559 0.129587 0.261643 0.122248 0.0342945 0.130604 0.183378 0.0662591 0.0295936 0.0207634 0.00516468 0.00111184 0.000188688 1.86729e-05 1.08762e-06 3.00256e-08
 2.14301e-27 2.16771e-27 6.08228e-27 1.3392e-21 7.96472e-17 1.08903e-12 3.42339e-09 2.4741e-06 0.000411067 0.0157025 0.1379 0.278427 0.129975 0.0334184 0.120197 0.168716 0.061189 0.0280396 0.0197826 0.00495469 0.0010822 0.000183899 1.83222e-05 1.10471e-06 3.19928e-08
 2.14474e-27 2.17194e-27 6.52733e-27 1.49016e-21 8.86253e-17 1.21179e-12 3.80929e-09 2.75298e-06 0.000457404 0.0174725 0.153445 0.30981 0.144437 0.0321666 0.103096 0.144557 0.0519087 0.0221798 0.0154605 0.00394043 0.000895453 0.000154634 1.56156e-05 9.48875e-07 2.79648e-08
#obs surv len freq
 8.70715e-40 4.26155e-33 4.79516e-27 1.24046e-21 7.3775e-17 1.00874e-12 3.17098e-09 2.29168e-06 0.000380765 0.0145447 0.127732 0.257898 0.120439 0.0322073 0.11899 0.167325 0.0648056 0.0426224 0.033292 0.0124792 0.00528063 0.00159735 0.000353086 4.809e-05 3.35519e-06
 1.03617e-39 5.07133e-33 5.70635e-27 1.47618e-21 8.77938e-17 1.20042e-12 3.77354e-09 2.72714e-06 0.000453119 0.0173086 0.152004 0.306902 0.143034 0.0306157 0.0945047 0.132692 0.0509889 0.032349 0.025037 0.00907628 0.00369282 0.00107729 0.000229302 3.01828e-05 2.03324e-06
 9.68836e-40 4.74178e-33 5.33553e-27 1.38025e-21 8.20887e-17 1.12241e-12 3.52832e-09 2.54992e-06 0.000423673 0.0161838 0.142126 0.286959 0.133897 0.0328114 0.113919 0.15986 0.0578969 0.0263428 0.0192663 0.00675975 0.00264218 0.00073953 0.00014998 1.89068e-05 1.22644e-06
 1.05101e-39 5.14398e-33 5.78809e-27 1.49732e-21 8.90514e-17 1.21762e-12 3.82759e-09 2.76621e-06 0.000459609 0.0175565 0.154181 0.311298 0.145095 0.0313579 0.0977111 0.137082 0.0508294 0.0267739 0.0196341 0.00570194 0.00175743 0.000459568 8.83753e-05 1.05743e-05 6.5422e-07
 9.84633e-40 4.8191e-33 5.42252e-27 1.40276e-21 8.34271e-17 1.14072e-12 3.58585e-09 2.5915e-06 0.000430582 0.0164477 0.144443 0.291638 0.136062 0.0328574 0.11279 0.158238 0.056949 0.0247646 0.0176842 0.00547868 0.00176196 0.000385272 5.99664e-05 6.55647e-06 3.83224e-07
 8.10467e-40 3.96667e-33 4.46336e-27 1.15463e-21 6.86702e-17 9.38941e-13 2.95157e-09 2.1331e-06 0.000354418 0.0135383 0.118894 0.240054 0.112285 0.0347702 0.140014 0.19673 0.0721618 0.0356162 0.0257532 0.00723724 0.00205415 0.000459692 6.84821e-05 6.18737e-06 3.10125e-07
 7.92948e-40 3.88093e-33 4.36688e-27 1.12967e-21 6.71858e-17 9.18645e-13 2.88777e-09 2.087e-06 0.000346757 0.0132457 0.116324 0.234865 0.109842 0.0335748 0.134281 0.188895 0.0727412 0.0465297 0.0351597 0.0103701 0.00309168 0.000637391 8.64964e-05 7.52275e-06 3.34402e-07
 1.3304e-39 6.5114e-33 7.32673e-27 1.89536e-21 1.12724e-16 1.5413e-12 4.84508e-09 3.50155e-06 0.000581787 0.0222235 0.195167 0.394046 0.183205 0.027467 0.0490183 0.0684103 0.0260626 0.0158655 0.0120964 0.0040598 0.00143292 0.000313708 4.28648e-05 3.44979e-06 1.42153e-07
 1.10626e-39 5.41436e-33 6.09233e-27 1.57603e-21 9.37323e-17 1.28162e-12 4.02878e-09 2.91161e-06 0.000483768 0.0184793 0.162285 0.327661 0.152708 0.0326518 0.100677 0.140896 0.047168 0.00941853 0.00516031 0.00165824 0.000580946 0.000143488 2.27125e-05 1.92529e-06 7.71198e-08
 6.3658e-40 3.11562e-33 3.50574e-27 9.06902e-22 5.39369e-17 7.37489e-13 2.3183e-09 1.67544e-06 0.000278377 0.0106337 0.0933847 0.188554 0.0886232 0.0386984 0.179517 0.252193 0.0888134 0.0324408 0.0214878 0.00457976 0.000645915 0.000125898 2.05475e-05 1.9707e-06 8.70939e-08
 1.23119e-39 6.02581e-33 6.78034e-27 1.75401e-21 1.04317e-16 1.42635e-12 4.48375e-09 3.24042e-06 0.0005384 0.0205662 0.180612 0.364661 0.169634 0.0278639 0.0602983 0.0845187 0.0346334 0.0282359 0.0215882 0.00546877 0.00118841 0.000174561 1.35132e-05 9.81747e-07 4.55435e-08
 1.1786e-39 5.76844e-33 6.49074e-27 1.67909e-21 9.98619e-17 1.36543e-12 4.29225e-09 3.10202e-06 0.000515404 0.0196878 0.172898 0.349087 0.162563 0.0312872 0.0858893 0.120102 0.040502 0.00909349 0.00541164 0.00202775 0.000772833 0.000144872 1.39331e-05 7.20031e-07 1.95467e-08
 8.80611e-40 4.30998e-33 4.84966e-27 1.25456e-21 7.46135e-17 1.0202e-12 3.20702e-09 2.31772e-06 0.000385093 0.01471 0.129184 0.26083 0.121925 0.0356875 0.139352 0.195472 0.0673043 0.0196859 0.0122546 0.00266838 0.000426608 9.65191e-05 1.51301e-05 1.03515e-06 2.85994e-08
 9.20568e-40 4.50554e-33 5.06971e-27 1.31149e-21 7.7999e-17 1.0665e-12 3.35254e-09 2.42289e-06 0.000402566 0.0153775 0.135045 0.272664 0.127303 0.03322 0.120723 0.169552 0.0627825 0.0327649 0.023505 0.00550488 0.000995371 0.000143783 1.26151e-05 9.92552e-07 3.90066e-08
 7.37595e-40 3.61001e-33 4.06205e-27 1.05081e-21 6.24958e-17 8.54517e-13 2.68618e-09 1.94131e-06 0.000322551 0.012321 0.108203 0.218472 0.102362 0.0362257 0.155404 0.218351 0.0788079 0.0349577 0.0248943 0.00725226 0.00205079 0.000342666 2.87384e-05 1.46448e-06 4.34936e-08
 1.12316e-39 5.49711e-33 6.18543e-27 1.60011e-21 9.51647e-17 1.30121e-12 4.09035e-09 2.95611e-06 0.000491161 0.0187617 0.164765 0.332667 0.154918 0.0298757 0.0822223 0.115335 0.0443222 0.0280678 0.0209986 0.00571433 0.00151031 0.00030731 3.7102e-05 2.19262e-06 5.52537e-08
 8.70522e-40 4.2606e-33 4.79409e-27 1.24019e-21 7.37586e-17 1.00852e-12 3.17028e-09 2.29117e-06 0.00038068 0.0145415 0.127703 0.257842 0.120543 0.0356787 0.140199 0.196669 0.0677345 0.0199142 0.0129212 0.00416779 0.00138799 0.000278623 3.41844e-05 2.5132e-06 8.19629e-08
 9.54241e-40 4.67035e-33 5.25515e-27 1.35946e-21 8.08521e-17 1.10551e-12 3.47517e-09 2.51151e-06 0.000417291 0.01594 0.139985 0.282637 0.131897 0.032772 0.114982 0.16145 0.059784 0.0312046 0.0223858 0.00525915 0.00103042 0.00021838 3.17662e-05 2.43561e-06 8.74791e-08
 1.00986e-39 4.94259e-33 5.56148e-27 1.4387e-21 8.5565e-17 1.16995e-12 3.67774e-09 2.65791e-06 0.000441615 0.0168691 0.148145 0.299111 0.139509 0.032661 0.109339 0.153352 0.0549295 0.0230596 0.0162422 0.00473891 0.00134478 0.000229459 2.29134e-05 1.77115e-06 7.06875e-08
 8.69117e-40 4.25372e-33 4.78636e-27 1.23819e-21 7.36396e-17 1.00689e-12 3.16516e-09 2.28747e-06 0.000380066 0.014518 0.127497 0.257426 0.120328 0.0350665 0.136587 0.191704 0.0677294 0.0254647 0.017312 0.00457275 0.00114983 0.0002321 2.83382e-05 1.81016e-06 5.89475e-08
 1.11692e-39 5.46652e-33 6.15102e-27 1.59121e-21 9.46353e-17 1.29397e-12 4.06759e-09 2.93966e-06 0.000488429 0.0186573 0.163849 0.330817 0.154094 0.030701 0.0878178 0.123098 0.0453814 0.023087 0.0166161 0.00422697 0.000964357 0.000176469 2.07228e-05 1.51445e-06 5.1392e-08
 8.88698e-40 4.34956e-33 4.89419e-27 1.26608e-21 7.52986e-17 1.02957e-12 3.23647e-09 2.339e-06 0.000388629 0.0148451 0.13037 0.263225 0.123019 0.0353299 0.136447 0.191404 0.0662081 0.0203905 0.0132523 0.00381724 0.00108187 0.000197586 2.09965e-05 1.41588e-06 4.91047e-08
 1.00361e-39 4.91196e-33 5.52702e-27 1.42979e-21 8.50348e-17 1.1627e-12 3.65495e-09 2.64144e-06 0.000438879 0.0167646 0.147227 0.297258 0.138638 0.0322739 0.107535 0.150911 0.0554932 0.0277872 0.0198212 0.00471463 0.000933361 0.000177891 2.2107e-05 1.48924e-06 4.76506e-08
 1.03773e-39 5.07898e-33 5.71495e-27 1.4784e-21 8.79262e-17 1.20223e-12 3.77923e-09 2.73125e-06 0.000453802 0.0173346 0.152233 0.307365 0.143322 0.0325696 0.106293 0.149006 0.052675 0.0199136 0.0136666 0.00389392 0.0010699 0.000182694 1.76857e-05 1.20579e-06 4.17448e-08
 8.751e-40 4.28301e-33 4.81931e-27 1.24671e-21 7.41465e-17 1.01382e-12 3.18695e-09 2.30322e-06 0.000382683 0.014618 0.128375 0.259198 0.121146 0.0350444 0.135918 0.190753 0.067282 0.0249364 0.0168356 0.00428918 0.000999405 0.000194797 2.31976e-05 1.45372e-06 4.40739e-08
 9.22935e-40 4.51713e-33 5.08274e-27 1.31486e-21 7.81995e-17 1.06924e-12 3.36116e-09 2.42911e-06 0.000403601 0.015417 0.135392 0.273365 0.127628 0.0332495 0.120692 0.169488 0.062469 0.0317344 0.0228254 0.00578093 0.00129781 0.000228281 2.50331e-05 1.75348e-06 5.79817e-08
 9.71544e-40 4.75504e-33 5.35044e-27 1.38411e-21 8.23181e-17 1.12555e-12 3.53818e-09 2.55705e-06 0.000424858 0.016229 0.142523 0.287762 0.134276 0.0330128 0.114907 0.161237 0.0582142 0.0258847 0.0184179 0.00530815 0.00149921 0.000271914 2.81742e-05 1.80467e-06 5.9084e-08
 1.12807e-39 5.52113e-33 6.21246e-27 1.60711e-21 9.55806e-17 1.30689e-12 4.10823e-09 2.96902e-06 0.000493307 0.0188437 0.165485 0.334121 0.155636 0.0310697 0.0890724 0.124767 0.0446014 0.018435 0.0128422 0.00349414 0.000923976 0.000187168 2.32107e-05 1.54098e-06 4.76044e-08
#pred catch len freq
 2.13458e-27 2.14465e-27 3.56187e-27 4.84251e-22 2.88002e-17 3.93791e-13 1.23789e-09 8.94625e-07 0.000148641 0.00567797 0.0498642 0.100684 0.0476208 0.0286148 0.144429 0.204021 0.0875024 0.082862 0.0738558 0.0471132 0.0371835 0.0293566 0.0274625 0.0238581 0.00974569
 2.13576e-27 2.14973e-27 4.19321e-27 6.98521e-22 4.15436e-17 5.68035e-13 1.78563e-09 1.29048e-06 0.000214411 0.00819035 0.0719281 0.145232 0.0684749 0.0355091 0.173102 0.243827 0.0946933 0.0630447 0.0495223 0.0194965 0.0105235 0.00641653 0.00476404 0.0036216 0.00143762
 2.13627e-27 2.15132e-27 4.37306e-27 7.59533e-22 4.51723e-17 6.17651e-13 1.94159e-09 1.40319e-06 0.000233139 0.00890574 0.0782107 0.157917 0.074374 0.0364384 0.174955 0.24634 0.0945054 0.0594401 0.0452532 0.0145986 0.00537332 0.00187978 0.000874008 0.000513653 0.000187166
 2.13656e-27 2.15199e-27 4.43819e-27 7.81587e-22 4.64839e-17 6.35585e-13 1.99797e-09 1.44394e-06 0.000239908 0.00916433 0.0804816 0.162502 0.0765195 0.0371226 0.17775 0.250153 0.09417 0.0539209 0.0402945 0.0123383 0.00401039 0.00100411 0.000231526 7.40118e-05 2.17231e-05
 2.13677e-27 2.15251e-27 4.49278e-27 8.00101e-22 4.7585e-17 6.5064e-13 2.0453e-09 1.47814e-06 0.000245591 0.00938141 0.082388 0.166351 0.0782941 0.0369939 0.175804 0.247412 0.0932309 0.0536471 0.0399439 0.01176 0.00357532 0.000815913 0.00013409 1.8988e-05 3.02886e-06
 2.13537e-27 2.14904e-27 4.12101e-27 6.73968e-22 4.00834e-17 5.48069e-13 1.72286e-09 1.24512e-06 0.000206874 0.00790246 0.0693998 0.140129 0.0662308 0.0385861 0.193427 0.272203 0.101309 0.0545087 0.0401234 0.011659 0.00344537 0.000747443 0.000109722 1.06951e-05 7.41985e-07
 2.13421e-27 2.14632e-27 3.84981e-27 5.82054e-22 3.46169e-17 4.73324e-13 1.4879e-09 1.07531e-06 0.000178661 0.00682474 0.0599352 0.12102 0.057373 0.0379625 0.195381 0.275237 0.106223 0.0686018 0.051638 0.0145456 0.00408276 0.000863964 0.000121193 1.05399e-05 4.98411e-07
 2.13739e-27 2.15412e-27 4.67556e-27 8.62165e-22 5.12762e-17 7.01111e-13 2.20395e-09 1.5928e-06 0.000264642 0.0101091 0.0887789 0.179253 0.0841955 0.0352973 0.161559 0.227515 0.0886942 0.059904 0.0456429 0.0136492 0.00415208 0.000859691 0.000114375 9.47705e-06 4.02622e-07
 2.14044e-27 2.16141e-27 5.41775e-27 1.11379e-21 6.62413e-17 9.05732e-13 2.84718e-09 2.05767e-06 0.000341878 0.0130595 0.114689 0.231566 0.108385 0.0354116 0.146489 0.205804 0.0746366 0.034236 0.0246883 0.00761675 0.00245196 0.000540894 7.59129e-05 6.14192e-06 2.47164e-07
 2.13589e-27 2.15014e-27 4.21264e-27 7.04936e-22 4.19252e-17 5.73252e-13 1.80203e-09 1.30233e-06 0.00021638 0.00826557 0.0725887 0.146567 0.069275 0.0403843 0.202464 0.284583 0.100826 0.0388077 0.0265628 0.00711175 0.00186432 0.000414314 6.23675e-05 5.37207e-06 2.202e-07
 2.1361e-27 2.15087e-27 4.31841e-27 7.40951e-22 4.40672e-17 6.0254e-13 1.89409e-09 1.36887e-06 0.000227435 0.00868786 0.0762973 0.154054 0.0726283 0.0375069 0.182643 0.25711 0.0975149 0.0579257 0.0425025 0.0103262 0.00212849 0.000391673 5.02805e-05 4.35638e-06 1.89532e-07
 2.14031e-27 2.1611e-27 5.38402e-27 1.10234e-21 6.55606e-17 8.96424e-13 2.81792e-09 2.03652e-06 0.000338365 0.0129253 0.113511 0.229186 0.10729 0.0355517 0.148061 0.208035 0.0756371 0.0352626 0.0251808 0.00689633 0.00178266 0.000307618 3.07242e-05 2.1486e-06 8.54963e-08
 2.13813e-27 2.15559e-27 4.7841e-27 8.98756e-22 5.34524e-17 7.30867e-13 2.29749e-09 1.6604e-06 0.000275873 0.0105382 0.0925468 0.186862 0.0878532 0.0390337 0.182075 0.255736 0.0891882 0.0298144 0.01961 0.00503032 0.00118293 0.000224629 2.5994e-05 1.65857e-06 5.2572e-08
 2.1362e-27 2.15098e-27 4.31181e-27 7.38625e-22 4.39288e-17 6.00648e-13 1.88814e-09 1.36457e-06 0.000226721 0.00866058 0.0760577 0.153571 0.0724659 0.0391325 0.192712 0.27102 0.0985732 0.0460232 0.0323699 0.00754073 0.00138292 0.000234674 2.60956e-05 1.81285e-06 5.99731e-08
 2.13524e-27 2.14868e-27 4.07496e-27 6.58313e-22 3.91523e-17 5.35338e-13 1.68284e-09 1.2162e-06 0.000202069 0.0077189 0.0677878 0.136874 0.0647537 0.0393182 0.198878 0.279814 0.103065 0.0521469 0.0374841 0.00949049 0.00209681 0.000336181 3.00585e-05 1.8385e-06 6.07039e-08
 2.13634e-27 2.1514e-27 4.36742e-27 7.5754e-22 4.50537e-17 6.1603e-13 1.9365e-09 1.39951e-06 0.000232527 0.00888237 0.0780054 0.157503 0.0742424 0.0380309 0.184802 0.260018 0.0966814 0.0516991 0.0375548 0.00966997 0.00224391 0.000391909 3.92181e-05 2.23562e-06 6.23281e-08
 2.13764e-27 2.15452e-27 4.6856e-27 8.65418e-22 5.14697e-17 7.03756e-13 2.21227e-09 1.59881e-06 0.00026564 0.0101473 0.0891139 0.17993 0.0846104 0.0380128 0.177932 0.250138 0.0905116 0.0408408 0.028837 0.0075109 0.00179113 0.000320676 3.40878e-05 2.12713e-06 6.18254e-08
 2.13637e-27 2.15138e-27 4.3528e-27 7.52522e-22 4.47553e-17 6.11949e-13 1.92367e-09 1.39024e-06 0.000230987 0.00882353 0.0774887 0.15646 0.0738031 0.0391711 0.192077 0.270079 0.0976025 0.0436448 0.0306891 0.00779731 0.00177373 0.000319943 3.52701e-05 2.30321e-06 7.16854e-08
 2.13738e-27 2.15388e-27 4.61844e-27 8.42637e-22 5.01148e-17 6.85231e-13 2.15403e-09 1.55673e-06 0.000258648 0.00988016 0.0867681 0.175194 0.0824261 0.0381524 0.180211 0.253377 0.0920148 0.0425352 0.029998 0.00735332 0.00153485 0.000264203 2.7977e-05 1.83915e-06 5.94258e-08
 2.13714e-27 2.15322e-27 4.54131e-27 8.16438e-22 4.85566e-17 6.63925e-13 2.08706e-09 1.50832e-06 0.000250606 0.00957296 0.0840702 0.169748 0.0799433 0.0390925 0.187592 0.263658 0.0939824 0.0379696 0.0260763 0.00643535 0.0013579 0.000225846 2.2112e-05 1.37234e-06 4.33206e-08
 2.13772e-27 2.15471e-27 4.70456e-27 8.71842e-22 5.18518e-17 7.0898e-13 2.22869e-09 1.61068e-06 0.000267612 0.0102226 0.0897754 0.181266 0.0852284 0.0380269 0.177615 0.249689 0.0903237 0.0406588 0.0284801 0.00684397 0.00135443 0.000223401 2.18641e-05 1.29905e-06 3.83506e-08
 2.13784e-27 2.15494e-27 4.72105e-27 8.77396e-22 5.2182e-17 7.13496e-13 2.24289e-09 1.62094e-06 0.000269317 0.0102877 0.0903473 0.182421 0.0857883 0.0387207 0.181502 0.255031 0.0903354 0.0346879 0.0235194 0.00572007 0.00116257 0.000187595 1.73974e-05 1.01069e-06 2.92422e-08
 2.1367e-27 2.15217e-27 4.43332e-27 7.79824e-22 4.63791e-17 6.34151e-13 1.99346e-09 1.44068e-06 0.000239367 0.00914366 0.0803001 0.162136 0.0764245 0.0390989 0.189925 0.267018 0.0961446 0.041883 0.0291337 0.00695749 0.00135249 0.000219028 2.07091e-05 1.17833e-06 3.27922e-08
 2.13771e-27 2.15467e-27 4.69987e-27 8.7025e-22 5.1757e-17 7.07685e-13 2.22462e-09 1.60774e-06 0.000267123 0.0102039 0.0896114 0.180935 0.0850783 0.0381048 0.17819 0.250488 0.0904427 0.0401846 0.0280952 0.00679835 0.00136081 0.000217442 1.98129e-05 1.12121e-06 3.12453e-08
 2.13717e-27 2.15333e-27 4.55567e-27 8.21325e-22 4.88473e-17 6.679e-13 2.09955e-09 1.51735e-06 0.000252106 0.00963027 0.0845735 0.170764 0.0804008 0.0387682 0.185306 0.260485 0.0935246 0.0399139 0.0277487 0.00689297 0.00147257 0.000242402 2.25884e-05 1.26481e-06 3.44591e-08
 2.13589e-27 2.15022e-27 4.23317e-27 7.11956e-22 4.23427e-17 5.78961e-13 1.81997e-09 1.3153e-06 0.000218535 0.00834788 0.0733115 0.148026 0.069906 0.039224 0.194941 0.274186 0.0999985 0.0475527 0.033755 0.00839079 0.00180235 0.000305524 3.01974e-05 1.75764e-06 4.85057e-08
 2.13658e-27 2.15194e-27 4.41755e-27 7.74512e-22 4.60631e-17 6.29831e-13 1.97988e-09 1.43087e-06 0.000237736 0.00908137 0.079753 0.161031 0.0758895 0.0384507 0.186301 0.26203 0.0960118 0.0470385 0.0335887 0.00840805 0.00183293 0.000311142 3.0961e-05 1.86542e-06 5.40051e-08
 2.13809e-27 2.15563e-27 4.80397e-27 9.05576e-22 5.3858e-17 7.36413e-13 2.31492e-09 1.673e-06 0.000277967 0.0106181 0.093249 0.188279 0.0884525 0.0375444 0.172556 0.242574 0.0880279 0.0405039 0.0286449 0.00729875 0.00165627 0.000285754 2.8822e-05 1.75015e-06 5.15621e-08
#obs catch len freq
 4.09352e-40 2.00349e-33 2.25436e-27 5.83183e-22 3.46841e-17 4.74242e-13 1.49078e-09 1.07739e-06 0.00017901 0.00683796 0.060051 0.121253 0.0574042 0.0359116 0.182787 0.257705 0.102814 0.0764071 0.0608106 0.0235321 0.0102852 0.0031859 0.000724821 0.000102053 7.37349e-06
 4.23152e-40 2.07104e-33 2.33036e-27 6.02843e-22 3.58534e-17 4.9023e-13 1.54104e-09 1.11371e-06 0.000185045 0.00706849 0.0620755 0.125341 0.0593081 0.0362901 0.183866 0.259147 0.10228 0.0728445 0.0574494 0.0215627 0.00912821 0.00275644 0.000608033 8.26753e-05 5.76097e-06
 5.73122e-40 2.80504e-33 3.15627e-27 8.16497e-22 4.85601e-17 6.63973e-13 2.0872e-09 1.50843e-06 0.000250627 0.00957363 0.0840757 0.169758 0.0798012 0.0351704 0.163643 0.230488 0.0901131 0.0617098 0.0482214 0.0174973 0.00712002 0.00207336 0.000440361 5.78653e-05 3.89311e-06
 5.20058e-40 2.54532e-33 2.86404e-27 7.409e-22 4.40641e-17 6.02497e-13 1.89395e-09 1.36876e-06 0.000227422 0.00868723 0.0762913 0.154043 0.0726548 0.0383468 0.187771 0.264108 0.096715 0.0473148 0.0350666 0.0123103 0.00481038 0.00134385 0.000271919 3.42181e-05 2.21674e-06
 6.00927e-40 2.94112e-33 3.30939e-27 8.56109e-22 5.0916e-17 6.96185e-13 2.18846e-09 1.58161e-06 0.000262786 0.0100381 0.0881545 0.177994 0.0836637 0.0366373 0.170117 0.239359 0.0898942 0.0508177 0.0376739 0.0109443 0.00337187 0.000880074 0.000168847 2.01668e-05 1.24601e-06
 5.42848e-40 2.65686e-33 2.98955e-27 7.73367e-22 4.59951e-17 6.28899e-13 1.97695e-09 1.42875e-06 0.000237388 0.00906792 0.0796345 0.160793 0.0757828 0.0385445 0.186944 0.262883 0.0955356 0.0444414 0.0321503 0.00996176 0.00320198 0.000698984 0.000108507 1.18401e-05 6.91086e-07
 4.05133e-40 1.98285e-33 2.23113e-27 5.77172e-22 3.43266e-17 4.69354e-13 1.47542e-09 1.06629e-06 0.000177165 0.00676749 0.0594321 0.120005 0.0569677 0.0396598 0.206046 0.289982 0.107484 0.0564793 0.0412652 0.0115936 0.00328669 0.000734138 0.000109106 9.83874e-06 4.92334e-07
 3.96039e-40 1.93833e-33 2.18105e-27 5.64216e-22 3.3556e-17 4.58818e-13 1.4423e-09 1.04235e-06 0.000173188 0.00661557 0.058098 0.117311 0.0556446 0.0375953 0.194256 0.273735 0.106812 0.0724198 0.0551155 0.0162456 0.0048363 0.000995278 0.000134704 1.16926e-05 5.1899e-07
 9.84608e-40 4.81898e-33 5.42239e-27 1.40272e-21 8.3425e-17 1.14069e-12 3.58576e-09 2.59143e-06 0.000430571 0.0164472 0.14444 0.29163 0.135997 0.0312357 0.102892 0.144554 0.0557205 0.035839 0.027519 0.0092259 0.00325071 0.000710325 9.68127e-05 7.77676e-06 3.19951e-07
 6.92726e-40 3.39041e-33 3.81494e-27 9.8689e-22 5.86941e-17 8.02535e-13 2.52278e-09 1.82322e-06 0.00030293 0.0115715 0.101621 0.205184 0.096337 0.0393825 0.17868 0.250715 0.0841613 0.0175752 0.00986943 0.00316982 0.00110829 0.000273135 4.31315e-05 3.64997e-06 1.45995e-07
 3.01604e-40 1.47614e-33 1.66098e-27 4.2968e-22 2.55547e-17 3.49414e-13 1.09839e-09 7.93806e-07 0.000131892 0.0050381 0.0442446 0.089343 0.0429316 0.0433792 0.237994 0.334664 0.118559 0.0455467 0.0305362 0.00650691 0.000915288 0.000177856 2.8948e-05 2.77139e-06 1.22322e-07
 8.52017e-40 4.17003e-33 4.69219e-27 1.21383e-21 7.21907e-17 9.87077e-13 3.10289e-09 2.24246e-06 0.000372588 0.0142324 0.124989 0.25236 0.117842 0.0312393 0.114751 0.161662 0.0671878 0.0573659 0.044049 0.011147 0.00241623 0.00035443 2.73536e-05 1.98086e-06 9.17444e-08
 7.8941e-40 3.86362e-33 4.3474e-27 1.12463e-21 6.68861e-17 9.14546e-13 2.87488e-09 2.07768e-06 0.00034521 0.0131866 0.115805 0.233819 0.109504 0.0374744 0.158401 0.222209 0.0751529 0.0175979 0.0106763 0.00399453 0.00151942 0.000284395 2.72854e-05 1.40746e-06 3.81284e-08
 4.82774e-40 2.36284e-33 2.65871e-27 6.87783e-22 4.0905e-17 5.59302e-13 1.75817e-09 1.27063e-06 0.000211118 0.00806443 0.0708218 0.143001 0.0676764 0.0417165 0.21167 0.297374 0.102831 0.0315133 0.0199118 0.00433459 0.000690838 0.00015581 2.4374e-05 1.66542e-06 4.59534e-08
 5.18937e-40 2.53984e-33 2.85787e-27 7.39303e-22 4.39691e-17 6.01198e-13 1.88987e-09 1.36581e-06 0.000226932 0.00866851 0.0761269 0.153711 0.0724935 0.0381386 0.186602 0.262587 0.0980492 0.0536526 0.0387744 0.00907396 0.00163618 0.000235941 2.06316e-05 1.61878e-06 6.3544e-08
 3.7388e-40 1.82988e-33 2.05901e-27 5.32647e-22 3.16785e-17 4.33147e-13 1.3616e-09 9.84032e-07 0.000163498 0.00624542 0.0548473 0.110749 0.052735 0.0409031 0.216425 0.304469 0.110656 0.0514754 0.0369844 0.0107597 0.0030351 0.000506398 4.23629e-05 2.15393e-06 6.38334e-08
 7.1947e-40 3.52131e-33 3.96223e-27 1.02499e-21 6.09602e-17 8.3352e-13 2.62018e-09 1.89361e-06 0.000314625 0.0120183 0.105545 0.213103 0.0998061 0.0342576 0.145008 0.2041 0.0792758 0.0526689 0.0396375 0.0107733 0.00283959 0.000576541 6.94413e-05 4.0976e-06 1.03108e-07
 4.76144e-40 2.33039e-33 2.62219e-27 6.78337e-22 4.03432e-17 5.51621e-13 1.73403e-09 1.25318e-06 0.000208218 0.00795367 0.0698492 0.141037 0.0667625 0.0415581 0.211295 0.29685 0.102669 0.0315934 0.020795 0.00669817 0.0022254 0.000445868 5.45507e-05 4.00293e-06 1.30386e-07
 5.47967e-40 2.68192e-33 3.01774e-27 7.8066e-22 4.64288e-17 6.3483e-13 1.99559e-09 1.44222e-06 0.000239627 0.00915344 0.0803855 0.162309 0.0764538 0.0377483 0.181627 0.255566 0.0954423 0.0522696 0.0377792 0.00886872 0.00173222 0.000366106 5.31224e-05 4.06599e-06 1.45822e-07
 6.06826e-40 2.96999e-33 3.34188e-27 8.64514e-22 5.14159e-17 7.03019e-13 2.20995e-09 1.59713e-06 0.000265366 0.0101366 0.08902 0.179742 0.0845254 0.0380702 0.178337 0.250686 0.0903513 0.0396815 0.0282031 0.0082162 0.00232522 0.000396098 3.9427e-05 3.03989e-06 1.21153e-07
 4.7557e-40 2.32758e-33 2.61903e-27 6.7752e-22 4.02946e-17 5.50956e-13 1.73194e-09 1.25167e-06 0.000207967 0.00794408 0.069765 0.140867 0.0666463 0.040558 0.205242 0.28852 0.102516 0.0403944 0.02776 0.00732467 0.00183648 0.000369877 4.50494e-05 2.87249e-06 9.33696e-08
 7.14129e-40 3.49517e-33 3.93282e-27 1.01738e-21 6.05076e-17 8.27332e-13 2.60072e-09 1.87955e-06 0.00031229 0.0119291 0.104761 0.211522 0.0991297 0.0357165 0.154391 0.217092 0.0806979 0.0430816 0.0312463 0.00794082 0.00180661 0.000329897 3.8629e-05 2.81745e-06 9.54789e-08
 4.92211e-40 2.40903e-33 2.71068e-27 7.01228e-22 4.17046e-17 5.70235e-13 1.79254e-09 1.29547e-06 0.000215245 0.00822207 0.0722062 0.145796 0.0689493 0.0412034 0.207696 0.291812 0.101388 0.0326814 0.0215293 0.00619398 0.00175098 0.000319217 3.38267e-05 2.27616e-06 7.8814e-08
 5.97954e-40 2.92657e-33 3.29302e-27 8.51874e-22 5.06641e-17 6.9274e-13 2.17764e-09 1.57378e-06 0.000261486 0.00998843 0.0877184 0.177114 0.0832842 0.0373693 0.174851 0.24595 0.0911517 0.0478157 0.034368 0.00816757 0.00161184 0.000306432 3.7982e-05 2.55408e-06 8.15917e-08
 6.3069e-40 3.08679e-33 3.4733e-27 8.98511e-22 5.34378e-17 7.30665e-13 2.29685e-09 1.65994e-06 0.000275801 0.0105353 0.0925207 0.186809 0.0878 0.038257 0.177348 0.249201 0.0886016 0.0351085 0.0243545 0.00693046 0.00189943 0.000323819 3.12551e-05 2.12591e-06 7.34926e-08
 4.79506e-40 2.34685e-33 2.64071e-27 6.83128e-22 4.06282e-17 5.55517e-13 1.74627e-09 1.26203e-06 0.000209689 0.00800984 0.0703424 0.142033 0.067187 0.0406021 0.20516 0.288391 0.102299 0.0397574 0.0271425 0.00690875 0.0016052 0.00031218 3.7084e-05 2.31989e-06 7.0215e-08
 5.20366e-40 2.54683e-33 2.86573e-27 7.41338e-22 4.40901e-17 6.02853e-13 1.89507e-09 1.36957e-06 0.000227557 0.00869237 0.0763365 0.154134 0.072692 0.0382169 0.186951 0.263048 0.0977494 0.0520882 0.037753 0.00955197 0.00213841 0.000375383 4.10454e-05 2.86912e-06 9.4742e-08
 5.64766e-40 2.76414e-33 3.11025e-27 8.04593e-22 4.78522e-17 6.54292e-13 2.05677e-09 1.48643e-06 0.000246973 0.00943405 0.0828499 0.167284 0.0787757 0.0383232 0.183636 0.258219 0.0938858 0.0437926 0.0314395 0.00904912 0.00254929 0.000461556 4.76931e-05 3.04849e-06 9.96429e-08
#spawning biomass
 6204.69 2948.16 3220.41 3794.39 4975.24 6070.8 6485.24 5422.15 6859.74 13409.9 14745 13220 21140.7 30049.4 28398.4 22333.6 19120.9 23112.9 20731.2 20205.7 21786.3 21821.3 26712.6 24679.6 28070.2 32212.7 26846.3 25591.1 30089.7 60464.9 64601.3 46412.7 33829.8 27519.6 24632.7 23373.3 22840 22618.6 22527.9 22491.1 22476.2 22470.2 22467.9 22466.9 22466.5 22466.4 22466.3 22466.3 22466.3 22466.3 22466.3 22466.3 22466.3 22466.3 22466.3 22466.3 22466.3 22466.3 22466.3 22466.3 22466.3 22466.3 22466.3 22466.3 22466.3 22466.3 22466.3 22466.3 22466.3 22466.3 22466.3 22466.3 22466.3 22466.3 22466.3 22466.3 22466.3 22466.3 22466.3 22466.3 22466.3 22466.3 22466.3 22466.3 22466.3 22466.3 22466.3 22466.3 22466.3 22466.3 22466.3 22466.3 22466.3 22466.3 22466.3 22466.3 22466.3 22466.3 22466.3 22466.3 22466.3 22466.3 22466.3 22466.3 22466.3 22466.3 22466.3 22466.3 22466.3 22466.3 22466.3 22466.3 22466.3 22466.3 22466.3 22466.3 22466.3 22466.3 22466.3 22466.3 22466.3 22466.3 22466.3 22466.3 22466.3 22466.3 22466.3 22466.3 0 0 0 0 0 0 0 0 0 0 0 0 0 0 0 0 0 0 0 0 0 0 0 0 0
