SBPRF35
0.224663
Curr Bio
28045
B35
66906
F35
0.518892
FOFL
0.259328
OFL
9973.2
Bzero
64189.3
#pred survey bio
 8311.24 7548.65 8471.69 10572 13245 15779.5 15808.8 14512.8 23129.9 34868 35983.4 44119.1 69652.8 82400.8 70992.5 62525.2 59655.6 65317.7 59195 62920 63888.8 67351.6 73830.2 74717.8 82885.3 84136 77756 84777.6 3.47746e+06 2.47446e+06 2.00795e+06 1.4847e+06 1.16515e+06 995589 910228 867794 846391 835223 829125 825629 823534 822231 821396 820850 820491 820253 820094 819988 819916 819868 819835 819813 819798 819788 819781 819776 819773 819771 819770 819769 819768 819768 819767 819767 819767 819767 819767 819767 819767 819767 819767 819767 819767 819767 819767 819767 819767 819767 819767 819767 819767 819767 819767 819767 819767 819767 819767 819767 819767 819767 819767 819767 819767 819767 819767 819767 819767 819767 819767 819767 819767 819767 819767 819767 819767 819767 819767 819767 819767 819767 819767 819767 819767 819767 819767 819767 819767 819767 819767 819767 819767 819767 819767 819767 819767 819767 819767 819767 0 0 0 0 0 0 0 0 0 0 0 0 0 0 0 0 0 0 0 0 0 0 0 0 0
#obs survey bio
 7064.52 7553.52 12613.7 11456.6 14477.6 16689.3 13516.9 16677.1 26353.4 36337.5 36721.9 45522.5 74463.6 77244.5 49729.2 49107.5 64363.9 45347.3 79313.5 53386.3 51848.4 92886.7 59296.1 74606.9 75889.6 72185.4 81896 100473
#pred catch bio
 4261.15 3720.55 3850.62 4975.94 6097.17 7465.42 9194.19 7356.16 8680.38 17752.7 21083.2 19091.4 32895.6 47838.1 41029.3 37823.3 30217.8 39704.8 31358.3 34590.1 36233.9 34635.6 42421.8 39571.6 44122.3 48645.3 43935.9 42600.2 9973.2 31273.8 27683.6 19133.2 13976.6 11402.1 10212.9 9688.16 9463.4 9368.98 9329.84 9313.75 9307.18 9304.51 9303.43 9302.99 9302.81 9302.74 9302.71 9302.7 9302.7 9302.69 9302.69 9302.69 9302.69 9302.69 9302.69 9302.69 9302.69 9302.69 9302.69 9302.69 9302.69 9302.69 9302.69 9302.69 9302.69 9302.69 9302.69 9302.69 9302.69 9302.69 9302.69 9302.69 9302.69 9302.69 9302.69 9302.69 9302.69 9302.69 9302.69 9302.69 9302.69 9302.69 9302.69 9302.69 9302.69 9302.69 9302.69 9302.69 9302.69 9302.69 9302.69 9302.69 9302.69 9302.69 9302.69 9302.69 9302.69 9302.69 9302.69 9302.69 9302.69 9302.69 9302.69 9302.69 9302.69 9302.69 9302.69 9302.69 9302.69 9302.69 9302.69 9302.69 9302.69 9302.69 9302.69 9302.69 9302.69 9302.69 9302.69 9302.69 9302.69 9302.69 9302.69 9302.69 9302.69 9302.69 9302.69 9302.69 0 0 0 0 0 0 0 0 0 0 0 0 0 0 0 0 0 0 0 0 0 0 0 0 0
#obs catch bio
 3712.03 3754.29 3770.97 4923.48 6001.41 7310.48 9382.07 7447.76 8327.95 17099.8 22051.9 18653.6 31782.5 47836.3 42072.5 39939.4 29736.9 41326.4 31325.3 34126 36934.9 33879.7 42578.5 39692.3 43293.8 49923 44168.3 42958.7
#pred cpue bio
 5465.96 4190.91 4353 5410.07 6606.12 8321.9 9177.58 7272.39 9369.26 17911.6 19335 18423.6 32172.6 43382.4 38222.9 33098.6 28567.8 34343 29169.4 32371 32502.7 32537 38250 36405.6 41520.2 44354.6 39995.6 40014.3 1.75907e+06 1.88124e+06 1.76982e+06 1.2747e+06 956282 786766 701406 658972 637568 626401 620303 616807 614712 613408 612573 612028 611669 611431 611272 611166 611094 611045 611013 610991 610976 610966 610959 610954 610951 610949 610948 610947 610946 610946 610945 610945 610945 610945 610945 610945 610945 610945 610945 610945 610945 610945 610945 610945 610945 610945 610945 610945 610945 610945 610945 610945 610945 610945 610945 610945 610945 610945 610945 610945 610945 610945 610945 610945 610945 610945 610945 610945 610945 610945 610945 610945 610945 610945 610945 610945 610945 610945 610945 610945 610945 610945 610945 610945 610945 610945 610945 610945 610945 610945 610945 610945 610945 610945 610945 610945 0 0 0 0 0 0 0 0 0 0 0 0 0 0 0 0 0 0 0 0 0 0 0 0 0
#obs cpue bio
 4723.96 4544.37 4729.25 5418.19 7305.93 9793.7 7241.49 7780.14 15701.1 20624 12809.6 23990.5 46460.9 46281.1 24236.6 27031.6 29489.9 26682.2 26357.8 42533 31971.5 33328.1 45808.7 32191.2 60256 31103 40470.1 29795.2
#pred surv len freq
 2.14218e-27 2.1646e-27 5.71623e-27 1.21503e-21 7.22628e-17 9.88064e-13 3.10599e-09 2.24471e-06 0.000372955 0.0142466 0.125115 0.252612 0.11787 0.0288757 0.100238 0.141028 0.0566343 0.0433781 0.0375238 0.0229413 0.0176408 0.0136709 0.0125972 0.0108418 0.00441186
 2.1431e-27 2.16783e-27 6.09925e-27 1.34501e-21 7.99926e-17 1.09376e-12 3.43824e-09 2.48482e-06 0.00041285 0.0157706 0.138498 0.279633 0.130464 0.0315928 0.108687 0.152665 0.0576783 0.0337215 0.0261306 0.0105229 0.00573203 0.00342096 0.00247992 0.00185564 0.000731969
 2.14389e-27 2.16991e-27 6.32187e-27 1.42051e-21 8.44832e-17 1.15516e-12 3.63125e-09 2.62431e-06 0.000436026 0.0166559 0.146273 0.295331 0.137734 0.0319225 0.10597 0.148739 0.0551252 0.0289783 0.0215113 0.00698477 0.00261976 0.000943419 0.000435518 0.000249417 8.98294e-05
 2.1438e-27 2.1697e-27 6.2991e-27 1.41278e-21 8.40235e-17 1.14887e-12 3.61149e-09 2.61004e-06 0.000433653 0.0165653 0.145477 0.293724 0.137 0.0321668 0.107945 0.151509 0.0559302 0.0287162 0.0211189 0.00651769 0.00215227 0.000553445 0.000132684 4.23978e-05 1.22161e-05
 2.14428e-27 2.17086e-27 6.42069e-27 1.45402e-21 8.6476e-17 1.18241e-12 3.71691e-09 2.68622e-06 0.000446311 0.0170488 0.149723 0.302297 0.140954 0.0319168 0.103835 0.145691 0.0535445 0.0267598 0.0195356 0.0058759 0.00184958 0.000432604 7.37084e-05 1.0868e-05 1.74512e-06
 2.14286e-27 2.16736e-27 6.04866e-27 1.32781e-21 7.89701e-17 1.07977e-12 3.39429e-09 2.45306e-06 0.000407572 0.015569 0.136728 0.27606 0.128875 0.033266 0.11998 0.168439 0.0614474 0.0293032 0.0211881 0.00629106 0.0019335 0.000436366 6.73364e-05 6.8478e-06 4.96214e-07
 2.14071e-27 2.16216e-27 5.51067e-27 1.14537e-21 6.81197e-17 9.31415e-13 2.92792e-09 2.11601e-06 0.000351572 0.0134298 0.117941 0.238131 0.111367 0.0339859 0.135807 0.190947 0.0721232 0.0420075 0.0313083 0.00915231 0.00274028 0.000607056 9.03752e-05 8.30193e-06 4.13529e-07
 2.14451e-27 2.17146e-27 6.49018e-27 1.47762e-21 8.78797e-17 1.2016e-12 3.77724e-09 2.72982e-06 0.000453556 0.0173255 0.152154 0.307204 0.143194 0.0311642 0.0977622 0.137219 0.0517492 0.0299115 0.0223708 0.00680636 0.00214254 0.000467498 6.72301e-05 5.94521e-06 2.68358e-07
 2.14752e-27 2.17877e-27 7.25073e-27 1.73555e-21 1.0322e-16 1.41134e-12 4.43658e-09 3.20633e-06 0.000532727 0.0203498 0.178713 0.360825 0.167936 0.029862 0.0736507 0.103004 0.0365599 0.0142973 0.00996728 0.00305605 0.000983369 0.000223491 3.32069e-05 2.88434e-06 1.25026e-07
 2.14276e-27 2.16701e-27 5.99859e-27 1.31076e-21 7.7956e-17 1.06591e-12 3.3507e-09 2.42156e-06 0.000402339 0.0153691 0.134972 0.272515 0.127286 0.0345921 0.129144 0.181163 0.06333 0.0216592 0.0143993 0.00387189 0.00102556 0.000230036 3.54545e-05 3.19943e-06 1.39859e-07
 2.14263e-27 2.16683e-27 5.99748e-27 1.31047e-21 7.79389e-17 1.06568e-12 3.34997e-09 2.42103e-06 0.000402251 0.0153657 0.134942 0.272455 0.127196 0.0329397 0.119075 0.167274 0.0625882 0.0346478 0.0252108 0.00625104 0.00135699 0.000256541 3.38324e-05 3.00435e-06 1.35608e-07
 2.14712e-27 2.1778e-27 7.14875e-27 1.70096e-21 1.01163e-16 1.38322e-12 4.34816e-09 3.14243e-06 0.00052211 0.0199442 0.175151 0.353635 0.164621 0.0301122 0.0773457 0.108235 0.038723 0.0161093 0.011297 0.00322501 0.000896664 0.000161324 1.71496e-05 1.25361e-06 5.14525e-08
 2.14499e-27 2.17249e-27 6.57793e-27 1.50728e-21 8.96439e-17 1.22572e-12 3.85307e-09 2.78462e-06 0.000462661 0.0176733 0.155208 0.313371 0.146104 0.0327361 0.105499 0.147809 0.0511953 0.0159783 0.0103395 0.002753 0.000704502 0.000143402 1.80554e-05 1.22754e-06 4.12671e-08
 2.14251e-27 2.16644e-27 5.94455e-27 1.29246e-21 7.68676e-17 1.05103e-12 3.30392e-09 2.38775e-06 0.000396721 0.0151545 0.133088 0.26871 0.12551 0.0341544 0.127619 0.179135 0.0642916 0.0273555 0.0189433 0.0045424 0.00090979 0.000166026 2.04458e-05 1.55594e-06 5.557e-08
 2.14205e-27 2.16534e-27 5.83046e-27 1.25377e-21 7.45667e-17 1.01957e-12 3.20502e-09 2.31628e-06 0.000384846 0.0147009 0.129104 0.260667 0.121798 0.0343248 0.131083 0.184053 0.0664975 0.0296873 0.0208885 0.00535682 0.0012245 0.00020529 2.02699e-05 1.38129e-06 5.04898e-08
 2.14272e-27 2.16701e-27 6.0114e-27 1.31517e-21 7.82182e-17 1.0695e-12 3.36197e-09 2.42971e-06 0.000403692 0.0154208 0.135426 0.273431 0.127665 0.0333999 0.121589 0.170721 0.0624623 0.0303282 0.0217318 0.0057339 0.00140273 0.000253557 2.68173e-05 1.64596e-06 5.09847e-08
 2.14456e-27 2.17148e-27 6.47607e-27 1.47275e-21 8.75903e-17 1.19764e-12 3.7648e-09 2.72083e-06 0.000452062 0.0172685 0.151653 0.306192 0.142781 0.032616 0.10693 0.149909 0.0530973 0.020391 0.0139331 0.00367801 0.000907122 0.00016892 1.91269e-05 1.26088e-06 3.90613e-08
 2.14246e-27 2.16633e-27 5.93156e-27 1.28805e-21 7.66052e-17 1.04744e-12 3.29264e-09 2.3796e-06 0.000395367 0.0151027 0.132633 0.267793 0.125093 0.034333 0.128985 0.181032 0.0645599 0.0261831 0.0180432 0.0045806 0.00104588 0.00019335 2.24349e-05 1.55105e-06 5.12938e-08
 2.14401e-27 2.17012e-27 6.3331e-27 1.42426e-21 8.47062e-17 1.15821e-12 3.64083e-09 2.63124e-06 0.000437177 0.0166999 0.146659 0.296111 0.138134 0.032994 0.112276 0.157472 0.0561333 0.0226847 0.0155788 0.00384275 0.000816169 0.000142119 1.54006e-05 1.0538e-06 3.59395e-08
 2.14306e-27 2.16779e-27 6.08726e-27 1.34087e-21 7.97466e-17 1.09039e-12 3.42766e-09 2.47718e-06 0.00041158 0.0157221 0.138072 0.278774 0.130148 0.0337445 0.122083 0.171311 0.0612338 0.0252804 0.017505 0.00448575 0.00103028 0.000177692 1.80571e-05 1.15347e-06 3.76343e-08
 2.14353e-27 2.16899e-27 6.21723e-27 1.38498e-21 8.23698e-17 1.12626e-12 3.54041e-09 2.55867e-06 0.000425119 0.0162392 0.142614 0.287944 0.134358 0.0329901 0.114714 0.160977 0.0583123 0.0265088 0.0187263 0.00483078 0.0011317 0.000203194 2.1769e-05 1.36935e-06 4.20058e-08
 2.14439e-27 2.17107e-27 6.43242e-27 1.45795e-21 8.67098e-17 1.1856e-12 3.72695e-09 2.69348e-06 0.000447518 0.0170949 0.150128 0.303114 0.141363 0.0327405 0.108618 0.152294 0.054012 0.0209642 0.0143523 0.00376731 0.000915461 0.000166665 1.83026e-05 1.20083e-06 3.77432e-08
 2.14285e-27 2.16729e-27 6.0329e-27 1.32243e-21 7.86498e-17 1.0754e-12 3.38052e-09 2.44311e-06 0.00040592 0.0155059 0.136173 0.27494 0.128384 0.033976 0.124652 0.174925 0.0624137 0.0254132 0.0175291 0.00445354 0.00101724 0.000186709 2.12525e-05 1.43126e-06 4.64181e-08
 2.14438e-27 2.17105e-27 6.43402e-27 1.45851e-21 8.6743e-17 1.18606e-12 3.72838e-09 2.69451e-06 0.000447689 0.0171014 0.150186 0.303231 0.141406 0.0324572 0.106853 0.14986 0.0538742 0.0232106 0.0161909 0.00408655 0.000913523 0.000161358 1.75234e-05 1.18683e-06 3.96383e-08
 2.14356e-27 2.16902e-27 6.21522e-27 1.38427e-21 8.23276e-17 1.12568e-12 3.5386e-09 2.55736e-06 0.000424901 0.0162309 0.142541 0.287796 0.13431 0.0335223 0.118007 0.165524 0.0586226 0.022494 0.0153533 0.00401461 0.000964756 0.000171754 1.81932e-05 1.18301e-06 3.85342e-08
 2.14259e-27 2.16668e-27 5.97174e-27 1.3017e-21 7.74169e-17 1.05854e-12 3.32753e-09 2.40482e-06 0.000399556 0.0152628 0.134039 0.270631 0.126388 0.0338832 0.125385 0.176013 0.0635542 0.0282513 0.01983 0.00500652 0.00112629 0.000204967 2.295e-05 1.50386e-06 4.76477e-08
 2.14321e-27 2.1682e-27 6.1326e-27 1.35626e-21 8.06622e-17 1.10291e-12 3.46702e-09 2.50562e-06 0.000416306 0.0159026 0.139657 0.281975 0.131613 0.0333607 0.118775 0.166687 0.0601255 0.0265412 0.0186666 0.00487719 0.00116838 0.000208 2.22933e-05 1.48836e-06 4.86979e-08
 2.14498e-27 2.17253e-27 6.59004e-27 1.51143e-21 8.98904e-17 1.22909e-12 3.86366e-09 2.79228e-06 0.000463933 0.0177219 0.155635 0.314232 0.146476 0.0320217 0.100879 0.141416 0.050592 0.0210276 0.0146072 0.00381529 0.000920081 0.00016932 1.88782e-05 1.24105e-06 3.99488e-08
#obs surv len freq
 8.69442e-40 4.25531e-33 4.78815e-27 1.23865e-21 7.36671e-17 1.00726e-12 3.16634e-09 2.28832e-06 0.000380208 0.0145235 0.127545 0.257521 0.120266 0.0322477 0.119351 0.167832 0.0649823 0.0426761 0.0332743 0.0123296 0.00514849 0.00153785 0.000334924 4.49721e-05 3.0987e-06
 1.03627e-39 5.07183e-33 5.70691e-27 1.47632e-21 8.78024e-17 1.20054e-12 3.77391e-09 2.72741e-06 0.000453163 0.0173102 0.152019 0.306932 0.143048 0.030599 0.0943934 0.132538 0.0509752 0.0324739 0.0251446 0.0091063 0.00368902 0.00106268 0.00022256 2.88332e-05 1.91358e-06
 9.67614e-40 4.7358e-33 5.3288e-27 1.37851e-21 8.19852e-17 1.121e-12 3.52387e-09 2.54671e-06 0.000423139 0.0161634 0.141947 0.286598 0.13373 0.0328036 0.113981 0.15995 0.0579778 0.0265307 0.019436 0.0068489 0.00268762 0.000750839 0.00015089 1.8723e-05 1.19461e-06
 1.04767e-39 5.12762e-33 5.76968e-27 1.49256e-21 8.87682e-17 1.21374e-12 3.81542e-09 2.75741e-06 0.000458148 0.0175006 0.153691 0.310308 0.144636 0.0313362 0.0978769 0.137328 0.0510707 0.0273594 0.0201308 0.00588284 0.00183225 0.000482066 9.29162e-05 1.10486e-05 6.74579e-07
 9.87294e-40 4.83212e-33 5.43718e-27 1.40655e-21 8.36526e-17 1.1438e-12 3.59554e-09 2.59851e-06 0.000431745 0.0164921 0.144834 0.292427 0.136426 0.0328547 0.112536 0.157874 0.0567277 0.0243868 0.0173848 0.00541415 0.00175503 0.000386496 6.07363e-05 6.67035e-06 3.88655e-07
 8.1248e-40 3.97653e-33 4.47445e-27 1.1575e-21 6.88408e-17 9.41273e-13 2.9589e-09 2.1384e-06 0.000355299 0.013572 0.119189 0.240651 0.112563 0.0348073 0.140061 0.196785 0.0720361 0.0351039 0.025308 0.00706294 0.00198478 0.00044568 6.69529e-05 6.10419e-06 3.08033e-07
 7.92451e-40 3.8785e-33 4.36415e-27 1.12896e-21 6.71437e-17 9.18069e-13 2.88596e-09 2.08569e-06 0.00034654 0.0132374 0.116251 0.234718 0.109774 0.0335902 0.134419 0.18909 0.0728092 0.0465507 0.0351502 0.0103054 0.00304181 0.00062224 8.39261e-05 7.33165e-06 3.28732e-07
 1.3302e-39 6.51039e-33 7.32559e-27 1.89506e-21 1.12706e-16 1.54106e-12 4.84433e-09 3.50101e-06 0.000581697 0.0222201 0.195137 0.393985 0.183176 0.0274625 0.0490089 0.0683982 0.026076 0.015927 0.0121492 0.00407825 0.00143773 0.000312804 4.23074e-05 3.37863e-06 1.39044e-07
 1.10467e-39 5.4066e-33 6.08359e-27 1.57377e-21 9.35978e-17 1.27978e-12 4.023e-09 2.90743e-06 0.000483074 0.0184528 0.162053 0.327191 0.152491 0.0326631 0.100888 0.141195 0.0472977 0.0095445 0.00526405 0.00170062 0.000599415 0.000148186 2.33924e-05 1.96802e-06 7.81549e-08
 6.37259e-40 3.11894e-33 3.50948e-27 9.07869e-22 5.39944e-17 7.38276e-13 2.32078e-09 1.67723e-06 0.000278674 0.010645 0.0934844 0.188755 0.0887157 0.038685 0.179374 0.251993 0.088748 0.0324332 0.0214892 0.00459051 0.0006544 0.000128707 2.11106e-05 2.02373e-06 8.90078e-08
 1.23102e-39 6.02498e-33 6.77941e-27 1.75377e-21 1.04303e-16 1.42616e-12 4.48314e-09 3.23997e-06 0.000538326 0.0205634 0.180587 0.364611 0.169612 0.0278745 0.0603779 0.0846295 0.0346525 0.0281793 0.0215395 0.00545636 0.00118612 0.000174687 1.36593e-05 1.00264e-06 4.66375e-08
 1.17873e-39 5.76906e-33 6.49144e-27 1.67928e-21 9.98728e-17 1.36558e-12 4.29271e-09 3.10235e-06 0.00051546 0.0196899 0.172917 0.349125 0.16258 0.0312771 0.0858161 0.12 0.0404845 0.00914613 0.00545917 0.00204589 0.000779827 0.000146225 1.40825e-05 7.31267e-07 2.006e-08
 8.80941e-40 4.31159e-33 4.85147e-27 1.25503e-21 7.46413e-17 1.02059e-12 3.20822e-09 2.31859e-06 0.000385237 0.0147155 0.129232 0.260928 0.12197 0.0356929 0.139356 0.195475 0.0672788 0.0195915 0.012179 0.00265484 0.000426299 9.65845e-05 1.51419e-05 1.03665e-06 2.87122e-08
 9.2881e-40 4.54588e-33 5.1151e-27 1.32323e-21 7.86973e-17 1.07604e-12 3.38255e-09 2.44458e-06 0.00040617 0.0155152 0.136254 0.275105 0.128434 0.0332873 0.120398 0.169061 0.0621514 0.0310691 0.0221167 0.00514372 0.000912478 0.000131134 1.15112e-05 9.05815e-07 3.56016e-08
 7.37058e-40 3.60739e-33 4.05909e-27 1.05005e-21 6.24503e-17 8.53896e-13 2.68423e-09 1.9399e-06 0.000322317 0.0123121 0.108125 0.218313 0.102289 0.0362436 0.155562 0.218574 0.0788989 0.0350273 0.0248982 0.00712268 0.00195843 0.000323631 2.6754e-05 1.35354e-06 4.01775e-08
 1.11932e-39 5.4783e-33 6.16427e-27 1.59464e-21 9.48391e-17 1.29675e-12 4.07635e-09 2.94599e-06 0.00048948 0.0186975 0.164202 0.331529 0.154392 0.0298563 0.0824471 0.115665 0.0446164 0.0287456 0.021561 0.00588662 0.00155876 0.000312089 3.67927e-05 2.14261e-06 5.33686e-08
 8.7063e-40 4.26113e-33 4.79469e-27 1.24034e-21 7.37678e-17 1.00864e-12 3.17067e-09 2.29145e-06 0.000380728 0.0145433 0.127719 0.257874 0.120557 0.0356483 0.140004 0.196398 0.0676928 0.0200725 0.0130778 0.00426438 0.00143857 0.000289873 3.54261e-05 2.5596e-06 8.19195e-08
 9.53702e-40 4.66771e-33 5.25218e-27 1.35869e-21 8.08064e-17 1.10488e-12 3.4732e-09 2.51009e-06 0.000417055 0.015931 0.139906 0.282477 0.131824 0.0328008 0.115206 0.161762 0.0598383 0.0310479 0.0222557 0.00523944 0.00103499 0.000221966 3.26403e-05 2.50623e-06 8.92021e-08
 1.01114e-39 4.94883e-33 5.5685e-27 1.44052e-21 8.5673e-17 1.17142e-12 3.68238e-09 2.66127e-06 0.000442173 0.0168904 0.148332 0.299489 0.139683 0.0326427 0.109113 0.153034 0.0548206 0.0230293 0.0162176 0.0047173 0.00133325 0.000227954 2.29923e-05 1.80005e-06 7.23021e-08
 8.6328e-40 4.22516e-33 4.75421e-27 1.22987e-21 7.3145e-17 1.00013e-12 3.1439e-09 2.2721e-06 0.000377513 0.0144205 0.126641 0.255697 0.119527 0.0350282 0.136875 0.192131 0.0681691 0.0265525 0.0182152 0.00484749 0.00123519 0.000249651 3.04734e-05 1.95661e-06 6.44631e-08
 1.11107e-39 5.43794e-33 6.11885e-27 1.58289e-21 9.41404e-17 1.2872e-12 4.04632e-09 2.92429e-06 0.000485874 0.0185598 0.162992 0.329087 0.153293 0.0306695 0.0881473 0.123582 0.0458144 0.0240876 0.0174597 0.00452225 0.00107198 0.000199297 2.36943e-05 1.73818e-06 5.91417e-08
 8.87506e-40 4.34372e-33 4.88763e-27 1.26438e-21 7.51976e-17 1.02819e-12 3.23213e-09 2.33587e-06 0.000388107 0.0148252 0.130195 0.262872 0.122855 0.0353168 0.136473 0.191445 0.0662762 0.020589 0.0134409 0.00393577 0.00114632 0.000214064 2.35316e-05 1.62018e-06 5.67529e-08
 1.00334e-39 4.91067e-33 5.52556e-27 1.42941e-21 8.50124e-17 1.16239e-12 3.65399e-09 2.64074e-06 0.000438763 0.0167602 0.147188 0.297179 0.138602 0.0322757 0.107569 0.150959 0.0555109 0.0277964 0.0198323 0.00473023 0.000946378 0.000183829 2.3503e-05 1.62957e-06 5.36527e-08
 1.0346e-39 5.06367e-33 5.69772e-27 1.47395e-21 8.76611e-17 1.19861e-12 3.76783e-09 2.72302e-06 0.000452434 0.0172824 0.151774 0.306438 0.142893 0.032568 0.106562 0.149393 0.0529202 0.0203521 0.0140296 0.0040122 0.00110912 0.000190351 1.87089e-05 1.30836e-06 4.66001e-08
 8.73322e-40 4.2743e-33 4.80951e-27 1.24418e-21 7.39958e-17 1.01176e-12 3.18047e-09 2.29853e-06 0.000381905 0.0145883 0.128114 0.258671 0.120902 0.0350437 0.136073 0.190975 0.0674166 0.0251671 0.0170325 0.00437007 0.00103397 0.00020292 2.43283e-05 1.53939e-06 4.75954e-08
 9.24111e-40 4.52288e-33 5.08922e-27 1.31653e-21 7.82991e-17 1.0706e-12 3.36544e-09 2.43221e-06 0.000404115 0.0154367 0.135565 0.273713 0.127788 0.0332222 0.12042 0.169106 0.0623541 0.0317549 0.0228554 0.00580446 0.00131241 0.000232843 2.58893e-05 1.83059e-06 6.10388e-08
 9.67043e-40 4.733e-33 5.32565e-27 1.3777e-21 8.19367e-17 1.12034e-12 3.52179e-09 2.5452e-06 0.000422889 0.0161538 0.141863 0.286428 0.133658 0.0329916 0.115179 0.161635 0.0585507 0.0266373 0.0190512 0.00552819 0.00157795 0.000287779 3.01037e-05 1.9519e-06 6.47119e-08
 1.12746e-39 5.51814e-33 6.2091e-27 1.60624e-21 9.55288e-17 1.30618e-12 4.106e-09 2.96742e-06 0.00049304 0.0188335 0.165396 0.33394 0.155551 0.031059 0.0890622 0.124755 0.0446337 0.0185643 0.0129629 0.00356282 0.000959925 0.000196371 2.46004e-05 1.64694e-06 5.14206e-08
#pred catch len freq
 2.13517e-27 2.14658e-27 3.78541e-27 5.60101e-22 3.33113e-17 4.55473e-13 1.43178e-09 1.03475e-06 0.000171923 0.00656734 0.0576747 0.116453 0.0549606 0.029929 0.147701 0.208464 0.0870582 0.0761583 0.0668725 0.0412283 0.031817 0.0246725 0.0227376 0.0195695 0.00796338
 2.13575e-27 2.14973e-27 4.19519e-27 6.99195e-22 4.15838e-17 5.68584e-13 1.78735e-09 1.29172e-06 0.000214618 0.00819826 0.0719976 0.145372 0.068539 0.0354905 0.172946 0.243599 0.0944909 0.0625974 0.0493615 0.0200066 0.0109516 0.00654139 0.00474269 0.00354884 0.00139987
 2.13632e-27 2.1514e-27 4.37837e-27 7.61316e-22 4.52783e-17 6.191e-13 1.94615e-09 1.40649e-06 0.000233686 0.00892664 0.0783942 0.158287 0.074558 0.0367741 0.176892 0.249007 0.0945687 0.0566621 0.0429174 0.0140149 0.00528902 0.00190694 0.000880571 0.000504311 0.000181632
 2.13638e-27 2.15157e-27 4.39461e-27 7.66813e-22 4.56052e-17 6.2357e-13 1.9602e-09 1.41664e-06 0.000235373 0.00899109 0.0789602 0.15943 0.0750991 0.0371146 0.178627 0.251413 0.0949275 0.0552085 0.04141 0.0128448 0.00426703 0.00109854 0.000263465 8.41934e-05 2.42587e-05
 2.13684e-27 2.15267e-27 4.50842e-27 8.05403e-22 4.79004e-17 6.54952e-13 2.05885e-09 1.48794e-06 0.000247219 0.00944358 0.082934 0.167453 0.0788048 0.0370217 0.175641 0.247162 0.092855 0.0525973 0.0391877 0.0118453 0.00375148 0.000878516 0.000149742 2.20811e-05 3.54571e-06
 2.13549e-27 2.14936e-27 4.15536e-27 6.85625e-22 4.07767e-17 5.57549e-13 1.75266e-09 1.26665e-06 0.000210453 0.00803915 0.0706002 0.142552 0.0673438 0.0383887 0.191492 0.269482 0.100436 0.0544739 0.0402645 0.0120157 0.00371657 0.000839859 0.000129652 1.31865e-05 9.55557e-07
 2.13424e-27 2.1464e-27 3.85951e-27 5.85349e-22 3.48129e-17 4.76004e-13 1.49633e-09 1.0814e-06 0.000179673 0.00686338 0.0602746 0.121705 0.057687 0.03789 0.194731 0.274316 0.105807 0.0681772 0.0515281 0.015118 0.0045485 0.00100863 0.000150205 1.37991e-05 6.8736e-07
 2.13744e-27 2.15421e-27 4.68153e-27 8.64171e-22 5.13955e-17 7.02742e-13 2.20908e-09 1.59651e-06 0.000265257 0.0101327 0.0889855 0.17967 0.0844006 0.0356231 0.163421 0.230074 0.0886886 0.0570064 0.043272 0.0132193 0.00418197 0.000913386 0.000131395 1.16205e-05 5.24541e-07
 2.14042e-27 2.16135e-27 5.41035e-27 1.11127e-21 6.60916e-17 9.03685e-13 2.84075e-09 2.05302e-06 0.000341105 0.01303 0.11443 0.231042 0.108148 0.035558 0.14754 0.207265 0.0748657 0.0334049 0.0239592 0.00738765 0.00239258 0.000544446 8.09282e-05 7.03021e-06 3.04744e-07
 2.13587e-27 2.15008e-27 4.20683e-27 7.02964e-22 4.18079e-17 5.71648e-13 1.79698e-09 1.29869e-06 0.000215775 0.00824244 0.0723856 0.146157 0.0690873 0.0404347 0.202896 0.285185 0.100947 0.0385632 0.026371 0.00711939 0.00189698 0.00042607 6.5691e-05 5.92853e-06 2.59164e-07
 2.13619e-27 2.1511e-27 4.34484e-27 7.49925e-22 4.46009e-17 6.09837e-13 1.91703e-09 1.38544e-06 0.000230189 0.00879308 0.0772213 0.155919 0.0734823 0.0372812 0.180703 0.254394 0.0968143 0.0584947 0.0431094 0.0107133 0.00233627 0.000442211 5.83361e-05 5.18075e-06 2.33849e-07
 2.14038e-27 2.16126e-27 5.40185e-27 1.10839e-21 6.59205e-17 9.01345e-13 2.83339e-09 2.0477e-06 0.000340222 0.0129963 0.114134 0.230444 0.107868 0.0354651 0.147153 0.206753 0.0751514 0.0349856 0.0250971 0.00719459 0.0020115 0.000362307 3.85305e-05 2.81696e-06 1.15622e-07
 2.13802e-27 2.15536e-27 4.76144e-27 8.91081e-22 5.2996e-17 7.24625e-13 2.27787e-09 1.64622e-06 0.000273517 0.0104482 0.0917565 0.185266 0.0871117 0.0389325 0.181938 0.25557 0.0895001 0.0311196 0.0207701 0.0055524 0.00142927 0.00029132 3.66926e-05 2.4949e-06 8.38756e-08
 2.13616e-27 2.15087e-27 4.30024e-27 7.34699e-22 4.36953e-17 5.97456e-13 1.87811e-09 1.35732e-06 0.000225516 0.00861456 0.0756535 0.152755 0.0720899 0.0391685 0.193178 0.271673 0.0987419 0.045897 0.0323422 0.00777274 0.0015641 0.000285815 3.52086e-05 2.67965e-06 9.57047e-08
 2.13564e-27 2.14963e-27 4.17403e-27 6.91909e-22 4.11504e-17 5.62659e-13 1.76872e-09 1.27826e-06 0.000212381 0.00811282 0.0712472 0.143859 0.0679783 0.0391986 0.196043 0.275775 0.101044 0.0494989 0.0354368 0.00911252 0.00209291 0.000351283 3.46966e-05 2.36471e-06 8.64389e-08
 2.13656e-27 2.15193e-27 4.42228e-27 7.76145e-22 4.61603e-17 6.3116e-13 1.98406e-09 1.43388e-06 0.000238238 0.00910052 0.0799213 0.161371 0.0760276 0.0379491 0.183136 0.257646 0.0955032 0.0501795 0.0364443 0.00963826 0.00236695 0.000428228 4.53029e-05 2.7808e-06 8.6139e-08
 2.13775e-27 2.15476e-27 4.70864e-27 8.73218e-22 5.19336e-17 7.10099e-13 2.23221e-09 1.61322e-06 0.000268034 0.0102387 0.089917 0.181552 0.085368 0.0382228 0.178725 0.251202 0.0901447 0.0383379 0.026797 0.00709766 0.00175984 0.000328112 3.71652e-05 2.4503e-06 7.59106e-08
 2.13641e-27 2.15147e-27 4.36043e-27 7.55101e-22 4.49087e-17 6.14047e-13 1.93026e-09 1.39501e-06 0.000231778 0.00885377 0.0777543 0.156996 0.0740541 0.039254 0.192421 0.270545 0.097494 0.0427343 0.0299348 0.00761649 0.00174586 0.000323069 3.74961e-05 2.59253e-06 8.57377e-08
 2.13732e-27 2.1537e-27 4.5979e-27 8.35661e-22 4.96999e-17 6.79558e-13 2.1362e-09 1.54384e-06 0.000256506 0.00979836 0.0860497 0.173744 0.0817652 0.038408 0.182209 0.256158 0.0925248 0.0412227 0.0288929 0.00714642 0.00152577 0.000266048 2.88403e-05 1.97368e-06 6.73132e-08
 2.13645e-27 2.15158e-27 4.37493e-27 7.60032e-22 4.52019e-17 6.18056e-13 1.94287e-09 1.40412e-06 0.000233292 0.00891158 0.078262 0.158021 0.0745183 0.0389974 0.190546 0.267938 0.0970612 0.0441314 0.0311663 0.00800979 0.00184892 0.000319268 3.24553e-05 2.07348e-06 6.76537e-08
 2.13709e-27 2.15321e-27 4.553e-27 8.20464e-22 4.87961e-17 6.67199e-13 2.09735e-09 1.51576e-06 0.000251841 0.00962017 0.0844848 0.170584 0.080286 0.0379157 0.180156 0.253374 0.0930286 0.0461653 0.0331402 0.00857105 0.00201683 0.000362504 3.88479e-05 2.44393e-06 7.49714e-08
 2.13762e-27 2.15445e-27 4.67587e-27 8.62103e-22 5.12725e-17 7.0106e-13 2.20379e-09 1.59269e-06 0.000264622 0.0101084 0.0887725 0.179241 0.0843023 0.0382925 0.179847 0.252792 0.0908268 0.0389769 0.0272788 0.00718373 0.00175478 0.000319856 3.51378e-05 2.30567e-06 7.24713e-08
 2.13648e-27 2.15164e-27 4.38014e-27 7.61793e-22 4.53067e-17 6.19488e-13 1.94737e-09 1.40737e-06 0.000233832 0.00893224 0.0784434 0.158387 0.0746918 0.0391097 0.191121 0.268726 0.0970349 0.0431473 0.030313 0.0077214 0.00177167 0.000325547 3.70671e-05 2.49655e-06 8.0969e-08
 2.13772e-27 2.15472e-27 4.70936e-27 8.7349e-22 5.19497e-17 7.1032e-13 2.2329e-09 1.61372e-06 0.000268118 0.0102419 0.089945 0.181608 0.0853743 0.0376954 0.175488 0.24674 0.0899467 0.0426478 0.030308 0.00767084 0.00172338 0.000304788 3.31111e-05 2.24282e-06 7.49089e-08
 2.13686e-27 2.15257e-27 4.47567e-27 7.94186e-22 4.72332e-17 6.4583e-13 2.03018e-09 1.46721e-06 0.000243775 0.00931205 0.081779 0.165122 0.0778022 0.0390295 0.188601 0.265126 0.0950906 0.0402801 0.0281057 0.00737263 0.00178084 0.00031742 3.36348e-05 2.18737e-06 7.12515e-08
 2.1362e-27 2.151e-27 4.31803e-27 7.40751e-22 4.40552e-17 6.02377e-13 1.89358e-09 1.36849e-06 0.000227373 0.00868551 0.0762766 0.154013 0.0726577 0.0388019 0.190561 0.268031 0.0980859 0.0476741 0.0340288 0.00861307 0.00194658 0.000354656 3.97227e-05 2.60319e-06 8.24806e-08
 2.13673e-27 2.1523e-27 4.45588e-27 7.87511e-22 4.68363e-17 6.40402e-13 2.01311e-09 1.45488e-06 0.000241727 0.00923379 0.0810917 0.163734 0.0771358 0.0383686 0.184986 0.260159 0.0951134 0.0459565 0.0328797 0.00861438 0.00207308 0.000369452 3.96099e-05 2.64477e-06 8.65366e-08
 2.13819e-27 2.15587e-27 4.82994e-27 9.14387e-22 5.4382e-17 7.43578e-13 2.33745e-09 1.68928e-06 0.000280671 0.0107214 0.0941563 0.190111 0.0892953 0.037436 0.171342 0.240862 0.0874042 0.0402156 0.0285167 0.00747226 0.00181153 0.000333785 3.72283e-05 2.44767e-06 7.87916e-08
#obs catch len freq
 4.13205e-40 2.02235e-33 2.27558e-27 5.88671e-22 3.50105e-17 4.78705e-13 1.50481e-09 1.08753e-06 0.000180695 0.00690232 0.0606161 0.122394 0.0579387 0.0360965 0.183572 0.258778 0.10275 0.0749555 0.0594432 0.0227593 0.00982839 0.00300795 0.000675599 9.401e-05 6.72782e-06
 4.22076e-40 2.06577e-33 2.32443e-27 6.01309e-22 3.57621e-17 4.88982e-13 1.53712e-09 1.11088e-06 0.000184574 0.0070505 0.0619175 0.125022 0.0591628 0.036345 0.184297 0.259754 0.102488 0.0728931 0.0573864 0.0212923 0.00889506 0.00265241 0.000576463 7.72756e-05 5.31783e-06
 5.71916e-40 2.79913e-33 3.14963e-27 8.14779e-22 4.84579e-17 6.62575e-13 2.08281e-09 1.50525e-06 0.0002501 0.00955348 0.0838987 0.169401 0.0796351 0.0351471 0.163609 0.230448 0.0902012 0.0620704 0.0485271 0.0175922 0.00712831 0.00204982 0.000428377 5.54031e-05 3.67227e-06
 5.16197e-40 2.52643e-33 2.84278e-27 7.354e-22 4.3737e-17 5.98024e-13 1.87989e-09 1.3586e-06 0.000225734 0.00862274 0.0757249 0.152899 0.0721259 0.0383418 0.188085 0.264559 0.0969952 0.047808 0.0354998 0.0125186 0.00491197 0.00136975 0.000274656 3.4021e-05 2.16785e-06
 6.00268e-40 2.93789e-33 3.30577e-27 8.5517e-22 5.08602e-17 6.95421e-13 2.18606e-09 1.57987e-06 0.000262498 0.0100271 0.0880579 0.177799 0.0835696 0.036536 0.169557 0.238589 0.0898632 0.0515782 0.0383477 0.0112084 0.00348886 0.000916117 0.000176165 2.09101e-05 1.27496e-06
 5.46951e-40 2.67695e-33 3.01214e-27 7.79213e-22 4.63427e-17 6.33653e-13 1.99189e-09 1.43955e-06 0.000239183 0.00913647 0.0802365 0.162008 0.0763451 0.0385562 0.186649 0.262455 0.0952022 0.0437372 0.0315863 0.00983754 0.0031868 0.000700608 0.000109804 1.20353e-05 7.00277e-07
 4.06532e-40 1.98969e-33 2.23883e-27 5.79165e-22 3.44451e-17 4.70975e-13 1.48051e-09 1.06997e-06 0.000177777 0.00679085 0.0596373 0.120419 0.0571623 0.0397418 0.206422 0.290495 0.107442 0.0557488 0.0406186 0.0113332 0.00318101 0.000712943 0.000106847 9.72263e-06 4.89833e-07
 3.95377e-40 1.9351e-33 2.1774e-27 5.63273e-22 3.35e-17 4.58052e-13 1.43989e-09 1.04061e-06 0.000172899 0.00660452 0.0580009 0.117115 0.0555548 0.0376156 0.194439 0.273993 0.106907 0.0724643 0.0551114 0.0161478 0.00475945 0.000971873 0.000130733 1.13982e-05 5.10308e-07
 9.81886e-40 4.80565e-33 5.40739e-27 1.39884e-21 8.31943e-17 1.13753e-12 3.57584e-09 2.58427e-06 0.00042938 0.0164018 0.14404 0.290824 0.135625 0.0312446 0.10319 0.144978 0.0559404 0.0361451 0.0277716 0.00931326 0.00327802 0.000711876 9.60416e-05 7.65528e-06 3.14549e-07
 6.91306e-40 3.38346e-33 3.80713e-27 9.84868e-22 5.85738e-17 8.00891e-13 2.51761e-09 1.81948e-06 0.000302309 0.0115478 0.101413 0.204763 0.0961424 0.0393779 0.178779 0.250858 0.0842649 0.0177846 0.0100497 0.00324482 0.00114139 0.000281551 4.43402e-05 3.72407e-06 1.47679e-07
 3.02174e-40 1.47893e-33 1.66412e-27 4.30492e-22 2.5603e-17 3.50074e-13 1.10046e-09 7.95306e-07 0.000132141 0.00504762 0.0443283 0.0895117 0.0430091 0.0433669 0.237867 0.334486 0.118501 0.0455425 0.0305415 0.0065228 0.000927376 0.000181836 2.97435e-05 2.84619e-06 1.25021e-07
 8.50661e-40 4.1634e-33 4.68472e-27 1.21189e-21 7.20758e-17 9.85506e-13 3.09795e-09 2.23889e-06 0.000371995 0.0142097 0.12479 0.251958 0.117657 0.0312662 0.115037 0.162063 0.0673116 0.0573557 0.044033 0.0111432 0.00241635 0.000355391 2.77042e-05 2.02709e-06 9.41393e-08
 7.90266e-40 3.8678e-33 4.35211e-27 1.12585e-21 6.69586e-17 9.15538e-13 2.878e-09 2.07994e-06 0.000345585 0.0132009 0.11593 0.234072 0.10962 0.0374456 0.158149 0.221856 0.0750653 0.0176832 0.0107571 0.00402522 0.0015312 0.00028668 2.75419e-05 1.42754e-06 3.90778e-08
 4.89408e-40 2.39531e-33 2.69524e-27 6.97234e-22 4.14671e-17 5.66988e-13 1.78233e-09 1.28809e-06 0.000214019 0.00817524 0.071795 0.144966 0.068582 0.0416449 0.210641 0.295918 0.102251 0.0310854 0.0195939 0.00426944 0.000683106 0.000154248 2.41306e-05 1.64983e-06 4.56355e-08
 5.24889e-40 2.56897e-33 2.89064e-27 7.47782e-22 4.44734e-17 6.08093e-13 1.91155e-09 1.38148e-06 0.000229535 0.00876793 0.077 0.155474 0.0733162 0.0383444 0.187326 0.263557 0.0976797 0.051243 0.036767 0.00854497 0.0015118 0.000216893 1.8976e-05 1.48909e-06 5.84597e-08
 3.71449e-40 1.81799e-33 2.04563e-27 5.29184e-22 3.14726e-17 4.3033e-13 1.35275e-09 9.77633e-07 0.000162435 0.00620482 0.0544907 0.110029 0.0524036 0.0409417 0.216878 0.305111 0.110928 0.0517186 0.0371011 0.0106007 0.0029079 0.000479855 3.957e-05 1.9974e-06 5.91641e-08
 7.14169e-40 3.49536e-33 3.93304e-27 1.01744e-21 6.0511e-17 8.27378e-13 2.60087e-09 1.87965e-06 0.000312307 0.0119297 0.104767 0.211533 0.0990779 0.0341957 0.145104 0.204258 0.0796597 0.0538606 0.0406355 0.011081 0.00292635 0.000584676 6.87639e-05 3.99836e-06 9.94463e-08
 4.7692e-40 2.33419e-33 2.62647e-27 6.79443e-22 4.0409e-17 5.5252e-13 1.73685e-09 1.25523e-06 0.000208558 0.00796663 0.069963 0.141267 0.0668666 0.0415021 0.210884 0.296277 0.10255 0.0318174 0.0210235 0.00684527 0.00230371 0.000463306 5.64647e-05 4.07203e-06 1.30161e-07
 5.47686e-40 2.68055e-33 3.01619e-27 7.80261e-22 4.6405e-17 6.34505e-13 1.99457e-09 1.44148e-06 0.000239504 0.00914875 0.0803443 0.162226 0.0764169 0.0377889 0.1819 0.255944 0.0954786 0.0519746 0.0375375 0.00883017 0.00173881 0.000371878 5.45498e-05 4.18135e-06 1.48607e-07
 6.01655e-40 2.94469e-33 3.31341e-27 8.57147e-22 5.09777e-17 6.97029e-13 2.19112e-09 1.58352e-06 0.000263105 0.0100503 0.0882614 0.17821 0.0838194 0.0381229 0.179121 0.251794 0.0908021 0.0400392 0.0284708 0.008271 0.00233208 0.000398103 4.00281e-05 3.12601e-06 1.2539e-07
 4.66765e-40 2.28449e-33 2.57055e-27 6.64976e-22 3.95486e-17 5.40756e-13 1.69987e-09 1.2285e-06 0.000204117 0.00779701 0.0684734 0.138259 0.0654376 0.0404755 0.205524 0.288954 0.103164 0.0422177 0.0292784 0.0077843 0.00197833 0.000398999 4.85859e-05 3.11405e-06 1.02408e-07
 7.0693e-40 3.45993e-33 3.89317e-27 1.00713e-21 5.98976e-17 8.18992e-13 2.57451e-09 1.8606e-06 0.000309142 0.0118088 0.103705 0.209389 0.0981399 0.0356076 0.154369 0.217096 0.0811792 0.0447973 0.0327133 0.00846422 0.0020009 0.00037122 4.40085e-05 3.22205e-06 1.09482e-07
 4.91344e-40 2.40479e-33 2.70591e-27 6.99993e-22 4.16312e-17 5.69231e-13 1.78938e-09 1.29319e-06 0.000214866 0.00820759 0.0720791 0.145539 0.0688292 0.0411664 0.207547 0.29161 0.101404 0.0329703 0.0218128 0.00637927 0.00185324 0.000345441 3.78676e-05 2.60171e-06 9.09908e-08
 5.94846e-40 2.91136e-33 3.27591e-27 8.47446e-22 5.04008e-17 6.8914e-13 2.16632e-09 1.5656e-06 0.000260127 0.00993651 0.0872624 0.176193 0.0828596 0.0373975 0.175301 0.246587 0.0914111 0.0480231 0.0345334 0.00822993 0.00164163 0.000318086 4.05636e-05 2.80746e-06 9.22894e-08
 6.26895e-40 3.06821e-33 3.4524e-27 8.93104e-22 5.31163e-17 7.26269e-13 2.28303e-09 1.64995e-06 0.000274142 0.0104719 0.091964 0.185685 0.0872793 0.0382269 0.177503 0.249433 0.0888802 0.0358408 0.0249691 0.00713182 0.00196659 0.000336967 3.3021e-05 2.30377e-06 8.19354e-08
 4.77985e-40 2.3394e-33 2.63233e-27 6.8096e-22 4.04993e-17 5.53754e-13 1.74073e-09 1.25803e-06 0.000209023 0.00798443 0.0701193 0.141582 0.0669778 0.0405812 0.205168 0.288409 0.102396 0.0400853 0.0274301 0.00703123 0.00165888 0.00032484 3.88488e-05 2.45387e-06 7.57392e-08
 5.17344e-40 2.53204e-33 2.84909e-27 7.37033e-22 4.38341e-17 5.99352e-13 1.88407e-09 1.36162e-06 0.000226235 0.0086419 0.0758932 0.153239 0.0722784 0.0382209 0.187246 0.263469 0.0979878 0.052464 0.0380639 0.0096583 0.00217824 0.000385704 4.2764e-05 3.01764e-06 1.00483e-07
 5.60294e-40 2.74225e-33 3.08562e-27 7.98222e-22 4.74732e-17 6.4911e-13 2.04048e-09 1.47466e-06 0.000245017 0.00935934 0.0821938 0.16596 0.0781603 0.0382429 0.183546 0.258115 0.0941775 0.0449522 0.0324314 0.0093982 0.00267582 0.000487141 5.08189e-05 3.2881e-06 1.08834e-07
#spawning biomass
 4556.92 3168.27 3163.02 3903.29 4740.1 5964.54 6739.76 5291.44 6493.73 12441 13988.8 12830.4 22063.4 30607.8 27149.6 23677.4 19922.7 24164.6 20427.1 22784.2 23049.3 22717.9 26899.9 25620.1 29023.7 31446.5 28320 28045 35111.1 69110 72612.6 51063 36169.4 28626.6 25137.2 23597.5 22937.9 22660.8 22545.9 22498.7 22479.4 22471.6 22468.4 22467.1 22466.6 22466.4 22466.3 22466.3 22466.3 22466.3 22466.3 22466.3 22466.3 22466.3 22466.3 22466.3 22466.3 22466.3 22466.3 22466.3 22466.3 22466.3 22466.3 22466.3 22466.3 22466.3 22466.3 22466.3 22466.3 22466.3 22466.3 22466.3 22466.3 22466.3 22466.3 22466.3 22466.3 22466.3 22466.3 22466.3 22466.3 22466.3 22466.3 22466.3 22466.3 22466.3 22466.3 22466.3 22466.3 22466.3 22466.3 22466.3 22466.3 22466.3 22466.3 22466.3 22466.3 22466.3 22466.3 22466.3 22466.3 22466.3 22466.3 22466.3 22466.3 22466.3 22466.3 22466.3 22466.3 22466.3 22466.3 22466.3 22466.3 22466.3 22466.3 22466.3 22466.3 22466.3 22466.3 22466.3 22466.3 22466.3 22466.3 22466.3 22466.3 22466.3 22466.3 22466.3 0 0 0 0 0 0 0 0 0 0 0 0 0 0 0 0 0 0 0 0 0 0 0 0 0
