SBPRF35
0.0628122
Curr Bio
328079
B35
198910
F35
29364.1
FOFL
29364.1
OFL
341599
Bzero
11205.3
#pred survey bio
 8399.12 8656.86 12300.4 20527.2 22251.4 23752.8 32395.4 35086.6 49312.7 64232.5 74363.9 82945.1 84967.6 88241.9 86984.3 86087.7 79205.6 83331.4 83564.8 96245.1 97175.8 86877.7 85551.8 105900 120006 119490 95869.2 97006.7 74205.7 1.70387e+06 397420 148103 55403.8 32915.4 27746.4 26572.8 26308.8 26249.9 26236.9 26234 26233.4 26233.3 26233.2 26233.2 26233.2 26233.2 26233.2 26233.2 26233.2 26233.2 26233.2 26233.2 26233.2 26233.2 26233.2 26233.2 26233.2 26233.2 26233.2 26233.2 26233.2 26233.2 26233.2 26233.2 26233.2 26233.2 26233.2 26233.2 26233.2 26233.2 26233.2 26233.2 26233.2 26233.2 26233.2 26233.2 26233.2 26233.2 26233.2 26233.2 26233.2 26233.2 26233.2 26233.2 26233.2 26233.2 26233.2 26233.2 26233.2 26233.2 26233.2 26233.2 26233.2 26233.2 26233.2 26233.2 26233.2 26233.2 26233.2 26233.2 26233.2 26233.2 26233.2 26233.2 26233.2 26233.2 26233.2 26233.2 26233.2 26233.2 26233.2 26233.2 26233.2 26233.2 26233.2 26233.2 26233.2 26233.2 26233.2 26233.2 26233.2 26233.2 26233.2 26233.2 26233.2 26233.2 26233.2 26233.2 26233.2 0 0 0 0 0 0 0 0 0 0 0 0 0 0 0 0 0 0 0 0 0 0 0 0 0
#obs survey bio
 7182.24 8496.49 9832.87 22690.1 25861.6 24429.4 34827.3 36187.4 33424 74373.6 65831.6 89739.7 78451.7 94312.9 84347.9 85636.1 94404.4 69433.8 81929.8 101139 90223.8 77630.1 79064.2 104280 107224 125278 107655 102191 70198.3
#pred catch bio
 6576.45 6300.55 6212.14 10096.8 12715.8 15511.9 21023.7 24873.4 31293.1 38003.3 48496.7 61330.3 69206.9 93927.4 100584 93642.5 77988.2 81551.4 93073.7 84852.3 81285 86787.9 87908.2 100222 123245 121857 107443 102435 104871 341599 6604.24 6604.24 6604.24 6604.24 6604.24 6604.24 6604.24 6604.24 6604.24 6604.24 6604.24 6604.24 6604.24 6604.24 6604.24 6604.24 6604.24 6604.24 6604.24 6604.24 6604.24 6604.24 6604.24 6604.24 6604.24 6604.24 6604.24 6604.24 6604.24 6604.24 6604.24 6604.24 6604.24 6604.24 6604.24 6604.24 6604.24 6604.24 6604.24 6604.24 6604.24 6604.24 6604.24 6604.24 6604.24 6604.24 6604.24 6604.24 6604.24 6604.24 6604.24 6604.24 6604.24 6604.24 6604.24 6604.24 6604.24 6604.24 6604.24 6604.24 6604.24 6604.24 6604.24 6604.24 6604.24 6604.24 6604.24 6604.24 6604.24 6604.24 6604.24 6604.24 6604.24 6604.24 6604.24 6604.24 6604.24 6604.24 6604.24 6604.24 6604.24 6604.24 6604.24 6604.24 6604.24 6604.24 6604.24 6604.24 6604.24 6604.24 6604.24 6604.24 6604.24 6604.24 6604.24 6604.24 6604.24 6604.24 6604.24 0 0 0 0 0 0 0 0 0 0 0 0 0 0 0 0 0 0 0 0 0 0 0 0 0
#obs catch bio
 5916.2 6513.87 6224.5 10077.7 12866.1 15608.4 21181.9 25021.6 31461.9 37977.7 48160.9 61900.2 68766.8 94089 100841 95208.9 77009.4 81529.2 92137.5 84087.2 80508.5 85543.2 87371.7 98947.9 121283 119349 105822 100957 105427
#pred cpue bio
 8752.76 8878.18 12288.8 20936.4 22658.4 23957.1 32807.6 35335.9 49100.2 62324.2 73596.5 81515.3 82305.2 88601 89350.7 87233.8 78961.8 82869.7 82724.3 95251 93763.3 84227.5 82902.4 100765 115162 116506 94032.8 94564 72146.3 1.65802e+06 433389 152857 52579.7 29751.8 24571.3 23397.3 23133.3 23074.4 23061.4 23058.5 23057.9 23057.7 23057.7 23057.7 23057.7 23057.7 23057.7 23057.7 23057.7 23057.7 23057.7 23057.7 23057.7 23057.7 23057.7 23057.7 23057.7 23057.7 23057.7 23057.7 23057.7 23057.7 23057.7 23057.7 23057.7 23057.7 23057.7 23057.7 23057.7 23057.7 23057.7 23057.7 23057.7 23057.7 23057.7 23057.7 23057.7 23057.7 23057.7 23057.7 23057.7 23057.7 23057.7 23057.7 23057.7 23057.7 23057.7 23057.7 23057.7 23057.7 23057.7 23057.7 23057.7 23057.7 23057.7 23057.7 23057.7 23057.7 23057.7 23057.7 23057.7 23057.7 23057.7 23057.7 23057.7 23057.7 23057.7 23057.7 23057.7 23057.7 23057.7 23057.7 23057.7 23057.7 23057.7 23057.7 23057.7 23057.7 23057.7 23057.7 23057.7 23057.7 23057.7 23057.7 23057.7 23057.7 23057.7 23057.7 23057.7 0 0 0 0 0 0 0 0 0 0 0 0 0 0 0 0 0 0 0 0 0 0 0 0 0
#obs cpue bio
 7456.52 6869.76 13152.4 20453.6 16635.9 19542.9 29664.2 27940 68585.1 56710.9 87834.7 69357.7 99709.9 82529.2 81476.2 73215.7 73050.3 103876 92297.3 105744 123778 114097 94515.1 129637 166486 156648 99062.7 123916 71246.1
#pred surv len freq
 2.55477e-27 2.56651e-27 1.48396e-26 2.59099e-20 6.3515e-15 1.88206e-10 6.74123e-07 0.00029187 0.0152754 0.0966372 0.0743752 0.0368103 0.227933 0.211763 0.0692002 0.10541 0.045736 0.0355356 0.0213752 0.0158551 0.0121231 0.0102335 0.0100294 0.00875726 0.00265814
 2.55933e-27 2.57871e-27 2.5294e-26 4.7963e-20 1.17575e-14 3.48397e-10 1.2479e-06 0.000540293 0.028277 0.178888 0.137175 0.0364477 0.181059 0.169025 0.0716128 0.121043 0.0407694 0.0164024 0.00719395 0.00399651 0.00247608 0.00177962 0.00153625 0.0013342 0.000442805
 2.56304e-27 2.58792e-27 3.25481e-26 6.32626e-20 1.55081e-14 4.59532e-10 1.64597e-06 0.00071264 0.037297 0.235952 0.180835 0.0419334 0.19213 0.177605 0.0435693 0.0548756 0.0199748 0.0102073 0.00313159 0.000907718 0.000369835 0.000200827 0.000142298 0.000115239 3.94855e-05
 2.5612e-27 2.58289e-27 2.80687e-26 5.38128e-20 1.31916e-14 3.9089e-10 1.4001e-06 0.000606191 0.0317258 0.200707 0.153945 0.0433489 0.221794 0.205075 0.0502336 0.0630106 0.0201495 0.00639548 0.00213146 0.000658379 0.000137756 4.0589e-05 2.00639e-05 1.38264e-05 4.66961e-06
 2.5612e-27 2.58309e-27 2.84335e-26 5.45831e-20 1.33804e-14 3.96485e-10 1.42014e-06 0.000614867 0.0321799 0.20358 0.156112 0.041669 0.207488 0.192254 0.0548547 0.0767855 0.0244415 0.00744319 0.00201841 0.000438113 9.73993e-05 1.64758e-05 3.68882e-06 1.78104e-06 5.59744e-07
 2.56226e-27 2.5858e-27 3.06737e-26 5.93084e-20 1.45387e-14 4.30809e-10 1.54309e-06 0.000668097 0.0349658 0.221204 0.16958 0.0423118 0.202918 0.18771 0.0481248 0.0626005 0.0204515 0.00709635 0.00192528 0.000374754 5.91648e-05 8.58279e-06 1.01805e-06 2.09193e-07 5.38156e-08
 2.56199e-27 2.58496e-27 2.98228e-26 5.75129e-20 1.40986e-14 4.17767e-10 1.49637e-06 0.000647871 0.0339073 0.214507 0.164485 0.0434774 0.215367 0.199016 0.0468472 0.0567895 0.0179076 0.0052315 0.00144998 0.00031242 4.68039e-05 5.11435e-06 4.3581e-07 3.52942e-08 4.93023e-09
 2.56254e-27 2.58643e-27 3.11171e-26 6.02435e-20 1.4768e-14 4.37602e-10 1.56742e-06 0.000678631 0.0355171 0.224691 0.172255 0.0430956 0.207003 0.191319 0.0458889 0.056512 0.0173682 0.00431916 0.00110658 0.000207615 3.28981e-05 3.62041e-06 2.38259e-07 1.09303e-08 5.41475e-10
 2.5636e-27 2.58922e-27 3.35074e-26 6.52858e-20 1.6004e-14 4.74228e-10 1.6986e-06 0.000735431 0.0384898 0.243497 0.186615 0.0430823 0.196813 0.18175 0.0411869 0.0481957 0.0148285 0.00372132 0.000914591 0.000146519 2.03013e-05 2.15442e-06 1.43432e-07 4.9855e-09 1.059e-10
 2.56565e-27 2.59471e-27 3.82743e-26 7.53416e-20 1.84691e-14 5.47272e-10 1.96024e-06 0.000848707 0.0444183 0.281002 0.215242 0.0424002 0.171508 0.158228 0.033928 0.0375503 0.011428 0.00267293 0.00065165 0.000104081 1.30108e-05 1.16917e-06 7.18161e-08 2.43425e-09 3.61577e-11
 2.56422e-27 2.59072e-27 3.46347e-26 6.7663e-20 1.65868e-14 4.91496e-10 1.76045e-06 0.00076221 0.0398913 0.252364 0.193406 0.044383 0.201939 0.186104 0.0351406 0.0332889 0.00999188 0.00213644 0.000504356 7.57761e-05 9.35434e-06 7.87759e-07 4.0953e-08 1.24787e-09 1.723e-11
 2.56474e-27 2.59219e-27 3.6013e-26 7.05709e-20 1.72996e-14 5.12618e-10 1.83611e-06 0.000794967 0.0416057 0.263209 0.201671 0.0433408 0.188202 0.173592 0.0359182 0.0381918 0.0111627 0.00184382 0.000403773 5.5499e-05 6.46526e-06 5.20854e-07 2.55806e-08 6.69288e-10 8.17656e-12
 2.56583e-27 2.59506e-27 3.84336e-26 7.5677e-20 1.85513e-14 5.49708e-10 1.96896e-06 0.000852486 0.044616 0.282254 0.216217 0.0435982 0.179941 0.165728 0.0301648 0.0270577 0.00791174 0.00134253 0.000281563 3.02059e-05 3.11814e-06 2.3014e-07 1.06547e-08 2.61259e-10 2.7801e-12
 2.56313e-27 2.58763e-27 3.17853e-26 6.16516e-20 1.51131e-14 4.4783e-10 1.60405e-06 0.000694493 0.0363472 0.229943 0.176315 0.0462384 0.228067 0.209995 0.0353978 0.0278347 0.00793099 0.00101491 0.000196978 2.11855e-05 1.92794e-06 1.13844e-07 4.69407e-09 1.06906e-10 1.05717e-12
 2.56101e-27 2.58192e-27 2.67823e-26 5.10975e-20 1.25259e-14 3.71166e-10 1.32945e-06 0.000575602 0.030125 0.190579 0.146274 0.0472789 0.257091 0.236905 0.0424612 0.0371473 0.0104062 0.000980588 0.000160258 1.31494e-05 1.08025e-06 5.95914e-08 1.98469e-09 3.84353e-11 3.47927e-13
 2.56222e-27 2.58531e-27 2.98816e-26 5.76362e-20 1.41288e-14 4.18662e-10 1.49958e-06 0.00064926 0.0339799 0.214967 0.164868 0.0454799 0.230337 0.212426 0.0419308 0.0420968 0.0118598 0.00119517 0.000195881 1.21887e-05 7.60412e-07 3.28391e-08 9.93801e-10 1.60503e-11 1.20471e-13
 2.5637e-27 2.58922e-27 3.32367e-26 6.47136e-20 1.58638e-14 4.70072e-10 1.68372e-06 0.000728985 0.0381525 0.241363 0.185022 0.0453991 0.215562 0.198556 0.0352016 0.0302609 0.00857609 0.000990516 0.000173173 1.13379e-05 6.66983e-07 2.07344e-08 4.65535e-10 6.33245e-12 4.0288e-14
 2.5639e-27 2.58977e-27 3.37207e-26 6.57347e-20 1.61141e-14 4.77488e-10 1.71028e-06 0.000740487 0.0387544 0.245172 0.187928 0.0452526 0.212406 0.195645 0.0347122 0.0298758 0.00843169 0.000911075 0.00015728 1.17289e-05 7.58023e-07 2.40425e-08 4.36654e-10 4.17876e-12 2.10738e-14
 2.56427e-27 2.59076e-27 3.45768e-26 6.75405e-20 1.65567e-14 4.90606e-10 1.75727e-06 0.00076083 0.0398191 0.251907 0.193069 0.0451625 0.208108 0.191637 0.0332484 0.0275487 0.00776226 0.000824348 0.000140247 9.87845e-06 6.45698e-07 2.34451e-08 4.53161e-10 3.86238e-12 1.40269e-14
 2.56433e-27 2.59085e-27 3.45915e-26 6.75714e-20 1.65643e-14 4.9083e-10 1.75807e-06 0.000761178 0.0398373 0.252022 0.193166 0.0456993 0.212125 0.195213 0.0315012 0.0226661 0.00632268 0.000585265 9.28246e-05 6.34874e-06 4.00031e-07 1.39551e-08 2.91196e-10 2.74615e-12 9.50622e-15
 2.56612e-27 2.5958e-27 3.90704e-26 7.70203e-20 1.88806e-14 5.59466e-10 2.00391e-06 0.000867617 0.045408 0.287264 0.220042 0.0435887 0.17718 0.163151 0.0291695 0.0254173 0.00712174 0.000673991 0.000107048 6.62802e-06 3.87267e-07 1.30009e-08 2.6034e-10 2.51597e-12 9.58608e-15
 2.56582e-27 2.59491e-27 3.81865e-26 7.51553e-20 1.84234e-14 5.45919e-10 1.95539e-06 0.000846609 0.0443085 0.280308 0.214747 0.0446273 0.188804 0.173684 0.0275374 0.0190546 0.00536897 0.000601147 0.000103381 6.50554e-06 3.72228e-07 1.12249e-08 2.11056e-10 1.95392e-12 7.42461e-15
 2.56587e-27 2.595e-27 3.82369e-26 7.52614e-20 1.84494e-14 5.4669e-10 1.95815e-06 0.000847805 0.044371 0.280704 0.215054 0.0448731 0.19046 0.175152 0.0267027 0.0167784 0.00463272 0.000366042 5.29368e-05 3.77274e-06 2.35383e-07 7.14601e-09 1.25657e-10 1.06043e-12 3.82813e-15
 2.56704e-27 2.59821e-27 4.11017e-26 8.13051e-20 1.9931e-14 5.9059e-10 2.11539e-06 0.000915885 0.0479341 0.303245 0.232249 0.043835 0.170478 0.156755 0.0241966 0.0156956 0.00432621 0.000322469 4.33997e-05 2.30891e-06 1.20995e-07 4.14575e-09 7.6833e-11 6.27264e-13 2.07278e-15
 2.56651e-27 2.59675e-27 3.97763e-26 7.8509e-20 1.92455e-14 5.70279e-10 2.04264e-06 0.000884387 0.0462856 0.292816 0.224296 0.0444782 0.18096 0.166368 0.0248128 0.0146829 0.00404823 0.000318761 4.45072e-05 2.25603e-06 1.03203e-07 2.61887e-09 4.66462e-11 4.16649e-13 1.37841e-15
 2.56546e-27 2.59384e-27 3.71798e-26 7.30313e-20 1.79027e-14 5.3049e-10 1.90013e-06 0.000822682 0.0430562 0.272386 0.208712 0.0454726 0.199477 0.183406 0.0269371 0.0152357 0.00417188 0.000284306 3.54653e-05 1.85761e-06 8.70417e-08 2.02657e-09 2.86898e-11 2.12524e-13 7.35811e-16
 2.56502e-27 2.59269e-27 3.6177e-26 7.0916e-20 1.73842e-14 5.15125e-10 1.84509e-06 0.000798854 0.0418091 0.264496 0.20269 0.0456135 0.204781 0.188341 0.0285653 0.017702 0.00484861 0.000314237 3.70069e-05 1.71559e-06 7.10221e-08 1.69924e-09 2.35115e-11 1.46723e-13 4.0617e-16
 2.56546e-27 2.59388e-27 3.72412e-26 7.31609e-20 1.79345e-14 5.31432e-10 1.9035e-06 0.000824143 0.0431327 0.272869 0.209077 0.0452414 0.197461 0.181598 0.0275792 0.0171519 0.00470499 0.000317124 3.86732e-05 1.71767e-06 6.51563e-08 1.34658e-09 1.74123e-11 1.08957e-13 2.70752e-16
 2.56565e-27 2.59438e-27 3.76591e-26 7.40424e-20 1.81506e-14 5.37835e-10 1.92643e-06 0.000834072 0.0436523 0.276157 0.211589 0.0453192 0.196288 0.180465 0.0264537 0.0148738 0.00406624 0.000266172 3.1626e-05 1.4428e-06 5.62399e-08 1.09362e-09 1.25668e-11 6.93146e-14 1.67449e-16
#obs surv len freq
 1.08366e-41 1.50405e-33 2.52335e-26 5.11731e-20 1.25445e-14 3.71716e-10 1.33143e-06 0.000576462 0.0301697 0.190863 0.146451 0.0401665 0.173402 0.146719 0.103792 0.101737 0.0442587 0.017394 0.00394542 0.000497823 2.57046e-05 3.93446e-07 1.34002e-09 8.27647e-13 8.12852e-17
 1.60497e-41 2.22759e-33 3.73724e-26 7.57905e-20 1.85791e-14 5.50534e-10 1.97192e-06 0.000853775 0.0446832 0.282679 0.216577 0.0407114 0.126771 0.102302 0.075935 0.06855 0.0285169 0.0101425 0.0020463 0.00022086 9.30061e-06 1.10081e-07 2.78663e-10 1.24844e-13 8.76606e-18
 1.53653e-41 2.1326e-33 3.57788e-26 7.25587e-20 1.77869e-14 5.27059e-10 1.88784e-06 0.000817369 0.0427778 0.270626 0.207603 0.0500414 0.176883 0.128918 0.0564294 0.0424995 0.0169442 0.00541544 0.00095497 8.60877e-05 2.90006e-06 2.63466e-08 4.94901e-11 1.60853e-14 8.08435e-19
 1.07471e-41 1.49163e-33 2.50252e-26 5.07505e-20 1.24409e-14 3.68647e-10 1.32043e-06 0.000571701 0.0299206 0.189288 0.145724 0.0564064 0.229907 0.162943 0.0984009 0.0661903 0.016096 0.00390836 0.000596566 4.41619e-05 1.16484e-06 8.00202e-09 1.10903e-11 2.61333e-15 9.41017e-20
 1.50287e-41 2.08589e-33 3.49951e-26 7.09694e-20 1.73973e-14 5.15514e-10 1.84649e-06 0.000799465 0.0418408 0.264699 0.20311 0.0472117 0.142161 0.10413 0.103967 0.0691096 0.0190603 0.00355933 0.000331275 1.85154e-05 3.75531e-07 1.91869e-09 1.93923e-12 3.29459e-16 8.48761e-21
 1.20168e-41 1.66785e-33 2.79816e-26 5.67462e-20 1.39107e-14 4.12198e-10 1.47643e-06 0.000639242 0.0334554 0.211652 0.163162 0.0650222 0.231319 0.144027 0.0782538 0.0495424 0.0189199 0.00370322 0.000292273 1.00112e-05 1.35006e-07 4.98e-10 3.62442e-13 4.39729e-17 8.05495e-22
 1.37611e-41 1.90995e-33 3.20434e-26 6.49833e-20 1.59299e-14 4.72032e-10 1.69074e-06 0.000732033 0.0383117 0.242374 0.186498 0.057925 0.175101 0.116629 0.109864 0.0569952 0.0128467 0.00249159 0.000222768 6.40205e-06 5.4597e-08 1.25654e-10 6.22189e-14 5.30082e-18 6.84455e-23
 1.19391e-41 1.65707e-33 2.78009e-26 5.63796e-20 1.38208e-14 4.09535e-10 1.46689e-06 0.000635113 0.0332393 0.210287 0.16256 0.0721334 0.226784 0.133218 0.0941163 0.0497916 0.0149836 0.0021072 0.000138647 3.8955e-06 2.78901e-08 4.26808e-11 1.30312e-14 7.15695e-19 6.26042e-24
 1.51226e-41 2.09892e-33 3.52137e-26 7.14127e-20 1.7506e-14 5.18734e-10 1.85802e-06 0.000804459 0.0421022 0.266356 0.205197 0.064408 0.167 0.104079 0.096478 0.0423919 0.00969211 0.00140535 8.25228e-05 1.64621e-06 9.74015e-09 1.22356e-11 2.66932e-15 9.45997e-20 5.23029e-25
 1.5181e-41 2.10702e-33 3.53497e-26 7.16884e-20 1.75736e-14 5.20737e-10 1.8652e-06 0.000807565 0.0422647 0.267388 0.206603 0.0779035 0.198283 0.103695 0.0664156 0.0286379 0.0071498 0.000809837 3.9573e-05 6.75643e-07 2.91415e-09 2.71784e-12 4.61924e-16 1.23185e-20 4.77753e-26
 1.09649e-41 1.52186e-33 2.55323e-26 5.1779e-20 1.2693e-14 3.76117e-10 1.34719e-06 0.000583287 0.0305269 0.193137 0.15098 0.0971911 0.258157 0.136124 0.0952968 0.0318823 0.00551986 0.000575732 2.38703e-05 3.12848e-07 1.06223e-09 7.32825e-13 8.86669e-17 1.72264e-21 4.9701e-27
 1.66902e-41 2.31649e-33 3.88639e-26 7.88152e-20 1.93206e-14 5.72505e-10 2.05062e-06 0.000887848 0.0464664 0.293971 0.226973 0.0713377 0.14482 0.093765 0.0888777 0.0281161 0.00444882 0.000323906 9.88226e-06 1.03836e-07 2.6462e-10 1.35392e-13 1.2052e-17 1.67498e-22 3.40897e-28
 1.33833e-41 1.85751e-33 3.11636e-26 6.31992e-20 1.54925e-14 4.59072e-10 1.64432e-06 0.000711935 0.0372598 0.235741 0.184687 0.110542 0.242854 0.106591 0.0572656 0.0201702 0.00391204 0.000257348 5.82395e-06 4.16923e-08 7.75208e-11 2.9202e-14 1.87849e-18 1.88081e-23 2.75019e-29
 1.11836e-41 1.5522e-33 2.60414e-26 5.28115e-20 1.29461e-14 3.83617e-10 1.37405e-06 0.000594918 0.0311357 0.197004 0.155704 0.112 0.235437 0.137676 0.103503 0.023831 0.0029086 0.000200109 4.42935e-06 2.43002e-08 3.05797e-11 7.8504e-15 3.57131e-19 2.55381e-24 2.65727e-30
 8.75257e-42 1.2148e-33 2.03808e-26 4.13318e-20 1.0132e-14 3.0023e-10 1.07537e-06 0.0004656 0.0243677 0.1542 0.124284 0.123468 0.249336 0.159924 0.124555 0.0345558 0.00463631 0.000203231 3.42333e-06 1.70754e-08 1.73241e-11 3.13989e-15 9.5895e-20 4.64074e-25 3.34266e-31
 1.41456e-41 1.96332e-33 3.29387e-26 6.6799e-20 1.6375e-14 4.85221e-10 1.73798e-06 0.000752486 0.0393822 0.249179 0.195328 0.0945318 0.159724 0.12649 0.101658 0.0286853 0.00407543 0.000190811 2.54267e-06 8.65562e-09 6.85193e-12 1.0014e-15 2.3059e-20 7.85758e-26 3.84701e-32
 9.73522e-42 1.35118e-33 2.26689e-26 4.59721e-20 1.12695e-14 3.33936e-10 1.19611e-06 0.000517873 0.0271035 0.17155 0.141455 0.162078 0.272758 0.126373 0.0724288 0.0223632 0.00321967 0.000149821 1.95931e-06 5.65727e-09 3.18133e-12 3.25466e-16 5.57908e-21 1.44884e-26 5.29647e-33
 1.4346e-41 1.99113e-33 3.34054e-26 6.77455e-20 1.6607e-14 4.92096e-10 1.76261e-06 0.000763148 0.0399402 0.252735 0.200044 0.107862 0.16131 0.136121 0.0841691 0.0153102 0.0016675 7.58664e-05 9.33409e-07 2.45088e-09 1.17331e-12 9.18606e-17 1.11059e-21 2.00286e-27 5.21202e-34
 1.00114e-41 1.38952e-33 2.3312e-26 4.72763e-20 1.15892e-14 3.4341e-10 1.23004e-06 0.000532565 0.0278725 0.176474 0.149206 0.183662 0.261383 0.121286 0.0622661 0.0158042 0.00146809 4.28461e-05 4.26414e-07 9.81402e-10 4.02379e-13 2.616e-17 2.51588e-22 3.42069e-28 6.39638e-35
 1.28994e-41 1.79036e-33 3.0037e-26 6.09143e-20 1.49324e-14 4.42475e-10 1.58487e-06 0.000686196 0.0359129 0.227315 0.18448 0.132465 0.181386 0.151986 0.0736661 0.0111487 0.00092714 2.63691e-05 1.852e-07 3.00342e-10 9.67828e-14 5.09822e-18 3.9377e-23 4.23156e-29 6.13507e-36
 1.41676e-41 1.96637e-33 3.29899e-26 6.69028e-20 1.64004e-14 4.85975e-10 1.74068e-06 0.000753655 0.0394436 0.24971 0.205355 0.159596 0.187479 0.100755 0.0468867 0.00938742 0.000619397 1.23467e-05 7.29099e-08 9.06614e-11 2.018e-14 7.52679e-19 4.3425e-24 3.57977e-30 3.99911e-37
 1.13117e-41 1.56998e-33 2.63397e-26 5.34164e-20 1.30944e-14 3.88011e-10 1.38979e-06 0.000601733 0.0314928 0.199514 0.173038 0.19683 0.225358 0.122306 0.0441947 0.00625062 0.000405049 7.56716e-06 3.24406e-08 2.96553e-11 5.02859e-15 1.36095e-19 5.45512e-25 3.12739e-31 2.49052e-38
 1.37744e-41 1.9118e-33 3.20744e-26 6.50463e-20 1.59453e-14 4.72489e-10 1.69238e-06 0.000732742 0.0383493 0.242878 0.203381 0.160543 0.179123 0.125953 0.0435812 0.0052127 0.00024111 3.53534e-06 1.31297e-08 9.3404e-12 1.13051e-15 2.1975e-20 6.43016e-26 2.66216e-32 1.49679e-39
 1.35594e-41 1.88195e-33 3.15737e-26 6.40308e-20 1.56964e-14 4.65113e-10 1.66596e-06 0.000721302 0.0377509 0.239233 0.207169 0.194044 0.188119 0.0967496 0.0319309 0.00411446 0.000164374 1.75845e-06 4.67739e-09 2.57105e-12 2.43574e-16 3.52419e-21 7.35301e-27 2.14938e-33 8.59931e-41
 1.18726e-41 1.64784e-33 2.76459e-26 5.60653e-20 1.37437e-14 4.07252e-10 1.45871e-06 0.000631572 0.0330552 0.20968 0.19032 0.213939 0.20677 0.112965 0.0296298 0.00290171 0.000106046 1.00856e-06 2.03364e-09 7.83132e-13 5.27225e-17 5.63111e-22 8.79752e-28 1.9011e-34 5.49592e-42
 1.06376e-41 1.47643e-33 2.47702e-26 5.02335e-20 1.23142e-14 3.64891e-10 1.30698e-06 0.000565878 0.0296176 0.188085 0.178162 0.221221 0.217401 0.129689 0.032389 0.002791 7.62652e-05 5.66052e-07 9.45068e-10 2.85391e-13 1.39205e-17 1.03662e-22 1.13083e-28 1.73831e-35 3.63706e-43
 1.04855e-41 1.45532e-33 2.4416e-26 4.95152e-20 1.21381e-14 3.59673e-10 1.28829e-06 0.000557786 0.0291947 0.185566 0.179601 0.221509 0.21694 0.131979 0.0319481 0.00264084 6.18424e-05 3.50625e-07 4.27781e-10 9.77025e-14 3.66976e-18 2.05666e-23 1.62685e-29 1.76278e-36 2.56766e-44
 1.2711e-41 1.76421e-33 2.95983e-26 6.00247e-20 1.47144e-14 4.36013e-10 1.56173e-06 0.000676175 0.0353905 0.224657 0.204981 0.199915 0.192265 0.112843 0.027009 0.00221143 5.02029e-05 2.6161e-07 2.70185e-10 4.93724e-14 1.47155e-18 6.67463e-24 4.34904e-30 3.89238e-37 4.63751e-45
 1.27113e-41 1.76425e-33 2.95989e-26 6.00259e-20 1.47146e-14 4.36022e-10 1.56176e-06 0.000676189 0.0353912 0.224662 0.204985 0.199923 0.192431 0.113189 0.0266344 0.00206326 4.3364e-05 2.05046e-07 1.89322e-10 3.05664e-14 7.97986e-19 3.15334e-24 1.785e-30 1.38607e-37 1.43147e-45
#pred catch len freq
 2.55476e-27 2.56613e-27 1.41101e-26 2.43694e-20 5.97387e-15 1.77017e-10 6.34044e-07 0.000274517 0.0143672 0.0908918 0.070043 0.040264 0.257261 0.238392 0.0662038 0.0916747 0.0385264 0.0283776 0.0168889 0.0124606 0.00951576 0.00803052 0.00787012 0.00687184 0.00208585
 2.55894e-27 2.5774e-27 2.38808e-26 4.49806e-20 1.10265e-14 3.26734e-10 1.1703e-06 0.000506697 0.0265187 0.167765 0.128722 0.0389664 0.206166 0.191777 0.0681481 0.107345 0.035576 0.0134233 0.00581273 0.00320746 0.00198432 0.00142576 0.00123073 0.00106886 0.000354742
 2.56151e-27 2.58366e-27 2.86849e-26 5.51125e-20 1.35102e-14 4.0033e-10 1.43392e-06 0.000620831 0.0324921 0.205554 0.157654 0.0438187 0.222764 0.205726 0.0458837 0.053043 0.0189288 0.0091596 0.00278854 0.000801262 0.000325783 0.000176834 0.000125291 0.000101465 3.47662e-05
 2.55976e-27 2.57887e-27 2.44145e-26 4.61037e-20 1.13018e-14 3.34891e-10 1.19952e-06 0.000519348 0.0271808 0.171954 0.132021 0.0452852 0.251934 0.232703 0.0517809 0.0595658 0.0188187 0.00562826 0.00185345 0.000568206 0.000118674 3.49407e-05 1.72702e-05 1.19011e-05 4.0194e-06
 2.56008e-27 2.57991e-27 2.5484e-26 4.83604e-20 1.1855e-14 3.51284e-10 1.25824e-06 0.00054477 0.0285113 0.180371 0.138422 0.0436545 0.235027 0.217421 0.0548805 0.0704849 0.0221673 0.00634662 0.00170238 0.000366152 8.12098e-05 1.37287e-05 3.07328e-06 1.48382e-06 4.66334e-07
 2.56126e-27 2.58293e-27 2.80077e-26 5.36839e-20 1.316e-14 3.89953e-10 1.39675e-06 0.000604738 0.0316498 0.200226 0.153592 0.0442192 0.228666 0.211226 0.0478682 0.0560681 0.0180546 0.00588342 0.00158051 0.000304858 4.80141e-05 6.95912e-06 8.25327e-07 1.69586e-07 4.36264e-08
 2.56101e-27 2.58216e-27 2.72129e-26 5.20068e-20 1.27488e-14 3.77771e-10 1.35311e-06 0.000585846 0.0306611 0.193971 0.148833 0.0453374 0.240519 0.221982 0.0465061 0.050212 0.0156389 0.00428572 0.00117382 0.000250677 3.74733e-05 4.09117e-06 3.48548e-07 2.82262e-08 3.94288e-09
 2.56167e-27 2.58394e-27 2.87801e-26 5.53129e-20 1.35593e-14 4.01786e-10 1.43913e-06 0.000623089 0.0326102 0.206302 0.158242 0.044908 0.23064 0.212876 0.0450705 0.049206 0.0149612 0.00348566 0.0008813 0.000163807 2.58918e-05 2.84705e-06 1.87327e-07 8.59336e-09 4.25701e-10
 2.56253e-27 2.58621e-27 3.07298e-26 5.94256e-20 1.45675e-14 4.3166e-10 1.54614e-06 0.000669418 0.0350349 0.221641 0.169953 0.0448177 0.221725 0.204531 0.041462 0.0430774 0.0131123 0.00308723 0.000749392 0.000118933 1.6434e-05 1.74241e-06 1.15978e-07 4.03107e-09 8.56259e-11
 2.56447e-27 2.59143e-27 3.52902e-26 6.90461e-20 1.69258e-14 5.01542e-10 1.79644e-06 0.00077779 0.0407067 0.257522 0.197338 0.0439922 0.196203 0.180855 0.0350158 0.0343282 0.0103432 0.00227138 0.000546524 8.64834e-05 1.07825e-05 9.67966e-07 5.94431e-08 2.01476e-09 2.99263e-11
 2.56315e-27 2.58771e-27 3.18844e-26 6.18608e-20 1.51644e-14 4.49349e-10 1.60949e-06 0.000696849 0.0364705 0.230723 0.176906 0.0459608 0.225538 0.207705 0.0357758 0.0292947 0.00870543 0.00174595 0.000406305 6.04708e-05 7.44405e-06 6.26269e-07 3.25496e-08 9.91755e-10 1.36935e-11
 2.56407e-27 2.59026e-27 3.42014e-26 6.67489e-20 1.63627e-14 4.84856e-10 1.73667e-06 0.000751913 0.0393524 0.248954 0.190809 0.0447694 0.206705 0.190456 0.0350808 0.0320361 0.00928903 0.00143844 0.000309164 4.20844e-05 4.88766e-06 3.9335e-07 1.93136e-08 5.05288e-10 6.17291e-12
 2.56532e-27 2.59358e-27 3.70404e-26 7.27377e-20 1.78308e-14 5.28358e-10 1.89249e-06 0.000819375 0.0428831 0.271291 0.207864 0.0447409 0.194505 0.178995 0.0293798 0.0219272 0.00635223 0.00100875 0.000207781 2.20773e-05 2.27039e-06 1.67382e-07 7.74711e-09 1.8995e-10 2.02127e-12
 2.5633e-27 2.58798e-27 3.19912e-26 6.20856e-20 1.52195e-14 4.50982e-10 1.61534e-06 0.000699382 0.0366031 0.231562 0.177564 0.0470084 0.233049 0.21439 0.0324984 0.0201211 0.00568012 0.000680066 0.000128673 1.37006e-05 1.24217e-06 7.32569e-08 3.01954e-09 6.8764e-11 6.79983e-13
 2.56147e-27 2.58304e-27 2.76366e-26 5.28993e-20 1.29676e-14 3.84254e-10 1.37633e-06 0.0005959 0.0311873 0.1973 0.15142 0.0481502 0.260106 0.239408 0.0378452 0.0260024 0.00723124 0.000641471 0.000101276 8.22809e-06 6.72653e-07 3.70586e-08 1.2338e-09 2.38915e-11 2.16268e-13
 2.56267e-27 2.5864e-27 3.06993e-26 5.93606e-20 1.45515e-14 4.31188e-10 1.54444e-06 0.000668685 0.0349966 0.221398 0.169795 0.0464826 0.234506 0.215965 0.0369736 0.0299134 0.00837201 0.000793273 0.000125982 7.77229e-06 4.81907e-07 2.07801e-08 6.28587e-10 1.0151e-11 7.61899e-14
 2.56367e-27 2.58904e-27 3.29774e-26 6.41662e-20 1.57296e-14 4.66095e-10 1.66947e-06 0.000722819 0.0378297 0.239322 0.183478 0.0463459 0.223852 0.205994 0.0326666 0.0226136 0.0063592 0.000689523 0.000117374 7.61943e-06 4.45724e-07 1.38358e-08 3.10464e-10 4.22253e-12 2.68636e-14
 2.56389e-27 2.58963e-27 3.35021e-26 6.52732e-20 1.60009e-14 4.74136e-10 1.69828e-06 0.000735289 0.0384824 0.243451 0.186628 0.0461734 0.220326 0.202744 0.0321686 0.0222948 0.00624572 0.000634569 0.000106442 7.86553e-06 5.05832e-07 1.60215e-08 2.90822e-10 2.78272e-12 1.40329e-14
 2.56466e-27 2.59171e-27 3.53208e-26 6.91097e-20 1.69414e-14 5.02004e-10 1.79809e-06 0.000778506 0.0407442 0.25776 0.197548 0.0457618 0.209522 0.19274 0.0297666 0.0193385 0.00540479 0.00053885 8.89531e-05 6.20877e-06 4.03646e-07 1.46356e-08 2.82752e-10 2.40961e-12 8.75054e-15
 2.56396e-27 2.58975e-27 3.35481e-26 6.53699e-20 1.60246e-14 4.74839e-10 1.70079e-06 0.000736379 0.0385394 0.243811 0.186912 0.0466674 0.223886 0.205906 0.0304859 0.0176641 0.00489127 0.000428187 6.57436e-05 4.45689e-06 2.79325e-07 9.7304e-09 2.0294e-10 1.91359e-12 6.62394e-15
 2.56576e-27 2.59475e-27 3.80603e-26 7.48892e-20 1.83582e-14 5.43986e-10 1.94847e-06 0.000843612 0.0441516 0.279315 0.213989 0.044578 0.188962 0.173855 0.0280187 0.0201035 0.0055981 0.000500946 7.71086e-05 4.73472e-06 2.7502e-07 9.21909e-09 1.84516e-10 1.78295e-12 6.79295e-15
 2.56589e-27 2.59501e-27 3.82118e-26 7.52085e-20 1.84365e-14 5.46305e-10 1.95677e-06 0.000847209 0.0443398 0.280506 0.214908 0.0451816 0.19291 0.177336 0.0256858 0.0139174 0.0038853 0.000408551 6.8344e-05 4.26482e-06 2.42597e-07 7.30498e-09 1.37273e-10 1.27066e-12 4.82814e-15
 2.56593e-27 2.5951e-27 3.82668e-26 7.53244e-20 1.84649e-14 5.47147e-10 1.95979e-06 0.000848513 0.0444081 0.280938 0.21524 0.0453599 0.194032 0.178326 0.0250362 0.0121848 0.0033357 0.000250029 3.47574e-05 2.45377e-06 1.52304e-07 4.61733e-09 8.11467e-11 6.84699e-13 2.47163e-15
 2.56691e-27 2.59778e-27 4.06703e-26 8.03948e-20 1.97078e-14 5.83978e-10 2.09171e-06 0.000905631 0.0473975 0.29985 0.229666 0.0444314 0.176832 0.162503 0.0231219 0.0118028 0.00322835 0.000229006 2.95942e-05 1.56185e-06 8.12828e-08 2.78066e-09 5.15087e-11 4.20456e-13 1.38933e-15
 2.56662e-27 2.59699e-27 3.99423e-26 7.8859e-20 1.93313e-14 5.72822e-10 2.05175e-06 0.000888331 0.046492 0.294122 0.225299 0.0448572 0.18314 0.168272 0.0232189 0.0105738 0.00288876 0.000215806 2.89735e-05 1.45743e-06 6.61971e-08 1.67707e-09 2.98507e-11 2.6659e-13 8.81929e-16
 2.56557e-27 2.59411e-27 3.73673e-26 7.34266e-20 1.79997e-14 5.33362e-10 1.91041e-06 0.000827136 0.0432893 0.27386 0.209844 0.0458585 0.201618 0.185272 0.0252685 0.0109667 0.00297587 0.000193535 2.30762e-05 1.19876e-06 5.57869e-08 1.29686e-09 1.83463e-11 1.35877e-13 4.70418e-16
 2.56542e-27 2.59369e-27 3.7009e-26 7.2671e-20 1.78144e-14 5.27873e-10 1.89075e-06 0.000818624 0.0428438 0.271042 0.207692 0.0458673 0.203197 0.186754 0.0259908 0.0122386 0.00332362 0.000205818 2.30941e-05 1.06243e-06 4.36411e-08 1.04234e-09 1.44125e-11 8.99242e-14 2.4892e-16
 2.56576e-27 2.59464e-27 3.78546e-26 7.44549e-20 1.82517e-14 5.40831e-10 1.93717e-06 0.000838719 0.0438955 0.277695 0.212767 0.0455436 0.197168 0.181206 0.0253015 0.0120638 0.00328164 0.000211096 2.45886e-05 1.08434e-06 4.08049e-08 8.41845e-10 1.08771e-11 6.80497e-14 1.6909e-16
 2.56703e-27 2.59808e-27 4.08969e-26 8.08729e-20 1.9825e-14 5.87451e-10 2.10415e-06 0.000911016 0.0476793 0.301633 0.231031 0.0446621 0.177628 0.163163 0.021894 0.00883975 0.00238954 0.000149026 1.68347e-05 7.62081e-07 2.94689e-08 5.72068e-10 6.56817e-12 3.622e-14 8.74941e-17
#obs catch len freq
 5.01155e-42 6.9557e-34 1.16696e-26 2.36658e-20 5.80139e-15 1.71906e-10 6.15738e-07 0.000266593 0.0139524 0.0882684 0.0681242 0.0398294 0.218256 0.186321 0.143753 0.143476 0.0646173 0.0261515 0.00613865 0.000800039 4.30336e-05 6.87331e-07 2.43691e-09 1.56119e-12 1.58318e-16
 5.74264e-42 7.97041e-34 1.3372e-26 2.71182e-20 6.6477e-15 1.96984e-10 7.05563e-07 0.000305485 0.0159878 0.101145 0.0780696 0.0436888 0.223158 0.18152 0.142767 0.13079 0.0566699 0.020932 0.00444219 0.000500821 2.19262e-05 2.69723e-07 7.08201e-10 3.279e-13 2.37108e-17
 1.08553e-41 1.50664e-33 2.5277e-26 5.12613e-20 1.25661e-14 3.72357e-10 1.33372e-06 0.000577455 0.0302217 0.191193 0.146876 0.0452205 0.181514 0.140702 0.11356 0.0951934 0.0392232 0.0130335 0.00244232 0.000233508 8.25477e-06 7.78887e-08 1.51226e-10 5.06384e-14 2.6137e-18
 1.11296e-41 1.54472e-33 2.59159e-26 5.25569e-20 1.28837e-14 3.81768e-10 1.36743e-06 0.00059205 0.0309856 0.196026 0.150912 0.0585037 0.238477 0.164652 0.0768596 0.0542555 0.0213037 0.00632046 0.00102684 8.12842e-05 2.27869e-06 1.6385e-08 2.34931e-11 5.69121e-15 2.0994e-19
 7.84349e-42 1.08863e-33 1.8264e-26 3.70389e-20 9.07965e-15 2.69047e-10 9.63682e-07 0.000417241 0.0218367 0.138149 0.106979 0.0647172 0.273415 0.184411 0.116957 0.0716734 0.0169813 0.00388523 0.000541892 3.48941e-05 7.59693e-07 4.10544e-09 4.32496e-12 7.57623e-16 1.99931e-20
 1.26043e-41 1.74939e-33 2.93497e-26 5.95206e-20 1.45908e-14 4.32351e-10 1.54861e-06 0.000670496 0.0350911 0.221999 0.170737 0.0528896 0.172335 0.122082 0.124981 0.0754398 0.0200707 0.00339635 0.000291445 1.41923e-05 2.35789e-07 9.4257e-10 7.21598e-13 9.09281e-17 1.71428e-21
 1.03816e-41 1.4409e-33 2.41741e-26 4.90246e-20 1.20178e-14 3.56109e-10 1.27553e-06 0.000552258 0.028903 0.182854 0.141549 0.0737869 0.260477 0.153643 0.0857884 0.0505676 0.0184248 0.00321828 0.000226062 6.69576e-06 7.44474e-08 2.14282e-10 1.17784e-13 1.0579e-17 1.41636e-22
 1.27461e-41 1.76908e-33 2.968e-26 6.01905e-20 1.4755e-14 4.37217e-10 1.56604e-06 0.000678041 0.035486 0.2245 0.17316 0.0643711 0.192501 0.123988 0.116608 0.0545339 0.0118924 0.00211243 0.000164124 3.95638e-06 2.75054e-08 4.96229e-11 1.85726e-14 1.17005e-18 1.10314e-23
 1.14846e-41 1.59399e-33 2.67425e-26 5.42333e-20 1.32947e-14 3.93945e-10 1.41105e-06 0.000610935 0.0319739 0.202284 0.156858 0.0796745 0.238764 0.134124 0.0947234 0.0462227 0.0130344 0.00163098 9.58367e-05 2.23908e-06 1.27714e-08 1.51743e-11 3.50767e-15 1.42682e-19 9.11011e-25
 1.51246e-41 2.09919e-33 3.52183e-26 7.1422e-20 1.75083e-14 5.18802e-10 1.85826e-06 0.000804564 0.0421077 0.266393 0.205546 0.0696294 0.171432 0.103795 0.0937023 0.0373724 0.00811078 0.00105077 5.31498e-05 8.85933e-07 4.17789e-09 4.02857e-12 6.61286e-16 1.73667e-20 7.02169e-26
 1.55077e-41 2.15237e-33 3.61104e-26 7.32312e-20 1.79518e-14 5.31944e-10 1.90534e-06 0.000824945 0.0431743 0.273145 0.211386 0.083126 0.197012 0.0985322 0.061924 0.0246038 0.00567711 0.000568763 2.41092e-05 3.37716e-07 1.15335e-09 8.26079e-13 1.05215e-16 2.07263e-21 5.88236e-27
 1.15467e-41 1.60261e-33 2.6887e-26 5.45264e-20 1.33665e-14 3.96074e-10 1.41867e-06 0.000614236 0.0321467 0.203389 0.159379 0.103891 0.25378 0.129012 0.0868554 0.0262645 0.00425954 0.000393149 1.38676e-05 1.48879e-07 3.97594e-10 2.09339e-13 1.89518e-17 2.71472e-22 5.71812e-28
 1.72975e-41 2.40078e-33 4.0278e-26 8.16829e-20 2.00236e-14 5.93336e-10 2.12523e-06 0.000920153 0.0481572 0.30467 0.235492 0.0749133 0.140414 0.0898389 0.07937 0.0227175 0.00329003 0.000209711 5.4875e-06 4.68064e-08 9.3299e-11 3.63294e-14 2.41216e-18 2.46783e-23 3.66342e-29
 1.40085e-41 1.94428e-33 3.26194e-26 6.61515e-20 1.62162e-14 4.80517e-10 1.72113e-06 0.000745192 0.0390004 0.246759 0.193804 0.116495 0.23424 0.0984555 0.0508938 0.0165785 0.00286149 0.000161953 3.08973e-06 1.79681e-08 2.61038e-11 7.45564e-15 3.56979e-19 2.62692e-24 2.79854e-30
 1.18793e-41 1.64877e-33 2.76616e-26 5.60971e-20 1.37515e-14 4.07483e-10 1.45954e-06 0.00063193 0.0330727 0.209268 0.16591 0.118784 0.228777 0.131705 0.0908131 0.0187925 0.00211618 0.000125733 2.28932e-06 1.00464e-08 9.84271e-12 1.9164e-15 6.48144e-20 3.40174e-25 2.57642e-31
 9.44276e-42 1.31059e-33 2.19879e-26 4.4591e-20 1.0931e-14 3.23905e-10 1.16017e-06 0.000502315 0.0262892 0.166369 0.134688 0.131821 0.244044 0.15495 0.110068 0.0278658 0.00327517 0.000123257 1.73871e-06 6.86693e-09 5.35772e-12 7.33168e-16 1.66413e-20 5.90953e-26 3.09539e-32
 1.50105e-41 2.08336e-33 3.49527e-26 7.08834e-20 1.73762e-14 5.1489e-10 1.84425e-06 0.000798497 0.0417902 0.264422 0.207676 0.0987013 0.153222 0.120606 0.0872947 0.0225719 0.00280328 0.000110653 1.20341e-06 3.25887e-09 1.98448e-12 2.17659e-16 3.71166e-21 9.27857e-27 3.30632e-33
 1.04986e-41 1.45713e-33 2.44464e-26 4.95768e-20 1.21532e-14 3.60121e-10 1.28989e-06 0.00055848 0.0292287 0.185018 0.15334 0.170118 0.261035 0.117904 0.0627526 0.0177463 0.00221084 8.64628e-05 9.11412e-07 2.05776e-09 8.85353e-13 6.79948e-17 8.61169e-22 1.63592e-27 4.34872e-34
 1.52799e-41 2.12076e-33 3.55801e-26 7.21557e-20 1.76881e-14 5.24131e-10 1.87735e-06 0.000812829 0.0425403 0.2692 0.213524 0.111386 0.153525 0.127086 0.0692975 0.0114738 0.00111051 4.21985e-05 4.15019e-07 8.44864e-10 3.06583e-13 1.79208e-17 1.59911e-22 2.10803e-28 3.97986e-35
 1.08476e-41 1.50558e-33 2.52592e-26 5.12252e-20 1.25573e-14 3.72094e-10 1.33278e-06 0.000577048 0.0302007 0.191241 0.162526 0.19061 0.247509 0.111736 0.0526678 0.0119636 0.000943787 2.326e-05 1.86123e-07 3.29982e-10 1.01909e-13 4.91998e-18 3.47939e-23 3.45418e-29 4.68954e-36
 1.38844e-41 1.92707e-33 3.23306e-26 6.55658e-20 1.60727e-14 4.76263e-10 1.7059e-06 0.000738594 0.0386553 0.244693 0.199124 0.136198 0.17284 0.139645 0.0593747 0.00812964 0.000586048 1.36506e-05 7.62834e-08 9.57264e-11 2.31911e-14 9.03249e-19 5.11051e-24 3.99814e-30 4.20099e-37
 1.51218e-41 2.0988e-33 3.52117e-26 7.14087e-20 1.7505e-14 5.18705e-10 1.85792e-06 0.000804414 0.0421002 0.266558 0.219841 0.161594 0.173774 0.0902989 0.0379645 0.00668577 0.000371073 6.13376e-06 2.86338e-08 2.72482e-11 4.55469e-15 1.25544e-19 5.29098e-25 3.16495e-31 2.55548e-38
 1.2247e-41 1.6998e-33 2.85177e-26 5.78334e-20 1.41772e-14 4.20096e-10 1.50471e-06 0.000651489 0.034097 0.216057 0.188153 0.200537 0.211252 0.109485 0.0350837 0.00443517 0.000242855 3.66383e-06 1.23448e-08 8.63708e-12 1.09487e-15 2.18479e-20 6.39683e-26 2.65853e-32 1.52626e-39
 1.47849e-41 2.05205e-33 3.44274e-26 6.9818e-20 1.71151e-14 5.07151e-10 1.81653e-06 0.000786495 0.0411627 0.260737 0.218885 0.161931 0.167889 0.111126 0.0337928 0.00354881 0.000138201 1.64721e-06 4.7624e-09 2.57117e-12 2.32275e-16 3.32374e-21 7.08963e-27 2.1268e-33 8.62812e-41
 1.45403e-41 2.01809e-33 3.38577e-26 6.86627e-20 1.68319e-14 4.98759e-10 1.78647e-06 0.000773482 0.0404821 0.2566 0.222818 0.194096 0.173372 0.0842794 0.0247339 0.00275098 9.09535e-05 7.84457e-07 1.62606e-09 6.76714e-13 4.76271e-17 5.06275e-22 7.69874e-28 1.62942e-34 4.69656e-42
 1.28486e-41 1.7833e-33 2.99186e-26 6.06744e-20 1.48736e-14 4.40732e-10 1.57863e-06 0.000683493 0.0357731 0.226999 0.206635 0.21488 0.192701 0.0978151 0.0225331 0.00192035 5.79619e-05 4.3792e-07 6.82396e-10 1.98627e-13 9.92275e-18 7.76513e-23 8.81988e-29 1.37902e-35 2.87427e-43
 1.16043e-41 1.6106e-33 2.70211e-26 5.47983e-20 1.34332e-14 3.98049e-10 1.42575e-06 0.0006173 0.0323095 0.205278 0.194953 0.223198 0.204997 0.112272 0.024526 0.00180754 4.06198e-05 2.39677e-07 3.07236e-10 6.97174e-14 2.51903e-18 1.37412e-23 1.08863e-29 1.20804e-36 1.81769e-44
 1.14587e-41 1.59039e-33 2.66821e-26 5.41107e-20 1.32646e-14 3.93054e-10 1.40786e-06 0.000609554 0.031904 0.202677 0.191461 0.216394 0.208957 0.119202 0.0267625 0.00199041 4.08847e-05 1.98448e-07 2.0295e-10 3.82609e-14 1.17544e-18 5.35911e-24 3.43358e-30 3.00136e-37 3.5144e-45
 1.38047e-41 1.91601e-33 3.2145e-26 6.51894e-20 1.59804e-14 4.73529e-10 1.6961e-06 0.000734356 0.0384353 0.243882 0.21806 0.191893 0.179109 0.102294 0.0237346 0.00181741 3.7918e-05 1.78363e-07 1.6409e-10 2.64225e-14 6.88444e-19 2.71654e-24 1.53613e-30 1.19191e-37 1.23024e-45
#spawning biomass
 16306.8 23304.3 43986.7 67072.2 71689.9 81913.8 111358 124318 186431 274272 296518 338138 372513 335400 293095 307054 309311 329087 337508 392368 434232 385236 381621 504168 555894 522419 408289 423210 328079 329713 6281.22 6281.22 6281.22 6281.22 6281.22 6281.22 6281.22 6281.22 6281.22 6281.22 6281.22 6281.22 6281.22 6281.22 6281.22 6281.22 6281.22 6281.22 6281.22 6281.22 6281.22 6281.22 6281.22 6281.22 6281.22 6281.22 6281.22 6281.22 6281.22 6281.22 6281.22 6281.22 6281.22 6281.22 6281.22 6281.22 6281.22 6281.22 6281.22 6281.22 6281.22 6281.22 6281.22 6281.22 6281.22 6281.22 6281.22 6281.22 6281.22 6281.22 6281.22 6281.22 6281.22 6281.22 6281.22 6281.22 6281.22 6281.22 6281.22 6281.22 6281.22 6281.22 6281.22 6281.22 6281.22 6281.22 6281.22 6281.22 6281.22 6281.22 6281.22 6281.22 6281.22 6281.22 6281.22 6281.22 6281.22 6281.22 6281.22 6281.22 6281.22 6281.22 6281.22 6281.22 6281.22 6281.22 6281.22 6281.22 6281.22 6281.22 6281.22 6281.22 6281.22 6281.22 6281.22 6281.22 6281.22 6281.22 6281.22 0 0 0 0 0 0 0 0 0 0 0 0 0 0 0 0 0 0 0 0 0 0 0 0 0
