SBPRF35
0.265073
Curr Bio
119242
B35
196608
F35
0.471957
FOFL
0.254266
OFL
26283.2
Bzero
75735.1
#pred survey bio
 68560.2 42088.2 43639.1 47686.6 51028.1 63725.8 68844.9 68858.6 76055.3 77262.2 87886.3 88836.6 101437 109551 119291 108246 121059 114308 108515 113443 134969 145607 149302 161618 168261 146750 169883 203026 6.79365e+06 4.4413e+06 3.28563e+06 2.23572e+06 1.56739e+06 1.19166e+06 991717 887108 831920 802041 785265 775460 769505 765770 763363 761779 760732 760033 759562 759244 759028 758882 758782 758714 758668 758637 758615 758600 758590 758584 758579 758576 758574 758572 758571 758570 758570 758570 758569 758569 758569 758569 758569 758569 758569 758569 758569 758569 758569 758569 758569 758569 758569 758569 758569 758569 758569 758569 758569 758569 758569 758569 758569 758569 758569 758569 758569 758569 758569 758569 758569 758569 758569 758569 758569 758569 758569 758569 758569 758569 758569 758569 758569 758569 758569 758569 758569 758569 758569 758569 758569 758569 758569 758569 758569 758569 758569 758569 758569 758569 0 0 0 0 0 0 0 0 0 0 0 0 0 0 0 0 0 0 0 0 0 0 0 0 0
#obs survey bio
 63439.9 56132.6 31882.8 42774.2 53987.9 55289.6 48463.7 94699.4 95801.5 69871.2 94173.3 74433.1 99315.3 127632 117503 128800 91006.1 141597 109694 88543.7 158853 127748 193724 132791 177870 161164 172884 183680
#pred catch bio
 47582.2 24286.3 24028.9 28627.2 28312.2 37692.5 44096.8 41312.8 48685.5 44499.5 52197.6 50801.5 60298.5 63306.4 78090.8 62600.1 76225.3 72301.5 67229.2 63750 79036.1 85090.1 84579 94425.2 107387 80811.3 87686 124462 26283.2 61798.9 45197.4 28975 19091.9 13871.5 11316.7 10123.5 9582.72 9342.49 9237.18 9191.44 9171.7 9163.21 9159.57 9158.02 9157.35 9157.07 9156.95 9156.9 9156.88 9156.87 9156.86 9156.86 9156.86 9156.86 9156.86 9156.86 9156.86 9156.86 9156.86 9156.86 9156.86 9156.86 9156.86 9156.86 9156.86 9156.86 9156.86 9156.86 9156.86 9156.86 9156.86 9156.86 9156.86 9156.86 9156.86 9156.86 9156.86 9156.86 9156.86 9156.86 9156.86 9156.86 9156.86 9156.86 9156.86 9156.86 9156.86 9156.86 9156.86 9156.86 9156.86 9156.86 9156.86 9156.86 9156.86 9156.86 9156.86 9156.86 9156.86 9156.86 9156.86 9156.86 9156.86 9156.86 9156.86 9156.86 9156.86 9156.86 9156.86 9156.86 9156.86 9156.86 9156.86 9156.86 9156.86 9156.86 9156.86 9156.86 9156.86 9156.86 9156.86 9156.86 9156.86 9156.86 9156.86 9156.86 9156.86 9156.86 0 0 0 0 0 0 0 0 0 0 0 0 0 0 0 0 0 0 0 0 0 0 0 0 0
#obs catch bio
 23067.1 23593.9 23875.2 28072.4 27391.6 37966.3 48084.4 40128 48161.5 45294.3 47763.1 49788.6 61408.4 63459.6 83435.9 60115 84290.5 69063.3 67630 68189.7 78981.8 83637.8 77058.6 100500 105236 78892.4 87458.6 126366
#pred cpue bio
 56119.6 29545.4 30856.6 33874.2 34851.4 43454.2 47734.4 46503 52046.4 52102.8 60888.6 62638.3 69711.1 75621.7 83288.9 74227 83855.5 79603.2 75095.9 77152.7 93062 101296 105603 113564 118094 103724 118298 144457 4.75839e+06 4.13011e+06 3.1724e+06 2.13219e+06 1.46422e+06 1.0885e+06 888553 783944 728756 698877 682101 672296 666341 662606 660199 658615 657568 656869 656398 656080 655864 655718 655618 655550 655504 655473 655451 655437 655427 655420 655415 655412 655410 655408 655407 655407 655406 655406 655406 655405 655405 655405 655405 655405 655405 655405 655405 655405 655405 655405 655405 655405 655405 655405 655405 655405 655405 655405 655405 655405 655405 655405 655405 655405 655405 655405 655405 655405 655405 655405 655405 655405 655405 655405 655405 655405 655405 655405 655405 655405 655405 655405 655405 655405 655405 655405 655405 655405 655405 655405 655405 655405 655405 655405 655405 655405 655405 655405 655405 655405 0 0 0 0 0 0 0 0 0 0 0 0 0 0 0 0 0 0 0 0 0 0 0 0 0
#obs cpue bio
 38081 28304.2 39160.9 45305.8 36963.5 43460.5 45641.2 45144.2 42722.4 48024 104134 66986.1 63961.7 63254.5 66467.9 79019.5 60382 103676 63713 60596.5 102499 126535 132559 78417 154726 97045.9 106149 162435
#pred surv len freq
 3.44218e-11 1.61904e-09 5.2731e-08 1.18921e-06 1.85713e-05 0.000200822 0.00150375 0.00779748 0.0280047 0.0697188 0.120683 0.14701 0.131737 0.0992333 0.0783452 0.0682498 0.0571901 0.0446338 0.034617 0.0276417 0.0229234 0.0199185 0.0174333 0.0139402 0.00919913
 4.19375e-11 1.97254e-09 6.42443e-08 1.44887e-06 2.26262e-05 0.00024467 0.00183207 0.00949983 0.0341169 0.0849181 0.146874 0.178345 0.157944 0.114765 0.0844152 0.0670232 0.0487858 0.0297171 0.016222 0.00911878 0.00571559 0.0039915 0.00297078 0.00214214 0.00133436
 4.02676e-11 1.894e-09 6.16862e-08 1.39118e-06 2.17252e-05 0.000234928 0.00175913 0.00912175 0.0327611 0.0815633 0.141207 0.172103 0.154477 0.116632 0.0912964 0.0758359 0.0560709 0.0338925 0.0175012 0.00835194 0.00382369 0.00174559 0.00086676 0.000476512 0.000256608
 4.01584e-11 1.88886e-09 6.1519e-08 1.38741e-06 2.16663e-05 0.000234291 0.00175436 0.00909699 0.032672 0.0813387 0.140801 0.171528 0.153711 0.115569 0.0900478 0.0750371 0.0564666 0.035481 0.0194286 0.00973738 0.00440262 0.00174867 0.000625635 0.000217693 7.84541e-05
 4.27184e-11 2.00927e-09 6.54407e-08 1.47585e-06 2.30475e-05 0.000249226 0.00186619 0.0096767 0.0347518 0.086495 0.149579 0.181527 0.160432 0.115889 0.0844585 0.0667723 0.0488116 0.0299088 0.0159411 0.00787475 0.00359331 0.00145143 0.000506222 0.000151973 3.98958e-05
 4.26507e-11 2.00609e-09 6.5337e-08 1.47351e-06 2.3011e-05 0.000248831 0.00186323 0.00966138 0.034697 0.086361 0.149363 0.181337 0.160494 0.116412 0.0853829 0.067664 0.0491681 0.0296175 0.0153166 0.0072926 0.00322274 0.00127349 0.000438579 0.000129615 3.22335e-05
 4.13986e-11 1.94719e-09 6.34188e-08 1.43025e-06 2.23354e-05 0.000241526 0.00180854 0.00937787 0.0336801 0.0838421 0.14509 0.176546 0.157532 0.116972 0.0891526 0.0725768 0.0530531 0.0316917 0.0160595 0.00742563 0.00317367 0.00120938 0.000401132 0.00011457 2.76666e-05
 4.31179e-11 2.02806e-09 6.60527e-08 1.48965e-06 2.32631e-05 0.000251557 0.00188364 0.00976719 0.0350767 0.0873033 0.150973 0.183201 0.161852 0.116762 0.0848021 0.0665733 0.0479512 0.0284681 0.0143353 0.00655785 0.00275444 0.00102291 0.000327891 9.00449e-05 2.08956e-05
 4.21979e-11 1.98479e-09 6.46433e-08 1.45787e-06 2.27667e-05 0.00024619 0.00184345 0.00955887 0.0343295 0.0854522 0.147832 0.179672 0.159643 0.117101 0.0874608 0.0700723 0.0507476 0.0300108 0.0149619 0.00676153 0.00281157 0.0010352 0.000328025 8.84512e-05 1.9999e-05
 4.31213e-11 2.02822e-09 6.60578e-08 1.48977e-06 2.32648e-05 0.000251576 0.00188379 0.00976795 0.0350795 0.0873111 0.150992 0.183251 0.16198 0.117027 0.0851786 0.0668912 0.0480082 0.0282357 0.0139775 0.0062533 0.00256858 0.000932638 0.000291075 7.73015e-05 1.72164e-05
 4.14286e-11 1.94861e-09 6.34648e-08 1.43129e-06 2.23517e-05 0.000241702 0.00180985 0.00938467 0.0337045 0.0839026 0.145194 0.176665 0.157617 0.116992 0.0891222 0.0725416 0.0530496 0.0317063 0.0160419 0.00735028 0.00306917 0.00112131 0.000349398 9.21401e-05 2.03022e-05
 4.0338e-11 1.89731e-09 6.17941e-08 1.39361e-06 2.17632e-05 0.000235339 0.00176221 0.00913769 0.0328183 0.0817051 0.141448 0.172379 0.154666 0.11666 0.09121 0.0757893 0.0562068 0.0341955 0.0177865 0.00842406 0.00362377 0.00135699 0.000431708 0.000115601 2.56701e-05
 4.23653e-11 1.99266e-09 6.48997e-08 1.46365e-06 2.2857e-05 0.000247166 0.00185076 0.00959673 0.0344648 0.085783 0.148363 0.180123 0.159424 0.115671 0.0849933 0.0677576 0.0499458 0.0309653 0.0167223 0.00828221 0.00370961 0.00144019 0.000474425 0.00013122 2.9939e-05
 4.17468e-11 1.96357e-09 6.39521e-08 1.44228e-06 2.25233e-05 0.000243557 0.00182375 0.0094567 0.0339628 0.0845425 0.146279 0.17788 0.158363 0.11683 0.0881143 0.0711911 0.0519057 0.0310286 0.0158109 0.00741941 0.00325416 0.00128024 0.000435768 0.000125263 2.96575e-05
 4.10691e-11 1.9317e-09 6.29141e-08 1.41887e-06 2.21577e-05 0.000239604 0.00179414 0.00930324 0.0334122 0.0831766 0.143948 0.175198 0.156469 0.116496 0.0892469 0.0731272 0.0539845 0.0328449 0.0171227 0.00814233 0.00352952 0.00134428 0.000442314 0.000125017 2.9775e-05
 4.21101e-11 1.98066e-09 6.45087e-08 1.45483e-06 2.27193e-05 0.000245677 0.00183962 0.00953898 0.0342581 0.0852748 0.147528 0.179315 0.159368 0.116992 0.0875031 0.0702097 0.0509393 0.030236 0.0151948 0.00696525 0.00295741 0.00111869 0.00036564 0.000101727 2.36822e-05
 4.15674e-11 1.95513e-09 6.36773e-08 1.43608e-06 2.24265e-05 0.000242511 0.00181591 0.00941607 0.033817 0.0841802 0.145657 0.177148 0.157788 0.116584 0.0882021 0.0715728 0.0525454 0.0317876 0.0164292 0.00772417 0.00330299 0.00123515 0.000395894 0.000108194 2.4847e-05
 4.10824e-11 1.93232e-09 6.29344e-08 1.41933e-06 2.21648e-05 0.000239681 0.00179472 0.00930626 0.0334232 0.0832056 0.144009 0.175327 0.156754 0.117048 0.0900095 0.0737349 0.0540161 0.0322732 0.0163433 0.00754519 0.00321151 0.00121032 0.000391871 0.000107403 2.44915e-05
 4.15605e-11 1.95481e-09 6.36669e-08 1.43585e-06 2.24228e-05 0.000242471 0.00181561 0.00941453 0.0338116 0.0841675 0.14564 0.177154 0.157877 0.116817 0.0885539 0.0718724 0.0525973 0.0315714 0.0161113 0.00747462 0.00316981 0.00118155 0.000378125 0.000102997 2.34886e-05
 4.2723e-11 2.00949e-09 6.54477e-08 1.47601e-06 2.305e-05 0.000249253 0.00186639 0.00967777 0.0347559 0.0865076 0.149617 0.181651 0.160787 0.116651 0.0855703 0.0677584 0.0490936 0.0293599 0.014957 0.00694148 0.00295312 0.00110587 0.000354889 9.65027e-05 2.18831e-05
 4.18651e-11 1.96913e-09 6.41334e-08 1.44637e-06 2.25871e-05 0.000244248 0.00182891 0.00948348 0.0340588 0.0847798 0.146677 0.178309 0.158566 0.116611 0.0875352 0.0705895 0.0516332 0.0311265 0.0160274 0.00752722 0.00323313 0.00121947 0.000393892 0.000107772 2.45559e-05
 4.12821e-11 1.94171e-09 6.32403e-08 1.42623e-06 2.22726e-05 0.000240846 0.00180345 0.00935147 0.0335852 0.0836058 0.14468 0.176042 0.157066 0.116605 0.0888994 0.0725318 0.0533481 0.0322908 0.0167191 0.00790948 0.00342507 0.00130328 0.000424888 0.000117285 2.69289e-05
 4.0177e-11 1.88973e-09 6.15474e-08 1.38805e-06 2.16764e-05 0.000234399 0.00175517 0.00910122 0.0326874 0.0813801 0.140892 0.171729 0.154177 0.116492 0.0913392 0.0760995 0.0566013 0.0346174 0.018181 0.00873693 0.00383149 0.00147211 0.000484227 0.000134895 3.12585e-05
 4.08873e-11 1.92314e-09 6.26355e-08 1.41259e-06 2.20596e-05 0.000238543 0.0017862 0.00926203 0.0332641 0.0828068 0.1433 0.174376 0.15563 0.115673 0.0884773 0.072708 0.0543089 0.0339138 0.0184547 0.0092221 0.00417207 0.00164035 0.000549803 0.000155583 3.65134e-05
 4.08213e-11 1.92004e-09 6.25344e-08 1.41031e-06 2.2024e-05 0.000238158 0.00178332 0.00924711 0.0332107 0.0826763 0.143091 0.174197 0.155711 0.116223 0.0894156 0.0735477 0.0545112 0.0334268 0.0177284 0.00869636 0.0039427 0.00158363 0.000547274 0.000159606 3.84028e-05
 4.00805e-11 1.8852e-09 6.13996e-08 1.38471e-06 2.16243e-05 0.000233837 0.00175096 0.00907939 0.0326093 0.0811882 0.140577 0.171429 0.15417 0.117021 0.0923256 0.0770392 0.0569337 0.0342556 0.0175304 0.00822142 0.00357687 0.0013922 0.000472418 0.000137548 3.35372e-05
 4.15816e-11 1.9558e-09 6.36991e-08 1.43657e-06 2.24342e-05 0.000242594 0.00181653 0.00941925 0.033828 0.0842036 0.14567 0.177034 0.157277 0.115376 0.0864207 0.0700534 0.0522612 0.0328645 0.018067 0.00907311 0.00408028 0.00158222 0.000523651 0.000147953 3.52288e-05
 3.99886e-11 1.88087e-09 6.12588e-08 1.38154e-06 2.15747e-05 0.0002333 0.00174694 0.00905854 0.0325341 0.0809978 0.140226 0.170902 0.153384 0.115804 0.090764 0.0758027 0.0568443 0.0354325 0.0192734 0.00973189 0.00452006 0.00184573 0.000643121 0.000187611 4.49569e-05
#obs surv len freq
 4.14785e-11 1.95095e-09 6.35412e-08 1.43301e-06 2.23786e-05 0.000241993 0.00181203 0.0093959 0.0337443 0.0839945 0.145306 0.176584 0.15685 0.115011 0.0860977 0.0698164 0.0522234 0.0331065 0.0185634 0.00968745 0.00462709 0.00194272 0.000701913 0.000215228 5.49985e-05
 4.09453e-11 1.92587e-09 6.27243e-08 1.41459e-06 2.20909e-05 0.000238882 0.00178873 0.00927519 0.0333117 0.0829269 0.143521 0.174706 0.156116 0.116409 0.0893804 0.0733123 0.0540873 0.0328967 0.0172672 0.00843948 0.00387755 0.00160965 0.00058456 0.000181252 4.67088e-05
 4.04653e-11 1.90329e-09 6.1989e-08 1.39801e-06 2.18319e-05 0.000236081 0.00176777 0.00916648 0.0329215 0.0819582 0.141863 0.172773 0.154667 0.115939 0.0898557 0.0744414 0.0555972 0.0344923 0.0185596 0.0091748 0.00413702 0.00164416 0.00056889 0.000170381 4.32391e-05
 4.13703e-11 1.94586e-09 6.33754e-08 1.42928e-06 2.23202e-05 0.000241361 0.0018073 0.00937141 0.0336565 0.0837784 0.144947 0.176219 0.156755 0.115416 0.0869557 0.0707324 0.0527416 0.0330838 0.0181949 0.00924578 0.0042781 0.00173089 0.000600391 0.000176762 4.34877e-05
 4.51988e-11 2.12593e-09 6.92402e-08 1.56154e-06 2.43857e-05 0.000263697 0.00197453 0.0102383 0.0367669 0.0914892 0.158072 0.19116 0.166767 0.115814 0.0785044 0.0583602 0.0414379 0.0249793 0.0131027 0.00638675 0.0029032 0.00118077 0.00041652 0.000124715 3.09454e-05
 4.01355e-11 1.88778e-09 6.14837e-08 1.38661e-06 2.1654e-05 0.000234157 0.00175336 0.00909186 0.0326545 0.0813028 0.140793 0.171772 0.154731 0.117946 0.0935333 0.0779721 0.0569336 0.0332711 0.0161831 0.00715349 0.00298313 0.00114016 0.000386356 0.000113478 2.81032e-05
 4.23502e-11 1.99195e-09 6.48765e-08 1.46313e-06 2.28489e-05 0.000247078 0.0018501 0.00959331 0.0344528 0.0857537 0.148318 0.180098 0.159497 0.115922 0.0854108 0.0681838 0.0501762 0.0309107 0.0164454 0.00792454 0.00340675 0.00125739 0.000395483 0.000107128 2.48826e-05
 4.29626e-11 2.02075e-09 6.58146e-08 1.48428e-06 2.31792e-05 0.000250651 0.00187685 0.009732 0.0349506 0.0869896 0.150436 0.182574 0.161376 0.116591 0.0849062 0.0668345 0.0482794 0.0288349 0.0147229 0.00691484 0.00301744 0.00116941 0.000387475 0.000107389 2.44701e-05
 4.18968e-11 1.97062e-09 6.41819e-08 1.44746e-06 2.26042e-05 0.000244433 0.0018303 0.00949067 0.034085 0.0848459 0.146801 0.178507 0.158888 0.11714 0.0882245 0.0711177 0.0516218 0.0305482 0.0152452 0.00691553 0.0029037 0.00108944 0.000355381 9.92596e-05 2.3184e-05
 4.42419e-11 2.08093e-09 6.77744e-08 1.52848e-06 2.38695e-05 0.000258114 0.00193274 0.0100217 0.0359898 0.089565 0.154813 0.187523 0.164582 0.116419 0.0816579 0.0623926 0.0445655 0.0265394 0.013486 0.00622656 0.00262341 0.000969686 0.000307478 8.31896e-05 1.89597e-05
 3.98886e-11 1.87617e-09 6.11055e-08 1.37808e-06 2.15208e-05 0.000232717 0.00174258 0.00903594 0.0324538 0.0808048 0.139941 0.170786 0.154014 0.117764 0.0938607 0.0786135 0.057701 0.0340203 0.0167724 0.00749257 0.00310415 0.00114863 0.000366821 9.93202e-05 2.23905e-05
 4.25627e-11 2.00194e-09 6.5202e-08 1.47047e-06 2.29635e-05 0.000248317 0.00185938 0.0096414 0.0346251 0.0861788 0.149028 0.18084 0.159771 0.115324 0.0840431 0.0667392 0.0494221 0.0310296 0.0170202 0.00847433 0.00373781 0.00140314 0.000443937 0.000118805 2.66332e-05
 4.19204e-11 1.97173e-09 6.4218e-08 1.44828e-06 2.2617e-05 0.00024457 0.00183133 0.00949601 0.034104 0.0848921 0.146873 0.178556 0.158811 0.116833 0.0877037 0.0705899 0.051348 0.0306327 0.0155921 0.00733994 0.00324727 0.00128885 0.000438853 0.000124475 2.87459e-05
 4.02088e-11 1.89123e-09 6.15961e-08 1.38915e-06 2.16935e-05 0.000234585 0.00175656 0.00910842 0.0327135 0.0814445 0.141003 0.171866 0.154301 0.116587 0.0914075 0.0761253 0.0565542 0.0344907 0.0180108 0.00858017 0.00372835 0.00142583 0.000472064 0.000134263 3.20487e-05
 4.19846e-11 1.97476e-09 6.43165e-08 1.4505e-06 2.26516e-05 0.000244945 0.00183413 0.00951053 0.0341558 0.0850175 0.147066 0.178677 0.158559 0.115918 0.0862459 0.0693262 0.0511047 0.0314825 0.0168224 0.00825219 0.00368247 0.0014338 0.000476717 0.000134152 3.1485e-05
 4.1847e-11 1.96828e-09 6.41056e-08 1.44574e-06 2.25774e-05 0.000244142 0.00182812 0.00947938 0.0340443 0.0847432 0.146614 0.178235 0.158506 0.116579 0.0875175 0.0705587 0.0515767 0.0310768 0.0160439 0.00762778 0.00336707 0.00132444 0.000449833 0.000129313 3.0766e-05
 4.0653e-11 1.91212e-09 6.22765e-08 1.40449e-06 2.19332e-05 0.000237176 0.00177597 0.00920902 0.0330744 0.0823401 0.142533 0.17363 0.155561 0.116849 0.0907334 0.0749327 0.0552482 0.0333141 0.0171136 0.00803158 0.00346873 0.00132841 0.000440924 0.000125416 2.99417e-05
 4.18203e-11 1.96703e-09 6.40648e-08 1.44482e-06 2.2563e-05 0.000243987 0.00182696 0.00947333 0.0340224 0.0846872 0.146507 0.178055 0.158191 0.116038 0.0868118 0.070042 0.0516516 0.0317411 0.0168646 0.00819857 0.00361633 0.00139013 0.000456983 0.000127687 2.98908e-05
 4.24143e-11 1.99496e-09 6.49746e-08 1.46534e-06 2.28834e-05 0.000247452 0.0018529 0.00960783 0.034505 0.0858847 0.148552 0.180415 0.159882 0.116401 0.0859244 0.0684459 0.0498736 0.0301161 0.0156269 0.00746442 0.00329725 0.00129139 0.000434942 0.000123707 2.91173e-05
 4.11668e-11 1.93629e-09 6.30636e-08 1.42224e-06 2.22104e-05 0.000240174 0.00179841 0.00932535 0.0334918 0.0833744 0.14429 0.175619 0.156853 0.116787 0.0894302 0.0731254 0.0536966 0.0323206 0.0165858 0.0077865 0.00337169 0.00129669 0.000431941 0.000122924 2.92432e-05
 4.12963e-11 1.94238e-09 6.3262e-08 1.42672e-06 2.22803e-05 0.00024093 0.00180407 0.00935466 0.0335967 0.0836318 0.144711 0.176011 0.156824 0.115991 0.0879785 0.0717435 0.0531992 0.0328423 0.0175501 0.00858111 0.003801 0.00146567 0.000483389 0.000135578 3.1851e-05
 4.26505e-11 2.00607e-09 6.53365e-08 1.4735e-06 2.30109e-05 0.00024883 0.00186322 0.00966132 0.0346969 0.08636 0.149358 0.18132 0.160443 0.1163 0.0852215 0.067527 0.0491442 0.0297227 0.015481 0.0074325 0.00330044 0.00129917 0.000439643 0.000125571 2.96643e-05
 3.86669e-11 1.81871e-09 5.9234e-08 1.33588e-06 2.08617e-05 0.00022559 0.00168921 0.00875928 0.0314609 0.0783402 0.135725 0.165886 0.15039 0.116692 0.0951843 0.0813937 0.0610875 0.0374342 0.0196699 0.00947578 0.00418656 0.00163244 0.000549531 0.000157755 3.77962e-05
 4.33164e-11 2.03739e-09 6.63565e-08 1.49651e-06 2.33701e-05 0.000252714 0.00189231 0.00981207 0.0352374 0.087696 0.151607 0.183756 0.161658 0.115212 0.082084 0.0639974 0.0470128 0.029447 0.0162121 0.008202 0.00374151 0.0014793 0.000499089 0.000142737 3.4044e-05
 3.88821e-11 1.82883e-09 5.95637e-08 1.34331e-06 2.09778e-05 0.000226845 0.00169861 0.00880803 0.031636 0.0787763 0.136481 0.166809 0.151222 0.117303 0.0955408 0.081337 0.0604154 0.0362707 0.0185121 0.00874011 0.00388977 0.00156433 0.00054607 0.000160962 3.90852e-05
 4.15492e-11 1.95428e-09 6.36495e-08 1.43546e-06 2.24167e-05 0.000242405 0.00181511 0.0094119 0.0338017 0.0841367 0.145547 0.176855 0.157023 0.115 0.0859544 0.0697128 0.0522995 0.0332898 0.0186191 0.00949751 0.00431393 0.00168714 0.000566059 0.000163283 3.97744e-05
 4.08507e-11 1.92142e-09 6.25794e-08 1.41132e-06 2.20398e-05 0.00023833 0.0017846 0.00925376 0.0332347 0.0827351 0.143189 0.1743 0.155748 0.116134 0.089203 0.0732893 0.0543079 0.0333453 0.0177812 0.0088394 0.00409488 0.00168584 0.000594608 0.000175587 4.26003e-05
 3.99517e-11 1.87913e-09 6.12022e-08 1.38026e-06 2.15548e-05 0.000233085 0.00174533 0.00905017 0.0325042 0.0809227 0.140094 0.170732 0.153204 0.115621 0.0905999 0.0757551 0.0570144 0.0357704 0.0195839 0.00988109 0.00454323 0.00183734 0.000643611 0.000192921 4.8214e-05
#pred catch len freq
 2.95845e-11 1.39151e-09 4.53207e-08 1.02209e-06 1.59615e-05 0.000172602 0.00129244 0.00670201 0.0240735 0.0599639 0.104016 0.127736 0.117788 0.0957866 0.0844105 0.078929 0.0679794 0.0537004 0.0419696 0.0336577 0.0279627 0.0243119 0.0212822 0.0170186 0.0112307
 3.70383e-11 1.7421e-09 5.67392e-08 1.27961e-06 1.9983e-05 0.000216088 0.00161807 0.00839044 0.0301369 0.075053 0.130093 0.159297 0.145361 0.114739 0.0958348 0.0830762 0.0625704 0.0386312 0.0213051 0.0120882 0.00761893 0.00533163 0.00397038 0.00286328 0.0017836
 3.48492e-11 1.63914e-09 5.33857e-08 1.20398e-06 1.88019e-05 0.000203317 0.00152245 0.0078948 0.0283596 0.070655 0.122664 0.151114 0.140815 0.117186 0.104861 0.0946517 0.07217 0.0441691 0.0230292 0.0110896 0.00510871 0.00233965 0.00116332 0.000639846 0.000344606
 3.52438e-11 1.6577e-09 5.39902e-08 1.21761e-06 1.90148e-05 0.000205619 0.00153968 0.0079841 0.0286795 0.0714433 0.123972 0.152446 0.141177 0.115761 0.101911 0.091765 0.0710944 0.0452087 0.0249745 0.0126084 0.00572636 0.00227945 0.000816386 0.000284216 0.000102454
 3.78098e-11 1.77839e-09 5.7921e-08 1.30626e-06 2.03992e-05 0.000220589 0.00165177 0.00856517 0.0307643 0.0766125 0.132777 0.162495 0.147998 0.116267 0.0965718 0.083685 0.063416 0.03941 0.0212157 0.0105698 0.0048491 0.00196373 0.000685665 0.000205949 5.4079e-05
 3.81244e-11 1.79319e-09 5.8403e-08 1.31713e-06 2.0569e-05 0.000222425 0.00166551 0.00863644 0.0310202 0.0772489 0.133874 0.163811 0.149107 0.116932 0.0968029 0.0834769 0.0626862 0.0382391 0.0199498 0.00957304 0.00425257 0.00168475 0.000580864 0.00017175 4.27221e-05
 3.71921e-11 1.74934e-09 5.69749e-08 1.28492e-06 2.0066e-05 0.000216986 0.00162479 0.00842535 0.0302631 0.0753744 0.1307 0.160274 0.146997 0.117561 0.0999222 0.087411 0.0656548 0.0396262 0.0202282 0.00941669 0.00404353 0.00154453 0.000512835 0.000146545 3.53961e-05
 3.87894e-11 1.82447e-09 5.94217e-08 1.34011e-06 2.09277e-05 0.000226304 0.00169456 0.00878703 0.0315606 0.0785899 0.136166 0.16646 0.151023 0.117395 0.0959234 0.0818762 0.060937 0.0366244 0.0185968 0.00857191 0.00361935 0.00134774 0.000432539 0.000118851 2.75878e-05
 3.81359e-11 1.79373e-09 5.84206e-08 1.31753e-06 2.05751e-05 0.000222492 0.00166602 0.00863906 0.0310298 0.0772755 0.133938 0.163969 0.149504 0.117747 0.097973 0.0844962 0.0629433 0.0376161 0.0188895 0.00859404 0.00359063 0.00132531 0.000420417 0.000113423 2.56516e-05
 3.85486e-11 1.81314e-09 5.90529e-08 1.33179e-06 2.07978e-05 0.000224899 0.00168405 0.00873253 0.0313651 0.0781067 0.135352 0.165578 0.150578 0.117779 0.0970492 0.0831618 0.0617482 0.0367809 0.0183672 0.00828459 0.00342292 0.00124665 0.000389618 0.000103539 2.30673e-05
 3.6703e-11 1.72634e-09 5.62257e-08 1.26803e-06 1.98021e-05 0.000214132 0.00160343 0.00831461 0.0298658 0.0743899 0.129027 0.158384 0.145781 0.117653 0.101223 0.0892181 0.0672323 0.0406511 0.0207414 0.00957773 0.00402086 0.00147308 0.000459587 0.000121271 2.67291e-05
 3.51654e-11 1.65401e-09 5.38701e-08 1.2149e-06 1.89725e-05 0.000205161 0.00153626 0.0079664 0.0286164 0.0712917 0.123747 0.152344 0.14163 0.117207 0.104198 0.0938248 0.0716901 0.0441428 0.0231718 0.0110655 0.00478619 0.0017972 0.000572466 0.000153384 3.40705e-05
 3.7795e-11 1.7777e-09 5.78984e-08 1.30575e-06 2.03912e-05 0.000220503 0.00165112 0.00856182 0.0307521 0.0765813 0.132717 0.162392 0.147814 0.115949 0.0961699 0.0834355 0.0635713 0.0399274 0.0217563 0.0108551 0.00488437 0.00190048 0.000626683 0.000173417 3.95765e-05
 3.69031e-11 1.73574e-09 5.65321e-08 1.27494e-06 1.991e-05 0.000215299 0.00161217 0.0083599 0.0300282 0.074792 0.129707 0.159138 0.146215 0.11747 0.100456 0.0882111 0.0663803 0.0401699 0.0206533 0.00977283 0.00431089 0.00170077 0.000579611 0.000166699 3.94777e-05
 3.69615e-11 1.73849e-09 5.66216e-08 1.27696e-06 1.99416e-05 0.00021564 0.00161472 0.00837312 0.0300755 0.0749073 0.129891 0.159289 0.146119 0.116934 0.0995657 0.0874514 0.0662753 0.0407332 0.0213878 0.0102345 0.00445488 0.00170024 0.000559967 0.000158342 3.77202e-05
 3.73482e-11 1.75668e-09 5.7214e-08 1.29032e-06 2.01502e-05 0.000217896 0.00163161 0.0084607 0.0303899 0.0756893 0.131238 0.1609 0.147459 0.117696 0.0997474 0.087046 0.0652102 0.0391835 0.0198652 0.00918155 0.00392103 0.00148756 0.000486836 0.000135525 3.15593e-05
 3.72576e-11 1.75242e-09 5.70752e-08 1.28719e-06 2.01013e-05 0.000217368 0.00162765 0.00844017 0.0303161 0.0755042 0.13091 0.160461 0.146948 0.117085 0.0990895 0.0866557 0.0654561 0.0400344 0.0208522 0.00987095 0.00424033 0.00158932 0.000509952 0.000139435 3.20297e-05
 3.67293e-11 1.72757e-09 5.62658e-08 1.26893e-06 1.98163e-05 0.000214285 0.00160457 0.00832055 0.0298871 0.0744428 0.129117 0.158488 0.145854 0.117662 0.10116 0.0890914 0.0670605 0.0404854 0.0206567 0.00960341 0.00410738 0.00155175 0.000502964 0.00013792 3.14581e-05
 3.714e-11 1.74689e-09 5.68951e-08 1.28313e-06 2.00379e-05 0.000216682 0.00162252 0.00841355 0.0302207 0.0752687 0.130516 0.160048 0.146787 0.117396 0.0998152 0.0874205 0.0658487 0.0399656 0.0205566 0.00960548 0.00409341 0.00152962 0.000490066 0.000133559 3.04664e-05
 3.79096e-11 1.78309e-09 5.8074e-08 1.30971e-06 2.04531e-05 0.000221172 0.00165613 0.00858782 0.0308458 0.076818 0.133149 0.163024 0.148713 0.117283 0.0978343 0.0846875 0.0635172 0.0384925 0.0197934 0.00926395 0.00396394 0.00148874 0.00047838 0.000130162 2.95248e-05
 3.7123e-11 1.74609e-09 5.6869e-08 1.28254e-06 2.00287e-05 0.000216582 0.00162177 0.00840969 0.0302068 0.0752335 0.130451 0.159951 0.146645 0.117177 0.0995347 0.087198 0.0658315 0.0401759 0.0208703 0.00987947 0.00426609 0.00161338 0.000521752 0.000142836 3.25545e-05
 3.64148e-11 1.71278e-09 5.57841e-08 1.25807e-06 1.96466e-05 0.000212451 0.00159084 0.00824932 0.0296314 0.0738074 0.128025 0.157194 0.144815 0.117153 0.101167 0.0895357 0.0679098 0.0416044 0.0217334 0.0103639 0.00451186 0.00172139 0.000561863 0.000155182 3.56399e-05
 3.49139e-11 1.64218e-09 5.34849e-08 1.20622e-06 1.88368e-05 0.000203695 0.00152527 0.00790945 0.0284121 0.0707844 0.122879 0.151335 0.140884 0.116984 0.104459 0.0943639 0.0723259 0.0447784 0.0237393 0.0115039 0.00507268 0.00195428 0.000643613 0.000179399 4.15832e-05
 3.5923e-11 1.68965e-09 5.50307e-08 1.24108e-06 1.93812e-05 0.000209581 0.00156935 0.00813792 0.0292313 0.0728117 0.126304 0.15511 0.142993 0.115918 0.100534 0.0896643 0.0690897 0.0436913 0.0239955 0.0120833 0.0054925 0.00216446 0.000726223 0.00020561 4.82661e-05
 3.647e-11 1.71538e-09 5.58687e-08 1.25998e-06 1.96764e-05 0.000212773 0.00159325 0.00826181 0.029676 0.0739162 0.128198 0.157332 0.144708 0.116599 0.100212 0.0885909 0.0674699 0.0418177 0.0223513 0.0110382 0.00502618 0.00202304 0.000699756 0.000204159 4.91323e-05
 3.4644e-11 1.62949e-09 5.30714e-08 1.19689e-06 1.86912e-05 0.00020212 0.00151348 0.00784835 0.0281931 0.070244 0.121976 0.150386 0.140516 0.117697 0.106117 0.0960992 0.0731899 0.0445748 0.0230299 0.0108982 0.00477073 0.00186261 0.000632901 0.000184386 4.49699e-05
 3.60304e-11 1.6947e-09 5.51952e-08 1.24479e-06 1.94392e-05 0.000210208 0.00157404 0.00816222 0.0293184 0.0730263 0.12666 0.155475 0.1431 0.115551 0.0997633 0.0889077 0.0687969 0.0439178 0.0244089 0.0123674 0.00559198 0.00217412 0.000720429 0.000203677 4.85124e-05
 3.51957e-11 1.65544e-09 5.39165e-08 1.21595e-06 1.89888e-05 0.000205338 0.00153758 0.00797322 0.0286405 0.0713478 0.123817 0.152302 0.141191 0.116057 0.102421 0.0921692 0.0710717 0.0448077 0.0245823 0.012503 0.00583332 0.00238704 0.000832498 0.000242958 5.82313e-05
#obs catch len freq
 3.30761e-11 1.55574e-09 5.06695e-08 1.14273e-06 1.78453e-05 0.000192973 0.00144499 0.00749324 0.0269185 0.0670767 0.116535 0.14396 0.135419 0.115334 0.10638 0.0984332 0.0772739 0.0497835 0.02806 0.0145736 0.00685927 0.00283104 0.00101512 0.00031427 8.22829e-05
 3.6325e-11 1.70855e-09 5.56465e-08 1.25497e-06 1.95982e-05 0.000211927 0.00158691 0.00822892 0.0295577 0.0736178 0.127657 0.156562 0.143666 0.115118 0.0983914 0.0872045 0.0674689 0.0433137 0.0244825 0.012856 0.00616384 0.00259296 0.000937806 0.000287731 7.35516e-05
 3.54648e-11 1.66809e-09 5.43287e-08 1.22525e-06 1.9134e-05 0.000206908 0.00154933 0.00803418 0.0288597 0.0718936 0.124766 0.153478 0.142302 0.11698 0.103116 0.0923627 0.0703949 0.0433352 0.0229336 0.01129 0.00521232 0.00216918 0.000788746 0.000244729 6.30908e-05
 3.4706e-11 1.6324e-09 5.31663e-08 1.19903e-06 1.87247e-05 0.000202481 0.00151619 0.00786234 0.0282429 0.0703629 0.122148 0.150438 0.140062 0.116346 0.104019 0.0942588 0.0727617 0.0457116 0.0248087 0.0123523 0.00559579 0.00222944 0.000772435 0.000231527 5.87842e-05
 3.62132e-11 1.70329e-09 5.54752e-08 1.25111e-06 1.95378e-05 0.000211274 0.00158203 0.00820361 0.0294671 0.0733949 0.12729 0.156201 0.14362 0.115654 0.0994526 0.0883119 0.0680634 0.0432231 0.0239593 0.0122513 0.00569093 0.00230718 0.00080115 0.000236018 5.80887e-05
 4.07383e-11 1.91613e-09 6.24072e-08 1.40744e-06 2.19792e-05 0.000237674 0.00177969 0.00922831 0.0331435 0.0825095 0.142808 0.173884 0.155528 0.116287 0.0896973 0.0738824 0.0547277 0.0334864 0.0177137 0.00869256 0.00396877 0.00161785 0.00057136 0.000171186 4.24918e-05
 3.50053e-11 1.64648e-09 5.36248e-08 1.20937e-06 1.88861e-05 0.000204228 0.00152927 0.00793019 0.0284872 0.0709768 0.123249 0.151963 0.142001 0.118925 0.10704 0.0963692 0.0723338 0.0426872 0.020901 0.00929927 0.00389727 0.00149369 0.000506853 0.000148978 3.69098e-05
 3.75123e-11 1.7644e-09 5.74653e-08 1.29599e-06 2.02387e-05 0.000218854 0.00163878 0.00849782 0.0305228 0.0760138 0.13176 0.161347 0.147263 0.116343 0.0974309 0.0849563 0.0646681 0.0403278 0.021616 0.0104781 0.00452183 0.0016724 0.000526627 0.000142758 3.31744e-05
 3.84031e-11 1.8063e-09 5.88298e-08 1.32676e-06 2.07193e-05 0.00022405 0.00167769 0.00869955 0.0312468 0.0778113 0.134837 0.164936 0.149957 0.117227 0.0965732 0.0829001 0.0619179 0.0374175 0.019241 0.00909207 0.00398416 0.00154747 0.00051331 0.00014235 3.24483e-05
 3.71969e-11 1.74956e-09 5.69822e-08 1.28509e-06 2.00686e-05 0.000217014 0.001625 0.00842645 0.0302672 0.0753855 0.130726 0.160341 0.147168 0.11791 0.100419 0.0878287 0.0657264 0.0393144 0.0197515 0.00901375 0.0038011 0.00142953 0.000466891 0.000130494 3.04915e-05
 3.97091e-11 1.86773e-09 6.08306e-08 1.37188e-06 2.1424e-05 0.00023167 0.00173474 0.00899529 0.0323077 0.0804405 0.139306 0.16999 0.153234 0.117065 0.0932807 0.0784 0.058166 0.0351018 0.017974 0.0083518 0.00353428 0.00130948 0.000415749 0.000112566 2.56667e-05
 3.42817e-11 1.61245e-09 5.25163e-08 1.18438e-06 1.84957e-05 0.000200006 0.00149766 0.00776634 0.0278993 0.069519 0.120766 0.149124 0.140061 0.118747 0.1085 0.0986266 0.0745393 0.0444198 0.0220635 0.00992764 0.00413511 0.00153466 0.000490843 0.000133011 3.00007e-05
 3.77494e-11 1.77555e-09 5.78285e-08 1.30418e-06 2.03666e-05 0.000220237 0.00164913 0.00855147 0.030715 0.0764877 0.132548 0.162158 0.147515 0.115555 0.0957304 0.083197 0.0638016 0.0405702 0.0224234 0.0112293 0.00497067 0.00186949 0.000592114 0.000158568 3.55631e-05
 3.6779e-11 1.72991e-09 5.63419e-08 1.27065e-06 1.98431e-05 0.000214575 0.00160674 0.0083318 0.0299276 0.0745425 0.129285 0.158669 0.14594 0.117564 0.100875 0.0887095 0.0667062 0.0402728 0.0206586 0.00979311 0.00435371 0.00173241 0.000590616 0.000167631 3.8727e-05
 3.50044e-11 1.64644e-09 5.36234e-08 1.20934e-06 1.88856e-05 0.000204222 0.00152922 0.00792993 0.0284857 0.0709673 0.123194 0.151711 0.141196 0.11716 0.104507 0.0942945 0.0721275 0.0444655 0.023388 0.0112117 0.00489238 0.00187525 0.000621615 0.000176924 4.225e-05
 3.70246e-11 1.74146e-09 5.67182e-08 1.27914e-06 1.99756e-05 0.000216008 0.00161747 0.00838738 0.0301266 0.0750317 0.130089 0.15945 0.146009 0.116331 0.0985358 0.0864726 0.0659055 0.0410965 0.0221276 0.0109221 0.00489346 0.00190932 0.000635531 0.000178962 4.20188e-05
 3.70007e-11 1.74033e-09 5.66816e-08 1.27831e-06 1.99627e-05 0.000215869 0.00161643 0.00838199 0.0301075 0.0749873 0.130033 0.159478 0.146338 0.117189 0.0998214 0.0875524 0.0660576 0.0402566 0.0209332 0.0100145 0.0044394 0.00175017 0.000595103 0.000171181 4.07422e-05
 3.54544e-11 1.6676e-09 5.43127e-08 1.22489e-06 1.91284e-05 0.000206847 0.00154888 0.00803184 0.0288514 0.071875 0.124746 0.153512 0.142518 0.117524 0.103966 0.0932009 0.0708123 0.0431701 0.0223394 0.0105522 0.0045778 0.00175739 0.00058405 0.000166247 3.97067e-05
 3.68013e-11 1.73096e-09 5.63761e-08 1.27142e-06 1.98551e-05 0.000214706 0.00160772 0.00833681 0.0299452 0.0745827 0.129329 0.158604 0.145506 0.116488 0.0992962 0.0874378 0.066647 0.0414529 0.0221932 0.0108567 0.00480835 0.00185235 0.000609636 0.000170458 3.99204e-05
 3.74818e-11 1.76296e-09 5.74186e-08 1.29493e-06 2.02223e-05 0.000218676 0.00163744 0.00849093 0.0304983 0.0759552 0.131675 0.16132 0.147483 0.116989 0.0984007 0.0857045 0.06461 0.0394942 0.0206506 0.00992867 0.00440511 0.00172931 0.000583126 0.000165964 3.9079e-05
 3.57685e-11 1.68238e-09 5.4794e-08 1.23574e-06 1.92979e-05 0.00020868 0.00156261 0.00810298 0.0291067 0.0725075 0.125821 0.154729 0.143309 0.11749 0.103173 0.0920953 0.0698536 0.0425474 0.0220071 0.0104044 0.00452721 0.00174565 0.000582286 0.000165837 3.94704e-05
 3.63086e-11 1.70778e-09 5.56213e-08 1.2544e-06 1.95893e-05 0.000211831 0.00158619 0.00822524 0.0295449 0.0735902 0.127639 0.156676 0.144202 0.116404 0.100336 0.0889895 0.0680946 0.042525 0.022892 0.0112605 0.00500729 0.00193481 0.000638821 0.000179291 4.2138e-05
 3.72766e-11 1.75331e-09 5.71042e-08 1.28785e-06 2.01116e-05 0.000217479 0.00162848 0.00844446 0.0303315 0.0755417 0.130969 0.160511 0.146919 0.116908 0.0987651 0.0862871 0.065189 0.039967 0.0209991 0.0101573 0.00453305 0.00178909 0.000606254 0.00017329 4.09558e-05
 3.32634e-11 1.56455e-09 5.09563e-08 1.14919e-06 1.79463e-05 0.000194065 0.00145317 0.00753569 0.0270714 0.0674619 0.117233 0.144955 0.136766 0.117247 0.108725 0.1002 0.0772287 0.0478053 0.0252998 0.012265 0.00544189 0.00212672 0.000716769 0.000205904 4.93525e-05
 3.8339e-11 1.80328e-09 5.87316e-08 1.32455e-06 2.06847e-05 0.000223676 0.00167488 0.00868498 0.0311939 0.0776744 0.134564 0.164434 0.148974 0.115427 0.0941289 0.0809613 0.0618256 0.0392764 0.0218075 0.0111042 0.0050856 0.00201492 0.00068057 0.000194774 4.64752e-05
 3.31563e-11 1.55951e-09 5.07923e-08 1.14549e-06 1.78886e-05 0.00019344 0.0014485 0.00751147 0.0269848 0.06725 0.116891 0.144657 0.136876 0.118089 0.110168 0.101479 0.0775079 0.0470242 0.0241861 0.0115024 0.00514542 0.00207491 0.00072526 0.000213931 5.19682e-05
 3.61293e-11 1.69935e-09 5.53467e-08 1.24821e-06 1.94926e-05 0.000210785 0.00157836 0.00818461 0.0293987 0.0732236 0.126986 0.155797 0.143151 0.115104 0.0988854 0.0880416 0.0684336 0.0441444 0.0248998 0.0127834 0.00582937 0.00228461 0.000767439 0.00022154 5.39907e-05
 3.50851e-11 1.65023e-09 5.3747e-08 1.21213e-06 1.89292e-05 0.000204693 0.00153275 0.00794819 0.028551 0.0711275 0.123455 0.151952 0.141165 0.116624 0.103494 0.0931949 0.07144 0.0444297 0.0239022 0.011973 0.00557416 0.00230071 0.000812503 0.000240099 5.82764e-05
#spawning biomass
 50770 23878.8 25350.9 27896.8 27494 34277.1 38445.1 36315.8 41320.2 40656.4 49003.6 51341.2 55359.7 60571.5 67504.9 59043.9 67387.1 64439 60327.5 60726.8 74403.3 81798 86803.2 92460.1 96171.2 85319 95276.3 119242 110457 196975 140436 88970.4 57814.7 41364.1 33313.3 29553.3 27849.2 27092.2 26760.4 26616.3 26554 26527.3 26515.8 26510.9 26508.8 26507.9 26507.6 26507.4 26507.3 26507.3 26507.3 26507.3 26507.3 26507.3 26507.3 26507.3 26507.3 26507.3 26507.3 26507.3 26507.3 26507.3 26507.3 26507.3 26507.3 26507.3 26507.3 26507.3 26507.3 26507.3 26507.3 26507.3 26507.3 26507.3 26507.3 26507.3 26507.3 26507.3 26507.3 26507.3 26507.3 26507.3 26507.3 26507.3 26507.3 26507.3 26507.3 26507.3 26507.3 26507.3 26507.3 26507.3 26507.3 26507.3 26507.3 26507.3 26507.3 26507.3 26507.3 26507.3 26507.3 26507.3 26507.3 26507.3 26507.3 26507.3 26507.3 26507.3 26507.3 26507.3 26507.3 26507.3 26507.3 26507.3 26507.3 26507.3 26507.3 26507.3 26507.3 26507.3 26507.3 26507.3 26507.3 26507.3 26507.3 26507.3 26507.3 26507.3 0 0 0 0 0 0 0 0 0 0 0 0 0 0 0 0 0 0 0 0 0 0 0 0 0
