SBPRF35
0.819782
Curr Bio
154002
B35
716136
F35
0.205311
FOFL
0.111038
OFL
36452.9
Bzero
234224
#pred survey bio
 8788.92 6600.95 7660.05 10411.5 15140.8 17598.8 17214.1 23249.9 35207.7 45760 57262.4 76789.1 103037 127096 113969 97681.6 97044.3 94233.8 93812.6 91373.6 91479.9 101536 110125 115426 120175 124000 122598 117041 159109 1.4313e+07 1.19913e+07 1.23728e+07 1.14594e+07 9.94429e+06 8.31387e+06 6.82981e+06 5.59523e+06 4.62307e+06 3.88417e+06 3.33543e+06 2.93394e+06 2.6427e+06 2.43171e+06 2.27726e+06 2.16431e+06 2.08386e+06 2.02598e+06 1.9839e+06 1.95299e+06 1.93003e+06 1.9128e+06 1.89973e+06 1.88972e+06 1.88198e+06 1.87596e+06 1.87123e+06 1.86749e+06 1.86452e+06 1.86215e+06 1.86025e+06 1.85872e+06 1.85749e+06 1.85649e+06 1.85568e+06 1.85502e+06 1.85449e+06 1.85405e+06 1.85369e+06 1.8534e+06 1.85317e+06 1.85297e+06 1.85282e+06 1.85269e+06 1.85258e+06 1.8525e+06 1.85243e+06 1.85237e+06 1.85232e+06 1.85228e+06 1.85225e+06 1.85222e+06 1.8522e+06 1.85219e+06 1.85217e+06 1.85216e+06 1.85215e+06 1.85214e+06 1.85214e+06 1.85213e+06 1.85213e+06 1.85212e+06 1.85212e+06 1.85212e+06 1.85212e+06 1.85211e+06 1.85211e+06 1.85211e+06 1.85211e+06 1.85211e+06 1.85211e+06 1.85211e+06 1.85211e+06 1.85211e+06 1.85211e+06 1.85211e+06 1.85211e+06 1.85211e+06 1.85211e+06 1.85211e+06 1.85211e+06 1.85211e+06 1.85211e+06 1.85211e+06 1.85211e+06 1.85211e+06 1.85211e+06 1.85211e+06 1.85211e+06 1.85211e+06 1.85211e+06 1.85211e+06 1.85211e+06 1.85211e+06 1.85211e+06 1.85211e+06 1.85211e+06 1.85211e+06 1.85211e+06 1.85211e+06 0 0 0 0 0 0 0 0 0 0 0 0 0 0 0 0 0 0 0 0 0 0 0 0 0
#obs survey bio
 8181.21 8910.12 7996.38 11855.1 18968.5 20855 14322.8 32715.8 49275.9 51622.7 50989.5 94698.3 114356 144861 99089.4 86049.2 88925.4 102091 72317.9 54500.4 114681 124642 87165.1 126290 155450 165903 141244 128017 142103
#pred catch bio
 6703.8 4925.33 5700.14 7376.99 11029.5 13701.8 13011.7 17305 27174.8 35808.5 44824.8 59794.4 80323.2 107704 96266.8 80460.2 82580.2 79908.5 81149.8 80050.3 77855.7 87475.5 97709.9 104335 108462 112033 112251 96896.9 7694.64 36452.9 95748 98077.2 89911.5 77000.6 63353.9 51102.7 41055.5 33273.4 27474.6 23270.7 20283.1 18190.8 16738.4 15731.5 15040.3 14579.5 14272.2 14067.4 13930.8 13839.7 13779 13738.5 13711.5 13693.5 13681.5 13673.4 13668.1 13664.6 13662.2 13660.6 13659.5 13658.8 13658.4 13658.1 13657.8 13657.7 13657.6 13657.6 13657.5 13657.5 13657.5 13657.5 13657.4 13657.4 13657.4 13657.4 13657.4 13657.4 13657.4 13657.4 13657.4 13657.4 13657.4 13657.4 13657.4 13657.4 13657.4 13657.4 13657.4 13657.4 13657.4 13657.4 13657.4 13657.4 13657.4 13657.4 13657.4 13657.4 13657.4 13657.4 13657.4 13657.4 13657.4 13657.4 13657.4 13657.4 13657.4 13657.4 13657.4 13657.4 13657.4 13657.4 13657.4 13657.4 13657.4 13657.4 13657.4 13657.4 13657.4 13657.4 13657.4 13657.4 13657.4 13657.4 13657.4 13657.4 13657.4 13657.4 13657.4 0 0 0 0 0 0 0 0 0 0 0 0 0 0 0 0 0 0 0 0 0 0 0 0 0
#obs catch bio
 5347.97 4878.09 5554.33 7205.99 10635.6 13340.4 12864.7 16675.8 25536.5 34548 44158.4 57802.7 76304.6 104961 95852.9 79996.2 81287.8 78080.2 79834.7 79437.2 74977.7 84787.6 95461.5 101494 105446 108562 110426 95405 7491.22
#pred cpue bio
 8065.04 5748.36 6513.81 8747.55 12873.7 15463.5 14822.3 19261.9 29454.1 38753.2 48153.8 63976 86608.2 108028 98685.5 83998.6 82531.6 79879 79514.1 76893.8 76454.9 84979.7 91875.1 95575.4 99152.8 102914 102033 96977.4 130488 1.33112e+07 1.19597e+07 1.23412e+07 1.14278e+07 9.91272e+06 8.2823e+06 6.79823e+06 5.56366e+06 4.59149e+06 3.85259e+06 3.30386e+06 2.90237e+06 2.61113e+06 2.40013e+06 2.24569e+06 2.13274e+06 2.05228e+06 1.9944e+06 1.95233e+06 1.92142e+06 1.89846e+06 1.88122e+06 1.86815e+06 1.85814e+06 1.85041e+06 1.84438e+06 1.83965e+06 1.83592e+06 1.83295e+06 1.83058e+06 1.82868e+06 1.82715e+06 1.82591e+06 1.82491e+06 1.8241e+06 1.82345e+06 1.82291e+06 1.82248e+06 1.82212e+06 1.82183e+06 1.82159e+06 1.8214e+06 1.82124e+06 1.82111e+06 1.82101e+06 1.82092e+06 1.82085e+06 1.82079e+06 1.82075e+06 1.82071e+06 1.82068e+06 1.82065e+06 1.82063e+06 1.82061e+06 1.8206e+06 1.82059e+06 1.82058e+06 1.82057e+06 1.82056e+06 1.82056e+06 1.82055e+06 1.82055e+06 1.82055e+06 1.82054e+06 1.82054e+06 1.82054e+06 1.82054e+06 1.82054e+06 1.82054e+06 1.82054e+06 1.82054e+06 1.82053e+06 1.82053e+06 1.82053e+06 1.82053e+06 1.82053e+06 1.82053e+06 1.82053e+06 1.82053e+06 1.82053e+06 1.82053e+06 1.82053e+06 1.82053e+06 1.82053e+06 1.82053e+06 1.82053e+06 1.82053e+06 1.82053e+06 1.82053e+06 1.82053e+06 1.82053e+06 1.82053e+06 1.82053e+06 1.82053e+06 1.82053e+06 1.82053e+06 1.82053e+06 1.82053e+06 1.82053e+06 1.82053e+06 0 0 0 0 0 0 0 0 0 0 0 0 0 0 0 0 0 0 0 0 0 0 0 0 0
#obs cpue bio
 7896.56 5735.91 9925.6 10727 19610.3 17636.2 21752 27325.4 66614.4 45131.8 65871.1 95721.2 194921 115093 109395 108719 120468 108186 127854 143519 125074 108832 160964 139370 118269 126215 111110 148562 169767
#pred surv len freq
 2.56479e-27 2.59274e-27 3.71071e-26 7.28817e-20 1.78661e-14 5.29404e-10 1.89623e-06 0.000820997 0.042968 0.271828 0.20816 0.0375883 0.13986 0.129288 0.0330925 0.0433806 0.0201498 0.0175927 0.0119073 0.00982881 0.00827511 0.00759612 0.00803356 0.00735678 0.00227123
 2.56762e-27 2.60003e-27 4.30053e-26 8.53221e-20 2.09157e-14 6.19769e-10 2.21991e-06 0.000961135 0.0503024 0.318227 0.243641 0.0408033 0.139403 0.128403 0.024925 0.0246716 0.00978065 0.00644579 0.0035549 0.00245886 0.00179501 0.00146298 0.00140639 0.00131085 0.000446115
 2.56866e-27 2.60279e-27 4.53257e-26 9.02167e-20 2.21155e-14 6.55323e-10 2.34726e-06 0.00101627 0.053188 0.336482 0.257586 0.0411766 0.132446 0.121905 0.022434 0.0205297 0.0070348 0.00308429 0.00131074 0.000676976 0.000384244 0.000260357 0.000217146 0.000195432 6.94764e-05
 2.56925e-27 2.60435e-27 4.66622e-26 9.3036e-20 2.28067e-14 6.75802e-10 2.42061e-06 0.00104803 0.0548502 0.346997 0.265615 0.0411313 0.126461 0.116331 0.0205443 0.017605 0.00587306 0.00230099 0.000761531 0.000259872 0.00010058 4.93853e-05 3.27125e-05 2.66443e-05 9.5137e-06
 2.56854e-27 2.6024e-27 4.49381e-26 8.93988e-20 2.1915e-14 6.49382e-10 2.32598e-06 0.00100706 0.0527058 0.333432 0.255265 0.041676 0.137877 0.126866 0.0224147 0.0192141 0.00628714 0.00226697 0.000709086 0.000200851 4.93628e-05 1.46875e-05 6.46968e-06 4.29299e-06 1.47875e-06
 2.56638e-27 2.59657e-27 3.98046e-26 7.85693e-20 1.92603e-14 5.70718e-10 2.04422e-06 0.000885067 0.0463212 0.293041 0.224444 0.0429779 0.169439 0.15604 0.0284761 0.0257047 0.00841927 0.00303233 0.000916134 0.000238365 4.97268e-05 9.16284e-06 2.0887e-06 9.12753e-07 2.84874e-07
 2.56783e-27 2.60058e-27 4.34172e-26 8.61908e-20 2.11286e-14 6.26079e-10 2.24251e-06 0.000970922 0.0508145 0.321467 0.246124 0.0413705 0.141976 0.130814 0.0261155 0.0266828 0.00888847 0.00341123 0.00103685 0.000266295 5.15262e-05 7.87856e-06 9.83216e-07 1.96617e-07 4.80481e-08
 2.57004e-27 2.6065e-27 4.85935e-26 9.71103e-20 2.38054e-14 7.05397e-10 2.52661e-06 0.00109393 0.0572522 0.362193 0.277206 0.0403742 0.112555 0.103534 0.0189142 0.0171232 0.00594679 0.00267719 0.000847161 0.000228959 4.41837e-05 6.32654e-06 6.09198e-07 5.13873e-08 6.84041e-09
 2.56943e-27 2.60477e-27 4.69878e-26 9.37227e-20 2.2975e-14 6.8079e-10 2.43848e-06 0.00105577 0.055255 0.349558 0.267576 0.0414572 0.127563 0.117256 0.0190546 0.0139655 0.0046304 0.00179187 0.000603158 0.000186411 3.81718e-05 5.55904e-06 4.96148e-07 2.68057e-08 1.36289e-09
 2.56873e-27 2.60288e-27 4.53184e-26 9.02011e-20 2.21117e-14 6.55209e-10 2.34685e-06 0.0010161 0.0531788 0.336424 0.257553 0.041888 0.137884 0.126808 0.0212558 0.0165679 0.00521233 0.00156332 0.00047641 0.000134317 3.09187e-05 4.9467e-06 4.53009e-07 2.16175e-08 5.52563e-10
 2.56915e-27 2.60406e-27 4.6385e-26 9.24511e-20 2.26633e-14 6.71553e-10 2.40539e-06 0.00104144 0.0545053 0.344816 0.263953 0.0413934 0.129623 0.119224 0.0206168 0.0170253 0.00543609 0.00174321 0.000485908 0.00010842 2.20104e-05 3.69332e-06 3.77873e-07 1.84387e-08 3.77742e-10
 2.56966e-27 2.60541e-27 4.75658e-26 9.49422e-20 2.32739e-14 6.89648e-10 2.4702e-06 0.0010695 0.055974 0.354107 0.271044 0.0411628 0.122886 0.112976 0.0189487 0.0147954 0.00478695 0.00164517 0.000473391 0.000108093 1.81314e-05 2.52834e-06 2.60564e-07 1.40485e-08 2.88657e-10
 2.56915e-27 2.60401e-27 4.63149e-26 9.2303e-20 2.2627e-14 6.70478e-10 2.40154e-06 0.00103977 0.054418 0.344263 0.263536 0.0416773 0.132076 0.121427 0.0198997 0.0148323 0.00472885 0.00152274 0.000446406 0.000108705 1.88666e-05 2.32828e-06 1.95062e-07 1.0369e-08 2.30472e-10
 2.56851e-27 2.60231e-27 4.48188e-26 8.91471e-20 2.18533e-14 6.47554e-10 2.31943e-06 0.00100422 0.0525575 0.332493 0.254553 0.0419891 0.14076 0.129474 0.0219305 0.0174375 0.00550829 0.00167902 0.000477169 0.000111103 2.01899e-05 2.6071e-06 1.98527e-07 8.71383e-09 1.88793e-10
 2.56732e-27 2.59905e-27 4.19099e-26 8.30104e-20 2.0349e-14 6.02977e-10 2.15976e-06 0.000935095 0.0489395 0.309605 0.237093 0.0430742 0.161285 0.148359 0.0242863 0.0180618 0.00578383 0.00189904 0.000534001 0.000117866 2.04382e-05 2.66787e-06 2.12076e-07 8.52202e-09 1.56488e-10
 2.56782e-27 2.60043e-27 4.31848e-26 8.57e-20 2.10083e-14 6.22514e-10 2.22974e-06 0.000965393 0.0505252 0.319636 0.244741 0.0422677 0.149775 0.13784 0.0242839 0.0207018 0.00654371 0.00199026 0.000569749 0.000132863 2.22687e-05 2.75384e-06 2.17608e-07 8.98122e-09 1.51528e-10
 2.56851e-27 2.60231e-27 4.4844e-26 8.92003e-20 2.18664e-14 6.4794e-10 2.32081e-06 0.00100482 0.0525888 0.332691 0.254702 0.0418031 0.139241 0.128104 0.0222734 0.0185785 0.00606941 0.00216563 0.00061382 0.000135575 2.36267e-05 2.92731e-06 2.19325e-07 8.93373e-09 1.52063e-10
 2.56866e-27 2.60269e-27 4.51338e-26 8.98114e-20 2.20162e-14 6.52379e-10 2.33671e-06 0.00101171 0.0529491 0.33497 0.256446 0.0420771 0.1401 0.128815 0.02093 0.0153278 0.00496599 0.00173035 0.000519351 0.000129581 2.18956e-05 2.71128e-06 2.0581e-07 8.03172e-09 1.34385e-10
 2.56866e-27 2.60268e-27 4.5123e-26 8.97886e-20 2.20106e-14 6.52213e-10 2.33612e-06 0.00101145 0.0529356 0.334885 0.256382 0.0420965 0.140293 0.128997 0.0210263 0.0154921 0.00486858 0.00145626 0.00042533 0.000106168 1.99089e-05 2.55645e-06 1.91607e-07 7.52627e-09 1.21915e-10
 2.56907e-27 2.60377e-27 4.60807e-26 9.18091e-20 2.25059e-14 6.6689e-10 2.38869e-06 0.00103421 0.0541268 0.342421 0.262132 0.0418796 0.134602 0.12373 0.0198125 0.0140489 0.004418 0.00132756 0.000367025 8.05196e-05 1.47749e-05 2.0299e-06 1.62366e-07 6.35884e-09 1.02862e-10
 2.56943e-27 2.60475e-27 4.69335e-26 9.36081e-20 2.29469e-14 6.79958e-10 2.43549e-06 0.00105448 0.0551875 0.349131 0.267254 0.0417483 0.130005 0.119461 0.0185675 0.0122806 0.00382643 0.00110102 0.000303359 6.56003e-05 1.08089e-05 1.38479e-06 1.16081e-07 4.85306e-09 7.91561e-11
 2.56936e-27 2.60454e-27 4.67549e-26 9.32312e-20 2.28545e-14 6.7722e-10 2.42569e-06 0.00105023 0.0549653 0.347725 0.266181 0.0417731 0.130947 0.120339 0.0188898 0.0127914 0.00393605 0.00104765 0.000281576 5.87441e-05 9.56072e-06 1.13294e-06 8.69652e-08 3.74398e-09 6.47073e-11
 2.56953e-27 2.60501e-27 4.71653e-26 9.40969e-20 2.30667e-14 6.83508e-10 2.44821e-06 0.00105998 0.0554756 0.350954 0.268645 0.0416671 0.128409 0.117993 0.018393 0.0122499 0.00378431 0.00103272 0.000271847 5.28628e-05 8.27632e-06 9.53431e-07 6.83992e-08 2.71028e-09 4.7588e-11
 2.56991e-27 2.60604e-27 4.80633e-26 9.59913e-20 2.35311e-14 6.97269e-10 2.4975e-06 0.00108132 0.0565925 0.35802 0.274037 0.0415119 0.12344 0.113381 0.0171035 0.0104682 0.00321833 0.000862602 0.000228272 4.49951e-05 6.70397e-06 7.2761e-07 5.01435e-08 1.85797e-09 3.03472e-11
 2.57008e-27 2.60648e-27 4.84386e-26 9.6783e-20 2.37252e-14 7.0302e-10 2.5181e-06 0.00109024 0.0570593 0.360973 0.276292 0.0415159 0.121886 0.111922 0.0163857 0.00919531 0.00278186 0.000680277 0.000176644 3.43661e-05 5.16898e-06 5.47116e-07 3.53045e-08 1.24268e-09 1.8979e-11
 2.56977e-27 2.60562e-27 4.76728e-26 9.51676e-20 2.33292e-14 6.91285e-10 2.47607e-06 0.00107204 0.0561069 0.354947 0.271696 0.0418016 0.12729 0.116897 0.0170592 0.00947649 0.00283031 0.000631199 0.000157241 2.82324e-05 4.1486e-06 4.38223e-07 2.77892e-08 9.19775e-10 1.3244e-11
 2.56962e-27 2.60524e-27 4.73395e-26 9.44644e-20 2.31568e-14 6.86178e-10 2.45777e-06 0.00106412 0.0556923 0.352325 0.269694 0.0418636 0.129167 0.118639 0.0175382 0.0101302 0.00302432 0.000666836 0.000161826 2.66165e-05 3.63732e-06 3.6344e-07 2.2783e-08 7.40094e-10 1.0076e-11
 2.56986e-27 2.60587e-27 4.79e-26 9.56468e-20 2.34467e-14 6.94766e-10 2.48854e-06 0.00107744 0.0563894 0.356735 0.273059 0.0416969 0.125535 0.115286 0.0169236 0.00957345 0.00287214 0.000659376 0.000160674 2.59845e-05 3.34189e-06 3.04755e-07 1.78108e-08 5.64962e-10 7.5253e-12
 2.57042e-27 2.60744e-27 4.93295e-26 9.86625e-20 2.41859e-14 7.16672e-10 2.567e-06 0.00111141 0.0581673 0.367982 0.281636 0.040927 0.11365 0.1044 0.0164704 0.0112802 0.00338847 0.000761522 0.000186819 3.12623e-05 4.00739e-06 3.4892e-07 1.8559e-08 5.44057e-10 7.00474e-12
#obs surv len freq
 1.63806e-41 2.27352e-33 3.8143e-26 7.73532e-20 1.89622e-14 5.61885e-10 2.01258e-06 0.000871378 0.0456045 0.288507 0.221043 0.0442817 0.164671 0.139963 0.0433383 0.0351882 0.0115622 0.00398311 0.000865567 0.000112273 6.32936e-06 1.12592e-07 4.70481e-10 3.71129e-13 4.78292e-17
 1.90361e-41 2.64208e-33 4.43264e-26 8.9893e-20 2.20362e-14 6.52973e-10 2.33885e-06 0.00101264 0.0529975 0.335277 0.256767 0.0440315 0.132239 0.106391 0.0338986 0.0259047 0.00822738 0.0026533 0.000532619 6.11095e-05 2.88012e-06 4.02392e-08 1.25943e-10 7.22731e-14 6.66618e-18
 1.92667e-41 2.6741e-33 4.48635e-26 9.09823e-20 2.23032e-14 6.60886e-10 2.36719e-06 0.00102491 0.0536397 0.339341 0.259953 0.0470756 0.14109 0.106179 0.0270716 0.0173357 0.00535074 0.00161035 0.000295157 2.95675e-05 1.1557e-06 1.26809e-08 2.98254e-11 1.24913e-14 8.26477e-19
 1.97211e-41 2.73716e-33 4.59216e-26 9.31281e-20 2.28293e-14 6.76473e-10 2.42302e-06 0.00104908 0.0549048 0.347344 0.266127 0.0486982 0.138223 0.0979324 0.0258272 0.0151868 0.00363728 0.000905113 0.000150197 1.29693e-05 4.15026e-07 3.5563e-09 6.29416e-12 1.93222e-15 9.21112e-20
 1.7661e-41 2.45123e-33 4.11245e-26 8.33997e-20 2.04445e-14 6.05807e-10 2.1699e-06 0.000939492 0.0491693 0.31106 0.238615 0.0549312 0.176001 0.117046 0.0307914 0.0167091 0.00384017 0.000788145 9.82306e-05 6.98926e-06 1.80758e-07 1.19822e-09 1.59023e-12 3.58344e-16 1.23566e-20
 1.4612e-41 2.02804e-33 3.40247e-26 6.90013e-20 1.69149e-14 5.01218e-10 1.79528e-06 0.000777295 0.0406805 0.25736 0.197881 0.0625053 0.220384 0.139606 0.0480493 0.0259955 0.00561067 0.00103856 0.000105427 5.41283e-06 1.05516e-07 5.32745e-10 5.26746e-13 8.68945e-17 2.16834e-21
 2.0887e-41 2.89897e-33 4.86363e-26 9.86334e-20 2.41788e-14 7.16462e-10 2.56625e-06 0.0011111 0.0581505 0.367878 0.281955 0.0503278 0.112581 0.0691849 0.0341899 0.0188543 0.00481537 0.000869681 7.62364e-05 3.00683e-06 4.08415e-08 1.46226e-10 1.05203e-13 1.26177e-17 2.27226e-22
 1.99044e-41 2.76259e-33 4.63482e-26 9.39933e-20 2.30413e-14 6.82757e-10 2.44553e-06 0.00105883 0.0554148 0.350573 0.269085 0.0601392 0.151278 0.0814178 0.0188915 0.00868239 0.00284194 0.000563603 4.97556e-05 1.62744e-06 1.61952e-08 3.95428e-11 1.94402e-14 1.63537e-18 2.09535e-23
 2.02421e-41 2.80947e-33 4.71347e-26 9.55882e-20 2.34323e-14 6.94343e-10 2.48702e-06 0.0010768 0.0563552 0.356522 0.273751 0.0616702 0.144204 0.0739151 0.0222752 0.00846706 0.00145736 0.000275298 2.68268e-05 8.33708e-07 6.69809e-09 1.17712e-11 3.93764e-15 2.22809e-19 1.94642e-24
 1.73132e-41 2.40296e-33 4.03147e-26 8.17574e-20 2.00419e-14 5.93877e-10 2.12717e-06 0.000920992 0.048201 0.30494 0.235005 0.0762429 0.199138 0.0951738 0.0281465 0.0101515 0.00184036 0.000220174 1.5855e-05 4.81363e-07 3.47501e-09 4.85592e-12 1.18059e-15 4.61654e-20 2.72812e-25
 2.01569e-41 2.79765e-33 4.69363e-26 9.51859e-20 2.33337e-14 6.9142e-10 2.47655e-06 0.00107226 0.056118 0.355024 0.272995 0.0667855 0.139919 0.0666278 0.0293498 0.0101675 0.00173659 0.000192803 9.78032e-06 2.03706e-07 1.24451e-09 1.47978e-12 2.8532e-16 8.3007e-21 3.49038e-26
 1.84553e-41 2.56147e-33 4.2974e-26 8.71503e-20 2.13639e-14 6.33051e-10 2.26748e-06 0.000981743 0.0513805 0.325058 0.250887 0.0817478 0.180663 0.0757976 0.023479 0.00808845 0.00172678 0.000179705 7.78008e-06 1.14625e-07 4.6657e-10 4.17337e-13 6.42524e-17 1.47168e-21 4.70411e-27
 1.92248e-41 2.66827e-33 4.47658e-26 9.07842e-20 2.22547e-14 6.59446e-10 2.36203e-06 0.00102268 0.0535229 0.338613 0.261391 0.0809659 0.160895 0.0673146 0.0271346 0.00771201 0.00127917 0.000141299 5.90904e-06 7.0332e-08 2.02407e-10 1.19773e-13 1.27452e-17 2.15175e-22 5.22533e-28
 1.62802e-41 2.25958e-33 3.79092e-26 7.68791e-20 1.8846e-14 5.58442e-10 2.00025e-06 0.000866038 0.045325 0.286761 0.223234 0.104172 0.216204 0.0831663 0.0300598 0.00860874 0.00146952 0.000126396 4.74083e-06 5.12553e-08 1.17441e-10 4.98823e-14 3.58225e-18 4.03773e-23 6.72665e-29
 1.48049e-41 2.05483e-33 3.4474e-26 6.99126e-20 1.71383e-14 5.07838e-10 1.81899e-06 0.000787561 0.0412178 0.260786 0.204321 0.113435 0.224661 0.0941248 0.04663 0.0120057 0.00187115 0.00015276 4.61569e-06 4.03367e-08 7.74676e-11 2.6104e-14 1.38475e-18 1.09447e-23 1.24006e-29
 1.71868e-41 2.38541e-33 4.00202e-26 8.11603e-20 1.98955e-14 5.89539e-10 2.11163e-06 0.000914265 0.047849 0.302738 0.236124 0.103017 0.176863 0.0763783 0.0415325 0.0123293 0.00209873 0.000149814 3.90295e-06 2.70124e-08 3.95965e-11 1.04087e-14 4.30085e-19 2.57073e-24 2.12645e-30
 1.67813e-41 2.32913e-33 3.9076e-26 7.92454e-20 1.94261e-14 5.7563e-10 2.06181e-06 0.000892694 0.0467201 0.29561 0.23215 0.118835 0.192492 0.0708139 0.0310464 0.00951389 0.0017872 0.00013335 3.01771e-06 1.68246e-08 1.89989e-11 3.71273e-15 1.13752e-19 5.09414e-25 3.16475e-31
 1.69678e-41 2.35501e-33 3.95102e-26 8.01259e-20 1.96419e-14 5.82026e-10 2.08472e-06 0.000902613 0.0472392 0.298907 0.235611 0.123796 0.184582 0.0698137 0.0304286 0.00737631 0.00124414 9.48432e-05 2.06192e-06 9.73325e-09 8.57173e-12 1.26254e-15 2.85093e-20 9.2813e-26 4.1819e-32
 1.65893e-41 2.30249e-33 3.8629e-26 7.83388e-20 1.92038e-14 5.69044e-10 2.03822e-06 0.000882481 0.0461856 0.292263 0.232169 0.135488 0.188157 0.0687277 0.0284828 0.00665629 0.000926807 5.87487e-05 1.16731e-06 4.90023e-09 3.56085e-12 4.06109e-16 6.85115e-21 1.63704e-26 5.35467e-33
 1.75542e-41 2.4364e-33 4.08757e-26 8.28951e-20 2.03208e-14 6.02141e-10 2.15677e-06 0.000933808 0.0488719 0.309272 0.245808 0.133531 0.167547 0.0625788 0.0252785 0.00546097 0.00068097 3.47758e-05 5.44127e-07 1.89484e-09 1.14671e-12 1.05483e-16 1.38117e-21 2.48241e-27 5.98153e-34
 1.7064e-41 2.36838e-33 3.97344e-26 8.05806e-20 1.97534e-14 5.85329e-10 2.09655e-06 0.000907735 0.0475074 0.300677 0.241637 0.148454 0.173435 0.0601218 0.022117 0.00460545 0.000513273 2.18318e-05 2.63312e-07 6.89944e-10 3.22041e-13 2.32668e-17 2.38721e-22 3.31454e-28 6.06066e-35
 1.72073e-41 2.38826e-33 4.0068e-26 8.12571e-20 1.99192e-14 5.90243e-10 2.11415e-06 0.000915356 0.0479063 0.303235 0.245265 0.153009 0.165016 0.0596323 0.0208137 0.00381463 0.000376753 1.35255e-05 1.28084e-07 2.50458e-10 8.53804e-14 4.53176e-18 3.46756e-23 3.62909e-29 5.01738e-36
 1.72358e-41 2.39222e-33 4.01345e-26 8.13919e-20 1.99523e-14 5.91222e-10 2.11766e-06 0.000916875 0.0479859 0.303788 0.248011 0.161133 0.160148 0.0561012 0.018435 0.00320072 0.000269201 7.93469e-06 5.95823e-08 8.82834e-11 2.20751e-14 8.44378e-19 4.63316e-24 3.49113e-30 3.50249e-37
 1.74875e-41 2.42715e-33 4.07205e-26 8.25805e-20 2.02436e-14 5.99855e-10 2.14859e-06 0.000930264 0.0486868 0.308279 0.253629 0.16565 0.151599 0.052569 0.0159371 0.0025263 0.000186679 4.47109e-06 2.60193e-08 2.92527e-11 5.43038e-15 1.51282e-19 5.96615e-25 3.2061e-31 2.28645e-38
 1.68626e-41 2.34042e-33 3.92654e-26 7.96295e-20 1.95202e-14 5.7842e-10 2.07181e-06 0.000897021 0.0469473 0.297374 0.249402 0.180971 0.154943 0.0525025 0.0147092 0.00211543 0.000134064 2.62979e-06 1.18715e-08 9.99315e-12 1.36883e-15 2.78948e-20 7.97859e-26 3.08487e-32 1.57273e-39
 1.5964e-41 2.2157e-33 3.71729e-26 7.53859e-20 1.848e-14 5.47595e-10 1.9614e-06 0.000849217 0.0444458 0.281681 0.242272 0.196687 0.160237 0.0568218 0.0149653 0.00193336 0.000104043 1.64679e-06 5.76945e-09 3.65382e-12 3.6813e-16 5.45093e-21 1.12666e-26 3.13827e-33 1.14941e-40
 1.58842e-41 2.20461e-33 3.6987e-26 7.50089e-20 1.83875e-14 5.44857e-10 1.95159e-06 0.00084497 0.044224 0.280404 0.244654 0.199956 0.154719 0.0583069 0.0150013 0.00180493 8.22531e-05 1.04044e-06 2.80342e-09 1.33254e-12 9.91077e-17 1.06972e-21 1.59701e-27 3.19457e-34 8.37611e-42
 1.63755e-41 2.27281e-33 3.81311e-26 7.73291e-20 1.89563e-14 5.6171e-10 2.01196e-06 0.000871108 0.0455925 0.289199 0.254318 0.199284 0.143152 0.0528113 0.0131915 0.00151776 6.03108e-05 6.13333e-07 1.26514e-09 4.48892e-13 2.45626e-17 1.93262e-22 2.08945e-28 3.01106e-35 5.66351e-43
 1.63765e-41 2.27295e-33 3.81334e-26 7.73337e-20 1.89575e-14 5.61744e-10 2.01208e-06 0.00087116 0.0455952 0.289217 0.254341 0.199668 0.144571 0.0521016 0.0122935 0.00129427 4.53288e-05 3.93597e-07 6.7749e-10 1.97597e-13 8.80371e-18 5.60587e-23 4.88515e-29 5.65851e-36 8.53752e-44
#pred catch len freq
 2.56451e-27 2.59199e-27 3.64625e-26 7.15218e-20 1.75327e-14 5.19525e-10 1.86085e-06 0.000805678 0.0421663 0.266756 0.204288 0.0376369 0.142951 0.132153 0.0338259 0.0443421 0.0205964 0.0179826 0.0121712 0.0100466 0.00845851 0.00776448 0.00821161 0.00751983 0.00232157
 2.56731e-27 2.59919e-27 4.2266e-26 8.37625e-20 2.05334e-14 6.0844e-10 2.17933e-06 0.000943567 0.0493829 0.31241 0.239202 0.0409759 0.143834 0.132497 0.0257196 0.0254582 0.0100925 0.00665129 0.00366824 0.00253725 0.00185223 0.00150962 0.00145123 0.00135264 0.000460338
 2.56837e-27 2.60199e-27 4.46232e-26 8.87347e-20 2.17522e-14 6.44558e-10 2.3087e-06 0.000999578 0.0523143 0.330955 0.253369 0.0413714 0.136891 0.126008 0.0231892 0.0212208 0.00727161 0.00318812 0.00135486 0.000699764 0.000397179 0.000269122 0.000224456 0.00020201 7.18152e-05
 2.56883e-27 2.60321e-27 4.56571e-26 9.09157e-20 2.22869e-14 6.604e-10 2.36544e-06 0.00102415 0.0536001 0.339089 0.259581 0.0414267 0.132948 0.122317 0.0216014 0.018511 0.00617527 0.00241939 0.000800718 0.000273244 0.000105755 5.19266e-05 3.43958e-05 2.80153e-05 1.00033e-05
 2.56818e-27 2.60142e-27 4.40711e-26 8.75699e-20 2.14667e-14 6.36097e-10 2.27839e-06 0.000986456 0.0516276 0.32661 0.25006 0.0419323 0.143485 0.13204 0.0233289 0.0199978 0.00654356 0.00235943 0.000738006 0.000209043 5.13761e-05 1.52865e-05 6.73355e-06 4.46808e-06 1.53907e-06
 2.56621e-27 2.59611e-27 3.94026e-26 7.77214e-20 1.90525e-14 5.64559e-10 2.02215e-06 0.000875516 0.0458213 0.289879 0.222031 0.0430934 0.172014 0.158417 0.0289099 0.0260962 0.0085475 0.00307852 0.000930087 0.000241996 5.04842e-05 9.3024e-06 2.12051e-06 9.26655e-07 2.89213e-07
 2.56757e-27 2.59988e-27 4.27992e-26 8.48869e-20 2.0809e-14 6.16608e-10 2.20859e-06 0.000956234 0.0500458 0.316604 0.242413 0.0415328 0.145817 0.134363 0.0268242 0.0274069 0.00912966 0.0035038 0.00106498 0.000273521 5.29244e-05 8.09235e-06 1.0099e-06 2.01952e-07 4.93519e-08
 2.56978e-27 2.6058e-27 4.79769e-26 9.58096e-20 2.34866e-14 6.95949e-10 2.49277e-06 0.00107928 0.0564854 0.357342 0.273505 0.0405487 0.116484 0.107161 0.0195768 0.017723 0.0061551 0.00277097 0.000876837 0.000236979 4.57314e-05 6.54815e-06 6.30538e-07 5.31874e-08 7.08003e-09
 2.56926e-27 2.60433e-27 4.65966e-26 9.28973e-20 2.27727e-14 6.74795e-10 2.417e-06 0.00104647 0.0547684 0.34648 0.265227 0.0415807 0.130153 0.119645 0.0194427 0.01425 0.00472472 0.00182837 0.000615444 0.000190208 3.89494e-05 5.67228e-06 5.06254e-07 2.73517e-08 1.39065e-09
 2.5686e-27 2.60253e-27 4.50138e-26 8.95585e-20 2.19542e-14 6.50541e-10 2.33013e-06 0.00100886 0.0528 0.334027 0.255725 0.0419828 0.13989 0.128658 0.021566 0.0168097 0.00528838 0.00158613 0.000483361 0.000136276 3.13699e-05 5.01887e-06 4.59619e-07 2.19329e-08 5.60626e-10
 2.56903e-27 2.60373e-27 4.60943e-26 9.18379e-20 2.2513e-14 6.67099e-10 2.38944e-06 0.00103453 0.0541438 0.342529 0.262208 0.0414815 0.131519 0.120973 0.0209193 0.0172751 0.00551585 0.00176878 0.000493037 0.00011001 2.23333e-05 3.74751e-06 3.83417e-07 1.87093e-08 3.83285e-10
 2.56953e-27 2.60505e-27 4.72491e-26 9.4274e-20 2.31101e-14 6.84794e-10 2.45282e-06 0.00106198 0.05558 0.351615 0.269143 0.0412609 0.124969 0.114897 0.0192709 0.0150469 0.00486834 0.00167314 0.000481439 0.00010993 1.84397e-05 2.57133e-06 2.64994e-07 1.42874e-08 2.93565e-10
 2.56902e-27 2.60365e-27 4.59911e-26 9.16199e-20 2.24595e-14 6.65516e-10 2.38377e-06 0.00103208 0.0540153 0.341716 0.261592 0.0417797 0.134221 0.123404 0.0202238 0.0150739 0.00480587 0.00154754 0.000453677 0.000110475 1.91739e-05 2.3662e-06 1.98239e-07 1.05379e-08 2.34226e-10
 2.56868e-27 2.60277e-27 4.52282e-26 9.00106e-20 2.2065e-14 6.53826e-10 2.3419e-06 0.00101395 0.0530665 0.335714 0.25701 0.0418628 0.138073 0.126995 0.0215105 0.0171036 0.00540281 0.00164687 0.000468031 0.000108976 1.98033e-05 2.55718e-06 1.94726e-07 8.54697e-09 1.85178e-10
 2.5675e-27 2.59951e-27 4.23233e-26 8.38825e-20 2.05628e-14 6.09312e-10 2.18245e-06 0.000944919 0.0494537 0.312858 0.239575 0.0429434 0.158546 0.145834 0.0238729 0.0177544 0.00568537 0.00186671 0.00052491 0.00011586 2.00903e-05 2.62245e-06 2.08466e-07 8.37694e-09 1.53824e-10
 2.56788e-27 2.6006e-27 4.33324e-26 8.60115e-20 2.10847e-14 6.24777e-10 2.23785e-06 0.000968902 0.0507088 0.320798 0.245627 0.0422236 0.148816 0.136956 0.0241281 0.020569 0.00650173 0.00197749 0.000566094 0.000132011 2.21258e-05 2.73617e-06 2.16212e-07 8.9236e-09 1.50555e-10
 2.56869e-27 2.60282e-27 4.52942e-26 9.015e-20 2.20992e-14 6.54838e-10 2.34552e-06 0.00101552 0.0531487 0.336233 0.257404 0.0416679 0.136313 0.125403 0.0218038 0.0181868 0.00594144 0.00211997 0.000600877 0.000132716 2.31285e-05 2.86559e-06 2.14701e-07 8.74536e-09 1.48857e-10
 2.56883e-27 2.60315e-27 4.55444e-26 9.06776e-20 2.22285e-14 6.58671e-10 2.35925e-06 0.00102146 0.0534598 0.338201 0.258911 0.0419467 0.137376 0.126304 0.020522 0.015029 0.00486917 0.00169661 0.000509225 0.000127055 2.14687e-05 2.65842e-06 2.01798e-07 7.87513e-09 1.31765e-10
 2.56891e-27 2.60336e-27 4.57294e-26 9.1068e-20 2.23242e-14 6.61507e-10 2.36941e-06 0.00102586 0.0536899 0.339657 0.260022 0.0419035 0.136266 0.125284 0.0204211 0.0150462 0.00472845 0.00141434 0.000413088 0.000103112 1.93358e-05 2.48287e-06 1.86092e-07 7.30965e-09 1.18406e-10
 2.56936e-27 2.60457e-27 4.67889e-26 9.33029e-20 2.28721e-14 6.77741e-10 2.42755e-06 0.00105104 0.0550076 0.347993 0.266383 0.0416512 0.129877 0.119374 0.019115 0.0135543 0.00426246 0.00128082 0.000354104 7.76848e-05 1.42547e-05 1.95843e-06 1.5665e-07 6.13497e-09 9.92409e-11
 2.5696e-27 2.60522e-27 4.7348e-26 9.44824e-20 2.31612e-14 6.86308e-10 2.45824e-06 0.00106432 0.0557029 0.352392 0.269742 0.0416115 0.127216 0.11689 0.018168 0.0120164 0.0037441 0.00107733 0.000296832 6.41887e-05 1.05763e-05 1.35499e-06 1.13583e-07 4.74863e-09 7.74529e-11
 2.56957e-27 2.60514e-27 4.72847e-26 9.43488e-20 2.31285e-14 6.85338e-10 2.45477e-06 0.00106282 0.0556242 0.351894 0.269361 0.0415992 0.127389 0.11706 0.018375 0.0124428 0.00382879 0.0010191 0.000273903 5.71433e-05 9.30018e-06 1.10207e-06 8.45953e-08 3.64195e-09 6.29439e-11
 2.56986e-27 2.60591e-27 4.79615e-26 9.57767e-20 2.34785e-14 6.9571e-10 2.49192e-06 0.0010789 0.056466 0.357219 0.273424 0.0414044 0.123053 0.113056 0.0176234 0.0117374 0.00362596 0.000989511 0.000260472 5.06508e-05 7.93e-06 9.13536e-07 6.55371e-08 2.59687e-09 4.55968e-11
 2.5703e-27 2.60709e-27 4.90003e-26 9.79681e-20 2.40157e-14 7.11628e-10 2.54893e-06 0.00110359 0.0577579 0.365392 0.279662 0.0411956 0.117081 0.107522 0.0162196 0.0099272 0.00305201 0.000818024 0.000216475 4.26698e-05 6.35751e-06 6.90008e-07 4.75521e-08 1.76195e-09 2.87789e-11
 2.57045e-27 2.6075e-27 4.93432e-26 9.86914e-20 2.4193e-14 7.16882e-10 2.56775e-06 0.00111174 0.0581844 0.36809 0.281722 0.0412039 0.115696 0.10622 0.0155509 0.00872685 0.00264013 0.00064562 0.000167644 3.26153e-05 4.90564e-06 5.19243e-07 3.35059e-08 1.17937e-09 1.80121e-11
 2.57016e-27 2.60669e-27 4.86217e-26 9.71694e-20 2.38199e-14 7.05826e-10 2.52815e-06 0.00109459 0.057287 0.362413 0.277392 0.0414732 0.120789 0.110908 0.0161852 0.00899099 0.00268531 0.000598862 0.000149185 2.6786e-05 3.93606e-06 4.15772e-07 2.63656e-08 8.72653e-10 1.25655e-11
 2.57008e-27 2.60647e-27 4.84365e-26 9.67787e-20 2.37241e-14 7.02988e-10 2.51799e-06 0.00109019 0.0570567 0.360956 0.276279 0.041487 0.121675 0.111736 0.0165178 0.00954078 0.00284837 0.000628039 0.000152411 2.50679e-05 3.42569e-06 3.42295e-07 2.14574e-08 6.97035e-10 9.48976e-12
 2.56993e-27 2.60606e-27 4.80647e-26 9.59942e-20 2.35318e-14 6.9729e-10 2.49758e-06 0.00108135 0.0565942 0.35803 0.274048 0.0416402 0.124409 0.114248 0.0167712 0.00948727 0.00284629 0.000653441 0.000159227 2.57506e-05 3.3118e-06 3.02012e-07 1.76505e-08 5.59877e-10 7.45756e-12
 2.56823e-27 2.60147e-27 4.4021e-26 8.74639e-20 2.14407e-14 6.35327e-10 2.27563e-06 0.000985262 0.0515651 0.326215 0.24977 0.0426694 0.149298 0.137261 0.0216545 0.0148307 0.00445501 0.00100122 0.000245621 4.11023e-05 5.26874e-06 4.58745e-07 2.44006e-08 7.15302e-10 9.20952e-12
#obs catch len freq
 1.63037e-41 2.26285e-33 3.7964e-26 7.69901e-20 1.88732e-14 5.59248e-10 2.00314e-06 0.000867289 0.0453904 0.287153 0.220008 0.0442554 0.165149 0.140411 0.0438443 0.0357879 0.0119179 0.00416456 0.00091986 0.000122036 7.13398e-06 1.32668e-07 5.796e-10 4.75874e-13 6.34504e-17
 1.64509e-41 2.28327e-33 3.83066e-26 7.76851e-20 1.90436e-14 5.64296e-10 2.02122e-06 0.000875118 0.0458002 0.289746 0.222052 0.0463711 0.168281 0.135482 0.0432254 0.0331185 0.0107139 0.00352177 0.000722222 8.46122e-05 4.09445e-06 5.92036e-08 1.92401e-10 1.1447e-13 1.09068e-17
 1.91643e-41 2.65987e-33 4.46249e-26 9.04983e-20 2.21846e-14 6.5737e-10 2.35459e-06 0.00101946 0.0533544 0.337535 0.25855 0.0457874 0.134028 0.101897 0.0335022 0.0240296 0.00751392 0.00230117 0.000433368 4.45168e-05 1.78174e-06 2.00536e-08 4.85311e-11 2.09354e-14 1.42505e-18
 1.94627e-41 2.70129e-33 4.53197e-26 9.19074e-20 2.253e-14 6.67606e-10 2.39126e-06 0.00103533 0.0541851 0.342791 0.262658 0.0489716 0.141619 0.100299 0.0261814 0.0158269 0.00480885 0.00136683 0.000233491 2.07588e-05 6.82204e-07 5.97946e-09 1.08132e-11 3.39334e-15 1.65401e-19
 1.9957e-41 2.7699e-33 4.64708e-26 9.42418e-20 2.31023e-14 6.84562e-10 2.45199e-06 0.00106163 0.0555614 0.351498 0.269376 0.0506166 0.137767 0.0916815 0.0247823 0.013597 0.00317816 0.000753299 0.000115715 8.78652e-06 2.34199e-07 1.59086e-09 2.15346e-12 4.93765e-16 1.73101e-20
 1.79815e-41 2.49571e-33 4.18707e-26 8.4913e-20 2.08154e-14 6.16799e-10 2.20927e-06 0.000956539 0.0500614 0.316705 0.24304 0.0574994 0.174673 0.108898 0.0293442 0.0148015 0.00330583 0.000634281 7.33727e-05 4.57408e-06 9.76539e-08 5.09599e-10 5.14809e-13 8.63828e-17 2.18658e-21
 1.50029e-41 2.08231e-33 3.49351e-26 7.08476e-20 1.73675e-14 5.1463e-10 1.84332e-06 0.000798094 0.0417691 0.264246 0.203311 0.066074 0.218887 0.13023 0.0461084 0.0228839 0.00478866 0.000822143 7.60401e-05 3.40757e-06 5.47465e-08 2.16399e-10 1.62171e-13 1.9865e-17 3.6323e-22
 2.1242e-41 2.94825e-33 4.9463e-26 1.0031e-19 2.45898e-14 7.2864e-10 2.60987e-06 0.00112998 0.0591389 0.374131 0.286824 0.0520199 0.10966 0.0636944 0.0323265 0.0163195 0.00403491 0.000664335 5.24395e-05 1.77696e-06 1.97974e-08 5.54606e-11 3.01687e-14 2.68036e-18 3.53102e-23
 2.03049e-41 2.81819e-33 4.7281e-26 9.5885e-20 2.35051e-14 6.96498e-10 2.49474e-06 0.00108014 0.0565301 0.357629 0.274616 0.0623482 0.146514 0.073505 0.0173697 0.00756058 0.00238269 0.00042795 3.33243e-05 9.21486e-07 7.43768e-09 1.41602e-11 5.26241e-15 3.27627e-19 3.06667e-24
 2.0664e-41 2.86803e-33 4.81171e-26 9.75806e-20 2.39207e-14 7.08815e-10 2.53886e-06 0.00109924 0.0575298 0.363954 0.279582 0.0637834 0.13871 0.06652 0.0203661 0.00704111 0.0011848 0.000208924 1.76654e-05 4.55491e-07 2.92444e-09 3.97888e-12 1.00412e-15 4.20496e-20 2.68287e-25
 1.78307e-41 2.47479e-33 4.15197e-26 8.42011e-20 2.06409e-14 6.11627e-10 2.19075e-06 0.000948519 0.0496417 0.314056 0.24223 0.0795231 0.191974 0.0858185 0.0256879 0.00848401 0.00146253 0.000159729 1.03275e-05 2.58049e-07 1.46612e-09 1.5701e-12 2.86687e-16 8.28862e-21 3.57901e-26
 2.06364e-41 2.8642e-33 4.80529e-26 9.74502e-20 2.38888e-14 7.07868e-10 2.53547e-06 0.00109777 0.0574529 0.363471 0.279649 0.0688898 0.133127 0.0600163 0.0264749 0.00832792 0.0013506 0.000134626 5.97539e-06 1.04178e-07 5.0076e-10 4.52202e-13 6.50627e-17 1.39551e-21 4.28601e-27
 1.90007e-41 2.63717e-33 4.42439e-26 8.97258e-20 2.19952e-14 6.51759e-10 2.33449e-06 0.00101076 0.0528989 0.334667 0.258541 0.0845911 0.171603 0.0675099 0.0209881 0.00672527 0.0013355 0.000123189 4.5887e-06 5.56349e-08 1.79065e-10 1.21875e-13 1.39435e-17 2.34509e-22 5.46375e-28
 1.97808e-41 2.74545e-33 4.60606e-26 9.34099e-20 2.28983e-14 6.78519e-10 2.43035e-06 0.00105226 0.0550709 0.348409 0.269192 0.0833488 0.151579 0.0601451 0.0239198 0.00620416 0.000976738 9.56873e-05 3.36619e-06 3.24829e-08 7.31821e-11 3.29433e-14 2.60758e-18 3.22601e-23 5.69292e-29
 1.69196e-41 2.34833e-33 3.9398e-26 7.98984e-20 1.95862e-14 5.80374e-10 2.07881e-06 0.000900051 0.0471051 0.298028 0.232383 0.107945 0.204479 0.074461 0.0264989 0.00700996 0.00110153 8.40688e-05 2.66468e-06 2.3009e-08 4.0795e-11 1.31064e-14 6.99314e-19 5.778e-24 6.98799e-30
 1.54911e-41 2.15007e-33 3.60718e-26 7.31529e-20 1.79326e-14 5.31375e-10 1.9033e-06 0.000824063 0.0431282 0.272879 0.214249 0.117832 0.212854 0.0861243 0.0409313 0.00967916 0.00139394 9.94193e-05 2.51103e-06 1.75413e-08 2.58876e-11 6.5512e-15 2.57308e-19 1.48983e-24 1.22642e-30
 1.786e-41 2.47884e-33 4.15878e-26 8.43391e-20 2.06747e-14 6.12631e-10 2.19434e-06 0.000950075 0.0497232 0.314602 0.245785 0.105912 0.16562 0.0697312 0.0360992 0.0099579 0.00152125 9.43541e-05 2.03401e-06 1.11444e-08 1.25242e-11 2.465e-15 7.51256e-20 3.28193e-25 1.97147e-31
 1.74677e-41 2.4244e-33 4.06743e-26 8.24866e-20 2.02206e-14 5.99174e-10 2.14614e-06 0.000929206 0.048631 0.30771 0.242163 0.121792 0.179233 0.0636494 0.0268102 0.00770218 0.00129387 8.2231e-05 1.51816e-06 6.65221e-09 5.72369e-12 8.34929e-16 1.88301e-20 6.14883e-26 2.76838e-32
 1.7666e-41 2.45192e-33 4.1136e-26 8.34231e-20 2.04502e-14 6.05976e-10 2.17051e-06 0.000939755 0.0491831 0.311218 0.245871 0.126326 0.171064 0.0628471 0.0257582 0.0058386 0.000892578 5.7596e-05 1.00553e-06 3.6844e-09 2.4577e-12 2.69245e-16 4.46515e-21 1.05844e-26 3.45135e-33
 1.73036e-41 2.40163e-33 4.02922e-26 8.17119e-20 2.00307e-14 5.93546e-10 2.12599e-06 0.000920479 0.0481743 0.304863 0.242825 0.137868 0.173821 0.0616988 0.0239587 0.00518698 0.000645916 3.4897e-05 5.54058e-07 1.78643e-09 9.7516e-13 8.23404e-17 1.01772e-21 1.76798e-27 4.18118e-34
 1.82523e-41 2.53329e-33 4.25013e-26 8.61917e-20 2.11289e-14 6.26087e-10 2.24254e-06 0.000970944 0.0508155 0.321589 0.256252 0.134992 0.153794 0.0559517 0.0209685 0.00418381 0.000461058 1.98376e-05 2.48116e-07 6.61622e-10 2.98985e-13 2.02582e-17 1.93708e-22 2.52683e-28 4.39813e-35
 1.77777e-41 2.46742e-33 4.13962e-26 8.39506e-20 2.05795e-14 6.09808e-10 2.18423e-06 0.000945698 0.0494943 0.313276 0.252531 0.149619 0.158665 0.0533971 0.0182337 0.00348493 0.000339633 1.20308e-05 1.15061e-07 2.30418e-10 8.01506e-14 4.25109e-18 3.17465e-23 3.19127e-29 4.20899e-36
 1.79267e-41 2.48811e-33 4.17431e-26 8.46543e-20 2.0752e-14 6.1492e-10 2.20254e-06 0.000953624 0.0499092 0.315943 0.256352 0.153516 0.150535 0.0527922 0.0169099 0.00283573 0.00024333 7.1928e-06 5.3552e-08 7.96309e-11 2.01871e-14 7.85356e-19 4.36458e-24 3.2991e-30 3.28267e-37
 1.79575e-41 2.49239e-33 4.18149e-26 8.47999e-20 2.07877e-14 6.15977e-10 2.20633e-06 0.000955265 0.0499952 0.316547 0.259298 0.16095 0.145543 0.0493399 0.0148622 0.00233469 0.000169017 4.0739e-06 2.38682e-08 2.67508e-11 4.95942e-15 1.38826e-19 5.52666e-25 3.00387e-31 2.16535e-38
 1.82027e-41 2.52642e-33 4.2386e-26 8.59579e-20 2.10716e-14 6.24389e-10 2.23646e-06 0.00096831 0.0506782 0.320935 0.264951 0.164672 0.137292 0.045884 0.0126917 0.00181018 0.000113907 2.20925e-06 9.9768e-09 8.44791e-12 1.1592e-15 2.35905e-20 6.7433e-26 2.61239e-32 1.33795e-39
 1.75936e-41 2.44188e-33 4.09675e-26 8.30813e-20 2.03664e-14 6.03494e-10 2.16162e-06 0.000935906 0.0489826 0.310328 0.261281 0.179464 0.14024 0.0455869 0.0116098 0.0014892 7.97096e-05 1.25485e-06 4.36642e-09 2.75793e-12 2.78551e-16 4.1392e-21 8.57099e-27 2.38744e-33 8.73829e-41
 1.67154e-41 2.31998e-33 3.89226e-26 7.89342e-20 1.93498e-14 5.73369e-10 2.05372e-06 0.000889188 0.0465381 0.295024 0.254862 0.194862 0.145505 0.0492105 0.0117087 0.00133755 6.02405e-05 7.593e-07 2.03864e-09 9.64897e-13 7.15102e-17 7.70925e-22 1.15224e-27 2.31014e-34 6.07042e-42
 1.66412e-41 2.3097e-33 3.87499e-26 7.85841e-20 1.9264e-14 5.70826e-10 2.04461e-06 0.000885245 0.0463323 0.293871 0.257516 0.197524 0.140693 0.0502708 0.0116368 0.00122298 4.61817e-05 4.61665e-07 9.48376e-10 3.35743e-13 1.83256e-17 1.43797e-22 1.55089e-28 2.23147e-35 4.19534e-43
 1.69997e-41 2.35945e-33 3.95846e-26 8.02767e-20 1.96789e-14 5.83122e-10 2.08865e-06 0.000904313 0.0473302 0.300158 0.261221 0.192313 0.137133 0.0484191 0.0112964 0.00118099 4.11994e-05 3.56916e-07 6.13504e-10 1.7878e-13 7.96076e-18 5.0671e-23 4.41437e-29 5.11208e-36 7.71175e-44
#spawning biomass
 8659.17 6448.39 7455.14 10114.2 14735.3 17215.5 16786.1 22538.3 34179.8 44507 55634.8 74501 100101 123685 111230 95231.6 94448.6 91666.3 91255.2 88785.2 88795.3 98577.2 106865 111881 116422 120233 118924 113458 154002 403747 568190 582099 533724 457237 376391 303812 244290 198187 163834 138929 121230 108835 100230 94265.3 90170.9 87440.9 85620.5 84406.8 83597.5 83057.9 82698.2 82458.3 82298.3 82191.6 82120.5 82073.1 82041.5 82020.4 82006.4 81997 81990.7 81986.6 81983.8 81981.9 81980.7 81979.9 81979.3 81979 81978.7 81978.6 81978.5 81978.4 81978.3 81978.3 81978.3 81978.3 81978.3 81978.3 81978.3 81978.2 81978.2 81978.2 81978.2 81978.2 81978.2 81978.2 81978.2 81978.2 81978.2 81978.2 81978.2 81978.2 81978.2 81978.2 81978.2 81978.2 81978.2 81978.2 81978.2 81978.2 81978.2 81978.2 81978.2 81978.2 81978.2 81978.2 81978.2 81978.2 81978.2 81978.2 81978.2 81978.2 81978.2 81978.2 81978.2 81978.2 81978.2 81978.2 81978.2 81978.2 81978.2 81978.2 81978.2 81978.2 81978.2 81978.2 81978.2 81978.2 81978.2 0 0 0 0 0 0 0 0 0 0 0 0 0 0 0 0 0 0 0 0 0 0 0 0 0
