SBPRF35
0.243369
Curr Bio
117676
B35
181825
F35
0.500271
FOFL
0.391797
OFL
47514.2
Bzero
69534
#pred survey bio
 47077.6 40045.8 45032.6 49084.4 51165.7 58963.6 59194.2 61635.3 61007.3 72329.1 74834 83855.9 92887.8 95907.6 106747 113970 118614 129226 138762 147658 139593 137456 149675 159288 176623 173279 181846 203993 8.09042e+06 4.80339e+06 3.34335e+06 2.17738e+06 1.48329e+06 1.11219e+06 922364 825977 776150 749491 734605 725929 720676 717397 715303 713943 713056 712473 712088 711832 711662 711549 711474 711424 711390 711368 711353 711343 711336 711332 711329 711327 711325 711325 711324 711324 711323 711323 711323 711323 711323 711323 711323 711323 711323 711323 711323 711323 711323 711323 711323 711323 711323 711323 711323 711323 711323 711323 711323 711323 711323 711323 711323 711323 711323 711323 711323 711323 711323 711323 711323 711323 711323 711323 711323 711323 711323 711323 711323 711323 711323 711323 711323 711323 711323 711323 711323 711323 711323 711323 711323 711323 711323 711323 711323 711323 711323 711323 711323 711323 0 0 0 0 0 0 0 0 0 0 0 0 0 0 0 0 0 0 0 0 0 0 0 0 0
#obs survey bio
 42101.9 39542.8 51825.1 43033.2 54767.4 62262.8 70261.3 79664.9 66030.6 93884.8 82081 85440.1 83098.4 121301 132740 105136 99154.5 131797 139516 169509 83289.5 103917 143302 128300 197538 164908 177826 297481
#pred catch bio
 28499.7 22614.9 25581.8 28888.7 28146.1 35241.5 34145.7 37299.8 33498.6 42646.7 43201 49288.8 55395 54161.1 63147.1 66400.8 66882.4 73707.9 79802.6 91938.4 85356.1 79095.7 82937.5 85188.9 105344 98303.7 96655.4 97548.5 47514.2 69755.5 47308 28763.5 18288.4 13084 10676.2 9610.36 9151.91 8958.43 8877.81 8844.52 8830.85 8825.26 8822.98 8822.05 8821.68 8821.53 8821.46 8821.44 8821.43 8821.43 8821.42 8821.42 8821.42 8821.42 8821.42 8821.42 8821.42 8821.42 8821.42 8821.42 8821.42 8821.42 8821.42 8821.42 8821.42 8821.42 8821.42 8821.42 8821.42 8821.42 8821.42 8821.42 8821.42 8821.42 8821.42 8821.42 8821.42 8821.42 8821.42 8821.42 8821.42 8821.42 8821.42 8821.42 8821.42 8821.42 8821.42 8821.42 8821.42 8821.42 8821.42 8821.42 8821.42 8821.42 8821.42 8821.42 8821.42 8821.42 8821.42 8821.42 8821.42 8821.42 8821.42 8821.42 8821.42 8821.42 8821.42 8821.42 8821.42 8821.42 8821.42 8821.42 8821.42 8821.42 8821.42 8821.42 8821.42 8821.42 8821.42 8821.42 8821.42 8821.42 8821.42 8821.42 8821.42 8821.42 8821.42 8821.42 0 0 0 0 0 0 0 0 0 0 0 0 0 0 0 0 0 0 0 0 0 0 0 0 0
#obs catch bio
 24744 23248.8 25309.3 29337.6 27411.7 35187.8 32640.4 35039.1 32885.9 40907.1 42713.6 47706.9 57676.3 52067 61309.4 65973.6 65572.5 74150.7 79692.6 92474.2 93853.3 85803.1 86852 82649.7 106893 97997.9 96396.8 96937
#pred cpue bio
 37141.7 27806 30827.2 34009.9 35214.7 40683.6 40949.3 42942.8 41990.2 49458.8 51747.9 56929.5 62950.1 66060 73559.8 77667.6 82483.3 89591.2 96172.8 102210 96007.7 94460.7 102952 112689 124436 120373 127374 143887 5.94476e+06 4.51966e+06 3.23357e+06 2.07438e+06 1.38049e+06 1.00939e+06 819574 723187 673360 646700 631815 623139 617885 614607 612513 611152 610266 609683 609297 609042 608872 608759 608684 608633 608600 608578 608563 608553 608546 608542 608539 608537 608535 608534 608534 608533 608533 608533 608533 608533 608533 608533 608533 608533 608533 608533 608533 608533 608533 608533 608533 608533 608533 608533 608533 608533 608533 608533 608533 608533 608533 608533 608533 608533 608533 608533 608533 608533 608533 608533 608533 608533 608533 608533 608533 608533 608533 608533 608533 608533 608533 608533 608533 608533 608533 608533 608533 608533 608533 608533 608533 608533 608533 608533 608533 608533 608533 608533 608533 608533 0 0 0 0 0 0 0 0 0 0 0 0 0 0 0 0 0 0 0 0 0 0 0 0 0
#obs cpue bio
 26091.5 25823.8 31470.2 33596.3 40077.3 37146.9 45924.9 43278.6 36981.2 48763.6 45592.3 66520.4 52197.2 70651.6 67845.5 79195.1 107611 83892.2 94601.6 93700.4 86333.6 93234.2 96250.7 180234 104008 126638 128901 103207
#pred surv len freq
 3.74567e-11 1.76178e-09 5.73802e-08 1.29406e-06 2.02087e-05 0.000218528 0.00163633 0.00848481 0.0304715 0.0758431 0.131168 0.159234 0.140919 0.102367 0.0760362 0.0630866 0.051371 0.0390751 0.0295189 0.023065 0.0188165 0.01615 0.014019 0.0111561 0.00734221
 4.24749e-11 1.99781e-09 6.50675e-08 1.46743e-06 2.29161e-05 0.000247805 0.00185555 0.00962151 0.0345535 0.0860002 0.148714 0.180435 0.159329 0.11478 0.0831924 0.0653247 0.0473775 0.0288644 0.01576 0.00881598 0.00545375 0.00374149 0.00274099 0.00195594 0.00121129
 4.23213e-11 1.99059e-09 6.48323e-08 1.46213e-06 2.28333e-05 0.00024691 0.00184884 0.0095868 0.0344295 0.0856984 0.148239 0.180077 0.159717 0.116559 0.0863522 0.0688685 0.0499938 0.0298748 0.0152314 0.00718037 0.00326259 0.00148053 0.000726583 0.000393122 0.000209032
 4.14348e-11 1.9489e-09 6.34743e-08 1.4315e-06 2.2355e-05 0.000241738 0.00181012 0.00938606 0.0337094 0.0839139 0.145207 0.176651 0.157508 0.116714 0.0886955 0.0721452 0.0528997 0.0318537 0.0163515 0.00765899 0.00330043 0.00127464 0.000447905 0.000153448 5.44187e-05
 4.19043e-11 1.97098e-09 6.41935e-08 1.44772e-06 2.26083e-05 0.000244477 0.00183063 0.00949237 0.0340907 0.0848585 0.146809 0.17845 0.158629 0.116527 0.0873188 0.0703468 0.0514824 0.0311039 0.016085 0.00760155 0.00329043 0.00125441 0.000413057 0.000118085 2.98857e-05
 4.18172e-11 1.96688e-09 6.406e-08 1.44471e-06 2.25613e-05 0.000243968 0.00182682 0.00947262 0.0340198 0.0846819 0.146504 0.178077 0.158295 0.116285 0.0871717 0.0703376 0.0516806 0.0314892 0.0165178 0.00793972 0.00348897 0.00134549 0.000444862 0.000124896 2.94076e-05
 4.14971e-11 1.95183e-09 6.35697e-08 1.43366e-06 2.23886e-05 0.000242101 0.00181284 0.00940017 0.0337601 0.08404 0.145424 0.176912 0.15773 0.11685 0.0887402 0.0720822 0.0527062 0.0315734 0.0161017 0.00752269 0.00325654 0.00125566 0.000418524 0.00011853 2.79382e-05
 4.11195e-11 1.93407e-09 6.29913e-08 1.42061e-06 2.21849e-05 0.000239898 0.00179635 0.00931466 0.0334532 0.0832782 0.144121 0.175398 0.156612 0.116526 0.0891697 0.0729889 0.053831 0.0327071 0.0170226 0.00808726 0.00350656 0.00133496 0.00043731 0.000122337 2.8724e-05
 4.18821e-11 1.96994e-09 6.41595e-08 1.44696e-06 2.25963e-05 0.000244347 0.00182966 0.00948735 0.0340727 0.0848141 0.146736 0.178375 0.158608 0.116607 0.0874829 0.070505 0.0515383 0.0310481 0.0159935 0.00754403 0.00327562 0.00125693 0.000414675 0.000116015 2.70409e-05
 4.24031e-11 1.99444e-09 6.49576e-08 1.46496e-06 2.28774e-05 0.000247387 0.00185242 0.0096053 0.0344958 0.0858614 0.148508 0.180342 0.159755 0.116187 0.0856505 0.0682574 0.0499317 0.0304077 0.0159603 0.00767247 0.00336772 0.00129676 0.000428538 0.000120311 2.81748e-05
 4.1484e-11 1.95121e-09 6.35495e-08 1.4332e-06 2.23815e-05 0.000242024 0.00181227 0.00939719 0.0337494 0.084014 0.145383 0.176881 0.15776 0.116989 0.0889715 0.0722925 0.0527666 0.0314657 0.0159242 0.00737838 0.00317718 0.00122259 0.000407254 0.000115278 2.71455e-05
 4.28046e-11 2.01332e-09 6.55726e-08 1.47883e-06 2.3094e-05 0.000249729 0.00186995 0.00969622 0.034822 0.0866702 0.149886 0.181917 0.160831 0.116288 0.0848545 0.0670508 0.0487954 0.0295442 0.0153602 0.00728417 0.00314579 0.00119045 0.000387399 0.00010779 2.52236e-05
 4.2745e-11 2.01052e-09 6.54813e-08 1.47677e-06 2.30618e-05 0.000249381 0.00186735 0.00968274 0.0347738 0.0865528 0.1497 0.181771 0.160957 0.1169 0.0858714 0.0679604 0.0490239 0.0290275 0.0145648 0.00667585 0.00284187 0.00108007 0.000354604 9.87856e-05 2.2912e-05
 4.16663e-11 1.95979e-09 6.38289e-08 1.4395e-06 2.24799e-05 0.000243088 0.00182023 0.0094385 0.0338977 0.084382 0.146013 0.177615 0.15831 0.117172 0.0888168 0.071944 0.0523421 0.0310182 0.0154909 0.00701181 0.00292052 0.0010794 0.000345142 9.45233e-05 2.17826e-05
 4.18644e-11 1.9691e-09 6.41323e-08 1.44634e-06 2.25867e-05 0.000244244 0.00182888 0.00948332 0.0340582 0.0847772 0.146667 0.17827 0.158445 0.116352 0.0871675 0.0702991 0.0516296 0.0314171 0.0164059 0.00779594 0.00335295 0.0012523 0.000398051 0.000107218 2.41905e-05
 4.24868e-11 1.99837e-09 6.50858e-08 1.46785e-06 2.29225e-05 0.000247875 0.00185607 0.00962426 0.0345639 0.0860318 0.148808 0.18073 0.160175 0.116637 0.0861004 0.0685075 0.0497388 0.0297906 0.0152339 0.00713725 0.00308864 0.00118357 0.000388905 0.000107605 2.45842e-05
 4.111e-11 1.93362e-09 6.29766e-08 1.42028e-06 2.21797e-05 0.000239842 0.00179593 0.00931251 0.0334456 0.083261 0.144103 0.175429 0.156807 0.117009 0.0898889 0.0735989 0.0539341 0.0322593 0.0163615 0.0075614 0.00321971 0.00121629 0.00039708 0.000110546 2.57013e-05
 4.15428e-11 1.95397e-09 6.36397e-08 1.43523e-06 2.24132e-05 0.000242368 0.00181484 0.00941049 0.0337968 0.0841288 0.14556 0.176991 0.157527 0.116146 0.0876249 0.0711164 0.0525205 0.0322281 0.0170569 0.00824075 0.00360486 0.0013711 0.000445048 0.000122634 2.82797e-05
 4.15056e-11 1.95222e-09 6.35827e-08 1.43395e-06 2.23932e-05 0.000242151 0.00181321 0.00940208 0.0337667 0.0840551 0.14544 0.176883 0.157551 0.116407 0.0880761 0.0715052 0.052577 0.031948 0.0166984 0.00803047 0.00355848 0.00139211 0.000466748 0.000131823 3.07503e-05
 4.15726e-11 1.95538e-09 6.36853e-08 1.43626e-06 2.24293e-05 0.000242541 0.00181614 0.00941724 0.0338212 0.0841901 0.14567 0.177148 0.157738 0.11644 0.0879704 0.0713365 0.0524145 0.0318118 0.0165781 0.00792591 0.00348443 0.0013548 0.000454811 0.000130016 3.09585e-05
 4.18169e-11 1.96687e-09 6.40597e-08 1.4447e-06 2.25611e-05 0.000243967 0.00182681 0.0094726 0.0340199 0.0846846 0.146524 0.178178 0.158622 0.117006 0.0882142 0.071206 0.0518008 0.0307987 0.0155122 0.00713565 0.00304634 0.00116275 0.000385413 0.000109211 2.59153e-05
 4.18704e-11 1.96938e-09 6.41415e-08 1.44655e-06 2.259e-05 0.000244279 0.00182914 0.00948469 0.0340633 0.0847919 0.146706 0.178378 0.158736 0.116958 0.0880266 0.0710001 0.0516965 0.0308062 0.0155443 0.00712248 0.00299526 0.00111375 0.000357702 9.8453e-05 2.28611e-05
 4.19289e-11 1.97214e-09 6.42312e-08 1.44857e-06 2.26216e-05 0.00024462 0.0018317 0.00949794 0.0341107 0.0849081 0.146894 0.178548 0.1587 0.116547 0.0872949 0.0703066 0.0514486 0.0310759 0.0160478 0.00754973 0.00323677 0.00121379 0.000388921 0.000105663 2.40155e-05
 4.00864e-11 1.88547e-09 6.14087e-08 1.38492e-06 2.16275e-05 0.000233871 0.00175122 0.00908072 0.0326139 0.0811981 0.140584 0.171389 0.153983 0.116578 0.0916759 0.0765034 0.0568781 0.0347121 0.0181692 0.00870545 0.00381307 0.00146412 0.000480305 0.000132898 3.04699e-05
 4.07071e-11 1.91467e-09 6.23595e-08 1.40636e-06 2.19624e-05 0.000237492 0.00177833 0.00922123 0.0331176 0.0824427 0.142675 0.173636 0.155037 0.115386 0.0884864 0.0729634 0.0547881 0.0345423 0.0190629 0.00965849 0.00441 0.00174304 0.000586127 0.000166164 3.89883e-05
 4.138e-11 1.94632e-09 6.33903e-08 1.42961e-06 2.23254e-05 0.000241418 0.00180772 0.00937364 0.0336647 0.0838021 0.14501 0.176394 0.157223 0.116391 0.0883353 0.0718563 0.0528461 0.0321031 0.0168192 0.00817632 0.00370994 0.00150434 0.000526428 0.000155198 3.76177e-05
 4.08184e-11 1.9199e-09 6.253e-08 1.41021e-06 2.20224e-05 0.000238141 0.00178319 0.00924646 0.0332085 0.0826712 0.143086 0.174209 0.155779 0.116392 0.0896779 0.0738064 0.0546376 0.0333657 0.0175254 0.00844981 0.00374366 0.00147033 0.000502271 0.000147528 3.63672e-05
 4.05403e-11 1.90682e-09 6.2104e-08 1.4006e-06 2.18724e-05 0.000236519 0.00177104 0.00918347 0.0329822 0.0821083 0.142113 0.173033 0.154756 0.115711 0.0893479 0.0739093 0.0553272 0.0345553 0.0188002 0.00940328 0.00426832 0.00169021 0.000573802 0.000165776 4.01145e-05
#obs surv len freq
 4.10193e-11 1.92935e-09 6.28377e-08 1.41715e-06 2.21308e-05 0.000239314 0.00179197 0.00929195 0.0333718 0.0830752 0.14377 0.174971 0.156231 0.116243 0.0889619 0.0728476 0.0538072 0.0328707 0.0173971 0.008595 0.00398936 0.00166977 0.000611001 0.000191505 5.02948e-05
 4.10711e-11 1.93179e-09 6.2917e-08 1.41894e-06 2.21588e-05 0.000239616 0.00179423 0.00930367 0.0334138 0.0831792 0.143945 0.175165 0.156341 0.116198 0.0887994 0.0727127 0.0538286 0.0330091 0.0174762 0.00851159 0.00381234 0.00151778 0.000528787 0.000159785 4.09454e-05
 4.30537e-11 2.02504e-09 6.59542e-08 1.48743e-06 2.32284e-05 0.000251182 0.00188083 0.00975262 0.0350244 0.0871706 0.150731 0.182847 0.161348 0.116014 0.0838593 0.0658364 0.0479125 0.029195 0.0154005 0.00748142 0.00334013 0.00131745 0.000449085 0.000130991 3.21794e-05
 3.95551e-11 1.86048e-09 6.05947e-08 1.36656e-06 2.13409e-05 0.000230771 0.00172801 0.00896043 0.0321827 0.0801313 0.138785 0.16942 0.152933 0.117267 0.0939176 0.0790936 0.0585268 0.0350743 0.0178134 0.0082898 0.0035909 0.00139421 0.000470871 0.000135928 3.2842e-05
 4.39379e-11 2.06663e-09 6.73087e-08 1.51798e-06 2.37055e-05 0.000256341 0.00191946 0.00995283 0.0357424 0.0889487 0.153743 0.186205 0.163359 0.115445 0.080966 0.062231 0.0452829 0.0280544 0.0151833 0.00750661 0.00333347 0.00127974 0.000419893 0.000117729 2.78294e-05
 3.9706e-11 1.86758e-09 6.08259e-08 1.37178e-06 2.14223e-05 0.000231652 0.0017346 0.0089946 0.0323054 0.0804363 0.139309 0.170042 0.153433 0.117512 0.0939084 0.0788523 0.0580617 0.0344757 0.0172773 0.00796306 0.0034581 0.00135735 0.000461594 0.000132344 3.12876e-05
 4.38492e-11 2.06245e-09 6.71727e-08 1.51492e-06 2.36576e-05 0.000255823 0.00191558 0.00993273 0.0356704 0.0887707 0.153444 0.185887 0.16322 0.115641 0.0814628 0.0627801 0.0456083 0.0280762 0.0150243 0.00732487 0.0032087 0.00121756 0.000396482 0.000110946 2.62461e-05
 3.9599e-11 1.86254e-09 6.06619e-08 1.36808e-06 2.13645e-05 0.000231027 0.00172993 0.00897036 0.0322184 0.0802204 0.13894 0.169616 0.153128 0.117448 0.0940715 0.0791464 0.0583922 0.0347793 0.0175055 0.0080912 0.00350487 0.00136419 0.000458452 0.000129857 3.03957e-05
 4.45792e-11 2.09679e-09 6.8291e-08 1.54014e-06 2.40514e-05 0.000260082 0.00194747 0.010098 0.0362633 0.0902395 0.155936 0.188686 0.164967 0.11536 0.0793338 0.0599845 0.0433799 0.026858 0.014546 0.00718611 0.0031801 0.0012145 0.000396518 0.000110726 2.60251e-05
 4.02644e-11 1.89384e-09 6.16812e-08 1.39107e-06 2.17235e-05 0.000234909 0.00175899 0.00912105 0.0327591 0.0815614 0.141227 0.17224 0.154954 0.117706 0.0928721 0.0772142 0.0564432 0.0331735 0.0163516 0.0073932 0.0031667 0.00123441 0.00041813 0.000119418 2.81044e-05
 4.31208e-11 2.02819e-09 6.6057e-08 1.48975e-06 2.32646e-05 0.000251574 0.00188376 0.0097678 0.0350787 0.0873041 0.15095 0.183056 0.161352 0.115647 0.0831934 0.0652508 0.0478092 0.0295802 0.0158948 0.0077571 0.00338177 0.00126986 0.000408027 0.000112793 2.64524e-05
 4.32087e-11 2.03233e-09 6.61917e-08 1.49279e-06 2.33121e-05 0.000252087 0.00188761 0.00978775 0.0351507 0.0874865 0.151287 0.183568 0.162127 0.116851 0.0846996 0.0663142 0.0475779 0.0280739 0.0140613 0.00647546 0.00279872 0.00108731 0.000364055 0.000102405 2.37347e-05
 4.17488e-11 1.96366e-09 6.39552e-08 1.44235e-06 2.25244e-05 0.000243569 0.00182383 0.00945717 0.0339648 0.0845487 0.1463 0.177956 0.158587 0.117317 0.0888326 0.0718436 0.0521239 0.0307143 0.0151886 0.0067933 0.00280399 0.00103322 0.000331751 9.18295e-05 2.14493e-05
 4.0779e-11 1.91805e-09 6.24696e-08 1.40885e-06 2.20012e-05 0.000237912 0.00178147 0.00923754 0.0331766 0.0825914 0.142947 0.174038 0.15562 0.116267 0.089609 0.0738568 0.0548698 0.0337213 0.017823 0.00855772 0.00369301 0.00137411 0.000433489 0.000115951 2.60835e-05
 4.3831e-11 2.0616e-09 6.7145e-08 1.51429e-06 2.36478e-05 0.000255717 0.00191479 0.00992864 0.0356558 0.0887356 0.153392 0.185861 0.163316 0.115951 0.0819368 0.0631555 0.045603 0.0277024 0.0145835 0.00706952 0.00314316 0.00122558 0.000406666 0.000112869 2.57247e-05
 4.16078e-11 1.95703e-09 6.37392e-08 1.43748e-06 2.24483e-05 0.000242747 0.00181768 0.00942525 0.0338504 0.0842653 0.14582 0.177422 0.158273 0.117419 0.0893001 0.0723937 0.05247 0.0308041 0.0151775 0.00682067 0.00287731 0.00110016 0.000367601 0.0001047 2.4736e-05
 4.07428e-11 1.91634e-09 6.24141e-08 1.40759e-06 2.19816e-05 0.0002377 0.00177989 0.00922933 0.0331472 0.0825192 0.142828 0.173923 0.155612 0.116455 0.0899675 0.0742097 0.0550172 0.0336206 0.0176 0.00835864 0.00357804 0.00132872 0.00042244 0.00011525 2.66695e-05
 4.20387e-11 1.9773e-09 6.43993e-08 1.45237e-06 2.26808e-05 0.000245261 0.0018365 0.00952277 0.0341997 0.0851264 0.147252 0.178889 0.158704 0.115931 0.0861353 0.069155 0.0509376 0.0313547 0.0167435 0.00821569 0.00366949 0.00142723 0.000471053 0.00013029 2.97615e-05
 4.02979e-11 1.89542e-09 6.17326e-08 1.39223e-06 2.17416e-05 0.000235105 0.00176046 0.0091286 0.0327859 0.0816243 0.14131 0.172221 0.154556 0.116641 0.0912583 0.0758297 0.0561805 0.0341344 0.0177892 0.0085391 0.00379443 0.00149775 0.000509445 0.000146336 3.46527e-05
 4.32089e-11 2.03234e-09 6.61919e-08 1.49279e-06 2.33121e-05 0.000252087 0.00188761 0.00978775 0.0351503 0.0874819 0.151254 0.183413 0.161624 0.115746 0.0831113 0.0650116 0.0474431 0.0291769 0.0156036 0.00766095 0.00342212 0.0013383 0.000450233 0.000129193 3.09925e-05
 3.96644e-11 1.86562e-09 6.0762e-08 1.37034e-06 2.13998e-05 0.000231409 0.00173278 0.00898517 0.0322716 0.0803522 0.139165 0.169875 0.153311 0.117481 0.0939659 0.0789712 0.0582121 0.0346224 0.0173786 0.0080009 0.00345503 0.00134632 0.000456473 0.000131613 3.15486e-05
 4.16703e-11 1.95997e-09 6.38349e-08 1.43964e-06 2.2482e-05 0.000243111 0.0018204 0.00943933 0.0339002 0.0843823 0.145974 0.177385 0.157524 0.115421 0.0862823 0.0698336 0.0520526 0.0326939 0.0179178 0.00893933 0.00397741 0.00152138 0.000496754 0.000138925 3.28354e-05
 3.99697e-11 1.87998e-09 6.12299e-08 1.38089e-06 2.15646e-05 0.00023319 0.00174612 0.00905428 0.0325192 0.0809622 0.140178 0.170907 0.15359 0.116366 0.0916225 0.0765554 0.057023 0.0349689 0.0185334 0.00910921 0.00415159 0.00167472 0.000577246 0.000166355 3.93388e-05
 4.03055e-11 1.89578e-09 6.17442e-08 1.39249e-06 2.17457e-05 0.000235149 0.00176079 0.00913029 0.0327915 0.0816339 0.141298 0.172069 0.15399 0.115351 0.0893781 0.0742523 0.0559389 0.0353397 0.0195557 0.00995408 0.00458496 0.00184274 0.000637095 0.000187535 4.58926e-05
 4.16183e-11 1.95752e-09 6.37553e-08 1.43784e-06 2.2454e-05 0.000242808 0.00181813 0.00942756 0.033858 0.0842778 0.145798 0.177188 0.157408 0.115449 0.0864082 0.0698996 0.0519311 0.0324636 0.0178182 0.0090942 0.0042678 0.00176476 0.000626545 0.000187701 4.64693e-05
 4.13664e-11 1.94568e-09 6.33694e-08 1.42914e-06 2.23181e-05 0.000241339 0.00180713 0.00937055 0.0336537 0.0837741 0.144958 0.176319 0.157119 0.11624 0.0881502 0.0717229 0.0528639 0.0322715 0.0170318 0.00833613 0.00380051 0.00155266 0.000552867 0.000168057 4.24606e-05
 3.94171e-11 1.85399e-09 6.03832e-08 1.36179e-06 2.12664e-05 0.000229966 0.00172198 0.00892914 0.0320702 0.0798491 0.138283 0.16875 0.152144 0.116312 0.0928624 0.0784008 0.0587603 0.0362407 0.0192848 0.00943481 0.00423241 0.00167874 0.000578472 0.00017157 4.28892e-05
 3.97218e-11 1.86832e-09 6.085e-08 1.37232e-06 2.14308e-05 0.000231744 0.00173529 0.00899809 0.0323171 0.080457 0.139288 0.16975 0.152327 0.114989 0.0902274 0.0757616 0.0575851 0.0368374 0.0207481 0.0107479 0.00500772 0.00202021 0.000696107 0.000203616 4.97863e-05
#pred catch len freq
 3.15791e-11 1.48533e-09 4.83762e-08 1.091e-06 1.70376e-05 0.000184238 0.00137957 0.00715374 0.0256951 0.0639921 0.110929 0.135874 0.124164 0.0986145 0.084074 0.0767385 0.0648774 0.0501086 0.0381983 0.029998 0.0245234 0.021062 0.0182861 0.0145523 0.00957751
 3.73256e-11 1.75562e-09 5.71794e-08 1.28954e-06 2.0138e-05 0.000217764 0.00163062 0.00845551 0.0303704 0.0756318 0.131079 0.160423 0.146127 0.114807 0.0952791 0.0822877 0.0619303 0.0382564 0.0210872 0.0118938 0.00739348 0.00508124 0.0037242 0.00265781 0.00164599
 3.72467e-11 1.75191e-09 5.70585e-08 1.28681e-06 2.00954e-05 0.000217304 0.00162718 0.00843771 0.0303073 0.0754828 0.130876 0.160437 0.146977 0.117198 0.0992299 0.0866374 0.0650973 0.0393942 0.020253 0.00961909 0.0043932 0.00199875 0.000981921 0.000531452 0.000282609
 3.64137e-11 1.71273e-09 5.57824e-08 1.25803e-06 1.9646e-05 0.000212444 0.00159079 0.00824908 0.0296306 0.073806 0.128027 0.157218 0.144903 0.117353 0.101457 0.0897739 0.0679303 0.0413838 0.0214107 0.010098 0.00437164 0.00169226 0.000595265 0.000204026 7.237e-05
 3.65475e-11 1.71902e-09 5.59873e-08 1.26265e-06 1.97182e-05 0.000213225 0.00159663 0.00827936 0.0297392 0.0740746 0.12848 0.157711 0.14516 0.117162 0.100867 0.0890999 0.0675137 0.0413224 0.0215573 0.0102655 0.00446595 0.00170677 0.000562616 0.000160919 4.07358e-05
 3.69679e-11 1.73879e-09 5.66314e-08 1.27718e-06 1.9945e-05 0.000215677 0.00161499 0.00837455 0.0300806 0.0749195 0.129908 0.159293 0.14607 0.116787 0.0993298 0.0872226 0.0661741 0.040802 0.0215706 0.0104369 0.00460583 0.00177985 0.000588999 0.000165429 3.89585e-05
 3.63588e-11 1.71014e-09 5.56983e-08 1.25613e-06 1.96164e-05 0.000212124 0.00158839 0.00823665 0.0295861 0.0736963 0.127845 0.157032 0.144853 0.11755 0.101865 0.0901725 0.0680849 0.0412734 0.0212189 0.00998531 0.00434381 0.00167895 0.000560181 0.000158718 3.74181e-05
 3.62262e-11 1.70391e-09 5.54951e-08 1.25155e-06 1.95448e-05 0.00021135 0.0015826 0.0082066 0.0294781 0.0734272 0.127376 0.15645 0.144296 0.117076 0.101504 0.0900866 0.0684752 0.0420747 0.0220638 0.0105505 0.00459406 0.00175263 0.000574655 0.000160825 3.7768e-05
 3.65114e-11 1.71732e-09 5.59321e-08 1.26141e-06 1.96987e-05 0.000213014 0.00159506 0.00827121 0.02971 0.0740025 0.128359 0.157587 0.145117 0.11727 0.101104 0.0893345 0.0676071 0.0412585 0.0214399 0.0101912 0.00444771 0.00171097 0.000565075 0.000158167 3.68738e-05
 3.75818e-11 1.76767e-09 5.75718e-08 1.29839e-06 2.02762e-05 0.000219259 0.00164181 0.00851356 0.0305792 0.0761551 0.132008 0.161665 0.147598 0.116681 0.0977312 0.0850402 0.0643436 0.0396749 0.0209921 0.0101591 0.00447841 0.00172804 0.000571578 0.000160534 3.76016e-05
 3.63513e-11 1.70979e-09 5.56867e-08 1.25587e-06 1.96123e-05 0.00021208 0.00158806 0.00823495 0.02958 0.073682 0.127825 0.157029 0.144917 0.117734 0.102147 0.0904173 0.0681354 0.041111 0.0209724 0.00978828 0.00423597 0.00163405 0.000544884 0.000154304 3.63425e-05
 3.80526e-11 1.78981e-09 5.8293e-08 1.31465e-06 2.05302e-05 0.000222005 0.00166238 0.00862017 0.0309618 0.0771038 0.133625 0.163516 0.148872 0.116827 0.096839 0.0836623 0.0630225 0.0386429 0.0202523 0.00966873 0.0041939 0.0015905 0.000518073 0.000144211 3.37531e-05
 3.80901e-11 1.79157e-09 5.83504e-08 1.31595e-06 2.05504e-05 0.000222224 0.00166401 0.00862869 0.0309926 0.0771827 0.133777 0.163774 0.149332 0.117625 0.0978931 0.0844607 0.0629765 0.0377348 0.0190779 0.00880397 0.00376544 0.00143445 0.000471421 0.000131384 3.04786e-05
 3.64357e-11 1.71376e-09 5.5816e-08 1.25879e-06 1.96578e-05 0.000212572 0.00159175 0.00825407 0.0296487 0.073853 0.128121 0.157394 0.145254 0.118003 0.102352 0.090517 0.0680467 0.0408119 0.0205481 0.0093705 0.00392346 0.00145397 0.000465458 0.000127539 2.9398e-05
 3.69569e-11 1.73827e-09 5.66145e-08 1.2768e-06 1.9939e-05 0.000215613 0.00161451 0.00837206 0.0300716 0.0748977 0.129873 0.159263 0.146083 0.116882 0.0995081 0.0874275 0.0663268 0.0408487 0.0214999 0.0102847 0.00444246 0.00166275 0.000529012 0.000142555 3.21701e-05
 3.76156e-11 1.76926e-09 5.76235e-08 1.29955e-06 2.02944e-05 0.000219456 0.00164329 0.00852123 0.030607 0.0762259 0.132142 0.161882 0.147962 0.117289 0.098526 0.0856443 0.0643188 0.0390013 0.0201045 0.00948547 0.00412417 0.00158404 0.000521005 0.000144216 3.29551e-05
 3.57529e-11 1.68165e-09 5.47701e-08 1.2352e-06 1.92895e-05 0.000208589 0.00156192 0.00809946 0.029094 0.0724772 0.125776 0.154707 0.143394 0.117767 0.103615 0.092502 0.0699899 0.0423647 0.0216647 0.0100876 0.00431748 0.00163519 0.000534429 0.000148855 3.46158e-05
 3.63251e-11 1.70856e-09 5.56467e-08 1.25497e-06 1.95982e-05 0.000211927 0.00158692 0.00822899 0.0295583 0.0736244 0.127702 0.156771 0.144342 0.11662 0.100613 0.0892128 0.0681204 0.0423298 0.0225929 0.0109925 0.00483022 0.00184117 0.000598203 0.00016491 3.80367e-05
 3.63387e-11 1.7092e-09 5.56675e-08 1.25544e-06 1.96055e-05 0.000212007 0.00158751 0.00823209 0.0295695 0.0736533 0.127759 0.156872 0.144535 0.116963 0.101058 0.0895122 0.0680061 0.0418326 0.022047 0.0106787 0.00475397 0.00186396 0.00062554 0.000176743 4.12365e-05
 3.69705e-11 1.73892e-09 5.66354e-08 1.27727e-06 1.99464e-05 0.000215693 0.00161511 0.00837516 0.0300828 0.0749256 0.129923 0.159328 0.146154 0.116957 0.0995662 0.0874065 0.0661701 0.0406043 0.0213131 0.0102524 0.00452529 0.00176292 0.000592314 0.000169385 4.03397e-05
 3.71439e-11 1.74707e-09 5.6901e-08 1.28326e-06 2.004e-05 0.000216704 0.00162269 0.00841444 0.030224 0.075278 0.130539 0.160108 0.146943 0.117715 0.100255 0.0877473 0.0658048 0.0395583 0.0200685 0.00929185 0.00398474 0.00152435 0.000505756 0.00014337 3.40273e-05
 3.6796e-11 1.73071e-09 5.63681e-08 1.27124e-06 1.98523e-05 0.000214675 0.00160749 0.00833566 0.0299414 0.0745774 0.129347 0.158754 0.146045 0.117708 0.101076 0.0889494 0.0669213 0.0403601 0.0205284 0.00947401 0.00400392 0.00149254 0.000479882 0.000132145 3.06916e-05
 3.66219e-11 1.72252e-09 5.61014e-08 1.26523e-06 1.97583e-05 0.000213659 0.00159988 0.00829622 0.0297997 0.0742245 0.128735 0.158004 0.145362 0.117186 0.100732 0.0889031 0.0673452 0.0412051 0.0214632 0.0101734 0.00438331 0.00164778 0.000528546 0.000143666 3.26607e-05
 3.42043e-11 1.60881e-09 5.23978e-08 1.1817e-06 1.8454e-05 0.000199554 0.00149428 0.00774876 0.0278356 0.0693563 0.120454 0.148604 0.139153 0.117184 0.10642 0.0969822 0.0744597 0.0460134 0.024304 0.0117381 0.00516825 0.0019895 0.000653368 0.000180872 4.14785e-05
 3.56075e-11 1.67481e-09 5.45474e-08 1.23018e-06 1.9211e-05 0.000207741 0.00155557 0.00806646 0.0289749 0.0721749 0.125213 0.153835 0.142029 0.11558 0.100788 0.0903113 0.0699604 0.0446397 0.0248345 0.012663 0.00580391 0.0022981 0.000773378 0.000219328 5.14717e-05
 3.60991e-11 1.69793e-09 5.53005e-08 1.24716e-06 1.94763e-05 0.000210609 0.00157705 0.00817783 0.0293749 0.0731708 0.126938 0.155939 0.143914 0.116945 0.101579 0.0902262 0.0685783 0.0421797 0.0222875 0.0109152 0.00497649 0.00202249 0.000708403 0.000208927 5.06495e-05
 3.50342e-11 1.64784e-09 5.36692e-08 1.21037e-06 1.89017e-05 0.000204396 0.00153053 0.00793669 0.0285098 0.0710266 0.12329 0.1518 0.141183 0.11696 0.104135 0.0939052 0.0719092 0.0444884 0.0235839 0.0114622 0.00510472 0.00200994 0.000687344 0.000201983 4.98017e-05
 3.41289e-11 1.60526e-09 5.22822e-08 1.17909e-06 1.84133e-05 0.000199114 0.00149098 0.00773165 0.0277739 0.0691995 0.120162 0.148151 0.138442 0.116043 0.10494 0.0958234 0.0744125 0.0471604 0.0259305 0.0130834 0.00597077 0.00237038 0.000805595 0.00023286 5.63609e-05
#obs catch len freq
 3.62904e-11 1.70693e-09 5.55935e-08 1.25377e-06 1.95795e-05 0.000211725 0.0015854 0.00822108 0.0295295 0.0735471 0.127531 0.156394 0.143467 0.114878 0.0981344 0.0870584 0.0675754 0.043641 0.0248292 0.0130722 0.00626573 0.00265366 0.000983755 0.000315224 8.4782e-05
 3.58012e-11 1.68392e-09 5.4844e-08 1.23687e-06 1.93156e-05 0.000208871 0.00156403 0.00811036 0.0291329 0.0725701 0.125911 0.154753 0.143058 0.116742 0.101973 0.0909258 0.0693156 0.0428409 0.0228508 0.0113652 0.0052985 0.00222279 0.000814284 0.000255376 6.70934e-05
 3.59005e-11 1.68859e-09 5.49962e-08 1.2403e-06 1.93691e-05 0.00020945 0.00156837 0.00813285 0.0292135 0.0727698 0.126249 0.155129 0.143282 0.116681 0.101685 0.0906439 0.0692543 0.0429648 0.0229209 0.0112352 0.00505361 0.00201652 0.000703385 0.00021269 5.45245e-05
 3.81996e-11 1.79672e-09 5.85181e-08 1.31973e-06 2.06095e-05 0.000222863 0.0016688 0.00865345 0.0310811 0.0773983 0.134118 0.164042 0.149101 0.116494 0.0959948 0.0827024 0.0623989 0.0385183 0.0204799 0.0100136 0.00448968 0.00177484 0.000605709 0.000176796 4.34496e-05
 3.42399e-11 1.61048e-09 5.24522e-08 1.18293e-06 1.84732e-05 0.000199762 0.00149583 0.00775685 0.027865 0.0694317 0.120601 0.148861 0.139629 0.118029 0.107548 0.0978491 0.0744347 0.0450642 0.0230497 0.0107972 0.00469876 0.00182892 0.000618468 0.00017866 4.31843e-05
 3.91718e-11 1.84245e-09 6.00075e-08 1.35332e-06 2.1134e-05 0.000228535 0.00171126 0.00887357 0.0318706 0.0793528 0.137426 0.167717 0.15126 0.115756 0.0926536 0.0786144 0.0595127 0.0373983 0.0204085 0.0101541 0.00452712 0.00174166 0.000572122 0.000160526 3.79632e-05
 3.45481e-11 1.62498e-09 5.29244e-08 1.19358e-06 1.86395e-05 0.00020156 0.00150929 0.00782664 0.0281156 0.0700537 0.121666 0.150103 0.140561 0.118337 0.107255 0.0971453 0.0734954 0.0440711 0.0222364 0.0103149 0.00450032 0.00177083 0.000602935 0.000172978 4.09091e-05
 3.9025e-11 1.83555e-09 5.97826e-08 1.34825e-06 2.10549e-05 0.000227679 0.00170485 0.00884035 0.0317515 0.0790584 0.136932 0.167184 0.151004 0.116022 0.0933895 0.0794478 0.0600326 0.0374815 0.0202244 0.00992392 0.0043652 0.00166006 0.000541244 0.000151569 3.58731e-05
 3.42517e-11 1.61104e-09 5.24704e-08 1.18334e-06 1.84796e-05 0.000199831 0.00149635 0.00775954 0.0278748 0.0694566 0.120649 0.148942 0.139771 0.118273 0.107866 0.0980787 0.0743947 0.0447636 0.0226918 0.0105591 0.00459596 0.00179348 0.000603488 0.000171056 4.00552e-05
 3.99936e-11 1.88111e-09 6.12665e-08 1.38171e-06 2.15775e-05 0.00023333 0.00174716 0.00905968 0.0325383 0.0810073 0.140238 0.170898 0.153324 0.115653 0.0905714 0.0757439 0.0570763 0.0358601 0.019583 0.00973481 0.00432476 0.00165507 0.000540982 0.000151176 3.55483e-05
 3.49265e-11 1.64277e-09 5.3504e-08 1.20665e-06 1.88436e-05 0.000203768 0.00152582 0.00791234 0.0284231 0.0708169 0.122971 0.151618 0.141676 0.118651 0.106818 0.0962576 0.0724327 0.0430178 0.0213567 0.00972396 0.00418673 0.0016366 0.000555118 0.000158653 3.73531e-05
 3.84718e-11 1.80953e-09 5.89352e-08 1.32914e-06 2.07564e-05 0.000224451 0.00168069 0.00871508 0.0313021 0.0779444 0.135036 0.165029 0.14957 0.115994 0.0946603 0.0812952 0.0617172 0.0386743 0.0209379 0.0102777 0.00449722 0.00169205 0.000544292 0.000150568 3.53268e-05
 3.8763e-11 1.82323e-09 5.93813e-08 1.3392e-06 2.09135e-05 0.00022615 0.00169341 0.00878107 0.0315394 0.0785376 0.13608 0.166383 0.151036 0.117568 0.0962146 0.082093 0.0608879 0.0363448 0.0183296 0.00849244 0.00368629 0.00143541 0.000481147 0.000135423 3.13983e-05
 3.6434e-11 1.71368e-09 5.58135e-08 1.25874e-06 1.9657e-05 0.000212563 0.00159168 0.0082537 0.0296476 0.0738507 0.128122 0.157419 0.145352 0.118228 0.102682 0.0907957 0.0680922 0.0406012 0.0202328 0.00911418 0.00378168 0.00139756 0.000449421 0.000124509 2.90972e-05
 3.57027e-11 1.67928e-09 5.46931e-08 1.23347e-06 1.92624e-05 0.000208296 0.00155973 0.00808805 0.0290528 0.0723716 0.125573 0.154369 0.142804 0.116754 0.102285 0.0915026 0.0700685 0.043544 0.0231818 0.011198 0.00485154 0.00180901 0.000571342 0.000152933 3.44185e-05
 3.93506e-11 1.85087e-09 6.02814e-08 1.3595e-06 2.12305e-05 0.000229578 0.00171908 0.00891409 0.0320162 0.0797158 0.138059 0.168506 0.15202 0.116412 0.0931648 0.0787463 0.0589804 0.0362955 0.0192518 0.00938917 0.004191 0.00163753 0.000543935 0.000151059 3.44415e-05
 3.64825e-11 1.71596e-09 5.58878e-08 1.26041e-06 1.96831e-05 0.000212846 0.00159379 0.00826468 0.0296871 0.0739488 0.128292 0.157622 0.145523 0.118326 0.102692 0.0906878 0.0678431 0.0402788 0.019991 0.00904579 0.00383545 0.00147061 0.000492066 0.000140254 3.31498e-05
 3.54463e-11 1.66722e-09 5.43004e-08 1.22461e-06 1.91241e-05 0.000206801 0.00154853 0.00803001 0.0288447 0.0718566 0.124703 0.153409 0.142265 0.117018 0.103273 0.0926881 0.0708868 0.0438187 0.0231134 0.0110481 0.00474972 0.00176794 0.000562803 0.000153665 3.55765e-05
 3.6919e-11 1.73649e-09 5.65564e-08 1.27549e-06 1.99186e-05 0.000215392 0.00161286 0.00836346 0.0300408 0.0748192 0.129728 0.159044 0.145751 0.11636 0.0988244 0.0868551 0.0662125 0.0412732 0.0222166 0.0109726 0.00492154 0.00191844 0.000633911 0.000175455 4.00952e-05
 3.5042e-11 1.64821e-09 5.3681e-08 1.21064e-06 1.8906e-05 0.000204442 0.00153087 0.00793846 0.0285163 0.0710435 0.123325 0.15187 0.141331 0.117239 0.10451 0.0941823 0.0718732 0.044149 0.0231794 0.0111991 0.00499839 0.00197758 0.000673451 0.000193573 4.58566e-05
 3.85303e-11 1.81228e-09 5.90247e-08 1.33116e-06 2.07879e-05 0.000224792 0.00168324 0.00872832 0.0313497 0.0780627 0.13524 0.165276 0.149784 0.116129 0.0946954 0.0811789 0.0614047 0.0382517 0.020614 0.0101824 0.00456615 0.00178938 0.000602646 0.000173039 4.15273e-05
 3.41252e-11 1.60508e-09 5.22766e-08 1.17897e-06 1.84113e-05 0.000199093 0.00149082 0.00773089 0.027772 0.0692022 0.120218 0.14846 0.139479 0.118346 0.108271 0.0985973 0.0747934 0.0449567 0.0227348 0.0105414 0.00457547 0.00178785 0.00060701 0.000175146 4.20018e-05
 3.63404e-11 1.70928e-09 5.56701e-08 1.2555e-06 1.96065e-05 0.000212017 0.00158758 0.00823243 0.0295704 0.0736511 0.127726 0.156697 0.143951 0.115673 0.0992164 0.0880453 0.0679589 0.0432434 0.0238961 0.0119992 0.00536048 0.00205484 0.000671752 0.00018801 4.44586e-05
 3.42059e-11 1.60888e-09 5.24002e-08 1.18176e-06 1.84549e-05 0.000199564 0.00149435 0.00774912 0.027837 0.0693585 0.120451 0.148572 0.139031 0.116899 0.105974 0.0965186 0.0741812 0.0460361 0.0246047 0.0121824 0.00557918 0.00225624 0.000778671 0.000224561 5.31255e-05
 3.46186e-11 1.62829e-09 5.30325e-08 1.19602e-06 1.86775e-05 0.000201972 0.00151237 0.00784254 0.0281716 0.0701836 0.121825 0.149987 0.139475 0.115547 0.103066 0.0935677 0.072841 0.0466004 0.026007 0.0133281 0.00616514 0.00248337 0.000859626 0.000253224 6.19945e-05
 3.63418e-11 1.70934e-09 5.56722e-08 1.25555e-06 1.96072e-05 0.000212025 0.00158764 0.00823274 0.0295716 0.0736541 0.127732 0.15671 0.143976 0.115708 0.0992118 0.0878894 0.0675817 0.0427921 0.0236825 0.0121677 0.00573391 0.00237607 0.000844512 0.000253159 6.26987e-05
 3.60087e-11 1.69367e-09 5.51619e-08 1.24404e-06 1.94275e-05 0.000210081 0.00157309 0.00815734 0.0293014 0.0729879 0.126622 0.155562 0.143598 0.116762 0.101529 0.0903128 0.0688183 0.0425304 0.0226297 0.0111536 0.00510866 0.00209216 0.000745893 0.000226887 5.73466e-05
 3.34718e-11 1.57435e-09 5.12756e-08 1.15639e-06 1.80588e-05 0.000195281 0.00146228 0.00758287 0.0272405 0.0678797 0.117934 0.145705 0.137105 0.116814 0.107603 0.0989561 0.0764888 0.0477393 0.0256205 0.0126272 0.00569212 0.00226357 0.000781072 0.000231846 5.79845e-05
#spawning biomass
 32687.9 22263 24474.7 27372.3 28129 32564.2 32913.2 34747.4 33549.1 39198.4 41589.4 44779.5 49497.5 52899.9 58813.5 61398.7 66687.4 72053.1 77365.5 82122 76724.4 75417.4 82190.8 92630.6 101571 97055.3 103596 117676 144371 212754 141445 84899.1 53084.2 37280.6 29969 26732.5 25340.4 24752.9 24508.1 24407 24365.5 24348.6 24341.6 24338.8 24337.7 24337.2 24337 24337 24336.9 24336.9 24336.9 24336.9 24336.9 24336.9 24336.9 24336.9 24336.9 24336.9 24336.9 24336.9 24336.9 24336.9 24336.9 24336.9 24336.9 24336.9 24336.9 24336.9 24336.9 24336.9 24336.9 24336.9 24336.9 24336.9 24336.9 24336.9 24336.9 24336.9 24336.9 24336.9 24336.9 24336.9 24336.9 24336.9 24336.9 24336.9 24336.9 24336.9 24336.9 24336.9 24336.9 24336.9 24336.9 24336.9 24336.9 24336.9 24336.9 24336.9 24336.9 24336.9 24336.9 24336.9 24336.9 24336.9 24336.9 24336.9 24336.9 24336.9 24336.9 24336.9 24336.9 24336.9 24336.9 24336.9 24336.9 24336.9 24336.9 24336.9 24336.9 24336.9 24336.9 24336.9 24336.9 24336.9 24336.9 24336.9 24336.9 24336.9 0 0 0 0 0 0 0 0 0 0 0 0 0 0 0 0 0 0 0 0 0 0 0 0 0
