SBPRF35
0.0418777
Curr Bio
214624
B35
94173.7
F35
44.2723
FOFL
44.2723
OFL
279537
Bzero
10821.8
#pred survey bio
 9435.61 8877.49 10824.5 12441.3 19733.5 30303.3 30311 38443 54103.3 62697 79121.4 103593 124312 147633 144008 122321 118021 113877 108074 103326 113051 125987 133129 136528 141595 144348 141113 138609 3.31708e+06 677541 217558 111088 80328.5 71491.7 68996.8 68303.9 68114 68062.6 68048.7 68045 68044.1 68043.8 68043.7 68043.7 68043.7 68043.7 68043.7 68043.7 68043.7 68043.7 68043.7 68043.7 68043.7 68043.7 68043.7 68043.7 68043.7 68043.7 68043.7 68043.7 68043.7 68043.7 68043.7 68043.7 68043.7 68043.7 68043.7 68043.7 68043.7 68043.7 68043.7 68043.7 68043.7 68043.7 68043.7 68043.7 68043.7 68043.7 68043.7 68043.7 68043.7 68043.7 68043.7 68043.7 68043.7 68043.7 68043.7 68043.7 68043.7 68043.7 68043.7 68043.7 68043.7 68043.7 68043.7 68043.7 68043.7 68043.7 68043.7 68043.7 68043.7 68043.7 68043.7 68043.7 68043.7 68043.7 68043.7 68043.7 68043.7 68043.7 68043.7 68043.7 68043.7 68043.7 68043.7 68043.7 68043.7 68043.7 68043.7 68043.7 68043.7 68043.7 68043.7 68043.7 68043.7 68043.7 68043.7 68043.7 0 0 0 0 0 0 0 0 0 0 0 0 0 0 0 0 0 0 0 0 0 0 0 0 0
#obs survey bio
 7176.53 8533.53 7829.77 12388.6 19524.1 25740.8 29628.7 45394.2 75649.1 52353.9 85227.9 137274 105716 128464 136056 81257.3 162249 86178 75524 93060.6 123449 138486 167808 223256 181458 159450 161925 105380
#pred catch bio
 3056.3 4245.09 6127.13 7330.2 9602.24 19172 18102.3 19522.8 31253.1 36397.5 46693.4 64928.7 74092 97060.3 103554 85710.5 86268.1 85191.4 85946.2 77788 81716.8 91652.4 98260.9 103531 112448 115858 114773 106707 279537 5875.14 5872.23 5872.23 5872.23 5872.23 5872.23 5872.23 5872.23 5872.23 5872.23 5872.23 5872.23 5872.23 5872.23 5872.23 5872.23 5872.23 5872.23 5872.23 5872.23 5872.23 5872.23 5872.23 5872.23 5872.23 5872.23 5872.23 5872.23 5872.23 5872.23 5872.23 5872.23 5872.23 5872.23 5872.23 5872.23 5872.23 5872.23 5872.23 5872.23 5872.23 5872.23 5872.23 5872.23 5872.23 5872.23 5872.23 5872.23 5872.23 5872.23 5872.23 5872.23 5872.23 5872.23 5872.23 5872.23 5872.23 5872.23 5872.23 5872.23 5872.23 5872.23 5872.23 5872.23 5872.23 5872.23 5872.23 5872.23 5872.23 5872.23 5872.23 5872.23 5872.23 5872.23 5872.23 5872.23 5872.23 5872.23 5872.23 5872.23 5872.23 5872.23 5872.23 5872.23 5872.23 5872.23 5872.23 5872.23 5872.23 5872.23 5872.23 5872.23 5872.23 5872.23 5872.23 5872.23 5872.23 5872.23 5872.23 0 0 0 0 0 0 0 0 0 0 0 0 0 0 0 0 0 0 0 0 0 0 0 0 0
#obs catch bio
 4821.18 4305.36 6219.79 7522.4 9627.31 19633.1 18775.4 19417.9 30879.4 36252.2 46689.4 63852.5 73448.9 96992.8 104382 86714.7 85927.6 85976.6 86639.3 77957.5 80726.5 89607.1 95676.8 100218 110049 112909 112116 106436
#pred cpue bio
 9322.32 8436.2 10364.9 11898.6 17948.1 29115.3 29293.3 35773.6 51755 59928.2 74531.2 97943 118134 140871 139781 117910 112588 108931 103068 97581.9 106476 119336 126457 129682 133632 136260 133892 130492 3.14675e+06 743583 211239 103558 72774.3 63937 61442 60749.1 60559.3 60507.8 60494 60490.3 60489.3 60489.1 60489 60489 60489 60489 60489 60489 60489 60489 60489 60489 60489 60489 60489 60489 60489 60489 60489 60489 60489 60489 60489 60489 60489 60489 60489 60489 60489 60489 60489 60489 60489 60489 60489 60489 60489 60489 60489 60489 60489 60489 60489 60489 60489 60489 60489 60489 60489 60489 60489 60489 60489 60489 60489 60489 60489 60489 60489 60489 60489 60489 60489 60489 60489 60489 60489 60489 60489 60489 60489 60489 60489 60489 60489 60489 60489 60489 60489 60489 60489 60489 60489 60489 60489 60489 60489 60489 0 0 0 0 0 0 0 0 0 0 0 0 0 0 0 0 0 0 0 0 0 0 0 0 0
#obs cpue bio
 6754.07 8523.65 8715.7 8772.07 18895.3 15940.8 23024.1 40351.8 59698.4 57748 69545.4 127081 122352 157038 123347 145608 102601 102529 143611 105904 138398 176503 154474 140779 126527 192417 163327 149381
#pred surv len freq
 2.5655e-27 2.59471e-27 3.88036e-26 7.64602e-20 1.87433e-14 5.55398e-10 1.98934e-06 0.000861309 0.0450778 0.285175 0.218355 0.0378065 0.134359 0.124192 0.0319214 0.0419585 0.0191899 0.0163313 0.0106751 0.00848413 0.00682557 0.0059598 0.00596732 0.00525854 0.00159996
 2.56987e-27 2.60608e-27 4.82813e-26 9.64519e-20 2.3644e-14 7.00615e-10 2.50948e-06 0.00108651 0.056864 0.359737 0.275325 0.0399662 0.110772 0.101907 0.0188982 0.0175393 0.00673536 0.0041402 0.00221236 0.00147184 0.00102137 0.000785184 0.00070526 0.000623182 0.00020773
 2.56969e-27 2.60544e-27 4.75174e-26 9.48397e-20 2.32488e-14 6.88904e-10 2.46754e-06 0.00106835 0.0559136 0.353725 0.270762 0.0417836 0.127808 0.117371 0.0170535 0.00936036 0.0030451 0.00112972 0.000448828 0.000216587 0.00011678 7.41432e-05 5.69698e-05 4.77144e-05 1.64818e-05
 2.5698e-27 2.60571e-27 4.77404e-26 9.531e-20 2.33641e-14 6.9232e-10 2.47977e-06 0.00107365 0.0561908 0.355478 0.272102 0.0418555 0.127414 0.116994 0.0167706 0.00879145 0.0025871 0.000521421 0.000146082 4.24029e-05 1.49134e-05 6.7955e-06 4.09439e-06 3.03337e-06 1.04096e-06
 2.57253e-27 2.61316e-27 5.4368e-26 1.09292e-19 2.67915e-14 7.93881e-10 2.84355e-06 0.00123115 0.0644338 0.407626 0.311885 0.0395792 0.0821408 0.0752852 0.0106241 0.00527438 0.00154196 0.000294569 6.77638e-05 1.05764e-05 2.04834e-06 5.25042e-07 2.05822e-07 1.20855e-07 3.93824e-08
 2.56959e-27 2.6051e-27 4.71604e-26 9.40864e-20 2.30641e-14 6.83432e-10 2.44794e-06 0.00105986 0.0554694 0.350915 0.268626 0.042373 0.133795 0.122803 0.0163456 0.00635885 0.00183412 0.000331816 7.46286e-05 1.04993e-05 1.26185e-06 1.4562e-07 2.6471e-08 9.77394e-09 2.81473e-09
 2.56917e-27 2.60398e-27 4.61794e-26 9.20168e-20 2.25568e-14 6.68399e-10 2.39409e-06 0.00103655 0.0542493 0.343196 0.262735 0.0425516 0.139293 0.127907 0.0178085 0.00840599 0.00238854 0.000343409 7.203e-05 9.61515e-06 1.07981e-06 8.40761e-08 5.69229e-09 8.05398e-10 1.71853e-10
 2.57137e-27 2.61e-27 5.15597e-26 1.03367e-19 2.53392e-14 7.50847e-10 2.68941e-06 0.00116441 0.0609411 0.38553 0.295028 0.0405072 0.101046 0.0927127 0.0133797 0.00716927 0.00207766 0.000357233 7.5297e-05 8.15871e-06 8.3869e-07 6.03038e-08 2.73122e-09 1.07355e-10 9.83689e-12
 2.56982e-27 2.60575e-27 4.77618e-26 9.53551e-20 2.33751e-14 6.92647e-10 2.48095e-06 0.00107416 0.0562174 0.355647 0.272233 0.0419967 0.128396 0.117867 0.0163092 0.00751931 0.00219911 0.000429027 9.596e-05 1.20881e-05 1.1652e-06 7.00865e-08 2.84221e-09 6.52754e-11 1.35609e-12
 2.56985e-27 2.60583e-27 4.78395e-26 9.55192e-20 2.34154e-14 6.9384e-10 2.48522e-06 0.001076 0.0563142 0.356259 0.272698 0.041862 0.127045 0.116648 0.0166094 0.00850806 0.00245719 0.00041383 9.19876e-05 1.30608e-05 1.40131e-06 8.97011e-08 3.1165e-09 6.0115e-11 5.77815e-13
 2.57071e-27 2.60819e-27 4.99446e-26 9.99601e-20 2.4504e-14 7.26098e-10 2.60076e-06 0.00112603 0.0589323 0.372822 0.285334 0.0411319 0.112611 0.103351 0.0146478 0.0073843 0.0021543 0.000401673 8.86363e-05 1.11265e-05 1.23755e-06 8.99046e-08 3.41495e-09 5.99559e-11 4.55482e-13
 2.57053e-27 2.60768e-27 4.94779e-26 9.89755e-20 2.42626e-14 7.18946e-10 2.57514e-06 0.00111494 0.0583518 0.36915 0.282535 0.0414363 0.116894 0.107264 0.0146284 0.00635492 0.00184273 0.000338403 7.5974e-05 1.03568e-05 1.09659e-06 7.55327e-08 3.18118e-09 6.16791e-11 4.45481e-13
 2.57025e-27 2.60689e-27 4.8767e-26 9.74758e-20 2.3895e-14 7.08052e-10 2.53612e-06 0.00109804 0.0574677 0.363556 0.278269 0.0417377 0.122185 0.112126 0.015132 0.00627756 0.00179215 0.000285164 6.16934e-05 8.33822e-06 9.23211e-07 6.51337e-08 2.58751e-09 5.327e-11 4.24135e-13
 2.56998e-27 2.60617e-27 4.81344e-26 9.61412e-20 2.35679e-14 6.98358e-10 2.5014e-06 0.00108301 0.0566809 0.358579 0.27447 0.0418625 0.125804 0.115483 0.0160275 0.00747355 0.00213332 0.000324942 6.75932e-05 8.0287e-06 8.54672e-07 6.13695e-08 2.53048e-09 5.04835e-11 4.14156e-13
 2.56892e-27 2.60327e-27 4.55335e-26 9.06543e-20 2.22228e-14 6.58502e-10 2.35864e-06 0.0010212 0.0534461 0.338114 0.25886 0.0429088 0.144733 0.132886 0.0179496 0.00747711 0.00214852 0.0003652 7.75211e-05 8.79475e-06 8.6162e-07 5.5958e-08 2.29575e-09 4.72353e-11 3.83838e-13
 2.56938e-27 2.60451e-27 4.66402e-26 9.2989e-20 2.27951e-14 6.75461e-10 2.41939e-06 0.0010475 0.0548225 0.346822 0.265503 0.0425229 0.137129 0.125883 0.0169509 0.00696153 0.00197988 0.000302827 6.38507e-05 7.97311e-06 7.84873e-07 4.74079e-08 1.74828e-09 3.47303e-11 2.88102e-13
 2.57002e-27 2.60628e-27 4.82136e-26 9.63083e-20 2.36088e-14 6.99571e-10 2.50575e-06 0.00108489 0.0567794 0.359202 0.274947 0.0419555 0.126177 0.115798 0.0155683 0.00634774 0.00180286 0.000272005 5.60452e-05 6.39846e-06 6.45484e-07 4.14704e-08 1.45809e-09 2.61693e-11 2.05472e-13
 2.56989e-27 2.6059e-27 4.78616e-26 9.55655e-20 2.34267e-14 6.94176e-10 2.48642e-06 0.00107653 0.0563415 0.356431 0.272836 0.0422144 0.12963 0.118948 0.0154547 0.00529636 0.00149374 0.000223858 4.59339e-05 5.15454e-06 4.93624e-07 3.0348e-08 1.12457e-09 1.98722e-11 1.42599e-13
 2.57007e-27 2.6064e-27 4.83106e-26 9.65129e-20 2.3659e-14 7.01057e-10 2.51107e-06 0.0010872 0.0569 0.359965 0.275532 0.0420648 0.126598 0.116154 0.0150344 0.00504031 0.00140316 0.000180258 3.52379e-05 3.92444e-06 3.72068e-07 2.20307e-08 7.73521e-10 1.39503e-11 1.00329e-13
 2.57066e-27 2.608e-27 4.9725e-26 9.94966e-20 2.43904e-14 7.22731e-10 2.5887e-06 0.00112081 0.0586591 0.371093 0.284022 0.0416264 0.117296 0.107572 0.0135571 0.00383237 0.00105725 0.00013319 2.52438e-05 2.44343e-06 2.20159e-07 1.28862e-08 4.3934e-10 7.53803e-12 5.40558e-14
 2.57081e-27 2.6084e-27 5.00882e-26 1.00263e-19 2.45782e-14 7.28296e-10 2.60863e-06 0.00112944 0.0591108 0.373951 0.286201 0.041466 0.114544 0.105046 0.0133413 0.00397564 0.00108944 0.000119239 2.13519e-05 2.01638e-06 1.68736e-07 8.76737e-09 2.89633e-10 4.84142e-12 3.32261e-14
 2.57048e-27 2.60751e-27 4.92953e-26 9.85902e-20 2.41682e-14 7.16147e-10 2.56512e-06 0.0011106 0.0581247 0.367713 0.281442 0.041732 0.119912 0.109993 0.0141035 0.00446818 0.00123109 0.000140522 2.51253e-05 2.08525e-06 1.63612e-07 8.05076e-09 2.37503e-10 3.71184e-12 2.47514e-14
 2.57031e-27 2.60705e-27 4.88897e-26 9.77345e-20 2.39584e-14 7.09931e-10 2.54286e-06 0.00110096 0.0576202 0.364521 0.279008 0.0418633 0.122621 0.112491 0.0145064 0.00475804 0.00131727 0.000158161 2.89901e-05 2.49144e-06 1.88278e-07 8.20745e-09 2.26659e-10 3.20831e-12 1.96223e-14
 2.57032e-27 2.60706e-27 4.88953e-26 9.77463e-20 2.39613e-14 7.10017e-10 2.54316e-06 0.00110109 0.0576272 0.364565 0.279041 0.0418647 0.122609 0.112479 0.0144879 0.00471908 0.00130869 0.0001618 3.01771e-05 2.72015e-06 2.12688e-07 9.34852e-09 2.35189e-10 3.02279e-12 1.68668e-14
 2.57069e-27 2.60808e-27 4.98055e-26 9.96663e-20 2.4432e-14 7.23964e-10 2.59312e-06 0.00112272 0.0587592 0.371726 0.284504 0.0415561 0.116422 0.106777 0.0136221 0.0041804 0.0011558 0.000142076 2.6551e-05 2.46178e-06 1.98486e-07 9.16454e-09 2.35675e-10 2.86095e-12 1.43878e-14
 2.5707e-27 2.60809e-27 4.9801e-26 9.9657e-20 2.44297e-14 7.23896e-10 2.59287e-06 0.00112262 0.0587536 0.371692 0.284479 0.0416344 0.117035 0.107325 0.0133792 0.0034892 0.000953756 0.000111558 2.04494e-05 1.88711e-06 1.53691e-07 7.34099e-09 1.9739e-10 2.47767e-12 1.20755e-14
 2.57041e-27 2.6073e-27 4.90917e-26 9.81605e-20 2.40629e-14 7.13026e-10 2.55394e-06 0.00110576 0.0578714 0.36611 0.280222 0.0419153 0.122164 0.112042 0.0139297 0.00355655 0.000963363 9.89405e-05 1.70505e-05 1.50144e-06 1.19784e-07 5.72745e-09 1.58028e-10 2.07029e-12 1.0476e-14
 2.57085e-27 2.6085e-27 5.01667e-26 1.00428e-19 2.46188e-14 7.29499e-10 2.61294e-06 0.00113131 0.0592084 0.374569 0.286674 0.0415022 0.114487 0.104979 0.0130649 0.0033625 0.000910365 9.19454e-05 1.54689e-05 1.20665e-06 8.93104e-08 4.08666e-09 1.11704e-10 1.48953e-12 7.83361e-15
#obs surv len freq
 1.76784e-41 2.45364e-33 4.11649e-26 8.34816e-20 2.04645e-14 6.06402e-10 2.17203e-06 0.000940415 0.0492176 0.311365 0.238489 0.0440256 0.151798 0.128593 0.0362059 0.0277859 0.00838555 0.00262206 0.000508463 5.84521e-05 2.92854e-06 4.68573e-08 1.77891e-10 1.28674e-13 1.53606e-17
 2.1719e-41 3.01446e-33 5.05738e-26 1.02563e-19 2.5142e-14 7.45004e-10 2.66848e-06 0.00115536 0.060467 0.382531 0.292803 0.0420275 0.0975826 0.0781323 0.0225467 0.0163317 0.00475557 0.00139069 0.000247061 2.49366e-05 1.03433e-06 1.29217e-08 3.68221e-11 1.95007e-14 1.67617e-18
 1.72127e-41 2.38902e-33 4.00807e-26 8.12829e-20 1.99255e-14 5.9043e-10 2.11483e-06 0.000915646 0.0479213 0.303165 0.232422 0.0512316 0.181989 0.135946 0.0267768 0.0143215 0.00401846 0.00109668 0.000177542 1.5551e-05 5.31672e-07 5.18304e-09 1.10529e-11 4.27295e-15 2.6437e-19
 2.09065e-41 2.90169e-33 4.86819e-26 9.87258e-20 2.42015e-14 7.17134e-10 2.56866e-06 0.00111214 0.058205 0.368222 0.282 0.0458076 0.113312 0.0812813 0.0280532 0.0178339 0.00339398 0.000671045 9.74029e-05 7.34707e-06 2.0503e-07 1.5546e-09 2.48368e-12 7.01164e-16 3.12016e-20
 2.36798e-41 3.2866e-33 5.51395e-26 1.11822e-19 2.74118e-14 8.12262e-10 2.90939e-06 0.00125967 0.0659259 0.417066 0.31927 0.0443365 0.0795766 0.0524164 0.0117967 0.00618323 0.00177195 0.000358283 3.37259e-05 1.98611e-06 4.47116e-08 2.62028e-10 3.1311e-13 6.46687e-17 2.07447e-21
 1.3197e-41 1.83166e-33 3.07299e-26 6.23196e-20 1.52769e-14 4.52683e-10 1.62144e-06 0.000702026 0.0367412 0.232439 0.179078 0.0711904 0.272125 0.166348 0.0280466 0.0108118 0.00206545 0.000404721 4.38317e-05 1.82165e-06 2.86632e-08 1.26426e-10 1.12473e-13 1.69799e-17 3.93199e-22
 2.21211e-41 3.07027e-33 5.15101e-26 1.04461e-19 2.56075e-14 7.58797e-10 2.71789e-06 0.00117675 0.0615865 0.389615 0.298444 0.0467743 0.0891529 0.0566571 0.0355269 0.0182505 0.00248253 0.000303955 2.57555e-05 1.04673e-06 1.23401e-08 3.64652e-11 2.29485e-14 2.505e-18 4.1805e-23
 1.98496e-41 2.75499e-33 4.62207e-26 9.37346e-20 2.29779e-14 6.80878e-10 2.4388e-06 0.00105591 0.0552624 0.349608 0.268375 0.0610435 0.155403 0.082765 0.0159877 0.00738391 0.00270754 0.000385288 1.97574e-05 5.51902e-07 5.44834e-09 1.22322e-11 5.20401e-15 3.84444e-19 4.47947e-24
 2.02741e-41 2.81392e-33 4.72093e-26 9.57395e-20 2.34694e-14 6.95442e-10 2.49096e-06 0.0010785 0.0564444 0.357087 0.274174 0.061426 0.143093 0.0736063 0.0229644 0.00855243 0.00130338 0.00024901 1.94637e-05 3.89427e-07 2.42585e-09 4.03531e-12 1.29245e-15 6.71753e-20 5.28697e-25
 1.98033e-41 2.74857e-33 4.61129e-26 9.35161e-20 2.29244e-14 6.79291e-10 2.43311e-06 0.00105345 0.0551335 0.348795 0.268133 0.0670222 0.154366 0.0737983 0.0220138 0.0080284 0.0014773 0.000165464 1.09801e-05 2.77367e-07 1.45261e-09 1.54733e-12 3.3268e-16 1.24481e-20 7.07465e-26
 2.10082e-41 2.9158e-33 4.89185e-26 9.92058e-20 2.43191e-14 7.20621e-10 2.58115e-06 0.00111755 0.058488 0.370017 0.284386 0.0657898 0.132889 0.0600413 0.0195336 0.00648598 0.00111819 0.000125202 6.07933e-06 1.1482e-07 6.02699e-10 5.75368e-13 8.80008e-17 2.15016e-21 8.20288e-27
 2.04144e-41 2.83338e-33 4.75359e-26 9.64017e-20 2.36318e-14 7.00252e-10 2.50819e-06 0.00108596 0.0568348 0.359562 0.276844 0.073303 0.147248 0.0611593 0.0176183 0.00533752 0.000909835 9.13961e-05 3.96774e-06 5.65211e-08 2.1215e-10 1.69462e-13 2.26238e-17 4.39973e-22 1.19482e-27
 1.99339e-41 2.76669e-33 4.6417e-26 9.41327e-20 2.30755e-14 6.8377e-10 2.44915e-06 0.0010604 0.0554971 0.351102 0.270848 0.0796849 0.154593 0.0613845 0.0196946 0.00529046 0.000770209 6.95792e-05 2.6369e-06 3.09668e-08 8.71516e-11 4.89252e-14 4.82729e-18 7.44716e-23 1.63292e-28
 1.86829e-41 2.59306e-33 4.35039e-26 8.82252e-20 2.16274e-14 6.40858e-10 2.29545e-06 0.00099385 0.0520142 0.329074 0.254845 0.0913063 0.175365 0.0667161 0.0229106 0.00587221 0.000835246 6.26957e-05 1.9599e-06 1.88803e-08 4.17206e-11 1.74404e-14 1.21942e-18 1.31781e-23 2.08068e-29
 1.68016e-41 2.33195e-33 3.91233e-26 7.93412e-20 1.94496e-14 5.76326e-10 2.06431e-06 0.000893774 0.0467766 0.295949 0.230738 0.106735 0.202286 0.0770555 0.0308246 0.00759452 0.00106942 7.35198e-05 1.88717e-06 1.40932e-08 2.40792e-11 7.6536e-15 3.96424e-19 3.0876e-24 3.43509e-30
 1.92096e-41 2.66616e-33 4.47304e-26 9.07123e-20 2.22371e-14 6.58925e-10 2.36016e-06 0.00102187 0.0534805 0.33836 0.262771 0.0950194 0.1535 0.0602894 0.0275686 0.00691438 0.00100696 6.46002e-05 1.44399e-06 8.56614e-09 1.09685e-11 2.5822e-15 9.89265e-20 5.65862e-25 4.57211e-31
 1.85691e-41 2.57727e-33 4.32391e-26 8.76881e-20 2.14957e-14 6.36957e-10 2.28148e-06 0.0009878 0.0516976 0.327094 0.255535 0.109939 0.170053 0.0574483 0.0209485 0.00541071 0.000831092 5.2174e-05 1.04362e-06 5.12376e-09 5.08796e-12 8.86392e-16 2.46135e-20 1.01683e-25 5.93963e-32
 1.83851e-41 2.55173e-33 4.28105e-26 8.68189e-20 2.12826e-14 6.30643e-10 2.25886e-06 0.000978008 0.0511851 0.323865 0.254099 0.116833 0.168108 0.0580034 0.0218015 0.00448345 0.000602141 3.72217e-05 6.86313e-07 2.87182e-09 2.28182e-12 3.04142e-16 6.25172e-21 1.87011e-26 7.81965e-33
 1.86896e-41 2.59399e-33 4.35196e-26 8.82567e-20 2.16351e-14 6.41088e-10 2.29627e-06 0.000994207 0.0520329 0.329242 0.259157 0.12101 0.159455 0.0538551 0.0197983 0.0039762 0.000452955 2.26427e-05 3.68426e-07 1.33438e-09 8.69411e-13 9.09389e-17 1.42091e-21 3.15761e-27 9.64153e-34
 1.94728e-41 2.70269e-33 4.53433e-26 9.19552e-20 2.25417e-14 6.67953e-10 2.3925e-06 0.00103587 0.0542134 0.343051 0.270409 0.121123 0.143946 0.0467565 0.0160888 0.00304129 0.000318916 1.31808e-05 1.65999e-07 4.83632e-10 2.56585e-13 2.1376e-17 2.58911e-22 4.36194e-28 9.92663e-35
 1.94186e-41 2.69517e-33 4.52171e-26 9.16993e-20 2.2479e-14 6.66094e-10 2.38584e-06 0.00103299 0.0540626 0.342124 0.271351 0.129808 0.14258 0.0432001 0.0133322 0.00228563 0.000213334 7.57195e-06 7.54207e-08 1.64534e-10 6.58056e-14 4.21393e-18 3.93765e-23 5.07467e-29 8.7269e-36
 1.97552e-41 2.74189e-33 4.6001e-26 9.3289e-20 2.28687e-14 6.77642e-10 2.4272e-06 0.00105089 0.0549998 0.34808 0.277108 0.132004 0.132581 0.040431 0.0118275 0.00176969 0.000140495 4.16047e-06 3.33259e-08 5.56259e-11 1.63628e-14 7.6205e-19 5.22063e-24 4.98803e-30 6.39866e-37
 1.9175e-41 2.66137e-33 4.465e-26 9.05493e-20 2.21971e-14 6.57741e-10 2.35592e-06 0.00102003 0.0533847 0.337917 0.272203 0.146464 0.137566 0.0393863 0.0105025 0.00145464 9.74929e-05 2.30619e-06 1.44675e-08 1.85311e-11 4.08085e-15 1.38978e-19 6.85529e-25 4.69134e-31 4.32098e-38
 1.95755e-41 2.71695e-33 4.55825e-26 9.24403e-20 2.26607e-14 6.71477e-10 2.40512e-06 0.00104133 0.0544997 0.345011 0.278961 0.145949 0.12584 0.0378159 0.00963322 0.00117748 6.77357e-05 1.29059e-06 6.1681e-09 5.9138e-12 9.67362e-16 2.42547e-20 8.71767e-26 4.30369e-32 2.83678e-39
 1.94017e-41 2.69283e-33 4.51778e-26 9.16197e-20 2.24595e-14 6.65516e-10 2.38377e-06 0.00103209 0.0540161 0.342027 0.27963 0.155428 0.123749 0.0348647 0.00824548 0.000957629 4.69506e-05 7.18682e-07 2.64152e-09 1.87658e-12 2.23686e-16 4.06982e-21 1.05994e-26 3.78332e-33 1.79723e-40
 1.87042e-41 2.59602e-33 4.35536e-26 8.83258e-20 2.1652e-14 6.41589e-10 2.29807e-06 0.000994984 0.0520745 0.329857 0.274577 0.16988 0.127614 0.0362754 0.00787626 0.000813203 3.49201e-05 4.3681e-07 1.23395e-09 6.53648e-13 5.6899e-17 7.45764e-22 1.39056e-27 3.5484e-34 1.20544e-41
 1.79849e-41 2.49618e-33 4.18787e-26 8.49291e-20 2.08194e-14 6.16916e-10 2.20969e-06 0.000956721 0.0500724 0.317339 0.269862 0.183818 0.130918 0.0383553 0.0079114 0.000738668 2.6686e-05 2.72244e-07 6.02276e-10 2.39744e-13 1.53053e-17 1.45243e-22 1.94432e-28 3.54076e-35 8.55289e-43
 1.8284e-41 2.5377e-33 4.25752e-26 8.63416e-20 2.11656e-14 6.27176e-10 2.24644e-06 0.000972633 0.0509057 0.322731 0.276438 0.18209 0.121669 0.0371364 0.00739218 0.000643189 1.98628e-05 1.62338e-07 2.78246e-10 8.4031e-14 3.98458e-18 2.75937e-23 2.66492e-29 3.47795e-36 5.99579e-44
#pred catch len freq
 2.5647e-27 2.5925e-27 3.68042e-26 7.22423e-20 1.77093e-14 5.24759e-10 1.8796e-06 0.000813795 0.0425911 0.269443 0.206357 0.0387302 0.149818 0.138396 0.0333311 0.0415891 0.0189441 0.0160414 0.0104795 0.00832704 0.006699 0.00584926 0.00585664 0.005161 0.00157029
 2.56967e-27 2.60551e-27 4.77402e-26 9.53103e-20 2.33642e-14 6.92322e-10 2.47978e-06 0.00107365 0.056191 0.35548 0.27208 0.0403723 0.116142 0.106815 0.0189239 0.0163544 0.00625758 0.003824 0.00204202 0.00135819 0.000942465 0.000724526 0.000650776 0.000575039 0.000191682
 2.56975e-27 2.60556e-27 4.76157e-26 9.50469e-20 2.32996e-14 6.90409e-10 2.47293e-06 0.00107068 0.0560357 0.354497 0.271354 0.0418702 0.128051 0.11757 0.0166334 0.00834985 0.00270591 0.000997269 0.000395842 0.000190958 0.000102957 6.53666e-05 5.02261e-05 4.20663e-05 1.45307e-05
 2.56993e-27 2.60606e-27 4.80387e-26 9.59394e-20 2.35184e-14 6.96892e-10 2.49615e-06 0.00108074 0.0565619 0.357826 0.273895 0.0418531 0.126136 0.115795 0.0161815 0.00774996 0.00227322 0.000455101 0.000127313 3.69398e-05 1.29912e-05 5.91955e-06 3.56661e-06 2.64236e-06 9.06775e-07
 2.57234e-27 2.61262e-27 5.38854e-26 1.08274e-19 2.6542e-14 7.86486e-10 2.81706e-06 0.00121968 0.0638336 0.403829 0.308989 0.0398145 0.0859659 0.0787935 0.0108549 0.00491745 0.00143275 0.000271891 6.24546e-05 9.74341e-06 1.88681e-06 4.83629e-07 1.89587e-07 1.11323e-07 3.6276e-08
 2.56988e-27 2.60589e-27 4.78544e-26 9.55504e-20 2.3423e-14 6.94066e-10 2.48603e-06 0.00107636 0.0563326 0.356375 0.272792 0.0421905 0.129478 0.118813 0.015522 0.00548542 0.00157544 0.000283137 6.35811e-05 8.94113e-06 1.07446e-06 1.23992e-07 2.25393e-08 8.32225e-09 2.39667e-09
 2.56934e-27 2.60442e-27 4.65609e-26 9.28216e-20 2.27541e-14 6.74245e-10 2.41503e-06 0.00104562 0.0547238 0.346198 0.265026 0.0425105 0.13737 0.126115 0.0171624 0.00738452 0.00209128 0.000298763 6.25426e-05 8.34495e-06 9.37051e-07 7.2959e-08 4.93959e-09 6.98899e-10 1.49128e-10
 2.57122e-27 2.60956e-27 5.11616e-26 1.02527e-19 2.51334e-14 7.44747e-10 2.66756e-06 0.00115495 0.0604459 0.382397 0.292639 0.0407319 0.104434 0.095814 0.0134717 0.00659862 0.00190646 0.000325651 6.85297e-05 7.42222e-06 7.6287e-07 5.48507e-08 2.48423e-09 9.76463e-11 8.94732e-12
 2.5699e-27 2.60596e-27 4.79333e-26 9.57169e-20 2.34638e-14 6.95275e-10 2.49036e-06 0.00107823 0.0564307 0.356996 0.273264 0.0420229 0.127872 0.117364 0.0158819 0.00667137 0.00194398 0.000376733 8.41432e-05 1.0595e-05 1.02115e-06 6.14201e-08 2.49074e-09 5.72035e-11 1.1884e-12
 2.56994e-27 2.60607e-27 4.80495e-26 9.59621e-20 2.3524e-14 6.97057e-10 2.49674e-06 0.00108099 0.0565753 0.357911 0.27396 0.0418858 0.126339 0.115976 0.0161083 0.00753474 0.00216918 0.000362939 8.05402e-05 1.14304e-05 1.22626e-06 7.84932e-08 2.72709e-09 5.26035e-11 5.05616e-13
 2.57083e-27 2.60851e-27 5.02165e-26 1.00533e-19 2.46446e-14 7.30263e-10 2.61568e-06 0.00113249 0.0592704 0.374961 0.286967 0.0411209 0.11138 0.102198 0.0141346 0.00650434 0.0018913 0.000350303 7.71853e-05 9.68484e-06 1.07707e-06 7.82438e-08 2.97201e-09 5.21792e-11 3.96403e-13
 2.57078e-27 2.60835e-27 5.00623e-26 1.00208e-19 2.45648e-14 7.279e-10 2.60722e-06 0.00112882 0.0590786 0.373747 0.286043 0.041297 0.113369 0.104002 0.0138896 0.00549143 0.00158625 0.000289377 6.48681e-05 8.839e-06 9.35776e-07 6.44541e-08 2.71457e-09 5.26321e-11 3.80138e-13
 2.57038e-27 2.60726e-27 4.90866e-26 9.81499e-20 2.40603e-14 7.12948e-10 2.55366e-06 0.00110564 0.0578651 0.36607 0.280188 0.0416931 0.120498 0.110557 0.0146252 0.00551738 0.00156899 0.000248037 5.35664e-05 7.23661e-06 8.01147e-07 5.65205e-08 2.24534e-09 4.62254e-11 3.68046e-13
 2.57036e-27 2.60721e-27 4.90498e-26 9.80723e-20 2.40412e-14 7.12385e-10 2.55164e-06 0.00110476 0.0578193 0.365781 0.279965 0.0416168 0.120073 0.110187 0.0149514 0.00635357 0.00180742 0.000273533 5.6795e-05 6.7431e-06 7.17721e-07 5.15345e-08 2.12494e-09 4.23928e-11 3.47782e-13
 2.5696e-27 2.60512e-27 4.71788e-26 9.41251e-20 2.30736e-14 6.83713e-10 2.44894e-06 0.0010603 0.0554922 0.351059 0.268736 0.0423906 0.133851 0.12285 0.0162645 0.00616147 0.00176351 0.000297796 6.311e-05 7.1567e-06 7.01043e-07 4.55281e-08 1.86784e-09 3.84309e-11 3.12293e-13
 2.56995e-27 2.60608e-27 4.80313e-26 9.59235e-20 2.35145e-14 6.96777e-10 2.49574e-06 0.00108056 0.0565526 0.357767 0.273854 0.0420907 0.127974 0.117437 0.0155042 0.00578929 0.00164005 0.000249236 5.24548e-05 6.54719e-06 6.44426e-07 3.89236e-08 1.43539e-09 2.85146e-11 2.3654e-13
 2.57067e-27 2.60805e-27 4.9793e-26 9.96402e-20 2.44256e-14 7.23774e-10 2.59244e-06 0.00112243 0.0587437 0.371629 0.284428 0.0414462 0.11564 0.106082 0.0139852 0.00518388 0.00146651 0.000219841 4.52132e-05 5.15953e-06 5.20428e-07 3.3435e-08 1.17556e-09 2.10986e-11 1.65659e-13
 2.57061e-27 2.60787e-27 4.96113e-26 9.92566e-20 2.43316e-14 7.20988e-10 2.58246e-06 0.00111811 0.0585176 0.370198 0.283339 0.0416189 0.117719 0.107972 0.0138012 0.00428903 0.00120395 0.000179272 3.67167e-05 4.11841e-06 3.94344e-07 2.42436e-08 8.9836e-10 1.58749e-11 1.13915e-13
 2.57095e-27 2.60881e-27 5.04505e-26 1.01027e-19 2.47656e-14 7.33849e-10 2.62852e-06 0.00113805 0.0595614 0.376802 0.288376 0.0413175 0.111886 0.102602 0.0130698 0.00397239 0.00110065 0.000140521 2.74101e-05 3.05129e-06 2.89246e-07 1.71262e-08 6.01316e-10 1.08446e-11 7.7993e-14
 2.57133e-27 2.60982e-27 5.13497e-26 1.02924e-19 2.52306e-14 7.47627e-10 2.67787e-06 0.00115942 0.0606797 0.383876 0.293774 0.041051 0.106066 0.0972297 0.012091 0.00309339 0.000848579 0.000106244 2.00922e-05 1.94393e-06 1.75125e-07 1.025e-08 3.4946e-10 5.99588e-12 4.29969e-14
 2.57136e-27 2.60992e-27 5.14351e-26 1.03104e-19 2.52748e-14 7.48937e-10 2.68257e-06 0.00116145 0.060786 0.384549 0.294287 0.0409997 0.105315 0.0965433 0.0120895 0.00326204 0.000889205 9.67505e-05 1.72808e-05 1.63119e-06 1.3648e-07 7.09115e-09 2.34256e-10 3.91577e-12 2.68734e-14
 2.57108e-27 2.60914e-27 5.07432e-26 1.01645e-19 2.49169e-14 7.38333e-10 2.64459e-06 0.001145 0.0599254 0.379104 0.290133 0.0412356 0.110029 0.100887 0.0127425 0.0036576 0.00100278 0.000113779 2.02941e-05 1.68356e-06 1.32071e-07 6.49851e-09 1.91709e-10 2.99614e-12 1.99789e-14
 2.57096e-27 2.60882e-27 5.04638e-26 1.01055e-19 2.47724e-14 7.34052e-10 2.62925e-06 0.00113836 0.0595779 0.376906 0.288456 0.0413243 0.111882 0.102596 0.0130253 0.00387221 0.00106689 0.000127322 2.32836e-05 2.00015e-06 1.51124e-07 6.58763e-09 1.81924e-10 2.57509e-12 1.57495e-14
 2.57104e-27 2.60903e-27 5.06476e-26 1.01443e-19 2.48675e-14 7.36869e-10 2.63934e-06 0.00114273 0.0598066 0.378353 0.289559 0.0412578 0.110601 0.101416 0.0128619 0.00379688 0.00104786 0.000128758 2.39607e-05 2.15887e-06 1.68773e-07 7.41801e-09 1.8662e-10 2.39855e-12 1.33836e-14
 2.5715e-27 2.61029e-27 5.17733e-26 1.03818e-19 2.54497e-14 7.54119e-10 2.70113e-06 0.00116948 0.0612066 0.38721 0.296316 0.0408582 0.102812 0.0942431 0.0118491 0.0032935 0.000905897 0.000110677 2.06364e-05 1.91254e-06 1.54177e-07 7.11847e-09 1.83057e-10 2.2222e-12 1.11755e-14
 2.57153e-27 2.61036e-27 5.183e-26 1.03937e-19 2.5479e-14 7.54988e-10 2.70424e-06 0.00117083 0.0612772 0.387656 0.296657 0.0408966 0.102865 0.0942782 0.0116095 0.00273856 0.000744016 8.65014e-05 1.58185e-05 1.45912e-06 1.18815e-07 5.67497e-09 1.52592e-10 1.91535e-12 9.33488e-15
 2.57131e-27 2.60976e-27 5.12886e-26 1.02795e-19 2.5199e-14 7.46691e-10 2.67452e-06 0.00115797 0.0606037 0.383396 0.293408 0.0411125 0.106791 0.0978888 0.012025 0.00277668 0.000747491 7.6329e-05 1.31181e-05 1.15464e-06 9.21007e-08 4.40363e-09 1.21502e-10 1.59176e-12 8.05452e-15
 2.57155e-27 2.61043e-27 5.18877e-26 1.04059e-19 2.55088e-14 7.55871e-10 2.7074e-06 0.0011722 0.0613488 0.388109 0.297003 0.0408802 0.102497 0.0939383 0.0115503 0.00268859 0.000723473 7.26531e-05 1.21896e-05 9.50427e-07 7.03321e-08 3.21815e-09 8.79632e-11 1.17296e-12 6.16873e-15
#obs catch len freq
 1.75138e-41 2.4308e-33 4.07816e-26 8.27043e-20 2.0274e-14 6.00756e-10 2.15181e-06 0.000931659 0.0487593 0.308466 0.236277 0.0440967 0.153697 0.130232 0.0369062 0.0284715 0.00875085 0.00278888 0.000552395 6.57936e-05 3.45177e-06 5.767e-08 2.27508e-10 1.7067e-13 2.10944e-17
 1.77033e-41 2.4571e-33 4.12229e-26 8.35993e-20 2.04934e-14 6.07257e-10 2.17509e-06 0.000941741 0.0492869 0.311804 0.238884 0.045971 0.155574 0.124761 0.036068 0.0261881 0.00774132 0.00231016 0.000421725 4.37597e-05 1.88461e-06 2.45639e-08 7.27181e-11 3.97831e-14 3.52032e-18
 2.17976e-41 3.02536e-33 5.07568e-26 1.02934e-19 2.5233e-14 7.47699e-10 2.67814e-06 0.00115954 0.0606858 0.383916 0.293903 0.0433238 0.0990322 0.074876 0.0222225 0.0151419 0.00431983 0.00119874 0.000199341 1.79997e-05 6.35091e-07 6.4102e-09 1.41654e-11 5.65418e-15 3.59511e-19
 1.73776e-41 2.41189e-33 4.04645e-26 8.20612e-20 2.01163e-14 5.96084e-10 2.13508e-06 0.000924414 0.0483802 0.306068 0.234731 0.0537532 0.183715 0.12894 0.0256799 0.0131185 0.00360779 0.000928925 0.00013982 1.08606e-05 3.12773e-07 2.44331e-09 4.019e-12 1.16729e-15 5.33214e-20
 2.10941e-41 2.92772e-33 4.91187e-26 9.96116e-20 2.44186e-14 7.23568e-10 2.5917e-06 0.00112212 0.0587272 0.371526 0.284588 0.0474373 0.113293 0.076538 0.0272803 0.0159359 0.00291636 0.000554796 7.44903e-05 4.9369e-06 1.14972e-07 6.93305e-10 8.49961e-13 1.79714e-16 5.89387e-21
 2.38445e-41 3.30946e-33 5.55231e-26 1.126e-19 2.76025e-14 8.17913e-10 2.92963e-06 0.00126843 0.0663845 0.419968 0.321535 0.045432 0.0785403 0.048427 0.01111 0.00549281 0.00153195 0.000281619 2.45922e-05 1.27749e-06 2.37991e-08 1.10147e-10 1.00518e-13 1.55022e-17 3.65844e-22
 1.35419e-41 1.87953e-33 3.15329e-26 6.39482e-20 1.56761e-14 4.64513e-10 1.66381e-06 0.000720372 0.0377014 0.238514 0.183931 0.0756295 0.271159 0.154522 0.0261924 0.00950713 0.00176341 0.000325406 3.13679e-05 1.12798e-06 1.47609e-08 5.12197e-11 3.46505e-14 3.89508e-18 6.62395e-23
 2.24147e-41 3.11101e-33 5.21937e-26 1.05848e-19 2.59473e-14 7.68867e-10 2.75396e-06 0.00119237 0.0624038 0.394786 0.302468 0.048155 0.0869708 0.0525813 0.033718 0.0154745 0.00199887 0.000230659 1.78387e-05 6.15563e-07 5.90657e-09 1.37391e-11 6.57141e-15 5.32952e-19 6.52071e-24
 2.02195e-41 2.80633e-33 4.7082e-26 9.54815e-20 2.34062e-14 6.93567e-10 2.48424e-06 0.00107559 0.0562922 0.356124 0.2735 0.0633978 0.151038 0.0748221 0.0146653 0.00653469 0.00225305 0.000280527 1.29833e-05 3.1356e-07 2.50398e-09 4.36715e-12 1.40868e-15 7.73237e-20 6.59814e-25
 2.06678e-41 2.86855e-33 4.8126e-26 9.75985e-20 2.39251e-14 7.08945e-10 2.53933e-06 0.00109944 0.0575403 0.364021 0.279627 0.0636227 0.138121 0.0665218 0.0210828 0.0070983 0.00106232 0.000188242 1.24238e-05 2.07831e-07 1.05712e-09 1.36736e-12 3.30268e-16 1.27286e-20 7.33912e-26
 2.02433e-41 2.80964e-33 4.71375e-26 9.5594e-20 2.34337e-14 6.94384e-10 2.48717e-06 0.00107686 0.0563585 0.356547 0.274249 0.0694051 0.148124 0.0662469 0.0200084 0.00668977 0.00116577 0.000118646 7.04727e-06 1.44643e-07 5.97978e-10 4.943e-13 8.03347e-17 2.22559e-21 9.25601e-27
 2.14285e-41 2.97413e-33 4.98972e-26 1.01191e-19 2.48057e-14 7.35037e-10 2.63278e-06 0.0011399 0.059658 0.377421 0.290233 0.0677494 0.126406 0.0535745 0.017538 0.00531614 0.0008709 8.73309e-05 3.68979e-06 5.81627e-08 2.39499e-10 1.74046e-13 1.99914e-17 3.61896e-22 1.00987e-27
 2.08777e-41 2.89769e-33 4.86147e-26 9.85896e-20 2.41681e-14 7.16144e-10 2.56511e-06 0.00111061 0.0581247 0.367724 0.283327 0.0754596 0.139342 0.0541746 0.0156277 0.00434554 0.000697034 6.24696e-05 2.32912e-06 2.72022e-08 8.06272e-11 4.90412e-14 4.878e-18 6.99498e-23 1.39032e-28
 2.04367e-41 2.83647e-33 4.75877e-26 9.65069e-20 2.36575e-14 7.01016e-10 2.51093e-06 0.00108714 0.0568968 0.35996 0.277922 0.0819525 0.145624 0.0543883 0.0173051 0.00423407 0.000579395 4.65514e-05 1.50035e-06 1.42978e-08 3.14522e-11 1.34289e-14 9.86927e-19 1.11837e-23 1.78762e-29
 1.92426e-41 2.67074e-33 4.48072e-26 9.08682e-20 2.22753e-14 6.60057e-10 2.36422e-06 0.00102362 0.0535724 0.338936 0.2628 0.0940371 0.164952 0.0593096 0.0200188 0.00468947 0.000617137 4.08681e-05 1.08274e-06 8.40031e-09 1.44067e-11 4.55573e-15 2.36733e-19 1.8775e-24 2.15589e-30
 1.74407e-41 2.42065e-33 4.06114e-26 8.23592e-20 2.01894e-14 5.98248e-10 2.14283e-06 0.000927771 0.0485558 0.307212 0.239934 0.110175 0.190288 0.069197 0.0268232 0.00605499 0.000781912 4.68939e-05 1.00761e-06 6.03361e-09 7.96596e-12 1.90735e-15 7.32091e-20 4.17872e-25 3.38016e-31
 1.97989e-41 2.74796e-33 4.61027e-26 9.34954e-20 2.29193e-14 6.79141e-10 2.43257e-06 0.00105322 0.0551214 0.348747 0.271199 0.0971178 0.142752 0.0541321 0.0236462 0.00546778 0.000720414 3.99811e-05 7.39035e-07 3.48125e-09 3.42891e-12 6.06512e-16 1.71786e-20 7.1882e-26 4.21852e-32
 1.91862e-41 2.66291e-33 4.46759e-26 9.06018e-20 2.221e-14 6.58122e-10 2.35729e-06 0.00102062 0.0534154 0.337971 0.264495 0.112112 0.157376 0.050851 0.0178491 0.00428644 0.000589165 3.1663e-05 5.17546e-07 1.99887e-09 1.51665e-12 1.97811e-16 4.0534e-21 1.22325e-26 5.18323e-33
 1.90244e-41 2.64046e-33 4.42991e-26 8.98377e-20 2.20227e-14 6.52572e-10 2.33741e-06 0.00101202 0.052965 0.335137 0.263464 0.118755 0.154973 0.0515252 0.0182513 0.00347149 0.000422167 2.21649e-05 3.3003e-07 1.07584e-09 6.48815e-13 6.44661e-17 9.75444e-22 2.12884e-27 6.45228e-34
 1.93289e-41 2.68272e-33 4.50082e-26 9.12757e-20 2.23752e-14 6.63017e-10 2.37482e-06 0.00102821 0.0538128 0.340518 0.268595 0.122415 0.14617 0.0476819 0.0164229 0.00303302 0.000307464 1.31133e-05 1.71584e-07 4.79848e-10 2.35684e-13 1.82931e-17 2.09796e-22 3.39557e-28 7.50874e-35
 2.00893e-41 2.78827e-33 4.6779e-26 9.48669e-20 2.32555e-14 6.89103e-10 2.46826e-06 0.00106867 0.05593 0.353929 0.27956 0.12177 0.130983 0.0410834 0.01317 0.00228578 0.00021097 7.33461e-06 7.41324e-08 1.66397e-10 6.6212e-14 4.07472e-18 3.61109e-23 4.42172e-29 7.27807e-36
 2.00375e-41 2.78107e-33 4.66583e-26 9.46221e-20 2.31955e-14 6.87325e-10 2.46188e-06 0.00106591 0.0557857 0.353049 0.280669 0.129986 0.129144 0.0376781 0.0107863 0.00169139 0.000138078 4.0785e-06 3.22756e-08 5.40478e-11 1.61839e-14 7.63421e-19 5.20398e-24 4.86293e-30 6.03856e-37
 2.03702e-41 2.82725e-33 4.7433e-26 9.61932e-20 2.35806e-14 6.98737e-10 2.50276e-06 0.00108361 0.0567121 0.358941 0.286426 0.131484 0.119472 0.0350875 0.00941918 0.00128148 8.84525e-05 2.16398e-06 1.36644e-08 1.73992e-11 3.81986e-15 1.30836e-19 6.5272e-25 4.51233e-31 4.17095e-38
 1.98131e-41 2.74993e-33 4.61358e-26 9.35625e-20 2.29358e-14 6.79628e-10 2.43432e-06 0.00105398 0.0551613 0.349195 0.282073 0.145474 0.123659 0.0339863 0.00829776 0.00103596 5.97136e-05 1.15948e-06 5.70317e-09 5.54637e-12 9.0838e-16 2.27043e-20 8.1463e-26 4.02995e-32 2.6714e-39
 2.02038e-41 2.80415e-33 4.70454e-26 9.54072e-20 2.3388e-14 6.93028e-10 2.48231e-06 0.00107476 0.056249 0.356125 0.288728 0.144242 0.112745 0.0324759 0.00749572 0.000821282 4.02793e-05 6.23743e-07 2.32478e-09 1.68656e-12 2.04619e-16 3.75745e-21 9.81009e-27 3.49829e-33 1.65895e-40
 2.00352e-41 2.78076e-33 4.6653e-26 9.46113e-20 2.31928e-14 6.87246e-10 2.4616e-06 0.00106579 0.0557801 0.353247 0.289654 0.153015 0.110466 0.0297187 0.00636853 0.000655751 2.71259e-05 3.34905e-07 9.53815e-10 5.10787e-13 4.5059e-17 5.99424e-22 1.13243e-27 2.91661e-34 9.96056e-42
 1.93671e-41 2.68803e-33 4.50972e-26 9.14562e-20 2.24194e-14 6.64328e-10 2.37952e-06 0.00103025 0.0539204 0.341617 0.285304 0.166836 0.113938 0.0307716 0.0060118 0.000547771 1.96672e-05 1.96491e-07 4.27678e-10 1.70143e-13 1.09353e-17 1.0465e-22 1.41405e-28 2.6013e-35 6.34751e-43
 1.86726e-41 2.59163e-33 4.348e-26 8.81766e-20 2.16155e-14 6.40506e-10 2.29419e-06 0.000993305 0.0519875 0.329566 0.281274 0.180195 0.117074 0.0324211 0.00598418 0.000487991 1.46322e-05 1.18384e-07 2.00519e-10 5.9718e-14 2.80873e-18 1.94343e-23 1.88365e-29 2.47157e-36 4.28658e-44
#spawning biomass
 12111.7 13102.9 16213.4 18720.7 31805.4 45476.9 45012.3 60090.3 81541.9 94480.6 121718 158830 189359 223316 212807 182629 178849 172188 164143 159229 174806 193240 203353 208562 218297 222689 216221 214624 220944 4190.77 4187.77 4187.77 4187.77 4187.77 4187.77 4187.77 4187.77 4187.77 4187.77 4187.77 4187.77 4187.77 4187.77 4187.77 4187.77 4187.77 4187.77 4187.77 4187.77 4187.77 4187.77 4187.77 4187.77 4187.77 4187.77 4187.77 4187.77 4187.77 4187.77 4187.77 4187.77 4187.77 4187.77 4187.77 4187.77 4187.77 4187.77 4187.77 4187.77 4187.77 4187.77 4187.77 4187.77 4187.77 4187.77 4187.77 4187.77 4187.77 4187.77 4187.77 4187.77 4187.77 4187.77 4187.77 4187.77 4187.77 4187.77 4187.77 4187.77 4187.77 4187.77 4187.77 4187.77 4187.77 4187.77 4187.77 4187.77 4187.77 4187.77 4187.77 4187.77 4187.77 4187.77 4187.77 4187.77 4187.77 4187.77 4187.77 4187.77 4187.77 4187.77 4187.77 4187.77 4187.77 4187.77 4187.77 4187.77 4187.77 4187.77 4187.77 4187.77 4187.77 4187.77 4187.77 4187.77 4187.77 4187.77 4187.77 0 0 0 0 0 0 0 0 0 0 0 0 0 0 0 0 0 0 0 0 0 0 0 0 0
