SBPRF35
0.178135
Curr Bio
141163
B35
200195
F35
0.607959
FOFL
0.494627
OFL
47997.4
Bzero
50895.7
#pred survey bio
 6521.37 7919.55 10062.6 12179.6 17059.5 26923 28629.2 32352.7 42885.3 52545.6 66608.1 87507.5 111131 135696 134706 110544 107823 106746 107093 101483 106803 109405 122310 122002 135000 135624 138393 141661 5.78374e+06 3.99281e+06 2.50245e+06 1.50421e+06 961485 691858 561347 497181 464336 446682 436764 431003 427583 425526 424275 423504 423044 422768 422602 422502 422442 422406 422384 422371 422363 422358 422355 422353 422352 422351 422351 422351 422351 422351 422351 422351 422350 422350 422350 422350 422350 422350 422350 422350 422350 422350 422350 422350 422350 422350 422350 422350 422350 422350 422350 422350 422350 422350 422350 422350 422350 422350 422350 422350 422350 422350 422350 422350 422350 422350 422350 422350 422350 422350 422350 422350 422350 422350 422350 422350 422350 422350 422350 422350 422350 422350 422350 422350 422350 422350 422350 422350 422350 422350 422350 422350 422350 422350 422350 422350 0 0 0 0 0 0 0 0 0 0 0 0 0 0 0 0 0 0 0 0 0 0 0 0 0
#obs survey bio
 5635.87 7220.41 9736.73 13054.6 18791.8 19390.9 28663.6 36015 38424.8 75640.7 50707.7 91095 134830 134606 140544 116066 97416.1 88557.3 101658 72540.2 141380 121544 144696 146445 130196 170436 153882 111921
#pred catch bio
 3225.1 4696.65 6175.87 8189.95 9565.65 17664.2 20224.5 22004.8 29415.8 35743.7 47139.7 63373.5 78908.4 100808 106251 83881.2 83770.5 82447.7 86391.1 80532 86406.1 84991.3 100702 99316.3 116098 114965 116838 104355 47997.4 66893.4 38804.1 21310.1 12620.6 8817.28 7280.2 6691.57 6474.53 6396.67 6369.3 6359.83 6356.58 6355.48 6355.11 6354.99 6354.95 6354.93 6354.93 6354.93 6354.93 6354.93 6354.93 6354.93 6354.93 6354.93 6354.93 6354.93 6354.93 6354.93 6354.93 6354.93 6354.93 6354.93 6354.93 6354.93 6354.93 6354.93 6354.93 6354.93 6354.93 6354.93 6354.93 6354.93 6354.93 6354.93 6354.93 6354.93 6354.93 6354.93 6354.93 6354.93 6354.93 6354.93 6354.93 6354.93 6354.93 6354.93 6354.93 6354.93 6354.93 6354.93 6354.93 6354.93 6354.93 6354.93 6354.93 6354.93 6354.93 6354.93 6354.93 6354.93 6354.93 6354.93 6354.93 6354.93 6354.93 6354.93 6354.93 6354.93 6354.93 6354.93 6354.93 6354.93 6354.93 6354.93 6354.93 6354.93 6354.93 6354.93 6354.93 6354.93 6354.93 6354.93 6354.93 6354.93 6354.93 6354.93 6354.93 6354.93 0 0 0 0 0 0 0 0 0 0 0 0 0 0 0 0 0 0 0 0 0 0 0 0 0
#obs catch bio
 4344.6 4632.74 6117.42 8148.06 9322.36 17717.7 20564.3 21611.7 29059.2 34268.1 46932.8 62057.3 77053.1 99971.6 105665 82616.9 83285.7 82117.7 84965.2 79829.9 83184.8 81528.9 96810.7 95157.1 114028 110502 114427 103894
#pred cpue bio
 6038.03 7077.62 8974.66 10900.4 14715.4 24047.4 25737.8 28235.5 37740.5 46389.8 58522.9 76180.8 97240.6 119439 120007 98238.4 94989.6 93886.7 94315.3 88779.2 93181.5 95426.5 106778 106145 116742 117146 119972 122593 5.11636e+06 3.97233e+06 2.48197e+06 1.48374e+06 941013 671386 540875 476710 443864 426210 416292 410531 407111 405054 403803 403033 402572 402296 402130 402031 401970 401934 401912 401899 401891 401886 401883 401881 401880 401880 401879 401879 401879 401879 401879 401879 401879 401879 401879 401879 401879 401879 401879 401879 401879 401879 401879 401879 401879 401879 401879 401879 401879 401879 401879 401879 401879 401879 401879 401879 401879 401879 401879 401879 401879 401879 401879 401879 401879 401879 401879 401879 401879 401879 401879 401879 401879 401879 401879 401879 401879 401879 401879 401879 401879 401879 401879 401879 401879 401879 401879 401879 401879 401879 401879 401879 401879 401879 401879 401879 0 0 0 0 0 0 0 0 0 0 0 0 0 0 0 0 0 0 0 0 0 0 0 0 0
#obs cpue bio
 5365.87 13466.4 8272.66 12763.3 23245.5 18974.6 25366.8 37302.8 50142.1 79503.8 58426.3 119338 114908 121279 127211 126081 106869 118189 143848 133675 156279 164963 164188 173324 142043 193517 136376 157632
#pred surv len freq
 2.56741e-27 2.59977e-27 4.31986e-26 8.57316e-20 2.10161e-14 6.22744e-10 2.23056e-06 0.000965749 0.0505438 0.319754 0.244745 0.0368929 0.108866 0.10057 0.0259769 0.0343059 0.0162315 0.0145443 0.00996446 0.00829026 0.00700732 0.00643571 0.00679074 0.00620153 0.00191213
 2.56952e-27 2.60518e-27 4.75344e-26 9.48764e-20 2.32578e-14 6.8917e-10 2.46849e-06 0.00106876 0.0559352 0.353861 0.270833 0.0396779 0.111734 0.10285 0.0200476 0.0199545 0.00795174 0.00530975 0.00300728 0.00212794 0.00157268 0.00128802 0.00123747 0.00114997 0.000390732
 2.5692e-27 2.6042e-27 4.65508e-26 9.28011e-20 2.27491e-14 6.74096e-10 2.4145e-06 0.00104539 0.0547117 0.346121 0.264944 0.0410292 0.126155 0.116053 0.0205749 0.0177558 0.00609116 0.00269119 0.00115442 0.000609774 0.000357392 0.000246128 0.000206151 0.000185114 6.56867e-05
 2.56882e-27 2.6032e-27 4.56758e-26 9.09552e-20 2.22966e-14 6.60687e-10 2.36647e-06 0.00102459 0.0536234 0.339236 0.25969 0.0412024 0.131165 0.120725 0.0223033 0.0205091 0.00673034 0.00245318 0.000809298 0.000278935 0.000110528 5.6268e-05 3.79444e-05 3.09374e-05 1.10272e-05
 2.57171e-27 2.61104e-27 5.25886e-26 1.05538e-19 2.58714e-14 7.66617e-10 2.74589e-06 0.00118887 0.062221 0.393627 0.301191 0.0393155 0.0876473 0.0805331 0.0145607 0.0129616 0.00433436 0.00170255 0.000520646 0.000139383 3.437e-05 1.0519e-05 4.82376e-06 3.24069e-06 1.1156e-06
 2.5689e-27 2.60332e-27 4.56948e-26 9.0995e-20 2.23063e-14 6.60976e-10 2.36751e-06 0.00102504 0.0536469 0.339385 0.259815 0.0419493 0.136761 0.125721 0.0201377 0.0143038 0.00471658 0.00178204 0.000561117 0.000154696 3.08311e-05 5.57884e-06 1.32042e-06 5.98691e-07 1.87697e-07
 2.56837e-27 2.60198e-27 4.45936e-26 8.86722e-20 2.17369e-14 6.44104e-10 2.30707e-06 0.000998874 0.0522775 0.330722 0.253194 0.0415502 0.138375 0.127392 0.0237229 0.0220501 0.00691244 0.00200013 0.000601073 0.000162412 3.34183e-05 5.0729e-06 6.18919e-07 1.2981e-07 3.23836e-08
 2.57087e-27 2.60875e-27 5.05667e-26 1.01273e-19 2.48258e-14 7.35633e-10 2.63491e-06 0.00114082 0.0597063 0.377718 0.289053 0.0398969 0.100599 0.092489 0.0167445 0.0149377 0.00501408 0.00198928 0.000559876 0.000120837 2.36465e-05 3.60105e-06 3.51204e-07 2.95066e-08 4.09439e-09
 2.57015e-27 2.60672e-27 4.86991e-26 9.73327e-20 2.38599e-14 7.07013e-10 2.5324e-06 0.00109643 0.0573833 0.363023 0.27785 0.041032 0.117109 0.107594 0.0170602 0.0118442 0.00390623 0.00148024 0.00046876 0.000126603 2.11163e-05 2.81442e-06 2.64957e-07 1.46166e-08 7.5645e-10
 2.5699e-27 2.60607e-27 4.81493e-26 9.61729e-20 2.35756e-14 6.98588e-10 2.50222e-06 0.00108337 0.0566996 0.358697 0.274547 0.0410129 0.119285 0.109655 0.0184031 0.0143749 0.00447396 0.00126184 0.0003784 0.000102655 2.09106e-05 2.76477e-06 2.21238e-07 1.08688e-08 2.85384e-10
 2.5703e-27 2.60717e-27 4.91307e-26 9.82435e-20 2.40832e-14 7.13628e-10 2.5561e-06 0.00110669 0.0579203 0.36642 0.280437 0.040629 0.112224 0.103157 0.0175609 0.0140973 0.00450152 0.00144594 0.000395112 8.34638e-05 1.63287e-05 2.45752e-06 2.07675e-07 8.81606e-09 1.81893e-10
 2.57098e-27 2.609e-27 5.07319e-26 1.01621e-19 2.49112e-14 7.38164e-10 2.64398e-06 0.00114474 0.0599117 0.379017 0.290052 0.0403082 0.103028 0.0946337 0.0153801 0.0112674 0.00361534 0.00120148 0.00034475 7.83155e-05 1.25844e-05 1.65854e-06 1.52831e-07 6.84571e-09 1.23409e-10
 2.57057e-27 2.60785e-27 4.9688e-26 9.94188e-20 2.43713e-14 7.22166e-10 2.58668e-06 0.00111993 0.0586132 0.370803 0.283788 0.0408384 0.111464 0.102371 0.0158909 0.0104788 0.0032863 0.000982621 0.000281929 6.6803e-05 1.15247e-05 1.37828e-06 1.07755e-07 5.06598e-09 9.46492e-11
 2.57012e-27 2.60664e-27 4.86326e-26 9.71925e-20 2.38256e-14 7.05994e-10 2.52875e-06 0.00109485 0.0573007 0.3625 0.277451 0.0410411 0.117458 0.107932 0.0174175 0.0125573 0.00386661 0.00102629 0.000279175 6.08495e-05 1.07094e-05 1.35896e-06 1.00447e-07 4.08343e-09 7.76641e-11
 2.56911e-27 2.6039e-27 4.61989e-26 9.20583e-20 2.2567e-14 6.687e-10 2.39517e-06 0.00103702 0.0542737 0.343351 0.262841 0.0418139 0.133604 0.122817 0.0198037 0.0142575 0.00446501 0.00130698 0.00034688 6.75705e-05 1.09202e-05 1.35299e-06 1.04761e-07 4.0672e-09 6.88008e-11
 2.56934e-27 2.60452e-27 4.67627e-26 9.32477e-20 2.28586e-14 6.7734e-10 2.42612e-06 0.00105042 0.054975 0.347787 0.266224 0.04155 0.129219 0.118793 0.0194912 0.0145583 0.00456076 0.00133456 0.000365376 7.63831e-05 1.14872e-05 1.27605e-06 9.4378e-08 3.76234e-09 6.09651e-11
 2.57007e-27 2.60653e-27 4.85471e-26 9.70121e-20 2.37813e-14 7.04684e-10 2.52406e-06 0.00109282 0.0571943 0.361827 0.276935 0.0409255 0.116941 0.107483 0.0178498 0.0136634 0.00431548 0.00131684 0.000362254 7.64549e-05 1.217e-05 1.33488e-06 8.82734e-08 3.32389e-09 5.42674e-11
 2.57017e-27 2.60678e-27 4.8741e-26 9.74212e-20 2.38816e-14 7.07656e-10 2.5347e-06 0.00109743 0.0574355 0.363353 0.278103 0.0410985 0.117437 0.107886 0.0169346 0.0114737 0.00363509 0.00114172 0.00031964 6.98595e-05 1.12316e-05 1.28025e-06 8.52878e-08 2.91779e-09 4.47722e-11
 2.57006e-27 2.60648e-27 4.84753e-26 9.68607e-20 2.37442e-14 7.03584e-10 2.52012e-06 0.00109112 0.057105 0.361262 0.276508 0.0411879 0.119238 0.10955 0.0172624 0.0117968 0.00364624 0.000997817 0.000277319 6.23459e-05 1.03428e-05 1.208e-06 8.30174e-08 2.85893e-09 4.05552e-11
 2.57058e-27 2.60787e-27 4.9699e-26 9.9442e-20 2.4377e-14 7.22335e-10 2.58728e-06 0.00112019 0.0586269 0.37089 0.283855 0.040871 0.111665 0.10255 0.0158178 0.0102636 0.00317428 0.000875345 0.000232656 4.67587e-05 7.80085e-06 9.4196e-07 6.68277e-08 2.37031e-09 3.36939e-11
 2.57077e-27 2.6084e-27 5.01619e-26 1.00418e-19 2.46164e-14 7.29427e-10 2.61269e-06 0.00113119 0.0592026 0.374532 0.286634 0.0407736 0.108971 0.100056 0.0152265 0.00954082 0.00292139 0.000761084 0.000201242 4.01208e-05 6.12403e-06 7.03926e-07 5.14213e-08 1.88833e-09 2.76121e-11
 2.57078e-27 2.60841e-27 5.01661e-26 1.00427e-19 2.46186e-14 7.29493e-10 2.61292e-06 0.00113129 0.0592079 0.374565 0.286661 0.0408485 0.109523 0.100548 0.0150037 0.00890762 0.00270852 0.000678992 0.000175476 3.33596e-05 5.0392e-06 5.45325e-07 3.71647e-08 1.38616e-09 2.09833e-11
 2.57073e-27 2.60826e-27 5.00457e-26 1.00173e-19 2.45563e-14 7.27647e-10 2.60631e-06 0.00112843 0.0590581 0.373618 0.285937 0.0408044 0.109696 0.100728 0.0154008 0.00976659 0.00294937 0.000697806 0.000176775 3.23444e-05 4.68794e-06 4.91051e-07 3.18032e-08 1.10934e-09 1.68484e-11
 2.57097e-27 2.60891e-27 5.06085e-26 1.01361e-19 2.48473e-14 7.36271e-10 2.6372e-06 0.00114181 0.059758 0.378046 0.289316 0.040727 0.106732 0.0979702 0.0144981 0.00840356 0.00255893 0.000649176 0.000163608 2.83924e-05 3.97207e-06 3.97553e-07 2.46522e-08 8.15983e-10 1.16744e-11
 2.57141e-27 2.6101e-27 5.16655e-26 1.03591e-19 2.5394e-14 7.52469e-10 2.69522e-06 0.00116693 0.0610727 0.386363 0.295662 0.0403789 0.0996248 0.0914204 0.0134995 0.0077726 0.00233391 0.000538533 0.000136358 2.49987e-05 3.40652e-06 3.24327e-07 1.91509e-08 6.03473e-10 8.17599e-12
 2.57146e-27 2.61024e-27 5.17702e-26 1.03811e-19 2.54481e-14 7.54072e-10 2.70096e-06 0.00116941 0.0612028 0.387186 0.296292 0.0405067 0.100154 0.0918712 0.0128971 0.00628481 0.00187731 0.000429726 0.000105867 1.79923e-05 2.51492e-06 2.4238e-07 1.36168e-08 4.06677e-10 5.22881e-12
 2.57121e-27 2.60954e-27 5.11463e-26 1.02495e-19 2.51254e-14 7.44512e-10 2.66672e-06 0.00115459 0.0604269 0.382277 0.292547 0.0407063 0.104305 0.0957006 0.0135586 0.00682687 0.00199885 0.000386308 9.20773e-05 1.54142e-05 2.03797e-06 1.91488e-07 1.09582e-08 3.14764e-10 3.82704e-12
 2.57134e-27 2.6099e-27 5.14733e-26 1.03185e-19 2.52945e-14 7.49523e-10 2.68466e-06 0.00116236 0.0608336 0.38485 0.294509 0.0405473 0.101716 0.0933256 0.0133968 0.00705623 0.00207624 0.000413891 9.53319e-05 1.37542e-05 1.74889e-06 1.57683e-07 8.65501e-09 2.49918e-10 2.94924e-12
#obs surv len freq
 1.77451e-41 2.4629e-33 4.13203e-26 8.37968e-20 2.05418e-14 6.08691e-10 2.18023e-06 0.000943965 0.0494034 0.31254 0.239387 0.0440633 0.151487 0.128276 0.0356467 0.0271311 0.00809185 0.00249431 0.00047645 5.42446e-05 2.70127e-06 4.29532e-08 1.62429e-10 1.17508e-13 1.40662e-17
 2.17574e-41 3.01978e-33 5.06631e-26 1.02744e-19 2.51864e-14 7.4632e-10 2.6732e-06 0.0011574 0.0605738 0.383207 0.293319 0.0420275 0.0972731 0.0778622 0.0222977 0.0160709 0.00462002 0.00133147 0.000232438 2.30793e-05 9.4676e-07 1.17508e-08 3.33113e-11 1.75768e-14 1.50883e-18
 1.71727e-41 2.38346e-33 3.99875e-26 8.10939e-20 1.98792e-14 5.89058e-10 2.10991e-06 0.000913518 0.0478099 0.30246 0.231885 0.0512612 0.182473 0.136331 0.0270161 0.0145123 0.00405126 0.00109494 0.000174142 1.49682e-05 5.03303e-07 4.85364e-09 1.02841e-11 3.95776e-15 2.4402e-19
 2.08829e-41 2.8984e-33 4.86267e-26 9.8614e-20 2.41741e-14 7.16322e-10 2.56575e-06 0.00111088 0.0581391 0.367805 0.281682 0.0458094 0.113491 0.0814364 0.0282722 0.0180157 0.0034475 0.000682994 9.80967e-05 7.2693e-06 1.99052e-07 1.48645e-09 2.35062e-12 6.59358e-16 2.9215e-20
 2.37047e-41 3.29005e-33 5.51975e-26 1.11939e-19 2.74406e-14 8.13115e-10 2.91245e-06 0.00126099 0.0659951 0.417504 0.319603 0.0443057 0.0792472 0.0521835 0.0116612 0.00609295 0.0017517 0.000355464 3.35597e-05 1.95823e-06 4.3356e-08 2.49857e-10 2.94564e-13 6.0249e-17 1.91981e-21
 1.31519e-41 1.8254e-33 3.06249e-26 6.21066e-20 1.52247e-14 4.51136e-10 1.6159e-06 0.000699627 0.0366157 0.231645 0.178474 0.0712661 0.272779 0.16678 0.0282698 0.0109345 0.00208065 0.000407647 4.43259e-05 1.84566e-06 2.88291e-08 1.25432e-10 1.10051e-13 1.64194e-17 3.76706e-22
 2.20812e-41 3.06473e-33 5.14172e-26 1.04273e-19 2.55613e-14 7.57428e-10 2.71299e-06 0.00117463 0.0614754 0.388912 0.297908 0.0467658 0.0893454 0.0568856 0.0360793 0.0185714 0.00254021 0.000311864 2.63928e-05 1.07559e-06 1.26974e-08 3.73427e-11 2.32723e-14 2.51294e-18 4.15198e-23
 1.99104e-41 2.76343e-33 4.63623e-26 9.40218e-20 2.30483e-14 6.82964e-10 2.44627e-06 0.00105915 0.0554316 0.350679 0.269187 0.0609056 0.154491 0.0822304 0.0157068 0.00723624 0.00266896 0.000381078 1.96241e-05 5.48464e-07 5.42248e-09 1.21887e-11 5.17523e-15 3.80193e-19 4.39679e-24
 2.0351e-41 2.82458e-33 4.73882e-26 9.61022e-20 2.35583e-14 6.98077e-10 2.5004e-06 0.00108259 0.0566582 0.35844 0.275202 0.0613059 0.142237 0.0730136 0.0223081 0.00825203 0.00124289 0.000237257 1.86149e-05 3.73764e-07 2.33267e-09 3.88428e-12 1.24541e-15 6.47285e-20 5.0846e-25
 1.984e-41 2.75366e-33 4.61984e-26 9.36894e-20 2.29669e-14 6.8055e-10 2.43762e-06 0.00105541 0.0552357 0.349442 0.268624 0.0669891 0.154075 0.0735471 0.0216308 0.00782023 0.00141116 0.000156136 1.02996e-05 2.60771e-07 1.36973e-09 1.46232e-12 3.14787e-16 1.17887e-20 6.70431e-26
 2.10015e-41 2.91487e-33 4.89029e-26 9.91742e-20 2.43114e-14 7.20391e-10 2.58032e-06 0.00111719 0.0584693 0.369899 0.284297 0.0658397 0.133083 0.0601107 0.0195092 0.00644998 0.00109559 0.000120583 5.76104e-06 1.07984e-07 5.66823e-10 5.42255e-13 8.31071e-17 2.03374e-21 7.76652e-27
 2.04885e-41 2.84367e-33 4.77085e-26 9.67519e-20 2.37176e-14 7.02796e-10 2.5173e-06 0.0010899 0.0570413 0.360868 0.277829 0.0730641 0.146224 0.0605847 0.0171607 0.00517099 0.000874467 8.67012e-05 3.69569e-06 5.18143e-08 1.92708e-10 1.53557e-13 2.05147e-17 3.99541e-22 1.08662e-27
 1.99587e-41 2.77014e-33 4.64748e-26 9.425e-20 2.31043e-14 6.84622e-10 2.4522e-06 0.00106172 0.0555662 0.351539 0.27118 0.0796464 0.15439 0.0611864 0.0194334 0.00518223 0.000743096 6.64709e-05 2.48676e-06 2.87342e-08 7.9695e-11 4.42915e-14 4.34797e-18 6.69742e-23 1.46884e-28
 1.87145e-41 2.59745e-33 4.35777e-26 8.83747e-20 2.1664e-14 6.41944e-10 2.29934e-06 0.000995535 0.0521023 0.329632 0.255265 0.0912048 0.174995 0.0664705 0.0226779 0.00578047 0.000812421 6.01433e-05 1.85544e-06 1.76612e-08 3.85164e-11 1.59004e-14 1.10055e-18 1.18091e-23 1.85658e-29
 1.69724e-41 2.35566e-33 3.95211e-26 8.01481e-20 1.96474e-14 5.82187e-10 2.0853e-06 0.000902863 0.0472523 0.298958 0.233 0.106181 0.200415 0.0755917 0.0294385 0.00718911 0.00100006 6.79172e-05 1.71883e-06 1.26694e-08 2.14118e-11 6.73635e-15 3.45447e-19 2.66614e-24 2.94339e-30
 1.90735e-41 2.64728e-33 4.44136e-26 9.00698e-20 2.20796e-14 6.54257e-10 2.34344e-06 0.00101463 0.0531017 0.335964 0.260992 0.0957949 0.155561 0.0613465 0.0281887 0.00697272 0.000997276 6.31923e-05 1.39517e-06 8.17357e-09 1.03456e-11 2.41201e-15 9.16431e-20 5.20212e-25 4.17277e-31
 1.85977e-41 2.58124e-33 4.33057e-26 8.7823e-20 2.15288e-14 6.37937e-10 2.28499e-06 0.000989321 0.0517771 0.327597 0.255895 0.109575 0.169298 0.0574017 0.0211072 0.00547167 0.000834154 5.14507e-05 1.01495e-06 4.9268e-09 4.84151e-12 8.35372e-16 2.30006e-20 9.43301e-26 5.47537e-32
 1.84339e-41 2.55851e-33 4.29243e-26 8.70496e-20 2.13392e-14 6.32319e-10 2.26486e-06 0.000980608 0.0513212 0.324725 0.254739 0.116624 0.167578 0.0575029 0.0214571 0.00443394 0.000598429 3.67808e-05 6.68833e-07 2.76228e-09 2.17264e-12 2.87109e-16 5.85591e-21 1.73931e-26 7.22615e-33
 1.86603e-41 2.58992e-33 4.34513e-26 8.81183e-20 2.16012e-14 6.40082e-10 2.29267e-06 0.000992647 0.0519513 0.328726 0.258785 0.121264 0.159935 0.0540501 0.019854 0.00396442 0.000451678 2.26674e-05 3.67461e-07 1.31793e-09 8.49567e-13 8.80604e-17 1.36574e-21 3.01561e-27 9.15474e-34
 1.94776e-41 2.70336e-33 4.53544e-26 9.19778e-20 2.25473e-14 6.68117e-10 2.39309e-06 0.00103612 0.0542267 0.343135 0.270468 0.121056 0.143844 0.0467572 0.0161025 0.00304137 0.000317687 1.3112e-05 1.65454e-07 4.81286e-10 2.53865e-13 2.09897e-17 2.52323e-22 4.22254e-28 9.55409e-35
 1.94155e-41 2.69475e-33 4.521e-26 9.1685e-20 2.24755e-14 6.6599e-10 2.38547e-06 0.00103283 0.0540541 0.34207 0.27131 0.129801 0.142589 0.0432536 0.01337 0.0022952 0.000214152 7.58025e-06 7.53817e-08 1.64548e-10 6.5807e-14 4.20408e-18 3.91195e-23 5.01577e-29 8.57978e-36
 1.97973e-41 2.74773e-33 4.60988e-26 9.34875e-20 2.29174e-14 6.79083e-10 2.43237e-06 0.00105313 0.0551169 0.34882 0.277642 0.131738 0.132106 0.0400049 0.0116344 0.00173996 0.000138205 4.09118e-06 3.27098e-08 5.45085e-11 1.60283e-14 7.46656e-19 5.11383e-24 4.87959e-30 6.2451e-37
 1.90854e-41 2.64892e-33 4.44412e-26 9.01258e-20 2.20933e-14 6.54664e-10 2.3449e-06 0.00101526 0.053135 0.336338 0.271093 0.147223 0.138693 0.0401387 0.0107725 0.00148683 9.95269e-05 2.35527e-06 1.47738e-08 1.89033e-11 4.1572e-15 1.41447e-19 6.97483e-25 4.77335e-31 4.3966e-38
 1.95917e-41 2.7192e-33 4.56202e-26 9.25168e-20 2.26794e-14 6.72032e-10 2.40711e-06 0.0010422 0.0545448 0.345296 0.279126 0.145556 0.125497 0.0379273 0.00973766 0.00120122 6.91381e-05 1.31515e-06 6.28458e-09 6.0257e-12 9.85245e-16 2.46829e-20 8.86345e-26 4.37233e-32 2.88062e-39
 1.93815e-41 2.69002e-33 4.51306e-26 9.15241e-20 2.2436e-14 6.64821e-10 2.38128e-06 0.00103101 0.0539597 0.341671 0.279403 0.15573 0.124024 0.0348905 0.00827035 0.000968775 4.79037e-05 7.3546e-07 2.7012e-09 1.91787e-12 2.28592e-16 4.15883e-21 1.08282e-26 3.86318e-33 1.83408e-40
 1.87563e-41 2.60325e-33 4.3675e-26 8.8572e-20 2.17124e-14 6.43377e-10 2.30447e-06 0.000997757 0.0522196 0.330774 0.275186 0.169335 0.126975 0.0359066 0.00776653 0.000801846 3.4652e-05 4.36718e-07 1.23867e-09 6.56625e-13 5.71332e-17 7.48559e-22 1.39559e-27 3.56108e-34 1.20964e-41
 1.79906e-41 2.49697e-33 4.18919e-26 8.4956e-20 2.0826e-14 6.17112e-10 2.21039e-06 0.000957024 0.0500883 0.31744 0.269959 0.183934 0.130878 0.0381554 0.00783212 0.000727696 2.6273e-05 2.6918e-07 5.99028e-10 2.39519e-13 1.53256e-17 1.45529e-22 1.94793e-28 3.54634e-35 8.56451e-43
 1.83013e-41 2.5401e-33 4.26154e-26 8.64232e-20 2.11856e-14 6.27769e-10 2.24856e-06 0.000973552 0.0509537 0.323034 0.276658 0.18203 0.121478 0.0369097 0.00730917 0.000631863 1.9419e-05 1.58481e-07 2.72213e-10 8.25369e-14 3.92962e-18 2.72994e-23 2.64189e-29 3.45158e-36 5.95274e-44
#pred catch len freq
 2.56698e-27 2.59863e-27 4.22155e-26 8.36578e-20 2.05077e-14 6.0768e-10 2.17661e-06 0.000942388 0.0493212 0.312019 0.23884 0.0369571 0.113503 0.104869 0.0270874 0.0357725 0.0169254 0.0151661 0.0103904 0.00864467 0.00730689 0.00671084 0.00708104 0.00646665 0.00199387
 2.56945e-27 2.60498e-27 4.7358e-26 9.45043e-20 2.31666e-14 6.86467e-10 2.45881e-06 0.00106457 0.0557158 0.352473 0.269774 0.0397185 0.112786 0.103822 0.0202371 0.0201431 0.0080269 0.00535995 0.00303571 0.00214805 0.00158755 0.00130019 0.00124917 0.00116084 0.000394425
 2.56918e-27 2.60417e-27 4.65235e-26 9.27434e-20 2.27349e-14 6.73677e-10 2.413e-06 0.00104474 0.0546777 0.345906 0.26478 0.041037 0.12633 0.116215 0.0206035 0.0177805 0.00609964 0.00269494 0.00115603 0.000610623 0.000357889 0.000246471 0.000206438 0.000185371 6.57781e-05
 2.569e-27 2.60369e-27 4.61112e-26 9.18737e-20 2.25217e-14 6.67359e-10 2.39037e-06 0.00103494 0.0541649 0.342662 0.262304 0.0410791 0.12839 0.118164 0.0218301 0.020074 0.00658753 0.00240112 0.000792125 0.000273016 0.000108183 5.5074e-05 3.71392e-05 3.02809e-05 1.07932e-05
 2.57158e-27 2.61068e-27 5.22716e-26 1.0487e-19 2.57075e-14 7.61759e-10 2.72849e-06 0.00118133 0.0618267 0.391133 0.299289 0.0394069 0.08968 0.0824093 0.0148999 0.0132636 0.00443534 0.00174222 0.000532775 0.00014263 3.51707e-05 1.07641e-05 4.93614e-06 3.31619e-06 1.14159e-06
 2.56902e-27 2.60367e-27 4.59979e-26 9.16343e-20 2.2463e-14 6.6562e-10 2.38414e-06 0.00103224 0.0540238 0.341769 0.261634 0.0418524 0.134745 0.123862 0.01984 0.0140924 0.00464685 0.00175569 0.000552822 0.000152409 3.03753e-05 5.49637e-06 1.3009e-06 5.89841e-07 1.84922e-07
 2.56868e-27 2.60282e-27 4.53334e-26 9.02329e-20 2.21195e-14 6.55441e-10 2.34768e-06 0.00101646 0.0531976 0.336543 0.257635 0.0413392 0.13365 0.123029 0.0229105 0.0212949 0.00667569 0.00193163 0.000580486 0.000156849 3.22738e-05 4.89915e-06 5.97721e-07 1.25364e-07 3.12744e-08
 2.57104e-27 2.60921e-27 5.09724e-26 1.02129e-19 2.50356e-14 7.41851e-10 2.65718e-06 0.00115046 0.0602109 0.38091 0.291489 0.0397799 0.0979979 0.0900878 0.0163098 0.0145499 0.00488391 0.00193763 0.00054534 0.000117699 2.30326e-05 3.50756e-06 3.42086e-07 2.87405e-08 3.98809e-09
 2.57035e-27 2.60726e-27 4.9183e-26 9.83536e-20 2.41102e-14 7.14428e-10 2.55896e-06 0.00110793 0.0579852 0.36683 0.280755 0.040876 0.113881 0.104618 0.0165884 0.0115166 0.00379819 0.00143929 0.000455794 0.000123101 2.05322e-05 2.73657e-06 2.57628e-07 1.42123e-08 7.35526e-10
 2.57009e-27 2.60658e-27 4.8603e-26 9.71301e-20 2.38103e-14 7.05541e-10 2.52713e-06 0.00109415 0.0572639 0.362267 0.27727 0.0408715 0.116295 0.106898 0.0179403 0.0140135 0.00436146 0.00123011 0.000368886 0.000100074 2.03848e-05 2.69525e-06 2.15675e-07 1.05955e-08 2.78208e-10
 2.57056e-27 2.60788e-27 4.97616e-26 9.95744e-20 2.44095e-14 7.23296e-10 2.59072e-06 0.00112168 0.0587049 0.371383 0.284225 0.0404354 0.10809 0.099343 0.0169116 0.0135761 0.00433509 0.00139248 0.000380503 8.0378e-05 1.5725e-05 2.36666e-06 1.99996e-07 8.49011e-09 1.75168e-10
 2.57127e-27 2.60978e-27 5.14238e-26 1.03081e-19 2.5269e-14 7.48766e-10 2.68195e-06 0.00116118 0.0607722 0.384461 0.294205 0.0400882 0.0984358 0.0903992 0.0146919 0.0107632 0.00345357 0.00114772 0.000329324 7.48112e-05 1.20213e-05 1.58432e-06 1.45993e-07 6.53939e-09 1.17887e-10
 2.57083e-27 2.60856e-27 5.03176e-26 1.00747e-19 2.46969e-14 7.31815e-10 2.62124e-06 0.0011349 0.0593963 0.375757 0.287568 0.0406306 0.107227 0.0984655 0.0152847 0.010079 0.00316094 0.000945138 0.000271174 6.42547e-05 1.10851e-05 1.32571e-06 1.03644e-07 4.87273e-09 9.10387e-11
 2.5705e-27 2.60766e-27 4.9539e-26 9.91047e-20 2.42943e-14 7.19884e-10 2.5785e-06 0.00111639 0.058428 0.369631 0.282892 0.0407495 0.111417 0.102362 0.0165186 0.0119092 0.00366705 0.000973322 0.000264766 5.7709e-05 1.01567e-05 1.28882e-06 9.52628e-08 3.87268e-09 7.36557e-11
 2.56969e-27 2.60547e-27 4.75923e-26 9.49978e-20 2.32876e-14 6.90053e-10 2.47165e-06 0.00107013 0.0560068 0.354314 0.271206 0.0413663 0.124321 0.114259 0.0184236 0.0132639 0.00415386 0.0012159 0.000322707 6.28617e-05 1.01592e-05 1.2587e-06 9.74608e-08 3.78377e-09 6.40063e-11
 2.5698e-27 2.60578e-27 4.78744e-26 9.55931e-20 2.34335e-14 6.94377e-10 2.48714e-06 0.00107684 0.0563577 0.356535 0.272898 0.0411976 0.121848 0.111996 0.0183761 0.0137254 0.00429982 0.00125821 0.000344471 7.20129e-05 1.083e-05 1.20304e-06 8.89783e-08 3.54708e-09 5.7477e-11
 2.57056e-27 2.60785e-27 4.97186e-26 9.94835e-20 2.43872e-14 7.22636e-10 2.58836e-06 0.00112066 0.0586514 0.371045 0.283968 0.0405581 0.109205 0.100348 0.0166648 0.0127564 0.004029 0.00122942 0.000338206 7.13795e-05 1.13621e-05 1.24627e-06 8.24134e-08 3.10324e-09 5.06649e-11
 2.57064e-27 2.60804e-27 4.98659e-26 9.97942e-20 2.44633e-14 7.24893e-10 2.59644e-06 0.00112416 0.0588345 0.372203 0.284855 0.0407306 0.109894 0.100933 0.0158432 0.0107342 0.00340082 0.00106814 0.00029904 6.53572e-05 1.05077e-05 1.19774e-06 7.97912e-08 2.72974e-09 4.18868e-11
 2.57065e-27 2.60806e-27 4.98829e-26 9.983e-20 2.44721e-14 7.25152e-10 2.59737e-06 0.00112456 0.0588556 0.372337 0.284957 0.0407275 0.109798 0.100848 0.0158912 0.0108597 0.0033566 0.000918557 0.000255291 5.73935e-05 9.5212e-06 1.11205e-06 7.6423e-08 2.63183e-09 3.73338e-11
 2.57108e-27 2.60925e-27 5.09272e-26 1.02033e-19 2.50122e-14 7.41156e-10 2.6547e-06 0.00114938 0.0601545 0.380554 0.291228 0.040463 0.10338 0.0949146 0.01464 0.0094994 0.00293793 0.000810167 0.000215332 4.32771e-05 7.22e-06 8.71822e-07 6.18518e-08 2.19382e-09 3.1185e-11
 2.57131e-27 2.60987e-27 5.14719e-26 1.03182e-19 2.52938e-14 7.49502e-10 2.68459e-06 0.00116232 0.0608319 0.384839 0.294498 0.0403338 0.100099 0.0918804 0.0139823 0.00876126 0.00268269 0.000698897 0.000184799 3.68426e-05 5.62365e-06 6.4641e-07 4.72197e-08 1.73403e-09 2.53559e-11
 2.57123e-27 2.60962e-27 5.1245e-26 1.02703e-19 2.51765e-14 7.46025e-10 2.67214e-06 0.00115693 0.0605497 0.383054 0.293137 0.0404812 0.102177 0.0937802 0.0139939 0.00830806 0.00252622 0.00063329 0.000163665 3.11143e-05 4.70002e-06 5.0862e-07 3.46632e-08 1.29286e-09 1.9571e-11
 2.57131e-27 2.60986e-27 5.14684e-26 1.03175e-19 2.5292e-14 7.49448e-10 2.6844e-06 0.00116224 0.0608275 0.384811 0.294476 0.0403275 0.100067 0.0918541 0.014044 0.00890619 0.00268954 0.000636332 0.000161202 2.9495e-05 4.27495e-06 4.47791e-07 2.90014e-08 1.01161e-09 1.53641e-11
 2.57151e-27 2.61039e-27 5.19217e-26 1.04131e-19 2.55264e-14 7.56394e-10 2.70928e-06 0.00117301 0.0613913 0.388378 0.297199 0.0402775 0.097773 0.089716 0.0132766 0.00769553 0.00234333 0.000594481 0.000149824 2.60003e-05 3.63741e-06 3.64058e-07 2.25751e-08 7.47234e-10 1.06908e-11
 2.57204e-27 2.61183e-27 5.32063e-26 1.06841e-19 2.61908e-14 7.7608e-10 2.77979e-06 0.00120354 0.0629891 0.398486 0.30491 0.03985 0.0891015 0.0817253 0.0120679 0.00694832 0.0020864 0.000481422 0.000121898 2.23476e-05 3.04526e-06 2.89933e-07 1.712e-08 5.39475e-10 7.30893e-12
 2.57206e-27 2.61187e-27 5.32174e-26 1.06864e-19 2.61965e-14 7.76249e-10 2.78039e-06 0.0012038 0.0630028 0.398573 0.304979 0.0399934 0.0901453 0.0826538 0.0116031 0.00565425 0.00168896 0.000386612 9.52451e-05 1.61872e-05 2.26259e-06 2.18062e-07 1.22506e-08 3.65875e-10 4.70421e-12
 2.57181e-27 2.6112e-27 5.26257e-26 1.05616e-19 2.58905e-14 7.67182e-10 2.74792e-06 0.00118974 0.0622668 0.393917 0.301427 0.0401838 0.0940897 0.0862925 0.0122257 0.00615574 0.00180235 0.00034833 8.30253e-05 1.38989e-05 1.83762e-06 1.72664e-07 9.88089e-09 2.8382e-10 3.45081e-12
 2.57164e-27 2.61073e-27 5.22151e-26 1.0475e-19 2.56782e-14 7.60891e-10 2.72538e-06 0.00117999 0.0617563 0.390687 0.298962 0.0402874 0.0966098 0.0886226 0.0127217 0.00670064 0.00197161 0.000393033 9.05278e-05 1.3061e-05 1.66076e-06 1.49737e-07 8.21885e-09 2.37323e-10 2.80062e-12
#obs catch len freq
 1.7569e-41 2.43846e-33 4.09102e-26 8.29651e-20 2.03379e-14 6.0265e-10 2.15859e-06 0.000934597 0.0489131 0.309438 0.23702 0.0441322 0.153468 0.129993 0.0364401 0.0279153 0.00847983 0.00267166 0.000525505 6.23146e-05 3.24528e-06 5.39972e-08 2.13409e-10 1.60824e-13 1.9978e-17
 1.77738e-41 2.46688e-33 4.13871e-26 8.39322e-20 2.0575e-14 6.09675e-10 2.18376e-06 0.000945491 0.0494832 0.313045 0.239832 0.0459992 0.155187 0.12439 0.0354722 0.0255526 0.00745904 0.00219444 0.000394618 4.05692e-05 1.7367e-06 2.24989e-08 6.63627e-11 3.63144e-14 3.22185e-18
 2.18269e-41 3.02943e-33 5.0825e-26 1.03072e-19 2.52669e-14 7.48704e-10 2.68174e-06 0.0011611 0.0607673 0.384432 0.294297 0.0433288 0.0988404 0.0747062 0.0219982 0.0149156 0.00419789 0.00114799 0.000187538 1.66635e-05 5.81786e-07 5.83524e-09 1.28299e-11 5.10313e-15 3.24056e-19
 1.73359e-41 2.40611e-33 4.03675e-26 8.18646e-20 2.00681e-14 5.94656e-10 2.12996e-06 0.000922199 0.0482642 0.305334 0.234172 0.0537939 0.184243 0.129337 0.0259251 0.0132949 0.00363621 0.00092662 0.000136969 1.04404e-05 2.95864e-07 2.28753e-09 3.73963e-12 1.0814e-15 4.92317e-20
 2.10777e-41 2.92545e-33 4.90805e-26 9.95342e-20 2.43996e-14 7.23006e-10 2.58969e-06 0.00112125 0.0586816 0.371237 0.284367 0.0474319 0.113373 0.0766223 0.0274732 0.0160853 0.00296085 0.000563836 7.48529e-05 4.87211e-06 1.11372e-07 6.61812e-10 8.03439e-13 1.68831e-16 5.51385e-21
 2.3864e-41 3.31216e-33 5.55683e-26 1.12692e-19 2.7625e-14 8.18579e-10 2.93202e-06 0.00126946 0.0664386 0.42031 0.321796 0.045406 0.0782908 0.0482559 0.0109899 0.00541889 0.00151639 0.000279792 2.44879e-05 1.25929e-06 2.3072e-08 1.05052e-10 9.46281e-14 1.44572e-17 3.38973e-22
 1.3492e-41 1.87261e-33 3.14168e-26 6.37127e-20 1.56184e-14 4.62803e-10 1.65768e-06 0.000717719 0.0375626 0.237636 0.183264 0.0757323 0.271919 0.15499 0.0264203 0.00961801 0.00177678 0.000328001 3.17448e-05 1.14304e-06 1.48393e-08 5.07991e-11 3.39055e-14 3.76801e-18 6.35026e-23
 2.23836e-41 3.1067e-33 5.21213e-26 1.05701e-19 2.59114e-14 7.67801e-10 2.75014e-06 0.00119072 0.0623173 0.394238 0.30205 0.0481382 0.087068 0.0527556 0.0342093 0.0157309 0.00204381 0.000236344 1.8262e-05 6.31944e-07 6.06959e-09 1.4047e-11 6.65425e-15 5.3401e-19 6.47044e-24
 2.02856e-41 2.8155e-33 4.72359e-26 9.57934e-20 2.34826e-14 6.95833e-10 2.49236e-06 0.00107911 0.0564761 0.357288 0.274382 0.0632179 0.150003 0.074256 0.0143859 0.00640001 0.00221909 0.000277258 1.28832e-05 3.11293e-07 2.48974e-09 4.34685e-12 1.39922e-15 7.63867e-20 6.47097e-25
 2.07447e-41 2.87923e-33 4.83051e-26 9.79618e-20 2.40142e-14 7.11584e-10 2.54878e-06 0.00110353 0.0577546 0.365376 0.280655 0.0634709 0.137215 0.0659207 0.0204567 0.00684174 0.00101189 0.00017931 1.18782e-05 1.9939e-07 1.01596e-09 1.31546e-12 3.1806e-16 1.22576e-20 7.05464e-26
 2.02783e-41 2.8145e-33 4.7219e-26 9.57592e-20 2.34742e-14 6.95584e-10 2.49147e-06 0.00107872 0.0564559 0.357163 0.274718 0.0693631 0.147833 0.0659965 0.01965 0.00650895 0.00111236 0.00011186 6.61077e-06 1.3601e-07 5.63907e-10 4.67142e-13 7.601e-17 2.10755e-21 8.77078e-27
 2.14284e-41 2.97412e-33 4.9897e-26 1.0119e-19 2.48056e-14 7.35035e-10 2.63278e-06 0.0011399 0.0596579 0.37742 0.290233 0.0677727 0.126476 0.0535845 0.017497 0.00527753 0.000851432 8.3902e-05 3.49003e-06 5.46386e-08 2.25046e-10 1.63882e-13 1.88616e-17 3.41959e-22 9.55169e-28
 2.09494e-41 2.90764e-33 4.87817e-26 9.89284e-20 2.42511e-14 7.18605e-10 2.57393e-06 0.00111442 0.0583244 0.368987 0.284278 0.0751917 0.138329 0.0536247 0.0152112 0.00420687 0.000669205 5.91555e-05 2.16568e-06 2.49072e-08 7.3196e-11 4.44246e-14 4.42195e-18 6.35008e-23 1.26395e-28
 2.04618e-41 2.83997e-33 4.76464e-26 9.66259e-20 2.36867e-14 7.0188e-10 2.51402e-06 0.00108848 0.0569669 0.360404 0.278256 0.0818972 0.145392 0.0541802 0.0170657 0.00414227 0.000558396 4.4418e-05 1.41274e-06 1.32481e-08 2.87334e-11 1.21505e-14 8.88647e-19 1.0055e-23 1.60749e-29
 1.92818e-41 2.67619e-33 4.48986e-26 9.10534e-20 2.23207e-14 6.61403e-10 2.36904e-06 0.00102571 0.0536817 0.339627 0.263317 0.0938677 0.164429 0.0590133 0.0197888 0.00460747 0.000599 3.91129e-05 1.0229e-06 7.84167e-09 1.32752e-11 4.14701e-15 2.13387e-19 1.68064e-24 1.92168e-30
 1.75996e-41 2.44271e-33 4.09815e-26 8.31098e-20 2.03734e-14 6.037e-10 2.16236e-06 0.000936226 0.0489984 0.310011 0.24203 0.109589 0.188525 0.0677954 0.0256092 0.00572768 0.0007307 4.32788e-05 9.16913e-07 5.42081e-09 7.08094e-12 1.67851e-15 6.38007e-20 3.60946e-25 2.8977e-31
 1.96695e-41 2.73e-33 4.58015e-26 9.28844e-20 2.27695e-14 6.74703e-10 2.41668e-06 0.00104634 0.0547611 0.346469 0.269518 0.0979392 0.144713 0.0551198 0.0241724 0.00550651 0.000712955 3.90797e-05 7.13541e-07 3.31987e-09 3.23331e-12 5.66531e-16 1.59169e-20 6.61082e-26 3.85224e-32
 1.92158e-41 2.66702e-33 4.47448e-26 9.07416e-20 2.22442e-14 6.59137e-10 2.36092e-06 0.0010222 0.0534978 0.338492 0.264864 0.11172 0.156643 0.0508192 0.0179841 0.00433295 0.000590331 3.11752e-05 5.02736e-07 1.92019e-09 1.44211e-12 1.8633e-16 3.78664e-21 1.13464e-26 4.77816e-33
 1.90701e-41 2.64681e-33 4.44057e-26 9.00538e-20 2.20756e-14 6.54141e-10 2.34303e-06 0.00101445 0.0530923 0.335943 0.264059 0.118533 0.154465 0.0510503 0.0179652 0.00343493 0.000419492 2.18782e-05 3.2127e-07 1.03408e-09 6.17515e-13 6.08433e-17 9.13667e-22 1.98023e-27 5.96429e-34
 1.9301e-41 2.67885e-33 4.49433e-26 9.11442e-20 2.23429e-14 6.62061e-10 2.3714e-06 0.00102673 0.0537352 0.340027 0.268244 0.122678 0.146619 0.0478582 0.0164647 0.00302337 0.000306741 1.31273e-05 1.7103e-07 4.73642e-10 2.30224e-13 1.77123e-17 2.01667e-22 3.24361e-28 7.13219e-35
 2.00935e-41 2.78884e-33 4.67886e-26 9.48864e-20 2.32603e-14 6.89245e-10 2.46876e-06 0.00106889 0.0559415 0.354002 0.279609 0.121706 0.130897 0.0410884 0.0131818 0.0022854 0.00021011 7.29797e-06 7.38934e-08 1.65552e-10 6.54951e-14 4.00082e-18 3.51963e-23 4.28157e-29 7.00763e-36
 2.00365e-41 2.78093e-33 4.66559e-26 9.46173e-20 2.31943e-14 6.8729e-10 2.46176e-06 0.00106586 0.0557829 0.353031 0.280652 0.129961 0.129128 0.0377202 0.0108152 0.00169815 0.000138548 4.0812e-06 3.2252e-08 5.40414e-11 1.61795e-14 7.6142e-19 5.16911e-24 4.80637e-30 5.93746e-37
 2.04071e-41 2.83238e-33 4.7519e-26 9.63676e-20 2.36234e-14 7.00004e-10 2.5073e-06 0.00108557 0.0568149 0.359591 0.28689 0.131236 0.119053 0.0347104 0.00926732 0.00126032 8.70353e-05 2.12824e-06 1.34135e-08 1.70536e-11 3.74283e-15 1.28227e-19 6.39544e-25 4.41577e-31 4.07275e-38
 1.97276e-41 2.73806e-33 4.59366e-26 9.31585e-20 2.28367e-14 6.76693e-10 2.4238e-06 0.00104942 0.0549231 0.34769 0.281033 0.146264 0.124739 0.034666 0.00851183 0.00105903 6.09796e-05 1.18453e-06 5.82536e-09 5.65913e-12 9.25634e-16 2.31148e-20 8.29092e-26 4.10163e-32 2.71901e-39
 2.02195e-41 2.80633e-33 4.7082e-26 9.54813e-20 2.34061e-14 6.93566e-10 2.48424e-06 0.00107559 0.0562927 0.3564 0.288882 0.143853 0.112449 0.0325832 0.00758171 0.000837991 4.1105e-05 6.35572e-07 2.36863e-09 1.7184e-12 2.08392e-16 3.82368e-21 9.97411e-27 3.55411e-33 1.68459e-40
 2.00168e-41 2.77821e-33 4.66102e-26 9.45245e-20 2.31716e-14 6.86616e-10 2.45935e-06 0.00106481 0.0557289 0.352924 0.289454 0.153304 0.1107 0.0297393 0.00639038 0.000663792 2.76843e-05 3.42684e-07 9.75249e-10 5.21983e-13 4.60435e-17 6.12484e-22 1.15681e-27 2.97805e-34 1.01646e-41
 1.94172e-41 2.69498e-33 4.52138e-26 9.16927e-20 2.24774e-14 6.66046e-10 2.38567e-06 0.00103291 0.0540598 0.342497 0.285873 0.166274 0.113329 0.0304454 0.00592617 0.000540205 1.95235e-05 1.96472e-07 4.29249e-10 1.7088e-13 1.09781e-17 1.05022e-22 1.41888e-28 2.61006e-35 6.36841e-43
 1.86784e-41 2.59244e-33 4.34936e-26 8.82041e-20 2.16222e-14 6.40705e-10 2.2949e-06 0.000993614 0.0520037 0.329668 0.281372 0.180292 0.11701 0.0322412 0.00592156 0.000480622 1.44075e-05 1.17081e-07 1.99459e-10 5.96588e-14 2.81212e-18 1.94704e-23 1.88698e-29 2.47527e-36 4.29207e-44
#spawning biomass
 6508.54 7897.33 10033.6 12145.4 16998.9 26845.6 28551.2 32245.2 42749.3 52382.5 66395.2 87211.4 110766 135267 134312 110216 107484 106406 106755 101148 106445 109038 121902 121587 134524 135142 137912 141163 164742 182726 106245 58569.6 34889 24524 20335.1 18730.9 18139.4 17927.3 17852.7 17826.8 17818 17815 17814 17813.7 17813.5 17813.5 17813.5 17813.5 17813.5 17813.5 17813.5 17813.5 17813.5 17813.5 17813.5 17813.5 17813.5 17813.5 17813.5 17813.5 17813.5 17813.5 17813.5 17813.5 17813.5 17813.5 17813.5 17813.5 17813.5 17813.5 17813.5 17813.5 17813.5 17813.5 17813.5 17813.5 17813.5 17813.5 17813.5 17813.5 17813.5 17813.5 17813.5 17813.5 17813.5 17813.5 17813.5 17813.5 17813.5 17813.5 17813.5 17813.5 17813.5 17813.5 17813.5 17813.5 17813.5 17813.5 17813.5 17813.5 17813.5 17813.5 17813.5 17813.5 17813.5 17813.5 17813.5 17813.5 17813.5 17813.5 17813.5 17813.5 17813.5 17813.5 17813.5 17813.5 17813.5 17813.5 17813.5 17813.5 17813.5 17813.5 17813.5 17813.5 17813.5 17813.5 17813.5 17813.5 0 0 0 0 0 0 0 0 0 0 0 0 0 0 0 0 0 0 0 0 0 0 0 0 0
