SBPRF35
0.224663
Curr Bio
29660
B35
68805.9
F35
0.507597
FOFL
0.317671
OFL
15399.4
Bzero
64189.3
#pred survey bio
 7492.29 6889.89 8098.81 10641.1 13599.5 16195.8 15264 14166.5 24097.2 36824 36643.2 42343.1 68329 79423.7 72347.8 62128.6 59761 62129.5 60193.7 62757.8 60431.6 65765.9 70121.3 74446.1 84214.7 84618.6 80335.9 90688.1 4.10879e+06 2.8389e+06 2.25486e+06 1.623e+06 1.23593e+06 1.02892e+06 923797 871093 844313 830259 822557 818134 815481 813832 812776 812087 811634 811334 811133 810999 810908 810847 810806 810778 810760 810747 810738 810732 810728 810726 810724 810723 810722 810721 810721 810721 810721 810720 810720 810720 810720 810720 810720 810720 810720 810720 810720 810720 810720 810720 810720 810720 810720 810720 810720 810720 810720 810720 810720 810720 810720 810720 810720 810720 810720 810720 810720 810720 810720 810720 810720 810720 810720 810720 810720 810720 810720 810720 810720 810720 810720 810720 810720 810720 810720 810720 810720 810720 810720 810720 810720 810720 810720 810720 810720 810720 810720 810720 810720 810720 0 0 0 0 0 0 0 0 0 0 0 0 0 0 0 0 0 0 0 0 0 0 0 0 0
#obs survey bio
 6406.94 6546.13 9794.52 16061.3 14557.1 13140.4 10641.7 19466.9 36944.1 45066.5 41298.1 47126.2 65055.5 55652.2 61131.7 51969.6 55161.7 42848.8 62029 45977.2 65668.4 76080.7 83882.1 56441 140770 64244.7 53265.3 111199
#pred catch bio
 3939.54 3438.67 3560.75 4895.23 6182.47 8230.78 9111.17 6892.98 8558.36 18923.2 22212.3 17660.6 34346.9 45055.5 43616.4 37935.4 32812.8 36868.9 32837.5 37078.5 33667 35620.5 39749.3 39763.8 46181 48973.9 46266.8 39825.3 15399.4 36868.9 31250 21013.5 14899.5 11825 10391.2 9752.12 9475.43 9357.92 9308.67 9288.2 9279.75 9276.28 9274.85 9274.27 9274.03 9273.93 9273.9 9273.88 9273.87 9273.87 9273.87 9273.87 9273.87 9273.87 9273.87 9273.87 9273.87 9273.87 9273.87 9273.87 9273.87 9273.87 9273.87 9273.87 9273.87 9273.87 9273.87 9273.87 9273.87 9273.87 9273.87 9273.87 9273.87 9273.87 9273.87 9273.87 9273.87 9273.87 9273.87 9273.87 9273.87 9273.87 9273.87 9273.87 9273.87 9273.87 9273.87 9273.87 9273.87 9273.87 9273.87 9273.87 9273.87 9273.87 9273.87 9273.87 9273.87 9273.87 9273.87 9273.87 9273.87 9273.87 9273.87 9273.87 9273.87 9273.87 9273.87 9273.87 9273.87 9273.87 9273.87 9273.87 9273.87 9273.87 9273.87 9273.87 9273.87 9273.87 9273.87 9273.87 9273.87 9273.87 9273.87 9273.87 9273.87 9273.87 9273.87 9273.87 0 0 0 0 0 0 0 0 0 0 0 0 0 0 0 0 0 0 0 0 0 0 0 0 0
#obs catch bio
 3772.49 3518.83 3540.28 4768.81 6026.14 8208.62 9331.77 6999.18 8164.91 17809.6 22705 17023 33408 46037.9 44448.9 39958.4 32674.6 37731.2 33241.3 37234.7 33932.3 34734.9 39700.5 39971.1 45590.1 49360.6 47571.9 39900.6
#pred cpue bio
 5049.05 3916.65 4257.42 5716.96 7215.75 9135.84 9292.28 7305.03 10289.5 20403.5 21282.7 18867.1 33729.6 43203.9 41300.7 34196.7 30369.5 33894.9 31356.8 34161.8 31818.6 33980.1 37861.5 38213.5 44225.2 46929.5 43383.1 44050.3 2.26752e+06 2.2707e+06 2.04089e+06 1.4314e+06 1.04498e+06 837979 732853 680150 653369 639316 631614 627190 624538 622888 621833 621143 620691 620390 620190 620055 619965 619904 619863 619835 619816 619803 619795 619789 619785 619782 619780 619779 619778 619778 619778 619777 619777 619777 619777 619777 619777 619777 619777 619777 619777 619777 619777 619777 619777 619777 619777 619777 619777 619777 619777 619777 619777 619777 619777 619777 619777 619777 619777 619777 619777 619777 619777 619777 619777 619777 619777 619777 619777 619777 619777 619777 619777 619777 619777 619777 619777 619777 619777 619777 619777 619777 619777 619777 619777 619777 619777 619777 619777 619777 619777 619777 619777 619777 619777 619777 0 0 0 0 0 0 0 0 0 0 0 0 0 0 0 0 0 0 0 0 0 0 0 0 0
#obs cpue bio
 4587.66 3035.71 4200.92 8476.23 7908.96 8463.37 9595.19 6070.66 18626.8 30422.3 16840.3 26332.3 39967.5 36759.3 34827.9 23639.5 29795.5 36196.8 25710.6 42833.3 32226.8 40842.9 34118.4 36567.6 39148.7 47672.1 37516.7 43166.5
#pred surv len freq
 2.14222e-27 2.16474e-27 5.73397e-27 1.22106e-21 7.2621e-17 9.92962e-13 3.12139e-09 2.25584e-06 0.000374804 0.0143173 0.125735 0.253864 0.11845 0.0289073 0.100054 0.140765 0.0565147 0.0432424 0.0373538 0.0227035 0.0173656 0.0133727 0.012239 0.010482 0.00425635
 2.14347e-27 2.16874e-27 6.19424e-27 1.37722e-21 8.19087e-17 1.11996e-12 3.52059e-09 2.54434e-06 0.000422739 0.0161483 0.141816 0.286331 0.133556 0.0314768 0.10596 0.14879 0.0558873 0.0316993 0.0244927 0.00995907 0.00546024 0.00324711 0.00233473 0.00173427 0.000681825
 2.14432e-27 2.17093e-27 6.42812e-27 1.45654e-21 8.6626e-17 1.18446e-12 3.72335e-09 2.69088e-06 0.000447085 0.0170784 0.149983 0.302821 0.141192 0.0317961 0.102941 0.144429 0.0530655 0.0264868 0.0194889 0.00631616 0.00237536 0.000866855 0.000401003 0.000227627 8.15446e-05
 2.14377e-27 2.16963e-27 6.29202e-27 1.41038e-21 8.38807e-17 1.14692e-12 3.60536e-09 2.6056e-06 0.000432917 0.0165371 0.14523 0.293225 0.13677 0.0321962 0.108275 0.151974 0.0560823 0.0287354 0.0211244 0.0065156 0.00215189 0.000556391 0.000135197 4.33627e-05 1.24164e-05
 2.14411e-27 2.17046e-27 6.38121e-27 1.44064e-21 8.56803e-17 1.17152e-12 3.6827e-09 2.6615e-06 0.000442204 0.0168919 0.148346 0.299515 0.139664 0.0318121 0.104034 0.14601 0.0541671 0.0286284 0.0211661 0.0065601 0.00214946 0.000508174 8.73928e-05 1.30545e-05 2.10576e-06
 2.14255e-27 2.16663e-27 5.9747e-27 1.30274e-21 7.74789e-17 1.05939e-12 3.33019e-09 2.40674e-06 0.000399876 0.015275 0.134146 0.270847 0.126463 0.0332147 0.121238 0.170256 0.0626857 0.0316853 0.0233016 0.00734215 0.00245852 0.000581298 9.3401e-05 9.66809e-06 7.10335e-07
 2.1406e-27 2.16189e-27 5.47991e-27 1.13493e-21 6.74987e-17 9.22925e-13 2.90123e-09 2.09672e-06 0.000348368 0.0133074 0.116866 0.23596 0.110371 0.0342027 0.137784 0.193709 0.0727379 0.0410957 0.0306027 0.00924397 0.00294202 0.000700612 0.000113642 1.10173e-05 5.66631e-07
 2.14488e-27 2.17237e-27 6.5868e-27 1.51039e-21 8.98289e-17 1.22825e-12 3.86102e-09 2.79037e-06 0.000463616 0.0177098 0.155528 0.314017 0.146333 0.030874 0.0939372 0.131819 0.0497274 0.0287876 0.0215452 0.00658643 0.00210517 0.000480368 7.4908e-05 7.22869e-06 3.5048e-07
 2.14755e-27 2.17884e-27 7.25855e-27 1.7382e-21 1.03378e-16 1.4135e-12 4.44337e-09 3.21124e-06 0.000533542 0.0203809 0.178986 0.361378 0.168188 0.0297754 0.0729557 0.102032 0.0363168 0.0145303 0.0102329 0.00327274 0.00111226 0.000258472 3.98979e-05 3.70691e-06 1.74975e-07
 2.1423e-27 2.1659e-27 5.88342e-27 1.2717e-21 7.56331e-17 1.03415e-12 3.25086e-09 2.3494e-06 0.00039035 0.0149111 0.13095 0.264395 0.123539 0.0347771 0.13272 0.186238 0.0655822 0.0239759 0.016283 0.00455996 0.00130856 0.000311835 5.08711e-05 4.77749e-06 2.20608e-07
 2.14204e-27 2.16544e-27 5.85544e-27 1.26232e-21 7.5075e-17 1.02652e-12 3.22687e-09 2.33207e-06 0.000387469 0.0148011 0.129984 0.262444 0.122567 0.0329338 0.122056 0.171559 0.0652251 0.0392285 0.0290145 0.00754079 0.00182628 0.000371329 5.36873e-05 5.12353e-06 2.43561e-07
 2.147e-27 2.17751e-27 7.11939e-27 1.69101e-21 1.00571e-16 1.37512e-12 4.32272e-09 3.12404e-06 0.000519055 0.0198275 0.174127 0.351566 0.163663 0.0300752 0.0777437 0.108815 0.0391864 0.017116 0.0122166 0.00373507 0.00115494 0.000223188 2.66451e-05 2.16255e-06 9.6917e-08
 2.14487e-27 2.17223e-27 6.55286e-27 1.49879e-21 8.91388e-17 1.21881e-12 3.83136e-09 2.76893e-06 0.000460054 0.0175738 0.154334 0.311605 0.145283 0.0326037 0.105223 0.147454 0.0515424 0.0176209 0.0117724 0.00332332 0.000954602 0.00021371 3.01297e-05 2.27046e-06 8.57165e-08
 2.14289e-27 2.16739e-27 6.04329e-27 1.32595e-21 7.88593e-17 1.07826e-12 3.38953e-09 2.44962e-06 0.000407001 0.0155472 0.136536 0.275673 0.128722 0.0339743 0.12442 0.174594 0.0622353 0.025147 0.0172791 0.00429397 0.000949964 0.000189688 2.65464e-05 2.27323e-06 9.05214e-08
 2.14187e-27 2.16491e-27 5.78607e-27 1.23872e-21 7.36715e-17 1.00733e-12 3.16654e-09 2.28847e-06 0.000380226 0.0145244 0.127554 0.257538 0.120353 0.0343734 0.132323 0.185818 0.0673559 0.0307612 0.0217644 0.00565273 0.00133547 0.000235867 2.6121e-05 2.02728e-06 8.41891e-08
 2.14293e-27 2.16752e-27 6.06464e-27 1.33322e-21 7.9292e-17 1.08418e-12 3.40812e-09 2.46306e-06 0.000409234 0.0156325 0.137285 0.277185 0.129397 0.0333175 0.119955 0.168397 0.0613574 0.0290117 0.0207351 0.0055908 0.00142806 0.000265083 2.94264e-05 1.96116e-06 6.88448e-08
 2.14439e-27 2.17105e-27 6.42957e-27 1.45698e-21 8.66521e-17 1.18481e-12 3.72448e-09 2.69169e-06 0.00044722 0.0170835 0.150028 0.302913 0.141273 0.0328163 0.109141 0.153018 0.0540839 0.0204071 0.0139062 0.00372504 0.000949272 0.000182846 2.17623e-05 1.50065e-06 4.95564e-08
 2.14269e-27 2.16687e-27 5.98542e-27 1.30631e-21 7.7691e-17 1.06229e-12 3.33931e-09 2.41333e-06 0.000400971 0.0153168 0.134513 0.271589 0.126851 0.0344096 0.128309 0.180032 0.0635709 0.0237831 0.0160752 0.0040446 0.000909917 0.000170791 2.06115e-05 1.49077e-06 5.17565e-08
 2.14403e-27 2.1702e-27 6.34329e-27 1.42773e-21 8.49125e-17 1.16103e-12 3.6497e-09 2.63765e-06 0.000438242 0.0167405 0.147016 0.296832 0.138459 0.0327537 0.110592 0.155134 0.0558028 0.0241402 0.0168287 0.00418179 0.000902179 0.000157448 1.71591e-05 1.20606e-06 4.28936e-08
 2.14289e-27 2.16737e-27 6.04168e-27 1.3254e-21 7.88269e-17 1.07782e-12 3.38813e-09 2.44861e-06 0.000406833 0.0155408 0.13648 0.275559 0.12867 0.0339789 0.124483 0.174676 0.062183 0.0248781 0.0171799 0.00459068 0.00114572 0.000203016 2.10319e-05 1.35716e-06 4.49984e-08
 2.14375e-27 2.16949e-27 6.26812e-27 1.40222e-21 8.33957e-17 1.14029e-12 3.58451e-09 2.59053e-06 0.000430413 0.0164415 0.14439 0.29153 0.13602 0.0330904 0.114245 0.160268 0.057399 0.0240504 0.0166945 0.0042525 0.000980022 0.000183245 2.11232e-05 1.38015e-06 4.31315e-08
 2.14413e-27 2.17042e-27 6.36558e-27 1.43528e-21 8.53618e-17 1.16717e-12 3.66901e-09 2.65161e-06 0.000440561 0.0168291 0.147794 0.298402 0.139188 0.0328479 0.110694 0.155242 0.0553558 0.0224333 0.015508 0.00407259 0.000988774 0.000179228 1.9897e-05 1.37333e-06 4.571e-08
 2.14308e-27 2.16785e-27 6.09247e-27 1.34263e-21 7.98516e-17 1.09183e-12 3.43218e-09 2.48044e-06 0.000412122 0.0157428 0.138254 0.279141 0.13032 0.0338119 0.122384 0.171718 0.0611435 0.0245014 0.0168835 0.0044025 0.001061 0.000197523 2.25757e-05 1.5285e-06 5.09269e-08
 2.1444e-27 2.17112e-27 6.44271e-27 1.46146e-21 8.69187e-17 1.18846e-12 3.73593e-09 2.69997e-06 0.000448596 0.0171361 0.15049 0.303844 0.141685 0.0323362 0.10593 0.148572 0.053611 0.023726 0.016677 0.00431135 0.00101895 0.000187917 2.15281e-05 1.49133e-06 5.02002e-08
 2.1437e-27 2.16937e-27 6.25315e-27 1.39714e-21 8.30931e-17 1.13615e-12 3.5715e-09 2.58113e-06 0.000428852 0.0163818 0.143866 0.290472 0.135541 0.033345 0.116118 0.162867 0.0577528 0.0223911 0.0153733 0.00416318 0.0010729 0.000199475 2.25079e-05 1.5494e-06 5.26468e-08
 2.1425e-27 2.16643e-27 5.94401e-27 1.29228e-21 7.68569e-17 1.05088e-12 3.30346e-09 2.38742e-06 0.000396666 0.0151524 0.133069 0.268673 0.125492 0.0341322 0.127494 0.178958 0.0641959 0.0272239 0.0189576 0.00486454 0.00114181 0.000218174 2.62702e-05 1.83182e-06 6.17177e-08
 2.14336e-27 2.16858e-27 6.176e-27 1.371e-21 8.15384e-17 1.11489e-12 3.50468e-09 2.53284e-06 0.000420828 0.0160753 0.141174 0.285037 0.133016 0.0330159 0.115747 0.162452 0.0590851 0.027605 0.0196457 0.00518787 0.00127305 0.000233188 2.64561e-05 1.88892e-06 6.62146e-08
 2.14538e-27 2.17351e-27 6.69292e-27 1.54632e-21 9.19658e-17 1.25747e-12 3.95287e-09 2.85675e-06 0.000474645 0.0181311 0.159228 0.321487 0.14982 0.0317518 0.0970441 0.135993 0.0484198 0.0193993 0.0134268 0.00365981 0.000957398 0.000181814 2.1004e-05 1.44512e-06 4.94869e-08
#obs surv len freq
 8.69882e-40 4.25747e-33 4.79057e-27 1.23928e-21 7.37044e-17 1.00777e-12 3.16795e-09 2.28948e-06 0.000380401 0.0145308 0.12761 0.257651 0.120325 0.0322097 0.119079 0.167452 0.0648674 0.0427007 0.0333645 0.0125254 0.00530266 0.0015984 0.000351004 4.74791e-05 3.29678e-06
 1.04047e-39 5.09237e-33 5.73002e-27 1.4823e-21 8.8158e-17 1.2054e-12 3.78919e-09 2.73846e-06 0.000454998 0.0173804 0.152634 0.308175 0.143625 0.0306579 0.0943785 0.132498 0.0507028 0.0315442 0.0243335 0.00877391 0.00355262 0.00103567 0.000219872 2.87682e-05 1.92467e-06
 9.69055e-40 4.74285e-33 5.33673e-27 1.38056e-21 8.21072e-17 1.12267e-12 3.52912e-09 2.5505e-06 0.000423769 0.0161874 0.142158 0.287024 0.133928 0.0328242 0.113978 0.159941 0.0579125 0.0263042 0.0192032 0.00666245 0.00257167 0.000715336 0.00014448 1.81652e-05 1.17267e-06
 1.04709e-39 5.1248e-33 5.7665e-27 1.49174e-21 8.87193e-17 1.21308e-12 3.81332e-09 2.75589e-06 0.000457895 0.017491 0.153606 0.310137 0.144558 0.0313458 0.097987 0.137483 0.0511311 0.0273986 0.0201532 0.00586853 0.00181083 0.0004688 8.91314e-05 1.06e-05 6.53412e-07
 9.83742e-40 4.81473e-33 5.41761e-27 1.40149e-21 8.33516e-17 1.13968e-12 3.5826e-09 2.58915e-06 0.000430192 0.0164328 0.144313 0.291374 0.135939 0.0328452 0.112795 0.158249 0.0569968 0.0249246 0.0178378 0.00557738 0.00181541 0.000398251 6.17732e-05 6.68133e-06 3.87162e-07
 8.09781e-40 3.96331e-33 4.45959e-27 1.15365e-21 6.8612e-17 9.38146e-13 2.94907e-09 2.1313e-06 0.000354118 0.0135269 0.118793 0.239851 0.11219 0.0347315 0.139839 0.196492 0.0721831 0.0359618 0.0260568 0.00735551 0.00210731 0.00047664 7.17628e-05 6.49122e-06 3.23034e-07
 7.88649e-40 3.85989e-33 4.34321e-27 1.12355e-21 6.68216e-17 9.13665e-13 2.87211e-09 2.07568e-06 0.000344877 0.0131739 0.115693 0.233592 0.109251 0.0335192 0.134325 0.188976 0.0730234 0.0474478 0.0359578 0.0106934 0.0032286 0.00067076 9.21336e-05 8.10854e-06 3.6262e-07
 1.32883e-39 6.50372e-33 7.31809e-27 1.89312e-21 1.12591e-16 1.53948e-12 4.83936e-09 3.49742e-06 0.000581101 0.0221973 0.194937 0.393581 0.182989 0.0274452 0.0490251 0.0684262 0.026155 0.0161791 0.0123817 0.00420743 0.00150746 0.000333523 4.61825e-05 3.76055e-06 1.56872e-07
 1.1045e-39 5.40574e-33 6.08263e-27 1.57352e-21 9.35831e-17 1.27958e-12 4.02237e-09 2.90697e-06 0.000482998 0.0184499 0.162027 0.327139 0.152467 0.0326611 0.100891 0.1412 0.0473055 0.00956735 0.00528817 0.00172181 0.000614191 0.000153997 2.47768e-05 2.12877e-06 8.63878e-08
 6.38719e-40 3.12608e-33 3.51752e-27 9.09949e-22 5.41181e-17 7.39967e-13 2.32609e-09 1.68107e-06 0.000279313 0.0106694 0.0936985 0.189188 0.0889169 0.0387209 0.179463 0.252108 0.0886447 0.0319362 0.0210831 0.00450016 0.000640516 0.000126893 2.11168e-05 2.06018e-06 9.24006e-08
 1.23175e-39 6.02856e-33 6.78343e-27 1.75481e-21 1.04365e-16 1.427e-12 4.4858e-09 3.2419e-06 0.000538646 0.0205756 0.180695 0.364827 0.169712 0.0278761 0.0603228 0.0845501 0.0346022 0.0280885 0.0214555 0.00540643 0.00116188 0.000170592 1.33579e-05 9.91854e-07 4.68994e-08
 1.17697e-39 5.76046e-33 6.48176e-27 1.67677e-21 9.97238e-17 1.36354e-12 4.28631e-09 3.09773e-06 0.000514691 0.0196605 0.172659 0.348604 0.16234 0.0312961 0.0860893 0.120386 0.0406338 0.00924369 0.00553672 0.00207804 0.00079222 0.000147845 1.41166e-05 7.30716e-07 2.01605e-08
 8.83512e-40 4.32418e-33 4.86564e-27 1.25869e-21 7.48593e-17 1.02357e-12 3.21759e-09 2.32536e-06 0.000386361 0.0147585 0.129609 0.261689 0.122322 0.0356759 0.139022 0.195001 0.0670591 0.0193426 0.0119864 0.00261364 0.000420367 9.53041e-05 1.49123e-05 1.01536e-06 2.79522e-08
 9.22456e-40 4.51478e-33 5.08011e-27 1.31418e-21 7.81589e-17 1.06868e-12 3.35941e-09 2.42785e-06 0.000403391 0.015409 0.135322 0.273223 0.127563 0.0332595 0.120796 0.169643 0.062656 0.0322113 0.0230399 0.00536568 0.000955346 0.000137588 1.21182e-05 9.54513e-07 3.74127e-08
 7.3789e-40 3.61146e-33 4.06367e-27 1.05123e-21 6.25208e-17 8.54859e-13 2.68726e-09 1.94209e-06 0.00032268 0.012326 0.108247 0.218559 0.102403 0.0362309 0.15541 0.218358 0.0788023 0.0349288 0.0248507 0.00718834 0.00200983 0.000333409 2.76398e-05 1.40236e-06 4.17256e-08
 1.12782e-39 5.5199e-33 6.21108e-27 1.60675e-21 9.55594e-17 1.3066e-12 4.10731e-09 2.96836e-06 0.000493198 0.0188395 0.165449 0.334047 0.155557 0.0298933 0.0819136 0.114886 0.0439649 0.0272998 0.0203631 0.00551805 0.0014454 0.000291419 3.47702e-05 2.03506e-06 5.08266e-08
 8.72164e-40 4.26864e-33 4.80314e-27 1.24253e-21 7.38977e-17 1.01042e-12 3.17626e-09 2.29549e-06 0.000381399 0.0145689 0.127944 0.258328 0.120769 0.0357081 0.140232 0.196707 0.0676411 0.0195351 0.0125785 0.00399983 0.00130915 0.000260854 3.16598e-05 2.30124e-06 7.4262e-08
 9.56444e-40 4.68113e-33 5.26728e-27 1.3626e-21 8.10387e-17 1.10806e-12 3.48319e-09 2.51731e-06 0.000418254 0.0159768 0.140308 0.283289 0.1322 0.0328054 0.11499 0.161449 0.059633 0.0306667 0.021933 0.00511494 0.000978423 0.000203245 2.90632e-05 2.20373e-06 7.82645e-08
 1.00963e-39 4.94145e-33 5.56019e-27 1.43837e-21 8.55452e-17 1.16968e-12 3.67689e-09 2.6573e-06 0.000441513 0.0168652 0.148111 0.299042 0.139477 0.0326535 0.109314 0.153318 0.0549519 0.0231761 0.0163298 0.00473725 0.00133141 0.000224981 2.19315e-05 1.65589e-06 6.51024e-08
 8.61984e-40 4.21881e-33 4.74707e-27 1.22802e-21 7.30351e-17 9.98624e-13 3.13918e-09 2.26869e-06 0.000376947 0.0143989 0.126451 0.255313 0.11935 0.0350333 0.137021 0.19234 0.068274 0.0266914 0.0183292 0.00488677 0.00124864 0.000251732 3.0474e-05 1.91799e-06 6.09839e-08
 1.11471e-39 5.45571e-33 6.13885e-27 1.58806e-21 9.44481e-17 1.29141e-12 4.05955e-09 2.93384e-06 0.000487462 0.0186204 0.163525 0.330162 0.15379 0.0306723 0.0878397 0.123139 0.0455241 0.0235523 0.0170244 0.00440177 0.00104012 0.000193432 2.29969e-05 1.67828e-06 5.63626e-08
 8.88773e-40 4.34993e-33 4.89461e-27 1.26619e-21 7.5305e-17 1.02966e-12 3.23674e-09 2.3392e-06 0.000388662 0.0148464 0.130381 0.263247 0.123029 0.035323 0.136398 0.191335 0.0661883 0.0203979 0.013271 0.00385307 0.00110827 0.000206195 2.2608e-05 1.55542e-06 5.43434e-08
 1.00098e-39 4.89909e-33 5.51253e-27 1.42604e-21 8.4812e-17 1.15965e-12 3.64537e-09 2.63452e-06 0.000437729 0.0167207 0.146841 0.296479 0.138277 0.032246 0.107599 0.151013 0.0556895 0.0283715 0.0203016 0.00484234 0.000967226 0.000186451 2.36046e-05 1.6293e-06 5.3537e-08
 1.03267e-39 5.0542e-33 5.68707e-27 1.47119e-21 8.74972e-17 1.19637e-12 3.76079e-09 2.71793e-06 0.000451588 0.0172501 0.15149 0.305866 0.142629 0.0325746 0.106775 0.149696 0.0530684 0.0205403 0.0141943 0.00409614 0.00114766 0.000197352 1.93323e-05 1.34064e-06 4.73967e-08
 8.73217e-40 4.27379e-33 4.80894e-27 1.24403e-21 7.39869e-17 1.01164e-12 3.18009e-09 2.29826e-06 0.000381859 0.0145865 0.128099 0.25864 0.120887 0.0350273 0.135982 0.19085 0.0674119 0.0252916 0.0171421 0.00441112 0.00105188 0.000208499 2.52715e-05 1.60229e-06 4.92974e-08
 9.26227e-40 4.53324e-33 5.10087e-27 1.31955e-21 7.84784e-17 1.07305e-12 3.37315e-09 2.43778e-06 0.00040504 0.015472 0.135875 0.27434 0.128079 0.0332385 0.120331 0.168972 0.0621907 0.0313245 0.0225042 0.00571566 0.00129328 0.000230187 2.58148e-05 1.84483e-06 6.19466e-08
 9.71817e-40 4.75637e-33 5.35194e-27 1.3845e-21 8.23413e-17 1.12587e-12 3.53917e-09 2.55777e-06 0.000424977 0.0162336 0.142563 0.287843 0.134313 0.033024 0.114951 0.161297 0.0582044 0.0257816 0.0183233 0.00526123 0.00147856 0.000268833 2.81277e-05 1.83227e-06 6.12885e-08
 1.127e-39 5.5159e-33 6.20658e-27 1.60558e-21 9.54901e-17 1.30565e-12 4.10434e-09 2.96621e-06 0.000492841 0.0188259 0.165329 0.333805 0.155489 0.0310708 0.0891747 0.124914 0.0446887 0.0185805 0.0129593 0.00352422 0.000930393 0.000187844 2.32351e-05 1.54958e-06 4.84646e-08
#pred catch len freq
 2.13528e-27 2.147e-27 3.83585e-27 5.77217e-22 3.43292e-17 4.69391e-13 1.47554e-09 1.06638e-06 0.000177177 0.00676803 0.0594372 0.120012 0.0566224 0.0303729 0.149339 0.21072 0.0872179 0.0741546 0.0648011 0.0395724 0.0303263 0.0233576 0.0213776 0.0183088 0.00743446
 2.13618e-27 2.15078e-27 4.30277e-27 7.35666e-22 4.37528e-17 5.98242e-13 1.88058e-09 1.3591e-06 0.000225813 0.00862589 0.075753 0.152955 0.072053 0.0357186 0.172054 0.242252 0.0928216 0.0581527 0.0455811 0.0186011 0.0102245 0.00608192 0.00437303 0.00324834 0.00127708
 2.13667e-27 2.15223e-27 4.45998e-27 7.88968e-22 4.69229e-17 6.41587e-13 2.01684e-09 1.45757e-06 0.000242174 0.00925088 0.0812417 0.164036 0.077227 0.0370695 0.176963 0.249011 0.0932755 0.0520384 0.0389928 0.0126829 0.00478762 0.00174815 0.000808729 0.000459068 0.000164456
 2.13624e-27 2.15122e-27 4.35664e-27 7.53923e-22 4.48386e-17 6.13088e-13 1.92725e-09 1.39283e-06 0.000231417 0.00883996 0.077633 0.156751 0.0738698 0.0373679 0.180981 0.25471 0.0958127 0.0546478 0.0408626 0.0126444 0.00419128 0.00108433 0.000263501 8.45146e-05 2.41996e-05
 2.13654e-27 2.15196e-27 4.43767e-27 7.81421e-22 4.64741e-17 6.3545e-13 1.99754e-09 1.44363e-06 0.000239857 0.00916238 0.0804645 0.162467 0.0764959 0.0369182 0.176513 0.248443 0.0940183 0.0553155 0.0415745 0.0129271 0.00425105 0.00100562 0.000172955 2.58356e-05 4.16741e-06
 2.13539e-27 2.14914e-27 4.13571e-27 6.78978e-22 4.03814e-17 5.52143e-13 1.73567e-09 1.25437e-06 0.000208412 0.00796121 0.0699157 0.14117 0.0666966 0.0381661 0.190549 0.268188 0.100443 0.0559807 0.0418252 0.0132168 0.0044393 0.00105013 0.000168741 1.74667e-05 1.2833e-06
 2.13425e-27 2.14639e-27 3.85358e-27 5.83316e-22 3.4692e-17 4.74351e-13 1.49113e-09 1.07764e-06 0.000179049 0.00683954 0.0600652 0.121282 0.0575074 0.0383093 0.197418 0.278025 0.106022 0.0647752 0.0487816 0.0147632 0.004709 0.00112176 0.000181955 1.76398e-05 9.07226e-07
 2.13765e-27 2.15473e-27 4.73512e-27 8.82343e-22 5.24763e-17 7.17519e-13 2.25553e-09 1.63008e-06 0.000270835 0.0103457 0.0908567 0.183448 0.0861449 0.0355624 0.161912 0.227924 0.0876153 0.0556027 0.0421499 0.0129176 0.00414068 0.000945269 0.000147411 1.42252e-05 6.89698e-07
 2.14022e-27 2.16086e-27 5.35922e-27 1.09394e-21 6.50605e-17 8.89587e-13 2.79643e-09 2.02099e-06 0.000335784 0.0128267 0.112645 0.227438 0.106485 0.0356487 0.14918 0.209585 0.0757921 0.0341043 0.0246197 0.00790585 0.00269781 0.000627336 9.68478e-05 8.9983e-06 4.2474e-07
 2.13538e-27 2.14891e-27 4.08539e-27 6.61784e-22 3.93588e-17 5.38161e-13 1.69172e-09 1.22261e-06 0.000203135 0.0077596 0.0681452 0.137596 0.0651338 0.0405532 0.206199 0.289888 0.103239 0.0414447 0.028777 0.00807965 0.00232622 0.000554668 9.04908e-05 8.49831e-06 3.92418e-07
 2.13568e-27 2.14989e-27 4.22346e-27 7.08784e-22 4.2154e-17 5.76381e-13 1.81186e-09 1.30944e-06 0.000217561 0.00831069 0.0729849 0.147366 0.0695205 0.0370819 0.182064 0.256414 0.0988851 0.0636171 0.0474788 0.012354 0.00299766 0.000609718 8.81523e-05 8.41243e-06 3.99902e-07
 2.13996e-27 2.16024e-27 5.29729e-27 1.07294e-21 6.38119e-17 8.72513e-13 2.74276e-09 1.9822e-06 0.000329339 0.0125805 0.110483 0.223073 0.104464 0.0355658 0.149989 0.210786 0.0770399 0.0371929 0.0270598 0.00829786 0.00257424 0.000497726 5.94254e-05 4.82311e-06 2.16151e-07
 2.13806e-27 2.15548e-27 4.7785e-27 8.96886e-22 5.33412e-17 7.29345e-13 2.29271e-09 1.65695e-06 0.000275299 0.0105162 0.0923542 0.186473 0.0876555 0.0385598 0.179299 0.251899 0.0888523 0.0329578 0.022489 0.00636253 0.0018324 0.000410407 5.78624e-05 4.36026e-06 1.6461e-07
 2.13638e-27 2.1514e-27 4.35288e-27 7.52539e-22 4.47563e-17 6.11963e-13 1.92371e-09 1.39027e-06 0.000230992 0.00882373 0.0774905 0.156464 0.0738109 0.0393361 0.193083 0.27147 0.0977238 0.0425057 0.0296647 0.00738219 0.00163696 0.000327034 4.57678e-05 3.91913e-06 1.56061e-07
 2.13562e-27 2.14958e-27 4.16795e-27 6.89845e-22 4.10277e-17 5.6098e-13 1.76345e-09 1.27445e-06 0.000211748 0.00808863 0.0710348 0.14343 0.0677806 0.0392161 0.196279 0.276106 0.101136 0.0494568 0.0354331 0.00921455 0.00218114 0.000385372 4.26774e-05 3.31215e-06 1.37545e-07
 2.13678e-27 2.15245e-27 4.47475e-27 7.93927e-22 4.72178e-17 6.4562e-13 2.02951e-09 1.46674e-06 0.000243696 0.00930902 0.0817523 0.165068 0.0777405 0.0380499 0.182638 0.256889 0.0944939 0.0474404 0.0342677 0.00924939 0.00236595 0.00043928 4.87617e-05 3.24967e-06 1.14075e-07
 2.1379e-27 2.15511e-27 4.74321e-27 8.84933e-22 5.26303e-17 7.19625e-13 2.26215e-09 1.63486e-06 0.00027163 0.0103761 0.0911233 0.183988 0.0864981 0.0383339 0.178669 0.25108 0.0895142 0.0362305 0.0250909 0.00673135 0.00171887 0.000331206 3.94198e-05 2.71819e-06 8.97624e-08
 2.13645e-27 2.15152e-27 4.36078e-27 7.55194e-22 4.49142e-17 6.14122e-13 1.9305e-09 1.39518e-06 0.000231807 0.00885486 0.0777638 0.157016 0.0740815 0.039747 0.195424 0.274691 0.0977679 0.0390383 0.0267898 0.0067487 0.00152105 0.000285609 3.44672e-05 2.49286e-06 8.65456e-08
 2.1374e-27 2.15393e-27 4.62439e-27 8.44661e-22 5.02352e-17 6.86876e-13 2.1592e-09 1.56046e-06 0.000259269 0.00990389 0.0869765 0.175615 0.0826176 0.0380741 0.179607 0.252533 0.0918258 0.0428163 0.0302866 0.00753646 0.00162975 0.000284575 3.10144e-05 2.17987e-06 7.75261e-08
 2.1366e-27 2.15193e-27 4.40904e-27 7.71587e-22 4.58892e-17 6.27453e-13 1.97241e-09 1.42546e-06 0.000236839 0.00904708 0.0794519 0.160424 0.0756363 0.0391908 0.191002 0.268519 0.0964178 0.0411931 0.0288508 0.00771944 0.00192998 0.000342093 3.54391e-05 2.28678e-06 7.58197e-08
 2.1372e-27 2.15343e-27 4.56984e-27 8.26149e-22 4.91342e-17 6.71822e-13 2.11188e-09 1.52626e-06 0.000253586 0.00968682 0.0850702 0.171766 0.0808512 0.0384149 0.182847 0.257069 0.0929997 0.0418963 0.0295118 0.00752796 0.00173869 0.000325251 3.74926e-05 2.44966e-06 7.65539e-08
 2.1375e-27 2.15414e-27 4.64401e-27 8.513e-22 5.063e-17 6.92275e-13 2.17618e-09 1.57273e-06 0.000261306 0.00998173 0.0876601 0.176995 0.0832646 0.0383084 0.180621 0.2539 0.0914511 0.0399535 0.0280602 0.00738069 0.00179607 0.00032571 3.61591e-05 2.49572e-06 8.30668e-08
 2.13658e-27 2.15188e-27 4.40379e-27 7.69809e-22 4.57835e-17 6.26007e-13 1.96786e-09 1.42218e-06 0.000236293 0.00902623 0.0792688 0.160054 0.075465 0.0391805 0.191051 0.268595 0.0965612 0.0416117 0.0291227 0.00760539 0.00183691 0.000342118 3.91023e-05 2.64738e-06 8.82049e-08
 2.13771e-27 2.15471e-27 4.70923e-27 8.73448e-22 5.19473e-17 7.10286e-13 2.23279e-09 1.61365e-06 0.000268105 0.0102414 0.0899407 0.1816 0.0853679 0.0376327 0.175108 0.246212 0.0898609 0.0429428 0.0306267 0.00792988 0.00187867 0.000346638 3.97122e-05 2.75097e-06 9.26e-08
 2.13709e-27 2.15314e-27 4.53545e-27 8.14464e-22 4.84392e-17 6.6232e-13 2.08201e-09 1.50468e-06 0.00025 0.00954982 0.083867 0.169337 0.0797453 0.0388703 0.186359 0.261951 0.0937796 0.0391905 0.0273597 0.00742181 0.00191701 0.000356562 4.02332e-05 2.76954e-06 9.41042e-08
 2.13606e-27 2.15062e-27 4.274e-27 7.25797e-22 4.31659e-17 5.90216e-13 1.85535e-09 1.34087e-06 0.000222783 0.00851017 0.0747368 0.150904 0.0712395 0.0393061 0.194575 0.273624 0.0991627 0.0452154 0.0319452 0.00820878 0.00193099 0.000369133 4.44471e-05 3.09925e-06 1.04418e-07
 2.13691e-27 2.15276e-27 4.50644e-27 8.04677e-22 4.78572e-17 6.54362e-13 2.057e-09 1.4866e-06 0.000246996 0.00943507 0.0828593 0.167303 0.0787714 0.0379874 0.181582 0.255397 0.0939058 0.0470192 0.0338783 0.00895819 0.00220252 0.000403591 4.57884e-05 3.26913e-06 1.14595e-07
 2.13804e-27 2.1555e-27 4.78938e-27 9.00621e-22 5.35633e-17 7.32383e-13 2.30226e-09 1.66385e-06 0.000276446 0.01056 0.0927388 0.187249 0.0879828 0.0377165 0.173917 0.244461 0.0882449 0.039168 0.0277006 0.00757099 0.00198805 0.000377815 4.36516e-05 3.00338e-06 1.02847e-07
#obs catch len freq
 4.09348e-40 2.00348e-33 2.25434e-27 5.83177e-22 3.46837e-17 4.74237e-13 1.49077e-09 1.07738e-06 0.000179009 0.0068379 0.0600504 0.121252 0.0574033 0.0359014 0.182725 0.257621 0.102832 0.0765634 0.0609245 0.0235119 0.0102306 0.00314655 0.000711762 9.984e-05 7.18819e-06
 4.25933e-40 2.08465e-33 2.34568e-27 6.06805e-22 3.6089e-17 4.93451e-13 1.55117e-09 1.12103e-06 0.000186261 0.00711494 0.0624834 0.126164 0.0596883 0.0362755 0.183528 0.258666 0.10205 0.0725671 0.0572315 0.021508 0.00910719 0.00274026 0.000600477 8.10866e-05 5.62326e-06
 5.77074e-40 2.82438e-33 3.17803e-27 8.22127e-22 4.8895e-17 6.68551e-13 2.10159e-09 1.51883e-06 0.000252355 0.00963964 0.0846554 0.170929 0.080347 0.0352967 0.164062 0.23105 0.0899297 0.0604169 0.0470679 0.0169876 0.00687956 0.00200196 0.000424102 5.53956e-05 3.70139e-06
 5.17309e-40 2.53187e-33 2.8489e-27 7.36983e-22 4.38311e-17 5.99311e-13 1.88394e-09 1.36153e-06 0.00022622 0.00864131 0.075888 0.153228 0.0722802 0.038398 0.188329 0.264895 0.0970075 0.047466 0.0351286 0.0121967 0.00470749 0.00130705 0.0002634 3.3059e-05 2.13137e-06
 5.96721e-40 2.92054e-33 3.28623e-27 8.50118e-22 5.05597e-17 6.91312e-13 2.17315e-09 1.57054e-06 0.000260947 0.00996784 0.0875376 0.176748 0.0830853 0.0365717 0.170092 0.239346 0.0901832 0.0518646 0.0385587 0.0112317 0.00346441 0.000895206 0.000169806 2.01581e-05 1.24092e-06
 5.40473e-40 2.64524e-33 2.97647e-27 7.69983e-22 4.57938e-17 6.26147e-13 1.9683e-09 1.42249e-06 0.000236349 0.00902825 0.0792861 0.160089 0.0754569 0.0385269 0.187048 0.263038 0.0956848 0.0448033 0.0324868 0.0101599 0.00330551 0.000723956 0.000112001 1.20901e-05 6.99601e-07
 4.02241e-40 1.96869e-33 2.2152e-27 5.73051e-22 3.40815e-17 4.66003e-13 1.46488e-09 1.05868e-06 0.0001759 0.00671917 0.0590077 0.119148 0.0565696 0.0396089 0.205994 0.289923 0.107668 0.0572028 0.041887 0.0118225 0.00338367 0.00076393 0.000114748 1.03598e-05 5.14723e-07
 3.91125e-40 1.91428e-33 2.15398e-27 5.57215e-22 3.31397e-17 4.53125e-13 1.4244e-09 1.02942e-06 0.000171039 0.00653349 0.0573771 0.115855 0.0549673 0.0374771 0.193972 0.273366 0.10709 0.0738321 0.0563542 0.0167497 0.0050504 0.00104739 0.000143487 1.26037e-05 5.62826e-07
 9.79318e-40 4.79308e-33 5.39325e-27 1.39518e-21 8.29768e-17 1.13456e-12 3.56649e-09 2.57751e-06 0.000428257 0.0163589 0.143664 0.290064 0.135272 0.0311982 0.103136 0.144913 0.0560734 0.036697 0.0282848 0.00960199 0.0034348 0.000758521 0.000104769 8.51511e-06 3.54659e-07
 6.93715e-40 3.39525e-33 3.82039e-27 9.88299e-22 5.87779e-17 8.03681e-13 2.52638e-09 1.82582e-06 0.000303363 0.0115881 0.101766 0.205477 0.0964706 0.039332 0.178283 0.250161 0.0840366 0.0177564 0.0100487 0.0032695 0.00116375 0.000291128 4.67279e-05 4.00789e-06 1.62412e-07
 3.03184e-40 1.48388e-33 1.66968e-27 4.31931e-22 2.56886e-17 3.51244e-13 1.10414e-09 7.97964e-07 0.000132583 0.0050645 0.0444764 0.089811 0.04315 0.0434336 0.238185 0.334919 0.118449 0.0448711 0.0299876 0.00639941 0.000908397 0.000179405 2.97741e-05 2.89956e-06 1.29881e-07
 8.49942e-40 4.15988e-33 4.68076e-27 1.21087e-21 7.20149e-17 9.84674e-13 3.09533e-09 2.237e-06 0.000371681 0.0141977 0.124684 0.251745 0.11756 0.0312851 0.115216 0.162315 0.0673965 0.0573715 0.0440191 0.0110816 0.00237586 0.000348368 2.71951e-05 2.01284e-06 9.50252e-08
 7.9048e-40 3.86885e-33 4.35329e-27 1.12616e-21 6.69767e-17 9.15785e-13 2.87878e-09 2.0805e-06 0.000345678 0.0132045 0.115961 0.234136 0.109649 0.0374266 0.158014 0.221669 0.0750336 0.0177821 0.0108483 0.00406486 0.00154641 0.000288153 2.74458e-05 1.418e-06 3.90391e-08
 4.86851e-40 2.3828e-33 2.68116e-27 6.93591e-22 4.12505e-17 5.64026e-13 1.77302e-09 1.28137e-06 0.000212901 0.00813253 0.0714199 0.144209 0.0682344 0.0417115 0.211276 0.296808 0.102491 0.0309415 0.0194609 0.00424222 0.000680094 0.000153697 2.39993e-05 1.63196e-06 4.48679e-08
 5.20608e-40 2.54802e-33 2.86707e-27 7.41684e-22 4.41107e-17 6.03134e-13 1.89596e-09 1.37021e-06 0.000227663 0.00869642 0.076372 0.154206 0.0727254 0.0382219 0.186961 0.263075 0.0979674 0.0528106 0.0380592 0.00885681 0.00157257 0.000226085 1.9846e-05 1.55888e-06 6.10318e-08
 3.76581e-40 1.8431e-33 2.07389e-27 5.36496e-22 3.19074e-17 4.36276e-13 1.37144e-09 9.91141e-07 0.00016468 0.00629055 0.0552436 0.111549 0.0531044 0.0408916 0.216114 0.304028 0.110455 0.0512567 0.0367815 0.0106239 0.0029625 0.000490717 4.05768e-05 2.05401e-06 6.09836e-08
 7.27316e-40 3.55971e-33 4.00544e-27 1.03617e-21 6.16249e-17 8.42609e-13 2.64875e-09 1.91426e-06 0.000318057 0.0121493 0.106696 0.215427 0.100882 0.0343102 0.144629 0.203537 0.0786885 0.0512082 0.0384231 0.0103987 0.00271602 0.000546405 6.50366e-05 3.80073e-06 9.47856e-08
 4.79561e-40 2.34712e-33 2.64101e-27 6.83205e-22 4.06328e-17 5.5558e-13 1.74647e-09 1.26218e-06 0.000209713 0.00801075 0.0703504 0.142049 0.0672319 0.0415983 0.211235 0.296753 0.102452 0.0309287 0.0202006 0.00641421 0.00209412 0.000416454 5.04024e-05 3.6566e-06 1.17853e-07
 5.49021e-40 2.68708e-33 3.02354e-27 7.82161e-22 4.65181e-17 6.3605e-13 1.99943e-09 1.44499e-06 0.000240087 0.00917103 0.08054 0.162621 0.0766013 0.0378351 0.182063 0.256164 0.0954201 0.0515163 0.0371299 0.00865274 0.00165014 0.000341849 4.87611e-05 3.69091e-06 1.30888e-07
 5.99948e-40 2.93633e-33 3.304e-27 8.54714e-22 5.08331e-17 6.9505e-13 2.1849e-09 1.57903e-06 0.000262358 0.0100217 0.0880109 0.177704 0.0835857 0.0381278 0.179303 0.252055 0.090949 0.040268 0.0286484 0.00830049 0.00232736 0.000392676 3.81604e-05 2.87398e-06 1.12834e-07
 4.68356e-40 2.29228e-33 2.57931e-27 6.67242e-22 3.96834e-17 5.42599e-13 1.70566e-09 1.23269e-06 0.000204813 0.00782358 0.0687067 0.13873 0.065654 0.0404402 0.205166 0.288452 0.103013 0.0422445 0.0293154 0.00780754 0.00198936 0.000400195 4.83285e-05 3.03642e-06 9.63676e-08
 7.11712e-40 3.48334e-33 3.9195e-27 1.01394e-21 6.03027e-17 8.24531e-13 2.59192e-09 1.87319e-06 0.000311233 0.0118887 0.104406 0.210806 0.0987958 0.0356409 0.154146 0.216764 0.0808143 0.0438708 0.031951 0.00825244 0.0019446 0.000360877 4.27821e-05 3.11607e-06 1.04508e-07
 4.89622e-40 2.39636e-33 2.69642e-27 6.9754e-22 4.14853e-17 5.67236e-13 1.78311e-09 1.28866e-06 0.000214113 0.00817882 0.0718264 0.145029 0.0685956 0.0412268 0.20807 0.292341 0.101593 0.0328182 0.0216515 0.00627936 0.00180182 0.00033463 3.65889e-05 2.51203e-06 8.76281e-08
 5.91712e-40 2.89602e-33 3.25865e-27 8.42981e-22 5.01352e-17 6.85509e-13 2.1549e-09 1.55735e-06 0.000258756 0.00988416 0.0868027 0.175265 0.082428 0.0373307 0.175173 0.246427 0.091634 0.0489977 0.0353335 0.00842104 0.0016771 0.000322502 4.07235e-05 2.80592e-06 9.20548e-08
 6.24527e-40 3.05663e-33 3.43937e-27 8.89732e-22 5.29157e-17 7.23526e-13 2.27441e-09 1.64372e-06 0.000273107 0.0104323 0.0916167 0.184984 0.0869549 0.0382221 0.177685 0.249696 0.0890484 0.0361474 0.0252441 0.00727568 0.0020335 0.000349123 3.40988e-05 2.35908e-06 8.3281e-08
 4.7946e-40 2.34662e-33 2.64046e-27 6.83062e-22 4.06242e-17 5.55463e-13 1.7461e-09 1.26191e-06 0.000209669 0.00800907 0.0703357 0.142019 0.0671782 0.0405362 0.204761 0.28784 0.102246 0.0401913 0.0275357 0.00707859 0.00168297 0.000332836 4.02418e-05 2.54701e-06 7.8229e-08
 5.2314e-40 2.56041e-33 2.88101e-27 7.45291e-22 4.43252e-17 6.06067e-13 1.90518e-09 1.37688e-06 0.00022877 0.00873872 0.0767434 0.154956 0.0730725 0.0382333 0.186805 0.26283 0.0975241 0.0515314 0.0373092 0.00946631 0.00213596 0.000379398 4.24252e-05 3.02566e-06 1.01459e-07
 5.64074e-40 2.76075e-33 3.10644e-27 8.03608e-22 4.77936e-17 6.53491e-13 2.05425e-09 1.48461e-06 0.000246671 0.0094225 0.0827484 0.167079 0.0786822 0.0383548 0.183891 0.258575 0.0939688 0.0436865 0.0313314 0.00898486 0.00251871 0.000457144 4.76997e-05 3.10064e-06 1.03546e-07
#spawning biomass
 4112.97 2858.81 2969.74 3984.9 5039.44 6381.13 6589.86 5136.23 6895.93 13755 15065 12759.6 22464.5 29253.1 28386.4 23556.2 20395.1 22806.8 21300.8 23148.1 21582.1 22970 25633 26014.6 29833.8 31972.2 29796.1 29660 44348.3 82049.8 83429.8 57208.5 39245.8 30082 25802.1 23894.1 23068 22717.2 22570.2 22509.1 22483.8 22473.5 22469.2 22467.5 22466.8 22466.5 22466.3 22466.3 22466.3 22466.3 22466.3 22466.3 22466.3 22466.3 22466.3 22466.3 22466.3 22466.3 22466.3 22466.3 22466.3 22466.3 22466.3 22466.3 22466.3 22466.3 22466.3 22466.3 22466.3 22466.3 22466.3 22466.3 22466.3 22466.3 22466.3 22466.3 22466.3 22466.3 22466.3 22466.3 22466.3 22466.3 22466.3 22466.3 22466.3 22466.3 22466.3 22466.3 22466.3 22466.3 22466.3 22466.3 22466.3 22466.3 22466.3 22466.3 22466.3 22466.3 22466.3 22466.3 22466.3 22466.3 22466.3 22466.3 22466.3 22466.3 22466.3 22466.3 22466.3 22466.3 22466.3 22466.3 22466.3 22466.3 22466.3 22466.3 22466.3 22466.3 22466.3 22466.3 22466.3 22466.3 22466.3 22466.3 22466.3 22466.3 22466.3 22466.3 0 0 0 0 0 0 0 0 0 0 0 0 0 0 0 0 0 0 0 0 0 0 0 0 0
