SBPRF35
0.632713
Curr Bio
128870
B35
464089
F35
0.320591
FOFL
0
OFL
0
Bzero
180775
#pred survey bio
 11023 13619.6 15509.7 21186.5 25950.5 29600.6 36376.5 41428.2 49896.8 66587.4 79273.1 91308.3 112719 132368 133624 116084 109030 104336 111077 101630 112687 117458 122154 124264 127389 133277 122388 103296 2.20358e+06 3.17181e+06 3.59899e+06 3.33734e+06 2.87846e+06 2.44662e+06 2.10735e+06 1.8631e+06 1.69568e+06 1.58409e+06 1.51071e+06 1.46264e+06 1.43098e+06 1.40987e+06 1.39536e+06 1.38503e+06 1.37791e+06 1.37288e+06 1.36924e+06 1.36657e+06 1.36457e+06 1.36306e+06 1.3619e+06 1.36101e+06 1.36032e+06 1.35978e+06 1.35936e+06 1.35903e+06 1.35877e+06 1.35856e+06 1.3584e+06 1.35828e+06 1.35818e+06 1.3581e+06 1.35804e+06 1.35799e+06 1.35795e+06 1.35792e+06 1.3579e+06 1.35788e+06 1.35786e+06 1.35785e+06 1.35784e+06 1.35784e+06 1.35783e+06 1.35783e+06 1.35782e+06 1.35782e+06 1.35782e+06 1.35782e+06 1.35781e+06 1.35781e+06 1.35781e+06 1.35781e+06 1.35781e+06 1.35781e+06 1.35781e+06 1.35781e+06 1.35781e+06 1.35781e+06 1.35781e+06 1.35781e+06 1.35781e+06 1.35781e+06 1.35781e+06 1.35781e+06 1.35781e+06 1.35781e+06 1.35781e+06 1.35781e+06 1.35781e+06 1.35781e+06 1.35781e+06 1.35781e+06 1.35781e+06 1.35781e+06 1.35781e+06 1.35781e+06 1.35781e+06 1.35781e+06 1.35781e+06 1.35781e+06 1.35781e+06 1.35781e+06 1.35781e+06 1.35781e+06 1.35781e+06 1.35781e+06 1.35781e+06 1.35781e+06 1.35781e+06 1.35781e+06 1.35781e+06 1.35781e+06 1.35781e+06 1.35781e+06 1.35781e+06 1.35781e+06 1.35781e+06 1.35781e+06 0 0 0 0 0 0 0 0 0 0 0 0 0 0 0 0 0 0 0 0 0 0 0 0 0
#obs survey bio
 8965.67 14114 14799.8 21363.4 24580 23679.6 31545.5 27773 58703.9 61362.2 60186.2 104032 105456 119548 91153.5 82248.4 85187.1 86065.6 109625 92456.2 108908 95465.5 129208 92754.6 124808 101572 91756.3 60462
#pred catch bio
 4856.66 6599.95 6617.91 10704.6 15197.2 16601.3 23068.5 27304.8 29473.3 35353.6 49737 58068.1 75999.2 97117.2 111633 97907.1 92804.7 82181.6 91079.1 76086.6 82397.4 90314.4 93852.2 104366 109026 119890 112486 94283.7 0 30660.1 39642.1 36355.7 30355.1 24957.2 20857.2 17996.5 16104.8 14898.9 14150.2 13694.1 13420.3 13257.6 13161.2 13104.2 13071.6 13052.9 13042.2 13036.1 13032.5 13030.5 13029.4 13028.7 13028.4 13028.1 13028 13027.9 13027.9 13027.9 13027.9 13027.9 13027.9 13027.9 13027.9 13027.9 13027.9 13027.9 13027.9 13027.9 13027.9 13027.9 13027.9 13027.9 13027.9 13027.9 13027.9 13027.9 13027.9 13027.9 13027.9 13027.9 13027.9 13027.9 13027.9 13027.9 13027.9 13027.9 13027.9 13027.9 13027.9 13027.9 13027.9 13027.9 13027.9 13027.9 13027.9 13027.9 13027.9 13027.9 13027.9 13027.9 13027.9 13027.9 13027.9 13027.9 13027.9 13027.9 13027.9 13027.9 13027.9 13027.9 13027.9 13027.9 13027.9 13027.9 13027.9 13027.9 13027.9 13027.9 13027.9 13027.9 13027.9 13027.9 13027.9 13027.9 13027.9 13027.9 13027.9 13027.9 0 0 0 0 0 0 0 0 0 0 0 0 0 0 0 0 0 0 0 0 0 0 0 0 0
#obs catch bio
 6494.57 6547.96 6515.19 10489 15122.9 16217.8 22801.5 27275.7 29214.3 34410.4 48605.3 57461.8 73841.4 93369.2 111694 98949.5 91161.9 80428.6 87018.2 74571.1 79292 87736.6 90531.3 101074 105745 116078 110106 92850.3
#pred cpue bio
 7641.12 9323.22 9512.43 13401.4 16873 18493.7 22801.8 25457.6 29255.5 36619.5 45309.6 51342.6 60635.7 75186 82077.8 69637.9 62806.1 58746.7 62568.1 56240.8 60263.6 61588.8 64624.7 64326.1 64482.3 70551.2 66317 56977.3 1.17267e+06 2.55037e+06 3.42017e+06 3.2157e+06 2.74752e+06 2.31063e+06 1.96991e+06 1.7253e+06 1.5578e+06 1.44618e+06 1.37281e+06 1.32473e+06 1.29307e+06 1.27195e+06 1.25745e+06 1.24712e+06 1.24e+06 1.23497e+06 1.23133e+06 1.22866e+06 1.22666e+06 1.22515e+06 1.22399e+06 1.2231e+06 1.22241e+06 1.22187e+06 1.22145e+06 1.22112e+06 1.22086e+06 1.22065e+06 1.22049e+06 1.22037e+06 1.22027e+06 1.22019e+06 1.22013e+06 1.22008e+06 1.22004e+06 1.22001e+06 1.21999e+06 1.21997e+06 1.21995e+06 1.21994e+06 1.21993e+06 1.21993e+06 1.21992e+06 1.21992e+06 1.21991e+06 1.21991e+06 1.21991e+06 1.21991e+06 1.2199e+06 1.2199e+06 1.2199e+06 1.2199e+06 1.2199e+06 1.2199e+06 1.2199e+06 1.2199e+06 1.2199e+06 1.2199e+06 1.2199e+06 1.2199e+06 1.2199e+06 1.2199e+06 1.2199e+06 1.2199e+06 1.2199e+06 1.2199e+06 1.2199e+06 1.2199e+06 1.2199e+06 1.2199e+06 1.2199e+06 1.2199e+06 1.2199e+06 1.2199e+06 1.2199e+06 1.2199e+06 1.2199e+06 1.2199e+06 1.2199e+06 1.2199e+06 1.2199e+06 1.2199e+06 1.2199e+06 1.2199e+06 1.2199e+06 1.2199e+06 1.2199e+06 1.2199e+06 1.2199e+06 1.2199e+06 1.2199e+06 1.2199e+06 1.2199e+06 1.2199e+06 1.2199e+06 1.2199e+06 1.2199e+06 1.2199e+06 0 0 0 0 0 0 0 0 0 0 0 0 0 0 0 0 0 0 0 0 0 0 0 0 0
#obs cpue bio
 7201.85 13362.2 10516.8 17706.4 20906.5 32125.4 32179.7 31818.9 35598.5 65977.8 70183.1 62536 98254.9 149842 95112.5 96723.1 101288 111930 127322 78835.8 134010 98594.9 128468 133099 98857.5 147375 125086 154454
#pred surv len freq
 2.56334e-27 2.58875e-27 3.34193e-26 6.51011e-20 1.59587e-14 4.72886e-10 1.6938e-06 0.00073335 0.0383809 0.242809 0.186047 0.0404134 0.176898 0.163402 0.038149 0.0462201 0.0193876 0.0142851 0.00859543 0.00641744 0.00496178 0.00424048 0.00421255 0.00371393 0.00113148
 2.56383e-27 2.59045e-27 3.52036e-26 6.88663e-20 1.68817e-14 5.00236e-10 1.79176e-06 0.000775765 0.0406007 0.256851 0.196724 0.0375485 0.147597 0.137255 0.0498573 0.079372 0.027364 0.0120247 0.00531181 0.00295781 0.00184773 0.00134509 0.00118008 0.00103856 0.000346503
 2.56667e-27 2.59786e-27 4.14362e-26 8.20133e-20 2.01046e-14 5.95734e-10 2.13382e-06 0.000923863 0.0483516 0.305886 0.234182 0.0385844 0.129162 0.119563 0.0343995 0.0486885 0.0198646 0.0132058 0.00436888 0.00142122 0.000586519 0.000321385 0.000231764 0.000191009 6.59264e-05
 2.56461e-27 2.59218e-27 3.63089e-26 7.11963e-20 1.74529e-14 5.17161e-10 1.85238e-06 0.000802011 0.0419744 0.265542 0.203413 0.0409178 0.168537 0.155782 0.0387391 0.0493537 0.0183112 0.0100619 0.00424188 0.00167773 0.000399013 0.000124229 6.2394e-05 4.39443e-05 1.4991e-05
 2.56418e-27 2.59119e-27 3.55993e-26 6.96999e-20 1.70861e-14 5.06292e-10 1.81345e-06 0.000785155 0.0410922 0.259961 0.199132 0.0396835 0.162153 0.150283 0.0449034 0.064753 0.0222991 0.009651 0.00348145 0.0013054 0.000401137 8.14923e-05 1.98942e-05 9.87568e-06 3.1468e-06
 2.56527e-27 2.59402e-27 3.79807e-26 7.47233e-20 1.83175e-14 5.42781e-10 1.94415e-06 0.000841742 0.0440538 0.278696 0.213444 0.04001 0.154583 0.143043 0.0390191 0.0531825 0.0192125 0.00961674 0.00308985 0.000898593 0.000241048 5.57977e-05 8.46881e-06 1.93799e-06 5.0986e-07
 2.5648e-27 2.59268e-27 3.6741e-26 7.21079e-20 1.76764e-14 5.23783e-10 1.8761e-06 0.00081228 0.0425118 0.268942 0.206007 0.0407796 0.165663 0.153201 0.0396168 0.0519464 0.0181918 0.00833217 0.00286455 0.000895113 0.000190972 3.67969e-05 5.50437e-06 6.07722e-07 9.3392e-08
 2.56522e-27 2.59376e-27 3.76385e-26 7.40011e-20 1.81405e-14 5.37535e-10 1.92536e-06 0.000833607 0.043628 0.276003 0.211402 0.0409495 0.163167 0.150838 0.0381417 0.0491235 0.0165112 0.00651608 0.00209755 0.000618761 0.000142701 2.37419e-05 2.88379e-06 2.45868e-07 1.70483e-08
 2.56637e-27 2.59678e-27 4.02168e-26 7.94397e-20 1.94737e-14 5.7704e-10 2.06686e-06 0.000894872 0.0468344 0.296287 0.226891 0.0409703 0.152443 0.140781 0.0334724 0.0409727 0.013532 0.00496296 0.00148313 0.000377665 8.01354e-05 1.36085e-05 1.47243e-06 9.89356e-08 4.05731e-09
 2.56795e-27 2.601e-27 4.38775e-26 8.7162e-20 2.13667e-14 6.33134e-10 2.26778e-06 0.000981862 0.0513871 0.325089 0.248875 0.0404658 0.133157 0.122861 0.0280663 0.0331319 0.0108126 0.00376461 0.00109162 0.000257151 4.7598e-05 7.18744e-06 7.59446e-07 4.48279e-08 1.33863e-09
 2.56645e-27 2.59686e-27 4.0155e-26 7.93089e-20 1.94416e-14 5.7609e-10 2.06346e-06 0.000893399 0.0467573 0.295799 0.226536 0.0420669 0.161037 0.14848 0.0306421 0.0325485 0.0105014 0.00348349 0.000987092 0.000221201 3.83133e-05 5.07114e-06 4.67332e-07 2.59851e-08 6.59158e-10
 2.56708e-27 2.5986e-27 4.1724e-26 8.2619e-20 2.0253e-14 6.00134e-10 2.14958e-06 0.000930686 0.0487087 0.308145 0.235951 0.0413409 0.148897 0.13736 0.0301735 0.0342506 0.010579 0.00274057 0.000736141 0.000155067 2.55764e-05 3.14619e-06 2.53172e-07 1.22199e-08 2.83116e-10
 2.56798e-27 2.60097e-27 4.37531e-26 8.68992e-20 2.13023e-14 6.31225e-10 2.26094e-06 0.000978901 0.0512322 0.324109 0.24814 0.0413056 0.140065 0.129071 0.0262048 0.0272891 0.00852088 0.002367 0.000596509 0.000100462 1.5232e-05 1.75675e-06 1.30072e-07 5.456e-09 1.09741e-10
 2.566e-27 2.59551e-27 3.88563e-26 7.65688e-20 1.87699e-14 5.56187e-10 1.99217e-06 0.000862532 0.0451418 0.28558 0.218752 0.0433372 0.176173 0.16227 0.0298787 0.0272936 0.00825827 0.00188858 0.000469429 8.11959e-05 1.05675e-05 1.02635e-06 6.98183e-08 2.66299e-09 4.64564e-11
 2.5639e-27 2.58997e-27 3.40819e-26 6.64974e-20 1.6301e-14 4.83029e-10 1.73013e-06 0.000749079 0.0392041 0.248016 0.190074 0.043616 0.198444 0.18311 0.0388161 0.042413 0.0125642 0.00236195 0.000539148 7.87754e-05 1.01248e-05 9.07741e-07 5.08218e-08 1.72674e-09 2.70989e-11
 2.56497e-27 2.5929e-27 3.66937e-26 7.20072e-20 1.76517e-14 5.23052e-10 1.87348e-06 0.000811146 0.0424525 0.268566 0.20575 0.0426554 0.18012 0.166234 0.0364213 0.0412136 0.0124157 0.00267667 0.000601108 7.16237e-05 7.85123e-06 6.31447e-07 3.30026e-08 9.35113e-10 1.27723e-11
 2.56579e-27 2.59499e-27 3.84369e-26 7.56842e-20 1.85531e-14 5.4976e-10 1.96915e-06 0.000852567 0.0446203 0.28228 0.216229 0.0430743 0.175945 0.162156 0.0316007 0.0312465 0.0094067 0.00204671 0.000471685 6.22015e-05 6.27585e-06 4.07284e-07 1.83009e-08 4.71653e-10 5.45749e-12
 2.56613e-27 2.59585e-27 3.91317e-26 7.71498e-20 1.89123e-14 5.60407e-10 2.00728e-06 0.000869077 0.0454843 0.287747 0.220408 0.0434278 0.175699 0.161804 0.0292896 0.0260498 0.0076115 0.00128589 0.000281119 3.71578e-05 3.95907e-06 2.61341e-07 9.71296e-09 2.07915e-10 2.1309e-12
 2.56641e-27 2.59666e-27 3.99022e-26 7.87754e-20 1.93108e-14 5.72215e-10 2.04958e-06 0.000887389 0.0464427 0.29381 0.225027 0.0427413 0.16723 0.1541 0.0299426 0.0294755 0.00860212 0.00141092 0.000293921 3.1717e-05 3.19715e-06 2.17406e-07 8.36558e-09 1.55854e-10 1.30897e-12
 2.56647e-27 2.59674e-27 3.98837e-26 7.8736e-20 1.93012e-14 5.71929e-10 2.04855e-06 0.000886945 0.0464195 0.293663 0.224927 0.0434868 0.172973 0.159221 0.0275913 0.0228279 0.00664985 0.00109932 0.000227579 2.31874e-05 2.06657e-06 1.19586e-07 4.57279e-09 8.75965e-11 6.65411e-13
 2.56784e-27 2.60054e-27 4.33207e-26 8.5987e-20 2.10787e-14 6.24599e-10 2.23721e-06 0.000968626 0.0506944 0.320707 0.24555 0.0418043 0.14568 0.134193 0.0260304 0.0255642 0.00741376 0.00113462 0.000231539 2.4297e-05 2.13626e-06 1.12147e-07 3.63382e-09 6.55925e-11 5.05147e-13
 2.56787e-27 2.60053e-27 4.32281e-26 8.57913e-20 2.10307e-14 6.23177e-10 2.23212e-06 0.000966421 0.050579 0.319977 0.245006 0.0426032 0.152142 0.139965 0.0235843 0.0185422 0.00543827 0.000970889 0.000203067 1.97441e-05 1.71159e-06 9.07991e-08 2.7424e-09 4.24915e-11 2.98062e-13
 2.56753e-27 2.59958e-27 4.23679e-26 8.39765e-20 2.05858e-14 6.09995e-10 2.1849e-06 0.000945978 0.0495091 0.313208 0.239844 0.0430195 0.158936 0.146203 0.0241288 0.0182036 0.00518544 0.000668017 0.000130488 1.42979e-05 1.24769e-06 6.23984e-08 1.88169e-09 2.77966e-11 1.70538e-13
 2.56814e-27 2.60127e-27 4.38709e-26 8.71474e-20 2.13631e-14 6.33028e-10 2.2674e-06 0.000981697 0.0513785 0.325034 0.248865 0.0424573 0.14832 0.136434 0.022888 0.0178326 0.00506409 0.000618412 0.000113291 9.35901e-06 7.7405e-07 4.19668e-08 1.22307e-09 1.76064e-11 1.04101e-13
 2.56831e-27 2.60164e-27 4.41302e-26 8.7694e-20 2.14971e-14 6.36998e-10 2.28162e-06 0.000987855 0.0517008 0.327073 0.25043 0.0429719 0.151136 0.138888 0.0207025 0.0122343 0.00342958 0.000373396 6.47806e-05 4.92348e-06 3.46384e-07 1.49633e-08 4.463e-10 6.47776e-12 3.70571e-14
 2.56714e-27 2.59845e-27 4.13017e-26 8.1727e-20 2.00344e-14 5.93655e-10 2.12637e-06 0.000920638 0.0481829 0.304818 0.233452 0.0439194 0.170275 0.15653 0.023481 0.0141238 0.00390873 0.000332051 5.01267e-05 3.44055e-06 2.22295e-07 8.38399e-09 1.9992e-10 2.68074e-12 1.5607e-14
 2.56656e-27 2.5969e-27 3.99369e-26 7.88479e-20 1.93286e-14 5.72741e-10 2.05146e-06 0.000888205 0.0464854 0.29408 0.225257 0.0442369 0.178449 0.164098 0.0252689 0.0162929 0.00451055 0.00037325 5.42554e-05 2.99501e-06 1.59368e-07 5.32261e-09 1.12056e-10 1.22291e-12 6.20386e-15
 2.56606e-27 2.59554e-27 3.87329e-26 7.63079e-20 1.8706e-14 5.54291e-10 1.98538e-06 0.000859592 0.044988 0.284606 0.218029 0.0445825 0.186158 0.171216 0.0266189 0.0175784 0.00487708 0.000418461 6.20932e-05 3.3342e-06 1.62269e-07 4.22416e-09 7.43443e-11 7.0524e-13 2.97002e-15
#obs surv len freq
 1.08343e-41 1.50372e-33 2.52281e-26 5.1162e-20 1.25418e-14 3.71636e-10 1.33114e-06 0.000576337 0.0301632 0.190822 0.146417 0.0400785 0.172851 0.146324 0.104068 0.102146 0.0445738 0.017504 0.00395205 0.000497155 2.56849e-05 3.93791e-07 1.3431e-09 8.30108e-13 8.14901e-17
 1.60308e-41 2.22497e-33 3.73284e-26 7.57014e-20 1.85573e-14 5.49887e-10 1.9696e-06 0.000852771 0.0446306 0.282346 0.216323 0.0406774 0.126707 0.102257 0.0759535 0.0687025 0.0288819 0.0103391 0.00209241 0.0002252 9.46043e-06 1.12002e-07 2.83888e-10 1.27337e-13 8.94847e-18
 1.53666e-41 2.13278e-33 3.57818e-26 7.25647e-20 1.77884e-14 5.27102e-10 1.888e-06 0.000817437 0.0427814 0.270648 0.20762 0.0500387 0.176858 0.128899 0.0564139 0.0424801 0.0169379 0.00544372 0.000969005 8.76619e-05 2.9481e-06 2.6731e-08 5.02023e-11 1.63292e-14 8.21478e-19
 1.07602e-41 1.49345e-33 2.50557e-26 5.08125e-20 1.24561e-14 3.69096e-10 1.32204e-06 0.000572399 0.0299571 0.189519 0.145901 0.0564743 0.230181 0.163064 0.098081 0.0658715 0.0159036 0.00384097 0.000587238 4.37897e-05 1.15911e-06 7.95649e-09 1.10102e-11 2.59272e-15 9.33747e-20
 1.50222e-41 2.08498e-33 3.49798e-26 7.09384e-20 1.73897e-14 5.15289e-10 1.84568e-06 0.000799116 0.0418226 0.264583 0.20302 0.0471827 0.142058 0.104105 0.104152 0.0692552 0.0191104 0.00356079 0.000329651 1.84422e-05 3.76195e-07 1.92894e-09 1.95021e-12 3.31008e-16 8.51992e-21
 1.1995e-41 1.66482e-33 2.79308e-26 5.66432e-20 1.38854e-14 4.1145e-10 1.47375e-06 0.000638082 0.0333947 0.211268 0.162866 0.0649298 0.23102 0.143928 0.0785707 0.0499829 0.0192961 0.00379406 0.000300134 1.02578e-05 1.38402e-07 5.1265e-10 3.74409e-13 4.54896e-17 8.3326e-22
 1.37884e-41 1.91374e-33 3.2107e-26 6.51124e-20 1.59615e-14 4.72969e-10 1.6941e-06 0.000733487 0.0383878 0.242856 0.186866 0.0579498 0.175059 0.1165 0.109436 0.0567261 0.0127665 0.0024883 0.000223739 6.44378e-06 5.49042e-08 1.26325e-10 6.2695e-14 5.35725e-18 6.93246e-23
 1.18886e-41 1.65006e-33 2.76832e-26 5.61411e-20 1.37623e-14 4.07803e-10 1.46068e-06 0.000632426 0.0330986 0.209398 0.161882 0.072154 0.227117 0.133499 0.0945708 0.0501755 0.0151846 0.00214132 0.000141798 4.01015e-06 2.88012e-08 4.40949e-11 1.34582e-14 7.39653e-19 6.48157e-24
 1.51534e-41 2.1032e-33 3.52855e-26 7.15582e-20 1.75417e-14 5.19791e-10 1.86181e-06 0.000806098 0.042188 0.266899 0.205611 0.0643977 0.16682 0.103918 0.0962045 0.0421344 0.00955348 0.00138344 8.13431e-05 1.62938e-06 9.69251e-09 1.22173e-11 2.669e-15 9.46024e-20 5.22988e-25
 1.52178e-41 2.11214e-33 3.54354e-26 7.18624e-20 1.76162e-14 5.22001e-10 1.86972e-06 0.000809525 0.0423673 0.268037 0.207098 0.0779108 0.198147 0.103475 0.0659584 0.0283407 0.00702704 0.000789568 3.83228e-05 6.54099e-07 2.82895e-09 2.64924e-12 4.51842e-16 1.20759e-20 4.68847e-26
 1.09603e-41 1.52122e-33 2.55216e-26 5.17572e-20 1.26877e-14 3.75959e-10 1.34662e-06 0.000583042 0.0305141 0.193056 0.150917 0.097156 0.258071 0.136148 0.0954333 0.0319707 0.00554801 0.000577263 2.37897e-05 3.09884e-07 1.05011e-09 7.25389e-13 8.80046e-17 1.71496e-21 4.96078e-27
 1.66076e-41 2.30502e-33 3.86716e-26 7.84251e-20 1.9225e-14 5.69672e-10 2.04047e-06 0.000883454 0.0462365 0.292516 0.22586 0.0712232 0.144827 0.0943923 0.0901903 0.0288508 0.00466375 0.0003437 1.05633e-05 1.10807e-07 2.81167e-10 1.4345e-13 1.27638e-17 1.77592e-22 3.62127e-28
 1.33723e-41 1.85598e-33 3.1138e-26 6.31472e-20 1.54798e-14 4.58694e-10 1.64297e-06 0.000711349 0.0372292 0.235547 0.184535 0.110451 0.242666 0.106654 0.0575262 0.0204042 0.00399999 0.000267497 6.16375e-06 4.45668e-08 8.30401e-11 3.12091e-14 2.00172e-18 2.00033e-23 2.92307e-29
 1.11765e-41 1.55123e-33 2.6025e-26 5.27782e-20 1.2938e-14 3.83375e-10 1.37319e-06 0.000594543 0.031116 0.19688 0.155607 0.111958 0.235367 0.137739 0.103648 0.0239318 0.00294646 0.000205135 4.60802e-06 2.57039e-08 3.27558e-11 8.459e-15 3.85205e-19 2.75072e-24 2.8564e-30
 8.79178e-42 1.22024e-33 2.04721e-26 4.1517e-20 1.01774e-14 3.01575e-10 1.08019e-06 0.000467686 0.0244769 0.154891 0.12482 0.123652 0.249571 0.159483 0.123771 0.0341104 0.00455274 0.000199953 3.39691e-06 1.71453e-08 1.76213e-11 3.23262e-15 9.9602e-20 4.84377e-25 3.49526e-31
 1.41766e-41 1.96762e-33 3.30109e-26 6.69454e-20 1.64109e-14 4.86284e-10 1.74179e-06 0.000754135 0.0394685 0.249725 0.195764 0.0948671 0.160236 0.126095 0.100835 0.0281212 0.00394781 0.000183062 2.43084e-06 8.30898e-09 6.63327e-12 9.78757e-16 2.27549e-20 7.82325e-26 3.85846e-32
 9.72932e-42 1.35036e-33 2.26552e-26 4.59442e-20 1.12627e-14 3.33734e-10 1.19538e-06 0.000517559 0.0270871 0.171446 0.141386 0.162215 0.273025 0.126511 0.072353 0.0221545 0.00315704 0.000144945 1.87532e-06 5.38344e-09 3.02656e-12 3.10938e-16 5.36423e-21 1.40276e-26 5.16361e-33
 1.43633e-41 1.99352e-33 3.34455e-26 6.78268e-20 1.66269e-14 4.92687e-10 1.76472e-06 0.000764064 0.0399882 0.253038 0.200279 0.107928 0.161343 0.135889 0.0838961 0.0151652 0.00163237 7.32999e-05 8.90425e-07 2.31292e-09 1.09935e-12 8.57671e-17 1.03666e-21 1.87387e-27 4.89552e-34
 1.00579e-41 1.39598e-33 2.34204e-26 4.74961e-20 1.16431e-14 3.45007e-10 1.23576e-06 0.00053504 0.0280021 0.177293 0.14982 0.183562 0.261084 0.120842 0.0617941 0.0155859 0.00143848 4.14519e-05 4.06685e-07 9.25136e-10 3.75661e-13 2.42388e-17 2.31873e-22 3.14238e-28 5.86759e-35
 1.288e-41 1.78766e-33 2.99918e-26 6.08227e-20 1.491e-14 4.4181e-10 1.58249e-06 0.000685164 0.0358589 0.226973 0.184245 0.132724 0.181743 0.152001 0.0736649 0.0111522 0.000924742 2.61497e-05 1.81957e-07 2.91519e-10 9.29363e-14 4.8538e-18 3.72247e-23 3.977e-29 5.73929e-36
 1.41163e-41 1.95924e-33 3.28704e-26 6.66605e-20 1.6341e-14 4.84215e-10 1.73438e-06 0.000750926 0.0393007 0.248806 0.20462 0.159115 0.187262 0.101813 0.0479372 0.00973365 0.0006475 1.29785e-05 7.65736e-08 9.47059e-11 2.0912e-14 7.73117e-19 4.42527e-24 3.62399e-30 4.02597e-37
 1.13066e-41 1.56928e-33 2.63279e-26 5.33925e-20 1.30885e-14 3.87837e-10 1.38917e-06 0.000601463 0.0314786 0.199424 0.172965 0.196789 0.225308 0.122307 0.0443512 0.00634838 0.00041713 7.87477e-06 3.39733e-08 3.11215e-11 5.26724e-15 1.41944e-19 5.65754e-25 3.22326e-31 2.55128e-38
 1.37674e-41 1.91082e-33 3.2058e-26 6.50131e-20 1.59372e-14 4.72248e-10 1.69152e-06 0.000732368 0.0383297 0.242753 0.203263 0.160352 0.179043 0.126219 0.0437849 0.00527079 0.000246532 3.67102e-06 1.37971e-08 9.88876e-12 1.20198e-15 2.33985e-20 6.84112e-26 2.82568e-32 1.58349e-39
 1.3526e-41 1.87732e-33 3.1496e-26 6.38732e-20 1.56578e-14 4.63968e-10 1.66186e-06 0.000719528 0.0376581 0.238645 0.20669 0.19381 0.188185 0.0974116 0.0324675 0.00423845 0.000171152 1.85583e-06 5.00975e-09 2.78878e-12 2.66539e-16 3.87885e-21 8.12315e-27 2.37946e-33 9.52653e-41
 1.18574e-41 1.64573e-33 2.76105e-26 5.59935e-20 1.37261e-14 4.06731e-10 1.45684e-06 0.000630763 0.0330129 0.209412 0.190121 0.213962 0.206878 0.113158 0.0297727 0.00294168 0.000108826 1.04726e-06 2.13569e-09 8.32306e-13 5.66742e-17 6.11081e-22 9.61585e-28 2.08888e-34 6.06198e-42
 1.06512e-41 1.47832e-33 2.48019e-26 5.02978e-20 1.23299e-14 3.65358e-10 1.30865e-06 0.000566602 0.0296555 0.188324 0.178327 0.221122 0.217258 0.129554 0.0323281 0.00278651 7.65306e-05 5.73629e-07 9.67762e-10 2.95007e-13 1.4519e-17 1.09083e-22 1.20013e-28 1.85893e-35 3.91466e-43
 1.0478e-41 1.45427e-33 2.43984e-26 4.94795e-20 1.21293e-14 3.59414e-10 1.28736e-06 0.000557384 0.0291737 0.185432 0.17947 0.221358 0.216947 0.13222 0.0321142 0.00266378 6.25263e-05 3.56004e-07 4.37446e-10 1.00761e-13 3.81518e-18 2.15357e-23 1.71488e-29 1.8701e-36 2.74106e-44
 1.26792e-41 1.75979e-33 2.95242e-26 5.98744e-20 1.46775e-14 4.34922e-10 1.55782e-06 0.000674482 0.0353019 0.224097 0.204569 0.199987 0.192574 0.113281 0.027221 0.00224064 5.11151e-05 2.67387e-07 2.7708e-10 5.08524e-14 1.52413e-18 6.95582e-24 4.55965e-30 4.1036e-37 4.91408e-45
#pred catch len freq
 2.55713e-27 2.57232e-27 1.93355e-26 3.5392e-20 8.67592e-15 2.57083e-10 9.20828e-07 0.000398683 0.0208657 0.132003 0.101442 0.0407397 0.238821 0.221066 0.0575998 0.0762997 0.0321179 0.0237617 0.0142421 0.0105949 0.0081726 0.0069772 0.00692875 0.00610818 0.00186089
 2.55755e-27 2.57399e-27 2.12274e-26 3.93844e-20 9.65461e-15 2.86083e-10 1.0247e-06 0.000443657 0.0232194 0.146893 0.112749 0.036768 0.200657 0.187227 0.0769029 0.128611 0.044382 0.0195347 0.00859849 0.00476667 0.00297008 0.00215963 0.00189393 0.00166667 0.00055606
 2.56013e-27 2.58064e-27 2.6699e-26 5.09256e-20 1.24838e-14 3.69917e-10 1.32498e-06 0.000573667 0.0300236 0.189938 0.145653 0.0389792 0.194365 0.180467 0.0583928 0.0883537 0.0361261 0.0240843 0.00795004 0.00257321 0.00105887 0.000579412 0.000417643 0.000344169 0.000118788
 2.5587e-27 2.5765e-27 2.27809e-26 4.26592e-20 1.04574e-14 3.09871e-10 1.10991e-06 0.000480547 0.0251501 0.159107 0.122162 0.0421808 0.235235 0.217868 0.0594232 0.0810396 0.0300907 0.0165335 0.00694514 0.00273603 0.000649056 0.0002017 0.000101239 7.12941e-05 2.43207e-05
 2.5586e-27 2.57642e-27 2.29093e-26 4.29308e-20 1.0524e-14 3.11844e-10 1.11697e-06 0.000483606 0.0253102 0.16012 0.122906 0.0403475 0.220761 0.205033 0.0666469 0.100656 0.0346418 0.014935 0.00536782 0.00200226 0.000613703 0.000124507 3.03681e-05 1.50718e-05 4.80241e-06
 2.55957e-27 2.5789e-27 2.49479e-26 4.72307e-20 1.1578e-14 3.43078e-10 1.22885e-06 0.000532044 0.0278453 0.176157 0.135164 0.0410996 0.217872 0.202023 0.0598651 0.0860017 0.0310527 0.0154956 0.00496426 0.00143582 0.000384065 8.87704e-05 1.34644e-05 3.08016e-06 8.10314e-07
 2.55961e-27 2.57885e-27 2.47696e-26 4.68543e-20 1.14858e-14 3.40344e-10 1.21905e-06 0.000527804 0.0276233 0.174753 0.134109 0.0422098 0.227062 0.210309 0.0578517 0.0792391 0.0277047 0.0126015 0.00431573 0.00134135 0.000285411 5.4895e-05 8.20569e-06 9.05706e-07 1.39172e-07
 2.56023e-27 2.58043e-27 2.60678e-26 4.95924e-20 1.2157e-14 3.60233e-10 1.2903e-06 0.000558649 0.0292377 0.184966 0.141914 0.0425903 0.224475 0.207808 0.0553861 0.074162 0.0248821 0.00973309 0.00312084 0.000915212 0.000210486 3.49645e-05 4.24341e-06 3.61677e-07 2.50758e-08
 2.56116e-27 2.58284e-27 2.8083e-26 5.38433e-20 1.3199e-14 3.91111e-10 1.40089e-06 0.000606533 0.0317438 0.20082 0.154025 0.0429315 0.218562 0.202164 0.0510041 0.0655468 0.021626 0.00787813 0.0023466 0.000594028 0.000125687 2.13083e-05 2.30383e-06 1.54747e-07 6.3454e-09
 2.56272e-27 2.58697e-27 3.16426e-26 6.13522e-20 1.50398e-14 4.45655e-10 1.59626e-06 0.00069112 0.0361707 0.228826 0.175405 0.0426413 0.201332 0.186103 0.0452483 0.056433 0.0184065 0.00637344 0.00184263 0.000431571 7.96622e-05 1.20075e-05 1.26773e-06 7.48071e-08 2.23358e-09
 2.56166e-27 2.58395e-27 2.88357e-26 5.54302e-20 1.3588e-14 4.02638e-10 1.44218e-06 0.00062441 0.0326794 0.206739 0.15857 0.0445576 0.227743 0.210236 0.045205 0.0502366 0.0161859 0.00531841 0.00150176 0.000334444 5.77638e-05 7.63142e-06 7.02663e-07 3.90567e-08 9.90625e-10
 2.5624e-27 2.58601e-27 3.06955e-26 5.93539e-20 1.45499e-14 4.31139e-10 1.54427e-06 0.000668609 0.0349926 0.221373 0.16973 0.0436418 0.212933 0.196688 0.0449612 0.0530475 0.0163658 0.00419509 0.00112246 0.000234935 3.86384e-05 4.74403e-06 3.81412e-07 1.84028e-08 4.26304e-10
 2.56372e-27 2.58948e-27 3.36563e-26 6.55994e-20 1.60809e-14 4.76506e-10 1.70676e-06 0.000738964 0.0386747 0.244667 0.187519 0.0437436 0.20121 0.185632 0.0386975 0.0415495 0.0129502 0.00355038 0.000891442 0.0001491 2.25339e-05 2.59381e-06 1.91876e-07 8.0453e-09 1.61798e-10
 2.56183e-27 2.58422e-27 2.88892e-26 5.55425e-20 1.36156e-14 4.03454e-10 1.4451e-06 0.000625675 0.0327456 0.207158 0.158914 0.0460565 0.238908 0.220228 0.0413444 0.0388514 0.0117377 0.002646 0.000654753 0.000112472 1.4595e-05 1.41438e-06 9.61212e-08 3.66475e-09 6.39224e-11
 2.56025e-27 2.58011e-27 2.5406e-26 4.8195e-20 1.18144e-14 3.50083e-10 1.25394e-06 0.000542907 0.0284138 0.179754 0.137984 0.0457482 0.251267 0.231974 0.049615 0.0547337 0.0161855 0.00299001 0.000678778 9.8444e-05 1.261e-05 1.12818e-06 6.30993e-08 2.14289e-09 3.36243e-11
 2.56142e-27 2.58331e-27 2.82671e-26 5.42309e-20 1.3294e-14 3.93926e-10 1.41098e-06 0.0006109 0.0319723 0.202266 0.155157 0.0446922 0.231166 0.21346 0.0469766 0.0533944 0.0160484 0.00339581 0.000758967 8.97665e-05 9.80396e-06 7.86652e-07 4.10723e-08 1.16322e-09 1.58848e-11
 2.56246e-27 2.58597e-27 3.04739e-26 5.88857e-20 1.44351e-14 4.27738e-10 1.53209e-06 0.000663335 0.0347165 0.219627 0.168423 0.0452897 0.226392 0.208752 0.0406569 0.0401677 0.0120621 0.00257325 0.000589965 7.7219e-05 7.76616e-06 5.02759e-07 2.25649e-08 5.81252e-10 6.72433e-12
 2.56238e-27 2.58569e-27 3.01445e-26 5.81905e-20 1.42647e-14 4.22688e-10 1.514e-06 0.000655504 0.0343067 0.217034 0.166455 0.046021 0.23334 0.215025 0.0392724 0.035412 0.0103327 0.00171669 0.000373193 4.89714e-05 5.20098e-06 3.4255e-07 1.27174e-08 2.72072e-10 2.78781e-12
 2.56306e-27 2.58758e-27 3.18819e-26 6.1856e-20 1.51633e-14 4.49314e-10 1.60937e-06 0.000696795 0.0364677 0.230705 0.176877 0.0449772 0.218074 0.201065 0.0391131 0.0385596 0.0112341 0.00180881 0.000374589 4.01258e-05 4.02941e-06 2.73363e-07 1.05078e-08 1.95661e-10 1.64289e-12
 2.5626e-27 2.58624e-27 3.05898e-26 5.91298e-20 1.4495e-14 4.29511e-10 1.53844e-06 0.000666085 0.0348605 0.220538 0.169133 0.0462479 0.233185 0.214796 0.0376642 0.0318029 0.00925394 0.00150635 0.000310297 3.13987e-05 2.78841e-06 1.60956e-07 6.14762e-09 1.17703e-10 8.93909e-13
 2.56416e-27 2.59059e-27 3.45428e-26 6.74693e-20 1.65393e-14 4.90088e-10 1.75541e-06 0.000760027 0.0397771 0.251641 0.192851 0.0441783 0.200771 0.1851 0.036312 0.036188 0.0104826 0.00157921 0.0003205 3.33988e-05 2.92643e-06 1.53255e-07 4.95987e-09 8.94748e-11 6.88909e-13
 2.56448e-27 2.59132e-27 3.50671e-26 6.85749e-20 1.68103e-14 4.98119e-10 1.78418e-06 0.000772481 0.0404289 0.255765 0.196015 0.0451399 0.205866 0.189525 0.0320593 0.0253896 0.007434 0.00130385 0.000271321 2.61955e-05 2.26232e-06 1.19724e-07 3.61187e-09 5.59291e-11 3.92215e-13
 2.56412e-27 2.59032e-27 3.41492e-26 6.66384e-20 1.63356e-14 4.84053e-10 1.7338e-06 0.000750667 0.0392872 0.248542 0.190507 0.0456231 0.213413 0.196447 0.0325487 0.0247502 0.00704295 0.00089244 0.00017312 1.88331e-05 1.638e-06 8.17158e-08 2.4613e-09 3.63372e-11 2.22876e-13
 2.56538e-27 2.59375e-27 3.71979e-26 7.30699e-20 1.79122e-14 5.30771e-10 1.90113e-06 0.000823117 0.043079 0.27253 0.208808 0.0446127 0.192866 0.177509 0.0295964 0.0227853 0.00646088 0.000774118 0.0001407 1.1541e-05 9.50236e-07 5.13933e-08 1.49612e-09 2.15237e-11 1.27229e-13
 2.56561e-27 2.59428e-27 3.75821e-26 7.388e-20 1.81108e-14 5.36655e-10 1.92221e-06 0.000832243 0.0435566 0.275551 0.211125 0.0452583 0.19615 0.180354 0.0267307 0.0155387 0.00434928 0.000464722 7.99084e-05 6.03133e-06 4.22431e-07 1.81992e-08 5.42095e-10 7.86363e-12 4.49731e-14
 2.56456e-27 2.59139e-27 3.50129e-26 6.84602e-20 1.67822e-14 4.97286e-10 1.7812e-06 0.00077119 0.0403613 0.255337 0.195704 0.0461301 0.21362 0.196455 0.0292307 0.0171807 0.00474839 0.000396438 5.91548e-05 4.03271e-06 2.593e-07 9.75367e-09 2.32259e-10 3.11216e-12 1.81136e-14
 2.56405e-27 2.59004e-27 3.38232e-26 6.59503e-20 1.61669e-14 4.79055e-10 1.71589e-06 0.000742916 0.0388816 0.245976 0.18856 0.0463682 0.220451 0.202791 0.0309191 0.0194327 0.00537262 0.000436927 6.27608e-05 3.44399e-06 1.82205e-07 6.06858e-09 1.27577e-10 1.39128e-12 7.05562e-15
 2.56342e-27 2.58834e-27 3.23232e-26 6.27859e-20 1.53912e-14 4.56069e-10 1.63356e-06 0.000707271 0.037016 0.234174 0.179555 0.0467953 0.230028 0.211635 0.0326134 0.0210685 0.00583794 0.000492246 7.22249e-05 3.85608e-06 1.86613e-07 4.84492e-09 8.51252e-11 8.06877e-13 3.39687e-15
#obs catch len freq
 4.99644e-42 6.93474e-34 1.16345e-26 2.35944e-20 5.7839e-15 1.71388e-10 6.13882e-07 0.00026579 0.0139104 0.0880023 0.0679231 0.0399396 0.219093 0.186978 0.143808 0.14331 0.0640986 0.0258049 0.0060363 0.000787589 4.24337e-05 6.7889e-07 2.40814e-09 1.54046e-12 1.55736e-16
 5.72097e-42 7.94033e-34 1.33215e-26 2.70158e-20 6.62261e-15 1.9624e-10 7.029e-07 0.000304332 0.0159275 0.100763 0.0777755 0.0435551 0.222509 0.181122 0.143329 0.131494 0.0571555 0.0210871 0.00445438 0.000500837 2.19433e-05 2.7037e-07 7.1087e-10 3.29345e-13 2.38054e-17
 1.08431e-41 1.50495e-33 2.52486e-26 5.12037e-20 1.2552e-14 3.71938e-10 1.33222e-06 0.000576806 0.0301877 0.190978 0.146711 0.0451648 0.181281 0.140531 0.113487 0.0953527 0.0397097 0.0132783 0.00249461 0.000237796 8.38809e-06 7.91763e-08 1.53918e-10 5.15995e-14 2.66545e-18
 1.1163e-41 1.54935e-33 2.59936e-26 5.27145e-20 1.29223e-14 3.82913e-10 1.37153e-06 0.000593826 0.0310785 0.196614 0.15136 0.0584667 0.238058 0.164352 0.0766632 0.0540987 0.0212468 0.00634236 0.0010398 8.25567e-05 2.31012e-06 1.65811e-08 2.37711e-11 5.76287e-15 2.12779e-19
 7.84064e-42 1.08823e-33 1.82573e-26 3.70254e-20 9.07635e-15 2.68949e-10 9.63331e-07 0.000417089 0.0218288 0.138099 0.106943 0.0648217 0.27395 0.184677 0.11669 0.0713917 0.0167888 0.00382221 0.000534346 3.46566e-05 7.56847e-07 4.08643e-09 4.29856e-12 7.52522e-16 1.98614e-20
 1.25627e-41 1.74363e-33 2.92529e-26 5.93244e-20 1.45427e-14 4.30926e-10 1.54351e-06 0.000668285 0.0349754 0.221267 0.170179 0.0528808 0.172536 0.122309 0.125511 0.0757883 0.0201734 0.00340509 0.00029071 1.41787e-05 2.36897e-07 9.50099e-10 7.27529e-13 9.15896e-17 1.72525e-21
 1.03819e-41 1.44094e-33 2.41748e-26 4.9026e-20 1.20181e-14 3.5612e-10 1.27556e-06 0.000552275 0.0289039 0.18286 0.141549 0.0736357 0.259832 0.153367 0.0860224 0.0509755 0.0187697 0.00329304 0.000231757 6.84922e-06 7.62208e-08 2.20291e-10 1.21491e-13 1.09268e-17 1.46292e-22
 1.27486e-41 1.76942e-33 2.96856e-26 6.02018e-20 1.47578e-14 4.373e-10 1.56634e-06 0.000678169 0.0354927 0.224542 0.173194 0.0644387 0.192753 0.124037 0.116364 0.0543718 0.0118427 0.00211483 0.000165198 3.98975e-06 2.77109e-08 4.99871e-11 1.87522e-14 1.18477e-18 1.1194e-23
 1.14601e-41 1.59058e-33 2.66853e-26 5.41172e-20 1.32662e-14 3.93102e-10 1.40803e-06 0.000609627 0.0319054 0.201851 0.156527 0.0796432 0.238765 0.134215 0.0950238 0.0465157 0.0131882 0.00165503 9.78986e-05 2.30158e-06 1.31659e-08 1.56485e-11 3.61611e-15 1.47192e-19 9.41427e-25
 1.51643e-41 2.10471e-33 3.53108e-26 7.16097e-20 1.75543e-14 5.20165e-10 1.86315e-06 0.000806678 0.0422183 0.267093 0.206078 0.06959 0.171131 0.103554 0.0933575 0.0370971 0.00798661 0.00103364 5.23606e-05 8.76552e-07 4.15527e-09 4.01973e-12 6.6069e-16 1.73534e-20 7.01555e-26
 1.55332e-41 2.1559e-33 3.61698e-26 7.33516e-20 1.79813e-14 5.32818e-10 1.90847e-06 0.0008263 0.0432453 0.273594 0.21173 0.0831608 0.197012 0.0983736 0.0615394 0.024357 0.00558145 0.00055459 2.33633e-05 3.2726e-07 1.12081e-09 8.06018e-13 1.03008e-16 2.03346e-21 5.77731e-27
 1.15197e-41 1.59886e-33 2.68241e-26 5.43988e-20 1.33352e-14 3.95147e-10 1.41535e-06 0.000612799 0.0320714 0.202913 0.159019 0.103943 0.254027 0.129221 0.0871136 0.026382 0.00428757 0.00039464 1.38346e-05 1.47659e-07 3.93674e-10 2.07554e-13 1.88402e-17 2.70671e-22 5.71574e-28
 1.72181e-41 2.38976e-33 4.00932e-26 8.13082e-20 1.99318e-14 5.90614e-10 2.11548e-06 0.000915932 0.0479362 0.303272 0.234423 0.0748198 0.140477 0.0905235 0.0805947 0.0233534 0.00345326 0.000222774 5.86778e-06 4.99505e-08 9.91459e-11 3.85027e-14 2.55549e-18 2.61735e-23 3.8925e-29
 1.39957e-41 1.94251e-33 3.25896e-26 6.60911e-20 1.62015e-14 4.80079e-10 1.71957e-06 0.000744512 0.0389648 0.246534 0.193629 0.11642 0.234113 0.0985531 0.0511507 0.0167878 0.00292934 0.000168629 3.27371e-06 1.9217e-08 2.79667e-11 7.96923e-15 3.80482e-19 2.79459e-24 2.9752e-30
 1.18812e-41 1.64903e-33 2.76659e-26 5.61059e-20 1.37537e-14 4.07548e-10 1.45977e-06 0.00063203 0.0330779 0.209301 0.165931 0.118703 0.228605 0.131706 0.0908978 0.01887 0.00214425 0.000128955 2.3831e-06 1.06301e-08 1.0541e-11 2.06393e-15 6.98692e-20 3.66208e-25 2.76817e-31
 9.48962e-42 1.3171e-33 2.2097e-26 4.48123e-20 1.09852e-14 3.25512e-10 1.16593e-06 0.000504808 0.0264197 0.167195 0.135324 0.131955 0.244121 0.154392 0.109277 0.0274741 0.00321406 0.000121248 1.72555e-06 6.89583e-09 5.44914e-12 7.54515e-16 1.72735e-20 6.16365e-26 3.23451e-32
 1.50413e-41 2.08764e-33 3.50244e-26 7.10289e-20 1.74119e-14 5.15946e-10 1.84804e-06 0.000800136 0.041876 0.264965 0.208111 0.0990221 0.153642 0.120151 0.0865135 0.0220987 0.00271253 0.000106077 1.15026e-06 3.12866e-09 1.92125e-12 2.1271e-16 3.66144e-21 9.23304e-27 3.31398e-33
 1.04961e-41 1.45679e-33 2.44407e-26 4.95653e-20 1.21503e-14 3.60037e-10 1.28959e-06 0.000558349 0.0292219 0.184975 0.153316 0.170233 0.261236 0.118002 0.0626438 0.0175636 0.00216513 8.35524e-05 8.71698e-07 1.95748e-09 8.42174e-13 6.49507e-17 8.27773e-22 1.58317e-27 4.23699e-34
 1.52994e-41 2.12346e-33 3.56255e-26 7.22477e-20 1.77107e-14 5.248e-10 1.87975e-06 0.000813866 0.0425946 0.269543 0.213788 0.111428 0.153499 0.126818 0.0690344 0.0113527 0.00108565 4.07173e-05 3.95468e-07 7.96703e-10 2.87121e-13 1.67265e-17 1.49215e-22 1.9714e-28 3.73596e-35
 1.08933e-41 1.51192e-33 2.53655e-26 5.14408e-20 1.26101e-14 3.7366e-10 1.33839e-06 0.000579477 0.0303278 0.192045 0.163123 0.190476 0.247177 0.111291 0.0522404 0.0117919 0.000923945 2.2476e-05 1.77347e-07 3.10866e-10 9.51069e-14 4.55788e-18 3.20655e-23 3.17304e-29 4.30149e-36
 1.38564e-41 1.92318e-33 3.22653e-26 6.54333e-20 1.60402e-14 4.75301e-10 1.70245e-06 0.000737102 0.0385772 0.2442 0.198783 0.136525 0.173275 0.139749 0.0594168 0.00813689 0.00058472 1.35391e-05 7.49467e-08 9.29304e-11 2.22796e-14 8.60517e-19 4.83515e-24 3.76112e-30 3.93385e-37
 1.50731e-41 2.09205e-33 3.50985e-26 7.11792e-20 1.74487e-14 5.17038e-10 1.85194e-06 0.000801828 0.0419649 0.265701 0.219143 0.161165 0.173687 0.0913337 0.0388682 0.00693911 0.000388218 6.45014e-06 3.0075e-08 2.84645e-11 4.72054e-15 1.28997e-19 5.39457e-25 3.20606e-31 2.5745e-38
 1.22404e-41 1.69888e-33 2.85023e-26 5.78021e-20 1.41695e-14 4.19868e-10 1.5039e-06 0.000651137 0.0340786 0.21594 0.188063 0.200519 0.211235 0.109513 0.0352342 0.00450981 0.000250345 3.81509e-06 1.29321e-08 9.06506e-12 1.14693e-15 2.2791e-20 6.63642e-26 2.74142e-32 1.56449e-39
 1.47747e-41 2.05063e-33 3.44035e-26 6.97696e-20 1.71032e-14 5.06799e-10 1.81527e-06 0.00078595 0.0411342 0.260556 0.218727 0.161784 0.16789 0.111412 0.0339737 0.00359182 0.000141502 1.71242e-06 5.00825e-09 2.72347e-12 2.47048e-16 3.54025e-21 7.54587e-27 2.25865e-33 9.13419e-41
 1.4508e-41 2.01361e-33 3.37825e-26 6.85103e-20 1.67945e-14 4.97651e-10 1.78251e-06 0.000771764 0.0403922 0.256031 0.222358 0.19391 0.173511 0.0849137 0.0251783 0.00283645 9.47991e-05 8.2875e-07 1.74299e-09 7.34354e-13 5.21295e-17 5.57294e-22 8.50588e-28 1.80407e-34 5.20409e-42
 1.28339e-41 1.78127e-33 2.98844e-26 6.0605e-20 1.48566e-14 4.40229e-10 1.57683e-06 0.000682712 0.0357322 0.226741 0.206446 0.214916 0.192821 0.097998 0.0226527 0.00194839 5.95286e-05 4.55001e-07 7.16974e-10 2.11152e-13 1.06664e-17 8.42498e-23 9.63752e-29 1.51476e-35 3.16935e-43
 1.16173e-41 1.61241e-33 2.70515e-26 5.486e-20 1.34483e-14 3.98497e-10 1.42735e-06 0.000617995 0.0323458 0.205507 0.195107 0.223092 0.204855 0.112149 0.0244786 0.00180499 4.07816e-05 2.43002e-07 3.147e-10 7.20721e-14 2.62702e-18 1.44551e-23 1.15474e-29 1.29103e-36 1.95504e-44
 1.14506e-41 1.58927e-33 2.66634e-26 5.40728e-20 1.32553e-14 3.92779e-10 1.40687e-06 0.000609127 0.0318817 0.202535 0.191329 0.216268 0.208985 0.119436 0.0269054 0.00200791 4.13423e-05 2.0151e-07 2.07519e-10 3.94479e-14 1.22152e-18 5.60875e-24 3.61703e-30 3.18155e-37 3.74822e-45
#spawning biomass
 12952.7 16132.1 18930 25617.5 31179.5 35938.9 44107.9 50492.8 61529.3 83370.7 98272.9 113688 141735 164194 162632 142212 134834 129678 138115 126800 141832 148357 153954 157393 162017 167836 153322 128870 115547 168624 177965 158901 133854 111828 95136.1 83493.1 75794 70886.3 67839 65982.9 64868.5 64206.4 63814.2 63582 63449.2 63373.1 63329.6 63304.7 63290.4 63282.2 63277.6 63274.9 63273.4 63272.5 63272 63271.7 63271.5 63271.4 63271.4 63271.4 63271.3 63271.3 63271.3 63271.3 63271.3 63271.3 63271.3 63271.3 63271.3 63271.3 63271.3 63271.3 63271.3 63271.3 63271.3 63271.3 63271.3 63271.3 63271.3 63271.3 63271.3 63271.3 63271.3 63271.3 63271.3 63271.3 63271.3 63271.3 63271.3 63271.3 63271.3 63271.3 63271.3 63271.3 63271.3 63271.3 63271.3 63271.3 63271.3 63271.3 63271.3 63271.3 63271.3 63271.3 63271.3 63271.3 63271.3 63271.3 63271.3 63271.3 63271.3 63271.3 63271.3 63271.3 63271.3 63271.3 63271.3 63271.3 63271.3 63271.3 63271.3 63271.3 63271.3 63271.3 63271.3 63271.3 63271.3 63271.3 0 0 0 0 0 0 0 0 0 0 0 0 0 0 0 0 0 0 0 0 0 0 0 0 0
