SBPRF35
0.0420605
Curr Bio
406606
B35
157056
F35
27.6092
FOFL
27.6092
OFL
462575
Bzero
11479.4
#pred survey bio
 11287.8 7867.27 5376.97 5393.27 8833.78 13932.4 19739.3 30400.5 46193.2 65548.9 91504 132860 175523 175860 172697 161918 169844 167095 173854 177191 186514 202791 195211 220621 243998 257253 219204 245617 236197 5.15142e+06 1.32076e+06 375966 159399 92963.3 72787.7 66763.2 64992.6 64479 64331.6 64289.7 64277.8 64274.5 64273.6 64273.3 64273.2 64273.2 64273.2 64273.2 64273.2 64273.2 64273.2 64273.2 64273.2 64273.2 64273.2 64273.2 64273.2 64273.2 64273.2 64273.2 64273.2 64273.2 64273.2 64273.2 64273.2 64273.2 64273.2 64273.2 64273.2 64273.2 64273.2 64273.2 64273.2 64273.2 64273.2 64273.2 64273.2 64273.2 64273.2 64273.2 64273.2 64273.2 64273.2 64273.2 64273.2 64273.2 64273.2 64273.2 64273.2 64273.2 64273.2 64273.2 64273.2 64273.2 64273.2 64273.2 64273.2 64273.2 64273.2 64273.2 64273.2 64273.2 64273.2 64273.2 64273.2 64273.2 64273.2 64273.2 64273.2 64273.2 64273.2 64273.2 64273.2 64273.2 64273.2 64273.2 64273.2 64273.2 64273.2 64273.2 64273.2 64273.2 64273.2 64273.2 64273.2 64273.2 64273.2 64273.2 64273.2 0 0 0 0 0 0 0 0 0 0 0 0 0 0 0 0 0 0 0 0 0 0 0 0 0
#obs survey bio
 8673.23 6837.17 4001.6 4544.72 9691.19 15685.5 18481 24734.9 44528.1 64225 92879.1 147179 144794 172378 191949 105281 224981 172693 194230 174516 266753 203202 235304 203594 323802 237924 209505 282146 219215
#pred catch bio
 3741.5 3912.09 3371.17 3001.23 4545.54 8111.36 10548.7 17358.2 30392.6 47818.7 62755 89835 142218 136086 152976 142204 157961 145396 148395 154687 164422 203745 171209 192626 213213 270769 211539 252570 242019 462575 6454.61 5352.81 5352.81 5352.81 5352.81 5352.81 5352.81 5352.81 5352.81 5352.81 5352.81 5352.81 5352.81 5352.81 5352.81 5352.81 5352.81 5352.81 5352.81 5352.81 5352.81 5352.81 5352.81 5352.81 5352.81 5352.81 5352.81 5352.81 5352.81 5352.81 5352.81 5352.81 5352.81 5352.81 5352.81 5352.81 5352.81 5352.81 5352.81 5352.81 5352.81 5352.81 5352.81 5352.81 5352.81 5352.81 5352.81 5352.81 5352.81 5352.81 5352.81 5352.81 5352.81 5352.81 5352.81 5352.81 5352.81 5352.81 5352.81 5352.81 5352.81 5352.81 5352.81 5352.81 5352.81 5352.81 5352.81 5352.81 5352.81 5352.81 5352.81 5352.81 5352.81 5352.81 5352.81 5352.81 5352.81 5352.81 5352.81 5352.81 5352.81 5352.81 5352.81 5352.81 5352.81 5352.81 5352.81 5352.81 5352.81 5352.81 5352.81 5352.81 5352.81 5352.81 5352.81 5352.81 5352.81 5352.81 5352.81 0 0 0 0 0 0 0 0 0 0 0 0 0 0 0 0 0 0 0 0 0 0 0 0 0
#obs catch bio
 4283.21 4388.33 4133.12 3132.65 4530.25 7994.98 10364.6 16678 29969.4 49091.7 62261.8 82752.1 140476 129139 163816 147138 155641 146904 143521 148714 152348 206469 161120 172064 189565 259709 205194 234187 238851
#pred cpue bio
 11482.1 8201.73 5512.93 5047.34 8331.83 13383.6 18885.9 28896.7 43892.6 62172.2 85896.2 126065 169502 172987 169810 155077 163334 160048 168179 171406 177709 194031 184220 211537 231811 249483 206383 230228 226012 4.85428e+06 1.56688e+06 374046 152022 85434.3 65254.6 59229.9 57459.3 56945.8 56798.4 56756.4 56744.6 56741.2 56740.3 56740 56740 56740 56739.9 56739.9 56739.9 56739.9 56739.9 56739.9 56739.9 56739.9 56739.9 56739.9 56739.9 56739.9 56739.9 56739.9 56739.9 56739.9 56739.9 56739.9 56739.9 56739.9 56739.9 56739.9 56739.9 56739.9 56739.9 56739.9 56739.9 56739.9 56739.9 56739.9 56739.9 56739.9 56739.9 56739.9 56739.9 56739.9 56739.9 56739.9 56739.9 56739.9 56739.9 56739.9 56739.9 56739.9 56739.9 56739.9 56739.9 56739.9 56739.9 56739.9 56739.9 56739.9 56739.9 56739.9 56739.9 56739.9 56739.9 56739.9 56739.9 56739.9 56739.9 56739.9 56739.9 56739.9 56739.9 56739.9 56739.9 56739.9 56739.9 56739.9 56739.9 56739.9 56739.9 56739.9 56739.9 56739.9 56739.9 56739.9 56739.9 56739.9 56739.9 56739.9 56739.9 0 0 0 0 0 0 0 0 0 0 0 0 0 0 0 0 0 0 0 0 0 0 0 0 0
#obs cpue bio
 6203.34 4269.95 4647.48 4574.23 10421.9 13459.5 20555.6 45746.5 43262.2 50270.8 105950 182192 188235 202077 108536 206172 157624 130365 189652 224056 165912 167493 215642 413864 266652 275067 237389 297918 220958
#pred surv len freq
 1.21377e-11 1.31801e-09 8.43804e-08 3.18494e-06 7.08765e-05 0.000929938 0.00719461 0.0328412 0.0887171 0.143998 0.150664 0.128623 0.11951 0.106276 0.0760165 0.0486147 0.0313573 0.0202267 0.0132882 0.00917842 0.00680747 0.00550893 0.00463762 0.00350968 0.00202602
 1.1778e-11 1.27895e-09 8.18796e-08 3.09055e-06 6.8776e-05 0.000902388 0.00698181 0.0318779 0.0862254 0.140845 0.151511 0.139677 0.140114 0.124856 0.0820616 0.0437347 0.0228095 0.0121205 0.00651852 0.00365746 0.00220821 0.00148678 0.00110169 0.000787553 0.000450684
 1.33585e-11 1.45057e-09 9.28668e-08 3.50526e-06 7.80047e-05 0.00102347 0.00791825 0.0361455 0.0976577 0.158626 0.166494 0.143278 0.13325 0.114554 0.0731948 0.0368133 0.017234 0.00772115 0.00326813 0.00139774 0.000638481 0.000325786 0.000192104 0.000120263 6.52139e-05
 1.79249e-11 1.94643e-09 1.24612e-07 4.70349e-06 0.000104669 0.00137329 0.0106237 0.0484708 0.13062 0.209445 0.207128 0.146225 0.101159 0.0732879 0.0423722 0.0182461 0.00688964 0.00259337 0.000946629 0.000329866 0.000112217 3.97771e-05 1.62278e-05 7.76852e-06 3.67913e-06
 1.77274e-11 1.92498e-09 1.23239e-07 4.65165e-06 0.000103516 0.00135816 0.0105067 0.0479387 0.129211 0.207378 0.205994 0.147819 0.105203 0.0769552 0.0432673 0.0169111 0.00522133 0.00152983 0.000436654 0.000119371 3.19755e-05 8.39823e-06 2.2463e-06 6.82301e-07 2.37609e-07
 1.70092e-11 1.847e-09 1.18247e-07 4.46322e-06 9.93225e-05 0.00130315 0.0100813 0.0460008 0.124032 0.199424 0.199787 0.147865 0.111053 0.0840861 0.0481612 0.0193776 0.00626415 0.00185221 0.000478628 0.000104602 2.07908e-05 3.98124e-06 7.45784e-07 1.41146e-07 2.92588e-08
 1.71725e-11 1.86472e-09 1.19381e-07 4.50605e-06 0.000100276 0.00131565 0.010178 0.0464413 0.125209 0.201233 0.201203 0.147869 0.109746 0.0824782 0.0470394 0.0187959 0.0060146 0.00177733 0.000467928 0.000103882 1.95949e-05 3.13008e-06 4.30173e-07 5.39357e-08 6.58939e-09
 1.74076e-11 1.89025e-09 1.21016e-07 4.56774e-06 0.000101648 0.00133366 0.0103172 0.0470755 0.126901 0.20381 0.203107 0.147504 0.107301 0.0798102 0.0456263 0.018517 0.00610832 0.00185501 0.000492672 0.000109356 2.0731e-05 3.31877e-06 4.3452e-07 4.60171e-08 4.00739e-09
 1.74429e-11 1.89409e-09 1.21261e-07 4.57701e-06 0.000101855 0.00133637 0.0103382 0.047171 0.127159 0.204227 0.203532 0.14783 0.107511 0.0797816 0.0452291 0.01792 0.00565045 0.00165113 0.000436597 9.88462e-05 1.9137e-05 3.0957e-06 4.06684e-07 4.26897e-08 3.50785e-09
 1.7541e-11 1.90475e-09 1.21944e-07 4.60276e-06 0.000102428 0.00134389 0.0103963 0.0474362 0.127871 0.205347 0.20454 0.148264 0.107385 0.07926 0.044388 0.0169762 0.00495637 0.00131802 0.000324625 6.98211e-05 1.3121e-05 2.11921e-06 2.82522e-07 3.00757e-08 2.48286e-09
 1.79364e-11 1.94768e-09 1.24692e-07 4.70651e-06 0.000104737 0.00137418 0.0106306 0.0485033 0.130724 0.209735 0.208 0.148355 0.104346 0.0754775 0.0416976 0.015504 0.00423693 0.0010227 0.000229626 4.49983e-05 7.69323e-06 1.15313e-06 1.4688e-07 1.5368e-08 1.2728e-09
 1.75439e-11 1.90505e-09 1.21963e-07 4.6035e-06 0.000102444 0.0013441 0.010398 0.047444 0.127894 0.205399 0.204664 0.148537 0.107779 0.0795174 0.0442735 0.0166014 0.00461033 0.0011277 0.000248825 4.58195e-05 7.10405e-06 9.5569e-07 1.09809e-07 1.05293e-08 8.2125e-10
 1.68592e-11 1.8307e-09 1.17203e-07 4.42384e-06 9.84462e-05 0.00129165 0.00999238 0.0455965 0.122958 0.197835 0.198835 0.148824 0.11372 0.0865235 0.0487582 0.018539 0.00530078 0.00134864 0.000306672 5.75218e-05 8.93111e-06 1.16185e-06 1.23812e-07 1.07077e-08 7.49753e-10
 1.61396e-11 1.75256e-09 1.12201e-07 4.23502e-06 9.42443e-05 0.00123653 0.00956608 0.0436552 0.117778 0.18994 0.192968 0.149838 0.121045 0.0945883 0.053132 0.0195406 0.00513985 0.00116935 0.000249705 4.68273e-05 7.48449e-06 1.00139e-06 1.0792e-07 9.17601e-09 6.08878e-10
 1.61248e-11 1.75096e-09 1.12098e-07 4.23115e-06 9.41582e-05 0.0012354 0.00955734 0.0436151 0.117668 0.189746 0.192694 0.149436 0.120555 0.0943455 0.053439 0.0201888 0.00566017 0.00139439 0.000304601 5.41618e-05 7.9475e-06 1.0061e-06 1.07798e-07 9.3442e-09 6.30078e-10
 1.72264e-11 1.87058e-09 1.19756e-07 4.52021e-06 0.000100591 0.00131979 0.01021 0.0465878 0.125611 0.201937 0.202175 0.149258 0.111426 0.0833439 0.0460715 0.0166451 0.00419948 0.000891992 0.000179263 3.22363e-05 4.94586e-06 6.30647e-07 6.45115e-08 5.26009e-09 3.42379e-10
 1.70784e-11 1.85451e-09 1.18727e-07 4.48137e-06 9.97263e-05 0.00130845 0.0101223 0.0461886 0.124546 0.200315 0.200977 0.14949 0.11297 0.0850321 0.0469716 0.0168268 0.00413518 0.000830098 0.000153392 2.46703e-05 3.34785e-06 3.96173e-07 4.02207e-08 3.32011e-09 2.13182e-10
 1.72408e-11 1.87215e-09 1.19857e-07 4.52399e-06 0.000100675 0.00132089 0.0102185 0.046627 0.125718 0.202117 0.202394 0.149515 0.111701 0.0834607 0.0458628 0.016232 0.00385631 0.000724896 0.000124819 1.89492e-05 2.39899e-06 2.57298e-07 2.32643e-08 1.73621e-09 1.05487e-10
 1.6847e-11 1.82938e-09 1.17119e-07 4.42064e-06 9.83751e-05 0.00129072 0.00998518 0.0455642 0.122878 0.197763 0.199025 0.149637 0.115054 0.0874522 0.0484711 0.0174163 0.00430629 0.000869463 0.000158463 2.40673e-05 2.90395e-06 2.90094e-07 2.43077e-08 1.66161e-09 9.09315e-11
 1.68385e-11 1.82846e-09 1.1706e-07 4.41841e-06 9.83254e-05 0.00129007 0.00998015 0.0455411 0.122816 0.197659 0.198907 0.149515 0.114937 0.0874148 0.0485843 0.0176205 0.00447109 0.00094661 0.000181723 2.90701e-05 3.72339e-06 3.89607e-07 3.27163e-08 2.14212e-09 1.09279e-10
 1.74239e-11 1.89203e-09 1.21129e-07 4.57203e-06 0.000101744 0.00133492 0.010327 0.0471208 0.127035 0.204118 0.203848 0.149153 0.10968 0.081306 0.044798 0.0161267 0.00402677 0.000832062 0.000157893 2.56643e-05 3.42533e-06 3.78566e-07 3.36629e-08 2.32202e-09 1.22129e-10
 1.7274e-11 1.87575e-09 1.20087e-07 4.5327e-06 0.000100869 0.00132343 0.0102382 0.0467164 0.125956 0.202474 0.202631 0.149378 0.111226 0.0829998 0.0457041 0.0163171 0.00397634 0.000785606 0.000142598 2.2476e-05 2.93491e-06 3.22297e-07 2.91896e-08 2.09681e-09 1.16199e-10
 1.77972e-11 1.93256e-09 1.23724e-07 4.66998e-06 0.000103924 0.00136351 0.0105481 0.0481282 0.129728 0.208263 0.207127 0.149273 0.106859 0.0777557 0.0422175 0.0146665 0.00330791 0.00055633 8.42537e-05 1.18458e-05 1.44575e-06 1.51055e-07 1.32142e-08 9.32045e-10 5.17228e-11
 1.71962e-11 1.86731e-09 1.19547e-07 4.51229e-06 0.000100414 0.00131748 0.0101921 0.0465066 0.125396 0.201619 0.201991 0.14947 0.111992 0.0838577 0.0461928 0.0164577 0.00398005 0.000769273 0.000132792 1.88947e-05 2.07029e-06 1.84098e-07 1.40792e-08 9.11971e-10 4.80122e-11
 1.75331e-11 1.90388e-09 1.21888e-07 4.60068e-06 0.000102381 0.00134328 0.0103916 0.0474154 0.127822 0.205325 0.204782 0.149118 0.10875 0.080201 0.0440806 0.0158046 0.0039029 0.000787883 0.000144329 2.22149e-05 2.71806e-06 2.67716e-07 2.08178e-08 1.23787e-09 5.69181e-11
 1.67516e-11 1.81902e-09 1.16455e-07 4.39561e-06 9.78179e-05 0.00128341 0.00992866 0.0453067 0.122191 0.196715 0.198246 0.14977 0.116022 0.0885182 0.0490483 0.0175485 0.00428749 0.000850013 0.000154227 2.40626e-05 3.06529e-06 3.22307e-07 2.73106e-08 1.78644e-09 8.80276e-11
 1.78833e-11 1.94191e-09 1.24323e-07 4.69257e-06 0.000104426 0.00137011 0.0105991 0.0483605 0.130349 0.209217 0.207873 0.149273 0.106167 0.0769094 0.0416351 0.0143694 0.00317669 0.000509302 7.23565e-05 9.78124e-06 1.179e-06 1.22384e-07 1.05442e-08 7.20745e-10 3.79816e-11
 1.8031e-11 1.95795e-09 1.2535e-07 4.73132e-06 0.000105289 0.00138142 0.0106866 0.0487589 0.131412 0.210835 0.209067 0.149037 0.104622 0.0752295 0.0407553 0.014208 0.00324352 0.000557701 8.46539e-05 1.10823e-05 1.1437e-06 9.58381e-08 6.99827e-09 4.4255e-10 2.29405e-11
 1.72976e-11 1.87831e-09 1.20251e-07 4.53888e-06 0.000101006 0.00132524 0.0102521 0.0467803 0.126129 0.202765 0.202978 0.149768 0.111629 0.0831521 0.0453577 0.015668 0.00345474 0.000548068 7.54439e-05 9.48807e-06 1.00334e-06 8.68813e-08 6.10797e-09 3.37242e-10 1.46064e-11
#obs surv len freq
 1.33395e-11 1.44851e-09 9.27351e-08 3.50029e-06 7.78942e-05 0.00102201 0.00790676 0.036088 0.0974325 0.157704 0.162987 0.134265 0.120193 0.106651 0.0770074 0.0476128 0.0272666 0.0140594 0.00632198 0.00242449 0.00075811 0.000182603 3.20658e-05 3.91619e-06 3.20381e-07
 6.26312e-12 6.80101e-10 4.35407e-08 1.64345e-06 3.65735e-05 0.000479912 0.00371476 0.0169991 0.0464903 0.0799653 0.104332 0.140316 0.184497 0.179633 0.121617 0.0649845 0.0322468 0.0151989 0.00639353 0.00227498 0.000651158 0.000142485 2.26765e-05 2.50829e-06 1.85757e-07
 1.7659e-11 1.91756e-09 1.22764e-07 4.63373e-06 0.000103117 0.00135292 0.0104659 0.0477467 0.128602 0.205624 0.200419 0.133606 0.0839321 0.0640228 0.0509886 0.0365988 0.0215062 0.00986008 0.00365946 0.0011456 0.000294526 5.82993e-05 8.37659e-06 8.34824e-07 5.5703e-08
 1.55437e-11 1.68786e-09 1.08058e-07 4.07867e-06 9.07654e-05 0.00119089 0.00921358 0.0420566 0.113579 0.183907 0.189506 0.151948 0.125268 0.0965247 0.0538048 0.0211526 0.00733592 0.00286601 0.00110942 0.000345478 8.10914e-05 1.41755e-05 1.8023e-06 1.6024e-07 9.58337e-09
 1.69887e-11 1.84477e-09 1.18104e-07 4.45783e-06 9.92029e-05 0.00130159 0.0100697 0.045957 0.124006 0.199916 0.201847 0.15109 0.112095 0.081702 0.0456349 0.0183637 0.00583795 0.00158939 0.000381373 8.51645e-05 1.73238e-05 2.80597e-06 3.25595e-07 2.58414e-08 1.3699e-09
 1.55232e-11 1.68563e-09 1.07916e-07 4.07329e-06 9.06459e-05 0.00118934 0.00920196 0.0420111 0.113535 0.184293 0.191285 0.155073 0.127292 0.0960301 0.0524732 0.0199104 0.00580962 0.00144197 0.000301141 5.0756e-05 6.96022e-06 7.93517e-07 7.31509e-08 5.03355e-09 2.38798e-10
 1.69787e-11 1.84369e-09 1.18034e-07 4.45522e-06 9.91451e-05 0.00130085 0.0100643 0.0459398 0.124035 0.200397 0.203649 0.154136 0.113957 0.0806168 0.043133 0.0164035 0.00482209 0.00117363 0.000229621 3.46106e-05 3.99129e-06 3.50843e-07 2.32295e-08 1.14564e-09 4.1302e-11
 1.66555e-11 1.80859e-09 1.15787e-07 4.37041e-06 9.72579e-05 0.0012761 0.00987327 0.0450753 0.121784 0.197291 0.202394 0.156758 0.118395 0.0831688 0.043096 0.0154664 0.0041803 0.000937971 0.000173969 2.51797e-05 2.73867e-06 2.18051e-07 1.24004e-08 4.94754e-10 1.36874e-11
 1.65443e-11 1.79651e-09 1.15014e-07 4.34123e-06 9.66089e-05 0.00126759 0.00980786 0.0447832 0.121063 0.196516 0.202851 0.15901 0.120619 0.0834249 0.0419067 0.0142719 0.00353716 0.00070776 0.000116707 1.51415e-05 1.49421e-06 1.09457e-07 5.75517e-09 2.09836e-10 5.16717e-12
 1.52862e-11 1.6599e-09 1.06268e-07 4.01112e-06 8.92633e-05 0.00117125 0.00906348 0.0414053 0.112165 0.183588 0.195183 0.164407 0.134445 0.0944787 0.0459131 0.0144312 0.00308073 0.000499862 6.70012e-05 7.30781e-06 6.17805e-07 3.92029e-08 1.81201e-09 5.90018e-11 1.31305e-12
 1.77076e-11 1.92284e-09 1.23102e-07 4.6465e-06 0.000103402 0.00135674 0.0104977 0.0479322 0.129538 0.20982 0.213981 0.160113 0.110979 0.0703448 0.0327272 0.010091 0.00212817 0.000336021 4.17894e-05 3.96921e-06 2.7713e-07 1.41878e-08 5.34203e-10 1.4525e-11 2.76272e-13
 1.61424e-11 1.75288e-09 1.12221e-07 4.2358e-06 9.42636e-05 0.00123688 0.00957173 0.0437315 0.118479 0.193751 0.204297 0.166161 0.127104 0.0835893 0.0382707 0.0112214 0.00215755 0.000297035 3.20387e-05 2.73328e-06 1.7551e-07 8.16348e-09 2.69352e-10 6.18503e-12 9.71643e-14
 1.61792e-11 1.75687e-09 1.12476e-07 4.24545e-06 9.44788e-05 0.00123972 0.00959427 0.0438429 0.118853 0.194698 0.206033 0.167866 0.127038 0.0817322 0.0364636 0.0103647 0.00190569 0.000244257 2.37505e-05 1.78489e-06 9.94362e-08 3.97896e-09 1.13555e-10 2.28923e-12 3.1867e-14
 1.2555e-11 1.36333e-09 8.72816e-08 3.2945e-06 7.33188e-05 0.000962198 0.00745055 0.0341187 0.093248 0.157404 0.182984 0.180123 0.162314 0.112112 0.0510214 0.0148418 0.00288939 0.000407268 4.33358e-05 3.37329e-06 1.82978e-07 6.79956e-09 1.74075e-10 3.07648e-12 3.7116e-14
 1.46139e-11 1.58689e-09 1.01595e-07 3.83474e-06 8.53411e-05 0.00111992 0.0086701 0.0396688 0.108013 0.179613 0.198555 0.175719 0.141972 0.092039 0.0404819 0.0115132 0.00220366 0.000306986 3.25671e-05 2.56465e-06 1.43085e-07 5.51069e-09 1.44511e-10 2.53863e-12 2.93437e-14
 1.54704e-11 1.6799e-09 1.07549e-07 4.0595e-06 9.03432e-05 0.00118557 0.00917817 0.0419882 0.114241 0.189247 0.205987 0.174947 0.133616 0.0827746 0.0351224 0.00961632 0.00175029 0.000228328 2.26106e-05 1.68337e-06 9.02906e-08 3.39001e-09 8.76292e-11 1.5305e-12 1.7677e-14
 1.47375e-11 1.60032e-09 1.02455e-07 3.86723e-06 8.6066e-05 0.00112952 0.00874646 0.0400474 0.109272 0.18265 0.203597 0.179917 0.140947 0.08671 0.0357664 0.0093461 0.00157824 0.000184166 1.59786e-05 1.0517e-06 5.08144e-08 1.74108e-09 4.14882e-11 6.75731e-13 7.36706e-15
 1.51384e-11 1.64385e-09 1.05241e-07 3.97244e-06 8.84081e-05 0.00116028 0.00898528 0.0411465 0.112288 0.187553 0.207825 0.179971 0.13644 0.0814671 0.032921 0.00852111 0.00144428 0.000170546 1.47729e-05 9.35415e-07 4.17133e-08 1.27864e-09 2.68411e-11 3.85253e-13 3.73847e-15
 1.36906e-11 1.48664e-09 9.51772e-08 3.5926e-06 7.99583e-05 0.00104955 0.008132 0.037304 0.102384 0.174032 0.201646 0.187692 0.150066 0.0905383 0.0361542 0.00919404 0.0015309 0.00017765 1.51105e-05 9.39319e-07 4.11322e-08 1.23291e-09 2.49632e-11 3.37897e-13 3.01679e-15
 1.63984e-11 1.78067e-09 1.14001e-07 4.3031e-06 9.57683e-05 0.00125691 0.00973392 0.0445714 0.121517 0.201841 0.218524 0.177726 0.122958 0.0679376 0.0260607 0.00653822 0.00109398 0.000128878 1.10651e-05 6.82423e-07 2.91965e-08 8.47902e-10 1.65719e-11 2.16093e-13 1.85407e-15
 1.49427e-11 1.6226e-09 1.03882e-07 3.9212e-06 8.72737e-05 0.00114563 0.00887725 0.0407235 0.111665 0.188643 0.213089 0.186151 0.136566 0.0763626 0.0286334 0.00685927 0.00106923 0.000114783 8.96967e-06 5.1566e-07 2.11654e-08 5.99863e-10 1.14759e-11 1.45587e-13 1.20462e-15
 1.50867e-11 1.63824e-09 1.04883e-07 3.95904e-06 8.81183e-05 0.0011568 0.00896564 0.0411503 0.112968 0.191228 0.216185 0.187351 0.134428 0.0729423 0.0264518 0.00608717 0.000897764 8.89782e-05 6.26177e-06 3.20077e-07 1.16696e-08 2.95169e-10 5.09111e-12 5.91639e-14 4.56323e-16
 1.57339e-11 1.70853e-09 1.09383e-07 4.12892e-06 9.19005e-05 0.00120648 0.00935088 0.0429147 0.117719 0.198491 0.221246 0.185445 0.12722 0.0665071 0.0235571 0.00536701 0.000794815 7.98963e-05 5.66886e-06 2.84731e-07 9.86515e-09 2.30216e-10 3.58409e-12 3.71108e-14 2.53993e-16
 1.61477e-11 1.75346e-09 1.1226e-07 4.23756e-06 9.43206e-05 0.00123832 0.00959876 0.0440612 0.120878 0.203576 0.225317 0.184877 0.122396 0.0615869 0.0210384 0.0046138 0.000652745 6.20621e-05 4.14944e-06 1.9801e-07 6.60969e-09 1.49981e-10 2.26776e-12 2.25462e-14 1.45597e-16
 1.60767e-11 1.74575e-09 1.11768e-07 4.21903e-06 9.39124e-05 0.00123311 0.00956142 0.0439246 0.120726 0.204075 0.227014 0.186383 0.121946 0.0600522 0.0200358 0.00429738 0.000595147 5.5228e-05 3.57114e-06 1.62689e-07 5.12592e-09 1.09053e-10 1.54356e-12 1.44072e-14 8.78078e-17
 1.29112e-11 1.40203e-09 8.97644e-08 3.38877e-06 7.54524e-05 0.000991517 0.00770586 0.0356338 0.0997376 0.17663 0.216667 0.20433 0.149331 0.0769493 0.02572 0.00542305 0.000731957 6.5749e-05 4.08741e-06 1.78121e-07 5.35328e-09 1.08333e-10 1.45181e-12 1.275e-14 7.26641e-17
 1.65085e-11 1.79265e-09 1.14772e-07 4.33257e-06 9.64475e-05 0.00126664 0.00982564 0.0451776 0.124337 0.210283 0.232356 0.185701 0.115574 0.0539284 0.0172725 0.00362517 0.000500935 4.687e-05 3.02608e-06 1.33872e-07 3.97062e-09 7.75608e-11 9.8937e-13 8.20485e-15 4.39643e-17
 1.45307e-11 1.5779e-09 1.01026e-07 3.81403e-06 8.49255e-05 0.00111608 0.00867348 0.0400743 0.111686 0.194662 0.228453 0.198462 0.131506 0.0619873 0.0191072 0.00369728 0.000449283 3.53232e-05 1.8828e-06 7.07791e-08 1.88934e-09 3.4959e-11 4.34105e-13 3.5233e-15 1.83407e-17
 1.21565e-11 1.32012e-09 8.45271e-08 3.19169e-06 7.11001e-05 0.000935505 0.00729303 0.0339698 0.0965832 0.175983 0.223365 0.212699 0.149939 0.0721604 0.0221904 0.00425415 0.000512102 3.97653e-05 2.05824e-06 7.24578e-08 1.73103e-09 2.76509e-11 2.91799e-13 2.02517e-15 9.22041e-18
#pred catch len freq
 1.04803e-11 1.13804e-09 7.28581e-08 2.75003e-06 6.11983e-05 0.000802967 0.00621272 0.0283694 0.0767779 0.125755 0.136874 0.130202 0.135259 0.124221 0.0866919 0.0522803 0.0320295 0.0201684 0.0131293 0.00903909 0.00669762 0.00541878 0.00456152 0.00345207 0.00199275
 1.06969e-11 1.16156e-09 7.4364e-08 2.80687e-06 6.24633e-05 0.00081957 0.00634138 0.0289618 0.0784472 0.129021 0.142873 0.141692 0.151913 0.137673 0.0888526 0.0449958 0.0220915 0.0113403 0.00601782 0.00336026 0.00202565 0.00136332 0.00101013 0.000722091 0.000413222
 1.28967e-11 1.40042e-09 8.96565e-08 3.38409e-06 7.53082e-05 0.000988091 0.0076447 0.0349003 0.0943418 0.153629 0.163058 0.144838 0.139356 0.120741 0.0758096 0.0363738 0.0160398 0.00692212 0.00288311 0.00122456 0.000557892 0.000284445 0.000167698 0.000104982 5.69271e-05
 1.72385e-11 1.87189e-09 1.1984e-07 4.52337e-06 0.000100661 0.00132071 0.010217 0.0466189 0.125677 0.201902 0.201478 0.147047 0.10793 0.0808574 0.0466539 0.01945 0.00691786 0.00247367 0.000881662 0.000304438 0.0001032 3.65345e-05 1.48994e-05 7.13201e-06 3.37764e-06
 1.68172e-11 1.82614e-09 1.16911e-07 4.41282e-06 9.82009e-05 0.00128843 0.00996749 0.045483 0.122654 0.197361 0.198428 0.148704 0.113865 0.0867704 0.0490017 0.0187671 0.00551214 0.00152158 0.000419269 0.00011297 3.00854e-05 7.88495e-06 2.10759e-06 6.4005e-07 2.22887e-07
 1.63294e-11 1.77317e-09 1.1352e-07 4.28482e-06 9.53526e-05 0.00125107 0.0096785 0.0441666 0.119136 0.191953 0.194186 0.148664 0.117733 0.0915534 0.0523786 0.0205632 0.00630936 0.00176623 0.000442898 9.55139e-05 1.88509e-05 3.59698e-06 6.7289e-07 1.27297e-07 2.6385e-08
 1.62992e-11 1.7699e-09 1.13311e-07 4.27692e-06 9.51766e-05 0.00124876 0.00966065 0.0440854 0.118919 0.191627 0.193963 0.148769 0.118134 0.0919445 0.052515 0.0205004 0.00622927 0.00174068 0.000444255 9.73274e-05 1.82411e-05 2.90455e-06 3.98599e-07 4.99452e-08 6.10035e-09
 1.67118e-11 1.8147e-09 1.16179e-07 4.38517e-06 9.75857e-05 0.00128036 0.00990505 0.0451984 0.121891 0.196162 0.197368 0.1483 0.114105 0.0874318 0.0499535 0.019762 0.00618065 0.00177812 0.000458775 0.000100562 1.8943e-05 3.02287e-06 3.95228e-07 4.18313e-08 3.64193e-09
 1.71005e-11 1.85691e-09 1.18881e-07 4.48717e-06 9.98554e-05 0.00131014 0.0101353 0.0462475 0.124695 0.200476 0.200767 0.148384 0.111106 0.0836954 0.0472872 0.0183019 0.00548304 0.00151355 0.000387494 8.65367e-05 1.66473e-05 2.68482e-06 3.52242e-07 3.6954e-08 3.03578e-09
 1.74806e-11 1.89818e-09 1.21523e-07 4.5869e-06 0.000102075 0.00133926 0.0103605 0.0472733 0.127438 0.204701 0.204127 0.148568 0.108333 0.0801563 0.0446583 0.016749 0.00467019 0.00117029 0.000277479 5.87089e-05 1.09517e-05 1.7628e-06 2.34671e-07 2.49674e-08 2.06066e-09
 1.77004e-11 1.92205e-09 1.23052e-07 4.64458e-06 0.000103358 0.0013561 0.0104908 0.0478666 0.129025 0.207148 0.206087 0.148719 0.106796 0.0781551 0.0431208 0.0157903 0.004145 0.000942622 0.000202668 3.89473e-05 6.60093e-06 9.8526e-07 1.25272e-07 1.30979e-08 1.08449e-09
 1.72593e-11 1.87415e-09 1.19985e-07 4.52883e-06 0.000100783 0.0013223 0.0102294 0.0466763 0.125845 0.202279 0.202351 0.148959 0.110708 0.0827284 0.0459957 0.0169695 0.0045207 0.00104267 0.000220816 3.99209e-05 6.1355e-06 8.21472e-07 9.41758e-08 9.02191e-09 7.03422e-10
 1.71417e-11 1.86139e-09 1.19168e-07 4.49798e-06 0.000100096 0.0013133 0.0101598 0.046359 0.124997 0.200971 0.20131 0.148898 0.111561 0.0838225 0.0468157 0.0174593 0.00477585 0.00114603 0.000250747 4.62413e-05 7.12124e-06 9.22277e-07 9.80693e-08 8.47312e-09 5.93033e-10
 1.62595e-11 1.76559e-09 1.13035e-07 4.2665e-06 9.49449e-05 0.00124572 0.00963717 0.0439791 0.118644 0.191279 0.194051 0.149958 0.120263 0.0935293 0.0522663 0.0189546 0.0048064 0.00103069 0.000209973 3.85261e-05 6.10053e-06 8.12628e-07 8.74016e-08 7.42487e-09 4.92481e-10
 1.67771e-11 1.82179e-09 1.16633e-07 4.4023e-06 9.79668e-05 0.00128536 0.00994375 0.0453752 0.12237 0.196958 0.198279 0.149252 0.115032 0.0877573 0.0491195 0.0182089 0.00489182 0.00113686 0.000238664 4.1692e-05 6.06449e-06 7.63814e-07 8.16328e-08 7.06873e-09 4.76443e-10
 1.77556e-11 1.92804e-09 1.23435e-07 4.65906e-06 0.000103681 0.00136032 0.0105235 0.0480157 0.129425 0.207781 0.206667 0.148999 0.106778 0.0778918 0.0426214 0.0152 0.00371232 0.000744355 0.000142107 2.4922e-05 3.78421e-06 4.8024e-07 4.90192e-08 3.99293e-09 2.59778e-10
 1.78243e-11 1.9355e-09 1.23913e-07 4.67708e-06 0.000104082 0.00136559 0.0105642 0.0482011 0.129921 0.208545 0.207276 0.149038 0.106285 0.0772587 0.0421473 0.0149151 0.00355874 0.000676164 0.000118536 1.8551e-05 2.48746e-06 2.92548e-07 2.96115e-08 2.44136e-09 1.56683e-10
 1.77288e-11 1.92513e-09 1.23249e-07 4.65202e-06 0.000103524 0.00135827 0.0105076 0.0479435 0.129234 0.207501 0.206518 0.149229 0.107344 0.0783856 0.0427018 0.0149665 0.00346679 0.000618841 0.000100779 1.48303e-05 1.85251e-06 1.97363e-07 1.77843e-08 1.3252e-09 8.04626e-11
 1.72933e-11 1.87785e-09 1.20221e-07 4.53776e-06 0.000100981 0.00132491 0.0102496 0.0467685 0.126095 0.202692 0.202817 0.14943 0.11115 0.082863 0.045552 0.0161778 0.00388182 0.000741942 0.000128486 1.90137e-05 2.26798e-06 2.2508e-07 1.87889e-08 1.28206e-09 7.01062e-11
 1.73716e-11 1.88635e-09 1.20766e-07 4.5583e-06 0.000101438 0.00133091 0.010296 0.0469796 0.126658 0.203547 0.203437 0.149269 0.110276 0.0819347 0.0450982 0.0161407 0.00396275 0.000792818 0.000144933 2.26387e-05 2.86908e-06 2.98452e-07 2.49817e-08 1.63319e-09 8.32543e-11
 1.79516e-11 1.94933e-09 1.24798e-07 4.71049e-06 0.000104825 0.00137534 0.0106396 0.0485446 0.130838 0.209943 0.208322 0.148882 0.105025 0.0758546 0.0413616 0.0147033 0.00355826 0.000695166 0.000125357 1.9862e-05 2.62159e-06 2.88066e-07 2.55401e-08 1.75935e-09 9.24765e-11
 1.82868e-11 1.98573e-09 1.27128e-07 4.79845e-06 0.000106782 0.00140102 0.0108382 0.0494491 0.133254 0.213644 0.211162 0.148701 0.102055 0.0723843 0.0391831 0.0138111 0.00327029 0.000611961 0.000105304 1.61386e-05 2.08193e-06 2.27212e-07 2.05133e-08 1.47148e-09 8.14945e-11
 1.82708e-11 1.98399e-09 1.27017e-07 4.79425e-06 0.000106689 0.00139979 0.0108287 0.0494061 0.133141 0.213485 0.211112 0.148946 0.102555 0.072781 0.039173 0.0135099 0.00299093 0.000481358 6.86712e-05 9.2763e-06 1.11262e-06 1.15359e-07 1.00549e-08 7.08077e-10 3.92669e-11
 1.77011e-11 1.92213e-09 1.23057e-07 4.64477e-06 0.000103363 0.00135615 0.0104912 0.0478689 0.129034 0.207192 0.206263 0.149188 0.107505 0.0786197 0.0429132 0.0151253 0.00355878 0.000652514 0.000106867 1.47883e-05 1.60087e-06 1.41337e-07 1.07582e-08 6.95197e-10 3.65636e-11
 1.8022e-11 1.95697e-09 1.25287e-07 4.72897e-06 0.000105236 0.00138073 0.0106813 0.0487346 0.131346 0.210722 0.208926 0.148864 0.104432 0.0751469 0.040897 0.0144888 0.00347226 0.000663472 0.000115443 1.73093e-05 2.09382e-06 2.04957e-07 1.58826e-08 9.42806e-10 4.33133e-11
 1.80248e-11 1.95728e-09 1.25307e-07 4.72971e-06 0.000105253 0.00138095 0.010683 0.0487423 0.131366 0.210756 0.208964 0.1489 0.104464 0.0751537 0.040859 0.0144253 0.0034234 0.000642767 0.000110608 1.67864e-05 2.11293e-06 2.20793e-07 1.86482e-08 1.21798e-09 5.99746e-11
 1.8665e-11 2.02679e-09 1.29757e-07 4.89768e-06 0.000108991 0.00142999 0.0110622 0.0504697 0.135981 0.217831 0.214428 0.148671 0.0989678 0.068638 0.0366404 0.0125511 0.00273055 0.000420668 5.62642e-05 7.27335e-06 8.59477e-07 8.84843e-08 7.59553e-09 5.18361e-10 2.72974e-11
 1.90109e-11 2.06435e-09 1.32162e-07 4.98844e-06 0.00011101 0.00145649 0.0112671 0.0514028 0.138472 0.221635 0.217291 0.148301 0.095626 0.0648785 0.0344836 0.0119001 0.00266112 0.000437183 6.26722e-05 7.91372e-06 8.0392e-07 6.68076e-08 4.85244e-09 3.06012e-10 1.58451e-11
 1.83693e-11 1.99469e-09 1.27702e-07 4.8201e-06 0.000107264 0.00140734 0.0108871 0.0496719 0.133851 0.214575 0.211958 0.148926 0.101732 0.0717941 0.0385179 0.0132005 0.00286527 0.000437287 5.67542e-05 6.82885e-06 7.07736e-07 6.07333e-08 4.24964e-09 2.34089e-10 1.01273e-11
#obs catch len freq
 1.11019e-11 1.20553e-09 7.71791e-08 2.91313e-06 6.48279e-05 0.000850585 0.00658099 0.0300474 0.0812673 0.1327 0.142601 0.131541 0.134001 0.125476 0.092021 0.0575861 0.0337091 0.0180516 0.00855018 0.0034652 0.00113866 0.000286395 5.23071e-05 6.62198e-06 5.5907e-07
 1.30479e-11 1.41685e-09 9.07078e-08 3.42377e-06 7.61915e-05 0.000999674 0.00773414 0.0353039 0.0953608 0.154665 0.161088 0.135266 0.123069 0.109184 0.0784641 0.0482431 0.0273477 0.0138964 0.0061294 0.00228915 0.000690839 0.000159108 2.64878e-05 3.04475e-06 2.33102e-07
 6.10141e-12 6.62541e-10 4.24165e-08 1.60102e-06 3.56294e-05 0.000467534 0.00361929 0.016569 0.0453934 0.0785995 0.104346 0.142668 0.187233 0.180503 0.121135 0.0642956 0.0316081 0.0146749 0.00604384 0.00208996 0.000576452 0.000120487 1.81655e-05 1.89025e-06 1.30962e-07
 1.75908e-11 1.91015e-09 1.2229e-07 4.61582e-06 0.000102719 0.0013477 0.0104256 0.0475645 0.128131 0.204989 0.200219 0.134265 0.0850203 0.0648995 0.051388 0.0364181 0.0210052 0.0094381 0.00342637 0.0010424 0.000258027 4.87333e-05 6.62857e-06 6.2123e-07 3.87717e-08
 1.55537e-11 1.68895e-09 1.08128e-07 4.08131e-06 9.08241e-05 0.00119167 0.00921977 0.0420882 0.113699 0.184302 0.190497 0.153353 0.12583 0.0955998 0.0525187 0.0204363 0.00704518 0.00271329 0.00102161 0.000307273 6.92835e-05 1.15531e-05 1.39035e-06 1.16216e-07 6.50015e-09
 1.70501e-11 1.85144e-09 1.18531e-07 4.47396e-06 9.9562e-05 0.00130631 0.0101063 0.0461269 0.124492 0.200843 0.203146 0.15225 0.112107 0.0804148 0.0442048 0.0175275 0.00547737 0.00145995 0.000342552 7.44312e-05 1.45537e-05 2.24281e-06 2.45991e-07 1.83538e-08 9.10153e-10
 1.56486e-11 1.69925e-09 1.08787e-07 4.10619e-06 9.13782e-05 0.00119895 0.00927655 0.042355 0.114495 0.185998 0.193324 0.156445 0.126763 0.0938344 0.0503842 0.0188166 0.00539282 0.00130656 0.000264911 4.31993e-05 5.70599e-06 6.21843e-07 5.42754e-08 3.50852e-09 1.55592e-10
 1.71126e-11 1.85822e-09 1.18965e-07 4.49034e-06 9.99268e-05 0.00131111 0.0101439 0.046306 0.12505 0.202155 0.205618 0.155261 0.113226 0.078476 0.0412131 0.0154096 0.00444082 0.00105261 0.000199524 2.90227e-05 3.21354e-06 2.69637e-07 1.69389e-08 7.87326e-10 2.65671e-11
 1.68453e-11 1.8292e-09 1.17107e-07 4.42022e-06 9.83665e-05 0.00129065 0.00998606 0.0455933 0.123209 0.199691 0.204879 0.157852 0.117073 0.0803418 0.0407938 0.0143762 0.00380746 0.000831691 0.000149238 2.07996e-05 2.16744e-06 1.64471e-07 8.87074e-09 3.34036e-10 8.67819e-12
 1.67917e-11 1.82338e-09 1.16734e-07 4.40615e-06 9.80538e-05 0.00128656 0.0099548 0.0454572 0.122907 0.199562 0.205818 0.159995 0.118657 0.0799453 0.0392836 0.0131183 0.00318213 0.000619255 9.86787e-05 1.23164e-05 1.16347e-06 8.11277e-08 4.04002e-09 1.38925e-10 3.21448e-12
 1.55697e-11 1.69068e-09 1.08239e-07 4.08551e-06 9.09189e-05 0.00119298 0.00923194 0.0421787 0.114286 0.187112 0.198635 0.165514 0.13204 0.0903416 0.0429081 0.0132082 0.00275844 0.000435461 5.63597e-05 5.90381e-06 4.77259e-07 2.88095e-08 1.26029e-09 3.86686e-11 8.07839e-13
 1.79536e-11 1.94955e-09 1.24812e-07 4.71104e-06 0.000104839 0.00137559 0.0106438 0.0486024 0.13137 0.212823 0.216798 0.160799 0.108785 0.0669464 0.0303733 0.00915924 0.00188685 0.000289287 3.46823e-05 3.16185e-06 2.11192e-07 1.02923e-08 3.66739e-10 9.38957e-12 1.67519e-13
 1.64422e-11 1.78543e-09 1.14305e-07 4.31446e-06 9.60145e-05 0.00125986 0.00974992 0.0445497 0.12072 0.197441 0.207768 0.166962 0.124306 0.0793665 0.0354321 0.0101547 0.00190689 0.000255088 2.65165e-05 2.16676e-06 1.32794e-07 5.87312e-09 1.83469e-10 3.97282e-12 5.86333e-14
 1.64676e-11 1.78819e-09 1.14482e-07 4.32115e-06 9.61639e-05 0.00126185 0.00976589 0.0446319 0.121021 0.19829 0.209436 0.168638 0.124252 0.0775925 0.0337337 0.00936555 0.00168064 0.000209214 1.95969e-05 1.40967e-06 7.4928e-08 2.8508e-09 7.69841e-11 1.46172e-12 1.90991e-14
 1.29046e-11 1.40129e-09 8.97123e-08 3.38625e-06 7.53615e-05 0.00098903 0.0076589 0.0350801 0.0959159 0.16193 0.187489 0.181414 0.158892 0.106743 0.0473998 0.0134676 0.00255477 0.00034861 3.56438e-05 2.65494e-06 1.37495e-07 4.862e-09 1.17881e-10 1.96373e-12 2.22491e-14
 1.49469e-11 1.62306e-09 1.0391e-07 3.92214e-06 8.72868e-05 0.00114548 0.00886852 0.0405833 0.11054 0.183837 0.202573 0.176562 0.138603 0.0872219 0.0373798 0.0103739 0.00193308 0.000260431 2.65147e-05 1.99456e-06 1.05991e-07 3.8748e-09 9.6088e-11 1.59123e-12 1.7296e-14
 1.57972e-11 1.7154e-09 1.09822e-07 4.14529e-06 9.22529e-05 0.00121065 0.00937297 0.0428861 0.116719 0.19336 0.209797 0.175541 0.130195 0.0781809 0.0322839 0.00861811 0.00152634 0.000192503 1.82811e-05 1.29821e-06 6.62055e-08 2.35501e-09 5.74473e-11 9.43756e-13 1.0228e-14
 1.50749e-11 1.63696e-09 1.048e-07 3.95577e-06 8.80375e-05 0.00115542 0.0089478 0.0409775 0.111851 0.186966 0.207622 0.180508 0.137257 0.0818601 0.0328527 0.00836678 0.00137489 0.000155229 1.29177e-05 8.09946e-07 3.71447e-08 1.20412e-09 2.70407e-11 4.13569e-13 4.2225e-15
 1.54695e-11 1.67981e-09 1.07543e-07 4.05934e-06 9.03432e-05 0.00118572 0.00918305 0.0420609 0.114826 0.191792 0.21172 0.180414 0.132745 0.076792 0.0301726 0.00760549 0.00125273 0.000142845 1.18519e-05 7.14943e-07 3.02903e-08 8.79437e-10 1.74078e-11 2.34521e-13 2.12863e-15
 1.40397e-11 1.52456e-09 9.76045e-08 3.68424e-06 8.19994e-05 0.00107639 0.00834104 0.0382743 0.105099 0.178632 0.205957 0.18823 0.146008 0.0854174 0.0331763 0.0082141 0.00132823 0.000148687 1.20997e-05 7.15615e-07 2.97286e-08 8.42955e-10 1.60873e-11 2.04537e-13 1.71061e-15
 1.67057e-11 1.81405e-09 1.16138e-07 4.38378e-06 9.75652e-05 0.00128054 0.00991779 0.0454226 0.123879 0.205752 0.221969 0.177831 0.119418 0.0638185 0.0237594 0.00579468 0.000939971 0.000106614 8.74563e-06 5.12884e-07 2.0808e-08 5.71224e-10 1.05123e-11 1.28611e-13 1.03261e-15
 1.5281e-11 1.65934e-09 1.06234e-07 4.01002e-06 8.92525e-05 0.00117167 0.0090802 0.0416664 0.1143 0.19305 0.217003 0.186235 0.132483 0.0717056 0.0261083 0.00608132 0.000919558 9.5121e-05 7.09926e-06 3.87228e-07 1.50273e-08 4.01572e-10 7.22183e-12 8.5888e-14 6.64747e-16
 1.54186e-11 1.67429e-09 1.07192e-07 4.0462e-06 9.00605e-05 0.00118237 0.00916517 0.0420791 0.11557 0.19558 0.219996 0.187291 0.130309 0.0684181 0.0240803 0.00538606 0.000770594 7.36407e-05 4.95292e-06 2.40183e-07 8.2743e-09 1.97181e-10 3.19295e-12 3.47097e-14 2.49743e-16
 1.60548e-11 1.74338e-09 1.11615e-07 4.2132e-06 9.37788e-05 0.00123122 0.00954402 0.0438142 0.120236 0.20267 0.224808 0.185217 0.123223 0.0622852 0.0213922 0.0047321 0.000678713 6.56456e-05 4.44533e-06 2.11866e-07 6.94512e-09 1.52946e-10 2.23879e-12 2.17053e-14 1.38611e-16
 1.64581e-11 1.78717e-09 1.14419e-07 4.31909e-06 9.6138e-05 0.00126227 0.00978591 0.044934 0.123322 0.207616 0.228678 0.184494 0.118466 0.0576048 0.0190673 0.00405806 0.00055598 5.08679e-05 3.24438e-06 1.46666e-07 4.62102e-09 9.87369e-11 1.40204e-12 1.30537e-14 7.87556e-17
 1.63874e-11 1.77949e-09 1.13928e-07 4.30065e-06 9.57326e-05 0.00125711 0.00974924 0.0448025 0.123189 0.208142 0.230342 0.185881 0.117949 0.0561236 0.0181371 0.00377303 0.000505611 4.51111e-05 2.78108e-06 1.20001e-07 3.56843e-09 7.14676e-11 9.49306e-13 8.28701e-15 4.7106e-17
 1.32589e-11 1.4398e-09 9.21839e-08 3.48021e-06 7.74937e-05 0.00101851 0.00791832 0.0366387 0.102619 0.181549 0.220894 0.203897 0.144449 0.0720877 0.0233796 0.00478423 0.000624793 5.39409e-05 3.19544e-06 1.31791e-07 3.73475e-09 7.1091e-11 8.93645e-13 7.33918e-15 3.90118e-17
 1.68102e-11 1.82542e-09 1.16871e-07 4.41188e-06 9.82173e-05 0.00129001 0.0100089 0.0460368 0.12675 0.214225 0.235433 0.184971 0.111667 0.0503071 0.0155822 0.0031647 0.000421769 3.78052e-05 2.32164e-06 9.7228e-08 2.72251e-09 5.00768e-11 5.99502e-13 4.64936e-15 2.32287e-17
 1.48626e-11 1.61395e-09 1.03336e-07 3.90135e-06 8.68763e-05 0.0011419 0.00887708 0.0410374 0.114429 0.19922 0.232044 0.197546 0.12687 0.0578238 0.0172679 0.00324071 0.000381269 2.88584e-05 1.46693e-06 5.2055e-08 1.30281e-09 2.25405e-11 2.61452e-13 1.9804e-15 9.61113e-18
#spawning biomass
 15314.1 11160.2 8066.29 9317.21 15284.1 23578.4 33573.7 52008.1 79220.6 112981 159810 229307 296870 292221 286399 277503 290029 286826 294929 300360 321530 348262 340768 378108 422037 435359 383727 431614 406606 391658 5361.13 4206.05 4206.05 4206.05 4206.05 4206.05 4206.05 4206.05 4206.05 4206.05 4206.05 4206.05 4206.05 4206.05 4206.05 4206.05 4206.05 4206.05 4206.05 4206.05 4206.05 4206.05 4206.05 4206.05 4206.05 4206.05 4206.05 4206.05 4206.05 4206.05 4206.05 4206.05 4206.05 4206.05 4206.05 4206.05 4206.05 4206.05 4206.05 4206.05 4206.05 4206.05 4206.05 4206.05 4206.05 4206.05 4206.05 4206.05 4206.05 4206.05 4206.05 4206.05 4206.05 4206.05 4206.05 4206.05 4206.05 4206.05 4206.05 4206.05 4206.05 4206.05 4206.05 4206.05 4206.05 4206.05 4206.05 4206.05 4206.05 4206.05 4206.05 4206.05 4206.05 4206.05 4206.05 4206.05 4206.05 4206.05 4206.05 4206.05 4206.05 4206.05 4206.05 4206.05 4206.05 4206.05 4206.05 4206.05 4206.05 4206.05 4206.05 4206.05 4206.05 4206.05 4206.05 4206.05 4206.05 4206.05 4206.05 0 0 0 0 0 0 0 0 0 0 0 0 0 0 0 0 0 0 0 0 0 0 0 0 0
