SBPRF35
4.08684
Curr Bio
140220
B35
3.84863e+06
F35
0.08242
FOFL
0
OFL
0
Bzero
1.16767e+06
#pred survey bio
 35377.5 28734.4 19985.9 13417.5 18178.2 24490.5 34746.8 40925.5 47872 55699.9 52627.2 59683.1 74635.3 84676.2 93980.9 99361.2 117713 113433 127600 135272 120844 129028 144498 162041 132786 136218 132793 179328 6.53425e+06 1.11171e+07 1.55195e+07 1.88348e+07 2.09845e+07 2.21041e+07 2.24192e+07 2.21606e+07 2.15262e+07 2.067e+07 1.97045e+07 1.87071e+07 1.77287e+07 1.68004e+07 1.59045e+07 1.50169e+07 1.42484e+07 1.35825e+07 1.30052e+07 1.25044e+07 1.20698e+07 1.16923e+07 1.13645e+07 1.10794e+07 1.08315e+07 1.06157e+07 1.04278e+07 1.0264e+07 1.01212e+07 9.9966e+06 9.88775e+06 9.79261e+06 9.70938e+06 9.63649e+06 9.57261e+06 9.51656e+06 9.46733e+06 9.42404e+06 9.38593e+06 9.35234e+06 9.32269e+06 9.29649e+06 9.27331e+06 9.25276e+06 9.23452e+06 9.21831e+06 9.20388e+06 9.191e+06 9.17951e+06 9.16922e+06 9.16001e+06 9.15173e+06 9.14429e+06 9.13759e+06 9.13155e+06 9.12608e+06 9.12113e+06 9.11665e+06 9.11257e+06 9.10886e+06 9.10548e+06 9.1024e+06 9.09958e+06 9.097e+06 9.09464e+06 9.09246e+06 9.09047e+06 9.08863e+06 9.08694e+06 9.08538e+06 9.08394e+06 9.08261e+06 9.08137e+06 9.08023e+06 9.07917e+06 9.07819e+06 9.07728e+06 9.07643e+06 9.07564e+06 9.07491e+06 9.07423e+06 9.07359e+06 9.073e+06 9.07245e+06 9.07193e+06 9.07145e+06 9.071e+06 9.07058e+06 9.07019e+06 9.06982e+06 9.06948e+06 9.06916e+06 9.06886e+06 9.06858e+06 9.06832e+06 9.06807e+06 9.06784e+06 9.06763e+06 9.06742e+06 9.06724e+06 0 0 0 0 0 0 0 0 0 0 0 0 0 0 0 0 0 0 0 0 0 0 0 0 0
#obs survey bio
 34160.6 30773.2 10373.8 18076.7 14780.7 32404.9 42440 49634.9 36407.4 43401.9 55200.3 58441.6 99233.1 72346.1 76617.2 87497.9 67727.3 129744 103420 128591 96519.4 116497 153640 123542 85821.1 105037 63365.2 169992
#pred catch bio
 22246.5 18973.4 14308.1 9549.76 12981.4 17580.4 26717.6 31421.4 36927 46671.4 42243.1 47054.6 60867.5 69609.7 80993.6 81863 102672 95685 110462 123276 107805 114057 126950 150245 119708 123727 120620 128958 0 39889.5 56595.8 68949.2 76937 81023.1 82044.2 80874.9 78273.6 74834.8 70993.1 67048.9 63198 59559.7 56078.2 52673.9 49732 47189.8 44993 43094.6 41454 40036.4 38811.3 37752.7 36837.8 36047.3 35364.1 34773.8 34263.6 33822.7 33441.8 33112.6 32828.1 32582.2 32369.8 32186.2 32027.6 31890.5 31772 31669.6 31581.2 31504.7 31438.6 31381.6 31332.2 31289.6 31252.7 31220.9 31193.4 31169.6 31149.1 31131.3 31116 31102.7 31091.3 31081.4 31072.8 31065.4 31059 31053.5 31048.7 31044.6 31041.1 31038 31035.3 31033 31031 31029.3 31027.8 31026.5 31025.4 31024.5 31023.7 31022.9 31022.3 31021.8 31021.3 31020.9 31020.6 31020.3 31020 31019.8 31019.6 31019.5 31019.3 31019.2 31019.1 31019 31018.9 31018.8 31018.8 31018.7 31018.7 31018.6 31018.6 31018.6 31018.6 31018.5 31018.5 31018.5 0 0 0 0 0 0 0 0 0 0 0 0 0 0 0 0 0 0 0 0 0 0 0 0 0
#obs catch bio
 19927.7 18965.3 15719.9 11134.2 9134.76 14424.9 22601.8 23797.7 32558.3 47493.2 37621 40447 50437.1 58521.4 70642.7 73579.5 97959.6 78228.3 93928.7 108101 98583.7 98843.6 102641 133179 104406 107575 108286 108185
#pred cpue bio
 29158.5 23617.4 18133.5 9598.46 9016.35 13548.8 17839.9 21623.7 25425.3 29348.1 26086.1 29199 35232.6 39800.2 43966.2 40981.4 52683 48841.9 54878.1 55615.9 45943.1 47409.1 53376 61321 50379.4 49338.7 48913.4 49606.8 3.38629e+06 1.08936e+07 1.53975e+07 1.87114e+07 2.0861e+07 2.19806e+07 2.22958e+07 2.20372e+07 2.14027e+07 2.05466e+07 1.9581e+07 1.85836e+07 1.76052e+07 1.66769e+07 1.5781e+07 1.48935e+07 1.41249e+07 1.3459e+07 1.28817e+07 1.23809e+07 1.19463e+07 1.15689e+07 1.1241e+07 1.09559e+07 1.0708e+07 1.04922e+07 1.03043e+07 1.01405e+07 9.99774e+06 9.87311e+06 9.76427e+06 9.66913e+06 9.5859e+06 9.51301e+06 9.44913e+06 9.39308e+06 9.34385e+06 9.30056e+06 9.26245e+06 9.22886e+06 9.19921e+06 9.17301e+06 9.14983e+06 9.12928e+06 9.11104e+06 9.09483e+06 9.0804e+06 9.06752e+06 9.05603e+06 9.04574e+06 9.03653e+06 9.02825e+06 9.02081e+06 9.01411e+06 9.00806e+06 9.0026e+06 8.99765e+06 8.99317e+06 8.98909e+06 8.98538e+06 8.982e+06 8.97892e+06 8.9761e+06 8.97352e+06 8.97116e+06 8.96898e+06 8.96699e+06 8.96515e+06 8.96346e+06 8.9619e+06 8.96046e+06 8.95913e+06 8.95789e+06 8.95675e+06 8.95569e+06 8.95471e+06 8.9538e+06 8.95295e+06 8.95216e+06 8.95143e+06 8.95075e+06 8.95011e+06 8.94952e+06 8.94897e+06 8.94845e+06 8.94797e+06 8.94752e+06 8.9471e+06 8.94671e+06 8.94634e+06 8.946e+06 8.94568e+06 8.94538e+06 8.9451e+06 8.94484e+06 8.94459e+06 8.94436e+06 8.94415e+06 8.94394e+06 8.94375e+06 0 0 0 0 0 0 0 0 0 0 0 0 0 0 0 0 0 0 0 0 0 0 0 0 0
#obs cpue bio
 35444.1 24678 16526.8 10273 16405.7 29361 30002.2 49353.5 47703.4 41162 38962 53674.8 63121.2 83076.9 97074.8 66678.2 110142 103502 122956 102635 78077.4 94510.3 118759 130015 125689 115884 147963 108513
#pred surv len freq
 1.00747e-11 1.09351e-09 6.99845e-08 2.641e-06 5.87659e-05 0.000771057 0.00596655 0.027252 0.0737847 0.120952 0.131934 0.12618 0.132245 0.123614 0.0900493 0.0581768 0.0373051 0.0234187 0.014821 0.0099024 0.00717799 0.00574748 0.00483611 0.0036742 0.00213016
 9.36345e-12 1.01631e-09 6.50439e-08 2.45456e-06 5.46174e-05 0.000716635 0.0055458 0.025339 0.0687244 0.113616 0.128363 0.133426 0.14962 0.140635 0.0976267 0.0573329 0.0334017 0.0192486 0.0108114 0.00606049 0.00355211 0.00232128 0.0016955 0.00121017 0.000694646
 5.13061e-12 5.56878e-10 3.56402e-08 1.34496e-06 2.99277e-05 0.000392715 0.00304043 0.013923 0.038189 0.0665673 0.0909613 0.131517 0.180922 0.180892 0.128225 0.0760079 0.043224 0.0230763 0.0115856 0.00568275 0.00277023 0.00141197 0.000810436 0.000499236 0.000269955
 1.37806e-11 1.49575e-09 9.57279e-08 3.61247e-06 8.03821e-05 0.00105465 0.00815991 0.0372439 0.100478 0.161814 0.163126 0.123721 0.0994398 0.0882199 0.0738183 0.0582626 0.0405666 0.0233288 0.0116 0.00526212 0.00222918 0.000918573 0.000396148 0.000188248 8.79804e-05
 1.74203e-11 1.8908e-09 1.21011e-07 4.56659e-06 0.000101612 0.0013332 0.0103149 0.0470763 0.126955 0.204055 0.203772 0.14885 0.109081 0.0806761 0.0443996 0.0160927 0.0044313 0.00150228 0.000746078 0.00036772 0.000154511 5.67744e-05 1.94392e-05 6.75324e-06 2.42689e-06
 1.60062e-11 1.73732e-09 1.11188e-07 4.19589e-06 9.33639e-05 0.00122498 0.00947798 0.0432645 0.116783 0.188571 0.192386 0.151269 0.12421 0.0972663 0.0533975 0.017992 0.00360386 0.00042633 2.975e-05 1.22497e-06 3.00281e-08 5.41954e-10 4.0726e-11 1.03874e-11 2.73073e-12
 1.69021e-11 1.83456e-09 1.17412e-07 4.43075e-06 9.85898e-05 0.00129354 0.0100082 0.04568 0.123235 0.198438 0.199872 0.150492 0.115813 0.087684 0.0477124 0.0160471 0.00321346 0.000380264 2.65712e-05 1.09907e-06 2.71755e-08 4.1509e-10 4.30288e-12 3.59754e-14 3.05383e-16
 1.65728e-11 1.79882e-09 1.15124e-07 4.34444e-06 9.66692e-05 0.00126835 0.00981336 0.0447923 0.120863 0.194812 0.197121 0.150777 0.1189 0.0912059 0.0498016 0.0167615 0.00335662 0.000397053 2.77034e-05 1.13982e-06 2.76539e-08 3.95633e-10 3.33861e-12 1.66335e-14 4.90856e-17
 1.65115e-11 1.79216e-09 1.14698e-07 4.32836e-06 9.63114e-05 0.00126365 0.00977706 0.0446269 0.120422 0.194136 0.196609 0.150831 0.119474 0.0918619 0.0501908 0.0168947 0.00338338 0.000400221 2.79246e-05 1.14894e-06 2.78763e-08 3.98885e-10 3.36815e-12 1.6818e-14 5.00198e-17
 1.66056e-11 1.80238e-09 1.15352e-07 4.35302e-06 9.68602e-05 0.00127085 0.00983275 0.0448806 0.121099 0.195173 0.197395 0.150749 0.118593 0.0908556 0.0495938 0.0166904 0.00334233 0.000395362 2.75855e-05 1.13498e-06 2.75373e-08 3.94014e-10 3.32639e-12 1.65983e-14 4.92486e-17
 1.72826e-11 1.87586e-09 1.20055e-07 4.5305e-06 0.000100809 0.00132266 0.0102335 0.0467059 0.125975 0.202629 0.203052 0.150162 0.112248 0.0836149 0.0452976 0.0152203 0.00304698 0.000360401 2.51458e-05 1.03458e-06 2.50995e-08 3.59042e-10 3.02839e-12 1.50619e-14 4.41697e-17
 1.7418e-11 1.89056e-09 1.20996e-07 4.566e-06 0.000101599 0.00133303 0.0103136 0.047071 0.12695 0.204121 0.204183 0.150045 0.110979 0.0821667 0.0444383 0.0149263 0.0029879 0.000353409 2.46578e-05 1.0145e-06 2.46125e-08 3.52076e-10 2.96966e-12 1.47702e-14 4.33185e-17
 1.7772e-11 1.92898e-09 1.23455e-07 4.65879e-06 0.000103664 0.00136011 0.0105231 0.0480254 0.129499 0.20802 0.207141 0.149738 0.107662 0.0783808 0.042192 0.0141577 0.00283348 0.000335131 2.33823e-05 9.62023e-07 2.33394e-08 3.33866e-10 2.8161e-12 1.40073e-14 4.109e-17
 1.78133e-11 1.93347e-09 1.23742e-07 4.66962e-06 0.000103905 0.00136328 0.0105476 0.0481368 0.129797 0.208475 0.207486 0.149702 0.107275 0.077939 0.0419299 0.014068 0.00281545 0.000332998 2.32335e-05 9.55898e-07 2.31907e-08 3.31737e-10 2.79808e-12 1.39165e-14 4.08106e-17
 1.7858e-11 1.93831e-09 1.24052e-07 4.68133e-06 0.000104165 0.00136669 0.010574 0.0482572 0.130118 0.208966 0.207859 0.149663 0.106857 0.0774615 0.0416466 0.013971 0.00279598 0.000330692 2.30726e-05 9.49278e-07 2.30301e-08 3.2944e-10 2.7787e-12 1.38201e-14 4.05277e-17
 1.89284e-11 2.05449e-09 1.31487e-07 4.96191e-06 0.000110409 0.0014486 0.0112075 0.051143 0.137826 0.220755 0.216802 0.148735 0.0968263 0.0660142 0.0348545 0.0116469 0.00232904 0.000275423 1.92158e-05 7.90595e-07 1.91803e-08 2.74369e-10 2.3142e-12 1.15098e-14 3.37527e-17
 1.82606e-11 1.98202e-09 1.26849e-07 4.78688e-06 0.000106514 0.00139751 0.0108123 0.0493427 0.133018 0.213401 0.211223 0.149314 0.103083 0.0731553 0.0390915 0.0130967 0.00262032 0.000309901 2.16218e-05 8.89585e-07 2.15819e-08 3.08723e-10 2.60397e-12 1.2951e-14 3.7979e-17
 1.8588e-11 2.01755e-09 1.29123e-07 4.87271e-06 0.000108424 0.00142256 0.0110061 0.0502255 0.135376 0.217007 0.213959 0.14903 0.100015 0.0696537 0.0370139 0.0123858 0.00247749 0.000292995 2.0442e-05 8.41046e-07 2.04043e-08 2.91878e-10 2.46188e-12 1.22443e-14 3.59066e-17
 1.85976e-11 2.01859e-09 1.2919e-07 4.87521e-06 0.000108479 0.00142329 0.0110117 0.0502512 0.135444 0.217112 0.214039 0.149022 0.0999257 0.0695515 0.0369533 0.012365 0.00247332 0.000292501 2.04076e-05 8.39629e-07 2.03699e-08 2.91386e-10 2.45773e-12 1.22237e-14 3.58462e-17
 1.89525e-11 2.05712e-09 1.31655e-07 4.96825e-06 0.00011055 0.00145045 0.0112218 0.0512082 0.138001 0.221022 0.217005 0.148714 0.0965997 0.0657556 0.034701 0.0115944 0.00231848 0.000274174 1.91287e-05 7.87009e-07 1.90933e-08 2.73125e-10 2.30371e-12 1.14576e-14 3.35996e-17
 1.95109e-11 2.11772e-09 1.35534e-07 5.11462e-06 0.000113807 0.00149318 0.0115523 0.0527136 0.142021 0.227171 0.22167 0.14823 0.0913673 0.0597841 0.0311579 0.010382 0.0020749 0.000245342 1.71168e-05 7.04231e-07 1.70851e-08 2.44397e-10 2.0614e-12 1.02525e-14 3.00656e-17
 1.97335e-11 2.14188e-09 1.3708e-07 5.17297e-06 0.000115105 0.00151021 0.011684 0.0533137 0.143624 0.229623 0.22353 0.148037 0.0892815 0.0574036 0.0297455 0.00989866 0.0019778 0.000233849 1.63148e-05 6.71233e-07 1.62845e-08 2.32945e-10 1.96481e-12 9.77211e-15 2.86568e-17
 1.96996e-11 2.1382e-09 1.36845e-07 5.16409e-06 0.000114907 0.00150762 0.0116639 0.0532223 0.14338 0.22925 0.223247 0.148066 0.089599 0.057766 0.0299605 0.00997222 0.00199258 0.000235598 1.64369e-05 6.76256e-07 1.64064e-08 2.34689e-10 1.97951e-12 9.84523e-15 2.88712e-17
 1.95418e-11 2.12108e-09 1.35749e-07 5.12273e-06 0.000113987 0.00149555 0.0115706 0.0527969 0.142244 0.227512 0.221928 0.148203 0.0910776 0.0594534 0.0309617 0.0103148 0.00206141 0.000243746 1.70054e-05 6.99647e-07 1.69739e-08 2.42806e-10 2.04798e-12 1.01858e-14 2.98699e-17
 1.95247e-11 2.11922e-09 1.3563e-07 5.11824e-06 0.000113887 0.00149424 0.0115604 0.0527507 0.142121 0.227323 0.221785 0.148218 0.0912381 0.0596367 0.0310704 0.010352 0.00206889 0.00024463 1.70671e-05 7.02188e-07 1.70355e-08 2.43688e-10 2.05542e-12 1.02228e-14 2.99783e-17
 1.98235e-11 2.15165e-09 1.37705e-07 5.19656e-06 0.00011563 0.0015171 0.0117373 0.0535563 0.144272 0.230614 0.224282 0.147959 0.0884382 0.0564411 0.0291744 0.00970324 0.00193854 0.000229202 1.59905e-05 6.57891e-07 1.59608e-08 2.28315e-10 1.92575e-12 9.57786e-15 2.80872e-17
 1.97177e-11 2.14017e-09 1.3697e-07 5.16883e-06 0.000115013 0.00150901 0.0116746 0.0532711 0.143511 0.229449 0.223398 0.148051 0.0894295 0.0575725 0.0298457 0.00993294 0.00198469 0.000234664 1.63717e-05 6.73573e-07 1.63413e-08 2.33758e-10 1.97166e-12 9.80618e-15 2.87567e-17
 2.12037e-11 2.30146e-09 1.47293e-07 5.55837e-06 0.00012368 0.00162272 0.0125541 0.0572775 0.154212 0.245815 0.235814 0.146762 0.0755044 0.0416802 0.0204162 0.00670634 0.00133643 0.000157933 1.10173e-05 4.53272e-07 1.09966e-08 1.57303e-10 1.32679e-12 6.59891e-15 1.93513e-17
#obs surv len freq
 4.14162e-11 3.83831e-09 2.09748e-07 6.75836e-06 0.000128403 0.00143851 0.00950458 0.0370714 0.0857823 0.120856 0.116764 0.107718 0.116422 0.118562 0.104968 0.0820798 0.0532401 0.0277718 0.011941 0.00424242 0.00120109 0.000257955 3.99991e-05 4.28558e-06 3.0627e-07
 3.03285e-11 2.71093e-09 1.42881e-07 4.44035e-06 8.13687e-05 0.000879304 0.00560654 0.0211529 0.0479401 0.0702108 0.0856137 0.117672 0.154873 0.158302 0.132208 0.0971456 0.0600976 0.030179 0.0124626 0.00420289 0.00111288 0.000220864 3.14336e-05 3.08334e-06 2.01628e-07
 1.17556e-11 1.01173e-09 5.13417e-08 1.53628e-06 2.71075e-05 0.000282142 0.00173522 0.00636341 0.0145652 0.0250302 0.0457744 0.0885708 0.139885 0.176597 0.187019 0.155443 0.0942527 0.042679 0.0156029 0.00476159 0.00116412 0.000213957 2.80412e-05 2.51795e-06 1.50206e-07
 2.41884e-10 2.00111e-08 9.76163e-07 2.80776e-05 0.000476195 0.00476209 0.0280803 0.0976382 0.200249 0.242602 0.175123 0.0796895 0.0327714 0.0279579 0.0343744 0.0334558 0.0236205 0.012402 0.00491418 0.00146548 0.00032776 5.42868e-05 6.45033e-06 5.28021e-07 2.87434e-08
 1.28775e-10 1.02253e-08 4.78751e-07 1.3217e-05 0.000215157 0.0020656 0.0117044 0.0393084 0.0799498 0.108767 0.13245 0.177631 0.199453 0.146622 0.0673724 0.0216703 0.00726449 0.00336241 0.00150719 0.000504022 0.00011799 1.90314e-05 2.09471e-06 1.55361e-07 7.63145e-09
 3.53692e-10 2.69169e-08 1.20785e-06 3.19584e-05 0.000498595 0.00458682 0.0248848 0.0796761 0.151124 0.173188 0.131941 0.0922918 0.0849151 0.0884646 0.081135 0.0548181 0.0242144 0.00673766 0.0012569 0.000196603 3.23753e-05 4.86547e-06 5.28636e-07 3.78462e-08 1.74011e-09
 4.55151e-10 3.31528e-08 1.42388e-06 3.60589e-05 0.000538452 0.00474141 0.02463 0.0756313 0.138747 0.160206 0.142165 0.134989 0.128858 0.0944939 0.0527397 0.0257025 0.0112769 0.00399893 0.00103498 0.000184458 2.24497e-05 1.98167e-06 1.39684e-07 7.93887e-09 3.29128e-10
 6.15544e-10 4.28583e-08 1.75954e-06 4.25941e-05 0.000607991 0.00511776 0.0254154 0.0746459 0.131297 0.147001 0.130988 0.129021 0.128565 0.104043 0.0683477 0.0362291 0.0140631 0.00376587 0.000723102 0.000109054 1.32356e-05 1.1968e-06 7.45441e-08 3.12129e-09 8.9308e-11
 8.87599e-10 5.90044e-08 2.3128e-06 5.34543e-05 0.000728491 0.00585478 0.0277645 0.0779201 0.1314 0.143143 0.129111 0.13066 0.129255 0.102947 0.067158 0.0355169 0.0138649 0.00378037 0.00072762 0.000101832 1.0494e-05 7.94307e-07 4.36662e-08 1.69507e-09 4.45966e-11
 1.3743e-09 8.71274e-08 3.25697e-06 7.17896e-05 0.000933061 0.00715177 0.0323489 0.0866436 0.139841 0.147573 0.132612 0.13373 0.127139 0.0949038 0.0570706 0.0275334 0.00968042 0.00232555 0.00038677 4.70341e-05 4.32744e-06 2.95857e-07 1.44167e-08 4.84474e-10 1.10022e-11
 1.97333e-09 1.19185e-07 4.24451e-06 8.91303e-05 0.00110364 0.00805944 0.0347402 0.0887838 0.137567 0.142947 0.133398 0.139235 0.130251 0.0940118 0.0544277 0.025006 0.00824822 0.00182487 0.000271829 2.85821e-05 2.21727e-06 1.27696e-07 5.33043e-09 1.56426e-10 3.13546e-12
 3.15513e-09 1.81368e-07 6.1474e-06 0.000122861 0.0014479 0.0100633 0.0412854 0.100424 0.148109 0.146473 0.13014 0.130285 0.119386 0.0870918 0.0516707 0.0238301 0.00772016 0.00167185 0.000245307 2.53356e-05 1.87954e-06 9.90767e-08 3.63342e-09 9.1342e-11 1.55733e-12
 4.82226e-09 2.63585e-07 8.49528e-06 0.000161446 0.00180919 0.0119575 0.0466624 0.108106 0.152807 0.148368 0.134708 0.134902 0.116959 0.0779225 0.0416664 0.0175066 0.00524097 0.00105502 0.000144114 1.39164e-05 9.74699e-07 4.89395e-08 1.70838e-09 4.03418e-11 6.31785e-13
 6.86606e-09 3.56564e-07 1.09183e-05 0.000197136 0.00209891 0.0131814 0.0488987 0.107943 0.146971 0.143007 0.137468 0.141353 0.119972 0.0775218 0.0400274 0.0159754 0.00445031 0.000815239 9.87211e-05 8.26562e-06 5.00689e-07 2.21509e-08 6.98075e-10 1.51632e-11 2.20887e-13
 1.08266e-08 5.33763e-07 1.55165e-05 0.000265969 0.00268837 0.0160289 0.0564632 0.118458 0.153878 0.144677 0.136277 0.136077 0.11166 0.0703521 0.0354009 0.0135385 0.00354688 0.000600973 6.59604e-05 4.87716e-06 2.54687e-07 9.59671e-09 2.5767e-10 4.80671e-12 6.09334e-14
 1.53408e-08 7.17518e-07 1.97882e-05 0.000321791 0.00308585 0.0174581 0.0583972 0.116762 0.146945 0.140945 0.141541 0.1431 0.113755 0.0688434 0.0331818 0.0120898 0.00301223 0.000487388 5.14706e-05 3.6771e-06 1.83804e-07 6.46286e-09 1.5688e-10 2.57552e-12 2.82416e-14
 2.13661e-08 9.47489e-07 2.4775e-05 0.000381991 0.0034733 0.0186356 0.0591774 0.112879 0.138431 0.137129 0.146452 0.149205 0.116569 0.0697663 0.0330889 0.0116034 0.00272865 0.000411419 4.00856e-05 2.62372e-06 1.20233e-07 3.91092e-09 8.87047e-11 1.36481e-12 1.39366e-14
 3.46526e-08 1.45623e-06 3.60841e-05 0.000527229 0.00454292 0.0230984 0.0695068 0.12561 0.145764 0.136205 0.137795 0.136105 0.1071 0.0666763 0.032573 0.0113903 0.0026323 0.000393752 3.89556e-05 2.63682e-06 1.24045e-07 4.00701e-09 8.69035e-11 1.24584e-12 1.1719e-14
 4.9903e-08 1.98649e-06 4.6627e-05 0.000645346 0.00526775 0.0253803 0.0724753 0.125134 0.142616 0.139264 0.147771 0.142034 0.10369 0.0587494 0.0262378 0.00852936 0.00186258 0.000267504 2.58623e-05 1.73868e-06 8.2049e-08 2.66844e-09 5.82462e-11 8.35982e-13 7.77672e-15
 6.89374e-08 2.5986e-06 5.77583e-05 0.000757012 0.00585196 0.0267116 0.0723948 0.11963 0.134744 0.138037 0.152701 0.146179 0.106064 0.0602282 0.0264859 0.00823027 0.00168095 0.000222512 1.96373e-05 1.20468e-06 5.25162e-08 1.60843e-09 3.3651e-11 4.68571e-13 4.25707e-15
 1.14455e-07 4.08454e-06 8.59491e-05 0.00106648 0.00780496 0.0337272 0.0865228 0.135212 0.14346 0.137478 0.143194 0.131939 0.0944866 0.05349 0.0230839 0.00690778 0.0013499 0.00017151 1.45952e-05 8.6038e-07 3.55077e-08 1.01074e-09 1.94186e-11 2.47748e-13 2.07395e-15
 1.57214e-07 5.31078e-06 0.000105784 0.00124252 0.00860903 0.0352431 0.0859134 0.129341 0.138674 0.143396 0.154867 0.137324 0.0915989 0.0478903 0.0192197 0.0054204 0.0010136 0.000125382 1.05503e-05 6.1815e-07 2.51486e-08 6.95366e-10 1.27891e-11 1.54179e-13 1.20522e-15
 2.22706e-07 7.1208e-06 0.000134252 0.00149262 0.00979038 0.037964 0.0879018 0.12719 0.136022 0.145639 0.158025 0.137046 0.08971 0.0459248 0.0176398 0.00463297 0.000787186 8.63657e-05 6.33044e-06 3.23814e-07 1.18058e-08 3.0257e-10 5.28477e-12 6.11284e-14 4.5837e-16
 3.05073e-07 9.23277e-06 0.000164763 0.00173396 0.0107676 0.0395626 0.0871356 0.121907 0.132015 0.147897 0.161613 0.138346 0.0903004 0.0460628 0.0173002 0.00438295 0.00071863 7.67486e-05 5.50509e-06 2.7235e-07 9.31824e-09 2.16925e-10 3.37593e-12 3.47275e-14 2.34102e-16
 4.21693e-07 1.20803e-05 0.000204064 0.00203293 0.0119529 0.0416239 0.0872794 0.118381 0.129994 0.150487 0.16379 0.138124 0.0896566 0.0452299 0.0164999 0.00402293 0.000637656 6.67219e-05 4.75311e-06 2.34543e-07 7.9477e-09 1.80861e-10 2.7097e-12 2.63758e-14 1.65161e-16
 6.96921e-07 1.88999e-05 0.00030223 0.00285026 0.0158636 0.0522786 0.103603 0.132043 0.134311 0.143906 0.149321 0.124263 0.0812959 0.0410388 0.0147411 0.00353691 0.000560916 6.00627e-05 4.4317e-06 2.24887e-07 7.69649e-09 1.74011e-10 2.56218e-12 2.43213e-14 1.47424e-16
 8.39071e-07 2.15438e-05 0.000326185 0.00291299 0.0153634 0.0481348 0.0920182 0.119472 0.137687 0.165758 0.169829 0.128464 0.0737831 0.0328613 0.0106485 0.00234023 0.000342359 3.40786e-05 2.37315e-06 1.16085e-07 3.90459e-09 8.77695e-11 1.28789e-12 1.21237e-14 7.22561e-17
 1.37036e-06 3.33165e-05 0.000477637 0.00403882 0.0201657 0.0597627 0.107647 0.129803 0.135744 0.151072 0.151725 0.119351 0.073243 0.0337177 0.0106866 0.00220659 0.000295448 2.64146e-05 1.63668e-06 7.15075e-08 2.17787e-09 4.50813e-11 6.19023e-13 5.52861e-15 3.15926e-17
#pred catch len freq
 1.27204e-12 1.38068e-10 8.83635e-09 3.33464e-07 7.42089e-06 9.74255e-05 0.000756155 0.00350641 0.0102166 0.0225683 0.0515695 0.114899 0.184986 0.194554 0.145292 0.0943762 0.060612 0.0380654 0.0240915 0.0160962 0.0116676 0.00934236 0.00786096 0.0059723 0.00346251
 1.20268e-12 1.30539e-10 8.35453e-09 3.15283e-07 7.01645e-06 9.21268e-05 0.000715467 0.00332787 0.0098333 0.022745 0.0554714 0.127469 0.205753 0.212632 0.15056 0.088814 0.0518166 0.0298734 0.01678 0.00940617 0.00551299 0.0036027 0.00263147 0.00187822 0.00107811
 5.1884e-13 5.63153e-11 3.60422e-09 1.36021e-07 3.02772e-06 3.97968e-05 0.000310745 0.00148433 0.00491074 0.0152299 0.049843 0.128369 0.213068 0.222209 0.158915 0.0944483 0.0537776 0.0287233 0.0144217 0.00707375 0.00344828 0.00175756 0.0010088 0.000621428 0.000336028
 3.7004e-12 4.01643e-10 2.57051e-08 9.70037e-07 2.15851e-05 0.000283248 0.00219312 0.0100474 0.0276203 0.0486376 0.0686654 0.104166 0.150106 0.164496 0.143831 0.114169 0.079512 0.0457209 0.0227328 0.010312 0.00436838 0.00180006 0.000776301 0.000368896 0.000172408
 1.29456e-11 1.40512e-09 8.99275e-08 3.39359e-06 7.55119e-05 0.000990772 0.00766652 0.0350115 0.0947239 0.154713 0.166106 0.151958 0.149798 0.127583 0.0727784 0.026567 0.00731825 0.00247693 0.00122906 0.000605678 0.000254493 9.35123e-05 3.20179e-05 1.11231e-05 3.99729e-06
 1.03715e-11 1.12573e-09 7.20466e-08 2.71882e-06 6.04977e-05 0.000793795 0.00614312 0.028073 0.0762055 0.126511 0.145306 0.156154 0.177012 0.157527 0.0891525 0.0302268 0.00606197 0.000717292 5.00562e-05 2.06109e-06 5.05223e-08 9.11024e-10 6.82533e-11 1.74019e-11 4.57472e-12
 1.33904e-11 1.4534e-09 9.30171e-08 3.51018e-06 7.81062e-05 0.00102481 0.00792982 0.036212 0.0979453 0.15976 0.17053 0.153536 0.148721 0.125241 0.0699965 0.0236726 0.00474567 0.000561698 3.92504e-05 1.62351e-06 4.01394e-08 6.12947e-10 6.34933e-12 5.30179e-14 4.4949e-16
 1.28105e-11 1.39046e-09 8.89892e-08 3.35818e-06 7.47241e-05 0.000980438 0.00758664 0.0346487 0.0937696 0.153374 0.165685 0.154039 0.154156 0.131443 0.0736756 0.0249308 0.00499791 0.000591324 4.12599e-05 1.6976e-06 4.11865e-08 5.8924e-10 4.97237e-12 2.4773e-14 7.31034e-17
 1.27922e-11 1.38847e-09 8.88616e-08 3.35336e-06 7.46169e-05 0.000979032 0.00757577 0.0345992 0.0936373 0.153172 0.165532 0.154055 0.154328 0.131639 0.0737922 0.0249707 0.00500593 0.000592274 4.13263e-05 1.70036e-06 4.12553e-08 5.90326e-10 4.98463e-12 2.48892e-14 7.40204e-17
 1.43095e-11 1.55316e-09 9.9402e-08 3.75112e-06 8.34674e-05 0.00109515 0.00847381 0.0386901 0.104564 0.169884 0.17821 0.15274 0.140109 0.115412 0.0641638 0.021676 0.00434399 0.000513923 3.58589e-05 1.47539e-06 3.57965e-08 5.12189e-10 4.32404e-12 2.15762e-14 6.40152e-17
 1.46656e-11 1.59181e-09 1.01876e-07 3.84447e-06 8.55444e-05 0.0011224 0.00868456 0.0396501 0.107129 0.173806 0.181185 0.152431 0.136772 0.111603 0.0619042 0.0209028 0.00418865 0.000495535 3.45756e-05 1.42256e-06 3.45123e-08 4.93689e-10 4.16409e-12 2.07104e-14 6.07341e-17
 1.46149e-11 1.58631e-09 1.01524e-07 3.83119e-06 8.52489e-05 0.00111852 0.00865457 0.0395136 0.106764 0.173248 0.180762 0.152475 0.137247 0.112145 0.0622257 0.0210128 0.00421075 0.000498152 3.47581e-05 1.43007e-06 3.46946e-08 4.96298e-10 4.18612e-12 2.08206e-14 6.1063e-17
 1.56025e-11 1.6935e-09 1.08384e-07 4.09007e-06 9.10094e-05 0.00119409 0.00923907 0.0421762 0.113876 0.184125 0.189014 0.151619 0.127993 0.101583 0.0559589 0.0188684 0.00377992 0.000447157 3.11996e-05 1.28366e-06 3.11425e-08 4.45489e-10 3.75763e-12 1.86905e-14 5.48278e-17
 1.57608e-11 1.71068e-09 1.09483e-07 4.13157e-06 9.19327e-05 0.00120621 0.00933276 0.0426029 0.115016 0.185868 0.190336 0.151481 0.126509 0.0998905 0.0549545 0.0185247 0.00371087 0.000438983 3.06293e-05 1.26019e-06 3.05731e-08 4.37341e-10 3.68881e-12 1.83466e-14 5.38021e-17
 1.63729e-11 1.77712e-09 1.13735e-07 4.29202e-06 9.55029e-05 0.00125305 0.00969502 0.0442532 0.119423 0.19261 0.19545 0.150951 0.120773 0.0933443 0.0510704 0.0171957 0.00344385 0.000407377 2.84238e-05 1.16945e-06 2.83716e-08 4.05849e-10 3.42318e-12 1.70255e-14 4.99275e-17
 1.73476e-11 1.88292e-09 1.20507e-07 4.54754e-06 0.000101189 0.00132764 0.0102719 0.0468812 0.126443 0.203345 0.203595 0.150106 0.111639 0.0829195 0.044885 0.0150791 0.00301861 0.000357044 2.49115e-05 1.02494e-06 2.48657e-08 3.55697e-10 3.00017e-12 1.49216e-14 4.37576e-17
 1.70169e-11 1.84702e-09 1.18209e-07 4.46085e-06 9.92595e-05 0.00130233 0.0100762 0.0459896 0.124061 0.199703 0.200832 0.150392 0.114738 0.0864566 0.0469837 0.0157973 0.00316289 0.000374122 2.61032e-05 1.07397e-06 2.60552e-08 3.72713e-10 3.14369e-12 1.56354e-14 4.58509e-17
 1.7112e-11 1.85734e-09 1.1887e-07 4.48577e-06 9.98139e-05 0.0013096 0.0101325 0.0462458 0.124746 0.20075 0.201626 0.15031 0.113847 0.08544 0.0463805 0.0155909 0.00312142 0.000369213 2.57607e-05 1.05988e-06 2.57133e-08 3.67822e-10 3.10244e-12 1.54302e-14 4.52493e-17
 1.73727e-11 1.88564e-09 1.20681e-07 4.55412e-06 0.000101335 0.00132956 0.0102868 0.0469489 0.126624 0.203622 0.203805 0.150084 0.111404 0.0826512 0.0447258 0.0150247 0.00300767 0.000355749 2.48211e-05 1.02122e-06 2.47755e-08 3.54406e-10 2.98928e-12 1.48674e-14 4.35988e-17
 1.82476e-11 1.98061e-09 1.26758e-07 4.78347e-06 0.000106438 0.00139651 0.0108046 0.0493077 0.132924 0.213258 0.211115 0.149325 0.103205 0.0732943 0.039174 0.0131249 0.002626 0.000310572 2.16686e-05 8.91513e-07 2.16287e-08 3.09392e-10 2.60961e-12 1.29791e-14 3.80612e-17
 1.87478e-11 2.03489e-09 1.30233e-07 4.91458e-06 0.000109355 0.00143478 0.0111006 0.0506562 0.136526 0.218767 0.215294 0.148892 0.0985183 0.0679453 0.0360002 0.0120389 0.0024078 0.000284746 1.98664e-05 8.17363e-07 1.98297e-08 2.83659e-10 2.39256e-12 1.18996e-14 3.48955e-17
 1.89524e-11 2.0571e-09 1.31654e-07 4.96821e-06 0.000110549 0.00145044 0.0112217 0.0512077 0.137999 0.22102 0.217003 0.148714 0.0966013 0.0657575 0.0347021 0.0115947 0.00231856 0.000274183 1.91293e-05 7.87035e-07 1.9094e-08 2.73134e-10 2.30378e-12 1.1458e-14 3.36007e-17
 1.88692e-11 2.04807e-09 1.31076e-07 4.9464e-06 0.000110063 0.00144407 0.0111724 0.0509834 0.1374 0.220103 0.216308 0.148786 0.0973811 0.0666474 0.0352301 0.0117754 0.00235486 0.000278479 1.94291e-05 7.99371e-07 1.93932e-08 2.77415e-10 2.33989e-12 1.16376e-14 3.41274e-17
 1.90484e-11 2.06752e-09 1.32321e-07 4.99338e-06 0.000111109 0.00145779 0.0112785 0.0514666 0.138691 0.222077 0.217805 0.148631 0.0957014 0.0647305 0.0340928 0.0113862 0.00227667 0.000269224 1.87833e-05 7.72799e-07 1.87486e-08 2.68193e-10 2.26211e-12 1.12508e-14 3.2993e-17
 1.88378e-11 2.04467e-09 1.30858e-07 4.93819e-06 0.000109881 0.00144168 0.0111539 0.0508989 0.137175 0.219758 0.216046 0.148814 0.0976745 0.0669822 0.0354288 0.0118434 0.00236852 0.000280096 1.9542e-05 8.04013e-07 1.95059e-08 2.79026e-10 2.35348e-12 1.17052e-14 3.43256e-17
 1.92371e-11 2.088e-09 1.33632e-07 5.04285e-06 0.000112209 0.00147223 0.0113902 0.0519753 0.14005 0.224155 0.219382 0.148467 0.0939332 0.0627125 0.0328954 0.0109765 0.00219435 0.000259481 1.81034e-05 7.44825e-07 1.80699e-08 2.58485e-10 2.18023e-12 1.08435e-14 3.17987e-17
 1.91145e-11 2.07469e-09 1.3278e-07 5.0107e-06 0.000111494 0.00146284 0.0113176 0.0516447 0.139167 0.222805 0.218357 0.148574 0.0950823 0.0640239 0.0336735 0.0112428 0.00224785 0.000265813 1.85452e-05 7.63004e-07 1.85109e-08 2.64794e-10 2.23344e-12 1.11082e-14 3.25748e-17
 1.971e-11 2.13933e-09 1.36917e-07 5.16683e-06 0.000114968 0.00150842 0.0116701 0.0532504 0.143456 0.229364 0.223334 0.148057 0.0895012 0.0576544 0.0298943 0.00994957 0.00198803 0.00023506 1.63993e-05 6.74709e-07 1.63688e-08 2.34152e-10 1.97498e-12 9.82271e-15 2.88052e-17
#obs catch len freq
 3.79765e-11 3.51953e-09 1.92327e-07 6.19705e-06 0.000117739 0.00131906 0.00871574 0.034004 0.0787992 0.111844 0.111469 0.110011 0.124152 0.126004 0.108863 0.0834104 0.0538924 0.0284594 0.0125727 0.0046371 0.00136558 0.00030361 4.84209e-05 5.31007e-06 3.8723e-07
 5.71801e-11 5.11108e-09 2.69381e-07 8.37161e-06 0.000153406 0.00165761 0.0105637 0.0397473 0.0888025 0.121315 0.11561 0.108243 0.117752 0.118723 0.104071 0.0802314 0.0510129 0.0260692 0.0109669 0.00379043 0.00103549 0.000212747 3.13056e-05 3.16144e-06 2.11805e-07
 4.31243e-11 3.71143e-09 1.88342e-07 5.63561e-06 9.94337e-05 0.0010346 0.00635224 0.0230882 0.0505206 0.0721398 0.0878552 0.121111 0.156625 0.156959 0.129465 0.0937965 0.0568769 0.0279562 0.0112759 0.00369136 0.000941311 0.000178464 2.40819e-05 2.22519e-06 1.36351e-07
 1.71051e-11 1.41511e-09 6.90306e-08 1.98558e-06 3.36789e-05 0.000336984 0.00199289 0.00703709 0.0156077 0.0265224 0.048738 0.093098 0.14404 0.179059 0.18614 0.150483 0.0885536 0.0390843 0.0139613 0.00414104 0.000974774 0.000170957 2.1221e-05 1.79374e-06 1.00225e-07
 3.49991e-10 2.77909e-08 1.30117e-06 3.59213e-05 0.000584733 0.00561243 0.0317642 0.106008 0.208684 0.242714 0.168392 0.0742514 0.0309821 0.0275988 0.033451 0.0315686 0.021611 0.0110032 0.00421742 0.00121252 0.000260322 4.11305e-05 4.6285e-06 3.56546e-07 1.81728e-08
 1.9272e-10 1.46665e-08 6.58133e-07 1.74137e-05 0.000271688 0.00249993 0.0135783 0.0437351 0.0855407 0.113109 0.136487 0.180211 0.195275 0.137651 0.0608642 0.0192347 0.00659023 0.00306516 0.00133139 0.000426146 9.50124e-05 1.45374e-05 1.51135e-06 1.054e-07 4.84691e-09
 5.30372e-10 3.86318e-08 1.65919e-06 4.2018e-05 0.000627429 0.00552452 0.0286875 0.0879219 0.159699 0.175643 0.129662 0.0900167 0.0829635 0.0854975 0.0764128 0.0496191 0.0209277 0.0055661 0.00100415 0.000155108 2.50983e-05 3.6068e-06 3.69422e-07 2.47974e-08 1.06556e-09
 6.92996e-10 4.8251e-08 1.98093e-06 4.79536e-05 0.000684492 0.00576162 0.0286113 0.0840058 0.147522 0.163872 0.141943 0.132625 0.122896 0.08723 0.0476613 0.0229232 0.00984327 0.0033742 0.000837093 0.000142398 1.65523e-05 1.40097e-06 9.45819e-08 5.09389e-09 1.97952e-10
 9.48969e-10 6.3084e-08 2.47271e-06 5.71501e-05 0.000778856 0.00625945 0.0296807 0.0832566 0.140046 0.150801 0.13124 0.127148 0.123303 0.0972089 0.0624252 0.0320866 0.0119656 0.00307581 0.000570256 8.3287e-05 9.71595e-06 8.3566e-07 4.92114e-08 1.94307e-09 5.23018e-11
 1.39788e-09 8.86222e-08 3.31284e-06 7.30212e-05 0.000949065 0.00727432 0.0329004 0.0880822 0.141849 0.148226 0.129617 0.127566 0.122157 0.0947078 0.0603728 0.0309411 0.0116037 0.00303353 0.000560443 7.52634e-05 7.42387e-06 5.35943e-07 2.79657e-08 1.0245e-09 2.53071e-11
 2.17927e-09 1.31623e-07 4.68748e-06 9.84319e-05 0.0012188 0.00890002 0.0383542 0.0978966 0.150737 0.152416 0.132458 0.129328 0.118617 0.0859659 0.0504125 0.0235238 0.00792382 0.00181974 0.00029016 3.39087e-05 2.99022e-06 1.94758e-07 8.98929e-09 2.84874e-10 6.07836e-12
 3.14592e-09 1.80839e-07 6.12945e-06 0.000122502 0.00144367 0.0100341 0.0411686 0.100177 0.148013 0.147488 0.1333 0.134555 0.121292 0.084945 0.0478908 0.0212344 0.00669363 0.00141135 0.000200797 2.02233e-05 1.50199e-06 8.24801e-08 3.26589e-09 9.04664e-11 1.70422e-12
 5.07574e-09 2.7744e-07 8.94183e-06 0.000169932 0.00190426 0.0125853 0.0490991 0.113598 0.159516 0.150752 0.128825 0.12409 0.109569 0.0776522 0.0447753 0.0198576 0.00613577 0.00126559 0.000177239 1.74912e-05 1.2372e-06 6.19337e-08 2.14903e-09 5.09555e-11 8.16808e-13
 7.81627e-09 4.0591e-07 1.24293e-05 0.000224417 0.00238932 0.0150037 0.0556298 0.122479 0.164655 0.152437 0.132386 0.126744 0.105421 0.0680278 0.0353334 0.014285 0.00407845 0.000781438 0.000101822 9.39486e-06 6.27483e-07 2.99063e-08 9.86431e-10 2.19283e-11 3.22305e-13
 1.12927e-08 5.56743e-07 1.61845e-05 0.000277419 0.00280408 0.0167182 0.0588803 0.123412 0.159595 0.147549 0.134692 0.131677 0.107044 0.0669409 0.0335021 0.012828 0.00339796 0.000590601 6.80162e-05 5.43313e-06 3.14062e-07 1.32106e-08 3.93859e-10 8.05759e-12 1.10149e-13
 1.78168e-08 8.3332e-07 2.29818e-05 0.000373722 0.00358373 0.0202712 0.0677459 0.134848 0.166202 0.148171 0.132123 0.12522 0.0984174 0.0600014 0.0292042 0.0106849 0.00265519 0.000425797 4.43165e-05 3.11726e-06 1.55056e-07 5.55249e-09 1.41092e-10 2.48092e-12 2.95416e-14
 2.55941e-08 1.13498e-06 2.96775e-05 0.000457575 0.00416036 0.0223162 0.0707739 0.134146 0.159884 0.144675 0.136543 0.130551 0.0992956 0.0581004 0.0270491 0.00941649 0.00222396 0.000340513 3.40929e-05 2.31456e-06 1.09932e-07 3.66195e-09 8.3902e-11 1.29624e-12 1.3343e-14
 3.58147e-08 1.50507e-06 3.72942e-05 0.000544912 0.00469529 0.0238731 0.0718397 0.129837 0.15071 0.140771 0.141437 0.136517 0.102208 0.0591471 0.0270282 0.00902957 0.0020085 0.000286089 2.63899e-05 1.64009e-06 7.14159e-08 2.20155e-09 4.71286e-11 6.81872e-13 6.52857e-15
 5.81839e-08 2.31613e-06 5.4364e-05 0.00075242 0.00614129 0.0295777 0.0843011 0.144225 0.158054 0.138441 0.130908 0.122392 0.0925138 0.0556781 0.0261017 0.0086683 0.00189386 0.00026794 2.51297e-05 1.61415e-06 7.19221e-08 2.19273e-09 4.47424e-11 6.02123e-13 5.3068e-15
 8.45169e-08 3.18586e-06 7.0811e-05 0.000928068 0.00717354 0.0327274 0.0884772 0.144477 0.155004 0.140884 0.138988 0.126129 0.088239 0.0482774 0.0207037 0.00639802 0.00132201 0.000179754 1.64902e-05 1.05242e-06 4.7022e-08 1.44212e-09 2.95808e-11 3.97899e-13 3.46131e-15
 1.18245e-07 4.21979e-06 8.8795e-05 0.00110179 0.0080633 0.0348418 0.0893603 0.139484 0.147287 0.139448 0.143078 0.129485 0.0901618 0.0493697 0.02077 0.00611616 0.00117945 0.000147574 1.2347e-05 7.19236e-07 2.97186e-08 8.59223e-10 1.69006e-11 2.20525e-13 1.8725e-15
 1.94344e-07 6.56504e-06 0.000130766 0.0015359 0.0106398 0.0435172 0.105621 0.155831 0.15475 0.136531 0.131474 0.114533 0.0787742 0.0429324 0.0176754 0.00500435 0.00092299 0.000110847 8.93797e-06 4.99488e-07 1.94949e-08 5.22924e-10 9.43731e-12 1.12815e-13 8.82811e-16
 2.72897e-07 8.72559e-06 0.000164507 0.00182892 0.0119938 0.0464633 0.107084 0.151742 0.150695 0.141213 0.140048 0.117144 0.0749031 0.0376676 0.0144252 0.00385201 0.000680576 7.96608e-05 6.35301e-06 3.5248e-07 1.35356e-08 3.51995e-10 6.07127e-12 6.84832e-14 4.99856e-16
 3.87852e-07 1.1738e-05 0.000209467 0.00220429 0.0136843 0.0502101 0.109866 0.149353 0.147182 0.142343 0.142202 0.116602 0.0731979 0.0359601 0.0131367 0.00325759 0.000521588 5.40245e-05 3.74995e-06 1.81908e-07 6.27661e-09 1.51591e-10 2.48466e-12 2.68806e-14 1.88043e-16
 5.3676e-07 1.53766e-05 0.000259741 0.00258741 0.0152075 0.052866 0.109959 0.144088 0.142655 0.143722 0.144962 0.117622 0.0736595 0.0359813 0.0128247 0.00306554 0.000473823 4.779e-05 3.2431e-06 1.51728e-07 4.89611e-09 1.07157e-10 1.56376e-12 1.50516e-14 9.47357e-17
 7.39389e-07 2.00516e-05 0.000320646 0.0030239 0.0168291 0.0554469 0.109754 0.139183 0.139401 0.145779 0.147379 0.118181 0.0736224 0.0354986 0.0122708 0.00282241 0.000422077 4.17507e-05 2.81454e-06 1.31218e-07 4.18684e-09 8.94175e-11 1.25404e-12 1.14025e-14 6.65723e-17
 1.22637e-06 3.14876e-05 0.000476718 0.00425637 0.0224251 0.0699153 0.130698 0.155193 0.142294 0.135277 0.129258 0.10213 0.0640109 0.0307978 0.0104696 0.00237166 0.000355459 3.60181e-05 2.51271e-06 1.20197e-07 3.86459e-09 8.18617e-11 1.12686e-12 9.9808e-15 5.63477e-17
 1.51067e-06 3.67276e-05 0.000526538 0.00445224 0.022228 0.0658481 0.118389 0.141666 0.144935 0.155546 0.147766 0.106086 0.0583177 0.0247772 0.00760574 0.00157858 0.000218295 2.0578e-05 1.35676e-06 6.26453e-08 1.98074e-09 4.1703e-11 5.71541e-13 5.01396e-15 2.77979e-17
#spawning biomass
 33604.6 27300.6 19522.4 12289.5 15460.7 21274.3 29750 35231.9 41253.2 47925.2 44766.1 50647.3 62933.9 71346.6 79121.4 81925.4 98353 94172.7 105915 111479 98415.2 104565 117190 131877 108108 110168 107653 140220 233518 530126 742225 903309 1.00747e+06 1.06076e+06 1.07407e+06 1.05882e+06 1.0249e+06 980059 929963 878529 828312 780868 735468 691075 652713 619562 590914 566159 544766 526279 510304 496499 484569 474260 465351 457653 451000 445252 440284 435991 432281 429075 426305 423911 421842 420054 418509 417174 416021 415024 414162 413418 412774 412219 411738 411323 410964 410654 410386 410155 409955 409782 409632 409503 409392 409295 409212 409140 409078 409024 408978 408937 408903 408873 408847 408825 408805 408788 408774 408762 408751 408741 408733 408726 408720 408715 408711 408707 408703 408701 408698 408696 408694 408692 408691 408690 408689 408688 408687 408686 408686 408685 408685 408684 408684 408684 408684 408683 0 0 0 0 0 0 0 0 0 0 0 0 0 0 0 0 0 0 0 0 0 0 0 0 0
