SBPRF35
0.182591
Curr Bio
159715
B35
184219
F35
1.45618
FOFL
1.45618
OFL
61067.6
Bzero
52166.8
#pred survey bio
 16882.9 15620.4 16775.1 19600.1 23981.4 28495.3 30678 35880.4 47632.6 61465.2 77030.1 97883.3 134231 162626 156581 128551 113571 124075 118499 113679 116685 118061 120952 139220 145926 146347 134127 124203 122501 3.50635e+06 3.17479e+06 1.83902e+06 949054 637869 519250 462466 430872 412114 400720 393753 389489 386882 385291 384315 383717 383360 383147 383019 382942 382896 382869 382852 382842 382836 382833 382831 382829 382829 382828 382828 382828 382828 382827 382827 382827 382827 382827 382827 382827 382827 382827 382827 382827 382827 382827 382827 382827 382827 382827 382827 382827 382827 382827 382827 382827 382827 382827 382827 382827 382827 382827 382827 382827 382827 382827 382827 382827 382827 382827 382827 382827 382827 382827 382827 382827 382827 382827 382827 382827 382827 382827 382827 382827 382827 382827 382827 382827 382827 382827 382827 382827 382827 382827 382827 382827 382827 382827 382827 382827 0 0 0 0 0 0 0 0 0 0 0 0 0 0 0 0 0 0 0 0 0 0 0 0 0
#obs survey bio
 13966.5 12532.8 17659.8 14867 19583 21763 25809.1 38488.5 38084.6 58152.8 64329.6 112381 65777.8 158355 128749 80715.2 68934.4 92401.5 80678.4 88893.2 93857.3 84774.7 107409 203398 121955 126490 93773.6 103411 85502.1
#pred catch bio
 7907.72 7144.56 7240.37 8912.44 11339.1 14936.2 16756.7 19336.1 27293.6 34847.8 46014.6 58300.5 81059 102349 107955 95519.6 75372.8 88688.3 86620 81594.9 84868.9 87550.5 83504.5 102921 110882 115200 105472 97741.5 71851.9 61067.6 77829.7 40655.1 14552.2 8381.33 7240.39 7046.77 7015.52 7010.64 7009.9 7009.79 7009.78 7009.77 7009.77 7009.77 7009.77 7009.77 7009.77 7009.77 7009.77 7009.77 7009.77 7009.77 7009.77 7009.77 7009.77 7009.77 7009.77 7009.77 7009.77 7009.77 7009.77 7009.77 7009.77 7009.77 7009.77 7009.77 7009.77 7009.77 7009.77 7009.77 7009.77 7009.77 7009.77 7009.77 7009.77 7009.77 7009.77 7009.77 7009.77 7009.77 7009.77 7009.77 7009.77 7009.77 7009.77 7009.77 7009.77 7009.77 7009.77 7009.77 7009.77 7009.77 7009.77 7009.77 7009.77 7009.77 7009.77 7009.77 7009.77 7009.77 7009.77 7009.77 7009.77 7009.77 7009.77 7009.77 7009.77 7009.77 7009.77 7009.77 7009.77 7009.77 7009.77 7009.77 7009.77 7009.77 7009.77 7009.77 7009.77 7009.77 7009.77 7009.77 7009.77 7009.77 7009.77 7009.77 7009.77 7009.77 7009.77 0 0 0 0 0 0 0 0 0 0 0 0 0 0 0 0 0 0 0 0 0 0 0 0 0
#obs catch bio
 6599 7203.47 7196.95 8975.4 11312.2 14980.5 16511.8 18943.1 26739.3 34212.2 45820.2 57060.8 79095.5 99920.6 106120 95512.9 75706.4 87804.5 84791.8 79663.6 81859.9 84665.8 79333.2 96284.4 104967 110198 102795 95177.3 69942.5
#pred cpue bio
 11286.6 9669.89 9811.2 11337.3 13124.1 15682.9 16936.9 18223.4 22862.6 29107.2 37525.6 45305.9 60033.1 78037.5 82848.2 67052.7 52017 58382.8 55814.6 52075.7 52778.5 53286.7 53089.3 61795.7 63744.6 63878.9 59147.5 54302.4 51780.4 1.70689e+06 2.39165e+06 1.69473e+06 830940 515225 395554 338561 306924 288157 276762 269794 265530 262923 261331 260356 259758 259401 259187 259060 258983 258937 258910 258893 258883 258877 258874 258872 258870 258869 258869 258869 258869 258868 258868 258868 258868 258868 258868 258868 258868 258868 258868 258868 258868 258868 258868 258868 258868 258868 258868 258868 258868 258868 258868 258868 258868 258868 258868 258868 258868 258868 258868 258868 258868 258868 258868 258868 258868 258868 258868 258868 258868 258868 258868 258868 258868 258868 258868 258868 258868 258868 258868 258868 258868 258868 258868 258868 258868 258868 258868 258868 258868 258868 258868 258868 258868 258868 258868 258868 258868 0 0 0 0 0 0 0 0 0 0 0 0 0 0 0 0 0 0 0 0 0 0 0 0 0
#obs cpue bio
 12215.4 9487.1 10405.8 12679.6 19003.7 18993.6 34536.1 24599.8 35445.2 37771.2 43017.4 79838.5 127111 123848 129512 113342 58145 119801 117785 101633 121080 126487 146452 142538 150338 133558 115724 109847 114301
#pred surv len freq
 2.56393e-27 2.59039e-27 3.48856e-26 6.81944e-20 1.6717e-14 4.95356e-10 1.77428e-06 0.000768196 0.0402046 0.254346 0.194847 0.0398218 0.166213 0.153537 0.036284 0.0444672 0.0191173 0.0147218 0.00906183 0.00687665 0.00536114 0.00459321 0.0045552 0.0040047 0.00121842
 2.56516e-27 2.59379e-27 3.78875e-26 7.45272e-20 1.82694e-14 5.41356e-10 1.93905e-06 0.000839534 0.0439382 0.277965 0.212869 0.0389912 0.147233 0.13648 0.0418154 0.0611403 0.0205203 0.0081956 0.00367311 0.00210837 0.00134784 0.000991439 0.00087106 0.000764492 0.000254629
 2.56598e-27 2.59589e-27 3.95926e-26 7.81236e-20 1.9151e-14 5.6748e-10 2.03262e-06 0.000880046 0.0460584 0.291378 0.223125 0.039886 0.146837 0.135801 0.0360273 0.0481856 0.01775 0.00936066 0.00291939 0.000880755 0.000373977 0.000210969 0.000153774 0.000126611 4.36176e-05
 2.566e-27 2.59591e-27 3.95716e-26 7.80792e-20 1.91402e-14 5.67157e-10 2.03146e-06 0.000879546 0.0460322 0.291213 0.223004 0.0402012 0.14932 0.138066 0.0359592 0.0473977 0.0165505 0.00752464 0.00267572 0.000868023 0.000188583 5.86444e-05 3.04121e-05 2.15528e-05 7.34232e-06
 2.5673e-27 2.59937e-27 4.25588e-26 8.43806e-20 2.06849e-14 6.1293e-10 2.19541e-06 0.000950529 0.0497473 0.314715 0.240945 0.0398789 0.134263 0.124067 0.0316188 0.0409879 0.0140761 0.00601738 0.00196028 0.000591558 0.000143335 2.54519e-05 6.11918e-06 3.11337e-06 9.93639e-07
 2.56642e-27 2.59687e-27 4.02354e-26 7.94788e-20 1.94833e-14 5.77324e-10 2.06788e-06 0.000895312 0.0468574 0.296433 0.22701 0.0414717 0.156174 0.1441 0.0317826 0.0362875 0.0121742 0.00478742 0.0015003 0.000414876 9.06194e-05 1.61509e-05 2.06407e-06 4.65144e-07 1.23738e-07
 2.56639e-27 2.59679e-27 4.01841e-26 7.93706e-20 1.94568e-14 5.76538e-10 2.06506e-06 0.000894094 0.0467936 0.29603 0.226699 0.0412857 0.154978 0.143077 0.033102 0.039511 0.0124902 0.00371301 0.00108498 0.000273958 5.50575e-05 8.8169e-06 9.91738e-07 9.12145e-08 1.38428e-08
 2.5683e-27 2.60192e-27 4.466e-26 8.88126e-20 2.17713e-14 6.45124e-10 2.31073e-06 0.00100046 0.0523603 0.331245 0.253576 0.040472 0.129902 0.119816 0.0267929 0.0309741 0.00985115 0.00301607 0.000801309 0.000156749 2.81235e-05 4.06472e-06 4.05521e-07 2.56791e-08 1.50629e-09
 2.56887e-27 2.60334e-27 4.57986e-26 9.12142e-20 2.23601e-14 6.62568e-10 2.37321e-06 0.00102751 0.0537761 0.340202 0.260426 0.04114 0.130172 0.119838 0.0226734 0.0215552 0.00671836 0.00186434 0.000492601 9.50912e-05 1.39486e-05 1.64767e-06 1.44593e-07 7.69679e-09 2.33729e-10
 2.56881e-27 2.60312e-27 4.55441e-26 9.06771e-20 2.22284e-14 6.58667e-10 2.35924e-06 0.00102146 0.0534595 0.338199 0.258905 0.0416712 0.135284 0.124462 0.0218188 0.0184206 0.00543686 0.00102399 0.000245059 4.27636e-05 6.13742e-06 6.29963e-07 4.3475e-08 1.9607e-09 4.47442e-11
 2.56826e-27 2.60163e-27 4.42399e-26 8.79258e-20 2.15539e-14 6.38682e-10 2.28765e-06 0.000990466 0.0518374 0.327938 0.251074 0.0419636 0.143011 0.131621 0.0236102 0.0206975 0.00602842 0.000986614 0.000209972 2.58784e-05 3.20553e-06 3.05988e-07 1.86368e-08 6.59469e-10 1.2227e-11
 2.56934e-27 2.60456e-27 4.6838e-26 9.34069e-20 2.28976e-14 6.78496e-10 2.43026e-06 0.00105221 0.0550688 0.348381 0.266672 0.041164 0.125967 0.115897 0.020888 0.0184493 0.00537489 0.000879987 0.000182729 1.9323e-05 1.86411e-06 1.32814e-07 7.17359e-09 2.21286e-10 3.23524e-12
 2.56971e-27 2.60552e-27 4.76359e-26 9.50898e-20 2.33101e-14 6.9072e-10 2.47404e-06 0.00107117 0.056061 0.354657 0.271467 0.0413373 0.123917 0.113905 0.0187222 0.014013 0.00405816 0.000641691 0.000131924 1.37697e-05 1.22958e-06 6.90994e-08 2.69476e-09 6.90107e-11 8.63569e-13
 2.56814e-27 2.60121e-27 4.37931e-26 8.6983e-20 2.13228e-14 6.31834e-10 2.26312e-06 0.000979846 0.0512816 0.324421 0.248402 0.0427591 0.150942 0.138785 0.0220572 0.0153491 0.00435774 0.000546958 0.000104199 1.04541e-05 9.15956e-07 4.89346e-08 1.56071e-09 2.86633e-11 2.83337e-13
 2.56606e-27 2.59564e-27 3.892e-26 7.6703e-20 1.88028e-14 5.57161e-10 1.99566e-06 0.000864043 0.0452209 0.28608 0.219141 0.0437247 0.178849 0.164664 0.0289558 0.0245557 0.0069649 0.000817933 0.000147576 1.20855e-05 9.58037e-07 4.92345e-08 1.50194e-09 2.32085e-11 1.66267e-13
 2.5668e-27 2.59771e-27 4.08048e-26 8.06794e-20 1.97776e-14 5.86045e-10 2.09911e-06 0.000908836 0.0475652 0.300911 0.230448 0.0426673 0.162857 0.150023 0.0284519 0.0270957 0.00778467 0.00106716 0.00020138 1.53406e-05 1.07904e-06 4.57307e-08 1.29357e-09 1.89902e-11 1.16891e-13
 2.56915e-27 2.60399e-27 4.62588e-26 9.21847e-20 2.2598e-14 6.69618e-10 2.39846e-06 0.00103844 0.0543483 0.343822 0.263203 0.0419158 0.134126 0.12329 0.0197265 0.0139366 0.00396857 0.000516665 9.7203e-05 8.19311e-06 5.88998e-07 2.23951e-08 5.28785e-10 6.79832e-12 3.92074e-14
 2.56844e-27 2.60203e-27 4.44968e-26 8.84675e-20 2.16867e-14 6.42617e-10 2.30175e-06 0.000996568 0.0521568 0.329958 0.252629 0.0427001 0.147523 0.135594 0.0208431 0.0133824 0.00374911 0.000391826 6.7433e-05 5.53829e-06 4.0916e-07 1.69371e-08 3.80667e-10 4.14764e-12 2.03879e-14
 2.56835e-27 2.60177e-27 4.42529e-26 8.7953e-20 2.15606e-14 6.3888e-10 2.28836e-06 0.000990772 0.0518534 0.328039 0.251166 0.0428761 0.14989 0.137755 0.0208011 0.0127411 0.00353036 0.00030503 4.63609e-05 3.08573e-06 2.01294e-07 8.22205e-09 1.96434e-10 2.15468e-12 9.27249e-15
 2.56889e-27 2.60323e-27 4.55417e-26 9.06718e-20 2.22271e-14 6.58628e-10 2.3591e-06 0.0010214 0.0534563 0.338179 0.258904 0.0425124 0.141686 0.130178 0.0193387 0.0113148 0.0031206 0.000249086 3.53974e-05 1.9834e-06 1.06032e-07 3.48416e-09 7.71597e-11 8.71567e-13 3.8581e-15
 2.5691e-27 2.60378e-27 4.60284e-26 9.16983e-20 2.24787e-14 6.66085e-10 2.38581e-06 0.00103296 0.0540615 0.342008 0.261826 0.0424178 0.138913 0.127605 0.018644 0.010379 0.00285578 0.000221839 3.07603e-05 1.61217e-06 7.71806e-08 2.04226e-09 3.58254e-11 3.47465e-13 1.52512e-15
 2.56906e-27 2.60367e-27 4.59132e-26 9.14553e-20 2.24192e-14 6.6432e-10 2.37948e-06 0.00103022 0.0539182 0.341102 0.261136 0.0425701 0.140557 0.129094 0.0183856 0.00941594 0.00257758 0.000186255 2.4377e-05 1.23959e-06 5.66657e-08 1.36211e-09 2.00933e-11 1.51203e-13 5.45771e-16
 2.56956e-27 2.60503e-27 4.71237e-26 9.4009e-20 2.30452e-14 6.8287e-10 2.44592e-06 0.00105899 0.0554238 0.350626 0.268403 0.0422039 0.132665 0.12181 0.0170883 0.00829208 0.00225873 0.000148877 1.78623e-05 8.49616e-07 3.5911e-08 8.24783e-10 1.13157e-11 7.32712e-14 2.08914e-16
 2.56945e-27 2.60474e-27 4.68801e-26 9.34951e-20 2.29192e-14 6.79137e-10 2.43255e-06 0.0010532 0.0551208 0.348709 0.266938 0.042147 0.13326 0.122392 0.0177801 0.00972143 0.00266277 0.000186983 2.36722e-05 1.06356e-06 4.11055e-08 8.68884e-10 1.11323e-11 6.75192e-14 1.70536e-16
 2.56959e-27 2.60511e-27 4.71843e-26 9.41367e-20 2.30765e-14 6.83798e-10 2.44925e-06 0.00106043 0.0554991 0.351103 0.268768 0.0422653 0.132876 0.121985 0.0167558 0.00749134 0.002038 0.000138579 1.70919e-05 7.93065e-07 3.15657e-08 6.1862e-10 7.20923e-12 4.007e-14 9.44607e-17
 2.56952e-27 2.6049e-27 4.69814e-26 9.37087e-20 2.29716e-14 6.80688e-10 2.43811e-06 0.00105561 0.0552468 0.349506 0.267552 0.0424582 0.135198 0.124095 0.0165467 0.00648384 0.00174565 9.92724e-05 1.00256e-05 4.46201e-07 1.71022e-08 3.45877e-10 3.98726e-12 2.01897e-14 4.32994e-17
 2.56925e-27 2.60413e-27 4.62839e-26 9.22372e-20 2.26108e-14 6.69999e-10 2.39982e-06 0.00103903 0.0543792 0.344018 0.263367 0.0428194 0.140886 0.129308 0.016803 0.00575691 0.00153673 7.75252e-05 6.4406e-06 2.45813e-07 7.36688e-09 1.39308e-10 1.58188e-12 8.13105e-15 1.65013e-17
 2.56946e-27 2.60472e-27 4.68138e-26 9.33552e-20 2.28849e-14 6.7812e-10 2.42891e-06 0.00105163 0.0550384 0.348188 0.266547 0.0425641 0.13671 0.125478 0.0165499 0.00614313 0.00164305 7.93783e-05 6.03744e-06 2.10541e-07 5.04173e-09 7.6628e-11 7.14634e-13 3.47304e-15 7.05749e-18
 2.57006e-27 2.60636e-27 4.82722e-26 9.64317e-20 2.36391e-14 7.00468e-10 2.50896e-06 0.00108628 0.0568521 0.359662 0.2753 0.0420647 0.126759 0.116309 0.0151688 0.00530327 0.00141603 7.00285e-05 5.56964e-06 1.8855e-07 4.0679e-09 5.36605e-11 3.93792e-13 1.5007e-15 2.6701e-18
#obs surv len freq
 1.24591e-41 1.72925e-33 2.90117e-26 5.88351e-20 1.44227e-14 4.27372e-10 1.53078e-06 0.000662774 0.0346869 0.21944 0.168294 0.0416601 0.169985 0.142363 0.0895672 0.0849124 0.0335593 0.0121275 0.00245375 0.000273617 1.23777e-05 1.66835e-07 5.0847e-10 2.86301e-13 2.60438e-17
 1.56293e-41 2.16925e-33 3.63936e-26 7.38055e-20 1.80926e-14 5.36116e-10 1.92028e-06 0.000831414 0.0435129 0.275276 0.210966 0.0427459 0.142354 0.113364 0.0736929 0.0640867 0.0239001 0.00774972 0.00138237 0.000131087 4.83729e-06 5.06097e-08 1.14856e-10 4.68831e-14 3.0449e-18
 1.29237e-41 1.79372e-33 3.00934e-26 6.10288e-20 1.49605e-14 4.43307e-10 1.58785e-06 0.000687485 0.0359802 0.227623 0.174819 0.0517672 0.204109 0.150046 0.0732889 0.0553318 0.0196842 0.0057086 0.000882617 6.94102e-05 2.04222e-06 1.64251e-08 2.77571e-11 8.23793e-15 3.83041e-19
 1.55641e-41 2.16019e-33 3.62417e-26 7.34974e-20 1.8017e-14 5.33877e-10 1.91226e-06 0.000827943 0.0433312 0.274127 0.210259 0.0473284 0.14955 0.109512 0.0851108 0.0599099 0.015782 0.00372868 0.00049828 3.19857e-05 7.33174e-07 4.44991e-09 5.55338e-12 1.19767e-15 3.99785e-20
 1.54112e-41 2.13898e-33 3.58858e-26 7.27757e-20 1.78401e-14 5.28635e-10 1.89348e-06 0.000819813 0.0429058 0.271436 0.208448 0.0553433 0.179976 0.118662 0.0636615 0.0414896 0.0140729 0.00289475 0.000274418 1.3678e-05 2.40541e-07 1.08194e-09 9.82468e-13 1.52685e-16 3.649e-21
 1.34676e-41 1.86921e-33 3.13599e-26 6.35973e-20 1.55901e-14 4.61964e-10 1.65468e-06 0.000716419 0.0374945 0.237204 0.182554 0.061201 0.205446 0.131184 0.0837591 0.0468855 0.0111724 0.00217149 0.000201813 7.21395e-06 8.95581e-08 2.92343e-10 1.90676e-13 2.11038e-17 3.57952e-22
 1.56761e-41 2.17574e-33 3.65025e-26 7.40264e-20 1.81467e-14 5.3772e-10 1.92603e-06 0.000833903 0.0436431 0.276102 0.212227 0.058068 0.165351 0.104817 0.082994 0.043783 0.0104963 0.00156875 0.000110887 3.45165e-06 3.14167e-08 6.94019e-11 3.1393e-14 2.4413e-18 2.91138e-23
 1.72872e-41 2.39936e-33 4.02542e-26 8.16347e-20 2.00118e-14 5.92986e-10 2.12398e-06 0.000919609 0.0481287 0.30448 0.234102 0.0628316 0.163591 0.0929157 0.0567486 0.0278454 0.0073454 0.00103043 5.91059e-05 1.32823e-06 9.30865e-09 1.50637e-11 4.62283e-15 2.42245e-19 1.98217e-24
 1.65709e-41 2.29994e-33 3.85862e-26 7.82521e-20 1.91826e-14 5.68415e-10 2.03597e-06 0.000881505 0.0461344 0.291866 0.224871 0.0712335 0.184677 0.0979581 0.0551192 0.0222861 0.00438184 0.000558614 3.02053e-05 5.41556e-07 2.69065e-09 3.10938e-12 6.87185e-16 2.50438e-20 1.38601e-25
 1.53393e-41 2.12899e-33 3.57183e-26 7.2436e-20 1.77568e-14 5.26167e-10 1.88465e-06 0.000815986 0.0427055 0.270176 0.20875 0.0785118 0.199681 0.104713 0.0665599 0.0238247 0.00387981 0.000365219 1.51644e-05 2.32086e-07 9.09737e-10 7.47729e-13 1.14135e-16 2.90847e-21 1.13032e-26
 1.46488e-41 2.03315e-33 3.41103e-26 6.9175e-20 1.69574e-14 5.0248e-10 1.7998e-06 0.000779252 0.040783 0.258017 0.199902 0.0841879 0.203886 0.107491 0.0753289 0.0252282 0.0040711 0.000314621 9.336e-06 1.00966e-07 3.02955e-10 1.91493e-13 2.12237e-17 3.7573e-22 1.00262e-27
 1.88289e-41 2.61333e-33 4.3844e-26 8.89148e-20 2.17964e-14 6.45867e-10 2.31339e-06 0.00100162 0.0524207 0.331639 0.255733 0.0729186 0.140593 0.0736615 0.0526665 0.0165296 0.00264463 0.000185209 4.58152e-06 3.52202e-08 7.11247e-11 3.16597e-14 2.57532e-18 3.33983e-23 6.36757e-29
 1.57048e-41 2.17972e-33 3.65693e-26 7.41619e-20 1.81799e-14 5.38704e-10 1.92955e-06 0.000835428 0.043723 0.276626 0.215435 0.102428 0.21415 0.0901372 0.0426683 0.0120474 0.00182824 0.000116405 2.5551e-06 1.59125e-08 2.32465e-11 6.94117e-15 3.7821e-19 3.3968e-24 4.60945e-30
 1.27099e-41 1.76405e-33 2.95957e-26 6.00194e-20 1.47131e-14 4.35975e-10 1.56159e-06 0.000676115 0.0353852 0.223888 0.176253 0.113712 0.233438 0.119551 0.0782142 0.0170507 0.00173604 9.2725e-05 1.78019e-06 9.33547e-09 1.08473e-11 2.39489e-15 9.0479e-20 5.44576e-25 4.94436e-31
 1.15122e-41 1.59782e-33 2.68067e-26 5.43635e-20 1.33266e-14 3.9489e-10 1.41443e-06 0.000612401 0.0320507 0.202801 0.160922 0.117564 0.2275 0.134833 0.097331 0.0235559 0.00272263 0.000104102 1.37695e-06 5.69684e-09 5.30698e-12 9.1296e-16 2.5884e-20 1.12382e-25 7.11272e-32
 1.55709e-41 2.16113e-33 3.62575e-26 7.35294e-20 1.80249e-14 5.3411e-10 1.91309e-06 0.000828304 0.0433501 0.274283 0.214806 0.100778 0.165494 0.104454 0.0742121 0.0192522 0.00243926 9.8282e-05 1.12474e-06 3.17551e-09 2.07314e-12 2.6725e-16 5.75031e-21 1.87268e-26 8.7341e-33
 1.4093e-41 1.95602e-33 3.28162e-26 6.65507e-20 1.63141e-14 4.83417e-10 1.73152e-06 0.000749689 0.0392358 0.248284 0.197984 0.136091 0.215334 0.0968693 0.051114 0.0127018 0.00156981 6.46383e-05 7.38094e-07 1.855e-09 9.03303e-13 7.90828e-17 1.17562e-21 2.75132e-27 9.40315e-34
 1.4622e-41 2.02944e-33 3.40481e-26 6.90489e-20 1.69265e-14 5.01564e-10 1.79652e-06 0.000777831 0.0407087 0.257612 0.205434 0.130056 0.190125 0.10767 0.0569604 0.00972575 0.000894037 3.32945e-05 3.5613e-07 8.3132e-10 3.55573e-13 2.49439e-17 2.69898e-22 4.34361e-28 1.01256e-34
 1.44477e-41 2.00524e-33 3.36421e-26 6.82255e-20 1.67247e-14 4.95583e-10 1.7751e-06 0.000768555 0.0402233 0.25457 0.205203 0.144521 0.195679 0.100879 0.0485685 0.00887622 0.000690919 1.73663e-05 1.42606e-07 2.8299e-10 1.04218e-13 6.18765e-18 5.47052e-23 6.86143e-29 1.18518e-35
 1.55728e-41 2.1614e-33 3.6262e-26 7.35387e-20 1.80271e-14 5.34177e-10 1.91334e-06 0.000828408 0.0433558 0.274406 0.221038 0.14131 0.175003 0.0951446 0.0417971 0.00663425 0.000470736 1.04897e-05 6.21059e-08 8.56934e-11 2.39189e-14 1.13149e-18 8.05045e-24 8.07503e-30 1.09987e-36
 1.50659e-41 2.09105e-33 3.50817e-26 7.11449e-20 1.74403e-14 5.16789e-10 1.85105e-06 0.000801443 0.0419446 0.265532 0.217442 0.160509 0.184652 0.0893739 0.0343873 0.00504573 0.000304079 5.62601e-06 2.76136e-08 2.87732e-11 5.55724e-15 1.82781e-19 9.46372e-25 7.1528e-31 7.45777e-38
 1.55168e-41 2.15363e-33 3.61316e-26 7.32741e-20 1.79623e-14 5.32256e-10 1.90645e-06 0.000825428 0.0432 0.273513 0.224978 0.160504 0.172703 0.0895408 0.0308198 0.00372483 0.000186402 2.84583e-06 1.10466e-08 8.98652e-12 1.32019e-15 3.13441e-20 1.12478e-25 5.85313e-32 4.27538e-39
 1.55851e-41 2.16311e-33 3.62906e-26 7.35966e-20 1.80413e-14 5.34598e-10 1.91484e-06 0.000829061 0.0433903 0.274785 0.228893 0.170866 0.170089 0.082464 0.0256659 0.00289468 0.00011939 1.41051e-06 4.23565e-09 2.63147e-12 2.90683e-16 5.14849e-21 1.36087e-26 5.10429e-33 2.62594e-40
 1.58871e-41 2.20502e-33 3.69938e-26 7.50228e-20 1.8391e-14 5.44957e-10 1.95195e-06 0.000845127 0.0442313 0.280177 0.235376 0.174168 0.162455 0.0786775 0.0218251 0.00216483 7.72554e-05 7.53536e-07 1.72328e-09 7.91156e-13 6.44629e-17 8.39315e-22 1.62261e-27 4.43635e-34 1.6582e-41
 1.58769e-41 2.2036e-33 3.697e-26 7.49745e-20 1.83791e-14 5.44607e-10 1.95069e-06 0.000844583 0.0442032 0.280108 0.239035 0.183985 0.159837 0.0725718 0.0178159 0.00155132 4.58597e-05 3.62358e-07 6.55503e-10 2.27983e-13 1.35554e-17 1.26978e-22 1.76492e-28 3.47419e-35 9.34921e-43
 1.3728e-41 1.90536e-33 3.19664e-26 6.48272e-20 1.58916e-14 4.70898e-10 1.68668e-06 0.000730275 0.0382214 0.242496 0.218831 0.217141 0.183176 0.0807492 0.0173403 0.00128143 3.11171e-05 1.95921e-07 2.74051e-10 7.25342e-14 3.22942e-18 2.21893e-23 2.221e-29 3.11502e-36 5.95244e-44
 1.40011e-41 1.94327e-33 3.26023e-26 6.61169e-20 1.62078e-14 4.80266e-10 1.72023e-06 0.000744803 0.0389822 0.247406 0.223469 0.205086 0.17681 0.088773 0.0175722 0.00113249 2.2372e-05 1.10364e-07 1.18105e-10 2.34646e-14 7.74042e-19 3.91161e-24 2.86154e-30 2.91084e-37 3.99983e-45
 1.46742e-41 2.03668e-33 3.41696e-26 6.92952e-20 1.69869e-14 5.03353e-10 1.80293e-06 0.000780607 0.0408561 0.259248 0.232009 0.202935 0.16901 0.0781992 0.0158828 0.00105754 1.92071e-05 8.14016e-08 7.2284e-11 1.17406e-14 3.1471e-19 1.28753e-24 7.60459e-31 6.23658e-38 6.90394e-46
 1.46744e-41 2.0367e-33 3.41699e-26 6.92959e-20 1.69871e-14 5.03358e-10 1.80295e-06 0.000780615 0.0408565 0.259251 0.232011 0.20294 0.169096 0.0783716 0.0156846 0.000989897 1.66896e-05 6.42828e-08 5.10279e-11 7.32807e-15 1.72351e-19 6.15629e-25 3.16365e-31 2.25179e-38 2.15956e-46
#pred catch len freq
 2.55693e-27 2.57184e-27 1.89926e-26 3.46689e-20 8.49867e-15 2.51831e-10 9.02016e-07 0.000390538 0.0204394 0.129306 0.0993739 0.0401738 0.235967 0.218473 0.0578185 0.0775078 0.0333572 0.025676 0.0157165 0.0118712 0.00922876 0.00789678 0.00782794 0.00688128 0.00209359
 2.55792e-27 2.57469e-27 2.15285e-26 4.00185e-20 9.81005e-15 2.90689e-10 1.0412e-06 0.0004508 0.0235932 0.149258 0.114595 0.0392673 0.218381 0.203088 0.0708258 0.110642 0.0371507 0.014823 0.00661128 0.00377417 0.00240537 0.0017669 0.00155161 0.00136164 0.000453514
 2.55872e-27 2.57665e-27 2.30264e-26 4.31775e-20 1.05844e-14 3.13636e-10 1.12339e-06 0.000486385 0.0254557 0.16104 0.12362 0.0410593 0.225676 0.209312 0.0627169 0.0907333 0.0334478 0.0176352 0.00548449 0.00164356 0.000695371 0.000391631 0.000285297 0.000234873 8.0913e-05
 2.55894e-27 2.57716e-27 2.33901e-26 4.39445e-20 1.07725e-14 3.19207e-10 1.14335e-06 0.000495025 0.0259078 0.163901 0.125814 0.041674 0.228813 0.212125 0.0617981 0.0878061 0.030668 0.013917 0.00492997 0.00159053 0.000344468 0.000106866 5.53773e-05 3.92393e-05 1.33673e-05
 2.56048e-27 2.58121e-27 2.68382e-26 5.1218e-20 1.25555e-14 3.72041e-10 1.33259e-06 0.00057696 0.030196 0.191029 0.146529 0.0417146 0.214568 0.198783 0.0558839 0.0776159 0.0266435 0.011342 0.00368124 0.00110387 0.000266637 4.72595e-05 1.13491e-05 5.77281e-06 1.84236e-06
 2.56007e-27 2.57983e-27 2.53753e-26 4.81309e-20 1.17987e-14 3.49617e-10 1.25227e-06 0.000542185 0.028376 0.179515 0.137775 0.044098 0.238856 0.220789 0.0524458 0.0641655 0.0215068 0.00839828 0.00262157 0.000720154 0.000156788 2.78893e-05 3.56091e-06 8.02095e-07 2.13364e-07
 2.56017e-27 2.58012e-27 2.5653e-26 4.8717e-20 1.19424e-14 3.53874e-10 1.26752e-06 0.000548787 0.0287215 0.181701 0.139439 0.0437742 0.235223 0.217555 0.0540391 0.0685368 0.0216474 0.00638047 0.00185674 0.000465607 9.32665e-05 1.49052e-05 1.67497e-06 1.53988e-07 2.33664e-08
 2.56236e-27 2.58596e-27 3.07169e-26 5.93992e-20 1.4561e-14 4.31468e-10 1.54545e-06 0.000669119 0.0350193 0.221542 0.169852 0.0431614 0.209192 0.193325 0.0459685 0.056226 0.0178603 0.00541359 0.0014331 0.000278263 4.97474e-05 7.17471e-06 7.15086e-07 4.5263e-08 2.65459e-09
 2.56351e-27 2.58885e-27 3.30403e-26 6.42999e-20 1.57623e-14 4.67066e-10 1.67295e-06 0.000724325 0.0379085 0.23982 0.183828 0.0444105 0.208877 0.192594 0.0378677 0.0379012 0.0117958 0.0032306 0.000849925 0.000162838 2.38064e-05 2.80518e-06 2.45909e-07 1.30842e-08 3.97261e-10
 2.56344e-27 2.58857e-27 3.26914e-26 6.35634e-20 1.55818e-14 4.61717e-10 1.65379e-06 0.000716029 0.0374744 0.237074 0.181745 0.0452933 0.21706 0.199986 0.0363165 0.0324654 0.00957772 0.00178119 0.000424173 7.34549e-05 1.05057e-05 1.07584e-06 7.41598e-08 3.34289e-09 7.6273e-11
 2.56299e-27 2.58734e-27 3.16174e-26 6.12978e-20 1.50264e-14 4.45259e-10 1.59484e-06 0.000690507 0.0361386 0.228623 0.175295 0.0454718 0.222949 0.205464 0.0380608 0.0350546 0.010205 0.00164775 0.00034896 4.26743e-05 5.2643e-06 5.01269e-07 3.04963e-08 1.07854e-09 1.99928e-11
 2.56437e-27 2.59111e-27 3.49541e-26 6.83367e-20 1.67519e-14 4.96389e-10 1.77798e-06 0.000769799 0.0402885 0.254876 0.195326 0.0444935 0.201431 0.185599 0.0344099 0.0317313 0.00923792 0.00149067 0.000308015 3.23241e-05 3.10568e-06 2.20637e-07 1.19016e-08 3.66934e-10 5.36342e-12
 2.565e-27 2.59272e-27 3.62978e-26 7.11711e-20 1.74467e-14 5.16978e-10 1.85173e-06 0.000801728 0.0419595 0.265448 0.203404 0.0448264 0.198289 0.182522 0.0306285 0.0238851 0.00691268 0.00107642 0.000220126 2.28004e-05 2.02803e-06 1.13648e-07 4.42572e-09 1.13262e-10 1.41696e-12
 2.56318e-27 2.58772e-27 3.18223e-26 6.17296e-20 1.51323e-14 4.48396e-10 1.60608e-06 0.000695371 0.0363932 0.230234 0.176542 0.0465411 0.230211 0.211897 0.0343547 0.0249784 0.00709043 0.000877272 0.000166076 1.65356e-05 1.443e-06 7.68783e-08 2.4486e-09 4.49363e-11 4.44055e-13
 2.56121e-27 2.58248e-27 2.72778e-26 5.21429e-20 1.27822e-14 3.78759e-10 1.35665e-06 0.000587379 0.0307413 0.194478 0.149249 0.0471019 0.253654 0.233734 0.0419111 0.0366998 0.0104044 0.00120351 0.000215674 1.75332e-05 1.38337e-06 7.08903e-08 2.15963e-09 3.33474e-11 2.38822e-13
 2.56254e-27 2.58616e-27 3.06013e-26 5.91543e-20 1.4501e-14 4.29689e-10 1.53907e-06 0.000666361 0.0348749 0.220629 0.169192 0.0455254 0.227646 0.209868 0.0401128 0.0386127 0.0110794 0.00149081 0.000279437 2.1131e-05 1.47916e-06 6.24994e-08 1.76518e-09 2.58947e-11 1.59339e-13
 2.5648e-27 2.59213e-27 3.5735e-26 6.99837e-20 1.71557e-14 5.08353e-10 1.82084e-06 0.000788352 0.0412595 0.261019 0.200029 0.0452822 0.204128 0.187845 0.0303991 0.0220164 0.00626463 0.000801907 0.000149858 1.25373e-05 8.97456e-07 3.40247e-08 8.0212e-10 1.03039e-11 5.94036e-14
 2.56437e-27 2.59091e-27 3.46155e-26 6.76219e-20 1.65767e-14 4.91197e-10 1.75939e-06 0.000761747 0.0398671 0.25221 0.193314 0.045995 0.21427 0.197117 0.0304502 0.0197957 0.00554181 0.000569343 9.71224e-05 7.916e-06 5.82154e-07 2.40295e-08 5.39305e-10 5.87121e-12 2.88488e-14
 2.56441e-27 2.59102e-27 3.46947e-26 6.77889e-20 1.66176e-14 4.9241e-10 1.76373e-06 0.000763627 0.0399655 0.252833 0.193792 0.0461178 0.214869 0.197635 0.0299282 0.0184728 0.00511553 0.00043495 6.54145e-05 4.32318e-06 2.80482e-07 1.14224e-08 2.72495e-10 2.98671e-12 1.28482e-14
 2.56499e-27 2.59257e-27 3.60632e-26 7.06759e-20 1.73254e-14 5.13381e-10 1.83885e-06 0.00079615 0.0416676 0.263601 0.202008 0.0457609 0.206381 0.189788 0.0282819 0.0166953 0.00460246 0.000361831 5.08517e-05 2.83135e-06 1.50454e-07 4.92848e-09 1.08958e-10 1.22976e-12 5.44174e-15
 2.56536e-27 2.59357e-27 3.69389e-26 7.25232e-20 1.77782e-14 5.26799e-10 1.88691e-06 0.000816959 0.0427567 0.270491 0.207266 0.0455762 0.201281 0.185062 0.0270781 0.0151416 0.00416396 0.000318557 4.36615e-05 2.27459e-06 1.08218e-07 2.85489e-09 4.99855e-11 4.84344e-13 2.12505e-15
 2.56545e-27 2.59382e-27 3.71345e-26 7.29357e-20 1.78793e-14 5.29796e-10 1.89764e-06 0.000821605 0.0429999 0.272029 0.208443 0.0456779 0.201229 0.184974 0.0263438 0.013491 0.00369096 0.000262791 3.39599e-05 1.71665e-06 7.7978e-08 1.8689e-09 2.75165e-11 2.06855e-13 7.46281e-16
 2.56564e-27 2.59432e-27 3.75794e-26 7.38743e-20 1.81094e-14 5.36613e-10 1.92206e-06 0.000832178 0.0435532 0.27553 0.211114 0.0455901 0.198683 0.182614 0.0257192 0.012661 0.00344864 0.000224448 2.65854e-05 1.25757e-06 5.28063e-08 1.20926e-09 1.65589e-11 1.07115e-13 3.05256e-16
 2.56595e-27 2.59518e-27 3.83626e-26 7.55266e-20 1.85144e-14 5.48616e-10 1.96505e-06 0.000850792 0.0445274 0.281693 0.215813 0.0451295 0.191877 0.176388 0.0256115 0.0139814 0.00382733 0.000264878 3.30994e-05 1.47937e-06 5.67792e-08 1.19665e-09 1.53005e-11 9.27068e-14 2.34035e-16
 2.56635e-27 2.59625e-27 3.92775e-26 7.74566e-20 1.89876e-14 5.62635e-10 2.01526e-06 0.000872533 0.0456652 0.288891 0.221309 0.0451372 0.188074 0.172807 0.0236834 0.0104908 0.00285164 0.000191091 2.32422e-05 1.07251e-06 4.24009e-08 8.28635e-10 9.63613e-12 5.3503e-14 1.2606e-16
 2.56653e-27 2.59671e-27 3.96681e-26 7.82805e-20 1.91895e-14 5.6862e-10 2.0367e-06 0.000881813 0.0461509 0.291964 0.223656 0.0451677 0.186657 0.171463 0.0227805 0.00877168 0.00235925 0.00013252 1.31571e-05 5.82331e-07 2.21628e-08 4.46923e-10 5.14173e-12 2.60086e-14 5.57472e-17
 2.56616e-27 2.59568e-27 3.87317e-26 7.6305e-20 1.87053e-14 5.5427e-10 1.9853e-06 0.00085956 0.0449863 0.284596 0.218038 0.0456525 0.194294 0.178461 0.0231244 0.00779543 0.00207894 0.000103822 8.46455e-06 3.21542e-07 9.56052e-09 1.80219e-10 2.0421e-12 1.04859e-14 2.12689e-17
 2.56644e-27 2.59646e-27 3.94425e-26 7.78046e-20 1.90728e-14 5.65163e-10 2.02432e-06 0.000876452 0.0458703 0.290189 0.222303 0.0453103 0.188693 0.173323 0.0227845 0.0083126 0.00222131 0.000106319 7.9297e-06 2.75398e-07 6.54064e-09 9.90974e-11 9.21887e-13 4.47516e-15 9.08878e-18
 2.56545e-27 2.59374e-27 3.7015e-26 7.26834e-20 1.78175e-14 5.27963e-10 1.89108e-06 0.000818764 0.0428511 0.271088 0.207733 0.0461977 0.205683 0.188966 0.0248928 0.00918137 0.00245616 0.000120663 9.47285e-06 3.19667e-07 6.84433e-09 9.00273e-11 6.58985e-13 2.50824e-15 4.45973e-18
#obs catch len freq
 5.97216e-42 8.28897e-34 1.39065e-26 2.8202e-20 6.91339e-15 2.04857e-10 7.33763e-07 0.000317694 0.0166268 0.105187 0.0810881 0.0424172 0.227279 0.191887 0.131731 0.127346 0.0521217 0.019427 0.00407859 0.000469484 2.20674e-05 3.11077e-07 9.91802e-10 5.81775e-13 5.48391e-17
 6.87119e-42 9.53676e-34 1.59999e-26 3.24475e-20 7.95411e-15 2.35695e-10 8.44221e-07 0.000365518 0.0191298 0.121022 0.0932895 0.0461015 0.229287 0.184146 0.128986 0.11437 0.0448965 0.0152302 0.00287748 0.000286312 1.09905e-05 1.19386e-07 2.81501e-10 1.19197e-13 8.00377e-18
 1.03624e-41 1.43823e-33 2.41293e-26 4.89338e-20 1.19955e-14 3.5545e-10 1.27316e-06 0.000551235 0.0288495 0.182512 0.140316 0.0483141 0.202665 0.154542 0.109561 0.0884629 0.0325944 0.00985966 0.00163067 0.00013686 4.24547e-06 3.55087e-08 6.20139e-11 1.89786e-14 9.08372e-19
 8.7993e-42 1.22129e-33 2.04896e-26 4.15525e-20 1.01861e-14 3.01833e-10 1.08112e-06 0.000468086 0.0244978 0.154983 0.119629 0.0601558 0.26279 0.18339 0.0958713 0.0673717 0.023553 0.00632678 0.000899733 6.20984e-05 1.52336e-06 9.72687e-09 1.25874e-11 2.79262e-15 9.55414e-20
 1.21529e-41 1.68674e-33 2.82987e-26 5.73891e-20 1.40683e-14 4.16868e-10 1.49315e-06 0.000646484 0.0338344 0.214049 0.164626 0.0539005 0.193124 0.135625 0.110642 0.0708492 0.0181852 0.0040007 0.00048749 2.72083e-05 5.15937e-07 2.47151e-09 2.35214e-12 3.7817e-16 9.2731e-21
 1.28229e-41 1.77973e-33 2.98586e-26 6.05527e-20 1.48438e-14 4.39848e-10 1.57547e-06 0.000682122 0.0356996 0.225849 0.173957 0.063697 0.220594 0.137911 0.0769787 0.0463807 0.0151804 0.00281478 0.00024342 1.05155e-05 1.51798e-07 5.36042e-10 3.69929e-13 4.27599e-17 7.49535e-22
 1.17048e-41 1.62455e-33 2.72552e-26 5.5273e-20 1.35495e-14 4.01497e-10 1.4381e-06 0.000622646 0.0325868 0.206159 0.159202 0.0694678 0.235109 0.142929 0.0934246 0.0474509 0.0109348 0.00194706 0.000160007 4.89277e-06 4.98431e-08 1.2726e-10 6.28946e-14 5.16779e-18 6.42078e-23
 1.45506e-41 2.01953e-33 3.38818e-26 6.87116e-20 1.68438e-14 4.99114e-10 1.78774e-06 0.000774031 0.0405097 0.256281 0.197404 0.064666 0.184549 0.112302 0.0894945 0.0428256 0.00979156 0.00131586 8.32739e-05 2.1867e-06 1.60915e-08 2.77682e-11 9.50966e-15 5.48286e-19 4.78503e-24
 1.67456e-41 2.32418e-33 3.89929e-26 7.90768e-20 1.93847e-14 5.74405e-10 2.05743e-06 0.000890795 0.0466207 0.294941 0.227137 0.0688597 0.175308 0.0947483 0.0580411 0.0260967 0.00650209 0.000810361 4.07966e-05 7.7307e-07 4.362e-09 5.46683e-12 1.26753e-15 4.92438e-20 2.94737e-25
 1.64446e-41 2.2824e-33 3.82919e-26 7.76552e-20 1.90363e-14 5.64079e-10 2.02044e-06 0.000874781 0.0457826 0.289642 0.223535 0.0770828 0.190091 0.0958074 0.0535089 0.019589 0.0036492 0.000416267 1.94465e-05 2.8918e-07 1.1508e-09 1.02863e-12 1.71221e-16 4.62034e-21 1.87121e-26
 1.55768e-41 2.16196e-33 3.62714e-26 7.35577e-20 1.80318e-14 5.34315e-10 1.91383e-06 0.000828623 0.0433668 0.274362 0.212349 0.0840058 0.199481 0.100091 0.0621721 0.0200267 0.00305123 0.000254861 9.2062e-06 1.16029e-07 3.59875e-10 2.2757e-13 2.61334e-17 4.92608e-22 1.40005e-27
 1.51795e-41 2.10682e-33 3.53463e-26 7.16815e-20 1.75719e-14 5.20687e-10 1.86502e-06 0.000807488 0.0422607 0.267369 0.207478 0.0891687 0.199308 0.101331 0.0683249 0.02066 0.00307799 0.000207737 5.30875e-06 4.73522e-08 1.1227e-10 5.42683e-14 4.50792e-18 5.89749e-23 1.15058e-28
 1.93028e-41 2.6791e-33 4.49475e-26 9.11526e-20 2.2345e-14 6.62123e-10 2.37162e-06 0.00102683 0.0537401 0.339988 0.262439 0.0760904 0.135572 0.0688977 0.0468416 0.0133311 0.00194954 0.000118381 2.4804e-06 1.55557e-08 2.47992e-11 8.44338e-15 5.13628e-19 4.91174e-24 6.84241e-30
 1.62438e-41 2.25453e-33 3.78244e-26 7.67072e-20 1.88039e-14 5.57193e-10 1.99577e-06 0.000864101 0.0452236 0.286125 0.223296 0.107412 0.205885 0.0825884 0.0375422 0.00965836 0.00132835 7.30447e-05 1.34381e-06 6.74822e-09 7.71555e-12 1.75819e-15 7.16482e-20 4.74085e-25 4.69305e-31
 1.33603e-41 1.85432e-33 3.11101e-26 6.30906e-20 1.54659e-14 4.58284e-10 1.6415e-06 0.000710712 0.0371958 0.235351 0.185821 0.119971 0.225477 0.112658 0.0682356 0.0132839 0.00123581 5.71793e-05 9.13335e-07 3.83185e-09 3.45726e-12 5.79426e-16 1.63407e-20 7.24718e-26 4.80059e-32
 1.22157e-41 1.69546e-33 2.84448e-26 5.76855e-20 1.41409e-14 4.19021e-10 1.50086e-06 0.000649823 0.0340092 0.215203 0.17135 0.124291 0.220351 0.12878 0.0848145 0.0185943 0.0018933 6.16277e-05 6.82841e-07 2.257e-09 1.6237e-12 2.11015e-16 4.45147e-21 1.4224e-26 6.57093e-33
 1.6351e-41 2.26941e-33 3.80741e-26 7.72134e-20 1.8928e-14 5.6087e-10 2.00894e-06 0.000869804 0.0455221 0.288033 0.226023 0.104554 0.15717 0.0979858 0.063175 0.0149551 0.00165279 5.611e-05 5.24103e-07 1.17662e-09 5.94079e-13 5.77216e-17 9.21271e-22 2.20306e-27 7.49087e-34
 1.48746e-41 2.0645e-33 3.46362e-26 7.02416e-20 1.72189e-14 5.10227e-10 1.82755e-06 0.000791267 0.0414118 0.262068 0.209629 0.140697 0.202741 0.0886927 0.0430965 0.00978265 0.00105219 3.63727e-05 3.35061e-07 6.59647e-10 2.46196e-13 1.62287e-17 1.7883e-22 3.06663e-28 7.6243e-35
 1.54643e-41 2.14635e-33 3.60094e-26 7.30263e-20 1.79015e-14 5.30456e-10 1.90001e-06 0.000822637 0.0430536 0.272466 0.217881 0.133728 0.178648 0.0988716 0.046714 0.00720912 0.000584791 1.82764e-05 1.56865e-07 2.84461e-10 9.24281e-14 4.85182e-18 3.8841e-23 4.58169e-29 7.76668e-36
 1.53037e-41 2.12405e-33 3.56353e-26 7.22677e-20 1.77156e-14 5.24945e-10 1.88027e-06 0.000814091 0.0426064 0.269673 0.218056 0.147859 0.182765 0.0916349 0.0396424 0.00650419 0.000433566 9.1541e-06 6.06363e-08 9.31448e-11 2.59109e-14 1.14473e-18 7.45629e-24 6.84149e-30 8.59706e-37
 1.64538e-41 2.28368e-33 3.83135e-26 7.76989e-20 1.9047e-14 5.64397e-10 2.02158e-06 0.000875273 0.0458085 0.289952 0.234181 0.143247 0.162171 0.0853357 0.0333849 0.00474907 0.000288204 5.29608e-06 2.50244e-08 2.67791e-11 5.64111e-15 1.97838e-19 1.03291e-24 7.55327e-31 7.46606e-38
 1.59636e-41 2.21564e-33 3.71719e-26 7.5384e-20 1.84795e-14 5.47581e-10 1.96135e-06 0.000849195 0.0444439 0.281384 0.231112 0.161935 0.170153 0.0792181 0.0271737 0.00354589 0.000181241 2.75626e-06 1.07025e-08 8.57404e-12 1.24736e-15 3.04022e-20 1.15246e-25 6.3294e-32 4.77386e-39
 1.64329e-41 2.28077e-33 3.82647e-26 7.76001e-20 1.90228e-14 5.63679e-10 2.01901e-06 0.00087416 0.0457505 0.289696 0.238933 0.160965 0.158715 0.0785376 0.0238649 0.00255238 0.00010796 1.34432e-06 4.10697e-09 2.55732e-12 2.81714e-16 4.94618e-21 1.29938e-26 4.91114e-33 2.59008e-40
 1.65011e-41 2.29024e-33 3.84235e-26 7.79221e-20 1.91017e-14 5.66018e-10 2.02738e-06 0.000877788 0.0459406 0.290981 0.243041 0.170439 0.155526 0.071522 0.0196613 0.00194176 6.69764e-05 6.42543e-07 1.51191e-09 7.15968e-13 5.91275e-17 7.72506e-22 1.49236e-27 4.06464e-34 1.51113e-41
 1.68139e-41 2.33366e-33 3.9152e-26 7.93995e-20 1.94638e-14 5.76749e-10 2.06582e-06 0.00089443 0.0468119 0.296576 0.249745 0.172714 0.14797 0.0673835 0.0164409 0.00142038 4.21285e-05 3.30454e-07 5.88789e-10 2.05441e-13 1.2482e-17 1.19624e-22 1.68737e-28 3.34533e-35 9.02672e-43
 1.6807e-41 2.3327e-33 3.91359e-26 7.93668e-20 1.94559e-14 5.76513e-10 2.06497e-06 0.000894063 0.0467931 0.296586 0.253642 0.181527 0.144913 0.061401 0.0132229 0.000994478 2.42833e-05 1.53461e-07 2.15022e-10 5.65897e-14 2.50345e-18 1.7236e-23 1.74541e-29 2.48807e-36 4.8282e-44
 1.46822e-41 2.03779e-33 3.41881e-26 6.93328e-20 1.69961e-14 5.03627e-10 1.80391e-06 0.000781031 0.0408784 0.259449 0.234689 0.215069 0.167329 0.0681922 0.0127845 0.000810447 1.6158e-05 8.08675e-08 8.72234e-11 1.74065e-14 5.7503e-19 2.89947e-24 2.11305e-30 2.14518e-37 2.95408e-45
 1.49808e-41 2.07924e-33 3.48836e-26 7.07432e-20 1.73418e-14 5.13871e-10 1.8406e-06 0.000796918 0.0417096 0.264619 0.234881 0.19702 0.167116 0.0785952 0.0144082 0.000837595 1.45174e-05 6.13787e-08 5.51562e-11 9.07163e-15 2.45218e-19 1.00839e-24 5.97351e-31 4.90353e-38 5.42361e-46
 1.55863e-41 2.16327e-33 3.62934e-26 7.36023e-20 1.80427e-14 5.34639e-10 1.91499e-06 0.000829125 0.0433952 0.275272 0.242533 0.194352 0.157816 0.070921 0.013993 0.000872972 1.46093e-05 5.59457e-08 4.4226e-11 6.3329e-15 1.48639e-19 5.3014e-25 2.7213e-31 1.93527e-38 1.85476e-46
#spawning biomass
 19960 18920.8 20593.4 24121 29885.5 35421.7 38121.4 45381.9 60848.8 78672.9 98068.9 125853 173561 207453 195903 161446 146179 158836 151647 146229 150431 152236 156736 180093 189234 189765 173570 160993 159715 193930 160352 72918 30141.6 20412.4 18621 18317.2 18268.1 18260.5 18259.3 18259.1 18259.1 18259.1 18259.1 18259.1 18259.1 18259.1 18259.1 18259.1 18259.1 18259.1 18259.1 18259.1 18259.1 18259.1 18259.1 18259.1 18259.1 18259.1 18259.1 18259.1 18259.1 18259.1 18259.1 18259.1 18259.1 18259.1 18259.1 18259.1 18259.1 18259.1 18259.1 18259.1 18259.1 18259.1 18259.1 18259.1 18259.1 18259.1 18259.1 18259.1 18259.1 18259.1 18259.1 18259.1 18259.1 18259.1 18259.1 18259.1 18259.1 18259.1 18259.1 18259.1 18259.1 18259.1 18259.1 18259.1 18259.1 18259.1 18259.1 18259.1 18259.1 18259.1 18259.1 18259.1 18259.1 18259.1 18259.1 18259.1 18259.1 18259.1 18259.1 18259.1 18259.1 18259.1 18259.1 18259.1 18259.1 18259.1 18259.1 18259.1 18259.1 18259.1 18259.1 18259.1 18259.1 18259.1 18259.1 18259.1 18259.1 0 0 0 0 0 0 0 0 0 0 0 0 0 0 0 0 0 0 0 0 0 0 0 0 0
