SBPRF35
0.135803
Curr Bio
172185
B35
162654
F35
1.2744
FOFL
1.2744
OFL
80542.5
Bzero
38800.7
#pred survey bio
 4643.67 6217.31 9901.88 17177 30487.5 35935.2 30504.2 36848.9 60811.1 91898.5 114621 132122 165054 199841 200572 173728 162650 147304 165297 168129 167793 176134 192274 209869 211168 197360 196918 203215 5.21388e+06 3.77012e+06 1.81843e+06 905516 598384 482939 430494 403347 388422 380037 375299 372623 371114 370265 369787 369517 369369 369287 369242 369217 369203 369196 369192 369189 369188 369187 369187 369187 369187 369187 369187 369187 369186 369186 369186 369186 369186 369186 369186 369186 369186 369186 369186 369186 369186 369186 369186 369186 369186 369186 369186 369186 369186 369186 369186 369186 369186 369186 369186 369186 369186 369186 369186 369186 369186 369186 369186 369186 369186 369186 369186 369186 369186 369186 369186 369186 369186 369186 369186 369186 369186 369186 369186 369186 369186 369186 369186 369186 369186 369186 369186 369186 369186 369186 369186 369186 369186 369186 369186 369186 0 0 0 0 0 0 0 0 0 0 0 0 0 0 0 0 0 0 0 0 0 0 0 0 0
#obs survey bio
 3549.01 4609.02 8818.35 20596.2 22690.6 31006.1 16136.8 42009.7 51876 74409.1 96986.1 92008.1 96661.1 201668 146266 122367 131566 109546 162228 133494 115177 146416 186056 136276 154431 134467 201029 134212
#pred catch bio
 1420.04 2210.03 2974.48 5328.49 11044.2 16406.3 14285.6 14329.7 23051.4 39757.1 55136.8 65958.6 81014.1 97515.9 109090 94018.4 93767.6 73444.1 88563.8 94671.2 93377.6 96103.9 104398 118730 125042 113505 109095 96078.5 80542.5 81142.4 34775.2 12636.5 7307.39 6229.57 6027.85 5991.9 5985.72 5984.68 5984.51 5984.48 5984.47 5984.47 5984.47 5984.47 5984.47 5984.47 5984.47 5984.47 5984.47 5984.47 5984.47 5984.47 5984.47 5984.47 5984.47 5984.47 5984.47 5984.47 5984.47 5984.47 5984.47 5984.47 5984.47 5984.47 5984.47 5984.47 5984.47 5984.47 5984.47 5984.47 5984.47 5984.47 5984.47 5984.47 5984.47 5984.47 5984.47 5984.47 5984.47 5984.47 5984.47 5984.47 5984.47 5984.47 5984.47 5984.47 5984.47 5984.47 5984.47 5984.47 5984.47 5984.47 5984.47 5984.47 5984.47 5984.47 5984.47 5984.47 5984.47 5984.47 5984.47 5984.47 5984.47 5984.47 5984.47 5984.47 5984.47 5984.47 5984.47 5984.47 5984.47 5984.47 5984.47 5984.47 5984.47 5984.47 5984.47 5984.47 5984.47 5984.47 5984.47 5984.47 5984.47 5984.47 5984.47 5984.47 5984.47 5984.47 0 0 0 0 0 0 0 0 0 0 0 0 0 0 0 0 0 0 0 0 0 0 0 0 0
#obs catch bio
 2178.36 2316.27 2793.67 4853.41 10500.2 15215.6 15675.2 13632.4 21402.4 38212.8 54561.7 64183.8 82091.6 96525.4 108001 96709.3 97031.9 71402 83107.5 90017.7 93278.2 88489.7 93622.9 113425 111453 105235 100006 91328
#pred cpue bio
 3000.33 3368.87 4795.82 8480.31 14744.8 20448.4 18284.9 17902.3 28303.7 45161.4 58272.5 65704 77346.7 96529.5 106599 91044.1 82446.1 72271.2 81673 82933.9 80331.4 83360.8 90768.4 99467.5 100740 93681 92987.7 97402.4 2.67636e+06 2.92783e+06 1.639e+06 770698 465409 350049 297608 270461 255536 247151 242413 239737 238228 237379 236901 236631 236483 236401 236356 236331 236318 236310 236306 236304 236302 236302 236301 236301 236301 236301 236301 236301 236301 236301 236301 236301 236301 236301 236301 236301 236301 236301 236301 236301 236301 236301 236301 236301 236301 236301 236301 236301 236301 236301 236301 236301 236301 236301 236301 236301 236301 236301 236301 236301 236301 236301 236301 236301 236301 236301 236301 236301 236301 236301 236301 236301 236301 236301 236301 236301 236301 236301 236301 236301 236301 236301 236301 236301 236301 236301 236301 236301 236301 236301 236301 236301 236301 236301 236301 236301 0 0 0 0 0 0 0 0 0 0 0 0 0 0 0 0 0 0 0 0 0 0 0 0 0
#obs cpue bio
 3302.14 4174.78 9243.05 12985.1 16694.4 29229 19024.4 30100 40799.4 57224.4 69326.3 114310 102930 107969 154087 107072 97627.9 106710 125824 120449 106076 166806 149701 159753 252107 162681 141771 168848
#pred surv len freq
 1.61881e-11 1.75706e-09 1.12452e-07 4.24358e-06 9.44248e-05 0.00123889 0.00958512 0.0437427 0.117925 0.189218 0.187452 0.13316 0.0940539 0.07232 0.0495194 0.0312318 0.0203634 0.0136804 0.00954048 0.00703729 0.0055759 0.00479558 0.0042306 0.00329638 0.00193441
 1.77303e-11 1.92445e-09 1.23165e-07 4.64785e-06 0.00010342 0.00135691 0.0104981 0.0479064 0.12911 0.206845 0.203394 0.140367 0.0934049 0.067944 0.0435588 0.0243498 0.0133508 0.00719302 0.00389662 0.00227374 0.00147599 0.00108144 0.000861581 0.000645399 0.000378934
 1.8641e-11 2.0233e-09 1.29491e-07 4.88658e-06 0.000108732 0.00142661 0.0110372 0.0503645 0.135706 0.217181 0.212458 0.14362 0.0912587 0.0632948 0.0381939 0.019047 0.00896379 0.00406366 0.0017382 0.000745204 0.00034643 0.000188883 0.000122625 8.28427e-05 4.68901e-05
 1.81247e-11 1.96726e-09 1.25905e-07 4.75125e-06 0.000105721 0.0013871 0.0107317 0.0489726 0.131989 0.211497 0.208153 0.144099 0.0961881 0.0690406 0.0418602 0.0205512 0.00929585 0.00389891 0.00144982 0.000499181 0.000168554 6.05523e-05 2.63437e-05 1.39024e-05 7.0771e-06
 1.85578e-11 2.01428e-09 1.28913e-07 4.86479e-06 0.000108247 0.00142024 0.010988 0.0501403 0.135107 0.216259 0.211734 0.143621 0.0919806 0.0643393 0.0392296 0.0198389 0.00927361 0.00391798 0.0014141 0.000448218 0.000127948 3.37917e-05 9.10395e-06 2.93621e-06 1.12078e-06
 1.48873e-11 1.61587e-09 1.03416e-07 3.90258e-06 8.68375e-05 0.00113936 0.00881556 0.040243 0.108658 0.175702 0.180448 0.145102 0.123771 0.101816 0.0631259 0.0300994 0.0130104 0.00527891 0.00189188 0.000595714 0.000163539 3.85979e-05 7.99251e-06 1.57576e-06 3.45161e-07
 1.44805e-11 1.57171e-09 1.0059e-07 3.79594e-06 8.44645e-05 0.00110822 0.00857463 0.0391425 0.105679 0.170823 0.17516 0.140255 0.119671 0.100973 0.0680433 0.0384105 0.019659 0.00841622 0.00287695 0.000838894 0.00021875 4.989e-05 9.62728e-06 1.5559e-06 2.20137e-07
 1.89319e-11 2.05488e-09 1.31512e-07 4.96286e-06 0.00011043 0.00144887 0.0112094 0.0511478 0.137786 0.220258 0.214286 0.141708 0.0860092 0.0585424 0.0371556 0.0209398 0.011147 0.00525155 0.00207682 0.000685335 0.00018427 4.02646e-05 7.31808e-06 1.10549e-06 1.35791e-07
 1.88118e-11 2.04184e-09 1.30677e-07 4.93135e-06 0.000109729 0.00143968 0.0111384 0.0508262 0.136954 0.219203 0.214557 0.145329 0.0925304 0.0635303 0.0367121 0.0164927 0.00675595 0.00278103 0.00109305 0.000388786 0.000117979 2.89375e-05 5.55767e-06 8.2723e-07 9.57958e-08
 1.79019e-11 1.94308e-09 1.24357e-07 4.69284e-06 0.000104421 0.00137005 0.0105998 0.0483725 0.130393 0.209118 0.206653 0.145292 0.0998371 0.0725942 0.0431726 0.0199328 0.00816548 0.00304142 0.000968779 0.00027799 7.68636e-05 1.95027e-05 4.12451e-06 6.76344e-07 8.26389e-08
 1.73399e-11 1.88208e-09 1.20453e-07 4.54551e-06 0.000101143 0.00132704 0.0102672 0.0468568 0.126339 0.202873 0.201693 0.145054 0.103997 0.0778667 0.0470412 0.02218 0.00934226 0.00354824 0.00112265 0.000298763 6.94698e-05 1.43983e-05 2.70569e-06 4.43415e-07 5.79448e-08
 1.77337e-11 1.92482e-09 1.23189e-07 4.64875e-06 0.00010344 0.00135718 0.0105003 0.0479189 0.129179 0.20724 0.205124 0.145098 0.100894 0.0740433 0.0443755 0.0207796 0.00868956 0.00329124 0.001044 0.000278564 6.37142e-05 1.22691e-05 1.98093e-06 2.72157e-07 3.17726e-08
 1.861e-11 2.01993e-09 1.29275e-07 4.87845e-06 0.000108551 0.00142423 0.0110189 0.0502822 0.135501 0.216985 0.212892 0.145567 0.094559 0.0659301 0.0383241 0.0171742 0.00676981 0.00245143 0.000755732 0.000197339 4.45266e-05 8.48992e-06 1.3336e-06 1.69717e-07 1.73196e-08
 1.79349e-11 1.94666e-09 1.24586e-07 4.70149e-06 0.000104614 0.00137258 0.0106194 0.0484624 0.130642 0.209573 0.20736 0.146454 0.10135 0.0734775 0.0425252 0.018256 0.00668438 0.00225694 0.000654472 0.000160305 3.42182e-05 6.28582e-06 9.64544e-07 1.2027e-07 1.1826e-08
 1.61759e-11 1.75574e-09 1.12367e-07 4.24039e-06 9.43541e-05 0.00123797 0.00957832 0.0437189 0.117959 0.190068 0.192036 0.146253 0.115209 0.0905807 0.0544962 0.0245747 0.00960419 0.00335664 0.000955974 0.000220832 4.37164e-05 7.46329e-06 1.07489e-06 1.27811e-07 1.21634e-08
 1.67329e-11 1.81619e-09 1.16236e-07 4.38639e-06 9.76027e-05 0.00128059 0.00990792 0.0452199 0.121963 0.196146 0.196425 0.145042 0.108876 0.0838697 0.0512346 0.0243594 0.0102778 0.00381899 0.00113827 0.000273209 5.47082e-05 9.03757e-06 1.21701e-06 1.33894e-07 1.18861e-08
 1.72876e-11 1.87641e-09 1.2009e-07 4.53181e-06 0.000100838 0.00132304 0.0102363 0.0467162 0.125967 0.202331 0.201416 0.14554 0.10516 0.0788834 0.047212 0.0216994 0.00881907 0.0032582 0.0010076 0.00025835 5.53491e-05 9.61408e-06 1.32498e-06 1.43692e-07 1.21278e-08
 1.76436e-11 1.91504e-09 1.22562e-07 4.62512e-06 0.000102915 0.00135028 0.010447 0.0476768 0.128543 0.206355 0.204881 0.146582 0.103891 0.0764719 0.0444369 0.0190734 0.00696683 0.00234097 0.00067301 0.000162686 3.41222e-05 6.09243e-06 8.86487e-07 1.01237e-07 8.79969e-09
 1.77002e-11 1.92119e-09 1.22956e-07 4.63996e-06 0.000103245 0.00135461 0.0104805 0.0478289 0.128943 0.206915 0.205054 0.145708 0.102109 0.0750588 0.0444805 0.0201587 0.00796941 0.00280539 0.000798991 0.000183534 3.59677e-05 6.05361e-06 8.54446e-07 9.84348e-08 8.89056e-09
 1.75992e-11 1.91022e-09 1.22254e-07 4.61349e-06 0.000102656 0.00134689 0.0104207 0.047557 0.128221 0.205845 0.204412 0.14635 0.103894 0.0766733 0.0448354 0.0195544 0.00732838 0.00251363 0.000727381 0.000173309 3.45951e-05 5.68171e-06 7.57171e-07 8.20279e-08 7.12425e-09
 1.80674e-11 1.96104e-09 1.25506e-07 4.73622e-06 0.000105387 0.00138271 0.0106978 0.0488197 0.131598 0.211043 0.208521 0.146488 0.10034 0.0722335 0.0416671 0.0178004 0.00643867 0.00211678 0.000582236 0.000130862 2.51437e-05 4.12163e-06 5.54935e-07 5.94845e-08 4.96321e-09
 1.82023e-11 1.97569e-09 1.26444e-07 4.77159e-06 0.000106174 0.00139304 0.0107777 0.0491836 0.132573 0.212555 0.209772 0.146713 0.0995977 0.0711392 0.0406708 0.0170307 0.00595273 0.00189222 0.000505124 0.00010911 1.98574e-05 3.06646e-06 3.93156e-07 4.11336e-08 3.41211e-09
 1.82517e-11 1.98105e-09 1.26787e-07 4.78454e-06 0.000106462 0.00139682 0.0108069 0.0493169 0.132929 0.213099 0.210182 0.146661 0.0991222 0.070607 0.0403718 0.0169456 0.00594145 0.00188532 0.000497195 0.000104746 1.84097e-05 2.72739e-06 3.32434e-07 3.28468e-08 2.58782e-09
 1.81823e-11 1.97352e-09 1.26305e-07 4.76635e-06 0.000106057 0.00139151 0.0107659 0.0491297 0.132428 0.212333 0.209593 0.146696 0.0997343 0.0713234 0.0408219 0.0171308 0.00600353 0.0019058 0.000503527 0.000106246 1.85941e-05 2.71063e-06 3.20779e-07 3.04332e-08 2.28319e-09
 1.80147e-11 1.95533e-09 1.25141e-07 4.72242e-06 0.00010508 0.00137869 0.0106667 0.048678 0.131223 0.210499 0.208249 0.146997 0.101542 0.0732734 0.0418195 0.0172756 0.00588176 0.00181676 0.000471242 9.78709e-05 1.68895e-05 2.43923e-06 2.8632e-07 2.67789e-08 1.95922e-09
 1.80541e-11 1.9596e-09 1.25414e-07 4.73274e-06 0.000105309 0.0013817 0.01069 0.0487843 0.131509 0.21095 0.208659 0.147187 0.101514 0.0730809 0.0414804 0.0168804 0.00558463 0.00166991 0.000419401 8.35707e-05 1.37588e-05 1.91236e-06 2.18688e-07 2.0096e-08 1.45088e-09
 1.81862e-11 1.97394e-09 1.26332e-07 4.76737e-06 0.00010608 0.00139181 0.0107682 0.0491404 0.132459 0.212395 0.209716 0.146942 0.100078 0.0715411 0.0407075 0.0167863 0.00568946 0.00173558 0.000437508 8.61854e-05 1.38474e-05 1.85859e-06 2.03726e-07 1.79431e-08 1.25197e-09
 1.79623e-11 1.94963e-09 1.24776e-07 4.70866e-06 0.000104773 0.00137467 0.0106356 0.0485364 0.130844 0.209908 0.207751 0.146878 0.101785 0.0736754 0.0422369 0.0176343 0.00610956 0.00190934 0.00049316 0.000100191 1.66054e-05 2.26187e-06 2.46102e-07 2.11322e-08 1.4214e-09
#obs surv len freq
 1.28447e-11 1.39417e-09 8.92266e-08 3.36714e-06 7.49234e-05 0.000983047 0.00760654 0.0347321 0.0938796 0.152539 0.159738 0.135746 0.124951 0.11202 0.0820635 0.0508582 0.0272842 0.0119572 0.00415016 0.00113387 0.000238266 3.72214e-05 4.18421e-06 3.2825e-07 1.74709e-08
 1.83702e-11 1.99392e-09 1.2761e-07 4.81562e-06 0.000107153 0.00140589 0.0108771 0.0496358 0.133759 0.214117 0.209382 0.140628 0.0878699 0.0622825 0.0424871 0.0256831 0.0134691 0.0057429 0.00192723 0.000505004 0.000100922 1.48746e-05 1.56654e-06 1.1449e-07 5.65305e-09
 1.56273e-11 1.6962e-09 1.08556e-07 4.09658e-06 9.11545e-05 0.00119601 0.00925421 0.0422507 0.114122 0.184687 0.189445 0.149342 0.120414 0.093461 0.0555574 0.0251978 0.0099434 0.00358723 0.00111035 0.000275842 5.23329e-05 7.28289e-06 7.19584e-07 4.90526e-08 2.24839e-09
 1.8094e-11 1.96394e-09 1.25692e-07 4.74321e-06 0.000105543 0.00138477 0.010714 0.0488988 0.131856 0.211641 0.20919 0.145323 0.0954773 0.0674247 0.0424154 0.0220767 0.00943695 0.00311097 0.000766559 0.00014721 2.29319e-05 2.81642e-06 2.55259e-07 1.61462e-08 6.8701e-10
 1.66008e-11 1.80187e-09 1.15319e-07 4.35179e-06 9.68333e-05 0.00127052 0.00983077 0.0448821 0.121202 0.195807 0.198835 0.150517 0.112607 0.0827726 0.0483298 0.0219125 0.00838572 0.00270748 0.000688108 0.00013108 1.82594e-05 1.84291e-06 1.3502e-07 7.13817e-09 2.65102e-10
 7.25659e-12 7.87635e-10 5.04086e-08 1.90228e-06 4.233e-05 0.000555497 0.00430167 0.0197114 0.0541177 0.0938526 0.122377 0.156258 0.188337 0.17004 0.108491 0.0528754 0.0208569 0.00641652 0.0014747 0.000254196 3.30621e-05 3.16046e-06 2.13381e-07 9.88421e-09 3.09345e-10
 1.59888e-11 1.73544e-09 1.11068e-07 4.19136e-06 9.32633e-05 0.00122367 0.00946791 0.043217 0.116586 0.187397 0.186023 0.131168 0.0921363 0.0793922 0.068874 0.0486231 0.0246897 0.00861079 0.00208523 0.000359789 4.45691e-05 3.91978e-06 2.41056e-07 1.02055e-08 2.91803e-10
 1.80016e-11 1.95391e-09 1.2505e-07 4.719e-06 0.000105004 0.00137773 0.0106604 0.0486681 0.131379 0.211715 0.211903 0.151124 0.0998791 0.0659359 0.0369757 0.0177023 0.00805907 0.00326509 0.00100175 0.000211234 2.95435e-05 2.72164e-06 1.65518e-07 6.65092e-09 1.75848e-10
 1.59491e-11 1.73112e-09 1.10792e-07 4.18095e-06 9.30327e-05 0.0012207 0.00944658 0.0431516 0.116769 0.19004 0.197465 0.156661 0.120533 0.0862212 0.0480367 0.0205344 0.00715558 0.00206465 0.00049168 9.5659e-05 1.42193e-05 1.47309e-06 9.99285e-08 4.31164e-09 1.17055e-10
 1.47172e-11 1.59741e-09 1.02234e-07 3.85803e-06 8.58477e-05 0.00112645 0.00871813 0.0398403 0.107981 0.176809 0.187573 0.156519 0.128127 0.0962931 0.0572107 0.0266166 0.00976307 0.00269738 0.000543744 8.11989e-05 9.23542e-06 7.97962e-07 5.02166e-08 2.17027e-09 6.12183e-11
 1.42338e-11 1.54495e-09 9.88767e-08 3.73132e-06 8.30287e-05 0.00108948 0.00843267 0.0385465 0.104578 0.171808 0.184038 0.156439 0.130209 0.0992401 0.0606519 0.0294879 0.0113305 0.00326903 0.000681093 0.000101001 1.05513e-05 7.68744e-07 3.89001e-08 1.3638e-09 3.27511e-11
 1.67367e-11 1.81661e-09 1.16263e-07 4.38743e-06 9.76276e-05 0.001281 0.00991362 0.0452873 0.122529 0.198995 0.204055 0.154008 0.109146 0.0758618 0.0452092 0.0219893 0.00851197 0.00249084 0.000530881 8.07458e-05 8.57142e-06 6.19583e-07 2.99006e-08 9.50844e-10 1.97586e-11
 1.52541e-11 1.65569e-09 1.05964e-07 3.9988e-06 8.89813e-05 0.00116762 0.00903816 0.0413233 0.112167 0.184349 0.196612 0.162628 0.126677 0.0880587 0.0479252 0.0204499 0.00709052 0.0019493 0.000404303 6.08831e-05 6.44336e-06 4.65023e-07 2.23252e-08 6.99309e-10 1.40758e-11
 1.29053e-11 1.40075e-09 8.96482e-08 3.38309e-06 7.52824e-05 0.000987954 0.0076501 0.0350226 0.0955221 0.159693 0.179529 0.165756 0.14484 0.108235 0.0624158 0.0277954 0.00952957 0.00242761 0.000450108 6.0731e-05 5.90868e-06 4.0299e-07 1.86194e-08 5.66164e-10 1.10873e-11
 1.22319e-11 1.32766e-09 8.49704e-08 3.20658e-06 7.13555e-05 0.000936463 0.00725246 0.0332183 0.0907387 0.152364 0.173118 0.162707 0.145573 0.113487 0.070282 0.0339322 0.0123684 0.00325754 0.000605896 7.89329e-05 7.13292e-06 4.41147e-07 1.84107e-08 5.10762e-10 9.26131e-12
 1.36957e-11 1.48654e-09 9.51388e-08 3.59031e-06 7.9894e-05 0.00104849 0.008119 0.0371657 0.101271 0.168372 0.184977 0.161283 0.13296 0.0993136 0.0609033 0.0296911 0.0110994 0.00303709 0.000588873 7.90737e-05 7.19704e-06 4.35767e-07 1.73073e-08 4.46135e-10 7.39603e-12
 1.36003e-11 1.47619e-09 9.44763e-08 3.56533e-06 7.93398e-05 0.00104129 0.00806504 0.0369457 0.100903 0.168891 0.188531 0.167767 0.137559 0.0979349 0.0555913 0.0250094 0.00882007 0.00234197 0.000450297 6.07413e-05 5.58006e-06 3.40036e-07 1.34636e-08 3.41064e-10 5.46414e-12
 1.39941e-11 1.51894e-09 9.72125e-08 3.6686e-06 8.16386e-05 0.00107149 0.00829941 0.0380232 0.103847 0.173622 0.19254 0.168068 0.134333 0.0941422 0.052836 0.0231245 0.00771837 0.00190323 0.000339382 4.30038e-05 3.77628e-06 2.2313e-07 8.63851e-09 2.14588e-10 3.3665e-12
 1.41706e-11 1.53809e-09 9.84384e-08 3.71488e-06 8.267e-05 0.00108508 0.00840597 0.0385274 0.105333 0.176489 0.196182 0.170517 0.133697 0.0909446 0.0493245 0.0208236 0.00669868 0.00158399 0.000267603 3.16682e-05 2.57444e-06 1.40825e-07 5.08047e-09 1.18667e-10 1.7651e-12
 1.41724e-11 1.53828e-09 9.8451e-08 3.71539e-06 8.26832e-05 0.00108533 0.00840958 0.0385653 0.10559 0.177504 0.198382 0.17283 0.134194 0.0894503 0.0472059 0.0192198 0.00591102 0.00132869 0.000212547 2.37135e-05 1.80679e-06 9.19909e-08 3.06985e-09 6.60824e-11 9.05464e-13
 1.43941e-11 1.56235e-09 9.99914e-08 3.77355e-06 8.39794e-05 0.00110241 0.00854323 0.039193 0.107392 0.180727 0.201811 0.174176 0.132474 0.0861974 0.0443462 0.0174923 0.00516534 0.00110549 0.000167142 1.75164e-05 1.24791e-06 5.92089e-08 1.83592e-09 3.66116e-11 4.63325e-13
 1.47715e-11 1.60331e-09 1.02614e-07 3.87254e-06 8.61842e-05 0.00113141 0.0087691 0.0402397 0.110301 0.185573 0.206289 0.175133 0.129351 0.0815344 0.0406537 0.0154913 0.00439823 0.000900681 0.000129531 1.2823e-05 8.57139e-07 3.79468e-08 1.09338e-09 2.02021e-11 2.36386e-13
 1.45528e-11 1.57958e-09 1.01095e-07 3.81531e-06 8.49145e-05 0.00111489 0.0086443 0.039707 0.109126 0.184738 0.207787 0.178583 0.131541 0.0809937 0.0388795 0.0141348 0.0038114 0.000739701 0.000100585 9.38485e-06 5.89094e-07 2.43988e-08 6.55271e-10 1.12465e-11 1.21885e-13
 1.4527e-11 1.57679e-09 1.00917e-07 3.80864e-06 8.47698e-05 0.00111312 0.00863311 0.0396842 0.10924 0.185504 0.209467 0.180025 0.131451 0.0797878 0.0375861 0.0132732 0.00342825 0.000629604 8.03553e-05 7.00406e-06 4.0976e-07 1.5797e-08 3.9445e-10 6.28617e-12 6.31649e-14
 1.44773e-11 1.5714e-09 1.00573e-07 3.79574e-06 8.44874e-05 0.00110957 0.00860878 0.0396076 0.109249 0.18625 0.211432 0.181931 0.131496 0.0782595 0.0359621 0.0123244 0.00307043 0.000540239 6.55243e-05 5.37933e-06 2.94039e-07 1.05294e-08 2.43348e-10 3.58286e-12 3.32334e-14
 1.31939e-11 1.4321e-09 9.16597e-08 3.45953e-06 7.7016e-05 0.00101188 0.00785989 0.0362739 0.100862 0.175344 0.207135 0.188414 0.141983 0.0854495 0.0388523 0.013003 0.00313448 0.000529969 6.14073e-05 4.7877e-06 2.47009e-07 8.29823e-09 1.7892e-10 2.44583e-12 2.09844e-14
 1.33183e-11 1.44561e-09 9.25252e-08 3.49228e-06 7.77492e-05 0.00102163 0.00793725 0.0366421 0.101895 0.176882 0.207692 0.186835 0.139946 0.0849193 0.0392053 0.0132113 0.00315092 0.000518337 5.77198e-05 4.2876e-06 2.09416e-07 6.62708e-09 1.34034e-10 1.71236e-12 1.3684e-14
 1.34505e-11 1.45997e-09 9.34457e-08 3.52716e-06 7.85332e-05 0.00103216 0.00802308 0.0370772 0.103306 0.179808 0.211226 0.188303 0.137914 0.0812993 0.0365323 0.0120535 0.00283046 0.000458931 5.01137e-05 3.61518e-06 1.69595e-07 5.10447e-09 9.74487e-11 1.16868e-12 8.73216e-15
#pred catch len freq
 1.04624e-11 1.1356e-09 7.2678e-08 2.74265e-06 6.10275e-05 0.000800726 0.0061959 0.0282941 0.0765314 0.124853 0.133406 0.12086 0.120312 0.111284 0.0829139 0.0564223 0.038893 0.0268061 0.0188903 0.0139892 0.0110979 0.00954783 0.00842354 0.00656349 0.00385165
 1.29567e-11 1.40633e-09 9.00047e-08 3.3965e-06 7.55765e-05 0.000991611 0.00767261 0.0350301 0.094647 0.153566 0.160168 0.135255 0.123721 0.10824 0.0748213 0.0445298 0.0257172 0.0142283 0.00779943 0.00457474 0.00297496 0.00218072 0.00173753 0.00130158 0.000764201
 1.40775e-11 1.52798e-09 9.77903e-08 3.6903e-06 8.2114e-05 0.00107738 0.00833616 0.0380568 0.102786 0.166462 0.172156 0.141581 0.124784 0.105602 0.0687983 0.0364828 0.0182228 0.00854855 0.00371332 0.00160388 0.000747985 0.000408236 0.000265093 0.000179098 0.000101372
 1.34293e-11 1.45762e-09 9.32877e-08 3.52039e-06 7.83333e-05 0.00102778 0.00795254 0.0363095 0.0981218 0.159349 0.166865 0.142502 0.131502 0.113322 0.0736493 0.0383266 0.0183758 0.00797459 0.00301202 0.00104561 0.000354529 0.000127576 5.55318e-05 2.93093e-05 1.49203e-05
 1.43295e-11 1.55533e-09 9.95406e-08 3.75635e-06 8.35837e-05 0.00109667 0.0084853 0.0387365 0.104606 0.169275 0.174444 0.141882 0.12333 0.103942 0.0680491 0.0363444 0.0178644 0.00776115 0.00283694 0.000905426 0.00025942 6.86287e-05 1.85022e-05 5.96872e-06 2.27844e-06
 1.03182e-11 1.11995e-09 7.16764e-08 2.70485e-06 6.01867e-05 0.000789708 0.00611122 0.027921 0.0757078 0.125004 0.140489 0.144148 0.159059 0.145559 0.0939049 0.0466644 0.0211481 0.00883978 0.00321038 0.00101743 0.00028021 6.62299e-05 1.37229e-05 2.70625e-06 5.92847e-07
 9.82059e-12 1.06593e-09 6.82195e-08 2.57439e-06 5.72839e-05 0.00075162 0.00581645 0.0265735 0.0720446 0.11888 0.133279 0.136181 0.150945 0.142497 0.100845 0.0597506 0.0318163 0.0138898 0.00479225 0.00140591 0.000367985 8.40719e-05 1.62347e-05 2.62446e-06 3.71364e-07
 1.49539e-11 1.6231e-09 1.03878e-07 3.92004e-06 8.72258e-05 0.00114445 0.00885477 0.0404179 0.109074 0.175926 0.178584 0.138362 0.112852 0.0938783 0.06461 0.0385415 0.0214163 0.0103038 0.00411387 0.00136452 0.000367863 8.04865e-05 1.46381e-05 2.21197e-06 2.71739e-07
 1.48757e-11 1.61461e-09 1.03335e-07 3.89955e-06 8.677e-05 0.00113847 0.00880871 0.0402119 0.108576 0.175592 0.180433 0.14533 0.124171 0.101986 0.0627565 0.0294892 0.0127305 0.00543288 0.00216908 0.000776507 0.000236274 5.80169e-05 1.1148e-05 1.65968e-06 1.92216e-07
 1.3918e-11 1.51067e-09 9.66824e-08 3.64849e-06 8.11838e-05 0.00106518 0.00824186 0.0376291 0.10167 0.164963 0.17205 0.145125 0.131644 0.111519 0.0699508 0.0336373 0.0144084 0.00552411 0.00178322 0.000515427 0.000143098 3.63695e-05 7.69587e-06 1.26222e-06 1.54235e-07
 1.34739e-11 1.46246e-09 9.35975e-08 3.53208e-06 7.85935e-05 0.0010312 0.00797901 0.0364313 0.0984639 0.160009 0.16804 0.144683 0.134545 0.115427 0.0731135 0.0357791 0.0156812 0.00610545 0.00195334 0.000522886 0.000122005 2.53311e-05 4.76379e-06 7.8093e-07 1.02061e-07
 1.41339e-11 1.5341e-09 9.8182e-08 3.70508e-06 8.2443e-05 0.0010817 0.00836963 0.0382111 0.103224 0.167337 0.173833 0.14488 0.129532 0.109145 0.0685969 0.0332621 0.0144343 0.00559639 0.00179388 0.000481249 0.000110415 2.12947e-05 3.44054e-06 4.72838e-07 5.52082e-08
 1.53203e-11 1.66287e-09 1.06424e-07 4.0161e-06 8.93633e-05 0.00117249 0.00907188 0.0414112 0.111787 0.180557 0.184471 0.145848 0.121465 0.0985039 0.060275 0.0279227 0.0114173 0.00423907 0.0013218 0.000347106 7.85679e-05 1.50039e-05 2.35842e-06 3.00228e-07 3.06422e-08
 1.43801e-11 1.56082e-09 9.98921e-08 3.76962e-06 8.3879e-05 0.00110054 0.00851541 0.0388766 0.105021 0.170244 0.176819 0.147227 0.131144 0.10917 0.0660824 0.0292429 0.0111181 0.00386348 0.00113567 0.000279997 5.99907e-05 1.10409e-05 1.69558e-06 2.11495e-07 2.0799e-08
 1.24693e-11 1.35342e-09 8.6619e-08 3.26873e-06 7.27338e-05 0.000954322 0.00738447 0.0337234 0.0912385 0.149019 0.159998 0.146529 0.145473 0.127282 0.0793246 0.0368122 0.0148863 0.00532585 0.00153294 0.000356048 7.07324e-05 1.20989e-05 1.74405e-06 2.07458e-07 1.97461e-08
 1.31165e-11 1.42367e-09 9.11146e-08 3.43838e-06 7.65086e-05 0.00100384 0.00776745 0.0354674 0.095887 0.156049 0.164944 0.144696 0.137463 0.119044 0.0756989 0.0371481 0.0162047 0.00614562 0.00184833 0.000445802 8.9548e-05 1.48183e-05 1.99708e-06 2.19803e-07 1.9516e-08
 1.41258e-11 1.53322e-09 9.81257e-08 3.70296e-06 8.23957e-05 0.00108108 0.00836486 0.0381898 0.103173 0.167305 0.174039 0.14564 0.130762 0.11002 0.0683834 0.0322718 0.0135013 0.00508395 0.00158566 0.000408292 8.76836e-05 1.52491e-05 2.10278e-06 2.28107e-07 1.92551e-08
 1.4059e-11 1.52597e-09 9.76616e-08 3.68545e-06 8.20061e-05 0.00107597 0.00832537 0.0380108 0.102707 0.166697 0.174088 0.147373 0.133952 0.112478 0.0681928 0.0301416 0.011423 0.00394824 0.00115036 0.000279873 5.89191e-05 1.05396e-05 1.53482e-06 1.75339e-07 1.5243e-08
 1.43755e-11 1.56032e-09 9.98602e-08 3.76841e-06 8.38521e-05 0.00110019 0.00851265 0.0388633 0.104975 0.170094 0.176312 0.145943 0.129234 0.107966 0.0667598 0.0311576 0.0127243 0.00457735 0.00131639 0.000303914 5.97559e-05 1.00758e-05 1.42336e-06 1.64035e-07 1.48178e-08
 1.44633e-11 1.56985e-09 1.0047e-07 3.79143e-06 8.43642e-05 0.00110691 0.00856464 0.0391008 0.105618 0.171145 0.177443 0.146959 0.130067 0.108089 0.0656534 0.0293552 0.0113325 0.00397279 0.0011613 0.000278037 5.56549e-05 9.15389e-06 1.22074e-06 1.32293e-07 1.14917e-08
 1.50569e-11 1.63428e-09 1.04594e-07 3.94704e-06 8.78267e-05 0.00115233 0.00891599 0.0407017 0.109901 0.177745 0.1827 0.147264 0.12576 0.102598 0.061595 0.0269604 0.0100404 0.00337562 0.000938347 0.000211975 4.08548e-05 6.70836e-06 9.03902e-07 9.6923e-08 8.08817e-09
 1.51714e-11 1.64671e-09 1.05389e-07 3.97705e-06 8.84945e-05 0.0011611 0.00898377 0.0410108 0.11073 0.179045 0.183837 0.147662 0.125447 0.101881 0.0606675 0.0260211 0.00936933 0.00305076 0.000823892 0.000178939 3.26737e-05 5.0551e-06 6.48701e-07 6.78968e-08 5.63317e-09
 1.52194e-11 1.65192e-09 1.05723e-07 3.98965e-06 8.87747e-05 0.00116477 0.0090122 0.0411403 0.111076 0.179571 0.184228 0.147591 0.124954 0.101347 0.0603936 0.0259744 0.00938355 0.00304977 0.000813575 0.00017233 3.03902e-05 4.51124e-06 5.50389e-07 5.44061e-08 4.28723e-09
 1.52909e-11 1.65968e-09 1.06219e-07 4.00838e-06 8.91917e-05 0.00117024 0.00905451 0.0413331 0.111591 0.180364 0.184852 0.147602 0.124395 0.100654 0.0599034 0.0257116 0.00926198 0.00300589 0.000802642 0.000170203 2.98781e-05 4.36339e-06 5.16818e-07 4.90521e-08 3.68075e-09
 1.52686e-11 1.65726e-09 1.06065e-07 4.00255e-06 8.90618e-05 0.00116854 0.00904134 0.0412733 0.111434 0.180148 0.184802 0.147996 0.125175 0.101269 0.0598817 0.0252284 0.00880299 0.00277609 0.00072747 0.000151797 2.62697e-05 3.80025e-06 4.4644e-07 4.17702e-08 3.05657e-09
 1.51993e-11 1.64974e-09 1.05583e-07 3.98439e-06 8.86578e-05 0.00116324 0.00900036 0.0410867 0.110938 0.179406 0.184323 0.148332 0.126246 0.102295 0.0602159 0.0250007 0.00848701 0.00259628 0.000659593 0.00013212 2.18211e-05 3.03887e-06 3.47848e-07 3.1979e-08 2.30928e-09
 1.52179e-11 1.65175e-09 1.05712e-07 3.98924e-06 8.87658e-05 0.00116466 0.00901131 0.0411364 0.111068 0.179587 0.184368 0.148012 0.125611 0.1018 0.0602473 0.0254061 0.00885727 0.00276697 0.000705673 0.000139756 2.25309e-05 3.03059e-06 3.32557e-07 2.9305e-08 2.04525e-09
 1.43304e-11 1.55542e-09 9.95469e-08 3.75659e-06 8.35891e-05 0.00109674 0.00848601 0.0387431 0.10467 0.16975 0.17666 0.147977 0.132703 0.110484 0.0662334 0.0284779 0.0102502 0.00330452 0.000866402 0.000177264 2.95112e-05 4.0309e-06 4.39195e-07 3.77382e-08 2.53923e-09
#obs catch len freq
 1.08919e-11 1.18221e-09 7.56613e-08 2.85523e-06 6.35328e-05 0.000833607 0.00645069 0.0294651 0.0797867 0.130771 0.142113 0.133668 0.137353 0.129014 0.096116 0.0602942 0.0327046 0.0144933 0.00509852 0.00141537 0.000302658 4.8139e-05 5.50745e-06 4.3925e-07 2.37386e-08
 1.11542e-11 1.21068e-09 7.74833e-08 2.92398e-06 6.50628e-05 0.000853685 0.00660616 0.0301768 0.0817262 0.133983 0.145465 0.13572 0.137195 0.127016 0.0935455 0.0578228 0.030673 0.0132023 0.00447753 0.00118797 0.000240793 3.60461e-05 3.85866e-06 2.8662e-07 1.43732e-08
 1.72163e-11 1.86867e-09 1.19595e-07 4.51313e-06 0.000100423 0.0013176 0.0101943 0.0465267 0.125465 0.20146 0.199668 0.140677 0.0963286 0.0725828 0.050274 0.0303207 0.0156997 0.00656408 0.00214894 0.000545937 0.00010507 1.4818e-05 1.4842e-06 1.02597e-07 4.7687e-09
 1.44176e-11 1.56489e-09 1.00153e-07 3.77947e-06 8.40985e-05 0.00110344 0.00853856 0.038995 0.10547 0.171694 0.180277 0.151456 0.131346 0.104558 0.0620983 0.0280154 0.0109581 0.00388696 0.00117345 0.000282251 5.14912e-05 6.84677e-06 6.4257e-07 4.1386e-08 1.78418e-09
 1.71899e-11 1.86581e-09 1.19411e-07 4.50622e-06 0.000100269 0.00131559 0.0101792 0.0464656 0.125387 0.2019 0.202177 0.146464 0.103113 0.0756674 0.0478342 0.0246995 0.0103757 0.00334033 0.000801643 0.000149371 2.2411e-05 2.62905e-06 2.26057e-07 1.34944e-08 5.39527e-10
 1.57459e-11 1.70906e-09 1.0938e-07 4.12767e-06 9.18465e-05 0.0012051 0.00932513 0.0425838 0.115114 0.186768 0.192762 0.152556 0.120515 0.0903167 0.0525722 0.0236284 0.00890902 0.0028104 0.00069325 0.00012747 1.70537e-05 1.64496e-06 1.14506e-07 5.71462e-09 1.99235e-10
 6.58022e-12 7.14222e-10 4.57103e-08 1.72499e-06 3.83853e-05 0.000503764 0.00390214 0.0179013 0.0493787 0.087119 0.118773 0.159528 0.195248 0.175229 0.110689 0.053272 0.0206045 0.00617455 0.00137669 0.000229129 2.8591e-05 2.6058e-06 1.66901e-07 7.30204e-09 2.14899e-10
 1.53278e-11 1.66369e-09 1.06476e-07 4.01808e-06 8.94079e-05 0.0011731 0.00907695 0.0414388 0.11186 0.180252 0.180652 0.131247 0.0969151 0.0857643 0.0740693 0.0512228 0.0252985 0.00855717 0.00200421 0.000332973 3.95059e-05 3.3108e-06 1.93057e-07 7.71302e-09 2.07244e-10
 1.75356e-11 1.90333e-09 1.21813e-07 4.59684e-06 0.000102286 0.00134209 0.010385 0.0474194 0.128097 0.206969 0.209066 0.152787 0.104227 0.0695514 0.038848 0.0184768 0.00828297 0.0032575 0.000961035 0.000193899 2.58612e-05 2.26451e-06 1.3042e-07 4.94354e-09 1.2283e-10
 1.55211e-11 1.68467e-09 1.07819e-07 4.06876e-06 9.05366e-05 0.00118797 0.00919394 0.0420088 0.113792 0.185872 0.195383 0.158902 0.124853 0.0892471 0.0491598 0.0206972 0.00706456 0.00198594 0.00045833 8.56549e-05 1.21169e-05 1.18762e-06 7.59753e-08 3.08423e-09 7.8604e-11
 1.43443e-11 1.55694e-09 9.96442e-08 3.76029e-06 8.36733e-05 0.00109794 0.00849825 0.038848 0.105415 0.173305 0.186066 0.158817 0.131997 0.0988173 0.0579845 0.0264914 0.00946841 0.00253407 0.00049309 7.0783e-05 7.69018e-06 6.29913e-07 3.73296e-08 1.51238e-09 3.98895e-11
 1.39341e-11 1.51241e-09 9.67943e-08 3.65275e-06 8.12808e-05 0.00106658 0.00825615 0.0377526 0.102547 0.169141 0.183192 0.158716 0.133473 0.101108 0.0609786 0.0290774 0.0108706 0.00303252 0.000608004 8.63376e-05 8.5941e-06 5.93831e-07 2.83581e-08 9.33244e-10 2.09329e-11
 1.65383e-11 1.79507e-09 1.14885e-07 4.33542e-06 9.64707e-05 0.00126585 0.00979693 0.0447641 0.121204 0.197312 0.203689 0.155726 0.111363 0.0769927 0.04526 0.0215698 0.00811614 0.00229411 0.000469807 6.82802e-05 6.88983e-06 4.71318e-07 2.14431e-08 6.40557e-10 1.24603e-11
 1.51064e-11 1.63966e-09 1.04938e-07 3.96009e-06 8.81204e-05 0.00115636 0.00895184 0.0409418 0.111246 0.183401 0.197081 0.164733 0.128405 0.0881883 0.0472155 0.0197473 0.00666265 0.00176915 0.000352203 5.06055e-05 5.08224e-06 3.46468e-07 1.5652e-08 4.59867e-10 8.65857e-12
 1.28063e-11 1.39e-09 8.89604e-08 3.35715e-06 7.47061e-05 0.000980434 0.00759297 0.0347773 0.0949895 0.159436 0.180751 0.16823 0.146357 0.107797 0.0610376 0.0265437 0.00882289 0.00216725 0.000385723 4.96752e-05 4.58416e-06 2.94936e-07 1.28007e-08 3.64447e-10 6.66536e-12
 1.21953e-11 1.32368e-09 8.4716e-08 3.19699e-06 7.11432e-05 0.000933723 0.00723238 0.0331425 0.0906611 0.152802 0.174859 0.165196 0.146828 0.112759 0.0684895 0.0322104 0.011354 0.00287657 0.000512278 6.35754e-05 5.44531e-06 3.17702e-07 1.24534e-08 3.23234e-10 5.46599e-12
 1.37128e-11 1.4884e-09 9.52578e-08 3.59481e-06 7.99953e-05 0.00104986 0.00813069 0.0372336 0.101566 0.169318 0.186921 0.163406 0.133636 0.0982378 0.059047 0.0280259 0.0101237 0.00266048 0.000492734 6.28698e-05 5.41236e-06 3.08741e-07 1.15116e-08 2.77665e-10 4.29451e-12
 1.36522e-11 1.48183e-09 9.48375e-08 3.57898e-06 7.96448e-05 0.00104535 0.00809771 0.0371117 0.101475 0.170306 0.190882 0.169824 0.137628 0.0961968 0.0534747 0.023429 0.00798573 0.00203545 0.00037338 4.77758e-05 4.14284e-06 2.37357e-07 8.80768e-09 2.08544e-10 3.11567e-12
 1.40816e-11 1.52843e-09 9.78204e-08 3.69156e-06 8.2151e-05 0.00107827 0.00835322 0.038286 0.104677 0.175413 0.195109 0.169983 0.134068 0.0920956 0.0505073 0.0214763 0.00691682 0.00163627 0.000278317 3.34349e-05 2.76814e-06 1.53529e-07 5.56037e-09 1.28874e-10 1.88252e-12
 1.42911e-11 1.55116e-09 9.92756e-08 3.7465e-06 8.33754e-05 0.0010944 0.00847958 0.0388816 0.106413 0.178662 0.198995 0.172271 0.132987 0.0885256 0.0468611 0.0192 0.00595173 0.00134795 0.000216905 2.43139e-05 1.86264e-06 9.55855e-08 3.22298e-09 7.01482e-11 9.70043e-13
 1.43243e-11 1.55478e-09 9.95072e-08 3.75528e-06 8.35729e-05 0.00109708 0.00850214 0.0390074 0.106909 0.180048 0.201441 0.174455 0.133092 0.0866761 0.044578 0.0175903 0.00520701 0.00111981 0.000170431 1.79912e-05 1.29053e-06 6.15994e-08 1.92045e-09 3.85083e-11 4.90309e-13
 1.45682e-11 1.58125e-09 1.01202e-07 3.81925e-06 8.49988e-05 0.00111587 0.00864918 0.0396971 0.10888 0.183517 0.204992 0.175641 0.131069 0.0832061 0.0416572 0.0159025 0.00451404 0.000923234 0.000132666 1.31429e-05 8.80795e-07 3.91505e-08 1.13342e-09 2.10445e-11 2.47401e-13
 1.49677e-11 1.62461e-09 1.03977e-07 3.92404e-06 8.73329e-05 0.00114658 0.00888836 0.0408051 0.111952 0.188586 0.20954 0.176378 0.127624 0.0783658 0.0379694 0.0139846 0.00381212 0.000745113 0.000101728 9.51043e-06 5.97536e-07 2.4767e-08 6.65943e-10 1.14513e-11 1.24426e-13
 1.47709e-11 1.60326e-09 1.02611e-07 3.87256e-06 8.61919e-05 0.00113177 0.00877705 0.0403365 0.110958 0.18804 0.211224 0.179679 0.129439 0.0775395 0.0361287 0.0126828 0.00328021 0.000606987 7.8274e-05 6.89029e-06 4.06189e-07 1.57395e-08 3.94247e-10 6.29474e-12 6.33297e-14
 1.47629e-11 1.6024e-09 1.02557e-07 3.87059e-06 8.61523e-05 0.00113139 0.00877688 0.0403654 0.111215 0.18902 0.213016 0.181005 0.129117 0.0761514 0.0347664 0.011837 0.00292897 0.000512423 6.19741e-05 5.09284e-06 2.79615e-07 1.00781e-08 2.34559e-10 3.47557e-12 3.24062e-14
 1.47259e-11 1.59839e-09 1.02301e-07 3.86103e-06 8.59451e-05 0.00112885 0.00876062 0.0403278 0.111334 0.189933 0.215058 0.182778 0.128935 0.0744883 0.0331345 0.0109347 0.00260674 0.000436408 5.01073e-05 3.87537e-06 1.98695e-07 6.64953e-09 1.43189e-10 1.95943e-12 1.68582e-14
 1.3464e-11 1.46142e-09 9.35375e-08 3.53051e-06 7.86018e-05 0.00103289 0.00802586 0.0370652 0.10317 0.179451 0.211187 0.189333 0.13908 0.0812215 0.0357242 0.0115014 0.00265013 0.00042589 4.66671e-05 3.42457e-06 1.65604e-07 5.19665e-09 1.04364e-10 1.32574e-12 1.05493e-14
 1.36004e-11 1.47624e-09 9.44872e-08 3.56645e-06 7.94064e-05 0.00104358 0.00811073 0.0374681 0.104293 0.181108 0.211814 0.187788 0.137055 0.0805904 0.035919 0.0116213 0.00264574 0.000413283 4.34853e-05 3.03797e-06 1.38981e-07 4.10565e-09 7.73062e-11 9.17432e-13 6.79801e-15
#spawning biomass
 4168.88 5363.82 8332.25 14573.1 25668.3 32047.6 27440.7 30896.9 50822.1 78131 98452.6 112697 138385 169523 175333 150724 139748 125605 140950 143519 141970 148596 162067 177127 178720 166865 166124 172185 195741 164566 64420.8 25128.2 15872.5 14004.9 13655.4 13593.2 13582.5 13580.7 13580.4 13580.3 13580.3 13580.3 13580.3 13580.3 13580.3 13580.3 13580.3 13580.3 13580.3 13580.3 13580.3 13580.3 13580.3 13580.3 13580.3 13580.3 13580.3 13580.3 13580.3 13580.3 13580.3 13580.3 13580.3 13580.3 13580.3 13580.3 13580.3 13580.3 13580.3 13580.3 13580.3 13580.3 13580.3 13580.3 13580.3 13580.3 13580.3 13580.3 13580.3 13580.3 13580.3 13580.3 13580.3 13580.3 13580.3 13580.3 13580.3 13580.3 13580.3 13580.3 13580.3 13580.3 13580.3 13580.3 13580.3 13580.3 13580.3 13580.3 13580.3 13580.3 13580.3 13580.3 13580.3 13580.3 13580.3 13580.3 13580.3 13580.3 13580.3 13580.3 13580.3 13580.3 13580.3 13580.3 13580.3 13580.3 13580.3 13580.3 13580.3 13580.3 13580.3 13580.3 13580.3 13580.3 13580.3 13580.3 13580.3 13580.3 0 0 0 0 0 0 0 0 0 0 0 0 0 0 0 0 0 0 0 0 0 0 0 0 0
