SBPRF35
0.18548
Curr Bio
153499
B35
183955
F35
0.867943
FOFL
0.68986
OFL
35083.4
Bzero
52994.1
#pred survey bio
 16608.5 13786.4 14718.8 16571 19209 22667.7 27523.7 30972.3 39927 52335.4 61215.9 76895.9 104322 133808 125571 104231 100628 91922.2 89236.5 83481.1 85908.5 91720.5 94789 93886.1 114609 121053 107232 98986.5 3.29363e+06 2.7254e+06 1.61516e+06 940439 633455 498338 435564 403699 386140 375908 369762 366016 363722 362316 361450 360913 360591 360397 360281 360211 360169 360143 360128 360118 360113 360109 360107 360106 360105 360105 360105 360104 360104 360104 360104 360104 360104 360104 360104 360104 360104 360104 360104 360104 360104 360104 360104 360104 360104 360104 360104 360104 360104 360104 360104 360104 360104 360104 360104 360104 360104 360104 360104 360104 360104 360104 360104 360104 360104 360104 360104 360104 360104 360104 360104 360104 360104 360104 360104 360104 360104 360104 360104 360104 360104 360104 360104 360104 360104 360104 360104 360104 360104 360104 360104 360104 360104 360104 360104 360104 0 0 0 0 0 0 0 0 0 0 0 0 0 0 0 0 0 0 0 0 0 0 0 0 0
#obs survey bio
 16149.1 9489.93 12594.1 14826.3 23723.9 19446.5 33266.9 33160.2 44511 40155.1 52764.5 64381 179274 101015 103538 82504 92013.5 80860.9 108126 91998.4 82370.7 106017 108012 101758 175702 123595 114150 93464.9
#pred catch bio
 8784.29 6677.67 7419.37 8863.14 10949.5 12313.4 17611.5 20731.1 27460.7 38506.2 45421.4 59349 77321 106123 104236 86467.5 90768.8 80778.1 80604.9 74530.5 77136.3 83955.2 90675.2 83578 107143 121187 107104 98897.3 35083.4 62957.2 30294 15210.2 9533.97 7636.75 7049.07 6876.22 6827.21 6813.68 6810.01 6809.04 6808.78 6808.71 6808.7 6808.69 6808.69 6808.69 6808.69 6808.69 6808.69 6808.69 6808.69 6808.69 6808.69 6808.69 6808.69 6808.69 6808.69 6808.69 6808.69 6808.69 6808.69 6808.69 6808.69 6808.69 6808.69 6808.69 6808.69 6808.69 6808.69 6808.69 6808.69 6808.69 6808.69 6808.69 6808.69 6808.69 6808.69 6808.69 6808.69 6808.69 6808.69 6808.69 6808.69 6808.69 6808.69 6808.69 6808.69 6808.69 6808.69 6808.69 6808.69 6808.69 6808.69 6808.69 6808.69 6808.69 6808.69 6808.69 6808.69 6808.69 6808.69 6808.69 6808.69 6808.69 6808.69 6808.69 6808.69 6808.69 6808.69 6808.69 6808.69 6808.69 6808.69 6808.69 6808.69 6808.69 6808.69 6808.69 6808.69 6808.69 6808.69 6808.69 6808.69 6808.69 6808.69 6808.69 6808.69 6808.69 0 0 0 0 0 0 0 0 0 0 0 0 0 0 0 0 0 0 0 0 0 0 0 0 0
#obs catch bio
 7657.71 6773.97 7549.13 9027.15 11004.3 12321.8 17717 20538.6 27125.7 38434.6 45854.2 59900.8 74185.2 105798 107442 88770.6 91460.5 81496.1 79583.9 73436.1 75481.4 82317.8 87374.1 81094.2 101763 117299 107161 99234
#pred cpue bio
 16382 13135.7 13904.3 15644 17801.4 21155.1 25736.7 28102 35610.8 47329.9 55468.2 67515.6 91062.7 122634 117824 95545.7 90588.8 82605.1 80510.2 74438.4 75924.3 80694.3 83908.3 81209.9 99514.1 106744 93714 86706.4 2.84573e+06 2.93081e+06 1.61515e+06 930680 623304 488172 425397 393532 375973 365742 359595 355849 353555 352149 351283 350746 350424 350230 350114 350044 350002 349976 349961 349951 349946 349942 349940 349939 349938 349938 349938 349938 349937 349937 349937 349937 349937 349937 349937 349937 349937 349937 349937 349937 349937 349937 349937 349937 349937 349937 349937 349937 349937 349937 349937 349937 349937 349937 349937 349937 349937 349937 349937 349937 349937 349937 349937 349937 349937 349937 349937 349937 349937 349937 349937 349937 349937 349937 349937 349937 349937 349937 349937 349937 349937 349937 349937 349937 349937 349937 349937 349937 349937 349937 349937 349937 349937 349937 349937 349937 0 0 0 0 0 0 0 0 0 0 0 0 0 0 0 0 0 0 0 0 0 0 0 0 0
#obs cpue bio
 10050 13027.2 10454.5 16196.8 15610.6 21127.2 24381 32707 35831.7 57642.3 48010 82339 128507 117156 80057.9 87145.7 94687.9 76594.1 95560 84158.9 110147 96720.8 148473 108526 170486 146925 76922.3 95722.8
#pred surv len freq
 2.56013e-27 2.58e-27 2.56488e-26 4.87085e-20 1.19403e-14 3.53813e-10 1.2673e-06 0.000548691 0.0287165 0.181669 0.139401 0.0429089 0.228661 0.211084 0.0450278 0.0499206 0.0207466 0.0150752 0.0091313 0.00688231 0.00538616 0.00466571 0.00470332 0.00418928 0.00128127
 2.56236e-27 2.58637e-27 3.15081e-26 6.107e-20 1.49706e-14 4.43605e-10 1.58892e-06 0.00068794 0.0360043 0.227774 0.174548 0.0393042 0.176538 0.163758 0.0508568 0.0750127 0.0265539 0.0127951 0.00586465 0.00338304 0.00216362 0.00160557 0.00143601 0.00128228 0.000430207
 2.56324e-27 2.58856e-27 3.32151e-26 6.46701e-20 1.58531e-14 4.69756e-10 1.68259e-06 0.000728496 0.0381268 0.241201 0.18483 0.041088 0.182888 0.169033 0.0411461 0.0517178 0.0222646 0.0163983 0.00591344 0.00223056 0.000985173 0.000560701 0.00041562 0.000349614 0.000121622
 2.56339e-27 2.58886e-27 3.33729e-26 6.50026e-20 1.59346e-14 4.72171e-10 1.69124e-06 0.000732241 0.0383229 0.242441 0.185789 0.0418703 0.188168 0.173838 0.0408545 0.0496539 0.0187301 0.0108596 0.00520826 0.00237993 0.000669025 0.00023507 0.000124649 9.05272e-05 3.12342e-05
 2.56459e-27 2.59203e-27 3.60974e-26 7.07498e-20 1.73435e-14 5.13918e-10 1.84077e-06 0.000796981 0.0417111 0.263876 0.202154 0.0416845 0.175257 0.161838 0.0371952 0.0442837 0.0164019 0.00893882 0.00353152 0.00154551 0.000574915 0.000140514 4.04404e-05 2.13769e-05 6.93446e-06
 2.56434e-27 2.5912e-27 3.52267e-26 6.89125e-20 1.68931e-14 5.00572e-10 1.79297e-06 0.000776286 0.040628 0.257024 0.196943 0.0430352 0.189197 0.174485 0.0355369 0.0372757 0.0136317 0.00719665 0.00274361 0.00105869 0.000343188 9.87141e-05 1.87931e-05 5.17166e-06 1.41712e-06
 2.56413e-27 2.59071e-27 3.48545e-26 6.81276e-20 1.67007e-14 4.9487e-10 1.77254e-06 0.000767443 0.0401652 0.254097 0.1947 0.0425758 0.187277 0.172877 0.0382268 0.0437841 0.0151212 0.00667632 0.00246608 0.000915615 0.000266295 6.7379e-05 1.29973e-05 1.89974e-06 3.36866e-07
 2.56592e-27 2.59543e-27 3.89012e-26 7.6664e-20 1.87932e-14 5.56878e-10 1.99464e-06 0.000863604 0.0451979 0.285935 0.219009 0.0424572 0.169295 0.156037 0.0307924 0.0310595 0.0111376 0.00552972 0.00187086 0.000601689 0.000166244 3.77728e-05 6.47728e-06 7.51112e-07 6.95206e-08
 2.56686e-27 2.59784e-27 4.08985e-26 8.08769e-20 1.9826e-14 5.8748e-10 2.10425e-06 0.000911061 0.0476817 0.301647 0.231015 0.0429182 0.164368 0.151285 0.026252 0.0218391 0.00739958 0.00309521 0.0011011 0.00037332 8.91967e-05 1.83755e-05 2.79577e-06 2.77066e-07 1.61846e-08
 2.56625e-27 2.59613e-27 3.93326e-26 7.75734e-20 1.90162e-14 5.63483e-10 2.0183e-06 0.000873848 0.0457341 0.289326 0.221621 0.0438273 0.177887 0.16368 0.0270148 0.0204295 0.00652725 0.00213077 0.000676975 0.00020584 5.21617e-05 9.80181e-06 1.30283e-06 1.11823e-07 5.05265e-09
 2.56617e-27 2.59589e-27 3.91058e-26 7.70949e-20 1.88989e-14 5.60008e-10 2.00585e-06 0.000868458 0.0454519 0.287542 0.220261 0.0439891 0.180073 0.165685 0.0271301 0.0201788 0.0063103 0.00183214 0.000518649 0.000124929 2.73607e-05 5.11019e-06 6.32429e-07 4.6632e-08 1.76184e-09
 2.56758e-27 2.59975e-27 4.25273e-26 8.43129e-20 2.06683e-14 6.12438e-10 2.19365e-06 0.000949767 0.0497074 0.314463 0.2408 0.042912 0.157446 0.144819 0.0237035 0.0176135 0.00548989 0.00156122 0.0004237 8.93948e-05 1.57451e-05 2.40825e-06 2.81622e-07 1.90917e-08 6.13974e-10
 2.56788e-27 2.60048e-27 4.31129e-26 8.55479e-20 2.0971e-14 6.21409e-10 2.22578e-06 0.000963679 0.0504355 0.319069 0.244323 0.0432712 0.157704 0.144933 0.0214705 0.0124879 0.00387184 0.00109959 0.000296463 6.06802e-05 9.64063e-06 1.18631e-06 1.10021e-07 6.80073e-09 1.97175e-10
 2.56568e-27 2.59449e-27 3.77946e-26 7.43286e-20 1.82208e-14 5.39914e-10 1.93388e-06 0.000837296 0.0438211 0.277224 0.212398 0.0449636 0.193014 0.177501 0.0269675 0.0168152 0.00501693 0.00108939 0.000281868 5.74724e-05 8.93923e-06 1.0065e-06 7.45863e-08 3.62357e-09 9.34517e-11
 2.56439e-27 2.59102e-27 3.4756e-26 6.79183e-20 1.66494e-14 4.9335e-10 1.7671e-06 0.000765086 0.0400418 0.253316 0.194152 0.0456056 0.210718 0.193901 0.0310028 0.0218939 0.00661399 0.00154159 0.000374479 6.06344e-05 9.04443e-06 9.99533e-07 6.76943e-08 2.61474e-09 5.31371e-11
 2.56561e-27 2.59436e-27 3.7734e-26 7.42009e-20 1.81895e-14 5.38986e-10 1.93056e-06 0.000835858 0.0437458 0.276748 0.212028 0.0445569 0.190179 0.174978 0.0282055 0.0202863 0.00625749 0.00167343 0.000422674 7.121e-05 9.11538e-06 8.70126e-07 5.69766e-08 1.99391e-09 3.21978e-11
 2.56653e-27 2.59682e-27 3.98729e-26 7.87128e-20 1.92955e-14 5.7176e-10 2.04795e-06 0.000886684 0.0464058 0.293576 0.224872 0.0442208 0.178597 0.164218 0.0249882 0.0156558 0.00483172 0.00132107 0.000347849 6.62714e-05 8.92423e-06 7.93707e-07 4.36945e-08 1.42637e-09 2.06322e-11
 2.56669e-27 2.59717e-27 4.0102e-26 7.91959e-20 1.94139e-14 5.75269e-10 2.06052e-06 0.000892125 0.0466906 0.295378 0.226257 0.044795 0.181993 0.167205 0.0228498 0.0100183 0.00299274 0.000702766 0.000182103 3.57553e-05 5.26328e-06 5.12999e-07 2.72623e-08 7.59926e-10 9.94975e-12
 2.56649e-27 2.59664e-27 3.96503e-26 7.8243e-20 1.91803e-14 5.68347e-10 2.03572e-06 0.000881391 0.0461288 0.291824 0.223544 0.0448232 0.184115 0.169195 0.0237881 0.0116486 0.0033504 0.00054842 0.000126539 2.18299e-05 3.20777e-06 3.35074e-07 1.96722e-08 5.41055e-10 6.18116e-12
 2.56703e-27 2.5981e-27 4.09344e-26 8.09519e-20 1.98444e-14 5.88025e-10 2.10621e-06 0.000911907 0.0477259 0.301927 0.231253 0.0444751 0.176049 0.161741 0.0222695 0.0100647 0.00291884 0.000529897 0.000115633 1.43224e-05 1.7851e-06 1.74302e-07 1.07991e-08 3.25382e-10 3.71705e-12
 2.56741e-27 2.59914e-27 4.1862e-26 8.29088e-20 2.03241e-14 6.02239e-10 2.15712e-06 0.000933951 0.0488796 0.309226 0.236822 0.0441673 0.169794 0.155977 0.0213875 0.00950307 0.00273304 0.000459484 0.000100553 1.33671e-05 1.39511e-06 1.02051e-07 5.65098e-09 1.75619e-10 2.17129e-12
 2.56761e-27 2.59967e-27 4.23233e-26 8.3882e-20 2.05627e-14 6.09308e-10 2.18244e-06 0.000944913 0.0494534 0.312856 0.239592 0.0440808 0.16719 0.153561 0.0207308 0.00861399 0.00246823 0.000408102 8.76028e-05 1.09327e-05 1.16971e-06 8.07442e-08 3.34567e-09 8.8281e-11 1.10016e-12
 2.56736e-27 2.59899e-27 4.17009e-26 8.25688e-20 2.02407e-14 5.99769e-10 2.14827e-06 0.00093012 0.0486791 0.307958 0.235857 0.0444098 0.172318 0.158259 0.0209552 0.00794234 0.0022555 0.000350215 7.37529e-05 9.02934e-06 9.27884e-07 6.23076e-08 2.49793e-09 5.16533e-11 5.30501e-13
 2.5683e-27 2.60155e-27 4.39707e-26 8.73572e-20 2.14146e-14 6.34552e-10 2.27286e-06 0.000984061 0.0515022 0.325817 0.249483 0.0437029 0.157365 0.144466 0.0186104 0.0060676 0.00170081 0.00024281 4.93806e-05 5.70666e-06 5.71474e-07 3.71157e-08 1.42991e-09 2.82737e-11 2.37241e-13
 2.56814e-27 2.60112e-27 4.36085e-26 8.65932e-20 2.12273e-14 6.29002e-10 2.25298e-06 0.000975454 0.0510517 0.322967 0.247307 0.0436923 0.158813 0.145833 0.0194036 0.00753016 0.00210428 0.000263409 5.06265e-05 5.40308e-06 5.12694e-07 3.16468e-08 1.17833e-09 2.23496e-11 1.7723e-13
 2.56754e-27 2.59945e-27 4.20976e-26 8.34057e-20 2.04459e-14 6.05849e-10 2.17005e-06 0.000939548 0.0491726 0.311079 0.23824 0.0444008 0.170574 0.156624 0.0201857 0.00659934 0.00185333 0.000269978 5.3381e-05 5.04238e-06 4.40811e-07 2.51051e-08 8.80731e-10 1.60025e-11 1.21658e-13
 2.56792e-27 2.60047e-27 4.29869e-26 8.52817e-20 2.09058e-14 6.19475e-10 2.21886e-06 0.00096068 0.0502785 0.318076 0.24358 0.0442403 0.165601 0.152009 0.0188989 0.00482673 0.00132407 0.000166129 3.20651e-05 3.45638e-06 2.99633e-07 1.51032e-08 4.83192e-10 8.1704e-12 5.90764e-14
 2.56783e-27 2.60022e-27 4.27625e-26 8.48084e-20 2.07898e-14 6.16038e-10 2.20654e-06 0.000955349 0.0499995 0.316311 0.242234 0.0443391 0.167299 0.153569 0.019053 0.00478439 0.00129471 0.000132933 2.31268e-05 2.18496e-06 1.92292e-07 1.0533e-08 3.1e-10 4.68809e-12 3.12515e-14
#obs surv len freq
 1.24675e-41 1.73041e-33 2.90312e-26 5.88747e-20 1.44324e-14 4.2766e-10 1.53181e-06 0.00066322 0.0347103 0.219588 0.168406 0.0416467 0.16983 0.142227 0.0894291 0.0848196 0.0336604 0.0122298 0.00249525 0.000280307 1.27866e-05 1.73861e-07 5.33603e-10 3.01811e-13 2.75263e-17
 1.55839e-41 2.16295e-33 3.62879e-26 7.35911e-20 1.804e-14 5.34558e-10 1.9147e-06 0.000828999 0.0433865 0.274476 0.210355 0.0426846 0.142326 0.113392 0.0740641 0.0645739 0.0243577 0.00797196 0.00143872 0.000137915 5.13545e-06 5.41652e-08 1.23845e-10 5.0862e-14 3.31804e-18
 1.29201e-41 1.79323e-33 3.00851e-26 6.1012e-20 1.49564e-14 4.43185e-10 1.58742e-06 0.000687296 0.0359703 0.22756 0.174769 0.0516761 0.203614 0.149739 0.0734948 0.0556378 0.0199929 0.00586137 0.000920471 7.33943e-05 2.18474e-06 1.7727e-08 3.01706e-11 9.00956e-15 4.21135e-19
 1.55986e-41 2.16498e-33 3.6322e-26 7.36603e-20 1.8057e-14 5.3506e-10 1.9165e-06 0.000829778 0.0434273 0.274735 0.210725 0.0474134 0.149773 0.109547 0.0844811 0.0593477 0.0155261 0.00366652 0.000494285 3.21811e-05 7.47866e-07 4.58788e-09 5.77113e-12 1.25229e-15 4.20162e-20
 1.5399e-41 2.13728e-33 3.58572e-26 7.27178e-20 1.78259e-14 5.28214e-10 1.89198e-06 0.000819161 0.0428716 0.27122 0.208283 0.0553382 0.180028 0.118726 0.0638338 0.0416046 0.0140938 0.00289249 0.000273941 1.37678e-05 2.45373e-07 1.11762e-09 1.02477e-12 1.6042e-16 3.85528e-21
 1.34873e-41 1.87195e-33 3.14059e-26 6.36905e-20 1.5613e-14 4.62641e-10 1.65711e-06 0.000717469 0.0375495 0.237552 0.18282 0.0612258 0.205446 0.131125 0.0834896 0.0466698 0.011059 0.00213907 0.000197884 7.06268e-06 8.82047e-08 2.91024e-10 1.91837e-13 2.14184e-17 3.65777e-22
 1.56678e-41 2.17458e-33 3.64832e-26 7.39871e-20 1.81371e-14 5.37435e-10 1.925e-06 0.00083346 0.04362 0.275956 0.212117 0.0581383 0.165695 0.104973 0.0829148 0.0436752 0.0104153 0.00154868 0.000108644 3.36356e-06 3.05573e-08 6.77344e-11 3.08673e-14 2.42059e-18 2.90884e-23
 1.73053e-41 2.40185e-33 4.02961e-26 8.17197e-20 2.00326e-14 5.93603e-10 2.12619e-06 0.000920567 0.0481788 0.304797 0.234342 0.0627818 0.163306 0.092776 0.0567206 0.0277952 0.00730088 0.00101965 5.80812e-05 1.29538e-06 9.02461e-09 1.45657e-11 4.47368e-15 2.35343e-19 1.93654e-24
 1.65698e-41 2.29977e-33 3.85835e-26 7.82465e-20 1.91812e-14 5.68374e-10 2.03582e-06 0.000881441 0.0461312 0.291845 0.224857 0.0712726 0.184822 0.0979836 0.0550082 0.022239 0.00437171 0.000555619 2.98852e-05 5.32366e-07 2.62634e-09 3.01736e-12 6.64491e-16 2.41864e-20 1.33958e-25
 1.53183e-41 2.12608e-33 3.56694e-26 7.23369e-20 1.77325e-14 5.25448e-10 1.88207e-06 0.00081487 0.0426471 0.269806 0.208465 0.0784253 0.199488 0.104827 0.0670684 0.0240984 0.00396562 0.000375581 1.56352e-05 2.3863e-07 9.30791e-10 7.60755e-13 1.15517e-16 2.93176e-21 1.13637e-26
 1.46458e-41 2.03275e-33 3.41035e-26 6.91613e-20 1.69541e-14 5.0238e-10 1.79944e-06 0.000779097 0.0407748 0.257965 0.199861 0.0841386 0.203749 0.107481 0.0754396 0.0253514 0.00412756 0.000321731 9.64467e-06 1.04811e-07 3.14364e-10 1.98067e-13 2.18626e-17 3.85408e-22 1.02444e-27
 1.88332e-41 2.61392e-33 4.38539e-26 8.89349e-20 2.18013e-14 6.46014e-10 2.31392e-06 0.00100185 0.0524326 0.331714 0.255791 0.0729486 0.140658 0.0736204 0.0525387 0.0164699 0.0026327 0.000185184 4.61938e-06 3.58361e-08 7.28454e-11 3.24917e-14 2.64029e-18 3.41578e-23 6.49329e-29
 1.569e-41 2.17767e-33 3.65349e-26 7.4092e-20 1.81628e-14 5.38197e-10 1.92773e-06 0.000834642 0.0436818 0.276366 0.215237 0.102436 0.214226 0.0902656 0.0428554 0.0121286 0.0018465 0.000117757 2.59484e-06 1.62743e-08 2.39712e-11 7.2085e-15 3.94531e-19 3.5493e-24 4.8152e-30
 1.27413e-41 1.76841e-33 2.96688e-26 6.01678e-20 1.47494e-14 4.37052e-10 1.56545e-06 0.000677786 0.0354726 0.224441 0.176685 0.113932 0.233811 0.119103 0.0773743 0.0167352 0.00167488 8.87508e-05 1.69798e-06 8.90852e-09 1.03897e-11 2.30687e-15 8.76785e-20 5.30482e-25 4.83477e-31
 1.14783e-41 1.59312e-33 2.67278e-26 5.42036e-20 1.32874e-14 3.93729e-10 1.41027e-06 0.000610599 0.0319564 0.202205 0.160456 0.117353 0.227202 0.135347 0.098135 0.02386 0.0027663 0.000105152 1.37894e-06 5.68195e-09 5.28932e-12 9.11357e-16 2.59217e-20 1.13012e-25 7.18424e-32
 1.55654e-41 2.16037e-33 3.62447e-26 7.35035e-20 1.80185e-14 5.33922e-10 1.91242e-06 0.000828013 0.0433349 0.274187 0.214726 0.100669 0.165307 0.104511 0.0744197 0.0194342 0.00247903 0.00010035 1.14777e-06 3.22076e-09 2.09059e-12 2.68788e-16 5.78082e-21 1.88438e-26 8.80531e-33
 1.4094e-41 1.95616e-33 3.28186e-26 6.65555e-20 1.63153e-14 4.83452e-10 1.73165e-06 0.000749743 0.0392386 0.248302 0.197988 0.135955 0.215104 0.0969021 0.0512671 0.0128261 0.00159818 6.6409e-05 7.63296e-07 1.92289e-09 9.34513e-13 8.14487e-17 1.20579e-21 2.81495e-27 9.6109e-34
 1.46098e-41 2.02775e-33 3.40196e-26 6.89912e-20 1.69124e-14 5.01145e-10 1.79502e-06 0.000777181 0.0406746 0.257397 0.205273 0.130089 0.190215 0.107775 0.0570705 0.00978603 0.000906675 3.40937e-05 3.68021e-07 8.65138e-10 3.71554e-13 2.60962e-17 2.82016e-22 4.52604e-28 1.05174e-34
 1.44176e-41 2.00107e-33 3.35721e-26 6.80835e-20 1.66899e-14 4.94551e-10 1.7714e-06 0.000766956 0.0401396 0.254041 0.204787 0.144352 0.195596 0.101414 0.0491021 0.00906909 0.000712831 1.81276e-05 1.50683e-07 3.01852e-10 1.11957e-13 6.68089e-18 5.92547e-23 7.44342e-29 1.28586e-35
 1.55761e-41 2.16186e-33 3.62697e-26 7.35543e-20 1.8031e-14 5.34291e-10 1.91374e-06 0.000828584 0.043365 0.274465 0.221067 0.141149 0.174803 0.0951938 0.0419289 0.00670749 0.000480779 1.08378e-05 6.48989e-08 9.05674e-11 2.55196e-14 1.21579e-18 8.69694e-24 8.7594e-30 1.19672e-36
 1.50554e-41 2.08958e-33 3.50571e-26 7.10951e-20 1.74281e-14 5.16427e-10 1.84976e-06 0.000800882 0.0419152 0.265346 0.217315 0.160647 0.184822 0.0893803 0.0343981 0.00505991 0.000306625 5.72806e-06 2.84166e-08 2.99122e-11 5.83252e-15 1.93513e-19 1.00928e-24 7.67247e-31 8.03634e-38
 1.54955e-41 2.15067e-33 3.6082e-26 7.31735e-20 1.79376e-14 5.31525e-10 1.90383e-06 0.000824295 0.0431407 0.273137 0.224644 0.160083 0.172524 0.0902808 0.0313227 0.00384299 0.000194724 3.00498e-06 1.1787e-08 9.68646e-12 1.43612e-15 3.43751e-20 1.24271e-25 6.51066e-32 4.7844e-39
 1.55641e-41 2.16019e-33 3.62417e-26 7.34974e-20 1.8017e-14 5.33877e-10 1.91226e-06 0.000827943 0.0433318 0.274416 0.22864 0.171078 0.170324 0.0825453 0.0257764 0.00293527 0.000122545 1.46873e-06 4.46261e-09 2.79893e-12 3.11815e-16 5.56567e-21 1.48143e-26 5.59131e-33 2.89288e-40
 1.59462e-41 2.21322e-33 3.71314e-26 7.53017e-20 1.84593e-14 5.46984e-10 1.95921e-06 0.000848269 0.0443957 0.281217 0.236169 0.174201 0.162034 0.077698 0.0212899 0.00207035 7.33387e-05 7.17355e-07 1.65422e-09 7.66811e-13 6.30031e-17 8.26099e-22 1.60709e-27 4.41923e-34 1.66059e-41
 1.58671e-41 2.20225e-33 3.69472e-26 7.49282e-20 1.83678e-14 5.44271e-10 1.94949e-06 0.000844062 0.0441759 0.279936 0.238954 0.184302 0.160046 0.0724638 0.0177065 0.00152468 4.43783e-05 3.45989e-07 6.23705e-10 2.17684e-13 1.30273e-17 1.22901e-22 1.71937e-28 3.40364e-35 9.20478e-43
 1.37466e-41 1.90794e-33 3.20096e-26 6.49148e-20 1.59131e-14 4.71534e-10 1.68896e-06 0.000731261 0.0382731 0.242821 0.219019 0.216808 0.182957 0.0807585 0.0173241 0.001275 3.071e-05 1.90883e-07 2.63513e-10 6.9153e-14 3.07124e-18 2.11396e-23 2.12428e-29 2.99374e-36 5.74889e-44
 1.39903e-41 1.94176e-33 3.25771e-26 6.60657e-20 1.61952e-14 4.79895e-10 1.7189e-06 0.000744227 0.0389521 0.247217 0.223402 0.205469 0.176929 0.0886089 0.0175264 0.00112801 2.22075e-05 1.08841e-07 1.15395e-10 2.2682e-14 7.40986e-19 3.71864e-24 2.71044e-30 2.75481e-37 3.78969e-45
 1.46496e-41 2.03327e-33 3.41123e-26 6.9179e-20 1.69584e-14 5.02509e-10 1.7999e-06 0.000779297 0.0407875 0.258813 0.231598 0.202545 0.169277 0.0789453 0.016149 0.0010833 1.97588e-05 8.38628e-08 7.43171e-11 1.20117e-14 3.19828e-19 1.29869e-24 7.61448e-31 6.20509e-38 6.83537e-46
#pred catch len freq
 2.55814e-27 2.57457e-27 2.08219e-26 3.85256e-20 9.44409e-15 2.79845e-10 1.00236e-06 0.000433983 0.0227131 0.14369 0.110427 0.0445315 0.261365 0.241202 0.0492439 0.0519641 0.0215196 0.0155536 0.00941457 0.00709393 0.00555154 0.00480893 0.0048477 0.00431788 0.0013206
 2.55999e-27 2.57998e-27 2.58852e-26 4.92081e-20 1.20628e-14 3.57441e-10 1.28029e-06 0.000554319 0.029011 0.183532 0.140789 0.0407078 0.210938 0.195546 0.0572524 0.0816145 0.0288256 0.0138049 0.00632223 0.00364576 0.00233152 0.00173016 0.00154743 0.00138177 0.000463589
 2.56092e-27 2.58227e-27 2.76562e-26 5.29432e-20 1.29784e-14 3.84573e-10 1.37748e-06 0.000596395 0.0312131 0.197464 0.151458 0.0426843 0.218482 0.201868 0.0467498 0.0562643 0.0241354 0.0176852 0.0063742 0.00240334 0.00106141 0.000604084 0.000447777 0.000376664 0.000131032
 2.56121e-27 2.58294e-27 2.81318e-26 5.39461e-20 1.32242e-14 3.91858e-10 1.40357e-06 0.000607692 0.0318044 0.201204 0.154327 0.0434804 0.222526 0.205519 0.0460215 0.0534771 0.0201145 0.0115947 0.00555674 0.00253839 0.000713526 0.000250702 0.000132938 9.65469e-05 3.33111e-05
 2.5626e-27 2.58661e-27 3.12897e-26 6.06076e-20 1.48572e-14 4.40246e-10 1.57689e-06 0.000682732 0.0357317 0.226049 0.173293 0.0431936 0.207018 0.19112 0.0418942 0.0476406 0.0175962 0.00953347 0.00376381 0.00164653 0.000612457 0.000149687 4.30806e-05 2.27725e-05 7.38718e-06
 2.56217e-27 2.5853e-27 2.99873e-26 5.78595e-20 1.41836e-14 4.20284e-10 1.50539e-06 0.000651775 0.0341116 0.2158 0.165492 0.044768 0.22448 0.206997 0.0404413 0.0402859 0.0146905 0.00770967 0.00293712 0.00113292 0.000367225 0.000105627 2.01091e-05 5.53379e-06 1.51635e-06
 2.56252e-27 2.58632e-27 3.09441e-26 5.98783e-20 1.46784e-14 4.34948e-10 1.55791e-06 0.000674516 0.0353017 0.223329 0.171228 0.0439373 0.214129 0.197608 0.0417486 0.045593 0.0157085 0.00689265 0.00254394 0.000944148 0.000274574 6.94729e-05 1.34012e-05 1.95877e-06 3.47333e-07
 2.56452e-27 2.59161e-27 3.54906e-26 6.9469e-20 1.70295e-14 5.04614e-10 1.80744e-06 0.000782553 0.040956 0.259099 0.198538 0.0436883 0.193047 0.177903 0.0337319 0.0322612 0.0115363 0.00569326 0.00192486 0.000618788 0.000170955 3.88427e-05 6.66072e-06 7.72384e-07 7.14894e-08
 2.56559e-27 2.59435e-27 3.77868e-26 7.43124e-20 1.82168e-14 5.39796e-10 1.93346e-06 0.000837114 0.0438115 0.277164 0.212338 0.0440895 0.186403 0.171562 0.028809 0.0225665 0.00762532 0.00316966 0.00112665 0.000381828 9.12231e-05 1.87926e-05 2.85922e-06 2.83355e-07 1.65519e-08
 2.56524e-27 2.59334e-27 3.68339e-26 7.23019e-20 1.77239e-14 5.25192e-10 1.88115e-06 0.000814466 0.0426262 0.269666 0.206624 0.044829 0.196046 0.180378 0.0288966 0.0205167 0.00653891 0.00212075 0.000673135 0.000204581 5.18386e-05 9.74093e-06 1.29473e-06 1.11128e-07 5.02125e-09
 2.56518e-27 2.59319e-27 3.66873e-26 7.19927e-20 1.76481e-14 5.22946e-10 1.87311e-06 0.000810983 0.0424439 0.268512 0.205746 0.044967 0.197713 0.181903 0.0289255 0.0201896 0.00629883 0.00181689 0.000513801 0.000123702 2.70893e-05 5.05939e-06 6.26141e-07 4.61683e-08 1.74432e-09
 2.56686e-27 2.59776e-27 4.07376e-26 8.05373e-20 1.97427e-14 5.85013e-10 2.09542e-06 0.000907236 0.0474815 0.300381 0.230059 0.0436614 0.170696 0.156996 0.0249549 0.0174013 0.00541112 0.00152878 0.000414469 8.74042e-05 1.53929e-05 2.35432e-06 2.75314e-07 1.86641e-08 6.00222e-10
 2.56696e-27 2.59794e-27 4.08391e-26 8.0751e-20 1.97951e-14 5.86565e-10 2.10098e-06 0.000909644 0.0476075 0.301178 0.230676 0.0441808 0.174214 0.160114 0.023186 0.0125779 0.00388877 0.00109719 0.000295512 6.04558e-05 9.60398e-06 1.18176e-06 1.09599e-07 6.77466e-09 1.96419e-10
 2.565e-27 2.59263e-27 3.61217e-26 7.07992e-20 1.73556e-14 5.14277e-10 1.84205e-06 0.000797538 0.0417403 0.264061 0.202358 0.0456957 0.205639 0.189097 0.0280349 0.01633 0.00486064 0.00104857 0.000270944 5.52176e-05 8.58764e-06 9.66886e-07 7.16504e-08 3.48093e-09 8.97731e-11
 2.56398e-27 2.58988e-27 3.37167e-26 6.57258e-20 1.61119e-14 4.77424e-10 1.71005e-06 0.000740388 0.0387492 0.245139 0.187917 0.0461557 0.219286 0.201751 0.0313733 0.0207619 0.00625825 0.00144915 0.000351601 5.69007e-05 8.4864e-06 9.37837e-07 6.35156e-08 2.45333e-09 4.9857e-11
 2.56522e-27 2.59327e-27 3.67385e-26 7.21006e-20 1.76746e-14 5.2373e-10 1.87591e-06 0.000812198 0.0425075 0.268915 0.206055 0.0450769 0.198332 0.18245 0.0285887 0.0192778 0.00593267 0.00157621 0.000397696 6.69679e-05 8.57134e-06 8.18166e-07 5.35739e-08 1.87483e-09 3.02749e-11
 2.56666e-27 2.59716e-27 4.01595e-26 7.93174e-20 1.94437e-14 5.76152e-10 2.06368e-06 0.000893494 0.0467623 0.295831 0.226595 0.0442738 0.17779 0.163441 0.0242665 0.014204 0.00437222 0.00118763 0.000312382 5.94848e-05 8.00948e-06 7.12329e-07 3.92143e-08 1.28012e-09 1.85166e-11
 2.56661e-27 2.59695e-27 3.9898e-26 7.87656e-20 1.93084e-14 5.72143e-10 2.04932e-06 0.000887278 0.0464369 0.293773 0.225034 0.0449658 0.184152 0.169172 0.0227292 0.00924773 0.0027533 0.000642314 0.000166233 3.26231e-05 4.8017e-06 4.67996e-07 2.48706e-08 6.93257e-10 9.07685e-12
 2.5666e-27 2.59693e-27 3.98981e-26 7.87657e-20 1.93085e-14 5.72144e-10 2.04932e-06 0.000887279 0.046437 0.293773 0.225033 0.0448433 0.183221 0.168347 0.023222 0.0105713 0.00303229 0.00049321 0.000113603 1.95881e-05 2.878e-06 3.00619e-07 1.76492e-08 4.85415e-10 5.54552e-12
 2.56705e-27 2.59816e-27 4.09777e-26 8.10433e-20 1.98668e-14 5.88689e-10 2.10858e-06 0.000912936 0.0477798 0.302268 0.231515 0.0445544 0.176468 0.162106 0.0219316 0.0092025 0.00266073 0.000479941 0.000104573 1.29458e-05 1.61326e-06 1.57518e-07 9.75914e-09 2.94048e-10 3.3591e-12
 2.56747e-27 2.59929e-27 4.19864e-26 8.31712e-20 2.03884e-14 6.04145e-10 2.16395e-06 0.000936907 0.0490343 0.310205 0.23757 0.0442113 0.169604 0.155781 0.0209956 0.00865896 0.00248279 0.00041476 9.06164e-05 1.20399e-05 1.2564e-06 9.19016e-08 5.08891e-09 1.58151e-10 1.95532e-12
 2.56778e-27 2.60013e-27 4.27269e-26 8.47334e-20 2.07714e-14 6.15493e-10 2.20459e-06 0.000954504 0.0499553 0.316031 0.242015 0.0440135 0.164975 0.151504 0.0201269 0.00775496 0.00221498 0.000363908 7.79861e-05 9.72743e-06 1.04059e-06 7.18288e-08 2.97624e-09 7.85328e-11 9.78674e-13
 2.56782e-27 2.60024e-27 4.28103e-26 8.49093e-20 2.08145e-14 6.16771e-10 2.20917e-06 0.000956486 0.050059 0.316687 0.242517 0.0440725 0.165071 0.151572 0.0197787 0.00694322 0.00196494 0.000303186 6.37357e-05 7.79886e-06 8.01309e-07 5.38061e-08 2.15708e-09 4.46051e-11 4.58112e-13
 2.56829e-27 2.60151e-27 4.39303e-26 8.72721e-20 2.13937e-14 6.33934e-10 2.27064e-06 0.000983102 0.051452 0.3255 0.249242 0.0437748 0.158081 0.145113 0.0184617 0.00556619 0.00155407 0.000220491 4.47554e-05 5.16942e-06 5.17588e-07 3.36146e-08 1.29502e-09 2.56064e-11 2.1486e-13
 2.56843e-27 2.6019e-27 4.42952e-26 8.80417e-20 2.15824e-14 6.39524e-10 2.29067e-06 0.000991772 0.0519058 0.32837 0.251429 0.0435077 0.154512 0.141858 0.0185941 0.00668545 0.00186217 0.000231712 4.44368e-05 4.73998e-06 4.49692e-07 2.77568e-08 1.03348e-09 1.96022e-11 1.55443e-13
 2.56829e-27 2.60151e-27 4.39346e-26 8.7281e-20 2.13959e-14 6.33999e-10 2.27088e-06 0.000983203 0.0514573 0.325533 0.249267 0.0437709 0.158034 0.145069 0.018464 0.00558233 0.00156149 0.000226056 4.46134e-05 4.21204e-06 3.68147e-07 2.09659e-08 7.35513e-10 1.3364e-11 1.01599e-13
 2.56862e-27 2.60239e-27 4.47008e-26 8.88975e-20 2.17921e-14 6.4574e-10 2.31293e-06 0.00100141 0.0524103 0.331562 0.253868 0.0436281 0.153714 0.141062 0.0173694 0.00409522 0.00111778 0.000139407 2.68486e-05 2.89255e-06 2.50711e-07 1.26367e-08 4.04278e-10 6.836e-12 4.9428e-14
 2.56854e-27 2.60216e-27 4.44946e-26 8.84623e-20 2.16855e-14 6.42579e-10 2.30161e-06 0.00099651 0.0521537 0.329939 0.25263 0.0437183 0.155271 0.142492 0.0175119 0.00405917 0.00109297 0.000111593 1.93626e-05 1.82835e-06 1.60875e-07 8.81178e-09 2.59339e-10 3.92195e-12 2.61443e-14
#obs catch len freq
 5.95593e-42 8.26644e-34 1.38687e-26 2.81254e-20 6.8946e-15 2.043e-10 7.31768e-07 0.000316831 0.0165816 0.104901 0.0808672 0.0422751 0.226488 0.191312 0.132062 0.127932 0.0527872 0.0197867 0.00418 0.000484992 2.30175e-05 3.26966e-07 1.04714e-09 6.1558e-13 5.80681e-17
 6.83471e-42 9.48612e-34 1.59149e-26 3.22752e-20 7.91188e-15 2.34443e-10 8.39739e-07 0.000363578 0.0190282 0.120379 0.0927985 0.0460757 0.229407 0.184259 0.12918 0.114636 0.0452037 0.0154226 0.00293851 0.000294572 1.14029e-05 1.24931e-07 2.96559e-10 1.26118e-13 8.49003e-18
 1.02959e-41 1.429e-33 2.39745e-26 4.86198e-20 1.19186e-14 3.53169e-10 1.26499e-06 0.000547699 0.0286644 0.181341 0.13942 0.0482167 0.202582 0.154576 0.110173 0.0892133 0.0332605 0.0101564 0.00169969 0.00014419 4.5127e-06 3.80443e-08 6.69246e-11 2.06026e-14 9.90369e-19
 8.84047e-42 1.227e-33 2.05854e-26 4.17469e-20 1.02338e-14 3.03245e-10 1.08617e-06 0.000470276 0.0246124 0.155708 0.120179 0.0599893 0.261629 0.182649 0.0958661 0.067552 0.0238595 0.00648148 0.000936229 6.55079e-05 1.6253e-06 1.04667e-08 1.36384e-11 3.0439e-15 1.04672e-19
 1.21653e-41 1.68846e-33 2.83274e-26 5.74475e-20 1.40826e-14 4.17292e-10 1.49467e-06 0.000647142 0.0338688 0.214266 0.164796 0.0540424 0.19375 0.135881 0.110044 0.0703204 0.0179245 0.00394465 0.000485181 2.7469e-05 5.27919e-07 2.55517e-09 2.45042e-12 3.96316e-16 9.76643e-21
 1.2836e-41 1.78156e-33 2.98893e-26 6.0615e-20 1.4859e-14 4.40301e-10 1.57709e-06 0.000682824 0.0357363 0.226082 0.174133 0.0636475 0.22029 0.137757 0.0770326 0.0464093 0.0151687 0.00280593 0.000242572 1.05725e-05 1.54661e-07 5.52846e-10 3.8512e-13 4.48297e-17 7.90082e-22
 1.17318e-41 1.6283e-33 2.73181e-26 5.54006e-20 1.35808e-14 4.02424e-10 1.44142e-06 0.000624084 0.0326621 0.206634 0.159565 0.0694858 0.23504 0.142809 0.0930816 0.0472029 0.0108153 0.00191646 0.000156785 4.78929e-06 4.91027e-08 1.26705e-10 6.32679e-14 5.24262e-18 6.55716e-23
 1.45467e-41 2.01899e-33 3.38728e-26 6.86933e-20 1.68394e-14 4.98981e-10 1.78727e-06 0.000773826 0.0404989 0.256213 0.197354 0.0647404 0.18486 0.112413 0.089365 0.0426905 0.00970836 0.00129773 8.15104e-05 2.12937e-06 1.56456e-08 2.70972e-11 9.3482e-15 5.4338e-19 4.7776e-24
 1.67648e-41 2.32684e-33 3.90376e-26 7.91675e-20 1.9407e-14 5.75064e-10 2.05979e-06 0.000891817 0.0466741 0.29528 0.227393 0.0687985 0.174999 0.0946069 0.0580094 0.0260425 0.00646072 0.000801461 4.00649e-05 7.53536e-07 4.22773e-09 5.28581e-12 1.22667e-15 4.7838e-20 2.87882e-25
 1.64216e-41 2.27921e-33 3.82385e-26 7.75468e-20 1.90097e-14 5.63292e-10 2.01762e-06 0.00087356 0.0457187 0.289238 0.223231 0.0771983 0.190571 0.0959955 0.0535041 0.0195865 0.00364753 0.000414706 1.92702e-05 2.84698e-07 1.12511e-09 1.00001e-12 1.65892e-16 4.47109e-21 1.81203e-26
 1.55532e-41 2.15869e-33 3.62164e-26 7.34462e-20 1.80045e-14 5.33505e-10 1.91093e-06 0.000827366 0.0433011 0.273947 0.212029 0.0839314 0.199355 0.100262 0.0626769 0.0202753 0.0031214 0.000262272 9.49435e-06 1.19305e-07 3.68219e-10 2.31567e-13 2.64571e-17 4.96741e-22 1.40814e-27
 1.51808e-41 2.10699e-33 3.53491e-26 7.16873e-20 1.75733e-14 5.20729e-10 1.86517e-06 0.000807553 0.0422641 0.26739 0.207491 0.0891036 0.199123 0.101302 0.0684116 0.0207656 0.00312141 0.000212534 5.48538e-06 4.91447e-08 1.16445e-10 5.61066e-14 4.64196e-18 6.04785e-23 1.17542e-28
 1.93015e-41 2.67893e-33 4.49446e-26 9.11467e-20 2.23435e-14 6.6208e-10 2.37146e-06 0.00102676 0.0537366 0.339967 0.262425 0.0761425 0.135705 0.0688894 0.0467533 0.0132891 0.00194223 0.0001185 2.50398e-06 1.58452e-08 2.54186e-11 8.6703e-15 5.26883e-19 5.02659e-24 6.98249e-30
 1.62482e-41 2.25515e-33 3.78348e-26 7.67282e-20 1.8809e-14 5.57346e-10 1.99632e-06 0.000864339 0.0452361 0.286204 0.223351 0.107318 0.205659 0.0825919 0.0376486 0.00970997 0.00133954 7.37852e-05 1.36302e-06 6.89358e-09 7.94573e-12 1.82316e-15 7.46165e-20 4.94538e-25 4.89455e-31
 1.3378e-41 1.85679e-33 3.11514e-26 6.31744e-20 1.54865e-14 4.58893e-10 1.64368e-06 0.000711656 0.0372453 0.235664 0.186075 0.120251 0.225971 0.11226 0.0675386 0.0130343 0.00119237 5.47523e-05 8.71792e-07 3.66007e-09 3.3148e-12 5.58656e-16 1.58477e-20 7.06452e-26 4.69723e-32
 1.21805e-41 1.69058e-33 2.83629e-26 5.75194e-20 1.41002e-14 4.17815e-10 1.49655e-06 0.000647953 0.0339113 0.214584 0.170867 0.1241 0.220144 0.129354 0.0855561 0.0188473 0.00192381 6.22289e-05 6.83792e-07 2.25159e-09 1.61885e-12 2.10723e-16 4.45935e-21 1.43067e-26 6.63765e-33
 1.63425e-41 2.26823e-33 3.80542e-26 7.71731e-20 1.89181e-14 5.60577e-10 2.0079e-06 0.00086935 0.0454984 0.287883 0.225903 0.104466 0.15705 0.0980861 0.0633931 0.0151107 0.00168099 5.7319e-05 5.34861e-07 1.19342e-09 5.99227e-13 5.80748e-17 9.26513e-22 2.21757e-27 7.55392e-34
 1.48741e-41 2.06443e-33 3.46351e-26 7.02394e-20 1.72184e-14 5.10211e-10 1.82749e-06 0.000791242 0.0414105 0.262059 0.209613 0.140574 0.20256 0.0887479 0.0432462 0.00988597 0.0010721 3.73965e-05 3.46643e-07 6.83878e-10 2.54709e-13 1.6716e-17 1.83456e-22 3.13827e-28 7.79431e-35
 1.54461e-41 2.14381e-33 3.59669e-26 7.29401e-20 1.78804e-14 5.29829e-10 1.89776e-06 0.000821666 0.0430028 0.272145 0.217644 0.133814 0.178829 0.0990283 0.0468387 0.00726157 0.000593814 1.87392e-05 1.62279e-07 2.9628e-10 9.66445e-14 5.07884e-18 4.06095e-23 4.77744e-29 8.07347e-36
 1.52738e-41 2.1199e-33 3.55657e-26 7.21265e-20 1.7681e-14 5.23919e-10 1.87659e-06 0.000812501 0.0425232 0.269146 0.217644 0.147722 0.182757 0.0921736 0.04011 0.00665211 0.000447749 9.56632e-06 6.41276e-08 9.9416e-11 2.78468e-14 1.23633e-18 8.07818e-24 7.42349e-30 9.33011e-37
 1.64573e-41 2.28417e-33 3.83216e-26 7.77155e-20 1.9051e-14 5.64517e-10 2.02201e-06 0.00087546 0.0458183 0.290014 0.234211 0.143087 0.161994 0.0853901 0.0335028 0.00480477 0.000294585 5.47586e-06 2.61667e-08 2.83148e-11 6.01982e-15 2.12583e-19 1.11577e-24 8.19222e-31 8.12211e-38
 1.59467e-41 2.21329e-33 3.71326e-26 7.53042e-20 1.84599e-14 5.47002e-10 1.95927e-06 0.000848297 0.0443968 0.281087 0.23091 0.162142 0.170399 0.0792692 0.0272014 0.00355904 0.000182976 2.80984e-06 1.10263e-08 8.92203e-12 1.31016e-15 3.22061e-20 1.2296e-25 6.79162e-32 5.14574e-39
 1.64131e-41 2.27803e-33 3.82188e-26 7.75069e-20 1.89999e-14 5.63002e-10 2.01658e-06 0.00087311 0.0456956 0.289348 0.238619 0.160577 0.158626 0.0792314 0.0242778 0.00263618 0.000112878 1.42063e-06 4.38519e-09 2.75783e-12 3.06539e-16 5.42509e-21 1.43555e-26 5.46185e-33 2.89762e-40
 1.64871e-41 2.2883e-33 3.83909e-26 7.78561e-20 1.90855e-14 5.65538e-10 2.02567e-06 0.000877044 0.0459017 0.290735 0.242877 0.170591 0.155667 0.0715644 0.0197458 0.00196939 6.87718e-05 6.6918e-07 1.59278e-09 7.61317e-13 6.33969e-17 8.3458e-22 1.62332e-27 4.4485e-34 1.66307e-41
 1.68703e-41 2.34148e-33 3.92832e-26 7.96656e-20 1.95291e-14 5.78683e-10 2.07275e-06 0.000897428 0.0469688 0.297569 0.250493 0.172687 0.147485 0.0664878 0.0160131 0.001357 3.99815e-05 3.146e-07 5.65212e-10 1.99085e-13 1.2195e-17 1.17682e-22 1.67019e-28 3.32995e-35 9.03204e-43
 1.6797e-41 2.33132e-33 3.91127e-26 7.93198e-20 1.94443e-14 5.76171e-10 2.06375e-06 0.000893532 0.0467654 0.296412 0.253564 0.181838 0.145091 0.0613001 0.0131349 0.000976571 2.34792e-05 1.46495e-07 2.04618e-10 5.40403e-14 2.40587e-18 1.66793e-23 1.69983e-29 2.43654e-36 4.75128e-44
 1.47012e-41 2.04043e-33 3.42324e-26 6.94226e-20 1.70182e-14 5.04279e-10 1.80625e-06 0.000782042 0.0409313 0.259782 0.234874 0.214725 0.167122 0.0681913 0.012769 0.000805986 1.59349e-05 7.87343e-08 8.38403e-11 1.65939e-14 5.46832e-19 2.76175e-24 2.02025e-30 2.06052e-37 2.85114e-45
 1.49678e-41 2.07744e-33 3.48533e-26 7.06819e-20 1.73268e-14 5.13425e-10 1.83901e-06 0.000796227 0.0416735 0.264392 0.234786 0.197407 0.167256 0.0784654 0.014373 0.000834401 1.44128e-05 6.05468e-08 5.39144e-11 8.77501e-15 2.34931e-19 9.59315e-25 5.66071e-31 4.64148e-38 5.13809e-46
#spawning biomass
 20545.3 17933.9 19691.5 22364.4 26725 31517.4 38038.2 44866.8 59593.3 77102.8 90053.6 117456 161124 194966 177006 151307 149793 137852 133075 126326 131359 141055 144888 147372 178953 186048 166682 153499 148099 137450 68281.2 36339.3 24319.1 20301.5 19057 18691 18587.2 18558.5 18550.8 18548.7 18548.2 18548 18548 18548 18548 18548 18548 18548 18548 18548 18548 18548 18548 18548 18548 18548 18548 18548 18548 18548 18548 18548 18548 18548 18548 18548 18548 18548 18548 18548 18548 18548 18548 18548 18548 18548 18548 18548 18548 18548 18548 18548 18548 18548 18548 18548 18548 18548 18548 18548 18548 18548 18548 18548 18548 18548 18548 18548 18548 18548 18548 18548 18548 18548 18548 18548 18548 18548 18548 18548 18548 18548 18548 18548 18548 18548 18548 18548 18548 18548 18548 18548 18548 18548 18548 18548 18548 18548 0 0 0 0 0 0 0 0 0 0 0 0 0 0 0 0 0 0 0 0 0 0 0 0 0
