SBPRF35
0.294776
Curr Bio
135861
B35
288401
F35
0.442305
FOFL
0.294592
OFL
33087.6
Bzero
84221.7
#pred survey bio
 12497 10206.6 7814.51 7421.91 9357.06 14094.8 19514.7 27888.1 34636.7 48637.6 66464.2 83223.5 102785 131950 125077 112619 106490 116111 105420 104194 103331 114973 118749 121497 136038 134711 114240 118750 136540 6.91638e+06 6.03271e+06 4.714e+06 3.32963e+06 2.29518e+06 1.6301e+06 1.23424e+06 1.00714e+06 878151 804222 760897 734756 718492 708084 701221 696562 693479 691414 690020 689073 688427 687985 687682 687474 687332 687234 687167 687120 687089 687067 687052 687041 687034 687029 687026 687024 687022 687021 687020 687020 687019 687019 687019 687019 687019 687019 687019 687019 687019 687019 687019 687019 687019 687019 687019 687019 687019 687019 687019 687019 687019 687019 687019 687019 687019 687019 687019 687019 687019 687019 687019 687019 687019 687019 687019 687019 687019 687019 687019 687019 687019 687019 687019 687019 687019 687019 687019 687019 687019 687019 687019 687019 687019 687019 687019 687019 687019 687019 687019 687019 0 0 0 0 0 0 0 0 0 0 0 0 0 0 0 0 0 0 0 0 0 0 0 0 0
#obs survey bio
 12350.7 8344.95 7351.45 7075.11 11898 12570.8 17792.9 31559.2 48321.2 47307.8 111697 77701.6 94804.8 128612 116980 129398 94579.2 101110 100803 101755 107631 178002 153748 139112 122658 166515 134241 90107 127913
#pred catch bio
 4626.76 3862.74 2913.53 2463.83 2937.24 6523.95 8572.83 14790.7 17871 27378.4 41899.2 55608.2 64811 94555.7 90856.4 85212.5 77809.9 93004.7 84118.1 87190.1 84596.9 96023.5 102575 105151 122332 128936 106184 115670 105582 33087.6 84717.5 63461.5 42497.7 27574.8 18500.1 13473.5 10853.8 9544.54 8909.63 8608.43 8467.86 8403.08 8373.49 8360.05 8353.96 8351.26 8350.07 8349.55 8349.31 8349.21 8349.17 8349.15 8349.14 8349.13 8349.13 8349.13 8349.13 8349.13 8349.13 8349.13 8349.13 8349.13 8349.13 8349.13 8349.13 8349.13 8349.13 8349.13 8349.13 8349.13 8349.13 8349.13 8349.13 8349.13 8349.13 8349.13 8349.13 8349.13 8349.13 8349.13 8349.13 8349.13 8349.13 8349.13 8349.13 8349.13 8349.13 8349.13 8349.13 8349.13 8349.13 8349.13 8349.13 8349.13 8349.13 8349.13 8349.13 8349.13 8349.13 8349.13 8349.13 8349.13 8349.13 8349.13 8349.13 8349.13 8349.13 8349.13 8349.13 8349.13 8349.13 8349.13 8349.13 8349.13 8349.13 8349.13 8349.13 8349.13 8349.13 8349.13 8349.13 8349.13 8349.13 8349.13 8349.13 8349.13 8349.13 8349.13 8349.13 0 0 0 0 0 0 0 0 0 0 0 0 0 0 0 0 0 0 0 0 0 0 0 0 0
#obs catch bio
 3149.71 3859.28 3359.11 2673.79 2982.97 6877.04 8370.22 14282.5 17102.1 27035 38806 53669.1 62078 93416.6 89996.1 86975.1 78407.6 94759.7 84073.2 89160.6 80541.3 82232.2 84289.1 96407.1 114360 113125 91318.9 106392 100628
#pred cpue bio
 11627.5 9813.07 7239.92 6541.38 8006.76 11719.3 15824.9 23212.2 28143.6 38792.2 52700.4 65324 79407.6 104776 101632 90358.2 82312.8 90304.9 81429.4 78770.6 76336.3 84742.6 88522.8 87326.7 97535.6 97221.3 80317.5 82840.4 88662.9 5.24068e+06 5.98673e+06 4.66805e+06 3.28368e+06 2.24923e+06 1.58415e+06 1.18829e+06 961187 832203 758273 714949 688807 672543 662135 655273 650613 647530 645466 644071 643124 642478 642036 641733 641526 641383 641285 641218 641172 641140 641118 641103 641092 641085 641080 641077 641075 641073 641072 641071 641071 641070 641070 641070 641070 641070 641070 641070 641070 641070 641070 641070 641070 641070 641070 641070 641070 641070 641070 641070 641070 641070 641070 641070 641070 641070 641070 641070 641070 641070 641070 641070 641070 641070 641070 641070 641070 641070 641070 641070 641070 641070 641070 641070 641070 641070 641070 641070 641070 641070 641070 641070 641070 641070 641070 641070 641070 641070 641070 641070 641070 0 0 0 0 0 0 0 0 0 0 0 0 0 0 0 0 0 0 0 0 0 0 0 0 0
#obs cpue bio
 7431.15 8719.23 3651.92 4146.42 7990.63 14028.5 21276.8 27839.7 22473.2 36395.5 54545.8 68824.4 95103.5 112378 109295 74842.1 83050.7 103355 85475 74419 93830.9 117116 149832 93821.9 137509 147148 120646 145141 108256
#pred surv len freq
 7.99939e-12 8.68638e-10 5.5611e-08 2.09904e-06 4.67116e-05 0.000612904 0.00474267 0.0216688 0.0588089 0.0976562 0.112477 0.122215 0.142985 0.140301 0.106539 0.0723515 0.047389 0.0288913 0.0168998 0.00997082 0.0061499 0.00412707 0.00298418 0.00205382 0.00112728
 5.23653e-12 5.68624e-10 3.64039e-08 1.37407e-06 3.05784e-05 0.000401232 0.00310526 0.0141994 0.0386984 0.0655589 0.0814721 0.10263 0.134463 0.143721 0.125548 0.102003 0.0759905 0.049551 0.0290787 0.015775 0.00823227 0.00445078 0.00263638 0.00160834 0.000844027
 9.56819e-12 1.03899e-09 6.65172e-08 2.51069e-06 5.5872e-05 0.000733068 0.00567139 0.0258858 0.0698955 0.11319 0.117272 0.09767 0.0909851 0.0913646 0.088527 0.0843142 0.0740478 0.0574763 0.0389967 0.0227147 0.0115141 0.00536133 0.00250758 0.00123733 0.000576575
 1.24556e-11 1.35253e-09 8.65905e-08 3.26836e-06 7.27328e-05 0.000954289 0.00738281 0.0336958 0.0909639 0.147147 0.151631 0.123533 0.108163 0.0934575 0.0667041 0.0456832 0.0366562 0.031952 0.0258768 0.0178972 0.010251 0.00487139 0.00201425 0.00078952 0.000299472
 1.32511e-11 1.43892e-09 9.21207e-08 3.4771e-06 7.73779e-05 0.00101524 0.00785434 0.0358484 0.0967819 0.156614 0.161644 0.132347 0.116591 0.100688 0.0702327 0.0430836 0.0265299 0.0170887 0.0123237 0.00934014 0.00630222 0.00344231 0.00149353 0.000532912 0.000165582
 1.42201e-11 1.54414e-09 9.88572e-08 3.73136e-06 8.30362e-05 0.00108947 0.0084285 0.0384652 0.103795 0.167546 0.170976 0.13499 0.113254 0.0957751 0.066822 0.0411938 0.0247909 0.0141514 0.00786645 0.00466493 0.00298705 0.0018017 0.000884824 0.000333686 9.7287e-05
 1.47944e-11 1.6065e-09 1.0285e-07 3.88206e-06 8.63897e-05 0.00113347 0.0087689 0.0400187 0.107987 0.174317 0.177892 0.140366 0.117066 0.0966251 0.0629194 0.0341801 0.0183812 0.00995422 0.00519623 0.00260031 0.00130134 0.000680184 0.000339979 0.000139226 4.26178e-05
 1.35826e-11 1.47491e-09 9.44252e-08 3.56408e-06 7.93137e-05 0.00104064 0.00805098 0.0367486 0.0992497 0.16091 0.167484 0.140641 0.127342 0.109304 0.0720136 0.038993 0.0201169 0.00988024 0.00456965 0.00205675 0.000895776 0.000379299 0.000159489 6.24727e-05 1.98232e-05
 1.45763e-11 1.58282e-09 1.01333e-07 3.82483e-06 8.51161e-05 0.00111676 0.00863969 0.0394303 0.106418 0.171926 0.176126 0.140735 0.119534 0.0998182 0.0656556 0.0359026 0.0187238 0.0091649 0.00407218 0.00166895 0.000637058 0.000229648 7.91625e-05 2.59752e-05 7.5944e-06
 1.51906e-11 1.64952e-09 1.05604e-07 3.98602e-06 8.87032e-05 0.00116382 0.00900367 0.0410892 0.110862 0.178847 0.181995 0.14224 0.11692 0.0954482 0.0611642 0.0319673 0.0159645 0.00769914 0.00342618 0.00138923 0.000503051 0.00016211 4.72244e-05 1.26443e-05 3.08215e-06
 1.52627e-11 1.65734e-09 1.06105e-07 4.00492e-06 8.91239e-05 0.00116934 0.00904641 0.0412848 0.111399 0.179783 0.183271 0.144044 0.119147 0.096814 0.0604204 0.0296597 0.0136237 0.00612477 0.00258628 0.00101764 0.000363065 0.000113424 3.04244e-05 7.00534e-06 1.40052e-06
 1.55089e-11 1.68408e-09 1.07816e-07 4.06953e-06 9.05616e-05 0.00118821 0.00919231 0.0419502 0.113187 0.182611 0.185884 0.145372 0.119241 0.0959586 0.0586476 0.0273817 0.011633 0.00481176 0.00185989 0.000672386 0.000225176 6.75839e-05 1.75108e-05 3.78277e-06 6.68843e-07
 1.59699e-11 1.73414e-09 1.11021e-07 4.1905e-06 9.32536e-05 0.00122353 0.00946546 0.0431949 0.11652 0.187782 0.190179 0.146201 0.116828 0.0924053 0.0554631 0.0248997 0.00992114 0.00382349 0.00136351 0.00044808 0.000135823 3.72364e-05 9.00101e-06 1.84523e-06 3.07263e-07
 1.50183e-11 1.6308e-09 1.04405e-07 3.94079e-06 8.76966e-05 0.00115062 0.00890166 0.0406267 0.109657 0.177246 0.181967 0.146299 0.124634 0.101871 0.0618883 0.028078 0.0112646 0.00427225 0.00145004 0.000441419 0.000121963 3.01181e-05 6.54551e-06 1.22252e-06 1.89041e-07
 1.40947e-11 1.53052e-09 9.79852e-08 3.69845e-06 8.2304e-05 0.00107987 0.00835455 0.0381351 0.103005 0.167082 0.17429 0.147194 0.133418 0.111818 0.0676905 0.0299536 0.0115742 0.00429003 0.00144734 0.00043463 0.000115013 2.63101e-05 5.17139e-06 8.64182e-07 1.20002e-07
 1.46338e-11 1.58906e-09 1.01733e-07 3.83991e-06 8.54517e-05 0.00112117 0.0086739 0.0395892 0.106884 0.172986 0.178634 0.146295 0.127723 0.105658 0.0645154 0.0294356 0.0118633 0.00447171 0.0014831 0.000433204 0.000112333 2.51178e-05 4.71274e-06 7.27996e-07 9.12233e-08
 1.58871e-11 1.72515e-09 1.10446e-07 4.16878e-06 9.27702e-05 0.00121718 0.00941645 0.0429721 0.115931 0.18693 0.18977 0.147051 0.118802 0.0941313 0.0557735 0.0241029 0.0090112 0.00326611 0.00109486 0.000326792 8.47315e-05 1.8572e-05 3.39576e-06 5.07576e-07 6.03194e-08
 1.56373e-11 1.69802e-09 1.08709e-07 4.10323e-06 9.13115e-05 0.00119805 0.00926846 0.0422983 0.114135 0.184209 0.187829 0.147671 0.121766 0.0972607 0.057297 0.024179 0.00860987 0.00292712 0.000914914 0.000257919 6.56029e-05 1.44722e-05 2.65105e-06 3.90594e-07 4.51902e-08
 1.58005e-11 1.71575e-09 1.09844e-07 4.14605e-06 9.22644e-05 0.00121055 0.00936517 0.0427393 0.11532 0.186083 0.189553 0.148524 0.12176 0.0965484 0.0558918 0.022474 0.00729924 0.00225545 0.000656167 0.000172608 4.08268e-05 8.47894e-06 1.50415e-06 2.19866e-07 2.5344e-08
 1.6484e-11 1.78996e-09 1.14595e-07 4.32539e-06 9.62553e-05 0.00126291 0.00977008 0.0445835 0.120246 0.193631 0.195358 0.148202 0.115784 0.0895534 0.0514994 0.0206523 0.00665127 0.00199612 0.000544653 0.000130378 2.80092e-05 5.34612e-06 8.78901e-07 1.2082e-07 1.34128e-08
 1.71169e-11 1.85869e-09 1.18995e-07 4.49147e-06 9.99511e-05 0.00131139 0.0101451 0.0462918 0.124815 0.200671 0.200975 0.148566 0.11125 0.083711 0.047086 0.0179783 0.00523199 0.00140279 0.000358753 8.25722e-05 1.6784e-05 2.94413e-06 4.38236e-07 5.48091e-08 5.61485e-09
 1.71773e-11 1.86524e-09 1.19415e-07 4.50731e-06 0.000100304 0.00131602 0.0101808 0.0464547 0.12525 0.20134 0.2015 0.148571 0.110777 0.0831402 0.0467087 0.0177913 0.00512933 0.001335 0.00031973 6.65609e-05 1.22492e-05 1.99976e-06 2.79159e-07 3.22141e-08 2.99988e-09
 1.68351e-11 1.82809e-09 1.17036e-07 4.41754e-06 9.83059e-05 0.00128981 0.00997815 0.0455317 0.122786 0.19758 0.198678 0.148964 0.114124 0.0868887 0.0488363 0.0184029 0.00516487 0.00129733 0.000302541 6.13017e-05 1.0721e-05 1.60991e-06 2.03491e-07 2.14478e-08 1.84541e-09
 1.7844e-11 1.93765e-09 1.2405e-07 4.68227e-06 0.000104197 0.0013671 0.0105758 0.048254 0.130058 0.208716 0.207223 0.148421 0.105189 0.0764495 0.0422897 0.0157261 0.00429652 0.00103703 0.00023294 4.5555e-05 7.6872e-06 1.11399e-06 1.34243e-07 1.31595e-08 1.03302e-09
 1.78908e-11 1.94273e-09 1.24375e-07 4.69455e-06 0.00010447 0.00137069 0.0106036 0.0483805 0.130397 0.20925 0.207701 0.148621 0.105117 0.0761895 0.0418848 0.0152806 0.00397607 0.000889857 0.000187411 3.4955e-05 5.64422e-06 7.84482e-07 9.08728e-08 8.55323e-09 6.39508e-10
 1.77003e-11 1.92204e-09 1.23051e-07 4.64454e-06 0.000103358 0.00135609 0.0104907 0.0478664 0.129026 0.207165 0.206175 0.148967 0.107174 0.0784047 0.043014 0.0154408 0.00383695 0.000790872 0.00015293 2.64232e-05 3.95109e-06 5.13408e-07 5.63481e-08 5.06089e-09 3.62317e-10
 1.83541e-11 1.99304e-09 1.27596e-07 4.81611e-06 0.000107176 0.00140618 0.010878 0.0496308 0.13374 0.21439 0.21175 0.148715 0.101534 0.0717351 0.0387197 0.0135579 0.00315095 0.000568692 9.50275e-05 1.47033e-05 1.99467e-06 2.36026e-07 2.37797e-08 1.97803e-09 1.32715e-10
 1.85488e-11 2.01418e-09 1.2895e-07 4.86721e-06 0.000108313 0.00142109 0.0109934 0.0501561 0.135142 0.216532 0.213362 0.148507 0.0996536 0.06962 0.0375075 0.0131926 0.00311107 0.0005757 9.66611e-05 1.41498e-05 1.70468e-06 1.74892e-07 1.5532e-08 1.16009e-09 7.07178e-11
 2.01023e-11 2.18287e-09 1.3975e-07 5.27485e-06 0.000117384 0.0015401 0.0119137 0.0543477 0.146336 0.23366 0.226421 0.147398 0.0854788 0.0532666 0.0275373 0.00945028 0.00211622 0.000351431 5.22757e-05 7.22065e-06 8.61515e-07 8.67694e-08 7.19528e-09 4.77626e-10 2.54117e-11
#obs surv len freq
 2.17592e-11 2.10221e-09 1.19743e-07 4.02125e-06 7.96184e-05 0.000929437 0.00639808 0.0259941 0.0626195 0.091663 0.0914718 0.0868269 0.0983487 0.108059 0.107792 0.100966 0.0844155 0.0611555 0.0386319 0.0210705 0.00944756 0.00321841 0.000772048 0.000123417 1.26819e-05
 4.28381e-12 3.99188e-10 2.19314e-08 7.10392e-07 1.35676e-05 0.000152835 0.0010173 0.00404022 0.0100587 0.0191281 0.0392741 0.0822687 0.131182 0.154391 0.153374 0.137816 0.108457 0.0750235 0.0460118 0.0239605 0.0099485 0.00309381 0.000678256 9.95518e-05 9.41891e-06
 8.64033e-11 7.75245e-09 4.10097e-07 1.27901e-05 0.000235178 0.00254953 0.0162955 0.0614105 0.136493 0.179226 0.140492 0.071018 0.0384654 0.0491159 0.0737272 0.08099 0.0651625 0.0425698 0.0242497 0.0118043 0.00457197 0.00131022 0.000262059 3.49924e-05 3.01728e-06
 1.09047e-10 9.40533e-09 4.78269e-07 1.43387e-05 0.000253447 0.00264132 0.0162326 0.0588852 0.126735 0.16621 0.14994 0.128408 0.121276 0.0936781 0.0520843 0.0281127 0.0212672 0.0166898 0.0103485 0.00490041 0.00176254 0.000463748 8.48e-05 1.03146e-05 8.08463e-07
 1.29882e-10 1.0752e-08 5.24765e-07 1.51002e-05 0.000256177 0.00256248 0.015116 0.052649 0.108965 0.1385 0.125102 0.114554 0.12097 0.115708 0.0932411 0.0616649 0.0308498 0.0121919 0.00479521 0.00197736 0.000681386 0.000168696 2.83906e-05 3.1492e-06 2.24484e-07
 2.2171e-10 1.75902e-08 8.22805e-07 2.26914e-05 0.00036895 0.00353696 0.0199952 0.0667207 0.132074 0.159202 0.13185 0.105373 0.101315 0.0954452 0.0797107 0.0562885 0.0305835 0.0123362 0.00385067 0.00102037 0.000246747 5.09169e-05 7.75665e-06 7.91092e-07 5.16521e-08
 2.92088e-10 2.21796e-08 9.92964e-07 2.62091e-05 0.000407864 0.00374237 0.0202523 0.0647427 0.123294 0.14596 0.128166 0.119267 0.121432 0.106032 0.0779041 0.0493938 0.0253035 0.0100478 0.00311322 0.000751798 0.000140674 2.06109e-05 2.35032e-06 1.97343e-07 1.13128e-08
 4.28963e-10 3.11354e-08 1.33238e-06 3.36157e-05 0.000500035 0.00438558 0.0226861 0.0693299 0.126273 0.143277 0.121602 0.111365 0.114655 0.106074 0.0843846 0.0549754 0.0269885 0.00988678 0.0028215 0.000636374 0.000109637 1.38414e-05 1.24968e-06 7.97096e-08 3.53786e-09
 6.58873e-10 4.5657e-08 1.86531e-06 4.49298e-05 0.000638062 0.00534277 0.0263877 0.0770188 0.134182 0.146698 0.122794 0.11284 0.11345 0.100522 0.0766504 0.0484627 0.0234633 0.00853174 0.00237419 0.00050533 8.02496e-05 9.21861e-06 7.42661e-07 4.07995e-08 1.49638e-09
 9.23734e-10 6.10422e-08 2.37822e-06 5.46279e-05 0.000739818 0.00590778 0.0278311 0.0775516 0.129589 0.138828 0.121305 0.120425 0.122737 0.105918 0.0769279 0.0448678 0.0193533 0.00612756 0.00149725 0.000289202 4.26411e-05 4.54647e-06 3.36005e-07 1.67143e-08 5.47538e-10
 1.47743e-09 9.30052e-08 3.45181e-06 7.55314e-05 0.000974442 0.00741266 0.0332661 0.0883053 0.14057 0.143445 0.119469 0.114101 0.114681 0.100295 0.0734733 0.0415237 0.0165997 0.00465956 0.000968252 0.000156402 1.96084e-05 1.83348e-06 1.21878e-07 5.52167e-09 1.65022e-10
 2.13574e-09 1.27949e-07 4.51923e-06 9.41096e-05 0.00115546 0.00836538 0.0357377 0.090416 0.138003 0.138614 0.121123 0.122115 0.120276 0.0992477 0.0684607 0.0370013 0.0144307 0.00400474 0.000813044 0.000122569 1.35652e-05 1.08174e-06 6.10266e-08 2.38077e-09 6.2497e-11
 3.02157e-09 1.72111e-07 5.77997e-06 0.000114441 0.00133597 0.0091969 0.0373687 0.0900363 0.131718 0.130262 0.11864 0.125165 0.125002 0.104495 0.0718137 0.0372188 0.0134813 0.00341453 0.000633244 8.85637e-05 9.1811e-06 6.78227e-07 3.45188e-08 1.18279e-09 2.68387e-11
 3.60531e-09 1.9509e-07 6.22398e-06 0.00011707 0.00129835 0.00849254 0.0328135 0.0754894 0.107552 0.111579 0.118951 0.139739 0.142765 0.119901 0.0816191 0.0411233 0.0143574 0.00349248 0.000615422 8.02127e-05 7.62921e-06 5.14965e-07 2.40082e-08 7.53843e-10 1.55794e-11
 5.1387e-09 2.63953e-07 7.99353e-06 0.000142724 0.00150255 0.00932999 0.0342309 0.0748757 0.102051 0.103512 0.11144 0.134152 0.144705 0.130219 0.0909573 0.044477 0.0145501 0.00325438 0.000524034 6.2701e-05 5.50716e-06 3.43019e-07 1.46699e-08 4.20168e-10 7.90071e-12
 9.20113e-09 4.48322e-07 1.28789e-05 0.000218129 0.00217831 0.0128303 0.0446464 0.092561 0.119163 0.112791 0.11197 0.126409 0.130635 0.113966 0.0779554 0.038114 0.0128903 0.0030675 0.000522787 6.33374e-05 5.34666e-06 3.09491e-07 1.21348e-08 3.17636e-10 5.4549e-12
 1.2992e-08 6.00117e-07 1.63432e-05 0.000262415 0.00248445 0.0138765 0.0458391 0.0907102 0.114255 0.114021 0.125167 0.142045 0.136075 0.107306 0.0665763 0.029722 0.00922156 0.00204307 0.000334682 4.03468e-05 3.44507e-06 2.00144e-07 7.68981e-09 1.91882e-10 3.07283e-12
 1.88508e-08 8.2505e-07 2.12897e-05 0.0003239 0.00290572 0.0153797 0.0481707 0.0906126 0.109709 0.108626 0.121263 0.139989 0.138878 0.113155 0.0699082 0.030073 0.00883689 0.00183387 0.000278962 3.12072e-05 2.49964e-06 1.38591e-07 5.15896e-09 1.25608e-10 1.95863e-12
 2.97919e-08 1.23496e-06 3.01819e-05 0.000434906 0.00369532 0.018527 0.0549915 0.0982427 0.113988 0.110561 0.121745 0.136603 0.131801 0.1053 0.0646394 0.0283656 0.00878277 0.00194565 0.000308132 3.4226e-05 2.61324e-06 1.35109e-07 4.66288e-09 1.0567e-10 1.54582e-12
 4.46696e-08 1.75318e-06 4.05681e-05 0.000553476 0.0044529 0.0211439 0.0595076 0.10136 0.114675 0.11392 0.128648 0.140847 0.12953 0.0976226 0.056129 0.0230702 0.00677529 0.00146224 0.000232393 2.63206e-05 2.04039e-06 1.05e-07 3.51499e-09 7.5515e-11 1.03106e-12
 7.15841e-08 2.65944e-06 5.82513e-05 0.00075228 0.00572918 0.0257539 0.068647 0.110951 0.119981 0.115661 0.127457 0.136407 0.123339 0.0903968 0.0494582 0.0190252 0.00517762 0.00103317 0.000153119 1.64488e-05 1.23178e-06 6.20523e-08 2.04405e-09 4.30873e-11 5.72148e-13
 9.57925e-08 3.3682e-06 6.98247e-05 0.000853472 0.00615267 0.0261965 0.066336 0.103277 0.113245 0.120108 0.140617 0.146788 0.125298 0.0860756 0.0441375 0.0159216 0.00405448 0.000752138 0.000102796 1.01425e-05 6.99469e-07 3.27155e-08 1.0111e-09 2.01952e-11 2.56e-13
 1.50508e-07 5.00827e-06 9.82564e-05 0.00113659 0.00775435 0.0312468 0.0748929 0.110402 0.114783 0.116255 0.132891 0.140212 0.12331 0.0853857 0.0426553 0.014709 0.00355387 0.000621644 7.93887e-05 7.2469e-06 4.58804e-07 1.96168e-08 5.53948e-10 1.01356e-11 1.18247e-13
 2.04709e-07 6.44655e-06 0.000119692 0.00131036 0.00846241 0.0323076 0.0736774 0.1053 0.112739 0.124755 0.145805 0.146009 0.11932 0.0773984 0.0368946 0.0123747 0.00294533 0.000506288 6.24863e-05 5.40425e-06 3.1923e-07 1.26054e-08 3.26572e-10 5.45967e-12 5.80757e-14
 2.62998e-07 7.83837e-06 0.000137738 0.0014272 0.00872532 0.0315649 0.068519 0.0950288 0.104339 0.123471 0.149479 0.153357 0.128046 0.0824865 0.0379584 0.0121602 0.0027716 0.000459444 5.48966e-05 4.58459e-06 2.59332e-07 9.69586e-09 2.35177e-10 3.647e-12 3.574e-14
 4.22539e-07 1.19196e-05 0.000198249 0.00194432 0.0112512 0.038529 0.0791897 0.104068 0.108514 0.12284 0.144664 0.146993 0.121214 0.0753984 0.0328524 0.00986588 0.00210031 0.000325481 3.65072e-05 2.87671e-06 1.5412e-07 5.46387e-09 1.25459e-10 1.8346e-12 1.68656e-14
 5.45927e-07 1.45782e-05 0.000229529 0.00213117 0.0116806 0.0379639 0.0747651 0.0977524 0.110246 0.136075 0.158459 0.150713 0.115232 0.0671035 0.027741 0.00798789 0.00163469 0.000241512 2.5484e-05 1.87073e-06 9.30398e-08 3.0645e-09 6.55358e-11 8.94665e-13 7.68927e-15
 8.26236e-07 2.08883e-05 0.000311361 0.00273702 0.0142027 0.0437104 0.08155 0.101182 0.108965 0.130675 0.152423 0.148942 0.115517 0.0656421 0.0256957 0.00690764 0.00131624 0.000181798 1.80107e-05 1.24113e-06 5.76906e-08 1.76571e-09 3.49278e-11 4.39988e-13 3.48787e-15
 1.10945e-06 2.6558e-05 0.000374849 0.00312048 0.0153432 0.0448622 0.0804503 0.100012 0.115375 0.144208 0.16176 0.146716 0.105229 0.0557451 0.0205086 0.0052022 0.000933362 0.000120487 1.10731e-05 7.0545e-07 3.03228e-08 8.59342e-10 1.57472e-11 1.83602e-13 1.34471e-15
#pred catch len freq
 5.38611e-12 5.84868e-10 3.74438e-08 1.41332e-06 3.1452e-05 0.000412704 0.00319435 0.014614 0.0399283 0.0684379 0.088575 0.11872 0.158437 0.161396 0.123489 0.0839615 0.055 0.0335317 0.0196142 0.0115723 0.00713768 0.00478995 0.0034635 0.0023837 0.00130834
 3.33768e-12 3.62432e-10 2.32033e-08 8.75813e-07 1.94906e-05 0.000255763 0.00198018 0.0090722 0.0249646 0.0442081 0.0635327 0.0985048 0.143211 0.157165 0.137973 0.112173 0.0835716 0.0544946 0.0319798 0.0173488 0.00905358 0.00489482 0.0028994 0.0017688 0.000928233
 6.66353e-12 7.2358e-10 4.63242e-08 1.74851e-06 3.89108e-05 0.000510542 0.00395027 0.0180409 0.0488606 0.0803177 0.0888177 0.0885209 0.0997198 0.107646 0.105818 0.100959 0.0886773 0.0688322 0.0467015 0.0272026 0.013789 0.0064206 0.00300302 0.00148179 0.000690492
 9.1295e-12 9.91354e-10 6.34674e-08 2.39558e-06 5.33105e-05 0.000699476 0.00541208 0.0247158 0.0669213 0.109865 0.120758 0.117777 0.125446 0.117247 0.0851988 0.0585257 0.0469756 0.0409477 0.0331622 0.022936 0.013137 0.00624288 0.00258135 0.0010118 0.000383785
 9.85281e-12 1.0699e-09 6.84958e-08 2.58538e-06 5.75342e-05 0.000754895 0.00584092 0.026675 0.0722384 0.118692 0.130912 0.128761 0.138123 0.128978 0.0915813 0.0563504 0.0347113 0.0223591 0.0161246 0.0122208 0.00824593 0.00450398 0.00195416 0.000697271 0.00021665
 1.1471e-11 1.24561e-09 7.97451e-08 3.00998e-06 6.6983e-05 0.000878861 0.00679969 0.0310444 0.0839437 0.1369 0.146269 0.132531 0.131441 0.119524 0.0848248 0.0524443 0.031572 0.0180227 0.0100184 0.00594108 0.00380419 0.00229457 0.00112688 0.00042497 0.000123901
 1.19939e-11 1.30239e-09 8.33803e-08 3.14719e-06 7.00365e-05 0.000918925 0.00710968 0.0324602 0.0877787 0.143207 0.153242 0.139299 0.137841 0.122536 0.0812169 0.0442625 0.0238132 0.0128963 0.00673205 0.00336887 0.00168598 0.000881223 0.000440465 0.000180376 5.52141e-05
 1.11482e-11 1.21056e-09 7.75009e-08 2.92528e-06 6.50982e-05 0.000854137 0.00660866 0.0301782 0.0816842 0.133879 0.146115 0.139881 0.145695 0.132161 0.0881873 0.0478601 0.0246988 0.0121309 0.0056106 0.00252526 0.00109983 0.000465702 0.000195821 7.67038e-05 2.43388e-05
 1.21315e-11 1.31734e-09 8.4337e-08 3.1833e-06 7.08401e-05 0.000929469 0.00719124 0.032832 0.0887767 0.144776 0.154647 0.139917 0.137885 0.122734 0.0819595 0.0449407 0.0234456 0.0114764 0.00509924 0.00208989 0.000797734 0.000287568 9.91286e-05 3.25265e-05 9.50982e-06
 1.30533e-11 1.41743e-09 9.07452e-08 3.42518e-06 7.62227e-05 0.00100009 0.0077374 0.0353209 0.0954431 0.155135 0.163328 0.141831 0.133433 0.115808 0.0753246 0.0394768 0.0197221 0.0095116 0.00423274 0.00171627 0.000621475 0.000200273 5.83416e-05 1.5621e-05 3.80773e-06
 1.35201e-11 1.46813e-09 9.39908e-08 3.54768e-06 7.89488e-05 0.00103585 0.00801406 0.0365823 0.0988312 0.160477 0.168178 0.144057 0.133149 0.11381 0.0719136 0.0353847 0.0162588 0.00730967 0.00308663 0.00121452 0.000433304 0.000135368 3.63104e-05 8.36061e-06 1.67147e-06
 1.4024e-11 1.52283e-09 9.74933e-08 3.67989e-06 8.18908e-05 0.00107445 0.00831259 0.037943 0.102479 0.166177 0.173103 0.145608 0.131523 0.110704 0.0684164 0.0320112 0.0136042 0.00562732 0.00217513 0.000786352 0.000263342 7.9039e-05 2.04788e-05 4.42393e-06 7.82208e-07
 1.43163e-11 1.55457e-09 9.95253e-08 3.75658e-06 8.35975e-05 0.00109684 0.00848578 0.0387325 0.104597 0.169494 0.176011 0.146644 0.130786 0.109031 0.0663116 0.0298472 0.0118973 0.00458526 0.00163518 0.000537354 0.000162884 4.46553e-05 1.07944e-05 2.21287e-06 3.68481e-07
 1.38008e-11 1.4986e-09 9.59417e-08 3.62132e-06 8.05875e-05 0.00105735 0.00818038 0.0373414 0.100879 0.16378 0.171529 0.146605 0.13488 0.114098 0.0698994 0.0317641 0.0127467 0.00483446 0.00164086 0.000499509 0.000138013 3.40816e-05 7.40688e-06 1.3834e-06 2.13918e-07
 1.288e-11 1.39861e-09 8.95404e-08 3.3797e-06 7.52107e-05 0.000986813 0.00763489 0.0348571 0.0942471 0.153652 0.163903 0.147578 0.143761 0.124098 0.0756509 0.0335216 0.0129557 0.00480219 0.00162013 0.000486519 0.000128743 2.94511e-05 5.78878e-06 9.67353e-07 1.34329e-07
 1.36637e-11 1.48371e-09 9.49887e-08 3.58535e-06 7.9787e-05 0.00104685 0.00809917 0.0369714 0.0998896 0.162255 0.170313 0.146529 0.135873 0.115393 0.0709087 0.0323923 0.0130574 0.0049219 0.00163241 0.000476818 0.000123642 2.76466e-05 5.1872e-06 8.01288e-07 1.00407e-07
 1.48388e-11 1.61132e-09 1.03158e-07 3.8937e-06 8.66488e-05 0.00113687 0.00879538 0.0401432 0.108374 0.175344 0.180825 0.147436 0.127809 0.104783 0.0626218 0.0271087 0.0101378 0.00367456 0.00123179 0.00036766 9.53279e-05 2.08947e-05 3.82044e-06 5.71053e-07 6.78629e-08
 1.50457e-11 1.63378e-09 1.04596e-07 3.94798e-06 8.78567e-05 0.00115272 0.00891795 0.0407018 0.10987 0.177673 0.182794 0.147924 0.126905 0.103313 0.0611547 0.0258315 0.00919979 0.00312774 0.000977621 0.000275597 7.00992e-05 1.54641e-05 2.83275e-06 4.17365e-07 4.82875e-08
 1.51983e-11 1.65035e-09 1.05657e-07 3.98803e-06 8.8748e-05 0.00116442 0.00900841 0.0411144 0.11098 0.179435 0.184452 0.148847 0.127092 0.102776 0.0597939 0.0240672 0.00781806 0.00241582 0.000702823 0.000184881 4.37298e-05 9.08184e-06 1.61111e-06 2.35499e-07 2.71461e-08
 1.61774e-11 1.75667e-09 1.12463e-07 4.24493e-06 9.44649e-05 0.00123942 0.00958843 0.0437562 0.118037 0.190246 0.192762 0.148369 0.118501 0.0927272 0.0534876 0.0214629 0.00691311 0.00207472 0.000566102 0.000135512 2.91122e-05 5.55667e-06 9.13514e-07 1.25578e-07 1.39411e-08
 1.67226e-11 1.81588e-09 1.16254e-07 4.38801e-06 9.76489e-05 0.00128119 0.00991149 0.045228 0.121974 0.196322 0.19765 0.148819 0.114803 0.0878311 0.0496255 0.0189655 0.00552021 0.0014801 0.000378527 8.71234e-05 1.77091e-05 3.1064e-06 4.62391e-07 5.78301e-08 5.92433e-09
 1.68865e-11 1.83367e-09 1.17393e-07 4.43101e-06 9.86056e-05 0.00129374 0.0100086 0.0456701 0.123155 0.198133 0.199048 0.14876 0.113401 0.0861815 0.0485822 0.018518 0.00533952 0.00138973 0.000332839 6.92899e-05 1.27514e-05 2.08175e-06 2.90604e-07 3.35349e-08 3.12287e-09
 1.67144e-11 1.81499e-09 1.16197e-07 4.38586e-06 9.76011e-05 0.00128056 0.00990664 0.045206 0.121917 0.196249 0.197661 0.149045 0.115217 0.0881539 0.0496127 0.0187006 0.00524868 0.00131839 0.000307453 6.2297e-05 1.0895e-05 1.63605e-06 2.06795e-07 2.1796e-08 1.87538e-09
 1.77484e-11 1.92726e-09 1.23385e-07 4.65717e-06 0.000103639 0.00135977 0.0105192 0.047996 0.129369 0.207662 0.206418 0.148487 0.106058 0.0774541 0.0429042 0.0159592 0.00436043 0.00105246 0.000236407 4.62331e-05 7.80164e-06 1.13057e-06 1.36241e-07 1.33554e-08 1.0484e-09
 1.79828e-11 1.95272e-09 1.25015e-07 4.71869e-06 0.000105008 0.00137773 0.0106581 0.0486287 0.13106 0.210264 0.208474 0.148554 0.104275 0.0752199 0.0412953 0.0150612 0.00391877 0.000877025 0.000184708 3.4451e-05 5.56282e-06 7.73169e-07 8.95623e-08 8.42989e-09 6.30285e-10
 1.81207e-11 1.9677e-09 1.25974e-07 4.75488e-06 0.000105813 0.0013883 0.0107398 0.0490009 0.132056 0.2118 0.209703 0.148647 0.103308 0.07396 0.0403257 0.0144568 0.00359154 0.000740258 0.000143142 2.47321e-05 3.69821e-06 4.80549e-07 5.27418e-08 4.73699e-09 3.39128e-10
 1.85924e-11 2.01891e-09 1.29252e-07 4.87863e-06 0.000108567 0.00142443 0.0110192 0.0502736 0.135456 0.217016 0.213745 0.148524 0.0993286 0.0692067 0.037201 0.0130145 0.00302415 0.000545791 9.12004e-05 1.41111e-05 1.91433e-06 2.2652e-07 2.2822e-08 1.89837e-09 1.2737e-10
 1.8993e-11 2.06241e-09 1.32037e-07 4.98375e-06 0.000110906 0.00145512 0.0112565 0.0513544 0.138342 0.221426 0.217082 0.148155 0.0955487 0.064911 0.0346744 0.0121738 0.00286977 0.000531016 8.91577e-05 1.30514e-05 1.57235e-06 1.61316e-07 1.43263e-08 1.07004e-09 6.52283e-11
 1.97012e-11 2.13932e-09 1.36961e-07 5.16959e-06 0.000115042 0.00150937 0.0116761 0.0532655 0.143446 0.22924 0.223064 0.147728 0.0892042 0.0575312 0.0300904 0.0103534 0.00231965 0.00038525 5.73072e-05 7.91564e-06 9.44437e-07 9.5121e-08 7.88783e-09 5.23598e-10 2.78576e-11
#obs catch len freq
 1.48467e-11 1.43438e-09 8.1703e-08 2.74378e-06 5.43256e-05 0.000634195 0.00436632 0.0177534 0.0429485 0.0642488 0.070209 0.0808724 0.105623 0.123485 0.127093 0.117597 0.0938203 0.0661257 0.0430785 0.0249963 0.0117821 0.00412666 0.00100374 0.000161713 1.67102e-05
 1.47077e-11 1.37054e-09 7.52971e-08 2.43896e-06 4.65777e-05 0.000524487 0.00348395 0.0136853 0.0322075 0.0484754 0.0593612 0.0825245 0.115331 0.132097 0.132066 0.122808 0.10138 0.0724251 0.0450044 0.0239684 0.0103648 0.00336092 0.000759538 0.000113567 1.08619e-05
 1.25318e-12 1.1244e-10 5.94809e-09 1.85527e-07 3.41322e-06 3.71095e-05 0.000240892 0.000983231 0.00309152 0.0104945 0.035355 0.0860431 0.138502 0.161064 0.158641 0.140976 0.109493 0.0747766 0.0450415 0.0228119 0.00911033 0.00269467 0.000556412 7.63617e-05 6.72174e-06
 1.74252e-11 1.50292e-09 7.64249e-08 2.29124e-06 4.04995e-05 0.000422072 0.00259396 0.00941087 0.0202695 0.0267381 0.0254148 0.0296044 0.0577508 0.117264 0.179302 0.191541 0.15055 0.0967421 0.0541014 0.0255936 0.0095163 0.00258948 0.000487437 6.08429e-05 4.88026e-06
 5.10058e-11 4.22239e-09 2.0608e-07 5.93004e-06 0.000100609 0.00100663 0.00594641 0.0208664 0.044891 0.0680149 0.101193 0.161871 0.200678 0.161234 0.0890925 0.0492333 0.037843 0.0290508 0.0174412 0.00796814 0.00274463 0.000684977 0.000117797 1.33885e-05 9.7603e-07
 1.51906e-10 1.20521e-08 5.63751e-07 1.55472e-05 0.000252792 0.00242354 0.0137049 0.0458045 0.0914426 0.115002 0.11225 0.121121 0.138307 0.132634 0.105308 0.0679 0.0329949 0.0128649 0.00506659 0.00204666 0.000674459 0.000157902 2.49564e-05 2.58546e-06 1.7139e-07
 2.92643e-10 2.22218e-08 9.94852e-07 2.62589e-05 0.000408638 0.00374942 0.0202892 0.0648379 0.12325 0.144597 0.122794 0.108634 0.1112 0.105101 0.0866644 0.0597369 0.0314414 0.0122859 0.0037341 0.000969043 0.000228068 4.4955e-05 6.4442e-06 6.13595e-07 3.72409e-08
 3.51646e-10 2.55235e-08 1.09223e-06 2.75568e-05 0.000409912 0.00359536 0.0186038 0.0569408 0.104537 0.12323 0.118944 0.129393 0.139377 0.121088 0.0877519 0.054492 0.0271343 0.0104533 0.00313673 0.0007309 0.000131555 1.84616e-05 1.99858e-06 1.57604e-07 8.41756e-09
 5.70196e-10 3.9512e-08 1.61426e-06 3.88828e-05 0.00055219 0.00462385 0.0228402 0.0667139 0.116679 0.129963 0.116027 0.117297 0.124794 0.114546 0.0895141 0.0566684 0.0268868 0.00953597 0.00263699 0.000573494 9.45736e-05 1.1357e-05 9.70285e-07 5.82514e-08 2.41913e-09
 9.44549e-10 6.24176e-08 2.43181e-06 5.58588e-05 0.000756486 0.00604082 0.0284563 0.0792698 0.132255 0.14066 0.120105 0.115958 0.117401 0.102576 0.0767989 0.0472153 0.0220979 0.00776588 0.00208609 0.000426666 6.47307e-05 7.06151e-06 5.37186e-07 2.77286e-08 9.51478e-10
 1.3726e-09 8.6406e-08 3.20689e-06 7.01721e-05 0.000905306 0.00688695 0.0309117 0.0821243 0.13129 0.136627 0.120605 0.122356 0.123413 0.104462 0.0742012 0.0418947 0.0174026 0.00531909 0.00125732 0.000233902 3.29462e-05 3.33127e-06 2.32158e-07 1.08407e-08 3.32097e-10
 2.22089e-09 1.3305e-07 4.69942e-06 9.78617e-05 0.00120152 0.00869864 0.0371565 0.0939417 0.14289 0.141329 0.118411 0.11522 0.114682 0.0984056 0.0702323 0.0382171 0.0146369 0.00394601 0.000790593 0.000123028 1.47713e-05 1.31279e-06 8.23775e-08 3.50361e-09 9.78882e-11
 3.27964e-09 1.86811e-07 6.27362e-06 0.000124215 0.00145006 0.00998206 0.0405532 0.0976378 0.142314 0.138496 0.120938 0.121984 0.117742 0.0950621 0.0639034 0.033292 0.0124496 0.00331517 0.000646199 9.32823e-05 9.84324e-06 7.45109e-07 3.97177e-08 1.45688e-09 3.57966e-11
 4.71199e-09 2.54975e-07 8.13448e-06 0.000153005 0.00169683 0.0110973 0.0428435 0.0981617 0.137076 0.131329 0.118992 0.124399 0.121389 0.0991518 0.066115 0.0328768 0.0113825 0.00276261 0.000492193 6.59692e-05 6.51459e-06 4.55716e-07 2.18607e-08 7.03336e-10 1.49358e-11
 5.7875e-09 2.97278e-07 9.00276e-06 0.000160743 0.00169225 0.0105078 0.0385492 0.0842882 0.114647 0.11524 0.120896 0.138515 0.137589 0.112685 0.0741976 0.0357876 0.0119274 0.00277605 0.000468783 5.84108e-05 5.28532e-06 3.37713e-07 1.48363e-08 4.37171e-10 8.44905e-12
 8.26217e-09 4.02572e-07 1.15647e-05 0.00019587 0.00195606 0.0115223 0.0401128 0.0833523 0.108485 0.106852 0.113542 0.133791 0.140816 0.123216 0.0826674 0.0384931 0.0119828 0.00255992 0.000394859 4.51727e-05 3.77337e-06 2.22285e-07 8.94978e-09 2.40411e-10 4.22626e-12
 1.49875e-08 6.92295e-07 1.88535e-05 0.000302719 0.0028659 0.0160033 0.0528031 0.103881 0.127337 0.116042 0.112349 0.123493 0.124398 0.105504 0.0693731 0.0323734 0.0104465 0.00237464 0.000385984 4.44317e-05 3.55041e-06 1.93926e-07 7.15218e-09 1.75514e-10 2.817e-12
 2.1207e-08 9.28174e-07 2.39508e-05 0.000364384 0.00326885 0.0173006 0.054168 0.101715 0.122155 0.117712 0.125659 0.137987 0.128385 0.098349 0.0586687 0.0249942 0.00740172 0.0015699 0.000246059 2.82319e-05 2.27982e-06 1.24637e-07 4.4902e-09 1.04775e-10 1.56563e-12
 3.06219e-08 1.26936e-06 3.10228e-05 0.000447022 0.00379824 0.0190423 0.0565113 0.100872 0.116606 0.111933 0.122029 0.136854 0.132122 0.104224 0.0616198 0.0252219 0.00706097 0.00140056 0.000203641 2.16862e-05 1.64442e-06 8.58728e-08 2.99765e-09 6.82023e-11 9.91077e-13
 4.89854e-08 1.92257e-06 4.44875e-05 0.000606944 0.00488284 0.0231801 0.0651637 0.110379 0.121952 0.113772 0.121131 0.131534 0.123443 0.0955073 0.0561979 0.0235334 0.00695468 0.00146948 0.000221224 2.32632e-05 1.6757e-06 8.14775e-08 2.63602e-09 5.58262e-11 7.611e-13
 7.40195e-08 2.74992e-06 6.02331e-05 0.000777872 0.00592402 0.0266284 0.0709594 0.114544 0.123203 0.117074 0.126866 0.133926 0.119571 0.08712 0.047965 0.0188181 0.00528507 0.00109097 0.000165097 1.7692e-05 1.29073e-06 6.22683e-08 1.94853e-09 3.90421e-11 4.96209e-13
 1.1927e-07 4.1937e-06 8.69371e-05 0.00106261 0.00765917 0.0325867 0.0822184 0.125825 0.128937 0.117954 0.123888 0.127644 0.111886 0.0790263 0.0412877 0.0151317 0.00393373 0.000750782 0.000106063 1.07954e-05 7.61492e-07 3.59624e-08 1.10645e-09 2.1723e-11 2.68104e-13
 1.60819e-07 5.35138e-06 0.000104988 0.00121446 0.00828557 0.033387 0.0800181 0.117917 0.122334 0.122657 0.136411 0.136844 0.113106 0.0748303 0.0366263 0.0125809 0.00305725 0.000541706 7.04945e-05 6.58761e-06 4.28053e-07 1.87788e-08 5.42299e-10 1.00897e-11 1.18851e-13
 2.53629e-07 7.98707e-06 0.000148293 0.0016234 0.0104816 0.0399709 0.0906531 0.126355 0.123809 0.117718 0.12749 0.129437 0.110033 0.0730473 0.0347224 0.0113846 0.0026221 0.000437484 5.31147e-05 4.58604e-06 2.7332e-07 1.09563e-08 2.89056e-10 4.92693e-12 5.3418e-14
 3.46603e-07 1.03301e-05 0.000181521 0.00188077 0.0114953 0.0415328 0.0896103 0.120975 0.121653 0.12587 0.139144 0.133918 0.105788 0.0658787 0.0299332 0.00955894 0.00216861 0.000354878 4.15283e-05 3.38969e-06 1.88202e-07 6.96037e-09 1.68364e-10 2.62106e-12 2.59049e-14
 4.60571e-07 1.29925e-05 0.000216092 0.00211928 0.0122627 0.0419776 0.086128 0.112324 0.114286 0.124561 0.142059 0.140041 0.112658 0.0693719 0.0303586 0.00925502 0.00201113 0.000317391 3.59348e-05 2.82874e-06 1.50163e-07 5.25043e-09 1.18761e-10 1.71348e-12 1.55929e-14
 7.3745e-07 1.96925e-05 0.000310043 0.00287837 0.015766 0.0510895 0.0992239 0.122432 0.117747 0.122076 0.135245 0.131967 0.104561 0.061991 0.0256431 0.00732165 0.00148536 0.000219122 2.32909e-05 1.72992e-06 8.69555e-08 2.88148e-09 6.16573e-11 8.38228e-13 7.15063e-15
 9.6309e-07 2.43481e-05 0.00036293 0.00319022 0.0165517 0.0508987 0.0946066 0.115563 0.119125 0.134517 0.147586 0.13474 0.0989947 0.0549913 0.0216011 0.00591493 0.00115239 0.000161778 1.61505e-05 1.11649e-06 5.20799e-08 1.60319e-09 3.19465e-11 4.05377e-13 3.23211e-15
 1.48109e-06 3.54538e-05 0.000500387 0.00416474 0.0204591 0.0595651 0.104765 0.120837 0.117432 0.127338 0.139572 0.130674 0.0969304 0.0523208 0.0194159 0.00495868 0.000899369 0.000118038 1.10601e-05 7.17209e-07 3.12393e-08 8.92918e-10 1.64499e-11 1.92557e-13 1.41581e-15
#spawning biomass
 12482.3 10199.3 7805.81 7408.65 9336.69 14059.3 19459.6 27816.9 34539.5 48491.2 66259.1 82957.2 102439 131542 124719 112283 106132 115726 105063 103819 102935 114531 118305 121001 135480 134166 113750 118233 135861 196901 282023 211804 142450 93081.2 63059.8 46430.6 37763.6 33432.3 31331.9 30335.4 29870.4 29656.1 29558.2 29513.7 29493.6 29484.7 29480.7 29479 29478.2 29477.9 29477.7 29477.7 29477.6 29477.6 29477.6 29477.6 29477.6 29477.6 29477.6 29477.6 29477.6 29477.6 29477.6 29477.6 29477.6 29477.6 29477.6 29477.6 29477.6 29477.6 29477.6 29477.6 29477.6 29477.6 29477.6 29477.6 29477.6 29477.6 29477.6 29477.6 29477.6 29477.6 29477.6 29477.6 29477.6 29477.6 29477.6 29477.6 29477.6 29477.6 29477.6 29477.6 29477.6 29477.6 29477.6 29477.6 29477.6 29477.6 29477.6 29477.6 29477.6 29477.6 29477.6 29477.6 29477.6 29477.6 29477.6 29477.6 29477.6 29477.6 29477.6 29477.6 29477.6 29477.6 29477.6 29477.6 29477.6 29477.6 29477.6 29477.6 29477.6 29477.6 29477.6 29477.6 29477.6 29477.6 29477.6 29477.6 29477.6 0 0 0 0 0 0 0 0 0 0 0 0 0 0 0 0 0 0 0 0 0 0 0 0 0
