SBPRF35
1.61014
Curr Bio
138413
B35
1.12567e+06
F35
0.162198
FOFL
0
OFL
0
Bzero
460039
#pred survey bio
 10620.1 10034.3 13854.3 18636 22480.7 27950.8 35790.5 41621.3 48919.5 56033.8 75162.1 95838 126409 131354 129986 103232 104120 96149.2 96256.5 92790.5 95782.8 102705 110143 115453 127661 133626 118671 109663 2.82232e+06 4.64185e+06 6.26833e+06 6.99682e+06 7.10435e+06 6.86343e+06 6.45853e+06 6.00412e+06 5.56464e+06 5.17154e+06 4.83628e+06 4.55911e+06 4.33478e+06 4.15552e+06 4.01066e+06 3.89255e+06 3.80267e+06 3.73404e+06 3.68145e+06 3.64099e+06 3.60972e+06 3.58544e+06 3.56649e+06 3.55161e+06 3.53987e+06 3.53054e+06 3.52308e+06 3.51707e+06 3.5122e+06 3.50823e+06 3.50497e+06 3.50227e+06 3.50003e+06 3.49816e+06 3.49658e+06 3.49524e+06 3.49411e+06 3.49314e+06 3.49231e+06 3.4916e+06 3.49099e+06 3.49046e+06 3.49e+06 3.4896e+06 3.48925e+06 3.48895e+06 3.48868e+06 3.48845e+06 3.48825e+06 3.48807e+06 3.48792e+06 3.48778e+06 3.48766e+06 3.48756e+06 3.48746e+06 3.48738e+06 3.48731e+06 3.48725e+06 3.4872e+06 3.48715e+06 3.4871e+06 3.48707e+06 3.48703e+06 3.48701e+06 3.48698e+06 3.48696e+06 3.48694e+06 3.48692e+06 3.48691e+06 3.48689e+06 3.48688e+06 3.48687e+06 3.48686e+06 3.48685e+06 3.48685e+06 3.48684e+06 3.48683e+06 3.48683e+06 3.48683e+06 3.48682e+06 3.48682e+06 3.48682e+06 3.48681e+06 3.48681e+06 3.48681e+06 3.48681e+06 3.48681e+06 3.4868e+06 3.4868e+06 3.4868e+06 3.4868e+06 3.4868e+06 3.4868e+06 3.4868e+06 3.4868e+06 3.4868e+06 3.4868e+06 3.4868e+06 3.4868e+06 3.4868e+06 0 0 0 0 0 0 0 0 0 0 0 0 0 0 0 0 0 0 0 0 0 0 0 0 0
#obs survey bio
 9531.74 7805.75 14562.1 22059.7 24880.1 22119.6 33456.8 27984.1 49706.4 49618.3 58051.1 77813.7 148600 96336 87255.9 97819.2 90870 81716.7 62926.6 82662.2 70354.8 77016.4 94966.2 83382 144821 114702 112326 140510
#pred catch bio
 6773.51 5349.74 7015.76 10323.8 13331.8 16651.8 23892.8 27885.9 34727.1 35983.9 52329.7 58060.3 81264.8 96158.8 112848 84485.3 91263.4 82803.7 84678.3 81143.6 83518 86971.5 95090.9 100473 112106 125093 110109 93516.7 0 25663.8 40667.2 46066 46428.8 44453.4 41431.4 38121.8 34956.2 32146.7 29768.3 27818 26254.5 25019.6 24040.9 23263.8 22682.3 22247.2 21921.5 21677.9 21495.5 21359.1 21257 21180.5 21123.4 21080.6 21048.6 21024.6 21006.7 20993.3 20983.2 20975.7 20970.1 20965.9 20962.7 20960.4 20958.6 20957.3 20956.3 20955.6 20955 20954.6 20954.3 20954.1 20953.9 20953.8 20953.7 20953.6 20953.5 20953.5 20953.5 20953.4 20953.4 20953.4 20953.4 20953.4 20953.4 20953.4 20953.4 20953.4 20953.4 20953.4 20953.4 20953.4 20953.4 20953.4 20953.4 20953.4 20953.4 20953.4 20953.4 20953.4 20953.4 20953.4 20953.4 20953.4 20953.4 20953.4 20953.4 20953.4 20953.4 20953.4 20953.4 20953.4 20953.4 20953.4 20953.4 20953.4 20953.4 20953.4 20953.4 20953.4 20953.4 20953.4 20953.4 20953.4 20953.4 20953.4 20953.4 20953.4 0 0 0 0 0 0 0 0 0 0 0 0 0 0 0 0 0 0 0 0 0 0 0 0 0
#obs catch bio
 5682.47 5356.56 6887.76 10048.8 13300.8 16296.2 23844.2 27668.9 34294.1 35175.9 52334.6 57107.6 77972 93512.8 113713 83262.3 90239.5 80881.1 82577.6 79629.5 82218.7 83116.3 91566.9 97203.7 106797 122220 107266 92184.7
#pred cpue bio
 7713.25 6672.11 8325.54 11401.8 14039.7 16892.8 21642.6 24788 28605.4 29450.2 40690 51229.2 65794.5 71559.4 77680.4 59052.4 58313.6 52495.2 51768.5 49952.7 49264.1 51915.9 56774.6 56938.1 62165.9 67719.8 60469.9 55693.1 1.49144e+06 3.76262e+06 6.04252e+06 6.88439e+06 6.97295e+06 6.7175e+06 6.30713e+06 5.85099e+06 5.411e+06 5.01776e+06 4.68245e+06 4.40527e+06 4.18094e+06 4.00167e+06 3.85682e+06 3.73871e+06 3.64882e+06 3.5802e+06 3.52761e+06 3.48714e+06 3.45587e+06 3.43159e+06 3.41264e+06 3.39777e+06 3.38602e+06 3.37669e+06 3.36923e+06 3.36322e+06 3.35836e+06 3.35439e+06 3.35112e+06 3.34843e+06 3.34619e+06 3.34431e+06 3.34273e+06 3.3414e+06 3.34027e+06 3.3393e+06 3.33847e+06 3.33776e+06 3.33714e+06 3.33661e+06 3.33615e+06 3.33575e+06 3.3354e+06 3.3351e+06 3.33484e+06 3.33461e+06 3.3344e+06 3.33423e+06 3.33407e+06 3.33394e+06 3.33382e+06 3.33371e+06 3.33362e+06 3.33354e+06 3.33347e+06 3.3334e+06 3.33335e+06 3.3333e+06 3.33326e+06 3.33322e+06 3.33319e+06 3.33316e+06 3.33314e+06 3.33311e+06 3.33309e+06 3.33308e+06 3.33306e+06 3.33305e+06 3.33304e+06 3.33303e+06 3.33302e+06 3.33301e+06 3.333e+06 3.333e+06 3.33299e+06 3.33298e+06 3.33298e+06 3.33298e+06 3.33297e+06 3.33297e+06 3.33297e+06 3.33297e+06 3.33296e+06 3.33296e+06 3.33296e+06 3.33296e+06 3.33296e+06 3.33296e+06 3.33296e+06 3.33296e+06 3.33295e+06 3.33295e+06 3.33295e+06 3.33295e+06 3.33295e+06 3.33295e+06 3.33295e+06 3.33295e+06 0 0 0 0 0 0 0 0 0 0 0 0 0 0 0 0 0 0 0 0 0 0 0 0 0
#obs cpue bio
 6486.12 7991.43 12360.1 13792.6 12531.3 29349.2 24210.8 38601.4 45021.2 40844.5 40914 111523 119032 115831 97396.8 91862.2 70601.4 105272 94518.5 84803 87151.8 136922 131363 123107 118225 101452 97248.4 68097.6
#pred surv len freq
 2.56128e-27 2.58337e-27 2.89079e-26 5.5585e-20 1.3626e-14 4.03763e-10 1.44621e-06 0.000626154 0.0327706 0.207316 0.158933 0.0396253 0.189949 0.175707 0.0449325 0.0587249 0.0252016 0.0193161 0.0118285 0.00895934 0.00700702 0.00604488 0.00605438 0.00536479 0.00163738
 2.56393e-27 2.5907e-27 3.53851e-26 6.92491e-20 1.69756e-14 5.03017e-10 1.80172e-06 0.000780077 0.0408264 0.258279 0.197818 0.03776 0.148438 0.137992 0.0492916 0.0778702 0.0265069 0.0111328 0.0049313 0.00277996 0.00176485 0.00130259 0.00115625 0.0010253 0.000342995
 2.56629e-27 2.59683e-27 4.05253e-26 8.00915e-20 1.96335e-14 5.81775e-10 2.08382e-06 0.000902214 0.0472186 0.298718 0.228714 0.0388688 0.135169 0.125122 0.0356935 0.0502199 0.0200206 0.0126962 0.00408931 0.00127585 0.000530993 0.000296599 0.000217685 0.000181471 6.28825e-05
 2.56444e-27 2.59167e-27 3.58137e-26 7.01515e-20 1.71968e-14 5.09572e-10 1.8252e-06 0.000790242 0.0413584 0.261645 0.200445 0.0413892 0.17421 0.160982 0.0390579 0.0487286 0.0174588 0.00868447 0.00347289 0.0012976 0.00029437 9.09976e-05 4.68181e-05 3.3578e-05 1.15245e-05
 2.56438e-27 2.59166e-27 3.59583e-26 7.04572e-20 1.72717e-14 5.11792e-10 1.83315e-06 0.000793686 0.0415386 0.262785 0.201294 0.0399938 0.162996 0.151006 0.0440611 0.0626031 0.0209242 0.00806414 0.00270352 0.000907162 0.000258601 4.97535e-05 1.20133e-05 6.12596e-06 1.97189e-06
 2.56529e-27 2.59403e-27 3.79739e-26 7.4709e-20 1.8314e-14 5.42677e-10 1.94378e-06 0.000841581 0.0440453 0.278643 0.213405 0.0401418 0.155613 0.143987 0.0390847 0.0530687 0.0187828 0.00881895 0.00267782 0.00068609 0.000162423 3.40228e-05 4.84481e-06 1.10838e-06 2.96695e-07
 2.56478e-27 2.59258e-27 3.66196e-26 7.18516e-20 1.76136e-14 5.21921e-10 1.86943e-06 0.000809394 0.0423608 0.267986 0.205283 0.0411188 0.168754 0.156007 0.0392789 0.0504414 0.0173032 0.00737527 0.00242385 0.000698603 0.00013256 2.19477e-05 2.90664e-06 3.00778e-07 4.65317e-08
 2.565e-27 2.59314e-27 3.70588e-26 7.2778e-20 1.78406e-14 5.2865e-10 1.89354e-06 0.000819829 0.0429069 0.271441 0.207925 0.0413635 0.16876 0.155967 0.0384835 0.0485819 0.0158874 0.00558041 0.0017065 0.000460933 9.76483e-05 1.44006e-05 1.47113e-06 1.09539e-07 7.18963e-09
 2.56544e-27 2.59428e-27 3.80259e-26 7.48181e-20 1.83408e-14 5.43469e-10 1.94662e-06 0.00084281 0.0441096 0.27905 0.213735 0.0413847 0.16484 0.152289 0.0367506 0.0455414 0.0147469 0.00493286 0.00139117 0.00031312 6.0454e-05 9.26772e-06 8.75234e-07 4.88764e-08 1.74404e-09
 2.5678e-27 2.60052e-27 4.3389e-26 8.61314e-20 2.11141e-14 6.25648e-10 2.24097e-06 0.000970253 0.0507795 0.321245 0.245951 0.041108 0.1401 0.129172 0.027457 0.0301251 0.00946073 0.00271561 0.000734238 0.000151421 2.48205e-05 3.29544e-06 3.08039e-07 1.5599e-08 3.85215e-10
 2.56657e-27 2.5971e-27 4.03042e-26 7.96235e-20 1.95187e-14 5.78375e-10 2.07164e-06 0.000896942 0.0469427 0.296973 0.22744 0.0425664 0.164203 0.151299 0.0292821 0.0287027 0.0088066 0.00220586 0.000560984 0.000101745 1.53727e-05 1.75152e-06 1.38486e-07 6.6789e-09 1.43432e-10
 2.56713e-27 2.59869e-27 4.17425e-26 8.26577e-20 2.02625e-14 6.00415e-10 2.15059e-06 0.000931122 0.0487316 0.308289 0.236069 0.0418032 0.152333 0.140436 0.0290165 0.0308155 0.00919869 0.0018572 0.000438329 6.90451e-05 9.27072e-06 9.33794e-07 6.31063e-08 2.56659e-09 5.08076e-11
 2.56794e-27 2.6009e-27 4.37107e-26 8.68099e-20 2.12804e-14 6.30576e-10 2.25862e-06 0.000977895 0.0511795 0.323776 0.247883 0.0411271 0.138887 0.128038 0.0269839 0.0293174 0.00899812 0.00223031 0.000522518 6.86552e-05 8.09949e-06 7.02284e-07 4.09541e-08 1.40533e-09 2.353e-11
 2.56605e-27 2.59565e-27 3.89669e-26 7.68021e-20 1.88271e-14 5.57881e-10 1.99824e-06 0.00086516 0.0452793 0.28645 0.219418 0.0434098 0.176257 0.162324 0.0294498 0.0263011 0.00794437 0.00179566 0.000430924 6.54335e-05 7.17864e-06 5.17203e-07 2.54518e-08 7.37961e-10 1.03215e-11
 2.56354e-27 2.58897e-27 3.31722e-26 6.45781e-20 1.58305e-14 4.69087e-10 1.68019e-06 0.000727459 0.0380726 0.240858 0.184615 0.0440581 0.205643 0.18972 0.0393751 0.042015 0.0123054 0.00207632 0.000459494 6.46605e-05 7.59221e-06 5.71641e-07 2.37537e-08 5.66892e-10 6.59606e-12
 2.56511e-27 2.59322e-27 3.69281e-26 7.25015e-20 1.77729e-14 5.26642e-10 1.88634e-06 0.000816715 0.0427439 0.27041 0.207164 0.0430468 0.182105 0.167967 0.0349476 0.0373994 0.0110035 0.00193807 0.000408069 4.26428e-05 4.38699e-06 3.2558e-07 1.43321e-08 3.02829e-10 2.86846e-12
 2.56563e-27 2.59458e-27 3.8092e-26 7.49567e-20 1.83747e-14 5.44476e-10 1.95022e-06 0.000844372 0.0441914 0.279567 0.214156 0.0430052 0.176876 0.163062 0.0326334 0.0333647 0.00991107 0.00192019 0.000416685 4.53355e-05 4.06808e-06 2.33344e-07 9.58619e-09 2.08951e-10 1.8153e-12
 2.56569e-27 2.59463e-27 3.80177e-26 7.47996e-20 1.83362e-14 5.43335e-10 1.94613e-06 0.000842602 0.0440987 0.278981 0.213725 0.0440625 0.185224 0.170525 0.0295852 0.0245247 0.00709254 0.0010832 0.000224474 2.5736e-05 2.39015e-06 1.30884e-07 4.22726e-09 8.0439e-11 6.98557e-13
 2.56631e-27 2.59634e-27 3.95565e-26 7.80458e-20 1.9132e-14 5.66915e-10 2.03059e-06 0.00087917 0.0460126 0.291088 0.222959 0.0433409 0.173246 0.15954 0.0288774 0.0256674 0.00730674 0.000896453 0.000167515 1.57308e-05 1.40102e-06 8.05901e-08 2.56495e-09 4.03828e-11 2.95329e-13
 2.56589e-27 2.59512e-27 3.84125e-26 7.56322e-20 1.85403e-14 5.49383e-10 1.9678e-06 0.000851981 0.0445896 0.282086 0.2161 0.0442608 0.185065 0.170306 0.0282357 0.0214975 0.00610568 0.000751223 0.000136652 1.03949e-05 7.68713e-07 3.76732e-08 1.21099e-09 1.90966e-11 1.20767e-13
 2.56736e-27 2.59917e-27 4.20369e-26 8.32784e-20 2.04147e-14 6.04924e-10 2.16674e-06 0.000938114 0.0490975 0.310604 0.237853 0.0428423 0.158987 0.146322 0.0254504 0.0211804 0.00596912 0.000635534 0.000109235 8.3072e-06 5.67605e-07 2.19279e-08 5.79301e-10 8.63326e-12 5.4627e-14
 2.56735e-27 2.59906e-27 4.1857e-26 8.28985e-20 2.03216e-14 6.02165e-10 2.15685e-06 0.000933835 0.0488736 0.309188 0.236783 0.0435736 0.165303 0.151983 0.0234225 0.0151374 0.00425197 0.000463075 7.91379e-05 5.25905e-06 3.32139e-07 1.23331e-08 2.7141e-10 3.20092e-12 1.82092e-14
 2.56698e-27 2.59806e-27 4.09976e-26 8.10856e-20 1.98771e-14 5.88995e-10 2.10968e-06 0.000913412 0.0478047 0.302426 0.231621 0.0436408 0.169442 0.155853 0.0250208 0.017802 0.00495686 0.000444507 6.92386e-05 4.70747e-06 2.89009e-07 9.3912e-09 1.9346e-10 1.99169e-12 8.982e-15
 2.56806e-27 2.60101e-27 4.36096e-26 8.65958e-20 2.12279e-14 6.29021e-10 2.25305e-06 0.000975484 0.0510533 0.322977 0.247301 0.0428561 0.152453 0.140173 0.0221878 0.0152925 0.00426414 0.000397892 6.2278e-05 3.57371e-06 1.95621e-07 6.3552e-09 1.1999e-10 1.10832e-12 4.45218e-15
 2.5681e-27 2.60105e-27 4.3599e-26 8.65733e-20 2.12224e-14 6.28858e-10 2.25246e-06 0.000975231 0.0510401 0.322894 0.247243 0.0432488 0.155482 0.142872 0.0209287 0.0117449 0.00324652 0.000278259 4.1577e-05 2.43143e-06 1.28627e-07 3.49581e-09 6.16285e-11 5.40512e-13 1.94508e-15
 2.56706e-27 2.59823e-27 4.10893e-26 8.1279e-20 1.99246e-14 5.904e-10 2.11471e-06 0.000915591 0.0479187 0.303147 0.232179 0.0441309 0.172779 0.158805 0.0232454 0.0130136 0.00357021 0.000257408 3.38074e-05 1.83521e-06 9.18947e-08 2.49624e-09 3.95321e-11 3.02491e-13 1.02747e-15
 2.56685e-27 2.59764e-27 4.05531e-26 8.01477e-20 1.96472e-14 5.82183e-10 2.08528e-06 0.000902847 0.0472518 0.298928 0.228962 0.0444032 0.177112 0.162778 0.0234683 0.012522 0.00341888 0.000223917 2.66465e-05 1.23506e-06 5.13552e-08 1.27183e-09 1.94283e-11 1.40183e-13 4.15908e-16
 2.56707e-27 2.59825e-27 4.11158e-26 8.13347e-20 1.99382e-14 5.90805e-10 2.11617e-06 0.000916219 0.0479516 0.303355 0.232337 0.0440359 0.171946 0.158059 0.023517 0.0138191 0.0037825 0.000248726 2.95736e-05 1.27907e-06 4.66408e-08 9.48243e-10 1.23405e-11 8.25493e-14 2.33431e-16
#obs surv len freq
 1.08342e-41 1.50372e-33 2.5228e-26 5.11618e-20 1.25417e-14 3.71634e-10 1.33113e-06 0.000576334 0.030163 0.190821 0.146416 0.0400625 0.172748 0.146238 0.104017 0.102136 0.044685 0.0176122 0.00399484 0.000503183 2.59512e-05 3.9575e-07 1.34075e-09 8.23946e-13 8.05735e-17
 1.60532e-41 2.22808e-33 3.73806e-26 7.58072e-20 1.85832e-14 5.50655e-10 1.97236e-06 0.000853963 0.044693 0.282741 0.216625 0.0407171 0.126779 0.10228 0.0757354 0.0684137 0.02862 0.0102311 0.00207493 0.00022413 9.42625e-06 1.11389e-07 2.81161e-10 1.25474e-13 8.77551e-18
 1.53807e-41 2.13475e-33 3.58148e-26 7.26316e-20 1.78048e-14 5.27589e-10 1.88974e-06 0.000818191 0.0428208 0.270898 0.207811 0.0500627 0.176894 0.128906 0.0562949 0.0423194 0.016772 0.00536191 0.000950229 8.60527e-05 2.9021e-06 2.63399e-08 4.94066e-11 1.60262e-14 8.03382e-19
 1.07381e-41 1.49037e-33 2.50041e-26 5.07078e-20 1.24304e-14 3.68336e-10 1.31932e-06 0.00057122 0.0298954 0.189129 0.145602 0.0564221 0.230051 0.163044 0.0984514 0.0662171 0.016085 0.00389227 0.000593082 4.40887e-05 1.16783e-06 8.03388e-09 1.11299e-11 2.62004e-15 9.42247e-20
 1.49764e-41 2.07863e-33 3.48734e-26 7.07225e-20 1.73368e-14 5.1372e-10 1.84006e-06 0.000796684 0.0416953 0.263778 0.202403 0.0470759 0.141813 0.104085 0.104809 0.0699288 0.0195685 0.0036814 0.00034406 1.92567e-05 3.92045e-07 2.0107e-09 2.03598e-12 3.46001e-16 8.90989e-21
 1.20022e-41 1.66583e-33 2.79478e-26 5.66775e-20 1.38938e-14 4.117e-10 1.47464e-06 0.000638469 0.0334149 0.211396 0.162964 0.0649339 0.230996 0.143885 0.0784352 0.0499007 0.0192982 0.00381946 0.000305746 1.05475e-05 1.42685e-07 5.27927e-10 3.85432e-13 4.68631e-17 8.59327e-22
 1.37587e-41 1.90961e-33 3.20377e-26 6.49718e-20 1.59271e-14 4.71948e-10 1.69044e-06 0.000731903 0.0383049 0.242331 0.186465 0.0579144 0.175069 0.116609 0.109854 0.0570311 0.0129189 0.0025329 0.00022954 6.68458e-06 5.75338e-08 1.32984e-10 6.60228e-14 5.63872e-18 7.29654e-23
 1.19387e-41 1.65701e-33 2.77998e-26 5.63774e-20 1.38203e-14 4.0952e-10 1.46683e-06 0.000635088 0.033238 0.210279 0.162554 0.0721426 0.226822 0.133231 0.0940966 0.049769 0.0149749 0.00211204 0.000140431 3.99817e-06 2.89691e-08 4.47474e-11 1.37387e-14 7.56842e-19 6.63412e-24
 1.51175e-41 2.09821e-33 3.52018e-26 7.13886e-20 1.75001e-14 5.18559e-10 1.85739e-06 0.000804187 0.042088 0.266266 0.205127 0.0643488 0.166811 0.104057 0.0966713 0.0425484 0.0097708 0.00142026 8.37256e-05 1.68584e-06 1.00961e-08 1.28167e-11 2.82022e-15 1.00594e-19 5.58545e-25
 1.51865e-41 2.10779e-33 3.53626e-26 7.17146e-20 1.758e-14 5.20928e-10 1.86588e-06 0.000807861 0.0422802 0.267486 0.206679 0.0779306 0.198348 0.103665 0.0662665 0.0285579 0.00712839 0.000809003 3.96516e-05 6.79517e-07 2.95147e-09 2.77899e-12 4.76608e-16 1.28072e-20 4.99866e-26
 1.09587e-41 1.52099e-33 2.55178e-26 5.17495e-20 1.26858e-14 3.75903e-10 1.34642e-06 0.000582955 0.0305095 0.193027 0.150894 0.0971323 0.258006 0.136165 0.0955211 0.0319983 0.00555659 0.000580748 2.41413e-05 3.17457e-07 1.08181e-09 7.49977e-13 9.13371e-17 1.7873e-21 5.19126e-27
 1.66415e-41 2.30973e-33 3.87505e-26 7.85852e-20 1.92642e-14 5.70834e-10 2.04464e-06 0.000885256 0.0463308 0.293113 0.226314 0.0712065 0.144649 0.0941227 0.0897624 0.0286519 0.00461276 0.000339324 1.04465e-05 1.10295e-07 2.82093e-10 1.44813e-13 1.29349e-17 1.80491e-22 3.69077e-28
 1.33539e-41 1.85344e-33 3.10952e-26 6.30605e-20 1.54585e-14 4.58065e-10 1.64071e-06 0.000710372 0.0371781 0.235224 0.184287 0.110409 0.242626 0.106771 0.0578037 0.0206397 0.00407076 0.000272606 6.28558e-06 4.55362e-08 8.52532e-11 3.22403e-14 2.08002e-18 2.08806e-23 3.06114e-29
 1.11562e-41 1.54841e-33 2.59779e-26 5.26826e-20 1.29145e-14 3.82681e-10 1.3707e-06 0.000593466 0.0310596 0.196524 0.155324 0.111744 0.234962 0.138025 0.104282 0.0242344 0.00303147 0.000213635 4.8272e-06 2.6986e-08 3.44529e-11 8.92369e-15 4.08062e-19 2.92739e-24 3.05322e-30
 8.7652e-42 1.21655e-33 2.04102e-26 4.13914e-20 1.01466e-14 3.00663e-10 1.07693e-06 0.000466272 0.0244028 0.154423 0.124457 0.123542 0.249431 0.159689 0.124236 0.0344942 0.00464701 0.000206909 3.57587e-06 1.82102e-08 1.87855e-11 3.4528e-15 1.06574e-19 5.19466e-25 3.75915e-31
 1.41286e-41 1.96096e-33 3.28991e-26 6.67187e-20 1.63553e-14 4.84638e-10 1.73589e-06 0.000751582 0.0393348 0.248879 0.195109 0.0946701 0.16004 0.126631 0.101689 0.0286354 0.0040651 0.000190891 2.57088e-06 8.93041e-09 7.21602e-12 1.07122e-15 2.49782e-20 8.60244e-26 4.24862e-32
 9.70791e-42 1.34739e-33 2.26053e-26 4.58431e-20 1.12379e-14 3.33e-10 1.19275e-06 0.00051642 0.0270274 0.171068 0.141051 0.161513 0.271927 0.126923 0.0734805 0.0229974 0.00333679 0.000156014 2.04999e-06 5.96596e-09 3.40003e-12 3.53721e-16 6.15803e-21 1.61909e-26 5.97848e-33
 1.43568e-41 1.99263e-33 3.34305e-26 6.77964e-20 1.66195e-14 4.92466e-10 1.76393e-06 0.000763722 0.0399702 0.252925 0.200201 0.10803 0.161482 0.13573 0.0838518 0.0152881 0.00167821 7.69885e-05 9.5188e-07 2.50918e-09 1.2071e-12 9.51955e-17 1.16253e-21 2.12146e-27 5.58613e-34
 1.00543e-41 1.39547e-33 2.34119e-26 4.74788e-20 1.16389e-14 3.44881e-10 1.23531e-06 0.000534846 0.0279919 0.177229 0.149795 0.183843 0.261474 0.120777 0.0614868 0.0154023 0.00142325 4.15792e-05 4.16047e-07 9.62055e-10 3.95772e-13 2.5811e-17 2.49155e-22 3.40396e-28 6.40439e-35
 1.28688e-41 1.78611e-33 2.99657e-26 6.07699e-20 1.4897e-14 4.41426e-10 1.58112e-06 0.000684568 0.0358277 0.226776 0.184055 0.132294 0.181351 0.152583 0.0741689 0.0112937 0.0009382 2.65761e-05 1.86713e-07 3.0403e-10 9.84218e-14 5.20277e-18 4.02919e-23 4.34012e-29 6.30784e-36
 1.41421e-41 1.96284e-33 3.29306e-26 6.67827e-20 1.6371e-14 4.85102e-10 1.73756e-06 0.000752303 0.0393728 0.249262 0.204982 0.159271 0.18726 0.101265 0.0475402 0.00963921 0.00064174 1.2876e-05 7.60414e-08 9.44985e-11 2.10702e-14 7.88455e-19 4.56435e-24 3.77329e-30 4.22481e-37
 1.13097e-41 1.56971e-33 2.63351e-26 5.34071e-20 1.30921e-14 3.87943e-10 1.38955e-06 0.000601627 0.0314872 0.199479 0.173036 0.197042 0.225504 0.122082 0.0440929 0.00625667 0.000408942 7.70906e-06 3.32656e-08 3.04926e-11 5.17042e-15 1.39924e-19 5.61432e-25 3.22492e-31 2.57423e-38
 1.37553e-41 1.90915e-33 3.203e-26 6.49561e-20 1.59232e-14 4.71834e-10 1.69003e-06 0.000731727 0.0382962 0.242541 0.203126 0.160541 0.179272 0.126296 0.0437166 0.00523161 0.000242713 3.58529e-06 1.3427e-08 9.61553e-12 1.16892e-15 2.27686e-20 6.6655e-26 2.75955e-32 1.55189e-39
 1.35412e-41 1.87942e-33 3.15312e-26 6.39447e-20 1.56753e-14 4.64488e-10 1.66372e-06 0.000720334 0.0377002 0.238911 0.206877 0.1937 0.18805 0.0973054 0.0323574 0.00420622 0.000168887 1.81609e-06 4.86248e-09 2.69225e-12 2.56687e-16 3.73249e-21 7.81591e-27 2.29004e-33 9.17343e-41
 1.1858e-41 1.64582e-33 2.7612e-26 5.59966e-20 1.37269e-14 4.06753e-10 1.45692e-06 0.000630798 0.0330147 0.209424 0.190135 0.213996 0.206869 0.113106 0.0297723 0.00294132 0.000108514 1.03943e-06 2.1067e-09 8.15379e-13 5.51929e-17 5.92684e-22 9.30443e-28 2.01885e-34 5.85582e-42
 1.06503e-41 1.47819e-33 2.47997e-26 5.02933e-20 1.23288e-14 3.65325e-10 1.30854e-06 0.000566551 0.0296528 0.188307 0.178276 0.220909 0.217212 0.129754 0.0324409 0.00280393 7.71381e-05 5.77903e-07 9.72285e-10 2.95195e-13 1.44591e-17 1.08094e-22 1.18383e-28 1.82693e-35 3.83681e-43
 1.05089e-41 1.45857e-33 2.44705e-26 4.96257e-20 1.21652e-14 3.60476e-10 1.29117e-06 0.000559031 0.0292599 0.18598 0.179993 0.221896 0.216724 0.131259 0.0316571 0.00260808 6.10508e-05 3.47218e-07 4.2626e-10 9.8016e-14 3.70194e-18 2.08337e-23 1.65346e-29 1.79682e-36 2.62447e-44
 1.26449e-41 1.75502e-33 2.94442e-26 5.97122e-20 1.46377e-14 4.33743e-10 1.5536e-06 0.000672654 0.0352062 0.223491 0.204042 0.199664 0.192912 0.114126 0.0275591 0.00227405 5.17994e-05 2.70517e-07 2.8013e-10 5.13971e-14 1.53971e-18 7.02008e-24 4.59507e-30 4.128e-37 4.9332e-45
#pred catch len freq
 2.55584e-27 2.569e-27 1.66421e-26 2.9711e-20 7.28329e-15 2.15817e-10 7.7302e-07 0.000334688 0.0175164 0.110814 0.0852431 0.0394898 0.24069 0.223039 0.0623349 0.0867261 0.0371862 0.0284138 0.0173016 0.0130447 0.0101741 0.00876619 0.00877618 0.00777587 0.00237323
 2.55738e-27 2.5735e-27 2.0764e-26 3.84068e-20 9.41497e-15 2.78982e-10 9.99268e-07 0.000432645 0.0226431 0.143247 0.109969 0.0370478 0.20474 0.190991 0.0775357 0.129071 0.0439658 0.0184767 0.00815 0.00457126 0.00289359 0.00213284 0.00189233 0.00167785 0.000561285
 2.55975e-27 2.57957e-27 2.57283e-26 4.88778e-20 1.19818e-14 3.55043e-10 1.2717e-06 0.000550599 0.0288164 0.182301 0.139829 0.0394632 0.202141 0.187643 0.059695 0.0894665 0.0356848 0.0226226 0.00726635 0.00225314 0.000934555 0.000521182 0.000382305 0.000318669 0.000110422
 2.55846e-27 2.57577e-27 2.20592e-26 4.11365e-20 1.00841e-14 2.9881e-10 1.07029e-06 0.000463394 0.0242524 0.153428 0.117837 0.0429299 0.243974 0.225876 0.0598682 0.079966 0.0286501 0.014216 0.00566128 0.00210518 0.000476183 0.000146872 7.55092e-05 5.41471e-05 1.85838e-05
 2.55844e-27 2.57593e-27 2.2426e-26 4.1911e-20 1.0274e-14 3.04436e-10 1.09044e-06 0.000472119 0.024709 0.156317 0.120009 0.0408438 0.226573 0.210376 0.0672616 0.100647 0.0336221 0.0129027 0.00430936 0.00143735 0.000408536 7.84744e-05 1.89278e-05 9.64937e-06 3.10597e-06
 2.55938e-27 2.57835e-27 2.44357e-26 4.61502e-20 1.13132e-14 3.35229e-10 1.20073e-06 0.000519872 0.0272082 0.172127 0.132091 0.0413695 0.222086 0.205921 0.0607518 0.0870042 0.0307628 0.0143734 0.00435083 0.00110765 0.000261361 5.46475e-05 7.77542e-06 1.7781e-06 4.75941e-07
 2.55943e-27 2.57831e-27 2.42301e-26 4.57158e-20 1.12067e-14 3.32074e-10 1.18943e-06 0.000514979 0.0269521 0.170507 0.130876 0.0427904 0.233752 0.216421 0.0578293 0.0776077 0.0265675 0.0112205 0.00367186 0.00105176 0.000198978 3.28731e-05 4.34958e-06 4.49925e-07 6.95972e-08
 2.55973e-27 2.57904e-27 2.47947e-26 4.69067e-20 1.14986e-14 3.40725e-10 1.22042e-06 0.000528394 0.0276543 0.174949 0.134275 0.0432176 0.234615 0.217144 0.0566557 0.0746645 0.0243751 0.00847655 0.00258122 0.00069256 0.000146261 2.15305e-05 2.19727e-06 1.6354e-07 1.07325e-08
 2.56061e-27 2.58133e-27 2.67362e-26 5.10021e-20 1.25026e-14 3.70473e-10 1.32697e-06 0.000574528 0.0300687 0.190224 0.145941 0.0433712 0.227588 0.210508 0.0527606 0.0674252 0.0217795 0.00718748 0.00201834 0.000450963 8.67717e-05 1.32755e-05 1.2526e-06 6.99204e-08 2.49455e-09
 2.56284e-27 2.58718e-27 3.16959e-26 6.14642e-20 1.50672e-14 4.46468e-10 1.59917e-06 0.000692381 0.0362367 0.229244 0.17574 0.0436604 0.208852 0.192836 0.042708 0.048893 0.0153312 0.00434862 0.00117096 0.000239771 3.91742e-05 5.18962e-06 4.84619e-07 2.45314e-08 6.05699e-10
 2.56185e-27 2.58435e-27 2.90738e-26 5.59321e-20 1.37111e-14 4.06284e-10 1.45524e-06 0.000630063 0.0329752 0.208611 0.160013 0.0454018 0.233154 0.215052 0.0428604 0.0436238 0.013364 0.00330109 0.000835835 0.000150464 2.26565e-05 2.57561e-06 2.03423e-07 9.80636e-09 2.10562e-10
 2.56194e-27 2.58468e-27 2.94499e-26 5.6726e-20 1.39057e-14 4.1205e-10 1.4759e-06 0.000639006 0.0334433 0.211572 0.162261 0.0445642 0.225201 0.207904 0.0450731 0.050445 0.0150513 0.00300981 0.000707736 0.000110699 1.48137e-05 1.48863e-06 1.00493e-07 4.08513e-09 8.08535e-11
 2.56325e-27 2.58824e-27 3.25985e-26 6.33681e-20 1.55339e-14 4.60298e-10 1.64871e-06 0.000713828 0.0373592 0.236345 0.181163 0.0436579 0.205024 0.189259 0.0412818 0.0465178 0.0142561 0.00348752 0.000814135 0.000106185 1.24813e-05 1.07953e-06 6.28804e-08 2.15661e-09 3.61013e-11
 2.56159e-27 2.58356e-27 2.8287e-26 5.4272e-20 1.33041e-14 3.94225e-10 1.41205e-06 0.000611363 0.0319965 0.20242 0.155301 0.0463632 0.243781 0.224696 0.0416196 0.0383531 0.0115663 0.00257389 0.000614826 9.26536e-05 1.01327e-05 7.28115e-07 3.57861e-08 1.03701e-09 1.45008e-11
 2.55991e-27 2.57914e-27 2.45155e-26 4.63162e-20 1.13539e-14 3.36435e-10 1.20506e-06 0.000521743 0.0273061 0.172747 0.132642 0.0463031 0.259243 0.239273 0.0498097 0.0533291 0.01559 0.00257838 0.000566748 7.90987e-05 9.25329e-06 6.95026e-07 2.88465e-08 6.87996e-10 8.00311e-12
 2.56108e-27 2.58231e-27 2.73213e-26 5.22354e-20 1.28049e-14 3.79431e-10 1.35906e-06 0.000588421 0.0307958 0.194823 0.149486 0.0454552 0.240956 0.222396 0.0467764 0.0506661 0.0148813 0.002573 0.000538764 5.58611e-05 5.72208e-06 4.23556e-07 1.86233e-08 3.93277e-10 3.72418e-12
 2.5622e-27 2.58529e-27 2.98892e-26 5.76524e-20 1.41328e-14 4.1878e-10 1.5e-06 0.000649442 0.0339895 0.215027 0.16491 0.0452749 0.228748 0.21098 0.0420359 0.0427404 0.0126642 0.0024003 0.000517784 5.58788e-05 4.99458e-06 2.85657e-07 1.17191e-08 2.55293e-10 2.21735e-12
 2.56216e-27 2.58502e-27 2.95022e-26 5.68352e-20 1.39325e-14 4.12844e-10 1.47874e-06 0.000640237 0.0335077 0.21198 0.162606 0.046697 0.241188 0.222155 0.0384961 0.0318426 0.00919226 0.0013752 0.000282941 3.21755e-05 2.97694e-06 1.62576e-07 5.24379e-09 9.97094e-11 8.65669e-13
 2.56304e-27 2.58744e-27 3.16765e-26 6.14223e-20 1.50569e-14 4.46164e-10 1.59808e-06 0.000691909 0.036212 0.229088 0.175654 0.045748 0.224799 0.20711 0.0372508 0.0327799 0.00931694 0.00111974 0.000207419 1.93214e-05 1.71301e-06 9.82696e-08 3.12369e-09 4.91459e-11 3.59298e-13
 2.56254e-27 2.58599e-27 3.03072e-26 5.85332e-20 1.43487e-14 4.25178e-10 1.52292e-06 0.000659365 0.0345088 0.218313 0.167445 0.0468833 0.239206 0.220228 0.0363694 0.0274725 0.00779078 0.000939353 0.00016947 1.27955e-05 9.41484e-07 4.60041e-08 1.47669e-09 2.32715e-11 1.47124e-13
 2.56428e-27 2.59077e-27 3.45845e-26 6.75568e-20 1.65607e-14 4.90724e-10 1.75769e-06 0.000761014 0.0398287 0.251968 0.193116 0.0452013 0.20837 0.191869 0.0331118 0.0271785 0.00764884 0.000798289 0.000135871 1.02551e-05 6.97351e-07 2.68603e-08 7.08472e-10 1.05502e-11 6.67357e-14
 2.56408e-27 2.59013e-27 3.39132e-26 6.61403e-20 1.62135e-14 4.80435e-10 1.72084e-06 0.000745056 0.0389936 0.246684 0.189099 0.0462694 0.219321 0.201761 0.0309908 0.0198599 0.00557103 0.000595134 0.000100791 6.65141e-06 4.17836e-07 1.54699e-08 3.39924e-10 4.00552e-12 2.27779e-14
 2.56383e-27 2.58948e-27 3.33668e-26 6.49877e-20 1.5931e-14 4.72063e-10 1.69085e-06 0.000732073 0.0383141 0.242386 0.185815 0.0461813 0.220957 0.203337 0.0324638 0.0228149 0.00634555 0.000558861 8.60846e-05 5.81098e-06 3.54949e-07 1.15002e-08 2.36514e-10 2.43292e-12 1.09675e-14
 2.5652e-27 2.59319e-27 3.6656e-26 7.19265e-20 1.76319e-14 5.22465e-10 1.87138e-06 0.000810237 0.0424049 0.268265 0.205561 0.0452097 0.19969 0.183704 0.0288416 0.019502 0.00543055 0.000497146 7.6968e-05 4.38804e-06 2.38757e-07 7.73343e-09 1.45782e-10 1.34536e-12 5.40218e-15
 2.56529e-27 2.59338e-27 3.67651e-26 7.21566e-20 1.76883e-14 5.24136e-10 1.87737e-06 0.000812829 0.0425405 0.269123 0.206224 0.0456721 0.202744 0.1864 0.0271065 0.014871 0.00410479 0.000345389 5.09901e-05 2.96214e-06 1.5581e-07 4.2222e-09 7.42981e-11 6.51063e-13 2.34193e-15
 2.56459e-27 2.59146e-27 3.50497e-26 6.85376e-20 1.68012e-14 4.97849e-10 1.78321e-06 0.000772062 0.040407 0.255626 0.195927 0.046308 0.214817 0.197514 0.0285923 0.0154587 0.00423448 0.00030007 3.88263e-05 2.09395e-06 1.042e-07 2.82216e-09 4.46166e-11 3.4107e-13 1.15799e-15
 2.56423e-27 2.59048e-27 3.41606e-26 6.66619e-20 1.63414e-14 4.84224e-10 1.73441e-06 0.000750932 0.0393011 0.24863 0.190592 0.0467152 0.221664 0.2038 0.0291041 0.0150432 0.00410159 0.00026446 3.09709e-05 1.42738e-06 5.89365e-08 1.45511e-09 2.21871e-11 1.59941e-13 4.7431e-16
 2.56374e-27 2.58915e-27 3.3016e-26 6.42473e-20 1.57495e-14 4.66685e-10 1.67159e-06 0.000723733 0.0378776 0.239624 0.183717 0.0468477 0.227503 0.209242 0.0310485 0.0181027 0.00495161 0.00032106 3.7635e-05 1.61966e-06 5.86443e-08 1.1888e-09 1.54385e-11 1.0317e-13 2.91604e-16
#obs catch len freq
 4.9831e-42 6.91621e-34 1.16034e-26 2.35314e-20 5.76845e-15 1.7093e-10 6.12242e-07 0.00026508 0.0138732 0.0877672 0.0677417 0.0398357 0.218527 0.186562 0.144006 0.143721 0.0646589 0.0260931 0.00610903 0.000796045 4.26268e-05 6.76429e-07 2.38399e-09 1.51964e-12 1.5347e-16
 5.73786e-42 7.96378e-34 1.33609e-26 2.70956e-20 6.64217e-15 1.9682e-10 7.04976e-07 0.00030523 0.0159745 0.101061 0.0780024 0.0435406 0.222292 0.180933 0.1431 0.131332 0.0572353 0.0211972 0.00449732 0.000506196 2.21329e-05 2.71226e-07 7.08473e-10 3.26436e-13 2.35067e-17
 1.0879e-41 1.50993e-33 2.53322e-26 5.13731e-20 1.25935e-14 3.73169e-10 1.33663e-06 0.000578714 0.0302876 0.191609 0.147195 0.0452269 0.18138 0.140543 0.113109 0.0948935 0.0393229 0.0131343 0.00247334 0.000236596 8.35311e-06 7.86872e-08 1.52336e-10 5.08176e-14 2.61295e-18
 1.1139e-41 1.54602e-33 2.59377e-26 5.26011e-20 1.28946e-14 3.82089e-10 1.36858e-06 0.000592548 0.0310116 0.196191 0.151039 0.0585458 0.238638 0.164733 0.0767249 0.0540515 0.0210994 0.0062648 0.00102298 8.13301e-05 2.28195e-06 1.63922e-08 2.34702e-11 5.67464e-15 2.08806e-19
 7.78594e-42 1.08064e-33 1.81299e-26 3.67671e-20 9.01303e-15 2.67072e-10 9.5661e-07 0.000414179 0.0216765 0.137135 0.106207 0.064785 0.274108 0.184901 0.117367 0.0719256 0.0170219 0.00388085 0.00054065 3.49673e-05 7.64326e-07 4.13556e-09 4.35478e-12 7.62106e-16 2.00872e-20
 1.25365e-41 1.73998e-33 2.91917e-26 5.92003e-20 1.45122e-14 4.30024e-10 1.54028e-06 0.000666887 0.0349022 0.220804 0.169822 0.0527255 0.171974 0.122122 0.126086 0.076428 0.0206338 0.00351642 0.000302923 1.47739e-05 2.46398e-07 9.88567e-10 7.58119e-13 9.55566e-17 1.80079e-21
 1.0367e-41 1.43888e-33 2.41402e-26 4.89558e-20 1.20009e-14 3.5561e-10 1.27374e-06 0.000551484 0.0288625 0.182598 0.141351 0.0736822 0.260109 0.153501 0.0859989 0.0509719 0.018806 0.00332306 0.000236653 7.05654e-06 7.86974e-08 2.27199e-10 1.25265e-13 1.12743e-17 1.511e-22
 1.27455e-41 1.76899e-33 2.96784e-26 6.01873e-20 1.47542e-14 4.37194e-10 1.56596e-06 0.000678005 0.0354841 0.224488 0.17315 0.0643563 0.192446 0.123953 0.116585 0.0545702 0.0119652 0.00214953 0.000169273 4.13392e-06 2.89916e-08 5.25183e-11 1.97069e-14 1.24448e-18 1.17578e-23
 1.14739e-41 1.5925e-33 2.67175e-26 5.41826e-20 1.32822e-14 3.93576e-10 1.40973e-06 0.000610363 0.031944 0.202095 0.156715 0.0797092 0.238939 0.134214 0.0947669 0.0462322 0.0130369 0.00163684 9.72436e-05 2.30188e-06 1.32836e-08 1.59252e-11 3.70102e-15 1.50989e-19 9.66006e-25
 1.51252e-41 2.09928e-33 3.52198e-26 7.14251e-20 1.7509e-14 5.18825e-10 1.85835e-06 0.000804599 0.0421095 0.266404 0.205552 0.0695528 0.171177 0.103747 0.0938554 0.0375043 0.00817482 0.0010617 5.39313e-05 9.07692e-07 4.33173e-09 4.21979e-12 6.98476e-16 1.84587e-20 7.49446e-26
 1.55064e-41 2.15219e-33 3.61074e-26 7.32251e-20 1.79503e-14 5.31899e-10 1.90518e-06 0.000824876 0.0431707 0.273122 0.211371 0.0831767 0.197169 0.0985435 0.0618164 0.0245473 0.0056637 0.000568623 2.41761e-05 3.39977e-07 1.1694e-09 8.45462e-13 1.08636e-16 2.15594e-21 6.15679e-27
 1.15235e-41 1.59939e-33 2.68331e-26 5.4417e-20 1.33397e-14 3.95279e-10 1.41583e-06 0.000613004 0.0320822 0.202981 0.159068 0.103898 0.25389 0.129202 0.087164 0.0263956 0.0042936 0.000397116 1.40451e-05 1.51288e-07 4.05502e-10 2.14543e-13 1.95479e-17 2.81976e-22 5.97827e-28
 1.72391e-41 2.39267e-33 4.01421e-26 8.14073e-20 1.9956e-14 5.91334e-10 2.11806e-06 0.000917048 0.0479946 0.303642 0.234705 0.0748316 0.140428 0.0903383 0.0802881 0.0232093 0.00341843 0.000220161 5.8112e-06 4.97979e-08 9.96127e-11 3.89146e-14 2.5925e-18 2.66273e-23 3.97083e-29
 1.39681e-41 1.93868e-33 3.25254e-26 6.59608e-20 1.61695e-14 4.79132e-10 1.71617e-06 0.000743044 0.038888 0.246048 0.19326 0.116438 0.23425 0.0987524 0.051453 0.017006 0.00298409 0.000172002 3.34148e-06 1.96565e-08 2.87452e-11 8.24111e-15 3.95716e-19 2.91944e-24 3.11798e-30
 1.1857e-41 1.64568e-33 2.76097e-26 5.59919e-20 1.37257e-14 4.06719e-10 1.4568e-06 0.000630744 0.0330107 0.208875 0.165596 0.118513 0.228311 0.132072 0.0915084 0.0191346 0.00220933 0.000134438 2.498e-06 1.11662e-08 1.10932e-11 2.17849e-15 7.40493e-20 3.89864e-25 2.95964e-31
 9.45607e-42 1.31244e-33 2.20189e-26 4.46539e-20 1.09464e-14 3.24361e-10 1.16181e-06 0.000503023 0.0263263 0.166604 0.13487 0.131888 0.244108 0.154692 0.109778 0.0278179 0.00328476 0.000125703 1.81891e-06 7.33015e-09 5.81285e-12 8.0638e-16 1.84929e-20 6.61339e-26 3.4801e-32
 1.49816e-41 2.07934e-33 3.48853e-26 7.07467e-20 1.73427e-14 5.13896e-10 1.84069e-06 0.000796957 0.0417096 0.263912 0.207302 0.0989023 0.15366 0.120852 0.0873992 0.0225523 0.00279928 0.000110869 1.21942e-06 3.36985e-09 2.09347e-12 2.33132e-16 4.02456e-21 1.01659e-26 3.65373e-33
 1.04764e-41 1.45406e-33 2.43949e-26 4.94723e-20 1.21276e-14 3.59362e-10 1.28718e-06 0.000557303 0.0291671 0.184628 0.152999 0.169535 0.26027 0.118483 0.0637131 0.0182631 0.00229203 9.00622e-05 9.53944e-07 2.17126e-09 9.4674e-13 7.39147e-17 9.50411e-22 1.82747e-27 4.90599e-34
 1.5297e-41 2.12312e-33 3.56197e-26 7.2236e-20 1.77078e-14 5.24715e-10 1.87944e-06 0.000813734 0.0425877 0.269499 0.213762 0.111513 0.153581 0.126628 0.068997 0.011455 0.00111775 4.28138e-05 4.2307e-07 8.64602e-10 3.1528e-13 1.8562e-17 1.67266e-22 2.23052e-28 4.25996e-35
 1.08842e-41 1.51066e-33 2.53445e-26 5.13981e-20 1.25996e-14 3.7335e-10 1.33728e-06 0.000578996 0.0303026 0.191886 0.163033 0.190801 0.247596 0.11124 0.0519688 0.0116545 0.000915045 2.25838e-05 1.81688e-07 3.23586e-10 1.00261e-13 4.85528e-18 3.4461e-23 3.43713e-29 4.69412e-36
 1.38497e-41 1.92224e-33 3.22496e-26 6.54016e-20 1.60324e-14 4.7507e-10 1.70162e-06 0.000736745 0.0385585 0.244081 0.198647 0.136081 0.172923 0.14029 0.0598327 0.00824115 0.000593143 1.37642e-05 7.69644e-08 9.69769e-11 2.35993e-14 9.22289e-19 5.23188e-24 4.10255e-30 4.3209e-37
 1.50997e-41 2.09574e-33 3.51604e-26 7.13045e-20 1.74795e-14 5.17949e-10 1.85521e-06 0.000803241 0.0420388 0.266169 0.21951 0.161281 0.173608 0.0907964 0.0385298 0.00686986 0.000384686 6.39747e-06 2.98625e-08 2.84037e-11 4.75611e-15 1.31516e-19 5.56102e-25 3.33572e-31 2.69936e-38
 1.22439e-41 1.69937e-33 2.85105e-26 5.78187e-20 1.41736e-14 4.19989e-10 1.50433e-06 0.000651324 0.0340884 0.216003 0.18814 0.200756 0.211379 0.109281 0.0350077 0.00444202 0.000245365 3.73439e-06 1.26616e-08 8.88131e-12 1.12579e-15 2.24639e-20 6.58353e-26 2.74123e-32 1.57731e-39
 1.47634e-41 2.04906e-33 3.43773e-26 6.97165e-20 1.70902e-14 5.06413e-10 1.81389e-06 0.000785352 0.0411029 0.260358 0.218604 0.16197 0.168096 0.111468 0.0339094 0.00356328 0.000139224 1.67191e-06 4.87348e-09 2.64815e-12 2.40248e-16 3.44481e-21 7.35149e-27 2.20533e-33 8.94837e-41
 1.45227e-41 2.01565e-33 3.38167e-26 6.85796e-20 1.68115e-14 4.98155e-10 1.78431e-06 0.000772545 0.040433 0.256289 0.222535 0.193791 0.173375 0.084809 0.025085 0.00281383 9.3495e-05 8.10583e-07 1.69123e-09 7.08856e-13 5.02006e-17 5.36244e-22 8.18372e-28 1.73614e-34 5.01061e-42
 1.28338e-41 1.78125e-33 2.98842e-26 6.06045e-20 1.48565e-14 4.40224e-10 1.57681e-06 0.000682706 0.0357318 0.226739 0.206451 0.214956 0.192816 0.0979595 0.0226542 0.00194798 5.93452e-05 4.51489e-07 7.07102e-10 2.06846e-13 1.03885e-17 8.17255e-23 9.32677e-29 1.46414e-35 3.06181e-43
 1.16187e-41 1.6126e-33 2.70546e-26 5.48662e-20 1.34498e-14 3.98543e-10 1.42752e-06 0.000618065 0.0323495 0.20553 0.195079 0.222868 0.204811 0.11232 0.0245657 0.0018163 4.11014e-05 2.44759e-07 3.16099e-10 7.21063e-14 2.61607e-18 1.4325e-23 1.13924e-29 1.26904e-36 1.91649e-44
 1.14796e-41 1.5933e-33 2.67308e-26 5.42096e-20 1.32888e-14 3.93773e-10 1.41043e-06 0.000610668 0.0319623 0.203048 0.191816 0.216753 0.208741 0.118545 0.026517 0.00196571 4.0362e-05 1.96512e-07 2.02189e-10 3.83713e-14 1.18532e-18 5.42671e-24 3.48839e-30 3.05799e-37 3.59038e-45
#spawning biomass
 12250 11937.4 16915.2 22615.5 27177.1 34061.1 43577.5 50860.5 60039.9 70416.7 93758.4 119954 159176 163520 158411 127190 128892 119578 120168 115725 120723 129803 138662 146699 162537 168714 149636 138413 147276 247236 313688 341115 342148 327937 306455 282947 260464 240511 223619 209767 198663 189893 182942 177423 173293 170202 167889 166159 164864 163895 163170 162627 162221 161917 161690 161519 161392 161297 161225 161172 161132 161102 161080 161063 161051 161041 161034 161029 161025 161022 161020 161018 161017 161016 161016 161015 161015 161014 161014 161014 161014 161014 161014 161014 161014 161014 161014 161014 161014 161014 161014 161014 161014 161014 161014 161014 161014 161014 161014 161014 161014 161014 161014 161014 161014 161014 161014 161014 161014 161014 161014 161014 161014 161014 161014 161014 161014 161014 161014 161014 161014 161014 161014 161014 161014 161014 161014 161014 0 0 0 0 0 0 0 0 0 0 0 0 0 0 0 0 0 0 0 0 0 0 0 0 0
