SBPRF35
27.6365
Curr Bio
198480
B35
4.35709e+07
F35
0.0243981
FOFL
0
OFL
0
Bzero
7.89614e+06
#pred survey bio
 21437.9 20296.5 16756.8 18760.5 35099.3 46071.4 61908.8 87370.4 112930 135346 148477 171878 204263 212642 202614 201348 218700 236975 230021 272056 266538 288013 276170 283277 296557 269338 225417 238326 4.68077e+06 9.42094e+06 1.50967e+07 2.07693e+07 2.60413e+07 3.07089e+07 3.47127e+07 3.80771e+07 4.0868e+07 4.31664e+07 4.50543e+07 4.66064e+07 4.78879e+07 4.89532e+07 4.97792e+07 5.00755e+07 5.03672e+07 5.06537e+07 5.09347e+07 5.121e+07 5.14795e+07 5.17431e+07 5.20009e+07 5.2253e+07 5.24993e+07 5.27401e+07 5.29755e+07 5.32055e+07 5.34302e+07 5.36499e+07 5.38647e+07 5.40746e+07 5.42798e+07 5.44805e+07 5.46767e+07 5.48685e+07 5.50562e+07 5.52397e+07 5.54193e+07 5.5595e+07 5.57669e+07 5.59351e+07 5.60997e+07 5.62609e+07 5.64187e+07 5.65732e+07 5.67245e+07 5.68727e+07 5.70178e+07 5.716e+07 5.72993e+07 5.74358e+07 5.75696e+07 5.77007e+07 5.78293e+07 5.79553e+07 5.80789e+07 5.82001e+07 5.8319e+07 5.84356e+07 5.855e+07 5.86623e+07 5.87725e+07 5.88806e+07 5.89868e+07 5.9091e+07 5.91934e+07 5.92939e+07 5.93926e+07 5.94896e+07 5.95848e+07 5.96784e+07 5.97704e+07 5.98608e+07 5.99497e+07 6.00371e+07 6.0123e+07 6.02075e+07 6.02906e+07 6.03723e+07 6.04527e+07 6.05318e+07 6.06097e+07 6.06863e+07 6.07617e+07 6.08359e+07 6.0909e+07 6.0981e+07 6.10518e+07 6.11216e+07 6.11904e+07 6.12581e+07 6.13248e+07 6.13906e+07 6.14554e+07 6.15193e+07 6.15823e+07 6.16443e+07 6.17055e+07 6.17659e+07 0 0 0 0 0 0 0 0 0 0 0 0 0 0 0 0 0 0 0 0 0 0 0 0 0
#obs survey bio
 20588.6 16768.2 19988.3 14613.2 40162.1 33447.2 93350.8 96013.8 105685 145182 158451 156784 143510 171958 178737 209926 168978 189638 163405 204894 174070 280187 273461 315668 217617 268924 175869 158619
#pred catch bio
 12538.9 13857.6 10652.4 8096.08 25248.3 34737 45265.9 65779.2 86111.7 107407 117282 134091 163850 173863 167326 165627 180861 202875 186710 234793 229905 253949 241287 244989 269038 248158 196849 229248 0 10589.4 17318.3 24030.1 30301.1 35864.1 40632.3 44626.2 47921.1 50613.9 52803.8 54582.6 56030 57213.3 58108.4 58378.9 58641.1 58895.3 59141.7 59380.5 59612 59836.4 60054 60264.8 60469.2 60667.4 60859.4 61045.6 61226.1 61401 61570.6 61734.9 61894.3 62048.7 62198.4 62343.5 62484.2 62620.6 62752.8 62880.9 63005.1 63125.5 63242.2 63355.3 63465 63571.3 63674.3 63774.2 63871 63964.8 64055.8 64144 64229.5 64312.3 64392.7 64470.5 64546 64619.1 64690 64758.8 64825.4 64890 64952.6 65013.3 65072.1 65129.2 65184.4 65238 65290 65340.3 65389.1 65436.4 65482.3 65526.7 65569.8 65611.6 65652.1 65691.3 65729.4 65766.2 65802 65836.6 65870.2 65902.8 65934.3 65964.9 65994.6 66023.3 66051.2 66078.2 66104.4 66129.8 66154.4 66178.2 66201.3 66223.8 66245.5 66266.5 66286.9 66306.7 0 0 0 0 0 0 0 0 0 0 0 0 0 0 0 0 0 0 0 0 0 0 0 0 0
#obs catch bio
 16319.8 13673.7 12345.4 6365.87 21024 34339.4 37259.2 57076.2 73852.6 94731.8 100228 117404 146468 167639 156545 146256 170925 193683 169710 231520 224135 236141 198781 205652 239370 218974 169639 218829
#pred cpue bio
 17385.3 17449.9 12688.8 13402 22239.8 26149.2 31685.7 46653.2 60942.6 75974.2 80743.8 90628.7 109439 119050 114975 105678 109012 117721 111845 132768 124890 124516 124223 123203 133095 109688 93601.7 102878 1.43916e+06 9.23509e+06 1.49742e+07 2.06451e+07 2.5917e+07 3.05846e+07 3.45884e+07 3.79528e+07 4.07437e+07 4.30421e+07 4.493e+07 4.64821e+07 4.77636e+07 4.88289e+07 4.96549e+07 4.99512e+07 5.02429e+07 5.05294e+07 5.08104e+07 5.10857e+07 5.13552e+07 5.16188e+07 5.18766e+07 5.21287e+07 5.2375e+07 5.26158e+07 5.28512e+07 5.30812e+07 5.33059e+07 5.35256e+07 5.37404e+07 5.39503e+07 5.41555e+07 5.43562e+07 5.45524e+07 5.47442e+07 5.49319e+07 5.51154e+07 5.5295e+07 5.54706e+07 5.56425e+07 5.58108e+07 5.59754e+07 5.61366e+07 5.62944e+07 5.64489e+07 5.66002e+07 5.67483e+07 5.68935e+07 5.70357e+07 5.7175e+07 5.73115e+07 5.74453e+07 5.75764e+07 5.7705e+07 5.7831e+07 5.79546e+07 5.80758e+07 5.81947e+07 5.83113e+07 5.84257e+07 5.8538e+07 5.86482e+07 5.87563e+07 5.88625e+07 5.89667e+07 5.90691e+07 5.91696e+07 5.92683e+07 5.93653e+07 5.94605e+07 5.95541e+07 5.96461e+07 5.97365e+07 5.98254e+07 5.99128e+07 5.99987e+07 6.00832e+07 6.01663e+07 6.0248e+07 6.03284e+07 6.04075e+07 6.04853e+07 6.0562e+07 6.06374e+07 6.07116e+07 6.07847e+07 6.08566e+07 6.09275e+07 6.09973e+07 6.10661e+07 6.11338e+07 6.12005e+07 6.12663e+07 6.13311e+07 6.1395e+07 6.14579e+07 6.152e+07 6.15812e+07 6.16416e+07 0 0 0 0 0 0 0 0 0 0 0 0 0 0 0 0 0 0 0 0 0 0 0 0 0
#obs cpue bio
 15605.5 18963 16221.2 20764.4 34584.4 36308.5 46054.5 73538.3 107713 134529 137684 165808 224296 168677 192321 168860 167022 186848 202503 208059 203669 192458 266771 220147 284658 190643 190437 199784
#pred surv len freq
 1.0218e-11 1.10906e-09 7.09799e-08 2.67857e-06 5.96018e-05 0.000782027 0.00605152 0.0276421 0.0748676 0.122943 0.135093 0.131507 0.139525 0.128985 0.0897663 0.0534013 0.0317485 0.0190594 0.0117753 0.00780834 0.00568914 0.00460967 0.00392556 0.00300691 0.00175135
 7.79117e-12 8.45656e-10 5.41219e-08 2.0424e-06 4.54464e-05 0.000596313 0.00461508 0.0210961 0.0573495 0.0958763 0.113218 0.129263 0.155947 0.151935 0.110101 0.068671 0.041002 0.0226508 0.0118192 0.00625128 0.00356423 0.00232455 0.00171678 0.00123901 0.000716116
 1.18526e-11 1.28649e-09 8.23349e-08 3.10706e-06 6.91363e-05 0.000907115 0.00701897 0.0320494 0.0866423 0.140973 0.148885 0.130532 0.125328 0.113974 0.0837207 0.054998 0.0347727 0.020063 0.0104528 0.00500132 0.0022857 0.00110416 0.000623319 0.000386408 0.000210767
 1.24579e-11 1.35219e-09 8.65397e-08 3.26574e-06 7.26671e-05 0.000953445 0.00737761 0.0336903 0.0911244 0.148634 0.15867 0.143079 0.139914 0.122184 0.0773401 0.0382664 0.0187401 0.010007 0.00536294 0.00264468 0.00115733 0.000463055 0.00018868 8.68793e-05 4.05254e-05
 1.51029e-11 1.63927e-09 1.04913e-07 3.9591e-06 8.80949e-05 0.00115585 0.0089429 0.0408183 0.110129 0.17742 0.179131 0.136306 0.10849 0.0901977 0.0641377 0.0403828 0.0232009 0.0112826 0.00483989 0.00207386 0.000884121 0.000343271 0.000118803 3.97601e-05 1.37895e-05
 1.5545e-11 1.68727e-09 1.07985e-07 4.07501e-06 9.06742e-05 0.0011897 0.00920506 0.0420213 0.113462 0.183492 0.188533 0.151668 0.128531 0.102198 0.0563236 0.0189934 0.00380519 0.000450255 3.1472e-05 1.31923e-06 4.11468e-08 3.76299e-09 1.05234e-09 2.97986e-10 7.74285e-11
 1.67913e-11 1.82253e-09 1.16642e-07 4.40171e-06 9.79435e-05 0.00128507 0.00994266 0.0453813 0.122437 0.197218 0.198946 0.150588 0.116852 0.0888694 0.0484153 0.0162871 0.00326131 0.000385771 2.69161e-05 1.10742e-06 2.68667e-08 3.84321e-10 3.2416e-12 1.61224e-14 4.72809e-17
 1.63099e-11 1.77029e-09 1.13298e-07 4.27552e-06 9.51356e-05 0.00124823 0.00965775 0.0440834 0.11897 0.191916 0.194924 0.151005 0.121363 0.0940177 0.05147 0.0173324 0.00347132 0.000410628 2.86506e-05 1.17878e-06 2.85981e-08 4.09088e-10 3.45051e-12 1.71613e-14 5.03258e-17
 1.61837e-11 1.75658e-09 1.12421e-07 4.24242e-06 9.43992e-05 0.00123857 0.00958303 0.043743 0.118061 0.190525 0.193869 0.151115 0.122547 0.095368 0.0522711 0.0176066 0.00352639 0.000417148 2.91056e-05 1.1975e-06 2.90522e-08 4.15584e-10 3.5053e-12 1.74338e-14 5.11249e-17
 1.56905e-11 1.70305e-09 1.08995e-07 4.11313e-06 9.15225e-05 0.00120082 0.00929114 0.0424133 0.114509 0.185094 0.189749 0.151542 0.127168 0.100643 0.0554007 0.0186774 0.00374155 0.000442614 3.08826e-05 1.27062e-06 3.08261e-08 4.40959e-10 3.71932e-12 1.84983e-14 5.42464e-17
 1.60904e-11 1.74645e-09 1.11773e-07 4.21796e-06 9.3855e-05 0.00123143 0.00952781 0.0434915 0.117389 0.189498 0.19309 0.151196 0.123421 0.0963658 0.0528632 0.0178091 0.0035671 0.000421966 2.94418e-05 1.21133e-06 2.93878e-08 4.20384e-10 3.54578e-12 1.76352e-14 5.17154e-17
 1.6457e-11 1.78625e-09 1.1432e-07 4.31408e-06 9.59938e-05 0.00125949 0.00974483 0.0444801 0.12003 0.193536 0.196154 0.150878 0.119985 0.0924443 0.0505364 0.0170129 0.00340713 0.000403032 2.81205e-05 1.15697e-06 2.80689e-08 4.01519e-10 3.38666e-12 1.68438e-14 4.93945e-17
 1.62699e-11 1.76594e-09 1.1302e-07 4.26503e-06 9.49023e-05 0.00124517 0.00963408 0.0439756 0.118682 0.191475 0.19459 0.15104 0.121738 0.0944456 0.0517238 0.0174193 0.00348877 0.000412694 2.87948e-05 1.18471e-06 2.8742e-08 4.11146e-10 3.46787e-12 1.72477e-14 5.0579e-17
 1.57245e-11 1.70675e-09 1.09232e-07 4.12206e-06 9.17212e-05 0.00120343 0.0093113 0.0425052 0.114755 0.185469 0.190033 0.151513 0.126849 0.100278 0.0551845 0.0186035 0.00372668 0.000440855 3.07599e-05 1.26557e-06 3.07035e-08 4.39206e-10 3.70453e-12 1.84248e-14 5.40308e-17
 1.55479e-11 1.68757e-09 1.08004e-07 4.07575e-06 9.06907e-05 0.00118991 0.00920674 0.0420289 0.113482 0.183523 0.188557 0.151666 0.128504 0.102168 0.0563055 0.0189871 0.00380375 0.000449977 3.13964e-05 1.29176e-06 3.13389e-08 4.48295e-10 3.7812e-12 1.88061e-14 5.5149e-17
 1.65101e-11 1.79202e-09 1.14689e-07 4.328e-06 9.63034e-05 0.00126355 0.00977625 0.0446232 0.120412 0.194121 0.196597 0.150832 0.119487 0.0918766 0.0501995 0.0168977 0.00338398 0.000400291 2.79293e-05 1.1491e-06 2.7878e-08 3.98787e-10 3.36362e-12 1.67292e-14 4.90586e-17
 1.70732e-11 1.85313e-09 1.186e-07 4.4756e-06 9.95876e-05 0.00130664 0.0101095 0.0461412 0.124467 0.200322 0.201302 0.150344 0.114211 0.0858549 0.0466267 0.0156751 0.00313835 0.000371217 2.59005e-05 1.06563e-06 2.58529e-08 3.69818e-10 3.11928e-12 1.5514e-14 4.54948e-17
 1.71084e-11 1.85695e-09 1.18845e-07 4.48483e-06 9.9793e-05 0.00130933 0.0101303 0.0462362 0.12472 0.20071 0.201596 0.150313 0.113881 0.0854783 0.0464032 0.0155987 0.00312299 0.000369399 2.57736e-05 1.06041e-06 2.57262e-08 3.68007e-10 3.104e-12 1.5438e-14 4.52719e-17
 1.73257e-11 1.88053e-09 1.20354e-07 4.54178e-06 0.00010106 0.00132596 0.0102589 0.046822 0.126285 0.203103 0.203411 0.150125 0.111845 0.0831546 0.0450245 0.0151269 0.0030282 0.00035818 2.49907e-05 1.0282e-06 2.49448e-08 3.56828e-10 3.00971e-12 1.4969e-14 4.38968e-17
 1.72892e-11 1.87658e-09 1.20101e-07 4.53222e-06 0.000100848 0.00132317 0.0102373 0.0467237 0.126022 0.202702 0.203107 0.150156 0.112187 0.0835446 0.0452559 0.015206 0.00304411 0.000360062 2.51221e-05 1.0336e-06 2.50759e-08 3.58704e-10 3.02553e-12 1.50477e-14 4.41275e-17
 1.76824e-11 1.91925e-09 1.22832e-07 4.6353e-06 0.000103141 0.00135326 0.0104701 0.0477837 0.128854 0.207032 0.206392 0.149815 0.108502 0.0793395 0.0427608 0.0143523 0.00287258 0.000339759 2.37053e-05 9.75311e-07 2.36617e-08 3.38474e-10 2.8549e-12 1.41991e-14 4.16388e-17
 1.83836e-11 1.99536e-09 1.27703e-07 4.8191e-06 0.000107231 0.00140691 0.010885 0.0496742 0.133903 0.214755 0.212251 0.149207 0.101931 0.0718406 0.0383115 0.0128298 0.0025667 0.000303553 2.11788e-05 8.71361e-07 2.11398e-08 3.02399e-10 2.55062e-12 1.26857e-14 3.72009e-17
 1.80503e-11 1.95919e-09 1.25388e-07 4.73174e-06 0.000105287 0.00138141 0.0106878 0.0487756 0.131503 0.211084 0.209466 0.149496 0.105055 0.0754049 0.0404263 0.0135535 0.00271209 0.000320763 2.23797e-05 9.2077e-07 2.23385e-08 3.19546e-10 2.69525e-12 1.3405e-14 3.93103e-17
 1.83347e-11 1.99006e-09 1.27363e-07 4.80629e-06 0.000106946 0.00140317 0.0108561 0.0495424 0.133551 0.214217 0.211842 0.14925 0.102389 0.0723632 0.0386216 0.0129359 0.00258801 0.000306077 2.13549e-05 8.78605e-07 2.13155e-08 3.04913e-10 2.57182e-12 1.27912e-14 3.75102e-17
 1.80697e-11 1.96129e-09 1.25522e-07 4.73682e-06 0.0001054 0.00138289 0.0106993 0.0488279 0.131643 0.211298 0.209628 0.14948 0.104873 0.0751975 0.0403032 0.0135113 0.00270363 0.000319761 2.23098e-05 9.17894e-07 2.22687e-08 3.18548e-10 2.68683e-12 1.33631e-14 3.91875e-17
 1.88465e-11 2.0456e-09 1.30918e-07 4.94045e-06 0.000109931 0.00144233 0.011159 0.0509222 0.137237 0.219853 0.216118 0.148806 0.0975937 0.0668901 0.0353742 0.0118247 0.00236476 0.000279651 1.95109e-05 8.02736e-07 1.94749e-08 2.78583e-10 2.34974e-12 1.16866e-14 3.42711e-17
 1.87009e-11 2.02981e-09 1.29907e-07 4.9023e-06 0.000109082 0.0014312 0.0110729 0.0505298 0.136189 0.21825 0.214902 0.148932 0.0989574 0.0684464 0.0362976 0.0121407 0.00242825 0.000287166 2.00353e-05 8.2431e-07 1.99983e-08 2.8607e-10 2.41289e-12 1.20007e-14 3.51921e-17
 1.8396e-11 1.9967e-09 1.27789e-07 4.82235e-06 0.000107303 0.00140786 0.0108924 0.0497076 0.133992 0.214891 0.212354 0.149197 0.101815 0.0717082 0.0382329 0.0128029 0.00256129 0.000302914 2.11342e-05 8.69525e-07 2.10952e-08 3.01761e-10 2.54524e-12 1.2659e-14 3.71225e-17
#obs surv len freq
 3.55097e-11 3.29092e-09 1.79835e-07 5.79453e-06 0.000110091 0.00123337 0.00814948 0.0317923 0.0736445 0.104322 0.103217 0.101032 0.116804 0.128157 0.123253 0.100115 0.0627493 0.0297354 0.011207 0.00345475 0.000842503 0.000153717 1.9997e-05 1.78841e-06 1.06999e-07
 1.98573e-11 1.77496e-09 9.35498e-08 2.90728e-06 5.32762e-05 0.000575762 0.00367239 0.0138811 0.0317605 0.0485851 0.0670633 0.105712 0.151479 0.170681 0.160268 0.124835 0.0738882 0.0324598 0.0111396 0.00311211 0.00069581 0.000118428 1.45557e-05 1.23482e-06 6.98385e-08
 1.50354e-10 1.294e-08 6.56658e-07 1.96486e-05 0.000346666 0.00360644 0.0221231 0.0800327 0.170855 0.216017 0.165021 0.0853048 0.0482929 0.0502651 0.0591259 0.0515871 0.0302708 0.0122764 0.00373345 0.000911586 0.000179247 2.71922e-05 3.02425e-06 2.35477e-07 1.23525e-08
 1.12912e-10 9.34124e-09 4.55676e-07 1.31068e-05 0.000222295 0.0022233 0.0131188 0.0457787 0.0956656 0.127307 0.134993 0.156073 0.171696 0.1341 0.0706763 0.0291856 0.0118977 0.00485686 0.00166892 0.000430435 8.0549e-05 1.092e-05 1.06642e-06 7.33401e-08 3.44077e-09
 1.93282e-10 1.53474e-08 7.18567e-07 1.98375e-05 0.000322921 0.00309964 0.0175474 0.0586447 0.11631 0.140632 0.117449 0.0970273 0.102619 0.113449 0.108329 0.0765675 0.0354989 0.010291 0.00190627 0.000252791 2.92774e-05 3.17393e-06 2.78044e-07 1.72546e-08 7.19909e-10
 3.13127e-10 2.38298e-08 1.06932e-06 2.82931e-05 0.000441415 0.00406094 0.0220362 0.0706288 0.134695 0.158617 0.134983 0.117862 0.115155 0.0990988 0.0714722 0.0430215 0.0197226 0.00643098 0.00147722 0.000238901 2.68086e-05 2.08498e-06 1.17092e-07 5.03143e-09 1.65571e-10
 4.15044e-10 3.02315e-08 1.29841e-06 3.28814e-05 0.000491004 0.00432356 0.0224584 0.0689468 0.126334 0.145079 0.126722 0.119975 0.123066 0.109072 0.0804688 0.0470653 0.0194745 0.00534828 0.000992192 0.000133712 1.39338e-05 1.10632e-06 6.26181e-08 2.39612e-09 6.08456e-11
 6.34277e-10 4.41626e-08 1.81308e-06 4.38903e-05 0.00062649 0.00527333 0.0261843 0.0768479 0.134664 0.148137 0.124663 0.11492 0.116519 0.104499 0.0784258 0.0454568 0.0181285 0.0047034 0.000802389 9.47795e-05 8.20094e-06 5.3228e-07 2.5593e-08 8.85334e-10 2.12477e-11
 7.91906e-10 5.2643e-08 2.06346e-06 4.76913e-05 0.000649954 0.00522369 0.0247741 0.0695616 0.117599 0.129608 0.121254 0.129364 0.135352 0.116785 0.082765 0.0451789 0.0169654 0.00413425 0.000658128 7.16931e-05 5.62197e-06 3.22956e-07 1.33596e-08 3.88449e-10 7.79958e-12
 1.30944e-09 8.30153e-08 3.10325e-06 6.84013e-05 0.000889016 0.00681393 0.030815 0.082456 0.132442 0.13684 0.116375 0.11448 0.119879 0.110341 0.082932 0.0453302 0.0161845 0.0036022 0.000500425 4.49955e-05 2.78937e-06 1.26953e-07 4.32899e-09 1.0764e-10 1.87395e-12
 1.79426e-09 1.08369e-07 3.85934e-06 8.10421e-05 0.00100349 0.00732808 0.0315874 0.080724 0.125066 0.12998 0.122019 0.13124 0.132808 0.110429 0.0745878 0.0375075 0.012578 0.00266671 0.000357298 3.12794e-05 1.8756e-06 7.94958e-08 2.37703e-09 4.92048e-11 6.96259e-13
 3.0289e-09 1.74112e-07 5.90144e-06 0.000117945 0.00138995 0.0096602 0.0396238 0.0962853 0.1413 0.1369 0.116332 0.116185 0.117739 0.102785 0.0718523 0.0357371 0.0114813 0.00229462 0.000286829 2.32173e-05 1.28095e-06 5.01698e-08 1.40054e-09 2.71857e-11 3.5702e-13
 3.514e-09 1.92075e-07 6.19056e-06 0.000117647 0.00131841 0.00871511 0.0340351 0.0791552 0.113999 0.1192 0.1266 0.145916 0.143292 0.112729 0.0708361 0.032347 0.00968629 0.00181556 0.000213074 1.61547e-05 8.3009e-07 3.00438e-08 7.69666e-10 1.36573e-11 1.63932e-13
 4.84542e-09 2.51629e-07 7.70511e-06 0.00013912 0.00148124 0.00930304 0.0345248 0.0763651 0.105004 0.106396 0.112909 0.134953 0.14576 0.130322 0.0884611 0.0405015 0.0116096 0.00203002 0.000217315 1.46085e-05 6.45168e-07 1.97382e-08 4.31989e-10 6.72054e-12 7.22613e-14
 8.65103e-09 4.26505e-07 1.23985e-05 0.000212523 0.00214815 0.0128082 0.0451221 0.0947091 0.123343 0.117506 0.116166 0.130137 0.132767 0.112184 0.071849 0.031048 0.00842682 0.00140492 0.00014517 9.58583e-06 4.22222e-07 1.28359e-08 2.70462e-10 3.87052e-12 3.68388e-14
 1.25787e-08 5.88328e-07 1.62253e-05 0.000263852 0.00253026 0.0143155 0.047895 0.0958648 0.121276 0.118817 0.125864 0.140594 0.134146 0.104159 0.0617287 0.0249784 0.00641573 0.00102491 0.000103357 6.82548e-06 3.07315e-07 9.60935e-09 2.0602e-10 2.95164e-12 2.77208e-14
 2.04213e-08 9.05594e-07 2.36795e-05 0.000365096 0.00331955 0.017807 0.0564882 0.107211 0.128627 0.119636 0.121346 0.132814 0.127429 0.0994398 0.0574639 0.0219918 0.00521858 0.000749977 6.5328e-05 3.51492e-06 1.2147e-07 2.85611e-09 4.82119e-11 5.92593e-13 5.14936e-15
 2.66523e-08 1.12003e-06 2.77534e-05 0.000405513 0.00349433 0.0177716 0.0535497 0.0974117 0.116375 0.118631 0.135217 0.148883 0.134435 0.0973157 0.0525064 0.0189844 0.00432206 0.000610715 5.44357e-05 3.16525e-06 1.24063e-07 3.31016e-09 5.90797e-11 6.87593e-13 5.14326e-15
 4.03248e-08 1.60521e-06 3.76775e-05 0.00052148 0.00425666 0.0205083 0.0585565 0.101059 0.115118 0.113512 0.127822 0.143262 0.135739 0.10181 0.0544005 0.0188058 0.00401765 0.000526572 4.30978e-05 2.28615e-06 8.22872e-08 2.07221e-09 3.63925e-11 4.33959e-13 3.41513e-15
 5.63532e-08 2.12423e-06 4.72148e-05 0.000618824 0.00478379 0.0218375 0.0592063 0.0980155 0.111358 0.117549 0.139046 0.151475 0.134966 0.0946308 0.0474171 0.0154667 0.00314755 0.000399054 3.23083e-05 1.73525e-06 6.37719e-08 1.61072e-09 2.74425e-11 3.08746e-13 2.26653e-15
 9.35269e-08 3.33767e-06 7.0233e-05 0.000871469 0.00637787 0.0275615 0.0707206 0.110646 0.118164 0.116596 0.131626 0.142118 0.12785 0.0888358 0.0427285 0.0130739 0.00245378 0.000281441 2.00909e-05 9.26535e-07 2.89719e-08 6.37151e-10 9.88046e-12 1.05333e-13 7.48791e-16
 1.3866e-07 4.68401e-06 9.32991e-05 0.00109587 0.00759276 0.0310788 0.0757157 0.113693 0.120997 0.125124 0.142157 0.144006 0.118225 0.0751799 0.0335183 0.00961067 0.00170676 0.00018749 1.30263e-05 5.93587e-07 1.83517e-08 3.89324e-10 5.59105e-12 5.32497e-14 3.32124e-16
 1.81103e-07 5.79057e-06 0.000109173 0.0012138 0.00796174 0.0308775 0.0715437 0.103876 0.112749 0.126024 0.149252 0.151933 0.124187 0.0770664 0.0327581 0.00882471 0.00145947 0.0001481 9.41389e-06 3.88958e-07 1.08906e-08 2.11718e-10 2.84082e-12 2.56879e-14 1.52939e-16
 2.53873e-07 7.68324e-06 0.000137111 0.00144294 0.00896012 0.0329169 0.072453 0.101143 0.109331 0.125481 0.150278 0.154033 0.12632 0.0768233 0.0312881 0.00799847 0.0012562 0.000122034 7.52588e-06 3.05682e-07 8.43359e-09 1.59136e-10 2.0212e-12 1.69231e-14 9.21727e-17
 3.94932e-07 1.13137e-05 0.000191112 0.00190383 0.0111916 0.0389367 0.081296 0.108359 0.113769 0.128174 0.149252 0.148264 0.117247 0.0679467 0.0261373 0.00629508 0.000933673 8.62116e-05 5.10418e-06 2.012e-07 5.42353e-09 1.00017e-10 1.23736e-12 1.00506e-14 5.28305e-17
 4.74679e-07 1.28729e-05 0.000205857 0.00194161 0.0108121 0.0357216 0.0716235 0.0957912 0.11121 0.140514 0.165584 0.15734 0.117091 0.0634943 0.022788 0.00510608 0.00070136 5.95276e-05 3.20706e-06 1.1406e-07 2.77471e-09 4.67148e-11 5.36543e-13 4.10541e-15 2.05191e-17
 5.92472e-07 1.52122e-05 0.000230323 0.00205694 0.0108499 0.0340142 0.0652136 0.0857956 0.103374 0.137129 0.167993 0.167432 0.128208 0.0685561 0.0235 0.00494661 0.000632205 4.94676e-05 2.42674e-06 7.73997e-08 1.66668e-09 2.4718e-11 2.50836e-13 1.70629e-15 7.63472e-18
 8.82461e-07 2.14547e-05 0.000307591 0.00260129 0.0129963 0.0386288 0.0705123 0.0895842 0.106576 0.139518 0.167595 0.163594 0.121296 0.0619631 0.0201963 0.00406324 0.000503793 3.92233e-05 1.97768e-06 6.6519e-08 1.50945e-09 2.28449e-11 2.25841e-13 1.43599e-15 5.83721e-18
#pred catch len freq
 6.47855e-13 7.03185e-11 4.50042e-09 1.69841e-07 3.78019e-06 4.96657e-05 0.000386949 0.00182859 0.00579079 0.0162534 0.0490178 0.122846 0.202567 0.210679 0.15025 0.0898156 0.0534577 0.0321003 0.0198325 0.0131509 0.00958167 0.00776361 0.00661143 0.00506424 0.00294962
 4.73732e-13 5.14191e-11 3.29087e-09 1.24196e-07 2.76454e-06 3.63406e-05 0.000283878 0.00135878 0.00453186 0.0142958 0.0473858 0.122627 0.204356 0.215404 0.158574 0.0991967 0.0592634 0.0327426 0.0170848 0.00903609 0.00515196 0.00336004 0.00248153 0.00179094 0.00103512
 1.01041e-12 1.0967e-10 7.0189e-09 2.6488e-07 5.89486e-06 7.74067e-05 0.000601405 0.00280329 0.00836362 0.0199396 0.0506004 0.118649 0.193869 0.205693 0.155991 0.103017 0.0651756 0.0376065 0.0195922 0.00937403 0.00428406 0.00206951 0.00116827 0.000724238 0.000395037
 8.13276e-13 8.82734e-11 5.64954e-09 2.13206e-07 4.74528e-06 6.23387e-05 0.000485416 0.00228769 0.00716204 0.0195318 0.0573323 0.141986 0.23161 0.23378 0.15265 0.0760351 0.0373147 0.0199402 0.0106878 0.00527057 0.00230641 0.000922811 0.000376015 0.000173139 8.07619e-05
 6.86434e-12 7.45058e-10 4.76837e-08 1.79944e-06 4.00404e-05 0.000525388 0.00406652 0.0185968 0.0506675 0.0856077 0.105194 0.129378 0.164081 0.163357 0.120892 0.0765284 0.0439552 0.0213671 0.00916443 0.00392664 0.00167396 0.000649932 0.000224935 7.52799e-05 2.61083e-05
 1.05277e-11 1.14268e-09 7.31317e-08 2.75977e-06 6.14088e-05 0.000805749 0.00623557 0.0284941 0.0773304 0.128232 0.146612 0.156018 0.175547 0.155856 0.0881613 0.0298879 0.00599409 0.000709404 4.95876e-05 2.07845e-06 6.47651e-08 5.90626e-09 1.65088e-09 4.67463e-10 1.21465e-10
 1.22026e-11 1.32448e-09 8.47663e-08 3.19882e-06 7.11782e-05 0.000933918 0.00722684 0.0330097 0.0893918 0.146679 0.160606 0.154566 0.159853 0.137944 0.0775332 0.0262508 0.00526311 0.000622714 4.34502e-05 1.7877e-06 4.33709e-08 6.2041e-10 5.23293e-12 2.60264e-14 7.63257e-17
 1.19004e-11 1.29167e-09 8.26668e-08 3.11959e-06 6.94153e-05 0.00091079 0.00704797 0.0321949 0.0872153 0.14335 0.158081 0.154828 0.162685 0.141177 0.079451 0.0269071 0.00539496 0.00063832 4.45392e-05 1.83251e-06 4.4458e-08 6.35959e-10 5.36408e-12 2.66786e-14 7.82354e-17
 1.19352e-11 1.29545e-09 8.29088e-08 3.12873e-06 6.96185e-05 0.000913455 0.00706859 0.0322888 0.0874662 0.143734 0.158372 0.154798 0.162358 0.140804 0.07923 0.0268314 0.00537976 0.000636521 4.44137e-05 1.82734e-06 4.43327e-08 6.34167e-10 5.34896e-12 2.66035e-14 7.80149e-17
 1.19122e-11 1.29296e-09 8.27491e-08 3.1227e-06 6.94844e-05 0.000911696 0.00705498 0.0322268 0.0873006 0.14348 0.15818 0.154818 0.162574 0.14105 0.0793759 0.0268813 0.00538979 0.000637708 4.44965e-05 1.83075e-06 4.44154e-08 6.3535e-10 5.35894e-12 2.66531e-14 7.81604e-17
 1.24752e-11 1.35406e-09 8.666e-08 3.27028e-06 7.27683e-05 0.000954779 0.00738819 0.0337447 0.0913549 0.149681 0.162884 0.15433 0.157298 0.135029 0.0758034 0.0256589 0.00514419 0.000608638 4.24679e-05 1.74729e-06 4.23904e-08 6.06384e-10 5.11462e-12 2.54379e-14 7.4597e-17
 1.28465e-11 1.39437e-09 8.92393e-08 3.36762e-06 7.49341e-05 0.000983193 0.00760795 0.0347458 0.0940289 0.153771 0.165986 0.154008 0.153819 0.131058 0.0734472 0.0248526 0.00498221 0.000589465 4.113e-05 1.69224e-06 4.10549e-08 5.8728e-10 4.95349e-12 2.46365e-14 7.22468e-17
 1.30488e-11 1.41632e-09 9.06446e-08 3.42065e-06 7.61141e-05 0.000998674 0.00772768 0.0352912 0.0954857 0.155999 0.167676 0.153833 0.151923 0.128894 0.0721635 0.0244134 0.00489395 0.000579019 4.04011e-05 1.66225e-06 4.03273e-08 5.76872e-10 4.8657e-12 2.41999e-14 7.09664e-17
 1.2556e-11 1.36283e-09 8.72209e-08 3.29145e-06 7.32392e-05 0.000960958 0.00743598 0.0339624 0.0919364 0.15057 0.163558 0.15426 0.156541 0.134165 0.075291 0.0254836 0.00510896 0.000604468 4.2177e-05 1.73532e-06 4.21e-08 6.0223e-10 5.07958e-12 2.52637e-14 7.40859e-17
 1.24787e-11 1.35444e-09 8.66842e-08 3.27119e-06 7.27886e-05 0.000955045 0.00739025 0.0337541 0.09138 0.14972 0.162913 0.154327 0.157266 0.134992 0.0757813 0.0256513 0.00514267 0.000608458 4.24554e-05 1.74677e-06 4.23779e-08 6.06205e-10 5.11311e-12 2.54304e-14 7.45749e-17
 1.38442e-11 1.50265e-09 9.61697e-08 3.62915e-06 8.07534e-05 0.00105954 0.00819842 0.0374356 0.101213 0.164759 0.174322 0.153143 0.14447 0.120388 0.0671164 0.0226863 0.00454697 0.000537949 3.75352e-05 1.54433e-06 3.74666e-08 5.3595e-10 4.52053e-12 2.24832e-14 6.59322e-17
 1.47478e-11 1.60074e-09 1.02447e-07 3.86603e-06 8.60242e-05 0.00112869 0.00873324 0.0398719 0.107721 0.174712 0.181872 0.15236 0.136002 0.110724 0.0613822 0.0207242 0.00415276 0.000491288 3.42792e-05 1.41036e-06 3.42164e-08 4.89457e-10 4.12839e-12 2.05328e-14 6.02127e-17
 1.5275e-11 1.65796e-09 1.06109e-07 4.00423e-06 8.90993e-05 0.00116903 0.00904526 0.0412933 0.111517 0.180518 0.186277 0.151903 0.131061 0.105086 0.0580369 0.0195795 0.00392278 0.000464066 3.23796e-05 1.33221e-06 3.23203e-08 4.62333e-10 3.89961e-12 1.9395e-14 5.68759e-17
 1.48522e-11 1.61206e-09 1.03172e-07 3.89337e-06 8.66326e-05 0.00113667 0.00879498 0.0401531 0.108472 0.17586 0.182744 0.152269 0.135024 0.109608 0.0607203 0.0204977 0.00410726 0.000485902 3.39033e-05 1.3949e-06 3.38413e-08 4.8409e-10 4.08312e-12 2.03077e-14 5.95525e-17
 1.56205e-11 1.69545e-09 1.08509e-07 4.09478e-06 9.11142e-05 0.00119547 0.00924971 0.0422246 0.114005 0.184323 0.189164 0.151603 0.127824 0.101391 0.0558449 0.0188294 0.00377208 0.000446229 3.11349e-05 1.281e-06 3.10778e-08 4.4456e-10 3.7497e-12 1.86494e-14 5.46895e-17
 1.61312e-11 1.75088e-09 1.12056e-07 4.22866e-06 9.4093e-05 0.00123455 0.00955196 0.0436015 0.117683 0.189947 0.193431 0.15116 0.123038 0.0959294 0.0526042 0.0177205 0.00354929 0.000419858 2.92947e-05 1.20528e-06 2.9241e-08 4.18285e-10 3.52807e-12 1.75471e-14 5.14571e-17
 1.72604e-11 1.87345e-09 1.19901e-07 4.52468e-06 0.00010068 0.00132096 0.0102203 0.0466461 0.125815 0.202385 0.202866 0.150181 0.112456 0.0838524 0.0454385 0.0152685 0.00305666 0.000361548 2.52258e-05 1.03787e-06 2.51794e-08 3.60185e-10 3.03802e-12 1.51098e-14 4.43097e-17
 1.67486e-11 1.8179e-09 1.16345e-07 4.39051e-06 9.76945e-05 0.0012818 0.00991739 0.0452662 0.122129 0.196748 0.19859 0.150625 0.117253 0.0893261 0.0486862 0.0163799 0.00327994 0.000387976 2.707e-05 1.11375e-06 2.70203e-08 3.86518e-10 3.26013e-12 1.62145e-14 4.75491e-17
 1.70082e-11 1.84607e-09 1.18148e-07 4.45855e-06 9.92083e-05 0.00130166 0.010071 0.0459659 0.123998 0.199606 0.200758 0.1504 0.11482 0.0865503 0.0470393 0.0158163 0.00316672 0.000374574 2.61348e-05 1.07527e-06 2.60868e-08 3.73164e-10 3.1475e-12 1.56543e-14 4.59064e-17
 1.7155e-11 1.86201e-09 1.19168e-07 4.49704e-06 0.000100065 0.0013129 0.0101579 0.0463618 0.125056 0.201224 0.201985 0.150273 0.113444 0.08498 0.0461075 0.0154975 0.00310266 0.000366993 2.56057e-05 1.0535e-06 2.55586e-08 3.65609e-10 3.08378e-12 1.53374e-14 4.4977e-17
 1.82009e-11 1.97553e-09 1.26434e-07 4.77121e-06 0.000106165 0.00139293 0.0107769 0.0491816 0.132587 0.212743 0.210724 0.149366 0.103643 0.0737944 0.0394708 0.0132265 0.00264639 0.000312987 2.18371e-05 8.98445e-07 2.17969e-08 3.11798e-10 2.6299e-12 1.308e-14 3.83572e-17
 1.75678e-11 1.90682e-09 1.22036e-07 4.60527e-06 0.000102473 0.00134449 0.0104023 0.0474749 0.128029 0.205771 0.205435 0.149915 0.109576 0.0805645 0.0434877 0.014601 0.00292255 0.000345674 2.41181e-05 9.92293e-07 2.40737e-08 3.44368e-10 2.90461e-12 1.44463e-14 4.23639e-17
 1.80514e-11 1.9593e-09 1.25395e-07 4.73202e-06 0.000105293 0.00138149 0.0106884 0.0487785 0.131511 0.211096 0.209475 0.149495 0.105044 0.0753933 0.0404194 0.0135511 0.00271161 0.000320706 2.23758e-05 9.20609e-07 2.23346e-08 3.1949e-10 2.69478e-12 1.34027e-14 3.93034e-17
#obs catch len freq
 2.91031e-11 2.69718e-09 1.47389e-07 4.74909e-06 9.02294e-05 0.00101088 0.00668035 0.0260813 0.0606635 0.0877199 0.0941155 0.107094 0.133283 0.142295 0.128392 0.100416 0.0634818 0.0313139 0.0123314 0.00388627 0.000945819 0.000170511 2.19903e-05 1.96807e-06 1.18912e-07
 4.3173e-11 3.85904e-09 2.03392e-07 6.32087e-06 0.000115827 0.00125158 0.00797706 0.0300329 0.0673143 0.0934609 0.0951308 0.102108 0.124349 0.136761 0.130191 0.10369 0.0633625 0.0293076 0.0107928 0.00323587 0.000761324 0.000132957 1.64443e-05 1.39035e-06 7.82654e-08
 2.42324e-11 2.08552e-09 1.05833e-07 3.16677e-06 5.58753e-05 0.000581451 0.00357228 0.0130283 0.0290109 0.0447345 0.0663037 0.110141 0.157449 0.174903 0.161902 0.123344 0.0709872 0.0303572 0.0101617 0.00276044 0.000595689 9.70485e-05 1.13323e-05 9.07761e-07 4.82458e-08
 1.82699e-18 8.03115e-16 2.08165e-13 3.18147e-11 2.86716e-09 1.52374e-07 4.77651e-06 8.83873e-05 0.000967863 0.0063199 0.0251814 0.0651113 0.123169 0.189508 0.2283 0.192925 0.109182 0.0428821 0.0126856 0.00300998 0.000571438 8.30198e-05 8.77486e-06 6.45064e-07 3.17812e-08
 1.17748e-10 9.34973e-09 4.37755e-07 1.20852e-05 0.000196734 0.00188876 0.0107033 0.0359615 0.0733036 0.10069 0.125677 0.172777 0.197817 0.151324 0.0776549 0.0316925 0.0128872 0.00517554 0.00172357 0.000427722 7.67396e-05 9.93747e-06 9.22141e-07 5.9902e-08 2.64017e-09
 2.75248e-10 2.09471e-08 9.39962e-07 2.48705e-05 0.000388016 0.00356964 0.0193689 0.0620594 0.11815 0.137999 0.114184 0.0975613 0.105587 0.115961 0.108107 0.0735653 0.0326068 0.00902937 0.00160549 0.00020676 2.34405e-05 2.45754e-06 2.04885e-07 1.19978e-08 4.70093e-10
 4.55047e-10 3.31452e-08 1.42355e-06 3.60506e-05 0.000538326 0.0047402 0.0246209 0.0755585 0.13819 0.157251 0.132758 0.11831 0.115489 0.0976594 0.0691792 0.0405934 0.0179729 0.00563989 0.00124498 0.000192946 2.06879e-05 1.53621e-06 8.24073e-08 3.37185e-09 1.04833e-10
 6.15503e-10 4.28555e-08 1.75942e-06 4.25913e-05 0.000607949 0.00511732 0.0254114 0.0746059 0.130973 0.145325 0.125894 0.120491 0.122355 0.106333 0.076737 0.0434278 0.0172262 0.00452709 0.000806592 0.000104841 1.05211e-05 7.98446e-07 4.28817e-08 1.55003e-09 3.70796e-11
 9.63229e-10 6.4032e-08 2.50987e-06 5.80088e-05 0.000790555 0.00635331 0.0301217 0.0844344 0.141521 0.149898 0.123975 0.114116 0.113996 0.100197 0.0733621 0.0409817 0.0156187 0.00386585 0.000630685 7.14761e-05 5.93797e-06 3.68905e-07 1.68932e-08 5.53532e-10 1.25187e-11
 1.24451e-09 7.88988e-08 2.94937e-06 6.50096e-05 0.000844941 0.00647638 0.0292948 0.078476 0.126763 0.134317 0.122549 0.127935 0.130158 0.109593 0.0756529 0.039757 0.0142485 0.00330729 0.000502547 5.24151e-05 3.93733e-06 2.15985e-07 8.49308e-09 2.33776e-10 4.42689e-12
 2.07031e-09 1.25042e-07 4.45309e-06 9.351e-05 0.00115785 0.00845463 0.036428 0.0928912 0.14235 0.141014 0.116499 0.112211 0.114757 0.103198 0.0751335 0.0392762 0.013317 0.00281012 0.000370685 3.17599e-05 1.88321e-06 8.20365e-08 2.66722e-09 6.28763e-11 1.03263e-12
 2.87214e-09 1.651e-07 5.59601e-06 0.000111841 0.00131803 0.00916082 0.0375856 0.0914576 0.13513 0.134748 0.122771 0.128267 0.125882 0.101994 0.066804 0.0321703 0.010249 0.00206009 0.000262051 2.18409e-05 1.24908e-06 5.04327e-08 1.43165e-09 2.8039e-11 3.74351e-13
 4.89383e-09 2.67497e-07 8.62136e-06 0.000163841 0.001836 0.0121336 0.047327 0.109382 0.152801 0.141392 0.115635 0.11174 0.11002 0.0935441 0.0630796 0.0298982 0.00909814 0.00172037 0.000203805 1.56833e-05 8.24701e-07 3.07708e-08 8.15431e-10 1.49623e-11 1.85103e-13
 5.84251e-09 3.0341e-07 9.29067e-06 0.000167748 0.00178603 0.011217 0.0416219 0.0919941 0.126018 0.125619 0.1275 0.140725 0.133381 0.101975 0.0618759 0.0269504 0.00764289 0.00135436 0.000150482 1.08331e-05 5.29832e-07 1.82459e-08 4.43302e-10 7.43112e-12 8.39945e-14
 8.20991e-09 4.04757e-07 1.17663e-05 0.000201687 0.00203863 0.0121554 0.0428269 0.0899394 0.117433 0.113006 0.114112 0.130907 0.137149 0.118824 0.0771984 0.0334872 0.00905556 0.00149271 0.000150825 9.5952e-06 4.02354e-07 1.17094e-08 2.43407e-10 3.58253e-12 3.62952e-14
 1.4557e-08 6.80855e-07 1.8777e-05 0.000305346 0.00292806 0.0165627 0.0553565 0.110233 0.136183 0.122979 0.115349 0.123778 0.122347 0.100068 0.0612847 0.0250741 0.00641776 0.00100868 9.8423e-05 6.15406e-06 2.57251e-07 7.42024e-09 1.47919e-10 1.99579e-12 1.78629e-14
 2.16241e-08 9.58934e-07 2.50742e-05 0.0003866 0.00351506 0.0188553 0.059806 0.113437 0.135688 0.124799 0.123705 0.131286 0.120926 0.0908043 0.0514712 0.0197235 0.00477841 0.000720055 6.86488e-05 4.29782e-06 1.83662e-07 5.44043e-09 1.10098e-10 1.48404e-12 1.30825e-14
 3.48343e-08 1.46387e-06 3.62732e-05 0.000529989 0.00456651 0.0232132 0.069777 0.125437 0.142243 0.124226 0.118082 0.123119 0.114153 0.0858906 0.0472761 0.0170783 0.00381115 0.000514694 4.21677e-05 2.1387e-06 6.99136e-08 1.56025e-09 2.50113e-11 2.90931e-13 2.38027e-15
 4.65025e-08 1.85113e-06 4.34497e-05 0.000601367 0.00490862 0.0236465 0.0674765 0.116111 0.130553 0.12375 0.131278 0.137352 0.119646 0.083471 0.0429102 0.0146538 0.00314126 0.000418089 3.51767e-05 1.93518e-06 7.17979e-08 1.80928e-09 3.03939e-11 3.32039e-13 2.3279e-15
 7.08447e-08 2.67049e-06 5.9356e-05 0.000777933 0.006013 0.0274313 0.0741413 0.120938 0.129344 0.117983 0.123328 0.131657 0.120361 0.0865776 0.0438581 0.014278 0.00286694 0.0003534 2.72672e-05 1.36781e-06 4.66553e-08 1.11241e-09 1.84328e-11 2.06578e-13 1.52318e-15
 1.0114e-07 3.60936e-06 7.59501e-05 0.000942405 0.00689688 0.0298017 0.0764352 0.119334 0.126305 0.12162 0.13261 0.137289 0.117847 0.079182 0.0376071 0.0115544 0.0022115 0.000264035 2.01829e-05 1.02573e-06 3.5666e-08 8.50053e-10 1.36208e-11 1.43753e-13 9.88169e-16
 1.66994e-07 5.64111e-06 0.000112363 0.00131974 0.00914232 0.0373912 0.0907379 0.133798 0.132827 0.118899 0.123197 0.1264 0.109355 0.0725219 0.0329548 0.00947678 0.0016694 0.000179862 1.20888e-05 5.2657e-07 1.55899e-08 3.24493e-10 4.7468e-12 4.75421e-14 3.16441e-16
 2.49594e-07 7.98051e-06 0.000150459 0.00167273 0.0109691 0.0424857 0.0978294 0.138084 0.135414 0.125533 0.13041 0.125284 0.0988082 0.0599897 0.0252825 0.00681636 0.00113687 0.000117419 7.6882e-06 3.30914e-07 9.66753e-09 1.934e-10 2.61086e-12 2.33144e-14 1.36094e-16
 3.33096e-07 1.00808e-05 0.000179895 0.00189309 0.0117523 0.0431208 0.0943511 0.128287 0.126928 0.126156 0.137116 0.132719 0.104069 0.0614716 0.0246459 0.00623494 0.000967453 9.22033e-05 5.51703e-06 2.15152e-07 5.69377e-09 1.04484e-10 1.31908e-12 1.1185e-14 6.22817e-17
 4.74736e-07 1.35998e-05 0.000229727 0.00228839 0.013449 0.0467371 0.0970602 0.126385 0.123195 0.124633 0.137073 0.133716 0.104952 0.0605658 0.023227 0.00557353 0.00082151 7.50092e-05 4.35797e-06 1.67082e-07 4.35083e-09 7.73061e-11 9.21715e-13 7.22642e-15 3.67889e-17
 7.41582e-07 2.0111e-05 0.000321593 0.00303267 0.0168735 0.0555254 0.109291 0.135378 0.126842 0.124566 0.132691 0.12525 0.094594 0.0519255 0.0187933 0.00424805 0.00059145 5.13551e-05 2.86598e-06 1.06656e-07 2.71237e-09 4.70604e-11 5.46045e-13 4.14949e-15 2.03674e-17
 9.26025e-07 2.37763e-05 0.000359975 0.00321427 0.0169406 0.0529038 0.0996596 0.122255 0.123704 0.135989 0.147707 0.133503 0.0947694 0.0486281 0.01641 0.00344895 0.000444381 3.54325e-05 1.7975e-06 6.03202e-08 1.38478e-09 2.19528e-11 2.36645e-13 1.69448e-15 7.90723e-18
 1.18444e-06 2.87964e-05 0.000412833 0.00349076 0.017427 0.0516172 0.0927505 0.110964 0.115233 0.133549 0.151893 0.144114 0.104859 0.0528661 0.0170068 0.00335449 0.000401828 2.95073e-05 1.36124e-06 4.09106e-08 8.30658e-10 1.15982e-11 1.10489e-13 7.03552e-16 2.94009e-18
#spawning biomass
 20287.8 19511.2 15585.9 17223.8 31342.2 40282.9 53075 75495.3 97776.8 118082 128743 148166 176613 185423 177150 173420 186601 202071 195401 231257 224982 239918 231528 236197 248528 222296 186597 198480 155019 449243 725176 1.00458e+06 1.26563e+06 1.4972e+06 1.69569e+06 1.86195e+06 1.99911e+06 2.11121e+06 2.20237e+06 2.27642e+06 2.33667e+06 2.38593e+06 2.42319e+06 2.43445e+06 2.44537e+06 2.45595e+06 2.4662e+06 2.47615e+06 2.48578e+06 2.49513e+06 2.50418e+06 2.51296e+06 2.52147e+06 2.52972e+06 2.53771e+06 2.54546e+06 2.55297e+06 2.56026e+06 2.56731e+06 2.57416e+06 2.58079e+06 2.58722e+06 2.59345e+06 2.59949e+06 2.60535e+06 2.61102e+06 2.61653e+06 2.62186e+06 2.62703e+06 2.63204e+06 2.6369e+06 2.64161e+06 2.64617e+06 2.6506e+06 2.65489e+06 2.65905e+06 2.66308e+06 2.66698e+06 2.67077e+06 2.67444e+06 2.678e+06 2.68145e+06 2.68479e+06 2.68803e+06 2.69118e+06 2.69422e+06 2.69717e+06 2.70003e+06 2.70281e+06 2.7055e+06 2.7081e+06 2.71063e+06 2.71308e+06 2.71545e+06 2.71775e+06 2.71998e+06 2.72215e+06 2.72424e+06 2.72627e+06 2.72824e+06 2.73015e+06 2.732e+06 2.7338e+06 2.73553e+06 2.73722e+06 2.73885e+06 2.74044e+06 2.74197e+06 2.74346e+06 2.7449e+06 2.7463e+06 2.74766e+06 2.74897e+06 2.75024e+06 2.75148e+06 2.75268e+06 2.75384e+06 2.75496e+06 2.75605e+06 2.75711e+06 2.75813e+06 2.75912e+06 2.76009e+06 2.76102e+06 2.76192e+06 2.7628e+06 2.76365e+06 2.76447e+06 0 0 0 0 0 0 0 0 0 0 0 0 0 0 0 0 0 0 0 0 0 0 0 0 0
