SBPRF35
0.0932426
Curr Bio
221415
B35
136440
F35
2.00424
FOFL
2.00424
OFL
158180
Bzero
26638.6
#pred survey bio
 23497 21088 25728.3 29213.9 33406.9 40506.5 47472.1 55569.7 60341.9 71038.5 80878.6 91639.2 106048 116745 127013 117676 113839 131857 129624 133378 146950 147499 141591 138144 142067 139408 154159 171248 5.17454e+06 3.59339e+06 1.04935e+06 510946 341555 267705 231820 214002 205157 200787 198641 197591 197081 196833 196713 196655 196628 196615 196609 196606 196604 196604 196603 196603 196603 196603 196603 196603 196603 196603 196603 196603 196603 196603 196603 196603 196603 196603 196603 196603 196603 196603 196603 196603 196603 196603 196603 196603 196603 196603 196603 196603 196603 196603 196603 196603 196603 196603 196603 196603 196603 196603 196603 196603 196603 196603 196603 196603 196603 196603 196603 196603 196603 196603 196603 196603 196603 196603 196603 196603 196603 196603 196603 196603 196603 196603 196603 196603 196603 196603 196603 196603 196603 196603 196603 196603 196603 196603 196603 196603 0 0 0 0 0 0 0 0 0 0 0 0 0 0 0 0 0 0 0 0 0 0 0 0 0
#obs survey bio
 20489.3 18066.8 21567.9 31469.7 30121.1 46341.6 45727.8 67886.5 73391.8 77015.3 69186.8 93218.3 93966.2 138145 122592 115361 110120 92374.2 134423 150548 167281 126187 172339 148835 150699 143518 133885 175617
#pred catch bio
 10403.5 10492 14322.8 15769.7 17611.3 23145.4 27138.3 34048 34336.2 43607.5 52931.9 60741.7 73949.6 76768.5 90233.1 85651.6 73926.7 97078.9 91804.4 91900.2 110423 113294 106549 106031 116416 106924 119997 102584 158180 100675 15419.3 6186.85 5340.44 5270.42 5265.01 5264.61 5264.58 5264.58 5264.58 5264.58 5264.58 5264.58 5264.58 5264.58 5264.58 5264.58 5264.58 5264.58 5264.58 5264.58 5264.58 5264.58 5264.58 5264.58 5264.58 5264.58 5264.58 5264.58 5264.58 5264.58 5264.58 5264.58 5264.58 5264.58 5264.58 5264.58 5264.58 5264.58 5264.58 5264.58 5264.58 5264.58 5264.58 5264.58 5264.58 5264.58 5264.58 5264.58 5264.58 5264.58 5264.58 5264.58 5264.58 5264.58 5264.58 5264.58 5264.58 5264.58 5264.58 5264.58 5264.58 5264.58 5264.58 5264.58 5264.58 5264.58 5264.58 5264.58 5264.58 5264.58 5264.58 5264.58 5264.58 5264.58 5264.58 5264.58 5264.58 5264.58 5264.58 5264.58 5264.58 5264.58 5264.58 5264.58 5264.58 5264.58 5264.58 5264.58 5264.58 5264.58 5264.58 5264.58 5264.58 5264.58 5264.58 5264.58 5264.58 5264.58 0 0 0 0 0 0 0 0 0 0 0 0 0 0 0 0 0 0 0 0 0 0 0 0 0
#obs catch bio
 9571.57 10731.8 15519.2 16036 17859.2 23914.8 27541.7 34050 34019.6 42293.9 53132.7 61108.4 78743.9 78330.4 92738.4 88567.2 69379.5 102326 89566.7 85958.6 104612 115924 92825.3 99299.5 112478 102967 119653 100068
#pred cpue bio
 22165.8 18808.3 22946.7 26285.2 29842.5 36056.7 42154.8 49608.3 53734.9 63148.6 71361.6 80493.2 92922.9 102662 113734 104726 100102 116151 114856 117224 129165 129371 125440 120763 123833 120559 133825 146714 4.64332e+06 3.6688e+06 1.03236e+06 493506 324112 250261 214376 196559 187713 183344 181197 180148 179637 179390 179270 179212 179184 179171 179165 179162 179161 179160 179160 179160 179160 179160 179160 179160 179160 179160 179160 179160 179160 179160 179160 179160 179160 179160 179160 179160 179160 179160 179160 179160 179160 179160 179160 179160 179160 179160 179160 179160 179160 179160 179160 179160 179160 179160 179160 179160 179160 179160 179160 179160 179160 179160 179160 179160 179160 179160 179160 179160 179160 179160 179160 179160 179160 179160 179160 179160 179160 179160 179160 179160 179160 179160 179160 179160 179160 179160 179160 179160 179160 179160 179160 179160 179160 179160 179160 179160 0 0 0 0 0 0 0 0 0 0 0 0 0 0 0 0 0 0 0 0 0 0 0 0 0
#obs cpue bio
 11460.3 22037 16833.7 29182.8 28970.9 27081.7 43030.4 44220 43689.6 73397.1 72032.5 74577.1 74043.3 82399.6 113971 96636.2 141882 110073 146260 145459 133343 120235 254618 114977 134375 123394 159513 162124
#pred surv len freq
 1.0204e-11 1.10804e-09 7.09375e-08 2.67754e-06 5.9585e-05 0.000781798 0.00604889 0.0276204 0.074738 0.122311 0.132659 0.125117 0.129292 0.119825 0.0864676 0.0554754 0.0361461 0.0238506 0.0162086 0.0116653 0.00905982 0.00768254 0.00672135 0.00521441 0.00305226
 1.3611e-11 1.47799e-09 9.46225e-08 3.57153e-06 7.94793e-05 0.00104281 0.00806772 0.0368237 0.0994336 0.161056 0.166927 0.138376 0.123325 0.105233 0.069577 0.038484 0.0211878 0.011922 0.00680429 0.00404519 0.00259057 0.00185617 0.00145441 0.00107994 0.000631314
 1.31459e-11 1.42749e-09 9.1389e-08 3.44948e-06 7.67635e-05 0.00100718 0.00779237 0.0355732 0.0961437 0.156426 0.165387 0.145294 0.137998 0.118536 0.0734787 0.0343997 0.0149414 0.00671237 0.00308232 0.00146486 0.000736587 0.000410662 0.00026279 0.000174704 9.80432e-05
 1.25388e-11 1.36157e-09 8.71689e-08 3.29019e-06 7.32188e-05 0.000960679 0.00743275 0.0339355 0.091772 0.149753 0.160378 0.146007 0.14408 0.125727 0.0783364 0.0365929 0.0153155 0.00609 0.00222993 0.000795887 0.00029621 0.000119752 5.57606e-05 2.96024e-05 1.49041e-05
 1.29919e-11 1.41076e-09 9.03184e-08 3.40907e-06 7.58642e-05 0.000995385 0.00770111 0.0351572 0.0950277 0.154677 0.163852 0.144764 0.138551 0.120055 0.0758822 0.0368942 0.0162775 0.00665049 0.00237414 0.000752805 0.000219192 6.18777e-05 1.88022e-05 6.74401e-06 2.66447e-06
 1.31936e-11 1.43266e-09 9.17205e-08 3.46199e-06 7.70419e-05 0.00101084 0.00782061 0.0357017 0.0964854 0.156937 0.165718 0.145087 0.137405 0.118333 0.0742514 0.0356333 0.0155879 0.00647095 0.00240144 0.000784917 0.000222039 5.39407e-05 1.17551e-05 2.56826e-06 6.37116e-07
 1.32964e-11 1.44383e-09 9.24353e-08 3.48897e-06 7.76423e-05 0.00101871 0.00788156 0.03598 0.0972378 0.158163 0.167024 0.146232 0.138338 0.118546 0.0732021 0.0337833 0.0139848 0.00557428 0.00203219 0.000667952 0.000193643 4.76063e-05 9.69683e-06 1.65298e-06 2.54682e-07
 1.29812e-11 1.40961e-09 9.02444e-08 3.40628e-06 7.58021e-05 0.00099457 0.00769485 0.0351296 0.0949666 0.154686 0.164361 0.146421 0.141176 0.121897 0.0753793 0.0347195 0.0142276 0.00552048 0.00192268 0.00060224 0.000169767 4.16408e-05 8.55504e-06 1.42038e-06 1.87547e-07
 1.31102e-11 1.42361e-09 9.11411e-08 3.44012e-06 7.65552e-05 0.00100445 0.00777128 0.035478 0.0959012 0.15615 0.165645 0.146879 0.140842 0.121116 0.0743613 0.0336807 0.0134711 0.00513199 0.00176167 0.000538334 0.000145737 3.4188e-05 6.815e-06 1.11841e-06 1.45137e-07
 1.32309e-11 1.43672e-09 9.19802e-08 3.47179e-06 7.726e-05 0.0010137 0.00784277 0.0358032 0.0967643 0.157427 0.166406 0.146096 0.138683 0.119158 0.0739174 0.0344007 0.0142608 0.00551864 0.00187553 0.000561296 0.000148639 3.39076e-05 6.50625e-06 1.02586e-06 1.29142e-07
 1.36206e-11 1.47903e-09 9.46892e-08 3.57404e-06 7.95355e-05 0.00104355 0.00807366 0.0368554 0.0995836 0.161816 0.17012 0.147022 0.136958 0.116256 0.0708732 0.0317442 0.0125193 0.00474628 0.00163702 0.000500236 0.000132819 2.98336e-05 5.58558e-06 8.53893e-07 1.0365e-07
 1.38256e-11 1.5013e-09 9.61145e-08 3.62784e-06 8.07326e-05 0.00105926 0.00819515 0.0374094 0.101072 0.164165 0.172263 0.148036 0.136871 0.115343 0.069213 0.0297514 0.0109291 0.00385796 0.00125654 0.000369977 9.75958e-05 2.21531e-05 4.16416e-06 6.2924e-07 7.45984e-08
 1.39415e-11 1.51388e-09 9.69199e-08 3.65824e-06 8.14092e-05 0.00106813 0.0082638 0.0377223 0.10191 0.165467 0.173358 0.148286 0.136332 0.114511 0.0684327 0.0291009 0.0104399 0.00354485 0.00108859 0.000297273 7.31612e-05 1.58659e-05 2.93001e-06 4.42696e-07 5.24759e-08
 1.37303e-11 1.49094e-09 9.54515e-08 3.60282e-06 8.01758e-05 0.00105195 0.00813868 0.0371527 0.100393 0.163182 0.17179 0.149011 0.139137 0.117327 0.069571 0.0288291 0.00986334 0.00319826 0.000948957 0.00024904 5.78757e-05 1.16755e-05 2.00928e-06 2.88753e-07 3.33972e-08
 1.27332e-11 1.38267e-09 8.85198e-08 3.34118e-06 7.43535e-05 0.000975567 0.00754795 0.0344616 0.093198 0.152104 0.163003 0.148607 0.146542 0.12672 0.0764891 0.0328386 0.0118893 0.00399698 0.00117289 0.000295317 6.54732e-05 1.2587e-05 2.04237e-06 2.73768e-07 2.9607e-08
 1.30878e-11 1.42117e-09 9.09848e-08 3.43423e-06 7.6424e-05 0.00100273 0.00775802 0.0354186 0.0957558 0.156036 0.166092 0.148651 0.143751 0.123251 0.0740159 0.0315055 0.011302 0.00382911 0.00116198 0.000304786 6.8537e-05 1.28734e-05 1.99659e-06 2.53619e-07 2.58106e-08
 1.37344e-11 1.49139e-09 9.54803e-08 3.6039e-06 8.01999e-05 0.00105227 0.00814113 0.0371639 0.100422 0.163223 0.171802 0.148945 0.139004 0.117221 0.0695716 0.0289078 0.00993949 0.00323717 0.000961952 0.000251802 5.77312e-05 1.11835e-05 1.76629e-06 2.21852e-07 2.17497e-08
 1.36641e-11 1.48376e-09 9.49914e-08 3.58545e-06 7.97893e-05 0.00104688 0.00809945 0.0369735 0.0999073 0.162379 0.170885 0.148098 0.138285 0.117079 0.0704512 0.0303799 0.0110992 0.00376338 0.0011112 0.000281222 6.25214e-05 1.19816e-05 1.91196e-06 2.45358e-07 2.44155e-08
 1.33026e-11 1.4445e-09 9.24782e-08 3.49059e-06 7.76784e-05 0.00101919 0.00788532 0.035999 0.0973148 0.158494 0.168323 0.149667 0.143572 0.122172 0.0721427 0.0293464 0.00970569 0.00306662 0.00090759 0.000238255 5.39443e-05 1.01919e-05 1.58485e-06 2.00379e-07 1.99971e-08
 1.37644e-11 1.49465e-09 9.56891e-08 3.61179e-06 8.03754e-05 0.00105457 0.00815892 0.0372448 0.100637 0.16354 0.171984 0.14873 0.138445 0.116751 0.0695448 0.0291811 0.0101533 0.00327582 0.000928049 0.000226406 4.92216e-05 9.35366e-06 1.47767e-06 1.86466e-07 1.83133e-08
 1.37606e-11 1.49423e-09 9.56622e-08 3.61077e-06 8.03528e-05 0.00105428 0.00815663 0.0372344 0.100609 0.163498 0.171955 0.14874 0.138485 0.116771 0.0695118 0.0291345 0.0101575 0.00332669 0.000973174 0.000244616 5.27407e-05 9.56035e-06 1.44348e-06 1.79357e-07 1.76749e-08
 1.38443e-11 1.50332e-09 9.62441e-08 3.63274e-06 8.08416e-05 0.00106069 0.00820625 0.0374609 0.101222 0.164496 0.173016 0.149665 0.139221 0.116884 0.0685555 0.027547 0.00887345 0.00269938 0.000765018 0.000192468 4.23583e-05 7.85877e-06 1.18877e-06 1.43693e-07 1.36514e-08
 1.32909e-11 1.44323e-09 9.2397e-08 3.48753e-06 7.76102e-05 0.00101829 0.00787841 0.0359679 0.0972361 0.15841 0.168436 0.150259 0.14458 0.122936 0.0720742 0.0286457 0.00897449 0.0026072 0.000693276 0.000161641 3.35528e-05 6.09657e-06 9.29126e-07 1.14049e-07 1.08737e-08
 1.40235e-11 1.52279e-09 9.74901e-08 3.67977e-06 8.18881e-05 0.00107442 0.00831242 0.0379443 0.102511 0.166455 0.174444 0.149322 0.137268 0.114822 0.0675807 0.0274925 0.00902108 0.00273157 0.000730349 0.00016517 3.23598e-05 5.47512e-06 7.83368e-07 9.28446e-08 8.79485e-09
 1.41556e-11 1.53713e-09 9.84083e-08 3.71442e-06 8.26594e-05 0.00108454 0.00839069 0.0383011 0.103469 0.167958 0.175777 0.149842 0.136993 0.11403 0.06643 0.0262748 0.00817603 0.0023696 0.000634393 0.000148057 2.96921e-05 4.96976e-06 6.7966e-07 7.55453e-08 6.72978e-09
 1.45287e-11 1.57764e-09 1.01002e-07 3.81232e-06 8.4838e-05 0.00111312 0.00861174 0.0393083 0.106164 0.172127 0.179175 0.150296 0.134687 0.110838 0.0637463 0.0243775 0.00703535 0.00184958 0.000457662 0.00010082 1.96547e-05 3.31001e-06 4.6051e-07 5.11093e-08 4.41115e-09
 1.43532e-11 1.55859e-09 9.97822e-08 3.76628e-06 8.38134e-05 0.00109968 0.00850778 0.0388345 0.104895 0.170155 0.177524 0.149935 0.135554 0.112219 0.0651256 0.0255244 0.00774969 0.00213508 0.000523612 0.000107794 1.91772e-05 2.99273e-06 3.98188e-07 4.36251e-08 3.7811e-09
 1.49952e-11 1.6283e-09 1.04245e-07 3.93473e-06 8.7562e-05 0.00114886 0.00888809 0.0405667 0.109522 0.177243 0.182969 0.14961 0.129896 0.105583 0.0609248 0.0237702 0.00717643 0.00198301 0.000498217 0.000106689 1.93797e-05 2.93494e-06 3.63225e-07 3.67623e-08 3.01006e-09
#obs surv len freq
 1.36921e-11 1.48681e-09 9.51865e-08 3.59282e-06 7.99533e-05 0.00104902 0.00811565 0.0370387 0.0999568 0.161405 0.164837 0.130424 0.111088 0.0995663 0.0780862 0.0536019 0.0316759 0.0151406 0.00574294 0.00171801 0.00039435 6.69449e-05 8.10902e-06 6.78017e-07 3.80421e-08
 1.38556e-11 1.50456e-09 9.63229e-08 3.63571e-06 8.09079e-05 0.00106156 0.00821295 0.0374898 0.101262 0.164151 0.170311 0.140569 0.123621 0.105629 0.0721158 0.0409053 0.0208349 0.00920964 0.00333822 0.000957186 0.000209211 3.36021e-05 3.83671e-06 3.01873e-07 1.59126e-08
 1.27563e-11 1.38519e-09 8.86809e-08 3.34727e-06 7.44892e-05 0.000977352 0.0075619 0.0345268 0.0933691 0.152157 0.161219 0.140735 0.131646 0.115916 0.0809384 0.0462948 0.0223705 0.00870819 0.00268229 0.000666176 0.000131545 1.96179e-05 2.09649e-06 1.54257e-07 7.58649e-09
 1.32279e-11 1.4364e-09 9.19594e-08 3.47102e-06 7.7243e-05 0.00101348 0.00784141 0.0358012 0.0967826 0.157401 0.165077 0.139398 0.125081 0.109227 0.0786183 0.0472566 0.0236588 0.00926249 0.00275412 0.000624061 0.000107378 1.38114e-05 1.29632e-06 8.58398e-08 3.86379e-09
 1.35021e-11 1.46617e-09 9.38651e-08 3.54295e-06 7.88439e-05 0.00103449 0.00800411 0.0365465 0.0988194 0.160806 0.168726 0.141789 0.125 0.106539 0.0746992 0.043917 0.0218994 0.00873725 0.00267115 0.000611711 0.000102279 1.21965e-05 1.02048e-06 5.90509e-08 2.32264e-09
 1.28719e-11 1.39774e-09 8.94845e-08 3.3776e-06 7.51646e-05 0.000986234 0.00763124 0.0348542 0.0943606 0.154336 0.164949 0.14473 0.132468 0.112917 0.0773058 0.0437015 0.0207892 0.00792808 0.00234115 0.000525692 8.69797e-05 1.02079e-05 8.23537e-07 4.46439e-08 1.59923e-09
 1.36228e-11 1.47927e-09 9.47044e-08 3.57463e-06 7.95493e-05 0.00104376 0.00807634 0.0368851 0.0998206 0.162899 0.17219 0.145895 0.127352 0.105839 0.0719895 0.0403262 0.0185953 0.00670848 0.00184499 0.000384938 5.97214e-05 6.65593e-06 5.14575e-07 2.67752e-08 9.1484e-10
 1.25185e-11 1.35937e-09 8.70279e-08 3.28488e-06 7.31017e-05 0.000959195 0.00742286 0.0339179 0.0919861 0.151405 0.164936 0.14962 0.138676 0.115924 0.0767474 0.0413587 0.0184109 0.00645096 0.00171453 0.000339989 4.92557e-05 5.07815e-06 3.63228e-07 1.7588e-08 5.63012e-10
 1.31579e-11 1.42879e-09 9.14725e-08 3.45265e-06 7.68352e-05 0.00100818 0.00780184 0.035646 0.0966144 0.158508 0.170197 0.148318 0.131476 0.108991 0.0740021 0.0410236 0.0182411 0.00618756 0.00156622 0.000294255 4.02712e-05 3.89721e-06 2.59294e-07 1.15883e-08 3.41095e-10
 1.35921e-11 1.47594e-09 9.44909e-08 3.56658e-06 7.93708e-05 0.00104146 0.00805961 0.0368268 0.0998334 0.163801 0.175458 0.150838 0.12991 0.104324 0.0687457 0.0372518 0.0164601 0.00562913 0.00143408 0.000266019 3.50904e-05 3.21544e-06 2.0052e-07 8.34786e-09 2.27744e-10
 1.33565e-11 1.45036e-09 9.28532e-08 3.50477e-06 7.79959e-05 0.00102345 0.00792097 0.0362065 0.0982838 0.162013 0.175945 0.155026 0.135016 0.106423 0.0673037 0.0344528 0.0143163 0.00462983 0.0011275 0.000202267 2.59512e-05 2.30398e-06 1.37693e-07 5.42407e-09 1.38547e-10
 1.30515e-11 1.41724e-09 9.07333e-08 3.42476e-06 7.62158e-05 0.00100011 0.00774104 0.0353948 0.0961786 0.159051 0.17416 0.155426 0.136476 0.108382 0.0695713 0.0359571 0.0147349 0.00458587 0.00105816 0.000178779 2.16363e-05 1.82103e-06 1.03598e-07 3.88783e-09 9.43315e-11
 1.27431e-11 1.38375e-09 8.85891e-08 3.34384e-06 7.44156e-05 0.000976524 0.00755941 0.0345797 0.0941068 0.156387 0.173482 0.157991 0.139912 0.110168 0.0696698 0.0353843 0.014227 0.00433273 0.000969851 0.000156642 1.78609e-05 1.40344e-06 7.43172e-08 2.59899e-09 5.89279e-11
 1.17833e-11 1.27952e-09 8.19165e-08 3.09199e-06 6.88121e-05 0.000903049 0.00699226 0.0320121 0.0873776 0.146652 0.167294 0.160053 0.147297 0.117718 0.0749352 0.0380039 0.0150655 0.00448063 0.000973949 0.000151905 1.65991e-05 1.23816e-06 6.16322e-08 2.00954e-09 4.22521e-11
 1.14527e-11 1.24363e-09 7.96189e-08 3.00528e-06 6.68832e-05 0.000877778 0.00679765 0.0311369 0.0851223 0.143499 0.165306 0.160108 0.148461 0.119807 0.0775399 0.0397952 0.0157335 0.00460648 0.000976014 0.00014706 1.54033e-05 1.0943e-06 5.15885e-08 1.58425e-09 3.11998e-11
 1.27704e-11 1.38672e-09 8.87791e-08 3.35104e-06 7.45778e-05 0.000978737 0.00757859 0.0346952 0.0946254 0.15799 0.176165 0.159082 0.137412 0.107374 0.0691509 0.0356019 0.0141184 0.00413602 0.000870829 0.000128872 1.30895e-05 8.92057e-07 4.00093e-08 1.16162e-09 2.1524e-11
 1.24492e-11 1.35183e-09 8.65463e-08 3.26678e-06 7.27046e-05 0.000954242 0.00739122 0.0338724 0.0926915 0.156343 0.17876 0.167145 0.144911 0.107939 0.0641499 0.0304358 0.0113648 0.00320436 0.000656879 9.488e-05 9.37678e-06 6.17936e-07 2.65978e-08 7.35551e-10 1.28967e-11
 1.1408e-11 1.23878e-09 7.93086e-08 2.99362e-06 6.6628e-05 0.000874601 0.00677728 0.0311028 0.0854978 0.146171 0.172808 0.170237 0.153689 0.116576 0.0693552 0.0320317 0.0112541 0.00292356 0.000551396 7.41225e-05 6.90953e-06 4.33212e-07 1.77934e-08 4.69117e-10 7.81806e-12
 1.19266e-11 1.2951e-09 8.29142e-08 3.12973e-06 6.96575e-05 0.000914374 0.00708531 0.0325089 0.0892477 0.151721 0.176057 0.167378 0.147138 0.112188 0.0684918 0.0323342 0.011382 0.00289066 0.000519673 6.51671e-05 5.599e-06 3.23022e-07 1.22669e-08 3.0098e-10 4.69318e-12
 1.29349e-11 1.40458e-09 8.99238e-08 3.39433e-06 7.55473e-05 0.000991704 0.00768461 0.0352546 0.0966995 0.163649 0.186668 0.170065 0.140709 0.10108 0.0585673 0.026612 0.00917432 0.00230341 0.000407753 4.96252e-05 4.06236e-06 2.19561e-07 7.71546e-09 1.73977e-10 2.48801e-12
 1.14191e-11 1.23999e-09 7.9387e-08 2.99669e-06 6.67035e-05 0.000875873 0.00679343 0.0312574 0.0865018 0.150128 0.181519 0.179739 0.156093 0.110525 0.0605281 0.0255251 0.008163 0.00191848 0.000321619 3.74132e-05 2.93745e-06 1.51815e-07 5.06303e-09 1.07333e-10 1.43002e-12
 1.1704e-11 1.27092e-09 8.13676e-08 3.07147e-06 6.8369e-05 0.000897765 0.0069633 0.0320335 0.088546 0.1529 0.182127 0.176199 0.15184 0.10984 0.0620148 0.0263235 0.00814224 0.00179218 0.000276978 2.96521e-05 2.1553e-06 1.0391e-07 3.25126e-09 6.48425e-11 8.12614e-13
 1.25912e-11 1.36727e-09 8.75361e-08 3.30434e-06 7.35534e-05 0.000965859 0.00749136 0.0344538 0.0950956 0.163183 0.190454 0.176462 0.144288 0.100168 0.0551651 0.0231925 0.00716963 0.00157072 0.000237312 2.42383e-05 1.64595e-06 7.32255e-08 2.1055e-09 3.86302e-11 4.46843e-13
 1.19463e-11 1.29725e-09 8.30541e-08 3.13527e-06 6.97968e-05 0.000916791 0.00711647 0.0328019 0.0910703 0.158543 0.190332 0.182221 0.150442 0.102255 0.0542047 0.0218724 0.00653045 0.00139348 0.00020603 2.0555e-05 1.35212e-06 5.75413e-08 1.56122e-09 2.67081e-11 2.85573e-13
 1.19168e-11 1.29405e-09 8.28501e-08 3.12765e-06 6.96326e-05 0.000914813 0.00710459 0.0327857 0.0912648 0.159673 0.192895 0.184918 0.151244 0.1008 0.0516992 0.0198233 0.00553886 0.00109911 0.000151521 1.41997e-05 8.83927e-07 3.57531e-08 9.22479e-10 1.49655e-11 1.50998e-13
 1.10773e-11 1.2029e-09 7.70159e-08 2.90758e-06 6.47429e-05 0.000850923 0.0066156 0.0306156 0.0858282 0.152604 0.189893 0.188559 0.157758 0.105893 0.0541187 0.0204429 0.0055492 0.00105383 0.000137089 1.19968e-05 6.93776e-07 2.60595e-08 6.25887e-10 9.48177e-12 8.95683e-14
 1.11611e-11 1.212e-09 7.76001e-08 2.92973e-06 6.5242e-05 0.000857654 0.00667084 0.0308976 0.0867373 0.154395 0.191734 0.188881 0.156509 0.104358 0.0529206 0.0196817 0.00520659 0.000954149 0.000118627 9.82582e-06 5.32975e-07 1.86378e-08 4.1456e-10 5.7994e-12 5.05429e-14
 1.18416e-11 1.2859e-09 8.23325e-08 3.10847e-06 6.92251e-05 0.000910073 0.00707881 0.0327778 0.0918511 0.162372 0.197813 0.188255 0.150212 0.0972877 0.0482764 0.0176098 0.00456275 0.000815259 9.81028e-05 7.79566e-06 4.02125e-07 1.32675e-08 2.76554e-10 3.6051e-12 2.91442e-14
#pred catch len freq
 8.78012e-12 9.53416e-10 6.10386e-08 2.30391e-06 5.12705e-05 0.000672715 0.00520527 0.023777 0.0644575 0.106448 0.119905 0.123952 0.138822 0.131992 0.0952133 0.0604989 0.0390935 0.0257121 0.0174601 0.0125642 0.00975771 0.00827432 0.00723908 0.00561606 0.00328736
 1.2434e-11 1.35018e-09 8.64398e-08 3.26267e-06 7.26063e-05 0.000952639 0.00737038 0.0336471 0.0909425 0.148 0.156659 0.138179 0.132437 0.116363 0.0771227 0.0422978 0.023062 0.0129167 0.00736284 0.00437618 0.00280242 0.00200795 0.00157333 0.00116824 0.000682937
 1.22603e-11 1.33132e-09 8.52325e-08 3.2171e-06 7.15923e-05 0.00093934 0.00726771 0.0331835 0.0897599 0.146642 0.157845 0.145658 0.14566 0.127545 0.0791885 0.0368215 0.0158223 0.00705833 0.00323373 0.00153606 0.000772321 0.000430579 0.000275534 0.000183176 0.000102798
 1.15465e-11 1.25381e-09 8.02704e-08 3.02981e-06 6.74244e-05 0.00088466 0.00684486 0.0312578 0.084619 0.138791 0.151935 0.146435 0.152703 0.135871 0.0847855 0.0393398 0.0162953 0.00643504 0.00235032 0.000838285 0.00031194 0.000126107 5.87193e-05 3.11731e-05 1.56949e-05
 1.19423e-11 1.2968e-09 8.30221e-08 3.13367e-06 6.97357e-05 0.000914982 0.00707932 0.0323251 0.0874613 0.143076 0.154886 0.145117 0.147519 0.130683 0.0827461 0.0399426 0.017444 0.00708294 0.00252299 0.000799518 0.000232754 6.57034e-05 1.99645e-05 7.16088e-06 2.82917e-06
 1.23933e-11 1.34576e-09 8.61568e-08 3.25199e-06 7.23687e-05 0.000949526 0.00734648 0.0335422 0.0907165 0.148096 0.158907 0.145427 0.144353 0.126508 0.0794517 0.0378544 0.0163889 0.00675966 0.00250295 0.000817618 0.000231255 5.61772e-05 1.22424e-05 2.67471e-06 6.63524e-07
 1.24962e-11 1.35694e-09 8.68722e-08 3.279e-06 7.29696e-05 0.000957411 0.00740748 0.0338207 0.09147 0.149327 0.160232 0.146623 0.145363 0.126774 0.0783853 0.0359369 0.0147213 0.00582623 0.00211855 0.00069587 0.000201704 4.95859e-05 1.01e-05 1.72169e-06 2.65269e-07
 1.2413e-11 1.3479e-09 8.62938e-08 3.25716e-06 7.24838e-05 0.000951036 0.00735819 0.0335963 0.0908713 0.148416 0.159564 0.14677 0.146273 0.127815 0.0790379 0.0361571 0.0146629 0.00564904 0.00196225 0.000614192 0.000173104 4.24573e-05 8.72269e-06 1.44821e-06 1.91222e-07
 1.22889e-11 1.33443e-09 8.54313e-08 3.22461e-06 7.17593e-05 0.000941532 0.00728471 0.0332618 0.0899815 0.147083 0.158684 0.147307 0.148093 0.129591 0.0796783 0.0358623 0.0141951 0.00536786 0.00183746 0.000561065 0.000151861 3.56228e-05 7.10092e-06 1.16533e-06 1.51226e-07
 1.26747e-11 1.37633e-09 8.81137e-08 3.32585e-06 7.40124e-05 0.000971091 0.00751327 0.0343025 0.0927561 0.151291 0.161708 0.146431 0.143661 0.124945 0.0775023 0.0358184 0.0146954 0.00564767 0.00191447 0.000572537 0.000151587 3.45781e-05 6.63482e-06 1.04613e-06 1.31693e-07
 1.33112e-11 1.44544e-09 9.25381e-08 3.49285e-06 7.77287e-05 0.00101985 0.00789035 0.0360206 0.0973546 0.158409 0.167539 0.147299 0.139866 0.119568 0.0728322 0.032408 0.0126475 0.00475841 0.00163643 0.000499665 0.000132642 2.97923e-05 5.57776e-06 8.52696e-07 1.03504e-07
 1.35652e-11 1.47302e-09 9.43039e-08 3.5595e-06 7.92118e-05 0.00103931 0.00804086 0.0367068 0.0991959 0.161299 0.1701 0.148292 0.139354 0.118154 0.0708529 0.0302786 0.0110086 0.00385352 0.00125073 0.000367913 9.70284e-05 2.2023e-05 4.13964e-06 6.25534e-07 7.4159e-08
 1.38924e-11 1.50854e-09 9.65784e-08 3.64535e-06 8.11223e-05 0.00106437 0.0082347 0.0375898 0.101557 0.164935 0.172991 0.148448 0.136975 0.115157 0.0686948 0.0290411 0.0103126 0.00347184 0.00106226 0.000289772 7.12954e-05 1.54601e-05 2.85502e-06 4.31364e-07 5.11326e-08
 1.34327e-11 1.45863e-09 9.33827e-08 3.52473e-06 7.84381e-05 0.00102916 0.00796238 0.0363498 0.0982495 0.159906 0.169311 0.149283 0.141943 0.120519 0.0714524 0.0294591 0.00997956 0.00320674 0.000947557 0.000248369 5.77017e-05 1.16395e-05 2.00303e-06 2.87853e-07 3.32931e-08
 1.27687e-11 1.38653e-09 8.87669e-08 3.35051e-06 7.45611e-05 0.000978291 0.00756901 0.0345577 0.0934557 0.152509 0.163365 0.148755 0.146482 0.126521 0.0761868 0.0325088 0.0116504 0.00388427 0.00113576 0.000285658 6.33123e-05 1.21705e-05 1.97473e-06 2.647e-07 2.86263e-08
 1.32367e-11 1.43735e-09 9.20202e-08 3.4733e-06 7.72937e-05 0.00101414 0.00784625 0.0358205 0.0968308 0.157693 0.167415 0.14874 0.142689 0.121882 0.072981 0.0308763 0.0109634 0.00368281 0.0011135 0.000291756 6.55884e-05 1.23185e-05 1.91049e-06 2.42681e-07 2.46974e-08
 1.33878e-11 1.45375e-09 9.30705e-08 3.51295e-06 7.81759e-05 0.00102572 0.00793578 0.0362286 0.0979253 0.159405 0.168906 0.149241 0.14224 0.120917 0.0717718 0.0296713 0.0101012 0.00326035 0.000964901 0.00025227 5.78205e-05 1.11999e-05 1.76883e-06 2.2217e-07 2.17809e-08
 1.38646e-11 1.50554e-09 9.63858e-08 3.63808e-06 8.09605e-05 0.00106225 0.00821827 0.0375148 0.101355 0.164607 0.172649 0.148171 0.136783 0.115186 0.0690735 0.0295947 0.0107019 0.00359899 0.00105897 0.000267719 5.95015e-05 1.14018e-05 1.8194e-06 2.33479e-07 2.32333e-08
 1.33169e-11 1.44605e-09 9.25776e-08 3.49435e-06 7.77619e-05 0.00102028 0.00789379 0.0360377 0.097419 0.158661 0.168487 0.149778 0.143626 0.122145 0.0720009 0.0291425 0.00954478 0.00298724 0.000880137 0.000230744 5.22268e-05 9.86654e-06 1.53423e-06 1.93977e-07 1.93582e-08
 1.36613e-11 1.48346e-09 9.49724e-08 3.58474e-06 7.97734e-05 0.00104667 0.00809785 0.0369667 0.0998953 0.162411 0.171157 0.148912 0.13955 0.117944 0.0701584 0.0292759 0.0100851 0.0032256 0.000910241 0.00022179 4.82014e-05 9.15888e-06 1.44686e-06 1.82577e-07 1.79313e-08
 1.40549e-11 1.52619e-09 9.77084e-08 3.688e-06 8.20714e-05 0.00107682 0.00833101 0.0380287 0.102732 0.166758 0.174504 0.148736 0.136114 0.113883 0.0675383 0.0281382 0.00971152 0.00315272 0.000918672 0.000230645 4.97127e-05 9.01063e-06 1.36044e-06 1.69038e-07 1.6658e-08
 1.42401e-11 1.54631e-09 9.89959e-08 3.7366e-06 8.31529e-05 0.00109101 0.00844076 0.038529 0.104076 0.168873 0.176404 0.14955 0.135865 0.112888 0.0659481 0.0263616 0.00841061 0.0025339 0.000714694 0.000179545 3.94997e-05 7.32772e-06 1.10841e-06 1.33978e-07 1.27284e-08
 1.35927e-11 1.476e-09 9.44951e-08 3.56672e-06 7.93725e-05 0.00104142 0.00805721 0.0367823 0.0994122 0.161748 0.171025 0.150186 0.142042 0.119903 0.0700767 0.0277188 0.00860408 0.0024752 0.000654832 0.000152427 3.16262e-05 5.74581e-06 8.75642e-07 1.07483e-07 1.02477e-08
 1.44127e-11 1.56505e-09 1.00196e-07 3.7819e-06 8.4161e-05 0.00110424 0.00854302 0.0389947 0.105318 0.17076 0.177782 0.149225 0.133991 0.110907 0.0650044 0.0262994 0.00854645 0.00256391 0.000682431 0.000154109 3.01802e-05 5.1057e-06 7.30485e-07 8.65761e-08 8.20104e-09
 1.48736e-11 1.6151e-09 1.034e-07 3.90283e-06 8.6852e-05 0.00113954 0.00881606 0.0402386 0.108644 0.175888 0.181879 0.149511 0.130718 0.106657 0.0617486 0.0242932 0.00748932 0.00214913 0.000572394 0.000133367 2.67345e-05 4.47418e-06 6.11864e-07 6.80091e-08 6.05842e-09
 1.48942e-11 1.61733e-09 1.03543e-07 3.90824e-06 8.69724e-05 0.00114112 0.00882829 0.0402946 0.108799 0.176164 0.182281 0.150125 0.131489 0.107082 0.0613625 0.0233707 0.00668888 0.00174031 0.000427947 9.40724e-05 1.83289e-05 3.08629e-06 4.29367e-07 4.76525e-08 4.11279e-09
 1.47979e-11 1.60687e-09 1.02874e-07 3.88296e-06 8.64099e-05 0.00113374 0.00877121 0.0400344 0.1081 0.175068 0.181309 0.149748 0.131695 0.107668 0.0622135 0.0242674 0.00730242 0.00199203 0.000485884 9.98407e-05 1.77524e-05 2.76992e-06 3.68524e-07 4.03746e-08 3.49936e-09
 1.43863e-11 1.56217e-09 1.00012e-07 3.77495e-06 8.40063e-05 0.00110221 0.00852735 0.0389238 0.105134 0.170531 0.177856 0.150062 0.135478 0.112008 0.0648212 0.0252092 0.0075454 0.00206421 0.000515754 0.000110239 2.00141e-05 3.03057e-06 3.75042e-07 3.79579e-08 3.10794e-09
#obs catch len freq
 9.14831e-12 9.93398e-10 6.35982e-08 2.40052e-06 5.34206e-05 0.000700928 0.00542361 0.0247746 0.0671573 0.110817 0.12421 0.126773 0.141907 0.140447 0.110197 0.0737631 0.0427758 0.0203106 0.0077217 0.00232551 0.000536554 9.11053e-05 1.10028e-05 9.18223e-07 5.16249e-08
 1.22763e-11 1.33306e-09 8.53438e-08 3.22131e-06 7.16859e-05 0.000940564 0.00727697 0.0332199 0.0897641 0.145794 0.152599 0.129714 0.12046 0.111748 0.0881687 0.0602668 0.0351476 0.0164849 0.00610552 0.00177204 0.00039187 6.36537e-05 7.33083e-06 5.79546e-07 3.0601e-08
 1.25729e-11 1.36527e-09 8.74055e-08 3.29913e-06 7.34179e-05 0.000963299 0.00745326 0.0340327 0.0920575 0.150209 0.159989 0.141554 0.133877 0.117108 0.0800437 0.0452348 0.0227974 0.00989372 0.00349788 0.000971529 0.000204263 3.1349e-05 3.399e-06 2.52551e-07 1.25139e-08
 1.15781e-11 1.25725e-09 8.04902e-08 3.03811e-06 6.76096e-05 0.000887103 0.0068642 0.0313531 0.0849313 0.139441 0.152002 0.142019 0.141282 0.126482 0.0881829 0.0500584 0.023819 0.00907779 0.00272744 0.000656829 0.000124754 1.77592e-05 1.79991e-06 1.24925e-07 5.76961e-09
 1.21355e-11 1.31778e-09 8.43652e-08 3.18438e-06 7.08645e-05 0.000929809 0.00719457 0.0328593 0.0889653 0.145635 0.156557 0.140507 0.133795 0.118933 0.0855094 0.0509352 0.0250468 0.00957178 0.00276604 0.000605973 0.000100203 1.23067e-05 1.09557e-06 6.83904e-08 2.88804e-09
 1.2612e-11 1.36952e-09 8.76778e-08 3.30941e-06 7.36471e-05 0.000966324 0.00747723 0.0341517 0.0924711 0.151336 0.162135 0.143234 0.13243 0.11431 0.0799136 0.0465336 0.0227867 0.00886566 0.00262811 0.000580049 9.29285e-05 1.0561e-05 8.37684e-07 4.57091e-08 1.68702e-09
 1.21946e-11 1.32419e-09 8.47759e-08 3.19988e-06 7.12099e-05 0.000934363 0.00723045 0.0330349 0.0895605 0.147299 0.160442 0.146607 0.138601 0.118675 0.0807444 0.0451173 0.0210485 0.00782198 0.0022385 0.000483936 7.6579e-05 8.54588e-06 6.5237e-07 3.33177e-08 1.12002e-09
 1.30327e-11 1.4152e-09 9.06022e-08 3.4198e-06 7.6104e-05 0.000998578 0.00772728 0.0353017 0.0956534 0.156842 0.168456 0.147781 0.132821 0.11081 0.0748284 0.0413468 0.0186559 0.00654706 0.00174317 0.000349954 5.18925e-05 5.4936e-06 4.0129e-07 1.9642e-08 6.29054e-10
 1.20351e-11 1.30687e-09 8.36671e-08 3.15804e-06 7.02793e-05 0.000922182 0.00713712 0.0326246 0.0886083 0.146631 0.162407 0.151907 0.143516 0.119717 0.0785091 0.0416925 0.0181453 0.00617579 0.00158588 0.000302039 4.17704e-05 4.08744e-06 2.76041e-07 1.25618e-08 3.76486e-10
 1.2711e-11 1.38027e-09 8.83659e-08 3.33539e-06 7.42262e-05 0.000973971 0.00753779 0.0344516 0.0935007 0.154128 0.167915 0.150458 0.135963 0.112579 0.0756737 0.0412411 0.0178838 0.00588306 0.00143716 0.000259026 3.37943e-05 3.10015e-06 1.94565e-07 8.16699e-09 2.24951e-10
 1.32862e-11 1.44273e-09 9.23649e-08 3.48634e-06 7.75856e-05 0.00101806 0.00787919 0.0360139 0.0977423 0.161 0.174418 0.15299 0.133279 0.106508 0.0693869 0.0369479 0.015913 0.00526961 0.00129255 0.000229485 2.88101e-05 2.49966e-06 1.46905e-07 5.7396e-09 1.4644e-10
 1.30769e-11 1.42e-09 9.09096e-08 3.43142e-06 7.63639e-05 0.00100206 0.00775625 0.0354668 0.096401 0.159587 0.17533 0.157388 0.138191 0.10814 0.0675057 0.0339221 0.0137305 0.00429768 0.0010071 0.000172734 2.10585e-05 1.76728e-06 9.94037e-08 3.6717e-09 8.76608e-11
 1.28745e-11 1.39802e-09 8.95028e-08 3.37833e-06 7.5183e-05 0.00098659 0.0076372 0.0349331 0.0950426 0.157779 0.174441 0.157775 0.138885 0.109211 0.0690709 0.0349566 0.0139212 0.00418627 0.000928374 0.000149827 1.72141e-05 1.36807e-06 7.31583e-08 2.57115e-09 5.82496e-11
 1.26155e-11 1.36989e-09 8.77019e-08 3.31036e-06 7.36713e-05 0.000966791 0.007485 0.0342534 0.0933425 0.15572 0.174296 0.160417 0.14191 0.110431 0.0687292 0.0341452 0.0133261 0.00391514 0.000840747 0.000129501 1.40024e-05 1.03808e-06 5.1633e-08 1.68965e-09 3.57377e-11
 1.17234e-11 1.27303e-09 8.15008e-08 3.07631e-06 6.8464e-05 0.000898523 0.00695826 0.0318718 0.0871228 0.146812 0.168841 0.162626 0.148843 0.117307 0.0733774 0.0363386 0.0139617 0.00400057 0.000833095 0.000123735 1.28032e-05 8.99965e-07 4.20418e-08 1.28193e-09 2.51321e-11
 1.14292e-11 1.24108e-09 7.94552e-08 2.99911e-06 6.67471e-05 0.000876036 0.0067853 0.0310965 0.0851414 0.144098 0.167219 0.162732 0.149816 0.119129 0.0756671 0.0378526 0.0144808 0.00407869 0.000826675 0.000118447 1.1733e-05 7.84606e-07 3.46783e-08 9.95106e-10 1.8262e-11
 1.28142e-11 1.39147e-09 8.90836e-08 3.36254e-06 7.48349e-05 0.000982155 0.00760611 0.0348355 0.0951169 0.159253 0.178417 0.161381 0.138128 0.10621 0.0670464 0.0336037 0.0128776 0.00362336 0.000728414 0.000102329 9.81532e-06 6.28911e-07 2.64197e-08 7.16173e-10 1.23576e-11
 1.25327e-11 1.36091e-09 8.71272e-08 3.28873e-06 7.31945e-05 0.000960726 0.00744271 0.0341249 0.0935022 0.158156 0.181514 0.169417 0.144945 0.105975 0.0616909 0.0285023 0.0102842 0.00278268 0.000543937 7.44683e-05 6.93954e-06 4.29379e-07 1.72913e-08 4.46074e-10 7.27845e-12
 1.15157e-11 1.25048e-09 8.00578e-08 3.02193e-06 6.72596e-05 0.000882959 0.00684354 0.0314257 0.0865152 0.148365 0.175982 0.172719 0.153612 0.114233 0.0664229 0.0297969 0.0100996 0.00251652 0.000452511 5.76269e-05 5.06006e-06 2.97489e-07 1.14173e-08 2.80491e-10 4.34626e-12
 1.2076e-11 1.31132e-09 8.39529e-08 3.16896e-06 7.05325e-05 0.000925927 0.00717629 0.0329439 0.0905569 0.154317 0.179433 0.169737 0.146871 0.109682 0.06533 0.0298884 0.0101277 0.00246203 0.000421322 5.00087e-05 4.04561e-06 2.18768e-07 7.75736e-09 1.77187e-10 2.56611e-12
 1.3116e-11 1.42425e-09 9.11834e-08 3.44191e-06 7.66083e-05 0.0010057 0.00779458 0.0357765 0.098238 0.16656 0.190132 0.172035 0.139819 0.0982219 0.0554947 0.0244308 0.00810003 0.00194331 0.000326807 3.75837e-05 2.89372e-06 1.46513e-07 4.80643e-09 1.00881e-10 1.33959e-12
 1.16232e-11 1.26216e-09 8.08067e-08 3.05032e-06 6.79e-05 0.000891682 0.00691799 0.0318522 0.0882725 0.153511 0.18552 0.181832 0.154703 0.106982 0.0570777 0.0233076 0.00716575 0.00160847 0.00025595 2.80993e-05 2.07209e-06 1.00199e-07 3.11705e-09 6.14841e-11 7.60604e-13
 1.19238e-11 1.29479e-09 8.28964e-08 3.12923e-06 6.96575e-05 0.000914784 0.00709727 0.0326708 0.090424 0.156416 0.186192 0.178356 0.150594 0.106263 0.0582881 0.023888 0.00709046 0.00148943 0.000218428 2.20605e-05 1.505e-06 6.7822e-08 1.97733e-09 3.66558e-11 4.26192e-13
 1.28193e-11 1.39204e-09 8.91226e-08 3.36429e-06 7.4891e-05 0.000983531 0.00763047 0.0351147 0.0970319 0.166745 0.194404 0.178299 0.142771 0.0966155 0.0516684 0.0209544 0.00620538 0.00129454 0.000185244 1.78317e-05 1.1362e-06 4.72453e-08 1.26551e-09 2.15712e-11 2.31323e-13
 1.22102e-11 1.32591e-09 8.48897e-08 3.20463e-06 7.1345e-05 0.000937256 0.00727766 0.0335677 0.0933064 0.162602 0.194666 0.18394 0.148374 0.0981812 0.050499 0.0196448 0.00561421 0.00113933 0.000159289 1.49525e-05 9.21665e-07 3.66319e-08 9.25701e-10 1.47149e-11 1.45903e-13
 1.21847e-11 1.32315e-09 8.47141e-08 3.19811e-06 7.1206e-05 0.000935632 0.00726888 0.0335686 0.0935573 0.163833 0.197291 0.186556 0.14897 0.0965315 0.0479583 0.0177041 0.00473137 0.000892535 0.000116285 1.0244e-05 5.96806e-07 2.25161e-08 5.40476e-10 8.14104e-12 7.6142e-14
 1.1362e-11 1.23382e-09 7.89971e-08 2.98248e-06 6.64166e-05 0.000873096 0.00679095 0.0314538 0.0882918 0.157083 0.194619 0.190311 0.155307 0.101274 0.0500693 0.0181801 0.00471297 0.00084979 0.000104387 8.5828e-06 4.64324e-07 1.62582e-08 3.62987e-10 5.10076e-12 4.46208e-14
 1.14533e-11 1.24374e-09 7.96339e-08 3.00665e-06 6.69613e-05 0.00088045 0.00685131 0.0317611 0.089273 0.158982 0.196522 0.190605 0.15397 0.0996193 0.0487937 0.0174173 0.00439441 0.000763661 8.9557e-05 6.9638e-06 3.53182e-07 1.15098e-08 2.37943e-10 3.08694e-12 2.49057e-14
#spawning biomass
 26537.1 25792 31716.3 35702.1 41113.8 50060 58888.8 68544.5 74668.9 88014.6 101113 115238 133743 146772 156468 145969 143116 165321 161721 167741 184788 186071 176788 174839 180449 178629 196675 221415 276561 148954 24192.4 10674.6 9435.33 9332.81 9324.88 9324.3 9324.26 9324.26 9324.26 9324.26 9324.26 9324.26 9324.26 9324.26 9324.26 9324.26 9324.26 9324.26 9324.26 9324.26 9324.26 9324.26 9324.26 9324.26 9324.26 9324.26 9324.26 9324.26 9324.26 9324.26 9324.26 9324.26 9324.26 9324.26 9324.26 9324.26 9324.26 9324.26 9324.26 9324.26 9324.26 9324.26 9324.26 9324.26 9324.26 9324.26 9324.26 9324.26 9324.26 9324.26 9324.26 9324.26 9324.26 9324.26 9324.26 9324.26 9324.26 9324.26 9324.26 9324.26 9324.26 9324.26 9324.26 9324.26 9324.26 9324.26 9324.26 9324.26 9324.26 9324.26 9324.26 9324.26 9324.26 9324.26 9324.26 9324.26 9324.26 9324.26 9324.26 9324.26 9324.26 9324.26 9324.26 9324.26 9324.26 9324.26 9324.26 9324.26 9324.26 9324.26 9324.26 9324.26 9324.26 9324.26 9324.26 9324.26 9324.26 9324.26 0 0 0 0 0 0 0 0 0 0 0 0 0 0 0 0 0 0 0 0 0 0 0 0 0
