SBPRF35
0.177008
Curr Bio
178578
B35
185017
F35
0.93667
FOFL
0.93667
OFL
60833.4
Bzero
50573.5
#pred survey bio
 11814.6 14427.9 16137.2 17285.5 18925.3 22997.5 25484.6 30229.2 39640.2 55448 69105 79230.6 114644 142195 138522 108259 102510 93726.2 94006.9 94489.9 94011 97138.1 102559 106696 109079 118829 116981 116403 3.0189e+06 3.37347e+06 1.83455e+06 1.00732e+06 654186 503008 432729 396539 376345 364530 357458 353188 350603 349040 348091 347512 347170 346968 346848 346776 346734 346709 346694 346685 346680 346677 346675 346674 346673 346672 346672 346672 346672 346672 346672 346672 346672 346672 346672 346672 346672 346672 346672 346672 346672 346672 346672 346672 346672 346672 346672 346672 346672 346672 346672 346672 346672 346672 346672 346672 346672 346672 346672 346672 346672 346672 346672 346672 346672 346672 346672 346672 346672 346672 346672 346672 346672 346672 346672 346672 346672 346672 346672 346672 346672 346672 346672 346672 346672 346672 346672 346672 346672 346672 346672 346672 346672 346672 346672 346672 0 0 0 0 0 0 0 0 0 0 0 0 0 0 0 0 0 0 0 0 0 0 0 0 0
#obs survey bio
 9953.48 16165.1 13840.3 15974 16425.2 19854.1 25044.3 35961.2 59412 66323.5 55846 88301.5 156869 163599 103703 83908.4 121917 69442.8 79477.4 103339 117369 99452.9 116762 84991.9 126777 113386 113484 122789
#pred catch bio
 3960.7 6360.15 8125.88 9596.53 10386.9 13867.6 15911.6 19976.6 25060.4 36501.2 51219.3 55798.1 85531.8 105665 112690 87000 88013.9 78499.4 80801.2 83041.7 81519.8 85763.8 94210.4 101635 101311 111874 110001 99602.3 60833.4 78356.1 34482.3 15792.5 9390.12 7433.51 6878.11 6728.22 6689.19 6679.29 6676.83 6676.23 6676.08 6676.05 6676.04 6676.04 6676.04 6676.04 6676.04 6676.04 6676.04 6676.04 6676.04 6676.04 6676.04 6676.04 6676.04 6676.04 6676.04 6676.04 6676.04 6676.04 6676.04 6676.04 6676.04 6676.04 6676.04 6676.04 6676.04 6676.04 6676.04 6676.04 6676.04 6676.04 6676.04 6676.04 6676.04 6676.04 6676.04 6676.04 6676.04 6676.04 6676.04 6676.04 6676.04 6676.04 6676.04 6676.04 6676.04 6676.04 6676.04 6676.04 6676.04 6676.04 6676.04 6676.04 6676.04 6676.04 6676.04 6676.04 6676.04 6676.04 6676.04 6676.04 6676.04 6676.04 6676.04 6676.04 6676.04 6676.04 6676.04 6676.04 6676.04 6676.04 6676.04 6676.04 6676.04 6676.04 6676.04 6676.04 6676.04 6676.04 6676.04 6676.04 6676.04 6676.04 6676.04 6676.04 6676.04 6676.04 0 0 0 0 0 0 0 0 0 0 0 0 0 0 0 0 0 0 0 0 0 0 0 0 0
#obs catch bio
 7398.79 6471.13 8218.97 9796.31 10548.7 14209.8 16240.6 20052.9 24562.3 35941.9 51400.7 55083.7 83987 103750 114865 89401 86648.6 78683.4 81014.5 82374.1 78258 83309.3 92440.6 99663.9 98463.2 108599 108758 99203
#pred cpue bio
 11098.7 13381 14923.1 15950.5 16969 20850 23005.1 26456.8 34216.6 48493.6 61292.3 67694.3 96674.5 125961 126831 96262.7 89954.5 81837.9 81478.7 81356.5 80952.3 83284.4 86755.1 90064.1 90673.7 100386 99324.9 97861.6 2.6124e+06 3.51815e+06 1.82319e+06 989759 636444 485260 414981 378791 358597 346782 339710 335440 332855 331292 330343 329764 329422 329220 329100 329028 328986 328961 328946 328937 328932 328928 328927 328925 328925 328924 328924 328924 328924 328924 328924 328924 328924 328924 328924 328924 328924 328924 328924 328924 328924 328924 328924 328924 328924 328924 328924 328924 328924 328924 328924 328924 328924 328924 328924 328924 328924 328924 328924 328924 328924 328924 328924 328924 328924 328924 328924 328924 328924 328924 328924 328924 328924 328924 328924 328924 328924 328924 328924 328924 328924 328924 328924 328924 328924 328924 328924 328924 328924 328924 328924 328924 328924 328924 328924 328924 0 0 0 0 0 0 0 0 0 0 0 0 0 0 0 0 0 0 0 0 0 0 0 0 0
#obs cpue bio
 7847.43 8876.14 14270.6 14029.4 13482.9 16117.7 19689.5 25266.4 35197.3 46089.6 64618.1 88580 85006.9 137980 109702 80461 119491 87483.1 94671.5 95674.1 139800 117621 98740.4 156378 124140 159143 116685 102932
#pred surv len freq
 2.56226e-27 2.58568e-27 3.05488e-26 5.9045e-20 1.44742e-14 4.28895e-10 1.53623e-06 0.000665129 0.0348105 0.220221 0.168833 0.042525 0.205062 0.189188 0.0390603 0.0417532 0.0171971 0.0122885 0.00735814 0.00547995 0.0042323 0.00361442 0.00358745 0.0031604 0.00096254
 2.56265e-27 2.58714e-27 3.21677e-26 6.24614e-20 1.53116e-14 4.53712e-10 1.62512e-06 0.000703614 0.0368246 0.232963 0.178512 0.0393567 0.174153 0.161535 0.0500815 0.0737779 0.0257765 0.0118977 0.00537364 0.00305119 0.00192053 0.00140106 0.00122906 0.00108082 0.000360454
 2.56297e-27 2.58782e-27 3.25713e-26 6.33121e-20 1.55202e-14 4.59891e-10 1.64725e-06 0.000713197 0.0373262 0.236136 0.180964 0.0412274 0.186665 0.172528 0.0419506 0.0526837 0.0227239 0.0167661 0.00592033 0.00215287 0.000930708 0.000518677 0.000375364 0.000309257 0.000106689
 2.56315e-27 2.58821e-27 3.27976e-26 6.37889e-20 1.56371e-14 4.63355e-10 1.65966e-06 0.000718569 0.0376073 0.237915 0.182335 0.0420393 0.191881 0.177263 0.0414255 0.0500972 0.0189166 0.0110009 0.0052975 0.00240678 0.00065163 0.000221438 0.000113888 8.04199e-05 2.74248e-05
 2.56495e-27 2.59297e-27 3.68774e-26 7.23952e-20 1.77468e-14 5.2587e-10 1.88358e-06 0.000815517 0.0426812 0.270013 0.206842 0.0418303 0.173072 0.159746 0.0354675 0.0408526 0.0150982 0.00819183 0.00324585 0.00142827 0.00053013 0.000125355 3.4396e-05 1.74723e-05 5.57256e-06
 2.56437e-27 2.59126e-27 3.52422e-26 6.89452e-20 1.69011e-14 5.0081e-10 1.79382e-06 0.000776654 0.0406473 0.257146 0.19704 0.0432809 0.190999 0.176105 0.0350585 0.0357567 0.0128627 0.00649155 0.0024636 0.000950346 0.000309793 8.88508e-05 1.62903e-05 4.21002e-06 1.12204e-06
 2.56461e-27 2.5919e-27 3.57885e-26 7.00974e-20 1.71835e-14 5.09179e-10 1.82379e-06 0.000789633 0.0413266 0.261443 0.200321 0.0432347 0.188342 0.173664 0.0348353 0.0358199 0.0122281 0.00519959 0.00186764 0.000671159 0.000194561 4.94261e-05 9.46091e-06 1.30718e-06 2.19671e-07
 2.56627e-27 2.59633e-27 3.96581e-26 7.82605e-20 1.91846e-14 5.68475e-10 2.03618e-06 0.000881588 0.0461392 0.291889 0.223558 0.0425427 0.16675 0.153645 0.0295993 0.0289019 0.00989166 0.00423089 0.00139171 0.000431165 0.000114571 2.56901e-05 4.41102e-06 5.00553e-07 4.3344e-08
 2.56696e-27 2.59808e-27 4.1081e-26 8.12617e-20 1.99203e-14 5.90275e-10 2.11427e-06 0.000915397 0.0479086 0.303083 0.232114 0.0431053 0.16502 0.151839 0.0254939 0.0199608 0.00668044 0.00266517 0.000875076 0.000263407 6.01973e-05 1.18724e-05 1.77013e-06 1.74462e-07 9.79609e-09
 2.56634e-27 2.59639e-27 3.95758e-26 7.80864e-20 1.91419e-14 5.6721e-10 2.03165e-06 0.000879627 0.0460365 0.29124 0.223078 0.0435884 0.175045 0.161101 0.0273464 0.0218307 0.00688467 0.00208903 0.00064539 0.000184063 4.11198e-05 7.13998e-06 9.0316e-07 7.575e-08 3.3691e-09
 2.56564e-27 2.59449e-27 3.79065e-26 7.45651e-20 1.82787e-14 5.41631e-10 1.94003e-06 0.00083996 0.0439605 0.278106 0.213057 0.0440308 0.185453 0.170718 0.0292843 0.0238334 0.00755186 0.00233193 0.000648864 0.000146347 3.01718e-05 5.00512e-06 5.58189e-07 3.89327e-08 1.43494e-09
 2.56741e-27 2.59927e-27 4.20991e-26 8.34095e-20 2.04468e-14 6.05876e-10 2.17015e-06 0.00093959 0.0491748 0.311093 0.23823 0.0430828 0.160552 0.14767 0.0239341 0.0174282 0.00553232 0.00174272 0.000489428 0.000108075 1.81813e-05 2.57204e-06 2.66415e-07 1.61514e-08 4.90083e-10
 2.56797e-27 2.60075e-27 4.33803e-26 8.61122e-20 2.11094e-14 6.25509e-10 2.24047e-06 0.000970036 0.0507682 0.321174 0.245925 0.0429346 0.154017 0.141591 0.0219752 0.0144807 0.00448179 0.00124181 0.000345621 7.77311e-05 1.29943e-05 1.58224e-06 1.34187e-07 7.29918e-09 1.89567e-10
 2.56576e-27 2.5947e-27 3.79537e-26 7.4664e-20 1.8303e-14 5.4235e-10 1.94261e-06 0.000841075 0.0440188 0.278475 0.213356 0.0451384 0.193671 0.178051 0.0260362 0.0145578 0.00440974 0.00108878 0.000285626 5.78148e-05 9.65575e-06 1.17338e-06 8.73548e-08 3.87049e-09 8.76051e-11
 2.56393e-27 2.58978e-27 3.36754e-26 6.56388e-20 1.60906e-14 4.76792e-10 1.70779e-06 0.000739407 0.0386979 0.244814 0.187663 0.0457734 0.216555 0.199329 0.0327283 0.0244558 0.00728236 0.00150917 0.000371651 6.72435e-05 1.01583e-05 1.17242e-06 8.63365e-08 3.36917e-09 6.24515e-11
 2.56553e-27 2.59415e-27 3.75504e-26 7.38136e-20 1.80945e-14 5.36172e-10 1.92048e-06 0.000831494 0.0435174 0.275303 0.210925 0.0445835 0.191156 0.175884 0.0284407 0.0205987 0.00641558 0.00181357 0.000448419 6.90269e-05 9.35323e-06 9.56568e-07 6.52078e-08 2.463e-09 4.01844e-11
 2.56621e-27 2.59595e-27 3.90976e-26 7.70773e-20 1.88946e-14 5.5988e-10 2.0054e-06 0.00086826 0.0454416 0.287476 0.220219 0.0444756 0.183806 0.169019 0.0257371 0.0161553 0.00498636 0.00136506 0.000366062 7.26056e-05 9.2722e-06 8.11795e-07 4.83304e-08 1.66604e-09 2.57582e-11
 2.56647e-27 2.59659e-27 3.96079e-26 7.81536e-20 1.91584e-14 5.67698e-10 2.0334e-06 0.000880385 0.0460762 0.291491 0.22329 0.0448245 0.184303 0.169365 0.0237456 0.0115177 0.00344687 0.000802471 0.000207851 4.11641e-05 6.26288e-06 6.04624e-07 3.1109e-08 9.21268e-10 1.28786e-11
 2.5668e-27 2.59751e-27 4.04339e-26 7.98961e-20 1.95856e-14 5.80356e-10 2.07874e-06 0.000900014 0.0471035 0.29799 0.228246 0.0444341 0.177849 0.163449 0.0234129 0.012241 0.00355756 0.000635765 0.00014951 2.56712e-05 3.78886e-06 4.05281e-07 2.39461e-08 6.43488e-10 7.68095e-12
 2.5671e-27 2.59831e-27 4.11285e-26 8.13615e-20 1.99448e-14 5.91e-10 2.11686e-06 0.000916521 0.0479674 0.303455 0.232418 0.0443781 0.174492 0.160312 0.0221686 0.0101952 0.0029757 0.000570786 0.000128229 1.72153e-05 2.18373e-06 2.1353e-07 1.34793e-08 4.10035e-10 4.62789e-12
 2.5671e-27 2.5983e-27 4.10981e-26 8.12973e-20 1.99291e-14 5.90533e-10 2.11519e-06 0.000915797 0.0479295 0.303216 0.232238 0.0445303 0.175777 0.161466 0.0217779 0.00901184 0.0025871 0.000437342 9.69941e-05 1.36287e-05 1.50609e-06 1.16956e-07 6.53316e-09 2.06144e-10 2.57367e-12
 2.56729e-27 2.59881e-27 4.15603e-26 8.22725e-20 2.01681e-14 5.97617e-10 2.14056e-06 0.000926782 0.0485044 0.306853 0.235011 0.0443005 0.17208 0.158077 0.0215954 0.00944709 0.00269249 0.000412145 8.68562e-05 1.09462e-05 1.21151e-06 8.91757e-08 3.95534e-09 1.07093e-10 1.35313e-12
 2.56786e-27 2.60034e-27 4.29209e-26 8.51425e-20 2.08717e-14 6.18465e-10 2.21524e-06 0.000959113 0.0501965 0.317557 0.243179 0.043907 0.163347 0.150013 0.0200777 0.0080175 0.00228859 0.000368336 7.72443e-05 8.84641e-06 8.9644e-07 6.17038e-08 2.62802e-09 5.83423e-11 6.22745e-13
 2.56795e-27 2.60057e-27 4.30972e-26 8.55144e-20 2.09628e-14 6.21166e-10 2.22491e-06 0.000963302 0.0504158 0.318944 0.24424 0.0440451 0.163652 0.150249 0.0192878 0.00615704 0.00172905 0.000255277 5.2784e-05 6.29216e-06 6.14379e-07 3.80035e-08 1.4817e-09 3.09413e-11 2.78662e-13
 2.56855e-27 2.6022e-27 4.45411e-26 8.85605e-20 2.17095e-14 6.43293e-10 2.30417e-06 0.000997616 0.0522116 0.330305 0.252908 0.0436156 0.154293 0.141612 0.0177403 0.00480176 0.00131809 0.000159641 3.05004e-05 3.36727e-06 3.28309e-07 2.04085e-08 7.2687e-10 1.37065e-11 1.13932e-13
 2.56792e-27 2.60048e-27 4.30025e-26 8.53147e-20 2.09139e-14 6.19716e-10 2.21972e-06 0.000961053 0.050298 0.318199 0.243673 0.0441708 0.165007 0.151477 0.0191071 0.00543374 0.00148287 0.000157249 2.76313e-05 2.5347e-06 2.22857e-07 1.31534e-08 4.69465e-10 8.29079e-12 6.20478e-14
 2.56771e-27 2.59991e-27 4.25028e-26 8.42606e-20 2.06555e-14 6.12058e-10 2.19229e-06 0.000949178 0.0496766 0.314268 0.240674 0.044348 0.168462 0.15466 0.0195551 0.00565426 0.00154787 0.000170466 2.99292e-05 2.41421e-06 1.84587e-07 9.11886e-09 2.9948e-10 5.18588e-12 3.69294e-14
 2.56811e-27 2.60101e-27 4.34801e-26 8.63223e-20 2.11609e-14 6.27034e-10 2.24593e-06 0.000972403 0.0508921 0.321957 0.24654 0.0439582 0.161375 0.148142 0.0188137 0.00560426 0.00153763 0.000171637 3.04462e-05 2.53382e-06 1.86783e-07 7.88337e-09 2.15525e-10 3.29134e-12 2.24927e-14
#obs surv len freq
 1.24676e-41 1.73043e-33 2.90315e-26 5.88752e-20 1.44326e-14 4.27663e-10 1.53182e-06 0.000663225 0.0347106 0.21959 0.168409 0.0416996 0.170172 0.142483 0.0893504 0.0846613 0.0334663 0.0120848 0.00242944 0.000267233 1.19922e-05 1.6196e-07 4.96043e-10 2.80209e-13 2.55272e-17
 1.55694e-41 2.16093e-33 3.62541e-26 7.35225e-20 1.80232e-14 5.3406e-10 1.91292e-06 0.000828226 0.0433461 0.27422 0.210157 0.0425903 0.141862 0.113099 0.0744016 0.0650302 0.0247349 0.00812384 0.00146181 0.000138242 5.0487e-06 5.24698e-08 1.19109e-10 4.87808e-14 3.17818e-18
 1.29242e-41 1.79379e-33 3.00946e-26 6.10312e-20 1.49611e-14 4.43324e-10 1.58791e-06 0.000687512 0.0359817 0.227632 0.174826 0.0517784 0.204168 0.15006 0.0731184 0.05522 0.0197506 0.00579028 0.000910844 7.22855e-05 2.12304e-06 1.6941e-08 2.84548e-11 8.43057e-15 3.92504e-19
 1.5607e-41 2.16615e-33 3.63416e-26 7.37001e-20 1.80667e-14 5.3535e-10 1.91753e-06 0.000830227 0.0434507 0.274883 0.210838 0.047405 0.149672 0.109494 0.0845434 0.0593349 0.0154105 0.0036175 0.000486233 3.16552e-05 7.32105e-07 4.44184e-09 5.51395e-12 1.1827e-15 3.93488e-20
 1.54063e-41 2.1383e-33 3.58744e-26 7.27525e-20 1.78344e-14 5.28467e-10 1.89288e-06 0.000819552 0.0428921 0.27135 0.208382 0.0553469 0.180025 0.118704 0.0637303 0.0415283 0.0140614 0.00287489 0.000269991 1.35073e-05 2.40347e-07 1.09037e-09 9.9201e-13 1.53788e-16 3.66059e-21
 1.34659e-41 1.86898e-33 3.1356e-26 6.35894e-20 1.55882e-14 4.61907e-10 1.65448e-06 0.00071633 0.0374899 0.237175 0.182532 0.0611958 0.205432 0.131184 0.0837963 0.046914 0.0111837 0.00217122 0.000200755 7.12265e-06 8.85002e-08 2.91339e-10 1.91528e-13 2.12842e-17 3.61201e-22
 1.56496e-41 2.17206e-33 3.64409e-26 7.39014e-20 1.81161e-14 5.36812e-10 1.92277e-06 0.000832494 0.0435694 0.275636 0.21187 0.0580476 0.165407 0.104928 0.0833294 0.0440435 0.0106251 0.00159342 0.000112811 3.49995e-06 3.16826e-08 6.99074e-11 3.17692e-14 2.48654e-18 2.98088e-23
 1.73077e-41 2.40219e-33 4.03017e-26 8.17312e-20 2.00354e-14 5.93687e-10 2.12649e-06 0.000920696 0.0481856 0.30484 0.234375 0.0627852 0.163307 0.0927507 0.0566366 0.0277809 0.00732595 0.00103031 5.93393e-05 1.33566e-06 9.34183e-09 1.50567e-11 4.60871e-15 2.41704e-19 1.98477e-24
 1.65335e-41 2.29474e-33 3.84991e-26 7.80754e-20 1.91393e-14 5.67131e-10 2.03137e-06 0.000879514 0.0460303 0.291207 0.224371 0.0713002 0.185091 0.0982225 0.0553854 0.0224565 0.00445284 0.000570311 3.09756e-05 5.57907e-07 2.77949e-09 3.21112e-12 7.08006e-16 2.57335e-20 1.42189e-25
 1.5334e-41 2.12825e-33 3.57059e-26 7.24108e-20 1.77507e-14 5.25984e-10 1.88399e-06 0.000815703 0.0426906 0.270082 0.208676 0.0784283 0.19943 0.104728 0.0668623 0.0239736 0.00392404 0.000371999 1.55787e-05 2.39722e-07 9.43694e-10 7.78041e-13 1.18905e-16 3.02835e-21 1.17503e-26
 1.46738e-41 2.03662e-33 3.41686e-26 6.92932e-20 1.69864e-14 5.03339e-10 1.80288e-06 0.000780583 0.0408526 0.258457 0.20024 0.0842529 0.203978 0.107302 0.0748162 0.0249888 0.00401043 0.000309641 9.2182e-06 1.00357e-07 3.02845e-10 1.92174e-13 2.13628e-17 3.78972e-22 1.01227e-27
 1.88151e-41 2.61141e-33 4.38118e-26 8.88495e-20 2.17804e-14 6.45393e-10 2.31169e-06 0.00100088 0.0523823 0.331396 0.255549 0.0729482 0.140728 0.0737785 0.0528053 0.0165712 0.00264894 0.000185086 4.5703e-06 3.52019e-08 7.14494e-11 3.19786e-14 2.61209e-18 3.39772e-23 6.49298e-29
 1.56936e-41 2.17816e-33 3.65432e-26 7.41089e-20 1.81669e-14 5.38319e-10 1.92817e-06 0.000834832 0.0436918 0.276429 0.215281 0.102348 0.213993 0.0902532 0.0429703 0.0122067 0.00186904 0.000119443 2.62499e-06 1.63381e-08 2.3885e-11 7.15309e-15 3.91412e-19 3.52991e-24 4.80615e-30
 1.27082e-41 1.76382e-33 2.95917e-26 6.00113e-20 1.47111e-14 4.35916e-10 1.56138e-06 0.000676024 0.0353804 0.223858 0.176224 0.113595 0.233182 0.119607 0.0784291 0.0171784 0.00177075 9.5669e-05 1.85203e-06 9.74373e-09 1.13294e-11 2.50171e-15 9.46109e-20 5.7069e-25 5.19666e-31
 1.14835e-41 1.59383e-33 2.67399e-26 5.42279e-20 1.32933e-14 3.93906e-10 1.41091e-06 0.000610874 0.0319707 0.202296 0.160528 0.117393 0.227252 0.135164 0.0979534 0.023923 0.00279912 0.00010839 1.45851e-06 6.10498e-09 5.72064e-12 9.86439e-16 2.79883e-20 1.21558e-25 7.69792e-32
 1.55542e-41 2.15882e-33 3.62186e-26 7.34507e-20 1.80056e-14 5.33538e-10 1.91105e-06 0.000827417 0.0433037 0.27399 0.214586 0.100816 0.165618 0.104578 0.0743585 0.0193524 0.00246707 0.000100474 1.16443e-06 3.33513e-09 2.20648e-12 2.86829e-16 6.19929e-21 2.02337e-26 9.44644e-33
 1.4069e-41 1.95269e-33 3.27604e-26 6.64375e-20 1.62864e-14 4.82595e-10 1.72858e-06 0.000748414 0.0391691 0.247862 0.197639 0.135742 0.214854 0.0973316 0.0518503 0.0130912 0.00164057 6.83788e-05 7.90299e-07 2.01031e-09 9.90879e-13 8.77982e-17 1.31871e-21 3.10876e-27 1.0674e-33
 1.45982e-41 2.02613e-33 3.39925e-26 6.89362e-20 1.68989e-14 5.00745e-10 1.79359e-06 0.000776561 0.0406422 0.257191 0.20511 0.129984 0.190105 0.107959 0.0573327 0.00992899 0.000932719 3.54349e-05 3.84629e-07 9.0828e-10 3.92487e-13 2.77998e-17 3.03621e-22 4.93068e-28 1.159e-34
 1.43839e-41 1.99639e-33 3.34937e-26 6.79245e-20 1.66509e-14 4.93396e-10 1.76726e-06 0.000765165 0.0400458 0.253448 0.204328 0.144245 0.195597 0.10191 0.0496223 0.00927936 0.00073912 1.91306e-05 1.61447e-07 3.26051e-10 1.215e-13 7.28001e-18 6.48737e-23 8.19612e-29 1.42554e-35
 1.55975e-41 2.16483e-33 3.63195e-26 7.36553e-20 1.80557e-14 5.35024e-10 1.91637e-06 0.000829722 0.0434245 0.274841 0.221366 0.141293 0.174852 0.0947455 0.0415572 0.00660435 0.00047357 1.07665e-05 6.53034e-08 9.24022e-11 2.62944e-14 1.25994e-18 9.0462e-24 9.13888e-30 1.2524e-36
 1.50718e-41 2.09187e-33 3.50955e-26 7.11729e-20 1.74472e-14 5.16993e-10 1.85178e-06 0.000801758 0.0419611 0.265637 0.217534 0.160635 0.184737 0.089179 0.0342132 0.00499396 0.00030038 5.58901e-06 2.78261e-08 2.95482e-11 5.8237e-15 1.95189e-19 1.0259e-24 7.83958e-31 8.24042e-38
 1.55071e-41 2.15228e-33 3.6109e-26 7.32283e-20 1.7951e-14 5.31922e-10 1.90526e-06 0.000824911 0.0431729 0.273342 0.224828 0.160335 0.172644 0.0898704 0.0310238 0.00376547 0.000188623 2.87883e-06 1.12126e-08 9.20248e-12 1.36935e-15 3.29902e-20 1.20176e-25 6.34393e-32 4.69308e-39
 1.55644e-41 2.16024e-33 3.62425e-26 7.34991e-20 1.80174e-14 5.33889e-10 1.91231e-06 0.000827962 0.0433328 0.274421 0.228596 0.170695 0.170107 0.082921 0.0259988 0.00297306 0.000123892 1.4739e-06 4.43899e-09 2.76384e-12 3.06641e-16 5.46941e-21 1.45876e-26 5.52685e-33 2.87341e-40
 1.59259e-41 2.2104e-33 3.70841e-26 7.52058e-20 1.84358e-14 5.46287e-10 1.95671e-06 0.000847189 0.0443392 0.280859 0.235877 0.174051 0.162085 0.0781269 0.0215983 0.00213668 7.66057e-05 7.53535e-07 1.73496e-09 7.99759e-13 6.53021e-17 8.51809e-22 1.65132e-27 4.53322e-34 1.70332e-41
 1.58595e-41 2.2012e-33 3.69297e-26 7.48926e-20 1.8359e-14 5.44012e-10 1.94856e-06 0.000843661 0.0441549 0.279804 0.238885 0.184498 0.160161 0.0723928 0.0176851 0.00152786 4.49281e-05 3.54834e-07 6.44923e-10 2.25673e-13 1.34836e-17 1.26716e-22 1.76481e-28 3.47898e-35 9.37575e-43
 1.37531e-41 1.90884e-33 3.20248e-26 6.49456e-20 1.59206e-14 4.71758e-10 1.68976e-06 0.000731608 0.0382912 0.242937 0.219131 0.216949 0.182943 0.0805344 0.0171949 0.00125642 3.01923e-05 1.88432e-07 2.62438e-10 6.94813e-14 3.10353e-18 2.14133e-23 2.15152e-29 3.02669e-36 5.79646e-44
 1.40103e-41 1.94454e-33 3.26238e-26 6.61603e-20 1.62184e-14 4.80582e-10 1.72137e-06 0.000745293 0.0390079 0.24757 0.223661 0.205423 0.176722 0.0883272 0.0174075 0.00111267 2.17399e-05 1.05924e-07 1.12221e-10 2.21453e-14 7.28048e-19 3.6772e-24 2.69386e-30 2.74702e-37 3.78533e-45
 1.46834e-41 2.03796e-33 3.4191e-26 6.93387e-20 1.69976e-14 5.03669e-10 1.80406e-06 0.000781097 0.0408817 0.259411 0.232155 0.203054 0.168973 0.077954 0.0157312 0.0010382 1.86938e-05 7.83929e-08 6.88412e-11 1.10684e-14 2.94301e-19 1.19703e-24 7.04343e-31 5.7648e-38 6.378e-46
#pred catch len freq
 2.5593e-27 2.57768e-27 2.34962e-26 4.41671e-20 1.0827e-14 3.20824e-10 1.14914e-06 0.000497533 0.0260391 0.164731 0.126491 0.0443753 0.248891 0.229626 0.0460685 0.0475953 0.0195624 0.0139355 0.00834151 0.00621159 0.00479729 0.00409692 0.00406635 0.00358229 0.00109103
 2.56009e-27 2.58026e-27 2.61481e-26 4.97627e-20 1.21987e-14 3.6147e-10 1.29472e-06 0.000560566 0.029338 0.185601 0.142366 0.0405785 0.208846 0.193656 0.0576552 0.0829907 0.028958 0.0133187 0.00601279 0.0034136 0.0021486 0.00156744 0.00137502 0.00120917 0.000403259
 2.56071e-27 2.58171e-27 2.71943e-26 5.1969e-20 1.27396e-14 3.77496e-10 1.35213e-06 0.000585419 0.0306387 0.19383 0.148682 0.0426064 0.21984 0.203161 0.0477161 0.0581634 0.0250343 0.0184165 0.00650142 0.00236374 0.00102184 0.000569461 0.000412116 0.000339536 0.000117135
 2.56116e-27 2.58281e-27 2.80304e-26 5.37323e-20 1.31718e-14 3.90305e-10 1.39801e-06 0.000605283 0.0316783 0.200406 0.153716 0.0433905 0.222271 0.205306 0.0463858 0.054369 0.0204943 0.0118787 0.00571809 0.00259751 0.000703255 0.00023898 0.000122911 8.67906e-05 2.95974e-05
 2.56293e-27 2.58748e-27 3.20279e-26 6.21648e-20 1.5239e-14 4.51557e-10 1.6174e-06 0.000700274 0.0366498 0.231857 0.177729 0.0432269 0.204155 0.188428 0.0405113 0.0451525 0.0166593 0.00900821 0.00356803 0.00156978 0.00058264 0.000137771 3.78028e-05 1.92028e-05 6.1245e-06
 2.56264e-27 2.58654e-27 3.10565e-26 6.0115e-20 1.47365e-14 4.36668e-10 1.56407e-06 0.000677183 0.0354413 0.224212 0.171914 0.044637 0.218972 0.201887 0.0390551 0.0383894 0.0137863 0.0069336 0.00263037 0.0010145 0.000330699 9.48462e-05 1.73895e-05 4.4941e-06 1.19775e-06
 2.56301e-27 2.58754e-27 3.19174e-26 6.19311e-20 1.51817e-14 4.4986e-10 1.61132e-06 0.000697641 0.036512 0.230986 0.177084 0.0445109 0.214379 0.19766 0.038513 0.0381714 0.0130115 0.00551275 0.00197927 0.000711147 0.000206148 5.23692e-05 1.00243e-05 1.38501e-06 2.32751e-07
 2.56495e-27 2.59275e-27 3.64678e-26 7.15303e-20 1.75348e-14 5.19587e-10 1.86107e-06 0.000805774 0.0421713 0.266788 0.204408 0.0436286 0.188468 0.173653 0.0325376 0.0305696 0.0104462 0.00445201 0.00146385 0.000453424 0.000120482 2.70154e-05 4.63858e-06 5.26375e-07 4.558e-08
 2.56548e-27 2.59406e-27 3.74973e-26 7.37016e-20 1.80671e-14 5.35359e-10 1.91757e-06 0.000830233 0.0434514 0.274886 0.210603 0.0443687 0.189747 0.17461 0.0286774 0.0214912 0.00718031 0.00285416 0.000936717 0.000281908 6.44233e-05 1.27058e-05 1.89438e-06 1.86709e-07 1.04837e-08
 2.56499e-27 2.5927e-27 3.62859e-26 7.1146e-20 1.74406e-14 5.16796e-10 1.85107e-06 0.000801445 0.0419447 0.265354 0.203331 0.0447699 0.19791 0.182154 0.0302285 0.0231041 0.00727567 0.00219937 0.000679098 0.000193638 4.32575e-05 7.51111e-06 9.50105e-07 7.96873e-08 3.54422e-09
 2.56481e-27 2.59222e-27 3.587e-26 7.02687e-20 1.72255e-14 5.10423e-10 1.82825e-06 0.000791562 0.0414275 0.262082 0.200834 0.04483 0.200122 0.184211 0.0308684 0.024049 0.00760905 0.00234077 0.000650981 0.000146792 3.02625e-05 5.02013e-06 5.59863e-07 3.90494e-08 1.43924e-09
 2.5664e-27 2.59651e-27 3.96372e-26 7.82158e-20 1.91736e-14 5.6815e-10 2.03502e-06 0.000881084 0.0461128 0.291722 0.223453 0.0440032 0.177938 0.16367 0.0259825 0.0180719 0.00572745 0.00179743 0.00050453 0.000111386 1.87375e-05 2.65071e-06 2.74564e-07 1.66454e-08 5.05073e-10
 2.56725e-27 2.59878e-27 4.16134e-26 8.23847e-20 2.01956e-14 5.98432e-10 2.14348e-06 0.000928047 0.0485706 0.307271 0.23532 0.0436283 0.166747 0.1533 0.0233475 0.0146626 0.0045306 0.00125059 0.00034786 7.82179e-05 1.30752e-05 1.59208e-06 1.35021e-07 7.34452e-09 1.90745e-10
 2.56492e-27 2.59238e-27 3.58798e-26 7.02889e-20 1.72305e-14 5.1057e-10 1.82878e-06 0.00079179 0.0414394 0.262158 0.200909 0.0459636 0.208695 0.191867 0.0276135 0.0146765 0.00443755 0.0010915 0.000286154 5.79088e-05 9.67103e-06 1.17523e-06 8.74922e-08 3.87658e-09 8.77429e-11
 2.56359e-27 2.58885e-27 3.28315e-26 6.38585e-20 1.56541e-14 4.6386e-10 1.66147e-06 0.000719353 0.0376483 0.238174 0.1826 0.0462141 0.223466 0.205662 0.0330433 0.0235795 0.00701221 0.00144773 0.000356244 6.44413e-05 9.73447e-06 1.1235e-06 8.27338e-08 3.22857e-09 5.98455e-11
 2.56514e-27 2.59306e-27 3.65669e-26 7.17388e-20 1.75859e-14 5.21102e-10 1.8665e-06 0.000808122 0.0422942 0.267565 0.205024 0.0450486 0.198841 0.182936 0.0289672 0.0200232 0.00622667 0.00175353 0.000433337 6.66901e-05 9.03609e-06 9.24124e-07 6.2996e-08 2.37946e-09 3.88214e-11
 2.56622e-27 2.59597e-27 3.91061e-26 7.70952e-20 1.88989e-14 5.6001e-10 2.00586e-06 0.000868461 0.0454521 0.287543 0.220271 0.0445883 0.184626 0.169749 0.0253804 0.0151572 0.00467019 0.00127368 0.000341353 6.76901e-05 8.6441e-06 7.56796e-07 4.5056e-08 1.55317e-09 2.4013e-11
 2.56631e-27 2.59614e-27 3.91934e-26 7.72791e-20 1.8944e-14 5.61346e-10 2.01065e-06 0.000870533 0.0455606 0.288229 0.220803 0.0450548 0.187803 0.172569 0.0238595 0.0109704 0.00327627 0.000759866 0.000196679 3.89429e-05 5.92469e-06 5.7197e-07 2.94288e-08 8.7151e-10 1.2183e-11
 2.5668e-27 2.59751e-27 4.04225e-26 7.98721e-20 1.95797e-14 5.80181e-10 2.07811e-06 0.000899743 0.0470893 0.2979 0.228179 0.0445235 0.178577 0.1641 0.0231528 0.0114842 0.00333162 0.000593179 0.000139371 2.39246e-05 3.53091e-06 3.77686e-07 2.23156e-08 5.99672e-10 7.15794e-12
 2.56724e-27 2.59867e-27 4.14391e-26 8.20166e-20 2.01054e-14 5.95758e-10 2.13391e-06 0.0009239 0.0483536 0.305898 0.234283 0.0443378 0.172875 0.158808 0.0216704 0.00943794 0.00274892 0.000525315 0.000117917 1.58272e-05 2.00753e-06 1.96299e-07 1.23916e-08 3.76946e-10 4.25442e-12
 2.56715e-27 2.59841e-27 4.11913e-26 8.14939e-20 1.99773e-14 5.91962e-10 2.12031e-06 0.000918012 0.0480454 0.303949 0.232798 0.0445592 0.175604 0.161292 0.021497 0.00841534 0.0024104 0.000405971 8.99526e-05 1.26364e-05 1.39634e-06 1.08432e-07 6.05701e-09 1.91119e-10 2.38609e-12
 2.56745e-27 2.59923e-27 4.19299e-26 8.3052e-20 2.03592e-14 6.03279e-10 2.16085e-06 0.000935564 0.048964 0.30976 0.23723 0.0442317 0.169997 0.156145 0.0210635 0.00872095 0.00248032 0.000378293 7.96405e-05 1.00344e-05 1.11053e-06 8.17415e-08 3.6256e-09 9.81652e-11 1.24033e-12
 2.56824e-27 2.6014e-27 4.38584e-26 8.71204e-20 2.13565e-14 6.32832e-10 2.2667e-06 0.000981393 0.0513626 0.324934 0.248807 0.0436181 0.157194 0.144336 0.0190961 0.00720839 0.00205282 0.000329182 6.89664e-05 7.89654e-06 8.00128e-07 5.50737e-08 2.34564e-09 5.20733e-11 5.55829e-13
 2.56855e-27 2.60223e-27 4.45732e-26 8.86282e-20 2.17261e-14 6.43784e-10 2.30593e-06 0.000998378 0.0522515 0.330558 0.2531 0.0435326 0.153527 0.140922 0.0179251 0.0053979 0.00151144 0.000222344 4.59255e-05 5.4733e-06 5.34388e-07 3.3055e-08 1.28877e-09 2.69123e-11 2.42376e-13
 2.56896e-27 2.60334e-27 4.55511e-26 9.06912e-20 2.22318e-14 6.58769e-10 2.3596e-06 0.00102162 0.0534678 0.338252 0.258971 0.0432637 0.147356 0.135221 0.0168098 0.00428906 0.00117337 0.000141625 2.70233e-05 2.98267e-06 2.90789e-07 1.80759e-08 6.4379e-10 1.21399e-11 1.0091e-13
 2.56845e-27 2.60192e-27 4.42895e-26 8.80297e-20 2.15794e-14 6.39437e-10 2.29036e-06 0.000991637 0.0518987 0.328326 0.251398 0.0437191 0.156142 0.143311 0.0179307 0.0048075 0.0013078 0.00013823 2.42534e-05 2.2243e-06 1.95548e-07 1.15414e-08 4.11929e-10 7.27471e-12 5.44435e-14
 2.56824e-27 2.60137e-27 4.37959e-26 8.69885e-20 2.13242e-14 6.31874e-10 2.26326e-06 0.000979907 0.0512848 0.324442 0.248436 0.0438962 0.159571 0.146469 0.0183669 0.00500735 0.00136648 0.00014999 2.62969e-05 2.12072e-06 1.62131e-07 8.00936e-09 2.63042e-10 4.5549e-12 3.24361e-14
 2.56806e-27 2.60087e-27 4.33557e-26 8.60598e-20 2.10965e-14 6.25128e-10 2.2391e-06 0.000969446 0.0507373 0.320978 0.245793 0.0440438 0.162551 0.149215 0.0187907 0.00528219 0.00144491 0.00016075 2.8475e-05 2.36923e-06 1.74632e-07 7.37043e-09 2.015e-10 3.07717e-12 2.10291e-14
#obs catch len freq
 5.97967e-42 8.29938e-34 1.39239e-26 2.82375e-20 6.92208e-15 2.05114e-10 7.34685e-07 0.000318093 0.0166477 0.10532 0.0811873 0.0423253 0.226623 0.191421 0.132091 0.127827 0.0523569 0.01939 0.0040117 0.000458645 2.165e-05 3.07111e-07 9.81999e-10 5.76599e-13 5.43978e-17
 6.79582e-42 9.43215e-34 1.58244e-26 3.20915e-20 7.86686e-15 2.3311e-10 8.3496e-07 0.000361509 0.0189199 0.119695 0.0922771 0.0461469 0.230136 0.184821 0.1294 0.114742 0.045067 0.0152757 0.00286565 0.000281281 1.07212e-05 1.16734e-07 2.76563e-10 1.17469e-13 7.89907e-18
 1.03295e-41 1.43367e-33 2.40528e-26 4.87786e-20 1.19575e-14 3.54322e-10 1.26912e-06 0.000549487 0.028758 0.181933 0.139869 0.0480538 0.201413 0.153794 0.110282 0.089519 0.0336534 0.0103072 0.0017185 0.000143706 4.41216e-06 3.66789e-08 6.40881e-11 1.96771e-14 9.44702e-19
 8.8488e-42 1.22816e-33 2.06048e-26 4.17862e-20 1.02434e-14 3.03531e-10 1.0872e-06 0.000470719 0.0246356 0.155854 0.120294 0.0601286 0.262315 0.182995 0.0953339 0.0670166 0.0235609 0.00640253 0.000926082 6.44454e-05 1.57702e-06 9.99126e-09 1.28551e-11 2.84747e-15 9.75378e-20
 1.21774e-41 1.69015e-33 2.83557e-26 5.75048e-20 1.40966e-14 4.17709e-10 1.49617e-06 0.000647788 0.0339026 0.21448 0.164959 0.0540286 0.193607 0.135811 0.11011 0.0702786 0.0177794 0.00388999 0.000477205 2.70107e-05 5.16359e-07 2.47158e-09 2.33986e-12 3.74217e-16 9.14656e-21
 1.28181e-41 1.77907e-33 2.98476e-26 6.05303e-20 1.48383e-14 4.39686e-10 1.57488e-06 0.00068187 0.0356864 0.225766 0.173894 0.0637005 0.220637 0.137952 0.0770568 0.0464178 0.015163 0.00279305 0.000239448 1.03926e-05 1.51781e-07 5.40297e-10 3.73478e-13 4.30647e-17 7.51942e-22
 1.16853e-41 1.62184e-33 2.72097e-26 5.51807e-20 1.35269e-14 4.00827e-10 1.4357e-06 0.000621607 0.0325324 0.205814 0.15894 0.0694936 0.235324 0.143078 0.0935814 0.0475401 0.0109597 0.00194881 0.000159274 4.83587e-06 4.93425e-08 1.27046e-10 6.32679e-14 5.21875e-18 6.48768e-23
 1.45336e-41 2.01716e-33 3.38421e-26 6.86311e-20 1.68241e-14 4.98529e-10 1.78565e-06 0.000773126 0.0404623 0.255981 0.197174 0.0646243 0.184471 0.112345 0.0897831 0.0430556 0.00990579 0.00133562 8.46313e-05 2.21436e-06 1.62093e-08 2.79495e-11 9.61662e-15 5.57942e-19 4.89427e-24
 1.67481e-41 2.32452e-33 3.89986e-26 7.90885e-20 1.93876e-14 5.7449e-10 2.05773e-06 0.000890926 0.0466275 0.294985 0.22717 0.0688545 0.175278 0.0947316 0.0580281 0.0260815 0.00649718 0.00081199 4.10404e-05 7.78757e-07 4.38441e-09 5.47331e-12 1.26593e-15 4.92225e-20 2.95615e-25
 1.6403e-41 2.27663e-33 3.81952e-26 7.74592e-20 1.89882e-14 5.62655e-10 2.01534e-06 0.000872573 0.045667 0.288911 0.222981 0.0771767 0.190581 0.0961059 0.0537915 0.0197551 0.00371122 0.000425286 1.99572e-05 2.98104e-07 1.1893e-09 1.06261e-12 1.76466e-16 4.74942e-21 1.92041e-26
 1.55856e-41 2.16318e-33 3.62919e-26 7.35992e-20 1.8042e-14 5.34617e-10 1.91491e-06 0.000829091 0.0433913 0.274517 0.212462 0.0838687 0.199033 0.100022 0.0623886 0.0201339 0.00308374 0.000259474 9.4513e-06 1.19747e-07 3.72956e-10 2.36541e-13 2.71944e-17 5.12326e-22 1.45385e-27
 1.51991e-41 2.10954e-33 3.53919e-26 7.1774e-20 1.75945e-14 5.21359e-10 1.86742e-06 0.000808529 0.0423152 0.267713 0.207744 0.0892462 0.199442 0.101151 0.067873 0.0204626 0.00303252 0.000204532 5.24563e-06 4.71011e-08 1.12288e-10 5.44839e-14 4.53897e-18 5.95003e-23 1.16197e-28
 1.92812e-41 2.67611e-33 4.48972e-26 9.10507e-20 2.232e-14 6.61382e-10 2.36896e-06 0.00102568 0.05368 0.339608 0.262153 0.0761605 0.135827 0.0690774 0.0470121 0.0133776 0.00195445 0.000118399 2.47693e-06 1.55678e-08 2.49451e-11 8.53842e-15 5.21511e-19 5.00179e-24 6.98371e-30
 1.6228e-41 2.25234e-33 3.77877e-26 7.66328e-20 1.87856e-14 5.56652e-10 1.99384e-06 0.000863263 0.0451798 0.285848 0.223082 0.107364 0.205835 0.0827566 0.0378353 0.00979797 0.00135915 7.50029e-05 1.38125e-06 6.93237e-09 7.93256e-12 1.81306e-15 7.41914e-20 4.92895e-25 4.89531e-31
 1.33494e-41 1.8528e-33 3.10846e-26 6.30389e-20 1.54533e-14 4.57908e-10 1.64015e-06 0.000710129 0.0371654 0.235159 0.185671 0.119903 0.22538 0.112804 0.0684817 0.0134023 0.00126246 5.90826e-05 9.51187e-07 4.00268e-09 3.61362e-12 6.0573e-16 1.70999e-20 7.6e-26 5.04861e-32
 1.21879e-41 1.6916e-33 2.83801e-26 5.75542e-20 1.41087e-14 4.18067e-10 1.49745e-06 0.000648344 0.0339318 0.214713 0.170967 0.124128 0.220152 0.129146 0.0853954 0.018904 0.00194808 6.42497e-05 7.24031e-07 2.42001e-09 1.75069e-12 2.28031e-16 4.81395e-21 1.53871e-26 7.11216e-33
 1.63228e-41 2.2655e-33 3.80085e-26 7.70804e-20 1.88954e-14 5.59904e-10 2.00549e-06 0.000868306 0.0454437 0.287538 0.225654 0.104665 0.15745 0.098212 0.0633788 0.0150555 0.00167465 5.7476e-05 5.43675e-07 1.23811e-09 6.33244e-13 6.20271e-17 9.94324e-22 2.38296e-27 8.11081e-34
 1.48471e-41 2.06068e-33 3.45723e-26 7.01119e-20 1.71871e-14 5.09285e-10 1.82418e-06 0.000789805 0.0413354 0.261584 0.209238 0.1404 0.20242 0.0892138 0.0437765 0.0101004 0.00110121 3.85339e-05 3.5924e-07 7.15721e-10 2.70332e-13 1.80306e-17 2.00698e-22 3.46644e-28 8.65806e-35
 1.54287e-41 2.14141e-33 3.59265e-26 7.28583e-20 1.78604e-14 5.29235e-10 1.89563e-06 0.000820744 0.0429546 0.27184 0.217408 0.133763 0.178832 0.0992689 0.0470998 0.00737939 0.000611767 1.94977e-05 1.69751e-07 3.11328e-10 1.02177e-13 5.41434e-18 4.3742e-23 5.20559e-29 8.89651e-36
 1.5248e-41 2.11632e-33 3.55056e-26 7.20047e-20 1.76511e-14 5.23034e-10 1.87342e-06 0.000811128 0.0424514 0.268692 0.217286 0.147586 0.182722 0.0926191 0.0405453 0.00681009 0.000464598 1.0104e-05 6.87244e-08 1.07372e-10 3.02127e-14 1.34675e-18 8.84031e-24 8.16918e-30 1.0335e-36
 1.64789e-41 2.28716e-33 3.83719e-26 7.78174e-20 1.9076e-14 5.65257e-10 2.02466e-06 0.000876607 0.0458784 0.290394 0.234511 0.143202 0.161979 0.0849472 0.033185 0.00472873 0.000290233 5.4426e-06 2.63442e-08 2.88949e-11 6.20195e-15 2.20247e-19 1.1602e-24 8.54383e-31 8.49594e-38
 1.59661e-41 2.21599e-33 3.71778e-26 7.53958e-20 1.84824e-14 5.47667e-10 1.96165e-06 0.000849328 0.0444508 0.281428 0.231162 0.162082 0.170251 0.0790505 0.0270338 0.00350938 0.000179109 2.74079e-06 1.07974e-08 8.81345e-12 1.30792e-15 3.2471e-20 1.24914e-25 6.93527e-32 5.2731e-39
 1.64202e-41 2.27902e-33 3.82352e-26 7.75403e-20 1.90081e-14 5.63245e-10 2.01745e-06 0.000873486 0.0457153 0.289473 0.238749 0.160846 0.158741 0.0788699 0.0240384 0.00258164 0.000109285 1.36061e-06 4.17188e-09 2.62091e-12 2.92384e-16 5.20745e-21 1.38822e-26 5.32099e-33 2.84153e-40
 1.64845e-41 2.28795e-33 3.8385e-26 7.78441e-20 1.90826e-14 5.65451e-10 2.02535e-06 0.000876909 0.0458946 0.290689 0.242796 0.170263 0.155552 0.0719315 0.0199294 0.00199551 6.95262e-05 6.71463e-07 1.5844e-09 7.51967e-13 6.23697e-17 8.20467e-22 1.59891e-27 4.39767e-34 1.65175e-41
 1.68522e-41 2.33898e-33 3.92412e-26 7.95805e-20 1.95082e-14 5.78064e-10 2.07053e-06 0.000896469 0.0469186 0.297251 0.250231 0.172551 0.147564 0.0668807 0.0162614 0.00140172 4.17824e-05 3.30476e-07 5.927e-10 2.07619e-13 1.26406e-17 1.21363e-22 1.71646e-28 3.41624e-35 9.26437e-43
 1.67909e-41 2.33046e-33 3.90984e-26 7.92907e-20 1.94372e-14 5.75959e-10 2.06299e-06 0.000893205 0.0467482 0.296304 0.253514 0.182014 0.145171 0.0612317 0.0131188 0.00097899 2.37853e-05 1.5029e-07 2.11577e-10 5.60149e-14 2.48985e-18 1.71972e-23 1.74499e-29 2.49099e-36 4.84064e-44
 1.4708e-41 2.04137e-33 3.42483e-26 6.94548e-20 1.7026e-14 5.04513e-10 1.80708e-06 0.000782405 0.0409503 0.259903 0.234988 0.214841 0.167075 0.067982 0.0126669 0.000793984 1.56667e-05 7.77427e-08 8.35102e-11 1.66711e-14 5.52469e-19 2.79702e-24 2.04604e-30 2.08339e-37 2.87539e-45
 1.49901e-41 2.08052e-33 3.49051e-26 7.07868e-20 1.73525e-14 5.14187e-10 1.84174e-06 0.000797409 0.0417353 0.264783 0.235065 0.197312 0.167009 0.0781889 0.0142699 0.000822763 1.41053e-05 5.89115e-08 5.24143e-11 8.56261e-15 2.30649e-19 9.47786e-25 5.62133e-31 4.62508e-38 5.12951e-46
#spawning biomass
 15062.3 18635.6 21131.4 22832.9 26162.9 31494 35145.8 43522.7 58388 80388 98374.5 118375 174198 204035 189446 153995 148615 137131 138714 140682 140067 145414 156021 162891 169491 181349 177502 178578 194463 163860 74050.3 36174.8 23200.8 19235.8 18110.3 17806.5 17727.4 17707.4 17702.4 17701.2 17700.9 17700.8 17700.8 17700.8 17700.8 17700.8 17700.8 17700.8 17700.8 17700.8 17700.8 17700.8 17700.8 17700.8 17700.8 17700.8 17700.8 17700.8 17700.8 17700.8 17700.8 17700.8 17700.8 17700.8 17700.8 17700.8 17700.8 17700.8 17700.8 17700.8 17700.8 17700.8 17700.8 17700.8 17700.8 17700.8 17700.8 17700.8 17700.8 17700.8 17700.8 17700.8 17700.8 17700.8 17700.8 17700.8 17700.8 17700.8 17700.8 17700.8 17700.8 17700.8 17700.8 17700.8 17700.8 17700.8 17700.8 17700.8 17700.8 17700.8 17700.8 17700.8 17700.8 17700.8 17700.8 17700.8 17700.8 17700.8 17700.8 17700.8 17700.8 17700.8 17700.8 17700.8 17700.8 17700.8 17700.8 17700.8 17700.8 17700.8 17700.8 17700.8 17700.8 17700.8 17700.8 17700.8 17700.8 17700.8 0 0 0 0 0 0 0 0 0 0 0 0 0 0 0 0 0 0 0 0 0 0 0 0 0
