SBPRF35
0.18548
Curr Bio
158010
B35
187291
F35
0.864818
FOFL
0.69769
OFL
36994.6
Bzero
52994.1
#pred survey bio
 14139.8 13648 14595.4 15832.6 17998.8 22544.8 26019.3 30033.7 39246.7 53246.6 63185.2 75141.3 109946 134248 132975 111580 90288.3 93173.6 91857.7 93366.6 91524.1 90273 98739.4 103316 110977 121678 108131 101947 3.4069e+06 2.78298e+06 1.6508e+06 957600 641255 501806 436982 404081 385961 375407 369069 365208 362844 361395 360502 359949 359617 359418 359298 359226 359182 359156 359140 359131 359125 359121 359119 359118 359117 359117 359116 359116 359116 359116 359116 359116 359116 359116 359116 359116 359116 359116 359116 359116 359116 359116 359116 359116 359116 359116 359116 359116 359116 359116 359116 359116 359116 359116 359116 359116 359116 359116 359116 359116 359116 359116 359116 359116 359116 359116 359116 359116 359116 359116 359116 359116 359116 359116 359116 359116 359116 359116 359116 359116 359116 359116 359116 359116 359116 359116 359116 359116 359116 359116 359116 359116 359116 359116 359116 359116 0 0 0 0 0 0 0 0 0 0 0 0 0 0 0 0 0 0 0 0 0 0 0 0 0
#obs survey bio
 13229.5 12202.6 10178.3 14027.6 17761.5 27505.8 21413.8 40086.3 56175.2 46002.9 47481 95546.7 137546 128405 94808.5 89266 83487.1 130517 74740.9 86485.5 97473.6 92579.3 140143 122769 104062 168948 94552.1 77169.4
#pred catch bio
 6692.52 6709.4 7751.6 9074.48 9938.56 13264.7 17168.9 20190.2 24871 36594.9 47243.8 53219.2 84332.9 103033 105734 97399.4 75761.3 81297.2 80977.5 85911.8 86202.1 81128.9 91863.1 99573.9 106079 122345 105998 100720 36994.6 64355 30923 15453.1 9616.48 7660.19 7052.44 6873.16 6822.17 6808.05 6804.22 6803.19 6802.92 6802.85 6802.83 6802.83 6802.82 6802.82 6802.82 6802.82 6802.82 6802.82 6802.82 6802.82 6802.82 6802.82 6802.82 6802.82 6802.82 6802.82 6802.82 6802.82 6802.82 6802.82 6802.82 6802.82 6802.82 6802.82 6802.82 6802.82 6802.82 6802.82 6802.82 6802.82 6802.82 6802.82 6802.82 6802.82 6802.82 6802.82 6802.82 6802.82 6802.82 6802.82 6802.82 6802.82 6802.82 6802.82 6802.82 6802.82 6802.82 6802.82 6802.82 6802.82 6802.82 6802.82 6802.82 6802.82 6802.82 6802.82 6802.82 6802.82 6802.82 6802.82 6802.82 6802.82 6802.82 6802.82 6802.82 6802.82 6802.82 6802.82 6802.82 6802.82 6802.82 6802.82 6802.82 6802.82 6802.82 6802.82 6802.82 6802.82 6802.82 6802.82 6802.82 6802.82 6802.82 6802.82 6802.82 6802.82 0 0 0 0 0 0 0 0 0 0 0 0 0 0 0 0 0 0 0 0 0 0 0 0 0
#obs catch bio
 7534.24 6880.81 7875.69 9398.53 10113.4 13254.4 17770 20246.8 23937.3 35545.4 47483.6 52324.9 81848.2 102006 106938 98000.4 75076.9 80688.3 81527.8 85117.5 85250.9 78977.4 88485.8 96642.5 104577 117453 105176 100888
#pred cpue bio
 13886.4 13019 13891.5 14998.3 16624.2 21211.3 24311.7 27196.1 35477 48855.5 58053.3 66545.7 97014 123441 125832 104721 81724.2 84599.1 82664.8 83773.1 81359.7 80006.2 87450.9 90867.4 95444.1 107601 95608.5 90182.5 2.97774e+06 3.00494e+06 1.65346e+06 949248 632439 492970 428145 395244 377123 366570 360232 356371 354007 352557 351665 351112 350780 350581 350461 350389 350345 350319 350303 350293 350288 350284 350282 350281 350280 350280 350279 350279 350279 350279 350279 350279 350279 350279 350279 350279 350279 350279 350279 350279 350279 350279 350279 350279 350279 350279 350279 350279 350279 350279 350279 350279 350279 350279 350279 350279 350279 350279 350279 350279 350279 350279 350279 350279 350279 350279 350279 350279 350279 350279 350279 350279 350279 350279 350279 350279 350279 350279 350279 350279 350279 350279 350279 350279 350279 350279 350279 350279 350279 350279 350279 350279 350279 350279 350279 350279 0 0 0 0 0 0 0 0 0 0 0 0 0 0 0 0 0 0 0 0 0 0 0 0 0
#obs cpue bio
 10279.3 7560.81 16038.1 9726.42 13384.4 22525.1 13745.3 27428.3 61793.2 72129.8 53672.2 90256 117389 119961 134150 157422 84895.2 73448.2 78253.7 124725 89074.7 125428 120452 116628 111768 170531 101925 126917
#pred surv len freq
 2.56096e-27 2.58221e-27 2.75528e-26 5.27251e-20 1.29249e-14 3.82988e-10 1.3718e-06 0.000593937 0.0310845 0.19665 0.150838 0.0427666 0.219543 0.202627 0.0427868 0.046911 0.0194086 0.0139819 0.00841017 0.00629231 0.00488447 0.00419455 0.0041889 0.00370657 0.00113081
 2.56262e-27 2.58706e-27 3.21084e-26 6.23364e-20 1.5281e-14 4.52804e-10 1.62187e-06 0.000702207 0.036751 0.232497 0.178154 0.0392546 0.173627 0.161061 0.0501768 0.0741284 0.0260941 0.012345 0.00561075 0.00320497 0.00202935 0.00149015 0.00131717 0.00116538 0.000389595
 2.56311e-27 2.58819e-27 3.28609e-26 6.39228e-20 1.56699e-14 4.64327e-10 1.66314e-06 0.000720077 0.0376862 0.238414 0.182706 0.0413816 0.186615 0.172436 0.0411178 0.0507893 0.021873 0.0161142 0.00575409 0.00213213 0.000929453 0.000522057 0.000381315 0.000316751 0.000109641
 2.56353e-27 2.58922e-27 3.3675e-26 6.56399e-20 1.60908e-14 4.768e-10 1.70782e-06 0.000739419 0.0386985 0.244818 0.187605 0.0419031 0.187142 0.172879 0.0404591 0.0489765 0.018264 0.0102927 0.0049287 0.00224313 0.000619071 0.000213422 0.000111042 7.92749e-05 2.71604e-05
 2.56517e-27 2.59354e-27 3.73699e-26 7.3434e-20 1.80015e-14 5.33416e-10 1.91061e-06 0.000827219 0.0432937 0.273888 0.209801 0.0418149 0.170877 0.157697 0.0346889 0.0395861 0.0146107 0.00788956 0.00305805 0.00131021 0.000485169 0.000116585 3.26593e-05 1.68475e-05 5.40936e-06
 2.56421e-27 2.59086e-27 3.49088e-26 6.82419e-20 1.67287e-14 4.957e-10 1.77552e-06 0.000768731 0.0402326 0.254523 0.195036 0.0432077 0.19185 0.176931 0.0359377 0.0375555 0.0134293 0.00665269 0.00251131 0.000954777 0.000301427 8.57073e-05 1.59836e-05 4.24118e-06 1.14274e-06
 2.56456e-27 2.59184e-27 3.58078e-26 7.01386e-20 1.71936e-14 5.09478e-10 1.82486e-06 0.000790097 0.0413508 0.261597 0.200428 0.0426378 0.183724 0.169528 0.0363656 0.0403708 0.0139093 0.00608383 0.0021644 0.000764026 0.00021832 5.38144e-05 1.01885e-05 1.44126e-06 2.47653e-07
 2.56637e-27 2.59662e-27 3.99056e-26 7.87827e-20 1.93126e-14 5.72268e-10 2.04977e-06 0.000887471 0.046447 0.293837 0.225044 0.0425001 0.165382 0.152362 0.028989 0.0278496 0.0098267 0.00465633 0.00156337 0.000491816 0.000128389 2.82269e-05 4.70636e-06 5.31295e-07 4.72654e-08
 2.56656e-27 2.597e-27 4.01438e-26 7.92849e-20 1.94357e-14 5.75915e-10 2.06283e-06 0.000893128 0.0467431 0.29571 0.226486 0.0432658 0.170195 0.156641 0.0268189 0.0217752 0.00724879 0.00283397 0.000976702 0.000318917 7.46508e-05 1.4598e-05 2.12247e-06 2.03638e-07 1.14828e-08
 2.56578e-27 2.59494e-27 3.8342e-26 7.54838e-20 1.85039e-14 5.48305e-10 1.96394e-06 0.000850309 0.0445021 0.281533 0.215666 0.0435511 0.179969 0.165735 0.0298024 0.0262742 0.00836379 0.00264137 0.000811014 0.000231335 5.60025e-05 1.01927e-05 1.28525e-06 1.0487e-07 4.56719e-09
 2.56573e-27 2.59477e-27 3.81859e-26 7.51544e-20 1.84232e-14 5.45912e-10 1.95537e-06 0.000846599 0.0443079 0.280304 0.21473 0.0436756 0.181574 0.167193 0.0296233 0.025509 0.00828959 0.00288379 0.000823677 0.000190938 3.92768e-05 6.90963e-06 8.18196e-07 5.70298e-08 2.04633e-09
 2.56751e-27 2.59956e-27 4.23726e-26 8.39864e-20 2.05883e-14 6.10067e-10 2.18516e-06 0.00094609 0.0495149 0.313245 0.239869 0.0428319 0.157491 0.14488 0.0240646 0.0184351 0.00594101 0.00201079 0.000594091 0.000144957 2.52743e-05 3.62807e-06 3.95223e-07 2.53826e-08 7.69869e-10
 2.56769e-27 2.60002e-27 4.27495e-26 8.47816e-20 2.07832e-14 6.15843e-10 2.20585e-06 0.000955047 0.0499837 0.316211 0.242137 0.0430034 0.157203 0.144556 0.0229561 0.0159757 0.00500054 0.00147091 0.000422943 0.00010211 1.86849e-05 2.43747e-06 2.12814e-07 1.21849e-08 3.32536e-10
 2.56586e-27 2.59497e-27 3.82171e-26 7.52199e-20 1.84392e-14 5.46388e-10 1.95707e-06 0.000847336 0.0443465 0.280549 0.214935 0.0448816 0.190607 0.175264 0.02626 0.0157736 0.00483203 0.00127109 0.000342694 7.33744e-05 1.30517e-05 1.73963e-06 1.41157e-07 6.53746e-09 1.55955e-10
 2.56423e-27 2.59061e-27 3.44167e-26 6.72027e-20 1.64739e-14 4.88152e-10 1.74848e-06 0.000757025 0.0396199 0.250647 0.192112 0.0454672 0.211099 0.194311 0.0321347 0.02437 0.00732914 0.00164053 0.000416702 7.98609e-05 1.26885e-05 1.57209e-06 1.2756e-07 5.4559e-09 1.06961e-10
 2.56463e-27 2.59175e-27 3.54792e-26 6.94443e-20 1.70234e-14 5.04435e-10 1.8068e-06 0.000782276 0.0409415 0.259007 0.198485 0.0447668 0.201291 0.185337 0.0319258 0.0261739 0.00820174 0.00237246 0.000598992 9.88863e-05 1.41336e-05 1.53947e-06 1.13498e-07 4.74015e-09 8.48644e-11
 2.5666e-27 2.59702e-27 4.00419e-26 7.90694e-20 1.93829e-14 5.7435e-10 2.05723e-06 0.0008907 0.046616 0.294906 0.225888 0.0442105 0.177805 0.163472 0.0245726 0.0149037 0.00472315 0.00150205 0.000412999 8.37739e-05 1.12112e-05 1.05467e-06 6.74751e-08 2.53462e-09 4.33758e-11
 2.56648e-27 2.59666e-27 3.96976e-26 7.83429e-20 1.92048e-14 5.69073e-10 2.03832e-06 0.000882517 0.0461877 0.292197 0.223824 0.0445148 0.181571 0.166911 0.024535 0.0139352 0.00417108 0.00094554 0.000256001 5.7441e-05 9.03656e-06 9.07531e-07 5.0298e-08 1.61645e-09 2.4755e-11
 2.56691e-27 2.5978e-27 4.06976e-26 8.04526e-20 1.9722e-14 5.84397e-10 2.09321e-06 0.000906281 0.0474315 0.300065 0.229829 0.0443377 0.176004 0.161746 0.0231277 0.0120236 0.00355972 0.000750297 0.000180995 3.07617e-05 4.98788e-06 5.78997e-07 3.5722e-08 1.03126e-09 1.34394e-11
 2.56706e-27 2.59819e-27 4.10261e-26 8.11454e-20 1.98918e-14 5.8943e-10 2.11124e-06 0.000914086 0.04784 0.302649 0.231802 0.0443474 0.174691 0.160511 0.0224693 0.0108309 0.00316627 0.000609493 0.000141989 2.19541e-05 2.84713e-06 2.9401e-07 2.04991e-08 6.59537e-10 7.97927e-12
 2.56748e-27 2.59932e-27 4.20142e-26 8.32299e-20 2.04028e-14 6.04571e-10 2.16547e-06 0.000937567 0.0490689 0.310423 0.237736 0.0442061 0.169447 0.155635 0.0209411 0.00857245 0.0024735 0.00044154 9.91646e-05 1.40815e-05 1.69585e-06 1.45046e-07 8.52977e-09 2.96047e-10 3.95056e-12
 2.56762e-27 2.59969e-27 4.23272e-26 8.389e-20 2.05646e-14 6.09367e-10 2.18265e-06 0.000945004 0.0494581 0.312886 0.239617 0.0442334 0.168333 0.154579 0.0202476 0.0072552 0.00205307 0.000313792 6.67764e-05 8.81259e-06 9.91501e-07 7.70479e-08 3.81403e-09 1.11149e-10 1.53418e-12
 2.56763e-27 2.59974e-27 4.23862e-26 8.40147e-20 2.05952e-14 6.10272e-10 2.18589e-06 0.000946408 0.0495316 0.313351 0.239969 0.0440413 0.166624 0.153046 0.0207666 0.00882225 0.0024873 0.000337045 6.72659e-05 7.68643e-06 7.98311e-07 5.70733e-08 2.54593e-09 6.26115e-11 7.31957e-13
 2.56793e-27 2.60055e-27 4.30905e-26 8.55004e-20 2.09594e-14 6.21064e-10 2.22455e-06 0.000963144 0.0504075 0.318892 0.244198 0.0439224 0.162748 0.149445 0.0196867 0.0072692 0.00206573 0.000326247 6.67173e-05 6.79247e-06 6.30296e-07 3.93906e-08 1.59686e-09 3.50789e-11 3.46965e-13
 2.56881e-27 2.60293e-27 4.52034e-26 8.99577e-20 2.2052e-14 6.53442e-10 2.34052e-06 0.00101335 0.0530353 0.335516 0.256882 0.0432803 0.14895 0.136713 0.017457 0.00538931 0.00150397 0.000209282 4.23636e-05 4.92575e-06 4.51569e-07 2.46953e-08 8.65663e-10 1.68805e-11 1.48077e-13
 2.56773e-27 2.59997e-27 4.25567e-26 8.43741e-20 2.06833e-14 6.12883e-10 2.19524e-06 0.000950457 0.0497435 0.314691 0.240997 0.0443262 0.16807 0.154298 0.0195081 0.00563862 0.00155135 0.000185045 3.48026e-05 3.62853e-06 3.43069e-07 2.03075e-08 6.46962e-10 1.08027e-11 8.27481e-14
 2.56775e-27 2.6e-27 4.25728e-26 8.44081e-20 2.06916e-14 6.1313e-10 2.19613e-06 0.00095084 0.0497635 0.314818 0.241095 0.0443904 0.168489 0.154669 0.0192702 0.00500308 0.00136418 0.000154073 2.7738e-05 2.49879e-06 2.12184e-07 1.18618e-08 4.03701e-10 6.46855e-12 4.26975e-14
 2.56772e-27 2.59993e-27 4.2522e-26 8.4301e-20 2.06654e-14 6.12352e-10 2.19334e-06 0.000949633 0.0497004 0.314418 0.240789 0.0443229 0.168191 0.154414 0.0196026 0.00582401 0.0015907 0.000164993 2.84316e-05 2.42195e-06 1.88494e-07 9.04332e-09 2.81598e-10 4.61116e-12 3.01013e-14
#obs surv len freq
 1.24588e-41 1.7292e-33 2.90108e-26 5.88334e-20 1.44223e-14 4.2736e-10 1.53073e-06 0.000662754 0.0346859 0.219434 0.168288 0.041629 0.169786 0.142209 0.0895696 0.0849808 0.0337269 0.0122384 0.00249361 0.000280962 1.28825e-05 1.76085e-07 5.43536e-10 3.09492e-13 2.84313e-17
 1.56041e-41 2.16575e-33 3.6335e-26 7.36867e-20 1.80634e-14 5.35252e-10 1.91719e-06 0.000830075 0.0434428 0.274832 0.210626 0.0426494 0.141957 0.113112 0.0739789 0.0645471 0.024426 0.00800735 0.00144503 0.000138459 5.16973e-06 5.47754e-08 1.25814e-10 5.19051e-14 3.40238e-18
 1.29079e-41 1.79153e-33 3.00566e-26 6.09543e-20 1.49422e-14 4.42765e-10 1.58591e-06 0.000686646 0.0359363 0.227345 0.174607 0.0517916 0.20436 0.150209 0.0732382 0.055307 0.0197567 0.00577975 0.000907356 7.22957e-05 2.15152e-06 1.7493e-08 2.98756e-11 8.95389e-15 4.19984e-19
 1.56057e-41 2.16597e-33 3.63386e-26 7.36939e-20 1.80652e-14 5.35305e-10 1.91738e-06 0.000830157 0.0434471 0.27486 0.210821 0.0474115 0.149716 0.109527 0.0845738 0.0593328 0.015368 0.00359731 0.000481788 3.13045e-05 7.26847e-07 4.45823e-09 5.61499e-12 1.22122e-15 4.10833e-20
 1.53954e-41 2.13678e-33 3.5849e-26 7.2701e-20 1.78218e-14 5.28092e-10 1.89154e-06 0.000818972 0.0428617 0.271158 0.208233 0.0552625 0.179675 0.11855 0.064015 0.0418691 0.0143252 0.00293959 0.000276368 1.38034e-05 2.45384e-07 1.11677e-09 1.0238e-12 1.60354e-16 3.85848e-21
 1.34711e-41 1.8697e-33 3.13681e-26 6.36138e-20 1.55942e-14 4.62084e-10 1.65511e-06 0.000716605 0.0375043 0.237266 0.182603 0.061247 0.205637 0.131236 0.0835239 0.0467365 0.0111449 0.00217405 0.000202137 7.18114e-06 8.91248e-08 2.93146e-10 1.93017e-13 2.15416e-17 3.67888e-22
 1.56277e-41 2.16902e-33 3.63898e-26 7.37978e-20 1.80907e-14 5.36059e-10 1.92008e-06 0.000831327 0.0435084 0.27525 0.211576 0.0580562 0.165562 0.105072 0.0835885 0.044182 0.0106552 0.00159936 0.000113749 3.54916e-06 3.22074e-08 7.10517e-11 3.22654e-14 2.5259e-18 3.03311e-23
 1.73061e-41 2.40197e-33 4.0298e-26 8.17235e-20 2.00336e-14 5.93631e-10 2.12629e-06 0.00092061 0.048181 0.304811 0.234352 0.0627792 0.163292 0.0927578 0.0566848 0.0278017 0.00732698 0.00102963 5.92972e-05 1.33906e-06 9.41121e-09 1.52145e-11 4.66092e-15 2.44371e-19 2.00589e-24
 1.65699e-41 2.29979e-33 3.85838e-26 7.82472e-20 1.91814e-14 5.68379e-10 2.03584e-06 0.00088145 0.0461316 0.291848 0.224855 0.07116 0.184416 0.0978977 0.0552888 0.0224469 0.00446746 0.000573032 3.11334e-05 5.60947e-07 2.80103e-09 3.24826e-12 7.18529e-16 2.61643e-20 1.44664e-25
 1.53478e-41 2.13018e-33 3.57381e-26 7.24762e-20 1.77667e-14 5.2646e-10 1.88569e-06 0.00081644 0.0427292 0.270326 0.20887 0.0786596 0.20013 0.104699 0.0660484 0.023548 0.00379886 0.000357839 1.49332e-05 2.29438e-07 9.0281e-10 7.45001e-13 1.14109e-16 2.91403e-21 1.1333e-26
 1.46615e-41 2.03492e-33 3.414e-26 6.92353e-20 1.69722e-14 5.02918e-10 1.80137e-06 0.000779931 0.0408185 0.258241 0.200073 0.0841974 0.203865 0.107439 0.0752004 0.0250702 0.00399803 0.000306171 9.02607e-06 9.78035e-08 2.94567e-10 1.86791e-13 2.07664e-17 3.68724e-22 9.86437e-28
 1.88654e-41 2.6184e-33 4.3929e-26 8.90872e-20 2.18387e-14 6.4712e-10 2.31788e-06 0.00100356 0.0525224 0.332282 0.256227 0.0730113 0.140705 0.0733792 0.0519971 0.0161578 0.00253366 0.000174531 4.24097e-06 3.22501e-08 6.49166e-11 2.89446e-14 2.36049e-18 3.0685e-23 5.86341e-29
 1.57061e-41 2.1799e-33 3.65724e-26 7.41681e-20 1.81814e-14 5.38749e-10 1.92971e-06 0.000835499 0.0437267 0.276649 0.21545 0.10238 0.214028 0.0901627 0.0427679 0.0120606 0.00182059 0.000114427 2.46746e-06 1.51159e-08 2.18055e-11 6.46754e-15 3.518e-19 3.16274e-24 4.2995e-30
 1.26959e-41 1.76211e-33 2.95631e-26 5.99533e-20 1.46968e-14 4.35494e-10 1.55987e-06 0.00067537 0.0353462 0.223641 0.176061 0.113632 0.23331 0.119726 0.0785454 0.0171982 0.00176685 9.4445e-05 1.79946e-06 9.30618e-09 1.06561e-11 2.32368e-15 8.69981e-20 5.20814e-25 4.71759e-31
 1.14751e-41 1.59266e-33 2.67202e-26 5.4188e-20 1.32836e-14 3.93616e-10 1.40987e-06 0.000610425 0.0319472 0.202147 0.160407 0.117266 0.227028 0.135323 0.0982655 0.0240685 0.00282476 0.000109335 1.46157e-06 6.04113e-09 5.58086e-12 9.49515e-16 2.66299e-20 1.14541e-25 7.19522e-32
 1.55743e-41 2.16161e-33 3.62655e-26 7.35457e-20 1.80289e-14 5.34228e-10 1.91352e-06 0.000828487 0.0433598 0.274344 0.214853 0.100775 0.165467 0.104355 0.0741503 0.0193011 0.00246301 0.00010051 1.16551e-06 3.32632e-09 2.18221e-12 2.80639e-16 5.99993e-21 1.93862e-26 8.96938e-33
 1.40693e-41 1.95273e-33 3.2761e-26 6.64387e-20 1.62867e-14 4.82604e-10 1.72861e-06 0.000748428 0.0391698 0.247867 0.197656 0.13594 0.215173 0.0972044 0.0515963 0.0129577 0.00161782 6.73462e-05 7.78677e-07 1.98193e-09 9.75746e-13 8.61111e-17 1.28491e-21 3.00555e-27 1.02377e-33
 1.46128e-41 2.02816e-33 3.40265e-26 6.90051e-20 1.69158e-14 5.01246e-10 1.79538e-06 0.000777338 0.0406829 0.257449 0.205308 0.130018 0.190103 0.107786 0.0571145 0.0098132 0.000912191 3.4396e-05 3.72036e-07 8.77755e-10 3.79343e-13 2.68677e-17 2.93131e-22 4.74845e-28 1.1118e-34
 1.43865e-41 1.99675e-33 3.34996e-26 6.79364e-20 1.66538e-14 4.93483e-10 1.76758e-06 0.000765299 0.0400528 0.253492 0.204359 0.144216 0.195551 0.101906 0.049626 0.00927494 0.000735932 1.88733e-05 1.57884e-07 3.17335e-10 1.18018e-13 7.06732e-18 6.29771e-23 7.95646e-29 1.38336e-35
 1.5619e-41 2.16782e-33 3.63697e-26 7.3757e-20 1.80806e-14 5.35763e-10 1.91901e-06 0.000830867 0.0434844 0.27522 0.22166 0.141366 0.174827 0.094371 0.0412518 0.00651153 0.000464279 1.04964e-05 6.31577e-08 8.85768e-11 2.50461e-14 1.19594e-18 8.57189e-24 8.65312e-30 1.18552e-36
 1.50686e-41 2.09142e-33 3.5088e-26 7.11577e-20 1.74435e-14 5.16882e-10 1.85139e-06 0.000801587 0.0419521 0.26558 0.217519 0.160906 0.185008 0.0890097 0.0340049 0.00491872 0.000293202 5.40734e-06 2.67347e-08 2.82049e-11 5.5197e-15 1.83776e-19 9.6107e-25 7.32001e-31 7.67879e-38
 1.55348e-41 2.15613e-33 3.61735e-26 7.33591e-20 1.79831e-14 5.32873e-10 1.90866e-06 0.000826385 0.0432501 0.273829 0.225159 0.159997 0.172241 0.0897844 0.0309774 0.00374547 0.000186337 2.81749e-06 1.08782e-08 8.86477e-12 1.31162e-15 3.14356e-20 1.13918e-25 5.98351e-32 4.40707e-39
 1.5518e-41 2.15379e-33 3.61344e-26 7.32798e-20 1.79637e-14 5.32296e-10 1.9066e-06 0.000825492 0.0432035 0.273604 0.228045 0.171228 0.170721 0.0831389 0.0261089 0.0029969 0.000124896 1.47961e-06 4.42517e-09 2.73454e-12 3.01389e-16 5.34673e-21 1.4197e-26 5.35783e-33 2.7752e-40
 1.59497e-41 2.21371e-33 3.71396e-26 7.53183e-20 1.84634e-14 5.47104e-10 1.95964e-06 0.000848456 0.0444055 0.281279 0.236181 0.173954 0.161896 0.0778712 0.0213955 0.00209246 7.46248e-05 7.3209e-07 1.67915e-09 7.6986e-13 6.24787e-17 8.10203e-22 1.5625e-27 4.27038e-34 1.59853e-41
 1.58968e-41 2.20637e-33 3.70165e-26 7.50687e-20 1.84022e-14 5.45291e-10 1.95314e-06 0.000845644 0.0442587 0.28046 0.239343 0.184245 0.159746 0.072005 0.0175434 0.0015063 4.38693e-05 3.43272e-07 6.20874e-10 2.16588e-13 1.28969e-17 1.20713e-22 1.67387e-28 3.28535e-35 8.81773e-43
 1.37445e-41 1.90764e-33 3.20047e-26 6.49048e-20 1.59106e-14 4.71462e-10 1.6887e-06 0.000731149 0.0382672 0.242785 0.219046 0.217115 0.183045 0.0805214 0.0171998 0.00125726 3.01361e-05 1.86893e-07 2.58251e-10 6.79445e-14 3.02321e-18 2.08052e-23 2.08541e-29 2.92603e-36 5.58768e-44
 1.40282e-41 1.94702e-33 3.26653e-26 6.62446e-20 1.62391e-14 4.81194e-10 1.72356e-06 0.000746241 0.0390575 0.247885 0.223942 0.205632 0.176566 0.0878558 0.0172022 0.00108953 2.11747e-05 1.02713e-07 1.08247e-10 2.12281e-14 6.93581e-19 3.48531e-24 2.54392e-30 2.58748e-37 3.55852e-45
 1.46617e-41 2.03494e-33 3.41404e-26 6.92361e-20 1.69724e-14 5.02924e-10 1.80139e-06 0.00077994 0.0408212 0.259027 0.231821 0.202847 0.16921 0.0784967 0.0159222 0.00105435 1.89445e-05 7.91377e-08 6.92693e-11 1.11014e-14 2.94067e-19 1.19096e-24 6.97674e-31 5.68655e-38 6.26901e-46
#pred catch len freq
 2.55868e-27 2.57602e-27 2.20598e-26 4.1137e-20 1.00842e-14 2.98814e-10 1.0703e-06 0.000463399 0.0242526 0.15343 0.117864 0.044541 0.256213 0.236408 0.04771 0.0496496 0.0204628 0.0146546 0.00880784 0.00658779 0.00511357 0.00439126 0.00438534 0.0038804 0.00118384
 2.56032e-27 2.58085e-27 2.66429e-26 5.08064e-20 1.24546e-14 3.69052e-10 1.32188e-06 0.000572324 0.0299534 0.189494 0.14534 0.0406617 0.20739 0.192251 0.0563122 0.0802847 0.0281926 0.0132477 0.00601535 0.00343474 0.0021747 0.00159687 0.00141149 0.00124884 0.000417495
 2.56097e-27 2.58237e-27 2.7709e-26 5.30546e-20 1.30057e-14 3.85382e-10 1.38037e-06 0.000597649 0.0312788 0.197879 0.151779 0.0429568 0.220331 0.203522 0.0461121 0.0543781 0.0233266 0.0170884 0.00609839 0.00225859 0.000984496 0.000552966 0.000403891 0.000335505 0.000116132
 2.56159e-27 2.58394e-27 2.8989e-26 5.57543e-20 1.36675e-14 4.04993e-10 1.45062e-06 0.000628061 0.0328705 0.207948 0.159475 0.0434227 0.218469 0.20175 0.0449017 0.0518496 0.0192764 0.0107933 0.00516405 0.00234939 0.000648354 0.000223513 0.000116292 8.30228e-05 2.84445e-05
 2.56312e-27 2.58796e-27 3.24167e-26 6.29848e-20 1.544e-14 4.57514e-10 1.63874e-06 0.000709511 0.0371332 0.234915 0.180067 0.0433996 0.203826 0.188069 0.0394579 0.0428274 0.0157588 0.00845441 0.00327442 0.00140227 0.000519221 0.000124766 3.49509e-05 1.80296e-05 5.78893e-06
 2.56232e-27 2.5857e-27 3.03165e-26 5.85539e-20 1.43538e-14 4.25328e-10 1.52345e-06 0.000659597 0.0345209 0.218389 0.16747 0.0448022 0.223351 0.205944 0.0400595 0.0396569 0.0141389 0.0069577 0.00262427 0.000997268 0.000314816 8.95127e-05 1.66933e-05 4.42948e-06 1.19348e-06
 2.5631e-27 2.58784e-27 3.22452e-26 6.26227e-20 1.53512e-14 4.54884e-10 1.62932e-06 0.000705432 0.0369198 0.233565 0.179044 0.0439349 0.208619 0.192446 0.0394227 0.0415746 0.0142867 0.00620625 0.00220599 0.000778336 0.00022239 5.48166e-05 1.03782e-05 1.46809e-06 2.52264e-07
 2.56502e-27 2.59293e-27 3.6612e-26 7.18344e-20 1.76093e-14 5.21796e-10 1.86899e-06 0.000809199 0.0423506 0.267922 0.205275 0.0437169 0.188531 0.173668 0.0317569 0.0287997 0.0101316 0.00476868 0.0015998 0.000503026 0.000131303 2.88671e-05 4.81307e-06 5.43341e-07 4.83371e-08
 2.56496e-27 2.59263e-27 3.62452e-26 7.10603e-20 1.74196e-14 5.16173e-10 1.84885e-06 0.00080048 0.0418942 0.265035 0.203086 0.0447032 0.197574 0.181842 0.03011 0.0229379 0.00761414 0.00295605 0.0010178 0.000332175 7.77474e-05 1.52032e-05 2.21045e-06 2.12079e-07 1.19588e-08
 2.56448e-27 2.59135e-27 3.51386e-26 6.8726e-20 1.68473e-14 4.99217e-10 1.78811e-06 0.000774184 0.040518 0.256328 0.196439 0.0447792 0.202823 0.186762 0.0323821 0.0268637 0.00853138 0.00267507 0.000820454 0.000233904 5.66188e-05 1.03046e-05 1.29936e-06 1.06021e-07 4.61733e-09
 2.5648e-27 2.59223e-27 3.59024e-26 7.03371e-20 1.72423e-14 5.1092e-10 1.83003e-06 0.000792332 0.0414678 0.262337 0.201025 0.0446273 0.198445 0.182699 0.0312405 0.0252922 0.00819817 0.00283185 0.000808063 0.000187214 3.85063e-05 6.77391e-06 8.02121e-07 5.59093e-08 2.00612e-09
 2.5664e-27 2.59652e-27 3.96566e-26 7.82567e-20 1.91837e-14 5.68447e-10 2.03608e-06 0.000881546 0.0461369 0.291875 0.223568 0.0438885 0.176984 0.162811 0.0262042 0.0188001 0.00604227 0.00203057 0.000599328 0.000146156 2.54807e-05 3.65758e-06 3.98436e-07 2.55889e-08 7.76127e-10
 2.56694e-27 2.59796e-27 4.08952e-26 8.08695e-20 1.98242e-14 5.87426e-10 2.10406e-06 0.000910978 0.0476773 0.30162 0.231008 0.043779 0.170924 0.157166 0.024256 0.0157647 0.00492135 0.00143724 0.00041279 9.96045e-05 1.82244e-05 2.37733e-06 2.07562e-07 1.18842e-08 3.24328e-10
 2.56502e-27 2.59266e-27 3.61377e-26 7.0833e-20 1.73639e-14 5.14522e-10 1.84293e-06 0.000797919 0.0417602 0.264187 0.202456 0.0457573 0.206039 0.189444 0.0276966 0.015479 0.00472836 0.00123487 0.000332518 7.1155e-05 1.26554e-05 1.68676e-06 1.36866e-07 6.33874e-09 1.51214e-10
 2.56357e-27 2.58878e-27 3.27719e-26 6.37329e-20 1.56233e-14 4.62948e-10 1.6582e-06 0.000717938 0.0375743 0.237706 0.182243 0.0462376 0.223896 0.206054 0.0330291 0.0234526 0.00703798 0.00156406 0.000396712 7.59854e-05 1.20712e-05 1.49555e-06 1.21349e-07 5.19026e-09 1.01753e-10
 2.56458e-27 2.59159e-27 3.53087e-26 6.90845e-20 1.69352e-14 5.01821e-10 1.79744e-06 0.000778223 0.0407294 0.257666 0.197465 0.0450778 0.204374 0.188122 0.0313282 0.0241073 0.00753637 0.00216439 0.00054587 9.00634e-05 1.28707e-05 1.40186e-06 1.03352e-07 4.3164e-09 7.72779e-11
 2.56627e-27 2.5961e-27 3.92076e-26 7.73092e-20 1.89514e-14 5.61565e-10 2.01143e-06 0.000870873 0.0455783 0.288341 0.220882 0.0446494 0.184662 0.169756 0.0248929 0.0140504 0.00443901 0.00140163 0.000384991 7.80489e-05 1.04438e-05 9.82443e-07 6.28538e-08 2.36102e-09 4.04049e-11
 2.56638e-27 2.59635e-27 3.94094e-26 7.7735e-20 1.90558e-14 5.64658e-10 2.02251e-06 0.000875669 0.0458294 0.289929 0.222096 0.0447542 0.184606 0.169676 0.02437 0.0128625 0.00383928 0.00086407 0.000233605 5.23865e-05 8.24048e-06 8.27556e-07 4.58652e-08 1.47399e-09 2.25733e-11
 2.56686e-27 2.59765e-27 4.05499e-26 8.01408e-20 1.96456e-14 5.82133e-10 2.0851e-06 0.00090277 0.0472477 0.298902 0.228944 0.0445094 0.177932 0.163496 0.0228886 0.0110376 0.00325821 0.000681834 0.000164236 2.78967e-05 4.52266e-06 5.24977e-07 3.2389e-08 9.35037e-10 1.21855e-11
 2.56727e-27 2.59876e-27 4.15235e-26 8.21948e-20 2.01491e-14 5.97053e-10 2.13854e-06 0.000925908 0.0484587 0.306563 0.23479 0.0442752 0.172043 0.158049 0.021696 0.00968729 0.00282331 0.000539614 0.000125507 1.93941e-05 2.51476e-06 2.59677e-07 1.81052e-08 5.82515e-10 7.04743e-12
 2.56782e-27 2.60025e-27 4.2832e-26 8.4955e-20 2.08257e-14 6.17103e-10 2.21036e-06 0.000957001 0.050086 0.316858 0.242646 0.0439896 0.16435 0.150924 0.0199747 0.0075548 0.00217225 0.000385031 8.63245e-05 1.22508e-05 1.47513e-06 1.26163e-07 7.41925e-09 2.57503e-10 3.43622e-12
 2.56766e-27 2.59979e-27 4.2408e-26 8.40605e-20 2.06064e-14 6.10605e-10 2.18709e-06 0.000946925 0.0495586 0.313522 0.240103 0.0442741 0.168302 0.154534 0.0199528 0.00659467 0.00185897 0.00028217 5.9927e-05 7.90385e-06 8.89103e-07 6.90878e-08 3.41996e-09 9.96651e-11 1.37566e-12
 2.56789e-27 2.60044e-27 4.30064e-26 8.53231e-20 2.09159e-14 6.19776e-10 2.21993e-06 0.000961147 0.0503029 0.31823 0.243693 0.0438994 0.162928 0.149624 0.0199566 0.00783743 0.00220266 0.000296475 5.90368e-05 6.74198e-06 7.0008e-07 5.00483e-08 2.23254e-09 5.49042e-11 6.41855e-13
 2.5684e-27 2.60182e-27 4.42167e-26 8.78763e-20 2.15418e-14 6.38323e-10 2.28636e-06 0.000989908 0.0518082 0.327753 0.250959 0.0435743 0.155348 0.142618 0.0185109 0.0063067 0.00178546 0.000280033 5.71579e-05 5.81579e-06 5.39548e-07 3.37176e-08 1.36687e-09 3.00264e-11 2.96992e-13
 2.56918e-27 2.60394e-27 4.61012e-26 9.18517e-20 2.25163e-14 6.67199e-10 2.3898e-06 0.00103469 0.054152 0.34258 0.262272 0.042993 0.142977 0.131205 0.0165489 0.00470553 0.00130737 0.000180697 3.64975e-05 4.2411e-06 3.88731e-07 2.12578e-08 7.45154e-10 1.45305e-11 1.27463e-13
 2.56848e-27 2.60201e-27 4.43672e-26 8.81937e-20 2.16196e-14 6.40628e-10 2.29462e-06 0.000993484 0.0519954 0.328937 0.251865 0.043692 0.155608 0.142819 0.0178507 0.00474968 0.00130076 0.00015415 2.89185e-05 3.01321e-06 2.8483e-07 1.68594e-08 5.37104e-10 8.96829e-12 6.86967e-14
 2.56831e-27 2.60156e-27 4.39561e-26 8.73264e-20 2.1407e-14 6.34328e-10 2.27206e-06 0.000983713 0.051484 0.325702 0.249398 0.0439086 0.158989 0.145917 0.0179945 0.00429774 0.00116586 0.000130837 2.34922e-05 2.11504e-06 1.79554e-07 1.00371e-08 3.41597e-10 5.47343e-12 3.61288e-14
 2.56835e-27 2.60165e-27 4.40468e-26 8.75177e-20 2.14539e-14 6.35717e-10 2.27703e-06 0.000985868 0.0515968 0.326416 0.249941 0.0437999 0.15778 0.144822 0.018169 0.00497027 0.00135155 0.000139324 2.39389e-05 2.03802e-06 1.58573e-07 7.60739e-09 2.36882e-10 3.87892e-12 2.53213e-14
#obs catch len freq
 5.95241e-42 8.26155e-34 1.38605e-26 2.81087e-20 6.89052e-15 2.04179e-10 7.31335e-07 0.000316643 0.0165718 0.104839 0.0808208 0.0423249 0.22684 0.191581 0.132023 0.127785 0.0525311 0.0196823 0.0041723 0.000486561 2.32121e-05 3.3192e-07 1.0722e-09 6.36275e-13 6.05785e-17
 6.82127e-42 9.46748e-34 1.58837e-26 3.22117e-20 7.89633e-15 2.33983e-10 8.38088e-07 0.000362863 0.0189908 0.120143 0.0926172 0.0460462 0.22933 0.184234 0.129413 0.11488 0.0453026 0.015435 0.00293772 0.00029546 1.14962e-05 1.26606e-07 3.02236e-10 1.29371e-13 8.76982e-18
 1.0346e-41 1.43596e-33 2.40913e-26 4.88566e-20 1.19766e-14 3.54889e-10 1.27116e-06 0.000550366 0.028804 0.182224 0.140093 0.0481572 0.201886 0.154055 0.109868 0.0890287 0.0332976 0.0101825 0.00170375 0.000144499 4.53555e-06 3.84094e-08 6.7868e-11 2.09851e-14 1.01344e-18
 8.84694e-42 1.2279e-33 2.06005e-26 4.17774e-20 1.02412e-14 3.03467e-10 1.08697e-06 0.00047062 0.0246304 0.155822 0.120269 0.0601299 0.262334 0.183016 0.0953826 0.0670392 0.0235366 0.00638158 0.000921476 6.44267e-05 1.59834e-06 1.0315e-08 1.34866e-11 3.02061e-15 1.04219e-19
 1.21339e-41 1.68411e-33 2.82545e-26 5.72995e-20 1.40463e-14 4.16217e-10 1.49082e-06 0.000645475 0.0337816 0.213714 0.164376 0.0540735 0.194099 0.136175 0.110482 0.0704875 0.0177829 0.00387969 0.000474246 2.68007e-05 5.14639e-07 2.4907e-09 2.39162e-12 3.87677e-16 9.57823e-21
 1.28266e-41 1.78025e-33 2.98675e-26 6.05706e-20 1.48482e-14 4.39979e-10 1.57593e-06 0.000682324 0.0357101 0.225916 0.174005 0.0635579 0.219933 0.137614 0.0772944 0.0467497 0.0154289 0.00285167 0.000244686 1.06015e-05 1.54726e-07 5.52665e-10 3.84933e-13 4.48316e-17 7.9106e-22
 1.1682e-41 1.62139e-33 2.72021e-26 5.51653e-20 1.35231e-14 4.00715e-10 1.4353e-06 0.000621434 0.0325234 0.205757 0.158899 0.0695715 0.235671 0.14319 0.0933273 0.0473882 0.0109305 0.00195358 0.000160503 4.87837e-06 4.97169e-08 1.27917e-10 6.38051e-14 5.28513e-18 6.61038e-23
 1.45169e-41 2.01486e-33 3.38034e-26 6.85526e-20 1.68049e-14 4.97959e-10 1.78361e-06 0.000772241 0.040416 0.255688 0.19695 0.0646247 0.184557 0.112453 0.0900148 0.0431665 0.00992839 0.00134016 8.53304e-05 2.24487e-06 1.64691e-08 2.83899e-11 9.76129e-15 5.66454e-19 4.97678e-24
 1.67398e-41 2.32337e-33 3.89794e-26 7.90495e-20 1.93781e-14 5.74207e-10 2.05672e-06 0.000890487 0.0466046 0.29484 0.22706 0.0688658 0.175357 0.0947946 0.0581137 0.0261166 0.00650188 0.000811921 4.10435e-05 7.81524e-07 4.42087e-09 5.53457e-12 1.28108e-15 4.97971e-20 2.98951e-25
 1.64678e-41 2.28562e-33 3.83459e-26 7.77648e-20 1.90631e-14 5.64875e-10 2.02329e-06 0.000876016 0.0458472 0.290051 0.22384 0.0769228 0.189462 0.0955729 0.0535649 0.0197005 0.00371444 0.000426235 2.00072e-05 2.98987e-07 1.19568e-09 1.0723e-12 1.78635e-16 4.81644e-21 1.94879e-26
 1.55909e-41 2.16392e-33 3.63042e-26 7.36241e-20 1.80481e-14 5.34798e-10 1.91556e-06 0.000829371 0.043406 0.27461 0.212543 0.0841378 0.199818 0.0999883 0.0616494 0.0197715 0.00298518 0.000249656 9.06323e-06 1.14666e-07 3.57001e-10 2.26637e-13 2.6113e-17 4.93247e-22 1.40288e-27
 1.52113e-41 2.11123e-33 3.54203e-26 7.18316e-20 1.76087e-14 5.21777e-10 1.86892e-06 0.000809178 0.0423492 0.267928 0.207901 0.0890985 0.198994 0.101123 0.0680896 0.0204827 0.00301587 0.00020169 5.12399e-06 4.58051e-08 1.09e-10 5.28538e-14 4.40369e-18 5.77775e-23 1.13003e-28
 1.93314e-41 2.68307e-33 4.50141e-26 9.12876e-20 2.23781e-14 6.63104e-10 2.37513e-06 0.00102835 0.0538197 0.340492 0.262828 0.0762005 0.135739 0.0686316 0.0462572 0.013021 0.00186674 0.000111463 2.29516e-06 1.42466e-08 2.2648e-11 7.72419e-15 4.71054e-19 4.51504e-24 6.30355e-30
 1.62378e-41 2.25369e-33 3.78104e-26 7.66787e-20 1.87969e-14 5.56986e-10 1.99503e-06 0.000863781 0.0452069 0.286019 0.223215 0.107405 0.205893 0.0826723 0.0376544 0.0096732 0.00132278 7.17604e-05 1.29709e-06 6.40922e-09 7.23936e-12 1.63921e-15 6.66915e-20 4.41711e-25 4.38014e-31
 1.33339e-41 1.85065e-33 3.10485e-26 6.29658e-20 1.54353e-14 4.57377e-10 1.63825e-06 0.000709306 0.0371223 0.234886 0.185466 0.119964 0.225561 0.11295 0.0686018 0.0134201 0.00125933 5.82792e-05 9.23361e-07 3.82035e-09 3.39779e-12 5.62624e-16 1.57278e-20 6.93858e-26 4.58533e-32
 1.21816e-41 1.69073e-33 2.83654e-26 5.75245e-20 1.41015e-14 4.17852e-10 1.49668e-06 0.00064801 0.0339143 0.214603 0.170875 0.123992 0.219932 0.12931 0.085671 0.0190229 0.00196589 6.4788e-05 7.2496e-07 2.3926e-09 1.70681e-12 2.19419e-16 4.57995e-21 1.45008e-26 6.64956e-33
 1.63459e-41 2.2687e-33 3.80621e-26 7.71892e-20 1.8922e-14 5.60694e-10 2.00832e-06 0.000869531 0.0455079 0.287943 0.225957 0.104596 0.157247 0.09796 0.0631773 0.0150105 0.00167147 5.74803e-05 5.43898e-07 1.2339e-09 6.25782e-13 6.06515e-17 9.61992e-22 2.28282e-27 7.70151e-34
 1.48507e-41 2.06118e-33 3.45806e-26 7.01287e-20 1.71912e-14 5.09407e-10 1.82461e-06 0.000789995 0.0413453 0.261646 0.209299 0.14057 0.202648 0.0890492 0.0435354 0.00999033 0.00108542 3.79387e-05 3.53853e-07 7.05356e-10 2.66081e-13 1.76761e-17 1.95494e-22 3.35097e-28 8.30482e-35
 1.54419e-41 2.14323e-33 3.59572e-26 7.29204e-20 1.78756e-14 5.29686e-10 1.89725e-06 0.000821444 0.0429912 0.272071 0.217587 0.133795 0.178822 0.0990994 0.0469063 0.00728772 0.000597927 1.89195e-05 1.64178e-07 3.00866e-10 9.87556e-14 5.23275e-18 4.22312e-23 5.01373e-29 8.53644e-36
 1.52543e-41 2.11719e-33 3.55203e-26 7.20345e-20 1.76584e-14 5.23251e-10 1.8742e-06 0.000811464 0.042469 0.268803 0.217365 0.147524 0.182628 0.0925877 0.040535 0.00680358 0.000462193 9.95806e-06 6.71613e-08 1.04455e-10 2.93367e-14 1.30698e-18 8.57905e-24 7.92775e-30 1.00263e-36
 1.65018e-41 2.29035e-33 3.84253e-26 7.79258e-20 1.91026e-14 5.66045e-10 2.02748e-06 0.000877829 0.0459423 0.290798 0.234822 0.143236 0.161888 0.0845674 0.0329186 0.0046586 0.000284343 5.3017e-06 2.54567e-08 2.76804e-11 5.9049e-15 2.08987e-19 1.09902e-24 8.08707e-31 8.03951e-38
 1.59623e-41 2.21546e-33 3.71689e-26 7.53778e-20 1.8478e-14 5.47536e-10 1.96119e-06 0.000849126 0.0444402 0.281361 0.231142 0.162349 0.170484 0.0788846 0.0268562 0.00345433 0.000174721 2.65045e-06 1.03704e-08 8.4105e-12 1.23947e-15 3.05726e-20 1.17032e-25 6.47642e-32 4.91424e-39
 1.64464e-41 2.28265e-33 3.82962e-26 7.7664e-20 1.90384e-14 5.64143e-10 2.02067e-06 0.000874879 0.0457882 0.289934 0.239054 0.160505 0.158374 0.078794 0.0239982 0.00256693 0.000107896 1.3309e-06 4.04599e-09 2.52423e-12 2.80036e-16 4.96222e-21 1.31613e-26 5.01999e-33 2.66921e-40
 1.64424e-41 2.2821e-33 3.82869e-26 7.76451e-20 1.90338e-14 5.64005e-10 2.02018e-06 0.000874667 0.0457773 0.289948 0.242308 0.170783 0.156094 0.0721154 0.0200164 0.00201146 7.00676e-05 6.73743e-07 1.57876e-09 7.43771e-13 6.12922e-17 8.02032e-22 1.55617e-27 4.2637e-34 1.59563e-41
 1.68758e-41 2.34224e-33 3.9296e-26 7.96914e-20 1.95354e-14 5.7887e-10 2.07342e-06 0.000897719 0.046984 0.297664 0.250525 0.172429 0.147357 0.0666345 0.0160946 0.00137187 4.06886e-05 3.20956e-07 5.73414e-10 1.99794e-13 1.20918e-17 1.15429e-22 1.62421e-28 3.21852e-35 8.69579e-43
 1.68263e-41 2.33538e-33 3.91808e-26 7.94578e-20 1.94782e-14 5.77173e-10 2.06734e-06 0.000895088 0.0468468 0.296926 0.253939 0.181743 0.144762 0.0608896 0.0130084 0.000964552 2.32087e-05 1.45339e-07 2.03644e-10 5.37508e-14 2.38126e-18 1.63826e-23 1.65526e-29 2.35288e-36 4.55392e-44
 1.47011e-41 2.04042e-33 3.42322e-26 6.94222e-20 1.7018e-14 5.04276e-10 1.80623e-06 0.000782038 0.0409311 0.259782 0.234925 0.214987 0.167147 0.0679647 0.0126697 0.000794359 1.56313e-05 7.70733e-08 8.21543e-11 1.63004e-14 5.38141e-19 2.71753e-24 1.98325e-30 2.01436e-37 2.77247e-45
 1.50055e-41 2.08266e-33 3.4941e-26 7.08596e-20 1.73704e-14 5.14716e-10 1.84363e-06 0.000798229 0.0417783 0.265056 0.235311 0.197504 0.166861 0.077769 0.0141008 0.0008057 1.37389e-05 5.71293e-08 5.05662e-11 8.21047e-15 2.19819e-19 8.98707e-25 5.31044e-31 4.35789e-38 4.82367e-46
#spawning biomass
 17848.7 17910.3 19546.8 21510.6 25515.7 31373.9 36481.1 44217.6 58337 77550.7 91916.7 114751 169054 197137 187151 158273 135079 139124 138826 141753 140705 139425 152402 160895 177266 188685 167803 158010 152906 140714 69747.9 36909.8 24520.5 20367.9 19077.9 18697.3 18589 18559.1 18550.9 18548.8 18548.2 18548 18548 18548 18548 18548 18548 18548 18548 18548 18548 18548 18548 18548 18548 18548 18548 18548 18548 18548 18548 18548 18548 18548 18548 18548 18548 18548 18548 18548 18548 18548 18548 18548 18548 18548 18548 18548 18548 18548 18548 18548 18548 18548 18548 18548 18548 18548 18548 18548 18548 18548 18548 18548 18548 18548 18548 18548 18548 18548 18548 18548 18548 18548 18548 18548 18548 18548 18548 18548 18548 18548 18548 18548 18548 18548 18548 18548 18548 18548 18548 18548 18548 18548 18548 18548 18548 18548 0 0 0 0 0 0 0 0 0 0 0 0 0 0 0 0 0 0 0 0 0 0 0 0 0
