SBPRF35
0.185483
Curr Bio
189977
B35
187794
F35
1.32817
FOFL
1.32817
OFL
57302.4
Bzero
52994.1
#pred survey bio
 11473.9 15992.4 17798.9 19866.8 23310 28394.7 30682.7 35445.3 48369.7 65687.1 79079.9 97349.9 131138 162486 154491 124164 119394 116875 110598 110656 115135 120223 122488 127997 141324 160563 151001 147286 3.52091e+06 3.37939e+06 2.04253e+06 1.0565e+06 685252 543627 478114 442606 421747 409096 401341 396575 393648 391853 390748 390065 389656 389410 389263 389174 389120 389088 389068 389056 389049 389045 389042 389041 389040 389039 389039 389039 389039 389039 389038 389038 389038 389038 389038 389038 389038 389038 389038 389038 389038 389038 389038 389038 389038 389038 389038 389038 389038 389038 389038 389038 389038 389038 389038 389038 389038 389038 389038 389038 389038 389038 389038 389038 389038 389038 389038 389038 389038 389038 389038 389038 389038 389038 389038 389038 389038 389038 389038 389038 389038 389038 389038 389038 389038 389038 389038 389038 389038 389038 389038 389038 389038 389038 389038 389038 0 0 0 0 0 0 0 0 0 0 0 0 0 0 0 0 0 0 0 0 0 0 0 0 0
#obs survey bio
 7165.89 14491.5 13933.2 15139.5 18680.3 23717.2 33575.8 18368.8 30162.8 59685.7 61911 79787.7 126875 146176 82646.9 53623.5 86769.1 90006.4 69144.3 74132.7 76042.7 73258.5 105450 95076.3 143264 113412 87245.8 123530
#pred catch bio
 2922.68 6889.8 8101.32 9627.94 10721.2 14782.8 17103.1 19062.3 25829.7 37129.4 46691.4 58990 76198.4 102024 109477 85041.5 81674.2 82868.1 77803.2 78116.4 83005.6 89371.2 90812.3 96072.8 100424 123859 114323 105274 57302.4 79149.7 44777.8 16784.6 9028.68 7375.4 7053.94 6994.58 6984 6982.16 6981.85 6981.8 6981.79 6981.79 6981.79 6981.79 6981.79 6981.79 6981.79 6981.79 6981.79 6981.79 6981.79 6981.79 6981.79 6981.79 6981.79 6981.79 6981.79 6981.79 6981.79 6981.79 6981.79 6981.79 6981.79 6981.79 6981.79 6981.79 6981.79 6981.79 6981.79 6981.79 6981.79 6981.79 6981.79 6981.79 6981.79 6981.79 6981.79 6981.79 6981.79 6981.79 6981.79 6981.79 6981.79 6981.79 6981.79 6981.79 6981.79 6981.79 6981.79 6981.79 6981.79 6981.79 6981.79 6981.79 6981.79 6981.79 6981.79 6981.79 6981.79 6981.79 6981.79 6981.79 6981.79 6981.79 6981.79 6981.79 6981.79 6981.79 6981.79 6981.79 6981.79 6981.79 6981.79 6981.79 6981.79 6981.79 6981.79 6981.79 6981.79 6981.79 6981.79 6981.79 6981.79 6981.79 6981.79 6981.79 6981.79 6981.79 0 0 0 0 0 0 0 0 0 0 0 0 0 0 0 0 0 0 0 0 0 0 0 0 0
#obs catch bio
 7156.74 6971.56 8167.17 9858.26 10728.4 14884.1 16854.6 19336.9 25548.2 36604.1 46169.2 58148.2 73963.6 99466.6 111233 87029.5 80459.4 80963.3 77223.9 76565.6 81029.2 88756.1 87788.4 92991.3 96969.8 119465 111951 103692
#pred cpue bio
 6931.89 10024.5 10806 11804.7 13062.9 16149 17503.4 18587 23971.9 33098.1 41118.5 48298.4 61429.7 82691.8 85182.5 65779.8 59919.1 58977.2 54839.8 53902.6 54993.4 56481.7 56815.2 58940 62670.2 74466.5 70468.9 68658 1.68113e+06 2.52424e+06 1.87724e+06 940495 566263 423639 357918 322368 301500 288847 281092 276326 273399 271603 270498 269816 269406 269161 269013 268924 268870 268838 268818 268807 268800 268795 268793 268791 268790 268790 268789 268789 268789 268789 268789 268789 268789 268789 268789 268789 268789 268789 268789 268789 268789 268789 268789 268789 268789 268789 268789 268789 268789 268789 268789 268789 268789 268789 268789 268789 268789 268789 268789 268789 268789 268789 268789 268789 268789 268789 268789 268789 268789 268789 268789 268789 268789 268789 268789 268789 268789 268789 268789 268789 268789 268789 268789 268789 268789 268789 268789 268789 268789 268789 268789 268789 268789 268789 268789 268789 0 0 0 0 0 0 0 0 0 0 0 0 0 0 0 0 0 0 0 0 0 0 0 0 0
#obs cpue bio
 8011.58 10569.7 9830.3 10948.3 19722.3 17200.3 29408.2 18307.7 59501.6 47583.5 59788.6 88321.6 95585.1 120325 98913 108840 128379 117487 85556.3 125717 118274 97120.9 136563 128151 109045 174739 152308 122238
#pred surv len freq
 2.56675e-27 2.59783e-27 4.12088e-26 8.15328e-20 1.99868e-14 5.92244e-10 2.12132e-06 0.00091845 0.0480684 0.304094 0.232839 0.0401707 0.142177 0.131095 0.0277275 0.0304592 0.0126718 0.00921289 0.00550044 0.00406112 0.00308732 0.00258401 0.00250511 0.00216947 0.000656406
 2.5653e-27 2.59416e-27 3.81938e-26 7.51732e-20 1.84278e-14 5.46049e-10 1.95585e-06 0.00084681 0.044319 0.280374 0.21471 0.0390528 0.146408 0.135686 0.0410786 0.0596666 0.0201792 0.00828871 0.00363422 0.00201296 0.00124151 0.000884474 0.00075373 0.00064727 0.000213844
 2.56583e-27 2.59554e-27 3.93376e-26 7.75859e-20 1.90193e-14 5.63575e-10 2.01863e-06 0.00087399 0.0457415 0.289373 0.221588 0.0395037 0.145007 0.134194 0.0372037 0.0513082 0.019234 0.0106118 0.00336174 0.00102772 0.000418676 0.000225434 0.000157461 0.000125644 4.27799e-05
 2.56602e-27 2.59596e-27 3.96259e-26 7.81938e-20 1.91683e-14 5.6799e-10 2.03445e-06 0.000880837 0.0460998 0.29164 0.223329 0.0401087 0.148389 0.137204 0.035768 0.0472008 0.0168367 0.00819698 0.00299235 0.00100269 0.000221202 6.62269e-05 3.2267e-05 2.18251e-05 7.30747e-06
 2.56743e-27 2.59969e-27 4.28356e-26 8.49646e-20 2.08281e-14 6.17172e-10 2.21061e-06 0.000957109 0.0500916 0.316893 0.242608 0.0398826 0.133122 0.122993 0.0310423 0.0399421 0.0137382 0.00591656 0.00198237 0.000630515 0.000158235 2.8606e-05 6.54596e-06 3.09528e-06 9.61183e-07
 2.56652e-27 2.59716e-27 4.0532e-26 8.01047e-20 1.96367e-14 5.81871e-10 2.08416e-06 0.000902363 0.0472264 0.298767 0.228787 0.041093 0.152044 0.140345 0.0321448 0.038074 0.0129524 0.00536133 0.00169221 0.00047501 0.00010899 2.03314e-05 2.63572e-06 5.49408e-07 1.3912e-07
 2.56645e-27 2.59698e-27 4.03868e-26 7.97984e-20 1.95616e-14 5.79646e-10 2.07619e-06 0.000898913 0.0470458 0.297625 0.227913 0.0409815 0.15181 0.140195 0.0333282 0.0407741 0.0132055 0.00444057 0.0013424 0.000352918 7.1895e-05 1.20024e-05 1.42197e-06 1.29524e-07 1.82003e-08
 2.5685e-27 2.60246e-27 4.51573e-26 8.98619e-20 2.20286e-14 6.52746e-10 2.33803e-06 0.00101228 0.0529789 0.335159 0.256561 0.0402303 0.125966 0.116197 0.0263815 0.0309584 0.0100207 0.00335298 0.000932873 0.000202492 3.81184e-05 5.66237e-06 5.88687e-07 3.90827e-08 2.20724e-09
 2.56921e-27 2.60427e-27 4.66371e-26 9.29832e-20 2.27937e-14 6.75418e-10 2.41924e-06 0.00104744 0.054819 0.3468 0.265458 0.0407516 0.123682 0.113875 0.0220891 0.0217321 0.0068989 0.00211793 0.000582178 0.000122131 1.95419e-05 2.50641e-06 2.29107e-07 1.27581e-08 4.0041e-10
 2.56863e-27 2.60267e-27 4.51927e-26 8.99359e-20 2.20467e-14 6.53283e-10 2.33995e-06 0.00101311 0.0530225 0.335435 0.25679 0.0414081 0.134767 0.124066 0.0232089 0.0217002 0.0065794 0.00152582 0.000391834 7.59755e-05 1.17664e-05 1.33043e-06 1.01302e-07 4.82968e-09 1.15585e-10
 2.5679e-27 2.60071e-27 4.34676e-26 8.62969e-20 2.11546e-14 6.2685e-10 2.24527e-06 0.000972116 0.0508771 0.321862 0.246433 0.0418066 0.145077 0.133614 0.0255173 0.0245549 0.00734418 0.00152278 0.000355617 5.31626e-05 7.39666e-06 7.82813e-07 5.29836e-08 2.08417e-09 4.13089e-11
 2.56913e-27 2.60406e-27 4.64531e-26 9.25951e-20 2.26986e-14 6.72599e-10 2.40914e-06 0.00104306 0.0545902 0.345353 0.264354 0.0408053 0.124866 0.114988 0.0226581 0.0227244 0.00681157 0.00142963 0.000326528 4.31355e-05 4.92335e-06 4.22359e-07 2.5916e-08 8.98007e-10 1.46496e-11
 2.56994e-27 2.60618e-27 4.82559e-26 9.63978e-20 2.36308e-14 7.00222e-10 2.50808e-06 0.0010859 0.0568322 0.359536 0.275185 0.040904 0.118007 0.108505 0.0187345 0.015408 0.00459774 0.000952898 0.000217025 2.84063e-05 3.01965e-06 2.13952e-07 1.03012e-08 3.09944e-10 4.39937e-12
 2.56794e-27 2.60073e-27 4.34028e-26 8.61597e-20 2.1121e-14 6.25853e-10 2.2417e-06 0.000970571 0.0507962 0.321351 0.246054 0.0425552 0.15104 0.138948 0.0234184 0.0184166 0.00535453 0.000876774 0.000189461 2.458e-05 2.59723e-06 1.75687e-07 7.11898e-09 1.66638e-10 1.98604e-12
 2.56615e-27 2.59593e-27 3.92364e-26 7.73707e-20 1.89665e-14 5.62011e-10 2.01303e-06 0.000871565 0.0456146 0.28857 0.221032 0.0431136 0.172869 0.159266 0.0301594 0.0286657 0.00829933 0.00125239 0.000254021 2.66108e-05 2.62826e-06 1.75735e-07 6.85152e-09 1.37337e-10 1.27733e-12
 2.5674e-27 2.59934e-27 4.22658e-26 8.37616e-20 2.05331e-14 6.08434e-10 2.17931e-06 0.000943557 0.0493824 0.312407 0.239218 0.0421265 0.152581 0.140557 0.0270886 0.0263792 0.00771847 0.00130175 0.000267513 2.52636e-05 2.15874e-06 1.20879e-07 4.52587e-09 8.72489e-11 7.04761e-13
 2.56852e-27 2.60235e-27 4.48798e-26 8.92759e-20 2.18849e-14 6.48489e-10 2.32278e-06 0.00100567 0.0526334 0.332973 0.254916 0.0417609 0.138769 0.127707 0.0229215 0.0201156 0.00590469 0.00104491 0.000220787 2.29745e-05 1.94472e-06 9.45281e-08 2.93197e-09 5.15047e-11 3.97258e-13
 2.56808e-27 2.60109e-27 4.37049e-26 8.6797e-20 2.12772e-14 6.30483e-10 2.25828e-06 0.000977751 0.0511719 0.323728 0.247869 0.0425686 0.149867 0.137842 0.0228003 0.0172834 0.00497974 0.000741004 0.000150795 1.62775e-05 1.45496e-06 7.51354e-08 2.11944e-09 3.08812e-11 2.09599e-13
 2.56852e-27 2.60228e-27 4.47651e-26 8.90337e-20 2.18255e-14 6.4673e-10 2.31648e-06 0.00100295 0.0524906 0.33207 0.254234 0.0422106 0.142671 0.131215 0.0218565 0.0167949 0.00476327 0.000573113 0.000106029 9.74385e-06 8.35804e-07 4.5267e-08 1.3601e-09 1.89815e-11 1.08807e-13
 2.56885e-27 2.60317e-27 4.55457e-26 9.06803e-20 2.22292e-14 6.58691e-10 2.35932e-06 0.0010215 0.0534614 0.338211 0.258921 0.0420853 0.138424 0.127268 0.0206578 0.0150567 0.00426962 0.000519385 9.40869e-05 7.14913e-06 5.23984e-07 2.48487e-08 7.53833e-10 1.11458e-11 6.31458e-14
 2.56921e-27 2.60414e-27 4.63877e-26 9.24566e-20 2.26646e-14 6.71593e-10 2.40553e-06 0.0010415 0.0545086 0.344836 0.263977 0.0419336 0.133717 0.1229 0.0194365 0.0133715 0.00376908 0.000425617 7.49821e-05 5.69788e-06 3.88842e-07 1.49397e-08 3.84766e-10 5.4324e-12 3.21345e-14
 2.56944e-27 2.60474e-27 4.68979e-26 9.35329e-20 2.29285e-14 6.79411e-10 2.43354e-06 0.00105363 0.0551431 0.34885 0.267043 0.0419552 0.131727 0.121021 0.0183326 0.0113278 0.00316536 0.000320707 5.34124e-05 3.76652e-06 2.46741e-07 9.16262e-09 2.00802e-10 2.32089e-12 1.25784e-14
 2.56959e-27 2.60513e-27 4.72297e-26 9.42327e-20 2.31e-14 6.84495e-10 2.45175e-06 0.00106151 0.0555557 0.351461 0.269037 0.0420129 0.130765 0.120096 0.017477 0.00961021 0.00265582 0.000228955 3.45832e-05 2.18854e-06 1.30554e-07 4.48179e-09 9.40943e-11 9.65739e-13 4.28543e-15
 2.56973e-27 2.60551e-27 4.75621e-26 9.49339e-20 2.32719e-14 6.89588e-10 2.46999e-06 0.00106941 0.0559691 0.354076 0.271032 0.041917 0.128633 0.118128 0.0171139 0.0092773 0.00255193 0.000200031 2.8033e-05 1.54622e-06 8.01803e-08 2.42607e-09 4.62807e-11 4.44222e-13 1.79223e-15
 2.57044e-27 2.60743e-27 4.92659e-26 9.85281e-20 2.4153e-14 7.15696e-10 2.5635e-06 0.0011099 0.0580881 0.367481 0.28126 0.0413896 0.117434 0.107795 0.0153225 0.00779501 0.00213728 0.000161382 2.18558e-05 1.10758e-06 5.09877e-08 1.30514e-09 2.14647e-11 1.82197e-13 6.76132e-16
 2.56953e-27 2.60496e-27 4.70673e-26 9.38901e-20 2.3016e-14 6.82006e-10 2.44283e-06 0.00105765 0.0553537 0.350183 0.268063 0.0421554 0.132534 0.121705 0.0173546 0.00892573 0.00244964 0.000187912 2.57116e-05 1.27796e-06 5.64207e-08 1.29457e-09 1.8297e-11 1.30072e-13 4.19391e-16
 2.56935e-27 2.60446e-27 4.66083e-26 9.29218e-20 2.27787e-14 6.74972e-10 2.41764e-06 0.00104674 0.0547828 0.346571 0.265309 0.0423834 0.136204 0.125071 0.0175611 0.00854948 0.00233399 0.000162883 2.0652e-05 1.01762e-06 4.43761e-08 9.84405e-10 1.28906e-11 7.9218e-14 2.13992e-16
 2.56946e-27 2.60477e-27 4.68999e-26 9.35369e-20 2.29294e-14 6.7944e-10 2.43364e-06 0.00105367 0.0551455 0.348865 0.267058 0.0421606 0.13328 0.122406 0.0176939 0.00952175 0.00260654 0.000182141 2.30022e-05 1.05935e-06 4.25794e-08 9.30773e-10 1.1932e-11 6.91469e-14 1.65733e-16
#obs surv len freq
 1.24856e-41 1.73291e-33 2.90732e-26 5.89599e-20 1.44533e-14 4.28278e-10 1.53402e-06 0.000664179 0.0347605 0.219906 0.16865 0.0417259 0.170198 0.142492 0.0892607 0.0845067 0.0332462 0.011932 0.0023829 0.000261884 1.16819e-05 1.55664e-07 4.70301e-10 2.6311e-13 2.38254e-17
 1.559e-41 2.16379e-33 3.6302e-26 7.36197e-20 1.8047e-14 5.34766e-10 1.91544e-06 0.000829321 0.0434034 0.274583 0.210436 0.0426858 0.142287 0.113369 0.0740996 0.0645817 0.0242814 0.00790026 0.00140497 0.000131736 4.79229e-06 4.95016e-08 1.11215e-10 4.505e-14 2.90883e-18
 1.29279e-41 1.79431e-33 3.01033e-26 6.1049e-20 1.49654e-14 4.43453e-10 1.58838e-06 0.000687712 0.0359921 0.227698 0.174875 0.0517362 0.203901 0.149906 0.0732995 0.055387 0.0197803 0.00576651 0.000896699 7.03307e-05 2.04779e-06 1.62629e-08 2.718e-11 7.99577e-15 3.69222e-19
 1.55886e-41 2.1636e-33 3.62988e-26 7.36133e-20 1.80454e-14 5.3472e-10 1.91528e-06 0.000829249 0.0433996 0.27456 0.21059 0.0473475 0.149488 0.109419 0.0847996 0.0596499 0.0156788 0.00370568 0.000497404 3.20743e-05 7.33637e-07 4.41551e-09 5.45465e-12 1.16547e-15 3.86024e-20
 1.53856e-41 2.13543e-33 3.58262e-26 7.26548e-20 1.78105e-14 5.27757e-10 1.89034e-06 0.000818452 0.0428345 0.270985 0.208104 0.0553673 0.180254 0.118855 0.0638132 0.0416174 0.0141458 0.0029114 0.000276385 1.3837e-05 2.44296e-07 1.09779e-09 9.91391e-13 1.52932e-16 3.62769e-21
 1.35055e-41 1.87448e-33 3.14483e-26 6.37765e-20 1.56341e-14 4.63266e-10 1.65934e-06 0.000718438 0.0376002 0.237873 0.183065 0.0612316 0.205367 0.131047 0.083327 0.0465063 0.0109465 0.00211306 0.000195739 6.99426e-06 8.70689e-08 2.8508e-10 1.86009e-13 2.0533e-17 3.46681e-22
 1.56679e-41 2.1746e-33 3.64834e-26 7.39876e-20 1.81372e-14 5.37438e-10 1.92501e-06 0.000833465 0.0436202 0.275957 0.212118 0.0581493 0.165741 0.104986 0.0828753 0.0436553 0.0104081 0.00154286 0.000107779 3.33725e-06 3.03428e-08 6.71332e-11 3.04398e-14 2.37057e-18 2.82634e-23
 1.72984e-41 2.4009e-33 4.02802e-26 8.16874e-20 2.00247e-14 5.93368e-10 2.12535e-06 0.000920202 0.0481597 0.304676 0.23425 0.0627949 0.163392 0.0928309 0.0567715 0.0278179 0.00730494 0.00101999 5.79823e-05 1.28848e-06 8.96529e-09 1.44752e-11 4.44333e-15 2.33178e-19 1.91108e-24
 1.65547e-41 2.29768e-33 3.85484e-26 7.81753e-20 1.91637e-14 5.67857e-10 2.03397e-06 0.000880639 0.0460892 0.291579 0.224655 0.0712907 0.184958 0.0980902 0.0551544 0.0223154 0.00439544 0.000559114 3.00786e-05 5.3512e-07 2.63281e-09 3.01908e-12 6.6463e-16 2.41916e-20 1.33907e-25
 1.53479e-41 2.13018e-33 3.57382e-26 7.24764e-20 1.77667e-14 5.26461e-10 1.8857e-06 0.000816442 0.0427293 0.270327 0.208865 0.0785193 0.199669 0.104671 0.0664524 0.0237335 0.00384023 0.000360585 1.4926e-05 2.27259e-07 8.8489e-10 7.21637e-13 1.09343e-16 2.77153e-21 1.07379e-26
 1.4654e-41 2.03388e-33 3.41226e-26 6.92e-20 1.69636e-14 5.02661e-10 1.80045e-06 0.000779533 0.0407977 0.25811 0.199975 0.0842449 0.204036 0.107465 0.0751351 0.0251079 0.00402858 0.000309474 9.12144e-06 9.82293e-08 2.93424e-10 1.84508e-13 2.03325e-17 3.57818e-22 9.49602e-28
 1.88289e-41 2.61333e-33 4.3844e-26 8.89147e-20 2.17964e-14 6.45867e-10 2.31339e-06 0.00100162 0.0524207 0.331639 0.255733 0.0729422 0.140658 0.0736718 0.0526333 0.0164847 0.00262533 0.000182934 4.49301e-06 3.43016e-08 6.89015e-11 3.0548e-14 2.47531e-18 3.19721e-23 6.07011e-29
 1.57105e-41 2.18052e-33 3.65828e-26 7.41891e-20 1.81866e-14 5.38902e-10 1.93026e-06 0.000835735 0.0437391 0.276728 0.215504 0.102266 0.213727 0.0901314 0.0428997 0.0121823 0.00186322 0.000118779 2.60194e-06 1.6127e-08 2.34247e-11 6.95861e-15 3.77662e-19 3.38121e-24 4.57508e-30
 1.27004e-41 1.76273e-33 2.95735e-26 5.99745e-20 1.4702e-14 4.35648e-10 1.56042e-06 0.000675609 0.0353587 0.22372 0.176127 0.113753 0.233562 0.119588 0.0782438 0.0171144 0.00175884 9.48049e-05 1.83025e-06 9.59896e-09 1.11225e-11 2.44551e-15 9.19881e-20 5.51497e-25 4.99108e-31
 1.14866e-41 1.59427e-33 2.67471e-26 5.42427e-20 1.3297e-14 3.94013e-10 1.41129e-06 0.00061104 0.0319794 0.202351 0.160569 0.117377 0.227214 0.1352 0.0979618 0.0238484 0.00277902 0.000107269 1.43786e-06 6.00051e-09 5.60744e-12 9.64297e-16 2.7282e-20 1.18108e-25 7.4517e-32
 1.5593e-41 2.16421e-33 3.63092e-26 7.36342e-20 1.80506e-14 5.34871e-10 1.91582e-06 0.000829485 0.043412 0.274674 0.2151 0.100713 0.16529 0.104214 0.0740074 0.0192172 0.00244147 9.89522e-05 1.14162e-06 3.25713e-09 2.1476e-12 2.78459e-16 6.00524e-21 1.95599e-26 9.113e-33
 1.40463e-41 1.94953e-33 3.27074e-26 6.63299e-20 1.626e-14 4.81813e-10 1.72578e-06 0.000747202 0.0391056 0.247461 0.197348 0.135936 0.215245 0.0974255 0.0518894 0.0131259 0.00164595 6.84921e-05 7.89045e-07 1.99943e-09 9.82107e-13 8.6757e-17 1.29971e-21 3.05767e-27 1.04806e-33
 1.45934e-41 2.02547e-33 3.39815e-26 6.89139e-20 1.68934e-14 5.00583e-10 1.79301e-06 0.00077631 0.0406291 0.257108 0.205036 0.129845 0.189937 0.10818 0.0575387 0.00997406 0.000938924 3.57376e-05 3.87797e-07 9.13918e-10 3.93832e-13 2.78154e-17 3.02995e-22 4.909e-28 1.15152e-34
 1.43964e-41 1.99813e-33 3.35228e-26 6.79835e-20 1.66654e-14 4.93825e-10 1.7688e-06 0.00076583 0.0400806 0.253668 0.204504 0.14435 0.195668 0.10163 0.0493744 0.00920767 0.000731935 1.89289e-05 1.59809e-07 3.22763e-10 1.20153e-13 7.18687e-18 6.39133e-23 8.05792e-29 1.39871e-35
 1.55713e-41 2.16119e-33 3.62585e-26 7.35314e-20 1.80254e-14 5.34124e-10 1.91315e-06 0.000828327 0.0433515 0.274379 0.221007 0.141204 0.174886 0.0952168 0.0419237 0.00670735 0.000483059 1.10002e-05 6.67704e-08 9.45481e-11 2.69218e-14 1.29002e-18 9.25657e-24 9.34164e-30 1.27853e-36
 1.50483e-41 2.0886e-33 3.50406e-26 7.10616e-20 1.74199e-14 5.16184e-10 1.84889e-06 0.000800504 0.0418955 0.265221 0.217208 0.160528 0.184753 0.0895976 0.0345705 0.00510662 0.000310449 5.82762e-06 2.91503e-08 3.10122e-11 6.11821e-15 2.05211e-19 1.07915e-24 8.24812e-31 8.6686e-38
 1.5508e-41 2.15241e-33 3.61111e-26 7.32325e-20 1.79521e-14 5.31953e-10 1.90537e-06 0.00082496 0.0431755 0.273358 0.224841 0.160339 0.172632 0.0898304 0.0310264 0.00377812 0.000190717 2.94227e-06 1.15646e-08 9.54891e-12 1.42542e-15 3.43933e-20 1.25393e-25 6.62331e-32 4.90208e-39
 1.56073e-41 2.16619e-33 3.63424e-26 7.37016e-20 1.80671e-14 5.35361e-10 1.91758e-06 0.000830244 0.0434522 0.275177 0.229203 0.170965 0.169987 0.0819945 0.025418 0.00285237 0.000117636 1.39641e-06 4.22478e-09 2.64877e-12 2.95633e-16 5.2953e-21 1.41603e-26 5.3732e-33 2.79606e-40
 1.59515e-41 2.21397e-33 3.71439e-26 7.53271e-20 1.84656e-14 5.47169e-10 1.95987e-06 0.000848556 0.0444108 0.281312 0.236246 0.174233 0.162003 0.0775795 0.0212347 0.002057 7.21821e-05 6.97251e-07 1.59151e-09 7.32974e-13 6.00499e-17 7.8702e-22 1.53256e-27 4.22247e-34 1.59088e-41
 1.58715e-41 2.20286e-33 3.69576e-26 7.49492e-20 1.83729e-14 5.44423e-10 1.95004e-06 0.000844298 0.0441883 0.280015 0.239034 0.184427 0.160054 0.0722808 0.0176033 0.00150741 4.36392e-05 3.37442e-07 6.01901e-10 2.0796e-13 1.23482e-17 1.15883e-22 1.6163e-28 3.19527e-35 8.63926e-43
 1.37133e-41 1.90331e-33 3.1932e-26 6.47574e-20 1.58745e-14 4.70391e-10 1.68486e-06 0.000729489 0.0381803 0.242235 0.218602 0.21697 0.183335 0.081174 0.0174532 0.00128707 3.09596e-05 1.91732e-07 2.63281e-10 6.86025e-14 3.02275e-18 2.06507e-23 2.0621e-29 2.89187e-36 5.53342e-44
 1.39931e-41 1.94215e-33 3.25836e-26 6.60788e-20 1.61984e-14 4.79989e-10 1.71924e-06 0.000744374 0.0389598 0.247263 0.223307 0.204819 0.176843 0.0891321 0.0177533 0.001154 2.28683e-05 1.12434e-07 1.19146e-10 2.33556e-14 7.59933e-19 3.79487e-24 2.7509e-30 2.78056e-37 3.8054e-45
 1.46651e-41 2.03542e-33 3.41483e-26 6.92522e-20 1.69764e-14 5.0304e-10 1.80181e-06 0.000780122 0.0408307 0.259089 0.231942 0.203205 0.169106 0.0781042 0.0158631 0.00105874 1.93315e-05 8.23355e-08 7.3168e-11 1.18384e-14 3.14995e-19 1.27664e-24 7.46557e-31 6.0647e-38 6.65733e-46
#pred catch len freq
 2.55967e-27 2.579e-27 2.49946e-26 4.73293e-20 1.16022e-14 3.43794e-10 1.23141e-06 0.000533155 0.0279034 0.176525 0.135447 0.0412572 0.218869 0.202356 0.0490088 0.0612976 0.0257401 0.0189706 0.0113013 0.0083202 0.00631101 0.00527647 0.00511338 0.00442791 0.00133972
 2.55891e-27 2.5773e-27 2.37687e-26 4.47441e-20 1.09685e-14 3.25016e-10 1.16415e-06 0.000504034 0.0263793 0.166883 0.128052 0.0392238 0.208594 0.193922 0.0667594 0.103682 0.0351432 0.0145208 0.00634864 0.00350193 0.00215429 0.0015329 0.00130574 0.00112121 0.00037042
 2.55965e-27 2.5792e-27 2.53144e-26 4.80043e-20 1.17677e-14 3.48697e-10 1.24898e-06 0.000540759 0.0283014 0.179043 0.137353 0.040206 0.209534 0.194429 0.0603087 0.0890207 0.0334412 0.0185146 0.0058535 0.00178028 0.000723083 0.000388777 0.000271416 0.00021655 7.37313e-05
 2.56012e-27 2.58031e-27 2.61284e-26 4.97209e-20 1.21885e-14 3.61166e-10 1.29364e-06 0.000560096 0.0293134 0.185445 0.142259 0.041308 0.214473 0.198767 0.0571344 0.0805519 0.0287664 0.0140231 0.00510427 0.00170295 0.00037469 0.000111953 5.45087e-05 3.68641e-05 1.23426e-05
 2.56156e-27 2.58408e-27 2.93223e-26 5.64582e-20 1.384e-14 4.10105e-10 1.46893e-06 0.00063599 0.0332854 0.210573 0.161448 0.0414119 0.201782 0.186884 0.0519626 0.0716574 0.0246771 0.0106456 0.00355781 0.00112618 0.000281899 5.08835e-05 1.16323e-05 5.49908e-06 1.7076e-06
 2.56105e-27 2.58254e-27 2.78127e-26 5.3273e-20 1.30592e-14 3.86968e-10 1.38606e-06 0.000600109 0.0314076 0.198693 0.152403 0.0430839 0.220861 0.204236 0.050439 0.0637763 0.0217018 0.00896669 0.00282233 0.000788038 0.00018031 3.35801e-05 4.3498e-06 9.06349e-07 2.29493e-07
 2.56121e-27 2.58298e-27 2.81982e-26 5.40864e-20 1.32586e-14 3.92877e-10 1.40722e-06 0.000609272 0.0318871 0.201727 0.154717 0.0428877 0.217743 0.201428 0.0512443 0.0662546 0.0214518 0.00718266 0.00216462 0.000565906 0.000114962 1.91576e-05 2.26782e-06 2.06496e-07 2.9013e-08
 2.56351e-27 2.58908e-27 3.34773e-26 6.52225e-20 1.59885e-14 4.73768e-10 1.69696e-06 0.000734718 0.0384525 0.243262 0.186423 0.0423487 0.191364 0.176856 0.042722 0.052985 0.0171433 0.00570742 0.00158359 0.00034169 6.41323e-05 9.50933e-06 9.87775e-07 6.55548e-08 3.70178e-09
 2.5645e-27 2.59156e-27 3.54713e-26 6.94282e-20 1.70195e-14 5.04318e-10 1.80638e-06 0.000782094 0.040932 0.258947 0.198418 0.043413 0.191036 0.176183 0.0359061 0.0375738 0.0119246 0.00363923 0.000997444 0.000208003 3.31882e-05 4.24802e-06 3.87952e-07 2.15954e-08 6.77674e-10
 2.56402e-27 2.59021e-27 3.422e-26 6.67884e-20 1.63724e-14 4.85142e-10 1.7377e-06 0.000752357 0.0393757 0.249102 0.190912 0.044212 0.20239 0.186585 0.0363981 0.0360424 0.0109256 0.00251481 0.00064367 0.000124028 1.91523e-05 2.16129e-06 1.64404e-07 7.8349e-09 1.87478e-10
 2.5633e-27 2.58828e-27 3.25316e-26 6.32266e-20 1.54992e-14 4.5927e-10 1.64503e-06 0.000712234 0.0372758 0.235817 0.180774 0.044551 0.212093 0.195588 0.0388817 0.0394299 0.0117899 0.00242435 0.000564388 8.38261e-05 1.16251e-05 1.22777e-06 8.30196e-08 3.26422e-09 6.46871e-11
 2.56494e-27 2.59274e-27 3.64851e-26 7.1567e-20 1.75438e-14 5.19854e-10 1.86203e-06 0.000806187 0.0421929 0.266924 0.204507 0.0432819 0.185761 0.171307 0.0349176 0.0365034 0.0109338 0.00227083 0.000516906 6.78325e-05 7.71705e-06 6.60451e-07 4.04823e-08 1.40211e-09 2.2869e-11
 2.56589e-27 2.59518e-27 3.85282e-26 7.58765e-20 1.86002e-14 5.51158e-10 1.97415e-06 0.000854733 0.0447337 0.282998 0.216787 0.0436975 0.180295 0.166017 0.0295172 0.0255186 0.00761169 0.00156187 0.000354547 4.61036e-05 4.88578e-06 3.45357e-07 1.66088e-08 4.99463e-10 7.08805e-12
 2.5637e-27 2.58922e-27 3.32211e-26 6.46807e-20 1.58557e-14 4.69833e-10 1.68286e-06 0.000728615 0.0381331 0.241241 0.184931 0.0455571 0.216829 0.199677 0.0345215 0.0284434 0.00826813 0.0013396 0.000288292 3.71533e-05 3.91353e-06 2.64114e-07 1.06901e-08 2.50085e-10 2.97987e-12
 2.56221e-27 2.58527e-27 2.98285e-26 5.75241e-20 1.41013e-14 4.17848e-10 1.49666e-06 0.000647997 0.0339138 0.214549 0.164551 0.0456329 0.231724 0.213657 0.0412612 0.0402821 0.0116536 0.00173519 0.000350239 3.64383e-05 3.58543e-06 2.39164e-07 9.3141e-09 1.86593e-10 1.735e-12
 2.56344e-27 2.58863e-27 3.28247e-26 6.38448e-20 1.56508e-14 4.63761e-10 1.66111e-06 0.000719199 0.0376403 0.238123 0.182535 0.0446053 0.211269 0.194805 0.0383595 0.0384193 0.0112314 0.00186924 0.000382523 3.58857e-05 3.05493e-06 1.70619e-07 6.38038e-09 1.22931e-10 9.92739e-13
 2.56483e-27 2.59234e-27 3.60304e-26 7.06074e-20 1.73085e-14 5.12883e-10 1.83706e-06 0.000795377 0.0416272 0.263345 0.20179 0.0442888 0.195332 0.179939 0.0328199 0.0295355 0.00866056 0.00151082 0.000317822 3.28454e-05 2.77087e-06 1.34341e-07 4.16145e-09 7.3055e-11 5.63331e-13
 2.56452e-27 2.5914e-27 3.51239e-26 6.86947e-20 1.68397e-14 4.9899e-10 1.7873e-06 0.000773831 0.0404995 0.256212 0.196357 0.0452302 0.206313 0.189916 0.0317553 0.0245904 0.00707893 0.00103782 0.000210048 2.2514e-05 2.00547e-06 1.0331e-07 2.91074e-09 4.23821e-11 2.87571e-13
 2.56501e-27 2.59275e-27 3.63167e-26 7.1211e-20 1.74565e-14 5.17268e-10 1.85277e-06 0.000802177 0.041983 0.265597 0.203517 0.0448252 0.1982 0.182445 0.0307196 0.0241025 0.00683186 0.000810471 0.000149002 1.35989e-05 1.16188e-06 6.27704e-08 1.88382e-09 2.62744e-11 1.50566e-13
 2.56546e-27 2.59394e-27 3.73551e-26 7.34015e-20 1.79935e-14 5.33179e-10 1.90976e-06 0.000826852 0.0432745 0.273767 0.209753 0.0446817 0.192727 0.177352 0.0290485 0.0215766 0.00611459 0.000733087 0.000131988 9.96428e-06 7.271e-07 3.43891e-08 1.04191e-09 1.53958e-11 8.72e-14
 2.56605e-27 2.59552e-27 3.87315e-26 7.6305e-20 1.87052e-14 5.5427e-10 1.9853e-06 0.00085956 0.0449863 0.284596 0.218018 0.0444282 0.184991 0.170174 0.0270657 0.0188628 0.00531326 0.000591019 0.0001034 7.80589e-06 5.30447e-07 2.03255e-08 5.22717e-10 7.37494e-12 4.36127e-14
 2.56653e-27 2.59681e-27 3.98457e-26 7.86556e-20 1.92815e-14 5.71344e-10 2.04646e-06 0.000886039 0.0463721 0.293363 0.224711 0.044343 0.17964 0.165175 0.0250717 0.0155755 0.00434908 0.000433896 7.16818e-05 5.02204e-06 3.27482e-07 1.21286e-08 2.65432e-10 3.06551e-12 1.66084e-14
 2.56672e-27 2.59729e-27 4.02448e-26 7.94973e-20 1.94878e-14 5.77458e-10 2.06836e-06 0.00089552 0.0468683 0.296502 0.22711 0.0444426 0.178713 0.164266 0.023946 0.0132378 0.00365635 0.000310752 4.65031e-05 2.92471e-06 1.73608e-07 5.94361e-09 1.24604e-10 1.27792e-12 5.66868e-15
 2.56697e-27 2.59798e-27 4.08546e-26 8.07837e-20 1.98032e-14 5.86803e-10 2.10183e-06 0.000910012 0.0476267 0.3013 0.230771 0.0442633 0.174776 0.160633 0.0232857 0.0126466 0.00347686 0.000268812 3.72852e-05 2.04486e-06 1.05456e-07 3.18206e-09 6.06077e-11 5.81281e-13 2.34435e-15
 2.56759e-27 2.59964e-27 4.23283e-26 8.38927e-20 2.05653e-14 6.09386e-10 2.18272e-06 0.000945034 0.0494597 0.312896 0.239618 0.0438324 0.165281 0.151866 0.0216538 0.0111339 0.00305206 0.00022758 3.05147e-05 1.53837e-06 7.04184e-08 1.79763e-09 2.95142e-11 2.5031e-13 9.28543e-16
 2.56689e-27 2.59775e-27 4.06406e-26 8.03322e-20 1.96925e-14 5.83523e-10 2.09008e-06 0.000904926 0.0473606 0.299616 0.229488 0.044434 0.176976 0.162637 0.0231681 0.0118747 0.00325676 0.000246347 3.33446e-05 1.64868e-06 7.23633e-08 1.65597e-09 2.33633e-11 1.65938e-13 5.34801e-16
 2.56655e-27 2.59679e-27 3.97747e-26 7.85055e-20 1.92447e-14 5.70254e-10 2.04255e-06 0.000884348 0.0462836 0.292803 0.224291 0.0448207 0.18357 0.168692 0.023697 0.0115562 0.00315346 0.000217322 2.724e-05 1.33528e-06 5.78913e-08 1.28088e-09 1.67433e-11 1.02801e-13 2.77568e-16
 2.56633e-27 2.59624e-27 3.93042e-26 7.7513e-20 1.90014e-14 5.63045e-10 2.01673e-06 0.000873168 0.0456985 0.289101 0.221465 0.0447998 0.185397 0.170419 0.0247461 0.0135111 0.00369835 0.000255499 3.19341e-05 1.46384e-06 5.84851e-08 1.27511e-09 1.63177e-11 9.44781e-14 2.26343e-16
#obs catch len freq
 6.00585e-42 8.33572e-34 1.39849e-26 2.83611e-20 6.95239e-15 2.06012e-10 7.37901e-07 0.000319486 0.0167206 0.105781 0.0815419 0.0424646 0.227315 0.191911 0.131695 0.127151 0.0516081 0.0190695 0.003952 0.000449093 2.08632e-05 2.91334e-07 9.22413e-10 5.38618e-13 5.06403e-17
 6.84777e-42 9.50426e-34 1.59454e-26 3.23369e-20 7.92701e-15 2.34892e-10 8.41344e-07 0.000364273 0.0190646 0.12061 0.0929766 0.0461971 0.230048 0.184703 0.129005 0.11426 0.0446461 0.0150362 0.00280328 0.000274887 1.04077e-05 1.11809e-07 2.61425e-10 1.10011e-13 7.35445e-18
 1.03299e-41 1.43372e-33 2.40537e-26 4.87804e-20 1.19579e-14 3.54335e-10 1.26917e-06 0.000549507 0.028759 0.181939 0.139877 0.0482112 0.202309 0.154368 0.110028 0.0890448 0.0330808 0.0100364 0.00165377 0.000137178 4.19553e-06 3.46577e-08 5.99418e-11 1.82091e-14 8.66631e-19
 8.81586e-42 1.22358e-33 2.05281e-26 4.16307e-20 1.02053e-14 3.02401e-10 1.08315e-06 0.000468967 0.0245438 0.155274 0.119851 0.0601031 0.262399 0.183131 0.0958152 0.0673924 0.0236548 0.00638878 0.000913338 6.2823e-05 1.52471e-06 9.61557e-09 1.23106e-11 2.70801e-15 9.20282e-20
 1.21592e-41 1.68761e-33 2.83132e-26 5.74186e-20 1.40755e-14 4.17082e-10 1.49392e-06 0.000646816 0.0338518 0.214159 0.164711 0.0539463 0.193312 0.135694 0.110421 0.0706593 0.0180969 0.00398413 0.000487731 2.73346e-05 5.16933e-07 2.45543e-09 2.31374e-12 3.68654e-16 8.97181e-21
 1.28436e-41 1.7826e-33 2.99069e-26 6.06506e-20 1.48678e-14 4.40559e-10 1.57801e-06 0.000683224 0.0357572 0.226214 0.174235 0.06365 0.220258 0.137703 0.0768745 0.0463493 0.0152003 0.00281991 0.000244263 1.05998e-05 1.53567e-07 5.4161e-10 3.71725e-13 4.26582e-17 7.42354e-22
 1.17451e-41 1.63014e-33 2.7349e-26 5.54631e-20 1.35961e-14 4.02878e-10 1.44304e-06 0.000624789 0.0326989 0.206868 0.159744 0.0695027 0.235041 0.142775 0.0929377 0.0470457 0.0107069 0.00189414 0.000155179 4.7446e-06 4.84712e-08 1.24113e-10 6.13545e-14 5.02819e-18 6.21985e-23
 1.45462e-41 2.01892e-33 3.38715e-26 6.86907e-20 1.68387e-14 4.98962e-10 1.7872e-06 0.000773797 0.0404974 0.256203 0.197347 0.0647546 0.184918 0.112428 0.0893258 0.0426733 0.009701 0.00129242 8.08586e-05 2.113e-06 1.55358e-08 2.68526e-11 9.21762e-15 5.32184e-19 4.64357e-24
 1.67542e-41 2.32537e-33 3.90128e-26 7.91173e-20 1.93947e-14 5.74699e-10 2.05848e-06 0.000891251 0.0466445 0.295092 0.227251 0.0688241 0.175141 0.094692 0.0580805 0.0260719 0.00646644 0.000801939 3.99989e-05 7.49641e-07 4.20144e-09 5.25476e-12 1.21872e-15 4.74146e-20 2.8424e-25
 1.64388e-41 2.2816e-33 3.82786e-26 7.76283e-20 1.90297e-14 5.63884e-10 2.01974e-06 0.000874477 0.0457667 0.289541 0.223459 0.0771128 0.190214 0.095848 0.0534912 0.0195978 0.00365671 0.00041608 1.93359e-05 2.85263e-07 1.12433e-09 9.97544e-13 1.65429e-16 4.45866e-21 1.80598e-26
 1.55909e-41 2.16391e-33 3.63041e-26 7.3624e-20 1.80481e-14 5.34797e-10 1.91555e-06 0.000829369 0.0434059 0.27461 0.212537 0.0839907 0.199378 0.0999989 0.0620372 0.0199329 0.00301783 0.000251457 9.05367e-06 1.13509e-07 3.49715e-10 2.19448e-13 2.50207e-17 4.69188e-22 1.32944e-27
 1.51866e-41 2.1078e-33 3.53627e-26 7.1715e-20 1.75801e-14 5.2093e-10 1.86589e-06 0.000807864 0.0422804 0.267493 0.207575 0.089218 0.199415 0.101274 0.0681307 0.0205505 0.0030441 0.000204186 5.18393e-06 4.60462e-08 1.08685e-10 5.2267e-14 4.31734e-18 5.61547e-23 1.0897e-28
 1.92933e-41 2.67778e-33 4.49254e-26 9.11078e-20 2.2334e-14 6.61797e-10 2.37045e-06 0.00102632 0.0537137 0.339821 0.262315 0.0761551 0.135769 0.0689754 0.0468602 0.0133055 0.00193686 0.000116998 2.43395e-06 1.5161e-08 2.40454e-11 8.15484e-15 4.94202e-19 4.70742e-24 6.53106e-30
 1.62473e-41 2.25502e-33 3.78326e-26 7.67238e-20 1.88079e-14 5.57314e-10 1.99621e-06 0.000864289 0.0452335 0.286187 0.223335 0.107258 0.205528 0.0826229 0.0377627 0.00977522 0.00135437 7.45482e-05 1.36841e-06 6.83856e-09 7.77469e-12 1.76284e-15 7.15608e-20 4.72052e-25 4.65981e-31
 1.33431e-41 1.85194e-33 3.10701e-26 6.30096e-20 1.54461e-14 4.57695e-10 1.63939e-06 0.000709799 0.0371481 0.235049 0.185596 0.120059 0.225714 0.112753 0.0683074 0.0133481 0.00125359 5.85295e-05 9.39669e-07 3.94187e-09 3.54649e-12 5.91958e-16 1.66229e-20 7.3442e-26 4.84949e-32
 1.21933e-41 1.69236e-33 2.83928e-26 5.758e-20 1.4115e-14 4.18255e-10 1.49812e-06 0.000648634 0.033947 0.214809 0.171038 0.124097 0.220085 0.129162 0.0853786 0.0188356 0.00193339 6.35574e-05 7.13509e-07 2.37781e-09 1.71556e-12 2.2286e-16 4.69162e-21 1.4949e-26 6.88477e-33
 1.63581e-41 2.2704e-33 3.80906e-26 7.7247e-20 1.89362e-14 5.61114e-10 2.00982e-06 0.000870182 0.0455419 0.288159 0.226118 0.104556 0.157142 0.0978688 0.0630787 0.0149482 0.00165689 5.65911e-05 5.32938e-07 1.20903e-09 6.16336e-13 6.02195e-17 9.63285e-22 2.30392e-27 7.82601e-34
 1.48232e-41 2.05736e-33 3.45164e-26 6.99986e-20 1.71593e-14 5.08462e-10 1.82123e-06 0.00078853 0.0412686 0.261161 0.208934 0.14062 0.202819 0.0893111 0.0438214 0.0101301 0.00110494 3.85968e-05 3.58647e-07 7.11846e-10 2.67959e-13 1.78192e-17 1.97846e-22 3.41027e-28 8.50346e-35
 1.54279e-41 2.14129e-33 3.59245e-26 7.28542e-20 1.78593e-14 5.29205e-10 1.89553e-06 0.000820698 0.0429522 0.271824 0.217383 0.133602 0.178647 0.0994619 0.0472592 0.00741198 0.000615794 1.966e-05 1.71089e-07 3.13143e-10 1.02493e-13 5.41591e-18 4.36424e-23 5.18183e-29 8.83791e-36
 1.52546e-41 2.11724e-33 3.55211e-26 7.2036e-20 1.76588e-14 5.23262e-10 1.87424e-06 0.000811481 0.0424699 0.268809 0.217388 0.147724 0.182833 0.0923823 0.0403514 0.00675877 0.000460211 1.00012e-05 6.80536e-08 1.06324e-10 2.98873e-14 1.32999e-18 8.71289e-24 8.03503e-30 1.01454e-36
 1.64504e-41 2.28321e-33 3.83056e-26 7.76829e-20 1.90431e-14 5.6428e-10 2.02116e-06 0.000875093 0.0457991 0.289893 0.234127 0.143163 0.162101 0.0854268 0.0335046 0.0048066 0.000296227 5.56361e-06 2.69496e-08 2.95807e-11 6.35292e-15 2.25611e-19 1.18775e-24 8.7379e-31 8.67809e-38
 1.59444e-41 2.21298e-33 3.71273e-26 7.52935e-20 1.84573e-14 5.46924e-10 1.95899e-06 0.000848176 0.0443905 0.281046 0.230862 0.161989 0.170299 0.0794476 0.0273353 0.00359155 0.000185243 2.85905e-06 1.13132e-08 9.2511e-12 1.37418e-15 3.41404e-20 1.31405e-25 7.29715e-32 5.54759e-39
 1.64279e-41 2.28008e-33 3.82531e-26 7.75766e-20 1.9017e-14 5.63508e-10 2.01839e-06 0.000873895 0.0457367 0.289608 0.238843 0.16078 0.158638 0.0787878 0.0240286 0.00258976 0.000110505 1.39053e-06 4.30158e-09 2.71817e-12 3.04169e-16 5.42544e-21 1.44755e-26 5.55167e-33 2.9661e-40
 1.65281e-41 2.29399e-33 3.84865e-26 7.80499e-20 1.9133e-14 5.66946e-10 2.03071e-06 0.000879227 0.046016 0.291457 0.243404 0.170448 0.155309 0.0710536 0.019452 0.00191186 6.59624e-05 6.35927e-07 1.50758e-09 7.20382e-13 6.00986e-17 7.9386e-22 1.55109e-27 4.27271e-34 1.60629e-41
 1.68765e-41 2.34234e-33 3.92977e-26 7.96949e-20 1.95363e-14 5.78896e-10 2.07351e-06 0.000897759 0.0469861 0.297678 0.250578 0.172698 0.147431 0.0663744 0.015967 0.00134741 3.93164e-05 3.05571e-07 5.43563e-10 1.90263e-13 1.1622e-17 1.121e-22 1.59242e-28 3.18074e-35 8.64922e-43
 1.67999e-41 2.33171e-33 3.91193e-26 7.93332e-20 1.94476e-14 5.76268e-10 2.0641e-06 0.000893684 0.0467733 0.296462 0.253625 0.181965 0.145093 0.061141 0.0130551 0.000965295 2.30806e-05 1.42817e-07 1.97411e-10 5.16245e-14 2.28077e-18 1.57302e-23 1.59824e-29 2.28769e-36 4.45963e-44
 1.46668e-41 2.03565e-33 3.41523e-26 6.92602e-20 1.69783e-14 5.03099e-10 1.80202e-06 0.000780212 0.0408355 0.259177 0.234456 0.214943 0.167537 0.0685697 0.0128699 0.000813834 1.60666e-05 7.90927e-08 8.37762e-11 1.64657e-14 5.38423e-19 2.69944e-24 1.96244e-30 1.9918e-37 2.74611e-45
 1.49739e-41 2.07827e-33 3.48674e-26 7.07103e-20 1.73338e-14 5.13632e-10 1.83975e-06 0.000796547 0.0416902 0.264496 0.234739 0.196777 0.167154 0.0789195 0.0145582 0.000853479 1.48388e-05 6.25329e-08 5.56611e-11 9.03576e-15 2.40978e-19 9.79319e-25 5.74817e-31 4.68787e-38 5.16305e-46
#spawning biomass
 13983.8 19349.2 21714.6 24360.3 28998.1 35163.6 37976.6 44744.5 61745.6 83520.5 99859.9 124244 169214 205951 192375 156123 151882 148394 140970 141556 147866 154879 158160 165509 184077 207297 194683 189977 196545 172290 83344.3 34740.6 21912.4 19194.8 18666.8 18569.3 18551.9 18548.9 18548.4 18548.3 18548.3 18548.3 18548.3 18548.3 18548.3 18548.3 18548.3 18548.3 18548.3 18548.3 18548.3 18548.3 18548.3 18548.3 18548.3 18548.3 18548.3 18548.3 18548.3 18548.3 18548.3 18548.3 18548.3 18548.3 18548.3 18548.3 18548.3 18548.3 18548.3 18548.3 18548.3 18548.3 18548.3 18548.3 18548.3 18548.3 18548.3 18548.3 18548.3 18548.3 18548.3 18548.3 18548.3 18548.3 18548.3 18548.3 18548.3 18548.3 18548.3 18548.3 18548.3 18548.3 18548.3 18548.3 18548.3 18548.3 18548.3 18548.3 18548.3 18548.3 18548.3 18548.3 18548.3 18548.3 18548.3 18548.3 18548.3 18548.3 18548.3 18548.3 18548.3 18548.3 18548.3 18548.3 18548.3 18548.3 18548.3 18548.3 18548.3 18548.3 18548.3 18548.3 18548.3 18548.3 18548.3 18548.3 18548.3 18548.3 0 0 0 0 0 0 0 0 0 0 0 0 0 0 0 0 0 0 0 0 0 0 0 0 0
