SBPRF35
0.109671
Curr Bio
175836
B35
140089
F35
1.49301
FOFL
1.49301
OFL
94767
Bzero
31333.9
#pred survey bio
 13583.7 13157.2 11798.7 15781.6 18943.4 18533.5 21627.5 31554.5 46913.5 62700.9 88714.3 107348 118596 130527 132809 116549 102280 99418.7 102346 112905 115240 113642 124426 135321 153268 131432 125059 134129 3.46323e+06 3.00286e+06 1.12332e+06 554448 373651 300366 265118 246939 237376 232333 229681 228293 227569 227192 226996 226895 226843 226817 226803 226797 226793 226791 226790 226790 226790 226790 226790 226789 226789 226789 226789 226789 226789 226789 226789 226789 226789 226789 226789 226789 226789 226789 226789 226789 226789 226789 226789 226789 226789 226789 226789 226789 226789 226789 226789 226789 226789 226789 226789 226789 226789 226789 226789 226789 226789 226789 226789 226789 226789 226789 226789 226789 226789 226789 226789 226789 226789 226789 226789 226789 226789 226789 226789 226789 226789 226789 226789 226789 226789 226789 226789 226789 226789 226789 226789 226789 226789 226789 226789 226789 0 0 0 0 0 0 0 0 0 0 0 0 0 0 0 0 0 0 0 0 0 0 0 0 0
#obs survey bio
 11099.4 11085 11277.3 15164.2 14864.5 24774.4 25931.4 31662.5 52124.1 57223.2 80371.9 91056.7 161014 134639 86741.4 73072.9 134373 88211.4 89699.3 126435 130421 146441 105415 216310 192734 123699 94155.5 157060
#pred catch bio
 5732.81 7865.39 6336.26 8897.69 12246.2 12046.5 12728.5 18132 29290.9 36874.4 60068.9 79905.6 86233.3 91892.4 98735.8 90698.2 79759.1 77284 76587.3 90987.6 97349 93654.9 107233 106556 138667 115031 102674 103653 94767 83475 20311 7950.42 5913.42 5611.19 5569.35 5563.83 5563.13 5563.04 5563.03 5563.03 5563.03 5563.03 5563.03 5563.03 5563.03 5563.03 5563.03 5563.03 5563.03 5563.03 5563.03 5563.03 5563.03 5563.03 5563.03 5563.03 5563.03 5563.03 5563.03 5563.03 5563.03 5563.03 5563.03 5563.03 5563.03 5563.03 5563.03 5563.03 5563.03 5563.03 5563.03 5563.03 5563.03 5563.03 5563.03 5563.03 5563.03 5563.03 5563.03 5563.03 5563.03 5563.03 5563.03 5563.03 5563.03 5563.03 5563.03 5563.03 5563.03 5563.03 5563.03 5563.03 5563.03 5563.03 5563.03 5563.03 5563.03 5563.03 5563.03 5563.03 5563.03 5563.03 5563.03 5563.03 5563.03 5563.03 5563.03 5563.03 5563.03 5563.03 5563.03 5563.03 5563.03 5563.03 5563.03 5563.03 5563.03 5563.03 5563.03 5563.03 5563.03 5563.03 5563.03 5563.03 5563.03 5563.03 5563.03 5563.03 0 0 0 0 0 0 0 0 0 0 0 0 0 0 0 0 0 0 0 0 0 0 0 0 0
#obs catch bio
 8804.62 9093.66 6847.14 8603.26 14100 12564 12473.8 17299 28138.5 34909.3 58208.3 81349.2 78799.6 86354.2 107346 103000 78655.3 77992.4 73701.6 91504.9 95232.7 86290.2 113294 93528.1 125755 108784 98357.8 103106
#pred cpue bio
 12979.4 12696.8 10809 14452.9 18011.8 17135.2 19668.6 28165.3 42813.4 56584.7 80863.6 97924.1 108162 120660 124905 109208 94508 91183.4 93509.8 103003 104830 103085 111001 121439 140193 119357 113547 120644 3.18346e+06 3.20119e+06 1.11696e+06 544327 363453 290166 254919 236740 227176 222133 219482 218093 217369 216993 216797 216695 216643 216617 216604 216597 216594 216592 216591 216590 216590 216590 216590 216590 216590 216590 216590 216590 216590 216590 216590 216590 216590 216590 216590 216590 216590 216590 216590 216590 216590 216590 216590 216590 216590 216590 216590 216590 216590 216590 216590 216590 216590 216590 216590 216590 216590 216590 216590 216590 216590 216590 216590 216590 216590 216590 216590 216590 216590 216590 216590 216590 216590 216590 216590 216590 216590 216590 216590 216590 216590 216590 216590 216590 216590 216590 216590 216590 216590 216590 216590 216590 216590 216590 216590 216590 0 0 0 0 0 0 0 0 0 0 0 0 0 0 0 0 0 0 0 0 0 0 0 0 0
#obs cpue bio
 17501 7306.61 10544.1 17485.9 12270.4 11957.6 22282.1 30185.9 50414.6 71239.2 95974.3 105718 141925 125055 100227 114711 94749.9 91046.5 127653 88073.9 111286 113427 85910.5 172133 160110 135948 171926 108766
#pred surv len freq
 1.1161e-11 1.21141e-09 7.75304e-08 2.92576e-06 6.5102e-05 0.000854187 0.0066096 0.0301841 0.0816534 0.133288 0.142779 0.130135 0.129696 0.117686 0.0826192 0.0505419 0.0312251 0.0195843 0.012656 0.0086968 0.00647788 0.00529571 0.00450866 0.00344202 0.00199865
 1.03737e-11 1.12597e-09 7.20617e-08 2.71939e-06 6.05102e-05 0.000793947 0.00614382 0.0280652 0.0760339 0.12502 0.138124 0.136226 0.146001 0.134629 0.0918911 0.0522198 0.0288749 0.0155835 0.00826868 0.00455519 0.00272272 0.00183766 0.00137632 0.000994651 0.000573613
 1.36694e-11 1.48369e-09 9.49557e-08 3.58334e-06 7.97339e-05 0.00104616 0.00809463 0.0369562 0.0998412 0.161914 0.168491 0.141219 0.127452 0.108956 0.0711075 0.0378147 0.0192397 0.00946395 0.00439923 0.00199374 0.00091927 0.000465059 0.000274299 0.000173335 9.48748e-05
 1.36807e-11 1.48491e-09 9.50343e-08 3.5863e-06 7.97999e-05 0.00104703 0.00810143 0.0369891 0.0999558 0.162307 0.169862 0.144745 0.132861 0.112961 0.0706794 0.0339943 0.0151478 0.00666423 0.00278945 0.00111183 0.000424403 0.00016105 6.69614e-05 3.21845e-05 1.53547e-05
 1.15352e-11 1.25204e-09 8.01303e-08 3.02387e-06 6.72853e-05 0.000882839 0.00683157 0.0312037 0.0844941 0.138587 0.151513 0.145449 0.151255 0.13496 0.0852386 0.040724 0.0175934 0.0071844 0.00265888 0.000917606 0.00030153 9.38289e-05 2.85086e-05 9.2629e-06 3.29527e-06
 1.31488e-11 1.42717e-09 9.1339e-08 3.44685e-06 7.6697e-05 0.00100632 0.00778656 0.0355541 0.0961152 0.15637 0.165045 0.14419 0.136357 0.117889 0.075037 0.0371372 0.0167742 0.00698627 0.00253678 0.0008169 0.000237088 6.23442e-05 1.51222e-05 3.50154e-06 8.26421e-07
 1.40303e-11 1.52285e-09 9.74622e-08 3.67792e-06 8.18386e-05 0.00107377 0.00830834 0.0379326 0.102489 0.166291 0.173419 0.146205 0.132337 0.111291 0.0683037 0.0313549 0.0129352 0.00519025 0.00191651 0.000631569 0.000180845 4.41891e-05 9.27844e-06 1.70537e-06 2.84262e-07
 1.49107e-11 1.61842e-09 1.03578e-07 3.90873e-06 8.69742e-05 0.00114115 0.00882945 0.0403067 0.108834 0.176019 0.180924 0.145855 0.124746 0.102422 0.0627987 0.0290893 0.0120133 0.00465178 0.00160041 0.000496074 0.000139651 3.42286e-05 7.0014e-06 1.17039e-06 1.60517e-07
 1.3855e-11 1.50382e-09 9.62444e-08 3.63197e-06 8.0816e-05 0.00106036 0.0082046 0.0374602 0.101231 0.164393 0.172113 0.146798 0.134681 0.113732 0.0694694 0.0313351 0.0124585 0.00471848 0.00160833 0.000485869 0.000129581 3.00118e-05 5.9439e-06 9.73178e-07 1.26574e-07
 1.43978e-11 1.56274e-09 1.00015e-07 3.77426e-06 8.39823e-05 0.0011019 0.00852587 0.0389238 0.10514 0.170374 0.176659 0.14636 0.129652 0.108 0.0660942 0.0301852 0.0121756 0.00459608 0.00152795 0.00044763 0.00011645 2.61531e-05 4.94229e-06 7.69525e-07 9.61691e-08
 1.3911e-11 1.50991e-09 9.66338e-08 3.64666e-06 8.1143e-05 0.00106465 0.00823776 0.0376111 0.101632 0.164987 0.172469 0.146441 0.133688 0.112839 0.0692824 0.031684 0.0128226 0.00487935 0.00164007 0.000482038 0.000123584 2.70024e-05 4.94524e-06 7.4247e-07 8.87649e-08
 1.3881e-11 1.50665e-09 9.64256e-08 3.6388e-06 8.09682e-05 0.00106235 0.00822005 0.037531 0.101425 0.164733 0.172579 0.147461 0.135489 0.11418 0.0690817 0.0303768 0.0115907 0.00423207 0.0014042 0.000413782 0.000106884 2.34056e-05 4.23835e-06 6.20918e-07 7.18604e-08
 1.38985e-11 1.50855e-09 9.65472e-08 3.64339e-06 8.10703e-05 0.00106369 0.00823045 0.037579 0.101562 0.165009 0.173123 0.148543 0.137011 0.115163 0.0686237 0.028901 0.0102061 0.00344056 0.00106756 0.000297598 7.44697e-05 1.61742e-05 2.9351e-06 4.29772e-07 4.91981e-08
 1.32065e-11 1.43343e-09 9.17396e-08 3.46197e-06 7.70334e-05 0.00101073 0.00782082 0.0357126 0.0965719 0.15734 0.167118 0.148532 0.142575 0.12199 0.0733625 0.0313441 0.0112693 0.00378141 0.00111997 0.00028851 6.64857e-05 1.35271e-05 2.3567e-06 3.39151e-07 3.8653e-08
 1.22377e-11 1.32828e-09 8.50099e-08 3.20801e-06 7.13827e-05 0.000936596 0.0072474 0.0330996 0.0895803 0.146547 0.15844 0.147765 0.1492 0.130709 0.0801617 0.0356855 0.0137078 0.00486678 0.00148704 0.000385824 8.64117e-05 1.64693e-05 2.64668e-06 3.5517e-07 3.86557e-08
 1.24494e-11 1.35126e-09 8.64805e-08 3.26351e-06 7.26175e-05 0.000952796 0.00737269 0.0336704 0.0911051 0.148881 0.160222 0.147614 0.147253 0.12842 0.0786879 0.0350757 0.013583 0.00494142 0.00158287 0.00043617 0.000102408 1.98586e-05 3.13007e-06 3.97816e-07 4.02736e-08
 1.3229e-11 1.43589e-09 9.18965e-08 3.46789e-06 7.71652e-05 0.00101246 0.00783418 0.0357734 0.0967331 0.157576 0.167248 0.148347 0.142097 0.121518 0.0731636 0.0314156 0.0114748 0.00399762 0.00126665 0.000354486 8.64783e-05 1.76699e-05 2.91984e-06 3.79509e-07 3.79584e-08
 1.36181e-11 1.47811e-09 9.45988e-08 3.56987e-06 7.94343e-05 0.00104223 0.00806445 0.0368228 0.0995419 0.16192 0.170781 0.148792 0.139653 0.118192 0.0704522 0.0295501 0.0103225 0.0034091 0.00102191 0.000271269 6.42524e-05 1.31754e-05 2.24434e-06 3.04975e-07 3.18023e-08
 1.38105e-11 1.499e-09 9.59358e-08 3.62032e-06 8.05569e-05 0.00105696 0.00817836 0.0373419 0.100931 0.164063 0.172496 0.148919 0.138303 0.116454 0.0691511 0.0287594 0.00987111 0.00317741 0.000918406 0.000231405 5.15897e-05 1.00103e-05 1.64665e-06 2.22671e-07 2.3729e-08
 1.38809e-11 1.50664e-09 9.64248e-08 3.63878e-06 8.09676e-05 0.00106235 0.00822002 0.0375315 0.101435 0.164814 0.172968 0.14854 0.13716 0.115388 0.0688578 0.0290721 0.0102391 0.00335774 0.000968719 0.000239153 5.14416e-05 9.49452e-06 1.4721e-06 1.88435e-07 1.93684e-08
 1.4031e-11 1.52293e-09 9.74675e-08 3.67812e-06 8.18431e-05 0.00107383 0.00830889 0.0379369 0.102525 0.166544 0.174591 0.149423 0.137295 0.114793 0.0674463 0.0272944 0.00891085 0.0027447 0.000780295 0.000194935 4.22437e-05 7.70374e-06 1.15678e-06 1.41178e-07 1.37275e-08
 1.417e-11 1.53801e-09 9.84327e-08 3.71455e-06 8.26536e-05 0.00108447 0.00839114 0.0383119 0.103532 0.168125 0.175988 0.149954 0.136992 0.11399 0.0663352 0.0261164 0.00803057 0.00228637 0.000601523 0.000139628 2.88503e-05 5.1962e-06 7.81013e-07 9.44785e-08 8.94115e-09
 1.49325e-11 1.62078e-09 1.0373e-07 3.91444e-06 8.71013e-05 0.00114282 0.00884244 0.0403678 0.109023 0.176524 0.182364 0.149307 0.129871 0.105865 0.0615218 0.0244697 0.00767976 0.00221118 0.000568135 0.000123901 2.35365e-05 3.90904e-06 5.53469e-07 6.49529e-08 6.07866e-09
 1.467e-11 1.59229e-09 1.01906e-07 3.84563e-06 8.55703e-05 0.00112273 0.00868712 0.0396606 0.107139 0.173684 0.180412 0.150198 0.133338 0.109329 0.062878 0.0240816 0.00696889 0.00183702 0.000453914 9.86654e-05 1.85611e-05 2.95351e-06 3.88694e-07 4.20655e-08 3.68556e-09
 1.376e-11 1.49352e-09 9.55849e-08 3.60708e-06 8.02623e-05 0.0010531 0.00814849 0.0372062 0.100574 0.163564 0.172346 0.149715 0.139937 0.117815 0.0692723 0.0279178 0.00894647 0.00260327 0.000654011 0.00013457 2.3662e-05 3.62353e-06 4.66883e-07 4.87873e-08 4.0249e-09
 1.41215e-11 1.53275e-09 9.80961e-08 3.70184e-06 8.23709e-05 0.00108076 0.00836248 0.0381817 0.103189 0.167641 0.175821 0.150652 0.138444 0.115169 0.0663591 0.0252959 0.00723711 0.00188774 0.000467791 0.000102677 1.92048e-05 2.94354e-06 3.62213e-07 3.5998e-08 2.86151e-09
 1.41278e-11 1.53344e-09 9.814e-08 3.7035e-06 8.24078e-05 0.00108124 0.00836621 0.0381986 0.103232 0.16769 0.175779 0.150386 0.137994 0.114865 0.0664847 0.0256966 0.00755257 0.00199743 0.00047463 9.52606e-05 1.65972e-05 2.54226e-06 3.26001e-07 3.31725e-08 2.59172e-09
 1.45613e-11 1.58049e-09 1.01151e-07 3.81714e-06 8.49364e-05 0.00111442 0.00862277 0.039367 0.106349 0.172422 0.179196 0.149446 0.133074 0.109663 0.0639821 0.0255579 0.00806922 0.00232034 0.000583049 0.000120391 2.08207e-05 3.026e-06 3.63135e-07 3.57476e-08 2.81763e-09
#obs surv len freq
 1.16223e-11 1.26149e-09 8.07354e-08 3.04671e-06 6.77934e-05 0.000889503 0.00688294 0.0314331 0.0850303 0.138694 0.147692 0.131735 0.128699 0.119988 0.0916171 0.0598982 0.0338749 0.0156347 0.00574758 0.00166976 0.000373219 6.19634e-05 7.38834e-06 6.12869e-07 3.43644e-08
 8.37892e-12 9.09453e-10 5.82049e-08 2.19648e-06 4.88751e-05 0.000641309 0.00496349 0.0226907 0.061684 0.102924 0.119787 0.130948 0.151976 0.14923 0.114094 0.0734986 0.0406024 0.0182021 0.00645952 0.00179797 0.000382042 5.98412e-05 6.68581e-06 5.1677e-07 2.68853e-08
 1.84818e-11 2.00603e-09 1.28386e-07 4.84488e-06 0.000107804 0.00141443 0.010943 0.0499331 0.13451 0.214911 0.208225 0.13482 0.078503 0.0564246 0.0450519 0.0329059 0.0194398 0.00876795 0.00303434 0.000811205 0.000164004 2.42572e-05 2.54205e-06 1.8325e-07 8.85087e-09
 8.41136e-12 9.12974e-10 5.84303e-08 2.20499e-06 4.90651e-05 0.000643837 0.00498429 0.022811 0.0623119 0.106049 0.131355 0.157246 0.184294 0.162529 0.0969386 0.0429099 0.0174213 0.00707831 0.00252302 0.000692665 0.000138268 1.95992e-05 1.93646e-06 1.30467e-07 5.858e-09
 1.41631e-11 1.53727e-09 9.83854e-08 3.71276e-06 8.2614e-05 0.00108395 0.00838713 0.03829 0.103387 0.16694 0.169337 0.12917 0.10404 0.0957513 0.0826601 0.0579345 0.0294201 0.0102876 0.00259544 0.000526934 9.02484e-05 1.21047e-05 1.15612e-06 7.44468e-08 3.14759e-09
 1.19841e-11 1.30076e-09 8.32484e-08 3.14155e-06 6.99044e-05 0.000917241 0.00709887 0.0324433 0.08802 0.145123 0.159552 0.149123 0.143268 0.120375 0.0778181 0.0423101 0.0212091 0.00904488 0.0028798 0.00063734 9.68054e-05 1.03538e-05 8.03055e-07 4.4904e-08 1.7365e-09
 1.64498e-11 1.78547e-09 1.1427e-07 4.3122e-06 9.59523e-05 0.00125896 0.0097414 0.0444736 0.120076 0.193708 0.195085 0.143221 0.103034 0.0791295 0.0551397 0.0323455 0.0152126 0.00551042 0.00155585 0.000344409 5.66651e-05 6.45875e-06 4.89193e-07 2.4334e-08 7.97377e-10
 1.34513e-11 1.46001e-09 9.34406e-08 3.52618e-06 7.84632e-05 0.00102955 0.00796821 0.0364164 0.0987689 0.162404 0.175798 0.156019 0.138748 0.108834 0.0648828 0.0306869 0.0125433 0.0043466 0.00118776 0.00024385 3.66427e-05 3.94035e-06 2.94044e-07 1.46785e-08 4.74812e-10
 1.42407e-11 1.54569e-09 9.89242e-08 3.73311e-06 8.30676e-05 0.00108996 0.00843524 0.0385402 0.104388 0.170571 0.180048 0.149736 0.125156 0.100064 0.0661057 0.0352022 0.014704 0.00459001 0.00106588 0.000188797 2.54281e-05 2.50046e-06 1.7155e-07 7.94206e-09 2.42106e-10
 1.42276e-11 1.54428e-09 9.88336e-08 3.72969e-06 8.29921e-05 0.00108898 0.00842828 0.0385181 0.104424 0.171169 0.182328 0.153892 0.128421 0.0992449 0.0620953 0.0316187 0.0131868 0.00427344 0.00102446 0.000176982 2.16863e-05 1.8664e-06 1.11824e-07 4.59009e-09 1.26055e-10
 1.28145e-11 1.3909e-09 8.90173e-08 3.35927e-06 7.47503e-05 0.000980885 0.00759306 0.0347266 0.0944158 0.156438 0.1726 0.157102 0.140732 0.111477 0.0696575 0.0347825 0.0139351 0.00429949 0.000991192 0.000167802 2.03054e-05 1.69925e-06 9.57679e-08 3.57293e-09 8.72415e-11
 1.41682e-11 1.53782e-09 9.84207e-08 3.71412e-06 8.26462e-05 0.00108448 0.0083942 0.0383743 0.104132 0.171099 0.182955 0.154232 0.127284 0.0984784 0.0630826 0.0325828 0.0131835 0.00398905 0.000882747 0.000141714 1.62287e-05 1.29194e-06 6.96331e-08 2.48194e-09 5.73544e-11
 1.35536e-11 1.47112e-09 9.41519e-08 3.55304e-06 7.90628e-05 0.0010375 0.00803206 0.0367431 0.0999459 0.165601 0.181561 0.160465 0.136298 0.102747 0.0617398 0.0297985 0.0115808 0.00346604 0.000765322 0.000121137 1.34031e-05 1.01347e-06 5.13902e-08 1.71821e-09 3.72728e-11
 1.13889e-11 1.23616e-09 7.91144e-08 2.98559e-06 6.64378e-05 0.000871928 0.00675302 0.0309397 0.0846376 0.143042 0.166299 0.164126 0.153628 0.121242 0.0744061 0.0358521 0.0134396 0.00378114 0.000781564 0.000117168 1.24412e-05 9.06767e-07 4.40996e-08 1.40076e-09 2.85992e-11
 9.22645e-12 1.00145e-09 6.40929e-08 2.41874e-06 5.3826e-05 0.000706517 0.00547486 0.0251324 0.0692244 0.119683 0.14792 0.16137 0.164864 0.139722 0.0927486 0.04793 0.0186602 0.00527379 0.00106488 0.000152273 1.51843e-05 1.03454e-06 4.71686e-08 1.41107e-09 2.71999e-11
 1.2195e-11 1.32365e-09 8.47141e-08 3.19691e-06 7.11403e-05 0.000933634 0.00723025 0.0331083 0.0903272 0.150871 0.1684 0.153224 0.13636 0.113228 0.0787704 0.0432238 0.0177412 0.00524195 0.00109174 0.000157435 1.54191e-05 1.00785e-06 4.33319e-08 1.20976e-09 2.1665e-11
 1.17428e-11 1.27457e-09 8.15729e-08 3.0784e-06 6.8506e-05 0.000899185 0.00696676 0.0319533 0.0876468 0.148874 0.173366 0.167237 0.148938 0.112821 0.0686313 0.0340155 0.0135052 0.00405729 0.00087411 0.000129863 1.29301e-05 8.44991e-07 3.56832e-08 9.61825e-10 1.63827e-11
 1.24301e-11 1.34917e-09 8.63475e-08 3.25859e-06 7.2516e-05 0.000951819 0.0073743 0.033814 0.0926291 0.156446 0.178757 0.166078 0.143459 0.108311 0.0657613 0.0312429 0.0113308 0.00306538 0.000608808 8.65222e-05 8.47131e-06 5.50638e-07 2.31108e-08 6.14692e-10 1.02308e-11
 1.1708e-11 1.2708e-09 8.13319e-08 3.06936e-06 6.83081e-05 0.000896724 0.00695084 0.0319218 0.0878667 0.150468 0.177553 0.172389 0.151517 0.111899 0.0652039 0.0297028 0.0103437 0.00265665 0.000489986 6.36206e-05 5.69424e-06 3.43133e-07 1.35894e-08 3.45894e-10 5.55366e-12
 1.20746e-11 1.31059e-09 8.38787e-08 3.16549e-06 7.04483e-05 0.00092485 0.00716929 0.0329263 0.0905959 0.154708 0.180582 0.171384 0.147742 0.108934 0.06376 0.0287238 0.00965915 0.00235473 0.000408202 4.94174e-05 4.08649e-06 2.2567e-07 8.16016e-09 1.90037e-10 2.8099e-12
 1.2827e-11 1.39226e-09 8.91059e-08 3.36278e-06 7.48401e-05 0.000982539 0.00761695 0.0349833 0.0962114 0.16378 0.188694 0.173264 0.142512 0.100432 0.0565011 0.0246258 0.00805485 0.00190667 0.000317649 3.64361e-05 2.81892e-06 1.44302e-07 4.80533e-09 1.02568e-10 1.38549e-12
 1.20886e-11 1.31211e-09 8.39771e-08 3.1693e-06 7.05395e-05 0.000926288 0.0071857 0.0330676 0.0914528 0.157986 0.187812 0.179555 0.150165 0.103769 0.0558984 0.0230779 0.00714159 0.00160435 0.000254375 2.77657e-05 2.03642e-06 9.81785e-08 3.05585e-09 6.05383e-11 7.5468e-13
 1.28227e-11 1.3918e-09 8.90773e-08 3.3618e-06 7.48245e-05 0.000982554 0.00762162 0.0350582 0.0967659 0.165932 0.193083 0.17759 0.143484 0.0978618 0.0524428 0.021242 0.00630438 0.00133431 0.000197552 2.00978e-05 1.37585e-06 6.20182e-08 1.80546e-09 3.34107e-11 3.88081e-13
 1.20777e-11 1.31094e-09 8.39033e-08 3.16665e-06 7.04889e-05 0.000925915 0.00718871 0.0331492 0.0921106 0.160576 0.193019 0.184351 0.150469 0.0999743 0.0512747 0.0198751 0.00567656 0.00115618 0.000163343 1.56616e-05 9.99769e-07 4.17592e-08 1.12385e-09 1.92266e-11 2.06643e-13
 1.2214e-11 1.32574e-09 8.48511e-08 3.20249e-06 7.129e-05 0.000936543 0.00727298 0.0335529 0.0932844 0.162564 0.194562 0.183945 0.148867 0.0988147 0.0505122 0.0191868 0.00526181 0.00101572 0.000135338 1.22215e-05 7.33294e-07 2.86727e-08 7.18599e-10 1.13913e-11 1.13018e-13
 1.0817e-11 1.17412e-09 7.51492e-08 2.83654e-06 6.3158e-05 0.000830224 0.00645814 0.029928 0.0841824 0.150811 0.190167 0.191322 0.160307 0.106334 0.0533677 0.0198056 0.00529361 0.000989786 0.00012641 1.08166e-05 6.09458e-07 2.22564e-08 5.1942e-10 7.65319e-12 7.04531e-14
 1.09017e-11 1.18332e-09 7.5739e-08 2.85888e-06 6.36591e-05 0.000836908 0.00651139 0.0301799 0.0848517 0.151551 0.18952 0.188863 0.158721 0.107235 0.0548226 0.0203897 0.0053533 0.000969256 0.000118862 9.70786e-06 5.19031e-07 1.78733e-08 3.90967e-10 5.37169e-12 4.59358e-14
 1.1252e-11 1.22135e-09 7.81747e-08 2.95095e-06 6.5716e-05 0.000864148 0.00672656 0.0312051 0.0878426 0.156909 0.194977 0.1904 0.154965 0.101332 0.0504955 0.0184637 0.00478718 0.000853474 0.000102127 8.04658e-06 4.10802e-07 1.34042e-08 2.76286e-10 3.56178e-12 2.8477e-14
#pred catch len freq
 9.31304e-12 1.01084e-09 6.46937e-08 2.44134e-06 5.43233e-05 0.000712775 0.00551586 0.0252007 0.0683285 0.112795 0.126672 0.129888 0.144105 0.13518 0.0942797 0.0562114 0.0339125 0.0210447 0.0135543 0.00930519 0.00692944 0.00566462 0.00482271 0.00368177 0.00213786
 9.34388e-12 1.01419e-09 6.4908e-08 2.44943e-06 5.45033e-05 0.00071514 0.00553432 0.0252886 0.0686169 0.113671 0.129488 0.13703 0.155518 0.145555 0.0984649 0.0545809 0.0294328 0.0156887 0.00828899 0.00456011 0.0027246 0.00183878 0.00137714 0.00099524 0.000573953
 1.23096e-11 1.33609e-09 8.55098e-08 3.22688e-06 7.18024e-05 0.000942099 0.00728982 0.0332896 0.090043 0.14689 0.156904 0.141774 0.139233 0.122819 0.0798984 0.041542 0.0205895 0.00998532 0.00461818 0.00208942 0.000962865 0.000487043 0.000287257 0.000181522 9.93564e-05
 1.24274e-11 1.34888e-09 8.63279e-08 3.25775e-06 7.24894e-05 0.000951114 0.00735964 0.0336097 0.090927 0.148478 0.159271 0.145504 0.144103 0.126018 0.078737 0.0371428 0.0160985 0.00695735 0.00289267 0.00115047 0.000438845 0.000166497 6.92223e-05 3.32709e-05 1.58729e-05
 1.06909e-11 1.16039e-09 7.42649e-08 2.80253e-06 6.23603e-05 0.000818225 0.00633184 0.0289273 0.0784145 0.129296 0.144494 0.146282 0.159322 0.144098 0.0905667 0.0424281 0.017837 0.00715516 0.00262934 0.000905084 0.000297135 9.24338e-05 2.80824e-05 9.12428e-06 3.24595e-06
 1.23582e-11 1.34136e-09 8.5847e-08 3.2396e-06 7.20855e-05 0.000945816 0.00731864 0.0334226 0.0904222 0.147665 0.158455 0.14492 0.143835 0.126394 0.0800432 0.0387985 0.017063 0.00699198 0.00252281 0.000810455 0.000234989 6.17707e-05 1.49814e-05 3.46885e-06 8.18699e-07
 1.29067e-11 1.4009e-09 8.96576e-08 3.3834e-06 7.52852e-05 0.000987796 0.00764338 0.0349033 0.0943966 0.153901 0.163961 0.146984 0.142568 0.123105 0.0755057 0.0340589 0.013668 0.00537779 0.00197028 0.000647591 0.000185262 4.52539e-05 9.50097e-06 1.74621e-06 2.91066e-07
 1.37608e-11 1.4936e-09 9.55902e-08 3.60728e-06 8.02667e-05 0.00105315 0.00814885 0.0372061 0.10055 0.163334 0.17122 0.146589 0.135122 0.114452 0.0702004 0.0319492 0.012842 0.00488003 0.00166601 0.000514938 0.000144801 3.54773e-05 7.25596e-06 1.2129e-06 1.66346e-07
 1.29128e-11 1.40156e-09 8.96998e-08 3.38499e-06 7.53207e-05 0.000988261 0.00764699 0.0349201 0.0944457 0.154012 0.164217 0.14755 0.14341 0.123743 0.0754761 0.033473 0.0129505 0.00480692 0.00162475 0.000489373 0.000130369 3.01821e-05 5.97682e-06 9.78526e-07 1.27268e-07
 1.32862e-11 1.44209e-09 9.22937e-08 3.48288e-06 7.74987e-05 0.00101684 0.00786799 0.0359268 0.0971338 0.158116 0.1673 0.147126 0.139768 0.119688 0.0732286 0.0328734 0.0129061 0.00477822 0.0015757 0.000460243 0.000119589 2.68462e-05 5.07255e-06 7.8977e-07 9.86977e-08
 1.32725e-11 1.4406e-09 9.21981e-08 3.47927e-06 7.74184e-05 0.00101578 0.00785984 0.0358896 0.0970343 0.157962 0.167172 0.147101 0.139835 0.119779 0.0732962 0.032927 0.0129678 0.00483965 0.0016137 0.000472903 0.000121103 2.64488e-05 4.84313e-06 7.27104e-07 8.69265e-08
 1.36312e-11 1.47954e-09 9.46902e-08 3.57332e-06 7.9511e-05 0.00104324 0.00807221 0.0368577 0.099629 0.162004 0.170599 0.147972 0.138279 0.117156 0.0705553 0.0305175 0.0113322 0.00405015 0.00133152 0.000391099 0.000100904 2.20868e-05 3.99894e-06 5.85816e-07 6.77968e-08
 1.3531e-11 1.46866e-09 9.3994e-08 3.54704e-06 7.89264e-05 0.00103557 0.00801292 0.0365882 0.0989167 0.160976 0.170123 0.149056 0.140752 0.119292 0.070879 0.0294308 0.010124 0.00333388 0.00102323 0.000284137 7.10013e-05 1.54132e-05 2.79655e-06 4.09463e-07 4.68724e-08
 1.26899e-11 1.37737e-09 8.81514e-08 3.32656e-06 7.40205e-05 0.000971205 0.00751511 0.0343201 0.0928537 0.151663 0.162862 0.149145 0.147666 0.127681 0.076572 0.0322358 0.0112893 0.0037042 0.00108583 0.00027864 6.41108e-05 1.3036e-05 2.27066e-06 3.26749e-07 3.72388e-08
 1.19687e-11 1.29909e-09 8.31415e-08 3.1375e-06 6.98138e-05 0.000916013 0.00708822 0.0323747 0.0876467 0.143612 0.156324 0.148359 0.15227 0.133953 0.0817191 0.0357651 0.0133743 0.00465222 0.00140893 0.000364335 8.14828e-05 1.55207e-05 2.4937e-06 3.34616e-07 3.64178e-08
 1.2412e-11 1.34721e-09 8.6221e-08 3.25372e-06 7.23996e-05 0.000949938 0.0073506 0.03357 0.0908406 0.148506 0.160083 0.148125 0.148334 0.12931 0.0787346 0.0344944 0.0130004 0.00463302 0.00147105 0.000404063 9.47495e-05 1.83642e-05 2.894e-06 3.67787e-07 3.72326e-08
 1.31906e-11 1.43171e-09 9.16292e-08 3.4578e-06 7.69407e-05 0.00100952 0.00781142 0.0356699 0.0964596 0.157182 0.167065 0.148763 0.143041 0.122322 0.0732563 0.0309708 0.0110137 0.00375162 0.00117674 0.00032815 7.99477e-05 1.63276e-05 2.69757e-06 3.50598e-07 3.5066e-08
 1.35567e-11 1.47145e-09 9.41723e-08 3.55377e-06 7.90762e-05 0.00103753 0.00802812 0.0366575 0.0991028 0.161269 0.170384 0.149164 0.140715 0.119174 0.0707101 0.0292375 0.00995065 0.00320999 0.000951587 0.000251588 5.95001e-05 1.2194e-05 2.07678e-06 2.82189e-07 2.94256e-08
 1.35663e-11 1.47249e-09 9.42394e-08 3.5563e-06 7.91325e-05 0.00103827 0.00803384 0.0366837 0.0991743 0.161391 0.170539 0.149361 0.140943 0.119299 0.0706035 0.0289662 0.00969012 0.00304593 0.000870348 0.000218372 4.8604e-05 9.42495e-06 1.55001e-06 2.09587e-07 2.23343e-08
 1.40024e-11 1.51983e-09 9.7269e-08 3.67063e-06 8.16764e-05 0.00107165 0.00829196 0.0378594 0.102314 0.166182 0.174127 0.148828 0.136622 0.114486 0.067918 0.0282524 0.00969412 0.00310704 0.00088679 0.00021805 4.68257e-05 8.63676e-06 1.33878e-06 1.71356e-07 1.76124e-08
 1.43872e-11 1.5616e-09 9.9942e-08 3.7715e-06 8.39209e-05 0.00110109 0.00851973 0.0388975 0.105094 0.170497 0.177707 0.1495 0.134546 0.111375 0.0650225 0.0259776 0.00827273 0.00248461 0.000697282 0.000173387 3.75103e-05 6.83611e-06 1.02626e-06 1.25238e-07 1.21772e-08
 1.43829e-11 1.56113e-09 9.99119e-08 3.77037e-06 8.38956e-05 0.00110076 0.00851718 0.0388862 0.105068 0.170491 0.177869 0.15005 0.135424 0.111995 0.0648606 0.0252555 0.00758775 0.00210433 0.000545543 0.000125934 2.59676e-05 4.67331e-06 7.02228e-07 8.49405e-08 8.03826e-09
 1.53631e-11 1.66751e-09 1.06721e-07 4.02731e-06 8.96128e-05 0.00117577 0.00909729 0.0415289 0.112127 0.181293 0.186087 0.149279 0.126361 0.101604 0.0586336 0.0230404 0.00706131 0.00198197 0.000502245 0.000108953 2.06527e-05 3.42696e-06 4.85047e-07 5.69167e-08 5.3264e-09
 1.46469e-11 1.58978e-09 1.01745e-07 3.83956e-06 8.54352e-05 0.00112096 0.00867341 0.0395982 0.106974 0.173442 0.18028 0.150386 0.133811 0.109745 0.0629499 0.023892 0.00676918 0.00173655 0.00042191 9.1114e-05 1.71004e-05 2.71861e-06 3.57658e-07 3.87019e-08 3.39071e-09
 1.45214e-11 1.57616e-09 1.00874e-07 3.80667e-06 8.47034e-05 0.00111136 0.00859914 0.0392594 0.106062 0.171988 0.178891 0.149557 0.133565 0.110171 0.0642089 0.0255411 0.00798865 0.00226787 0.00056239 0.000115135 2.02001e-05 3.09016e-06 3.97994e-07 4.15828e-08 3.43037e-09
 1.46532e-11 1.59046e-09 1.01789e-07 3.84121e-06 8.5472e-05 0.00112144 0.00867715 0.0396153 0.107021 0.173518 0.180367 0.150475 0.133895 0.109767 0.0628596 0.0237369 0.00665061 0.00168774 0.00041101 8.96145e-05 1.6723e-05 2.56091e-06 3.15023e-07 3.13039e-08 2.48824e-09
 1.43159e-11 1.55385e-09 9.94461e-08 3.75279e-06 8.35045e-05 0.00109563 0.00847751 0.0387057 0.104589 0.16978 0.177436 0.15046 0.136593 0.11309 0.0651816 0.024946 0.00717475 0.001848 0.000432168 8.61905e-05 1.49788e-05 2.2918e-06 2.93759e-07 2.98874e-08 2.33495e-09
 1.4461e-11 1.5696e-09 1.00454e-07 3.79083e-06 8.43509e-05 0.00110674 0.00856337 0.0390965 0.105628 0.171332 0.178433 0.149739 0.134328 0.110942 0.0645246 0.0254793 0.00785572 0.00220293 0.000546122 0.000112182 1.93588e-05 2.81068e-06 3.37152e-07 3.31845e-08 2.61545e-09
#obs catch len freq
 9.7644e-12 1.05983e-09 6.78292e-08 2.55967e-06 5.69564e-05 0.000747324 0.00578324 0.0264217 0.0716168 0.117941 0.130727 0.129231 0.139713 0.135617 0.105097 0.0694549 0.0396549 0.0184821 0.00687655 0.0020268 0.000460336 7.7709e-05 9.41867e-06 7.93516e-07 4.51455e-08
 1.00196e-11 1.08753e-09 6.96021e-08 2.62657e-06 5.84451e-05 0.000766861 0.00593453 0.0271145 0.0735074 0.12109 0.134074 0.13142 0.13983 0.133929 0.102711 0.0669388 0.0374153 0.0169609 0.00609253 0.00171844 0.000370344 5.88834e-05 6.68064e-06 5.2424e-07 2.76699e-08
 7.12647e-12 7.73512e-10 4.95047e-08 1.86816e-06 4.15699e-05 0.000545474 0.00422249 0.0193187 0.0527092 0.0893421 0.109703 0.131607 0.161311 0.160128 0.122398 0.0784354 0.0427558 0.0187972 0.00650792 0.00175585 0.000359159 5.37966e-05 5.71173e-06 4.17194e-07 2.04131e-08
 1.75019e-11 1.89966e-09 1.21578e-07 4.58799e-06 0.000102088 0.00133944 0.0103631 0.0472919 0.127456 0.204081 0.19959 0.133859 0.0843876 0.0647379 0.0525384 0.0380792 0.0220971 0.0097469 0.00328459 0.000849753 0.000165121 2.33206e-05 2.31949e-06 1.57841e-07 7.16374e-09
 7.47683e-12 8.1154e-10 5.19385e-08 1.96001e-06 4.36144e-05 0.000572341 0.00443178 0.0203022 0.0556921 0.0963777 0.125394 0.160546 0.193443 0.170109 0.100563 0.0442597 0.0178606 0.00713398 0.00247066 0.00065404 0.000125164 1.69128e-05 1.58397e-06 1.00638e-07 4.24248e-09
 1.32422e-11 1.43732e-09 9.19881e-08 3.47135e-06 7.72424e-05 0.00101348 0.00784229 0.0358107 0.0967852 0.156911 0.161678 0.129049 0.110458 0.104368 0.089872 0.0618845 0.0306465 0.0104361 0.00256503 0.000505344 8.31532e-05 1.06141e-05 9.58863e-07 5.81436e-08 2.30612e-09
 1.11847e-11 1.21399e-09 7.76955e-08 2.932e-06 6.52422e-05 0.000856088 0.00662633 0.030298 0.0823596 0.136831 0.154272 0.151396 0.150443 0.126866 0.0816247 0.0441033 0.0217682 0.00902906 0.00277373 0.000589782 8.58186e-05 8.75687e-06 6.43737e-07 3.38777e-08 1.22675e-09
 1.58511e-11 1.72048e-09 1.10111e-07 4.15525e-06 9.24602e-05 0.00121316 0.00938742 0.0428657 0.115824 0.187416 0.190834 0.144392 0.108122 0.0843939 0.0585952 0.0338834 0.0155889 0.00550253 0.00150706 0.000320938 5.03807e-05 5.44968e-06 3.9031e-07 1.82939e-08 5.62442e-10
 1.29078e-11 1.40102e-09 8.96652e-08 3.38371e-06 7.52936e-05 0.000987985 0.00764726 0.0349632 0.0949699 0.157021 0.172924 0.158569 0.144123 0.112857 0.0666372 0.0311442 0.0124964 0.00421404 0.00111282 0.000219464 3.14906e-05 3.21355e-06 2.26288e-07 1.06141e-08 3.21661e-10
 1.3801e-11 1.49797e-09 9.58702e-08 3.61786e-06 8.05037e-05 0.00105633 0.0081757 0.0373657 0.101322 0.166241 0.177739 0.151752 0.129527 0.103591 0.06774 0.0354349 0.0144278 0.00437044 0.000981454 0.000167145 2.14832e-05 2.00263e-06 1.29564e-07 5.6316e-09 1.60591e-10
 1.38797e-11 1.50651e-09 9.64168e-08 3.63849e-06 8.09632e-05 0.00106239 0.00822315 0.0375927 0.102034 0.167918 0.180965 0.156075 0.132056 0.101661 0.0628991 0.0314961 0.0128116 0.0040207 0.000928209 0.00015361 1.79405e-05 1.46419e-06 8.27456e-08 3.18758e-09 8.18228e-11
 1.25541e-11 1.36263e-09 8.72083e-08 3.291e-06 7.32319e-05 0.000960991 0.00743991 0.03404 0.0926791 0.154256 0.172226 0.159552 0.143777 0.112936 0.0696192 0.0341113 0.0133089 0.00397467 0.000882129 0.000142878 1.64418e-05 1.30195e-06 6.91425e-08 2.42154e-09 5.53059e-11
 1.39788e-11 1.51727e-09 9.71051e-08 3.66448e-06 8.15422e-05 0.00107002 0.00828305 0.0378782 0.102895 0.169625 0.18295 0.156341 0.129693 0.0995303 0.0628356 0.0317683 0.0124869 0.00365026 0.000776534 0.00011915 1.29647e-05 9.75525e-07 4.94747e-08 1.6532e-09 3.57079e-11
 1.3432e-11 1.45792e-09 9.33067e-08 3.52115e-06 7.83541e-05 0.00102824 0.00796124 0.0364329 0.0992217 0.16498 0.182358 0.162746 0.138054 0.102816 0.0608133 0.0287433 0.0108538 0.00313466 0.000663965 0.000100234 1.05214e-05 7.51194e-07 3.58137e-08 1.12162e-09 2.272e-11
 1.13142e-11 1.22805e-09 7.85958e-08 2.96603e-06 6.60036e-05 0.000866275 0.00671038 0.0307612 0.0842898 0.143098 0.167849 0.166802 0.155191 0.120723 0.072785 0.0342524 0.0124499 0.00337721 0.000669451 9.56534e-05 9.62254e-06 6.61158e-07 3.01924e-08 8.97524e-10 1.71018e-11
 9.21688e-12 1.00041e-09 6.40267e-08 2.41626e-06 5.37719e-05 0.000705859 0.00547106 0.0251331 0.0693703 0.120551 0.150241 0.164401 0.166411 0.138897 0.0904293 0.0455066 0.0171329 0.00465838 0.000900322 0.000122538 1.15673e-05 7.4244e-07 3.17553e-08 8.8805e-10 1.5958e-11
 1.22252e-11 1.32694e-09 8.49243e-08 3.20485e-06 7.13181e-05 0.00093601 0.00724966 0.0332111 0.0907134 0.151955 0.170506 0.155649 0.137591 0.11259 0.0767287 0.0409266 0.0162169 0.00459984 0.000914615 0.000125245 1.15925e-05 7.13089e-07 2.87438e-08 7.49854e-10 1.25125e-11
 1.18146e-11 1.28237e-09 8.20724e-08 3.09727e-06 6.89273e-05 0.000904774 0.00701142 0.0321758 0.0883842 0.150604 0.176122 0.169631 0.149148 0.111025 0.0662522 0.0320122 0.0122819 0.00353756 0.000725917 0.000102158 9.59142e-06 5.88809e-07 2.32815e-08 5.85944e-10 9.29644e-12
 1.25408e-11 1.36119e-09 8.71173e-08 3.28767e-06 7.31645e-05 0.000960391 0.00744205 0.0341413 0.0936406 0.158558 0.181711 0.168347 0.143422 0.1062 0.0630183 0.0290841 0.0101817 0.00264335 0.000500439 6.73255e-05 6.20443e-06 3.78024e-07 1.4827e-08 3.67665e-10 5.69399e-12
 1.1851e-11 1.28632e-09 8.23256e-08 3.10689e-06 6.91453e-05 0.000907788 0.0070382 0.0323422 0.0891485 0.153058 0.180959 0.174676 0.150993 0.109218 0.0621613 0.0274837 0.00922193 0.00226801 0.000398207 4.89313e-05 4.1219e-06 2.32668e-07 8.59906e-09 2.03692e-10 3.03766e-12
 1.22488e-11 1.3295e-09 8.50894e-08 3.21121e-06 7.14681e-05 0.000938315 0.00727529 0.0334318 0.0921022 0.157616 0.184162 0.173584 0.147026 0.106026 0.0604808 0.0263858 0.00853626 0.00199043 0.000328102 3.75489e-05 2.92012e-06 1.50998e-07 5.09419e-09 1.10356e-10 1.51426e-12
 1.30228e-11 1.41351e-09 9.04664e-08 3.41416e-06 7.59861e-05 0.000997668 0.00773593 0.0355486 0.0978764 0.166902 0.192314 0.17516 0.141356 0.0973046 0.0533035 0.0224791 0.00706422 0.00159667 0.000252539 2.7353e-05 1.98868e-06 9.52763e-08 2.95918e-09 5.87441e-11 7.36324e-13
 1.23093e-11 1.33608e-09 8.55114e-08 3.22726e-06 7.18326e-05 0.000943371 0.00732025 0.0337083 0.093342 0.16151 0.191795 0.181417 0.14855 0.100141 0.0524747 0.0209452 0.00622239 0.00133347 0.000200491 2.06386e-05 1.42089e-06 6.40593e-08 1.85876e-09 3.42397e-11 3.96049e-13
 1.30628e-11 1.41786e-09 9.07458e-08 3.42482e-06 7.62304e-05 0.00100112 0.00776767 0.0357504 0.0987827 0.169598 0.197053 0.179285 0.141729 0.0941435 0.0489632 0.0191336 0.00544389 0.00109819 0.000154085 1.47731e-05 9.48538e-07 3.99472e-08 1.08323e-09 1.86271e-11 2.00668e-13
 1.23348e-11 1.33885e-09 8.56905e-08 3.23418e-06 7.19962e-05 0.000945848 0.00734589 0.0338976 0.0943039 0.164572 0.197274 0.185945 0.14826 0.0958799 0.0477099 0.0178303 0.0048758 0.000945021 0.000126353 1.14076e-05 6.82668e-07 2.6631e-08 6.67303e-10 1.06025e-11 1.05624e-13
 1.24855e-11 1.35522e-09 8.67388e-08 3.27382e-06 7.28825e-05 0.000957609 0.00743911 0.034343 0.0955893 0.166718 0.198906 0.18552 0.14657 0.0945527 0.0467956 0.0171074 0.00448714 0.000823674 0.000103782 8.81623e-06 4.95434e-07 1.80802e-08 4.21729e-10 6.20777e-12 5.7083e-14
 1.10977e-11 1.20459e-09 7.7101e-08 2.91033e-06 6.48071e-05 0.000852088 0.00663134 0.0307586 0.0866366 0.155302 0.194913 0.193023 0.15774 0.101673 0.0493818 0.0176201 0.00449782 0.000798522 9.63236e-05 7.7476e-06 4.08643e-07 1.39213e-08 3.02233e-10 4.13314e-12 3.52511e-14
 1.11967e-11 1.21535e-09 7.77904e-08 2.93644e-06 6.53928e-05 0.000859894 0.00669339 0.0310508 0.0874104 0.156189 0.194402 0.190712 0.156236 0.1024 0.0505462 0.0180408 0.00451818 0.000775979 8.97878e-05 6.8862e-06 3.44351e-07 1.10554e-08 2.24883e-10 2.86719e-12 2.27127e-14
#spawning biomass
 15985.5 15617.5 14909.6 20121.8 23357 23411.2 27855.7 41295.7 60323.4 81364.7 114112 138297 153201 166533 166408 146493 130480 127844 132115 145824 149526 148017 164247 178060 198021 171288 162919 175836 193594 138545 35127.4 14878.2 11541.1 11046 10977.5 10968.4 10967.3 10967.1 10967.1 10967.1 10967.1 10967.1 10967.1 10967.1 10967.1 10967.1 10967.1 10967.1 10967.1 10967.1 10967.1 10967.1 10967.1 10967.1 10967.1 10967.1 10967.1 10967.1 10967.1 10967.1 10967.1 10967.1 10967.1 10967.1 10967.1 10967.1 10967.1 10967.1 10967.1 10967.1 10967.1 10967.1 10967.1 10967.1 10967.1 10967.1 10967.1 10967.1 10967.1 10967.1 10967.1 10967.1 10967.1 10967.1 10967.1 10967.1 10967.1 10967.1 10967.1 10967.1 10967.1 10967.1 10967.1 10967.1 10967.1 10967.1 10967.1 10967.1 10967.1 10967.1 10967.1 10967.1 10967.1 10967.1 10967.1 10967.1 10967.1 10967.1 10967.1 10967.1 10967.1 10967.1 10967.1 10967.1 10967.1 10967.1 10967.1 10967.1 10967.1 10967.1 10967.1 10967.1 10967.1 10967.1 10967.1 10967.1 10967.1 10967.1 0 0 0 0 0 0 0 0 0 0 0 0 0 0 0 0 0 0 0 0 0 0 0 0 0
