SBPRF35
0.178135
Curr Bio
146611
B35
187903
F35
0.885274
FOFL
0.657149
OFL
35759.6
Bzero
50895.7
#pred survey bio
 5213.53 5341.54 8501.29 14497.7 27006 35520.4 29488.5 35190.2 59498.8 77959.8 90836.7 117919 167536 197478 182198 167737 165613 156314 146378 151631 146722 164487 175899 175947 180893 185350 166275 172636 5.878e+06 3.50691e+06 2.1836e+06 1.24117e+06 814785 635040 555385 516531 495708 483779 476683 472384 469760 468156 467170 466559 466194 465974 465842 465763 465715 465686 465669 465658 465652 465648 465645 465644 465643 465643 465642 465642 465642 465642 465642 465642 465642 465642 465642 465642 465642 465642 465642 465642 465642 465642 465642 465642 465642 465642 465642 465642 465642 465642 465642 465642 465642 465642 465642 465642 465642 465642 465642 465642 465642 465642 465642 465642 465642 465642 465642 465642 465642 465642 465642 465642 465642 465642 465642 465642 465642 465642 465642 465642 465642 465642 465642 465642 465642 465642 465642 465642 465642 465642 465642 465642 465642 465642 465642 465642 0 0 0 0 0 0 0 0 0 0 0 0 0 0 0 0 0 0 0 0 0 0 0 0 0
#obs survey bio
 4484.01 4540 7849.69 12695.7 28641.4 25670.5 19260.9 31835.9 51594.9 53291.9 51292 85525.6 184720 115731 100049 160396 133535 117911 117543 105839 143758 118941 174988 136552 129188 176765 148754 125918
#pred catch bio
 2413.77 2197.23 3262.61 5157.06 8992.95 17685.9 14916.9 13582 26604.7 37806.5 44098.3 57737.7 84377.6 112393 103245 91511.3 94007.2 93098.7 82765.6 91184.9 80904.7 95498.4 106948 105443 106700 116947 95682.8 104864 35759.6 62625.6 39578.6 18978.6 10647.5 7885.91 7045.62 6803.02 6735.48 6717.17 6712.3 6711.03 6710.7 6710.61 6710.59 6710.58 6710.58 6710.58 6710.58 6710.58 6710.58 6710.58 6710.58 6710.58 6710.58 6710.58 6710.58 6710.58 6710.58 6710.58 6710.58 6710.58 6710.58 6710.58 6710.58 6710.58 6710.58 6710.58 6710.58 6710.58 6710.58 6710.58 6710.58 6710.58 6710.58 6710.58 6710.58 6710.58 6710.58 6710.58 6710.58 6710.58 6710.58 6710.58 6710.58 6710.58 6710.58 6710.58 6710.58 6710.58 6710.58 6710.58 6710.58 6710.58 6710.58 6710.58 6710.58 6710.58 6710.58 6710.58 6710.58 6710.58 6710.58 6710.58 6710.58 6710.58 6710.58 6710.58 6710.58 6710.58 6710.58 6710.58 6710.58 6710.58 6710.58 6710.58 6710.58 6710.58 6710.58 6710.58 6710.58 6710.58 6710.58 6710.58 6710.58 6710.58 6710.58 6710.58 6710.58 6710.58 0 0 0 0 0 0 0 0 0 0 0 0 0 0 0 0 0 0 0 0 0 0 0 0 0
#obs catch bio
 2249.19 2235.94 3235.4 4949.19 8173.22 16008.1 16192.8 13097.9 23932.2 34535.8 43985 57515.7 80071.5 112136 116691 88626.9 91718.9 89484.9 80371.5 89214.3 72644.6 89067.7 96347.2 98826.1 95721.2 104914 84204.4 101773
#pred cpue bio
 3606.71 2965.25 4166.35 7128.37 13093.5 20836 17997.2 17636.6 29276.5 40651.6 47803.7 58933.7 80368.7 101688 96088.9 88681.7 87215.6 81597.2 73688.2 76321.2 72427.3 81482.3 85643.3 85060.2 87500.3 90971.2 81407.5 85792.1 2.87262e+06 2.67167e+06 1.9696e+06 1.09559e+06 673543 494057 414418 375566 354742 342813 335717 331418 328795 327190 326204 325594 325228 325009 324877 324797 324749 324720 324703 324692 324686 324682 324680 324678 324678 324677 324677 324677 324676 324676 324676 324676 324676 324676 324676 324676 324676 324676 324676 324676 324676 324676 324676 324676 324676 324676 324676 324676 324676 324676 324676 324676 324676 324676 324676 324676 324676 324676 324676 324676 324676 324676 324676 324676 324676 324676 324676 324676 324676 324676 324676 324676 324676 324676 324676 324676 324676 324676 324676 324676 324676 324676 324676 324676 324676 324676 324676 324676 324676 324676 324676 324676 324676 324676 324676 324676 0 0 0 0 0 0 0 0 0 0 0 0 0 0 0 0 0 0 0 0 0 0 0 0 0
#obs cpue bio
 2379.07 3353.52 4585.8 11815.1 21444.5 32433.9 16039.1 28462.4 64279 72641.6 64344.3 91596 101658 146065 85158.1 151297 115149 132769 97441.9 123949 128388 136174 143124 129162 198979 151056 148219 123498
#pred surv len freq
 1.4996e-11 1.62767e-09 1.0417e-07 3.93107e-06 8.74712e-05 0.00114766 0.00887942 0.0405255 0.109296 0.175734 0.175805 0.129493 0.0977034 0.0787275 0.0556746 0.0365485 0.0247508 0.0171267 0.0122454 0.00922465 0.00744551 0.00650903 0.00581464 0.00456627 0.00269133
 1.7429e-11 1.89175e-09 1.21072e-07 4.56887e-06 0.000101663 0.00133386 0.0103198 0.047094 0.126938 0.203509 0.200794 0.140398 0.0958666 0.0708854 0.0454622 0.0251943 0.0136728 0.00732213 0.00397058 0.00234288 0.00155042 0.00116104 0.000942357 0.00071446 0.000422269
 1.87309e-11 2.03306e-09 1.30116e-07 4.91015e-06 0.000109257 0.00143349 0.0110905 0.0506069 0.136353 0.218168 0.213192 0.143495 0.0903515 0.062317 0.0377076 0.0189805 0.00899133 0.00404144 0.00169026 0.000708618 0.000327245 0.000180957 0.00012032 8.28313e-05 4.7383e-05
 1.83004e-11 1.98633e-09 1.27125e-07 4.7973e-06 0.000106746 0.00140054 0.0108357 0.0494467 0.133261 0.213489 0.209895 0.144703 0.0957044 0.0679678 0.0405084 0.0191882 0.00828874 0.00336127 0.00121755 0.000406172 0.000132097 4.61063e-05 2.00672e-05 1.08097e-05 5.59631e-06
 1.87017e-11 2.02989e-09 1.29913e-07 4.90249e-06 0.000109086 0.00143125 0.0110732 0.0505284 0.136147 0.217876 0.213091 0.143924 0.0912994 0.063295 0.0382579 0.0190367 0.00867542 0.0035398 0.00121516 0.000363422 9.8498e-05 2.48003e-05 6.39562e-06 2.02623e-06 7.81809e-07
 1.4287e-11 1.55071e-09 9.92453e-08 3.74521e-06 8.33358e-05 0.00109341 0.00846021 0.0386234 0.104321 0.168979 0.174905 0.14417 0.127173 0.106732 0.0674844 0.0333925 0.0151031 0.00628686 0.00225727 0.000697072 0.000183653 4.09469e-05 7.9716e-06 1.48252e-06 3.12588e-07
 1.42664e-11 1.54848e-09 9.91025e-08 3.73982e-06 8.32159e-05 0.00109184 0.00844788 0.0385643 0.104122 0.168341 0.172781 0.138813 0.119172 0.101516 0.0698937 0.0409883 0.0217974 0.00962187 0.00339836 0.00102159 0.000269066 6.02675e-05 1.11471e-05 1.69692e-06 2.24154e-07
 1.87787e-11 2.03825e-09 1.30448e-07 4.9227e-06 0.000109536 0.00143715 0.0111187 0.0507344 0.136678 0.21853 0.212812 0.141304 0.0866074 0.0595511 0.0381795 0.0218668 0.0118877 0.00574655 0.00234768 0.000801444 0.000222228 4.97553e-05 9.11347e-06 1.35276e-06 1.59268e-07
 1.83016e-11 1.98647e-09 1.27134e-07 4.79762e-06 0.000106753 0.00140064 0.0108364 0.0494502 0.133271 0.21351 0.209939 0.144788 0.0957933 0.0679073 0.0401941 0.0188213 0.00819759 0.00355988 0.00145856 0.000538711 0.000169429 4.29916e-05 8.50803e-06 1.29362e-06 1.50561e-07
 1.70215e-11 1.84752e-09 1.18241e-07 4.46206e-06 9.92864e-05 0.00130268 0.0100788 0.0459984 0.124045 0.199352 0.198961 0.145131 0.10667 0.0810437 0.0490893 0.0230855 0.00969692 0.00370969 0.00122289 0.000367346 0.000106318 2.80458e-05 6.13993e-06 1.03903e-06 1.30368e-07
 1.70585e-11 1.85154e-09 1.18498e-07 4.47175e-06 9.9502e-05 0.00130551 0.0101006 0.0460973 0.124301 0.19968 0.198895 0.144065 0.10475 0.0796123 0.0493164 0.0244952 0.0110043 0.00435952 0.00141256 0.000384477 9.21103e-05 1.98725e-05 3.90667e-06 6.6701e-07 9.02258e-08
 1.81055e-11 1.96518e-09 1.25771e-07 4.74621e-06 0.000105609 0.00138563 0.0107203 0.0489208 0.13185 0.211285 0.207994 0.144122 0.0963974 0.0693427 0.0421694 0.0207829 0.00935491 0.00379422 0.00129028 0.000369696 8.92184e-05 1.78014e-05 2.97053e-06 4.24882e-07 5.18683e-08
 1.85883e-11 2.01758e-09 1.29125e-07 4.87278e-06 0.000108425 0.00142258 0.0110061 0.0502236 0.135341 0.216718 0.212574 0.145207 0.0941739 0.0657331 0.0385309 0.0176712 0.00725483 0.00276846 0.000917378 0.000262933 6.51447e-05 1.34659e-05 2.25453e-06 3.00773e-07 3.19367e-08
 1.70108e-11 1.84636e-09 1.18167e-07 4.45924e-06 9.92237e-05 0.00130186 0.0100724 0.0459702 0.123978 0.199319 0.199278 0.146262 0.108492 0.0823415 0.0487815 0.021633 0.00832639 0.00294773 0.000893444 0.000232033 5.35303e-05 1.07793e-05 1.82e-06 2.47276e-07 2.60512e-08
 1.66394e-11 1.80605e-09 1.15587e-07 4.36189e-06 9.70576e-05 0.00127344 0.00985262 0.0449683 0.121294 0.195153 0.195817 0.145598 0.110479 0.0853609 0.0516474 0.0239102 0.00971782 0.00350314 0.00102071 0.00024214 4.96691e-05 8.90306e-06 1.37283e-06 1.77859e-07 1.85497e-08
 1.67072e-11 1.8134e-09 1.16057e-07 4.37965e-06 9.74527e-05 0.00127862 0.0098927 0.0451506 0.121778 0.195865 0.196222 0.145095 0.109159 0.0841548 0.0513431 0.0243354 0.0102546 0.00383959 0.00116853 0.000289455 5.98224e-05 1.01613e-05 1.41274e-06 1.62675e-07 1.53972e-08
 1.68794e-11 1.8321e-09 1.17254e-07 4.42481e-06 9.84574e-05 0.0012918 0.00999465 0.0456149 0.123017 0.197748 0.197592 0.144755 0.107248 0.0820895 0.0502699 0.0241743 0.0104201 0.00400372 0.00126265 0.000328845 7.18533e-05 1.28032e-05 1.8165e-06 2.02973e-07 1.77139e-08
 1.69325e-11 1.83786e-09 1.17623e-07 4.43872e-06 9.8767e-05 0.00129587 0.0100261 0.0457584 0.123405 0.198383 0.198273 0.145363 0.107747 0.0821818 0.0496513 0.0231331 0.0095769 0.00359398 0.00112926 0.00029732 6.66335e-05 1.23619e-05 1.84366e-06 2.15626e-07 1.92486e-08
 1.75686e-11 1.90691e-09 1.22042e-07 4.60548e-06 0.000102478 0.00134455 0.0104026 0.0474742 0.127995 0.205463 0.203937 0.145773 0.10326 0.0763837 0.0452717 0.0204558 0.00809186 0.00290047 0.000867158 0.000216161 4.65897e-05 8.55234e-06 1.29386e-06 1.5632e-07 1.45594e-08
 1.75324e-11 1.90297e-09 1.2179e-07 4.59596e-06 0.000102266 0.00134177 0.0103811 0.0473764 0.127735 0.205073 0.20368 0.145932 0.103797 0.0769121 0.0454706 0.0203761 0.00794853 0.0028035 0.000819808 0.00019729 4.05553e-05 7.06842e-06 1.02403e-06 1.21161e-07 1.13404e-08
 1.78049e-11 1.93255e-09 1.23683e-07 4.66742e-06 0.000103856 0.00136263 0.0105425 0.0481118 0.129704 0.208124 0.206192 0.146342 0.102229 0.074658 0.0434819 0.0188883 0.00702133 0.00237239 0.000669504 0.000154761 3.04281e-05 5.06189e-06 6.96198e-07 7.80209e-08 6.97607e-09
 1.78421e-11 1.93658e-09 1.23941e-07 4.67715e-06 0.000104072 0.00136547 0.0105644 0.0482116 0.129967 0.2085 0.206345 0.145875 0.101221 0.0738313 0.0434505 0.0194372 0.00754717 0.00262433 0.000743247 0.000169429 3.25016e-05 5.23461e-06 6.91736e-07 7.40125e-08 6.29033e-09
 1.80798e-11 1.96239e-09 1.25593e-07 4.73948e-06 0.000105459 0.00138367 0.0107052 0.0488531 0.131685 0.211161 0.208534 0.146226 0.0998389 0.0718381 0.0416776 0.0181124 0.00675008 0.00228978 0.000649303 0.000150269 2.91416e-05 4.66778e-06 6.0357e-07 6.2484e-08 5.10034e-09
 1.80833e-11 1.96277e-09 1.25617e-07 4.74039e-06 0.00010548 0.00138393 0.0107073 0.0488628 0.131715 0.21124 0.208757 0.146758 0.100624 0.0723518 0.0414482 0.0173686 0.00607717 0.00193666 0.000520032 0.000113667 2.10611e-05 3.31221e-06 4.27627e-07 4.40945e-08 3.54093e-09
 1.80948e-11 1.96402e-09 1.25697e-07 4.74341e-06 0.000105547 0.00138481 0.0107141 0.0488937 0.131797 0.211359 0.208816 0.146647 0.100365 0.0721393 0.0414429 0.0175078 0.00619623 0.00197624 0.000519016 0.000108029 1.87313e-05 2.75616e-06 3.36666e-07 3.35043e-08 2.64824e-09
 1.78371e-11 1.93605e-09 1.23907e-07 4.67586e-06 0.000104044 0.00136509 0.0105615 0.0481988 0.129939 0.208504 0.206581 0.146643 0.102432 0.0746645 0.0431754 0.0183894 0.00659468 0.0021323 0.000567215 0.000119507 2.07386e-05 2.97648e-06 3.45235e-07 3.21849e-08 2.39361e-09
 1.78043e-11 1.93249e-09 1.23679e-07 4.66726e-06 0.000103852 0.00136258 0.0105421 0.0481106 0.129706 0.208167 0.206423 0.146993 0.103229 0.0753379 0.0432417 0.018003 0.00620722 0.00193785 0.000504697 0.00010472 1.79763e-05 2.56891e-06 2.96543e-07 2.71338e-08 1.93828e-09
 1.76927e-11 1.92037e-09 1.22903e-07 4.63799e-06 0.000103201 0.00135404 0.010476 0.047809 0.128894 0.206873 0.205186 0.146251 0.103001 0.0756993 0.0443364 0.0194526 0.00730132 0.00243959 0.000654451 0.000137052 2.35602e-05 3.35908e-06 3.86411e-07 3.52626e-08 2.5084e-09
#obs surv len freq
 1.28813e-11 1.39814e-09 8.94811e-08 3.37674e-06 7.5137e-05 0.000985851 0.00762823 0.034831 0.0941449 0.152955 0.160104 0.135879 0.124859 0.111797 0.0817768 0.0505714 0.0270665 0.0118333 0.00409703 0.0011168 0.000234164 3.64882e-05 4.08918e-06 3.19685e-07 1.69557e-08
 1.83848e-11 1.9955e-09 1.27712e-07 4.81944e-06 0.000107239 0.00140701 0.0108858 0.0496753 0.133865 0.214283 0.209531 0.14069 0.0878466 0.0622006 0.0423672 0.0255576 0.0133737 0.00568881 0.00190381 0.00049739 9.91176e-05 1.45706e-05 1.5308e-06 1.11606e-07 5.49662e-09
 1.56162e-11 1.69499e-09 1.08479e-07 4.09368e-06 9.10898e-05 0.00119516 0.00924765 0.0422208 0.114043 0.184566 0.189353 0.14935 0.120512 0.0935742 0.0556315 0.0252304 0.00995202 0.00358642 0.00110815 0.000274678 5.19795e-05 7.21438e-06 7.1095e-07 4.8346e-08 2.21104e-09
 1.80817e-11 1.9626e-09 1.25606e-07 4.74e-06 0.000105471 0.00138383 0.0107068 0.0488657 0.131768 0.211505 0.209081 0.145312 0.0955561 0.0675336 0.0425085 0.0221383 0.00946767 0.00312162 0.000769016 0.000147561 2.29511e-05 2.81293e-06 2.54355e-07 1.60515e-08 6.81435e-10
 1.66367e-11 1.80576e-09 1.15568e-07 4.3612e-06 9.70426e-05 0.00127327 0.00985201 0.0449789 0.121461 0.196209 0.19917 0.150591 0.112435 0.0824885 0.0480399 0.021683 0.00824968 0.00264932 0.000670309 0.000127206 1.76644e-05 1.77797e-06 1.29909e-07 6.84937e-09 2.53723e-10
 7.24595e-12 7.8648e-10 5.03347e-08 1.89949e-06 4.22679e-05 0.000554683 0.00429538 0.0196827 0.0540406 0.0937314 0.12227 0.156216 0.188368 0.17013 0.10861 0.0529707 0.0208989 0.00642402 0.0014733 0.000253138 3.28028e-05 3.12471e-06 2.10326e-07 9.71689e-09 3.03376e-10
 1.59443e-11 1.7306e-09 1.10759e-07 4.17969e-06 9.30036e-05 0.00122026 0.00944155 0.0430967 0.116263 0.186884 0.185548 0.130935 0.0921765 0.0796904 0.0693512 0.0490763 0.0249655 0.00872292 0.00211645 0.000365716 4.53192e-05 3.98179e-06 2.44369e-07 1.03191e-08 2.94271e-10
 1.80169e-11 1.95557e-09 1.25156e-07 4.72302e-06 0.000105094 0.00137891 0.0106694 0.0487093 0.131489 0.211878 0.212012 0.151078 0.0997099 0.0657707 0.0368935 0.0176909 0.00807535 0.00328025 0.00100849 0.000213023 2.98388e-05 2.75229e-06 1.67513e-07 6.73169e-09 1.77862e-10
 1.59457e-11 1.73075e-09 1.10768e-07 4.18006e-06 9.30129e-05 0.00122044 0.00944457 0.0431425 0.116745 0.19001 0.197463 0.156719 0.120621 0.0862635 0.0480088 0.0204849 0.00712536 0.00205433 0.000489503 9.53794e-05 1.42021e-05 1.47355e-06 1.00088e-07 4.32315e-09 1.17466e-10
 1.467e-11 1.59229e-09 1.01906e-07 3.84565e-06 8.55722e-05 0.00112284 0.00869018 0.0397129 0.107639 0.176276 0.187111 0.156371 0.128305 0.0966916 0.0576755 0.0269706 0.00993878 0.00275525 0.000557013 8.3436e-05 9.52148e-06 8.25333e-07 5.2082e-08 2.25571e-09 6.3731e-11
 1.42445e-11 1.54611e-09 9.8951e-08 3.73413e-06 8.30911e-05 0.0010903 0.00843899 0.0385752 0.104653 0.17192 0.184107 0.156397 0.130083 0.0991227 0.060599 0.0294902 0.0113515 0.00328368 0.000686377 0.000102133 1.07035e-05 7.82118e-07 3.96898e-08 1.39541e-09 3.35985e-11
 1.67242e-11 1.81525e-09 1.16176e-07 4.38414e-06 9.75544e-05 0.00128004 0.00990619 0.0452535 0.122439 0.198855 0.203939 0.153981 0.109204 0.0759632 0.0453147 0.0220697 0.00855673 0.00250888 0.000536072 8.17799e-05 8.70957e-06 6.3166e-07 3.05815e-08 9.75439e-10 2.03266e-11
 1.52765e-11 1.65812e-09 1.0612e-07 4.00467e-06 8.91118e-05 0.00116933 0.0090514 0.0413835 0.112327 0.184589 0.196787 0.16261 0.126505 0.0878617 0.0477825 0.0203721 0.00705863 0.00194006 0.000402514 6.0669e-05 6.43027e-06 4.64992e-07 2.23751e-08 7.02609e-10 1.4178e-11
 1.29339e-11 1.40385e-09 8.98468e-08 3.39059e-06 7.54492e-05 0.000990143 0.00766703 0.0350999 0.0957316 0.160032 0.179867 0.165956 0.144823 0.10797 0.062028 0.0274903 0.00938118 0.00237987 0.000439525 5.90972e-05 5.73569e-06 3.90728e-07 1.80506e-08 5.4921e-10 1.07673e-11
 1.22537e-11 1.33003e-09 8.5122e-08 3.2123e-06 7.14827e-05 0.000938131 0.00726537 0.0332771 0.090896 0.152608 0.173327 0.162771 0.145494 0.11332 0.0700851 0.0337679 0.0122731 0.00322029 0.000596294 7.73184e-05 6.95625e-06 4.28572e-07 1.78305e-08 4.93551e-10 8.93686e-12
 1.36408e-11 1.48058e-09 9.47575e-08 3.57592e-06 7.95738e-05 0.00104429 0.00808652 0.0370177 0.100875 0.167757 0.184454 0.161139 0.133211 0.0998081 0.061426 0.0300547 0.0112678 0.00308878 0.000599273 8.04176e-05 7.30622e-06 4.41232e-07 1.7472e-08 4.49018e-10 7.42285e-12
 1.35262e-11 1.46815e-09 9.39617e-08 3.54591e-06 7.89077e-05 0.00103562 0.00802116 0.0367452 0.100361 0.168017 0.187682 0.167318 0.137686 0.0986215 0.0565106 0.0257255 0.00918135 0.00246416 0.000478064 6.49222e-05 5.99022e-06 3.65884e-07 1.44984e-08 3.67157e-10 5.87566e-12
 1.39348e-11 1.5125e-09 9.68004e-08 3.65305e-06 8.12926e-05 0.00106695 0.00826428 0.037863 0.103415 0.172938 0.191913 0.167803 0.134508 0.0946694 0.0534792 0.0236186 0.00797286 0.00199239 0.000360448 4.6304e-05 4.11311e-06 2.45185e-07 9.55299e-09 2.38339e-10 3.74945e-12
 1.42073e-11 1.54208e-09 9.86935e-08 3.72451e-06 8.28843e-05 0.00108789 0.0084277 0.0386264 0.105598 0.176896 0.196518 0.170576 0.133468 0.0905656 0.048988 0.0206421 0.00664165 0.00157531 0.000267749 3.19601e-05 2.62506e-06 1.4515e-07 5.2901e-09 1.24663e-10 1.86781e-12
 1.41884e-11 1.54002e-09 9.85624e-08 3.71959e-06 8.27767e-05 0.00108656 0.00841908 0.0386087 0.105707 0.177692 0.19856 0.17291 0.134141 0.0892858 0.0470155 0.0190883 0.00585335 0.00131253 0.000209712 2.34154e-05 1.78953e-06 9.15816e-08 3.07679e-09 6.67406e-11 9.21797e-13
 1.43631e-11 1.55899e-09 9.97768e-08 3.76545e-06 8.37991e-05 0.00110004 0.00852497 0.03911 0.107172 0.180393 0.201554 0.174166 0.13269 0.0864953 0.0445843 0.0176154 0.00520656 0.00111441 0.000168398 1.76342e-05 1.25564e-06 5.95884e-08 1.85003e-09 3.69831e-11 4.69684e-13
 1.47857e-11 1.60486e-09 1.02713e-07 3.87627e-06 8.62672e-05 0.0011325 0.0087775 0.0402777 0.1104 0.185714 0.206372 0.175085 0.129223 0.0814215 0.0405951 0.0154723 0.00439472 0.0009004 0.000129536 1.28239e-05 8.5694e-07 3.79179e-08 1.09194e-09 2.01679e-11 2.35986e-13
 1.45351e-11 1.57766e-09 1.00972e-07 3.81066e-06 8.48112e-05 0.00111354 0.00863382 0.0396593 0.108998 0.18454 0.207621 0.178549 0.13165 0.0811757 0.0390404 0.0142252 0.00384472 0.000747858 0.000101908 9.5256e-06 5.98773e-07 2.48237e-08 6.67049e-10 1.14511e-11 1.24099e-13
 1.45134e-11 1.57531e-09 1.00823e-07 3.80507e-06 8.46904e-05 0.00111208 0.00862502 0.039647 0.109138 0.185333 0.20929 0.179933 0.13151 0.0799686 0.037773 0.0133836 0.00346921 0.000639485 8.19166e-05 7.1648e-06 4.20433e-07 1.62493e-08 4.06563e-10 6.48937e-12 6.52832e-14
 1.44426e-11 1.56763e-09 1.00332e-07 3.78664e-06 8.4285e-05 0.00110692 0.00858828 0.0395146 0.109003 0.185879 0.211151 0.181929 0.131741 0.078586 0.0362172 0.0124565 0.00311618 0.000550758 6.71138e-05 5.53533e-06 3.03875e-07 1.09238e-08 2.53322e-10 3.74061e-12 3.47821e-14
 1.32021e-11 1.433e-09 9.1717e-08 3.4617e-06 7.70641e-05 0.00101251 0.00786473 0.0362955 0.100916 0.175413 0.207154 0.188351 0.141896 0.0854056 0.038853 0.0130164 0.00314269 0.000532531 6.18785e-05 4.84042e-06 2.5063e-07 8.451e-09 1.82874e-10 2.50847e-12 2.15899e-14
 1.33397e-11 1.44794e-09 9.26742e-08 3.4979e-06 7.78743e-05 0.00102327 0.00794999 0.0367006 0.102055 0.177142 0.207935 0.186907 0.139789 0.0846399 0.0389788 0.0131041 0.00311959 0.000512574 5.70509e-05 4.23903e-06 2.07247e-07 6.56887e-09 1.3313e-10 1.70481e-12 1.36579e-14
 1.34835e-11 1.46355e-09 9.36751e-08 3.53582e-06 7.8726e-05 0.00103469 0.00804273 0.0371674 0.103553 0.180213 0.211611 0.188431 0.137689 0.0808709 0.0361653 0.0118677 0.00277176 0.000447178 4.86221e-05 3.49574e-06 1.63595e-07 4.91641e-09 9.37901e-11 1.12472e-12 8.40758e-15
#pred catch len freq
 1.03267e-11 1.12087e-09 7.17355e-08 2.70708e-06 6.02361e-05 0.00079034 0.00611551 0.0279264 0.0755276 0.123142 0.131242 0.118092 0.116888 0.108489 0.0821371 0.0574563 0.0407228 0.0287913 0.0207816 0.0157157 0.0127013 0.0111078 0.00992368 0.00779324 0.0045933
 1.3333e-11 1.44717e-09 9.26187e-08 3.49514e-06 7.77715e-05 0.00102041 0.00789536 0.0360454 0.097367 0.157792 0.163695 0.135989 0.121839 0.105411 0.0722326 0.0424561 0.024241 0.0133385 0.00732762 0.00435011 0.00288506 0.0021618 0.00175486 0.0013305 0.000786371
 1.51013e-11 1.6391e-09 1.04902e-07 3.95869e-06 8.8086e-05 0.00115573 0.00894215 0.0408179 0.110169 0.177819 0.181093 0.14175 0.116833 0.0958617 0.0621418 0.0330601 0.0165123 0.00765297 0.00324856 0.0013729 0.000636396 0.000352359 0.00023436 0.000161347 9.22982e-05
 1.44097e-11 1.56404e-09 1.00098e-07 3.77739e-06 8.40519e-05 0.00110281 0.00853286 0.0389542 0.105203 0.170314 0.175849 0.143837 0.12567 0.105152 0.0667146 0.0333326 0.0152525 0.00641395 0.00236419 0.000796296 0.00026031 9.10638e-05 3.9666e-05 2.13709e-05 1.10643e-05
 1.48235e-11 1.60895e-09 1.02972e-07 3.88586e-06 8.64654e-05 0.00113447 0.00877772 0.0400691 0.108172 0.174786 0.178904 0.142373 0.12013 0.0997103 0.0647683 0.0342016 0.016499 0.00695578 0.00242596 0.000732618 0.000199715 5.04274e-05 1.30206e-05 4.12704e-06 1.59256e-06
 1.02969e-11 1.11763e-09 7.15281e-08 2.69925e-06 6.00622e-05 0.000788074 0.00609855 0.0278624 0.0755393 0.124649 0.139744 0.142605 0.156869 0.144169 0.0946291 0.0488518 0.0231341 0.00989927 0.00360062 0.00111978 0.00029616 6.61573e-05 1.28918e-05 2.39864e-06 5.05843e-07
 1.01898e-11 1.106e-09 7.07841e-08 2.67117e-06 5.94374e-05 0.000779871 0.00603491 0.0275678 0.0746887 0.122828 0.135805 0.134316 0.145096 0.136834 0.0988532 0.0608502 0.0336044 0.0151105 0.00538838 0.00163083 0.000431341 9.68125e-05 1.79227e-05 2.7295e-06 3.60622e-07
 1.50912e-11 1.638e-09 1.04832e-07 3.95603e-06 8.80268e-05 0.00115495 0.00893603 0.0407877 0.110058 0.177395 0.179526 0.137671 0.110658 0.0916765 0.0636699 0.0387637 0.0220765 0.0109225 0.00451318 0.0015506 0.000431428 9.67642e-05 1.77407e-05 2.63462e-06 3.10256e-07
 1.49092e-11 1.61825e-09 1.03568e-07 3.90832e-06 8.69652e-05 0.00114103 0.00882849 0.0403014 0.108807 0.175879 0.180326 0.144231 0.122199 0.100427 0.0627558 0.0306925 0.0140375 0.00629236 0.00261509 0.000972097 0.000306615 7.79001e-05 1.54253e-05 2.34603e-06 2.73086e-07
 1.34553e-11 1.46045e-09 9.34683e-08 3.52721e-06 7.8485e-05 0.00102977 0.007968 0.0363811 0.0983294 0.1598 0.167865 0.144646 0.134627 0.115526 0.0731565 0.0357812 0.0157002 0.00617665 0.00206383 0.000624912 0.00018169 4.80201e-05 1.05199e-05 1.78068e-06 2.23447e-07
 1.34712e-11 1.46217e-09 9.35787e-08 3.53137e-06 7.85777e-05 0.00103099 0.00797735 0.0364227 0.0984273 0.159842 0.167364 0.142886 0.131819 0.113605 0.0738335 0.0382622 0.0179302 0.00727942 0.00238604 0.000654046 0.000157403 3.40402e-05 6.69911e-06 1.14428e-06 1.54808e-07
 1.48723e-11 1.61424e-09 1.03311e-07 3.89865e-06 8.675e-05 0.00113821 0.00880663 0.0402012 0.108531 0.175389 0.179621 0.143184 0.120978 0.100071 0.0641398 0.0329498 0.0154484 0.00641725 0.00220683 0.000636344 0.000154136 3.08122e-05 5.14654e-06 7.36473e-07 8.99257e-08
 1.56568e-11 1.6994e-09 1.08761e-07 4.10431e-06 9.13261e-05 0.00119824 0.00927103 0.0423182 0.114206 0.18423 0.187129 0.14513 0.117642 0.0943947 0.0581634 0.0276499 0.0118084 0.00462557 0.00155173 0.000447643 0.000111308 2.30482e-05 3.86193e-06 5.15409e-07 5.47372e-08
 1.40134e-11 1.52102e-09 9.73454e-08 3.67351e-06 8.17405e-05 0.00107249 0.0082984 0.0378875 0.102372 0.166132 0.173406 0.146581 0.133104 0.112089 0.0687646 0.0313457 0.0124799 0.00452729 0.0013883 0.000362794 8.40081e-05 1.69479e-05 2.86385e-06 3.89236e-07 4.10132e-08
 1.35106e-11 1.46645e-09 9.38525e-08 3.5417e-06 7.88076e-05 0.00103401 0.00800075 0.0365308 0.0987361 0.160477 0.168651 0.145494 0.13551 0.115996 0.0727427 0.03471 0.0145985 0.00538137 0.00158424 0.000378066 7.78706e-05 1.39905e-05 2.15966e-06 2.79932e-07 2.92012e-08
 1.34399e-11 1.45877e-09 9.3361e-08 3.52316e-06 7.83949e-05 0.00102859 0.00795886 0.0363394 0.0982183 0.159631 0.167742 0.14468 0.134827 0.115817 0.0734632 0.0360108 0.0157401 0.00602997 0.00185466 0.000462217 9.59056e-05 1.6326e-05 2.27236e-06 2.61811e-07 2.47873e-08
 1.3793e-11 1.49709e-09 9.58138e-08 3.61572e-06 8.04544e-05 0.00105561 0.00816783 0.0372913 0.10076 0.16351 0.170644 0.144237 0.131299 0.111855 0.0711844 0.0353493 0.0157607 0.00618227 0.00196846 0.000515485 0.00011302 2.01748e-05 2.86492e-06 3.20268e-07 2.79569e-08
 1.40696e-11 1.52712e-09 9.77357e-08 3.68824e-06 8.20682e-05 0.00107679 0.00833162 0.0380381 0.102764 0.166652 0.173404 0.145232 0.130588 0.110143 0.0689019 0.0330061 0.014093 0.00539603 0.00171139 0.000452897 0.000101813 1.89184e-05 2.82362e-06 3.3036e-07 2.94959e-08
 1.46937e-11 1.59486e-09 1.02071e-07 3.85185e-06 8.57086e-05 0.00112454 0.00870103 0.0397216 0.10727 0.173619 0.179065 0.145923 0.12663 0.104767 0.0645208 0.0300062 0.0122713 0.00449986 0.00135979 0.000340951 7.37573e-05 1.35659e-05 2.0542e-06 2.48284e-07 2.31293e-08
 1.48939e-11 1.61659e-09 1.03462e-07 3.90432e-06 8.68761e-05 0.00113986 0.00881951 0.0402616 0.108716 0.175857 0.180895 0.146182 0.125417 0.10308 0.0631012 0.0289948 0.0116444 0.0041911 0.00123725 0.000299273 6.17206e-05 1.07767e-05 1.5626e-06 1.84959e-07 1.7315e-08
 1.4931e-11 1.62062e-09 1.03719e-07 3.91405e-06 8.70926e-05 0.0011427 0.00884149 0.0403621 0.108989 0.176319 0.181458 0.146849 0.126138 0.103404 0.0625979 0.0279558 0.0107528 0.00372678 0.00106459 0.000247665 4.88955e-05 8.15292e-06 1.12259e-06 1.25873e-07 1.12576e-08
 1.51567e-11 1.64511e-09 1.05287e-07 3.97321e-06 8.8409e-05 0.00115997 0.00897505 0.0409702 0.11061 0.178765 0.183156 0.146136 0.123238 0.100481 0.0614128 0.0282189 0.0112996 0.00401385 0.00114811 0.000263136 5.06619e-05 8.17673e-06 1.08166e-06 1.15791e-07 9.84353e-09
 1.56634e-11 1.70011e-09 1.08807e-07 4.10603e-06 9.13644e-05 0.00119875 0.00927496 0.0423369 0.114268 0.184423 0.187754 0.146698 0.120012 0.0960537 0.0577282 0.0256694 0.00983105 0.0034032 0.000974383 0.000226625 4.40868e-05 7.07402e-06 9.15511e-07 9.48193e-08 7.74147e-09
 1.56248e-11 1.69592e-09 1.08539e-07 4.09592e-06 9.11395e-05 0.0011958 0.00925216 0.0422335 0.113998 0.184057 0.18771 0.1475 0.121548 0.0972587 0.0576781 0.0246985 0.00888329 0.00289537 0.000786151 0.000172794 3.21311e-05 5.06362e-06 6.54403e-07 6.75104e-08 5.42253e-09
 1.5575e-11 1.69052e-09 1.08193e-07 4.08287e-06 9.08491e-05 0.00119199 0.00922269 0.0420991 0.113637 0.183493 0.187223 0.147346 0.121719 0.097612 0.0581171 0.0251188 0.00914778 0.00298463 0.000792518 0.000165877 2.88711e-05 4.25824e-06 5.20774e-07 5.18563e-08 4.09994e-09
 1.55137e-11 1.68387e-09 1.07767e-07 4.06681e-06 9.04916e-05 0.0011873 0.00918641 0.0419338 0.113194 0.182807 0.186659 0.147258 0.122078 0.0981213 0.0585596 0.0254457 0.009353 0.00308294 0.000827712 0.000175205 3.0499e-05 4.38571e-06 5.09193e-07 4.74941e-08 3.53308e-09
 1.51061e-11 1.63962e-09 1.04935e-07 3.95994e-06 8.81137e-05 0.0011561 0.00894514 0.0408349 0.110261 0.178335 0.183336 0.147841 0.126248 0.102714 0.0610498 0.0260082 0.00924337 0.00295954 0.000780495 0.000162954 2.80877e-05 4.02403e-06 4.65115e-07 4.25855e-08 3.04306e-09
 1.51534e-11 1.64476e-09 1.05264e-07 3.97235e-06 8.83898e-05 0.00115972 0.00897312 0.0409617 0.110591 0.178771 0.183325 0.146682 0.124103 0.101096 0.0612642 0.0275159 0.0106178 0.00361939 0.000980009 0.000206234 3.55764e-05 5.08349e-06 5.85444e-07 5.34563e-08 3.80372e-09
#obs catch len freq
 1.09072e-11 1.18387e-09 7.57676e-08 2.85924e-06 6.36221e-05 0.000834779 0.00645975 0.0295064 0.0798978 0.130946 0.142273 0.133743 0.13734 0.128929 0.0959755 0.0601479 0.0326036 0.0144416 0.00507531 0.00140594 0.000299644 4.74665e-05 5.40834e-06 4.29834e-07 2.317e-08
 1.11932e-11 1.21492e-09 7.77547e-08 2.93423e-06 6.52908e-05 0.000856676 0.00662929 0.0302823 0.0820093 0.134428 0.145859 0.135871 0.13711 0.126784 0.0932321 0.0575041 0.030432 0.013067 0.00442079 0.00117025 0.000236681 3.53413e-05 3.7717e-06 2.79208e-07 1.39537e-08
 1.723e-11 1.87015e-09 1.19689e-07 4.51671e-06 0.000100503 0.00131864 0.0102024 0.0465636 0.125564 0.201617 0.199813 0.140749 0.096326 0.0725166 0.0501549 0.0301869 0.0155961 0.00650534 0.00212385 0.000537972 0.000103246 1.45232e-05 1.45117e-06 1.00074e-07 4.63982e-09
 1.44059e-11 1.56363e-09 1.00072e-07 3.77642e-06 8.40306e-05 0.00110255 0.00853167 0.0389636 0.105387 0.171567 0.180182 0.151466 0.13145 0.104677 0.0621752 0.0280485 0.010966 0.00388541 0.0011709 0.000281004 5.11341e-05 6.78131e-06 6.34784e-07 4.07865e-08 1.75446e-09
 1.71985e-11 1.86674e-09 1.19471e-07 4.50846e-06 0.000100319 0.00131625 0.0101843 0.0464886 0.125449 0.201993 0.202243 0.146448 0.103028 0.0755805 0.0477883 0.0246863 0.0103739 0.00334011 0.000801376 0.000149193 2.23493e-05 2.61639e-06 2.24456e-07 1.3368e-08 5.33286e-10
 1.57736e-11 1.71207e-09 1.09573e-07 4.13493e-06 9.20082e-05 0.00120723 0.00934154 0.0426586 0.115314 0.187081 0.193034 0.152646 0.120425 0.0901136 0.0523232 0.023411 0.00877637 0.00275396 0.000676316 0.000123892 1.65238e-05 1.5895e-06 1.10348e-07 5.49243e-09 1.91004e-10
 6.5622e-12 7.12266e-10 4.5585e-08 1.72026e-06 3.82802e-05 0.000502384 0.00389147 0.0178526 0.0492485 0.0869171 0.118604 0.159489 0.195338 0.17539 0.110859 0.053392 0.0206551 0.00618434 0.00137595 0.000228271 2.83798e-05 2.57762e-06 1.646e-07 7.18251e-09 2.1088e-10
 1.52833e-11 1.65886e-09 1.06167e-07 4.00642e-06 8.91483e-05 0.00116969 0.0090506 0.0413186 0.111536 0.179738 0.180173 0.131003 0.096949 0.0860707 0.0745619 0.0516832 0.0255722 0.00866552 0.00203343 0.00033831 4.01519e-05 3.36162e-06 1.95628e-07 7.79597e-09 2.08927e-10
 1.75546e-11 1.90539e-09 1.21945e-07 4.60182e-06 0.000102397 0.00134354 0.0103963 0.0474705 0.128233 0.207171 0.2092 0.152731 0.104024 0.0693545 0.0387495 0.0184598 0.00829741 0.00327158 0.000967168 0.000195468 2.61092e-05 2.28903e-06 1.31934e-07 5.00141e-09 1.24187e-10
 1.55028e-11 1.68269e-09 1.07692e-07 4.06398e-06 9.04302e-05 0.00118657 0.00918316 0.0419598 0.113662 0.185683 0.195271 0.158988 0.125074 0.0894219 0.0492102 0.0206823 0.00704738 0.00197974 0.000457186 8.55709e-05 1.21255e-05 1.19026e-06 7.624e-08 3.09825e-09 7.90269e-11
 1.43e-11 1.55213e-09 9.93362e-08 3.74866e-06 8.34146e-05 0.00109455 0.008472 0.0387283 0.105094 0.172803 0.185625 0.158662 0.132153 0.0991989 0.0584393 0.0268346 0.00963479 0.00258729 0.000504898 7.27003e-05 7.9246e-06 6.51185e-07 3.8695e-08 1.57102e-09 4.15024e-11
 1.39407e-11 1.51313e-09 9.68402e-08 3.65448e-06 8.13194e-05 0.00106708 0.00826006 0.0377703 0.102593 0.169208 0.183228 0.158676 0.133379 0.101029 0.0609543 0.0290951 0.0108969 0.00304789 0.000613067 8.7351e-05 8.72239e-06 6.04447e-07 2.89465e-08 9.55256e-10 2.14825e-11
 1.65283e-11 1.79399e-09 1.14815e-07 4.3328e-06 9.64125e-05 0.00126508 0.00979102 0.0447372 0.121132 0.1972 0.203592 0.155697 0.111402 0.0770729 0.0453511 0.0216416 0.0081562 0.00231001 0.000474251 6.91313e-05 6.99823e-06 4.80302e-07 2.19212e-08 6.5679e-10 1.28115e-11
 1.51365e-11 1.64292e-09 1.05147e-07 3.96797e-06 8.82959e-05 0.00115866 0.00896962 0.0410226 0.111461 0.183721 0.197308 0.164695 0.128164 0.0879255 0.0470356 0.019655 0.00662688 0.00175923 0.000350342 5.03842e-05 5.06749e-06 3.46133e-07 1.56722e-08 4.6158e-10 8.71236e-12
 1.28357e-11 1.39319e-09 8.91647e-08 3.36486e-06 7.48777e-05 0.000982685 0.00761039 0.0348569 0.0952049 0.159784 0.181096 0.168426 0.14632 0.107511 0.0606439 0.0262468 0.00868396 0.00212429 0.000376606 4.83354e-05 4.4498e-06 2.85955e-07 1.24091e-08 3.53506e-10 6.47221e-12
 1.22099e-11 1.32527e-09 8.48176e-08 3.20083e-06 7.12285e-05 0.000934842 0.00724103 0.0331819 0.0907673 0.15297 0.175015 0.165269 0.146803 0.11265 0.0683335 0.032071 0.0112722 0.00284516 0.000504447 6.23143e-05 5.31412e-06 3.08874e-07 1.20703e-08 3.12586e-10 5.27852e-12
 1.36463e-11 1.48118e-09 9.47962e-08 3.57739e-06 7.96077e-05 0.00104478 0.00809138 0.0370547 0.101088 0.168583 0.186319 0.163291 0.133996 0.0988415 0.0596302 0.0284057 0.0102902 0.00270906 0.00050203 6.40136e-05 5.5011e-06 3.13008e-07 1.16366e-08 2.79845e-10 4.3162e-12
 1.35728e-11 1.4732e-09 9.42853e-08 3.55814e-06 7.91811e-05 0.00103926 0.00805063 0.0368966 0.100894 0.169376 0.19 0.169405 0.137837 0.0969589 0.0544165 0.0241254 0.00832111 0.00214356 0.000396702 5.10967e-05 4.44991e-06 2.55545e-07 9.49031e-09 2.24644e-10 3.35269e-12
 1.40283e-11 1.52265e-09 9.74501e-08 3.67758e-06 8.18401e-05 0.00107419 0.00832165 0.0381418 0.104288 0.174793 0.194528 0.169721 0.134218 0.0925918 0.0511139 0.0219326 0.0071443 0.00171268 0.000295503 3.59825e-05 3.01301e-06 1.68573e-07 6.14397e-09 1.43022e-10 2.09504e-12
 1.43285e-11 1.55523e-09 9.95355e-08 3.75631e-06 8.35936e-05 0.00109726 0.00850171 0.0389824 0.106682 0.179075 0.199329 0.172317 0.132739 0.0881393 0.0465336 0.0190314 0.00590129 0.00134071 0.000217046 2.45383e-05 1.89897e-06 9.8488e-08 3.35429e-09 7.36485e-11 1.02584e-12
 1.43379e-11 1.55625e-09 9.96015e-08 3.75883e-06 8.36521e-05 0.00109812 0.00851019 0.0390442 0.107009 0.18021 0.201601 0.174536 0.13305 0.0865264 0.0444035 0.0174725 0.00515717 0.00110647 0.000168213 1.77711e-05 1.27857e-06 6.13356e-08 1.92478e-09 3.88842e-11 4.98968e-13
 1.45385e-11 1.57803e-09 1.00995e-07 3.81147e-06 8.48257e-05 0.0011136 0.00863163 0.0396174 0.108668 0.183198 0.204749 0.175637 0.131282 0.0834933 0.0418799 0.0160133 0.00454961 0.000930584 0.000133651 1.32305e-05 8.86215e-07 3.93992e-08 1.142e-09 2.12531e-11 2.50699e-13
 1.498e-11 1.62595e-09 1.04063e-07 3.92727e-06 8.74047e-05 0.00114752 0.00889561 0.0408378 0.112037 0.188707 0.209609 0.176333 0.127513 0.0782705 0.037922 0.0139704 0.00380987 0.000745031 0.000101751 9.51288e-06 5.97518e-07 2.47537e-08 6.65221e-10 1.14345e-11 1.2424e-13
 1.4752e-11 1.60121e-09 1.0248e-07 3.86761e-06 8.60817e-05 0.00113032 0.00876588 0.0402856 0.110823 0.187832 0.211055 0.179658 0.129566 0.0777301 0.0362869 0.0127668 0.00330962 0.000613806 7.9318e-05 6.99473e-06 4.12922e-07 1.60159e-08 4.01398e-10 6.41042e-12 6.44932e-14
 1.47483e-11 1.60081e-09 1.02455e-07 3.86675e-06 8.60667e-05 0.00113027 0.00876817 0.0403254 0.111105 0.188839 0.212837 0.180928 0.129195 0.0763414 0.034948 0.0119383 0.00296463 0.000520563 6.31874e-05 5.21023e-06 2.86916e-07 1.03672e-08 2.41771e-10 3.58808e-12 3.34949e-14
 1.4692e-11 1.59471e-09 1.02066e-07 3.85215e-06 8.57474e-05 0.00112626 0.0087406 0.040237 0.111094 0.189573 0.21479 0.182787 0.129184 0.0748059 0.0333732 0.011053 0.00264577 0.000444917 5.13207e-05 3.98731e-06 2.05307e-07 6.89715e-09 1.49022e-10 2.04516e-12 1.76391e-14
 1.34732e-11 1.46243e-09 9.36019e-08 3.53294e-06 7.86557e-05 0.00103359 0.00803127 0.0370894 0.103231 0.179528 0.211208 0.189265 0.138988 0.081174 0.0357221 0.0115125 0.00265686 0.000427905 4.7018e-05 3.46152e-06 1.67982e-07 5.29037e-09 1.06624e-10 1.35902e-12 1.0848e-14
 1.36231e-11 1.4787e-09 9.46445e-08 3.57239e-06 7.95386e-05 0.00104532 0.00812418 0.0375297 0.104461 0.181378 0.212055 0.187839 0.136875 0.0803072 0.0357036 0.0115247 0.00261899 0.000408624 4.29743e-05 3.00298e-06 1.37507e-07 4.0683e-09 7.67538e-11 9.12947e-13 6.7813e-15
#spawning biomass
 4757.85 4617.57 7115.44 12204 22575.6 31870.8 26562.5 29509 50092.4 67108.3 78234.6 99690.5 140088 169778 157724 145131 142947 134710 124684 129214 124337 139379 148311 148228 152380 156906 140781 146611 141904 158519 88555.7 43558.7 26046.9 20270.3 18513.8 18006.7 17865.5 17827.3 17817.1 17814.4 17813.7 17813.6 17813.5 17813.5 17813.5 17813.5 17813.5 17813.5 17813.5 17813.5 17813.5 17813.5 17813.5 17813.5 17813.5 17813.5 17813.5 17813.5 17813.5 17813.5 17813.5 17813.5 17813.5 17813.5 17813.5 17813.5 17813.5 17813.5 17813.5 17813.5 17813.5 17813.5 17813.5 17813.5 17813.5 17813.5 17813.5 17813.5 17813.5 17813.5 17813.5 17813.5 17813.5 17813.5 17813.5 17813.5 17813.5 17813.5 17813.5 17813.5 17813.5 17813.5 17813.5 17813.5 17813.5 17813.5 17813.5 17813.5 17813.5 17813.5 17813.5 17813.5 17813.5 17813.5 17813.5 17813.5 17813.5 17813.5 17813.5 17813.5 17813.5 17813.5 17813.5 17813.5 17813.5 17813.5 17813.5 17813.5 17813.5 17813.5 17813.5 17813.5 17813.5 17813.5 17813.5 17813.5 17813.5 17813.5 0 0 0 0 0 0 0 0 0 0 0 0 0 0 0 0 0 0 0 0 0 0 0 0 0
