SBPRF35
0.0897252
Curr Bio
103431
B35
115404
F35
1.72944
FOFL
1.69908
OFL
56713.1
Bzero
25635.4
#pred survey bio
 8462.69 8347.52 5941.81 6382.56 9623.55 15357.3 22325.2 29102.8 46041.9 53483.3 70409.9 83953.4 107785 134229 143622 128689 111127 112731 126477 111059 94438.7 116125 122578 126968 155796 144708 119261 124054 142729 5.34562e+06 2.41701e+06 831786 453753 344036 300132 279651 269690 264823 262453 261307 260755 260491 260365 260305 260277 260263 260257 260254 260253 260252 260252 260252 260252 260252 260252 260252 260252 260252 260252 260252 260252 260252 260252 260252 260252 260252 260252 260252 260252 260252 260252 260252 260252 260252 260252 260252 260252 260252 260252 260252 260252 260252 260252 260252 260252 260252 260252 260252 260252 260252 260252 260252 260252 260252 260252 260252 260252 260252 260252 260252 260252 260252 260252 260252 260252 260252 260252 260252 260252 260252 260252 260252 260252 260252 260252 260252 260252 260252 260252 260252 260252 260252 260252 260252 260252 260252 260252 260252 260252 0 0 0 0 0 0 0 0 0 0 0 0 0 0 0 0 0 0 0 0 0 0 0 0 0
#obs survey bio
 5468.65 3874.39 4175.18 5258.91 7499.75 12191.2 15646.1 23784.8 43166.7 39904.4 58339.2 44758.2 91024.9 101916 97131.9 84293.2 68495.7 96542.4 104433 72430.3 128123 93775.4 80082.5 105561 128604 147799 85233.3 93165.3 82717.8
#pred catch bio
 1847.43 3730.32 2899.7 2673.1 4141.47 7019.08 11907.9 13314.3 26849.1 31407.8 43746.1 54347.9 69366.8 88730.7 104530 97566.1 82212.8 77420.6 95930.6 91608.7 71161.8 95249.5 103200 98525.3 126531 126917 107998 110043 115688 56713.1 62903.3 13855.8 6083.77 5148.87 5048.09 5037.97 5037 5036.92 5036.91 5036.91 5036.91 5036.91 5036.91 5036.91 5036.91 5036.91 5036.91 5036.91 5036.91 5036.91 5036.91 5036.91 5036.91 5036.91 5036.91 5036.91 5036.91 5036.91 5036.91 5036.91 5036.91 5036.91 5036.91 5036.91 5036.91 5036.91 5036.91 5036.91 5036.91 5036.91 5036.91 5036.91 5036.91 5036.91 5036.91 5036.91 5036.91 5036.91 5036.91 5036.91 5036.91 5036.91 5036.91 5036.91 5036.91 5036.91 5036.91 5036.91 5036.91 5036.91 5036.91 5036.91 5036.91 5036.91 5036.91 5036.91 5036.91 5036.91 5036.91 5036.91 5036.91 5036.91 5036.91 5036.91 5036.91 5036.91 5036.91 5036.91 5036.91 5036.91 5036.91 5036.91 5036.91 5036.91 5036.91 5036.91 5036.91 5036.91 5036.91 5036.91 5036.91 5036.91 5036.91 5036.91 5036.91 5036.91 5036.91 5036.91 5036.91 0 0 0 0 0 0 0 0 0 0 0 0 0 0 0 0 0 0 0 0 0 0 0 0 0
#obs catch bio
 4302.01 4385.38 3378.23 2647.03 4262.35 6892.55 12220 12384.1 26738 30006.2 43905.2 53018.8 66691.9 90181.8 105445 99277.6 82543.2 68918.4 85444.1 85915.7 57971.7 86148.4 96539.5 83662.4 101742 100100 99733.9 96618.9 111533
#pred cpue bio
 5993.92 6554.7 4221.26 3744.07 5508.8 8562.18 12621.7 15878.9 25314.6 28870.9 36420.3 43280 52856.8 66862.8 73108.9 62780.5 52427.2 52654.6 61739.1 52160.5 40482.8 51386.2 51276.6 51917.1 67277.4 62446.9 47780.1 47303.6 55102.1 2.26656e+06 2.26126e+06 748969 371263 261547 217643 197162 187202 182334 179964 178818 178266 178002 177876 177816 177788 177774 177768 177765 177764 177763 177763 177763 177763 177763 177763 177763 177763 177763 177763 177763 177763 177763 177763 177763 177763 177763 177763 177763 177763 177763 177763 177763 177763 177763 177763 177763 177763 177763 177763 177763 177763 177763 177763 177763 177763 177763 177763 177763 177763 177763 177763 177763 177763 177763 177763 177763 177763 177763 177763 177763 177763 177763 177763 177763 177763 177763 177763 177763 177763 177763 177763 177763 177763 177763 177763 177763 177763 177763 177763 177763 177763 177763 177763 177763 177763 177763 177763 177763 177763 0 0 0 0 0 0 0 0 0 0 0 0 0 0 0 0 0 0 0 0 0 0 0 0 0
#obs cpue bio
 9383.86 6174.48 4769.52 5264.53 5951 12668.1 16862.5 27163.3 28021 44944.9 43016.2 89724.6 76585.4 75111 114000 89549.5 83108.1 105950 118081 101257 70517.6 87927.6 101640 123701 200067 153239 84802.7 106763 106378
#pred surv len freq
 1.74049e-11 1.88997e-09 1.20998e-07 4.56705e-06 0.000101633 0.00133345 0.0103154 0.0470612 0.126783 0.202975 0.199249 0.136835 0.0903824 0.0660121 0.0437013 0.0263728 0.0162793 0.010266 0.00666364 0.00456737 0.00336973 0.00271796 0.00228447 0.00172797 0.000997402
 1.35316e-11 1.46937e-09 9.40706e-08 3.5507e-06 7.90158e-05 0.00103673 0.00802071 0.0366099 0.0988676 0.160229 0.16649 0.139086 0.125158 0.107235 0.0708888 0.0389679 0.0210005 0.01131 0.00608113 0.003396 0.00203816 0.00136446 0.00100718 0.000718776 0.000411106
 1.65282e-11 1.79476e-09 1.14902e-07 4.33698e-06 9.65133e-05 0.00126629 0.00979597 0.044696 0.120472 0.19337 0.192178 0.138358 0.100194 0.0781325 0.0532178 0.0321557 0.0183777 0.00941 0.00436404 0.00197628 0.000921725 0.000470472 0.000275935 0.000172052 9.31372e-05
 1.97408e-11 2.14361e-09 1.37236e-07 5.17997e-06 0.000115272 0.0015124 0.0116994 0.0533697 0.143697 0.229402 0.222092 0.144093 0.0832536 0.0530555 0.0305189 0.01452 0.00672792 0.00327644 0.00155416 0.000671745 0.000263411 0.000100853 4.22303e-05 2.02283e-05 9.54908e-06
 1.98779e-11 2.1585e-09 1.38189e-07 5.21595e-06 0.000116073 0.00152291 0.0117807 0.0537409 0.144702 0.231049 0.223888 0.145777 0.084793 0.0537446 0.0295578 0.0123186 0.00444843 0.00161462 0.00059462 0.000223483 8.26733e-05 2.8096e-05 8.895e-06 2.92803e-06 1.04019e-06
 2.02255e-11 2.19625e-09 1.40606e-07 5.30717e-06 0.000118103 0.00154954 0.0119867 0.0546791 0.147209 0.234902 0.22691 0.145807 0.0820622 0.0504419 0.0273645 0.0112449 0.00390566 0.00128256 0.000384168 0.000106189 2.92479e-05 8.17306e-06 2.20559e-06 5.55385e-07 1.36335e-07
 1.99869e-11 2.17033e-09 1.38947e-07 5.24454e-06 0.000116709 0.00153126 0.0118453 0.0540353 0.145492 0.232294 0.225012 0.146276 0.0846967 0.0532616 0.0287806 0.0114128 0.00369241 0.00112728 0.000317768 7.9425e-05 1.78316e-05 3.66298e-06 7.19335e-07 1.38223e-07 2.52613e-08
 2.04528e-11 2.22093e-09 1.42186e-07 5.3668e-06 0.00011943 0.00156695 0.0121213 0.0552927 0.148853 0.23746 0.229066 0.146321 0.081022 0.0487473 0.0256498 0.009778 0.00292276 0.000807633 0.000207978 4.75032e-05 9.6966e-06 1.75047e-06 2.7501e-07 3.82348e-08 4.88788e-09
 2.03665e-11 2.21156e-09 1.41586e-07 5.34417e-06 0.000118927 0.00156034 0.0120702 0.0550599 0.14823 0.236494 0.228269 0.146186 0.081511 0.0494658 0.0263061 0.0102798 0.00322241 0.000925638 0.000234894 5.00261e-05 9.24627e-06 1.5025e-06 2.10137e-07 2.48562e-08 2.46489e-09
 2.05598e-11 2.23254e-09 1.4293e-07 5.39487e-06 0.000120055 0.00157514 0.0121847 0.0555816 0.149627 0.238666 0.230091 0.146591 0.0805731 0.0479694 0.0248134 0.00903137 0.00242316 0.000579067 0.00013398 2.82427e-05 5.20372e-06 8.09142e-07 1.03722e-07 1.09615e-08 9.48517e-10
 2.10971e-11 2.29089e-09 1.46665e-07 5.53587e-06 0.000123192 0.00161631 0.012503 0.0570315 0.1535 0.244595 0.23463 0.146269 0.0757653 0.0423819 0.0213526 0.00766258 0.00200069 0.000450061 9.36522e-05 1.69111e-05 2.66468e-06 3.78571e-07 4.68287e-08 4.76206e-09 3.83045e-10
 2.1118e-11 2.29316e-09 1.4681e-07 5.54135e-06 0.000123314 0.00161791 0.0125154 0.0570879 0.153652 0.244839 0.234872 0.146438 0.0758538 0.0423435 0.0211323 0.00734679 0.00175906 0.0003402 6.16348e-05 1.01443e-05 1.44809e-06 1.79365e-07 1.89922e-08 1.70119e-09 1.26701e-10
 2.16906e-11 2.35534e-09 1.50791e-07 5.69161e-06 0.000126658 0.00166178 0.0128547 0.058633 0.157778 0.251153 0.239689 0.146038 0.070642 0.0363253 0.0174563 0.0059577 0.0013813 0.000249504 4.10193e-05 6.00325e-06 7.39388e-07 7.87958e-08 7.32088e-09 5.73758e-10 3.6887e-11
 2.151e-11 2.33573e-09 1.49535e-07 5.64421e-06 0.000125603 0.00164794 0.0127477 0.0581457 0.156477 0.249167 0.238195 0.146234 0.0723928 0.0382931 0.0185829 0.00629422 0.00141294 0.000237037 3.54269e-05 4.78616e-06 5.42298e-07 5.16816e-08 4.17807e-09 2.80465e-10 1.54609e-11
 2.12569e-11 2.30824e-09 1.47776e-07 5.5778e-06 0.000124125 0.00162855 0.0125977 0.0574628 0.154654 0.246379 0.23608 0.146449 0.0747537 0.040991 0.0201912 0.00685474 0.00153287 0.00025401 3.70491e-05 4.80569e-06 5.08644e-07 4.41307e-08 3.22687e-09 1.94701e-10 9.4543e-12
 2.1735e-11 2.36016e-09 1.51099e-07 5.70324e-06 0.000126917 0.00166517 0.0128809 0.0587527 0.158099 0.25165 0.240102 0.146115 0.070403 0.0359656 0.0171189 0.00569169 0.00121728 0.000180926 2.24396e-05 2.57425e-06 2.55498e-07 2.1119e-08 1.45646e-09 8.13335e-11 3.58921e-12
 2.20849e-11 2.39816e-09 1.53532e-07 5.79508e-06 0.000128961 0.00169198 0.0130883 0.059697 0.160621 0.255508 0.24304 0.145856 0.0671953 0.0322722 0.0148775 0.0048625 0.00100495 0.000135766 1.39109e-05 1.28481e-06 1.06803e-07 7.47158e-09 4.44384e-10 2.24302e-11 9.2275e-13
 2.21863e-11 2.40917e-09 1.54237e-07 5.82168e-06 0.000129553 0.00169975 0.0131483 0.0599706 0.161351 0.256625 0.243887 0.145768 0.0662471 0.03119 0.0142342 0.00464047 0.000958771 0.000129528 1.32181e-05 1.19217e-06 9.23988e-08 5.60497e-09 2.71114e-10 1.10407e-11 3.76807e-13
 2.1727e-11 2.3593e-09 1.51044e-07 5.70116e-06 0.000126871 0.00166457 0.0128762 0.0587314 0.158042 0.251564 0.240039 0.146133 0.0704936 0.036061 0.0171643 0.0056936 0.00120741 0.00017491 2.0468e-05 2.1243e-06 1.77319e-07 1.10144e-08 5.26995e-10 2.02092e-11 6.07887e-13
 2.21306e-11 2.40312e-09 1.5385e-07 5.80707e-06 0.000129228 0.00169549 0.0131153 0.0598203 0.16095 0.256011 0.243422 0.145817 0.066768 0.0317845 0.0145875 0.00476224 0.000984001 0.000132911 1.35983e-05 1.2469e-06 1.01368e-07 6.71835e-09 3.58553e-10 1.50715e-11 4.73859e-13
 2.2978e-11 2.49513e-09 1.59741e-07 6.02941e-06 0.000134175 0.0017604 0.0136173 0.0621065 0.167055 0.265345 0.250506 0.145106 0.0588756 0.022761 0.00920143 0.00287639 0.000573154 7.04016e-05 5.64052e-06 3.45506e-07 1.94178e-08 1.01024e-09 4.56927e-11 1.76754e-12 5.62212e-14
 2.26992e-11 2.46486e-09 1.57803e-07 5.95626e-06 0.000132547 0.00173904 0.0134522 0.0613543 0.165046 0.262274 0.248177 0.145345 0.0614807 0.0257353 0.0109709 0.00348891 0.000701582 8.79206e-05 7.44305e-06 5.03611e-07 3.00735e-08 1.43693e-09 5.03545e-11 1.35746e-12 3.10297e-14
 2.31817e-11 2.51725e-09 1.61157e-07 6.08286e-06 0.000135365 0.001776 0.013738 0.0626561 0.168522 0.267588 0.252207 0.144929 0.0569703 0.0205867 0.00790945 0.00243105 0.000481112 5.83729e-05 4.50581e-06 2.51591e-07 1.21794e-08 5.27039e-10 1.85278e-11 5.15908e-13 1.13723e-14
 2.33634e-11 2.53698e-09 1.6242e-07 6.13054e-06 0.000136426 0.00178992 0.0138456 0.0631464 0.169831 0.26959 0.253724 0.144772 0.0552709 0.0186472 0.0067567 0.00203332 0.000398639 4.749e-05 3.46052e-06 1.65193e-07 6.05887e-09 1.99018e-10 5.65071e-12 1.28133e-13 2.36095e-15
 2.29146e-11 2.48825e-09 1.593e-07 6.01279e-06 0.000133805 0.00175554 0.0135798 0.0619356 0.166598 0.264648 0.249978 0.145163 0.0594722 0.0234398 0.00960201 0.00301113 0.000598591 7.27103e-05 5.61553e-06 3.12691e-07 1.48065e-08 5.9422e-10 1.75034e-11 3.55014e-13 5.22386e-15
 2.29204e-11 2.48889e-09 1.59341e-07 6.01431e-06 0.000133839 0.00175599 0.0135832 0.0619513 0.16664 0.264712 0.250027 0.145158 0.0594182 0.023378 0.00956497 0.00299803 0.000595639 7.22258e-05 5.54863e-06 3.05403e-07 1.43213e-08 5.83744e-10 1.83337e-11 4.25828e-13 7.58442e-15
 2.35203e-11 2.55402e-09 1.63511e-07 6.1717e-06 0.000137342 0.00180194 0.0139386 0.0635696 0.170961 0.271317 0.255034 0.144635 0.0538012 0.0169711 0.00576224 0.00169232 0.000329454 3.89912e-05 2.78774e-06 1.25524e-07 4.02178e-09 1.10782e-10 2.7905e-12 5.91053e-14 1.01708e-15
 2.38776e-11 2.59282e-09 1.65995e-07 6.26547e-06 0.000139428 0.00182931 0.0141503 0.0645337 0.173535 0.275252 0.258016 0.144322 0.0504521 0.0131526 0.00349788 0.000917394 0.000173322 2.0273e-05 1.41786e-06 5.9478e-08 1.5503e-09 2.78629e-11 4.1487e-13 5.61637e-15 6.40189e-17
 2.3791e-11 2.58342e-09 1.65393e-07 6.24275e-06 0.000138923 0.00182268 0.014099 0.0643002 0.172912 0.274299 0.257294 0.144398 0.0512636 0.0140777 0.00404634 0.0011049 0.000210957 2.47247e-05 1.72863e-06 7.23239e-08 1.86778e-09 3.26614e-11 4.58245e-13 5.63028e-15 5.41326e-17
#obs surv len freq
 3.3823e-11 3.26773e-09 1.86131e-07 6.25072e-06 0.000123761 0.00144473 0.00994505 0.0403996 0.0972552 0.141842 0.139111 0.125179 0.129083 0.118839 0.0853088 0.0531248 0.0308402 0.0160856 0.00736401 0.00287867 0.000907889 0.000218251 3.81365e-05 4.6451e-06 3.80166e-07
 2.98187e-11 2.77866e-09 1.52659e-07 4.9448e-06 9.44322e-05 0.00106332 0.00706214 0.0277184 0.0649543 0.0957189 0.10883 0.134475 0.167415 0.156861 0.107944 0.0635546 0.0352356 0.0176434 0.00763453 0.00277115 0.000807128 0.000178886 2.86385e-05 3.16902e-06 2.34243e-07
 1.02927e-10 9.23504e-09 4.88524e-07 1.5236e-05 0.000280154 0.00303715 0.0194135 0.0731871 0.162986 0.216239 0.178557 0.110361 0.0746841 0.0585914 0.0432596 0.0291058 0.0170785 0.00830945 0.00337603 0.00114019 0.00030649 6.21889e-05 9.07639e-06 9.13723e-07 6.1305e-08
 1.21234e-10 1.04564e-08 5.31717e-07 1.59411e-05 0.00028177 0.00293648 0.0180461 0.0654536 0.140758 0.18383 0.16288 0.133755 0.122176 0.0926937 0.0479929 0.0181885 0.00663523 0.00276462 0.00111365 0.000366177 9.21275e-05 1.71492e-05 2.27821e-06 2.08065e-07 1.26471e-08
 2.03746e-10 1.68666e-08 8.232e-07 2.36876e-05 0.000401863 0.00401962 0.0237078 0.0825018 0.169954 0.210866 0.171246 0.119623 0.0942922 0.0675605 0.0352897 0.013977 0.00470851 0.00137316 0.000349561 8.37476e-05 1.82572e-05 3.14171e-06 3.85561e-07 3.21575e-08 1.77302e-09
 2.59362e-10 2.05775e-08 9.6254e-07 2.65451e-05 0.000431609 0.00413768 0.0233922 0.0780744 0.15474 0.187677 0.15911 0.131074 0.117418 0.0837873 0.040523 0.0141011 0.00412659 0.00108641 0.00024213 4.38678e-05 6.53379e-06 8.09847e-07 8.03885e-08 5.87623e-09 2.92946e-10
 4.23487e-10 3.21574e-08 1.43966e-06 3.79995e-05 0.000591341 0.00542568 0.0293563 0.0937535 0.177608 0.204762 0.161354 0.119089 0.0971728 0.0656405 0.0307441 0.0105422 0.00301446 0.000736948 0.000144472 2.22389e-05 2.70495e-06 2.55844e-07 1.83624e-08 9.81974e-10 3.81208e-11
 5.67047e-10 4.1158e-08 1.76128e-06 4.44367e-05 0.000660996 0.00579725 0.029987 0.0916165 0.16662 0.187628 0.154077 0.129283 0.112975 0.0746828 0.0329049 0.0103238 0.00266742 0.000601226 0.000110891 1.58918e-05 1.73318e-06 1.40456e-07 8.26017e-09 3.46478e-10 1.02039e-11
 9.07322e-10 6.28733e-08 2.56868e-06 6.18719e-05 0.000878658 0.00735719 0.0363316 0.105962 0.183874 0.197063 0.152539 0.119216 0.0979254 0.0617454 0.0263149 0.00812698 0.00206989 0.000445091 7.53492e-05 9.72387e-06 9.56108e-07 7.01694e-08 3.7038e-09 1.36179e-10 3.40938e-12
 1.2507e-09 8.26485e-08 3.22001e-06 7.39637e-05 0.00100168 0.00799861 0.0376754 0.104902 0.174586 0.1834 0.149337 0.130056 0.110043 0.0663612 0.0258681 0.00691271 0.00146314 0.000270176 4.16795e-05 5.02182e-06 4.56926e-07 3.04596e-08 1.44264e-09 4.74096e-11 1.05956e-12
 2.03399e-09 1.28041e-07 4.75214e-06 0.000103985 0.00134151 0.0102047 0.0457876 0.12143 0.192356 0.191662 0.146306 0.11827 0.0937635 0.0533268 0.0195318 0.00482652 0.00091639 0.000147016 1.92173e-05 1.9303e-06 1.47838e-07 8.57441e-09 3.6363e-10 1.08105e-11 2.18063e-13
 2.93576e-09 1.75877e-07 6.21208e-06 0.000129362 0.00158826 0.0114983 0.0491092 0.124081 0.188102 0.183014 0.144373 0.123704 0.0977046 0.053195 0.0183946 0.00423975 0.000738582 0.000107484 1.26519e-05 1.12301e-06 7.38174e-08 3.59102e-09 1.26974e-10 3.17787e-12 5.50068e-14
 4.56747e-09 2.60167e-07 8.7371e-06 0.000172991 0.00201943 0.0139006 0.0564533 0.135677 0.195965 0.182919 0.140749 0.117846 0.0892058 0.046096 0.0150865 0.00328263 0.000536688 7.26331e-05 7.86552e-06 6.33308e-07 3.71537e-08 1.59108e-09 4.8948e-11 1.05229e-12 1.54599e-14
 5.41722e-09 2.93137e-07 9.35196e-06 0.000175905 0.00195083 0.0127593 0.0492783 0.113117 0.159396 0.158036 0.151307 0.152602 0.118879 0.0593346 0.0185634 0.00388571 0.000616593 8.0602e-05 8.28617e-06 6.22983e-07 3.36607e-08 1.31161e-09 3.6327e-11 6.96117e-13 9.02909e-15
 9.33522e-09 4.79509e-07 1.45214e-05 0.000259277 0.00272948 0.0169454 0.0621108 0.135186 0.179797 0.165279 0.142765 0.131703 0.0968755 0.0469933 0.0150498 0.00352 0.000662756 9.79304e-05 1.04047e-05 7.66425e-07 3.96502e-08 1.45864e-09 3.764e-11 6.63816e-13 7.84153e-15
 1.35179e-08 6.58657e-07 1.89212e-05 0.000320466 0.00320026 0.018849 0.0655786 0.135833 0.174026 0.160882 0.147483 0.138431 0.0972737 0.0433788 0.0120978 0.00225896 0.000323513 3.95484e-05 4.00228e-06 3.08673e-07 1.71887e-08 6.64309e-10 1.7247e-11 2.95114e-13 3.30392e-15
 2.10615e-08 9.72861e-07 2.64943e-05 0.000425401 0.00402735 0.0224887 0.0741971 0.145919 0.178471 0.160266 0.144947 0.131696 0.0880766 0.0373472 0.00999934 0.00182428 0.000256007 2.91959e-05 2.54727e-06 1.60466e-07 7.32334e-09 2.46495e-10 6.022e-12 1.02275e-13 1.15816e-15
 3.11427e-08 1.36303e-06 3.51719e-05 0.000535098 0.00480015 0.0254009 0.0794642 0.148595 0.174969 0.157095 0.146173 0.131497 0.0847551 0.0349521 0.00949638 0.00188927 0.000301324 3.74014e-05 3.32406e-06 2.04452e-07 8.78582e-09 2.65871e-10 5.59303e-12 8.01949e-14 7.74053e-16
 4.33514e-08 1.79704e-06 4.3919e-05 0.000632847 0.00537714 0.0269576 0.0799947 0.142717 0.164401 0.154362 0.154412 0.139255 0.0863401 0.034206 0.00911709 0.00183706 0.000301697 3.85806e-05 3.57446e-06 2.33773e-07 1.07063e-08 3.36475e-10 7.06496e-12 9.72962e-14 8.71845e-16
 7.6119e-08 2.9875e-06 6.91296e-05 0.000943126 0.00758703 0.0360082 0.101093 0.170124 0.182384 0.153705 0.135917 0.112465 0.0659102 0.025305 0.0067857 0.00142401 0.000242146 3.12123e-05 2.8873e-06 1.89744e-07 8.80404e-09 2.81819e-10 6.04973e-12 8.52528e-14 7.7713e-16
 1.06506e-07 3.95682e-06 8.66685e-05 0.00111926 0.00852365 0.0383072 0.101995 0.163953 0.172947 0.153831 0.145431 0.118973 0.065547 0.022874 0.00532154 0.000932062 0.00013591 1.61509e-05 1.45622e-06 9.54694e-08 4.41931e-09 1.40055e-10 2.96279e-12 4.11414e-14 3.70296e-16
 1.6889e-07 5.9384e-06 0.000123105 0.00150467 0.0108451 0.0461331 0.116289 0.177148 0.177688 0.151091 0.136087 0.105278 0.0548101 0.0181644 0.0040488 0.000680062 9.25189e-05 9.79393e-06 7.59728e-07 4.26928e-08 1.74478e-09 5.09123e-11 1.02393e-12 1.3733e-14 1.19876e-16
 2.28174e-07 7.59266e-06 0.000148959 0.00172308 0.0117549 0.0473539 0.113337 0.165909 0.167286 0.154684 0.148434 0.112688 0.0554823 0.0171118 0.00348461 0.000524049 6.38136e-05 6.16077e-06 4.40494e-07 2.26142e-08 8.25807e-10 2.1084e-11 3.67919e-13 4.31082e-15 3.34685e-17
 3.75363e-07 1.18206e-05 0.000219469 0.00240254 0.015511 0.0591269 0.133842 0.184834 0.174043 0.147585 0.130293 0.0926489 0.0433529 0.0129851 0.00266732 0.000418695 5.22676e-05 4.88093e-06 3.21597e-07 1.48379e-08 4.84199e-10 1.10957e-11 1.74291e-13 1.83123e-15 1.26418e-17
 4.78053e-07 1.42478e-05 0.000250363 0.00259403 0.0158541 0.0572706 0.123449 0.165864 0.163208 0.15764 0.149164 0.103643 0.0456857 0.0126485 0.00234755 0.000327565 3.70151e-05 3.26392e-06 2.10156e-07 9.58553e-09 3.04884e-10 6.61277e-12 9.55866e-14 9.07448e-16 5.61444e-18
 6.17001e-07 1.74053e-05 0.000289489 0.00283916 0.0164298 0.0562689 0.1157 0.152156 0.157312 0.166786 0.161317 0.108705 0.0463862 0.0128341 0.00252178 0.000386202 4.5909e-05 3.93897e-06 2.34074e-07 9.67655e-09 2.8131e-10 5.69179e-12 7.80872e-14 7.08175e-16 4.16664e-18
 1.13631e-06 3.03433e-05 0.000477728 0.00443495 0.0242878 0.0786399 0.152127 0.184295 0.165408 0.146349 0.124879 0.0778276 0.0312322 0.00820274 0.00154806 0.00023084 2.70966e-05 2.33745e-06 1.42046e-07 6.00302e-09 1.73865e-10 3.37432e-12 4.305e-14 3.57393e-16 1.92093e-18
 1.33948e-06 3.38637e-05 0.000504769 0.00443699 0.0230197 0.0707805 0.131473 0.159907 0.160876 0.166779 0.148782 0.0895772 0.033873 0.00829126 0.0014436 0.000197868 2.15482e-05 1.75042e-06 1.01639e-07 4.15962e-09 1.17995e-10 2.26043e-12 2.85359e-14 2.33259e-16 1.21911e-18
 1.50891e-06 3.61203e-05 0.00050982 0.00424431 0.0208745 0.0611089 0.110147 0.139086 0.162211 0.189292 0.169735 0.0978659 0.035125 0.00819489 0.0013691 0.000179337 1.8324e-05 1.36945e-06 7.22871e-08 2.6861e-09 6.97865e-11 1.24057e-12 1.47149e-14 1.14156e-16 5.70504e-19
#pred catch len freq
 1.25764e-11 1.36565e-09 8.74302e-08 3.30005e-06 7.34381e-05 0.000963548 0.00745459 0.034027 0.0919068 0.149067 0.155457 0.131382 0.120378 0.105607 0.0736976 0.0452441 0.0281593 0.0178106 0.0115688 0.0079304 0.00585102 0.00471933 0.00396664 0.00300036 0.00173184
 9.3763e-12 1.01815e-09 6.51832e-08 2.46034e-06 5.47519e-05 0.000718397 0.00555885 0.0253946 0.0688774 0.114025 0.129701 0.136904 0.15504 0.14493 0.0979644 0.0543354 0.0294553 0.0159045 0.00855733 0.00477943 0.00286851 0.00192035 0.00141751 0.00101161 0.000578591
 1.29636e-11 1.40769e-09 9.01217e-08 3.40165e-06 7.56989e-05 0.000993211 0.00768408 0.0350746 0.0947372 0.153664 0.160283 0.13557 0.12448 0.109761 0.0773056 0.0471784 0.0270819 0.0138895 0.00644434 0.00291865 0.00136127 0.000694829 0.000407522 0.0002541 0.000137552
 1.69432e-11 1.83983e-09 1.17788e-07 4.44589e-06 9.89369e-05 0.00129809 0.010042 0.04582 0.12352 0.198406 0.197849 0.144081 0.105657 0.0801992 0.0487619 0.0235473 0.0109849 0.00536626 0.00254764 0.00110133 0.000431873 0.000165353 6.92386e-05 3.31652e-05 1.56562e-05
 1.72345e-11 1.87146e-09 1.19813e-07 4.52233e-06 0.000100638 0.00132041 0.0102147 0.046608 0.125647 0.201841 0.20136 0.146816 0.107607 0.0806528 0.0467537 0.0197508 0.00717869 0.00261628 0.000965013 0.000362823 0.000134227 4.56166e-05 1.44419e-05 4.75395e-06 1.68885e-06
 1.7898e-11 1.94351e-09 1.24425e-07 4.69644e-06 0.000104512 0.00137123 0.0106078 0.0483986 0.130432 0.209193 0.207112 0.146828 0.102321 0.0742819 0.0425438 0.0177229 0.00619212 0.00204085 0.00061223 0.000169299 4.66346e-05 1.30319e-05 3.5168e-06 8.85556e-07 2.17385e-07
 1.79659e-11 1.95088e-09 1.24897e-07 4.71425e-06 0.000104909 0.00137643 0.010648 0.0485822 0.130927 0.209984 0.207887 0.147343 0.102562 0.0741465 0.0418914 0.0167928 0.00545701 0.00167088 0.000471621 0.000117924 2.64769e-05 5.43898e-06 1.06811e-06 2.05241e-07 3.75093e-08
 1.82483e-11 1.98155e-09 1.26861e-07 4.78836e-06 0.000106558 0.00139807 0.0108154 0.0493446 0.132967 0.213137 0.210448 0.147656 0.100772 0.0717062 0.039887 0.0154131 0.00463294 0.00128557 0.000331766 7.58281e-05 1.54808e-05 2.79475e-06 4.39075e-07 6.1045e-08 7.80391e-09
 1.87681e-11 2.03799e-09 1.30474e-07 4.92473e-06 0.000109593 0.00143789 0.0111232 0.0507467 0.13671 0.218852 0.214742 0.147079 0.0957196 0.0660428 0.0366695 0.0144777 0.00455465 0.00131121 0.000333077 7.09585e-05 1.31161e-05 2.13137e-06 2.98088e-07 3.52595e-08 3.49655e-09
 1.9062e-11 2.06991e-09 1.32518e-07 5.00187e-06 0.000111309 0.00146041 0.0112974 0.0515405 0.138835 0.222152 0.217494 0.147641 0.0942087 0.0637115 0.0344242 0.012658 0.00340729 0.000816175 0.000189114 3.98847e-05 7.34953e-06 1.14282e-06 1.46495e-07 1.54818e-08 1.33967e-09
 1.99582e-11 2.16723e-09 1.38748e-07 5.23703e-06 0.000116542 0.00152906 0.0118284 0.0539586 0.145294 0.232039 0.225059 0.147089 0.0861671 0.0543759 0.0286553 0.0103933 0.00272168 0.000613353 0.000127774 2.30824e-05 3.63744e-06 5.16778e-07 6.39246e-08 6.50056e-09 5.22884e-10
 2.00973e-11 2.18233e-09 1.39715e-07 5.27353e-06 0.000117355 0.00153972 0.0119108 0.0543341 0.146298 0.233591 0.226317 0.147233 0.085268 0.0531524 0.0276483 0.00970611 0.00232966 0.000451197 8.18341e-05 1.34755e-05 1.92386e-06 2.38299e-07 2.52324e-08 2.26014e-09 1.6833e-10
 2.0845e-11 2.26352e-09 1.44913e-07 5.46972e-06 0.00012172 0.001597 0.0123537 0.0563515 0.151686 0.241836 0.232607 0.146712 0.0784656 0.0452962 0.022848 0.00789018 0.00183445 0.000331816 5.46123e-05 7.99706e-06 9.85115e-07 1.04985e-07 9.75411e-09 7.64454e-10 4.91469e-11
 2.06683e-11 2.24433e-09 1.43684e-07 5.42335e-06 0.000120688 0.00158346 0.012249 0.0558747 0.150413 0.239893 0.231151 0.146922 0.080205 0.0472387 0.0239419 0.00819422 0.00184386 0.00030968 4.63304e-05 6.26284e-06 7.09747e-07 6.76418e-08 5.46831e-09 3.67075e-10 2.02352e-11
 2.05898e-11 2.23581e-09 1.43139e-07 5.40276e-06 0.00012023 0.00157745 0.0122025 0.055663 0.149848 0.23903 0.230498 0.146996 0.0809478 0.0480822 0.0244373 0.00835774 0.00187195 0.000310374 4.52889e-05 5.87584e-06 6.21952e-07 5.39612e-08 3.94563e-09 2.38066e-10 1.156e-11
 2.12683e-11 2.30948e-09 1.47855e-07 5.58078e-06 0.000124192 0.00162942 0.0126045 0.0574935 0.154737 0.246509 0.2362 0.146509 0.0747533 0.0409376 0.0200844 0.0067272 0.00144094 0.000214243 2.65758e-05 3.04901e-06 3.02624e-07 2.50139e-08 1.72503e-09 9.633e-11 4.25098e-12
 2.16384e-11 2.34967e-09 1.50428e-07 5.6779e-06 0.000126353 0.00165777 0.0128237 0.0584922 0.157404 0.25059 0.23931 0.14624 0.0713689 0.0370368 0.0177113 0.00584255 0.00120983 0.000163518 1.67585e-05 1.54813e-06 1.28705e-07 9.00392e-09 5.35513e-10 2.70295e-11 1.11195e-12
 2.16253e-11 2.34824e-09 1.50337e-07 5.67446e-06 0.000126276 0.00165677 0.0128159 0.0584568 0.157309 0.250445 0.2392 0.146251 0.0714909 0.0371764 0.0177949 0.00587208 0.00121636 0.000164445 1.67914e-05 1.51536e-06 1.17488e-07 7.12763e-09 3.44769e-10 1.40401e-11 4.79165e-13
 2.12598e-11 2.30856e-09 1.47796e-07 5.57856e-06 0.000124143 0.00162877 0.0125994 0.0574708 0.154676 0.246417 0.236135 0.146529 0.0748517 0.0410405 0.0201321 0.00672737 0.0014288 0.000207053 2.42329e-05 2.51528e-06 2.09961e-07 1.3042e-08 6.23991e-10 2.39282e-11 7.19745e-13
 2.18942e-11 2.37744e-09 1.52206e-07 5.74502e-06 0.000127847 0.00167737 0.0129753 0.0591823 0.159246 0.253407 0.241446 0.14602 0.0689783 0.0343077 0.0160881 0.00528116 0.00109243 0.000147571 1.50949e-05 1.38371e-06 1.12469e-07 7.4534e-09 3.97763e-10 1.67192e-11 5.25657e-13
 2.27391e-11 2.46919e-09 1.5808e-07 5.96673e-06 0.00013278 0.0017421 0.0134758 0.061462 0.165334 0.262714 0.248512 0.145314 0.0611134 0.0253131 0.0107157 0.00339579 0.000678644 8.34083e-05 6.68347e-06 4.09413e-07 2.30104e-08 1.19715e-09 5.41453e-11 2.09446e-12 6.66188e-14
 2.25202e-11 2.44543e-09 1.56559e-07 5.9093e-06 0.000131503 0.00172533 0.0133462 0.0608715 0.163757 0.260304 0.246683 0.145501 0.0631561 0.0276465 0.0121054 0.00387867 0.000781186 9.79217e-05 8.28887e-06 5.60682e-07 3.34726e-08 1.59912e-09 5.60347e-11 1.51052e-12 3.45272e-14
 2.30822e-11 2.50645e-09 1.60465e-07 6.05676e-06 0.000134784 0.00176838 0.0136791 0.0623877 0.167805 0.266493 0.251377 0.145016 0.0579022 0.0216494 0.00853986 0.00264707 0.000524833 6.36987e-05 4.91663e-06 2.74449e-07 1.32802e-08 5.74499e-10 2.01935e-11 5.62254e-13 1.23935e-14
 2.32199e-11 2.5214e-09 1.61423e-07 6.09289e-06 0.000135588 0.00177893 0.0137606 0.0627592 0.168797 0.26801 0.252527 0.144898 0.0566157 0.0201806 0.00766593 0.00234445 0.000461309 5.49958e-05 4.00797e-06 1.91323e-07 7.01658e-09 2.3045e-10 6.54269e-12 1.48352e-13 2.73341e-15
 2.27499e-11 2.47036e-09 1.58155e-07 5.96955e-06 0.000132843 0.00174292 0.0134822 0.061491 0.165411 0.262833 0.248602 0.145307 0.0610161 0.0252004 0.0106464 0.00336902 0.000671037 8.15397e-05 6.29738e-06 3.50594e-07 1.65968e-08 6.65941e-10 1.96145e-11 3.97816e-13 5.85347e-15
 2.28404e-11 2.4802e-09 1.58784e-07 5.99331e-06 0.000133372 0.00174986 0.0135358 0.0617354 0.166063 0.26383 0.249358 0.145228 0.0601681 0.0242331 0.0100722 0.00317182 0.000630795 7.65001e-05 5.87627e-06 3.23309e-07 1.51522e-08 6.17365e-10 1.93863e-11 4.50242e-13 8.01889e-15
 2.34946e-11 2.55123e-09 1.63332e-07 6.16497e-06 0.000137192 0.00179997 0.0139234 0.0635004 0.170776 0.271035 0.25482 0.144658 0.0540418 0.0172454 0.00592486 0.00174794 0.000340639 4.0323e-05 2.88291e-06 1.29785e-07 4.15636e-09 1.14408e-10 2.8803e-12 6.09936e-14 1.04948e-15
 2.38582e-11 2.59072e-09 1.6586e-07 6.26038e-06 0.000139315 0.00182783 0.0141388 0.0644815 0.173396 0.275039 0.257855 0.144339 0.0506336 0.0133595 0.00362058 0.000959347 0.000181745 2.12705e-05 1.48777e-06 6.24096e-08 1.6265e-09 2.92215e-11 4.34826e-13 5.88343e-15 6.70466e-17
 2.37333e-11 2.57715e-09 1.64992e-07 6.2276e-06 0.000138586 0.00181826 0.0140648 0.0641444 0.172496 0.273663 0.256812 0.144449 0.0518048 0.0146947 0.0044121 0.00122995 0.000236065 2.76972e-05 1.93687e-06 8.10381e-08 2.09272e-09 3.6589e-11 5.132e-13 6.30384e-15 6.06007e-17
#obs catch len freq
 3.3396e-11 3.22648e-09 1.83781e-07 6.17182e-06 0.000122198 0.0014265 0.00981957 0.0398911 0.0960478 0.140207 0.138052 0.125417 0.13012 0.119314 0.0847191 0.0526853 0.0315882 0.0174228 0.00836201 0.0033698 0.00109674 0.000275006 5.03669e-05 6.40805e-06 5.4391e-07
 4.51451e-11 4.20686e-09 2.31124e-07 7.48635e-06 0.000142967 0.00160976 0.0106884 0.04189 0.0974001 0.137989 0.13461 0.125763 0.132913 0.121074 0.0857679 0.0530786 0.0305429 0.0157162 0.00706854 0.00269362 0.000820499 0.000188818 3.13238e-05 3.59572e-06 2.75679e-07
 4.0332e-11 3.61875e-09 1.91428e-07 5.97027e-06 0.000109781 0.00119026 0.00761245 0.0287858 0.0651549 0.0938617 0.108161 0.138094 0.171149 0.156645 0.105939 0.0619438 0.0340432 0.0167886 0.00711874 0.0025148 0.000706735 0.000149772 2.27383e-05 2.3697e-06 1.64051e-07
 1.44928e-10 1.25e-08 6.35635e-07 1.90565e-05 0.000336837 0.00351027 0.0215692 0.0781727 0.167427 0.214062 0.17201 0.106924 0.0749435 0.0593223 0.0435247 0.0289792 0.0167044 0.00796314 0.00316406 0.00103844 0.000268918 5.21168e-05 7.20824e-06 6.83096e-07 4.29126e-08
 1.73484e-10 1.43615e-08 7.00933e-07 2.01694e-05 0.000342177 0.00342268 0.0201893 0.0702991 0.145272 0.18319 0.159752 0.133286 0.121989 0.0900474 0.0451677 0.0168407 0.00617986 0.00257201 0.00101347 0.000322303 7.78824e-05 1.38264e-05 1.73927e-06 1.49464e-07 8.50469e-09
 2.96299e-10 2.35081e-08 1.09962e-06 3.03254e-05 0.000493075 0.00472683 0.02672 0.0891297 0.176108 0.210252 0.166584 0.117018 0.092633 0.0648185 0.0328919 0.0127637 0.0042283 0.00120925 0.000302956 7.13706e-05 1.50637e-05 2.47259e-06 2.86928e-07 2.24978e-08 1.16076e-09
 3.84225e-10 2.91761e-08 1.30619e-06 3.44766e-05 0.000536519 0.00492276 0.0266376 0.0851109 0.161638 0.188714 0.156648 0.129199 0.114045 0.0785985 0.0366949 0.0124589 0.00359055 0.000926972 0.000201119 3.53731e-05 5.10477e-06 6.09367e-07 5.76246e-08 3.97099e-09 1.85328e-10
 6.32238e-10 4.58898e-08 1.96377e-06 4.95453e-05 0.000736984 0.00646355 0.0334295 0.102069 0.185006 0.204859 0.157366 0.115868 0.0932377 0.0608541 0.0275207 0.00920398 0.00258158 0.000615284 0.00011693 1.7416e-05 2.04234e-06 1.85193e-07 1.26705e-08 6.41959e-10 2.34477e-11
 8.59934e-10 5.95896e-08 2.43452e-06 5.86405e-05 0.00083277 0.00697305 0.034437 0.100473 0.174683 0.188987 0.15158 0.12608 0.107291 0.0681048 0.0288658 0.00880692 0.00223176 0.000491084 8.7739e-05 1.21261e-05 1.26976e-06 9.83047e-08 5.49732e-09 2.18263e-10 6.05565e-12
 1.38972e-09 9.18356e-08 3.57794e-06 8.21853e-05 0.00111301 0.00888737 0.0418545 0.116433 0.192873 0.198087 0.148836 0.114318 0.0910304 0.055036 0.0225629 0.00677589 0.00168791 0.000352719 5.76546e-05 7.16751e-06 6.76592e-07 4.74031e-08 2.37534e-09 8.25281e-11 1.94476e-12
 1.94763e-09 1.22605e-07 4.55038e-06 9.95697e-05 0.00128456 0.00977155 0.0438476 0.116331 0.184656 0.185782 0.146543 0.124167 0.10086 0.0580202 0.0216418 0.00559067 0.00115653 0.000208477 3.11336e-05 3.61072e-06 3.14714e-07 1.99926e-08 8.98144e-10 2.78817e-11 5.8637e-13
 3.17379e-09 1.90138e-07 6.71577e-06 0.00013985 0.00171703 0.0124301 0.0530798 0.133994 0.202207 0.192604 0.141905 0.111162 0.0844112 0.0457171 0.0159892 0.00380736 0.000703795 0.000109861 1.38653e-05 1.33964e-06 9.84791e-08 5.45587e-09 2.19662e-10 6.1672e-12 1.16997e-13
 4.63483e-09 2.64004e-07 8.86597e-06 0.000175543 0.00204922 0.0141055 0.0572831 0.137643 0.198598 0.184501 0.139977 0.115308 0.0867644 0.0448765 0.0147899 0.00327737 0.000554613 7.84137e-05 8.89386e-06 7.57072e-07 4.76352e-08 2.21102e-09 7.42496e-11 1.75713e-12 2.86441e-14
 7.23455e-09 3.91476e-07 1.24893e-05 0.000234914 0.00260515 0.0170356 0.0657277 0.150096 0.206135 0.183445 0.13529 0.108397 0.0779599 0.0382151 0.0119062 0.0024874 0.000394418 5.17684e-05 5.39143e-06 4.15432e-07 2.32873e-08 9.50266e-10 2.77348e-11 5.63311e-13 7.79197e-15
 8.8009e-09 4.52064e-07 1.36903e-05 0.000244437 0.00257328 0.0159766 0.0585766 0.12768 0.171031 0.161712 0.147974 0.141871 0.104648 0.0494868 0.0147324 0.00296097 0.000455383 5.76075e-05 5.68189e-06 4.07994e-07 2.10277e-08 7.79647e-10 2.04623e-11 3.70103e-13 4.51676e-15
 1.51721e-08 7.39258e-07 2.12366e-05 0.00035968 0.00359177 0.0211524 0.0735467 0.151858 0.191617 0.167045 0.136482 0.118826 0.0826147 0.0380378 0.011656 0.00263497 0.000480049 6.80207e-05 6.88515e-06 4.82726e-07 2.37732e-08 8.30713e-10 2.02815e-11 3.37175e-13 3.74398e-15
 2.21926e-08 1.02511e-06 2.79171e-05 0.000448245 0.00424357 0.0236945 0.0781508 0.153449 0.186262 0.162686 0.140128 0.123558 0.0818289 0.0344925 0.00913641 0.00163582 0.000227156 2.69436e-05 2.62301e-06 1.93216e-07 1.02219e-08 3.73533e-10 9.13672e-12 1.46955e-13 1.54372e-15
 3.44802e-08 1.50911e-06 3.89411e-05 0.000592439 0.00531439 0.0281181 0.0879011 0.16378 0.189643 0.16066 0.136267 0.116183 0.0731956 0.0293355 0.00746433 0.00130629 0.000177148 1.94493e-05 1.62109e-06 9.73232e-08 4.23486e-09 1.35622e-10 3.13592e-12 5.01309e-14 5.32136e-16
 5.1294e-08 2.12628e-06 5.19654e-05 0.000748783 0.00636183 0.0318844 0.0944672 0.167248 0.186126 0.156922 0.13612 0.114634 0.0696049 0.0271874 0.00705397 0.00135273 0.000208037 2.4686e-05 2.08513e-06 1.21775e-07 4.968e-09 1.42412e-10 2.82815e-12 3.8166e-14 3.45893e-16
 7.23059e-08 2.83785e-06 6.56667e-05 0.000895886 0.00720717 0.0342094 0.0960996 0.162189 0.176117 0.154259 0.143068 0.120644 0.0704728 0.0264695 0.0067507 0.00131307 0.00020782 2.54031e-05 2.23934e-06 1.39086e-07 6.03235e-09 1.78841e-10 3.53063e-12 4.5614e-14 3.82806e-16
 1.25169e-07 4.65017e-06 0.000101855 0.00131536 0.0100162 0.0449958 0.119551 0.190208 0.19188 0.149979 0.12175 0.0936731 0.0516751 0.0188398 0.00484696 0.000981897 0.00016039 1.97178e-05 1.73488e-06 1.08285e-07 4.75676e-09 1.43553e-10 2.89502e-12 3.82241e-14 3.25751e-16
 1.77582e-07 6.24403e-06 0.000129441 0.0015821 0.0114028 0.048498 0.122157 0.185405 0.183111 0.149362 0.128738 0.0978074 0.0506401 0.0167214 0.00371388 0.000627179 8.82779e-05 1.00569e-05 8.64464e-07 5.38146e-08 2.35505e-09 7.0271e-11 1.39526e-12 1.81402e-14 1.52534e-16
 2.799e-07 9.31387e-06 0.000182726 0.0021136 0.0144168 0.0580306 0.138348 0.198818 0.186087 0.143879 0.117141 0.0838709 0.0410026 0.0128578 0.00273527 0.000441827 5.7722e-05 5.82997e-06 4.30265e-07 2.29919e-08 8.9131e-10 2.45551e-11 4.6405e-13 5.82666e-15 4.74827e-17
 3.84712e-07 1.2115e-05 0.000224935 0.00246237 0.0158969 0.0605917 0.13709 0.188877 0.176226 0.146367 0.12686 0.0893303 0.0413067 0.0120399 0.00233457 0.000337004 3.94116e-05 3.63178e-06 2.46815e-07 1.20212e-08 4.15375e-10 9.9987e-12 1.63958e-13 1.80033e-15 1.30663e-17
 6.22439e-07 1.85511e-05 0.000325975 0.00337723 0.0206343 0.0744239 0.159242 0.206862 0.179781 0.135834 0.107267 0.0704732 0.0309655 0.00878015 0.00172121 0.000259107 3.09005e-05 2.73975e-06 1.71032e-07 7.47646e-09 2.30829e-10 4.98752e-12 7.35946e-14 7.24144e-16 4.67017e-18
 8.14553e-07 2.29781e-05 0.000382168 0.00374778 0.0216781 0.0740846 0.150794 0.189678 0.169784 0.144378 0.122956 0.0793051 0.0328455 0.00859678 0.00151926 0.000203146 2.19736e-05 1.84411e-06 1.12607e-07 4.86034e-09 1.45846e-10 2.97402e-12 4.03033e-14 3.57981e-16 2.06851e-18
 1.08321e-06 2.89254e-05 0.000455405 0.0042278 0.0231554 0.0750048 0.145382 0.177645 0.163921 0.151241 0.132104 0.082881 0.0333049 0.00873875 0.00163927 0.000239973 2.71208e-05 2.20255e-06 1.23811e-07 4.84263e-09 1.32972e-10 2.5323e-12 3.25805e-14 2.76291e-16 1.51658e-18
 1.8972e-06 4.79633e-05 0.000714911 0.00628313 0.032572 0.0997774 0.182137 0.205808 0.166006 0.126991 0.0965589 0.055734 0.0210361 0.00523829 0.000943673 0.000134504 1.50204e-05 1.22779e-06 7.05818e-08 2.81604e-09 7.67602e-11 1.39773e-12 1.6693e-14 1.29506e-16 6.49429e-19
 2.35722e-06 5.64263e-05 0.000796375 0.00662783 0.0325487 0.0946214 0.165255 0.184773 0.161954 0.143748 0.115504 0.0647221 0.0230347 0.00534049 0.000886021 0.000115934 1.20083e-05 9.24654e-07 5.08153e-08 1.96411e-09 5.24415e-11 9.42293e-13 1.11265e-14 8.4885e-17 4.133e-19
#spawning biomass
 7400.88 7617.68 5210.44 5232.84 7831.96 12390.1 18098.7 23320.9 36984.3 42716 55472 66078.4 83531.6 104529 112601 99580.2 85130.3 86103.3 97887.4 84964.7 70380.3 87318.3 90738.5 93410.5 116345 108044 87264 89613.1 103431 113479 101441 22818.3 10615.5 9148.24 8990.08 8974.2 8972.68 8972.54 8972.52 8972.52 8972.52 8972.52 8972.52 8972.52 8972.52 8972.52 8972.52 8972.52 8972.52 8972.52 8972.52 8972.52 8972.52 8972.52 8972.52 8972.52 8972.52 8972.52 8972.52 8972.52 8972.52 8972.52 8972.52 8972.52 8972.52 8972.52 8972.52 8972.52 8972.52 8972.52 8972.52 8972.52 8972.52 8972.52 8972.52 8972.52 8972.52 8972.52 8972.52 8972.52 8972.52 8972.52 8972.52 8972.52 8972.52 8972.52 8972.52 8972.52 8972.52 8972.52 8972.52 8972.52 8972.52 8972.52 8972.52 8972.52 8972.52 8972.52 8972.52 8972.52 8972.52 8972.52 8972.52 8972.52 8972.52 8972.52 8972.52 8972.52 8972.52 8972.52 8972.52 8972.52 8972.52 8972.52 8972.52 8972.52 8972.52 8972.52 8972.52 8972.52 8972.52 8972.52 8972.52 8972.52 8972.52 8972.52 8972.52 8972.52 8972.52 0 0 0 0 0 0 0 0 0 0 0 0 0 0 0 0 0 0 0 0 0 0 0 0 0
