SBPRF35
0.175648
Curr Bio
157289
B35
214863
F35
0.665909
FOFL
0.559159
OFL
54743.4
Bzero
50185.1
#pred survey bio
 2924.91 3206.45 5337.93 8710.32 12559.1 18744.9 27369.7 41395.5 66566.6 91001 111149 137779 168559 180089 158994 138049 141458 142753 165925 136098 132389 129564 144590 160872 146863 142511 149617 153228 6.23316e+06 4.18553e+06 2.49687e+06 1.45379e+06 918697 663622 543022 484050 453598 436974 427487 421911 418577 416565 415340 414587 414139 413871 413711 413615 413557 413522 413501 413489 413481 413477 413474 413472 413471 413471 413470 413470 413470 413470 413470 413470 413470 413470 413470 413470 413470 413470 413470 413470 413470 413470 413470 413470 413470 413470 413470 413470 413470 413470 413470 413470 413470 413470 413470 413470 413470 413470 413470 413470 413470 413470 413470 413470 413470 413470 413470 413470 413470 413470 413470 413470 413470 413470 413470 413470 413470 413470 413470 413470 413470 413470 413470 413470 413470 413470 413470 413470 413470 413470 413470 413470 413470 413470 413470 413470 0 0 0 0 0 0 0 0 0 0 0 0 0 0 0 0 0 0 0 0 0 0 0 0 0
#obs survey bio
 2690.07 3896.78 5687.31 11259.1 13644 20877.5 29096.6 48926.9 62771.8 94191.6 108738 149386 183143 214254 128670 118521 149406 154730 151884 147211 134133 123609 145517 158122 123563 141017 176556 110632
#pred catch bio
 1579.14 1461.37 2538.36 4700.69 6355.72 10318.2 15452.1 20469.9 36057.2 53759.4 65772.5 80129.1 102165 121404 111974 95148.2 104227 89649.8 123874 97014.3 100243 96816.2 106173 126765 114909 108713 116106 103860 54743.4 74501.2 40519.1 21153.6 12224.3 8576.64 7197.24 6702.24 6531.06 6473.43 6454.42 6448.23 6446.25 6445.61 6445.41 6445.35 6445.33 6445.32 6445.32 6445.32 6445.32 6445.32 6445.32 6445.32 6445.32 6445.32 6445.32 6445.32 6445.32 6445.32 6445.32 6445.32 6445.32 6445.32 6445.32 6445.32 6445.32 6445.32 6445.32 6445.32 6445.32 6445.32 6445.32 6445.32 6445.32 6445.32 6445.32 6445.32 6445.32 6445.32 6445.32 6445.32 6445.32 6445.32 6445.32 6445.32 6445.32 6445.32 6445.32 6445.32 6445.32 6445.32 6445.32 6445.32 6445.32 6445.32 6445.32 6445.32 6445.32 6445.32 6445.32 6445.32 6445.32 6445.32 6445.32 6445.32 6445.32 6445.32 6445.32 6445.32 6445.32 6445.32 6445.32 6445.32 6445.32 6445.32 6445.32 6445.32 6445.32 6445.32 6445.32 6445.32 6445.32 6445.32 6445.32 6445.32 6445.32 6445.32 6445.32 6445.32 0 0 0 0 0 0 0 0 0 0 0 0 0 0 0 0 0 0 0 0 0 0 0 0 0
#obs catch bio
 868.346 1438.31 2532.41 4487.29 5920.65 9897.28 15073.5 19401 32964.9 50307.3 62379.5 74435 92582.4 111561 113177 99163.9 107807 83769.4 112242 88810.5 92727.2 92456.3 97825.2 124418 104085 102195 105963 101790
#pred cpue bio
 2657.42 2682.09 4525.23 7318.16 10663.1 15882.1 22935.7 34498.3 56386.9 77734.2 94819.3 117204 144845 156766 138037 118504 119195 119621 143086 116185 112031 107626 119353 134483 123051 117970 124458 126672 5.30372e+06 4.15638e+06 2.46772e+06 1.42464e+06 889549 634474 513874 454902 424450 407826 398339 392764 389429 387417 386192 385440 384991 384723 384563 384467 384409 384374 384353 384341 384333 384329 384326 384324 384323 384323 384322 384322 384322 384322 384322 384322 384322 384322 384322 384322 384322 384322 384322 384322 384322 384322 384322 384322 384322 384322 384322 384322 384322 384322 384322 384322 384322 384322 384322 384322 384322 384322 384322 384322 384322 384322 384322 384322 384322 384322 384322 384322 384322 384322 384322 384322 384322 384322 384322 384322 384322 384322 384322 384322 384322 384322 384322 384322 384322 384322 384322 384322 384322 384322 384322 384322 384322 384322 384322 384322 0 0 0 0 0 0 0 0 0 0 0 0 0 0 0 0 0 0 0 0 0 0 0 0 0
#obs cpue bio
 1659.16 2327.8 4433.3 8487.6 12681.5 15780.5 22678.8 38003.6 96568.5 89392.4 112347 155490 197638 179730 132313 109095 112490 150438 264794 142724 150641 126680 170594 135111 249802 136844 168557 169407
#pred surv len freq
 1.38724e-11 1.50637e-09 9.64393e-08 3.6401e-06 8.10053e-05 0.00106282 0.00822223 0.0375214 0.101214 0.163108 0.165171 0.127125 0.102945 0.0862139 0.0616049 0.0406164 0.0276938 0.0193919 0.0140899 0.0108127 0.00890401 0.00793752 0.00719909 0.00570444 0.00337668
 1.73477e-11 1.88376e-09 1.206e-07 4.55204e-06 0.000101299 0.00132907 0.0102816 0.04691 0.126415 0.202702 0.200472 0.141614 0.0984191 0.0727174 0.044868 0.023006 0.0119048 0.00672292 0.00405852 0.00261253 0.00182379 0.00141518 0.00117729 0.000905658 0.000539133
 1.61025e-11 1.74854e-09 1.11943e-07 4.22528e-06 9.40276e-05 0.00123368 0.00954396 0.0435516 0.117462 0.189138 0.190792 0.144714 0.113418 0.0892507 0.0544516 0.0256993 0.0111941 0.00487907 0.00214519 0.00102248 0.000551401 0.000341935 0.000241719 0.00017126 9.92386e-05
 1.65925e-11 1.80175e-09 1.1535e-07 4.35387e-06 9.68891e-05 0.00127122 0.00983424 0.0448732 0.120985 0.194472 0.194584 0.143472 0.107642 0.0834367 0.0522133 0.026378 0.0123013 0.00526509 0.00198904 0.000706297 0.000258834 0.000108906 5.66433e-05 3.35288e-05 1.79635e-05
 1.59494e-11 1.73192e-09 1.10879e-07 4.18512e-06 9.31339e-05 0.00122195 0.00945328 0.0431386 0.116359 0.187447 0.189488 0.144783 0.114791 0.0909927 0.0558389 0.0266345 0.0117368 0.00503728 0.00198186 0.000693496 0.000213745 6.14486e-05 1.93498e-05 7.68703e-06 3.37357e-06
 1.61323e-11 1.75178e-09 1.1215e-07 4.23312e-06 9.4202e-05 0.00123597 0.00956162 0.0436314 0.117667 0.189385 0.190651 0.143623 0.11157 0.0880962 0.0552347 0.0277484 0.0128717 0.00552006 0.00209114 0.000716329 0.000220485 5.88228e-05 1.37633e-05 3.20337e-06 8.76538e-07
 1.66587e-11 1.80894e-09 1.1581e-07 4.37125e-06 9.72758e-05 0.00127629 0.0098735 0.0450525 0.121471 0.195273 0.195478 0.144352 0.10844 0.0836292 0.0513094 0.0248703 0.0111895 0.00484611 0.00190489 0.000664908 0.000201659 5.24039e-05 1.15625e-05 2.16113e-06 3.66288e-07
 1.68754e-11 1.83247e-09 1.17316e-07 4.42811e-06 9.85411e-05 0.00129289 0.0100019 0.0456378 0.12304 0.197725 0.197598 0.145023 0.10774 0.0822721 0.0497489 0.0233462 0.0100018 0.00413268 0.00156924 0.000543684 0.000167922 4.42887e-05 9.66977e-06 1.71528e-06 2.46178e-07
 1.60705e-11 1.74506e-09 1.11721e-07 4.21689e-06 9.38409e-05 0.00123123 0.00952501 0.0434652 0.11723 0.188775 0.190471 0.144604 0.113574 0.0897522 0.0553573 0.0267027 0.0117608 0.00485378 0.00178058 0.000587719 0.000174786 4.54897e-05 9.99343e-06 1.778e-06 2.4761e-07
 1.56443e-11 1.69878e-09 1.08757e-07 4.10505e-06 9.1352e-05 0.00119858 0.00927248 0.0423147 0.114153 0.184023 0.186639 0.14422 0.116399 0.0934739 0.0582437 0.0285729 0.0129077 0.0054774 0.00206177 0.00068599 0.000199483 4.98317e-05 1.05673e-05 1.84995e-06 2.56616e-07
 1.57114e-11 1.70607e-09 1.09224e-07 4.12266e-06 9.17439e-05 0.00120372 0.00931224 0.0424959 0.114638 0.184778 0.187277 0.144375 0.11609 0.0929473 0.0576756 0.028076 0.0126054 0.00538025 0.00206595 0.000706708 0.00021055 5.29767e-05 1.10383e-05 1.86955e-06 2.51636e-07
 1.58599e-11 1.72219e-09 1.10257e-07 4.16163e-06 9.26112e-05 0.0012151 0.00940024 0.0428968 0.11571 0.18643 0.188594 0.144459 0.115029 0.0915973 0.0566845 0.0274871 0.0122649 0.00519677 0.00198421 0.000680746 0.000206102 5.3129e-05 1.12968e-05 1.92159e-06 2.54737e-07
 1.52882e-11 1.66011e-09 1.06282e-07 4.01162e-06 8.92729e-05 0.0011713 0.00906154 0.041354 0.111587 0.180101 0.183664 0.144524 0.119721 0.0972569 0.0604735 0.029323 0.0130598 0.00551533 0.00209442 0.000713652 0.000215118 5.56612e-05 1.2007e-05 2.08338e-06 2.8036e-07
 1.45344e-11 1.57826e-09 1.01042e-07 3.81383e-06 8.48714e-05 0.00111355 0.00861496 0.0393196 0.106148 0.171726 0.177021 0.144216 0.125301 0.104299 0.0655928 0.0322567 0.0145983 0.00621807 0.00236391 0.000803174 0.000240852 6.19641e-05 1.33351e-05 2.32574e-06 3.17025e-07
 1.46819e-11 1.59428e-09 1.02067e-07 3.85254e-06 8.57328e-05 0.00112486 0.00870237 0.0397179 0.107215 0.173382 0.178402 0.144499 0.124543 0.103126 0.0644592 0.0313372 0.0140235 0.00597638 0.00229722 0.000789341 0.000237784 6.10848e-05 1.30877e-05 2.27317e-06 3.09765e-07
 1.53033e-11 1.66175e-09 1.06387e-07 4.01557e-06 8.93609e-05 0.00117245 0.00907049 0.0413951 0.111702 0.180318 0.184032 0.145179 0.120603 0.0977937 0.060142 0.0283948 0.0122189 0.00505698 0.00191181 0.000653617 0.000198025 5.13368e-05 1.10562e-05 1.91987e-06 2.60823e-07
 1.62911e-11 1.76902e-09 1.13254e-07 4.27478e-06 9.51292e-05 0.00124813 0.00965574 0.0440611 0.118829 0.191279 0.192666 0.145384 0.112996 0.0884038 0.0535974 0.0249041 0.0104529 0.00419421 0.00152804 0.000504107 0.000149235 3.83615e-05 8.28107e-06 1.44703e-06 1.97421e-07
 1.64686e-11 1.78829e-09 1.14488e-07 4.32136e-06 9.61656e-05 0.00126173 0.00976093 0.0445411 0.120122 0.193351 0.194704 0.146764 0.113686 0.0881216 0.0519509 0.0224844 0.00846856 0.00312388 0.00108535 0.000344866 9.82209e-05 2.43562e-05 5.12877e-06 8.86778e-07 1.20961e-07
 1.49667e-11 1.62521e-09 1.04047e-07 3.92727e-06 8.73959e-05 0.00114668 0.00887114 0.0404875 0.109282 0.176647 0.18139 0.14594 0.124512 0.10206 0.0624788 0.0288408 0.0117865 0.00444566 0.00145446 0.000421017 0.000111264 2.61989e-05 5.28885e-06 8.82958e-07 1.17612e-07
 1.5534e-11 1.6868e-09 1.07991e-07 4.07611e-06 9.07079e-05 0.00119013 0.00920719 0.0420183 0.113375 0.182949 0.186386 0.146161 0.120274 0.0966536 0.0584408 0.0264848 0.0106697 0.00410695 0.00141932 0.000428038 0.00011061 2.41862e-05 4.50679e-06 7.07104e-07 8.99777e-08
 1.60171e-11 1.73927e-09 1.1135e-07 4.2029e-06 9.35294e-05 0.00122714 0.00949345 0.0433222 0.116859 0.18829 0.190512 0.145994 0.116143 0.0917748 0.0553191 0.0251145 0.0101225 0.00386772 0.00132367 0.000402402 0.000107546 2.42425e-05 4.46469e-06 6.61558e-07 7.82706e-08
 1.68955e-11 1.83464e-09 1.17456e-07 4.43336e-06 9.86581e-05 0.00129443 0.0100138 0.0456929 0.1232 0.198073 0.19837 0.146676 0.110129 0.0838817 0.0491908 0.0212198 0.00793047 0.0028717 0.00096355 0.000290614 7.72996e-05 1.75468e-05 3.30256e-06 4.97972e-07 5.82068e-08
 1.71619e-11 1.86358e-09 1.19308e-07 4.50328e-06 0.000100214 0.00131484 0.0101717 0.0464122 0.125125 0.20105 0.200795 0.146997 0.108488 0.0816436 0.0473649 0.0199503 0.00711679 0.0024243 0.000758402 0.000213859 5.45403e-05 1.2164e-05 2.27983e-06 3.46051e-07 4.10187e-08
 1.65364e-11 1.79566e-09 1.1496e-07 4.33915e-06 9.65616e-05 0.00126693 0.00980113 0.0447245 0.120616 0.194143 0.195485 0.147299 0.113979 0.0880964 0.0514693 0.0216876 0.00769994 0.00258224 0.000780074 0.000207573 4.92561e-05 1.02479e-05 1.82646e-06 2.70215e-07 3.18023e-08
 1.64058e-11 1.78147e-09 1.14052e-07 4.30488e-06 9.57989e-05 0.00125692 0.00972375 0.0443721 0.119677 0.192715 0.194447 0.147558 0.115423 0.0896397 0.05224 0.0217732 0.00757958 0.0024976 0.000746155 0.00019555 4.49584e-05 8.86394e-06 1.47342e-06 2.03505e-07 2.27405e-08
 1.70158e-11 1.84771e-09 1.18292e-07 4.46493e-06 9.93606e-05 0.00130365 0.0100851 0.0460179 0.124072 0.199442 0.199584 0.14715 0.109902 0.083258 0.0483372 0.0202863 0.00715314 0.00237131 0.000702416 0.000180932 4.08726e-05 7.90045e-06 1.27127e-06 1.66786e-07 1.74652e-08
 1.67682e-11 1.82083e-09 1.16571e-07 4.39998e-06 9.79152e-05 0.00128468 0.00993846 0.0453501 0.122289 0.196718 0.197529 0.147396 0.112265 0.0859275 0.0498826 0.0207727 0.00722664 0.0023767 0.0007065 0.000183224 4.1328e-05 7.88975e-06 1.24603e-06 1.5962e-07 1.61522e-08
 1.70704e-11 1.85365e-09 1.18672e-07 4.47928e-06 9.96799e-05 0.00130784 0.0101175 0.0461656 0.124467 0.200056 0.200096 0.147254 0.109622 0.0828279 0.0479263 0.0199537 0.0069393 0.00227329 0.000669714 0.000171994 3.86632e-05 7.39651e-06 1.16716e-06 1.4812e-07 1.4727e-08
#obs surv len freq
 1.85567e-11 2.01504e-09 1.29004e-07 4.86928e-06 0.000108359 0.00142169 0.0109978 0.0501716 0.135113 0.215898 0.20989 0.138546 0.0843801 0.0599509 0.042353 0.0268984 0.0147619 0.00650904 0.00224442 0.000604723 0.000124583 1.89729e-05 2.07387e-06 1.58556e-07 8.26826e-09
 1.4793e-11 1.60634e-09 1.02839e-07 3.88168e-06 8.63816e-05 0.00113337 0.00876853 0.0400246 0.108093 0.1751 0.181068 0.147659 0.126447 0.102615 0.0623908 0.0286719 0.0115981 0.00440685 0.00145805 0.000386044 7.73655e-05 1.13062e-05 1.17138e-06 8.38326e-08 4.04544e-09
 1.70795e-11 1.85463e-09 1.18735e-07 4.48166e-06 9.9733e-05 0.00130854 0.010123 0.0461917 0.124534 0.200019 0.198883 0.142211 0.100283 0.076451 0.0515059 0.0289188 0.0132984 0.00465713 0.00121415 0.000249188 4.20413e-05 5.60708e-06 5.48402e-07 3.71647e-08 1.68641e-09
 1.65937e-11 1.80188e-09 1.15358e-07 4.35419e-06 9.68966e-05 0.00127133 0.00983559 0.0448884 0.121121 0.195253 0.197108 0.147632 0.110407 0.0830086 0.0503971 0.0242307 0.0100218 0.00351847 0.00097183 0.000200787 3.02661e-05 3.30963e-06 2.64087e-07 1.52667e-08 6.19261e-10
 1.57691e-11 1.71234e-09 1.09625e-07 4.13781e-06 9.20815e-05 0.00120817 0.00934729 0.0426672 0.115213 0.186319 0.190426 0.147781 0.116005 0.0899266 0.0563165 0.0280939 0.0116099 0.00381873 0.000957569 0.000183253 2.66251e-05 2.83058e-06 2.11146e-07 1.07637e-08 3.70391e-10
 1.65669e-11 1.79897e-09 1.15172e-07 4.34716e-06 9.67403e-05 0.00126929 0.00982009 0.0448226 0.120989 0.195268 0.197601 0.147961 0.109255 0.0814653 0.0506785 0.0255419 0.0106646 0.00351177 0.000867643 0.000158944 2.14301e-05 2.08731e-06 1.43642e-07 6.82383e-09 2.18263e-10
 1.63763e-11 1.77828e-09 1.13847e-07 4.29717e-06 9.56279e-05 0.00125471 0.0097076 0.0443155 0.119691 0.193608 0.197461 0.15068 0.113047 0.0832356 0.0498289 0.0237693 0.00942076 0.00300166 0.000729157 0.000131759 1.73513e-05 1.6202e-06 1.04661e-07 4.59027e-09 1.34494e-10
 1.65085e-11 1.79262e-09 1.14765e-07 4.33183e-06 9.63995e-05 0.00126484 0.00978612 0.0446762 0.120681 0.19525 0.198991 0.150828 0.111302 0.081109 0.0489714 0.0237983 0.0094662 0.00294978 0.000689919 0.000119711 1.52031e-05 1.37384e-06 8.5683e-08 3.59685e-09 9.96205e-11
 1.53319e-11 1.66486e-09 1.06586e-07 4.02311e-06 8.95298e-05 0.00117473 0.00908984 0.0415145 0.112329 0.182962 0.191084 0.154366 0.122805 0.0915289 0.0542 0.0253859 0.00972561 0.002943 0.000670769 0.000112656 1.3687e-05 1.17308e-06 6.91975e-08 2.74954e-09 7.21504e-11
 1.53071e-11 1.66217e-09 1.06414e-07 4.0166e-06 8.93852e-05 0.00117284 0.00907551 0.041453 0.112194 0.182858 0.191055 0.153777 0.121273 0.0906604 0.0551774 0.0268548 0.0104523 0.00310262 0.000678407 0.000108466 1.25392e-05 1.0221e-06 5.7137e-08 2.14015e-09 5.26996e-11
 1.47207e-11 1.59849e-09 1.02337e-07 3.86274e-06 8.59616e-05 0.00112795 0.0087289 0.0398837 0.108087 0.17699 0.18769 0.15597 0.126557 0.0949364 0.0573416 0.0277324 0.0107959 0.00323041 0.000712517 0.000113394 1.27639e-05 9.9375e-07 5.2469e-08 1.84693e-09 4.26384e-11
 1.53596e-11 1.66787e-09 1.06779e-07 4.03038e-06 8.96924e-05 0.0011769 0.00910773 0.0416123 0.112727 0.184179 0.193322 0.155644 0.120679 0.0883339 0.0533619 0.0259718 0.0100661 0.00296736 0.000643478 0.000100903 1.1193e-05 8.54341e-07 4.37646e-08 1.4756e-09 3.22472e-11
 1.3289e-11 1.44303e-09 9.23843e-08 3.48709e-06 7.76035e-05 0.00101836 0.00788317 0.0360593 0.0981186 0.162949 0.180274 0.162633 0.140663 0.105685 0.0618142 0.028533 0.0105426 0.00300317 0.000633762 9.66168e-05 1.03811e-05 7.65558e-07 3.78372e-08 1.22846e-09 2.57559e-11
 1.35662e-11 1.47313e-09 9.43115e-08 3.55984e-06 7.92226e-05 0.00103961 0.00804762 0.0368083 0.100097 0.165713 0.181018 0.158442 0.133878 0.102838 0.064217 0.0317071 0.0119968 0.00333745 0.000670762 9.68515e-05 9.88769e-06 6.95202e-07 3.27843e-08 1.01444e-09 2.02364e-11
 1.24599e-11 1.353e-09 8.66204e-08 3.26955e-06 7.27642e-05 0.000954936 0.00739448 0.0338586 0.0924376 0.155062 0.175829 0.164447 0.1453 0.110531 0.0664189 0.0316902 0.0118757 0.00333941 0.000677844 9.68204e-05 9.5253e-06 6.33426e-07 2.80181e-08 8.12004e-10 1.51892e-11
 1.35673e-11 1.47325e-09 9.43193e-08 3.56015e-06 7.92312e-05 0.00103978 0.00805065 0.0368452 0.100378 0.16693 0.183806 0.161351 0.134257 0.100852 0.0618011 0.0298882 0.0110399 0.00300105 0.00058819 8.17885e-05 7.87528e-06 5.10773e-07 2.17965e-08 6.01348e-10 1.05867e-11
 1.51618e-11 1.64639e-09 1.05404e-07 3.97854e-06 8.85423e-05 0.00116196 0.00899585 0.0411552 0.111928 0.184825 0.198369 0.163063 0.123501 0.0852808 0.0487016 0.0223129 0.00799586 0.00214259 0.000413567 5.59829e-05 5.19038e-06 3.22523e-07 1.31766e-08 3.47947e-10 5.84994e-12
 1.35182e-11 1.46792e-09 9.39783e-08 3.54732e-06 7.89488e-05 0.00103621 0.00802634 0.0367818 0.100599 0.169125 0.190672 0.171555 0.140029 0.0971224 0.0527865 0.0224553 0.00746081 0.00187421 0.000343792 4.47013e-05 3.99865e-06 2.39264e-07 9.36073e-09 2.35315e-10 3.75006e-12
 1.33016e-11 1.4444e-09 9.24726e-08 3.49051e-06 7.76858e-05 0.00101969 0.00789964 0.036217 0.0991632 0.167102 0.189063 0.17064 0.140179 0.0992454 0.0555954 0.0239341 0.00771253 0.00180612 0.00030258 3.58774e-05 2.95439e-06 1.64628e-07 6.05026e-09 1.43528e-10 2.16088e-12
 1.40656e-11 1.52736e-09 9.77842e-08 3.69101e-06 8.2149e-05 0.00107829 0.00835375 0.0382961 0.104784 0.175939 0.196303 0.171077 0.133967 0.0911399 0.0496114 0.0209236 0.00663861 0.00152574 0.000246947 2.76182e-05 2.09856e-06 1.06571e-07 3.56094e-09 7.71183e-11 1.06687e-12
 1.43985e-11 1.56351e-09 1.00099e-07 3.7784e-06 8.40957e-05 0.00110391 0.00855341 0.0392248 0.107398 0.180458 0.200947 0.172922 0.131732 0.0865767 0.0454214 0.0184449 0.00564972 0.00125939 0.000198163 2.14806e-05 1.56803e-06 7.55035e-08 2.35804e-09 4.7138e-11 5.96768e-13
 1.51904e-11 1.6495e-09 1.05604e-07 3.98624e-06 8.87225e-05 0.00116467 0.00902446 0.0413829 0.113238 0.189657 0.208551 0.17364 0.125699 0.078354 0.0389592 0.0149093 0.00428532 0.000895957 0.000132523 1.35545e-05 9.36941e-07 4.27887e-08 1.26571e-09 2.38674e-11 2.83334e-13
 1.43964e-11 1.56329e-09 1.00085e-07 3.77801e-06 8.40935e-05 0.00110412 0.00856021 0.0393188 0.108088 0.183245 0.207029 0.179412 0.133103 0.0819992 0.0391843 0.0141836 0.0038254 0.000747176 0.000102866 9.76854e-06 6.26736e-07 2.66073e-08 7.33379e-10 1.2914e-11 1.43351e-13
 1.28272e-11 1.3929e-09 8.91777e-08 3.3664e-06 7.49405e-05 0.000984282 0.00763862 0.0351842 0.0974798 0.168669 0.19935 0.185083 0.145959 0.0930749 0.0451251 0.0162349 0.00424401 0.000785541 0.000100912 8.86273e-06 5.23639e-07 2.04397e-08 5.17948e-10 8.39155e-12 8.58223e-14
 1.49291e-11 1.62115e-09 1.0379e-07 3.91794e-06 8.72125e-05 0.00114519 0.00888047 0.0408004 0.112132 0.189442 0.210966 0.17688 0.126792 0.07757 0.0375206 0.0135509 0.00351222 0.000633757 7.8049e-05 6.46851e-06 3.55846e-07 1.28086e-08 2.97562e-10 4.40736e-12 4.11738e-14
 1.33567e-11 1.45041e-09 9.28613e-08 3.50562e-06 7.80489e-05 0.0010254 0.00796295 0.0367291 0.102006 0.176882 0.207896 0.18761 0.140197 0.0840071 0.038439 0.0131802 0.00331546 0.000590963 7.21438e-05 5.87643e-06 3.1319e-07 1.07581e-08 2.35374e-10 3.2487e-12 2.8058e-14
 1.39473e-11 1.51455e-09 9.69685e-08 3.6607e-06 8.15026e-05 0.00107077 0.00831449 0.0383296 0.106216 0.182844 0.210935 0.184658 0.134714 0.0803318 0.0367051 0.0123056 0.00294044 0.000489448 5.57785e-05 4.28149e-06 2.17216e-07 7.14067e-09 1.49459e-10 1.96457e-12 1.60526e-14
 1.41786e-11 1.53967e-09 9.85786e-08 3.72162e-06 8.28663e-05 0.00108892 0.0084594 0.0390371 0.108383 0.187063 0.215825 0.186724 0.131987 0.0752096 0.0327592 0.0105226 0.00242157 0.000387548 4.20604e-05 3.037e-06 1.43638e-07 4.38833e-09 8.55088e-11 1.05045e-12 8.0517e-15
#pred catch len freq
 1.29481e-11 1.40601e-09 9.00143e-08 3.39759e-06 7.56086e-05 0.00099202 0.00767464 0.0350262 0.0945347 0.152756 0.156627 0.125627 0.107938 0.0930808 0.0669908 0.0442206 0.0301552 0.0211156 0.0153423 0.0117738 0.00969545 0.00864306 0.00783899 0.00621149 0.00367682
 1.63327e-11 1.77353e-09 1.13543e-07 4.28569e-06 9.53719e-05 0.00125131 0.00968025 0.0441705 0.119091 0.19143 0.191554 0.141268 0.105992 0.0820666 0.0512989 0.0263696 0.0136501 0.00770872 0.00465364 0.00299562 0.00209122 0.00162269 0.00134993 0.00103846 0.000618188
 1.50626e-11 1.63562e-09 1.04714e-07 3.95243e-06 8.79557e-05 0.00115402 0.00892791 0.0407455 0.109963 0.177625 0.181816 0.144808 0.121903 0.0994731 0.0612553 0.0289626 0.0126189 0.00550024 0.00241831 0.00115265 0.000621603 0.000385468 0.000272494 0.000193064 0.000111873
 1.58184e-11 1.71769e-09 1.09968e-07 4.15074e-06 9.23687e-05 0.00121192 0.00937561 0.042784 0.115401 0.185891 0.187857 0.143421 0.11378 0.0909464 0.0573761 0.029031 0.0135414 0.00579598 0.00218961 0.000777515 0.000284933 0.000119888 6.23548e-05 3.69096e-05 1.97748e-05
 1.50121e-11 1.63013e-09 1.04363e-07 3.93917e-06 8.76606e-05 0.00115015 0.00889797 0.0406091 0.109599 0.177069 0.181399 0.144874 0.122453 0.100234 0.0620153 0.0296274 0.0130587 0.00560473 0.00220512 0.00077162 0.000237824 6.8371e-05 2.15296e-05 8.553e-06 3.75361e-06
 1.53718e-11 1.6692e-09 1.06864e-07 4.03357e-06 8.97614e-05 0.00117771 0.00911107 0.0415791 0.112182 0.180957 0.18405 0.14359 0.117626 0.0954919 0.060302 0.0303353 0.0140743 0.00603592 0.00228656 0.000783272 0.00024109 6.432e-05 1.50495e-05 3.50274e-06 9.58453e-07
 1.59818e-11 1.73543e-09 1.11104e-07 4.19362e-06 9.33231e-05 0.00122444 0.00947247 0.0432257 0.116589 0.187776 0.189625 0.144385 0.113924 0.0902701 0.0557827 0.0270762 0.0121844 0.00527711 0.00207431 0.000724043 0.000219594 5.70646e-05 1.25909e-05 2.35334e-06 3.98864e-07
 1.59608e-11 1.73316e-09 1.10958e-07 4.18812e-06 9.32006e-05 0.00122283 0.00946006 0.0431697 0.116445 0.187602 0.18972 0.145152 0.115281 0.0913397 0.055777 0.0262255 0.0112385 0.00464382 0.00176334 0.000610929 0.000188691 4.97665e-05 1.08658e-05 1.92744e-06 2.76627e-07
 1.52741e-11 1.65858e-09 1.06184e-07 4.00792e-06 8.91906e-05 0.00117022 0.00905319 0.0413161 0.111487 0.179956 0.183592 0.144664 0.120062 0.0975996 0.0606358 0.0292897 0.0129028 0.00532522 0.00195353 0.000644804 0.000191763 4.99081e-05 1.09641e-05 1.9507e-06 2.7166e-07
 1.50198e-11 1.63097e-09 1.04416e-07 3.94119e-06 8.77057e-05 0.00115074 0.00890252 0.0406295 0.109649 0.177106 0.181234 0.144238 0.12144 0.0995923 0.062387 0.0306365 0.013842 0.00587393 0.00221103 0.000735653 0.000213925 5.34393e-05 1.13323e-05 1.98388e-06 2.75194e-07
 1.50938e-11 1.639e-09 1.04931e-07 3.96061e-06 8.81377e-05 0.00115641 0.00894636 0.0408293 0.110184 0.177938 0.181936 0.144404 0.121092 0.0990078 0.0617644 0.0300971 0.0135148 0.00576848 0.00221503 0.000757704 0.000225743 5.67994e-05 1.18348e-05 2.00446e-06 2.69794e-07
 1.52079e-11 1.6514e-09 1.05724e-07 3.99056e-06 8.88043e-05 0.00116515 0.00901399 0.0411374 0.111008 0.17921 0.182959 0.144496 0.120321 0.0980034 0.0610003 0.0296127 0.0132155 0.00559962 0.00213803 0.000733518 0.00022208 5.72477e-05 1.21726e-05 2.07055e-06 2.74484e-07
 1.47139e-11 1.59775e-09 1.0229e-07 3.86093e-06 8.59195e-05 0.0011273 0.0087213 0.0398042 0.107446 0.173741 0.178701 0.144559 0.124385 0.102903 0.0642755 0.0311936 0.0138947 0.00586797 0.00222834 0.000759282 0.000228872 5.92202e-05 1.27747e-05 2.21659e-06 2.98286e-07
 1.42429e-11 1.54661e-09 9.90155e-08 3.73734e-06 8.31693e-05 0.00109122 0.00844226 0.0385329 0.104046 0.168497 0.174498 0.144223 0.127652 0.107154 0.0675265 0.0332205 0.0150353 0.00640425 0.00243469 0.000827223 0.000248064 6.38195e-05 1.37344e-05 2.39538e-06 3.26517e-07
 1.45354e-11 1.57837e-09 1.01049e-07 3.81409e-06 8.48772e-05 0.00111363 0.00861555 0.0393225 0.106158 0.171759 0.177135 0.144507 0.125732 0.104566 0.0654289 0.0318151 0.0142377 0.00606772 0.00233233 0.000801405 0.000241418 6.20184e-05 1.32877e-05 2.30791e-06 3.145e-07
 1.50936e-11 1.63898e-09 1.04929e-07 3.96056e-06 8.81366e-05 0.00115639 0.00894627 0.0408293 0.11019 0.177997 0.182226 0.145207 0.122329 0.0998709 0.0615246 0.0290572 0.0125046 0.00517522 0.00195652 0.0006689 0.000202655 5.25372e-05 1.13148e-05 1.96476e-06 2.66922e-07
 1.63024e-11 1.77025e-09 1.13333e-07 4.27775e-06 9.51951e-05 0.001249 0.00966243 0.0440916 0.11891 0.191404 0.192763 0.145382 0.112902 0.0882914 0.053523 0.0248689 0.0104381 0.00418828 0.00152588 0.000503394 0.000149024 3.83073e-05 8.26935e-06 1.44499e-06 1.97142e-07
 1.60292e-11 1.74058e-09 1.11433e-07 4.20605e-06 9.35996e-05 0.00122807 0.00950059 0.0433553 0.116954 0.188494 0.190953 0.146921 0.117456 0.0925808 0.0548202 0.0237472 0.00894544 0.00329985 0.00114649 0.000364292 0.000103754 2.57282e-05 5.41768e-06 9.3673e-07 1.27774e-07
 1.50271e-11 1.63177e-09 1.04467e-07 3.94311e-06 8.77484e-05 0.0011513 0.00890691 0.0406504 0.109718 0.177315 0.181909 0.145928 0.124008 0.101456 0.0620799 0.0286541 0.01171 0.00441681 0.00144502 0.000418285 0.000110542 2.60288e-05 5.25452e-06 8.77229e-07 1.16849e-07
 1.54349e-11 1.67605e-09 1.07302e-07 4.05013e-06 9.01298e-05 0.00118254 0.00914853 0.0417512 0.112661 0.181854 0.185537 0.146186 0.121107 0.0976475 0.0590917 0.0267842 0.0107906 0.0041535 0.00143541 0.000432889 0.000111864 2.44603e-05 4.55787e-06 7.15118e-07 9.09976e-08
 1.61212e-11 1.75056e-09 1.12073e-07 4.23019e-06 9.41368e-05 0.00123511 0.00955507 0.0436029 0.117609 0.18944 0.191404 0.145969 0.115269 0.0907311 0.0546347 0.0247988 0.00999493 0.00381897 0.00130699 0.000397331 0.000106191 2.3937e-05 4.40843e-06 6.53221e-07 7.72842e-08
 1.69493e-11 1.84049e-09 1.1783e-07 4.4475e-06 9.89726e-05 0.00129856 0.0100457 0.0458383 0.123588 0.198668 0.19883 0.146656 0.109666 0.0833345 0.0488389 0.0210653 0.00787257 0.00285072 0.000956513 0.000288491 7.6735e-05 1.74186e-05 3.27844e-06 4.94336e-07 5.77817e-08
 1.71622e-11 1.86361e-09 1.1931e-07 4.50335e-06 0.000100215 0.00131486 0.0101718 0.0464129 0.125127 0.201053 0.200798 0.146997 0.108486 0.0816409 0.0473632 0.0199496 0.00711653 0.00242421 0.000758374 0.000213851 5.45383e-05 1.21636e-05 2.27974e-06 3.46038e-07 4.10172e-08
 1.67701e-11 1.82104e-09 1.16584e-07 4.40048e-06 9.79263e-05 0.00128483 0.00993958 0.0453551 0.122301 0.196724 0.197473 0.147199 0.111948 0.0857049 0.0499445 0.0210343 0.00746733 0.00250421 0.0007565 0.0002013 4.77676e-05 9.93826e-06 1.77126e-06 2.62049e-07 3.08413e-08
 1.66176e-11 1.80447e-09 1.15524e-07 4.36046e-06 9.70357e-05 0.00127315 0.00984923 0.0449436 0.121203 0.195055 0.196247 0.147461 0.113574 0.0874668 0.0508603 0.0211886 0.00737551 0.00243034 0.00072606 0.000190283 4.37476e-05 8.62521e-06 1.43374e-06 1.98024e-07 2.21281e-08
 1.7133e-11 1.86044e-09 1.19107e-07 4.4957e-06 0.000100045 0.00131263 0.0101546 0.0463343 0.124917 0.200737 0.200581 0.147098 0.108881 0.0820571 0.0475723 0.0199595 0.00703757 0.00233298 0.000691063 0.000178008 4.0212e-05 7.77276e-06 1.25073e-06 1.6409e-07 1.71829e-08
 1.69448e-11 1.84e-09 1.17799e-07 4.44631e-06 9.89463e-05 0.00129821 0.0100431 0.0458266 0.123562 0.198669 0.19903 0.147316 0.110724 0.0841158 0.0487323 0.0202853 0.0070566 0.00232076 0.000689871 0.000178911 4.03552e-05 7.70405e-06 1.2167e-06 1.55863e-07 1.5772e-08
 1.68465e-11 1.82933e-09 1.17115e-07 4.42052e-06 9.83722e-05 0.00129068 0.00998483 0.0455613 0.122853 0.197583 0.198192 0.147356 0.111577 0.0851256 0.0493856 0.0205723 0.00715507 0.002344 0.000690546 0.000177344 3.98659e-05 7.62658e-06 1.20347e-06 1.52727e-07 1.51851e-08
#obs catch len freq
 1.04588e-11 1.13571e-09 7.2709e-08 2.74441e-06 6.10733e-05 0.000801331 0.00620023 0.0283159 0.0766728 0.125849 0.137992 0.13341 0.141388 0.134316 0.0994533 0.0614827 0.0329606 0.0144453 0.00498122 0.00134139 0.000277444 4.2947e-05 4.82798e-06 3.80807e-07 2.03834e-08
 1.72897e-11 1.87746e-09 1.20196e-07 4.53682e-06 0.00010096 0.00132463 0.0102473 0.0467537 0.125987 0.201905 0.198906 0.138008 0.0931302 0.0711788 0.0512771 0.0325282 0.0176296 0.00762592 0.00256741 0.000671327 0.000133332 1.94527e-05 2.02483e-06 1.46584e-07 7.20143e-09
 1.33721e-11 1.45205e-09 9.29616e-08 3.50884e-06 7.80848e-05 0.00102453 0.00792702 0.0361958 0.0979064 0.159732 0.169992 0.149707 0.139116 0.115874 0.0703887 0.0322119 0.0129449 0.00484466 0.00156448 0.000401219 7.73683e-05 1.08133e-05 1.06523e-06 7.21043e-08 3.27569e-09
 1.60522e-11 1.74308e-09 1.11594e-07 4.21211e-06 9.37348e-05 0.00122985 0.00951464 0.0434234 0.117166 0.188863 0.190635 0.143015 0.10856 0.0858586 0.0580903 0.0323554 0.0146181 0.00500083 0.0012711 0.000253443 4.12191e-05 5.25373e-06 4.87781e-07 3.12199e-08 1.33229e-09
 1.55968e-11 1.69363e-09 1.08428e-07 4.09261e-06 9.10758e-05 0.00119497 0.00924533 0.0422042 0.113994 0.184577 0.189625 0.149401 0.119291 0.0920253 0.0558394 0.0266608 0.010878 0.00373449 0.00100172 0.000199869 2.89548e-05 3.02839e-06 2.29746e-07 1.25439e-08 4.77906e-10
 1.49247e-11 1.62065e-09 1.03755e-07 3.91626e-06 8.71515e-05 0.0011435 0.00884745 0.0403955 0.109195 0.177371 0.184347 0.149601 0.123603 0.0973962 0.0607679 0.0300032 0.0121771 0.00390671 0.000951407 0.000175908 2.4526e-05 2.48666e-06 1.7603e-07 8.47855e-09 2.74436e-10
 1.58768e-11 1.72403e-09 1.10374e-07 4.16608e-06 9.27109e-05 0.00121644 0.00941164 0.0429673 0.116083 0.18802 0.192806 0.14966 0.115515 0.0874464 0.0541738 0.0269923 0.0110499 0.00354223 0.000847922 0.000149741 1.93522e-05 1.79678e-06 1.17246e-07 5.25585e-09 1.57986e-10
 1.57018e-11 1.70504e-09 1.09158e-07 4.12018e-06 9.16896e-05 0.00120305 0.00930849 0.042504 0.114912 0.186611 0.193024 0.152701 0.119341 0.0889076 0.0529126 0.0249379 0.00969091 0.00300467 0.00070633 0.000122825 1.54746e-05 1.37518e-06 8.41474e-08 3.48069e-09 9.58006e-11
 1.59953e-11 1.7369e-09 1.11198e-07 4.19718e-06 9.34033e-05 0.00122554 0.00948262 0.0433003 0.117067 0.190034 0.195901 0.152721 0.116204 0.0852546 0.0510736 0.0244671 0.00951727 0.00288055 0.000651214 0.000108627 1.31818e-05 1.13192e-06 6.67674e-08 2.64007e-09 6.86349e-11
 1.48821e-11 1.61602e-09 1.03459e-07 3.90509e-06 8.69038e-05 0.00114029 0.00882406 0.0403121 0.109193 0.178552 0.188811 0.156596 0.127304 0.0948433 0.0555673 0.0256252 0.00959303 0.00281644 0.000619495 9.98569e-05 1.15767e-05 9.41826e-07 5.24889e-08 1.96228e-09 4.82755e-11
 1.49221e-11 1.62037e-09 1.03737e-07 3.91559e-06 8.71377e-05 0.00114337 0.00884817 0.0404262 0.10953 0.179173 0.189321 0.155915 0.125193 0.0934274 0.0562098 0.0268749 0.0101934 0.00293029 0.000617625 9.46778e-05 1.04319e-05 8.06112e-07 4.2525e-08 1.4972e-09 3.45361e-11
 1.4408e-11 1.56454e-09 1.00163e-07 3.78069e-06 8.41363e-05 0.00110402 0.00854452 0.0390538 0.105958 0.174166 0.186708 0.15822 0.129896 0.0969057 0.0577764 0.027427 0.0103961 0.00300863 0.000638378 9.7196e-05 1.04105e-05 7.67532e-07 3.82084e-08 1.26308e-09 2.72923e-11
 1.51472e-11 1.64481e-09 1.05302e-07 3.97467e-06 8.84531e-05 0.00116067 0.00898282 0.0410532 0.111319 0.182432 0.193075 0.157678 0.123131 0.0894542 0.0532664 0.0253993 0.00956919 0.00272502 0.000567834 8.50673e-05 8.96418e-06 6.4683e-07 3.11967e-08 9.86862e-10 2.01728e-11
 1.31184e-11 1.42451e-09 9.11984e-08 3.44234e-06 7.66084e-05 0.00100533 0.00778337 0.0356182 0.0970542 0.161853 0.180828 0.165129 0.142815 0.106 0.0610017 0.0275716 0.00989872 0.00272133 0.000551084 8.01495e-05 8.1701e-06 5.6885e-07 2.64354e-08 8.042e-10 1.57533e-11
 1.3484e-11 1.46421e-09 9.37401e-08 3.53828e-06 7.87437e-05 0.00103336 0.00800017 0.036605 0.0996594 0.165528 0.18213 0.160712 0.135453 0.102707 0.0629898 0.0303403 0.011118 0.00297992 0.000574207 7.90329e-05 7.64654e-06 5.06965e-07 2.24516e-08 6.50208e-10 1.21057e-11
 1.24277e-11 1.34951e-09 8.6397e-08 3.26113e-06 7.25779e-05 0.000952537 0.00737706 0.0337951 0.0923954 0.155564 0.177634 0.166906 0.146364 0.109624 0.0646649 0.0301097 0.0109246 0.00295463 0.000573568 7.79268e-05 7.25613e-06 4.54669e-07 1.88739e-08 5.1153e-10 8.92229e-12
 1.3576e-11 1.47419e-09 9.43796e-08 3.56244e-06 7.92832e-05 0.00104051 0.00805735 0.0368907 0.100615 0.167801 0.18573 0.163548 0.135029 0.0998101 0.059924 0.0282068 0.0100697 0.0026308 0.000492803 6.51011e-05 5.92289e-06 3.61368e-07 1.44548e-08 3.7269e-10 6.11586e-12
 1.51873e-11 1.64917e-09 1.05582e-07 3.98527e-06 8.86932e-05 0.00116398 0.0090126 0.0412461 0.112281 0.185831 0.200244 0.164887 0.123785 0.0840084 0.0469825 0.0209548 0.00725386 0.00186519 0.000343439 4.41011e-05 3.85916e-06 2.25351e-07 8.61984e-09 2.12462e-10 3.32615e-12
 1.36041e-11 1.47725e-09 9.45759e-08 3.5699e-06 7.9453e-05 0.00104289 0.00807947 0.037043 0.101437 0.170974 0.193372 0.173543 0.139626 0.0948834 0.0504236 0.0208655 0.00669382 0.00161272 0.000281965 3.47347e-05 2.92829e-06 1.64435e-07 6.01661e-09 1.41056e-10 2.09155e-12
 1.34348e-11 1.45887e-09 9.3399e-08 3.5255e-06 7.84665e-05 0.00103001 0.00798097 0.0366073 0.100347 0.169471 0.192131 0.17262 0.139543 0.0966677 0.0528194 0.0220477 0.00684359 0.00153542 0.000245103 2.75275e-05 2.13504e-06 1.11538e-07 3.82921e-09 8.46196e-11 1.18418e-12
 1.42086e-11 1.54289e-09 9.87788e-08 3.72859e-06 8.29872e-05 0.00108937 0.00844105 0.038714 0.106039 0.178388 0.199325 0.172816 0.133085 0.0885103 0.0469573 0.0191856 0.00585548 0.00128682 0.000198087 2.096e-05 1.49954e-06 7.13906e-08 2.22788e-09 4.49203e-11 5.77132e-13
 1.45768e-11 1.58287e-09 1.01339e-07 3.82524e-06 8.51405e-05 0.0011177 0.00866185 0.0397398 0.108912 0.183283 0.204155 0.174417 0.130373 0.0836098 0.0426953 0.0167806 0.00493985 0.00105172 0.000157165 1.60939e-05 1.10471e-06 4.98283e-08 1.45306e-09 2.70472e-11 3.18087e-13
 1.53795e-11 1.67004e-09 1.06919e-07 4.03592e-06 8.98308e-05 0.0011793 0.00913945 0.0419278 0.114827 0.192555 0.211674 0.17483 0.124033 0.0753142 0.0363912 0.0134633 0.00371575 0.000741413 0.000104064 1.00453e-05 6.52212e-07 2.78698e-08 7.69022e-10 1.3494e-11 1.48761e-13
 1.46107e-11 1.58656e-09 1.01576e-07 3.83433e-06 8.53502e-05 0.00112073 0.00869092 0.0399395 0.109901 0.186536 0.210488 0.180541 0.130998 0.0785279 0.0364334 0.0127373 0.00329545 0.00061369 8.01074e-05 7.17454e-06 4.32068e-07 1.71503e-08 4.40593e-10 7.2131e-12 7.42954e-14
 1.30781e-11 1.42015e-09 9.09231e-08 3.43236e-06 7.6413e-05 0.00100375 0.0077921 0.0359145 0.0996161 0.172542 0.203401 0.18641 0.143535 0.0889993 0.0418354 0.014511 0.00363384 0.000640727 7.79955e-05 6.45722e-06 3.57937e-07 1.30571e-08 3.08239e-10 4.64062e-12 4.40137e-14
 1.51673e-11 1.64702e-09 1.05447e-07 3.98056e-06 8.861e-05 0.00116366 0.00902577 0.0414879 0.114115 0.192943 0.214469 0.177896 0.124609 0.0739972 0.0346165 0.0120271 0.00298137 0.000511828 5.96718e-05 4.65907e-06 2.40406e-07 8.08638e-09 1.75003e-10 2.40844e-12 2.08617e-14
 1.36271e-11 1.47978e-09 9.47433e-08 3.57677e-06 7.96384e-05 0.00104645 0.00812918 0.0375209 0.104311 0.180971 0.211902 0.188481 0.137309 0.0798663 0.0353717 0.0116696 0.00280426 0.00047458 5.4732e-05 4.19355e-06 2.09457e-07 6.72145e-09 1.37003e-10 1.75749e-12 1.40789e-14
 1.42275e-11 1.54498e-09 9.89183e-08 3.73442e-06 8.31496e-05 0.00109258 0.00848654 0.0391465 0.108576 0.186965 0.214888 0.185477 0.131834 0.0761499 0.0335849 0.010812 0.00246652 0.000389808 4.19503e-05 3.02545e-06 1.43613e-07 4.40343e-09 8.57645e-11 1.04711e-12 7.93478e-15
#spawning biomass
 2965.74 3286.76 5462.06 8923.2 12848.6 19182.3 28047.7 42450.3 68121.4 93025.7 113642 140920 172176 183640 162185 141030 144859 146287 169404 139135 135498 132918 148450 164904 150500 146264 153463 157289 182141 191159 104513 55096.8 32311.4 23003.4 19483.5 18220.4 17783.6 17636.5 17588 17572.2 17567.2 17565.5 17565 17564.9 17564.8 17564.8 17564.8 17564.8 17564.8 17564.8 17564.8 17564.8 17564.8 17564.8 17564.8 17564.8 17564.8 17564.8 17564.8 17564.8 17564.8 17564.8 17564.8 17564.8 17564.8 17564.8 17564.8 17564.8 17564.8 17564.8 17564.8 17564.8 17564.8 17564.8 17564.8 17564.8 17564.8 17564.8 17564.8 17564.8 17564.8 17564.8 17564.8 17564.8 17564.8 17564.8 17564.8 17564.8 17564.8 17564.8 17564.8 17564.8 17564.8 17564.8 17564.8 17564.8 17564.8 17564.8 17564.8 17564.8 17564.8 17564.8 17564.8 17564.8 17564.8 17564.8 17564.8 17564.8 17564.8 17564.8 17564.8 17564.8 17564.8 17564.8 17564.8 17564.8 17564.8 17564.8 17564.8 17564.8 17564.8 17564.8 17564.8 17564.8 17564.8 17564.8 17564.8 17564.8 0 0 0 0 0 0 0 0 0 0 0 0 0 0 0 0 0 0 0 0 0 0 0 0 0
