SBPRF35
0.25396
Curr Bio
268122
B35
409005
F35
0.384287
FOFL
0.258054
OFL
78768
Bzero
72560
#pred survey bio
 80208.3 74951.5 57642.6 44538.3 70514.7 105996 162895 225955 275457 308671 297267 348973 347235 392147 416039 466072 432364 378804 387534 423532 410619 431502 425249 407809 414190 441006 399495 431748 1.55842e+07 8.50957e+06 6.07553e+06 3.97724e+06 2.58229e+06 1.75735e+06 1.29729e+06 1.04737e+06 912327 838660 797674 774270 760515 752199 747037 743760 741657 740287 739387 738790 738392 738126 737947 737827 737746 737692 737655 737630 737613 737602 737594 737589 737586 737584 737582 737581 737580 737580 737579 737579 737579 737579 737579 737579 737579 737579 737579 737579 737579 737579 737579 737579 737579 737579 737579 737579 737579 737579 737579 737579 737579 737579 737579 737579 737579 737579 737579 737579 737579 737579 737579 737579 737579 737579 737579 737579 737579 737579 737579 737579 737579 737579 737579 737579 737579 737579 737579 737579 737579 737579 737579 737579 737579 737579 737579 737579 737579 737579 737579 737579 0 0 0 0 0 0 0 0 0 0 0 0 0 0 0 0 0 0 0 0 0 0 0 0 0
#obs survey bio
 64952.2 70789.7 41924.3 36320.6 89139.7 121598 216867 206518 264721 269895 296294 378257 349226 435871 417380 509290 309294 385299 407008 472168 422472 526065 438964 470138 285738 513543 312624 426838
#pred catch bio
 11063.6 13725.7 14111.2 9505.13 17341.9 26318.2 42854.5 66663.7 91607.5 134107 107270 161500 146454 170687 166103 233921 223277 164361 153458 186311 168947 192558 196580 177518 167943 220126 174024 193595 78768 104194 72664.2 45658.3 28315.4 18512.7 13358.2 10766.3 9500.17 8893.44 8606.43 8471.86 8409.14 8380.03 8366.56 8360.33 8357.46 8356.15 8355.54 8355.27 8355.14 8355.08 8355.05 8355.04 8355.03 8355.03 8355.03 8355.03 8355.03 8355.03 8355.03 8355.03 8355.03 8355.03 8355.03 8355.03 8355.03 8355.03 8355.03 8355.03 8355.03 8355.03 8355.03 8355.03 8355.03 8355.03 8355.03 8355.03 8355.03 8355.03 8355.03 8355.03 8355.03 8355.03 8355.03 8355.03 8355.03 8355.03 8355.03 8355.03 8355.03 8355.03 8355.03 8355.03 8355.03 8355.03 8355.03 8355.03 8355.03 8355.03 8355.03 8355.03 8355.03 8355.03 8355.03 8355.03 8355.03 8355.03 8355.03 8355.03 8355.03 8355.03 8355.03 8355.03 8355.03 8355.03 8355.03 8355.03 8355.03 8355.03 8355.03 8355.03 8355.03 8355.03 8355.03 8355.03 8355.03 8355.03 8355.03 8355.03 0 0 0 0 0 0 0 0 0 0 0 0 0 0 0 0 0 0 0 0 0 0 0 0 0
#obs catch bio
 11872.7 14293.3 15327.7 9930.96 17193.3 26139.1 40137.7 61945 85309.7 132817 107462 160206 145678 169663 158703 238108 235871 163410 152219 180430 166574 188751 195304 174335 168731 224667 178848 193581
#pred cpue bio
 77152 73224.6 57042.1 43024.3 63994.3 97955.9 150085 209842 257313 288342 276062 323137 320241 360940 384310 431149 398004 349708 359124 392662 381513 399982 393893 377483 383636 409101 368499 397865 1.43901e+07 8.36053e+06 6.03392e+06 3.944e+06 2.54958e+06 1.72468e+06 1.26462e+06 1.01471e+06 879659 805992 765006 741602 727847 719531 714370 711092 708989 707619 706719 706122 705724 705458 705279 705159 705078 705024 704987 704962 704945 704934 704927 704921 704918 704916 704914 704913 704912 704912 704911 704911 704911 704911 704911 704911 704911 704911 704911 704911 704911 704911 704911 704911 704911 704911 704911 704911 704911 704911 704911 704911 704911 704911 704911 704911 704911 704911 704911 704911 704911 704911 704911 704911 704911 704911 704911 704911 704911 704911 704911 704911 704911 704911 704911 704911 704911 704911 704911 704911 704911 704911 704911 704911 704911 704911 704911 704911 704911 704911 704911 704911 0 0 0 0 0 0 0 0 0 0 0 0 0 0 0 0 0 0 0 0 0 0 0 0 0
#obs cpue bio
 95453 49229.8 40502.8 48895.1 126869 75257.5 255600 299280 302230 269306 204896 403589 285735 359368 487152 323670 414694 386459 345900 484018 333594 384486 374218 361922 455796 363958 359361 470442
#pred surv len freq
 2.67477e-11 1.25809e-09 4.09751e-08 9.2409e-07 1.4431e-05 0.000156051 0.00116852 0.00605944 0.0217662 0.0542236 0.0941068 0.115798 0.107544 0.0891704 0.0811324 0.0789099 0.072067 0.061855 0.0523099 0.0437339 0.0361284 0.0298962 0.0243458 0.0181961 0.0114172
 1.53702e-11 7.2294e-10 2.35457e-08 5.31015e-07 8.29259e-06 8.9674e-05 0.000671513 0.00348281 0.0125197 0.031278 0.0548928 0.0704139 0.0745786 0.0807662 0.0951831 0.104554 0.0995061 0.0869674 0.0742922 0.061932 0.0497312 0.0386471 0.0288779 0.0198764 0.0117301
 7.04647e-12 3.31432e-10 1.07945e-08 2.43444e-07 3.80175e-06 4.11117e-05 0.000307873 0.00159705 0.00574473 0.0143898 0.0255117 0.0339398 0.0398011 0.0508021 0.0696448 0.0891293 0.104046 0.113442 0.113428 0.101915 0.0834078 0.0634776 0.0448968 0.0287027 0.0157705
 3.05875e-11 1.43869e-09 4.68572e-08 1.05675e-06 1.65026e-05 0.000178452 0.00133622 0.00692836 0.0248773 0.0618744 0.106705 0.128102 0.108799 0.0696508 0.041517 0.0334445 0.0388753 0.0505777 0.0624234 0.0686027 0.0656836 0.0544678 0.0391384 0.0242133 0.0125868
 4.73411e-11 2.2267e-09 7.25221e-08 1.63555e-06 2.55415e-05 0.000276195 0.0020681 0.0107232 0.0385035 0.0957675 0.165168 0.19834 0.168493 0.107209 0.0597995 0.036031 0.0234968 0.0155856 0.0125445 0.0133595 0.0148863 0.0145072 0.0116647 0.00759631 0.00395268
 3.71395e-11 1.74687e-09 5.68943e-08 1.28311e-06 2.00376e-05 0.000216679 0.00162249 0.00841337 0.0302193 0.0752578 0.130446 0.159722 0.145721 0.114951 0.0958623 0.0828093 0.0617932 0.0372049 0.0194827 0.0106578 0.00744364 0.00647856 0.00554923 0.00394709 0.00218082
 3.95497e-11 1.86023e-09 6.05865e-08 1.36638e-06 2.13379e-05 0.000230739 0.00172776 0.00895892 0.0321741 0.0800796 0.138488 0.168086 0.148658 0.107858 0.0802304 0.0673321 0.055941 0.0425729 0.0294545 0.0179599 0.00956578 0.00493935 0.00288781 0.00181912 0.00101384
 3.65302e-11 1.71821e-09 5.59609e-08 1.26206e-06 1.97088e-05 0.000213124 0.00159586 0.0082752 0.0297215 0.074004 0.128176 0.156489 0.141353 0.108766 0.0883248 0.0773188 0.0627035 0.0454522 0.0314033 0.021018 0.0128813 0.00690609 0.00327625 0.00146438 0.000636413
 3.5001e-11 1.64628e-09 5.36183e-08 1.20923e-06 1.88838e-05 0.000204202 0.00152906 0.00792884 0.028478 0.0709123 0.122853 0.150141 0.13612 0.105887 0.08776 0.078914 0.0665177 0.0507577 0.0365274 0.0248036 0.0154194 0.00859541 0.0042097 0.00177704 0.000645779
 3.54804e-11 1.66883e-09 5.43527e-08 1.22579e-06 1.91425e-05 0.000206999 0.00155 0.00803737 0.028867 0.0718733 0.124465 0.151866 0.136894 0.104846 0.084983 0.0755095 0.0638472 0.0495825 0.0368568 0.026106 0.0169348 0.0097817 0.00492151 0.00210369 0.000746453
 3.74715e-11 1.76248e-09 5.74028e-08 1.29458e-06 2.02167e-05 0.000218615 0.00163698 0.00848828 0.0304852 0.0758896 0.131334 0.159835 0.142749 0.106487 0.0826868 0.0709047 0.0583954 0.0441515 0.03217 0.0227913 0.0151149 0.0090514 0.00473715 0.0020936 0.000757536
 3.8089e-11 1.79152e-09 5.83488e-08 1.31591e-06 2.05498e-05 0.000222217 0.00166395 0.00862815 0.0309875 0.0771391 0.13349 0.162432 0.144973 0.107914 0.083385 0.070902 0.0575026 0.0423353 0.0298031 0.0204622 0.0133083 0.00795499 0.00423254 0.00192431 0.000717986
 3.90747e-11 1.83789e-09 5.98589e-08 1.34997e-06 2.10817e-05 0.000227969 0.00170702 0.0088514 0.0317888 0.0791291 0.136901 0.166427 0.148035 0.109107 0.082887 0.0694251 0.0555887 0.0401979 0.0275659 0.0183232 0.0115038 0.00666197 0.00347727 0.00157705 0.000595357
 3.94955e-11 1.85768e-09 6.05034e-08 1.3645e-06 2.13087e-05 0.000230423 0.0017254 0.0089467 0.0321309 0.079979 0.13836 0.168149 0.149395 0.109737 0.082863 0.0689949 0.0549105 0.0393337 0.0265821 0.0173188 0.0105863 0.00593116 0.00299206 0.00132017 0.000490576
 3.81435e-11 1.79409e-09 5.84322e-08 1.31779e-06 2.05792e-05 0.000222535 0.00166634 0.00864054 0.0310325 0.0772568 0.133731 0.162901 0.145952 0.109803 0.086154 0.0736476 0.0590158 0.0421124 0.0281982 0.0181428 0.0109051 0.0059703 0.0029253 0.00125023 0.000451052
 3.79708e-11 1.78597e-09 5.81678e-08 1.31183e-06 2.04861e-05 0.000221528 0.00165879 0.00860141 0.0308918 0.0769039 0.133104 0.162061 0.144963 0.108598 0.084805 0.0727168 0.0592075 0.0434807 0.0300315 0.0196695 0.0118354 0.00640938 0.00308197 0.00128547 0.000451157
 3.95616e-11 1.86079e-09 6.06047e-08 1.36679e-06 2.13443e-05 0.000230809 0.00172828 0.00896166 0.0321844 0.0801104 0.138575 0.168351 0.149388 0.109344 0.0821235 0.0682435 0.0545528 0.0395169 0.027132 0.0179231 0.0109906 0.00605616 0.00293047 0.00121422 0.00041933
 3.82281e-11 1.79807e-09 5.85619e-08 1.32072e-06 2.06249e-05 0.000223029 0.00167004 0.00865973 0.0311015 0.0774292 0.134034 0.163292 0.146372 0.110247 0.0865933 0.0738877 0.0588189 0.0414987 0.0274851 0.0176364 0.0106635 0.00587669 0.00287006 0.00120157 0.000416867
 3.72719e-11 1.75309e-09 5.70971e-08 1.28768e-06 2.0109e-05 0.000217451 0.00162826 0.00844315 0.030324 0.0754967 0.130711 0.159349 0.143186 0.10864 0.0865272 0.0751637 0.0613859 0.0449485 0.030826 0.0199951 0.0119168 0.0064144 0.00307851 0.00128107 0.000445419
 3.74547e-11 1.76169e-09 5.73771e-08 1.294e-06 2.02076e-05 0.000218517 0.00163625 0.00848451 0.0304721 0.075861 0.131312 0.159939 0.143261 0.107751 0.0847304 0.0731727 0.0600896 0.0447629 0.0315779 0.0211923 0.0130339 0.00714897 0.00343519 0.00141441 0.000485828
 3.66501e-11 1.72385e-09 5.61445e-08 1.2662e-06 1.97735e-05 0.000213823 0.0016011 0.00830232 0.0298185 0.0742414 0.128559 0.156827 0.141246 0.107853 0.0867268 0.0758111 0.0621097 0.0458013 0.0320697 0.0216394 0.0135778 0.00766216 0.00378364 0.00158636 0.000548389
 3.77045e-11 1.77344e-09 5.77598e-08 1.30263e-06 2.03424e-05 0.000219975 0.00164716 0.00854108 0.0306749 0.0763627 0.132158 0.160864 0.14375 0.107407 0.0836116 0.0717865 0.058994 0.0441711 0.0314069 0.021333 0.0134071 0.00761306 0.00381784 0.00163553 0.000577465
 3.77135e-11 1.77386e-09 5.77736e-08 1.30294e-06 2.03473e-05 0.000220027 0.00164755 0.00854314 0.0306827 0.076385 0.132217 0.161034 0.144213 0.108375 0.0849842 0.0729081 0.0591101 0.0432219 0.0300726 0.0202857 0.0128227 0.00734973 0.00371902 0.00160981 0.000576219
 3.78733e-11 1.78138e-09 5.80184e-08 1.30846e-06 2.04335e-05 0.000220959 0.00165454 0.00857934 0.0308126 0.0767074 0.132768 0.161674 0.144683 0.108518 0.0848606 0.0727214 0.0590103 0.0431511 0.0298446 0.0198444 0.0123277 0.00698396 0.00352722 0.00153521 0.000554524
 3.76374e-11 1.77029e-09 5.76571e-08 1.30031e-06 2.03062e-05 0.000219583 0.00164423 0.00852592 0.0306209 0.0762321 0.131958 0.160747 0.144045 0.108446 0.0853126 0.0734258 0.0597055 0.043728 0.0302875 0.0201314 0.0124454 0.00697938 0.003482 0.00150177 0.000540789
 3.71927e-11 1.74937e-09 5.69757e-08 1.28494e-06 2.00663e-05 0.000216988 0.0016248 0.00842519 0.0302594 0.0753346 0.130422 0.158955 0.142701 0.107999 0.0856969 0.0743107 0.0608108 0.0448894 0.0313569 0.0209711 0.013001 0.00728533 0.00361752 0.00154798 0.000552677
 3.9106e-11 1.83936e-09 5.99067e-08 1.35104e-06 2.10985e-05 0.000228151 0.00170838 0.00885846 0.031814 0.07919 0.136995 0.166486 0.147912 0.108661 0.0821716 0.0687984 0.0554716 0.0406778 0.0283334 0.0189741 0.0118155 0.00665261 0.0033115 0.00141571 0.000503429
 3.90957e-11 1.83887e-09 5.9891e-08 1.35069e-06 2.1093e-05 0.000228091 0.00170793 0.00885617 0.0318061 0.0791739 0.136991 0.166593 0.148363 0.109719 0.0837562 0.0702293 0.0559272 0.0399766 0.0270219 0.0177133 0.0109265 0.00614262 0.00306465 0.00131412 0.000468061
#obs surv len freq
 2.51692e-11 1.18384e-09 3.85569e-08 8.69555e-07 1.35794e-05 0.000146842 0.00109956 0.00570188 0.0204823 0.0510297 0.0885945 0.109164 0.101871 0.0855652 0.079482 0.0792577 0.075024 0.0675717 0.0598944 0.0517567 0.0429489 0.0336996 0.0241095 0.0149494 0.00763714
 5.36224e-12 2.52214e-10 8.21446e-09 1.85258e-07 2.89311e-06 3.12868e-05 0.000234332 0.00121629 0.00438533 0.0110854 0.0203369 0.0301961 0.0445987 0.071081 0.103696 0.122276 0.118902 0.105675 0.0929798 0.0808428 0.0674585 0.0527619 0.0374564 0.0230643 0.0117191
 1.96546e-14 9.24475e-13 3.01117e-11 6.79293e-10 1.06204e-08 1.15371e-07 8.79551e-07 4.88341e-06 2.21451e-05 0.000100755 0.000488699 0.0021096 0.00704488 0.0178502 0.0362832 0.0639463 0.100177 0.134235 0.149658 0.142204 0.121151 0.0950465 0.0674157 0.0413582 0.020904
 5.26166e-11 2.47483e-09 8.06037e-08 1.81782e-06 2.83878e-05 0.000306972 0.00229854 0.0119177 0.0427876 0.106373 0.183117 0.218282 0.180187 0.103069 0.0411546 0.0125038 0.00560109 0.00752234 0.0121491 0.0163089 0.0177198 0.0158221 0.0118016 0.00733708 0.00371078
 3.39521e-11 1.59694e-09 5.20114e-08 1.17299e-06 1.83179e-05 0.000198083 0.00148326 0.00769174 0.0276321 0.0688609 0.119674 0.148018 0.139759 0.119797 0.110169 0.0985464 0.0704214 0.0369446 0.015205 0.0075861 0.00704709 0.007497 0.00657296 0.00449729 0.00237891
 4.08318e-11 1.92053e-09 6.25504e-08 1.41067e-06 2.20296e-05 0.000238219 0.00178376 0.00924918 0.0332151 0.0826553 0.142839 0.172883 0.151349 0.106577 0.0755311 0.0621241 0.0531251 0.0424137 0.0299422 0.0175822 0.00861399 0.00426991 0.00270037 0.00184055 0.0010434
 3.95657e-11 1.86098e-09 6.06109e-08 1.36693e-06 2.13465e-05 0.000230833 0.00172846 0.00896262 0.0321885 0.0801248 0.138631 0.168566 0.150041 0.110739 0.0840517 0.0696411 0.0543336 0.0379116 0.025486 0.017026 0.0104974 0.00556909 0.00258123 0.00115086 0.000515144
 3.74286e-11 1.76046e-09 5.73371e-08 1.2931e-06 2.01936e-05 0.000218365 0.00163511 0.00847866 0.0304518 0.075816 0.131273 0.160078 0.143977 0.109503 0.0874298 0.0757694 0.0612278 0.0439364 0.0294098 0.0187862 0.011216 0.00611735 0.00296375 0.00124153 0.000449467
 3.46668e-11 1.63056e-09 5.31063e-08 1.19768e-06 1.87035e-05 0.000202253 0.00151447 0.00785319 0.0282071 0.0702445 0.121743 0.149009 0.135808 0.107102 0.0903555 0.0817066 0.0681679 0.0508851 0.0356889 0.02365 0.0143127 0.00774967 0.0037088 0.00153517 0.000535036
 3.72491e-11 1.75202e-09 5.7062e-08 1.28689e-06 2.00967e-05 0.000217317 0.00162726 0.00843789 0.0303044 0.0754396 0.130557 0.158903 0.141961 0.106031 0.0826429 0.0714514 0.0597138 0.0459848 0.0337461 0.0234434 0.0148341 0.00833225 0.00407402 0.00169338 0.000583717
 3.63364e-11 1.70909e-09 5.56639e-08 1.25536e-06 1.96043e-05 0.000211993 0.0015874 0.00823128 0.0295638 0.0736093 0.127482 0.155594 0.140392 0.107724 0.0871919 0.0763711 0.0623301 0.0457268 0.0321371 0.022151 0.0143994 0.00844887 0.00431674 0.00185757 0.000653848
 3.85222e-11 1.8119e-09 5.90123e-08 1.33088e-06 2.07835e-05 0.000224745 0.00168287 0.00872622 0.0313394 0.0780106 0.134968 0.164091 0.146006 0.107756 0.0822014 0.0695099 0.056703 0.0422295 0.0298713 0.0202515 0.0128171 0.00742551 0.00384069 0.00170284 0.000620218
 3.9352e-11 1.85093e-09 6.02835e-08 1.35955e-06 2.12313e-05 0.000229586 0.00171913 0.0089142 0.0320144 0.0796893 0.137863 0.167566 0.148944 0.109541 0.0828608 0.069023 0.0548676 0.0393063 0.0267718 0.0177941 0.0111809 0.0064222 0.00328555 0.00145087 0.000533102
 3.8775e-11 1.82379e-09 5.93996e-08 1.33961e-06 2.092e-05 0.00022622 0.00169392 0.00878355 0.0315459 0.0785299 0.135904 0.165404 0.147729 0.110146 0.0851661 0.0719574 0.0572204 0.0405088 0.0269169 0.0172797 0.010465 0.00583232 0.00292522 0.00127657 0.000466191
 3.69789e-11 1.73931e-09 5.66481e-08 1.27756e-06 1.99509e-05 0.000215741 0.00161546 0.00837681 0.0300863 0.0749092 0.129724 0.15829 0.142694 0.109214 0.0880434 0.0768272 0.0623337 0.0449742 0.0303692 0.0195437 0.0116503 0.00630233 0.00305371 0.00129291 0.000462011
 3.87566e-11 1.82292e-09 5.93714e-08 1.33897e-06 2.091e-05 0.000226112 0.00169311 0.00877933 0.0315302 0.0784855 0.135792 0.165099 0.146925 0.108472 0.0827591 0.0698848 0.056772 0.0419384 0.0292689 0.019391 0.0117771 0.00640329 0.00306997 0.00127013 0.000441307
 3.93375e-11 1.85025e-09 6.02613e-08 1.35905e-06 2.12234e-05 0.000229502 0.00171849 0.00891093 0.0320028 0.0796621 0.137828 0.167576 0.149124 0.110028 0.0836371 0.0698105 0.0553155 0.0392914 0.0264255 0.0173016 0.010657 0.00593551 0.00290031 0.00120761 0.000416738
 3.51599e-11 1.65375e-09 5.38616e-08 1.21472e-06 1.89695e-05 0.000205129 0.00153601 0.00796491 0.0286086 0.0712467 0.123496 0.151229 0.138057 0.109281 0.092402 0.0829077 0.067523 0.0482937 0.0322415 0.0206514 0.0123773 0.00677275 0.00330756 0.00139248 0.000486305
 3.81501e-11 1.7944e-09 5.84423e-08 1.31802e-06 2.05828e-05 0.000222574 0.00166662 0.00864195 0.0310368 0.0772576 0.133668 0.162523 0.144659 0.106906 0.0819033 0.0699399 0.0581087 0.0444018 0.0319951 0.021532 0.013095 0.00710344 0.00340938 0.00141571 0.000492115
 3.63562e-11 1.71002e-09 5.56943e-08 1.25605e-06 1.9615e-05 0.000212109 0.00158826 0.00823579 0.0295802 0.0736527 0.127573 0.155782 0.140807 0.10854 0.0883756 0.0774915 0.062846 0.0454845 0.0314041 0.0212469 0.0135085 0.00769941 0.00380775 0.0015926 0.000550454
 3.66382e-11 1.72328e-09 5.61261e-08 1.26579e-06 1.97671e-05 0.000213753 0.00160058 0.00829959 0.0298086 0.0742145 0.128499 0.15669 0.140921 0.107213 0.085857 0.0751742 0.0621974 0.0465474 0.0328849 0.0220973 0.0137549 0.00779066 0.0039244 0.00169164 0.000599665
 3.8124e-11 1.79317e-09 5.84024e-08 1.31712e-06 2.05687e-05 0.000222422 0.00166548 0.00863608 0.0310161 0.0772096 0.13361 0.162567 0.145061 0.10792 0.0833522 0.070958 0.0577713 0.0427927 0.0302268 0.0205786 0.0130216 0.00743208 0.00374202 0.00161634 0.000579357
 3.71114e-11 1.74554e-09 5.68511e-08 1.28214e-06 2.00224e-05 0.000216514 0.00162125 0.00840679 0.0301937 0.0751738 0.130163 0.158735 0.142803 0.108679 0.0868559 0.0753428 0.0610378 0.04423 0.0303701 0.0202483 0.0127173 0.00728698 0.00370247 0.00161257 0.000581574
 3.78038e-11 1.77811e-09 5.79119e-08 1.30606e-06 2.0396e-05 0.000220554 0.0016515 0.00856358 0.0307561 0.0765662 0.132522 0.161367 0.144388 0.108263 0.084664 0.072676 0.0592307 0.0436036 0.0303212 0.0201537 0.0124433 0.0069939 0.00351306 0.00152739 0.000553225
 3.65631e-11 1.71975e-09 5.60112e-08 1.2632e-06 1.97266e-05 0.000213316 0.0015973 0.00828264 0.0297482 0.0740686 0.128277 0.156564 0.141268 0.1084 0.0877502 0.0768691 0.0626754 0.0457002 0.0315183 0.0209611 0.0130072 0.00731087 0.00364142 0.00156428 0.000561397
 3.62152e-11 1.70339e-09 5.54782e-08 1.25117e-06 1.95389e-05 0.000211286 0.0015821 0.00820381 0.0294651 0.0733633 0.127054 0.155062 0.139891 0.107332 0.0870173 0.0767046 0.063423 0.0472712 0.0332923 0.0223502 0.0138654 0.00777533 0.00386702 0.00165654 0.000591117
 4.07397e-11 1.9162e-09 6.24093e-08 1.40749e-06 2.19799e-05 0.000237682 0.00177974 0.00922839 0.0331412 0.082479 0.142586 0.172817 0.152039 0.10851 0.0780983 0.0631187 0.0505679 0.0375025 0.0266091 0.0181392 0.0114549 0.00651255 0.00326023 0.00139792 0.000497884
 3.55581e-11 1.67248e-09 5.44716e-08 1.22847e-06 1.91844e-05 0.000207452 0.0015534 0.00805511 0.0289326 0.0720537 0.124895 0.152944 0.139619 0.110456 0.0931063 0.0827841 0.0661359 0.0459026 0.029893 0.0192286 0.0119168 0.00680817 0.00345253 0.0014982 0.000537602
#pred catch len freq
 2.46151e-11 1.15778e-09 3.7708e-08 8.5041e-07 1.32804e-05 0.000143609 0.00107536 0.00557645 0.0200327 0.0499204 0.086741 0.107218 0.101126 0.0870517 0.0829074 0.0827672 0.0764578 0.0661043 0.0562009 0.047127 0.0389844 0.0322781 0.0262912 0.0196515 0.0123306
 1.38078e-11 6.49453e-10 2.11523e-08 4.77037e-07 7.44966e-06 8.05589e-05 0.000603263 0.00312897 0.0112497 0.0281245 0.0494903 0.0640985 0.0697799 0.0789991 0.0961672 0.1071 0.102652 0.0902692 0.077492 0.0647791 0.0520834 0.0404972 0.0302671 0.0208343 0.0122957
 6.2286e-12 2.92964e-10 9.54164e-09 2.15188e-07 3.3605e-06 3.63401e-05 0.000272144 0.00141181 0.00507967 0.0127365 0.0226666 0.0305533 0.0370264 0.0492899 0.069275 0.0896131 0.1053 0.115366 0.115686 0.104098 0.0852596 0.0649133 0.0459211 0.0293598 0.016132
 2.84568e-11 1.33847e-09 4.35931e-08 9.83132e-07 1.5353e-05 0.000166021 0.00124314 0.00644575 0.0231448 0.0575689 0.0993036 0.119333 0.101739 0.06606 0.0409689 0.0347859 0.0415089 0.0544252 0.0673395 0.0740775 0.0709569 0.0588534 0.0422943 0.0261669 0.0136026
 4.6123e-11 2.1694e-09 7.06561e-08 1.59347e-06 2.48843e-05 0.000269088 0.00201489 0.0104474 0.0375136 0.093311 0.16097 0.193483 0.164967 0.106295 0.0611967 0.0384189 0.025689 0.0172503 0.0140115 0.014995 0.0167315 0.0163101 0.0131152 0.00854111 0.00444434
 3.54176e-11 1.66587e-09 5.42564e-08 1.22362e-06 1.91086e-05 0.000206633 0.00154727 0.00802344 0.0288203 0.0717901 0.124546 0.153018 0.141266 0.11487 0.0997638 0.0883288 0.0665362 0.0402537 0.0211894 0.0116606 0.00817801 0.00712844 0.00610798 0.00434482 0.00240061
 3.79033e-11 1.78279e-09 5.80643e-08 1.30949e-06 2.04496e-05 0.000221134 0.00165584 0.00858606 0.0308362 0.076761 0.132826 0.161581 0.144092 0.107111 0.083021 0.0719101 0.060595 0.046448 0.0322922 0.0197487 0.0105357 0.00544582 0.00318602 0.00200751 0.00111892
 3.48459e-11 1.63899e-09 5.33807e-08 1.20387e-06 1.88001e-05 0.000203297 0.00152229 0.00789378 0.028353 0.0706098 0.122389 0.149855 0.136749 0.10814 0.0913497 0.0820591 0.0672818 0.0490854 0.0340981 0.0229052 0.014063 0.00754554 0.00358094 0.00160088 0.000695802
 3.33424e-11 1.56827e-09 5.10775e-08 1.15192e-06 1.7989e-05 0.000194526 0.00145661 0.00755323 0.0271302 0.067569 0.117147 0.143579 0.131492 0.105067 0.0904457 0.0833405 0.0709916 0.0545085 0.0394168 0.0268482 0.0167164 0.0093253 0.00456881 0.00192895 0.00070104
 3.40533e-11 1.60171e-09 5.21665e-08 1.17648e-06 1.83725e-05 0.000198673 0.00148766 0.00771418 0.0277073 0.0689963 0.119554 0.146208 0.132876 0.104056 0.0871602 0.0791735 0.0675978 0.0527955 0.0394166 0.0279941 0.0181833 0.010509 0.00528893 0.00226104 0.000802335
 3.59365e-11 1.69028e-09 5.50514e-08 1.24155e-06 1.93885e-05 0.00020966 0.00156993 0.00814067 0.0292379 0.0727955 0.126054 0.153762 0.138464 0.105718 0.085144 0.0749363 0.0624267 0.0475045 0.0347851 0.0247213 0.0164196 0.00983922 0.00515097 0.00227679 0.000823867
 3.68059e-11 1.73117e-09 5.63832e-08 1.27158e-06 1.98576e-05 0.000214732 0.0016079 0.00833758 0.0299449 0.074553 0.129079 0.157366 0.141426 0.107351 0.0855602 0.0743889 0.0609262 0.0451061 0.0318951 0.021963 0.0143051 0.00855637 0.00455379 0.00207061 0.000772614
 3.77361e-11 1.77492e-09 5.78081e-08 1.30372e-06 2.03594e-05 0.000220159 0.00164854 0.00854825 0.0307011 0.0764313 0.132301 0.161152 0.144368 0.108595 0.0852713 0.073179 0.059226 0.0430814 0.0296828 0.0197931 0.0124468 0.00721332 0.00376628 0.00170837 0.00064497
 3.82042e-11 1.79694e-09 5.85253e-08 1.31989e-06 2.0612e-05 0.00022289 0.00166899 0.00865428 0.0310817 0.0773769 0.133924 0.163066 0.145876 0.109284 0.0852256 0.0726803 0.0584583 0.0421176 0.0285956 0.0186897 0.0114429 0.0064159 0.0032377 0.00142878 0.000530967
 3.673e-11 1.7276e-09 5.62669e-08 1.26896e-06 1.98166e-05 0.000214289 0.00160459 0.00832045 0.0298841 0.0744085 0.128876 0.15734 0.142111 0.109332 0.0887794 0.0777221 0.0629242 0.0451619 0.0303855 0.0196154 0.0118107 0.00647127 0.00317194 0.00135587 0.0004892
 3.67819e-11 1.73005e-09 5.63465e-08 1.27075e-06 1.98446e-05 0.000214592 0.00160686 0.00833218 0.0299257 0.0745079 0.129018 0.157373 0.141696 0.108121 0.0868951 0.0760426 0.062474 0.0461153 0.0319816 0.0210037 0.0126558 0.00685818 0.00329882 0.00137613 0.000483007
 3.84562e-11 1.80879e-09 5.89113e-08 1.3286e-06 2.07479e-05 0.00022436 0.00167999 0.00871132 0.0312862 0.0778827 0.134777 0.163996 0.146362 0.108925 0.0841002 0.0713567 0.0575767 0.041924 0.0289035 0.0191461 0.011757 0.00648257 0.00313772 0.00130027 0.000449076
 3.68959e-11 1.73541e-09 5.6521e-08 1.27469e-06 1.99061e-05 0.000215257 0.00161184 0.00835803 0.0300191 0.0747448 0.129459 0.158055 0.142765 0.109833 0.0891106 0.0777625 0.0625047 0.0443412 0.0295045 0.0189949 0.0115047 0.00634519 0.00309995 0.00129801 0.000450359
 3.58196e-11 1.68478e-09 5.48722e-08 1.23751e-06 1.93254e-05 0.000208978 0.00156482 0.00811426 0.0291439 0.0725699 0.12572 0.153625 0.139204 0.108078 0.0891134 0.0792602 0.0653957 0.048164 0.0331858 0.0215932 0.0128901 0.00694367 0.00333378 0.00138754 0.000482477
 3.6101e-11 1.69802e-09 5.53033e-08 1.24723e-06 1.94773e-05 0.000210619 0.00157711 0.00817795 0.0293721 0.0731326 0.126658 0.154594 0.139519 0.107159 0.0870356 0.0768842 0.0637675 0.0477723 0.0338511 0.0227835 0.0140328 0.007702 0.00370212 0.00152455 0.000523697
 3.52113e-11 1.65617e-09 5.39404e-08 1.21649e-06 1.89972e-05 0.000205429 0.00153825 0.00797649 0.0286494 0.0713416 0.123613 0.15115 0.137279 0.107246 0.0892063 0.0797721 0.0660002 0.04895 0.0344348 0.0233074 0.0146471 0.00827132 0.00408575 0.00171328 0.000592303
 3.63702e-11 1.71068e-09 5.57158e-08 1.25653e-06 1.96225e-05 0.00021219 0.00158887 0.00823891 0.0295907 0.0736733 0.127569 0.155592 0.140049 0.106795 0.0858391 0.0753985 0.0625892 0.0471302 0.0336591 0.0229277 0.0144299 0.00819918 0.00411303 0.00176224 0.000622241
 3.64215e-11 1.71309e-09 5.57944e-08 1.2583e-06 1.96502e-05 0.00021249 0.00159112 0.00825056 0.0296329 0.0737812 0.127777 0.155939 0.140659 0.107847 0.0872337 0.0764814 0.0625991 0.0460233 0.0321642 0.0217611 0.0137758 0.0079012 0.00399926 0.00173135 0.000619758
 3.65246e-11 1.71794e-09 5.59522e-08 1.26186e-06 1.97058e-05 0.000213091 0.00159562 0.00827389 0.0297166 0.0739891 0.128133 0.156355 0.140976 0.107976 0.0872269 0.0764771 0.0626805 0.0460949 0.0320259 0.0213597 0.0132895 0.00753422 0.00380637 0.00165695 0.000598535
 3.62149e-11 1.70338e-09 5.54779e-08 1.25116e-06 1.95387e-05 0.000211284 0.00158209 0.00820378 0.029465 0.0733652 0.127069 0.155137 0.140136 0.107875 0.0878085 0.0773882 0.0635799 0.0468391 0.0325954 0.0217335 0.0134573 0.00755236 0.00376913 0.00162586 0.000585515
 3.59745e-11 1.69207e-09 5.51096e-08 1.24286e-06 1.9409e-05 0.000209882 0.00157159 0.00814933 0.0292695 0.0728794 0.126234 0.154148 0.139341 0.107482 0.0877931 0.077667 0.0641174 0.0475726 0.0333687 0.0223777 0.0138921 0.00778964 0.00386908 0.00165586 0.000591227
 3.77964e-11 1.77776e-09 5.79005e-08 1.3058e-06 2.0392e-05 0.00022051 0.00165117 0.00856189 0.0307499 0.0765507 0.132493 0.16132 0.144309 0.108125 0.0844549 0.0724308 0.0590282 0.0435408 0.0304668 0.0204643 0.0127628 0.00719092 0.0035806 0.00153097 0.000544455
 3.782e-11 1.77887e-09 5.79367e-08 1.30662e-06 2.04047e-05 0.000220648 0.00165221 0.00856728 0.0307696 0.0766032 0.132608 0.161572 0.144888 0.109274 0.0860932 0.0738687 0.059423 0.0427141 0.0290048 0.0190731 0.0117843 0.00662965 0.00330871 0.00141898 0.000505442
#obs catch len freq
 2.28768e-11 1.07602e-09 3.50451e-08 7.90356e-07 1.23426e-05 0.000133468 0.000999424 0.00518278 0.0186199 0.0464129 0.0807373 0.100226 0.0958929 0.0853056 0.0842685 0.085714 0.0799078 0.0701877 0.0616299 0.0538098 0.0452866 0.0357886 0.0256787 0.0159876 0.00821777
 2.40322e-11 1.13036e-09 3.6815e-08 8.30273e-07 1.29659e-05 0.000140209 0.00104989 0.00544438 0.0195582 0.0487362 0.0846733 0.104617 0.0985407 0.0846411 0.080744 0.0816365 0.0775632 0.0698734 0.0619053 0.0534738 0.044363 0.0348042 0.0248977 0.0154375 0.00788632
 5.00542e-12 2.35431e-10 7.66784e-09 1.7293e-07 2.7006e-06 2.92051e-05 0.000218745 0.00113548 0.00409537 0.010366 0.0191089 0.0287816 0.0435936 0.0708807 0.104227 0.123153 0.119761 0.106374 0.0935336 0.0812893 0.0678144 0.0530327 0.0376457 0.0231799 0.0117775
 1.82794e-14 8.59792e-13 2.80051e-11 6.31783e-10 9.87849e-09 1.0735e-07 8.19531e-07 4.57305e-06 2.1043e-05 9.81343e-05 0.000485006 0.00210907 0.00705716 0.0178863 0.0363435 0.0640137 0.100227 0.134256 0.149646 0.142166 0.121099 0.0949936 0.067373 0.0413302 0.0208894
 5.22547e-11 2.45781e-09 8.00492e-08 1.80531e-06 2.81925e-05 0.00030486 0.00228273 0.0118357 0.0424933 0.105641 0.181858 0.216781 0.178948 0.102366 0.0409 0.0125126 0.00580969 0.00798388 0.0129233 0.0173491 0.018849 0.0168294 0.0125525 0.00780364 0.00394667
 3.2922e-11 1.54849e-09 5.04334e-08 1.1374e-06 1.77622e-05 0.000192074 0.00143827 0.00745849 0.0267954 0.0667879 0.116154 0.14405 0.137233 0.120055 0.112945 0.102219 0.0733214 0.0385028 0.0158441 0.0078943 0.00732484 0.0077905 0.00683001 0.00467309 0.00247187
 3.99969e-11 1.88126e-09 6.12715e-08 1.38183e-06 2.15792e-05 0.000233348 0.00174729 0.00906013 0.0325368 0.0809728 0.13997 0.169591 0.149054 0.106245 0.0770226 0.0645355 0.0555582 0.0444032 0.0313384 0.0183963 0.00901061 0.00446509 0.00282298 0.00192389 0.00109061
 3.87203e-11 1.82122e-09 5.93158e-08 1.33772e-06 2.08904e-05 0.000225901 0.00169153 0.00877118 0.0315016 0.078422 0.135732 0.165263 0.147816 0.110614 0.0858467 0.0722621 0.0566935 0.0395938 0.0266028 0.0177611 0.0109468 0.00580644 0.00269091 0.00119963 0.000536938
 3.65831e-11 1.72069e-09 5.60418e-08 1.26388e-06 1.97374e-05 0.000213432 0.00159817 0.00828718 0.0297648 0.0741127 0.128372 0.156769 0.141736 0.109347 0.0891877 0.0783784 0.0636261 0.0456843 0.0305636 0.0195119 0.0116448 0.00634981 0.00307595 0.00128843 0.000466421
 3.39626e-11 1.59744e-09 5.20275e-08 1.17335e-06 1.83236e-05 0.000198144 0.0014837 0.00769372 0.027635 0.0688258 0.119326 0.146248 0.133924 0.106934 0.0917613 0.0838257 0.0701462 0.0523666 0.0367031 0.0243077 0.0147054 0.00796056 0.00380921 0.0015766 0.000549445
 3.6558e-11 1.71951e-09 5.60033e-08 1.26302e-06 1.97238e-05 0.000213285 0.00159707 0.00828138 0.0297429 0.074047 0.128183 0.156184 0.140085 0.105804 0.0839294 0.0734419 0.061615 0.0474622 0.0348084 0.0241681 0.0152876 0.00858526 0.00419721 0.00174445 0.000601293
 3.56508e-11 1.67684e-09 5.46136e-08 1.23167e-06 1.92344e-05 0.000207993 0.00155745 0.00807601 0.0290067 0.072228 0.125129 0.152906 0.138559 0.107562 0.0885602 0.0784206 0.064222 0.0471244 0.0330962 0.0227974 0.014814 0.00869035 0.0044396 0.0019103 0.000672383
 3.7869e-11 1.78118e-09 5.80117e-08 1.30831e-06 2.04312e-05 0.000220934 0.00165434 0.00857832 0.0308087 0.0766946 0.132726 0.161527 0.144251 0.107581 0.0834759 0.0714434 0.0585144 0.043594 0.0308169 0.0208801 0.0132101 0.00765149 0.00395705 0.0017543 0.000638935
 3.87781e-11 1.82394e-09 5.94044e-08 1.33972e-06 2.09216e-05 0.000226238 0.00169406 0.00878424 0.0315481 0.0785332 0.135895 0.16532 0.147423 0.109435 0.0840504 0.0707823 0.0564737 0.040469 0.0275444 0.0182952 0.011491 0.00659885 0.00337548 0.00149047 0.000547627
 3.81282e-11 1.79337e-09 5.84087e-08 1.31727e-06 2.0571e-05 0.000222446 0.00166567 0.00863708 0.0310203 0.077227 0.133686 0.162875 0.146024 0.110046 0.0865371 0.0739726 0.0590519 0.0418215 0.0277712 0.0178163 0.0107855 0.0060095 0.00301365 0.00131506 0.000480223
 3.63787e-11 1.71108e-09 5.57287e-08 1.25682e-06 1.96271e-05 0.00021224 0.00158925 0.00824089 0.0295987 0.0737002 0.127666 0.155943 0.141108 0.109111 0.0893028 0.0786884 0.0640371 0.0462085 0.0311805 0.0200526 0.0119489 0.0064623 0.00313076 0.00132542 0.000473602
 3.82696e-11 1.80002e-09 5.86254e-08 1.32215e-06 2.06473e-05 0.000223271 0.00167184 0.00866905 0.0311345 0.0775045 0.13412 0.163191 0.145628 0.108367 0.0837483 0.0713649 0.0581433 0.042953 0.0299546 0.0198325 0.0120406 0.00654502 0.00313748 0.00129795 0.00045095
 3.87067e-11 1.82058e-09 5.9295e-08 1.33725e-06 2.08831e-05 0.000225821 0.00169094 0.00876808 0.0314903 0.0783915 0.135664 0.165109 0.147457 0.109923 0.0849624 0.0717624 0.0570917 0.04057 0.0272675 0.0178409 0.0109847 0.00611669 0.00298845 0.00124422 0.000429349
 3.45194e-11 1.62363e-09 5.28805e-08 1.19259e-06 1.8624e-05 0.000201393 0.00150803 0.00781988 0.0280883 0.0699567 0.1213 0.148725 0.136369 0.109185 0.0937646 0.0849093 0.0693427 0.0495979 0.0330881 0.0211795 0.0126886 0.00694136 0.00338942 0.00142682 0.000498275
 3.75046e-11 1.76404e-09 5.74535e-08 1.29572e-06 2.02346e-05 0.000218808 0.00163842 0.00849577 0.0305123 0.075957 0.131451 0.159986 0.142914 0.106711 0.0831332 0.0718315 0.0599102 0.0457913 0.0329759 0.0221798 0.0134843 0.0073131 0.00350952 0.00145717 0.0005065
 3.56843e-11 1.67842e-09 5.4665e-08 1.23283e-06 1.92525e-05 0.000208189 0.00155891 0.00808364 0.0290343 0.0722992 0.125268 0.153152 0.139023 0.108406 0.0897533 0.0795354 0.0647166 0.046847 0.0323218 0.0218533 0.0138887 0.00791443 0.00391362 0.00163676 0.000565691
 3.59929e-11 1.69293e-09 5.51378e-08 1.2435e-06 1.9419e-05 0.000209989 0.00157239 0.00815348 0.0292844 0.0729146 0.126284 0.154158 0.13919 0.107045 0.0871254 0.0770956 0.0639972 0.0479015 0.0338187 0.0227111 0.0141317 0.00800231 0.00403048 0.00173723 0.000615799
 3.7455e-11 1.7617e-09 5.73775e-08 1.29401e-06 2.02078e-05 0.000218519 0.00163626 0.00848458 0.0304725 0.0758618 0.131313 0.159943 0.143267 0.107749 0.0846702 0.0729476 0.0596258 0.0441815 0.0311875 0.0212198 0.0134224 0.00765922 0.00385589 0.0016654 0.000596915
 3.65008e-11 1.71682e-09 5.59158e-08 1.26104e-06 1.9693e-05 0.000212952 0.00159458 0.00826854 0.0296977 0.0739439 0.128069 0.156345 0.141182 0.108559 0.0881109 0.077206 0.062746 0.0454745 0.0312021 0.0207891 0.0130518 0.00747693 0.00379848 0.00165426 0.000596584
 3.71794e-11 1.74874e-09 5.69554e-08 1.28449e-06 2.00591e-05 0.000216911 0.00162422 0.00842219 0.0302488 0.0753084 0.13038 0.15892 0.142721 0.10812 0.0859196 0.0745602 0.0609795 0.044901 0.0312023 0.0207264 0.0127921 0.00718828 0.0036102 0.0015695 0.000568451
 3.59327e-11 1.6901e-09 5.50455e-08 1.24142e-06 1.93865e-05 0.000209638 0.00156976 0.00813988 0.029236 0.0727987 0.126114 0.154096 0.139592 0.108271 0.0890401 0.0787892 0.064442 0.0469945 0.0323878 0.0215254 0.0133522 0.00750306 0.00373665 0.00160506 0.000576005
 3.55986e-11 1.67439e-09 5.45337e-08 1.22987e-06 1.92062e-05 0.000207689 0.00155517 0.00806419 0.0289642 0.0721212 0.124938 0.152645 0.138241 0.107182 0.0882436 0.0785528 0.0651456 0.0485585 0.0341746 0.0229283 0.0142187 0.00797169 0.00396414 0.00169801 0.000605886
 4.01234e-11 1.88721e-09 6.14653e-08 1.3862e-06 2.16475e-05 0.000234087 0.00175282 0.00908884 0.0326405 0.0812374 0.14047 0.170398 0.150383 0.108344 0.0792998 0.064941 0.0522748 0.03879 0.027506 0.0187395 0.0118298 0.00672424 0.00336577 0.00144306 0.00051394
#spawning biomass
 66237.6 68215.7 55648.3 36882.8 37177.1 68134 100635 149439 189809 212072 195311 224591 216715 241036 263901 298404 265764 239335 251861 275597 272003 280046 274878 262266 267787 288489 249456 268122 281370 382387 266420 165044 100109 63416.8 44123 34421.4 29682.3 27411.3 26337 25833.3 25598.5 25489.6 25439.1 25415.8 25405.1 25400.2 25397.9 25396.9 25396.4 25396.2 25396.1 25396 25396 25396 25396 25396 25396 25396 25396 25396 25396 25396 25396 25396 25396 25396 25396 25396 25396 25396 25396 25396 25396 25396 25396 25396 25396 25396 25396 25396 25396 25396 25396 25396 25396 25396 25396 25396 25396 25396 25396 25396 25396 25396 25396 25396 25396 25396 25396 25396 25396 25396 25396 25396 25396 25396 25396 25396 25396 25396 25396 25396 25396 25396 25396 25396 25396 25396 25396 25396 25396 25396 25396 25396 25396 25396 25396 25396 0 0 0 0 0 0 0 0 0 0 0 0 0 0 0 0 0 0 0 0 0 0 0 0 0
