SBPRF35
27.4239
Curr Bio
144459
B35
2.74542e+07
F35
0.0245698
FOFL
0
OFL
0
Bzero
7.8354e+06
#pred survey bio
 26030 30694.2 23016.1 14130.2 19017.3 22724.3 31876.2 42696.2 57628.1 68329.4 72353.4 90069.8 97520.9 102939 97948.9 115685 121284 108839 135739 115109 122576 140694 145732 135549 151850 179458 163525 181295 4.67407e+06 9.19045e+06 1.46197e+07 2.00411e+07 2.508e+07 2.95464e+07 3.33856e+07 3.66214e+07 3.93161e+07 4.15464e+07 4.33892e+07 4.4915e+07 4.6185e+07 4.72504e+07 4.80725e+07 4.84099e+07 4.87412e+07 4.90661e+07 4.93842e+07 4.96953e+07 4.99995e+07 5.02968e+07 5.05871e+07 5.08707e+07 5.11476e+07 5.1418e+07 5.1682e+07 5.19398e+07 5.21916e+07 5.24374e+07 5.26774e+07 5.29119e+07 5.31409e+07 5.33645e+07 5.35831e+07 5.37966e+07 5.40052e+07 5.42091e+07 5.44084e+07 5.46032e+07 5.47936e+07 5.49798e+07 5.51619e+07 5.534e+07 5.55141e+07 5.56845e+07 5.58512e+07 5.60143e+07 5.61739e+07 5.63301e+07 5.64831e+07 5.66328e+07 5.67794e+07 5.69229e+07 5.70635e+07 5.72012e+07 5.73362e+07 5.74683e+07 5.75979e+07 5.77248e+07 5.78493e+07 5.79713e+07 5.80909e+07 5.82082e+07 5.83232e+07 5.8436e+07 5.85467e+07 5.86554e+07 5.87619e+07 5.88665e+07 5.89692e+07 5.907e+07 5.91689e+07 5.92661e+07 5.93616e+07 5.94553e+07 5.95474e+07 5.96379e+07 5.97268e+07 5.98142e+07 5.99001e+07 5.99845e+07 6.00675e+07 6.01492e+07 6.02294e+07 6.03084e+07 6.03861e+07 6.04625e+07 6.05377e+07 6.06117e+07 6.06846e+07 6.07563e+07 6.08269e+07 6.08964e+07 6.09648e+07 6.10323e+07 6.10987e+07 6.11641e+07 6.12285e+07 6.1292e+07 0 0 0 0 0 0 0 0 0 0 0 0 0 0 0 0 0 0 0 0 0 0 0 0 0
#obs survey bio
 22852.7 34228.7 16752.8 14129.7 14095.6 24360.8 29628.2 41591.8 44825.1 72141.3 54698.9 104423 89111.6 78256.3 83950.7 97805.2 148797 87713.1 125620 98315.6 80476.7 119548 132393 135999 148304 127650 182756 143087
#pred catch bio
 13273.1 19822.1 17477.5 10412.8 14607 17159 24263.6 32721.2 45928.9 56984.1 58329 75475.2 81534.6 89852.4 82177.4 101191 109584 92000 125795 104315 110860 128210 135247 123040 135097 171176 152508 165727 0 10455.7 16888.3 23347.8 29382.3 34740.9 39342.9 43208.9 46410.8 49040.7 51192.6 52953.5 54399 55592.7 56491.9 56815.5 57129.2 57433.2 57727.8 58013.3 58290 58558.2 58818.2 59070.1 59314.2 59550.9 59780.2 60002.5 60217.9 60426.7 60629 60825.1 61015.2 61199.4 61377.9 61551 61718.6 61881.2 62038.7 62191.3 62339.3 62482.7 62621.7 62756.3 62886.9 63013.4 63136 63254.8 63370 63481.6 63589.8 63694.7 63796.3 63894.8 63990.2 64082.7 64172.4 64259.3 64343.5 64425.1 64504.2 64580.9 64655.2 64727.2 64797 64864.6 64930.2 64993.7 65055.3 65114.9 65172.8 65228.8 65283.2 65335.8 65386.9 65436.3 65484.2 65530.7 65575.7 65619.4 65661.7 65702.6 65742.4 65780.9 65818.2 65854.3 65889.4 65923.4 65956.3 65988.2 66019.1 66049.1 66078.1 66106.3 66133.6 66160 66185.6 66210.5 66234.5 66257.9 0 0 0 0 0 0 0 0 0 0 0 0 0 0 0 0 0 0 0 0 0 0 0 0 0
#obs catch bio
 21840.3 18853.6 19249.6 13319.9 10904.2 14968.3 21085.5 26223.2 45120 50142.9 56077.9 67019.9 72755.5 80633 72477.6 91900.1 94110.2 76308.2 118586 94829.9 109544 118538 114974 98282.6 109592 146960 124621 145024
#pred cpue bio
 19279.4 25973.1 21543 10020.1 9659.62 12674.1 15589.1 21947.3 28641.7 34820.2 35293.5 42448.7 46597 50673 44487.2 50990.4 51139.8 46116.4 56037.1 44767.2 44262.3 48609.6 53972.7 49326 52607.2 65852.3 50482.9 56557 1.67963e+06 9.05269e+06 1.44979e+07 1.99178e+07 2.49566e+07 2.94229e+07 3.32622e+07 3.64979e+07 3.91927e+07 4.14229e+07 4.32657e+07 4.47916e+07 4.60616e+07 4.71269e+07 4.7949e+07 4.82864e+07 4.86178e+07 4.89426e+07 4.92607e+07 4.95719e+07 4.98761e+07 5.01733e+07 5.04637e+07 5.07473e+07 5.10242e+07 5.12946e+07 5.15586e+07 5.18164e+07 5.20681e+07 5.23139e+07 5.2554e+07 5.27884e+07 5.30174e+07 5.32411e+07 5.34596e+07 5.36731e+07 5.38818e+07 5.40857e+07 5.42849e+07 5.44797e+07 5.46702e+07 5.48564e+07 5.50384e+07 5.52165e+07 5.53907e+07 5.55611e+07 5.57277e+07 5.58909e+07 5.60505e+07 5.62067e+07 5.63596e+07 5.65093e+07 5.66559e+07 5.67995e+07 5.69401e+07 5.70778e+07 5.72127e+07 5.73449e+07 5.74744e+07 5.76014e+07 5.77258e+07 5.78478e+07 5.79674e+07 5.80847e+07 5.81998e+07 5.83126e+07 5.84233e+07 5.85319e+07 5.86385e+07 5.87431e+07 5.88457e+07 5.89465e+07 5.90455e+07 5.91427e+07 5.92381e+07 5.93318e+07 5.94239e+07 5.95144e+07 5.96033e+07 5.96907e+07 5.97766e+07 5.98611e+07 5.99441e+07 6.00257e+07 6.0106e+07 6.0185e+07 6.02626e+07 6.03391e+07 6.04143e+07 6.04883e+07 6.05611e+07 6.06328e+07 6.07034e+07 6.07729e+07 6.08414e+07 6.09088e+07 6.09752e+07 6.10406e+07 6.11051e+07 6.11686e+07 0 0 0 0 0 0 0 0 0 0 0 0 0 0 0 0 0 0 0 0 0 0 0 0 0
#obs cpue bio
 28993.7 31801.6 15414.1 10006.2 16403.5 24689.4 27119.3 50649.9 42400.8 56966.2 51553.6 65184.3 77371.6 103882 82562.1 90539.6 85702 99126.9 87665.4 71776.1 67504.1 82990.2 117911 119245 118953 172217 101841 116024
#pred surv len freq
 1.30522e-11 1.4167e-09 9.06684e-08 3.42154e-06 7.61338e-05 0.000998918 0.00772901 0.0352842 0.0952879 0.154237 0.159146 0.130077 0.114544 0.0997749 0.0714983 0.0460393 0.0294963 0.0184954 0.0116645 0.00773728 0.00554767 0.0043844 0.00364567 0.00274747 0.00158546
 8.22124e-12 8.92337e-10 5.71094e-08 2.15514e-06 4.79551e-05 0.00062923 0.00486985 0.0222611 0.0605219 0.101222 0.119704 0.136866 0.164138 0.155683 0.104581 0.0571613 0.0311281 0.0174886 0.00980365 0.00549423 0.00320065 0.00206521 0.00148583 0.0010482 0.000597512
 4.02943e-12 4.37356e-10 2.79908e-08 1.05629e-06 2.35045e-05 0.00030844 0.00238837 0.0109464 0.0301536 0.0535865 0.077713 0.121316 0.174168 0.181084 0.139301 0.0933687 0.0572968 0.0302969 0.0144509 0.00682797 0.00328737 0.00166306 0.000941295 0.000571001 0.000305565
 1.41197e-11 1.53256e-09 9.80834e-08 3.70136e-06 8.236e-05 0.0010806 0.00836054 0.0381568 0.102901 0.165393 0.165212 0.121305 0.0926397 0.080756 0.0691727 0.0574423 0.0431921 0.0275661 0.0149815 0.00695207 0.00285799 0.00113753 0.000480401 0.000224455 0.000103419
 1.6854e-11 1.82934e-09 1.17077e-07 4.41814e-06 9.83091e-05 0.00128986 0.00997976 0.0455503 0.122888 0.197908 0.199467 0.150525 0.116252 0.0881887 0.0480168 0.0161584 0.00324356 0.000390623 3.2205e-05 4.17789e-06 1.4223e-06 5.24307e-07 1.75462e-07 5.90403e-08 2.07337e-08
 1.57688e-11 1.71155e-09 1.09539e-07 4.13366e-06 9.19792e-05 0.00120682 0.00933748 0.0426245 0.115073 0.185956 0.190403 0.151475 0.126434 0.099805 0.0549038 0.0185074 0.00370738 0.000438571 3.06005e-05 1.25901e-06 3.05444e-08 4.3693e-10 3.68534e-12 1.83293e-14 5.37508e-17
 1.7242e-11 1.87145e-09 1.19773e-07 4.51985e-06 0.000100572 0.00131955 0.0102094 0.0465964 0.125682 0.202182 0.202712 0.150197 0.112629 0.0840494 0.0455554 0.0153086 0.0030647 0.0003625 2.52922e-05 1.0406e-06 2.52457e-08 3.61133e-10 3.04602e-12 1.51496e-14 4.44263e-17
 1.6725e-11 1.81534e-09 1.16181e-07 4.38432e-06 9.75567e-05 0.00127999 0.00990341 0.0452025 0.121959 0.196488 0.198392 0.150645 0.117474 0.0895787 0.0488361 0.0164312 0.00329024 0.000389196 2.71551e-05 1.11725e-06 2.71052e-08 3.87733e-10 3.27038e-12 1.62655e-14 4.76986e-17
 1.70795e-11 1.85382e-09 1.18644e-07 4.47726e-06 9.96247e-05 0.00130712 0.0101132 0.0461584 0.124512 0.200392 0.201355 0.150338 0.114151 0.0857869 0.0465864 0.0156613 0.00313558 0.000370889 2.58776e-05 1.06469e-06 2.583e-08 3.69492e-10 3.11652e-12 1.55002e-14 4.54546e-17
 1.68184e-11 1.82548e-09 1.1683e-07 4.40881e-06 9.81015e-05 0.00128714 0.0099587 0.0454543 0.122632 0.197516 0.199173 0.150564 0.116599 0.0885797 0.0482434 0.0162283 0.00324949 0.000384373 2.68185e-05 1.1034e-06 2.67692e-08 3.82927e-10 3.22984e-12 1.60639e-14 4.71074e-17
 1.72675e-11 1.87422e-09 1.1995e-07 4.52653e-06 0.000100721 0.0013215 0.0102245 0.0466651 0.125866 0.202463 0.202925 0.150175 0.11239 0.0837768 0.0453937 0.0152532 0.00305358 0.000361183 2.52003e-05 1.03682e-06 2.5154e-08 3.59821e-10 3.03496e-12 1.50946e-14 4.4265e-17
 1.75974e-11 1.91003e-09 1.22242e-07 4.61301e-06 0.000102645 0.00134675 0.0104197 0.0475546 0.128242 0.206096 0.205682 0.149889 0.109299 0.0802485 0.0433002 0.0145369 0.00290966 0.000344148 2.40116e-05 9.87913e-07 2.39674e-08 3.42847e-10 2.89179e-12 1.43825e-14 4.21769e-17
 1.74679e-11 1.89598e-09 1.21342e-07 4.57908e-06 0.00010189 0.00133684 0.0103431 0.0472055 0.127309 0.20467 0.2046 0.150001 0.110512 0.0816331 0.0441217 0.014818 0.00296614 0.000350833 2.44781e-05 1.00711e-06 2.4433e-08 3.49508e-10 2.94797e-12 1.46619e-14 4.29962e-17
 1.71767e-11 1.86436e-09 1.19319e-07 4.50273e-06 0.000100191 0.00131456 0.0101708 0.0464203 0.125212 0.201463 0.202167 0.150254 0.113241 0.0847478 0.0459698 0.0154503 0.00309319 0.000365872 2.55275e-05 1.05028e-06 2.54806e-08 3.64493e-10 3.07436e-12 1.52905e-14 4.48396e-17
 1.79303e-11 1.94616e-09 1.24554e-07 4.70029e-06 0.000104587 0.00137223 0.0106168 0.0484522 0.130639 0.209763 0.208464 0.1496 0.106179 0.0766879 0.0411875 0.0138139 0.00276442 0.000326957 2.2812e-05 9.38555e-07 2.27699e-08 3.25718e-10 2.74731e-12 1.36639e-14 4.00696e-17
 1.81855e-11 1.97386e-09 1.26327e-07 4.76718e-06 0.000106076 0.00139175 0.0107678 0.0491401 0.132477 0.212573 0.210596 0.149379 0.103788 0.073959 0.0395684 0.0132599 0.00265311 0.000313781 2.18925e-05 9.00726e-07 2.18522e-08 3.1259e-10 2.63658e-12 1.31132e-14 3.84546e-17
 1.85402e-11 2.01236e-09 1.28791e-07 4.86017e-06 0.000108145 0.0014189 0.0109778 0.0500965 0.135031 0.21648 0.213559 0.149072 0.100464 0.0701653 0.0373175 0.0124897 0.00249836 0.000295465 2.06144e-05 8.48138e-07 2.05764e-08 2.94339e-10 2.48264e-12 1.23476e-14 3.62094e-17
 1.85025e-11 2.00827e-09 1.28529e-07 4.85028e-06 0.000107925 0.00141601 0.0109554 0.0499948 0.13476 0.216065 0.213244 0.149104 0.100817 0.0705685 0.0375567 0.0125715 0.00251481 0.000297412 2.07503e-05 8.53727e-07 2.0712e-08 2.96279e-10 2.499e-12 1.2429e-14 3.6448e-17
 1.87006e-11 2.02977e-09 1.29905e-07 4.9022e-06 0.00010908 0.00143117 0.0110727 0.0505288 0.136186 0.218246 0.214899 0.148933 0.0989609 0.0684504 0.0363 0.0121415 0.00242841 0.000287185 2.00366e-05 8.24365e-07 1.99996e-08 2.86089e-10 2.41305e-12 1.20015e-14 3.51945e-17
 1.91247e-11 2.07581e-09 1.32851e-07 5.01339e-06 0.000111554 0.00146363 0.0113237 0.0516724 0.139241 0.222918 0.218443 0.148565 0.094986 0.063914 0.0336083 0.0112205 0.00224336 0.000265282 1.85082e-05 7.61481e-07 1.8474e-08 2.64265e-10 2.22898e-12 1.1086e-14 3.25097e-17
 1.95996e-11 2.12735e-09 1.3615e-07 5.13788e-06 0.000114324 0.00149997 0.0116048 0.0529528 0.14266 0.228149 0.222411 0.148153 0.0905358 0.0588351 0.0305949 0.0101893 0.00203619 0.000240761 1.67971e-05 6.91077e-07 1.67659e-08 2.39832e-10 2.02289e-12 1.0061e-14 2.9504e-17
 1.98578e-11 2.15538e-09 1.37944e-07 5.20557e-06 0.00011583 0.00151973 0.0117576 0.053649 0.14452 0.230992 0.224569 0.147929 0.0881161 0.0560735 0.0289563 0.00962861 0.00192355 0.000227427 1.58667e-05 6.52795e-07 1.58372e-08 2.26547e-10 1.91084e-12 9.50368e-15 2.78696e-17
 1.94437e-11 2.11043e-09 1.35067e-07 5.09701e-06 0.000113415 0.00148804 0.0115125 0.0525324 0.141538 0.226431 0.221108 0.148288 0.091997 0.0605027 0.0315843 0.0105279 0.00210422 0.000248812 1.73589e-05 7.14193e-07 1.73268e-08 2.47854e-10 2.09056e-12 1.03975e-14 3.04909e-17
 1.95527e-11 2.12226e-09 1.35824e-07 5.12558e-06 0.00011405 0.00149638 0.011577 0.0528263 0.142323 0.227632 0.222019 0.148194 0.0909755 0.0593369 0.0308926 0.0102912 0.00205666 0.000243183 1.69662e-05 6.98033e-07 1.69347e-08 2.42246e-10 2.04326e-12 1.01623e-14 2.9801e-17
 1.98424e-11 2.1537e-09 1.37837e-07 5.20152e-06 0.00011574 0.00151855 0.0117484 0.0536073 0.144409 0.230822 0.22444 0.147943 0.088261 0.0562389 0.0290544 0.00966218 0.00193029 0.000228225 1.59224e-05 6.55087e-07 1.58928e-08 2.27342e-10 1.91755e-12 9.53705e-15 2.79675e-17
 1.95013e-11 2.11668e-09 1.35467e-07 5.11211e-06 0.000113751 0.00149245 0.0115466 0.0526877 0.141952 0.227066 0.22159 0.148238 0.0914573 0.0598867 0.0312188 0.0104028 0.00207909 0.000245838 1.71514e-05 7.05654e-07 1.71196e-08 2.44891e-10 2.06556e-12 1.02732e-14 3.01263e-17
 2.04446e-11 2.21906e-09 1.4202e-07 5.35938e-06 0.000119253 0.00156463 0.0121049 0.0552309 0.148745 0.237455 0.229471 0.147421 0.0826178 0.0497986 0.0252332 0.00835461 0.00166759 0.00019713 1.37525e-05 5.6581e-07 1.37269e-08 1.96359e-10 1.65622e-12 8.2373e-15 2.4156e-17
 2.0394e-11 2.21357e-09 1.41668e-07 5.34613e-06 0.000118958 0.00156076 0.0120749 0.0550945 0.148381 0.236898 0.229049 0.147464 0.0830917 0.0503393 0.025554 0.0084644 0.00168965 0.000199741 1.39347e-05 5.73307e-07 1.39087e-08 1.98961e-10 1.67816e-12 8.34644e-15 2.4476e-17
#obs surv len freq
 4.3808e-11 4.05998e-09 2.21861e-07 7.14866e-06 0.000135818 0.00152158 0.0100533 0.0392078 0.0906803 0.127427 0.121731 0.109203 0.114858 0.114552 0.0992232 0.0766839 0.0501292 0.0267945 0.0118847 0.00433621 0.00125091 0.000272783 4.29894e-05 4.68671e-06 3.40269e-07
 2.33532e-11 2.08744e-09 1.10019e-07 3.41912e-06 6.26555e-05 0.000677124 0.00431887 0.0163238 0.0373384 0.0570275 0.0781963 0.121 0.165631 0.169099 0.138964 0.100354 0.0614228 0.0307942 0.0128584 0.00443644 0.0012065 0.000245144 3.55433e-05 3.5403e-06 2.34766e-07
 1.24638e-11 1.07268e-09 5.44346e-08 1.62882e-06 2.87396e-05 0.000299092 0.00183821 0.00671706 0.0151054 0.0242826 0.0396708 0.0736313 0.122083 0.170266 0.197007 0.171232 0.105436 0.0478927 0.0175177 0.00537389 0.00133173 0.000249647 3.34242e-05 3.06016e-06 1.85559e-07
 2.46813e-10 2.04189e-08 9.96053e-07 2.86497e-05 0.000485898 0.00485912 0.0286525 0.0996282 0.204334 0.247576 0.178767 0.0811878 0.0320437 0.0244212 0.0288413 0.0288119 0.0215245 0.0119827 0.00494409 0.00150521 0.000340159 5.6874e-05 6.84331e-06 5.6888e-07 3.14756e-08
 1.30754e-10 1.03825e-08 4.86108e-07 1.34201e-05 0.000218463 0.00209733 0.011884 0.039907 0.0811217 0.11009 0.133222 0.177659 0.199093 0.146208 0.0668418 0.0208415 0.00633212 0.00270996 0.00122014 0.000421196 0.000101551 1.67177e-05 1.86492e-06 1.3978e-07 6.93805e-09
 3.68524e-10 2.80457e-08 1.2585e-06 3.32986e-05 0.000519504 0.00477916 0.025928 0.0830099 0.157386 0.180003 0.135845 0.0923341 0.0819603 0.083279 0.0751591 0.0503409 0.0220944 0.00606438 0.0010831 0.00015284 2.2726e-05 3.32707e-06 3.6534e-07 2.65639e-08 1.23735e-09
 4.50746e-10 3.2832e-08 1.4101e-06 3.57099e-05 0.000533241 0.00469555 0.0243923 0.0749103 0.13751 0.159244 0.142723 0.137381 0.131594 0.0956475 0.0520799 0.0243921 0.0102764 0.00352343 0.000886747 0.000153718 1.79751e-05 1.48361e-06 9.61316e-08 5.15232e-09 2.09571e-10
 6.23798e-10 4.3433e-08 1.78313e-06 4.31653e-05 0.000616143 0.00518634 0.0257551 0.0756298 0.132905 0.148155 0.130193 0.126135 0.125642 0.103262 0.0694395 0.0374994 0.0146997 0.00395229 0.00075749 0.000112928 1.34231e-05 1.18251e-06 7.13173e-08 2.85918e-09 7.73272e-11
 1.04003e-09 6.91371e-08 2.70998e-06 6.26338e-05 0.000853586 0.00685988 0.032524 0.0911771 0.152894 0.162259 0.134626 0.12205 0.11376 0.0870594 0.0543596 0.0276745 0.0104807 0.00276684 0.000512354 6.89746e-05 6.89264e-06 5.10087e-07 2.74931e-08 1.04514e-09 2.6856e-11
 1.22248e-09 7.75023e-08 2.89717e-06 6.38591e-05 0.000829996 0.00636215 0.0287857 0.077217 0.125579 0.136995 0.134295 0.146645 0.141424 0.102715 0.0590635 0.0275906 0.00963344 0.00234485 0.000399719 4.97043e-05 4.59533e-06 3.09641e-07 1.47272e-08 4.82778e-10 1.0728e-11
 2.26358e-09 1.36715e-07 4.86882e-06 0.00010224 0.00126595 0.00924404 0.0398313 0.101597 0.155893 0.155232 0.129354 0.121623 0.112358 0.0850467 0.0525969 0.0252518 0.00844405 0.00185493 0.000270612 2.77154e-05 2.11037e-06 1.21076e-07 5.07471e-09 1.49057e-10 2.96595e-12
 2.87107e-09 1.65039e-07 5.59394e-06 0.0001118 0.00131757 0.00915824 0.0375888 0.0916366 0.136636 0.141334 0.138817 0.148482 0.13303 0.0884638 0.0463973 0.0195186 0.00602932 0.0012714 0.000182101 1.82803e-05 1.31439e-06 6.72336e-08 2.40319e-09 5.93017e-11 1.00077e-12
 4.68708e-09 2.56196e-07 8.25713e-06 0.00015692 0.00175847 0.0116224 0.0453554 0.105088 0.148615 0.14462 0.13221 0.134172 0.119364 0.0831866 0.0466597 0.0200153 0.00589524 0.00112194 0.000138218 1.1535e-05 6.92085e-07 3.07444e-08 9.91857e-10 2.23112e-11 3.38094e-13
 6.40836e-09 3.32795e-07 1.01905e-05 0.000183995 0.00195902 0.0123036 0.0456563 0.10094 0.138441 0.138415 0.139802 0.148225 0.126843 0.0820744 0.0424163 0.0169767 0.00475714 0.000879573 0.000107552 8.99615e-06 5.29e-07 2.18363e-08 6.21068e-10 1.19986e-11 1.5644e-13
 1.04899e-08 5.17165e-07 1.5034e-05 0.000257698 0.00260477 0.0155306 0.0547112 0.114815 0.149353 0.141186 0.134583 0.136492 0.114869 0.0754135 0.0396284 0.0155925 0.00415052 0.000712501 7.95872e-05 6.03564e-06 3.24659e-07 1.25326e-08 3.395e-10 6.25398e-12 7.64364e-14
 1.46514e-08 6.85271e-07 1.88988e-05 0.000307329 0.00294721 0.0166748 0.0557945 0.111732 0.141618 0.139054 0.144391 0.148275 0.118001 0.0710877 0.0340783 0.0123786 0.00308306 0.000499802 5.30256e-05 3.81981e-06 1.93369e-07 6.9145e-09 1.7128e-10 2.87478e-12 3.21859e-14
 2.47272e-08 1.09654e-06 2.86723e-05 0.000442077 0.00401947 0.0215611 0.0683892 0.129721 0.155131 0.142012 0.136654 0.132952 0.103379 0.0624303 0.0298895 0.0105178 0.00246575 0.000368129 3.52184e-05 2.24434e-06 9.98532e-08 3.1749e-09 7.1254e-11 1.0968e-12 1.1288e-14
 2.92248e-08 1.22814e-06 3.04321e-05 0.000444656 0.00383172 0.01949 0.0587639 0.107211 0.129597 0.13544 0.153909 0.156374 0.118975 0.0696357 0.0322939 0.0110287 0.00254543 0.000385826 3.90492e-05 2.70975e-06 1.29711e-07 4.20777e-09 9.05164e-11 1.27689e-12 1.17898e-14
 5.16947e-08 2.05781e-06 4.83009e-05 0.00066851 0.00545665 0.026286 0.0749993 0.128977 0.144565 0.135235 0.138443 0.134717 0.104075 0.0637973 0.0302142 0.0100225 0.00216387 0.000299416 2.72864e-05 1.71484e-06 7.67096e-08 2.42901e-09 5.27874e-11 7.62302e-13 7.14083e-15
 6.72731e-08 2.53586e-06 5.6364e-05 0.000738739 0.00571081 0.0260698 0.0706882 0.117064 0.132982 0.13876 0.155497 0.148719 0.106864 0.0600381 0.0264022 0.00835337 0.00177671 0.00025146 2.42117e-05 1.61368e-06 7.39365e-08 2.28106e-09 4.6618e-11 6.26463e-13 5.50898e-15
 1.10554e-07 3.94532e-06 8.30197e-05 0.00103013 0.0075391 0.032581 0.0836159 0.130915 0.139949 0.136493 0.144631 0.134952 0.0981073 0.0564326 0.0246129 0.00740103 0.00145027 0.000185283 1.60104e-05 9.75292e-07 4.24153e-08 1.28831e-09 2.64147e-11 3.55361e-13 3.07497e-15
 1.54702e-07 5.22591e-06 0.000104093 0.00122267 0.00847161 0.0346831 0.0845776 0.127533 0.137524 0.143725 0.156311 0.138876 0.0926344 0.0483805 0.0193704 0.0054385 0.00100907 0.000123318 1.022e-05 5.90715e-07 2.38874e-08 6.6403e-10 1.24365e-11 1.54571e-13 1.25799e-15
 2.34984e-07 7.51335e-06 0.000141653 0.00157488 0.0103292 0.0400397 0.0925562 0.132949 0.138688 0.142618 0.151644 0.132012 0.0879072 0.0459323 0.0179203 0.00476155 0.000819335 9.15034e-05 6.86435e-06 3.59316e-07 1.32965e-08 3.42102e-10 5.95581e-12 6.85755e-14 5.13486e-16
 3.28619e-07 9.94536e-06 0.000177479 0.00186776 0.0115976 0.0425982 0.0936733 0.130153 0.137872 0.149326 0.158846 0.131993 0.0825494 0.0403121 0.0147032 0.00366188 0.000592441 6.23432e-05 4.40021e-06 2.14971e-07 7.32862e-09 1.71666e-10 2.70469e-12 2.81956e-14 1.92031e-16
 4.4896e-07 1.28614e-05 0.000217258 0.00216434 0.0127246 0.0442955 0.0927274 0.124893 0.134379 0.151405 0.161423 0.132916 0.0834984 0.0407904 0.0145122 0.00345476 0.000530229 5.29394e-05 3.55271e-06 1.64926e-07 5.31542e-09 1.16788e-10 1.71119e-12 1.64492e-14 1.02507e-16
 7.08879e-07 1.92242e-05 0.000307417 0.0028992 0.0161366 0.0531891 0.105503 0.134957 0.138536 0.149153 0.152258 0.121429 0.0747087 0.0355539 0.0121464 0.00275573 0.000403825 3.87781e-05 2.51955e-06 1.13217e-07 3.50537e-09 7.32724e-11 1.01325e-12 9.13822e-15 5.31646e-17
 8.61756e-07 2.21263e-05 0.000335003 0.00299168 0.015777 0.0494104 0.0942818 0.121555 0.137936 0.163975 0.16756 0.127119 0.0733103 0.0326442 0.0104817 0.00225289 0.000316183 2.94428e-05 1.87181e-06 8.23278e-08 2.47778e-09 4.99215e-11 6.60761e-13 5.67024e-15 3.12119e-17
 1.18608e-06 2.88364e-05 0.00041342 0.00349621 0.0174658 0.0518904 0.0945103 0.118801 0.135961 0.162534 0.16521 0.127207 0.0756131 0.0338991 0.0105351 0.00213088 0.000276777 2.36184e-05 1.37322e-06 5.56781e-08 1.5665e-09 2.98811e-11 3.77182e-13 3.09211e-15 1.62269e-17
#pred catch len freq
 6.04354e-13 6.55969e-11 4.19824e-09 1.58437e-07 3.52636e-06 4.63306e-05 0.000360958 0.00170561 0.00539928 0.0151412 0.0456421 0.114514 0.189755 0.200635 0.149776 0.0970737 0.0622264 0.0390162 0.024605 0.0163206 0.0117019 0.00924814 0.00768991 0.00579533 0.00334425
 2.99363e-13 3.24932e-11 2.07961e-09 7.8488e-08 1.74759e-06 2.30051e-05 0.00018099 0.000895919 0.0033758 0.013181 0.0497536 0.133318 0.222111 0.228174 0.155729 0.0853281 0.0464658 0.026101 0.0146303 0.00819896 0.00477624 0.00308185 0.00221726 0.0015642 0.000891648
 1.27542e-13 1.38436e-11 8.86035e-10 3.3445e-08 7.45191e-07 9.84416e-06 7.88082e-05 0.00042127 0.00198189 0.0100229 0.0423141 0.116974 0.198805 0.214336 0.165959 0.111299 0.0682825 0.0361002 0.0172176 0.00813487 0.00391654 0.00198134 0.00112144 0.00068028 0.000364045
 3.07237e-12 3.33476e-10 2.13424e-08 8.05403e-07 1.79218e-05 0.000235182 0.00182118 0.00834871 0.0230228 0.0411147 0.0605281 0.0966058 0.142743 0.159112 0.143404 0.119782 0.0900611 0.0574678 0.03123 0.0144917 0.00595746 0.00237116 0.00100139 0.000467874 0.000215576
 1.32332e-11 1.43634e-09 9.19255e-08 3.46899e-06 7.71896e-05 0.00101278 0.00783681 0.0357884 0.0968135 0.158029 0.169213 0.153661 0.150176 0.126907 0.0709923 0.024024 0.00482773 0.000581489 4.79122e-05 6.2006e-06 2.10869e-06 7.77271e-07 2.60116e-07 8.75253e-08 3.0737e-08
 1.09763e-11 1.19137e-09 7.62475e-08 2.87735e-06 6.40251e-05 0.000840073 0.00650104 0.0297034 0.0805605 0.133172 0.150359 0.15563 0.171345 0.15106 0.085315 0.0289136 0.00579809 0.000686037 4.7869e-05 1.96951e-06 4.77817e-08 6.83505e-10 5.76511e-12 2.86732e-14 8.40843e-17
 1.37396e-11 1.4913e-09 9.5443e-08 3.60172e-06 8.01432e-05 0.00105153 0.0081365 0.0371536 0.10046 0.163607 0.173448 0.153234 0.14545 0.121507 0.0677802 0.0229135 0.00459261 0.000543351 3.79122e-05 1.55984e-06 3.78429e-08 5.41332e-10 4.56594e-12 2.2709e-14 6.65943e-17
 1.29741e-11 1.40821e-09 9.01254e-08 3.40106e-06 7.56781e-05 0.000992954 0.00768344 0.0350897 0.0949474 0.155176 0.167052 0.153898 0.152623 0.129694 0.0726378 0.0245757 0.00492656 0.000582878 4.06704e-05 1.67333e-06 4.05962e-08 5.80717e-10 4.89813e-12 2.43612e-14 7.14394e-17
 1.42079e-11 1.54213e-09 9.86959e-08 3.72448e-06 8.28746e-05 0.00108737 0.00841365 0.0384161 0.103832 0.168764 0.177361 0.152828 0.141062 0.116499 0.0648087 0.0218967 0.00438833 0.000519171 3.62248e-05 1.49042e-06 3.61586e-08 5.17239e-10 4.36272e-12 2.16983e-14 6.36304e-17
 1.45058e-11 1.57447e-09 1.00766e-07 3.80258e-06 8.46125e-05 0.00111017 0.00859 0.0392194 0.105978 0.172046 0.17985 0.15257 0.13827 0.113312 0.0629181 0.0212498 0.00425835 0.000503785 3.51512e-05 1.44625e-06 3.5087e-08 5.0191e-10 4.23342e-12 2.10552e-14 6.17446e-17
 1.46675e-11 1.59202e-09 1.01889e-07 3.84497e-06 8.55556e-05 0.00112254 0.00868569 0.0396553 0.107142 0.173827 0.181201 0.152429 0.136754 0.111583 0.0618921 0.0208987 0.00418781 0.000495437 3.45687e-05 1.42228e-06 3.45054e-08 4.93591e-10 4.16325e-12 2.07062e-14 6.07212e-17
 1.56673e-11 1.70054e-09 1.08834e-07 4.10706e-06 9.13873e-05 0.00119905 0.00927742 0.0423509 0.114342 0.184838 0.189555 0.151562 0.127385 0.10089 0.0555477 0.0187278 0.00375165 0.000443811 3.09661e-05 1.27405e-06 3.09094e-08 4.42151e-10 3.72938e-12 1.85483e-14 5.43931e-17
 1.54582e-11 1.67784e-09 1.07381e-07 4.05224e-06 9.01676e-05 0.00118305 0.00915366 0.0417871 0.112836 0.182535 0.187808 0.151744 0.129345 0.103127 0.0568747 0.0191818 0.00384288 0.000454608 3.17196e-05 1.30505e-06 3.16615e-08 4.5291e-10 3.82012e-12 1.89997e-14 5.57166e-17
 1.56174e-11 1.69512e-09 1.08488e-07 4.09399e-06 9.10965e-05 0.00119524 0.00924791 0.0422164 0.113983 0.184289 0.189138 0.151606 0.127853 0.101424 0.0558642 0.018836 0.00377341 0.000446386 3.11458e-05 1.28145e-06 3.10888e-08 4.44716e-10 3.75102e-12 1.86559e-14 5.47087e-17
 1.61417e-11 1.75203e-09 1.1213e-07 4.23143e-06 9.41547e-05 0.00123536 0.00955822 0.04363 0.117759 0.190064 0.193519 0.151151 0.122939 0.0958163 0.0525371 0.0176976 0.00354468 0.000419312 2.92566e-05 1.20372e-06 2.9203e-08 4.17741e-10 3.52349e-12 1.75243e-14 5.13902e-17
 1.69331e-11 1.83793e-09 1.17627e-07 4.43888e-06 9.87708e-05 0.00129592 0.0100266 0.0457637 0.123458 0.19878 0.200132 0.150465 0.115523 0.0873526 0.0475153 0.0159792 0.00319944 0.000378448 2.64051e-05 1.08639e-06 2.63566e-08 3.77024e-10 3.18005e-12 1.58162e-14 4.63812e-17
 1.7678e-11 1.91878e-09 1.22801e-07 4.63414e-06 0.000103115 0.00135292 0.0104674 0.0477719 0.128822 0.206984 0.206355 0.149819 0.108543 0.0793866 0.0427888 0.0143618 0.0028745 0.000339987 2.37212e-05 9.75964e-07 2.36775e-08 3.38701e-10 2.85681e-12 1.42086e-14 4.16667e-17
 1.69989e-11 1.84507e-09 1.18084e-07 4.45614e-06 9.91546e-05 0.00130095 0.0100656 0.0459411 0.123932 0.199505 0.200681 0.150408 0.114907 0.0866488 0.0470977 0.0158363 0.00317073 0.00037505 2.61679e-05 1.07663e-06 2.61199e-08 3.73638e-10 3.15149e-12 1.56742e-14 4.59646e-17
 1.80817e-11 1.9626e-09 1.25606e-07 4.73998e-06 0.000105471 0.00138382 0.0107064 0.0488604 0.13173 0.211431 0.209729 0.149469 0.10476 0.0750685 0.0402267 0.0134851 0.00269836 0.000319138 2.22664e-05 9.16106e-07 2.22253e-08 3.17927e-10 2.6816e-12 1.33371e-14 3.91112e-17
 1.83948e-11 1.99658e-09 1.27781e-07 4.82205e-06 0.000107297 0.00140777 0.0108917 0.0497045 0.133984 0.214879 0.212344 0.149198 0.101826 0.0717204 0.0382401 0.0128054 0.00256179 0.000302973 2.11383e-05 8.69694e-07 2.10993e-08 3.0182e-10 2.54574e-12 1.26614e-14 3.71297e-17
 1.89386e-11 2.0556e-09 1.31558e-07 4.96459e-06 0.000110468 0.00144938 0.0112135 0.0511705 0.1379 0.220868 0.216888 0.148726 0.0967306 0.0659051 0.0347897 0.0116247 0.00232458 0.000274895 1.91791e-05 7.89081e-07 1.91436e-08 2.73844e-10 2.30977e-12 1.14878e-14 3.36881e-17
 1.92891e-11 2.09364e-09 1.33993e-07 5.05647e-06 0.000112513 0.00147621 0.011421 0.0521155 0.140424 0.224728 0.219816 0.148422 0.0934461 0.0621565 0.0325656 0.0108636 0.00217168 0.000256797 1.79161e-05 7.37118e-07 1.78829e-08 2.55811e-10 2.15767e-12 1.07313e-14 3.14696e-17
 1.89355e-11 2.05527e-09 1.31537e-07 4.96379e-06 0.00011045 0.00144915 0.0112117 0.0511622 0.137878 0.220834 0.216862 0.148729 0.0967594 0.0659378 0.0348092 0.0116314 0.00232592 0.000275054 1.91901e-05 7.89536e-07 1.91546e-08 2.74002e-10 2.3111e-12 1.14944e-14 3.37075e-17
 1.89086e-11 2.05235e-09 1.3135e-07 4.95675e-06 0.000110294 0.00144709 0.0111958 0.0510898 0.137684 0.220538 0.216638 0.148752 0.097011 0.066225 0.0349796 0.0116897 0.00233763 0.00027644 1.92869e-05 7.93517e-07 1.92512e-08 2.75383e-10 2.32275e-12 1.15524e-14 3.38775e-17
 1.91168e-11 2.07494e-09 1.32796e-07 5.0113e-06 0.000111508 0.00146302 0.011319 0.0516509 0.139183 0.22283 0.218377 0.148572 0.0950608 0.0639993 0.033659 0.0112378 0.00224684 0.000265694 1.8537e-05 7.62663e-07 1.85027e-08 2.64676e-10 2.23244e-12 1.11032e-14 3.25602e-17
 1.91815e-11 2.08196e-09 1.33245e-07 5.02826e-06 0.000111885 0.00146797 0.0113573 0.0518253 0.139649 0.223543 0.218917 0.148516 0.0944546 0.0633075 0.0332485 0.0110973 0.00221862 0.000262354 1.83039e-05 7.53073e-07 1.827e-08 2.61347e-10 2.20437e-12 1.09636e-14 3.21508e-17
 2.0086e-11 2.18014e-09 1.39529e-07 5.26539e-06 0.000117161 0.00153719 0.0118926 0.0542641 0.146163 0.233506 0.226475 0.147731 0.0859779 0.0536333 0.0275085 0.00913318 0.00182401 0.000215645 1.50445e-05 6.18969e-07 1.50165e-08 2.14807e-10 1.81182e-12 9.01121e-15 2.64254e-17
 1.99244e-11 2.1626e-09 1.38406e-07 5.22301e-06 0.000116218 0.00152482 0.011797 0.0538283 0.144999 0.231725 0.225124 0.147872 0.0874929 0.0553623 0.0285343 0.00948421 0.00189454 0.000223993 1.5627e-05 6.42936e-07 1.5598e-08 2.23125e-10 1.88198e-12 9.36014e-15 2.74487e-17
#obs catch len freq
 3.92744e-11 3.63982e-09 1.98901e-07 6.40886e-06 0.000121763 0.00136413 0.00901335 0.0351603 0.0814193 0.115136 0.113002 0.107962 0.119429 0.12156 0.106767 0.0836459 0.055332 0.0298516 0.0133666 0.0049746 0.00148747 0.000338346 5.51764e-05 6.13824e-06 4.49545e-07
 6.03991e-11 5.39881e-09 2.84546e-07 8.8429e-06 0.000162042 0.00175092 0.0111581 0.0419795 0.0937381 0.127697 0.120242 0.109492 0.116087 0.114655 0.0983685 0.0750598 0.0481705 0.0252463 0.0109547 0.00388555 0.00108108 0.000225494 3.3719e-05 3.46379e-06 2.35672e-07
 3.31428e-11 2.85238e-09 1.44748e-07 4.33121e-06 7.64201e-05 0.000795206 0.00488425 0.0177886 0.0393319 0.058832 0.0810085 0.125231 0.167793 0.167703 0.136049 0.0969114 0.0581812 0.028579 0.0116686 0.00390999 0.00102375 0.000198601 2.72887e-05 2.55955e-06 1.58997e-07
 1.82033e-11 1.50596e-09 7.34625e-08 2.11305e-06 3.58399e-05 0.000358555 0.00211882 0.00745156 0.0162034 0.0256198 0.0420554 0.077563 0.126647 0.174125 0.197074 0.16608 0.0991059 0.0438596 0.0156786 0.00467782 0.00111672 0.000199767 2.53233e-05 2.18147e-06 1.23848e-07
 3.57032e-10 2.83499e-08 1.32735e-06 3.6644e-05 0.000596497 0.00572535 0.0324032 0.108142 0.212888 0.247627 0.17184 0.0755402 0.0300195 0.0238668 0.0279746 0.0271968 0.019719 0.0106304 0.00423422 0.00124123 0.000269177 4.29362e-05 4.89307e-06 3.82709e-07 1.98203e-08
 1.9638e-10 1.4945e-08 6.7063e-07 1.77443e-05 0.000276847 0.00254739 0.0138356 0.0445567 0.0870768 0.114739 0.137283 0.179963 0.194534 0.136956 0.0601883 0.0183546 0.00567756 0.00246136 0.00107836 0.000356327 8.17453e-05 1.2755e-05 1.34337e-06 9.46551e-08 4.39762e-09
 5.52206e-10 4.02222e-08 1.7275e-06 4.37478e-05 0.000653258 0.00575194 0.0298679 0.0915321 0.166184 0.182363 0.13322 0.0896859 0.0796848 0.0801094 0.0704994 0.0454012 0.0190217 0.004983 0.000857053 0.000119028 1.74912e-05 2.45957e-06 2.54768e-07 1.73632e-08 7.5562e-10
 6.84633e-10 4.76687e-08 1.95703e-06 4.73749e-05 0.000676231 0.00569213 0.028267 0.0830075 0.145881 0.162642 0.14257 0.135297 0.125836 0.0884533 0.0470802 0.0217477 0.00897205 0.00297565 0.000718108 0.000118768 1.3244e-05 1.04647e-06 6.50188e-08 3.31179e-09 1.26465e-10
 9.66212e-10 6.42303e-08 2.51764e-06 5.81885e-05 0.000793007 0.00637312 0.0302183 0.0847446 0.142377 0.152459 0.130401 0.123857 0.120004 0.0961341 0.0631834 0.0330558 0.0124402 0.00320925 0.000593453 8.56041e-05 9.77606e-06 8.19047e-07 4.66895e-08 1.76462e-09 4.49077e-11
 1.61665e-09 1.02491e-07 3.83129e-06 8.44486e-05 0.00109758 0.00841229 0.0380389 0.101724 0.16288 0.165753 0.133445 0.118193 0.10688 0.0795744 0.0485549 0.0239782 0.00872567 0.00220757 0.000392309 5.07103e-05 4.85491e-06 3.42851e-07 1.75431e-08 6.29431e-10 1.5188e-11
 1.95061e-09 1.17812e-07 4.19564e-06 8.81042e-05 0.00109094 0.00796678 0.0343431 0.0877989 0.136271 0.14261 0.135314 0.142739 0.132462 0.0932195 0.052285 0.0236784 0.00793752 0.00184942 0.000302332 3.60843e-05 3.19193e-06 2.04695e-07 9.22125e-09 2.85171e-10 5.95638e-12
 3.59902e-09 2.06884e-07 7.01226e-06 0.000140145 0.00165157 0.0114781 0.0470738 0.114304 0.167112 0.159094 0.127751 0.116084 0.1036 0.0762609 0.0458725 0.0211865 0.00675473 0.0014121 0.000196614 1.92935e-05 1.40823e-06 7.71104e-08 3.06582e-09 8.49636e-11 1.58831e-12
 4.66221e-09 2.54837e-07 8.21333e-06 0.000156088 0.00174916 0.0115612 0.0451238 0.104636 0.148558 0.146803 0.13828 0.141537 0.121503 0.0781261 0.0398633 0.0162012 0.00478684 0.000962095 0.00013149 1.2609e-05 8.645e-07 4.20125e-08 1.42172e-09 3.31114e-11 5.25648e-13
 7.61949e-09 3.95691e-07 1.21164e-05 0.000218767 0.00232917 0.014626 0.0542305 0.119408 0.1606 0.148993 0.130268 0.12647 0.108139 0.0730937 0.0397538 0.0163503 0.00457613 0.000825619 9.6632e-05 7.69205e-06 4.41085e-07 1.86772e-08 5.71188e-10 1.21167e-11 1.72477e-13
 1.05786e-08 5.21538e-07 1.51611e-05 0.000259877 0.00262681 0.0156622 0.0551789 0.115838 0.150934 0.143496 0.137795 0.139 0.113952 0.0713667 0.0357568 0.0137342 0.0036607 0.000642331 7.46586e-05 5.94633e-06 3.3264e-07 1.30198e-08 3.49947e-10 6.3721e-12 7.811e-14
 1.73487e-08 8.1143e-07 2.23781e-05 0.000363905 0.0034896 0.019739 0.0659702 0.131344 0.162068 0.145143 0.130805 0.125922 0.101656 0.0646439 0.0328204 0.0123352 0.00311253 0.000505802 5.36095e-05 3.86964e-06 1.98223e-07 7.26417e-09 1.85952e-10 3.22399e-12 3.69715e-14
 2.45931e-08 1.09059e-06 2.85168e-05 0.00043968 0.00399769 0.0214449 0.0680311 0.129137 0.154948 0.14334 0.139669 0.13555 0.103177 0.0600835 0.0278247 0.00965948 0.00228099 0.000349988 3.52137e-05 2.41144e-06 1.16028e-07 3.93149e-09 9.19296e-11 1.45183e-12 1.52531e-14
 4.08142e-08 1.71517e-06 4.25002e-05 0.000620971 0.00535042 0.0271981 0.0817535 0.146947 0.166444 0.143969 0.130591 0.120459 0.0898094 0.0524531 0.0241851 0.00810255 0.00179567 0.000253085 2.29053e-05 1.38537e-06 5.85909e-08 1.76736e-09 3.74735e-11 5.42756e-13 5.23908e-15
 4.99905e-08 1.98997e-06 4.67087e-05 0.000646477 0.00527699 0.0254247 0.0726014 0.125345 0.142824 0.139378 0.147773 0.141918 0.103473 0.0585328 0.0261166 0.00849191 0.00185584 0.000266329 2.55637e-05 1.6826e-06 7.61992e-08 2.3303e-09 4.7129e-11 6.23959e-13 5.39875e-15
 8.67555e-08 3.27025e-06 7.26866e-05 0.000952643 0.00736327 0.033588 0.090737 0.147648 0.156102 0.1366 0.130656 0.120502 0.0895076 0.0529668 0.0240012 0.00754288 0.001537 0.000200912 1.73522e-05 1.03605e-06 4.39859e-08 1.31649e-09 2.69184e-11 3.64411e-13 3.1914e-15
 1.1557e-07 4.12431e-06 8.6786e-05 0.00107686 0.00788104 0.0340574 0.0873882 0.136696 0.145554 0.140389 0.146009 0.132012 0.0910156 0.0493449 0.0207945 0.00624786 0.00125781 0.000168645 1.53999e-05 9.72152e-07 4.20509e-08 1.22083e-09 2.34248e-11 2.95009e-13 2.42653e-15
 1.89256e-07 6.39314e-06 0.000127342 0.00149569 0.0103614 0.0423811 0.102895 0.152032 0.151872 0.135953 0.132964 0.117305 0.0819222 0.0453455 0.0188541 0.00536198 0.000991757 0.000119843 9.82599e-06 5.68428e-07 2.34079e-08 6.70049e-10 1.28924e-11 1.62249e-13 1.31023e-15
 2.67966e-07 8.56793e-06 0.000161535 0.00179588 0.0117774 0.0456287 0.105204 0.149354 0.149344 0.141839 0.142016 0.119129 0.0761908 0.0382763 0.0146222 0.00388623 0.000681023 7.87259e-05 6.18381e-06 3.38655e-07 1.29385e-08 3.38612e-10 5.95266e-12 6.92652e-14 5.26459e-16
 4.08839e-07 1.23731e-05 0.0002208 0.00232352 0.0144235 0.0529043 0.115574 0.155982 0.149869 0.138671 0.135186 0.111162 0.07099 0.0355786 0.0131942 0.00330974 0.000536883 5.66339e-05 4.02391e-06 1.99632e-07 6.98416e-09 1.69206e-10 2.76365e-12 2.97665e-14 2.08002e-16
 5.75054e-07 1.64736e-05 0.000278271 0.00277196 0.0162911 0.0566142 0.117574 0.153021 0.14811 0.143712 0.140497 0.110353 0.0661357 0.0309513 0.0107261 0.00252165 0.000384555 3.82094e-05 2.55184e-06 1.17978e-07 3.79663e-09 8.3658e-11 1.23613e-12 1.2055e-14 7.66307e-17
 7.97148e-07 2.16179e-05 0.000345692 0.00326003 0.0181414 0.0597412 0.117985 0.148181 0.144116 0.144582 0.141932 0.110715 0.0666472 0.0311136 0.010488 0.00235363 0.000340358 3.20817e-05 2.03644e-06 8.9389e-08 2.71648e-09 5.60827e-11 7.69877e-13 6.91729e-15 4.02084e-17
 1.24477e-06 3.19601e-05 0.000483872 0.00432027 0.0227625 0.0709786 0.132782 0.158127 0.146085 0.139399 0.130843 0.098871 0.0582379 0.0264316 0.00854341 0.00182659 0.00025228 2.28786e-05 1.40569e-06 5.96645e-08 1.73955e-09 3.41275e-11 4.41762e-13 3.72127e-15 2.01817e-17
 1.56393e-06 3.80226e-05 0.000545101 0.0046091 0.0230086 0.0681267 0.122211 0.144965 0.145199 0.152736 0.14423 0.103745 0.0572193 0.0242793 0.00737544 0.00149461 0.000197851 1.74083e-05 1.04629e-06 4.34226e-08 1.22906e-09 2.32156e-11 2.8737e-13 2.30145e-15 1.18006e-17
#spawning biomass
 24064.5 29366.9 22631.4 12925 16277.9 19792.5 27102.9 36624.6 49137.1 58521.1 61491.6 76099.6 82587.2 87624.5 82251.3 96676.3 100656 90395.2 112291 94394.3 99488.9 113532 118690 110132 122577 145974 130140 144459 157968 438260 702375 969414 1.21889e+06 1.44041e+06 1.63067e+06 1.79049e+06 1.92286e+06 2.03158e+06 2.12054e+06 2.19334e+06 2.2531e+06 2.30245e+06 2.33962e+06 2.353e+06 2.36597e+06 2.37853e+06 2.39071e+06 2.40252e+06 2.41396e+06 2.42505e+06 2.43579e+06 2.44621e+06 2.4563e+06 2.46608e+06 2.47556e+06 2.48475e+06 2.49366e+06 2.50229e+06 2.51065e+06 2.51876e+06 2.52662e+06 2.53423e+06 2.54161e+06 2.54877e+06 2.5557e+06 2.56242e+06 2.56893e+06 2.57524e+06 2.58136e+06 2.58729e+06 2.59303e+06 2.5986e+06 2.604e+06 2.60923e+06 2.61429e+06 2.61921e+06 2.62397e+06 2.62858e+06 2.63306e+06 2.63739e+06 2.64159e+06 2.64566e+06 2.64961e+06 2.65343e+06 2.65714e+06 2.66073e+06 2.66421e+06 2.66759e+06 2.67086e+06 2.67403e+06 2.6771e+06 2.68007e+06 2.68296e+06 2.68576e+06 2.68847e+06 2.69109e+06 2.69364e+06 2.69611e+06 2.6985e+06 2.70081e+06 2.70306e+06 2.70524e+06 2.70735e+06 2.70939e+06 2.71137e+06 2.71329e+06 2.71515e+06 2.71696e+06 2.71871e+06 2.7204e+06 2.72204e+06 2.72364e+06 2.72518e+06 2.72667e+06 2.72812e+06 2.72953e+06 2.73089e+06 2.73221e+06 2.73348e+06 2.73472e+06 2.73592e+06 2.73709e+06 2.73822e+06 2.73931e+06 2.74037e+06 2.7414e+06 2.74239e+06 2.74336e+06 0 0 0 0 0 0 0 0 0 0 0 0 0 0 0 0 0 0 0 0 0 0 0 0 0
