SBPRF35
0.31032
Curr Bio
182524
B35
511764
F35
0.420288
FOFL
0
OFL
0
Bzero
88663
#pred survey bio
 8122.82 7457.93 5582.53 6046.69 9777.99 15355.8 22325.1 34498.6 50270.4 82055.1 114426 156166 202177 261653 220658 185504 195223 186546 176468 181682 207223 215472 248228 278700 309048 309349 306896 330462 219507 3.61299e+06 4.68881e+06 3.98734e+06 2.98126e+06 2.15893e+06 1.60041e+06 1.25478e+06 1.05087e+06 932860 864516 824336 800135 785143 775593 769346 765059 762220 760312 759016 758129 757519 757098 756807 756605 756465 756367 756300 756253 756220 756197 756182 756171 756163 756158 756154 756151 756150 756148 756147 756147 756146 756146 756146 756146 756146 756146 756146 756146 756146 756146 756146 756146 756146 756146 756146 756146 756146 756146 756146 756146 756146 756146 756146 756146 756146 756146 756146 756146 756146 756146 756146 756146 756146 756146 756146 756146 756146 756146 756146 756146 756146 756146 756146 756146 756146 756146 756146 756146 756146 756146 756146 756146 756146 756146 756146 756146 756146 756146 756146 756146 0 0 0 0 0 0 0 0 0 0 0 0 0 0 0 0 0 0 0 0 0 0 0 0 0
#obs survey bio
 6897.85 5060.45 4337.59 6705.94 7934.74 14307.8 18553.1 37754.5 49257.6 88270.9 76141.8 143466 185808 143173 186610 222989 148489 161910 124018 139568 214201 154144 159800 261687 253777 337824 209125 309274 173819
#pred catch bio
 3739.86 4349.18 3431.94 2932.07 4780.02 8265.95 12047 19580.7 25775.2 47502.8 69912.8 100405 119836 183475 161305 124086 136182 133552 124530 126671 149635 149232 180732 203926 227836 232469 222596 265548 202069 0 62050.4 51810.7 36893.9 25255.8 17730.1 13348.4 10962 9720.05 9094.15 8786.03 8636.95 8565.77 8532.11 8516.31 8508.86 8505.45 8503.9 8503.19 8502.86 8502.71 8502.65 8502.61 8502.6 8502.59 8502.59 8502.59 8502.59 8502.59 8502.59 8502.59 8502.59 8502.59 8502.59 8502.59 8502.59 8502.59 8502.59 8502.59 8502.59 8502.59 8502.59 8502.59 8502.59 8502.59 8502.59 8502.59 8502.59 8502.59 8502.59 8502.59 8502.59 8502.59 8502.59 8502.59 8502.59 8502.59 8502.59 8502.59 8502.59 8502.59 8502.59 8502.59 8502.59 8502.59 8502.59 8502.59 8502.59 8502.59 8502.59 8502.59 8502.59 8502.59 8502.59 8502.59 8502.59 8502.59 8502.59 8502.59 8502.59 8502.59 8502.59 8502.59 8502.59 8502.59 8502.59 8502.59 8502.59 8502.59 8502.59 8502.59 8502.59 8502.59 8502.59 8502.59 8502.59 8502.59 8502.59 8502.59 8502.59 0 0 0 0 0 0 0 0 0 0 0 0 0 0 0 0 0 0 0 0 0 0 0 0 0
#obs catch bio
 4706.63 4640.96 4047.19 2705.09 4481.17 7474.78 11290.9 18166.6 22608.2 43641.3 67577.6 94336.8 112468 193385 166912 113118 131670 127528 129197 125936 144845 147271 181896 193451 217318 215613 220242 249220 217432
#pred cpue bio
 6212.58 6186.86 4302.22 3919.69 6441.5 10183.5 14589 22039.3 32157.6 52789.3 73551.1 97915.6 125457 172169 149041 118759 126764 120644 111606 113413 126237 131837 152141 164294 183240 188614 182769 199481 138357 1.70928e+06 4.4974e+06 3.90418e+06 2.89939e+06 2.07706e+06 1.51854e+06 1.17292e+06 969003 850995 782651 742470 718270 703278 693728 687480 683194 680355 678447 677151 676264 675654 675233 674941 674740 674599 674502 674435 674388 674355 674332 674316 674305 674298 674293 674289 674286 674284 674283 674282 674282 674281 674281 674281 674281 674281 674281 674281 674280 674280 674280 674280 674280 674280 674280 674280 674280 674280 674280 674280 674280 674280 674280 674280 674280 674280 674280 674280 674280 674280 674280 674280 674280 674280 674280 674280 674280 674280 674280 674280 674280 674280 674280 674280 674280 674280 674280 674280 674280 674280 674280 674280 674280 674280 674280 674280 674280 674280 674280 674280 674280 0 0 0 0 0 0 0 0 0 0 0 0 0 0 0 0 0 0 0 0 0 0 0 0 0
#obs cpue bio
 9431.79 5694.38 3400.5 6380.22 9765.07 17476.2 20669.7 28608.7 61982.3 57407.6 118771 144097 168955 215129 178396 158874 170060 178023 118440 162921 150630 173804 238193 238523 259048 242986 253096 302737 127838
#pred surv len freq
 1.6052e-11 1.74306e-09 1.11592e-07 4.21205e-06 9.37331e-05 0.00122981 0.00951377 0.0434083 0.116999 0.187773 0.186514 0.134011 0.0967035 0.0753085 0.0516053 0.032277 0.0205915 0.013306 0.00881924 0.00616454 0.00463953 0.00381885 0.00326617 0.00249957 0.00145257
 1.1845e-11 1.28623e-09 8.23455e-08 3.10813e-06 6.91673e-05 0.000907522 0.00702149 0.0320584 0.0867036 0.141545 0.151891 0.139113 0.138653 0.123352 0.0812651 0.0436593 0.0231453 0.0126138 0.00699063 0.00402885 0.00248813 0.00171233 0.00129549 0.000940655 0.00054344
 1.48875e-11 1.61661e-09 1.03497e-07 3.90649e-06 8.69333e-05 0.0011406 0.00882389 0.0402662 0.108607 0.174927 0.176701 0.134876 0.108003 0.0903827 0.065045 0.0419201 0.0249662 0.0128335 0.00589957 0.00269478 0.00129714 0.000689219 0.000419659 0.000268894 0.000147878
 1.86535e-11 2.02554e-09 1.29677e-07 4.89466e-06 0.000108923 0.0014291 0.0110552 0.0504346 0.135844 0.217266 0.21225 0.142923 0.0901255 0.0621636 0.0375678 0.0191674 0.00982023 0.00524313 0.00264282 0.00117117 0.000462871 0.000181016 7.91909e-05 3.96748e-05 1.92655e-05
 1.80406e-11 1.95899e-09 1.25417e-07 4.73384e-06 0.000105345 0.00138216 0.0106922 0.0487823 0.131445 0.21065 0.207764 0.145213 0.0986606 0.0710118 0.0417716 0.0190043 0.0078892 0.00330076 0.00138354 0.000583998 0.000233168 8.2315e-05 2.68009e-05 9.21442e-06 3.42871e-06
 1.79275e-11 1.94671e-09 1.2463e-07 4.70417e-06 0.000104684 0.00137349 0.0106252 0.0484767 0.130624 0.209353 0.20658 0.144656 0.0987521 0.0716965 0.0430564 0.020471 0.00883314 0.00353396 0.00125056 0.00041256 0.000134976 4.31943e-05 1.27032e-05 3.3753e-06 8.70343e-07
 1.8188e-11 1.975e-09 1.26441e-07 4.77253e-06 0.000106206 0.00139345 0.0107795 0.04918 0.132507 0.212273 0.208997 0.145094 0.0973215 0.0695669 0.0410889 0.0189536 0.00792598 0.00316878 0.00113984 0.000362844 0.000102098 2.59542e-05 6.20823e-06 1.38596e-06 2.79e-07
 1.86039e-11 2.02016e-09 1.29332e-07 4.88165e-06 0.000108634 0.00142531 0.0110259 0.0503024 0.135508 0.216895 0.212666 0.145277 0.0942672 0.0657178 0.0383058 0.0173568 0.00705355 0.00272891 0.000951394 0.000297394 8.27077e-05 1.98164e-05 4.05003e-06 7.2055e-07 1.14179e-07
 1.85119e-11 2.01017e-09 1.28693e-07 4.85752e-06 0.000108097 0.00141826 0.0109714 0.0500547 0.134852 0.215928 0.212117 0.145959 0.0960524 0.0673362 0.0386896 0.0167637 0.00634607 0.00231271 0.000773258 0.000232616 6.24778e-05 1.45583e-05 2.86624e-06 4.65512e-07 6.18332e-08
 1.84578e-11 2.00429e-09 1.28317e-07 4.84331e-06 0.000107781 0.00141412 0.0109394 0.0499082 0.134455 0.215281 0.211422 0.145338 0.0955466 0.0672648 0.039368 0.0178675 0.00720145 0.00268738 0.00086917 0.000245915 6.23695e-05 1.38776e-05 2.62709e-06 4.10144e-07 5.1201e-08
 1.84173e-11 1.9999e-09 1.28035e-07 4.83269e-06 0.000107544 0.00141101 0.0109154 0.0497993 0.134169 0.214882 0.211309 0.145992 0.0968628 0.0682974 0.0393132 0.0170452 0.00645766 0.00235309 0.00078068 0.000227827 5.73368e-05 1.21753e-05 2.17342e-06 3.21987e-07 3.83836e-08
 1.88559e-11 2.04753e-09 1.31085e-07 4.94779e-06 0.000110106 0.00144462 0.0111753 0.0509832 0.137334 0.219753 0.215162 0.146136 0.0935657 0.0641802 0.0363809 0.0154131 0.00559766 0.00193231 0.000604702 0.000168828 4.21984e-05 9.08477e-06 1.61561e-06 2.31031e-07 2.61263e-08
 1.89859e-11 2.06164e-09 1.31988e-07 4.98189e-06 0.000110865 0.00145457 0.0112523 0.0513343 0.138277 0.221233 0.216477 0.146658 0.09332 0.0634489 0.0353182 0.0142666 0.00474934 0.00150376 0.000441577 0.000115974 2.72318e-05 5.58534e-06 9.72453e-07 1.38688e-07 1.55427e-08
 1.78742e-11 1.94092e-09 1.2426e-07 4.69018e-06 0.000104373 0.00136941 0.0105937 0.0483343 0.13026 0.208927 0.206896 0.146803 0.10248 0.074515 0.0427652 0.0178892 0.00626784 0.00203586 0.000577713 0.000140354 3.02833e-05 5.7665e-06 9.40569e-07 1.2759e-07 1.38989e-08
 1.72602e-11 1.87425e-09 1.19991e-07 4.52908e-06 0.000100788 0.00132237 0.0102299 0.0466779 0.125839 0.202182 0.201849 0.147552 0.108552 0.0812741 0.046537 0.0188996 0.00627864 0.00196579 0.000560849 0.000139061 2.97151e-05 5.34854e-06 8.03556e-07 1.00451e-07 1.02155e-08
 1.83913e-11 1.99708e-09 1.27855e-07 4.82588e-06 0.000107393 0.00140903 0.0109 0.04973 0.133992 0.214671 0.211446 0.14699 0.0986093 0.0696338 0.0392113 0.0158628 0.00524348 0.00161363 0.000444059 0.000105385 2.19828e-05 3.95184e-06 5.8827e-07 7.04774e-08 6.67484e-09
 1.8113e-11 1.96685e-09 1.2592e-07 4.75284e-06 0.000105767 0.0013877 0.0107351 0.0489789 0.131985 0.211593 0.209065 0.147076 0.100977 0.0724493 0.0410446 0.0166916 0.00556395 0.00172625 0.000476428 0.000112246 2.28651e-05 3.96735e-06 5.73064e-07 6.75324e-08 6.28855e-09
 1.81808e-11 1.97421e-09 1.26391e-07 4.77063e-06 0.000106163 0.0013929 0.0107753 0.0491619 0.132475 0.212353 0.209693 0.147189 0.100603 0.0718958 0.0405364 0.0162979 0.0053202 0.00162042 0.000444776 0.000105101 2.14714e-05 3.70672e-06 5.25775e-07 6.01931e-08 5.44219e-09
 1.85964e-11 2.01935e-09 1.29281e-07 4.87969e-06 0.00010859 0.00142474 0.0110216 0.0502836 0.135473 0.216959 0.213298 0.147198 0.0972781 0.0678334 0.0377458 0.014872 0.00467077 0.00136239 0.000362097 8.34519e-05 1.67721e-05 2.88005e-06 4.0831e-07 4.65252e-08 4.14574e-09
 1.88306e-11 2.04478e-09 1.30909e-07 4.94116e-06 0.000109958 0.00144268 0.0111603 0.0509157 0.137162 0.219552 0.215318 0.14717 0.0953537 0.0655131 0.0361939 0.0141216 0.0043466 0.0012324 0.000316932 7.01141e-05 1.35105e-05 2.24435e-06 3.11301e-07 3.50698e-08 3.10919e-09
 1.92646e-11 2.0919e-09 1.33926e-07 5.05502e-06 0.000112492 0.00147592 0.0114174 0.0520866 0.14029 0.224343 0.218998 0.14695 0.0915314 0.0610383 0.0333761 0.0129549 0.00395654 0.00110902 0.00028083 6.06675e-05 1.13069e-05 1.80441e-06 2.3987e-07 2.60335e-08 2.24732e-09
 1.91526e-11 2.07975e-09 1.33147e-07 5.02565e-06 0.000111838 0.00146735 0.0113511 0.0517848 0.139486 0.223135 0.218183 0.147377 0.0930795 0.0625618 0.0339381 0.0127294 0.00359686 0.000917558 0.000219205 4.60363e-05 8.40279e-06 1.30908e-06 1.68617e-07 1.76059e-08 1.45834e-09
 1.91458e-11 2.079e-09 1.331e-07 5.02385e-06 0.000111798 0.00146682 0.011347 0.0517661 0.139434 0.22304 0.218034 0.147129 0.0927606 0.0623915 0.0341135 0.0131218 0.00391359 0.00105355 0.000251343 4.97441e-05 8.39965e-06 1.23601e-06 1.53825e-07 1.56268e-08 1.25552e-09
 1.97806e-11 2.14793e-09 1.37513e-07 5.19041e-06 0.000115505 0.00151545 0.0117231 0.0534791 0.144011 0.230061 0.223473 0.146959 0.0873972 0.0559858 0.0299018 0.0111797 0.00315639 0.000802102 0.000189042 3.8505e-05 6.66484e-06 9.61968e-07 1.12916e-07 1.07533e-08 8.22762e-10
 1.9665e-11 2.13538e-09 1.36709e-07 5.16008e-06 0.00011483 0.0015066 0.0116546 0.0531673 0.14318 0.228802 0.222576 0.147247 0.0887654 0.0574099 0.030555 0.0111675 0.0029732 0.000691066 0.000150182 2.86272e-05 4.73384e-06 6.7725e-07 8.04657e-08 7.63848e-09 5.64034e-10
 1.91902e-11 2.08383e-09 1.33409e-07 5.0355e-06 0.000112058 0.00147023 0.0113734 0.0518863 0.139759 0.223567 0.218583 0.147582 0.0930917 0.0624061 0.0336089 0.0123217 0.00328196 0.000757381 0.000160004 2.87011e-05 4.35133e-06 5.71774e-07 6.38392e-08 5.87185e-09 4.30522e-10
 1.95971e-11 2.12801e-09 1.36237e-07 5.14227e-06 0.000114434 0.0015014 0.0116144 0.0529841 0.14269 0.228049 0.221985 0.147242 0.0893033 0.0580743 0.0310226 0.0114151 0.00308358 0.000726535 0.000155629 2.79457e-05 4.16855e-06 5.24846e-07 5.45984e-08 4.61835e-09 3.1477e-10
 1.93729e-11 2.10366e-09 1.34678e-07 5.08344e-06 0.000113124 0.00148422 0.0114816 0.0523791 0.141074 0.225575 0.220087 0.147363 0.0912909 0.0603957 0.0324772 0.0120085 0.00327498 0.000783321 0.00017053 3.11894e-05 4.74552e-06 6.04588e-07 6.25523e-08 5.13902e-09 3.31482e-10
 1.85485e-11 2.01415e-09 1.28948e-07 4.86713e-06 0.000108311 0.00142107 0.0109932 0.0501552 0.135138 0.216518 0.213309 0.148371 0.0994487 0.069485 0.037566 0.0133839 0.00328183 0.000662454 0.00012664 2.20525e-05 3.33573e-06 4.29314e-07 4.51226e-08 3.75796e-09 2.42901e-10
#obs surv len freq
 1.1671e-11 1.26733e-09 8.11358e-08 3.06248e-06 6.81514e-05 0.000894189 0.00691827 0.0315854 0.0854013 0.13924 0.148638 0.134556 0.133937 0.122805 0.0871322 0.0521867 0.0297414 0.0157475 0.00725145 0.00278526 0.000861779 0.000206168 3.62707e-05 4.4625e-06 3.68347e-07
 6.58795e-12 7.15374e-10 4.57989e-08 1.72869e-06 3.84702e-05 0.000504792 0.00390702 0.0178714 0.0487759 0.083111 0.105043 0.134696 0.173731 0.17168 0.122337 0.0710988 0.0376919 0.0181025 0.00765006 0.00275594 0.00079798 0.00017503 2.77651e-05 3.06355e-06 2.27135e-07
 1.78307e-11 1.9362e-09 1.23957e-07 4.67877e-06 0.000104119 0.00136607 0.0105677 0.0482111 0.129856 0.207649 0.202476 0.1351 0.0845548 0.0630055 0.0481682 0.0336709 0.0200966 0.00970272 0.00382005 0.00124362 0.000325927 6.52303e-05 9.43705e-06 9.43032e-07 6.29103e-08
 1.5691e-11 1.70386e-09 1.09082e-07 4.11732e-06 9.16255e-05 0.00120218 0.00930084 0.0424539 0.114639 0.185524 0.190731 0.151854 0.124021 0.0951488 0.0529799 0.0207501 0.00707859 0.00271472 0.00106155 0.000342888 8.41011e-05 1.5231e-05 1.97978e-06 1.78206e-07 1.07304e-08
 1.69659e-11 1.8423e-09 1.17946e-07 4.45187e-06 9.90703e-05 0.00129985 0.0100562 0.0458955 0.12384 0.199647 0.201574 0.150892 0.112007 0.0818056 0.0459446 0.0187082 0.00604857 0.00166658 0.00040005 8.9135e-05 1.83532e-05 3.05489e-06 3.66016e-07 2.98885e-08 1.61854e-09
 1.54453e-11 1.67717e-09 1.07374e-07 4.05285e-06 9.01909e-05 0.00118337 0.00915579 0.0418007 0.11297 0.183408 0.190503 0.15478 0.127502 0.0965958 0.0532223 0.0205774 0.00620142 0.0015949 0.000342424 5.88428e-05 8.16829e-06 9.39507e-07 8.77371e-08 6.15688e-09 2.98887e-10
 1.72421e-11 1.87229e-09 1.19866e-07 4.52435e-06 0.000100683 0.00132103 0.0102204 0.0466504 0.125932 0.203304 0.205929 0.154243 0.112114 0.0782149 0.0412026 0.0152281 0.00429229 0.00101083 0.000196778 3.01867e-05 3.57406e-06 3.21916e-07 2.17127e-08 1.08594e-09 3.96553e-11
 1.60326e-11 1.74095e-09 1.11457e-07 4.20696e-06 9.36207e-05 0.00122838 0.00950438 0.043397 0.117322 0.190573 0.197632 0.157938 0.124421 0.0893055 0.0464447 0.0165676 0.00440634 0.000962747 0.000172754 2.41964e-05 2.57313e-06 2.03854e-07 1.17157e-08 4.7613e-10 1.34312e-11
 1.75526e-11 1.906e-09 1.22024e-07 4.6058e-06 0.000102496 0.00134483 0.0104048 0.0474973 0.12826 0.20721 0.209885 0.155692 0.109422 0.0733476 0.0377829 0.0139751 0.00397291 0.000911255 0.000162476 2.15566e-05 2.1092e-06 1.51263e-07 7.77887e-09 2.79211e-10 6.8358e-12
 1.50033e-11 1.62918e-09 1.04302e-07 3.93689e-06 8.76114e-05 0.00114958 0.00889599 0.0406438 0.110144 0.180575 0.193139 0.165134 0.137288 0.0971604 0.0472245 0.0147946 0.00315294 0.000521369 7.46932e-05 9.08425e-06 8.59948e-07 5.92389e-08 2.85169e-09 9.36847e-11 2.06792e-12
 1.74302e-11 1.89271e-09 1.21173e-07 4.5737e-06 0.000101782 0.00133548 0.0103334 0.0471849 0.127553 0.206833 0.211832 0.160474 0.113356 0.0729085 0.034376 0.0108555 0.00239363 0.000401233 5.25496e-05 5.17594e-06 3.75998e-07 2.05111e-08 8.42791e-10 2.51019e-11 5.14571e-13
 1.56295e-11 1.69718e-09 1.08655e-07 4.10122e-06 9.12689e-05 0.00119759 0.00926811 0.0423517 0.114823 0.188316 0.200629 0.167411 0.132021 0.0882893 0.0407631 0.0120786 0.00237363 0.000340234 3.87761e-05 3.50679e-06 2.38353e-07 1.16969e-08 4.05142e-10 9.74972e-12 1.61429e-13
 1.68596e-11 1.83076e-09 1.17207e-07 4.424e-06 9.84519e-05 0.00129183 0.00999697 0.0456715 0.123683 0.201794 0.210524 0.165537 0.119983 0.0756239 0.0337955 0.00980863 0.00189351 0.000263715 2.82662e-05 2.30368e-06 1.36602e-07 5.79077e-09 1.75363e-10 3.74652e-12 5.49897e-14
 1.22445e-11 1.32961e-09 8.51234e-08 3.21304e-06 7.15062e-05 0.000938424 0.00726692 0.0332862 0.0910614 0.154266 0.181268 0.181787 0.166008 0.114761 0.0516413 0.0145839 0.00267531 0.000345568 3.3992e-05 2.56709e-06 1.42312e-07 5.59542e-09 1.53739e-10 2.91128e-12 3.73378e-14
 1.44545e-11 1.56959e-09 1.00487e-07 3.79294e-06 8.44108e-05 0.00110772 0.00857578 0.03924 0.106874 0.177898 0.197289 0.175803 0.143175 0.093497 0.0415776 0.0120843 0.00240085 0.000349279 3.79452e-05 2.95441e-06 1.58262e-07 5.7834e-09 1.45306e-10 2.50943e-12 2.93603e-14
 1.5512e-11 1.68442e-09 1.07838e-07 4.07042e-06 9.05862e-05 0.00118875 0.0092028 0.0420999 0.114536 0.189681 0.206273 0.174845 0.133239 0.08241 0.0349137 0.00953591 0.00172997 0.000225473 2.25074e-05 1.70898e-06 9.40503e-08 3.60556e-09 9.3764e-11 1.61781e-12 1.8201e-14
 1.41626e-11 1.5379e-09 9.8458e-08 3.71639e-06 8.27096e-05 0.0010855 0.0084066 0.0385078 0.105237 0.176866 0.20032 0.182444 0.146892 0.0912893 0.0375023 0.0096209 0.00155882 0.00016901 1.33359e-05 8.08569e-07 3.72216e-08 1.25106e-09 2.97952e-11 4.90162e-13 5.41715e-15
 1.53336e-11 1.66505e-09 1.06599e-07 4.02366e-06 8.95479e-05 0.00117523 0.00910052 0.0416664 0.113631 0.18937 0.208485 0.178378 0.133965 0.0802308 0.0330685 0.00895387 0.00164458 0.000215924 2.05108e-05 1.35788e-06 6.0234e-08 1.7723e-09 3.50769e-11 4.75008e-13 4.41242e-15
 1.41155e-11 1.53278e-09 9.81309e-08 3.70408e-06 8.24387e-05 0.00108207 0.00838292 0.0384382 0.105336 0.178167 0.20372 0.185404 0.145576 0.0874778 0.0352711 0.00921481 0.00161892 0.000204432 1.92689e-05 1.32828e-06 6.41203e-08 2.09721e-09 4.54303e-11 6.39436e-13 5.76099e-15
 1.56198e-11 1.69613e-09 1.08589e-07 4.09882e-06 9.12232e-05 0.00119732 0.00927398 0.0424901 0.116072 0.194045 0.213967 0.180547 0.130194 0.0740181 0.0290523 0.00753171 0.00133039 0.00016898 1.5755e-05 1.05278e-06 4.88857e-08 1.55186e-09 3.33192e-11 4.76272e-13 4.44197e-15
 1.55795e-11 1.69176e-09 1.08309e-07 4.08829e-06 9.09911e-05 0.00119436 0.00925317 0.0424219 0.116086 0.194872 0.216438 0.183358 0.130476 0.0717077 0.02666 0.00634315 0.000980676 0.000104539 8.20155e-06 4.83398e-07 2.07879e-08 6.26629e-10 1.2843e-11 1.74915e-13 1.55438e-15
 1.49188e-11 1.62002e-09 1.03717e-07 3.915e-06 8.71384e-05 0.00114395 0.00886638 0.0406997 0.111776 0.189445 0.214884 0.187456 0.135726 0.0745362 0.0275968 0.00660863 0.00104589 0.000114794 9.01609e-06 5.02033e-07 1.92905e-08 5.04029e-10 8.94451e-12 1.07545e-13 8.65148e-16
 1.54533e-11 1.67805e-09 1.07432e-07 4.05529e-06 9.02627e-05 0.00118502 0.00918553 0.0421702 0.1158 0.195872 0.220056 0.186981 0.129925 0.0682765 0.0241282 0.0054478 0.000794342 7.84716e-05 5.53567e-06 2.83804e-07 1.03373e-08 2.58927e-10 4.35481e-12 4.83646e-14 3.4991e-16
 1.69289e-11 1.83829e-09 1.17691e-07 4.44251e-06 9.88796e-05 0.00129805 0.0100589 0.0461316 0.12621 0.210863 0.228715 0.180863 0.115098 0.0565856 0.0191911 0.00421877 0.000602202 5.80131e-05 3.92665e-06 1.88482e-07 6.28677e-09 1.42418e-10 2.1652e-12 2.19345e-14 1.46516e-16
 1.52869e-11 1.65999e-09 1.06278e-07 4.01184e-06 8.93042e-05 0.00117275 0.00909672 0.0418366 0.115368 0.19682 0.223769 0.190545 0.129209 0.0649177 0.0217981 0.00466859 0.000642309 5.90154e-05 3.77975e-06 1.71408e-07 5.41171e-09 1.15901e-10 1.65334e-12 1.55282e-14 9.50044e-17
 1.41028e-11 1.53143e-09 9.8048e-08 3.70137e-06 8.24045e-05 0.00108256 0.00840626 0.0387756 0.107767 0.187387 0.221243 0.197875 0.138551 0.0699232 0.0232475 0.00491986 0.000670931 6.11888e-05 3.86379e-06 1.70151e-07 5.12963e-09 1.03554e-10 1.38148e-12 1.20892e-14 6.8836e-17
 1.65604e-11 1.79829e-09 1.15133e-07 4.34619e-06 9.67507e-05 0.00127062 0.00985639 0.0453177 0.124712 0.210862 0.23282 0.185723 0.115141 0.0533498 0.0168738 0.00346535 0.000462989 4.15033e-05 2.57139e-06 1.10586e-07 3.24011e-09 6.32699e-11 8.11504e-13 6.77253e-15 3.64464e-17
 1.30915e-11 1.42163e-09 9.10226e-08 3.43656e-06 7.65328e-05 0.00100624 0.00782976 0.0363028 0.102124 0.182095 0.223557 0.206469 0.144029 0.0698696 0.0218233 0.00425108 0.000518988 4.09363e-05 2.17936e-06 8.10711e-08 2.11799e-09 3.80848e-11 4.59369e-13 3.63986e-15 1.86421e-17
 1.29315e-11 1.40427e-09 8.99137e-08 3.39492e-06 7.56176e-05 0.000994591 0.00774616 0.0359874 0.101647 0.182448 0.225437 0.207955 0.143365 0.0684847 0.0211698 0.00412869 0.000512686 4.16695e-05 2.2771e-06 8.43528e-08 2.09304e-09 3.41938e-11 3.64168e-13 2.52328e-15 1.13703e-17
#pred catch len freq
 1.21919e-11 1.32389e-09 8.47567e-08 3.19914e-06 7.11925e-05 0.000934085 0.00722668 0.0329876 0.0891117 0.144632 0.151297 0.129073 0.119751 0.106152 0.075347 0.0476212 0.030517 0.0197498 0.0130945 0.0091534 0.00688903 0.00567045 0.00484979 0.00371151 0.00215686
 8.4426e-12 9.16766e-10 5.86922e-08 2.21534e-06 4.92998e-05 0.000646869 0.00500571 0.0228754 0.0621499 0.103734 0.121864 0.137592 0.163519 0.154456 0.103259 0.0557954 0.0296949 0.0162116 0.00898855 0.00518068 0.0031995 0.0022019 0.00166588 0.0012096 0.000698813
 1.1767e-11 1.27775e-09 8.18029e-08 3.08765e-06 6.87115e-05 0.000901537 0.00697503 0.0318426 0.08607 0.14011 0.14851 0.131694 0.128129 0.117296 0.086383 0.0560322 0.0334555 0.0172124 0.00791443 0.00361531 0.00174025 0.000924662 0.000563018 0.000360751 0.000198395
 1.5727e-11 1.70777e-09 1.09333e-07 4.12677e-06 9.18354e-05 0.00120492 0.00932147 0.0425368 0.114732 0.184795 0.186665 0.142282 0.112571 0.0897804 0.0566294 0.0292253 0.0150486 0.00805114 0.00406027 0.00179948 0.000711201 0.000278131 0.000121677 6.09604e-05 2.96014e-05
 1.4951e-11 1.6235e-09 1.03938e-07 3.92313e-06 8.73037e-05 0.00114547 0.00886178 0.0404448 0.109167 0.17646 0.181191 0.145758 0.12429 0.101716 0.0620084 0.0284845 0.0118845 0.00498615 0.00209189 0.000883158 0.000352622 0.000124486 4.05313e-05 1.39351e-05 5.18528e-06
 1.50697e-11 1.63639e-09 1.04763e-07 3.95429e-06 8.79971e-05 0.00115456 0.00893211 0.0407646 0.110015 0.177709 0.181905 0.144898 0.122074 0.0998985 0.0620252 0.0297519 0.0128917 0.00516845 0.00183022 0.000603894 0.000197581 6.32291e-05 1.85954e-05 4.94087e-06 1.27403e-06
 1.54238e-11 1.67484e-09 1.07225e-07 4.04719e-06 9.00645e-05 0.00118169 0.00914188 0.0417205 0.112575 0.181681 0.185209 0.145547 0.120211 0.0970559 0.059324 0.0276118 0.011596 0.00464628 0.00167254 0.000532509 0.000149843 3.80918e-05 9.11153e-06 2.0341e-06 4.09476e-07
 1.6137e-11 1.75229e-09 1.12183e-07 4.23435e-06 9.42293e-05 0.00123633 0.00956445 0.0436455 0.117721 0.189603 0.191481 0.145801 0.114882 0.0903867 0.0545584 0.0249404 0.0101748 0.00394436 0.00137609 0.000430218 0.000119651 2.86679e-05 5.85908e-06 1.0424e-06 1.6518e-07
 1.57184e-11 1.70683e-09 1.09273e-07 4.12451e-06 9.17851e-05 0.00120426 0.00931649 0.0425167 0.114713 0.185047 0.188244 0.146876 0.11989 0.095611 0.0569863 0.0249259 0.00948012 0.00346443 0.00115953 0.000348906 9.37164e-05 2.18376e-05 4.2994e-06 6.98273e-07 9.27506e-08
 1.6008e-11 1.73828e-09 1.11286e-07 4.20049e-06 9.3476e-05 0.00122644 0.00948802 0.0432974 0.116791 0.188179 0.190387 0.145871 0.116043 0.0917997 0.0555512 0.0254257 0.0102855 0.00384557 0.00124459 0.000352192 8.93268e-05 1.9876e-05 3.76259e-06 5.87421e-07 7.33316e-08
 1.61479e-11 1.75346e-09 1.12258e-07 4.2372e-06 9.42927e-05 0.00123716 0.00957091 0.0436755 0.117809 0.189795 0.191917 0.146745 0.116242 0.0912773 0.0541758 0.0236672 0.0089959 0.00328401 0.00109026 0.000318223 8.00887e-05 1.70067e-05 3.03587e-06 4.49757e-07 5.36148e-08
 1.69159e-11 1.83687e-09 1.17598e-07 4.43873e-06 9.87775e-05 0.001296 0.0100259 0.0457483 0.123349 0.198316 0.198625 0.146891 0.110305 0.0839493 0.0490624 0.0209374 0.00762527 0.0026363 0.000825495 0.000230505 5.76158e-05 1.2404e-05 2.20588e-06 3.1544e-07 3.56716e-08
 1.68058e-11 1.82491e-09 1.16833e-07 4.40985e-06 9.81348e-05 0.00128757 0.00996075 0.0454518 0.122564 0.197162 0.197981 0.147745 0.112494 0.0859102 0.0494801 0.0201517 0.00673172 0.00213625 0.000627916 0.000164956 3.87352e-05 7.9448e-06 1.38325e-06 1.97274e-07 2.21085e-08
 1.60324e-11 1.74093e-09 1.11456e-07 4.2069e-06 9.36185e-05 0.00122831 0.00950253 0.0433645 0.116984 0.188581 0.191227 0.147603 0.118501 0.09338 0.0547947 0.02304 0.00808839 0.00263012 0.000746679 0.000181425 3.91456e-05 7.45404e-06 1.21582e-06 1.64928e-07 1.79663e-08
 1.54907e-11 1.6821e-09 1.0769e-07 4.06475e-06 9.04553e-05 0.00118681 0.00918162 0.0419031 0.113085 0.182644 0.186839 0.148445 0.124133 0.0995199 0.0580335 0.023667 0.00787471 0.00246786 0.000704373 0.000174665 3.73235e-05 6.71798e-06 1.0093e-06 1.26171e-07 1.2831e-08
 1.64784e-11 1.78935e-09 1.14556e-07 4.32392e-06 9.62226e-05 0.00126248 0.00976675 0.0445682 0.120204 0.19355 0.195221 0.147958 0.115457 0.0893651 0.0516476 0.0210213 0.00696512 0.00214662 0.000591114 0.000140309 2.92688e-05 5.26165e-06 7.83248e-07 9.38366e-08 8.88716e-09
 1.63097e-11 1.77104e-09 1.13384e-07 4.27967e-06 9.5238e-05 0.00124956 0.00966685 0.0441132 0.118988 0.191683 0.193765 0.147973 0.116835 0.0910332 0.0527741 0.0215761 0.00720646 0.00223853 0.000618124 0.000145649 2.96701e-05 5.1481e-06 7.43616e-07 8.7631e-08 8.1601e-09
 1.65172e-11 1.79357e-09 1.14826e-07 4.33411e-06 9.64495e-05 0.00126546 0.00978977 0.0446731 0.120485 0.193988 0.195594 0.148058 0.115296 0.0890817 0.0513381 0.0207438 0.00678324 0.00206813 0.000567913 0.000134214 2.74194e-05 4.73354e-06 6.71422e-07 7.68673e-08 6.94974e-09
 1.69734e-11 1.84311e-09 1.17998e-07 4.45383e-06 9.91135e-05 0.00130041 0.0100601 0.0459044 0.123776 0.199047 0.199567 0.148113 0.111714 0.0846677 0.0482571 0.0191173 0.00601517 0.00175649 0.000467079 0.000107662 2.16383e-05 3.71565e-06 5.26773e-07 6.00236e-08 5.34854e-09
 1.72185e-11 1.86972e-09 1.19701e-07 4.51813e-06 0.000100544 0.00131918 0.0102052 0.0465657 0.125543 0.201762 0.201689 0.14811 0.109742 0.0822683 0.0466247 0.0182971 0.00564278 0.00160182 0.000412168 9.11976e-05 1.75736e-05 2.91932e-06 4.04921e-07 4.56165e-08 4.04423e-09
 1.79172e-11 1.9456e-09 1.24559e-07 4.70147e-06 0.000104624 0.00137271 0.0106192 0.048451 0.130579 0.209476 0.207612 0.147746 0.103573 0.0750532 0.0420902 0.0164302 0.00502619 0.00141007 0.000357208 7.71759e-05 1.43838e-05 2.29544e-06 3.05144e-07 3.31177e-08 2.85885e-09
 1.76054e-11 1.91174e-09 1.22391e-07 4.61966e-06 0.000102804 0.00134882 0.0104345 0.0476101 0.128337 0.206071 0.205148 0.1484 0.107073 0.0787637 0.0438955 0.0165647 0.00468963 0.00119786 0.000286369 6.01551e-05 1.09803e-05 1.71063e-06 2.20339e-07 2.30064e-08 1.90567e-09
 1.7804e-11 1.9333e-09 1.23772e-07 4.67176e-06 0.000103963 0.00136403 0.0105521 0.0481457 0.129765 0.208237 0.206705 0.147951 0.104797 0.0763793 0.0427832 0.0165457 0.0049424 0.00133161 0.000317807 6.29057e-05 1.06223e-05 1.56306e-06 1.94526e-07 1.97615e-08 1.58772e-09
 1.86228e-11 2.02222e-09 1.29464e-07 4.88663e-06 0.000108745 0.00142676 0.0110372 0.0503553 0.135668 0.217292 0.213719 0.147726 0.09787 0.068111 0.037353 0.0140486 0.00397247 0.00101025 0.000238191 4.85213e-05 8.39867e-06 1.21221e-06 1.42289e-07 1.35506e-08 1.03679e-09
 1.85091e-11 2.00987e-09 1.28673e-07 4.85678e-06 0.000108081 0.00141805 0.0109698 0.0500486 0.134851 0.216058 0.212857 0.148067 0.0993032 0.0695698 0.0379713 0.0139561 0.00372092 0.000865492 0.000188166 3.58724e-05 5.93203e-06 8.48666e-07 1.00831e-07 9.57175e-09 7.06788e-10
 1.80011e-11 1.9547e-09 1.25142e-07 4.72348e-06 0.000105114 0.00137913 0.0106689 0.0486779 0.131191 0.210457 0.208585 0.148424 0.103932 0.0749161 0.0412404 0.0151926 0.00405157 0.000935566 0.000197716 3.54701e-05 5.37764e-06 7.06628e-07 7.88952e-08 7.25667e-09 5.32056e-10
 1.83584e-11 1.9935e-09 1.27626e-07 4.81723e-06 0.0001072 0.0014065 0.0108806 0.0496418 0.133764 0.214391 0.211565 0.148105 0.100574 0.0710919 0.0389792 0.0144266 0.00390312 0.000920419 0.000197256 3.54264e-05 5.28459e-06 6.65359e-07 6.92152e-08 5.85474e-09 3.99038e-10
 1.85241e-11 2.0115e-09 1.28778e-07 4.86072e-06 0.000108168 0.0014192 0.0109787 0.050089 0.134958 0.216215 0.212945 0.14795 0.099007 0.069311 0.037931 0.0140782 0.00384208 0.000919044 0.000200075 3.65922e-05 5.56744e-06 7.09289e-07 7.33843e-08 6.0289e-09 3.88882e-10
 1.83038e-11 1.98758e-09 1.27246e-07 4.80291e-06 0.000106882 0.00140232 0.0108482 0.0494949 0.133375 0.213821 0.211258 0.14856 0.101704 0.0720752 0.0391287 0.0139512 0.00342017 0.000689894 0.000131798 2.29435e-05 3.47013e-06 4.46593e-07 4.69381e-08 3.90914e-09 2.52672e-10
#obs catch len freq
 1.19509e-11 1.29773e-09 8.30817e-08 3.13592e-06 6.97857e-05 0.000915628 0.00708394 0.0323372 0.0873709 0.141944 0.149183 0.129425 0.124047 0.115342 0.0876724 0.0578568 0.0348259 0.0184809 0.00855278 0.003418 0.00112505 0.000286057 5.28844e-05 6.76381e-06 5.75988e-07
 1.13711e-11 1.23477e-09 7.90512e-08 2.9838e-06 6.64005e-05 0.000871222 0.00674079 0.0307796 0.0832766 0.136151 0.146812 0.135809 0.137042 0.125322 0.0884394 0.0527272 0.0297896 0.0155421 0.00701129 0.00262079 0.000782879 0.000179175 2.98874e-05 3.46037e-06 2.6723e-07
 6.43279e-12 6.98525e-10 4.47202e-08 1.68797e-06 3.75643e-05 0.000492914 0.0038154 0.0174585 0.0477205 0.0817818 0.104993 0.136857 0.176374 0.172763 0.122153 0.0704809 0.0369501 0.0174742 0.00723461 0.00253271 0.000706254 0.000147931 2.22333e-05 2.30807e-06 1.6008e-07
 1.7759e-11 1.92842e-09 1.23459e-07 4.65997e-06 0.000103701 0.00136059 0.0105253 0.0480197 0.12936 0.206979 0.202257 0.135765 0.085631 0.063817 0.0485304 0.0335602 0.0196951 0.009322 0.00358623 0.00113343 0.0002859 5.45841e-05 7.47389e-06 7.02281e-07 4.38229e-08
 1.5684e-11 1.7031e-09 1.09034e-07 4.11548e-06 9.15846e-05 0.00120165 0.00929692 0.0424395 0.114636 0.185729 0.191569 0.153253 0.124727 0.0944065 0.0518095 0.0200778 0.00680715 0.00257712 0.000981673 0.000306324 7.21182e-05 1.24479e-05 1.53076e-06 1.29516e-07 7.29281e-09
 1.70114e-11 1.84723e-09 1.18261e-07 4.46379e-06 9.93356e-05 0.00130334 0.0100834 0.0460222 0.12421 0.2004 0.202743 0.152071 0.112173 0.0806899 0.0446164 0.0179037 0.00568917 0.00153422 0.000360133 7.81378e-05 1.54759e-05 2.45049e-06 2.77345e-07 2.12782e-08 1.07751e-09
 1.55941e-11 1.69333e-09 1.08408e-07 4.09189e-06 9.10599e-05 0.00119478 0.00924425 0.0422077 0.114099 0.185368 0.192733 0.156134 0.12678 0.09419 0.0509987 0.01941 0.00574488 0.00144183 0.000300493 4.99521e-05 6.67876e-06 7.34459e-07 6.49425e-08 4.27983e-09 1.94113e-10
 1.73726e-11 1.88646e-09 1.20772e-07 4.55857e-06 0.000101445 0.00133103 0.0102979 0.0470072 0.126921 0.205016 0.207842 0.155322 0.111373 0.0761023 0.0393341 0.0142904 0.00395082 0.000906817 0.000171076 2.53223e-05 2.8777e-06 2.47349e-07 1.58273e-08 7.45989e-10 2.5493e-11
 1.61875e-11 1.75777e-09 1.12534e-07 4.24762e-06 9.45257e-05 0.00124027 0.00959656 0.0438217 0.118502 0.192628 0.199938 0.159213 0.12346 0.0867213 0.0442211 0.0154913 0.0040371 0.000858726 0.000149102 2.0119e-05 2.05081e-06 1.54856e-07 8.43759e-09 3.23496e-10 8.56698e-12
 1.77738e-11 1.93003e-09 1.23562e-07 4.66386e-06 0.000103789 0.00136179 0.0105362 0.0480998 0.129905 0.209921 0.212509 0.156568 0.107755 0.0703677 0.0354712 0.0128684 0.00357588 0.000796249 0.000137128 1.75074e-05 1.64045e-06 1.12035e-07 5.45875e-09 1.84809e-10 4.25031e-12
 1.52814e-11 1.65938e-09 1.06235e-07 4.00986e-06 8.92355e-05 0.0011709 0.00906127 0.041403 0.11223 0.184058 0.196597 0.166308 0.134941 0.0930213 0.0441969 0.0135628 0.0028293 0.000455598 6.30356e-05 7.35535e-06 6.64836e-07 4.35391e-08 1.98441e-09 6.14807e-11 1.27491e-12
 1.76798e-11 1.91982e-09 1.22908e-07 4.6392e-06 0.00010324 0.00135462 0.0104817 0.0478655 0.129413 0.209891 0.214721 0.161216 0.111161 0.0694511 0.0319488 0.00986937 0.00212493 0.000345597 4.36278e-05 4.1269e-06 2.86882e-07 1.48862e-08 5.77982e-10 1.61906e-11 3.11242e-13
 1.59309e-11 1.72991e-09 1.1075e-07 4.1803e-06 9.30291e-05 0.0012207 0.0094473 0.0431749 0.117082 0.192057 0.2042 0.168318 0.12923 0.0839664 0.0378193 0.010956 0.0021027 0.000292747 3.21418e-05 2.7838e-06 1.80545e-07 8.42174e-09 2.76116e-10 6.26356e-12 9.73325e-14
 1.71426e-11 1.86149e-09 1.19174e-07 4.49826e-06 0.000100105 0.00131354 0.0101653 0.0464446 0.125801 0.205279 0.213766 0.166197 0.117272 0.0716879 0.0312076 0.00884583 0.00166572 0.000224996 2.32066e-05 1.81075e-06 1.02488e-07 4.13009e-09 1.18275e-10 2.37868e-12 3.27595e-14
 1.25904e-11 1.36717e-09 8.75281e-08 3.30381e-06 7.3527e-05 0.000964972 0.00747311 0.0342382 0.0937088 0.158781 0.185809 0.183133 0.162568 0.109318 0.0479942 0.0132391 0.00236854 0.000296709 2.80701e-05 2.02641e-06 1.07044e-07 3.99702e-09 1.03862e-10 1.85276e-12 2.2311e-14
 1.4791e-11 1.60613e-09 1.02826e-07 3.88124e-06 8.63765e-05 0.00113354 0.00877625 0.040164 0.109428 0.182168 0.201361 0.176684 0.139807 0.0886424 0.0384164 0.0108949 0.00210587 0.000295995 3.08569e-05 2.29728e-06 1.17392e-07 4.07719e-09 9.68764e-11 1.57499e-12 1.72894e-14
 1.58437e-11 1.72044e-09 1.10144e-07 4.15747e-06 9.2524e-05 0.00121421 0.00940043 0.0430106 0.117048 0.19384 0.210104 0.175411 0.129767 0.0777842 0.0320675 0.00853958 0.00150765 0.000190001 1.81857e-05 1.31642e-06 6.88412e-08 2.49995e-09 6.13904e-11 9.97598e-13 1.05457e-14
 1.44986e-11 1.57438e-09 1.00794e-07 3.80457e-06 8.46731e-05 0.00111131 0.00860725 0.0394359 0.10782 0.181225 0.204459 0.183141 0.143163 0.0863019 0.0345035 0.00862863 0.00136152 0.000143085 1.08478e-05 6.26485e-07 2.73367e-08 8.68149e-10 1.9465e-11 3.0046e-13 3.10843e-15
 1.5656e-11 1.70006e-09 1.0884e-07 4.10828e-06 9.14319e-05 0.00119999 0.00929306 0.0425567 0.116102 0.193499 0.212292 0.178859 0.130438 0.0757019 0.0303419 0.00799764 0.00142519 0.000180275 1.6391e-05 1.03538e-06 4.37467e-08 1.2223e-09 2.2854e-11 2.90635e-13 2.523e-15
 1.44547e-11 1.56962e-09 1.00489e-07 3.79313e-06 8.44219e-05 0.00110815 0.008586 0.0393803 0.10797 0.182621 0.207882 0.185928 0.141687 0.0825526 0.0323735 0.00823277 0.00140334 0.000170676 1.53718e-05 1.00755e-06 4.61119e-08 1.42592e-09 2.91258e-11 3.85731e-13 3.26395e-15
 1.59455e-11 1.7315e-09 1.10853e-07 4.18431e-06 9.31272e-05 0.00122236 0.00946889 0.043393 0.118583 0.198222 0.217695 0.180745 0.126467 0.0695948 0.0265289 0.00668571 0.00114385 0.00013969 1.24343e-05 7.89865e-07 3.47541e-08 1.04138e-09 2.10207e-11 2.8162e-13 2.45682e-15
 1.58996e-11 1.72652e-09 1.10535e-07 4.17233e-06 9.28633e-05 0.001219 0.00944515 0.0433135 0.118575 0.199025 0.220109 0.183408 0.126617 0.0673332 0.0243 0.0056213 0.000843222 8.66382e-05 6.49015e-06 3.62535e-07 1.47169e-08 4.17614e-10 8.03503e-12 1.02471e-13 8.50785e-16
 1.52557e-11 1.6566e-09 1.06059e-07 4.00345e-06 8.91093e-05 0.0011699 0.00906884 0.0416421 0.114416 0.193862 0.218768 0.187446 0.131603 0.0699479 0.0251373 0.00584752 0.000896062 9.4561e-05 7.08666e-06 3.74692e-07 1.36307e-08 3.35955e-10 5.59685e-12 6.28833e-14 4.71205e-16
 1.57785e-11 1.71338e-09 1.09694e-07 4.14071e-06 9.21664e-05 0.0012101 0.00938136 0.0430829 0.118358 0.200131 0.223704 0.186764 0.12584 0.0639555 0.021921 0.00480719 0.000679261 6.46039e-05 4.3481e-06 2.11147e-07 7.25701e-09 1.71093e-10 2.7013e-12 2.80877e-14 1.89792e-16
 1.72217e-11 1.87009e-09 1.19727e-07 4.51942e-06 0.000100594 0.00132064 0.0102352 0.0469529 0.128502 0.214627 0.231806 0.180459 0.111441 0.0529097 0.0173746 0.00370475 0.000511868 4.74277e-05 3.06197e-06 1.39298e-07 4.38821e-09 9.36204e-11 1.33556e-12 1.26468e-14 7.87277e-17
 1.56118e-11 1.69528e-09 1.08537e-07 4.09721e-06 9.12081e-05 0.00119786 0.00929342 0.0427577 0.117963 0.201138 0.227355 0.190072 0.124962 0.0607052 0.0197566 0.00410582 0.000546817 4.83246e-05 2.95123e-06 1.26717e-07 3.77351e-09 7.60383e-11 1.01772e-12 8.94088e-15 5.10323e-17
 1.44424e-11 1.56831e-09 1.0041e-07 3.79064e-06 8.43967e-05 0.00110888 0.00861303 0.0397494 0.110536 0.192042 0.225134 0.197343 0.133941 0.0654077 0.0210848 0.00432824 0.000570788 5.00023e-05 3.00798e-06 1.2541e-07 3.56739e-09 6.7781e-11 8.48421e-13 6.9422e-15 3.68535e-17
 1.68603e-11 1.83086e-09 1.17219e-07 4.42502e-06 9.85097e-05 0.00129385 0.0100386 0.0461718 0.12711 0.214778 0.235867 0.184968 0.111234 0.0497598 0.0152223 0.00302688 0.000390495 3.35785e-05 1.97965e-06 8.05271e-08 2.22423e-09 4.08453e-11 4.91303e-13 3.83385e-15 1.92426e-17
 1.34355e-11 1.459e-09 9.34167e-08 3.5271e-06 7.85567e-05 0.00103306 0.00804184 0.0373118 0.105029 0.187011 0.227566 0.205633 0.139026 0.0652809 0.0197719 0.00373705 0.000441752 3.35455e-05 1.70375e-06 5.98904e-08 1.46914e-09 2.47306e-11 2.78749e-13 2.06043e-15 9.82848e-18
#spawning biomass
 7258.07 6917.92 5010.71 5071.1 8258.92 13001.8 18798.1 28799.9 41997.9 68686.1 95772.8 129493 167030 221039 188359 155083 164096 156568 146862 150461 170053 177135 204175 225991 251151 254001 249800 270321 182524 113304 219608 179719 128462 88523.7 62697.8 47661.2 39472 35210 33062.1 32004.7 31493.1 31248.9 31133.4 31079.1 31053.6 31041.9 31036.5 31034.1 31033 31032.5 31032.2 31032.1 31032.1 31032.1 31032.1 31032.1 31032 31032 31032 31032 31032 31032 31032 31032 31032 31032 31032 31032 31032 31032 31032 31032 31032 31032 31032 31032 31032 31032 31032 31032 31032 31032 31032 31032 31032 31032 31032 31032 31032 31032 31032 31032 31032 31032 31032 31032 31032 31032 31032 31032 31032 31032 31032 31032 31032 31032 31032 31032 31032 31032 31032 31032 31032 31032 31032 31032 31032 31032 31032 31032 31032 31032 31032 31032 31032 31032 31032 31032 31032 0 0 0 0 0 0 0 0 0 0 0 0 0 0 0 0 0 0 0 0 0 0 0 0 0
