SBPRF35
0.0448284
Curr Bio
258271
B35
99284.1
F35
13.2943
FOFL
13.2943
OFL
295685
Bzero
12727.8
#pred survey bio
 2990.39 3174.4 5209.42 8848.27 13483.5 21184.1 30739.7 44641.3 57966.8 76590.8 107523 131648 138919 136400 139556 131372 120024 112049 109763 117766 117906 133851 160884 158537 177709 154331 145808 165173 4.52418e+06 1.22477e+06 331971 160440 104330 85774.8 79718 77769.6 77150.5 76955.9 76895.2 76876.3 76870.5 76868.8 76868.2 76868.1 76868 76868 76868 76868 76868 76868 76868 76868 76868 76868 76868 76868 76868 76868 76868 76868 76868 76868 76868 76868 76868 76868 76868 76868 76868 76868 76868 76868 76868 76868 76868 76868 76868 76868 76868 76868 76868 76868 76868 76868 76868 76868 76868 76868 76868 76868 76868 76868 76868 76868 76868 76868 76868 76868 76868 76868 76868 76868 76868 76868 76868 76868 76868 76868 76868 76868 76868 76868 76868 76868 76868 76868 76868 76868 76868 76868 76868 76868 76868 76868 76868 76868 76868 76868 0 0 0 0 0 0 0 0 0 0 0 0 0 0 0 0 0 0 0 0 0 0 0 0 0
#obs survey bio
 2346.33 3077.47 4555.83 9454.69 11493.1 19092.9 27950.7 45554 61948.1 100377 108394 148701 125925 100896 141467 139384 100310 107153 141741 122962 103216 151771 181397 224158 173245 175375 108469 170461
#pred catch bio
 1001.34 1360.88 2118.87 4370.44 5929.06 10863.3 14681 24236.2 32142.2 41066.9 64554.1 82578.9 96511.2 96244.3 98964.8 95502.6 92791.8 87867.5 76250.3 87226.9 84239.5 84631.4 117598 97969.1 142809 121234 106259 107394 295685 15198 4782.76 4782.75 4782.75 4782.75 4782.75 4782.75 4782.75 4782.75 4782.75 4782.75 4782.75 4782.75 4782.75 4782.75 4782.75 4782.75 4782.75 4782.75 4782.75 4782.75 4782.75 4782.75 4782.75 4782.75 4782.75 4782.75 4782.75 4782.75 4782.75 4782.75 4782.75 4782.75 4782.75 4782.75 4782.75 4782.75 4782.75 4782.75 4782.75 4782.75 4782.75 4782.75 4782.75 4782.75 4782.75 4782.75 4782.75 4782.75 4782.75 4782.75 4782.75 4782.75 4782.75 4782.75 4782.75 4782.75 4782.75 4782.75 4782.75 4782.75 4782.75 4782.75 4782.75 4782.75 4782.75 4782.75 4782.75 4782.75 4782.75 4782.75 4782.75 4782.75 4782.75 4782.75 4782.75 4782.75 4782.75 4782.75 4782.75 4782.75 4782.75 4782.75 4782.75 4782.75 4782.75 4782.75 4782.75 4782.75 4782.75 4782.75 4782.75 4782.75 4782.75 4782.75 4782.75 4782.75 4782.75 4782.75 0 0 0 0 0 0 0 0 0 0 0 0 0 0 0 0 0 0 0 0 0 0 0 0 0
#obs catch bio
 1019 1413.18 2124.77 4462.84 5828.56 10921.7 14473.4 24442.2 31920.1 40972.4 65851.2 80419.4 99182.9 105159 102818 99034 100831 96211.2 76690.5 86779.5 84843.6 80042.4 108269 84863.3 132877 116462 99864.9 105542
#pred cpue bio
 2875.77 2797.14 4662.98 7886.88 12134.5 19031.6 27682.4 40520.3 52789.6 69032.8 96905.6 120863 129151 124339 128671 122158 110465 102216 99742.3 108266 107019 120500 147663 145169 163798 141301 133161 147216 4.18476e+06 1.32263e+06 321733 149102 92973.4 74418.3 68361.6 66413.1 65794.1 65599.4 65538.7 65519.9 65514.1 65512.3 65511.8 65511.6 65511.6 65511.5 65511.5 65511.5 65511.5 65511.5 65511.5 65511.5 65511.5 65511.5 65511.5 65511.5 65511.5 65511.5 65511.5 65511.5 65511.5 65511.5 65511.5 65511.5 65511.5 65511.5 65511.5 65511.5 65511.5 65511.5 65511.5 65511.5 65511.5 65511.5 65511.5 65511.5 65511.5 65511.5 65511.5 65511.5 65511.5 65511.5 65511.5 65511.5 65511.5 65511.5 65511.5 65511.5 65511.5 65511.5 65511.5 65511.5 65511.5 65511.5 65511.5 65511.5 65511.5 65511.5 65511.5 65511.5 65511.5 65511.5 65511.5 65511.5 65511.5 65511.5 65511.5 65511.5 65511.5 65511.5 65511.5 65511.5 65511.5 65511.5 65511.5 65511.5 65511.5 65511.5 65511.5 65511.5 65511.5 65511.5 65511.5 65511.5 65511.5 65511.5 65511.5 65511.5 0 0 0 0 0 0 0 0 0 0 0 0 0 0 0 0 0 0 0 0 0 0 0 0 0
#obs cpue bio
 1404.97 2652.41 5773.02 6942.22 16094.8 21025.3 30795.7 38604.7 54828.4 46401 92079 133099 113969 95330.8 129875 104766 81101 79421.2 80972.5 121429 105371 157728 213874 197428 184319 130884 246502 133318
#pred surv len freq
 1.23798e-11 1.34429e-09 8.60629e-08 3.24845e-06 7.22896e-05 0.000948477 0.00733792 0.0334928 0.090441 0.146505 0.151926 0.126267 0.113625 0.0999494 0.0719721 0.0470472 0.0314972 0.0214586 0.015078 0.0111614 0.0088414 0.00757446 0.00664355 0.00514906 0.00300933
 1.74342e-11 1.89315e-09 1.21201e-07 4.57473e-06 0.000101804 0.0013357 0.0103329 0.0471441 0.127048 0.203738 0.201591 0.142646 0.0993894 0.0733291 0.0447417 0.0222677 0.0109769 0.00586702 0.0033503 0.00204701 0.00135785 0.00100009 0.000794245 0.000591748 0.000345806
 1.66333e-11 1.80618e-09 1.15633e-07 4.36458e-06 9.71273e-05 0.00127435 0.00985854 0.0449862 0.121319 0.195252 0.196496 0.147766 0.113877 0.0874669 0.0503027 0.0203613 0.00684682 0.00236568 0.000896057 0.000383057 0.00018929 0.000108743 7.18746e-05 4.85359e-05 2.73532e-05
 1.67906e-11 1.82326e-09 1.16727e-07 4.40586e-06 9.8046e-05 0.0012864 0.00995172 0.0454103 0.122447 0.196935 0.197573 0.146986 0.111467 0.0853239 0.049965 0.0213167 0.00767786 0.00254404 0.000732965 0.000191639 5.40976e-05 1.90352e-05 8.74071e-06 4.76258e-06 2.43598e-06
 1.6377e-11 1.77835e-09 1.13851e-07 4.29732e-06 9.56307e-05 0.00125471 0.0097067 0.0442947 0.119473 0.192429 0.194355 0.147991 0.116316 0.0903642 0.0522587 0.0212719 0.00708568 0.00223798 0.000649974 0.000165018 3.65044e-05 7.36675e-06 1.64861e-06 5.17727e-07 2.03098e-07
 1.6444e-11 1.78562e-09 1.14317e-07 4.3149e-06 9.6022e-05 0.00125985 0.00974637 0.044475 0.119949 0.193114 0.194663 0.147242 0.114644 0.0889847 0.0521932 0.0221535 0.0079083 0.0026027 0.000739147 0.000177992 3.77249e-05 6.95896e-06 1.10176e-06 1.64913e-07 3.05021e-08
 1.63467e-11 1.77505e-09 1.13641e-07 4.28936e-06 9.54537e-05 0.00125239 0.00968873 0.0442129 0.119254 0.192091 0.194083 0.147966 0.116523 0.0906403 0.0524805 0.021417 0.00716292 0.00226547 0.00065498 0.000164637 3.54105e-05 6.34067e-06 9.36556e-07 1.14618e-07 1.20246e-08
 1.59769e-11 1.7349e-09 1.1107e-07 4.19234e-06 9.32946e-05 0.00122407 0.00946968 0.0432149 0.116585 0.18798 0.190808 0.147771 0.119203 0.0940937 0.0550974 0.022995 0.00796499 0.00255804 0.000720244 0.00017329 3.66286e-05 6.66798e-06 9.99859e-07 1.19502e-07 1.11987e-08
 1.58286e-11 1.7188e-09 1.10039e-07 4.15343e-06 9.24286e-05 0.0012127 0.00938182 0.042815 0.11552 0.186372 0.189689 0.148228 0.121087 0.0959929 0.0558681 0.0228318 0.00762791 0.00239215 0.000677979 0.000166014 3.50095e-05 6.21214e-06 9.11055e-07 1.08657e-07 1.01918e-08
 1.63069e-11 1.77073e-09 1.13364e-07 4.27892e-06 9.52212e-05 0.00124934 0.00966515 0.0441055 0.118967 0.191653 0.193752 0.148007 0.11691 0.0910943 0.0527755 0.0215342 0.00716713 0.00222102 0.000614767 0.00014642 3.0469e-05 5.42437e-06 7.96136e-07 9.37017e-08 8.63535e-09
 1.63115e-11 1.77124e-09 1.13396e-07 4.28014e-06 9.52485e-05 0.0012497 0.00966792 0.0441181 0.119002 0.191712 0.193826 0.148099 0.117013 0.0911416 0.0527049 0.0213891 0.00704603 0.00216152 0.000594152 0.00014015 2.8639e-05 4.97982e-06 7.17881e-07 8.39265e-08 7.71118e-09
 1.54517e-11 1.67787e-09 1.07419e-07 4.05453e-06 9.02278e-05 0.00118383 0.00915856 0.0417985 0.11281 0.182264 0.186745 0.149116 0.125472 0.100596 0.0580433 0.0228858 0.00709409 0.00204164 0.000541104 0.000125301 2.52954e-05 4.34746e-06 6.16731e-07 7.06624e-08 6.37656e-09
 1.48132e-11 1.60853e-09 1.0298e-07 3.88698e-06 8.64992e-05 0.00113491 0.00878026 0.0400754 0.108206 0.175203 0.181279 0.149301 0.130889 0.107061 0.0622904 0.024835 0.00783799 0.00227172 0.000586748 0.00012865 2.45562e-05 4.06946e-06 5.65607e-07 6.38475e-08 5.67181e-09
 1.57963e-11 1.71529e-09 1.09814e-07 4.14494e-06 9.22397e-05 0.00121023 0.00936268 0.0427283 0.115295 0.18608 0.189727 0.149105 0.122687 0.097214 0.0557498 0.021742 0.00658051 0.00183053 0.00046643 0.000102507 1.93736e-05 3.09518e-06 4.08633e-07 4.41023e-08 3.80301e-09
 1.52552e-11 1.65653e-09 1.06053e-07 4.00296e-06 8.90802e-05 0.00116878 0.00904214 0.0412686 0.1114 0.180145 0.185322 0.149887 0.128228 0.103311 0.0590548 0.0224886 0.00643167 0.00165998 0.000397821 8.32635e-05 1.51988e-05 2.38936e-06 3.11523e-07 3.27256e-08 2.70588e-09
 1.48206e-11 1.60934e-09 1.03031e-07 3.88891e-06 8.65423e-05 0.00113548 0.00878466 0.0400958 0.108266 0.175338 0.181597 0.149999 0.131895 0.107698 0.0619528 0.0238357 0.00695499 0.00182383 0.000430353 8.54324e-05 1.45169e-05 2.14031e-06 2.66403e-07 2.71816e-08 2.20218e-09
 1.53392e-11 1.66565e-09 1.06637e-07 4.025e-06 8.95707e-05 0.00117521 0.0090919 0.0414952 0.112004 0.18106 0.185974 0.149678 0.127236 0.102284 0.058597 0.0225123 0.00656343 0.00172527 0.000410975 8.27065e-05 1.40728e-05 2.0148e-06 2.36669e-07 2.26017e-08 1.73271e-09
 1.57762e-11 1.71311e-09 1.09675e-07 4.13967e-06 9.21226e-05 0.00120869 0.00935082 0.0426747 0.115158 0.185919 0.189843 0.149904 0.124066 0.0982178 0.0555449 0.0206864 0.00561351 0.00134329 0.000301736 5.95815e-05 1.01448e-05 1.46419e-06 1.72508e-07 1.61968e-08 1.19001e-09
 1.59596e-11 1.73302e-09 1.1095e-07 4.18779e-06 9.31934e-05 0.00122274 0.00945946 0.0431696 0.116481 0.187954 0.191445 0.14994 0.122647 0.0964598 0.0543056 0.0200176 0.00528698 0.00120476 0.00025415 4.63856e-05 7.26962e-06 9.93066e-07 1.14654e-07 1.07515e-08 7.90494e-10
 1.53962e-11 1.67185e-09 1.07033e-07 4.03997e-06 8.99037e-05 0.00117958 0.00912569 0.0416491 0.112416 0.181698 0.186496 0.149755 0.126898 0.101815 0.0582049 0.02223 0.00637671 0.00162054 0.000363339 6.60599e-05 9.86833e-06 1.25317e-06 1.33404e-07 1.16742e-08 8.23658e-10
 1.6006e-11 1.73806e-09 1.11272e-07 4.19996e-06 9.34642e-05 0.00122629 0.00948693 0.0432945 0.116812 0.188436 0.191698 0.149528 0.121648 0.0955919 0.0541737 0.0204428 0.00573006 0.00143045 0.000327841 6.39075e-05 1.03991e-05 1.38577e-06 1.46119e-07 1.21232e-08 7.94581e-10
 1.63766e-11 1.7783e-09 1.13848e-07 4.29721e-06 9.56282e-05 0.00125468 0.00970648 0.0442944 0.119482 0.192522 0.194814 0.149267 0.118273 0.0916979 0.0518012 0.0195514 0.00548701 0.00136743 0.000310269 5.95789e-05 9.68958e-06 1.33749e-06 1.50434e-07 1.3255e-08 8.88376e-10
 1.54697e-11 1.67982e-09 1.07544e-07 4.05924e-06 9.03327e-05 0.00118521 0.0091692 0.0418471 0.112942 0.182483 0.186998 0.149385 0.125743 0.10072 0.0578666 0.0224988 0.00672755 0.00181105 0.000430165 8.3835e-05 1.36178e-05 1.86373e-06 2.08941e-07 1.8743e-08 1.31143e-09
 1.55924e-11 1.69315e-09 1.08397e-07 4.09145e-06 9.10495e-05 0.00119461 0.00924194 0.0421787 0.113831 0.183872 0.188197 0.149757 0.125319 0.0998723 0.056845 0.021523 0.0060791 0.00154197 0.000363394 7.41237e-05 1.28144e-05 1.82934e-06 2.08271e-07 1.86841e-08 1.30551e-09
 1.52499e-11 1.65596e-09 1.06016e-07 4.00158e-06 8.90495e-05 0.00116837 0.009039 0.0412538 0.111354 0.180021 0.184963 0.149026 0.126965 0.102522 0.0595162 0.023771 0.00750954 0.0021458 0.000527561 0.000104991 1.75606e-05 2.51967e-06 2.98972e-07 2.81149e-08 2.02503e-09
 1.56079e-11 1.69483e-09 1.08504e-07 4.0955e-06 9.11395e-05 0.00119579 0.00925109 0.0422206 0.113947 0.184078 0.188499 0.15022 0.125897 0.100174 0.0565147 0.0207929 0.00548039 0.00127133 0.000289263 6.07234e-05 1.10123e-05 1.6327e-06 1.92003e-07 1.7932e-08 1.31631e-09
 1.57254e-11 1.70759e-09 1.09322e-07 4.12635e-06 9.18261e-05 0.0012048 0.00932075 0.0425378 0.114793 0.18537 0.189466 0.150077 0.12474 0.0988982 0.0558272 0.0206283 0.00547244 0.00125061 0.000261568 4.67616e-05 7.24416e-06 1.01476e-06 1.23324e-07 1.20622e-08 9.0229e-10
 1.68112e-11 1.82549e-09 1.1687e-07 4.41125e-06 9.81661e-05 0.00128798 0.00996396 0.0454671 0.122614 0.197316 0.198479 0.148989 0.114357 0.0871605 0.0490102 0.0184704 0.00516818 0.00127411 0.000280832 5.08407e-05 7.5702e-06 9.51473e-07 1.00221e-07 8.84018e-09 6.44341e-10
#obs surv len freq
 1.78152e-11 1.93453e-09 1.2385e-07 4.67472e-06 0.000104029 0.00136489 0.0105586 0.0481709 0.129768 0.207701 0.203533 0.138685 0.0905001 0.067325 0.0473225 0.0292736 0.0157022 0.0068356 0.0023507 0.000640213 0.000135191 2.12487e-05 2.38675e-06 1.85032e-07 9.62992e-09
 1.55955e-11 1.69348e-09 1.08418e-07 4.09225e-06 9.10675e-05 0.00119485 0.0092439 0.0421892 0.113867 0.183891 0.187608 0.146686 0.118792 0.0942753 0.0577374 0.0271926 0.011224 0.00422209 0.00135316 0.000347635 6.85716e-05 1.00218e-05 1.05169e-06 7.67733e-08 3.78071e-09
 1.76134e-11 1.91261e-09 1.22447e-07 4.62176e-06 0.000102851 0.00134944 0.0104394 0.047634 0.128404 0.206092 0.204265 0.144265 0.098935 0.0726791 0.0463817 0.0242354 0.0105111 0.00356969 0.000913432 0.000182722 2.97048e-05 3.81836e-06 3.64061e-07 2.43952e-08 1.10769e-09
 1.61457e-11 1.75323e-09 1.12243e-07 4.23662e-06 9.42803e-05 0.00123701 0.0095702 0.0436802 0.1179 0.190363 0.193505 0.148218 0.114666 0.0877107 0.053219 0.0252197 0.0101183 0.00339772 0.00089165 0.000175777 2.55474e-05 2.71143e-06 2.09993e-07 1.17769e-08 4.65421e-10
 1.67798e-11 1.82209e-09 1.16652e-07 4.40304e-06 9.79836e-05 0.0012856 0.00994601 0.045393 0.122484 0.197406 0.198847 0.147321 0.107784 0.0803649 0.0498405 0.0248042 0.0101781 0.00328396 0.000793894 0.000144007 1.9686e-05 1.97689e-06 1.4056e-07 6.88985e-09 2.2938e-10
 1.6513e-11 1.79311e-09 1.14797e-07 4.33301e-06 9.64254e-05 0.00126516 0.00978825 0.0446792 0.120628 0.19487 0.197971 0.14996 0.112171 0.0829 0.0495112 0.0233246 0.00912231 0.00287809 0.000690667 0.000122867 1.59695e-05 1.48567e-06 9.69789e-08 4.36395e-09 1.3277e-10
 1.60051e-11 1.73796e-09 1.11266e-07 4.19975e-06 9.34601e-05 0.00122627 0.0094877 0.0433144 0.117021 0.189534 0.194332 0.150712 0.115878 0.0867894 0.0525481 0.0252385 0.00991697 0.0030602 0.000706613 0.000120742 1.51489e-05 1.36078e-06 8.49128e-08 3.59292e-09 1.01223e-10
 1.55115e-11 1.68437e-09 1.07835e-07 4.07024e-06 9.05783e-05 0.00118847 0.00919571 0.0419896 0.113529 0.184421 0.190999 0.151733 0.119628 0.090408 0.0551416 0.0268305 0.0106464 0.0032926 0.000757081 0.000127429 1.55016e-05 1.33246e-06 7.90473e-08 3.17218e-09 8.45274e-11
 1.5867e-11 1.72297e-09 1.10306e-07 4.16351e-06 9.2654e-05 0.00121571 0.00940662 0.0429543 0.116143 0.188619 0.194781 0.152617 0.117005 0.0863611 0.0520427 0.0251191 0.00984296 0.00299282 0.000675981 0.000111645 1.32727e-05 1.10713e-06 6.31673e-08 2.41513e-09 6.083e-11
 1.53445e-11 1.66624e-09 1.06674e-07 4.02643e-06 8.96039e-05 0.00117571 0.0090978 0.0415562 0.112489 0.183443 0.192051 0.155255 0.122565 0.0904946 0.0535237 0.0251341 0.00955702 0.00282757 0.000623213 0.000100364 1.15928e-05 9.3578e-07 5.14625e-08 1.888e-09 4.5387e-11
 1.58931e-11 1.7258e-09 1.10487e-07 4.17037e-06 9.28073e-05 0.00121775 0.00942315 0.0430419 0.11649 0.18972 0.197246 0.155626 0.118023 0.0847429 0.0496074 0.0231142 0.00860074 0.00244805 0.000513593 7.8459e-05 8.60928e-06 6.61871e-07 3.47026e-08 1.2128e-09 2.77205e-11
 1.41331e-11 1.53469e-09 9.82522e-08 3.70856e-06 8.25314e-05 0.00108297 0.00838197 0.0383174 0.104032 0.171456 0.18548 0.160384 0.13402 0.0995868 0.0578573 0.0263897 0.00960115 0.00268126 0.000551702 8.19384e-05 8.62358e-06 6.28622e-07 3.10547e-08 1.02039e-09 2.19249e-11
 1.42071e-11 1.54272e-09 9.87667e-08 3.72799e-06 8.29639e-05 0.00108866 0.00842626 0.0385227 0.104599 0.172315 0.18567 0.158378 0.130458 0.09805 0.0595226 0.0285998 0.0106596 0.00294418 0.000587019 8.38536e-05 8.46841e-06 5.90621e-07 2.77625e-08 8.61906e-10 1.73847e-11
 1.4247e-11 1.54706e-09 9.90443e-08 3.73847e-06 8.3198e-05 0.00109176 0.00845112 0.0386491 0.105053 0.173596 0.18837 0.161835 0.132095 0.0963378 0.0560654 0.0258364 0.00937732 0.00256643 0.000509738 7.18217e-05 7.03228e-06 4.68516e-07 2.0853e-08 6.10347e-10 1.15766e-11
 1.29539e-11 1.40665e-09 9.00551e-08 3.39919e-06 7.56491e-05 0.000992782 0.00768713 0.0351914 0.0960022 0.160592 0.180524 0.165791 0.143354 0.106619 0.0619735 0.0281282 0.00989686 0.0025991 0.000495062 6.72738e-05 6.38769e-06 4.1282e-07 1.77242e-08 4.9598e-10 8.91314e-12
 1.41723e-11 1.53895e-09 9.85254e-08 3.7189e-06 8.27636e-05 0.00108612 0.00840859 0.0384702 0.104672 0.173289 0.188164 0.160353 0.129375 0.0958241 0.0584978 0.0281698 0.0102835 0.00273 0.000515552 6.83791e-05 6.26135e-06 3.87633e-07 1.59052e-08 4.25034e-10 7.28423e-12
 1.30003e-11 1.41168e-09 9.03777e-08 3.4114e-06 7.59229e-05 0.000996466 0.00771781 0.0353615 0.0966913 0.162648 0.184433 0.169336 0.143021 0.10297 0.0583802 0.0261743 0.00921674 0.00244016 0.000465044 6.17943e-05 5.58053e-06 3.35452e-07 1.32021e-08 3.35538e-10 5.4404e-12
 1.42394e-11 1.54623e-09 9.89916e-08 3.73654e-06 8.31584e-05 0.0010914 0.00845189 0.0387015 0.10556 0.175869 0.193345 0.166327 0.131695 0.0927337 0.0527235 0.0233232 0.00779872 0.00191025 0.000336862 4.21635e-05 3.65635e-06 2.13209e-07 8.14149e-09 1.99583e-10 3.09652e-12
 1.34328e-11 1.45865e-09 9.33848e-08 3.52494e-06 7.84523e-05 0.00102976 0.00797769 0.0365762 0.100158 0.168825 0.191047 0.172005 0.139806 0.0970026 0.0531791 0.0227313 0.00743983 0.00179277 0.000307516 3.66825e-05 2.98346e-06 1.62387e-07 5.81121e-09 1.34438e-10 1.97921e-12
 1.44311e-11 1.56705e-09 1.00325e-07 3.7869e-06 8.42823e-05 0.00110626 0.00856951 0.0392711 0.107324 0.179529 0.198282 0.1696 0.130635 0.0885334 0.0483627 0.0204471 0.00648508 0.00149309 0.000243924 2.7751e-05 2.15026e-06 1.10844e-07 3.72568e-09 8.03781e-11 1.09935e-12
 1.39612e-11 1.51603e-09 9.70593e-08 3.66369e-06 8.15439e-05 0.00107047 0.00829575 0.0380648 0.104411 0.176413 0.199258 0.175665 0.136249 0.0892715 0.0459815 0.0182854 0.00551725 0.0012192 0.000190911 2.06582e-05 1.51125e-06 7.32468e-08 2.31047e-09 4.67074e-11 5.97215e-13
 1.50396e-11 1.63313e-09 1.04556e-07 3.94667e-06 8.78418e-05 0.0011531 0.00893483 0.0409716 0.112111 0.187781 0.206628 0.17268 0.126431 0.0804497 0.0410106 0.0160023 0.00463196 0.00096487 0.000141536 1.43622e-05 9.87461e-07 4.49801e-08 1.33044e-09 2.51433e-11 2.99756e-13
 1.41744e-11 1.53919e-09 9.85426e-08 3.71978e-06 8.27979e-05 0.00108713 0.00842901 0.0387236 0.106515 0.180893 0.205291 0.179431 0.134575 0.0839284 0.0407803 0.0151055 0.00418577 0.000839217 0.000117926 1.13356e-05 7.30457e-07 3.09881e-08 8.51675e-10 1.49523e-11 1.65632e-13
 1.49565e-11 1.62412e-09 1.0398e-07 3.92504e-06 8.7367e-05 0.00114711 0.00889328 0.0408382 0.112121 0.18913 0.210412 0.176802 0.127225 0.0777686 0.0375135 0.0136449 0.00362857 0.000685893 9.02525e-05 8.12508e-06 4.90928e-07 1.95059e-08 5.00376e-10 8.16511e-12 8.37731e-14
 1.34698e-11 1.46268e-09 9.3646e-08 3.53514e-06 7.86999e-05 0.00103375 0.00802407 0.0369708 0.10244 0.1769 0.206918 0.186651 0.140379 0.084645 0.0387378 0.0132263 0.00331778 0.000594268 7.38633e-05 6.22955e-06 3.49888e-07 1.28673e-08 3.05164e-10 4.60551e-12 4.37211e-14
 1.3005e-11 1.41222e-09 9.04163e-08 3.41332e-06 7.59943e-05 0.00099842 0.00775377 0.0357691 0.0993852 0.172615 0.203977 0.186766 0.1434 0.0889301 0.0417983 0.0143528 0.00350445 0.000594509 6.89779e-05 5.40564e-06 2.81947e-07 9.62186e-09 2.11331e-10 2.94592e-12 2.5773e-14
 1.43037e-11 1.55324e-09 9.94452e-08 3.75415e-06 8.35796e-05 0.00109793 0.00852261 0.0392534 0.108508 0.185623 0.21131 0.181563 0.131127 0.0790242 0.0371515 0.0129224 0.00319658 0.000544594 6.24354e-05 4.73693e-06 2.34606e-07 7.49449e-09 1.52778e-10 1.96834e-12 1.58851e-14
 1.362e-11 1.47902e-09 9.46961e-08 3.57514e-06 7.96102e-05 0.00104633 0.00813276 0.0375824 0.104729 0.182381 0.214259 0.189999 0.136577 0.0778459 0.0336367 0.0107698 0.00250031 0.000408042 4.53721e-05 3.35006e-06 1.60898e-07 4.94499e-09 9.60211e-11 1.16656e-12 8.79995e-15
#pred catch len freq
 1.08878e-11 1.18228e-09 7.56908e-08 2.85695e-06 6.35776e-05 0.000834179 0.006454 0.0294663 0.0796786 0.129961 0.138934 0.126078 0.125241 0.113998 0.0812448 0.0514679 0.0335739 0.0226323 0.0158538 0.0117261 0.00928708 0.00795601 0.00697819 0.00540841 0.0031609
 1.65098e-11 1.79277e-09 1.14775e-07 4.33218e-06 9.64063e-05 0.00126489 0.00978526 0.0446499 0.120386 0.193535 0.193761 0.143141 0.107561 0.0828392 0.0506284 0.0246018 0.0117286 0.0061477 0.00348911 0.00212866 0.00141156 0.00103959 0.000825607 0.000615113 0.00035946
 1.54762e-11 1.68053e-09 1.07589e-07 4.06095e-06 9.03707e-05 0.00118571 0.00917304 0.0418642 0.112982 0.182499 0.186787 0.148641 0.124507 0.0996841 0.057681 0.023053 0.00752193 0.00251956 0.000940391 0.000400334 0.000197644 0.000113524 7.50326e-05 5.06683e-05 2.85549e-05
 1.60491e-11 1.74274e-09 1.11572e-07 4.21129e-06 9.37162e-05 0.0012296 0.00951245 0.0434097 0.117105 0.188769 0.191381 0.147628 0.118404 0.0932398 0.0546689 0.0229381 0.00801272 0.00258729 0.000736606 0.000191717 5.40177e-05 1.89954e-05 8.7214e-06 4.752e-06 2.43057e-06
 1.5347e-11 1.6665e-09 1.06691e-07 4.02705e-06 8.96164e-05 0.00117581 0.00909651 0.0415157 0.112052 0.18108 0.185727 0.14881 0.12584 0.101286 0.0588229 0.0236264 0.00764215 0.00234442 0.000671147 0.000169547 3.74413e-05 7.55087e-06 1.68942e-06 5.3051e-07 2.08111e-07
 1.57675e-11 1.71216e-09 1.09614e-07 4.13739e-06 9.20718e-05 0.00120802 0.00934561 0.0426498 0.115076 0.185667 0.189029 0.147869 0.121036 0.0962483 0.0564663 0.0235738 0.00816194 0.00261672 0.000734207 0.000176018 3.72391e-05 6.8643e-06 1.0865e-06 1.62615e-07 3.00763e-08
 1.54905e-11 1.68209e-09 1.07689e-07 4.06471e-06 9.04544e-05 0.0011868 0.00918154 0.0419029 0.113086 0.182661 0.186927 0.148691 0.124507 0.0997634 0.0579183 0.023312 0.00757009 0.00232595 0.000662949 0.000165818 3.56026e-05 6.37093e-06 9.40806e-07 1.15129e-07 1.20779e-08
 1.5418e-11 1.67421e-09 1.07185e-07 4.04569e-06 9.00311e-05 0.00118125 0.00913858 0.041707 0.11256 0.181832 0.186177 0.148357 0.124586 0.100162 0.0585983 0.024073 0.00809065 0.00252843 0.000702718 0.000168275 3.55026e-05 6.45828e-06 9.68172e-07 1.15705e-07 1.08426e-08
 1.53159e-11 1.66312e-09 1.06475e-07 4.01889e-06 8.94347e-05 0.00117343 0.00907808 0.0414317 0.111827 0.180733 0.185448 0.148785 0.126056 0.101581 0.0590718 0.0237927 0.00771765 0.00235163 0.000657079 0.000160088 3.36985e-05 5.97537e-06 8.76113e-07 1.0448e-07 9.79984e-09
 1.57249e-11 1.70754e-09 1.09318e-07 4.12621e-06 9.18229e-05 0.00120476 0.00932038 0.0425353 0.114775 0.18525 0.18892 0.148585 0.122468 0.0973819 0.0564346 0.0227011 0.00733714 0.00220951 0.000602915 0.000142858 2.96703e-05 5.27822e-06 7.74483e-07 9.11456e-08 8.39954e-09
 1.6037e-11 1.74143e-09 1.11488e-07 4.20812e-06 9.36456e-05 0.00122867 0.00950531 0.0433776 0.117026 0.188702 0.191596 0.148507 0.119839 0.0942422 0.0543719 0.0217488 0.00695847 0.00207371 0.000561744 0.000131809 2.68817e-05 4.67069e-06 6.73133e-07 7.86879e-08 7.22963e-09
 1.52898e-11 1.66029e-09 1.06293e-07 4.01204e-06 8.92822e-05 0.00117143 0.00906263 0.0413617 0.111645 0.180495 0.185463 0.14945 0.127282 0.102519 0.0589853 0.0229649 0.00692578 0.00193294 0.000503714 0.000115929 2.33528e-05 4.01036e-06 5.68749e-07 6.51586e-08 5.87972e-09
 1.50163e-11 1.63059e-09 1.04392e-07 3.94026e-06 8.76851e-05 0.00115047 0.00890058 0.0406235 0.109673 0.177464 0.183093 0.149449 0.129482 0.105216 0.0608559 0.0239278 0.00734291 0.00206565 0.000525051 0.000114438 2.17938e-05 3.60833e-06 5.01347e-07 5.65876e-08 5.02671e-09
 1.60345e-11 1.74116e-09 1.11471e-07 4.20746e-06 9.3631e-05 0.00122848 0.00950384 0.0433713 0.117014 0.188725 0.191813 0.149164 0.120862 0.0949358 0.0541194 0.0208419 0.00614173 0.00165623 0.000414596 9.05175e-05 1.70673e-05 2.72423e-06 3.59538e-07 3.87992e-08 3.34558e-09
 1.55164e-11 1.6849e-09 1.07869e-07 4.07151e-06 9.06056e-05 0.00118879 0.00919691 0.0419736 0.113284 0.18304 0.187588 0.149894 0.126138 0.100753 0.0572917 0.0215839 0.0060239 0.00150593 0.000353683 7.3449e-05 1.33704e-05 2.09973e-06 2.73659e-07 2.87444e-08 2.3766e-09
 1.51917e-11 1.64964e-09 1.05611e-07 3.9863e-06 8.87096e-05 0.00116391 0.00900454 0.0410974 0.110943 0.179448 0.184799 0.149962 0.128854 0.104017 0.0594666 0.0226153 0.00643435 0.0016354 0.000378611 7.46054e-05 1.26416e-05 1.86162e-06 2.3161e-07 2.3628e-08 1.91418e-09
 1.5942e-11 1.73111e-09 1.10827e-07 4.18318e-06 9.30907e-05 0.00122139 0.00944903 0.0431218 0.11635 0.187723 0.191124 0.149475 0.122081 0.0961652 0.054626 0.0207357 0.00589424 0.00150148 0.000350885 7.00938e-05 1.18942e-05 1.70097e-06 1.99717e-07 1.90697e-08 1.46185e-09
 1.64047e-11 1.78135e-09 1.14044e-07 4.30458e-06 9.57923e-05 0.00125683 0.00972314 0.0443705 0.119688 0.192859 0.195177 0.149596 0.118545 0.0917426 0.0514496 0.0189731 0.005036 0.00116693 0.00025622 5.01282e-05 8.50795e-06 1.22648e-06 1.44437e-07 1.35591e-08 9.96157e-10
 1.61253e-11 1.75101e-09 1.12101e-07 4.23127e-06 9.41609e-05 0.00123543 0.00955762 0.0436167 0.117676 0.18979 0.192882 0.149942 0.121318 0.0948342 0.053186 0.019445 0.00503155 0.00111077 0.000228778 4.13304e-05 6.4535e-06 8.80292e-07 1.01577e-07 9.52331e-09 7.00152e-10
 1.58221e-11 1.7181e-09 1.09994e-07 4.15173e-06 9.23908e-05 0.00121221 0.00937802 0.0427985 0.115487 0.186409 0.19015 0.149653 0.123318 0.0975304 0.0553765 0.0209124 0.00585341 0.00144197 0.000317053 5.71986e-05 8.51853e-06 1.08022e-06 1.1492e-07 1.00543e-08 7.09315e-10
 1.62757e-11 1.76735e-09 1.13147e-07 4.27075e-06 9.50395e-05 0.00124696 0.00964676 0.0440225 0.118757 0.191423 0.194024 0.149498 0.119433 0.0929133 0.0523681 0.01956 0.00535507 0.00129493 0.000290621 5.61835e-05 9.11506e-06 1.2132e-06 1.27861e-07 1.06064e-08 6.9511e-10
 1.62402e-11 1.76349e-09 1.12901e-07 4.26143e-06 9.48321e-05 0.00124424 0.00962571 0.0439266 0.118501 0.19103 0.193721 0.149511 0.11974 0.093278 0.052607 0.0196673 0.00539168 0.00130177 0.000289288 5.50898e-05 8.93205e-06 1.23136e-06 1.38428e-07 1.2195e-08 8.17278e-10
 1.58467e-11 1.72077e-09 1.10165e-07 4.15818e-06 9.25344e-05 0.00121409 0.00939259 0.0428647 0.115661 0.186658 0.190255 0.149354 0.122665 0.0969869 0.0553362 0.0212469 0.00618886 0.00161572 0.000376972 7.29638e-05 1.182e-05 1.61573e-06 1.81048e-07 1.62379e-08 1.13607e-09
 1.53743e-11 1.66946e-09 1.0688e-07 4.0342e-06 8.97755e-05 0.0011779 0.00911269 0.0415901 0.11226 0.181479 0.186422 0.150075 0.127556 0.10233 0.0581698 0.0218147 0.00601694 0.00147816 0.000341199 6.90359e-05 1.19011e-05 1.69713e-06 1.93138e-07 1.73238e-08 1.21039e-09
 1.60329e-11 1.74098e-09 1.11459e-07 4.20702e-06 9.36213e-05 0.00122835 0.00950284 0.0433666 0.116999 0.18868 0.191674 0.148823 0.120362 0.0946339 0.0543278 0.0213732 0.00656462 0.00182155 0.000440878 8.72189e-05 1.45519e-05 2.08557e-06 2.47347e-07 2.32564e-08 1.67499e-09
 1.62499e-11 1.76455e-09 1.12968e-07 4.26398e-06 9.48888e-05 0.00124498 0.00963147 0.0439531 0.118574 0.191166 0.193938 0.149874 0.120209 0.0935289 0.0523484 0.0190902 0.00492891 0.00110665 0.00024562 5.10473e-05 9.22869e-06 1.36686e-06 1.60681e-07 1.50046e-08 1.10137e-09
 1.607e-11 1.74501e-09 1.11717e-07 4.21676e-06 9.38379e-05 0.00123119 0.00952486 0.0434675 0.117277 0.189178 0.192408 0.149956 0.121785 0.0953937 0.0535577 0.0196191 0.00509769 0.00112876 0.000230586 4.08085e-05 6.2981e-06 8.80858e-07 1.06989e-07 1.04625e-08 7.82585e-10
 1.6763e-11 1.82026e-09 1.16535e-07 4.3986e-06 9.78845e-05 0.00128428 0.0099354 0.0453371 0.122268 0.196795 0.198124 0.149163 0.115009 0.0878054 0.0492531 0.0183838 0.00502545 0.00120059 0.000259201 4.65336e-05 6.90673e-06 8.66831e-07 9.12478e-08 8.04676e-09 5.86461e-10
#obs catch len freq
 1.08007e-11 1.17283e-09 7.50856e-08 2.83411e-06 6.30696e-05 0.000827521 0.00640277 0.0292384 0.0791378 0.129633 0.140941 0.133384 0.138566 0.130733 0.0967672 0.0600593 0.0325581 0.014607 0.00523354 0.00147437 0.000315636 4.93296e-05 5.458e-06 4.17914e-07 2.17155e-08
 1.65454e-11 1.79663e-09 1.15022e-07 4.34151e-06 9.66141e-05 0.00126761 0.00980635 0.0447457 0.120626 0.193709 0.192652 0.138422 0.0995806 0.0786848 0.0560975 0.0346281 0.0183466 0.0078377 0.00263303 0.000696295 0.000141754 2.13337e-05 2.28042e-06 1.67354e-07 8.20809e-09
 1.4379e-11 1.56139e-09 9.99613e-08 3.77305e-06 8.39643e-05 0.00110167 0.00852346 0.0389112 0.105147 0.170739 0.178132 0.148422 0.129575 0.105585 0.064632 0.0302923 0.0123965 0.00458598 0.00143447 0.000357191 6.78361e-05 9.48447e-06 9.46238e-07 6.53053e-08 3.02644e-09
 1.65912e-11 1.80161e-09 1.1534e-07 4.35353e-06 9.68818e-05 0.00127114 0.009834 0.0448794 0.121075 0.195016 0.196168 0.145345 0.107514 0.0821153 0.0526465 0.0273178 0.0116593 0.00387052 0.000965347 0.000187535 2.93961e-05 3.61358e-06 3.27232e-07 2.07116e-08 8.84228e-10
 1.52309e-11 1.65389e-09 1.05884e-07 3.99659e-06 8.89389e-05 0.00116694 0.00902858 0.0412177 0.111368 0.180608 0.186774 0.150069 0.122976 0.0959428 0.0580492 0.0272811 0.010786 0.00354009 0.000902465 0.000171913 2.40207e-05 2.43864e-06 1.79612e-07 9.51799e-09 3.53412e-10
 1.60509e-11 1.74294e-09 1.11584e-07 4.21176e-06 9.37272e-05 0.00122976 0.00951448 0.0434319 0.117289 0.189686 0.193617 0.148923 0.11437 0.0868184 0.0536683 0.0264244 0.0106412 0.00334634 0.000785262 0.000137626 1.80643e-05 1.73122e-06 1.16881e-07 5.41539e-09 1.69649e-10
 1.5815e-11 1.71732e-09 1.09944e-07 4.14986e-06 9.23499e-05 0.0012117 0.00937515 0.0428032 0.11567 0.187568 0.193231 0.151894 0.118685 0.0888979 0.0528118 0.0246009 0.00944439 0.00290248 0.000674828 0.000115714 1.44167e-05 1.27896e-06 7.92185e-08 3.36655e-09 9.63221e-11
 1.5385e-11 1.67063e-09 1.06955e-07 4.03703e-06 8.98393e-05 0.00117878 0.0091208 0.0416496 0.112634 0.183138 0.190362 0.152724 0.121741 0.0919581 0.0552839 0.0262052 0.0100829 0.00302546 0.000676118 0.000111251 1.33615e-05 1.1426e-06 6.75566e-08 2.69728e-09 7.14356e-11
 1.50231e-11 1.63133e-09 1.04439e-07 3.94208e-06 8.77267e-05 0.00115107 0.00890692 0.0406813 0.110101 0.179517 0.188233 0.153784 0.12441 0.094253 0.0569578 0.0273063 0.0105917 0.00318014 0.000706456 0.000114288 1.32881e-05 1.08604e-06 6.09791e-08 2.30637e-09 5.77104e-11
 1.54599e-11 1.67876e-09 1.07476e-07 4.05669e-06 9.02772e-05 0.00118454 0.00916605 0.041866 0.113306 0.184627 0.19272 0.154624 0.121081 0.0894052 0.0533221 0.0253253 0.00968794 0.00285643 0.000622537 9.86797e-05 1.11949e-05 8.8656e-07 4.78115e-08 1.72107e-09 4.06718e-11
 1.50418e-11 1.63336e-09 1.04569e-07 3.947e-06 8.78366e-05 0.00115255 0.00891918 0.0407512 0.110416 0.18066 0.191005 0.157365 0.125802 0.0924185 0.0539734 0.0249054 0.00923485 0.0026465 0.000562094 8.6752e-05 9.54875e-06 7.30766e-07 3.79349e-08 1.30866e-09 2.94855e-11
 1.56254e-11 1.69674e-09 1.08627e-07 4.10014e-06 9.12449e-05 0.00119727 0.00926535 0.0423321 0.114673 0.187328 0.196478 0.157648 0.120908 0.0863445 0.0498683 0.0227965 0.00825766 0.00227358 0.00045917 6.71607e-05 7.01507e-06 5.10698e-07 2.5244e-08 8.28606e-10 1.77312e-11
 1.39278e-11 1.51239e-09 9.68249e-08 3.6547e-06 8.13333e-05 0.00106728 0.00826138 0.0377796 0.102695 0.169892 0.185566 0.162741 0.13645 0.100329 0.0573931 0.0256545 0.00907729 0.00244901 0.000484283 6.8749e-05 6.87817e-06 4.74304e-07 2.20703e-08 6.80474e-10 1.36754e-11
 1.41087e-11 1.53204e-09 9.80825e-08 3.70217e-06 8.239e-05 0.00108116 0.00836902 0.0382734 0.104029 0.171894 0.186535 0.160532 0.132058 0.098024 0.0584988 0.0274652 0.00992766 0.00264451 0.000506145 6.90293e-05 6.61854e-06 4.36097e-07 1.92866e-08 5.61361e-10 1.05834e-11
 1.41864e-11 1.54048e-09 9.86229e-08 3.72258e-06 8.2845e-05 0.00108717 0.00841645 0.038504 0.10477 0.173643 0.189633 0.163977 0.133245 0.0957807 0.0547483 0.0246491 0.00867346 0.0022866 0.000435128 5.84233e-05 5.42331e-06 3.41016e-07 1.42681e-08 3.9119e-10 6.92955e-12
 1.28885e-11 1.39954e-09 8.96004e-08 3.38205e-06 7.52686e-05 0.000987836 0.00765 0.0350383 0.0957215 0.160733 0.182056 0.168238 0.144584 0.105891 0.0603902 0.0267393 0.00910971 0.0023026 0.000419894 5.43164e-05 4.88257e-06 2.97363e-07 1.19862e-08 3.13901e-10 5.26511e-12
 1.41825e-11 1.54006e-09 9.85964e-08 3.7216e-06 8.28247e-05 0.00108696 0.00841613 0.0385185 0.10491 0.174132 0.189994 0.162426 0.130094 0.0948239 0.0567004 0.0265636 0.00936724 0.00238903 0.000431207 5.43638e-05 4.70728e-06 2.74341e-07 1.05564e-08 2.63702e-10 4.21359e-12
 1.30751e-11 1.41981e-09 9.0898e-08 3.43106e-06 7.63617e-05 0.00100228 0.00776412 0.0355904 0.0974384 0.164359 0.187076 0.171485 0.142906 0.100931 0.0560305 0.0244632 0.00832247 0.00211395 0.000384226 4.84293e-05 4.12906e-06 2.33378e-07 8.60572e-09 2.04301e-10 3.08621e-12
 1.43162e-11 1.55458e-09 9.95263e-08 3.75674e-06 8.36095e-05 0.00109737 0.0084994 0.0389349 0.106308 0.177524 0.195797 0.168257 0.131583 0.090844 0.0504532 0.021671 0.00698911 0.00164211 0.000276211 3.27753e-05 2.67955e-06 1.46666e-07 5.23951e-09 1.19846e-10 1.73112e-12
 1.35516e-11 1.47155e-09 9.4211e-08 3.55616e-06 7.91488e-05 0.00103897 0.00805054 0.0369284 0.101243 0.171053 0.194009 0.173935 0.139152 0.0945051 0.0505867 0.0209894 0.00661855 0.00152677 0.000249308 2.81598e-05 2.15805e-06 1.10199e-07 3.68608e-09 7.94669e-11 1.08773e-12
 1.45815e-11 1.58338e-09 1.01371e-07 3.82642e-06 8.51637e-05 0.0011179 0.00866105 0.0397072 0.10862 0.182012 0.201271 0.171264 0.129717 0.0859108 0.0457194 0.0187216 0.00571284 0.00125814 0.000195499 2.10358e-05 1.53386e-06 7.41067e-08 2.32682e-09 4.67632e-11 5.94429e-13
 1.41337e-11 1.53477e-09 9.8259e-08 3.70902e-06 8.2555e-05 0.00108382 0.00840097 0.0385667 0.105902 0.17924 0.202533 0.177214 0.134834 0.0862218 0.0432459 0.0166532 0.00483036 0.00101956 0.000151631 1.55013e-05 1.06629e-06 4.84002e-08 1.42506e-09 2.68171e-11 3.18499e-13
 1.52238e-11 1.65314e-09 1.05837e-07 3.99508e-06 8.89217e-05 0.00116736 0.00904696 0.0415034 0.113667 0.190635 0.209758 0.173986 0.124924 0.0774572 0.038359 0.0144619 0.00401874 0.000799062 0.000111259 1.06571e-05 6.88269e-07 2.93338e-08 8.09275e-10 1.42289e-11 1.57494e-13
 1.43882e-11 1.56241e-09 1.00029e-07 3.77596e-06 8.40516e-05 0.0011037 0.00855947 0.0393437 0.108329 0.1842 0.208798 0.180635 0.132531 0.0804592 0.0379685 0.0135837 0.0036098 0.000689731 9.18621e-05 8.32726e-06 5.03768e-07 1.99867e-08 5.1208e-10 8.35898e-12 8.59146e-14
 1.51909e-11 1.64957e-09 1.0561e-07 3.98663e-06 8.87412e-05 0.00116526 0.00903591 0.0415121 0.114064 0.192566 0.213868 0.177801 0.125043 0.0742564 0.0346995 0.0121638 0.00309832 0.000557812 6.95281e-05 5.89784e-06 3.34224e-07 1.24089e-08 2.96577e-10 4.49827e-12 4.28129e-14
 1.37271e-11 1.49063e-09 9.54364e-08 3.60281e-06 8.02112e-05 0.00105375 0.00818185 0.0377218 0.10463 0.180814 0.21083 0.187594 0.137623 0.0806034 0.0357415 0.0117586 0.00282258 0.000480861 5.65477e-05 4.49045e-06 2.36448e-07 8.12222e-09 1.79385e-10 2.51493e-12 2.21355e-14
 1.32712e-11 1.44113e-09 9.22685e-08 3.48335e-06 7.75587e-05 0.00101914 0.00791745 0.0365496 0.101665 0.176697 0.208099 0.187913 0.140711 0.0846715 0.038475 0.0127026 0.00296458 0.000478177 5.2478e-05 3.8702e-06 1.89111e-07 6.02421e-09 1.2316e-10 1.59446e-12 1.2931e-14
 1.45834e-11 1.58362e-09 1.01392e-07 3.82772e-06 8.5223e-05 0.00111968 0.00869397 0.0400649 0.110842 0.189675 0.215191 0.182427 0.128421 0.0749624 0.0340039 0.0113495 0.00267813 0.000432966 4.68808e-05 3.34473e-06 1.55174e-07 4.62778e-09 8.78178e-11 1.05064e-12 7.85807e-15
#spawning biomass
 3797.82 4897.17 8056.22 13733.3 20731.1 32563.6 47216.6 67780.2 87746.2 117529 165067 197632 204897 206848 208802 194198 179909 170240 167707 176868 180168 206679 241872 239455 265196 233527 221321 258271 292984 15836.7 4482.85 4482.84 4482.84 4482.84 4482.84 4482.84 4482.84 4482.84 4482.84 4482.84 4482.84 4482.84 4482.84 4482.84 4482.84 4482.84 4482.84 4482.84 4482.84 4482.84 4482.84 4482.84 4482.84 4482.84 4482.84 4482.84 4482.84 4482.84 4482.84 4482.84 4482.84 4482.84 4482.84 4482.84 4482.84 4482.84 4482.84 4482.84 4482.84 4482.84 4482.84 4482.84 4482.84 4482.84 4482.84 4482.84 4482.84 4482.84 4482.84 4482.84 4482.84 4482.84 4482.84 4482.84 4482.84 4482.84 4482.84 4482.84 4482.84 4482.84 4482.84 4482.84 4482.84 4482.84 4482.84 4482.84 4482.84 4482.84 4482.84 4482.84 4482.84 4482.84 4482.84 4482.84 4482.84 4482.84 4482.84 4482.84 4482.84 4482.84 4482.84 4482.84 4482.84 4482.84 4482.84 4482.84 4482.84 4482.84 4482.84 4482.84 4482.84 4482.84 4482.84 4482.84 4482.84 4482.84 4482.84 4482.84 0 0 0 0 0 0 0 0 0 0 0 0 0 0 0 0 0 0 0 0 0 0 0 0 0
