SBPRF35
0.178135
Curr Bio
166463
B35
205092
F35
0.658095
FOFL
0.658095
OFL
78720.4
Bzero
50895.7
#pred survey bio
 6032.51 8677.1 10864.3 11996.2 19695 30368.7 31535.1 39058.5 50898.9 60099.6 75246.4 102927 130590 150718 150558 126921 127221 118488 117523 106542 106608 116586 133771 137604 153578 152725 149193 153239 182995 5.57284e+06 4.88559e+06 3.03741e+06 1.7459e+06 1.07319e+06 751029 598465 523914 485493 464560 452625 445608 441404 438861 437307 436351 435779 435436 435229 435105 435030 434985 434957 434941 434931 434925 434921 434919 434918 434917 434916 434916 434916 434916 434916 434916 434916 434916 434916 434916 434916 434916 434916 434916 434916 434916 434916 434916 434916 434916 434916 434916 434916 434916 434916 434916 434916 434916 434916 434916 434916 434916 434916 434916 434916 434916 434916 434916 434916 434916 434916 434916 434916 434916 434916 434916 434916 434916 434916 434916 434916 434916 434916 434916 434916 434916 434916 434916 434916 434916 434916 434916 434916 434916 434916 434916 434916 434916 434916 434916 0 0 0 0 0 0 0 0 0 0 0 0 0 0 0 0 0 0 0 0 0 0 0 0 0
#obs survey bio
 4838.42 9543.28 9827.8 8650.26 21690.7 25821.5 31020 43346.9 50717.2 67452.4 56752.5 89448.9 139420 157585 141744 112264 141056 95884.8 86563.9 155898 74416.7 133669 171164 101478 233504 172157 145285 111765 132740
#pred catch bio
 2487.2 4738.2 6577.27 6878.27 9201.15 17858.4 19190.9 23290.2 31783.4 36749.9 44942.8 64890.4 84820.4 99592.9 107967 87489.1 90504.5 81530.1 87323.1 77483 76256.3 80316.7 97363.8 100085 115992 115585 110079 105654 93539.5 78720.4 85681.8 49044 25044.1 13816.9 9186.01 7416.7 6774.86 6550.41 6473.99 6448.47 6440.08 6437.35 6436.47 6436.19 6436.1 6436.07 6436.06 6436.06 6436.06 6436.06 6436.06 6436.06 6436.06 6436.06 6436.06 6436.06 6436.06 6436.06 6436.06 6436.06 6436.06 6436.06 6436.06 6436.06 6436.06 6436.06 6436.06 6436.06 6436.06 6436.06 6436.06 6436.06 6436.06 6436.06 6436.06 6436.06 6436.06 6436.06 6436.06 6436.06 6436.06 6436.06 6436.06 6436.06 6436.06 6436.06 6436.06 6436.06 6436.06 6436.06 6436.06 6436.06 6436.06 6436.06 6436.06 6436.06 6436.06 6436.06 6436.06 6436.06 6436.06 6436.06 6436.06 6436.06 6436.06 6436.06 6436.06 6436.06 6436.06 6436.06 6436.06 6436.06 6436.06 6436.06 6436.06 6436.06 6436.06 6436.06 6436.06 6436.06 6436.06 6436.06 6436.06 6436.06 6436.06 6436.06 6436.06 6436.06 6436.06 0 0 0 0 0 0 0 0 0 0 0 0 0 0 0 0 0 0 0 0 0 0 0 0 0
#obs catch bio
 4797.49 4711.67 6513.72 6947.96 8931.88 17461.5 19255.7 22844 31289.5 35578.2 44044 63037.4 83359 97644.2 108272 87284.9 90056.7 79620.4 87262.5 75595.7 75240.2 77434.9 93125.3 97583.3 111585 110904 107821 101936 92638
#pred cpue bio
 4924.2 6603.79 8277.66 9128.95 13859.5 23415 24633.5 28525.3 37803 44774.9 55622.9 75235.2 95624.5 111584 114469 95477.7 93977.5 88249.4 87478 77588 77409.2 83728.9 97128.8 99318.2 109030 109558 106980 110263 131498 4.36275e+06 4.7635e+06 2.99321e+06 1.6956e+06 1.02198e+06 699730 547160 472608 434188 413254 401320 394302 390099 387555 386001 385045 384473 384130 383924 383799 383724 383679 383652 383635 383625 383619 383616 383613 383612 383611 383611 383611 383610 383610 383610 383610 383610 383610 383610 383610 383610 383610 383610 383610 383610 383610 383610 383610 383610 383610 383610 383610 383610 383610 383610 383610 383610 383610 383610 383610 383610 383610 383610 383610 383610 383610 383610 383610 383610 383610 383610 383610 383610 383610 383610 383610 383610 383610 383610 383610 383610 383610 383610 383610 383610 383610 383610 383610 383610 383610 383610 383610 383610 383610 383610 383610 383610 383610 383610 383610 0 0 0 0 0 0 0 0 0 0 0 0 0 0 0 0 0 0 0 0 0 0 0 0 0
#obs cpue bio
 5142.51 8893.98 9139.51 9759.86 33151.9 25293.4 25769 37225.4 48813.2 75482.3 88815.8 147264 105134 144845 102393 116137 95781.7 168509 109428 91517.7 123126 154634 156750 172680 149160 182347 136422 305487 178615
#pred surv len freq
 2.5693e-27 2.60483e-27 4.7565e-26 9.49425e-20 2.3274e-14 6.8965e-10 2.47021e-06 0.00106951 0.0559742 0.354108 0.270974 0.0366833 0.088844 0.0820133 0.0213197 0.0282826 0.0132758 0.011751 0.00793537 0.00650477 0.00540511 0.00487457 0.0050441 0.00454463 0.00139414
 2.57061e-27 2.60813e-27 5.01189e-26 1.00329e-19 2.45943e-14 7.28775e-10 2.61035e-06 0.00113018 0.0591496 0.374196 0.286352 0.0391309 0.0966679 0.0889396 0.0174693 0.0175505 0.00682783 0.00432567 0.00240275 0.00166775 0.00120733 0.000967244 0.000906741 0.000826895 0.00027893
 2.57007e-27 2.60657e-27 4.86389e-26 9.7206e-20 2.38289e-14 7.06092e-10 2.5291e-06 0.00109501 0.0573086 0.36255 0.27748 0.040445 0.112902 0.10383 0.0185236 0.016143 0.00542161 0.00220829 0.000901427 0.000452389 0.000257851 0.000172848 0.000140419 0.000122901 4.31745e-05
 2.57005e-27 2.60652e-27 4.85965e-26 9.71166e-20 2.3807e-14 7.05443e-10 2.52678e-06 0.001094 0.0572559 0.362216 0.277225 0.0404634 0.113221 0.104146 0.0190029 0.0171425 0.00551038 0.00182497 0.000571774 0.000180146 6.65134e-05 3.24408e-05 2.10525e-05 1.65846e-05 5.82963e-06
 2.5726e-27 2.61347e-27 5.47458e-26 1.10089e-19 2.6987e-14 7.99673e-10 2.86429e-06 0.00124013 0.0649039 0.4106 0.31414 0.0385993 0.0730991 0.0671322 0.0126278 0.0119176 0.00387544 0.00134503 0.000390412 9.45202e-05 2.11663e-05 5.88241e-06 2.53304e-06 1.62356e-06 5.48042e-07
 2.56944e-27 2.60481e-27 4.70214e-26 9.37936e-20 2.29924e-14 6.81305e-10 2.44032e-06 0.00105657 0.0552968 0.349823 0.267778 0.0414493 0.127362 0.117073 0.0190744 0.014055 0.00462949 0.00173094 0.00051583 0.00012622 2.28104e-05 3.6551e-06 7.62291e-07 3.19217e-07 9.71663e-08
 2.56906e-27 2.60388e-27 4.63049e-26 9.22824e-20 2.26219e-14 6.70328e-10 2.401e-06 0.00103954 0.0544059 0.344187 0.263462 0.0407426 0.125015 0.115136 0.0228762 0.0232007 0.00720685 0.00196108 0.000580304 0.000151531 2.80093e-05 3.76168e-06 3.94082e-07 7.03776e-08 1.65749e-08
 2.57153e-27 2.61058e-27 5.22219e-26 1.04765e-19 2.56818e-14 7.60998e-10 2.72577e-06 0.00118015 0.061765 0.390742 0.298986 0.039141 0.0878689 0.0808014 0.0157615 0.015641 0.00527296 0.00211205 0.000581937 0.00011801 2.22958e-05 3.09907e-06 2.6159e-07 1.79486e-08 2.14487e-09
 2.57083e-27 2.6086e-27 5.0379e-26 1.00877e-19 2.47287e-14 7.32756e-10 2.62461e-06 0.00113636 0.0594728 0.376241 0.287933 0.0403921 0.105155 0.0965942 0.0156791 0.0114646 0.00381409 0.00149102 0.00047385 0.000127142 2.0206e-05 2.54052e-06 2.18104e-07 1.01838e-08 4.13158e-10
 2.57074e-27 2.60836e-27 5.01822e-26 1.00462e-19 2.46269e-14 7.2974e-10 2.61381e-06 0.00113168 0.059228 0.374692 0.286749 0.0403071 0.10534 0.0968116 0.0165816 0.013451 0.00415085 0.00110813 0.000333001 9.19401e-05 1.86795e-05 2.38424e-06 1.77857e-07 7.86747e-09 1.69315e-10
 2.57102e-27 2.60914e-27 5.08803e-26 1.01934e-19 2.4988e-14 7.40438e-10 2.65212e-06 0.00114827 0.0600962 0.380185 0.290939 0.0400259 0.100256 0.0921347 0.0160054 0.0133203 0.00420302 0.00126411 0.000336055 6.74224e-05 1.3293e-05 2.00766e-06 1.64373e-07 6.4765e-09 1.1836e-10
 2.57139e-27 2.61012e-27 5.17503e-26 1.0377e-19 2.54379e-14 7.5377e-10 2.69988e-06 0.00116894 0.0611783 0.387031 0.296163 0.0398018 0.0948811 0.0871649 0.0149529 0.0121716 0.00386342 0.00120367 0.000334086 7.08862e-05 1.08439e-05 1.40008e-06 1.29397e-07 5.61522e-09 9.36724e-11
 2.57129e-27 2.60983e-27 5.14669e-26 1.03172e-19 2.52913e-14 7.49427e-10 2.68432e-06 0.00116221 0.0608258 0.3848 0.294464 0.040089 0.0982603 0.0902373 0.0146652 0.0107386 0.00337936 0.00101662 0.000284267 6.28329e-05 1.01803e-05 1.14231e-06 8.62886e-08 4.03637e-09 7.29556e-11
 2.57091e-27 2.6088e-27 5.05491e-26 1.01236e-19 2.48167e-14 7.35363e-10 2.63395e-06 0.0011404 0.0596843 0.377579 0.288955 0.0404079 0.104557 0.0960413 0.0155699 0.0113363 0.00348901 0.000922235 0.000250471 5.39506e-05 8.96768e-06 1.05664e-06 7.26607e-08 2.83306e-09 5.31572e-11
 2.56997e-27 2.60624e-27 4.82884e-26 9.64663e-20 2.36476e-14 7.0072e-10 2.50986e-06 0.00108667 0.0568726 0.359791 0.275383 0.0410554 0.11902 0.109395 0.018067 0.0136703 0.00420473 0.00109991 0.000286368 5.50809e-05 8.81317e-06 1.04384e-06 7.45809e-08 2.68352e-09 4.33541e-11
 2.57037e-27 2.60734e-27 4.92672e-26 9.85313e-20 2.41538e-14 7.15719e-10 2.56359e-06 0.00110993 0.05809 0.367493 0.281258 0.0407062 0.112235 0.103146 0.0171846 0.0132322 0.00409047 0.00110175 0.000287144 5.40162e-05 7.91495e-06 8.65994e-07 6.14071e-08 2.26049e-09 3.39245e-11
 2.57101e-27 2.60908e-27 5.08097e-26 1.01785e-19 2.49515e-14 7.39357e-10 2.64825e-06 0.00114659 0.0600085 0.37963 0.290518 0.0402182 0.102016 0.0937211 0.0156136 0.0120225 0.00373395 0.00103495 0.000273188 5.26553e-05 7.64152e-06 7.81807e-07 5.04909e-08 1.81971e-09 2.75225e-11
 2.57068e-27 2.60815e-27 4.99514e-26 9.99745e-20 2.45075e-14 7.26203e-10 2.60114e-06 0.00112619 0.0589408 0.372876 0.285369 0.0407424 0.109623 0.100678 0.0157133 0.0104969 0.00324687 0.00089294 0.00023748 4.70037e-05 6.97149e-06 7.16517e-07 4.36962e-08 1.43844e-09 2.10739e-11
 2.57073e-27 2.60831e-27 5.01184e-26 1.00327e-19 2.4594e-14 7.28763e-10 2.61031e-06 0.00113016 0.0591487 0.374191 0.286369 0.0405064 0.107123 0.0984194 0.0161776 0.01212 0.00366998 0.00086567 0.000224563 4.42747e-05 6.68873e-06 7.05868e-07 4.34301e-08 1.35946e-09 1.83259e-11
 2.57142e-27 2.61017e-27 5.1747e-26 1.03763e-19 2.54361e-14 7.53718e-10 2.69969e-06 0.00116886 0.0611741 0.387004 0.296148 0.0401936 0.0978726 0.0898393 0.013867 0.00901269 0.00276738 0.000728458 0.000183838 3.1738e-05 4.67332e-06 4.97896e-07 3.1467e-08 9.9401e-10 1.28132e-11
 2.5715e-27 2.61036e-27 5.19056e-26 1.04097e-19 2.55181e-14 7.56148e-10 2.70839e-06 0.00117263 0.0613713 0.388252 0.297102 0.0402278 0.097463 0.0894446 0.0134958 0.00826135 0.00247652 0.000558724 0.000142004 2.65766e-05 3.61463e-06 3.54142e-07 2.23589e-08 7.23121e-10 9.39532e-12
 2.57185e-27 2.61131e-27 5.27544e-26 1.05888e-19 2.59571e-14 7.69155e-10 2.75498e-06 0.0011928 0.062427 0.39493 0.302196 0.0399196 0.0915385 0.0839912 0.0127777 0.00799521 0.00237937 0.000504454 0.000121578 2.01101e-05 2.83712e-06 2.76133e-07 1.58586e-08 5.03262e-10 6.66166e-12
 2.5715e-27 2.61038e-27 5.19204e-26 1.04128e-19 2.55258e-14 7.56375e-10 2.70921e-06 0.00117298 0.0613897 0.388368 0.29719 0.0402027 0.0972101 0.0892168 0.0135566 0.00845679 0.00252647 0.000552127 0.000131809 2.04087e-05 2.6078e-06 2.42586e-07 1.40552e-08 4.1327e-10 5.29826e-12
 2.57168e-27 2.61087e-27 5.23527e-26 1.0504e-19 2.57494e-14 7.63e-10 2.73294e-06 0.00118326 0.0619274 0.39177 0.299786 0.0400917 0.0945419 0.0867502 0.0130409 0.00790132 0.00235449 0.000507084 0.000121619 1.92405e-05 2.37219e-06 2.00776e-07 1.07907e-08 3.1429e-10 3.80273e-12
 2.57218e-27 2.61222e-27 5.35513e-26 1.07569e-19 2.63692e-14 7.81367e-10 2.79872e-06 0.00121174 0.0634181 0.4012 0.306981 0.0397151 0.0866206 0.0794447 0.0118238 0.00696422 0.00206587 0.000431193 0.000102461 1.60357e-05 2.00089e-06 1.67633e-07 8.27884e-09 2.21763e-10 2.60745e-12
 2.57183e-27 2.61126e-27 5.26753e-26 1.05721e-19 2.59162e-14 7.67943e-10 2.75064e-06 0.00119092 0.0623286 0.394308 0.301725 0.0401725 0.0937939 0.0860183 0.0121558 0.00606595 0.00178322 0.000357315 8.36158e-05 1.27107e-05 1.56531e-06 1.31155e-07 6.44749e-09 1.60835e-10 1.7379e-12
 2.57186e-27 2.61133e-27 5.27437e-26 1.05865e-19 2.59515e-14 7.6899e-10 2.75439e-06 0.00119255 0.0624136 0.394845 0.302134 0.0400905 0.0928821 0.0851932 0.0123068 0.0066157 0.0019142 0.000324406 7.25476e-05 1.06108e-05 1.27311e-06 1.04152e-07 5.0893e-09 1.2599e-10 1.28174e-12
 2.57176e-27 2.61106e-27 5.25155e-26 1.05384e-19 2.58335e-14 7.65493e-10 2.74187e-06 0.00118712 0.0621298 0.39305 0.300764 0.0401263 0.0941173 0.0863404 0.0126425 0.00709321 0.00207148 0.00038001 8.35838e-05 1.05159e-05 1.18898e-06 9.36674e-08 4.45054e-09 1.08886e-10 1.09508e-12
 2.57183e-27 2.61127e-27 5.27201e-26 1.05815e-19 2.59394e-14 7.6863e-10 2.7531e-06 0.00119199 0.0623844 0.39466 0.30199 0.0399131 0.091634 0.0840845 0.0128906 0.00822764 0.00242551 0.000472299 0.000106878 1.43125e-05 1.51011e-06 1.05196e-07 4.7441e-09 1.12379e-10 1.11205e-12
#obs surv len freq
 1.77308e-41 2.46092e-33 4.1287e-26 8.37292e-20 2.05252e-14 6.082e-10 2.17847e-06 0.000943204 0.0493635 0.312288 0.239194 0.0440279 0.151366 0.128195 0.0358211 0.0273791 0.00827161 0.0025878 0.000500604 5.71698e-05 2.83899e-06 4.50519e-08 1.70281e-10 1.23183e-13 1.47473e-17
 2.17778e-41 3.02261e-33 5.07106e-26 1.0284e-19 2.521e-14 7.47019e-10 2.6757e-06 0.00115849 0.0606305 0.383566 0.293593 0.0420257 0.0970968 0.0777045 0.0221244 0.0159072 0.00459227 0.00133586 0.00023735 2.38933e-05 9.84568e-07 1.22011e-08 3.45256e-11 1.8204e-14 1.56238e-18
 1.72125e-41 2.38897e-33 4.008e-26 8.12815e-20 1.99252e-14 5.9042e-10 2.11479e-06 0.00091563 0.0479204 0.303159 0.232418 0.0512558 0.182138 0.136047 0.0267139 0.0142324 0.00394566 0.00106467 0.000170966 1.4944e-05 5.09455e-07 4.93821e-09 1.04612e-11 4.0203e-15 2.47636e-19
 2.09103e-41 2.90221e-33 4.86905e-26 9.87435e-20 2.42058e-14 7.17262e-10 2.56911e-06 0.00111234 0.0582153 0.368287 0.28205 0.0457986 0.113235 0.0812309 0.0280706 0.0178474 0.00338556 0.000662998 9.48517e-05 7.08891e-06 1.97099e-07 1.4902e-09 2.37051e-12 6.65837e-16 2.94856e-20
 2.36756e-41 3.28601e-33 5.51297e-26 1.11802e-19 2.74069e-14 8.12117e-10 2.90887e-06 0.00125944 0.0659141 0.416992 0.319213 0.0443416 0.0796319 0.0524552 0.0118175 0.00619902 0.00177874 0.0003592 3.35038e-05 1.94466e-06 4.33525e-08 2.52948e-10 3.01462e-13 6.20771e-17 1.98429e-21
 1.318e-41 1.8293e-33 3.06904e-26 6.22394e-20 1.52573e-14 4.52101e-10 1.61935e-06 0.000701123 0.036694 0.23214 0.178851 0.0712112 0.272333 0.166493 0.0281571 0.0108812 0.00208228 0.000408703 4.42228e-05 1.82321e-06 2.83086e-08 1.23672e-10 1.09479e-13 1.64834e-17 3.8089e-22
 2.21272e-41 3.07111e-33 5.15243e-26 1.0449e-19 2.56146e-14 7.59006e-10 2.71864e-06 0.00117708 0.0616035 0.389722 0.298526 0.0467739 0.0891157 0.0566173 0.0354404 0.0182069 0.0024823 0.00030478 2.58736e-05 1.05044e-06 1.23032e-08 3.59687e-11 2.24294e-14 2.43443e-18 4.04933e-23
 1.9838e-41 2.75339e-33 4.61938e-26 9.36801e-20 2.29646e-14 6.80482e-10 2.43738e-06 0.0010553 0.0552302 0.349405 0.26822 0.0610663 0.155562 0.0828614 0.01605 0.00741982 0.00271956 0.000387411 1.99289e-05 5.57936e-07 5.50389e-09 1.2302e-11 5.19456e-15 3.80685e-19 4.40756e-24
 2.02784e-41 2.81451e-33 4.72193e-26 9.57598e-20 2.34744e-14 6.95589e-10 2.49149e-06 0.00107873 0.0564563 0.357162 0.274231 0.061406 0.142993 0.0735614 0.0229713 0.00856007 0.00130757 0.000250003 1.95557e-05 3.92188e-07 2.44886e-09 4.07402e-12 1.30184e-15 6.73696e-20 5.27252e-25
 1.98005e-41 2.74819e-33 4.61065e-26 9.35031e-20 2.29212e-14 6.79197e-10 2.43277e-06 0.00105331 0.0551259 0.348747 0.268096 0.0670413 0.154447 0.0738251 0.0219893 0.00801842 0.00147668 0.000165653 1.10112e-05 2.78392e-07 1.46033e-09 1.55873e-12 3.35479e-16 1.25463e-20 7.11739e-26
 2.1021e-41 2.91758e-33 4.89485e-26 9.92666e-20 2.4334e-14 7.21062e-10 2.58273e-06 0.00111823 0.0585238 0.370244 0.284557 0.0657542 0.132715 0.059941 0.0194512 0.00645189 0.00111045 0.000124354 6.04666e-06 1.14393e-07 6.01067e-10 5.7442e-13 8.79807e-17 2.1526e-21 8.21826e-27
 2.04812e-41 2.84265e-33 4.76914e-26 9.67172e-20 2.37091e-14 7.02543e-10 2.5164e-06 0.00108951 0.0570208 0.360738 0.277731 0.0730882 0.146327 0.0606408 0.0172032 0.00518705 0.000879748 8.81571e-05 3.8245e-06 5.45332e-08 2.04978e-10 1.63905e-13 2.18992e-17 4.26245e-22 1.15869e-27
 1.9926e-41 2.7656e-33 4.63987e-26 9.40955e-20 2.30664e-14 6.835e-10 2.44819e-06 0.00105998 0.0554752 0.350963 0.270746 0.079774 0.154867 0.0614372 0.0196126 0.00523839 0.000752941 6.75786e-05 2.55227e-06 2.99404e-08 8.42964e-11 4.73706e-14 4.67854e-18 7.22316e-23 1.58477e-28
 1.86885e-41 2.59384e-33 4.35171e-26 8.82518e-20 2.16339e-14 6.41051e-10 2.29614e-06 0.00099415 0.0520299 0.329174 0.25492 0.0912847 0.175291 0.0666805 0.0228838 0.00585088 0.000826225 6.13417e-05 1.90006e-06 1.82278e-08 4.02137e-11 1.68065e-14 1.17566e-18 1.27144e-23 2.00894e-29
 1.69113e-41 2.34717e-33 3.93787e-26 7.98592e-20 1.95766e-14 5.80089e-10 2.07778e-06 0.000899609 0.047082 0.297881 0.232189 0.106358 0.201039 0.0761223 0.0299687 0.0073557 0.00103062 7.03511e-05 1.78747e-06 1.32268e-08 2.2483e-11 7.12948e-15 3.68929e-19 2.87292e-24 3.19701e-30
 1.90984e-41 2.65073e-33 4.44716e-26 9.01874e-20 2.21084e-14 6.55112e-10 2.3465e-06 0.00101596 0.0531711 0.336403 0.261311 0.0955429 0.154963 0.0612218 0.0282486 0.00703781 0.00101618 6.48613e-05 1.44031e-06 8.47249e-09 1.07608e-11 2.51862e-15 9.61631e-20 5.49053e-25 4.43216e-31
 1.86085e-41 2.58274e-33 4.33309e-26 8.78741e-20 2.15413e-14 6.38308e-10 2.28632e-06 0.000989896 0.0518072 0.327788 0.256041 0.109597 0.169293 0.0572298 0.0209266 0.00543871 0.00083466 5.19631e-05 1.03292e-06 5.04228e-09 4.9748e-12 8.60977e-16 2.37707e-20 9.77749e-26 5.69432e-32
 1.8387e-41 2.55199e-33 4.2815e-26 8.68279e-20 2.12848e-14 6.30709e-10 2.2591e-06 0.00097811 0.0511905 0.323899 0.25413 0.116908 0.168214 0.0578901 0.0216807 0.00446669 0.000602896 3.7287e-05 6.83524e-07 2.84301e-09 2.24796e-12 2.98215e-16 6.10013e-21 1.81607e-26 7.56058e-33
 1.86757e-41 2.59207e-33 4.34873e-26 8.81913e-20 2.16191e-14 6.40612e-10 2.29457e-06 0.000993469 0.0519943 0.328998 0.258975 0.121044 0.159566 0.0540389 0.0199188 0.00399108 0.000454767 2.28217e-05 3.71691e-07 1.34161e-09 8.70006e-13 9.06185e-17 1.41074e-21 3.12418e-27 9.50667e-34
 1.94408e-41 2.69826e-33 4.52689e-26 9.18045e-20 2.25048e-14 6.66858e-10 2.38858e-06 0.00103417 0.0541245 0.342489 0.269997 0.121294 0.144297 0.0470555 0.0162794 0.00308993 0.000324205 1.34009e-05 1.69199e-07 4.93634e-10 2.61551e-13 2.17261e-17 2.62281e-22 4.4051e-28 9.99724e-35
 1.94001e-41 2.69261e-33 4.51741e-26 9.16122e-20 2.24577e-14 6.65461e-10 2.38357e-06 0.00103201 0.0540112 0.341799 0.271107 0.129834 0.142699 0.0434552 0.0135029 0.00233083 0.000218748 7.77874e-06 7.75195e-08 1.69364e-10 6.78384e-14 4.34534e-18 4.05637e-23 5.21806e-29 8.95369e-36
 1.97857e-41 2.74612e-33 4.60718e-26 9.34328e-20 2.29039e-14 6.78686e-10 2.43094e-06 0.00105251 0.0550846 0.348616 0.277497 0.131834 0.13225 0.0400799 0.0116819 0.00175705 0.000140462 4.18278e-06 3.35885e-08 5.61112e-11 1.6519e-14 7.70181e-19 5.28137e-24 5.04807e-30 6.47407e-37
 1.91337e-41 2.65564e-33 4.45538e-26 9.03542e-20 2.21493e-14 6.56323e-10 2.35084e-06 0.00101783 0.0532697 0.33719 0.271696 0.146855 0.138116 0.0396952 0.0105946 0.00146224 9.82915e-05 2.34045e-06 1.47603e-08 1.89625e-11 4.18142e-15 1.425e-19 7.03338e-25 4.81673e-31 4.43975e-38
 1.95879e-41 2.71867e-33 4.56113e-26 9.24988e-20 2.2675e-14 6.71901e-10 2.40664e-06 0.00104199 0.0545342 0.345229 0.279095 0.145706 0.125614 0.0378514 0.00967242 0.00118492 6.80776e-05 1.299e-06 6.23855e-09 6.00969e-12 9.8629e-16 2.47782e-20 8.91556e-26 4.40418e-32 2.90437e-39
 1.93937e-41 2.69172e-33 4.51593e-26 9.15821e-20 2.24503e-14 6.65243e-10 2.38279e-06 0.00103167 0.0539939 0.341887 0.279539 0.155536 0.123852 0.0348851 0.00826196 0.000963118 4.73363e-05 7.24696e-07 2.66554e-09 1.89906e-12 2.27198e-16 4.14729e-21 1.08281e-26 3.87176e-33 1.84142e-40
 1.86889e-41 2.5939e-33 4.3518e-26 8.82536e-20 2.16343e-14 6.41065e-10 2.29619e-06 0.000994171 0.0520319 0.329588 0.274396 0.170026 0.1278 0.0363973 0.00791053 0.000817887 3.523e-05 4.41797e-07 1.24912e-09 6.61948e-13 5.769e-17 7.57723e-22 1.41641e-27 3.62323e-34 1.23349e-41
 1.79401e-41 2.48997e-33 4.17745e-26 8.47178e-20 2.07676e-14 6.15381e-10 2.20419e-06 0.000954341 0.0499478 0.316552 0.269322 0.184147 0.131443 0.0388076 0.00804311 0.000753213 2.72668e-05 2.78872e-07 6.1835e-10 2.46467e-13 1.57435e-17 1.49466e-22 2.00232e-28 3.65064e-35 8.83167e-43
 1.82561e-41 2.53383e-33 4.25102e-26 8.62099e-20 2.11334e-14 6.2622e-10 2.24302e-06 0.00097115 0.050828 0.32224 0.276086 0.182198 0.121982 0.0374946 0.0075187 0.000658983 2.0429e-05 1.67347e-07 2.87404e-10 8.69618e-14 4.12973e-18 2.86267e-23 2.76624e-29 3.61145e-36 6.22812e-44
 1.82569e-41 2.53393e-33 4.25119e-26 8.62134e-20 2.11342e-14 6.26245e-10 2.24311e-06 0.000971188 0.0508301 0.322253 0.276102 0.182468 0.122953 0.0368891 0.00695738 0.00055825 1.52831e-05 1.0723e-07 1.54151e-10 3.84532e-14 1.49092e-18 8.38293e-24 6.54044e-30 6.87161e-37 9.51389e-45
#pred catch len freq
 2.56688e-27 2.59839e-27 4.2018e-26 8.32412e-20 2.04056e-14 6.04654e-10 2.16577e-06 0.000937695 0.0490756 0.310466 0.237655 0.0370448 0.115003 0.106274 0.0277324 0.0368915 0.0172904 0.0152717 0.0103064 0.00844569 0.00701726 0.00632835 0.00654841 0.00589998 0.00180992
 2.56899e-27 2.60374e-27 4.62662e-26 9.22012e-20 2.2602e-14 6.69738e-10 2.39889e-06 0.00103863 0.054358 0.343884 0.26322 0.040041 0.119845 0.11035 0.0216432 0.0217025 0.00843192 0.0053264 0.00295662 0.00205142 0.00148493 0.00118961 0.00111519 0.00101699 0.000343054
 2.56861e-27 2.60261e-27 4.51432e-26 8.98317e-20 2.20211e-14 6.52526e-10 2.33724e-06 0.00101194 0.052961 0.335046 0.256494 0.0414687 0.135436 0.124622 0.0221714 0.0192343 0.00645368 0.00261971 0.00106859 0.000536025 0.000305484 0.000204773 0.000166353 0.0001456 5.11485e-05
 2.56846e-27 2.60221e-27 4.47879e-26 8.9082e-20 2.18374e-14 6.47081e-10 2.31773e-06 0.00100349 0.0525191 0.33225 0.254361 0.0415733 0.137731 0.126769 0.0230841 0.0207595 0.00666808 0.00220092 0.000689096 0.000216986 8.01033e-05 3.90676e-05 2.53528e-05 1.99723e-05 7.02041e-06
 2.57114e-27 2.6095e-27 5.12436e-26 1.02701e-19 2.51759e-14 7.46007e-10 2.67207e-06 0.0011569 0.0605482 0.383044 0.293115 0.0395804 0.0953372 0.0876662 0.0164942 0.0155715 0.00506021 0.00175077 0.000507891 0.000122891 2.7515e-05 7.64639e-06 3.2926e-06 2.11041e-06 7.12378e-07
 2.56784e-27 2.60044e-27 4.31463e-26 8.56187e-20 2.09884e-14 6.21924e-10 2.22763e-06 0.000964477 0.0504772 0.319333 0.244516 0.0426855 0.153112 0.140815 0.0228996 0.0168067 0.00553099 0.00206106 0.000613848 0.000150118 2.7125e-05 4.34619e-06 9.06407e-07 3.79567e-07 1.15536e-07
 2.56749e-27 2.59962e-27 4.25452e-26 8.43511e-20 2.06776e-14 6.12716e-10 2.19464e-06 0.000950197 0.0497299 0.314605 0.240891 0.0417746 0.148727 0.137039 0.0271429 0.0274197 0.0085121 0.00230813 0.000682479 0.00017811 3.29174e-05 4.42058e-06 4.63102e-07 8.27032e-08 1.94778e-08
 2.57027e-27 2.60716e-27 4.91996e-26 9.8389e-20 2.41189e-14 7.14685e-10 2.55988e-06 0.00110833 0.0580061 0.366962 0.280841 0.0399681 0.106911 0.0983875 0.0191298 0.0189028 0.00636655 0.00254146 0.000699892 0.000141843 2.67937e-05 3.72405e-06 3.14339e-07 2.15679e-08 2.57736e-09
 2.56957e-27 2.60515e-27 4.73215e-26 9.44267e-20 2.31476e-14 6.85904e-10 2.45679e-06 0.0010637 0.0556701 0.352184 0.269579 0.0413734 0.125518 0.115367 0.0186722 0.0135689 0.00450969 0.00175681 0.000557973 0.000149631 2.37768e-05 2.98928e-06 2.56625e-07 1.19824e-08 4.86127e-10
 2.56941e-27 2.60474e-27 4.69735e-26 9.36925e-20 2.29676e-14 6.80571e-10 2.43769e-06 0.00105543 0.0552372 0.349446 0.267487 0.0413064 0.126478 0.116308 0.0198636 0.0160289 0.00494313 0.00131495 0.000394838 0.000108951 2.21325e-05 2.82482e-06 2.10719e-07 9.32108e-09 2.00598e-10
 2.56968e-27 2.60549e-27 4.7648e-26 9.51156e-20 2.33164e-14 6.90908e-10 2.47472e-06 0.00107146 0.0560762 0.354754 0.271536 0.041017 0.121431 0.111669 0.0193473 0.0160268 0.00505336 0.00151455 0.000402378 8.06787e-05 1.59038e-05 2.40182e-06 1.96642e-07 7.74788e-09 1.41594e-10
 2.57023e-27 2.60697e-27 4.89549e-26 9.78726e-20 2.39923e-14 7.10934e-10 2.54645e-06 0.00110251 0.0577016 0.365036 0.279382 0.040671 0.113285 0.10414 0.017803 0.0144002 0.00456716 0.00141781 0.000393262 8.3392e-05 1.27549e-05 1.6467e-06 1.52187e-07 6.60418e-09 1.1017e-10
 2.57019e-27 2.60683e-27 4.88027e-26 9.75512e-20 2.39135e-14 7.086e-10 2.53809e-06 0.00109889 0.0575122 0.363838 0.278471 0.0409543 0.116081 0.106666 0.0172741 0.0125541 0.00394748 0.00118318 0.000330612 7.30327e-05 1.1831e-05 1.32744e-06 1.00271e-07 4.69042e-09 8.47773e-11
 2.5698e-27 2.60577e-27 4.78623e-26 9.55675e-20 2.34272e-14 6.94191e-10 2.48647e-06 0.00107655 0.0563427 0.356439 0.272827 0.0412861 0.122572 0.112648 0.0181947 0.0131426 0.00404195 0.00106443 0.000288871 6.21837e-05 1.03345e-05 1.2176e-06 8.37284e-08 3.26458e-09 6.12538e-11
 2.56899e-27 2.60357e-27 4.59146e-26 9.14585e-20 2.242e-14 6.64343e-10 2.37957e-06 0.00103026 0.0539202 0.341114 0.261133 0.0418313 0.134936 0.124067 0.0203881 0.0152707 0.00469326 0.00122296 0.000318163 6.11578e-05 9.78374e-06 1.15872e-06 8.27871e-08 2.97878e-09 4.81242e-11
 2.56931e-27 2.60445e-27 4.6704e-26 9.31239e-20 2.28282e-14 6.76441e-10 2.4229e-06 0.00104902 0.054902 0.347325 0.265872 0.0415328 0.129336 0.118913 0.0197227 0.0150522 0.00464949 0.00124759 0.000324916 6.10834e-05 8.94892e-06 9.7905e-07 6.94226e-08 2.55554e-09 3.83524e-11
 2.57012e-27 2.60665e-27 4.86495e-26 9.72282e-20 2.38343e-14 7.06253e-10 2.52968e-06 0.00109526 0.0573217 0.362633 0.27755 0.0409183 0.116454 0.107032 0.0177405 0.0135228 0.00419646 0.00115866 0.000305619 5.88693e-05 8.54184e-06 8.73855e-07 5.64345e-08 2.0339e-09 3.07622e-11
 2.56965e-27 2.60534e-27 4.74564e-26 9.4711e-20 2.32173e-14 6.87969e-10 2.46419e-06 0.0010669 0.0558377 0.353245 0.270392 0.0415821 0.126535 0.116263 0.0180751 0.0119603 0.00369649 0.00101275 0.000269147 5.32384e-05 7.89486e-06 8.1136e-07 4.94793e-08 1.6288e-09 2.38628e-11
 2.56994e-27 2.60616e-27 4.82051e-26 9.62906e-20 2.36045e-14 6.99443e-10 2.50529e-06 0.00108469 0.056769 0.359136 0.274884 0.0411398 0.120013 0.1103 0.0180287 0.0133506 0.00403951 0.000949071 0.000245987 4.84679e-05 7.32095e-06 7.72531e-07 4.75308e-08 1.48781e-09 2.00562e-11
 2.57064e-27 2.60804e-27 4.98464e-26 9.97529e-20 2.44532e-14 7.24593e-10 2.59537e-06 0.0011237 0.0588102 0.372049 0.28474 0.0408435 0.110834 0.101781 0.0156374 0.0100442 0.00308144 0.000807954 0.000203748 3.51527e-05 5.17513e-06 5.51319e-07 3.48427e-08 1.10064e-09 1.41877e-11
 2.57068e-27 2.60812e-27 4.99099e-26 9.98868e-20 2.44861e-14 7.25566e-10 2.59885e-06 0.0011252 0.0588892 0.372549 0.285122 0.0409191 0.11114 0.102044 0.0153329 0.00927886 0.00277939 0.000624625 0.000158615 2.96667e-05 4.03421e-06 3.95219e-07 2.49518e-08 8.06976e-10 1.04848e-11
 2.57097e-27 2.60892e-27 5.06269e-26 1.014e-19 2.48569e-14 7.36554e-10 2.63821e-06 0.00114224 0.059781 0.378191 0.289426 0.0406503 0.106071 0.0973801 0.014758 0.00914072 0.00271839 0.000574146 0.000138254 2.28537e-05 3.22356e-06 3.13721e-07 1.80171e-08 5.71754e-10 7.56828e-12
 2.57073e-27 2.60827e-27 5.00444e-26 1.00171e-19 2.45556e-14 7.27628e-10 2.60624e-06 0.0011284 0.0590565 0.373608 0.28593 0.0408519 0.110062 0.101056 0.0152869 0.00942229 0.00281276 0.000612292 0.000146046 2.25986e-05 2.88704e-06 2.6854e-07 1.55586e-08 4.57473e-10 5.86496e-12
 2.57093e-27 2.60881e-27 5.05211e-26 1.01176e-19 2.48022e-14 7.34932e-10 2.6324e-06 0.00113973 0.0596494 0.377358 0.288792 0.0407295 0.10712 0.0983363 0.0147183 0.00880975 0.00262318 0.000562745 0.00013485 2.132e-05 2.62807e-06 2.22414e-07 1.19533e-08 3.48152e-10 4.21244e-12
 2.57158e-27 2.61059e-27 5.21012e-26 1.0451e-19 2.56193e-14 7.59146e-10 2.71913e-06 0.00117728 0.0616146 0.389791 0.298277 0.0402264 0.0966266 0.0886604 0.0131327 0.007629 0.00226124 0.00047009 0.000111602 1.74548e-05 2.17754e-06 1.82418e-07 9.00881e-09 2.41315e-10 2.83733e-12
 2.57121e-27 2.60954e-27 5.11477e-26 1.02498e-19 2.51262e-14 7.44533e-10 2.66679e-06 0.00115462 0.0604286 0.382288 0.292556 0.0407262 0.10445 0.0958289 0.013488 0.00663405 0.00194854 0.00038889 9.0919e-05 1.38118e-05 1.70058e-06 1.42477e-07 7.0039e-09 1.74714e-10 1.88787e-12
 2.57116e-27 2.60943e-27 5.1051e-26 1.02294e-19 2.50761e-14 7.43051e-10 2.66148e-06 0.00115232 0.0603083 0.381527 0.291974 0.0406954 0.104624 0.0960061 0.0138129 0.00732778 0.00211872 0.000357687 7.99039e-05 1.16791e-05 1.40099e-06 1.14605e-07 5.59994e-09 1.3863e-10 1.41033e-12
 2.57087e-27 2.60864e-27 5.03605e-26 1.00837e-19 2.47191e-14 7.32471e-10 2.62359e-06 0.00113591 0.0594496 0.376094 0.287829 0.0408844 0.108974 0.100025 0.0145962 0.00810333 0.00236492 0.000432219 9.49777e-05 1.19417e-05 1.34988e-06 1.06334e-07 5.05225e-09 1.23606e-10 1.24312e-12
 2.57034e-27 2.6072e-27 4.91007e-26 9.818e-20 2.40676e-14 7.13167e-10 2.55444e-06 0.00110598 0.0578828 0.366183 0.280264 0.0411301 0.116159 0.106686 0.0163466 0.0104188 0.00307025 0.00059591 0.000134744 1.80331e-05 1.90227e-06 1.32502e-07 5.97542e-09 1.41546e-10 1.40067e-12
#obs catch len freq
 1.74807e-41 2.42621e-33 4.07046e-26 8.25482e-20 2.02357e-14 5.99621e-10 2.14775e-06 0.0009299 0.0486673 0.307883 0.235832 0.0440994 0.153998 0.130504 0.0371314 0.0287068 0.00882091 0.0028043 0.000551655 6.51588e-05 3.38736e-06 5.63455e-08 2.22699e-10 1.67856e-13 2.08427e-17
 1.77663e-41 2.46585e-33 4.13697e-26 8.38969e-20 2.05663e-14 6.09418e-10 2.18284e-06 0.000945093 0.0494624 0.312914 0.239731 0.0459567 0.154973 0.124242 0.0356331 0.0257764 0.00762819 0.00227723 0.000414574 4.27221e-05 1.82366e-06 2.35815e-08 6.95247e-11 3.80433e-14 3.37564e-18
 2.18545e-41 3.03326e-33 5.08892e-26 1.03202e-19 2.52988e-14 7.4965e-10 2.68512e-06 0.00116257 0.0608441 0.384917 0.294668 0.0433155 0.09855 0.0744673 0.0217956 0.0147469 0.00416947 0.00115163 0.000191512 1.72412e-05 6.04246e-07 6.05056e-09 1.32807e-11 5.27871e-15 3.35144e-19
 1.73766e-41 2.41176e-33 4.04622e-26 8.20566e-20 2.01152e-14 5.9605e-10 2.13496e-06 0.000924362 0.0483774 0.306051 0.234718 0.0537798 0.183874 0.129039 0.0256154 0.0130333 0.00353932 0.000901237 0.000134611 1.04357e-05 2.99606e-07 2.32708e-09 3.80311e-12 1.09827e-15 4.99527e-20
 2.10966e-41 2.92807e-33 4.91244e-26 9.96233e-20 2.44215e-14 7.23653e-10 2.59201e-06 0.00112225 0.0587341 0.371569 0.284621 0.0474291 0.113233 0.0765037 0.0273028 0.0159498 0.00290834 0.000547654 7.24831e-05 4.76225e-06 1.10523e-07 6.64551e-10 8.11226e-13 1.70682e-16 5.57131e-21
 2.3839e-41 3.30869e-33 5.55102e-26 1.12574e-19 2.75961e-14 8.17722e-10 2.92895e-06 0.00126813 0.066369 0.41987 0.321461 0.0454411 0.0786198 0.0484787 0.0111339 0.00550903 0.00153838 0.000282328 2.44104e-05 1.25e-06 2.30738e-08 1.0635e-10 9.68032e-14 1.48858e-17 3.50097e-22
 1.35272e-41 1.87749e-33 3.14988e-26 6.38789e-20 1.56592e-14 4.6401e-10 1.66201e-06 0.000719592 0.0376606 0.238256 0.183735 0.0756491 0.271334 0.154641 0.0262971 0.00956725 0.00177778 0.000328576 3.16311e-05 1.12762e-06 1.45641e-08 5.00794e-11 3.37199e-14 3.78063e-18 6.41608e-23
 2.24189e-41 3.1116e-33 5.22035e-26 1.05868e-19 2.59522e-14 7.69012e-10 2.75448e-06 0.00119259 0.0624156 0.39486 0.302524 0.0481569 0.0869562 0.0525549 0.0336443 0.0154426 0.00199967 0.000231385 1.79261e-05 6.17706e-07 5.88646e-09 1.35483e-11 6.42322e-15 5.18077e-19 6.3183e-24
 2.02084e-41 2.8048e-33 4.70563e-26 9.54293e-20 2.33934e-14 6.93188e-10 2.48289e-06 0.001075 0.0562614 0.35593 0.273352 0.0634235 0.151194 0.0749121 0.0147243 0.00656622 0.00226313 0.000282128 1.30992e-05 3.17002e-07 2.52899e-09 4.39063e-12 1.40581e-15 7.65678e-20 6.49324e-25
 2.06724e-41 2.86919e-33 4.81365e-26 9.762e-20 2.39304e-14 7.09101e-10 2.53988e-06 0.00109968 0.057553 0.364101 0.279688 0.0635997 0.138017 0.0664787 0.0210885 0.00710483 0.00106581 0.000188985 1.24836e-05 2.09336e-07 1.06716e-09 1.38029e-12 3.32616e-16 1.27647e-20 7.31996e-26
 2.02419e-41 2.80944e-33 4.71342e-26 9.55872e-20 2.34321e-14 6.94335e-10 2.487e-06 0.00107678 0.0563546 0.356521 0.274231 0.0694203 0.148181 0.0662589 0.0199822 0.00668062 0.00116518 0.000118783 7.06659e-06 1.45168e-07 6.01134e-10 4.97895e-13 8.09972e-17 2.2428e-21 9.31119e-27
 2.14457e-41 2.97652e-33 4.99374e-26 1.01272e-19 2.48256e-14 7.35629e-10 2.6349e-06 0.00114082 0.0597061 0.377725 0.290462 0.0676873 0.126148 0.0534417 0.0174492 0.00528342 0.000864143 8.66769e-05 3.66755e-06 5.7905e-08 2.38671e-10 1.73629e-13 1.99713e-17 3.62013e-22 1.01094e-27
 2.09409e-41 2.90646e-33 4.87618e-26 9.8888e-20 2.42412e-14 7.18312e-10 2.57288e-06 0.00111397 0.0583006 0.368837 0.284164 0.0752261 0.138456 0.0536885 0.015253 0.00422132 0.000673774 6.02443e-05 2.24497e-06 2.62463e-08 7.7901e-11 4.7431e-14 4.72147e-18 6.77615e-23 1.34813e-28
 2.04296e-41 2.8355e-33 4.75714e-26 9.64737e-20 2.36494e-14 7.00775e-10 2.51006e-06 0.00108677 0.0568773 0.359836 0.277831 0.0820417 0.145872 0.0544225 0.0172284 0.00418864 0.000566011 4.51931e-05 1.45188e-06 1.38228e-08 3.0421e-11 1.30017e-14 9.56454e-19 1.08464e-23 1.73473e-29
 1.92537e-41 2.67228e-33 4.48331e-26 9.09207e-20 2.22881e-14 6.60438e-10 2.36558e-06 0.00102422 0.0536034 0.339132 0.262946 0.0939773 0.164778 0.0592388 0.0199802 0.00466731 0.000609595 3.9921e-05 1.04849e-06 8.10302e-09 1.38761e-11 4.3871e-15 2.28078e-19 1.81014e-24 2.08003e-30
 1.75404e-41 2.43449e-33 4.08436e-26 8.28301e-20 2.03048e-14 6.01669e-10 2.15508e-06 0.000933075 0.0488335 0.308968 0.241248 0.109794 0.189154 0.0683216 0.0260813 0.00586468 0.000753478 4.48539e-05 9.53962e-07 5.66226e-09 7.4394e-12 1.7773e-15 6.81559e-20 3.88958e-25 3.14697e-31
 1.96947e-41 2.7335e-33 4.58601e-26 9.30033e-20 2.27987e-14 6.75566e-10 2.41977e-06 0.00104768 0.0548312 0.346912 0.269838 0.0976693 0.144134 0.0550103 0.024226 0.00556127 0.000726759 4.01255e-05 7.36736e-07 3.44141e-09 3.36303e-12 5.91537e-16 1.66993e-20 6.97518e-26 4.08971e-32
 1.92244e-41 2.66822e-33 4.4765e-26 9.07825e-20 2.22543e-14 6.59435e-10 2.36199e-06 0.00102266 0.053522 0.338645 0.264982 0.11175 0.156653 0.0506559 0.0178339 0.00430931 0.00059122 3.15123e-05 5.11956e-07 1.96605e-09 1.48226e-12 1.92083e-16 3.91405e-21 1.17617e-26 4.96908e-33
 1.9025e-41 2.64055e-33 4.43006e-26 8.98408e-20 2.20234e-14 6.52594e-10 2.33749e-06 0.00101205 0.0529668 0.335149 0.263479 0.118837 0.15508 0.0514163 0.0181527 0.00346011 0.000422863 2.21973e-05 3.28564e-07 1.06484e-09 6.39129e-13 6.321e-17 9.51901e-22 2.06779e-27 6.24054e-34
 1.93144e-41 2.68072e-33 4.49746e-26 9.12075e-20 2.23585e-14 6.62522e-10 2.37304e-06 0.00102745 0.0537726 0.340263 0.268406 0.122468 0.146304 0.0478649 0.0165243 0.00304461 0.000308848 1.32226e-05 1.73108e-07 4.82411e-10 2.3585e-13 1.8231e-17 2.0834e-22 3.36066e-28 7.40665e-35
 2.00579e-41 2.78391e-33 4.67059e-26 9.47185e-20 2.32191e-14 6.88025e-10 2.4644e-06 0.001067 0.0558426 0.353376 0.279159 0.121964 0.131341 0.0413704 0.0133327 0.00232331 0.000214508 7.46035e-06 7.55931e-08 1.69876e-10 6.75036e-14 4.14228e-18 3.65914e-23 4.46707e-29 7.3329e-36
 2.00219e-41 2.77891e-33 4.66219e-26 9.45483e-20 2.31774e-14 6.86789e-10 2.45997e-06 0.00106508 0.0557423 0.352774 0.280462 0.130001 0.129245 0.0379104 0.0109267 0.00172543 0.000141592 4.18929e-06 3.31708e-08 5.56299e-11 1.66814e-14 7.87085e-19 5.36006e-24 4.99989e-30 6.19537e-37
 2.03978e-41 2.83108e-33 4.74973e-26 9.63236e-20 2.36126e-14 6.99684e-10 2.50616e-06 0.00108508 0.056789 0.359427 0.286775 0.131316 0.119164 0.0347719 0.00930608 0.00127308 8.84836e-05 2.17628e-06 1.37738e-08 1.75526e-11 3.85669e-15 1.32241e-19 6.60346e-25 4.56692e-31 4.22055e-38
 1.97737e-41 2.74445e-33 4.60439e-26 9.33762e-20 2.28901e-14 6.78274e-10 2.42947e-06 0.00105188 0.0550514 0.348501 0.281598 0.145878 0.124181 0.0342634 0.00836934 0.00104157 6.02416e-05 1.17739e-06 5.82068e-09 5.67667e-12 9.30908e-16 2.32828e-20 8.35894e-26 4.13807e-32 2.74506e-39
 2.02156e-41 2.80579e-33 4.70729e-26 9.54629e-20 2.34016e-14 6.93433e-10 2.48376e-06 0.00107538 0.0562819 0.356332 0.288851 0.144002 0.112549 0.0325116 0.00752763 0.000826409 4.04817e-05 6.27995e-07 2.35199e-09 1.71413e-12 2.08627e-16 3.83843e-21 1.00324e-26 3.57982e-33 1.6984e-40
 2.00274e-41 2.77967e-33 4.66348e-26 9.45744e-20 2.31838e-14 6.86978e-10 2.46064e-06 0.00106537 0.0557583 0.35311 0.289567 0.153126 0.110562 0.0297386 0.00638306 0.000659699 2.73513e-05 3.37726e-07 9.62664e-10 5.16997e-13 4.57706e-17 6.1084e-22 1.15683e-27 2.98465e-34 1.02051e-41
 1.93515e-41 2.68587e-33 4.5061e-26 9.13828e-20 2.24014e-14 6.63795e-10 2.3776e-06 0.00102942 0.0538771 0.341344 0.285125 0.167001 0.114129 0.0308822 0.00603929 0.000551136 1.98495e-05 1.98784e-07 4.33015e-10 1.72338e-13 1.10895e-17 1.06342e-22 1.44042e-28 2.65615e-35 6.49504e-43
 1.86292e-41 2.58561e-33 4.33789e-26 8.79716e-20 2.15652e-14 6.39016e-10 2.28885e-06 0.000990995 0.0518666 0.328802 0.280764 0.180555 0.117599 0.0328203 0.00608651 0.000497784 1.49566e-05 1.21312e-07 2.05931e-10 6.14074e-14 2.8898e-18 2.00037e-23 1.94019e-29 2.54858e-36 4.42654e-44
 1.8923e-41 2.62639e-33 4.40631e-26 8.93591e-20 2.19053e-14 6.49095e-10 2.32495e-06 0.00100663 0.0526846 0.333944 0.283262 0.173644 0.114892 0.0337581 0.00629153 0.000501011 1.36562e-05 9.55655e-08 1.37168e-10 3.41833e-14 1.32451e-18 7.4439e-24 5.80584e-30 6.09824e-37 8.44142e-45
#spawning biomass
 5686.19 8030.15 10096.6 11146.6 17730.2 28408.5 29596.8 35664.2 46882.4 55410.7 69141.6 94157.4 119615 138685 140037 117521 116922 109337 108370 97426.6 97396.8 106033 122205 125415 139055 138928 135671 139528 166463 228014 229074 127541 65633.6 36779 24879.6 20333.3 18684 18107.3 17910.9 17845.4 17823.8 17816.8 17814.5 17813.8 17813.6 17813.5 17813.5 17813.5 17813.5 17813.5 17813.5 17813.5 17813.5 17813.5 17813.5 17813.5 17813.5 17813.5 17813.5 17813.5 17813.5 17813.5 17813.5 17813.5 17813.5 17813.5 17813.5 17813.5 17813.5 17813.5 17813.5 17813.5 17813.5 17813.5 17813.5 17813.5 17813.5 17813.5 17813.5 17813.5 17813.5 17813.5 17813.5 17813.5 17813.5 17813.5 17813.5 17813.5 17813.5 17813.5 17813.5 17813.5 17813.5 17813.5 17813.5 17813.5 17813.5 17813.5 17813.5 17813.5 17813.5 17813.5 17813.5 17813.5 17813.5 17813.5 17813.5 17813.5 17813.5 17813.5 17813.5 17813.5 17813.5 17813.5 17813.5 17813.5 17813.5 17813.5 17813.5 17813.5 17813.5 17813.5 17813.5 17813.5 17813.5 17813.5 17813.5 17813.5 17813.5 0 0 0 0 0 0 0 0 0 0 0 0 0 0 0 0 0 0 0 0 0 0 0 0 0
