SBPRF35
0.385415
Curr Bio
242129
B35
820693
F35
0.353258
FOFL
0.0918778
OFL
13105.8
Bzero
110119
#pred survey bio
 20366.4 25578.1 24799.4 26791.3 41120.9 55416.3 68988.8 92091.8 118283 152034 173168 195561 237192 214427 194079 204546 212830 189537 195983 202943 200197 201302 218057 256496 239014 250200 245076 225769 7.96092e+06 9.33542e+06 8.26205e+06 6.40937e+06 4.66915e+06 3.34491e+06 2.43912e+06 1.85531e+06 1.4909e+06 1.26651e+06 1.12839e+06 1.04254e+06 988288 953303 930142 914142 903390 896025 890902 887298 884739 882911 881598 880652 879969 879474 879116 878856 878667 878531 878431 878359 878306 878268 878240 878220 878206 878195 878187 878182 878178 878175 878172 878171 878170 878169 878168 878168 878168 878167 878167 878167 878167 878167 878167 878167 878167 878167 878167 878167 878167 878167 878167 878167 878167 878167 878167 878167 878167 878167 878167 878167 878167 878167 878167 878167 878167 878167 878167 878167 878167 878167 878167 878167 878167 878167 878167 878167 878167 878167 878167 878167 878167 878167 878167 878167 878167 878167 878167 878167 0 0 0 0 0 0 0 0 0 0 0 0 0 0 0 0 0 0 0 0 0 0 0 0 0
#obs survey bio
 17102.2 16857.4 24270.7 30731.9 43154.9 63232.2 95974.6 126026 108156 120745 130536 175343 213860 236822 175112 235591 191724 218362 156988 231144 225658 193528 209263 291405 204119 281260 252828 192809
#pred catch bio
 7344.45 13019.3 12562.5 7886.24 22105.8 37322.9 44812.1 61520.1 81251.7 113763 133996 145720 196761 179633 164887 178995 195145 169607 180651 195162 200173 201203 217029 279819 257822 272091 272398 249207 13105.8 112850 97307.2 73005.7 51061.1 34947.1 24371.4 17901 14125 11993.4 10818.8 10183 9843.37 9663.82 9569.46 9519.7 9494.29 9481.31 9474.69 9471.31 9469.58 9468.7 9468.25 9468.02 9467.91 9467.85 9467.81 9467.8 9467.79 9467.79 9467.79 9467.78 9467.78 9467.78 9467.78 9467.78 9467.78 9467.78 9467.78 9467.78 9467.78 9467.78 9467.78 9467.78 9467.78 9467.78 9467.78 9467.78 9467.78 9467.78 9467.78 9467.78 9467.78 9467.78 9467.78 9467.78 9467.78 9467.78 9467.78 9467.78 9467.78 9467.78 9467.78 9467.78 9467.78 9467.78 9467.78 9467.78 9467.78 9467.78 9467.78 9467.78 9467.78 9467.78 9467.78 9467.78 9467.78 9467.78 9467.78 9467.78 9467.78 9467.78 9467.78 9467.78 9467.78 9467.78 9467.78 9467.78 9467.78 9467.78 9467.78 9467.78 9467.78 9467.78 9467.78 9467.78 9467.78 9467.78 9467.78 9467.78 0 0 0 0 0 0 0 0 0 0 0 0 0 0 0 0 0 0 0 0 0 0 0 0 0
#obs catch bio
 12325.7 14863.3 14799.8 7583.31 23069.4 38850.7 41464.6 58849.9 81275.1 118330 142037 143437 187819 172930 176322 170233 191225 155718 178293 166783 187666 180686 191992 254100 230094 228990 242848 244328
#pred cpue bio
 18362.3 23872.3 22238 24577.7 36227.4 47492.6 58253.2 78557.7 99964.2 128333 146148 162730 200077 183110 161762 166958 175354 155833 157943 163889 158096 157340 169391 197300 180944 190061 186815 169928 6.00645e+06 9.30322e+06 8.22986e+06 6.37717e+06 4.63696e+06 3.31272e+06 2.40693e+06 1.82311e+06 1.4587e+06 1.23432e+06 1.09619e+06 1.01034e+06 956091 921105 897945 881945 871192 863827 858705 855101 852542 850714 849401 848455 847772 847277 846919 846659 846470 846333 846234 846162 846109 846071 846043 846023 846008 845998 845990 845984 845980 845977 845975 845974 845973 845972 845971 845971 845970 845970 845970 845970 845970 845970 845970 845970 845970 845970 845970 845970 845970 845969 845969 845969 845969 845969 845969 845969 845969 845969 845969 845969 845969 845969 845969 845969 845969 845969 845969 845969 845969 845969 845969 845969 845969 845969 845969 845969 845969 845969 845969 845969 845969 845969 845969 845969 845969 845969 845969 845969 0 0 0 0 0 0 0 0 0 0 0 0 0 0 0 0 0 0 0 0 0 0 0 0 0
#obs cpue bio
 19784.7 12850 18831.3 22785.4 33835.8 42341.6 65632 62784.2 94623.3 132236 154036 210175 289294 183484 122229 207650 201490 203146 189818 315005 166059 255536 282540 260717 327189 349344 272437 201368
#pred surv len freq
 1.16839e-11 1.26817e-09 8.11628e-08 3.06283e-06 6.81522e-05 0.000894208 0.0069193 0.0315988 0.0854871 0.139598 0.14977 0.136984 0.136426 0.121695 0.0809268 0.0444297 0.0243917 0.0140095 0.00845583 0.0055112 0.00394537 0.00313453 0.0026214 0.0019827 0.0011462
 8.82542e-12 9.57914e-10 6.13064e-08 2.31352e-06 5.14791e-05 0.000675458 0.00522718 0.0238841 0.0647909 0.107215 0.121613 0.127717 0.145442 0.141005 0.105455 0.069038 0.0418536 0.0221987 0.0107818 0.00537001 0.00295163 0.00187336 0.00135037 0.000957228 0.000547307
 1.23463e-11 1.34007e-09 8.57646e-08 3.23649e-06 7.20161e-05 0.000944894 0.00731109 0.0333783 0.0901677 0.146167 0.151848 0.126872 0.115565 0.104513 0.0801457 0.056893 0.0388063 0.0237671 0.0127269 0.00593615 0.00254251 0.00114912 0.00061885 0.000372571 0.000199871
 1.01128e-11 1.09765e-09 7.02492e-08 2.65099e-06 5.89883e-05 0.00077398 0.00598936 0.0273609 0.0741436 0.122055 0.135505 0.135198 0.146271 0.135006 0.0918339 0.0527473 0.0313545 0.0195033 0.0116222 0.00612812 0.00273609 0.00105816 0.000401285 0.000172994 7.78747e-05
 1.35297e-11 1.46852e-09 9.39852e-08 3.54671e-06 7.89188e-05 0.00103545 0.00801152 0.0365697 0.0987014 0.159294 0.162186 0.127131 0.106726 0.094414 0.074537 0.0544552 0.0359723 0.0203523 0.0106633 0.0055412 0.00268061 0.00110526 0.000381905 0.000120795 3.90947e-05
 1.44094e-11 1.564e-09 1.00096e-07 3.77732e-06 8.40501e-05 0.00110278 0.0085326 0.0389514 0.105172 0.170079 0.174737 0.140705 0.120428 0.0999291 0.0638506 0.0337165 0.0187538 0.0114691 0.0066606 0.00337324 0.00152162 0.000625265 0.000222437 6.54832e-05 1.64993e-05
 1.47635e-11 1.60243e-09 1.02555e-07 3.87012e-06 8.61152e-05 0.00112988 0.00874226 0.0399088 0.107762 0.174304 0.179252 0.144751 0.124144 0.102286 0.0632737 0.0300813 0.0132385 0.00591858 0.00275279 0.00135282 0.000633776 0.000257583 8.90626e-05 2.5762e-05 6.03166e-06
 1.41795e-11 1.53905e-09 9.84991e-08 3.71705e-06 8.27092e-05 0.00108519 0.00839665 0.0383342 0.103553 0.16784 0.174216 0.144835 0.129037 0.108395 0.067781 0.0326445 0.0143208 0.00593728 0.00224313 0.000817517 0.000307589 0.000116675 4.01048e-05 1.14354e-05 2.59222e-06
 1.46836e-11 1.59377e-09 1.02001e-07 3.8492e-06 8.56497e-05 0.00112377 0.00869501 0.0396933 0.107183 0.173393 0.178435 0.144416 0.124342 0.103027 0.0645935 0.0315734 0.014159 0.00596929 0.0022386 0.000750472 0.000228479 6.5726e-05 1.85997e-05 4.91186e-06 1.08435e-06
 1.46846e-11 1.59387e-09 1.02007e-07 3.84945e-06 8.56551e-05 0.00112384 0.00869559 0.0396965 0.107199 0.173476 0.178786 0.145361 0.125777 0.103981 0.0642018 0.0302566 0.0129839 0.00537631 0.00203396 0.000689988 0.000205314 5.27163e-05 1.19068e-05 2.45786e-06 4.62235e-07
 1.46127e-11 1.58606e-09 1.01508e-07 3.8306e-06 8.52357e-05 0.00111834 0.00865306 0.0395034 0.106691 0.172765 0.178569 0.146485 0.128092 0.105924 0.0644074 0.0290989 0.0116807 0.00454182 0.00163387 0.00053705 0.000158605 4.04678e-05 8.66117e-06 1.54074e-06 2.31533e-07
 1.52726e-11 1.65769e-09 1.06092e-07 4.00359e-06 8.90849e-05 0.00116884 0.00904365 0.0412831 0.111451 0.180093 0.184368 0.1467 0.123127 0.0997448 0.0600528 0.0267147 0.0104158 0.00388016 0.00131472 0.000402968 0.00011209 2.7518e-05 5.76356e-06 9.92032e-07 1.36318e-07
 1.45955e-11 1.5842e-09 1.01388e-07 3.82609e-06 8.51354e-05 0.00111703 0.0086429 0.0394573 0.106572 0.172613 0.178605 0.146997 0.129033 0.106709 0.0645071 0.0286282 0.0110809 0.00407322 0.00134639 0.000395554 0.000103608 2.37291e-05 4.66943e-06 7.68348e-07 1.01701e-07
 1.38923e-11 1.50788e-09 9.65042e-08 3.64177e-06 8.10342e-05 0.00106322 0.00822677 0.037562 0.101514 0.164913 0.17294 0.148185 0.136507 0.114828 0.0687522 0.0293687 0.0106682 0.00372704 0.00120157 0.000346803 8.84982e-05 1.94155e-05 3.59694e-06 5.53054e-07 6.8823e-08
 1.51441e-11 1.64375e-09 1.052e-07 3.96991e-06 8.83357e-05 0.00115901 0.00896765 0.0409372 0.110531 0.17872 0.183494 0.147361 0.125186 0.101752 0.0607901 0.0263649 0.00978968 0.00341646 0.00106018 0.000289582 7.07515e-05 1.50694e-05 2.70498e-06 3.97577e-07 4.66418e-08
 1.60369e-11 1.74065e-09 1.11401e-07 4.20394e-06 9.35431e-05 0.00122733 0.00949607 0.0433451 0.116973 0.188657 0.191447 0.147947 0.118892 0.0935752 0.054541 0.022509 0.00770872 0.00253348 0.000775753 0.000211733 5.05762e-05 1.02966e-05 1.76255e-06 2.49058e-07 2.81228e-08
 1.55607e-11 1.68897e-09 1.08094e-07 4.07912e-06 9.07657e-05 0.00119089 0.00921427 0.0420617 0.113549 0.183458 0.187682 0.148949 0.12426 0.0992974 0.0573802 0.0227734 0.00717435 0.00212811 0.000594163 0.000150062 3.42411e-05 6.83423e-06 1.14378e-06 1.55596e-07 1.67967e-08
 1.5632e-11 1.6967e-09 1.08589e-07 4.0978e-06 9.11813e-05 0.00119635 0.00925645 0.042254 0.114066 0.184269 0.188402 0.149232 0.124123 0.098904 0.0568219 0.0221703 0.00671201 0.00187467 0.000485332 0.000111071 2.27681e-05 4.15004e-06 6.52846e-07 8.56087e-08 8.97495e-09
 1.6516e-11 1.79266e-09 1.1473e-07 4.32954e-06 9.63378e-05 0.001264 0.00977967 0.0446375 0.120432 0.194007 0.195794 0.148482 0.115865 0.0894742 0.0512221 0.0202433 0.00630598 0.00180462 0.000463668 0.000101519 1.93174e-05 3.19629e-06 4.51384e-07 5.36649e-08 5.23357e-09
 1.639e-11 1.77898e-09 1.13854e-07 4.29651e-06 9.56027e-05 0.00125435 0.0097051 0.0442981 0.11953 0.192659 0.194933 0.149118 0.117847 0.0913427 0.0517734 0.0197534 0.00570517 0.00150526 0.000374914 8.27269e-05 1.58197e-05 2.54833e-06 3.37579e-07 3.65889e-08 3.2127e-09
 1.72639e-11 1.87383e-09 1.19925e-07 4.52559e-06 0.0001007 0.00132123 0.0102223 0.0466545 0.125827 0.202321 0.202414 0.148853 0.11041 0.0824991 0.0460263 0.0171681 0.00470649 0.00114493 0.000261904 5.31371e-05 9.52291e-06 1.49432e-06 1.96651e-07 2.08785e-08 1.73955e-09
 1.76214e-11 1.91263e-09 1.22408e-07 4.6193e-06 0.000102785 0.00134858 0.0104339 0.0476186 0.128406 0.206292 0.205561 0.148985 0.107732 0.0791184 0.0435616 0.0157623 0.00399944 0.000858778 0.000175365 3.2466e-05 5.30008e-06 7.58582e-07 9.25177e-08 9.36361e-09 7.61156e-10
 1.7842e-11 1.93658e-09 1.23941e-07 4.67713e-06 0.000104072 0.00136547 0.0105645 0.0482135 0.129995 0.208728 0.207429 0.148862 0.105769 0.0768304 0.0421387 0.0151929 0.00381776 0.000799524 0.000155182 2.62953e-05 3.80353e-06 4.8225e-07 5.28149e-08 4.84462e-09 3.6219e-10
 1.81893e-11 1.97427e-09 1.26353e-07 4.76817e-06 0.000106098 0.00139204 0.01077 0.0491498 0.132497 0.212556 0.210349 0.14861 0.10259 0.0731655 0.0399121 0.0143673 0.00360448 0.000752343 0.000145061 2.42089e-05 3.37922e-06 4.00165e-07 3.95402e-08 3.20765e-09 2.12526e-10
 1.8697e-11 2.02937e-09 1.2988e-07 4.90125e-06 0.000109059 0.00143089 0.0110705 0.0505188 0.136157 0.21818 0.214743 0.148589 0.0984687 0.0681482 0.0364894 0.0126544 0.00286141 0.000485937 7.57574e-05 1.13457e-05 1.52808e-06 1.77812e-07 1.7098e-08 1.3159e-09 8.00832e-11
 1.85853e-11 2.01725e-09 1.29104e-07 4.87197e-06 0.000108407 0.00142235 0.0110044 0.0502177 0.135352 0.216948 0.213801 0.148663 0.0994814 0.0693227 0.0372137 0.0129341 0.00293787 0.000500437 7.58844e-05 1.02612e-05 1.15361e-06 1.111e-07 9.48621e-09 6.92259e-10 4.08035e-11
 1.84679e-11 2.00451e-09 1.28288e-07 4.8412e-06 0.000107723 0.00141336 0.0109349 0.0499012 0.134507 0.215656 0.212825 0.148777 0.100599 0.0705894 0.0379526 0.0131717 0.00297468 0.000500174 7.4711e-05 1.00208e-05 1.11327e-06 1.02065e-07 7.75519e-09 4.78328e-10 2.39916e-11
 1.88802e-11 2.04926e-09 1.31152e-07 4.94928e-06 0.000110128 0.00144491 0.0111789 0.0510128 0.137477 0.220203 0.216299 0.1485 0.0968577 0.0662589 0.0352968 0.0121583 0.00269452 0.000433404 6.09353e-05 7.82665e-06 8.48576e-07 7.65024e-08 5.72423e-09 3.42659e-10 1.60062e-11
#obs surv len freq
 3.86075e-11 3.57801e-09 1.95523e-07 6.30003e-06 0.000119695 0.00134097 0.00886026 0.0345625 0.0800278 0.113119 0.110855 0.10586 0.118459 0.124425 0.113697 0.08976 0.0565304 0.0274796 0.0106241 0.0033052 0.000802359 0.000145567 1.89671e-05 1.714e-06 1.04301e-07
 2.19753e-11 1.96427e-09 1.03528e-07 3.21737e-06 5.89583e-05 0.000637156 0.00406356 0.0153511 0.0350239 0.0528958 0.070565 0.107602 0.151759 0.168716 0.156027 0.12023 0.0709015 0.0312858 0.0109059 0.00312119 0.000713005 0.000122702 1.51126e-05 1.28112e-06 7.25628e-08
 1.43851e-10 1.23803e-08 6.28255e-07 1.87987e-05 0.000331671 0.00345046 0.0211665 0.0765755 0.163517 0.207024 0.159306 0.0852058 0.0523583 0.056291 0.0655753 0.0568596 0.0333421 0.013561 0.00415077 0.00102498 0.000204946 3.17025e-05 3.58664e-06 2.82429e-07 1.48984e-08
 1.22256e-10 1.01142e-08 4.93383e-07 1.41914e-05 0.00024069 0.00240723 0.0142027 0.0495354 0.103238 0.135636 0.137814 0.15039 0.161603 0.126766 0.0686301 0.0297527 0.0125136 0.0050432 0.00169061 0.000429954 8.03491e-05 1.09777e-05 1.08629e-06 7.58465e-08 3.60888e-09
 1.91149e-10 1.51781e-08 7.1064e-07 1.96187e-05 0.000319359 0.00306547 0.0173545 0.0580094 0.115148 0.139826 0.118824 0.101448 0.107553 0.114696 0.105439 0.0729935 0.0335644 0.00969307 0.00178429 0.000232231 2.59478e-05 2.72456e-06 2.35627e-07 1.46303e-08 6.14892e-10
 3.33739e-10 2.53984e-08 1.13971e-06 3.01555e-05 0.000470471 0.0043282 0.0234849 0.0752477 0.143258 0.167277 0.137676 0.112807 0.106642 0.0926099 0.0683458 0.0415657 0.0188069 0.00592605 0.00129838 0.000200356 2.16622e-05 1.63543e-06 8.91377e-08 3.71256e-09 1.1928e-10
 4.07704e-10 2.96968e-08 1.27544e-06 3.22999e-05 0.000482321 0.00424715 0.0220625 0.0677494 0.124308 0.143678 0.128282 0.124972 0.128051 0.109877 0.0775889 0.0441689 0.0182459 0.00511227 0.000984971 0.000138438 1.4742e-05 1.16131e-06 6.41297e-08 2.38521e-09 5.89215e-11
 6.06344e-10 4.22177e-08 1.73324e-06 4.19575e-05 0.000598901 0.00504113 0.0250322 0.073478 0.128865 0.142326 0.12153 0.114904 0.119201 0.10956 0.0841543 0.0494069 0.0197653 0.00511414 0.000867754 0.000102235 8.92271e-06 5.92052e-07 2.91975e-08 1.02559e-09 2.46126e-11
 8.73123e-10 5.8042e-08 2.27508e-06 5.25824e-05 0.000716607 0.00575919 0.0273091 0.0766113 0.128932 0.139191 0.122433 0.12192 0.124954 0.108714 0.0783299 0.043462 0.0166402 0.00418289 0.000700219 8.16049e-05 6.84423e-06 4.12693e-07 1.75628e-08 5.20334e-10 1.06334e-11
 1.17209e-09 7.43073e-08 2.77773e-06 6.12265e-05 0.000795772 0.00609956 0.0275917 0.073932 0.119575 0.127441 0.118366 0.12686 0.133218 0.117144 0.0840728 0.0448451 0.0158964 0.00354983 0.000500061 4.6361e-05 3.03559e-06 1.49107e-07 5.51649e-09 1.4724e-10 2.70492e-12
 1.80386e-09 1.08949e-07 3.87998e-06 8.14754e-05 0.00100885 0.00736701 0.0317506 0.0810798 0.125148 0.128027 0.115808 0.122378 0.12844 0.114812 0.0828296 0.0431139 0.0146143 0.00309101 0.000409214 3.50823e-05 2.05095e-06 8.53813e-08 2.55801e-09 5.43789e-11 8.07338e-13
 2.84492e-09 1.63536e-07 5.54298e-06 0.000110781 0.00130554 0.00907387 0.0372264 0.0905536 0.133577 0.132322 0.118912 0.124093 0.125056 0.106021 0.0722526 0.0355099 0.0113834 0.00228444 0.000288477 2.37412e-05 1.33612e-06 5.31164e-08 1.48742e-09 2.86515e-11 3.71965e-13
 3.44075e-09 1.88071e-07 6.06151e-06 0.000115194 0.00129092 0.00853329 0.0333229 0.0774732 0.111404 0.115869 0.122276 0.142043 0.143627 0.118096 0.0770235 0.0358428 0.0107986 0.00202275 0.000236158 1.77391e-05 9.01177e-07 3.23455e-08 8.28212e-10 1.48013e-11 1.79518e-13
 4.91885e-09 2.55443e-07 7.82188e-06 0.000141229 0.00150368 0.00944397 0.035047 0.0775102 0.106513 0.107664 0.113668 0.135039 0.144787 0.128509 0.0868465 0.0397055 0.0113881 0.00199621 0.000214805 1.45739e-05 6.52517e-07 2.02681e-08 4.48405e-10 6.99885e-12 7.50938e-14
 9.01832e-09 4.44613e-07 1.29249e-05 0.000221546 0.00223934 0.0133514 0.0470284 0.0986308 0.127958 0.120163 0.115712 0.127469 0.129231 0.108831 0.0695445 0.029994 0.00811849 0.00134677 0.000137889 8.96722e-06 3.86819e-07 1.15121e-08 2.3907e-10 3.40558e-12 3.2527e-14
 1.27879e-08 5.98112e-07 1.64951e-05 0.00026824 0.00257235 0.0145536 0.0486917 0.0974601 0.123293 0.120742 0.127535 0.141269 0.132709 0.101152 0.0590798 0.0236391 0.00598847 0.00093421 9.02944e-05 5.5681e-06 2.28853e-07 6.50965e-09 1.29206e-10 1.75479e-12 1.5908e-14
 1.65406e-08 7.33503e-07 1.91797e-05 0.000295721 0.00268893 0.0144283 0.0458358 0.0876104 0.108495 0.111318 0.128022 0.148078 0.143817 0.112482 0.0650754 0.0249507 0.00594225 0.000860161 7.59682e-05 4.18798e-06 1.50051e-07 3.66756e-09 6.31388e-11 7.63504e-13 6.32316e-15
 2.88756e-08 1.21346e-06 3.00685e-05 0.000439334 0.00378556 0.0192473 0.0579143 0.104632 0.121368 0.114124 0.120886 0.135516 0.132365 0.103762 0.0586325 0.021596 0.00493911 0.000696149 6.15875e-05 3.54141e-06 1.37254e-07 3.64098e-09 6.52246e-11 7.69527e-13 5.87886e-15
 3.92867e-08 1.56389e-06 3.67077e-05 0.000508061 0.0041473 0.0199856 0.057124 0.0990794 0.115187 0.119157 0.138087 0.150052 0.132982 0.0939278 0.0487341 0.0167954 0.00365104 0.000498335 4.38071e-05 2.57808e-06 1.04472e-07 2.9119e-09 5.45625e-11 6.71203e-13 5.34053e-15
 6.42221e-08 2.42085e-06 5.38075e-05 0.000705219 0.00545119 0.0248732 0.0672931 0.110283 0.12031 0.115678 0.127661 0.139498 0.128775 0.0931372 0.0473203 0.0154346 0.00310632 0.000384546 2.99287e-05 1.52673e-06 5.35973e-08 1.33318e-09 2.33261e-11 2.7875e-13 2.20859e-15
 9.11975e-08 3.25454e-06 6.8484e-05 0.000849777 0.00621949 0.0268851 0.0690851 0.108816 0.119203 0.123584 0.141886 0.146947 0.123392 0.081124 0.0379696 0.0115259 0.00217029 0.00025206 1.84162e-05 8.7846e-07 2.84827e-08 6.41165e-10 9.94768e-12 1.04211e-13 7.25027e-16
 1.3452e-07 4.54415e-06 9.05132e-05 0.00106315 0.00736596 0.0301492 0.0734371 0.110181 0.116971 0.120863 0.139115 0.145459 0.124337 0.0814779 0.0368222 0.0105798 0.00186788 0.000202304 1.37135e-05 6.03434e-07 1.79644e-08 3.7078e-10 5.27839e-12 5.06836e-14 3.2149e-16
 1.85452e-07 5.92963e-06 0.000111795 0.00124294 0.00815273 0.0316151 0.0732177 0.10608 0.114306 0.126228 0.148249 0.15014 0.122244 0.0757559 0.03227 0.00875078 0.00146702 0.000152642 1.0113e-05 4.42709e-07 1.31956e-08 2.69135e-10 3.69098e-12 3.33205e-14 1.95433e-16
 2.87268e-07 8.69389e-06 0.000155145 0.00163269 0.010137 0.0372158 0.0816594 0.112437 0.11623 0.12476 0.143834 0.145162 0.117951 0.0712977 0.0289076 0.00735149 0.00114484 0.000109609 6.6076e-06 2.60718e-07 7.00983e-09 1.30966e-10 1.68339e-12 1.45217e-14 8.21945e-17
 3.85883e-07 1.10545e-05 0.000186734 0.00186026 0.0109367 0.0380704 0.0796862 0.107329 0.116036 0.134607 0.155514 0.148788 0.112775 0.0635076 0.0240475 0.00572671 0.000837518 7.55784e-05 4.31181e-06 1.6132e-07 4.09402e-09 7.13189e-11 8.42086e-13 6.60016e-15 3.38194e-17
 4.97282e-07 1.34859e-05 0.000215658 0.00203397 0.0113244 0.0373833 0.0746724 0.0983879 0.110209 0.135288 0.160104 0.155882 0.119023 0.0655911 0.023728 0.00534016 0.000736462 6.28398e-05 3.40892e-06 1.21997e-07 2.9686e-09 4.9422e-11 5.53897e-13 4.09035e-15 1.96033e-17
 5.5736e-07 1.43107e-05 0.000216676 0.0019352 0.0102108 0.0320558 0.061847 0.0832609 0.104973 0.142961 0.173387 0.168304 0.125969 0.0665969 0.0227771 0.00481528 0.000622525 4.97886e-05 2.53352e-06 8.51386e-08 1.9473e-09 3.05017e-11 3.21971e-13 2.24153e-15 1.01298e-17
 8.35928e-07 2.03234e-05 0.000291372 0.00246412 0.012311 0.0365929 0.0668073 0.0849785 0.101726 0.135491 0.167689 0.169389 0.12877 0.0666281 0.0218398 0.0044068 0.000547898 4.28419e-05 2.1766e-06 7.41278e-08 1.71334e-09 2.65838e-11 2.71254e-13 1.79151e-15 7.59626e-18
#pred catch len freq
 9.57502e-12 1.03928e-09 6.65135e-08 2.51002e-06 5.58515e-05 0.000732827 0.00567109 0.0259111 0.0702722 0.116143 0.13106 0.135789 0.151445 0.140594 0.0943257 0.051868 0.0284811 0.0163585 0.00987364 0.00643528 0.0046069 0.00366011 0.00306094 0.00231514 0.00133839
 7.38646e-12 8.0173e-10 5.13106e-08 1.93631e-06 4.30858e-05 0.000565341 0.00437545 0.0200026 0.0544024 0.0911549 0.108585 0.126188 0.154633 0.153313 0.115191 0.0754676 0.0457551 0.0242681 0.0117869 0.00587062 0.00322679 0.002048 0.00147625 0.00104646 0.000598328
 1.07679e-11 1.16876e-09 7.48003e-08 2.82273e-06 6.28096e-05 0.000824107 0.00637682 0.0291204 0.0787669 0.128505 0.137341 0.124588 0.124667 0.117168 0.0906283 0.0644208 0.0439468 0.0269155 0.0144129 0.00672253 0.00287932 0.00130135 0.000700831 0.000421927 0.000226349
 7.89639e-12 8.57078e-10 5.48529e-08 2.06998e-06 4.60603e-05 0.000604369 0.0046775 0.0213831 0.0581514 0.0973923 0.115789 0.133802 0.161845 0.154749 0.106061 0.0609998 0.0362659 0.0225586 0.0134429 0.00708812 0.00316471 0.00122393 0.000464148 0.000200094 9.00741e-05
 1.21049e-11 1.31387e-09 8.40874e-08 3.1732e-06 7.06078e-05 0.000926417 0.00716813 0.0327258 0.0884077 0.143335 0.149018 0.124877 0.114675 0.105757 0.0842988 0.0616764 0.0407482 0.0230545 0.0120792 0.00627693 0.00303653 0.00125201 0.000432612 0.000136834 4.42855e-05
 1.36795e-11 1.48478e-09 9.50257e-08 3.58598e-06 7.97926e-05 0.00104693 0.00810057 0.0369828 0.0999072 0.161972 0.168319 0.140453 0.12588 0.106667 0.0685061 0.0362095 0.020143 0.0123188 0.00715408 0.00362317 0.00163436 0.000671591 0.000238917 7.03349e-05 1.77217e-05
 1.39344e-11 1.51245e-09 9.67963e-08 3.65279e-06 8.12794e-05 0.00106644 0.00825156 0.0376731 0.101785 0.165123 0.172085 0.144806 0.13089 0.110431 0.0687083 0.0327012 0.0143939 0.00643522 0.00299308 0.00147091 0.000689099 0.000280068 9.6837e-05 2.80108e-05 6.55817e-06
 1.34213e-11 1.45675e-09 9.3232e-08 3.51829e-06 7.82866e-05 0.00102717 0.00794788 0.0362895 0.0980866 0.159443 0.167662 0.144889 0.135218 0.115871 0.0728024 0.0350946 0.0153976 0.00638381 0.00241183 0.000879002 0.000330722 0.00012545 4.31211e-05 1.22954e-05 2.78718e-06
 1.40401e-11 1.52392e-09 9.75307e-08 3.68051e-06 8.18961e-05 0.00107453 0.00831413 0.037958 0.102544 0.166265 0.172863 0.144436 0.129548 0.109346 0.0688654 0.0336903 0.0151101 0.00637037 0.00238902 0.000800897 0.00024383 7.01422e-05 1.98495e-05 5.24189e-06 1.15721e-06
 1.43694e-11 1.55966e-09 9.98178e-08 3.76681e-06 8.38165e-05 0.00109972 0.00850902 0.0388465 0.104927 0.169987 0.176068 0.145402 0.128374 0.107108 0.0662816 0.0312503 0.0134112 0.00555327 0.00210091 0.0007127 0.000212072 5.44515e-05 1.22987e-05 2.53876e-06 4.7745e-07
 1.44403e-11 1.56735e-09 1.0031e-07 3.7854e-06 8.42301e-05 0.00110515 0.00855102 0.0390384 0.105448 0.170858 0.17709 0.146528 0.129544 0.107656 0.0655402 0.0296176 0.0118894 0.00462298 0.00166307 0.000546647 0.000161439 4.11909e-05 8.81594e-06 1.56828e-06 2.3567e-07
 1.49541e-11 1.62312e-09 1.0388e-07 3.92009e-06 8.72271e-05 0.00114447 0.00885514 0.0404242 0.109155 0.176571 0.18164 0.146792 0.12583 0.102961 0.0621448 0.0276589 0.0107848 0.00401765 0.00136131 0.000417247 0.000116062 2.84931e-05 5.96779e-06 1.02719e-06 1.41148e-07
 1.47516e-11 1.60114e-09 1.02473e-07 3.86701e-06 8.6046e-05 0.00112897 0.00873529 0.0398783 0.107697 0.174339 0.179941 0.14695 0.127706 0.105131 0.0634816 0.0281669 0.010902 0.00400743 0.00132465 0.000389166 0.000101935 2.33459e-05 4.59402e-06 7.55939e-07 1.00058e-07
 1.41079e-11 1.53128e-09 9.80016e-08 3.69828e-06 8.22916e-05 0.00107972 0.00835436 0.0381433 0.103067 0.167295 0.174778 0.1481 0.134643 0.112627 0.0673439 0.0287595 0.0104465 0.00364956 0.00117659 0.000339593 8.66583e-05 1.90119e-05 3.52216e-06 5.41556e-07 6.73921e-08
 1.54112e-11 1.67274e-09 1.07055e-07 4.03992e-06 8.98935e-05 0.00117945 0.00912572 0.0416573 0.112455 0.181672 0.185774 0.147266 0.122892 0.0990341 0.0590391 0.0255946 0.00950298 0.00331638 0.00102913 0.0002811 6.86789e-05 1.4628e-05 2.62574e-06 3.85931e-07 4.52755e-08
 1.64216e-11 1.7824e-09 1.14073e-07 4.30478e-06 9.57868e-05 0.00125677 0.00972373 0.0443822 0.119744 0.192905 0.194717 0.147768 0.115523 0.0896186 0.0520375 0.0214593 0.0073483 0.00241498 0.00073947 0.00020183 4.82106e-05 9.81501e-06 1.68011e-06 2.37409e-07 2.68075e-08
 1.62081e-11 1.75923e-09 1.1259e-07 4.24882e-06 9.45415e-05 0.00124043 0.0095974 0.0438071 0.118213 0.190603 0.193164 0.148589 0.118501 0.0925777 0.0531865 0.0210841 0.00664076 0.00196977 0.000549955 0.000138897 3.16935e-05 6.32574e-06 1.05868e-06 1.4402e-07 1.5547e-08
 1.61451e-11 1.75239e-09 1.12153e-07 4.2323e-06 9.4174e-05 0.00123561 0.00956011 0.0436374 0.117762 0.18993 0.19274 0.148928 0.119528 0.0935574 0.0535038 0.0208561 0.00631309 0.00176321 0.000456475 0.000104467 2.14144e-05 3.90329e-06 6.14029e-07 8.05185e-08 8.44132e-09
 1.71253e-11 1.85878e-09 1.18962e-07 4.48925e-06 9.98914e-05 0.00131062 0.0101403 0.0462802 0.124821 0.200731 0.200952 0.148138 0.110436 0.0831426 0.0472727 0.0186562 0.00581015 0.00166267 0.000427195 9.35335e-05 1.77978e-05 2.94486e-06 4.15877e-07 4.94436e-08 4.82189e-09
 1.72229e-11 1.86939e-09 1.1964e-07 4.51486e-06 0.000100461 0.0013181 0.0101981 0.0465439 0.12553 0.201848 0.201962 0.148588 0.110334 0.082627 0.046402 0.0176702 0.00510171 0.00134597 0.000335239 7.39725e-05 1.41456e-05 2.27866e-06 3.01855e-07 3.2717e-08 2.87272e-09
 1.81899e-11 1.97433e-09 1.26357e-07 4.76833e-06 0.000106101 0.00139209 0.0107704 0.0491511 0.132497 0.212533 0.210214 0.148226 0.101999 0.0727702 0.0400697 0.0149051 0.00408401 0.000993423 0.000227244 4.61052e-05 8.26268e-06 1.29657e-06 1.70627e-07 1.81155e-08 1.50934e-09
 1.8497e-11 2.00767e-09 1.28491e-07 4.84884e-06 0.000107893 0.00141559 0.0109521 0.0499794 0.134713 0.215945 0.21292 0.148342 0.0997038 0.069869 0.0379508 0.0136926 0.00347236 0.000745533 0.000152239 2.81845e-05 4.60113e-06 6.58543e-07 8.03168e-08 8.12877e-09 6.60777e-10
 1.86699e-11 2.02644e-09 1.29692e-07 4.89417e-06 0.000108901 0.00142882 0.0110545 0.0504457 0.135958 0.217854 0.214385 0.148249 0.0981702 0.0680795 0.0368347 0.0132421 0.0033257 0.000696411 0.000135167 2.29038e-05 3.31296e-06 4.20051e-07 4.6003e-08 4.21977e-09 3.15476e-10
 1.93556e-11 2.10087e-09 1.34455e-07 5.07392e-06 0.000112901 0.0014813 0.0114603 0.0522945 0.140897 0.225414 0.220148 0.147746 0.0918835 0.0608364 0.0324403 0.0116205 0.0029126 0.000607835 0.000117196 1.95585e-05 2.7301e-06 3.23296e-07 3.19448e-08 2.59148e-09 1.71702e-10
 1.97155e-11 2.13993e-09 1.36955e-07 5.16826e-06 0.000115 0.00150884 0.0116734 0.053265 0.143492 0.229403 0.223277 0.147769 0.08902 0.0573173 0.0299955 0.0103503 0.00233808 0.000396992 6.18893e-05 9.26877e-06 1.24835e-06 1.45262e-07 1.3968e-08 1.07501e-09 6.54231e-11
 1.96574e-11 2.13362e-09 1.36552e-07 5.15303e-06 0.000114661 0.00150439 0.011639 0.0531084 0.143074 0.228762 0.222785 0.147803 0.0895401 0.0579245 0.0303758 0.0105036 0.00238341 0.000405916 6.15501e-05 8.32284e-06 9.35691e-07 9.01137e-08 7.69427e-09 5.61492e-10 3.30957e-11
 1.96518e-11 2.13301e-09 1.36513e-07 5.15156e-06 0.000114628 0.00150396 0.0116356 0.0530932 0.143033 0.228701 0.222744 0.147823 0.0896153 0.057999 0.0304039 0.0104937 0.0023673 0.000397968 5.94429e-05 7.97293e-06 8.85757e-07 8.12066e-08 6.1703e-09 3.80575e-10 1.90886e-11
 1.99488e-11 2.16525e-09 1.38576e-07 5.22942e-06 0.000116361 0.00152669 0.0118114 0.053894 0.145173 0.231977 0.225248 0.147628 0.086927 0.0548838 0.0284886 0.0097571 0.00215992 0.000347343 4.88338e-05 6.27229e-06 6.8005e-07 6.13091e-08 4.58741e-09 2.74608e-10 1.28274e-11
#obs catch len freq
 3.17906e-11 2.94624e-09 1.61e-07 5.18764e-06 9.85611e-05 0.00110421 0.00729657 0.0284757 0.0660939 0.0945762 0.0974755 0.103429 0.124858 0.135512 0.126707 0.101594 0.0644118 0.0313606 0.0121197 0.00377165 0.000919032 0.000168187 2.2213e-05 2.04294e-06 1.2692e-07
 4.6571e-11 4.16278e-09 2.19401e-07 6.81837e-06 0.000124944 0.00135009 0.00860478 0.0323941 0.072581 0.100591 0.10161 0.107089 0.126948 0.133785 0.121162 0.0940441 0.0578629 0.0274689 0.0103659 0.00313247 0.000733409 0.000127411 1.57904e-05 1.34915e-06 7.72284e-08
 2.67056e-11 2.29837e-09 1.16634e-07 3.48997e-06 6.15776e-05 0.000640775 0.00393623 0.0143459 0.0318332 0.0483659 0.0693002 0.112004 0.158001 0.173215 0.15795 0.119113 0.0683419 0.0293799 0.00999792 0.00278234 0.000612983 0.000100897 1.18028e-05 9.44778e-07 5.0288e-08
 1.95841e-18 8.60882e-16 2.23138e-13 3.4103e-11 3.07337e-09 1.6333e-07 5.11973e-06 9.47244e-05 0.00103677 0.00675996 0.0268176 0.068549 0.126789 0.19007 0.225247 0.189185 0.107026 0.0421677 0.0125591 0.00301505 0.000582201 8.62304e-05 9.26681e-06 6.88652e-07 3.41106e-08
 1.32203e-10 1.04975e-08 4.91493e-07 1.35687e-05 0.000220882 0.00212051 0.012014 0.0403192 0.0817092 0.109406 0.127902 0.165807 0.186729 0.143892 0.0760127 0.0325787 0.0136183 0.00538813 0.00175169 0.000429135 7.69494e-05 1.00462e-05 9.44657e-07 6.22883e-08 2.78353e-09
 2.72997e-10 2.07758e-08 9.32274e-07 2.46671e-05 0.000384843 0.00354047 0.0192114 0.0615659 0.117323 0.137687 0.116035 0.102166 0.110155 0.11647 0.104666 0.0698567 0.0307275 0.00847666 0.00149689 0.000188948 2.0657e-05 2.10054e-06 1.73079e-07 1.01451e-08 4.00432e-10
 4.82505e-10 3.51452e-08 1.50945e-06 3.82259e-05 0.000570807 0.00502614 0.0261043 0.0800821 0.14619 0.164841 0.134473 0.113025 0.107589 0.092099 0.0667457 0.0394941 0.0172246 0.00521631 0.00109807 0.000162514 1.6804e-05 1.21173e-06 6.30879e-08 2.50318e-09 7.604e-11
 6.03179e-10 4.19974e-08 1.72419e-06 4.17385e-05 0.000595778 0.00501494 0.0249045 0.0731411 0.128613 0.143806 0.127695 0.125789 0.127298 0.106921 0.0739076 0.0408048 0.0161919 0.00434836 0.00080528 0.00010905 1.11563e-05 8.38701e-07 4.39341e-08 1.54402e-09 3.59444e-11
 9.16341e-10 6.0915e-08 2.38769e-06 5.51851e-05 0.000752074 0.0060441 0.0286569 0.080346 0.13482 0.143573 0.120999 0.114781 0.117579 0.105997 0.0793794 0.0448706 0.0171434 0.0042304 0.000686462 7.76479e-05 6.51354e-06 4.13902e-07 1.943e-08 6.45856e-10 1.45966e-11
 1.36517e-09 8.65483e-08 3.23532e-06 7.13124e-05 0.000926853 0.00710398 0.0321278 0.0859835 0.138225 0.143328 0.122845 0.119999 0.119873 0.101883 0.0715099 0.038201 0.0139691 0.00334943 0.00053603 5.98358e-05 4.80086e-06 2.75911e-07 1.11489e-08 3.12571e-10 6.02332e-12
 1.86126e-09 1.12416e-07 4.00344e-06 8.40681e-05 0.00104095 0.00760144 0.0327612 0.0836638 0.129159 0.1322 0.1195 0.125016 0.127698 0.109585 0.0763278 0.0390155 0.0131485 0.00278608 0.000373077 3.30135e-05 2.07114e-06 9.74305e-08 3.43391e-09 8.67647e-11 1.50155e-12
 2.89367e-09 1.66338e-07 5.63797e-06 0.000112679 0.0013279 0.00922915 0.0378598 0.092049 0.135452 0.132806 0.116459 0.119768 0.12232 0.106641 0.0743937 0.0369783 0.01189 0.00238211 0.00029918 2.44065e-05 1.3612e-06 5.4049e-08 1.5398e-09 3.10093e-11 4.34598e-13
 4.6125e-09 2.52119e-07 8.12575e-06 0.000154423 0.00173047 0.0114367 0.0446182 0.103233 0.144988 0.137264 0.118771 0.119738 0.117026 0.0966103 0.0635957 0.0298197 0.00906043 0.0017212 0.000206097 1.6131e-05 8.65088e-07 3.27353e-08 8.69429e-10 1.58246e-11 1.93553e-13
 5.73355e-09 2.97751e-07 9.11739e-06 0.00016462 0.00175272 0.0110076 0.040842 0.0902386 0.123411 0.122342 0.123391 0.137431 0.134367 0.10739 0.067514 0.0299198 0.00852995 0.00150992 0.000166837 1.18964e-05 5.753e-07 1.96575e-08 4.7765e-10 8.0667e-12 9.21247e-14
 8.33434e-09 4.10892e-07 1.19446e-05 0.000204743 0.00206952 0.0123395 0.0434744 0.0912857 0.119106 0.114294 0.114729 0.130728 0.135917 0.116918 0.0756505 0.0327763 0.00886998 0.00146602 0.000148942 9.56678e-06 4.0678e-07 1.20164e-08 2.5236e-10 3.72471e-12 3.76492e-14
 1.51974e-08 7.10808e-07 1.96031e-05 0.000318778 0.00305684 0.0172906 0.0577786 0.114952 0.141401 0.125645 0.114401 0.12044 0.118222 0.0963585 0.0588796 0.024042 0.00613573 0.000959255 9.27017e-05 5.70572e-06 2.33543e-07 6.59729e-09 1.29717e-10 1.74332e-12 1.56631e-14
 2.18845e-08 9.70479e-07 2.53761e-05 0.000391255 0.00355738 0.0190824 0.0605276 0.114816 0.137393 0.12648 0.125221 0.131819 0.119498 0.0881084 0.0492458 0.0186595 0.0044557 0.000654777 5.97085e-05 3.48351e-06 1.35796e-07 3.664e-09 6.87955e-11 8.80622e-13 7.50173e-15
 2.87455e-08 1.20799e-06 2.9933e-05 0.000437356 0.00376857 0.0191624 0.0576808 0.104403 0.122074 0.117347 0.126511 0.139558 0.13101 0.0987973 0.0544452 0.019707 0.00441493 0.000600833 4.99476e-05 2.59809e-06 8.8101e-08 2.04199e-09 3.33015e-11 3.80163e-13 2.96111e-15
 4.98635e-08 1.98491e-06 4.65898e-05 0.000644821 0.00526303 0.0253471 0.0722334 0.123505 0.135102 0.118659 0.117392 0.125507 0.118451 0.0892371 0.0478859 0.0166296 0.0035782 0.000474819 3.96375e-05 2.15617e-06 7.91285e-08 1.98392e-09 3.34765e-11 3.70934e-13 2.65653e-15
 6.92579e-08 2.61068e-06 5.80266e-05 0.000760516 0.00587862 0.0268235 0.0725687 0.118917 0.129598 0.123683 0.132818 0.137115 0.117171 0.0795891 0.0392661 0.0127708 0.00261444 0.000336465 2.7963e-05 1.55902e-06 5.98155e-08 1.57362e-09 2.77318e-11 3.19978e-13 2.38334e-15
 1.13571e-07 4.05299e-06 8.52848e-05 0.00105821 0.0077438 0.033448 0.0856211 0.132457 0.135064 0.118894 0.120766 0.125377 0.111468 0.0771263 0.0370842 0.0113808 0.00215187 0.000250531 1.83869e-05 8.87473e-07 2.95379e-08 6.95655e-10 1.14799e-11 1.28857e-13 9.55838e-16
 1.63118e-07 5.5102e-06 0.000109755 0.00128913 0.00893077 0.0365358 0.0887781 0.131702 0.133827 0.125648 0.132436 0.130131 0.10512 0.066144 0.0293144 0.00837355 0.00148112 0.000161727 1.11354e-05 5.01934e-07 1.53981e-08 3.27473e-10 4.78492e-12 4.70646e-14 3.06717e-16
 2.42425e-07 7.75127e-06 0.000146137 0.00162468 0.010654 0.0412641 0.0950059 0.134038 0.131297 0.12193 0.128682 0.12786 0.104984 0.0655831 0.0279823 0.0075539 0.00125164 0.000127349 8.12825e-06 3.37687e-07 9.5054e-09 1.85275e-10 2.483e-12 2.2372e-14 1.32822e-16
 3.41154e-07 1.03247e-05 0.000184246 0.00193888 0.0120363 0.0441583 0.0965746 0.131024 0.128633 0.126046 0.135565 0.130444 0.101883 0.0601128 0.0241616 0.00615624 0.000969138 9.48254e-05 5.92221e-06 2.44864e-07 6.89223e-09 1.32417e-10 1.70522e-12 1.44186e-14 7.90697e-17
 5.30265e-07 1.51905e-05 0.000256596 0.00255598 0.0150199 0.0521659 0.10804 0.13899 0.129958 0.122541 0.12891 0.123545 0.0960495 0.0550954 0.0210335 0.00501972 0.000733298 6.59448e-05 3.74294e-06 1.39404e-07 3.54128e-09 6.2404e-11 7.54018e-13 6.09458e-15 3.22398e-17
 7.23291e-07 1.9615e-05 0.000313663 0.00295794 0.0164594 0.054188 0.106892 0.133638 0.128762 0.130657 0.138448 0.125884 0.0912229 0.0487259 0.0173699 0.00388181 0.00053259 4.51484e-05 2.42502e-06 8.55909e-08 2.04968e-09 3.36241e-11 3.72729e-13 2.73548e-15 1.30984e-17
 9.6139e-07 2.46843e-05 0.00037372 0.00333691 0.0175846 0.0548806 0.103088 0.124996 0.122627 0.130906 0.142654 0.132117 0.0961639 0.0501082 0.017038 0.00359651 0.000465301 3.73034e-05 1.90554e-06 6.43246e-08 1.476e-09 2.31172e-11 2.42997e-13 1.67878e-15 7.51265e-18
 1.11773e-06 2.71745e-05 0.000389586 0.00329436 0.0164506 0.0487809 0.088105 0.1075 0.116696 0.139613 0.157581 0.145716 0.10374 0.0517565 0.0166222 0.00329469 0.000399513 3.00175e-05 1.43805e-06 4.55693e-08 9.82486e-10 1.44721e-11 1.43228e-13 9.32515e-16 3.93331e-18
#spawning biomass
 20950.1 26073 25547.2 27434.5 42551.4 57731.1 72124.9 96042.9 123634 158957 181058 205154 248029 223563 203521 215536 223782 199387 207109 214363 212518 214170 232305 273831 256024 267816 262140 242129 243814 440316 380071 285584 200261 137608 96488.5 71331 56649.4 48361.5 43794.5 41322.3 40001.9 39303.7 38936.9 38743.4 38644.6 38594.1 38568.4 38555.2 38548.5 38545.1 38543.3 38542.4 38542 38541.8 38541.6 38541.6 38541.5 38541.5 38541.5 38541.5 38541.5 38541.5 38541.5 38541.5 38541.5 38541.5 38541.5 38541.5 38541.5 38541.5 38541.5 38541.5 38541.5 38541.5 38541.5 38541.5 38541.5 38541.5 38541.5 38541.5 38541.5 38541.5 38541.5 38541.5 38541.5 38541.5 38541.5 38541.5 38541.5 38541.5 38541.5 38541.5 38541.5 38541.5 38541.5 38541.5 38541.5 38541.5 38541.5 38541.5 38541.5 38541.5 38541.5 38541.5 38541.5 38541.5 38541.5 38541.5 38541.5 38541.5 38541.5 38541.5 38541.5 38541.5 38541.5 38541.5 38541.5 38541.5 38541.5 38541.5 38541.5 38541.5 38541.5 38541.5 38541.5 38541.5 38541.5 38541.5 0 0 0 0 0 0 0 0 0 0 0 0 0 0 0 0 0 0 0 0 0 0 0 0 0
