SBPRF35
0.573881
Curr Bio
208256
B35
1.17187e+06
F35
0.268333
FOFL
0
OFL
0
Bzero
163966
#pred survey bio
 20931 26613.3 21968.6 23021.9 34298.5 50100.7 60577.3 85423.5 100897 127972 160308 177108 198080 205158 206953 202175 195918 204543 207082 211516 204153 193962 226667 229581 243051 236554 204939 191210 5.92855e+06 9.90613e+06 1.0126e+07 8.85802e+06 7.18947e+06 5.62707e+06 4.36252e+06 3.41838e+06 2.74691e+06 2.28329e+06 1.96855e+06 1.75654e+06 1.61384e+06 1.51736e+06 1.45106e+06 1.40413e+06 1.37196e+06 1.34951e+06 1.33357e+06 1.32208e+06 1.31368e+06 1.30746e+06 1.30281e+06 1.2993e+06 1.29664e+06 1.29461e+06 1.29305e+06 1.29186e+06 1.29093e+06 1.29022e+06 1.28966e+06 1.28923e+06 1.2889e+06 1.28864e+06 1.28844e+06 1.28828e+06 1.28816e+06 1.28807e+06 1.288e+06 1.28794e+06 1.28789e+06 1.28786e+06 1.28783e+06 1.28781e+06 1.28779e+06 1.28778e+06 1.28777e+06 1.28776e+06 1.28776e+06 1.28775e+06 1.28775e+06 1.28775e+06 1.28775e+06 1.28774e+06 1.28774e+06 1.28774e+06 1.28774e+06 1.28774e+06 1.28774e+06 1.28774e+06 1.28774e+06 1.28774e+06 1.28774e+06 1.28774e+06 1.28774e+06 1.28774e+06 1.28774e+06 1.28774e+06 1.28774e+06 1.28774e+06 1.28774e+06 1.28774e+06 1.28774e+06 1.28774e+06 1.28774e+06 1.28774e+06 1.28774e+06 1.28774e+06 1.28774e+06 1.28774e+06 1.28774e+06 1.28774e+06 1.28774e+06 1.28774e+06 1.28774e+06 1.28774e+06 1.28774e+06 1.28774e+06 1.28774e+06 1.28774e+06 1.28774e+06 1.28774e+06 1.28774e+06 1.28774e+06 1.28774e+06 1.28774e+06 1.28774e+06 1.28774e+06 1.28774e+06 1.28774e+06 0 0 0 0 0 0 0 0 0 0 0 0 0 0 0 0 0 0 0 0 0 0 0 0 0
#obs survey bio
 17186.5 17563.4 16873.9 29725.6 32472.1 46286.8 75918 123613 83519.3 171356 166637 188683 157869 210720 119106 207847 207805 179824 247950 243116 212946 162741 225808 196654 347806 233279 278748 138220
#pred catch bio
 8417.27 16404.8 12330.5 9326.62 19431 37026 39980.1 63419.9 73677.2 95047.7 132609 149600 170488 181627 191412 190338 186595 201719 204215 215198 221553 211841 255363 253929 276132 275348 238152 191502 0 100360 98862.1 84835.7 67316.9 51308.3 38641.5 29424.5 23072.1 18854.3 16127.6 14398.9 13318.7 12651.1 12240.3 11986.7 11835.7 11745.8 11692.3 11660.4 11641.4 11630.2 11623.4 11619.4 11617.1 11615.6 11614.8 11614.3 11614 11613.8 11613.7 11613.6 11613.6 11613.6 11613.6 11613.6 11613.6 11613.6 11613.6 11613.6 11613.6 11613.5 11613.5 11613.5 11613.5 11613.5 11613.5 11613.5 11613.5 11613.5 11613.5 11613.5 11613.5 11613.5 11613.5 11613.5 11613.5 11613.5 11613.5 11613.5 11613.5 11613.5 11613.5 11613.5 11613.5 11613.5 11613.5 11613.5 11613.5 11613.5 11613.5 11613.5 11613.5 11613.5 11613.5 11613.5 11613.5 11613.5 11613.5 11613.5 11613.5 11613.5 11613.5 11613.5 11613.5 11613.5 11613.5 11613.5 11613.5 11613.5 11613.5 11613.5 11613.5 11613.5 11613.5 11613.5 11613.5 11613.5 11613.5 11613.5 0 0 0 0 0 0 0 0 0 0 0 0 0 0 0 0 0 0 0 0 0 0 0 0 0
#obs catch bio
 15421.7 19894.2 14546.3 9049.69 19995.8 38166.9 36242 57166 73160.2 90432.1 124829 144601 172441 172203 215113 181995 186157 201479 192916 200100 215537 217992 249258 250641 231841 241558 208648 182354
#pred cpue bio
 19061 25348.9 20010.6 21387.7 29974.2 43276.7 51649.2 74094.2 86540.5 109481 137032 148652 167240 174435 172214 168592 161043 165499 167045 170893 162379 147120 170736 174938 184568 178658 155637 141819 4.78844e+06 1.01238e+07 1.01114e+07 8.83211e+06 7.16311e+06 5.6007e+06 4.33615e+06 3.392e+06 2.72053e+06 2.25691e+06 1.94218e+06 1.73016e+06 1.58747e+06 1.49098e+06 1.42469e+06 1.37776e+06 1.34559e+06 1.32314e+06 1.3072e+06 1.2957e+06 1.2873e+06 1.28108e+06 1.27643e+06 1.27293e+06 1.27027e+06 1.26824e+06 1.26668e+06 1.26548e+06 1.26456e+06 1.26384e+06 1.26329e+06 1.26286e+06 1.26253e+06 1.26227e+06 1.26207e+06 1.26191e+06 1.26179e+06 1.26169e+06 1.26162e+06 1.26156e+06 1.26152e+06 1.26148e+06 1.26146e+06 1.26144e+06 1.26142e+06 1.26141e+06 1.2614e+06 1.26139e+06 1.26138e+06 1.26138e+06 1.26138e+06 1.26137e+06 1.26137e+06 1.26137e+06 1.26137e+06 1.26137e+06 1.26137e+06 1.26137e+06 1.26136e+06 1.26136e+06 1.26136e+06 1.26136e+06 1.26136e+06 1.26136e+06 1.26136e+06 1.26136e+06 1.26136e+06 1.26136e+06 1.26136e+06 1.26136e+06 1.26136e+06 1.26136e+06 1.26136e+06 1.26136e+06 1.26136e+06 1.26136e+06 1.26136e+06 1.26136e+06 1.26136e+06 1.26136e+06 1.26136e+06 1.26136e+06 1.26136e+06 1.26136e+06 1.26136e+06 1.26136e+06 1.26136e+06 1.26136e+06 1.26136e+06 1.26136e+06 1.26136e+06 1.26136e+06 1.26136e+06 1.26136e+06 1.26136e+06 1.26136e+06 1.26136e+06 1.26136e+06 1.26136e+06 1.26136e+06 0 0 0 0 0 0 0 0 0 0 0 0 0 0 0 0 0 0 0 0 0 0 0 0 0
#obs cpue bio
 22491.7 11748.8 21186.5 18739.3 27683.1 53073.1 67484.4 81509.4 80074.5 111100 178844 144247 185766 232058 154280 237163 145720 191595 181069 202224 170674 145479 201381 206983 302083 288066 195714 216958
#pred surv len freq
 1.16865e-11 1.26846e-09 8.11811e-08 3.06353e-06 6.81676e-05 0.00089441 0.00692086 0.0316059 0.0855057 0.139623 0.149774 0.136931 0.136323 0.121614 0.0809277 0.0444888 0.0244447 0.014032 0.00846161 0.00551469 0.00395116 0.00314281 0.00263093 0.00199111 0.00115143
 8.1339e-12 8.82857e-10 5.65027e-08 2.13224e-06 4.74455e-05 0.000622539 0.00481786 0.0220187 0.0597968 0.0994833 0.115287 0.126807 0.14961 0.14682 0.11037 0.0725393 0.043987 0.0232101 0.011175 0.00552497 0.00302702 0.00192105 0.00138626 0.000983599 0.000562682
 1.16934e-11 1.26921e-09 8.12293e-08 3.06534e-06 6.82079e-05 0.000894932 0.00692464 0.0316171 0.085453 0.13887 0.145892 0.126054 0.119548 0.109985 0.0846568 0.0600657 0.0408406 0.0248652 0.0132091 0.00610335 0.00258758 0.00116051 0.000623422 0.000375499 0.000201592
 1.01311e-11 1.09964e-09 7.03768e-08 2.6558e-06 5.90953e-05 0.000775384 0.0060002 0.0274096 0.074264 0.122162 0.135205 0.13393 0.144166 0.13344 0.0920403 0.0542786 0.0329145 0.0204678 0.0120799 0.0063042 0.00278603 0.00106566 0.000399957 0.000171474 7.7125e-05
 1.4104e-11 1.53086e-09 9.79747e-08 3.69726e-06 8.22688e-05 0.00107941 0.00835151 0.03812 0.102863 0.165826 0.167966 0.129344 0.105513 0.0911803 0.0701002 0.0497962 0.0325164 0.0185 0.00977949 0.00507604 0.00243257 0.000991634 0.000338587 0.000105837 3.39858e-05
 1.42434e-11 1.54598e-09 9.89428e-08 3.7338e-06 8.30818e-05 0.00109008 0.00843436 0.0385042 0.103983 0.168304 0.173607 0.141569 0.123157 0.102761 0.065262 0.0336814 0.0179483 0.0105023 0.00594352 0.0029928 0.00135204 0.000553552 0.000195022 5.67128e-05 1.41117e-05
 1.45863e-11 1.5832e-09 1.01325e-07 3.82368e-06 8.50817e-05 0.00111632 0.0086374 0.0394313 0.106489 0.172379 0.177898 0.145255 0.126364 0.104649 0.0644872 0.0302278 0.0129641 0.0055828 0.00245884 0.00114437 0.000519836 0.000209064 7.19836e-05 2.06751e-05 4.78829e-06
 1.37895e-11 1.49672e-09 9.57899e-08 3.61481e-06 8.04343e-05 0.00105535 0.00816579 0.037282 0.100734 0.163467 0.170593 0.14417 0.131168 0.111577 0.0707349 0.0349586 0.0157596 0.00655516 0.00241192 0.000835426 0.000294733 0.000105844 3.53091e-05 9.94081e-06 2.23567e-06
 1.4301e-11 1.55224e-09 9.9343e-08 3.7489e-06 8.34178e-05 0.00109449 0.00846855 0.0386618 0.104428 0.169183 0.175258 0.144803 0.128004 0.107145 0.0669388 0.0322785 0.0142729 0.00601928 0.00228117 0.000765517 0.000227163 6.18277e-05 1.63636e-05 4.10972e-06 8.83458e-07
 1.44009e-11 1.56308e-09 1.00037e-07 3.77508e-06 8.40005e-05 0.00110214 0.00852768 0.0389314 0.105152 0.170318 0.176256 0.145169 0.127773 0.106597 0.0662375 0.0315308 0.0136452 0.00561511 0.00208584 0.000697921 0.000207064 5.27732e-05 1.1548e-05 2.24818e-06 3.9736e-07
 1.4422e-11 1.56537e-09 1.00184e-07 3.78062e-06 8.41237e-05 0.00110375 0.0085402 0.0389886 0.105307 0.17058 0.176572 0.145536 0.128171 0.1068 0.0660188 0.0310182 0.0131615 0.00531149 0.00193125 0.000630391 0.00018317 4.60326e-05 9.74423e-06 1.70179e-06 2.45747e-07
 1.51503e-11 1.64442e-09 1.05243e-07 3.97153e-06 8.83717e-05 0.00115949 0.0089713 0.0409536 0.110572 0.178763 0.183425 0.14702 0.12459 0.101234 0.0606685 0.026617 0.0102064 0.00381564 0.00133219 0.000423148 0.000119909 2.93874e-05 6.07557e-06 1.02973e-06 1.39083e-07
 1.48571e-11 1.6126e-09 1.03206e-07 3.89468e-06 8.66617e-05 0.00113705 0.00879781 0.0401637 0.108468 0.175588 0.181233 0.147988 0.128447 0.105181 0.0624063 0.0264134 0.0094387 0.00322952 0.00102215 0.000294991 7.81164e-05 1.83726e-05 3.68566e-06 6.07787e-07 7.9636e-08
 1.45456e-11 1.57879e-09 1.01042e-07 3.81301e-06 8.48445e-05 0.00111321 0.00861342 0.0393237 0.106223 0.172151 0.1786 0.148177 0.131251 0.108468 0.0644933 0.0272754 0.00968002 0.00323551 0.000971458 0.000257175 6.12946e-05 1.30168e-05 2.41149e-06 3.77284e-07 4.76768e-08
 1.54459e-11 1.67651e-09 1.07296e-07 4.04903e-06 9.00961e-05 0.00118211 0.0091463 0.0417515 0.112713 0.182114 0.186347 0.148015 0.123758 0.0994688 0.0585258 0.0244592 0.00851896 0.00279995 0.000830419 0.000215187 4.89162e-05 9.58066e-06 1.59887e-06 2.25433e-07 2.6206e-08
 1.53148e-11 1.66227e-09 1.06385e-07 4.01465e-06 8.93311e-05 0.00117207 0.0090687 0.0413986 0.111778 0.180748 0.185625 0.149157 0.126556 0.101919 0.0589379 0.0233117 0.00729145 0.00215111 0.000600558 0.0001509 3.35777e-05 6.40502e-06 1.01878e-06 1.32852e-07 1.39817e-08
 1.58739e-11 1.72296e-09 1.10269e-07 4.16121e-06 9.25922e-05 0.00121486 0.00939961 0.0429061 0.115807 0.186931 0.190414 0.148998 0.121819 0.0962963 0.0553058 0.021687 0.00663635 0.00186984 0.000482489 0.000109017 2.20588e-05 3.96947e-06 6.09747e-07 7.68589e-08 7.69092e-09
 1.64475e-11 1.78522e-09 1.14254e-07 4.31158e-06 9.5938e-05 0.00125875 0.00973911 0.044453 0.119942 0.193284 0.195377 0.148968 0.117156 0.0906321 0.0514635 0.0197808 0.00580444 0.0015537 0.000385328 8.34094e-05 1.57563e-05 2.57682e-06 3.58474e-07 4.18748e-08 3.98333e-09
 1.65338e-11 1.79458e-09 1.14853e-07 4.3342e-06 9.64415e-05 0.00126536 0.00979021 0.044686 0.120569 0.194272 0.196276 0.149382 0.117093 0.0902025 0.0507052 0.0189019 0.00515544 0.00124631 0.000284795 5.79424e-05 1.03566e-05 1.60511e-06 2.08836e-07 2.23435e-08 1.93249e-09
 1.64755e-11 1.78826e-09 1.14448e-07 4.31892e-06 9.61015e-05 0.0012609 0.00975572 0.0445289 0.120149 0.193631 0.19579 0.149437 0.117647 0.0908382 0.0510892 0.0190366 0.005174 0.00123185 0.000270038 5.08734e-05 8.25386e-06 1.17332e-06 1.42394e-07 1.42975e-08 1.15369e-09
 1.70115e-11 1.84644e-09 1.18172e-07 4.45943e-06 9.9228e-05 0.00130192 0.010073 0.0459743 0.124012 0.199559 0.200388 0.149301 0.113123 0.0854305 0.0475339 0.0173975 0.00453132 0.00101274 0.000211868 3.88902e-05 6.10962e-06 8.1877e-07 9.12456e-08 8.34994e-09 6.20183e-10
 1.8471e-11 2.00485e-09 1.2831e-07 4.84204e-06 0.000107741 0.00141361 0.0109368 0.0499097 0.134528 0.215681 0.212803 0.148641 0.100366 0.0704214 0.0379903 0.0133535 0.00313969 0.000582034 0.000101479 1.66136e-05 2.42169e-06 3.08238e-07 3.29782e-08 2.86621e-09 1.97915e-10
 1.86629e-11 2.02568e-09 1.29643e-07 4.89232e-06 0.00010886 0.00142829 0.0110503 0.050427 0.135911 0.217802 0.214445 0.148583 0.0987346 0.0684794 0.0367258 0.0127827 0.00291986 0.000504886 7.87716e-05 1.11641e-05 1.35584e-06 1.44402e-07 1.36131e-08 1.09215e-09 7.12869e-11
 1.83266e-11 1.98917e-09 1.27307e-07 4.80416e-06 0.000106899 0.00140255 0.0108513 0.0495203 0.13349 0.214104 0.211664 0.148954 0.102006 0.0721541 0.0388221 0.0133979 0.00296808 0.000476687 6.70174e-05 8.66949e-06 9.58961e-07 8.98304e-08 7.17358e-09 4.79306e-10 2.65826e-11
 1.84299e-11 2.00039e-09 1.28025e-07 4.83126e-06 0.000107501 0.00141046 0.0109125 0.0497989 0.134234 0.215238 0.212505 0.148802 0.100943 0.0709881 0.0381982 0.0132663 0.00300063 0.000505399 7.50557e-05 9.79984e-06 1.02934e-06 8.77831e-08 6.29774e-09 3.73715e-10 1.78965e-11
 1.85812e-11 2.01681e-09 1.29076e-07 4.87092e-06 0.000108384 0.00142204 0.011002 0.0502069 0.135324 0.216911 0.213802 0.148762 0.0996641 0.0694593 0.0371923 0.0128026 0.00282087 0.000446961 6.14735e-05 7.76084e-06 8.302e-07 7.32914e-08 5.28063e-09 2.98849e-10 1.309e-11
 1.84196e-11 1.99927e-09 1.27953e-07 4.82856e-06 0.000107441 0.00140967 0.0109064 0.0497712 0.134161 0.215136 0.212473 0.148961 0.101267 0.0712447 0.0381895 0.0130683 0.00281873 0.000422006 5.28152e-05 6.0891e-06 6.0335e-07 4.9776e-08 3.45816e-09 1.96217e-10 8.72295e-12
 1.90768e-11 2.07061e-09 1.32519e-07 5.00084e-06 0.000111275 0.00145996 0.0112954 0.0515432 0.138894 0.222375 0.217972 0.148409 0.0951363 0.0642343 0.0340103 0.0116144 0.00250896 0.000377336 4.73572e-05 5.37963e-06 5.08327e-07 3.86426e-08 2.4433e-09 1.27585e-10 5.32888e-12
#obs surv len freq
 3.61299e-11 3.34839e-09 1.82976e-07 5.89573e-06 0.000112014 0.00125492 0.00829216 0.0323549 0.0750207 0.106793 0.107738 0.10922 0.126334 0.131137 0.116015 0.089189 0.0554794 0.0267739 0.0102363 0.00313475 0.00075178 0.000136541 1.81174e-05 1.69035e-06 1.06935e-07
 2.08322e-11 1.8621e-09 9.81428e-08 3.05002e-06 5.58916e-05 0.000604014 0.00385217 0.0145521 0.0331962 0.0501084 0.0668145 0.102343 0.14679 0.169006 0.16292 0.128182 0.0750014 0.032094 0.0107289 0.00296097 0.000660182 0.000111881 1.36759e-05 1.16148e-06 6.65784e-08
 1.42005e-10 1.22214e-08 6.20192e-07 1.85574e-05 0.000327414 0.00340617 0.0208948 0.0755933 0.161424 0.204409 0.157431 0.0845536 0.0525087 0.0569108 0.0668099 0.0588352 0.0355088 0.0150723 0.00480977 0.00120718 0.000238132 3.58954e-05 3.9689e-06 3.07781e-07 1.61065e-08
 1.32809e-10 1.09873e-08 5.35972e-07 1.54163e-05 0.000261465 0.00261497 0.0154271 0.0537824 0.111834 0.145316 0.14202 0.146115 0.152475 0.118866 0.064438 0.0280391 0.011829 0.00480019 0.0016396 0.000429379 8.25992e-05 1.1467e-05 1.13279e-06 7.80052e-08 3.64823e-09
 1.99724e-10 1.5859e-08 7.42518e-07 2.04987e-05 0.000333685 0.00320298 0.018133 0.0606108 0.120304 0.146032 0.123819 0.104636 0.108073 0.110555 0.0976358 0.0660613 0.0300948 0.00866078 0.00159192 0.000207457 2.34293e-05 2.51472e-06 2.22472e-07 1.40289e-08 5.92989e-10
 3.19732e-10 2.43324e-08 1.09187e-06 2.88899e-05 0.000450725 0.00414658 0.0225003 0.0721065 0.137416 0.161258 0.135406 0.115474 0.111985 0.0976916 0.0717824 0.0432177 0.0192106 0.00588122 0.00123892 0.000183511 1.92219e-05 1.42563e-06 7.74295e-08 3.25592e-09 1.06381e-10
 4.11155e-10 2.99482e-08 1.28624e-06 3.25733e-05 0.000486403 0.00428307 0.0222485 0.0683107 0.125245 0.144251 0.127275 0.122146 0.12536 0.109678 0.0794984 0.0459552 0.018938 0.00519458 0.000957144 0.000125641 1.23911e-05 9.14563e-07 4.81978e-08 1.73822e-09 4.21701e-11
 6.07361e-10 4.22886e-08 1.73615e-06 4.20279e-05 0.000599906 0.0050496 0.0250744 0.0736057 0.12912 0.14277 0.122354 0.116084 0.119932 0.108994 0.0827448 0.0482995 0.0193294 0.00502673 0.000859904 0.000101871 8.81032e-06 5.65611e-07 2.6453e-08 8.75205e-10 1.989e-11
 8.23343e-10 5.47329e-08 2.14537e-06 4.95846e-05 0.000675753 0.00543095 0.0257548 0.0722819 0.121913 0.132949 0.120638 0.124751 0.13006 0.113968 0.0825389 0.0459824 0.0176785 0.00447239 0.000756595 8.94845e-05 7.6256e-06 4.65535e-07 1.98968e-08 5.8484e-10 1.16868e-11
 1.20431e-09 7.63503e-08 2.8541e-06 6.29098e-05 0.000817647 0.00626712 0.0283471 0.0759201 0.122498 0.129191 0.116652 0.122111 0.129014 0.116295 0.0855764 0.0463452 0.016575 0.00373522 0.000534162 5.08305e-05 3.45588e-06 1.76782e-07 6.75871e-09 1.84462e-10 3.4357e-12
 1.98878e-09 1.20118e-07 4.27774e-06 8.98278e-05 0.00111226 0.00812195 0.0349989 0.0893046 0.137298 0.137989 0.118727 0.11862 0.120373 0.104753 0.0741161 0.0382865 0.0130083 0.00278382 0.000377727 3.37773e-05 2.09409e-06 9.29648e-08 2.95101e-09 6.58441e-11 1.01849e-12
 2.63326e-09 1.51369e-07 5.1306e-06 0.000102539 0.00120843 0.00839937 0.0344688 0.0839658 0.124736 0.127245 0.122345 0.133812 0.133801 0.109505 0.0721562 0.0347624 0.0110111 0.00218265 0.000270453 2.1626e-05 1.17615e-06 4.56088e-08 1.27561e-09 2.51677e-11 3.40349e-13
 3.67356e-09 2.00797e-07 6.47165e-06 0.000122988 0.00137825 0.00910983 0.0355604 0.0825129 0.117535 0.117938 0.116617 0.131899 0.137015 0.118365 0.0802139 0.0379327 0.0114252 0.00211126 0.000238926 1.69368e-05 7.85838e-07 2.52058e-08 5.80036e-10 9.56466e-12 1.10192e-13
 5.51985e-09 2.86653e-07 8.77758e-06 0.000158484 0.00168739 0.0105972 0.0393172 0.0868464 0.118629 0.117164 0.118 0.133773 0.136628 0.115488 0.0756754 0.034225 0.00984185 0.00174986 0.000193925 1.38274e-05 6.61927e-07 2.19138e-08 5.00721e-10 7.71683e-12 7.86528e-14
 8.34003e-09 4.11172e-07 1.19528e-05 0.000204884 0.00207096 0.0123486 0.0435159 0.0914723 0.119953 0.117108 0.120263 0.136012 0.135933 0.111629 0.0700595 0.029918 0.00803781 0.00131998 0.000132804 8.38984e-06 3.47853e-07 9.96513e-09 2.03296e-10 2.9284e-12 2.88833e-14
 1.15754e-08 5.41401e-07 1.49311e-05 0.000242807 0.00232848 0.0131747 0.0440929 0.0883992 0.112679 0.113228 0.124757 0.143716 0.141216 0.112723 0.0678157 0.0274585 0.00696421 0.00107964 0.000102796 6.16625e-06 2.42802e-07 6.54234e-09 1.22824e-10 1.5871e-12 1.37984e-14
 1.96968e-08 8.73466e-07 2.28394e-05 0.000352144 0.0032018 0.0171756 0.0544894 0.103457 0.12435 0.116447 0.119758 0.133509 0.131167 0.104649 0.0612907 0.0236137 0.00562846 0.000813336 7.14973e-05 3.90424e-06 1.37518e-07 3.27361e-09 5.44461e-11 6.32922e-13 5.02398e-15
 2.70963e-08 1.13869e-06 2.82157e-05 0.000412267 0.0035525 0.0180668 0.0544283 0.0989153 0.11769 0.118673 0.133868 0.147209 0.133485 0.0971101 0.0525493 0.019016 0.00432688 0.000610325 5.42369e-05 3.14149e-06 1.2275e-07 3.27517e-09 5.87195e-11 6.89195e-13 5.20551e-15
 3.98911e-08 1.58795e-06 3.72723e-05 0.000515872 0.00421092 0.0202887 0.057941 0.100091 0.114466 0.113983 0.129313 0.144544 0.135886 0.101289 0.0540467 0.0187513 0.00404546 0.000540698 4.58138e-05 2.56139e-06 9.82489e-08 2.62171e-09 4.78928e-11 5.83085e-13 4.631e-15
 5.74592e-08 2.16593e-06 4.81415e-05 0.000630968 0.00487759 0.022264 0.0603406 0.0997218 0.112535 0.11708 0.13719 0.149745 0.134359 0.0947243 0.0475112 0.0154391 0.00311201 0.000387446 3.04504e-05 1.57202e-06 5.56093e-08 1.37564e-09 2.35461e-11 2.72028e-13 2.07622e-15
 9.09579e-08 3.24599e-06 6.83039e-05 0.000847537 0.00620285 0.0268082 0.0688251 0.107955 0.116438 0.117351 0.134264 0.14451 0.128828 0.0890006 0.042839 0.0132119 0.00252467 0.000299695 2.26896e-05 1.13976e-06 3.92791e-08 9.35419e-10 1.51321e-11 1.62697e-13 1.1462e-15
 1.47321e-07 4.97656e-06 9.9126e-05 0.0011643 0.0080664 0.0330083 0.0803083 0.119845 0.12464 0.123281 0.136426 0.138626 0.115444 0.0742979 0.0333199 0.00956961 0.00169842 0.000186224 1.29168e-05 5.89972e-07 1.84823e-08 4.04273e-10 6.09958e-12 6.19015e-14 4.13507e-16
 1.63797e-07 5.23725e-06 9.87414e-05 0.00109785 0.00720231 0.0279528 0.0649937 0.0958256 0.109244 0.130793 0.158691 0.158874 0.126066 0.0765529 0.0322711 0.0087111 0.00145691 0.000151309 1.00088e-05 4.38112e-07 1.31134e-08 2.70528e-10 3.78608e-12 3.5194e-14 2.14209e-16
 2.66836e-07 8.07554e-06 0.000144111 0.00151657 0.00941603 0.0345696 0.0758599 0.104513 0.108448 0.118267 0.141463 0.151063 0.129793 0.0812867 0.0335416 0.00861487 0.00135464 0.000131599 8.12053e-06 3.31166e-07 9.24296e-09 1.78373e-10 2.34377e-12 2.04886e-14 1.17055e-16
 4.06383e-07 1.16417e-05 0.000196653 0.00195904 0.0115165 0.0400723 0.0837177 0.111857 0.118116 0.133054 0.151778 0.14498 0.110109 0.0622441 0.0237255 0.00571981 0.000855883 8.04363e-05 4.89585e-06 1.99876e-07 5.57832e-09 1.05699e-10 1.33175e-12 1.096e-14 5.8346e-17
 4.52785e-07 1.22792e-05 0.000196364 0.0018521 0.0103146 0.0340922 0.068489 0.0923051 0.109195 0.140608 0.167464 0.160418 0.120168 0.0653832 0.0234732 0.00524765 0.000716965 6.02611e-05 3.19708e-06 1.11513e-07 2.66672e-09 4.46125e-11 5.16336e-13 4.0233e-15 2.05696e-17
 5.82549e-07 1.49574e-05 0.000226465 0.00202249 0.010668 0.0334423 0.064104 0.0842851 0.101543 0.135267 0.167449 0.169213 0.131055 0.0705585 0.0242944 0.00513846 0.000661765 5.24677e-05 2.62908e-06 8.6326e-08 1.91758e-09 2.91197e-11 2.98669e-13 2.03029e-15 9.02784e-18
 9.27195e-07 2.25423e-05 0.000323181 0.00273305 0.0136525 0.0405517 0.0737974 0.0927086 0.107747 0.138493 0.165246 0.160861 0.119029 0.0606678 0.0197045 0.0039395 0.000483057 3.69314e-05 1.81491e-06 5.93063e-08 1.31444e-09 1.96694e-11 1.94851e-13 1.25431e-15 5.19063e-18
#pred catch len freq
 9.23083e-12 1.00192e-09 6.41226e-08 2.41979e-06 5.38439e-05 0.000706488 0.00546738 0.0249832 0.0677937 0.112352 0.128187 0.136097 0.154688 0.144302 0.0965405 0.0526368 0.0286262 0.0163476 0.00984262 0.00641225 0.00459385 0.00365396 0.00305882 0.00231495 0.0013387
 6.72455e-12 7.29886e-10 4.67126e-08 1.76279e-06 3.92249e-05 0.000514688 0.00398368 0.0182176 0.0496294 0.0838138 0.102813 0.126098 0.159833 0.159761 0.119758 0.0779224 0.0468846 0.0246571 0.0118572 0.00585947 0.0032098 0.00203698 0.00146991 0.00104295 0.000596635
 9.87784e-12 1.07214e-09 6.86171e-08 2.5894e-06 5.76177e-05 0.000755992 0.00584998 0.0267198 0.0723457 0.118611 0.129474 0.124172 0.131183 0.125422 0.0966558 0.067925 0.0458538 0.0278393 0.0147756 0.00682499 0.0028932 0.00129753 0.000697023 0.000419829 0.000225391
 7.79465e-12 8.46035e-10 5.41461e-08 2.04331e-06 4.54668e-05 0.000596582 0.00461725 0.0211081 0.0574095 0.0961972 0.114585 0.132914 0.161303 0.154819 0.107063 0.0625541 0.0375623 0.0232565 0.0137091 0.00715219 0.00316051 0.00120887 0.000453702 0.000194515 8.74886e-05
 1.236e-11 1.34155e-09 8.58593e-08 3.24006e-06 7.20957e-05 0.000945938 0.00731918 0.0334154 0.0902706 0.146355 0.152147 0.127409 0.116518 0.105974 0.0818548 0.0576391 0.0373848 0.0212113 0.0112013 0.00581177 0.00278482 0.0011352 0.000387603 0.000121158 3.89058e-05
 1.33567e-11 1.44974e-09 9.27835e-08 3.50136e-06 7.79099e-05 0.00102223 0.00790956 0.0361132 0.0975916 0.158489 0.165963 0.141684 0.130444 0.111469 0.0709334 0.0363026 0.019126 0.0111255 0.006286 0.00316408 0.00142928 0.000585159 0.000206156 5.99505e-05 1.49173e-05
 1.3282e-11 1.44164e-09 9.22647e-08 3.48179e-06 7.74743e-05 0.00101652 0.00786548 0.0359145 0.0970899 0.157959 0.166734 0.145651 0.137455 0.117806 0.0729766 0.0339908 0.0144205 0.00616444 0.00270749 0.0012591 0.000571841 0.00022997 7.9181e-05 2.27424e-05 5.26705e-06
 1.2896e-11 1.39974e-09 8.95832e-08 3.38059e-06 7.52227e-05 0.000986974 0.00763696 0.0348727 0.0942955 0.153589 0.16295 0.144456 0.138794 0.120624 0.0765836 0.0375584 0.0167552 0.00692539 0.00254205 0.000879748 0.000310274 0.000111415 3.7167e-05 1.04638e-05 2.35329e-06
 1.33575e-11 1.44983e-09 9.27891e-08 3.50158e-06 7.79147e-05 0.00102229 0.00791015 0.0361177 0.0976292 0.158754 0.167194 0.145121 0.136079 0.11671 0.0730987 0.0349945 0.0153087 0.00641264 0.00242416 0.000812845 0.00024114 6.56257e-05 1.73684e-05 4.36202e-06 9.37693e-07
 1.35313e-11 1.46869e-09 9.39958e-08 3.54711e-06 7.89279e-05 0.00103559 0.00801297 0.0365864 0.0988851 0.160708 0.168837 0.1455 0.135275 0.115457 0.0719071 0.0339874 0.0145512 0.00594647 0.00220311 0.000736525 0.000218453 5.56706e-05 1.21817e-05 2.37153e-06 4.1916e-07
 1.40576e-11 1.52581e-09 9.76518e-08 3.68508e-06 8.19978e-05 0.00107586 0.00832449 0.0380059 0.102682 0.166562 0.17351 0.145805 0.131516 0.11065 0.0683498 0.0318736 0.0133784 0.0053605 0.00194371 0.000633884 0.000184128 4.62686e-05 9.7939e-06 1.71045e-06 2.46997e-07
 1.4902e-11 1.61747e-09 1.03518e-07 3.90643e-06 8.69232e-05 0.00114048 0.00882431 0.040284 0.108784 0.176029 0.181356 0.147254 0.126947 0.10391 0.0622383 0.0271313 0.010291 0.00381488 0.00132729 0.000421132 0.000119297 2.9234e-05 6.04366e-06 1.02432e-06 1.38351e-07
 1.46993e-11 1.59546e-09 1.0211e-07 3.8533e-06 8.57409e-05 0.00112497 0.00870437 0.0397381 0.107331 0.173854 0.179936 0.148186 0.13002 0.106933 0.0633841 0.0266715 0.00943083 0.00319766 0.00100796 0.0002905 7.68927e-05 1.80822e-05 3.62725e-06 5.98149e-07 7.8373e-08
 1.45454e-11 1.57877e-09 1.01041e-07 3.81297e-06 8.48435e-05 0.0011132 0.00861332 0.0393233 0.106223 0.172159 0.178647 0.148311 0.131457 0.108606 0.0644389 0.027089 0.00951336 0.00315126 0.000942296 0.000249103 5.93407e-05 1.25996e-05 2.33408e-06 3.65166e-07 4.61453e-08
 1.5693e-11 1.70333e-09 1.09013e-07 4.1138e-06 9.15373e-05 0.00120102 0.00929254 0.0424178 0.114494 0.184852 0.18849 0.148018 0.121773 0.0970462 0.0568672 0.0236188 0.00814047 0.00265093 0.00078287 0.000202569 4.60241e-05 9.01254e-06 1.50397e-06 2.12048e-07 2.46499e-08
 1.56647e-11 1.70026e-09 1.08816e-07 4.10638e-06 9.13723e-05 0.00119885 0.00927583 0.0423422 0.1143 0.184617 0.188617 0.149041 0.123563 0.0983666 0.0566377 0.0222876 0.00690427 0.0020158 0.000559683 0.000140363 3.1214e-05 5.95293e-06 9.46807e-07 1.23464e-07 1.29936e-08
 1.62705e-11 1.76601e-09 1.13024e-07 4.26519e-06 9.49059e-05 0.00124521 0.00963438 0.0439757 0.118666 0.191314 0.193795 0.148838 0.118383 0.0922384 0.0527064 0.0205627 0.00623354 0.00173823 0.000445967 0.000100554 2.03315e-05 3.65765e-06 5.618e-07 7.08134e-08 7.08591e-09
 1.70118e-11 1.84647e-09 1.18174e-07 4.45951e-06 9.92296e-05 0.00130194 0.0100731 0.0459746 0.124008 0.199515 0.200163 0.148673 0.112164 0.0847913 0.0477947 0.0182766 0.00531522 0.00140764 0.000346905 7.49163e-05 1.41406e-05 2.31188e-06 3.21584e-07 3.75644e-08 3.57326e-09
 1.70879e-11 1.85473e-09 1.18702e-07 4.47946e-06 9.96737e-05 0.00130776 0.0101182 0.0461801 0.124561 0.200387 0.200958 0.149046 0.11212 0.0844202 0.0471225 0.0174905 0.00473317 0.00113178 0.000256688 5.20692e-05 9.29767e-06 1.44048e-06 1.87394e-07 2.00486e-08 1.73398e-09
 1.72144e-11 1.86846e-09 1.19581e-07 4.51261e-06 0.000100411 0.00131744 0.010193 0.0465211 0.125472 0.201782 0.202028 0.148973 0.110991 0.0831105 0.0463177 0.0171768 0.00463199 0.00109094 0.000237369 4.45837e-05 7.2256e-06 1.02671e-06 1.24583e-07 1.25085e-08 1.00931e-09
 1.80588e-11 1.96011e-09 1.25447e-07 4.73397e-06 0.000105337 0.00138206 0.0106928 0.048798 0.131556 0.211109 0.209207 0.148581 0.103595 0.0744163 0.0407996 0.0148505 0.00383965 0.000848903 0.000176129 3.22166e-05 5.05509e-06 6.77146e-07 7.54499e-08 6.90405e-09 5.12781e-10
 1.93205e-11 2.09706e-09 1.34211e-07 5.06472e-06 0.000112696 0.00147861 0.0114396 0.0522 0.140647 0.225043 0.219932 0.14799 0.092536 0.0614208 0.0325591 0.0113846 0.00266257 0.000488823 8.43505e-05 1.37343e-05 1.99821e-06 2.54182e-07 2.7189e-08 2.36289e-09 1.63157e-10
 1.96141e-11 2.12892e-09 1.3625e-07 5.14167e-06 0.000114408 0.00150107 0.0116133 0.0529915 0.142761 0.228284 0.22242 0.147834 0.0899352 0.0583804 0.0306533 0.0106073 0.00241142 0.0004133 6.38045e-05 8.98618e-06 1.08873e-06 1.15854e-07 1.09182e-08 8.75832e-10 5.71653e-11
 1.92542e-11 2.08985e-09 1.3375e-07 5.04732e-06 0.000112309 0.00147353 0.0114003 0.0520212 0.14017 0.224325 0.219435 0.148205 0.0933983 0.0622882 0.0329087 0.0113022 0.00249425 0.000397518 5.52871e-05 7.09896e-06 7.82878e-07 7.32577e-08 5.84768e-09 3.90651e-10 2.16645e-11
 1.94613e-11 2.11234e-09 1.35189e-07 5.10163e-06 0.000113517 0.00148939 0.0115229 0.0525797 0.141662 0.226603 0.22115 0.147982 0.0913907 0.0600303 0.0316166 0.0109175 0.00245824 0.00041056 6.03338e-05 7.82628e-06 8.19928e-07 6.9855e-08 5.00923e-09 2.97192e-10 1.42308e-11
 1.96889e-11 2.13704e-09 1.3677e-07 5.16129e-06 0.000114845 0.0015068 0.0116576 0.0531934 0.143301 0.229116 0.22308 0.147862 0.0893757 0.0576719 0.0301334 0.0103085 0.00226235 0.000355782 4.84085e-05 6.06477e-06 6.46727e-07 5.70307e-08 4.10722e-09 2.32399e-10 1.01787e-11
 1.95534e-11 2.12234e-09 1.35829e-07 5.12577e-06 0.000114055 0.00149644 0.0115774 0.0528281 0.142326 0.227627 0.221964 0.148025 0.0907141 0.0591653 0.0309713 0.0105366 0.00226511 0.000336949 4.17286e-05 4.76928e-06 4.70731e-07 3.8781e-08 2.69281e-09 1.52757e-10 6.79031e-12
 1.94993e-11 2.11646e-09 1.35453e-07 5.11158e-06 0.000113739 0.00149229 0.0115454 0.0526821 0.141936 0.22703 0.221509 0.148065 0.0912109 0.0597377 0.0313187 0.0106649 0.00229741 0.000343316 4.26393e-05 4.80268e-06 4.52083e-07 3.4319e-08 2.16862e-09 1.1321e-10 4.72796e-12
#obs catch len freq
 3.36525e-11 3.1188e-09 1.70429e-07 5.49147e-06 0.000104334 0.00116887 0.00772348 0.0301344 0.0698522 0.0992981 0.0996859 0.100626 0.118779 0.130996 0.126182 0.10289 0.0649657 0.0310544 0.0117731 0.00365201 0.000909136 0.000173542 2.41348e-05 2.33262e-06 1.50881e-07
 4.35531e-11 3.89302e-09 2.05183e-07 6.37652e-06 0.000116847 0.00126262 0.00804783 0.0303081 0.0680337 0.0951626 0.0995202 0.111133 0.134822 0.139795 0.122502 0.0926903 0.0563655 0.0265608 0.00990767 0.00294743 0.000682319 0.000118792 1.5001e-05 1.32311e-06 7.8687e-08
 2.50272e-11 2.15392e-09 1.09304e-07 3.27064e-06 5.77076e-05 0.000600505 0.0036889 0.0134451 0.0298424 0.0453993 0.0653245 0.106526 0.153183 0.17415 0.165384 0.127046 0.0721805 0.0300541 0.00980863 0.00263487 0.000567064 9.19745e-05 1.06838e-05 8.571e-07 4.617e-08
 1.92102e-18 8.44447e-16 2.18878e-13 3.3452e-11 3.01469e-09 1.60212e-07 5.02197e-06 9.2915e-05 0.00101694 0.00663019 0.0262976 0.0671922 0.124253 0.186637 0.222803 0.190224 0.110888 0.0456152 0.0141426 0.00344197 0.000654823 9.45245e-05 9.93425e-06 7.27422e-07 3.57547e-08
 1.46319e-10 1.16184e-08 5.43974e-07 1.50176e-05 0.000244466 0.00234686 0.0132943 0.0445798 0.0899691 0.118228 0.131176 0.161204 0.178066 0.136789 0.0724082 0.0311518 0.0130632 0.00520878 0.0017272 0.000435804 8.03704e-05 1.06478e-05 9.98664e-07 6.49349e-08 2.85301e-09
 2.85889e-10 2.17569e-08 9.763e-07 2.5832e-05 0.000403017 0.00370767 0.0201185 0.0644717 0.122847 0.144079 0.121012 0.105184 0.110222 0.111702 0.0965554 0.0630768 0.0275068 0.00756351 0.00133384 0.000168663 1.86552e-05 1.93957e-06 1.63398e-07 9.7208e-09 3.85725e-10
 4.64901e-10 3.3863e-08 1.45438e-06 3.68313e-05 0.000549982 0.00484281 0.0251531 0.0771792 0.141036 0.159836 0.132939 0.115712 0.112347 0.0964123 0.0695168 0.0406953 0.0174215 0.00512132 0.0010362 0.000147297 1.47719e-05 1.04754e-06 5.43943e-08 2.17994e-09 6.73359e-11
 6.08369e-10 4.23587e-08 1.73903e-06 4.20976e-05 0.000600903 0.00505805 0.0251178 0.073755 0.129581 0.144308 0.12652 0.122873 0.124766 0.106969 0.075865 0.0424665 0.016784 0.00440478 0.000778599 9.83671e-05 9.327e-06 6.5805e-07 3.2945e-08 1.12381e-09 2.57112e-11
 9.15479e-10 6.08577e-08 2.38545e-06 5.51332e-05 0.000751367 0.00603844 0.0286305 0.0802776 0.134754 0.143745 0.121775 0.116088 0.118443 0.105563 0.0781698 0.0439605 0.0168096 0.00417041 0.00068227 7.75391e-05 6.43494e-06 3.9504e-07 1.75795e-08 5.50722e-10 1.17985e-11
 1.28791e-09 8.16505e-08 3.05223e-06 6.72769e-05 0.000874406 0.00670211 0.0303132 0.081166 0.1308 0.137144 0.121513 0.12335 0.125333 0.107289 0.075689 0.0405954 0.0149084 0.00359867 0.000582214 6.59679e-05 5.37674e-06 3.1269e-07 1.26802e-08 3.52449e-10 6.63838e-12
 1.90583e-09 1.15108e-07 4.09933e-06 8.60814e-05 0.00106588 0.00778333 0.033542 0.0856163 0.131855 0.13355 0.117493 0.120402 0.124017 0.109175 0.0779046 0.0403973 0.0137331 0.00293752 0.000399621 3.63302e-05 2.36769e-06 1.15935e-07 4.21857e-09 1.08912e-10 1.90999e-12
 3.17907e-09 1.82744e-07 6.19403e-06 0.000123792 0.00145886 0.010139 0.0415853 0.101021 0.14802 0.142411 0.118524 0.115113 0.113593 0.0964123 0.0660319 0.0326078 0.010518 0.00213414 0.000275068 2.34375e-05 1.38708e-06 5.87025e-08 1.77014e-09 3.7383e-11 5.45479e-13
 4.30399e-09 2.35256e-07 7.58226e-06 0.000144094 0.00161475 0.0106725 0.0416485 0.0965002 0.136488 0.133007 0.122835 0.129272 0.125006 0.0995534 0.0634413 0.0291916 0.00876603 0.00164423 0.000193043 1.46712e-05 7.60599e-07 2.8119e-08 7.47288e-10 1.39478e-11 1.77753e-13
 6.08294e-09 3.15895e-07 9.67299e-06 0.000174651 0.00185949 0.0116773 0.0433099 0.0955037 0.129393 0.123834 0.117318 0.127663 0.128568 0.107949 0.07036 0.0316277 0.00900317 0.00157011 0.000167845 1.12668e-05 4.96642e-07 1.51655e-08 3.31859e-10 5.18401e-12 5.63438e-14
 9.28768e-09 4.57892e-07 1.33109e-05 0.000228163 0.00230622 0.0137502 0.0484321 0.101567 0.131712 0.123433 0.118005 0.127984 0.126534 0.103763 0.0652414 0.0280049 0.00760669 0.00127672 0.000133794 9.04555e-06 4.11361e-07 1.29269e-08 2.79476e-10 4.06154e-12 3.89436e-14
 1.41527e-08 6.61947e-07 1.82556e-05 0.000296867 0.00284678 0.0161038 0.053837 0.10735 0.133445 0.123169 0.119451 0.128946 0.124651 0.0991188 0.059543 0.0240839 0.00610031 0.000943656 8.95374e-05 5.34855e-06 2.10365e-07 5.72705e-09 1.10859e-10 1.50913e-12 1.40095e-14
 2.00203e-08 8.87813e-07 2.32145e-05 0.000357928 0.00325441 0.0174583 0.0553931 0.105237 0.126826 0.119655 0.123542 0.135483 0.128645 0.0992311 0.0570129 0.0218319 0.00521544 0.000761104 6.83064e-05 3.87194e-06 1.4446e-07 3.6915e-09 6.55961e-11 7.99529e-13 6.5371e-15
 3.37635e-08 1.41887e-06 3.51582e-05 0.000513698 0.00442615 0.0225 0.0676375 0.121631 0.138146 0.121387 0.116949 0.124289 0.118048 0.0907426 0.0505774 0.0183866 0.0041214 0.000559791 4.6303e-05 2.3845e-06 7.94364e-08 1.79208e-09 2.82267e-11 3.09759e-13 2.3128e-15
 4.70102e-08 1.87134e-06 4.3924e-05 0.000607931 0.00496217 0.0239038 0.0682003 0.117272 0.131454 0.123573 0.130059 0.136051 0.119059 0.0834722 0.0430291 0.014705 0.00315015 0.000418493 3.51015e-05 1.92361e-06 7.11623e-08 1.79392e-09 3.02819e-11 3.33668e-13 2.36183e-15
 7.03734e-08 2.65273e-06 5.89612e-05 0.00077276 0.00597306 0.0272499 0.0736624 0.120245 0.128996 0.118576 0.124638 0.132578 0.120237 0.085986 0.0435187 0.0142265 0.00288693 0.000363325 2.90646e-05 1.53847e-06 5.59146e-08 1.41056e-09 2.42698e-11 2.77382e-13 2.06301e-15
 1.02193e-07 3.64695e-06 7.67409e-05 0.000952216 0.00696861 0.0301102 0.0772079 0.120405 0.126872 0.120973 0.131115 0.136189 0.117759 0.079538 0.0377983 0.0115639 0.00219075 0.000256606 1.90229e-05 9.29084e-07 3.11319e-08 7.28225e-10 1.17446e-11 1.27411e-13 9.10722e-16
 1.62948e-07 5.50446e-06 0.000109641 0.00128778 0.00892108 0.03649 0.088594 0.130933 0.13116 0.119824 0.125894 0.128775 0.110433 0.0728625 0.0331567 0.0096187 0.00172734 0.000192978 1.37872e-05 6.55097e-07 2.1357e-08 4.79928e-10 7.3012e-12 7.36214e-14 4.85425e-16
 2.6212e-07 8.38099e-06 0.000158009 0.00175665 0.0115189 0.0446047 0.102594 0.144067 0.138538 0.123304 0.124797 0.120282 0.0962239 0.0590945 0.0250407 0.00676074 0.00112675 0.000116152 7.5942e-06 3.27865e-07 9.71795e-09 2.00729e-10 2.84981e-12 2.71238e-14 1.69487e-16
 3.04113e-07 9.20369e-06 0.000164243 0.00172843 0.0107316 0.0394009 0.0864758 0.119182 0.12339 0.131545 0.147025 0.140041 0.106672 0.0617407 0.0245763 0.0062351 0.000979308 9.5645e-05 5.96438e-06 2.46658e-07 6.97549e-09 1.3564e-10 1.78351e-12 1.55346e-14 8.84169e-17
 4.96253e-07 1.42162e-05 0.000240137 0.00239204 0.0140566 0.0488219 0.101132 0.130224 0.122378 0.11762 0.128935 0.13103 0.107603 0.0638354 0.0247793 0.00597165 0.000881127 8.04538e-05 4.678e-06 1.80165e-07 4.74972e-09 8.63807e-11 1.06609e-12 8.72822e-15 4.65983e-17
 7.59103e-07 2.05861e-05 0.000329191 0.00310434 0.0172727 0.0568451 0.111945 0.138944 0.130838 0.128458 0.133921 0.12145 0.0881757 0.0472856 0.0169753 0.00384351 0.000540256 4.77837e-05 2.74333e-06 1.05746e-07 2.78265e-09 4.95661e-11 5.85384e-13 4.50618e-15 2.24012e-17
 8.86157e-07 2.27526e-05 0.000344478 0.00307595 0.0162129 0.0506496 0.0955737 0.118055 0.121726 0.136826 0.150558 0.137277 0.098084 0.0504875 0.0170392 0.00357221 0.000457665 3.61223e-05 1.80391e-06 5.93702e-08 1.34079e-09 2.1143e-11 2.2985e-13 1.67653e-15 8.00201e-18
 1.17377e-06 2.85369e-05 0.000409113 0.00345929 0.0172696 0.0511458 0.0918639 0.109733 0.11365 0.131951 0.151563 0.145766 0.107225 0.0544135 0.0175822 0.00348534 0.000420864 3.13326e-05 1.47729e-06 4.57183e-08 9.57149e-10 1.36713e-11 1.31517e-13 8.36505e-16 3.47376e-18
#spawning biomass
 21895.3 27543.4 22895.7 23991.3 36039.4 53059 64452.9 90592.1 107236 136098 170547 189144 211461 218791 221463 216420 210192 219990 222882 227606 220200 210608 246358 249168 263894 257036 222534 208256 265926 481096 474118 407123 323447 246984 186483 142460 112118 91972.7 78948.7 70691.7 65532.4 62343.8 60381.7 59170.2 58449 58019.7 57764.1 57611.9 57521.3 57467.4 57435.3 57416.2 57404.8 57398 57394 57391.6 57390.2 57389.3 57388.8 57388.5 57388.3 57388.2 57388.1 57388.1 57388.1 57388.1 57388.1 57388.1 57388.1 57388.1 57388.1 57388.1 57388.1 57388.1 57388.1 57388.1 57388.1 57388.1 57388.1 57388.1 57388.1 57388.1 57388.1 57388.1 57388.1 57388.1 57388.1 57388.1 57388.1 57388.1 57388.1 57388.1 57388.1 57388.1 57388.1 57388.1 57388.1 57388.1 57388.1 57388.1 57388.1 57388.1 57388.1 57388.1 57388.1 57388.1 57388.1 57388.1 57388.1 57388.1 57388.1 57388.1 57388.1 57388.1 57388.1 57388.1 57388.1 57388.1 57388.1 57388.1 57388.1 57388.1 57388.1 57388.1 57388.1 57388.1 57388.1 57388.1 0 0 0 0 0 0 0 0 0 0 0 0 0 0 0 0 0 0 0 0 0 0 0 0 0
