SBPRF35
0.431313
Curr Bio
125996
B35
403459
F35
0.326299
FOFL
0.159843
OFL
21660.6
Bzero
123232
#pred survey bio
 10819.2 9078.37 7484.73 7497.14 10764.4 16242.5 22528.3 29889.8 39007.8 50030.3 63341.6 68405 90134.5 103956 119204 115256 106212 112862 98685.4 101992 108730 106893 119566 111531 124768 128373 104679 117394 124115 7.2131e+06 6.80416e+06 6.18084e+06 4.99556e+06 3.82474e+06 2.89391e+06 2.23079e+06 1.78698e+06 1.50035e+06 1.31857e+06 1.20389e+06 1.13126e+06 1.08473e+06 1.05444e+06 1.03417e+06 1.02018e+06 1.01073e+06 1.00421e+06 999646 996401 994071 992382 991152 990250 989588 989099 988739 988472 988275 988128 988020 987940 987880 987836 987803 987779 987761 987747 987737 987730 987724 987720 987717 987715 987713 987712 987711 987711 987710 987710 987709 987709 987709 987709 987709 987709 987709 987709 987709 987709 987709 987709 987709 987709 987709 987709 987709 987709 987709 987709 987709 987709 987709 987709 987709 987709 987709 987709 987709 987709 987709 987709 987709 987709 987709 987709 987709 987709 987709 987709 987709 987709 987709 987709 987709 987709 987709 987709 987709 987709 0 0 0 0 0 0 0 0 0 0 0 0 0 0 0 0 0 0 0 0 0 0 0 0 0
#obs survey bio
 10878 6215.57 5294.93 9256.42 15900.3 16151.5 20492.9 26823.4 33388.4 67595.3 51502.2 95513.7 77375.4 86592.1 102419 149682 95820.7 110944 88151.7 98664.5 102618 98848.3 128095 128518 124679 118201 97604 95549.6 118644
#pred catch bio
 4641.9 3695.18 3103.96 2290.01 3626.22 7551.87 11868 16490.1 23345.9 30660.9 45060.9 45691.7 66105.7 73635.1 91023 91948.8 81252.6 97150.1 83857.3 86815.1 96858.3 93869 114381 104370 120540 132259 103048 124467 90441.4 21660.6 77377 68751 54019.9 39993 29179 21734.8 16958.7 14035.9 12305.6 11305.7 10738 10420 10243.6 10146.2 10092.4 10063.6 10048.2 10039.9 10035.5 10033.1 10031.9 10031.2 10030.8 10030.6 10030.5 10030.5 10030.4 10030.4 10030.4 10030.4 10030.4 10030.4 10030.4 10030.4 10030.4 10030.4 10030.4 10030.4 10030.4 10030.4 10030.4 10030.4 10030.4 10030.4 10030.4 10030.4 10030.4 10030.4 10030.4 10030.4 10030.4 10030.4 10030.4 10030.4 10030.4 10030.4 10030.4 10030.4 10030.4 10030.4 10030.4 10030.4 10030.4 10030.4 10030.4 10030.4 10030.4 10030.4 10030.4 10030.4 10030.4 10030.4 10030.4 10030.4 10030.4 10030.4 10030.4 10030.4 10030.4 10030.4 10030.4 10030.4 10030.4 10030.4 10030.4 10030.4 10030.4 10030.4 10030.4 10030.4 10030.4 10030.4 10030.4 10030.4 10030.4 10030.4 10030.4 10030.4 10030.4 0 0 0 0 0 0 0 0 0 0 0 0 0 0 0 0 0 0 0 0 0 0 0 0 0
#obs catch bio
 4415.48 4054.93 3719.48 2372.64 3552.07 7284.35 11905.3 16497.9 24044.5 28581.7 43103.3 42211.6 65684.6 69309.5 94958.9 84770.8 76925.6 101368 85071.3 83233.4 88416.6 87478.3 103963 87948.2 113310 122808 95482.2 125751 85274.9
#pred cpue bio
 10111.5 8733.63 6977.27 6670.32 9419.5 14044.1 19049.1 25378.1 32734.5 41453.4 52903.8 55779.7 72561.5 84501.1 98175.1 94969.6 86125.3 91350.7 77972.9 79220.2 84907.4 81989.6 90753.5 83453.7 91731.8 95308.5 76331 84145.6 84752.8 5.83252e+06 6.76299e+06 6.14006e+06 4.95478e+06 3.78396e+06 2.85313e+06 2.19001e+06 1.74619e+06 1.45957e+06 1.27778e+06 1.16311e+06 1.09048e+06 1.04395e+06 1.01366e+06 993390 979396 969944 963429 958863 955619 953288 951600 950369 949467 948805 948316 947956 947689 947492 947345 947237 947157 947097 947053 947020 946996 946978 946964 946954 946947 946941 946937 946934 946932 946930 946929 946928 946928 946927 946927 946927 946926 946926 946926 946926 946926 946926 946926 946926 946926 946926 946926 946926 946926 946926 946926 946926 946926 946926 946926 946926 946926 946926 946926 946926 946926 946926 946926 946926 946926 946926 946926 946926 946926 946926 946926 946926 946926 946926 946926 946926 946926 946926 946926 946926 946926 946926 946926 946926 946926 0 0 0 0 0 0 0 0 0 0 0 0 0 0 0 0 0 0 0 0 0 0 0 0 0
#obs cpue bio
 12234.8 3906.94 6429.44 4743.94 11215.8 19776.2 16857.6 27951.2 32930.7 50587.5 73162.4 56537.5 75407.5 129597 86912.1 127812 100720 79096.7 82164.6 101199 137368 110273 135608 144608 105166 147359 103070 102645 107993
#pred surv len freq
 8.06464e-12 8.75724e-10 5.60647e-08 2.11616e-06 4.70927e-05 0.000617905 0.00478142 0.021847 0.0593089 0.0986165 0.114169 0.125335 0.147313 0.143257 0.105694 0.0686534 0.043558 0.026295 0.015443 0.00923078 0.00579985 0.00396927 0.00291622 0.00202681 0.00111808
 5.4634e-12 5.9326e-10 3.79811e-08 1.4336e-06 3.19032e-05 0.000418615 0.00323977 0.014814 0.0403676 0.0683388 0.0847072 0.106183 0.138421 0.146702 0.125835 0.0994994 0.0717334 0.0449419 0.0254574 0.0135993 0.00713319 0.00393021 0.00238232 0.00147864 0.000783253
 9.45822e-12 1.02705e-09 6.57527e-08 2.48184e-06 5.52298e-05 0.000724645 0.0056063 0.0255904 0.0691204 0.112118 0.117018 0.0996453 0.0951857 0.0958066 0.09134 0.0851328 0.0730634 0.055073 0.0360351 0.0201875 0.00992533 0.00457964 0.00217239 0.00109705 0.000519904
 1.2464e-11 1.35344e-09 8.66488e-08 3.27056e-06 7.27817e-05 0.000954932 0.00738779 0.0337189 0.0910313 0.147297 0.151975 0.124304 0.109432 0.0948747 0.0678806 0.0464002 0.0366824 0.0311984 0.0245504 0.0164161 0.00905387 0.00415642 0.00168717 0.000665235 0.000257148
 1.28026e-11 1.39021e-09 8.90027e-08 3.35941e-06 7.47589e-05 0.000980876 0.00758859 0.0346373 0.0935373 0.151566 0.157383 0.13131 0.118578 0.103877 0.0733664 0.0458039 0.0286016 0.0184282 0.0130591 0.0096128 0.0062709 0.00330334 0.00138502 0.000483347 0.000149935
 1.31552e-11 1.42849e-09 9.14535e-08 3.45191e-06 7.68175e-05 0.00100788 0.00779751 0.0355901 0.0960985 0.155622 0.161154 0.13334 0.119192 0.104074 0.0736918 0.046152 0.0282653 0.0164232 0.00925251 0.00546565 0.0034147 0.00199089 0.000943816 0.000344553 9.81706e-05
 1.39693e-11 1.5169e-09 9.71131e-08 3.66554e-06 8.15713e-05 0.00107026 0.00827995 0.03779 0.10201 0.164963 0.169735 0.137577 0.119322 0.101345 0.0685034 0.0397635 0.0228791 0.0128981 0.00690292 0.00352057 0.0017735 0.000912353 0.000441937 0.00017493 5.19416e-05
 1.34932e-11 1.4652e-09 9.38037e-08 3.54062e-06 7.87916e-05 0.00103379 0.007998 0.0365072 0.098603 0.159904 0.166637 0.14043 0.127666 0.109643 0.0720378 0.0389388 0.0204116 0.0105214 0.00520829 0.00247944 0.00111722 0.000480323 0.000200453 7.64969e-05 2.35291e-05
 1.40237e-11 1.5228e-09 9.74912e-08 3.6798e-06 8.18889e-05 0.00107442 0.00831225 0.0379386 0.102428 0.165772 0.171191 0.140328 0.123336 0.104736 0.0693459 0.0381322 0.0199636 0.0098056 0.00443168 0.00190072 0.000774349 0.000295645 0.000105195 3.46084e-05 9.92915e-06
 1.44683e-11 1.57108e-09 1.00582e-07 3.79648e-06 8.44852e-05 0.00110849 0.00857573 0.0391399 0.105654 0.170856 0.175792 0.142393 0.122946 0.102625 0.0658276 0.0340944 0.016863 0.00811491 0.00362387 0.00148277 0.00055059 0.000186565 5.78769e-05 1.62655e-05 4.03466e-06
 1.40188e-11 1.52228e-09 9.74577e-08 3.67854e-06 8.18608e-05 0.00107406 0.00830948 0.0379277 0.102422 0.16595 0.172251 0.143375 0.128105 0.108246 0.0688812 0.0346656 0.016338 0.00740845 0.00311412 0.00122052 0.000437134 0.000138779 3.85789e-05 9.38257e-06 1.98144e-06
 1.49518e-11 1.62359e-09 1.03944e-07 3.92336e-06 8.73089e-05 0.00114553 0.00886228 0.0404466 0.109165 0.176404 0.180886 0.144898 0.122976 0.100852 0.0624093 0.0297786 0.0130747 0.00558803 0.00222156 0.000816813 0.000274436 8.23888e-05 2.15382e-05 4.77139e-06 8.81109e-07
 1.54412e-11 1.67673e-09 1.07346e-07 4.05177e-06 9.01663e-05 0.00118302 0.0091522 0.0417673 0.112696 0.181839 0.185193 0.145085 0.119358 0.0963762 0.0593141 0.0281051 0.0121107 0.00497038 0.0018528 0.00063303 0.000198145 5.54186e-05 1.35127e-05 2.78998e-06 4.72523e-07
 1.4933e-11 1.62155e-09 1.03813e-07 3.91842e-06 8.71989e-05 0.00114409 0.00885118 0.0403971 0.109048 0.176345 0.181437 0.146869 0.126173 0.103218 0.0620893 0.027449 0.0106861 0.00407781 0.0014603 0.000477734 0.000140321 3.63087e-05 8.16939e-06 1.55969e-06 2.44392e-07
 1.44307e-11 1.56701e-09 1.00321e-07 3.78663e-06 8.42661e-05 0.00110561 0.00855359 0.0390411 0.105417 0.170715 0.176773 0.146016 0.128927 0.107355 0.0659741 0.0304933 0.0125103 0.0047759 0.0016018 0.000480415 0.000131751 3.21422e-05 6.74739e-06 1.18777e-06 1.71049e-07
 1.43757e-11 1.56103e-09 9.99384e-08 3.77218e-06 8.39445e-05 0.0011014 0.00852099 0.0388929 0.105026 0.170153 0.176524 0.146641 0.13031 0.108475 0.0659781 0.0297209 0.0118411 0.00452489 0.0015646 0.000476567 0.000125892 2.84704e-05 5.52e-06 9.02794e-07 1.20425e-07
 1.50043e-11 1.62929e-09 1.04309e-07 3.93713e-06 8.76154e-05 0.00114956 0.00889344 0.0405897 0.109565 0.177156 0.182151 0.147137 0.126026 0.102869 0.061658 0.0269797 0.0102469 0.00373693 0.00124832 0.00037494 9.99808e-05 2.27407e-05 4.27864e-06 6.55132e-07 8.07064e-08
 1.50818e-11 1.6377e-09 1.04847e-07 3.95745e-06 8.80675e-05 0.00115549 0.00893931 0.0407986 0.110122 0.178004 0.182775 0.14701 0.125219 0.102016 0.0612606 0.0269571 0.010286 0.00371107 0.00119834 0.000343157 8.78223e-05 1.95554e-05 3.66501e-06 5.57444e-07 6.65383e-08
 1.58976e-11 1.72629e-09 1.10519e-07 4.17152e-06 9.28313e-05 0.00121799 0.00942268 0.0430012 0.116019 0.187147 0.190339 0.148373 0.120742 0.095416 0.0552486 0.0223063 0.0073429 0.00234206 0.000719604 0.00020209 5.02877e-05 1.0739e-05 1.9328e-06 2.86485e-07 3.37431e-08
 1.6488e-11 1.7904e-09 1.14623e-07 4.32645e-06 9.62789e-05 0.00126322 0.00977248 0.0445945 0.120276 0.193682 0.195424 0.148287 0.11588 0.0895958 0.0514287 0.0205117 0.00653769 0.00194587 0.000533109 0.000130666 2.9433e-05 5.97476e-06 1.03842e-06 1.48136e-07 1.68125e-08
 1.62786e-11 1.76766e-09 1.13167e-07 4.2715e-06 9.50561e-05 0.00124718 0.00964842 0.0440296 0.11877 0.191392 0.193753 0.148684 0.118168 0.0920536 0.0526761 0.020678 0.00636717 0.00181773 0.000478628 0.000110475 2.24948e-05 4.01902e-06 6.23529e-07 8.2538e-08 8.93231e-09
 1.68684e-11 1.83171e-09 1.17268e-07 4.42627e-06 9.85002e-05 0.00129236 0.00999786 0.0456214 0.123024 0.197927 0.198862 0.148677 0.113418 0.0862673 0.0487239 0.0186832 0.00547234 0.00146609 0.000366511 8.07488e-05 1.56357e-05 2.61896e-06 3.69638e-07 4.34329e-08 4.19444e-09
 1.72056e-11 1.86832e-09 1.19611e-07 4.51473e-06 0.000100469 0.00131819 0.0101976 0.0465311 0.125454 0.20165 0.201727 0.148523 0.110476 0.0828138 0.046538 0.0177616 0.00514637 0.00134939 0.000325374 6.7881e-05 1.23418e-05 1.94975e-06 2.59679e-07 2.84521e-08 2.50639e-09
 1.76019e-11 1.91135e-09 1.22367e-07 4.61872e-06 0.000102783 0.00134855 0.0104324 0.0476008 0.128316 0.206072 0.205308 0.148926 0.107901 0.0793235 0.0436836 0.0158263 0.00403995 0.000883239 0.000187283 3.68239e-05 6.43184e-06 9.67676e-07 1.21322e-07 1.24653e-08 1.02886e-09
 1.81286e-11 1.96855e-09 1.26028e-07 4.75693e-06 0.000105859 0.0013889 0.0107444 0.0490219 0.132111 0.211873 0.209707 0.148471 0.102978 0.0737109 0.0403594 0.014688 0.00379833 0.000835003 0.000168897 2.937e-05 4.37874e-06 5.83065e-07 6.80005e-08 6.61427e-09 5.1514e-10
 1.78233e-11 1.9354e-09 1.23906e-07 4.67683e-06 0.000104076 0.00136551 0.0105636 0.0481984 0.129913 0.208526 0.20723 0.148936 0.106139 0.0771664 0.0421979 0.0150619 0.00368692 0.000739394 0.000139204 2.35541e-05 3.41751e-06 4.21437e-07 4.31737e-08 3.65731e-09 2.56205e-10
 1.83256e-11 1.98994e-09 1.27398e-07 4.80864e-06 0.000107009 0.00140399 0.0108612 0.049554 0.133535 0.214081 0.211531 0.148791 0.10188 0.0720906 0.0388759 0.0135447 0.00309888 0.000539894 8.62137e-05 1.28506e-05 1.68803e-06 1.93823e-07 1.89252e-08 1.50809e-09 9.55541e-11
 1.88066e-11 2.04218e-09 1.30742e-07 4.93486e-06 0.000109818 0.00144084 0.0111461 0.0508517 0.136999 0.21937 0.215509 0.148269 0.0972201 0.0668542 0.0358802 0.012651 0.00301247 0.00056776 9.66229e-05 1.4042e-05 1.642e-06 1.61366e-07 1.37442e-08 9.89878e-10 5.827e-11
 1.99856e-11 2.17019e-09 1.38938e-07 5.2442e-06 0.000116702 0.00153116 0.0118446 0.0540327 0.145495 0.232377 0.225462 0.147545 0.0866396 0.0545572 0.0282558 0.00963942 0.00211303 0.00033312 4.62132e-05 6.14236e-06 7.30905e-07 7.39107e-08 6.06383e-09 3.9082e-10 1.99612e-11
#obs surv len freq
 2.16937e-11 2.09589e-09 1.19382e-07 4.00915e-06 7.93789e-05 0.000926644 0.00637897 0.0259189 0.062471 0.0916934 0.0925928 0.0903994 0.104634 0.115222 0.112771 0.100527 0.0783658 0.0538628 0.0337418 0.0185861 0.00829331 0.00276912 0.00064967 0.000102161 1.04026e-05
 5.16303e-12 4.8112e-10 2.64326e-08 8.56193e-07 1.63519e-05 0.000184183 0.00122536 0.00485386 0.0119283 0.0216156 0.0410448 0.0826821 0.131393 0.156612 0.158086 0.141749 0.107665 0.0696745 0.0399164 0.0199925 0.00819385 0.0025301 0.000548386 7.93214e-05 7.40059e-06
 8.87837e-11 7.96603e-09 4.21395e-07 1.31424e-05 0.000241657 0.00261977 0.0167445 0.0631031 0.140263 0.184226 0.1446 0.0733965 0.0393649 0.0481634 0.0708867 0.077633 0.0623088 0.0399004 0.0216692 0.00993745 0.0036725 0.00102471 0.000202109 2.67219e-05 2.28169e-06
 1.15718e-10 9.98071e-09 5.07527e-07 1.52158e-05 0.000268951 0.00280289 0.017225 0.0624736 0.134329 0.175292 0.154772 0.12602 0.114407 0.0874549 0.048687 0.0262411 0.0195944 0.0151517 0.00919252 0.00419646 0.00144068 0.000363019 6.43134e-05 7.66613e-06 5.93224e-07
 1.29913e-10 1.07546e-08 5.24893e-07 1.51038e-05 0.00025624 0.00256311 0.01512 0.0526682 0.109062 0.138989 0.126848 0.118254 0.125047 0.1168 0.0905869 0.0580268 0.0284213 0.0109272 0.0041062 0.00162004 0.000538128 0.000128481 2.08741e-05 2.24615e-06 1.56388e-07
 2.09629e-10 1.66318e-08 7.77974e-07 2.14551e-05 0.000348848 0.00334427 0.0189064 0.0630972 0.125003 0.151314 0.127599 0.106361 0.105979 0.101767 0.0859312 0.0605205 0.0322617 0.0125837 0.00375453 0.000941657 0.00021502 4.23369e-05 6.2235e-06 6.16144e-07 3.9189e-08
 2.96859e-10 2.25419e-08 1.00918e-06 2.66372e-05 0.000414525 0.00380346 0.0205823 0.065786 0.125165 0.147502 0.127334 0.115276 0.116541 0.103705 0.0789514 0.0519128 0.0274071 0.011129 0.00346879 0.000823138 0.000148107 2.05857e-05 2.2258e-06 1.78941e-07 9.92808e-09
 4.07841e-10 2.96024e-08 1.26678e-06 3.19605e-05 0.000475414 0.0041697 0.0215707 0.0659415 0.120298 0.137591 0.120189 0.115008 0.120166 0.109892 0.0860583 0.0559699 0.0279739 0.0106193 0.00316193 0.000736149 0.000128177 1.60016e-05 1.40327e-06 8.59594e-08 3.65339e-09
 6.47341e-10 4.48579e-08 1.83266e-06 4.41434e-05 0.000626894 0.00524925 0.0259257 0.0756674 0.131804 0.143977 0.120235 0.110544 0.11265 0.102714 0.0807969 0.0519659 0.0252826 0.00923302 0.00260681 0.000570093 9.34838e-05 1.10221e-05 8.99429e-07 4.93134e-08 1.78172e-09
 9.14568e-10 6.04365e-08 2.35462e-06 5.40858e-05 0.000732477 0.00584917 0.0275552 0.0767856 0.128333 0.137603 0.12056 0.120048 0.12245 0.105826 0.0775545 0.046347 0.0209261 0.00707868 0.00185385 0.000377234 5.75687e-05 6.30706e-06 4.77897e-07 2.42888e-08 8.07811e-10
 1.31442e-09 8.2744e-08 3.07098e-06 6.71981e-05 0.000866939 0.00659511 0.0296025 0.078656 0.125828 0.131358 0.117204 0.121219 0.125774 0.110844 0.0813112 0.0458899 0.0183119 0.00516104 0.00109601 0.000185327 2.4626e-05 2.42807e-06 1.68063e-07 7.84356e-09 2.39907e-10
 2.17374e-09 1.30226e-07 4.59966e-06 9.57843e-05 0.00117602 0.00851401 0.0363684 0.0919566 0.139929 0.138669 0.116909 0.114845 0.115581 0.100738 0.0732219 0.0406303 0.0159292 0.00439642 0.000885602 0.000133327 1.49443e-05 1.22712e-06 7.21459e-08 2.94218e-09 8.03877e-11
 3.01554e-09 1.71768e-07 5.76842e-06 0.000114213 0.0013333 0.00917865 0.0372966 0.0898884 0.131689 0.130997 0.120812 0.127918 0.125758 0.102302 0.0690115 0.0359316 0.0133947 0.00355995 0.000696236 0.00010123 1.06947e-05 7.96522e-07 4.08883e-08 1.42278e-09 3.30546e-11
 3.72755e-09 2.01705e-07 6.43502e-06 0.000121039 0.00134237 0.00878019 0.0339201 0.0779782 0.110706 0.113334 0.118014 0.137078 0.140502 0.118873 0.0810558 0.0404847 0.0138643 0.00328769 0.000568843 7.44115e-05 7.25521e-06 5.05642e-07 2.42166e-08 7.74236e-10 1.61892e-11
 5.63672e-09 2.89534e-07 8.76822e-06 0.000156555 0.00164814 0.0102335 0.0375346 0.0819781 0.110919 0.109475 0.112182 0.130473 0.137926 0.122378 0.085181 0.0420254 0.0140379 0.00323484 0.000535979 6.51365e-05 5.73747e-06 3.57724e-07 1.54239e-08 4.49125e-10 8.6229e-12
 9.01467e-09 4.39237e-07 1.26179e-05 0.000213709 0.00213419 0.0125711 0.0437551 0.0908266 0.117623 0.113686 0.116444 0.131969 0.132967 0.112111 0.0746715 0.0357991 0.0118922 0.00278795 0.000472642 5.77011e-05 4.94959e-06 2.91318e-07 1.15599e-08 3.04663e-10 5.25676e-12
 1.19728e-08 5.53039e-07 1.50612e-05 0.00024183 0.00228959 0.012789 0.0422621 0.0837827 0.106409 0.109075 0.124387 0.145037 0.142448 0.114941 0.072065 0.0320274 0.00975748 0.00209819 0.00033217 3.8942e-05 3.27237e-06 1.89282e-07 7.30383e-09 1.83957e-10 2.9782e-12
 1.96878e-08 8.6168e-07 2.2235e-05 0.00033828 0.00303465 0.0160606 0.0502786 0.0943479 0.112992 0.108257 0.116526 0.134196 0.135975 0.113556 0.0714931 0.0312603 0.00935054 0.00197303 0.000302249 3.35467e-05 2.6357e-06 1.42857e-07 5.21573e-09 1.25364e-10 1.94285e-12
 3.09682e-08 1.28372e-06 3.13737e-05 0.000452078 0.00384122 0.0192584 0.0571616 0.10211 0.118412 0.114522 0.124906 0.137268 0.128188 0.0990773 0.0593724 0.0255856 0.00779993 0.00171001 0.000270235 3.01438e-05 2.31268e-06 1.19585e-07 4.09968e-09 9.17789e-11 1.32285e-12
 4.55664e-08 1.78838e-06 4.13826e-05 0.000564587 0.00454226 0.0215676 0.06069 0.103293 0.116475 0.114709 0.128432 0.140068 0.128426 0.0962861 0.0548312 0.0221641 0.00634758 0.00132976 0.000205841 2.2904e-05 1.75969e-06 9.03215e-08 3.02621e-09 6.51102e-11 8.88939e-13
 6.38881e-08 2.37352e-06 5.19888e-05 0.000671413 0.00511362 0.0229938 0.0613824 0.0999273 0.111284 0.114967 0.134174 0.145623 0.13106 0.095225 0.0515832 0.0195626 0.00520868 0.00100916 0.000144749 1.50773e-05 1.10011e-06 5.43319e-08 1.7656e-09 3.69139e-11 4.88139e-13
 1.00536e-07 3.535e-06 7.32824e-05 0.000895725 0.00645685 0.0274829 0.0694851 0.107395 0.114556 0.115202 0.131714 0.141143 0.12646 0.0902224 0.0469367 0.0168689 0.00422709 0.000765241 0.000101653 9.73895e-06 6.52529e-07 2.97042e-08 8.96157e-10 1.75383e-11 2.18701e-13
 1.53555e-07 5.10967e-06 0.000100246 0.00115961 0.00791151 0.0318826 0.0764458 0.112884 0.11805 0.120446 0.136435 0.139521 0.117981 0.0796719 0.0396261 0.0138044 0.00339045 0.000600587 7.6788e-05 6.9332e-06 4.30702e-07 1.80041e-08 4.96677e-10 8.88465e-12 1.01485e-13
 2.15514e-07 6.7868e-06 0.000126009 0.0013795 0.00890841 0.0340006 0.0774321 0.109985 0.115318 0.123505 0.142169 0.142633 0.117218 0.0760703 0.0359979 0.0119144 0.00279548 0.000476504 5.8825e-05 5.11285e-06 3.03087e-07 1.19475e-08 3.07161e-10 5.07207e-12 5.31368e-14
 2.78509e-07 8.30068e-06 0.000145861 0.00151136 0.00923964 0.0334215 0.072506 0.100292 0.109148 0.127178 0.151136 0.151041 0.122067 0.0760072 0.0335906 0.0101745 0.00215903 0.000333166 3.77208e-05 3.0534e-06 1.70312e-07 6.34184e-09 1.5388e-10 2.38882e-12 2.33997e-14
 3.88103e-07 1.09482e-05 0.000182094 0.00178593 0.0103361 0.0354198 0.0730367 0.0973257 0.105686 0.125601 0.150537 0.152592 0.124924 0.0771302 0.0332713 0.009809 0.00202016 0.00029787 3.14383e-05 2.32792e-06 1.18093e-07 4.0154e-09 8.96418e-11 1.28903e-12 1.17466e-14
 5.45141e-07 1.45573e-05 0.000229198 0.00212805 0.0116622 0.0378859 0.074444 0.0964722 0.106578 0.129913 0.15365 0.15157 0.120644 0.0725729 0.0308585 0.00914155 0.00191703 0.000286239 2.99313e-05 2.13854e-06 1.02246e-07 3.21815e-09 6.57403e-11 8.60502e-13 7.13543e-15
 7.71708e-07 1.95098e-05 0.000290816 0.00255653 0.0132689 0.0408771 0.076611 0.0967634 0.10864 0.134735 0.157323 0.151586 0.116261 0.0660525 0.0261649 0.00720506 0.00142043 0.000203489 2.07766e-05 1.45846e-06 6.81542e-08 2.07117e-09 4.02608e-11 4.94622e-13 3.80593e-15
 1.10211e-06 2.63821e-05 0.000372364 0.00309972 0.0152393 0.0445335 0.0796643 0.0981662 0.111477 0.13897 0.15909 0.149284 0.110536 0.0599333 0.0225087 0.00585437 0.00108423 0.000145057 1.38185e-05 9.10279e-07 4.02742e-08 1.16745e-09 2.17217e-11 2.55212e-13 1.87024e-15
#pred catch len freq
 5.92887e-12 6.43804e-10 4.1217e-08 1.55574e-06 3.46214e-05 0.000454286 0.00351603 0.0160816 0.0438819 0.0747672 0.094779 0.122876 0.160561 0.160955 0.119491 0.0776944 0.0493002 0.0297618 0.017479 0.0104478 0.00656454 0.0044926 0.00330071 0.00229404 0.00126549
 3.79203e-12 4.11769e-10 2.63618e-08 9.95033e-07 2.21436e-05 0.000290573 0.00224948 0.0103012 0.0282815 0.0495659 0.069013 0.102822 0.146562 0.158941 0.136929 0.108339 0.0781109 0.0489377 0.0277209 0.0148085 0.00776742 0.00427966 0.00259414 0.00161011 0.000852895
 7.07323e-12 7.68069e-10 4.91725e-08 1.85602e-06 4.13032e-05 0.000541931 0.00419311 0.0191492 0.0518523 0.0851546 0.093787 0.0925052 0.102978 0.109789 0.105885 0.0988318 0.0848299 0.0639426 0.0418386 0.0234387 0.0115238 0.0053172 0.00252225 0.00127373 0.000603636
 9.49701e-12 1.03126e-09 6.60223e-08 2.49202e-06 5.54565e-05 0.000727631 0.00562986 0.0257086 0.0695863 0.114053 0.124501 0.119359 0.125176 0.116464 0.0846854 0.0580456 0.0459024 0.0390407 0.0307217 0.0205427 0.0113298 0.00520123 0.00211128 0.000832458 0.000321788
 9.94144e-12 1.07952e-09 6.9112e-08 2.60863e-06 5.80517e-05 0.000761684 0.00589341 0.0269138 0.0728718 0.119627 0.131456 0.128148 0.136491 0.127558 0.0914194 0.0572168 0.0357387 0.0230272 0.0163183 0.0120119 0.00783593 0.00412775 0.00173068 0.000603976 0.000187355
 1.07845e-11 1.17106e-09 7.49726e-08 2.82984e-06 6.29744e-05 0.000826268 0.00639293 0.0291908 0.0789788 0.129183 0.139796 0.131071 0.134637 0.124361 0.089194 0.0559827 0.0342948 0.019927 0.0112265 0.00663173 0.00414321 0.00241564 0.00114518 0.000418063 0.000119115
 1.19066e-11 1.29291e-09 8.27733e-08 3.12428e-06 6.95266e-05 0.000912234 0.00705787 0.0322225 0.0871207 0.142012 0.151401 0.136295 0.133849 0.119845 0.0820187 0.0477135 0.0274611 0.0154816 0.00828559 0.00422575 0.00212873 0.0010951 0.000530457 0.000209968 6.23456e-05
 1.15333e-11 1.25238e-09 8.01786e-08 3.02634e-06 6.73473e-05 0.000883644 0.00683685 0.0312176 0.0844614 0.13814 0.149422 0.139785 0.142376 0.127953 0.0849551 0.0460089 0.0241241 0.0124353 0.00615576 0.00293048 0.00132046 0.0005677 0.000236919 9.04129e-05 2.78094e-05
 1.23207e-11 1.33788e-09 8.56525e-08 3.23296e-06 7.19451e-05 0.000943965 0.00730334 0.0333425 0.0901396 0.146858 0.156216 0.139721 0.13606 0.120654 0.0807031 0.0444592 0.0232818 0.0114357 0.00516843 0.00221671 0.00090308 0.000344794 0.000122684 4.03619e-05 1.15798e-05
 1.28709e-11 1.39762e-09 8.94772e-08 3.37732e-06 7.51576e-05 0.000986113 0.00762935 0.0348289 0.0941304 0.153138 0.161858 0.142135 0.135359 0.117889 0.0763909 0.0396404 0.0196113 0.00943774 0.00421463 0.00172449 0.000640346 0.000216978 6.73118e-05 1.8917e-05 4.69238e-06
 1.29495e-11 1.40617e-09 9.0024e-08 3.39796e-06 7.5617e-05 0.00099214 0.00767598 0.0350419 0.0947087 0.154098 0.162963 0.143312 0.136588 0.118603 0.0759608 0.038275 0.0180424 0.00818146 0.00343906 0.00134788 0.000482747 0.00015326 4.26044e-05 1.03616e-05 2.18819e-06
 1.36908e-11 1.48665e-09 9.51768e-08 3.59245e-06 7.99451e-05 0.00104892 0.00811516 0.0370434 0.100071 0.162441 0.170004 0.145023 0.133288 0.113289 0.0707188 0.0338 0.0148442 0.00634449 0.00252231 0.000927391 0.000311588 9.35424e-05 2.4454e-05 5.41733e-06 1.00039e-06
 1.45884e-11 1.58412e-09 1.01417e-07 3.82799e-06 8.51865e-05 0.00111769 0.00864696 0.0394659 0.106546 0.172399 0.177842 0.145192 0.126368 0.10482 0.0649459 0.0308137 0.0132805 0.00545063 0.00203183 0.000694198 0.000217291 6.07735e-05 1.48184e-05 3.05957e-06 5.18182e-07
 1.39045e-11 1.50986e-09 9.66625e-08 3.64853e-06 8.1193e-05 0.0010653 0.00824183 0.0376216 0.101632 0.164974 0.17264 0.147187 0.134919 0.113601 0.0688176 0.0304656 0.0118632 0.00452714 0.00162121 0.000530378 0.000155783 4.03097e-05 9.06962e-06 1.73156e-06 2.71323e-07
 1.37115e-11 1.48891e-09 9.53211e-08 3.5979e-06 8.00662e-05 0.00105051 0.00812748 0.0371002 0.100231 0.162757 0.170595 0.146165 0.134932 0.114548 0.070723 0.0327178 0.0134248 0.00512514 0.00171894 0.000515547 0.000141385 3.44927e-05 7.24082e-06 1.27463e-06 1.83558e-07
 1.38798e-11 1.50718e-09 9.64908e-08 3.64205e-06 8.10488e-05 0.0010634 0.00822719 0.0375547 0.10145 0.164668 0.172275 0.146775 0.134497 0.113463 0.0692343 0.0312074 0.0124347 0.00475179 0.00164306 0.000500466 0.000132206 2.98981e-05 5.79682e-06 9.48067e-07 1.26464e-07
 1.43221e-11 1.55521e-09 9.95658e-08 3.75811e-06 8.36316e-05 0.00109729 0.00848925 0.0387487 0.104646 0.169614 0.176324 0.147369 0.131861 0.109784 0.0661236 0.0289616 0.0110014 0.00401218 0.00134028 0.000402559 0.000107346 2.44159e-05 4.59381e-06 7.03391e-07 8.66514e-08
 1.50321e-11 1.6323e-09 1.04502e-07 3.94442e-06 8.77774e-05 0.00115168 0.00890988 0.0406646 0.109764 0.177454 0.182351 0.147027 0.125643 0.102519 0.0615863 0.0271026 0.0103417 0.0037312 0.00120484 0.000345019 8.82988e-05 1.96615e-05 3.68489e-06 5.60469e-07 6.68994e-08
 1.57816e-11 1.71369e-09 1.09712e-07 4.14108e-06 9.2154e-05 0.0012091 0.00935396 0.0426882 0.115183 0.185866 0.189356 0.148433 0.121767 0.0966137 0.056 0.0226145 0.00744467 0.00237455 0.000729588 0.000204894 5.09855e-05 1.08881e-05 1.95962e-06 2.9046e-07 3.42114e-08
 1.63878e-11 1.77952e-09 1.13926e-07 4.30015e-06 9.56937e-05 0.00125554 0.0097131 0.044324 0.119554 0.192576 0.194576 0.148343 0.11677 0.0906343 0.0520781 0.0207751 0.00662193 0.00197096 0.000539986 0.000132351 2.98127e-05 6.05185e-06 1.05182e-06 1.50047e-07 1.70294e-08
 1.64204e-11 1.78306e-09 1.14153e-07 4.30871e-06 9.58842e-05 0.00125804 0.00973243 0.0444123 0.119792 0.192957 0.194952 0.1486 0.116901 0.090579 0.0517592 0.0203123 0.00625427 0.0017855 0.000470142 0.000108517 2.2096e-05 3.94777e-06 6.12475e-07 8.10747e-08 8.77395e-09
 1.69273e-11 1.8381e-09 1.17677e-07 4.44171e-06 9.88439e-05 0.00129687 0.0100327 0.0457802 0.123448 0.198576 0.199358 0.148639 0.112888 0.0856525 0.0483445 0.0185352 0.00542888 0.00145445 0.000363603 8.01081e-05 1.55117e-05 2.59819e-06 3.66705e-07 4.30883e-08 4.16117e-09
 1.76988e-11 1.92188e-09 1.2304e-07 4.64416e-06 0.000103349 0.00135597 0.0104898 0.0478619 0.129008 0.207091 0.205886 0.148206 0.106028 0.0776573 0.0433594 0.0165262 0.00478727 0.00125519 0.000302661 6.31425e-05 1.14802e-05 1.81365e-06 2.41552e-07 2.6466e-08 2.33143e-09
 1.79566e-11 1.94988e-09 1.24833e-07 4.71181e-06 0.000104855 0.00137573 0.0106426 0.0485581 0.130872 0.209982 0.208286 0.148662 0.104649 0.0755798 0.0414133 0.0149879 0.00382517 0.000836258 0.000177321 3.48653e-05 6.08973e-06 9.16206e-07 1.14869e-07 1.18023e-08 9.74135e-10
 1.86009e-11 2.01984e-09 1.29312e-07 4.88087e-06 0.000108617 0.00142508 0.0110243 0.0502964 0.135514 0.21708 0.213674 0.148125 0.0986551 0.0687307 0.0373331 0.0135636 0.00350641 0.000770793 0.000155909 2.71115e-05 4.04202e-06 5.38228e-07 6.27713e-08 6.10564e-09 4.75526e-10
 1.86393e-11 2.02401e-09 1.29579e-07 4.89096e-06 0.000108841 0.00142803 0.011047 0.0504002 0.135793 0.21752 0.214074 0.148308 0.0986238 0.0685324 0.0369844 0.0131639 0.00322056 0.000645809 0.000121584 2.05727e-05 2.98494e-06 3.68093e-07 3.77089e-08 3.19438e-09 2.23775e-10
 1.88656e-11 2.04858e-09 1.31152e-07 4.95032e-06 0.000110162 0.00144536 0.0111811 0.0510108 0.137425 0.22003 0.216051 0.148354 0.0968742 0.0663561 0.0354365 0.0123205 0.00281764 0.000490861 7.83833e-05 1.16835e-05 1.53472e-06 1.76219e-07 1.72064e-08 1.37112e-09 8.68756e-11
 1.96119e-11 2.12962e-09 1.3634e-07 5.14615e-06 0.00011452 0.00150253 0.0116232 0.0530243 0.142801 0.228244 0.222257 0.147637 0.0897847 0.0583209 0.0307409 0.0107963 0.00256885 0.000484088 8.23822e-05 1.19724e-05 1.39999e-06 1.37583e-07 1.17185e-08 8.43986e-10 4.96819e-11
 1.95128e-11 2.11885e-09 1.35651e-07 5.12014e-06 0.000113941 0.00149494 0.0115645 0.052757 0.142089 0.227168 0.221508 0.147938 0.091039 0.0595892 0.0312623 0.0106957 0.00234593 0.000369879 5.1314e-05 6.82039e-06 8.11588e-07 8.20696e-08 6.73321e-09 4.33963e-10 2.21647e-11
#obs catch len freq
 1.64186e-11 1.58625e-09 9.03531e-08 3.03427e-06 6.00772e-05 0.000701339 0.00482858 0.0196328 0.0474929 0.0710261 0.0774649 0.0883987 0.112284 0.123565 0.117432 0.104806 0.0861045 0.0638496 0.0424279 0.0241346 0.0109893 0.00374247 0.000896829 0.000143937 1.4916e-05
 1.4856e-11 1.38436e-09 7.60566e-08 2.46356e-06 4.70476e-05 0.000529782 0.00351926 0.0138269 0.0325774 0.0492969 0.0614211 0.0872321 0.12293 0.140382 0.137301 0.121204 0.0933026 0.0634683 0.039216 0.0210728 0.00905429 0.00287719 0.000636353 9.36578e-05 8.8795e-06
 1.53075e-12 1.37345e-10 7.26553e-09 2.26615e-07 4.16872e-06 4.52994e-05 0.000293224 0.00118018 0.00352606 0.0110443 0.0357246 0.0862799 0.13962 0.164759 0.164786 0.145748 0.108902 0.0694788 0.039177 0.0191401 0.00755324 0.00221795 0.000452754 6.12507e-05 5.31861e-06
 1.82753e-11 1.57624e-09 8.01532e-08 2.40302e-06 4.24753e-05 0.000442666 0.00272064 0.00987269 0.0212894 0.0282497 0.0274365 0.032538 0.0610519 0.119158 0.179384 0.191173 0.149728 0.0940553 0.0500475 0.0223224 0.00793686 0.00210611 0.000391209 4.83646e-05 3.84246e-06
 5.82483e-11 4.82194e-09 2.35342e-07 6.77205e-06 0.000114894 0.0011495 0.00678859 0.0237889 0.0508197 0.0747792 0.104484 0.159828 0.195705 0.157149 0.0871203 0.0480348 0.0364253 0.0275406 0.0161562 0.00710747 0.00233746 0.00055942 9.33325e-05 1.04046e-05 7.49198e-07
 1.52198e-10 1.20753e-08 5.64837e-07 1.55772e-05 0.000253279 0.00242822 0.0137318 0.0459015 0.0917119 0.115799 0.114528 0.125525 0.142756 0.133344 0.101878 0.0636952 0.0303049 0.0114744 0.0043134 0.00166859 0.000530285 0.00011978 1.82906e-05 1.83984e-06 1.19213e-07
 2.73208e-10 2.0746e-08 9.28781e-07 2.4515e-05 0.0003815 0.00350045 0.0189428 0.0605505 0.115251 0.136109 0.118614 0.11016 0.116572 0.112134 0.093381 0.0640981 0.0330535 0.0124758 0.00362089 0.000888797 0.000197677 3.72348e-05 5.15604e-06 4.76938e-07 2.82167e-08
 3.57802e-10 2.59703e-08 1.11135e-06 2.80392e-05 0.000417087 0.00365825 0.0189282 0.0579174 0.106174 0.124297 0.117421 0.124713 0.134262 0.119225 0.0896006 0.0576743 0.029579 0.0116381 0.00350576 0.000801072 0.000138467 1.84329e-05 1.89418e-06 1.43215e-07 7.41068e-09
 5.38273e-10 3.72999e-08 1.52388e-06 3.67059e-05 0.000521277 0.00436507 0.0215638 0.0630152 0.110477 0.12446 0.115173 0.121472 0.130423 0.118116 0.090937 0.057578 0.0278641 0.0102525 0.00295649 0.000662464 0.000110186 1.30653e-05 1.0835e-06 6.24829e-08 2.48676e-09
 9.17623e-10 6.06384e-08 2.36249e-06 5.42665e-05 0.000734922 0.00586863 0.0276453 0.0770126 0.128507 0.136775 0.117171 0.114157 0.117722 0.106026 0.0818273 0.0511015 0.024023 0.00848502 0.00231546 0.000486945 7.62532e-05 8.52836e-06 6.56394e-07 3.37882e-08 1.14186e-09
 1.36266e-09 8.57807e-08 3.18368e-06 6.96643e-05 0.000898755 0.00683711 0.0306882 0.081532 0.130356 0.135717 0.119951 0.121817 0.122867 0.104184 0.074765 0.0433373 0.0188853 0.00617358 0.00156208 0.000305498 4.44858e-05 4.61982e-06 3.29954e-07 1.57332e-08 4.89072e-10
 1.97941e-09 1.18583e-07 4.18844e-06 8.72211e-05 0.00107089 0.00775321 0.0331253 0.0838442 0.128266 0.13018 0.117241 0.122887 0.125713 0.108575 0.077565 0.0421416 0.0161152 0.00436777 0.000896374 0.000146262 1.86079e-05 1.7415e-06 1.1364e-07 4.9746e-09 1.42166e-10
 3.3313e-09 1.89754e-07 6.37245e-06 0.000126172 0.0014729 0.010139 0.0411854 0.0990929 0.143947 0.138061 0.116331 0.114916 0.113866 0.0972405 0.0687253 0.036665 0.0137635 0.00364314 0.000704833 0.000101723 1.08867e-05 8.49469e-07 4.71966e-08 1.80867e-09 4.62157e-11
 4.71768e-09 2.55283e-07 8.1443e-06 0.000153189 0.00169888 0.0111108 0.0428981 0.0983141 0.137475 0.132422 0.121216 0.126756 0.121498 0.0965598 0.0633314 0.0317187 0.0113266 0.0028878 0.000542057 7.53694e-05 7.57377e-06 5.33967e-07 2.58427e-08 8.4468e-10 1.83681e-11
 5.94186e-09 3.05207e-07 9.24288e-06 0.000165031 0.00173737 0.0107877 0.0395707 0.0864627 0.117221 0.116433 0.119777 0.136149 0.135852 0.112077 0.0738534 0.0352738 0.0115217 0.00261467 0.000434336 5.44434e-05 5.05561e-06 3.33429e-07 1.50342e-08 4.50739e-10 8.81041e-12
 9.05881e-09 4.41388e-07 1.26797e-05 0.000214755 0.00214463 0.0126322 0.043962 0.0911936 0.117721 0.112539 0.113625 0.129362 0.133434 0.115211 0.0771264 0.0362805 0.0115445 0.00254164 0.000402969 4.67526e-05 3.91411e-06 2.30899e-07 9.37881e-09 2.56215e-10 4.59835e-12
 1.46899e-08 6.78547e-07 1.84791e-05 0.000296708 0.00280902 0.0156865 0.0517718 0.101989 0.125808 0.117165 0.11696 0.128764 0.126272 0.103544 0.0663589 0.030375 0.00962912 0.00215802 0.000349397 4.05712e-05 3.29513e-06 1.82932e-07 6.82421e-09 1.68558e-10 2.71792e-12
 1.95872e-08 8.57279e-07 2.21214e-05 0.000336553 0.00301923 0.0159807 0.0500554 0.0941791 0.114127 0.113135 0.125572 0.141775 0.135314 0.10597 0.0637763 0.0270071 0.00784298 0.00161329 0.000244458 2.73092e-05 2.17306e-06 1.18392e-07 4.28576e-09 1.00956e-10 1.52493e-12
 3.21994e-08 1.33476e-06 3.2621e-05 0.000470048 0.00399379 0.0200204 0.0593787 0.105682 0.120599 0.111479 0.116779 0.130653 0.128861 0.104109 0.062686 0.0260804 0.00743256 0.0014979 0.000218995 2.31061e-05 1.71768e-06 8.77081e-08 3.00482e-09 6.75318e-11 9.75778e-13
 5.07613e-08 1.99227e-06 4.61004e-05 0.000628949 0.00505987 0.0240205 0.0675254 0.114373 0.12631 0.117515 0.123864 0.131556 0.11941 0.0894489 0.0514248 0.0211542 0.00615785 0.00128874 0.000193763 2.04676e-05 1.48098e-06 7.19756e-08 2.31201e-09 4.83603e-11 6.49653e-13
 7.56449e-08 2.8103e-06 6.15557e-05 0.000794952 0.00605405 0.0272117 0.0724995 0.116917 0.125244 0.117777 0.126331 0.132756 0.118118 0.0855679 0.0466253 0.0179727 0.00491863 0.000985651 0.000145408 1.53241e-05 1.10886e-06 5.33799e-08 1.67205e-09 3.35496e-11 4.2631e-13
 1.07443e-07 3.77784e-06 7.83164e-05 0.00095725 0.0069002 0.0293666 0.0742056 0.11438 0.120669 0.118175 0.131284 0.137057 0.119529 0.0836828 0.0432714 0.015623 0.00396998 0.000735292 0.000100544 9.92807e-06 6.82838e-07 3.16377e-08 9.60834e-10 1.8718e-11 2.30118e-13
 1.68905e-07 5.62046e-06 0.000110266 0.0012755 0.00870145 0.0350512 0.0838702 0.122665 0.123694 0.117432 0.12756 0.131568 0.1141 0.0781988 0.0387439 0.0132391 0.00316251 0.000546531 6.91188e-05 6.27257e-06 3.96094e-07 1.69192e-08 4.77181e-10 8.70314e-12 1.0089e-13
 2.57694e-07 8.11508e-06 0.00015067 0.00164943 0.0106498 0.0406159 0.0921541 0.128686 0.126891 0.121623 0.13045 0.128216 0.104888 0.0680631 0.0322711 0.0106997 0.00250495 0.000422794 5.13209e-05 4.37885e-06 2.55976e-07 1.0032e-08 2.5862e-10 4.31086e-12 4.57754e-14
 3.6984e-07 1.10227e-05 0.00019369 0.00200682 0.0122648 0.0442969 0.0954072 0.127794 0.125101 0.123926 0.134014 0.128941 0.102292 0.063646 0.0286798 0.00903346 0.00202096 0.000328233 3.84447e-05 3.15357e-06 1.75631e-07 6.48081e-09 1.55507e-10 2.39077e-12 2.32719e-14
 4.83567e-07 1.36412e-05 0.000226881 0.00222509 0.0128747 0.0440682 0.0903761 0.11762 0.118805 0.127659 0.142846 0.13704 0.106677 0.0634657 0.0266346 0.00766293 0.0015493 0.000227956 2.45181e-05 1.87467e-06 9.82526e-08 3.42344e-09 7.7476e-11 1.11894e-12 1.01767e-14
 6.74955e-07 1.80237e-05 0.000283771 0.00263454 0.0144326 0.0468026 0.0912069 0.114189 0.114729 0.125753 0.142383 0.138759 0.109205 0.0642695 0.0263048 0.00736367 0.00144274 0.000202242 2.02225e-05 1.41257e-06 6.73259e-08 2.14295e-09 4.46362e-11 5.97209e-13 5.05242e-15
 9.65458e-07 2.4408e-05 0.000363821 0.00319799 0.0165903 0.0509932 0.0945766 0.11453 0.1156 0.128731 0.143489 0.13595 0.103924 0.0596007 0.0240811 0.00678294 0.00135259 0.000191519 1.89108e-05 1.2708e-06 5.69568e-08 1.67566e-09 3.19131e-11 3.88563e-13 2.99126e-15
 1.37875e-06 3.30043e-05 0.000465819 0.0038772 0.0190506 0.0555189 0.0980888 0.115188 0.117071 0.13217 0.145474 0.134459 0.0987649 0.053375 0.0200703 0.00525703 0.000987066 0.000134311 1.29556e-05 8.54693e-07 3.73827e-08 1.06003e-09 1.91812e-11 2.18941e-13 1.56274e-15
#spawning biomass
 10850.8 9093.27 7508.38 7535.83 10827.2 16345.2 22691.2 30100.1 39301.2 50432 63828.9 68996.9 90960.5 104867 120187 116203 107152 113871 99659.4 103066 109852 108069 120928 112861 126336 129940 106025 118976 125996 207932 320534 285081 224384 166588 122031 91357.7 71678.5 59635.4 52506.1 48385.9 46046.8 44736.5 44009.8 43608.3 43386.8 43268.1 43204.6 43170.5 43152.3 43142.5 43137.3 43134.5 43133 43132.2 43131.8 43131.5 43131.4 43131.4 43131.3 43131.3 43131.3 43131.3 43131.3 43131.3 43131.3 43131.3 43131.3 43131.3 43131.3 43131.3 43131.3 43131.3 43131.3 43131.3 43131.3 43131.3 43131.3 43131.3 43131.3 43131.3 43131.3 43131.3 43131.3 43131.3 43131.3 43131.3 43131.3 43131.3 43131.3 43131.3 43131.3 43131.3 43131.3 43131.3 43131.3 43131.3 43131.3 43131.3 43131.3 43131.3 43131.3 43131.3 43131.3 43131.3 43131.3 43131.3 43131.3 43131.3 43131.3 43131.3 43131.3 43131.3 43131.3 43131.3 43131.3 43131.3 43131.3 43131.3 43131.3 43131.3 43131.3 43131.3 43131.3 43131.3 43131.3 43131.3 43131.3 43131.3 43131.3 0 0 0 0 0 0 0 0 0 0 0 0 0 0 0 0 0 0 0 0 0 0 0 0 0
