SBPRF35
0.185484
Curr Bio
192283
B35
195868
F35
1.31683
FOFL
1.31683
OFL
93905.8
Bzero
52994.1
#pred survey bio
 13333.9 14552.7 16018 18796.1 22338.2 26166.4 29595.8 33480.1 48986.5 72179.6 88253.3 101612 138576 168116 154071 129976 117989 115032 109416 105633 115539 122670 127238 128835 149298 160419 147428 141876 148007 5.18423e+06 4.33569e+06 2.44118e+06 1.22038e+06 766729 589449 505584 459605 432477 416002 405899 399692 395880 393541 392101 391215 390684 390365 390173 390058 389988 389946 389920 389905 389896 389890 389887 389885 389884 389883 389883 389882 389882 389882 389882 389882 389882 389882 389882 389882 389882 389882 389882 389882 389882 389882 389882 389882 389882 389882 389882 389882 389882 389882 389882 389882 389882 389882 389882 389882 389882 389882 389882 389882 389882 389882 389882 389882 389882 389882 389882 389882 389882 389882 389882 389882 389882 389882 389882 389882 389882 389882 389882 389882 389882 389882 389882 389882 389882 389882 389882 389882 389882 389882 389882 389882 389882 389882 389882 389882 0 0 0 0 0 0 0 0 0 0 0 0 0 0 0 0 0 0 0 0 0 0 0 0 0
#obs survey bio
 10482.9 9780.2 8418.8 15979.4 25356.7 20820.1 26335.4 21019 30134.7 60554.7 55547.5 84378.2 144674 132700 116302 79973.4 96642.3 86616.9 109173 76484.9 86254.1 141502 94804.4 100366 176822 143262 112910 125238 109944
#pred catch bio
 5291.33 6595.87 7127.69 9114.49 11137.2 13268.7 17192.9 17429.6 24958.1 40378.5 54767 59236.6 80550.5 109361 105911 92029.8 81597.4 82641.4 81056.1 73997.6 83235.3 89633.1 98269.6 94976.8 109000 123323 112119 110378 57551.8 93905.8 103371 52241.1 18360 9378.02 7467.61 7093.56 7023.86 7011.31 7009.11 7008.73 7008.67 7008.65 7008.65 7008.65 7008.65 7008.65 7008.65 7008.65 7008.65 7008.65 7008.65 7008.65 7008.65 7008.65 7008.65 7008.65 7008.65 7008.65 7008.65 7008.65 7008.65 7008.65 7008.65 7008.65 7008.65 7008.65 7008.65 7008.65 7008.65 7008.65 7008.65 7008.65 7008.65 7008.65 7008.65 7008.65 7008.65 7008.65 7008.65 7008.65 7008.65 7008.65 7008.65 7008.65 7008.65 7008.65 7008.65 7008.65 7008.65 7008.65 7008.65 7008.65 7008.65 7008.65 7008.65 7008.65 7008.65 7008.65 7008.65 7008.65 7008.65 7008.65 7008.65 7008.65 7008.65 7008.65 7008.65 7008.65 7008.65 7008.65 7008.65 7008.65 7008.65 7008.65 7008.65 7008.65 7008.65 7008.65 7008.65 7008.65 7008.65 7008.65 7008.65 7008.65 7008.65 7008.65 7008.65 7008.65 7008.65 0 0 0 0 0 0 0 0 0 0 0 0 0 0 0 0 0 0 0 0 0 0 0 0 0
#obs catch bio
 7865.72 6716.79 7304.24 9379.31 11168.3 13328 17437.3 17384.1 24880.4 40315.2 54608.2 57497.1 76946.5 107095 105968 93653.9 79793 80825.6 80676 73251.1 81345.7 86641.2 95747 93170 104737 116899 107192 108200 56281.1
#pred cpue bio
 8753.81 9267.82 9666.83 11150.9 12618.4 14829.7 16997.8 17483.7 24097.2 36141.8 46553.4 50991.1 66769.4 87495.7 85372.3 70391.6 59733.1 58399.3 54140.4 50575.6 55072.5 57962.3 60178.3 58206.9 66734.1 75586.3 70611.2 66709 65417.4 2.91257e+06 3.46255e+06 2.30407e+06 1.1106e+06 651315 472758 388649 342622 315484 299007 288904 282697 278885 276546 275106 274220 273689 273370 273178 273062 272993 272951 272925 272910 272901 272895 272892 272890 272889 272888 272887 272887 272887 272887 272887 272887 272887 272887 272887 272887 272887 272887 272887 272887 272887 272887 272887 272887 272887 272887 272887 272887 272887 272887 272887 272887 272887 272887 272887 272887 272887 272887 272887 272887 272887 272887 272887 272887 272887 272887 272887 272887 272887 272887 272887 272887 272887 272887 272887 272887 272887 272887 272887 272887 272887 272887 272887 272887 272887 272887 272887 272887 272887 272887 272887 272887 272887 272887 272887 272887 0 0 0 0 0 0 0 0 0 0 0 0 0 0 0 0 0 0 0 0 0 0 0 0 0
#obs cpue bio
 9965.22 8025.23 8689.01 11582.2 15084.3 14409.2 18942.6 28010.5 36846.5 48260.2 84069.2 137513 122243 114098 99638.7 94472.2 116382 107316 56013.2 80247.6 113850 96943.3 112555 95698.6 126796 191003 172674 105443 126140
#pred surv len freq
 2.56513e-27 2.59352e-27 3.75265e-26 7.37653e-20 1.80827e-14 5.35822e-10 1.91922e-06 0.000830951 0.043489 0.275123 0.210718 0.0401638 0.157666 0.145518 0.0325589 0.0379188 0.0160368 0.0120059 0.00728073 0.00545266 0.00420082 0.00356058 0.00349517 0.00305237 0.000926426
 2.56534e-27 2.59426e-27 3.82807e-26 7.53565e-20 1.84727e-14 5.4738e-10 1.96062e-06 0.000848876 0.0444271 0.281058 0.215232 0.0390703 0.146175 0.135461 0.0408536 0.059205 0.0199583 0.00810694 0.00360659 0.00204102 0.00128385 0.000930611 0.000806379 0.000700894 0.000232615
 2.56629e-27 2.59671e-27 4.03081e-26 7.9633e-20 1.95211e-14 5.78445e-10 2.07189e-06 0.00089705 0.0469484 0.297008 0.227422 0.0397596 0.142856 0.132102 0.0349096 0.0465721 0.0173317 0.00939443 0.00297048 0.000914249 0.00038322 0.000211943 0.000151536 0.000123027 4.21641e-05
 2.56635e-27 2.59682e-27 4.03301e-26 7.96791e-20 1.95324e-14 5.78779e-10 2.07309e-06 0.000897568 0.0469755 0.29718 0.227563 0.0403457 0.147217 0.13604 0.0340499 0.0435478 0.0153027 0.00711825 0.00258612 0.000865274 0.000192335 5.94832e-05 3.00547e-05 2.08595e-05 7.05175e-06
 2.56741e-27 2.59961e-27 4.27179e-26 8.47161e-20 2.07671e-14 6.15368e-10 2.20414e-06 0.00095431 0.0499451 0.315967 0.241907 0.0402617 0.1365 0.126044 0.0303769 0.0376385 0.0127628 0.00522293 0.00171684 0.000533408 0.000133787 2.44175e-05 5.8297e-06 2.87661e-06 9.07005e-07
 2.56681e-27 2.59788e-27 4.11011e-26 8.1305e-20 1.99309e-14 5.90589e-10 2.11539e-06 0.000915884 0.047934 0.303244 0.23221 0.0414419 0.152294 0.140476 0.0303721 0.0339677 0.0112398 0.00417962 0.0012822 0.00034571 7.73443e-05 1.43199e-05 1.88639e-06 4.17066e-07 1.08692e-07
 2.56663e-27 2.59746e-27 4.0777e-26 8.06214e-20 1.97634e-14 5.85624e-10 2.09761e-06 0.000908183 0.047531 0.300694 0.230258 0.0411083 0.151127 0.139518 0.0323698 0.038745 0.0123796 0.00389124 0.00112853 0.000275075 5.38247e-05 8.69969e-06 1.01953e-06 9.60389e-08 1.42573e-08
 2.56864e-27 2.60281e-27 4.54002e-26 9.03742e-20 2.21541e-14 6.56467e-10 2.35135e-06 0.00101805 0.0532809 0.337069 0.258026 0.0406373 0.128034 0.118001 0.0248198 0.0269288 0.00858981 0.00268379 0.000728632 0.000149688 2.63091e-05 3.68138e-06 3.68298e-07 2.42713e-08 1.44134e-09
 2.5696e-27 2.60532e-27 4.75536e-26 9.49165e-20 2.32676e-14 6.89462e-10 2.46954e-06 0.00106922 0.0559589 0.354011 0.270961 0.0405634 0.118383 0.108971 0.020958 0.020379 0.006365 0.00178589 0.000478981 9.65618e-05 1.48229e-05 1.77207e-06 1.50698e-07 8.04108e-09 2.53104e-10
 2.56901e-27 2.60369e-27 4.60736e-26 9.17942e-20 2.25022e-14 6.66782e-10 2.3883e-06 0.00103404 0.0541181 0.342366 0.262081 0.041322 0.130395 0.119989 0.0217072 0.0193026 0.00586625 0.00138989 0.000351918 6.45756e-05 9.66808e-06 1.04602e-06 7.40673e-08 3.26715e-09 7.4901e-11
 2.56777e-27 2.60032e-27 4.30897e-26 8.54994e-20 2.09591e-14 6.21057e-10 2.22452e-06 0.000963133 0.0504069 0.318888 0.244169 0.0422392 0.14996 0.138046 0.0249559 0.0221561 0.00657377 0.00128671 0.000300409 4.65764e-05 6.30922e-06 6.37334e-07 4.10839e-08 1.49885e-09 2.74553e-11
 2.569e-27 2.60366e-27 4.60557e-26 9.17565e-20 2.2493e-14 6.66508e-10 2.38732e-06 0.00103362 0.0540959 0.342225 0.261973 0.0412384 0.129835 0.119503 0.0221876 0.0205079 0.00603574 0.00108898 0.000239335 3.05744e-05 3.55024e-06 3.07008e-07 1.79746e-08 5.89148e-10 8.89867e-12
 2.56968e-27 2.60547e-27 4.76285e-26 9.50743e-20 2.33063e-14 6.90608e-10 2.47364e-06 0.00107099 0.0560519 0.3546 0.271418 0.0410379 0.121673 0.111903 0.0196031 0.0165315 0.0049044 0.000963535 0.000212651 2.51508e-05 2.56469e-06 1.80603e-07 8.82033e-09 2.55501e-10 3.4145e-12
 2.5678e-27 2.60034e-27 4.30491e-26 8.54136e-20 2.09381e-14 6.20434e-10 2.22229e-06 0.000962166 0.0503563 0.318568 0.243932 0.0427248 0.153821 0.141499 0.0235755 0.0181345 0.00529337 0.000906577 0.000197156 2.49382e-05 2.49141e-06 1.55548e-07 6.16817e-09 1.45349e-10 1.68008e-12
 2.56636e-27 2.59648e-27 3.96724e-26 7.82902e-20 1.91919e-14 5.68691e-10 2.03695e-06 0.000881923 0.0461567 0.292 0.223656 0.0433748 0.173014 0.159305 0.0284584 0.024777 0.00712953 0.0010156 0.000204775 2.2723e-05 2.26405e-06 1.45423e-07 5.24195e-09 1.0078e-10 9.34537e-13
 2.56723e-27 2.59888e-27 4.18453e-26 8.28744e-20 2.03157e-14 6.01989e-10 2.15623e-06 0.000933563 0.0488593 0.309098 0.236695 0.0423594 0.156126 0.143805 0.0272332 0.025889 0.00753237 0.00120065 0.000242766 2.26535e-05 1.98737e-06 1.16941e-07 4.28578e-09 7.71027e-11 5.90411e-13
 2.56849e-27 2.60222e-27 4.47249e-26 8.89489e-20 2.18048e-14 6.46114e-10 2.31427e-06 0.00100199 0.0524406 0.331754 0.253991 0.0421402 0.142306 0.130892 0.0220601 0.0173478 0.00504587 0.000828374 0.000171114 1.72938e-05 1.44564e-06 7.09583e-08 2.30699e-09 4.05825e-11 2.95358e-13
 2.56821e-27 2.60142e-27 4.3975e-26 8.73667e-20 2.14169e-14 6.3462e-10 2.2731e-06 0.000984167 0.0515078 0.325852 0.249494 0.0427072 0.14978 0.137711 0.0218443 0.0151345 0.0043056 0.000556834 0.000107794 1.11748e-05 9.76289e-07 4.94417e-08 1.3976e-09 2.11122e-11 1.45404e-13
 2.56875e-27 2.60287e-27 4.5251e-26 9.00587e-20 2.20768e-14 6.54175e-10 2.34314e-06 0.00101449 0.0530949 0.335893 0.257155 0.0423616 0.141767 0.130309 0.0203905 0.0136808 0.00384177 0.000411502 7.16561e-05 5.96416e-06 4.83327e-07 2.53291e-08 7.4529e-10 1.03525e-11 6.09046e-14
 2.56926e-27 2.60422e-27 4.64212e-26 9.25271e-20 2.26819e-14 6.72106e-10 2.40737e-06 0.0010423 0.0545502 0.345099 0.264184 0.0422723 0.13615 0.12506 0.0182843 0.0102015 0.00283528 0.000271772 4.39407e-05 3.03995e-06 2.04038e-07 8.80641e-09 2.54797e-10 3.67051e-12 2.06047e-14
 2.56941e-27 2.60466e-27 4.68259e-26 9.33808e-20 2.28912e-14 6.78306e-10 2.42958e-06 0.00105192 0.0550534 0.348283 0.266611 0.0420294 0.132595 0.121811 0.0182575 0.0109568 0.00303741 0.000267563 4.09414e-05 2.59385e-06 1.54389e-07 5.33846e-09 1.24342e-10 1.63437e-12 9.35436e-15
 2.56949e-27 2.60486e-27 4.69807e-26 9.37074e-20 2.29712e-14 6.80679e-10 2.43808e-06 0.00105559 0.055246 0.349501 0.267543 0.0421331 0.13273 0.121897 0.0175936 0.00942284 0.00260608 0.000231445 3.53076e-05 2.06183e-06 1.12321e-07 3.44088e-09 6.61707e-11 6.82053e-13 3.38914e-15
 2.56943e-27 2.60468e-27 4.68098e-26 9.33467e-20 2.28828e-14 6.78059e-10 2.42869e-06 0.00105153 0.0550334 0.348156 0.266518 0.0422601 0.134416 0.123436 0.0175408 0.00891496 0.00244872 0.000193022 2.72986e-05 1.59254e-06 8.47807e-08 2.35219e-09 4.03356e-11 3.47427e-13 1.35743e-15
 2.57021e-27 2.60678e-27 4.86671e-26 9.7265e-20 2.38433e-14 7.06521e-10 2.53064e-06 0.00109567 0.0573434 0.36277 0.277669 0.0417727 0.122873 0.112764 0.0153033 0.00650162 0.00176681 0.000121816 1.53408e-05 7.9511e-07 3.81838e-08 1.04168e-09 1.67732e-11 1.28105e-13 4.24741e-16
 2.5704e-27 2.60732e-27 4.91476e-26 9.82786e-20 2.40918e-14 7.13884e-10 2.55701e-06 0.00110709 0.057941 0.366551 0.280553 0.0415973 0.119512 0.10967 0.014889 0.0063357 0.00171764 0.000110781 1.299e-05 6.06233e-07 2.52043e-08 5.991e-10 8.98798e-12 6.56414e-14 1.96337e-16
 2.56937e-27 2.6045e-27 4.66295e-26 9.29665e-20 2.27896e-14 6.75297e-10 2.4188e-06 0.00104725 0.0548092 0.346738 0.265439 0.0425265 0.137202 0.125954 0.0170462 0.00715454 0.00193933 0.000126102 1.48524e-05 6.57102e-07 2.48441e-08 5.13969e-10 6.61343e-12 4.28398e-14 1.21109e-16
 2.56906e-27 2.60365e-27 4.58775e-26 9.13799e-20 2.24007e-14 6.63773e-10 2.37752e-06 0.00102938 0.0538738 0.340821 0.260924 0.0427496 0.142072 0.13045 0.0178748 0.00791097 0.0021442 0.000132457 1.47811e-05 6.5245e-07 2.43585e-08 4.67403e-10 5.3306e-12 2.92917e-14 7.17745e-17
 2.56952e-27 2.60492e-27 4.70248e-26 9.38004e-20 2.2994e-14 6.81355e-10 2.4405e-06 0.00105664 0.0553009 0.349848 0.267809 0.0422238 0.133233 0.122338 0.0172285 0.0084787 0.00231014 0.000151631 1.79809e-05 7.6691e-07 2.71465e-08 5.16481e-10 5.67694e-12 2.80683e-14 5.91759e-17
 2.57058e-27 2.6078e-27 4.95722e-26 9.91743e-20 2.43114e-14 7.2039e-10 2.58032e-06 0.00111718 0.0584691 0.369891 0.283102 0.0414806 0.116833 0.107195 0.0143907 0.00582341 0.00157771 0.000104661 1.25745e-05 5.58355e-07 2.07767e-08 3.79027e-10 4.00138e-12 1.93282e-14 3.78485e-17
#obs surv len freq
 1.24905e-41 1.7336e-33 2.90847e-26 5.89832e-20 1.4459e-14 4.28448e-10 1.53463e-06 0.000664442 0.0347742 0.219993 0.168716 0.0417022 0.170004 0.142349 0.0893206 0.084574 0.0332464 0.0119661 0.00240806 0.000267452 1.21419e-05 1.64901e-07 5.0567e-10 2.85735e-13 2.60405e-17
 1.56026e-41 2.16554e-33 3.63314e-26 7.36793e-20 1.80616e-14 5.35199e-10 1.917e-06 0.000829993 0.0434385 0.274805 0.210607 0.0427365 0.1425 0.113494 0.0738779 0.0643038 0.0240734 0.00780777 0.00138815 0.000131034 4.82192e-06 5.05877e-08 1.15469e-10 4.73842e-14 3.08889e-18
 1.29402e-41 1.79602e-33 3.01319e-26 6.1107e-20 1.49797e-14 4.43874e-10 1.58989e-06 0.000688366 0.0360263 0.227914 0.17504 0.0517007 0.203611 0.149716 0.0733505 0.0554423 0.0197864 0.00575796 0.000892609 7.00292e-05 2.05202e-06 1.64679e-08 2.78688e-11 8.30253e-15 3.87695e-19
 1.55686e-41 2.16082e-33 3.62523e-26 7.3519e-20 1.80223e-14 5.34034e-10 1.91282e-06 0.000828187 0.043344 0.274208 0.210322 0.0473956 0.149877 0.109666 0.0847958 0.0596392 0.0156867 0.0037062 0.000496413 3.19241e-05 7.30476e-07 4.41884e-09 5.50281e-12 1.18677e-15 3.96865e-20
 1.54214e-41 2.14039e-33 3.59094e-26 7.28236e-20 1.78518e-14 5.28983e-10 1.89473e-06 0.000820353 0.042934 0.271615 0.208586 0.0554067 0.180228 0.118784 0.0635106 0.0412213 0.0137933 0.00281938 0.000265985 1.32554e-05 2.33318e-07 1.04824e-09 9.49547e-13 1.47254e-16 3.51545e-21
 1.3502e-41 1.87398e-33 3.144e-26 6.37596e-20 1.56299e-14 4.63143e-10 1.6589e-06 0.000718248 0.0375902 0.23781 0.183015 0.0611616 0.205067 0.130934 0.0835688 0.0467332 0.0110696 0.00212856 0.000195533 6.9475e-06 8.61065e-08 2.81167e-10 1.83307e-13 2.0259e-17 3.43018e-22
 1.56673e-41 2.17452e-33 3.64822e-26 7.39851e-20 1.81366e-14 5.3742e-10 1.92495e-06 0.000833437 0.0436188 0.275948 0.212113 0.058209 0.165997 0.105066 0.0826761 0.0435217 0.0103655 0.00153885 0.000107347 3.29883e-06 2.98002e-08 6.5637e-11 2.96755e-14 2.30758e-18 2.75046e-23
 1.72822e-41 2.39866e-33 4.02425e-26 8.16109e-20 2.0006e-14 5.92813e-10 2.12336e-06 0.000919341 0.0481147 0.304391 0.234031 0.0627508 0.1633 0.0928768 0.0570856 0.0280349 0.00739685 0.0010354 5.90337e-05 1.31216e-06 9.08582e-09 1.45856e-11 4.45758e-15 2.33205e-19 1.9074e-24
 1.65659e-41 2.29924e-33 3.85745e-26 7.82284e-20 1.91768e-14 5.68242e-10 2.03535e-06 0.000881237 0.0461205 0.291777 0.224802 0.0711857 0.184527 0.0979349 0.0552579 0.0224375 0.00446868 0.000572912 3.10111e-05 5.53746e-07 2.72798e-09 3.12088e-12 6.84119e-16 2.47997e-20 1.36827e-25
 1.53418e-41 2.12934e-33 3.57241e-26 7.24478e-20 1.77597e-14 5.26254e-10 1.88495e-06 0.00081612 0.0427125 0.27022 0.208787 0.0785844 0.199908 0.104715 0.0663255 0.0237016 0.00384834 0.000364009 1.523e-05 2.33562e-07 9.1324e-10 7.46259e-13 1.13049e-16 2.85934e-21 1.10447e-26
 1.46845e-41 2.03811e-33 3.41935e-26 6.93438e-20 1.69988e-14 5.03706e-10 1.80419e-06 0.000781153 0.0408824 0.258646 0.200389 0.0843756 0.204305 0.107286 0.0744642 0.0246782 0.00388541 0.000296374 8.7305e-06 9.46403e-08 2.84658e-10 1.79781e-13 1.9862e-17 3.49949e-22 9.28639e-28
 1.88296e-41 2.61342e-33 4.38456e-26 8.8918e-20 2.17972e-14 6.45891e-10 2.31348e-06 0.00100165 0.0524226 0.331651 0.255742 0.0729168 0.140587 0.0736882 0.0527047 0.0164868 0.00261257 0.000179969 4.36492e-06 3.32042e-08 6.69146e-11 2.98408e-14 2.42979e-18 3.14869e-23 5.99057e-29
 1.57059e-41 2.17988e-33 3.6572e-26 7.41673e-20 1.81812e-14 5.38744e-10 1.92969e-06 0.00083549 0.0437262 0.276646 0.215446 0.102332 0.213908 0.0901482 0.0428314 0.0121496 0.00185406 0.000117649 2.55218e-06 1.56324e-08 2.25386e-11 6.68863e-15 3.64074e-19 3.27314e-24 4.44554e-30
 1.27331e-41 1.76727e-33 2.96497e-26 6.0129e-20 1.47399e-14 4.36771e-10 1.56444e-06 0.000677349 0.0354498 0.224297 0.176571 0.113856 0.233671 0.11921 0.0776123 0.0168567 0.00170462 9.09715e-05 1.74165e-06 9.05286e-09 1.03833e-11 2.26307e-15 8.46925e-20 5.07088e-25 4.595e-31
 1.14298e-41 1.58639e-33 2.66149e-26 5.39745e-20 1.32312e-14 3.92065e-10 1.40431e-06 0.000608019 0.0318213 0.201351 0.1598 0.117241 0.227147 0.135866 0.0989339 0.024272 0.00284748 0.000109466 1.45503e-06 6.02845e-09 5.59529e-12 9.55175e-16 2.68233e-20 1.15374e-25 7.24544e-32
 1.56072e-41 2.16617e-33 3.63421e-26 7.3701e-20 1.80669e-14 5.35356e-10 1.91756e-06 0.000830237 0.0434513 0.274923 0.215289 0.100713 0.165242 0.104069 0.0738213 0.0191278 0.00243122 9.88868e-05 1.14009e-06 3.2318e-09 2.11469e-12 2.72479e-16 5.84375e-21 1.89298e-26 8.77142e-33
 1.40921e-41 1.95589e-33 3.2814e-26 6.65462e-20 1.6313e-14 4.83385e-10 1.73141e-06 0.000749639 0.0392332 0.248267 0.197963 0.135976 0.215146 0.0969156 0.0512705 0.0128178 0.00159175 6.58791e-05 7.58322e-07 1.92151e-09 9.40969e-13 8.26602e-17 1.231e-21 2.88127e-27 9.83296e-34
 1.46289e-41 2.03039e-33 3.4064e-26 6.9081e-20 1.69344e-14 5.01797e-10 1.79736e-06 0.000778193 0.0407276 0.257732 0.205538 0.130223 0.190327 0.107417 0.0566897 0.00964515 0.00088559 3.30807e-05 3.55242e-07 8.33777e-10 3.5889e-13 2.53209e-17 2.75155e-22 4.44124e-28 1.03728e-34
 1.4405e-41 1.99932e-33 3.35428e-26 6.80241e-20 1.66753e-14 4.9412e-10 1.76986e-06 0.000766287 0.0401045 0.253819 0.204621 0.144381 0.195693 0.101592 0.0492113 0.00908057 0.000711167 1.79469e-05 1.48084e-07 2.9515e-10 1.09159e-13 6.51072e-18 5.78321e-23 7.28529e-29 1.26306e-35
 1.55957e-41 2.16459e-33 3.63154e-26 7.3647e-20 1.80537e-14 5.34964e-10 1.91615e-06 0.000829628 0.0434196 0.27481 0.221355 0.141424 0.175008 0.0946894 0.041445 0.00654265 0.000463843 1.03656e-05 6.15286e-08 8.5147e-11 2.3845e-14 1.13157e-18 8.07599e-24 8.12637e-30 1.11047e-36
 1.50672e-41 2.09122e-33 3.50846e-26 7.11509e-20 1.74418e-14 5.16833e-10 1.85121e-06 0.00080151 0.0419481 0.265554 0.217453 0.160453 0.184603 0.0894305 0.0344066 0.00503986 0.00030287 5.59301e-06 2.74877e-08 2.87132e-11 5.55898e-15 1.83289e-19 9.51374e-25 7.20773e-31 7.53198e-38
 1.55174e-41 2.15372e-33 3.61331e-26 7.32772e-20 1.7963e-14 5.32278e-10 1.90653e-06 0.000825463 0.0432018 0.273524 0.224961 0.160285 0.172529 0.0897226 0.0309868 0.0037705 0.000189396 2.89254e-06 1.12186e-08 9.1278e-12 1.34293e-15 3.19456e-20 1.14854e-25 5.98775e-32 4.38169e-39
 1.55607e-41 2.15972e-33 3.62339e-26 7.34815e-20 1.80131e-14 5.33762e-10 1.91185e-06 0.000827765 0.0433224 0.274356 0.228572 0.170896 0.170253 0.0827951 0.0258996 0.00295196 0.000122936 1.4645e-06 4.41475e-09 2.74469e-12 3.03176e-16 5.37163e-21 1.42121e-26 5.3375e-33 2.74972e-40
 1.59411e-41 2.21252e-33 3.71196e-26 7.52779e-20 1.84535e-14 5.4681e-10 1.95858e-06 0.000848 0.0443817 0.281129 0.236123 0.174351 0.162127 0.0776241 0.0212698 0.00207028 7.33568e-05 7.16395e-07 1.64517e-09 7.58116e-13 6.18794e-17 8.05969e-22 1.55796e-27 4.25944e-34 1.59248e-41
 1.58926e-41 2.20579e-33 3.70068e-26 7.5049e-20 1.83974e-14 5.45148e-10 1.95263e-06 0.000845422 0.0442471 0.280387 0.239282 0.184215 0.159807 0.0721312 0.0175411 0.00149904 4.34577e-05 3.38099e-07 6.08366e-10 2.11769e-13 1.26258e-17 1.18578e-22 1.65093e-28 3.25237e-35 8.7542e-43
 1.37401e-41 1.90703e-33 3.19944e-26 6.4884e-20 1.59056e-14 4.71311e-10 1.68816e-06 0.000730915 0.0382549 0.242707 0.218975 0.217049 0.183069 0.0806521 0.0172649 0.00126486 3.02725e-05 1.87036e-07 2.5732e-10 6.7397e-14 2.98825e-18 2.05276e-23 2.05766e-29 2.89141e-36 5.53469e-44
 1.40236e-41 1.94638e-33 3.26545e-26 6.62227e-20 1.62337e-14 4.81035e-10 1.72299e-06 0.000745995 0.0390446 0.247802 0.223822 0.205343 0.176579 0.0881814 0.0173514 0.0011075 2.16474e-05 1.05301e-07 1.10891e-10 2.16898e-14 7.06425e-19 3.53856e-24 2.57557e-30 2.61424e-37 3.59104e-45
 1.46671e-41 2.0357e-33 3.41531e-26 6.92618e-20 1.69787e-14 5.0311e-10 1.80206e-06 0.00078023 0.0408363 0.259124 0.231915 0.202944 0.169124 0.0783152 0.0158868 0.00105415 1.90283e-05 7.99378e-08 7.02527e-11 1.12776e-14 2.98612e-19 1.20741e-24 7.058e-31 5.73969e-38 6.31346e-46
 1.46673e-41 2.03572e-33 3.41534e-26 6.92625e-20 1.69789e-14 5.03115e-10 1.80208e-06 0.000780238 0.0408367 0.259126 0.231917 0.202948 0.169211 0.0784872 0.0156886 0.000986781 1.65373e-05 6.31502e-08 4.96237e-11 7.0454e-15 1.63726e-19 5.781e-25 2.94034e-31 2.07506e-38 1.97702e-46
#pred catch len freq
 2.55824e-27 2.57522e-27 2.17788e-26 4.05458e-20 9.9393e-15 2.94519e-10 1.05492e-06 0.00045674 0.0239041 0.151225 0.116126 0.0411195 0.231396 0.214039 0.0532415 0.0680786 0.0288553 0.0216342 0.013059 0.00974097 0.00748624 0.00633837 0.00621962 0.00543124 0.00164843
 2.55865e-27 2.57657e-27 2.31033e-26 4.33403e-20 1.06244e-14 3.14819e-10 1.12763e-06 0.00048822 0.0255517 0.161647 0.12406 0.0395707 0.214039 0.198916 0.0670909 0.103168 0.0347883 0.0141122 0.006251 0.00352028 0.0022084 0.00159888 0.00138487 0.00120361 0.000399453
 2.55967e-27 2.57916e-27 2.51753e-26 4.77105e-20 1.16956e-14 3.46563e-10 1.24133e-06 0.000537448 0.0281281 0.177947 0.136529 0.0410332 0.216408 0.200619 0.0586464 0.0836271 0.0311259 0.0168466 0.00531232 0.00162521 0.000679094 0.000375044 0.000268024 0.000217578 7.4568e-05
 2.56009e-27 2.58013e-27 2.58738e-26 4.91835e-20 1.20567e-14 3.57263e-10 1.27966e-06 0.000554042 0.0289966 0.183441 0.140741 0.0420897 0.221489 0.205109 0.0558935 0.0760802 0.0267206 0.0123803 0.00448081 0.0014917 0.000330659 0.000102054 5.15312e-05 3.57608e-05 1.20891e-05
 2.56141e-27 2.58356e-27 2.87671e-26 5.52866e-20 1.35529e-14 4.01595e-10 1.43845e-06 0.000622792 0.0325947 0.206204 0.158126 0.0423481 0.21124 0.19546 0.050735 0.0666612 0.0225851 0.00919015 0.0030099 0.000929761 0.000232555 4.23769e-05 1.01079e-05 4.98655e-06 1.57224e-06
 2.5609e-27 2.58203e-27 2.72564e-26 5.2099e-20 1.27715e-14 3.78441e-10 1.35551e-06 0.000586885 0.0307154 0.194315 0.149076 0.04406 0.230627 0.213093 0.0492313 0.0587433 0.0194259 0.00718093 0.00219546 0.000588438 0.000131267 2.42626e-05 3.19369e-06 7.05836e-07 1.83941e-07
 2.5612e-27 2.58287e-27 2.80429e-26 5.37585e-20 1.31782e-14 3.90495e-10 1.39869e-06 0.000605578 0.0316938 0.200504 0.153791 0.0434183 0.222431 0.205659 0.0502708 0.0629457 0.0200841 0.00625069 0.00180574 0.000437336 8.53217e-05 1.37652e-05 1.61187e-06 1.51783e-07 2.25304e-08
 2.5632e-27 2.58815e-27 3.25551e-26 6.32767e-20 1.55115e-14 4.59634e-10 1.64633e-06 0.000712799 0.0373053 0.236004 0.180898 0.0433883 0.203157 0.187573 0.0416353 0.0477864 0.0152289 0.00471814 0.0012768 0.000260609 4.5666e-05 6.37793e-06 6.37516e-07 4.19984e-08 2.49373e-09
 2.56442e-27 2.59134e-27 3.52601e-26 6.89827e-20 1.69103e-14 5.01082e-10 1.79479e-06 0.000777076 0.0406694 0.257286 0.197152 0.0436009 0.193356 0.178304 0.0359273 0.037075 0.0115716 0.00321785 0.000860057 0.000172277 2.63695e-05 3.14605e-06 2.67298e-07 1.42573e-08 4.48708e-10
 2.56408e-27 2.59032e-27 3.42792e-26 6.69131e-20 1.64029e-14 4.86049e-10 1.74094e-06 0.000753762 0.0394492 0.249567 0.191273 0.0445268 0.204533 0.188482 0.035286 0.0330294 0.0100299 0.00234987 0.000592655 0.000108016 1.61228e-05 1.74092e-06 1.23154e-07 5.43014e-09 1.2447e-10
 2.56302e-27 2.58743e-27 3.17121e-26 6.14976e-20 1.50754e-14 4.46711e-10 1.60004e-06 0.000692758 0.0362565 0.229369 0.175863 0.0453904 0.221931 0.204527 0.0379556 0.0350624 0.0103938 0.00200781 0.000466675 7.18457e-05 9.70045e-06 9.77833e-07 6.29732e-08 2.29645e-09 4.20581e-11
 2.56423e-27 2.59076e-27 3.46798e-26 6.77583e-20 1.66101e-14 4.92188e-10 1.76293e-06 0.000763283 0.0399475 0.252719 0.193676 0.044301 0.201126 0.18538 0.0354952 0.0342663 0.0100786 0.00179642 0.000393184 4.98825e-05 5.7725e-06 4.98046e-07 2.91296e-08 9.54351e-10 1.44122e-11
 2.56515e-27 2.59319e-27 3.67757e-26 7.21796e-20 1.76939e-14 5.24303e-10 1.87797e-06 0.000813088 0.0425541 0.269209 0.206265 0.0441549 0.191169 0.176071 0.0316526 0.027854 0.00825693 0.00160143 0.000352054 4.13535e-05 4.20274e-06 2.95243e-07 1.4403e-08 4.17011e-10 5.57185e-12
 2.56334e-27 2.58821e-27 3.23111e-26 6.27608e-20 1.53851e-14 4.55887e-10 1.63291e-06 0.000706988 0.0370012 0.23408 0.17947 0.0459901 0.22396 0.206218 0.0349595 0.0277979 0.0081073 0.00136854 0.000296156 3.71966e-05 3.7043e-06 2.3072e-07 9.13859e-09 2.15224e-10 2.48722e-12
 2.56194e-27 2.58448e-27 2.90673e-26 5.59181e-20 1.37076e-14 4.06182e-10 1.45488e-06 0.000629906 0.032967 0.208559 0.159989 0.0464151 0.240881 0.221975 0.0403387 0.0360837 0.0103752 0.00145652 0.000292027 3.21756e-05 3.1944e-06 2.04707e-07 7.37088e-09 1.41629e-10 1.313e-12
 2.56311e-27 2.58771e-27 3.19775e-26 6.20575e-20 1.52126e-14 4.50778e-10 1.61461e-06 0.000699065 0.0365865 0.231457 0.177453 0.0450827 0.218473 0.201402 0.0386062 0.0373178 0.0108441 0.00170049 0.000342023 3.16938e-05 2.76943e-06 1.62553e-07 5.95059e-09 1.06996e-10 8.19109e-13
 2.56455e-27 2.59151e-27 3.523e-26 6.89185e-20 1.68945e-14 5.00616e-10 1.79312e-06 0.000776353 0.0406315 0.257047 0.196992 0.0450599 0.204571 0.188339 0.0320342 0.0256267 0.0074445 0.00120195 0.000246962 2.47834e-05 2.06443e-06 1.01072e-07 3.28188e-09 5.76978e-11 4.19821e-13
 2.56446e-27 2.5912e-27 3.49028e-26 6.82281e-20 1.67253e-14 4.956e-10 1.77516e-06 0.000768575 0.0402244 0.254471 0.195035 0.0456606 0.210517 0.19371 0.0308788 0.0216341 0.00614862 0.000782013 0.000150344 1.54731e-05 1.34698e-06 6.8048e-08 1.92129e-09 2.9004e-11 1.99702e-13
 2.56535e-27 2.5936e-27 3.70205e-26 7.26954e-20 1.78204e-14 5.2805e-10 1.89139e-06 0.000818899 0.0428582 0.271133 0.207749 0.0450963 0.19729 0.181488 0.0284233 0.0191091 0.00536104 0.000564726 9.75264e-05 8.06052e-06 6.50376e-07 3.39981e-08 9.99218e-10 1.38713e-11 8.15825e-14
 2.56566e-27 2.5944e-27 3.76812e-26 7.40891e-20 1.81621e-14 5.38174e-10 1.92765e-06 0.000834599 0.0436799 0.276331 0.211722 0.0452906 0.195977 0.180181 0.0264453 0.0149304 0.00414748 0.000391644 6.27887e-05 4.31615e-06 2.88331e-07 1.24112e-08 3.58618e-10 5.16303e-12 2.89753e-14
 2.56604e-27 2.59545e-27 3.86286e-26 7.60878e-20 1.8652e-14 5.52692e-10 1.97965e-06 0.000857113 0.0448582 0.283786 0.217406 0.0448291 0.188472 0.173298 0.0260188 0.0156882 0.00434635 0.000377172 5.71693e-05 3.59961e-06 2.13201e-07 7.35231e-09 1.70995e-10 2.24599e-12 1.28513e-14
 2.56624e-27 2.59597e-27 3.90678e-26 7.70143e-20 1.88791e-14 5.59422e-10 2.00376e-06 0.00086755 0.0454045 0.287241 0.220046 0.0449079 0.187217 0.172087 0.0248469 0.0133238 0.00368232 0.000322035 4.86623e-05 2.82501e-06 1.53096e-07 4.67749e-09 8.98165e-11 9.25055e-13 4.59502e-15
 2.56654e-27 2.59677e-27 3.97671e-26 7.84895e-20 1.92407e-14 5.70138e-10 2.04214e-06 0.000884168 0.0462741 0.292743 0.224245 0.044773 0.18324 0.168399 0.0238576 0.0119969 0.00329214 0.000255582 3.57379e-05 2.07227e-06 1.09748e-07 3.03691e-09 5.19954e-11 4.475e-13 1.74776e-15
 2.56726e-27 2.59871e-27 4.14691e-26 8.208e-20 2.01209e-14 5.96219e-10 2.13556e-06 0.000924614 0.048391 0.306135 0.234465 0.0443991 0.173214 0.159112 0.0215697 0.00912015 0.00247678 0.00016851 2.09591e-05 1.0803e-06 5.15829e-08 1.40346e-09 2.25642e-11 1.72193e-13 5.70694e-16
 2.56746e-27 2.59928e-27 4.19703e-26 8.31373e-20 2.03801e-14 6.03899e-10 2.16306e-06 0.000936525 0.0490143 0.310078 0.237473 0.0442146 0.169697 0.155874 0.0211438 0.00896388 0.00242881 0.000154717 1.79059e-05 8.31462e-07 3.43562e-08 8.14442e-10 1.21979e-11 8.9011e-14 2.66133e-16
 2.56644e-27 2.59647e-27 3.94638e-26 7.78495e-20 1.90839e-14 5.65489e-10 2.02549e-06 0.000876958 0.0458968 0.290356 0.222429 0.0451522 0.187402 0.172169 0.0232491 0.00966193 0.00261694 0.000167982 1.95227e-05 8.59636e-07 3.22946e-08 6.66345e-10 8.55835e-12 5.53891e-14 1.5652e-16
 2.56596e-27 2.59516e-27 3.83068e-26 7.54087e-20 1.84855e-14 5.4776e-10 1.96198e-06 0.000849464 0.0444579 0.281253 0.215483 0.0454998 0.194927 0.179115 0.0245089 0.0107844 0.00292132 0.000178316 1.96267e-05 8.62222e-07 3.19877e-08 6.12247e-10 6.96936e-12 3.82617e-14 9.37097e-17
 2.56671e-27 2.59724e-27 4.01749e-26 7.93497e-20 1.94516e-14 5.76387e-10 2.06452e-06 0.000893858 0.0467813 0.295952 0.226694 0.0446846 0.180847 0.166183 0.0233217 0.011332 0.00308502 0.000199832 2.3381e-05 9.9273e-07 3.49097e-08 6.6247e-10 7.26812e-12 3.5903e-14 7.56566e-17
 2.5652e-27 2.59309e-27 3.64687e-26 7.1531e-20 1.7535e-14 5.19592e-10 1.86109e-06 0.000805782 0.0421717 0.26679 0.204449 0.0461066 0.207297 0.190518 0.0263147 0.0120303 0.00327184 0.000216586 2.5962e-05 1.1489e-06 4.25423e-08 7.74397e-10 8.16056e-12 3.9384e-14 7.70855e-17
#obs catch len freq
 5.98579e-42 8.30788e-34 1.39382e-26 2.82664e-20 6.92917e-15 2.05324e-10 7.35437e-07 0.000318419 0.0166648 0.105427 0.081271 0.042396 0.227032 0.191698 0.131756 0.127396 0.0521274 0.019369 0.00405267 0.000469016 2.22458e-05 3.15703e-07 1.00982e-09 5.93282e-13 5.59982e-17
 6.87175e-42 9.53753e-34 1.60012e-26 3.24501e-20 7.95475e-15 2.35714e-10 8.44289e-07 0.000365548 0.0191313 0.121032 0.0932982 0.0461666 0.22968 0.184427 0.128938 0.114192 0.0445835 0.0150641 0.0028305 0.00028066 1.08174e-05 1.18385e-07 2.80784e-10 1.19297e-13 8.02492e-18
 1.03294e-41 1.43365e-33 2.40525e-26 4.87779e-20 1.19573e-14 3.54318e-10 1.26911e-06 0.00054948 0.0287576 0.18193 0.139872 0.0482962 0.202797 0.154671 0.109822 0.0887625 0.0328321 0.00993053 0.00163676 0.000136742 4.23184e-06 3.55013e-08 6.23522e-11 1.91802e-14 9.21339e-19
 8.82959e-42 1.22549e-33 2.05601e-26 4.16955e-20 1.02212e-14 3.02872e-10 1.08484e-06 0.000469697 0.0245821 0.155516 0.120034 0.0600556 0.262054 0.182925 0.0958906 0.0674599 0.0236606 0.00637788 0.000909061 6.25765e-05 1.52895e-06 9.74376e-09 1.26284e-11 2.81213e-15 9.66072e-20
 1.21943e-41 1.69249e-33 2.83951e-26 5.75846e-20 1.41162e-14 4.18288e-10 1.49824e-06 0.000648687 0.0339497 0.214778 0.165184 0.0539627 0.193175 0.135519 0.109939 0.0703388 0.0180252 0.00396619 0.000484431 2.70799e-05 5.12494e-07 2.44708e-09 2.32421e-12 3.73691e-16 9.17922e-21
 1.28391e-41 1.78199e-33 2.98966e-26 6.06296e-20 1.48626e-14 4.40407e-10 1.57747e-06 0.000682989 0.0357449 0.226136 0.174178 0.0637714 0.220842 0.138003 0.0767582 0.0460317 0.0148643 0.0027393 0.000235815 1.01877e-05 1.47177e-07 5.19075e-10 3.57363e-13 4.12221e-17 7.21815e-22
 1.1756e-41 1.63165e-33 2.73743e-26 5.55146e-20 1.36088e-14 4.03252e-10 1.44438e-06 0.000625368 0.0327293 0.20706 0.159887 0.0693915 0.23451 0.14255 0.0931227 0.0472416 0.0108169 0.00190471 0.000154781 4.7062e-06 4.78747e-08 1.22272e-10 6.04013e-14 4.95591e-18 6.14701e-23
 1.45249e-41 2.01596e-33 3.38219e-26 6.85902e-20 1.68141e-14 4.98232e-10 1.78459e-06 0.000772664 0.0404382 0.255828 0.197065 0.0648651 0.185457 0.11266 0.0892514 0.0426093 0.00967765 0.00129134 8.06256e-05 2.09101e-06 1.52785e-08 2.62936e-11 9.00073e-15 5.18907e-19 4.52636e-24
 1.6725e-41 2.32132e-33 3.89449e-26 7.89795e-20 1.93609e-14 5.73699e-10 2.0549e-06 0.000889699 0.0465633 0.294579 0.226859 0.0688111 0.17523 0.0948593 0.0584777 0.026315 0.00655716 0.000815236 4.07808e-05 7.64168e-07 4.26156e-09 5.3002e-12 1.22404e-15 4.74794e-20 2.84059e-25
 1.64514e-41 2.28335e-33 3.8308e-26 7.76878e-20 1.90442e-14 5.64316e-10 2.02129e-06 0.000875148 0.0458017 0.289763 0.223624 0.0769926 0.189763 0.0957029 0.053594 0.0197151 0.00371969 0.000426557 1.99406e-05 2.95225e-07 1.16482e-09 1.03093e-12 1.70254e-16 4.57053e-21 1.84543e-26
 1.5609e-41 2.16643e-33 3.63463e-26 7.37097e-20 1.80691e-14 5.35419e-10 1.91778e-06 0.000830334 0.0434564 0.274929 0.21278 0.0839731 0.199249 0.0998398 0.061791 0.0198676 0.00301898 0.000253518 9.2246e-06 1.16451e-07 3.60214e-10 2.26462e-13 2.58133e-17 4.83042e-22 1.3647e-27
 1.52115e-41 2.11126e-33 3.54208e-26 7.18327e-20 1.76089e-14 5.21785e-10 1.86895e-06 0.00080919 0.0423498 0.267932 0.207916 0.0893605 0.199709 0.101086 0.0675211 0.0201793 0.00293457 0.000195542 4.96467e-06 4.43967e-08 1.05491e-10 5.09449e-14 4.21848e-18 5.49318e-23 1.06591e-28
 1.92968e-41 2.67826e-33 4.49334e-26 9.11241e-20 2.2338e-14 6.61916e-10 2.37087e-06 0.00102651 0.0537233 0.339882 0.262359 0.0761168 0.135662 0.0689759 0.046908 0.0133 0.00192567 0.000114943 2.36276e-06 1.46727e-08 2.33516e-11 7.96499e-15 4.84981e-19 4.63436e-24 6.44304e-30
 1.62559e-41 2.25621e-33 3.78526e-26 7.67644e-20 1.88179e-14 5.57608e-10 1.99726e-06 0.000864745 0.0452573 0.286339 0.22345 0.107252 0.205482 0.08254 0.0376564 0.00973605 0.00134578 7.37063e-05 1.3395e-06 6.617e-09 7.47062e-12 1.69251e-15 6.89053e-20 4.56383e-25 4.52176e-31
 1.33604e-41 1.85433e-33 3.11103e-26 6.30911e-20 1.5466e-14 4.58287e-10 1.64151e-06 0.000710717 0.0371961 0.235353 0.185837 0.120229 0.225991 0.112457 0.0678054 0.0131467 0.00121516 5.61812e-05 8.94524e-07 3.71894e-09 3.31254e-12 5.48233e-16 1.53192e-20 6.75929e-26 4.4685e-32
 1.21436e-41 1.68545e-33 2.82769e-26 5.7345e-20 1.40575e-14 4.16548e-10 1.49201e-06 0.000645988 0.0338085 0.213933 0.170363 0.123954 0.22001 0.129824 0.0862348 0.0191798 0.00198044 6.48101e-05 7.21525e-07 2.3875e-09 1.71099e-12 2.20669e-16 4.61179e-21 1.46019e-26 6.69402e-33
 1.63801e-41 2.27345e-33 3.81419e-26 7.7351e-20 1.89617e-14 5.6187e-10 2.01253e-06 0.000871354 0.0456032 0.288547 0.22641 0.104505 0.156978 0.0976497 0.0628629 0.0148652 0.00164901 5.65136e-05 5.31617e-07 1.19815e-09 6.06242e-13 5.88718e-17 9.36624e-22 2.22819e-27 7.52854e-34
 1.48782e-41 2.065e-33 3.46447e-26 7.02587e-20 1.72231e-14 5.10352e-10 1.828e-06 0.00079146 0.0414219 0.262131 0.209666 0.140551 0.202512 0.0887191 0.0432276 0.00987308 0.00106688 3.70785e-05 3.44322e-07 6.83295e-10 2.56411e-13 1.69578e-17 1.8719e-22 3.21049e-28 7.97116e-35
 1.54624e-41 2.14607e-33 3.60048e-26 7.3017e-20 1.78993e-14 5.30388e-10 1.89976e-06 0.000822532 0.0430482 0.272432 0.217874 0.133951 0.178924 0.0986828 0.0465139 0.00715234 0.000579744 1.81754e-05 1.56622e-07 2.85572e-10 9.33672e-14 4.9285e-18 3.96208e-23 4.68724e-29 7.96072e-36
 1.52693e-41 2.11928e-33 3.55553e-26 7.21054e-20 1.76758e-14 5.23766e-10 1.87604e-06 0.000812263 0.0425108 0.269068 0.217582 0.147695 0.182758 0.0922871 0.0401743 0.00665546 0.000446232 9.46006e-06 6.29618e-08 9.7134e-11 2.71339e-14 1.20414e-18 7.8793e-24 7.26051e-30 9.15689e-37
 1.64743e-41 2.28652e-33 3.83611e-26 7.77956e-20 1.90707e-14 5.65099e-10 2.02409e-06 0.000876362 0.0458655 0.290313 0.234466 0.143354 0.162151 0.0849077 0.0330931 0.00468247 0.000284033 5.23422e-06 2.47951e-08 2.66117e-11 5.62406e-15 1.97852e-19 1.03611e-24 7.60011e-31 7.53618e-38
 1.59623e-41 2.21547e-33 3.7169e-26 7.5378e-20 1.8478e-14 5.47538e-10 1.96119e-06 0.000849128 0.0444404 0.281361 0.231091 0.161904 0.170147 0.0792871 0.027193 0.00354195 0.000180529 2.74081e-06 1.06575e-08 8.55886e-12 1.24809e-15 3.04935e-20 1.15874e-25 6.37872e-32 4.82165e-39
 1.64314e-41 2.28057e-33 3.82613e-26 7.75931e-20 1.9021e-14 5.63628e-10 2.01882e-06 0.000874081 0.0457464 0.28967 0.238889 0.160777 0.158608 0.0787285 0.0240091 0.0025852 0.00010973 1.36667e-06 4.17193e-09 2.59831e-12 2.8665e-16 5.04232e-21 1.3271e-26 5.02488e-33 2.65477e-40
 1.64848e-41 2.28798e-33 3.83856e-26 7.78453e-20 1.90829e-14 5.6546e-10 2.02539e-06 0.000876922 0.0458953 0.290694 0.242821 0.170413 0.155619 0.0717875 0.0198415 0.00198039 6.89677e-05 6.6697e-07 1.57507e-09 7.46379e-13 6.16365e-17 8.0556e-22 1.55764e-27 4.24775e-34 1.58133e-41
 1.68669e-41 2.34102e-33 3.92755e-26 7.96498e-20 1.95252e-14 5.78568e-10 2.07234e-06 0.00089725 0.0469595 0.29751 0.250469 0.172814 0.147541 0.0664136 0.0159963 0.0013568 3.99831e-05 3.14073e-07 5.61909e-10 1.96769e-13 1.19756e-17 1.14814e-22 1.61935e-28 3.21032e-35 8.66432e-43
 1.68218e-41 2.33476e-33 3.91704e-26 7.94367e-20 1.9473e-14 5.7702e-10 2.06679e-06 0.00089485 0.0468343 0.296847 0.253875 0.181725 0.144837 0.0609975 0.0130042 0.000959729 2.29857e-05 1.43121e-07 1.99539e-10 5.25605e-14 2.3314e-18 1.60923e-23 1.63234e-29 2.32879e-36 4.52026e-44
 1.46957e-41 2.03967e-33 3.42196e-26 6.93967e-20 1.70118e-14 5.0409e-10 1.80557e-06 0.00078175 0.040916 0.259686 0.234845 0.214945 0.167198 0.0680898 0.0127214 0.000799232 1.57012e-05 7.7129e-08 8.18588e-11 1.61709e-14 5.3202e-19 2.68176e-24 1.95705e-30 1.99046e-37 2.74571e-45
 1.50019e-41 2.08216e-33 3.49325e-26 7.08425e-20 1.73662e-14 5.14592e-10 1.84319e-06 0.000798037 0.0417682 0.264991 0.235208 0.197237 0.166878 0.0780607 0.0142242 0.000818992 1.40453e-05 5.85663e-08 5.18042e-11 8.39037e-15 2.23945e-19 9.12721e-25 5.37826e-31 4.40416e-38 4.86857e-46
 1.55705e-41 2.16108e-33 3.62567e-26 7.35278e-20 1.80245e-14 5.34098e-10 1.91305e-06 0.000828286 0.0433513 0.274994 0.242344 0.194472 0.158034 0.0710804 0.0140079 0.000870954 1.44885e-05 5.50082e-08 4.30468e-11 6.09401e-15 1.41325e-19 4.98257e-25 2.53139e-31 1.7849e-38 1.6994e-46
#spawning biomass
 15888.9 17542.2 19569.3 23054 27711.7 32416.3 36567.5 42222.7 62500 91739.4 110967 129107 177430 211885 191623 162543 149571 145688 139285 135289 148121 157494 163316 166733 193585 206001 188741 182298 192283 279627 214943 95529.7 37342.8 22458.8 19305.6 18688.4 18573.4 18552.7 18549.1 18548.5 18548.4 18548.4 18548.4 18548.4 18548.4 18548.4 18548.4 18548.4 18548.4 18548.4 18548.4 18548.4 18548.4 18548.4 18548.4 18548.4 18548.4 18548.4 18548.4 18548.4 18548.4 18548.4 18548.4 18548.4 18548.4 18548.4 18548.4 18548.4 18548.4 18548.4 18548.4 18548.4 18548.4 18548.4 18548.4 18548.4 18548.4 18548.4 18548.4 18548.4 18548.4 18548.4 18548.4 18548.4 18548.4 18548.4 18548.4 18548.4 18548.4 18548.4 18548.4 18548.4 18548.4 18548.4 18548.4 18548.4 18548.4 18548.4 18548.4 18548.4 18548.4 18548.4 18548.4 18548.4 18548.4 18548.4 18548.4 18548.4 18548.4 18548.4 18548.4 18548.4 18548.4 18548.4 18548.4 18548.4 18548.4 18548.4 18548.4 18548.4 18548.4 18548.4 18548.4 18548.4 18548.4 18548.4 18548.4 18548.4 18548.4 0 0 0 0 0 0 0 0 0 0 0 0 0 0 0 0 0 0 0 0 0 0 0 0 0
