SBPRF35
0.127384
Curr Bio
135909
B35
156544
F35
0.902653
FOFL
0.489469
OFL
21578.2
Bzero
36395.5
#pred survey bio
 7487.68 9242.13 11907.8 14036 21723 35001.8 34175.3 40653.8 52410.4 65758.2 81545.2 104005 135633 166444 172589 141302 135497 128119 119686 108838 111040 128703 144999 149929 147526 162562 157069 148880 147839 3.59499e+06 2.31182e+06 1.28665e+06 720755 490010 397656 357926 339120 329513 324379 321577 320035 319186 318719 318462 318319 318242 318201 318178 318166 318160 318156 318154 318153 318153 318153 318152 318152 318152 318152 318152 318152 318152 318152 318152 318152 318152 318152 318152 318152 318152 318152 318152 318152 318152 318152 318152 318152 318152 318152 318152 318152 318152 318152 318152 318152 318152 318152 318152 318152 318152 318152 318152 318152 318152 318152 318152 318152 318152 318152 318152 318152 318152 318152 318152 318152 318152 318152 318152 318152 318152 318152 318152 318152 318152 318152 318152 318152 318152 318152 318152 318152 318152 318152 318152 318152 318152 318152 318152 318152 0 0 0 0 0 0 0 0 0 0 0 0 0 0 0 0 0 0 0 0 0 0 0 0 0
#obs survey bio
 6326.02 6204.41 9916.93 22394.5 20496 31405.9 35332.9 37728.7 56001.2 71048.6 96165.5 118231 111225 125678 123943 99402 150136 119827 115140 81899.5 103514 108894 126494 143938 93608.3 131166 138250 104915 103083
#pred catch bio
 3271.43 4681.53 6346.51 7599.02 8450.63 19528.8 19017.2 22116.8 29178.2 37853.9 47317.3 59127.4 79601.4 101012 117647 92528.9 89243.3 84664.1 82996.5 74316.6 71351.5 85103.4 100815 106914 101108 118204 116629 106858 146884 21578.2 47843.3 23155 11107.1 7114.28 5955.2 5643.99 5564.71 5545.25 5540.6 5539.51 5539.26 5539.21 5539.19 5539.19 5539.19 5539.19 5539.19 5539.19 5539.19 5539.19 5539.19 5539.19 5539.19 5539.19 5539.19 5539.19 5539.19 5539.19 5539.19 5539.19 5539.19 5539.19 5539.19 5539.19 5539.19 5539.19 5539.19 5539.19 5539.19 5539.19 5539.19 5539.19 5539.19 5539.19 5539.19 5539.19 5539.19 5539.19 5539.19 5539.19 5539.19 5539.19 5539.19 5539.19 5539.19 5539.19 5539.19 5539.19 5539.19 5539.19 5539.19 5539.19 5539.19 5539.19 5539.19 5539.19 5539.19 5539.19 5539.19 5539.19 5539.19 5539.19 5539.19 5539.19 5539.19 5539.19 5539.19 5539.19 5539.19 5539.19 5539.19 5539.19 5539.19 5539.19 5539.19 5539.19 5539.19 5539.19 5539.19 5539.19 5539.19 5539.19 5539.19 5539.19 5539.19 5539.19 5539.19 5539.19 5539.19 0 0 0 0 0 0 0 0 0 0 0 0 0 0 0 0 0 0 0 0 0 0 0 0 0
#obs catch bio
 4631.82 4766.01 6421.29 7555.83 8320.27 19438.1 18933.3 21720 28932.8 37523.4 46485.8 57800.7 79042.6 101709 119600 92659.2 88746.9 83453.8 82277.6 74482.6 69990.1 83206.4 99808.6 104334 98371.6 116973 114967 106356 151303
#pred cpue bio
 6267.98 7247.62 9240.67 11030.3 16021.3 27682.6 27553.9 31104.2 40316.6 50516.3 62231.9 78889.2 103189 126967 134995 110115 103973 98916.5 92333.7 82694.8 83435.2 96833.8 108543 112065 110182 120843 116882 110066 110295 2.31314e+06 2.22091e+06 1.2469e+06 677298 446030 353628 313895 295088 285481 280347 277545 276003 275154 274687 274430 274287 274210 274169 274146 274134 274128 274124 274123 274122 274121 274121 274120 274120 274120 274120 274120 274120 274120 274120 274120 274120 274120 274120 274120 274120 274120 274120 274120 274120 274120 274120 274120 274120 274120 274120 274120 274120 274120 274120 274120 274120 274120 274120 274120 274120 274120 274120 274120 274120 274120 274120 274120 274120 274120 274120 274120 274120 274120 274120 274120 274120 274120 274120 274120 274120 274120 274120 274120 274120 274120 274120 274120 274120 274120 274120 274120 274120 274120 274120 274120 274120 274120 274120 274120 274120 0 0 0 0 0 0 0 0 0 0 0 0 0 0 0 0 0 0 0 0 0 0 0 0 0
#obs cpue bio
 5498.29 7238.76 9051.07 11066 20609.9 26828.7 35935.1 44863.1 39521.4 54124.4 78456.6 99527.3 117155 131436 149215 168118 107849 138983 108064 98642 139675 166546 133401 193078 259242 162358 170901 144675 114533
#pred surv len freq
 2.5693e-27 2.60483e-27 4.75635e-26 9.49391e-20 2.32732e-14 6.89626e-10 2.47012e-06 0.00106947 0.0559722 0.354095 0.270965 0.0367565 0.0894068 0.082529 0.0213535 0.0282261 0.0131994 0.0116188 0.0078097 0.0063741 0.00527331 0.00473581 0.00488097 0.00438672 0.00134455
 2.57084e-27 2.60874e-27 5.06564e-26 1.01462e-19 2.48723e-14 7.37011e-10 2.63985e-06 0.00114295 0.0598181 0.378425 0.28958 0.0390432 0.0937328 0.0862256 0.0168962 0.01692 0.00653399 0.00406959 0.00224196 0.00154455 0.00111104 0.000885058 0.000825201 0.000749767 0.000252586
 2.57083e-27 2.60867e-27 5.05068e-26 1.01146e-19 2.47948e-14 7.34715e-10 2.63163e-06 0.00113939 0.0596318 0.377247 0.288692 0.0397895 0.100036 0.0919831 0.0168937 0.0154061 0.0051693 0.00209041 0.000841739 0.000415101 0.000233987 0.000155537 0.000125411 0.000109178 3.82808e-05
 2.57024e-27 2.60704e-27 4.90629e-26 9.81006e-20 2.40482e-14 7.1259e-10 2.55238e-06 0.00110508 0.057836 0.365887 0.280024 0.0402548 0.109667 0.10088 0.0186523 0.0171702 0.00559387 0.0019693 0.00061859 0.000192417 6.95045e-05 3.33644e-05 2.14092e-05 1.67332e-05 5.86527e-06
 2.57267e-27 2.61366e-27 5.49285e-26 1.10475e-19 2.70815e-14 8.02474e-10 2.87433e-06 0.00124447 0.0651312 0.412038 0.315236 0.0384553 0.0712337 0.0654301 0.0126759 0.0124579 0.00407295 0.00144623 0.000430292 0.000109148 2.43047e-05 6.58903e-06 2.77699e-06 1.7578e-06 5.90783e-07
 2.56988e-27 2.60604e-27 4.81391e-26 9.61516e-20 2.35704e-14 6.98434e-10 2.50167e-06 0.00108313 0.056687 0.358618 0.274484 0.0408709 0.118248 0.108716 0.0185478 0.0149646 0.00500875 0.00198529 0.000599722 0.000150448 2.8379e-05 4.61267e-06 9.34392e-07 3.8179e-07 1.15346e-07
 2.5691e-27 2.60399e-27 4.64129e-26 9.25103e-20 2.26778e-14 6.71983e-10 2.40693e-06 0.00104211 0.0545402 0.345036 0.26411 0.0406648 0.123968 0.114174 0.0227759 0.0232226 0.00734226 0.00221367 0.000679868 0.00018618 3.52621e-05 4.92573e-06 5.27041e-07 9.09438e-08 2.10582e-08
 2.57143e-27 2.61034e-27 5.2043e-26 1.04388e-19 2.55894e-14 7.58258e-10 2.71595e-06 0.0011759 0.0615426 0.389335 0.297908 0.0389254 0.0869854 0.080045 0.0166942 0.0179649 0.00607467 0.00245522 0.000698954 0.000155538 3.10643e-05 4.48366e-06 3.93741e-07 2.74061e-08 3.17527e-09
 2.57107e-27 2.60929e-27 5.10213e-26 1.02232e-19 2.50609e-14 7.42599e-10 2.65986e-06 0.00115162 0.0602716 0.381295 0.291785 0.0399479 0.0990686 0.0910284 0.0156155 0.0127323 0.0043743 0.00191178 0.000615121 0.000167705 2.86131e-05 3.90795e-06 3.52649e-07 1.71517e-08 6.98314e-10
 2.57113e-27 2.60946e-27 5.11819e-26 1.02571e-19 2.5144e-14 7.45061e-10 2.66868e-06 0.00115544 0.0604714 0.382559 0.292748 0.0397915 0.0972022 0.0893475 0.0160768 0.0141861 0.0044848 0.0013702 0.000440771 0.000132838 2.75389e-05 3.71e-06 3.03687e-07 1.42754e-08 3.19828e-10
 2.57138e-27 2.6101e-27 5.17469e-26 1.03763e-19 2.54361e-14 7.53718e-10 2.69969e-06 0.00116886 0.0611741 0.387004 0.296141 0.0397008 0.0941278 0.0864907 0.01521 0.012932 0.00416275 0.00138572 0.000388577 8.87605e-05 1.93685e-05 3.07925e-06 2.65669e-07 1.14628e-08 2.24093e-10
 2.57159e-27 2.61067e-27 5.22417e-26 1.04806e-19 2.5692e-14 7.613e-10 2.72685e-06 0.00118062 0.0617895 0.390897 0.299112 0.0396322 0.0915183 0.0840662 0.0144843 0.0118836 0.00378608 0.00120366 0.000346653 8.0879e-05 1.37888e-05 2.03336e-06 2.02659e-07 9.33016e-09 1.69612e-10
 2.57147e-27 2.61034e-27 5.1943e-26 1.04176e-19 2.55375e-14 7.56723e-10 2.71045e-06 0.00117352 0.061418 0.388547 0.297319 0.0397513 0.093684 0.0860592 0.0147388 0.0119603 0.00378006 0.00115278 0.000324835 7.37125e-05 1.28956e-05 1.62685e-06 1.42452e-07 7.30645e-09 1.41026e-10
 2.57136e-27 2.61005e-27 5.16872e-26 1.03637e-19 2.54053e-14 7.52804e-10 2.69642e-06 0.00116745 0.0610999 0.386534 0.295784 0.0398415 0.0954494 0.0876858 0.0149805 0.0121015 0.00381211 0.00114181 0.000316448 6.89701e-05 1.16944e-05 1.46963e-06 1.14558e-07 5.20436e-09 1.08055e-10
 2.57034e-27 2.60726e-27 4.92096e-26 9.84099e-20 2.4124e-14 7.14837e-10 2.56043e-06 0.00110857 0.0580184 0.36704 0.280911 0.0406299 0.111898 0.102854 0.0174623 0.0139442 0.0043835 0.00129919 0.00035742 7.6354e-05 1.25174e-05 1.51334e-06 1.15116e-07 4.70647e-09 8.8541e-11
 2.5705e-27 2.60772e-27 4.96248e-26 9.92857e-20 2.43387e-14 7.21199e-10 2.58321e-06 0.00111843 0.0585348 0.370307 0.283403 0.0404476 0.108761 0.099973 0.0172222 0.0141203 0.00441438 0.00126504 0.000345186 7.28534e-05 1.17482e-05 1.37534e-06 1.0027e-07 3.94018e-09 6.71338e-11
 2.57115e-27 2.60947e-27 5.11802e-26 1.02567e-19 2.51431e-14 7.45034e-10 2.66859e-06 0.0011554 0.0604693 0.382545 0.292739 0.0399265 0.0982355 0.0902724 0.0157224 0.013143 0.00413948 0.00123359 0.000334657 6.86157e-05 1.09199e-05 1.25648e-06 8.86644e-08 3.3348e-09 5.40316e-11
 2.57086e-27 2.60867e-27 5.04492e-26 1.01025e-19 2.4765e-14 7.33832e-10 2.62846e-06 0.00113802 0.0595601 0.376793 0.288354 0.0403487 0.104529 0.0960319 0.0158678 0.0120244 0.00379576 0.00115616 0.000318532 6.72539e-05 1.05158e-05 1.18271e-06 8.18381e-08 2.97708e-09 4.61305e-11
 2.57091e-27 2.6088e-27 5.05739e-26 1.01288e-19 2.48295e-14 7.35742e-10 2.6353e-06 0.00114099 0.0597151 0.377774 0.289101 0.0402285 0.103089 0.0947262 0.0160545 0.0127746 0.00395381 0.00107167 0.000292983 6.32393e-05 1.01523e-05 1.14505e-06 7.72701e-08 2.74607e-09 4.11352e-11
 2.57148e-27 2.61035e-27 5.19322e-26 1.04153e-19 2.55319e-14 7.56557e-10 2.70986e-06 0.00117327 0.0614045 0.388462 0.297257 0.0399242 0.0950433 0.0872766 0.0142861 0.0106172 0.00330858 0.000938682 0.000248645 4.87325e-05 7.83915e-06 9.07941e-07 6.19497e-08 2.15565e-09 3.14617e-11
 2.57187e-27 2.61141e-27 5.28558e-26 1.06102e-19 2.60096e-14 7.7071e-10 2.76055e-06 0.00119521 0.0625532 0.395728 0.302803 0.0397259 0.0896384 0.0822726 0.0131027 0.00917464 0.00281931 0.000740664 0.000196979 3.96584e-05 5.95086e-06 6.58806e-07 4.59204e-08 1.61853e-09 2.3231e-11
 2.57183e-27 2.61128e-27 5.27469e-26 1.05872e-19 2.59532e-14 7.69041e-10 2.75458e-06 0.00119263 0.0624178 0.394872 0.302149 0.039747 0.0902578 0.0828482 0.0132773 0.00942643 0.00287262 0.000712669 0.000183629 3.48114e-05 5.29217e-06 5.68402e-07 3.73161e-08 1.32555e-09 1.9255e-11
 2.572e-27 2.61176e-27 5.31667e-26 1.06758e-19 2.61703e-14 7.75474e-10 2.77762e-06 0.0012026 0.0629399 0.398175 0.30467 0.0396448 0.0877099 0.0804912 0.0127565 0.00883196 0.00269433 0.000674898 0.000171336 3.06986e-05 4.41904e-06 4.63422e-07 2.98608e-08 1.0056e-09 1.45509e-11
 2.57203e-27 2.61182e-27 5.32091e-26 1.06847e-19 2.61923e-14 7.76123e-10 2.77994e-06 0.00120361 0.0629926 0.398508 0.304926 0.0397475 0.0883108 0.0810192 0.0123684 0.00781264 0.0023652 0.000569729 0.000144139 2.5891e-05 3.58831e-06 3.53494e-07 2.18661e-08 7.1902e-10 9.9555e-12
 2.57205e-27 2.61187e-27 5.32408e-26 1.06914e-19 2.62086e-14 7.76608e-10 2.78168e-06 0.00120436 0.0630319 0.398757 0.305116 0.0397805 0.0884281 0.0811189 0.0122322 0.00747471 0.0022289 0.000482428 0.000118601 2.06004e-05 2.84578e-06 2.74019e-07 1.5923e-08 4.98548e-10 6.69567e-12
 2.57223e-27 2.61236e-27 5.36874e-26 1.07856e-19 2.64396e-14 7.83452e-10 2.80619e-06 0.00121497 0.0635874 0.402271 0.307796 0.0395694 0.0849391 0.077918 0.0120053 0.0077627 0.00231007 0.000486584 0.000115862 1.82913e-05 2.42493e-06 2.28708e-07 1.30258e-08 3.85143e-10 4.90716e-12
 2.57216e-27 2.61217e-27 5.35051e-26 1.07471e-19 2.63453e-14 7.80659e-10 2.79619e-06 0.00121064 0.0633607 0.400837 0.306704 0.0397588 0.0871478 0.0799235 0.0117676 0.00671652 0.00200489 0.000442157 0.000105449 1.61173e-05 1.99523e-06 1.74276e-07 9.60777e-09 2.77178e-10 3.35264e-12
 2.57239e-27 2.61278e-27 5.40416e-26 1.08603e-19 2.66228e-14 7.8888e-10 2.82564e-06 0.00122339 0.0640279 0.405058 0.309925 0.0395929 0.0836223 0.0766727 0.011238 0.00632499 0.0018563 0.000356976 8.38837e-05 1.33097e-05 1.62905e-06 1.34202e-07 6.79316e-09 1.87035e-10 2.19582e-12
 2.57207e-27 2.61192e-27 5.32762e-26 1.06988e-19 2.62269e-14 7.7715e-10 2.78362e-06 0.0012052 0.0630759 0.399035 0.30533 0.0398425 0.0887497 0.0813999 0.011996 0.00686324 0.00201382 0.000384593 8.74535e-05 1.23489e-05 1.50973e-06 1.26008e-07 6.07312e-09 1.53812e-10 1.70626e-12
#obs surv len freq
 1.76419e-41 2.44857e-33 4.10799e-26 8.33092e-20 2.04223e-14 6.0515e-10 2.16755e-06 0.000938473 0.0491159 0.310722 0.237999 0.0440434 0.152233 0.128971 0.0363854 0.0279535 0.00843302 0.00263381 0.000508974 5.81919e-05 2.89994e-06 4.63345e-08 1.76864e-10 1.29216e-13 1.55857e-17
 2.16771e-41 3.00864e-33 5.04763e-26 1.02365e-19 2.50935e-14 7.43567e-10 2.66334e-06 0.00115313 0.0603504 0.381794 0.29224 0.0420239 0.0978979 0.0784169 0.0228793 0.0166658 0.00486926 0.00142686 0.000253236 2.54707e-05 1.05083e-06 1.30677e-08 3.7189e-11 1.97534e-14 1.70854e-18
 1.7226e-41 2.39085e-33 4.01115e-26 8.13453e-20 1.99409e-14 5.90884e-10 2.11645e-06 0.00091635 0.0479581 0.303398 0.232599 0.0511998 0.181695 0.135731 0.0267706 0.0143501 0.00406488 0.00111728 0.000181445 1.58837e-05 5.41182e-07 5.25132e-09 1.11551e-11 4.30445e-15 2.66489e-19
 2.08862e-41 2.89887e-33 4.86345e-26 9.86298e-20 2.41779e-14 7.16437e-10 2.56616e-06 0.00111106 0.0581484 0.367864 0.281727 0.0458317 0.113595 0.081487 0.0281397 0.0178946 0.00341253 0.000679489 9.96109e-05 7.54543e-06 2.10523e-07 1.59176e-09 2.53376e-12 7.12927e-16 3.16521e-20
 2.37457e-41 3.29575e-33 5.5293e-26 1.12133e-19 2.74881e-14 8.14523e-10 2.91749e-06 0.00126317 0.0661093 0.418227 0.320153 0.044249 0.0786725 0.0517874 0.0114835 0.00596847 0.00170438 0.0003445 3.26228e-05 1.93953e-06 4.3876e-08 2.57232e-10 3.06819e-13 6.32019e-17 2.02194e-21
 1.32168e-41 1.8344e-33 3.07759e-26 6.24129e-20 1.52998e-14 4.53361e-10 1.62387e-06 0.000703078 0.0367963 0.232787 0.179344 0.0712044 0.272071 0.166265 0.0277786 0.0106175 0.00200012 0.000387928 4.19453e-05 1.75175e-06 2.77989e-08 1.2324e-10 1.09788e-13 1.65634e-17 3.82947e-22
 2.20952e-41 3.06667e-33 5.14498e-26 1.04339e-19 2.55775e-14 7.57908e-10 2.7147e-06 0.00117537 0.0615143 0.389158 0.298097 0.04681 0.0894671 0.0568785 0.0357448 0.0183514 0.00247563 0.000298792 2.49597e-05 1.01065e-06 1.19559e-08 3.55678e-11 2.25019e-14 2.46241e-18 4.11197e-23
 1.98795e-41 2.75914e-33 4.62904e-26 9.38759e-20 2.30126e-14 6.81905e-10 2.44247e-06 0.00105751 0.0553456 0.350135 0.268774 0.0609461 0.154829 0.0824648 0.0159549 0.00737909 0.00270777 0.000383769 1.9403e-05 5.33767e-07 5.2384e-09 1.17762e-11 5.03247e-15 3.73574e-19 4.36811e-24
 2.02535e-41 2.81106e-33 4.71613e-26 9.56421e-20 2.34455e-14 6.94734e-10 2.48842e-06 0.0010774 0.0563869 0.356724 0.273899 0.0614977 0.143477 0.0737956 0.022997 0.00856513 0.00130839 0.00025032 1.9506e-05 3.86104e-07 2.37019e-09 3.9113e-12 1.2509e-15 6.51383e-20 5.14359e-25
 1.97772e-41 2.74495e-33 4.60522e-26 9.3393e-20 2.28942e-14 6.78397e-10 2.42991e-06 0.00105207 0.0550609 0.348336 0.267784 0.0670707 0.154662 0.0740004 0.0222353 0.0081215 0.0014947 0.000167667 1.11454e-05 2.80858e-07 1.45998e-09 1.53749e-12 3.27422e-16 1.21942e-20 6.9228e-26
 2.10078e-41 2.91574e-33 4.89176e-26 9.9204e-20 2.43187e-14 7.20607e-10 2.5811e-06 0.00111753 0.0584869 0.37001 0.28438 0.0657703 0.132826 0.060036 0.0195868 0.00652002 0.00113077 0.000126827 6.16593e-06 1.16604e-07 6.11172e-10 5.80841e-13 8.81958e-17 2.13684e-21 8.09501e-27
 2.04307e-41 2.83564e-33 4.75738e-26 9.64787e-20 2.36506e-14 7.00811e-10 2.51019e-06 0.00108683 0.0568801 0.359848 0.27706 0.0732435 0.147002 0.0610304 0.0175304 0.00531217 0.000908179 9.16631e-05 3.99319e-06 5.69648e-08 2.14031e-10 1.70893e-13 2.27653e-17 4.41069e-22 1.19171e-27
 1.99861e-41 2.77394e-33 4.65385e-26 9.43792e-20 2.3136e-14 6.85561e-10 2.45557e-06 0.00106318 0.0556424 0.352021 0.271541 0.0795183 0.153932 0.0609708 0.0193173 0.00517024 0.000749837 6.78312e-05 2.58128e-06 3.04224e-08 8.57754e-11 4.82e-14 4.75727e-18 7.33486e-23 1.60592e-28
 1.86575e-41 2.58954e-33 4.34448e-26 8.81052e-20 2.1598e-14 6.39987e-10 2.29233e-06 0.0009925 0.0519435 0.328627 0.254513 0.0914847 0.175903 0.0668888 0.0229159 0.0058428 0.000822944 6.14997e-05 1.92222e-06 1.85748e-08 4.11784e-11 1.72505e-14 1.2076e-18 1.30593e-23 2.06253e-29
 1.69334e-41 2.35025e-33 3.94302e-26 7.99637e-20 1.96022e-14 5.80848e-10 2.0805e-06 0.000900786 0.0471436 0.298271 0.232478 0.106207 0.20062 0.0759938 0.029946 0.00734189 0.00102549 6.98373e-05 1.7812e-06 1.32832e-08 2.27326e-11 7.24385e-15 3.76022e-19 2.93323e-24 3.26667e-30
 1.91569e-41 2.65885e-33 4.46077e-26 9.04634e-20 2.21761e-14 6.57117e-10 2.35369e-06 0.00101906 0.0533338 0.337432 0.262088 0.0954267 0.154512 0.0606245 0.0276361 0.00687145 0.000990066 6.30063e-05 1.39607e-06 8.22752e-09 1.05057e-11 2.47331e-15 9.48867e-20 5.43716e-25 4.40039e-31
 1.85721e-41 2.57768e-33 4.32459e-26 8.77018e-20 2.14991e-14 6.37057e-10 2.28183e-06 0.000987955 0.0517057 0.327145 0.255568 0.109841 0.169871 0.0575144 0.0210598 0.00542561 0.000827034 5.1361e-05 1.01837e-06 4.96158e-09 4.89643e-12 8.49715e-16 2.35554e-20 9.72976e-26 5.68753e-32
 1.84674e-41 2.56315e-33 4.30022e-26 8.72077e-20 2.13779e-14 6.33467e-10 2.26898e-06 0.000982388 0.0514144 0.325315 0.255175 0.116446 0.167167 0.0572321 0.0212696 0.0043743 0.000586243 3.59734e-05 6.57089e-07 2.72694e-09 2.15235e-12 2.85301e-16 5.83913e-21 1.74147e-26 7.26888e-33
 1.86623e-41 2.5902e-33 4.34559e-26 8.81277e-20 2.16035e-14 6.40151e-10 2.29292e-06 0.000992754 0.0519568 0.328761 0.258813 0.121292 0.159968 0.0540058 0.0197991 0.00393931 0.000446362 2.22576e-05 3.60004e-07 1.29418e-09 8.37381e-13 8.70809e-17 1.35406e-21 2.99671e-27 9.11885e-34
 1.93747e-41 2.68909e-33 4.5115e-26 9.14924e-20 2.24283e-14 6.64591e-10 2.38046e-06 0.00103066 0.0539405 0.341325 0.269139 0.121597 0.144973 0.0477779 0.0167066 0.00316455 0.000330116 1.35582e-05 1.7017e-07 4.93632e-10 2.60475e-13 2.15822e-17 2.60118e-22 4.36344e-28 9.8931e-35
 1.93504e-41 2.68571e-33 4.50584e-26 9.13774e-20 2.24001e-14 6.63756e-10 2.37747e-06 0.00102936 0.0538728 0.340924 0.270461 0.130033 0.143149 0.0440037 0.0138618 0.00242684 0.000228657 8.09387e-06 8.01954e-08 1.74298e-10 6.94897e-14 4.43386e-18 4.12707e-23 5.29825e-29 9.07822e-36
 1.98363e-41 2.75315e-33 4.61898e-26 9.3672e-20 2.29626e-14 6.80423e-10 2.43717e-06 0.00105521 0.0552256 0.349508 0.278124 0.131357 0.131536 0.0397083 0.011574 0.00176257 0.000142913 4.28192e-06 3.43094e-08 5.70584e-11 1.67251e-14 7.76808e-19 5.30884e-24 5.05961e-30 6.47337e-37
 1.91385e-41 2.65629e-33 4.45648e-26 9.03765e-20 2.21547e-14 6.56486e-10 2.35142e-06 0.00101809 0.0532829 0.337273 0.271768 0.146925 0.138134 0.0395418 0.0105063 0.00144829 9.82417e-05 2.37012e-06 1.50539e-08 1.93508e-11 4.25622e-15 1.44577e-19 7.11359e-25 4.85782e-31 4.46616e-38
 1.95178e-41 2.70894e-33 4.54481e-26 9.21679e-20 2.25939e-14 6.69498e-10 2.39803e-06 0.00103827 0.0543391 0.343996 0.278227 0.146233 0.126438 0.0385379 0.00990603 0.00121116 6.95664e-05 1.33642e-06 6.48546e-09 6.29551e-12 1.03652e-15 2.60415e-20 9.35555e-26 4.61161e-32 3.03434e-39
 1.93344e-41 2.68349e-33 4.50211e-26 9.1302e-20 2.23816e-14 6.63208e-10 2.3755e-06 0.00102851 0.0538288 0.340844 0.278819 0.156035 0.124535 0.0353887 0.0084718 0.000997641 4.91099e-05 7.51965e-07 2.77758e-09 1.99332e-12 2.40177e-16 4.40638e-21 1.15358e-26 4.12847e-33 1.96289e-40
 1.87437e-41 2.6015e-33 4.36455e-26 8.85122e-20 2.16977e-14 6.42943e-10 2.30292e-06 0.000997085 0.0521844 0.330551 0.275018 0.16934 0.127079 0.0361014 0.00786852 0.000822063 3.57509e-05 4.50009e-07 1.27327e-09 6.76105e-13 5.91651e-17 7.81128e-22 1.46759e-27 3.76999e-34 1.28741e-41
 1.79871e-41 2.49649e-33 4.18837e-26 8.49394e-20 2.08219e-14 6.16991e-10 2.20996e-06 0.000956837 0.0500785 0.317378 0.269909 0.183918 0.1309 0.0382191 0.00787306 0.000737572 2.6912e-05 2.77636e-07 6.18562e-10 2.46976e-13 1.57914e-17 1.50165e-22 2.0169e-28 3.68932e-35 8.95709e-43
 1.83111e-41 2.54147e-33 4.26384e-26 8.64697e-20 2.1197e-14 6.28107e-10 2.24978e-06 0.000974077 0.0509812 0.323207 0.276758 0.181871 0.121354 0.0368846 0.00731338 0.00063466 1.96487e-05 1.61783e-07 2.79772e-10 8.50969e-14 4.05318e-18 2.81368e-23 2.7212e-29 3.55583e-36 6.13986e-44
 1.83119e-41 2.54157e-33 4.264e-26 8.64731e-20 2.11979e-14 6.28132e-10 2.24987e-06 0.000974115 0.0509832 0.32322 0.276774 0.182137 0.122306 0.0362855 0.00676573 0.000537638 1.47012e-05 1.03672e-07 1.50045e-10 3.76229e-14 1.46309e-18 8.23873e-24 6.43341e-30 6.76487e-37 9.37691e-45
#pred catch len freq
 2.56747e-27 2.59996e-27 4.33554e-26 8.60623e-20 2.10971e-14 6.25146e-10 2.23917e-06 0.000969475 0.0507388 0.320988 0.24569 0.0370673 0.109529 0.101188 0.026219 0.0346924 0.0161906 0.0142116 0.00954397 0.00778589 0.00644031 0.00578364 0.00596087 0.00535727 0.00164202
 2.5695e-27 2.60511e-27 4.74642e-26 9.47283e-20 2.32215e-14 6.88094e-10 2.46464e-06 0.00106709 0.0558479 0.353309 0.270413 0.0398076 0.113016 0.104037 0.0203557 0.0203438 0.00784355 0.00486756 0.00267905 0.00184464 0.00132669 0.0010568 0.000985319 0.000895248 0.000301597
 2.56958e-27 2.60527e-27 4.7506e-26 9.48161e-20 2.3243e-14 6.88733e-10 2.46692e-06 0.00106808 0.0558997 0.353637 0.270677 0.0406438 0.119194 0.109666 0.0200973 0.0182667 0.0061224 0.00246565 0.000991879 0.000488798 0.000275476 0.000183107 0.000147639 0.000128529 4.50656e-05
 2.56893e-27 2.60351e-27 4.5942e-26 9.15167e-20 2.24342e-14 6.64766e-10 2.38108e-06 0.00103092 0.0539545 0.341331 0.261288 0.0411547 0.129679 0.119352 0.0220158 0.0201952 0.00657299 0.00230431 0.000723202 0.000224772 8.11718e-05 3.89623e-05 2.50009e-05 1.95405e-05 6.84926e-06
 2.57134e-27 2.61006e-27 5.1753e-26 1.03776e-19 2.54393e-14 7.53813e-10 2.70003e-06 0.00116901 0.0611818 0.387053 0.296172 0.0393138 0.0911614 0.0838377 0.0162675 0.0160207 0.00523364 0.0018516 0.000550495 0.000139527 3.10618e-05 8.42006e-06 3.54862e-06 2.24623e-06 7.5494e-07
 2.5686e-27 2.60255e-27 4.5046e-26 8.96265e-20 2.19708e-14 6.51035e-10 2.3319e-06 0.00100962 0.0528401 0.334281 0.255916 0.0418241 0.138548 0.127439 0.0216894 0.0174207 0.00582418 0.00229889 0.000693924 0.000173936 3.28017e-05 5.33096e-06 1.07987e-06 4.41229e-07 1.33304e-07
 2.56772e-27 2.60026e-27 4.31231e-26 8.55702e-20 2.09765e-14 6.21571e-10 2.22636e-06 0.000963931 0.0504487 0.319152 0.24436 0.0415608 0.144664 0.133291 0.026513 0.0269359 0.00850922 0.00255453 0.000783811 0.000214473 4.06117e-05 5.67244e-06 6.06918e-07 1.04726e-07 2.42495e-08
 2.5703e-27 2.60728e-27 4.93425e-26 9.86907e-20 2.41928e-14 7.16877e-10 2.56773e-06 0.00111173 0.058184 0.368088 0.281695 0.0396158 0.10363 0.0954283 0.0198412 0.0212767 0.00718635 0.00289257 0.000822882 0.000182956 3.65309e-05 5.27218e-06 4.62974e-07 3.22247e-08 3.73354e-09
 2.56993e-27 2.60618e-27 4.82739e-26 9.64359e-20 2.36401e-14 7.00499e-10 2.50907e-06 0.00108633 0.0568546 0.359678 0.275292 0.0407865 0.117038 0.107603 0.0184107 0.0149402 0.00512631 0.00223123 0.000717349 0.000195423 3.33349e-05 4.55234e-06 4.10786e-07 1.99791e-08 8.13429e-10
 2.57006e-27 2.60654e-27 4.86001e-26 9.71242e-20 2.38088e-14 7.05498e-10 2.52697e-06 0.00109408 0.0572604 0.362245 0.277249 0.0405643 0.113972 0.104822 0.0187978 0.0164979 0.00521098 0.00158504 0.000509374 0.000153394 3.17935e-05 4.28277e-06 3.50561e-07 1.64787e-08 3.6919e-10
 2.57035e-27 2.60731e-27 4.92742e-26 9.85462e-20 2.41574e-14 7.15827e-10 2.56397e-06 0.0011101 0.0580987 0.367548 0.281297 0.0404539 0.110288 0.101399 0.017771 0.0150222 0.00483071 0.00160103 0.000448584 0.000102377 2.23339e-05 3.55038e-06 3.06309e-07 1.32163e-08 2.58371e-10
 2.57056e-27 2.60786e-27 4.97497e-26 9.95492e-20 2.44033e-14 7.23113e-10 2.59007e-06 0.0011214 0.0586901 0.371289 0.284152 0.0404029 0.107894 0.0991707 0.0170352 0.0139008 0.00442454 0.00140049 0.000402991 9.39442e-05 1.60123e-05 2.36099e-06 2.35306e-07 1.08331e-08 1.96933e-10
 2.57047e-27 2.60764e-27 4.95458e-26 9.9119e-20 2.42978e-14 7.19988e-10 2.57888e-06 0.00111656 0.0584365 0.369685 0.282929 0.0404997 0.10949 0.100637 0.0171762 0.0138509 0.00437347 0.00132782 0.000373825 8.47562e-05 1.4824e-05 1.86992e-06 1.63731e-07 8.3978e-09 1.62091e-10
 2.57042e-27 2.60748e-27 4.94083e-26 9.88289e-20 2.42267e-14 7.17881e-10 2.57133e-06 0.00111329 0.0582654 0.368603 0.282103 0.0405577 0.110511 0.101576 0.0172858 0.0138633 0.00436295 0.00130088 0.000360209 7.84391e-05 1.32966e-05 1.6708e-06 1.30234e-07 5.91649e-09 1.22841e-10
 2.56954e-27 2.6051e-27 4.72918e-26 9.4364e-20 2.31322e-14 6.85449e-10 2.45516e-06 0.00106299 0.0556331 0.35195 0.269399 0.0412486 0.124695 0.114652 0.019356 0.0152936 0.00480264 0.00141656 0.000389341 8.30988e-05 1.36197e-05 1.64641e-06 1.25234e-07 5.12012e-09 9.63226e-11
 2.56963e-27 2.60534e-27 4.75098e-26 9.4824e-20 2.3245e-14 6.8879e-10 2.46713e-06 0.00106817 0.0559043 0.353666 0.270707 0.0411175 0.122778 0.1129 0.0193501 0.0157198 0.00490963 0.00140033 0.000381739 8.04965e-05 1.29774e-05 1.51907e-06 1.10744e-07 4.35175e-09 7.41462e-11
 2.57035e-27 2.6073e-27 4.92515e-26 9.84983e-20 2.41457e-14 7.15479e-10 2.56273e-06 0.00110956 0.0580705 0.36737 0.281161 0.0405328 0.110984 0.102029 0.0176743 0.014636 0.00460501 0.00136581 0.000370191 7.58333e-05 1.20654e-05 1.38813e-06 9.79509e-08 3.68404e-09 5.96901e-11
 2.57004e-27 2.60644e-27 4.8464e-26 9.68369e-20 2.37384e-14 7.03411e-10 2.5195e-06 0.00109085 0.057091 0.361173 0.276437 0.0409958 0.117826 0.10829 0.0178057 0.0133592 0.00421261 0.00127706 0.000351518 7.41527e-05 1.15916e-05 1.30355e-06 9.01965e-08 3.28111e-09 5.08414e-11
 2.5702e-27 2.60689e-27 4.88761e-26 9.77062e-20 2.39515e-14 7.09726e-10 2.54212e-06 0.00110064 0.0576036 0.364416 0.27891 0.0407803 0.114449 0.105199 0.017723 0.0139436 0.00431136 0.00116286 0.000317586 6.84886e-05 1.09922e-05 1.23964e-06 8.36506e-08 2.9728e-09 4.45314e-11
 2.57079e-27 2.60848e-27 5.02699e-26 1.00647e-19 2.46723e-14 7.31084e-10 2.61862e-06 0.00113376 0.0593371 0.375382 0.287279 0.0404739 0.106238 0.0975942 0.0158889 0.0116756 0.00363458 0.00102617 0.000271561 5.31752e-05 8.55148e-06 9.90332e-07 6.75692e-08 2.35117e-09 3.43152e-11
 2.5711e-27 2.6093e-27 5.09837e-26 1.02152e-19 2.50414e-14 7.42022e-10 2.6578e-06 0.00115073 0.0602248 0.380998 0.291565 0.0403501 0.102284 0.0939269 0.0148954 0.0103293 0.00317118 0.000829179 0.0002203 4.43141e-05 6.64775e-06 7.35867e-07 5.129e-08 1.80778e-09 2.59471e-11
 2.57111e-27 2.60932e-27 5.10011e-26 1.02189e-19 2.50504e-14 7.42288e-10 2.65875e-06 0.00115114 0.0602464 0.381135 0.291669 0.0403299 0.102057 0.0937224 0.0149493 0.0105021 0.00319751 0.000789473 0.000203209 3.84881e-05 5.84952e-06 6.28191e-07 4.12398e-08 1.46492e-09 2.12794e-11
 2.57141e-27 2.61013e-27 5.17173e-26 1.037e-19 2.54208e-14 7.53263e-10 2.69806e-06 0.00116816 0.0611371 0.38677 0.295969 0.0401368 0.0975668 0.0895736 0.01412 0.00965517 0.00294257 0.000733446 0.000186007 3.32966e-05 4.79166e-06 5.02436e-07 3.23736e-08 1.09021e-09 1.57752e-11
 2.57149e-27 2.61035e-27 5.18948e-26 1.04074e-19 2.55125e-14 7.55982e-10 2.7078e-06 0.00117237 0.0613579 0.388167 0.297036 0.040206 0.0973434 0.0893393 0.0135673 0.00845233 0.00255626 0.000612674 0.000154837 2.77868e-05 3.84997e-06 3.79223e-07 2.34568e-08 7.71318e-10 1.06796e-11
 2.57142e-27 2.61016e-27 5.17233e-26 1.03713e-19 2.54239e-14 7.53355e-10 2.69839e-06 0.0011683 0.0611446 0.386817 0.296008 0.0403099 0.0988563 0.0907246 0.0136187 0.00821843 0.00244847 0.000527371 0.000129501 2.24728e-05 3.10356e-06 2.98803e-07 1.73625e-08 5.43614e-10 7.3009e-12
 2.57175e-27 2.61105e-27 5.25177e-26 1.05388e-19 2.58347e-14 7.65528e-10 2.74199e-06 0.00118718 0.0621326 0.393068 0.300775 0.0399782 0.0929829 0.0853273 0.0130727 0.00833145 0.00247703 0.000519126 0.000123466 1.94731e-05 2.58082e-06 2.4338e-07 1.38609e-08 4.0983e-10 5.22169e-12
 2.57172e-27 2.61097e-27 5.24324e-26 1.05208e-19 2.57906e-14 7.64221e-10 2.73731e-06 0.00118515 0.0620265 0.392397 0.300265 0.0401446 0.0946069 0.0867917 0.012712 0.00714109 0.00212939 0.00046722 0.0001113 1.69953e-05 2.10329e-06 1.83689e-07 1.01263e-08 2.92135e-10 3.53354e-12
 2.57189e-27 2.61142e-27 5.28324e-26 1.06052e-19 2.59974e-14 7.7035e-10 2.75926e-06 0.00119466 0.062524 0.395544 0.302666 0.0400254 0.0920128 0.0843991 0.0123117 0.00682818 0.00200216 0.000383114 8.99111e-05 1.42526e-05 1.74395e-06 1.43647e-07 7.27099e-09 2.00189e-10 2.35024e-12
 2.57243e-27 2.61289e-27 5.41371e-26 1.08805e-19 2.66721e-14 7.90343e-10 2.83088e-06 0.00122566 0.0641467 0.405809 0.310498 0.0395703 0.0830479 0.0761413 0.01112 0.0061896 0.00181377 0.000344354 7.81898e-05 1.10297e-05 1.34799e-06 1.12492e-07 5.42151e-09 1.37307e-10 1.52316e-12
#obs catch len freq
 1.75132e-41 2.43071e-33 4.07803e-26 8.27016e-20 2.02733e-14 6.00736e-10 2.15174e-06 0.000931628 0.0487577 0.308455 0.236269 0.044105 0.153758 0.130281 0.0368891 0.0284407 0.00872461 0.00277134 0.000545939 6.46827e-05 3.38654e-06 5.70163e-08 2.28007e-10 1.73139e-13 2.15723e-17
 1.7658e-41 2.45082e-33 4.11175e-26 8.33855e-20 2.0441e-14 6.05704e-10 2.16953e-06 0.000939333 0.0491609 0.311007 0.238276 0.046003 0.156147 0.125232 0.0362818 0.0263696 0.00779178 0.00232221 0.000422371 4.35837e-05 1.8674e-06 2.43164e-08 7.23907e-11 3.99922e-14 3.5744e-18
 2.17578e-41 3.01983e-33 5.0664e-26 1.02746e-19 2.51869e-14 7.46333e-10 2.67324e-06 0.00115742 0.0605748 0.383214 0.293368 0.0433238 0.0993348 0.0751416 0.0225571 0.01545 0.00442328 0.00122965 0.000204243 1.8374e-05 6.44836e-07 6.48021e-09 1.43044e-11 5.72659e-15 3.66315e-19
 1.73888e-41 2.41345e-33 4.04906e-26 8.21142e-20 2.01293e-14 5.96469e-10 2.13645e-06 0.000925011 0.0484114 0.306265 0.234881 0.0537207 0.18345 0.128759 0.0256812 0.0131506 0.00365266 0.000946833 0.00014293 1.10927e-05 3.1832e-07 2.47531e-09 4.05648e-12 1.17611e-15 5.37555e-20
 2.10871e-41 2.92674e-33 4.91022e-26 9.95783e-20 2.44104e-14 7.23326e-10 2.59084e-06 0.00112174 0.0587075 0.371401 0.284493 0.0474452 0.113382 0.0766005 0.0273151 0.0159612 0.00292776 0.000561171 7.60753e-05 5.06116e-06 1.17812e-07 7.08403e-10 8.65362e-13 1.82382e-16 5.96795e-21
 2.3909e-41 3.31841e-33 5.56732e-26 1.12904e-19 2.76771e-14 8.20123e-10 2.93755e-06 0.00127186 0.0665639 0.421103 0.322399 0.0453288 0.0776294 0.0478284 0.0108045 0.00529992 0.00147294 0.00027078 2.38008e-05 1.24793e-06 2.33512e-08 1.08096e-10 9.84655e-14 1.51465e-17 3.56514e-22
 1.35591e-41 1.88191e-33 3.1573e-26 6.40293e-20 1.5696e-14 4.65102e-10 1.66592e-06 0.000721286 0.0377493 0.238817 0.184163 0.0756464 0.271137 0.154452 0.0259306 0.0093336 0.00170606 0.000311862 3.00279e-05 1.08559e-06 1.43248e-08 4.99431e-11 3.38279e-14 3.80007e-18 6.45249e-23
 2.23905e-41 3.10765e-33 5.21373e-26 1.05733e-19 2.59193e-14 7.68037e-10 2.75098e-06 0.00119108 0.0623364 0.394359 0.302144 0.0481949 0.0872712 0.0527866 0.0339227 0.0155556 0.00199137 0.000226452 1.72757e-05 5.94369e-07 5.72471e-09 1.34043e-11 6.44366e-15 5.23851e-19 6.41333e-24
 2.02473e-41 2.81019e-33 4.71468e-26 9.56128e-20 2.34383e-14 6.94521e-10 2.48766e-06 0.00107707 0.0563696 0.356614 0.27387 0.0632948 0.150496 0.0745598 0.0146382 0.00653184 0.00225325 0.000279247 1.27348e-05 3.03069e-07 2.40771e-09 4.20567e-12 1.3626e-15 7.51467e-20 6.43442e-25
 2.06457e-41 2.86549e-33 4.80746e-26 9.74943e-20 2.38996e-14 7.08188e-10 2.53662e-06 0.00109827 0.0574789 0.363633 0.279334 0.0637088 0.138533 0.0667119 0.0211191 0.00711171 0.00106697 0.000189276 1.24476e-05 2.05898e-07 1.03248e-09 1.32558e-12 3.19766e-16 1.23467e-20 7.14167e-26
 2.02181e-41 2.80614e-33 4.70787e-26 9.54747e-20 2.34045e-14 6.93519e-10 2.48407e-06 0.00107552 0.0562883 0.356102 0.273913 0.0694619 0.148422 0.0664447 0.0202148 0.00676795 0.00117967 0.000120262 7.15347e-06 1.46415e-07 6.00669e-10 4.90959e-13 7.90605e-17 2.18041e-21 9.05801e-27
 2.14291e-41 2.97422e-33 4.98987e-26 1.01193e-19 2.48064e-14 7.35059e-10 2.63286e-06 0.00113994 0.0596598 0.377432 0.29024 0.0677251 0.12633 0.0535667 0.0175851 0.00534521 0.000880768 8.8458e-05 3.74236e-06 5.90563e-08 2.42778e-10 1.75629e-13 2.00295e-17 3.59617e-22 9.96623e-28
 2.0897e-41 2.90037e-33 4.86598e-26 9.8681e-20 2.41905e-14 7.16808e-10 2.56749e-06 0.00111163 0.0581785 0.368065 0.283583 0.0753748 0.139035 0.0540267 0.0155401 0.004323 0.000695576 6.26391e-05 2.34298e-06 2.74021e-08 8.1295e-11 4.94229e-14 4.90531e-18 7.00849e-23 1.38616e-28
 2.04857e-41 2.84328e-33 4.77018e-26 9.67384e-20 2.37143e-14 7.02697e-10 2.51695e-06 0.00108975 0.0570333 0.360823 0.27857 0.081773 0.144995 0.053997 0.0169691 0.00413658 0.000564045 4.5395e-05 1.46917e-06 1.40485e-08 3.0957e-11 1.32299e-14 9.72591e-19 1.1015e-23 1.75816e-29
 1.92244e-41 2.66822e-33 4.47649e-26 9.07824e-20 2.22542e-14 6.59434e-10 2.36198e-06 0.00102266 0.0535218 0.338617 0.262564 0.0941864 0.165352 0.0594199 0.0200061 0.00465931 0.000607348 4.00538e-05 1.06138e-06 8.26049e-09 1.42112e-11 4.5031e-15 2.34272e-19 1.85923e-24 2.13554e-30
 1.75662e-41 2.43807e-33 4.09038e-26 8.2952e-20 2.03347e-14 6.02555e-10 2.15825e-06 0.000934449 0.0489054 0.309423 0.241583 0.109602 0.188677 0.068179 0.0260484 0.0058497 0.00074916 4.45091e-05 9.50697e-07 5.68646e-09 7.52047e-12 1.80514e-15 6.94332e-20 3.96919e-25 3.21389e-31
 1.97484e-41 2.74094e-33 4.5985e-26 9.32566e-20 2.28608e-14 6.77406e-10 2.42636e-06 0.00105053 0.0549806 0.347857 0.270549 0.0975455 0.143708 0.0544318 0.0236989 0.00542935 0.00070798 3.89708e-05 7.14169e-07 3.34314e-09 3.28449e-12 5.81021e-16 1.64791e-20 6.90742e-26 4.06027e-32
 1.91928e-41 2.66384e-33 4.46914e-26 9.06333e-20 2.22177e-14 6.58351e-10 2.35811e-06 0.00102098 0.053434 0.338088 0.264576 0.111982 0.157149 0.0509017 0.0179349 0.00429434 0.000585499 3.11309e-05 5.04489e-07 1.93388e-09 1.45858e-12 1.89529e-16 3.8774e-21 1.16994e-26 4.96074e-33
 1.9102e-41 2.65123e-33 4.448e-26 9.02045e-20 2.21126e-14 6.55236e-10 2.34695e-06 0.00101615 0.0531812 0.336505 0.264471 0.118342 0.154068 0.0507932 0.0178032 0.00338651 0.000410765 2.14022e-05 3.15728e-07 1.021e-09 6.11774e-13 6.04593e-17 9.1097e-22 1.98229e-27 5.99751e-34
 1.92979e-41 2.67843e-33 4.49362e-26 9.11296e-20 2.23394e-14 6.61956e-10 2.37102e-06 0.00102657 0.0537266 0.339973 0.26821 0.122752 0.146723 0.0478403 0.0164261 0.00300485 0.000303143 1.28932e-05 1.67676e-07 4.65489e-10 2.2709e-13 1.75266e-17 2.00058e-22 3.22498e-28 7.10747e-35
 1.99932e-41 2.77492e-33 4.65551e-26 9.44128e-20 2.31442e-14 6.85805e-10 2.45644e-06 0.00106355 0.0556623 0.352236 0.278326 0.122315 0.13204 0.0420607 0.0136887 0.00237966 0.000218405 7.54802e-06 7.60309e-08 1.69912e-10 6.72519e-14 4.11677e-18 3.6308e-23 4.42717e-29 7.26046e-36
 1.99764e-41 2.77259e-33 4.65159e-26 9.43334e-20 2.31247e-14 6.85228e-10 2.45437e-06 0.00106266 0.0556155 0.351973 0.279875 0.130205 0.129672 0.0384185 0.0112265 0.00179766 0.000147959 4.35685e-06 3.4302e-08 5.72341e-11 1.70845e-14 8.03067e-19 5.4535e-24 5.07692e-30 6.28185e-37
 2.04462e-41 2.8378e-33 4.761e-26 9.6552e-20 2.36686e-14 7.01344e-10 2.5121e-06 0.00108765 0.0569237 0.360278 0.287364 0.130823 0.11849 0.0344371 0.0092241 0.00127834 9.00809e-05 2.22735e-06 1.40628e-08 1.78418e-11 3.90368e-15 1.33352e-19 6.637e-25 4.57708e-31 4.21998e-38
 1.97758e-41 2.74475e-33 4.60488e-26 9.33861e-20 2.28925e-14 6.78347e-10 2.42973e-06 0.00105199 0.0550573 0.348538 0.281638 0.145971 0.124216 0.0341304 0.00830021 0.00103235 6.02931e-05 1.19347e-06 5.93879e-09 5.79391e-12 9.47745e-16 2.36287e-20 8.45722e-26 4.1751e-32 2.76267e-39
 2.01483e-41 2.79646e-33 4.69163e-26 9.51454e-20 2.33238e-14 6.91126e-10 2.4755e-06 0.00107181 0.0560947 0.355149 0.288034 0.144564 0.113357 0.0331293 0.00771135 0.000844887 4.13956e-05 6.46785e-07 2.44719e-09 1.79657e-12 2.19329e-16 4.03553e-21 1.05318e-26 3.75023e-33 1.77536e-40
 1.9972e-41 2.77198e-33 4.65058e-26 9.43127e-20 2.31197e-14 6.85078e-10 2.45384e-06 0.00106243 0.055604 0.352135 0.288908 0.153632 0.111206 0.0301871 0.00655074 0.000683574 2.83766e-05 3.50528e-07 1.00357e-09 5.42835e-13 4.83913e-17 6.49004e-22 1.23243e-27 3.18272e-34 1.08798e-41
 1.94051e-41 2.69331e-33 4.51858e-26 9.16359e-20 2.24635e-14 6.65633e-10 2.38419e-06 0.00103227 0.0540263 0.342285 0.285715 0.16629 0.113442 0.0306227 0.00600898 0.000554216 2.01444e-05 2.02424e-07 4.4128e-10 1.75989e-13 1.13698e-17 1.09581e-22 1.49167e-28 2.76212e-35 6.77506e-43
 1.86751e-41 2.59198e-33 4.34858e-26 8.81883e-20 2.16183e-14 6.40591e-10 2.29449e-06 0.000993437 0.0519944 0.32961 0.281325 0.18028 0.117037 0.0323 0.0059553 0.00048752 1.4767e-05 1.20777e-07 2.05954e-10 6.1516e-14 2.89769e-18 2.009e-23 1.9534e-29 2.57404e-36 4.48621e-44
 1.90687e-41 2.64661e-33 4.44023e-26 9.0047e-20 2.2074e-14 6.54092e-10 2.34285e-06 0.00101437 0.0530901 0.336501 0.284882 0.17198 0.113148 0.0328437 0.00604863 0.000476917 1.29824e-05 9.13076e-08 1.31941e-10 3.30512e-14 1.28448e-18 7.22966e-24 5.64355e-30 5.93276e-37 8.22181e-45
#spawning biomass
 7120.57 8632.3 11109.4 13177.4 19805.7 32992 32443.5 37644.1 48758.3 61125.5 75588.4 96163.6 125593 154319 161899 132301 125942 119495 111564 100777 102325 118669 133398 137892 135654 149128 144220 136299 135909 88469.8 108704 50809 24729.3 16129.7 13634.1 12964.1 12793.4 12751.5 12741.5 12739.1 12738.6 12738.5 12738.4 12738.4 12738.4 12738.4 12738.4 12738.4 12738.4 12738.4 12738.4 12738.4 12738.4 12738.4 12738.4 12738.4 12738.4 12738.4 12738.4 12738.4 12738.4 12738.4 12738.4 12738.4 12738.4 12738.4 12738.4 12738.4 12738.4 12738.4 12738.4 12738.4 12738.4 12738.4 12738.4 12738.4 12738.4 12738.4 12738.4 12738.4 12738.4 12738.4 12738.4 12738.4 12738.4 12738.4 12738.4 12738.4 12738.4 12738.4 12738.4 12738.4 12738.4 12738.4 12738.4 12738.4 12738.4 12738.4 12738.4 12738.4 12738.4 12738.4 12738.4 12738.4 12738.4 12738.4 12738.4 12738.4 12738.4 12738.4 12738.4 12738.4 12738.4 12738.4 12738.4 12738.4 12738.4 12738.4 12738.4 12738.4 12738.4 12738.4 12738.4 12738.4 12738.4 12738.4 12738.4 12738.4 12738.4 0 0 0 0 0 0 0 0 0 0 0 0 0 0 0 0 0 0 0 0 0 0 0 0 0
