SBPRF35
0.256306
Curr Bio
106862
B35
181986
F35
0.475989
FOFL
0.339599
OFL
39044.5
Bzero
73230.3
#pred survey bio
 30981.8 37047 38820.2 43886.6 51011.9 58663.6 61949.3 58440.3 66678.2 78664.7 81342.1 92812.5 93776.6 99297.5 100927 115475 121336 126792 128642 132994 133674 141060 146276 157486 147830 163043 176752 184049 7.35179e+06 4.45209e+06 3.2084e+06 2.15554e+06 1.50393e+06 1.14428e+06 955450 857642 806414 778821 763384 754390 748946 745544 743363 741938 741001 740379 739964 739686 739499 739373 739287 739230 739191 739165 739147 739135 739127 739121 739118 739115 739113 739112 739111 739111 739111 739110 739110 739110 739110 739110 739110 739110 739110 739110 739110 739110 739110 739110 739110 739110 739110 739110 739110 739110 739110 739110 739110 739110 739110 739110 739110 739110 739110 739110 739110 739110 739110 739110 739110 739110 739110 739110 739110 739110 739110 739110 739110 739110 739110 739110 739110 739110 739110 739110 739110 739110 739110 739110 739110 739110 739110 739110 739110 739110 739110 739110 739110 739110 0 0 0 0 0 0 0 0 0 0 0 0 0 0 0 0 0 0 0 0 0 0 0 0 0
#obs survey bio
 25928.8 29820.6 44133.8 54038.7 50529.2 57638.1 54449.9 52757.7 58827 72536.4 62251.8 81008.9 115300 122697 89473.1 121528 170385 125813 158095 111362 128346 123530 129583 146831 119453 121345 186059 223820
#pred catch bio
 15233.2 22290 22208.9 23981.7 29051.4 34351.1 38876.2 33183.3 36715.1 48152.9 46024.1 55131.6 53538.6 58615.4 54209 65347.8 68442.7 74472 74760.8 78867.5 75224.1 83025.9 81754.8 94296.1 79882.8 89301.8 99611.8 87912.5 39044.5 62315.2 44135 27903.8 18301.1 13333 10943.1 9843.88 9352.77 9137.54 9044.43 9004.51 8987.49 8980.27 8977.21 8975.92 8975.37 8975.14 8975.05 8975.01 8974.99 8974.98 8974.98 8974.98 8974.98 8974.98 8974.98 8974.98 8974.98 8974.98 8974.98 8974.98 8974.98 8974.98 8974.98 8974.98 8974.98 8974.98 8974.98 8974.98 8974.98 8974.98 8974.98 8974.98 8974.98 8974.98 8974.98 8974.98 8974.98 8974.98 8974.98 8974.98 8974.98 8974.98 8974.98 8974.98 8974.98 8974.98 8974.98 8974.98 8974.98 8974.98 8974.98 8974.98 8974.98 8974.98 8974.98 8974.98 8974.98 8974.98 8974.98 8974.98 8974.98 8974.98 8974.98 8974.98 8974.98 8974.98 8974.98 8974.98 8974.98 8974.98 8974.98 8974.98 8974.98 8974.98 8974.98 8974.98 8974.98 8974.98 8974.98 8974.98 8974.98 8974.98 8974.98 8974.98 8974.98 8974.98 8974.98 8974.98 0 0 0 0 0 0 0 0 0 0 0 0 0 0 0 0 0 0 0 0 0 0 0 0 0
#obs catch bio
 22782.7 22780.5 22778 22207.2 29031.2 35157.1 38382.4 33200.7 35394.1 46643.6 46846.8 56242.6 48734.2 55470.8 50646.8 60484.2 62076.5 71830 75001.7 81322.5 77723.3 83763.5 81598.5 96927.8 81960.1 91600 102133 86280.9
#pred cpue bio
 24005.3 26260.7 27026.2 30758.9 36145.1 40827.8 43867.8 41075.6 46671.3 55305 56478.4 65249.4 66687.4 70798.3 71629.4 82622.7 86975.5 91154.5 91401.4 94724.7 95000 101421 103090 113084 106646 117295 127188 132398 5.50019e+06 4.16627e+06 3.09923e+06 2.05561e+06 1.40436e+06 1.04472e+06 855896 758087 706860 679266 663830 654835 649392 645990 643809 642383 641446 640825 640410 640131 639944 639818 639733 639675 639636 639610 639592 639580 639572 639567 639563 639560 639559 639558 639557 639556 639556 639556 639556 639555 639555 639555 639555 639555 639555 639555 639555 639555 639555 639555 639555 639555 639555 639555 639555 639555 639555 639555 639555 639555 639555 639555 639555 639555 639555 639555 639555 639555 639555 639555 639555 639555 639555 639555 639555 639555 639555 639555 639555 639555 639555 639555 639555 639555 639555 639555 639555 639555 639555 639555 639555 639555 639555 639555 639555 639555 639555 639555 639555 639555 0 0 0 0 0 0 0 0 0 0 0 0 0 0 0 0 0 0 0 0 0 0 0 0 0
#obs cpue bio
 24433.7 35392.2 20510.8 41738.5 30184.6 37155.4 58383.5 41697.2 65649 71848.1 56313.6 75391.7 98321.8 66526.2 103648 113033 93784.7 91749.2 67560.9 96944.8 82176.8 124873 114623 106622 113713 139725 123254 117192
#pred surv len freq
 3.96824e-11 1.86647e-09 6.07897e-08 1.37096e-06 2.14095e-05 0.000231513 0.00173355 0.00898887 0.0322806 0.0803342 0.138856 0.168191 0.147627 0.104608 0.0742547 0.0592076 0.0470423 0.0349834 0.0258022 0.0197533 0.0158622 0.0134506 0.0115801 0.00917049 0.00601917
 4.25973e-11 2.00357e-09 6.52551e-08 1.47166e-06 2.29821e-05 0.000248519 0.00186089 0.00964921 0.0346526 0.0862436 0.149113 0.180812 0.159321 0.114068 0.0818644 0.0640136 0.0468039 0.0291818 0.0165246 0.00952855 0.00592076 0.0040024 0.00288245 0.00203341 0.00125141
 4.24982e-11 1.99891e-09 6.51033e-08 1.46824e-06 2.29287e-05 0.000247942 0.00185657 0.00962686 0.0345732 0.0860547 0.148846 0.180772 0.160192 0.116603 0.0859904 0.0682958 0.0494131 0.0294071 0.0149336 0.00705497 0.0032498 0.0015038 0.000744526 0.000399789 0.000210094
 4.20119e-11 1.97604e-09 6.43583e-08 1.45144e-06 2.26663e-05 0.000245104 0.00183533 0.00951672 0.034178 0.0850744 0.147173 0.178846 0.158833 0.116368 0.0868373 0.0697982 0.0511389 0.0310288 0.0161468 0.00766691 0.00332935 0.00129038 0.000455943 0.000157598 5.61667e-05
 4.13618e-11 1.94546e-09 6.33624e-08 1.42898e-06 2.23156e-05 0.000241312 0.00180693 0.0093695 0.0336497 0.0837636 0.144935 0.176264 0.156985 0.115975 0.0877954 0.0714848 0.0529647 0.0326856 0.0174802 0.00857807 0.0038275 0.00149111 0.000498903 0.000144322 3.68552e-05
 4.26744e-11 2.0072e-09 6.53732e-08 1.47433e-06 2.30238e-05 0.000248969 0.00186427 0.00966673 0.034716 0.086406 0.149425 0.181342 0.160275 0.115794 0.0844327 0.0668323 0.0489774 0.0301437 0.0161476 0.00798237 0.00361504 0.00143866 0.000491033 0.00014184 3.41578e-05
 4.11967e-11 1.93769e-09 6.31095e-08 1.42327e-06 2.22265e-05 0.000240348 0.00179972 0.00933213 0.0335159 0.0834343 0.144391 0.175724 0.156893 0.116703 0.0892298 0.0728898 0.0535258 0.0322646 0.0166352 0.00789575 0.00348466 0.00137534 0.000471407 0.000137682 3.3468e-05
 4.17674e-11 1.96454e-09 6.39837e-08 1.44299e-06 2.25344e-05 0.000243678 0.00182465 0.00946136 0.0339795 0.0845826 0.146339 0.177914 0.158265 0.116501 0.0876051 0.0707783 0.0518899 0.031408 0.01628 0.00770932 0.00334268 0.00127868 0.000423314 0.00012041 2.8898e-05
 4.22095e-11 1.98533e-09 6.46611e-08 1.45827e-06 2.2773e-05 0.000246257 0.00184396 0.00956147 0.0343384 0.0854708 0.147839 0.179563 0.159173 0.116 0.085836 0.0686784 0.0504678 0.0309692 0.0164482 0.00800833 0.00354744 0.00137228 0.000454033 0.000127454 2.99139e-05
 4.19024e-11 1.97089e-09 6.41906e-08 1.44766e-06 2.26073e-05 0.000244466 0.00183054 0.00949192 0.0340889 0.0848525 0.146788 0.178375 0.158404 0.116041 0.0866109 0.0697274 0.0513253 0.0314816 0.0167272 0.0081892 0.00367767 0.00145299 0.000492233 0.000140854 3.33761e-05
 4.26221e-11 2.00474e-09 6.52931e-08 1.47252e-06 2.29955e-05 0.000248664 0.00186198 0.0096549 0.0346738 0.0863035 0.149266 0.181233 0.160446 0.116468 0.0855332 0.0678354 0.049279 0.0296424 0.0152856 0.00724545 0.00318117 0.00124439 0.0004219 0.000121897 2.93297e-05
 4.17871e-11 1.96546e-09 6.40139e-08 1.44367e-06 2.2545e-05 0.000243793 0.00182551 0.00946581 0.0339954 0.0846217 0.146404 0.177975 0.158265 0.11639 0.0873962 0.0705718 0.0518002 0.0314614 0.0164077 0.00782945 0.00341891 0.00131484 0.000436355 0.000123907 2.95657e-05
 4.0952e-11 1.92619e-09 6.27347e-08 1.41482e-06 2.20945e-05 0.000238921 0.00178903 0.00927672 0.033317 0.0829406 0.143545 0.174738 0.156153 0.116461 0.0894648 0.0734506 0.0542739 0.0330603 0.0172954 0.00829221 0.00364212 0.00140727 0.00046702 0.000131644 3.09914e-05
 4.09578e-11 1.92646e-09 6.27435e-08 1.41502e-06 2.20976e-05 0.000238954 0.00178928 0.00927801 0.0333214 0.0829494 0.143546 0.17467 0.155875 0.115815 0.0885165 0.0726464 0.0541328 0.0336466 0.0181772 0.00901335 0.00405381 0.00158841 0.00053199 0.000150917 3.563e-05
 4.12474e-11 1.94008e-09 6.31871e-08 1.42503e-06 2.22538e-05 0.000240644 0.00180193 0.00934359 0.0335568 0.0835334 0.144544 0.175825 0.156711 0.116016 0.0881131 0.0718757 0.0532272 0.0327836 0.0175199 0.00865023 0.00392749 0.00157233 0.000540472 0.000156872 3.76453e-05
 4.07854e-11 1.91835e-09 6.24794e-08 1.40907e-06 2.20046e-05 0.000237949 0.00178175 0.00923896 0.0331813 0.0826012 0.142948 0.173966 0.155322 0.115569 0.0885592 0.0728938 0.0545313 0.0341448 0.0186812 0.00942457 0.00432923 0.00174216 0.00060297 0.000177364 4.33819e-05
 4.06197e-11 1.91056e-09 6.22256e-08 1.40334e-06 2.19152e-05 0.000236982 0.00177451 0.00920145 0.0330467 0.0822681 0.142385 0.173341 0.154958 0.115702 0.0891325 0.0735768 0.0549816 0.0342831 0.0186669 0.00941782 0.00436319 0.00178207 0.000626652 0.000186753 4.6165e-05
 4.04225e-11 1.90128e-09 6.19235e-08 1.39653e-06 2.18088e-05 0.000235832 0.0017659 0.00915679 0.0328865 0.0818707 0.141707 0.172562 0.154413 0.115618 0.0894778 0.0741437 0.0555641 0.0347702 0.0190153 0.00962262 0.0044603 0.00182223 0.00064308 0.000193289 4.83598e-05
 4.12587e-11 1.94061e-09 6.32044e-08 1.42542e-06 2.22599e-05 0.00024071 0.00180242 0.00934614 0.0335659 0.083555 0.144575 0.17583 0.156615 0.115739 0.0876815 0.0714838 0.0531039 0.0329722 0.0178601 0.00896138 0.00413583 0.0016881 0.000595993 0.000179336 4.4988e-05
 4.09763e-11 1.92733e-09 6.27719e-08 1.41566e-06 2.21076e-05 0.000239063 0.00179009 0.00928221 0.0333366 0.0829878 0.143617 0.174778 0.156039 0.116068 0.0888271 0.072844 0.0540296 0.0332627 0.0177512 0.0087563 0.00398379 0.00160851 0.000563446 0.00016874 4.22504e-05
 4.11272e-11 1.93442e-09 6.3003e-08 1.42087e-06 2.2189e-05 0.000239943 0.00179668 0.00931637 0.0334592 0.0832916 0.144134 0.175365 0.156427 0.116071 0.0884811 0.072363 0.0536261 0.0330056 0.017591 0.00863709 0.00389205 0.00154936 0.000533961 0.000157535 3.89952e-05
 4.03311e-11 1.89698e-09 6.17834e-08 1.39337e-06 2.17595e-05 0.000235298 0.0017619 0.00913609 0.0328123 0.0816876 0.141401 0.17224 0.154285 0.115857 0.0900473 0.0747723 0.0559444 0.034806 0.0188304 0.00938598 0.00427023 0.00170489 0.000585745 0.00017137 4.19136e-05
 4.18568e-11 1.96874e-09 6.41207e-08 1.44608e-06 2.25826e-05 0.000244199 0.00182855 0.00948158 0.0340517 0.084759 0.146621 0.178144 0.158114 0.115658 0.0861594 0.0693962 0.0513489 0.0318834 0.0172851 0.00866182 0.00397422 0.00160366 0.000556689 0.00016399 4.01711e-05
 4.03493e-11 1.89784e-09 6.18114e-08 1.394e-06 2.17693e-05 0.000235405 0.0017627 0.00914024 0.0328273 0.0817257 0.141472 0.172353 0.154467 0.116152 0.0904246 0.0750438 0.0558953 0.0344376 0.0183762 0.00906752 0.00412944 0.00166798 0.000582867 0.000173317 4.28664e-05
 4.00385e-11 1.88322e-09 6.13353e-08 1.38326e-06 2.16017e-05 0.000233592 0.00174913 0.00906986 0.0325747 0.0810991 0.140402 0.17112 0.153589 0.115978 0.0909136 0.0759043 0.0568404 0.0352856 0.0190062 0.00942668 0.00427395 0.00170562 0.000588208 0.000173468 4.2848e-05
 4.05426e-11 1.90693e-09 6.21074e-08 1.40068e-06 2.18736e-05 0.000236532 0.00177114 0.00918396 0.0329838 0.0821099 0.142101 0.172947 0.154454 0.115031 0.0883495 0.0730422 0.0551246 0.0351075 0.0197022 0.0101981 0.00477053 0.00194028 0.000675252 0.000199224 4.89443e-05
 4.04462e-11 1.9024e-09 6.19599e-08 1.39735e-06 2.18216e-05 0.00023597 0.00176693 0.00916216 0.0329057 0.0819174 0.141781 0.172621 0.154363 0.115371 0.0890504 0.0737092 0.0553382 0.0348333 0.0192829 0.00994722 0.00472481 0.00198078 0.00071379 0.000216849 5.42942e-05
 4.04156e-11 1.90096e-09 6.19129e-08 1.39629e-06 2.18051e-05 0.000235791 0.0017656 0.00915523 0.0328809 0.0818564 0.141681 0.172523 0.154354 0.115525 0.0893526 0.0740271 0.0555123 0.0348061 0.0191175 0.00975047 0.00457634 0.00190393 0.000687749 0.000212074 5.43753e-05
#obs surv len freq
 4.26129e-11 2.00431e-09 6.52789e-08 1.4722e-06 2.29906e-05 0.00024861 0.00186158 0.00965278 0.034666 0.0862805 0.149204 0.181052 0.15995 0.115426 0.0840406 0.0665729 0.0490491 0.0305557 0.0166885 0.00843373 0.00390461 0.00159866 0.00057004 0.00017515 4.5322e-05
 4.11e-11 1.93315e-09 6.29613e-08 1.41994e-06 2.21743e-05 0.000239784 0.00179549 0.00931023 0.0334375 0.0832402 0.144063 0.175366 0.156704 0.116832 0.0896372 0.0733433 0.0537818 0.0322771 0.0165433 0.0078372 0.00348672 0.00140165 0.000492981 0.000148618 3.75596e-05
 4.33932e-11 2.04101e-09 6.64742e-08 1.49916e-06 2.34116e-05 0.000253163 0.00189566 0.00982949 0.0353001 0.0878537 0.15189 0.18415 0.162163 0.11589 0.0828902 0.0645839 0.0469527 0.0287014 0.0151943 0.00736129 0.00324295 0.00125322 0.000419318 0.000121146 2.97128e-05
 4.11284e-11 1.93448e-09 6.30048e-08 1.42092e-06 2.21897e-05 0.00023995 0.00179673 0.00931667 0.0334606 0.0832975 0.144161 0.17548 0.156787 0.116858 0.0896167 0.0733135 0.0537713 0.0322763 0.0165161 0.00776548 0.00339315 0.00132255 0.000445342 0.000127297 3.03444e-05
 4.21116e-11 1.98073e-09 6.4511e-08 1.45489e-06 2.27202e-05 0.000245686 0.00183968 0.0095393 0.0342591 0.0852748 0.147512 0.179221 0.159048 0.116278 0.0864724 0.0693574 0.0508354 0.0309325 0.0161855 0.00773883 0.00337321 0.00129021 0.000425045 0.000119758 2.83466e-05
 4.2755e-11 2.01099e-09 6.54966e-08 1.47711e-06 2.30673e-05 0.00024944 0.00186779 0.009685 0.0347819 0.0865715 0.149724 0.18176 0.160822 0.116545 0.0853339 0.0674934 0.048921 0.02933 0.0150385 0.00707004 0.00307082 0.00118293 0.000392434 0.000110395 2.58582e-05
 4.08179e-11 1.91988e-09 6.25291e-08 1.41019e-06 2.20221e-05 0.000238138 0.00178317 0.00924635 0.0332083 0.0826719 0.143095 0.174261 0.155953 0.11678 0.0902457 0.0742998 0.0547553 0.0330584 0.017022 0.0080041 0.00345479 0.00131679 0.000432724 0.000121227 2.84076e-05
 4.25856e-11 2.00302e-09 6.5237e-08 1.47126e-06 2.29758e-05 0.000248451 0.00186039 0.00964662 0.0346442 0.0862296 0.149138 0.181078 0.160311 0.116379 0.0854989 0.0678817 0.0494338 0.0298707 0.015485 0.00733997 0.00318384 0.00121383 0.000397158 0.000110393 2.56377e-05
 4.23249e-11 1.99076e-09 6.48378e-08 1.46226e-06 2.28352e-05 0.000246931 0.001849 0.00958761 0.0344326 0.0857058 0.148253 0.180099 0.159753 0.116624 0.0864652 0.0690417 0.0502289 0.0301403 0.0154444 0.00724289 0.00313119 0.00119862 0.000394991 0.000110406 2.56795e-05
 4.36656e-11 2.05382e-09 6.68915e-08 1.50857e-06 2.35585e-05 0.000254752 0.00190756 0.00989118 0.0355216 0.0884043 0.152838 0.185279 0.163092 0.116396 0.0829773 0.0642769 0.0462291 0.027675 0.0141802 0.0066385 0.00285419 0.00108361 0.000354365 9.86773e-05 2.29683e-05
 4.19194e-11 1.97169e-09 6.42166e-08 1.44825e-06 2.26164e-05 0.000244565 0.00183129 0.00949579 0.0341033 0.084891 0.146876 0.178579 0.158897 0.117032 0.0880127 0.0709044 0.0515237 0.0305942 0.0153686 0.00703367 0.00297732 0.00112175 0.000365171 0.000101185 2.34199e-05
 4.14823e-11 1.95113e-09 6.35469e-08 1.43314e-06 2.23806e-05 0.000242015 0.00181219 0.0093968 0.033748 0.0840083 0.145361 0.176796 0.157503 0.116435 0.0881886 0.0716784 0.0527693 0.0320964 0.0167348 0.00794554 0.0034234 0.00128597 0.000412959 0.000112778 2.58224e-05
 4.1707e-11 1.9617e-09 6.38911e-08 1.44091e-06 2.25018e-05 0.000243325 0.00182201 0.00944767 0.0339304 0.0844603 0.146128 0.177657 0.158039 0.116343 0.0875149 0.0707719 0.0520054 0.0316437 0.0165656 0.00795528 0.00349943 0.00135107 0.000445497 0.000123701 2.84218e-05
 4.22667e-11 1.98802e-09 6.47486e-08 1.46024e-06 2.28038e-05 0.000246591 0.00184646 0.00957442 0.0343852 0.0855881 0.14805 0.179858 0.159558 0.116522 0.086453 0.0691062 0.0503682 0.030336 0.0156456 0.00739981 0.00322818 0.00124809 0.00041598 0.00011761 2.7599e-05
 4.1977e-11 1.9744e-09 6.43048e-08 1.45024e-06 2.26475e-05 0.000244901 0.0018338 0.00950882 0.0341499 0.0850054 0.147063 0.178754 0.158885 0.11668 0.0873682 0.0702838 0.0512846 0.0308018 0.0157814 0.00738972 0.00318527 0.00121595 0.000400855 0.000112713 2.65095e-05
 4.18068e-11 1.96639e-09 6.4044e-08 1.44435e-06 2.25557e-05 0.000243908 0.00182636 0.00947027 0.0340115 0.0846615 0.146472 0.178055 0.158327 0.116415 0.0873878 0.0705418 0.0517577 0.0314126 0.0163592 0.00778765 0.00338645 0.0012923 0.000423155 0.00011781 2.74344e-05
 4.10499e-11 1.93079e-09 6.28845e-08 1.41821e-06 2.21473e-05 0.000239492 0.0017933 0.00929889 0.0333968 0.0831385 0.143886 0.175146 0.156494 0.116658 0.0895189 0.073359 0.0540153 0.0326742 0.0169063 0.00801339 0.00349358 0.00134485 0.000444837 0.000124644 2.90385e-05
 4.13754e-11 1.9461e-09 6.33831e-08 1.42945e-06 2.23229e-05 0.000241391 0.00180752 0.00937258 0.0336611 0.0837928 0.144994 0.176379 0.157224 0.116424 0.088416 0.0719933 0.0530254 0.0322571 0.0168498 0.00805658 0.00352409 0.0013551 0.000447685 0.000125685 2.94299e-05
 4.06896e-11 1.91384e-09 6.23326e-08 1.40576e-06 2.19529e-05 0.00023739 0.00177756 0.00921728 0.0331039 0.0824111 0.14264 0.173686 0.155376 0.116233 0.0897537 0.0740508 0.0550001 0.0337897 0.0179153 0.00871862 0.00387536 0.00151009 0.000504074 0.000142463 3.34758e-05
 4.13212e-11 1.94355e-09 6.33001e-08 1.42758e-06 2.22937e-05 0.000241074 0.00180515 0.00936029 0.0336168 0.0836818 0.144796 0.176108 0.156887 0.115988 0.0879053 0.0716166 0.0530456 0.0327072 0.0174889 0.00861114 0.00387852 0.00153385 0.000520291 0.000149333 3.55453e-05
 3.96122e-11 1.86317e-09 6.06822e-08 1.36854e-06 2.13717e-05 0.000231105 0.0017305 0.00897332 0.0322286 0.0802415 0.138948 0.169488 0.15258 0.116165 0.0921856 0.0775491 0.0581167 0.035947 0.0192492 0.00950658 0.00430911 0.00172161 0.000591918 0.00017252 4.17165e-05
 4.12435e-11 1.93989e-09 6.31811e-08 1.42489e-06 2.22517e-05 0.000240621 0.00180176 0.00934268 0.0335534 0.0835223 0.144508 0.175706 0.156364 0.115274 0.087052 0.0709966 0.0531122 0.0334927 0.0185457 0.00946995 0.00438477 0.00177109 0.000613497 0.000180332 4.40798e-05
 4.26342e-11 2.00531e-09 6.53115e-08 1.47294e-06 2.30021e-05 0.000248735 0.00186251 0.00965762 0.0346836 0.0863265 0.149298 0.181237 0.160338 0.116158 0.0850416 0.0673644 0.0490781 0.0297886 0.0156502 0.00764156 0.00348555 0.0014237 0.000503885 0.000151065 3.74557e-05
 3.76134e-11 1.76915e-09 5.76201e-08 1.29948e-06 2.02933e-05 0.000219443 0.00164319 0.00852072 0.0306052 0.0762203 0.132127 0.161838 0.147839 0.117032 0.0981569 0.0853296 0.0642529 0.0392085 0.0204266 0.00976253 0.0043074 0.00169356 0.000581129 0.00017184 4.27485e-05
 4.2036e-11 1.97717e-09 6.43952e-08 1.45227e-06 2.26793e-05 0.000245245 0.00183638 0.00952211 0.0341968 0.0851133 0.14719 0.178632 0.157897 0.114169 0.0835985 0.0670442 0.0506455 0.0330276 0.0191752 0.0101607 0.00475356 0.00189658 0.000642244 0.00018489 4.47078e-05
 3.80837e-11 1.79127e-09 5.83406e-08 1.31573e-06 2.0547e-05 0.000222187 0.00166373 0.0086272 0.030987 0.077165 0.133722 0.163593 0.148807 0.116492 0.0962212 0.0829235 0.0624184 0.0383999 0.0204845 0.0102733 0.00486713 0.00206972 0.000755201 0.000229337 5.66752e-05
 4.23517e-11 1.99202e-09 6.48788e-08 1.46318e-06 2.28497e-05 0.000247087 0.00185017 0.00959361 0.0344534 0.085751 0.148285 0.179925 0.158919 0.114633 0.0835164 0.066513 0.0497232 0.0318674 0.0181001 0.00945056 0.00443583 0.00181664 0.000646003 0.000197991 5.08293e-05
 3.77498e-11 1.77557e-09 5.78292e-08 1.30419e-06 2.03669e-05 0.000220239 0.00164915 0.0085516 0.0307158 0.0764925 0.132576 0.162284 0.147915 0.116417 0.0969085 0.0839857 0.0634584 0.0392083 0.0210012 0.0105222 0.00494308 0.00208026 0.000756993 0.000232827 5.93062e-05
#pred catch len freq
 3.3676e-11 1.58396e-09 5.15885e-08 1.16345e-06 1.81689e-05 0.000196471 0.00147117 0.00762865 0.0273995 0.0682242 0.118178 0.144343 0.130583 0.100949 0.082742 0.0734466 0.0610375 0.046311 0.0346098 0.0267049 0.0215175 0.0182674 0.0157323 0.0124597 0.00817828
 3.84346e-11 1.80778e-09 5.88783e-08 1.32785e-06 2.07363e-05 0.000224234 0.00167906 0.0087066 0.0312709 0.0778607 0.134849 0.1646 0.148538 0.113846 0.0912782 0.077412 0.0584823 0.0369485 0.0211278 0.0122837 0.00766902 0.0051937 0.00374243 0.00264044 0.00162504
 3.81078e-11 1.79241e-09 5.83776e-08 1.31656e-06 2.056e-05 0.000222328 0.00166479 0.00863269 0.0310068 0.0772165 0.133824 0.163777 0.149164 0.117142 0.0971087 0.0836406 0.0624546 0.0376296 0.0192848 0.00918998 0.00425925 0.00197705 0.000980105 0.000526522 0.000276727
 3.72805e-11 1.7535e-09 5.71103e-08 1.28798e-06 2.01137e-05 0.000217501 0.00162865 0.00844534 0.0303346 0.0755492 0.130981 0.160516 0.146897 0.116842 0.0986777 0.0862574 0.065284 0.0401339 0.0210909 0.0101028 0.00441291 0.00171546 0.000607007 0.000209963 7.48532e-05
 3.67262e-11 1.72743e-09 5.62611e-08 1.26883e-06 1.98146e-05 0.000214267 0.00160444 0.00831981 0.029884 0.0744307 0.129066 0.158285 0.145225 0.116292 0.0991822 0.087427 0.0667859 0.041736 0.0225331 0.0111485 0.00500047 0.00195308 0.000654243 0.00018937 4.83739e-05
 3.8434e-11 1.80775e-09 5.88773e-08 1.32783e-06 2.0736e-05 0.000224231 0.00167904 0.00870651 0.0312713 0.0778686 0.134909 0.164896 0.149517 0.116084 0.0948456 0.0814058 0.0616027 0.0384037 0.0207626 0.0103441 0.00470781 0.00187806 0.000641695 0.000185457 4.46729e-05
 3.71455e-11 1.74715e-09 5.69035e-08 1.28332e-06 2.00408e-05 0.000216714 0.00162276 0.00841479 0.0302251 0.0752789 0.130529 0.160039 0.146704 0.117177 0.0994623 0.0870512 0.0656238 0.0399714 0.020771 0.00993033 0.00440406 0.00174245 0.000597879 0.000174706 4.24777e-05
 3.72004e-11 1.74973e-09 5.69875e-08 1.28521e-06 2.00704e-05 0.000217034 0.00162515 0.00842721 0.0302695 0.0753885 0.130711 0.160226 0.146759 0.116991 0.0990816 0.0867051 0.0655497 0.0401691 0.0210155 0.0100356 0.00437583 0.00167864 0.000556448 0.000158379 3.80221e-05
 3.75471e-11 1.76604e-09 5.75187e-08 1.29719e-06 2.02575e-05 0.000219057 0.0016403 0.0085057 0.0305509 0.076084 0.13188 0.161486 0.147363 0.116359 0.0973467 0.0847634 0.0643813 0.0400406 0.0214782 0.0105474 0.00469797 0.0018223 0.000603681 0.000169566 3.98103e-05
 3.77941e-11 1.77765e-09 5.7897e-08 1.30572e-06 2.03907e-05 0.000220497 0.00165108 0.00856162 0.0307516 0.0765813 0.132726 0.162448 0.148002 0.116368 0.0967667 0.0839049 0.0635697 0.0394454 0.0211366 0.0104239 0.00470329 0.00186248 0.000631609 0.000180825 4.28581e-05
 3.81959e-11 1.79655e-09 5.85125e-08 1.3196e-06 2.06075e-05 0.000222841 0.00166864 0.00865262 0.0310782 0.077393 0.13412 0.164095 0.14931 0.116975 0.0966997 0.0832996 0.0625027 0.0380802 0.0198217 0.00947587 0.00418436 0.00164149 0.000557246 0.000161096 3.87724e-05
 3.74817e-11 1.76296e-09 5.74185e-08 1.29493e-06 2.02222e-05 0.000218675 0.00163744 0.00849091 0.030498 0.0759544 0.13167 0.161297 0.147407 0.116825 0.098176 0.0855519 0.0646692 0.0397422 0.0209078 0.0100547 0.00441329 0.00170166 0.000565393 0.00016064 3.83416e-05
 3.6271e-11 1.70601e-09 5.55638e-08 1.2531e-06 1.9569e-05 0.000211612 0.00158455 0.00821674 0.0295145 0.0735167 0.127525 0.156601 0.144337 0.116911 0.101152 0.0897074 0.0682557 0.0420789 0.0222185 0.010742 0.00474423 0.00183816 0.000610779 0.00017227 4.05676e-05
 3.6459e-11 1.71486e-09 5.58519e-08 1.2596e-06 1.96705e-05 0.000212709 0.00159277 0.0082593 0.0296669 0.0738917 0.128144 0.157214 0.144436 0.116066 0.0994848 0.0880488 0.0675349 0.0424821 0.0231587 0.011572 0.0052298 0.00205405 0.000688693 0.000195475 4.61626e-05
 3.62766e-11 1.70628e-09 5.55723e-08 1.25329e-06 1.9572e-05 0.000211644 0.0015848 0.008218 0.0295188 0.0735256 0.127528 0.156546 0.144101 0.116357 0.100321 0.0889577 0.0680197 0.0424559 0.0229236 0.0114206 0.00521527 0.00209372 0.000720592 0.000209275 5.0235e-05
 3.60051e-11 1.69351e-09 5.51565e-08 1.24392e-06 1.94256e-05 0.000210061 0.00157294 0.00815651 0.029298 0.0729763 0.12658 0.155406 0.143128 0.11575 0.100086 0.089145 0.0687347 0.0435891 0.0240813 0.0122486 0.00565499 0.00228124 0.000790428 0.00023263 5.6915e-05
 3.57962e-11 1.68368e-09 5.48365e-08 1.2367e-06 1.93129e-05 0.000208842 0.00156381 0.00810921 0.0291284 0.0725565 0.12587 0.154618 0.14267 0.115918 0.100811 0.0900059 0.0692995 0.0437587 0.0240603 0.0122406 0.00570049 0.00233408 0.000821673 0.000245001 6.05793e-05
 3.58011e-11 1.68391e-09 5.48439e-08 1.23687e-06 1.93155e-05 0.00020887 0.00156403 0.00811031 0.0291323 0.0725657 0.125883 0.15462 0.142628 0.1158 0.100631 0.0898564 0.0692818 0.0438762 0.0242174 0.012351 0.00575271 0.0023557 0.000832216 0.000250261 6.26291e-05
 3.67152e-11 1.72691e-09 5.62443e-08 1.26845e-06 1.98087e-05 0.000214203 0.00160396 0.00831731 0.0298749 0.0744072 0.129019 0.158199 0.145057 0.115978 0.0987337 0.0870038 0.0665998 0.0418665 0.0228907 0.0115774 0.00536993 0.00219709 0.000776528 0.000233777 5.86593e-05
 3.65134e-11 1.71741e-09 5.59351e-08 1.26148e-06 1.96998e-05 0.000213026 0.00159514 0.00827162 0.0297112 0.0740026 0.12834 0.157472 0.144725 0.116391 0.0998106 0.0881988 0.0673107 0.0419272 0.022576 0.0112238 0.00513209 0.00207722 0.000728424 0.000218258 5.46625e-05
 3.63856e-11 1.7114e-09 5.57393e-08 1.25706e-06 1.96308e-05 0.00021228 0.00158956 0.00824268 0.0296073 0.0737453 0.127903 0.156978 0.144406 0.116414 0.100153 0.0886841 0.0677502 0.0422258 0.022723 0.0112515 0.00509771 0.00203472 0.000702073 0.000207251 5.13159e-05
 3.57137e-11 1.6798e-09 5.471e-08 1.23385e-06 1.92683e-05 0.00020836 0.00156021 0.00809053 0.0290614 0.072391 0.125592 0.154322 0.142541 0.116104 0.101288 0.0905605 0.0696815 0.0438648 0.0239481 0.0120305 0.00550032 0.00220126 0.000757104 0.00022162 5.42179e-05
 3.71985e-11 1.74964e-09 5.69846e-08 1.28514e-06 2.00694e-05 0.000217023 0.00162507 0.00842674 0.0302675 0.0753799 0.130672 0.160066 0.146259 0.115895 0.0974802 0.0853035 0.0651944 0.0410222 0.0224608 0.01135 0.00523488 0.00211769 0.000735961 0.000216917 5.31504e-05
 3.58466e-11 1.68605e-09 5.49137e-08 1.23844e-06 1.934e-05 0.000209136 0.00156601 0.00812064 0.0291695 0.0726603 0.126059 0.154892 0.143053 0.116478 0.101507 0.0905356 0.0692929 0.0431764 0.0232426 0.0115581 0.00528994 0.00214191 0.000749284 0.000222913 5.51462e-05
 3.48939e-11 1.64124e-09 5.34542e-08 1.20553e-06 1.8826e-05 0.000203578 0.0015244 0.0079049 0.0283955 0.070741 0.122789 0.151158 0.14051 0.11627 0.103461 0.0935152 0.0721507 0.0453657 0.0246861 0.0123531 0.00563246 0.00225396 0.000778289 0.000229662 5.67454e-05
 3.55295e-11 1.67114e-09 5.44279e-08 1.22748e-06 1.91689e-05 0.000207286 0.00155216 0.00804878 0.0289113 0.0720155 0.12493 0.153457 0.141585 0.11504 0.100175 0.0898611 0.0699775 0.0451713 0.0256121 0.013368 0.00628457 0.00256216 0.000892656 0.000263509 6.47552e-05
 3.5581e-11 1.67356e-09 5.45068e-08 1.22926e-06 1.91967e-05 0.000207586 0.00155441 0.00806046 0.0289533 0.0721212 0.12512 0.153721 0.141921 0.115483 0.100672 0.0901367 0.0697305 0.0444568 0.0248554 0.0129287 0.00617207 0.00259367 0.000935624 0.00028438 7.12192e-05
 3.47344e-11 1.63374e-09 5.32099e-08 1.20002e-06 1.874e-05 0.000202647 0.00151743 0.00786876 0.0282657 0.0704174 0.122226 0.150457 0.139839 0.115687 0.102971 0.0932572 0.0723434 0.0460341 0.0255856 0.0131817 0.00622541 0.0025977 0.0009396 0.000289913 7.43549e-05
#obs catch len freq
 3.37651e-11 1.58815e-09 5.1725e-08 1.16653e-06 1.8217e-05 0.000196992 0.00147509 0.00764929 0.0274786 0.0684681 0.118923 0.146769 0.137608 0.116253 0.106063 0.0971493 0.0752315 0.0473541 0.0259065 0.0132058 0.00625044 0.00264178 0.000972209 0.000305546 8.00246e-05
 3.76631e-11 1.77149e-09 5.76962e-08 1.3012e-06 2.03201e-05 0.000219733 0.00164536 0.00853193 0.0306449 0.0763146 0.132257 0.161844 0.147362 0.115696 0.0960945 0.0834942 0.0637586 0.0402416 0.0221558 0.0112676 0.00523734 0.00214878 0.000767045 0.000235834 6.10474e-05
 3.58513e-11 1.68627e-09 5.49208e-08 1.2386e-06 1.93426e-05 0.000209163 0.00156622 0.00812173 0.0291739 0.0726744 0.126106 0.155057 0.143543 0.11753 0.103015 0.091784 0.0694528 0.0421616 0.0217752 0.0103869 0.00464318 0.00187127 0.000658984 0.000198798 5.02612e-05
 3.83437e-11 1.8035e-09 5.87388e-08 1.32471e-06 2.06872e-05 0.000223704 0.00167509 0.00868607 0.0311981 0.0776878 0.134608 0.164582 0.149407 0.116356 0.0954695 0.0821018 0.0620421 0.0384588 0.0205334 0.0100165 0.00443247 0.00171702 0.00057525 0.000166326 4.08131e-05
 3.60918e-11 1.69758e-09 5.52892e-08 1.24691e-06 1.94723e-05 0.000210566 0.00157673 0.00817618 0.0293693 0.0731587 0.12693 0.155993 0.144164 0.117542 0.102477 0.0910371 0.068834 0.0417746 0.0215309 0.0101885 0.00447172 0.00174707 0.000588997 0.000168471 4.01752e-05
 3.72393e-11 1.75156e-09 5.7047e-08 1.28655e-06 2.00914e-05 0.000217261 0.00162685 0.008436 0.0303012 0.075466 0.130838 0.160351 0.146775 0.116807 0.0987249 0.086357 0.0654114 0.040276 0.0212308 0.0102139 0.00447033 0.00171361 0.000565189 0.000159354 3.77347e-05
 3.77078e-11 1.77359e-09 5.77648e-08 1.30274e-06 2.03442e-05 0.000219994 0.00164732 0.00854212 0.030682 0.0764113 0.132455 0.16223 0.148164 0.117212 0.098197 0.0852387 0.0640236 0.0388773 0.0200934 0.0095119 0.00415103 0.0016031 0.000532515 0.000149911 3.51296e-05
 3.59963e-11 1.69309e-09 5.5143e-08 1.24361e-06 1.94208e-05 0.000210009 0.00157256 0.00815456 0.0292917 0.0729658 0.126599 0.155602 0.143853 0.1174 0.10251 0.0912375 0.0691922 0.0422083 0.021879 0.010348 0.0044843 0.00171286 0.00056351 0.000157968 3.70315e-05
 3.7643e-11 1.77055e-09 5.76656e-08 1.3005e-06 2.03092e-05 0.000219616 0.00164449 0.00852743 0.0306292 0.0762797 0.132226 0.161944 0.147886 0.116969 0.0980058 0.0851896 0.0642255 0.0392942 0.0205281 0.00979402 0.00426702 0.00163062 0.000534188 0.000148588 3.45231e-05
 3.74146e-11 1.7598e-09 5.73156e-08 1.29261e-06 2.0186e-05 0.000218284 0.00163451 0.00847572 0.0304438 0.0758211 0.131453 0.1611 0.147441 0.117281 0.0989896 0.0863166 0.0649288 0.0394288 0.0203554 0.00960792 0.00417212 0.00160089 0.000528204 0.000147745 3.43783e-05
 3.88842e-11 1.82892e-09 5.95669e-08 1.34338e-06 2.09789e-05 0.000226857 0.0016987 0.00880849 0.0316375 0.0787792 0.136479 0.166778 0.151101 0.117031 0.0951688 0.0810982 0.0605506 0.0367316 0.0189701 0.00894029 0.00386136 0.00146958 0.000481202 0.000134095 3.12261e-05
 3.68037e-11 1.73107e-09 5.63798e-08 1.27151e-06 1.98564e-05 0.00021472 0.00160782 0.0083374 0.0299478 0.0745934 0.129377 0.158801 0.14612 0.117827 0.101223 0.0890402 0.0668647 0.0401727 0.0203329 0.00936922 0.00398522 0.00150546 0.000490747 0.000136084 3.15118e-05
 3.6383e-11 1.71128e-09 5.57353e-08 1.25697e-06 1.96294e-05 0.000212265 0.00158945 0.00824211 0.0296056 0.0737426 0.127911 0.15705 0.144667 0.117008 0.101041 0.0894985 0.0680393 0.0418711 0.021996 0.0105103 0.00454783 0.00171228 0.000550534 0.00015046 3.4466e-05
 3.68102e-11 1.73138e-09 5.63898e-08 1.27173e-06 1.98599e-05 0.000214758 0.00160811 0.00833885 0.0299526 0.0746024 0.129371 0.158693 0.145707 0.116878 0.0998305 0.0878522 0.0666403 0.0410169 0.0216294 0.010451 0.00461609 0.00178604 0.000589585 0.000163816 3.76535e-05
 3.7383e-11 1.75832e-09 5.72672e-08 1.29152e-06 2.01689e-05 0.000218099 0.00163313 0.00846855 0.030418 0.0757568 0.131341 0.160957 0.147296 0.117139 0.0988567 0.0862414 0.0649769 0.0396021 0.0205769 0.0097944 0.00429142 0.00166301 0.000554934 0.000157002 3.68577e-05
 3.68686e-11 1.73412e-09 5.64792e-08 1.27375e-06 1.98914e-05 0.000215098 0.00161066 0.00835208 0.0300003 0.074722 0.129585 0.158988 0.146075 0.117359 0.100393 0.0882535 0.0665811 0.0404725 0.0208962 0.00985069 0.00426575 0.00163248 0.00053887 0.000151632 3.56791e-05
 3.68489e-11 1.7332e-09 5.64491e-08 1.27307e-06 1.98808e-05 0.000214983 0.0016098 0.00834761 0.0299841 0.0746808 0.129507 0.158858 0.145853 0.116982 0.0998968 0.0878733 0.0665918 0.0408903 0.0214533 0.0102768 0.00448769 0.0017164 0.00056269 0.000156766 3.65217e-05
 3.60667e-11 1.6964e-09 5.52507e-08 1.24604e-06 1.94588e-05 0.00021042 0.00157563 0.00817049 0.0293488 0.0731069 0.126836 0.155857 0.143975 0.11727 0.102151 0.0908237 0.0689217 0.0421494 0.0219646 0.0104755 0.00458619 0.00176941 0.000585949 0.000164293 3.82907e-05
 3.60809e-11 1.69707e-09 5.52725e-08 1.24653e-06 1.94664e-05 0.000210503 0.00157625 0.00817369 0.0293602 0.0731343 0.126876 0.155875 0.143891 0.117005 0.101738 0.0904688 0.0688568 0.0423955 0.0223213 0.0107451 0.00472147 0.00181993 0.000602017 0.000169139 3.96226e-05
 3.53793e-11 1.66407e-09 5.41977e-08 1.2223e-06 1.90879e-05 0.00020641 0.0015456 0.00801482 0.0287901 0.0717204 0.124465 0.153108 0.141961 0.116722 0.102978 0.0924631 0.0708523 0.0440362 0.0235291 0.0115256 0.00514511 0.00200943 0.000671557 0.000189931 4.46485e-05
 3.58688e-11 1.6871e-09 5.49476e-08 1.23921e-06 1.9352e-05 0.000209265 0.00156698 0.00812566 0.0291877 0.0727048 0.126133 0.154971 0.143086 0.116429 0.101393 0.090441 0.0692982 0.0432712 0.0233313 0.0115678 0.00523378 0.00207473 0.000704638 0.00020239 4.81956e-05
 3.39164e-11 1.59526e-09 5.19567e-08 1.17176e-06 1.82987e-05 0.000197875 0.0014817 0.00768355 0.0276016 0.0687742 0.119451 0.147406 0.138156 0.116613 0.106256 0.0971934 0.0750823 0.0469827 0.0253643 0.0126141 0.0057437 0.00230025 0.00079185 0.000230958 5.58711e-05
 3.61138e-11 1.69862e-09 5.53229e-08 1.24767e-06 1.94842e-05 0.000210695 0.00157768 0.0081811 0.0293862 0.0731939 0.126944 0.155788 0.143277 0.115462 0.0994134 0.0884276 0.0683504 0.0436301 0.0243477 0.0125085 0.00581359 0.00235283 0.000815875 0.00023997 5.86799e-05
 3.74157e-11 1.75985e-09 5.73173e-08 1.29265e-06 2.01866e-05 0.00021829 0.00163455 0.00847594 0.0304444 0.0758208 0.13144 0.161023 0.147183 0.116698 0.0981179 0.085506 0.0646175 0.0397459 0.0210594 0.010357 0.00474678 0.00194368 0.000688777 0.000206637 5.12547e-05
 3.15307e-11 1.48305e-09 4.8302e-08 1.08933e-06 1.70115e-05 0.000183956 0.00137749 0.00714335 0.025664 0.0639749 0.111312 0.138282 0.132523 0.117701 0.113462 0.106549 0.0824227 0.0508316 0.0266965 0.0128539 0.00570024 0.00224731 0.000772246 0.00022854 5.68806e-05
 3.65326e-11 1.71832e-09 5.59645e-08 1.26214e-06 1.97102e-05 0.000213138 0.00159598 0.0082759 0.0297258 0.0740308 0.128334 0.157208 0.143679 0.113982 0.0963017 0.0852893 0.0669535 0.0443026 0.0259526 0.0138406 0.00649953 0.00259833 0.000880885 0.000253777 6.13942e-05
 3.22613e-11 1.51742e-09 4.94213e-08 1.11458e-06 1.74057e-05 0.000188219 0.0014094 0.00730879 0.0262573 0.0654432 0.113794 0.141026 0.134084 0.116991 0.110651 0.103006 0.079675 0.0495404 0.0266397 0.0134567 0.00640545 0.00273035 0.000997391 0.000303066 7.49221e-05
 3.67051e-11 1.72643e-09 5.62287e-08 1.2681e-06 1.98032e-05 0.000214144 0.00160351 0.00831496 0.0298662 0.0743808 0.128944 0.157968 0.144409 0.114613 0.0967956 0.0854284 0.0664601 0.0432401 0.0247927 0.0130367 0.00614519 0.00252238 0.00089811 0.000275471 7.07527e-05
#spawning biomass
 20341.6 20645.5 20996.1 24099.2 28677.9 31635.8 34855.7 32314.1 36461.2 43454.7 43728.5 51327.5 53231 56582.5 56949.5 66265.6 69937.8 73544.1 72705.2 75657.6 75674.9 81900.5 81148.3 91250.4 86502.1 94550.3 102644 106862 132447 197225 136409 85099.2 54924.6 39319.3 31812.5 28359.8 26817.3 26141.2 25848.8 25723.4 25669.9 25647.2 25637.6 25633.6 25631.9 25631.1 25630.8 25630.7 25630.7 25630.6 25630.6 25630.6 25630.6 25630.6 25630.6 25630.6 25630.6 25630.6 25630.6 25630.6 25630.6 25630.6 25630.6 25630.6 25630.6 25630.6 25630.6 25630.6 25630.6 25630.6 25630.6 25630.6 25630.6 25630.6 25630.6 25630.6 25630.6 25630.6 25630.6 25630.6 25630.6 25630.6 25630.6 25630.6 25630.6 25630.6 25630.6 25630.6 25630.6 25630.6 25630.6 25630.6 25630.6 25630.6 25630.6 25630.6 25630.6 25630.6 25630.6 25630.6 25630.6 25630.6 25630.6 25630.6 25630.6 25630.6 25630.6 25630.6 25630.6 25630.6 25630.6 25630.6 25630.6 25630.6 25630.6 25630.6 25630.6 25630.6 25630.6 25630.6 25630.6 25630.6 25630.6 25630.6 25630.6 25630.6 25630.6 25630.6 0 0 0 0 0 0 0 0 0 0 0 0 0 0 0 0 0 0 0 0 0 0 0 0 0
