SBPRF35
0.0418774
Curr Bio
336956
B35
149460
F35
61.6753
FOFL
61.6753
OFL
416709
Bzero
10749.6
#pred survey bio
 11755.2 9560.39 6528.44 7693.25 12475.7 16783 20823 27728.9 43244.6 66461.5 101061 140628 171664 181828 171050 156424 149814 162061 165323 175838 169810 189371 189839 197826 221978 257519 229271 229627 198379 4.30207e+06 1.01375e+06 289215 126834 80240.1 66962.1 63242.1 62216.6 61937.7 61862.6 61842.6 61837.3 61835.9 61835.5 61835.4 61835.4 61835.4 61835.4 61835.4 61835.4 61835.4 61835.4 61835.4 61835.4 61835.4 61835.4 61835.4 61835.4 61835.4 61835.4 61835.4 61835.4 61835.4 61835.4 61835.4 61835.4 61835.4 61835.4 61835.4 61835.4 61835.4 61835.4 61835.4 61835.4 61835.4 61835.4 61835.4 61835.4 61835.4 61835.4 61835.4 61835.4 61835.4 61835.4 61835.4 61835.4 61835.4 61835.4 61835.4 61835.4 61835.4 61835.4 61835.4 61835.4 61835.4 61835.4 61835.4 61835.4 61835.4 61835.4 61835.4 61835.4 61835.4 61835.4 61835.4 61835.4 61835.4 61835.4 61835.4 61835.4 61835.4 61835.4 61835.4 61835.4 61835.4 61835.4 61835.4 61835.4 61835.4 61835.4 61835.4 61835.4 61835.4 61835.4 61835.4 61835.4 61835.4 61835.4 61835.4 61835.4 0 0 0 0 0 0 0 0 0 0 0 0 0 0 0 0 0 0 0 0 0 0 0 0 0
#obs survey bio
 7579 9486.75 3483.53 7557.15 14602.3 19464.2 15536.8 24438.9 47620.8 64689.2 127259 151346 211942 175280 187425 139697 143386 170312 168248 126002 175731 210726 185374 195777 283960 269232 301672 206502 208649
#pred catch bio
 2714.69 4277.8 3553.34 3572.01 5646.2 8956.28 13292.9 15432.2 25139.1 38880.4 59279 92699.4 127660 144788 142245 130467 113253 129994 134026 160791 135877 166883 167651 188931 194670 255015 209288 227936 194913 416709 5899.2 5896.35 5896.35 5896.35 5896.35 5896.35 5896.35 5896.35 5896.35 5896.35 5896.35 5896.35 5896.35 5896.35 5896.35 5896.35 5896.35 5896.35 5896.35 5896.35 5896.35 5896.35 5896.35 5896.35 5896.35 5896.35 5896.35 5896.35 5896.35 5896.35 5896.35 5896.35 5896.35 5896.35 5896.35 5896.35 5896.35 5896.35 5896.35 5896.35 5896.35 5896.35 5896.35 5896.35 5896.35 5896.35 5896.35 5896.35 5896.35 5896.35 5896.35 5896.35 5896.35 5896.35 5896.35 5896.35 5896.35 5896.35 5896.35 5896.35 5896.35 5896.35 5896.35 5896.35 5896.35 5896.35 5896.35 5896.35 5896.35 5896.35 5896.35 5896.35 5896.35 5896.35 5896.35 5896.35 5896.35 5896.35 5896.35 5896.35 5896.35 5896.35 5896.35 5896.35 5896.35 5896.35 5896.35 5896.35 5896.35 5896.35 5896.35 5896.35 5896.35 5896.35 5896.35 5896.35 5896.35 5896.35 5896.35 0 0 0 0 0 0 0 0 0 0 0 0 0 0 0 0 0 0 0 0 0 0 0 0 0
#obs catch bio
 4056.09 4585.12 4393.23 3607.89 5443.57 8368.09 14175.5 15081.4 25330.3 38330 57463 86915 121513 142516 147254 132488 110076 126298 132174 166465 127168 162325 151928 186834 186538 243282 197452 210320 194429
#pred cpue bio
 11538 9794.41 6420.42 6882.86 11666.1 16029.1 19456.5 25323.1 39622 60600.2 92670.5 131233 160113 171985 162099 147359 140325 151675 154830 162527 157586 175325 176181 181490 197844 239153 210709 212903 183837 3.92113e+06 1.15891e+06 282519 117528 70879.5 57600.4 53880.4 52854.9 52576 52500.9 52480.9 52475.6 52474.2 52473.8 52473.7 52473.7 52473.7 52473.7 52473.7 52473.7 52473.7 52473.7 52473.7 52473.7 52473.7 52473.7 52473.7 52473.7 52473.7 52473.7 52473.7 52473.7 52473.7 52473.7 52473.7 52473.7 52473.7 52473.7 52473.7 52473.7 52473.7 52473.7 52473.7 52473.7 52473.7 52473.7 52473.7 52473.7 52473.7 52473.7 52473.7 52473.7 52473.7 52473.7 52473.7 52473.7 52473.7 52473.7 52473.7 52473.7 52473.7 52473.7 52473.7 52473.7 52473.7 52473.7 52473.7 52473.7 52473.7 52473.7 52473.7 52473.7 52473.7 52473.7 52473.7 52473.7 52473.7 52473.7 52473.7 52473.7 52473.7 52473.7 52473.7 52473.7 52473.7 52473.7 52473.7 52473.7 52473.7 52473.7 52473.7 52473.7 52473.7 52473.7 52473.7 52473.7 52473.7 52473.7 52473.7 52473.7 0 0 0 0 0 0 0 0 0 0 0 0 0 0 0 0 0 0 0 0 0 0 0 0 0
#obs cpue bio
 6193.7 7833.53 4690.11 9065.46 16701.3 17823.5 13731.4 36475 34344.1 68227.2 92703.1 176676 153003 151447 134106 151921 185080 156233 156142 194598 221822 180253 289020 162379 190508 285170 213101 322938 153219
#pred surv len freq
 1.34877e-11 1.4646e-09 9.37653e-08 3.53917e-06 7.87593e-05 0.00103336 0.00799449 0.0364867 0.0984856 0.159214 0.163593 0.132056 0.114171 0.0977581 0.0681548 0.0421613 0.0263875 0.0166775 0.0107881 0.00735809 0.00539641 0.00432127 0.00360629 0.00271355 0.00156128
 1.11926e-11 1.21538e-09 7.78098e-08 2.93693e-06 6.53576e-05 0.000857541 0.00663501 0.0302987 0.0820126 0.134436 0.146804 0.140693 0.146419 0.131854 0.0860547 0.0448341 0.022645 0.0116597 0.00608768 0.00333372 0.00197531 0.00130909 0.000957508 0.000678512 0.000386352
 1.40511e-11 1.52578e-09 9.76816e-08 3.68699e-06 8.20489e-05 0.00107652 0.00832854 0.0380138 0.102644 0.166225 0.172138 0.142296 0.126197 0.106816 0.0690513 0.0359314 0.0174352 0.00788603 0.00328183 0.00136039 0.000600808 0.000297663 0.000171572 0.00010582 5.69132e-05
 1.84904e-11 2.00784e-09 1.28544e-07 4.85188e-06 0.000107971 0.00141662 0.0109587 0.0499968 0.134697 0.215697 0.211962 0.146043 0.0963317 0.0675419 0.0386171 0.0165465 0.00625845 0.00240708 0.000912916 0.000326932 0.000110701 3.80073e-05 1.48911e-05 6.9107e-06 3.21875e-06
 1.68848e-11 1.83349e-09 1.17382e-07 4.43057e-06 9.8596e-05 0.00129362 0.0100076 0.0456654 0.123139 0.198082 0.198879 0.148333 0.112755 0.0857288 0.0486974 0.0190497 0.00586753 0.00171602 0.000492618 0.000137704 3.82638e-05 1.03216e-05 2.73913e-06 7.99965e-07 2.68298e-07
 1.59213e-11 1.72887e-09 1.10684e-07 4.17775e-06 9.29699e-05 0.0012198 0.00943673 0.0430648 0.116185 0.187366 0.190337 0.147803 0.119705 0.0947019 0.0555187 0.0231934 0.00800361 0.00251332 0.000669195 0.00014824 2.98742e-05 5.86564e-06 1.13614e-06 2.18667e-07 4.4391e-08
 1.68751e-11 1.83244e-09 1.17314e-07 4.42803e-06 9.85394e-05 0.00129287 0.0100018 0.0456387 0.123061 0.197911 0.198493 0.1475 0.11157 0.0850063 0.0491642 0.0203028 0.00693399 0.00221167 0.000625026 0.000149125 2.9881e-05 4.95477e-06 6.98488e-07 9.01063e-08 1.13185e-08
 1.78119e-11 1.93416e-09 1.23827e-07 4.67384e-06 0.00010401 0.00136464 0.0105568 0.0481671 0.129823 0.208335 0.206824 0.148089 0.104938 0.0764149 0.0426177 0.0162765 0.00476181 0.00128934 0.000334335 7.83569e-05 1.61628e-05 2.81053e-06 3.94753e-07 4.40621e-08 3.98629e-09
 1.7685e-11 1.92038e-09 1.22945e-07 4.64054e-06 0.000103269 0.00135492 0.0104816 0.0478246 0.128907 0.206925 0.205706 0.14804 0.105889 0.0776336 0.0435391 0.0168206 0.00501281 0.00135073 0.000325525 6.63369e-05 1.18976e-05 1.92374e-06 2.68704e-07 3.06005e-08 2.71056e-09
 1.78666e-11 1.9401e-09 1.24207e-07 4.68818e-06 0.000104329 0.00136883 0.0105892 0.0483146 0.130216 0.208935 0.207268 0.148008 0.10438 0.0758168 0.042324 0.016239 0.00477667 0.00127224 0.000306663 6.24614e-05 1.07867e-05 1.57949e-06 1.9385e-07 1.99987e-08 1.70027e-09
 1.76616e-11 1.91783e-09 1.22781e-07 4.63439e-06 0.000103132 0.00135312 0.0104677 0.0477614 0.12874 0.206679 0.205567 0.148217 0.106345 0.0780377 0.0436134 0.0166454 0.00483026 0.00126299 0.000299609 6.02093e-05 1.02981e-05 1.49443e-06 1.78038e-07 1.70667e-08 1.30332e-09
 1.69807e-11 1.8439e-09 1.18048e-07 4.45573e-06 9.91559e-05 0.00130096 0.0100644 0.0459243 0.123833 0.199163 0.199801 0.148585 0.112379 0.0850885 0.0480381 0.0184558 0.00541296 0.0014302 0.000339345 6.74274e-05 1.13325e-05 1.617e-06 1.90001e-07 1.79483e-08 1.33216e-09
 1.70099e-11 1.84707e-09 1.18251e-07 4.46339e-06 9.93264e-05 0.0013032 0.0100817 0.0460032 0.124045 0.199499 0.200111 0.148742 0.112382 0.0849555 0.0477654 0.018127 0.00517353 0.00132423 0.000309707 6.16541e-05 1.04112e-05 1.48079e-06 1.71855e-07 1.59682e-08 1.166e-09
 1.64598e-11 1.78734e-09 1.14427e-07 4.31905e-06 9.61142e-05 0.00126106 0.0097558 0.0445192 0.120085 0.193468 0.195649 0.149579 0.118077 0.0911878 0.0510916 0.0188132 0.00497197 0.00113992 0.000245261 4.6473e-05 7.60587e-06 1.06655e-06 1.23505e-07 1.14588e-08 8.30408e-10
 1.63868e-11 1.77941e-09 1.1392e-07 4.2999e-06 9.56881e-05 0.00125547 0.00971257 0.0443224 0.119561 0.192674 0.195087 0.149773 0.118959 0.0921015 0.051505 0.0187944 0.00484135 0.00105719 0.000213109 3.70442e-05 5.47172e-06 7.04113e-07 7.72815e-08 6.97085e-09 4.99194e-10
 1.6643e-11 1.80723e-09 1.15701e-07 4.36713e-06 9.71841e-05 0.00127509 0.00986436 0.0450138 0.121408 0.19551 0.197293 0.149734 0.11684 0.0895473 0.0497951 0.0179712 0.00449831 0.000934531 0.000179326 2.98175e-05 4.15563e-06 4.93744e-07 4.92347e-08 4.03754e-09 2.68626e-10
 1.68781e-11 1.83275e-09 1.17335e-07 4.4288e-06 9.85565e-05 0.0012931 0.0100036 0.045648 0.123102 0.198104 0.199282 0.149603 0.114752 0.087111 0.0482723 0.0173544 0.00430175 0.000876514 0.000163864 2.63226e-05 3.49659e-06 3.93126e-07 3.69397e-08 2.81768e-09 1.7166e-10
 1.68954e-11 1.83464e-09 1.17455e-07 4.43334e-06 9.86577e-05 0.00129443 0.0100138 0.0456945 0.123224 0.198272 0.199317 0.149287 0.114134 0.0866326 0.0483096 0.0177559 0.00466685 0.00104496 0.000209876 3.4446e-05 4.52447e-06 4.94094e-07 4.45536e-08 3.22701e-09 1.85142e-10
 1.68794e-11 1.8329e-09 1.17344e-07 4.42914e-06 9.85642e-05 0.0012932 0.0100044 0.0456515 0.123111 0.198112 0.19926 0.149512 0.114604 0.0870068 0.0483016 0.0174766 0.00441256 0.000932395 0.000182679 3.1028e-05 4.38091e-06 5.10046e-07 4.71792e-08 3.38557e-09 1.88275e-10
 1.73942e-11 1.88881e-09 1.20923e-07 4.56424e-06 0.000101571 0.00133264 0.0103094 0.0470407 0.126821 0.203789 0.203592 0.149155 0.109922 0.0815998 0.0449977 0.0162259 0.0040692 0.000847002 0.000161719 2.64185e-05 3.57606e-06 4.10842e-07 3.9241e-08 2.98003e-09 1.73646e-10
 1.72583e-11 1.87405e-09 1.19978e-07 4.52858e-06 0.000100777 0.00132223 0.0102289 0.0466742 0.125845 0.202321 0.202592 0.149645 0.111757 0.0834152 0.0456799 0.0159809 0.00366868 0.000643166 0.000103419 1.54317e-05 2.0032e-06 2.2227e-07 2.045e-08 1.51179e-09 8.82557e-11
 1.73318e-11 1.88202e-09 1.20489e-07 4.54785e-06 0.000101206 0.00132786 0.0102724 0.0468721 0.126371 0.203102 0.203073 0.149217 0.110519 0.0822788 0.0453987 0.0163584 0.00408662 0.000838137 0.000153396 2.27986e-05 2.62408e-06 2.49571e-07 2.05672e-08 1.42969e-09 8.01161e-11
 1.72523e-11 1.87339e-09 1.19936e-07 4.527e-06 0.000100742 0.00132177 0.0102253 0.0466579 0.125801 0.202247 0.202508 0.149555 0.11167 0.0833867 0.0457643 0.0161326 0.00378917 0.000697236 0.00011815 1.80141e-05 2.30309e-06 2.41254e-07 1.9883e-08 1.25559e-09 6.19598e-11
 1.76854e-11 1.92042e-09 1.22947e-07 4.64064e-06 0.000103271 0.00135495 0.0104819 0.0478264 0.128921 0.207019 0.206134 0.149207 0.107659 0.0787911 0.0430084 0.0151509 0.00356051 0.000653178 0.000108375 1.56417e-05 1.8434e-06 1.82517e-07 1.53093e-08 1.03765e-09 5.40615e-11
 1.86962e-11 2.03018e-09 1.29974e-07 4.90587e-06 0.000109173 0.00143238 0.0110807 0.0505537 0.136205 0.218169 0.214661 0.14857 0.0985638 0.0682332 0.0364798 0.0125922 0.00280837 0.000459744 6.66441e-05 8.88895e-06 1.01219e-06 9.68058e-08 7.67755e-09 4.88977e-10 2.4682e-11
 1.72317e-11 1.87115e-09 1.19793e-07 4.52159e-06 0.000100621 0.00132019 0.0102131 0.0466024 0.125653 0.202029 0.202378 0.14969 0.112041 0.0837243 0.0458437 0.0160114 0.00365221 0.00062668 9.5155e-05 1.25618e-05 1.32012e-06 1.12496e-07 8.12363e-09 4.88161e-10 2.34804e-11
 1.76307e-11 1.91449e-09 1.22567e-07 4.6263e-06 0.000102952 0.00135076 0.0104495 0.0476791 0.12853 0.206435 0.205764 0.149491 0.108529 0.0796062 0.0432392 0.0149237 0.00329078 0.000522369 7.19967e-05 9.07407e-06 9.63694e-07 8.41596e-08 5.99873e-09 3.36709e-10 1.46983e-11
 1.72938e-11 1.8779e-09 1.20225e-07 4.53788e-06 0.000100984 0.00132495 0.0102499 0.0467698 0.1261 0.202712 0.202893 0.149627 0.111446 0.0830526 0.0454552 0.0158901 0.00363593 0.000627824 9.57491e-05 1.25505e-05 1.28576e-06 1.04496e-07 7.06998e-09 3.92357e-10 1.71489e-11
 1.73201e-11 1.88076e-09 1.20408e-07 4.54479e-06 0.000101138 0.00132696 0.0102655 0.046841 0.126292 0.203014 0.203168 0.149756 0.11143 0.0829186 0.0452111 0.015608 0.00343561 0.000542836 7.43686e-05 9.35323e-06 9.95699e-07 8.70339e-08 6.14478e-09 3.35702e-10 1.39688e-11
#obs surv len freq
 1.33697e-11 1.45179e-09 9.29448e-08 3.50821e-06 7.80703e-05 0.00102432 0.00792461 0.0361688 0.097642 0.157972 0.16294 0.133449 0.118856 0.10607 0.0779723 0.0490797 0.0278676 0.0138295 0.00596556 0.00224388 0.000704604 0.000172369 3.07573e-05 3.79815e-06 3.12349e-07
 5.79166e-12 6.28907e-10 4.02632e-08 1.51974e-06 3.38205e-05 0.000443794 0.00343543 0.0157262 0.0430822 0.0746776 0.0999343 0.139434 0.186885 0.183176 0.124836 0.0676454 0.0342737 0.016378 0.00683865 0.00237014 0.000660261 0.000142616 2.27399e-05 2.53944e-06 1.90092e-07
 1.84632e-11 2.00489e-09 1.28355e-07 4.84475e-06 0.000107813 0.00141453 0.0109424 0.0499176 0.134412 0.214618 0.207816 0.134845 0.0793629 0.057244 0.0448185 0.0321172 0.0189496 0.00877106 0.00329621 0.00103767 0.000264502 5.14232e-05 7.26334e-06 7.17046e-07 4.77883e-08
 1.53818e-11 1.67028e-09 1.06933e-07 4.03619e-06 8.98201e-05 0.00117849 0.0091177 0.0416204 0.11242 0.182178 0.188382 0.152638 0.127501 0.0986269 0.0545796 0.0208988 0.00685379 0.00254787 0.000973898 0.000304664 7.19764e-05 1.25952e-05 1.59079e-06 1.39824e-07 8.26567e-09
 1.71153e-11 1.85852e-09 1.18984e-07 4.49105e-06 9.99421e-05 0.00131129 0.0101447 0.0462975 0.124906 0.201222 0.202533 0.150094 0.109812 0.0799702 0.04556 0.0191871 0.00647826 0.00182901 0.000434956 9.37997e-05 1.86291e-05 3.00052e-06 3.48498e-07 2.76531e-08 1.46052e-09
 1.45161e-11 1.57628e-09 1.00915e-07 3.80903e-06 8.47654e-05 0.00111219 0.00860548 0.0392964 0.106306 0.173357 0.183376 0.15672 0.137025 0.106198 0.0580549 0.0217187 0.00621116 0.00153606 0.000328758 5.72987e-05 7.98117e-06 9.01164e-07 8.15678e-08 5.54689e-09 2.61965e-10
 1.73291e-11 1.88173e-09 1.2047e-07 4.54716e-06 0.000101191 0.00132768 0.0102718 0.0468837 0.126543 0.204157 0.20623 0.153193 0.110169 0.0769979 0.0415036 0.0161774 0.00492648 0.00122985 0.000241967 3.63833e-05 4.21794e-06 3.76867e-07 2.53727e-08 1.25888e-09 4.51379e-11
 1.5479e-11 1.68084e-09 1.07609e-07 4.06171e-06 9.03885e-05 0.00118598 0.0091766 0.0419062 0.113362 0.184651 0.193599 0.159449 0.130314 0.0948702 0.0489692 0.0169939 0.0043216 0.000913744 0.00016555 2.41059e-05 2.65496e-06 2.13086e-07 1.21814e-08 4.89575e-10 1.36852e-11
 1.69786e-11 1.84368e-09 1.18034e-07 4.45521e-06 9.91452e-05 0.00130087 0.010065 0.0459525 0.124164 0.201127 0.205899 0.157622 0.11585 0.0791146 0.0401133 0.0140952 0.00367781 0.000769182 0.000127505 1.60553e-05 1.52439e-06 1.08964e-07 5.69402e-09 2.08418e-10 5.16482e-12
 1.60108e-11 1.73858e-09 1.11305e-07 4.20124e-06 9.3494e-05 0.00122675 0.00949248 0.0433558 0.117339 0.191304 0.200412 0.16253 0.127117 0.0875275 0.0424928 0.0135278 0.00298241 0.000511895 7.34087e-05 8.50446e-06 7.4939e-07 4.8269e-08 2.21078e-09 7.05179e-11 1.53969e-12
 1.66433e-11 1.80727e-09 1.15703e-07 4.36723e-06 9.7188e-05 0.00127522 0.00986757 0.0450679 0.121944 0.19851 0.206318 0.162751 0.121412 0.0802993 0.0378487 0.0116961 0.00246525 0.000390017 4.90819e-05 4.79428e-06 3.50649e-07 1.90467e-08 7.59771e-10 2.15646e-11 4.19799e-13
 1.61612e-11 1.75491e-09 1.12351e-07 4.24072e-06 9.43731e-05 0.00123831 0.00958279 0.0437812 0.118603 0.19389 0.204205 0.165641 0.126449 0.0834021 0.0386384 0.0116713 0.00238921 0.000362944 4.32559e-05 3.93709e-06 2.61433e-07 1.24443e-08 4.2183e-10 1.00416e-11 1.64805e-13
 1.6865e-11 1.83134e-09 1.17244e-07 4.4254e-06 9.84832e-05 0.00129224 0.0100002 0.0456863 0.123724 0.201872 0.210639 0.165682 0.120082 0.0755659 0.0336116 0.00964711 0.00182111 0.000245596 2.5687e-05 2.0966e-06 1.27487e-07 5.57985e-09 1.72532e-10 3.69308e-12 5.35363e-14
 1.30739e-11 1.41968e-09 9.08893e-08 3.43067e-06 7.63489e-05 0.00100194 0.00775771 0.0355143 0.096944 0.162904 0.18677 0.179146 0.157755 0.10747 0.0481835 0.0136122 0.00250275 0.000324034 3.18073e-05 2.37697e-06 1.29473e-07 4.99983e-09 1.36083e-10 2.58746e-12 3.36802e-14
 1.51826e-11 1.64865e-09 1.05548e-07 3.98397e-06 8.86617e-05 0.00116347 0.00900658 0.0411959 0.112042 0.185519 0.202315 0.173974 0.136473 0.0871306 0.0380374 0.0107267 0.0020205 0.000273682 2.78976e-05 2.08972e-06 1.09866e-07 3.9738e-09 9.88731e-11 1.687e-12 1.94738e-14
 1.38174e-11 1.50041e-09 9.60579e-08 3.62578e-06 8.06923e-05 0.00105899 0.00820054 0.0375547 0.102578 0.172311 0.195707 0.180965 0.15009 0.096594 0.0413296 0.0112411 0.00200656 0.000253489 2.41873e-05 1.74099e-06 9.04717e-08 3.27948e-09 8.13439e-11 1.35639e-12 1.49262e-14
 1.59044e-11 1.72703e-09 1.10567e-07 4.1734e-06 9.28786e-05 0.00121886 0.00943634 0.0431733 0.117474 0.194453 0.210456 0.175157 0.129154 0.0773054 0.0318753 0.00849534 0.00149853 0.000187052 1.73888e-05 1.19255e-06 5.80005e-08 1.95413e-09 4.52912e-11 7.15382e-13 7.56265e-15
 1.40635e-11 1.52713e-09 9.77688e-08 3.69039e-06 8.21325e-05 0.00107799 0.00834994 0.0382692 0.104749 0.176745 0.201609 0.18434 0.147082 0.0899484 0.0365425 0.00941988 0.00157959 0.000184051 1.58657e-05 1.01988e-06 4.71577e-08 1.51781e-09 3.34098e-11 4.95711e-13 4.87601e-15
 1.49895e-11 1.62769e-09 1.04207e-07 3.93341e-06 8.75412e-05 0.00114897 0.00889934 0.0407753 0.111448 0.186887 0.20865 0.1818 0.137057 0.0807516 0.0323656 0.00844479 0.00147859 0.000183915 1.67022e-05 1.08188e-06 4.82303e-08 1.45635e-09 2.97533e-11 4.09882e-13 3.76024e-15
 1.55739e-11 1.69115e-09 1.0827e-07 4.08677e-06 9.09552e-05 0.00119381 0.00924691 0.0423683 0.11576 0.193632 0.213841 0.180938 0.130749 0.0742659 0.0290043 0.00743875 0.00129066 0.000160336 1.46516e-05 9.63176e-07 4.39225e-08 1.35692e-09 2.79868e-11 3.79911e-13 3.34597e-15
 1.44209e-11 1.56594e-09 1.00254e-07 3.78429e-06 8.42278e-05 0.0011057 0.00856917 0.039331 0.108035 0.183498 0.210223 0.188254 0.141456 0.0802706 0.0304325 0.00740553 0.00118705 0.000133163 1.0993e-05 6.68558e-07 2.89896e-08 8.68596e-10 1.75872e-11 2.35983e-13 2.05963e-15
 1.62648e-11 1.76617e-09 1.13073e-07 4.26814e-06 9.49948e-05 0.00124694 0.00966063 0.0442865 0.121105 0.202585 0.222036 0.181879 0.123223 0.0646754 0.0230963 0.00526035 0.000765984 7.46264e-05 5.16864e-06 2.63184e-07 9.7372e-09 2.54169e-10 4.57432e-12 5.57363e-14 4.51001e-16
 1.54393e-11 1.67653e-09 1.07335e-07 4.05162e-06 9.0181e-05 0.00118396 0.00917742 0.0421351 0.115721 0.195824 0.220223 0.187372 0.130185 0.0681584 0.0238479 0.0052695 0.000736194 6.75318e-05 4.28695e-06 1.94621e-07 6.27508e-09 1.40055e-10 2.12645e-12 2.18041e-14 1.49869e-16
 1.55816e-11 1.69199e-09 1.08325e-07 4.08906e-06 9.10173e-05 0.00119504 0.00926543 0.0425616 0.117019 0.198317 0.222907 0.187856 0.12771 0.0651645 0.0223088 0.00485914 0.000675745 6.22592e-05 3.96847e-06 1.78008e-07 5.52211e-09 1.15331e-10 1.59679e-12 1.45888e-14 8.76763e-17
 1.64976e-11 1.79146e-09 1.14693e-07 4.32945e-06 9.63683e-05 0.00126528 0.00980901 0.0450365 0.123574 0.207908 0.22866 0.184062 0.11805 0.0575421 0.0191971 0.00415123 0.00058424 5.54297e-05 3.65989e-06 1.68402e-07 5.27284e-09 1.09665e-10 1.49559e-12 1.32922e-14 7.64757e-17
 1.27777e-11 1.38754e-09 8.88369e-08 3.35377e-06 7.46741e-05 0.000981329 0.00762761 0.0352844 0.0988571 0.175509 0.216358 0.205293 0.150578 0.0775292 0.0257649 0.0053655 0.000708632 6.16968e-05 3.70774e-06 1.57609e-07 4.69111e-09 9.51479e-11 1.28367e-12 1.13204e-14 6.4335e-17
 1.6595e-11 1.80204e-09 1.15373e-07 4.35524e-06 9.69513e-05 0.00127322 0.00987596 0.0453993 0.124873 0.210866 0.232233 0.184742 0.114764 0.0538856 0.017568 0.0038083 0.000551754 5.4505e-05 3.68375e-06 1.67251e-07 4.98899e-09 9.66392e-11 1.21456e-12 9.92605e-15 5.26536e-17
 1.35739e-11 1.47401e-09 9.43753e-08 3.56307e-06 7.93453e-05 0.00104304 0.00811231 0.0375641 0.105309 0.186222 0.225004 0.203578 0.13982 0.0674237 0.021114 0.0041609 0.000520942 4.305e-05 2.46656e-06 1.00912e-07 2.91877e-09 5.76433e-11 7.506e-13 6.28276e-15 3.32479e-17
 1.27917e-11 1.38909e-09 8.89415e-08 3.35823e-06 7.48013e-05 0.000983888 0.00766353 0.0356127 0.100657 0.180973 0.224391 0.20815 0.144598 0.0698453 0.0219912 0.0044246 0.00057695 5.0106e-05 2.95114e-06 1.17543e-07 3.11816e-09 5.44389e-11 6.23467e-13 4.68374e-15 2.29775e-17
#pred catch len freq
 1.14409e-11 1.24235e-09 7.95362e-08 3.00209e-06 6.68076e-05 0.000876559 0.00678189 0.0309633 0.0837277 0.136572 0.146027 0.132516 0.131263 0.118025 0.0811443 0.0478693 0.0286754 0.0177601 0.0114083 0.00776362 0.00569034 0.00455603 0.00380212 0.00286089 0.00164606
 9.9936e-12 1.08519e-09 6.94746e-08 2.62232e-06 5.83565e-05 0.000765691 0.00592473 0.0270642 0.0733809 0.121279 0.137022 0.142368 0.15863 0.145402 0.0936061 0.0467875 0.0224663 0.0112354 0.00580365 0.00316701 0.00187459 0.00124204 0.000908425 0.000643727 0.000366545
 1.33631e-11 1.45107e-09 9.2899e-08 3.50647e-06 7.80318e-05 0.00102382 0.007921 0.0361582 0.0976939 0.158701 0.166644 0.143583 0.133697 0.114906 0.0732206 0.0365641 0.0169066 0.00743649 0.00305972 0.00126232 0.000556497 0.000275572 0.000158823 9.79552e-05 5.26832e-05
 1.76361e-11 1.91507e-09 1.22605e-07 4.62772e-06 0.000102983 0.00135117 0.0104526 0.0476919 0.128543 0.20629 0.204838 0.146808 0.104363 0.0766903 0.044031 0.0183838 0.00661255 0.00243655 0.00090693 0.00032276 0.000109054 3.74151e-05 1.46559e-05 6.80128e-06 3.16777e-06
 1.57832e-11 1.71387e-09 1.09724e-07 4.14152e-06 9.21635e-05 0.00120923 0.00935496 0.0426932 0.115203 0.185952 0.189692 0.149318 0.123108 0.0975207 0.0556727 0.0214151 0.00632622 0.00176065 0.000491122 0.000135773 3.7578e-05 1.01236e-05 2.6856e-06 7.84259e-07 2.63026e-07
 1.51408e-11 1.64412e-09 1.05258e-07 3.97296e-06 8.84125e-05 0.00116001 0.00897437 0.0409592 0.110564 0.178785 0.18389 0.148674 0.127304 0.103229 0.0603811 0.0246202 0.00811265 0.00244201 0.000636684 0.000139789 2.80409e-05 5.49325e-06 1.06315e-06 2.04574e-07 4.15279e-08
 1.66218e-11 1.80493e-09 1.15553e-07 4.36156e-06 9.70604e-05 0.00127347 0.00985175 0.0449555 0.121239 0.195145 0.196492 0.148034 0.114419 0.0880274 0.0506357 0.0204126 0.0066555 0.00203129 0.00056151 0.000132806 2.65088e-05 4.38789e-06 6.181e-07 7.971e-08 1.00114e-08
 1.72249e-11 1.87042e-09 1.19746e-07 4.51982e-06 0.000100582 0.00131967 0.0102091 0.0465835 0.125595 0.201878 0.201959 0.148698 0.110581 0.0827815 0.0462976 0.0174185 0.00490231 0.00126226 0.000317166 7.3411e-05 1.50715e-05 2.61592e-06 3.67162e-07 4.09713e-08 3.70625e-09
 1.71952e-11 1.8672e-09 1.1954e-07 4.51202e-06 0.000100408 0.0013174 0.0101915 0.0465032 0.12538 0.201541 0.201664 0.148596 0.11067 0.0829926 0.0465851 0.0177022 0.00507039 0.00130202 0.000304779 6.13581e-05 1.0944e-05 1.76491e-06 2.46264e-07 2.80353e-08 2.48305e-09
 1.74005e-11 1.88948e-09 1.20966e-07 4.56587e-06 0.000101607 0.00133312 0.0103131 0.047057 0.12686 0.203811 0.203421 0.148537 0.10893 0.0809164 0.0452235 0.0170791 0.00483203 0.00122574 0.000286689 5.76718e-05 9.90627e-06 1.4469e-06 1.77382e-07 1.82916e-08 1.55488e-09
 1.71887e-11 1.86649e-09 1.19495e-07 4.51032e-06 0.000100371 0.0013169 0.0101876 0.0464858 0.125335 0.201481 0.201664 0.148751 0.110958 0.0832086 0.0465549 0.0174998 0.00488862 0.00121715 0.000279919 5.55308e-05 9.44532e-06 1.3671e-06 1.62687e-07 1.55882e-08 1.1902e-09
 1.67977e-11 1.82402e-09 1.16776e-07 4.4077e-06 9.8087e-05 0.00128694 0.00995594 0.0454306 0.122516 0.197164 0.198349 0.148953 0.11441 0.0872503 0.0491019 0.0185537 0.00523439 0.0013174 0.000303292 5.95124e-05 9.94713e-06 1.41553e-06 1.66133e-07 1.56864e-08 1.16406e-09
 1.7197e-11 1.86738e-09 1.19552e-07 4.51248e-06 0.000100419 0.00131753 0.0101925 0.0465081 0.125395 0.201579 0.201766 0.148836 0.11102 0.0832121 0.0464608 0.0173501 0.0047708 0.00116232 0.000263216 5.16962e-05 8.68004e-06 1.2313e-06 1.42736e-07 1.32565e-08 9.67805e-10
 1.68913e-11 1.83419e-09 1.17427e-07 4.43227e-06 9.86338e-05 0.00129411 0.0100114 0.0456836 0.123196 0.198238 0.199336 0.149435 0.114389 0.0868083 0.0482476 0.0175389 0.00449161 0.000979989 0.000202915 3.77971e-05 6.14397e-06 8.58988e-07 9.93461e-08 9.21291e-09 6.67522e-10
 1.69815e-11 1.84399e-09 1.18054e-07 4.45594e-06 9.91604e-05 0.00130102 0.0100649 0.045927 0.123847 0.199241 0.200134 0.149481 0.113735 0.0859727 0.0476265 0.0171703 0.00429539 0.000893625 0.000173089 2.95339e-05 4.32908e-06 5.5506e-07 6.08239e-08 5.48297e-09 3.92555e-10
 1.72288e-11 1.87084e-09 1.19773e-07 4.52083e-06 0.000100605 0.00131997 0.0102114 0.0465944 0.12563 0.201976 0.202252 0.149413 0.111643 0.0834774 0.0459898 0.0164188 0.00400162 0.000792971 0.000145868 2.3761e-05 3.284e-06 3.88658e-07 3.86856e-08 3.17007e-09 2.10849e-10
 1.71045e-11 1.85735e-09 1.18909e-07 4.48822e-06 9.9879e-05 0.00131045 0.0101378 0.0462591 0.124735 0.200609 0.201224 0.149548 0.112847 0.0848319 0.0467673 0.0166529 0.00402368 0.00078257 0.000140172 2.2044e-05 2.90289e-06 3.25014e-07 3.04781e-08 2.32283e-09 1.41464e-10
 1.73317e-11 1.88202e-09 1.20489e-07 4.54785e-06 0.000101206 0.00132786 0.0102724 0.046872 0.12637 0.203094 0.20304 0.149126 0.11038 0.0821861 0.0454367 0.0164864 0.00420113 0.000896296 0.000173399 2.79803e-05 3.64856e-06 3.96877e-07 3.5714e-08 2.58443e-09 1.4822e-10
 1.7349e-11 1.88389e-09 1.20609e-07 4.55237e-06 0.000101306 0.00132918 0.0102826 0.0469187 0.126496 0.203298 0.203248 0.149286 0.110483 0.0821705 0.0452368 0.0161884 0.00397664 0.000801077 0.000150548 2.50673e-05 3.51123e-06 4.07305e-07 3.76122e-08 2.69705e-09 1.49936e-10
 1.82493e-11 1.98165e-09 1.26867e-07 4.7886e-06 0.000106563 0.00139814 0.0108159 0.0493477 0.132982 0.213221 0.210806 0.148617 0.102229 0.0726701 0.0394769 0.0140627 0.00343244 0.000681495 0.000124789 1.99762e-05 2.68152e-06 3.06827e-07 2.92497e-08 2.21951e-09 1.2929e-10
 1.76534e-11 1.91695e-09 1.22725e-07 4.63225e-06 0.000103084 0.0013525 0.0104629 0.0477403 0.128692 0.206679 0.205924 0.149391 0.108195 0.079284 0.0431311 0.0149884 0.0033805 0.000569503 8.71657e-05 1.26213e-05 1.61868e-06 1.78731e-07 1.64095e-08 1.21204e-09 7.07318e-11
 1.80621e-11 1.96133e-09 1.25566e-07 4.73949e-06 0.00010547 0.00138381 0.010705 0.0488427 0.131634 0.211159 0.20924 0.148773 0.103971 0.0746651 0.0406736 0.0144868 0.00352406 0.000690013 0.000121198 1.76564e-05 2.01524e-06 1.90758e-07 1.56758e-08 1.08825e-09 6.09526e-11
 1.7991e-11 1.9536e-09 1.25072e-07 4.72083e-06 0.000105055 0.00137836 0.0106629 0.048651 0.131124 0.210392 0.208722 0.149042 0.104951 0.075625 0.0410178 0.0143336 0.00329864 0.000581697 9.39947e-05 1.39527e-05 1.76494e-06 1.84047e-07 1.51367e-08 9.54964e-10 4.71039e-11
 1.86495e-11 2.02511e-09 1.29649e-07 4.89361e-06 0.0001089 0.0014288 0.011053 0.0504277 0.135868 0.217647 0.214234 0.148508 0.0988453 0.0686317 0.0368266 0.0128447 0.00295671 0.000519989 8.23445e-05 1.1576e-05 1.34952e-06 1.32931e-07 1.11206e-08 7.52872e-10 3.92068e-11
 1.92695e-11 2.09243e-09 1.33959e-07 5.0563e-06 0.00011252 0.0014763 0.0114203 0.0521006 0.140336 0.224488 0.219471 0.148136 0.0932957 0.0621743 0.0328127 0.0112472 0.00247167 0.000390647 5.38861e-05 6.94462e-06 7.79301e-07 7.4083e-08 5.85901e-09 3.72694e-10 1.88026e-11
 1.83897e-11 1.9969e-09 1.27843e-07 4.82544e-06 0.000107383 0.0014089 0.0108991 0.0497268 0.133997 0.214791 0.212091 0.148806 0.101387 0.0714775 0.03844 0.0133065 0.00298282 0.000492594 7.12935e-05 9.13351e-06 9.47817e-07 8.02926e-08 5.77859e-09 3.46666e-10 1.66632e-11
 1.844e-11 2.00237e-09 1.28193e-07 4.83866e-06 0.000107677 0.00141276 0.010929 0.0498628 0.134361 0.215354 0.212547 0.148859 0.101062 0.0710332 0.038072 0.0130542 0.00284046 0.00043637 5.72549e-05 6.95822e-06 7.27253e-07 6.3091e-08 4.48264e-09 2.51234e-10 1.09597e-11
 1.84513e-11 2.00359e-09 1.28272e-07 4.84162e-06 0.000107743 0.00141362 0.0109356 0.0498931 0.134441 0.21547 0.212604 0.148746 0.1008 0.070813 0.0380525 0.0131816 0.002963 0.000492228 7.15798e-05 9.11096e-06 9.22021e-07 7.4499e-08 5.02282e-09 2.78237e-10 1.21514e-11
 1.84319e-11 2.00149e-09 1.28137e-07 4.83653e-06 0.00010763 0.00141214 0.0109242 0.0498409 0.134302 0.215265 0.212481 0.148871 0.101145 0.0711247 0.0381208 0.0130645 0.00283789 0.000434106 5.66138e-05 6.86272e-06 7.188e-07 6.24132e-08 4.39263e-09 2.39626e-10 9.9644e-12
#obs catch len freq
 1.08845e-11 1.18193e-09 7.5668e-08 2.8561e-06 6.35587e-05 0.000833936 0.0064523 0.0294629 0.0797287 0.130527 0.141833 0.134599 0.140362 0.13064 0.0923584 0.0544523 0.030417 0.0160513 0.00765802 0.00316481 0.00106393 0.000271958 4.99534e-05 6.31532e-06 5.31714e-07
 1.30613e-11 1.4183e-09 9.08008e-08 3.42728e-06 7.62695e-05 0.0010007 0.00774204 0.0353393 0.0954481 0.154741 0.16087 0.134395 0.121827 0.108805 0.0796208 0.0497897 0.0279453 0.013663 0.00578782 0.00212293 0.000643743 0.000150554 2.54571e-05 2.9579e-06 2.2762e-07
 5.66066e-12 6.14681e-10 3.93525e-08 1.48537e-06 3.30558e-05 0.000433769 0.00335815 0.0153791 0.042208 0.0736594 0.10024 0.141833 0.189422 0.183771 0.124161 0.0668466 0.0335459 0.0157737 0.00644133 0.00216952 0.000582936 0.000120366 1.81842e-05 1.9099e-06 1.33715e-07
 1.83995e-11 1.99796e-09 1.27911e-07 4.82802e-06 0.000107441 0.00140965 0.0109047 0.0497472 0.13397 0.214017 0.207605 0.135417 0.0803384 0.0580437 0.0451991 0.0319859 0.0185286 0.00840641 0.00308914 0.00094433 0.00023166 4.29848e-05 5.75048e-06 5.33992e-07 3.32854e-08
 1.53511e-11 1.66695e-09 1.0672e-07 4.02814e-06 8.96411e-05 0.00117615 0.00909978 0.0415424 0.112249 0.182136 0.189067 0.154122 0.128439 0.0980626 0.053481 0.0202569 0.00660371 0.00242329 0.000901593 0.000272415 6.18024e-05 1.0313e-05 1.2329e-06 1.01907e-07 5.63532e-09
 1.71874e-11 1.86635e-09 1.19485e-07 4.50999e-06 0.000100364 0.00131683 0.0101876 0.0464963 0.125467 0.202258 0.203896 0.151217 0.109749 0.0786504 0.0441146 0.0183075 0.00607018 0.00167566 0.000389417 8.17665e-05 1.56229e-05 2.39444e-06 2.62834e-07 1.96053e-08 9.68743e-10
 1.46516e-11 1.59099e-09 1.01856e-07 3.84458e-06 8.55566e-05 0.00112258 0.00868608 0.0396682 0.107345 0.175213 0.185619 0.158256 0.136459 0.103765 0.0557416 0.0205265 0.00576948 0.00139382 0.000289595 4.87906e-05 6.5412e-06 7.06107e-07 6.05426e-08 3.86845e-09 1.70771e-10
 1.74786e-11 1.89797e-09 1.2151e-07 4.5864e-06 0.000102064 0.00133915 0.0103607 0.0472919 0.127668 0.206068 0.208274 0.154234 0.109294 0.0747797 0.0395591 0.0151588 0.00452284 0.00109898 0.000209492 3.04124e-05 3.38592e-06 2.88682e-07 1.84332e-08 8.61977e-10 2.89393e-11
 1.56811e-11 1.70279e-09 1.09014e-07 4.11475e-06 9.1569e-05 0.00120148 0.00929674 0.0424584 0.114886 0.187242 0.196343 0.160735 0.128907 0.0917158 0.046393 0.0158083 0.00394174 0.00081222 0.000142399 1.99577e-05 2.10521e-06 1.61032e-07 8.73118e-09 3.3115e-10 8.69061e-12
 1.72053e-11 1.86829e-09 1.19609e-07 4.51467e-06 0.000100469 0.00131824 0.0101996 0.04657 0.125854 0.203927 0.208647 0.158579 0.114103 0.0759369 0.0376721 0.0129808 0.00331259 0.000673079 0.000107802 1.30679e-05 1.18869e-06 8.08986e-08 4.00268e-09 1.38133e-10 3.21593e-12
 1.62782e-11 1.76762e-09 1.13165e-07 4.27142e-06 9.5056e-05 0.00124725 0.0096514 0.0440851 0.119337 0.194616 0.203635 0.163536 0.124856 0.0836774 0.0396974 0.0123779 0.0026697 0.000445688 6.16945e-05 6.86208e-06 5.77985e-07 3.54202e-08 1.53646e-09 4.62105e-11 9.47332e-13
 1.69048e-11 1.83566e-09 1.17521e-07 4.43584e-06 9.87151e-05 0.00129527 0.010023 0.0457814 0.123899 0.201742 0.20942 0.163612 0.119099 0.076572 0.035227 0.0106501 0.00219317 0.000336995 4.08889e-05 3.83312e-06 2.68053e-07 1.38485e-08 5.22477e-10 1.39643e-11 2.55138e-13
 1.64554e-11 1.78686e-09 1.14397e-07 4.31793e-06 9.60917e-05 0.00126087 0.0097577 0.0445844 0.120804 0.197519 0.207635 0.16647 0.123743 0.0792647 0.0358182 0.0105772 0.00211355 0.000311499 3.57473e-05 3.11828e-06 1.97797e-07 8.95519e-09 2.87308e-10 6.44444e-12 9.92693e-14
 1.71471e-11 1.86198e-09 1.19205e-07 4.49944e-06 0.000100131 0.00131388 0.0101679 0.046457 0.125837 0.205348 0.213875 0.166337 0.117365 0.0716283 0.0310332 0.00869871 0.00160228 0.00020972 2.11146e-05 1.64899e-06 9.56096e-08 3.97517e-09 1.16256e-10 2.34472e-12 3.19242e-14
 1.34211e-11 1.45737e-09 9.33027e-08 3.52177e-06 7.8377e-05 0.00102858 0.00796453 0.0364681 0.0995865 0.167367 0.19116 0.180317 0.154307 0.102188 0.0446858 0.0123292 0.00221054 0.000277524 2.62002e-05 1.87212e-06 9.72098e-08 3.56613e-09 9.17694e-11 1.6424e-12 2.00558e-14
 1.55084e-11 1.68403e-09 1.07814e-07 4.06948e-06 9.05652e-05 0.00118848 0.00920065 0.0420899 0.114507 0.189622 0.206174 0.174719 0.13317 0.0824857 0.0350732 0.00965006 0.00176971 0.000231886 2.26918e-05 1.62443e-06 8.14168e-08 2.79791e-09 6.58411e-11 1.05786e-12 1.14604e-14
 1.41646e-11 1.53811e-09 9.84719e-08 3.71691e-06 8.27211e-05 0.00108565 0.00840767 0.0385113 0.105232 0.176781 0.199983 0.181816 0.146413 0.0914621 0.0381168 0.0101116 0.00175701 0.000214725 1.96551e-05 1.34938e-06 6.66725e-08 2.29069e-09 5.36597e-11 8.4237e-13 8.70524e-15
 1.62214e-11 1.76146e-09 1.12771e-07 4.25661e-06 9.4731e-05 0.0012432 0.00962542 0.0440456 0.119884 0.198451 0.214112 0.175609 0.12574 0.0728995 0.0292283 0.0075891 0.00130152 0.000156939 1.39813e-05 9.14141e-07 4.22648e-08 1.34906e-09 2.94931e-11 4.37672e-13 4.33477e-15
 1.44055e-11 1.56427e-09 1.00147e-07 3.78017e-06 8.41319e-05 0.00110428 0.00855444 0.0392164 0.10739 0.181205 0.205804 0.184946 0.143215 0.0849338 0.0335704 0.00843022 0.00137431 0.000154704 1.27737e-05 7.81612e-07 3.42899e-08 1.04399e-09 2.1659e-11 3.01855e-13 2.78145e-15
 1.53172e-11 1.66327e-09 1.06485e-07 4.01941e-06 8.94566e-05 0.00117416 0.00909534 0.0416834 0.113978 0.191132 0.21255 0.182206 0.133336 0.0761184 0.0296573 0.00752982 0.00127882 0.000153209 1.33043e-05 8.20617e-07 3.47466e-08 9.93138e-10 1.91202e-11 2.47177e-13 2.12145e-15
 1.58968e-11 1.72621e-09 1.10514e-07 4.17153e-06 9.28429e-05 0.00121863 0.00944019 0.0432641 0.118253 0.197788 0.217563 0.181146 0.127027 0.0698465 0.0264935 0.00660629 0.00111064 0.000132712 1.15785e-05 7.23449e-07 3.12641e-08 9.12384e-10 1.77167e-11 2.25782e-13 1.86257e-15
 1.47683e-11 1.60367e-09 1.0267e-07 3.8755e-06 8.62598e-05 0.00113244 0.00877767 0.0403004 0.110748 0.188056 0.214311 0.188404 0.13726 0.0754283 0.0277778 0.00657242 0.00102138 0.000110293 8.68867e-06 5.01205e-07 2.05421e-08 5.79963e-10 1.103e-11 1.3864e-13 1.13123e-15
 1.65788e-11 1.80027e-09 1.15257e-07 4.3506e-06 9.68319e-05 0.00127111 0.00984911 0.0451617 0.123543 0.206613 0.225471 0.1817 0.119391 0.0605646 0.0209715 0.00464092 0.000655682 6.16246e-05 4.08004e-06 1.96961e-07 6.87596e-09 1.68831e-10 2.84861e-12 3.24349e-14 2.44662e-16
 1.57668e-11 1.7121e-09 1.09613e-07 4.13764e-06 9.20981e-05 0.00120921 0.0093746 0.043054 0.118296 0.200107 0.22388 0.187124 0.126048 0.063816 0.0216563 0.00464927 0.000630208 5.57916e-05 3.38867e-06 1.45986e-07 4.44554e-09 9.34579e-11 1.33214e-12 1.27706e-14 8.17574e-17
 1.5902e-11 1.72678e-09 1.10553e-07 4.1732e-06 9.28932e-05 0.00121976 0.00945875 0.0434644 0.119554 0.202531 0.226451 0.187498 0.123602 0.060977 0.020237 0.00427941 0.000576672 5.1183e-05 3.11672e-06 1.32633e-07 3.88984e-09 7.66477e-11 9.98353e-13 8.54798e-15 4.79616e-17
 1.68009e-11 1.8244e-09 1.16803e-07 4.40914e-06 9.81453e-05 0.00128871 0.00999226 0.045892 0.125969 0.211845 0.231855 0.183552 0.114193 0.0537622 0.0173649 0.00364034 0.00049542 4.51568e-05 2.84199e-06 1.23947e-07 3.66817e-09 7.1955e-11 9.22871e-13 7.68805e-15 4.13415e-17
 1.31228e-11 1.42501e-09 9.12373e-08 3.44449e-06 7.66996e-05 0.00100812 0.00783858 0.0362834 0.101728 0.180426 0.220605 0.204871 0.145678 0.0726524 0.0234315 0.00473751 0.000605906 5.07612e-05 2.9089e-06 1.16962e-07 3.27794e-09 6.24568e-11 7.89952e-13 6.51702e-15 3.4584e-17
 1.68932e-11 1.83443e-09 1.17448e-07 4.43364e-06 9.87009e-05 0.00129633 0.0100571 0.0462483 0.127257 0.214763 0.235291 0.184068 0.110942 0.0502916 0.0158509 0.00332191 0.000463464 4.38007e-05 2.81571e-06 1.21186e-07 3.41926e-09 6.24709e-11 7.37572e-13 5.6377e-15 2.78669e-17
 1.39112e-11 1.51065e-09 9.67229e-08 3.65184e-06 8.13295e-05 0.00106933 0.00832001 0.0385507 0.108141 0.190995 0.228871 0.202748 0.134979 0.0629864 0.0191201 0.0036542 0.000442496 3.51267e-05 1.91389e-06 7.37722e-08 2.00036e-09 3.69782e-11 4.50473e-13 3.52539e-15 1.74269e-17
#spawning biomass
 16395.2 13204.3 9772.93 13368.4 20769.2 27069.9 34547.3 47547.9 73832.5 114148 172533 235132 287469 300162 281935 259890 250666 270981 276527 298684 287713 321095 321471 339388 393307 436022 393066 389496 336956 323611 4190.66 4187.74 4187.74 4187.74 4187.74 4187.74 4187.74 4187.74 4187.74 4187.74 4187.74 4187.74 4187.74 4187.74 4187.74 4187.74 4187.74 4187.74 4187.74 4187.74 4187.74 4187.74 4187.74 4187.74 4187.74 4187.74 4187.74 4187.74 4187.74 4187.74 4187.74 4187.74 4187.74 4187.74 4187.74 4187.74 4187.74 4187.74 4187.74 4187.74 4187.74 4187.74 4187.74 4187.74 4187.74 4187.74 4187.74 4187.74 4187.74 4187.74 4187.74 4187.74 4187.74 4187.74 4187.74 4187.74 4187.74 4187.74 4187.74 4187.74 4187.74 4187.74 4187.74 4187.74 4187.74 4187.74 4187.74 4187.74 4187.74 4187.74 4187.74 4187.74 4187.74 4187.74 4187.74 4187.74 4187.74 4187.74 4187.74 4187.74 4187.74 4187.74 4187.74 4187.74 4187.74 4187.74 4187.74 4187.74 4187.74 4187.74 4187.74 4187.74 4187.74 4187.74 4187.74 4187.74 4187.74 4187.74 4187.74 0 0 0 0 0 0 0 0 0 0 0 0 0 0 0 0 0 0 0 0 0 0 0 0 0
