SBPRF35
0.225211
Curr Bio
78773
B35
238193
F35
0.423192
FOFL
0.124704
OFL
9372.18
Bzero
64346.1
#pred survey bio
 7345.8 6691.71 4769.9 4373.19 6628.71 9414.7 14574.4 19373.5 28964.4 39196.8 51584.9 60689.8 76359.5 91250.6 91071.4 77938.1 80049.7 94087 81435.8 77638.3 71025.8 86246.5 90117.3 94329.2 129199 114061 113435 99860.8 103764 3.6253e+06 2.95108e+06 2.37996e+06 1.7327e+06 1.25009e+06 946584 771309 674171 621044 591817 575438 566027 560473 557116 555045 553711 552883 552362 552033 551823 551688 551602 551547 551511 551488 551474 551464 551458 551454 551452 551450 551449 551448 551448 551448 551447 551447 551447 551447 551447 551447 551447 551447 551447 551447 551447 551447 551447 551447 551447 551447 551447 551447 551447 551447 551447 551447 551447 551447 551447 551447 551447 551447 551447 551447 551447 551447 551447 551447 551447 551447 551447 551447 551447 551447 551447 551447 551447 551447 551447 551447 551447 551447 551447 551447 551447 551447 551447 551447 551447 551447 551447 551447 551447 551447 551447 551447 551447 551447 551447 0 0 0 0 0 0 0 0 0 0 0 0 0 0 0 0 0 0 0 0 0 0 0 0 0
#obs survey bio
 6650.86 5201.42 3350.83 4291.57 8453.4 7416.18 15657.5 33603.1 25975.3 48257.4 50779.8 62827.6 81336.6 68257.2 85221.9 80816.4 119755 92472.1 69812.6 82738.2 71777.8 93055.2 74361.8 134162 184950 98247.7 93089.1 114848 85284.4
#pred catch bio
 3247.87 3686.44 3087.31 2418.47 4021.9 5312.8 9325.65 11692.3 19257.9 27942.9 40666.8 48636.5 61909.8 76961.2 83351 73451 71917.4 88396.6 79545.3 79322.8 73486.8 90561.4 97079.9 100588 141006 126673 126950 110529 115399 9372.18 38842.4 30156 21026.6 14564.4 10730.6 8675.65 7643.74 7148.12 6917.5 6812.64 6765.77 6745.1 6736.06 6732.14 6730.44 6729.72 6729.41 6729.28 6729.23 6729.21 6729.2 6729.19 6729.19 6729.19 6729.19 6729.19 6729.19 6729.19 6729.19 6729.19 6729.19 6729.19 6729.19 6729.19 6729.19 6729.19 6729.19 6729.19 6729.19 6729.19 6729.19 6729.19 6729.19 6729.19 6729.19 6729.19 6729.19 6729.19 6729.19 6729.19 6729.19 6729.19 6729.19 6729.19 6729.19 6729.19 6729.19 6729.19 6729.19 6729.19 6729.19 6729.19 6729.19 6729.19 6729.19 6729.19 6729.19 6729.19 6729.19 6729.19 6729.19 6729.19 6729.19 6729.19 6729.19 6729.19 6729.19 6729.19 6729.19 6729.19 6729.19 6729.19 6729.19 6729.19 6729.19 6729.19 6729.19 6729.19 6729.19 6729.19 6729.19 6729.19 6729.19 6729.19 6729.19 6729.19 6729.19 6729.19 6729.19 0 0 0 0 0 0 0 0 0 0 0 0 0 0 0 0 0 0 0 0 0 0 0 0 0
#obs catch bio
 4328.8 4036.3 3766.42 2493.57 4134.07 5306.4 9253.22 10569.6 18185.2 26183.3 40022.8 46154.1 58614.2 81358.1 89690.5 80090.9 66500.2 79591.4 77881.6 79141.6 70593.2 79973.9 99707 84997.6 127983 123559 132550 89991 118276
#pred cpue bio
 7140.64 6586.72 4662.37 4210 6379.16 9046.37 14019.6 18605.2 27819.9 37575.8 49335.6 57867.6 72713.1 86930.8 86760.5 73898.5 75673.1 89196.5 77130.3 73249.2 66848.2 81063.6 84680.7 88520.9 121272 107007 106356 93619.7 97299.3 3.39905e+06 2.94366e+06 2.37267e+06 1.72542e+06 1.24281e+06 939301 764026 666888 613762 584534 568155 558744 553190 549833 547762 546428 545600 545079 544750 544540 544405 544319 544264 544228 544206 544191 544181 544175 544171 544169 544167 544166 544165 544165 544165 544164 544164 544164 544164 544164 544164 544164 544164 544164 544164 544164 544164 544164 544164 544164 544164 544164 544164 544164 544164 544164 544164 544164 544164 544164 544164 544164 544164 544164 544164 544164 544164 544164 544164 544164 544164 544164 544164 544164 544164 544164 544164 544164 544164 544164 544164 544164 544164 544164 544164 544164 544164 544164 544164 544164 544164 544164 544164 544164 544164 544164 544164 544164 544164 544164 0 0 0 0 0 0 0 0 0 0 0 0 0 0 0 0 0 0 0 0 0 0 0 0 0
#obs cpue bio
 5925.9 4811.88 2979.89 4252.7 5098.7 11255.6 14938.1 18660.1 35046.7 39075.5 51029.9 70388.6 85003.6 85642 72347.7 50145.2 72583 143284 92265.2 70007.9 75265 126391 91016.3 118592 129725 134425 110922 180557 107048
#pred surv len freq
 1.76265e-11 1.91403e-09 1.22538e-07 4.62518e-06 0.000102927 0.00135043 0.0104466 0.047659 0.128379 0.20542 0.201123 0.136702 0.0883589 0.0635208 0.04186 0.0252933 0.0157435 0.0101063 0.00672881 0.00475091 0.00362215 0.00302214 0.00261398 0.00201502 0.00117577
 1.18009e-11 1.28144e-09 8.20388e-08 3.09656e-06 6.89097e-05 0.000904141 0.00699531 0.0319382 0.0863695 0.140928 0.1509 0.137432 0.136411 0.121926 0.0819296 0.0457785 0.0251087 0.0137405 0.00753566 0.0043272 0.00269423 0.00188287 0.0014471 0.00106237 0.000617583
 1.55499e-11 1.68854e-09 1.08102e-07 4.0803e-06 9.08011e-05 0.00119134 0.00921612 0.0420489 0.113317 0.181724 0.179866 0.127756 0.0916234 0.0757783 0.0617256 0.0477896 0.0324762 0.018073 0.0087961 0.00413157 0.00199656 0.00106678 0.000659847 0.000429502 0.000238519
 1.97087e-11 2.14013e-09 1.37013e-07 5.17155e-06 0.000115085 0.00150994 0.0116803 0.0532804 0.143429 0.228748 0.220393 0.140131 0.077172 0.0480387 0.0297116 0.017628 0.0115161 0.00782816 0.00473623 0.00235753 0.000999111 0.000404774 0.00018008 9.17005e-05 4.51529e-05
 1.93189e-11 2.0978e-09 1.34303e-07 5.06927e-06 0.000112809 0.00148008 0.0114495 0.0522311 0.140653 0.224716 0.21838 0.143933 0.0863691 0.056885 0.033091 0.0157533 0.00727586 0.00365633 0.00200816 0.00111858 0.000546907 0.000219404 7.70706e-05 2.76072e-05 1.05015e-05
 1.96535e-11 2.13414e-09 1.3663e-07 5.15708e-06 0.000114763 0.00150572 0.0116477 0.0531341 0.143064 0.228406 0.221196 0.143715 0.0834286 0.0537439 0.0316932 0.0157251 0.00728918 0.00316067 0.00126842 0.000523082 0.000231591 9.84048e-05 3.54072e-05 1.06848e-05 2.96351e-06
 1.93548e-11 2.1017e-09 1.34553e-07 5.07869e-06 0.000113019 0.00148283 0.0114708 0.052328 0.140912 0.225111 0.218682 0.143921 0.0861374 0.0568582 0.0335777 0.0164599 0.00758422 0.00333232 0.00132007 0.000471697 0.000156956 5.20019e-05 1.71344e-05 5.02862e-06 1.2212e-06
 1.9768e-11 2.14657e-09 1.37425e-07 5.18712e-06 0.000115432 0.00151449 0.0117156 0.0534431 0.143891 0.229684 0.222234 0.143843 0.0827054 0.0527615 0.0309018 0.0152209 0.00704765 0.00308518 0.00121434 0.000430898 0.00013597 3.78212e-05 9.61785e-06 2.31532e-06 5.03073e-07
 1.97083e-11 2.14008e-09 1.3701e-07 5.17144e-06 0.000115083 0.00150991 0.0116802 0.053282 0.143463 0.229043 0.221818 0.144123 0.0836135 0.0536338 0.0311915 0.0150395 0.00679482 0.00294401 0.00115915 0.000410975 0.000128662 3.47009e-05 7.96809e-06 1.56822e-06 2.70855e-07
 2.01533e-11 2.18841e-09 1.40104e-07 5.28822e-06 0.000117681 0.00154401 0.0119438 0.0544831 0.146673 0.23398 0.225703 0.144204 0.0801692 0.0493954 0.0282561 0.01349 0.00601185 0.0025546 0.000982853 0.000342502 0.000106479 2.85635e-05 6.42814e-06 1.18593e-06 1.77665e-07
 2.06453e-11 2.24183e-09 1.43524e-07 5.41732e-06 0.000120554 0.0015817 0.0122353 0.0558111 0.150226 0.239461 0.230106 0.144587 0.0768087 0.0449997 0.0248714 0.0113527 0.00478594 0.001958 0.00073677 0.000251428 7.64403e-05 2.01334e-05 4.47562e-06 8.12537e-07 1.16722e-07
 2.12546e-11 2.308e-09 1.4776e-07 5.5772e-06 0.000124112 0.00162838 0.0125963 0.0574556 0.154623 0.246235 0.235495 0.144891 0.072386 0.0393856 0.0207579 0.00894955 0.00347607 0.00131729 0.000465073 0.00015068 4.42086e-05 1.13436e-05 2.46504e-06 4.39035e-07 6.19228e-08
 2.14936e-11 2.33395e-09 1.49421e-07 5.63991e-06 0.000125508 0.00164668 0.0127379 0.0581007 0.156349 0.2489 0.237649 0.14512 0.0708214 0.037304 0.0191159 0.00786935 0.00282631 0.000983092 0.000318652 9.44687e-05 2.56223e-05 6.1866e-06 1.28731e-06 2.22317e-07 3.0613e-08
 2.13896e-11 2.32265e-09 1.48698e-07 5.61261e-06 0.0001249 0.00163871 0.0126763 0.0578201 0.1556 0.24776 0.236808 0.145288 0.071917 0.0385074 0.0197706 0.008013 0.00277653 0.000917413 0.000277498 7.51408e-05 1.84512e-05 4.04201e-06 7.71777e-07 1.24698e-07 1.63796e-08
 2.13869e-11 2.32237e-09 1.4868e-07 5.61192e-06 0.000124885 0.00163851 0.0126747 0.057813 0.155581 0.247731 0.236788 0.145296 0.0719508 0.0385459 0.0197955 0.00802123 0.00277185 0.000906058 0.000266921 6.8871e-05 1.57491e-05 3.14581e-06 5.40774e-07 7.88263e-08 9.47781e-09
 2.23172e-11 2.42338e-09 1.55147e-07 5.85603e-06 0.000130317 0.00170978 0.0132259 0.0603233 0.162288 0.258014 0.24473 0.144967 0.0639746 0.029097 0.0136935 0.00531866 0.00175754 0.000553161 0.000159934 4.07198e-05 9.08775e-06 1.73382e-06 2.77436e-07 3.68123e-08 3.983e-09
 2.28499e-11 2.48122e-09 1.5885e-07 5.9958e-06 0.000133427 0.00175058 0.0135414 0.0617607 0.166129 0.263909 0.249318 0.144892 0.0595793 0.0238018 0.0101547 0.00361555 0.00103599 0.000278144 7.25602e-05 1.74059e-05 3.74602e-06 6.9778e-07 1.08563e-07 1.37505e-08 1.3862e-09
 2.23096e-11 2.42255e-09 1.55094e-07 5.85402e-06 0.000130272 0.00170919 0.0132213 0.0603028 0.162236 0.257957 0.244797 0.145334 0.0645966 0.0295491 0.0136022 0.00484074 0.00131083 0.000317166 7.25691e-05 1.49056e-05 2.77165e-06 4.67885e-07 6.87958e-08 8.40548e-09 8.18624e-10
 2.24974e-11 2.44295e-09 1.564e-07 5.90331e-06 0.000131369 0.00172358 0.0133326 0.0608096 0.163588 0.260021 0.246345 0.145114 0.0627526 0.0274889 0.0124411 0.00451619 0.00129719 0.000336406 7.81605e-05 1.51401e-05 2.49718e-06 3.61245e-07 4.54602e-08 4.91081e-09 4.41936e-10
 2.31941e-11 2.5186e-09 1.61243e-07 6.08611e-06 0.000135437 0.00177695 0.0137453 0.0626894 0.168609 0.267709 0.252236 0.144715 0.0565444 0.0202521 0.00792473 0.00269718 0.000729546 0.000178474 4.10791e-05 8.27747e-06 1.42088e-06 2.02622e-07 2.33844e-08 2.1957e-09 1.69174e-10
 2.36022e-11 2.56291e-09 1.6408e-07 6.1932e-06 0.00013782 0.00180822 0.0139871 0.0637906 0.171551 0.272214 0.255694 0.144498 0.0529336 0.0160308 0.00527396 0.00160966 0.00037543 7.3064e-05 1.37703e-05 2.47488e-06 4.02877e-07 5.73496e-08 6.77607e-09 6.37238e-10 4.64474e-11
 2.38261e-11 2.58723e-09 1.65637e-07 6.25196e-06 0.000139128 0.00182537 0.0141198 0.0643948 0.173164 0.274683 0.257577 0.144341 0.0508954 0.0136774 0.00383666 0.00106671 0.000227844 3.75795e-05 5.63462e-06 8.01385e-07 1.03056e-07 1.20918e-08 1.27887e-09 1.15478e-10 8.40091e-12
 2.38663e-11 2.59159e-09 1.65916e-07 6.2625e-06 0.000139362 0.00182845 0.0141436 0.0645032 0.173454 0.275127 0.257917 0.144317 0.0505361 0.0132592 0.00357661 0.000963051 0.000196144 2.89225e-05 3.60734e-06 4.23048e-07 4.42434e-08 4.04461e-09 3.29037e-10 2.35515e-11 1.45212e-12
 2.4082e-11 2.61502e-09 1.67416e-07 6.31911e-06 0.000140622 0.00184497 0.0142714 0.0650853 0.175008 0.277503 0.259721 0.144137 0.048528 0.0109627 0.00220503 0.000481811 9.05393e-05 1.24897e-05 1.39796e-06 1.44035e-07 1.30568e-08 9.91249e-10 6.45746e-11 3.61064e-12 1.70152e-13
 2.40437e-11 2.61086e-09 1.6715e-07 6.30905e-06 0.000140398 0.00184204 0.0142487 0.0649819 0.174732 0.277081 0.259402 0.144173 0.04889 0.0113741 0.00244687 0.000562068 0.000104888 1.34217e-05 1.26055e-06 1.04086e-07 7.99124e-09 5.31077e-10 2.99472e-11 1.41667e-12 5.45399e-14
 2.41274e-11 2.61995e-09 1.67732e-07 6.33102e-06 0.000140887 0.00184845 0.0142983 0.0652078 0.175335 0.278004 0.260101 0.1441 0.048107 0.0104804 0.00191575 0.000378849 6.69133e-05 8.41065e-06 7.74156e-07 6.12547e-08 4.33252e-09 2.49221e-10 1.15146e-11 4.47867e-13 1.46044e-14
 2.42233e-11 2.63036e-09 1.68398e-07 6.35617e-06 0.000141447 0.0018558 0.0143551 0.0654664 0.176026 0.279059 0.260901 0.144018 0.0472108 0.00945755 0.00130769 0.000168937 2.33055e-05 2.62126e-06 2.0913e-07 1.31542e-08 7.59075e-10 3.92862e-11 1.69987e-12 6.06685e-14 1.73056e-15
 2.4239e-11 2.63206e-09 1.68507e-07 6.3603e-06 0.000141539 0.001857 0.0143644 0.0655088 0.176139 0.279232 0.261033 0.144004 0.0470637 0.00928972 0.00120795 0.000134532 1.61775e-05 1.68304e-06 1.19384e-07 5.70941e-09 2.14341e-10 7.49322e-12 2.42328e-13 6.83999e-15 1.65446e-16
 2.42056e-11 2.62844e-09 1.68275e-07 6.35153e-06 0.000141344 0.00185444 0.0143446 0.0654187 0.175898 0.278864 0.260754 0.144033 0.0473767 0.00964661 0.00141956 0.000206926 3.07456e-05 3.42194e-06 2.44718e-07 1.14657e-08 4.04939e-10 1.2585e-11 3.33573e-13 6.82292e-15 1.09815e-16
#obs surv len freq
 3.59515e-11 3.47337e-09 1.97844e-07 6.64408e-06 0.000131549 0.00153564 0.0105706 0.0429352 0.103289 0.150105 0.144863 0.124998 0.124177 0.113046 0.0810549 0.0502975 0.0287208 0.0144837 0.00636649 0.0024261 0.000766335 0.00018814 3.37388e-05 4.19838e-06 3.48688e-07
 2.59086e-11 2.4143e-09 1.32641e-07 4.2964e-06 8.20499e-05 0.000923918 0.0061371 0.0241049 0.0567021 0.085121 0.103055 0.138686 0.178912 0.167478 0.112728 0.0640431 0.0344929 0.016947 0.00716469 0.00251995 0.000712962 0.00015578 2.50147e-05 2.80752e-06 2.11226e-07
 1.04349e-10 9.36264e-09 4.95274e-07 1.54466e-05 0.000284025 0.00307911 0.0196815 0.0741942 0.165187 0.218867 0.179531 0.108268 0.0707124 0.0557851 0.0430764 0.0301945 0.0178365 0.00849472 0.00334442 0.00109599 0.000286404 5.66092e-05 8.09941e-06 8.07442e-07 5.41899e-08
 1.23529e-10 1.06543e-08 5.41781e-07 1.62428e-05 0.000287103 0.00299206 0.0183875 0.0666888 0.143379 0.187019 0.164794 0.133481 0.120364 0.0904656 0.0459953 0.0166983 0.00575199 0.00234426 0.000940401 0.000304376 7.46145e-05 1.35052e-05 1.74892e-06 1.56372e-07 9.35603e-09
 2.02152e-10 1.67346e-08 8.16759e-07 2.35023e-05 0.000398719 0.00398817 0.0235224 0.0818588 0.168652 0.209394 0.170589 0.12024 0.0956727 0.06882 0.0360151 0.0142682 0.00477119 0.00135886 0.000331874 7.62712e-05 1.61995e-05 2.73343e-06 3.28473e-07 2.67999e-08 1.4474e-09
 2.68246e-10 2.12824e-08 9.95511e-07 2.74543e-05 0.000446393 0.00427938 0.0241926 0.0807342 0.159888 0.19316 0.161098 0.128078 0.111837 0.0792537 0.0383434 0.0133966 0.00394383 0.00104138 0.00023089 4.10711e-05 5.91815e-06 7.05402e-07 6.77786e-08 4.83948e-09 2.36769e-10
 3.91216e-10 2.97069e-08 1.32995e-06 3.51039e-05 0.000546281 0.0050123 0.0271216 0.0866488 0.164471 0.19151 0.157277 0.127007 0.110711 0.076375 0.0360694 0.0124924 0.00361834 0.000894558 0.000176908 2.73962e-05 3.33027e-06 3.11388e-07 2.18358e-08 1.13227e-09 4.26123e-11
 6.19337e-10 4.49534e-08 1.92369e-06 4.85343e-05 0.000721946 0.0063317 0.0327483 0.100002 0.181384 0.201542 0.157016 0.119064 0.0975924 0.0635175 0.0280739 0.00893676 0.00235979 0.00054183 0.000101182 1.46433e-05 1.61065e-06 1.31342e-07 7.74017e-09 3.2327e-10 9.40701e-12
 8.73905e-10 6.05577e-08 2.47408e-06 5.95932e-05 0.000846299 0.0070863 0.0349955 0.102089 0.177371 0.19125 0.151502 0.123447 0.104079 0.0663842 0.0287084 0.00912131 0.00241398 0.000537091 9.35724e-05 1.24125e-05 1.25023e-06 9.33821e-08 4.98764e-09 1.84853e-10 4.65083e-12
 1.28652e-09 8.5016e-08 3.31224e-06 7.60824e-05 0.00103037 0.00822765 0.0387525 0.107876 0.17932 0.187295 0.149527 0.126504 0.105474 0.0632689 0.0245232 0.00647949 0.00135083 0.000248263 3.8855e-05 4.81228e-06 4.51706e-07 3.0995e-08 1.50537e-09 5.0518e-11 1.14764e-12
 1.96784e-09 1.23877e-07 4.5976e-06 0.000100603 0.00129789 0.00987293 0.0443019 0.117528 0.186489 0.187305 0.146891 0.123388 0.0995524 0.0566819 0.020571 0.00495814 0.000900131 0.000137653 1.7418e-05 1.71824e-06 1.30865e-07 7.65312e-09 3.30853e-10 1.00752e-11 2.08183e-13
 2.9637e-09 1.77551e-07 6.27121e-06 0.000130593 0.00160338 0.0116076 0.0495752 0.125244 0.189751 0.184109 0.144003 0.122123 0.096095 0.052381 0.0182233 0.00426238 0.000759757 0.000112344 1.31507e-05 1.13711e-06 7.19833e-08 3.37781e-09 1.16508e-10 2.8832e-12 4.99355e-14
 4.4808e-09 2.5523e-07 8.57132e-06 0.000169709 0.00198112 0.013637 0.0553855 0.133144 0.192554 0.180783 0.141497 0.120799 0.0922279 0.0478607 0.0157788 0.00349271 0.000588782 8.24544e-05 9.17477e-06 7.54717e-07 4.49779e-08 1.93449e-09 5.88925e-11 1.23833e-12 1.77079e-14
 5.69818e-09 3.08339e-07 9.83697e-06 0.000185028 0.00205198 0.0134204 0.0518215 0.118836 0.166638 0.16203 0.148979 0.14594 0.112597 0.0559383 0.017359 0.00356694 0.000549105 6.99022e-05 7.13605e-06 5.42617e-07 2.99793e-08 1.19819e-09 3.39368e-11 6.61184e-13 8.65709e-15
 8.19929e-09 4.21162e-07 1.27544e-05 0.000227729 0.00239741 0.0148856 0.0545934 0.119186 0.160873 0.156605 0.151511 0.150852 0.113051 0.0544302 0.0169062 0.00371895 0.000649253 9.06351e-05 9.29492e-06 6.66021e-07 3.36074e-08 1.21516e-09 3.12178e-11 5.54774e-13 6.65388e-15
 1.56653e-08 7.63285e-07 2.19268e-05 0.00037137 0.00370849 0.0218392 0.0759241 0.156657 0.196999 0.16937 0.134175 0.113909 0.0782423 0.0355153 0.0105526 0.00226126 0.000391792 5.5033e-05 5.79108e-06 4.36175e-07 2.32574e-08 8.63383e-10 2.17205e-11 3.62708e-13 3.98532e-15
 2.09215e-08 9.66395e-07 2.63182e-05 0.000422574 0.00400059 0.0223395 0.073709 0.144999 0.177578 0.160208 0.14599 0.133082 0.088787 0.037262 0.00969699 0.00165994 0.000212147 2.28354e-05 2.05709e-06 1.43869e-07 7.43338e-09 2.73813e-10 6.93453e-12 1.17245e-13 1.2972e-15
 3.10168e-08 1.35752e-06 3.50296e-05 0.000532934 0.00478074 0.0252983 0.0791453 0.148017 0.174391 0.156886 0.14642 0.131983 0.0852296 0.0352929 0.00967725 0.00195208 0.000313813 3.85434e-05 3.31707e-06 1.94298e-07 7.96838e-09 2.37675e-10 5.17313e-12 7.95681e-14 8.3143e-16
 4.48689e-08 1.85994e-06 4.54563e-05 0.000654998 0.00556528 0.027899 0.0827609 0.147414 0.168603 0.155002 0.151157 0.134706 0.0830522 0.0326257 0.00853797 0.00167055 0.000267113 3.37555e-05 3.12427e-06 2.04342e-07 9.29233e-09 2.86822e-10 5.85856e-12 7.81955e-14 6.83064e-16
 7.36243e-08 2.88959e-06 6.6864e-05 0.000912219 0.00733852 0.0348317 0.0978309 0.164973 0.178479 0.154606 0.14139 0.118254 0.0685243 0.0252806 0.00619164 0.00112773 0.000167664 1.98452e-05 1.74431e-06 1.10596e-07 5.00614e-09 1.57986e-10 3.36609e-12 4.71466e-14 4.26038e-16
 1.07462e-07 3.99234e-06 8.74465e-05 0.00112931 0.00860011 0.0386499 0.102894 0.165296 0.173907 0.153608 0.144186 0.117674 0.0648722 0.0227061 0.00530885 0.000929328 0.000132118 1.47253e-05 1.20295e-06 7.04585e-08 2.95154e-09 8.69613e-11 1.75258e-12 2.3574e-14 2.07764e-16
 1.73283e-07 6.09286e-06 0.000126307 0.0015438 0.011127 0.0473288 0.119261 0.181366 0.180623 0.150685 0.132953 0.101696 0.0523076 0.0168564 0.00352087 0.000528567 6.38259e-05 6.25608e-06 4.65082e-07 2.51287e-08 9.71471e-10 2.63195e-11 4.86394e-13 5.99864e-15 4.86222e-17
 2.26021e-07 7.52103e-06 0.000147553 0.00170682 0.0116441 0.046909 0.11229 0.164496 0.166333 0.154754 0.149311 0.113808 0.0564382 0.0177209 0.00375193 0.00059781 7.59017e-05 7.28357e-06 4.94282e-07 2.3421e-08 7.86748e-10 1.87563e-11 3.10498e-13 3.4715e-15 2.56392e-17
 3.76357e-07 1.18519e-05 0.00022005 0.00240891 0.015552 0.0592824 0.134184 0.185243 0.174195 0.147288 0.129758 0.092281 0.0432901 0.0130588 0.0027255 0.00043915 5.6558e-05 5.46338e-06 3.73648e-07 1.78351e-08 5.91384e-10 1.33872e-11 2.02338e-13 2.01226e-15 1.30829e-17
 4.88314e-07 1.45537e-05 0.000255736 0.00264969 0.0161938 0.058489 0.125986 0.16874 0.164256 0.155839 0.145959 0.101302 0.0448809 0.0126121 0.00241949 0.000355588 4.23122e-05 3.87615e-06 2.5745e-07 1.21183e-08 3.98345e-10 8.92338e-12 1.32781e-13 1.28881e-15 8.06343e-18
 6.34924e-07 1.79109e-05 0.000297897 0.0029216 0.016906 0.0578864 0.118895 0.155622 0.158648 0.165118 0.158125 0.105957 0.0447965 0.012136 0.00229405 0.000336035 3.89679e-05 3.35474e-06 2.04446e-07 8.77819e-09 2.65737e-10 5.57488e-12 7.88932e-14 7.35716e-16 4.44382e-18
 1.06322e-06 2.83917e-05 0.000447004 0.00414983 0.0227291 0.0736351 0.142829 0.175065 0.163127 0.152692 0.13455 0.0849017 0.0344648 0.00925372 0.00181072 0.000279602 3.3256e-05 2.84109e-06 1.68907e-07 6.98793e-09 2.00352e-10 3.90706e-12 5.07311e-14 4.32157e-16 2.39155e-18
 1.27891e-06 3.23325e-05 0.000481948 0.0042365 0.0219823 0.0676316 0.125973 0.15493 0.160343 0.171134 0.154471 0.0932322 0.0352303 0.00860018 0.00149185 0.0002045 2.24822e-05 1.86037e-06 1.1036e-07 4.58807e-09 1.30723e-10 2.48868e-12 3.10435e-14 2.50725e-16 1.30042e-18
 1.57036e-06 3.75911e-05 0.000530576 0.00441695 0.02172 0.063535 0.114128 0.142347 0.162063 0.185813 0.165724 0.0955681 0.034429 0.00810645 0.00137591 0.000183308 1.89244e-05 1.41981e-06 7.51203e-08 2.8064e-09 7.36633e-11 1.32741e-12 1.59598e-14 1.25089e-16 6.28306e-19
#pred catch len freq
 1.76378e-11 1.91526e-09 1.22616e-07 4.62816e-06 0.000102993 0.00135129 0.0104533 0.0476895 0.128461 0.205547 0.201225 0.136714 0.0882875 0.0634274 0.0417903 0.0252506 0.015717 0.0100893 0.00671751 0.00474293 0.00361606 0.00301707 0.00260959 0.00201164 0.00117379
 1.19465e-11 1.29725e-09 8.3051e-08 3.13476e-06 6.97599e-05 0.000915295 0.00708157 0.0323311 0.0874203 0.142547 0.152189 0.137508 0.135364 0.120606 0.0809848 0.0452452 0.0248161 0.0135804 0.00744785 0.00427677 0.00266284 0.00186093 0.00143024 0.00104999 0.000610386
 1.58007e-11 1.71577e-09 1.09845e-07 4.1461e-06 9.22655e-05 0.00121055 0.0093647 0.042726 0.11513 0.184538 0.182207 0.128222 0.090333 0.0738563 0.0599796 0.0464176 0.0315428 0.0175535 0.00854326 0.00401281 0.00193917 0.00103612 0.000640881 0.000417156 0.000231663
 1.97951e-11 2.14951e-09 1.37614e-07 5.19423e-06 0.00011559 0.00151656 0.0117315 0.0535137 0.144053 0.229711 0.221167 0.140204 0.0765957 0.0472979 0.0291678 0.0172954 0.0112981 0.00768 0.00464659 0.00231291 0.000980201 0.000397113 0.000176672 8.99649e-05 4.42983e-05
 1.94542e-11 2.11249e-09 1.35244e-07 5.10477e-06 0.000113599 0.00149045 0.0115296 0.0525962 0.141629 0.226215 0.219553 0.143934 0.0852871 0.0555755 0.0322145 0.0153249 0.00707726 0.00355652 0.00195334 0.00108805 0.000531977 0.000213415 7.49667e-05 2.68535e-05 1.02148e-05
 1.97489e-11 2.1445e-09 1.37293e-07 5.18211e-06 0.00011532 0.00151303 0.0117043 0.0533915 0.143752 0.229463 0.222024 0.143721 0.082671 0.0528184 0.0310592 0.0154017 0.00713875 0.00309543 0.00124224 0.000512287 0.000226812 9.63739e-05 3.46765e-05 1.04643e-05 2.90235e-06
 1.9517e-11 2.11931e-09 1.3568e-07 5.12124e-06 0.000113966 0.00149526 0.0115668 0.0527656 0.142081 0.226908 0.220088 0.143923 0.0848387 0.0552779 0.0325034 0.0159192 0.00733423 0.00322246 0.00127655 0.000456146 0.000151782 5.02876e-05 1.65696e-05 4.86284e-06 1.18094e-06
 1.98908e-11 2.15991e-09 1.38279e-07 5.21934e-06 0.000116149 0.0015239 0.0117883 0.0537745 0.144777 0.231045 0.2233 0.143847 0.0817251 0.0515665 0.0300865 0.0148076 0.00685559 0.00300108 0.00118124 0.000419154 0.000132264 3.67904e-05 9.35571e-06 2.25222e-06 4.89362e-07
 1.98812e-11 2.15886e-09 1.38212e-07 5.21682e-06 0.000116092 0.00152316 0.0117826 0.0537487 0.14471 0.230959 0.223315 0.144118 0.0822167 0.05194 0.0300474 0.014472 0.00653743 0.00283246 0.00111523 0.000395403 0.000123788 3.33862e-05 7.66619e-06 1.5088e-06 2.60593e-07
 2.03491e-11 2.20967e-09 1.41465e-07 5.3396e-06 0.000118825 0.00155901 0.0120598 0.0550115 0.148086 0.236149 0.227396 0.144193 0.0785806 0.0474719 0.0269602 0.0128516 0.0057261 0.00243314 0.000936122 0.000326218 0.000101416 2.72055e-05 6.12251e-06 1.12954e-06 1.69218e-07
 2.08763e-11 2.26692e-09 1.4513e-07 5.47793e-06 0.000121903 0.00159939 0.0123722 0.0564344 0.151891 0.242017 0.232093 0.144548 0.0748945 0.0427029 0.0233509 0.0106336 0.00448116 0.00183325 0.000689829 0.000235409 7.15701e-05 1.88507e-05 4.19047e-06 7.60769e-07 1.09285e-07
 2.14588e-11 2.33017e-09 1.4918e-07 5.63078e-06 0.000125304 0.00164402 0.0127173 0.0580066 0.156095 0.248492 0.237242 0.144829 0.0706516 0.0373253 0.0194209 0.00834815 0.00324091 0.00122811 0.000433589 0.00014048 4.12158e-05 1.05757e-05 2.29816e-06 4.09314e-07 5.77309e-08
 2.16885e-11 2.35511e-09 1.50776e-07 5.69105e-06 0.000126646 0.00166161 0.0128534 0.0586266 0.157754 0.251053 0.239308 0.14504 0.0691331 0.035314 0.0178449 0.00732163 0.0026281 0.00091409 0.000296286 8.78379e-05 2.38238e-05 5.75236e-06 1.19695e-06 2.06713e-07 2.84643e-08
 2.16123e-11 2.34683e-09 1.50246e-07 5.67105e-06 0.000126201 0.00165577 0.0128082 0.058421 0.157205 0.25022 0.238701 0.145187 0.069973 0.0362228 0.0183203 0.00739871 0.00256209 0.000846499 0.000256047 6.93323e-05 1.70249e-05 3.72956e-06 7.12118e-07 1.15059e-07 1.51135e-08
 2.16594e-11 2.35195e-09 1.50574e-07 5.68342e-06 0.000126476 0.00165938 0.0128361 0.0585482 0.157545 0.250741 0.239104 0.145171 0.0695714 0.0357498 0.0180204 0.0072696 0.00251017 0.000820448 0.0002417 6.23633e-05 1.42609e-05 2.84856e-06 4.89676e-07 7.13779e-08 8.58224e-09
 2.2519e-11 2.44529e-09 1.5655e-07 5.90897e-06 0.000131495 0.00172524 0.0133454 0.0608677 0.163742 0.260241 0.246441 0.144865 0.0621974 0.0270163 0.0123832 0.0047761 0.00157623 0.000496018 0.000143411 3.65129e-05 8.14887e-06 1.5547e-06 2.48773e-07 3.30091e-08 3.57151e-09
 2.29823e-11 2.4956e-09 1.59771e-07 6.03054e-06 0.0001342 0.00176073 0.0136199 0.0621179 0.167083 0.26537 0.250434 0.144806 0.0583854 0.022418 0.0093023 0.00328477 0.000939659 0.000252222 6.57965e-05 1.57834e-05 3.39684e-06 6.32737e-07 9.8443e-08 1.24687e-08 1.25699e-09
 2.25105e-11 2.44437e-09 1.56491e-07 5.90673e-06 0.000131445 0.00172458 0.0133403 0.0608449 0.163683 0.260172 0.246487 0.145195 0.0627701 0.027439 0.0123119 0.00435158 0.00117677 0.000284672 6.51331e-05 1.33783e-05 2.48765e-06 4.19941e-07 6.17464e-08 7.54418e-09 7.3474e-10
 2.2697e-11 2.46462e-09 1.57787e-07 5.95568e-06 0.000132535 0.00173887 0.0134509 0.0613482 0.165027 0.262223 0.248028 0.144986 0.0609533 0.0254024 0.0111542 0.00401526 0.00115143 0.000298535 6.93602e-05 1.34354e-05 2.21601e-06 3.20571e-07 4.03417e-08 4.35789e-09 3.92177e-10
 2.33295e-11 2.5333e-09 1.62184e-07 6.12164e-06 0.000136228 0.00178732 0.0138255 0.0630547 0.169585 0.269202 0.253376 0.144622 0.0553147 0.0188308 0.00705468 0.0023662 0.000638063 0.00015602 3.59094e-05 7.23575e-06 1.24207e-06 1.77122e-07 2.04415e-08 1.91937e-09 1.47884e-10
 2.3689e-11 2.57234e-09 1.64683e-07 6.21597e-06 0.000138327 0.00181486 0.0140385 0.0640247 0.172176 0.273171 0.256421 0.14443 0.0521331 0.0151118 0.00472011 0.00140925 0.00032699 6.35782e-05 1.19812e-05 2.1533e-06 3.50529e-07 4.98979e-08 5.89563e-09 5.54438e-10 4.04123e-11
 2.38857e-11 2.59371e-09 1.66051e-07 6.26761e-06 0.000139476 0.00182994 0.0141551 0.0645557 0.173594 0.275341 0.258076 0.144292 0.0503416 0.0130434 0.00345707 0.000932434 0.000197585 3.25384e-05 4.87765e-06 6.93711e-07 8.92089e-08 1.04671e-08 1.10704e-09 9.99619e-11 7.27216e-12
 2.39234e-11 2.5978e-09 1.66313e-07 6.27749e-06 0.000139696 0.00183282 0.0141774 0.0646573 0.173865 0.275756 0.258394 0.144269 0.0500037 0.0126507 0.00321368 0.000836315 0.000168764 2.48388e-05 3.09705e-06 3.63191e-07 3.79833e-08 3.47233e-09 2.82481e-10 2.02191e-11 1.24666e-12
 2.41081e-11 2.61786e-09 1.67598e-07 6.32596e-06 0.000140775 0.00184698 0.0142869 0.0651558 0.175196 0.277791 0.259939 0.144115 0.0482841 0.0106842 0.00203914 0.000424197 7.8321e-05 1.0762e-05 1.20375e-06 1.24014e-07 1.12418e-08 8.5346e-10 5.55984e-11 3.10874e-12 1.465e-13
 2.40766e-11 2.61443e-09 1.67378e-07 6.31768e-06 0.00014059 0.00184456 0.0142681 0.0650706 0.174969 0.277443 0.259676 0.144144 0.0485826 0.0110233 0.00223843 0.000490221 9.00389e-05 1.14814e-05 1.0776e-06 8.89708e-08 6.8307e-09 4.53951e-10 2.55981e-11 1.21093e-12 4.66193e-14
 2.41488e-11 2.62227e-09 1.6788e-07 6.33662e-06 0.000141012 0.00185009 0.0143109 0.0652654 0.175489 0.278239 0.260279 0.144082 0.0479073 0.0102526 0.00178042 0.000332222 5.72931e-05 7.16087e-06 6.58403e-07 5.20869e-08 3.68403e-09 2.11917e-10 9.79104e-12 3.80829e-13 1.24184e-14
 2.42303e-11 2.63113e-09 1.68447e-07 6.35803e-06 0.000141488 0.00185634 0.0143593 0.0654855 0.176077 0.279137 0.26096 0.144011 0.0471444 0.00938191 0.00126281 0.000153535 2.01728e-05 2.23311e-06 1.77549e-07 1.11608e-08 6.43993e-10 3.33299e-11 1.44215e-12 5.14703e-14 1.46818e-15
 2.42436e-11 2.63257e-09 1.68539e-07 6.36151e-06 0.000141566 0.00185735 0.0143671 0.0655213 0.176172 0.279283 0.261071 0.144 0.0470204 0.00924036 0.00117868 0.000124515 1.41597e-05 1.44123e-06 1.01709e-07 4.85916e-09 1.82388e-10 6.37604e-12 2.06198e-13 5.82019e-15 1.40779e-16
 2.42153e-11 2.62949e-09 1.68342e-07 6.35407e-06 0.0001414 0.00185518 0.0143503 0.0654448 0.175968 0.278971 0.260835 0.144025 0.0472861 0.0095433 0.00135831 0.000185967 2.65257e-05 2.91727e-06 2.08095e-07 9.74499e-09 3.44137e-10 1.06952e-11 2.83482e-13 5.79838e-15 9.33253e-17
#obs catch len freq
 3.19749e-11 3.08918e-09 1.7596e-07 5.90917e-06 0.000116998 0.0013658 0.00940198 0.0381999 0.0920423 0.134867 0.135008 0.127635 0.13656 0.12566 0.0877993 0.0526868 0.0302038 0.0161156 0.0077172 0.00319798 0.00107936 0.000278243 5.18038e-05 6.65292e-06 5.68172e-07
 4.80962e-11 4.48187e-09 2.46233e-07 7.97574e-06 0.000152313 0.00171498 0.0113868 0.04462 0.103661 0.146228 0.140002 0.125172 0.127845 0.11538 0.0816606 0.050321 0.0284416 0.0141348 0.00610821 0.00227411 0.000695046 0.00016342 2.78087e-05 3.25916e-06 2.53458e-07
 3.50291e-11 3.14295e-09 1.66259e-07 5.1853e-06 9.53477e-05 0.0010338 0.00661285 0.0250273 0.0569041 0.0837558 0.103278 0.143014 0.182634 0.16661 0.110043 0.0620724 0.0331719 0.016051 0.00664432 0.00227422 0.000621526 0.000130033 1.98165e-05 2.0947e-06 1.47551e-07
 1.47384e-10 1.27118e-08 6.46406e-07 1.93795e-05 0.000342545 0.00356975 0.0219344 0.0794915 0.170196 0.217229 0.173089 0.104461 0.0705121 0.0562756 0.043219 0.0299019 0.0173011 0.00806164 0.0031037 0.000988645 0.000248958 4.70266e-05 6.3813e-06 5.99223e-07 3.76629e-08
 1.76605e-10 1.46198e-08 7.13542e-07 2.05322e-05 0.000348333 0.00348425 0.0205522 0.0715594 0.147838 0.186176 0.161433 0.132933 0.120273 0.0879594 0.0432665 0.0154199 0.00535097 0.00218459 0.000856698 0.000267901 6.30624e-05 1.08898e-05 1.3361e-06 1.12468e-07 6.3021e-09
 2.94014e-10 2.33268e-08 1.09114e-06 3.00916e-05 0.000489272 0.00469038 0.0265141 0.0884453 0.174782 0.208831 0.166036 0.117721 0.0940156 0.066022 0.0335624 0.0130224 0.00427737 0.00119269 0.000286439 6.48058e-05 1.33396e-05 2.14737e-06 2.44038e-07 1.87249e-08 9.46752e-10
 3.96372e-10 3.00984e-08 1.34748e-06 3.55665e-05 0.00055348 0.00507835 0.0274787 0.0877848 0.166579 0.193678 0.1581 0.126061 0.108805 0.0745619 0.0348373 0.0118797 0.0034441 0.000891368 0.00019221 3.31511e-05 4.62496e-06 5.31144e-07 4.86663e-08 3.2781e-09 1.50206e-10
 5.86467e-10 4.25676e-08 1.8216e-06 4.59585e-05 0.000683632 0.00599573 0.0310123 0.0947269 0.172067 0.192592 0.154508 0.124298 0.106268 0.070682 0.0322255 0.0108885 0.00309336 0.000745362 0.000142861 2.13977e-05 2.50585e-06 2.24441e-07 1.49963e-08 7.36847e-10 2.61066e-11
 9.32078e-10 6.45888e-08 2.63877e-06 6.356e-05 0.000902631 0.00755787 0.0373214 0.10883 0.188679 0.201305 0.153107 0.115738 0.0930877 0.0583412 0.024835 0.00769551 0.0019935 0.000446656 8.0774e-05 1.12722e-05 1.19023e-06 9.26985e-08 5.1926e-09 2.05203e-10 5.62447e-12
 1.34326e-09 8.87651e-08 3.45831e-06 7.94375e-05 0.0010758 0.00859032 0.0404574 0.112574 0.186719 0.192963 0.148376 0.118582 0.0967198 0.0591387 0.0246246 0.00761703 0.00197167 0.000426032 7.16511e-05 9.15388e-06 8.84659e-07 6.30421e-08 3.19529e-09 1.11877e-10 2.64886e-12
 2.00131e-09 1.25984e-07 4.6758e-06 0.000102314 0.00131996 0.0100408 0.0450535 0.1195 0.189436 0.189407 0.146312 0.120375 0.0963657 0.0551356 0.020441 0.00521807 0.00106358 0.000191125 2.8998e-05 3.45876e-06 3.10941e-07 2.03234e-08 9.35814e-10 2.96523e-11 6.3363e-13
 3.07762e-09 1.84376e-07 6.51227e-06 0.000135613 0.00166501 0.0120536 0.0514757 0.12999 0.196515 0.18876 0.142981 0.116338 0.0898329 0.048679 0.0168529 0.00390753 0.000689903 0.000102754 1.25714e-05 1.19415e-06 8.73949e-08 4.88676e-09 2.00643e-10 5.76963e-12 1.12086e-13
 4.67124e-09 2.66078e-07 8.93562e-06 0.000176921 0.00206531 0.0142162 0.0577316 0.138705 0.200017 0.185339 0.139519 0.113885 0.0854292 0.0442552 0.0146827 0.00330459 0.00057224 8.2077e-05 9.23983e-06 7.65229e-07 4.63627e-08 2.0775e-09 6.81329e-11 1.59574e-12 2.60435e-14
 7.11717e-09 3.85124e-07 1.22866e-05 0.000231103 0.00256289 0.0167594 0.0646651 0.147706 0.203105 0.181759 0.136222 0.111132 0.0805705 0.0396675 0.0124569 0.00265052 0.000433686 5.88758e-05 6.29635e-06 4.95448e-07 2.81904e-08 1.15398e-09 3.32978e-11 6.61227e-13 8.90385e-15
 9.23426e-09 4.74324e-07 1.43644e-05 0.000256473 0.00269997 0.0167624 0.0614451 0.13379 0.17829 0.16517 0.144955 0.134901 0.0985241 0.0463591 0.0136795 0.0026958 0.000402058 4.96003e-05 4.86661e-06 3.53834e-07 1.86553e-08 7.09316e-10 1.90283e-11 3.4972e-13 4.30604e-15
 1.3446e-08 6.55154e-07 1.88205e-05 0.000318761 0.00318324 0.0187488 0.0652298 0.135111 0.173102 0.160044 0.146826 0.1382 0.0979124 0.0446967 0.0132525 0.00281137 0.000475308 6.37748e-05 6.23803e-06 4.25559e-07 2.04521e-08 7.03131e-10 1.71081e-11 2.86776e-13 3.23375e-15
 2.53046e-08 1.16886e-06 3.18318e-05 0.000511098 0.00483846 0.0270122 0.0890255 0.174131 0.207495 0.168667 0.125616 0.100107 0.0648253 0.0278777 0.00790918 0.00163576 0.000274585 3.70936e-05 3.72799e-06 2.6744e-07 1.35479e-08 4.75968e-10 1.12905e-11 1.77325e-13 1.82909e-15
 3.42587e-08 1.49941e-06 3.86909e-05 0.000588632 0.00528025 0.0279378 0.0873427 0.162787 0.188752 0.160686 0.137376 0.117538 0.0738459 0.0292614 0.00721946 0.00118157 0.000146004 1.52392e-05 1.32159e-06 8.83873e-08 4.34592e-09 1.51583e-10 3.61878e-12 5.74795e-14 5.95892e-16
 5.11733e-08 2.12128e-06 5.18432e-05 0.000747021 0.00634686 0.0318095 0.0942466 0.166869 0.185767 0.156799 0.136265 0.114925 0.0699143 0.0274297 0.00718585 0.00139707 0.000216253 2.53412e-05 2.06907e-06 1.15018e-07 4.48701e-09 1.27277e-10 2.6239e-12 3.80258e-14 3.72738e-16
 7.48759e-08 2.93871e-06 6.80006e-05 0.000927726 0.0074632 0.0354221 0.0994696 0.167575 0.180523 0.154389 0.138991 0.115541 0.0670519 0.0249506 0.00624047 0.00117812 0.000181733 2.19785e-05 1.93618e-06 1.20208e-07 5.17211e-09 1.50475e-10 2.88872e-12 3.61811e-14 2.96288e-16
 1.21673e-07 4.52029e-06 9.90103e-05 0.00127863 0.00973661 0.0437434 0.116269 0.185342 0.188567 0.151302 0.127001 0.0987762 0.0538077 0.0187865 0.00439222 0.000770879 0.000110502 1.25203e-05 1.04848e-06 6.32041e-08 2.71144e-09 8.07374e-11 1.61655e-12 2.1213e-14 1.79174e-16
 1.79587e-07 6.31451e-06 0.000130902 0.00159996 0.0115315 0.0490433 0.123509 0.187302 0.184331 0.148891 0.126959 0.0960689 0.0497558 0.0164795 0.00367768 0.000619683 8.47396e-05 9.02087e-06 7.011e-07 3.90171e-08 1.54913e-09 4.30853e-11 8.16479e-13 1.02943e-14 8.48198e-17
 2.85096e-07 9.48676e-06 0.000186117 0.00215283 0.0146842 0.0591037 0.140868 0.202176 0.188183 0.143258 0.114519 0.0810814 0.0391257 0.0119034 0.00236404 0.000340522 3.95864e-05 3.71505e-06 2.63008e-07 1.34976e-08 4.94182e-10 1.26294e-11 2.19356e-13 2.53525e-15 1.92115e-17
 3.8147e-07 1.20129e-05 0.00022304 0.00244162 0.015763 0.0600835 0.13596 0.187455 0.175394 0.146633 0.127894 0.0904746 0.0421681 0.0125296 0.00253048 0.000386968 4.70225e-05 4.28885e-06 2.75832e-07 1.23896e-08 3.94278e-10 8.87774e-12 1.38247e-13 1.44889e-15 1.00031e-17
 6.22632e-07 1.85568e-05 0.000326075 0.00337828 0.0206407 0.0744465 0.159288 0.206902 0.179753 0.135707 0.107121 0.0704332 0.0310381 0.00886868 0.00176799 0.000273385 3.365e-05 3.08761e-06 2.0008e-07 9.03795e-09 2.82899e-10 6.02492e-12 8.54281e-14 7.95418e-16 4.83353e-18
 8.30211e-07 2.34198e-05 0.000389514 0.00381979 0.022094 0.0754957 0.153566 0.192599 0.1706 0.142291 0.119668 0.0770391 0.0320768 0.00852977 0.00156035 0.000219889 2.50264e-05 2.18067e-06 1.37362e-07 6.11929e-09 1.89754e-10 3.99506e-12 5.57027e-14 5.05464e-16 2.95094e-18
 1.1054e-06 2.9518e-05 0.000464736 0.00431439 0.0236288 0.0765256 0.148214 0.180495 0.164756 0.14955 0.129327 0.0806513 0.0320886 0.00823519 0.00148496 0.000208123 2.29951e-05 1.87734e-06 1.08354e-07 4.40337e-09 1.2586e-10 2.48377e-12 3.29486e-14 2.87227e-16 1.61812e-18
 1.80593e-06 4.5656e-05 0.000680521 0.00598101 0.0310087 0.0950303 0.17383 0.198217 0.164941 0.13316 0.104909 0.0614302 0.0234785 0.00598294 0.00111788 0.000164784 1.86117e-05 1.50489e-06 8.46198e-08 3.30766e-09 8.93594e-11 1.63664e-12 1.99046e-14 1.58477e-16 8.18103e-19
 2.27312e-06 5.44131e-05 0.000767966 0.00639153 0.0313914 0.0912994 0.159794 0.180258 0.162019 0.148317 0.120903 0.0679735 0.0241783 0.00559033 0.000924203 0.000121016 1.26641e-05 9.93758e-07 5.57776e-08 2.18811e-09 5.86259e-11 1.04632e-12 1.22071e-14 9.20412e-17 4.44905e-19
#spawning biomass
 6552 6284.75 4353.75 3741.99 5663.32 7989.88 12428.3 16401.7 24537 32926.6 42885.3 49775 62257.8 74544.3 74399.6 62317.4 63127.3 75176 64787.6 60668.7 54874.6 66209.3 69099.1 71875.1 98554.8 86792.3 86069.1 75734 78773 78589.7 135690 105123 72933.5 50147.9 36629.9 29384.3 25745.8 23998.3 23185.1 22815.4 22650.1 22577.2 22545.4 22531.6 22525.5 22523 22521.9 22521.5 22521.3 22521.2 22521.2 22521.1 22521.1 22521.1 22521.1 22521.1 22521.1 22521.1 22521.1 22521.1 22521.1 22521.1 22521.1 22521.1 22521.1 22521.1 22521.1 22521.1 22521.1 22521.1 22521.1 22521.1 22521.1 22521.1 22521.1 22521.1 22521.1 22521.1 22521.1 22521.1 22521.1 22521.1 22521.1 22521.1 22521.1 22521.1 22521.1 22521.1 22521.1 22521.1 22521.1 22521.1 22521.1 22521.1 22521.1 22521.1 22521.1 22521.1 22521.1 22521.1 22521.1 22521.1 22521.1 22521.1 22521.1 22521.1 22521.1 22521.1 22521.1 22521.1 22521.1 22521.1 22521.1 22521.1 22521.1 22521.1 22521.1 22521.1 22521.1 22521.1 22521.1 22521.1 22521.1 22521.1 22521.1 22521.1 22521.1 22521.1 22521.1 0 0 0 0 0 0 0 0 0 0 0 0 0 0 0 0 0 0 0 0 0 0 0 0 0
