SBPRF35
0.469327
Curr Bio
126625
B35
395635
F35
0.352702
FOFL
0
OFL
0
Bzero
134093
#pred survey bio
 14108.7 14890.4 16540 20882.4 23746.6 26238.3 31940.5 44194.2 57465.4 80482.5 97710.8 117165 155388 183240 177585 162588 133271 121582 127498 132401 135755 156888 172417 182790 189174 184514 180607 143377 2.58834e+06 3.32835e+06 3.35635e+06 2.88977e+06 2.37459e+06 1.95814e+06 1.66161e+06 1.46437e+06 1.33808e+06 1.25875e+06 1.20916e+06 1.17798e+06 1.15811e+06 1.14517e+06 1.13649e+06 1.13039e+06 1.12624e+06 1.12334e+06 1.12128e+06 1.1198e+06 1.11872e+06 1.11792e+06 1.11733e+06 1.11689e+06 1.11656e+06 1.11632e+06 1.11613e+06 1.11599e+06 1.11589e+06 1.11581e+06 1.11575e+06 1.11571e+06 1.11567e+06 1.11565e+06 1.11563e+06 1.11562e+06 1.11561e+06 1.1156e+06 1.11559e+06 1.11559e+06 1.11558e+06 1.11558e+06 1.11558e+06 1.11558e+06 1.11558e+06 1.11557e+06 1.11557e+06 1.11557e+06 1.11557e+06 1.11557e+06 1.11557e+06 1.11557e+06 1.11557e+06 1.11557e+06 1.11557e+06 1.11557e+06 1.11557e+06 1.11557e+06 1.11557e+06 1.11557e+06 1.11557e+06 1.11557e+06 1.11557e+06 1.11557e+06 1.11557e+06 1.11557e+06 1.11557e+06 1.11557e+06 1.11557e+06 1.11557e+06 1.11557e+06 1.11557e+06 1.11557e+06 1.11557e+06 1.11557e+06 1.11557e+06 1.11557e+06 1.11557e+06 1.11557e+06 1.11557e+06 1.11557e+06 1.11557e+06 1.11557e+06 1.11557e+06 1.11557e+06 1.11557e+06 1.11557e+06 1.11557e+06 1.11557e+06 1.11557e+06 1.11557e+06 1.11557e+06 1.11557e+06 1.11557e+06 1.11557e+06 1.11557e+06 1.11557e+06 1.11557e+06 1.11557e+06 1.11557e+06 0 0 0 0 0 0 0 0 0 0 0 0 0 0 0 0 0 0 0 0 0 0 0 0 0
#obs survey bio
 11806 10881 14896.1 17508.5 23831.3 19647.5 27445.9 42341.9 63756.9 75273.4 71583.9 144354 139677 148378 129931 99634 143422 80668.1 109399 96659.2 113861 153892 170498 136535 154184 183653 89119.5 89308.7
#pred catch bio
 6456.75 7522.46 8337.59 10372 12448.9 14028.8 16649.6 23450.9 27548 43938.1 55528.2 63132.6 87998.3 110563 108077 108331 86792.1 74921.7 78447.6 83733.7 80680 97082.2 110301 119882 127664 118139 124810 110471 0 32696.8 37669 32188.4 25490.6 20172.3 16504.9 14162.6 12739.3 11903.9 11425.5 11156.6 11007.5 10925.7 10881 10856.6 10843.6 10836.8 10833.1 10831.2 10830.2 10829.7 10829.4 10829.2 10829.1 10829.1 10829.1 10829.1 10829.1 10829.1 10829.1 10829.1 10829.1 10829.1 10829.1 10829.1 10829.1 10829.1 10829.1 10829.1 10829.1 10829.1 10829.1 10829.1 10829.1 10829.1 10829.1 10829.1 10829.1 10829.1 10829.1 10829.1 10829.1 10829.1 10829.1 10829.1 10829.1 10829.1 10829.1 10829.1 10829.1 10829.1 10829.1 10829.1 10829.1 10829.1 10829.1 10829.1 10829.1 10829.1 10829.1 10829.1 10829.1 10829.1 10829.1 10829.1 10829.1 10829.1 10829.1 10829.1 10829.1 10829.1 10829.1 10829.1 10829.1 10829.1 10829.1 10829.1 10829.1 10829.1 10829.1 10829.1 10829.1 10829.1 10829.1 10829.1 10829.1 10829.1 10829.1 10829.1 0 0 0 0 0 0 0 0 0 0 0 0 0 0 0 0 0 0 0 0 0 0 0 0 0
#obs catch bio
 9126.32 7774.21 8704.54 9771.71 12034.6 14058.3 16042.2 22145.2 24395.6 38755 52681.4 57993.8 83676 104371 111166 125128 79761.4 73150.5 74616.6 80222.7 72355.5 84637.8 98728 110144 121725 108616 111811 108572
#pred cpue bio
 9232.93 9899.55 10156.3 12114.4 14761 15914.2 18234.7 24203.7 32194.7 45960.5 55401.4 65032.1 85318.6 103105 104543 97280.2 76717.5 68395.8 70840.4 74127.8 74517.5 85958.6 93620.4 98076.4 100370 97847.6 100783 80981.8 1.28365e+06 2.57109e+06 3.08428e+06 2.71373e+06 2.20972e+06 1.79439e+06 1.49796e+06 1.30073e+06 1.17444e+06 1.09511e+06 1.04552e+06 1.01434e+06 994466 981532 972849 966752 962597 959700 957643 956159 955076 954279 953689 953249 952921 952676 952491 952353 952249 952171 952112 952067 952034 952009 951990 951976 951965 951957 951951 951946 951943 951940 951938 951937 951936 951935 951934 951934 951933 951933 951933 951933 951933 951933 951932 951932 951932 951932 951932 951932 951932 951932 951932 951932 951932 951932 951932 951932 951932 951932 951932 951932 951932 951932 951932 951932 951932 951932 951932 951932 951932 951932 951932 951932 951932 951932 951932 951932 951932 951932 951932 951932 951932 951932 951932 951932 951932 951932 951932 951932 0 0 0 0 0 0 0 0 0 0 0 0 0 0 0 0 0 0 0 0 0 0 0 0 0
#obs cpue bio
 9646.77 9691.16 12127.9 18208.3 19018.1 17518.5 30379.8 31584.1 56263.3 77988.4 72920.4 84396.9 103368 155370 100292 92365.8 138893 94308.4 107917 121214 152748 156842 141203 168624 145320 141508 313048 145740
#pred surv len freq
 1.56297e-11 1.69645e-09 1.08573e-07 4.09719e-06 9.11677e-05 0.00119616 0.00925464 0.0422374 0.113907 0.183093 0.182907 0.133996 0.0999362 0.0791565 0.0540222 0.0332764 0.020989 0.013565 0.00906778 0.00642328 0.00490886 0.00409921 0.00354439 0.00273115 0.00159384
 1.23208e-11 1.33731e-09 8.55874e-08 3.2298e-06 7.18674e-05 0.00094295 0.00729631 0.033317 0.0900868 0.146718 0.155594 0.137871 0.133011 0.117944 0.0797123 0.0449299 0.0242875 0.0125411 0.00634013 0.00342697 0.00207732 0.00144062 0.0011055 0.00081127 0.000471653
 1.58421e-11 1.71951e-09 1.10048e-07 4.15289e-06 9.24069e-05 0.00121242 0.00938039 0.0428104 0.11544 0.185456 0.184806 0.134272 0.0993787 0.0806212 0.0595212 0.0402936 0.0246679 0.0125082 0.00539617 0.00219786 0.000931983 0.000458393 0.000274954 0.000177827 9.8689e-05
 1.5905e-11 1.72633e-09 1.10485e-07 4.16936e-06 9.27736e-05 0.00121723 0.0094178 0.0429848 0.11596 0.186695 0.187926 0.14136 0.109668 0.0871363 0.0560545 0.0302104 0.0160828 0.00848438 0.00408221 0.00168958 0.00059982 0.000201895 7.74348e-05 3.68546e-05 1.78573e-05
 1.36747e-11 1.48426e-09 9.49925e-08 3.58472e-06 7.97648e-05 0.00104656 0.00809775 0.03697 0.099873 0.161922 0.168296 0.140577 0.126551 0.108784 0.0724363 0.0398003 0.0202926 0.00927659 0.00377169 0.00146083 0.000529439 0.000167273 4.69125e-05 1.37213e-05 4.67023e-06
 1.53142e-11 1.66221e-09 1.06381e-07 4.01449e-06 8.93275e-05 0.00117202 0.00906801 0.0413889 0.111662 0.179839 0.181333 0.13733 0.108383 0.0893158 0.0626542 0.0387476 0.0220407 0.0106029 0.00423994 0.00148307 0.000467396 0.000134495 3.47091e-05 7.89748e-06 1.71376e-06
 1.626e-11 1.76486e-09 1.12951e-07 4.26242e-06 9.48442e-05 0.0012444 0.0096279 0.043942 0.118518 0.190618 0.190952 0.141234 0.106704 0.0838988 0.0544881 0.0299094 0.0157607 0.0077817 0.00340109 0.00128078 0.000403588 0.00010672 2.42836e-05 4.80381e-06 8.23298e-07
 1.69056e-11 1.83494e-09 1.17436e-07 4.43168e-06 9.86103e-05 0.00129381 0.0100101 0.0456841 0.123186 0.197878 0.197057 0.142644 0.103745 0.0793707 0.0503223 0.0264121 0.0129483 0.00581355 0.00231281 0.000843173 0.000277008 7.71689e-05 1.7466e-05 3.18254e-06 4.71935e-07
 1.60528e-11 1.74237e-09 1.11512e-07 4.2081e-06 9.36356e-05 0.00122854 0.00950534 0.0433849 0.117047 0.188508 0.190042 0.143694 0.112235 0.0889193 0.0558378 0.0280638 0.012978 0.0054991 0.00202633 0.000666166 0.000198644 5.29002e-05 1.2116e-05 2.25327e-06 3.25462e-07
 1.60827e-11 1.74562e-09 1.1172e-07 4.21595e-06 9.38102e-05 0.00123083 0.00952299 0.0434641 0.117241 0.18866 0.18945 0.141347 0.108414 0.0862401 0.0566105 0.0312499 0.0158764 0.00697679 0.00253497 0.000795677 0.000220411 5.33686e-05 1.1214e-05 1.9958e-06 2.8656e-07
 1.5994e-11 1.736e-09 1.11104e-07 4.19271e-06 9.3293e-05 0.00122405 0.00947055 0.0432259 0.116614 0.187781 0.189171 0.142691 0.111153 0.0883659 0.0564294 0.0294811 0.0143607 0.00638938 0.00245008 0.000807363 0.000224666 5.20962e-05 1.0124e-05 1.64361e-06 2.18564e-07
 1.64291e-11 1.78322e-09 1.14126e-07 4.30674e-06 9.58305e-05 0.00125734 0.00972803 0.0443992 0.119754 0.192629 0.193077 0.143067 0.108256 0.0846137 0.0536241 0.0277141 0.013194 0.0056356 0.0020523 0.00065736 0.000185895 4.45366e-05 8.71043e-06 1.36112e-06 1.68299e-07
 1.66656e-11 1.8089e-09 1.15769e-07 4.36876e-06 9.72104e-05 0.00127544 0.00986807 0.0450373 0.121461 0.19526 0.195171 0.143187 0.106538 0.0824257 0.0520143 0.0267774 0.0127016 0.00540814 0.00195125 0.000609282 0.000165862 3.86774e-05 7.57501e-06 1.202e-06 1.48374e-07
 1.58442e-11 1.71974e-09 1.10063e-07 4.15343e-06 9.24191e-05 0.00121258 0.0093819 0.0428227 0.115546 0.186221 0.188347 0.144007 0.114407 0.0913482 0.0572369 0.0284597 0.0129233 0.00533506 0.00188245 0.0005762 0.000153649 3.48413e-05 6.59907e-06 1.02206e-06 1.25421e-07
 1.4668e-11 1.59207e-09 1.01892e-07 3.84511e-06 8.55585e-05 0.00112258 0.00868573 0.0396505 0.107061 0.173146 0.177948 0.143454 0.123043 0.102386 0.0654671 0.0333163 0.0153956 0.00628877 0.00212938 0.000617287 0.000157299 3.45074e-05 6.35084e-06 9.54391e-07 1.13684e-07
 1.46525e-11 1.59038e-09 1.01784e-07 3.84102e-06 8.54677e-05 0.00112138 0.00867646 0.0396072 0.10693 0.172819 0.177077 0.141427 0.12006 0.100412 0.0662807 0.0360927 0.0179732 0.00770871 0.00269018 0.000788896 0.000197254 4.14202e-05 7.26245e-06 1.04817e-06 1.20769e-07
 1.54077e-11 1.67236e-09 1.07031e-07 4.03902e-06 8.98732e-05 0.00117918 0.00912355 0.0416452 0.112392 0.181326 0.184285 0.143242 0.116741 0.0948064 0.0603876 0.0309287 0.0145604 0.00617492 0.00221571 0.000677689 0.000175105 3.72063e-05 6.42795e-06 8.93603e-07 9.83312e-08
 1.58318e-11 1.71839e-09 1.09977e-07 4.15019e-06 9.2347e-05 0.00121164 0.00937459 0.0427894 0.115457 0.186085 0.188242 0.144017 0.114533 0.0915356 0.0574295 0.0285909 0.0129251 0.00523643 0.0017827 0.000523294 0.000134682 2.93989e-05 5.24091e-06 7.39362e-07 8.05678e-08
 1.61908e-11 1.75736e-09 1.12471e-07 4.2443e-06 9.4441e-05 0.00123911 0.00958706 0.0437573 0.118044 0.190047 0.191285 0.143824 0.111356 0.0878387 0.0551467 0.0276891 0.012627 0.00511023 0.00171298 0.000486915 0.000119974 2.52086e-05 4.43516e-06 6.34329e-07 7.07284e-08
 1.58803e-11 1.72365e-09 1.10314e-07 4.16289e-06 9.26296e-05 0.00121535 0.00940328 0.0429203 0.115809 0.186645 0.188774 0.144324 0.114615 0.0913867 0.057008 0.0280306 0.0124791 0.00499605 0.00167567 0.000476676 0.000116216 2.37619e-05 4.0212e-06 5.55362e-07 6.09361e-08
 1.63885e-11 1.77882e-09 1.13844e-07 4.29612e-06 9.55941e-05 0.00125424 0.00970408 0.0442908 0.119473 0.19227 0.193152 0.144248 0.110417 0.0863578 0.0537031 0.0264797 0.0117951 0.00467339 0.00153131 0.000423966 0.000101579 2.05823e-05 3.43844e-06 4.63226e-07 4.91523e-08
 1.64585e-11 1.78641e-09 1.1433e-07 4.31446e-06 9.60022e-05 0.00125959 0.0097455 0.0444794 0.119977 0.193039 0.193728 0.144162 0.109719 0.0855639 0.0532294 0.0263289 0.0118028 0.00472507 0.00157078 0.000439664 0.000104949 2.09169e-05 3.43217e-06 4.55862e-07 4.76253e-08
 1.65423e-11 1.7955e-09 1.14912e-07 4.33642e-06 9.64909e-05 0.001266 0.00979509 0.0447057 0.120586 0.19401 0.19466 0.144727 0.10991 0.0853284 0.0524575 0.0252753 0.0109652 0.00429372 0.00141022 0.00039266 9.39503e-05 1.88147e-05 3.08059e-06 4.04261e-07 4.15361e-08
 1.66988e-11 1.81249e-09 1.15999e-07 4.37745e-06 9.74038e-05 0.00127798 0.00988775 0.0451281 0.121719 0.195782 0.196193 0.145215 0.109402 0.0843248 0.0512804 0.0241306 0.0101137 0.00382444 0.00120721 0.000321551 7.4318e-05 1.4613e-05 2.3784e-06 3.11884e-07 3.19419e-08
 1.68411e-11 1.82794e-09 1.16988e-07 4.41475e-06 9.82338e-05 0.00128887 0.00997198 0.0455121 0.122749 0.197393 0.197592 0.145669 0.108956 0.0834153 0.0501874 0.0230582 0.00932805 0.00340824 0.00103544 0.000262334 5.736e-05 1.06993e-05 1.66764e-06 2.12725e-07 2.15057e-08
 1.67265e-11 1.8155e-09 1.16192e-07 4.38472e-06 9.75654e-05 0.0012801 0.00990418 0.0452035 0.121928 0.196164 0.196789 0.146197 0.110687 0.0850952 0.0507766 0.0227443 0.00884168 0.00310854 0.000907021 0.000218134 4.49715e-05 7.89588e-06 1.15648e-06 1.39121e-07 1.34115e-08
 1.56257e-11 1.69601e-09 1.08545e-07 4.09614e-06 9.11443e-05 0.00119586 0.0092526 0.0422345 0.113986 0.183923 0.187038 0.145629 0.118687 0.0953478 0.0584456 0.0273112 0.0112223 0.00408267 0.00119739 0.000283791 5.68128e-05 9.5536e-06 1.32396e-06 1.49671e-07 1.35458e-08
 1.53656e-11 1.66778e-09 1.06738e-07 4.02796e-06 8.96272e-05 0.00117596 0.00909864 0.0415329 0.112108 0.181022 0.184696 0.145389 0.12041 0.0976411 0.0602605 0.0285035 0.0119232 0.00441945 0.00132535 0.000322247 6.55126e-05 1.09537e-05 1.47825e-06 1.60096e-07 1.37189e-08
#obs surv len freq
 1.16568e-11 1.26524e-09 8.09749e-08 3.05575e-06 6.79945e-05 0.000892141 0.00690336 0.0315263 0.085281 0.139093 0.148071 0.131953 0.128743 0.119846 0.0912841 0.0594987 0.0335739 0.0154798 0.00569023 0.00165409 0.000369965 6.14248e-05 7.31722e-06 6.05883e-07 3.38953e-08
 8.35228e-12 9.06562e-10 5.80199e-08 2.1895e-06 4.87198e-05 0.00063927 0.00494771 0.0226186 0.0614892 0.102607 0.119454 0.130676 0.151797 0.149261 0.114406 0.0739312 0.0409384 0.0183791 0.00652936 0.00181929 0.000387005 6.06866e-05 6.78619e-06 5.2471e-07 2.72898e-08
 1.84774e-11 2.00554e-09 1.28355e-07 4.8437e-06 0.000107778 0.00141409 0.0109404 0.049921 0.134478 0.214861 0.208184 0.134813 0.0785222 0.0564452 0.0450639 0.0329229 0.0194684 0.00879507 0.0030495 0.000816598 0.000165299 2.44733e-05 2.56707e-06 1.85212e-07 8.95187e-09
 8.41728e-12 9.13617e-10 5.84714e-08 2.20654e-06 4.90997e-05 0.00064429 0.0049878 0.022827 0.0623556 0.106122 0.131441 0.157336 0.184375 0.162554 0.0968712 0.0427852 0.0173052 0.00700785 0.00249416 0.000684699 0.000136778 1.94072e-05 1.91934e-06 1.29423e-07 5.81547e-09
 1.41033e-11 1.53078e-09 9.79699e-08 3.69709e-06 8.22652e-05 0.00107937 0.00835171 0.0381284 0.102951 0.166239 0.168645 0.128721 0.103917 0.0960803 0.0834118 0.0587184 0.0298985 0.0104773 0.00265025 0.00053971 9.26645e-05 1.24487e-05 1.19043e-06 7.67405e-08 3.2479e-09
 1.19997e-11 1.30245e-09 8.33568e-08 3.14564e-06 6.99955e-05 0.000918436 0.00710812 0.0324855 0.0881348 0.145313 0.159762 0.149311 0.143392 0.120333 0.0775834 0.0420218 0.0210114 0.0089577 0.00285402 0.000632255 9.61464e-05 1.02977e-05 7.99843e-07 4.47804e-08 1.73347e-09
 1.64513e-11 1.78563e-09 1.1428e-07 4.31258e-06 9.59608e-05 0.00125908 0.00974226 0.0444775 0.120087 0.193728 0.195114 0.143262 0.10308 0.0791539 0.055122 0.0322954 0.0151586 0.00547492 0.00154087 0.000340344 5.59569e-05 6.37989e-06 4.83589e-07 2.40793e-08 7.89904e-10
 1.34669e-11 1.46171e-09 9.35493e-08 3.53027e-06 7.85544e-05 0.00103075 0.00797746 0.0364585 0.0988809 0.162572 0.175919 0.155996 0.138611 0.108693 0.0648004 0.0306503 0.0125254 0.00433654 0.00118305 0.00024232 3.63195e-05 3.89708e-06 2.90424e-07 1.44906e-08 4.68789e-10
 1.42115e-11 1.54252e-09 9.87212e-08 3.72545e-06 8.28971e-05 0.00108772 0.00841795 0.0384614 0.104178 0.170249 0.179796 0.149718 0.125345 0.100316 0.066319 0.0353422 0.0147746 0.00461635 0.001073 0.00019015 2.56e-05 2.51422e-06 1.72202e-07 7.95851e-09 2.42261e-10
 1.42329e-11 1.54485e-09 9.88702e-08 3.73107e-06 8.30228e-05 0.00108939 0.00843139 0.0385321 0.10446 0.171215 0.18233 0.153801 0.128283 0.0991743 0.062131 0.0316946 0.0132409 0.00429681 0.00103131 0.000178368 2.18781e-05 1.88421e-06 1.12913e-07 4.63289e-09 1.27118e-10
 1.27929e-11 1.38855e-09 8.8867e-08 3.35359e-06 7.46241e-05 0.000979229 0.00758026 0.0346683 0.0942595 0.156194 0.17239 0.157034 0.140806 0.111637 0.069849 0.0349468 0.0140362 0.00434368 0.00100464 0.000170591 2.06926e-05 1.7348e-06 9.79055e-08 3.6564e-09 8.93396e-11
 1.41247e-11 1.53311e-09 9.81189e-08 3.70273e-06 8.23928e-05 0.00108115 0.00836848 0.0382571 0.103817 0.170604 0.182512 0.154054 0.127401 0.0988247 0.0635261 0.0329472 0.0133854 0.0040671 0.000904131 0.000145831 1.67738e-05 1.34042e-06 7.24702e-08 2.58936e-09 5.99476e-11
 1.35868e-11 1.47472e-09 9.4382e-08 3.56172e-06 7.9256e-05 0.00104004 0.00805165 0.0368321 0.100182 0.165952 0.181803 0.160402 0.136001 0.102438 0.061548 0.0297231 0.0115682 0.00347033 0.000768606 0.000122084 1.35588e-05 1.0292e-06 5.23846e-08 1.75754e-09 3.82422e-11
 1.13506e-11 1.232e-09 7.88485e-08 2.97555e-06 6.62145e-05 0.000868999 0.00673036 0.0308364 0.0843612 0.142611 0.165928 0.164011 0.153777 0.121561 0.074766 0.0361272 0.013586 0.00383633 0.000796299 0.000119907 1.27869e-05 9.35718e-07 4.568e-08 1.45615e-09 2.98307e-11
 9.22259e-12 1.00103e-09 6.40661e-08 2.41773e-06 5.38035e-05 0.000706221 0.00547257 0.0251218 0.069195 0.11963 0.14785 0.161294 0.164814 0.139741 0.0928308 0.0480223 0.0187217 0.00530106 0.00107304 0.000153909 1.54006e-05 1.05313e-06 4.81929e-08 1.44679e-09 2.79805e-11
 1.21455e-11 1.31828e-09 8.43703e-08 3.18394e-06 7.08517e-05 0.000929846 0.00720093 0.0329744 0.0899655 0.150289 0.167835 0.152916 0.136414 0.113647 0.0793733 0.0437281 0.018016 0.00534279 0.00111674 0.00016159 1.58776e-05 1.04115e-06 4.49079e-08 1.25781e-09 2.25967e-11
 1.17405e-11 1.27433e-09 8.15576e-08 3.07783e-06 6.84931e-05 0.000899016 0.00696544 0.0319472 0.087629 0.148839 0.173308 0.167156 0.148863 0.112804 0.0686924 0.0341149 0.0135843 0.00409495 0.000885318 0.000131973 1.3182e-05 8.64029e-07 3.65895e-08 9.88877e-10 1.68866e-11
 1.24518e-11 1.35154e-09 8.64989e-08 3.2643e-06 7.26431e-05 0.000953487 0.00738721 0.0338729 0.092788 0.156699 0.178994 0.166182 0.143385 0.108088 0.0655045 0.0310681 0.011256 0.00304506 0.000605403 8.62041e-05 8.46055e-06 5.51345e-07 2.31985e-08 6.18498e-10 1.03174e-11
 1.17525e-11 1.27563e-09 8.1641e-08 3.08102e-06 6.85676e-05 0.00090013 0.00697721 0.0320423 0.0881933 0.150997 0.178072 0.172662 0.151423 0.111459 0.0646413 0.0292834 0.0101419 0.00259211 0.000476215 6.16751e-05 5.51404e-06 3.32314e-07 1.31734e-08 3.35786e-10 5.40025e-12
 1.20929e-11 1.31258e-09 8.40062e-08 3.1703e-06 7.05555e-05 0.000926257 0.0071802 0.0329765 0.0907343 0.154945 0.180853 0.171593 0.147779 0.108746 0.0634499 0.0284635 0.00952222 0.00230756 0.000397542 4.7851e-05 3.93835e-06 2.16735e-07 7.81935e-09 1.8188e-10 2.68832e-12
 1.2868e-11 1.39671e-09 8.93908e-08 3.37353e-06 7.50794e-05 0.000985678 0.00764122 0.035094 0.0965086 0.164247 0.189107 0.173403 0.142338 0.100046 0.0560858 0.0243365 0.00791919 0.00186368 0.000308539 3.5164e-05 2.70364e-06 1.37615e-07 4.56001e-09 9.69351e-11 1.30524e-12
 1.2136e-11 1.31726e-09 8.43066e-08 3.18173e-06 7.08162e-05 0.000929919 0.00721381 0.0331961 0.0918003 0.158544 0.188337 0.179776 0.149976 0.103266 0.0553531 0.0227169 0.00698441 0.00155839 0.00024537 2.65996e-05 1.93818e-06 9.28701e-08 2.8742e-09 5.66425e-11 7.02789e-13
 1.28425e-11 1.39395e-09 8.92149e-08 3.36699e-06 7.494e-05 0.000984071 0.0076334 0.0351125 0.0969167 0.166193 0.193378 0.177794 0.143469 0.097609 0.0521119 0.0210062 0.00619848 0.00130321 0.000191558 1.9346e-05 1.31514e-06 5.88967e-08 1.70435e-09 3.13669e-11 3.62513e-13
 1.20962e-11 1.31295e-09 8.40321e-08 3.17151e-06 7.05971e-05 0.000927335 0.00719971 0.0331996 0.0922479 0.1608 0.19324 0.18446 0.150409 0.0997724 0.0510405 0.0197132 0.00560468 0.00113538 0.000159436 1.51886e-05 9.63217e-07 3.99729e-08 1.06913e-09 1.81846e-11 1.944e-13
 1.21713e-11 1.32111e-09 8.45549e-08 3.19131e-06 7.10412e-05 0.00093328 0.00724774 0.0334379 0.0929761 0.162084 0.19416 0.18388 0.149168 0.0992826 0.0508894 0.0193719 0.00531846 0.00102648 0.000136567 1.2299e-05 7.35246e-07 2.86258e-08 7.141e-10 1.1266e-11 1.11246e-13
 1.0802e-11 1.17249e-09 7.5045e-08 2.83261e-06 6.30704e-05 0.000829069 0.00644912 0.0298857 0.0840595 0.150578 0.189865 0.191091 0.160328 0.106618 0.0537011 0.0200102 0.0053695 0.00100743 0.000128994 1.10537e-05 6.22996e-07 2.27329e-08 5.29659e-10 7.78589e-12 7.14745e-14
 1.09243e-11 1.18577e-09 7.58957e-08 2.8648e-06 6.37908e-05 0.000838636 0.00652477 0.0302411 0.0850176 0.151815 0.189749 0.188895 0.158523 0.106949 0.0546263 0.0203165 0.00533959 0.000968583 0.000119058 9.74729e-06 5.22252e-07 1.80136e-08 3.94442e-10 5.42159e-12 4.63534e-14
 1.12272e-11 1.21866e-09 7.80025e-08 2.94446e-06 6.55715e-05 0.000862253 0.00671191 0.0311385 0.0876654 0.156639 0.194768 0.1904 0.155161 0.101583 0.0506741 0.0185455 0.00481253 0.000858889 0.000102915 8.12255e-06 4.15488e-07 1.35847e-08 2.80559e-10 3.62331e-12 2.90126e-14
#pred catch len freq
 1.12405e-11 1.22005e-09 7.80831e-08 2.94662e-06 6.55661e-05 0.000860272 0.00665656 0.0303954 0.082183 0.133814 0.141771 0.125397 0.121441 0.110363 0.0803489 0.0526917 0.0349025 0.0231105 0.0156185 0.0111147 0.00850795 0.00710801 0.00614662 0.00473641 0.00276407
 8.25908e-12 8.96444e-10 5.73723e-08 2.16506e-06 4.81757e-05 0.000632123 0.00489213 0.0223603 0.0607554 0.101324 0.118524 0.132729 0.157618 0.151524 0.106857 0.0634711 0.0359686 0.0190513 0.00975619 0.00530855 0.0032263 0.00223916 0.00171859 0.00126122 0.000733248
 1.18324e-11 1.2843e-09 8.21948e-08 3.10178e-06 6.90186e-05 0.000905569 0.00700692 0.0319924 0.0864615 0.140463 0.147357 0.126856 0.120183 0.111756 0.0880833 0.0628394 0.0397462 0.0204681 0.0089135 0.00365414 0.00155489 0.000765816 0.000459528 0.000297223 0.000164952
 1.20668e-11 1.30973e-09 8.38227e-08 3.16321e-06 7.03857e-05 0.000923511 0.00714597 0.0326322 0.0882586 0.143929 0.153514 0.138212 0.135591 0.12088 0.0816319 0.0462404 0.0258119 0.0139686 0.00679464 0.00282622 0.00100577 0.000338974 0.000130091 6.19279e-05 3.00072e-05
 9.75733e-12 1.05906e-09 6.778e-08 2.55781e-06 5.69149e-05 0.00074678 0.00577903 0.0264036 0.0715972 0.118249 0.133062 0.137068 0.152658 0.14336 0.099535 0.0573396 0.0305081 0.0142707 0.00587207 0.00229085 0.000833154 0.000263582 7.39618e-05 2.16378e-05 7.36531e-06
 1.14988e-11 1.24809e-09 7.98775e-08 3.01433e-06 6.70729e-05 0.000880045 0.00680964 0.0310965 0.0841065 0.137171 0.146385 0.132172 0.131138 0.121147 0.0896282 0.0581787 0.0342655 0.016764 0.00676519 0.00238062 0.00075283 0.000216982 5.60348e-05 1.27531e-05 2.76768e-06
 1.26267e-11 1.37051e-09 8.77123e-08 3.30999e-06 7.36517e-05 0.00096636 0.00747738 0.0341422 0.0922954 0.150133 0.158371 0.138244 0.13128 0.116061 0.0791726 0.045544 0.0250219 0.0126314 0.00557794 0.00211164 0.000667147 0.000176642 4.02208e-05 7.95896e-06 1.36421e-06
 1.35188e-11 1.46734e-09 9.39094e-08 3.54385e-06 7.88553e-05 0.00103463 0.00800547 0.0365496 0.0987498 0.160201 0.166977 0.140665 0.127937 0.110389 0.0734275 0.0402327 0.020526 0.00942257 0.00378965 0.00139014 0.000458111 0.000127785 2.89377e-05 5.27409e-06 7.82174e-07
 1.22338e-11 1.32786e-09 8.49828e-08 3.20699e-06 7.13598e-05 0.000936293 0.00724492 0.0330851 0.0894976 0.146063 0.156316 0.141995 0.140347 0.124526 0.0818553 0.0430882 0.0208914 0.00910143 0.00339922 0.00112622 0.000337257 8.9989e-05 2.06274e-05 3.83742e-06 5.54345e-07
 1.25697e-11 1.36432e-09 8.73166e-08 3.29506e-06 7.33195e-05 0.000962001 0.00744367 0.0339888 0.0918879 0.149527 0.158001 0.138615 0.13249 0.117809 0.0810367 0.0467175 0.0246251 0.011031 0.00404683 0.00127812 0.000355351 8.61948e-05 1.81261e-05 3.22708e-06 4.6341e-07
 1.26322e-11 1.3711e-09 8.77503e-08 3.31143e-06 7.36836e-05 0.00096678 0.00748069 0.0341587 0.092359 0.150389 0.159349 0.14083 0.135329 0.119283 0.079373 0.0431256 0.0218074 0.00990721 0.00383678 0.00127121 0.000354773 8.23843e-05 1.60215e-05 2.60196e-06 3.46055e-07
 1.29947e-11 1.41045e-09 9.02685e-08 3.40646e-06 7.57981e-05 0.000994522 0.00769527 0.0351366 0.0949772 0.154443 0.162669 0.141326 0.133215 0.116433 0.0771416 0.0415538 0.0205795 0.00898766 0.00330863 0.00106662 0.000302713 7.26436e-05 1.42179e-05 2.22248e-06 2.74845e-07
 1.34511e-11 1.45999e-09 9.34393e-08 3.52611e-06 7.84606e-05 0.00102945 0.00796544 0.0363678 0.0982714 0.159528 0.166757 0.141684 0.130094 0.112344 0.0739889 0.039572 0.0194657 0.00845977 0.00308244 0.000968062 0.000264392 6.17512e-05 1.21029e-05 1.92111e-06 2.37172e-07
 1.27091e-11 1.37945e-09 8.82849e-08 3.3316e-06 7.41325e-05 0.00097267 0.0075263 0.0343677 0.092934 0.151406 0.160794 0.142983 0.138059 0.120999 0.0785334 0.0403648 0.0189684 0.00799163 0.00284716 0.00087626 0.00023438 5.32263e-05 1.00882e-05 1.56293e-06 1.9182e-07
 1.13736e-11 1.23449e-09 7.90075e-08 2.9815e-06 6.63425e-05 0.000870468 0.0067358 0.0307655 0.0832964 0.136534 0.148868 0.14203 0.147375 0.133225 0.0880583 0.0463743 0.0221793 0.00924014 0.00315842 0.000920905 0.00023549 5.175e-05 9.53169e-06 1.4329e-06 1.70709e-07
 1.16938e-11 1.26925e-09 8.12316e-08 3.06543e-06 6.821e-05 0.000894967 0.00692523 0.0316271 0.0855805 0.139886 0.150715 0.139469 0.140871 0.127391 0.0867973 0.0487232 0.0249224 0.0108413 0.00380932 0.0011219 0.000281254 5.91379e-05 1.03758e-05 1.49797e-06 1.72618e-07
 1.24933e-11 1.35602e-09 8.67854e-08 3.27501e-06 7.28734e-05 0.000956151 0.00739851 0.0337849 0.0913687 0.148941 0.158574 0.142021 0.138315 0.122081 0.0802631 0.0423438 0.0205234 0.00884954 0.00320034 0.000983166 0.000254661 5.41766e-05 9.36548e-06 1.30236e-06 1.43331e-07
 1.27782e-11 1.38696e-09 8.8765e-08 3.34972e-06 7.45357e-05 0.000977959 0.00756721 0.0345541 0.0934329 0.152176 0.161416 0.143048 0.137623 0.120476 0.0782195 0.0401986 0.0187734 0.00775317 0.00266369 0.00078611 0.000202961 4.43706e-05 7.9153e-06 1.117e-06 1.21736e-07
 1.31979e-11 1.4325e-09 9.16799e-08 3.45972e-06 7.69833e-05 0.00101007 0.00781557 0.0356855 0.0964559 0.156807 0.164967 0.14281 0.13389 0.116148 0.0755713 0.0391779 0.0184441 0.00760344 0.00257108 0.000734658 0.000181591 3.82168e-05 6.72886e-06 9.62712e-07 1.0736e-07
 1.29506e-11 1.40566e-09 8.99619e-08 3.39489e-06 7.55407e-05 0.000991146 0.00766921 0.0350191 0.0946801 0.154125 0.163098 0.143566 0.137031 0.119335 0.0768999 0.0389448 0.0178813 0.00729266 0.00246734 0.000705392 0.000172485 3.53195e-05 5.98138e-06 8.26365e-07 9.06857e-08
 1.33157e-11 1.44529e-09 9.24985e-08 3.49061e-06 7.76706e-05 0.00101909 0.00788533 0.0360037 0.097311 0.158158 0.166201 0.143395 0.133843 0.115629 0.0746245 0.0380387 0.0175309 0.00708791 0.00234479 0.000652909 0.000156983 3.18655e-05 5.32787e-06 7.18052e-07 7.62053e-08
 1.35553e-11 1.4713e-09 9.41628e-08 3.55341e-06 7.90681e-05 0.00103742 0.00802713 0.0366498 0.0990381 0.16081 0.168266 0.143362 0.131858 0.113215 0.0729742 0.0372257 0.0172188 0.00702226 0.00235487 0.00066249 0.000158623 3.16641e-05 5.1996e-06 6.90869e-07 7.21896e-08
 1.38113e-11 1.49909e-09 9.59414e-08 3.62053e-06 8.05615e-05 0.00105702 0.0081787 0.0373409 0.100893 0.163716 0.170815 0.144268 0.131184 0.111644 0.0709221 0.0351259 0.0156908 0.00625601 0.00207215 0.000579735 0.000139105 2.78976e-05 4.57089e-06 6.00027e-07 6.16598e-08
 1.41262e-11 1.53326e-09 9.81283e-08 3.70306e-06 8.23979e-05 0.00108111 0.00836506 0.0381904 0.103169 0.167262 0.17382 0.14503 0.129825 0.109384 0.068607 0.0330953 0.0142537 0.00548481 0.00174551 0.000467073 0.000108256 2.1317e-05 3.47189e-06 4.55418e-07 4.66488e-08
 1.44449e-11 1.56785e-09 1.00342e-07 3.78661e-06 8.4257e-05 0.0011055 0.00855373 0.0390503 0.105474 0.170847 0.176834 0.14572 0.128322 0.106994 0.0662556 0.0311163 0.0129047 0.00479405 0.00146782 0.000373477 8.1882e-05 1.52952e-05 2.38561e-06 3.04407e-07 3.07788e-08
 1.4081e-11 1.52836e-09 9.78147e-08 3.69123e-06 8.21346e-05 0.00107766 0.00833838 0.0380696 0.102857 0.166869 0.173937 0.146432 0.132342 0.111318 0.0684615 0.0314079 0.012566 0.00450838 0.00132813 0.000321081 6.64199e-05 1.16835e-05 1.71278e-06 2.06132e-07 1.98754e-08
 1.30918e-11 1.42099e-09 9.09431e-08 3.43191e-06 7.63646e-05 0.00100196 0.00775287 0.0354014 0.0957169 0.15584 0.165035 0.145536 0.138945 0.120147 0.0755295 0.0360664 0.0151868 0.0056132 0.00165833 0.000394677 7.92352e-05 1.33457e-05 1.85095e-06 2.0933e-07 1.89487e-08
 1.34145e-11 1.45602e-09 9.31851e-08 3.51652e-06 7.82471e-05 0.00102665 0.00794388 0.0362716 0.0980417 0.159399 0.167753 0.145316 0.136005 0.116729 0.0734044 0.0352372 0.0149788 0.00560908 0.00168998 0.000411978 8.38978e-05 1.40411e-05 1.89581e-06 2.05369e-07 1.76007e-08
#obs catch len freq
 9.76621e-12 1.06003e-09 6.78418e-08 2.56015e-06 5.69669e-05 0.000747463 0.00578431 0.0264265 0.0716281 0.117947 0.130678 0.129058 0.139438 0.135416 0.105115 0.0696449 0.0398735 0.0186338 0.00694761 0.00204915 0.000464943 7.83083e-05 9.46373e-06 7.94969e-07 4.51146e-08
 1.00289e-11 1.08854e-09 6.96665e-08 2.629e-06 5.84992e-05 0.000767572 0.00594003 0.0271397 0.0735766 0.12121 0.134236 0.131633 0.14006 0.134013 0.10254 0.066635 0.0371677 0.0168328 0.00604638 0.00170647 0.000368 5.85108e-05 6.63212e-06 5.19519e-07 2.73597e-08
 7.10649e-12 7.71343e-10 4.93659e-08 1.86292e-06 4.14533e-05 0.000543945 0.00421065 0.0192645 0.0525621 0.0890965 0.109419 0.131319 0.161065 0.160098 0.122684 0.0788613 0.0430871 0.0189696 0.00657461 0.00177568 0.000363618 5.45246e-05 5.79394e-06 4.23342e-07 2.07078e-08
 1.75074e-11 1.90027e-09 1.21617e-07 4.58944e-06 0.000102121 0.00133987 0.0103664 0.0473069 0.127497 0.204143 0.199642 0.133869 0.0843526 0.0646736 0.0524692 0.0380372 0.0220939 0.00976125 0.00329557 0.000853972 0.000166144 2.34883e-05 2.3383e-06 1.59255e-07 7.23288e-09
 7.45656e-12 8.0934e-10 5.17977e-08 1.9547e-06 4.34962e-05 0.00057079 0.00441979 0.0202477 0.0555477 0.0961657 0.125268 0.160664 0.193755 0.170382 0.100647 0.0442006 0.0177719 0.00707632 0.00244728 0.000647842 0.000124069 1.67813e-05 1.57316e-06 1.00034e-07 4.22013e-09
 1.32035e-11 1.43312e-09 9.17196e-08 3.46122e-06 7.7017e-05 0.00101053 0.0078194 0.0357061 0.0965012 0.156442 0.161164 0.128603 0.110193 0.104527 0.0904878 0.0625698 0.0310669 0.0106018 0.00261262 0.000516276 8.51575e-05 1.08871e-05 9.84709e-07 5.97758e-08 2.37325e-09
 1.12025e-11 1.21592e-09 7.7819e-08 2.93666e-06 6.53459e-05 0.000857449 0.00663687 0.0303461 0.0824903 0.137047 0.154508 0.151598 0.150562 0.1268 0.0813586 0.0437938 0.0215632 0.00894155 0.00274876 0.000585043 8.52291e-05 8.70869e-06 6.411e-07 3.37805e-08 1.22446e-09
 1.58523e-11 1.72061e-09 1.10119e-07 4.15556e-06 9.24672e-05 0.00121325 0.00938813 0.042869 0.115833 0.187433 0.190863 0.144438 0.108175 0.0844213 0.0585758 0.0338293 0.0155322 0.00546657 0.0014925 0.000317163 4.97548e-05 5.38353e-06 3.85862e-07 1.81031e-08 5.57179e-10
 1.29186e-11 1.40219e-09 8.97401e-08 3.38653e-06 7.53564e-05 0.00098881 0.00765364 0.0349922 0.0950469 0.157137 0.173005 0.158549 0.144025 0.112761 0.066586 0.031123 0.0124847 0.00420628 0.00110891 0.000218189 3.12286e-05 3.18002e-06 2.23631e-07 1.04843e-08 3.17757e-10
 1.377e-11 1.49461e-09 9.56548e-08 3.60973e-06 8.03228e-05 0.00105396 0.00815735 0.0372822 0.1011 0.165901 0.177475 0.151739 0.129731 0.103859 0.0679641 0.0355791 0.0144985 0.00439593 0.000988079 0.000168348 2.16287e-05 2.01372e-06 1.30064e-07 5.64379e-09 1.60712e-10
 1.38792e-11 1.50646e-09 9.64135e-08 3.63837e-06 8.09605e-05 0.00106235 0.00822286 0.0375913 0.102029 0.167902 0.180918 0.155984 0.131962 0.101646 0.0629763 0.0315929 0.0128728 0.00404541 0.000935038 0.000154916 1.81108e-05 1.47909e-06 8.36029e-08 3.21937e-09 8.25684e-11
 1.25245e-11 1.35942e-09 8.70026e-08 3.28324e-06 7.30593e-05 0.000958726 0.00742239 0.0339602 0.0924659 0.153927 0.171955 0.159493 0.143916 0.11317 0.0698617 0.0342995 0.0134167 0.0040189 0.00089483 0.000145366 1.67678e-05 1.33015e-06 7.07359e-08 2.47985e-09 5.66759e-11
 1.39384e-11 1.51288e-09 9.68245e-08 3.65389e-06 8.13066e-05 0.00106693 0.00825913 0.0377691 0.102601 0.169162 0.182529 0.156163 0.129793 0.0998613 0.0632649 0.0321165 0.0126753 0.00372082 0.000795141 0.000122575 1.33953e-05 1.0117e-06 5.14668e-08 1.72391e-09 3.73039e-11
 1.34566e-11 1.46059e-09 9.34781e-08 3.52762e-06 7.84979e-05 0.00103013 0.00797582 0.0364991 0.0993968 0.16524 0.182531 0.162689 0.137824 0.102583 0.0606765 0.0286976 0.0108529 0.00314179 0.000667506 0.000101121 1.0654e-05 7.63564e-07 3.65384e-08 1.14824e-09 2.33291e-11
 1.12773e-11 1.22405e-09 7.83396e-08 2.95636e-06 6.57884e-05 0.000863452 0.00668855 0.0306617 0.0840234 0.142682 0.167491 0.16669 0.155338 0.121038 0.0731367 0.0345152 0.0125857 0.00342657 0.000682071 9.78849e-05 9.88892e-06 6.82166e-07 3.12682e-08 9.32781e-10 1.78327e-11
 9.2071e-12 9.99347e-10 6.39587e-08 2.41369e-06 5.37149e-05 0.000705111 0.00546526 0.0251066 0.0692986 0.120435 0.150125 0.16433 0.16641 0.138972 0.0905514 0.045617 0.0171985 0.00468505 0.000907727 0.000123921 1.17379e-05 7.5612e-07 3.24576e-08 9.10843e-10 1.64207e-11
 1.21768e-11 1.32168e-09 8.45881e-08 3.19217e-06 7.10359e-05 0.000932306 0.007221 0.0330801 0.0903593 0.151385 0.16995 0.155349 0.137659 0.113021 0.0773258 0.0414084 0.0164694 0.0046886 0.00093558 0.000128547 1.19365e-05 7.36573e-07 2.97847e-08 7.79469e-10 1.30472e-11
 1.18151e-11 1.28242e-09 8.20754e-08 3.09739e-06 6.89298e-05 0.000904806 0.00701165 0.0321767 0.0883849 0.150595 0.176081 0.169545 0.149056 0.110993 0.0663037 0.0321034 0.012353 0.00357008 0.000735132 0.000103801 9.77619e-06 6.01914e-07 2.38654e-08 6.02211e-10 9.57856e-12
 1.25674e-11 1.36408e-09 8.73018e-08 3.29463e-06 7.33195e-05 0.000962424 0.00745777 0.034213 0.0938332 0.158861 0.181979 0.168435 0.143299 0.105931 0.06274 0.0289071 0.0101099 0.00262473 0.000497439 6.70497e-05 6.19369e-06 3.78317e-07 1.4875e-08 3.69721e-10 5.73851e-12
 1.1897e-11 1.29132e-09 8.26456e-08 3.11896e-06 6.9414e-05 0.000911314 0.0070655 0.0324669 0.0894862 0.153603 0.181484 0.17493 0.15086 0.108748 0.061599 0.0270846 0.00903868 0.00221223 0.000386928 4.74267e-05 3.99082e-06 2.2529e-07 8.33397e-09 1.97685e-10 2.95282e-12
 1.22697e-11 1.33177e-09 8.52345e-08 3.21669e-06 7.15899e-05 0.000939915 0.00728769 0.0334888 0.0922586 0.15788 0.184449 0.173778 0.147025 0.105804 0.06016 0.0261341 0.00841108 0.00194967 0.000319414 3.63483e-05 2.81364e-06 1.44993e-07 4.88054e-09 1.05597e-10 1.44837e-12
 1.30665e-11 1.41825e-09 9.077e-08 3.42561e-06 7.6241e-05 0.00100101 0.00776179 0.0356665 0.098192 0.167394 0.192736 0.175276 0.141141 0.0968886 0.0528847 0.0222029 0.00694139 0.00155985 0.000245182 2.6388e-05 1.90681e-06 9.0843e-08 2.80773e-09 5.55123e-11 6.936e-13
 1.2358e-11 1.34136e-09 8.58497e-08 3.24002e-06 7.21166e-05 0.0009471 0.0073491 0.0338401 0.093698 0.162079 0.192318 0.181612 0.148321 0.0996178 0.0519406 0.0206086 0.00608288 0.00129477 0.000193335 1.97676e-05 1.35218e-06 6.05941e-08 1.74837e-09 3.20406e-11 3.68887e-13
 1.30835e-11 1.42011e-09 9.08898e-08 3.43025e-06 7.63513e-05 0.00100271 0.00778 0.0358073 0.0989402 0.169868 0.19735 0.179472 0.141685 0.0938737 0.0486382 0.0189146 0.0053506 0.00107227 0.000149379 1.4219e-05 9.06682e-07 3.79401e-08 1.02275e-09 1.74921e-11 1.87508e-13
 1.23512e-11 1.34063e-09 8.58042e-08 3.23847e-06 7.20917e-05 0.000947103 0.00735562 0.0339423 0.0944261 0.164775 0.197479 0.186051 0.148206 0.0956887 0.0474924 0.0176851 0.00481411 0.000928073 0.000123346 1.10656e-05 6.57936e-07 2.55035e-08 6.35169e-10 1.00344e-11 9.94385e-14
 1.24421e-11 1.3505e-09 8.64371e-08 3.26243e-06 7.26292e-05 0.000954285 0.0074134 0.034226 0.0952762 0.166234 0.198512 0.185479 0.146895 0.0950223 0.0471548 0.0172752 0.004536 0.000832487 0.000104738 8.87382e-06 4.96894e-07 1.80577e-08 4.19302e-10 6.14332e-12 5.62282e-14
 1.10836e-11 1.20306e-09 7.70033e-08 2.90664e-06 6.47249e-05 0.000851003 0.00662285 0.0307186 0.0865195 0.155077 0.194622 0.192807 0.157777 0.101957 0.0496951 0.0178031 0.00456229 0.000812705 9.82817e-05 7.91655e-06 4.17688e-07 1.42193e-08 3.08219e-10 4.20564e-12 3.57734e-14
 1.12185e-11 1.21772e-09 7.79421e-08 2.94217e-06 6.55202e-05 0.000861567 0.00670634 0.0311101 0.087571 0.156444 0.194619 0.190733 0.156035 0.102127 0.0503677 0.0179775 0.00450697 0.000775475 8.9935e-05 6.91376e-06 3.46455e-07 1.11411e-08 2.26865e-10 2.89376e-12 2.29204e-14
#spawning biomass
 12690.5 13757.7 14678.6 18400.2 21531.9 23365.4 27982 38254.2 50341 70627.7 85765.5 102109 134896 160955 158633 145496 117890 106804 111413 116188 118210 136477 149695 158206 163256 159438 158864 126625 90983.3 155840 154071 129246 103155 82736.6 68680.6 59705.7 54252.2 51050.9 49218.1 48187.8 47616.5 47303 47131.8 47038.1 46988.5 46962.3 46948.4 46941 46937.1 46935 46933.9 46933.4 46933.1 46932.9 46932.8 46932.8 46932.7 46932.7 46932.7 46932.7 46932.7 46932.7 46932.7 46932.7 46932.7 46932.7 46932.7 46932.7 46932.7 46932.7 46932.7 46932.7 46932.7 46932.7 46932.7 46932.7 46932.7 46932.7 46932.7 46932.7 46932.7 46932.7 46932.7 46932.7 46932.7 46932.7 46932.7 46932.7 46932.7 46932.7 46932.7 46932.7 46932.7 46932.7 46932.7 46932.7 46932.7 46932.7 46932.7 46932.7 46932.7 46932.7 46932.7 46932.7 46932.7 46932.7 46932.7 46932.7 46932.7 46932.7 46932.7 46932.7 46932.7 46932.7 46932.7 46932.7 46932.7 46932.7 46932.7 46932.7 46932.7 46932.7 46932.7 46932.7 46932.7 46932.7 46932.7 46932.7 0 0 0 0 0 0 0 0 0 0 0 0 0 0 0 0 0 0 0 0 0 0 0 0 0
