SBPRF35
0.18548
Curr Bio
165900
B35
187533
F35
0.866373
FOFL
0.783279
OFL
46533.9
Bzero
52994.1
#pred survey bio
 11488.9 14260.4 14647.4 16575.9 18843.8 22591.2 25213 29921.6 39043 50577.2 62400.5 75677.3 103083 131589 124884 103679 91205.9 93976.2 88115.5 92480.9 92402.2 94691.8 95651.7 106303 110247 116589 113440 106443 3.87168e+06 3.03095e+06 1.7738e+06 1.01381e+06 667990 515515 444506 408384 388454 376835 369853 365599 362994 361397 360414 359805 359440 359220 359088 359009 358961 358932 358914 358904 358898 358894 358891 358890 358889 358889 358888 358888 358888 358888 358888 358888 358888 358888 358888 358888 358888 358888 358888 358888 358888 358888 358888 358888 358888 358888 358888 358888 358888 358888 358888 358888 358888 358888 358888 358888 358888 358888 358888 358888 358888 358888 358888 358888 358888 358888 358888 358888 358888 358888 358888 358888 358888 358888 358888 358888 358888 358888 358888 358888 358888 358888 358888 358888 358888 358888 358888 358888 358888 358888 358888 358888 358888 358888 358888 358888 0 0 0 0 0 0 0 0 0 0 0 0 0 0 0 0 0 0 0 0 0 0 0 0 0
#obs survey bio
 9213.53 14461.6 10862.8 17224.5 21659.5 12858.1 26972.5 29261.7 44491.7 63956.4 55862.4 97982.9 104844 121015 132534 92880.7 92192.7 118440 96625.8 90799.4 103881 67669.3 93863.1 106074 131954 117308 138857 94683
#pred catch bio
 3981.76 7494.85 7575.93 9150.42 10564.8 13880.3 16254.2 20285.1 27421 35353.5 45853.4 56629 76597 104830 102571 89171.2 76111.8 82561.7 75323.9 82414 83696.1 91127.7 90535.2 103366 106912 115097 111774 99246.7 46533.9 69882.9 33093.7 16197.7 9851.7 7731.62 7074.72 6881.38 6826.51 6811.34 6807.23 6806.14 6805.85 6805.77 6805.75 6805.75 6805.74 6805.74 6805.74 6805.74 6805.74 6805.74 6805.74 6805.74 6805.74 6805.74 6805.74 6805.74 6805.74 6805.74 6805.74 6805.74 6805.74 6805.74 6805.74 6805.74 6805.74 6805.74 6805.74 6805.74 6805.74 6805.74 6805.74 6805.74 6805.74 6805.74 6805.74 6805.74 6805.74 6805.74 6805.74 6805.74 6805.74 6805.74 6805.74 6805.74 6805.74 6805.74 6805.74 6805.74 6805.74 6805.74 6805.74 6805.74 6805.74 6805.74 6805.74 6805.74 6805.74 6805.74 6805.74 6805.74 6805.74 6805.74 6805.74 6805.74 6805.74 6805.74 6805.74 6805.74 6805.74 6805.74 6805.74 6805.74 6805.74 6805.74 6805.74 6805.74 6805.74 6805.74 6805.74 6805.74 6805.74 6805.74 6805.74 6805.74 6805.74 6805.74 6805.74 6805.74 0 0 0 0 0 0 0 0 0 0 0 0 0 0 0 0 0 0 0 0 0 0 0 0 0
#obs catch bio
 7399.06 7715.32 7795.22 9322.55 10542.5 14202.8 16553.5 20322.2 27020.7 34875 45634.6 55922.9 74002.2 104897 104752 90489.3 75360.8 80856.6 74552.4 80631.5 80611.7 91020 90171.6 100707 102897 113396 109774 98976.6
#pred cpue bio
 11079.1 13643.5 13864.7 15753.4 17560.2 21223.5 23554.4 27158.8 35130.9 45899 57324.5 67374.6 90955.4 121010 117911 96610.8 82394 86077.5 79532.9 83350.5 82848.5 84050 83142.3 93185 96169.2 101912 100513 93915.6 3.44615e+06 3.26748e+06 1.77704e+06 1.00554e+06 659232 506737 435727 399605 379675 368055 361074 356820 354215 352618 351635 351026 350660 350441 350309 350229 350181 350153 350135 350125 350118 350114 350112 350111 350110 350109 350109 350109 350109 350109 350108 350108 350108 350108 350108 350108 350108 350108 350108 350108 350108 350108 350108 350108 350108 350108 350108 350108 350108 350108 350108 350108 350108 350108 350108 350108 350108 350108 350108 350108 350108 350108 350108 350108 350108 350108 350108 350108 350108 350108 350108 350108 350108 350108 350108 350108 350108 350108 350108 350108 350108 350108 350108 350108 350108 350108 350108 350108 350108 350108 350108 350108 350108 350108 350108 350108 0 0 0 0 0 0 0 0 0 0 0 0 0 0 0 0 0 0 0 0 0 0 0 0 0
#obs cpue bio
 11993.6 8852.08 8431.44 17702.8 17785.5 18664 20780.1 30855.7 42710.3 41766.1 63534.3 77435.7 144754 99928.7 75107.4 105419 87402.1 110984 72594.9 138823 135258 100994 89504 165205 150123 107330 117802 109071
#pred surv len freq
 2.56247e-27 2.58626e-27 3.10575e-26 6.01181e-20 1.47372e-14 4.36691e-10 1.56415e-06 0.000677218 0.0354432 0.224224 0.171887 0.0424053 0.202005 0.18637 0.0386311 0.0414801 0.0170609 0.0121534 0.00724733 0.00537235 0.00412699 0.00350427 0.00345662 0.00303191 0.000921886
 2.56238e-27 2.58641e-27 3.1532e-26 6.11203e-20 1.49829e-14 4.4397e-10 1.59023e-06 0.000688508 0.036034 0.227961 0.174695 0.0394676 0.177679 0.164808 0.0510067 0.0750658 0.0261928 0.012035 0.00541091 0.00305384 0.00190981 0.00138358 0.0012043 0.0010526 0.000350213
 2.5635e-27 2.58919e-27 3.37092e-26 6.57121e-20 1.61085e-14 4.77325e-10 1.7097e-06 0.000740234 0.0387412 0.245088 0.187803 0.0414556 0.183596 0.1696 0.0396979 0.0482386 0.0206931 0.0151365 0.00532337 0.001921 0.000823856 0.000455217 0.000326252 0.000266559 9.16534e-05
 2.56332e-27 2.58863e-27 3.31338e-26 6.44982e-20 1.5811e-14 4.68507e-10 1.67811e-06 0.000726559 0.0380255 0.24056 0.184358 0.0421862 0.191578 0.176955 0.0408869 0.0489144 0.0180692 0.00993567 0.00472376 0.00212727 0.000571197 0.000192028 9.75538e-05 6.81067e-05 2.31168e-05
 2.56458e-27 2.59199e-27 3.60515e-26 7.0653e-20 1.73197e-14 5.13214e-10 1.83825e-06 0.000795891 0.0416541 0.263515 0.201879 0.0417523 0.175966 0.162491 0.0373092 0.0443697 0.0162801 0.0086341 0.0032928 0.00138182 0.000505477 0.000118339 3.19766e-05 1.59861e-05 5.0635e-06
 2.56424e-27 2.59096e-27 3.50289e-26 6.84954e-20 1.67908e-14 4.97542e-10 1.78211e-06 0.000771587 0.0403821 0.255468 0.195753 0.042934 0.189262 0.174581 0.0362017 0.038773 0.0141642 0.00744272 0.00279152 0.00104094 0.00032063 8.95287e-05 1.61818e-05 4.09134e-06 1.07823e-06
 2.5646e-27 2.59191e-27 3.58291e-26 7.01832e-20 1.72046e-14 5.09802e-10 1.82603e-06 0.0007906 0.0413771 0.261763 0.200561 0.0429736 0.186187 0.171717 0.0352539 0.0372834 0.0129633 0.00587366 0.00216816 0.000796701 0.000224014 5.37566e-05 9.92287e-06 1.34004e-06 2.20748e-07
 2.56622e-27 2.59621e-27 3.95618e-26 7.80575e-20 1.91348e-14 5.67e-10 2.0309e-06 0.000879301 0.0460195 0.291132 0.222978 0.0424831 0.166703 0.153615 0.0298317 0.0294475 0.010181 0.00451582 0.00153445 0.000502711 0.000137862 3.03054e-05 4.90523e-06 5.34305e-07 4.49954e-08
 2.56675e-27 2.59754e-27 4.06158e-26 8.02804e-20 1.96798e-14 5.83147e-10 2.08873e-06 0.000904342 0.04733 0.299423 0.22932 0.0431291 0.167165 0.153842 0.0262728 0.0212376 0.00713495 0.0028852 0.000963771 0.000301068 7.27808e-05 1.49754e-05 2.19561e-06 2.04009e-07 1.09744e-08
 2.56638e-27 2.59649e-27 3.96504e-26 7.82438e-20 1.91805e-14 5.68353e-10 2.03575e-06 0.0008814 0.0461293 0.291827 0.223529 0.0437392 0.175876 0.161826 0.0267104 0.0201988 0.0064067 0.00201424 0.000627806 0.000181658 4.20024e-05 7.71758e-06 1.02337e-06 8.40832e-08 3.53399e-09
 2.56576e-27 2.59481e-27 3.81767e-26 7.51349e-20 1.84184e-14 5.45771e-10 1.95486e-06 0.00084638 0.0442965 0.280232 0.21468 0.0440117 0.184167 0.169522 0.028888 0.0232243 0.00726954 0.00210417 0.000587442 0.000136358 2.8552e-05 4.89535e-06 5.79634e-07 4.21816e-08 1.51514e-09
 2.56725e-27 2.59886e-27 4.17607e-26 8.26958e-20 2.02719e-14 6.00692e-10 2.15158e-06 0.000931551 0.048754 0.308431 0.236195 0.0429417 0.160908 0.148055 0.025031 0.0198348 0.00629034 0.00195432 0.000535641 0.000112198 1.91653e-05 2.78077e-06 2.98801e-07 1.92475e-08 6.03414e-10
 2.56769e-27 2.6e-27 4.27116e-26 8.47015e-20 2.07636e-14 6.15261e-10 2.20376e-06 0.000954145 0.0499365 0.315912 0.241911 0.0431745 0.158663 0.145865 0.0224935 0.014592 0.00459479 0.00140463 0.000393594 8.66871e-05 1.38509e-05 1.66181e-06 1.45067e-07 8.2391e-09 2.26656e-10
 2.56581e-27 2.59486e-27 3.81309e-26 7.5038e-20 1.83947e-14 5.45067e-10 1.95234e-06 0.000845288 0.0442393 0.27987 0.214416 0.0447745 0.190157 0.174882 0.0268097 0.0171201 0.00519015 0.0012642 0.000341461 7.4739e-05 1.24319e-05 1.45396e-06 1.05426e-07 4.79411e-09 1.1383e-10
 2.56437e-27 2.59098e-27 3.47145e-26 6.78308e-20 1.66279e-14 4.92714e-10 1.76482e-06 0.0007641 0.0399902 0.25299 0.193904 0.0456461 0.211201 0.194339 0.0309357 0.0216317 0.0065546 0.00156524 0.000393115 7.08357e-05 1.13579e-05 1.35583e-06 9.67368e-08 3.67627e-09 6.97379e-11
 2.56505e-27 2.59286e-27 3.64164e-26 7.14212e-20 1.75081e-14 5.18795e-10 1.85824e-06 0.000804545 0.042107 0.266381 0.204116 0.0448193 0.197734 0.181982 0.0300173 0.0226555 0.00697916 0.00184162 0.000467153 8.10318e-05 1.11817e-05 1.18477e-06 8.46097e-08 3.13269e-09 4.9957e-11
 2.56667e-27 2.5972e-27 4.02055e-26 7.94145e-20 1.94675e-14 5.76857e-10 2.0662e-06 0.000894588 0.0468195 0.296193 0.22687 0.0441538 0.176684 0.162443 0.0245013 0.0149945 0.00466727 0.00134499 0.000355118 6.69989e-05 9.17195e-06 8.6748e-07 5.34279e-08 1.92321e-09 2.94483e-11
 2.56604e-27 2.59546e-27 3.86349e-26 7.6101e-20 1.86553e-14 5.52789e-10 1.98e-06 0.000857263 0.044866 0.283835 0.217445 0.0448818 0.188846 0.173613 0.0255151 0.0144837 0.00434102 0.000992278 0.000260236 5.33177e-05 7.84094e-06 7.68971e-07 4.31823e-08 1.3436e-09 1.95127e-11
 2.56675e-27 2.59737e-27 4.0319e-26 7.96539e-20 1.95262e-14 5.78596e-10 2.07243e-06 0.000897284 0.0469606 0.297086 0.227556 0.0444314 0.178314 0.163883 0.0235938 0.0125486 0.00371713 0.000783159 0.000189351 3.20864e-05 4.85212e-06 5.1747e-07 3.05654e-08 8.84365e-10 1.12205e-11
 2.56681e-27 2.59755e-27 4.04791e-26 7.99916e-20 1.9609e-14 5.81049e-10 2.08122e-06 0.000901089 0.0471597 0.298346 0.228517 0.0443711 0.17718 0.162841 0.023489 0.0125699 0.00369467 0.000727771 0.000170315 2.63455e-05 3.4158e-06 3.36526e-07 2.14285e-08 6.54006e-10 7.83703e-12
 2.56707e-27 2.59823e-27 4.10566e-26 8.12098e-20 1.99076e-14 5.89898e-10 2.11291e-06 0.000914811 0.0478779 0.302889 0.231986 0.044384 0.174841 0.160638 0.0222843 0.0103778 0.00304092 0.000602398 0.000138981 2.01498e-05 2.4381e-06 2.08274e-07 1.17863e-08 3.7542e-10 4.73112e-12
 2.56752e-27 2.59943e-27 4.21164e-26 8.34455e-20 2.04556e-14 6.06137e-10 2.17108e-06 0.000939996 0.049196 0.311228 0.238349 0.0441101 0.168286 0.154579 0.0210468 0.00907866 0.00261523 0.000451651 0.00010132 1.46925e-05 1.71057e-06 1.34959e-07 6.67421e-09 1.87572e-10 2.3941e-12
 2.56839e-27 2.60178e-27 4.41812e-26 8.78014e-20 2.15234e-14 6.37778e-10 2.28441e-06 0.000989064 0.0517641 0.327474 0.250747 0.0436331 0.155945 0.143157 0.0183904 0.00589676 0.00166832 0.000267629 5.73046e-05 7.35764e-06 8.3276e-07 6.4202e-08 2.93677e-09 7.23129e-11 8.16293e-13
 2.56806e-27 2.60088e-27 4.33716e-26 8.60934e-20 2.11048e-14 6.25372e-10 2.23998e-06 0.000969824 0.0507571 0.321104 0.245888 0.0439562 0.161818 0.148559 0.0190336 0.00600128 0.00166135 0.000204701 3.9907e-05 4.75273e-06 4.92065e-07 3.47029e-08 1.54109e-09 3.529e-11 3.50515e-13
 2.56826e-27 2.60142e-27 4.38447e-26 8.70914e-20 2.13494e-14 6.32621e-10 2.26594e-06 0.000981067 0.0513455 0.324826 0.248728 0.0438315 0.158873 0.145837 0.0184694 0.00540015 0.00148834 0.000180593 3.35703e-05 3.13505e-06 2.88034e-07 1.84383e-08 7.38662e-10 1.60448e-11 1.48657e-13
 2.56818e-27 2.60119e-27 4.36466e-26 8.66735e-20 2.1247e-14 6.29585e-10 2.25507e-06 0.000976359 0.0510991 0.323267 0.247539 0.043913 0.160329 0.147176 0.0186164 0.00539807 0.0014811 0.000168875 3.05914e-05 2.78836e-06 2.26491e-07 1.15968e-08 4.1148e-10 8.01625e-12 6.91921e-14
 2.56764e-27 2.59971e-27 4.23145e-26 8.38632e-20 2.0558e-14 6.09172e-10 2.18195e-06 0.000944701 0.0494423 0.312786 0.239544 0.0444663 0.170156 0.156207 0.0195544 0.00526368 0.00143824 0.000162845 2.91736e-05 2.51053e-06 1.97213e-07 9.34127e-09 2.69273e-10 4.41855e-12 3.39582e-14
 2.56781e-27 2.60017e-27 4.27351e-26 8.47506e-20 2.07756e-14 6.15618e-10 2.20504e-06 0.000954698 0.0499654 0.316095 0.242068 0.0442571 0.166792 0.153123 0.0193758 0.00563199 0.0015392 0.000164233 2.86715e-05 2.44572e-06 1.86972e-07 8.36635e-09 2.25814e-10 3.10501e-12 1.96034e-14
#obs surv len freq
 1.24506e-41 1.72806e-33 2.89918e-26 5.87949e-20 1.44129e-14 4.2708e-10 1.52973e-06 0.00066232 0.0346632 0.21929 0.168179 0.041648 0.169975 0.142359 0.0895978 0.0849896 0.0337019 0.0121883 0.00245854 0.000273231 1.24205e-05 1.69454e-07 5.22495e-10 2.96408e-13 2.7069e-17
 1.56264e-41 2.16884e-33 3.63869e-26 7.37918e-20 1.80892e-14 5.36016e-10 1.91992e-06 0.00083126 0.0435048 0.275225 0.210926 0.0426897 0.142034 0.113146 0.0738112 0.0642886 0.0241275 0.0078659 0.00140949 0.000133505 4.9187e-06 5.16859e-08 1.18378e-10 4.87817e-14 3.19156e-18
 1.2953e-41 1.79779e-33 3.01616e-26 6.11672e-20 1.49944e-14 4.44312e-10 1.59145e-06 0.000689044 0.0360618 0.228139 0.175213 0.0518105 0.204147 0.150014 0.072904 0.0549449 0.0194755 0.0056504 0.000877414 6.92453e-05 2.03663e-06 1.63676e-08 2.77359e-11 8.28115e-15 3.87817e-19
 1.55503e-41 2.15828e-33 3.62096e-26 7.34322e-20 1.80011e-14 5.33404e-10 1.91057e-06 0.000827209 0.0432928 0.273884 0.210074 0.0473334 0.149669 0.109609 0.0852361 0.060003 0.0158064 0.0037318 0.000498993 3.21636e-05 7.3983e-07 4.49264e-09 5.60473e-12 1.21011e-15 4.05204e-20
 1.53951e-41 2.13673e-33 3.58481e-26 7.26993e-20 1.78214e-14 5.2808e-10 1.8915e-06 0.000818953 0.0428607 0.271151 0.20823 0.0553351 0.180036 0.118731 0.0638363 0.0416407 0.0141537 0.00291393 0.00027634 1.37883e-05 2.43289e-07 1.0977e-09 9.9795e-13 1.55095e-16 3.70716e-21
 1.3508e-41 1.87482e-33 3.1454e-26 6.37881e-20 1.56369e-14 4.6335e-10 1.65965e-06 0.000718569 0.0376071 0.237916 0.183101 0.0613232 0.205773 0.131201 0.0830094 0.0462487 0.0108212 0.00208024 0.000192215 6.85425e-06 8.50729e-08 2.78248e-10 1.81925e-13 2.01671e-17 3.42271e-22
 1.56601e-41 2.17351e-33 3.64652e-26 7.39507e-20 1.81281e-14 5.3717e-10 1.92406e-06 0.00083305 0.0435985 0.27582 0.212012 0.0580906 0.165534 0.104958 0.0831828 0.0438459 0.0104632 0.00154872 0.000107788 3.32894e-06 3.0208e-08 6.66866e-11 3.01938e-14 2.35211e-18 2.80969e-23
 1.7316e-41 2.40335e-33 4.03212e-26 8.17705e-20 2.00451e-14 5.93973e-10 2.12751e-06 0.00092114 0.0482088 0.304987 0.234486 0.0627536 0.163142 0.0926745 0.0566406 0.0277841 0.00731863 0.00102297 5.81131e-05 1.2875e-06 8.93257e-09 1.43942e-11 4.41073e-15 2.31111e-19 1.89253e-24
 1.65487e-41 2.29686e-33 3.85345e-26 7.81473e-20 1.91569e-14 5.67653e-10 2.03324e-06 0.000880324 0.0460727 0.291475 0.224577 0.0713287 0.185122 0.098146 0.0551102 0.0222981 0.00439666 0.000560733 3.02399e-05 5.38018e-07 2.6418e-09 3.0216e-12 6.63867e-16 2.41277e-20 1.33377e-25
 1.53519e-41 2.13074e-33 3.57477e-26 7.24955e-20 1.77714e-14 5.266e-10 1.88619e-06 0.000816657 0.0427406 0.270398 0.208922 0.0785901 0.199885 0.10468 0.0662396 0.0235794 0.00377894 0.000353274 1.46059e-05 2.22633e-07 8.67158e-10 7.06379e-13 1.06825e-16 2.70252e-21 1.04544e-26
 1.46786e-41 2.03729e-33 3.41798e-26 6.9316e-20 1.6992e-14 5.03504e-10 1.80347e-06 0.00078084 0.0408661 0.258542 0.200302 0.0841726 0.203719 0.107293 0.0749976 0.0250181 0.00399332 0.000304655 8.90458e-06 9.55775e-08 2.85487e-10 1.79605e-13 1.97881e-17 3.47906e-22 9.22042e-28
 1.88187e-41 2.61191e-33 4.38201e-26 8.88664e-20 2.17845e-14 6.45516e-10 2.31213e-06 0.00100107 0.0523922 0.331459 0.255598 0.0729967 0.140846 0.0737346 0.0526411 0.0165071 0.00263353 0.000183117 4.47203e-06 3.38935e-08 6.7735e-11 2.99833e-14 2.42964e-18 3.13899e-23 5.9591e-29
 1.56914e-41 2.17786e-33 3.65382e-26 7.40986e-20 1.81644e-14 5.38245e-10 1.9279e-06 0.000834716 0.0436857 0.27639 0.215249 0.102304 0.213894 0.090293 0.0430918 0.0122538 0.00187875 0.000120075 2.63178e-06 1.62556e-08 2.34787e-11 6.93727e-15 3.75235e-19 3.35496e-24 4.53846e-30
 1.2725e-41 1.76615e-33 2.96308e-26 6.00906e-20 1.47305e-14 4.36492e-10 1.56344e-06 0.000676917 0.0354272 0.224153 0.176456 0.113739 0.233438 0.119345 0.0779281 0.0170018 0.00173772 9.34736e-05 1.80471e-06 9.46799e-09 1.09521e-11 2.39923e-15 8.98481e-20 5.36479e-25 4.84061e-31
 1.14703e-41 1.59201e-33 2.67092e-26 5.41658e-20 1.32781e-14 3.93454e-10 1.40929e-06 0.000610174 0.0319341 0.202064 0.160348 0.11734 0.227197 0.135369 0.0982296 0.023992 0.00280435 0.000108155 1.44749e-06 6.03988e-09 5.64684e-12 9.70871e-16 2.7428e-20 1.18443e-25 7.45009e-32
 1.56129e-41 2.16697e-33 3.63553e-26 7.37279e-20 1.80735e-14 5.35552e-10 1.91826e-06 0.00083054 0.0434672 0.275024 0.215379 0.100928 0.165614 0.103922 0.0734593 0.018894 0.00238323 9.63718e-05 1.10938e-06 3.15704e-09 2.07807e-12 2.69334e-16 5.80867e-21 1.89157e-26 8.80611e-33
 1.40848e-41 1.95488e-33 3.27971e-26 6.65119e-20 1.63046e-14 4.83136e-10 1.73051e-06 0.000749253 0.039213 0.24814 0.197861 0.135901 0.215061 0.0970997 0.0514621 0.0128549 0.00159062 6.53985e-05 7.4845e-07 1.89073e-09 9.26464e-13 8.16688e-17 1.22178e-21 2.87258e-27 9.84464e-34
 1.46307e-41 2.03064e-33 3.40682e-26 6.90896e-20 1.69365e-14 5.0186e-10 1.79758e-06 0.00077829 0.0407327 0.257764 0.205551 0.13007 0.190101 0.107497 0.0568468 0.00972648 0.000897495 3.3504e-05 3.58274e-07 8.36709e-10 3.58843e-13 2.52758e-17 2.74772e-22 4.4441e-28 1.04104e-34
 1.4398e-41 1.99835e-33 3.35265e-26 6.79911e-20 1.66672e-14 4.9388e-10 1.769e-06 0.000765916 0.0400851 0.253696 0.204538 0.1445 0.195861 0.101554 0.0491784 0.00908754 0.000714021 1.8111e-05 1.49709e-07 2.97738e-10 1.09715e-13 6.52084e-18 5.77671e-23 7.26538e-29 1.25894e-35
 1.55945e-41 2.16441e-33 3.63125e-26 7.3641e-20 1.80522e-14 5.34921e-10 1.916e-06 0.000829561 0.0434161 0.274788 0.221335 0.141389 0.174984 0.0947621 0.0414782 0.00654207 0.000463976 1.03943e-05 6.19427e-08 8.59854e-11 2.40857e-14 1.14095e-18 8.12228e-24 8.15199e-30 1.11147e-36
 1.50498e-41 2.08882e-33 3.50443e-26 7.10691e-20 1.74217e-14 5.16238e-10 1.84908e-06 0.000800588 0.0418999 0.265249 0.217213 0.160369 0.184613 0.0897513 0.0346713 0.00511743 0.000308978 5.72257e-06 2.82076e-08 2.95638e-11 5.74242e-15 1.89745e-19 9.85393e-25 7.4598e-31 7.78408e-38
 1.55279e-41 2.15516e-33 3.61574e-26 7.33264e-20 1.79751e-14 5.32635e-10 1.90781e-06 0.000826017 0.0432308 0.273708 0.225098 0.160269 0.172448 0.0895547 0.030909 0.00376228 0.000189635 2.91013e-06 1.13232e-08 9.23513e-12 1.36197e-15 3.24788e-20 1.17048e-25 6.11364e-32 4.47888e-39
 1.55439e-41 2.15739e-33 3.61947e-26 7.34021e-20 1.79937e-14 5.33185e-10 1.90978e-06 0.00082687 0.0432756 0.27406 0.228374 0.171101 0.170493 0.0828784 0.0259139 0.00295143 0.000122924 1.46744e-06 4.44055e-09 2.77055e-12 3.06806e-16 5.44657e-21 1.44362e-26 5.43129e-33 2.80293e-40
 1.59299e-41 2.21096e-33 3.70935e-26 7.52249e-20 1.84405e-14 5.46426e-10 1.95721e-06 0.000847404 0.0443505 0.280931 0.235934 0.174077 0.162098 0.0780761 0.0215 0.00210834 7.50456e-05 7.34926e-07 1.69192e-09 7.82024e-13 6.40387e-17 8.36436e-22 1.62036e-27 4.43748e-34 1.6614e-41
 1.58903e-41 2.20547e-33 3.70013e-26 7.50378e-20 1.83946e-14 5.45067e-10 1.95234e-06 0.000845296 0.0442405 0.280344 0.239225 0.184054 0.159745 0.0722915 0.0176803 0.00152746 4.47099e-05 3.50643e-07 6.33957e-10 2.21307e-13 1.32255e-17 1.24506e-22 1.73765e-28 3.4309e-35 9.25264e-43
 1.37103e-41 1.9029e-33 3.19251e-26 6.47434e-20 1.58711e-14 4.70289e-10 1.6845e-06 0.00072933 0.038172 0.242183 0.218565 0.21698 0.18333 0.0811944 0.0175133 0.00130081 3.15733e-05 1.97757e-07 2.74876e-10 7.24873e-14 3.22742e-18 2.22293e-23 2.23269e-29 3.14296e-36 6.02668e-44
 1.39885e-41 1.94152e-33 3.2573e-26 6.60573e-20 1.61932e-14 4.79833e-10 1.71868e-06 0.000744132 0.0389471 0.247184 0.223288 0.205025 0.176917 0.0890254 0.0176968 0.0011488 2.28364e-05 1.13034e-07 1.20808e-10 2.39037e-14 7.8511e-19 3.95585e-24 2.89087e-30 2.94235e-37 4.04977e-45
 1.46593e-41 2.03461e-33 3.41348e-26 6.92247e-20 1.69696e-14 5.02841e-10 1.8011e-06 0.000779813 0.0408145 0.258985 0.231811 0.202945 0.169163 0.0784293 0.0159807 0.00106954 1.95512e-05 8.34594e-08 7.45027e-11 1.21281e-14 3.24903e-19 1.32603e-24 7.8083e-31 6.38574e-38 7.05433e-46
#pred catch len freq
 2.55956e-27 2.57834e-27 2.40577e-26 4.53515e-20 1.11174e-14 3.29428e-10 1.17996e-06 0.000510876 0.0267374 0.169149 0.129866 0.0444716 0.247253 0.228082 0.0452327 0.046063 0.0188744 0.013367 0.00796492 0.0059025 0.00453402 0.00384986 0.0037975 0.00333091 0.0010128
 2.56026e-27 2.58069e-27 2.64787e-26 5.046e-20 1.23697e-14 3.66535e-10 1.31287e-06 0.000568422 0.0297491 0.188202 0.144357 0.0408427 0.209459 0.194152 0.0565174 0.0802582 0.0279393 0.0127517 0.00572779 0.00323144 0.00202075 0.00146394 0.00127424 0.00111374 0.000370553
 2.56128e-27 2.58316e-27 2.83736e-26 5.44564e-20 1.33493e-14 3.95565e-10 1.41685e-06 0.00061344 0.0321052 0.203107 0.155773 0.0430731 0.21841 0.201699 0.044903 0.0520547 0.0222439 0.0161805 0.00568733 0.00205134 0.000879683 0.000486058 0.000348354 0.000284618 9.78627e-05
 2.56127e-27 2.58305e-27 2.81873e-26 5.40631e-20 1.32529e-14 3.92708e-10 1.40661e-06 0.000609009 0.0318734 0.20164 0.154665 0.0437828 0.22459 0.207382 0.0456014 0.052017 0.0191585 0.0104674 0.00497242 0.00223847 0.000601016 0.000202048 0.000102644 7.16604e-05 2.4323e-05
 2.56257e-27 2.58653e-27 3.12093e-26 6.0438e-20 1.48156e-14 4.39014e-10 1.57247e-06 0.000680822 0.0356317 0.225417 0.172812 0.0432956 0.208132 0.192143 0.0419979 0.0476085 0.0174175 0.00917827 0.00349763 0.00146712 0.000536643 0.000125634 3.39475e-05 1.69715e-05 5.3756e-06
 2.56251e-27 2.58623e-27 3.08177e-26 5.96113e-20 1.4613e-14 4.33009e-10 1.55097e-06 0.000671509 0.0351444 0.222334 0.170476 0.0444116 0.218266 0.201291 0.0399345 0.0405665 0.0147746 0.00771366 0.00289092 0.00107752 0.000331873 9.26664e-05 1.67489e-05 4.23472e-06 1.11602e-06
 2.56305e-27 2.58765e-27 3.20375e-26 6.21844e-20 1.52438e-14 4.517e-10 1.61791e-06 0.000700494 0.0366613 0.23193 0.177803 0.0443445 0.212608 0.196042 0.0385263 0.0386249 0.0133935 0.00602812 0.00222326 0.000816584 0.000229587 5.50928e-05 1.01695e-05 1.37334e-06 2.26234e-07
 2.56491e-27 2.59262e-27 3.63582e-26 7.1299e-20 1.74781e-14 5.17907e-10 1.85506e-06 0.000803169 0.042035 0.265925 0.20375 0.0436725 0.189265 0.17438 0.0325125 0.030335 0.0104589 0.00460808 0.00156449 0.000512306 0.000140481 3.08805e-05 4.99832e-06 5.44444e-07 4.58492e-08
 2.56558e-27 2.59433e-27 3.77455e-26 7.42252e-20 1.81954e-14 5.39163e-10 1.93119e-06 0.000836132 0.0437601 0.276839 0.212092 0.0442423 0.187739 0.172768 0.0285421 0.0216479 0.00725182 0.00291251 0.000972016 0.000303497 7.33617e-05 1.50946e-05 2.21308e-06 2.05632e-07 1.10617e-08
 2.56516e-27 2.59314e-27 3.66497e-26 7.19134e-20 1.76287e-14 5.2237e-10 1.87104e-06 0.000810089 0.0423971 0.268216 0.205519 0.0449091 0.197432 0.181654 0.0290674 0.020582 0.00651143 0.00203279 0.000632895 0.000183039 4.23177e-05 7.77533e-06 1.03103e-06 8.47121e-08 3.56042e-09
 2.56474e-27 2.59202e-27 3.56756e-26 6.98585e-20 1.7125e-14 5.07444e-10 1.81758e-06 0.000786942 0.0411857 0.260552 0.199669 0.0450307 0.202468 0.186346 0.0307228 0.0231723 0.00723618 0.00207976 0.000579975 0.000134551 2.81706e-05 4.82984e-06 5.71875e-07 4.1617e-08 1.49486e-09
 2.56638e-27 2.59648e-27 3.9627e-26 7.81945e-20 1.91684e-14 5.67995e-10 2.03446e-06 0.000880844 0.0461002 0.291643 0.22339 0.0438157 0.176555 0.16244 0.0265834 0.0197529 0.00624884 0.00192781 0.000527831 0.000110502 1.88733e-05 2.73832e-06 2.94237e-07 1.89536e-08 5.94199e-10
 2.56679e-27 2.59753e-27 4.04995e-26 8.00348e-20 1.96196e-14 5.81363e-10 2.08234e-06 0.000901575 0.0471852 0.298507 0.228635 0.0440694 0.174801 0.160703 0.0241338 0.0145969 0.00458326 0.00139126 0.000389434 8.57246e-05 1.36956e-05 1.64312e-06 1.43435e-07 8.14642e-09 2.24106e-10
 2.56518e-27 2.59312e-27 3.65621e-26 7.17283e-20 1.75833e-14 5.21025e-10 1.86623e-06 0.000808004 0.042288 0.267526 0.205001 0.0454782 0.202127 0.185872 0.027761 0.0165221 0.00499595 0.00120829 0.000325932 7.13009e-05 1.18587e-05 1.38689e-06 1.00562e-07 4.5729e-09 1.08577e-10
 2.56391e-27 2.58968e-27 3.35331e-26 6.53384e-20 1.60169e-14 4.7461e-10 1.69997e-06 0.000736024 0.0385208 0.243694 0.186815 0.0462511 0.220786 0.203124 0.0314211 0.0205264 0.00620493 0.00147128 0.000369037 6.6459e-05 1.06548e-05 1.27185e-06 9.07444e-08 3.44854e-09 6.54179e-11
 2.5649e-27 2.59241e-27 3.59918e-26 7.05255e-20 1.72885e-14 5.12288e-10 1.83493e-06 0.000794455 0.0415789 0.26304 0.201571 0.0451794 0.202263 0.186107 0.0297613 0.0210317 0.00646373 0.00169357 0.000429095 7.43883e-05 1.02636e-05 1.08745e-06 7.76592e-08 2.87534e-09 4.58531e-11
 2.56632e-27 2.59622e-27 3.93174e-26 7.75409e-20 1.90082e-14 5.63248e-10 2.01746e-06 0.000873483 0.0457149 0.289205 0.221541 0.0446097 0.183897 0.169055 0.0248704 0.0141704 0.004398 0.00125847 0.000331911 6.25856e-05 8.56673e-06 8.1021e-07 4.99003e-08 1.79623e-09 2.7504e-11
 2.56599e-27 2.5953e-27 3.84701e-26 7.57533e-20 1.857e-14 5.50263e-10 1.97095e-06 0.000853345 0.044661 0.282538 0.216458 0.0450832 0.191071 0.175631 0.0252223 0.0133074 0.00397738 0.000902737 0.000236425 4.84124e-05 7.11875e-06 6.98123e-07 3.92034e-08 1.2198e-09 1.77148e-11
 2.56652e-27 2.59674e-27 3.97393e-26 7.84308e-20 1.92264e-14 5.69711e-10 2.04061e-06 0.000883506 0.0462395 0.292524 0.224078 0.0447607 0.183264 0.168414 0.023728 0.0117138 0.00345994 0.000723848 0.000174756 2.95961e-05 4.47491e-06 4.77227e-07 2.81881e-08 8.15582e-10 1.03478e-11
 2.56684e-27 2.59762e-27 4.05223e-26 8.00826e-20 1.96313e-14 5.8171e-10 2.08359e-06 0.000902114 0.0472134 0.298685 0.228778 0.0444794 0.177821 0.163403 0.0230631 0.0114573 0.0033583 0.000656886 0.000153489 2.3729e-05 3.07611e-06 3.03048e-07 1.92966e-08 5.8894e-10 7.05733e-12
 2.56719e-27 2.59854e-27 4.13226e-26 8.17709e-20 2.00452e-14 5.93974e-10 2.12751e-06 0.000921133 0.0482088 0.304982 0.233584 0.0443903 0.173765 0.159625 0.0217308 0.00937058 0.0027371 0.000538418 0.000124031 1.79718e-05 2.17423e-06 1.85726e-07 1.05102e-08 3.34774e-10 4.21888e-12
 2.56801e-27 2.60077e-27 4.33044e-26 8.59516e-20 2.107e-14 6.24342e-10 2.23629e-06 0.000968227 0.0506735 0.320575 0.245481 0.0437645 0.160645 0.147526 0.0197402 0.00787493 0.00226104 0.000387791 8.6842e-05 1.25857e-05 1.46506e-06 1.15584e-07 5.716e-09 1.60642e-10 2.05038e-12
 2.56873e-27 2.6027e-27 4.49984e-26 8.95253e-20 2.19461e-14 6.50301e-10 2.32927e-06 0.00100848 0.0527804 0.333904 0.255652 0.0433826 0.150592 0.138218 0.0175308 0.00518014 0.00145924 0.000232492 4.96883e-05 6.37599e-06 7.21528e-07 5.56243e-08 2.54439e-09 6.26509e-11 7.07224e-13
 2.56858e-27 2.60229e-27 4.46249e-26 8.87373e-20 2.17529e-14 6.44577e-10 2.30877e-06 0.000999607 0.0523158 0.330964 0.253411 0.0435406 0.15337 0.140772 0.0178111 0.0051745 0.00142643 0.000174627 3.39615e-05 4.04223e-06 4.18427e-07 2.95083e-08 1.3104e-09 3.00072e-11 2.98044e-13
 2.56875e-27 2.60274e-27 4.50267e-26 8.95849e-20 2.19607e-14 6.50734e-10 2.33082e-06 0.00100916 0.0528156 0.334126 0.255823 0.0434343 0.150866 0.138458 0.0173328 0.00466669 0.00128035 0.000154362 2.86245e-05 2.67162e-06 2.45399e-07 1.57083e-08 6.29289e-10 1.3669e-11 1.26645e-13
 2.56878e-27 2.60284e-27 4.51125e-26 8.9766e-20 2.20051e-14 6.52049e-10 2.33553e-06 0.0010112 0.0529223 0.334801 0.256338 0.0434075 0.1503 0.137935 0.0172483 0.00460521 0.00125781 0.000142517 2.57499e-05 2.3457e-06 1.9049e-07 9.75302e-09 3.46053e-10 6.74162e-12 5.81902e-14
 2.56826e-27 2.6014e-27 4.38196e-26 8.70385e-20 2.13364e-14 6.32237e-10 2.26457e-06 0.00098047 0.0513143 0.324628 0.248579 0.0439415 0.159815 0.146682 0.018168 0.00450084 0.00122376 0.000137694 2.46038e-05 2.11605e-06 1.66184e-07 7.87115e-09 2.26892e-10 3.7231e-12 2.86134e-14
 2.56807e-27 2.60088e-27 4.33581e-26 8.60649e-20 2.10978e-14 6.25165e-10 2.23923e-06 0.000969503 0.0507403 0.320997 0.245808 0.0440742 0.162772 0.149412 0.0186897 0.00500235 0.00136097 0.000144328 2.51269e-05 2.14212e-06 1.63721e-07 7.32559e-09 1.97721e-10 2.71871e-12 1.71645e-14
#obs catch len freq
 5.96663e-42 8.28129e-34 1.38936e-26 2.81759e-20 6.90699e-15 2.04667e-10 7.33083e-07 0.0003174 0.0166114 0.10509 0.0810133 0.042394 0.227174 0.191835 0.131977 0.127594 0.0521133 0.0193463 0.00404349 0.00046807 2.23216e-05 3.18862e-07 1.02395e-09 6.0242e-13 5.68607e-17
 6.84341e-42 9.4982e-34 1.59352e-26 3.23163e-20 7.92195e-15 2.34742e-10 8.40807e-07 0.000364041 0.0190524 0.120533 0.0929155 0.0460778 0.229354 0.184221 0.129182 0.114633 0.0451568 0.0153263 0.00288623 0.00028635 1.10538e-05 1.21534e-07 2.89791e-10 1.23591e-13 8.33048e-18
 1.03894e-41 1.44198e-33 2.41923e-26 4.90615e-20 1.20268e-14 3.56377e-10 1.27649e-06 0.000552674 0.0289248 0.182988 0.140678 0.0482175 0.201921 0.154025 0.109507 0.0885564 0.0328395 0.0099874 0.00165868 0.000139011 4.30696e-06 3.61927e-08 6.37819e-11 1.96999e-14 9.49646e-19
 8.80812e-42 1.22251e-33 2.05101e-26 4.15942e-20 1.01963e-14 3.02136e-10 1.0822e-06 0.000468555 0.0245223 0.155138 0.11975 0.0602419 0.263189 0.183584 0.0955167 0.0670102 0.0233431 0.00627557 0.000896421 6.2071e-05 1.52186e-06 9.7116e-09 1.26035e-11 2.81263e-15 9.68948e-20
 1.21329e-41 1.68397e-33 2.8252e-26 5.72946e-20 1.40451e-14 4.16182e-10 1.4907e-06 0.00064542 0.0337787 0.213696 0.164358 0.0539106 0.193299 0.135765 0.110831 0.0709763 0.0182173 0.00400488 0.000488442 2.73766e-05 5.2081e-07 2.49581e-09 2.37452e-12 3.82197e-16 9.40004e-21
 1.28777e-41 1.78735e-33 2.99864e-26 6.08119e-20 1.49073e-14 4.41731e-10 1.58221e-06 0.000685042 0.0358524 0.226816 0.174691 0.0635702 0.219694 0.137371 0.0767725 0.046293 0.0151816 0.00281723 0.000243716 1.05413e-05 1.52682e-07 5.40751e-10 3.73583e-13 4.31828e-17 7.57045e-22
 1.17307e-41 1.62814e-33 2.73155e-26 5.53952e-20 1.35795e-14 4.02385e-10 1.44128e-06 0.000624023 0.0326589 0.206614 0.159555 0.0696444 0.23572 0.143057 0.0926803 0.0468284 0.010593 0.0018665 0.000152547 4.65413e-06 4.74098e-08 1.2129e-10 6.00856e-14 4.94451e-18 6.14701e-23
 1.45393e-41 2.01796e-33 3.38555e-26 6.86583e-20 1.68308e-14 4.98726e-10 1.78636e-06 0.000773431 0.0404783 0.256082 0.197252 0.0646835 0.184675 0.112409 0.0896542 0.0428586 0.0097513 0.00129688 8.08391e-05 2.10726e-06 1.54633e-08 2.66692e-11 9.14226e-15 5.27994e-19 4.61541e-24
 1.67698e-41 2.32753e-33 3.90492e-26 7.91909e-20 1.94127e-14 5.75235e-10 2.0604e-06 0.000892081 0.046688 0.295367 0.227459 0.0687817 0.174915 0.0945533 0.0579629 0.0260522 0.00648105 0.000804515 4.00925e-05 7.49095e-07 4.18667e-09 5.22635e-12 1.21005e-15 4.70072e-20 2.81558e-25
 1.64475e-41 2.28281e-33 3.82989e-26 7.76693e-20 1.90397e-14 5.64182e-10 2.02081e-06 0.00087494 0.0457909 0.289695 0.223576 0.0771062 0.190154 0.0957794 0.053376 0.0195567 0.00365324 0.000416812 1.94141e-05 2.86384e-07 1.12643e-09 9.96905e-13 1.65006e-16 4.44077e-21 1.79643e-26
 1.55966e-41 2.1647e-33 3.63173e-26 7.36508e-20 1.80546e-14 5.34991e-10 1.91625e-06 0.000829671 0.0434217 0.27471 0.212616 0.0840576 0.199556 0.0999746 0.0618205 0.0197894 0.00296783 0.000246266 8.85831e-06 1.11182e-07 3.42623e-10 2.14749e-13 2.44386e-17 4.57418e-22 1.29414e-27
 1.52081e-41 2.11078e-33 3.54127e-26 7.18163e-20 1.76049e-14 5.21666e-10 1.86852e-06 0.000809006 0.0423402 0.267871 0.20786 0.0891452 0.199133 0.101127 0.0680147 0.0204749 0.00301681 0.000200909 5.05975e-06 4.48089e-08 1.05767e-10 5.08872e-14 4.20241e-18 5.46092e-23 1.05831e-28
 1.92806e-41 2.67602e-33 4.48959e-26 9.10479e-20 2.23193e-14 6.61362e-10 2.36889e-06 0.00102565 0.0536784 0.339598 0.262148 0.0762261 0.135991 0.0690525 0.0468842 0.0133302 0.00194347 0.000117115 2.42219e-06 1.49797e-08 2.36434e-11 8.00676e-15 4.85251e-19 4.62327e-24 6.41388e-30
 1.62362e-41 2.25348e-33 3.78068e-26 7.66714e-20 1.87951e-14 5.56933e-10 1.99484e-06 0.000863699 0.0452026 0.285992 0.223187 0.107262 0.205577 0.0827342 0.0379103 0.00982802 0.00136503 7.53246e-05 1.383e-06 6.88651e-09 7.78557e-12 1.75611e-15 7.10552e-20 4.68097e-25 4.61958e-31
 1.33613e-41 1.85447e-33 3.11125e-26 6.30956e-20 1.54671e-14 4.5832e-10 1.64163e-06 0.000710767 0.0371988 0.23537 0.185841 0.120065 0.225659 0.112545 0.0680509 0.0132605 0.00123873 5.77267e-05 9.2694e-07 3.88929e-09 3.49291e-12 5.80899e-16 1.62418e-20 7.14732e-26 4.70551e-32
 1.21874e-41 1.69154e-33 2.8379e-26 5.75521e-20 1.41082e-14 4.18052e-10 1.4974e-06 0.00064832 0.0339305 0.214705 0.170954 0.124015 0.219956 0.129261 0.0855696 0.018943 0.00194978 6.40336e-05 7.17808e-07 2.39197e-09 1.72653e-12 2.24231e-16 4.7137e-21 1.49828e-26 6.87995e-33
 1.63826e-41 2.27379e-33 3.81476e-26 7.73625e-20 1.89645e-14 5.61953e-10 2.01283e-06 0.000871484 0.04561 0.28859 0.226458 0.104733 0.157341 0.0975031 0.0625438 0.0146764 0.00161599 5.50707e-05 5.17459e-07 1.17096e-09 5.95969e-13 5.82073e-17 9.3113e-22 2.22657e-27 7.55781e-34
 1.48685e-41 2.06364e-33 3.46219e-26 7.02125e-20 1.72118e-14 5.10016e-10 1.8268e-06 0.00079094 0.0413947 0.261959 0.209531 0.140502 0.20249 0.0889246 0.0434003 0.00990265 0.00106593 3.68012e-05 3.39848e-07 6.72525e-10 2.52555e-13 1.67603e-17 1.85834e-22 3.20129e-28 7.98108e-35
 1.5465e-41 2.14643e-33 3.60109e-26 7.30293e-20 1.79023e-14 5.30477e-10 1.90008e-06 0.000822671 0.0430554 0.272477 0.217895 0.133793 0.178716 0.0987646 0.0466524 0.00721583 0.000587558 1.84029e-05 1.57903e-07 2.86511e-10 9.33468e-14 4.91965e-18 3.95647e-23 4.68976e-29 7.98788e-36
 1.52623e-41 2.1183e-33 3.55389e-26 7.20722e-20 1.76676e-14 5.23525e-10 1.87518e-06 0.000811888 0.0424912 0.268944 0.217499 0.147818 0.182913 0.0922503 0.0401506 0.00666185 0.000448186 9.54898e-06 6.36484e-08 9.79709e-11 2.72697e-14 1.20601e-18 7.8709e-24 7.24116e-30 9.12725e-37
 1.64698e-41 2.2859e-33 3.83507e-26 7.77744e-20 1.90655e-14 5.64945e-10 2.02354e-06 0.000876123 0.045853 0.290234 0.234405 0.143349 0.162178 0.0850008 0.0331284 0.00468345 0.00028424 5.25163e-06 2.49751e-08 2.68833e-11 5.68237e-15 1.99552e-19 1.04244e-24 7.62733e-31 7.54646e-38
 1.59473e-41 2.21338e-33 3.7134e-26 7.5307e-20 1.84606e-14 5.47022e-10 1.95934e-06 0.000848328 0.0443985 0.281096 0.230881 0.161822 0.170169 0.0795851 0.0274132 0.0035978 0.000184201 2.80473e-06 1.09382e-08 8.81332e-12 1.2893e-15 3.15662e-20 1.20014e-25 6.602e-32 4.98352e-39
 1.64413e-41 2.28195e-33 3.82844e-26 7.76401e-20 1.90325e-14 5.63969e-10 2.02005e-06 0.00087461 0.0457741 0.289845 0.239019 0.160755 0.158518 0.0785742 0.0239475 0.00257987 0.000109899 1.37521e-06 4.21114e-09 2.62895e-12 2.90709e-16 5.12615e-21 1.35229e-26 5.12983e-33 2.71337e-40
 1.64658e-41 2.28534e-33 3.83414e-26 7.77555e-20 1.90608e-14 5.64808e-10 2.02305e-06 0.00087591 0.0458424 0.29036 0.242601 0.170654 0.155878 0.071879 0.0198575 0.00198058 6.89871e-05 6.68642e-07 1.58501e-09 7.53684e-13 6.23937e-17 8.17019e-22 1.58257e-27 4.32319e-34 1.61216e-41
 1.68554e-41 2.33942e-33 3.92486e-26 7.95954e-20 1.95119e-14 5.78173e-10 2.07092e-06 0.000896638 0.0469274 0.297307 0.250277 0.172579 0.147577 0.06683 0.01618 0.0013825 4.09196e-05 3.22307e-07 5.7807e-10 2.03034e-13 1.23962e-17 1.19173e-22 1.68443e-28 3.34488e-35 9.04007e-43
 1.68177e-41 2.33418e-33 3.91607e-26 7.94172e-20 1.94682e-14 5.76878e-10 2.06628e-06 0.00089463 0.0468228 0.296774 0.253798 0.181602 0.144825 0.0611607 0.0131185 0.000978728 2.36651e-05 1.48503e-07 2.08002e-10 5.4943e-14 2.4427e-18 1.68997e-23 1.71829e-29 2.4568e-36 4.77787e-44
 1.46645e-41 2.03534e-33 3.4147e-26 6.92495e-20 1.69757e-14 5.03021e-10 1.80174e-06 0.000780091 0.0408292 0.259137 0.234427 0.214948 0.167527 0.0685926 0.0129184 0.000822881 1.63937e-05 8.16161e-08 8.74912e-11 1.73988e-14 5.74773e-19 2.90487e-24 2.12404e-30 2.16407e-37 2.99027e-45
 1.49682e-41 2.07749e-33 3.48542e-26 7.06837e-20 1.73273e-14 5.13439e-10 1.83905e-06 0.000796248 0.0416746 0.264397 0.234705 0.196982 0.167236 0.0788301 0.0145129 0.000849754 1.48197e-05 6.28664e-08 5.6428e-11 9.24439e-15 2.48823e-19 1.02013e-24 6.03571e-31 4.95646e-38 5.49018e-46
#spawning biomass
 15016.8 18678.1 19850.7 22480.8 26360.8 31487.1 35511 43981.6 58496.6 75211.6 91247.9 115071 159119 193392 176972 149166 137093 139131 132965 139797 140793 146113 151442 166790 173991 183595 176044 165900 170446 152282 74282.8 38460.5 25005.9 20511 19118.3 18708.3 18592 18559.9 18551.1 18548.8 18548.2 18548 18548 18548 18548 18548 18548 18548 18548 18548 18548 18548 18548 18548 18548 18548 18548 18548 18548 18548 18548 18548 18548 18548 18548 18548 18548 18548 18548 18548 18548 18548 18548 18548 18548 18548 18548 18548 18548 18548 18548 18548 18548 18548 18548 18548 18548 18548 18548 18548 18548 18548 18548 18548 18548 18548 18548 18548 18548 18548 18548 18548 18548 18548 18548 18548 18548 18548 18548 18548 18548 18548 18548 18548 18548 18548 18548 18548 18548 18548 18548 18548 18548 18548 18548 18548 18548 18548 0 0 0 0 0 0 0 0 0 0 0 0 0 0 0 0 0 0 0 0 0 0 0 0 0
