SBPRF35
0.329739
Curr Bio
31279.6
B35
92652
F35
0.396101
FOFL
0.17728
OFL
8798.19
Bzero
94211.3
#pred survey bio
 5342.84 6187.19 7397.96 9158.82 11703.5 13686.4 13495 13408.3 20873.3 32250.3 33598.7 39105.5 59675.8 71931.5 65473.1 55522.8 51028.3 52503.4 48490.5 47772.3 49540 57043.5 64492.3 65719.9 71574.9 74710.6 68133 76145.2 3.34884e+06 2.574e+06 2.40519e+06 1.96378e+06 1.59563e+06 1.35395e+06 1.20925e+06 1.12618e+06 1.07924e+06 1.05271e+06 1.0375e+06 1.02859e+06 1.02321e+06 1.01985e+06 1.01768e+06 1.01623e+06 1.01525e+06 1.01458e+06 1.0141e+06 1.01376e+06 1.01352e+06 1.01335e+06 1.01322e+06 1.01313e+06 1.01306e+06 1.01301e+06 1.01298e+06 1.01295e+06 1.01293e+06 1.01292e+06 1.01291e+06 1.0129e+06 1.01289e+06 1.01289e+06 1.01288e+06 1.01288e+06 1.01288e+06 1.01288e+06 1.01288e+06 1.01288e+06 1.01288e+06 1.01288e+06 1.01288e+06 1.01288e+06 1.01288e+06 1.01288e+06 1.01288e+06 1.01288e+06 1.01288e+06 1.01288e+06 1.01288e+06 1.01288e+06 1.01288e+06 1.01288e+06 1.01288e+06 1.01288e+06 1.01288e+06 1.01288e+06 1.01288e+06 1.01288e+06 1.01288e+06 1.01288e+06 1.01288e+06 1.01288e+06 1.01288e+06 1.01288e+06 1.01288e+06 1.01288e+06 1.01288e+06 1.01288e+06 1.01288e+06 1.01288e+06 1.01288e+06 1.01288e+06 1.01288e+06 1.01288e+06 1.01288e+06 1.01288e+06 1.01288e+06 1.01288e+06 1.01288e+06 1.01288e+06 1.01288e+06 1.01288e+06 1.01288e+06 1.01288e+06 1.01288e+06 1.01288e+06 1.01288e+06 1.01288e+06 1.01288e+06 1.01288e+06 1.01288e+06 1.01288e+06 1.01288e+06 1.01288e+06 1.01288e+06 1.01288e+06 1.01288e+06 1.01288e+06 0 0 0 0 0 0 0 0 0 0 0 0 0 0 0 0 0 0 0 0 0 0 0 0 0
#obs survey bio
 4394.64 4697.39 10172.9 8198.07 11487.1 12485.7 9205.63 28408.3 33264.4 32117.2 40361.4 71883 60414 56160.3 55636.7 63852 44847.2 47982.1 51899 60053.2 51629.2 69741.2 52191.3 95986.1 66017.1 67007.1 64750.3 96600.3
#pred catch bio
 2736.03 3363.01 3985.13 4878.08 6349.42 7846.63 8485.75 7693.34 8967.09 18958.6 22426.1 20355.3 33590.6 46705.1 44868.9 38647.9 32197.4 36167.9 32316.4 31271 31066.7 34698.5 43440.2 42221.6 44602.3 51560.9 42915.3 38454.2 8798.19 29220.8 29292.2 23232.2 18080.1 14811 12935.6 11915.1 11377.4 11100 10959 10887.9 10852.4 10834.7 10825.9 10821.5 10819.4 10818.3 10817.8 10817.5 10817.4 10817.3 10817.3 10817.3 10817.3 10817.3 10817.3 10817.3 10817.3 10817.3 10817.3 10817.3 10817.3 10817.3 10817.3 10817.3 10817.3 10817.3 10817.3 10817.3 10817.3 10817.3 10817.3 10817.3 10817.3 10817.3 10817.3 10817.3 10817.3 10817.3 10817.3 10817.3 10817.3 10817.3 10817.3 10817.3 10817.3 10817.3 10817.3 10817.3 10817.3 10817.3 10817.3 10817.3 10817.3 10817.3 10817.3 10817.3 10817.3 10817.3 10817.3 10817.3 10817.3 10817.3 10817.3 10817.3 10817.3 10817.3 10817.3 10817.3 10817.3 10817.3 10817.3 10817.3 10817.3 10817.3 10817.3 10817.3 10817.3 10817.3 10817.3 10817.3 10817.3 10817.3 10817.3 10817.3 10817.3 10817.3 10817.3 10817.3 0 0 0 0 0 0 0 0 0 0 0 0 0 0 0 0 0 0 0 0 0 0 0 0 0
#obs catch bio
 3442.38 3438.86 3902.44 4801.52 6263.01 7584.97 8571.02 7613.28 8617.56 18071.4 22845.3 19601.8 32396 46972.8 45050.9 39731.6 31485.6 36648.2 32390.8 30958.5 31181.9 34276 44204.4 41817.9 44318.5 52785.9 43255.3 38616.5
#pred cpue bio
 3614.43 3913.61 4581.52 5634.59 7136.66 8688.19 9015.16 8206 11111.1 20043.6 21554.2 21405.2 34458.8 44648.6 42056.5 34892.2 30550.7 32635.4 29341.8 29033.1 29681.2 33561.3 39305.1 38796.2 42793.9 46518.9 41414.6 45157.2 2.13661e+06 2.11498e+06 2.2076e+06 1.80326e+06 1.43544e+06 1.19314e+06 1.04827e+06 965162 918224 891688 876483 867567 862184 858825 856655 855209 854231 853556 853081 852743 852500 852325 852198 852106 852038 851989 851953 851927 851908 851894 851883 851876 851870 851866 851863 851861 851859 851858 851857 851857 851856 851856 851856 851856 851855 851855 851855 851855 851855 851855 851855 851855 851855 851855 851855 851855 851855 851855 851855 851855 851855 851855 851855 851855 851855 851855 851855 851855 851855 851855 851855 851855 851855 851855 851855 851855 851855 851855 851855 851855 851855 851855 851855 851855 851855 851855 851855 851855 851855 851855 851855 851855 851855 851855 851855 851855 851855 851855 851855 851855 0 0 0 0 0 0 0 0 0 0 0 0 0 0 0 0 0 0 0 0 0 0 0 0 0
#obs cpue bio
 4008.72 3266.27 7265.13 7189.13 8412.1 17733.8 7946.61 8903.69 13017.6 29832.5 14495.7 28043 41285.4 40226.6 44480.1 24906.5 47319.5 26843.7 28349.3 26542.8 27700.7 30553.9 35934.2 38050.9 39515.5 36028.8 40946.9 41043.2
#pred surv len freq
 2.14374e-27 2.16866e-27 6.15443e-27 1.36369e-21 8.11038e-17 1.10895e-12 3.486e-09 2.51934e-06 0.000418585 0.0159896 0.140422 0.283517 0.132141 0.0284465 0.0883044 0.124114 0.0495383 0.0370784 0.0319384 0.0193665 0.0147741 0.0113259 0.0102978 0.00877191 0.00355314
 2.14277e-27 2.16706e-27 6.02112e-27 1.31852e-21 7.84175e-17 1.07222e-12 3.37053e-09 2.43589e-06 0.00040472 0.01546 0.135771 0.274127 0.127918 0.0315903 0.110331 0.155024 0.0590736 0.0360492 0.0281463 0.0114319 0.00615118 0.00352132 0.0024714 0.00181524 0.000710649
 2.14312e-27 2.16813e-27 6.14888e-27 1.3619e-21 8.09977e-17 1.1075e-12 3.48144e-09 2.51604e-06 0.000418037 0.0159687 0.140238 0.283147 0.13207 0.0311051 0.104652 0.147108 0.0576098 0.0397062 0.0307925 0.0105174 0.00413581 0.00144438 0.000623162 0.000340899 0.0001209
 2.14312e-27 2.16813e-27 6.14765e-27 1.36148e-21 8.09723e-17 1.10715e-12 3.48034e-09 2.51525e-06 0.000417906 0.0159637 0.140194 0.283058 0.132041 0.0314257 0.106636 0.149848 0.0577977 0.0373091 0.0289872 0.0106005 0.00422305 0.00113145 0.000265305 7.79228e-05 2.14947e-05
 2.14343e-27 2.16889e-27 6.22917e-27 1.38913e-21 8.2617e-17 1.12964e-12 3.55104e-09 2.56635e-06 0.000426395 0.016288 0.143042 0.288807 0.134689 0.0311493 0.103216 0.145034 0.0562003 0.0370243 0.0286883 0.0101198 0.0039686 0.00109573 0.000212978 3.11852e-05 4.62564e-06
 2.14182e-27 2.16493e-27 5.80903e-27 1.24661e-21 7.41406e-17 1.01374e-12 3.18671e-09 2.30304e-06 0.000382647 0.0146169 0.128366 0.259178 0.121044 0.0325765 0.120859 0.169903 0.0649934 0.0403589 0.0310544 0.0109897 0.00427994 0.00114912 0.000218646 2.59812e-05 1.95466e-06
 2.1403e-27 2.1613e-27 5.44009e-27 1.12153e-21 6.67015e-17 9.12024e-13 2.86696e-09 2.07196e-06 0.000344253 0.0131502 0.115486 0.233173 0.109019 0.0324998 0.128229 0.180526 0.0719314 0.0531337 0.0415065 0.0140671 0.00524448 0.00139625 0.000260709 2.95075e-05 1.75643e-06
 2.14386e-27 2.17003e-27 6.3602e-27 1.43363e-21 8.52634e-17 1.16583e-12 3.66479e-09 2.64855e-06 0.000440053 0.0168097 0.147624 0.298058 0.138917 0.0298716 0.0926276 0.13024 0.052741 0.0413881 0.0329021 0.0120879 0.00481 0.00123404 0.000220748 2.43906e-05 1.37048e-06
 2.14674e-27 2.17694e-27 7.06701e-27 1.67328e-21 9.95163e-17 1.36071e-12 4.2774e-09 3.09129e-06 0.000513613 0.0196197 0.172301 0.34788 0.16194 0.0295845 0.0758585 0.106246 0.0394366 0.0209476 0.0159623 0.00618744 0.00263762 0.000730761 0.000135686 1.45162e-05 7.86327e-07
 2.14174e-27 2.16461e-27 5.75945e-27 1.22971e-21 7.31356e-17 9.99999e-13 3.14351e-09 2.27182e-06 0.00037746 0.0144187 0.126626 0.255665 0.119478 0.0341216 0.13135 0.184474 0.0672102 0.0318018 0.0231911 0.00753052 0.00276193 0.000807874 0.000164496 1.87121e-05 1.01659e-06
 2.1419e-27 2.16521e-27 5.84913e-27 1.26026e-21 7.49527e-17 1.02484e-12 3.22161e-09 2.32827e-06 0.000386838 0.014777 0.129772 0.262016 0.122314 0.0314587 0.11318 0.159291 0.0641701 0.049325 0.0379957 0.0110296 0.00331554 0.000800433 0.000147449 1.77422e-05 1.03218e-06
 2.14621e-27 2.17566e-27 6.93539e-27 1.62865e-21 9.68619e-17 1.32441e-12 4.16331e-09 3.00884e-06 0.000499914 0.0190964 0.167705 0.338601 0.157654 0.0296862 0.0792761 0.111132 0.0421091 0.0249667 0.0191458 0.00688629 0.0025862 0.000561161 8.12211e-05 8.28653e-06 4.72478e-07
 2.14411e-27 2.17041e-27 6.36951e-27 1.43664e-21 8.54424e-17 1.16827e-12 3.67248e-09 2.65411e-06 0.000440977 0.016845 0.147934 0.298684 0.139303 0.0324372 0.108101 0.151634 0.0546761 0.0241107 0.017384 0.00572266 0.00207891 0.000546123 9.06945e-05 8.03182e-06 3.76785e-07
 2.14226e-27 2.16596e-27 5.91081e-27 1.2811e-21 7.61919e-17 1.04179e-12 3.27488e-09 2.36676e-06 0.000393234 0.0150213 0.131918 0.266348 0.124367 0.0327911 0.120008 0.168651 0.0638902 0.0377639 0.0280745 0.00787404 0.00225344 0.000539982 9.34075e-05 9.51692e-06 4.45199e-07
 2.14118e-27 2.16337e-27 5.64227e-27 1.19004e-21 7.0776e-17 9.67735e-13 3.04209e-09 2.19853e-06 0.000365282 0.0139535 0.12254 0.247416 0.115629 0.0331801 0.128089 0.180118 0.0689726 0.0429975 0.0325857 0.0101433 0.00323819 0.000667239 9.23861e-05 8.93473e-06 4.49674e-07
 2.14224e-27 2.16596e-27 5.91928e-27 1.28401e-21 7.63651e-17 1.04416e-12 3.28232e-09 2.37214e-06 0.000394128 0.0150554 0.132218 0.266953 0.124621 0.0321026 0.115622 0.162564 0.0630105 0.0415235 0.0317373 0.0100144 0.00332182 0.000744965 0.000105382 8.6503e-06 3.81038e-07
 2.14343e-27 2.16882e-27 6.21007e-27 1.3826e-21 8.22286e-17 1.12433e-12 3.53434e-09 2.55428e-06 0.00042439 0.0162114 0.142369 0.28745 0.134098 0.0321321 0.109625 0.153932 0.0575331 0.0317133 0.0236907 0.00757603 0.00256163 0.000585946 8.7401e-05 7.52098e-06 3.10852e-07
 2.14209e-27 2.16552e-27 5.86184e-27 1.26448e-21 7.52033e-17 1.02827e-12 3.23238e-09 2.33605e-06 0.000388132 0.0148264 0.130206 0.262892 0.122784 0.0331744 0.12339 0.17337 0.0648872 0.03602 0.0267508 0.00807136 0.0025492 0.000589797 9.08609e-05 8.14066e-06 3.51708e-07
 2.1432e-27 2.16826e-27 6.15402e-27 1.3636e-21 8.10985e-17 1.10888e-12 3.48577e-09 2.51918e-06 0.000418558 0.0159886 0.140413 0.283499 0.132268 0.0320434 0.110274 0.154909 0.0587268 0.0348513 0.0260617 0.00766385 0.00230109 0.00049879 7.26654e-05 6.57528e-06 2.94077e-07
 2.14277e-27 2.16718e-27 6.03423e-27 1.32294e-21 7.86804e-17 1.07581e-12 3.38183e-09 2.44406e-06 0.000406077 0.0155119 0.136226 0.275047 0.128392 0.0328795 0.117926 0.165615 0.0614283 0.0324262 0.0239383 0.0073259 0.00231113 0.000490867 6.72913e-05 5.71476e-06 2.49342e-07
 2.14349e-27 2.16897e-27 6.22781e-27 1.38863e-21 8.2587e-17 1.12923e-12 3.54975e-09 2.56541e-06 0.00042624 0.0162821 0.14299 0.288702 0.134668 0.0318929 0.107787 0.151385 0.0572485 0.0335482 0.0250236 0.00731014 0.00218262 0.000477028 6.75044e-05 5.55867e-06 2.28565e-07
 2.14396e-27 2.17011e-27 6.34588e-27 1.42867e-21 8.49682e-17 1.16179e-12 3.6521e-09 2.63938e-06 0.000438529 0.0167515 0.147113 0.297026 0.138511 0.0317625 0.104482 0.14667 0.0548057 0.0301643 0.0224616 0.00699929 0.00225825 0.000481087 6.61505e-05 5.55359e-06 2.2867e-07
 2.14272e-27 2.16707e-27 6.02433e-27 1.31959e-21 7.84809e-17 1.07309e-12 3.37326e-09 2.43787e-06 0.000405048 0.0154725 0.135881 0.274349 0.128067 0.0328217 0.117783 0.16543 0.0615815 0.0331805 0.0245559 0.00747476 0.00237553 0.000535065 7.75835e-05 6.43576e-06 2.6316e-07
 2.14387e-27 2.16989e-27 6.32306e-27 1.42093e-21 8.45079e-17 1.15549e-12 3.63231e-09 2.62508e-06 0.000436153 0.0166608 0.146316 0.295417 0.137768 0.0317737 0.105036 0.147471 0.0553737 0.0312726 0.0231966 0.00676045 0.00200856 0.000437735 6.34126e-05 5.49976e-06 2.30167e-07
 2.14323e-27 2.16829e-27 6.14984e-27 1.36215e-21 8.10121e-17 1.1077e-12 3.48206e-09 2.51649e-06 0.000418112 0.0159716 0.140263 0.283198 0.132153 0.0326856 0.114286 0.160451 0.0591538 0.0301309 0.0220773 0.00665638 0.00205644 0.000433056 5.91126e-05 5.00723e-06 2.13212e-07
 2.14216e-27 2.16571e-27 5.88496e-27 1.27233e-21 7.56705e-17 1.03466e-12 3.25247e-09 2.35057e-06 0.000390543 0.0149185 0.131015 0.264526 0.123527 0.0328571 0.12096 0.169992 0.0643452 0.0378859 0.0282738 0.00824691 0.00245063 0.000529484 7.38129e-05 6.03096e-06 2.46786e-07
 2.143e-27 2.16778e-27 6.10252e-27 1.34613e-21 8.00594e-17 1.09467e-12 3.44111e-09 2.4869e-06 0.000413195 0.0157838 0.138614 0.279867 0.130598 0.0322724 0.112767 0.158409 0.0597866 0.0346923 0.0259427 0.00784082 0.00242706 0.000509478 6.88825e-05 5.68743e-06 2.31199e-07
 2.14386e-27 2.16989e-27 6.32612e-27 1.42198e-21 8.45703e-17 1.15635e-12 3.635e-09 2.62702e-06 0.000436476 0.0166731 0.146424 0.295635 0.137861 0.0315632 0.103685 0.145593 0.0550513 0.0322555 0.0242312 0.00753251 0.00244062 0.000534919 7.45951e-05 6.0538e-06 2.43217e-07
#obs surv len freq
 8.67014e-40 4.24344e-33 4.77478e-27 1.23519e-21 7.34614e-17 1.00445e-12 3.1575e-09 2.28193e-06 0.000379147 0.0144829 0.127189 0.256802 0.119931 0.0321809 0.119159 0.167575 0.0650615 0.0432553 0.0338445 0.0127192 0.00538818 0.00162295 0.000355876 4.79735e-05 3.31808e-06
 1.03535e-39 5.06734e-33 5.70185e-27 1.47502e-21 8.77247e-17 1.19948e-12 3.77057e-09 2.725e-06 0.000452762 0.0172949 0.151884 0.30666 0.142922 0.0305944 0.0944472 0.132616 0.0510159 0.0325346 0.0252222 0.00920868 0.00377391 0.00110377 0.000234586 3.06625e-05 2.04607e-06
 9.70889e-40 4.75183e-33 5.34683e-27 1.38318e-21 8.22626e-17 1.12479e-12 3.5358e-09 2.55533e-06 0.000424571 0.0162181 0.142427 0.287568 0.134178 0.032805 0.113697 0.159542 0.0577285 0.0261001 0.0190691 0.00670066 0.00262808 0.000740683 0.000151117 1.9054e-05 1.22971e-06
 1.04995e-39 5.1388e-33 5.78226e-27 1.49582e-21 8.89617e-17 1.21639e-12 3.82373e-09 2.76342e-06 0.000459146 0.0175388 0.154026 0.310984 0.144951 0.0313865 0.09798 0.13746 0.0509362 0.026729 0.0195827 0.00566916 0.00173996 0.000455753 8.81328e-05 1.06141e-05 6.58204e-07
 9.87147e-40 4.8314e-33 5.43637e-27 1.40634e-21 8.36401e-17 1.14363e-12 3.595e-09 2.59812e-06 0.000431681 0.0164897 0.144812 0.292383 0.136406 0.0328545 0.112548 0.157892 0.056756 0.0244657 0.0174303 0.00537416 0.00171657 0.000373725 5.80005e-05 6.36247e-06 3.7402e-07
 8.1355e-40 3.98177e-33 4.48035e-27 1.15902e-21 6.89314e-17 9.42513e-13 2.9628e-09 2.14122e-06 0.000355767 0.0135898 0.119346 0.240968 0.112709 0.0347991 0.139915 0.196579 0.0719454 0.0350132 0.0252391 0.00704896 0.00197857 0.000439663 6.50148e-05 5.84819e-06 2.93203e-07
 7.90174e-40 3.86735e-33 4.35161e-27 1.12572e-21 6.69508e-17 9.15431e-13 2.87766e-09 2.07969e-06 0.000345544 0.0131993 0.115917 0.234044 0.109461 0.0335648 0.134467 0.189168 0.0729706 0.0470396 0.035563 0.0104432 0.00309021 0.000632543 8.49332e-05 7.32478e-06 3.23684e-07
 1.32961e-39 6.50751e-33 7.32235e-27 1.89422e-21 1.12657e-16 1.54038e-12 4.84218e-09 3.49946e-06 0.00058144 0.0222102 0.19505 0.393811 0.183096 0.0274571 0.0490289 0.0684284 0.026112 0.0160222 0.0122378 0.00413015 0.00146486 0.000319481 4.32989e-05 3.4518e-06 1.40849e-07
 1.10541e-39 5.4102e-33 6.08765e-27 1.57482e-21 9.36602e-17 1.28063e-12 4.02568e-09 2.90937e-06 0.000483396 0.0184651 0.162161 0.327409 0.152592 0.0326492 0.100738 0.140983 0.0472289 0.00953825 0.00526469 0.00170553 0.000603859 0.000150125 2.38309e-05 2.01036e-06 7.98416e-08
 6.36375e-40 3.11462e-33 3.50462e-27 9.06611e-22 5.39196e-17 7.37253e-13 2.31756e-09 1.67491e-06 0.000278288 0.0106302 0.0933548 0.188494 0.0885955 0.0387068 0.179586 0.25229 0.0888303 0.0323926 0.0214509 0.00458296 0.000654102 0.000129108 2.12978e-05 2.05365e-06 9.06923e-08
 1.22993e-39 6.01967e-33 6.77343e-27 1.75222e-21 1.04211e-16 1.4249e-12 4.47919e-09 3.23712e-06 0.000537852 0.0205452 0.180428 0.36429 0.169462 0.0278533 0.0603454 0.0845902 0.0347288 0.0284953 0.021801 0.00552504 0.00120218 0.000177161 1.38879e-05 1.02526e-06 4.79736e-08
 1.17715e-39 5.76132e-33 6.48273e-27 1.67702e-21 9.97387e-17 1.36375e-12 4.28695e-09 3.09819e-06 0.000514768 0.0196635 0.172685 0.348657 0.162364 0.0312877 0.086022 0.120292 0.0406092 0.00926268 0.00556133 0.0021036 0.000808101 0.000151775 1.46388e-05 7.61475e-07 2.09785e-08
 8.84315e-40 4.32811e-33 4.87006e-27 1.25984e-21 7.49273e-17 1.02449e-12 3.22051e-09 2.32747e-06 0.000386712 0.0147719 0.129727 0.261927 0.122432 0.0356751 0.138946 0.194891 0.0669922 0.0192284 0.011896 0.00259454 0.000418486 9.56248e-05 1.50815e-05 1.03463e-06 2.86989e-08
 9.22864e-40 4.51678e-33 5.08235e-27 1.31476e-21 7.81935e-17 1.06915e-12 3.3609e-09 2.42893e-06 0.00040357 0.0154158 0.135382 0.273344 0.12762 0.0332867 0.120925 0.169819 0.0626393 0.0319528 0.0228211 0.00530228 0.000937892 0.000134889 1.19317e-05 9.47861e-07 3.74237e-08
 7.36757e-40 3.60591e-33 4.05743e-27 1.04962e-21 6.24248e-17 8.53546e-13 2.68313e-09 1.9391e-06 0.000322185 0.012307 0.108081 0.218224 0.102246 0.0362007 0.155327 0.21825 0.0788785 0.0353223 0.0251765 0.00727148 0.00202761 0.000335533 2.76953e-05 1.4045e-06 4.20453e-08
 1.11878e-39 5.47567e-33 6.16131e-27 1.59387e-21 9.47936e-17 1.29613e-12 4.0744e-09 2.94458e-06 0.000489246 0.0186885 0.164123 0.33137 0.154318 0.0298446 0.0824231 0.115634 0.0446438 0.0288789 0.0216825 0.00594812 0.00159125 0.000322015 3.83971e-05 2.24251e-06 5.58835e-08
 8.70143e-40 4.25874e-33 4.79201e-27 1.23965e-21 7.37265e-17 1.00808e-12 3.1689e-09 2.29017e-06 0.000380515 0.0145352 0.127648 0.257729 0.120491 0.0356672 0.140162 0.196619 0.0677419 0.0199983 0.0130123 0.00424752 0.00143605 0.000290922 3.59517e-05 2.62764e-06 8.47555e-08
 9.54382e-40 4.67104e-33 5.25593e-27 1.35966e-21 8.0864e-17 1.10567e-12 3.47568e-09 2.51188e-06 0.000417353 0.0159423 0.140006 0.282679 0.131917 0.0327756 0.114992 0.161462 0.0597716 0.0311472 0.0223407 0.00525456 0.00103553 0.000222287 3.28146e-05 2.5394e-06 9.13742e-08
 1.01164e-39 4.95128e-33 5.57126e-27 1.44123e-21 8.57155e-17 1.17201e-12 3.68421e-09 2.66258e-06 0.000442392 0.0168988 0.148405 0.299638 0.139753 0.0326667 0.109215 0.153171 0.0547947 0.0227816 0.0160086 0.00465713 0.00131633 0.000224815 2.26353e-05 1.7752e-06 7.16932e-08
 8.67693e-40 4.24676e-33 4.77852e-27 1.23616e-21 7.35189e-17 1.00524e-12 3.15998e-09 2.28372e-06 0.000379444 0.0144943 0.127289 0.257004 0.120132 0.0350363 0.13653 0.191633 0.0678287 0.0258989 0.0176709 0.00466492 0.00117103 0.000235856 2.87481e-05 1.8429e-06 6.06918e-08
 1.11548e-39 5.45951e-33 6.14313e-27 1.58917e-21 9.45139e-17 1.29231e-12 4.06238e-09 2.93589e-06 0.000487802 0.0186334 0.163639 0.330392 0.153898 0.0306998 0.0879387 0.123272 0.0454888 0.0232749 0.0167778 0.00429626 0.000993576 0.000182233 2.13662e-05 1.55859e-06 5.29256e-08
 8.88474e-40 4.34847e-33 4.89296e-27 1.26576e-21 7.52797e-17 1.02931e-12 3.23566e-09 2.33842e-06 0.000388531 0.0148414 0.130337 0.263159 0.122988 0.0353395 0.136526 0.191513 0.0662294 0.0203429 0.0132128 0.00381245 0.00108464 0.000199441 2.14176e-05 1.44876e-06 5.01849e-08
 1.00784e-39 4.93268e-33 5.55033e-27 1.43582e-21 8.53934e-17 1.1676e-12 3.67036e-09 2.65258e-06 0.00044073 0.0168353 0.147848 0.298511 0.139218 0.0322918 0.107266 0.150518 0.0551618 0.0270488 0.0192188 0.00455378 0.000892662 0.000169911 2.11982e-05 1.43876e-06 4.63663e-08
 1.03719e-39 5.0763e-33 5.71194e-27 1.47762e-21 8.78798e-17 1.2016e-12 3.77723e-09 2.72982e-06 0.000453563 0.0173255 0.152153 0.307203 0.143248 0.0325881 0.106455 0.149233 0.0527397 0.0198876 0.0136272 0.00384759 0.0010418 0.000176799 1.6988e-05 1.15707e-06 4.02526e-08
 8.73692e-40 4.27611e-33 4.81155e-27 1.2447e-21 7.40272e-17 1.01219e-12 3.18182e-09 2.29951e-06 0.000382067 0.0145945 0.128169 0.25878 0.120953 0.0350534 0.136099 0.19101 0.0674023 0.0250757 0.0169444 0.00431416 0.00100201 0.000193521 2.27494e-05 1.4139e-06 4.26496e-08
 9.27382e-40 4.53889e-33 5.10723e-27 1.32119e-21 7.85763e-17 1.07439e-12 3.37735e-09 2.44082e-06 0.000405545 0.0154913 0.136045 0.274682 0.128237 0.0332497 0.120296 0.168918 0.0621107 0.0310986 0.0223107 0.00564258 0.00126279 0.000221598 2.41435e-05 1.67248e-06 5.4707e-08
 9.69507e-40 4.74506e-33 5.33922e-27 1.38121e-21 8.21455e-17 1.12319e-12 3.53076e-09 2.55169e-06 0.000423967 0.016195 0.142224 0.287158 0.133997 0.033038 0.115243 0.161711 0.0583999 0.0260114 0.0185039 0.00530583 0.00148682 0.000269002 2.77942e-05 1.77256e-06 5.75576e-08
 1.12861e-39 5.52374e-33 6.21541e-27 1.60787e-21 9.56258e-17 1.30751e-12 4.11017e-09 2.97043e-06 0.000493541 0.0188526 0.165564 0.334279 0.155708 0.0310559 0.0889408 0.124583 0.0445505 0.0184613 0.0128683 0.00350278 0.000925943 0.000186648 2.29882e-05 1.5205e-06 4.6798e-08
#pred catch len freq
 2.13925e-27 2.1572e-27 4.93033e-27 9.48478e-22 5.64096e-17 7.713e-13 2.42459e-09 1.75226e-06 0.000291135 0.0111212 0.0976667 0.197196 0.0922681 0.0293657 0.11993 0.16901 0.0693364 0.0572526 0.0498678 0.0303767 0.0231891 0.0177424 0.0161106 0.0137174 0.00555592
 2.1384e-27 2.15631e-27 4.89258e-27 9.35756e-22 5.5653e-17 7.60955e-13 2.39207e-09 1.72876e-06 0.00028723 0.010972 0.0963567 0.194552 0.0912127 0.03381 0.147865 0.208159 0.0808474 0.0538659 0.0425502 0.0173222 0.00932589 0.00532701 0.00373265 0.00274007 0.0010726
 2.13868e-27 2.15732e-27 5.02104e-27 9.79399e-22 5.82486e-17 7.96445e-13 2.50364e-09 1.80938e-06 0.000300627 0.0114837 0.100851 0.203625 0.0953872 0.0332737 0.141859 0.199831 0.0799726 0.0600652 0.0470447 0.0161004 0.00633925 0.00220973 0.000951363 0.000520014 0.000184393
 2.13866e-27 2.15729e-27 5.01645e-27 9.77829e-22 5.81552e-17 7.95169e-13 2.49962e-09 1.80649e-06 0.000300145 0.0114653 0.100689 0.203299 0.0952542 0.0337471 0.144847 0.203959 0.0802954 0.0565946 0.0444543 0.016294 0.00650065 0.00173923 0.000406965 0.000119378 3.29191e-05
 2.13904e-27 2.15824e-27 5.11746e-27 1.0121e-21 6.01932e-17 8.23034e-13 2.58722e-09 1.86979e-06 0.000310663 0.0118671 0.104218 0.210423 0.0985359 0.0334343 0.14079 0.198247 0.0783721 0.0561535 0.0439551 0.0155325 0.00609757 0.00168106 0.000326183 4.7702e-05 7.07082e-06
 2.13756e-27 2.15457e-27 4.72712e-27 8.79675e-22 5.23176e-17 7.1535e-13 2.24871e-09 1.62515e-06 0.000270016 0.0103144 0.0905819 0.182893 0.0858634 0.0348965 0.158014 0.222503 0.086643 0.0583155 0.045339 0.0160662 0.00626071 0.0016783 0.000318751 3.78362e-05 2.84466e-06
 2.13631e-27 2.15163e-27 4.43378e-27 7.80255e-22 4.64047e-17 6.34501e-13 1.99456e-09 1.44148e-06 0.000239499 0.00914871 0.0803444 0.162224 0.0762847 0.0342863 0.160519 0.226319 0.0918735 0.0726667 0.0571746 0.0193784 0.00722028 0.00191869 0.000357558 4.04245e-05 2.40478e-06
 2.13963e-27 2.15978e-27 5.294e-27 1.07205e-21 6.37588e-17 8.71788e-13 2.74048e-09 1.98055e-06 0.000329065 0.0125701 0.110391 0.222886 0.104232 0.031686 0.126361 0.178088 0.0736782 0.0621725 0.0497825 0.0183016 0.00728262 0.00186533 0.000333021 3.67553e-05 2.064e-06
 2.14243e-27 2.16643e-27 5.96606e-27 1.29987e-21 7.73081e-17 1.05705e-12 3.32285e-09 2.40143e-06 0.000398995 0.0152413 0.13385 0.270249 0.126152 0.0322979 0.115821 0.16274 0.0615908 0.0363233 0.0281326 0.0109535 0.004683 0.0012962 0.000240342 2.56891e-05 1.39076e-06
 2.13768e-27 2.15469e-27 4.71599e-27 8.75784e-22 5.20862e-17 7.12186e-13 2.23877e-09 1.61796e-06 0.000268822 0.0102688 0.0901813 0.182085 0.0855671 0.036958 0.170843 0.240266 0.088608 0.0452417 0.0334332 0.0108645 0.0039845 0.00116337 0.000236468 2.68729e-05 1.45913e-06
 2.13815e-27 2.15611e-27 4.90053e-27 9.3855e-22 5.58191e-17 7.63227e-13 2.39921e-09 1.73392e-06 0.000288088 0.0110048 0.0966444 0.195133 0.0914617 0.0332902 0.14452 0.203717 0.0832894 0.0674394 0.0522164 0.0151371 0.00453815 0.001093 0.000200851 2.41391e-05 1.40354e-06
 2.14224e-27 2.16598e-27 5.92135e-27 1.28472e-21 7.6407e-17 1.04473e-12 3.28412e-09 2.37344e-06 0.000394344 0.0150637 0.13229 0.2671 0.124688 0.0320937 0.115524 0.162401 0.0625753 0.0402006 0.0311652 0.0112239 0.00421816 0.000914141 0.000132037 1.34537e-05 7.66599e-07
 2.14008e-27 2.16055e-27 5.33037e-27 1.08417e-21 6.44795e-17 8.81642e-13 2.77145e-09 2.00294e-06 0.000332785 0.0127122 0.111639 0.225407 0.105539 0.0354466 0.148559 0.208755 0.0761087 0.0361781 0.0264587 0.00871612 0.00316613 0.000830356 0.000137662 1.21784e-05 5.70878e-07
 2.13851e-27 2.15682e-27 4.95189e-27 9.55857e-22 5.68484e-17 7.77301e-13 2.44346e-09 1.76589e-06 0.0002934 0.0112077 0.0984266 0.198732 0.093196 0.0351724 0.154925 0.218033 0.0835682 0.0522817 0.0391637 0.0109735 0.00313311 0.00074907 0.000129283 1.31572e-05 6.15122e-07
 2.13761e-27 2.15466e-27 4.73044e-27 8.8077e-22 5.23827e-17 7.1624e-13 2.25151e-09 1.62717e-06 0.000270352 0.0103273 0.0906947 0.183121 0.085985 0.0353326 0.160608 0.226127 0.0875326 0.0573415 0.0437238 0.0135853 0.00432478 0.000889338 0.000122812 1.18597e-05 5.96478e-07
 2.13876e-27 2.15749e-27 5.03241e-27 9.83216e-22 5.84756e-17 7.99549e-13 2.51339e-09 1.81644e-06 0.000301798 0.0115285 0.101244 0.204419 0.0957872 0.0341528 0.146986 0.206946 0.0810183 0.0557329 0.0428066 0.0134734 0.00445287 0.000996289 0.000140595 1.15253e-05 5.07248e-07
 2.13967e-27 2.15964e-27 5.24634e-27 1.05572e-21 6.27877e-17 8.5851e-13 2.69874e-09 1.95039e-06 0.000324054 0.0123786 0.10871 0.219493 0.102774 0.0346294 0.145352 0.204431 0.0772551 0.0451416 0.0340073 0.0108634 0.00366614 0.000836944 0.000124563 1.0706e-05 4.4218e-07
 2.13861e-27 2.15702e-27 4.96844e-27 9.61449e-22 5.7181e-17 7.81848e-13 2.45775e-09 1.77622e-06 0.000295117 0.0112733 0.0990024 0.199894 0.0937469 0.0355285 0.156748 0.220516 0.0832476 0.0483638 0.0361496 0.0108838 0.00342514 0.000790532 0.000121493 1.08713e-05 4.6935e-07
 2.13963e-27 2.15956e-27 5.24099e-27 1.05392e-21 6.26806e-17 8.57045e-13 2.69413e-09 1.94706e-06 0.000323501 0.0123575 0.108524 0.219118 0.10259 0.0343533 0.14378 0.202284 0.0774557 0.0482503 0.0363122 0.010659 0.0031902 0.000689962 0.000100266 9.06058e-06 4.04946e-07
 2.13912e-27 2.15826e-27 5.09644e-27 1.00485e-21 5.97624e-17 8.17145e-13 2.56871e-09 1.85641e-06 0.00030844 0.0117822 0.103472 0.208918 0.097914 0.0354054 0.153277 0.215567 0.0807253 0.0449514 0.0334545 0.0102232 0.00321709 0.000681927 9.32584e-05 7.90928e-06 3.4483e-07
 2.1397e-27 2.15972e-27 5.25745e-27 1.0595e-21 6.30126e-17 8.61585e-13 2.7084e-09 1.95737e-06 0.000325214 0.012423 0.109099 0.220279 0.103126 0.0343251 0.143258 0.201544 0.0771417 0.0479626 0.0360626 0.0105261 0.00313691 0.000684282 9.66194e-05 7.94627e-06 3.26494e-07
 2.14012e-27 2.16074e-27 5.36193e-27 1.09493e-21 6.51194e-17 8.90392e-13 2.79896e-09 2.02281e-06 0.000336088 0.0128383 0.112747 0.227643 0.10653 0.0343148 0.140975 0.198253 0.074971 0.0439499 0.0330285 0.0102862 0.00331441 0.000704884 9.67054e-05 8.10847e-06 3.33631e-07
 2.13919e-27 2.15844e-27 5.11646e-27 1.01165e-21 6.01667e-17 8.22672e-13 2.58608e-09 1.86897e-06 0.000310526 0.0118619 0.104172 0.210331 0.0985618 0.0352597 0.151961 0.213726 0.080261 0.0453682 0.0338126 0.0102723 0.00325404 0.000731268 0.000105784 8.76382e-06 3.58081e-07
 2.14024e-27 2.16102e-27 5.39141e-27 1.10493e-21 6.57142e-17 8.98524e-13 2.82452e-09 2.04129e-06 0.000339157 0.0129556 0.113777 0.229722 0.107487 0.034208 0.139697 0.196465 0.0745369 0.0443955 0.0331771 0.009656 0.00286125 0.000622241 8.99274e-05 7.7894e-06 3.25759e-07
 2.13943e-27 2.159e-27 5.17291e-27 1.03078e-21 6.13046e-17 8.38231e-13 2.63499e-09 1.90432e-06 0.000316399 0.0120862 0.106142 0.214309 0.100404 0.0353557 0.151349 0.212815 0.0792909 0.042932 0.0317639 0.00957014 0.00295191 0.000620531 8.45089e-05 7.14909e-06 3.04193e-07
 2.13867e-27 2.15721e-27 4.99253e-27 9.69638e-22 5.7668e-17 7.88508e-13 2.47868e-09 1.79135e-06 0.000297631 0.0113693 0.0998456 0.201597 0.0945189 0.0351285 0.153794 0.216415 0.0826682 0.0509103 0.0382195 0.0111247 0.00329371 0.00070997 9.87314e-05 8.05613e-06 3.29397e-07
 2.13918e-27 2.15846e-27 5.12501e-27 1.01458e-21 6.03407e-17 8.25052e-13 2.59356e-09 1.87437e-06 0.000311425 0.0118962 0.104473 0.210939 0.0988226 0.0347147 0.148452 0.20887 0.0797919 0.0491695 0.0370719 0.0111954 0.00345965 0.000724947 9.77893e-05 8.0637e-06 3.27558e-07
 2.13938e-27 2.15898e-27 5.18308e-27 1.03429e-21 6.15134e-17 8.41086e-13 2.64397e-09 1.9108e-06 0.000317477 0.0121274 0.106503 0.215038 0.1007 0.0342368 0.144298 0.203056 0.0782801 0.050343 0.0383056 0.0119372 0.00387733 0.000849112 0.000118215 9.58383e-06 3.84777e-07
#obs catch len freq
 4.08321e-40 1.99845e-33 2.24869e-27 5.81714e-22 3.45967e-17 4.73047e-13 1.48703e-09 1.07468e-06 0.000178559 0.00682074 0.0598997 0.120948 0.0572639 0.0359352 0.183023 0.258038 0.102947 0.0765031 0.0608522 0.0234534 0.0101939 0.00313116 0.000704988 9.84428e-05 7.09668e-06
 4.2006e-40 2.0559e-33 2.31333e-27 5.98437e-22 3.55913e-17 4.86647e-13 1.52978e-09 1.10557e-06 0.000183693 0.00701683 0.0616218 0.124425 0.0588816 0.0362088 0.183646 0.258856 0.102441 0.0737516 0.0582585 0.0219234 0.00929132 0.00279379 0.000611348 8.22748e-05 5.68339e-06
 5.73503e-40 2.8069e-33 3.15837e-27 8.1704e-22 4.85925e-17 6.64414e-13 2.08859e-09 1.50943e-06 0.000250794 0.00958 0.0841316 0.169871 0.0798513 0.0351155 0.163274 0.229974 0.0900047 0.0619076 0.0484483 0.0177037 0.00725579 0.00211827 0.00044922 5.86171e-05 3.90646e-06
 5.22067e-40 2.55516e-33 2.8751e-27 7.43762e-22 4.42343e-17 6.04824e-13 1.90127e-09 1.37405e-06 0.000228301 0.00872079 0.076586 0.154638 0.0729303 0.0383591 0.187667 0.263953 0.0965599 0.0469359 0.0347529 0.0122184 0.00479081 0.00134765 0.000274329 3.45287e-05 2.22552e-06
 6.02048e-40 2.94661e-33 3.31557e-27 8.57706e-22 5.1011e-17 6.97483e-13 2.19254e-09 1.58456e-06 0.000263276 0.0100568 0.088319 0.178326 0.0838181 0.0366603 0.170158 0.239411 0.0898289 0.0505258 0.0374163 0.0108343 0.00332342 0.000868818 0.000167616 2.01502e-05 1.24788e-06
 5.47077e-40 2.67756e-33 3.01283e-27 7.79392e-22 4.63533e-17 6.33798e-13 1.99235e-09 1.43988e-06 0.000239237 0.00913856 0.0802549 0.162045 0.0763621 0.0385514 0.186609 0.2624 0.0952197 0.0438581 0.0316519 0.00975949 0.00311523 0.000677089 0.000104799 1.1473e-05 6.73499e-07
 4.05872e-40 1.98646e-33 2.2352e-27 5.78225e-22 3.43892e-17 4.70211e-13 1.47811e-09 1.06823e-06 0.000177489 0.00677983 0.0595405 0.120224 0.0570723 0.0397522 0.206544 0.290667 0.1075 0.0557629 0.0406312 0.011346 0.00318135 0.000705643 0.000104099 9.34593e-06 4.67797e-07
 3.93355e-40 1.9252e-33 2.16627e-27 5.60392e-22 3.33286e-17 4.55709e-13 1.43252e-09 1.03529e-06 0.000172015 0.00657074 0.0577042 0.116516 0.0552757 0.0375565 0.194258 0.273754 0.107024 0.0731555 0.0557028 0.0163476 0.00483051 0.000987024 0.000132179 1.13771e-05 5.02008e-07
 9.80855e-40 4.80061e-33 5.40172e-27 1.39737e-21 8.31071e-17 1.13634e-12 3.57209e-09 2.58156e-06 0.000428929 0.0163846 0.143889 0.290519 0.135483 0.0312287 0.103185 0.144975 0.0559954 0.0363472 0.0279623 0.00942772 0.00333848 0.000726764 9.82511e-05 7.81788e-06 3.18507e-07
 6.92234e-40 3.38801e-33 3.81224e-27 9.8619e-22 5.86524e-17 8.01966e-13 2.52099e-09 1.82192e-06 0.000302715 0.0115633 0.101549 0.205038 0.0962688 0.0393595 0.178583 0.250583 0.0841767 0.0177797 0.0100542 0.00325524 0.00115021 0.000285321 4.51851e-05 3.80537e-06 1.50914e-07
 3.00801e-40 1.47221e-33 1.65656e-27 4.28535e-22 2.54866e-17 3.48483e-13 1.09546e-09 7.91691e-07 0.000131541 0.00502468 0.0441268 0.089105 0.0428221 0.0433954 0.238164 0.334903 0.118627 0.0455215 0.0305169 0.0065186 0.000927958 0.000182606 3.00412e-05 2.89157e-06 1.27534e-07
 8.47109e-40 4.14601e-33 4.66516e-27 1.20683e-21 7.17749e-17 9.81391e-13 3.08501e-09 2.22955e-06 0.000370442 0.0141504 0.124269 0.250906 0.11717 0.0312288 0.115126 0.162204 0.0675788 0.0581488 0.0446844 0.0113136 0.0024559 0.00036144 2.82477e-05 2.07872e-06 9.71129e-08
 7.91495e-40 3.87382e-33 4.35888e-27 1.1276e-21 6.70627e-17 9.16961e-13 2.88248e-09 2.08317e-06 0.000346122 0.0132214 0.11611 0.234436 0.109787 0.0374004 0.157763 0.221317 0.0749266 0.0177985 0.0108819 0.00410911 0.00157517 0.000295385 2.84196e-05 1.47556e-06 4.05651e-08
 4.88537e-40 2.39105e-33 2.69045e-27 6.95993e-22 4.13933e-17 5.65979e-13 1.77916e-09 1.2858e-06 0.000213638 0.00816069 0.0716672 0.144708 0.0684651 0.0417065 0.211095 0.296549 0.10235 0.0307282 0.019293 0.00420652 0.000676236 0.000154022 2.42411e-05 1.66083e-06 4.60086e-08
 5.19454e-40 2.54237e-33 2.86071e-27 7.40039e-22 4.40129e-17 6.01797e-13 1.89175e-09 1.36717e-06 0.000227158 0.00867714 0.0762027 0.153864 0.0725697 0.0382843 0.187445 0.263749 0.098098 0.0525161 0.0377984 0.00877599 0.0015482 0.000222281 1.95965e-05 1.55247e-06 6.12256e-08
 3.70584e-40 1.81375e-33 2.04086e-27 5.27952e-22 3.13993e-17 4.29328e-13 1.3496e-09 9.75357e-07 0.000162057 0.00619036 0.0543638 0.109772 0.0522828 0.0408809 0.216584 0.304708 0.110933 0.0521935 0.0375437 0.0108303 0.00301305 0.000497916 4.09966e-05 2.07433e-06 6.19659e-08
 7.14414e-40 3.49656e-33 3.93439e-27 1.01779e-21 6.05317e-17 8.27661e-13 2.60176e-09 1.8803e-06 0.000312414 0.0119338 0.104803 0.211605 0.0991102 0.0341625 0.14488 0.203947 0.0796043 0.0540157 0.0407893 0.0111757 0.00298157 0.00060209 7.16223e-05 4.17668e-06 1.0393e-07
 4.76075e-40 2.33006e-33 2.62182e-27 6.78239e-22 4.03374e-17 5.51541e-13 1.73378e-09 1.253e-06 0.000208188 0.00795252 0.0698391 0.141017 0.0667521 0.041532 0.211142 0.296638 0.102633 0.0317091 0.0209275 0.00682141 0.0023008 0.000465208 5.73301e-05 4.18231e-06 1.34735e-07
 5.49671e-40 2.69026e-33 3.02712e-27 7.83088e-22 4.65732e-17 6.36804e-13 2.0018e-09 1.4467e-06 0.000240372 0.0091819 0.0806355 0.162813 0.0766869 0.0377412 0.181432 0.255288 0.0952953 0.05206 0.0376166 0.00884026 0.00173654 0.000371717 5.47371e-05 4.22859e-06 1.51933e-07
 6.05635e-40 2.96416e-33 3.33532e-27 8.62816e-22 5.13149e-17 7.01639e-13 2.20561e-09 1.594e-06 0.000264845 0.0101167 0.0888452 0.179389 0.0843646 0.0381313 0.178817 0.251354 0.0904891 0.0394186 0.027962 0.00812323 0.00229015 0.0003905 3.91917e-05 3.06593e-06 1.23649e-07
 4.73637e-40 2.31812e-33 2.60839e-27 6.74766e-22 4.01308e-17 5.48717e-13 1.7249e-09 1.24659e-06 0.000207122 0.00791179 0.0694814 0.140294 0.0663795 0.0405025 0.205075 0.2883 0.102643 0.0410944 0.0283404 0.0074738 0.00187081 0.000375963 4.57132e-05 2.92521e-06 9.61564e-08
 7.13329e-40 3.49125e-33 3.92841e-27 1.01624e-21 6.04397e-17 8.26404e-13 2.59781e-09 1.87744e-06 0.00031194 0.0119157 0.104644 0.211284 0.0990192 0.0356921 0.154314 0.216989 0.0807347 0.043331 0.0314731 0.00805084 0.00185663 0.000339808 3.97269e-05 2.89216e-06 9.80761e-08
 4.95253e-40 2.42392e-33 2.72743e-27 7.05561e-22 4.19623e-17 5.73759e-13 1.80362e-09 1.30348e-06 0.000216575 0.00827287 0.0726524 0.146697 0.0693647 0.0411752 0.207252 0.291184 0.101125 0.032451 0.0213532 0.00615303 0.00174571 0.000320398 3.43097e-05 2.3158e-06 8.00899e-08
 6.01781e-40 2.9453e-33 3.3141e-27 8.57326e-22 5.09883e-17 6.97173e-13 2.19157e-09 1.58385e-06 0.000263159 0.0100524 0.0882798 0.178247 0.083811 0.0374456 0.174975 0.246102 0.0908863 0.0466984 0.0334409 0.00791695 0.00154706 0.000293731 3.65505e-05 2.4763e-06 7.96762e-08
 6.29747e-40 3.08217e-33 3.46811e-27 8.97167e-22 5.33579e-17 7.29573e-13 2.29342e-09 1.65746e-06 0.000275389 0.0105195 0.0923823 0.18653 0.0876721 0.0382883 0.177623 0.249586 0.0887134 0.0350705 0.0242917 0.00685035 0.00185018 0.000313483 3.00329e-05 2.04071e-06 7.08894e-08
 4.80799e-40 2.35318e-33 2.64783e-27 6.8497e-22 4.07377e-17 5.57015e-13 1.75098e-09 1.26544e-06 0.000210254 0.00803144 0.0705321 0.142416 0.0673629 0.0405723 0.204862 0.287974 0.10218 0.0398056 0.0271886 0.00691551 0.00160137 0.000308582 3.61838e-05 2.2449e-06 6.75998e-08
 5.23131e-40 2.56036e-33 2.88096e-27 7.45278e-22 4.43245e-17 6.06057e-13 1.90514e-09 1.37685e-06 0.000228766 0.00873857 0.0767421 0.154953 0.0730728 0.038273 0.187048 0.263166 0.0975584 0.051274 0.0370767 0.00936803 0.00209084 0.000366179 3.97819e-05 2.75013e-06 8.98328e-08
 5.63041e-40 2.7557e-33 3.10075e-27 8.02136e-22 4.7706e-17 6.52293e-13 2.05049e-09 1.48189e-06 0.000246219 0.00940524 0.0825968 0.166773 0.0785402 0.0383423 0.183907 0.258603 0.0940484 0.0439388 0.0315362 0.00903087 0.00252418 0.00045588 4.69744e-05 2.98946e-06 9.6914e-08
#spawning biomass
 2859.65 2852.19 3293.69 4017.89 5072.21 6251.17 6708.69 5932.3 7294.54 13970.3 15763.7 14332.1 23142.9 31501.1 30286.9 25027.5 21170.2 22964.8 20500.4 20161.5 20624.4 23054.9 27369.6 26704 29419.5 32876.4 28959 31279.6 44026.7 82867 95375.7 76568.3 58549.9 47038.8 40434.1 36839.9 34946.4 33969.7 33473 33222.8 33097.6 33035.3 33004.3 32988.9 32981.3 32977.6 32975.7 32974.8 32974.4 32974.2 32974 32974 32974 32974 32973.9 32973.9 32973.9 32973.9 32973.9 32973.9 32973.9 32973.9 32973.9 32973.9 32973.9 32973.9 32973.9 32973.9 32973.9 32973.9 32973.9 32973.9 32973.9 32973.9 32973.9 32973.9 32973.9 32973.9 32973.9 32973.9 32973.9 32973.9 32973.9 32973.9 32973.9 32973.9 32973.9 32973.9 32973.9 32973.9 32973.9 32973.9 32973.9 32973.9 32973.9 32973.9 32973.9 32973.9 32973.9 32973.9 32973.9 32973.9 32973.9 32973.9 32973.9 32973.9 32973.9 32973.9 32973.9 32973.9 32973.9 32973.9 32973.9 32973.9 32973.9 32973.9 32973.9 32973.9 32973.9 32973.9 32973.9 32973.9 32973.9 32973.9 32973.9 32973.9 32973.9 32973.9 0 0 0 0 0 0 0 0 0 0 0 0 0 0 0 0 0 0 0 0 0 0 0 0 0
