SBPRF35
0.280689
Curr Bio
170430
B35
284445
F35
0.562575
FOFL
0.347435
OFL
28288.6
Bzero
80196.8
#pred survey bio
 24193.4 25353.7 30199.1 35415.5 41249.3 47786.1 57845.8 68907 80807.1 93185.1 112115 132968 137549 163988 180489 173824 174564 171441 160497 181128 182487 198614 187795 175776 193046 167813 178530 197084 7.27042e+06 5.06167e+06 3.93232e+06 2.62996e+06 1.77124e+06 1.28412e+06 1.0227e+06 883901 808770 766484 741534 726133 716273 709787 705416 702417 700418 699076 698172 697560 697146 696865 696674 696545 696456 696397 696356 696328 696309 696297 696288 696282 696278 696275 696273 696272 696271 696271 696270 696270 696270 696270 696270 696269 696269 696269 696269 696269 696269 696269 696269 696269 696269 696269 696269 696269 696269 696269 696269 696269 696269 696269 696269 696269 696269 696269 696269 696269 696269 696269 696269 696269 696269 696269 696269 696269 696269 696269 696269 696269 696269 696269 696269 696269 696269 696269 696269 696269 696269 696269 696269 696269 696269 696269 696269 696269 696269 696269 696269 696269 0 0 0 0 0 0 0 0 0 0 0 0 0 0 0 0 0 0 0 0 0 0 0 0 0
#obs survey bio
 20636.5 24588.7 27634.5 40907.5 33557.3 55984.8 37333.7 82287.3 66900.7 92934.5 95245.2 119973 121742 146968 113717 92468.4 142759 147794 150452 143027 126044 171000 191760 165472 151864 206490 141659 150752
#pred catch bio
 11217.7 11206.5 14151.3 17231.5 20186.3 22004.2 27470.2 34178.1 41402 45735.5 54486.3 74283.6 68074.7 86136.6 103425 97563.4 101875 103651 85632.7 109390 102437 121532 119177 99457.2 128529 101480 103822 114096 28288.6 70872.7 59829.8 37335.4 22711.5 15028.9 11346.8 9679.41 8953.3 8645.9 8518.43 8466.39 8445.39 8436.99 8433.65 8432.33 8431.82 8431.62 8431.54 8431.51 8431.5 8431.5 8431.49 8431.49 8431.49 8431.49 8431.49 8431.49 8431.49 8431.49 8431.49 8431.49 8431.49 8431.49 8431.49 8431.49 8431.49 8431.49 8431.49 8431.49 8431.49 8431.49 8431.49 8431.49 8431.49 8431.49 8431.49 8431.49 8431.49 8431.49 8431.49 8431.49 8431.49 8431.49 8431.49 8431.49 8431.49 8431.49 8431.49 8431.49 8431.49 8431.49 8431.49 8431.49 8431.49 8431.49 8431.49 8431.49 8431.49 8431.49 8431.49 8431.49 8431.49 8431.49 8431.49 8431.49 8431.49 8431.49 8431.49 8431.49 8431.49 8431.49 8431.49 8431.49 8431.49 8431.49 8431.49 8431.49 8431.49 8431.49 8431.49 8431.49 8431.49 8431.49 8431.49 8431.49 8431.49 8431.49 8431.49 8431.49 0 0 0 0 0 0 0 0 0 0 0 0 0 0 0 0 0 0 0 0 0 0 0 0 0
#obs catch bio
 9970.59 10975.5 14123.4 16196.5 20606.6 20925.8 26862.7 31478 39320.7 41928.3 51104.1 70628.4 62712.8 81123.1 100239 93217.1 102078 97517.1 75876.9 107549 97000.1 118267 109416 88380.8 127967 89821.1 97162.6 109880
#pred cpue bio
 16344.2 15013.4 17500.1 20107.6 23021.5 26696.8 32719.7 38572.5 44434.6 50685.9 61354.2 73775.8 74298.6 89766.7 99012.4 95661.8 95493.6 91825.2 85506 97073.2 93624.1 104757 98472 89265.2 100746 83915.4 89508.7 100379 3.80337e+06 4.01539e+06 3.67031e+06 2.46643e+06 1.61481e+06 1.12814e+06 866741 727947 652816 610530 585579 570178 560318 553833 549462 546462 544463 543121 542217 541606 541191 540910 540720 540590 540502 540442 540401 540374 540355 540342 540333 540327 540323 540321 540319 540317 540317 540316 540316 540315 540315 540315 540315 540315 540315 540315 540315 540315 540315 540315 540315 540315 540315 540315 540315 540315 540315 540315 540315 540315 540315 540315 540315 540315 540315 540315 540315 540315 540315 540315 540315 540315 540315 540315 540315 540315 540315 540315 540315 540315 540315 540315 540315 540315 540315 540315 540315 540315 540315 540315 540315 540315 540315 540315 540315 540315 540315 540315 540315 540315 0 0 0 0 0 0 0 0 0 0 0 0 0 0 0 0 0 0 0 0 0 0 0 0 0
#obs cpue bio
 11638.9 17970.7 18048.8 27906.5 18908.4 35982.2 46490.6 58727.9 57197.9 77730.4 82160.8 106339 113745 122943 170647 194864 121502 156189 147382 119706 157147 141166 158603 140102 123105 126736 125942 170412
#pred surv len freq
 1.48607e-11 1.6137e-09 1.0331e-07 3.89945e-06 8.67767e-05 0.00113854 0.00880789 0.0401911 0.108375 0.174322 0.17499 0.130647 0.100795 0.0819968 0.057614 0.0371447 0.0245552 0.0165101 0.0114329 0.00834551 0.00654175 0.00557802 0.00489441 0.00380225 0.00222702
 1.54914e-11 1.68218e-09 1.07695e-07 4.06494e-06 9.04593e-05 0.00118686 0.00918176 0.0418987 0.113003 0.181947 0.183496 0.139165 0.109607 0.0884471 0.058394 0.0328372 0.0179295 0.00951282 0.00503301 0.00286771 0.0018241 0.00131482 0.00103611 0.000771593 0.00045162
 1.53133e-11 1.66284e-09 1.06457e-07 4.01821e-06 8.94195e-05 0.00117322 0.0090763 0.0414188 0.111728 0.180052 0.182324 0.140222 0.112863 0.0922176 0.061192 0.0342887 0.0180459 0.00858598 0.00366605 0.00153206 0.000687917 0.000362881 0.000230127 0.000153509 8.63671e-05
 1.56254e-11 1.69674e-09 1.08627e-07 4.10011e-06 9.12421e-05 0.00119713 0.00926123 0.0422615 0.113984 0.183552 0.185228 0.140776 0.111241 0.0899087 0.0592767 0.032938 0.0171598 0.00802572 0.00325772 0.00118874 0.000404571 0.000140618 5.84095e-05 2.98453e-05 1.49713e-05
 1.57798e-11 1.7135e-09 1.097e-07 4.14062e-06 9.21437e-05 0.00120896 0.00935273 0.0426789 0.115108 0.185345 0.186958 0.141859 0.111679 0.0896086 0.0580249 0.0311309 0.0156158 0.0071054 0.00281178 0.000988671 0.000308923 8.62761e-05 2.32953e-05 7.20013e-06 2.6425e-06
 1.56513e-11 1.69954e-09 1.08806e-07 4.1069e-06 9.13931e-05 0.00119911 0.00927659 0.0423323 0.114184 0.183946 0.185962 0.142189 0.113236 0.0912988 0.0589453 0.0312905 0.0154101 0.00681919 0.00259331 0.000873205 0.000261479 6.82195e-05 1.54556e-05 3.19627e-06 6.91504e-07
 1.55507e-11 1.68862e-09 1.08107e-07 4.08049e-06 9.08055e-05 0.0011914 0.00921694 0.04206 0.113449 0.182759 0.18475 0.14125 0.112607 0.0913043 0.0599553 0.0329008 0.0167519 0.00753351 0.00286559 0.000949647 0.000275217 6.86176e-05 1.45511e-05 2.59764e-06 3.9888e-07
 1.57832e-11 1.71387e-09 1.09723e-07 4.14151e-06 9.21634e-05 0.00120922 0.00935472 0.0426878 0.115129 0.185352 0.186845 0.141468 0.111058 0.0891936 0.0581984 0.0317105 0.0161317 0.00735335 0.00286891 0.000972784 0.000283744 6.97455e-05 1.4289e-05 2.40285e-06 3.2674e-07
 1.59917e-11 1.7365e-09 1.11173e-07 4.19621e-06 9.33806e-05 0.00122519 0.00947825 0.043251 0.116641 0.187734 0.188995 0.142417 0.110846 0.0881873 0.0565542 0.0298064 0.0146142 0.00649138 0.00249178 0.000842636 0.000248967 6.2235e-05 1.28138e-05 2.12038e-06 2.76119e-07
 1.60565e-11 1.74354e-09 1.11623e-07 4.21322e-06 9.37591e-05 0.00123016 0.00951667 0.0434264 0.117116 0.188508 0.189823 0.143154 0.111473 0.0884027 0.0560214 0.0287485 0.0135962 0.00581072 0.00213026 0.000688078 0.000197191 4.87832e-05 1.00996e-05 1.68742e-06 2.19621e-07
 1.59888e-11 1.73619e-09 1.11153e-07 4.19546e-06 9.33639e-05 0.00122497 0.00947656 0.0432435 0.116624 0.18773 0.1891 0.142779 0.111451 0.0887125 0.0566857 0.0295564 0.0141767 0.00604975 0.00217461 0.000678049 0.00018577 4.39286e-05 8.8026e-06 1.45064e-06 1.88875e-07
 1.57248e-11 1.70753e-09 1.09318e-07 4.12619e-06 9.18225e-05 0.00120475 0.00932017 0.042531 0.114717 0.184785 0.186716 0.142512 0.113156 0.0909853 0.0584814 0.0307525 0.0149248 0.00645916 0.00235915 0.000742052 0.000201219 4.61338e-05 8.85196e-06 1.39735e-06 1.76347e-07
 1.60507e-11 1.74292e-09 1.11583e-07 4.2117e-06 9.37254e-05 0.00122971 0.00951327 0.0434113 0.11708 0.188496 0.190015 0.143824 0.112553 0.0891933 0.0558933 0.0279396 0.0127808 0.00530695 0.00188395 0.000581816 0.00015685 3.58626e-05 6.78682e-06 1.03954e-06 1.26006e-07
 1.59483e-11 1.73179e-09 1.10871e-07 4.18482e-06 9.31272e-05 0.00122187 0.00945255 0.0431342 0.116332 0.187287 0.188779 0.142865 0.11192 0.0892488 0.0570264 0.0296709 0.0141327 0.00593297 0.00207043 0.000620728 0.00016286 3.65697e-05 6.85648e-06 1.04225e-06 1.24364e-07
 1.57914e-11 1.71476e-09 1.0978e-07 4.14366e-06 9.22113e-05 0.00120985 0.00935964 0.0427112 0.115206 0.185588 0.187605 0.143375 0.113948 0.0912629 0.0577883 0.0294257 0.0137507 0.00578282 0.0020566 0.000626534 0.000163522 3.58399e-05 6.53181e-06 9.71735e-07 1.14358e-07
 1.54876e-11 1.68177e-09 1.07669e-07 4.06395e-06 9.04375e-05 0.00118658 0.00917969 0.0418921 0.113024 0.182293 0.185308 0.144299 0.117816 0.0952515 0.0595882 0.0292949 0.0130473 0.00524552 0.00178403 0.000524309 0.000135137 2.96552e-05 5.37406e-06 7.84152e-07 8.99916e-08
 1.57941e-11 1.71505e-09 1.09799e-07 4.14437e-06 9.2227e-05 0.00121006 0.00936124 0.0427186 0.115227 0.18563 0.187684 0.143531 0.114191 0.0915075 0.05793 0.0293994 0.0135386 0.0054817 0.00182257 0.000513163 0.000126061 2.65933e-05 4.71355e-06 6.81738e-07 7.75552e-08
 1.60579e-11 1.74369e-09 1.11633e-07 4.21358e-06 9.37673e-05 0.00123026 0.00951754 0.0434311 0.117139 0.18863 0.190338 0.144545 0.113613 0.0899354 0.0557095 0.0270623 0.011879 0.00471543 0.00157545 0.000446557 0.000108285 2.20218e-05 3.72148e-06 5.16135e-07 5.71331e-08
 1.59632e-11 1.73342e-09 1.10975e-07 4.18875e-06 9.32146e-05 0.00122301 0.00946149 0.0431763 0.116464 0.187649 0.189839 0.14543 0.115738 0.0918235 0.0561009 0.0262563 0.0109071 0.00409785 0.00129056 0.000345131 8.08241e-05 1.62124e-05 2.69605e-06 3.62172e-07 3.84244e-08
 1.62269e-11 1.76205e-09 1.12808e-07 4.25795e-06 9.47545e-05 0.00124321 0.00961767 0.0438868 0.11835 0.190434 0.191474 0.143643 0.110896 0.0874364 0.0550965 0.0278795 0.0127379 0.00505372 0.00161121 0.000424428 9.58595e-05 1.83603e-05 2.93716e-06 3.84944e-07 3.99832e-08
 1.67513e-11 1.81899e-09 1.16454e-07 4.39554e-06 9.78164e-05 0.00128339 0.00992838 0.0453031 0.122149 0.196384 0.196687 0.145481 0.109474 0.08412 0.0507312 0.023454 0.00964992 0.00365495 0.00118246 0.000323503 7.47456e-05 1.42071e-05 2.19904e-06 2.75667e-07 2.74779e-08
 1.61882e-11 1.75784e-09 1.12539e-07 4.24778e-06 9.45282e-05 0.00124025 0.00959476 0.0437834 0.118086 0.190136 0.191765 0.145368 0.113841 0.0895855 0.0546785 0.0256335 0.0106378 0.00394852 0.00120785 0.00030949 6.94088e-05 1.33597e-05 2.11414e-06 2.65742e-07 2.59033e-08
 1.62319e-11 1.76259e-09 1.12843e-07 4.25924e-06 9.47833e-05 0.00124359 0.00962066 0.0439015 0.118405 0.190648 0.192273 0.145724 0.114035 0.089524 0.0542473 0.0249979 0.0101308 0.00369197 0.00111046 0.000275902 5.86337e-05 1.05788e-05 1.59787e-06 1.98379e-07 1.94772e-08
 1.67888e-11 1.82307e-09 1.16714e-07 4.40539e-06 9.80356e-05 0.00128626 0.00995064 0.0454048 0.122426 0.19685 0.197245 0.146127 0.110176 0.0844868 0.0503698 0.0225644 0.00877332 0.00307906 0.000893865 0.000213151 4.3456e-05 7.51563e-06 1.07691e-06 1.25934e-07 1.17791e-08
 1.63797e-11 1.77864e-09 1.1387e-07 4.29803e-06 9.56464e-05 0.00125492 0.00970822 0.0443002 0.119469 0.192267 0.193465 0.145481 0.112482 0.0878522 0.0534042 0.024878 0.010206 0.00371528 0.00109379 0.000260882 5.25114e-05 8.84467e-06 1.22171e-06 1.36784e-07 1.21654e-08
 1.69231e-11 1.83765e-09 1.17648e-07 4.44062e-06 9.88196e-05 0.00129655 0.0100302 0.0457677 0.123401 0.198393 0.198674 0.146857 0.110208 0.0839053 0.049154 0.0210777 0.00765865 0.00254838 0.000718704 0.000167397 3.30887e-05 5.47858e-06 7.40474e-07 8.04531e-08 6.88869e-09
 1.70049e-11 1.84653e-09 1.18217e-07 4.46209e-06 9.92973e-05 0.00130282 0.0100787 0.045988 0.123985 0.199251 0.199152 0.146222 0.108592 0.0824963 0.0489408 0.0217494 0.00831821 0.00283376 0.00077883 0.000170346 3.15088e-05 4.99532e-06 6.59008e-07 7.03198e-08 5.89848e-09
 1.67657e-11 1.82056e-09 1.16554e-07 4.39933e-06 9.79007e-05 0.00128449 0.00993695 0.0453424 0.122257 0.196581 0.196984 0.145957 0.110106 0.0845541 0.0506206 0.0229037 0.00902163 0.00317965 0.000911877 0.000209819 3.99569e-05 6.22256e-06 7.80269e-07 7.90321e-08 6.39091e-09
#obs surv len freq
 1.30827e-11 1.42063e-09 9.09497e-08 3.4329e-06 7.63946e-05 0.00100234 0.00775464 0.0353952 0.0955768 0.154773 0.160101 0.131838 0.117945 0.106503 0.0811483 0.0537291 0.0312875 0.0150199 0.0057128 0.00168708 0.000377187 6.22289e-05 7.37339e-06 6.08201e-07 3.38729e-08
 1.33915e-11 1.45416e-09 9.30965e-08 3.51393e-06 7.81979e-05 0.001026 0.0079379 0.0362352 0.0978855 0.158777 0.165202 0.13764 0.123109 0.107792 0.0769114 0.0463356 0.0246169 0.0110111 0.00399364 0.00114812 0.000251432 4.0156e-05 4.51943e-06 3.48966e-07 1.80673e-08
 1.29208e-11 1.40304e-09 8.9824e-08 3.39041e-06 7.54493e-05 0.000989946 0.00765923 0.0349686 0.0945297 0.153786 0.161784 0.138517 0.127149 0.112258 0.0804573 0.0482442 0.0247404 0.0103124 0.00341367 0.000897763 0.000183088 2.76999e-05 2.97468e-06 2.18524e-07 1.06711e-08
 1.41647e-11 1.53812e-09 9.8472e-08 3.71684e-06 8.27133e-05 0.00108525 0.00839642 0.0383296 0.103545 0.167851 0.173612 0.140713 0.119613 0.101069 0.0710662 0.0419155 0.0209505 0.0083912 0.00261234 0.000629942 0.000115845 1.57898e-05 1.54434e-06 1.04744e-07 4.76843e-09
 1.25426e-11 1.36198e-09 8.71952e-08 3.29119e-06 7.32415e-05 0.000960998 0.00743588 0.0339611 0.0919439 0.150475 0.16157 0.144314 0.135595 0.117005 0.0796339 0.0444989 0.0211835 0.00819538 0.00247067 0.000569698 9.80698e-05 1.22471e-05 1.08146e-06 6.59114e-08 2.70619e-09
 1.3425e-11 1.4578e-09 9.33293e-08 3.52273e-06 7.8394e-05 0.0010286 0.0079587 0.0363428 0.0983036 0.160151 0.168513 0.142031 0.125056 0.106916 0.076018 0.0449048 0.0216958 0.00811011 0.00230182 0.000497326 8.04044e-05 9.40329e-06 7.69797e-07 4.29447e-08 1.59699e-09
 1.27316e-11 1.3825e-09 8.85088e-08 3.34078e-06 7.43453e-05 0.000975497 0.00754852 0.0344831 0.0934254 0.153217 0.165073 0.146821 0.134866 0.113779 0.0767941 0.0427663 0.0200281 0.00748387 0.00213232 0.00045186 6.9517e-05 7.58498e-06 5.74678e-07 2.95831e-08 1.0119e-09
 1.3778e-11 1.49613e-09 9.57838e-08 3.61537e-06 8.0456e-05 0.00105567 0.00816862 0.0373088 0.100983 0.164815 0.173931 0.145947 0.12521 0.103391 0.0710724 0.0403926 0.0186895 0.00669857 0.00181958 0.000371351 5.54708e-05 5.84901e-06 4.22019e-07 2.03577e-08 6.44863e-10
 1.34423e-11 1.45967e-09 9.34495e-08 3.52727e-06 7.84958e-05 0.00102997 0.0079705 0.0364173 0.0987125 0.161998 0.174085 0.151661 0.133073 0.106962 0.0688356 0.0361654 0.0157814 0.00546238 0.00143787 0.000280941 3.97195e-05 3.95252e-06 2.69701e-07 1.23137e-08 3.6795e-10
 1.31148e-11 1.42411e-09 9.11731e-08 3.44135e-06 7.65842e-05 0.00100491 0.00777706 0.0355424 0.0964279 0.158728 0.172025 0.152086 0.134867 0.109338 0.0714635 0.0377959 0.0160612 0.00524594 0.00128725 0.000235391 3.13737e-05 2.94733e-06 1.89154e-07 8.08909e-09 2.2593e-10
 1.27485e-11 1.38434e-09 8.86268e-08 3.34524e-06 7.44459e-05 0.000976874 0.00756085 0.0345666 0.0939019 0.155252 0.170387 0.153943 0.138193 0.111716 0.072596 0.0381495 0.0160523 0.0051572 0.00122721 0.000213116 2.64973e-05 2.30355e-06 1.36795e-07 5.42646e-09 1.40811e-10
 1.28399e-11 1.39426e-09 8.92621e-08 3.36923e-06 7.498e-05 0.000983901 0.0076157 0.0348242 0.0946562 0.156715 0.172281 0.155142 0.137624 0.110115 0.0712341 0.0371745 0.015392 0.00483252 0.00111889 0.000187884 2.23606e-05 1.83699e-06 1.01801e-07 3.73372e-09 8.91503e-11
 1.26134e-11 1.36966e-09 8.76873e-08 3.3098e-06 7.36581e-05 0.000966587 0.00748259 0.0342301 0.0931753 0.154965 0.172362 0.157882 0.140692 0.111271 0.0706549 0.0360434 0.0145571 0.00445536 0.001003 0.000162843 1.86126e-05 1.45868e-06 7.65782e-08 2.64084e-09 5.88404e-11
 1.25475e-11 1.36251e-09 8.72296e-08 3.29253e-06 7.32743e-05 0.000961574 0.00744436 0.0340631 0.0927782 0.154506 0.17205 0.157101 0.139258 0.110932 0.0720545 0.0375879 0.0153048 0.00466195 0.00103532 0.000164409 1.82178e-05 1.37276e-06 6.87846e-08 2.24932e-09 4.72519e-11
 1.26745e-11 1.37631e-09 8.81126e-08 3.32587e-06 7.40172e-05 0.000971361 0.0075211 0.0344286 0.0938939 0.156912 0.175958 0.161348 0.141009 0.108634 0.067488 0.0336419 0.013208 0.00391446 0.000847702 0.000130784 1.3996e-05 1.01249e-06 4.84358e-08 1.50451e-09 2.98828e-11
 1.06043e-11 1.1515e-09 7.37206e-08 2.78267e-06 6.19312e-05 0.000812885 0.00629777 0.0288895 0.0793716 0.13592 0.162923 0.16711 0.158988 0.125619 0.0774502 0.037544 0.014101 0.00396298 0.000813077 0.000119261 1.21752e-05 8.40766e-07 3.8319e-08 1.13019e-09 2.12377e-11
 1.28416e-11 1.39445e-09 8.92745e-08 3.36974e-06 7.49949e-05 0.000984244 0.00762196 0.0349026 0.0952471 0.15918 0.177471 0.159462 0.136848 0.107082 0.0689605 0.0347193 0.0130755 0.00356653 0.000695166 9.57195e-05 9.13039e-06 5.89157e-07 2.51422e-08 6.95755e-10 1.22793e-11
 1.21268e-11 1.31683e-09 8.43056e-08 3.18223e-06 7.08249e-05 0.000929654 0.00720282 0.0330385 0.0906528 0.154044 0.179015 0.170673 0.148448 0.108968 0.0633733 0.0293628 0.0106713 0.00289956 0.000563593 7.59445e-05 6.9309e-06 4.2063e-07 1.67168e-08 4.28963e-10 7.01376e-12
 1.14105e-11 1.23905e-09 7.93263e-08 2.99431e-06 6.66444e-05 0.000874864 0.00678027 0.031127 0.0856189 0.14645 0.172729 0.168768 0.151652 0.116388 0.0708492 0.0332955 0.0117367 0.00302269 0.000558971 7.26551e-05 6.44631e-06 3.79232e-07 1.44598e-08 3.51596e-10 5.38874e-12
 1.30531e-11 1.41742e-09 9.07458e-08 3.42535e-06 7.62372e-05 0.00100073 0.00775391 0.0355623 0.0974515 0.164447 0.186229 0.167892 0.138605 0.100927 0.0597886 0.0276905 0.00964761 0.00243463 0.000433423 5.33274e-05 4.44384e-06 2.45787e-07 8.85147e-09 2.03967e-10 2.96289e-12
 1.12133e-11 1.21764e-09 7.7956e-08 2.94268e-06 6.55019e-05 0.000860125 0.00667204 0.0307103 0.0850876 0.14818 0.180578 0.180731 0.157862 0.111649 0.0610148 0.0258365 0.00836665 0.00199965 0.000340505 4.00874e-05 3.17701e-06 1.65718e-07 5.58818e-09 1.2009e-10 1.62538e-12
 1.13605e-11 1.23362e-09 7.89796e-08 2.98134e-06 6.63634e-05 0.000871456 0.00675993 0.031108 0.0860762 0.149097 0.179025 0.175749 0.154104 0.113342 0.0649447 0.0278841 0.00869977 0.00193208 0.000302117 3.28101e-05 2.42059e-06 1.18283e-07 3.74319e-09 7.53713e-11 9.52786e-13
 1.24756e-11 1.35472e-09 8.67326e-08 3.27402e-06 7.28788e-05 0.000957019 0.00742325 0.034147 0.0943025 0.162084 0.189892 0.176961 0.1453 0.100931 0.0555277 0.0233319 0.00721659 0.00158319 0.00023972 2.45692e-05 1.67734e-06 7.51695e-08 2.18058e-09 4.03904e-11 4.71605e-13
 1.13118e-11 1.22834e-09 7.86429e-08 2.96879e-06 6.60935e-05 0.00086826 0.00674241 0.0311147 0.0866887 0.15236 0.186818 0.184414 0.155947 0.107017 0.0567336 0.0227927 0.00676469 0.0014352 0.00021128 2.10261e-05 1.3821e-06 5.88636e-08 1.60054e-09 2.74741e-11 2.95095e-13
 1.18023e-11 1.28161e-09 8.20536e-08 3.09757e-06 6.89617e-05 0.000905956 0.00703483 0.032451 0.0902363 0.15748 0.189542 0.181866 0.151123 0.104017 0.0554793 0.0220213 0.00630519 0.0012702 0.000176594 1.66181e-05 1.03618e-06 4.19346e-08 1.08233e-09 1.75692e-11 1.77453e-13
 1.15766e-11 1.25711e-09 8.04868e-08 3.03857e-06 6.76567e-05 0.000889109 0.00691 0.031945 0.0892958 0.157577 0.192932 0.187062 0.153182 0.101616 0.0519264 0.019856 0.00550879 0.00107322 0.00014294 1.27398e-05 7.45984e-07 2.82355e-08 6.81061e-10 1.03404e-11 9.77815e-14
 1.12072e-11 1.21701e-09 7.79208e-08 2.94186e-06 6.55131e-05 0.000861257 0.00669969 0.0310417 0.0872158 0.15553 0.193614 0.1906 0.156477 0.102485 0.0508957 0.0186116 0.00488286 0.000896119 0.000112513 9.46304e-06 5.22288e-07 1.857e-08 4.18945e-10 5.92614e-12 5.20695e-14
 1.22227e-11 1.32729e-09 8.49822e-08 3.20847e-06 7.14499e-05 0.000939241 0.00730395 0.0337984 0.0945465 0.166408 0.20083 0.188256 0.147576 0.0937679 0.0454813 0.0161513 0.00406829 0.000708409 8.35807e-05 6.56476e-06 3.37413e-07 1.11652e-08 2.34462e-10 3.08674e-12 2.52235e-14
#pred catch len freq
 9.60135e-12 1.04259e-09 6.67477e-08 2.51939e-06 5.60658e-05 0.000735624 0.00569166 0.0259899 0.0703346 0.115176 0.125255 0.119033 0.124371 0.11738 0.0883795 0.0607629 0.0420757 0.0288979 0.0201884 0.0147871 0.0116038 0.00989712 0.0086847 0.00674684 0.00395171
 1.05056e-11 1.14078e-09 7.3034e-08 2.75667e-06 6.13461e-05 0.000804908 0.0062278 0.02844 0.0769917 0.126289 0.138307 0.133648 0.140954 0.130345 0.091247 0.0543697 0.0312014 0.0169848 0.00909195 0.00520794 0.00331885 0.00239342 0.00188627 0.00140472 0.000822197
 1.0527e-11 1.1431e-09 7.31825e-08 2.76228e-06 6.14709e-05 0.000806546 0.00624052 0.0284991 0.0771656 0.126687 0.139264 0.135839 0.144519 0.134128 0.0939832 0.055537 0.0305698 0.014882 0.00642414 0.0027009 0.00121614 0.000642122 0.000407303 0.000271705 0.000152868
 1.10189e-11 1.19652e-09 7.66026e-08 2.89137e-06 6.43436e-05 0.000844235 0.00653202 0.0298275 0.0807246 0.132224 0.143938 0.136981 0.142383 0.130806 0.0909481 0.0531413 0.0288929 0.0138115 0.00566315 0.00207787 0.000709141 0.000246775 0.000102549 5.24045e-05 2.62881e-05
 1.12542e-11 1.22207e-09 7.82379e-08 2.95309e-06 6.57172e-05 0.000862257 0.00667143 0.0304636 0.082439 0.134974 0.14666 0.138872 0.143422 0.13062 0.0889975 0.0501083 0.0262512 0.0122226 0.00488777 0.0017282 0.000541492 0.000151411 4.09028e-05 1.26447e-05 4.64089e-06
 1.09368e-11 1.1876e-09 7.60315e-08 2.86981e-06 6.38639e-05 0.000837943 0.00648341 0.0296073 0.0801531 0.131484 0.144034 0.13922 0.146539 0.134241 0.0913007 0.0510004 0.0263175 0.0119405 0.00459352 0.00155652 0.000467619 0.000122174 2.76954e-05 5.72883e-06 1.23952e-06
 1.08788e-11 1.1813e-09 7.56282e-08 2.85459e-06 6.35251e-05 0.000833498 0.006449 0.0294497 0.0797203 0.130725 0.14298 0.1377 0.144677 0.133224 0.0922369 0.0532563 0.0283322 0.0130323 0.00500962 0.00167007 0.000485526 0.000121223 2.5722e-05 4.59298e-06 7.05341e-07
 1.12894e-11 1.22589e-09 7.84829e-08 2.96234e-06 6.59229e-05 0.000864956 0.00669229 0.0305583 0.0826873 0.135318 0.146743 0.13826 0.142212 0.129683 0.0890811 0.0509278 0.0270188 0.0125875 0.00496019 0.00169095 0.000494575 0.000121718 2.49503e-05 4.19664e-06 5.70712e-07
 1.16776e-11 1.26805e-09 8.11817e-08 3.06421e-06 6.81898e-05 0.000894698 0.00692234 0.0316072 0.0855038 0.139753 0.150742 0.140013 0.141795 0.127794 0.0860224 0.0474 0.0242122 0.0109948 0.00426288 0.00144922 0.000429332 0.000107446 2.21333e-05 3.66327e-06 4.77075e-07
 1.16395e-11 1.26391e-09 8.09167e-08 3.0542e-06 6.79672e-05 0.000891778 0.00689979 0.0315051 0.0852395 0.139416 0.15082 0.141143 0.143864 0.129485 0.0861537 0.0462684 0.0228607 0.0100108 0.00371092 0.00120583 0.000346652 8.5876e-05 1.77889e-05 2.9728e-06 3.86948e-07
 1.15155e-11 1.25044e-09 8.00545e-08 3.02166e-06 6.7243e-05 0.000882277 0.00682629 0.0311699 0.0843385 0.13799 0.149497 0.140463 0.143835 0.130056 0.0873609 0.0477329 0.0239157 0.0104504 0.00379741 0.00119125 0.000327458 7.75504e-05 1.55497e-05 2.56321e-06 3.33765e-07
 1.16842e-11 1.26877e-09 8.12276e-08 3.06594e-06 6.82284e-05 0.000895204 0.00692626 0.0316253 0.0855554 0.139859 0.150955 0.140449 0.142447 0.12834 0.0861398 0.0470983 0.0236923 0.0104535 0.00385144 0.00121719 0.000330895 7.59532e-05 1.4581e-05 2.30224e-06 2.90571e-07
 1.1682e-11 1.26853e-09 8.12125e-08 3.06537e-06 6.82157e-05 0.000895039 0.00692503 0.0316207 0.0855574 0.139977 0.151612 0.142312 0.145326 0.130351 0.0855832 0.0446842 0.0213581 0.00909574 0.00326609 0.00101481 0.000274466 6.28466e-05 1.19008e-05 1.82333e-06 2.21036e-07
 1.1731e-11 1.27384e-09 8.15526e-08 3.07821e-06 6.85013e-05 0.000898785 0.00695397 0.0317517 0.0858963 0.140407 0.151504 0.14085 0.142716 0.128437 0.0859574 0.0466472 0.0231055 0.00990808 0.00349127 0.00105248 0.000276998 6.22885e-05 1.16856e-05 1.77679e-06 2.12031e-07
 1.18968e-11 1.29185e-09 8.27052e-08 3.12171e-06 6.94695e-05 0.000911487 0.00705223 0.0321999 0.0871024 0.142327 0.153334 0.14193 0.143017 0.127854 0.0842931 0.0444886 0.0215261 0.00923138 0.0033118 0.00101359 0.000265195 5.81917e-05 1.06109e-05 1.57894e-06 1.85834e-07
 1.14745e-11 1.246e-09 7.97698e-08 3.01091e-06 6.70039e-05 0.000879141 0.00680211 0.0310613 0.0840699 0.137753 0.150171 0.1433 0.148526 0.133501 0.086793 0.0442175 0.020439 0.00839997 0.00288526 0.000852435 0.000220347 4.84184e-05 8.7792e-06 1.28131e-06 1.47062e-07
 1.19865e-11 1.30159e-09 8.3329e-08 3.14526e-06 6.99935e-05 0.000918362 0.0071054 0.0324422 0.0877524 0.143344 0.154221 0.142239 0.142809 0.127471 0.08393 0.0440813 0.0209827 0.00865473 0.00290157 0.000820808 0.000202191 4.27103e-05 7.57452e-06 1.09579e-06 1.2467e-07
 1.25026e-11 1.35763e-09 8.69166e-08 3.28067e-06 7.30069e-05 0.000957898 0.00741119 0.0338361 0.0914907 0.149193 0.159316 0.143953 0.141271 0.124132 0.0797148 0.0398985 0.018067 0.00730716 0.00246173 0.000700771 0.000170332 3.46801e-05 5.86363e-06 8.1342e-07 9.00496e-08
 1.18885e-11 1.29095e-09 8.26479e-08 3.11955e-06 6.94214e-05 0.000910858 0.00704744 0.0321798 0.0870732 0.14248 0.154424 0.145137 0.148032 0.131447 0.0835352 0.0405027 0.0175115 0.00674963 0.00215046 0.000578625 0.000135989 2.73251e-05 4.54738e-06 6.1106e-07 6.48387e-08
 1.26839e-11 1.37732e-09 8.81775e-08 3.32826e-06 7.4066e-05 0.000971792 0.0075186 0.0343246 0.0927858 0.151097 0.160387 0.142581 0.137747 0.121076 0.0792972 0.0414056 0.0194899 0.00786217 0.00252514 0.000667989 0.000151267 2.90116e-05 4.64389e-06 6.08791e-07 6.32406e-08
 1.30797e-11 1.4203e-09 9.0929e-08 3.43212e-06 7.63771e-05 0.00100211 0.00775317 0.0353947 0.0956676 0.155702 0.16486 0.145449 0.138923 0.120038 0.0753137 0.0359317 0.0153191 0.00593887 0.00194156 0.000533929 0.000123711 2.35462e-05 3.64692e-06 4.57307e-07 4.55897e-08
 1.27491e-11 1.3844e-09 8.86306e-08 3.34537e-06 7.44466e-05 0.000976786 0.00755729 0.0345024 0.0932813 0.152025 0.161927 0.145266 0.141324 0.123194 0.0778075 0.0374848 0.0160278 0.00606323 0.00187058 0.00048147 0.000108274 2.08687e-05 3.30434e-06 4.15448e-07 4.05002e-08
 1.29991e-11 1.41155e-09 9.03686e-08 3.41097e-06 7.59064e-05 0.000995939 0.00770542 0.0351774 0.09509 0.15484 0.164307 0.145853 0.140211 0.121346 0.0759017 0.0358324 0.0149213 0.00553563 0.00167835 0.000418703 8.92002e-05 1.61143e-05 2.4354e-06 3.02439e-07 2.96972e-08
 1.31841e-11 1.43163e-09 9.16544e-08 3.4595e-06 7.69864e-05 0.00101011 0.00781502 0.035677 0.0964301 0.156939 0.166148 0.14651 0.139732 0.120224 0.0744362 0.0343276 0.0138136 0.00496481 0.00145704 0.000349365 7.14686e-05 1.23827e-05 1.77578e-06 2.07736e-07 1.94336e-08
 1.34453e-11 1.46e-09 9.34706e-08 3.52805e-06 7.85119e-05 0.00103012 0.00796976 0.0363814 0.0983053 0.15976 0.168065 0.145555 0.13618 0.116705 0.0730993 0.0347911 0.0146058 0.00539599 0.001599 0.000382675 7.71911e-05 1.30166e-05 1.79895e-06 2.01463e-07 1.79199e-08
 1.36778e-11 1.48525e-09 9.50868e-08 3.58905e-06 7.98694e-05 0.00104793 0.00810756 0.0370103 0.100002 0.1625 0.170855 0.147689 0.13756 0.11657 0.070612 0.0309815 0.0115887 0.0039436 0.00112404 0.000263127 5.21634e-05 8.65021e-06 1.16999e-06 1.27162e-07 1.08897e-08
 1.35877e-11 1.47547e-09 9.44607e-08 3.56542e-06 7.93435e-05 0.00104103 0.00805417 0.0367665 0.0993435 0.161427 0.16972 0.146716 0.136814 0.116525 0.0717388 0.0327518 0.0129299 0.00450375 0.00125033 0.000274873 5.10179e-05 8.10446e-06 1.07018e-06 1.14241e-07 9.58434e-09
 1.32472e-11 1.43849e-09 9.20934e-08 3.47607e-06 7.73551e-05 0.00101495 0.00785242 0.0358472 0.096883 0.157618 0.166599 0.146246 0.138827 0.119357 0.074162 0.0345199 0.0140495 0.00506256 0.0014664 0.000339124 6.47877e-05 1.01076e-05 1.26854e-06 1.28544e-07 1.03969e-08
#obs catch len freq
 9.90559e-12 1.07563e-09 6.88628e-08 2.59923e-06 5.78426e-05 0.000758941 0.00587223 0.0268175 0.0726102 0.119141 0.130486 0.126081 0.135016 0.133044 0.106365 0.0725988 0.0420049 0.019417 0.00710289 0.00206851 0.000467655 7.86733e-05 9.46274e-06 7.87199e-07 4.41163e-08
 1.15244e-11 1.25141e-09 8.01166e-08 3.02401e-06 6.72954e-05 0.000882964 0.00683158 0.0311924 0.0843618 0.137617 0.146744 0.131336 0.128603 0.119984 0.0919475 0.0607172 0.0349452 0.0164634 0.00610989 0.00174965 0.000376929 5.95361e-05 6.71022e-06 5.23441e-07 2.74356e-08
 1.19487e-11 1.29749e-09 8.30665e-08 3.13536e-06 6.97734e-05 0.000915482 0.00708338 0.0323459 0.0875228 0.143027 0.153323 0.138171 0.134029 0.120587 0.0862936 0.0517969 0.0271996 0.0119412 0.0042256 0.00117676 0.000247809 3.78099e-05 4.04152e-06 2.94811e-07 1.43525e-08
 1.17756e-11 1.27869e-09 8.1863e-08 3.08993e-06 6.87626e-05 0.000902228 0.00698108 0.0318835 0.0863245 0.141398 0.152711 0.139501 0.136202 0.122424 0.0876944 0.0522124 0.026373 0.0107633 0.00347247 0.000884378 0.000173346 2.50256e-05 2.54841e-06 1.76598e-07 8.10017e-09
 1.31198e-11 1.42466e-09 9.1208e-08 3.44266e-06 7.6612e-05 0.00100521 0.0077777 0.0355156 0.0960681 0.1566 0.165484 0.141838 0.128022 0.110329 0.0775331 0.0453532 0.0222906 0.00872326 0.00264075 0.000615585 0.000108709 1.41338e-05 1.31017e-06 8.37476e-08 3.57697e-09
 1.16491e-11 1.26495e-09 8.09834e-08 3.05673e-06 6.80242e-05 0.000892561 0.00690696 0.0315578 0.085581 0.141031 0.155172 0.146163 0.143375 0.124748 0.0845168 0.0467794 0.0218857 0.00826367 0.002418 0.000537821 8.87364e-05 1.05572e-05 8.8302e-07 5.07039e-08 1.95232e-09
 1.26849e-11 1.37743e-09 8.81843e-08 3.32853e-06 7.40727e-05 0.000971915 0.00752068 0.0343534 0.0930429 0.15237 0.163293 0.143592 0.131446 0.113388 0.0802151 0.0467839 0.0221316 0.00805599 0.00221666 0.000461535 7.14252e-05 7.94638e-06 6.15472e-07 3.23287e-08 1.12721e-09
 1.20807e-11 1.31182e-09 8.3984e-08 3.16999e-06 7.0545e-05 0.000925653 0.00716349 0.0327366 0.0888291 0.146536 0.160961 0.148908 0.140872 0.119188 0.0798837 0.0439397 0.0201581 0.00732673 0.00201871 0.000411193 6.04518e-05 6.26825e-06 4.48946e-07 2.17429e-08 6.96895e-10
 1.32976e-11 1.44396e-09 9.24437e-08 3.48931e-06 7.76509e-05 0.00101888 0.00788455 0.0360219 0.0976103 0.159984 0.171157 0.147827 0.129834 0.107383 0.073196 0.040963 0.0185154 0.00644649 0.00169246 0.000331703 4.72689e-05 4.72783e-06 3.22021e-07 1.46026e-08 4.33237e-10
 1.30229e-11 1.41414e-09 9.05345e-08 3.41725e-06 7.60478e-05 0.000997874 0.00772281 0.0352977 0.0958019 0.157949 0.172123 0.153924 0.137351 0.110082 0.0701218 0.0362821 0.0154691 0.00519548 0.00131934 0.000247155 3.32991e-05 3.14016e-06 2.02039e-07 8.66101e-09 2.42157e-10
 1.27937e-11 1.38925e-09 8.89411e-08 3.35711e-06 7.47099e-05 0.000980339 0.00758766 0.0346891 0.0942338 0.155794 0.170956 0.154381 0.138423 0.111596 0.0720607 0.0374255 0.0154977 0.0049047 0.00116027 0.000203274 2.57884e-05 2.29289e-06 1.38606e-07 5.56051e-09 1.45198e-10
 1.25118e-11 1.35864e-09 8.69814e-08 3.28315e-06 7.30646e-05 0.000958777 0.00742156 0.0339427 0.0923285 0.1533 0.170141 0.156324 0.141109 0.113131 0.072532 0.0373816 0.0153054 0.00475576 0.00108873 0.000180832 2.13788e-05 1.75778e-06 9.82485e-08 3.65305e-09 8.85502e-11
 1.26733e-11 1.37617e-09 8.81039e-08 3.32552e-06 7.4008e-05 0.000971176 0.00751803 0.0343907 0.0935957 0.15556 0.172659 0.157507 0.139978 0.110872 0.0706679 0.036112 0.0145289 0.00440612 0.000980033 0.000157146 1.7756e-05 1.37791e-06 7.1813e-08 2.46751e-09 5.50143e-11
 1.24364e-11 1.35045e-09 8.64573e-08 3.26338e-06 7.26259e-05 0.000953079 0.007379 0.0337714 0.0920605 0.153777 0.172815 0.160384 0.1431 0.111972 0.0700041 0.0349397 0.0136994 0.00404523 0.000873622 0.00013525 1.46568e-05 1.0837e-06 5.3448e-08 1.72537e-09 3.58777e-11
 1.24938e-11 1.35668e-09 8.68561e-08 3.27844e-06 7.29617e-05 0.000957509 0.00741383 0.0339373 0.0925516 0.154662 0.173477 0.159492 0.140765 0.110658 0.0706393 0.0359753 0.0141943 0.00416487 0.000885862 0.000133924 1.40492e-05 9.97477e-07 4.69019e-08 1.43437e-09 2.81006e-11
 1.26666e-11 1.37545e-09 8.80577e-08 3.32381e-06 7.39724e-05 0.000970815 0.00751793 0.034429 0.0940136 0.157625 0.177845 0.163708 0.14198 0.107723 0.0657013 0.0319591 0.0121507 0.00346486 0.000717597 0.000105242 1.06479e-05 7.2486e-07 3.25042e-08 9.43328e-10 1.74593e-11
 1.06531e-11 1.15681e-09 7.40604e-08 2.79552e-06 6.22184e-05 0.00081671 0.00632872 0.0290495 0.0799462 0.13744 0.165669 0.169841 0.159597 0.123914 0.0748781 0.0353571 0.0128424 0.00346945 0.000680193 9.47461e-05 9.13355e-06 5.92799e-07 2.52965e-08 6.96415e-10 1.21842e-11
 1.29296e-11 1.40401e-09 8.98863e-08 3.39286e-06 7.55105e-05 0.000991057 0.00767581 0.0351635 0.0960628 0.160937 0.180085 0.161746 0.137278 0.105516 0.0664393 0.0324794 0.0118002 0.00308884 0.000574608 7.50669e-05 6.7562e-06 4.09414e-07 1.63442e-08 4.21772e-10 6.92436e-12
 1.22022e-11 1.32502e-09 8.48302e-08 3.20206e-06 7.12678e-05 0.000935536 0.00724991 0.0332738 0.0914346 0.155866 0.181854 0.173009 0.148433 0.106914 0.0608678 0.0274363 0.00962025 0.00250389 0.000463359 5.91262e-05 5.08557e-06 2.89661e-07 1.07639e-08 2.57451e-10 3.91355e-12
 1.15556e-11 1.25481e-09 8.0335e-08 3.03241e-06 6.74944e-05 0.000886093 0.00686883 0.0315521 0.0869096 0.14905 0.17618 0.17124 0.15143 0.113833 0.0676165 0.0308076 0.0104606 0.00257999 0.000454076 5.5822e-05 4.65977e-06 2.56872e-07 9.1486e-09 2.07243e-10 2.95253e-12
 1.32338e-11 1.43704e-09 9.20019e-08 3.47279e-06 7.7295e-05 0.00101469 0.00786348 0.0360815 0.0989778 0.167323 0.189652 0.169896 0.137854 0.0981768 0.0566906 0.0254256 0.00851803 0.00205435 0.000347516 4.04049e-05 3.16592e-06 1.6395e-07 5.50898e-09 1.18126e-10 1.59347e-12
 1.1411e-11 1.23911e-09 7.93315e-08 2.99465e-06 6.66615e-05 0.000875453 0.00679296 0.0312892 0.0868216 0.151525 0.184584 0.182857 0.156493 0.10813 0.0575972 0.0236264 0.00735536 0.00167851 0.000271221 3.01307e-05 2.24272e-06 1.09445e-07 3.44172e-09 6.87916e-11 8.641e-13
 1.15918e-11 1.25875e-09 8.05888e-08 3.04213e-06 6.77194e-05 0.000889363 0.00690077 0.0317767 0.0880396 0.152753 0.183235 0.178009 0.152882 0.109666 0.0610359 0.0252976 0.0075743 0.00160547 0.000238201 2.43987e-05 1.68898e-06 7.71299e-08 2.27409e-09 4.2559e-11 4.99076e-13
 1.2709e-11 1.38006e-09 8.83557e-08 3.33534e-06 7.42472e-05 0.000975097 0.00756552 0.0348226 0.0962796 0.165713 0.193898 0.178799 0.14373 0.0973173 0.0519924 0.0210749 0.00624439 0.00130447 0.000187075 1.80701e-05 1.15742e-06 4.84715e-08 1.30956e-09 2.25302e-11 2.43839e-13
 1.15643e-11 1.25577e-09 8.03997e-08 3.03518e-06 6.75759e-05 0.000887873 0.00689722 0.0318538 0.0888687 0.156388 0.191236 0.186295 0.153964 0.102904 0.0529436 0.0205082 0.00582678 0.00117586 0.0001637 1.53286e-05 9.44135e-07 3.75523e-08 9.50895e-10 1.51644e-11 1.51012e-13
 1.20756e-11 1.31129e-09 8.3955e-08 3.16943e-06 7.05661e-05 0.000927175 0.00720209 0.033246 0.0925556 0.161677 0.194016 0.183706 0.149088 0.0997603 0.0515108 0.0196725 0.00538569 0.00103129 0.000135501 1.19869e-05 6.99549e-07 2.64082e-08 6.3412e-10 9.55687e-12 8.9471e-14
 1.1864e-11 1.28833e-09 8.24865e-08 3.11416e-06 6.93456e-05 0.000911473 0.00708667 0.0327875 0.09176 0.162016 0.197535 0.188661 0.150698 0.0971288 0.0480286 0.0176551 0.00467632 0.000864533 0.00010868 9.09874e-06 4.98404e-07 1.75873e-08 3.94404e-10 5.55518e-12 4.86513e-14
 1.15046e-11 1.24932e-09 7.99909e-08 3.02014e-06 6.72631e-05 0.000884459 0.00688339 0.0319205 0.0897943 0.160177 0.198395 0.192168 0.153734 0.0977011 0.0468811 0.0164616 0.00412008 0.000717005 8.48892e-05 6.69939e-06 3.45564e-07 1.14466e-08 2.39984e-10 3.14831e-12 2.56123e-14
#spawning biomass
 22073.4 22599.8 26875.3 31348.7 36390.7 42215.3 51216.4 60804.8 71024.3 81755.8 98491 117294 120600 144123 158923 153583 153652 150174 140656 158372 157955 173464 163843 151921 168069 144594 153717 170430 181106 234577 173161 107828 67368.5 46220 36089.4 31502.1 29504.4 28658.7 28308 28164.9 28107.1 28084 28074.8 28071.2 28069.8 28069.2 28069 28068.9 28068.9 28068.9 28068.9 28068.9 28068.9 28068.9 28068.9 28068.9 28068.9 28068.9 28068.9 28068.9 28068.9 28068.9 28068.9 28068.9 28068.9 28068.9 28068.9 28068.9 28068.9 28068.9 28068.9 28068.9 28068.9 28068.9 28068.9 28068.9 28068.9 28068.9 28068.9 28068.9 28068.9 28068.9 28068.9 28068.9 28068.9 28068.9 28068.9 28068.9 28068.9 28068.9 28068.9 28068.9 28068.9 28068.9 28068.9 28068.9 28068.9 28068.9 28068.9 28068.9 28068.9 28068.9 28068.9 28068.9 28068.9 28068.9 28068.9 28068.9 28068.9 28068.9 28068.9 28068.9 28068.9 28068.9 28068.9 28068.9 28068.9 28068.9 28068.9 28068.9 28068.9 28068.9 28068.9 28068.9 28068.9 28068.9 28068.9 28068.9 0 0 0 0 0 0 0 0 0 0 0 0 0 0 0 0 0 0 0 0 0 0 0 0 0
