SBPRF35
0.133065
Curr Bio
122214
B35
154268
F35
0.883667
FOFL
0.619204
OFL
33664.4
Bzero
38018.7
#pred survey bio
 5834.07 9094.36 11142.4 13002.5 21286 32591.4 31220.5 40577 51704 63034.2 75794.4 106185 134170 157257 153281 135177 136102 128634 112151 110842 113464 129535 133091 144803 156303 149893 159334 132337 4.23825e+06 2.4072e+06 1.33643e+06 754727 514410 416918 374601 354444 344076 338485 335398 333677 332716 332179 331879 331710 331618 331568 331540 331525 331517 331512 331510 331508 331507 331507 331507 331507 331507 331507 331507 331507 331507 331507 331507 331507 331507 331507 331507 331507 331507 331507 331507 331507 331507 331507 331507 331507 331507 331507 331507 331507 331507 331507 331507 331507 331507 331507 331507 331507 331507 331507 331507 331507 331507 331507 331507 331507 331507 331507 331507 331507 331507 331507 331507 331507 331507 331507 331507 331507 331507 331507 331507 331507 331507 331507 331507 331507 331507 331507 331507 331507 331507 331507 331507 331507 331507 331507 331507 331507 0 0 0 0 0 0 0 0 0 0 0 0 0 0 0 0 0 0 0 0 0 0 0 0 0
#obs survey bio
 4320.93 9289.93 9189.94 12858.5 28786.3 24131.3 33211.2 41616.3 56238.2 58450.1 71910.2 82129.6 164886 144151 174596 93219.7 104378 127722 87946.6 115551 98581.8 93834.7 125464 142737 168375 175034 172438 95620.3
#pred catch bio
 1961.79 4801.26 6153.23 7193.07 9268.4 19313.6 17665.4 23732.5 30376 38891 43814.7 65170.3 81093.6 100754 103451 88262.8 90951.1 89194.6 75574.1 75771.4 74673.7 91473.8 92366.5 101585 115123 102225 119519 101067 33664.4 49004.3 23752.8 11512.4 7365.81 6127.84 5785.14 5695.01 5672.16 5666.51 5665.14 5664.82 5664.74 5664.72 5664.72 5664.72 5664.72 5664.72 5664.72 5664.72 5664.72 5664.72 5664.72 5664.72 5664.72 5664.72 5664.72 5664.72 5664.72 5664.72 5664.72 5664.72 5664.72 5664.72 5664.72 5664.72 5664.72 5664.72 5664.72 5664.72 5664.72 5664.72 5664.72 5664.72 5664.72 5664.72 5664.72 5664.72 5664.72 5664.72 5664.72 5664.72 5664.72 5664.72 5664.72 5664.72 5664.72 5664.72 5664.72 5664.72 5664.72 5664.72 5664.72 5664.72 5664.72 5664.72 5664.72 5664.72 5664.72 5664.72 5664.72 5664.72 5664.72 5664.72 5664.72 5664.72 5664.72 5664.72 5664.72 5664.72 5664.72 5664.72 5664.72 5664.72 5664.72 5664.72 5664.72 5664.72 5664.72 5664.72 5664.72 5664.72 5664.72 5664.72 5664.72 5664.72 5664.72 5664.72 5664.72 5664.72 0 0 0 0 0 0 0 0 0 0 0 0 0 0 0 0 0 0 0 0 0 0 0 0 0
#obs catch bio
 4697.19 4828.4 6192.41 7261.53 9107.84 19286.1 17764.8 23740.1 30079.1 38723.8 43522.2 65322.3 79536.1 99909.8 104945 88961.7 90988.1 87830.2 74792.5 74581.9 73308.2 90484.2 90410.6 99873.6 111960 98147 115967 100783
#pred cpue bio
 4709.22 6967.44 8492.99 9934.75 15070.4 25203.1 24379.1 29764.6 38415.6 47104.9 55760.1 77494.2 98483.3 117899 116638 102319 101550 96900.2 84288.9 82106.1 83239.7 94602.9 96539.7 104834 112864 108428 116958 97190.1 3.01765e+06 2.31141e+06 1.29205e+06 707129 466350 368817 326496 306339 295971 290379 287292 285572 284611 284074 283774 283605 283513 283462 283435 283420 283411 283407 283404 283403 283402 283402 283401 283401 283401 283401 283401 283401 283401 283401 283401 283401 283401 283401 283401 283401 283401 283401 283401 283401 283401 283401 283401 283401 283401 283401 283401 283401 283401 283401 283401 283401 283401 283401 283401 283401 283401 283401 283401 283401 283401 283401 283401 283401 283401 283401 283401 283401 283401 283401 283401 283401 283401 283401 283401 283401 283401 283401 283401 283401 283401 283401 283401 283401 283401 283401 283401 283401 283401 283401 283401 283401 283401 283401 283401 283401 0 0 0 0 0 0 0 0 0 0 0 0 0 0 0 0 0 0 0 0 0 0 0 0 0
#obs cpue bio
 5402.16 8316.16 7228.73 9838.84 18921.8 24177.7 24618.9 27617.5 46485.6 51494.1 64557.3 91179.3 131706 128028 71356.9 138111 139322 141580 117996 109496 124731 153190 149966 135116 179679 183527 162933 127953
#pred surv len freq
 2.57002e-27 2.60676e-27 4.9199e-26 9.83892e-20 2.41189e-14 7.14687e-10 2.55989e-06 0.00110833 0.0580062 0.366963 0.280793 0.0368882 0.0835051 0.0770291 0.0194525 0.0252355 0.011682 0.0101315 0.0067298 0.00543087 0.00443903 0.00393765 0.00400646 0.00356912 0.00109033
 2.57079e-27 2.6086e-27 5.05294e-26 1.01195e-19 2.48066e-14 7.35065e-10 2.63288e-06 0.00113994 0.0596601 0.377426 0.288818 0.0391007 0.0947058 0.0871255 0.0170944 0.0171435 0.00657111 0.00401855 0.00218254 0.00148093 0.00104896 0.000822788 0.000754612 0.000677167 0.000227047
 2.57053e-27 2.60783e-27 4.9754e-26 9.95585e-20 2.44056e-14 7.23181e-10 2.59031e-06 0.00112151 0.0586956 0.371324 0.284175 0.0401285 0.105789 0.0972672 0.017381 0.0151861 0.00508441 0.00204216 0.0008119 0.000392472 0.00021678 0.000141261 0.000111525 9.54422e-05 3.32424e-05
 2.57039e-27 2.60746e-27 4.94302e-26 9.88754e-20 2.42381e-14 7.18218e-10 2.57254e-06 0.00111381 0.0582928 0.368776 0.28223 0.0401862 0.107596 0.0989628 0.0182166 0.0166536 0.00535381 0.00177169 0.000551302 0.000169665 5.9892e-05 2.79975e-05 1.74775e-05 1.33431e-05 4.63341e-06
 2.57294e-27 2.61438e-27 5.55513e-26 1.11788e-19 2.74036e-14 8.12017e-10 2.90851e-06 0.00125927 0.0659058 0.416938 0.318977 0.0384072 0.0682394 0.0626369 0.0116374 0.0107891 0.00351225 0.00122634 0.000355784 8.56927e-05 1.87948e-05 4.96326e-06 2.01583e-06 1.2346e-06 4.09366e-07
 2.56979e-27 2.60576e-27 4.78585e-26 9.55595e-20 2.34253e-14 6.94133e-10 2.48627e-06 0.00107646 0.0563379 0.356409 0.272803 0.0412348 0.122198 0.112302 0.0181226 0.0130816 0.00427774 0.00155374 0.000462475 0.000113493 2.04331e-05 3.20493e-06 6.25494e-07 2.43532e-07 7.20533e-08
 2.56952e-27 2.6051e-27 4.73633e-26 9.45151e-20 2.31692e-14 6.86546e-10 2.45909e-06 0.00106469 0.0557222 0.352514 0.269819 0.0406281 0.119678 0.110166 0.0211833 0.0205868 0.00634933 0.00165705 0.000481124 0.0001225 2.263e-05 3.03188e-06 3.08459e-07 5.01136e-08 1.11836e-08
 2.5719e-27 2.61158e-27 5.30988e-26 1.06615e-19 2.61353e-14 7.74435e-10 2.7739e-06 0.00120099 0.0628556 0.397641 0.30425 0.0388909 0.0822673 0.0756341 0.0148832 0.014932 0.00495559 0.00186353 0.000503911 9.79795e-05 1.79771e-05 2.46981e-06 2.0753e-07 1.34967e-08 1.46345e-09
 2.57131e-27 2.60988e-27 5.15126e-26 1.03268e-19 2.53149e-14 7.50126e-10 2.68683e-06 0.00116329 0.0608826 0.38516 0.294739 0.0401026 0.0981708 0.0901393 0.0143635 0.0100865 0.00335427 0.00131099 0.00040491 0.000102679 1.57325e-05 1.89894e-06 1.59924e-07 7.367e-09 2.75162e-10
 2.57113e-27 2.60942e-27 5.11174e-26 1.02435e-19 2.51106e-14 7.44072e-10 2.66514e-06 0.0011539 0.0603912 0.382051 0.292364 0.040039 0.0993554 0.0912882 0.015585 0.0125662 0.00384508 0.000972572 0.000289789 7.90404e-05 1.52489e-05 1.85469e-06 1.32155e-07 5.70026e-09 1.19162e-10
 2.57167e-27 2.61087e-27 5.24026e-26 1.05146e-19 2.57752e-14 7.63765e-10 2.73568e-06 0.00118444 0.0619896 0.392163 0.300079 0.0396835 0.0912289 0.0837793 0.0140756 0.0110194 0.00345687 0.00101208 0.000263762 5.03616e-05 9.76977e-06 1.41565e-06 1.09583e-07 4.11342e-09 7.29211e-11
 2.57192e-27 2.61157e-27 5.30168e-26 1.06441e-19 2.60928e-14 7.73178e-10 2.76939e-06 0.00119904 0.0627535 0.396996 0.303767 0.0395263 0.0874414 0.0802787 0.013355 0.0102554 0.00320125 0.000915246 0.00024894 5.12599e-05 7.53119e-06 9.36113e-07 8.31031e-08 3.40822e-09 5.41093e-11
 2.5717e-27 2.61094e-27 5.24414e-26 1.05228e-19 2.57953e-14 7.6436e-10 2.73781e-06 0.00118537 0.0620378 0.392468 0.300315 0.0398609 0.0924133 0.0848295 0.0134872 0.00940944 0.00291555 0.00080634 0.000216569 4.42993e-05 6.94251e-06 7.48005e-07 5.38457e-08 2.40725e-09 4.12105e-11
 2.57098e-27 2.60898e-27 5.07121e-26 1.01579e-19 2.49009e-14 7.37859e-10 2.64289e-06 0.00114427 0.059887 0.378861 0.289933 0.0403278 0.103261 0.0948543 0.015525 0.0115307 0.00351721 0.000873843 0.000228781 4.53877e-05 7.02092e-06 7.79432e-07 5.12519e-08 1.89625e-09 3.38599e-11
 2.57044e-27 2.60753e-27 4.944e-26 9.88959e-20 2.42431e-14 7.18367e-10 2.57307e-06 0.00111404 0.0583049 0.368853 0.282295 0.0406356 0.110969 0.101983 0.0170718 0.013267 0.00408926 0.00107981 0.000276381 4.98588e-05 7.4271e-06 8.06465e-07 5.35317e-08 1.82744e-09 2.7957e-11
 2.57065e-27 2.6081e-27 4.99494e-26 9.99704e-20 2.45065e-14 7.26172e-10 2.60103e-06 0.00112615 0.0589384 0.37286 0.285353 0.0404508 0.107415 0.0987095 0.0166039 0.0130255 0.00404374 0.00111541 0.000292261 5.49866e-05 7.70996e-06 7.78899e-07 5.02026e-08 1.70377e-09 2.4102e-11
 2.57118e-27 2.60955e-27 5.12339e-26 1.0268e-19 2.51708e-14 7.45856e-10 2.67153e-06 0.00115667 0.060536 0.382967 0.293063 0.0400301 0.0987956 0.0907634 0.0153423 0.012149 0.00378353 0.0010629 0.000282881 5.55437e-05 8.09129e-06 8.04554e-07 4.79037e-08 1.56219e-09 2.17011e-11
 2.57079e-27 2.60847e-27 5.02537e-26 1.00612e-19 2.46639e-14 7.30836e-10 2.61773e-06 0.00113338 0.0593169 0.375255 0.287182 0.0405367 0.106783 0.0980841 0.0157295 0.0111884 0.00348064 0.000983032 0.000263242 5.2689e-05 7.93177e-06 8.23817e-07 4.90978e-08 1.49523e-09 1.98077e-11
 2.57088e-27 2.60871e-27 5.04657e-26 1.0106e-19 2.47736e-14 7.34085e-10 2.62937e-06 0.00113842 0.0595806 0.376923 0.288455 0.040447 0.105206 0.0966387 0.0156482 0.0113622 0.00346227 0.000856932 0.000225576 4.53977e-05 6.93239e-06 7.42315e-07 4.62308e-08 1.41712e-09 1.77514e-11
 2.57141e-27 2.61015e-27 5.17497e-26 1.03768e-19 2.54375e-14 7.5376e-10 2.69984e-06 0.00116893 0.0611775 0.387025 0.296162 0.0399917 0.096327 0.088461 0.0144931 0.0107874 0.00330365 0.000841255 0.000213925 3.85087e-05 5.79762e-06 6.28327e-07 4.03155e-08 1.28779e-09 1.62688e-11
 2.5717e-27 2.61094e-27 5.24355e-26 1.05215e-19 2.57922e-14 7.64269e-10 2.73748e-06 0.00118523 0.0620305 0.392422 0.300281 0.0399232 0.0929116 0.0852765 0.0133352 0.00894813 0.0027451 0.000716265 0.000184274 3.35859e-05 4.67594e-06 4.74772e-07 3.06344e-08 1.00718e-09 1.32102e-11
 2.57185e-27 2.61135e-27 5.27973e-26 1.05978e-19 2.59793e-14 7.69813e-10 2.75734e-06 0.00119382 0.0624804 0.395268 0.302452 0.0397973 0.090428 0.0829907 0.0130421 0.00885245 0.00267282 0.000625444 0.000159395 2.97394e-05 4.20205e-06 4.09314e-07 2.43902e-08 7.95057e-10 1.07091e-11
 2.57204e-27 2.61185e-27 5.32237e-26 1.06878e-19 2.61998e-14 7.76347e-10 2.78075e-06 0.00120396 0.0630107 0.398623 0.305014 0.0398052 0.0886876 0.0813527 0.012171 0.00727776 0.00219029 0.0005099 0.000125951 2.14237e-05 3.02672e-06 3.00526e-07 1.74351e-08 5.28548e-10 6.98034e-12
 2.5721e-27 2.61201e-27 5.3366e-26 1.07178e-19 2.62734e-14 7.78527e-10 2.78855e-06 0.00120734 0.0631877 0.399742 0.305868 0.0397599 0.0877429 0.0804832 0.0120599 0.0072408 0.00214252 0.000436754 0.000105272 1.76652e-05 2.3354e-06 2.20901e-07 1.29814e-08 3.8546e-10 4.78436e-12
 2.57218e-27 2.61222e-27 5.35484e-26 1.07563e-19 2.63677e-14 7.81322e-10 2.79856e-06 0.00121167 0.0634145 0.401177 0.306963 0.0397256 0.0867129 0.0795278 0.0118022 0.00689366 0.00203895 0.000415787 9.70326e-05 1.44933e-05 1.85817e-06 1.67642e-07 9.25396e-09 2.73714e-10 3.33555e-12
 2.5721e-27 2.612e-27 5.33403e-26 1.07124e-19 2.62601e-14 7.78133e-10 2.78714e-06 0.00120673 0.0631557 0.39954 0.305716 0.0398893 0.088835 0.0814624 0.0117138 0.00620457 0.00182176 0.000356183 8.24437e-05 1.21943e-05 1.44936e-06 1.20218e-07 6.32834e-09 1.7619e-10 2.10885e-12
 2.57165e-27 2.61078e-27 5.22727e-26 1.04871e-19 2.5708e-14 7.61773e-10 2.72854e-06 0.00118136 0.0618279 0.39114 0.299305 0.0401112 0.0950274 0.0872016 0.0131837 0.00811021 0.00236919 0.000427602 9.64465e-05 1.37596e-05 1.61517e-06 1.27508e-07 6.10301e-09 1.59631e-10 1.80521e-12
 2.57162e-27 2.61067e-27 5.21668e-26 1.04648e-19 2.56532e-14 7.6015e-10 2.72273e-06 0.00117884 0.0616961 0.390306 0.298671 0.0402403 0.0964561 0.0884952 0.0129617 0.00728043 0.00215343 0.000442211 0.000100661 1.33311e-05 1.50456e-06 1.15333e-07 5.29377e-09 1.26634e-10 1.3302e-12
#obs surv len freq
 1.76158e-41 2.44496e-33 4.10193e-26 8.31864e-20 2.03922e-14 6.04257e-10 2.16435e-06 0.000937089 0.0490435 0.310264 0.237649 0.0440445 0.152464 0.12918 0.0365645 0.028141 0.00848847 0.0026506 0.00051145 5.82049e-05 2.88536e-06 4.58173e-08 1.73203e-10 1.24984e-13 1.48885e-17
 2.17525e-41 3.01911e-33 5.06518e-26 1.02721e-19 2.51808e-14 7.46153e-10 2.6726e-06 0.00115714 0.0605603 0.383122 0.293253 0.0419925 0.0970853 0.0777322 0.0224293 0.0162521 0.00474927 0.0013916 0.0002468 2.47742e-05 1.0176e-06 1.259e-08 3.56297e-11 1.87897e-14 1.61102e-18
 1.72343e-41 2.39201e-33 4.01309e-26 8.13847e-20 1.99505e-14 5.9117e-10 2.11747e-06 0.000916793 0.0479813 0.303544 0.232712 0.0512231 0.181774 0.135769 0.0266257 0.0141899 0.00398097 0.00108835 0.000176705 1.54561e-05 5.25443e-07 5.07921e-09 1.07427e-11 4.12698e-15 2.5424e-19
 2.09376e-41 2.906e-33 4.87542e-26 9.88725e-20 2.42374e-14 7.18199e-10 2.57247e-06 0.00111379 0.0582914 0.368769 0.282418 0.0458213 0.113169 0.081128 0.0276856 0.0175287 0.00331789 0.000652668 9.48188e-05 7.16732e-06 1.99772e-07 1.50745e-09 2.39247e-12 6.70926e-16 2.96873e-20
 2.36883e-41 3.28777e-33 5.51592e-26 1.11862e-19 2.74216e-14 8.12552e-10 2.91043e-06 0.00126012 0.0659495 0.417215 0.319384 0.0443346 0.0795106 0.0523638 0.0117343 0.00612521 0.00173682 0.000348851 3.26308e-05 1.91977e-06 4.32754e-08 2.53401e-10 3.01794e-13 6.20396e-17 1.98005e-21
 1.32226e-41 1.8352e-33 3.07893e-26 6.24402e-20 1.53065e-14 4.53559e-10 1.62457e-06 0.000703384 0.0368123 0.232889 0.17942 0.0711473 0.271752 0.166107 0.0279388 0.0107451 0.00204189 0.000396301 4.25128e-05 1.75564e-06 2.75612e-08 1.21627e-10 1.08178e-13 1.63026e-17 3.76432e-22
 2.21997e-41 3.08118e-33 5.16931e-26 1.04833e-19 2.56985e-14 7.61493e-10 2.72754e-06 0.00118093 0.0618053 0.390999 0.2995 0.0467578 0.0886214 0.0561505 0.034562 0.0177063 0.0023969 0.000291317 2.44269e-05 9.82936e-07 1.15127e-08 3.39156e-11 2.13351e-14 2.32909e-18 3.88484e-23
 1.98861e-41 2.76006e-33 4.63058e-26 9.39072e-20 2.30202e-14 6.82132e-10 2.44328e-06 0.00105786 0.0553641 0.350252 0.268864 0.061001 0.155027 0.0825168 0.0157537 0.00718165 0.00259345 0.000367195 1.86772e-05 5.16045e-07 5.0456e-09 1.12559e-11 4.77097e-15 3.51914e-19 4.09918e-24
 2.03006e-41 2.81758e-33 4.72708e-26 9.58643e-20 2.35e-14 6.96348e-10 2.4942e-06 0.0010799 0.0565179 0.357552 0.274528 0.0614022 0.142867 0.0734219 0.0226941 0.00841764 0.00126198 0.000236419 1.83219e-05 3.6388e-07 2.24354e-09 3.69852e-12 1.17713e-15 6.09254e-20 4.78265e-25
 1.98275e-41 2.75193e-33 4.61693e-26 9.36304e-20 2.29524e-14 6.80121e-10 2.43608e-06 0.00105474 0.0552009 0.349222 0.268456 0.0669722 0.154073 0.0736171 0.0218462 0.0079381 0.00144688 0.000159917 1.03807e-05 2.59415e-07 1.34937e-09 1.42578e-12 3.04055e-16 1.13044e-20 6.3949e-26
 2.09551e-41 2.90843e-33 4.87949e-26 9.89552e-20 2.42577e-14 7.188e-10 2.57462e-06 0.00111472 0.0583402 0.369082 0.283679 0.0659488 0.133645 0.0604661 0.0198564 0.00659918 0.00113374 0.000125971 6.02982e-06 1.11692e-07 5.79124e-10 5.49251e-13 8.35175e-17 2.02776e-21 7.68912e-27
 2.04313e-41 2.83573e-33 4.75753e-26 9.64816e-20 2.36513e-14 7.00833e-10 2.51027e-06 0.00108686 0.0568819 0.35986 0.277067 0.0732184 0.146924 0.0610243 0.0175828 0.00534104 0.000915534 9.18051e-05 3.95535e-06 5.56227e-08 2.05431e-10 1.62037e-13 2.14737e-17 4.15571e-22 1.12363e-27
 1.99287e-41 2.76597e-33 4.64048e-26 9.41081e-20 2.30695e-14 6.83591e-10 2.44851e-06 0.00106012 0.0554825 0.35101 0.270778 0.0796936 0.154637 0.0614278 0.0197502 0.00530943 0.000774976 7.03317e-05 2.66602e-06 3.11189e-08 8.67003e-11 4.8074e-14 4.68829e-18 7.17026e-23 1.56313e-28
 1.86782e-41 2.59241e-33 4.34931e-26 8.82032e-20 2.1622e-14 6.40699e-10 2.29488e-06 0.000993603 0.0520013 0.328992 0.254784 0.0913231 0.175424 0.0667501 0.0229398 0.00588567 0.000838821 6.31168e-05 1.98054e-06 1.90985e-08 4.20508e-11 1.746e-14 1.21045e-18 1.2962e-23 2.0291e-29
 1.69539e-41 2.35309e-33 3.9478e-26 8.00606e-20 1.96259e-14 5.81551e-10 2.08302e-06 0.000901877 0.0472007 0.298632 0.232755 0.106249 0.200635 0.0757289 0.0295604 0.00724661 0.00101687 6.99514e-05 1.79941e-06 1.34767e-08 2.30622e-11 7.32183e-15 3.77903e-19 2.92849e-24 3.23873e-30
 1.91888e-41 2.66328e-33 4.46821e-26 9.06143e-20 2.2213e-14 6.58213e-10 2.35761e-06 0.00102076 0.0534228 0.337995 0.26251 0.0953345 0.154212 0.060354 0.0273626 0.00675546 0.000967516 6.17658e-05 1.37987e-06 8.19868e-09 1.05211e-11 2.48138e-15 9.51198e-20 5.43608e-25 4.38289e-31
 1.85948e-41 2.58083e-33 4.32989e-26 8.78092e-20 2.15254e-14 6.37837e-10 2.28463e-06 0.000989165 0.051769 0.327546 0.25587 0.109812 0.169734 0.0572787 0.0208132 0.00532964 0.000805895 4.97345e-05 9.86946e-07 4.8369e-09 4.80594e-12 8.38471e-16 2.33197e-20 9.64616e-26 5.63848e-32
 1.83725e-41 2.54998e-33 4.27812e-26 8.67594e-20 2.1268e-14 6.30211e-10 2.25731e-06 0.000977339 0.0511501 0.323643 0.253934 0.116876 0.168229 0.0581467 0.0219079 0.00449743 0.000599153 3.64917e-05 6.62853e-07 2.7484e-09 2.17616e-12 2.89861e-16 5.96116e-21 1.78493e-26 7.47173e-33
 1.87127e-41 2.5972e-33 4.35734e-26 8.8366e-20 2.16619e-14 6.41881e-10 2.29912e-06 0.000995437 0.0520973 0.32965 0.259455 0.120859 0.159148 0.0536624 0.0196955 0.00396099 0.000450696 2.23522e-05 3.59113e-07 1.28451e-09 8.29281e-13 8.62854e-17 1.34494e-21 2.98638e-27 9.11898e-34
 1.94421e-41 2.69844e-33 4.52719e-26 9.18105e-20 2.25063e-14 6.66902e-10 2.38873e-06 0.00103424 0.0541281 0.342511 0.270021 0.121375 0.14439 0.0469675 0.0161804 0.00305597 0.000320561 1.32321e-05 1.65583e-07 4.77734e-10 2.50949e-13 2.07309e-17 2.49516e-22 4.18583e-28 9.50129e-35
 1.93912e-41 2.69137e-33 4.51533e-26 9.15701e-20 2.24473e-14 6.65155e-10 2.38248e-06 0.00103153 0.0539864 0.341642 0.270994 0.129902 0.142818 0.0435399 0.0135317 0.00232662 0.000217319 7.71291e-06 7.67306e-08 1.66685e-10 6.62251e-14 4.20952e-18 3.90591e-23 5.00269e-29 8.55897e-36
 1.9791e-41 2.74686e-33 4.60842e-26 9.34578e-20 2.29101e-14 6.78867e-10 2.43159e-06 0.0010528 0.0550994 0.348709 0.277555 0.131712 0.132115 0.0401236 0.011721 0.0017645 0.000140684 4.17147e-06 3.34139e-08 5.57272e-11 1.63559e-14 7.58868e-19 5.17407e-24 4.9181e-30 6.27692e-37
 1.91162e-41 2.65321e-33 4.45131e-26 9.02716e-20 2.2129e-14 6.55723e-10 2.34869e-06 0.0010169 0.053221 0.336882 0.271472 0.146934 0.138285 0.0399049 0.0106975 0.00148221 9.98055e-05 2.3725e-06 1.4913e-08 1.91092e-11 4.20693e-15 1.43143e-19 7.04916e-25 4.81254e-31 4.41947e-38
 1.95172e-41 2.70886e-33 4.54467e-26 9.21649e-20 2.25931e-14 6.69476e-10 2.39796e-06 0.00103823 0.0543373 0.343985 0.278226 0.146291 0.126457 0.0384609 0.00990734 0.00122253 7.06046e-05 1.35027e-06 6.48072e-09 6.22934e-12 1.02e-15 2.55803e-20 9.19242e-26 4.53581e-32 2.98731e-39
 1.93853e-41 2.69055e-33 4.51396e-26 9.15421e-20 2.24405e-14 6.64952e-10 2.38175e-06 0.00103122 0.0539704 0.341738 0.279424 0.15552 0.123903 0.0350289 0.00834998 0.000983099 4.87036e-05 7.49746e-07 2.76509e-09 1.97088e-12 2.35563e-16 4.29325e-21 1.11911e-26 3.996e-33 1.89839e-40
 1.87674e-41 2.60479e-33 4.37007e-26 8.86242e-20 2.17252e-14 6.43757e-10 2.30583e-06 0.000998346 0.0522504 0.330968 0.275318 0.16923 0.126828 0.0358056 0.00775873 0.000806023 3.50168e-05 4.42564e-07 1.25799e-09 6.68759e-13 5.83682e-17 7.66829e-22 1.43271e-27 3.66152e-34 1.24516e-41
 1.79444e-41 2.49057e-33 4.17845e-26 8.47381e-20 2.07725e-14 6.15528e-10 2.20472e-06 0.00095457 0.0499598 0.316629 0.269431 0.184431 0.131444 0.0384753 0.00790938 0.000736357 2.67257e-05 2.75224e-07 6.1441e-10 2.46161e-13 1.57798e-17 1.50152e-22 2.01415e-28 3.67442e-35 8.88991e-43
 1.82229e-41 2.52922e-33 4.24329e-26 8.6053e-20 2.10949e-14 6.2508e-10 2.23894e-06 0.000969382 0.0507356 0.321656 0.275682 0.182415 0.122423 0.0378655 0.00757267 0.000658253 2.02943e-05 1.66321e-07 2.86931e-10 8.72836e-14 4.16459e-18 2.89765e-23 2.80799e-29 3.67365e-36 6.34487e-44
#pred catch len freq
 2.56771e-27 2.60059e-27 4.38733e-26 8.71547e-20 2.13649e-14 6.33081e-10 2.26759e-06 0.00098178 0.0513828 0.325062 0.248804 0.0373137 0.109216 0.100868 0.0256402 0.0334296 0.0154499 0.013367 0.00887183 0.00715639 0.00584861 0.00518784 0.00527847 0.00470227 0.0014365
 2.56931e-27 2.60462e-27 4.70271e-26 9.38062e-20 2.29955e-14 6.81397e-10 2.44065e-06 0.00105671 0.0553043 0.34987 0.267789 0.039943 0.115889 0.106694 0.0209056 0.0209285 0.00800966 0.00488103 0.00264862 0.00179624 0.0012721 0.00099778 0.000915099 0.000821182 0.000275334
 2.56912e-27 2.60399e-27 4.6359e-26 9.23965e-20 2.26499e-14 6.71157e-10 2.40397e-06 0.00104083 0.0544731 0.344612 0.263793 0.0411185 0.127643 0.117434 0.0209449 0.0182435 0.00610158 0.00244096 0.000969571 0.00046838 0.000258661 0.000168544 0.000133064 0.000113875 3.96625e-05
 2.56896e-27 2.60358e-27 4.59989e-26 9.16368e-20 2.24637e-14 6.65638e-10 2.38421e-06 0.00103227 0.0540253 0.341779 0.261631 0.0411793 0.129625 0.119297 0.021916 0.0199754 0.00641607 0.00211462 0.000657455 0.000202177 7.13531e-05 3.3353e-05 2.08205e-05 1.58953e-05 5.51966e-06
 2.57162e-27 2.61081e-27 5.2394e-26 1.05128e-19 2.57708e-14 7.63635e-10 2.73521e-06 0.00118424 0.061979 0.392096 0.300022 0.0392993 0.0883452 0.0812002 0.0151005 0.0140186 0.00456003 0.00158641 0.000459919 0.000110689 2.42716e-05 6.40897e-06 2.60296e-06 1.59418e-06 5.28597e-07
 2.56844e-27 2.60207e-27 4.45836e-26 8.86508e-20 2.17317e-14 6.43949e-10 2.30652e-06 0.000998633 0.0522649 0.330642 0.253145 0.0422924 0.144058 0.132455 0.0213229 0.0153103 0.00500127 0.00180902 0.000538042 0.000131935 2.37482e-05 3.72452e-06 7.26881e-07 2.83005e-07 8.37322e-08
 2.56802e-27 2.60104e-27 4.37746e-26 8.69444e-20 2.13134e-14 6.31554e-10 2.26212e-06 0.000979411 0.0512588 0.324278 0.248274 0.0416406 0.14252 0.131259 0.0251803 0.0243936 0.00751826 0.00195402 0.000566805 0.000144205 2.66338e-05 3.56797e-06 3.6299e-07 5.89725e-08 1.31606e-08
 2.57081e-27 2.60862e-27 5.0491e-26 1.01113e-19 2.47867e-14 7.34474e-10 2.63076e-06 0.00113902 0.0596122 0.377123 0.288594 0.0396042 0.0986952 0.0908067 0.0178045 0.01778 0.00589447 0.00220743 0.000596504 0.000115886 2.12571e-05 2.92015e-06 2.45365e-07 1.59572e-08 1.73024e-09
 2.57014e-27 2.60669e-27 4.8682e-26 9.72966e-20 2.38511e-14 7.06751e-10 2.53146e-06 0.00109603 0.0573621 0.362888 0.277747 0.0410227 0.11711 0.107597 0.0171028 0.0119424 0.00396691 0.00154404 0.000476526 0.000120749 1.84974e-05 2.23242e-06 1.88004e-07 8.66048e-09 3.23473e-10
 2.57004e-27 2.60644e-27 4.848e-26 9.68707e-20 2.37467e-14 7.03656e-10 2.52038e-06 0.00109123 0.0571109 0.361299 0.276531 0.0408684 0.116791 0.107368 0.0182639 0.0146282 0.00447259 0.00112633 0.000335251 9.13698e-05 1.76239e-05 2.14337e-06 1.5272e-07 6.58726e-09 1.37704e-10
 2.57052e-27 2.60775e-27 4.96322e-26 9.93014e-20 2.43425e-14 7.21313e-10 2.58362e-06 0.00111861 0.058544 0.370365 0.283449 0.0405569 0.10956 0.100684 0.0168718 0.0131422 0.00411935 0.00120096 0.000312738 5.96623e-05 1.1571e-05 1.6765e-06 1.29771e-07 4.87122e-09 8.63548e-11
 2.57093e-27 2.60887e-27 5.06241e-26 1.01394e-19 2.48555e-14 7.36512e-10 2.63806e-06 0.00114218 0.0597776 0.378169 0.289404 0.040291 0.103353 0.0949497 0.0157403 0.012003 0.00374348 0.00106559 0.00028958 5.95794e-05 8.75147e-06 1.08767e-06 9.65546e-08 3.95987e-09 6.28671e-11
 2.57065e-27 2.60807e-27 4.98885e-26 9.98418e-20 2.4475e-14 7.25238e-10 2.59768e-06 0.0011247 0.0588626 0.372381 0.28499 0.0407025 0.109585 0.100657 0.0159568 0.0110579 0.0034234 0.000942692 0.000252968 5.17019e-05 8.10072e-06 8.72705e-07 6.28203e-08 2.80845e-09 4.80786e-11
 2.56995e-27 2.60618e-27 4.82297e-26 9.63426e-20 2.36172e-14 6.99821e-10 2.50664e-06 0.00108528 0.0567996 0.35933 0.275032 0.0411366 0.119885 0.11018 0.0179632 0.0132334 0.00403331 0.000997593 0.000260926 5.17217e-05 7.99876e-06 8.87893e-07 5.83821e-08 2.16004e-09 3.85702e-11
 2.56948e-27 2.60493e-27 4.71283e-26 9.4019e-20 2.30476e-14 6.82942e-10 2.44618e-06 0.0010591 0.0554297 0.350663 0.268418 0.0413825 0.126403 0.116212 0.019359 0.0149014 0.00458893 0.00120619 0.000308447 5.55958e-05 8.27955e-06 8.9893e-07 5.96675e-08 2.03689e-09 3.11612e-11
 2.56963e-27 2.60533e-27 4.74867e-26 9.47751e-20 2.3233e-14 6.88435e-10 2.46586e-06 0.00106762 0.0558755 0.353484 0.270569 0.0412386 0.123796 0.113814 0.0190608 0.0148273 0.00459895 0.00126285 0.0003306 6.21475e-05 8.7119e-06 8.8002e-07 5.67183e-08 1.92489e-09 2.72298e-11
 2.57028e-27 2.6071e-27 4.90604e-26 9.80951e-20 2.40468e-14 7.12551e-10 2.55224e-06 0.00110502 0.0578328 0.365866 0.280016 0.0407253 0.113253 0.104094 0.0175093 0.0137359 0.00427372 0.00119512 0.000317785 6.23446e-05 9.07981e-06 9.0275e-07 5.37486e-08 1.75279e-09 2.43487e-11
 2.56995e-27 2.60616e-27 4.82015e-26 9.6283e-20 2.36026e-14 6.99388e-10 2.50509e-06 0.00108461 0.0567645 0.359108 0.274864 0.0412211 0.120646 0.11086 0.0176905 0.012445 0.00386763 0.00108723 0.00029088 5.81717e-05 8.75501e-06 9.09225e-07 5.41863e-08 1.65018e-09 2.18603e-11
 2.56997e-27 2.60622e-27 4.82545e-26 9.63948e-20 2.363e-14 7.002e-10 2.508e-06 0.00108587 0.0568304 0.359524 0.275181 0.041178 0.120095 0.110362 0.0177883 0.0127884 0.00389346 0.000959225 0.00025225 5.07231e-05 7.74375e-06 8.29106e-07 5.16345e-08 1.58275e-09 1.98261e-11
 2.57059e-27 2.60792e-27 4.97704e-26 9.95929e-20 2.4414e-14 7.2343e-10 2.59121e-06 0.00112189 0.0587158 0.371452 0.284281 0.0406424 0.109626 0.10072 0.0164186 0.0120929 0.00370013 0.000937836 0.000238258 4.28519e-05 6.4498e-06 6.98934e-07 4.48446e-08 1.43245e-09 1.80963e-11
 2.57083e-27 2.60856e-27 5.0321e-26 1.00754e-19 2.46987e-14 7.31867e-10 2.62143e-06 0.00113498 0.0594006 0.375784 0.287588 0.0406351 0.107247 0.0984865 0.0153392 0.0101934 0.00312426 0.000811485 0.000208578 3.79833e-05 5.28684e-06 5.36739e-07 3.46316e-08 1.13859e-09 1.49337e-11
 2.57116e-27 2.60947e-27 5.11262e-26 1.02453e-19 2.51151e-14 7.44205e-10 2.66562e-06 0.00115411 0.060402 0.382119 0.292421 0.0403655 0.101799 0.0934683 0.0146132 0.00979775 0.00295556 0.000688323 0.000175234 3.26667e-05 4.6145e-06 4.4944e-07 2.67803e-08 8.72961e-10 1.17585e-11
 2.57133e-27 2.60991e-27 5.14987e-26 1.03239e-19 2.53077e-14 7.49912e-10 2.68606e-06 0.00116296 0.0608652 0.38505 0.29466 0.040407 0.100542 0.0922723 0.0137453 0.00811895 0.00244118 0.000565637 0.000139576 2.37205e-05 3.35032e-06 3.3262e-07 1.92964e-08 5.84967e-10 7.72544e-12
 2.57142e-27 2.61016e-27 5.17179e-26 1.03701e-19 2.5421e-14 7.53271e-10 2.69809e-06 0.00116817 0.0611378 0.386774 0.295975 0.0403361 0.0990784 0.0909245 0.0135635 0.00804098 0.00237728 0.000482332 0.000116124 1.94692e-05 2.57321e-06 2.43366e-07 1.43012e-08 4.24643e-10 5.27069e-12
 2.57163e-27 2.61071e-27 5.22011e-26 1.0472e-19 2.56709e-14 7.60676e-10 2.72461e-06 0.00117965 0.0617388 0.390576 0.298876 0.0402034 0.096031 0.0881093 0.0130102 0.00748802 0.0022127 0.000449038 0.000104672 1.56205e-05 2.0021e-06 1.80606e-07 9.96925e-09 2.94868e-10 3.59333e-12
 2.57136e-27 2.60997e-27 5.15315e-26 1.03308e-19 2.53246e-14 7.50414e-10 2.68786e-06 0.00116374 0.0609059 0.385308 0.294858 0.0405342 0.101371 0.0930062 0.0133255 0.00697374 0.00204589 0.000398161 9.20549e-05 1.3604e-05 1.61646e-06 1.34061e-07 7.05679e-09 1.96469e-10 2.35157e-12
 2.5711e-27 2.60927e-27 5.09261e-26 1.02031e-19 2.50116e-14 7.41139e-10 2.65464e-06 0.00114936 0.0601531 0.380545 0.291223 0.0405869 0.104326 0.095766 0.014399 0.00872523 0.00254671 0.000457428 0.000103042 1.46875e-05 1.72358e-06 1.36049e-07 6.51157e-09 1.70316e-10 1.92603e-12
 2.57111e-27 2.60928e-27 5.09303e-26 1.02039e-19 2.50137e-14 7.41202e-10 2.65486e-06 0.00114945 0.0601582 0.380577 0.291249 0.040686 0.105062 0.096419 0.0140482 0.00776331 0.00229398 0.000468753 0.000106583 1.41027e-05 1.59115e-06 1.21955e-07 5.5975e-09 1.33898e-10 1.4065e-12
#obs catch len freq
 1.75255e-41 2.43242e-33 4.08089e-26 8.27597e-20 2.02876e-14 6.01158e-10 2.15325e-06 0.000932282 0.0487919 0.308672 0.236435 0.0441038 0.153645 0.130179 0.036813 0.0283621 0.00869884 0.00275786 0.000540469 6.37452e-05 3.31828e-06 5.52156e-08 2.1732e-10 1.62558e-13 2.00174e-17
 1.7647e-41 2.44929e-33 4.10919e-26 8.33335e-20 2.04282e-14 6.05326e-10 2.16818e-06 0.000938747 0.0491303 0.310813 0.238127 0.0459933 0.156173 0.125268 0.0364137 0.0265071 0.00783124 0.00233344 0.000423671 4.35091e-05 1.85447e-06 2.39964e-08 7.07518e-11 3.86186e-14 3.4103e-18
 2.18316e-41 3.03008e-33 5.08359e-26 1.03094e-19 2.52723e-14 7.48865e-10 2.68231e-06 0.00116135 0.0607804 0.384514 0.29436 0.0432812 0.0985149 0.074483 0.0221038 0.0150673 0.00431459 0.00119929 0.000199044 1.78672e-05 6.2424e-07 6.24166e-09 1.3702e-11 5.44709e-15 3.45507e-19
 1.74073e-41 2.41602e-33 4.05337e-26 8.22016e-20 2.01507e-14 5.97103e-10 2.13873e-06 0.000925995 0.0484629 0.306591 0.23513 0.0537273 0.183355 0.128668 0.025507 0.0129868 0.00357123 0.000921317 0.000139045 1.07813e-05 3.08658e-07 2.39104e-09 3.9018e-12 1.12639e-15 5.12384e-20
 2.11263e-41 2.93219e-33 4.91935e-26 9.97635e-20 2.44558e-14 7.24671e-10 2.59565e-06 0.00112383 0.0588167 0.372092 0.28502 0.0474442 0.113115 0.0763603 0.0269038 0.0156562 0.00284863 0.000539411 7.25048e-05 4.81466e-06 1.11955e-07 6.71807e-10 8.18274e-13 1.71899e-16 5.60666e-21
 2.38536e-41 3.31073e-33 5.55443e-26 1.12643e-19 2.7613e-14 8.18225e-10 2.93075e-06 0.00126891 0.0664098 0.420128 0.321657 0.0454267 0.0784575 0.0483657 0.0110461 0.00543775 0.00150031 0.000274016 2.37818e-05 1.23467e-06 2.30294e-08 1.06479e-10 9.68474e-14 1.48679e-17 3.49156e-22
 1.35783e-41 1.88458e-33 3.16178e-26 6.41203e-20 1.57183e-14 4.65763e-10 1.66829e-06 0.000722311 0.0378029 0.239156 0.184419 0.0755489 0.270578 0.154175 0.026066 0.00943891 0.00174074 0.000318091 3.03799e-05 1.0858e-06 1.41811e-08 4.92331e-11 3.32967e-14 3.73639e-18 6.33649e-23
 2.24927e-41 3.12183e-33 5.23752e-26 1.06216e-19 2.60376e-14 7.71541e-10 2.76354e-06 0.00119652 0.0626209 0.396159 0.303514 0.0481194 0.0863984 0.0520495 0.0327722 0.0150016 0.00192774 0.000220777 1.68921e-05 5.77323e-07 5.50531e-09 1.27694e-11 6.1055e-15 4.95206e-19 6.05582e-24
 2.02578e-41 2.81165e-33 4.71713e-26 9.56625e-20 2.34505e-14 6.94882e-10 2.48896e-06 0.00107763 0.056399 0.3568 0.274013 0.0633356 0.150603 0.0745544 0.0144341 0.00634492 0.00215604 0.000267104 1.22574e-05 2.92798e-07 2.31657e-09 4.01569e-12 1.29074e-15 7.07459e-20 6.03501e-25
 2.06945e-41 2.87226e-33 4.81881e-26 9.77245e-20 2.3956e-14 7.09861e-10 2.54261e-06 0.00110086 0.0576147 0.364491 0.279984 0.0635875 0.137869 0.066327 0.020824 0.00698138 0.00102649 0.000178507 1.16863e-05 1.9401e-07 9.768e-10 1.25249e-12 3.00684e-16 1.15414e-20 6.63772e-26
 2.02617e-41 2.81219e-33 4.71803e-26 9.56806e-20 2.3455e-14 6.95014e-10 2.48943e-06 0.00107784 0.0564096 0.35687 0.274494 0.0693681 0.147922 0.0661127 0.0198642 0.00661526 0.00114165 0.000114528 6.65834e-06 1.35293e-07 5.55558e-10 4.55572e-13 7.34547e-17 2.02236e-21 8.37271e-27
 2.13798e-41 2.96737e-33 4.97839e-26 1.00961e-19 2.47493e-14 7.33368e-10 2.6268e-06 0.00113732 0.0595225 0.376564 0.289586 0.0679153 0.127105 0.0539585 0.0178275 0.00540712 0.000882458 8.77678e-05 3.65327e-06 5.6499e-08 2.29979e-10 1.66074e-13 1.89669e-17 3.41239e-22 9.46607e-28
 2.08925e-41 2.89974e-33 4.86491e-26 9.86594e-20 2.41852e-14 7.16651e-10 2.56693e-06 0.00111139 0.0581658 0.367984 0.283521 0.0753765 0.139057 0.0540634 0.0155999 0.00435099 0.000701562 6.27303e-05 2.3202e-06 2.67431e-08 7.80174e-11 4.68835e-14 4.63041e-18 6.60842e-23 1.30792e-28
 2.04316e-41 2.83577e-33 4.75759e-26 9.6483e-20 2.36517e-14 7.00842e-10 2.5103e-06 0.00108687 0.0568827 0.359871 0.277854 0.0819634 0.145671 0.0544322 0.0173552 0.00424982 0.000583199 4.70671e-05 1.51644e-06 1.43592e-08 3.12688e-11 1.31894e-14 9.58396e-19 1.0769e-23 1.71157e-29
 1.92472e-41 2.67138e-33 4.4818e-26 9.08899e-20 2.22806e-14 6.60215e-10 2.36478e-06 0.00102387 0.0535852 0.339018 0.262859 0.0939986 0.164849 0.0592831 0.0200238 0.00469582 0.000619196 4.11107e-05 1.09318e-06 8.48689e-09 1.45002e-11 4.5546e-15 2.3471e-19 1.84493e-24 2.10084e-30
 1.75875e-41 2.44103e-33 4.09534e-26 8.30527e-20 2.03594e-14 6.03286e-10 2.16087e-06 0.000935583 0.0489647 0.309798 0.24187 0.109627 0.188643 0.0678917 0.0257047 0.00577346 0.000743199 4.46073e-05 9.60605e-07 5.76846e-09 7.62652e-12 1.82381e-15 6.97592e-20 3.96225e-25 3.18661e-31
 1.97804e-41 2.74539e-33 4.60596e-26 9.3408e-20 2.28979e-14 6.78505e-10 2.4303e-06 0.00105223 0.0550698 0.348421 0.270971 0.0974301 0.143384 0.0541564 0.0234505 0.00533245 0.000691684 3.82142e-05 7.06147e-07 3.33173e-09 3.28875e-12 5.82735e-16 1.65142e-20 6.90437e-26 4.04367e-32
 1.92093e-41 2.66613e-33 4.47298e-26 9.07112e-20 2.22368e-14 6.58916e-10 2.36013e-06 0.00102186 0.0534799 0.338379 0.264796 0.111985 0.15709 0.0506974 0.0177292 0.00421803 0.000570479 3.01573e-05 4.89373e-07 1.88715e-09 1.4328e-12 1.87142e-16 3.8407e-21 1.16051e-26 4.92083e-33
 1.90132e-41 2.63891e-33 4.42731e-26 8.9785e-20 2.20097e-14 6.52189e-10 2.33603e-06 0.00101142 0.0529339 0.33494 0.263317 0.118795 0.155079 0.0516588 0.0183386 0.00348066 0.000419571 2.16993e-05 3.18452e-07 1.02923e-09 6.18702e-13 6.14359e-17 9.30049e-22 2.03168e-27 6.16445e-34
 1.93501e-41 2.68567e-33 4.50577e-26 9.13761e-20 2.23998e-14 6.63746e-10 2.37743e-06 0.00102935 0.0538719 0.340892 0.268866 0.122264 0.145889 0.0475059 0.0163394 0.00302167 0.000305803 1.29327e-05 1.67088e-07 4.61644e-10 2.24757e-13 1.73568e-17 1.9859e-22 3.21161e-28 7.10195e-35
 2.00588e-41 2.78402e-33 4.67078e-26 9.47224e-20 2.32201e-14 6.88053e-10 2.4645e-06 0.00106704 0.0558448 0.35339 0.279177 0.122046 0.131423 0.0412841 0.0132478 0.00229743 0.000212118 7.36244e-06 7.39176e-08 1.64316e-10 6.47535e-14 3.95245e-18 3.48121e-23 4.24488e-29 6.96897e-36
 2.0013e-41 2.77767e-33 4.66011e-26 9.45061e-20 2.31671e-14 6.86483e-10 2.45887e-06 0.00106461 0.0557174 0.352617 0.28035 0.130077 0.129366 0.0379898 0.0109488 0.00172178 0.000140644 4.15392e-06 3.2826e-08 5.47315e-11 1.62816e-14 7.62498e-19 5.16208e-24 4.79464e-30 5.92368e-37
 2.0402e-41 2.83166e-33 4.75069e-26 9.63431e-20 2.36174e-14 6.99826e-10 2.50666e-06 0.0010853 0.0568005 0.359499 0.286817 0.131206 0.119061 0.0348192 0.00933929 0.00127851 8.86031e-05 2.17017e-06 1.37027e-08 1.74328e-11 3.81864e-15 1.30311e-19 6.47088e-25 4.45101e-31 4.09389e-38
 1.97554e-41 2.74192e-33 4.60015e-26 9.32901e-20 2.2869e-14 6.77649e-10 2.42723e-06 0.00105091 0.0550007 0.34818 0.281369 0.145986 0.124375 0.0344626 0.00845505 0.00105631 6.11833e-05 1.19356e-06 5.88148e-09 5.72177e-12 9.36821e-16 2.33944e-20 8.3806e-26 4.13637e-32 2.73413e-39
 2.01486e-41 2.79649e-33 4.69169e-26 9.51465e-20 2.3324e-14 6.91134e-10 2.47553e-06 0.00107182 0.0560953 0.355153 0.288044 0.144608 0.113355 0.033059 0.0077156 0.000853216 4.2004e-05 6.52933e-07 2.44356e-09 1.77702e-12 2.158e-16 3.96364e-21 1.03467e-26 3.6879e-33 1.74751e-40
 2.00209e-41 2.77877e-33 4.66196e-26 9.45436e-20 2.31762e-14 6.86755e-10 2.45984e-06 0.00106503 0.0557401 0.352995 0.289475 0.153098 0.110603 0.0298655 0.00645422 0.000673706 2.815e-05 3.49425e-07 9.98507e-10 5.36449e-13 4.74475e-17 6.32252e-22 1.1955e-27 3.08021e-34 1.05202e-41
 1.94271e-41 2.69635e-33 4.52369e-26 9.17396e-20 2.24889e-14 6.66387e-10 2.38689e-06 0.00103344 0.0540874 0.342672 0.285988 0.166174 0.113195 0.0303616 0.00592269 0.00054328 1.97348e-05 1.99137e-07 4.3602e-10 1.74061e-13 1.1216e-17 1.07584e-22 1.45656e-28 2.68354e-35 6.55507e-43
 1.86321e-41 2.58601e-33 4.33856e-26 8.79852e-20 2.15685e-14 6.39116e-10 2.28921e-06 0.000991148 0.0518747 0.328855 0.280859 0.180833 0.117574 0.0325272 0.00598265 0.000486694 1.46672e-05 1.19782e-07 2.04678e-10 6.13394e-14 2.89659e-18 2.00956e-23 1.95167e-29 2.56526e-36 4.45606e-44
#spawning biomass
 5506.37 8488.58 10418.3 12172.2 19313.8 30717.8 29487.4 37322.5 47919.9 58533.7 69934.4 97662.7 123758 146303 143456 126220 126312 119933 104460 102601 104657 119256 122244 132899 143312 137579 147072 122214 110408 111942 52696.3 26001.5 16998.8 14311.7 13567.9 13372.3 13322.7 13310.4 13307.5 13306.7 13306.6 13306.5 13306.5 13306.5 13306.5 13306.5 13306.5 13306.5 13306.5 13306.5 13306.5 13306.5 13306.5 13306.5 13306.5 13306.5 13306.5 13306.5 13306.5 13306.5 13306.5 13306.5 13306.5 13306.5 13306.5 13306.5 13306.5 13306.5 13306.5 13306.5 13306.5 13306.5 13306.5 13306.5 13306.5 13306.5 13306.5 13306.5 13306.5 13306.5 13306.5 13306.5 13306.5 13306.5 13306.5 13306.5 13306.5 13306.5 13306.5 13306.5 13306.5 13306.5 13306.5 13306.5 13306.5 13306.5 13306.5 13306.5 13306.5 13306.5 13306.5 13306.5 13306.5 13306.5 13306.5 13306.5 13306.5 13306.5 13306.5 13306.5 13306.5 13306.5 13306.5 13306.5 13306.5 13306.5 13306.5 13306.5 13306.5 13306.5 13306.5 13306.5 13306.5 13306.5 13306.5 13306.5 13306.5 13306.5 0 0 0 0 0 0 0 0 0 0 0 0 0 0 0 0 0 0 0 0 0 0 0 0 0
