SBPRF35
0.178135
Curr Bio
186086
B35
463678
F35
0.564647
FOFL
0.221691
OFL
30353.9
Bzero
50895.7
#pred survey bio
 30414 35961.4 26300.8 17884.4 33051.6 55662.8 83949 128131 172439 203270 150507 176442 221991 278015 272087 247877 254511 209646 235872 207980 206735 211393 202426 242405 244254 238205 217628 212738 7.79755e+06 6.24106e+06 4.05136e+06 2.40244e+06 1.4438e+06 945994 698407 575269 512336 478849 460283 449632 443371 439631 437376 435981 435150 434653 434354 434174 434066 434000 433961 433937 433923 433914 433909 433906 433904 433903 433902 433902 433901 433901 433901 433901 433901 433901 433901 433901 433901 433901 433901 433901 433901 433901 433901 433901 433901 433901 433901 433901 433901 433901 433901 433901 433901 433901 433901 433901 433901 433901 433901 433901 433901 433901 433901 433901 433901 433901 433901 433901 433901 433901 433901 433901 433901 433901 433901 433901 433901 433901 433901 433901 433901 433901 433901 433901 433901 433901 433901 433901 433901 433901 433901 433901 433901 433901 433901 433901 0 0 0 0 0 0 0 0 0 0 0 0 0 0 0 0 0 0 0 0 0 0 0 0 0
#obs survey bio
 25384.6 21867.3 14710.8 21648.2 40647.2 60796 81120.7 177301 145384 189496 129146 222396 184860 372784 269537 342859 203802 179637 266444 176064 274038 198441 272782 283129 292293 301948 216477 176863
#pred catch bio
 9030.35 14565.3 12838.6 7040.73 14414.2 29174.2 45152 72918.6 97892.1 151548 107367 128873 155527 213713 225859 206304 230180 180579 220838 196408 200779 214299 198380 248755 254211 256515 244539 232155 30353.9 99526.1 60257.2 32724.4 17957.5 11081.3 8145.57 6962.46 6504.46 6332.22 6268.81 6245.84 6237.62 6234.7 6233.67 6233.31 6233.18 6233.14 6233.13 6233.12 6233.12 6233.12 6233.12 6233.12 6233.12 6233.12 6233.12 6233.12 6233.12 6233.12 6233.12 6233.12 6233.12 6233.12 6233.12 6233.12 6233.12 6233.12 6233.12 6233.12 6233.12 6233.12 6233.12 6233.12 6233.12 6233.12 6233.12 6233.12 6233.12 6233.12 6233.12 6233.12 6233.12 6233.12 6233.12 6233.12 6233.12 6233.12 6233.12 6233.12 6233.12 6233.12 6233.12 6233.12 6233.12 6233.12 6233.12 6233.12 6233.12 6233.12 6233.12 6233.12 6233.12 6233.12 6233.12 6233.12 6233.12 6233.12 6233.12 6233.12 6233.12 6233.12 6233.12 6233.12 6233.12 6233.12 6233.12 6233.12 6233.12 6233.12 6233.12 6233.12 6233.12 6233.12 6233.12 6233.12 6233.12 6233.12 6233.12 6233.12 0 0 0 0 0 0 0 0 0 0 0 0 0 0 0 0 0 0 0 0 0 0 0 0 0
#obs catch bio
 18105.8 16345.6 17160.7 7401.08 13936.8 27983 42632 65786 98223.7 155642 116497 127230 147378 196355 234768 197190 231000 170274 201432 198603 184654 210969 171910 228772 231934 214052 254308 227501
#pred cpue bio
 28150.2 34382.2 25728.5 16758.1 29272.9 50670.4 75234.8 115131 155675 185679 135907 155580 195953 247161 241728 217462 222649 182284 204328 179142 176998 179866 171115 205431 205735 200554 181847 175964 6.51044e+06 6.22215e+06 4.03246e+06 2.38354e+06 1.4249e+06 927095 679508 556370 493437 459950 441384 430733 424472 420732 418477 417082 416251 415754 415455 415275 415167 415101 415062 415038 415024 415015 415010 415007 415005 415004 415003 415003 415002 415002 415002 415002 415002 415002 415002 415002 415002 415002 415002 415002 415002 415002 415002 415002 415002 415002 415002 415002 415002 415002 415002 415002 415002 415002 415002 415002 415002 415002 415002 415002 415002 415002 415002 415002 415002 415002 415002 415002 415002 415002 415002 415002 415002 415002 415002 415002 415002 415002 415002 415002 415002 415002 415002 415002 415002 415002 415002 415002 415002 415002 415002 415002 415002 415002 415002 415002 0 0 0 0 0 0 0 0 0 0 0 0 0 0 0 0 0 0 0 0 0 0 0 0 0
#obs cpue bio
 26914 22825.2 10085 22709.9 37949.2 61703.9 93536.4 146412 119115 210992 95612.6 157669 297315 275113 181670 201967 274549 264971 278654 182164 198289 199233 231935 240139 246816 332286 146263 229810
#pred surv len freq
 1.62621e-11 1.76509e-09 1.12966e-07 4.26298e-06 9.48566e-05 0.00124456 0.00962908 0.0439458 0.118506 0.190418 0.189904 0.138224 0.101655 0.07885 0.0514624 0.0291246 0.0167079 0.00996531 0.00620581 0.00414098 0.00301359 0.00242129 0.00203902 0.00154791 0.000896467
 1.13168e-11 1.22833e-09 7.8613e-08 2.96661e-06 6.60111e-05 0.000866117 0.006702 0.0306081 0.0828284 0.135432 0.146121 0.135747 0.137786 0.125353 0.0867475 0.050764 0.0284663 0.0149907 0.00755618 0.00394618 0.00225622 0.00147154 0.00107764 0.000769807 0.000441656
 7.0912e-12 7.69682e-10 4.92595e-08 1.85891e-06 4.13634e-05 0.000542737 0.00420037 0.0191988 0.0521692 0.0870387 0.102011 0.11508 0.139746 0.143542 0.119078 0.0898282 0.0609082 0.0347329 0.0171999 0.00780846 0.00344139 0.00163808 0.00091983 0.000565622 0.000305973
 1.57783e-11 1.71258e-09 1.09605e-07 4.13615e-06 9.20343e-05 0.00120752 0.0093422 0.0426289 0.11485 0.183704 0.179272 0.120359 0.0774712 0.0618562 0.0550259 0.0497853 0.0413526 0.0296699 0.0180536 0.00908283 0.00383053 0.00145839 0.000573737 0.000259803 0.000120082
 2.00377e-11 2.1749e-09 1.39194e-07 5.25273e-06 0.000116879 0.00153349 0.0118639 0.0541296 0.145755 0.232485 0.223743 0.141287 0.0760849 0.0455696 0.0263775 0.0141007 0.00896911 0.0069331 0.00518131 0.00325619 0.00163847 0.000656015 0.000220021 7.04311e-05 2.3742e-05
 1.70226e-11 1.84764e-09 1.18249e-07 4.46235e-06 9.92928e-05 0.00130276 0.0100794 0.0460017 0.124058 0.199401 0.199148 0.145601 0.107271 0.0810309 0.047859 0.0212598 0.00856829 0.00375462 0.00199353 0.00126036 0.000757288 0.00036571 0.00013521 3.93965e-05 9.93346e-06
 1.8609e-11 2.01983e-09 1.29269e-07 4.8782e-06 0.000108546 0.00142416 0.0110183 0.0502776 0.135467 0.216756 0.211844 0.142701 0.0901651 0.0628963 0.0392435 0.0208873 0.0102336 0.00436305 0.00158265 0.000575406 0.000253423 0.000123906 5.26326e-05 1.69992e-05 4.10968e-06
 1.82645e-11 1.98244e-09 1.26876e-07 4.7879e-06 0.000106537 0.0013978 0.0108145 0.0493499 0.132999 0.213066 0.209461 0.144355 0.0954167 0.0677681 0.0404998 0.0194553 0.00882916 0.00397839 0.0016449 0.000587462 0.000181737 5.59092e-05 1.92579e-05 6.37703e-06 1.65731e-06
 1.78387e-11 1.93622e-09 1.23918e-07 4.67628e-06 0.000104053 0.00136522 0.0105624 0.0482015 0.129928 0.208336 0.205711 0.144201 0.098635 0.0719083 0.0436507 0.0212981 0.00960579 0.00409185 0.00158254 0.000565901 0.000182388 5.02988e-05 1.22027e-05 2.90053e-06 6.70239e-07
 1.67371e-11 1.81665e-09 1.16265e-07 4.38748e-06 9.7627e-05 0.00128091 0.00991035 0.0452302 0.12198 0.196088 0.195967 0.143668 0.106674 0.0821099 0.0511229 0.0256591 0.0119742 0.00522392 0.00202125 0.000698127 0.000214804 5.79457e-05 1.33653e-05 2.59606e-06 4.41174e-07
 1.78284e-11 1.9351e-09 1.23846e-07 4.67356e-06 0.000103992 0.00136442 0.0105563 0.0481734 0.129852 0.208215 0.205594 0.144123 0.0985877 0.0718759 0.043644 0.0213558 0.00975114 0.00426407 0.00168982 0.000598132 0.000184576 4.85448e-05 1.07594e-05 1.97489e-06 2.94748e-07
 1.9753e-11 2.144e-09 1.37215e-07 5.17808e-06 0.000115219 0.0015117 0.0116954 0.0533639 0.143732 0.229576 0.222453 0.144601 0.0838525 0.0535886 0.0307726 0.014387 0.00622751 0.0026096 0.00100642 0.000353676 0.000110606 2.95903e-05 6.55934e-06 1.17469e-06 1.66627e-07
 1.95547e-11 2.12248e-09 1.35838e-07 5.12611e-06 0.000114062 0.00149653 0.0115781 0.0528301 0.142315 0.227478 0.221201 0.14589 0.0874307 0.0569115 0.0317026 0.0133816 0.00492378 0.00180348 0.000639831 0.000212412 6.41624e-05 1.69697e-05 3.78472e-06 6.83339e-07 9.62966e-08
 1.9e-11 2.06227e-09 1.31985e-07 4.98069e-06 0.000110826 0.00145408 0.0112498 0.0513341 0.138315 0.221327 0.216371 0.145836 0.0918259 0.0623588 0.0355626 0.0154425 0.00583226 0.0020691 0.000653937 0.000186497 4.99042e-05 1.22448e-05 2.6231e-06 4.66705e-07 6.57656e-08
 1.90569e-11 2.06845e-09 1.3238e-07 4.99562e-06 0.000111159 0.00145844 0.0112835 0.0514877 0.138726 0.221956 0.216854 0.145805 0.0913172 0.061755 0.0351679 0.0152744 0.00579628 0.00208604 0.000670448 0.000188159 4.61925e-05 9.87902e-06 1.85854e-06 3.03268e-07 4.08509e-08
 2.00026e-11 2.17109e-09 1.38949e-07 5.24352e-06 0.000116675 0.00153081 0.0118432 0.0540379 0.145544 0.232435 0.225057 0.145818 0.0837274 0.0524933 0.0288323 0.012065 0.00434136 0.00150048 0.000476203 0.000134373 3.32293e-05 6.96246e-06 1.21299e-06 1.75111e-07 2.08758e-08
 2.0173e-11 2.18959e-09 1.40133e-07 5.28819e-06 0.000117669 0.00154385 0.0119441 0.0544977 0.146775 0.234348 0.226651 0.146137 0.0828452 0.0511591 0.0275862 0.0110684 0.00368251 0.00117077 0.000347828 9.31721e-05 2.2369e-05 4.65205e-06 8.07088e-07 1.13181e-07 1.25354e-08
 2.05779e-11 2.23353e-09 1.42946e-07 5.39433e-06 0.00012003 0.00157483 0.0121837 0.0555895 0.149695 0.238841 0.230197 0.146236 0.07974 0.0472962 0.0248501 0.00957781 0.00294339 0.000848366 0.000230152 5.6251e-05 1.24157e-05 2.42351e-06 4.04309e-07 5.56163e-08 6.06113e-09
 2.08334e-11 2.26126e-09 1.4472e-07 5.46129e-06 0.00012152 0.00159438 0.0123349 0.0562783 0.151535 0.241659 0.232352 0.146072 0.0774354 0.0446299 0.0232202 0.00895633 0.00275967 0.000785789 0.000203359 4.5606e-05 9.06202e-06 1.59529e-06 2.42675e-07 3.1071e-08 3.23086e-09
 2.119e-11 2.29997e-09 1.47198e-07 5.55479e-06 0.000123601 0.00162168 0.012546 0.0572402 0.154107 0.245614 0.235457 0.146107 0.0746175 0.0411595 0.0208015 0.00768876 0.00217455 0.00056077 0.000137379 3.0055e-05 5.7562e-06 9.43609e-07 1.29826e-07 1.49141e-08 1.40683e-09
 2.15692e-11 2.34113e-09 1.49832e-07 5.6542e-06 0.000125813 0.00165069 0.0127705 0.0582627 0.156839 0.249802 0.238683 0.145937 0.0713061 0.0372664 0.018332 0.0066456 0.0018105 0.000438483 9.93321e-05 1.98076e-05 3.47899e-06 5.38344e-07 7.06826e-08 7.60503e-09 6.5457e-10
 2.19424e-11 2.38163e-09 1.52424e-07 5.75201e-06 0.000127989 0.00167925 0.0129913 0.0592688 0.159528 0.253925 0.24186 0.145775 0.0680553 0.033437 0.0158912 0.00560404 0.00144622 0.000322333 6.7782e-05 1.26697e-05 2.06043e-06 2.91138e-07 3.48792e-08 3.47542e-09 2.80919e-10
 2.23202e-11 2.42265e-09 1.55049e-07 5.85107e-06 0.000130193 0.00170816 0.013215 0.0602877 0.162251 0.258097 0.245067 0.145586 0.064725 0.0295336 0.0134301 0.00458451 0.0011086 0.000220433 4.1297e-05 7.02716e-06 1.045e-06 1.3575e-07 1.49803e-08 1.36512e-09 1.00619e-10
 2.2171e-11 2.40645e-09 1.54013e-07 5.81195e-06 0.000129323 0.00169675 0.0131266 0.0598854 0.161176 0.256453 0.243817 0.145704 0.0661067 0.0311195 0.014384 0.00492614 0.00118726 0.000232845 4.20928e-05 6.66561e-06 8.88268e-07 1.02409e-07 1.01565e-08 8.40639e-10 5.65747e-11
 2.25228e-11 2.44464e-09 1.56457e-07 5.90418e-06 0.000131375 0.00172367 0.0133349 0.0608339 0.16371 0.260332 0.246778 0.14546 0.0629012 0.027416 0.0121225 0.00407441 0.000958923 0.000180358 3.12707e-05 4.82304e-06 6.25359e-07 6.85116e-08 6.2375e-09 4.61447e-10 2.76119e-11
 2.25438e-11 2.44691e-09 1.56602e-07 5.90966e-06 0.000131497 0.00172527 0.0133473 0.0608904 0.163861 0.260565 0.246966 0.145478 0.0627603 0.027228 0.0119724 0.0039762 0.000904562 0.000158309 2.52127e-05 3.65298e-06 4.50885e-07 4.73365e-08 4.15742e-09 2.94583e-10 1.64841e-11
 2.29606e-11 2.49215e-09 1.59497e-07 6.01892e-06 0.000133928 0.00175716 0.0135939 0.0620141 0.166863 0.26516 0.250466 0.145165 0.0589288 0.0228187 0.00930419 0.00299997 0.000661925 0.000108831 1.58926e-05 2.12526e-06 2.42025e-07 2.33822e-08 1.91561e-09 1.28614e-10 6.8807e-12
 2.349e-11 2.54961e-09 1.63175e-07 6.1577e-06 0.000137016 0.00179768 0.0139073 0.0634415 0.170676 0.270994 0.254908 0.144756 0.0540435 0.0172056 0.00592023 0.00177711 0.000368756 5.32674e-05 6.34303e-06 7.12012e-07 7.22103e-08 6.32682e-09 4.72859e-10 2.91062e-11 1.43662e-12
#obs surv len freq
 4.87167e-11 4.5149e-09 2.4672e-07 7.94966e-06 0.000151037 0.00169206 0.0111793 0.0435928 0.10074 0.14097 0.132188 0.113079 0.113621 0.109977 0.0917851 0.0674705 0.0413336 0.0203202 0.00823232 0.00275877 0.000731479 0.000145853 2.09847e-05 2.09898e-06 1.40995e-07
 2.95327e-11 2.6398e-09 1.39132e-07 4.32384e-06 7.9234e-05 0.00085625 0.00546007 0.0206107 0.0468338 0.0694251 0.087696 0.124952 0.165018 0.16434 0.130479 0.0908246 0.0536924 0.0256644 0.00997119 0.00314586 0.000780184 0.00014531 1.94127e-05 1.78778e-06 1.10008e-07
 1.55417e-11 1.33757e-09 6.7877e-08 2.03105e-06 3.58366e-05 0.000372941 0.00229182 0.00836955 0.0187635 0.0297749 0.0472091 0.0845577 0.133394 0.173462 0.188799 0.158011 0.0943982 0.0411842 0.0142136 0.00405376 0.000925683 0.00015941 1.96592e-05 1.66783e-06 9.43003e-08
 2.68182e-10 2.21868e-08 1.08229e-06 3.11302e-05 0.000527967 0.00527982 0.031133 0.108249 0.221965 0.268615 0.192664 0.0841237 0.026986 0.0139383 0.0144506 0.0138897 0.00997629 0.00531613 0.00209598 0.000606397 0.000128885 2.00801e-05 2.2433e-06 1.73415e-07 8.96095e-09
 1.76872e-10 1.40444e-08 6.57559e-07 1.81533e-05 0.00029551 0.00283678 0.0160668 0.0538275 0.10812 0.138999 0.144235 0.16328 0.171578 0.123487 0.05513 0.0159359 0.00396462 0.00139487 0.000583562 0.000193197 4.46303e-05 7.00375e-06 7.40482e-07 5.23661e-08 2.44839e-09
 4.371e-10 3.32644e-08 1.49268e-06 3.94948e-05 0.000616172 0.0056684 0.0307508 0.0984253 0.186361 0.211632 0.154302 0.093261 0.0688208 0.0588879 0.0463822 0.0287721 0.012192 0.00326145 0.000550883 6.64674e-05 7.71801e-06 9.62409e-07 9.85316e-08 6.8498e-09 3.05892e-10
 5.34245e-10 3.89139e-08 1.67131e-06 4.23249e-05 0.000632016 0.00556514 0.0289045 0.0886847 0.162009 0.183278 0.150994 0.126725 0.111852 0.0775681 0.0392237 0.0162524 0.0059692 0.00181143 0.000412085 6.58769e-05 7.11741e-06 5.23232e-07 2.83359e-08 1.2548e-09 4.49058e-11
 8.14971e-10 5.67438e-08 2.3296e-06 5.63939e-05 0.000804962 0.00677536 0.0336373 0.0986399 0.172113 0.185386 0.143888 0.113344 0.0981768 0.0727155 0.0433631 0.0211104 0.00769962 0.00191918 0.000324278 3.98538e-05 3.85676e-06 2.90903e-07 1.57434e-08 5.73043e-10 1.38181e-11
 9.61022e-10 6.38853e-08 2.50412e-06 5.78761e-05 0.000788751 0.00633907 0.0300605 0.0843545 0.14217 0.154445 0.137834 0.136124 0.128234 0.0923571 0.0518992 0.024043 0.00863019 0.00220842 0.00039549 5.04143e-05 4.60358e-06 2.98499e-07 1.36773e-08 4.41942e-10 9.9017e-12
 1.24969e-09 7.9227e-08 2.96164e-06 6.52801e-05 0.000848462 0.00650357 0.0294225 0.0788832 0.127948 0.138001 0.131574 0.140838 0.137109 0.103275 0.0623841 0.0299838 0.0103562 0.0023909 0.000369812 4.04022e-05 3.28664e-06 1.99672e-07 8.69813e-09 2.60092e-10 5.19272e-12
 2.45677e-09 1.48383e-07 5.28435e-06 0.000110965 0.00137398 0.0100326 0.0432232 0.110168 0.168421 0.164902 0.130505 0.115121 0.102787 0.0760525 0.0461111 0.0219286 0.00735274 0.00163579 0.000242983 2.5123e-05 1.87183e-06 1.00689e-07 3.83744e-09 1.01642e-10 1.83763e-12
 3.81747e-09 2.19442e-07 7.43789e-06 0.000148651 0.00175182 0.0121748 0.0499306 0.121237 0.177213 0.168498 0.134312 0.118807 0.0991939 0.0643093 0.033158 0.0138518 0.00431662 0.000934513 0.000139885 1.48428e-05 1.12475e-06 5.96988e-08 2.16582e-09 5.28592e-11 8.59025e-13
 5.20475e-09 2.84492e-07 9.16911e-06 0.000174251 0.00195268 0.0129055 0.0503541 0.116568 0.164138 0.156833 0.13696 0.131644 0.109525 0.0682012 0.0333231 0.0129583 0.00366282 0.000694411 8.74048e-05 7.63182e-06 4.88509e-07 2.32908e-08 8.0077e-10 1.89584e-11 2.98182e-13
 7.32676e-09 3.80489e-07 1.16509e-05 0.000210363 0.00223971 0.0140649 0.0521634 0.115003 0.155629 0.147899 0.135698 0.135044 0.11313 0.0723985 0.0370009 0.0146387 0.00404325 0.00073089 8.63042e-05 6.90777e-06 3.90898e-07 1.58865e-08 4.57935e-10 9.18137e-12 1.25914e-13
 1.08493e-08 5.34881e-07 1.5549e-05 0.000266526 0.002694 0.0160624 0.0565804 0.118694 0.154128 0.144716 0.135988 0.135623 0.111336 0.0702958 0.0355337 0.013704 0.00364635 0.000635414 7.30125e-05 5.73737e-06 3.17521e-07 1.2358e-08 3.30805e-10 5.96574e-12 7.16046e-14
 1.72853e-08 8.08465e-07 2.22963e-05 0.000362576 0.00347688 0.0196678 0.0657453 0.131025 0.162412 0.147774 0.136299 0.130925 0.101489 0.059846 0.0280624 0.0100097 0.00245096 0.000388208 3.97554e-05 2.7347e-06 1.32542e-07 4.62567e-09 1.14398e-10 1.9415e-12 2.19852e-14
 2.43689e-08 1.08065e-06 2.82569e-05 0.000435673 0.0039613 0.0212506 0.0674298 0.128136 0.154501 0.145125 0.143995 0.139481 0.103301 0.0570673 0.0248808 0.00823819 0.00186878 0.000272099 2.51907e-05 1.52657e-06 6.34488e-08 1.87255e-09 3.92918e-11 5.73418e-13 5.6833e-15
 3.95609e-08 1.6625e-06 4.11951e-05 0.000601903 0.00518618 0.0263645 0.0792685 0.142661 0.162514 0.143209 0.133375 0.124517 0.0928741 0.0540556 0.0248569 0.00833112 0.00185368 0.000263291 2.40807e-05 1.46709e-06 6.14845e-08 1.78402e-09 3.52068e-11 4.62784e-13 4.00729e-15
 6.00471e-08 2.39029e-06 5.61049e-05 0.000776515 0.00633799 0.0305257 0.0870128 0.148943 0.163571 0.143923 0.135515 0.122636 0.0860906 0.0466584 0.0200294 0.00634856 0.0013618 0.000191539 1.79389e-05 1.15139e-06 5.11661e-08 1.54928e-09 3.1189e-11 4.1026e-13 3.4938e-15
 8.02641e-08 3.02555e-06 6.7248e-05 0.000881376 0.00681288 0.0310875 0.084117 0.137927 0.150535 0.142862 0.146504 0.133341 0.0910242 0.0478209 0.0197331 0.00592336 0.0011898 0.000155718 1.35596e-05 8.16266e-07 3.47035e-08 1.03048e-09 2.07735e-11 2.76898e-13 2.39323e-15
 1.31629e-07 4.6974e-06 9.8845e-05 0.00122647 0.00897521 0.0387698 0.0992793 0.153828 0.157638 0.138729 0.133036 0.117426 0.0812179 0.0443736 0.0186697 0.00551161 0.00106843 0.000134702 1.13497e-05 6.60918e-07 2.69125e-08 7.55289e-10 1.42839e-11 1.78918e-13 1.4658e-15
 1.96401e-07 6.63451e-06 0.00013215 0.00155216 0.0107527 0.0439843 0.106815 0.15801 0.15849 0.142577 0.137455 0.114811 0.0722317 0.0353093 0.0134411 0.00367154 0.000670951 8.0962e-05 6.61194e-06 3.75558e-07 1.48815e-08 4.03399e-10 7.30819e-12 8.69915e-14 6.72013e-16
 2.69589e-07 8.6198e-06 0.000162513 0.00180676 0.0118489 0.0459083 0.105877 0.150495 0.151124 0.144446 0.144286 0.118821 0.0732244 0.0351186 0.0129095 0.00333066 0.00056527 6.25482e-05 4.64522e-06 2.40162e-07 8.76391e-09 2.22217e-10 3.81056e-12 4.31711e-14 3.17507e-16
 3.98276e-07 1.20534e-05 0.000215097 0.00226353 0.0140519 0.0515557 0.112778 0.153112 0.150154 0.143709 0.141629 0.1137 0.0690243 0.0327269 0.011687 0.00287131 0.000458812 4.75043e-05 3.28075e-06 1.56383e-07 5.21205e-09 1.19894e-10 1.86181e-12 1.91648e-14 1.28968e-16
 5.3441e-07 1.53093e-05 0.000258605 0.00257613 0.0151421 0.0526543 0.109671 0.14456 0.145677 0.149789 0.150138 0.11692 0.0682101 0.0309887 0.0105329 0.00245356 0.000372564 3.68922e-05 2.4511e-06 1.12291e-07 3.56109e-09 7.68328e-11 1.10428e-12 1.04138e-14 6.37573e-17
 8.05978e-07 2.18574e-05 0.000349522 0.00329615 0.0183424 0.0604029 0.119291 0.149811 0.145617 0.145695 0.141983 0.10912 0.064279 0.0294294 0.00981511 0.00219535 0.000317798 3.00669e-05 1.91826e-06 8.45817e-08 2.57562e-09 5.31017e-11 7.25363e-13 6.46238e-15 3.71164e-17
 1.08194e-06 2.77795e-05 0.000420585 0.00375552 0.0197946 0.0618363 0.116647 0.14375 0.145989 0.155035 0.149533 0.108655 0.0595253 0.0252736 0.00785707 0.00165005 0.00022597 2.03824e-05 1.24709e-06 5.27937e-08 1.53842e-09 3.022e-11 3.92004e-13 3.30828e-15 1.79558e-17
 1.52162e-06 3.69939e-05 0.000530356 0.00448454 0.0223895 0.0663303 0.119286 0.14287 0.146416 0.157056 0.148247 0.104812 0.0561612 0.0230875 0.00679191 0.00132044 0.000164048 1.31495e-05 7.04093e-07 2.61042e-08 6.7834e-10 1.21629e-11 1.46543e-13 1.15903e-15 5.91256e-18
#pred catch len freq
 1.55999e-11 1.69322e-09 1.08366e-07 4.08939e-06 9.09942e-05 0.00119388 0.00923714 0.0421597 0.113727 0.183044 0.183989 0.137736 0.106192 0.0846339 0.0556385 0.03153 0.0180909 0.0107903 0.00671955 0.00448379 0.00326307 0.00262173 0.00220782 0.00167605 0.00097068
 1.07953e-11 1.17173e-09 7.49905e-08 2.82991e-06 6.29694e-05 0.000826211 0.00639334 0.0292016 0.0790657 0.129628 0.141479 0.13541 0.141449 0.130041 0.0902014 0.0528064 0.029613 0.0155947 0.0078606 0.00410516 0.00234712 0.00153082 0.00112106 0.000800821 0.000459449
 6.80899e-12 7.3905e-10 4.72991e-08 1.78493e-06 3.97173e-05 0.000521141 0.00403332 0.0184374 0.0501301 0.0838755 0.0993918 0.114603 0.141273 0.145754 0.121019 0.0913036 0.0619093 0.0353038 0.0174826 0.00793681 0.00349796 0.001665 0.000934949 0.000574919 0.000311003
 1.52785e-11 1.65834e-09 1.06133e-07 4.00514e-06 8.91193e-05 0.00116928 0.00904637 0.0412802 0.111234 0.178061 0.174436 0.11896 0.0792749 0.0649711 0.0582078 0.0527144 0.0437887 0.0314179 0.0191172 0.00961793 0.0040562 0.00154431 0.000607538 0.000275109 0.000127156
 1.97842e-11 2.14738e-09 1.37432e-07 5.18626e-06 0.000115401 0.00151409 0.0117138 0.0534457 0.143925 0.229663 0.221485 0.141117 0.0778397 0.0477661 0.0279001 0.0149432 0.00950742 0.00734933 0.00549237 0.00345168 0.00173684 0.000695399 0.00023323 7.46595e-05 2.51674e-05
 1.68224e-11 1.82591e-09 1.16858e-07 4.40986e-06 9.81248e-05 0.00128744 0.00996092 0.0454617 0.122614 0.197186 0.197427 0.145642 0.108942 0.083024 0.0491548 0.0218461 0.00880525 0.00385849 0.00204868 0.00129523 0.000778238 0.000375828 0.000138951 4.04864e-05 1.02083e-05
 1.84643e-11 2.00412e-09 1.28263e-07 4.84026e-06 0.000107702 0.00141308 0.0109326 0.0498873 0.134423 0.215149 0.210576 0.142665 0.0912743 0.064277 0.0402224 0.0214204 0.0104957 0.00447479 0.00162318 0.000590142 0.000259913 0.000127079 5.39805e-05 1.74346e-05 4.21493e-06
 1.81712e-11 1.97231e-09 1.26228e-07 4.76345e-06 0.000105992 0.00139066 0.0107592 0.0490983 0.132327 0.212033 0.208653 0.144359 0.0961722 0.0686827 0.0411141 0.0197569 0.00896649 0.00404029 0.0016705 0.000596603 0.000184565 5.67791e-05 1.95575e-05 6.47625e-06 1.6831e-06
 1.77379e-11 1.92528e-09 1.23218e-07 4.64985e-06 0.000103465 0.0013575 0.0105027 0.0479296 0.129201 0.207219 0.204838 0.144202 0.099448 0.0728963 0.0443201 0.0216314 0.00975657 0.0041561 0.00160739 0.000574786 0.000185252 5.10886e-05 1.23943e-05 2.94607e-06 6.80762e-07
 1.70485e-11 1.85045e-09 1.18429e-07 4.46914e-06 9.94438e-05 0.00130474 0.0100947 0.0460702 0.124226 0.199541 0.198674 0.143687 0.104197 0.0790825 0.0490486 0.0245996 0.0114786 0.00500766 0.00193758 0.000669226 0.000205912 5.55469e-05 1.2812e-05 2.48859e-06 4.2291e-07
 1.80324e-11 1.95724e-09 1.25263e-07 4.72705e-06 0.000105183 0.00138004 0.010677 0.0487237 0.131323 0.210476 0.207363 0.144123 0.0969466 0.0698808 0.0422918 0.0206805 0.00944192 0.00412881 0.00163622 0.000579159 0.000178721 4.7005e-05 1.04181e-05 1.91224e-06 2.85398e-07
 1.99332e-11 2.16356e-09 1.38468e-07 5.22533e-06 0.00011627 0.0015255 0.0118021 0.0538499 0.145032 0.231572 0.224008 0.144581 0.0823732 0.0518051 0.0295828 0.0138145 0.00597863 0.00250526 0.000966181 0.000339535 0.000106184 2.84072e-05 6.29709e-06 1.12772e-06 1.59965e-07
 1.96905e-11 2.13721e-09 1.36781e-07 5.1617e-06 0.000114854 0.00150692 0.0116585 0.0531962 0.143294 0.228979 0.22236 0.145839 0.0862599 0.0555286 0.0308172 0.0129974 0.00478179 0.00175145 0.00062137 0.000206283 6.23112e-05 1.64801e-05 3.67552e-06 6.63623e-07 9.35183e-08
 1.92794e-11 2.09259e-09 1.33926e-07 5.05393e-06 0.000112456 0.00147546 0.0114152 0.0520875 0.140329 0.224416 0.21876 0.145744 0.0894375 0.0595241 0.0337279 0.014626 0.00552267 0.00195922 0.000619208 0.000176593 4.72539e-05 1.15945e-05 2.48379e-06 4.4192e-07 6.2273e-08
 1.94559e-11 2.11175e-09 1.35152e-07 5.10021e-06 0.000113486 0.00148897 0.0115196 0.0525636 0.141601 0.226367 0.220266 0.145675 0.0879083 0.057709 0.0325494 0.0141086 0.00535209 0.00192611 0.000619046 0.000173733 4.2651e-05 9.12162e-06 1.71605e-06 2.80017e-07 3.77189e-08
 2.03394e-11 2.20764e-09 1.41289e-07 5.3318e-06 0.000118639 0.00155658 0.0120425 0.0549459 0.14797 0.236156 0.227928 0.145683 0.0808114 0.0490524 0.0266325 0.0111162 0.00399825 0.00138182 0.000438544 0.000123746 3.06015e-05 6.41186e-06 1.11706e-06 1.61263e-07 1.92249e-08
 2.06159e-11 2.23766e-09 1.4321e-07 5.40429e-06 0.000120252 0.00157774 0.0122062 0.0556918 0.149966 0.239238 0.230411 0.145917 0.0789461 0.0465899 0.0247077 0.00987663 0.00328386 0.00104394 0.000310147 8.30784e-05 1.99457e-05 4.14808e-06 7.19654e-07 1.0092e-07 1.11774e-08
 2.09145e-11 2.27007e-09 1.45284e-07 5.48257e-06 0.000121994 0.00160059 0.012383 0.0564972 0.15212 0.242556 0.233045 0.146042 0.0767343 0.0437945 0.0226718 0.00870864 0.00267462 0.000770836 0.000209117 5.111e-05 1.1281e-05 2.20202e-06 3.67358e-07 5.05333e-08 5.50718e-09
 2.12527e-11 2.30678e-09 1.47633e-07 5.57123e-06 0.000123966 0.00162647 0.0125831 0.057409 0.154557 0.246287 0.235901 0.145832 0.0736939 0.0402686 0.0205036 0.00786884 0.00242236 0.000689659 0.000178479 4.00263e-05 7.95333e-06 1.40011e-06 2.12985e-07 2.72696e-08 2.83558e-09
 2.15771e-11 2.34199e-09 1.49887e-07 5.65626e-06 0.000125859 0.0016513 0.0127751 0.0582838 0.156895 0.249884 0.238722 0.145856 0.0711182 0.0371039 0.0183077 0.0067282 0.00190081 0.000490099 0.000120064 2.62669e-05 5.03069e-06 8.24678e-07 1.13463e-07 1.30343e-08 1.22952e-09
 2.19393e-11 2.3813e-09 1.52403e-07 5.75122e-06 0.000127971 0.00167902 0.0129895 0.0592606 0.159505 0.253884 0.241801 0.145686 0.0679441 0.0333775 0.015951 0.00574117 0.00156194 0.000378203 8.56747e-05 1.70842e-05 3.00065e-06 4.64325e-07 6.09642e-08 6.55939e-09 5.64571e-10
 2.23025e-11 2.42072e-09 1.54926e-07 5.84642e-06 0.00013009 0.00170681 0.0132045 0.0602398 0.162122 0.257895 0.244888 0.145517 0.0647625 0.0296389 0.0135808 0.00474418 0.00122201 0.000272281 5.72547e-05 1.0702e-05 1.74042e-06 2.45921e-07 2.94621e-08 2.93564e-09 2.37289e-10
 2.2595e-11 2.45247e-09 1.56958e-07 5.9231e-06 0.000131796 0.00172919 0.0133776 0.0610285 0.16423 0.261125 0.247374 0.145377 0.062195 0.0266242 0.0116726 0.00394507 0.000952033 0.000189236 3.54508e-05 6.03234e-06 8.97058e-07 1.16532e-07 1.28596e-08 1.17186e-09 8.63747e-11
 2.25064e-11 2.44285e-09 1.56342e-07 5.89987e-06 0.000131279 0.00172241 0.0133251 0.0607896 0.163592 0.260149 0.246632 0.145449 0.0630173 0.0275672 0.0122388 0.00414651 0.00099717 0.000195491 3.53384e-05 5.596e-06 7.45731e-07 8.59756e-08 8.52672e-09 7.05744e-10 4.74963e-11
 2.28122e-11 2.47604e-09 1.58466e-07 5.98003e-06 0.000133063 0.00174581 0.0135061 0.0616141 0.165794 0.263521 0.249205 0.145235 0.0602299 0.0243475 0.0102736 0.00340745 0.000799743 0.000150346 2.60655e-05 4.02019e-06 5.21261e-07 5.71071e-08 5.19921e-09 3.84634e-10 2.30156e-11
 2.28547e-11 2.48066e-09 1.58762e-07 5.99117e-06 0.00013331 0.00174906 0.0135313 0.0617286 0.1661 0.263991 0.249572 0.14523 0.0598805 0.0239247 0.00998869 0.00326857 0.000741276 0.000129659 2.06482e-05 2.99162e-06 3.69254e-07 3.87665e-08 3.40474e-09 2.4125e-10 1.34998e-11
 2.32197e-11 2.52027e-09 1.61297e-07 6.08684e-06 0.000135439 0.00177699 0.0137473 0.0627127 0.168729 0.268015 0.252637 0.144955 0.056523 0.0200619 0.00765273 0.00241574 0.000530574 8.71601e-05 1.27264e-05 1.70183e-06 1.93805e-07 1.87236e-08 1.53395e-09 1.02989e-10 5.50981e-12
 2.36336e-11 2.5652e-09 1.64172e-07 6.19534e-06 0.000137854 0.00180867 0.0139923 0.0638286 0.17171 0.272576 0.256109 0.144636 0.0527046 0.0156742 0.00500682 0.00145878 0.00030058 4.33593e-05 5.16197e-06 5.79421e-07 5.87632e-08 5.14862e-09 3.84802e-10 2.3686e-11 1.16909e-12
#obs catch len freq
 4.4925e-11 4.16349e-09 2.27517e-07 7.33092e-06 0.000139281 0.00156038 0.0103098 0.0402125 0.0930546 0.131125 0.126716 0.116429 0.122929 0.117753 0.0943942 0.0678155 0.0424377 0.0218223 0.00914252 0.00310995 0.000840071 0.000173009 2.57644e-05 2.64108e-06 1.79737e-07
 6.7005e-11 5.98928e-09 3.15667e-07 9.81005e-06 0.000179764 0.0019424 0.012378 0.0465612 0.103876 0.140862 0.130047 0.112964 0.114792 0.110103 0.0909302 0.0659217 0.0395848 0.0190609 0.00755636 0.00246273 0.000629843 0.000120197 1.64315e-05 1.5514e-06 9.78355e-08
 4.18048e-11 3.59786e-09 1.82579e-07 5.46317e-06 9.63917e-05 0.00100297 0.00615872 0.0223982 0.0491623 0.0711873 0.0901061 0.128775 0.166833 0.162579 0.127347 0.0874556 0.0506795 0.0236875 0.0089826 0.00275135 0.000657476 0.000117056 1.48393e-05 1.28877e-06 7.44068e-08
 2.2522e-11 1.86325e-09 9.08916e-08 2.61437e-06 4.43428e-05 0.000443611 0.00262115 0.00921267 0.0199725 0.0311893 0.0497916 0.0887112 0.137603 0.17634 0.188131 0.152858 0.0884643 0.037549 0.0126469 0.00350532 0.000771119 0.000126828 1.48293e-05 1.18555e-06 6.28554e-08
 3.86143e-10 3.06615e-08 1.43557e-06 3.96318e-05 0.000645132 0.00619216 0.0350449 0.116952 0.230177 0.267389 0.184208 0.077569 0.0246986 0.0134836 0.0140779 0.013178 0.0091816 0.00473751 0.00180279 0.00050191 0.000102321 1.52117e-05 1.61102e-06 1.17327e-07 5.6829e-09
 2.6383e-10 2.00782e-08 9.00971e-07 2.38389e-05 0.000371928 0.00342195 0.0185766 0.0596721 0.115108 0.143123 0.146229 0.163584 0.166503 0.114935 0.0492181 0.0138046 0.00346583 0.00124837 0.000510958 0.000162002 3.5608e-05 5.29665e-06 5.28896e-07 3.51876e-08 1.54157e-09
 6.4904e-10 4.72755e-08 2.03043e-06 5.14193e-05 0.00076781 0.0067605 0.0351032 0.107546 0.194975 0.212336 0.149536 0.0891311 0.0657507 0.0557043 0.0429847 0.0257605 0.0104398 0.00266291 0.000430771 5.06311e-05 5.8233e-06 7.04362e-07 6.82761e-08 4.45386e-09 1.85959e-10
 8.07348e-10 5.6213e-08 2.30781e-06 5.58664e-05 0.000797434 0.00671209 0.0333255 0.097761 0.170898 0.185742 0.148943 0.123155 0.105759 0.0708144 0.0348453 0.0141946 0.00510827 0.00150239 0.000328471 5.01663e-05 5.1629e-06 3.62053e-07 1.87707e-08 7.93299e-10 2.67825e-11
 1.23777e-09 8.22822e-08 3.22523e-06 7.45423e-05 0.00101587 0.00816375 0.038698 0.108369 0.180723 0.186779 0.140976 0.109621 0.0928669 0.0669388 0.0390108 0.0184604 0.00647262 0.00154362 0.000250231 2.96681e-05 2.76851e-06 1.99631e-07 1.02394e-08 3.51591e-10 7.97982e-12
 1.499e-09 9.50329e-08 3.55249e-06 7.83035e-05 0.00101772 0.00780051 0.0352799 0.0944465 0.152047 0.158598 0.137606 0.132449 0.12048 0.08402 0.0460898 0.0207863 0.00719078 0.00176441 0.000302861 3.69792e-05 3.22572e-06 1.99186e-07 8.66727e-09 2.64998e-10 5.59231e-12
 1.98424e-09 1.19844e-07 4.26798e-06 8.96232e-05 0.00110974 0.00810395 0.0349309 0.0892556 0.138179 0.143064 0.132359 0.137371 0.129049 0.0943866 0.0555767 0.0258084 0.008526 0.00187698 0.000277506 2.90814e-05 2.26848e-06 1.31472e-07 5.4296e-09 1.53185e-10 2.87569e-12
 3.85725e-09 2.21728e-07 7.51539e-06 0.0001502 0.00177006 0.0123013 0.0504429 0.1224 0.178327 0.16712 0.128009 0.10985 0.095005 0.0683884 0.0403672 0.0184926 0.00591826 0.00125388 0.000177726 1.75718e-05 1.25082e-06 6.40521e-08 2.31441e-09 5.78996e-11 9.8501e-13
 6.03688e-09 3.29976e-07 1.06351e-05 0.000202109 0.00226482 0.0149671 0.0583706 0.134803 0.187584 0.170401 0.130754 0.111447 0.0894024 0.0560651 0.0281423 0.0113754 0.00339643 0.000702007 0.000100397 1.01769e-05 7.34471e-07 3.69716e-08 1.26753e-09 2.91504e-11 4.45194e-13
 8.32971e-09 4.32573e-07 1.32457e-05 0.000239158 0.00254625 0.0159887 0.0592742 0.130414 0.174738 0.15954 0.133952 0.123519 0.0984725 0.0592232 0.028111 0.0105442 0.00284455 0.000512549 6.14187e-05 5.12457e-06 3.13752e-07 1.42506e-08 4.63888e-10 1.03439e-11 1.52654e-13
 1.18667e-08 5.85043e-07 1.70071e-05 0.00029152 0.00294658 0.0175671 0.0618569 0.129513 0.166633 0.151076 0.132732 0.126303 0.101494 0.0628766 0.0311585 0.0118303 0.00310653 0.000532401 5.97003e-05 4.55032e-06 2.45361e-07 9.47788e-09 2.58677e-10 4.89285e-12 6.3087e-14
 1.7826e-08 8.33754e-07 2.29938e-05 0.000373917 0.00358559 0.0202818 0.0677805 0.134912 0.166248 0.148107 0.131906 0.124957 0.0982863 0.0600659 0.0293805 0.0108468 0.00274029 0.000452624 4.93938e-05 3.69363e-06 1.94369e-07 7.16833e-09 1.8114e-10 3.07463e-12 3.46486e-14
 2.84664e-08 1.26236e-06 3.30081e-05 0.000508924 0.00462711 0.0248166 0.0786532 0.148606 0.17452 0.150001 0.130171 0.118195 0.0875722 0.0498923 0.0226073 0.00770968 0.00178929 0.000267989 2.59988e-05 1.69978e-06 7.84114e-08 2.5985e-09 6.07464e-11 9.70335e-13 1.03069e-14
 4.026e-08 1.69188e-06 4.19231e-05 0.000612541 0.00527787 0.0268313 0.0806812 0.145285 0.165908 0.147194 0.137543 0.126032 0.0891593 0.0475327 0.0200074 0.0063285 0.00135904 0.000186757 1.63356e-05 9.38088e-07 3.7034e-08 1.03746e-09 2.05932e-11 2.83184e-13 2.63578e-15
 6.49395e-08 2.58505e-06 6.0676e-05 0.000839775 0.00685408 0.0330056 0.0940005 0.16023 0.172727 0.143538 0.12572 0.111179 0.0795122 0.0447298 0.0197782 0.00630312 0.00132495 0.000177619 1.53621e-05 8.87039e-07 3.52361e-08 9.66536e-10 1.79696e-11 2.2193e-13 1.80211e-15
 9.87735e-08 3.72326e-06 8.27554e-05 0.0010846 0.00838289 0.038232 0.10319 0.167183 0.173405 0.143136 0.125988 0.107669 0.0723433 0.037858 0.0156301 0.00471531 0.000957146 0.000127356 1.13044e-05 6.87986e-07 2.89235e-08 8.25485e-10 1.56144e-11 1.92559e-13 1.53466e-15
 1.33519e-07 4.76484e-06 0.000100264 0.00124408 0.00910416 0.0393285 0.10073 0.156224 0.160682 0.14246 0.136407 0.117358 0.0767258 0.0388913 0.0154021 0.00439194 0.000833726 0.000103142 8.51152e-06 4.86311e-07 1.95895e-08 5.48938e-10 1.04011e-11 1.29898e-13 1.04931e-15
 2.18099e-07 7.36748e-06 0.000146749 0.0017236 0.0119393 0.0488161 0.118292 0.173217 0.166789 0.136091 0.120971 0.100868 0.0669508 0.0352424 0.0141666 0.0039603 0.000724723 8.63543e-05 6.893e-06 3.80495e-07 1.46531e-08 3.87515e-10 6.88374e-12 8.07828e-14 6.18639e-16
 3.2534e-07 1.04024e-05 0.000196119 0.00218031 0.0142963 0.0553466 0.127157 0.177583 0.166734 0.138099 0.12291 0.0967376 0.0582548 0.0274198 0.00998598 0.00258663 0.00044669 5.09836e-05 3.94565e-06 2.12319e-07 7.94705e-09 2.0273e-10 3.44562e-12 3.83831e-14 2.76896e-16
 4.53105e-07 1.37127e-05 0.000244706 0.00257504 0.0159836 0.0586057 0.12781 0.171147 0.159696 0.13904 0.127833 0.0992738 0.058582 0.0270045 0.00946844 0.00231101 0.000370011 3.86751e-05 2.72007e-06 1.33277e-07 4.59823e-09 1.09796e-10 1.76648e-12 1.87216e-14 1.28496e-16
 6.69959e-07 1.91924e-05 0.000324193 0.00322928 0.0189751 0.0658817 0.136232 0.173952 0.157656 0.1365 0.123613 0.0936716 0.0544745 0.0247769 0.00841646 0.00195276 0.000294079 2.87376e-05 1.87747e-06 8.47052e-08 2.66625e-09 5.77217e-11 8.40872e-13 8.09856e-15 5.08731e-17
 9.08454e-07 2.46364e-05 0.000393958 0.00371507 0.0206701 0.068014 0.133823 0.165381 0.152762 0.141493 0.13074 0.096277 0.0537995 0.0234177 0.00756301 0.0016632 0.000238068 2.22556e-05 1.3984e-06 6.05671e-08 1.81104e-09 3.67172e-11 4.94477e-13 4.35955e-15 2.4903e-17
 1.37189e-06 3.52241e-05 0.000533284 0.00476131 0.0250824 0.0781567 0.145727 0.171103 0.151196 0.134941 0.120835 0.0878752 0.049567 0.0216767 0.00684889 0.00144424 0.000197029 1.76001e-05 1.06179e-06 4.42345e-08 1.26889e-09 2.45601e-11 3.14081e-13 2.61378e-15 1.39951e-17
 1.88408e-06 4.5806e-05 0.000656672 0.00555197 0.0277033 0.0818605 0.145496 0.166254 0.150678 0.141157 0.124992 0.0858523 0.044961 0.018215 0.00536312 0.00106202 0.000137108 1.16787e-05 6.75503e-07 2.69983e-08 7.40448e-10 1.36444e-11 1.6559e-13 1.3046e-15 6.59735e-18
#spawning biomass
 28768.2 34808 25880.5 17066.5 30309.8 52033 77620.8 118687 160258 190480 139898 161299 203087 255608 250041 225801 231386 189790 212985 187059 185166 188530 179723 215594 216326 210907 191691 186086 196130 286591 173538 94174.8 51609.1 31788.4 23326.1 19915.8 18595.6 18099.1 17916.4 17850.2 17826.4 17818 17815.1 17814 17813.7 17813.6 17813.5 17813.5 17813.5 17813.5 17813.5 17813.5 17813.5 17813.5 17813.5 17813.5 17813.5 17813.5 17813.5 17813.5 17813.5 17813.5 17813.5 17813.5 17813.5 17813.5 17813.5 17813.5 17813.5 17813.5 17813.5 17813.5 17813.5 17813.5 17813.5 17813.5 17813.5 17813.5 17813.5 17813.5 17813.5 17813.5 17813.5 17813.5 17813.5 17813.5 17813.5 17813.5 17813.5 17813.5 17813.5 17813.5 17813.5 17813.5 17813.5 17813.5 17813.5 17813.5 17813.5 17813.5 17813.5 17813.5 17813.5 17813.5 17813.5 17813.5 17813.5 17813.5 17813.5 17813.5 17813.5 17813.5 17813.5 17813.5 17813.5 17813.5 17813.5 17813.5 17813.5 17813.5 17813.5 17813.5 17813.5 17813.5 17813.5 17813.5 17813.5 17813.5 0 0 0 0 0 0 0 0 0 0 0 0 0 0 0 0 0 0 0 0 0 0 0 0 0
