SBPRF35
0.134933
Curr Bio
150486
B35
162878
F35
0.852168
FOFL
0.611512
OFL
36363.7
Bzero
38552.2
#pred survey bio
 10421.9 8877.5 11707.1 13458.9 22287.3 33620.1 32015.3 39103.3 52382.6 65852.5 81304.1 105798 138035 157136 161700 143721 129406 125434 119392 111217 115589 122323 124187 130478 150848 149732 156920 155422 163586 4.67762e+06 2.82536e+06 1.58552e+06 873085 569759 444886 390588 364861 351700 344620 340709 338523 337298 336610 336224 336006 335886 335820 335783 335764 335753 335746 335743 335741 335740 335740 335739 335739 335739 335739 335739 335739 335739 335739 335739 335739 335739 335739 335739 335739 335739 335739 335739 335739 335739 335739 335739 335739 335739 335739 335739 335739 335739 335739 335739 335739 335739 335739 335739 335739 335739 335739 335739 335739 335739 335739 335739 335739 335739 335739 335739 335739 335739 335739 335739 335739 335739 335739 335739 335739 335739 335739 335739 335739 335739 335739 335739 335739 335739 335739 335739 335739 335739 335739 335739 335739 335739 335739 335739 335739 0 0 0 0 0 0 0 0 0 0 0 0 0 0 0 0 0 0 0 0 0 0 0 0 0
#obs survey bio
 9508.21 6079.65 8171.01 15390.2 24249.4 23120.1 28645 35487.2 47242.2 73405.9 60305.6 104277 125012 157601 151714 98684.4 116836 116284 100866 115145 104929 92575.8 127990 83270.3 158655 161822 164775 124984 120994
#pred catch bio
 6125.25 4489.01 6444.22 6816.83 9415.59 19722.5 18925.2 22278.8 30456 38056.6 47943.2 63241.6 86198.6 95798 106007 98577.5 85564.3 82835 82598.3 75343.6 79699.4 87214.7 87457.7 90681.8 111876 104831 112941 107484 140402 36363.7 56446.8 27964.3 13187.9 7945.74 6315.11 5845.65 5717.36 5683.57 5674.91 5672.73 5672.19 5672.06 5672.02 5672.02 5672.01 5672.01 5672.01 5672.01 5672.01 5672.01 5672.01 5672.01 5672.01 5672.01 5672.01 5672.01 5672.01 5672.01 5672.01 5672.01 5672.01 5672.01 5672.01 5672.01 5672.01 5672.01 5672.01 5672.01 5672.01 5672.01 5672.01 5672.01 5672.01 5672.01 5672.01 5672.01 5672.01 5672.01 5672.01 5672.01 5672.01 5672.01 5672.01 5672.01 5672.01 5672.01 5672.01 5672.01 5672.01 5672.01 5672.01 5672.01 5672.01 5672.01 5672.01 5672.01 5672.01 5672.01 5672.01 5672.01 5672.01 5672.01 5672.01 5672.01 5672.01 5672.01 5672.01 5672.01 5672.01 5672.01 5672.01 5672.01 5672.01 5672.01 5672.01 5672.01 5672.01 5672.01 5672.01 5672.01 5672.01 5672.01 5672.01 5672.01 5672.01 5672.01 5672.01 5672.01 5672.01 0 0 0 0 0 0 0 0 0 0 0 0 0 0 0 0 0 0 0 0 0 0 0 0 0
#obs catch bio
 4345.34 4582.91 6459.81 6787.37 9170.12 19699.8 19256.1 22214.9 30718.2 37464.2 46908.1 63037.9 85818 94452.2 106022 100063 85522.1 81565.1 81797.1 74213 78386.3 86594.6 85156.7 89898.9 110430 102112 109450 105798 141484
#pred cpue bio
 8924.96 6893.17 9038.72 10523.3 16415 26559.5 25451.6 29253.2 39586.9 50024.1 62013.8 79246.3 103455 119449 126222 111606 98364.6 96130 91656.4 83983.1 86626.9 90914.6 91970.1 96626.6 110327 109931 116877 115095 122035 3.25062e+06 2.7087e+06 1.54271e+06 827783 523976 399058 344757 319029 305868 298788 294877 292692 291466 290778 290393 290174 290054 289988 289952 289932 289921 289915 289911 289910 289909 289908 289908 289907 289907 289907 289907 289907 289907 289907 289907 289907 289907 289907 289907 289907 289907 289907 289907 289907 289907 289907 289907 289907 289907 289907 289907 289907 289907 289907 289907 289907 289907 289907 289907 289907 289907 289907 289907 289907 289907 289907 289907 289907 289907 289907 289907 289907 289907 289907 289907 289907 289907 289907 289907 289907 289907 289907 289907 289907 289907 289907 289907 289907 289907 289907 289907 289907 289907 289907 289907 289907 289907 289907 289907 289907 0 0 0 0 0 0 0 0 0 0 0 0 0 0 0 0 0 0 0 0 0 0 0 0 0
#obs cpue bio
 3473.71 5316.47 16061.2 11349.6 30690.8 22692.2 23721.8 35582.7 35533.1 73926.9 121739 68722.7 129588 154063 119263 125388 117615 146255 123469 106732 124050 128937 151941 148366 142515 160399 188299 157023 153499
#pred surv len freq
 2.56797e-27 2.60131e-27 4.4567e-26 8.86184e-20 2.17237e-14 6.43713e-10 2.30567e-06 0.000998268 0.0522458 0.330521 0.25296 0.0364966 0.100078 0.0924802 0.0249023 0.0338893 0.0160666 0.0144184 0.00982217 0.00811313 0.00679191 0.00616958 0.00643104 0.00582324 0.00178977
 2.57096e-27 2.60904e-27 5.09073e-26 1.01992e-19 2.5002e-14 7.40855e-10 2.65362e-06 0.00114892 0.0601301 0.380399 0.291087 0.0390803 0.0929554 0.0854825 0.0162979 0.0157392 0.00612567 0.00389283 0.00218433 0.00153279 0.00112117 0.00090676 0.000858184 0.000788133 0.000266571
 2.57073e-27 2.60837e-27 5.02428e-26 1.0059e-19 2.46584e-14 7.30671e-10 2.61714e-06 0.00113312 0.0593035 0.37517 0.287108 0.0398986 0.101979 0.0937715 0.0171337 0.0154991 0.00513484 0.0019767 0.000803102 0.000405355 0.000234306 0.000159152 0.000130943 0.000115733 4.0809e-05
 2.57012e-27 2.60673e-27 4.87919e-26 9.75288e-20 2.3908e-14 7.08437e-10 2.5375e-06 0.00109864 0.057499 0.363754 0.278398 0.0403496 0.111531 0.102598 0.0189205 0.0173481 0.00563115 0.00194768 0.000597479 0.0001796 6.6331e-05 3.28705e-05 2.1712e-05 1.7341e-05 6.12771e-06
 2.57249e-27 2.61318e-27 5.45217e-26 1.09616e-19 2.68712e-14 7.9624e-10 2.852e-06 0.00123481 0.0646253 0.408837 0.312792 0.0384477 0.0728931 0.0669906 0.0134797 0.0139007 0.00454767 0.00161435 0.00047721 0.000118462 2.54384e-05 6.96215e-06 3.05947e-06 2.00086e-06 6.80633e-07
 2.56959e-27 2.60524e-27 4.74294e-26 9.46544e-20 2.32034e-14 6.87558e-10 2.46272e-06 0.00106626 0.0558043 0.353033 0.270223 0.0410988 0.122975 0.113071 0.0191747 0.0153038 0.0052001 0.00218192 0.000662269 0.000165693 3.07304e-05 4.82884e-06 9.88375e-07 4.24524e-07 1.30809e-07
 2.56942e-27 2.60487e-27 4.71818e-26 9.41323e-20 2.30754e-14 6.83765e-10 2.44913e-06 0.00106038 0.0554965 0.351086 0.268726 0.0404607 0.119172 0.109743 0.0219059 0.0223512 0.00703755 0.0020771 0.000652814 0.000186874 3.54939e-05 4.88961e-06 5.07495e-07 9.01772e-08 2.16365e-08
 2.57194e-27 2.61169e-27 5.32026e-26 1.06834e-19 2.6189e-14 7.76026e-10 2.77959e-06 0.00120346 0.0629847 0.398458 0.304873 0.0388462 0.0814888 0.074915 0.0147411 0.0147935 0.00498413 0.00199294 0.000562533 0.000123964 2.57818e-05 3.79444e-06 3.29022e-07 2.24758e-08 2.70378e-09
 2.57141e-27 2.61018e-27 5.1786e-26 1.03845e-19 2.54563e-14 7.54317e-10 2.70184e-06 0.00116979 0.0612227 0.387311 0.296379 0.0399229 0.0956509 0.0878356 0.014348 0.0106327 0.00354449 0.00139518 0.000442655 0.000119296 2.01334e-05 2.81498e-06 2.6103e-07 1.2571e-08 5.10914e-10
 2.57123e-27 2.6097e-27 5.13793e-26 1.02987e-19 2.5246e-14 7.48085e-10 2.67951e-06 0.00116013 0.0607169 0.384111 0.293935 0.0398993 0.0971884 0.0893009 0.0154577 0.0127788 0.00395133 0.00106613 0.000321458 8.89823e-05 1.81098e-05 2.41386e-06 2.00688e-07 9.67519e-09 2.15555e-10
 2.57109e-27 2.60932e-27 5.10452e-26 1.02282e-19 2.50732e-14 7.42965e-10 2.66118e-06 0.00115219 0.0603013 0.381483 0.291928 0.0399402 0.0989094 0.0908996 0.0159292 0.0134585 0.00426029 0.00130192 0.000347575 7.02413e-05 1.3898e-05 2.1074e-06 1.7962e-07 7.8507e-09 1.56688e-10
 2.57178e-27 2.6112e-27 5.27173e-26 1.0581e-19 2.5938e-14 7.68588e-10 2.75295e-06 0.00119192 0.062381 0.394639 0.301966 0.039431 0.0879821 0.0808176 0.0141728 0.0119904 0.00381263 0.00119506 0.000333361 7.15357e-05 1.1015e-05 1.43055e-06 1.33199e-07 6.03453e-09 1.1093e-10
 2.57171e-27 2.61099e-27 5.25036e-26 1.05359e-19 2.58274e-14 7.65313e-10 2.74122e-06 0.00118684 0.0621152 0.392957 0.300687 0.0397046 0.0909631 0.0835199 0.0137723 0.0103948 0.00329773 0.0010323 0.000290325 6.44281e-05 1.05326e-05 1.19301e-06 9.0789e-08 4.29798e-09 8.13561e-11
 2.57116e-27 2.60948e-27 5.11558e-26 1.02515e-19 2.51304e-14 7.44659e-10 2.66724e-06 0.00115481 0.0604388 0.382352 0.292596 0.0401735 0.100215 0.0920461 0.015074 0.011212 0.00346622 0.000940217 0.000259497 5.76403e-05 9.64618e-06 1.14518e-06 7.95981e-08 3.13222e-09 5.97422e-11
 2.5701e-27 2.60663e-27 4.86573e-26 9.72446e-20 2.38383e-14 7.06373e-10 2.53011e-06 0.00109544 0.0573314 0.362694 0.277594 0.0407303 0.114993 0.105728 0.0183165 0.0151644 0.00468816 0.0012544 0.000329875 6.49679e-05 1.06874e-05 1.29005e-06 9.29503e-08 3.381e-09 5.52244e-11
 2.57037e-27 2.60737e-27 4.93373e-26 9.86793e-20 2.419e-14 7.16794e-10 2.56744e-06 0.0011116 0.0581772 0.368045 0.281674 0.0403534 0.109258 0.100472 0.0180403 0.0158646 0.00500829 0.00150326 0.000399649 7.66345e-05 1.14473e-05 1.29003e-06 9.3792e-08 3.49244e-09 5.29866e-11
 2.5712e-27 2.60962e-27 5.12979e-26 1.02815e-19 2.52039e-14 7.46838e-10 2.67505e-06 0.00115819 0.0606157 0.383471 0.293447 0.0399666 0.0980426 0.0900744 0.0153236 0.012286 0.00392055 0.00125646 0.000349001 7.35848e-05 1.09664e-05 1.14713e-06 7.63809e-08 2.82919e-09 4.34015e-11
 2.57084e-27 2.60862e-27 5.03963e-26 1.00913e-19 2.47376e-14 7.33021e-10 2.62556e-06 0.00113677 0.0594942 0.376377 0.288037 0.0403844 0.105024 0.0964854 0.0158934 0.011966 0.0037387 0.00107836 0.000302501 6.81377e-05 1.10063e-05 1.20243e-06 7.53879e-08 2.56064e-09 3.85807e-11
 2.57079e-27 2.6085e-27 5.03035e-26 1.00717e-19 2.46897e-14 7.31599e-10 2.62046e-06 0.00113456 0.0593788 0.375646 0.287478 0.0403017 0.104787 0.0962952 0.0163735 0.0131066 0.00404941 0.00108403 0.000290482 6.03577e-05 1.01328e-05 1.2009e-06 7.99248e-08 2.59877e-09 3.61708e-11
 2.57143e-27 2.61021e-27 5.18088e-26 1.03893e-19 2.54681e-14 7.54665e-10 2.70308e-06 0.00117033 0.061251 0.38749 0.296515 0.039928 0.0955939 0.0877924 0.0145158 0.0110117 0.00343465 0.0009773 0.000258009 4.97346e-05 7.73452e-06 9.05772e-07 6.51357e-08 2.25073e-09 3.04016e-11
 2.57169e-27 2.6109e-27 5.24117e-26 1.05165e-19 2.57799e-14 7.63904e-10 2.73618e-06 0.00118466 0.0620008 0.392234 0.300136 0.039842 0.0923948 0.0848196 0.0136167 0.00970647 0.00299379 0.00080317 0.000214414 4.32146e-05 6.41531e-06 6.90256e-07 4.8003e-08 1.76605e-09 2.52514e-11
 2.57197e-27 2.61166e-27 5.30762e-26 1.06567e-19 2.61235e-14 7.74086e-10 2.77265e-06 0.00120045 0.0628272 0.397462 0.304126 0.0397113 0.0885975 0.081301 0.0127327 0.00857352 0.0026105 0.000648677 0.000168145 3.24165e-05 4.9462e-06 5.27625e-07 3.37935e-08 1.19461e-09 1.79116e-11
 2.57207e-27 2.61193e-27 5.32965e-26 1.07031e-19 2.62374e-14 7.77462e-10 2.78474e-06 0.00120569 0.0631012 0.399196 0.305451 0.0397493 0.0879561 0.0806858 0.0122005 0.00751271 0.00225975 0.000521837 0.000130786 2.34648e-05 3.41951e-06 3.62403e-07 2.3235e-08 7.66301e-10 1.10353e-11
 2.57207e-27 2.61193e-27 5.32972e-26 1.07033e-19 2.62378e-14 7.77473e-10 2.78478e-06 0.0012057 0.0631021 0.399201 0.305455 0.0397455 0.0879243 0.0806587 0.0122362 0.00759928 0.00225855 0.000474493 0.000114736 1.9194e-05 2.62824e-06 2.6102e-07 1.6348e-08 5.35882e-10 7.29272e-12
 2.57251e-27 2.61313e-27 5.43654e-26 1.09286e-19 2.67902e-14 7.93842e-10 2.84341e-06 0.00123109 0.0644307 0.407606 0.311867 0.0393657 0.080529 0.0738482 0.0112813 0.00713632 0.0021251 0.00045161 0.000106934 1.63842e-05 2.10586e-06 1.93792e-07 1.12827e-08 3.57296e-10 4.79046e-12
 2.57234e-27 2.61264e-27 5.39115e-26 1.08329e-19 2.65555e-14 7.86886e-10 2.81849e-06 0.0012203 0.0638661 0.404034 0.309144 0.0396934 0.084935 0.0778683 0.0111653 0.00585964 0.00173759 0.000369944 8.78435e-05 1.3489e-05 1.64138e-06 1.3843e-07 7.41006e-09 2.17077e-10 2.79081e-12
 2.57185e-27 2.61133e-27 5.27573e-26 1.05894e-19 2.59586e-14 7.69199e-10 2.75514e-06 0.00119287 0.0624305 0.394953 0.302214 0.0399685 0.0918976 0.0843127 0.0126581 0.00763879 0.00222747 0.000397087 9.10435e-05 1.40195e-05 1.71121e-06 1.39891e-07 6.84967e-09 1.82875e-10 2.16968e-12
 2.57207e-27 2.61193e-27 5.33037e-26 1.07046e-19 2.62411e-14 7.77572e-10 2.78513e-06 0.00120586 0.0631101 0.399252 0.305493 0.0397359 0.087824 0.0805684 0.012263 0.00768244 0.0022765 0.000464785 0.000105417 1.38808e-05 1.6376e-06 1.34118e-07 6.41731e-09 1.57912e-10 1.70001e-12
 2.57181e-27 2.61123e-27 5.26775e-26 1.05725e-19 2.59173e-14 7.67977e-10 2.75076e-06 0.00119098 0.0623314 0.394325 0.301734 0.0399253 0.0919063 0.0843346 0.0129123 0.00821617 0.00245022 0.000526071 0.000124006 1.823e-05 2.01299e-06 1.47662e-07 6.97219e-09 1.67955e-10 1.67994e-12
#obs surv len freq
 1.76663e-41 2.45197e-33 4.11369e-26 8.34248e-20 2.04506e-14 6.05989e-10 2.17055e-06 0.000939775 0.0491841 0.311153 0.238328 0.0440332 0.151954 0.128728 0.0362707 0.0278442 0.00839203 0.00261093 0.000500754 5.71097e-05 2.84387e-06 4.5273e-08 1.71518e-10 1.24231e-13 1.48767e-17
 2.1792e-41 3.02458e-33 5.07436e-26 1.02907e-19 2.52264e-14 7.47506e-10 2.67744e-06 0.00115924 0.06067 0.383816 0.293783 0.0419913 0.0967591 0.0774449 0.0221448 0.0159672 0.00464231 0.00135493 0.000239415 2.39155e-05 9.83118e-07 1.22077e-08 3.4636e-11 1.83004e-14 1.57277e-18
 1.72547e-41 2.39483e-33 4.01783e-26 8.14808e-20 1.99741e-14 5.91868e-10 2.11997e-06 0.000917876 0.048038 0.303903 0.232985 0.0512281 0.181649 0.135656 0.0264569 0.0140217 0.00389844 0.00105742 0.000170677 1.48608e-05 5.03239e-07 4.86495e-09 1.03158e-11 3.97227e-15 2.45127e-19
 2.0899e-41 2.90064e-33 4.86643e-26 9.86902e-20 2.41927e-14 7.16875e-10 2.56773e-06 0.00111174 0.0581839 0.368089 0.281899 0.0458534 0.113627 0.0814798 0.0279468 0.0177161 0.00333892 0.000650996 9.35991e-05 7.02554e-06 1.94855e-07 1.46556e-09 2.32447e-12 6.52735e-16 2.89367e-20
 2.37433e-41 3.29541e-33 5.52874e-26 1.12122e-19 2.74853e-14 8.1444e-10 2.91719e-06 0.00126304 0.0661026 0.418185 0.320121 0.0442502 0.0786952 0.0518071 0.0115138 0.00598569 0.00169937 0.000340709 3.15737e-05 1.83655e-06 4.10822e-08 2.39412e-10 2.84274e-13 5.83589e-17 1.86279e-21
 1.31987e-41 1.83189e-33 3.07337e-26 6.23273e-20 1.52788e-14 4.52739e-10 1.62164e-06 0.000702114 0.0367458 0.232468 0.179101 0.0712303 0.272311 0.166427 0.0278807 0.0106816 0.00201653 0.000390136 4.17915e-05 1.71232e-06 2.65849e-08 1.16425e-10 1.03071e-13 1.54865e-17 3.56919e-22
 2.2109e-41 3.06859e-33 5.14819e-26 1.04404e-19 2.55935e-14 7.58382e-10 2.7164e-06 0.00117611 0.0615528 0.389401 0.298282 0.0467872 0.0892824 0.0567563 0.0356515 0.0183068 0.00247502 0.000299533 2.49845e-05 1.00261e-06 1.16692e-08 3.40609e-11 2.12674e-14 2.31051e-18 3.84156e-23
 1.98852e-41 2.75993e-33 4.63036e-26 9.39027e-20 2.30191e-14 6.82099e-10 2.44317e-06 0.00105781 0.0553614 0.350235 0.26885 0.0609632 0.154871 0.0824567 0.0158368 0.00729378 0.00267274 0.00037909 1.92138e-05 5.28015e-07 5.14337e-09 1.14202e-11 4.80821e-15 3.52277e-19 4.08198e-24
 2.02257e-41 2.80719e-33 4.70965e-26 9.55107e-20 2.34133e-14 6.9378e-10 2.48501e-06 0.00107592 0.0563095 0.356233 0.273527 0.0615496 0.14382 0.0740225 0.0232218 0.00865396 0.00131419 0.00025054 1.95268e-05 3.8713e-07 2.37566e-09 3.90093e-12 1.23723e-15 6.37638e-20 4.9805e-25
 1.97999e-41 2.7481e-33 4.61051e-26 9.35003e-20 2.29205e-14 6.79176e-10 2.4327e-06 0.00105327 0.0551242 0.348736 0.268087 0.0669902 0.154267 0.0738029 0.0221573 0.00810341 0.00149749 0.000167567 1.10817e-05 2.79066e-07 1.45193e-09 1.52941e-12 3.2497e-16 1.2046e-20 6.79576e-26
 2.09905e-41 2.91335e-33 4.88774e-26 9.91225e-20 2.42987e-14 7.20015e-10 2.57898e-06 0.00111661 0.0584388 0.369706 0.284151 0.065849 0.133161 0.0601767 0.019608 0.00652488 0.00113216 0.000127323 6.18766e-06 1.16541e-07 6.09866e-10 5.79728e-13 8.80675e-17 2.13305e-21 8.06677e-27
 2.04994e-41 2.84518e-33 4.77338e-26 9.68032e-20 2.37302e-14 7.03169e-10 2.51864e-06 0.00109048 0.0570715 0.361059 0.277973 0.0730037 0.145998 0.0604983 0.0171528 0.00517684 0.000881512 8.89113e-05 3.87903e-06 5.53418e-08 2.07394e-10 1.65246e-13 2.20002e-17 4.26311e-22 1.15213e-27
 1.99992e-41 2.77575e-33 4.6569e-26 9.44411e-20 2.31511e-14 6.8601e-10 2.45718e-06 0.00106387 0.0556788 0.352252 0.271717 0.0795153 0.153873 0.060863 0.0191409 0.00509526 0.000730764 6.57541e-05 2.49781e-06 2.94574e-08 8.30856e-11 4.66313e-14 4.59381e-18 7.07353e-23 1.54785e-28
 1.86798e-41 2.59263e-33 4.34968e-26 8.82105e-20 2.16238e-14 6.40752e-10 2.29507e-06 0.000993686 0.0520056 0.32902 0.254808 0.091385 0.175572 0.0667319 0.0228139 0.00579651 0.000809587 5.99039e-05 1.85802e-06 1.79065e-08 3.96893e-11 1.6633e-14 1.16415e-18 1.25776e-23 1.98392e-29
 1.68845e-41 2.34345e-33 3.93163e-26 7.97326e-20 1.95455e-14 5.79169e-10 2.07449e-06 0.000898183 0.0470073 0.297409 0.231832 0.106408 0.20125 0.076393 0.0302705 0.00742418 0.00103467 6.99672e-05 1.76759e-06 1.30796e-08 2.22991e-11 7.09753e-15 3.68411e-19 2.87436e-24 3.20091e-30
 1.90656e-41 2.64617e-33 4.43951e-26 9.00323e-20 2.20704e-14 6.53985e-10 2.34247e-06 0.00101421 0.0530796 0.335824 0.26088 0.0957063 0.155409 0.0614555 0.0284205 0.00711124 0.00102989 6.54634e-05 1.44235e-06 8.43272e-09 1.06907e-11 2.50499e-15 9.58714e-20 5.48835e-25 4.44078e-31
 1.85386e-41 2.57304e-33 4.3168e-26 8.75439e-20 2.14604e-14 6.3591e-10 2.27773e-06 0.000986176 0.0516126 0.326556 0.25512 0.109851 0.170008 0.0578658 0.0214688 0.00560874 0.000865457 5.40663e-05 1.07236e-06 5.20435e-09 5.10593e-12 8.80737e-16 2.42933e-20 9.9988e-26 5.8317e-32
 1.83714e-41 2.54983e-33 4.27786e-26 8.67542e-20 2.12668e-14 6.30173e-10 2.25718e-06 0.00097728 0.051147 0.323624 0.253915 0.116822 0.168138 0.0581445 0.0219786 0.00458495 0.000626443 3.898e-05 7.16885e-07 2.98005e-09 2.34797e-12 3.10102e-16 6.31905e-21 1.87641e-26 7.80182e-33
 1.86844e-41 2.59328e-33 4.35076e-26 8.82325e-20 2.16292e-14 6.40912e-10 2.29564e-06 0.000993934 0.0520186 0.329152 0.259091 0.121035 0.159508 0.0538828 0.0198284 0.0040027 0.000461953 2.34872e-05 3.85246e-07 1.39514e-09 9.05402e-13 9.41786e-17 1.46231e-21 3.22842e-27 9.79527e-34
 1.94951e-41 2.70579e-33 4.53952e-26 9.20605e-20 2.25675e-14 6.68718e-10 2.39524e-06 0.00103706 0.0542754 0.343443 0.270695 0.120975 0.143666 0.0465664 0.0159854 0.00302237 0.000318399 1.33179e-05 1.70163e-07 5.00187e-10 2.66037e-13 2.21381e-17 2.67357e-22 4.48717e-28 1.01685e-34
 1.94289e-41 2.69661e-33 4.52412e-26 9.17483e-20 2.2491e-14 6.6645e-10 2.38712e-06 0.00103354 0.0540914 0.342306 0.271481 0.129718 0.142437 0.0431382 0.0132981 0.00227457 0.000212251 7.56723e-06 7.61034e-08 1.67946e-10 6.77788e-14 4.36194e-18 4.08304e-23 5.26048e-29 9.03305e-36
 1.98891e-41 2.76047e-33 4.63127e-26 9.39212e-20 2.30237e-14 6.82233e-10 2.44365e-06 0.00105802 0.0553725 0.350436 0.278803 0.131108 0.131033 0.0391455 0.0112367 0.00166923 0.000131909 3.90257e-06 3.13603e-08 5.26947e-11 1.56308e-14 7.33841e-19 5.05933e-24 4.85438e-30 6.24197e-37
 1.91492e-41 2.65778e-33 4.45898e-26 9.04273e-20 2.21672e-14 6.56854e-10 2.35275e-06 0.00101866 0.0533128 0.337462 0.27192 0.147003 0.13813 0.0393079 0.0103466 0.00140121 9.2708e-05 2.18122e-06 1.3663e-08 1.75274e-11 3.87462e-15 1.32655e-19 6.58226e-25 4.53071e-31 4.19455e-38
 1.95691e-41 2.71606e-33 4.55676e-26 9.24102e-20 2.26533e-14 6.71258e-10 2.40434e-06 0.00104099 0.0544819 0.344899 0.278863 0.145853 0.125856 0.0380604 0.0097044 0.00117204 6.60991e-05 1.24048e-06 5.88883e-09 5.63208e-12 9.2117e-16 2.3131e-20 8.33571e-26 4.12922e-32 2.73236e-39
 1.93839e-41 2.69036e-33 4.51364e-26 9.15358e-20 2.24389e-14 6.64906e-10 2.38159e-06 0.00103114 0.0539666 0.341714 0.279407 0.15553 0.12393 0.0350599 0.0083384 0.000971893 4.7239e-05 7.11156e-07 2.57664e-09 1.81536e-12 2.15533e-16 3.91504e-21 1.01933e-26 3.64063e-33 1.7317e-40
 1.87393e-41 2.60089e-33 4.36354e-26 8.84916e-20 2.16927e-14 6.42794e-10 2.30238e-06 0.000996853 0.0521723 0.330475 0.275005 0.169619 0.127195 0.0359104 0.00778267 0.000806744 3.4728e-05 4.31944e-07 1.20555e-09 6.30751e-13 5.43989e-17 7.08806e-22 1.31712e-27 3.35469e-34 1.13859e-41
 1.7971e-41 2.49426e-33 4.18464e-26 8.48637e-20 2.08033e-14 6.16441e-10 2.20799e-06 0.000955984 0.0500338 0.317096 0.269699 0.183944 0.131103 0.0384826 0.00791961 0.000737247 2.66938e-05 2.72884e-07 6.02087e-10 2.37954e-13 1.50532e-17 1.41613e-22 1.88224e-28 3.40945e-35 8.20463e-43
 1.82574e-41 2.534e-33 4.25131e-26 8.62158e-20 2.11348e-14 6.26262e-10 2.24317e-06 0.000971216 0.0508315 0.322262 0.276127 0.182319 0.121986 0.0373743 0.00745758 0.000648622 1.99908e-05 1.63489e-07 2.80672e-10 8.4741e-14 4.00648e-18 2.76064e-23 2.64992e-29 3.4367e-36 5.89015e-44
 1.82581e-41 2.5341e-33 4.25148e-26 8.62192e-20 2.11356e-14 6.26287e-10 2.24326e-06 0.000971254 0.0508335 0.322275 0.276143 0.182589 0.122953 0.0367687 0.00689957 0.000549392 1.49551e-05 1.04759e-07 1.50539e-10 3.74741e-14 1.44681e-18 8.08822e-24 6.26988e-30 6.54478e-37 9.00626e-45
#pred catch len freq
 2.56655e-27 2.59753e-27 4.13122e-26 8.17525e-20 2.00406e-14 5.9384e-10 2.12704e-06 0.000920925 0.0481979 0.304913 0.23341 0.0366969 0.115338 0.106633 0.0286581 0.0389459 0.0184288 0.0164963 0.0112293 0.00927186 0.00776103 0.0070497 0.00734842 0.00665391 0.00204507
 2.56962e-27 2.60543e-27 4.77318e-26 9.52929e-20 2.33599e-14 6.92196e-10 2.47933e-06 0.00107345 0.0561807 0.355415 0.272022 0.0398474 0.112188 0.103245 0.0196946 0.0190323 0.00739817 0.00468845 0.00262881 0.0018439 0.00134856 0.00109063 0.0010322 0.000947946 0.000320625
 2.56951e-27 2.60508e-27 4.73329e-26 9.4451e-20 2.31535e-14 6.8608e-10 2.45742e-06 0.00106397 0.0556844 0.352275 0.269638 0.0407267 0.120555 0.110918 0.0202487 0.0182918 0.00605511 0.00232322 0.00094314 0.000475774 0.000274969 0.000186765 0.000153661 0.000135812 4.78891e-05
 2.56869e-27 2.60284e-27 4.53504e-26 9.02688e-20 2.21283e-14 6.55701e-10 2.34861e-06 0.00101686 0.0532187 0.336676 0.257737 0.0413282 0.133494 0.122874 0.0226719 0.0208043 0.00674853 0.00232687 0.000713335 0.000214285 7.91259e-05 3.92091e-05 2.58986e-05 2.06847e-05 7.30928e-06
 2.5712e-27 2.60969e-27 5.14447e-26 1.03125e-19 2.52799e-14 7.49088e-10 2.68311e-06 0.00116168 0.0607983 0.384627 0.294318 0.0392427 0.0919223 0.0845768 0.0170675 0.0176621 0.00577485 0.00204421 0.000603934 0.000149824 3.2167e-05 8.80302e-06 3.86837e-06 2.52988e-06 8.60587e-07
 2.56837e-27 2.60193e-27 4.44974e-26 8.84691e-20 2.16871e-14 6.42628e-10 2.30179e-06 0.000996586 0.0521577 0.329964 0.252622 0.0420006 0.142204 0.130806 0.0221472 0.0176238 0.00598254 0.00250177 0.000758898 0.000189742 3.51843e-05 5.52824e-06 1.13151e-06 4.85999e-07 1.49751e-07
 2.5682e-27 2.60156e-27 4.42614e-26 8.79714e-20 2.15651e-14 6.39014e-10 2.28884e-06 0.00099098 0.0518643 0.328108 0.251193 0.0412529 0.137519 0.126692 0.025235 0.0256793 0.00808006 0.00237636 0.000746266 0.000213491 4.05425e-05 5.58466e-06 5.79621e-07 1.02993e-07 2.47114e-08
 2.57095e-27 2.60902e-27 5.08476e-26 1.01866e-19 2.49711e-14 7.3994e-10 2.65034e-06 0.0011475 0.0600558 0.379929 0.290735 0.0394813 0.0962556 0.0885548 0.0173919 0.017411 0.00586063 0.0023355 0.000658852 0.000145087 3.01688e-05 4.43978e-06 3.84973e-07 2.62977e-08 3.16353e-09
 2.57039e-27 2.6074e-27 4.9322e-26 9.86468e-20 2.41821e-14 7.16558e-10 2.56659e-06 0.00111124 0.0581581 0.367924 0.281587 0.0407055 0.111999 0.102908 0.0167831 0.0123951 0.00412815 0.00161933 0.000513433 0.000138283 2.33338e-05 3.26216e-06 3.02491e-07 1.45676e-08 5.9206e-10
 2.57018e-27 2.60683e-27 4.88348e-26 9.76191e-20 2.39301e-14 7.09093e-10 2.53985e-06 0.00109966 0.0575522 0.364091 0.27866 0.0406814 0.113872 0.104691 0.0180914 0.0149117 0.004608 0.00123891 0.000373244 0.00010325 2.10099e-05 2.8002e-06 2.32804e-07 1.12234e-08 2.50048e-10
 2.57005e-27 2.6065e-27 4.8548e-26 9.70142e-20 2.37819e-14 7.04699e-10 2.52411e-06 0.00109285 0.0571956 0.361835 0.276938 0.0406997 0.115221 0.105948 0.0185289 0.0156009 0.00493489 0.00150271 0.000400912 8.09617e-05 1.60156e-05 2.42833e-06 2.06969e-07 9.04601e-09 1.80544e-10
 2.57086e-27 2.6087e-27 5.04967e-26 1.01125e-19 2.47896e-14 7.34561e-10 2.63107e-06 0.00113915 0.0596192 0.377167 0.288636 0.0401067 0.102489 0.0942015 0.0164807 0.0138865 0.00441213 0.00137798 0.000384119 8.23707e-05 1.26809e-05 1.64674e-06 1.53326e-07 6.94634e-09 1.27691e-10
 2.57086e-27 2.60868e-27 5.04525e-26 1.01032e-19 2.47667e-14 7.33882e-10 2.62864e-06 0.0011381 0.0595641 0.376819 0.288374 0.0403621 0.104617 0.0961092 0.0158042 0.0118609 0.00375976 0.00117254 0.000329528 7.30766e-05 1.19441e-05 1.35277e-06 1.02945e-07 4.87339e-09 9.2248e-11
 2.5702e-27 2.60686e-27 4.88291e-26 9.76069e-20 2.39272e-14 7.09005e-10 2.53954e-06 0.00109952 0.057545 0.364045 0.278629 0.0409234 0.115735 0.106355 0.0173776 0.012864 0.00397419 0.00107404 0.000296199 6.57468e-05 1.10007e-05 1.30587e-06 9.07652e-08 3.57162e-09 6.81231e-11
 2.56919e-27 2.60414e-27 4.64533e-26 9.25952e-20 2.26986e-14 6.726e-10 2.40914e-06 0.00104307 0.0545903 0.345353 0.264364 0.0414199 0.129536 0.119141 0.0205646 0.0169153 0.00522564 0.00139281 0.000365986 7.20272e-05 1.18461e-05 1.4298e-06 1.03017e-07 3.74713e-09 6.12047e-11
 2.56959e-27 2.60526e-27 4.74652e-26 9.47299e-20 2.32219e-14 6.88106e-10 2.46468e-06 0.00106711 0.0558488 0.353315 0.270436 0.0409284 0.121529 0.111792 0.0199756 0.0174297 0.00549764 0.00164357 0.000436627 8.36636e-05 1.24946e-05 1.40792e-06 1.02361e-07 3.81147e-09 5.78269e-11
 2.57041e-27 2.60747e-27 4.93972e-26 9.88056e-20 2.4221e-14 7.17712e-10 2.57072e-06 0.00111303 0.0582517 0.368516 0.282037 0.0405672 0.11063 0.101682 0.0172315 0.0137165 0.00437313 0.00139607 0.000387501 8.1644e-05 1.2165e-05 1.2724e-06 8.47195e-08 3.13803e-09 4.81393e-11
 2.57001e-27 2.60637e-27 4.83982e-26 9.66981e-20 2.37044e-14 7.02403e-10 2.51589e-06 0.00108928 0.0570092 0.360656 0.276043 0.0410319 0.118378 0.108797 0.0178576 0.0133473 0.00416687 0.00119717 0.000335565 7.55319e-05 1.21983e-05 1.33255e-06 8.35435e-08 2.83763e-09 4.2754e-11
 2.57007e-27 2.60654e-27 4.85649e-26 9.70498e-20 2.37906e-14 7.04958e-10 2.52504e-06 0.00109325 0.0572165 0.361967 0.277042 0.0408596 0.116365 0.10697 0.0181044 0.0143672 0.00443534 0.00118254 0.000316615 6.57395e-05 1.1034e-05 1.30759e-06 8.70235e-08 2.82956e-09 3.93831e-11
 2.57071e-27 2.60827e-27 5.00891e-26 1.00265e-19 2.45788e-14 7.28314e-10 2.6087e-06 0.00112947 0.0591122 0.37396 0.286193 0.040487 0.1071 0.0983995 0.016203 0.0121898 0.00379891 0.00107664 0.000284016 5.47076e-05 8.50604e-06 9.96032e-07 7.16249e-08 2.47494e-09 3.34301e-11
 2.57104e-27 2.60914e-27 5.08447e-26 1.01859e-19 2.49695e-14 7.39892e-10 2.65017e-06 0.00114742 0.0600519 0.379905 0.29073 0.0403637 0.102974 0.0945697 0.0151187 0.0106777 0.00329059 0.000879216 0.00023452 4.72323e-05 7.01031e-06 7.54204e-07 5.24488e-08 1.9296e-09 2.75898e-11
 2.57142e-27 2.61017e-27 5.17494e-26 1.03768e-19 2.54374e-14 7.53755e-10 2.69982e-06 0.00116892 0.0611771 0.387023 0.296162 0.0401639 0.0976366 0.0896294 0.013974 0.00930786 0.00283172 0.000700713 0.000181472 3.49596e-05 5.33308e-06 5.68843e-07 3.64325e-08 1.28789e-09 1.93102e-11
 2.57151e-27 2.61038e-27 5.1923e-26 1.04134e-19 2.55271e-14 7.56414e-10 2.70935e-06 0.00117304 0.0613929 0.388388 0.297206 0.0402266 0.0973807 0.0893675 0.0134601 0.0081997 0.00246441 0.000566749 0.000141913 2.54418e-05 3.70678e-06 3.9281e-07 2.51839e-08 8.3057e-10 1.19608e-11
 2.57148e-27 2.61031e-27 5.18553e-26 1.03991e-19 2.54921e-14 7.55378e-10 2.70564e-06 0.00117144 0.0613088 0.387856 0.2968 0.0402449 0.0978056 0.0897615 0.0135657 0.00833939 0.00247673 0.000518212 0.000125187 2.09263e-05 2.86479e-06 2.84484e-07 1.78171e-08 5.84033e-10 7.94799e-12
 2.57209e-27 2.61199e-27 5.33535e-26 1.07152e-19 2.62669e-14 7.78336e-10 2.78787e-06 0.00120704 0.0631722 0.399644 0.305793 0.0397202 0.0874942 0.0802637 0.0122019 0.00762044 0.00226743 0.000479793 0.000113495 1.7376e-05 2.23279e-06 2.05451e-07 1.19612e-08 3.78778e-10 5.07848e-12
 2.57179e-27 2.61113e-27 5.25645e-26 1.05487e-19 2.58589e-14 7.66245e-10 2.74456e-06 0.00118829 0.0621908 0.393436 0.301059 0.0401753 0.0942829 0.0864763 0.0123587 0.00641412 0.00190048 0.000402968 9.55947e-05 1.46681e-05 1.78443e-06 1.50478e-07 8.05473e-09 2.35961e-10 3.03358e-12
 2.57132e-27 2.60986e-27 5.14533e-26 1.03143e-19 2.52842e-14 7.49217e-10 2.68357e-06 0.00116188 0.0608088 0.384693 0.294387 0.0404266 0.100883 0.0925887 0.0138431 0.00825727 0.00240617 0.000427181 9.78333e-05 1.50535e-05 1.83698e-06 1.50156e-07 7.35207e-09 1.96287e-10 2.32879e-12
 2.57147e-27 2.61029e-27 5.18371e-26 1.03953e-19 2.54827e-14 7.55099e-10 2.70464e-06 0.001171 0.0612862 0.387713 0.296691 0.0402427 0.0978651 0.0898188 0.0136197 0.00844768 0.0025015 0.000508661 0.00011526 1.51654e-05 1.78867e-06 1.46474e-07 7.00832e-09 1.72454e-10 1.85655e-12
 2.57173e-27 2.61101e-27 5.24807e-26 1.0531e-19 2.58156e-14 7.64961e-10 2.73996e-06 0.0011863 0.0620866 0.392777 0.300554 0.0400141 0.0934117 0.0857168 0.0130302 0.00813696 0.00242415 0.000517996 0.000121974 1.79168e-05 1.97791e-06 1.45072e-07 6.84965e-09 1.65001e-10 1.65039e-12
#obs catch len freq
 1.74904e-41 2.42755e-33 4.07272e-26 8.2594e-20 2.0247e-14 5.99954e-10 2.14894e-06 0.000930416 0.0486943 0.308054 0.235963 0.0441299 0.154125 0.130593 0.0369819 0.0284952 0.00868041 0.00274249 0.000539962 6.39726e-05 3.33702e-06 5.56489e-08 2.20182e-10 1.65924e-13 2.05848e-17
 1.77029e-41 2.45705e-33 4.12221e-26 8.35976e-20 2.0493e-14 6.07244e-10 2.17505e-06 0.000941721 0.0492859 0.311797 0.238879 0.0459696 0.155568 0.12476 0.0360928 0.0262119 0.00773676 0.00229608 0.000414544 4.26822e-05 1.82717e-06 2.37001e-08 7.00307e-11 3.83652e-14 3.40512e-18
 2.18731e-41 3.03584e-33 5.09325e-26 1.0329e-19 2.53204e-14 7.50289e-10 2.68741e-06 0.00116356 0.0608959 0.385245 0.294917 0.0432717 0.0981419 0.074171 0.0218047 0.0147945 0.0042139 0.00116695 0.000192914 1.72378e-05 6.02975e-07 6.05048e-09 1.33147e-11 5.30287e-15 3.37121e-19
 1.74217e-41 2.41802e-33 4.05673e-26 8.22697e-20 2.01675e-14 5.97599e-10 2.1405e-06 0.000926763 0.0485031 0.306846 0.235324 0.0537387 0.183318 0.128619 0.025349 0.0128365 0.00349671 0.000895215 0.000134324 1.03676e-05 2.95741e-07 2.29172e-09 3.74912e-12 1.08476e-15 4.94262e-20
 2.10975e-41 2.9282e-33 4.91266e-26 9.96277e-20 2.44226e-14 7.23685e-10 2.59212e-06 0.0011223 0.0587367 0.371586 0.284634 0.0474691 0.113439 0.0766054 0.0271281 0.0158021 0.00286156 0.000536915 7.14322e-05 4.7112e-06 1.09025e-07 6.52232e-10 7.94014e-13 1.67025e-16 5.45761e-21
 2.39053e-41 3.31789e-33 5.56646e-26 1.12887e-19 2.76728e-14 8.19996e-10 2.93709e-06 0.00127166 0.0665537 0.421038 0.322349 0.0453335 0.0776755 0.0478622 0.0108376 0.00531586 0.00146844 0.000267585 2.29965e-05 1.18065e-06 2.18604e-08 1.00612e-10 9.12485e-14 1.39903e-17 3.28576e-22
 1.35425e-41 1.87961e-33 3.15343e-26 6.3951e-20 1.56768e-14 4.64533e-10 1.66388e-06 0.000720404 0.0377031 0.238525 0.183941 0.0756736 0.271358 0.154595 0.0260283 0.00938991 0.00171998 0.000313434 2.98802e-05 1.05905e-06 1.36827e-08 4.71575e-11 3.1751e-14 3.55264e-18 6.01387e-23
 2.24066e-41 3.10989e-33 5.21749e-26 1.0581e-19 2.5938e-14 7.68591e-10 2.75297e-06 0.00119194 0.0623814 0.394644 0.30236 0.0481631 0.087049 0.0526465 0.0338166 0.0155106 0.00199027 0.000226908 1.72746e-05 5.88693e-07 5.57694e-09 1.28189e-11 6.08532e-15 4.9127e-19 5.98902e-24
 2.02493e-41 2.81047e-33 4.71515e-26 9.56223e-20 2.34407e-14 6.94591e-10 2.48791e-06 0.00107718 0.0563753 0.35665 0.273898 0.0633227 0.150595 0.0745758 0.0145308 0.00645828 0.00222505 0.000276006 1.26173e-05 2.99806e-07 2.36331e-09 4.07731e-12 1.30193e-15 7.08929e-20 6.01677e-25
 2.06206e-41 2.862e-33 4.8016e-26 9.73754e-20 2.38704e-14 7.07325e-10 2.53352e-06 0.00109693 0.0574088 0.363189 0.278998 0.0637626 0.138845 0.0669163 0.0213252 0.00718287 0.00107105 0.000189402 1.24601e-05 2.06426e-07 1.03446e-09 1.32137e-12 3.1614e-16 1.20843e-20 6.9163e-26
 2.02395e-41 2.8091e-33 4.71285e-26 9.55757e-20 2.34293e-14 6.94252e-10 2.4867e-06 0.00107665 0.0563478 0.356479 0.274196 0.069376 0.148046 0.0662674 0.0201446 0.00675482 0.00118194 0.000120132 7.11169e-06 1.45492e-07 5.97406e-10 4.88368e-13 7.84638e-17 2.15402e-21 8.89409e-27
 2.1418e-41 2.97267e-33 4.98728e-26 1.01141e-19 2.47935e-14 7.34677e-10 2.6315e-06 0.00113935 0.0596289 0.377236 0.290093 0.067785 0.126556 0.0536507 0.0175897 0.00534486 0.000881279 8.87445e-05 3.75127e-06 5.89642e-08 2.42061e-10 1.75154e-13 1.99841e-17 3.5869e-22 9.92429e-28
 2.09628e-41 2.9095e-33 4.88129e-26 9.89916e-20 2.42666e-14 7.19064e-10 2.57557e-06 0.00111513 0.0583616 0.369223 0.284454 0.0751117 0.138058 0.0535271 0.0151982 0.00421095 0.00067494 6.0753e-05 2.27581e-06 2.66125e-08 7.87468e-11 4.77791e-14 4.73961e-18 6.77276e-23 1.33988e-28
 2.04985e-41 2.84505e-33 4.77317e-26 9.67989e-20 2.37291e-14 7.03137e-10 2.51852e-06 0.00109043 0.0570689 0.361049 0.278742 0.0817639 0.144923 0.0538835 0.0168088 0.00407327 0.000549353 4.39899e-05 1.42155e-06 1.36024e-08 2.99821e-11 1.27971e-14 9.39057e-19 1.06216e-23 1.69444e-29
 1.92432e-41 2.67083e-33 4.48086e-26 9.0871e-20 2.2276e-14 6.60077e-10 2.36429e-06 0.00102366 0.0535741 0.338947 0.262811 0.0940946 0.165079 0.05929 0.0199201 0.00462124 0.000597232 3.89943e-05 1.02588e-06 7.96502e-09 1.37013e-11 4.34309e-15 2.25901e-19 1.79115e-24 2.0548e-30
 1.75143e-41 2.43087e-33 4.07829e-26 8.27069e-20 2.02746e-14 6.00774e-10 2.15187e-06 0.000931687 0.0487608 0.308509 0.240902 0.109856 0.189376 0.0685953 0.0263475 0.00591836 0.000756001 4.45845e-05 9.43338e-07 5.60071e-09 7.38074e-12 1.76972e-15 6.80686e-20 3.89184e-25 3.1511e-31
 1.96595e-41 2.72861e-33 4.5778e-26 9.2837e-20 2.27579e-14 6.74358e-10 2.41544e-06 0.0010458 0.0547332 0.346291 0.269379 0.0978718 0.144626 0.0552564 0.0243914 0.00562473 0.00073686 4.04968e-05 7.37783e-07 3.42651e-09 3.34312e-12 5.88712e-16 1.66585e-20 6.97607e-26 4.09963e-32
 1.91563e-41 2.65877e-33 4.46063e-26 9.04607e-20 2.21754e-14 6.57097e-10 2.35362e-06 0.00101903 0.0533322 0.337445 0.264091 0.112044 0.157384 0.0512803 0.0183082 0.00444767 0.000613507 3.27994e-05 5.31491e-07 2.02921e-09 1.52161e-12 1.96559e-16 4.00163e-21 1.20322e-26 5.09047e-33
 1.90114e-41 2.63866e-33 4.4269e-26 8.97766e-20 2.20077e-14 6.52128e-10 2.33582e-06 0.00101133 0.0529289 0.334909 0.26329 0.118749 0.155012 0.0516667 0.0184112 0.00355567 0.000439612 2.32124e-05 3.44598e-07 1.11589e-09 6.67392e-13 6.57195e-17 9.8601e-22 2.13648e-27 6.43949e-34
 1.93248e-41 2.68215e-33 4.49987e-26 9.12565e-20 2.23705e-14 6.62877e-10 2.37432e-06 0.001028 0.0538014 0.340446 0.268542 0.122435 0.146208 0.0477041 0.0164497 0.00305533 0.000314013 1.36145e-05 1.79426e-07 5.01559e-10 2.45367e-13 1.89409e-17 2.15896e-22 3.47211e-28 7.63047e-35
 2.01103e-41 2.79118e-33 4.68279e-26 9.49661e-20 2.32798e-14 6.89823e-10 2.47083e-06 0.00106979 0.0559885 0.354299 0.279826 0.121616 0.130717 0.0409074 0.0130844 0.0022719 0.000210787 7.41968e-06 7.60514e-08 1.72125e-10 6.86467e-14 4.21962e-18 3.72883e-23 4.54911e-29 7.45707e-36
 2.00525e-41 2.78316e-33 4.66933e-26 9.46931e-20 2.32129e-14 6.8784e-10 2.46373e-06 0.00106671 0.0558276 0.353314 0.280854 0.129835 0.128931 0.0375969 0.0107495 0.0016818 0.000137307 4.07564e-06 3.25703e-08 5.51584e-11 1.66604e-14 7.89671e-19 5.3921e-24 5.03749e-30 6.24662e-37
 2.04967e-41 2.84481e-33 4.77276e-26 9.67907e-20 2.37271e-14 7.03077e-10 2.51831e-06 0.00109034 0.0570644 0.361168 0.288006 0.130543 0.11798 0.0339117 0.00894111 0.00120771 8.2998e-05 2.0293e-06 1.2858e-08 1.64821e-11 3.64836e-15 1.25944e-19 6.3222e-25 4.38894e-31 4.06665e-38
 1.97873e-41 2.74635e-33 4.60757e-26 9.34405e-20 2.29058e-14 6.78742e-10 2.43114e-06 0.0010526 0.0550894 0.348742 0.281799 0.146021 0.12417 0.0339051 0.00816452 0.000996823 5.67623e-05 1.09662e-06 5.38712e-09 5.2476e-12 8.62719e-16 2.16749e-20 7.82192e-26 3.89147e-32 2.59268e-39
 2.01972e-41 2.80324e-33 4.70302e-26 9.53763e-20 2.33804e-14 6.92803e-10 2.48151e-06 0.00107441 0.0562308 0.356009 0.288629 0.144162 0.11279 0.0326972 0.00754799 0.000816445 3.92572e-05 5.99248e-07 2.2194e-09 1.60639e-12 1.94879e-16 3.58381e-21 9.3806e-27 3.35618e-33 1.59754e-40
 2.00196e-41 2.77859e-33 4.66166e-26 9.45375e-20 2.31748e-14 6.86711e-10 2.45969e-06 0.00106496 0.0557366 0.352972 0.28946 0.153108 0.11063 0.0298908 0.00644217 0.000665222 2.7258e-05 3.31016e-07 9.29831e-10 4.94004e-13 4.3412e-17 5.76583e-22 1.08893e-27 2.80616e-34 9.59501e-42
 1.94e-41 2.69259e-33 4.51738e-26 9.16116e-20 2.24575e-14 6.65457e-10 2.38356e-06 0.001032 0.054012 0.342196 0.285696 0.166568 0.113534 0.030454 0.00594132 0.000543555 1.95538e-05 1.94156e-07 4.17561e-10 1.64132e-13 1.04543e-17 9.94703e-23 1.33948e-28 2.45942e-35 5.99555e-43
 1.86589e-41 2.58973e-33 4.34482e-26 8.8112e-20 2.15996e-14 6.40037e-10 2.29251e-06 0.000992577 0.0519494 0.329325 0.281118 0.180333 0.117259 0.0325297 0.00598925 0.000487143 1.46409e-05 1.18665e-07 2.0042e-10 5.92661e-14 2.76282e-18 1.89549e-23 1.82433e-29 2.38106e-36 4.11391e-44
 1.90173e-41 2.63947e-33 4.42826e-26 8.98043e-20 2.20145e-14 6.52329e-10 2.33654e-06 0.00101164 0.052947 0.335598 0.284283 0.172434 0.113767 0.0332862 0.00616952 0.000487463 1.32102e-05 9.22901e-08 1.32411e-10 3.29292e-14 1.27052e-18 7.09945e-24 5.50154e-30 5.74124e-37 7.89888e-45
#spawning biomass
 9997.42 8263.17 10908 12618.3 20319.6 31702.9 30220.8 35903.1 48420.6 60993.1 75429.4 97343.4 127125 145683 151662 134402 119904 116716 111146 102783 106492 112302 113871 119638 137521 136825 144285 142505 150486 119180 132225 63172.7 30180.2 18540.1 14920.7 13878.7 13593.9 13518.9 13499.7 13494.9 13493.7 13493.4 13493.3 13493.3 13493.3 13493.3 13493.3 13493.3 13493.3 13493.3 13493.3 13493.3 13493.3 13493.3 13493.3 13493.3 13493.3 13493.3 13493.3 13493.3 13493.3 13493.3 13493.3 13493.3 13493.3 13493.3 13493.3 13493.3 13493.3 13493.3 13493.3 13493.3 13493.3 13493.3 13493.3 13493.3 13493.3 13493.3 13493.3 13493.3 13493.3 13493.3 13493.3 13493.3 13493.3 13493.3 13493.3 13493.3 13493.3 13493.3 13493.3 13493.3 13493.3 13493.3 13493.3 13493.3 13493.3 13493.3 13493.3 13493.3 13493.3 13493.3 13493.3 13493.3 13493.3 13493.3 13493.3 13493.3 13493.3 13493.3 13493.3 13493.3 13493.3 13493.3 13493.3 13493.3 13493.3 13493.3 13493.3 13493.3 13493.3 13493.3 13493.3 13493.3 13493.3 13493.3 13493.3 13493.3 13493.3 0 0 0 0 0 0 0 0 0 0 0 0 0 0 0 0 0 0 0 0 0 0 0 0 0
