SBPRF35
0.483559
Curr Bio
132420
B35
367531
F35
0.414349
FOFL
0.10224
OFL
3193.12
Bzero
138160
#pred survey bio
 13513.9 11318.8 14054.3 20419.7 25552.2 30055.2 36093.2 41329.4 46221.9 58029.8 76632.7 90682.1 118755 139890 143770 128087 114245 106850 107753 104114 104797 108197 120800 120876 136058 142939 129745 105239 2.83653e+06 2.81207e+06 3.0301e+06 2.60221e+06 2.108e+06 1.7252e+06 1.46644e+06 1.30265e+06 1.20222e+06 1.14126e+06 1.10403e+06 1.08087e+06 1.06608e+06 1.05633e+06 1.04962e+06 1.04478e+06 1.0414e+06 1.03898e+06 1.03723e+06 1.03594e+06 1.03498e+06 1.03427e+06 1.03374e+06 1.03334e+06 1.03304e+06 1.03281e+06 1.03264e+06 1.03251e+06 1.03242e+06 1.03234e+06 1.03229e+06 1.03225e+06 1.03222e+06 1.03219e+06 1.03217e+06 1.03216e+06 1.03215e+06 1.03214e+06 1.03214e+06 1.03213e+06 1.03213e+06 1.03213e+06 1.03212e+06 1.03212e+06 1.03212e+06 1.03212e+06 1.03212e+06 1.03212e+06 1.03212e+06 1.03212e+06 1.03212e+06 1.03212e+06 1.03212e+06 1.03212e+06 1.03212e+06 1.03212e+06 1.03212e+06 1.03212e+06 1.03212e+06 1.03212e+06 1.03212e+06 1.03212e+06 1.03212e+06 1.03212e+06 1.03212e+06 1.03212e+06 1.03212e+06 1.03212e+06 1.03212e+06 1.03212e+06 1.03212e+06 1.03212e+06 1.03212e+06 1.03212e+06 1.03212e+06 1.03212e+06 1.03212e+06 1.03212e+06 1.03212e+06 1.03212e+06 1.03212e+06 1.03212e+06 1.03212e+06 1.03212e+06 1.03212e+06 1.03212e+06 1.03212e+06 1.03212e+06 1.03212e+06 1.03212e+06 1.03212e+06 1.03212e+06 1.03212e+06 1.03212e+06 1.03212e+06 1.03212e+06 1.03212e+06 1.03212e+06 1.03212e+06 1.03212e+06 0 0 0 0 0 0 0 0 0 0 0 0 0 0 0 0 0 0 0 0 0 0 0 0 0
#obs survey bio
 12057.7 13365.2 18775 14314.5 22776.4 35914.6 33021 42888.1 46893.1 48296.3 61829.8 100186 139629 134127 154136 101157 82428.2 79961.6 85006.9 88897.4 77534 126208 96052.7 124705 80114.5 132875 73158.1 98310.5
#pred catch bio
 8214.61 6066.6 6110.96 10333.9 14552.4 17199.4 21779.5 26279.1 29663.9 35122.8 50948.7 59347.2 81625.1 96263.9 106275 99292.7 89186.7 82082.3 83567.1 81295.6 85218.8 82132.3 100445 97158.6 110244 120106 111656 98258.2 3193.12 31946 40043.8 33349.5 25613.7 19945.4 16306 14131.1 12891.4 12207.7 11839.6 11644.9 11543.3 11490.8 11463.8 11449.9 11443 11439.5 11437.8 11436.9 11436.5 11436.3 11436.2 11436.1 11436.1 11436.1 11436.1 11436.1 11436.1 11436.1 11436.1 11436.1 11436.1 11436.1 11436.1 11436.1 11436.1 11436.1 11436.1 11436.1 11436.1 11436.1 11436.1 11436.1 11436.1 11436.1 11436.1 11436.1 11436.1 11436.1 11436.1 11436.1 11436.1 11436.1 11436.1 11436.1 11436.1 11436.1 11436.1 11436.1 11436.1 11436.1 11436.1 11436.1 11436.1 11436.1 11436.1 11436.1 11436.1 11436.1 11436.1 11436.1 11436.1 11436.1 11436.1 11436.1 11436.1 11436.1 11436.1 11436.1 11436.1 11436.1 11436.1 11436.1 11436.1 11436.1 11436.1 11436.1 11436.1 11436.1 11436.1 11436.1 11436.1 11436.1 11436.1 11436.1 11436.1 11436.1 11436.1 11436.1 0 0 0 0 0 0 0 0 0 0 0 0 0 0 0 0 0 0 0 0 0 0 0 0 0
#obs catch bio
 6012.7 6042.91 5932.39 10113.6 14446.8 16739.8 21587.6 25837.9 29163.8 33836.8 49659.9 57491.1 77951.7 92557.5 104348 99752.3 88686.4 81313.3 82260.7 79161.6 83228.8 79293.3 97236.9 93650.6 107642 117287 110712 98139.2
#pred cpue bio
 9871.34 7557.44 8278.58 12529.8 16017.9 18011.2 21483 24466.4 26607.5 30956.1 42189.5 49276.9 61527 74930.4 83515.7 73530.4 61710.1 56708.8 56012.8 55327.2 53382.1 52246.4 61514.6 57587.6 64728.1 70159.5 65467.8 54196 1.28495e+06 2.15796e+06 2.86246e+06 2.47996e+06 1.97449e+06 1.5872e+06 1.32733e+06 1.16329e+06 1.06281e+06 1.00183e+06 964597 941439 926647 916900 910193 905352 901968 899551 897797 896508 895553 894842 894309 893910 893609 893383 893212 893083 892986 892913 892858 892816 892784 892761 892743 892729 892719 892711 892705 892701 892698 892695 892693 892692 892691 892690 892689 892689 892688 892688 892688 892688 892688 892687 892687 892687 892687 892687 892687 892687 892687 892687 892687 892687 892687 892687 892687 892687 892687 892687 892687 892687 892687 892687 892687 892687 892687 892687 892687 892687 892687 892687 892687 892687 892687 892687 892687 892687 892687 892687 892687 892687 892687 892687 892687 892687 892687 892687 892687 892687 0 0 0 0 0 0 0 0 0 0 0 0 0 0 0 0 0 0 0 0 0 0 0 0 0
#obs cpue bio
 4163.56 7990.91 11433.7 17034.7 22866.9 24659.2 24219.4 32606.8 39318.2 67128.6 63197.5 99274.9 97753.4 120497 90364.6 95313.3 79308.9 102251 78691.2 119250 104622 71990.1 145183 97806.6 128051 115588 120452 83914.5
#pred surv len freq
 2.56113e-27 2.58298e-27 2.85662e-26 5.48641e-20 1.34493e-14 3.98526e-10 1.42745e-06 0.000618032 0.0323456 0.204628 0.15688 0.0396516 0.191591 0.177227 0.0452797 0.0591397 0.0254116 0.0195223 0.0119792 0.00909196 0.00712559 0.00616033 0.00618387 0.00548781 0.00167584
 2.56385e-27 2.59046e-27 3.51791e-26 6.88145e-20 1.6869e-14 4.9986e-10 1.79041e-06 0.000775181 0.0405702 0.256658 0.19658 0.0377888 0.149527 0.139002 0.0495623 0.0782327 0.0266052 0.0111428 0.00497522 0.00283101 0.00180647 0.00133776 0.00119103 0.00105845 0.000354368
 2.56662e-27 2.59769e-27 4.12266e-26 8.15707e-20 1.99961e-14 5.9252e-10 2.12231e-06 0.000918877 0.0480907 0.304235 0.23293 0.0390804 0.133817 0.123802 0.0341673 0.0470356 0.0185017 0.0114138 0.00367002 0.00114959 0.00048484 0.000272975 0.000201273 0.000168314 5.83911e-05
 2.56456e-27 2.59202e-27 3.61569e-26 7.08757e-20 1.73743e-14 5.14833e-10 1.84404e-06 0.000798401 0.0417854 0.264346 0.202502 0.0410408 0.170114 0.157251 0.0392805 0.0501873 0.0180832 0.00913257 0.00362925 0.00134609 0.0003069 9.63535e-05 5.01072e-05 3.61159e-05 1.24168e-05
 2.56444e-27 2.59185e-27 3.61523e-26 7.08664e-20 1.7372e-14 5.14765e-10 1.8438e-06 0.000798295 0.0417799 0.264311 0.202456 0.0397862 0.160599 0.148805 0.043863 0.0627341 0.0214098 0.008947 0.00307202 0.00105472 0.000299387 5.7816e-05 1.4222e-05 7.33405e-06 2.36744e-06
 2.56546e-27 2.59448e-27 3.83424e-26 7.54861e-20 1.85045e-14 5.48322e-10 1.964e-06 0.000850336 0.0445035 0.281542 0.21562 0.0402702 0.155033 0.143396 0.0379497 0.0506248 0.0179782 0.00855227 0.00269841 0.000750059 0.000184007 3.88113e-05 5.55908e-06 1.29961e-06 3.50268e-07
 2.56512e-27 2.59345e-27 3.73431e-26 7.33776e-20 1.79876e-14 5.33006e-10 1.90914e-06 0.000826584 0.0432604 0.273678 0.209631 0.0412798 0.166924 0.154243 0.0376295 0.0471018 0.0159596 0.00651321 0.00215387 0.000639672 0.000130893 2.30561e-05 3.10439e-06 3.25749e-07 5.12906e-08
 2.56522e-27 2.59372e-27 3.75722e-26 7.3861e-20 1.81061e-14 5.36517e-10 1.92171e-06 0.000832028 0.0435454 0.27548 0.211007 0.0412424 0.165673 0.153113 0.0378791 0.0479195 0.015648 0.00545658 0.00165021 0.000438854 9.5424e-05 1.50528e-05 1.65918e-06 1.26801e-07 8.49544e-09
 2.56575e-27 2.59509e-27 3.87088e-26 7.62584e-20 1.86938e-14 5.53932e-10 1.98409e-06 0.000859035 0.0449588 0.284422 0.217839 0.0415014 0.162844 0.150374 0.0350831 0.0422158 0.0136696 0.00457957 0.00129451 0.000291954 5.56827e-05 8.6757e-06 8.76198e-07 5.28859e-08 1.95288e-09
 2.56754e-27 2.59985e-27 4.28408e-26 8.49749e-20 2.08306e-14 6.17247e-10 2.21088e-06 0.000957225 0.0500977 0.316932 0.242654 0.0409516 0.141225 0.130281 0.0289316 0.0332166 0.0105162 0.00314934 0.000865796 0.000184099 3.05084e-05 4.03975e-06 3.83357e-07 2.07675e-08 5.52963e-10
 2.56621e-27 2.59617e-27 3.9508e-26 7.7944e-20 1.9107e-14 5.66175e-10 2.02794e-06 0.000878023 0.0459525 0.290709 0.222656 0.0425603 0.167518 0.154407 0.0307231 0.0312191 0.00975661 0.00273512 0.000720105 0.000138728 2.17294e-05 2.53767e-06 2.01486e-07 9.91649e-09 2.27653e-10
 2.56674e-27 2.59764e-27 4.08385e-26 8.07507e-20 1.97951e-14 5.86563e-10 2.10097e-06 0.00090964 0.0476073 0.301177 0.230639 0.0418871 0.156786 0.144586 0.0304885 0.0331329 0.0099775 0.00216184 0.000534834 9.5101e-05 1.36555e-05 1.45694e-06 1.01778e-07 4.18673e-09 8.51091e-11
 2.5678e-27 2.60047e-27 4.32991e-26 8.59415e-20 2.10675e-14 6.24268e-10 2.23602e-06 0.000968113 0.0506676 0.320537 0.245416 0.0414934 0.143408 0.132154 0.0267045 0.0276402 0.00843457 0.00201955 0.000477533 6.74825e-05 8.7678e-06 8.48273e-07 5.31233e-08 1.89898e-09 3.23736e-11
 2.56633e-27 2.59637e-27 3.95756e-26 7.80861e-20 1.91419e-14 5.67208e-10 2.03164e-06 0.000879624 0.0460363 0.291239 0.223076 0.0434632 0.174094 0.160276 0.0281641 0.0238767 0.00709443 0.00141453 0.000329669 4.90517e-05 5.58303e-06 4.45608e-07 2.48302e-08 7.85548e-10 1.15182e-11
 2.56452e-27 2.59161e-27 3.54869e-26 6.94611e-20 1.70276e-14 5.04557e-10 1.80724e-06 0.000782465 0.0409514 0.25907 0.198514 0.0435689 0.192156 0.177225 0.0362817 0.0381046 0.0111118 0.00179311 0.000384336 4.92881e-05 5.60071e-06 4.26878e-07 1.94506e-08 5.29149e-10 6.79479e-12
 2.56529e-27 2.59374e-27 3.74304e-26 7.35613e-20 1.80327e-14 5.3434e-10 1.91392e-06 0.000828653 0.0433687 0.274363 0.210174 0.0425127 0.175925 0.162349 0.0354681 0.0400123 0.0119696 0.00243654 0.00052932 5.54529e-05 5.45014e-06 3.78048e-07 1.66135e-08 3.79567e-10 4.09576e-12
 2.56637e-27 2.59653e-27 3.9761e-26 7.84773e-20 1.92378e-14 5.70049e-10 2.04182e-06 0.000884031 0.046267 0.292698 0.224182 0.042998 0.169777 0.15639 0.0292555 0.0273441 0.00814613 0.0016376 0.000367937 4.59508e-05 4.30578e-06 2.42611e-07 9.32307e-09 1.99517e-10 1.85057e-12
 2.56644e-27 2.59667e-27 3.98117e-26 7.85842e-20 1.9264e-14 5.70826e-10 2.0446e-06 0.000885234 0.04633 0.293096 0.224496 0.0435651 0.173872 0.160039 0.0275497 0.0225219 0.0064826 0.000939205 0.000194263 2.39031e-05 2.43363e-06 1.49694e-07 4.88589e-09 8.8087e-11 7.43586e-13
 2.56709e-27 2.59844e-27 4.13995e-26 8.19338e-20 2.00851e-14 5.95157e-10 2.13175e-06 0.000922967 0.0483048 0.305589 0.234025 0.0429292 0.162337 0.149436 0.0264157 0.0226009 0.00644619 0.000819685 0.000154686 1.43174e-05 1.31679e-06 8.3481e-08 2.99756e-09 4.95296e-11 3.48976e-13
 2.56621e-27 2.59599e-27 3.91815e-26 7.72545e-20 1.8938e-14 5.61167e-10 2.01001e-06 0.000870256 0.0455461 0.288137 0.220717 0.0440456 0.180184 0.165796 0.0273425 0.0205976 0.00586345 0.000747383 0.000138767 1.12461e-05 8.55456e-07 4.25165e-08 1.4846e-09 2.63547e-11 1.78901e-13
 2.5676e-27 2.59981e-27 4.26173e-26 8.45028e-20 2.07148e-14 6.13817e-10 2.19859e-06 0.000951906 0.0498193 0.315171 0.241335 0.0425549 0.154353 0.142072 0.0251726 0.0216179 0.00611976 0.000695305 0.000123803 1.00469e-05 7.26941e-07 3.00374e-08 8.15239e-10 1.29865e-11 9.18623e-14
 2.56825e-27 2.60148e-27 4.39942e-26 8.74071e-20 2.14268e-14 6.34914e-10 2.27416e-06 0.000984622 0.0515316 0.326003 0.249614 0.0430075 0.151981 0.139669 0.0208625 0.0124027 0.00348222 0.000387916 6.74687e-05 4.83225e-06 3.27489e-07 1.31667e-08 3.11183e-10 3.86325e-12 2.33083e-14
 2.56713e-27 2.59847e-27 4.13445e-26 8.18175e-20 2.00566e-14 5.94312e-10 2.12873e-06 0.000921657 0.0482362 0.305156 0.233705 0.0436519 0.168062 0.15455 0.0242685 0.0164156 0.00456212 0.000401603 6.22204e-05 4.44099e-06 2.88129e-07 1.02851e-08 2.30991e-10 2.58235e-12 1.24194e-14
 2.56857e-27 2.60238e-27 4.47972e-26 8.91011e-20 2.18421e-14 6.47219e-10 2.31823e-06 0.00100371 0.0525303 0.332321 0.254433 0.0426858 0.146146 0.134306 0.0203027 0.0124729 0.00345412 0.000294422 4.37305e-05 2.49645e-06 1.38568e-07 4.79834e-09 9.83847e-11 1.00496e-12 4.41022e-15
 2.56844e-27 2.60199e-27 4.44259e-26 8.83177e-20 2.165e-14 6.41529e-10 2.29785e-06 0.00099488 0.0520684 0.329399 0.252208 0.0430495 0.150478 0.138242 0.0198798 0.0105196 0.00289366 0.000230069 3.25817e-05 1.80512e-06 9.13881e-08 2.4962e-09 4.60204e-11 4.3794e-13 1.74083e-15
 2.56773e-27 2.60003e-27 4.26818e-26 8.46384e-20 2.07481e-14 6.14803e-10 2.20212e-06 0.000953434 0.0498993 0.315677 0.241739 0.0436538 0.162431 0.149255 0.0215172 0.0114788 0.00314237 0.0002211 2.83531e-05 1.47606e-06 7.01587e-08 1.80341e-09 2.79621e-11 2.20227e-13 8.03683e-16
 2.56704e-27 2.59815e-27 4.10035e-26 8.10979e-20 1.98802e-14 5.89085e-10 2.11e-06 0.000913551 0.047812 0.302472 0.231665 0.0442408 0.173976 0.15989 0.0230665 0.0123331 0.00337132 0.000227791 2.79427e-05 1.306e-06 5.43228e-08 1.28793e-09 1.86596e-11 1.29115e-13 3.86467e-16
 2.56653e-27 2.59678e-27 3.9791e-26 7.85399e-20 1.92531e-14 5.70504e-10 2.04345e-06 0.000884736 0.0463039 0.292931 0.224386 0.0446086 0.181889 0.167193 0.024373 0.0134722 0.00368253 0.000242863 2.90391e-05 1.30703e-06 5.05329e-08 1.04473e-09 1.34032e-11 8.51236e-14 2.29267e-16
#obs surv len freq
 1.08715e-41 1.5089e-33 2.53148e-26 5.1338e-20 1.25849e-14 3.72914e-10 1.33572e-06 0.000578319 0.0302669 0.191478 0.14692 0.0401975 0.173322 0.146642 0.103671 0.101505 0.0438734 0.0171657 0.00386842 0.000484705 2.4949e-05 3.81845e-07 1.30398e-09 8.08852e-13 7.97738e-17
 1.60762e-41 2.23127e-33 3.74342e-26 7.59157e-20 1.86098e-14 5.51444e-10 1.97518e-06 0.000855186 0.044757 0.283146 0.216934 0.0407485 0.126796 0.102281 0.0756509 0.0682398 0.0283271 0.0100296 0.00200821 0.000215142 9.00029e-06 1.06195e-07 2.68741e-10 1.20585e-13 8.49017e-18
 1.53532e-41 2.13093e-33 3.57507e-26 7.25018e-20 1.7773e-14 5.26645e-10 1.88636e-06 0.000816727 0.0427443 0.270414 0.20744 0.0500325 0.176918 0.128957 0.0565332 0.0426149 0.0170325 0.005448 0.000958097 8.57688e-05 2.86806e-06 2.59085e-08 4.85196e-11 1.57554e-14 7.9221e-19
 1.07757e-41 1.49559e-33 2.50916e-26 5.08853e-20 1.24739e-14 3.69626e-10 1.32394e-06 0.00057322 0.0300001 0.189791 0.146109 0.0564813 0.230116 0.162996 0.0979252 0.0657323 0.015832 0.00381848 0.000580851 4.28023e-05 1.1211e-06 7.64987e-09 1.05489e-11 2.47785e-15 8.90775e-20
 1.50495e-41 2.08877e-33 3.50434e-26 7.10674e-20 1.74213e-14 5.16226e-10 1.84904e-06 0.000800569 0.0418986 0.265064 0.20339 0.0472789 0.142365 0.104191 0.103649 0.0687539 0.0187894 0.00347934 0.000319854 1.77554e-05 3.58273e-07 1.81963e-09 1.82874e-12 3.09287e-16 7.94166e-21
 1.20071e-41 1.6665e-33 2.7959e-26 5.67003e-20 1.38994e-14 4.11865e-10 1.47523e-06 0.000638725 0.0334283 0.211481 0.163031 0.0650088 0.231314 0.14406 0.0784159 0.0496647 0.018961 0.00369612 0.000289016 9.7862e-06 1.30835e-07 4.80145e-10 3.47804e-13 4.2006e-17 7.66412e-22
 1.37836e-41 1.91307e-33 3.20957e-26 6.50894e-20 1.59559e-14 4.72802e-10 1.6935e-06 0.000733228 0.0383742 0.24277 0.186801 0.0579658 0.175154 0.116567 0.109509 0.0567309 0.012714 0.00245486 0.000218289 6.21793e-06 5.24385e-08 1.19587e-10 5.88863e-14 4.99712e-18 6.42956e-23
 1.19597e-41 1.65993e-33 2.78488e-26 5.64769e-20 1.38446e-14 4.10242e-10 1.46942e-06 0.000636208 0.0332966 0.21065 0.162843 0.0723458 0.227515 0.133398 0.0935006 0.049101 0.014551 0.00202689 0.000131746 3.67216e-06 2.60813e-08 3.954e-11 1.19671e-14 6.53103e-19 5.68902e-24
 1.5108e-41 2.09689e-33 3.51796e-26 7.13436e-20 1.7489e-14 5.18232e-10 1.85622e-06 0.000803681 0.0420614 0.266098 0.204995 0.0642512 0.166505 0.104071 0.0971133 0.0427799 0.00981904 0.00141494 8.22824e-05 1.62454e-06 9.53194e-09 1.18953e-11 2.57727e-15 9.06884e-20 4.98194e-25
 1.51569e-41 2.10368e-33 3.52937e-26 7.15748e-20 1.75457e-14 5.19912e-10 1.86224e-06 0.000806285 0.0421978 0.266964 0.206282 0.0779496 0.198537 0.10382 0.0665076 0.0288114 0.0072556 0.000825589 4.02841e-05 6.82202e-07 2.91554e-09 2.69753e-12 4.55713e-16 1.20905e-20 4.66523e-26
 1.09859e-41 1.52477e-33 2.55812e-26 5.18782e-20 1.27173e-14 3.76838e-10 1.34977e-06 0.000584404 0.0305854 0.193507 0.15126 0.0971354 0.257904 0.135983 0.095171 0.0317818 0.00548715 0.000574947 2.39596e-05 3.13987e-07 1.06021e-09 7.26052e-13 8.72328e-17 1.68489e-21 4.8386e-27
 1.66582e-41 2.31205e-33 3.87895e-26 7.86642e-20 1.92836e-14 5.71409e-10 2.04669e-06 0.000886147 0.0463774 0.293408 0.226538 0.0711861 0.144527 0.0939796 0.0895637 0.028587 0.00459777 0.000337109 1.03703e-05 1.09716e-07 2.80274e-10 1.43099e-13 1.26787e-17 1.75264e-22 3.54872e-28
 1.33306e-41 1.8502e-33 3.10409e-26 6.29504e-20 1.54315e-14 4.57265e-10 1.63785e-06 0.000709132 0.0371131 0.234813 0.183982 0.110585 0.243149 0.106924 0.0577839 0.0206029 0.00405813 0.00027147 6.24383e-06 4.51508e-08 8.45816e-11 3.19941e-14 2.05992e-18 2.0592e-23 3.00189e-29
 1.11754e-41 1.55107e-33 2.60224e-26 5.2773e-20 1.29367e-14 3.83337e-10 1.37305e-06 0.000594484 0.0311129 0.196861 0.155592 0.111967 0.235395 0.137788 0.103675 0.0238751 0.00292879 0.000204253 4.59139e-06 2.55778e-08 3.25636e-11 8.4251e-15 3.85296e-19 2.76367e-24 2.87905e-30
 8.80317e-42 1.22182e-33 2.04986e-26 4.15708e-20 1.01906e-14 3.01966e-10 1.08159e-06 0.000468292 0.0245086 0.155092 0.124975 0.123705 0.24964 0.159362 0.12355 0.033976 0.00452082 0.000197722 3.35173e-06 1.69236e-08 1.73865e-11 3.18646e-15 9.81546e-20 4.77945e-25 3.45782e-31
 1.41236e-41 1.96027e-33 3.28875e-26 6.66952e-20 1.63495e-14 4.84467e-10 1.73528e-06 0.000751317 0.039321 0.248792 0.195042 0.0946659 0.160048 0.126668 0.101768 0.0286912 0.00406056 0.000188813 2.50647e-06 8.55587e-09 6.82984e-12 1.00802e-15 2.34298e-20 8.05111e-26 3.96956e-32
 9.74437e-42 1.35245e-33 2.26902e-26 4.60153e-20 1.12801e-14 3.34251e-10 1.19723e-06 0.00051836 0.027129 0.171711 0.141583 0.162159 0.272875 0.126342 0.0722186 0.0221417 0.0031716 0.000146753 1.90657e-06 5.47743e-09 3.07698e-12 3.15859e-16 5.44812e-21 1.42481e-26 5.24459e-33
 1.43388e-41 1.99013e-33 3.33885e-26 6.77112e-20 1.65986e-14 4.91847e-10 1.76171e-06 0.000762762 0.03992 0.252607 0.199939 0.107761 0.161198 0.136295 0.0843775 0.0153871 0.001674 7.58108e-05 9.28352e-07 2.42517e-09 1.15566e-12 9.02115e-17 1.09001e-21 1.96929e-27 5.14324e-34
 1.0024e-41 1.39126e-33 2.33413e-26 4.73356e-20 1.16038e-14 3.43841e-10 1.23158e-06 0.000533233 0.0279075 0.176695 0.149365 0.183554 0.261188 0.121169 0.0622428 0.0158279 0.00147285 4.30008e-05 4.26621e-07 9.77938e-10 3.99378e-13 2.58666e-17 2.47947e-22 3.36298e-28 6.28022e-35
 1.29163e-41 1.7927e-33 3.00763e-26 6.0994e-20 1.4952e-14 4.43054e-10 1.58695e-06 0.000687094 0.0359599 0.227612 0.18472 0.132618 0.18146 0.151577 0.0733541 0.011065 0.000918657 2.61403e-05 1.83625e-07 2.97276e-10 9.55097e-14 5.01571e-18 3.86265e-23 4.13943e-29 5.98624e-36
 1.4133e-41 1.96156e-33 3.29093e-26 6.67393e-20 1.63604e-14 4.84787e-10 1.73643e-06 0.000751814 0.0393472 0.2491 0.204855 0.159237 0.187288 0.101465 0.0476522 0.00964813 0.000639944 1.2809e-05 7.58448e-08 9.44271e-11 2.10179e-14 7.82953e-19 4.50836e-24 3.70859e-30 4.13438e-37
 1.12851e-41 1.5663e-33 2.62779e-26 5.3291e-20 1.30637e-14 3.871e-10 1.38653e-06 0.00060032 0.0314188 0.199046 0.172685 0.196849 0.225492 0.122609 0.0444977 0.00637358 0.000418548 7.88908e-06 3.3995e-08 3.11814e-11 5.29749e-15 1.43498e-19 5.75248e-25 3.296e-31 2.62199e-38
 1.37696e-41 1.91113e-33 3.20632e-26 6.50234e-20 1.59397e-14 4.72323e-10 1.69178e-06 0.000732485 0.0383358 0.242792 0.203307 0.160471 0.179118 0.126103 0.0436565 0.00523458 0.000244171 3.62764e-06 1.36082e-08 9.73947e-12 1.18332e-15 2.30601e-20 6.75855e-26 2.80075e-32 1.57543e-39
 1.35605e-41 1.8821e-33 3.15762e-26 6.40359e-20 1.56976e-14 4.6515e-10 1.66609e-06 0.00072136 0.037754 0.239252 0.207174 0.19398 0.188067 0.0967742 0.0319801 0.00412837 0.000165325 1.77976e-06 4.78297e-09 2.65549e-12 2.53361e-16 3.68287e-21 7.70861e-27 2.25848e-33 9.05089e-41
 1.18839e-41 1.64941e-33 2.76723e-26 5.61188e-20 1.37569e-14 4.07641e-10 1.4601e-06 0.000632175 0.0330868 0.20988 0.190489 0.214049 0.206707 0.112677 0.0294909 0.00288007 0.0001052 1.00173e-06 2.02702e-09 7.85591e-13 5.3305e-17 5.7349e-22 9.01095e-28 1.95541e-34 5.67049e-42
 1.06437e-41 1.47727e-33 2.47843e-26 5.02621e-20 1.23212e-14 3.65099e-10 1.30772e-06 0.0005662 0.0296345 0.188192 0.178252 0.221271 0.217375 0.129559 0.0322988 0.00277486 7.56038e-05 5.60104e-07 9.35222e-10 2.82878e-13 1.38413e-17 1.03544e-22 1.13569e-28 1.75535e-35 3.69094e-43
 1.04415e-41 1.44922e-33 2.43136e-26 4.93076e-20 1.20872e-14 3.58165e-10 1.28289e-06 0.000555447 0.0290723 0.184789 0.178887 0.220881 0.217226 0.133212 0.0325889 0.00272227 6.40385e-05 3.63619e-07 4.43605e-10 1.01314e-13 3.80782e-18 2.13681e-23 1.69362e-29 1.84006e-36 2.68902e-44
 1.26782e-41 1.75965e-33 2.95218e-26 5.98695e-20 1.46763e-14 4.34886e-10 1.55769e-06 0.000674427 0.035299 0.224078 0.204519 0.199797 0.192481 0.113438 0.027389 0.00227068 5.21694e-05 2.74144e-07 2.84221e-10 5.20065e-14 1.55048e-18 7.03317e-24 4.58397e-30 4.1051e-37 4.89545e-45
#pred catch len freq
 2.55536e-27 2.56773e-27 1.55491e-26 2.74053e-20 6.71807e-15 1.99069e-10 7.1303e-07 0.000308715 0.016157 0.102215 0.0786772 0.0395294 0.245604 0.227605 0.0637071 0.0887233 0.0380593 0.0291074 0.0177548 0.0134121 0.0104829 0.00905206 0.00908296 0.0080599 0.00246127
 2.557e-27 2.57249e-27 1.98868e-26 3.65563e-20 8.96132e-15 2.6554e-10 9.5112e-07 0.000411799 0.0215521 0.136345 0.104702 0.0372055 0.209641 0.195535 0.0787166 0.130618 0.0444061 0.0185398 0.00823718 0.00466195 0.00296613 0.00219369 0.00195221 0.00173474 0.000580784
 2.5593e-27 2.57833e-27 2.46113e-26 4.65214e-20 1.14042e-14 3.37926e-10 1.21039e-06 0.000524054 0.0274271 0.173512 0.133125 0.0399018 0.210189 0.195063 0.0609119 0.0903491 0.0355703 0.0219478 0.00703765 0.00219077 0.000920879 0.000517676 0.000381502 0.000318995 0.000110664
 2.5579e-27 2.57434e-27 2.08865e-26 3.86628e-20 9.47773e-15 2.80842e-10 1.00593e-06 0.000435529 0.022794 0.144202 0.110786 0.0425226 0.245829 0.22774 0.0629339 0.0865236 0.0311732 0.0157012 0.00621326 0.00229326 0.000521333 0.000163321 8.48733e-05 6.11658e-05 2.10287e-05
 2.55801e-27 2.57484e-27 2.15189e-26 3.99976e-20 9.80492e-15 2.90537e-10 1.04066e-06 0.000450564 0.0235809 0.14918 0.114557 0.0406502 0.228931 0.212619 0.0688502 0.103757 0.0353719 0.014694 0.00502454 0.00171456 0.000485269 9.35651e-05 2.29922e-05 1.18539e-05 3.82638e-06
 2.55912e-27 2.57762e-27 2.37715e-26 4.4749e-20 1.09697e-14 3.25051e-10 1.16428e-06 0.000504088 0.0263822 0.166901 0.128107 0.0417796 0.228006 0.211328 0.0606975 0.0855195 0.0303209 0.0143257 0.00450375 0.00124379 0.000304155 6.40411e-05 9.16569e-06 2.14192e-06 5.77261e-07
 2.5591e-27 2.57739e-27 2.33864e-26 4.39359e-20 1.07703e-14 3.19145e-10 1.14312e-06 0.000494928 0.0259028 0.163869 0.125815 0.0432825 0.241053 0.223116 0.0582737 0.0769135 0.0260159 0.010524 0.0034652 0.00102278 0.000208665 3.66818e-05 4.93488e-06 5.17643e-07 8.14965e-08
 2.55944e-27 2.57828e-27 2.41365e-26 4.55182e-20 1.11582e-14 3.30639e-10 1.18429e-06 0.000512753 0.0268357 0.16977 0.130321 0.0432863 0.237915 0.22022 0.057767 0.0764247 0.0249091 0.00859122 0.00258702 0.000683297 0.000148109 2.33221e-05 2.56826e-06 1.96206e-07 1.31437e-08
 2.5601e-27 2.57993e-27 2.54812e-26 4.83545e-20 1.18535e-14 3.51241e-10 1.25809e-06 0.000544703 0.0285078 0.180349 0.138408 0.0438608 0.236606 0.218802 0.0537284 0.0675455 0.0218283 0.0072264 0.00203443 0.000455575 8.66038e-05 1.34667e-05 1.35889e-06 8.19892e-08 3.02713e-09
 2.56187e-27 2.58462e-27 2.95138e-26 5.68611e-20 1.39388e-14 4.13032e-10 1.47941e-06 0.000640529 0.033523 0.212076 0.162631 0.0436195 0.217751 0.201203 0.0469926 0.0565731 0.0178827 0.00529325 0.00144927 0.000306001 5.05489e-05 6.67906e-06 6.33213e-07 3.42901e-08 9.12889e-10
 2.56091e-27 2.58186e-27 2.69325e-26 5.14152e-20 1.26038e-14 3.73474e-10 1.33772e-06 0.000579182 0.0303123 0.191764 0.147152 0.0455851 0.243584 0.224773 0.0463052 0.0490523 0.0153021 0.00423 0.0011089 0.000212054 3.31053e-05 3.85796e-06 3.06001e-07 1.5054e-08 3.45545e-10
 2.56139e-27 2.58322e-27 2.81795e-26 5.4046e-20 1.32487e-14 3.92583e-10 1.40617e-06 0.000608817 0.0318633 0.201576 0.154631 0.0447528 0.231996 0.214215 0.0469133 0.0530605 0.0159585 0.00341028 0.00083972 0.00014821 2.12113e-05 2.25803e-06 1.57579e-07 6.47918e-09 1.31688e-10
 2.56296e-27 2.58739e-27 3.17939e-26 6.16705e-20 1.51178e-14 4.47967e-10 1.60454e-06 0.000694706 0.0363584 0.230014 0.176339 0.0443577 0.213738 0.197194 0.0407766 0.0433616 0.0132055 0.00310958 0.000732013 0.000102643 1.32865e-05 1.28248e-06 8.02298e-08 2.86659e-09 4.88602e-11
 2.56132e-27 2.58279e-27 2.75672e-26 5.27535e-20 1.29319e-14 3.83195e-10 1.37254e-06 0.000594257 0.0311013 0.196756 0.150984 0.0468885 0.250811 0.231117 0.0415671 0.0366055 0.0108638 0.00213294 0.000494642 7.30438e-05 8.28666e-06 6.59716e-07 3.67186e-08 1.16108e-09 1.70211e-11
 2.55973e-27 2.57865e-27 2.40933e-26 4.54256e-20 1.11355e-14 3.29966e-10 1.18188e-06 0.00051171 0.0267811 0.169425 0.130106 0.0463501 0.261383 0.24127 0.050574 0.054565 0.0158941 0.00252399 0.000537912 6.84524e-05 7.74973e-06 5.89271e-07 2.68189e-08 7.29185e-10 9.36142e-12
 2.56082e-27 2.58168e-27 2.68394e-26 5.12189e-20 1.25557e-14 3.72048e-10 1.33261e-06 0.00057697 0.0301965 0.191032 0.146584 0.0450049 0.239569 0.221248 0.0489684 0.0559688 0.0167085 0.00333781 0.000721558 7.50122e-05 7.34221e-06 5.0796e-07 2.22963e-08 5.0912e-10 5.49234e-12
 2.56216e-27 2.58513e-27 2.96888e-26 5.72292e-20 1.40291e-14 4.15706e-10 1.48899e-06 0.000644675 0.03374 0.213449 0.163714 0.04585 0.233964 0.215667 0.0405723 0.0382266 0.0113632 0.00223926 0.000500327 6.19926e-05 5.78932e-06 3.25315e-07 1.24848e-08 2.67018e-10 2.47605e-12
 2.56217e-27 2.58504e-27 2.95108e-26 5.68535e-20 1.3937e-14 4.12977e-10 1.47921e-06 0.000640443 0.0335185 0.212048 0.162658 0.0467 0.241174 0.222143 0.0385006 0.0318537 0.00915662 0.00130222 0.000267455 3.26483e-05 3.31193e-06 2.03218e-07 6.62502e-09 1.1936e-10 1.0073e-12
 2.56299e-27 2.58731e-27 3.1545e-26 6.11449e-20 1.49889e-14 4.44149e-10 1.59087e-06 0.000688785 0.0360485 0.228053 0.174867 0.045896 0.226479 0.208632 0.0370187 0.0318698 0.00907876 0.0011331 0.000212211 1.94911e-05 1.78457e-06 1.12843e-07 4.04715e-09 6.68334e-11 4.70756e-13
 2.56203e-27 2.58462e-27 2.90954e-26 5.5977e-20 1.37221e-14 4.0661e-10 1.45641e-06 0.000630569 0.0330017 0.208779 0.16017 0.0472388 0.247023 0.227443 0.0376848 0.0286562 0.00814823 0.00101975 0.000187962 1.51221e-05 1.14505e-06 5.67465e-08 1.97877e-09 3.51062e-11 2.38246e-13
 2.56401e-27 2.59005e-27 3.39673e-26 6.62549e-20 1.62416e-14 4.81267e-10 1.72382e-06 0.000746347 0.0390611 0.247112 0.189409 0.0452191 0.21111 0.194439 0.034299 0.0292389 0.00826604 0.00092094 0.000162521 1.30902e-05 9.42901e-07 3.88511e-08 1.05289e-09 1.67599e-11 1.1852e-13
 2.56432e-27 2.59076e-27 3.4457e-26 6.72873e-20 1.64947e-14 4.88767e-10 1.75068e-06 0.000757978 0.0396698 0.250963 0.192366 0.0462671 0.217008 0.199587 0.0298698 0.0178536 0.00500767 0.000547864 9.44982e-05 6.72093e-06 4.53252e-07 1.81721e-08 4.28881e-10 5.3203e-12 3.2088e-14
 2.56365e-27 2.58898e-27 3.29043e-26 6.4012e-20 1.56918e-14 4.64975e-10 1.66546e-06 0.000721081 0.0377388 0.238747 0.183041 0.0464956 0.225298 0.2073 0.0323904 0.0216509 0.00601051 0.000519778 7.96193e-05 5.6418e-06 3.6426e-07 1.29658e-08 2.90753e-10 3.248e-12 1.56152e-14
 2.56518e-27 2.59311e-27 3.65443e-26 7.16907e-20 1.75741e-14 5.20752e-10 1.86525e-06 0.000807581 0.0422659 0.267386 0.204895 0.0455266 0.20257 0.186293 0.0280464 0.0170387 0.00471354 0.000394859 5.79839e-05 3.28921e-06 1.81492e-07 6.26647e-09 1.28296e-10 1.30943e-12 5.74429e-15
 2.56508e-27 2.5928e-27 3.62375e-26 7.10435e-20 1.74154e-14 5.16051e-10 1.84841e-06 0.00080029 0.0418843 0.264972 0.203058 0.0459559 0.207127 0.190415 0.027275 0.0142444 0.00391408 0.000306041 4.28133e-05 2.35724e-06 1.18648e-07 3.23148e-09 5.94702e-11 5.65466e-13 2.24691e-15
 2.56449e-27 2.59118e-27 3.47908e-26 6.79914e-20 1.66673e-14 4.93881e-10 1.769e-06 0.000765909 0.0400849 0.253589 0.194374 0.0464651 0.217104 0.199606 0.0286129 0.0149796 0.00409631 0.000283756 3.58799e-05 1.85663e-06 8.77072e-08 2.24809e-09 3.47965e-11 2.73801e-13 9.98761e-16
 2.56386e-27 2.58947e-27 3.32677e-26 6.47784e-20 1.58796e-14 4.70542e-10 1.6854e-06 0.000729715 0.0381907 0.241605 0.185232 0.047005 0.227635 0.209305 0.029997 0.0156928 0.00428489 0.00028514 3.44673e-05 1.60215e-06 6.61951e-08 1.56486e-09 2.26308e-11 1.56451e-13 4.68078e-16
 2.56412e-27 2.59017e-27 3.38976e-26 6.61071e-20 1.62054e-14 4.80194e-10 1.71997e-06 0.000744683 0.038974 0.246561 0.189012 0.0467524 0.223057 0.205096 0.0295275 0.0156814 0.00427965 0.000277791 3.26873e-05 1.46334e-06 5.61853e-08 1.1583e-09 1.48306e-11 9.4099e-14 2.53324e-16
#obs catch len freq
 5.02088e-42 6.96865e-34 1.16914e-26 2.37098e-20 5.81219e-15 1.72226e-10 6.16885e-07 0.00026709 0.0139784 0.0884327 0.0682504 0.0398732 0.218465 0.186469 0.143633 0.143307 0.0644628 0.0259707 0.00605878 0.000788168 4.23838e-05 6.79478e-07 2.42311e-09 1.55998e-12 1.5871e-16
 5.77056e-42 8.00916e-34 1.3437e-26 2.725e-20 6.68003e-15 1.97941e-10 7.08994e-07 0.00030697 0.0160656 0.101637 0.0784459 0.0437387 0.223251 0.18158 0.142699 0.130554 0.0561936 0.0206631 0.00435566 0.000487759 2.1294e-05 2.61972e-07 6.89721e-10 3.20678e-13 2.3283e-17
 1.08559e-41 1.50673e-33 2.52785e-26 5.12642e-20 1.25668e-14 3.72378e-10 1.3338e-06 0.000577488 0.0302234 0.191203 0.146886 0.0452856 0.181881 0.14093 0.113406 0.0949979 0.0390558 0.0129154 0.00240183 0.000227926 8.00687e-06 7.53355e-08 1.46236e-10 4.90424e-14 2.53798e-18
 1.11681e-41 1.55005e-33 2.60054e-26 5.27383e-20 1.29282e-14 3.83086e-10 1.37215e-06 0.000594094 0.0310925 0.196703 0.151427 0.0584345 0.237853 0.164229 0.0767102 0.0541886 0.021328 0.00633126 0.00102532 8.05874e-05 2.24286e-06 1.60403e-08 2.29332e-11 5.55078e-15 2.04844e-19
 7.88301e-42 1.09411e-33 1.8356e-26 3.72255e-20 9.1254e-15 2.70402e-10 9.68537e-07 0.000419343 0.0219467 0.138845 0.107512 0.0648051 0.273605 0.1844 0.116315 0.0711154 0.0166816 0.0037924 0.000527124 3.37797e-05 7.30305e-07 3.92094e-09 4.11063e-12 7.17874e-16 1.89138e-20
 1.26113e-41 1.75036e-33 2.93659e-26 5.95534e-20 1.45988e-14 4.3259e-10 1.54947e-06 0.000670866 0.0351104 0.222121 0.170833 0.0529884 0.17275 0.122259 0.124737 0.0751136 0.0197983 0.00332125 0.000281538 1.36209e-05 2.25133e-07 8.94706e-10 6.81215e-13 8.54647e-17 1.6061e-21
 1.03935e-41 1.44256e-33 2.42019e-26 4.90809e-20 1.20316e-14 3.56518e-10 1.27699e-06 0.000552893 0.0289362 0.183064 0.141708 0.0737302 0.260173 0.153502 0.0858451 0.0506179 0.018434 0.00320534 0.000223013 6.5299e-06 7.20084e-08 2.06231e-10 1.12839e-13 1.00903e-17 1.34573e-22
 1.28053e-41 1.77729e-33 2.98178e-26 6.04699e-20 1.48235e-14 4.39247e-10 1.57331e-06 0.000681189 0.0356507 0.225542 0.173954 0.0643577 0.192152 0.12363 0.115929 0.054128 0.0117345 0.00207503 0.000160304 3.82933e-06 2.63301e-08 4.70864e-11 1.75293e-14 1.1001e-18 1.03363e-23
 1.14751e-41 1.59266e-33 2.67202e-26 5.41881e-20 1.32836e-14 3.93616e-10 1.40987e-06 0.000610425 0.0319472 0.202116 0.156739 0.0799786 0.239905 0.134484 0.0942594 0.0456211 0.0126744 0.00157038 9.11778e-05 2.11365e-06 1.19597e-08 1.40792e-11 3.227e-15 1.3046e-19 8.29579e-25
 1.51059e-41 2.0966e-33 3.51749e-26 7.13339e-20 1.74867e-14 5.18162e-10 1.85597e-06 0.000803572 0.0420558 0.266064 0.20529 0.069472 0.170997 0.103871 0.0943704 0.0377439 0.00821893 0.00105762 5.29776e-05 8.74064e-07 4.08875e-09 3.91719e-12 6.38679e-16 1.66569e-20 6.69264e-26
 1.54906e-41 2.14999e-33 3.60706e-26 7.31504e-20 1.7932e-14 5.31357e-10 1.90323e-06 0.000824035 0.0431267 0.272843 0.211158 0.0831585 0.197176 0.0986042 0.0619858 0.0247561 0.00576036 0.000579611 2.45161e-05 3.40592e-07 1.15272e-09 8.19258e-13 1.03737e-16 2.03329e-21 5.74215e-27
 1.15486e-41 1.60287e-33 2.68915e-26 5.45355e-20 1.33687e-14 3.9614e-10 1.41891e-06 0.000614338 0.032152 0.203423 0.159405 0.103898 0.253793 0.129018 0.0868408 0.0262068 0.00424029 0.000393289 1.39388e-05 1.49561e-07 3.97164e-10 2.07603e-13 1.86665e-17 2.65864e-22 5.57458e-28
 1.72564e-41 2.39508e-33 4.01824e-26 8.14891e-20 1.99761e-14 5.91928e-10 2.12019e-06 0.00091797 0.0480429 0.303947 0.234936 0.074802 0.140288 0.0901823 0.080098 0.0231528 0.00340615 0.000218646 5.7689e-06 4.95298e-08 9.89328e-11 3.8438e-14 2.54047e-18 2.58553e-23 3.81892e-29
 1.39611e-41 1.93771e-33 3.25091e-26 6.59279e-20 1.61614e-14 4.78893e-10 1.71532e-06 0.000742673 0.0388686 0.245925 0.193171 0.116541 0.234505 0.098776 0.0513704 0.0169529 0.00297102 0.000171049 3.31458e-06 1.94662e-08 2.84848e-11 8.16776e-15 3.91394e-19 2.87575e-24 3.05466e-30
 1.18826e-41 1.64923e-33 2.76693e-26 5.61128e-20 1.37554e-14 4.07597e-10 1.45995e-06 0.000632107 0.033082 0.209326 0.16595 0.1187 0.228599 0.131733 0.0908986 0.0188159 0.00213117 0.000128394 2.37393e-06 1.0575e-08 1.04777e-11 2.05552e-15 6.98757e-20 3.67841e-25 2.78935e-31
 9.49085e-42 1.31727e-33 2.20999e-26 4.48181e-20 1.09866e-14 3.25554e-10 1.16608e-06 0.000504873 0.0264231 0.167216 0.135346 0.132051 0.244294 0.154341 0.109132 0.027375 0.00319249 0.00011993 1.7036e-06 6.81047e-09 5.37932e-12 7.44149e-16 1.70322e-20 6.08497e-26 3.20121e-32
 1.49937e-41 2.08103e-33 3.49136e-26 7.08041e-20 1.73568e-14 5.14313e-10 1.84219e-06 0.000797603 0.0417434 0.264126 0.20746 0.0988256 0.153487 0.120734 0.0873586 0.0225649 0.00279074 0.000109414 1.18592e-06 3.22154e-09 1.97821e-12 2.19068e-16 3.77003e-21 9.50204e-27 3.4094e-33
 1.05047e-41 1.45798e-33 2.44606e-26 4.96056e-20 1.21602e-14 3.6033e-10 1.29064e-06 0.000558803 0.0292457 0.185125 0.153428 0.170213 0.261169 0.117879 0.0625526 0.0175648 0.00217727 8.46615e-05 8.86646e-07 1.99234e-09 8.56497e-13 6.60035e-17 8.41039e-22 1.60867e-27 4.3051e-34
 1.5273e-41 2.1198e-33 3.5564e-26 7.21231e-20 1.76801e-14 5.23895e-10 1.87651e-06 0.000812462 0.0425211 0.269078 0.213424 0.11129 0.153436 0.127265 0.0694817 0.011533 0.00111451 4.21554e-05 4.12657e-07 8.35841e-10 3.01955e-13 1.76001e-17 1.56956e-22 2.07263e-28 3.9266e-35
 1.08624e-41 1.50763e-33 2.52937e-26 5.12951e-20 1.25744e-14 3.72602e-10 1.3346e-06 0.000577836 0.0302419 0.191501 0.162711 0.190474 0.247285 0.111611 0.0526455 0.0119811 0.000946773 2.3336e-05 1.86132e-07 3.28697e-10 1.0112e-13 4.86382e-18 3.4286e-23 3.39559e-29 4.60381e-36
 1.38935e-41 1.92832e-33 3.23516e-26 6.56083e-20 1.60831e-14 4.76572e-10 1.707e-06 0.000739073 0.0386804 0.244852 0.199264 0.136388 0.172954 0.139316 0.0591396 0.00807061 0.000580955 1.35387e-05 7.5663e-08 9.47785e-11 2.28943e-14 8.89011e-19 5.0156e-24 3.9133e-30 4.10159e-37
 1.50875e-41 2.09405e-33 3.5132e-26 7.12471e-20 1.74654e-14 5.17531e-10 1.85371e-06 0.000802594 0.0420049 0.265955 0.219348 0.161285 0.173695 0.0910094 0.0386307 0.00687695 0.000383627 6.36707e-06 2.97996e-08 2.83904e-11 4.74536e-15 1.30639e-19 5.49528e-25 3.28034e-31 2.64326e-38
 1.22206e-41 1.69614e-33 2.84563e-26 5.77088e-20 1.41466e-14 4.1919e-10 1.50147e-06 0.000650086 0.0340235 0.215593 0.187808 0.200584 0.211419 0.109788 0.0353516 0.00452759 0.000251166 3.82156e-06 1.29405e-08 9.08347e-12 1.15359e-15 2.30393e-20 6.74646e-26 2.80238e-32 1.60721e-39
 1.478e-41 2.05137e-33 3.4416e-26 6.97949e-20 1.71094e-14 5.06983e-10 1.81593e-06 0.000786236 0.0411491 0.26065 0.218811 0.161867 0.167904 0.111268 0.0338559 0.00356536 0.000140083 1.69147e-06 4.93782e-09 2.68149e-12 2.43143e-16 3.48793e-21 7.45176e-27 2.23755e-33 9.08177e-41
 1.45425e-41 2.0184e-33 3.38628e-26 6.86731e-20 1.68344e-14 4.98834e-10 1.78674e-06 0.000773599 0.0404882 0.256639 0.222836 0.194022 0.173314 0.084299 0.0247732 0.00276038 9.14994e-05 7.94315e-07 1.66336e-09 6.99006e-13 4.95365e-17 5.28981e-22 8.06937e-28 1.71175e-34 4.9421e-42
 1.286e-41 1.78488e-33 2.99451e-26 6.0728e-20 1.48868e-14 4.41122e-10 1.58003e-06 0.000684098 0.0358047 0.2272 0.206803 0.214969 0.192606 0.0975472 0.0224212 0.00190572 5.74966e-05 4.34975e-07 6.80253e-10 1.9926e-13 1.00311e-17 7.90595e-23 9.03053e-29 1.41786e-35 2.96442e-43
 1.16076e-41 1.61106e-33 2.70288e-26 5.48139e-20 1.3437e-14 3.98162e-10 1.42615e-06 0.000617475 0.0323187 0.205336 0.19501 0.223266 0.20499 0.112166 0.0244568 0.00179702 4.02681e-05 2.3719e-07 3.04092e-10 6.91162e-14 2.50499e-18 1.37252e-23 1.09309e-29 1.21949e-36 1.84388e-44
 1.14141e-41 1.58421e-33 2.65784e-26 5.39004e-20 1.3213e-14 3.91527e-10 1.40238e-06 0.000607185 0.03178 0.20189 0.190758 0.215867 0.209314 0.120374 0.027313 0.00205253 4.23518e-05 2.05878e-07 2.10542e-10 3.96907e-14 1.22007e-18 5.5694e-24 3.57499e-30 3.13286e-37 3.6798e-45
#spawning biomass
 15571 13459.4 17244.1 24781.9 30883.1 36712.8 44131.6 50606.3 56951.8 72714.8 95274.4 113121 149629 174802 176544 157826 142565 133760 135525 130251 132371 137978 152451 154566 173966 181641 163944 132420 104530 151136 149489 122177 95861.1 76851.7 64663.1 57380.4 53229.2 50939.9 49707.3 49055.3 48715 48539.2 48448.8 48402.2 48379 48367.4 48361.7 48358.8 48357.3 48356.6 48356.2 48356.1 48356 48355.9 48355.9 48355.9 48355.9 48355.9 48355.9 48355.9 48355.9 48355.9 48355.9 48355.9 48355.9 48355.9 48355.9 48355.9 48355.9 48355.9 48355.9 48355.9 48355.9 48355.9 48355.9 48355.9 48355.9 48355.9 48355.9 48355.9 48355.9 48355.9 48355.9 48355.9 48355.9 48355.9 48355.9 48355.9 48355.9 48355.9 48355.9 48355.9 48355.9 48355.9 48355.9 48355.9 48355.9 48355.9 48355.9 48355.9 48355.9 48355.9 48355.9 48355.9 48355.9 48355.9 48355.9 48355.9 48355.9 48355.9 48355.9 48355.9 48355.9 48355.9 48355.9 48355.9 48355.9 48355.9 48355.9 48355.9 48355.9 48355.9 48355.9 48355.9 48355.9 48355.9 48355.9 48355.9 0 0 0 0 0 0 0 0 0 0 0 0 0 0 0 0 0 0 0 0 0 0 0 0 0
