SBPRF35
0.224663
Curr Bio
42494.8
B35
182417
F35
0.340719
FOFL
0
OFL
0
Bzero
64189.3
#pred survey bio
 6233.01 7509.33 8111.19 7329.79 8995.51 12393.1 14189.6 15824.9 26852.2 45888.4 66376.3 80894.2 113383 141841 154421 129774 118172 112671 109180 118240 122262 125414 132406 140780 161707 158697 157079 139871 2.95752e+06 3.29574e+06 2.75997e+06 2.06918e+06 1.54806e+06 1.21671e+06 1.02257e+06 913459 853251 820130 801764 791419 785468 781964 779849 778538 777716 777192 776853 776630 776484 776386 776321 776277 776248 776228 776214 776205 776199 776195 776192 776191 776189 776188 776188 776187 776187 776187 776187 776187 776187 776187 776187 776187 776187 776187 776187 776187 776187 776187 776187 776187 776187 776187 776187 776187 776187 776187 776187 776187 776187 776187 776187 776187 776187 776187 776187 776187 776187 776187 776187 776187 776187 776187 776187 776187 776187 776187 776187 776187 776187 776187 776187 776187 776187 776187 776187 776187 776187 776187 776187 776187 776187 776187 776187 776187 776187 776187 776187 776187 0 0 0 0 0 0 0 0 0 0 0 0 0 0 0 0 0 0 0 0 0 0 0 0 0
#obs survey bio
 5613.93 8532.38 8273.83 6741.26 9747.14 11005.1 15414.2 18330.2 36899.7 50248.4 78183.4 70055.7 134912 173880 129950 135496 160337 116110 121266 111224 90769.8 129200 205154 126199 240425 201860 143926 116933
#pred catch bio
 3711.63 5286.15 6257.69 5566.9 6345.86 9030.62 11066.3 11394.8 18222.2 31549.8 49836.9 59173.8 82922.5 99693 117693 98282.8 89517.1 86171.9 79537 88427.2 92292.4 92221.9 95744.6 98363.3 118018 110841 115352 110413 0 37730 30560.3 22261.4 16249.8 12558 10482.3 9375.5 8804.78 8516.91 8373.83 8303.42 8269 8252.26 8244.14 8240.21 8238.31 8237.4 8236.96 8236.75 8236.65 8236.6 8236.58 8236.57 8236.56 8236.56 8236.56 8236.56 8236.56 8236.56 8236.56 8236.56 8236.56 8236.56 8236.56 8236.56 8236.56 8236.56 8236.56 8236.56 8236.56 8236.56 8236.56 8236.56 8236.56 8236.56 8236.56 8236.56 8236.56 8236.56 8236.56 8236.56 8236.56 8236.56 8236.56 8236.56 8236.56 8236.56 8236.56 8236.56 8236.56 8236.56 8236.56 8236.56 8236.56 8236.56 8236.56 8236.56 8236.56 8236.56 8236.56 8236.56 8236.56 8236.56 8236.56 8236.56 8236.56 8236.56 8236.56 8236.56 8236.56 8236.56 8236.56 8236.56 8236.56 8236.56 8236.56 8236.56 8236.56 8236.56 8236.56 8236.56 8236.56 8236.56 8236.56 8236.56 8236.56 8236.56 8236.56 8236.56 0 0 0 0 0 0 0 0 0 0 0 0 0 0 0 0 0 0 0 0 0 0 0 0 0
#obs catch bio
 5344.89 5274.8 6274.97 5627.37 6137.69 8990.38 11151.7 11233.6 17612.6 30615.6 48556.9 59524.9 82021.2 97306.2 117608 98285.1 89446.9 86732 79909 88929 93497.1 92495.5 93765.9 98822.2 116608 110038 115194 110837
#pred cpue bio
 5835.56 6763.02 7347.69 6610.19 7957.27 11078.5 12766.2 14037.5 23556.3 40674.9 59316.7 71999.1 100447 126975 140483 117976 106792 101668 98238.3 106601 109985 112772 119454 127188 145937 144120 143475 127297 2.65088e+06 3.31186e+06 2.74763e+06 2.04958e+06 1.52768e+06 1.19627e+06 1.00212e+06 893010 832803 799681 781315 770970 765020 761515 759400 758089 757268 756744 756404 756182 756035 755937 755872 755828 755799 755779 755766 755757 755751 755747 755744 755742 755741 755740 755739 755739 755739 755738 755738 755738 755738 755738 755738 755738 755738 755738 755738 755738 755738 755738 755738 755738 755738 755738 755738 755738 755738 755738 755738 755738 755738 755738 755738 755738 755738 755738 755738 755738 755738 755738 755738 755738 755738 755738 755738 755738 755738 755738 755738 755738 755738 755738 755738 755738 755738 755738 755738 755738 755738 755738 755738 755738 755738 755738 755738 755738 755738 755738 755738 755738 0 0 0 0 0 0 0 0 0 0 0 0 0 0 0 0 0 0 0 0 0 0 0 0 0
#obs cpue bio
 5977.56 7102.78 6568.07 5761.31 16321.7 10575 10274.6 16554.9 34652.5 56448.3 73732.4 59860.6 117822 164954 147654 113563 78446.1 87209 79007.8 106254 116309 109855 126124 105642 143206 116939 158271 140604
#pred surv len freq
 2.14636e-27 2.17451e-27 6.73308e-27 1.55985e-21 9.27702e-17 1.26847e-12 3.98744e-09 2.88174e-06 0.000478796 0.0182897 0.160621 0.324297 0.15092 0.0264362 0.0637403 0.089424 0.0362929 0.0289292 0.0257084 0.0173455 0.0146016 0.0126397 0.0130533 0.0121264 0.00509315
 2.14874e-27 2.18156e-27 7.53748e-27 1.83282e-21 1.09005e-16 1.49045e-12 4.68523e-09 3.38603e-06 0.000562584 0.0214903 0.188729 0.381047 0.177208 0.0278092 0.0550226 0.076821 0.0281623 0.013932 0.0110294 0.00586481 0.00405613 0.0028674 0.00245921 0.00207495 0.000860798
 2.14776e-27 2.1793e-27 7.30282e-27 1.75321e-21 1.0427e-16 1.42571e-12 4.48172e-09 3.23895e-06 0.000538147 0.0205569 0.180531 0.364497 0.169627 0.0297114 0.0716249 0.10012 0.0351234 0.0124391 0.00865335 0.00320803 0.00155115 0.000803617 0.000511469 0.000358634 0.00014078
 2.14811e-27 2.18022e-27 7.4052e-27 1.78795e-21 1.06336e-16 1.45396e-12 4.57054e-09 3.30314e-06 0.000548813 0.0209643 0.184109 0.37172 0.172949 0.029236 0.0665457 0.0930037 0.0332254 0.0136748 0.00961921 0.00290397 0.000977361 0.000316541 0.000121571 6.00628e-05 2.07005e-05
 2.14971e-27 2.18416e-27 7.82206e-27 1.92936e-21 1.14746e-16 1.56895e-12 4.93202e-09 3.56438e-06 0.000592217 0.0226223 0.19867 0.401118 0.18649 0.0279072 0.0495736 0.069061 0.024504 0.0095619 0.00671163 0.00218719 0.000761606 0.000185042 3.83775e-05 9.77267e-06 2.47327e-06
 2.14883e-27 2.18198e-27 7.58712e-27 1.84964e-21 1.10005e-16 1.50413e-12 4.72825e-09 3.41712e-06 0.000567749 0.0216876 0.190462 0.384546 0.17887 0.0290073 0.0612837 0.085518 0.0296498 0.00936137 0.00619496 0.00196516 0.0006774 0.000171674 3.00427e-05 3.8127e-06 4.80372e-07
 2.14829e-27 2.18066e-27 7.44947e-27 1.80296e-21 1.07229e-16 1.46616e-12 4.60891e-09 3.33087e-06 0.000553419 0.0211402 0.185655 0.37484 0.174394 0.0292942 0.0659604 0.0921471 0.0325012 0.0120524 0.00822758 0.00234079 0.000690134 0.000168057 2.9202e-05 3.12926e-06 2.01571e-07
 2.14948e-27 2.18359e-27 7.76106e-27 1.90866e-21 1.13515e-16 1.55212e-12 4.87912e-09 3.52615e-06 0.000585865 0.0223796 0.196539 0.396815 0.184511 0.028182 0.0525474 0.0732443 0.0258707 0.00971663 0.00671263 0.00206264 0.00065921 0.000145251 2.21735e-05 2.24546e-06 1.20238e-07
 2.15031e-27 2.18562e-27 7.97458e-27 1.98109e-21 1.17823e-16 1.61102e-12 5.06426e-09 3.65995e-06 0.000608096 0.0232288 0.203997 0.411872 0.19145 0.027584 0.0443589 0.061678 0.0214586 0.00701711 0.00467977 0.00145205 0.000479366 0.000113244 1.75826e-05 1.60434e-06 7.71685e-08
 2.14951e-27 2.18364e-27 7.76228e-27 1.90906e-21 1.13539e-16 1.55245e-12 4.88013e-09 3.52688e-06 0.000585987 0.0223843 0.19658 0.396898 0.184561 0.0284734 0.0543018 0.0756677 0.0260557 0.00764068 0.0048891 0.00141401 0.000425951 0.000101097 1.64692e-05 1.56279e-06 7.19902e-08
 2.14886e-27 2.18205e-27 7.59599e-27 1.85266e-21 1.10185e-16 1.50658e-12 4.73595e-09 3.42268e-06 0.000568674 0.021723 0.190772 0.385172 0.179155 0.0288938 0.0604024 0.0842959 0.0294994 0.0101941 0.0068109 0.00187007 0.000509004 0.000111055 1.69781e-05 1.63681e-06 7.82002e-08
 2.1492e-27 2.1829e-27 7.68669e-27 1.88343e-21 1.12015e-16 1.5316e-12 4.81461e-09 3.47953e-06 0.000578119 0.0220838 0.193941 0.391569 0.182099 0.028513 0.0561496 0.0783104 0.027506 0.00983632 0.00668623 0.00198172 0.000598662 0.000125043 1.71794e-05 1.52472e-06 7.10392e-08
 2.14957e-27 2.1838e-27 7.78205e-27 1.91578e-21 1.13939e-16 1.55791e-12 4.8973e-09 3.53929e-06 0.000588048 0.022463 0.197272 0.398294 0.185197 0.0282262 0.052372 0.0729774 0.0255107 0.00873198 0.00587988 0.00177667 0.000561349 0.000126757 1.8441e-05 1.54155e-06 6.55089e-08
 2.14871e-27 2.18168e-27 7.55503e-27 1.83876e-21 1.09358e-16 1.49528e-12 4.70042e-09 3.39701e-06 0.000564408 0.02156 0.189341 0.382283 0.177828 0.0291181 0.0626425 0.0874361 0.0303697 0.00976286 0.00644287 0.0019036 0.000586614 0.000135532 2.0971e-05 1.87233e-06 7.96857e-08
 2.14727e-27 2.17815e-27 7.18402e-27 1.71292e-21 1.01874e-16 1.39294e-12 4.37873e-09 3.16452e-06 0.000525781 0.0200845 0.176383 0.356121 0.165771 0.0301226 0.07666 0.107244 0.0380418 0.0147968 0.0102264 0.00293436 0.000860249 0.000193428 2.97122e-05 2.7584e-06 1.24485e-07
 2.14737e-27 2.17841e-27 7.21592e-27 1.72376e-21 1.02518e-16 1.40176e-12 4.40644e-09 3.18454e-06 0.000529107 0.0202115 0.177499 0.358374 0.166796 0.0296974 0.0733849 0.102676 0.0370825 0.0165353 0.0118929 0.00375547 0.00124255 0.000275356 4.04038e-05 3.67514e-06 1.6846e-07
 2.14793e-27 2.17979e-27 7.36167e-27 1.7732e-21 1.05459e-16 1.44196e-12 4.53282e-09 3.27588e-06 0.000544283 0.0207912 0.18259 0.368652 0.171531 0.0292525 0.0675708 0.0944658 0.0339662 0.0146833 0.0105983 0.00362198 0.00134101 0.000330104 5.25861e-05 4.71522e-06 2.09765e-07
 2.14805e-27 2.18008e-27 7.39042e-27 1.78294e-21 1.06038e-16 1.44988e-12 4.55773e-09 3.29388e-06 0.000547274 0.0209055 0.183593 0.370678 0.17247 0.0293184 0.0673626 0.0941451 0.0334862 0.0133287 0.00943098 0.00317036 0.00118034 0.000316985 5.71214e-05 5.65259e-06 2.60837e-07
 2.1483e-27 2.18069e-27 7.45432e-27 1.80461e-21 1.07327e-16 1.46751e-12 4.61314e-09 3.33393e-06 0.000553927 0.0211596 0.185825 0.375184 0.174547 0.0291477 0.0649627 0.090757 0.0322206 0.0126289 0.00885282 0.00283836 0.000998122 0.000265018 4.99086e-05 5.48555e-06 2.81245e-07
 2.14812e-27 2.18025e-27 7.40819e-27 1.78896e-21 1.06397e-16 1.45478e-12 4.57313e-09 3.30501e-06 0.000549123 0.0209761 0.184213 0.37193 0.173049 0.0292965 0.0668513 0.0934214 0.0331941 0.0130971 0.00918711 0.00292204 0.00100458 0.000253676 4.57935e-05 5.12803e-06 2.83264e-07
 2.14832e-27 2.18074e-27 7.45992e-27 1.80651e-21 1.0744e-16 1.46905e-12 4.61799e-09 3.33744e-06 0.00055451 0.0211819 0.186021 0.375579 0.174728 0.0291115 0.0646225 0.090281 0.0321009 0.0127381 0.00894986 0.00285435 0.000982145 0.000244602 4.24961e-05 4.55035e-06 2.50022e-07
 2.14835e-27 2.18081e-27 7.46686e-27 1.80886e-21 1.0758e-16 1.47097e-12 4.624e-09 3.34178e-06 0.000555231 0.0212095 0.186263 0.376068 0.174956 0.0291551 0.0647415 0.0904369 0.0319974 0.0121929 0.00849023 0.00271499 0.000938035 0.000234052 4.03725e-05 4.20257e-06 2.22052e-07
 2.14806e-27 2.1801e-27 7.391e-27 1.78313e-21 1.0605e-16 1.45004e-12 4.55822e-09 3.29424e-06 0.000547333 0.0209077 0.183613 0.370718 0.172491 0.0293814 0.0677354 0.094664 0.0335865 0.0130944 0.00914327 0.00286302 0.000965039 0.000240727 4.16516e-05 4.31734e-06 2.23705e-07
 2.14794e-27 2.17981e-27 7.36215e-27 1.77335e-21 1.05468e-16 1.44209e-12 4.53322e-09 3.27617e-06 0.000544331 0.0207931 0.182606 0.368685 0.171551 0.029369 0.0682725 0.0954396 0.0341102 0.0140903 0.00998072 0.00316511 0.00107698 0.000263616 4.48024e-05 4.63664e-06 2.39703e-07
 2.14805e-27 2.18008e-27 7.3918e-27 1.78341e-21 1.06066e-16 1.45027e-12 4.55894e-09 3.29476e-06 0.000547419 0.020911 0.183642 0.370777 0.172511 0.0291891 0.0665439 0.0930142 0.0334025 0.0143039 0.01025 0.00336083 0.00119225 0.00029628 5.03116e-05 5.12076e-06 2.62164e-07
 2.14746e-27 2.17862e-27 7.2361e-27 1.73059e-21 1.02925e-16 1.40731e-12 4.42391e-09 3.19717e-06 0.000531205 0.0202917 0.178203 0.359795 0.167457 0.0298063 0.0736215 0.102975 0.0367042 0.0148545 0.0105436 0.00352602 0.00129027 0.000332838 5.85869e-05 6.02265e-06 3.05895e-07
 2.14691e-27 2.1773e-27 7.09974e-27 1.68435e-21 1.00175e-16 1.36971e-12 4.30571e-09 3.11175e-06 0.000517012 0.0197495 0.173441 0.350182 0.163019 0.0299703 0.07752 0.108523 0.0393911 0.0181831 0.0132037 0.00428686 0.00152571 0.000401519 7.34567e-05 7.84628e-06 4.07278e-07
 2.14728e-27 2.17821e-27 7.1971e-27 1.71738e-21 1.02139e-16 1.39657e-12 4.39015e-09 3.17277e-06 0.000527151 0.0201368 0.176843 0.357049 0.166179 0.0295773 0.0730507 0.102228 0.037215 0.0175282 0.0128989 0.00450854 0.0017206 0.000444926 8.06128e-05 8.8555e-06 4.77024e-07
#obs surv len freq
 1.23766e-39 6.05748e-33 6.81597e-27 1.76323e-21 1.04866e-16 1.43385e-12 4.50732e-09 3.25745e-06 0.00054123 0.0206743 0.181562 0.366578 0.170572 0.0292394 0.068117 0.0952508 0.0344421 0.0155016 0.0113285 0.00401609 0.00159984 0.000463147 9.76217e-05 1.26706e-05 8.39957e-07
 1.31506e-39 6.43633e-33 7.24226e-27 1.8735e-21 1.11424e-16 1.52353e-12 4.78922e-09 3.46118e-06 0.00057508 0.0219673 0.192917 0.389504 0.181134 0.0282428 0.0551232 0.0769183 0.0277434 0.0122669 0.00890583 0.00308351 0.00119581 0.000340167 7.00777e-05 8.86198e-06 5.71347e-07
 1.16271e-39 5.69068e-33 6.40324e-27 1.65646e-21 9.85157e-17 1.34702e-12 4.23438e-09 3.0602e-06 0.000508456 0.0194224 0.170567 0.344381 0.160368 0.0307879 0.0842597 0.117929 0.04142 0.0148195 0.0102448 0.0035025 0.00133314 0.000369294 7.3949e-05 9.126e-06 5.73353e-07
 1.34444e-39 6.58011e-33 7.40405e-27 1.91536e-21 1.13913e-16 1.55756e-12 4.89621e-09 3.5385e-06 0.000587926 0.022458 0.197226 0.398204 0.185131 0.0275614 0.048341 0.0674102 0.0251012 0.0135501 0.0100284 0.00305512 0.00101092 0.000271005 5.28296e-05 6.32452e-06 3.86624e-07
 1.39029e-39 6.80449e-33 7.65652e-27 1.98067e-21 1.17798e-16 1.61067e-12 5.06317e-09 3.65916e-06 0.000607975 0.0232239 0.203952 0.411783 0.191409 0.0275663 0.0442786 0.0615621 0.021368 0.00683626 0.00466317 0.00179567 0.000735579 0.000180306 3.13002e-05 3.5833e-06 2.1246e-07
 1.26506e-39 6.1916e-33 6.96688e-27 1.80227e-21 1.07188e-16 1.4656e-12 4.60711e-09 3.32957e-06 0.000553213 0.021132 0.185581 0.374694 0.174339 0.0296378 0.0681025 0.0951069 0.0327308 0.00953561 0.00608172 0.0017491 0.000555168 0.000162092 3.15088e-05 3.32222e-06 1.8227e-07
 1.2666e-39 6.19912e-33 6.97535e-27 1.80446e-21 1.07318e-16 1.46738e-12 4.61271e-09 3.33362e-06 0.000553885 0.0211577 0.185807 0.375149 0.174527 0.0290397 0.0643143 0.089871 0.032301 0.0139016 0.00977359 0.00268114 0.000726366 0.000161221 2.79703e-05 3.27696e-06 1.81424e-07
 1.41864e-39 6.94325e-33 7.81266e-27 2.02106e-21 1.202e-16 1.64352e-12 5.16642e-09 3.73378e-06 0.000620373 0.0236974 0.208111 0.420179 0.195267 0.0269426 0.0379406 0.0526695 0.0187955 0.00767904 0.00546558 0.00183051 0.00064051 0.0001362 1.88835e-05 1.814e-06 9.93194e-08
 1.42027e-39 6.95124e-33 7.82165e-27 2.02339e-21 1.20338e-16 1.64541e-12 5.17236e-09 3.73808e-06 0.000621087 0.0237247 0.20835 0.420663 0.195505 0.0273123 0.0400512 0.0555782 0.0189221 0.0048464 0.00299345 0.000973964 0.000348882 8.98711e-05 1.46458e-05 1.26651e-06 5.67219e-08
 1.35337e-39 6.62379e-33 7.45319e-27 1.92807e-21 1.1467e-16 1.5679e-12 4.92871e-09 3.56199e-06 0.000591829 0.0226071 0.198536 0.400848 0.186383 0.0283772 0.0525248 0.0731484 0.0249696 0.00660286 0.00402699 0.00104152 0.000262654 6.39542e-05 1.14047e-05 1.15777e-06 5.32486e-08
 1.32409e-39 6.4805e-33 7.29197e-27 1.88636e-21 1.12189e-16 1.53398e-12 4.82209e-09 3.48493e-06 0.000579027 0.0221181 0.194241 0.392177 0.182383 0.0285997 0.0564961 0.0787827 0.0274568 0.00912202 0.00600184 0.00157173 0.00038325 7.33122e-05 9.94543e-06 9.93624e-07 5.09431e-08
 1.35362e-39 6.62502e-33 7.45458e-27 1.92843e-21 1.14691e-16 1.56819e-12 4.92962e-09 3.56265e-06 0.000591939 0.0226113 0.198573 0.400922 0.186406 0.0280469 0.0504856 0.0703289 0.024718 0.00888865 0.00603929 0.00175898 0.0005126 0.000100438 1.2102e-05 9.37893e-07 4.17048e-08
 1.33711e-39 6.54421e-33 7.36365e-27 1.90491e-21 1.13292e-16 1.54906e-12 4.86949e-09 3.51919e-06 0.000584719 0.0223355 0.19615 0.396032 0.184158 0.0284061 0.0541527 0.0754755 0.0262279 0.00847448 0.00561826 0.00170467 0.000539287 0.000119009 1.63976e-05 1.24244e-06 4.62743e-08
 1.28449e-39 6.28671e-33 7.07391e-27 1.82995e-21 1.08834e-16 1.48811e-12 4.67789e-09 3.38072e-06 0.000561711 0.0214567 0.188432 0.38045 0.176981 0.0291159 0.0631822 0.088214 0.030877 0.0106941 0.00718471 0.00206878 0.000614109 0.0001412 2.15957e-05 1.85172e-06 7.30621e-08
 1.16396e-39 5.69677e-33 6.4101e-27 1.65823e-21 9.86212e-17 1.34847e-12 4.23892e-09 3.06348e-06 0.000509001 0.0194432 0.17075 0.34475 0.160532 0.0306043 0.0830281 0.116231 0.0413599 0.0165055 0.0115224 0.00343411 0.00105612 0.000232797 3.46524e-05 3.16742e-06 1.38962e-07
 1.26562e-39 6.19433e-33 6.96996e-27 1.80306e-21 1.07235e-16 1.46624e-12 4.60915e-09 3.33104e-06 0.000553457 0.0211413 0.185663 0.374859 0.174376 0.0285894 0.0616532 0.0861905 0.0319462 0.0168027 0.0124705 0.00401387 0.00136966 0.00031525 4.74434e-05 4.22939e-06 1.89058e-07
 1.23126e-39 6.02618e-33 6.78076e-27 1.75412e-21 1.04324e-16 1.42644e-12 4.48403e-09 3.24062e-06 0.000538433 0.0205675 0.180623 0.364684 0.169709 0.0295561 0.0706209 0.0987392 0.0351102 0.013958 0.0100428 0.00381321 0.00156457 0.000397784 6.56737e-05 6.07455e-06 2.71117e-07
 1.27887e-39 6.25919e-33 7.04294e-27 1.82194e-21 1.08358e-16 1.4816e-12 4.65741e-09 3.36592e-06 0.000559252 0.0213627 0.187607 0.378784 0.176196 0.0287276 0.0613136 0.0856541 0.0309684 0.0139167 0.0100437 0.00324346 0.00119071 0.000352151 6.92107e-05 7.14161e-06 3.40085e-07
 1.24557e-39 6.0962e-33 6.85954e-27 1.7745e-21 1.05536e-16 1.44301e-12 4.53613e-09 3.27827e-06 0.000544689 0.0208064 0.182722 0.368921 0.171662 0.0294058 0.0684265 0.0956432 0.0339892 0.0134373 0.00952648 0.00328414 0.00123564 0.000322389 6.27054e-05 7.51666e-06 4.0973e-07
 1.26222e-39 6.1777e-33 6.95125e-27 1.79822e-21 1.06947e-16 1.46231e-12 4.59677e-09 3.3221e-06 0.000551971 0.0210846 0.185165 0.373853 0.173927 0.0290158 0.0645591 0.0902214 0.0324834 0.0141717 0.0101647 0.00326399 0.00115668 0.000312377 5.89277e-05 6.73409e-06 3.94656e-07
 1.2753e-39 6.24169e-33 7.02325e-27 1.81685e-21 1.08055e-16 1.47746e-12 4.64439e-09 3.35651e-06 0.000557689 0.021303 0.187083 0.377726 0.175713 0.0289001 0.0626859 0.0875658 0.0313343 0.0130715 0.00935542 0.00317107 0.00117 0.000298866 5.45298e-05 6.18085e-06 3.52152e-07
 1.25789e-39 6.15649e-33 6.92738e-27 1.79205e-21 1.0658e-16 1.45729e-12 4.58099e-09 3.31069e-06 0.000550076 0.0210122 0.184529 0.372569 0.17334 0.0291878 0.0659963 0.0922269 0.0329124 0.0134435 0.00954727 0.00315891 0.00115289 0.000307082 5.63896e-05 6.14474e-06 3.42153e-07
 1.26484e-39 6.1905e-33 6.96564e-27 1.80195e-21 1.07169e-16 1.46534e-12 4.6063e-09 3.32898e-06 0.000553115 0.0211283 0.185548 0.374627 0.174285 0.0290163 0.0643288 0.0898895 0.0322648 0.0137678 0.00985327 0.00321975 0.00115104 0.000300866 5.56736e-05 6.18094e-06 3.38608e-07
 1.2526e-39 6.13059e-33 6.89824e-27 1.78451e-21 1.06131e-16 1.45116e-12 4.56172e-09 3.29677e-06 0.000547762 0.0209238 0.183753 0.371002 0.172616 0.0291854 0.0664539 0.0928846 0.0333155 0.0141421 0.0101429 0.00339891 0.00124472 0.0003215 5.82443e-05 6.42946e-06 3.5572e-07
 1.26311e-39 6.18207e-33 6.95617e-27 1.79949e-21 1.07023e-16 1.46334e-12 4.60003e-09 3.32445e-06 0.000552362 0.0210995 0.185296 0.374117 0.174049 0.0289914 0.0643305 0.0898987 0.0323596 0.0140983 0.010161 0.00339663 0.00124913 0.000330102 6.04986e-05 6.58595e-06 3.60235e-07
 1.19239e-39 5.83591e-33 6.56666e-27 1.69873e-21 1.0103e-16 1.3814e-12 4.34245e-09 3.1383e-06 0.000521433 0.0199181 0.17492 0.35317 0.164402 0.0300008 0.0768059 0.107484 0.0385676 0.016422 0.011804 0.00400601 0.00149628 0.000396503 7.35765e-05 8.13564e-06 4.44298e-07
 1.19687e-39 5.85783e-33 6.59133e-27 1.70511e-21 1.0141e-16 1.38659e-12 4.35876e-09 3.15009e-06 0.000523392 0.0199929 0.175578 0.354496 0.164997 0.0295228 0.0734884 0.102878 0.0378999 0.0192346 0.0142599 0.00478124 0.00176932 0.000475094 8.93381e-05 9.97696e-06 5.51852e-07
 1.23399e-39 6.03952e-33 6.79577e-27 1.758e-21 1.04555e-16 1.4296e-12 4.49396e-09 3.24779e-06 0.000539625 0.020613 0.181023 0.365491 0.170064 0.0290734 0.0674306 0.0943161 0.0345493 0.016948 0.0126729 0.0047211 0.00192738 0.000518243 9.74139e-05 1.10167e-05 6.16713e-07
#pred catch len freq
 2.1461e-27 2.17385e-27 6.66236e-27 1.53586e-21 9.13433e-17 1.24896e-12 3.92611e-09 2.83741e-06 0.000471432 0.0180084 0.15815 0.319309 0.14862 0.0266169 0.0663464 0.0931009 0.0376265 0.0295454 0.0261983 0.0176304 0.0148243 0.0128278 0.0132463 0.0123056 0.0051684
 2.1487e-27 2.18145e-27 7.52551e-27 1.82876e-21 1.08763e-16 1.48714e-12 4.67485e-09 3.37853e-06 0.000561337 0.0214427 0.188311 0.380203 0.17682 0.0278883 0.0557602 0.0778558 0.0284639 0.01384 0.0109181 0.00579085 0.00399922 0.00282599 0.00242341 0.00204471 0.000848251
 2.14782e-27 2.17946e-27 7.32026e-27 1.75912e-21 1.04622e-16 1.43052e-12 4.49685e-09 3.24988e-06 0.000539963 0.0206262 0.181141 0.365727 0.170195 0.0296854 0.0710952 0.0993687 0.0347922 0.0121041 0.00837881 0.0030995 0.00149569 0.000774472 0.00049284 0.000345562 0.000135648
 2.14816e-27 2.18033e-27 7.416e-27 1.79161e-21 1.06554e-16 1.45694e-12 4.5799e-09 3.30991e-06 0.000549936 0.0210072 0.184486 0.372481 0.173301 0.029233 0.0662982 0.0926491 0.0330222 0.0133494 0.00935214 0.00281848 0.000946411 0.000306322 0.000117616 5.81062e-05 2.00261e-05
 2.14967e-27 2.18405e-27 7.80983e-27 1.92521e-21 1.145e-16 1.56558e-12 4.92142e-09 3.55672e-06 0.000590944 0.0225737 0.198243 0.400255 0.186094 0.0279712 0.0502238 0.0699739 0.0247768 0.00950532 0.00664424 0.00216119 0.000750997 0.000182368 3.78113e-05 9.6276e-06 2.43653e-06
 2.14882e-27 2.18193e-27 7.58209e-27 1.84794e-21 1.09904e-16 1.50274e-12 4.72388e-09 3.41396e-06 0.000567225 0.0216676 0.190286 0.384191 0.178707 0.029047 0.0616332 0.0860069 0.0297713 0.0092434 0.00608467 0.00192659 0.00066268 0.000167852 2.93659e-05 3.72645e-06 4.69492e-07
 2.14837e-27 2.18085e-27 7.46944e-27 1.80973e-21 1.07632e-16 1.47167e-12 4.62622e-09 3.34338e-06 0.000555498 0.0212197 0.186352 0.376248 0.175043 0.0292534 0.065287 0.0911931 0.0320981 0.0116899 0.00794339 0.00225632 0.000663648 0.000161504 2.80555e-05 3.00613e-06 1.93634e-07
 2.14946e-27 2.18353e-27 7.75374e-27 1.90618e-21 1.13368e-16 1.5501e-12 4.87277e-09 3.52156e-06 0.000585102 0.0223505 0.196283 0.396299 0.184275 0.0282297 0.0529947 0.0738709 0.02604 0.00961399 0.00661288 0.00202843 0.000646868 0.000142454 2.17398e-05 2.20131e-06 1.1787e-07
 2.15024e-27 2.18543e-27 7.95456e-27 1.97429e-21 1.17419e-16 1.60549e-12 5.04689e-09 3.6474e-06 0.000606011 0.0231492 0.203297 0.41046 0.1908 0.0276713 0.0453175 0.0630262 0.0218923 0.00704419 0.00467502 0.00144799 0.000476999 0.000112623 1.74813e-05 1.59494e-06 7.67141e-08
 2.14943e-27 2.18345e-27 7.7417e-27 1.90208e-21 1.13124e-16 1.54677e-12 4.86228e-09 3.51398e-06 0.000583843 0.0223024 0.195861 0.395446 0.183893 0.0285657 0.0553028 0.0770751 0.026503 0.00764934 0.00486801 0.00140559 0.000422444 0.000100204 1.63191e-05 1.5484e-06 7.13253e-08
 2.14888e-27 2.1821e-27 7.60093e-27 1.85433e-21 1.10284e-16 1.50794e-12 4.74023e-09 3.42578e-06 0.000569188 0.0217426 0.190945 0.38552 0.179316 0.0288996 0.0603325 0.0841933 0.029409 0.00998756 0.00664078 0.00182061 0.000494349 0.000107787 1.64735e-05 1.58799e-06 7.58656e-08
 2.14919e-27 2.18287e-27 7.68349e-27 1.88234e-21 1.1195e-16 1.53072e-12 4.81183e-09 3.47752e-06 0.000577785 0.022071 0.193829 0.391343 0.181995 0.0285469 0.0564246 0.0786941 0.0275884 0.00969759 0.00656158 0.00194151 0.0005852 0.000122163 1.67784e-05 1.48896e-06 6.93706e-08
 2.14956e-27 2.18378e-27 7.77885e-27 1.91469e-21 1.13874e-16 1.55702e-12 4.89452e-09 3.53729e-06 0.000587715 0.0224503 0.19716 0.398068 0.185094 0.0282577 0.052632 0.0733405 0.0255917 0.00861141 0.00577068 0.00174065 0.000548748 0.000123842 1.80117e-05 1.50551e-06 6.39752e-08
 2.14865e-27 2.18152e-27 7.53855e-27 1.83316e-21 1.09025e-16 1.49073e-12 4.68612e-09 3.38667e-06 0.000562691 0.0214944 0.188765 0.38112 0.177293 0.0291992 0.0634882 0.0886241 0.0307327 0.00971846 0.00638138 0.00188226 0.000578731 0.000133632 2.06712e-05 1.84539e-06 7.85363e-08
 2.14732e-27 2.17827e-27 7.19703e-27 1.71733e-21 1.02136e-16 1.39653e-12 4.39e-09 3.17267e-06 0.000527134 0.0201362 0.176837 0.357038 0.166194 0.030113 0.0763249 0.106766 0.0377902 0.0144383 0.0099356 0.00284635 0.000832501 0.000187075 2.87277e-05 2.66673e-06 1.20345e-07
 2.14741e-27 2.17852e-27 7.22703e-27 1.72752e-21 1.02742e-16 1.40482e-12 4.41607e-09 3.1915e-06 0.000530264 0.0202557 0.177887 0.359157 0.167158 0.0297014 0.0731734 0.102371 0.0368782 0.0161505 0.0115725 0.00364771 0.00120432 0.000266743 3.91282e-05 3.55873e-06 1.63119e-07
 2.14797e-27 2.17989e-27 7.37209e-27 1.77673e-21 1.05669e-16 1.44483e-12 4.54185e-09 3.28241e-06 0.000545368 0.0208327 0.182954 0.369387 0.171871 0.0292549 0.0673643 0.0941685 0.0337764 0.0143409 0.0103106 0.00351671 0.00129943 0.000319708 5.09163e-05 4.56507e-06 2.03079e-07
 2.14811e-27 2.18021e-27 7.40391e-27 1.78751e-21 1.0631e-16 1.4536e-12 4.56942e-09 3.30233e-06 0.000548677 0.0209591 0.184064 0.371629 0.172909 0.0293061 0.067001 0.0936298 0.0332287 0.0129906 0.00915225 0.00307064 0.00114086 0.000306223 5.51681e-05 5.45886e-06 2.5189e-07
 2.14829e-27 2.18065e-27 7.44977e-27 1.80307e-21 1.07235e-16 1.46625e-12 4.60919e-09 3.33107e-06 0.000553453 0.0211415 0.185666 0.374863 0.1744 0.0291932 0.0653372 0.0912798 0.0323377 0.0124566 0.00869536 0.00278273 0.000976473 0.000259128 4.87866e-05 5.3618e-06 2.74893e-07
 2.14814e-27 2.1803e-27 7.413e-27 1.79059e-21 1.06494e-16 1.45611e-12 4.5773e-09 3.30803e-06 0.000549624 0.0209952 0.184381 0.37227 0.173206 0.0293117 0.066842 0.093403 0.0331154 0.012837 0.00896651 0.00284665 0.000976561 0.000246465 4.44796e-05 4.98046e-06 2.75106e-07
 2.14835e-27 2.18082e-27 7.46801e-27 1.80925e-21 1.07603e-16 1.47128e-12 4.625e-09 3.3425e-06 0.000555351 0.021214 0.186303 0.376149 0.174992 0.029115 0.0644721 0.0900637 0.0319532 0.0124557 0.00871432 0.00277411 0.000952492 0.000237088 4.11792e-05 4.40895e-06 2.42246e-07
 2.14835e-27 2.1808e-27 7.46542e-27 1.80837e-21 1.07551e-16 1.47057e-12 4.62275e-09 3.34087e-06 0.000555081 0.0212037 0.186212 0.375966 0.17491 0.0291891 0.0649795 0.0907676 0.0320483 0.0120015 0.00832058 0.00265583 0.000915642 0.000228341 3.93767e-05 4.09854e-06 2.16549e-07
 2.14803e-27 2.18003e-27 7.38363e-27 1.78063e-21 1.05901e-16 1.44801e-12 4.55183e-09 3.28962e-06 0.000546565 0.0208784 0.183355 0.370198 0.172253 0.0294372 0.0682329 0.0953601 0.0337627 0.0129378 0.00899602 0.00281186 0.000945745 0.000235784 4.07851e-05 4.22715e-06 2.19026e-07
 2.14787e-27 2.17964e-27 7.34314e-27 1.7669e-21 1.05084e-16 1.43684e-12 4.51673e-09 3.26425e-06 0.00054235 0.0207174 0.181941 0.367343 0.170934 0.0294652 0.069264 0.0968319 0.0345318 0.0140242 0.00989555 0.00313246 0.00106361 0.000260201 4.42097e-05 4.57488e-06 2.36503e-07
 2.14804e-27 2.18005e-27 7.38823e-27 1.7822e-21 1.05994e-16 1.44928e-12 4.55584e-09 3.29252e-06 0.000547047 0.0208968 0.183517 0.370524 0.172396 0.0292352 0.0669014 0.0935125 0.0335022 0.0140973 0.0100632 0.00329337 0.0011659 0.000289579 4.91602e-05 5.00312e-06 2.56133e-07
 2.14738e-27 2.17843e-27 7.21583e-27 1.72371e-21 1.02516e-16 1.40172e-12 4.40633e-09 3.18447e-06 0.000529094 0.020211 0.177494 0.358365 0.1668 0.0299092 0.0746804 0.104462 0.0371546 0.0147841 0.0104519 0.00348868 0.00127401 0.000328475 5.78037e-05 5.94163e-06 3.01771e-07
 2.14691e-27 2.1773e-27 7.09872e-27 1.684e-21 1.00154e-16 1.36943e-12 4.30482e-09 3.1111e-06 0.000516905 0.0197454 0.173405 0.350109 0.162987 0.0300175 0.0778297 0.108953 0.0394444 0.0178886 0.0129437 0.00419465 0.00148974 0.000391842 7.16676e-05 7.65455e-06 3.97315e-07
 2.1474e-27 2.1785e-27 7.22686e-27 1.72747e-21 1.0274e-16 1.40478e-12 4.41594e-09 3.19141e-06 0.000530249 0.0202551 0.177882 0.359147 0.167147 0.0295285 0.0721209 0.100908 0.0366321 0.0169354 0.0124166 0.00433121 0.00164964 0.000426365 7.72291e-05 8.48307e-06 4.5695e-07
#obs catch len freq
 1.21957e-39 5.96896e-33 6.71637e-27 1.73746e-21 1.03333e-16 1.4129e-12 4.44145e-09 3.20985e-06 0.000533321 0.0203722 0.178908 0.361221 0.168103 0.0294224 0.0708483 0.0991125 0.0359615 0.0165709 0.0121785 0.00435739 0.00176005 0.000519547 0.000112054 1.49364e-05 1.0238e-06
 1.22802e-39 6.0103e-33 6.76288e-27 1.74949e-21 1.04049e-16 1.42268e-12 4.47221e-09 3.23208e-06 0.000537014 0.0205132 0.180147 0.363723 0.169258 0.0294027 0.0699741 0.0978647 0.0353118 0.0156568 0.0114039 0.00403043 0.00160037 0.000462598 9.73896e-05 1.26316e-05 8.36994e-07
 1.3077e-39 6.4003e-33 7.20172e-27 1.86302e-21 1.10801e-16 1.515e-12 4.76241e-09 3.4418e-06 0.00057186 0.0218443 0.191837 0.387323 0.18013 0.0283694 0.0565529 0.0789303 0.028409 0.0123728 0.00895234 0.00309026 0.00119448 0.000339271 6.98093e-05 8.82177e-06 5.68498e-07
 1.15237e-39 5.64004e-33 6.34626e-27 1.64172e-21 9.76391e-17 1.33504e-12 4.1967e-09 3.03297e-06 0.000503932 0.0192495 0.169049 0.341317 0.158958 0.0309703 0.0862968 0.120795 0.0423579 0.0149337 0.0102808 0.00350427 0.0013294 0.000367701 7.35406e-05 9.0691e-06 5.69521e-07
 1.33787e-39 6.54797e-33 7.36788e-27 1.906e-21 1.13357e-16 1.54995e-12 4.87229e-09 3.52121e-06 0.000585055 0.0223483 0.196263 0.396259 0.184236 0.0276721 0.0496035 0.0691871 0.0256939 0.013661 0.0100835 0.00306398 0.00101015 0.000270359 5.26393e-05 6.2972e-06 3.84777e-07
 1.38464e-39 6.77683e-33 7.62539e-27 1.97262e-21 1.17319e-16 1.60412e-12 5.04258e-09 3.64428e-06 0.000605503 0.0231294 0.203123 0.410109 0.190638 0.0276659 0.0453909 0.063127 0.0218802 0.00689871 0.00468314 0.00179735 0.000734148 0.000179717 3.11566e-05 3.5641e-06 2.11224e-07
 1.2564e-39 6.14919e-33 6.91916e-27 1.78992e-21 1.06453e-16 1.45556e-12 4.57556e-09 3.30676e-06 0.000549424 0.0209873 0.18431 0.372128 0.173159 0.0297907 0.0698095 0.0975083 0.0335154 0.00962693 0.00610933 0.00175271 0.000554133 0.000161515 3.13638e-05 3.30467e-06 1.81215e-07
 1.25925e-39 6.16316e-33 6.93489e-27 1.79399e-21 1.06695e-16 1.45887e-12 4.58596e-09 3.31428e-06 0.000550673 0.021035 0.184729 0.372973 0.173526 0.0291703 0.0657675 0.0919153 0.0329676 0.0139744 0.00979202 0.00268027 0.000723339 0.000160283 2.77675e-05 3.25079e-06 1.79901e-07
 1.41425e-39 6.92176e-33 7.78848e-27 2.01481e-21 1.19828e-16 1.63843e-12 5.15042e-09 3.72222e-06 0.000618453 0.0236241 0.207467 0.418879 0.194669 0.0270207 0.0388094 0.0538917 0.0191942 0.00772326 0.00547675 0.00182889 0.000637885 0.00013547 1.87568e-05 1.80022e-06 9.85123e-08
 1.41589e-39 6.92981e-33 7.79754e-27 2.01715e-21 1.19967e-16 1.64034e-12 5.15642e-09 3.72655e-06 0.000619172 0.0236516 0.207708 0.419367 0.194908 0.0273913 0.0409246 0.0568066 0.0193197 0.00487992 0.00299639 0.000972058 0.000347 8.92557e-05 1.45294e-05 1.25559e-06 5.62011e-08
 1.34769e-39 6.59603e-33 7.42196e-27 1.91999e-21 1.14189e-16 1.56133e-12 4.90805e-09 3.54706e-06 0.000589349 0.0225124 0.197704 0.399168 0.185611 0.0284796 0.053656 0.0747394 0.0254843 0.00664522 0.00403041 0.00104026 0.00026126 6.34975e-05 1.13093e-05 1.14732e-06 5.27457e-08
 1.31724e-39 6.44698e-33 7.25425e-27 1.87661e-21 1.11609e-16 1.52605e-12 4.79715e-09 3.46691e-06 0.000576032 0.0220037 0.193236 0.390149 0.18145 0.0287208 0.0578471 0.0806832 0.0280772 0.00919216 0.00602179 0.00157373 0.000382248 7.30057e-05 9.88913e-06 9.87129e-07 5.0587e-08
 1.34813e-39 6.59816e-33 7.42436e-27 1.92061e-21 1.14226e-16 1.56183e-12 4.90964e-09 3.5482e-06 0.000589539 0.0225196 0.197767 0.399297 0.185658 0.0281458 0.0515795 0.0718675 0.0252167 0.00893276 0.0060444 0.00175612 0.000509925 9.97797e-05 1.20068e-05 9.29699e-07 4.13153e-08
 1.33042e-39 6.5115e-33 7.32685e-27 1.89539e-21 1.12726e-16 1.54132e-12 4.84516e-09 3.5016e-06 0.000581796 0.0222239 0.19517 0.394053 0.183248 0.0285242 0.0554701 0.0773288 0.0268333 0.00854441 0.00563879 0.0017064 0.000537923 0.000118541 1.63134e-05 1.23518e-06 4.59787e-08
 1.27714e-39 6.25073e-33 7.03342e-27 1.81948e-21 1.08211e-16 1.47959e-12 4.65112e-09 3.36137e-06 0.000558497 0.0213338 0.187354 0.378273 0.175979 0.0292468 0.0646373 0.0902609 0.0315436 0.0107644 0.00720146 0.00206857 0.000611752 0.00014044 2.14533e-05 1.83824e-06 7.24967e-08
 1.15542e-39 5.65499e-33 6.36308e-27 1.64607e-21 9.78979e-17 1.33858e-12 4.20783e-09 3.04101e-06 0.000505268 0.0193006 0.169498 0.342222 0.159369 0.03076 0.0847402 0.118639 0.0421372 0.0165632 0.0115202 0.00342476 0.00104946 0.000230991 3.43384e-05 3.13635e-06 1.37536e-07
 1.25826e-39 6.15829e-33 6.92941e-27 1.79257e-21 1.06611e-16 1.45771e-12 4.58233e-09 3.31166e-06 0.000550237 0.0210184 0.184583 0.372678 0.173373 0.0287184 0.0630975 0.0882227 0.0326141 0.0168941 0.0125032 0.00401326 0.00136482 0.000313697 4.71507e-05 4.20015e-06 1.87657e-07
 1.22294e-39 5.98545e-33 6.73492e-27 1.74226e-21 1.03619e-16 1.4168e-12 4.45372e-09 3.21871e-06 0.000534794 0.0204284 0.179402 0.362219 0.168574 0.0297039 0.0722661 0.101054 0.0358663 0.0140456 0.0100668 0.00380981 0.00155856 0.000395726 6.52571e-05 6.03184e-06 2.69081e-07
 1.27083e-39 6.21985e-33 6.99868e-27 1.81049e-21 1.07677e-16 1.47228e-12 4.62814e-09 3.34477e-06 0.000555738 0.0212285 0.186428 0.376404 0.175101 0.0288661 0.0628765 0.0878534 0.0316952 0.0140297 0.0100921 0.00324997 0.00118885 0.000351048 6.8921e-05 7.10724e-06 3.383e-07
 1.23714e-39 6.05493e-33 6.8131e-27 1.76249e-21 1.04822e-16 1.43325e-12 4.50542e-09 3.25608e-06 0.000541002 0.0206656 0.181485 0.366424 0.170513 0.029554 0.0700835 0.0979745 0.0347534 0.0135349 0.00955935 0.00328556 0.00123216 0.000321007 6.23558e-05 7.46967e-06 4.07011e-07
 1.25328e-39 6.13396e-33 6.90202e-27 1.78549e-21 1.0619e-16 1.45195e-12 4.56422e-09 3.29857e-06 0.000548063 0.0209353 0.183854 0.371206 0.172709 0.0291682 0.0662875 0.0926539 0.0332903 0.0143076 0.0102278 0.00327513 0.00115657 0.000311868 5.87619e-05 6.71023e-06 3.93077e-07
 1.26566e-39 6.19452e-33 6.97018e-27 1.80312e-21 1.07238e-16 1.46629e-12 4.60929e-09 3.33114e-06 0.000553474 0.021142 0.185669 0.374871 0.1744 0.0290618 0.0645328 0.0901655 0.0322021 0.0132359 0.00943977 0.00319027 0.00117323 0.000299257 5.45323e-05 6.17664e-06 3.5175e-07
 1.2484e-39 6.11008e-33 6.87515e-27 1.77854e-21 1.05776e-16 1.4463e-12 4.54646e-09 3.28573e-06 0.000545929 0.0208538 0.183138 0.369761 0.172048 0.0293491 0.0678274 0.094804 0.0337679 0.0135894 0.00961629 0.0031726 0.00115397 0.00030691 5.62913e-05 6.12962e-06 3.41148e-07
 1.25363e-39 6.13563e-33 6.90391e-27 1.78598e-21 1.06219e-16 1.45235e-12 4.56547e-09 3.29947e-06 0.000548212 0.020941 0.183904 0.371307 0.172757 0.0291997 0.0664491 0.0928746 0.0332708 0.0139908 0.00997919 0.00325173 0.00115854 0.000302372 5.5884e-05 6.19993e-06 3.39494e-07
 1.24173e-39 6.07742e-33 6.83841e-27 1.76903e-21 1.05211e-16 1.43857e-12 4.52215e-09 3.26817e-06 0.000543011 0.0207423 0.182159 0.367784 0.171135 0.0293652 0.0685212 0.0957948 0.0342919 0.0143439 0.0102524 0.00342567 0.00125038 0.000322488 5.83515e-05 6.43663e-06 3.55953e-07
 1.25168e-39 6.12612e-33 6.89321e-27 1.78321e-21 1.06054e-16 1.4501e-12 4.55839e-09 3.29436e-06 0.000547363 0.0209085 0.183619 0.370731 0.17249 0.0291773 0.0664856 0.092933 0.0333846 0.0143337 0.0102965 0.00343203 0.00125795 0.000331942 6.07633e-05 6.61006e-06 3.61385e-07
 1.17956e-39 5.77312e-33 6.496e-27 1.68045e-21 9.99429e-17 1.36654e-12 4.29573e-09 3.10453e-06 0.000515822 0.0197037 0.173038 0.34937 0.162653 0.0302121 0.0792408 0.110912 0.0397198 0.0166674 0.0119397 0.00404021 0.0015041 0.000397992 7.37638e-05 8.1506e-06 4.44913e-07
 1.18419e-39 5.79581e-33 6.52154e-27 1.68706e-21 1.00336e-16 1.37191e-12 4.31261e-09 3.11674e-06 0.00051785 0.0197812 0.173719 0.350743 0.16327 0.0297256 0.0758572 0.106214 0.0390347 0.0195216 0.0144316 0.00482494 0.00177956 0.00047713 8.96141e-05 1.00007e-05 5.52916e-07
#spawning biomass
 3138.56 2337.06 2317.34 2026.24 2115.51 3088.05 3776.76 3779.96 5730.5 10556.4 16590.5 19710.7 26464.2 35710.7 44886.9 38496.8 33552.8 31222.4 29472.9 32412 32988.4 33536.4 36386.2 39455.7 45285.3 46188.6 48588 42494.8 32726.3 83535.4 105316 79821.9 55583.7 40345.2 31758.6 27178.9 24817.4 23626.3 23034.3 22742.9 22600.5 22531.3 22497.7 22481.4 22473.5 22469.8 22467.9 22467.1 22466.7 22466.5 22466.4 22466.3 22466.3 22466.3 22466.3 22466.3 22466.3 22466.3 22466.3 22466.3 22466.3 22466.3 22466.3 22466.3 22466.3 22466.3 22466.3 22466.3 22466.3 22466.3 22466.3 22466.3 22466.3 22466.3 22466.3 22466.3 22466.3 22466.3 22466.3 22466.3 22466.3 22466.3 22466.3 22466.3 22466.3 22466.3 22466.3 22466.3 22466.3 22466.3 22466.3 22466.3 22466.3 22466.3 22466.3 22466.3 22466.3 22466.3 22466.3 22466.3 22466.3 22466.3 22466.3 22466.3 22466.3 22466.3 22466.3 22466.3 22466.3 22466.3 22466.3 22466.3 22466.3 22466.3 22466.3 22466.3 22466.3 22466.3 22466.3 22466.3 22466.3 22466.3 22466.3 22466.3 22466.3 22466.3 22466.3 22466.3 0 0 0 0 0 0 0 0 0 0 0 0 0 0 0 0 0 0 0 0 0 0 0 0 0
