SBPRF35
0.224663
Curr Bio
56333.2
B35
186461
F35
0.331433
FOFL
0.104709
OFL
15662
Bzero
64189.3
#pred survey bio
 8210.94 8309.28 8181.83 7938.93 10542.4 15063.2 16491.7 19243.7 33551.1 55390.5 75231.3 90866.3 125464 154494 164564 128923 118100 124257 122384 124645 130015 138653 140289 157567 175579 193228 200632 196469 7.44929e+06 4.89425e+06 3.84043e+06 2.75985e+06 1.96989e+06 1.47061e+06 1.17778e+06 1.01258e+06 920977 870334 842126 826179 816985 811563 808289 806264 804996 804188 803665 803324 803098 802949 802849 802782 802737 802706 802686 802672 802663 802657 802652 802650 802648 802646 802645 802645 802644 802644 802644 802644 802644 802644 802644 802644 802644 802644 802644 802644 802644 802644 802644 802644 802644 802644 802644 802644 802644 802644 802644 802644 802644 802644 802644 802644 802644 802644 802644 802644 802644 802644 802644 802644 802644 802644 802644 802644 802644 802644 802644 802644 802644 802644 802644 802644 802644 802644 802644 802644 802644 802644 802644 802644 802644 802644 802644 802644 802644 802644 802644 802644 0 0 0 0 0 0 0 0 0 0 0 0 0 0 0 0 0 0 0 0 0 0 0 0 0
#obs survey bio
 7596.87 7449.6 7710.16 8815 11115.2 14922.3 15207.3 27664.7 46141.4 86875.3 76274.1 103608 159727 127296 111614 123507 99372.8 117402 110377 105643 126035 122592 135148 212986 230412 165111 154215 256562
#pred catch bio
 5041.14 5543.91 5571.35 5292.98 6652.18 10027 11252.7 11663.7 20377.1 35192.2 50676.2 56961.8 80302.9 99076.4 118213 89157.6 77065.3 84686.3 82448.9 84131 86100.4 92503.6 89163.5 99330.5 106780 118159 128412 113795 15662 53847.6 41238.4 28794.5 19958.2 14551.6 11505.4 9873.1 9025.92 8595.4 8379.69 8272.63 8219.85 8193.95 8181.27 8175.07 8172.06 8170.6 8169.89 8169.54 8169.37 8169.29 8169.25 8169.23 8169.22 8169.22 8169.22 8169.21 8169.21 8169.21 8169.21 8169.21 8169.21 8169.21 8169.21 8169.21 8169.21 8169.21 8169.21 8169.21 8169.21 8169.21 8169.21 8169.21 8169.21 8169.21 8169.21 8169.21 8169.21 8169.21 8169.21 8169.21 8169.21 8169.21 8169.21 8169.21 8169.21 8169.21 8169.21 8169.21 8169.21 8169.21 8169.21 8169.21 8169.21 8169.21 8169.21 8169.21 8169.21 8169.21 8169.21 8169.21 8169.21 8169.21 8169.21 8169.21 8169.21 8169.21 8169.21 8169.21 8169.21 8169.21 8169.21 8169.21 8169.21 8169.21 8169.21 8169.21 8169.21 8169.21 8169.21 8169.21 8169.21 8169.21 8169.21 8169.21 8169.21 8169.21 8169.21 8169.21 0 0 0 0 0 0 0 0 0 0 0 0 0 0 0 0 0 0 0 0 0 0 0 0 0
#obs catch bio
 5080.67 5584.73 5653.2 5291.38 6606.68 9985.32 11245.5 11300.8 19741.5 34402.5 50090 55851.2 78091.5 98560.9 121522 91539.2 76657.5 84530.5 83422.9 85799.2 86896.1 91893.3 88766.7 98347.4 103343 117977 130326 113627
#pred cpue bio
 7474.51 7202.09 7112.83 6877.23 8921.29 12857.3 14260.7 16396 28300 47004.4 64404.9 77576.8 107360 133061 143591 112372 102424 107918 105863 107881 112192 120011 121779 136675 152710 169425 176475 172020 6.5936e+06 4.8592e+06 3.80538e+06 2.7248e+06 1.93484e+06 1.43556e+06 1.14273e+06 977527 885928 835285 807077 791131 781936 776514 773240 771215 769947 769139 768617 768275 768050 767900 767800 767733 767688 767658 767637 767624 767614 767608 767604 767601 767599 767598 767597 767596 767596 767596 767595 767595 767595 767595 767595 767595 767595 767595 767595 767595 767595 767595 767595 767595 767595 767595 767595 767595 767595 767595 767595 767595 767595 767595 767595 767595 767595 767595 767595 767595 767595 767595 767595 767595 767595 767595 767595 767595 767595 767595 767595 767595 767595 767595 767595 767595 767595 767595 767595 767595 767595 767595 767595 767595 767595 767595 767595 767595 767595 767595 767595 767595 0 0 0 0 0 0 0 0 0 0 0 0 0 0 0 0 0 0 0 0 0 0 0 0 0
#obs cpue bio
 5947.1 7515.71 5537.36 6812.3 9546.8 14024.5 15423 23008.4 33850.2 39417.1 71904.8 96515 141493 145614 123829 76026.3 151748 118850 87500.9 89952.6 106568 169377 129396 126125 234526 152450 171671 147920
#pred surv len freq
 2.1468e-27 2.17564e-27 6.8542e-27 1.60093e-21 9.52137e-17 1.30188e-12 4.09247e-09 2.95764e-06 0.000491407 0.0187714 0.164852 0.332839 0.154866 0.0263802 0.0608242 0.0852814 0.0344362 0.0269577 0.0239217 0.0161689 0.0136504 0.0118735 0.0123336 0.0115071 0.00484225
 2.14901e-27 2.1822e-27 7.60531e-27 1.85582e-21 1.10373e-16 1.50915e-12 4.74404e-09 3.42853e-06 0.000569646 0.0217601 0.191098 0.38583 0.179413 0.0276473 0.052593 0.0733867 0.026823 0.013024 0.0103125 0.00557727 0.00390027 0.00277669 0.00240014 0.00203763 0.000847679
 2.14826e-27 2.18054e-27 7.43525e-27 1.79813e-21 1.06942e-16 1.46224e-12 4.59657e-09 3.32196e-06 0.000551938 0.0210837 0.185158 0.373837 0.173926 0.0291915 0.0656354 0.0916875 0.0322769 0.0117931 0.0082899 0.00313259 0.00155377 0.000823048 0.000531671 0.000376307 0.000148352
 2.14847e-27 2.18111e-27 7.50047e-27 1.82028e-21 1.08259e-16 1.48025e-12 4.65318e-09 3.36286e-06 0.000558735 0.0213433 0.187438 0.37844 0.17604 0.0288059 0.0618945 0.0864621 0.0311086 0.0135031 0.0096524 0.00304558 0.00109222 0.000366731 0.000146024 7.36826e-05 2.55932e-05
 2.15003e-27 2.18494e-27 7.90591e-27 1.95781e-21 1.16438e-16 1.59209e-12 5.00475e-09 3.61695e-06 0.00060095 0.0229559 0.2016 0.407032 0.18921 0.0275197 0.045425 0.0632274 0.0226311 0.0094623 0.00679542 0.00235425 0.000885329 0.000228557 5.09652e-05 1.36776e-05 3.53958e-06
 2.14942e-27 2.18343e-27 7.74161e-27 1.90206e-21 1.13123e-16 1.54675e-12 4.86223e-09 3.51395e-06 0.000583837 0.0223022 0.195859 0.395442 0.183885 0.0283991 0.0542869 0.0756662 0.0263104 0.00855998 0.00576147 0.00195434 0.000739048 0.000202467 3.86778e-05 5.36317e-06 7.24677e-07
 2.14854e-27 2.18126e-27 7.51271e-27 1.82441e-21 1.08505e-16 1.48361e-12 4.66375e-09 3.3705e-06 0.000560004 0.0213918 0.187864 0.3793 0.176448 0.0290819 0.0633203 0.0884226 0.0311407 0.0114011 0.00779056 0.0023048 0.000733875 0.000195023 3.76663e-05 4.45198e-06 3.18058e-07
 2.14958e-27 2.18384e-27 7.78928e-27 1.91824e-21 1.14085e-16 1.55991e-12 4.90361e-09 3.54385e-06 0.000588805 0.022492 0.197526 0.398807 0.185423 0.0279389 0.0504632 0.0703306 0.025167 0.0104936 0.00744019 0.00233689 0.000775129 0.000180556 3.04466e-05 3.44534e-06 2.05657e-07
 2.15019e-27 2.18534e-27 7.94647e-27 1.97156e-21 1.17256e-16 1.60327e-12 5.0399e-09 3.64235e-06 0.000605171 0.0231171 0.203016 0.409891 0.190533 0.027553 0.0447668 0.0622719 0.021921 0.00800238 0.00555375 0.00187766 0.000687701 0.000169348 2.77883e-05 2.76415e-06 1.48605e-07
 2.14979e-27 2.18434e-27 7.83867e-27 1.93498e-21 1.15081e-16 1.57352e-12 4.94639e-09 3.57477e-06 0.000593943 0.0226882 0.199249 0.402287 0.187037 0.0280665 0.0501933 0.0698988 0.0243163 0.00794396 0.00530265 0.00166532 0.000573271 0.000151334 2.71618e-05 2.74285e-06 1.3624e-07
 2.14922e-27 2.18295e-27 7.69146e-27 1.88505e-21 1.12111e-16 1.53292e-12 4.81875e-09 3.48252e-06 0.000578616 0.0221027 0.194107 0.391906 0.182254 0.0285171 0.0560728 0.0781981 0.0274126 0.00962945 0.00651259 0.00192717 0.000601243 0.000147305 2.60708e-05 2.82266e-06 1.46458e-07
 2.14942e-27 2.18344e-27 7.74509e-27 1.90324e-21 1.13193e-16 1.54772e-12 4.86526e-09 3.51614e-06 0.000584201 0.0223161 0.195981 0.395689 0.183993 0.0282397 0.0532392 0.0742188 0.0262071 0.00981786 0.00677714 0.00208083 0.000671217 0.000154391 2.47211e-05 2.55232e-06 1.359e-07
 2.14927e-27 2.18308e-27 7.7066e-27 1.89019e-21 1.12417e-16 1.5371e-12 4.83189e-09 3.49202e-06 0.000580195 0.022163 0.194637 0.392975 0.182743 0.0283614 0.0548 0.0764192 0.0269855 0.0101165 0.00701336 0.00223111 0.00075889 0.000181067 2.88744e-05 2.75919e-06 1.37221e-07
 2.14883e-27 2.182e-27 7.59213e-27 1.85136e-21 1.10107e-16 1.50552e-12 4.73263e-09 3.42028e-06 0.000568275 0.0217077 0.190638 0.384902 0.179024 0.0287315 0.0594926 0.0830375 0.0293729 0.011172 0.00777218 0.00247558 0.000851259 0.000211361 3.54807e-05 3.4474e-06 1.64661e-07
 2.1479e-27 2.17972e-27 7.352e-27 1.76991e-21 1.05263e-16 1.43929e-12 4.52442e-09 3.26981e-06 0.000543274 0.0207527 0.182251 0.367969 0.171221 0.0294088 0.0687311 0.0960842 0.0343132 0.0140888 0.00998179 0.00320627 0.00111345 0.000278373 4.79377e-05 4.87142e-06 2.3977e-07
 2.148e-27 2.17998e-27 7.38158e-27 1.77995e-21 1.0586e-16 1.44745e-12 4.55008e-09 3.28836e-06 0.000546356 0.0208704 0.183285 0.370056 0.172178 0.0291799 0.0667045 0.0932465 0.0335617 0.0146127 0.0105369 0.00353604 0.00129184 0.000327756 5.71077e-05 5.91643e-06 3.01384e-07
 2.14838e-27 2.18092e-27 7.48091e-27 1.81365e-21 1.07864e-16 1.47485e-12 4.63622e-09 3.35061e-06 0.000556699 0.0212655 0.186755 0.377062 0.175403 0.0288299 0.0624566 0.0872579 0.0314309 0.0137663 0.00998331 0.0034715 0.0013316 0.000354746 6.45435e-05 6.8147e-06 3.53298e-07
 2.14827e-27 2.18064e-27 7.45174e-27 1.80375e-21 1.07276e-16 1.46681e-12 4.61093e-09 3.33233e-06 0.000553662 0.0211495 0.185736 0.375004 0.174457 0.0289625 0.0638864 0.0892671 0.0320568 0.013734 0.00992025 0.00346474 0.00134901 0.000374578 7.21097e-05 7.99905e-06 4.27914e-07
 2.14856e-27 2.18135e-27 7.52662e-27 1.82915e-21 1.08787e-16 1.48746e-12 4.67585e-09 3.37925e-06 0.000561458 0.0214473 0.188351 0.380285 0.17689 0.0287406 0.0609397 0.0851088 0.0305243 0.0129531 0.00932155 0.00321333 0.0012368 0.000346305 6.87541e-05 8.0311e-06 4.52326e-07
 2.14851e-27 2.18122e-27 7.51137e-27 1.82397e-21 1.08479e-16 1.48325e-12 4.66262e-09 3.36969e-06 0.000559869 0.0213866 0.187818 0.379209 0.176397 0.0288601 0.0619938 0.0865837 0.0308987 0.0126247 0.00900601 0.0030854 0.00117585 0.000325131 6.43906e-05 7.69292e-06 4.5198e-07
 2.14873e-27 2.18175e-27 7.56757e-27 1.84304e-21 1.09612e-16 1.49876e-12 4.71136e-09 3.40491e-06 0.000565721 0.0216102 0.189781 0.383172 0.178222 0.0286594 0.0595743 0.083176 0.0297352 0.0123136 0.00878434 0.0029435 0.00109399 0.0002993 5.85535e-05 6.95581e-06 4.14157e-07
 2.1485e-27 2.18119e-27 7.50866e-27 1.82305e-21 1.08424e-16 1.4825e-12 4.66026e-09 3.36798e-06 0.000559586 0.0213758 0.187723 0.379017 0.17631 0.0288948 0.0622636 0.0869609 0.0309901 0.0125238 0.00889615 0.00300213 0.00111716 0.000298963 5.71458e-05 6.69666e-06 3.95926e-07
 2.1483e-27 2.1807e-27 7.45678e-27 1.80545e-21 1.07377e-16 1.46819e-12 4.61528e-09 3.33548e-06 0.000554185 0.0211695 0.185911 0.375359 0.174623 0.0290075 0.0640543 0.0894967 0.0320455 0.0134295 0.00959693 0.00319454 0.00117352 0.000314717 5.95945e-05 6.82625e-06 3.96446e-07
 2.14837e-27 2.18089e-27 7.47858e-27 1.81286e-21 1.07818e-16 1.47421e-12 4.63421e-09 3.34916e-06 0.000556457 0.0212563 0.186674 0.376898 0.175327 0.0288147 0.0624132 0.0872021 0.0314865 0.0140256 0.010175 0.00345874 0.0012937 0.000343405 6.44276e-05 7.33016e-06 4.18697e-07
 2.14817e-27 2.1804e-27 7.42681e-27 1.79529e-21 1.06773e-16 1.45993e-12 4.58931e-09 3.31671e-06 0.000551066 0.0210503 0.184865 0.373246 0.173646 0.0289988 0.0646375 0.0903334 0.032536 0.0142432 0.0103471 0.00364879 0.00142439 0.000386912 7.32243e-05 8.26226e-06 4.67691e-07
 2.14757e-27 2.17893e-27 7.27239e-27 1.74292e-21 1.03658e-16 1.41734e-12 4.45543e-09 3.21995e-06 0.00053499 0.0204362 0.179472 0.362358 0.168626 0.0293794 0.070243 0.0982595 0.0356696 0.0164874 0.0120867 0.00422326 0.00165146 0.000465872 9.17786e-05 1.05439e-05 5.96826e-07
 2.14735e-27 2.17841e-27 7.22014e-27 1.72521e-21 1.02605e-16 1.40294e-12 4.41015e-09 3.18723e-06 0.000529553 0.0202286 0.177648 0.358676 0.166922 0.0293234 0.0710107 0.0993776 0.0365471 0.0183652 0.0137265 0.00495741 0.00199478 0.000562731 0.00011299 1.34921e-05 7.84489e-07
 2.14772e-27 2.17932e-27 7.31644e-27 1.75788e-21 1.04548e-16 1.4295e-12 4.49366e-09 3.24758e-06 0.000539581 0.0206116 0.181012 0.365467 0.17005 0.029022 0.0671235 0.0938888 0.034471 0.0171538 0.0128963 0.00491346 0.00209296 0.000612024 0.000125679 1.52386e-05 9.12154e-07
#obs surv len freq
 1.24327e-39 6.08495e-33 6.84689e-27 1.77122e-21 1.05341e-16 1.44035e-12 4.52776e-09 3.27222e-06 0.000543684 0.0207681 0.182385 0.36824 0.171339 0.0291795 0.0672502 0.0940264 0.0339763 0.0152188 0.0110967 0.00389456 0.00153345 0.000440406 9.2144e-05 1.18884e-05 7.82065e-07
 1.31694e-39 6.44551e-33 7.2526e-27 1.87618e-21 1.11583e-16 1.5257e-12 4.79605e-09 3.46612e-06 0.0005759 0.0219987 0.193192 0.390059 0.181391 0.0282441 0.0549634 0.0766886 0.0276024 0.0120225 0.00869899 0.00300207 0.001157 0.000325453 6.62327e-05 8.30127e-06 5.31416e-07
 1.15852e-39 5.67017e-33 6.38017e-27 1.65049e-21 9.81608e-17 1.34217e-12 4.21913e-09 3.04917e-06 0.000506624 0.0193524 0.169953 0.34314 0.159797 0.0308505 0.0850157 0.118995 0.0418001 0.0149729 0.0103423 0.00350529 0.00132098 0.000363819 7.21327e-05 8.78988e-06 5.46443e-07
 1.34573e-39 6.58642e-33 7.41114e-27 1.91719e-21 1.14023e-16 1.55905e-12 4.9009e-09 3.54189e-06 0.00058849 0.0224796 0.197415 0.398586 0.185306 0.0275336 0.0480564 0.0670105 0.024982 0.0135755 0.0100582 0.00306524 0.00101219 0.000268884 5.18782e-05 6.15074e-06 3.71648e-07
 1.39022e-39 6.80417e-33 7.65616e-27 1.98058e-21 1.17792e-16 1.6106e-12 5.06292e-09 3.65899e-06 0.000607946 0.0232227 0.203942 0.411763 0.1914 0.027571 0.0443129 0.0616097 0.0213746 0.00680607 0.00463912 0.0017941 0.000737556 0.000180718 3.11918e-05 3.53358e-06 2.07312e-07
 1.26967e-39 6.21416e-33 6.99227e-27 1.80883e-21 1.07578e-16 1.47094e-12 4.6239e-09 3.3417e-06 0.000555229 0.021209 0.186258 0.376059 0.174968 0.0295726 0.0672931 0.0939658 0.032325 0.00937452 0.0059683 0.00171233 0.000542253 0.00015887 3.09438e-05 3.25139e-06 1.76853e-07
 1.27305e-39 6.23069e-33 7.01087e-27 1.81365e-21 1.07864e-16 1.47485e-12 4.63621e-09 3.3506e-06 0.000556706 0.0212655 0.186753 0.37706 0.175409 0.0289821 0.0633868 0.0885575 0.0317519 0.0134237 0.00940087 0.00257273 0.000693871 0.000153585 2.66395e-05 3.12733e-06 1.72901e-07
 1.41912e-39 6.94562e-33 7.81532e-27 2.02175e-21 1.20241e-16 1.64408e-12 5.16818e-09 3.73505e-06 0.000620584 0.0237055 0.208182 0.420323 0.195334 0.0269539 0.0379663 0.0527029 0.0187706 0.00755172 0.00534987 0.00177331 0.00061335 0.000129893 1.79308e-05 1.71909e-06 9.41777e-08
 1.4188e-39 6.94402e-33 7.81352e-27 2.02128e-21 1.20213e-16 1.6437e-12 5.16699e-09 3.73419e-06 0.000620441 0.0237001 0.208134 0.420226 0.195303 0.0273348 0.0403208 0.0559581 0.0190558 0.00489512 0.00302392 0.000975358 0.000344935 8.78397e-05 1.41708e-05 1.21898e-06 5.44128e-08
 1.34877e-39 6.60131e-33 7.4279e-27 1.92153e-21 1.1428e-16 1.56258e-12 4.91198e-09 3.5499e-06 0.00058982 0.0225304 0.197862 0.399487 0.185757 0.0284402 0.053319 0.0742686 0.0253748 0.00678518 0.00415613 0.00107643 0.000271532 6.54805e-05 1.15128e-05 1.15529e-06 5.2728e-08
 1.32334e-39 6.47681e-33 7.28781e-27 1.88529e-21 1.12125e-16 1.53311e-12 4.81934e-09 3.48295e-06 0.000578696 0.0221055 0.19413 0.391953 0.18228 0.0285936 0.0565266 0.0788285 0.0275122 0.00926817 0.00612445 0.00161176 0.000396751 7.60772e-05 1.02782e-05 1.01426e-06 5.13546e-08
 1.35538e-39 6.63367e-33 7.46431e-27 1.93095e-21 1.14841e-16 1.57024e-12 4.93606e-09 3.5673e-06 0.000592712 0.0226408 0.198832 0.401446 0.186647 0.0280212 0.0501711 0.0698854 0.024558 0.00881832 0.00599384 0.0017578 0.000517911 0.000102168 1.24042e-05 9.61576e-07 4.23991e-08
 1.32663e-39 6.49292e-33 7.30594e-27 1.88998e-21 1.12404e-16 1.53692e-12 4.83133e-09 3.49161e-06 0.000580136 0.0221605 0.194613 0.392929 0.182729 0.0285541 0.0559912 0.0780676 0.0271516 0.0088474 0.00587965 0.00178386 0.000565213 0.000125664 1.74985e-05 1.33642e-06 4.99809e-08
 1.29166e-39 6.32177e-33 7.11335e-27 1.84016e-21 1.09441e-16 1.49641e-12 4.70397e-09 3.39957e-06 0.000564843 0.0215763 0.189483 0.382571 0.177956 0.0289796 0.0617104 0.0861449 0.0302211 0.0106875 0.00722267 0.00208799 0.000623351 0.000143537 2.20447e-05 1.90671e-06 7.59119e-08
 1.16035e-39 5.67909e-33 6.3902e-27 1.65308e-21 9.83151e-17 1.34428e-12 4.22576e-09 3.05397e-06 0.000507421 0.0193828 0.17022 0.34368 0.16004 0.0306895 0.0838708 0.117413 0.0416887 0.0163473 0.0113809 0.00342869 0.00107117 0.000237595 3.55469e-05 3.26144e-06 1.43986e-07
 1.26458e-39 6.18923e-33 6.96423e-27 1.80158e-21 1.07147e-16 1.46504e-12 4.60536e-09 3.3283e-06 0.000553002 0.021124 0.185511 0.374551 0.174234 0.0285816 0.0616982 0.0862585 0.0320329 0.0170344 0.0126497 0.00403378 0.00136516 0.000317358 4.84307e-05 4.34985e-06 1.95402e-07
 1.23022e-39 6.02109e-33 6.77503e-27 1.75264e-21 1.04236e-16 1.42524e-12 4.48024e-09 3.23788e-06 0.000537978 0.0205501 0.180471 0.364376 0.169566 0.0295654 0.0707702 0.0989501 0.0351905 0.0140078 0.0100921 0.00385808 0.00158794 0.000400749 6.60435e-05 6.17375e-06 2.78497e-07
 1.28523e-39 6.29032e-33 7.07797e-27 1.831e-21 1.08897e-16 1.48896e-12 4.68057e-09 3.38266e-06 0.000562034 0.021469 0.18854 0.380668 0.177064 0.0286518 0.0602828 0.0841983 0.0304171 0.0135912 0.0097984 0.00316611 0.00116555 0.000346492 6.80656e-05 6.99987e-06 3.34737e-07
 1.25181e-39 6.12674e-33 6.8939e-27 1.78339e-21 1.06065e-16 1.45024e-12 4.55885e-09 3.29469e-06 0.000547418 0.0209107 0.183637 0.370769 0.172514 0.0293592 0.067585 0.0944501 0.0334736 0.0129422 0.00912461 0.00313394 0.00117507 0.000306917 5.99309e-05 7.19888e-06 3.91924e-07
 1.25322e-39 6.13365e-33 6.90168e-27 1.7854e-21 1.06184e-16 1.45188e-12 4.56399e-09 3.29841e-06 0.000548035 0.0209342 0.183844 0.371187 0.1727 0.0291472 0.0661647 0.0924851 0.0332906 0.014498 0.0103802 0.00329382 0.00114973 0.000308893 5.81652e-05 6.66239e-06 3.91457e-07
 1.2784e-39 6.25688e-33 7.04034e-27 1.82127e-21 1.08318e-16 1.48105e-12 4.65569e-09 3.36468e-06 0.000559046 0.0213548 0.187538 0.378644 0.176135 0.0288229 0.0619371 0.086516 0.0310408 0.0132079 0.00949077 0.00321254 0.00117965 0.000297527 5.35748e-05 6.04493e-06 3.44518e-07
 1.25863e-39 6.16013e-33 6.93147e-27 1.79311e-21 1.06643e-16 1.45815e-12 4.5837e-09 3.31265e-06 0.000550401 0.0210246 0.184638 0.372789 0.173442 0.0291961 0.0659801 0.0922002 0.0328497 0.0132508 0.00939811 0.00314439 0.0011611 0.000308803 5.61962e-05 6.04333e-06 3.33673e-07
 1.26077e-39 6.17061e-33 6.94327e-27 1.79616e-21 1.06824e-16 1.46063e-12 4.5915e-09 3.31829e-06 0.000551338 0.0210604 0.184953 0.373424 0.173731 0.0290652 0.0649899 0.0908233 0.0326218 0.0139881 0.0100125 0.00325057 0.00115709 0.000305465 5.69363e-05 6.28973e-06 3.40844e-07
 1.26636e-39 6.19795e-33 6.97403e-27 1.80412e-21 1.07298e-16 1.4671e-12 4.61184e-09 3.33299e-06 0.000553781 0.0211537 0.185772 0.375078 0.174493 0.029008 0.0641424 0.0896229 0.0321157 0.013539 0.00969912 0.00325654 0.00119299 0.000306636 5.56088e-05 6.18365e-06 3.42191e-07
 1.26687e-39 6.20044e-33 6.97683e-27 1.80484e-21 1.07341e-16 1.46769e-12 4.6137e-09 3.33433e-06 0.000554003 0.0211622 0.185847 0.375229 0.174563 0.0290097 0.0641074 0.0895723 0.0320825 0.0134766 0.00963563 0.00320767 0.00117521 0.000310759 5.68702e-05 6.18341e-06 3.39483e-07
 1.19345e-39 5.84113e-33 6.57253e-27 1.70025e-21 1.0112e-16 1.38264e-12 4.34634e-09 3.14111e-06 0.000521899 0.0199359 0.175077 0.353486 0.164548 0.0300086 0.0767582 0.107414 0.0385148 0.0163091 0.0116779 0.00388016 0.00141541 0.000372631 6.8957e-05 7.61838e-06 4.15684e-07
 1.19069e-39 5.82758e-33 6.55728e-27 1.69631e-21 1.00886e-16 1.37943e-12 4.33625e-09 3.13382e-06 0.000520688 0.0198896 0.174671 0.352665 0.164153 0.0295926 0.0744663 0.10426 0.0384393 0.0196003 0.0145369 0.00485729 0.00178007 0.000467628 8.62043e-05 9.56311e-06 5.279e-07
 1.22908e-39 6.0155e-33 6.76873e-27 1.75101e-21 1.04139e-16 1.42391e-12 4.47608e-09 3.23487e-06 0.000537479 0.020531 0.180303 0.364037 0.169392 0.0290919 0.0679821 0.0951016 0.0349376 0.0174492 0.0130941 0.0048933 0.00200083 0.000534761 9.88511e-05 1.09436e-05 6.04847e-07
#pred catch len freq
 2.1463e-27 2.17432e-27 6.70995e-27 1.55199e-21 9.2303e-17 1.26208e-12 3.96736e-09 2.86722e-06 0.000476385 0.0181976 0.159812 0.322664 0.150169 0.0265442 0.0648913 0.0910393 0.0367613 0.0287778 0.0255369 0.0172606 0.0145721 0.0126752 0.0131664 0.0122841 0.00516919
 2.1487e-27 2.18143e-27 7.52274e-27 1.82781e-21 1.08707e-16 1.48638e-12 4.67244e-09 3.37679e-06 0.000561048 0.0214317 0.188214 0.380007 0.176729 0.0278675 0.0556924 0.0777601 0.0284215 0.0138002 0.0109271 0.00590965 0.00413271 0.00294217 0.00254318 0.00215907 0.000898198
 2.14794e-27 2.17976e-27 7.35185e-27 1.76984e-21 1.05259e-16 1.43923e-12 4.52425e-09 3.26969e-06 0.000543254 0.0207519 0.182245 0.367956 0.171218 0.0294724 0.069123 0.0966033 0.0340075 0.0124254 0.00873438 0.00330055 0.00163708 0.000867177 0.000560177 0.000396483 0.000156306
 2.14813e-27 2.18029e-27 7.41329e-27 1.7907e-21 1.065e-16 1.4562e-12 4.57758e-09 3.30823e-06 0.000549657 0.0209965 0.184393 0.372292 0.173208 0.0290899 0.0654812 0.0915202 0.0329286 0.014293 0.0102171 0.00322376 0.00115612 0.000388187 0.000154567 7.79933e-05 2.70905e-05
 2.14972e-27 2.18419e-27 7.82642e-27 1.93084e-21 1.14835e-16 1.57016e-12 4.93582e-09 3.56713e-06 0.000592673 0.0226397 0.198823 0.401427 0.186628 0.0277811 0.0487105 0.0678602 0.0242895 0.0101557 0.00729336 0.00252676 0.000950203 0.000245305 5.46997e-05 1.46798e-05 3.79895e-06
 2.14913e-27 2.18271e-27 7.66575e-27 1.87632e-21 1.11592e-16 1.52582e-12 4.79644e-09 3.4664e-06 0.000575937 0.0220004 0.193209 0.390092 0.181421 0.0286692 0.0575485 0.0802617 0.0279085 0.00907989 0.0061114 0.00207304 0.000783935 0.000214764 4.1027e-05 5.68892e-06 7.68691e-07
 2.14823e-27 2.18051e-27 7.43333e-27 1.79748e-21 1.06903e-16 1.46171e-12 4.59491e-09 3.32075e-06 0.000551738 0.021076 0.185091 0.373702 0.17387 0.0293574 0.0666897 0.0931717 0.0328133 0.0120135 0.008209 0.00242859 0.000773292 0.000205497 3.96894e-05 4.69109e-06 3.35141e-07
 2.14921e-27 2.18294e-27 7.69346e-27 1.88574e-21 1.12152e-16 1.53348e-12 4.82052e-09 3.4838e-06 0.000578829 0.0221109 0.194179 0.39205 0.182311 0.0282569 0.0544409 0.0759394 0.0271742 0.0113304 0.00803356 0.00252327 0.000836948 0.000194956 3.28749e-05 3.72012e-06 2.22059e-07
 2.14987e-27 2.18454e-27 7.86181e-27 1.94284e-21 1.15548e-16 1.57991e-12 4.96648e-09 3.58929e-06 0.000596355 0.0227804 0.200058 0.40392 0.187784 0.027845 0.0483488 0.0673205 0.0236983 0.00865121 0.00600404 0.0020299 0.000743459 0.000183079 3.00413e-05 2.98827e-06 1.60654e-07
 2.14948e-27 2.18357e-27 7.75667e-27 1.90717e-21 1.13426e-16 1.5509e-12 4.87529e-09 3.52339e-06 0.000585405 0.0223621 0.196385 0.396504 0.184374 0.0283593 0.053724 0.0748736 0.0260471 0.00850937 0.00568007 0.00178385 0.000614074 0.000162105 2.9095e-05 2.93807e-06 1.45937e-07
 2.14894e-27 2.18224e-27 7.61635e-27 1.85957e-21 1.10596e-16 1.5122e-12 4.75361e-09 3.43545e-06 0.000570795 0.021804 0.191484 0.386609 0.179815 0.028781 0.0592806 0.082719 0.0289975 0.0101862 0.00688911 0.00203858 0.000636004 0.000155821 2.75781e-05 2.98585e-06 1.54925e-07
 2.14907e-27 2.18259e-27 7.65426e-27 1.87243e-21 1.11361e-16 1.52266e-12 4.7865e-09 3.45922e-06 0.000574744 0.0219548 0.192809 0.389284 0.181043 0.0285523 0.0570783 0.0796303 0.028118 0.0105337 0.0072713 0.00223255 0.000720159 0.000165649 2.65237e-05 2.73843e-06 1.45809e-07
 2.14894e-27 2.18225e-27 7.61866e-27 1.86036e-21 1.10642e-16 1.51284e-12 4.75563e-09 3.43691e-06 0.000571037 0.0218132 0.191565 0.386772 0.179887 0.0286634 0.0585131 0.081653 0.0288338 0.0108094 0.00749371 0.00238392 0.000810867 0.000193468 3.0852e-05 2.94817e-06 1.46619e-07
 2.14847e-27 2.18111e-27 7.49841e-27 1.81956e-21 1.08217e-16 1.47967e-12 4.65136e-09 3.36155e-06 0.000558516 0.0213349 0.187365 0.378292 0.175981 0.0290518 0.06344 0.0886019 0.0313413 0.0119206 0.00829302 0.00264147 0.000908305 0.000225525 3.78584e-05 3.67842e-06 1.75696e-07
 2.14764e-27 2.17908e-27 7.28427e-27 1.74693e-21 1.03897e-16 1.4206e-12 4.46568e-09 3.22736e-06 0.000536221 0.0204833 0.179885 0.363192 0.169021 0.0296344 0.0715479 0.100056 0.0357316 0.0146712 0.0103944 0.0033388 0.00115948 0.00028988 4.99193e-05 5.07278e-06 2.49681e-07
 2.14769e-27 2.17922e-27 7.30122e-27 1.75269e-21 1.04239e-16 1.42529e-12 4.48041e-09 3.238e-06 0.000537989 0.0205508 0.180478 0.36439 0.169568 0.0294409 0.0700061 0.0979027 0.0352376 0.0153424 0.0110631 0.00371262 0.00135635 0.000344123 5.99594e-05 6.21187e-06 3.16434e-07
 2.14802e-27 2.18002e-27 7.38635e-27 1.78157e-21 1.05957e-16 1.44877e-12 4.55423e-09 3.29135e-06 0.000546854 0.0208894 0.183452 0.370393 0.172332 0.0291354 0.0663315 0.0927227 0.0333994 0.0146285 0.0106086 0.00368893 0.001415 0.000376964 6.85859e-05 7.24151e-06 3.75425e-07
 2.14796e-27 2.17986e-27 7.36933e-27 1.77579e-21 1.05613e-16 1.44407e-12 4.53946e-09 3.28068e-06 0.00054508 0.0208217 0.182857 0.369192 0.17178 0.0292309 0.0672762 0.0940475 0.0337735 0.0144695 0.0104515 0.00365029 0.00142125 0.000394638 7.59715e-05 8.42743e-06 4.50831e-07
 2.14825e-27 2.18057e-27 7.44381e-27 1.80106e-21 1.07116e-16 1.46462e-12 4.60404e-09 3.32735e-06 0.000552835 0.0211179 0.185459 0.374444 0.1742 0.0290114 0.0643536 0.0899229 0.032251 0.0136858 0.00984884 0.0033951 0.00130676 0.000365895 7.26432e-05 8.48539e-06 4.77913e-07
 2.14819e-27 2.18043e-27 7.42848e-27 1.79585e-21 1.06806e-16 1.46039e-12 4.59074e-09 3.31774e-06 0.000551238 0.0210569 0.184923 0.373363 0.173705 0.0291351 0.0654348 0.0914353 0.0326302 0.0133321 0.00951067 0.00325829 0.00124173 0.00034335 6.79988e-05 8.124e-06 4.77307e-07
 2.1484e-27 2.18093e-27 7.48157e-27 1.81386e-21 1.07877e-16 1.47503e-12 4.63678e-09 3.35101e-06 0.000556766 0.0212681 0.186777 0.377107 0.175428 0.0289439 0.063139 0.0882024 0.0315322 0.0130577 0.0093152 0.00312139 0.0011601 0.000317388 6.2092e-05 7.37618e-06 4.39186e-07
 2.14817e-27 2.18038e-27 7.42209e-27 1.79368e-21 1.06677e-16 1.45862e-12 4.58519e-09 3.31373e-06 0.000550572 0.0210315 0.184699 0.372912 0.173498 0.0291835 0.0658663 0.0920403 0.0328003 0.0132553 0.0094158 0.00317749 0.00118241 0.000316426 6.04838e-05 7.08783e-06 4.19053e-07
 2.1479e-27 2.17972e-27 7.35339e-27 1.77038e-21 1.05291e-16 1.43967e-12 4.52563e-09 3.27069e-06 0.000543419 0.0207583 0.1823 0.368067 0.171265 0.0293483 0.0683322 0.0955288 0.0342055 0.0143347 0.0102438 0.00340986 0.00125262 0.00033593 6.36113e-05 7.28636e-06 4.23167e-07
 2.14797e-27 2.1799e-27 7.374e-27 1.77738e-21 1.05708e-16 1.44536e-12 4.54352e-09 3.28361e-06 0.000545568 0.0208403 0.183021 0.369522 0.17193 0.029151 0.0666894 0.0932333 0.0336643 0.0149957 0.0108788 0.00369797 0.00138318 0.000367157 6.88838e-05 7.83715e-06 4.47657e-07
 2.14772e-27 2.17929e-27 7.30955e-27 1.75552e-21 1.04407e-16 1.42759e-12 4.48763e-09 3.24323e-06 0.000538857 0.020584 0.18077 0.364977 0.169837 0.0293772 0.0694397 0.097106 0.0349754 0.0153111 0.0111229 0.00392236 0.00153119 0.000415921 7.87143e-05 8.88173e-06 5.02756e-07
 2.14709e-27 2.17776e-27 7.1483e-27 1.70083e-21 1.01155e-16 1.38311e-12 4.34782e-09 3.14218e-06 0.000522069 0.0199427 0.175138 0.353607 0.164595 0.0297714 0.0752734 0.105355 0.0382456 0.0176781 0.0129596 0.00452826 0.00177072 0.000499517 9.84066e-05 1.13054e-05 6.39927e-07
 2.14691e-27 2.17734e-27 7.10727e-27 1.68692e-21 1.00328e-16 1.3718e-12 4.31228e-09 3.1165e-06 0.000517801 0.0197797 0.173706 0.350716 0.163255 0.0296658 0.0755 0.105713 0.0388769 0.019536 0.0146015 0.00527344 0.00212195 0.000598604 0.000120193 1.43522e-05 8.34498e-07
 2.14719e-27 2.17803e-27 7.17986e-27 1.71154e-21 1.01792e-16 1.39183e-12 4.37522e-09 3.16199e-06 0.000525359 0.0200684 0.176241 0.355835 0.165613 0.0294356 0.0725516 0.101548 0.0372832 0.0185532 0.0139484 0.00531431 0.0022637 0.000661954 0.000135932 1.64818e-05 9.86569e-07
#obs catch len freq
 1.22085e-39 5.9752e-33 6.72339e-27 1.73928e-21 1.03441e-16 1.41437e-12 4.4461e-09 3.21321e-06 0.000533879 0.0203935 0.179095 0.361599 0.168278 0.0294455 0.0708752 0.0991441 0.0358887 0.0162741 0.0119139 0.00423534 0.00169857 0.000499168 0.000107133 1.41632e-05 9.58572e-07
 1.23394e-39 6.03927e-33 6.79548e-27 1.75793e-21 1.04551e-16 1.42954e-12 4.49377e-09 3.24766e-06 0.000539603 0.0206121 0.181016 0.365476 0.170066 0.0293383 0.0690529 0.0965636 0.0348189 0.0153639 0.0111653 0.00390669 0.00153321 0.000439671 9.188e-05 1.1846e-05 7.78924e-07
 1.30918e-39 6.40755e-33 7.20987e-27 1.86513e-21 1.10926e-16 1.51671e-12 4.7678e-09 3.4457e-06 0.000572508 0.0218691 0.192054 0.387762 0.180334 0.0283759 0.0564609 0.0787961 0.0283025 0.0121435 0.00875654 0.00301286 0.00115733 0.000325053 6.60716e-05 8.27516e-06 5.29505e-07
 1.14845e-39 5.62089e-33 6.32471e-27 1.63614e-21 9.73075e-17 1.3305e-12 4.18245e-09 3.02267e-06 0.000502221 0.0191842 0.168475 0.340158 0.158425 0.0310292 0.0870056 0.121794 0.0427138 0.015076 0.0103703 0.00350431 0.00131621 0.000361955 7.1676e-05 8.72796e-06 5.42347e-07
 1.33918e-39 6.55434e-33 7.37505e-27 1.90786e-21 1.13467e-16 1.55146e-12 4.87703e-09 3.52464e-06 0.000585624 0.0223701 0.196454 0.396645 0.184413 0.0276439 0.049315 0.0687822 0.0255734 0.0136875 0.0101143 0.00307437 0.0010115 0.000268268 5.1696e-05 6.12472e-06 3.69905e-07
 1.38496e-39 6.77843e-33 7.6272e-27 1.97308e-21 1.17347e-16 1.6045e-12 5.04377e-09 3.64515e-06 0.000605646 0.0231349 0.203171 0.410206 0.190683 0.0276647 0.0453545 0.0630749 0.0218519 0.00685685 0.00465102 0.00179268 0.000734855 0.000179819 3.09956e-05 3.50864e-06 2.05752e-07
 1.2617e-39 6.17517e-33 6.9484e-27 1.79748e-21 1.06903e-16 1.46171e-12 4.59489e-09 3.32074e-06 0.000551745 0.0210759 0.185089 0.3737 0.173883 0.0297146 0.068871 0.0961855 0.0330473 0.00944861 0.00598515 0.00171293 0.000540308 0.00015803 3.07482e-05 3.22864e-06 1.75527e-07
 1.26585e-39 6.19546e-33 6.97123e-27 1.80339e-21 1.07255e-16 1.46651e-12 4.60999e-09 3.33165e-06 0.000553559 0.0211452 0.185697 0.374928 0.174428 0.0291103 0.0648119 0.0905622 0.032405 0.0134932 0.00941746 0.0025716 0.000690898 0.000152672 2.6443e-05 3.10196e-06 1.71428e-07
 1.41453e-39 6.92314e-33 7.79003e-27 2.01521e-21 1.19852e-16 1.63876e-12 5.15145e-09 3.72296e-06 0.000618576 0.0236288 0.207508 0.418963 0.194708 0.0270349 0.0388705 0.053975 0.0191871 0.00760296 0.00536607 0.00177355 0.000611441 0.000129324 1.78279e-05 1.7077e-06 9.35039e-08
 1.41398e-39 6.92046e-33 7.78702e-27 2.01443e-21 1.19806e-16 1.63812e-12 5.14946e-09 3.72153e-06 0.000618337 0.0236197 0.207428 0.418801 0.194648 0.0274208 0.0412752 0.0573006 0.0194923 0.00493844 0.00303288 0.000975411 0.000343762 8.7413e-05 1.40863e-05 1.21087e-06 5.40206e-08
 1.34299e-39 6.57301e-33 7.39606e-27 1.91329e-21 1.13791e-16 1.55588e-12 4.89092e-09 3.53468e-06 0.000587292 0.0224338 0.197014 0.397775 0.184969 0.0285445 0.0544717 0.0758899 0.0258994 0.00682884 0.00416002 0.00107521 0.000270116 6.50198e-05 1.14177e-05 1.14498e-06 5.22349e-08
 1.31669e-39 6.44429e-33 7.25122e-27 1.87582e-21 1.11562e-16 1.52541e-12 4.79514e-09 3.46546e-06 0.000575791 0.0219945 0.193155 0.389986 0.181374 0.0287117 0.0578404 0.0806766 0.0281144 0.0093323 0.00614041 0.00161263 0.000395426 7.5705e-05 1.02128e-05 1.00692e-06 5.09595e-08
 1.34875e-39 6.6012e-33 7.42777e-27 1.92149e-21 1.14278e-16 1.56255e-12 4.9119e-09 3.54984e-06 0.00058981 0.02253 0.197858 0.399481 0.185742 0.0281366 0.0514682 0.0717104 0.025158 0.00890095 0.00602548 0.0017627 0.000517502 0.000101951 1.23616e-05 9.57442e-07 4.21914e-08
 1.3206e-39 6.46344e-33 7.27277e-27 1.8814e-21 1.11894e-16 1.52994e-12 4.80939e-09 3.47576e-06 0.000577502 0.0220598 0.193729 0.391144 0.181908 0.028663 0.0571936 0.0797587 0.0276991 0.00889354 0.00588336 0.00178028 0.000562072 0.000124788 1.73556e-05 1.32457e-06 4.95108e-08
 1.28405e-39 6.28452e-33 7.07145e-27 1.82932e-21 1.08796e-16 1.48759e-12 4.67626e-09 3.37954e-06 0.000561516 0.0214492 0.188367 0.380317 0.17692 0.0291136 0.0632079 0.0882517 0.0309103 0.0107706 0.00724892 0.00209047 0.000621771 0.000142952 2.1928e-05 1.8953e-06 7.54232e-08
 1.15162e-39 5.63637e-33 6.34214e-27 1.64065e-21 9.75757e-17 1.33417e-12 4.19398e-09 3.031e-06 0.000503604 0.019237 0.16894 0.341095 0.158851 0.0308482 0.0856184 0.119871 0.042483 0.0164094 0.0113814 0.00342 0.00106465 0.000235806 3.5233e-05 3.23021e-06 1.42541e-07
 1.25721e-39 6.15315e-33 6.92362e-27 1.79108e-21 1.06522e-16 1.4565e-12 4.57851e-09 3.3089e-06 0.000549778 0.0210008 0.184429 0.372367 0.173229 0.0287106 0.063144 0.0882928 0.0327018 0.0171266 0.0126831 0.00403335 0.00136034 0.00031579 4.81317e-05 4.31979e-06 1.93954e-07
 1.22274e-39 5.98444e-33 6.73379e-27 1.74197e-21 1.03601e-16 1.41656e-12 4.45297e-09 3.21817e-06 0.000534704 0.020425 0.179372 0.362158 0.168546 0.0297017 0.0722712 0.101061 0.0358739 0.0140648 0.0100938 0.00384599 0.00157831 0.000397791 6.54779e-05 6.11659e-06 2.75787e-07
 1.27789e-39 6.25436e-33 7.03751e-27 1.82054e-21 1.08274e-16 1.48045e-12 4.65382e-09 3.36332e-06 0.000558821 0.0213462 0.187463 0.378492 0.176063 0.0287806 0.061725 0.0862275 0.0310832 0.0136793 0.00982935 0.00316717 0.00116178 0.000344827 6.76674e-05 6.95453e-06 3.32421e-07
 1.24226e-39 6.08e-33 6.84131e-27 1.76978e-21 1.05256e-16 1.43918e-12 4.52408e-09 3.26956e-06 0.000543242 0.0207511 0.182237 0.367941 0.171213 0.0295228 0.0694359 0.0970547 0.0343356 0.0130807 0.00918687 0.00314589 0.00117573 0.000306634 5.97983e-05 7.1781e-06 3.90641e-07
 1.24453e-39 6.09113e-33 6.85383e-27 1.77302e-21 1.05448e-16 1.44181e-12 4.53236e-09 3.27554e-06 0.000544236 0.0207891 0.18257 0.368614 0.171516 0.029297 0.067855 0.0948637 0.0340762 0.0146184 0.0104313 0.00330095 0.00114816 0.000307991 5.79263e-05 6.63015e-06 3.89384e-07
 1.26903e-39 6.21103e-33 6.98875e-27 1.80792e-21 1.07524e-16 1.4702e-12 4.62157e-09 3.34002e-06 0.000554949 0.0211983 0.186164 0.37587 0.174858 0.0289801 0.0637335 0.0890445 0.0318845 0.0133667 0.00957167 0.00323043 0.00118235 0.000297776 5.35514e-05 6.03785e-06 3.43955e-07
 1.24856e-39 6.11085e-33 6.87603e-27 1.77876e-21 1.0579e-16 1.44648e-12 4.54704e-09 3.28615e-06 0.000545999 0.0208565 0.183161 0.369808 0.17207 0.0293656 0.0679136 0.0949216 0.0337565 0.0134171 0.00948155 0.0031631 0.0011641 0.000309144 5.61921e-05 6.03853e-06 3.33247e-07
 1.2513e-39 6.12422e-33 6.89107e-27 1.78266e-21 1.06021e-16 1.44965e-12 4.55698e-09 3.29334e-06 0.000547193 0.0209021 0.183562 0.370617 0.172439 0.0292253 0.0668137 0.0933902 0.0334764 0.0141421 0.0100883 0.003266 0.00115859 0.000305398 5.68549e-05 6.27635e-06 3.39964e-07
 1.25596e-39 6.14708e-33 6.91679e-27 1.78931e-21 1.06417e-16 1.45506e-12 4.57399e-09 3.30563e-06 0.000549235 0.0209801 0.184247 0.372 0.173077 0.0291805 0.066123 0.0924109 0.0330501 0.0137291 0.00980132 0.00328131 0.0011981 0.0003075 5.56962e-05 6.18889e-06 3.42326e-07
 1.25554e-39 6.14501e-33 6.91446e-27 1.78871e-21 1.06381e-16 1.45457e-12 4.57245e-09 3.30452e-06 0.000549051 0.020973 0.184185 0.371875 0.173019 0.0291949 0.066249 0.0925874 0.0330986 0.013702 0.00976318 0.00324081 0.00118339 0.000312459 5.71132e-05 6.20539e-06 3.4053e-07
 1.17992e-39 5.77489e-33 6.49799e-27 1.68097e-21 9.99735e-17 1.36696e-12 4.29704e-09 3.10548e-06 0.00051598 0.0197098 0.173091 0.349477 0.162703 0.0302296 0.0793154 0.111015 0.0397289 0.016581 0.0118324 0.0039203 0.00142528 0.000374675 6.92514e-05 7.64553e-06 4.16975e-07
 1.1774e-39 5.76255e-33 6.48412e-27 1.67738e-21 9.97601e-17 1.36404e-12 4.28787e-09 3.09885e-06 0.000514878 0.0196677 0.172722 0.348731 0.162342 0.0298035 0.0769393 0.107743 0.0396277 0.0199129 0.0147274 0.00490688 0.00179228 0.000470141 8.65626e-05 9.59602e-06 5.29475e-07
#spawning biomass
 3941.14 2426.51 2159.44 2055.16 2297.71 3381.39 4090.1 4390.26 6988.5 11883.5 17314.8 20707.3 29114.1 37599.2 44178.1 34774.6 30924 32748.3 31327.1 31830.5 32559.8 35322.5 36615.9 41363.5 46895.3 54851.8 59086.4 56333.2 65286.3 132010 149986 108948 72356.2 49501.4 36599.6 29684.5 26095.6 24271.7 23357.9 22904.4 22680.8 22571.1 22517.3 22491.1 22478.3 22472.1 22469.1 22467.6 22466.9 22466.6 22466.4 22466.3 22466.3 22466.3 22466.3 22466.3 22466.3 22466.3 22466.3 22466.3 22466.3 22466.3 22466.3 22466.3 22466.3 22466.3 22466.3 22466.3 22466.3 22466.3 22466.3 22466.3 22466.3 22466.3 22466.3 22466.3 22466.3 22466.3 22466.3 22466.3 22466.3 22466.3 22466.3 22466.3 22466.3 22466.3 22466.3 22466.3 22466.3 22466.3 22466.3 22466.3 22466.3 22466.3 22466.3 22466.3 22466.3 22466.3 22466.3 22466.3 22466.3 22466.3 22466.3 22466.3 22466.3 22466.3 22466.3 22466.3 22466.3 22466.3 22466.3 22466.3 22466.3 22466.3 22466.3 22466.3 22466.3 22466.3 22466.3 22466.3 22466.3 22466.3 22466.3 22466.3 22466.3 22466.3 22466.3 22466.3 0 0 0 0 0 0 0 0 0 0 0 0 0 0 0 0 0 0 0 0 0 0 0 0 0
