SBPRF35
0.178135
Curr Bio
148883
B35
197260
F35
0.660902
FOFL
0.587765
OFL
54655.6
Bzero
50895.7
#pred survey bio
 8016.96 8218.72 10016.3 11695.9 19226.3 31884.3 31882.6 37713.9 47653.9 61818.2 78322.6 97662.2 128961 150388 155056 131705 115718 108140 102586 110325 112183 120175 126912 124564 147238 163192 159492 162089 6.60047e+06 4.03727e+06 2.57839e+06 1.51775e+06 961057 694137 567858 506254 474554 457298 447464 441682 438218 436121 434841 434051 433579 433295 433125 433022 432960 432923 432901 432887 432879 432874 432871 432869 432868 432867 432867 432867 432867 432866 432866 432866 432866 432866 432866 432866 432866 432866 432866 432866 432866 432866 432866 432866 432866 432866 432866 432866 432866 432866 432866 432866 432866 432866 432866 432866 432866 432866 432866 432866 432866 432866 432866 432866 432866 432866 432866 432866 432866 432866 432866 432866 432866 432866 432866 432866 432866 432866 432866 432866 432866 432866 432866 432866 432866 432866 432866 432866 432866 432866 432866 432866 432866 432866 432866 432866 0 0 0 0 0 0 0 0 0 0 0 0 0 0 0 0 0 0 0 0 0 0 0 0 0
#obs survey bio
 7034.7 8958.85 10188.9 12923.8 18892.4 23215.2 22786 50668.1 31705.8 49898 71597.8 83321.3 120522 169887 153678 100022 125386 79574.1 170023 90232.3 119201 145693 164262 150420 304648 166307 146747 133966
#pred catch bio
 4272.7 4519.07 5765.05 6815.44 8700.77 19731.8 20204.6 23036.9 28556.7 38117.1 50354.7 60981.1 84461.9 97898.1 110697 97421.1 83999.1 78576.3 70539.7 80756.2 80969 86730.7 97214.4 88946.1 104513 121903 118766 102342 54655.6 71053.2 41896.7 21992.5 12614 8738.22 7257.23 6720.44 6532.99 6469.28 6448.05 6441.09 6438.83 6438.1 6437.87 6437.8 6437.77 6437.76 6437.76 6437.76 6437.76 6437.76 6437.76 6437.76 6437.76 6437.76 6437.76 6437.76 6437.76 6437.76 6437.76 6437.76 6437.76 6437.76 6437.76 6437.76 6437.76 6437.76 6437.76 6437.76 6437.76 6437.76 6437.76 6437.76 6437.76 6437.76 6437.76 6437.76 6437.76 6437.76 6437.76 6437.76 6437.76 6437.76 6437.76 6437.76 6437.76 6437.76 6437.76 6437.76 6437.76 6437.76 6437.76 6437.76 6437.76 6437.76 6437.76 6437.76 6437.76 6437.76 6437.76 6437.76 6437.76 6437.76 6437.76 6437.76 6437.76 6437.76 6437.76 6437.76 6437.76 6437.76 6437.76 6437.76 6437.76 6437.76 6437.76 6437.76 6437.76 6437.76 6437.76 6437.76 6437.76 6437.76 6437.76 6437.76 6437.76 6437.76 6437.76 6437.76 0 0 0 0 0 0 0 0 0 0 0 0 0 0 0 0 0 0 0 0 0 0 0 0 0
#obs catch bio
 4451.53 4449.47 5631.8 6802.18 8562.81 19670.3 20433.9 22409.6 28156.1 37662.2 48931.6 59618.6 83166 95587.6 109708 98667.6 83483.5 78371.8 68584.8 79985 79519.7 82904.8 93915.6 86856 97938.8 116791 114326 101528
#pred cpue bio
 6787.56 6336.99 7683.93 8979.91 13527.1 24418.1 24879 27641.8 35601.8 45946.9 58030 71545.5 94572.9 111531 118662 99811.7 85395.6 80347.6 75706.6 81475.8 81246.8 87228.9 92374.3 89056.4 105488 118947 115817 116996 5.00286e+06 3.91822e+06 2.53492e+06 1.46833e+06 910674 643660 517374 455769 424068 406813 396979 391196 387732 385636 384356 383566 383094 382810 382640 382537 382475 382438 382415 382402 382394 382389 382386 382384 382383 382382 382382 382381 382381 382381 382381 382381 382381 382381 382381 382381 382381 382381 382381 382381 382381 382381 382381 382381 382381 382381 382381 382381 382381 382381 382381 382381 382381 382381 382381 382381 382381 382381 382381 382381 382381 382381 382381 382381 382381 382381 382381 382381 382381 382381 382381 382381 382381 382381 382381 382381 382381 382381 382381 382381 382381 382381 382381 382381 382381 382381 382381 382381 382381 382381 382381 382381 382381 382381 382381 382381 0 0 0 0 0 0 0 0 0 0 0 0 0 0 0 0 0 0 0 0 0 0 0 0 0
#obs cpue bio
 6129.31 9907.53 9771.15 7768.21 18860.6 26525.5 34629.8 39529.5 56581 68752.5 119004 106156 124852 148443 123209 101549 94458.6 110085 83597.1 103699 107641 172452 113164 100506 191596 185409 227400 140138
#pred surv len freq
 2.56787e-27 2.60104e-27 4.43532e-26 8.81675e-20 2.16132e-14 6.40438e-10 2.29394e-06 0.000993189 0.0519799 0.328839 0.251673 0.0362935 0.0994364 0.0918987 0.0249703 0.034203 0.0163538 0.0148593 0.0102523 0.00857778 0.00728644 0.00672207 0.00712307 0.00652285 0.0020132
 2.57029e-27 2.60727e-27 4.93706e-26 9.87501e-20 2.42074e-14 7.17308e-10 2.56928e-06 0.0011124 0.058219 0.368309 0.281858 0.0392101 0.100428 0.0924177 0.0182237 0.0184063 0.0072565 0.00474093 0.0027018 0.00192694 0.00143452 0.00118216 0.00114233 0.00106575 0.000362641
 2.56992e-27 2.60617e-27 4.83032e-26 9.64978e-20 2.36553e-14 7.00948e-10 2.51068e-06 0.00108703 0.0568911 0.359909 0.275462 0.0404191 0.114122 0.10498 0.0191747 0.0173409 0.00582566 0.002374 0.000988966 0.000513169 0.000303295 0.000210767 0.000177962 0.000160712 5.71453e-05
 2.56982e-27 2.60594e-27 4.81063e-26 9.60825e-20 2.35535e-14 6.97932e-10 2.49987e-06 0.00108235 0.0566463 0.35836 0.27428 0.040402 0.114823 0.105669 0.020067 0.0191927 0.00623399 0.00215976 0.000679539 0.000215894 8.27866e-05 4.23125e-05 2.88672e-05 2.37337e-05 8.48466e-06
 2.57271e-27 2.61377e-27 5.50191e-26 1.10666e-19 2.71283e-14 8.03861e-10 2.87929e-06 0.00124662 0.0652438 0.41275 0.315781 0.0384875 0.0710959 0.0652879 0.0123759 0.011811 0.00389866 0.00144492 0.000429173 0.000107674 2.43561e-05 7.04988e-06 3.24114e-06 2.20475e-06 7.62401e-07
 2.56978e-27 2.60573e-27 4.78376e-26 9.55155e-20 2.34145e-14 6.93813e-10 2.48512e-06 0.00107596 0.056312 0.356245 0.272677 0.0411903 0.121948 0.112081 0.0182498 0.0134306 0.00443426 0.00167681 0.000513299 0.000133068 2.49584e-05 4.10632e-06 9.07183e-07 4.13653e-07 1.30618e-07
 2.56912e-27 2.60401e-27 4.63859e-26 9.24532e-20 2.26638e-14 6.71568e-10 2.40544e-06 0.00104147 0.0545066 0.344823 0.263953 0.0410017 0.126642 0.116572 0.0219464 0.0207158 0.00640961 0.00171297 0.000507466 0.000134685 2.61889e-05 3.69968e-06 4.04916e-07 7.95766e-08 1.99546e-08
 2.57148e-27 2.61043e-27 5.20727e-26 1.0445e-19 2.56047e-14 7.58712e-10 2.71758e-06 0.00117661 0.0615794 0.389568 0.298092 0.0392711 0.0894871 0.0822814 0.0157874 0.0153177 0.0050251 0.0018037 0.000488903 9.75716e-05 1.86106e-05 2.69797e-06 2.41729e-07 1.79104e-08 2.37185e-09
 2.5707e-27 2.60823e-27 5.00574e-26 1.00198e-19 2.45624e-14 7.27827e-10 2.60696e-06 0.00112871 0.0590727 0.37371 0.286002 0.0405039 0.107363 0.0986296 0.0160132 0.0117123 0.00385731 0.00144331 0.000435672 0.000106735 1.65848e-05 2.08531e-06 1.86243e-07 9.30419e-09 4.22234e-10
 2.57093e-27 2.60889e-27 5.06738e-26 1.01499e-19 2.48812e-14 7.37274e-10 2.64079e-06 0.00114336 0.0598394 0.37856 0.289698 0.0400123 0.101025 0.0928649 0.016515 0.0142933 0.00441408 0.001175 0.000346439 9.07597e-05 1.69032e-05 2.04524e-06 1.5179e-07 6.98289e-09 1.63064e-10
 2.57102e-27 2.60911e-27 5.08515e-26 1.01874e-19 2.49731e-14 7.39997e-10 2.65055e-06 0.00114759 0.0600605 0.379959 0.290767 0.0400974 0.100921 0.0927314 0.0158016 0.0127082 0.00406093 0.00130761 0.000349976 6.95021e-05 1.31064e-05 1.82471e-06 1.39358e-07 5.43297e-09 1.03425e-10
 2.57137e-27 2.61007e-27 5.16883e-26 1.03639e-19 2.54058e-14 7.5282e-10 2.69647e-06 0.00116747 0.0611012 0.386543 0.295792 0.0399405 0.0961965 0.0883527 0.014692 0.0112738 0.00353366 0.00103583 0.000292019 6.54024e-05 1.00135e-05 1.24411e-06 1.06035e-07 4.28555e-09 7.04999e-11
 2.57133e-27 2.60994e-27 5.15726e-26 1.03395e-19 2.53459e-14 7.51046e-10 2.69012e-06 0.00116472 0.0609572 0.385632 0.295098 0.0400143 0.0972463 0.089314 0.0147269 0.0111092 0.00345031 0.000959635 0.00026007 5.49588e-05 9.23763e-06 1.06233e-06 7.74572e-08 3.34704e-09 5.65598e-11
 2.57093e-27 2.60885e-27 5.0594e-26 1.0133e-19 2.48399e-14 7.3605e-10 2.63641e-06 0.00114146 0.0597401 0.377932 0.289225 0.0404047 0.104344 0.0958415 0.0154831 0.0111893 0.00345622 0.000933833 0.00024792 4.95827e-05 7.85557e-06 9.27281e-07 6.57167e-08 2.48334e-09 4.32191e-11
 2.5698e-27 2.60579e-27 4.78915e-26 9.5629e-20 2.34423e-14 6.94637e-10 2.48807e-06 0.00107724 0.0563789 0.356668 0.272999 0.0411246 0.121221 0.111438 0.0186487 0.0144823 0.00444566 0.00114528 0.000299396 5.81199e-05 8.81218e-06 9.77274e-07 6.87587e-08 2.52745e-09 3.96934e-11
 2.57019e-27 2.60686e-27 4.88559e-26 9.76636e-20 2.3941e-14 7.09416e-10 2.54101e-06 0.00110016 0.0575784 0.364257 0.278788 0.0407437 0.114256 0.10503 0.0178692 0.0143209 0.00444551 0.00122254 0.000317935 5.90541e-05 8.70518e-06 9.23821e-07 6.10698e-08 2.19273e-09 3.32538e-11
 2.5711e-27 2.60931e-27 5.09987e-26 1.02184e-19 2.50492e-14 7.42252e-10 2.65862e-06 0.00115108 0.0602435 0.381117 0.291655 0.0402868 0.101739 0.0934358 0.0150231 0.0107473 0.00334477 0.000945971 0.000251742 4.91882e-05 7.08502e-06 7.21818e-07 4.55457e-08 1.53982e-09 2.25942e-11
 2.57083e-27 2.60855e-27 5.03088e-26 1.00729e-19 2.46924e-14 7.3168e-10 2.62075e-06 0.00113469 0.0593854 0.375688 0.287515 0.04067 0.107564 0.0987723 0.0152713 0.00996496 0.00303218 0.000754025 0.000198782 4.00028e-05 6.00896e-06 6.19006e-07 3.74523e-08 1.2035e-09 1.66696e-11
 2.57108e-27 2.60923e-27 5.09171e-26 1.02012e-19 2.5007e-14 7.41002e-10 2.65414e-06 0.00114914 0.060142 0.380475 0.291166 0.0404025 0.102963 0.0945489 0.0149297 0.0102464 0.00307687 0.000690029 0.000172225 3.11384e-05 4.69376e-06 5.0309e-07 3.11535e-08 9.6774e-10 1.27143e-11
 2.57107e-27 2.60921e-27 5.09115e-26 1.02e-19 2.50041e-14 7.40916e-10 2.65384e-06 0.00114901 0.060135 0.38043 0.291131 0.0403342 0.102468 0.0941077 0.0151293 0.010815 0.00328098 0.000786972 0.000193333 3.16303e-05 4.33242e-06 4.40989e-07 2.81875e-08 8.97651e-10 1.14914e-11
 2.57168e-27 2.61088e-27 5.23717e-26 1.0508e-19 2.57592e-14 7.63291e-10 2.73398e-06 0.00118371 0.0619511 0.391919 0.299898 0.0399953 0.0937291 0.0860195 0.0132601 0.00858832 0.00261191 0.000646411 0.000162361 2.79115e-05 3.61566e-06 3.29174e-07 1.95261e-08 6.30643e-10 8.25862e-12
 2.57159e-27 2.61061e-27 5.21261e-26 1.04562e-19 2.56322e-14 7.59527e-10 2.7205e-06 0.00117787 0.0616455 0.389986 0.298425 0.0401704 0.0960962 0.0881815 0.0132388 0.00799288 0.00239105 0.000531797 0.000132405 2.34979e-05 3.16702e-06 2.86088e-07 1.52453e-08 4.524e-10 5.91309e-12
 2.5715e-27 2.61038e-27 5.19208e-26 1.04129e-19 2.5526e-14 7.56381e-10 2.70923e-06 0.00117299 0.0613902 0.388371 0.297193 0.0402181 0.097325 0.0893199 0.0135229 0.00835267 0.00247656 0.000510523 0.000121916 1.97728e-05 2.67614e-06 2.51342e-07 1.34923e-08 3.66061e-10 4.38584e-12
 2.57205e-27 2.61185e-27 5.32168e-26 1.06863e-19 2.61962e-14 7.7624e-10 2.78036e-06 0.00120379 0.0630021 0.398568 0.304974 0.0398798 0.0892839 0.0818872 0.0119806 0.00670672 0.00198589 0.000412267 9.67934e-05 1.45577e-05 1.82682e-06 1.63905e-07 9.06575e-09 2.48408e-10 2.76661e-12
 2.57199e-27 2.6117e-27 5.30834e-26 1.06582e-19 2.61272e-14 7.74196e-10 2.77304e-06 0.00120062 0.0628362 0.397519 0.304172 0.0398909 0.0899315 0.0824927 0.0122314 0.00712496 0.00209109 0.000398938 9.23093e-05 1.39075e-05 1.66758e-06 1.37243e-07 7.12352e-09 1.97375e-10 2.21632e-12
 2.57145e-27 2.61022e-27 5.17717e-26 1.03814e-19 2.54489e-14 7.54095e-10 2.70104e-06 0.00116945 0.0612047 0.387198 0.296298 0.040319 0.0987214 0.0905957 0.013516 0.00801521 0.00236478 0.000470464 0.000107733 1.50792e-05 1.78203e-06 1.4284e-07 6.82551e-09 1.76156e-10 1.96778e-12
 2.57157e-27 2.61056e-27 5.20728e-26 1.0445e-19 2.56046e-14 7.5871e-10 2.71757e-06 0.0011766 0.0615793 0.389567 0.298106 0.0402088 0.0966127 0.0886544 0.0132549 0.00790868 0.00233545 0.000467853 0.000108255 1.56315e-05 1.78035e-06 1.35554e-07 6.30759e-09 1.51274e-10 1.57124e-12
 2.57176e-27 2.61107e-27 5.25277e-26 1.05409e-19 2.58398e-14 7.6568e-10 2.74254e-06 0.00118741 0.062145 0.393146 0.300836 0.0400705 0.0936421 0.0859133 0.012773 0.00749988 0.00221574 0.000447023 0.000103734 1.51082e-05 1.75707e-06 1.3346e-07 5.88414e-09 1.35754e-10 1.32037e-12
#obs surv len freq
 1.77141e-41 2.4586e-33 4.12481e-26 8.36503e-20 2.05059e-14 6.07627e-10 2.17642e-06 0.000942316 0.0493171 0.311994 0.23897 0.044044 0.151619 0.128409 0.0358666 0.027406 0.00827446 0.00259108 0.000503376 5.78573e-05 2.91051e-06 4.70047e-08 1.80338e-10 1.31649e-13 1.58297e-17
 2.17097e-41 3.01317e-33 5.05522e-26 1.02519e-19 2.51313e-14 7.44685e-10 2.66734e-06 0.00115487 0.0604411 0.382368 0.292679 0.0420381 0.0977264 0.0782497 0.0225956 0.0163612 0.00473372 0.00137882 0.000245255 2.47959e-05 1.02959e-06 1.29137e-08 3.70713e-11 1.97965e-14 1.71464e-18
 1.72727e-41 2.39734e-33 4.02203e-26 8.15659e-20 1.99949e-14 5.92486e-10 2.12219e-06 0.000918834 0.0480881 0.30422 0.233227 0.0511699 0.181158 0.135308 0.0265364 0.0141419 0.00396326 0.00107728 0.000173367 1.51812e-05 5.19809e-07 5.07509e-09 1.08564e-11 4.2185e-15 2.62596e-19
 2.0861e-41 2.89538e-33 4.85759e-26 9.8511e-20 2.41488e-14 7.15574e-10 2.56307e-06 0.00110972 0.0580783 0.367421 0.281389 0.0458514 0.113886 0.0817135 0.0283216 0.0180244 0.00342243 0.000674771 9.75801e-05 7.32303e-06 2.04106e-07 1.54926e-09 2.4786e-12 7.01166e-16 3.12985e-20
 2.37096e-41 3.29073e-33 5.52089e-26 1.11963e-19 2.74463e-14 8.13284e-10 2.91305e-06 0.00126125 0.0660088 0.417591 0.319669 0.0442913 0.0791383 0.0521165 0.0116742 0.00610571 0.00175197 0.000354 3.32004e-05 1.94649e-06 4.36304e-08 2.55263e-10 3.05151e-13 6.30885e-17 2.02631e-21
 1.31881e-41 1.83043e-33 3.07092e-26 6.22776e-20 1.52666e-14 4.52378e-10 1.62034e-06 0.000701553 0.0367165 0.232283 0.17896 0.0712202 0.272327 0.166465 0.0280322 0.0107915 0.00205449 0.000402065 4.35363e-05 1.80381e-06 2.82547e-08 1.24156e-10 1.10232e-13 1.66351e-17 3.85388e-22
 2.21407e-41 3.07298e-33 5.15556e-26 1.04554e-19 2.56301e-14 7.59468e-10 2.72029e-06 0.00117779 0.0616409 0.389959 0.298707 0.0467574 0.0889623 0.0565116 0.0353432 0.0181471 0.00246392 0.000300666 2.54058e-05 1.03156e-06 1.21318e-08 3.57146e-11 2.24003e-14 2.43961e-18 4.06663e-23
 1.98082e-41 2.74925e-33 4.61244e-26 9.35392e-20 2.293e-14 6.79459e-10 2.43371e-06 0.00105371 0.0551472 0.34888 0.267822 0.0611488 0.156073 0.0831405 0.0161287 0.00746145 0.002734 0.000388671 1.98705e-05 5.53318e-07 5.45382e-09 1.22227e-11 5.18598e-15 3.82014e-19 4.44059e-24
 2.0229e-41 2.80765e-33 4.71042e-26 9.55264e-20 2.34172e-14 6.93893e-10 2.48541e-06 0.0010761 0.0563187 0.356292 0.273569 0.0614823 0.14354 0.0739444 0.0234042 0.00875193 0.00134145 0.000256822 2.00574e-05 4.00388e-07 2.48651e-09 4.12833e-12 1.32044e-15 6.85156e-20 5.38154e-25
 1.98157e-41 2.75029e-33 4.61418e-26 9.35746e-20 2.29387e-14 6.79716e-10 2.43463e-06 0.00105411 0.055168 0.349014 0.268297 0.0669689 0.154116 0.0736776 0.0219803 0.00804407 0.00149721 0.000168781 1.12449e-05 2.84004e-07 1.48496e-09 1.57795e-12 3.38554e-16 1.26504e-20 7.18174e-26
 2.09414e-41 2.90653e-33 4.87631e-26 9.88907e-20 2.42419e-14 7.18331e-10 2.57295e-06 0.001114 0.0583022 0.368842 0.283497 0.0659794 0.133805 0.0605672 0.0199554 0.00664714 0.00115176 0.000130178 6.38011e-06 1.21075e-07 6.36061e-10 6.06692e-13 9.2648e-17 2.25964e-21 8.60708e-27
 2.04486e-41 2.83814e-33 4.76156e-26 9.65635e-20 2.36714e-14 7.01427e-10 2.5124e-06 0.00108778 0.0569302 0.360165 0.277297 0.0731469 0.146638 0.0608878 0.0175112 0.0053222 0.000915199 9.24555e-05 4.04821e-06 5.81829e-08 2.19587e-10 1.75743e-13 2.34635e-17 4.55978e-22 1.23694e-27
 1.99929e-41 2.77488e-33 4.65544e-26 9.44115e-20 2.31439e-14 6.85795e-10 2.45641e-06 0.00106354 0.0556614 0.352142 0.271632 0.0795049 0.153869 0.0609111 0.0192438 0.00515064 0.000748908 6.80812e-05 2.59924e-06 3.07556e-08 8.72249e-11 4.9249e-14 4.87469e-18 7.52972e-23 1.65135e-28
 1.87004e-41 2.59549e-33 4.35447e-26 8.83078e-20 2.16476e-14 6.41458e-10 2.2976e-06 0.000994781 0.0520629 0.329382 0.25508 0.0913044 0.175295 0.0665627 0.0226755 0.00576795 0.000810226 6.06381e-05 1.90325e-06 1.84598e-08 4.10586e-11 1.72712e-14 1.21418e-18 1.31748e-23 2.08561e-29
 1.68508e-41 2.33878e-33 3.92379e-26 7.95736e-20 1.95065e-14 5.78014e-10 2.07035e-06 0.000896392 0.0469136 0.296816 0.231389 0.10657 0.201738 0.0766544 0.0304486 0.00746068 0.00103925 7.0622e-05 1.80215e-06 1.34824e-08 2.31523e-11 7.39843e-15 3.85117e-19 3.01332e-24 3.36611e-30
 1.91115e-41 2.65255e-33 4.45021e-26 9.02493e-20 2.21236e-14 6.55561e-10 2.34811e-06 0.00101665 0.0532076 0.336634 0.261481 0.0954485 0.154723 0.0611173 0.0282153 0.00706461 0.00102322 6.50194e-05 1.43778e-06 8.47203e-09 1.08382e-11 2.55837e-15 9.83925e-20 5.65016e-25 4.58207e-31
 1.86523e-41 2.58882e-33 4.34328e-26 8.80809e-20 2.1592e-14 6.3981e-10 2.2917e-06 0.000992226 0.0519292 0.328559 0.256615 0.109401 0.168778 0.0568556 0.0206351 0.00535608 0.00082401 5.14569e-05 1.0206e-06 4.96465e-09 4.89587e-12 8.50117e-16 2.36025e-20 9.76746e-26 5.72004e-32
 1.84766e-41 2.56443e-33 4.30237e-26 8.72512e-20 2.13886e-14 6.33783e-10 2.27011e-06 0.000982879 0.05144 0.325477 0.255299 0.116454 0.167146 0.0571203 0.0211416 0.00432066 0.000579745 3.58911e-05 6.59337e-07 2.74075e-09 2.16189e-12 2.86304e-16 5.85762e-21 1.74757e-26 7.30066e-33
 1.86056e-41 2.58234e-33 4.33241e-26 8.78604e-20 2.15379e-14 6.38208e-10 2.28596e-06 0.000989742 0.0517992 0.327764 0.258082 0.121638 0.160689 0.0544929 0.0200811 0.00398815 0.000449849 2.24302e-05 3.65102e-07 1.31966e-09 8.56106e-13 8.908e-17 1.38459e-21 3.06245e-27 9.31508e-34
 1.9385e-41 2.69051e-33 4.51389e-26 9.15407e-20 2.24401e-14 6.64942e-10 2.38172e-06 0.0010312 0.053969 0.341505 0.269272 0.121547 0.144861 0.0476528 0.0166499 0.00316554 0.000330237 1.35158e-05 1.69534e-07 4.93644e-10 2.61672e-13 2.17518e-17 2.62627e-22 4.40851e-28 9.99542e-35
 1.93626e-41 2.68741e-33 4.50868e-26 9.14352e-20 2.24143e-14 6.64175e-10 2.37897e-06 0.00103001 0.0539068 0.341139 0.270617 0.12995 0.143004 0.0439009 0.0138016 0.00241269 0.000227704 8.0657e-06 7.97492e-08 1.73132e-10 6.91274e-14 4.42409e-18 4.13077e-23 5.31619e-29 9.12471e-36
 1.97816e-41 2.74556e-33 4.60624e-26 9.34136e-20 2.28992e-14 6.78546e-10 2.43044e-06 0.0010523 0.0550733 0.348545 0.277438 0.131785 0.132221 0.0401702 0.0117711 0.00179286 0.000145284 4.35663e-06 3.49328e-08 5.80417e-11 1.69924e-14 7.89064e-19 5.39838e-24 5.15468e-30 6.60928e-37
 1.90979e-41 2.65066e-33 4.44703e-26 9.01849e-20 2.21078e-14 6.55094e-10 2.34644e-06 0.00101593 0.0531699 0.336559 0.271251 0.147139 0.138545 0.0399959 0.0107278 0.00149083 0.000101422 2.44692e-06 1.55481e-08 1.99982e-11 4.39826e-15 1.49294e-19 7.34001e-25 5.01069e-31 4.60789e-38
 1.96162e-41 2.7226e-33 4.56773e-26 9.26326e-20 2.27078e-14 6.72874e-10 2.41012e-06 0.0010435 0.0546131 0.345727 0.279436 0.145421 0.12524 0.0376428 0.00961947 0.00118398 6.85119e-05 1.32127e-06 6.41672e-09 6.23006e-12 1.02614e-15 2.57883e-20 9.26429e-26 4.56498e-32 3.00209e-39
 1.93903e-41 2.69124e-33 4.51512e-26 9.15656e-20 2.24462e-14 6.65123e-10 2.38236e-06 0.00103148 0.0539843 0.341826 0.279501 0.155595 0.123908 0.0348888 0.00825386 0.00096181 4.7451e-05 7.31382e-07 2.71316e-09 1.95032e-12 2.35101e-16 4.31416e-21 1.12972e-26 4.04401e-33 1.92299e-40
 1.87557e-41 2.60317e-33 4.36735e-26 8.8569e-20 2.17117e-14 6.43356e-10 2.3044e-06 0.000997724 0.0522179 0.330763 0.275198 0.169458 0.127007 0.035795 0.00773019 0.000796602 3.428e-05 4.30967e-07 1.22467e-09 6.53049e-13 5.72933e-17 7.57329e-22 1.42357e-27 3.65773e-34 1.24927e-41
 1.79686e-41 2.49392e-33 4.18407e-26 8.48521e-20 2.08005e-14 6.16357e-10 2.20769e-06 0.000955854 0.0500271 0.317053 0.269696 0.184109 0.131151 0.0383723 0.00787637 0.000730281 2.63125e-05 2.68738e-07 5.96593e-10 2.38524e-13 1.52986e-17 1.45903e-22 1.96377e-28 3.59686e-35 8.7392e-43
 1.82256e-41 2.52959e-33 4.24391e-26 8.60656e-20 2.1098e-14 6.25172e-10 2.23926e-06 0.000969524 0.050743 0.321703 0.275725 0.182445 0.12239 0.0377945 0.00755252 0.0006555 2.01335e-05 1.64021e-07 2.81101e-10 8.50477e-14 4.04397e-18 2.80932e-23 2.72208e-29 3.56455e-36 6.16671e-44
#pred catch len freq
 2.5658e-27 2.59551e-27 3.95891e-26 7.81178e-20 1.91496e-14 5.67438e-10 2.03247e-06 0.000879981 0.046055 0.291357 0.223055 0.0365108 0.121196 0.112088 0.030449 0.0416982 0.0198974 0.018031 0.0124309 0.0103965 0.0088303 0.00814612 0.00863203 0.00790466 0.00243968
 2.56867e-27 2.60288e-27 4.55155e-26 9.06176e-20 2.22138e-14 6.58235e-10 2.35769e-06 0.00102079 0.0534244 0.337977 0.258711 0.0401015 0.123473 0.113707 0.0223872 0.0225663 0.00888275 0.0057844 0.0032938 0.00234808 0.00174781 0.0014403 0.00139176 0.00129847 0.000441825
 2.56835e-27 2.60193e-27 4.4556e-26 8.85929e-20 2.17175e-14 6.43528e-10 2.30501e-06 0.00099798 0.0522307 0.330426 0.252967 0.0414868 0.138052 0.127067 0.0231592 0.0208752 0.00700582 0.00284412 0.0011838 0.000613914 0.000362783 0.000252097 0.000212858 0.000192225 6.83506e-05
 2.56828e-27 2.60175e-27 4.44029e-26 8.82699e-20 2.16383e-14 6.41182e-10 2.29661e-06 0.000994342 0.0520403 0.329221 0.252046 0.0414436 0.138371 0.127411 0.0241357 0.023004 0.00746533 0.00257638 0.000809996 0.00025716 9.85918e-05 5.03881e-05 3.43763e-05 2.82631e-05 1.01039e-05
 2.57127e-27 2.60985e-27 5.15601e-26 1.03369e-19 2.53395e-14 7.50856e-10 2.68944e-06 0.00116442 0.0609418 0.385534 0.295014 0.0394438 0.0929633 0.0854816 0.0162159 0.0154915 0.00510946 0.00188713 0.000560158 0.000140439 3.17613e-05 9.19264e-06 4.22621e-06 2.87483e-06 9.94113e-07
 2.56838e-27 2.60192e-27 4.44563e-26 8.83822e-20 2.16658e-14 6.41997e-10 2.29953e-06 0.000995607 0.0521065 0.32964 0.252379 0.0422747 0.144461 0.132836 0.0215693 0.0157802 0.00520449 0.00196031 0.000599652 0.000155347 2.91316e-05 4.79251e-06 1.05876e-06 4.82765e-07 1.52442e-07
 2.5677e-27 2.60016e-27 4.29842e-26 8.52771e-20 2.09047e-14 6.19442e-10 2.21874e-06 0.000960629 0.0502759 0.318059 0.243532 0.0419893 0.148506 0.136755 0.025646 0.0240736 0.00744308 0.00198101 0.000586332 0.000155508 3.02323e-05 4.27056e-06 4.67385e-07 9.1853e-08 2.3033e-08
 2.57029e-27 2.6072e-27 4.92196e-26 9.84311e-20 2.41292e-14 7.14991e-10 2.56098e-06 0.00110881 0.0580309 0.367119 0.280963 0.0400732 0.107625 0.0990289 0.0189285 0.01827 0.00598775 0.0021407 0.000579869 0.000115638 2.20515e-05 3.19656e-06 2.86394e-07 2.12197e-08 2.81009e-09
 2.56935e-27 2.60455e-27 4.67922e-26 9.331e-20 2.28738e-14 6.77792e-10 2.42774e-06 0.00105112 0.0550117 0.348019 0.266402 0.0415512 0.129103 0.118673 0.0192202 0.0139843 0.00460081 0.0017148 0.000517254 0.000126635 1.96732e-05 2.47341e-06 2.209e-07 1.10355e-08 5.008e-10
 2.56968e-27 2.60549e-27 4.7657e-26 9.51346e-20 2.33211e-14 6.91046e-10 2.47521e-06 0.00107167 0.0560874 0.354824 0.271588 0.0409272 0.120711 0.111028 0.0196772 0.0169336 0.00522558 0.00138534 0.00040808 0.000106834 1.98932e-05 2.40684e-06 1.78622e-07 8.21721e-09 1.91887e-10
 2.56988e-27 2.60601e-27 4.81013e-26 9.60718e-20 2.35509e-14 6.97854e-10 2.4996e-06 0.00108223 0.05664 0.35832 0.274258 0.0409594 0.11908 0.109478 0.0185826 0.0148367 0.00473661 0.00151888 0.00040623 8.06119e-05 1.51979e-05 2.11574e-06 1.61582e-07 6.29934e-09 1.19918e-10
 2.57022e-27 2.60692e-27 4.8895e-26 9.77462e-20 2.39613e-14 7.10016e-10 2.54316e-06 0.00110109 0.0576271 0.364565 0.279024 0.0408312 0.114756 0.105466 0.0174793 0.0133239 0.00417268 0.00121813 0.000343131 7.67945e-05 1.17554e-05 1.46039e-06 1.24466e-07 5.03043e-09 8.27534e-11
 2.57028e-27 2.60708e-27 4.90332e-26 9.80377e-20 2.40327e-14 7.12133e-10 2.55074e-06 0.00110437 0.0577989 0.365652 0.279854 0.0408345 0.114197 0.104942 0.0172344 0.0128944 0.00400133 0.0011082 0.000300077 6.33659e-05 1.06485e-05 1.22447e-06 8.92775e-08 3.85778e-09 6.51905e-11
 2.56981e-27 2.6058e-27 4.78834e-26 9.5612e-20 2.34381e-14 6.94514e-10 2.48763e-06 0.00107705 0.0563689 0.356605 0.272954 0.0412926 0.122532 0.112607 0.0181246 0.0129936 0.00401021 0.00107897 0.000286209 5.71972e-05 9.06002e-06 1.06936e-06 7.57841e-08 2.86375e-09 4.98396e-11
 2.56881e-27 2.6031e-27 4.5502e-26 9.05883e-20 2.22066e-14 6.58022e-10 2.35692e-06 0.00102046 0.0534071 0.337868 0.258656 0.0419008 0.137206 0.126174 0.0210012 0.0161381 0.00494967 0.0012695 0.000331571 6.43165e-05 9.74958e-06 1.08113e-06 7.60639e-08 2.79596e-09 4.39103e-11
 2.56936e-27 2.60459e-27 4.68365e-26 9.34036e-20 2.28968e-14 6.78472e-10 2.43017e-06 0.00105217 0.0550669 0.348368 0.266666 0.0413977 0.12775 0.117471 0.0198601 0.0157301 0.00487834 0.00133553 0.00034702 6.44066e-05 9.49205e-06 1.00723e-06 6.65819e-08 2.39063e-09 3.6255e-11
 2.5703e-27 2.60712e-27 4.90497e-26 9.80723e-20 2.40412e-14 7.12385e-10 2.55164e-06 0.00110476 0.0578194 0.365781 0.279955 0.0409376 0.114911 0.105575 0.0168832 0.0119341 0.00371041 0.0010447 0.000277777 5.42339e-05 7.81011e-06 7.95614e-07 5.02008e-08 1.69719e-09 2.49033e-11
 2.57e-27 2.60629e-27 4.82928e-26 9.64756e-20 2.36498e-14 7.00787e-10 2.5101e-06 0.00108678 0.056878 0.359826 0.275414 0.0413609 0.121323 0.111449 0.0171467 0.0110509 0.00335951 0.000831685 0.000219046 4.40471e-05 6.61506e-06 6.8138e-07 4.1225e-08 1.32473e-09 1.83487e-11
 2.57012e-27 2.60661e-27 4.85923e-26 9.71074e-20 2.38047e-14 7.05376e-10 2.52654e-06 0.00109389 0.0572505 0.362182 0.277211 0.0411833 0.11871 0.109061 0.0171465 0.0116487 0.00349524 0.000780463 0.000194605 3.51575e-05 5.29837e-06 5.67843e-07 3.51623e-08 1.09226e-09 1.43502e-11
 2.57028e-27 2.60708e-27 4.90123e-26 9.79934e-20 2.40219e-14 7.11812e-10 2.54959e-06 0.00110388 0.0577729 0.365487 0.279731 0.0409715 0.115327 0.105958 0.0169402 0.0119616 0.00362564 0.000865734 0.000212485 3.47362e-05 4.75668e-06 4.84125e-07 3.09439e-08 9.85423e-10 1.2615e-11
 2.57093e-27 2.60881e-27 5.0535e-26 1.01206e-19 2.48093e-14 7.35145e-10 2.63317e-06 0.00114006 0.0596667 0.377468 0.288873 0.0406253 0.106269 0.0975725 0.0149677 0.00957433 0.00290908 0.000716738 0.00017986 3.08957e-05 4.00133e-06 3.64248e-07 2.1606e-08 6.97813e-10 9.13823e-12
 2.57082e-27 2.60852e-27 5.02601e-26 1.00626e-19 2.46672e-14 7.30932e-10 2.61808e-06 0.00113353 0.0593247 0.375304 0.287225 0.0408211 0.108917 0.0999914 0.0149439 0.00890816 0.00266253 0.000589536 0.000146632 2.60025e-05 3.5038e-06 3.16479e-07 1.68644e-08 5.0044e-10 6.54099e-12
 2.5709e-27 2.60872e-27 5.04442e-26 1.01014e-19 2.47624e-14 7.33754e-10 2.62819e-06 0.0011379 0.0595538 0.376753 0.28833 0.0407373 0.107504 0.0986949 0.0148603 0.00904235 0.00267868 0.000549653 0.000131118 2.12482e-05 2.87512e-06 2.70004e-07 1.44937e-08 3.93226e-10 4.71129e-12
 2.57131e-27 2.60982e-27 5.14113e-26 1.03054e-19 2.52625e-14 7.48574e-10 2.68127e-06 0.00116089 0.0607566 0.384363 0.294137 0.040518 0.101755 0.0933729 0.0136048 0.00751924 0.00222458 0.000459777 0.000107837 1.62058e-05 2.03313e-06 1.82396e-07 1.00882e-08 2.76422e-10 3.07861e-12
 2.57123e-27 2.60961e-27 5.12258e-26 1.02663e-19 2.51666e-14 7.4573e-10 2.67108e-06 0.00115648 0.0605258 0.382902 0.293022 0.0405427 0.102726 0.0942775 0.0139201 0.00800893 0.0023487 0.000446123 0.000103113 1.5523e-05 1.86082e-06 1.5313e-07 7.94791e-09 2.20215e-10 2.47278e-12
 2.57076e-27 2.60834e-27 5.01012e-26 1.0029e-19 2.4585e-14 7.28498e-10 2.60936e-06 0.00112975 0.0591271 0.374054 0.286272 0.0409078 0.110247 0.101211 0.0150256 0.00878537 0.0025898 0.000512908 0.000117326 1.64089e-05 1.93865e-06 1.55377e-07 7.42438e-09 1.9161e-10 2.14041e-12
 2.57089e-27 2.60869e-27 5.04111e-26 1.00944e-19 2.47453e-14 7.33247e-10 2.62637e-06 0.00113712 0.0595126 0.376493 0.288132 0.0407934 0.108069 0.0992064 0.0147599 0.008684 0.00256223 0.000510969 0.000118105 1.70402e-05 1.94031e-06 1.47716e-07 6.8733e-09 1.6484e-10 1.71214e-12
 2.57069e-27 2.60815e-27 4.99256e-26 9.99199e-20 2.44942e-14 7.25806e-10 2.59972e-06 0.00112558 0.0589087 0.372672 0.285217 0.0409717 0.111474 0.10234 0.0151737 0.0088389 0.00260959 0.000524316 0.00012155 1.76894e-05 2.05674e-06 1.56206e-07 6.88674e-09 1.58883e-10 1.54533e-12
#obs catch len freq
 1.74996e-41 2.42883e-33 4.07487e-26 8.26375e-20 2.02576e-14 6.0027e-10 2.15007e-06 0.000930906 0.0487199 0.308216 0.236086 0.0440881 0.153759 0.130296 0.0370267 0.028615 0.00881942 0.00281341 0.000556436 6.6561e-05 3.52902e-06 5.96847e-08 2.37945e-10 1.79894e-13 2.23498e-17
 1.77356e-41 2.46158e-33 4.12981e-26 8.37518e-20 2.05308e-14 6.08364e-10 2.17906e-06 0.000943459 0.0493769 0.312373 0.239318 0.0459895 0.155433 0.124611 0.035727 0.025838 0.00764156 0.00228392 0.00041763 4.33338e-05 1.87474e-06 2.46654e-08 7.37711e-11 4.07194e-14 3.62844e-18
 2.17936e-41 3.0248e-33 5.07474e-26 1.02915e-19 2.52283e-14 7.47561e-10 2.67764e-06 0.00115933 0.0606745 0.383845 0.293849 0.0433303 0.0991022 0.0749313 0.0222532 0.0151543 0.00429442 0.00118756 0.000197749 1.78845e-05 6.31776e-07 6.40346e-09 1.4254e-11 5.73562e-15 3.67394e-19
 1.74282e-41 2.41891e-33 4.05823e-26 8.23001e-20 2.01749e-14 5.97819e-10 2.14129e-06 0.000927105 0.048521 0.306959 0.23541 0.0536932 0.183013 0.128428 0.0254625 0.0129643 0.00356061 0.000912811 0.000136624 1.06126e-05 3.06082e-07 2.39477e-09 3.95151e-12 1.15343e-15 5.29997e-20
 2.10566e-41 2.92251e-33 4.90312e-26 9.94343e-20 2.43751e-14 7.2228e-10 2.58709e-06 0.00112012 0.0586226 0.370864 0.284084 0.0474791 0.113765 0.0768797 0.0275187 0.0160898 0.0029373 0.000557227 7.45189e-05 4.91478e-06 1.14348e-07 6.903e-10 8.47441e-13 1.7954e-16 5.90577e-21
 2.38719e-41 3.31327e-33 5.5587e-26 1.12729e-19 2.76342e-14 8.18853e-10 2.933e-06 0.00126989 0.0664608 0.420451 0.321902 0.0453833 0.0781288 0.048161 0.0109954 0.00542583 0.00151517 0.000278278 2.42081e-05 1.25188e-06 2.32257e-08 1.07335e-10 9.79954e-14 1.51279e-17 3.57442e-22
 1.35355e-41 1.87864e-33 3.15181e-26 6.3918e-20 1.56687e-14 4.64294e-10 1.66302e-06 0.000720032 0.0376836 0.238402 0.183846 0.0756561 0.271318 0.154605 0.0261725 0.00948658 0.00175335 0.000323226 3.11458e-05 1.11635e-06 1.45434e-08 5.02835e-11 3.39531e-14 3.81531e-18 6.49104e-23
 2.24303e-41 3.11318e-33 5.22301e-26 1.05922e-19 2.59654e-14 7.69403e-10 2.75588e-06 0.0011932 0.0624473 0.395061 0.302677 0.0481407 0.086826 0.0524674 0.0335596 0.0153941 0.00198452 0.000228222 1.76043e-05 6.0688e-07 5.8085e-09 1.34607e-11 6.41728e-15 5.19311e-19 6.34652e-24
 2.01744e-41 2.80008e-33 4.69771e-26 9.52687e-20 2.3354e-14 6.92021e-10 2.47871e-06 0.00107319 0.0561668 0.355331 0.272899 0.0635325 0.151791 0.0752157 0.014808 0.00660777 0.00227662 0.000283151 1.30635e-05 3.14547e-07 2.50808e-09 4.36642e-12 1.40471e-15 7.68908e-20 6.54602e-25
 2.06262e-41 2.86277e-33 4.8029e-26 9.74018e-20 2.38769e-14 7.07517e-10 2.53421e-06 0.00109723 0.0574244 0.363288 0.27907 0.0636843 0.138538 0.0668392 0.0214916 0.00726441 0.00109358 0.000194112 1.27994e-05 2.13601e-07 1.08324e-09 1.3986e-12 3.3736e-16 1.29808e-20 7.46985e-26
 2.02493e-41 2.81047e-33 4.71514e-26 9.56222e-20 2.34406e-14 6.94589e-10 2.48791e-06 0.00107718 0.0563752 0.356652 0.274328 0.069372 0.147989 0.0661856 0.0199946 0.00671229 0.00118307 0.000121174 7.22333e-06 1.48207e-07 6.11686e-10 5.04427e-13 8.18144e-17 2.26356e-21 9.40384e-27
 2.13679e-41 2.96573e-33 4.97562e-26 1.00905e-19 2.47356e-14 7.3296e-10 2.62534e-06 0.00113668 0.0594895 0.376355 0.289428 0.0679447 0.127242 0.0540465 0.0179157 0.00544757 0.000897274 9.08492e-05 3.87304e-06 6.13196e-08 2.52662e-10 1.83449e-13 2.10393e-17 3.80198e-22 1.05931e-27
 2.09145e-41 2.9028e-33 4.87004e-26 9.87635e-20 2.42107e-14 7.17408e-10 2.56964e-06 0.00111256 0.0582272 0.368372 0.283813 0.0752704 0.138681 0.0538984 0.0155235 0.00433275 0.000700983 6.31906e-05 2.37662e-06 2.79978e-08 8.34133e-11 5.08262e-14 5.05567e-18 7.2447e-23 1.43845e-28
 2.04939e-41 2.84442e-33 4.7721e-26 9.67772e-20 2.37238e-14 7.0298e-10 2.51796e-06 0.00109019 0.0570562 0.360968 0.278679 0.0817475 0.1449 0.053926 0.0168996 0.00412024 0.000563398 4.5566e-05 1.47936e-06 1.42045e-08 3.14819e-11 1.35161e-14 9.96366e-19 1.13045e-23 1.8073e-29
 1.92614e-41 2.67336e-33 4.48511e-26 9.09572e-20 2.22971e-14 6.60703e-10 2.36653e-06 0.00102463 0.0536249 0.339269 0.263051 0.0940156 0.164835 0.0591374 0.0198015 0.00460035 0.000598202 3.95205e-05 1.05167e-06 8.21442e-09 1.41785e-11 4.51102e-15 2.35652e-19 1.87635e-24 2.16013e-30
 1.74832e-41 2.42656e-33 4.07105e-26 8.25602e-20 2.02387e-14 5.99708e-10 2.14806e-06 0.000930035 0.0486743 0.307962 0.240496 0.110023 0.189826 0.0688353 0.0265001 0.00594627 0.000759456 4.50297e-05 9.62576e-07 5.77613e-09 7.66443e-12 1.84477e-15 7.11513e-20 4.07946e-25 3.31302e-31
 1.97093e-41 2.73552e-33 4.5894e-26 9.3072e-20 2.28155e-14 6.76065e-10 2.42156e-06 0.00104845 0.0548717 0.347168 0.270026 0.097556 0.143875 0.0549015 0.0241955 0.00558344 0.000731414 4.01942e-05 7.35199e-07 3.44161e-09 3.38772e-12 6.00841e-16 1.70823e-20 7.17524e-26 4.22604e-32
 1.92691e-41 2.67443e-33 4.48691e-26 9.09936e-20 2.2306e-14 6.60968e-10 2.36748e-06 0.00102504 0.0536464 0.339432 0.265564 0.111513 0.156103 0.0502805 0.0175752 0.00424214 0.000583609 3.1189e-05 5.05458e-07 1.93464e-09 1.4582e-12 1.89597e-16 3.88458e-21 1.17425e-26 4.98791e-33
 1.91088e-41 2.65217e-33 4.44957e-26 9.02364e-20 2.21204e-14 6.55468e-10 2.34778e-06 0.00101651 0.0532 0.336623 0.264563 0.118363 0.154072 0.0506927 0.017694 0.00334465 0.000406601 2.13705e-05 3.1694e-07 1.02637e-09 6.14583e-13 6.06835e-17 9.14043e-22 1.98961e-27 6.02462e-34
 1.92453e-41 2.67113e-33 4.48137e-26 9.08812e-20 2.22785e-14 6.60152e-10 2.36456e-06 0.00102377 0.0535802 0.339047 0.267536 0.123107 0.147394 0.0482907 0.016659 0.00304106 0.000305428 1.29989e-05 1.70128e-07 4.74738e-10 2.32171e-13 1.79284e-17 2.04565e-22 3.2957e-28 7.26034e-35
 2.00032e-41 2.77631e-33 4.65784e-26 9.44601e-20 2.31558e-14 6.86148e-10 2.45767e-06 0.00106409 0.0556902 0.352412 0.278455 0.122258 0.131925 0.0419425 0.0136442 0.00238063 0.00021841 7.52248e-06 7.57571e-08 1.69952e-10 6.75655e-14 4.14896e-18 3.6655e-23 4.47253e-29 7.33512e-36
 1.99862e-41 2.77395e-33 4.65388e-26 9.43797e-20 2.31361e-14 6.85564e-10 2.45558e-06 0.00106318 0.0556429 0.352145 0.279999 0.130138 0.12956 0.0383314 0.0111786 0.00178764 0.000147395 4.34197e-06 3.41135e-08 5.68649e-11 1.70006e-14 8.01489e-19 5.45928e-24 5.09471e-30 6.31472e-37
 2.03931e-41 2.83043e-33 4.74863e-26 9.63013e-20 2.36071e-14 6.99523e-10 2.50558e-06 0.00108483 0.0567758 0.359344 0.286708 0.131282 0.119161 0.0348635 0.00938473 0.00130068 9.16094e-05 2.26721e-06 1.43227e-08 1.81542e-11 3.96737e-15 1.35504e-19 6.75111e-25 4.66426e-31 4.3094e-38
 1.97404e-41 2.73984e-33 4.59665e-26 9.32191e-20 2.28516e-14 6.77134e-10 2.42538e-06 0.00105011 0.0549589 0.347916 0.281191 0.146164 0.124581 0.0345332 0.00847742 0.00106277 6.22286e-05 1.23183e-06 6.13237e-09 5.98617e-12 9.7909e-16 2.4393e-20 8.72419e-26 4.30533e-32 2.84945e-39
 2.02423e-41 2.8095e-33 4.71351e-26 9.55891e-20 2.34325e-14 6.94349e-10 2.48705e-06 0.0010768 0.0563562 0.356801 0.289167 0.143713 0.1122 0.032328 0.00748786 0.00082608 4.07678e-05 6.39249e-07 2.42029e-09 1.7772e-12 2.17045e-16 3.99466e-21 1.04249e-26 3.7109e-33 1.75586e-40
 2.00257e-41 2.77944e-33 4.66308e-26 9.45663e-20 2.31818e-14 6.8692e-10 2.46043e-06 0.00106528 0.0557535 0.35308 0.28955 0.153162 0.110591 0.0297345 0.00637492 0.000658786 2.74239e-05 3.40951e-07 9.80111e-10 5.30978e-13 4.73548e-17 6.35234e-22 1.20657e-27 3.11666e-34 1.06554e-41
 1.9416e-41 2.69481e-33 4.5211e-26 9.1687e-20 2.2476e-14 6.66005e-10 2.38552e-06 0.00103285 0.0540564 0.342477 0.285879 0.166398 0.113351 0.0303489 0.00589842 0.000536545 1.93101e-05 1.93904e-07 4.24523e-10 1.69997e-13 1.10099e-17 1.06239e-22 1.44689e-28 2.6798e-35 6.57419e-43
 1.86554e-41 2.58924e-33 4.344e-26 8.80954e-20 2.15955e-14 6.39915e-10 2.29207e-06 0.000992389 0.0519396 0.329264 0.281106 0.180506 0.117302 0.0324358 0.00595597 0.000482421 1.44307e-05 1.16906e-07 1.98706e-10 5.94327e-14 2.80806e-18 1.9524e-23 1.90231e-29 2.51005e-36 4.37809e-44
#spawning biomass
 7688.87 7692.16 9396.34 10977.7 17437.3 29954.6 30136.3 34748.4 44323.9 57334.5 72576.9 90119.5 119065 139508 145627 123176 107136 100444 95008.3 102183 103138 110617 116941 113997 134846 150479 146844 148883 176522 190744 108905 57664.6 33634.4 23706.2 19912.6 18537.6 18057.4 17894.2 17839.9 17822 17816.2 17814.4 17813.8 17813.6 17813.5 17813.5 17813.5 17813.5 17813.5 17813.5 17813.5 17813.5 17813.5 17813.5 17813.5 17813.5 17813.5 17813.5 17813.5 17813.5 17813.5 17813.5 17813.5 17813.5 17813.5 17813.5 17813.5 17813.5 17813.5 17813.5 17813.5 17813.5 17813.5 17813.5 17813.5 17813.5 17813.5 17813.5 17813.5 17813.5 17813.5 17813.5 17813.5 17813.5 17813.5 17813.5 17813.5 17813.5 17813.5 17813.5 17813.5 17813.5 17813.5 17813.5 17813.5 17813.5 17813.5 17813.5 17813.5 17813.5 17813.5 17813.5 17813.5 17813.5 17813.5 17813.5 17813.5 17813.5 17813.5 17813.5 17813.5 17813.5 17813.5 17813.5 17813.5 17813.5 17813.5 17813.5 17813.5 17813.5 17813.5 17813.5 17813.5 17813.5 17813.5 17813.5 17813.5 17813.5 0 0 0 0 0 0 0 0 0 0 0 0 0 0 0 0 0 0 0 0 0 0 0 0 0
