SBPRF35
0.224663
Curr Bio
46858.2
B35
188387
F35
0.339922
FOFL
0.0816336
OFL
10129.2
Bzero
64189.3
#pred survey bio
 7623.7 6744.48 7939.71 7672.18 9909.45 13949.7 14579.9 16655.2 27764.1 46703.6 64703.9 83774.7 117740 138360 136436 125664 116068 113683 108912 118419 123335 130733 136083 146773 162377 181865 169662 157799 5.87057e+06 4.19915e+06 3.40893e+06 2.47479e+06 1.78464e+06 1.34975e+06 1.09601e+06 953639 875102 831864 807856 794308 786501 781894 779107 777379 776294 775601 775152 774858 774663 774534 774448 774390 774351 774324 774307 774295 774287 774281 774278 774275 774273 774272 774272 774271 774271 774270 774270 774270 774270 774270 774270 774270 774270 774270 774270 774270 774270 774270 774270 774270 774270 774270 774270 774270 774270 774270 774270 774270 774270 774270 774270 774270 774270 774270 774270 774270 774270 774270 774270 774270 774270 774270 774270 774270 774270 774270 774270 774270 774270 774270 774270 774270 774270 774270 774270 774270 774270 774270 774270 774270 774270 774270 774270 774270 774270 774270 774270 774270 0 0 0 0 0 0 0 0 0 0 0 0 0 0 0 0 0 0 0 0 0 0 0 0 0
#obs survey bio
 7180.03 8070.54 8537.96 9675.24 17995.8 17137.9 18483.9 22210 36806.2 55347.9 67004.5 96769.6 187304 157300 116729 104608 117313 125944 123058 150270 123716 142158 109633 131657 190839 148378 154555 200882
#pred catch bio
 5278.73 4573.3 5981.15 5634.98 6746.51 10449.2 11145.2 11843.8 18711.9 32726.6 46913.1 57783.8 85407.8 102783 101537 94552.8 86258.8 86995.8 79441.5 87845.1 90753.1 96580.2 99720.9 107531 113814 133311 125309 106675 10129.2 47978.7 37687.7 26552.1 18640.2 13825.3 11131 9697.91 8959.96 8587.97 8403.1 8312.11 8267.63 8245.97 8235.47 8230.37 8227.92 8226.73 8226.17 8225.89 8225.76 8225.7 8225.66 8225.65 8225.64 8225.64 8225.64 8225.64 8225.64 8225.64 8225.64 8225.64 8225.64 8225.64 8225.64 8225.64 8225.64 8225.64 8225.64 8225.64 8225.64 8225.64 8225.64 8225.64 8225.64 8225.64 8225.64 8225.64 8225.64 8225.64 8225.64 8225.64 8225.64 8225.64 8225.64 8225.64 8225.64 8225.64 8225.64 8225.64 8225.64 8225.64 8225.64 8225.64 8225.64 8225.64 8225.64 8225.64 8225.64 8225.64 8225.64 8225.64 8225.64 8225.64 8225.64 8225.64 8225.64 8225.64 8225.64 8225.64 8225.64 8225.64 8225.64 8225.64 8225.64 8225.64 8225.64 8225.64 8225.64 8225.64 8225.64 8225.64 8225.64 8225.64 8225.64 8225.64 8225.64 8225.64 8225.64 8225.64 0 0 0 0 0 0 0 0 0 0 0 0 0 0 0 0 0 0 0 0 0 0 0 0 0
#obs catch bio
 4941.06 4552.03 5996.91 5593.5 6452.86 10269.1 10978.2 11531.1 18018 31652.4 46063.7 56386.3 81563.8 101259 102048 94953.1 85209.4 86611.6 80273.5 87379.1 90146.5 96228.3 100080 109114 114003 133507 127016 106553
#pred cpue bio
 7221.81 6137.15 7261.65 6996.44 8895.81 12651.8 13279.9 14985.7 24739.3 41974.6 58515.8 75584.1 106445 125734 124958 115302 106106 103856 99116 107872 112345 119100 124054 133584 147589 166507 156002 144585 5.41243e+06 4.22419e+06 3.40123e+06 2.45783e+06 1.76662e+06 1.33163e+06 1.07787e+06 935505 856967 813730 789722 776174 768367 763759 760973 759244 758160 757467 757018 756724 756529 756400 756313 756256 756217 756190 756173 756161 756153 756147 756143 756141 756139 756138 756137 756137 756136 756136 756136 756136 756136 756136 756136 756136 756136 756136 756136 756136 756136 756136 756136 756136 756136 756136 756136 756136 756136 756136 756136 756136 756136 756136 756136 756136 756136 756136 756136 756136 756136 756136 756136 756136 756136 756136 756136 756136 756136 756136 756136 756136 756136 756136 756136 756136 756136 756136 756136 756136 756136 756136 756136 756136 756136 756136 756136 756136 756136 756136 756136 756136 0 0 0 0 0 0 0 0 0 0 0 0 0 0 0 0 0 0 0 0 0 0 0 0 0
#obs cpue bio
 5936.06 5900.86 6309.39 6640.67 12914.3 10759.9 13165.6 18342.7 37596.1 56849 67577.8 100551 162192 112644 118761 135508 135999 98144.3 64625.4 106413 123497 114023 137634 111075 131386 205908 130464 122415
#pred surv len freq
 2.14584e-27 2.17299e-27 6.55897e-27 1.50076e-21 8.92561e-17 1.22042e-12 3.8364e-09 2.77258e-06 0.00046066 0.0175969 0.154537 0.312013 0.145238 0.0263584 0.0669665 0.0940192 0.0384588 0.0315077 0.0281625 0.0192359 0.0163455 0.0142963 0.0149297 0.0139798 0.0058919
 2.14878e-27 2.18162e-27 7.54275e-27 1.8346e-21 1.09111e-16 1.49189e-12 4.68979e-09 3.38932e-06 0.000563131 0.0215112 0.188913 0.381418 0.177378 0.0277837 0.0547555 0.0764418 0.027985 0.0137287 0.0108841 0.00587441 0.00411888 0.00295491 0.00257393 0.00219701 0.000916115
 2.1478e-27 2.1794e-27 7.31428e-27 1.7571e-21 1.04501e-16 1.42887e-12 4.49167e-09 3.24614e-06 0.000539342 0.0206025 0.180932 0.365306 0.169997 0.029599 0.0706943 0.0988201 0.0348194 0.0128205 0.00899818 0.00331613 0.00160502 0.000846791 0.000551138 0.000393376 0.000155659
 2.14804e-27 2.18005e-27 7.38715e-27 1.78183e-21 1.05972e-16 1.44898e-12 4.5549e-09 3.29184e-06 0.000546934 0.0208925 0.183479 0.370448 0.172361 0.029225 0.066862 0.0934608 0.0335385 0.0142782 0.0101369 0.00311768 0.00107315 0.00034799 0.000136032 6.90806e-05 2.4141e-05
 2.1495e-27 2.18365e-27 7.76917e-27 1.91142e-21 1.1368e-16 1.55437e-12 4.88617e-09 3.53125e-06 0.000586712 0.022412 0.196823 0.397389 0.18477 0.0280016 0.0512731 0.0714704 0.0255414 0.0105482 0.00751403 0.00249381 0.000890012 0.000220842 4.67344e-05 1.2198e-05 3.16265e-06
 2.14853e-27 2.18124e-27 7.51046e-27 1.82364e-21 1.08459e-16 1.48299e-12 4.66178e-09 3.36908e-06 0.000559768 0.0213828 0.187785 0.37914 0.176377 0.0291729 0.063924 0.0892549 0.0311739 0.0105883 0.00718097 0.00234955 0.000843094 0.000218918 3.93736e-05 5.14375e-06 6.69602e-07
 2.14813e-27 2.18026e-27 7.40763e-27 1.78877e-21 1.06385e-16 1.45463e-12 4.57263e-09 3.30465e-06 0.000549063 0.0209739 0.184193 0.37189 0.173032 0.0293598 0.0672502 0.0939772 0.0333081 0.0128703 0.00890407 0.0026202 0.000818551 0.000207545 3.75426e-05 4.15171e-06 2.76984e-07
 2.14929e-27 2.18313e-27 7.71255e-27 1.89221e-21 1.12537e-16 1.53874e-12 4.83706e-09 3.49576e-06 0.000580815 0.0221867 0.194845 0.393395 0.182933 0.028255 0.0540239 0.0753406 0.0268155 0.0107257 0.00753608 0.00236477 0.000781977 0.000179685 2.91253e-05 3.09404e-06 1.72165e-07
 2.15011e-27 2.18513e-27 7.92295e-27 1.96357e-21 1.16781e-16 1.59678e-12 5.01949e-09 3.6276e-06 0.00060272 0.0230235 0.202193 0.408231 0.189771 0.027705 0.0461949 0.0642746 0.0224911 0.00777507 0.00528574 0.00169492 0.000585165 0.000142378 2.30734e-05 2.22474e-06 1.13158e-07
 2.14936e-27 2.18326e-27 7.72315e-27 1.89579e-21 1.1275e-16 1.54165e-12 4.84621e-09 3.50237e-06 0.000581914 0.0222287 0.195214 0.394139 0.183288 0.02855 0.0556005 0.0775077 0.0268307 0.00833211 0.00544506 0.00161801 0.000510647 0.000126251 2.15312e-05 2.13046e-06 1.03184e-07
 2.1488e-27 2.1819e-27 7.58078e-27 1.8475e-21 1.09878e-16 1.50238e-12 4.72277e-09 3.41316e-06 0.000567091 0.0216625 0.190241 0.3841 0.17866 0.0289016 0.0607728 0.0848248 0.0297786 0.0105953 0.00715151 0.00201352 0.000574581 0.000130224 2.09672e-05 2.12335e-06 1.06144e-07
 2.14903e-27 2.18248e-27 7.643e-27 1.86861e-21 1.11134e-16 1.51955e-12 4.77673e-09 3.45216e-06 0.000573571 0.02191 0.192415 0.388489 0.180677 0.0285842 0.0575125 0.0802446 0.0283672 0.010729 0.00740584 0.00222669 0.000689697 0.000148668 2.14853e-05 2.00862e-06 9.86047e-08
 2.14884e-27 2.18202e-27 7.59385e-27 1.85194e-21 1.10142e-16 1.50599e-12 4.73411e-09 3.42136e-06 0.000568453 0.0217145 0.190698 0.385023 0.179081 0.0287645 0.0596576 0.0832647 0.0293824 0.0109481 0.00755921 0.00235251 0.000774292 0.0001787 2.68234e-05 2.34211e-06 1.04973e-07
 2.14835e-27 2.1808e-27 7.46502e-27 1.80824e-21 1.07543e-16 1.47046e-12 4.6224e-09 3.34062e-06 0.000555039 0.0212021 0.186198 0.375937 0.174898 0.0292111 0.0651228 0.0909679 0.0320983 0.0119511 0.00824118 0.00254273 0.000835377 0.000200671 3.22935e-05 2.97504e-06 1.31533e-07
 2.14757e-27 2.17889e-27 7.26369e-27 1.73995e-21 1.03481e-16 1.41492e-12 4.44782e-09 3.21446e-06 0.000534077 0.0204014 0.179166 0.36174 0.168356 0.0297863 0.0729129 0.101969 0.0362592 0.0143923 0.0100726 0.00310483 0.00101616 0.000242923 3.97542e-05 3.86369e-06 1.80863e-07
 2.1474e-27 2.17849e-27 7.22393e-27 1.72647e-21 1.0268e-16 1.40397e-12 4.41339e-09 3.18957e-06 0.000529942 0.0202434 0.177779 0.358939 0.167057 0.0296758 0.073083 0.102249 0.0368997 0.0163666 0.0117724 0.00375743 0.00128221 0.000307668 5.01902e-05 4.91896e-06 2.38469e-07
 2.14779e-27 2.17945e-27 7.32618e-27 1.76116e-21 1.04743e-16 1.43217e-12 4.50205e-09 3.25364e-06 0.000540588 0.0206501 0.18135 0.36615 0.170377 0.0293197 0.0687352 0.0961165 0.0346765 0.0153564 0.0111293 0.00378332 0.00139714 0.00035012 5.8982e-05 5.81237e-06 2.83243e-07
 2.14785e-27 2.1796e-27 7.34021e-27 1.76591e-21 1.05026e-16 1.43604e-12 4.51421e-09 3.26243e-06 0.000542048 0.0207059 0.18184 0.367138 0.170836 0.0293726 0.0687603 0.0961343 0.0344452 0.0145097 0.010409 0.00354161 0.00133279 0.000357064 6.48594e-05 6.67917e-06 3.32013e-07
 2.14823e-27 2.18052e-27 7.43762e-27 1.79895e-21 1.06991e-16 1.46291e-12 4.59866e-09 3.32347e-06 0.000552189 0.0210932 0.185242 0.374007 0.174002 0.0291134 0.0651081 0.0909757 0.0324824 0.0133194 0.00946456 0.00312517 0.00113977 0.000307136 5.8264e-05 6.4463e-06 3.39516e-07
 2.14813e-27 2.18027e-27 7.41099e-27 1.78992e-21 1.06453e-16 1.45556e-12 4.57557e-09 3.30677e-06 0.000549416 0.0209873 0.184312 0.372129 0.173138 0.0292347 0.0664146 0.0928133 0.0330774 0.0133688 0.00945404 0.00307754 0.00109551 0.000286211 5.33714e-05 6.06325e-06 3.37986e-07
 2.14813e-27 2.18029e-27 7.41216e-27 1.79031e-21 1.06477e-16 1.45588e-12 4.57658e-09 3.30751e-06 0.000549538 0.020992 0.184352 0.372211 0.173176 0.0292252 0.0663318 0.092698 0.0330587 0.0134314 0.00949911 0.00306485 0.00107555 0.000275567 4.98352e-05 5.53378e-06 3.112e-07
 2.14812e-27 2.18026e-27 7.40923e-27 1.78932e-21 1.06418e-16 1.45507e-12 4.57405e-09 3.30568e-06 0.000549233 0.0209803 0.18425 0.372005 0.17308 0.0292245 0.0663894 0.0927809 0.0331111 0.0135251 0.00958027 0.00310032 0.00108902 0.000276098 4.89455e-05 5.28892e-06 2.90315e-07
 2.14806e-27 2.1801e-27 7.39216e-27 1.78353e-21 1.06073e-16 1.45036e-12 4.55924e-09 3.29498e-06 0.000547455 0.0209124 0.183654 0.370801 0.172526 0.0292841 0.0671163 0.0938052 0.0334676 0.0136424 0.00966239 0.00313602 0.00110611 0.000281043 4.9593e-05 5.27046e-06 2.82392e-07
 2.14822e-27 2.1805e-27 7.43542e-27 1.79821e-21 1.06946e-16 1.4623e-12 4.59675e-09 3.32209e-06 0.00055196 0.0210845 0.185165 0.373852 0.17393 0.0291095 0.0651311 0.0910114 0.032542 0.0134903 0.0095883 0.0031097 0.00109669 0.000279522 4.94963e-05 5.24938e-06 2.77975e-07
 2.14835e-27 2.18081e-27 7.46753e-27 1.8091e-21 1.07594e-16 1.47115e-12 4.62459e-09 3.34221e-06 0.000555303 0.0212122 0.186286 0.376116 0.174974 0.0290493 0.0640811 0.0895224 0.0318931 0.0128546 0.00909161 0.00297602 0.00106056 0.000270573 4.79766e-05 5.10319e-06 2.70163e-07
 2.14761e-27 2.17901e-27 7.27722e-27 1.74454e-21 1.03754e-16 1.41866e-12 4.45957e-09 3.22294e-06 0.000535487 0.0204552 0.179639 0.362695 0.168793 0.0296614 0.0718625 0.100498 0.0358743 0.0146819 0.0104002 0.00335692 0.00118028 0.000303317 5.42185e-05 5.78074e-06 3.06655e-07
 2.14717e-27 2.17793e-27 7.16543e-27 1.70663e-21 1.015e-16 1.38783e-12 4.36265e-09 3.1529e-06 0.00052385 0.0200107 0.175735 0.354813 0.165156 0.029856 0.0754265 0.105554 0.0380889 0.0168849 0.0121699 0.00395646 0.00139657 0.000354631 6.29706e-05 6.7553e-06 3.60174e-07
 2.14756e-27 2.1789e-27 7.26895e-27 1.74175e-21 1.03589e-16 1.41639e-12 4.45244e-09 3.21779e-06 0.000534631 0.0204225 0.179352 0.362115 0.168515 0.0293973 0.0704251 0.098518 0.0357901 0.0166229 0.0121579 0.00413718 0.00153708 0.000394753 6.9975e-05 7.44684e-06 3.96997e-07
#obs surv len freq
 1.235e-39 6.04449e-33 6.80136e-27 1.75945e-21 1.04641e-16 1.43077e-12 4.49765e-09 3.25046e-06 0.000540069 0.0206299 0.181172 0.365792 0.17021 0.0292715 0.0685498 0.0958623 0.0346779 0.0156529 0.0114364 0.00403129 0.00159791 0.000462542 9.70541e-05 1.24722e-05 8.16709e-07
 1.31963e-39 6.4587e-33 7.26743e-27 1.88002e-21 1.11812e-16 1.52882e-12 4.80586e-09 3.47321e-06 0.000577078 0.0220437 0.193587 0.390857 0.181757 0.0281808 0.0543369 0.0758093 0.0273432 0.0120897 0.00877887 0.00304349 0.00117982 0.000333857 6.84967e-05 8.62926e-06 5.51832e-07
 1.15484e-39 5.65215e-33 6.35989e-27 1.64524e-21 9.78488e-17 1.33791e-12 4.20572e-09 3.03948e-06 0.000505014 0.0192909 0.169413 0.34205 0.159295 0.030912 0.0857199 0.119985 0.0421202 0.0149992 0.010357 0.00354203 0.00134918 0.000373929 7.46802e-05 9.17147e-06 5.73576e-07
 1.35166e-39 6.61543e-33 7.44379e-27 1.92564e-21 1.14525e-16 1.56592e-12 4.92249e-09 3.55749e-06 0.000591082 0.0225786 0.198285 0.400342 0.186115 0.0274617 0.0470885 0.0656441 0.0244691 0.0132862 0.00983877 0.00298888 0.000985356 0.000264128 5.15108e-05 6.15744e-06 3.74931e-07
 1.38769e-39 6.79179e-33 7.64223e-27 1.97697e-21 1.17578e-16 1.60767e-12 5.05371e-09 3.65233e-06 0.00060684 0.0231805 0.203571 0.411014 0.191055 0.0276217 0.0448487 0.0623625 0.0216081 0.0067903 0.00460995 0.00178194 0.000731737 0.000178911 3.0975e-05 3.54484e-06 2.0998e-07
 1.26914e-39 6.21156e-33 6.98935e-27 1.80808e-21 1.07533e-16 1.47032e-12 4.62197e-09 3.34031e-06 0.000554997 0.0212002 0.18618 0.375902 0.174895 0.0295683 0.0673145 0.0939982 0.0323681 0.00949148 0.00606091 0.00172801 0.000541812 0.000158391 3.08083e-05 3.24091e-06 1.77533e-07
 1.279e-39 6.25981e-33 7.04364e-27 1.82212e-21 1.08369e-16 1.48174e-12 4.65788e-09 3.36626e-06 0.000559308 0.0213649 0.187626 0.378822 0.176221 0.0289098 0.0624145 0.0871841 0.0312294 0.0131086 0.00917112 0.0025217 0.000684578 0.000150678 2.592e-05 3.03499e-06 1.67868e-07
 1.42388e-39 6.96889e-33 7.84151e-27 2.02852e-21 1.20644e-16 1.64959e-12 5.1855e-09 3.74757e-06 0.000622664 0.023785 0.208879 0.421731 0.195983 0.0269101 0.0372743 0.0517235 0.0183699 0.0072258 0.0050904 0.00167993 0.000578994 0.00012308 1.70304e-05 1.6227e-06 8.84383e-08
 1.42078e-39 6.95372e-33 7.82443e-27 2.02411e-21 1.20381e-16 1.646e-12 5.1742e-09 3.73941e-06 0.000621308 0.0237332 0.208425 0.420813 0.195574 0.0273174 0.0400375 0.0555571 0.0188921 0.00476266 0.00291556 0.000928324 0.000323094 8.1816e-05 1.31809e-05 1.13624e-06 5.06262e-08
 1.34782e-39 6.59665e-33 7.42265e-27 1.92017e-21 1.142e-16 1.56147e-12 4.90851e-09 3.54739e-06 0.000589404 0.0225145 0.197722 0.399205 0.185627 0.028459 0.053519 0.0745497 0.0254649 0.00678947 0.00415111 0.00106648 0.000263827 6.25741e-05 1.08493e-05 1.08352e-06 4.94435e-08
 1.32176e-39 6.4691e-33 7.27914e-27 1.88305e-21 1.11992e-16 1.53128e-12 4.81361e-09 3.4788e-06 0.000578008 0.0220792 0.193899 0.391487 0.182065 0.0286123 0.0567809 0.0791877 0.0276504 0.00935591 0.00618917 0.00162669 0.00039873 7.56541e-05 1.00056e-05 9.69741e-07 4.86446e-08
 1.35356e-39 6.62475e-33 7.45427e-27 1.92835e-21 1.14686e-16 1.56813e-12 4.92942e-09 3.5625e-06 0.000591915 0.0226104 0.198564 0.400906 0.186398 0.0280399 0.050448 0.0702769 0.0247135 0.00893174 0.00608242 0.00178789 0.000528311 0.000104062 1.2543e-05 9.56686e-07 4.1332e-08
 1.33289e-39 6.52356e-33 7.34042e-27 1.8989e-21 1.12934e-16 1.54417e-12 4.85413e-09 3.50809e-06 0.000582874 0.022265 0.195531 0.394783 0.183583 0.0284632 0.0548778 0.076498 0.0265965 0.00863665 0.00573593 0.00174563 0.000555668 0.000123879 1.72734e-05 1.31402e-06 4.85777e-08
 1.29201e-39 6.32347e-33 7.11527e-27 1.84065e-21 1.09471e-16 1.49681e-12 4.70524e-09 3.40049e-06 0.000564996 0.0215821 0.189534 0.382674 0.178005 0.0290006 0.0618076 0.0862774 0.0302067 0.0104869 0.00705157 0.00203493 0.000606498 0.000140075 2.16076e-05 1.87314e-06 7.44797e-08
 1.16672e-39 5.71029e-33 6.42531e-27 1.66217e-21 9.88553e-17 1.35167e-12 4.24898e-09 3.07075e-06 0.000510209 0.0194893 0.171155 0.345568 0.160911 0.0306147 0.0828447 0.115964 0.0411454 0.0160415 0.0111411 0.00332387 0.0010244 0.000226448 3.3877e-05 3.11864e-06 1.38109e-07
 1.26063e-39 6.1699e-33 6.94247e-27 1.79595e-21 1.06812e-16 1.46046e-12 4.59097e-09 3.3179e-06 0.000551274 0.021058 0.184931 0.373381 0.173695 0.0286505 0.0624716 0.0873469 0.032394 0.0170953 0.012675 0.00402903 0.00135513 0.000311726 4.7042e-05 4.21182e-06 1.89461e-07
 1.23082e-39 6.024e-33 6.7783e-27 1.75348e-21 1.04286e-16 1.42592e-12 4.4824e-09 3.23944e-06 0.000538238 0.02056 0.180558 0.364552 0.169647 0.0295367 0.0705424 0.0986327 0.0351289 0.0141457 0.0102102 0.00388399 0.00159057 0.000399538 6.52652e-05 6.03445e-06 2.70267e-07
 1.27887e-39 6.25918e-33 7.04293e-27 1.82194e-21 1.08358e-16 1.48159e-12 4.6574e-09 3.36592e-06 0.000559252 0.0213627 0.187607 0.378784 0.176196 0.0287253 0.0612996 0.0856343 0.0309597 0.0139089 0.0100462 0.00326775 0.00121026 0.000358279 6.99705e-05 7.14307e-06 3.38337e-07
 1.24505e-39 6.09368e-33 6.85671e-27 1.77377e-21 1.05492e-16 1.44242e-12 4.53426e-09 3.27692e-06 0.000544464 0.0207978 0.182647 0.368769 0.171592 0.029414 0.0685222 0.0957779 0.0340343 0.0134463 0.00953123 0.00328574 0.0012387 0.000325626 6.37292e-05 7.61864e-06 4.12045e-07
 1.2632e-39 6.18249e-33 6.95663e-27 1.79961e-21 1.0703e-16 1.46344e-12 4.60033e-09 3.32467e-06 0.000552399 0.0211009 0.185308 0.374143 0.174061 0.029001 0.0643813 0.089971 0.032397 0.0141455 0.0101471 0.0032571 0.00115375 0.000311875 5.91122e-05 6.79934e-06 3.98832e-07
 1.27681e-39 6.24909e-33 7.03158e-27 1.819e-21 1.08183e-16 1.47921e-12 4.6499e-09 3.36049e-06 0.00055835 0.0213283 0.187305 0.378173 0.17592 0.0288847 0.0624566 0.0872416 0.0312052 0.0129763 0.00928157 0.00314738 0.00116167 0.000296656 5.41497e-05 6.15773e-06 3.52686e-07
 1.25767e-39 6.15544e-33 6.9262e-27 1.79174e-21 1.06562e-16 1.45704e-12 4.58021e-09 3.31013e-06 0.000549983 0.0210086 0.184498 0.372506 0.173311 0.0291973 0.0660731 0.0923342 0.0329372 0.0134108 0.00951531 0.00314269 0.00114487 0.00030499 5.60157e-05 6.10636e-06 3.40766e-07
 1.2591e-39 6.16242e-33 6.93405e-27 1.79377e-21 1.06682e-16 1.45869e-12 4.5854e-09 3.31388e-06 0.000550606 0.0210324 0.184707 0.372928 0.173502 0.0290822 0.0652432 0.0911814 0.032761 0.0140815 0.0100908 0.00329224 0.00117427 0.000306348 5.66169e-05 6.28585e-06 3.44512e-07
 1.25738e-39 6.15401e-33 6.92459e-27 1.79133e-21 1.06537e-16 1.4567e-12 4.57915e-09 3.30936e-06 0.000549855 0.0210037 0.184455 0.372419 0.173268 0.0291048 0.0655348 0.0915908 0.0328821 0.014055 0.0100999 0.00339777 0.00124888 0.000322146 5.82164e-05 6.41518e-06 3.54724e-07
 1.265e-39 6.19131e-33 6.96656e-27 1.80218e-21 1.07183e-16 1.46553e-12 4.6069e-09 3.32942e-06 0.000553187 0.021131 0.185573 0.374676 0.174307 0.0289914 0.0641623 0.0896568 0.0322078 0.0138297 0.00994315 0.00333699 0.00123384 0.00032741 6.01269e-05 6.53494e-06 3.5673e-07
 1.19739e-39 5.86042e-33 6.59423e-27 1.70587e-21 1.01454e-16 1.3872e-12 4.36069e-09 3.15148e-06 0.000523622 0.0200017 0.175655 0.354653 0.165086 0.0299534 0.0760693 0.106442 0.0381532 0.0161166 0.0115525 0.00388729 0.00144064 0.000383051 7.14763e-05 7.9293e-06 4.33086e-07
 1.20226e-39 5.88423e-33 6.62103e-27 1.7128e-21 1.01866e-16 1.39284e-12 4.3784e-09 3.16428e-06 0.00052575 0.020083 0.176369 0.356094 0.165735 0.0294938 0.0728299 0.101942 0.0374663 0.0187418 0.0138524 0.00462144 0.00169703 0.000451819 8.46186e-05 9.48587e-06 5.26816e-07
 1.23094e-39 6.0246e-33 6.77897e-27 1.75366e-21 1.04296e-16 1.42607e-12 4.48285e-09 3.23977e-06 0.000538292 0.0205621 0.180576 0.364588 0.169648 0.0291353 0.0680809 0.0952305 0.0348442 0.0169678 0.0126552 0.00467171 0.00188934 0.000504517 9.39719e-05 1.05604e-05 5.91209e-07
#pred catch len freq
 2.14584e-27 2.17303e-27 6.56461e-27 1.50268e-21 8.937e-17 1.22198e-12 3.84129e-09 2.77611e-06 0.000461247 0.0176193 0.154734 0.312411 0.145426 0.026475 0.0675588 0.0948423 0.0386063 0.0310996 0.0277303 0.0188862 0.0160278 0.0140126 0.0146317 0.0137006 0.00577422
 2.14874e-27 2.18153e-27 7.53279e-27 1.83122e-21 1.0891e-16 1.48915e-12 4.68115e-09 3.38308e-06 0.000562094 0.0214716 0.188565 0.380715 0.177056 0.0278577 0.0554192 0.0773723 0.0282494 0.0136212 0.0107601 0.00579144 0.0040544 0.00290729 0.00253209 0.00216126 0.000901204
 2.14788e-27 2.1796e-27 7.33504e-27 1.76414e-21 1.0492e-16 1.4346e-12 4.50967e-09 3.25915e-06 0.000541503 0.0206851 0.181657 0.36677 0.170673 0.0295642 0.0700408 0.0978936 0.0344218 0.012446 0.00869325 0.00319626 0.00154359 0.000813896 0.000529628 0.000378012 0.000149579
 2.14808e-27 2.18016e-27 7.39859e-27 1.78571e-21 1.06203e-16 1.45214e-12 4.56482e-09 3.29901e-06 0.000548125 0.020938 0.183879 0.371255 0.172733 0.0292223 0.0666026 0.093089 0.0333242 0.0139327 0.00985227 0.00302439 0.00103848 0.000336511 0.000131505 6.67782e-05 2.33362e-05
 2.14946e-27 2.18356e-27 7.75877e-27 1.90789e-21 1.1347e-16 1.5515e-12 4.87715e-09 3.52473e-06 0.000585628 0.0223706 0.19646 0.396655 0.184433 0.0280612 0.0518583 0.0722912 0.0257776 0.0104652 0.0074256 0.00245943 0.000875802 0.000217189 4.59454e-05 1.19907e-05 3.10887e-06
 2.1486e-27 2.1814e-27 7.52653e-27 1.8291e-21 1.08783e-16 1.48742e-12 4.67572e-09 3.37916e-06 0.000561442 0.0214467 0.188346 0.380274 0.1769 0.0291421 0.0633941 0.0885039 0.0308543 0.0102945 0.00694575 0.00226784 0.000811909 0.000210695 3.7883e-05 4.94847e-06 6.44158e-07
 2.14822e-27 2.18049e-27 7.43231e-27 1.79714e-21 1.06883e-16 1.46143e-12 4.59403e-09 3.32012e-06 0.000551633 0.021072 0.185055 0.37363 0.173835 0.0293067 0.0664018 0.0927758 0.0328095 0.0124457 0.00857154 0.00251776 0.000784557 0.000198789 3.59475e-05 3.97491e-06 2.6518e-07
 2.14929e-27 2.18313e-27 7.71282e-27 1.8923e-21 1.12543e-16 1.53882e-12 4.8373e-09 3.49593e-06 0.000580843 0.0221878 0.194855 0.393414 0.182943 0.0282796 0.0541685 0.0755403 0.0268277 0.0105437 0.00737739 0.00231048 0.000762244 0.000175046 2.83635e-05 3.01275e-06 1.67637e-07
 2.15007e-27 2.18502e-27 7.91092e-27 1.95949e-21 1.16539e-16 1.59346e-12 5.00905e-09 3.62006e-06 0.000601467 0.0229756 0.201773 0.407382 0.189381 0.0277652 0.0468183 0.0651503 0.0227574 0.00773756 0.00523557 0.00167548 0.000577138 0.000140342 2.27363e-05 2.19199e-06 1.11488e-07
 2.14934e-27 2.18322e-27 7.71862e-27 1.89425e-21 1.12658e-16 1.5404e-12 4.84228e-09 3.49953e-06 0.000581441 0.0222107 0.195055 0.393819 0.183142 0.0285853 0.0559124 0.077944 0.0269393 0.00822732 0.00534788 0.00158619 0.000499375 0.000123383 2.10354e-05 2.08118e-06 1.00794e-07
 2.14882e-27 2.18196e-27 7.58622e-27 1.84934e-21 1.09988e-16 1.50388e-12 4.72748e-09 3.41656e-06 0.000567657 0.0216841 0.190431 0.384483 0.178837 0.028907 0.0606903 0.0847044 0.0296792 0.0103763 0.00697069 0.00195929 0.000557669 0.000126302 2.03287e-05 2.05845e-06 1.02896e-07
 2.149e-27 2.1824e-27 7.63468e-27 1.86579e-21 1.10966e-16 1.51726e-12 4.76952e-09 3.44695e-06 0.000572705 0.0218769 0.192124 0.387902 0.180408 0.0286375 0.0580149 0.0809486 0.0285588 0.0106184 0.00729804 0.00219026 0.000676787 0.000145795 2.10627e-05 1.96885e-06 9.66485e-08
 2.14887e-27 2.18207e-27 7.59967e-27 1.85391e-21 1.10259e-16 1.5076e-12 4.73916e-09 3.425e-06 0.000569059 0.0217377 0.190901 0.385433 0.179271 0.0287705 0.0595712 0.0831385 0.0292782 0.0107181 0.00736685 0.0022882 0.000751347 0.000173299 2.60042e-05 2.27032e-06 1.0175e-07
 2.14841e-27 2.18094e-27 7.47905e-27 1.81299e-21 1.07826e-16 1.47433e-12 4.63456e-09 3.34941e-06 0.0005565 0.0212579 0.186688 0.376927 0.175354 0.0291916 0.0647053 0.0903746 0.0318229 0.0116374 0.00798782 0.0024598 0.000806191 0.000193539 3.11358e-05 2.86807e-06 1.26799e-07
 2.14764e-27 2.17905e-27 7.28018e-27 1.74554e-21 1.03814e-16 1.41947e-12 4.46212e-09 3.22479e-06 0.000535794 0.0204669 0.179742 0.362903 0.168892 0.0297655 0.0724357 0.10129 0.035937 0.0140078 0.00976111 0.00300305 0.000980487 0.000234249 3.8322e-05 3.72409e-06 1.74322e-07
 2.14748e-27 2.1787e-27 7.2456e-27 1.73382e-21 1.03117e-16 1.40994e-12 4.43217e-09 3.20314e-06 0.000532197 0.0203296 0.178535 0.360467 0.167762 0.0296462 0.0724415 0.101337 0.036476 0.0158824 0.0113797 0.00362485 0.00123408 0.000295942 4.82616e-05 4.72942e-06 2.29271e-07
 2.14785e-27 2.17961e-27 7.34246e-27 1.76668e-21 1.05071e-16 1.43666e-12 4.51617e-09 3.26385e-06 0.000542283 0.0207149 0.181919 0.367298 0.170907 0.0293056 0.0683036 0.0955012 0.0343664 0.0149429 0.0107875 0.00365932 0.00134838 0.000337708 5.68733e-05 5.60397e-06 2.73078e-07
 2.14795e-27 2.17985e-27 7.36683e-27 1.77494e-21 1.05563e-16 1.44338e-12 4.53728e-09 3.27911e-06 0.000544819 0.0208117 0.182769 0.369015 0.171702 0.0293221 0.0678867 0.0948963 0.0339178 0.0140235 0.0100181 0.00340127 0.00127712 0.000341952 6.2096e-05 6.39397e-06 3.17825e-07
 2.14827e-27 2.18061e-27 7.44633e-27 1.80191e-21 1.07166e-16 1.46531e-12 4.60621e-09 3.32892e-06 0.000553096 0.0211279 0.185546 0.374621 0.174286 0.0291173 0.0649463 0.0907421 0.0323245 0.0130189 0.00921266 0.0030357 0.00110462 0.000297488 5.64169e-05 6.24134e-06 3.28711e-07
 2.14819e-27 2.18041e-27 7.42542e-27 1.79481e-21 1.06744e-16 1.45954e-12 4.58808e-09 3.31582e-06 0.000550918 0.0210447 0.184816 0.373146 0.173608 0.0292194 0.0660147 0.0922439 0.0327992 0.0130181 0.0091668 0.00297794 0.00105762 0.000276143 5.14781e-05 5.84759e-06 3.25955e-07
 2.14818e-27 2.1804e-27 7.42384e-27 1.79427e-21 1.06712e-16 1.4591e-12 4.58671e-09 3.31483e-06 0.000550753 0.0210384 0.18476 0.373035 0.173556 0.0292191 0.0660464 0.0922901 0.0328379 0.0131031 0.00922798 0.00297136 0.00104033 0.000266382 4.81589e-05 5.3471e-06 3.00692e-07
 2.14817e-27 2.18038e-27 7.42231e-27 1.79376e-21 1.06682e-16 1.45868e-12 4.58538e-09 3.31387e-06 0.000550595 0.0210323 0.184707 0.372927 0.173506 0.0292141 0.0660483 0.0922944 0.0328613 0.0131822 0.00929824 0.00300296 0.00105239 0.00026665 4.72557e-05 5.10579e-06 2.80253e-07
 2.1481e-27 2.1802e-27 7.40258e-27 1.78706e-21 1.06284e-16 1.45324e-12 4.56827e-09 3.3015e-06 0.00054854 0.0209538 0.184018 0.371535 0.172865 0.0292828 0.0668868 0.0934759 0.0332737 0.0133215 0.00939565 0.00304326 0.00107093 0.00027194 4.79717e-05 5.09763e-06 2.73122e-07
 2.14826e-27 2.1806e-27 7.44562e-27 1.80166e-21 1.07152e-16 1.46511e-12 4.6056e-09 3.32848e-06 0.000553022 0.0211251 0.185521 0.374571 0.174262 0.0291088 0.0649096 0.0906935 0.0323525 0.0131723 0.0093238 0.00301779 0.00106183 0.000270475 4.78793e-05 5.07737e-06 2.68857e-07
 2.14833e-27 2.18077e-27 7.46355e-27 1.80774e-21 1.07514e-16 1.47006e-12 4.62114e-09 3.33971e-06 0.000554888 0.0211963 0.186147 0.375835 0.174846 0.0290935 0.0644355 0.0900168 0.0319991 0.0126747 0.00892759 0.00291639 0.00103696 0.000264396 4.68668e-05 4.98463e-06 2.63877e-07
 2.14766e-27 2.17912e-27 7.28835e-27 1.74831e-21 1.03979e-16 1.42173e-12 4.46922e-09 3.22992e-06 0.000536646 0.0204995 0.180028 0.36348 0.169155 0.0296602 0.071619 0.100149 0.0356672 0.0143366 0.0101133 0.00325775 0.00114276 0.000293497 5.2447e-05 5.5913e-06 2.96596e-07
 2.14723e-27 2.17808e-27 7.18047e-27 1.71173e-21 1.01803e-16 1.39198e-12 4.37569e-09 3.16233e-06 0.000525416 0.0200705 0.17626 0.355874 0.165646 0.0298491 0.0750644 0.105036 0.0378053 0.0164565 0.0118155 0.00383344 0.00135004 0.00034261 6.0817e-05 6.5236e-06 3.47809e-07
 2.1475e-27 2.17876e-27 7.25376e-27 1.7366e-21 1.03282e-16 1.4122e-12 4.43927e-09 3.20827e-06 0.00053305 0.0203621 0.178821 0.361044 0.168023 0.0294851 0.071284 0.0997229 0.0361361 0.0164983 0.012025 0.00408342 0.00151382 0.000388559 6.88557e-05 7.32698e-06 3.90594e-07
#obs catch len freq
 1.21996e-39 5.97087e-33 6.71852e-27 1.73802e-21 1.03366e-16 1.41335e-12 4.44287e-09 3.21088e-06 0.000533491 0.0203787 0.178966 0.361337 0.168157 0.029439 0.0709148 0.0992025 0.0359425 0.0164017 0.0120354 0.00431398 0.0017414 0.000509962 0.000108919 1.43369e-05 9.66878e-07
 1.22602e-39 6.0005e-33 6.75186e-27 1.74664e-21 1.03879e-16 1.42036e-12 4.46492e-09 3.22681e-06 0.000536139 0.0204798 0.179854 0.36313 0.168985 0.0294264 0.0702974 0.0983216 0.0354909 0.0157801 0.0114911 0.00403817 0.00159543 0.000461123 9.66411e-05 1.24104e-05 8.12297e-07
 1.31157e-39 6.41922e-33 7.22301e-27 1.86853e-21 1.11128e-16 1.51948e-12 4.77649e-09 3.45198e-06 0.000573551 0.0219089 0.192404 0.388469 0.180658 0.0283163 0.055884 0.0779869 0.0280698 0.0122264 0.00884834 0.00305834 0.00118168 0.000333879 6.84188e-05 8.61334e-06 5.50567e-07
 1.14584e-39 5.60809e-33 6.31031e-27 1.63242e-21 9.7086e-17 1.32748e-12 4.17293e-09 3.01579e-06 0.000501077 0.0191405 0.168092 0.339384 0.158069 0.0310757 0.0875228 0.122521 0.0429403 0.0150654 0.0103587 0.00353195 0.00134087 0.000371062 7.40179e-05 9.08361e-06 5.67824e-07
 1.34481e-39 6.5819e-33 7.40606e-27 1.91588e-21 1.13944e-16 1.55798e-12 4.89753e-09 3.53946e-06 0.000588086 0.0224641 0.19728 0.398313 0.185181 0.0275751 0.0483925 0.0674798 0.025086 0.0134169 0.00990936 0.00300259 0.00098625 0.00026394 5.14113e-05 6.14114e-06 3.73768e-07
 1.38228e-39 6.76529e-33 7.61241e-27 1.96926e-21 1.17119e-16 1.60139e-12 5.03399e-09 3.63808e-06 0.000604472 0.02309 0.202777 0.40941 0.190317 0.027718 0.0459197 0.0638691 0.0220994 0.00684407 0.00462363 0.00178124 0.00072935 0.000178092 3.07922e-05 3.5212e-06 2.08482e-07
 1.26194e-39 6.17633e-33 6.94971e-27 1.79782e-21 1.06923e-16 1.46198e-12 4.59576e-09 3.32136e-06 0.000551849 0.0210799 0.185124 0.37377 0.173915 0.0296985 0.0687516 0.0960195 0.033022 0.00954501 0.00606453 0.00172482 0.000538666 0.0001572 3.05449e-05 3.211e-06 1.75805e-07
 1.27262e-39 6.2286e-33 7.00852e-27 1.81304e-21 1.07828e-16 1.47435e-12 4.63465e-09 3.34947e-06 0.000556519 0.0212583 0.18669 0.376933 0.175352 0.0290262 0.0636947 0.0889846 0.03181 0.0131496 0.00916806 0.00251525 0.000680205 0.000149469 2.56745e-05 3.00401e-06 1.66086e-07
 1.41964e-39 6.94813e-33 7.81814e-27 2.02248e-21 1.20284e-16 1.64467e-12 5.17004e-09 3.7364e-06 0.000620808 0.0237141 0.208257 0.420475 0.195405 0.0269859 0.0381156 0.052907 0.0187552 0.00726604 0.00509915 0.00167797 0.00057643 0.000122378 1.69103e-05 1.60983e-06 8.76894e-08
 1.41578e-39 6.92928e-33 7.79694e-27 2.01699e-21 1.19958e-16 1.64021e-12 5.15602e-09 3.72627e-06 0.000619124 0.0236498 0.207692 0.419334 0.194894 0.0274062 0.041025 0.0569463 0.0193446 0.00481033 0.00292731 0.000929402 0.000322341 8.15053e-05 1.31162e-05 1.12988e-06 5.03147e-08
 1.34192e-39 6.56777e-33 7.39017e-27 1.91177e-21 1.137e-16 1.55464e-12 4.88703e-09 3.53186e-06 0.000586824 0.0224159 0.196857 0.397458 0.184823 0.0285652 0.0546937 0.0762021 0.0260001 0.00683564 0.00415648 0.00106569 0.000262553 6.21573e-05 1.07635e-05 1.07423e-06 4.89985e-08
 1.31489e-39 6.43546e-33 7.24128e-27 1.87325e-21 1.11409e-16 1.52332e-12 4.78857e-09 3.46071e-06 0.000575002 0.0219643 0.192891 0.389451 0.181128 0.0287338 0.0581366 0.081095 0.0282731 0.00942669 0.00620947 0.00162867 0.000397671 7.53365e-05 9.94885e-06 9.63385e-07 4.83033e-08
 1.34762e-39 6.59564e-33 7.42152e-27 1.91988e-21 1.14182e-16 1.56124e-12 4.90776e-09 3.54685e-06 0.000589314 0.022511 0.197692 0.399144 0.185587 0.0281454 0.0516232 0.0719302 0.0252527 0.00899118 0.00609803 0.001788 0.000526459 0.000103559 1.2466e-05 9.49997e-07 4.1018e-08
 1.32699e-39 6.49468e-33 7.30792e-27 1.89049e-21 1.12434e-16 1.53734e-12 4.83264e-09 3.49256e-06 0.000580293 0.0221665 0.194666 0.393035 0.182779 0.0285699 0.0560556 0.0781548 0.0271328 0.00868174 0.00573946 0.00174208 0.000552569 0.000123013 1.71322e-05 1.30236e-06 4.81206e-08
 1.28503e-39 6.28933e-33 7.07686e-27 1.83072e-21 1.0888e-16 1.48873e-12 4.67984e-09 3.38213e-06 0.000561946 0.0214656 0.188511 0.380608 0.177055 0.0291255 0.0631925 0.0882255 0.0308399 0.0105488 0.00706331 0.00203334 0.000603763 0.000139228 2.14504e-05 1.85824e-06 7.38534e-08
 1.15739e-39 5.66461e-33 6.37391e-27 1.64887e-21 9.80645e-17 1.34086e-12 4.21499e-09 3.04618e-06 0.000506127 0.0193334 0.169786 0.342804 0.159639 0.0307814 0.0846959 0.118568 0.0419928 0.0161283 0.0111595 0.00332092 0.00101982 0.000225106 3.36322e-05 3.09376e-06 1.36945e-07
 1.25319e-39 6.13348e-33 6.90149e-27 1.78535e-21 1.06181e-16 1.45184e-12 4.56387e-09 3.29832e-06 0.000548021 0.0209337 0.18384 0.371177 0.172681 0.0287809 0.0639315 0.089401 0.0330691 0.0171871 0.0127076 0.00402839 0.00135027 0.000310171 4.6749e-05 4.18245e-06 1.88045e-07
 1.22248e-39 5.98317e-33 6.73236e-27 1.7416e-21 1.03579e-16 1.41626e-12 4.45203e-09 3.21749e-06 0.000534591 0.0204207 0.179334 0.362081 0.16851 0.0296847 0.0721901 0.100951 0.0358866 0.0142346 0.0102352 0.00388077 0.00158457 0.000397505 6.48559e-05 5.99241e-06 2.68255e-07
 1.27088e-39 6.22009e-33 6.99895e-27 1.81056e-21 1.07681e-16 1.47234e-12 4.62832e-09 3.3449e-06 0.000555759 0.0212293 0.186436 0.376418 0.175108 0.0288631 0.0628539 0.0878215 0.0316821 0.0140198 0.0100932 0.00327375 0.00120819 0.000357106 6.96683e-05 7.10773e-06 3.36514e-07
 1.23667e-39 6.05265e-33 6.81054e-27 1.76182e-21 1.04782e-16 1.43271e-12 4.50372e-09 3.25485e-06 0.000540798 0.0206578 0.181417 0.366286 0.170449 0.0295615 0.0701712 0.0980979 0.0347944 0.0135419 0.00956257 0.00328662 0.00123501 0.000324174 6.33634e-05 7.56982e-06 4.09245e-07
 1.25434e-39 6.13911e-33 6.90782e-27 1.78699e-21 1.06279e-16 1.45317e-12 4.56806e-09 3.30135e-06 0.000548523 0.0209529 0.184008 0.371518 0.172853 0.0291523 0.0660963 0.0923846 0.0331972 0.0142791 0.0102087 0.00326776 0.00115348 0.000311321 5.8937e-05 6.77424e-06 3.97179e-07
 1.26715e-39 6.20183e-33 6.9784e-27 1.80525e-21 1.07365e-16 1.46802e-12 4.61473e-09 3.33508e-06 0.000554128 0.021167 0.185888 0.375313 0.174603 0.0290465 0.0643063 0.0898451 0.0320745 0.0131417 0.00936676 0.00316694 0.00116508 0.000297093 5.41608e-05 6.15451e-06 3.5234e-07
 1.24752e-39 6.10572e-33 6.87026e-27 1.77727e-21 1.05701e-16 1.44527e-12 4.54322e-09 3.28339e-06 0.00054554 0.0208389 0.183008 0.369497 0.171927 0.029368 0.0680219 0.0950772 0.033852 0.0135813 0.00960183 0.00316219 0.00114808 0.000305387 5.60224e-05 6.10269e-06 3.40399e-07
 1.24854e-39 6.11072e-33 6.87588e-27 1.77873e-21 1.05787e-16 1.44645e-12 4.54693e-09 3.28608e-06 0.000545987 0.020856 0.183157 0.3698 0.172062 0.0292571 0.067254 0.094012 0.0337106 0.0142774 0.0101969 0.00331748 0.00117925 0.000307186 5.67023e-05 6.29088e-06 3.44631e-07
 1.24676e-39 6.10203e-33 6.8661e-27 1.7762e-21 1.05637e-16 1.4444e-12 4.54047e-09 3.28141e-06 0.00054521 0.0208263 0.182897 0.369274 0.17182 0.0292807 0.0675566 0.0944369 0.0338367 0.0142514 0.0102061 0.00342352 0.0012542 0.000323046 5.83072e-05 6.42054e-06 3.54857e-07
 1.25412e-39 6.13804e-33 6.90662e-27 1.78668e-21 1.0626e-16 1.45292e-12 4.56726e-09 3.30077e-06 0.000548428 0.0209492 0.183976 0.371453 0.172824 0.0291701 0.0662246 0.0925603 0.0331849 0.0140415 0.0100613 0.00336688 0.00124076 0.00032876 6.03029e-05 6.54942e-06 3.57353e-07
 1.18513e-39 5.80038e-33 6.52668e-27 1.68839e-21 1.00415e-16 1.37299e-12 4.31601e-09 3.11919e-06 0.000518258 0.0197968 0.173855 0.35102 0.163414 0.0301568 0.0784064 0.109732 0.0392559 0.0163411 0.0116732 0.0039165 0.00144667 0.000384083 7.15825e-05 7.93551e-06 4.33229e-07
 1.18932e-39 5.82091e-33 6.54977e-27 1.69437e-21 1.0077e-16 1.37785e-12 4.33129e-09 3.13023e-06 0.000520092 0.0198669 0.174471 0.352262 0.163971 0.0297 0.0752432 0.105341 0.0386241 0.0190401 0.0140326 0.00466821 0.00170849 0.000454194 8.49611e-05 9.51754e-06 5.28336e-07
#spawning biomass
 4037.2 2108.46 2284.36 2155 2415.54 3625.64 3978.92 4115.31 6146.26 11042.6 16401.8 21014.8 30059.3 36915 39166.5 37301.7 33559.1 32445.6 29937.9 32714.6 34068.4 36183.4 37863 40391.7 44022.1 52439.4 51277.3 46858.2 52399.2 113986 133276 97643 65598.3 45680 34511.7 28570.3 25510.8 23968.5 23202 22824.8 22640.4 22550.6 22507 22485.9 22475.7 22470.8 22468.5 22467.3 22466.8 22466.5 22466.4 22466.3 22466.3 22466.3 22466.3 22466.3 22466.3 22466.3 22466.3 22466.3 22466.3 22466.3 22466.3 22466.3 22466.3 22466.3 22466.3 22466.3 22466.3 22466.3 22466.3 22466.3 22466.3 22466.3 22466.3 22466.3 22466.3 22466.3 22466.3 22466.3 22466.3 22466.3 22466.3 22466.3 22466.3 22466.3 22466.3 22466.3 22466.3 22466.3 22466.3 22466.3 22466.3 22466.3 22466.3 22466.3 22466.3 22466.3 22466.3 22466.3 22466.3 22466.3 22466.3 22466.3 22466.3 22466.3 22466.3 22466.3 22466.3 22466.3 22466.3 22466.3 22466.3 22466.3 22466.3 22466.3 22466.3 22466.3 22466.3 22466.3 22466.3 22466.3 22466.3 22466.3 22466.3 22466.3 22466.3 22466.3 0 0 0 0 0 0 0 0 0 0 0 0 0 0 0 0 0 0 0 0 0 0 0 0 0
