SBPRF35
26.8343
Curr Bio
168691
B35
4.4904e+07
F35
0.0250743
FOFL
0
OFL
0
Bzero
7.66695e+06
#pred survey bio
 23357.8 22151.8 17336.2 23893.7 38266.9 53925.7 80043.5 102928 138348 173593 214530 230766 238335 253211 304882 286259 272005 237164 234399 251543 238986 247737 248433 279620 270310 295272 284818 201866 3.90509e+06 7.87059e+06 1.26372e+07 1.74302e+07 2.1917e+07 2.59258e+07 2.94038e+07 3.23672e+07 3.4867e+07 3.69672e+07 3.87326e+07 4.0223e+07 4.14904e+07 4.25784e+07 4.34662e+07 4.39149e+07 4.43538e+07 4.47825e+07 4.5201e+07 4.56093e+07 4.60074e+07 4.63956e+07 4.6774e+07 4.71427e+07 4.75021e+07 4.78524e+07 4.81937e+07 4.85264e+07 4.88507e+07 4.91667e+07 4.94748e+07 4.97751e+07 5.00679e+07 5.03534e+07 5.06318e+07 5.09033e+07 5.11682e+07 5.14265e+07 5.16785e+07 5.19243e+07 5.21643e+07 5.23984e+07 5.26269e+07 5.285e+07 5.30677e+07 5.32803e+07 5.34879e+07 5.36907e+07 5.38887e+07 5.40821e+07 5.42711e+07 5.44558e+07 5.46363e+07 5.48126e+07 5.4985e+07 5.51536e+07 5.53184e+07 5.54795e+07 5.56371e+07 5.57913e+07 5.59421e+07 5.60896e+07 5.6234e+07 5.63753e+07 5.65136e+07 5.6649e+07 5.67816e+07 5.69114e+07 5.70386e+07 5.71631e+07 5.72851e+07 5.74047e+07 5.75218e+07 5.76366e+07 5.77492e+07 5.78595e+07 5.79677e+07 5.80738e+07 5.81779e+07 5.82799e+07 5.83801e+07 5.84783e+07 5.85748e+07 5.86694e+07 5.87623e+07 5.88535e+07 5.89431e+07 5.90311e+07 5.91175e+07 5.92024e+07 5.92858e+07 5.93677e+07 5.94483e+07 5.95274e+07 5.96053e+07 5.96818e+07 5.9757e+07 5.9831e+07 5.99038e+07 5.99754e+07 0 0 0 0 0 0 0 0 0 0 0 0 0 0 0 0 0 0 0 0 0 0 0 0 0
#obs survey bio
 21767.3 20685.5 15493.1 34582 53074.8 57403.5 95015.9 101510 120786 136928 154164 206479 214104 263465 333144 252404 205195 173022 161308 144008 196765 273394 323352 156789 233543 202146 169963 144089
#pred catch bio
 13755.6 16044.9 9760.53 12978.5 27394.2 38469.4 60424.5 77269.6 106528 131148 171021 187842 193724 193366 253328 236976 232640 200953 192038 217085 205498 217919 210445 249456 238067 264680 265902 193962 0 9089.86 14865.9 20688.5 26166.9 31070.3 35320.4 38930.1 41958.9 44485.2 46590 48348.3 49825.9 51078 52082.1 52554.3 53011.7 53454.8 53884 54299.8 54702.6 55092.7 55470.7 55836.8 56191.4 56534.9 56867.7 57190.1 57502.3 57804.8 58097.8 58381.7 58656.6 58923 59181 59430.9 59673 59907.5 60134.7 60354.7 60567.9 60774.4 60974.4 61168.2 61355.9 61537.7 61713.9 61884.5 62049.7 62209.8 62364.9 62515.2 62660.7 62801.6 62938.2 63070.5 63198.6 63322.7 63443 63559.5 63672.3 63781.6 63887.4 63990 64089.4 64185.6 64278.8 64369.1 64456.6 64541.3 64623.4 64702.9 64779.9 64854.6 64926.8 64996.8 65064.7 65130.4 65194 65255.6 65315.4 65373.2 65429.2 65483.5 65536.1 65587 65636.4 65684.2 65730.5 65775.3 65818.8 65860.8 65901.6 65941.1 65979.4 66016.4 66052.3 66087.1 66120.8 66153.4 0 0 0 0 0 0 0 0 0 0 0 0 0 0 0 0 0 0 0 0 0 0 0 0 0
#obs catch bio
 13579.7 16650.7 11436.8 9945.42 21670.7 32627.3 49900.6 67664.2 100695 114110 170814 179982 176723 170394 239109 214390 219340 185837 184138 207056 187890 187405 173360 233529 206086 249287 257339 171644
#pred cpue bio
 18550.6 19224.5 12306.8 16662 24224.9 28587.1 42063.2 54939.3 71440.5 90535.2 119035 124956 126379 131862 168967 154209 147892 123241 113301 129026 111637 110608 104855 125061 110371 116472 117597 87838.6 1.17309e+06 7.71734e+06 1.25135e+07 1.73052e+07 2.17919e+07 2.58007e+07 2.92787e+07 3.22421e+07 3.47419e+07 3.68421e+07 3.86075e+07 4.00979e+07 4.13653e+07 4.24533e+07 4.33411e+07 4.37898e+07 4.42287e+07 4.46574e+07 4.50759e+07 4.54842e+07 4.58823e+07 4.62705e+07 4.66489e+07 4.70176e+07 4.7377e+07 4.77273e+07 4.80687e+07 4.84013e+07 4.87256e+07 4.90416e+07 4.93497e+07 4.965e+07 4.99428e+07 5.02283e+07 5.05067e+07 5.07783e+07 5.10431e+07 5.13014e+07 5.15534e+07 5.17992e+07 5.20392e+07 5.22733e+07 5.25018e+07 5.27249e+07 5.29426e+07 5.31552e+07 5.33628e+07 5.35656e+07 5.37636e+07 5.39571e+07 5.4146e+07 5.43307e+07 5.45112e+07 5.46875e+07 5.48599e+07 5.50285e+07 5.51933e+07 5.53544e+07 5.5512e+07 5.56662e+07 5.5817e+07 5.59645e+07 5.61089e+07 5.62502e+07 5.63885e+07 5.65239e+07 5.66565e+07 5.67863e+07 5.69135e+07 5.7038e+07 5.716e+07 5.72796e+07 5.73967e+07 5.75115e+07 5.76241e+07 5.77344e+07 5.78426e+07 5.79487e+07 5.80528e+07 5.81548e+07 5.8255e+07 5.83532e+07 5.84497e+07 5.85443e+07 5.86372e+07 5.87284e+07 5.8818e+07 5.8906e+07 5.89924e+07 5.90773e+07 5.91607e+07 5.92426e+07 5.93232e+07 5.94023e+07 5.94802e+07 5.95567e+07 5.96319e+07 5.97059e+07 5.97787e+07 5.98504e+07 0 0 0 0 0 0 0 0 0 0 0 0 0 0 0 0 0 0 0 0 0 0 0 0 0
#obs cpue bio
 20541.7 15721.9 14318.5 21564.4 47878.9 41303.3 69841.3 91562.1 105258 169319 181629 192572 190345 186294 241139 240087 258347 226096 178390 290598 204141 195864 170208 270397 232855 209371 233848 201134
#pred surv len freq
 1.0976e-11 1.19134e-09 7.62456e-08 2.87728e-06 6.40233e-05 0.000840034 0.00650013 0.0296852 0.0803177 0.13122 0.141087 0.129904 0.130913 0.119625 0.0847317 0.0524032 0.0323179 0.0198108 0.0123745 0.00824297 0.00600604 0.00485408 0.00412046 0.00314843 0.00183099
 7.25855e-12 7.87846e-10 5.0422e-08 1.90278e-06 4.23398e-05 0.000555558 0.00429996 0.0196628 0.0535505 0.0903059 0.110172 0.133594 0.166851 0.161611 0.111981 0.0645433 0.036481 0.0202363 0.0109248 0.00594939 0.00344147 0.00225241 0.00166025 0.00119477 0.000689142
 1.30779e-11 1.41948e-09 9.08466e-08 3.42827e-06 7.62834e-05 0.00100088 0.00774431 0.0353561 0.0955096 0.154819 0.160791 0.134106 0.121164 0.106663 0.0762245 0.047944 0.028612 0.0154094 0.00757253 0.00357405 0.00167272 0.000829963 0.00047379 0.000293783 0.000159917
 1.28502e-11 1.39477e-09 8.92649e-08 3.36858e-06 7.49554e-05 0.000983467 0.00760981 0.0347484 0.0939546 0.152997 0.162145 0.143293 0.137144 0.11882 0.0751869 0.0372409 0.0180671 0.00932296 0.00471635 0.00217632 0.000905889 0.00035864 0.000149039 6.98058e-05 3.26888e-05
 1.45645e-11 1.58083e-09 1.01173e-07 3.81796e-06 8.49544e-05 0.00111465 0.00862441 0.0393707 0.106307 0.171934 0.17674 0.142587 0.12247 0.10215 0.0657441 0.0340653 0.0163988 0.00734117 0.00304099 0.00125008 0.000501529 0.000183185 6.11474e-05 2.04513e-05 7.18919e-06
 1.62795e-11 1.76698e-09 1.13087e-07 4.26754e-06 9.49582e-05 0.0012459 0.00963975 0.0440014 0.118751 0.191581 0.19467 0.151032 0.121649 0.0943431 0.051663 0.0173985 0.00348459 0.000412199 2.87603e-05 1.18329e-06 2.87075e-08 4.10653e-10 3.46371e-12 1.7227e-14 5.05183e-17
 1.63795e-11 1.77784e-09 1.13781e-07 4.29375e-06 9.55414e-05 0.00125355 0.00969893 0.044271 0.119471 0.192682 0.195506 0.150945 0.120712 0.0932737 0.0510285 0.0171814 0.00344097 0.000407036 2.84e-05 1.16847e-06 2.83479e-08 4.05509e-10 3.42032e-12 1.70112e-14 4.98854e-17
 1.62e-11 1.75835e-09 1.12534e-07 4.2467e-06 9.44945e-05 0.00123982 0.0095927 0.0437871 0.118178 0.190705 0.194006 0.151101 0.122394 0.0951933 0.0521675 0.0175711 0.00351927 0.000416304 2.90467e-05 1.19508e-06 2.89935e-08 4.14744e-10 3.49821e-12 1.73986e-14 5.10215e-17
 1.65748e-11 1.79904e-09 1.15138e-07 4.34496e-06 9.66809e-05 0.0012685 0.00981454 0.0447977 0.120878 0.194834 0.197138 0.150776 0.118881 0.0911845 0.0497889 0.0167572 0.00335575 0.000396949 2.76961e-05 1.13951e-06 2.76453e-08 3.95458e-10 3.33554e-12 1.65896e-14 4.8649e-17
 1.64648e-11 1.7871e-09 1.14374e-07 4.31612e-06 9.60391e-05 0.00126008 0.00974943 0.044501 0.120085 0.193622 0.196218 0.150871 0.119912 0.0923612 0.0504871 0.0169961 0.00340375 0.00040263 2.80925e-05 1.15582e-06 2.8041e-08 4.01119e-10 3.38329e-12 1.6827e-14 4.93454e-17
 1.57305e-11 1.7074e-09 1.09273e-07 4.12364e-06 9.17562e-05 0.00120389 0.00931485 0.0425214 0.114798 0.185535 0.190083 0.151508 0.126793 0.100214 0.0551465 0.0185904 0.00372407 0.000440545 3.07383e-05 1.26468e-06 3.0682e-08 4.38897e-10 3.70193e-12 1.84118e-14 5.39928e-17
 1.60302e-11 1.73992e-09 1.11355e-07 4.20219e-06 9.3504e-05 0.00122682 0.00949219 0.0433292 0.116956 0.188835 0.192587 0.151248 0.123985 0.0970094 0.053245 0.0179398 0.00359335 0.000425073 2.96586e-05 1.22026e-06 2.96042e-08 4.23481e-10 3.5719e-12 1.77651e-14 5.20963e-17
 1.62766e-11 1.76666e-09 1.13066e-07 4.26677e-06 9.49411e-05 0.00124567 0.00963801 0.0439935 0.11873 0.191549 0.194646 0.151034 0.121676 0.0943745 0.0516817 0.0174048 0.00348587 0.000412351 2.87709e-05 1.18373e-06 2.87181e-08 4.10804e-10 3.46498e-12 1.72333e-14 5.05369e-17
 1.64814e-11 1.7889e-09 1.14489e-07 4.32047e-06 9.6136e-05 0.00126135 0.00975926 0.0445458 0.120205 0.193805 0.196357 0.150857 0.119756 0.0921836 0.0503817 0.01696 0.0033965 0.000401773 2.80327e-05 1.15336e-06 2.79813e-08 4.00264e-10 3.37608e-12 1.67912e-14 4.92403e-17
 1.57455e-11 1.70902e-09 1.09377e-07 4.12755e-06 9.18434e-05 0.00120503 0.0093237 0.0425617 0.114905 0.185699 0.190208 0.151495 0.126653 0.100054 0.0550516 0.018558 0.00371755 0.000439773 3.06844e-05 1.26246e-06 3.06282e-08 4.38128e-10 3.69545e-12 1.83796e-14 5.38982e-17
 1.60915e-11 1.74658e-09 1.11781e-07 4.21827e-06 9.38618e-05 0.00123152 0.00952851 0.0434946 0.117397 0.189511 0.1931 0.151195 0.12341 0.0963533 0.0528557 0.0178066 0.00356658 0.000421905 2.94375e-05 1.21116e-06 2.93836e-08 4.20324e-10 3.54527e-12 1.76327e-14 5.1708e-17
 1.59808e-11 1.73456e-09 1.11012e-07 4.18923e-06 9.32158e-05 0.00122304 0.00946295 0.043196 0.1166 0.188291 0.192174 0.151291 0.124448 0.0975379 0.0535586 0.0180471 0.0036149 0.000427624 2.98366e-05 1.22758e-06 2.9782e-08 4.26023e-10 3.59334e-12 1.78717e-14 5.2409e-17
 1.65053e-11 1.79149e-09 1.14655e-07 4.32673e-06 9.62753e-05 0.00126318 0.00977339 0.0446102 0.120377 0.194068 0.196557 0.150836 0.119533 0.0919282 0.0502302 0.0169082 0.00338608 0.00040054 2.79466e-05 1.14982e-06 2.78954e-08 3.99036e-10 3.36572e-12 1.67396e-14 4.90891e-17
 1.72585e-11 1.87324e-09 1.19887e-07 4.52418e-06 0.000100669 0.00132082 0.0102192 0.0466409 0.125801 0.202364 0.20285 0.150183 0.112474 0.0838729 0.0454506 0.0152727 0.0030575 0.000361647 2.52327e-05 1.03815e-06 2.51863e-08 3.60283e-10 3.03885e-12 1.5114e-14 4.43218e-17
 1.66478e-11 1.80696e-09 1.15645e-07 4.3641e-06 9.71067e-05 0.00127409 0.00985776 0.0449945 0.121404 0.195638 0.197748 0.150712 0.118197 0.0904037 0.0493256 0.0165986 0.0033239 0.000393179 2.7433e-05 1.12869e-06 2.73827e-08 3.91702e-10 3.30386e-12 1.6432e-14 4.81869e-17
 1.7582e-11 1.90836e-09 1.22135e-07 4.60899e-06 0.000102556 0.00134557 0.0104106 0.0475131 0.128131 0.205927 0.205553 0.149902 0.109443 0.0804129 0.0433977 0.0145702 0.00291637 0.000344942 2.4067e-05 9.90192e-07 2.40227e-08 3.43638e-10 2.89846e-12 1.44157e-14 4.22741e-17
 1.79818e-11 1.95175e-09 1.24912e-07 4.71379e-06 0.000104888 0.00137617 0.0106473 0.048591 0.13101 0.21033 0.208894 0.149556 0.105696 0.0761372 0.0408608 0.0137021 0.00274196 0.000324298 2.26264e-05 9.30921e-07 2.25848e-08 3.23069e-10 2.72496e-12 1.35528e-14 3.97437e-17
 1.84384e-11 2.00131e-09 1.28083e-07 4.83347e-06 0.000107551 0.00141111 0.0109175 0.0498219 0.134298 0.215358 0.212708 0.14916 0.101418 0.0712546 0.0379638 0.0127108 0.00254279 0.000300724 2.09814e-05 8.63237e-07 2.09427e-08 2.99579e-10 2.52684e-12 1.25674e-14 3.68541e-17
 1.7967e-11 1.95014e-09 1.24809e-07 4.7099e-06 0.000104801 0.00137503 0.0106385 0.048551 0.130903 0.210167 0.20877 0.149569 0.105835 0.0762959 0.040955 0.0137344 0.00274843 0.000325065 2.26799e-05 9.33121e-07 2.26381e-08 3.23832e-10 2.7314e-12 1.35848e-14 3.98376e-17
 1.86883e-11 2.02843e-09 1.2982e-07 4.89898e-06 0.000109008 0.00143023 0.0110654 0.0504957 0.136098 0.218111 0.214797 0.148943 0.0990759 0.0685817 0.0363778 0.0121681 0.00243376 0.000287819 2.00808e-05 8.26185e-07 2.00438e-08 2.86721e-10 2.41838e-12 1.2028e-14 3.52722e-17
 1.8935e-11 2.05521e-09 1.31533e-07 4.96366e-06 0.000110447 0.00144911 0.0112114 0.0511609 0.137874 0.220828 0.216858 0.148729 0.096764 0.0659431 0.0348123 0.0116324 0.00232613 0.000275079 1.91919e-05 7.89609e-07 1.91564e-08 2.74027e-10 2.31132e-12 1.14955e-14 3.37106e-17
 1.86058e-11 2.01948e-09 1.29246e-07 4.87736e-06 0.000108527 0.00142392 0.0110166 0.0502733 0.135503 0.217203 0.214107 0.149015 0.099849 0.0694639 0.0369013 0.0123473 0.00246975 0.000292078 2.03781e-05 8.38415e-07 2.03405e-08 2.90965e-10 2.45418e-12 1.2206e-14 3.57943e-17
 1.8196e-11 1.975e-09 1.264e-07 4.76994e-06 0.000106137 0.00139256 0.010774 0.0491686 0.132553 0.212689 0.210684 0.14937 0.103689 0.0738463 0.0395015 0.013237 0.00264851 0.000313237 2.18546e-05 8.99163e-07 2.18143e-08 3.12047e-10 2.632e-12 1.30905e-14 3.83879e-17
#obs surv len freq
 3.929e-11 3.64126e-09 1.98979e-07 6.41139e-06 0.000121811 0.00136466 0.00901667 0.0351691 0.0813897 0.114737 0.111189 0.10367 0.114678 0.121926 0.114027 0.0915566 0.0579421 0.0280764 0.0107917 0.00334918 0.000816812 0.000149729 1.97453e-05 1.80395e-06 1.1084e-07
 2.20094e-11 1.96732e-09 1.03688e-07 3.22236e-06 5.90499e-05 0.000638151 0.00407005 0.0153785 0.0351203 0.0532698 0.0718601 0.11053 0.155409 0.170362 0.15438 0.117001 0.0682169 0.0297707 0.010247 0.00289874 0.000657353 0.000112925 1.39564e-05 1.19156e-06 6.8085e-08
 1.52001e-10 1.30817e-08 6.63848e-07 1.98637e-05 0.000350461 0.00364593 0.0223654 0.0809092 0.172728 0.218396 0.166871 0.0862406 0.0483839 0.0492794 0.0570875 0.0493202 0.0286143 0.0114016 0.00338827 0.000811713 0.000158625 2.41872e-05 2.71544e-06 2.13271e-07 1.12644e-08
 1.14548e-10 9.47654e-09 4.62276e-07 1.32966e-05 0.000225515 0.00225549 0.0133086 0.0464369 0.0969986 0.128814 0.135668 0.155469 0.170378 0.132991 0.0701082 0.0289016 0.0116758 0.00468961 0.00158161 0.000399954 7.33859e-05 9.79037e-06 9.48039e-07 6.5168e-08 3.0714e-09
 2.04282e-10 1.62209e-08 7.59465e-07 2.09665e-05 0.0003413 0.00327604 0.0185456 0.0619723 0.122823 0.147975 0.12166 0.0967351 0.0990298 0.107951 0.10238 0.0721408 0.0334105 0.00968131 0.0017909 0.000236013 2.68929e-05 2.85264e-06 2.45175e-07 1.4995e-08 6.19543e-10
 3.25303e-10 2.47564e-08 1.1109e-06 2.93933e-05 0.000458579 0.00421883 0.0228925 0.0733666 0.139846 0.164275 0.138413 0.118382 0.113394 0.0953973 0.0666295 0.0387637 0.0171763 0.00537582 0.00117659 0.000181797 1.97216e-05 1.49917e-06 8.26354e-08 3.48221e-09 1.12416e-10
 3.9466e-10 2.87467e-08 1.23464e-06 3.12665e-05 0.00046689 0.00411128 0.0213571 0.0655882 0.120392 0.139429 0.125413 0.123902 0.129189 0.113816 0.082804 0.04777 0.019471 0.00521275 0.00092063 0.000114305 1.07759e-05 7.84665e-07 4.18636e-08 1.54248e-09 3.8173e-11
 6.37792e-10 4.44074e-08 1.82313e-06 4.41336e-05 0.000629962 0.00530252 0.0263285 0.0772586 0.135274 0.148233 0.123122 0.111693 0.11388 0.104835 0.0809493 0.0476336 0.0190186 0.00488266 0.000812752 9.19375e-05 7.46854e-06 4.48096e-07 1.97394e-08 6.25872e-10 1.39269e-11
 9.15864e-10 6.08833e-08 2.38645e-06 5.51564e-05 0.000751685 0.00604106 0.0286446 0.0803425 0.135078 0.145148 0.12571 0.122259 0.122489 0.103491 0.0721829 0.0390284 0.0145958 0.00355019 0.00056382 6.10443e-05 4.71918e-06 2.64101e-07 1.04997e-08 2.89557e-10 5.45503e-12
 1.14104e-09 7.23391e-08 2.70416e-06 5.96047e-05 0.000774696 0.0059381 0.0268632 0.0720068 0.116678 0.125374 0.118972 0.12989 0.136367 0.118588 0.0841109 0.0445646 0.0157546 0.00351382 0.000493798 4.53974e-05 2.90483e-06 1.36414e-07 4.73697e-09 1.17847e-10 2.02219e-12
 1.75425e-09 1.05953e-07 3.77328e-06 7.9235e-05 0.000981107 0.00716446 0.0308784 0.0788618 0.121798 0.124941 0.113955 0.121907 0.129865 0.118232 0.0865935 0.0454645 0.0154959 0.00329813 0.000441169 3.84584e-05 2.29796e-06 9.75888e-08 2.94988e-09 6.22385e-11 9.01095e-13
 2.92612e-09 1.68204e-07 5.7012e-06 0.000113943 0.0013428 0.0093327 0.0382853 0.0930928 0.137054 0.134634 0.118478 0.121484 0.12212 0.103973 0.0711727 0.035072 0.0112622 0.00226472 0.00028701 2.37742e-05 1.35198e-06 5.45123e-08 1.55218e-09 3.04355e-11 4.01859e-13
 3.51221e-09 1.91978e-07 6.18741e-06 0.000117587 0.00131774 0.00871048 0.034014 0.0790708 0.113636 0.11791 0.12374 0.142623 0.142481 0.115283 0.0742275 0.0343376 0.0103366 0.00194164 0.000228247 1.73567e-05 8.97627e-07 3.28781e-08 8.57473e-10 1.55582e-11 1.91228e-13
 5.15961e-09 2.67945e-07 8.20473e-06 0.000148141 0.00157727 0.0099058 0.0367545 0.0812155 0.11114 0.11061 0.113567 0.132595 0.141273 0.125009 0.0843668 0.0385751 0.0110801 0.00194898 0.000211208 1.45176e-05 6.63685e-07 2.11819e-08 4.82023e-10 7.7149e-12 8.45729e-14
 8.2077e-09 4.04648e-07 1.17631e-05 0.000201633 0.0020381 0.0121528 0.0428272 0.0900395 0.118167 0.115711 0.119536 0.136076 0.137089 0.113581 0.0717977 0.0308555 0.00836414 0.00139618 0.000144805 9.63173e-06 4.29418e-07 1.32816e-08 2.85992e-10 4.19984e-12 4.11791e-14
 1.15103e-08 5.38356e-07 1.48471e-05 0.000241442 0.00231538 0.0131006 0.0438456 0.0879094 0.112091 0.112762 0.124488 0.143732 0.141656 0.113435 0.0684025 0.027744 0.0070519 0.0010976 0.000105343 6.4173e-06 2.59595e-07 7.28402e-09 1.44037e-10 1.97465e-12 1.82657e-14
 1.8537e-08 8.22035e-07 2.14946e-05 0.00033141 0.00301333 0.0161658 0.051305 0.0975912 0.11829 0.113822 0.121508 0.137871 0.136093 0.108765 0.0637829 0.0246162 0.00588593 0.000855879 7.61635e-05 4.25343e-06 1.55365e-07 3.88299e-09 6.80304e-11 8.28688e-13 6.85164e-15
 2.67847e-08 1.12559e-06 2.78912e-05 0.000407526 0.00351163 0.0178584 0.0537943 0.0977068 0.115979 0.11631 0.131076 0.145945 0.135525 0.100972 0.0554178 0.0201677 0.00459419 0.000647199 5.73402e-05 3.30814e-06 1.2891e-07 3.44565e-09 6.23304e-11 7.44332e-13 5.76846e-15
 3.84883e-08 1.53211e-06 3.59617e-05 0.000497734 0.00406293 0.0195774 0.0559337 0.0968233 0.111688 0.11367 0.131496 0.147492 0.138082 0.102471 0.054559 0.018924 0.00408747 0.000547796 4.66328e-05 2.62419e-06 1.01346e-07 2.71754e-09 4.97429e-11 6.05663e-13 4.81054e-15
 5.82706e-08 2.19651e-06 4.88212e-05 0.000639875 0.00494636 0.022576 0.0611607 0.10088 0.11297 0.115624 0.134299 0.147755 0.134731 0.0962897 0.0486276 0.0158326 0.00318818 0.000395543 3.08859e-05 1.57942e-06 5.52818e-08 1.3565e-09 2.31412e-11 2.67577e-13 2.04835e-15
 9.54875e-08 3.40763e-06 7.17053e-05 0.000889738 0.00651158 0.0281397 0.0722085 0.113003 0.120768 0.119115 0.133393 0.141342 0.124176 0.0848149 0.040515 0.0124079 0.00234649 0.000273509 2.00825e-05 9.64983e-07 3.15796e-08 7.17484e-10 1.12091e-11 1.17772e-13 8.17464e-16
 1.30017e-07 4.39203e-06 8.74834e-05 0.00102757 0.0071199 0.0291504 0.0711017 0.107344 0.116527 0.125077 0.145725 0.148875 0.122658 0.0782155 0.0349816 0.0100806 0.0018068 0.000201878 1.44365e-05 6.86412e-07 2.23517e-08 4.99959e-10 7.5374e-12 7.49673e-14 4.85446e-16
 1.88204e-07 6.01763e-06 0.000113453 0.00126137 0.00827322 0.0320748 0.0742004 0.106978 0.113428 0.122446 0.143615 0.148673 0.124685 0.0790146 0.0341106 0.00934763 0.00158933 0.000169358 1.16709e-05 5.4081e-07 1.72744e-08 3.79019e-10 5.58936e-12 5.42256e-14 3.41235e-16
 2.82284e-07 8.54306e-06 0.000152454 0.00160438 0.00996168 0.0365801 0.0803455 0.111117 0.116484 0.127367 0.147069 0.14631 0.116772 0.0697408 0.0281221 0.00713935 0.00111212 0.000106708 6.46706e-06 2.58021e-07 7.07765e-09 1.36352e-10 1.82531e-12 1.65286e-14 9.87168e-17
 3.82526e-07 1.09583e-05 0.000185109 0.00184407 0.0108414 0.0377363 0.0789649 0.10624 0.11455 0.132791 0.154448 0.149794 0.115222 0.0655276 0.0249349 0.00595352 0.00087266 7.90028e-05 4.53031e-06 1.70764e-07 4.37396e-09 7.6959e-11 9.18331e-13 7.28798e-15 3.79536e-17
 5.05459e-07 1.37076e-05 0.000219204 0.0020674 0.0115103 0.0379921 0.0758452 0.0997011 0.110996 0.135308 0.159438 0.154709 0.117815 0.0648433 0.0234582 0.00528569 0.000730902 6.26752e-05 3.42776e-06 1.24078e-07 3.05891e-09 5.15596e-11 5.83969e-13 4.35155e-15 2.10295e-17
 6.32717e-07 1.62455e-05 0.000245967 0.00219664 0.0115861 0.0363131 0.0695408 0.0910542 0.108294 0.140763 0.167706 0.161573 0.120379 0.0634649 0.0216618 0.00456829 0.00058822 4.67219e-05 2.35201e-06 7.79392e-08 1.75813e-09 2.72868e-11 2.87341e-13 2.00735e-15 9.13604e-18
 8.30129e-07 2.01824e-05 0.000289354 0.00244718 0.0122292 0.0363889 0.0667472 0.0862981 0.106205 0.142174 0.171165 0.1662 0.122581 0.0623886 0.0202671 0.00405842 0.000499314 3.83998e-05 1.90405e-06 6.29321e-08 1.41147e-09 2.13482e-11 2.13513e-13 1.38799e-15 5.81076e-18
#pred catch len freq
 2.20592e-13 2.39432e-11 1.53241e-09 5.78373e-08 1.28796e-06 1.69661e-05 0.000133932 0.00067337 0.00266882 0.0111828 0.0437121 0.118394 0.198954 0.209192 0.152509 0.0947831 0.0584891 0.0358544 0.0223951 0.0149177 0.0108693 0.00878459 0.00745693 0.00569782 0.0033136
 1.34498e-13 1.45986e-11 9.3436e-10 3.52696e-08 7.85901e-07 1.03857e-05 8.32888e-05 0.000448497 0.00214832 0.0110399 0.0468321 0.129208 0.217163 0.225588 0.158474 0.0915366 0.0517412 0.0286982 0.015492 0.00843635 0.00488002 0.00319393 0.00235423 0.00169418 0.000977205
 3.36911e-13 3.65686e-11 2.34043e-09 8.83296e-08 1.96648e-06 2.58704e-05 0.000202898 0.000989833 0.00354574 0.0127825 0.046216 0.122714 0.205839 0.21796 0.16191 0.102481 0.0611971 0.0329582 0.0161957 0.00764373 0.00357737 0.00177499 0.00101327 0.000628297 0.000342005
 3.16601e-13 3.43642e-11 2.19936e-09 8.30076e-08 1.84824e-06 2.43309e-05 0.000191458 0.000948582 0.00358492 0.0140584 0.0531692 0.142396 0.236321 0.239469 0.156657 0.0780701 0.0379064 0.0195609 0.00989514 0.00456592 0.00190054 0.000752417 0.000312678 0.00014645 6.85802e-05
 6.01914e-12 6.5332e-10 4.18124e-08 1.57788e-06 3.51105e-05 0.000460717 0.00356661 0.0163257 0.0446865 0.0771533 0.10219 0.141308 0.189205 0.184324 0.122767 0.063944 0.0307705 0.0137666 0.00570132 0.0023435 0.000940188 0.000343404 0.000114629 3.83387e-05 1.34771e-05
 1.06591e-11 1.15695e-09 7.40445e-08 2.79421e-06 6.21753e-05 0.000815805 0.00631335 0.0288484 0.0782767 0.129679 0.14771 0.155905 0.174316 0.154451 0.0873274 0.0296022 0.00593644 0.000702412 4.90117e-05 2.01652e-06 4.89223e-08 6.99821e-10 5.90273e-12 2.93576e-14 8.60916e-17
 1.20815e-11 1.31133e-09 8.39251e-08 3.16708e-06 7.04719e-05 0.000924651 0.00715518 0.0326833 0.0885197 0.145345 0.159594 0.154671 0.160987 0.139239 0.0783016 0.0265137 0.00531594 0.000628967 4.38865e-05 1.80565e-06 4.38065e-08 6.2664e-10 5.28547e-12 2.62877e-14 7.70888e-17
 1.16416e-11 1.26358e-09 8.08692e-08 3.05176e-06 6.79059e-05 0.000890987 0.00689481 0.0314972 0.0853517 0.1405 0.155918 0.155053 0.16511 0.143944 0.0810931 0.027469 0.00550785 0.000651682 4.54717e-05 1.87087e-06 4.53887e-08 6.49274e-10 5.47638e-12 2.72372e-14 7.98732e-17
 1.2805e-11 1.38986e-09 8.89511e-08 3.35674e-06 7.46921e-05 0.000980018 0.00758339 0.0346339 0.0937301 0.153314 0.165639 0.154044 0.154207 0.131502 0.0737105 0.0249427 0.0050003 0.000591607 4.12795e-05 1.69839e-06 4.12042e-08 5.89415e-10 4.97149e-12 2.47261e-14 7.25094e-17
 1.22499e-11 1.32961e-09 8.50948e-08 3.21122e-06 7.1454e-05 0.000937537 0.00725484 0.0331373 0.0897324 0.1472 0.161001 0.154525 0.15941 0.137438 0.0772331 0.0261481 0.00524248 0.000620272 4.32798e-05 1.78069e-06 4.32008e-08 6.17976e-10 5.2124e-12 2.59242e-14 7.6023e-17
 1.20717e-11 1.31026e-09 8.38567e-08 3.16449e-06 7.04144e-05 0.000923897 0.00714934 0.0326567 0.0884488 0.145236 0.159512 0.15468 0.16108 0.139345 0.0783641 0.0265351 0.00532024 0.000629475 4.3922e-05 1.80711e-06 4.38419e-08 6.27147e-10 5.28975e-12 2.63089e-14 7.71512e-17
 1.29431e-11 1.40485e-09 8.99104e-08 3.39294e-06 7.54975e-05 0.000990586 0.00766512 0.0350062 0.0947245 0.154835 0.166793 0.153924 0.152913 0.130025 0.0728342 0.0246429 0.00494006 0.000584476 4.0782e-05 1.67792e-06 4.07075e-08 5.8231e-10 4.91157e-12 2.4428e-14 7.16354e-17
 1.32944e-11 1.44298e-09 9.23508e-08 3.48503e-06 7.75467e-05 0.00101747 0.00787304 0.0359534 0.0972544 0.158704 0.169729 0.15362 0.149621 0.126267 0.0706049 0.0238801 0.0047868 0.000566336 3.95161e-05 1.62584e-06 3.94439e-08 5.64235e-10 4.75911e-12 2.36698e-14 6.94118e-17
 1.24884e-11 1.3555e-09 8.67519e-08 3.27375e-06 7.28454e-05 0.000955791 0.00739602 0.0337804 0.0914502 0.149827 0.162994 0.154319 0.157174 0.134887 0.0757194 0.0256302 0.00513842 0.000607954 4.24203e-05 1.74533e-06 4.23429e-08 6.05703e-10 5.10888e-12 2.54094e-14 7.45132e-17
 1.28899e-11 1.39907e-09 8.95403e-08 3.37898e-06 7.51868e-05 0.000986509 0.00763359 0.0348626 0.0943409 0.154248 0.166348 0.153971 0.153413 0.130594 0.0731722 0.0247585 0.0049633 0.000587227 4.09739e-05 1.68582e-06 4.08991e-08 5.85051e-10 4.93468e-12 2.4543e-14 7.19725e-17
 1.33345e-11 1.44733e-09 9.26291e-08 3.49554e-06 7.77804e-05 0.00102054 0.00789676 0.0360615 0.097543 0.159145 0.170064 0.153585 0.149246 0.125839 0.0703506 0.0237931 0.00476932 0.000564267 3.93717e-05 1.61989e-06 3.92998e-08 5.62173e-10 4.74172e-12 2.35833e-14 6.91582e-17
 1.37273e-11 1.48996e-09 9.53574e-08 3.5985e-06 8.00713e-05 0.00105059 0.00812921 0.0371204 0.100371 0.163471 0.173345 0.153245 0.145565 0.121639 0.0678584 0.0229402 0.00459799 0.000543987 3.79565e-05 1.56167e-06 3.78872e-08 5.41966e-10 4.57128e-12 2.27356e-14 6.66723e-17
 1.43051e-11 1.55268e-09 9.93714e-08 3.74997e-06 8.34417e-05 0.00109481 0.0084712 0.0386782 0.104533 0.169835 0.178173 0.152744 0.14015 0.115459 0.0641917 0.0216856 0.00434591 0.00051415 3.58745e-05 1.476e-06 3.58089e-08 5.12236e-10 4.32052e-12 2.14884e-14 6.3015e-17
 1.48858e-11 1.61571e-09 1.03405e-07 3.90219e-06 8.68288e-05 0.00113925 0.00881488 0.0402438 0.108714 0.176231 0.183025 0.15224 0.134709 0.109249 0.060507 0.0204247 0.00409259 0.000484166 3.37822e-05 1.38992e-06 3.37203e-08 4.82361e-10 4.06853e-12 2.02351e-14 5.93397e-17
 1.47706e-11 1.60321e-09 1.02605e-07 3.872e-06 8.6157e-05 0.00113043 0.00874671 0.0399333 0.107885 0.174962 0.182063 0.15234 0.135788 0.11048 0.0612378 0.0206748 0.00414284 0.000490113 3.41972e-05 1.40699e-06 3.41346e-08 4.88286e-10 4.11851e-12 2.04837e-14 6.00686e-17
 1.59639e-11 1.73273e-09 1.10894e-07 4.18481e-06 9.31173e-05 0.00122175 0.00945296 0.0431505 0.116478 0.188105 0.192033 0.151305 0.124606 0.0977183 0.0536657 0.0180837 0.00362227 0.000428496 2.98974e-05 1.23008e-06 2.98426e-08 4.26891e-10 3.60067e-12 1.79082e-14 5.25158e-17
 1.67351e-11 1.81644e-09 1.16252e-07 4.38698e-06 9.76158e-05 0.00128077 0.00990942 0.0452298 0.122032 0.196599 0.198477 0.150637 0.117379 0.0894702 0.0487718 0.0164091 0.00328582 0.000388672 2.71185e-05 1.11575e-06 2.70687e-08 3.87211e-10 3.26598e-12 1.62436e-14 4.76344e-17
 1.69356e-11 1.8382e-09 1.17644e-07 4.43954e-06 9.87853e-05 0.00129611 0.0100281 0.0457704 0.123476 0.198807 0.200152 0.150463 0.1155 0.0873261 0.0474996 0.0159738 0.00319836 0.00037832 2.63961e-05 1.08602e-06 2.63476e-08 3.76896e-10 3.17898e-12 1.58109e-14 4.63655e-17
 1.68639e-11 1.83041e-09 1.17146e-07 4.42072e-06 9.83667e-05 0.00129062 0.0099856 0.0455769 0.122959 0.198017 0.199553 0.150525 0.116173 0.0880935 0.0479549 0.0161296 0.00322966 0.000382025 2.66547e-05 1.09666e-06 2.66058e-08 3.80588e-10 3.21012e-12 1.59657e-14 4.68197e-17
 1.76302e-11 1.91359e-09 1.22469e-07 4.62162e-06 0.000102837 0.00134926 0.0104392 0.047643 0.128478 0.206458 0.205956 0.149861 0.108991 0.0798976 0.043092 0.0144656 0.00289535 0.000342454 2.38934e-05 9.83048e-07 2.38494e-08 3.41159e-10 2.87755e-12 1.43117e-14 4.19692e-17
 1.80831e-11 1.96275e-09 1.25616e-07 4.74035e-06 0.000105479 0.00138392 0.0107072 0.0488642 0.13174 0.211446 0.20974 0.149468 0.104747 0.0750535 0.0402178 0.0134821 0.00269775 0.000319066 2.22613e-05 9.15898e-07 2.22203e-08 3.17855e-10 2.68099e-12 1.33341e-14 3.91023e-17
 1.8036e-11 1.95763e-09 1.25288e-07 4.72799e-06 0.000105204 0.00138031 0.0106793 0.0487371 0.1314 0.210927 0.209346 0.149509 0.105189 0.0755578 0.040517 0.0135845 0.00271832 0.000321501 2.24312e-05 9.22889e-07 2.23899e-08 3.20281e-10 2.70145e-12 1.34359e-14 3.94008e-17
 1.78286e-11 1.93512e-09 1.23848e-07 4.67363e-06 0.000103994 0.00136444 0.0105566 0.048178 0.129907 0.208643 0.207614 0.149689 0.107132 0.0777757 0.041833 0.0140348 0.00280879 0.000332209 2.31785e-05 9.53634e-07 2.31358e-08 3.30951e-10 2.79145e-12 1.38835e-14 4.07134e-17
#obs catch len freq
 3.02174e-11 2.80044e-09 1.53032e-07 4.93092e-06 9.36838e-05 0.00104958 0.00693576 0.0270723 0.0628936 0.0904079 0.0948587 0.104026 0.127917 0.139014 0.129281 0.102925 0.0648157 0.0314556 0.0122286 0.00386172 0.000955531 0.000176843 2.35767e-05 2.19252e-06 1.3799e-07
 4.79174e-11 4.28312e-09 2.25744e-07 7.01548e-06 0.000128556 0.00138911 0.0088532 0.0333238 0.0745979 0.102932 0.102216 0.104533 0.122552 0.130883 0.121304 0.0956692 0.0591038 0.0279592 0.0104909 0.00316416 0.000744605 0.000130713 1.63927e-05 1.41569e-06 8.18076e-08
 2.68345e-11 2.30947e-09 1.17198e-07 3.50683e-06 6.18751e-05 0.000643876 0.00395545 0.0144191 0.0320321 0.0488999 0.0708018 0.115112 0.161615 0.174552 0.155965 0.115733 0.0656621 0.0279142 0.00937946 0.00258084 0.000564684 9.28175e-05 1.08972e-05 8.78509e-07 4.71665e-08
 1.92779e-18 8.47426e-16 2.1965e-13 3.357e-11 3.02533e-09 1.60779e-07 5.03982e-06 9.32507e-05 0.0010208 0.00665914 0.0264565 0.067888 0.126506 0.19118 0.227289 0.190229 0.106402 0.0410375 0.0118633 0.00276434 0.00052209 7.62703e-05 8.13692e-06 6.03247e-07 2.99196e-08
 1.19581e-10 9.49529e-09 4.44571e-07 1.22733e-05 0.000199797 0.00191815 0.0108695 0.0365149 0.0743776 0.101844 0.126134 0.172254 0.19681 0.150536 0.0772711 0.0314685 0.0126711 0.00500518 0.00163588 0.00039805 7.00433e-05 8.93089e-06 8.22222e-07 5.34021e-08 2.36455e-09
 2.93211e-10 2.23141e-08 1.0013e-06 2.64935e-05 0.000413338 0.00380257 0.0206321 0.0660946 0.125712 0.146122 0.11847 0.0967684 0.101218 0.10963 0.101541 0.0689002 0.0305087 0.00844449 0.00149912 0.000191735 2.13725e-05 2.19282e-06 1.7944e-07 1.03601e-08 4.02098e-10
 4.74926e-10 3.45932e-08 1.48574e-06 3.76255e-05 0.000561842 0.00494725 0.0256956 0.0788461 0.144102 0.16341 0.13614 0.118332 0.113024 0.0933113 0.0639705 0.0362825 0.0155211 0.00467188 0.000982668 0.000145642 1.51128e-05 1.09756e-06 5.77962e-08 2.31949e-09 7.077e-11
 5.87229e-10 4.08868e-08 1.6786e-06 4.06348e-05 0.000580024 0.00488233 0.0242463 0.0712117 0.125255 0.140244 0.125175 0.124612 0.128183 0.110584 0.0786814 0.0439221 0.0171528 0.00438779 0.000742444 8.87344e-05 8.06031e-06 5.62312e-07 2.85248e-08 9.94004e-10 2.31889e-11
 9.70607e-10 6.45224e-08 2.52909e-06 5.84531e-05 0.000796609 0.00640191 0.030351 0.0850609 0.142432 0.150174 0.122367 0.110765 0.1114 0.100581 0.0756963 0.0428679 0.0163389 0.00399759 0.000635499 6.88705e-05 5.36579e-06 3.08031e-07 1.29281e-08 3.88718e-10 8.16355e-12
 1.42643e-09 9.04318e-08 3.38049e-06 7.45122e-05 0.00096844 0.00742267 0.0335678 0.0898201 0.144251 0.148886 0.125703 0.120031 0.117184 0.0966504 0.0656954 0.0342177 0.012217 0.0028306 0.000429016 4.44502e-05 3.28925e-06 1.75637e-07 6.63366e-09 1.73141e-10 3.07697e-12
 1.8094e-09 1.09283e-07 3.8919e-06 8.17257e-05 0.00101195 0.00738979 0.0318517 0.0813755 0.125893 0.130043 0.120322 0.128301 0.130965 0.111123 0.0765255 0.0388735 0.0130684 0.00276569 0.000369344 3.2382e-05 1.98235e-06 8.90336e-08 2.9441e-09 6.93724e-11 1.12239e-12
 2.81954e-09 1.62077e-07 5.49354e-06 0.000109792 0.00129389 0.00899277 0.036891 0.0897043 0.132082 0.12986 0.114824 0.119568 0.124018 0.110123 0.0779412 0.0390597 0.0126276 0.00254644 0.000323289 2.68296e-05 1.52943e-06 6.19096e-08 1.77761e-09 3.54937e-11 4.84782e-13
 4.73247e-09 2.58677e-07 8.33709e-06 0.000158439 0.00177547 0.0117339 0.0457742 0.105865 0.148391 0.139312 0.118088 0.117077 0.114205 0.0946956 0.0626028 0.0294281 0.00895662 0.00170509 0.00020494 1.61494e-05 8.75385e-07 3.36022e-08 9.07478e-10 1.68117e-11 2.09076e-13
 5.83446e-09 3.02992e-07 9.27787e-06 0.000167517 0.00178357 0.0112013 0.04156 0.0918173 0.125517 0.124208 0.124699 0.137833 0.133081 0.104669 0.0650077 0.0286563 0.00816603 0.00145003 0.000161387 1.16552e-05 5.73942e-07 2.00104e-08 4.95081e-10 8.48639e-12 9.82023e-14
 8.70019e-09 4.28928e-07 1.24689e-05 0.00021373 0.00216035 0.0128807 0.0453732 0.0951926 0.123706 0.116952 0.114292 0.128057 0.132323 0.113498 0.0733507 0.0317871 0.00861624 0.0014294 0.000146311 9.52644e-06 4.13816e-07 1.25622e-08 2.71291e-10 4.10425e-12 4.23713e-14
 1.39367e-08 6.51843e-07 1.79769e-05 0.000292336 0.00280333 0.0158581 0.0530177 0.105735 0.131551 0.121817 0.118917 0.129294 0.126041 0.10111 0.0611678 0.0249016 0.00636732 0.00100218 9.81784e-05 6.18587e-06 2.61832e-07 7.68585e-09 1.56603e-10 2.16848e-12 1.99938e-14
 1.98818e-08 8.81667e-07 2.30538e-05 0.000355451 0.00323188 0.0173375 0.0550113 0.104524 0.126038 0.11914 0.1234 0.135729 0.129299 0.100053 0.0576147 0.0221008 0.00529176 0.000775537 7.01951e-05 4.04416e-06 1.55165e-07 4.13246e-09 7.73772e-11 1.00059e-12 8.70053e-15
 3.19599e-08 1.34307e-06 3.32801e-05 0.000486257 0.00418978 0.0213 0.0640533 0.11539 0.132122 0.119202 0.119206 0.128987 0.123099 0.094786 0.0528999 0.0192659 0.00433311 0.000592489 4.96466e-05 2.61738e-06 9.05158e-08 2.14477e-09 3.55697e-11 4.08721e-13 3.17708e-15
 4.65636e-08 1.85356e-06 4.35067e-05 0.000602154 0.004915 0.0236759 0.067542 0.116072 0.129797 0.121335 0.127592 0.135259 0.121274 0.0870063 0.045444 0.0156093 0.00334679 0.000443971 3.71219e-05 2.02638e-06 7.47814e-08 1.88945e-09 3.21988e-11 3.61152e-13 2.62387e-15
 6.81621e-08 2.56937e-06 5.71085e-05 0.00074848 0.00578548 0.0263963 0.0713832 0.116747 0.12625 0.118507 0.127035 0.135607 0.122476 0.0872197 0.0440569 0.0144008 0.00292608 0.000369312 2.96871e-05 1.58179e-06 5.78743e-08 1.46675e-09 2.5282e-11 2.88959e-13 2.14935e-15
 1.03979e-07 3.71067e-06 7.80819e-05 0.000968851 0.00709022 0.0306329 0.0785134 0.122187 0.127692 0.119521 0.128094 0.134045 0.11776 0.0805674 0.038526 0.0118053 0.00223375 0.000260664 1.91936e-05 9.28396e-07 3.07846e-08 7.14558e-10 1.14901e-11 1.24781e-13 8.94619e-16
 1.69322e-07 5.71978e-06 0.00011393 0.00133815 0.00926988 0.0379137 0.0920162 0.13575 0.134997 0.121079 0.124651 0.125497 0.106076 0.0692277 0.0312706 0.0090065 0.00159974 0.000175325 1.21339e-05 5.51066e-07 1.70637e-08 3.66213e-10 5.38663e-12 5.31212e-14 3.4526e-16
 2.33581e-07 7.4685e-06 0.000140807 0.00156543 0.0102661 0.0397727 0.091695 0.130159 0.130386 0.126207 0.13535 0.131465 0.104126 0.063412 0.0268156 0.0072686 0.00122427 0.000128732 8.68564e-06 3.90432e-07 1.20158e-08 2.5333e-10 3.588e-12 3.34395e-14 2.0252e-16
 3.46191e-07 1.04771e-05 0.000186966 0.00196748 0.0122134 0.0447988 0.0978796 0.132219 0.127883 0.122436 0.131361 0.129238 0.103926 0.0626439 0.0255058 0.00656852 0.00104946 0.000105288 6.84941e-06 3.00105e-07 9.05487e-09 1.87091e-10 2.5896e-12 2.35203e-14 1.38292e-16
 5.21325e-07 1.49344e-05 0.00025227 0.00251291 0.0147674 0.0512987 0.106338 0.137335 0.130102 0.125101 0.132006 0.124729 0.0952938 0.0540456 0.0205288 0.00489181 0.000714924 6.44462e-05 3.67884e-06 1.38633e-07 3.59567e-09 6.53806e-11 8.23105e-13 6.98464e-15 3.89813e-17
 7.18069e-07 1.94734e-05 0.000311398 0.00293658 0.0163404 0.0537934 0.106089 0.132513 0.127379 0.129172 0.137841 0.127093 0.0934396 0.0503795 0.0180433 0.00404258 0.000555935 4.72853e-05 2.55328e-06 9.08061e-08 2.19487e-09 3.63664e-11 4.07423e-13 3.02794e-15 1.47379e-17
 9.76325e-07 2.50677e-05 0.000379525 0.00338872 0.0178573 0.0557253 0.104621 0.126582 0.123404 0.130647 0.141616 0.130675 0.0948655 0.0493741 0.0167904 0.00354884 0.000460438 3.71054e-05 1.91139e-06 6.52709e-08 1.51733e-09 2.40561e-11 2.55499e-13 1.78096e-15 8.03598e-18
 1.25327e-06 3.04697e-05 0.000436821 0.00369356 0.0184387 0.0546032 0.0980262 0.116813 0.119816 0.135831 0.149943 0.137475 0.0974184 0.0484686 0.0155341 0.00307112 0.000370831 2.76633e-05 1.31073e-06 4.09543e-08 8.71097e-10 1.27203e-11 1.2564e-13 8.21017e-16 3.48789e-18
#spawning biomass
 21988.9 21350.4 15890.5 21826 34219.5 46600 69058.9 89057.6 118983 149564 186979 200203 205968 218102 265667 248108 236162 204201 199269 216075 202005 207867 206632 234684 223713 243144 236110 168691 129396 374906 606631 842558 1.06454e+06 1.26322e+06 1.43543e+06 1.58169e+06 1.70442e+06 1.80678e+06 1.89206e+06 1.96331e+06 2.02318e+06 2.07391e+06 2.1146e+06 2.13373e+06 2.15227e+06 2.17022e+06 2.18761e+06 2.20446e+06 2.22078e+06 2.23659e+06 2.2519e+06 2.26674e+06 2.2811e+06 2.29502e+06 2.30851e+06 2.32157e+06 2.33422e+06 2.34648e+06 2.35835e+06 2.36985e+06 2.38099e+06 2.39179e+06 2.40224e+06 2.41237e+06 2.42218e+06 2.43168e+06 2.44088e+06 2.4498e+06 2.45844e+06 2.4668e+06 2.47491e+06 2.48276e+06 2.49037e+06 2.49773e+06 2.50487e+06 2.51178e+06 2.51848e+06 2.52497e+06 2.53125e+06 2.53734e+06 2.54323e+06 2.54895e+06 2.55448e+06 2.55984e+06 2.56503e+06 2.57006e+06 2.57493e+06 2.57965e+06 2.58422e+06 2.58865e+06 2.59294e+06 2.5971e+06 2.60112e+06 2.60502e+06 2.6088e+06 2.61246e+06 2.616e+06 2.61944e+06 2.62276e+06 2.62598e+06 2.62911e+06 2.63213e+06 2.63506e+06 2.63789e+06 2.64064e+06 2.6433e+06 2.64588e+06 2.64838e+06 2.6508e+06 2.65314e+06 2.65541e+06 2.65761e+06 2.65974e+06 2.66181e+06 2.66381e+06 2.66574e+06 2.66762e+06 2.66944e+06 2.6712e+06 2.6729e+06 2.67455e+06 2.67615e+06 2.6777e+06 2.67921e+06 2.68066e+06 2.68207e+06 2.68343e+06 2.68476e+06 0 0 0 0 0 0 0 0 0 0 0 0 0 0 0 0 0 0 0 0 0 0 0 0 0
