SBPRF35
0.224663
Curr Bio
45055.8
B35
182555
F35
0.339045
FOFL
0
OFL
0
Bzero
64189.3
#pred survey bio
 8703.67 7402.33 8262.06 7493.78 10084.2 12787.1 14242.4 17813.7 30109.2 48564.9 67685.8 85360.9 110609 142370 150609 125451 113017 112495 111063 113057 119004 122748 122853 137255 154933 168508 155001 146077 3.52791e+06 3.72061e+06 3.05426e+06 2.25037e+06 1.65252e+06 1.27463e+06 1.05377e+06 929740 861285 823598 802679 790882 784089 780085 777666 776167 775228 774628 774239 773985 773817 773705 773631 773581 773547 773524 773509 773499 773492 773487 773484 773482 773480 773479 773479 773478 773478 773478 773477 773477 773477 773477 773477 773477 773477 773477 773477 773477 773477 773477 773477 773477 773477 773477 773477 773477 773477 773477 773477 773477 773477 773477 773477 773477 773477 773477 773477 773477 773477 773477 773477 773477 773477 773477 773477 773477 773477 773477 773477 773477 773477 773477 773477 773477 773477 773477 773477 773477 773477 773477 773477 773477 773477 773477 773477 773477 773477 773477 773477 773477 0 0 0 0 0 0 0 0 0 0 0 0 0 0 0 0 0 0 0 0 0 0 0 0 0
#obs survey bio
 8203.82 9570.68 10116.8 8005.95 14515.7 12644.8 14807 23037.8 41775.9 43023.2 85210.7 114169 79227.5 141993 128739 91539.8 140405 98615.7 101728 104358 132675 120310 133707 120065 257771 245286 138424 142855
#pred catch bio
 6061.2 5059.76 6227.25 5187.71 7197.12 9286.26 10383.7 12336.9 20683.7 34240.1 49197.9 61987 79674.6 102298 115567 94902.5 82764.7 84213.3 82888.4 84242 90140.1 94612.4 90783.6 100662 109548 122496 111461 102115 0 42649.5 33743.1 24139.7 17287.8 13105.4 10760 9510.57 8866.3 8541.13 8379.36 8299.66 8260.65 8241.65 8232.42 8227.94 8225.78 8224.74 8224.23 8223.99 8223.87 8223.82 8223.79 8223.78 8223.77 8223.77 8223.77 8223.77 8223.77 8223.77 8223.77 8223.77 8223.77 8223.77 8223.77 8223.77 8223.77 8223.77 8223.77 8223.77 8223.77 8223.77 8223.77 8223.77 8223.77 8223.77 8223.77 8223.77 8223.77 8223.77 8223.77 8223.77 8223.77 8223.77 8223.77 8223.77 8223.77 8223.77 8223.77 8223.77 8223.77 8223.77 8223.77 8223.77 8223.77 8223.77 8223.77 8223.77 8223.77 8223.77 8223.77 8223.77 8223.77 8223.77 8223.77 8223.77 8223.77 8223.77 8223.77 8223.77 8223.77 8223.77 8223.77 8223.77 8223.77 8223.77 8223.77 8223.77 8223.77 8223.77 8223.77 8223.77 8223.77 8223.77 8223.77 8223.77 8223.77 8223.77 8223.77 8223.77 0 0 0 0 0 0 0 0 0 0 0 0 0 0 0 0 0 0 0 0 0 0 0 0 0
#obs catch bio
 5265.75 5009.13 6070.75 5030.91 6885.78 9087.83 10229.5 11969.2 19808.1 33370.4 47758 59500.4 79868.8 100090 115856 94397.9 80819 83304.9 82921.1 84266.8 90251.6 96126 92483.5 103017 108614 120957 110660 102089
#pred cpue bio
 8278.85 6775.29 7613.85 6895.56 9133.69 11647.4 13047.8 16124.4 26996.9 43852.6 61424.4 77539.2 100243 129361 139013 115789 103889 103421 101726 103530 108735 112083 112087 125218 141422 155277 143605 134928 3.26093e+06 3.76441e+06 3.05012e+06 2.2359e+06 1.6369e+06 1.25891e+06 1.03804e+06 914004 845549 807862 786942 775146 768353 764349 761930 760431 759491 758892 758503 758249 758081 757969 757894 757844 757811 757788 757773 757762 757755 757751 757748 757745 757744 757743 757742 757742 757742 757741 757741 757741 757741 757741 757741 757741 757741 757741 757741 757741 757741 757741 757741 757741 757741 757741 757741 757741 757741 757741 757741 757741 757741 757741 757741 757741 757741 757741 757741 757741 757741 757741 757741 757741 757741 757741 757741 757741 757741 757741 757741 757741 757741 757741 757741 757741 757741 757741 757741 757741 757741 757741 757741 757741 757741 757741 757741 757741 757741 757741 757741 757741 0 0 0 0 0 0 0 0 0 0 0 0 0 0 0 0 0 0 0 0 0 0 0 0 0
#obs cpue bio
 6628.15 6930.91 10309.5 10660 14224.2 13634.2 15291 22522.7 42886.1 62935.6 81308.4 118616 97955.5 226494 135348 182806 131924 130022 101802 111984 95796.3 82970.3 72751.3 97671.1 121070 134725 172536 130920
#pred surv len freq
 2.14574e-27 2.17272e-27 6.52871e-27 1.49049e-21 8.86453e-17 1.21207e-12 3.81015e-09 2.7536e-06 0.000457507 0.0174765 0.153479 0.309878 0.144251 0.0263689 0.0676739 0.095023 0.0388897 0.0319175 0.028537 0.0195017 0.0165822 0.0145202 0.0151898 0.0142439 0.00600732
 2.14863e-27 2.18124e-27 7.50233e-27 1.82089e-21 1.08295e-16 1.48074e-12 4.65474e-09 3.36399e-06 0.000558923 0.0213505 0.187501 0.378567 0.176063 0.0278654 0.0561134 0.0783602 0.0287143 0.0141709 0.0112605 0.00611446 0.00430157 0.00309007 0.00269668 0.00230603 0.000962477
 2.14753e-27 2.17874e-27 7.24414e-27 1.73331e-21 1.03086e-16 1.40952e-12 4.43085e-09 3.20219e-06 0.000532039 0.0203235 0.178482 0.36036 0.167718 0.0297968 0.0733932 0.102629 0.0362295 0.0135581 0.00956312 0.00355137 0.00173532 0.000921598 0.000601934 0.000430633 0.00017062
 2.14762e-27 2.17902e-27 7.27959e-27 1.74535e-21 1.03803e-16 1.41932e-12 4.46164e-09 3.22444e-06 0.000535736 0.0204648 0.179723 0.362864 0.168864 0.0295004 0.0708289 0.0990674 0.0357203 0.0157422 0.0112707 0.00351078 0.00123106 0.000404046 0.000159743 8.15652e-05 2.85609e-05
 2.14912e-27 2.18272e-27 7.67265e-27 1.87869e-21 1.11733e-16 1.52775e-12 4.8025e-09 3.47078e-06 0.000576665 0.0220282 0.193453 0.390584 0.18163 0.0281517 0.0542405 0.0756821 0.0274184 0.0125001 0.00911337 0.00310437 0.00114225 0.000288639 6.24123e-05 1.65547e-05 4.3186e-06
 2.14858e-27 2.18137e-27 7.52433e-27 1.82835e-21 1.08739e-16 1.48681e-12 4.67382e-09 3.37778e-06 0.000561213 0.021438 0.188269 0.380119 0.176826 0.0290743 0.0630271 0.0879963 0.0308017 0.0106844 0.00734333 0.00255217 0.000983034 0.000264293 4.90509e-05 6.5837e-06 8.75189e-07
 2.14803e-27 2.18003e-27 7.38396e-27 1.78074e-21 1.05908e-16 1.4481e-12 4.55211e-09 3.28983e-06 0.0005466 0.0208797 0.183367 0.370221 0.172263 0.0294176 0.0681063 0.0951868 0.0337742 0.0131703 0.00914603 0.00273529 0.000889002 0.000241038 4.66338e-05 5.37293e-06 3.70893e-07
 2.14916e-27 2.18281e-27 7.68043e-27 1.88132e-21 1.11889e-16 1.52989e-12 4.80922e-09 3.47564e-06 0.000577472 0.022059 0.193724 0.391131 0.181887 0.0282854 0.0548923 0.0765778 0.0274296 0.0115228 0.00819222 0.00259832 0.000873929 0.000206175 3.54757e-05 4.05174e-06 2.38257e-07
 2.14995e-27 2.18475e-27 7.88292e-27 1.95e-21 1.15974e-16 1.58574e-12 4.98479e-09 3.60252e-06 0.000598553 0.0228643 0.200796 0.405409 0.18847 0.0278038 0.0476487 0.0663293 0.0232883 0.00830435 0.00571391 0.0018918 0.000679004 0.000168141 2.79652e-05 2.82966e-06 1.54047e-07
 2.14935e-27 2.18324e-27 7.72132e-27 1.89517e-21 1.12713e-16 1.54115e-12 4.84462e-09 3.50122e-06 0.000581723 0.0222214 0.19515 0.39401 0.183228 0.0285366 0.0555578 0.0774502 0.0268461 0.00845301 0.00555888 0.00168394 0.000550216 0.000141178 2.49767e-05 2.54083e-06 1.28104e-07
 2.14891e-27 2.18218e-27 7.60976e-27 1.85733e-21 1.10463e-16 1.51038e-12 4.74789e-09 3.43132e-06 0.000570108 0.0217777 0.191253 0.386144 0.179601 0.0288065 0.0595763 0.083137 0.0291639 0.0103061 0.00695097 0.00197593 0.000575254 0.000133859 2.24746e-05 2.37112e-06 1.22601e-07
 2.14883e-27 2.18198e-27 7.58995e-27 1.85061e-21 1.10063e-16 1.50492e-12 4.73073e-09 3.41891e-06 0.000568047 0.021699 0.190562 0.384747 0.178955 0.0288002 0.0599587 0.0836869 0.0295043 0.0109044 0.00748487 0.00225002 0.000698544 0.000152447 2.2629e-05 2.19751e-06 1.12528e-07
 2.14904e-27 2.1825e-27 7.64484e-27 1.86924e-21 1.11171e-16 1.52006e-12 4.77833e-09 3.45331e-06 0.000573763 0.0219173 0.192479 0.388619 0.180737 0.0285915 0.0575178 0.0802485 0.0283183 0.0105516 0.00727673 0.00224166 0.000728413 0.000167996 2.54017e-05 2.26408e-06 1.04963e-07
 2.1488e-27 2.18192e-27 7.58282e-27 1.8482e-21 1.09919e-16 1.50295e-12 4.72454e-09 3.41444e-06 0.000567304 0.0216706 0.190313 0.384245 0.178725 0.0288498 0.0604132 0.0843218 0.0296469 0.010699 0.00732407 0.00226703 0.000746092 0.000177542 2.83151e-05 2.61559e-06 1.17323e-07
 2.14727e-27 2.17816e-27 7.18493e-27 1.71322e-21 1.01892e-16 1.39319e-12 4.37951e-09 3.16509e-06 0.000525874 0.020088 0.176414 0.356184 0.165801 0.0301529 0.0768258 0.107468 0.0379879 0.0143571 0.00992087 0.00302092 0.00097441 0.000233025 3.80409e-05 3.66677e-06 1.71214e-07
 2.14729e-27 2.17823e-27 7.19706e-27 1.71736e-21 1.02138e-16 1.39655e-12 4.39009e-09 3.17273e-06 0.000527144 0.0201365 0.17684 0.357044 0.166183 0.0297274 0.0739691 0.103506 0.0374655 0.0169642 0.0122166 0.00380789 0.00125858 0.000297318 4.79833e-05 4.68832e-06 2.26139e-07
 2.14771e-27 2.17927e-27 7.30759e-27 1.75486e-21 1.04368e-16 1.42705e-12 4.48594e-09 3.242e-06 0.000538654 0.0205762 0.180701 0.364839 0.169773 0.0293622 0.0693899 0.0970418 0.0350363 0.0155989 0.0113411 0.00391609 0.0014601 0.000357566 5.84953e-05 5.67212e-06 2.74312e-07
 2.1477e-27 2.17924e-27 7.30273e-27 1.7532e-21 1.0427e-16 1.4257e-12 4.48171e-09 3.23895e-06 0.000538146 0.0205568 0.180531 0.364496 0.169617 0.029453 0.0700479 0.0979566 0.035187 0.0151032 0.0108878 0.00373483 0.00142359 0.00038651 7.00018e-05 7.03326e-06 3.4194e-07
 2.14807e-27 2.18013e-27 7.39725e-27 1.78526e-21 1.06176e-16 1.45177e-12 4.56367e-09 3.29817e-06 0.000547987 0.0209327 0.183832 0.371161 0.172688 0.029174 0.0663355 0.0927178 0.0332592 0.0141288 0.010135 0.0034005 0.00126478 0.000345093 6.6405e-05 7.3773e-06 3.83294e-07
 2.14808e-27 2.18016e-27 7.39946e-27 1.786e-21 1.06221e-16 1.45238e-12 4.56557e-09 3.29955e-06 0.000548215 0.0209414 0.183909 0.371315 0.172763 0.0292664 0.066853 0.0934309 0.0332906 0.0134356 0.00952589 0.00317488 0.00116537 0.000310793 5.91527e-05 6.8205e-06 3.83014e-07
 2.1483e-27 2.18069e-27 7.45484e-27 1.80479e-21 1.07338e-16 1.46765e-12 4.61359e-09 3.33425e-06 0.000553981 0.0211617 0.185843 0.375221 0.174562 0.0290805 0.0645412 0.0901734 0.0321583 0.0130657 0.00924378 0.00299288 0.00106157 0.000279296 5.21452e-05 5.9299e-06 3.39331e-07
 2.14835e-27 2.18082e-27 7.46811e-27 1.80929e-21 1.07605e-16 1.47131e-12 4.62509e-09 3.34256e-06 0.000555362 0.0212144 0.186306 0.376156 0.174995 0.0291178 0.0644871 0.0900831 0.0319356 0.0123728 0.00866417 0.0028118 0.000992293 0.000253433 4.58445e-05 5.10973e-06 2.88392e-07
 2.14843e-27 2.181e-27 7.48671e-27 1.8156e-21 1.0798e-16 1.47644e-12 4.64121e-09 3.35422e-06 0.000557298 0.0212884 0.186956 0.377467 0.175601 0.0290929 0.0639396 0.0893062 0.0315923 0.0120215 0.00835566 0.00264037 0.000903699 0.000229568 4.08187e-05 4.40845e-06 2.42493e-07
 2.14844e-27 2.18103e-27 7.48967e-27 1.8166e-21 1.0804e-16 1.47726e-12 4.64378e-09 3.35607e-06 0.000557607 0.0213002 0.187059 0.377676 0.175695 0.0290421 0.0635669 0.0887884 0.0315126 0.0123204 0.00860869 0.00269582 0.000905879 0.00022374 3.87719e-05 4.11949e-06 2.20991e-07
 2.14839e-27 2.1809e-27 7.47664e-27 1.81218e-21 1.07778e-16 1.47367e-12 4.63249e-09 3.34791e-06 0.00055625 0.0212484 0.186604 0.376758 0.175272 0.0290797 0.0640733 0.0895027 0.0317707 0.0124372 0.00870833 0.0027673 0.000944193 0.000230858 3.90034e-05 4.02595e-06 2.1117e-07
 2.14745e-27 2.17861e-27 7.23488e-27 1.73018e-21 1.029e-16 1.40698e-12 4.42285e-09 3.19641e-06 0.000531078 0.0202868 0.17816 0.359709 0.167418 0.029829 0.0737862 0.103207 0.036795 0.0149111 0.0105235 0.00335094 0.00115031 0.000285181 4.8465e-05 4.91675e-06 2.5101e-07
 2.14689e-27 2.17725e-27 7.09398e-27 1.6824e-21 1.00059e-16 1.36812e-12 4.30071e-09 3.10814e-06 0.000516412 0.0197266 0.17324 0.349776 0.162833 0.0300174 0.07793 0.109097 0.0395369 0.0180562 0.0130866 0.00424737 0.00149063 0.000371939 6.38376e-05 6.53338e-06 3.31285e-07
 2.14723e-27 2.17809e-27 7.18549e-27 1.71345e-21 1.01905e-16 1.39338e-12 4.38009e-09 3.16551e-06 0.000525944 0.0200907 0.176438 0.356232 0.165799 0.0295191 0.0729419 0.102091 0.0373949 0.0183248 0.0135726 0.00472361 0.00179415 0.000460465 8.05947e-05 8.33583e-06 4.26218e-07
#obs surv len freq
 1.23148e-39 6.02725e-33 6.78195e-27 1.75443e-21 1.04342e-16 1.42669e-12 4.48482e-09 3.24119e-06 0.000538529 0.0205711 0.180655 0.364748 0.169729 0.0293118 0.0691099 0.0966542 0.0349906 0.0158747 0.0115979 0.00405632 0.00159217 0.000457674 9.59265e-05 1.2409e-05 8.1899e-07
 1.31511e-39 6.43653e-33 7.24249e-27 1.87356e-21 1.11428e-16 1.52357e-12 4.78937e-09 3.46129e-06 0.000575098 0.021968 0.192923 0.389516 0.181139 0.0282182 0.0549692 0.0767051 0.0277199 0.0124243 0.00904973 0.00314711 0.00122081 0.000342585 6.95998e-05 8.73472e-06 5.60508e-07
 1.16619e-39 5.7077e-33 6.42239e-27 1.66141e-21 9.88104e-17 1.35105e-12 4.24705e-09 3.06935e-06 0.000509977 0.0194805 0.171078 0.345411 0.160843 0.030745 0.0836876 0.117121 0.0411103 0.0146267 0.0101075 0.0034831 0.00133817 0.000371855 7.39992e-05 9.00589e-06 5.59947e-07
 1.34528e-39 6.5842e-33 7.40865e-27 1.91655e-21 1.13984e-16 1.55853e-12 4.89925e-09 3.5407e-06 0.000588292 0.022472 0.197349 0.398452 0.185245 0.0275664 0.048297 0.0673453 0.0250401 0.013405 0.00990471 0.00300904 0.000994296 0.000268655 5.27595e-05 6.3025e-06 3.81318e-07
 1.39245e-39 6.81509e-33 7.66845e-27 1.98376e-21 1.17981e-16 1.61318e-12 5.07105e-09 3.66486e-06 0.000608922 0.02326 0.20427 0.412424 0.191704 0.0275398 0.0439236 0.0610611 0.0211845 0.00674575 0.00459121 0.00175798 0.000716334 0.000175176 3.04867e-05 3.51465e-06 2.08664e-07
 1.26778e-39 6.20493e-33 6.98188e-27 1.80615e-21 1.07418e-16 1.46875e-12 4.61703e-09 3.33674e-06 0.000554404 0.0211775 0.185981 0.375501 0.174711 0.0296076 0.0676754 0.0945034 0.0324971 0.00938242 0.00596445 0.00171094 0.000540041 0.000156707 3.03249e-05 3.1979e-06 1.76241e-07
 1.2724e-39 6.22753e-33 7.00732e-27 1.81273e-21 1.0781e-16 1.4741e-12 4.63385e-09 3.3489e-06 0.000556424 0.0212547 0.186659 0.376869 0.17532 0.0289818 0.0634426 0.0886378 0.0318052 0.013523 0.00947962 0.00258911 0.00069582 0.0001537 2.648e-05 3.08512e-06 1.70515e-07
 1.42095e-39 6.95456e-33 7.82538e-27 2.02435e-21 1.20396e-16 1.6462e-12 5.17483e-09 3.73986e-06 0.000621383 0.023736 0.20845 0.420864 0.195583 0.0269301 0.0376579 0.0522678 0.0186098 0.00746858 0.00529019 0.00175889 0.000610094 0.000128975 1.77375e-05 1.69149e-06 9.20323e-08
 1.42131e-39 6.95634e-33 7.82738e-27 2.02487e-21 1.20427e-16 1.64662e-12 5.17615e-09 3.74082e-06 0.000621542 0.0237421 0.208503 0.420972 0.195647 0.0273023 0.0398974 0.0553607 0.0188367 0.00478671 0.00294368 0.000947959 0.000334956 8.5513e-05 1.38134e-05 1.18527e-06 5.26489e-08
 1.3516e-39 6.61513e-33 7.44344e-27 1.92555e-21 1.1452e-16 1.56585e-12 4.92226e-09 3.55733e-06 0.000591055 0.0225775 0.198276 0.400324 0.186142 0.0284062 0.0528598 0.0736201 0.0251297 0.00664219 0.00404902 0.00104365 0.000260698 6.26815e-05 1.10236e-05 1.1079e-06 5.05317e-08
 1.32637e-39 6.49167e-33 7.30453e-27 1.88961e-21 1.12382e-16 1.53663e-12 4.8304e-09 3.49094e-06 0.000580024 0.0221562 0.194576 0.392853 0.182694 0.0285635 0.0560715 0.0781846 0.027253 0.00906915 0.00596961 0.00156278 0.000380532 7.24377e-05 9.7043e-06 9.55117e-07 4.83872e-08
 1.35703e-39 6.64171e-33 7.47336e-27 1.93329e-21 1.1498e-16 1.57214e-12 4.94204e-09 3.57162e-06 0.00059343 0.0226683 0.199073 0.401932 0.186871 0.0280097 0.0499545 0.069578 0.0244233 0.00868395 0.00588364 0.00171464 0.000500114 9.79423e-05 1.17648e-05 9.03596e-07 3.96044e-08
 1.33512e-39 6.5345e-33 7.35273e-27 1.90208e-21 1.13124e-16 1.54676e-12 4.86227e-09 3.51397e-06 0.000583851 0.0223024 0.195859 0.395445 0.183888 0.0284437 0.0545589 0.0760466 0.0264116 0.00848538 0.00561247 0.00169315 0.000531687 0.000117276 1.61639e-05 1.2226e-06 4.52579e-08
 1.27953e-39 6.26242e-33 7.04658e-27 1.82288e-21 1.08414e-16 1.48236e-12 4.65981e-09 3.36766e-06 0.000559541 0.0213738 0.187704 0.37898 0.176303 0.0291726 0.0639713 0.0893291 0.031309 0.0109779 0.00739722 0.00212443 0.000627185 0.000143291 2.17929e-05 1.86665e-06 7.35847e-08
 1.16546e-39 5.7041e-33 6.41835e-27 1.66037e-21 9.87482e-17 1.3502e-12 4.24438e-09 3.06742e-06 0.000509656 0.0194682 0.17097 0.345194 0.160735 0.0305607 0.0826279 0.115671 0.0412079 0.0165961 0.0116173 0.00348384 0.00107971 0.000237494 3.51224e-05 3.18991e-06 1.39455e-07
 1.26675e-39 6.19986e-33 6.97618e-27 1.80467e-21 1.07331e-16 1.46755e-12 4.61326e-09 3.33402e-06 0.000553951 0.0211602 0.185829 0.375194 0.174531 0.0285845 0.061522 0.0860032 0.0318474 0.016662 0.0123632 0.00399987 0.00137518 0.00031866 4.81805e-05 4.28074e-06 1.90168e-07
 1.23228e-39 6.03116e-33 6.78636e-27 1.75557e-21 1.0441e-16 1.42762e-12 4.48774e-09 3.2433e-06 0.000538879 0.0205845 0.180773 0.364985 0.169848 0.0295496 0.0704903 0.0985539 0.03503 0.0138803 0.00997443 0.00377467 0.0015467 0.000395401 6.58092e-05 6.12349e-06 2.73511e-07
 1.28023e-39 6.26584e-33 7.05042e-27 1.82388e-21 1.08473e-16 1.48317e-12 4.66236e-09 3.3695e-06 0.000559846 0.0213854 0.187807 0.379187 0.176382 0.0287171 0.0611285 0.0853916 0.0308569 0.0138148 0.0099606 0.00321019 0.00117458 0.000346472 6.8199e-05 7.08321e-06 3.39529e-07
 1.24917e-39 6.1138e-33 6.87935e-27 1.77962e-21 1.05841e-16 1.44718e-12 4.54923e-09 3.28774e-06 0.000546262 0.0208665 0.18325 0.369986 0.172153 0.0293691 0.0678812 0.0948723 0.0336856 0.0132231 0.00935663 0.00321767 0.00120699 0.000314037 6.08783e-05 7.29615e-06 3.99301e-07
 1.26528e-39 6.19267e-33 6.96809e-27 1.80258e-21 1.07206e-16 1.46585e-12 4.60791e-09 3.33015e-06 0.000553309 0.0211357 0.185614 0.374759 0.174345 0.0289953 0.0641612 0.0896568 0.0322334 0.013916 0.00995547 0.00318371 0.00112207 0.000302032 5.67753e-05 6.46714e-06 3.78535e-07
 1.27736e-39 6.2518e-33 7.03463e-27 1.81979e-21 1.0823e-16 1.47985e-12 4.65191e-09 3.36195e-06 0.000558592 0.0213375 0.187386 0.378337 0.175996 0.0288879 0.0624268 0.087198 0.0311707 0.0129015 0.00921109 0.00310265 0.00113603 0.000288665 5.23766e-05 5.91272e-06 3.35755e-07
 1.26255e-39 6.17931e-33 6.95306e-27 1.79869e-21 1.06975e-16 1.46269e-12 4.59797e-09 3.32296e-06 0.000552115 0.0210901 0.185213 0.37395 0.173977 0.0291427 0.0653047 0.0912487 0.0325215 0.0131512 0.00931383 0.00306668 0.0011113 0.00029383 5.3528e-05 5.79655e-06 3.21182e-07
 1.25611e-39 6.14777e-33 6.91757e-27 1.78951e-21 1.06429e-16 1.45522e-12 4.57451e-09 3.306e-06 0.000549297 0.0209825 0.184268 0.372042 0.173095 0.0291395 0.06586 0.0920486 0.0330385 0.014093 0.0100788 0.0032759 0.00116247 0.000301906 5.53919e-05 6.09802e-06 3.31687e-07
 1.25823e-39 6.15817e-33 6.92927e-27 1.79254e-21 1.06609e-16 1.45768e-12 4.58224e-09 3.3116e-06 0.000550226 0.0210179 0.18458 0.372671 0.173383 0.0290785 0.0652984 0.0912603 0.0328023 0.0141429 0.0101753 0.00340796 0.00124537 0.000319704 5.74298e-05 6.28546e-06 3.44781e-07
 1.266e-39 6.19621e-33 6.97207e-27 1.80361e-21 1.07267e-16 1.46669e-12 4.61055e-09 3.33205e-06 0.000553625 0.0211478 0.18572 0.374973 0.174444 0.0289834 0.0640238 0.0894602 0.0321197 0.0137373 0.00987507 0.00333019 0.0012361 0.000326604 5.95949e-05 6.4368e-06 3.49005e-07
 1.19731e-39 5.86e-33 6.59377e-27 1.70574e-21 1.01447e-16 1.3871e-12 4.36038e-09 3.15125e-06 0.000523585 0.0200003 0.175642 0.354628 0.165074 0.0299612 0.0761249 0.106519 0.0381673 0.0160796 0.0115162 0.00386657 0.00143159 0.000382121 7.13545e-05 7.87442e-06 4.27324e-07
 1.20124e-39 5.87924e-33 6.61541e-27 1.71135e-21 1.0178e-16 1.39166e-12 4.37469e-09 3.1616e-06 0.000525304 0.0200659 0.176219 0.355792 0.165596 0.0295048 0.0729878 0.102166 0.0375559 0.0188095 0.0139026 0.00463098 0.00169664 0.000450934 8.45186e-05 9.49018e-06 5.25704e-07
 1.22442e-39 5.9927e-33 6.74308e-27 1.74437e-21 1.03744e-16 1.41852e-12 4.45912e-09 3.22261e-06 0.000535442 0.0204532 0.17962 0.362658 0.168758 0.0291964 0.0690355 0.0965813 0.0353911 0.0173967 0.0129984 0.00480348 0.00194352 0.000518116 9.62918e-05 1.08156e-05 6.05985e-07
#pred catch len freq
 2.14574e-27 2.17275e-27 6.53383e-27 1.49223e-21 8.87486e-17 1.21348e-12 3.81459e-09 2.75681e-06 0.00045804 0.0174968 0.153658 0.310239 0.144423 0.0265111 0.0684333 0.0960795 0.0390936 0.0314466 0.0280355 0.0190946 0.0162117 0.0141888 0.0148411 0.0139166 0.00586929
 2.14859e-27 2.18114e-27 7.4908e-27 1.81698e-21 1.08063e-16 1.47756e-12 4.64474e-09 3.35677e-06 0.000557722 0.0213046 0.187098 0.377754 0.175691 0.0279549 0.0569045 0.0794692 0.029026 0.014031 0.0111016 0.00600869 0.00421952 0.00302945 0.00264333 0.00226035 0.00094341
 2.1476e-27 2.1789e-27 7.26135e-27 1.73914e-21 1.03433e-16 1.41427e-12 4.44577e-09 3.21297e-06 0.00053383 0.0203919 0.179083 0.361573 0.168278 0.0297828 0.072942 0.101987 0.0359147 0.0131584 0.00922996 0.00341834 0.00166608 0.000884206 0.000577383 0.000413054 0.000163654
 2.14757e-27 2.17891e-27 7.26693e-27 1.74105e-21 1.03547e-16 1.41582e-12 4.45066e-09 3.2165e-06 0.000534417 0.0204144 0.17928 0.36197 0.168455 0.0295862 0.0716221 0.100178 0.0360171 0.0155482 0.0110831 0.00344467 0.00120449 0.000395005 0.000156114 7.97069e-05 2.791e-05
 2.14911e-27 2.18271e-27 7.67092e-27 1.8781e-21 1.11698e-16 1.52727e-12 4.80099e-09 3.46969e-06 0.000576484 0.0220213 0.193392 0.390462 0.181574 0.0281936 0.0545333 0.0760888 0.0274822 0.0122687 0.00890585 0.00302625 0.00111069 0.000280475 6.06222e-05 1.60778e-05 4.19411e-06
 2.14859e-27 2.18139e-27 7.52634e-27 1.82903e-21 1.0878e-16 1.48737e-12 4.67556e-09 3.37904e-06 0.000561423 0.021446 0.18834 0.380261 0.176893 0.0290982 0.0631299 0.0881362 0.0307833 0.0104606 0.00714759 0.0024778 0.000951995 0.000255779 4.74541e-05 6.36855e-06 8.46554e-07
 2.14805e-27 2.18007e-27 7.38792e-27 1.78208e-21 1.05987e-16 1.44919e-12 4.55554e-09 3.2923e-06 0.000547012 0.0208955 0.183505 0.3705 0.172393 0.0294411 0.0681654 0.0952639 0.0337159 0.0128751 0.00889563 0.00265472 0.000860321 0.000233077 4.5078e-05 5.19309e-06 3.58464e-07
 2.14912e-27 2.18272e-27 7.66996e-27 1.87777e-21 1.11678e-16 1.527e-12 4.80014e-09 3.46907e-06 0.000576382 0.0220174 0.193358 0.390392 0.181548 0.0283525 0.0555245 0.0774637 0.0276717 0.0113873 0.00805847 0.0025501 0.000855407 0.000201663 3.46853e-05 3.96094e-06 2.32909e-07
 2.14991e-27 2.18464e-27 7.87136e-27 1.94607e-21 1.15741e-16 1.58255e-12 4.97475e-09 3.59527e-06 0.000597349 0.0228183 0.200392 0.404593 0.188096 0.0278674 0.048283 0.0672195 0.0235487 0.00822968 0.00563136 0.00185997 0.000665851 0.000164773 2.73948e-05 2.77158e-06 1.50878e-07
 2.14932e-27 2.18318e-27 7.71451e-27 1.89286e-21 1.12576e-16 1.53927e-12 4.83872e-09 3.49695e-06 0.000581014 0.0221943 0.194912 0.39353 0.183008 0.0285841 0.0559928 0.0780592 0.0270058 0.00833559 0.00544728 0.00164649 0.000536456 0.000137542 2.43247e-05 2.47421e-06 1.2474e-07
 2.14892e-27 2.1822e-27 7.61178e-27 1.85802e-21 1.10503e-16 1.51094e-12 4.74965e-09 3.43258e-06 0.000570319 0.0217858 0.191324 0.386286 0.179668 0.0288275 0.0596616 0.0832524 0.029139 0.010087 0.00676515 0.00191927 0.0005571 0.000129529 2.17388e-05 2.29318e-06 1.18566e-07
 2.14884e-27 2.18201e-27 7.59198e-27 1.8513e-21 1.10104e-16 1.50548e-12 4.73248e-09 3.42018e-06 0.000568258 0.0217071 0.190632 0.38489 0.179022 0.0288234 0.0600576 0.0838212 0.0294818 0.0106721 0.00728614 0.00218556 0.000676626 0.000147556 2.18938e-05 2.12579e-06 1.0885e-07
 2.14904e-27 2.1825e-27 7.64452e-27 1.86912e-21 1.11164e-16 1.51997e-12 4.77805e-09 3.45311e-06 0.000573729 0.021916 0.192468 0.388596 0.180728 0.0286221 0.0577117 0.0805168 0.0283453 0.0103452 0.00709645 0.00218126 0.000706829 0.000162901 2.46217e-05 2.19425e-06 1.01721e-07
 2.1488e-27 2.18191e-27 7.5816e-27 1.84778e-21 1.09895e-16 1.50261e-12 4.72348e-09 3.41367e-06 0.000567177 0.0216658 0.19027 0.384158 0.178686 0.0288839 0.0606475 0.084647 0.0296932 0.0104973 0.00714651 0.00220712 0.000724368 0.000172248 2.74602e-05 2.53628e-06 1.1376e-07
 2.14737e-27 2.17839e-27 7.20905e-27 1.7214e-21 1.02378e-16 1.39984e-12 4.40042e-09 3.1802e-06 0.000528385 0.0201839 0.177256 0.357885 0.166586 0.0301109 0.0760567 0.106377 0.0375082 0.0138758 0.00953656 0.0028975 0.000931965 0.000222708 3.63427e-05 3.50262e-06 1.63541e-07
 2.14737e-27 2.17842e-27 7.21664e-27 1.724e-21 1.02533e-16 1.40195e-12 4.40706e-09 3.18499e-06 0.000529182 0.0202144 0.177524 0.358424 0.16682 0.0297131 0.0734659 0.102788 0.0370904 0.0164356 0.0117835 0.00366468 0.00120791 0.000285143 4.60004e-05 4.49397e-06 2.16754e-07
 2.14774e-27 2.17934e-27 7.31437e-27 1.75715e-21 1.04504e-16 1.42891e-12 4.49181e-09 3.24624e-06 0.000539358 0.0206031 0.180938 0.365317 0.169994 0.0293862 0.0693925 0.0970377 0.0349304 0.0152249 0.0110193 0.00379548 0.00141159 0.000345464 5.64941e-05 5.47735e-06 2.64881e-07
 2.14776e-27 2.17938e-27 7.31729e-27 1.75814e-21 1.04563e-16 1.42971e-12 4.49433e-09 3.24806e-06 0.000539661 0.0206147 0.181039 0.365522 0.170091 0.0294502 0.0697212 0.0974884 0.0349179 0.0146701 0.0105256 0.00360159 0.0013693 0.00037152 6.72639e-05 6.7574e-06 3.28514e-07
 2.14812e-27 2.18026e-27 7.40996e-27 1.78957e-21 1.06433e-16 1.45528e-12 4.57469e-09 3.30614e-06 0.00054931 0.0209833 0.184276 0.372057 0.173103 0.0291737 0.0660635 0.0923272 0.0330249 0.0137328 0.00980405 0.00328144 0.00121732 0.000331913 6.38464e-05 7.09227e-06 3.68472e-07
 2.14813e-27 2.18028e-27 7.41125e-27 1.79e-21 1.06458e-16 1.45563e-12 4.57579e-09 3.30694e-06 0.000549443 0.0209883 0.184321 0.372147 0.173148 0.0292661 0.0666007 0.0930687 0.033073 0.0130671 0.00921823 0.00306488 0.00112205 0.000299033 5.68939e-05 6.55931e-06 3.68333e-07
 2.14837e-27 2.18085e-27 7.47198e-27 1.8106e-21 1.07684e-16 1.47238e-12 4.62845e-09 3.34499e-06 0.000555766 0.0212299 0.186442 0.376429 0.17512 0.0290611 0.0640588 0.0894869 0.0318269 0.0126569 0.00890984 0.00287796 0.00101807 0.000267659 4.99544e-05 5.68008e-06 3.25024e-07
 2.14845e-27 2.18104e-27 7.49102e-27 1.81706e-21 1.08068e-16 1.47763e-12 4.64495e-09 3.35692e-06 0.000557747 0.0213056 0.187107 0.377772 0.175741 0.0290759 0.0637446 0.0890304 0.031481 0.0119372 0.00831484 0.00269202 0.000947481 0.000241817 4.37269e-05 4.87312e-06 2.75027e-07
 2.14846e-27 2.18108e-27 7.49479e-27 1.81834e-21 1.08143e-16 1.47867e-12 4.64821e-09 3.35928e-06 0.000558139 0.0213205 0.187238 0.378037 0.175864 0.0290994 0.0638082 0.0891152 0.0314468 0.0117172 0.00810122 0.00255409 0.000871778 0.000221299 3.93338e-05 4.24756e-06 2.33633e-07
 2.14846e-27 2.18108e-27 7.49538e-27 1.81854e-21 1.08156e-16 1.47883e-12 4.64873e-09 3.35965e-06 0.000558201 0.0213229 0.187259 0.378079 0.175882 0.0290577 0.0635406 0.0887453 0.031417 0.0120277 0.00836124 0.00261241 0.000875438 0.000216064 3.74276e-05 3.97615e-06 2.13293e-07
 2.14837e-27 2.18085e-27 7.4708e-27 1.8102e-21 1.0766e-16 1.47205e-12 4.62741e-09 3.34425e-06 0.000555641 0.0212251 0.1864 0.376345 0.175084 0.0291346 0.0645329 0.0901446 0.0319183 0.0122395 0.0085268 0.00270339 0.000919902 0.000224759 3.79585e-05 3.91759e-06 2.05478e-07
 2.14747e-27 2.17865e-27 7.2384e-27 1.73137e-21 1.02971e-16 1.40795e-12 4.4259e-09 3.19861e-06 0.000531444 0.0203008 0.178283 0.359957 0.167534 0.0298598 0.0738991 0.103359 0.0367515 0.0145839 0.010242 0.00325382 0.00111395 0.00027597 4.68822e-05 4.75557e-06 2.42771e-07
 2.1469e-27 2.17726e-27 7.0945e-27 1.68257e-21 1.00069e-16 1.36826e-12 4.30115e-09 3.10846e-06 0.000516465 0.0197286 0.173258 0.349812 0.162852 0.0300676 0.0782256 0.109505 0.0395637 0.0176915 0.012767 0.00413397 0.00144698 0.000360796 6.19019e-05 6.33448e-06 3.21185e-07
 2.1472e-27 2.17802e-27 7.1766e-27 1.71043e-21 1.01726e-16 1.39092e-12 4.37238e-09 3.15993e-06 0.000525018 0.0200553 0.176127 0.355604 0.165512 0.0295998 0.0736237 0.103044 0.0376206 0.0180546 0.013319 0.00462385 0.0017519 0.000449327 7.86165e-05 8.13023e-06 4.15688e-07
#obs catch len freq
 1.21983e-39 5.97024e-33 6.71781e-27 1.73783e-21 1.03355e-16 1.4132e-12 4.4424e-09 3.21054e-06 0.000533435 0.0203765 0.178947 0.361299 0.16814 0.0294732 0.0711353 0.0995085 0.035986 0.0162104 0.011854 0.00421865 0.00169406 0.000498512 0.000107312 1.42377e-05 9.65754e-07
 1.22186e-39 5.98013e-33 6.72894e-27 1.74071e-21 1.03527e-16 1.41554e-12 4.44977e-09 3.21586e-06 0.000534319 0.0204103 0.179243 0.361897 0.168417 0.0294752 0.0709671 0.0992681 0.0358594 0.0160267 0.0116705 0.00406935 0.00159207 0.000456948 9.56596e-05 1.23657e-05 8.15768e-07
 1.30809e-39 6.40221e-33 7.20386e-27 1.86357e-21 1.10834e-16 1.51545e-12 4.76383e-09 3.44283e-06 0.000572031 0.0218508 0.191894 0.387439 0.180183 0.0283399 0.0563384 0.0786317 0.028355 0.0125175 0.00908706 0.00315053 0.00121813 0.000341316 6.9258e-05 8.6856e-06 5.57103e-07
 1.156e-39 5.65783e-33 6.36628e-27 1.6469e-21 9.79471e-17 1.33925e-12 4.20994e-09 3.04254e-06 0.000505522 0.0193103 0.169583 0.342394 0.159455 0.030925 0.0856957 0.119946 0.0420342 0.0147369 0.0101409 0.00348406 0.00133414 0.000370176 7.35765e-05 8.94804e-06 5.56096e-07
 1.33903e-39 6.55362e-33 7.37424e-27 1.90765e-21 1.13455e-16 1.55129e-12 4.87649e-09 3.52425e-06 0.00058556 0.0223676 0.196433 0.396601 0.184394 0.0276732 0.0495071 0.0690483 0.0256051 0.0135 0.00994804 0.00301441 0.000992407 0.000267708 5.25099e-05 6.26821e-06 3.7907e-07
 1.38701e-39 6.78846e-33 7.63848e-27 1.976e-21 1.1752e-16 1.60688e-12 5.05123e-09 3.65054e-06 0.000606542 0.0231691 0.203471 0.410813 0.190963 0.0276361 0.0449972 0.0625715 0.0216778 0.00680273 0.00460761 0.00175839 0.000714429 0.000174479 3.03248e-05 3.49329e-06 2.07299e-07
 1.25975e-39 6.16559e-33 6.93762e-27 1.7947e-21 1.06737e-16 1.45944e-12 4.58776e-09 3.31559e-06 0.000550889 0.0210433 0.184802 0.37312 0.173616 0.0297508 0.069267 0.0967422 0.0332258 0.00945747 0.00598173 0.00171167 0.000538149 0.000155892 3.01355e-05 3.17574e-06 1.74931e-07
 1.26555e-39 6.19399e-33 6.96958e-27 1.80296e-21 1.07229e-16 1.46616e-12 4.60889e-09 3.33086e-06 0.000553427 0.0211402 0.185653 0.374839 0.174386 0.0291052 0.064808 0.0905583 0.032428 0.0135791 0.00948669 0.00258536 0.000692131 0.00015263 2.62579e-05 3.05696e-06 1.68888e-07
 1.4167e-39 6.93377e-33 7.80199e-27 2.0183e-21 1.20036e-16 1.64127e-12 5.15936e-09 3.72868e-06 0.000619525 0.0236651 0.207827 0.419606 0.195004 0.0270061 0.0385012 0.053454 0.0189958 0.00750815 0.00529822 0.00175645 0.000607274 0.000128216 1.76091e-05 1.67774e-06 9.12357e-08
 1.41676e-39 6.93405e-33 7.80231e-27 2.01838e-21 1.20041e-16 1.64134e-12 5.15957e-09 3.72883e-06 0.000619551 0.023666 0.207835 0.419623 0.195026 0.0273841 0.0408031 0.0566347 0.01925 0.00482454 0.00294939 0.000947043 0.000333473 8.50096e-05 1.37169e-05 1.17618e-06 5.22156e-08
 1.34622e-39 6.58882e-33 7.41385e-27 1.91789e-21 1.14064e-16 1.55962e-12 4.90269e-09 3.54318e-06 0.000588705 0.0224878 0.197487 0.398732 0.18541 0.028504 0.0539364 0.0751342 0.025618 0.0066767 0.00404746 0.00104111 0.000258997 6.21574e-05 1.09178e-05 1.09654e-06 4.99922e-08
 1.31997e-39 6.46033e-33 7.26926e-27 1.88049e-21 1.1184e-16 1.52921e-12 4.80707e-09 3.47408e-06 0.000577224 0.0220492 0.193636 0.390956 0.181822 0.0286779 0.0573414 0.079971 0.0278337 0.00912677 0.00598144 0.00156267 0.000379028 7.20384e-05 9.63649e-06 9.47603e-07 4.79845e-08
 1.35127e-39 6.61353e-33 7.44165e-27 1.92509e-21 1.14492e-16 1.56547e-12 4.92107e-09 3.55647e-06 0.000590912 0.0225721 0.198228 0.400227 0.186087 0.0281124 0.0510951 0.0711825 0.0249456 0.00873814 0.0058959 0.00171398 0.000498123 9.74217e-05 1.16869e-05 8.96826e-07 3.92838e-08
 1.32789e-39 6.4991e-33 7.31289e-27 1.89177e-21 1.12511e-16 1.53838e-12 4.83592e-09 3.49493e-06 0.000580688 0.0221815 0.194798 0.393302 0.182902 0.0285702 0.055977 0.0780418 0.027066 0.00857047 0.00564292 0.0016979 0.000531286 0.000117021 1.61095e-05 1.21762e-06 4.5049e-08
 1.27241e-39 6.22755e-33 7.00733e-27 1.81273e-21 1.0781e-16 1.47411e-12 4.63386e-09 3.3489e-06 0.000556425 0.0212547 0.186659 0.376869 0.175332 0.0293005 0.0653878 0.0913215 0.0319559 0.0110392 0.00740751 0.00212223 0.000624193 0.000142387 2.16287e-05 1.8513e-06 7.29463e-08
 1.15704e-39 5.66289e-33 6.37197e-27 1.64837e-21 9.80347e-17 1.34045e-12 4.21371e-09 3.04526e-06 0.000505974 0.0193275 0.169734 0.3427 0.159588 0.0307145 0.0843188 0.118049 0.0419749 0.0166507 0.0116131 0.00347367 0.00107271 0.000235612 3.47984e-05 3.1581e-06 1.38001e-07
 1.2595e-39 6.16439e-33 6.93627e-27 1.79435e-21 1.06717e-16 1.45916e-12 4.58687e-09 3.31494e-06 0.000550782 0.0210392 0.184766 0.373047 0.173543 0.0287119 0.062947 0.0880081 0.0325053 0.0167482 0.0123921 0.00399804 0.00136991 0.000316997 4.78696e-05 4.24995e-06 1.88706e-07
 1.22415e-39 5.99138e-33 6.7416e-27 1.74399e-21 1.03721e-16 1.4182e-12 4.45814e-09 3.2219e-06 0.000535324 0.0204487 0.17958 0.362578 0.16874 0.0296946 0.0721013 0.10082 0.035769 0.0139611 0.0099936 0.00376958 0.00154003 0.000393166 6.53603e-05 6.07753e-06 2.71329e-07
 1.27262e-39 6.22857e-33 7.00849e-27 1.81303e-21 1.07828e-16 1.47435e-12 4.63463e-09 3.34945e-06 0.000556517 0.0212582 0.18669 0.376931 0.175344 0.02885 0.0626189 0.0874888 0.0315468 0.013911 0.00999695 0.00321288 0.00117137 0.000344979 6.7833e-05 7.04075e-06 3.37347e-07
 1.24102e-39 6.07395e-33 6.83451e-27 1.76802e-21 1.05151e-16 1.43775e-12 4.51958e-09 3.26631e-06 0.000542702 0.0207305 0.182055 0.367575 0.171043 0.029513 0.0694866 0.0971307 0.0344243 0.0133116 0.00938326 0.00321713 0.00120287 0.000312501 6.05021e-05 7.24611e-06 3.96407e-07
 1.25653e-39 6.14984e-33 6.91989e-27 1.79011e-21 1.06465e-16 1.45571e-12 4.57604e-09 3.30711e-06 0.000549482 0.0209895 0.18433 0.372167 0.173152 0.0291452 0.0658572 0.0920436 0.033024 0.014045 0.0100137 0.00319348 0.00112156 0.000301432 5.65953e-05 6.4419e-06 3.76884e-07
 1.26834e-39 6.20765e-33 6.98495e-27 1.80694e-21 1.07465e-16 1.4694e-12 4.61906e-09 3.3382e-06 0.000554647 0.0211868 0.186063 0.375665 0.174766 0.029041 0.0641669 0.0896471 0.0319843 0.0130426 0.00927862 0.00311626 0.00113726 0.000288558 5.22906e-05 5.89872e-06 3.34805e-07
 1.25205e-39 6.12791e-33 6.89522e-27 1.78373e-21 1.06085e-16 1.45052e-12 4.55972e-09 3.29532e-06 0.000547522 0.0209146 0.183672 0.37084 0.172545 0.029318 0.0673119 0.094074 0.0334663 0.013336 0.00941081 0.00308979 0.00111588 0.000294603 5.36051e-05 5.80071e-06 3.21259e-07
 1.24549e-39 6.0958e-33 6.8591e-27 1.77438e-21 1.05529e-16 1.44292e-12 4.53584e-09 3.27806e-06 0.000544654 0.0208051 0.18271 0.368897 0.171647 0.0293156 0.067883 0.0948964 0.0339932 0.014288 0.0101837 0.00330071 0.00116728 0.000302702 5.547e-05 6.1023e-06 3.31768e-07
 1.24772e-39 6.10673e-33 6.87139e-27 1.77756e-21 1.05718e-16 1.44551e-12 4.54397e-09 3.28393e-06 0.00054563 0.0208424 0.183038 0.369558 0.171951 0.0292527 0.0672996 0.0940775 0.0337472 0.0143369 0.0102801 0.00343311 0.00125041 0.00032053 5.75073e-05 6.28938e-06 3.44837e-07
 1.25519e-39 6.14327e-33 6.91251e-27 1.7882e-21 1.06351e-16 1.45416e-12 4.57115e-09 3.30358e-06 0.000548895 0.0209671 0.184133 0.371769 0.172969 0.0291612 0.0660748 0.0923476 0.0330909 0.0139463 0.00999125 0.00335957 0.00124289 0.000327914 5.97627e-05 6.45034e-06 3.49575e-07
 1.18496e-39 5.79958e-33 6.52578e-27 1.68816e-21 1.00401e-16 1.3728e-12 4.31542e-09 3.11876e-06 0.000518186 0.0197941 0.173831 0.350971 0.163392 0.0301658 0.0784761 0.109829 0.039277 0.0163065 0.0116385 0.00389634 0.00143783 0.000383215 7.14732e-05 7.88201e-06 4.27542e-07
 1.18742e-39 5.8116e-33 6.5393e-27 1.69166e-21 1.00609e-16 1.37565e-12 4.32436e-09 3.12523e-06 0.000519261 0.0198351 0.174192 0.351699 0.163711 0.0297221 0.0755482 0.105772 0.0387905 0.0191476 0.0141123 0.0046875 0.00171164 0.000454243 8.50362e-05 9.54158e-06 5.28314e-07
#spawning biomass
 4643.3 2358.31 2440.91 2195.1 2608.19 3335.42 3933.18 4504.04 6838.71 11542.2 16999.5 21788.4 27747.1 36363 43899.4 37671.5 32974.5 32660.4 31209.8 31439.5 32482.6 33084.9 32761.2 36705.7 41653.6 49134.7 48102.3 45055.8 45397.4 100018 118411 87883.3 60086.9 42747.8 33004.8 27813.1 25136.1 23784.9 23112.8 22781.6 22619.5 22540.6 22502.2 22483.6 22474.6 22470.3 22468.2 22467.2 22466.7 22466.5 22466.4 22466.3 22466.3 22466.3 22466.3 22466.3 22466.3 22466.3 22466.3 22466.3 22466.3 22466.3 22466.3 22466.3 22466.3 22466.3 22466.3 22466.3 22466.3 22466.3 22466.3 22466.3 22466.3 22466.3 22466.3 22466.3 22466.3 22466.3 22466.3 22466.3 22466.3 22466.3 22466.3 22466.3 22466.3 22466.3 22466.3 22466.3 22466.3 22466.3 22466.3 22466.3 22466.3 22466.3 22466.3 22466.3 22466.3 22466.3 22466.3 22466.3 22466.3 22466.3 22466.3 22466.3 22466.3 22466.3 22466.3 22466.3 22466.3 22466.3 22466.3 22466.3 22466.3 22466.3 22466.3 22466.3 22466.3 22466.3 22466.3 22466.3 22466.3 22466.3 22466.3 22466.3 22466.3 22466.3 22466.3 22466.3 0 0 0 0 0 0 0 0 0 0 0 0 0 0 0 0 0 0 0 0 0 0 0 0 0
