SBPRF35
0.0797986
Curr Bio
85042.7
B35
103036
F35
2.1935
FOFL
1.78782
OFL
40268.3
Bzero
22798.6
#pred survey bio
 9679.28 8471.78 5910.64 6955.64 10301.4 14849.2 23288.7 34969.7 50984.9 59298.4 64253.9 88464 115630 129594 128962 117818 126123 132094 123555 98728.8 105937 118498 122376 124505 150026 159164 144547 140400 118114 4.13015e+06 1.76315e+06 567518 352554 288740 261798 249351 243541 240842 239599 239030 238771 238654 238602 238578 238567 238563 238560 238560 238559 238559 238559 238559 238559 238559 238559 238559 238559 238559 238559 238559 238559 238559 238559 238559 238559 238559 238559 238559 238559 238559 238559 238559 238559 238559 238559 238559 238559 238559 238559 238559 238559 238559 238559 238559 238559 238559 238559 238559 238559 238559 238559 238559 238559 238559 238559 238559 238559 238559 238559 238559 238559 238559 238559 238559 238559 238559 238559 238559 238559 238559 238559 238559 238559 238559 238559 238559 238559 238559 238559 238559 238559 238559 238559 238559 238559 238559 238559 238559 238559 0 0 0 0 0 0 0 0 0 0 0 0 0 0 0 0 0 0 0 0 0 0 0 0 0
#obs survey bio
 7052.7 4891.06 4534.83 4293.12 7572 12118.7 15964.6 33681.9 36172.8 46838.7 50492 92592.3 80967.1 87439.6 74231.3 104228 84876.5 103196 82122.1 67707.3 89265 94107.6 103114 101588 149991 157238 110708 88769.2 68976.6
#pred catch bio
 2592.44 3776.76 2794.59 2912.91 4723.88 6135.06 10849.2 15733.7 27125.5 34481.9 34767.4 50365.3 69945.6 84757 93548.5 80035.8 90744.9 96087.9 95704.4 76189.6 80667.1 93649.3 98654.8 97818.9 121226 133353 120819 126085 105107 40268.3 48379.2 8720.26 5160.57 4907.71 4891.56 4890.6 4890.54 4890.54 4890.54 4890.54 4890.54 4890.54 4890.54 4890.54 4890.54 4890.54 4890.54 4890.54 4890.54 4890.54 4890.54 4890.54 4890.54 4890.54 4890.54 4890.54 4890.54 4890.54 4890.54 4890.54 4890.54 4890.54 4890.54 4890.54 4890.54 4890.54 4890.54 4890.54 4890.54 4890.54 4890.54 4890.54 4890.54 4890.54 4890.54 4890.54 4890.54 4890.54 4890.54 4890.54 4890.54 4890.54 4890.54 4890.54 4890.54 4890.54 4890.54 4890.54 4890.54 4890.54 4890.54 4890.54 4890.54 4890.54 4890.54 4890.54 4890.54 4890.54 4890.54 4890.54 4890.54 4890.54 4890.54 4890.54 4890.54 4890.54 4890.54 4890.54 4890.54 4890.54 4890.54 4890.54 4890.54 4890.54 4890.54 4890.54 4890.54 4890.54 4890.54 4890.54 4890.54 4890.54 4890.54 4890.54 4890.54 4890.54 4890.54 4890.54 4890.54 0 0 0 0 0 0 0 0 0 0 0 0 0 0 0 0 0 0 0 0 0 0 0 0 0
#obs catch bio
 4744.47 4322.28 3453.14 3041.14 4906.11 5995.95 10921.9 15153.4 25314.7 33257.3 32160.3 44849.7 66214.4 83259.2 98579.6 73961.6 88049.9 91907.2 92521.9 70444 73767.4 82508.4 86487.4 85600.3 98425.4 115489 103456 111721 103878
#pred cpue bio
 6886.16 6510.23 4107.05 3834.76 5709.49 8013.46 12729.6 18492 27769 32207.7 33782.8 44942.4 58134.7 65809.4 63768.2 53879.2 59198.8 58959.4 56167.1 43221.7 43855.2 49383 49771.5 49689 59889.2 62976.1 56133.6 54211.3 42711.1 1.4911e+06 1.65352e+06 483851 268895 205081 178139 165692 159882 157184 155940 155371 155112 154995 154943 154919 154908 154904 154901 154901 154900 154900 154900 154900 154900 154900 154900 154900 154900 154900 154900 154900 154900 154900 154900 154900 154900 154900 154900 154900 154900 154900 154900 154900 154900 154900 154900 154900 154900 154900 154900 154900 154900 154900 154900 154900 154900 154900 154900 154900 154900 154900 154900 154900 154900 154900 154900 154900 154900 154900 154900 154900 154900 154900 154900 154900 154900 154900 154900 154900 154900 154900 154900 154900 154900 154900 154900 154900 154900 154900 154900 154900 154900 154900 154900 154900 154900 154900 154900 154900 154900 0 0 0 0 0 0 0 0 0 0 0 0 0 0 0 0 0 0 0 0 0 0 0 0 0
#obs cpue bio
 6321.35 4960.84 2765.44 6066.65 7491.39 11500.8 17256 25592.1 54183.1 45174.5 60519.3 74437.2 90992.4 98175.8 93893 88120.8 95531.5 91811.9 98156 85099.7 74305.4 105365 99532.1 100804 143275 109622 132906 138018 72732.9
#pred surv len freq
 1.72906e-11 1.87755e-09 1.20203e-07 4.53705e-06 0.000100965 0.00132469 0.0102476 0.046752 0.12595 0.201643 0.197946 0.135962 0.089892 0.0658945 0.0440741 0.0271188 0.0171036 0.0109966 0.00726945 0.00506423 0.00378968 0.00309364 0.0026233 0.00199481 0.00115471
 1.42131e-11 1.54337e-09 9.88078e-08 3.7295e-06 8.29948e-05 0.00108893 0.00842446 0.0384498 0.103796 0.167887 0.17291 0.14051 0.121886 0.102144 0.0660198 0.0349577 0.0182475 0.00982394 0.00539729 0.00309346 0.00190133 0.00129898 0.00097345 0.000701036 0.000402847
 1.67667e-11 1.82067e-09 1.16561e-07 4.39959e-06 9.79064e-05 0.00128457 0.00993737 0.0453412 0.122212 0.196163 0.194956 0.140323 0.10133 0.0780427 0.0513242 0.0291067 0.0156268 0.0076557 0.00344648 0.00155324 0.000740062 0.000389836 0.000235049 0.000149133 8.14359e-05
 2.03207e-11 2.20658e-09 1.41267e-07 5.33214e-06 0.000118659 0.00155683 0.012043 0.0549349 0.147882 0.23585 0.227226 0.144399 0.0790922 0.0478256 0.0267933 0.0123998 0.00548473 0.00251483 0.00112065 0.000460259 0.000175175 6.71367e-05 2.89409e-05 1.43169e-05 6.88651e-06
 2.00446e-11 2.1766e-09 1.39348e-07 5.25969e-06 0.000117047 0.00153568 0.0118795 0.0541911 0.145909 0.232931 0.225502 0.146245 0.0841743 0.0526156 0.028306 0.0111606 0.00362621 0.00118236 0.000404526 0.000142271 4.92733e-05 1.59082e-05 4.93054e-06 1.64903e-06 6.036e-07
 2.03709e-11 2.21204e-09 1.41617e-07 5.34532e-06 0.000118952 0.00156068 0.0120728 0.0550717 0.148261 0.236542 0.228306 0.146183 0.0814704 0.0494111 0.0262579 0.0102486 0.00321582 0.000938693 0.000252269 6.21108e-05 1.5323e-05 3.91358e-06 9.83807e-07 2.37316e-07 5.80321e-08
 2.02151e-11 2.19511e-09 1.40533e-07 5.30442e-06 0.000118042 0.00154874 0.0119805 0.0546511 0.147137 0.234814 0.226951 0.146171 0.0827052 0.0509311 0.0273192 0.0108071 0.00347334 0.00103425 0.000274759 6.22343e-05 1.23724e-05 2.22941e-06 3.84043e-07 6.61636e-08 1.12533e-08
 2.06121e-11 2.23823e-09 1.43294e-07 5.40861e-06 0.000120361 0.00157916 0.0122157 0.0557226 0.150001 0.239212 0.230386 0.146154 0.0794872 0.0470164 0.02465 0.00946942 0.00288774 0.00081811 0.00021413 4.88563e-05 9.63492e-06 1.60647e-06 2.2403e-07 2.69743e-08 2.97816e-09
 2.02313e-11 2.19687e-09 1.40646e-07 5.30867e-06 0.000118137 0.00154998 0.0119901 0.054695 0.147257 0.235017 0.2272 0.146471 0.0830313 0.0510742 0.0270818 0.0103295 0.00307482 0.000838919 0.000209967 4.55722e-05 8.65273e-06 1.41984e-06 1.93779e-07 2.13966e-08 1.89408e-09
 2.02421e-11 2.19805e-09 1.40721e-07 5.31151e-06 0.0001182 0.00155081 0.0119965 0.0547243 0.147337 0.235156 0.227385 0.14672 0.0833245 0.0512185 0.0268994 0.00993834 0.00274726 0.000680287 0.000158619 3.27302e-05 5.90791e-06 9.20578e-07 1.20173e-07 1.28427e-08 1.09157e-09
 2.06299e-11 2.24017e-09 1.43417e-07 5.41329e-06 0.000120465 0.00158052 0.0122263 0.0557711 0.150134 0.239448 0.230723 0.146657 0.0801099 0.0473509 0.0243206 0.00870533 0.00223279 0.000490161 0.000101685 1.88873e-05 3.08561e-06 4.44048e-07 5.44878e-08 5.51338e-09 4.46535e-10
 2.10376e-11 2.28444e-09 1.46252e-07 5.52027e-06 0.000122845 0.00161175 0.0124678 0.0568711 0.153071 0.243939 0.234129 0.146308 0.0763036 0.0430058 0.0217375 0.00781185 0.00204238 0.000458666 9.41064e-05 1.6329e-05 2.37854e-06 3.01713e-07 3.30116e-08 3.03298e-09 2.27587e-10
 2.11391e-11 2.29545e-09 1.46957e-07 5.54689e-06 0.000123438 0.00161952 0.0125279 0.0571448 0.153804 0.245069 0.235038 0.14639 0.075611 0.0420885 0.0210121 0.00734347 0.0017867 0.000356695 6.69123e-05 1.13004e-05 1.63602e-06 2.00422e-07 2.01633e-08 1.64547e-09 1.09121e-10
 2.1017e-11 2.28219e-09 1.46108e-07 5.51484e-06 0.000122725 0.00161017 0.0124556 0.0568154 0.152925 0.243731 0.234049 0.14658 0.0768817 0.0434762 0.0217486 0.00748972 0.0017366 0.000313162 5.17949e-05 7.77249e-06 1.00292e-06 1.12622e-07 1.08402e-08 8.55297e-10 5.33819e-11
 2.13049e-11 2.31346e-09 1.4811e-07 5.5904e-06 0.000124406 0.00163223 0.0126262 0.0575924 0.155 0.246909 0.236486 0.146421 0.0743254 0.0404915 0.019879 0.00672885 0.00149405 0.000244027 3.52694e-05 4.69067e-06 5.35425e-07 5.23649e-08 4.40966e-09 3.11222e-10 1.79546e-11
 2.20804e-11 2.39767e-09 1.53501e-07 5.7939e-06 0.000128934 0.00169164 0.0130856 0.0596849 0.160588 0.255458 0.243001 0.145855 0.0672303 0.0323156 0.0149082 0.00487902 0.00101276 0.000138771 1.47605e-05 1.46372e-06 1.36418e-07 1.12943e-08 8.15873e-10 4.97656e-11 2.48909e-12
 2.18321e-11 2.3707e-09 1.51775e-07 5.72873e-06 0.000127484 0.00167261 0.0129385 0.0590148 0.158799 0.252722 0.240925 0.146065 0.0695453 0.0349617 0.0164866 0.00543043 0.00113181 0.00015623 1.66954e-05 1.59434e-06 1.2985e-07 8.3773e-09 4.48569e-10 2.11774e-11 8.68104e-13
 2.23005e-11 2.42156e-09 1.55031e-07 5.85163e-06 0.000130219 0.0017085 0.013216 0.0602786 0.162173 0.257882 0.244842 0.145675 0.065188 0.0299772 0.0135074 0.00438253 0.000900165 0.000119692 1.18069e-05 1.02844e-06 7.95697e-08 5.00353e-09 2.53872e-10 1.04585e-11 3.40312e-13
 2.21333e-11 2.40342e-09 1.53869e-07 5.80778e-06 0.000129243 0.00169569 0.013117 0.0598277 0.16097 0.256042 0.243451 0.145832 0.0667694 0.0317727 0.0145615 0.00473045 0.000960957 0.000122979 1.10219e-05 8.31864e-07 5.70235e-08 3.26494e-09 1.51386e-10 5.7944e-12 1.78584e-13
 2.24678e-11 2.43974e-09 1.56194e-07 5.89554e-06 0.000131196 0.00172132 0.0133151 0.0607301 0.163379 0.259727 0.246247 0.14555 0.0636525 0.02821 0.0124361 0.00398759 0.000800081 9.88989e-05 8.0462e-06 5.06664e-07 2.87957e-08 1.42806e-09 5.75189e-11 1.90658e-12 5.20185e-14
 2.29248e-11 2.48936e-09 1.59371e-07 6.01546e-06 0.000133865 0.00175632 0.0135858 0.0619631 0.166671 0.26476 0.250062 0.145153 0.0593746 0.0233297 0.00953827 0.00299124 0.000595976 7.29926e-05 5.78701e-06 3.43538e-07 1.79504e-08 8.08345e-10 2.84219e-11 7.85868e-13 1.78561e-14
 2.28726e-11 2.48369e-09 1.59008e-07 6.00175e-06 0.00013356 0.00175232 0.0135549 0.0618222 0.166295 0.264185 0.249627 0.1452 0.059866 0.023889 0.00986853 0.00310253 0.000617147 7.49971e-05 5.80025e-06 3.24822e-07 1.56865e-08 6.63991e-10 2.21315e-11 5.69472e-13 1.17238e-14
 2.30599e-11 2.50403e-09 1.60311e-07 6.05092e-06 0.000134654 0.00176668 0.0136659 0.0623277 0.167645 0.266248 0.251191 0.145038 0.0581132 0.0218888 0.00868011 0.00269303 0.000532622 6.40051e-05 4.78173e-06 2.44975e-07 1.02868e-08 3.87379e-10 1.19492e-11 2.85504e-13 5.4351e-15
 2.32e-11 2.51924e-09 1.61284e-07 6.08766e-06 0.000135472 0.0017774 0.0137488 0.0627055 0.168654 0.26779 0.252361 0.144916 0.0568027 0.0203937 0.00779222 0.0023876 0.000469949 5.60086e-05 4.07624e-06 1.93731e-07 7.02721e-09 2.26254e-10 6.20922e-12 1.32256e-13 2.20875e-15
 2.31982e-11 2.51905e-09 1.61272e-07 6.0872e-06 0.000135461 0.00177727 0.0137478 0.0627007 0.168641 0.267771 0.252346 0.144917 0.0568184 0.0204119 0.00780353 0.00239205 0.000471259 5.63414e-05 4.14404e-06 2.03084e-07 7.81822e-09 2.65326e-10 7.27177e-12 1.44944e-13 2.13614e-15
 2.32623e-11 2.52601e-09 1.61717e-07 6.10402e-06 0.000135836 0.00178218 0.0137858 0.0628736 0.169103 0.268477 0.252881 0.144861 0.0562188 0.0197277 0.00739704 0.002252 0.000442372 5.25932e-05 3.7991e-06 1.76485e-07 6.08169e-09 1.83263e-10 4.75435e-12 9.52308e-14 1.45483e-15
 2.33944e-11 2.54035e-09 1.62636e-07 6.13867e-06 0.000136607 0.0017923 0.013864 0.06323 0.170054 0.269931 0.253984 0.144746 0.0549816 0.0183168 0.00655975 0.00196475 0.000383978 4.53732e-05 3.21624e-06 1.40665e-07 4.15998e-09 9.90787e-11 2.11569e-12 3.72955e-14 5.07138e-16
 2.3434e-11 2.54466e-09 1.62911e-07 6.14908e-06 0.000136838 0.00179534 0.0138875 0.063337 0.17034 0.270368 0.254315 0.144711 0.0546098 0.0178929 0.00630837 0.0018787 0.000366625 4.32859e-05 3.0618e-06 1.32973e-07 3.85222e-09 8.78832e-11 1.76894e-12 2.87538e-14 3.40971e-16
 2.38617e-11 2.5911e-09 1.65885e-07 6.26131e-06 0.000139336 0.0018281 0.0141409 0.064491 0.173421 0.275078 0.257884 0.144336 0.0506006 0.0133219 0.0035982 0.000951624 0.000180144 2.10597e-05 1.46767e-06 6.07795e-08 1.5164e-09 2.39544e-11 2.73269e-13 2.72763e-15 2.50901e-17
#obs surv len freq
 3.76493e-11 3.6374e-09 2.07188e-07 6.95785e-06 0.000137761 0.00160816 0.0110695 0.044957 0.10809 0.156607 0.149052 0.123774 0.118502 0.106643 0.0766736 0.0483842 0.0286213 0.015141 0.00693795 0.00269627 0.000851129 0.000206291 3.62812e-05 4.41509e-06 3.58552e-07
 2.67327e-11 2.4911e-09 1.3686e-07 4.43306e-06 8.46598e-05 0.000953305 0.00633229 0.0248713 0.0585012 0.087794 0.10616 0.142471 0.18274 0.168428 0.109108 0.0582755 0.02998 0.0146937 0.00639743 0.00234205 0.000684163 0.000151726 2.43485e-05 2.70489e-06 2.0048e-07
 1.01256e-10 9.08513e-09 4.80594e-07 1.49887e-05 0.000275607 0.00298785 0.0190983 0.0719991 0.16034 0.212729 0.175681 0.108788 0.0745459 0.0606319 0.0473657 0.0330647 0.0190494 0.00870095 0.0033011 0.00107339 0.000286066 5.81758e-05 8.51572e-06 8.59089e-07 5.77591e-08
 1.3077e-10 1.12789e-08 5.73541e-07 1.7195e-05 0.000303933 0.00316743 0.0194645 0.0705818 0.151596 0.196703 0.169341 0.129242 0.110629 0.0819556 0.0419384 0.0156742 0.00568461 0.00237892 0.000941305 0.000296074 7.09544e-05 1.27793e-05 1.6736e-06 1.52367e-07 9.27017e-09
 1.90952e-10 1.58075e-08 7.71509e-07 2.22002e-05 0.00037663 0.00376725 0.0222202 0.0773423 0.159513 0.199126 0.166245 0.125132 0.105866 0.0774677 0.0402489 0.0156139 0.00511886 0.0014619 0.0003674 8.69029e-05 1.85039e-05 3.07854e-06 3.65024e-07 2.96386e-08 1.60743e-09
 2.82138e-10 2.23846e-08 1.04707e-06 2.88762e-05 0.000469511 0.00450097 0.0254443 0.0848925 0.167927 0.201663 0.163955 0.122884 0.102606 0.0721261 0.0353969 0.0128157 0.00394093 0.0010632 0.000235397 4.17682e-05 6.08316e-06 7.37621e-07 7.14607e-08 5.08649e-09 2.47061e-10
 3.85852e-10 2.92996e-08 1.31172e-06 3.46225e-05 0.00053879 0.00494359 0.0267502 0.0854695 0.162305 0.189414 0.156964 0.129016 0.113589 0.0781244 0.0362958 0.0121462 0.00338488 0.000826495 0.000166266 2.64506e-05 3.27645e-06 3.09067e-07 2.18261e-08 1.14252e-09 4.33701e-11
 6.19356e-10 4.49547e-08 1.92375e-06 4.85358e-05 0.000721968 0.00633188 0.032749 0.1 0.181343 0.201289 0.15618 0.117554 0.0963346 0.0637116 0.0294966 0.0103038 0.00303192 0.000739647 0.000139436 2.00123e-05 2.19927e-06 1.81505e-07 1.08839e-08 4.61504e-10 1.35761e-11
 8.71187e-10 6.03693e-08 2.46638e-06 5.94078e-05 0.000843667 0.00706427 0.0348871 0.101778 0.176882 0.190995 0.152084 0.124914 0.105404 0.0664637 0.0277972 0.00825731 0.00203045 0.00044375 8.08444e-05 1.14606e-05 1.21299e-06 9.26212e-08 4.97766e-09 1.85217e-10 4.69652e-12
 1.22207e-09 8.07568e-08 3.14631e-06 7.22708e-05 0.00097875 0.00781561 0.0368149 0.102528 0.170823 0.180388 0.149475 0.133352 0.114001 0.0686877 0.0265029 0.00689126 0.00138615 0.00024111 3.54606e-05 4.17535e-06 3.85472e-07 2.70063e-08 1.36381e-09 4.74678e-11 1.10515e-12
 1.96713e-09 1.23832e-07 4.59593e-06 0.000100566 0.00129742 0.00986933 0.0442856 0.117483 0.186398 0.187129 0.146545 0.122922 0.0993219 0.056952 0.0210981 0.00534264 0.00105261 0.000173334 2.2565e-05 2.19524e-06 1.6043e-07 8.92161e-09 3.7064e-10 1.10884e-11 2.30199e-13
 2.97463e-09 1.78206e-07 6.29434e-06 0.000131075 0.00160929 0.0116504 0.0497576 0.1257 0.190406 0.184585 0.143981 0.12167 0.0955393 0.0519639 0.0179865 0.00416034 0.00073078 0.000107877 1.29517e-05 1.17661e-06 7.88052e-08 3.84656e-09 1.33858e-10 3.25346e-12 5.45621e-14
 4.5196e-09 2.5744e-07 8.64554e-06 0.000171178 0.00199827 0.013755 0.0558637 0.13428 0.194098 0.18181 0.141335 0.119696 0.0909559 0.0469296 0.0152494 0.00325811 0.000515617 6.74781e-05 7.17779e-06 5.76608e-07 3.40995e-08 1.48175e-09 4.63746e-11 1.01195e-12 1.49854e-14
 5.01255e-09 2.71239e-07 8.65336e-06 0.000162765 0.00180512 0.0118071 0.0456156 0.104884 0.148997 0.152416 0.15496 0.162546 0.128018 0.0639632 0.0199441 0.00413546 0.000644809 8.24826e-05 8.29477e-06 6.08363e-07 3.19722e-08 1.21601e-09 3.32106e-11 6.3464e-13 8.27775e-15
 1.02202e-08 5.24968e-07 1.58981e-05 0.000283856 0.00298819 0.0185503 0.06797 0.147678 0.194719 0.172709 0.137388 0.118309 0.0844922 0.0398861 0.0120413 0.00250398 0.000405163 5.33502e-05 5.32194e-06 3.77189e-07 1.88676e-08 6.71734e-10 1.68206e-11 2.88851e-13 3.33432e-15
 1.34351e-08 6.54622e-07 1.88053e-05 0.000318503 0.00318066 0.0187337 0.0651797 0.135032 0.17315 0.160588 0.148065 0.139446 0.0980166 0.0436252 0.012088 0.00221618 0.000304319 3.46467e-05 3.186e-06 2.19518e-07 1.09362e-08 3.8659e-10 9.43398e-12 1.54681e-13 1.676e-15
 2.19527e-08 1.01403e-06 2.76153e-05 0.0004434 0.00419771 0.0234387 0.0773109 0.151837 0.184525 0.161889 0.140625 0.124838 0.0832289 0.0356149 0.00980083 0.00189579 0.000288408 3.49689e-05 3.11457e-06 1.93375e-07 8.43108e-09 2.63741e-10 5.89043e-12 9.12259e-14 9.49716e-16
 3.07751e-08 1.34694e-06 3.47567e-05 0.000528781 0.0047435 0.0251017 0.0785358 0.146931 0.173402 0.156859 0.147535 0.133386 0.0859556 0.0353009 0.00949346 0.00185792 0.000293008 3.66838e-05 3.36596e-06 2.17626e-07 9.87127e-09 3.10819e-10 6.63189e-12 9.38988e-14 8.74258e-16
 4.49206e-08 1.86208e-06 4.55087e-05 0.000655752 0.00557168 0.027931 0.0828543 0.147567 0.16871 0.154918 0.150878 0.134444 0.0830058 0.0327408 0.00864672 0.0017148 0.000276553 3.48163e-05 3.18406e-06 2.06502e-07 9.47354e-09 3.02401e-10 6.53065e-12 9.31859e-14 8.65288e-16
 7.43261e-08 2.91714e-06 6.75014e-05 0.000920915 0.00740843 0.0351626 0.098747 0.166409 0.179511 0.154169 0.139578 0.116476 0.0679154 0.0255563 0.00655431 0.00128786 0.000206557 2.5673e-05 2.3189e-06 1.49349e-07 6.80698e-09 2.14828e-10 4.56915e-12 6.41755e-14 5.87145e-16
 1.04811e-07 3.89386e-06 8.52896e-05 0.00110146 0.00838813 0.0377001 0.100404 0.161588 0.171313 0.154401 0.147882 0.12141 0.0666436 0.0229462 0.0051602 0.000847168 0.000113803 1.2538e-05 1.05686e-06 6.52169e-08 2.87544e-09 8.80072e-11 1.81679e-12 2.47725e-14 2.19802e-16
 1.66312e-07 5.84777e-06 0.000121227 0.00148171 0.0106797 0.0454319 0.11455 0.174707 0.176113 0.151684 0.138365 0.107526 0.0559778 0.0184931 0.00408778 0.000675402 8.96513e-05 9.17413e-06 6.77605e-07 3.56299e-08 1.35047e-09 3.66954e-11 6.94691e-13 8.87185e-15 7.45158e-17
 2.40549e-07 8.00444e-06 0.000157037 0.00181651 0.0123917 0.0499081 0.119319 0.173775 0.171756 0.152038 0.140879 0.105781 0.0520748 0.016164 0.00334398 0.000516123 6.43939e-05 6.27771e-06 4.46433e-07 2.25205e-08 7.99586e-10 1.96525e-11 3.27062e-13 3.62797e-15 2.65842e-17
 3.49392e-07 1.10028e-05 0.000204285 0.00223635 0.014439 0.0550593 0.124839 0.173714 0.168391 0.151834 0.140699 0.101913 0.0482085 0.014717 0.00313972 0.000519744 6.8041e-05 6.57138e-06 4.44973e-07 2.10572e-08 7.0083e-10 1.62038e-11 2.53748e-13 2.63079e-15 1.77761e-17
 5.24298e-07 1.56261e-05 0.000274581 0.00284488 0.0173852 0.0627646 0.134913 0.178998 0.168527 0.150676 0.135761 0.0930129 0.040948 0.0113917 0.00214187 0.000306063 3.56808e-05 3.25752e-06 2.18099e-07 1.03681e-08 3.42594e-10 7.66893e-12 1.13707e-13 1.10175e-15 6.92164e-18
 6.0626e-07 1.71023e-05 0.00028445 0.00278976 0.0161445 0.0553026 0.113815 0.150244 0.157054 0.168754 0.163997 0.110142 0.046383 0.0124173 0.00229025 0.000324063 3.63939e-05 3.05649e-06 1.82327e-07 7.68328e-09 2.29741e-10 4.80111e-12 6.81008e-14 6.37907e-16 3.86664e-18
 1.12848e-06 3.01344e-05 0.000474439 0.00440443 0.0241209 0.0781029 0.151119 0.183242 0.164964 0.146698 0.125692 0.078702 0.0319085 0.00857184 0.00167782 0.000258356 3.04574e-05 2.55925e-06 1.48508e-07 5.96942e-09 1.66385e-10 3.1671e-12 4.03263e-14 3.38344e-16 1.85247e-18
 1.22022e-06 3.08486e-05 0.000459831 0.00404221 0.020977 0.0645795 0.120637 0.150083 0.159757 0.175251 0.159926 0.0968245 0.0366507 0.00897294 0.00156498 0.000216041 2.38919e-05 1.9838e-06 1.17714e-07 4.87378e-09 1.37566e-10 2.58123e-12 3.16069e-14 2.50026e-16 1.26981e-18
 1.56824e-06 3.75404e-05 0.000529859 0.00441099 0.0216907 0.0634496 0.113977 0.14217 0.161896 0.185693 0.16575 0.0957824 0.034692 0.00826856 0.00143298 0.000195332 2.04968e-05 1.55292e-06 8.27446e-08 3.10968e-09 8.19866e-11 1.48054e-12 1.77897e-14 1.38938e-16 6.93372e-19
#pred catch len freq
 1.22677e-11 1.33212e-09 8.52837e-08 3.21903e-06 7.16351e-05 0.000939893 0.00727162 0.0331928 0.0896671 0.145542 0.152287 0.130001 0.120619 0.10663 0.07505 0.0467504 0.0296028 0.0190557 0.0125998 0.0087778 0.00656863 0.00536219 0.00454694 0.0034576 0.00200145
 9.75774e-12 1.05957e-09 6.78349e-08 2.56043e-06 5.69792e-05 0.00074762 0.00578489 0.0264253 0.071647 0.118401 0.133717 0.138864 0.154989 0.143297 0.0948309 0.0505322 0.0264545 0.0142592 0.00783612 0.00449139 0.00276054 0.00188598 0.00141335 0.00101783 0.000584892
 1.28945e-11 1.40019e-09 8.96414e-08 3.38352e-06 7.52955e-05 0.00098792 0.00764323 0.03489 0.0942651 0.153111 0.160695 0.138362 0.129371 0.113615 0.0773097 0.0441864 0.02378 0.0116593 0.00524979 0.00236598 0.0011273 0.000593815 0.000358037 0.000227165 0.000124046
 1.76179e-11 1.9131e-09 1.22478e-07 4.62294e-06 0.000102877 0.00134978 0.0104418 0.0476413 0.128392 0.205925 0.203904 0.144661 0.10117 0.0743964 0.0444438 0.0208719 0.00926845 0.00425542 0.00189691 0.000779105 0.000296526 0.000113645 4.89895e-05 2.42348e-05 1.16571e-05
 1.74496e-11 1.89482e-09 1.21308e-07 4.57878e-06 0.000101894 0.00133688 0.0103422 0.0471891 0.127206 0.204286 0.203518 0.147628 0.107128 0.0794161 0.0450723 0.0179873 0.00586432 0.00191532 0.000655714 0.000230641 7.98792e-05 2.57894e-05 7.99307e-06 2.67329e-06 9.78518e-07
 1.76912e-11 1.92105e-09 1.22987e-07 4.64215e-06 0.000103304 0.00135539 0.0104853 0.0478409 0.128948 0.206966 0.205632 0.147689 0.1053 0.0772021 0.0436142 0.0172621 0.00543816 0.00159059 0.000427835 0.000105361 2.59934e-05 6.63885e-06 1.66889e-06 4.02573e-07 9.84431e-08
 1.77547e-11 1.92795e-09 1.23429e-07 4.65883e-06 0.000103675 0.00136026 0.0105229 0.0480123 0.129405 0.207656 0.206112 0.147493 0.104493 0.0763893 0.0432857 0.0173366 0.00559062 0.00166726 0.000443198 0.000100402 1.99605e-05 3.5967e-06 6.1957e-07 1.0674e-07 1.81547e-08
 1.82798e-11 1.98496e-09 1.27079e-07 4.79661e-06 0.000106741 0.00140048 0.010834 0.0494293 0.133192 0.213476 0.210677 0.147535 0.100335 0.0712756 0.0397259 0.0154751 0.00473666 0.00134424 0.0003521 8.03514e-05 1.58464e-05 2.64212e-06 3.68453e-07 4.43635e-08 4.89804e-09
 1.81743e-11 1.97351e-09 1.26346e-07 4.76894e-06 0.000106126 0.0013924 0.0107715 0.0491449 0.132434 0.212324 0.209836 0.147737 0.101492 0.0725198 0.0403613 0.0155618 0.00464453 0.00126856 0.000317643 6.89505e-05 1.30915e-05 2.14819e-06 2.9318e-07 3.23722e-08 2.86566e-09
 1.8483e-11 2.00704e-09 1.28492e-07 4.84994e-06 0.000107928 0.00141605 0.0109544 0.0499781 0.134662 0.215758 0.212577 0.147917 0.0992843 0.0696721 0.0382055 0.0142514 0.00394787 0.000978298 0.000228174 4.70861e-05 8.49911e-06 1.32432e-06 1.72877e-07 1.84749e-08 1.57029e-09
 1.88176e-11 2.04337e-09 1.30818e-07 4.93774e-06 0.000109882 0.00144168 0.0111526 0.0508811 0.137076 0.219471 0.215503 0.147989 0.0967052 0.0664643 0.0359266 0.0130085 0.00334524 0.000735155 0.000152596 2.83492e-05 4.6315e-06 6.66504e-07 8.1784e-08 8.27533e-09 6.70227e-10
 1.95604e-11 2.12402e-09 1.35982e-07 5.13263e-06 0.000114219 0.00149858 0.0115926 0.0528851 0.142427 0.227653 0.221715 0.147373 0.0897985 0.0585657 0.0312105 0.0113528 0.00297586 0.000668838 0.000137276 2.38222e-05 3.47003e-06 4.40155e-07 4.81585e-08 4.42458e-09 3.3201e-10
 1.98766e-11 2.15836e-09 1.3818e-07 5.21562e-06 0.000116066 0.00152281 0.01178 0.0537386 0.144708 0.231156 0.224451 0.147362 0.0872387 0.0554471 0.0290769 0.0102778 0.00250642 0.00050066 9.39372e-05 1.58653e-05 2.29687e-06 2.81373e-07 2.83069e-08 2.31003e-09 1.53191e-10
 1.99362e-11 2.16484e-09 1.38595e-07 5.23126e-06 0.000116414 0.00152738 0.0118153 0.0538995 0.145138 0.231822 0.224998 0.147445 0.0868848 0.0549441 0.028638 0.00995552 0.00231256 0.000417131 6.89875e-05 1.03518e-05 1.33568e-06 1.49983e-07 1.44359e-08 1.139e-09 7.10883e-11
 2.06071e-11 2.23768e-09 1.43258e-07 5.40728e-06 0.000120331 0.00157877 0.0122127 0.0557095 0.149972 0.239221 0.230648 0.146996 0.0808103 0.0479131 0.0243194 0.00829626 0.00184472 0.00030129 4.35279e-05 5.78727e-06 6.60509e-07 6.4594e-08 5.43931e-09 3.83886e-10 2.21465e-11
 2.14391e-11 2.32803e-09 1.49043e-07 5.62562e-06 0.00012519 0.00164251 0.0127057 0.0579546 0.155968 0.248395 0.237644 0.146405 0.0732221 0.0391567 0.0189783 0.00628823 0.00130854 0.000179367 1.90751e-05 1.89104e-06 1.76211e-07 1.45876e-08 1.05374e-09 6.42732e-11 3.21468e-12
 2.12451e-11 2.30696e-09 1.47694e-07 5.57469e-06 0.000124056 0.00162764 0.0125907 0.057431 0.15457 0.246257 0.236021 0.146567 0.0750287 0.041223 0.0202128 0.00672167 0.00140358 0.00019378 2.07015e-05 1.97609e-06 1.60904e-07 1.03797e-08 5.55753e-10 2.62368e-11 1.07548e-12
 2.18502e-11 2.37267e-09 1.519e-07 5.73348e-06 0.00012759 0.001674 0.0129492 0.0590637 0.15893 0.252923 0.241081 0.146064 0.0693982 0.0347826 0.0163642 0.005369 0.00110528 0.000147007 1.44969e-05 1.26214e-06 9.76198e-08 6.13773e-09 3.11399e-10 1.2828e-11 4.17403e-13
 2.1765e-11 2.36342e-09 1.51308e-07 5.71113e-06 0.000127093 0.00166748 0.0128987 0.0588339 0.158316 0.251986 0.240375 0.146152 0.0702167 0.0357058 0.0168974 0.00553426 0.00112609 0.000144138 1.29139e-05 9.74039e-07 6.67355e-08 3.82013e-09 1.77112e-10 6.77875e-12 2.08917e-13
 2.21534e-11 2.40559e-09 1.54008e-07 5.81304e-06 0.00012936 0.00169723 0.0131288 0.0598818 0.161114 0.256264 0.243622 0.145825 0.0665974 0.0315686 0.0144292 0.00467148 0.00093917 0.000116128 9.44601e-06 5.94478e-07 3.37656e-08 1.67396e-09 6.74138e-11 2.23442e-12 6.09611e-14
 2.26768e-11 2.46242e-09 1.57647e-07 5.95037e-06 0.000132416 0.00173732 0.0134389 0.0612938 0.164884 0.262028 0.247992 0.14537 0.0616982 0.0259797 0.0111106 0.00353038 0.000705366 8.64321e-05 6.85169e-06 4.06541e-07 2.12294e-08 9.55642e-10 3.35957e-11 9.28857e-13 2.11041e-14
 2.26603e-11 2.46063e-09 1.57532e-07 5.94604e-06 0.00013232 0.00173606 0.0134291 0.0612493 0.164766 0.261846 0.247855 0.145386 0.0618555 0.0261577 0.0112143 0.0035637 0.000710501 8.63755e-05 6.67941e-06 3.7387e-07 1.80423e-08 7.63345e-10 2.54379e-11 6.54493e-13 1.34735e-14
 2.28976e-11 2.48641e-09 1.59182e-07 6.00833e-06 0.000133706 0.00175424 0.0135697 0.0618897 0.166476 0.26446 0.249837 0.14518 0.0596344 0.0236234 0.00970882 0.00304525 0.000603707 7.25783e-05 5.42188e-06 2.77657e-07 1.16506e-08 4.38462e-10 1.35209e-11 3.23019e-13 6.1489e-15
 2.30333e-11 2.50114e-09 1.60125e-07 6.04392e-06 0.000134498 0.00176463 0.0136501 0.0622557 0.167453 0.265954 0.250969 0.145062 0.0583649 0.0221749 0.00884845 0.00274903 0.000542737 6.47212e-05 4.71045e-06 2.23814e-07 8.11357e-09 2.61054e-10 7.16149e-12 1.52516e-13 2.54691e-15
 2.30571e-11 2.50372e-09 1.6029e-07 6.05016e-06 0.000134637 0.00176646 0.0136642 0.0623199 0.167624 0.266216 0.251168 0.145041 0.0581414 0.0219204 0.00869805 0.00269821 0.00053297 6.37505e-05 4.68889e-06 2.29707e-07 8.83702e-09 2.99696e-10 8.21084e-12 1.6364e-13 2.41151e-15
 2.31603e-11 2.51494e-09 1.61008e-07 6.07726e-06 0.00013524 0.00177437 0.0137254 0.0625985 0.168368 0.267354 0.25203 0.144951 0.0571746 0.0208175 0.00804318 0.00247306 0.000486863 5.79068e-05 4.1829e-06 1.94262e-07 6.68988e-09 2.01425e-10 5.22284e-12 1.04593e-13 1.59772e-15
 2.33044e-11 2.53058e-09 1.6201e-07 6.11506e-06 0.000136081 0.0017854 0.0138107 0.0629872 0.169406 0.26894 0.253232 0.144825 0.0558254 0.0192788 0.0071301 0.0021598 0.000423177 5.00303e-05 3.54656e-06 1.55091e-07 4.58462e-09 1.09106e-10 2.32813e-12 4.10258e-14 5.57786e-16
 2.33959e-11 2.54052e-09 1.62646e-07 6.13907e-06 0.000136616 0.00179241 0.0138649 0.0632341 0.170065 0.269948 0.253996 0.144745 0.0549674 0.0183006 0.00655008 0.00196135 0.000383232 4.52576e-05 3.20126e-06 1.39009e-07 4.02523e-09 9.1749e-11 1.84515e-12 2.99794e-14 3.55447e-16
 2.38405e-11 2.58879e-09 1.65737e-07 6.25573e-06 0.000139212 0.00182647 0.0141283 0.0644336 0.173268 0.274844 0.257707 0.144354 0.0508 0.0135492 0.00373294 0.00099769 0.000189391 2.21536e-05 1.54407e-06 6.39433e-08 1.5952e-09 2.51922e-11 2.87194e-13 2.86382e-15 2.6325e-17
#obs catch len freq
 3.18792e-11 3.07993e-09 1.75434e-07 5.89149e-06 0.000116648 0.00136171 0.00937374 0.0380829 0.0917327 0.134202 0.133437 0.124256 0.131998 0.123125 0.0894929 0.0568355 0.033863 0.0182688 0.00872792 0.00357806 0.00118359 0.000297101 5.3787e-05 6.73041e-06 5.61916e-07
 5.06376e-11 4.71868e-09 2.59243e-07 8.39716e-06 0.000160361 0.00180558 0.011988 0.0469696 0.109039 0.153217 0.144189 0.123472 0.121599 0.108627 0.0771605 0.0484171 0.0283863 0.0148 0.00665664 0.00252265 0.000769637 0.000178569 2.98029e-05 3.41704e-06 2.59975e-07
 3.60778e-11 3.23705e-09 1.71237e-07 5.34054e-06 9.82022e-05 0.00106475 0.00681083 0.0257766 0.0586073 0.0862583 0.106321 0.146961 0.186594 0.167402 0.106184 0.0562946 0.0288302 0.0139617 0.00596085 0.0021229 0.00059817 0.000126851 1.93065e-05 2.01984e-06 1.40199e-07
 1.42842e-10 1.23201e-08 6.26488e-07 1.87823e-05 0.00033199 0.00345975 0.0212588 0.0770473 0.165013 0.21095 0.169433 0.105334 0.0746324 0.0612766 0.0475475 0.0327062 0.0184244 0.00823044 0.00305982 0.000969722 0.000249314 4.84343e-05 6.71803e-06 6.37952e-07 4.01588e-08
 1.86832e-10 1.54664e-08 7.54862e-07 2.17212e-05 0.000368503 0.00368598 0.0217413 0.075683 0.156176 0.195509 0.165239 0.128118 0.11057 0.0799319 0.0396374 0.0145769 0.00532555 0.00222387 0.000858448 0.00026091 6.01263e-05 1.03459e-05 1.28437e-06 1.10065e-07 6.26895e-09
 2.77809e-10 2.20411e-08 1.031e-06 2.8433e-05 0.000462305 0.0044319 0.025054 0.0835938 0.165394 0.198842 0.162452 0.12327 0.104271 0.0742744 0.0374335 0.0142142 0.00458327 0.00128454 0.000317801 7.38626e-05 1.52126e-05 2.41412e-06 2.70864e-07 2.06944e-08 1.05092e-09
 4.16671e-10 3.16398e-08 1.41649e-06 3.73879e-05 0.000581823 0.00533836 0.0288842 0.0922516 0.174822 0.201895 0.160262 0.120312 0.0995888 0.0678339 0.0322033 0.0113963 0.00344769 0.000909519 0.000195701 3.36986e-05 4.75599e-06 5.55416e-07 5.12643e-08 3.44106e-09 1.56549e-10
 5.7542e-10 4.17657e-08 1.78728e-06 4.50928e-05 0.000670754 0.00588282 0.030429 0.0929571 0.168966 0.189752 0.15421 0.127037 0.109992 0.0729445 0.0326801 0.0106585 0.00291791 0.00069646 0.000136001 2.09191e-05 2.49394e-06 2.25257e-07 1.51583e-08 7.51866e-10 2.68627e-11
 9.35834e-10 6.48491e-08 2.6494e-06 6.38161e-05 0.000906268 0.0075883 0.0374712 0.109259 0.189355 0.201665 0.152323 0.113739 0.091257 0.0581754 0.0260282 0.00887804 0.00255624 0.000605324 0.000110216 1.52549e-05 1.61108e-06 1.27063e-07 7.24143e-09 2.90421e-10 8.04457e-12
 1.34041e-09 8.85771e-08 3.45099e-06 7.92693e-05 0.00107352 0.00857214 0.0403722 0.112343 0.186388 0.192881 0.149022 0.119905 0.0977535 0.0590008 0.0236955 0.0068374 0.00164944 0.000352262 6.21565e-05 8.48024e-06 8.59035e-07 6.24693e-08 3.18421e-09 1.11945e-10 2.67158e-12
 1.90419e-09 1.1987e-07 4.44889e-06 9.7349e-05 0.00125591 0.00955372 0.0428721 0.11377 0.18081 0.182955 0.14702 0.127667 0.104748 0.0601757 0.0221945 0.00556795 0.00109291 0.000185667 2.64808e-05 3.01008e-06 2.6706e-07 1.7858e-08 8.55027e-10 2.80727e-11 6.14226e-13
 3.07839e-09 1.84422e-07 6.51388e-06 0.000135646 0.00166542 0.0120566 0.0514881 0.130018 0.196531 0.188657 0.142627 0.115823 0.0895681 0.0489149 0.0173183 0.00423162 0.000811705 0.000129752 1.62655e-05 1.5195e-06 1.06575e-07 5.66967e-09 2.24067e-10 6.34043e-12 1.2388e-13
 4.69398e-09 2.67373e-07 8.97911e-06 0.000177783 0.00207536 0.0142854 0.0580118 0.13937 0.200917 0.185922 0.139375 0.113176 0.0846569 0.0437435 0.0144324 0.00321047 0.000548089 7.86451e-05 9.10187e-06 7.92887e-07 5.07813e-08 2.36135e-09 7.79553e-11 1.79109e-12 2.83024e-14
 7.16938e-09 3.87949e-07 1.23768e-05 0.000232798 0.00258169 0.0168823 0.065138 0.148771 0.204471 0.182582 0.135973 0.110108 0.07946 0.0388774 0.0120172 0.00246217 0.000377621 4.79753e-05 4.91524e-06 3.78253e-07 2.1387e-08 8.85794e-10 2.62981e-11 5.41922e-13 7.5512e-15
 8.24096e-09 4.23302e-07 1.28193e-05 0.000228886 0.0024096 0.0149612 0.0548708 0.119791 0.161685 0.15737 0.152143 0.151159 0.1126 0.0532835 0.0158024 0.0031438 0.000474764 5.87597e-05 5.66816e-06 3.96917e-07 1.98996e-08 7.20708e-10 1.86699e-11 3.36981e-13 4.13695e-15
 1.64414e-08 8.01102e-07 2.30131e-05 0.000389768 0.00389219 0.02292 0.0796652 0.164202 0.205416 0.172847 0.130181 0.105832 0.0713814 0.0319104 0.00917538 0.00183526 0.00028765 3.65072e-05 3.48043e-06 2.34984e-07 1.11912e-08 3.78567e-10 8.97258e-12 1.45306e-13 1.57733e-15
 2.20269e-08 1.01745e-06 2.77087e-05 0.000444899 0.0042119 0.0235179 0.077572 0.152349 0.185139 0.162395 0.140952 0.124854 0.0827355 0.0348012 0.00915258 0.00160638 0.000213325 2.35053e-05 2.07531e-06 1.36512e-07 6.47257e-09 2.1693e-10 4.99829e-12 7.71281e-14 7.84643e-16
 3.57685e-08 1.56549e-06 4.03961e-05 0.000614573 0.00551288 0.0291668 0.0911551 0.169616 0.195169 0.161602 0.131693 0.109706 0.0689189 0.0279033 0.00731386 0.00136075 0.000199994 2.3265e-05 1.97299e-06 1.16426e-07 4.82815e-09 1.43486e-10 3.0326e-12 4.42473e-14 4.32405e-16
 5.07981e-08 2.10572e-06 5.1463e-05 0.000741545 0.00630035 0.0315768 0.0935644 0.165723 0.184809 0.156877 0.137444 0.116288 0.0705791 0.0274428 0.00704331 0.0013286 0.000202332 2.42691e-05 2.12027e-06 1.3027e-07 5.60483e-09 1.66828e-10 3.35291e-12 4.46037e-14 3.89509e-16
 7.47449e-08 2.93357e-06 6.78817e-05 0.000926103 0.00745015 0.0353602 0.0992971 0.167294 0.180268 0.154299 0.139076 0.115737 0.0672886 0.0251517 0.00635186 0.00121542 0.000188918 2.27388e-05 1.97917e-06 1.21991e-07 5.30609e-09 1.59951e-10 3.24978e-12 4.35026e-14 3.78127e-16
 1.22936e-07 4.56723e-06 0.000100038 0.0012919 0.00983765 0.0441959 0.117454 0.187091 0.189723 0.150718 0.12496 0.0968686 0.0531194 0.0189479 0.00465139 0.000881823 0.000136105 1.6157e-05 1.38871e-06 8.49649e-08 3.66747e-09 1.09172e-10 2.18241e-12 2.87343e-14 2.45888e-16
 1.75304e-07 6.16393e-06 0.000127781 0.00156181 0.0112567 0.0478785 0.120623 0.183268 0.181804 0.150091 0.131007 0.0998799 0.0515001 0.0167576 0.00358921 0.00056681 7.34773e-05 7.76518e-06 6.24296e-07 3.6617e-08 1.52846e-09 4.40977e-11 8.55066e-13 1.09211e-14 9.05575e-17
 2.76179e-07 9.19005e-06 0.000180297 0.00208551 0.0142253 0.0572626 0.13655 0.196454 0.184747 0.144684 0.119424 0.085953 0.0420226 0.0131329 0.00276899 0.000439644 5.59953e-05 5.46027e-06 3.83076e-07 1.91335e-08 6.88054e-10 1.76705e-11 3.14733e-13 3.76709e-15 2.95654e-17
 4.00608e-07 1.26156e-05 0.000234229 0.00256409 0.0165529 0.0630807 0.142593 0.195637 0.179514 0.14341 0.120131 0.0836359 0.0386718 0.0113501 0.0022378 0.00033166 3.97064e-05 3.69009e-06 2.49159e-07 1.19137e-08 3.99947e-10 9.26219e-12 1.44793e-13 1.50517e-15 1.03144e-17
 5.87983e-07 1.75241e-05 0.00030793 0.00319033 0.0194935 0.0703294 0.15069 0.197017 0.175613 0.140626 0.116894 0.0784205 0.0348769 0.0100932 0.00205804 0.000326783 4.08276e-05 3.74154e-06 2.40012e-07 1.07575e-08 3.38457e-10 7.37114e-12 1.08345e-13 1.05143e-15 6.63514e-18
 8.78694e-07 2.47874e-05 0.00041226 0.00404278 0.0233821 0.0798676 0.162175 0.201786 0.173591 0.136668 0.110156 0.0698509 0.0288758 0.00759616 0.00136087 0.000186488 2.08207e-05 1.81003e-06 1.14969e-07 5.17097e-09 1.61096e-10 3.38808e-12 4.70725e-14 4.2654e-16 2.50154e-18
 1.06552e-06 2.84531e-05 0.000447971 0.00415881 0.0227784 0.0737964 0.143156 0.175543 0.16377 0.153439 0.134898 0.0843681 0.0334292 0.00847198 0.00148927 0.000201583 2.1578e-05 1.71889e-06 9.71192e-08 3.87524e-09 1.09485e-10 2.15353e-12 2.86408e-14 2.50779e-16 1.41758e-18
 1.88768e-06 4.77227e-05 0.000711324 0.00625161 0.0324089 0.099281 0.181259 0.204959 0.165732 0.127387 0.0972903 0.0564449 0.0215387 0.00549117 0.00102618 0.000150783 1.68698e-05 1.34076e-06 7.35523e-08 2.79334e-09 7.33907e-11 1.31263e-12 1.5661e-14 1.22856e-16 6.27683e-19
 2.18947e-06 5.24108e-05 0.00073971 0.00615649 0.0302402 0.0879946 0.154359 0.175747 0.162026 0.152782 0.126237 0.0712548 0.0253959 0.00588999 0.000979189 0.000129124 1.3591e-05 1.06993e-06 6.00508e-08 2.34516e-09 6.22233e-11 1.09425e-12 1.25309e-14 9.2547e-17 4.38131e-19
#spawning biomass
 8483.5 7654.21 5143.66 5606.03 8320.66 11895.9 18730.1 27842.6 40963.1 47605.3 51077.3 69605.2 90706.4 101962 100682 89982.8 97020.9 100224 94211.9 74523 78810.9 88305.7 90634.3 91777.4 110597 117077 105841 102662 85042.7 84932.3 71251.6 13508.4 8369.63 8004.63 7981.33 7979.94 7979.86 7979.86 7979.86 7979.86 7979.86 7979.86 7979.86 7979.86 7979.86 7979.86 7979.86 7979.86 7979.86 7979.86 7979.86 7979.86 7979.86 7979.86 7979.86 7979.86 7979.86 7979.86 7979.86 7979.86 7979.86 7979.86 7979.86 7979.86 7979.86 7979.86 7979.86 7979.86 7979.86 7979.86 7979.86 7979.86 7979.86 7979.86 7979.86 7979.86 7979.86 7979.86 7979.86 7979.86 7979.86 7979.86 7979.86 7979.86 7979.86 7979.86 7979.86 7979.86 7979.86 7979.86 7979.86 7979.86 7979.86 7979.86 7979.86 7979.86 7979.86 7979.86 7979.86 7979.86 7979.86 7979.86 7979.86 7979.86 7979.86 7979.86 7979.86 7979.86 7979.86 7979.86 7979.86 7979.86 7979.86 7979.86 7979.86 7979.86 7979.86 7979.86 7979.86 7979.86 7979.86 7979.86 7979.86 7979.86 7979.86 7979.86 7979.86 7979.86 7979.86 0 0 0 0 0 0 0 0 0 0 0 0 0 0 0 0 0 0 0 0 0 0 0 0 0
