SBPRF35
0.120281
Curr Bio
196017
B35
162922
F35
1.64643
FOFL
1.64643
OFL
98210
Bzero
34365.5
#pred survey bio
 2876.56 4434.05 6658.87 10306.1 15762.3 25216.3 38827.9 60227.5 88275.2 122592 162692 187064 200605 205794 180771 176875 184236 199091 206837 192319 197501 183384 196689 200157 213194 218875 202508 234683 5.94282e+06 4.05919e+06 1.69507e+06 799144 538545 438752 390762 365470 351786 344346 340305 338118 336937 336302 335959 335775 335678 335626 335600 335585 335578 335574 335572 335571 335570 335570 335569 335569 335569 335569 335569 335569 335569 335569 335569 335569 335569 335569 335569 335569 335569 335569 335569 335569 335569 335569 335569 335569 335569 335569 335569 335569 335569 335569 335569 335569 335569 335569 335569 335569 335569 335569 335569 335569 335569 335569 335569 335569 335569 335569 335569 335569 335569 335569 335569 335569 335569 335569 335569 335569 335569 335569 335569 335569 335569 335569 335569 335569 335569 335569 335569 335569 335569 335569 335569 335569 335569 335569 335569 335569 0 0 0 0 0 0 0 0 0 0 0 0 0 0 0 0 0 0 0 0 0 0 0 0 0
#obs survey bio
 2122.76 5029.71 5579.5 9062.83 14335.8 20353.2 25148.9 40518.3 65502.6 91305.8 182713 111720 153063 121971 152497 109378 161074 115223 135205 135308 151804 114798 148112 118942 122178 139623 167145 188573
#pred catch bio
 905.397 1499.77 2320.93 3616.4 5564.29 9296.12 13831.5 23025.5 35585.7 49687.9 72838.6 92121.2 92776.9 105644 89262.5 88603.4 92270.7 99446.3 111051 99735.1 116263 97098.1 109103 110612 119678 129427 105710 116795 98210 95892.7 32078.8 9833.26 6286.91 5814.98 5756.82 5749.99 5749.22 5749.13 5749.12 5749.12 5749.12 5749.12 5749.12 5749.12 5749.12 5749.12 5749.12 5749.12 5749.12 5749.12 5749.12 5749.12 5749.12 5749.12 5749.12 5749.12 5749.12 5749.12 5749.12 5749.12 5749.12 5749.12 5749.12 5749.12 5749.12 5749.12 5749.12 5749.12 5749.12 5749.12 5749.12 5749.12 5749.12 5749.12 5749.12 5749.12 5749.12 5749.12 5749.12 5749.12 5749.12 5749.12 5749.12 5749.12 5749.12 5749.12 5749.12 5749.12 5749.12 5749.12 5749.12 5749.12 5749.12 5749.12 5749.12 5749.12 5749.12 5749.12 5749.12 5749.12 5749.12 5749.12 5749.12 5749.12 5749.12 5749.12 5749.12 5749.12 5749.12 5749.12 5749.12 5749.12 5749.12 5749.12 5749.12 5749.12 5749.12 5749.12 5749.12 5749.12 5749.12 5749.12 5749.12 5749.12 5749.12 5749.12 5749.12 5749.12 0 0 0 0 0 0 0 0 0 0 0 0 0 0 0 0 0 0 0 0 0 0 0 0 0
#obs catch bio
 906.253 1457.16 2232.8 3389.85 5267.23 8861.77 13163.5 21956.9 34236.2 46702.3 66042 90464.1 91462.4 100952 83229.3 89630.5 93557.7 96287.8 104704 92787 110726 92989.5 105782 110557 116446 128053 92821.2 112155
#pred cpue bio
 1745.63 2043.59 3134.8 4721.09 7260.2 11310.2 17496.1 27396.5 40178.5 56049.7 76004.9 89444.6 93442.9 102827 90757.4 86083.9 86006.2 91452.7 97365.8 90631.4 90682 79775.9 87463.1 87901 91862.6 95005.7 88273.8 101305 2.73173e+06 3.05111e+06 1.51412e+06 660570 401370 301635 253648 228356 214672 207232 203192 201004 199823 199188 198845 198661 198564 198513 198486 198471 198464 198460 198458 198457 198456 198456 198456 198456 198455 198455 198455 198455 198455 198455 198455 198455 198455 198455 198455 198455 198455 198455 198455 198455 198455 198455 198455 198455 198455 198455 198455 198455 198455 198455 198455 198455 198455 198455 198455 198455 198455 198455 198455 198455 198455 198455 198455 198455 198455 198455 198455 198455 198455 198455 198455 198455 198455 198455 198455 198455 198455 198455 198455 198455 198455 198455 198455 198455 198455 198455 198455 198455 198455 198455 198455 198455 198455 198455 198455 198455 0 0 0 0 0 0 0 0 0 0 0 0 0 0 0 0 0 0 0 0 0 0 0 0 0
#obs cpue bio
 1797.86 2817.29 4471.24 6938.35 10014 16059.1 30956.5 49332.9 62375.6 99947.7 116697 120541 129259 221141 152524 103216 104698 187278 198229 172445 152070 128025 137990 139556 186105 161992 207470 136538
#pred surv len freq
 1.73233e-11 1.8811e-09 1.2043e-07 4.54563e-06 0.000101156 0.0013272 0.0102669 0.0468386 0.126163 0.201819 0.197342 0.133469 0.0855191 0.06166 0.0418895 0.0269528 0.018087 0.0125391 0.0090277 0.00684952 0.00555529 0.00486244 0.00433592 0.00339525 0.00199561
 1.90524e-11 2.06886e-09 1.32451e-07 4.99934e-06 0.000111253 0.00145967 0.0112916 0.0515111 0.13872 0.221673 0.215643 0.142743 0.0866221 0.0579582 0.0346589 0.0174858 0.00866136 0.00447249 0.0024387 0.0014672 0.000988483 0.000747963 0.000608722 0.000460813 0.00027165
 1.77539e-11 1.92787e-09 1.23424e-07 4.65863e-06 0.000103671 0.0013602 0.0105224 0.0480088 0.129379 0.207485 0.205335 0.145368 0.101219 0.0740638 0.0438033 0.0199191 0.00811722 0.00318111 0.0011814 0.000456972 0.000207937 0.000117232 7.91525e-05 5.4714e-05 3.12663e-05
 1.84098e-11 1.99908e-09 1.27983e-07 4.83071e-06 0.0001075 0.00141044 0.0109109 0.0497777 0.134096 0.214646 0.210519 0.143998 0.0938931 0.0663896 0.0402714 0.0199188 0.00892919 0.00352266 0.00114227 0.000322838 8.95629e-05 2.8372e-05 1.21377e-05 6.61529e-06 3.44203e-06
 1.81632e-11 1.9723e-09 1.26269e-07 4.76601e-06 0.00010606 0.00139154 0.0107648 0.0491127 0.132325 0.211976 0.208676 0.144807 0.0970926 0.0695616 0.0414625 0.0195243 0.00833211 0.00330002 0.00112895 0.000329289 8.15509e-05 1.75338e-05 3.80314e-06 1.09344e-06 4.1578e-07
 1.86075e-11 2.02055e-09 1.29358e-07 4.8826e-06 0.000108655 0.00142558 0.011028 0.0503117 0.135527 0.216876 0.21242 0.144513 0.0930847 0.0649539 0.0386915 0.0184973 0.00800213 0.00313245 0.0010352 0.00029469 7.36624e-05 1.5645e-05 2.76671e-06 4.36006e-07 7.75588e-08
 1.83881e-11 1.99672e-09 1.27832e-07 4.82502e-06 0.000107374 0.00140877 0.0108981 0.0497199 0.133951 0.214499 0.210775 0.145221 0.0959265 0.0678197 0.0398653 0.0182535 0.00746147 0.00282536 0.000923725 0.000259776 6.33123e-05 1.31017e-05 2.26284e-06 3.20137e-07 3.74946e-08
 1.83258e-11 1.98996e-09 1.27399e-07 4.80867e-06 0.00010701 0.001404 0.0108611 0.0495515 0.133498 0.21378 0.210097 0.144841 0.095854 0.0680723 0.040496 0.0190448 0.00802573 0.00305239 0.000971012 0.000262402 6.20826e-05 1.25945e-05 2.1276e-06 2.91932e-07 3.17759e-08
 1.82571e-11 1.98251e-09 1.26922e-07 4.79067e-06 0.000106609 0.00139874 0.0108205 0.0493666 0.133006 0.213042 0.209607 0.145129 0.0968422 0.0690252 0.0408129 0.0188559 0.00777678 0.00293591 0.000940632 0.000255455 5.95408e-05 1.1684e-05 1.90537e-06 2.54042e-07 2.68742e-08
 1.81344e-11 1.96918e-09 1.26069e-07 4.75846e-06 0.000105893 0.00138934 0.0107478 0.0490355 0.132123 0.2117 0.20863 0.145367 0.0981952 0.0704873 0.0415735 0.0189723 0.0076636 0.0028254 0.000880613 0.000232745 5.3442e-05 1.04215e-05 1.67671e-06 2.17595e-07 2.22671e-08
 1.78073e-11 1.93366e-09 1.23795e-07 4.67264e-06 0.000103983 0.00136429 0.010554 0.0481529 0.129764 0.208074 0.205785 0.145339 0.100783 0.0736737 0.0437988 0.0201421 0.00819987 0.00302337 0.000931285 0.00024051 5.36173e-05 1.01586e-05 1.59952e-06 2.04596e-07 2.06072e-08
 1.73421e-11 1.88315e-09 1.20561e-07 4.55057e-06 0.000101266 0.00132865 0.0102784 0.0468977 0.126412 0.20295 0.2019 0.145741 0.105136 0.0786461 0.0467633 0.0211722 0.00841057 0.00303973 0.000921951 0.000233936 5.10186e-05 9.40715e-06 1.43517e-06 1.77999e-07 1.74861e-08
 1.77295e-11 1.92522e-09 1.23254e-07 4.65223e-06 0.000103529 0.00135833 0.0105079 0.0479433 0.129208 0.207253 0.205308 0.14588 0.102238 0.0750087 0.0441434 0.0196931 0.00764082 0.00268537 0.000785331 0.000190128 3.96682e-05 7.06944e-06 1.04723e-06 1.26017e-07 1.19936e-08
 1.64702e-11 1.78846e-09 1.14499e-07 4.32177e-06 9.61747e-05 0.00126185 0.00976184 0.0445448 0.120127 0.19332 0.194492 0.146149 0.11277 0.0876313 0.0524969 0.0236165 0.00923509 0.00325894 0.000950806 0.000227521 4.62893e-05 7.9374e-06 1.12504e-06 1.30051e-07 1.19624e-08
 1.64965e-11 1.79133e-09 1.14682e-07 4.32869e-06 9.63287e-05 0.00126387 0.00977745 0.0446156 0.120312 0.193571 0.194523 0.145606 0.111734 0.0868355 0.0525711 0.0243078 0.00986994 0.00356289 0.00104196 0.000247037 4.95821e-05 8.35756e-06 1.1546e-06 1.28706e-07 1.13469e-08
 1.71794e-11 1.86548e-09 1.1943e-07 4.50788e-06 0.000100316 0.00131618 0.010182 0.0464582 0.125233 0.201098 0.200253 0.145089 0.105452 0.0795921 0.0481522 0.0226622 0.00947571 0.00352904 0.00107144 0.000265602 5.51368e-05 9.39805e-06 1.29076e-06 1.41644e-07 1.21913e-08
 1.77046e-11 1.92251e-09 1.23081e-07 4.64569e-06 0.000103383 0.00135642 0.0104932 0.047876 0.129028 0.206976 0.205084 0.145859 0.102401 0.0752114 0.0442798 0.0197732 0.00771035 0.00275133 0.000829551 0.000208919 4.46954e-05 7.91313e-06 1.12581e-06 1.26098e-07 1.0879e-08
 1.78466e-11 1.93792e-09 1.24068e-07 4.68294e-06 0.000104212 0.00136729 0.0105773 0.0482594 0.130056 0.208584 0.206484 0.146326 0.101979 0.0743177 0.0431797 0.0186775 0.00690402 0.00232664 0.000659543 0.000154995 3.15263e-05 5.51128e-06 7.97646e-07 9.22116e-08 8.21984e-09
 1.73985e-11 1.88927e-09 1.20953e-07 4.56537e-06 0.000101596 0.00133297 0.0103118 0.0470505 0.126827 0.203642 0.202705 0.146613 0.10602 0.0790151 0.0460965 0.0198275 0.00723071 0.00238771 0.000654695 0.000145544 2.75128e-05 4.45884e-06 6.07009e-07 6.80573e-08 6.07672e-09
 1.73334e-11 1.88221e-09 1.205e-07 4.54829e-06 0.000101216 0.00132798 0.0102733 0.046875 0.12636 0.202937 0.202218 0.146824 0.106866 0.0798721 0.0464567 0.0197644 0.00706677 0.00228357 0.000610877 0.000130892 2.352e-05 3.58073e-06 4.52294e-07 4.68479e-08 3.91308e-09
 1.78599e-11 1.93937e-09 1.2416e-07 4.68642e-06 0.000104289 0.00136831 0.0105852 0.0482952 0.130151 0.208727 0.206576 0.146266 0.101786 0.074152 0.0431667 0.0187627 0.00695682 0.00231182 0.000624615 0.000133502 2.36683e-05 3.50661e-06 4.23995e-07 4.1369e-08 3.216e-09
 1.83962e-11 1.99761e-09 1.27889e-07 4.82716e-06 0.000107421 0.0014094 0.010903 0.0497435 0.134031 0.214754 0.211626 0.14737 0.0991519 0.0699862 0.039052 0.0153441 0.00476118 0.0013433 0.000332074 6.74924e-05 1.15139e-05 1.65554e-06 1.94842e-07 1.84011e-08 1.36945e-09
 1.81335e-11 1.96908e-09 1.26063e-07 4.75823e-06 0.000105887 0.00138928 0.0107473 0.0490344 0.132134 0.211827 0.209274 0.147163 0.100953 0.0723769 0.0409526 0.0165728 0.00541682 0.00158376 0.000381575 7.07033e-05 1.06206e-05 1.37434e-06 1.51585e-07 1.37488e-08 9.916e-10
 1.83015e-11 1.98732e-09 1.2723e-07 4.80231e-06 0.000106868 0.00140214 0.0108468 0.0494877 0.133346 0.213691 0.210741 0.147196 0.0996516 0.0707551 0.0397941 0.0159401 0.00512082 0.00147898 0.000357922 6.74617e-05 1.01981e-05 1.26764e-06 1.272e-07 1.02762e-08 6.73371e-10
 1.85703e-11 2.01651e-09 1.29099e-07 4.87284e-06 0.000108438 0.00142274 0.0110061 0.0502131 0.135284 0.216664 0.213047 0.147131 0.097392 0.0680525 0.0380129 0.015112 0.00479015 0.00136268 0.000325509 6.05163e-05 9.04214e-06 1.12181e-06 1.12766e-07 8.93951e-09 5.51401e-10
 1.83996e-11 1.99798e-09 1.27912e-07 4.82805e-06 0.000107441 0.00140966 0.010905 0.0497527 0.134056 0.2148 0.211695 0.147479 0.0992942 0.0700742 0.0390036 0.0151967 0.004617 0.00125338 0.00029004 5.25352e-05 7.62395e-06 9.19924e-07 9.05589e-08 7.0888e-09 4.34017e-10
 1.82818e-11 1.98519e-09 1.27094e-07 4.79714e-06 0.000106753 0.00140064 0.0108352 0.049435 0.133209 0.213517 0.210779 0.147767 0.100679 0.071518 0.0396698 0.0151913 0.00443852 0.00114615 0.00025349 4.35273e-05 5.88668e-06 6.62583e-07 6.18474e-08 4.65104e-09 2.7619e-10
 1.86241e-11 2.02236e-09 1.29473e-07 4.88697e-06 0.000108752 0.00142686 0.011038 0.0503581 0.135668 0.217232 0.213375 0.14675 0.0963833 0.0671564 0.0378448 0.0154916 0.00517949 0.00153879 0.000367887 6.54368e-05 9.00421e-06 1.0095e-06 9.11934e-08 6.4967e-09 3.64133e-10
#obs surv len freq
 1.82941e-11 1.98652e-09 1.27179e-07 4.80037e-06 0.000106825 0.00140158 0.0108423 0.0494636 0.133229 0.213062 0.207951 0.139432 0.0877698 0.0632874 0.043685 0.0266341 0.0141612 0.00614673 0.00210977 0.000571923 0.00012 1.88042e-05 2.12449e-06 1.67562e-07 8.96437e-09
 1.44716e-11 1.57144e-09 1.00605e-07 3.79735e-06 8.45049e-05 0.00110875 0.00857813 0.0391575 0.105777 0.171554 0.178334 0.147757 0.129158 0.105935 0.0647337 0.0297907 0.0118862 0.00434636 0.00136819 0.000347765 6.81548e-05 9.9119e-06 1.03589e-06 7.54932e-08 3.7289e-09
 1.78942e-11 1.9431e-09 1.24399e-07 4.69545e-06 0.00010449 0.00137095 0.0106057 0.0483903 0.130411 0.209066 0.206104 0.142797 0.094759 0.0690943 0.0455723 0.0251738 0.0114031 0.0039237 0.000991915 0.000193151 3.05311e-05 3.84829e-06 3.62773e-07 2.41482e-08 1.09195e-09
 1.55135e-11 1.68459e-09 1.07849e-07 4.07075e-06 9.05892e-05 0.00118859 0.00919577 0.0419758 0.113359 0.183475 0.188466 0.149133 0.120691 0.0940646 0.0566972 0.0263808 0.0104911 0.00358453 0.000973442 0.000197822 2.91097e-05 3.06746e-06 2.33017e-07 1.27914e-08 4.97089e-10
 1.72336e-11 1.87137e-09 1.19807e-07 4.52211e-06 0.000100633 0.00132036 0.0102148 0.0466156 0.125732 0.202264 0.20211 0.145838 0.102444 0.0754063 0.0478986 0.0249146 0.0106157 0.00348819 0.000850641 0.000156391 2.18949e-05 2.26109e-06 1.64364e-07 8.14075e-09 2.70557e-10
 1.65264e-11 1.79457e-09 1.1489e-07 4.33654e-06 9.6504e-05 0.00126619 0.00979624 0.0447161 0.120731 0.195066 0.198291 0.150447 0.112644 0.082884 0.048899 0.0226566 0.00881492 0.00283266 0.000704453 0.000130202 1.74469e-05 1.66086e-06 1.10705e-07 5.09125e-09 1.58201e-10
 1.64713e-11 1.78859e-09 1.14507e-07 4.32208e-06 9.61823e-05 0.00126198 0.00976381 0.0445711 0.120368 0.19461 0.198095 0.150302 0.111958 0.0824283 0.0497076 0.0238506 0.00933786 0.00286124 0.000656695 0.000112532 1.43536e-05 1.32425e-06 8.51042e-08 3.69921e-09 1.06635e-10
 1.60236e-11 1.73998e-09 1.11395e-07 4.20461e-06 9.35685e-05 0.0012277 0.00949904 0.0433708 0.117216 0.190077 0.195486 0.152147 0.11638 0.0859173 0.0512469 0.0242732 0.00941105 0.0028712 0.000654993 0.000109531 1.32531e-05 1.13747e-06 6.7837e-08 2.75761e-09 7.48637e-11
 1.59147e-11 1.72815e-09 1.10638e-07 4.17603e-06 9.29327e-05 0.00121937 0.00943491 0.0430834 0.116492 0.189179 0.195334 0.152966 0.117069 0.086064 0.0514536 0.0245324 0.00948073 0.00284358 0.000633697 0.000103413 1.21847e-05 1.01043e-06 5.74403e-08 2.19253e-09 5.52775e-11
 1.55165e-11 1.68491e-09 1.0787e-07 4.07156e-06 9.06082e-05 0.00118889 0.00919969 0.0420202 0.113729 0.185356 0.19362 0.155558 0.121691 0.0890845 0.0521175 0.0240873 0.00898748 0.00260537 0.000561473 8.83377e-05 9.98848e-06 7.92144e-07 4.29642e-08 1.56001e-09 3.72294e-11
 1.52151e-11 1.65218e-09 1.05774e-07 3.99247e-06 8.88486e-05 0.00116582 0.00902171 0.0412161 0.111637 0.1824 0.191881 0.156184 0.123393 0.0908373 0.0538924 0.0253796 0.00951639 0.00271714 0.000569128 8.6373e-05 9.37147e-06 7.10057e-07 3.66446e-08 1.26127e-09 2.84413e-11
 1.45088e-11 1.57548e-09 1.00864e-07 3.80714e-06 8.47248e-05 0.00111174 0.00860423 0.0393259 0.106687 0.175304 0.187699 0.15856 0.129582 0.0961604 0.0568541 0.0266268 0.00991084 0.00280702 0.000582104 8.67833e-05 9.13565e-06 6.63699e-07 3.25662e-08 1.05992e-09 2.25182e-11
 1.44509e-11 1.56919e-09 1.00461e-07 3.79195e-06 8.43873e-05 0.00110733 0.00857065 0.0391803 0.106356 0.175031 0.187924 0.158849 0.129128 0.095711 0.0572268 0.027182 0.0101359 0.00283785 0.000577913 8.4329e-05 8.65609e-06 6.09834e-07 2.881e-08 8.95548e-10 1.80335e-11
 1.23116e-11 1.33689e-09 8.55893e-08 3.23062e-06 7.18973e-05 0.000943536 0.00730569 0.0334459 0.0912788 0.153109 0.174213 0.165143 0.148465 0.113259 0.0668428 0.0309155 0.0112224 0.00307188 0.000612471 8.7161e-05 8.6692e-06 5.88418e-07 2.6668e-08 7.92432e-10 1.51978e-11
 1.38729e-11 1.50644e-09 9.64436e-08 3.64031e-06 8.10139e-05 0.00106312 0.00822986 0.0376426 0.102348 0.16918 0.183405 0.157122 0.129643 0.0995596 0.0634672 0.0319706 0.0121652 0.00335682 0.000660535 9.1885e-05 8.88278e-06 5.83027e-07 2.54153e-08 7.22493e-10 1.31924e-11
 1.29038e-11 1.4012e-09 8.97065e-08 3.38605e-06 7.53575e-05 0.000989 0.00765888 0.0350768 0.0958042 0.160741 0.18162 0.167042 0.142998 0.104967 0.0608871 0.0281926 0.010377 0.0028944 0.000582902 8.19083e-05 7.82897e-06 4.99177e-07 2.09061e-08 5.67328e-10 9.84792e-12
 1.44469e-11 1.56876e-09 1.00434e-07 3.79095e-06 8.4368e-05 0.0011072 0.00857257 0.0392296 0.106799 0.176988 0.19216 0.162452 0.128251 0.0923423 0.0546568 0.0254589 0.0090248 0.00235698 0.000445941 6.01518e-05 5.6273e-06 3.53584e-07 1.45266e-08 3.82799e-10 6.38394e-12
 1.4853e-11 1.61286e-09 1.03257e-07 3.89755e-06 8.67415e-05 0.0011384 0.00881542 0.040358 0.11 0.182808 0.199342 0.167943 0.128267 0.0861556 0.0465322 0.0198876 0.00664812 0.00166954 0.000302889 3.8616e-05 3.38199e-06 1.99207e-07 7.73537e-09 1.94322e-10 3.10503e-12
 1.29734e-11 1.40876e-09 9.01909e-08 3.4044e-06 7.57705e-05 0.000994603 0.00770661 0.0353534 0.0969953 0.164498 0.189213 0.175152 0.145269 0.100416 0.0536186 0.0219696 0.0068538 0.00158331 0.000264399 3.13018e-05 2.56435e-06 1.41465e-07 5.13026e-09 1.2004e-10 1.78622e-12
 1.43127e-11 1.5542e-09 9.95022e-08 3.75586e-06 8.35915e-05 0.0010972 0.00849944 0.0389522 0.106473 0.178218 0.197224 0.169521 0.131619 0.0899848 0.0494123 0.0207791 0.0064514 0.00143141 0.00022315 2.42175e-05 1.80527e-06 9.07135e-08 3.01155e-09 6.48356e-11 8.90618e-13
 1.51894e-11 1.64939e-09 1.05597e-07 3.98592e-06 8.8713e-05 0.00116446 0.00902104 0.0413462 0.113 0.188789 0.206894 0.17226 0.125795 0.079544 0.0402859 0.015858 0.00473914 0.00103335 0.000158491 1.6656e-05 1.17543e-06 5.48008e-08 1.66536e-09 3.26042e-11 4.06718e-13
 1.38599e-11 1.50503e-09 9.63556e-08 3.63719e-06 8.09575e-05 0.0010629 0.00824005 0.0378464 0.104082 0.176943 0.202115 0.179883 0.138267 0.0876272 0.042715 0.0157615 0.00435626 0.000878299 0.000125751 1.24941e-05 8.40991e-07 3.74315e-08 1.07906e-09 1.98319e-11 2.29706e-13
 1.34916e-11 1.46504e-09 9.37955e-08 3.54061e-06 7.88114e-05 0.00103486 0.0080254 0.0368935 0.101686 0.173728 0.200248 0.180316 0.14034 0.0905023 0.0449923 0.0166797 0.00449201 0.000855339 0.000113157 1.02847e-05 6.33413e-07 2.59583e-08 6.94404e-10 1.1916e-11 1.29259e-13
 1.46872e-11 1.59487e-09 1.02108e-07 3.85437e-06 8.57947e-05 0.0011265 0.00873411 0.0401165 0.110216 0.186295 0.20836 0.176959 0.129213 0.0802322 0.0393555 0.0145485 0.00391045 0.000738765 9.56769e-05 8.34714e-06 4.83336e-07 1.8322e-08 4.49098e-10 7.03927e-12 6.98285e-14
 1.42379e-11 1.54608e-09 9.89854e-08 3.73664e-06 8.31816e-05 0.00109246 0.00847597 0.039002 0.107662 0.184043 0.210379 0.183085 0.133515 0.0795842 0.036566 0.0126313 0.00321403 0.000583686 7.33321e-05 6.21472e-06 3.47846e-07 1.26302e-08 2.93226e-10 4.30372e-12 3.95781e-14
 1.38599e-11 1.50505e-09 9.63594e-08 3.63762e-06 8.09841e-05 0.00106383 0.00825836 0.038052 0.105375 0.181374 0.209854 0.185259 0.136319 0.0813489 0.0370184 0.0124199 0.00299924 0.000508829 5.94668e-05 4.70867e-06 2.48098e-07 8.53216e-09 1.88123e-10 2.62046e-12 2.27971e-14
 1.34195e-11 1.45724e-09 9.32999e-08 3.52228e-06 7.84252e-05 0.00103051 0.00800546 0.0369514 0.102746 0.178385 0.209472 0.187923 0.139287 0.0828944 0.0374038 0.0123676 0.00291672 0.000477558 5.31295e-05 3.95179e-06 1.93703e-07 6.16931e-09 1.25979e-10 1.62952e-12 1.32084e-14
 1.47895e-11 1.60601e-09 1.02825e-07 3.88183e-06 8.64273e-05 0.00113549 0.00881649 0.0406261 0.112365 0.192124 0.217396 0.182966 0.126892 0.0724127 0.0319668 0.0103865 0.00239704 0.000381685 4.10138e-05 2.92295e-06 1.36048e-07 4.0775e-09 7.7727e-11 9.32697e-13 6.98503e-15
#pred catch len freq
 1.10804e-11 1.2032e-09 7.70298e-08 2.90749e-06 6.47022e-05 0.00084893 0.00656792 0.0299815 0.0810054 0.131591 0.1382 0.119375 0.112922 0.102848 0.0774453 0.0540903 0.038398 0.027283 0.0198293 0.0150958 0.0122557 0.0107298 0.00956837 0.00749259 0.00440389
 1.42174e-11 1.54384e-09 9.88381e-08 3.73065e-06 8.30203e-05 0.00108927 0.00842702 0.0384611 0.103821 0.167882 0.172694 0.139807 0.120748 0.101246 0.0659479 0.0354342 0.0186258 0.0099402 0.00549219 0.0033205 0.0022404 0.00169585 0.00138024 0.00104488 0.000615956
 1.25506e-11 1.36285e-09 8.72507e-08 3.29328e-06 7.32875e-05 0.00096158 0.0074397 0.0339666 0.0918488 0.149818 0.160169 0.145147 0.142654 0.124647 0.0784118 0.0375091 0.0162148 0.00661119 0.0024999 0.000975172 0.0004453 0.000251299 0.000169702 0.000117309 6.70365e-05
 1.3448e-11 1.46029e-09 9.34892e-08 3.52875e-06 7.85275e-05 0.00103032 0.00797126 0.0363865 0.0982959 0.159558 0.166985 0.142516 0.1315 0.113485 0.0741172 0.0388036 0.0183523 0.00746149 0.00245197 0.000698264 0.00019461 6.17777e-05 2.64451e-05 1.44147e-05 7.50025e-06
 1.31406e-11 1.42691e-09 9.13521e-08 3.44809e-06 7.67324e-05 0.00100678 0.00778918 0.035558 0.0960942 0.156277 0.164914 0.144141 0.136416 0.118008 0.0752346 0.0373603 0.0168699 0.00691834 0.00240292 0.000705945 0.00017548 3.77956e-05 8.20487e-06 2.35977e-06 8.97362e-07
 1.38938e-11 1.5087e-09 9.65885e-08 3.64573e-06 8.11307e-05 0.00106448 0.00823542 0.0375905 0.101523 0.16459 0.171288 0.143725 0.129752 0.110301 0.0705437 0.0355389 0.0162009 0.00654276 0.00219209 0.000628431 0.000157689 3.35489e-05 5.93705e-06 9.35897e-07 1.66503e-07
 1.3513e-11 1.46735e-09 9.39414e-08 3.54582e-06 7.89073e-05 0.00103531 0.00800987 0.0365638 0.0987895 0.160476 0.168486 0.145093 0.134894 0.115415 0.0725217 0.0349217 0.0150916 0.00592453 0.00196814 0.00055775 0.00013648 2.82947e-05 4.89065e-06 6.92129e-07 8.10731e-08
 1.35889e-11 1.47559e-09 9.44688e-08 3.56573e-06 7.93503e-05 0.00104112 0.0080548 0.0367681 0.0993297 0.16126 0.168877 0.144362 0.133184 0.11399 0.0724356 0.0357899 0.015876 0.00623117 0.0020099 0.000547016 0.00012994 2.64103e-05 4.46496e-06 6.12834e-07 6.67133e-08
 1.36536e-11 1.48262e-09 9.49186e-08 3.5827e-06 7.97281e-05 0.00104608 0.00809315 0.0369431 0.0998022 0.162024 0.169661 0.144977 0.133597 0.113957 0.0717003 0.034673 0.0150208 0.00585119 0.00190067 0.000519659 0.000121562 2.3896e-05 3.89971e-06 5.20112e-07 5.50279e-08
 1.35019e-11 1.46615e-09 9.38642e-08 3.54291e-06 7.88425e-05 0.00103446 0.0080033 0.0365341 0.0987124 0.160377 0.168506 0.145417 0.135495 0.115926 0.0726097 0.0346393 0.0146955 0.00559436 0.00176861 0.000470718 0.000108503 2.11977e-05 3.41308e-06 4.43073e-07 4.53468e-08
 1.33527e-11 1.44994e-09 9.28267e-08 3.50375e-06 7.79711e-05 0.00102303 0.00791489 0.0361313 0.0976355 0.158719 0.16719 0.145354 0.136602 0.117344 0.0736765 0.0352716 0.0150033 0.00569073 0.00177492 0.000461222 0.000103182 1.95827e-05 3.08564e-06 3.94807e-07 3.97704e-08
 1.30761e-11 1.41991e-09 9.09041e-08 3.43118e-06 7.63562e-05 0.00100184 0.00775106 0.0353854 0.0956473 0.155708 0.165043 0.146042 0.139876 0.120763 0.0752661 0.0352691 0.0145681 0.00540477 0.00165841 0.000423165 9.25771e-05 1.70963e-05 2.60997e-06 3.23796e-07 3.18125e-08
 1.3382e-11 1.45312e-09 9.30302e-08 3.51143e-06 7.8142e-05 0.00102527 0.00793225 0.036211 0.0978561 0.15912 0.167809 0.146363 0.137916 0.118127 0.073152 0.0338434 0.0136934 0.00495336 0.00146742 0.000357493 7.4861e-05 1.33662e-05 1.98159e-06 2.38531e-07 2.27052e-08
 1.20984e-11 1.31374e-09 8.41069e-08 3.17462e-06 7.06469e-05 0.000926938 0.00717182 0.0327472 0.0886004 0.144914 0.156758 0.14656 0.148533 0.130916 0.0817036 0.0379556 0.0154156 0.00558275 0.00164768 0.000396481 8.0929e-05 1.39008e-05 1.97178e-06 2.28006e-07 2.09756e-08
 1.19538e-11 1.29804e-09 8.31019e-08 3.13668e-06 6.98027e-05 0.000915861 0.00708614 0.0323564 0.0875485 0.143238 0.155154 0.145593 0.148227 0.131376 0.0831226 0.0398404 0.0168402 0.00623808 0.00184504 0.000439939 8.86108e-05 1.49643e-05 2.06906e-06 2.30726e-07 2.03445e-08
 1.28986e-11 1.40064e-09 8.96701e-08 3.3846e-06 7.53197e-05 0.000988241 0.00764587 0.0349056 0.094356 0.153651 0.163078 0.144867 0.139516 0.121333 0.0769914 0.0375595 0.0163107 0.00621865 0.00190733 0.000475239 9.89557e-05 1.68933e-05 2.32184e-06 2.54876e-07 2.19403e-08
 1.36566e-11 1.48295e-09 9.49397e-08 3.5835e-06 7.97459e-05 0.00104631 0.00809499 0.0369522 0.0998371 0.162163 0.170185 0.146348 0.135678 0.115382 0.0712396 0.0328634 0.0132996 0.00486885 0.00148488 0.000375975 8.0672e-05 1.43033e-05 2.03624e-06 2.28136e-07 1.96848e-08
 1.38671e-11 1.5058e-09 9.64026e-08 3.63872e-06 8.09746e-05 0.00106243 0.00821968 0.0375207 0.101363 0.16456 0.172321 0.147211 0.135312 0.114238 0.0695545 0.0310162 0.0118908 0.00411689 0.00118159 0.000279294 5.69988e-05 9.98124e-06 1.44563e-06 1.6717e-07 1.49036e-08
 1.35642e-11 1.47291e-09 9.42971e-08 3.55925e-06 7.92061e-05 0.00103923 0.00804026 0.0367036 0.099182 0.161233 0.16983 0.147579 0.138312 0.117603 0.0714807 0.0315751 0.0118938 0.00402463 0.00111602 0.000249397 4.72907e-05 7.67709e-06 1.04592e-06 1.17305e-07 1.04753e-08
 1.3325e-11 1.44694e-09 9.26343e-08 3.49649e-06 7.78095e-05 0.00102091 0.00789857 0.0360584 0.0974603 0.15861 0.167888 0.147939 0.140786 0.120324 0.0729589 0.0319059 0.0118091 0.00391973 0.00106175 0.000228811 4.12572e-05 6.29341e-06 7.95666e-07 8.24466e-08 6.88771e-09
 1.46616e-11 1.59207e-09 1.01926e-07 3.84719e-06 8.56138e-05 0.0011233 0.00869037 0.0396646 0.107091 0.17335 0.179145 0.147045 0.128682 0.106318 0.0643652 0.0286115 0.0108794 0.00368222 0.00100315 0.000215233 3.82485e-05 5.67452e-06 6.86569e-07 6.70077e-08 5.20981e-09
 1.49587e-11 1.62434e-09 1.03992e-07 3.92517e-06 8.73492e-05 0.00114606 0.00886649 0.0404681 0.109254 0.1768 0.182466 0.149096 0.129411 0.105444 0.0614338 0.0246578 0.00786934 0.00228309 0.00057298 0.000117215 2.00645e-05 2.89038e-06 3.4047e-07 3.21666e-08 2.39432e-09
 1.47825e-11 1.6052e-09 1.02766e-07 3.87891e-06 8.63198e-05 0.00113256 0.00876204 0.039992 0.107978 0.17481 0.180763 0.148615 0.130105 0.106727 0.0629008 0.0260032 0.0087304 0.00261416 0.000637379 0.000118713 1.78888e-05 2.31978e-06 2.56144e-07 2.3243e-08 1.67666e-09
 1.50096e-11 1.62986e-09 1.04345e-07 3.93851e-06 8.76461e-05 0.00114996 0.0088966 0.040605 0.109617 0.177333 0.182765 0.148707 0.128416 0.104579 0.0613093 0.0250768 0.00827194 0.00244786 0.000599819 0.000113661 1.72347e-05 2.14646e-06 2.15605e-07 1.74266e-08 1.14219e-09
 1.5476e-11 1.68051e-09 1.07588e-07 4.0609e-06 9.03697e-05 0.00118569 0.00917294 0.0418637 0.112981 0.182494 0.186774 0.148617 0.12453 0.0999118 0.0582076 0.0236067 0.00766976 0.00223294 0.00053985 0.000100883 1.51182e-05 1.87916e-06 1.89081e-07 1.49962e-08 9.25181e-10
 1.54967e-11 1.68276e-09 1.07732e-07 4.06634e-06 9.04906e-05 0.00118728 0.00918522 0.0419199 0.113134 0.182756 0.187107 0.149039 0.125004 0.100126 0.0578728 0.0229287 0.00711325 0.00197251 0.000461832 8.40694e-05 1.22335e-05 1.47869e-06 1.45699e-07 1.14099e-08 6.98715e-10
 1.47436e-11 1.60098e-09 1.02496e-07 3.86872e-06 8.6093e-05 0.00112958 0.00873906 0.039888 0.107709 0.174469 0.18085 0.14978 0.132185 0.10826 0.0626214 0.0244585 0.00734153 0.00195277 0.000439395 7.60034e-05 1.03194e-05 1.16462e-06 1.08873e-07 8.19322e-09 4.86684e-10
 1.5013e-11 1.63024e-09 1.04369e-07 3.93942e-06 8.76662e-05 0.00115022 0.00889863 0.0406139 0.109637 0.177329 0.182594 0.148156 0.127556 0.104019 0.0615806 0.0258923 0.00894756 0.00273332 0.000662303 0.000118484 1.63631e-05 1.83944e-06 1.66424e-07 1.18651e-08 6.65266e-10
#obs catch len freq
 1.12816e-11 1.22504e-09 7.84284e-08 2.96029e-06 6.58773e-05 0.000864358 0.00668766 0.0305366 0.0826132 0.135022 0.145409 0.134229 0.136004 0.126917 0.0933151 0.0574203 0.030788 0.0136271 0.00481186 0.001344 0.000289438 4.63506e-05 5.337e-06 4.28493e-07 2.33246e-08
 1.70858e-11 1.85531e-09 1.18779e-07 4.48331e-06 9.97696e-05 0.00130901 0.0101265 0.0462044 0.12453 0.199753 0.19762 0.139248 0.0965047 0.0741381 0.0519774 0.0316376 0.0166208 0.00708007 0.00237364 0.000624738 0.000126398 1.89715e-05 2.04006e-06 1.52276e-07 7.67209e-09
 1.32044e-11 1.43384e-09 9.17959e-08 3.46485e-06 7.71058e-05 0.00101169 0.0078277 0.0357435 0.096699 0.157886 0.168579 0.149784 0.140578 0.117706 0.0717412 0.0328332 0.01299 0.00467341 0.00143625 0.000353905 6.6783e-05 9.29176e-06 9.23316e-07 6.36203e-08 2.95686e-09
 1.69032e-11 1.83549e-09 1.1751e-07 4.43541e-06 9.87038e-05 0.00129504 0.0100188 0.0457195 0.123301 0.198297 0.19813 0.143568 0.102777 0.0782057 0.0519137 0.0284638 0.0126691 0.00425687 0.00104847 0.000198296 3.02347e-05 3.6455e-06 3.26437e-07 2.05258e-08 8.72697e-10
 1.45065e-11 1.57524e-09 1.00848e-07 3.80652e-06 8.47094e-05 0.00111145 0.00859956 0.0392651 0.106168 0.17274 0.181073 0.151216 0.12989 0.103117 0.0619434 0.0285992 0.0112234 0.00375105 0.000989228 0.000194094 2.7443e-05 2.7662e-06 1.99909e-07 1.03731e-08 3.78805e-10
 1.64967e-11 1.79134e-09 1.14683e-07 4.32873e-06 9.63302e-05 0.00126391 0.00977845 0.0446323 0.120474 0.19442 0.196686 0.147206 0.108905 0.0819848 0.0520063 0.026761 0.011181 0.00357971 0.000847611 0.000150617 2.02443e-05 1.99422e-06 1.37594e-07 6.44143e-09 2.01514e-10
 1.5827e-11 1.71863e-09 1.10028e-07 4.15303e-06 9.24204e-05 0.00121263 0.00938233 0.0428364 0.115765 0.187758 0.193567 0.152435 0.119208 0.0888667 0.052142 0.0239009 0.00913745 0.00286191 0.00068942 0.000122751 1.57611e-05 1.43056e-06 9.04652e-08 3.92782e-09 1.14741e-10
 1.58781e-11 1.72417e-09 1.10383e-07 4.16642e-06 9.27187e-05 0.00121655 0.00941285 0.0429785 0.116171 0.188487 0.194283 0.152207 0.11756 0.0873865 0.0523409 0.0247825 0.00949949 0.00283055 0.000628996 0.000103837 1.26789e-05 1.11317e-06 6.77526e-08 2.77788e-09 7.52576e-11
 1.55109e-11 1.6843e-09 1.0783e-07 4.07007e-06 9.05749e-05 0.00118844 0.00919584 0.0419967 0.113611 0.1849 0.192503 0.154198 0.12136 0.0899786 0.0531987 0.0248383 0.00941936 0.00279071 0.000615103 9.88727e-05 1.14363e-05 9.33427e-07 5.26848e-08 2.01785e-09 5.14167e-11
 1.55446e-11 1.68796e-09 1.08065e-07 4.07893e-06 9.07722e-05 0.00119104 0.00921628 0.0420949 0.11392 0.18559 0.193574 0.154949 0.120845 0.0887535 0.052484 0.0246179 0.00928695 0.00270101 0.000580856 9.09894e-05 1.02318e-05 8.05596e-07 4.32881e-08 1.55566e-09 3.67949e-11
 1.51725e-11 1.64755e-09 1.05478e-07 3.98129e-06 8.85998e-05 0.00116256 0.0089966 0.0411039 0.11136 0.182127 0.192253 0.157717 0.125271 0.0913672 0.0527965 0.0239811 0.00872662 0.00245047 0.000508959 7.67625e-05 8.27336e-06 6.22205e-07 3.18602e-08 1.08789e-09 2.43333e-11
 1.49488e-11 1.62327e-09 1.03923e-07 3.92261e-06 8.72943e-05 0.00114545 0.00886479 0.0405108 0.109837 0.180056 0.19121 0.158319 0.126319 0.0923887 0.0540641 0.0249739 0.00911381 0.00251666 0.000507364 7.3718e-05 7.61422e-06 5.46414e-07 2.65921e-08 8.59832e-10 1.81552e-11
 1.42995e-11 1.55276e-09 9.94093e-08 3.75225e-06 8.35038e-05 0.00109575 0.00848128 0.0387768 0.105316 0.17366 0.187659 0.160812 0.132045 0.0970611 0.0565249 0.0259363 0.00938478 0.00256735 0.000511607 7.28974e-05 7.29454e-06 5.01332e-07 2.31736e-08 7.0788e-10 1.40699e-11
 1.43303e-11 1.55611e-09 9.96234e-08 3.76033e-06 8.36843e-05 0.00109814 0.00850032 0.0388714 0.105628 0.17437 0.188607 0.160999 0.130855 0.0958421 0.0563587 0.0261766 0.00947206 0.00255805 0.000499936 6.96234e-05 6.78326e-06 4.51443e-07 2.00661e-08 5.84835e-10 1.10094e-11
 1.21932e-11 1.32403e-09 8.47662e-08 3.19957e-06 7.12072e-05 0.000934524 0.00723706 0.0331489 0.0906139 0.152678 0.175382 0.167777 0.150229 0.113002 0.0655274 0.0296161 0.0104249 0.00274952 0.000525363 7.125e-05 6.71739e-06 4.30179e-07 1.83221e-08 5.09906e-10 9.13316e-12
 1.38459e-11 1.5035e-09 9.62559e-08 3.63324e-06 8.08574e-05 0.00106111 0.00821517 0.0375886 0.102307 0.169582 0.184901 0.159279 0.130831 0.0990673 0.0619309 0.0303734 0.011174 0.00296578 0.000558532 7.39432e-05 6.76642e-06 4.18468e-07 1.71225e-08 4.55402e-10 7.75898e-12
 1.29071e-11 1.40157e-09 8.97301e-08 3.38696e-06 7.5379e-05 0.000989331 0.00766269 0.0351111 0.0960284 0.161656 0.183709 0.169358 0.143585 0.103632 0.0589666 0.0266356 0.00948542 0.00254112 0.000488547 6.51845e-05 5.88824e-06 3.53352e-07 1.38771e-08 3.52003e-10 5.69625e-12
 1.45076e-11 1.57536e-09 1.00857e-07 3.80693e-06 8.47246e-05 0.00111193 0.00861023 0.039416 0.107409 0.178395 0.19438 0.164389 0.128429 0.0907983 0.0525639 0.0237995 0.00814627 0.00204308 0.000369074 4.72338e-05 4.16892e-06 2.46062e-07 9.46453e-09 2.32874e-10 3.618e-12
 1.49366e-11 1.62194e-09 1.03839e-07 3.91952e-06 8.72319e-05 0.00114489 0.0088669 0.0406091 0.110792 0.184511 0.201757 0.169662 0.127851 0.0841439 0.0444299 0.0184681 0.00595847 0.00143445 0.000248015 2.99683e-05 2.47486e-06 1.36841e-07 4.96911e-09 1.16385e-10 1.72991e-12
 1.31078e-11 1.42336e-09 9.11258e-08 3.43971e-06 7.65584e-05 0.00100502 0.00778888 0.0357497 0.0982061 0.166946 0.192393 0.177106 0.144371 0.0975987 0.0508588 0.0202277 0.00608286 0.0013464 0.000214192 2.40138e-05 1.85294e-06 9.58566e-08 3.2485e-09 7.0826e-11 9.79701e-13
 1.44749e-11 1.57181e-09 1.0063e-07 3.79845e-06 8.45414e-05 0.00110973 0.00859794 0.0394198 0.107852 0.180827 0.200313 0.171203 0.130644 0.0872478 0.0466433 0.0189837 0.00566827 0.00120318 0.00017853 1.83402e-05 1.28734e-06 6.06356e-08 1.87989e-09 3.76828e-11 4.80835e-13
 1.53635e-11 1.6683e-09 1.06808e-07 4.03167e-06 8.97332e-05 0.00117792 0.00912684 0.0418477 0.114469 0.191503 0.20991 0.17354 0.124329 0.0766723 0.0377923 0.0144017 0.00413639 0.000861298 0.000125469 1.24617e-05 8.27488e-07 3.61583e-08 1.0263e-09 1.87095e-11 2.16768e-13
 1.4069e-11 1.52774e-09 9.78095e-08 3.69212e-06 8.21829e-05 0.00107909 0.00836742 0.0384515 0.105856 0.180207 0.205657 0.181199 0.136275 0.08412 0.039863 0.0142259 0.0037767 0.000726898 9.87887e-05 9.26588e-06 5.85987e-07 2.44128e-08 6.56789e-10 1.1238e-11 1.20929e-13
 1.37182e-11 1.48965e-09 9.53716e-08 3.60016e-06 8.01403e-05 0.00105242 0.00816361 0.0375499 0.103605 0.17723 0.203997 0.181711 0.138302 0.0867951 0.0418672 0.0149762 0.00386756 0.000702423 8.81801e-05 7.56476e-06 4.37562e-07 1.67718e-08 4.18268e-10 6.6745e-12 6.71971e-14
 1.49246e-11 1.62065e-09 1.03759e-07 3.91677e-06 8.71869e-05 0.00114488 0.00887863 0.0407995 0.112187 0.189788 0.2119 0.178043 0.127068 0.0766704 0.0364331 0.0129757 0.00333906 0.000600626 7.36963e-05 6.06282e-06 3.29632e-07 1.16889e-08 2.6715e-10 3.89355e-12 3.58313e-14
 1.44909e-11 1.57357e-09 1.00746e-07 3.80318e-06 8.46672e-05 0.0011121 0.00863074 0.0397363 0.10979 0.187806 0.214084 0.183933 0.130879 0.0757493 0.0337102 0.0112179 0.00273088 0.000471589 5.60435e-05 4.47173e-06 2.34715e-07 7.96613e-09 1.72401e-10 2.35326e-12 2.00861e-14
 1.41282e-11 1.53419e-09 9.82262e-08 3.70819e-06 8.25603e-05 0.00108469 0.0084229 0.0388338 0.107641 0.185367 0.213745 0.186103 0.133498 0.0772637 0.0339951 0.0109698 0.0025323 0.000408382 4.51286e-05 3.36163e-06 1.65899e-07 5.32553e-09 1.09321e-10 1.41487e-12 1.1418e-14
 1.37008e-11 1.48779e-09 9.52573e-08 3.59629e-06 8.00793e-05 0.00105242 0.00817867 0.0377764 0.105142 0.182602 0.21354 0.188743 0.136277 0.0786008 0.034253 0.0108778 0.00244887 0.000380673 4.00105e-05 2.7985e-06 1.28455e-07 3.81775e-09 7.25391e-11 8.71033e-13 6.54255e-15
#spawning biomass
 2545.16 3713.24 5671.36 8681.92 13327 21145.2 32665.8 50754.4 74459.9 103610 138341 160309 170692 178861 157132 152117 156846 168939 176876 164605 167553 153745 165795 168160 178168 183452 170063 196017 219813 173522 53360.9 18343.7 12858.5 12129.8 12040 12029.5 12028.3 12028.1 12028.1 12028.1 12028.1 12028.1 12028.1 12028.1 12028.1 12028.1 12028.1 12028.1 12028.1 12028.1 12028.1 12028.1 12028.1 12028.1 12028.1 12028.1 12028.1 12028.1 12028.1 12028.1 12028.1 12028.1 12028.1 12028.1 12028.1 12028.1 12028.1 12028.1 12028.1 12028.1 12028.1 12028.1 12028.1 12028.1 12028.1 12028.1 12028.1 12028.1 12028.1 12028.1 12028.1 12028.1 12028.1 12028.1 12028.1 12028.1 12028.1 12028.1 12028.1 12028.1 12028.1 12028.1 12028.1 12028.1 12028.1 12028.1 12028.1 12028.1 12028.1 12028.1 12028.1 12028.1 12028.1 12028.1 12028.1 12028.1 12028.1 12028.1 12028.1 12028.1 12028.1 12028.1 12028.1 12028.1 12028.1 12028.1 12028.1 12028.1 12028.1 12028.1 12028.1 12028.1 12028.1 12028.1 12028.1 12028.1 12028.1 12028.1 0 0 0 0 0 0 0 0 0 0 0 0 0 0 0 0 0 0 0 0 0 0 0 0 0
