SBPRF35
0.819782
Curr Bio
117879
B35
690110
F35
0.232906
FOFL
0
OFL
0
Bzero
234224
#pred survey bio
 8831.04 7614.36 6225.9 6666.21 9129.45 15213.8 21324.9 27301.1 39670.8 48449.1 62386.7 94176.6 126080 142431 150168 135044 135720 116957 122870 119498 128064 123884 119823 133632 140229 153161 149809 159472 140819 3.1144e+06 4.78844e+06 5.36806e+06 5.25224e+06 4.78638e+06 4.21456e+06 3.67243e+06 3.21679e+06 2.85933e+06 2.59063e+06 2.39407e+06 2.2527e+06 2.15199e+06 2.08053e+06 2.02935e+06 1.99151e+06 1.96494e+06 1.94606e+06 1.93244e+06 1.92249e+06 1.91512e+06 1.90958e+06 1.90537e+06 1.90213e+06 1.89962e+06 1.89765e+06 1.89609e+06 1.89485e+06 1.89386e+06 1.89307e+06 1.89243e+06 1.89191e+06 1.89149e+06 1.89115e+06 1.89087e+06 1.89064e+06 1.89046e+06 1.89031e+06 1.89019e+06 1.89009e+06 1.89e+06 1.88994e+06 1.88988e+06 1.88984e+06 1.8898e+06 1.88977e+06 1.88975e+06 1.88973e+06 1.88971e+06 1.8897e+06 1.88968e+06 1.88968e+06 1.88967e+06 1.88966e+06 1.88966e+06 1.88965e+06 1.88965e+06 1.88965e+06 1.88964e+06 1.88964e+06 1.88964e+06 1.88964e+06 1.88964e+06 1.88964e+06 1.88964e+06 1.88964e+06 1.88964e+06 1.88964e+06 1.88964e+06 1.88964e+06 1.88964e+06 1.88964e+06 1.88964e+06 1.88964e+06 1.88963e+06 1.88963e+06 1.88963e+06 1.88963e+06 1.88963e+06 1.88963e+06 1.88963e+06 1.88963e+06 1.88963e+06 1.88963e+06 1.88963e+06 1.88963e+06 1.88963e+06 1.88963e+06 1.88963e+06 1.88963e+06 1.88963e+06 1.88963e+06 1.88963e+06 1.88963e+06 1.88963e+06 1.88963e+06 1.88963e+06 1.88963e+06 1.88963e+06 1.88963e+06 0 0 0 0 0 0 0 0 0 0 0 0 0 0 0 0 0 0 0 0 0 0 0 0 0
#obs survey bio
 8831.19 4701.46 7075.94 7470.23 12303.9 16148.6 23093.7 30137.6 47338.3 42965.3 70226.9 99491.3 103134 126255 115562 138536 107952 122872 125396 109212 85028.2 106836 82213.7 125621 122226 158035 100758 115863 109789
#pred catch bio
 3746.54 3457.88 2890.51 2818.61 3924.21 9654.12 14900.4 17359 27545.6 34926.1 41884.6 63976.8 91466.7 102693 115694 100727 108913 88228.8 95894.9 91245.6 101101 100169 92050.4 108555 109978 124751 120305 132489 118831 0 41818.2 46733.2 45205.9 40562.8 35062.6 29946.7 25717.8 22459.2 20061.1 18351.7 17160.8 16345 15793.1 15421.4 15168.5 15004.6 14898.2 14829.2 14784.5 14755.4 14736.6 14724.4 14716.5 14711.3 14708 14705.8 14704.4 14703.5 14702.9 14702.6 14702.3 14702.1 14702 14702 14701.9 14701.9 14701.9 14701.9 14701.9 14701.9 14701.9 14701.9 14701.9 14701.9 14701.9 14701.9 14701.9 14701.9 14701.9 14701.9 14701.9 14701.9 14701.9 14701.9 14701.9 14701.9 14701.9 14701.9 14701.9 14701.9 14701.9 14701.9 14701.9 14701.9 14701.9 14701.9 14701.9 14701.9 14701.9 14701.9 14701.9 14701.9 14701.9 14701.9 14701.9 14701.9 14701.9 14701.9 14701.9 14701.9 14701.9 14701.9 14701.9 14701.9 14701.9 14701.9 14701.9 14701.9 14701.9 14701.9 14701.9 14701.9 14701.9 14701.9 14701.9 14701.9 14701.9 14701.9 14701.9 0 0 0 0 0 0 0 0 0 0 0 0 0 0 0 0 0 0 0 0 0 0 0 0 0
#obs catch bio
 4331.94 3352.45 3247.72 2603.95 3300.44 7552.24 13230.9 12585 23344.4 29063.5 35998.3 58143.8 79210.5 89019.3 105813 83453.2 107188 73796.5 87881.7 79338.3 96774.5 88131.5 81779.1 90642.3 99660.7 100797 106164 120353 97341.4
#pred cpue bio
 7485.05 6979.56 5228.69 4529.62 6276.89 8663.29 11613.7 13682.9 21044 25816.7 29012.9 43902 64623.2 74343.8 85046 74317.2 73660.2 58799.1 62282.8 58995.5 61570 59467 52906.1 61144 56426.5 67531.7 64118.9 66328.6 61904.2 1.2215e+06 4.65194e+06 5.24473e+06 5.12834e+06 4.66245e+06 4.09064e+06 3.5485e+06 3.09287e+06 2.73541e+06 2.4667e+06 2.27015e+06 2.12877e+06 2.02806e+06 1.95661e+06 1.90542e+06 1.86758e+06 1.84102e+06 1.82213e+06 1.80852e+06 1.79856e+06 1.79119e+06 1.78565e+06 1.78144e+06 1.77821e+06 1.77569e+06 1.77372e+06 1.77217e+06 1.77093e+06 1.76994e+06 1.76914e+06 1.7685e+06 1.76798e+06 1.76756e+06 1.76722e+06 1.76695e+06 1.76672e+06 1.76654e+06 1.76638e+06 1.76626e+06 1.76616e+06 1.76608e+06 1.76601e+06 1.76596e+06 1.76591e+06 1.76588e+06 1.76585e+06 1.76582e+06 1.7658e+06 1.76578e+06 1.76577e+06 1.76576e+06 1.76575e+06 1.76574e+06 1.76574e+06 1.76573e+06 1.76573e+06 1.76572e+06 1.76572e+06 1.76572e+06 1.76572e+06 1.76572e+06 1.76572e+06 1.76571e+06 1.76571e+06 1.76571e+06 1.76571e+06 1.76571e+06 1.76571e+06 1.76571e+06 1.76571e+06 1.76571e+06 1.76571e+06 1.76571e+06 1.76571e+06 1.76571e+06 1.76571e+06 1.76571e+06 1.76571e+06 1.76571e+06 1.76571e+06 1.76571e+06 1.76571e+06 1.76571e+06 1.76571e+06 1.76571e+06 1.76571e+06 1.76571e+06 1.76571e+06 1.76571e+06 1.76571e+06 1.76571e+06 1.76571e+06 1.76571e+06 1.76571e+06 1.76571e+06 1.76571e+06 1.76571e+06 1.76571e+06 1.76571e+06 1.76571e+06 0 0 0 0 0 0 0 0 0 0 0 0 0 0 0 0 0 0 0 0 0 0 0 0 0
#obs cpue bio
 7636.99 8714.39 5734.67 5418.1 7480.72 17925 18100.2 33098.4 40814.3 61095.4 42495.2 61084.5 137364 142536 166859 156987 111749 105106 91111.4 107880 107819 127484 108611 152873 90255.7 163919 140071 142176 178737
#pred surv len freq
 8.94623e-12 9.71454e-10 6.21934e-08 2.34749e-06 5.22404e-05 0.000685438 0.00530359 0.0242232 0.0656268 0.108057 0.120255 0.121038 0.133562 0.129741 0.100479 0.070506 0.0471698 0.0289351 0.0169716 0.0100921 0.00631986 0.00432835 0.00319207 0.00222726 0.00123197
 5.63315e-12 6.11693e-10 3.91612e-08 1.47814e-06 3.28945e-05 0.000431622 0.00334042 0.0152739 0.0416165 0.0704182 0.0871155 0.108717 0.140641 0.146386 0.121148 0.0929712 0.0680196 0.0450081 0.0269501 0.0147921 0.00778893 0.00427927 0.0025941 0.00161526 0.000858402
 1.02844e-11 1.11676e-09 7.14961e-08 2.69862e-06 6.0054e-05 0.000787937 0.00609581 0.0278214 0.0751002 0.121444 0.125 0.101963 0.0923998 0.0914419 0.0875151 0.0811896 0.0680424 0.0501133 0.0330832 0.0193405 0.00995988 0.00471279 0.0022488 0.00113703 0.000540169
 1.48864e-11 1.61649e-09 1.03489e-07 3.90619e-06 8.69266e-05 0.00114051 0.00882312 0.0402608 0.108568 0.174665 0.175485 0.131352 0.101391 0.081301 0.0550285 0.0349862 0.0262032 0.0217243 0.0167418 0.0110919 0.00622783 0.00297147 0.00125028 0.000502029 0.000195147
 1.34365e-11 1.45904e-09 9.3409e-08 3.52572e-06 7.84601e-05 0.00102944 0.00796441 0.0363551 0.0982087 0.159397 0.166722 0.141996 0.130367 0.111142 0.0702937 0.0349615 0.0169823 0.00925126 0.00597545 0.00421686 0.00270826 0.00143528 0.000617995 0.000223185 7.09691e-05
 1.63248e-11 1.77268e-09 1.13489e-07 4.28363e-06 9.53259e-05 0.00125071 0.00967557 0.0441489 0.119028 0.191297 0.191272 0.14073 0.105534 0.0829254 0.0543956 0.0302805 0.0157494 0.00736109 0.00316372 0.00148336 0.000821839 0.000460126 0.000217458 8.08312e-05 2.3692e-05
 1.60154e-11 1.73908e-09 1.11337e-07 4.20242e-06 9.3519e-05 0.00122701 0.00949254 0.043321 0.116895 0.188671 0.1924 0.151235 0.124165 0.0971877 0.053314 0.0179472 0.00359104 0.000424299 2.95668e-05 1.21479e-06 2.94289e-08 4.21181e-10 3.93913e-12 1.72328e-13 4.64063e-14
 1.6948e-11 1.84035e-09 1.17821e-07 4.44716e-06 9.89651e-05 0.00129846 0.0100451 0.0458374 0.123614 0.198942 0.200184 0.150415 0.115421 0.087219 0.0474045 0.015927 0.0031856 0.000376365 2.62262e-05 1.07753e-06 2.61018e-08 3.72779e-10 3.13885e-12 1.55822e-14 4.56062e-17
 1.63263e-11 1.77284e-09 1.13499e-07 4.28402e-06 9.53348e-05 0.00125083 0.00967676 0.04416 0.119136 0.192095 0.194995 0.150962 0.12125 0.093864 0.0513437 0.0172736 0.00345586 0.000408317 2.84529e-05 1.16902e-06 2.83181e-08 4.04431e-10 3.40537e-12 1.69052e-14 4.94786e-17
 1.62741e-11 1.76718e-09 1.13136e-07 4.27033e-06 9.503e-05 0.00124683 0.00964584 0.0440192 0.11876 0.191521 0.194559 0.151008 0.121739 0.0944218 0.0516744 0.0173867 0.00347855 0.000410999 2.86399e-05 1.17671e-06 2.85042e-08 4.07088e-10 3.42774e-12 1.70163e-14 4.98037e-17
 1.76764e-11 1.91944e-09 1.22885e-07 4.63828e-06 0.000103218 0.00135426 0.0104766 0.0478025 0.128861 0.206963 0.206262 0.149775 0.108592 0.079434 0.0427896 0.0143494 0.00286897 0.000338932 2.36174e-05 9.70345e-07 2.35053e-08 3.35696e-10 2.82661e-12 1.40321e-14 4.10695e-17
 1.76545e-11 1.91707e-09 1.22732e-07 4.63253e-06 0.00010309 0.00135258 0.0104636 0.0477434 0.128704 0.206721 0.20608 0.149794 0.108797 0.079668 0.0429283 0.0143968 0.00287849 0.000340057 2.36958e-05 9.73567e-07 2.35834e-08 3.36811e-10 2.836e-12 1.40787e-14 4.12059e-17
 1.671e-11 1.81451e-09 1.16167e-07 4.38471e-06 9.75755e-05 0.00128023 0.00990409 0.0451953 0.1219 0.196321 0.198198 0.150624 0.117652 0.0897625 0.0489124 0.0164425 0.00328905 0.000388596 2.70785e-05 1.11255e-06 2.69502e-08 3.84895e-10 3.24087e-12 1.60886e-14 4.70885e-17
 1.65099e-11 1.79278e-09 1.14776e-07 4.33221e-06 9.64071e-05 0.0012649 0.00978555 0.0446554 0.120458 0.194118 0.196528 0.1508 0.119528 0.0919013 0.0501802 0.0168759 0.00337604 0.00039888 2.77952e-05 1.142e-06 2.76635e-08 3.95082e-10 3.32665e-12 1.65145e-14 4.83349e-17
 1.5523e-11 1.68561e-09 1.07914e-07 4.07323e-06 9.06439e-05 0.00118929 0.00920085 0.0419925 0.113348 0.183249 0.188291 0.151668 0.128782 0.10245 0.0564338 0.0190137 0.00380508 0.000449604 3.13303e-05 1.28725e-06 3.11819e-08 4.45331e-10 3.74975e-12 1.86149e-14 5.44824e-17
 1.58876e-11 1.72521e-09 1.10449e-07 4.16891e-06 9.27732e-05 0.00121723 0.00941687 0.0429764 0.115975 0.187264 0.191334 0.151348 0.125363 0.098553 0.0541233 0.0182239 0.00364657 0.000430863 3.00242e-05 1.23359e-06 2.9882e-08 4.26766e-10 3.59343e-12 1.78389e-14 5.22111e-17
 1.60569e-11 1.74359e-09 1.11626e-07 4.21333e-06 9.37617e-05 0.0012302 0.00951717 0.0434331 0.117195 0.189129 0.192747 0.151199 0.123776 0.0967434 0.0530506 0.0178572 0.00357297 0.000422162 2.94178e-05 1.20867e-06 2.92785e-08 4.18147e-10 3.52085e-12 1.74786e-14 5.11566e-17
 1.69157e-11 1.83685e-09 1.17597e-07 4.43869e-06 9.87766e-05 0.00129599 0.0100259 0.0457503 0.123382 0.198586 0.199914 0.150444 0.115724 0.0875639 0.047609 0.0159969 0.00319963 0.000378024 2.63418e-05 1.08228e-06 2.62169e-08 3.74422e-10 3.15269e-12 1.56509e-14 4.58073e-17
 1.6829e-11 1.82743e-09 1.16994e-07 4.41593e-06 9.82701e-05 0.00128934 0.00997456 0.0455163 0.122757 0.197631 0.19919 0.15052 0.116537 0.088491 0.0481586 0.0161848 0.00323733 0.000382482 2.66524e-05 1.09505e-06 2.65261e-08 3.78838e-10 3.18987e-12 1.58354e-14 4.63475e-17
 1.71024e-11 1.85712e-09 1.18894e-07 4.48767e-06 9.98666e-05 0.00131029 0.0101365 0.0462539 0.124727 0.200642 0.201472 0.150279 0.113973 0.0855687 0.0464262 0.0155926 0.00311848 0.00036843 2.56731e-05 1.05481e-06 2.55514e-08 3.64918e-10 3.07266e-12 1.52536e-14 4.46445e-17
 1.73645e-11 1.88558e-09 1.20716e-07 4.55644e-06 0.000101397 0.00133037 0.0102918 0.0469611 0.126615 0.203528 0.20366 0.150049 0.111516 0.0827674 0.0447656 0.0150249 0.00300455 0.000354961 2.47344e-05 1.01624e-06 2.46171e-08 3.51575e-10 2.96031e-12 1.46958e-14 4.30121e-17
 1.73796e-11 1.88722e-09 1.20821e-07 4.5604e-06 0.000101485 0.00133152 0.0103007 0.0470018 0.126724 0.203694 0.203786 0.150036 0.111375 0.082606 0.0446699 0.0149922 0.00299798 0.000354184 2.46803e-05 1.01402e-06 2.45633e-08 3.50806e-10 2.95383e-12 1.46637e-14 4.2918e-17
 1.81288e-11 1.96857e-09 1.2603e-07 4.75699e-06 0.00010586 0.00138892 0.0107446 0.0490232 0.132121 0.211945 0.210038 0.149377 0.10435 0.0745983 0.039923 0.0133694 0.0026723 0.00031568 2.19969e-05 9.03765e-07 2.18925e-08 3.12663e-10 2.63266e-12 1.30693e-14 3.82515e-17
 1.78224e-11 1.93529e-09 1.23899e-07 4.67658e-06 0.00010407 0.00136544 0.010563 0.0481964 0.129913 0.20857 0.207481 0.149646 0.107224 0.0778737 0.0418646 0.0140332 0.00280551 0.00033143 2.30945e-05 9.48863e-07 2.29849e-08 3.28264e-10 2.76403e-12 1.37215e-14 4.01603e-17
 1.88472e-11 2.04658e-09 1.31024e-07 4.94549e-06 0.000110055 0.00144395 0.0111702 0.0509614 0.137296 0.219856 0.216034 0.148745 0.0976153 0.06692 0.0353712 0.0118134 0.00236001 0.00027876 1.94239e-05 7.98046e-07 1.93316e-08 2.76088e-10 2.3247e-12 1.15405e-14 3.3777e-17
 1.81404e-11 1.96983e-09 1.26111e-07 4.76004e-06 0.000105928 0.00138981 0.0107515 0.0490545 0.132205 0.212073 0.210135 0.149367 0.104241 0.074474 0.0398493 0.0133442 0.00266724 0.000315083 2.19553e-05 9.02054e-07 2.18511e-08 3.1207e-10 2.62768e-12 1.30446e-14 3.81791e-17
 1.83819e-11 1.99605e-09 1.27789e-07 4.8234e-06 0.000107338 0.0014083 0.0108945 0.049706 0.133944 0.214732 0.21215 0.149154 0.101978 0.0718931 0.0383193 0.0128212 0.00256228 0.000302673 2.10904e-05 8.66519e-07 2.09903e-08 2.99777e-10 2.52416e-12 1.25307e-14 3.66751e-17
 1.86035e-11 2.02011e-09 1.2933e-07 4.88154e-06 0.000108632 0.00142528 0.0110258 0.0503038 0.13554 0.217172 0.214 0.148959 0.0999002 0.0695248 0.0369154 0.0123412 0.00246595 0.000291285 2.02968e-05 8.33911e-07 2.02004e-08 2.88496e-10 2.42918e-12 1.20591e-14 3.5295e-17
 1.81653e-11 1.97253e-09 1.26283e-07 4.76657e-06 0.000106073 0.00139171 0.0107662 0.0491216 0.132384 0.212347 0.210343 0.149345 0.104008 0.0742082 0.0396917 0.0132903 0.00265643 0.000313805 2.18662e-05 8.98394e-07 2.17624e-08 3.10804e-10 2.61701e-12 1.29916e-14 3.80242e-17
#obs surv len freq
 2.28936e-11 2.21182e-09 1.25986e-07 4.2309e-06 8.37694e-05 0.000977892 0.00673155 0.027347 0.0658536 0.096207 0.09518 0.0885223 0.0989591 0.109088 0.109285 0.100881 0.0812087 0.0561077 0.0340749 0.0181063 0.00796876 0.00267122 0.00063181 9.99186e-05 1.01997e-05
 5.16546e-12 4.81345e-10 2.6445e-08 8.56595e-07 1.63596e-05 0.000184273 0.00122606 0.00485872 0.011966 0.0218599 0.0420522 0.0850143 0.133769 0.155506 0.152391 0.136014 0.106591 0.0724234 0.042836 0.0214152 0.00860593 0.00261598 0.000564219 8.17785e-05 7.66118e-06
 8.96336e-11 8.04229e-09 4.25429e-07 1.32682e-05 0.00024397 0.00264485 0.0169048 0.0637068 0.141601 0.185961 0.145864 0.0737756 0.0391309 0.0475999 0.0698345 0.0758918 0.0605007 0.0390529 0.0218101 0.0103012 0.00385302 0.00107013 0.000208951 2.74182e-05 2.334e-06
 1.10212e-10 9.50583e-09 4.83379e-07 1.44919e-05 0.000256155 0.00266954 0.016406 0.0595135 0.128079 0.167915 0.15126 0.129123 0.121677 0.0939174 0.0519319 0.027198 0.0196679 0.0150318 0.00915172 0.00424415 0.0014871 0.000380222 6.7674e-05 8.04591e-06 6.1935e-07
 1.23704e-10 1.02405e-08 4.99805e-07 1.43819e-05 0.000243993 0.00244062 0.0143976 0.0501556 0.103901 0.132688 0.12215 0.116082 0.125398 0.120452 0.0969071 0.063905 0.0317541 0.0122724 0.00461803 0.00182944 0.000613792 0.000148516 2.4431e-05 2.65087e-06 1.85209e-07
 2.09626e-10 1.66315e-08 7.7796e-07 2.14547e-05 0.000348842 0.0033442 0.0189058 0.0630923 0.124961 0.151063 0.126692 0.104435 0.103672 0.100513 0.086485 0.0624078 0.0343349 0.0139416 0.00433694 0.00112305 0.000261165 5.19955e-05 7.71876e-06 7.71494e-07 4.94807e-08
 3.1208e-10 2.36977e-08 1.06093e-06 2.8003e-05 0.000435779 0.00399845 0.0216367 0.0691428 0.131419 0.154088 0.130403 0.113738 0.112197 0.0986548 0.0744191 0.0487573 0.0259009 0.0107099 0.00343985 0.000847554 0.0001585 2.2762e-05 2.51728e-06 2.05226e-07 1.14951e-08
 4.20161e-10 3.04965e-08 1.30504e-06 3.29259e-05 0.000489775 0.00429565 0.0222221 0.0679309 0.123907 0.141599 0.123264 0.116998 0.120609 0.107703 0.081699 0.0515583 0.0250321 0.0092201 0.00268698 0.000624964 0.000110827 1.4241e-05 1.28914e-06 8.13037e-08 3.5366e-09
 6.39531e-10 4.43166e-08 1.81055e-06 4.36108e-05 0.000619332 0.00518595 0.0256135 0.0747641 0.130301 0.142709 0.120283 0.112109 0.114818 0.104369 0.0814245 0.0516423 0.0245434 0.00865006 0.00234054 0.000492936 7.89672e-05 9.25425e-06 7.61736e-07 4.25323e-08 1.57211e-09
 1.00684e-09 6.65338e-08 2.59218e-06 5.95424e-05 0.000806371 0.00643908 0.0303302 0.0844591 0.140646 0.148239 0.122829 0.113835 0.112998 0.097713 0.0718877 0.0427363 0.0189331 0.00618898 0.00154838 0.000300202 4.3853e-05 4.63915e-06 3.43269e-07 1.72415e-08 5.72729e-10
 1.38023e-09 8.68865e-08 3.22472e-06 7.05623e-05 0.00091034 0.00692524 0.0310836 0.0825802 0.132013 0.13735 0.121143 0.122671 0.123302 0.10379 0.0733284 0.0412626 0.0170485 0.00512151 0.00116357 0.000203941 2.69499e-05 2.57969e-06 1.72356e-07 7.79272e-09 2.32504e-10
 2.10031e-09 1.25826e-07 4.44426e-06 9.25484e-05 0.00113629 0.00822654 0.0351433 0.0888958 0.135558 0.135626 0.117473 0.118539 0.119883 0.103646 0.0743639 0.0406098 0.0155983 0.00421476 0.000842762 0.000129381 1.5073e-05 1.28171e-06 7.64896e-08 3.10025e-09 8.30923e-11
 2.71111e-09 1.54427e-07 5.18609e-06 0.000102683 0.00119872 0.00825252 0.0335415 0.0809406 0.11933 0.121881 0.119541 0.133437 0.134818 0.112045 0.0765096 0.0395976 0.0143755 0.00364714 0.000673351 9.30845e-05 9.55526e-06 7.08789e-07 3.69316e-08 1.31545e-09 3.12106e-11
 3.94273e-09 2.13349e-07 6.80649e-06 0.000128026 0.00141983 0.00928628 0.0358626 0.0822955 0.115816 0.114622 0.112099 0.126763 0.133204 0.118425 0.0847873 0.0443145 0.016035 0.00407249 0.00075066 0.000101226 9.79148e-06 6.63004e-07 3.08204e-08 9.66524e-10 2.00919e-11
 5.0142e-09 2.57558e-07 7.79987e-06 0.000139266 0.00146617 0.00910474 0.0334164 0.0732271 0.10066 0.105132 0.117748 0.141368 0.145713 0.124424 0.0852274 0.0427711 0.0150331 0.00376685 0.000692287 9.30171e-05 8.87344e-06 5.82728e-07 2.57253e-08 7.49469e-10 1.41965e-11
 8.85509e-09 4.31462e-07 1.23946e-05 0.000209926 0.00209639 0.0123479 0.0429695 0.0891034 0.114836 0.109212 0.109831 0.12672 0.134853 0.120366 0.082274 0.0391473 0.01262 0.00285638 0.000477611 5.98474e-05 5.45429e-06 3.46414e-07 1.48033e-08 4.14854e-10 7.48336e-12
 1.37676e-08 6.35945e-07 1.73189e-05 0.00027808 0.00263272 0.0147035 0.0485515 0.095885 0.119662 0.115878 0.122129 0.136335 0.130907 0.104409 0.0659751 0.0302609 0.00972757 0.00222839 0.000370576 4.44304e-05 3.76047e-06 2.20078e-07 8.72828e-09 2.29475e-10 3.91344e-12
 1.92982e-08 8.4463e-07 2.1795e-05 0.000331587 0.00297468 0.0157448 0.0493148 0.0927715 0.112347 0.111194 0.123434 0.140216 0.135644 0.108321 0.0668646 0.029401 0.00904369 0.00200447 0.00032719 3.87429e-05 3.21388e-06 1.80994e-07 6.76473e-09 1.65021e-10 2.59283e-12
 2.88183e-08 1.1946e-06 2.91956e-05 0.000420694 0.00357461 0.0179231 0.0532179 0.0952408 0.111357 0.110389 0.124474 0.140772 0.135374 0.106721 0.063808 0.0268501 0.00788536 0.00167001 0.000260523 2.95135e-05 2.34964e-06 1.2735e-07 4.57739e-09 1.06803e-10 1.59077e-12
 4.52302e-08 1.77519e-06 4.10772e-05 0.000560421 0.00450872 0.0214076 0.0602309 0.102438 0.115171 0.112665 0.125872 0.138724 0.129753 0.0992817 0.0574221 0.0234908 0.00677626 0.00141491 0.000215566 2.34845e-05 1.77719e-06 9.10597e-08 3.09039e-09 6.81295e-11 9.59543e-13
 6.4887e-08 2.41063e-06 5.28017e-05 0.00068191 0.00519355 0.0233526 0.0623321 0.101411 0.112648 0.115658 0.134087 0.144686 0.129447 0.0937353 0.0508555 0.0194238 0.00523683 0.0010302 0.000149559 1.56388e-05 1.13537e-06 5.54668e-08 1.78094e-09 3.69083e-11 4.86722e-13
 1.06021e-07 3.72784e-06 7.72798e-05 0.000944579 0.0068088 0.0289763 0.073204 0.112725 0.118484 0.115281 0.128308 0.136233 0.122015 0.0877123 0.0464716 0.0172435 0.00452006 0.000859776 0.000119096 1.17479e-05 8.01499e-07 3.68389e-08 1.11469e-09 2.17666e-11 2.69896e-13
 1.35524e-07 4.50968e-06 8.84751e-05 0.00102347 0.00698356 0.0281598 0.0677154 0.101332 0.111178 0.123499 0.146534 0.149371 0.123612 0.0819069 0.0403503 0.0140415 0.00347852 0.00062945 8.3187e-05 7.80969e-06 5.03854e-07 2.17413e-08 6.14264e-10 1.11703e-11 1.28921e-13
 2.232e-07 7.02883e-06 0.000130503 0.00142867 0.00922515 0.0351952 0.0799958 0.11263 0.1146 0.117378 0.134581 0.140659 0.121434 0.080503 0.03745 0.0117696 0.002558 0.00040345 4.72958e-05 4.03985e-06 2.41438e-07 9.72826e-09 2.5702e-10 4.36267e-12 4.6864e-14
 2.91389e-07 8.68455e-06 0.000152606 0.00158125 0.00966663 0.0349616 0.0758019 0.104567 0.112745 0.129115 0.150132 0.145945 0.115521 0.0724903 0.0334566 0.0108938 0.0025033 0.000407457 4.64706e-05 3.65525e-06 1.95837e-07 7.06017e-09 1.68498e-10 2.6117e-12 2.58171e-14
 3.95162e-07 1.11474e-05 0.000185406 0.00181841 0.0105239 0.036061 0.0743348 0.0989161 0.106948 0.12627 0.15035 0.151234 0.122909 0.0755862 0.0326633 0.00975318 0.00207354 0.00032239 3.62318e-05 2.83277e-06 1.48494e-07 5.09019e-09 1.12363e-10 1.58147e-12 1.40841e-14
 5.5322e-07 1.4773e-05 0.000232594 0.00215958 0.011835 0.0384458 0.0755326 0.0978192 0.107861 0.131094 0.154432 0.151302 0.119124 0.0704996 0.0292636 0.008399 0.00170694 0.000250373 2.62926e-05 1.92648e-06 9.57321e-08 3.14397e-09 6.67163e-11 8.9822e-13 7.56918e-15
 7.49632e-07 1.89517e-05 0.000282498 0.00248345 0.0128907 0.0397282 0.0745963 0.0949025 0.10833 0.136242 0.159642 0.153522 0.117174 0.0660049 0.0257523 0.0069141 0.00131529 0.000181047 1.78448e-05 1.22271e-06 5.65478e-08 1.72431e-09 3.4025e-11 4.27807e-13 3.38338e-15
 1.03114e-06 2.46833e-05 0.000348389 0.00290022 0.0142605 0.0416998 0.0748114 0.0932018 0.108405 0.138221 0.160836 0.153501 0.115636 0.0638016 0.0244478 0.00649955 0.00122366 0.000164091 1.54204e-05 9.91498e-07 4.26804e-08 1.2069e-09 2.20383e-11 2.56016e-13 1.86899e-15
#pred catch len freq
 1.95045e-13 2.11797e-11 1.35598e-09 5.11896e-08 1.14007e-06 1.50195e-05 0.000118616 0.000597717 0.00238691 0.0101027 0.0396933 0.10789 0.183051 0.198663 0.157289 0.110785 0.0741611 0.0454957 0.0266844 0.0158675 0.00993638 0.00680523 0.00501872 0.0035018 0.00193696
 1.00897e-13 1.09563e-11 7.01469e-10 2.64843e-08 5.90207e-07 7.79981e-06 6.25557e-05 0.00033705 0.00161736 0.00832735 0.0353932 0.0981979 0.168423 0.18712 0.156815 0.120606 0.0882718 0.0584114 0.0349749 0.0191964 0.0101079 0.00555333 0.00336644 0.00209617 0.00111397
 2.58363e-13 2.80552e-11 1.79615e-09 6.78008e-08 1.5094e-06 1.98435e-05 0.000155076 0.00074408 0.00250703 0.00808143 0.0272824 0.071808 0.125052 0.15053 0.149531 0.139383 0.116861 0.0860683 0.0568178 0.0332153 0.017105 0.00809366 0.00386204 0.00195272 0.000927676
 5.94111e-13 6.45135e-11 4.13025e-09 1.55905e-07 3.47036e-06 4.55945e-05 0.000355177 0.00167784 0.00530873 0.014875 0.0447877 0.11211 0.18456 0.191471 0.137302 0.0881837 0.0661244 0.0548248 0.0422497 0.0279914 0.0157164 0.00749871 0.00315516 0.00126691 0.000492469
 4.68355e-13 5.08579e-11 3.25603e-09 1.22909e-07 2.73634e-06 3.59807e-05 0.000281469 0.001357 0.00465614 0.015541 0.0535161 0.139616 0.230418 0.23345 0.153229 0.0767407 0.0373169 0.020331 0.0131316 0.0092667 0.00595146 0.00315405 0.00135806 0.000490453 0.000155956
 6.18479e-12 6.71594e-10 4.29961e-08 1.6229e-06 3.61159e-05 0.000473902 0.00366805 0.0167816 0.045856 0.0786406 0.101939 0.136665 0.180648 0.17741 0.122505 0.0687412 0.0357522 0.016702 0.0071769 0.00336477 0.00186417 0.0010437 0.000493255 0.000183348 5.374e-05
 9.67503e-12 1.05059e-09 6.72599e-08 2.53873e-06 5.64964e-05 0.000741296 0.00573641 0.0262144 0.0712192 0.118849 0.139485 0.15681 0.18361 0.164956 0.0934872 0.0316806 0.00634727 0.000750153 5.22762e-05 2.14787e-06 5.20331e-08 7.44681e-10 6.96167e-12 3.035e-13 8.16937e-14
 9.45444e-12 1.02664e-09 6.57264e-08 2.48085e-06 5.52084e-05 0.000724398 0.00560573 0.0256193 0.0696301 0.11642 0.137644 0.157004 0.185678 0.167314 0.0948849 0.0321584 0.00644317 0.00076149 5.30663e-05 2.18032e-06 5.28155e-08 7.54296e-10 6.35128e-12 3.15296e-14 9.22815e-17
 1.01905e-11 1.10656e-09 7.08433e-08 2.67399e-06 5.95063e-05 0.000780784 0.00604178 0.0276051 0.0749326 0.124525 0.143786 0.156357 0.178777 0.159447 0.0902212 0.0305641 0.0061232 0.000723662 5.04299e-05 2.072e-06 5.01916e-08 7.16822e-10 6.03574e-12 2.99632e-14 8.76969e-17
 1.09554e-11 1.18962e-09 7.61607e-08 2.87469e-06 6.39726e-05 0.00083938 0.00649491 0.0296689 0.0804429 0.132949 0.15017 0.155685 0.171606 0.151271 0.0853748 0.0289074 0.00579069 0.000684351 4.76903e-05 1.95943e-06 4.74649e-08 6.7788e-10 5.70784e-12 2.83354e-14 8.29327e-17
 1.23846e-11 1.34482e-09 8.60969e-08 3.24973e-06 7.23185e-05 0.000948872 0.00734164 0.0335251 0.0907394 0.148688 0.162098 0.154428 0.158205 0.135994 0.0763187 0.0258115 0.00516937 0.000610896 4.2571e-05 1.7491e-06 4.23697e-08 6.05112e-10 5.09513e-12 2.52937e-14 7.40302e-17
 1.25613e-11 1.364e-09 8.73247e-08 3.29608e-06 7.33498e-05 0.000962403 0.00744627 0.0340016 0.0920118 0.150633 0.163573 0.154273 0.156549 0.134107 0.0751996 0.0254289 0.00509259 0.000601818 4.19384e-05 1.72311e-06 4.17401e-08 5.9612e-10 5.01941e-12 2.49178e-14 7.293e-17
 1.194e-11 1.29655e-09 8.30061e-08 3.13307e-06 6.97223e-05 0.000914812 0.00707825 0.0323255 0.0875365 0.143792 0.158388 0.154819 0.162374 0.140747 0.0791358 0.0267745 0.00536264 0.000633745 4.41635e-05 1.81453e-06 4.39547e-08 6.27748e-10 5.28572e-12 2.62399e-14 7.67995e-17
 1.14238e-11 1.24049e-09 7.94171e-08 2.9976e-06 6.67078e-05 0.000875264 0.00677241 0.0309327 0.0838174 0.138107 0.154079 0.155273 0.167214 0.146264 0.0824068 0.0278927 0.00558706 0.000660278 4.60125e-05 1.8905e-06 4.5795e-08 6.54031e-10 5.50703e-12 2.73385e-14 8.0015e-17
 1.10418e-11 1.19901e-09 7.67618e-08 2.89738e-06 6.44775e-05 0.000846003 0.00654613 0.0299021 0.0810657 0.133901 0.150892 0.155609 0.170795 0.150347 0.084827 0.0287201 0.00575311 0.000679908 4.73806e-05 1.94671e-06 4.71567e-08 6.73478e-10 5.67078e-12 2.81514e-14 8.23942e-17
 1.0977e-11 1.19197e-09 7.63109e-08 2.88036e-06 6.40988e-05 0.000841035 0.00650771 0.0297271 0.0805985 0.133187 0.15035 0.155666 0.171403 0.15104 0.0852379 0.0288606 0.0057813 0.000683241 4.76129e-05 1.95626e-06 4.73879e-08 6.7678e-10 5.69858e-12 2.82894e-14 8.27981e-17
 1.27531e-11 1.38484e-09 8.86585e-08 3.34642e-06 7.447e-05 0.0009771 0.00755993 0.0345193 0.0933939 0.152746 0.165174 0.154104 0.154751 0.132056 0.0739841 0.0250134 0.00500919 0.000591958 4.12513e-05 1.69487e-06 4.10561e-08 5.86352e-10 4.93717e-12 2.45096e-14 7.17351e-17
 1.30558e-11 1.4177e-09 9.07628e-08 3.42584e-06 7.62376e-05 0.00100029 0.00773925 0.035336 0.0955746 0.156079 0.1677 0.153838 0.151913 0.128821 0.0720661 0.0243577 0.0048776 0.000576402 4.01671e-05 1.65033e-06 3.99771e-08 5.70941e-10 4.8074e-12 2.38654e-14 6.98497e-17
 1.34972e-11 1.46563e-09 9.3831e-08 3.54165e-06 7.88147e-05 0.0010341 0.00800072 0.0365268 0.0987541 0.16094 0.171383 0.15345 0.147775 0.124103 0.0692696 0.0234017 0.00468574 0.000553719 3.85863e-05 1.58537e-06 3.84037e-08 5.48471e-10 4.6182e-12 2.29261e-14 6.71006e-17
 1.35847e-11 1.47514e-09 9.44396e-08 3.56463e-06 7.93259e-05 0.00104081 0.00805258 0.036763 0.0993848 0.161904 0.172114 0.153373 0.146954 0.123168 0.068715 0.0232121 0.00464768 0.000549219 3.82727e-05 1.57249e-06 3.80916e-08 5.44014e-10 4.58067e-12 2.27398e-14 6.65553e-17
 1.45318e-11 1.57798e-09 1.01024e-07 3.81314e-06 8.48562e-05 0.00111336 0.00861365 0.0393183 0.106208 0.172333 0.180018 0.15254 0.138074 0.113045 0.062714 0.0211607 0.00423597 0.000500544 3.48804e-05 1.43311e-06 3.47154e-08 4.95795e-10 4.17466e-12 2.07242e-14 6.06562e-17
 1.48976e-11 1.6177e-09 1.03567e-07 3.90913e-06 8.69922e-05 0.00114138 0.00883036 0.0403052 0.108843 0.176362 0.183071 0.152218 0.134645 0.109135 0.0603963 0.0203683 0.00407695 0.000481744 3.35702e-05 1.37928e-06 3.34113e-08 4.77171e-10 4.01784e-12 1.99458e-14 5.83777e-17
 1.53658e-11 1.66855e-09 1.06822e-07 4.03199e-06 8.97263e-05 0.00117725 0.00910775 0.0415685 0.112216 0.181518 0.186979 0.151806 0.130255 0.10413 0.0574295 0.0193541 0.0038734 0.00045768 3.18932e-05 1.31037e-06 3.17421e-08 4.53332e-10 3.81712e-12 1.89493e-14 5.54612e-17
 1.5612e-11 1.69528e-09 1.08533e-07 4.09659e-06 9.11639e-05 0.00119611 0.0092536 0.0422328 0.11399 0.184229 0.189034 0.15159 0.127947 0.101499 0.0558695 0.0188208 0.00376637 0.000445027 3.10113e-05 1.27414e-06 3.08645e-08 4.40797e-10 3.71157e-12 1.84254e-14 5.39277e-17
 1.67285e-11 1.81651e-09 1.16295e-07 4.38955e-06 9.76832e-05 0.00128164 0.00991501 0.0452451 0.122033 0.196524 0.198351 0.150608 0.117479 0.0895654 0.0487955 0.0164025 0.00328103 0.000387648 2.70125e-05 1.10984e-06 2.68844e-08 3.83956e-10 3.23296e-12 1.60494e-14 4.69736e-17
 1.61053e-11 1.74885e-09 1.11963e-07 4.22604e-06 9.40445e-05 0.0012339 0.00954585 0.0435638 0.117544 0.189662 0.193151 0.151156 0.123322 0.0962259 0.0527438 0.0177523 0.00355192 0.000419674 2.92444e-05 1.20154e-06 2.91059e-08 4.15682e-10 3.5001e-12 1.73755e-14 5.0855e-17
 1.62937e-11 1.7693e-09 1.13272e-07 4.27547e-06 9.51444e-05 0.00124834 0.00965744 0.044072 0.118901 0.191736 0.194723 0.150991 0.121555 0.0942125 0.0515503 0.0173443 0.00347004 0.000409993 2.85697e-05 1.17382e-06 2.84344e-08 4.06091e-10 3.41934e-12 1.69746e-14 4.96817e-17
 1.69713e-11 1.84288e-09 1.17983e-07 4.45326e-06 9.91009e-05 0.00130024 0.0100589 0.0459001 0.123782 0.199198 0.200378 0.150395 0.115203 0.0869702 0.0472571 0.0158766 0.00317548 0.000375169 2.61428e-05 1.07411e-06 2.60189e-08 3.71594e-10 3.12887e-12 1.55326e-14 4.54613e-17
 1.65385e-11 1.79588e-09 1.14974e-07 4.33969e-06 9.65735e-05 0.00126708 0.00980244 0.0447323 0.120664 0.194432 0.196766 0.150775 0.119261 0.0915965 0.0499995 0.0168141 0.00336364 0.000397414 2.76931e-05 1.13781e-06 2.75619e-08 3.93631e-10 3.31442e-12 1.64538e-14 4.81573e-17
#obs catch len freq
 1.51878e-11 1.46734e-09 8.358e-08 2.80682e-06 5.55737e-05 0.000648767 0.00446671 0.0181631 0.0439591 0.0659074 0.0726354 0.084805 0.110829 0.127339 0.127269 0.114535 0.0894299 0.062 0.0398958 0.0228255 0.0105653 0.00363709 0.000874608 0.000140319 1.45246e-05
 1.55737e-11 1.45125e-09 7.9731e-08 2.58258e-06 4.93204e-05 0.000555368 0.00368895 0.0144879 0.0340642 0.0510365 0.061583 0.084123 0.117159 0.135069 0.135527 0.123942 0.0983727 0.0670339 0.0400918 0.02082 0.00884077 0.00282185 0.000629054 9.30861e-05 8.84629e-06
 1.51565e-12 1.35991e-10 7.19388e-09 2.24381e-07 4.12771e-06 4.48587e-05 0.000290543 0.00117282 0.0035426 0.0112961 0.0368448 0.0887981 0.141963 0.163209 0.158657 0.140117 0.108279 0.072494 0.0420707 0.0204684 0.00792072 0.00229202 0.000465873 6.3162e-05 5.50666e-06
 1.90865e-11 1.64621e-09 8.37111e-08 2.50969e-06 4.43608e-05 0.000462314 0.00284133 0.0103094 0.022217 0.0293828 0.028145 0.032577 0.0608294 0.119071 0.178771 0.189032 0.147193 0.0933951 0.0511491 0.0234625 0.00842811 0.00222472 0.00040918 5.02221e-05 3.97853e-06
 5.19856e-11 4.3035e-09 2.10039e-07 6.04395e-06 0.000102542 0.00102597 0.00606053 0.0212653 0.0457313 0.0691781 0.102591 0.163764 0.202948 0.163009 0.0894754 0.0478412 0.0351881 0.0263412 0.0155274 0.006944 0.00232977 0.000565236 9.46799e-05 1.05258e-05 7.54009e-07
 1.4284e-10 1.13328e-08 5.30105e-07 1.46193e-05 0.000237706 0.00227893 0.0128879 0.0430877 0.0861638 0.109251 0.109664 0.123073 0.142981 0.137414 0.108887 0.0699918 0.0337502 0.0128397 0.00483366 0.00187862 0.000603242 0.000138074 2.13392e-05 2.16362e-06 1.40651e-07
 2.73791e-10 2.07902e-08 9.30761e-07 2.45673e-05 0.000382313 0.0035079 0.0189828 0.0606736 0.115437 0.136044 0.117629 0.107872 0.113886 0.110735 0.0940249 0.0661642 0.0352413 0.0138529 0.00418949 0.00106042 0.00023997 4.56907e-05 6.38842e-06 5.9647e-07 3.55767e-08
 3.83811e-10 2.78582e-08 1.19214e-06 3.00774e-05 0.000447405 0.00392412 0.0203023 0.0620977 0.113606 0.131714 0.12049 0.122535 0.129071 0.113375 0.0844595 0.0542147 0.0280074 0.0112345 0.00349022 0.000828234 0.00014872 2.04355e-05 2.14589e-06 1.64438e-07 8.58747e-09
 5.5678e-10 3.85823e-08 1.57628e-06 3.79679e-05 0.000539199 0.00451514 0.0223049 0.0651773 0.114235 0.128514 0.118335 0.123645 0.130879 0.115628 0.0862185 0.0529842 0.024904 0.00889441 0.00251471 0.00056405 9.56543e-05 1.16766e-05 9.99168e-07 5.92843e-08 2.41321e-09
 9.10915e-10 6.01951e-08 2.34522e-06 5.38698e-05 0.00072955 0.00582575 0.0274438 0.0764589 0.127648 0.136184 0.117556 0.115594 0.119443 0.107132 0.0819493 0.0504253 0.023129 0.0078764 0.00206014 0.000417749 6.40139e-05 7.12589e-06 5.53629e-07 2.9027e-08 1.00333e-09
 1.47954e-09 9.31381e-08 3.45674e-06 7.56392e-05 0.000975834 0.00742329 0.0333145 0.0884449 0.14088 0.144167 0.121003 0.115982 0.114856 0.0976647 0.0703401 0.0405129 0.0172975 0.00545707 0.0013184 0.000245773 3.42892e-05 3.44233e-06 2.40351e-07 1.13355e-08 3.52098e-10
 2.07972e-09 1.24593e-07 4.40069e-06 9.16411e-05 0.00112515 0.00814605 0.0348026 0.0880749 0.134621 0.136074 0.12096 0.123974 0.12266 0.101142 0.0697896 0.0379552 0.0150779 0.00436216 0.000955711 0.000160966 2.03071e-05 1.84372e-06 1.1618e-07 4.93056e-09 1.37544e-10
 3.24033e-09 1.84572e-07 6.19843e-06 0.000122727 0.00143268 0.0098623 0.0400646 0.0964362 0.14038 0.135877 0.117283 0.118338 0.117474 0.0994057 0.0693187 0.0363781 0.0133743 0.00346852 0.000667711 9.84973e-05 1.09596e-05 8.84177e-07 4.97724e-08 1.89371e-09 4.74557e-11
 4.19713e-09 2.27115e-07 7.24567e-06 0.000136287 0.00151145 0.00988563 0.0381799 0.0876446 0.123552 0.122994 0.120921 0.133819 0.131981 0.107174 0.071054 0.0353043 0.0122526 0.00297758 0.000527706 6.98972e-05 6.84142e-06 4.81312e-07 2.36659e-08 7.91739e-10 1.75726e-11
 6.23964e-09 3.20503e-07 9.70608e-06 0.000173301 0.00182441 0.0113273 0.0415346 0.0905817 0.121689 0.116823 0.113353 0.126293 0.129708 0.11255 0.0778311 0.0389204 0.0134525 0.00327077 0.000577321 7.42979e-05 6.82658e-06 4.37218e-07 1.91504e-08 5.63781e-10 1.09646e-11
 8.12735e-09 3.96003e-07 1.1376e-05 0.000192675 0.00192417 0.0113353 0.0394759 0.0821777 0.107858 0.1092 0.119963 0.140081 0.140479 0.116881 0.0772631 0.0371002 0.0124653 0.00299191 0.000526298 6.73787e-05 6.09172e-06 3.77428e-07 1.56612e-08 4.27497e-10 7.56635e-12
 1.43666e-08 6.63613e-07 1.80724e-05 0.000290177 0.00274717 0.0153405 0.0506199 0.0996214 0.122335 0.112308 0.110666 0.124738 0.129512 0.112171 0.0734921 0.0332931 0.0102293 0.00221621 0.00035525 4.25042e-05 3.67466e-06 2.20105e-07 8.83067e-09 2.31542e-10 3.89724e-12
 2.22329e-08 9.73072e-07 2.51093e-05 0.000382009 0.00342691 0.0181357 0.0567612 0.106383 0.126664 0.118782 0.122454 0.132766 0.12401 0.0961832 0.0584968 0.0256319 0.00786721 0.00172282 0.000273456 3.11699e-05 2.4975e-06 1.37825e-07 5.13404e-09 1.26309e-10 2.0094e-12
 3.16493e-08 1.31195e-06 3.20637e-05 0.00046202 0.00392566 0.0196809 0.0584027 0.104214 0.120279 0.114784 0.123572 0.135842 0.127753 0.098911 0.0585642 0.024563 0.0072153 0.00153021 0.000238497 2.68206e-05 2.10149e-06 1.11302e-07 3.89898e-09 8.88936e-11 1.30221e-12
 4.74453e-08 1.86212e-06 4.30889e-05 0.000587864 0.00472942 0.0224535 0.063145 0.107158 0.11935 0.113858 0.124104 0.135751 0.12687 0.096729 0.0553419 0.0221881 0.00621963 0.00125972 0.000187538 2.01696e-05 1.51622e-06 7.72399e-08 2.59951e-09 5.66173e-11 7.85255e-13
 7.52179e-08 2.79444e-06 6.12082e-05 0.000790463 0.00601982 0.027057 0.072075 0.11614 0.124012 0.115781 0.123938 0.131719 0.1196 0.0883823 0.0488903 0.0190651 0.00525048 0.00104719 0.000151907 1.56791e-05 1.11886e-06 5.38407e-08 1.71001e-09 3.51727e-11 4.61047e-13
 1.07807e-07 3.79066e-06 7.85822e-05 0.0009605 0.00692363 0.0294664 0.0744593 0.114782 0.121129 0.118651 0.131612 0.136829 0.118712 0.0828976 0.042965 0.0156336 0.00402472 0.000756824 0.000104666 1.03654e-05 7.08867e-07 3.24821e-08 9.74909e-10 1.88344e-11 2.3102e-13
 1.77572e-07 5.90886e-06 0.000115924 0.00134094 0.00914757 0.0368423 0.0880861 0.12835 0.127515 0.117069 0.123716 0.126424 0.109658 0.0758043 0.0383036 0.013534 0.00338488 0.000614307 8.08988e-05 7.54877e-06 4.84898e-07 2.0898e-08 5.90839e-10 1.0749e-11 1.23889e-13
 2.33037e-07 7.33863e-06 0.000136255 0.00149165 0.00963215 0.036754 0.0836038 0.118111 0.121459 0.125514 0.140178 0.136973 0.109577 0.0698064 0.0328064 0.0108744 0.00257096 0.000443849 5.57314e-05 4.94388e-06 2.99942e-07 1.21232e-08 3.19812e-10 5.41578e-12 5.80812e-14
 3.75993e-07 1.1206e-05 0.000196912 0.00204018 0.0124678 0.0450157 0.0968066 0.128783 0.123181 0.118034 0.128167 0.128916 0.107314 0.0679614 0.0299952 0.00894446 0.00185178 0.000278893 3.11379e-05 2.51793e-06 1.41612e-07 5.34432e-09 1.31775e-10 2.08178e-12 2.07689e-14
 5.01376e-07 1.41436e-05 0.000235237 0.00230703 0.0133485 0.0456863 0.0936552 0.121652 0.122009 0.129131 0.14138 0.131943 0.100847 0.0607013 0.0266984 0.00827171 0.00180787 0.000279255 3.01225e-05 2.23386e-06 1.12512e-07 3.80115e-09 8.47322e-11 1.22295e-12 1.12292e-14
 6.92423e-07 1.84902e-05 0.000291114 0.0027027 0.0148056 0.0480059 0.0934937 0.116737 0.116323 0.125986 0.141301 0.136508 0.106633 0.0625268 0.0256584 0.00728713 0.00147723 0.000218675 2.3272e-05 1.71285e-06 8.41484e-08 2.69487e-09 5.54476e-11 7.26e-13 6.00443e-15
 9.82364e-07 2.48354e-05 0.000370191 0.00325397 0.0168805 0.0518817 0.0961939 0.116333 0.116969 0.129563 0.143649 0.135065 0.102051 0.0575293 0.0226693 0.00618411 0.00119631 0.000166764 1.65738e-05 1.14383e-06 5.33057e-08 1.63562e-09 3.23288e-11 4.04453e-13 3.16146e-15
 1.32893e-06 3.18117e-05 0.000448989 0.0037372 0.0183646 0.0535455 0.094811 0.112314 0.116598 0.134253 0.148649 0.137215 0.100305 0.0537245 0.0198801 0.00507148 0.000918262 0.000120095 1.11953e-05 7.21922e-07 3.12913e-08 8.91227e-10 1.63802e-11 1.91385e-13 1.40387e-15
#spawning biomass
 8451.91 7441.7 5938.93 6047.33 8311.63 13314.1 18522.1 23357.6 34288.6 41910.8 52699.5 79584.8 108298 122745 131409 117526 117806 100118 105332 101969 108782 105204 100373 112582 115822 128271 124884 132362 117879 106784 226481 251417 243337 218777 189682 162620 140250 123013 110327 101285 94985.7 90670.2 87750.8 85784.3 84446.9 83579.5 83016.8 82651.9 82415.2 82261.7 82162.1 82097.5 82055.6 82028.4 82010.8 81999.3 81991.9 81987.1 81984 81982 81980.7 81979.8 81979.3 81978.9 81978.7 81978.5 81978.4 81978.4 81978.3 81978.3 81978.3 81978.3 81978.3 81978.2 81978.2 81978.2 81978.2 81978.2 81978.2 81978.2 81978.2 81978.2 81978.2 81978.2 81978.2 81978.2 81978.2 81978.2 81978.2 81978.2 81978.2 81978.2 81978.2 81978.2 81978.2 81978.2 81978.2 81978.2 81978.2 81978.2 81978.2 81978.2 81978.2 81978.2 81978.2 81978.2 81978.2 81978.2 81978.2 81978.2 81978.2 81978.2 81978.2 81978.2 81978.2 81978.2 81978.2 81978.2 81978.2 81978.2 81978.2 81978.2 81978.2 81978.2 81978.2 81978.2 81978.2 81978.2 81978.2 0 0 0 0 0 0 0 0 0 0 0 0 0 0 0 0 0 0 0 0 0 0 0 0 0
