SBPRF35
0.819782
Curr Bio
194196
B35
1.52993e+06
F35
0.232464
FOFL
0
OFL
0
Bzero
234224
#pred survey bio
 25404.5 24175.5 22174.2 24034.6 36052.6 50252.9 70838.1 95293.8 139005 156522 193518 213045 229005 264281 264959 281186 272776 266317 268510 290288 288704 290591 307830 276448 272685 327621 302195 233303 4.49403e+06 7.25355e+06 8.10927e+06 7.82329e+06 6.97129e+06 5.9578e+06 5.0069e+06 4.21118e+06 3.58797e+06 3.11961e+06 2.77676e+06 2.5298e+06 2.35353e+06 2.22814e+06 2.13839e+06 2.07179e+06 2.02485e+06 1.99134e+06 1.96707e+06 1.94927e+06 1.93602e+06 1.92604e+06 1.91842e+06 1.91255e+06 1.90797e+06 1.90437e+06 1.90153e+06 1.89926e+06 1.89745e+06 1.89599e+06 1.89481e+06 1.89386e+06 1.89309e+06 1.89246e+06 1.89195e+06 1.89153e+06 1.89119e+06 1.89092e+06 1.89069e+06 1.8905e+06 1.89035e+06 1.89023e+06 1.89013e+06 1.89005e+06 1.88998e+06 1.88992e+06 1.88988e+06 1.88984e+06 1.88981e+06 1.88978e+06 1.88976e+06 1.88975e+06 1.88973e+06 1.88972e+06 1.88971e+06 1.88971e+06 1.8897e+06 1.8897e+06 1.88969e+06 1.88969e+06 1.88968e+06 1.88968e+06 1.88968e+06 1.88968e+06 1.88968e+06 1.88968e+06 1.88968e+06 1.88968e+06 1.88968e+06 1.88967e+06 1.88967e+06 1.88967e+06 1.88967e+06 1.88967e+06 1.88967e+06 1.88967e+06 1.88967e+06 1.88967e+06 1.88967e+06 1.88967e+06 1.88967e+06 1.88967e+06 1.88967e+06 1.88967e+06 1.88967e+06 1.88967e+06 1.88967e+06 1.88967e+06 1.88967e+06 1.88967e+06 1.88967e+06 1.88967e+06 1.88967e+06 1.88967e+06 1.88967e+06 1.88967e+06 1.88967e+06 1.88967e+06 1.88967e+06 1.88967e+06 0 0 0 0 0 0 0 0 0 0 0 0 0 0 0 0 0 0 0 0 0 0 0 0 0
#obs survey bio
 23794.8 19394.5 21496.4 25134 47299.8 32088.7 57236.4 85385.4 120043 179806 145316 150605 137934 187538 166294 181551 223683 173212 219705 271583 250147 178505 280903 162184 212744 362680 345490 155747
#pred catch bio
 12117.4 13284.7 12106.9 11511.1 23689.5 33786.3 49880.5 61432.7 102889 110927 142132 162383 164752 201560 197983 220701 212831 212781 207413 229809 235712 231627 255905 226957 219485 278279 260288 212864 0 63687.4 71089.4 67780.4 59445.4 49818 40943.9 33639.8 28024.2 23896.8 20956.8 18909.2 17506.7 16557.9 15920 15485.5 15203.6 15020.6 14901.9 14824.9 14774.9 14742.4 14721.4 14707.7 14698.9 14693.1 14689.4 14687 14685.4 14684.4 14683.7 14683.3 14683 14682.8 14682.7 14682.6 14682.6 14682.5 14682.5 14682.5 14682.5 14682.5 14682.5 14682.5 14682.5 14682.5 14682.5 14682.5 14682.5 14682.5 14682.5 14682.5 14682.5 14682.5 14682.5 14682.5 14682.5 14682.5 14682.5 14682.5 14682.5 14682.5 14682.5 14682.5 14682.5 14682.5 14682.5 14682.5 14682.5 14682.5 14682.5 14682.5 14682.5 14682.5 14682.5 14682.5 14682.5 14682.5 14682.5 14682.5 14682.5 14682.5 14682.5 14682.5 14682.5 14682.5 14682.5 14682.5 14682.5 14682.5 14682.5 14682.5 14682.5 14682.5 14682.5 14682.5 14682.5 14682.5 14682.5 14682.5 0 0 0 0 0 0 0 0 0 0 0 0 0 0 0 0 0 0 0 0 0 0 0 0 0
#obs catch bio
 15384.5 13319.4 16031.1 9761.03 19712.5 32541.4 44362.8 51333.3 97414.2 96202.4 144233 154251 163820 202385 199366 225029 199416 207392 203433 201918 214066 226914 232445 218256 181391 244474 222568 189402
#pred cpue bio
 19648.2 20116.9 15862.6 16814.7 21096.7 25721.5 35023.6 45042.6 71943.5 77844.7 97775.6 110610 110013 138247 135774 144554 132443 131574 118851 134988 134221 119848 132923 119256 113023 121368 117596 100313 1.30998e+06 7.0898e+06 7.9866e+06 7.69962e+06 6.84759e+06 5.8341e+06 4.8832e+06 4.08748e+06 3.46427e+06 2.99591e+06 2.65305e+06 2.4061e+06 2.22982e+06 2.10444e+06 2.01469e+06 1.94809e+06 1.90115e+06 1.86763e+06 1.84337e+06 1.82557e+06 1.81232e+06 1.80234e+06 1.79472e+06 1.78885e+06 1.78427e+06 1.78067e+06 1.77783e+06 1.77556e+06 1.77375e+06 1.77229e+06 1.77111e+06 1.77016e+06 1.76939e+06 1.76876e+06 1.76825e+06 1.76783e+06 1.76749e+06 1.76722e+06 1.76699e+06 1.7668e+06 1.76665e+06 1.76653e+06 1.76643e+06 1.76635e+06 1.76628e+06 1.76622e+06 1.76618e+06 1.76614e+06 1.76611e+06 1.76608e+06 1.76606e+06 1.76605e+06 1.76603e+06 1.76602e+06 1.76601e+06 1.76601e+06 1.766e+06 1.76599e+06 1.76599e+06 1.76599e+06 1.76598e+06 1.76598e+06 1.76598e+06 1.76598e+06 1.76598e+06 1.76598e+06 1.76598e+06 1.76598e+06 1.76597e+06 1.76597e+06 1.76597e+06 1.76597e+06 1.76597e+06 1.76597e+06 1.76597e+06 1.76597e+06 1.76597e+06 1.76597e+06 1.76597e+06 1.76597e+06 1.76597e+06 1.76597e+06 1.76597e+06 1.76597e+06 1.76597e+06 1.76597e+06 1.76597e+06 1.76597e+06 1.76597e+06 1.76597e+06 1.76597e+06 1.76597e+06 1.76597e+06 1.76597e+06 1.76597e+06 1.76597e+06 1.76597e+06 1.76597e+06 1.76597e+06 1.76597e+06 0 0 0 0 0 0 0 0 0 0 0 0 0 0 0 0 0 0 0 0 0 0 0 0 0
#obs cpue bio
 21108.3 18220.7 11217.5 19925.1 31603.5 41292.4 67697.7 91348.8 127777 111707 119642 206568 152123 220808 196592 241886 214439 219531 161568 250549 237212 190468 237650 222467 319896 199044 192725 227434
#pred surv len freq
 1.15569e-11 1.25439e-09 8.0281e-08 3.02956e-06 6.74117e-05 0.000884491 0.00684407 0.0312542 0.0845399 0.137932 0.147435 0.133552 0.132023 0.118614 0.0814109 0.0476535 0.0279249 0.0166344 0.0102323 0.00675955 0.00490268 0.00395026 0.00334583 0.00255292 0.00148347
 8.94195e-12 9.70562e-10 6.21159e-08 2.34406e-06 5.21588e-05 0.000684378 0.00529626 0.0242009 0.0656664 0.108792 0.123978 0.131439 0.150127 0.143395 0.102615 0.0629229 0.0369172 0.020071 0.0103154 0.00539586 0.00305453 0.00197913 0.00145185 0.00104228 0.000600437
 1.32688e-11 1.4402e-09 9.21724e-08 3.4783e-06 7.73967e-05 0.00101549 0.00785717 0.0358684 0.0968522 0.156664 0.161162 0.13054 0.11401 0.100381 0.0748377 0.0508213 0.0327615 0.0188481 0.00967533 0.00454772 0.00204367 0.000973846 0.000544051 0.000334701 0.000181695
 1.28371e-11 1.39335e-09 8.9174e-08 3.36515e-06 7.48792e-05 0.000982467 0.0076021 0.0347138 0.0938696 0.152927 0.162386 0.144262 0.138684 0.119742 0.0744727 0.0355125 0.0167631 0.00896614 0.00489064 0.00241913 0.00104556 0.000410379 0.000163968 7.43714e-05 3.43937e-05
 1.59358e-11 1.72968e-09 1.10699e-07 4.17745e-06 9.29536e-05 0.00121959 0.00943606 0.043068 0.116181 0.187028 0.188152 0.141273 0.109445 0.0874322 0.0572393 0.0313702 0.0158916 0.00716489 0.00293218 0.00123487 0.000528466 0.000204876 6.98719e-05 2.28775e-05 7.78928e-06
 1.67864e-11 1.82201e-09 1.16608e-07 4.40043e-06 9.79151e-05 0.00128469 0.00993978 0.0453682 0.122402 0.197164 0.198906 0.150592 0.116898 0.0889214 0.0484462 0.0162979 0.00326357 0.000386101 2.69678e-05 1.12089e-06 3.12116e-08 1.80918e-09 4.50521e-10 1.25801e-10 3.20605e-11
 1.71516e-11 1.86164e-09 1.19145e-07 4.49615e-06 0.000100045 0.00131264 0.0101559 0.0463526 0.125031 0.201186 0.201957 0.150276 0.113476 0.0850163 0.0461291 0.0155048 0.00310414 0.000367168 2.56179e-05 1.054e-06 2.55708e-08 3.65784e-10 3.08526e-12 1.53449e-14 4.50042e-17
 1.75933e-11 1.90959e-09 1.22213e-07 4.61195e-06 0.000102622 0.00134644 0.0104173 0.0475436 0.128212 0.206051 0.205648 0.149893 0.109337 0.0802921 0.0433261 0.0145457 0.00291144 0.000344359 2.40263e-05 9.88517e-07 2.39821e-08 3.43057e-10 2.89356e-12 1.43913e-14 4.22026e-17
 1.66643e-11 1.80875e-09 1.1576e-07 4.3684e-06 9.72025e-05 0.00127534 0.00986748 0.0450388 0.121522 0.195819 0.197885 0.150698 0.118043 0.0902281 0.0492214 0.016563 0.00331673 0.000392331 2.73739e-05 1.12625e-06 2.73236e-08 3.90857e-10 3.29674e-12 1.63967e-14 4.80845e-17
 1.7091e-11 1.85507e-09 1.18724e-07 4.48027e-06 9.96917e-05 0.001308 0.01012 0.0461893 0.124595 0.200519 0.201451 0.150328 0.114044 0.0856641 0.0465135 0.0156364 0.00313057 0.000370296 2.58362e-05 1.06298e-06 2.57887e-08 3.68901e-10 3.11154e-12 1.54755e-14 4.53819e-17
 1.69257e-11 1.83712e-09 1.17575e-07 4.43693e-06 9.87273e-05 0.00129535 0.0100222 0.0457436 0.123404 0.198698 0.200069 0.150471 0.115593 0.0874323 0.0475626 0.0159954 0.00320269 0.000378833 2.64319e-05 1.0875e-06 2.63834e-08 3.77407e-10 3.18329e-12 1.58323e-14 4.64283e-17
 1.66294e-11 1.80496e-09 1.15517e-07 4.35926e-06 9.6999e-05 0.00127267 0.00984683 0.0449447 0.121271 0.195435 0.197594 0.150728 0.11837 0.0906012 0.0494428 0.0166387 0.00333195 0.000394133 2.74996e-05 1.13142e-06 2.74491e-08 3.92652e-10 3.31187e-12 1.64718e-14 4.83038e-17
 1.74382e-11 1.89274e-09 1.21135e-07 4.57127e-06 0.000101717 0.00133457 0.0103255 0.0471253 0.127095 0.204342 0.204351 0.150027 0.110791 0.0819515 0.0443106 0.0148826 0.00297912 0.00035237 2.45853e-05 1.01152e-06 2.45401e-08 3.5104e-10 2.96089e-12 1.47262e-14 4.31847e-17
 1.65448e-11 1.79578e-09 1.14929e-07 4.33708e-06 9.65055e-05 0.0012662 0.00979676 0.0447166 0.120661 0.194503 0.196887 0.150802 0.119163 0.091506 0.0499797 0.0168224 0.00336886 0.000398501 2.78044e-05 1.14397e-06 2.77534e-08 3.97005e-10 3.34859e-12 1.66544e-14 4.88392e-17
 1.67738e-11 1.82064e-09 1.16521e-07 4.39712e-06 9.78415e-05 0.00128373 0.00993232 0.0453341 0.122311 0.197025 0.1988 0.150603 0.117016 0.0890564 0.0485262 0.0163251 0.00326894 0.000386674 2.69791e-05 1.11001e-06 2.69296e-08 3.8522e-10 3.24919e-12 1.61601e-14 4.73895e-17
 1.67386e-11 1.81681e-09 1.16276e-07 4.38789e-06 9.7636e-05 0.00128103 0.00991146 0.0452391 0.122057 0.196637 0.198506 0.150634 0.117346 0.0894332 0.0487498 0.0164016 0.00328431 0.000388494 2.71061e-05 1.11523e-06 2.70563e-08 3.87033e-10 3.26448e-12 1.62361e-14 4.76126e-17
 1.73338e-11 1.88142e-09 1.2041e-07 4.54391e-06 0.000101108 0.00132658 0.0102637 0.0468439 0.126343 0.203193 0.203479 0.150118 0.111769 0.0830677 0.044973 0.0151092 0.00302466 0.00035776 2.49614e-05 1.02699e-06 2.49155e-08 3.5641e-10 3.00619e-12 1.49515e-14 4.38453e-17
 1.71592e-11 1.86246e-09 1.19197e-07 4.49814e-06 0.000100089 0.00131322 0.0101604 0.0463731 0.125086 0.20127 0.20202 0.150269 0.113405 0.0849352 0.046081 0.0154884 0.00310083 0.000366776 2.55906e-05 1.05288e-06 2.55436e-08 3.65394e-10 3.08196e-12 1.53284e-14 4.49505e-17
 1.81792e-11 1.97318e-09 1.26283e-07 4.76553e-06 0.000106039 0.00139127 0.0107641 0.0491231 0.132431 0.212504 0.210543 0.149385 0.103847 0.0740265 0.0396084 0.0132736 0.00265586 0.000314107 2.19153e-05 9.01661e-07 2.18749e-08 3.12914e-10 2.63931e-12 1.31268e-14 3.84945e-17
 1.77453e-11 1.92608e-09 1.23269e-07 4.65178e-06 0.000103508 0.00135807 0.0105073 0.0479532 0.129306 0.207725 0.206917 0.149761 0.107913 0.0786672 0.0423619 0.0142158 0.00284516 0.000336513 2.34788e-05 9.65992e-07 2.34356e-08 3.3524e-10 2.82762e-12 1.40634e-14 4.1241e-17
 1.77473e-11 1.9263e-09 1.23283e-07 4.65232e-06 0.00010352 0.00135822 0.0105085 0.0479588 0.129321 0.207747 0.206934 0.149759 0.107894 0.0786452 0.0423489 0.0142113 0.00284426 0.000336407 2.34714e-05 9.65687e-07 2.34282e-08 3.35134e-10 2.82673e-12 1.40589e-14 4.1228e-17
 1.87416e-11 2.03422e-09 1.30189e-07 4.91295e-06 0.000109319 0.00143431 0.0110969 0.0506393 0.136481 0.218698 0.215242 0.148897 0.0985768 0.0680121 0.0360399 0.0120525 0.00241053 0.000285068 1.98889e-05 8.18289e-07 1.98522e-08 2.8398e-10 2.39527e-12 1.1913e-14 3.49351e-17
 1.83837e-11 1.99538e-09 1.27704e-07 4.81915e-06 0.000107232 0.00140693 0.0108851 0.0496746 0.133904 0.214757 0.212252 0.149207 0.10193 0.0718387 0.0383104 0.0128294 0.00256662 0.000303544 2.11782e-05 8.71335e-07 2.11391e-08 3.0239e-10 2.55054e-12 1.26853e-14 3.71998e-17
 1.83916e-11 1.99623e-09 1.27758e-07 4.8212e-06 0.000107278 0.00140752 0.0108898 0.0496957 0.133961 0.214843 0.212317 0.149201 0.101856 0.071755 0.0382607 0.0128124 0.0025632 0.00030314 2.115e-05 8.70174e-07 2.1111e-08 3.01987e-10 2.54715e-12 1.26684e-14 3.71502e-17
 1.87041e-11 2.03015e-09 1.29929e-07 4.90313e-06 0.000109101 0.00143144 0.0110748 0.0505384 0.136212 0.218285 0.214929 0.14893 0.0989276 0.0684124 0.0362774 0.0121338 0.00242686 0.000287002 2.00238e-05 8.23839e-07 1.99869e-08 2.85906e-10 2.41151e-12 1.19938e-14 3.5172e-17
 1.9482e-11 2.11459e-09 1.35333e-07 5.10706e-06 0.000113638 0.00149097 0.0115352 0.0526358 0.141814 0.226853 0.221429 0.148255 0.0916378 0.0600927 0.031341 0.0104446 0.00208749 0.000246832 1.72208e-05 7.0851e-07 1.71889e-08 2.45882e-10 2.07392e-12 1.03148e-14 3.02482e-17
 1.9158e-11 2.07942e-09 1.33083e-07 5.02212e-06 0.000111748 0.00146618 0.0113434 0.0517622 0.13948 0.223285 0.218722 0.148536 0.094674 0.0635579 0.033397 0.0111482 0.00222884 0.000263563 1.83882e-05 7.56544e-07 1.83542e-08 2.62552e-10 2.21453e-12 1.10141e-14 3.2299e-17
 1.84181e-11 1.99911e-09 1.27943e-07 4.82816e-06 0.000107432 0.00140956 0.0109055 0.0497673 0.134152 0.215135 0.212539 0.149177 0.101608 0.0714712 0.0380923 0.0127548 0.00255163 0.00030177 2.10544e-05 8.66241e-07 2.10156e-08 3.00622e-10 2.53563e-12 1.26111e-14 3.69823e-17
#obs surv len freq
 3.58079e-11 3.31855e-09 1.81345e-07 5.84319e-06 0.000111016 0.00124373 0.00821803 0.0320617 0.0742924 0.105411 0.104975 0.103975 0.12017 0.129253 0.120772 0.0962192 0.0599594 0.0284094 0.0106819 0.003275 0.000797851 0.000147018 1.95183e-05 1.79122e-06 1.10002e-07
 2.11505e-11 1.89055e-09 9.9642e-08 3.09661e-06 5.67454e-05 0.000613243 0.00391109 0.0147759 0.0337202 0.0509893 0.0682828 0.104781 0.14932 0.169242 0.160181 0.124906 0.0732745 0.0316234 0.0106267 0.0029211 0.000647187 0.000109739 1.35108e-05 1.15553e-06 6.62746e-08
 1.46453e-10 1.26042e-08 6.3962e-07 1.91388e-05 0.000337671 0.00351287 0.0215492 0.0779586 0.166451 0.210605 0.161515 0.0849934 0.0500951 0.0527247 0.0618559 0.0547098 0.0332692 0.014302 0.00464212 0.00118366 0.000235617 3.55804e-05 3.92953e-06 3.04821e-07 1.59977e-08
 1.15689e-10 9.57098e-09 4.66883e-07 1.34291e-05 0.000227762 0.00227796 0.0134409 0.0468943 0.0979066 0.129721 0.135601 0.153903 0.168198 0.131856 0.0704811 0.0298084 0.012322 0.00502778 0.00174858 0.00046669 9.13278e-05 1.28577e-05 1.28217e-06 8.8706e-08 4.15533e-09
 1.96224e-10 1.55811e-08 7.29507e-07 2.01395e-05 0.000327837 0.00314683 0.0178146 0.0595373 0.118079 0.142758 0.11915 0.0980873 0.102738 0.111953 0.105603 0.0742167 0.0343917 0.0100095 0.00187557 0.000255568 3.09993e-05 3.5301e-06 3.22161e-07 2.06513e-08 8.81879e-10
 3.37748e-10 2.57035e-08 1.1534e-06 3.05177e-05 0.000476121 0.00438019 0.0237671 0.0761524 0.144988 0.169335 0.139461 0.114182 0.107018 0.0910072 0.0653195 0.0390443 0.0176814 0.00565908 0.00127145 0.000201902 2.24961e-05 1.76496e-06 1.01885e-07 4.5649e-09 1.5677e-10
 4.06052e-10 2.95765e-08 1.27028e-06 3.2169e-05 0.000480366 0.00422994 0.0219733 0.0674772 0.123827 0.143221 0.128185 0.125336 0.128693 0.110518 0.0779594 0.0441348 0.0179867 0.00490688 0.00090465 0.000120509 1.23329e-05 9.60896e-07 5.36821e-08 2.0468e-09 5.2383e-11
 6.38058e-10 4.44259e-08 1.82389e-06 4.4152e-05 0.000630224 0.00530473 0.0263395 0.0772919 0.135339 0.148343 0.123312 0.11194 0.113957 0.104548 0.0805195 0.0474344 0.0190639 0.00496868 0.000851547 0.000101104 8.77786e-06 5.68671e-07 2.7113e-08 9.2583e-10 2.19221e-11
 8.68931e-10 5.77634e-08 2.26416e-06 5.233e-05 0.000713167 0.00573159 0.0271793 0.076262 0.128472 0.139323 0.124185 0.125159 0.127347 0.108138 0.0757738 0.0413025 0.0156876 0.00393022 0.00065705 7.66311e-05 6.44944e-06 3.90785e-07 1.66675e-08 4.91274e-10 9.89478e-12
 1.20709e-09 7.65261e-08 2.86067e-06 6.30546e-05 0.00081953 0.00628158 0.0284129 0.0761035 0.12285 0.129819 0.117809 0.123612 0.129702 0.115327 0.0838005 0.0450896 0.0160993 0.00363272 0.000521397 4.98828e-05 3.40666e-06 1.74203e-07 6.62114e-09 1.79253e-10 3.31599e-12
 1.87632e-09 1.13325e-07 4.03585e-06 8.47485e-05 0.00104937 0.00766287 0.0330242 0.0843124 0.129983 0.132264 0.117812 0.122085 0.125841 0.110247 0.0782532 0.0404032 0.0136627 0.00289228 0.000384422 3.3241e-05 1.97373e-06 8.41397e-08 2.60007e-09 5.72647e-11 8.80807e-13
 2.78846e-09 1.6029e-07 5.43298e-06 0.000108582 0.00127963 0.00889395 0.0364909 0.0887966 0.131221 0.130975 0.119845 0.126703 0.127383 0.106918 0.0722011 0.0353102 0.0112948 0.00226398 0.000285573 2.34738e-05 1.32024e-06 5.25643e-08 1.47971e-09 2.87915e-11 3.79582e-13
 3.64293e-09 1.99123e-07 6.4177e-06 0.000121963 0.00136677 0.00903419 0.0352703 0.0818989 0.117067 0.119029 0.120464 0.136815 0.138745 0.115528 0.0761356 0.0355728 0.0107042 0.00199271 0.000229603 1.68477e-05 8.27064e-07 2.85697e-08 7.08982e-10 1.24331e-11 1.49541e-13
 5.19012e-09 2.6953e-07 8.25325e-06 0.000149017 0.0015866 0.0099646 0.0369761 0.0817433 0.112107 0.112426 0.116639 0.135556 0.141286 0.121732 0.0806996 0.0365972 0.0104768 0.00183942 0.000198867 1.36041e-05 6.15716e-07 1.92905e-08 4.26562e-10 6.57296e-12 6.8951e-14
 7.71215e-09 3.80217e-07 1.10529e-05 0.000189459 0.00191507 0.0114197 0.0402538 0.0847348 0.111858 0.111833 0.119586 0.139222 0.142079 0.118847 0.075439 0.0323512 0.0086888 0.00142107 0.000141619 8.77876e-06 3.51984e-07 9.59069e-09 1.8405e-10 2.49041e-12 2.32058e-14
 1.32773e-08 6.21001e-07 1.71263e-05 0.000278504 0.00267071 0.0151084 0.0505189 0.10083 0.125908 0.118165 0.118224 0.131361 0.130647 0.106676 0.0651456 0.0265499 0.00674838 0.0010464 9.95239e-05 5.95363e-06 2.3315e-07 6.22224e-09 1.1508e-10 1.4554e-12 1.22881e-14
 1.75016e-08 7.7612e-07 2.0294e-05 0.000312902 0.00284514 0.0152663 0.0484947 0.0926601 0.114552 0.116758 0.132208 0.148681 0.138238 0.103451 0.0582784 0.0221237 0.00526893 0.000768341 6.89835e-05 3.91555e-06 1.46429e-07 3.75312e-09 6.68547e-11 8.146e-13 6.61896e-15
 2.82724e-08 1.18811e-06 2.94403e-05 0.000430157 0.00370651 0.0188461 0.0567179 0.102565 0.119461 0.113714 0.122166 0.137466 0.133936 0.104637 0.0589711 0.021664 0.00493487 0.000690624 6.03688e-05 3.41185e-06 1.29781e-07 3.40078e-09 6.09597e-11 7.29749e-13 5.71734e-15
 4.1704e-08 1.66011e-06 3.89662e-05 0.000539318 0.00440231 0.0212113 0.0605817 0.1047 0.119921 0.119555 0.134138 0.144941 0.12942 0.0921447 0.0479196 0.0164428 0.00353049 0.000470331 3.96779e-05 2.20199e-06 8.34813e-08 2.1923e-09 3.9289e-11 4.68677e-13 3.65281e-15
 5.51271e-08 2.07802e-06 4.61876e-05 0.000605361 0.00467974 0.021363 0.0579262 0.0959478 0.109253 0.115998 0.138306 0.152206 0.137357 0.0973583 0.0491089 0.0160917 0.00329247 0.000421228 3.46401e-05 1.90584e-06 7.22988e-08 1.89391e-09 3.35519e-11 3.92991e-13 2.99935e-15
 9.75656e-08 3.48179e-06 7.32658e-05 0.000909095 0.00665305 0.028747 0.0737155 0.114987 0.121337 0.116482 0.128659 0.13832 0.124824 0.0871696 0.0422166 0.0130709 0.00250888 0.000300116 2.30439e-05 1.18534e-06 4.22892e-08 1.05238e-09 1.79071e-11 2.03197e-13 1.50894e-15
 1.25298e-07 4.23264e-06 8.43089e-05 0.000990293 0.00686195 0.0281012 0.0686239 0.10416 0.115214 0.127595 0.150557 0.152154 0.122783 0.076964 0.0341264 0.00980832 0.00175969 0.000197465 1.42525e-05 6.89185e-07 2.3049e-08 5.3522e-10 8.46766e-12 8.92762e-14 6.17512e-16
 1.66675e-07 5.32926e-06 0.000100476 0.00111711 0.00732771 0.0284223 0.0658961 0.0959545 0.105288 0.120479 0.147407 0.156974 0.134751 0.0865856 0.0375281 0.0102482 0.00172354 0.000179876 1.1991e-05 5.32227e-07 1.62957e-08 3.47191e-10 5.06114e-12 4.93097e-14 3.1538e-16
 2.77782e-07 8.40682e-06 0.000150023 0.00157878 0.00980246 0.0359904 0.0789988 0.108952 0.113298 0.123071 0.14394 0.147811 0.122164 0.0746719 0.0304515 0.00777223 0.00121522 0.000117096 7.13439e-06 2.85966e-07 7.83829e-09 1.49338e-10 1.95528e-12 1.71974e-14 9.96905e-17
 4.04572e-07 1.15898e-05 0.000195777 0.00195031 0.0114652 0.0398938 0.0833454 0.111364 0.117627 0.132643 0.151676 0.145444 0.110896 0.0628259 0.0239513 0.00576465 0.000859245 8.01771e-05 4.82466e-06 1.93949e-07 5.31923e-09 9.90642e-11 1.22797e-12 9.95151e-15 5.22394e-17
 4.85152e-07 1.31569e-05 0.000210399 0.00198441 0.0110497 0.0364948 0.0730662 0.0971554 0.111242 0.13892 0.163624 0.156402 0.11717 0.0638056 0.0229452 0.00514613 0.000707389 6.01122e-05 3.24675e-06 1.16055e-07 2.84765e-09 4.85327e-11 5.65642e-13 4.39404e-15 2.22616e-17
 6.39668e-07 1.6424e-05 0.000248668 0.0022207 0.0117117 0.0366866 0.0700849 0.0909405 0.106202 0.13685 0.164926 0.162446 0.123479 0.0659431 0.0227141 0.00484103 0.000634034 5.18284e-05 2.72689e-06 9.56334e-08 2.28316e-09 3.69708e-11 3.98512e-13 2.81052e-15 1.28466e-17
 9.00125e-07 2.18842e-05 0.000313749 0.00265338 0.013257 0.0394105 0.0719912 0.0916748 0.109338 0.142361 0.168225 0.160732 0.117175 0.0592801 0.01921 0.00384386 0.000473068 3.64478e-05 1.81619e-06 6.06702e-08 1.38656e-09 2.15627e-11 2.235e-13 1.51346e-15 6.60526e-18
#pred catch len freq
 6.70398e-13 7.27654e-11 4.65702e-09 1.75751e-07 3.9117e-06 5.1392e-05 0.000400338 0.00189047 0.00596816 0.0166233 0.0497849 0.124435 0.2049 0.212477 0.150305 0.0884966 0.051924 0.0309387 0.0190317 0.0125722 0.00911854 0.00734712 0.00622293 0.0047482 0.00275911
 4.58704e-13 4.9788e-11 3.18647e-09 1.20257e-07 2.6769e-06 3.51919e-05 0.000275034 0.00131943 0.00443977 0.0142608 0.0478814 0.124368 0.207232 0.217768 0.158889 0.0977935 0.0574229 0.0312249 0.016048 0.00839426 0.00475184 0.00307887 0.0022586 0.00162144 0.000934079
 1.07711e-12 1.1691e-10 7.48227e-09 2.82366e-07 6.2839e-06 8.25089e-05 0.000640792 0.00298099 0.0088145 0.0204358 0.0500258 0.115471 0.188467 0.201734 0.156719 0.107134 0.0691153 0.0397646 0.0204117 0.00959393 0.00431129 0.00205441 0.00114772 0.000706077 0.000383301
 8.9251e-13 9.68735e-11 6.19995e-09 2.33977e-07 5.20747e-06 6.84039e-05 0.000532383 0.00250302 0.00775601 0.0205935 0.0588919 0.144392 0.234658 0.23552 0.151282 0.072603 0.0343198 0.0183632 0.0100167 0.00495466 0.00214141 0.000840495 0.000335821 0.000152319 7.04414e-05
 6.80361e-12 7.38467e-10 4.72618e-08 1.78352e-06 3.96862e-05 0.000520747 0.00403083 0.0184391 0.0503131 0.0856098 0.107873 0.13823 0.178212 0.173561 0.11889 0.0656154 0.0332354 0.014977 0.00612793 0.00258053 0.00110432 0.000428122 0.000146009 4.78063e-05 1.6277e-05
 1.05517e-11 1.14529e-09 7.32983e-08 2.76605e-06 6.15487e-05 0.000807584 0.00624977 0.0285588 0.0775031 0.128496 0.146812 0.155998 0.175323 0.1556 0.0880091 0.0298357 0.00598355 0.000708101 4.94611e-05 2.05573e-06 5.72117e-08 3.30706e-09 8.2279e-10 2.29744e-10 5.85505e-11
 1.22856e-11 1.33348e-09 8.53428e-08 3.22058e-06 7.16623e-05 0.000940269 0.00727597 0.0332335 0.0899894 0.147593 0.161299 0.154494 0.159075 0.137057 0.0770066 0.0260706 0.00522691 0.000618428 4.31512e-05 1.7754e-06 4.30724e-08 6.1614e-10 5.19692e-12 2.58475e-14 7.58067e-17
 1.14785e-11 1.24588e-09 7.9736e-08 3.00899e-06 6.69543e-05 0.000878503 0.00679826 0.0310574 0.0841769 0.138703 0.154555 0.155194 0.166639 0.145689 0.0821283 0.0278232 0.00557902 0.000660106 4.60595e-05 1.89506e-06 4.59755e-08 6.57667e-10 5.54717e-12 2.75893e-14 8.09058e-17
 1.23151e-11 1.33669e-09 8.5548e-08 3.22832e-06 7.18345e-05 0.000942529 0.00729344 0.0333131 0.0902021 0.147918 0.161546 0.154469 0.158798 0.136741 0.0768192 0.0260065 0.00521402 0.000616904 4.30448e-05 1.77102e-06 4.29662e-08 6.14621e-10 5.18411e-12 2.57837e-14 7.56127e-17
 1.22895e-11 1.33391e-09 8.53699e-08 3.2216e-06 7.1685e-05 0.000940568 0.00727828 0.033244 0.0900176 0.147636 0.161332 0.154491 0.159038 0.137015 0.0769818 0.0260621 0.0052252 0.000618227 4.31371e-05 1.77482e-06 4.30584e-08 6.15939e-10 5.19521e-12 2.58388e-14 7.57724e-17
 1.26461e-11 1.37261e-09 8.78471e-08 3.31508e-06 7.3765e-05 0.000967856 0.00748933 0.0342054 0.0925856 0.151563 0.164312 0.154182 0.155697 0.133201 0.074719 0.0252878 0.00506964 0.000599813 4.18522e-05 1.72195e-06 4.17758e-08 5.97592e-10 5.04046e-12 2.50691e-14 7.35153e-17
 1.27986e-11 1.38917e-09 8.89067e-08 3.35506e-06 7.46548e-05 0.000979529 0.00757961 0.0346167 0.093684 0.153243 0.165586 0.15405 0.154267 0.13157 0.073751 0.0249566 0.0050031 0.000591937 4.13026e-05 1.69934e-06 4.12272e-08 5.89744e-10 4.97427e-12 2.47399e-14 7.25499e-17
 1.32261e-11 1.43556e-09 9.18758e-08 3.46711e-06 7.71479e-05 0.00101224 0.00783258 0.0357691 0.0967621 0.157951 0.169157 0.153679 0.150262 0.126999 0.0710387 0.0240285 0.00481663 0.000569866 3.97624e-05 1.63597e-06 3.96898e-08 5.67752e-10 4.78878e-12 2.38173e-14 6.98445e-17
 1.26653e-11 1.3747e-09 8.79803e-08 3.32011e-06 7.38769e-05 0.000969324 0.00750068 0.0342572 0.0927237 0.151775 0.164472 0.154165 0.155517 0.132996 0.0745972 0.0252462 0.00506127 0.000598823 4.17831e-05 1.71911e-06 4.17068e-08 5.96605e-10 5.03214e-12 2.50277e-14 7.33939e-17
 1.26887e-11 1.37724e-09 8.81431e-08 3.32625e-06 7.40136e-05 0.000971117 0.00751455 0.0343203 0.0928924 0.152033 0.164668 0.154145 0.155297 0.132746 0.0744486 0.0251953 0.00505105 0.000597613 4.16987e-05 1.71564e-06 4.16225e-08 5.95399e-10 5.02197e-12 2.49771e-14 7.32456e-17
 1.34888e-11 1.46408e-09 9.37009e-08 3.53598e-06 7.86804e-05 0.00103234 0.00798808 0.0364774 0.0986541 0.160845 0.171353 0.153451 0.1478 0.124189 0.0693716 0.023458 0.00470201 0.0005563 3.88158e-05 1.59702e-06 3.87449e-08 5.54235e-10 4.67476e-12 2.32503e-14 6.81816e-17
 1.43452e-11 1.55703e-09 9.96498e-08 3.76048e-06 8.36756e-05 0.00109788 0.00849493 0.0387863 0.104821 0.170277 0.178508 0.152709 0.139775 0.11503 0.0639373 0.0215985 0.00432842 0.00051208 3.573e-05 1.47006e-06 3.56647e-08 5.10174e-10 4.30313e-12 2.14019e-14 6.27613e-17
 1.44255e-11 1.56575e-09 1.00208e-07 3.78153e-06 8.4144e-05 0.00110402 0.00854246 0.0390028 0.1054 0.171161 0.179179 0.152639 0.139022 0.114171 0.0634277 0.0214241 0.00429339 0.000507933 3.54406e-05 1.45815e-06 3.53758e-08 5.06042e-10 4.26827e-12 2.12286e-14 6.22529e-17
 1.55482e-11 1.68761e-09 1.08007e-07 4.07583e-06 9.06925e-05 0.00118994 0.00920692 0.0420297 0.113484 0.183526 0.18856 0.151666 0.128502 0.102164 0.0563036 0.0189864 0.00380362 0.000449961 3.13954e-05 1.29171e-06 3.13378e-08 4.48279e-10 3.78107e-12 1.88054e-14 5.5147e-17
 1.51915e-11 1.64889e-09 1.05529e-07 3.98233e-06 8.86121e-05 0.00116264 0.00899582 0.0410681 0.110916 0.179598 0.185579 0.151975 0.131844 0.105979 0.0585669 0.0197609 0.00395922 0.000468379 3.26805e-05 1.34459e-06 3.26207e-08 4.66631e-10 3.93585e-12 1.95752e-14 5.74046e-17
 1.55922e-11 1.69238e-09 1.08312e-07 4.08737e-06 9.09492e-05 0.0011933 0.00923297 0.0421484 0.113801 0.184011 0.188927 0.151628 0.128089 0.101694 0.0560244 0.0188908 0.00378442 0.000447689 3.12368e-05 1.28519e-06 3.11796e-08 4.46015e-10 3.76197e-12 1.87104e-14 5.48685e-17
 1.67634e-11 1.8195e-09 1.16448e-07 4.39439e-06 9.77806e-05 0.00128293 0.00992614 0.045306 0.122236 0.19691 0.198713 0.150612 0.117114 0.089168 0.0485925 0.0163478 0.00327349 0.000387213 2.70167e-05 1.11156e-06 2.69671e-08 3.85757e-10 3.25372e-12 1.61826e-14 4.74556e-17
 1.66949e-11 1.81207e-09 1.15972e-07 4.37643e-06 9.73811e-05 0.00127769 0.00988559 0.0451213 0.121742 0.196156 0.198141 0.150672 0.117756 0.0899007 0.0490272 0.0164965 0.00330338 0.00039075 2.72635e-05 1.12171e-06 2.72135e-08 3.89282e-10 3.28345e-12 1.63305e-14 4.78892e-17
 1.65728e-11 1.79882e-09 1.15124e-07 4.34444e-06 9.66692e-05 0.00126835 0.00981336 0.0447923 0.120863 0.194812 0.197121 0.150777 0.1189 0.091206 0.0498016 0.0167615 0.00335662 0.000397053 2.77033e-05 1.13981e-06 2.76525e-08 3.95561e-10 3.33641e-12 1.65939e-14 4.86617e-17
 1.68098e-11 1.82455e-09 1.16771e-07 4.40656e-06 9.80516e-05 0.00128648 0.00995363 0.0454312 0.12257 0.197422 0.199101 0.150572 0.116679 0.0886713 0.0482977 0.0162469 0.00325323 0.000384815 2.68494e-05 1.10467e-06 2.68001e-08 3.83368e-10 3.23356e-12 1.60823e-14 4.71616e-17
 1.83537e-11 1.99211e-09 1.27495e-07 4.81126e-06 0.000107057 0.00140462 0.0108673 0.0495935 0.133688 0.214425 0.212001 0.149233 0.102212 0.0721605 0.0385013 0.0128947 0.00257975 0.000305098 2.12866e-05 8.75795e-07 2.12474e-08 3.03938e-10 2.5636e-12 1.27502e-14 3.73902e-17
 1.80487e-11 1.95901e-09 1.25376e-07 4.73131e-06 0.000105278 0.00138128 0.0106868 0.0487713 0.131491 0.211066 0.209452 0.149498 0.10507 0.0754222 0.0404366 0.013557 0.00271279 0.000320846 2.23855e-05 9.2101e-07 2.23443e-08 3.19629e-10 2.69595e-12 1.34085e-14 3.93206e-17
 1.76382e-11 1.91446e-09 1.22525e-07 4.62371e-06 0.000102883 0.00134987 0.0104439 0.0476646 0.128536 0.206546 0.206023 0.149854 0.108916 0.079812 0.0430412 0.0144482 0.00289186 0.000342041 2.38645e-05 9.81862e-07 2.38206e-08 3.40747e-10 2.87408e-12 1.42944e-14 4.19185e-17
#obs catch len freq
 3.0783e-11 2.85286e-09 1.55897e-07 5.02322e-06 9.54374e-05 0.00106922 0.00706556 0.0275784 0.0640629 0.0920414 0.0963689 0.105192 0.128604 0.138555 0.127431 0.100709 0.0633441 0.0308297 0.0120498 0.00383566 0.000958611 0.0001788 2.38259e-05 2.1894e-06 1.34843e-07
 4.35397e-11 3.89182e-09 2.0512e-07 6.37456e-06 0.000116811 0.00126222 0.00804498 0.0302913 0.0679237 0.094515 0.0969852 0.105329 0.127922 0.137726 0.127412 0.0996445 0.060579 0.0280157 0.0102894 0.00306868 0.000721759 0.000127382 1.60803e-05 1.39466e-06 8.0545e-08
 2.51241e-11 2.16226e-09 1.09727e-07 3.2833e-06 5.79311e-05 0.000602835 0.00370335 0.0135006 0.0299976 0.0458387 0.0665934 0.109115 0.155937 0.174467 0.162755 0.12404 0.0707022 0.02969 0.00973363 0.00260322 0.000556936 9.0428e-05 1.05805e-05 8.54567e-07 4.60519e-08
 1.88991e-18 8.30773e-16 2.15333e-13 3.29103e-11 2.96588e-09 1.57618e-07 4.9407e-06 9.14132e-05 0.00100057 0.00652483 0.025896 0.066279 0.122996 0.185607 0.222535 0.190924 0.112183 0.0467565 0.0147455 0.00364418 0.000699157 0.000101073 1.06105e-05 7.77263e-07 3.83158e-08
 1.20465e-10 9.56546e-09 4.47856e-07 1.2364e-05 0.000201273 0.00193232 0.0109495 0.0367787 0.0748638 0.102208 0.125669 0.170618 0.194912 0.149891 0.0780931 0.0326424 0.0134391 0.00539675 0.00182251 0.00046857 8.78791e-05 1.18021e-05 1.11695e-06 7.29489e-08 3.20995e-09
 2.80167e-10 2.13214e-08 9.56759e-07 2.53149e-05 0.00039495 0.00363343 0.019715 0.0631676 0.120253 0.14041 0.115989 0.0985269 0.105417 0.114076 0.105112 0.0711578 0.0315351 0.00877101 0.001579 0.000209262 2.48648e-05 2.73635e-06 2.37435e-07 1.43502e-08 5.75092e-10
 4.9095e-10 3.57604e-08 1.53587e-06 3.8895e-05 0.000580798 0.00511412 0.0265611 0.0814824 0.148735 0.167644 0.136499 0.114043 0.107203 0.0897079 0.0632406 0.0368357 0.0161019 0.00495762 0.00107057 0.000163042 1.73766e-05 1.30318e-06 7.19182e-08 3.06812e-09 9.94722e-11
 5.98813e-10 4.16934e-08 1.71171e-06 4.14364e-05 0.000591466 0.00497865 0.0247246 0.0726165 0.127726 0.143004 0.127536 0.126376 0.128273 0.10784 0.074446 0.0408513 0.0159773 0.00417213 0.000738521 9.48359e-05 9.34466e-06 6.96166e-07 3.6927e-08 1.33077e-09 3.20968e-11
 9.63922e-10 6.40781e-08 2.51168e-06 5.80506e-05 0.000791123 0.00635784 0.0301424 0.0844813 0.141503 0.149407 0.122327 0.111438 0.112198 0.101018 0.0758609 0.043031 0.0165195 0.00410722 0.000673179 7.66805e-05 6.3899e-06 3.96069e-07 1.79791e-08 5.81514e-10 1.29782e-11
 1.35267e-09 8.57555e-08 3.20568e-06 7.06592e-05 0.000918365 0.00703898 0.0318354 0.0852224 0.137176 0.143052 0.124615 0.123467 0.122418 0.101488 0.0693252 0.0364218 0.0132205 0.00316005 0.000505132 5.6441e-05 4.54501e-06 2.6246e-07 1.06249e-08 2.96212e-10 5.62427e-12
 1.91472e-09 1.15645e-07 4.11845e-06 8.64829e-05 0.00107085 0.00781965 0.033699 0.0860233 0.132529 0.134436 0.118681 0.121648 0.124278 0.10788 0.0760533 0.039203 0.0133093 0.00285114 0.000389348 3.55873e-05 2.329e-06 1.1395e-07 4.12116e-09 1.05547e-10 1.83875e-12
 3.00129e-09 1.72524e-07 5.84764e-06 0.000116869 0.00137729 0.00957228 0.0392655 0.0954437 0.140278 0.136796 0.118133 0.119149 0.119459 0.102069 0.0701105 0.0345918 0.0111001 0.00222637 0.000280816 2.31168e-05 1.3102e-06 5.32983e-08 1.56649e-09 3.26793e-11 4.74287e-13
 4.53332e-09 2.47791e-07 7.98626e-06 0.000151772 0.00170077 0.0112405 0.0438561 0.101506 0.142812 0.136194 0.119865 0.12224 0.119076 0.0973056 0.0634942 0.0296358 0.00898633 0.00170514 0.000203944 1.59434e-05 8.54595e-07 3.23943e-08 8.65142e-10 1.59099e-11 1.97649e-13
 6.0479e-09 3.14076e-07 9.61728e-06 0.000173645 0.00184879 0.0116105 0.0430679 0.0950366 0.129191 0.125194 0.121147 0.132034 0.129562 0.104865 0.0665737 0.0296053 0.00842625 0.0014816 0.000161443 1.12355e-05 5.24781e-07 1.7264e-08 4.06967e-10 6.75029e-12 7.64914e-14
 8.78796e-09 4.33255e-07 1.25947e-05 0.000215887 0.00218215 0.0130108 0.0458352 0.0961975 0.125226 0.119078 0.117162 0.130275 0.131495 0.109861 0.0698168 0.0300277 0.00811399 0.00134358 0.000137183 8.88662e-06 3.81956e-07 1.13745e-08 2.38555e-10 3.47364e-12 3.43201e-14
 1.31742e-08 6.16181e-07 1.69934e-05 0.000276343 0.00264999 0.0149914 0.0501321 0.100101 0.125244 0.118328 0.119484 0.132872 0.131229 0.106243 0.0644981 0.0261842 0.00662788 0.00102068 9.58656e-05 5.61342e-06 2.13244e-07 5.51673e-09 1.00444e-10 1.2852e-12 1.12815e-14
 2.26564e-08 1.00471e-06 2.62711e-05 0.000405053 0.00368275 0.0197527 0.0626186 0.118454 0.139969 0.123628 0.116102 0.122906 0.118205 0.093212 0.054309 0.0209209 0.00500745 0.000730818 6.55099e-05 3.70259e-06 1.3735e-07 3.47511e-09 6.08118e-11 7.25187e-13 5.75631e-15
 3.02539e-08 1.27138e-06 3.15037e-05 0.000460307 0.00396631 0.0201676 0.0607028 0.109837 0.128221 0.122453 0.129865 0.13901 0.124781 0.0901559 0.0484724 0.0173924 0.00389916 0.000534952 4.52513e-05 2.42622e-06 8.593e-08 2.08716e-09 3.51533e-11 4.03558e-13 3.07998e-15
 4.91116e-08 1.95499e-06 4.58874e-05 0.0006351 0.00518372 0.0249659 0.0711578 0.121756 0.133624 0.118523 0.118622 0.127155 0.119666 0.0898456 0.0480852 0.0166535 0.00356817 0.00046995 3.87441e-05 2.07092e-06 7.46161e-08 1.84972e-09 3.1265e-11 3.5178e-13 2.58452e-15
 7.26305e-08 2.7378e-06 6.08522e-05 0.000797545 0.00616468 0.0281252 0.0760417 0.124231 0.133687 0.123538 0.128847 0.132429 0.114065 0.0780736 0.0385845 0.012486 0.00252233 0.000316398 2.51955e-05 1.32342e-06 4.75243e-08 1.17961e-09 1.99104e-11 2.22996e-13 1.62811e-15
 9.83543e-08 3.50994e-06 7.38581e-05 0.000916448 0.00670698 0.0289824 0.0743498 0.116197 0.123502 0.120199 0.132732 0.13911 0.121008 0.0821758 0.0392806 0.012124 0.00233373 0.000281308 2.18571e-05 1.13867e-06 4.08858e-08 1.01077e-09 1.68398e-11 1.84986e-13 1.32137e-15
 1.72789e-07 5.83689e-06 0.000116262 0.00136553 0.00945934 0.0386835 0.0938242 0.138003 0.135616 0.11844 0.120167 0.122782 0.106578 0.07105 0.0325221 0.00947141 0.00170886 0.000192478 1.3957e-05 6.79689e-07 2.29567e-08 5.39308e-10 8.63098e-12 9.18271e-14 6.37807e-16
 2.26637e-07 7.24647e-06 0.000136621 0.00151891 0.00996138 0.0386004 0.089081 0.127021 0.129329 0.128855 0.139899 0.134338 0.104214 0.0624332 0.0261922 0.0070836 0.00119459 0.0001262 8.59899e-06 3.934e-07 1.24444e-08 2.72563e-10 4.05329e-12 4.00545e-14 2.5909e-16
 3.11358e-07 9.42294e-06 0.000168155 0.00176956 0.0109856 0.0403112 0.0882414 0.120224 0.119939 0.121753 0.136852 0.138769 0.114192 0.0697262 0.0284809 0.0073043 0.00115343 0.00011322 7.11823e-06 2.98685e-07 8.64652e-09 1.73738e-10 2.38025e-12 2.17297e-14 1.29919e-16
 5.12683e-07 1.46869e-05 0.000248088 0.00247124 0.0145222 0.050442 0.104514 0.134718 0.126895 0.121541 0.130163 0.127104 0.100505 0.0582713 0.0223699 0.00535802 0.000785995 7.11606e-05 4.08382e-06 1.54563e-07 4.00299e-09 7.19227e-11 8.85132e-13 7.29519e-15 3.95318e-17
 7.54573e-07 2.04633e-05 0.000327227 0.00308582 0.0171697 0.0565071 0.111288 0.138176 0.13028 0.128245 0.134157 0.12218 0.0890527 0.0478534 0.0171794 0.00388262 0.000543502 4.77128e-05 2.70726e-06 1.02737e-07 2.6568e-09 4.65212e-11 5.40618e-13 4.09864e-15 2.00957e-17
 9.34383e-07 2.39909e-05 0.000363223 0.00324325 0.0170928 0.0533704 0.100464 0.122876 0.123372 0.134669 0.146446 0.133232 0.0952187 0.0490614 0.0165883 0.00348969 0.000449986 3.59263e-05 1.8275e-06 6.16533e-08 1.42804e-09 2.29216e-11 2.50739e-13 1.82253e-15 8.61892e-18
 1.26861e-06 3.08427e-05 0.000442167 0.00373868 0.0186622 0.0552402 0.0989709 0.117025 0.117906 0.132185 0.147474 0.138205 0.0998575 0.0503057 0.0162714 0.00325246 0.000399796 3.07277e-05 1.52322e-06 5.03796e-08 1.13298e-09 1.7235e-11 1.74046e-13 1.14757e-15 4.89598e-18
#spawning biomass
 23752.1 23035.9 20340.6 21957.4 31678 43082.7 60354.8 80559.9 119414 133497 165518 183124 194136 227480 227202 241259 231670 226875 224537 244728 243383 240328 256403 230228 225690 266764 247781 194196 147964 344265 380865 363331 319166 268153 221131 182428 152673 130803 115224 104375 96943.1 91915.5 88535.4 86233.2 84739.3 83769.9 83140.9 82732.7 82467.8 82295.9 82184.4 82112 82065 82034.6 82014.8 82002 81993.6 81988.2 81984.7 81982.4 81981 81980 81979.4 81979 81978.7 81978.6 81978.4 81978.4 81978.3 81978.3 81978.3 81978.3 81978.3 81978.3 81978.2 81978.2 81978.2 81978.2 81978.2 81978.2 81978.2 81978.2 81978.2 81978.2 81978.2 81978.2 81978.2 81978.2 81978.2 81978.2 81978.2 81978.2 81978.2 81978.2 81978.2 81978.2 81978.2 81978.2 81978.2 81978.2 81978.2 81978.2 81978.2 81978.2 81978.2 81978.2 81978.2 81978.2 81978.2 81978.2 81978.2 81978.2 81978.2 81978.2 81978.2 81978.2 81978.2 81978.2 81978.2 81978.2 81978.2 81978.2 81978.2 81978.2 81978.2 81978.2 81978.2 81978.2 0 0 0 0 0 0 0 0 0 0 0 0 0 0 0 0 0 0 0 0 0 0 0 0 0
