SBPRF35
0.244424
Curr Bio
145154
B35
191865
F35
0.406353
FOFL
0.298054
OFL
43079.8
Bzero
69835.3
#pred survey bio
 27481.2 24708.4 18313.8 15880.1 23869.6 34869.7 48256.9 58903.1 82074.6 110509 138799 181380 209862 237575 226095 215640 200876 211670 216177 226187 226797 234554 246384 270974 285243 247782 209094 204019 217829 7.56235e+06 4.18038e+06 3.02294e+06 2.07407e+06 1.46604e+06 1.11749e+06 928372 828070 774940 746404 730701 721796 716584 713440 711492 710257 709468 708956 708622 708401 708255 708158 708094 708051 708022 708003 707990 707982 707976 707972 707970 707968 707967 707966 707966 707965 707965 707965 707965 707965 707965 707965 707965 707965 707965 707965 707965 707965 707965 707965 707965 707965 707965 707965 707965 707965 707965 707965 707965 707965 707965 707965 707965 707965 707965 707965 707965 707965 707965 707965 707965 707965 707965 707965 707965 707965 707965 707965 707965 707965 707965 707965 707965 707965 707965 707965 707965 707965 707965 707965 707965 707965 707965 707965 707965 707965 707965 707965 707965 707965 0 0 0 0 0 0 0 0 0 0 0 0 0 0 0 0 0 0 0 0 0 0 0 0 0
#obs survey bio
 19308.8 23771.5 13458.2 18734.4 29465.9 46623.5 29561.8 68410.4 76084.9 165334 177107 246554 266409 194964 251284 222642 163217 173475 216492 171517 375389 225156 223980 197304 375137 308454 119549 185989 281875
#pred catch bio
 3402.36 4690.64 3615.67 2914.15 5560.09 6862.42 14054.9 16673.1 23755.1 36775.9 45432.6 71065.7 75579.8 99303.9 95116.8 96737.6 78568.6 85306.2 81056.1 91394.7 90486.7 92286.8 90009.5 104734 132044 114167 85852 81071.4 97180.2 43079.8 53571.5 37477.8 24674.9 16794.5 12496.6 10311.8 9248.89 8746.26 8513.05 8406.21 8357.68 8335.78 8325.93 8321.52 8319.54 8318.66 8318.27 8318.09 8318.01 8317.98 8317.96 8317.96 8317.95 8317.95 8317.95 8317.95 8317.95 8317.95 8317.95 8317.95 8317.95 8317.95 8317.95 8317.95 8317.95 8317.95 8317.95 8317.95 8317.95 8317.95 8317.95 8317.95 8317.95 8317.95 8317.95 8317.95 8317.95 8317.95 8317.95 8317.95 8317.95 8317.95 8317.95 8317.95 8317.95 8317.95 8317.95 8317.95 8317.95 8317.95 8317.95 8317.95 8317.95 8317.95 8317.95 8317.95 8317.95 8317.95 8317.95 8317.95 8317.95 8317.95 8317.95 8317.95 8317.95 8317.95 8317.95 8317.95 8317.95 8317.95 8317.95 8317.95 8317.95 8317.95 8317.95 8317.95 8317.95 8317.95 8317.95 8317.95 8317.95 8317.95 8317.95 8317.95 8317.95 8317.95 8317.95 8317.95 8317.95 0 0 0 0 0 0 0 0 0 0 0 0 0 0 0 0 0 0 0 0 0 0 0 0 0
#obs catch bio
 3880.31 4831.9 3880.77 2945.33 5588.39 6518.61 14559.4 16696.2 23445.7 35998.8 42711 67022.7 69652.1 93082 95030.4 99753.3 78431 87667.2 85314.5 93071 87994.9 92306.5 85779.3 104369 130386 113007 89346.6 82635.8 97851.8
#pred cpue bio
 26489.8 24324.5 18123.6 15093.9 21508.4 32093.4 44966.8 54438.7 74828.4 101585 127260 165757 192098 219819 210105 199691 185289 195482 199797 209881 209657 216487 227444 250434 263617 230036 194715 188671 200189 6.94373e+06 4.12745e+06 2.98804e+06 2.03961e+06 1.4316e+06 1.08304e+06 893922 793620 740491 711954 696251 687347 682134 678990 677042 675808 675018 674507 674172 673951 673806 673709 673644 673601 673573 673554 673541 673532 673527 673523 673520 673518 673517 673517 673516 673516 673515 673515 673515 673515 673515 673515 673515 673515 673515 673515 673515 673515 673515 673515 673515 673515 673515 673515 673515 673515 673515 673515 673515 673515 673515 673515 673515 673515 673515 673515 673515 673515 673515 673515 673515 673515 673515 673515 673515 673515 673515 673515 673515 673515 673515 673515 673515 673515 673515 673515 673515 673515 673515 673515 673515 673515 673515 673515 673515 673515 673515 673515 673515 673515 0 0 0 0 0 0 0 0 0 0 0 0 0 0 0 0 0 0 0 0 0 0 0 0 0
#obs cpue bio
 16939.1 25477.3 8540.58 23958.6 26194.2 39464.4 34130.1 57365 90116.8 85405.1 147269 159395 215086 324139 133984 167316 231176 203817 130084 338580 171361 197578 373915 270458 243755 186930 214762 210411 171274
#pred surv len freq
 2.46063e-11 1.15736e-09 3.76945e-08 8.50105e-07 1.32756e-05 0.000143558 0.00107497 0.00557438 0.0200246 0.0498927 0.086643 0.106863 0.100048 0.0846462 0.0791075 0.0785431 0.0731657 0.0644743 0.0562688 0.04868 0.04172 0.0357804 0.0299889 0.0228481 0.0144993
 1.13123e-11 5.32076e-10 1.73294e-08 3.90821e-07 6.10327e-06 6.59998e-05 0.000494248 0.00256376 0.00922068 0.023083 0.0408304 0.0538646 0.061626 0.0750155 0.0957057 0.108367 0.104437 0.0924372 0.0805289 0.0691102 0.0576781 0.0468478 0.0365065 0.0259593 0.0156516
 9.35525e-12 4.40026e-10 1.43314e-08 3.23208e-07 5.04738e-06 5.4581e-05 0.000408719 0.00211974 0.00761856 0.0190212 0.0332993 0.0423456 0.0438608 0.046572 0.0576097 0.0743772 0.0922985 0.106945 0.111271 0.102791 0.0867116 0.0686574 0.0508308 0.0339254 0.0192769
 3.40449e-11 1.60131e-09 5.21537e-08 1.17619e-06 1.8368e-05 0.000198623 0.00148726 0.00771152 0.0276896 0.0688719 0.11879 0.142691 0.12141 0.0779734 0.0458181 0.0335128 0.0333608 0.0395952 0.0487574 0.0557422 0.0558206 0.0482845 0.0362095 0.023398 0.0126583
 4.39097e-11 2.0653e-09 6.72655e-08 1.517e-06 2.36902e-05 0.000256176 0.00191821 0.00994621 0.0357161 0.0888596 0.153426 0.185051 0.15985 0.107573 0.0683785 0.0478246 0.0333193 0.0213611 0.0150398 0.0142054 0.0154311 0.0154202 0.0129 0.00875749 0.0047403
 3.57348e-11 1.68079e-09 5.47424e-08 1.23458e-06 1.92797e-05 0.000208483 0.00156113 0.00809521 0.0290772 0.07242 0.125572 0.153966 0.141158 0.112842 0.0961131 0.0849192 0.0654533 0.041801 0.0237803 0.0136125 0.00900628 0.00728278 0.00613209 0.00444628 0.00253277
 3.28894e-11 1.54696e-09 5.03834e-08 1.13627e-06 1.77445e-05 0.000191883 0.00143682 0.00745063 0.0267621 0.066656 0.115591 0.141797 0.130272 0.104996 0.0916351 0.0856138 0.0739564 0.0571933 0.0403878 0.0255126 0.0142501 0.00761409 0.00441772 0.00272758 0.00151887
 3.58581e-11 1.68659e-09 5.49312e-08 1.23884e-06 1.93462e-05 0.000209202 0.0015665 0.00812285 0.0291735 0.0726304 0.125736 0.153226 0.137512 0.104064 0.0829357 0.0732092 0.0624688 0.0495733 0.0377637 0.0270554 0.0172928 0.00960679 0.004721 0.0021639 0.000948116
 3.90546e-11 1.83694e-09 5.98281e-08 1.34927e-06 2.10708e-05 0.000227851 0.00170613 0.0088468 0.0317718 0.0790822 0.136789 0.166143 0.147309 0.10758 0.080553 0.0669845 0.0540423 0.0401303 0.0289427 0.0206159 0.013865 0.00836852 0.00436427 0.00192974 0.000725867
 3.63392e-11 1.70922e-09 5.56683e-08 1.25546e-06 1.96058e-05 0.000212009 0.00158752 0.00823197 0.0295666 0.0736218 0.127538 0.155826 0.141119 0.109333 0.0896009 0.0786422 0.0632517 0.0448578 0.0300443 0.0198248 0.0126378 0.0075259 0.00402275 0.00184109 0.000694204
 3.72742e-11 1.7532e-09 5.71006e-08 1.28776e-06 2.01102e-05 0.000217464 0.00162836 0.00844364 0.0303255 0.0754974 0.130692 0.159232 0.142781 0.107725 0.0851521 0.0738667 0.0608237 0.0452795 0.0316684 0.0209186 0.0127453 0.00711957 0.00362234 0.0016257 0.000614074
 3.80245e-11 1.78849e-09 5.825e-08 1.31368e-06 2.0515e-05 0.000221841 0.00166114 0.00861357 0.0309354 0.0770121 0.133289 0.162273 0.145106 0.10859 0.0845873 0.072224 0.058441 0.0426841 0.0296316 0.0198645 0.0123902 0.00696228 0.0034588 0.00149006 0.000542443
 3.7392e-11 1.75874e-09 5.7281e-08 1.29183e-06 2.01738e-05 0.000218151 0.00163351 0.00847036 0.0304219 0.0757418 0.131145 0.159923 0.143839 0.109386 0.087269 0.0754596 0.0607487 0.0435024 0.029355 0.019185 0.0118062 0.00663248 0.00331081 0.00142207 0.000509075
 3.45573e-11 1.62541e-09 5.29385e-08 1.1939e-06 1.86444e-05 0.000201613 0.00150968 0.00782842 0.0281184 0.0700278 0.121395 0.148708 0.135933 0.108001 0.0919273 0.0832133 0.0687421 0.0503131 0.0345077 0.0225562 0.0136623 0.00751331 0.00369016 0.0015719 0.000559959
 3.37068e-11 1.58541e-09 5.16357e-08 1.16451e-06 1.81856e-05 0.000196652 0.00147253 0.00763577 0.0274265 0.0683053 0.118413 0.145079 0.132699 0.105665 0.090458 0.0828738 0.070112 0.0533897 0.0383593 0.026029 0.0161183 0.00892284 0.004353 0.00182888 0.000642563
 3.49757e-11 1.64509e-09 5.35795e-08 1.20835e-06 1.88701e-05 0.000204054 0.00152795 0.00792308 0.0284572 0.0708591 0.122751 0.149973 0.135825 0.10535 0.0869203 0.0778844 0.0655783 0.0502884 0.0368403 0.0258186 0.0166464 0.00957703 0.00479935 0.00204016 0.000716322
 3.58818e-11 1.68771e-09 5.49676e-08 1.23966e-06 1.9359e-05 0.000209341 0.00156754 0.00812833 0.029194 0.0726907 0.125902 0.153719 0.138875 0.106949 0.0871224 0.0768753 0.0633539 0.0471085 0.0335186 0.0232346 0.0151485 0.00895826 0.00464832 0.0020419 0.000734527
 3.54335e-11 1.66662e-09 5.42808e-08 1.22417e-06 1.91172e-05 0.000206725 0.00154796 0.00802681 0.0288299 0.0717887 0.124372 0.152 0.137806 0.107144 0.0885176 0.0788267 0.0651334 0.0482801 0.0339457 0.0230414 0.014691 0.00858748 0.00448215 0.00200932 0.000742372
 3.52497e-11 1.65798e-09 5.39992e-08 1.21782e-06 1.9018e-05 0.000205653 0.00153993 0.00798517 0.0286804 0.071417 0.123732 0.151238 0.137178 0.106803 0.0884612 0.0790483 0.0656664 0.0490633 0.0347473 0.0236023 0.0149191 0.00858553 0.00441328 0.00196477 0.000729232
 3.41848e-11 1.60789e-09 5.2368e-08 1.18103e-06 1.84435e-05 0.000199441 0.00149341 0.00774403 0.0278151 0.0692698 0.120064 0.146999 0.134122 0.106082 0.0898821 0.0815713 0.0683395 0.0514767 0.0368092 0.0252369 0.0160563 0.00924772 0.00472486 0.00208207 0.000765739
 3.54266e-11 1.6663e-09 5.42702e-08 1.22393e-06 1.91134e-05 0.000206685 0.00154765 0.00802519 0.0288237 0.0717689 0.124309 0.151787 0.137184 0.1058 0.0865379 0.0770262 0.0645257 0.0491421 0.0356679 0.0247853 0.0159461 0.0092678 0.00476107 0.00209904 0.000768902
 3.57028e-11 1.67929e-09 5.46934e-08 1.23347e-06 1.92624e-05 0.000208296 0.00155972 0.00808778 0.0290486 0.0723299 0.125287 0.153014 0.138387 0.106889 0.0874645 0.0774316 0.0639333 0.0475962 0.0338465 0.0233738 0.0151469 0.00891694 0.00463717 0.00206261 0.000759161
 3.55771e-11 1.67338e-09 5.45008e-08 1.22913e-06 1.91946e-05 0.000207563 0.00155423 0.00805931 0.0289465 0.0720774 0.124861 0.152546 0.138134 0.107056 0.0880498 0.0782351 0.0646899 0.0480813 0.033919 0.0230725 0.0147081 0.00857618 0.00446294 0.0020002 0.000742996
 3.52951e-11 1.66011e-09 5.40688e-08 1.21939e-06 1.90425e-05 0.000205918 0.00154191 0.00799545 0.0287172 0.0715079 0.123883 0.151395 0.137233 0.106663 0.0881423 0.0786891 0.0654298 0.0490134 0.0348408 0.0237592 0.0150711 0.00869319 0.00447092 0.00198898 0.000738009
 3.53278e-11 1.66165e-09 5.41189e-08 1.22052e-06 1.90601e-05 0.000206109 0.00154334 0.00800286 0.0287438 0.0715734 0.123993 0.151511 0.137281 0.106581 0.087931 0.0784216 0.0652035 0.0489009 0.0348734 0.0239076 0.0152463 0.00881209 0.00451713 0.00199494 0.000734473
 3.38939e-11 1.59421e-09 5.19224e-08 1.17098e-06 1.82865e-05 0.000197743 0.0014807 0.00767817 0.027579 0.068687 0.119088 0.145964 0.133688 0.106774 0.0915743 0.0834055 0.0693662 0.0514476 0.036197 0.0246129 0.0156726 0.00907987 0.00466735 0.00206242 0.000757394
 3.31956e-11 1.56136e-09 5.08526e-08 1.14685e-06 1.79098e-05 0.000193669 0.0014502 0.00752 0.0270111 0.0672743 0.116651 0.143035 0.1312 0.105239 0.0909797 0.0838098 0.0709895 0.0540771 0.0389938 0.0267734 0.0169887 0.00977274 0.00500213 0.00220854 0.000811374
 3.55004e-11 1.66977e-09 5.43834e-08 1.22648e-06 1.91533e-05 0.000207116 0.00155088 0.0080419 0.0288834 0.0719144 0.124539 0.151968 0.137027 0.105027 0.0852006 0.0756727 0.0638279 0.0493329 0.0364633 0.0257382 0.016737 0.00978139 0.00503358 0.00221986 0.000813358
 3.68988e-11 1.73554e-09 5.65255e-08 1.27479e-06 1.99077e-05 0.000215274 0.00161196 0.00835862 0.0300203 0.07474 0.129396 0.157722 0.141647 0.107305 0.0852414 0.0739024 0.0604185 0.0447423 0.0318168 0.0221553 0.0145704 0.00871362 0.00458711 0.00205546 0.000759254
#obs surv len freq
 2.27739e-11 1.07118e-09 3.48875e-08 7.86802e-07 1.22871e-05 0.000132868 0.000994928 0.00515944 0.0185358 0.0462002 0.080347 0.0996447 0.0950267 0.0838859 0.082061 0.0827702 0.0765182 0.0668979 0.0593966 0.0536714 0.0476413 0.0400199 0.0304392 0.0199384 0.0107054
 7.8065e-16 3.67873e-14 1.20709e-12 2.80254e-11 4.87423e-10 7.40836e-09 1.19049e-07 1.92666e-06 2.55935e-05 0.000248144 0.00169055 0.00801827 0.0264844 0.0613459 0.101568 0.125719 0.126858 0.116574 0.104104 0.0907258 0.0770923 0.0632555 0.0479207 0.0314657 0.0169033
 1.25966e-11 5.92484e-10 1.92968e-08 4.35192e-07 6.79614e-06 7.34903e-05 0.00055028 0.00285314 0.0102435 0.0254663 0.043843 0.0523067 0.0435608 0.0272115 0.0204629 0.0342256 0.0670182 0.103276 0.123726 0.12257 0.107545 0.0869555 0.0643046 0.0415897 0.0222118
 5.14414e-11 2.41955e-09 7.88033e-08 1.77721e-06 2.77537e-05 0.000300116 0.00224721 0.0116516 0.0418336 0.104014 0.179142 0.213948 0.177929 0.104732 0.0462755 0.0182419 0.00889443 0.00758143 0.0104813 0.0147439 0.0170752 0.0160267 0.012475 0.00809559 0.00428261
 3.25141e-11 1.52931e-09 4.98086e-08 1.12331e-06 1.75421e-05 0.000189694 0.00142045 0.0073661 0.0264637 0.0659627 0.11473 0.14234 0.135785 0.119191 0.112731 0.102813 0.0748788 0.0406085 0.0175154 0.00851845 0.00722099 0.00763522 0.00693759 0.00494861 0.00272493
 3.97711e-11 1.87064e-09 6.09255e-08 1.37402e-06 2.14573e-05 0.000232031 0.00173742 0.00900895 0.0323529 0.0805139 0.139168 0.168581 0.148048 0.105299 0.076156 0.0640326 0.0558371 0.045523 0.0328462 0.0197027 0.00981438 0.00484394 0.00301204 0.00206653 0.00120094
 2.54441e-11 1.19677e-09 3.8978e-08 8.79052e-07 1.37277e-05 0.000148447 0.0011116 0.00576477 0.0207149 0.0516748 0.0901621 0.113192 0.112239 0.107255 0.111909 0.111331 0.0926974 0.0664081 0.0456426 0.0312078 0.0196628 0.0106269 0.00499027 0.00223921 0.00100897
 4.35115e-11 2.04657e-09 6.66555e-08 1.50325e-06 2.34754e-05 0.000253852 0.00190081 0.00985588 0.0353906 0.0880364 0.151916 0.182822 0.156655 0.102993 0.0635758 0.0470747 0.0411459 0.0367261 0.0305276 0.0223563 0.0142946 0.0080878 0.00401716 0.00171535 0.000630362
 3.46074e-11 1.62776e-09 5.30152e-08 1.19563e-06 1.86714e-05 0.000201906 0.00151188 0.00783989 0.0281612 0.0701484 0.121701 0.149538 0.138108 0.112442 0.097955 0.0873866 0.0673621 0.0437704 0.0273148 0.0185309 0.0129084 0.00814206 0.00434596 0.00191837 0.000693561
 3.83931e-11 1.80583e-09 5.88146e-08 1.32642e-06 2.07139e-05 0.000223992 0.00167724 0.00869696 0.031234 0.0777452 0.134489 0.163414 0.145114 0.106566 0.0809692 0.0691863 0.0581799 0.044959 0.032037 0.0207411 0.0121961 0.00675917 0.00353563 0.00163417 0.00062102
 3.79652e-11 1.7857e-09 5.8159e-08 1.31163e-06 2.0483e-05 0.000221495 0.00165855 0.00860015 0.0308877 0.0768963 0.133111 0.162163 0.145344 0.109441 0.085921 0.0733253 0.0585518 0.0418412 0.0286026 0.0192239 0.0120955 0.00678896 0.00334267 0.00143582 0.000526951
 4.12843e-11 1.94182e-09 6.32437e-08 1.4263e-06 2.22738e-05 0.000240859 0.00180354 0.00935177 0.0335843 0.0835822 0.144495 0.175141 0.154113 0.110022 0.079105 0.0635129 0.05 0.0358523 0.0242617 0.0157604 0.00959112 0.00534657 0.00266182 0.00114173 0.000408107
 3.62192e-11 1.70358e-09 5.54844e-08 1.25131e-06 1.95411e-05 0.000211309 0.00158228 0.00820485 0.0294701 0.0733889 0.127187 0.155641 0.141729 0.111389 0.0929922 0.0820631 0.0651016 0.0446218 0.0283795 0.0176002 0.0104119 0.00566561 0.00275961 0.00116706 0.00041372
 3.55984e-11 1.67438e-09 5.45334e-08 1.22987e-06 1.92061e-05 0.000207687 0.00155516 0.00806415 0.028964 0.0721207 0.124936 0.152641 0.138238 0.107212 0.0884323 0.0791426 0.066271 0.0498553 0.0348598 0.0225543 0.0131272 0.00684107 0.00319438 0.00130878 0.000453703
 3.19992e-11 1.50509e-09 4.90198e-08 1.10552e-06 1.72643e-05 0.00018669 0.00139794 0.00724909 0.0260395 0.0648675 0.112568 0.138459 0.128374 0.10578 0.0945822 0.0884935 0.0747322 0.056272 0.0401778 0.0274163 0.0171067 0.00940919 0.00446585 0.00179889 0.000604503
 3.73493e-11 1.75673e-09 5.72155e-08 1.29036e-06 2.01507e-05 0.000217902 0.00163164 0.00846054 0.0303852 0.0756346 0.130854 0.159073 0.141505 0.104444 0.0800507 0.0689562 0.0586251 0.0466239 0.0353741 0.025196 0.0162845 0.0093572 0.00467096 0.00196207 0.000673198
 3.35953e-11 1.58016e-09 5.14648e-08 1.16066e-06 1.81254e-05 0.000196001 0.00146766 0.00761057 0.0273369 0.0680895 0.118091 0.144927 0.133317 0.107618 0.0933809 0.0849869 0.0695249 0.0502515 0.0349054 0.0242432 0.0161404 0.00974124 0.00510637 0.00224452 0.000802217
 3.65467e-11 1.71898e-09 5.59861e-08 1.26263e-06 1.97177e-05 0.00021322 0.00159658 0.00827882 0.0297335 0.074022 0.128129 0.156066 0.139814 0.105277 0.0832192 0.0729197 0.0616395 0.0478885 0.0351196 0.0241796 0.0153345 0.00893224 0.00469494 0.00212884 0.000792801
 3.19544e-11 1.50298e-09 4.8951e-08 1.10397e-06 1.72401e-05 0.000186428 0.00139598 0.00723894 0.0260032 0.0647789 0.112427 0.138343 0.128443 0.106159 0.0951233 0.0886681 0.0740185 0.0548147 0.0388224 0.0269305 0.0175688 0.0103618 0.00538854 0.00241085 0.000899221
 3.49762e-11 1.64511e-09 5.35802e-08 1.20837e-06 1.88704e-05 0.000204057 0.00152797 0.00792312 0.0284567 0.0708506 0.122688 0.149671 0.134841 0.103178 0.0837671 0.0751979 0.0650136 0.051976 0.0393579 0.0278687 0.0180109 0.0105449 0.0055041 0.00247516 0.000923526
 3.59106e-11 1.68906e-09 5.50117e-08 1.24065e-06 1.93746e-05 0.000209509 0.0015688 0.00813482 0.0292172 0.0727453 0.125978 0.153722 0.13859 0.10613 0.0857469 0.0753214 0.0621914 0.0467571 0.0340899 0.0244624 0.0165008 0.0100147 0.0053093 0.00239544 0.00089457
 3.6272e-11 1.70606e-09 5.55653e-08 1.25314e-06 1.95696e-05 0.000211617 0.00158458 0.00821668 0.0295112 0.073477 0.127243 0.155255 0.139943 0.107102 0.0864531 0.075856 0.0624011 0.0462901 0.0327092 0.0224678 0.0146425 0.00882419 0.00475856 0.00219824 0.000835275
 3.54961e-11 1.66957e-09 5.43767e-08 1.22633e-06 1.91509e-05 0.00020709 0.00155069 0.00804097 0.0288807 0.0719133 0.124576 0.152199 0.137822 0.106825 0.0879031 0.0782095 0.0648495 0.0484093 0.0342832 0.0233384 0.0148535 0.0086711 0.00455931 0.00208798 0.000798324
 3.59492e-11 1.69088e-09 5.50708e-08 1.24199e-06 1.93954e-05 0.000209734 0.00157048 0.00814357 0.0292488 0.0728256 0.126128 0.153957 0.138975 0.106803 0.0868076 0.0766841 0.0635582 0.0476219 0.0339134 0.0231851 0.0147402 0.00851542 0.00438924 0.00196454 0.000738038
 3.49274e-11 1.64282e-09 5.35055e-08 1.20668e-06 1.88441e-05 0.000203773 0.00152585 0.00791219 0.0284187 0.0707682 0.122629 0.149988 0.136362 0.106821 0.089222 0.0800577 0.0664389 0.0494834 0.0350093 0.0238815 0.0152076 0.00879568 0.00451637 0.00199989 0.000739644
 3.34832e-11 1.57489e-09 5.12931e-08 1.15679e-06 1.80649e-05 0.000195347 0.00146276 0.00758512 0.0272448 0.0678538 0.117639 0.144171 0.131997 0.105365 0.090479 0.0829779 0.0701213 0.0533404 0.038469 0.0264794 0.0168665 0.00973275 0.00498806 0.00220279 0.000810059
 3.22111e-11 1.51506e-09 4.93444e-08 1.11284e-06 1.73786e-05 0.000187926 0.00140719 0.007297 0.0262106 0.0652847 0.11323 0.13898 0.127931 0.103577 0.0907745 0.0846329 0.0726642 0.0565181 0.041885 0.0295864 0.0192439 0.0112585 0.00580523 0.00256539 0.000941405
 3.72531e-11 1.75221e-09 5.70682e-08 1.28703e-06 2.00989e-05 0.000217341 0.00162743 0.00843876 0.030307 0.0754406 0.130522 0.158688 0.141218 0.104331 0.0800101 0.068742 0.0580656 0.0459044 0.0349833 0.0254519 0.0170477 0.0102535 0.0054071 0.00242558 0.00089716
 3.56821e-11 1.67831e-09 5.46615e-08 1.23276e-06 1.92513e-05 0.000208175 0.00155881 0.00808311 0.0290323 0.0722932 0.125251 0.153097 0.138863 0.108042 0.0891209 0.078666 0.0637227 0.0459457 0.0318602 0.0221214 0.0148401 0.00914933 0.00496999 0.00228957 0.000864574
#pred catch len freq
 2.17662e-11 1.02378e-09 3.33438e-08 7.51986e-07 1.17434e-05 0.000126989 0.000950906 0.00493119 0.0177162 0.0441628 0.0768389 0.0954606 0.0915772 0.0819919 0.0817096 0.0838679 0.0790085 0.0699187 0.0611499 0.0529542 0.0453988 0.0389395 0.0326375 0.0248662 0.01578
 9.66409e-12 4.54552e-10 1.48045e-08 3.33879e-07 5.21403e-06 5.6384e-05 0.000422249 0.00219048 0.00788104 0.0197575 0.0351393 0.0472407 0.0566886 0.0734286 0.0971527 0.111418 0.107866 0.0957245 0.0835424 0.0717607 0.0599097 0.0486652 0.0379236 0.0269672 0.0162593
 7.9403e-12 3.73474e-10 1.21638e-08 2.74324e-07 4.28399e-06 4.6326e-05 0.000346908 0.00179927 0.00646817 0.0161631 0.0283918 0.0365567 0.0392886 0.0444656 0.0577369 0.0759446 0.0947903 0.110069 0.114626 0.105929 0.0893719 0.0707679 0.0523943 0.0349692 0.01987
 3.12579e-11 1.47022e-09 4.78842e-08 1.07991e-06 1.68643e-05 0.000182363 0.00136551 0.00708028 0.0254237 0.0632422 0.109123 0.131286 0.112389 0.073748 0.0457798 0.0358247 0.0368544 0.044108 0.0544113 0.0622321 0.0623262 0.0539134 0.0404312 0.0261261 0.0141342
 4.18811e-11 1.96989e-09 6.4158e-08 1.44692e-06 2.25958e-05 0.000244341 0.0018296 0.00948682 0.0340677 0.0847709 0.14645 0.177034 0.154214 0.106589 0.0715521 0.0527186 0.0376202 0.0243188 0.0171906 0.0162709 0.0176855 0.0176748 0.0147864 0.0100381 0.0054335
 3.31152e-11 1.55758e-09 5.07294e-08 1.14407e-06 1.78664e-05 0.000193201 0.0014467 0.00750201 0.026949 0.0671443 0.116593 0.143753 0.134337 0.112625 0.101922 0.0932438 0.0727434 0.0466528 0.0266076 0.0152608 0.0101082 0.00817692 0.00688549 0.00499262 0.00284399
 3.04572e-11 1.43256e-09 4.66576e-08 1.05224e-06 1.64323e-05 0.000177693 0.00133058 0.00689986 0.0247858 0.0617544 0.107232 0.132207 0.123591 0.10403 0.0959455 0.0925046 0.0807837 0.0627147 0.0443726 0.0280586 0.0156796 0.00837967 0.00486232 0.00300217 0.00167179
 3.3473e-11 1.57441e-09 5.12775e-08 1.15644e-06 1.80594e-05 0.000195287 0.00146231 0.00758274 0.0272354 0.0678228 0.117533 0.143794 0.13087 0.102908 0.086818 0.0795552 0.0688211 0.05487 0.0418879 0.030041 0.0192089 0.0106728 0.00524516 0.0024042 0.00105341
 3.6837e-11 1.73264e-09 5.64309e-08 1.27266e-06 1.98744e-05 0.000214913 0.00160926 0.00834461 0.0299699 0.0746133 0.129169 0.157408 0.141247 0.106756 0.0845246 0.0731798 0.0599659 0.0447633 0.0323623 0.0230801 0.0155299 0.00937497 0.00488939 0.00216197 0.000813222
 3.4136e-11 1.60559e-09 5.22931e-08 1.17934e-06 1.84171e-05 0.000199155 0.00149128 0.00773304 0.0277765 0.069183 0.119976 0.147185 0.135217 0.108785 0.0939573 0.0851987 0.0693335 0.0493735 0.033141 0.0218962 0.0139664 0.0083187 0.00444678 0.00203519 0.000767396
 3.50866e-11 1.65031e-09 5.37494e-08 1.21218e-06 1.893e-05 0.000204702 0.0015328 0.00794825 0.028548 0.0710893 0.123178 0.150625 0.136834 0.106989 0.0892076 0.0801714 0.0668825 0.0500116 0.0350521 0.0231798 0.0141299 0.00789447 0.00401685 0.0018028 0.000680973
 3.60749e-11 1.69679e-09 5.52633e-08 1.24633e-06 1.94632e-05 0.000210467 0.00157597 0.00817206 0.0293513 0.0730837 0.126593 0.154612 0.139836 0.108 0.0882897 0.0778996 0.0638115 0.0468014 0.0325551 0.0218478 0.0136336 0.00766221 0.00380671 0.00163998 0.000597021
 3.5316e-11 1.6611e-09 5.41008e-08 1.22011e-06 1.90537e-05 0.00020604 0.00154283 0.00800025 0.0287352 0.0715593 0.124019 0.151779 0.13827 0.108854 0.091357 0.0816406 0.0665238 0.0478367 0.0323476 0.021166 0.0130322 0.00732259 0.00365552 0.00157016 0.000562092
 3.25797e-11 1.53239e-09 4.99091e-08 1.12557e-06 1.75775e-05 0.000190076 0.0014233 0.00738059 0.0265117 0.0660433 0.114604 0.140941 0.130597 0.107426 0.0957254 0.0890275 0.0742487 0.054527 0.0374645 0.0245137 0.0148547 0.0081704 0.00401311 0.0017095 0.000608981
 3.17155e-11 1.49174e-09 4.85851e-08 1.09572e-06 1.71112e-05 0.000185034 0.00138554 0.00718481 0.0258085 0.0642923 0.11157 0.137233 0.127246 0.104909 0.0940187 0.0884871 0.0755721 0.0577404 0.0415561 0.0282239 0.0174843 0.00968044 0.00472283 0.0019843 0.000697172
 3.31107e-11 1.55737e-09 5.07226e-08 1.14392e-06 1.7864e-05 0.000193174 0.00144649 0.00750076 0.0269418 0.0671006 0.116341 0.142617 0.130693 0.104584 0.0901611 0.083034 0.0706066 0.0543295 0.0398669 0.0279637 0.0180359 0.0103777 0.0052008 0.00221084 0.000776255
 3.38466e-11 1.59198e-09 5.18499e-08 1.16934e-06 1.8261e-05 0.000197467 0.00147864 0.00766744 0.0275404 0.0685895 0.11891 0.145707 0.133328 0.10623 0.0908293 0.0826383 0.0688626 0.0514025 0.0366446 0.0254279 0.0165857 0.00980967 0.00509035 0.0022361 0.000804391
 3.34254e-11 1.57217e-09 5.12046e-08 1.15479e-06 1.80337e-05 0.00019501 0.00146024 0.00757207 0.0271983 0.0677422 0.117474 0.1441 0.132346 0.106465 0.0922244 0.084572 0.0706196 0.0525394 0.0370093 0.0251465 0.0160402 0.00937761 0.00489479 0.00219433 0.000810734
 3.31417e-11 1.55882e-09 5.07699e-08 1.14499e-06 1.78807e-05 0.000193355 0.00144784 0.0075078 0.0269676 0.0671691 0.11649 0.14294 0.131434 0.106062 0.0923132 0.0850493 0.0714283 0.0535728 0.0380144 0.0258485 0.0163462 0.00940832 0.00483648 0.00215322 0.000799178
 3.21464e-11 1.51201e-09 4.92452e-08 1.1106e-06 1.73437e-05 0.000187548 0.00140436 0.0072824 0.0261587 0.0651619 0.11306 0.13897 0.128551 0.105331 0.0935543 0.0873235 0.0738885 0.0558522 0.0400101 0.0274583 0.0174769 0.0100674 0.00514389 0.00226676 0.000833668
 3.34017e-11 1.57106e-09 5.11683e-08 1.15397e-06 1.8021e-05 0.000194872 0.0014592 0.00756666 0.0271784 0.0676882 0.11735 0.143804 0.131623 0.104993 0.0900949 0.0826543 0.0700007 0.0535135 0.0389123 0.0270657 0.0174202 0.010126 0.00520218 0.00229354 0.000840158
 3.36698e-11 1.58366e-09 5.15789e-08 1.16323e-06 1.81656e-05 0.000196435 0.00147091 0.00762739 0.0273966 0.068233 0.118303 0.145011 0.132845 0.10617 0.0911678 0.083192 0.0694447 0.0518966 0.0369753 0.0255608 0.0165714 0.00975697 0.00507425 0.00225706 0.000830734
 3.34475e-11 1.57321e-09 5.12385e-08 1.15556e-06 1.80457e-05 0.000195139 0.0014612 0.00757708 0.0272162 0.0677862 0.117545 0.144166 0.132338 0.106322 0.0919614 0.0843105 0.070503 0.0526083 0.0371863 0.0253223 0.0161497 0.00941834 0.00490144 0.00219677 0.000816018
 3.32264e-11 1.56281e-09 5.08998e-08 1.14792e-06 1.79264e-05 0.000193849 0.00145155 0.007527 0.0270364 0.0673392 0.116776 0.14325 0.131589 0.105922 0.0919013 0.0845572 0.0710737 0.0534426 0.0380613 0.0259818 0.0164882 0.00951204 0.0048923 0.00217648 0.000807585
 3.35261e-11 1.57691e-09 5.13588e-08 1.15827e-06 1.8088e-05 0.000195597 0.00146463 0.00759484 0.0272798 0.0679426 0.117803 0.144417 0.132363 0.10593 0.091195 0.0835206 0.0701087 0.0527541 0.0376832 0.0258566 0.0164954 0.00953529 0.00488806 0.00215879 0.000794799
 3.20516e-11 1.50755e-09 4.91001e-08 1.10733e-06 1.72925e-05 0.000186995 0.00140023 0.00726097 0.0260821 0.0649746 0.112759 0.138717 0.128681 0.106157 0.0949829 0.0886822 0.0743991 0.0553517 0.0390076 0.0265482 0.0169115 0.00979899 0.00503723 0.0022259 0.000817431
 3.11586e-11 1.46555e-09 4.7732e-08 1.07648e-06 1.68107e-05 0.000181785 0.00136121 0.0070587 0.0253559 0.063169 0.10965 0.135006 0.125613 0.104443 0.094585 0.0895056 0.0765292 0.0584928 0.0422513 0.0290371 0.0184325 0.0106048 0.00542826 0.00239672 0.000880513
 3.34706e-11 1.5743e-09 5.12738e-08 1.15635e-06 1.80581e-05 0.000195274 0.00146221 0.00758223 0.027234 0.0678233 0.117561 0.143956 0.13142 0.104145 0.0886572 0.0812107 0.0692709 0.0537462 0.0397981 0.0281181 0.0182916 0.0106913 0.00550209 0.00242652 0.000889081
 3.50859e-11 1.65027e-09 5.37483e-08 1.21216e-06 1.89296e-05 0.000204697 0.00153277 0.00794808 0.0285473 0.0710868 0.123168 0.150587 0.136709 0.10667 0.0885493 0.0790352 0.0653119 0.0485442 0.0345822 0.0241037 0.0158581 0.00948497 0.00499337 0.00223753 0.000826513
#obs catch len freq
 2.19718e-11 1.03345e-09 3.36588e-08 7.5909e-07 1.18543e-05 0.000128188 0.000959881 0.00497763 0.0178816 0.0445598 0.0774269 0.0957105 0.0903082 0.0779404 0.0749855 0.076836 0.0748445 0.0703483 0.0660134 0.0608401 0.0537761 0.0446602 0.0337218 0.02211 0.0119584
 2.05314e-11 9.65697e-10 3.14521e-08 7.09325e-07 1.10771e-05 0.000119785 0.000896965 0.00465156 0.0167131 0.0416759 0.0726069 0.0906479 0.0883595 0.0818349 0.0841721 0.0869986 0.081087 0.0711238 0.063261 0.0572125 0.0508014 0.0426795 0.0324635 0.0212646 0.0114175
 6.65479e-16 3.13699e-14 1.03062e-12 2.40426e-11 4.25049e-10 6.72622e-09 1.13713e-07 1.89431e-06 2.54106e-05 0.00024703 0.00168412 0.00798934 0.0263912 0.0611379 0.101254 0.125413 0.126706 0.116621 0.104281 0.0909442 0.0773012 0.0634344 0.0480583 0.0315565 0.0169522
 1.11096e-11 5.22543e-10 1.70189e-08 3.83818e-07 5.99387e-06 6.48149e-05 0.00048532 0.00251633 0.0090343 0.0224601 0.038668 0.0461394 0.0384827 0.0243838 0.0196568 0.0349294 0.0691089 0.10661 0.12774 0.126559 0.111055 0.0897993 0.06641 0.0429519 0.0229395
 5.04493e-11 2.37289e-09 7.72835e-08 1.74294e-06 2.72184e-05 0.000294328 0.00220387 0.0114269 0.0410271 0.10201 0.175705 0.209908 0.174781 0.103356 0.0464049 0.0190559 0.00981758 0.00862787 0.0120056 0.0169016 0.0195762 0.0183745 0.0143026 0.00928169 0.00491008
 3.03768e-11 1.42878e-09 4.65343e-08 1.04947e-06 1.6389e-05 0.000177225 0.00132709 0.00688213 0.0247275 0.0616606 0.107422 0.134086 0.130478 0.119579 0.118281 0.110256 0.0808576 0.0439427 0.0189786 0.00925134 0.00785729 0.0083118 0.0075528 0.00538749 0.0029666
 3.79008e-11 1.78267e-09 5.80604e-08 1.30941e-06 2.04483e-05 0.000221119 0.00165573 0.00858542 0.0308331 0.0767438 0.132734 0.161177 0.142815 0.104353 0.0792018 0.0691778 0.0612268 0.0501409 0.0362355 0.0217507 0.0108382 0.00535049 0.00332756 0.00228314 0.00132684
 2.3424e-11 1.10175e-09 3.58834e-08 8.09262e-07 1.26378e-05 0.000136662 0.00102336 0.00530733 0.0190736 0.047605 0.0832284 0.105269 0.106827 0.106749 0.115886 0.117299 0.0982121 0.0705249 0.0485541 0.0332348 0.0209501 0.0113247 0.00531832 0.0023865 0.00107536
 4.19188e-11 1.97166e-09 6.42157e-08 1.44823e-06 2.26161e-05 0.000244561 0.00183124 0.0094952 0.0340962 0.0848241 0.146425 0.176457 0.152005 0.101751 0.0654912 0.0507516 0.0453078 0.0406821 0.0338716 0.0248197 0.0158736 0.0089823 0.00446173 0.00190524 0.000700154
 3.27379e-11 1.53983e-09 5.01513e-08 1.13104e-06 1.76628e-05 0.000190999 0.00143021 0.00741655 0.0266424 0.0663833 0.115293 0.142247 0.133232 0.112264 0.102051 0.0932389 0.072464 0.0472212 0.0295218 0.0200539 0.0139773 0.00881789 0.00470693 0.00207775 0.000751187
 3.67819e-11 1.73004e-09 5.63463e-08 1.27075e-06 1.98446e-05 0.000214592 0.00160685 0.00833209 0.0299248 0.074498 0.128951 0.157058 0.140681 0.105911 0.0838029 0.0737285 0.062686 0.0486086 0.0346851 0.0224702 0.0132169 0.00732597 0.00383235 0.00177136 0.000673159
 3.6375e-11 1.71091e-09 5.57231e-08 1.2567e-06 1.96251e-05 0.000212218 0.00158909 0.00824007 0.0295957 0.0736928 0.127653 0.155925 0.141081 0.109037 0.0890499 0.0780386 0.0629302 0.0451157 0.0308875 0.0207766 0.0130771 0.00734088 0.00361459 0.00155265 0.000569831
 3.98164e-11 1.87277e-09 6.09949e-08 1.37559e-06 2.14818e-05 0.000232295 0.00173941 0.00901935 0.0323916 0.0806246 0.139456 0.169381 0.150171 0.109637 0.0819841 0.0678809 0.0540992 0.038944 0.0263961 0.0171608 0.0104472 0.00582463 0.00289998 0.00124391 0.000444634
 3.45587e-11 1.62548e-09 5.29407e-08 1.19395e-06 1.86452e-05 0.000201622 0.00150975 0.00782884 0.0281211 0.0700443 0.121492 0.149152 0.137357 0.111145 0.096532 0.0872529 0.0698068 0.0479831 0.030562 0.0189709 0.0112277 0.00611057 0.00297652 0.00125882 0.000446254
 3.40443e-11 1.60128e-09 5.21526e-08 1.17617e-06 1.83676e-05 0.00019862 0.00148727 0.0077122 0.0277012 0.068989 0.119598 0.146528 0.134016 0.106699 0.0913342 0.0836606 0.0706346 0.0532806 0.0372992 0.0241474 0.0140584 0.00732721 0.00342153 0.00140187 0.000485978
 3.02887e-11 1.42464e-09 4.63994e-08 1.04642e-06 1.63414e-05 0.00017671 0.00132322 0.00686174 0.0246496 0.0614206 0.106692 0.131727 0.123715 0.105185 0.0977164 0.0933722 0.0794183 0.0599496 0.0428583 0.0292659 0.0182664 0.0100483 0.00476939 0.00192119 0.000645607
 3.5759e-11 1.68193e-09 5.47794e-08 1.23542e-06 1.92928e-05 0.000208624 0.00156217 0.00810041 0.0290929 0.0724291 0.125384 0.152783 0.137072 0.103664 0.082631 0.0731899 0.0628782 0.050171 0.0381151 0.0271646 0.0175613 0.0100918 0.00503788 0.00211623 0.000726095
 3.18466e-11 1.49791e-09 4.8786e-08 1.10025e-06 1.7182e-05 0.000185799 0.00139127 0.00721458 0.0259161 0.0645662 0.112087 0.138058 0.1286 0.107106 0.0967165 0.0900556 0.074255 0.0538178 0.0374373 0.0260235 0.0173321 0.0104618 0.00548434 0.0024107 0.000861617
 3.48246e-11 1.63798e-09 5.33479e-08 1.20313e-06 1.87886e-05 0.000203173 0.00152135 0.00788883 0.0283342 0.0705511 0.122208 0.149266 0.135055 0.104526 0.0861555 0.0776445 0.0663134 0.0516917 0.0379627 0.0261555 0.0165928 0.00966643 0.00508112 0.002304 0.000858037
 3.01846e-11 1.41974e-09 4.624e-08 1.04283e-06 1.62853e-05 0.000176103 0.00131867 0.00683818 0.0245652 0.0612129 0.106348 0.131382 0.123635 0.105568 0.0983946 0.0937158 0.0788071 0.0585121 0.0414986 0.0288095 0.0188011 0.0110899 0.00576749 0.00258044 0.000962482
 3.32609e-11 1.56443e-09 5.09525e-08 1.14911e-06 1.7945e-05 0.00019405 0.00145304 0.00753467 0.0270629 0.067393 0.116788 0.142884 0.130051 0.102319 0.0865254 0.0797455 0.0696001 0.055813 0.0423184 0.0299838 0.0193831 0.0113496 0.00592437 0.0026642 0.000994066
 3.42401e-11 1.61049e-09 5.24525e-08 1.18294e-06 1.84733e-05 0.000199763 0.00149582 0.00775651 0.0278598 0.0693787 0.120237 0.147139 0.134014 0.105486 0.0887025 0.0799515 0.0666333 0.0502523 0.0366909 0.0263482 0.0177783 0.0107913 0.00572122 0.00258132 0.000963994
 3.4452e-11 1.62046e-09 5.27772e-08 1.19026e-06 1.85876e-05 0.000200999 0.00150508 0.00780453 0.0280324 0.0698095 0.12099 0.148093 0.134986 0.106468 0.0897839 0.0810278 0.0673392 0.0501244 0.0354761 0.0243896 0.0159012 0.00958422 0.00516872 0.00238777 0.000907298
 3.38774e-11 1.59343e-09 5.1897e-08 1.17041e-06 1.82776e-05 0.000197647 0.00147998 0.00767441 0.0275655 0.0686515 0.119016 0.145829 0.133415 0.106263 0.0908701 0.0828224 0.0692676 0.0518545 0.0367714 0.0250495 0.0159474 0.00931077 0.00489587 0.00224215 0.00085727
 3.43258e-11 1.61452e-09 5.25838e-08 1.1859e-06 1.85195e-05 0.000200263 0.00149957 0.00777594 0.0279297 0.0695542 0.12055 0.147567 0.134549 0.106227 0.0897655 0.0812948 0.0679858 0.0510896 0.0364318 0.0249241 0.0158507 0.00915799 0.00472066 0.00211291 0.000793782
 3.32492e-11 1.56388e-09 5.09346e-08 1.14871e-06 1.79387e-05 0.000193982 0.00145254 0.00753216 0.0270551 0.0673865 0.116864 0.143385 0.131797 0.106249 0.0923138 0.0848528 0.0710208 0.0530472 0.0375818 0.0256551 0.0163423 0.00945314 0.00485418 0.00214951 0.000794986
 3.18094e-11 1.49616e-09 4.8729e-08 1.09896e-06 1.71619e-05 0.000185582 0.00138965 0.00720608 0.0258848 0.0644808 0.111887 0.137576 0.127412 0.104724 0.0934597 0.0876717 0.0746715 0.0569521 0.041126 0.0283271 0.0180488 0.0104162 0.00533854 0.00235761 0.000866995
 3.04035e-11 1.43003e-09 4.65753e-08 1.05039e-06 1.64034e-05 0.00017738 0.00132823 0.00688766 0.0247418 0.0616415 0.107015 0.131844 0.122935 0.102785 0.0938425 0.0895558 0.0775093 0.0604534 0.0448623 0.0317119 0.0206328 0.0120726 0.00622527 0.00275106 0.00100955
 3.56402e-11 1.67634e-09 5.45974e-08 1.23131e-06 1.92287e-05 0.000207931 0.00155698 0.00807349 0.0289963 0.0721894 0.124974 0.152308 0.13672 0.103535 0.0826105 0.0729977 0.0623142 0.0494286 0.0377202 0.0274604 0.0183978 0.0110666 0.00583611 0.00261807 0.000968361
#spawning biomass
 23423.1 23187.7 17551.3 12618.7 14087.9 23461.1 34748 40511 52167.5 73782.6 91250.3 116976 136686 164603 160393 150015 136711 145066 148788 159161 156251 160193 168446 186465 196259 174876 150033 140827 145154 143287 184987 129105 83145.9 54863.8 39439.2 31598.2 27783.4 25979.5 25142.5 24759.1 24585 24506.4 24471 24455.2 24448.1 24444.9 24443.5 24442.9 24442.6 24442.5 24442.4 24442.4 24442.4 24442.4 24442.4 24442.4 24442.4 24442.4 24442.4 24442.4 24442.4 24442.4 24442.4 24442.4 24442.4 24442.4 24442.4 24442.4 24442.4 24442.4 24442.4 24442.4 24442.4 24442.4 24442.4 24442.4 24442.4 24442.4 24442.4 24442.4 24442.4 24442.4 24442.4 24442.4 24442.4 24442.4 24442.4 24442.4 24442.4 24442.4 24442.4 24442.4 24442.4 24442.4 24442.4 24442.4 24442.4 24442.4 24442.4 24442.4 24442.4 24442.4 24442.4 24442.4 24442.4 24442.4 24442.4 24442.4 24442.4 24442.4 24442.4 24442.4 24442.4 24442.4 24442.4 24442.4 24442.4 24442.4 24442.4 24442.4 24442.4 24442.4 24442.4 24442.4 24442.4 24442.4 24442.4 24442.4 24442.4 0 0 0 0 0 0 0 0 0 0 0 0 0 0 0 0 0 0 0 0 0 0 0 0 0
