SBPRF35
0.244698
Curr Bio
320958
B35
404461
F35
0.414366
FOFL
0.375398
OFL
129988
Bzero
69913.8
#pred survey bio
 80090.4 73132.6 55375 43254.1 69383.5 103641 158533 202586 258305 305066 332190 371529 369899 422726 423890 400706 404392 419161 380495 371706 376079 417909 406180 444516 437132 459947 479724 511302 1.95861e+07 1.02424e+07 7.09812e+06 4.47764e+06 2.79705e+06 1.83865e+06 1.32152e+06 1.04835e+06 903930 826346 783558 759204 744881 736200 730798 727363 725158 723725 722786 722166 721756 721483 721301 721180 721099 721045 721009 720985 720969 720958 720951 720946 720942 720940 720939 720938 720937 720937 720937 720936 720936 720936 720936 720936 720936 720936 720936 720936 720936 720936 720936 720936 720936 720936 720936 720936 720936 720936 720936 720936 720936 720936 720936 720936 720936 720936 720936 720936 720936 720936 720936 720936 720936 720936 720936 720936 720936 720936 720936 720936 720936 720936 720936 720936 720936 720936 720936 720936 720936 720936 720936 720936 720936 720936 720936 720936 720936 720936 720936 720936 0 0 0 0 0 0 0 0 0 0 0 0 0 0 0 0 0 0 0 0 0 0 0 0 0
#obs survey bio
 66132.6 67068.7 32718.4 62511.2 71372 136779 169189 228697 331838 302817 345573 337313 399589 392837 427271 381322 393080 397438 300557 358132 534348 348006 494266 391322 481526 636129 431931 405153
#pred catch bio
 11325.8 13435.5 12945 8166.31 17673.7 25483.2 50762.4 59611.9 78795.2 107969 124632 167906 144585 193364 205224 188297 179491 195028 165324 162849 150547 192026 165684 205750 185202 193421 201358 194874 129988 127590 87937.6 53345.6 31551.6 19669.2 13669.3 10774.1 9416.5 8791.76 8507.87 8379.97 8322.69 8297.14 8285.77 8280.72 8278.49 8277.5 8277.07 8276.87 8276.79 8276.75 8276.73 8276.73 8276.72 8276.72 8276.72 8276.72 8276.72 8276.72 8276.72 8276.72 8276.72 8276.72 8276.72 8276.72 8276.72 8276.72 8276.72 8276.72 8276.72 8276.72 8276.72 8276.72 8276.72 8276.72 8276.72 8276.72 8276.72 8276.72 8276.72 8276.72 8276.72 8276.72 8276.72 8276.72 8276.72 8276.72 8276.72 8276.72 8276.72 8276.72 8276.72 8276.72 8276.72 8276.72 8276.72 8276.72 8276.72 8276.72 8276.72 8276.72 8276.72 8276.72 8276.72 8276.72 8276.72 8276.72 8276.72 8276.72 8276.72 8276.72 8276.72 8276.72 8276.72 8276.72 8276.72 8276.72 8276.72 8276.72 8276.72 8276.72 8276.72 8276.72 8276.72 8276.72 8276.72 8276.72 8276.72 8276.72 0 0 0 0 0 0 0 0 0 0 0 0 0 0 0 0 0 0 0 0 0 0 0 0 0
#obs catch bio
 14346.5 13916 14260.5 8265.84 17965.5 24821 49324 56955.6 72688.5 104979 119922 168928 142005 196230 220782 192434 176758 190657 169270 162342 141609 194606 161538 205816 185647 184300 202357 193735
#pred cpue bio
 74035.8 69013.4 53492.8 40683.1 59513.6 89273.3 136794 175835 225471 268081 291368 323100 319868 365680 365937 345688 347769 361955 331628 323790 325869 361804 351662 384862 377621 398467 416318 442646 1.70692e+07 9.60376e+06 6.90197e+06 4.38903e+06 2.72896e+06 1.7741e+06 1.25754e+06 984462 840061 762480 719692 695338 681016 672334 666932 663497 661292 659860 658920 658300 657890 657617 657435 657314 657233 657179 657143 657119 657103 657092 657085 657080 657077 657075 657073 657072 657072 657071 657071 657071 657071 657070 657070 657070 657070 657070 657070 657070 657070 657070 657070 657070 657070 657070 657070 657070 657070 657070 657070 657070 657070 657070 657070 657070 657070 657070 657070 657070 657070 657070 657070 657070 657070 657070 657070 657070 657070 657070 657070 657070 657070 657070 657070 657070 657070 657070 657070 657070 657070 657070 657070 657070 657070 657070 657070 657070 657070 657070 657070 657070 0 0 0 0 0 0 0 0 0 0 0 0 0 0 0 0 0 0 0 0 0 0 0 0 0
#obs cpue bio
 66279.5 51862.1 33360.4 45197.2 88082.1 84528.2 173671 184746 311173 206140 324882 315373 301457 361430 230053 382528 427083 447088 302752 395516 351029 332606 330658 440540 313271 440952 365672 582142
#pred surv len freq
 2.6811e-11 1.26106e-09 4.10719e-08 9.26274e-07 1.44651e-05 0.00015642 0.00117128 0.00607376 0.0218176 0.0543521 0.0943311 0.116081 0.107826 0.0894429 0.0814095 0.0791526 0.0721939 0.0618209 0.0521292 0.0434491 0.0357878 0.0295464 0.0240296 0.017951 0.0112624
 1.46807e-11 6.9051e-10 2.24895e-08 5.07194e-07 7.9206e-06 8.56514e-05 0.000641394 0.00332666 0.0119592 0.0298867 0.0525114 0.0676399 0.0725052 0.0800963 0.0958282 0.106013 0.101346 0.0888977 0.0760136 0.0631854 0.0504614 0.0389821 0.0289903 0.0198959 0.011725
 7.18662e-12 3.38024e-10 1.10092e-08 2.48286e-07 3.87737e-06 4.19292e-05 0.000313993 0.00162874 0.00585793 0.0146654 0.025947 0.0342734 0.0394736 0.0492747 0.067053 0.0866134 0.102978 0.114225 0.115333 0.103913 0.0848425 0.0641898 0.0450722 0.0286331 0.0156652
 3.09657e-11 1.45648e-09 4.74365e-08 1.06981e-06 1.67066e-05 0.000180658 0.00135274 0.00701401 0.0251848 0.0626388 0.10802 0.129668 0.110078 0.0703258 0.0415912 0.0329594 0.0378373 0.0492236 0.061263 0.0679733 0.0654413 0.0542604 0.0388077 0.0238464 0.0123157
 4.71122e-11 2.21593e-09 7.21715e-08 1.62765e-06 2.5418e-05 0.000274859 0.00205811 0.0106714 0.0383176 0.0953064 0.164383 0.197443 0.167884 0.107158 0.060254 0.0366905 0.0240572 0.0159256 0.0127194 0.0134946 0.0150721 0.0147321 0.0118499 0.00769605 0.00398572
 3.82355e-11 1.79842e-09 5.85733e-08 1.32097e-06 2.06289e-05 0.000223073 0.00167037 0.00866154 0.0311095 0.0774637 0.134193 0.163951 0.148431 0.114726 0.0929789 0.0789562 0.0587084 0.0354956 0.0187424 0.0102974 0.00714259 0.0061651 0.00526329 0.0037379 0.00206081
 3.95152e-11 1.85861e-09 6.05337e-08 1.36518e-06 2.13193e-05 0.000230538 0.00172626 0.00895113 0.0321463 0.080013 0.138389 0.168042 0.14886 0.108499 0.0812413 0.0682363 0.0561939 0.0421054 0.0286971 0.0173443 0.00919881 0.00472152 0.00273142 0.00170532 0.000945859
 3.76922e-11 1.77286e-09 5.7741e-08 1.3022e-06 2.03358e-05 0.000219903 0.00164662 0.00853834 0.0306657 0.0763455 0.132167 0.161059 0.144507 0.109156 0.086218 0.074147 0.0598312 0.0433155 0.029755 0.0196414 0.0118179 0.00622134 0.00290221 0.0012762 0.000546859
 3.68091e-11 1.73133e-09 5.63882e-08 1.27169e-06 1.98593e-05 0.000214751 0.00160805 0.00833832 0.0299475 0.0745595 0.129089 0.157375 0.141429 0.10737 0.0857133 0.0749173 0.061995 0.0464416 0.0328017 0.021923 0.0134199 0.00734398 0.00352104 0.00145383 0.000517169
 3.53382e-11 1.66214e-09 5.41349e-08 1.22088e-06 1.90658e-05 0.000206169 0.00154379 0.00800521 0.0287521 0.0715926 0.124016 0.151493 0.137118 0.106166 0.0873204 0.0779429 0.0652388 0.0495032 0.0356991 0.0245335 0.0154716 0.00870293 0.0042717 0.00178321 0.000618217
 3.65352e-11 1.71844e-09 5.59686e-08 1.26223e-06 1.97115e-05 0.000213153 0.00159608 0.00827624 0.0297242 0.0740004 0.128099 0.156066 0.139928 0.105578 0.083616 0.0730867 0.0613034 0.0472703 0.0348051 0.0244019 0.0157198 0.00907011 0.00457657 0.00195808 0.000688741
 3.85403e-11 1.81275e-09 5.90401e-08 1.3315e-06 2.07933e-05 0.00022485 0.00168367 0.00873032 0.0313539 0.0780454 0.135019 0.164109 0.145879 0.107352 0.0814911 0.0686445 0.0559542 0.0418865 0.0301305 0.0210216 0.0137076 0.00807709 0.00417574 0.00183183 0.000659544
 3.89966e-11 1.83421e-09 5.97392e-08 1.34727e-06 2.10395e-05 0.000227513 0.0017036 0.00883372 0.0317254 0.0789727 0.13664 0.166155 0.147936 0.10933 0.0833878 0.069938 0.0558261 0.0401142 0.0273569 0.018182 0.0114618 0.00664842 0.00344384 0.00153252 0.000562902
 3.86613e-11 1.81844e-09 5.92256e-08 1.33568e-06 2.08586e-05 0.000225557 0.00168896 0.00875779 0.031453 0.0782974 0.13549 0.164845 0.147058 0.109307 0.0842113 0.071287 0.0573316 0.0414367 0.0281577 0.0182983 0.0110819 0.00614395 0.00307191 0.00134258 0.000492148
 3.91225e-11 1.84014e-09 5.99321e-08 1.35162e-06 2.11075e-05 0.000228247 0.0017091 0.00886224 0.0318278 0.0792269 0.137075 0.166662 0.148319 0.109482 0.0833918 0.0700142 0.0561408 0.0405636 0.027584 0.0179045 0.0107467 0.00582527 0.00281191 0.00118254 0.00042017
 3.90427e-11 1.83638e-09 5.98098e-08 1.34886e-06 2.10644e-05 0.000227782 0.00170562 0.00884417 0.0317631 0.079068 0.136814 0.166412 0.148313 0.109921 0.0842293 0.0708659 0.0565645 0.040446 0.0271631 0.017467 0.0104203 0.00560701 0.00266939 0.00109724 0.000378498
 3.98966e-11 1.87655e-09 6.11179e-08 1.37836e-06 2.15251e-05 0.000232764 0.00174292 0.00903754 0.0324569 0.0807877 0.139741 0.16974 0.150532 0.109987 0.0823363 0.0681775 0.0542403 0.0388975 0.0261884 0.0167939 0.00993932 0.00529426 0.0024943 0.00101314 0.00034404
 3.85529e-11 1.81334e-09 5.90594e-08 1.33194e-06 2.08001e-05 0.000224924 0.00168422 0.00873327 0.0313653 0.0780828 0.135144 0.164543 0.14717 0.110179 0.0857669 0.0728633 0.058154 0.0413073 0.0274714 0.0174937 0.0103348 0.00549586 0.00257652 0.00103781 0.000348668
 3.63048e-11 1.7076e-09 5.56155e-08 1.25427e-06 1.95872e-05 0.000211808 0.00158602 0.00822415 0.0295384 0.0735498 0.127402 0.155606 0.140759 0.108765 0.0889955 0.0785912 0.0643514 0.0468953 0.0319223 0.0205383 0.0120996 0.0063838 0.00297167 0.00119023 0.000397476
 3.75648e-11 1.76687e-09 5.75457e-08 1.2978e-06 2.0267e-05 0.000219159 0.00164105 0.00850942 0.0305613 0.0760801 0.131671 0.160284 0.143275 0.107165 0.0836466 0.0721817 0.0598354 0.0453093 0.0323943 0.0217548 0.013222 0.00711271 0.00333695 0.0013355 0.000443869
 3.87613e-11 1.82315e-09 5.93787e-08 1.33914e-06 2.09126e-05 0.00022614 0.00169332 0.00878041 0.0315339 0.0784954 0.135809 0.165124 0.146954 0.108493 0.082711 0.0696398 0.056253 0.0413256 0.0289563 0.0195931 0.0123005 0.00689656 0.00335415 0.00137531 0.000462901
 3.85767e-11 1.81446e-09 5.90959e-08 1.33276e-06 2.0813e-05 0.000225063 0.00168526 0.00873863 0.0313842 0.0781264 0.135196 0.164495 0.146773 0.10915 0.0841468 0.0712442 0.0572832 0.04145 0.0283489 0.01869 0.0115329 0.00647061 0.00320999 0.00135704 0.000470922
 3.83895e-11 1.80566e-09 5.88092e-08 1.32629e-06 2.0712e-05 0.000223971 0.00167708 0.00869624 0.0312322 0.0777498 0.134558 0.163781 0.146335 0.109253 0.0847722 0.0721285 0.0581275 0.0420621 0.0286282 0.0186247 0.0112467 0.00616105 0.00300694 0.00126853 0.000445371
 3.85591e-11 1.81364e-09 5.9069e-08 1.33215e-06 2.08035e-05 0.00022496 0.00168449 0.00873464 0.0313698 0.0780899 0.135128 0.164392 0.146616 0.108911 0.0838736 0.0711324 0.0575435 0.0420405 0.0289416 0.0189671 0.0114508 0.006218 0.00298821 0.00123995 0.000430481
 3.89943e-11 1.8341e-09 5.97356e-08 1.34719e-06 2.10383e-05 0.000227499 0.0017035 0.00883319 0.0317236 0.0789683 0.136633 0.166153 0.147956 0.109403 0.0835629 0.0702842 0.0563787 0.0407541 0.0277917 0.0181592 0.0109937 0.00598867 0.00287379 0.00118339 0.000406055
 3.81132e-11 1.79266e-09 5.83859e-08 1.31675e-06 2.05629e-05 0.000222359 0.00166501 0.00863367 0.0310077 0.0771937 0.133613 0.162716 0.145657 0.109322 0.0855255 0.0731492 0.0589861 0.0426023 0.028924 0.0187757 0.0112939 0.00612826 0.00293837 0.00120997 0.0004143
 3.79642e-11 1.78565e-09 5.81576e-08 1.3116e-06 2.04825e-05 0.00022149 0.0016585 0.00859991 0.0308864 0.0768906 0.133082 0.162037 0.144951 0.108607 0.0848298 0.072737 0.0592069 0.0434709 0.0300426 0.0197098 0.0118771 0.00642199 0.00306373 0.00125644 0.000429086
 3.87629e-11 1.82322e-09 5.93812e-08 1.33919e-06 2.09134e-05 0.000226149 0.00169339 0.00878078 0.0315353 0.0784994 0.135821 0.165157 0.147048 0.108705 0.0830715 0.0701095 0.0567242 0.0416268 0.0289062 0.0191696 0.0117161 0.00641365 0.00307981 0.00126394 0.000430581
#obs surv len freq
 2.33766e-11 1.09952e-09 3.58107e-08 8.07623e-07 1.26122e-05 0.000136384 0.00102126 0.00529596 0.0190262 0.0474214 0.0824643 0.102241 0.0974197 0.0858947 0.0841608 0.0855804 0.0802049 0.0705994 0.0613295 0.0524623 0.043426 0.0340977 0.0244046 0.0151087 0.00769133
 5.63363e-12 2.64979e-10 8.63019e-09 1.94633e-07 3.03952e-06 3.28699e-05 0.000246181 0.00127763 0.00460424 0.0116165 0.0211619 0.0307584 0.0436984 0.0675661 0.0979883 0.117159 0.117532 0.108456 0.0974141 0.0843842 0.0694119 0.0536726 0.0379038 0.0232946 0.0118177
 1.89511e-14 8.91385e-13 2.90341e-11 6.55001e-10 1.02416e-08 1.11301e-07 8.49854e-07 4.74539e-06 2.18768e-05 0.00010232 0.000506456 0.00219964 0.00732413 0.0183531 0.0365346 0.0627682 0.096767 0.129936 0.147464 0.143537 0.124404 0.0978895 0.0690053 0.0420344 0.0211468
 5.24351e-11 2.4663e-09 8.03257e-08 1.81155e-06 2.82898e-05 0.000305913 0.00229061 0.0118766 0.04264 0.106006 0.182486 0.217529 0.179566 0.102719 0.0410376 0.0125262 0.00569559 0.00763334 0.0122745 0.0165698 0.0182397 0.0165142 0.0124235 0.0077351 0.00390081
 3.52598e-11 1.65845e-09 5.40147e-08 1.21817e-06 1.90235e-05 0.000205713 0.00154039 0.00798785 0.0286943 0.0714922 0.12414 0.15304 0.142916 0.119359 0.106469 0.0936932 0.0666018 0.0349066 0.014393 0.00723368 0.00678503 0.00728402 0.00644299 0.00443852 0.00235598
 4.01304e-11 1.88754e-09 6.1476e-08 1.38644e-06 2.16512e-05 0.000234127 0.00175313 0.00909039 0.0326456 0.0812458 0.140455 0.170244 0.149832 0.107201 0.0780796 0.065206 0.0552666 0.0431797 0.0298765 0.0173394 0.00846893 0.00422641 0.00270705 0.00186267 0.00106205
 3.97883e-11 1.87145e-09 6.09519e-08 1.37462e-06 2.14666e-05 0.000232131 0.00173819 0.00901301 0.0323692 0.0805716 0.139384 0.169386 0.150467 0.110425 0.0831014 0.0686201 0.0538221 0.0379793 0.0257355 0.0171139 0.0104131 0.00545558 0.00251469 0.00112577 0.000508457
 3.66329e-11 1.72303e-09 5.61181e-08 1.26561e-06 1.97643e-05 0.000213723 0.00160035 0.00829847 0.0298054 0.0742139 0.128549 0.156989 0.141949 0.10953 0.0893222 0.0783884 0.063433 0.0453472 0.0302675 0.0193693 0.0116058 0.00632684 0.00304695 0.00126698 0.00045697
 3.82149e-11 1.79744e-09 5.85416e-08 1.32026e-06 2.06178e-05 0.000222952 0.00166945 0.00865664 0.0310897 0.0773909 0.133909 0.162866 0.145124 0.107565 0.0827151 0.0705667 0.0581347 0.0437783 0.0310907 0.0207437 0.0125731 0.00680861 0.0032584 0.00134686 0.000467842
 3.36241e-11 1.58152e-09 5.1509e-08 1.16166e-06 1.8141e-05 0.000196169 0.00146892 0.0076171 0.0273603 0.0681475 0.11819 0.145039 0.133398 0.107666 0.0935216 0.085482 0.0705488 0.0515102 0.0356702 0.0240094 0.0151059 0.00852193 0.00418455 0.00174239 0.000600522
 3.87167e-11 1.82105e-09 5.93103e-08 1.3376e-06 2.08885e-05 0.00022588 0.00169137 0.00877022 0.0314966 0.0783935 0.135574 0.164562 0.145579 0.105708 0.0787609 0.0662975 0.0555965 0.0435997 0.0324449 0.0225641 0.0142496 0.00807956 0.00404569 0.00173008 0.000609064
 3.83335e-11 1.80302e-09 5.87233e-08 1.32436e-06 2.06818e-05 0.000223644 0.00167464 0.00868356 0.031187 0.0776384 0.134374 0.163603 0.146314 0.109485 0.085079 0.0719919 0.0571238 0.0405547 0.0276629 0.01885 0.0123004 0.00727126 0.00374556 0.00163164 0.000584389
 3.81538e-11 1.79457e-09 5.8448e-08 1.31815e-06 2.05848e-05 0.000222596 0.00166679 0.00864286 0.0310408 0.0772746 0.133745 0.162842 0.145659 0.109094 0.0850846 0.0726702 0.0586504 0.0424213 0.0288094 0.0187538 0.0114854 0.00652145 0.00335277 0.00149217 0.000548345
 3.77446e-11 1.77533e-09 5.78212e-08 1.30402e-06 2.03641e-05 0.000220209 0.00164891 0.0085502 0.0307083 0.0764501 0.13234 0.161233 0.144549 0.108958 0.0858312 0.0738068 0.0597327 0.0433467 0.0296505 0.0194384 0.0118367 0.00653963 0.00323296 0.00139627 0.000508193
 3.83062e-11 1.80174e-09 5.86814e-08 1.32342e-06 2.0667e-05 0.000223485 0.00167344 0.00867736 0.0311645 0.0775808 0.134263 0.163416 0.145987 0.108951 0.0845025 0.0719313 0.0580977 0.0422601 0.0290257 0.0191133 0.0116843 0.00645493 0.00316015 0.00133667 0.000474298
 3.68822e-11 1.73476e-09 5.65001e-08 1.27422e-06 1.98988e-05 0.000215177 0.00161124 0.00835491 0.0300077 0.0747135 0.129386 0.157879 0.14233 0.108944 0.0878262 0.0766165 0.0621521 0.0449346 0.030611 0.020075 0.0122823 0.00680485 0.00333575 0.00140585 0.000493766
 4.14811e-11 1.95107e-09 6.35451e-08 1.4331e-06 2.23799e-05 0.000242007 0.00181213 0.0093963 0.0337439 0.0839757 0.145151 0.175819 0.154337 0.109396 0.0777129 0.062013 0.0491551 0.0359149 0.0249044 0.0164834 0.010081 0.00556623 0.00272329 0.00114712 0.000402282
 3.51286e-11 1.65228e-09 5.38136e-08 1.21363e-06 1.89526e-05 0.000204946 0.00153464 0.00795787 0.028584 0.0711913 0.123441 0.151354 0.138776 0.11104 0.0950055 0.0850958 0.0678599 0.0466588 0.0298972 0.0188314 0.0113771 0.00630746 0.00309889 0.00130615 0.000457495
 3.60911e-11 1.69755e-09 5.52881e-08 1.24689e-06 1.94719e-05 0.000210562 0.00157668 0.00817568 0.0293638 0.0731083 0.126593 0.154412 0.139032 0.106168 0.0857344 0.0761221 0.0644004 0.0495581 0.0355162 0.0234104 0.0138293 0.00732712 0.00348508 0.00145023 0.000506802
 3.71387e-11 1.74682e-09 5.68929e-08 1.28308e-06 2.00371e-05 0.000216673 0.00162244 0.00841293 0.0302153 0.0752227 0.130215 0.158644 0.142231 0.107243 0.0846275 0.0731916 0.0600957 0.0449503 0.0322749 0.0223951 0.0143027 0.00805739 0.00390749 0.00160438 0.00054823
 3.9736e-11 1.86899e-09 6.08717e-08 1.37281e-06 2.14384e-05 0.000231826 0.0017359 0.00900111 0.0323259 0.0804589 0.139155 0.168946 0.149565 0.108733 0.0807657 0.0666725 0.0533996 0.0390497 0.0272692 0.0184977 0.0118071 0.00685117 0.00348844 0.00149842 0.000525082
 3.77831e-11 1.77714e-09 5.78802e-08 1.30534e-06 2.03848e-05 0.000220433 0.0016506 0.00855895 0.0307401 0.076533 0.132509 0.161558 0.145214 0.110206 0.0875435 0.07518 0.0598153 0.0420262 0.0277745 0.0179467 0.0110685 0.00630296 0.00321245 0.00140848 0.000509383
 3.72299e-11 1.75112e-09 5.70327e-08 1.28623e-06 2.00863e-05 0.000217206 0.00162643 0.00843363 0.0302899 0.0754117 0.130564 0.159172 0.143033 0.10854 0.0864772 0.075164 0.0614429 0.0450416 0.0309113 0.0200595 0.0119927 0.0065255 0.00320186 0.00137647 0.000497308
 3.93011e-11 1.84853e-09 6.02055e-08 1.35779e-06 2.12038e-05 0.000229289 0.0017169 0.00890263 0.0319726 0.0795832 0.137665 0.167256 0.148454 0.108754 0.0818677 0.0683381 0.0550879 0.0404474 0.028185 0.0187937 0.0115511 0.00635686 0.00307841 0.00128582 0.000451501
 3.73854e-11 1.75843e-09 5.72709e-08 1.2916e-06 2.01703e-05 0.000218113 0.00163322 0.00846888 0.0304169 0.0757304 0.131135 0.159955 0.144008 0.109796 0.087879 0.0759864 0.0608695 0.0431891 0.0288805 0.0188018 0.0115586 0.00646132 0.00318421 0.00134013 0.000467494
 3.76135e-11 1.76916e-09 5.76203e-08 1.29948e-06 2.02933e-05 0.000219444 0.00164318 0.00852048 0.0306015 0.0761835 0.131874 0.160644 0.143956 0.108399 0.0853556 0.0736552 0.060179 0.0442934 0.0306186 0.0200522 0.0120983 0.00661445 0.00322807 0.00136301 0.000479108
 3.81807e-11 1.79584e-09 5.84892e-08 1.31908e-06 2.05993e-05 0.000222753 0.00166796 0.00864894 0.0310625 0.0773273 0.133828 0.1629 0.145576 0.108747 0.084475 0.0720015 0.0582334 0.0424959 0.029394 0.0195538 0.012063 0.00668561 0.00325802 0.00136248 0.000475178
 3.8144e-11 1.79411e-09 5.84329e-08 1.31781e-06 2.05795e-05 0.000222538 0.00166636 0.00864063 0.0310328 0.0772551 0.133714 0.162817 0.145674 0.109177 0.0852021 0.0727119 0.0585406 0.042271 0.0288327 0.0189722 0.0116768 0.0065196 0.003217 0.00135864 0.000475265
#pred catch len freq
 2.40711e-11 1.13219e-09 3.68747e-08 8.31617e-07 1.29869e-05 0.000140436 0.00105159 0.00545323 0.0195903 0.0488196 0.084841 0.10493 0.0991608 0.0857746 0.0822338 0.0826209 0.0769386 0.0672156 0.0576984 0.0487026 0.0404568 0.0335871 0.0274014 0.0205001 0.0128697
 1.27423e-11 5.99338e-10 1.952e-08 4.40226e-07 6.8748e-06 7.43427e-05 0.000556716 0.00288762 0.0103831 0.025969 0.0457724 0.0596329 0.0659906 0.076642 0.0951154 0.107222 0.104131 0.0930322 0.0808897 0.0680297 0.0547553 0.0425203 0.0317218 0.0218065 0.0128608
 6.0566e-12 2.84874e-10 9.27816e-09 2.09246e-07 3.2677e-06 3.53365e-05 0.000264627 0.00137276 0.0049386 0.0123769 0.0219869 0.0294566 0.0351888 0.0461637 0.0649486 0.0855947 0.103583 0.116641 0.11902 0.108037 0.0887275 0.0674254 0.0474802 0.030212 0.0165428
 2.78687e-11 1.31081e-09 4.26923e-08 9.62817e-07 1.50358e-05 0.00016259 0.00121745 0.00631256 0.0226665 0.0563794 0.0972525 0.116871 0.0996497 0.0647225 0.0401637 0.0341534 0.0409898 0.0544097 0.0684126 0.0763703 0.0738245 0.0613837 0.0439885 0.0270649 0.0139889
 4.54963e-11 2.13993e-09 6.96961e-08 1.57182e-06 2.45462e-05 0.000265432 0.00198752 0.0103054 0.0370042 0.0920462 0.158804 0.190951 0.163045 0.105583 0.0615423 0.0392567 0.0265499 0.0180066 0.0147994 0.0160015 0.0179932 0.0176289 0.0141963 0.00922641 0.00478043
 3.62349e-11 1.70432e-09 5.55086e-08 1.25186e-06 1.95496e-05 0.000211401 0.00158298 0.00820851 0.0294841 0.0734334 0.127328 0.156113 0.143098 0.114279 0.0969791 0.0848545 0.0639649 0.0391037 0.0209794 0.011768 0.00831136 0.00724034 0.00620053 0.00440777 0.00243102
 3.76214e-11 1.76953e-09 5.76325e-08 1.29976e-06 2.02976e-05 0.00021949 0.00164353 0.00852225 0.0306073 0.0761946 0.131868 0.160518 0.143474 0.107344 0.0840159 0.0731145 0.0614307 0.0467584 0.0323072 0.0197183 0.0105341 0.00544658 0.00317163 0.00198691 0.00110332
 3.5673e-11 1.67789e-09 5.46478e-08 1.23244e-06 1.92464e-05 0.000208123 0.00155842 0.00808107 0.0290249 0.0722746 0.125217 0.15305 0.138808 0.108009 0.0892575 0.0793002 0.0651493 0.047931 0.0334797 0.0223855 0.0135763 0.00718331 0.00336367 0.00148368 0.000637123
 3.47519e-11 1.63456e-09 5.32367e-08 1.20062e-06 1.87494e-05 0.000202749 0.00151818 0.00787243 0.0282757 0.0704111 0.122003 0.149189 0.135534 0.106007 0.088531 0.0799354 0.0673719 0.051291 0.0367995 0.024888 0.0153551 0.00844825 0.00406528 0.00168256 0.000599483
 3.33306e-11 1.56771e-09 5.10593e-08 1.15151e-06 1.79826e-05 0.000194457 0.00145609 0.00755054 0.0271205 0.0675437 0.117098 0.143489 0.131316 0.104724 0.0898936 0.0826516 0.0703623 0.0542243 0.0396999 0.0275923 0.0175283 0.00990814 0.00487934 0.00204123 0.000708624
 3.45962e-11 1.62724e-09 5.29981e-08 1.19524e-06 1.86654e-05 0.00020184 0.00151138 0.00783711 0.0281484 0.0700896 0.121415 0.148324 0.134288 0.104103 0.0859765 0.0775097 0.0661818 0.0518346 0.0387301 0.0274471 0.0178059 0.0103223 0.0052248 0.00223988 0.000788826
 3.68801e-11 1.73466e-09 5.64969e-08 1.27415e-06 1.98976e-05 0.000215165 0.00161115 0.00835435 0.0300047 0.0746976 0.1293 0.157497 0.141105 0.106211 0.0836873 0.0725758 0.0601471 0.0456713 0.0333133 0.0234868 0.0154181 0.0091244 0.00473038 0.00207874 0.000749238
 3.72426e-11 1.75171e-09 5.70522e-08 1.28667e-06 2.00932e-05 0.00021728 0.00162698 0.0084365 0.0303001 0.0754366 0.130603 0.159198 0.142985 0.108332 0.0860233 0.0743964 0.0603989 0.044038 0.03049 0.0205097 0.0130318 0.00759794 0.00394859 0.00176061 0.000647433
 3.70561e-11 1.74294e-09 5.67665e-08 1.28023e-06 1.99926e-05 0.000216192 0.00161884 0.00839427 0.0301486 0.0750612 0.129965 0.158479 0.142529 0.108401 0.0866417 0.0754101 0.0615898 0.0451094 0.031069 0.0204054 0.0124459 0.00693367 0.00347813 0.00152321 0.000559025
 3.76044e-11 1.76873e-09 5.76064e-08 1.29917e-06 2.02884e-05 0.00021939 0.00164279 0.00851843 0.0305941 0.0761662 0.13185 0.160643 0.144041 0.108636 0.0857087 0.0739334 0.0601835 0.044048 0.030345 0.0198976 0.0120232 0.00654671 0.00316997 0.00133581 0.000475215
 3.74932e-11 1.7635e-09 5.74361e-08 1.29533e-06 2.02284e-05 0.000218742 0.00163793 0.00849327 0.030504 0.0759443 0.131483 0.160275 0.143967 0.109104 0.086661 0.0749274 0.0607128 0.0439775 0.0299309 0.0194514 0.0116853 0.00631691 0.00301683 0.00124258 0.000429175
 3.83189e-11 1.80234e-09 5.8701e-08 1.32385e-06 2.06739e-05 0.000223559 0.001674 0.00868025 0.0311748 0.0776072 0.134313 0.163491 0.146107 0.109154 0.0848149 0.0723216 0.0584812 0.0425131 0.0290171 0.0188092 0.0112116 0.0060008 0.00283652 0.0011546 0.000392599
 3.69788e-11 1.73931e-09 5.66481e-08 1.27756e-06 1.99509e-05 0.000215741 0.00161546 0.00837681 0.0300862 0.0749098 0.129729 0.158313 0.142769 0.109379 0.0882837 0.0770342 0.0623901 0.0448866 0.0302547 0.0194745 0.0115869 0.00619072 0.00291152 0.00117517 0.000395326
 3.45628e-11 1.62567e-09 5.2947e-08 1.19409e-06 1.86474e-05 0.000201646 0.00150992 0.00782967 0.0281228 0.0700379 0.121406 0.148694 0.135831 0.107755 0.0915986 0.083053 0.0690118 0.0509676 0.0351703 0.0228696 0.0135684 0.00719358 0.00335995 0.00134872 0.000451019
 3.58407e-11 1.68578e-09 5.49046e-08 1.23824e-06 1.93368e-05 0.000209101 0.00156574 0.00811898 0.0291602 0.0726035 0.125731 0.153419 0.138321 0.105992 0.0859639 0.0763525 0.0643443 0.0494196 0.0358093 0.0242869 0.0148569 0.0080281 0.00377825 0.00151528 0.000504288
 3.70059e-11 1.74058e-09 5.66896e-08 1.27849e-06 1.99655e-05 0.000215899 0.00161664 0.00838287 0.0301074 0.074956 0.129765 0.158149 0.141961 0.107409 0.0852219 0.0739908 0.0608055 0.0453375 0.0322418 0.0220651 0.0139532 0.0078598 0.00383436 0.00157531 0.000530887
 3.697e-11 1.73889e-09 5.66347e-08 1.27725e-06 1.99461e-05 0.00021569 0.00161508 0.00837478 0.0300786 0.0748872 0.129666 0.158121 0.142232 0.108225 0.0865499 0.0753331 0.0615086 0.0451047 0.0312716 0.0208392 0.0129503 0.00729971 0.00363233 0.00153847 0.000534481
 3.66539e-11 1.72402e-09 5.61503e-08 1.26633e-06 1.97756e-05 0.000213845 0.00160126 0.00830318 0.0298218 0.0742507 0.128584 0.156897 0.141438 0.108273 0.087399 0.0765868 0.0627354 0.046043 0.031791 0.0209167 0.0127256 0.00700654 0.00343132 0.0014507 0.000509991
 3.69579e-11 1.73832e-09 5.6616e-08 1.27683e-06 1.99396e-05 0.000215619 0.00161454 0.00837202 0.0300686 0.0748616 0.129616 0.158037 0.142082 0.10797 0.086244 0.0751994 0.0617848 0.0457461 0.0319147 0.0211314 0.012844 0.00700661 0.0033778 0.00140446 0.000488206
 3.7321e-11 1.7554e-09 5.71723e-08 1.28938e-06 2.01355e-05 0.000217737 0.00163041 0.00845426 0.0303638 0.0755949 0.130875 0.159518 0.143239 0.108465 0.0861056 0.0745886 0.0608177 0.0445831 0.0308373 0.0203739 0.0124244 0.00680081 0.00327414 0.00135109 0.000464201
 3.63993e-11 1.71205e-09 5.57603e-08 1.25753e-06 1.96382e-05 0.00021236 0.00159014 0.00824553 0.029615 0.0737384 0.127714 0.15592 0.140826 0.108364 0.0881352 0.0775672 0.0635453 0.0465346 0.0320443 0.0210343 0.0127458 0.00695025 0.0033436 0.00137977 0.000473059
 3.62315e-11 1.70415e-09 5.55032e-08 1.25174e-06 1.95477e-05 0.000211381 0.00158281 0.00820751 0.0294783 0.0733971 0.127116 0.155156 0.140034 0.107566 0.087363 0.077112 0.063794 0.0475039 0.0332926 0.0220781 0.013399 0.00728003 0.00348464 0.00143213 0.000489739
 3.69687e-11 1.73883e-09 5.66326e-08 1.27721e-06 1.99454e-05 0.000215682 0.00161502 0.00837446 0.0300773 0.074882 0.129644 0.158032 0.141956 0.107625 0.0856869 0.0746218 0.0614444 0.0457723 0.0322601 0.0216384 0.0133236 0.00732987 0.00353162 0.00145252 0.000495502
#obs catch len freq
 2.41905e-11 1.1378e-09 3.70575e-08 8.3574e-07 1.30513e-05 0.000141132 0.00105681 0.00548027 0.0196876 0.0490628 0.0852692 0.105486 0.0997643 0.0864239 0.0828779 0.0830045 0.0769357 0.0674238 0.0592195 0.0518409 0.0437621 0.0346127 0.0247684 0.015337 0.00783215
 2.22714e-11 1.04754e-09 3.41177e-08 7.69441e-07 1.20159e-05 0.000129936 0.000972979 0.00504568 0.018128 0.0451926 0.0786549 0.0978308 0.0942113 0.0850608 0.0854844 0.0879854 0.0827161 0.072816 0.0632226 0.0540595 0.0447369 0.0351219 0.0251356 0.0155606 0.00792119
 5.25976e-12 2.47394e-10 8.05746e-09 1.81717e-07 2.83781e-06 3.06887e-05 0.00022985 0.00119296 0.00430042 0.0108627 0.0198743 0.0292717 0.0426304 0.0673232 0.0984965 0.118035 0.11842 0.109211 0.0980337 0.0848875 0.0698093 0.0539721 0.0381121 0.0234216 0.0118818
 1.76052e-14 8.28081e-13 2.69724e-11 6.08503e-10 9.51555e-09 1.03451e-07 7.91117e-07 4.44172e-06 2.07991e-05 9.97648e-05 0.000502909 0.00219944 0.00733721 0.0183907 0.0365973 0.0628382 0.0968194 0.129957 0.147451 0.143497 0.124349 0.0978351 0.0689619 0.0420062 0.0211321
 5.20723e-11 2.44923e-09 7.97698e-08 1.79901e-06 2.80941e-05 0.000303796 0.00227476 0.0117944 0.042345 0.105272 0.181223 0.216024 0.178325 0.102015 0.040783 0.0125363 0.00590418 0.00808866 0.0130343 0.0175963 0.0193684 0.0175353 0.0131911 0.00821282 0.00414164
 3.42655e-11 1.61168e-09 5.24915e-08 1.18382e-06 1.8487e-05 0.000199912 0.00149695 0.0077627 0.0278867 0.0694911 0.120742 0.149209 0.140475 0.119602 0.10914 0.0972295 0.0693944 0.0364078 0.0150101 0.00753353 0.00705804 0.00757519 0.00670026 0.00461567 0.00244999
 3.93432e-11 1.85051e-09 6.02701e-08 1.35924e-06 2.12265e-05 0.000229535 0.00171874 0.00891212 0.032006 0.0796594 0.137751 0.167145 0.147688 0.106931 0.0795479 0.0675305 0.057566 0.0450132 0.0311345 0.0180632 0.00882002 0.00440015 0.0028175 0.00193843 0.00110522
 3.89636e-11 1.83266e-09 5.96886e-08 1.34613e-06 2.10217e-05 0.00022732 0.00170216 0.00882627 0.0316992 0.0789105 0.136556 0.166162 0.148289 0.110288 0.0848318 0.0711627 0.0561287 0.039642 0.0268482 0.0178431 0.0108531 0.00568501 0.00262011 0.00117284 0.000529675
 3.57778e-11 1.68281e-09 5.48082e-08 1.23606e-06 1.93029e-05 0.000208734 0.001563 0.00810483 0.0291106 0.0724913 0.125615 0.153644 0.139686 0.109381 0.091112 0.0810359 0.0658574 0.0471047 0.0314232 0.020097 0.0120372 0.00656055 0.00315907 0.0013135 0.000473722
 3.74662e-11 1.76223e-09 5.73947e-08 1.2944e-06 2.02139e-05 0.000218584 0.00163675 0.00848711 0.0304814 0.0758825 0.131339 0.159927 0.143107 0.107355 0.0841644 0.0727803 0.0602286 0.0453774 0.0322083 0.0214778 0.0130136 0.00704567 0.00337139 0.00139345 0.000484001
 3.28472e-11 1.54497e-09 5.03188e-08 1.13482e-06 1.77218e-05 0.000191637 0.00143498 0.00744117 0.0267291 0.0665825 0.115524 0.141996 0.131331 0.107503 0.0951035 0.0878378 0.0727153 0.0530992 0.0367454 0.0247176 0.0155456 0.00876817 0.00430493 0.00179238 0.000617723
 3.81065e-11 1.79235e-09 5.83756e-08 1.31652e-06 2.05593e-05 0.00022232 0.00166472 0.00863204 0.0310008 0.0771638 0.133477 0.162158 0.143911 0.105483 0.0798623 0.0680271 0.0572725 0.0449266 0.0334117 0.023224 0.0146615 0.0083114 0.00416124 0.00177935 0.000626383
 3.76523e-11 1.77098e-09 5.76797e-08 1.30082e-06 2.03142e-05 0.00021967 0.00164488 0.0085293 0.0306335 0.0762661 0.132037 0.160937 0.144509 0.10936 0.0864896 0.074071 0.0590101 0.0419111 0.0285687 0.019454 0.0126895 0.00749968 0.00386278 0.00168259 0.00060261
 3.75216e-11 1.76484e-09 5.74795e-08 1.29631e-06 2.02437e-05 0.000218907 0.00163917 0.0084997 0.0305271 0.076001 0.131576 0.160367 0.14398 0.10897 0.086387 0.0746071 0.060432 0.0437223 0.0296733 0.0193038 0.0118175 0.00670839 0.00344839 0.0015346 0.000563914
 3.71807e-11 1.7488e-09 5.69573e-08 1.28453e-06 2.00598e-05 0.000216919 0.00162428 0.0084225 0.0302501 0.0753141 0.130405 0.159026 0.143054 0.108852 0.0869992 0.0755393 0.0613226 0.0445055 0.030421 0.0199303 0.0121314 0.00670087 0.00331221 0.00143037 0.000520579
 3.77152e-11 1.77394e-09 5.77762e-08 1.303e-06 2.03482e-05 0.000220037 0.00164763 0.00854353 0.0306844 0.0763903 0.132236 0.161102 0.144417 0.108833 0.0857157 0.0737372 0.0597606 0.0434789 0.0298421 0.0196382 0.0120004 0.00662808 0.00324447 0.00137223 0.00048689
 3.63941e-11 1.7118e-09 5.57523e-08 1.25735e-06 1.96354e-05 0.000212329 0.00158992 0.00824437 0.0296111 0.0737302 0.127712 0.15597 0.141041 0.108864 0.0888544 0.078131 0.0635318 0.0459281 0.0312628 0.020488 0.0125297 0.00694031 0.00340168 0.00143352 0.000503459
 4.08905e-11 1.92329e-09 6.26403e-08 1.4127e-06 2.20613e-05 0.000238561 0.00178633 0.00926256 0.033264 0.0827858 0.143124 0.173504 0.152759 0.109259 0.0788983 0.0637944 0.0508116 0.0371476 0.025744 0.0170288 0.0104107 0.00574699 0.00281135 0.00118411 0.000415235
 3.44832e-11 1.62192e-09 5.28249e-08 1.19134e-06 1.86044e-05 0.000201181 0.00150645 0.00781172 0.0280596 0.0698916 0.121229 0.148838 0.137097 0.110989 0.0964451 0.0871677 0.0697002 0.0479286 0.0306878 0.019315 0.0116639 0.00646487 0.00317578 0.00133845 0.000468786
 3.54707e-11 1.66837e-09 5.43377e-08 1.22545e-06 1.91372e-05 0.000206942 0.00154958 0.00803518 0.0288597 0.0718582 0.124463 0.151975 0.137357 0.105986 0.0869266 0.0779551 0.0661493 0.0509065 0.0364586 0.0240183 0.0141836 0.00751311 0.00357301 0.00148668 0.000519513
 3.64886e-11 1.71625e-09 5.5897e-08 1.26062e-06 1.96864e-05 0.000212881 0.00159404 0.00826571 0.0296871 0.0739129 0.127983 0.156093 0.140484 0.107069 0.0858957 0.0751111 0.0618884 0.0463005 0.0332213 0.0230376 0.0147079 0.00828401 0.00401692 0.00164918 0.000563513
 3.91639e-11 1.84208e-09 5.99954e-08 1.35305e-06 2.11298e-05 0.000228489 0.00171091 0.00887158 0.0318612 0.0793065 0.137191 0.166704 0.148037 0.1086 0.0819114 0.06839 0.0549886 0.040225 0.0280707 0.0190292 0.0121416 0.00704372 0.00358603 0.00154023 0.00053971
 3.71342e-11 1.74661e-09 5.6886e-08 1.28292e-06 2.00347e-05 0.000216647 0.00162225 0.008412 0.0302129 0.0752259 0.130284 0.159022 0.143508 0.110115 0.0889321 0.0772101 0.061648 0.0433267 0.0286143 0.0184766 0.0113904 0.00648473 0.00330464 0.00144879 0.000523938
 3.66137e-11 1.72213e-09 5.60888e-08 1.26494e-06 1.97539e-05 0.000213611 0.00159951 0.0082941 0.0297893 0.0741705 0.12845 0.156759 0.141394 0.108413 0.0877381 0.0770472 0.0631858 0.0463265 0.0317714 0.0206048 0.0123139 0.00669871 0.00328636 0.00141267 0.000510362
 3.87177e-11 1.82109e-09 5.93119e-08 1.33763e-06 2.08891e-05 0.000225886 0.00169142 0.00877054 0.0314987 0.078408 0.135663 0.16497 0.146897 0.108623 0.0830436 0.0701005 0.056722 0.0416595 0.02901 0.0193317 0.0118772 0.00653494 0.00316422 0.00132156 0.000464025
 3.67619e-11 1.7291e-09 5.63157e-08 1.27006e-06 1.98338e-05 0.000214475 0.00160598 0.00832768 0.0299102 0.0744744 0.128996 0.157517 0.142365 0.109701 0.0892028 0.0779285 0.0626298 0.0444472 0.0297006 0.0193224 0.0118737 0.00663592 0.00326982 0.00137606 0.000480003
 3.70159e-11 1.74105e-09 5.67048e-08 1.27884e-06 1.99709e-05 0.000215957 0.00161708 0.00838515 0.030116 0.0749796 0.129823 0.158303 0.142363 0.10827 0.0865694 0.0754727 0.0618647 0.0455411 0.0314595 0.0205901 0.012418 0.00678768 0.00331213 0.00139839 0.000491519
 3.76001e-11 1.76853e-09 5.75998e-08 1.29902e-06 2.02861e-05 0.000219366 0.0016426 0.00851747 0.0305908 0.0761577 0.131836 0.160627 0.144031 0.108627 0.0856611 0.0737688 0.0598619 0.0436921 0.0301999 0.0200768 0.0123809 0.00686025 0.00334269 0.00139777 0.000487462
#spawning biomass
 66020.7 66860.7 53444 35652.5 36823.1 64840.3 97528.4 130101 170417 208585 222634 236917 230700 265238 262583 248056 244748 262140 251827 241373 236654 263117 256473 279968 271820 292114 306734 320958 368326 460957 310644 184487 106797 64720.5 43515.6 33289.2 28494.8 26288.6 25286.1 24834.4 24632.2 24541.9 24501.8 24483.9 24476.1 24472.6 24471 24470.4 24470.1 24469.9 24469.9 24469.8 24469.8 24469.8 24469.8 24469.8 24469.8 24469.8 24469.8 24469.8 24469.8 24469.8 24469.8 24469.8 24469.8 24469.8 24469.8 24469.8 24469.8 24469.8 24469.8 24469.8 24469.8 24469.8 24469.8 24469.8 24469.8 24469.8 24469.8 24469.8 24469.8 24469.8 24469.8 24469.8 24469.8 24469.8 24469.8 24469.8 24469.8 24469.8 24469.8 24469.8 24469.8 24469.8 24469.8 24469.8 24469.8 24469.8 24469.8 24469.8 24469.8 24469.8 24469.8 24469.8 24469.8 24469.8 24469.8 24469.8 24469.8 24469.8 24469.8 24469.8 24469.8 24469.8 24469.8 24469.8 24469.8 24469.8 24469.8 24469.8 24469.8 24469.8 24469.8 24469.8 24469.8 24469.8 24469.8 24469.8 0 0 0 0 0 0 0 0 0 0 0 0 0 0 0 0 0 0 0 0 0 0 0 0 0
