SBPRF35
0.254687
Curr Bio
154170
B35
191306
F35
0.402995
FOFL
0.208644
OFL
24250.6
Bzero
72767.8
#pred survey bio
 25354.5 22687.5 18074.2 16423.8 26726.8 42334.7 57633.8 69834.5 92229.7 117431 133946 173598 214472 241701 242182 213417 223741 215478 218923 194420 193301 225230 229606 234740 240397 250269 246774 235603 228060 6.19271e+06 3.57933e+06 2.71623e+06 1.93595e+06 1.41605e+06 1.11107e+06 942854 852517 804209 778078 763622 755390 750552 747622 745798 744634 743884 743395 743072 742857 742714 742618 742553 742510 742481 742461 742448 742439 742433 742428 742426 742424 742423 742422 742421 742421 742421 742420 742420 742420 742420 742420 742420 742420 742420 742420 742420 742420 742420 742420 742420 742420 742420 742420 742420 742420 742420 742420 742420 742420 742420 742420 742420 742420 742420 742420 742420 742420 742420 742420 742420 742420 742420 742420 742420 742420 742420 742420 742420 742420 742420 742420 742420 742420 742420 742420 742420 742420 742420 742420 742420 742420 742420 742420 742420 742420 742420 742420 742420 742420 0 0 0 0 0 0 0 0 0 0 0 0 0 0 0 0 0 0 0 0 0 0 0 0 0
#obs survey bio
 22531.6 16811.4 13612 25213.2 32301.5 46910.6 53075.3 98549 98667.6 140521 136432 129616 235120 256865 271463 202287 167957 251214 210264 213658 139065 172852 233285 318378 243815 231378 376588 192891 211230
#pred catch bio
 3209.64 3326.6 3378.69 2998.34 5264.12 8398.77 14300.5 17164.7 24221.8 41961.6 41738 60089.8 81541.6 96518.1 106910 80536.8 94868.1 78453.7 93846.7 78701 62548.2 89861.2 98118.7 100170 92913.7 95059.7 97542.1 96709.8 131343 24250.6 44484.3 33319.5 22854.5 16084.8 12292.2 10324.5 9350.08 8881.75 8661.08 8558.47 8511.19 8489.54 8479.67 8475.18 8473.15 8472.23 8471.81 8471.62 8471.54 8471.5 8471.48 8471.47 8471.47 8471.47 8471.47 8471.47 8471.47 8471.47 8471.47 8471.47 8471.47 8471.47 8471.47 8471.47 8471.47 8471.47 8471.47 8471.47 8471.47 8471.47 8471.47 8471.47 8471.47 8471.47 8471.47 8471.47 8471.47 8471.47 8471.47 8471.47 8471.47 8471.47 8471.47 8471.47 8471.47 8471.47 8471.47 8471.47 8471.47 8471.47 8471.47 8471.47 8471.47 8471.47 8471.47 8471.47 8471.47 8471.47 8471.47 8471.47 8471.47 8471.47 8471.47 8471.47 8471.47 8471.47 8471.47 8471.47 8471.47 8471.47 8471.47 8471.47 8471.47 8471.47 8471.47 8471.47 8471.47 8471.47 8471.47 8471.47 8471.47 8471.47 8471.47 8471.47 8471.47 8471.47 8471.47 8471.47 8471.47 0 0 0 0 0 0 0 0 0 0 0 0 0 0 0 0 0 0 0 0 0 0 0 0 0
#obs catch bio
 3887.53 3441.2 3689.19 3085.47 5228.22 8163.95 14132 16731.8 22668 38719.1 39278.2 59089 81020.8 93055.2 105852 81772.9 102882 76200.1 91542 76299 61986.6 93293.1 103992 99759.8 94109.4 94719 92213.5 95733.2 134876
#pred cpue bio
 23909.7 21920.2 17681.2 15273.3 22927.3 37096.5 51739 62808.5 81717.3 104472 118047 152277 187906 212670 215580 190649 198469 190961 196345 173930 171253 199942 203376 206003 211347 222383 221249 210768 202511 5.343e+06 3.41244e+06 2.64757e+06 1.879e+06 1.36021e+06 1.05533e+06 887125 796788 748480 722349 707893 699661 694823 691893 690069 688905 688155 687666 687343 687128 686985 686889 686824 686781 686752 686732 686719 686710 686704 686700 686697 686695 686694 686693 686692 686692 686692 686691 686691 686691 686691 686691 686691 686691 686691 686691 686691 686691 686691 686691 686691 686691 686691 686691 686691 686691 686691 686691 686691 686691 686691 686691 686691 686691 686691 686691 686691 686691 686691 686691 686691 686691 686691 686691 686691 686691 686691 686691 686691 686691 686691 686691 686691 686691 686691 686691 686691 686691 686691 686691 686691 686691 686691 686691 686691 686691 686691 686691 686691 686691 0 0 0 0 0 0 0 0 0 0 0 0 0 0 0 0 0 0 0 0 0 0 0 0 0
#obs cpue bio
 24208.4 13824.7 9969.06 18962.6 36069.1 42543.4 51316.6 53929.4 128117 130603 114095 173126 169796 265879 185968 145074 175297 262109 239895 182912 185630 214100 148594 204615 172335 267484 234606 195609 207251
#pred surv len freq
 2.50062e-11 1.17617e-09 3.83071e-08 8.63921e-07 1.34914e-05 0.000145891 0.00109244 0.00566493 0.0203493 0.0506969 0.0880055 0.108384 0.100965 0.0844082 0.0778348 0.0769726 0.0720835 0.0641534 0.0564714 0.0490271 0.0419241 0.0356948 0.0296286 0.0223755 0.0141076
 1.19723e-11 5.63121e-10 1.83405e-08 4.13624e-07 6.45937e-06 6.98504e-05 0.000523079 0.00271321 0.00975676 0.0244109 0.043083 0.0563919 0.0631925 0.0747194 0.0936673 0.105588 0.102015 0.0909235 0.079971 0.0692992 0.05823 0.0473416 0.0367062 0.0258957 0.0154957
 1.01723e-11 4.78455e-10 1.5583e-08 3.51435e-07 5.48818e-06 5.93475e-05 0.000444409 0.00230478 0.0082827 0.0206704 0.0361258 0.0456544 0.0463876 0.0475154 0.0570419 0.0727496 0.0899651 0.104255 0.108804 0.101129 0.0860122 0.0685931 0.050923 0.0339093 0.0191674
 3.53068e-11 1.66066e-09 5.40867e-08 1.21979e-06 1.90488e-05 0.000205985 0.00154238 0.00799732 0.0287156 0.0714218 0.123174 0.14789 0.12561 0.0801463 0.0462317 0.0328539 0.0319521 0.0373898 0.0457387 0.0522423 0.0524726 0.0456317 0.034405 0.0222987 0.01206
 4.5511e-11 2.14062e-09 6.97186e-08 1.57233e-06 2.45542e-05 0.000265518 0.00198816 0.0103088 0.0370174 0.0920879 0.158937 0.191401 0.164372 0.108517 0.0661395 0.0442648 0.0301719 0.0191535 0.0133151 0.0123886 0.0133571 0.0133399 0.0111901 0.00762256 0.004136
 3.69875e-11 1.73971e-09 5.66614e-08 1.27786e-06 1.99556e-05 0.000215792 0.00161585 0.00837889 0.0300951 0.0749453 0.129882 0.158929 0.144677 0.113523 0.094203 0.081773 0.0623732 0.0393658 0.0220145 0.0123368 0.00797729 0.00633925 0.00530085 0.00384129 0.00219142
 3.26517e-11 1.53578e-09 5.00194e-08 1.12806e-06 1.76163e-05 0.000190496 0.00142644 0.00739683 0.0265692 0.0661787 0.114786 0.140915 0.129801 0.105312 0.0926937 0.0869541 0.0750516 0.0577938 0.040523 0.025328 0.0139074 0.00723604 0.00407738 0.00247255 0.00136804
 3.38044e-11 1.59e-09 5.17851e-08 1.16788e-06 1.82382e-05 0.00019722 0.00147678 0.00765773 0.0275041 0.0684851 0.118634 0.144922 0.131203 0.101767 0.0843862 0.0770612 0.0676395 0.0553169 0.0431663 0.0312133 0.0198754 0.0108995 0.00524203 0.00233575 0.000997408
 3.74471e-11 1.76133e-09 5.73655e-08 1.29373e-06 2.02035e-05 0.000218473 0.00163591 0.0084827 0.0304646 0.0758321 0.131192 0.159465 0.141787 0.104461 0.0796387 0.0678634 0.0567507 0.0445436 0.034243 0.0256584 0.0177955 0.0108862 0.00567182 0.00247646 0.000912079
 3.53853e-11 1.66435e-09 5.42069e-08 1.2225e-06 1.90911e-05 0.000206444 0.00154585 0.00801588 0.0287906 0.0716904 0.124199 0.151776 0.137558 0.106834 0.0880299 0.0780218 0.0639879 0.0471153 0.033402 0.0235514 0.0160272 0.0100763 0.0055787 0.00259379 0.00097868
 3.77375e-11 1.77499e-09 5.78103e-08 1.30377e-06 2.03602e-05 0.000220167 0.0016486 0.00854851 0.0307013 0.0764253 0.132245 0.16087 0.143439 0.106526 0.0822155 0.070429 0.0583256 0.0443168 0.0319789 0.0219919 0.0141242 0.0084126 0.00456316 0.00215501 0.00084115
 3.82383e-11 1.79855e-09 5.85775e-08 1.32107e-06 2.06304e-05 0.000223089 0.00167048 0.00866197 0.0311089 0.0774412 0.134011 0.163056 0.145498 0.10823 0.0835055 0.070848 0.0572707 0.0419794 0.0294251 0.0200895 0.0129056 0.00756768 0.00397004 0.00181601 0.00069907
 3.81885e-11 1.7962e-09 5.85012e-08 1.31935e-06 2.06035e-05 0.000222798 0.0016683 0.0086507 0.0310687 0.0773431 0.133856 0.162938 0.145618 0.108795 0.0845217 0.0720082 0.0581351 0.0422459 0.0290379 0.0192598 0.0120075 0.00687677 0.00354066 0.00158699 0.000597221
 3.71152e-11 1.74572e-09 5.68571e-08 1.28227e-06 2.00245e-05 0.000216537 0.00162142 0.00840767 0.0301968 0.0751815 0.130176 0.158748 0.142807 0.108678 0.0868942 0.075516 0.0614098 0.044686 0.0306311 0.0201305 0.0123225 0.00687167 0.0034347 0.00149798 0.000550585
 3.45908e-11 1.62698e-09 5.29898e-08 1.19505e-06 1.86625e-05 0.000201809 0.00151114 0.00783597 0.0281453 0.0700919 0.121487 0.148731 0.135669 0.107222 0.0906871 0.0820229 0.0682315 0.0506729 0.03541 0.0235319 0.0144102 0.00795813 0.00390417 0.00166092 0.000594282
 3.4411e-11 1.61853e-09 5.27144e-08 1.18884e-06 1.85655e-05 0.00020076 0.00150329 0.00779521 0.0279984 0.0697214 0.120813 0.147757 0.134311 0.105225 0.0881372 0.0798823 0.0677446 0.0521439 0.0379941 0.0261285 0.0163793 0.00916703 0.00450818 0.00190208 0.000669452
 3.64907e-11 1.71635e-09 5.59003e-08 1.26069e-06 1.96875e-05 0.000212893 0.00159413 0.00826614 0.029688 0.0739098 0.127941 0.155866 0.139726 0.105373 0.0833831 0.072832 0.0610906 0.0472094 0.0349923 0.0248048 0.0161657 0.00940088 0.00475994 0.0020416 0.00072173
 3.60642e-11 1.69629e-09 5.5247e-08 1.24596e-06 1.94574e-05 0.000210405 0.00157551 0.00816963 0.0293423 0.0730593 0.126536 0.154472 0.139485 0.107263 0.0871472 0.0766474 0.0628758 0.0464448 0.0328484 0.0227358 0.0148757 0.00885716 0.00463474 0.00205409 0.000745198
 3.32209e-11 1.56255e-09 5.08913e-08 1.14773e-06 1.79234e-05 0.000193817 0.0014513 0.00752573 0.0270317 0.0673265 0.116746 0.143178 0.13141 0.105562 0.091398 0.0841541 0.0710336 0.0537467 0.0384351 0.0262385 0.016671 0.00969807 0.00505792 0.00227583 0.000846121
 3.46254e-11 1.62861e-09 5.30429e-08 1.19625e-06 1.86812e-05 0.000202011 0.00151265 0.00784372 0.028172 0.0701477 0.12151 0.148417 0.134295 0.103955 0.0857024 0.0772673 0.0661359 0.0519791 0.0388867 0.0274666 0.0177211 0.0102733 0.00527931 0.00234444 0.000869413
 3.67735e-11 1.72965e-09 5.63336e-08 1.27046e-06 1.98401e-05 0.000214543 0.00160649 0.0083302 0.0299179 0.0744814 0.128924 0.157032 0.140663 0.105829 0.0833346 0.0722768 0.0600026 0.0457837 0.0337164 0.0240943 0.0160446 0.00961182 0.00503869 0.00224774 0.000829785
 3.5822e-11 1.68489e-09 5.48759e-08 1.23759e-06 1.93267e-05 0.000208992 0.00156492 0.00811476 0.0291453 0.0725694 0.125692 0.153461 0.138641 0.106772 0.0869987 0.0768246 0.0634023 0.0472174 0.0336076 0.0233002 0.0152768 0.00918922 0.00491045 0.00224104 0.000841317
 3.63475e-11 1.70961e-09 5.56809e-08 1.25574e-06 1.96102e-05 0.000212057 0.00158788 0.00823375 0.0295722 0.0736269 0.127487 0.155484 0.139927 0.106647 0.0856475 0.0751695 0.0623521 0.0469239 0.0335416 0.0229693 0.0146659 0.00858024 0.00451177 0.00205814 0.000780865
 3.82187e-11 1.79763e-09 5.85475e-08 1.32039e-06 2.06198e-05 0.000222974 0.00166962 0.00865752 0.0310928 0.0774 0.133932 0.162926 0.145274 0.107853 0.0830261 0.0705328 0.0574111 0.042547 0.0300647 0.0204926 0.0130389 0.00754645 0.00389419 0.00174245 0.00065314
 3.72665e-11 1.75284e-09 5.70887e-08 1.28749e-06 2.01061e-05 0.000217419 0.00162803 0.00844192 0.0303198 0.0754875 0.130705 0.159384 0.143352 0.109016 0.0869978 0.0753086 0.0607971 0.0437839 0.0298066 0.0196953 0.0122792 0.00701348 0.00357925 0.0015813 0.000584228
 3.50123e-11 1.64681e-09 5.36356e-08 1.20962e-06 1.88899e-05 0.000204268 0.00152956 0.00793144 0.0284878 0.0709415 0.122935 0.150393 0.136826 0.107392 0.0899597 0.0808936 0.0671626 0.0498107 0.0346904 0.0229311 0.0139943 0.00775921 0.00385729 0.00167139 0.000608429
 3.35089e-11 1.5761e-09 5.13325e-08 1.15768e-06 1.80788e-05 0.000195497 0.00146388 0.00759093 0.0272654 0.0679031 0.11771 0.14419 0.131802 0.104796 0.0896202 0.0823021 0.0701682 0.0541629 0.0395536 0.0272354 0.0170706 0.00954643 0.00469996 0.00199441 0.00070958
 3.46742e-11 1.63091e-09 5.31177e-08 1.19794e-06 1.87075e-05 0.000202296 0.00151479 0.00785478 0.0282117 0.0702462 0.121678 0.14861 0.134429 0.103964 0.085556 0.0769489 0.0656709 0.0515322 0.0387249 0.0276919 0.0181238 0.0105584 0.00535035 0.00229749 0.000814596
 3.62209e-11 1.70366e-09 5.5487e-08 1.25137e-06 1.95419e-05 0.000211319 0.00158235 0.00820506 0.0294689 0.073368 0.127027 0.154865 0.139186 0.105698 0.084435 0.0739201 0.0615001 0.0468488 0.0344037 0.0245611 0.0164099 0.00990086 0.00522032 0.00232274 0.000844626
#obs surv len freq
 2.26767e-11 1.0666e-09 3.47386e-08 7.83443e-07 1.22346e-05 0.0001323 0.000990677 0.00513735 0.0184557 0.045994 0.0799429 0.0989307 0.0936795 0.0814181 0.0785189 0.0793599 0.074947 0.0680266 0.0626978 0.0576237 0.050678 0.0415706 0.030982 0.0201134 0.0107878
 8.44371e-16 3.97842e-14 1.30468e-12 3.02242e-11 5.21637e-10 7.773e-09 1.21621e-07 1.93673e-06 2.55828e-05 0.000247649 0.00168639 0.00799636 0.0263997 0.0610805 0.100856 0.124132 0.124179 0.113558 0.102473 0.0916901 0.0800128 0.0663086 0.0498676 0.0323093 0.017175
 1.32887e-11 6.25037e-10 2.0357e-08 4.59102e-07 7.16953e-06 7.75279e-05 0.000580513 0.0030099 0.0108063 0.0268654 0.0462515 0.0551769 0.045923 0.0285188 0.0207919 0.0337113 0.0654759 0.100469 0.119997 0.119161 0.105847 0.087162 0.0653155 0.042349 0.0225032
 5.12667e-11 2.41134e-09 7.85357e-08 1.77118e-06 2.76595e-05 0.000299097 0.00223958 0.0116121 0.0416917 0.103662 0.178543 0.213267 0.177474 0.104715 0.0466505 0.0187608 0.00930655 0.00779238 0.0105307 0.0147145 0.0170741 0.0161523 0.0127166 0.00833627 0.00443265
 3.44796e-11 1.62175e-09 5.28194e-08 1.19121e-06 1.86025e-05 0.00020116 0.0015063 0.00781114 0.0280601 0.0699179 0.121446 0.149905 0.140587 0.118661 0.107373 0.0957382 0.0693016 0.0376307 0.0163275 0.00797532 0.00672431 0.00709809 0.00647884 0.00465461 0.00258094
 3.98822e-11 1.87587e-09 6.10958e-08 1.37786e-06 2.15173e-05 0.000232679 0.00174228 0.00903417 0.0324438 0.080744 0.139591 0.169213 0.148978 0.106716 0.0779331 0.0653403 0.0557105 0.0439494 0.0308382 0.0182175 0.00902849 0.00445787 0.00277797 0.0019123 0.00111627
 2.3777e-11 1.11835e-09 3.64241e-08 8.21456e-07 1.28283e-05 0.000138721 0.00103878 0.00538726 0.0193604 0.0483167 0.0844438 0.106673 0.107839 0.107008 0.115543 0.116855 0.0980455 0.0704812 0.0481384 0.0322876 0.0198613 0.0105227 0.00488105 0.00218104 0.000984251
 4.22836e-11 1.98882e-09 6.47744e-08 1.46083e-06 2.28129e-05 0.000246689 0.00184717 0.00957777 0.0343922 0.0855553 0.147652 0.17777 0.152601 0.100997 0.0635332 0.0485865 0.0440464 0.0406499 0.0345641 0.0255596 0.0163055 0.0091095 0.00444261 0.00186369 0.000676205
 3.41024e-11 1.60401e-09 5.22417e-08 1.17818e-06 1.8399e-05 0.00019896 0.00148982 0.00772552 0.0277505 0.0691265 0.119936 0.147407 0.136262 0.1112 0.0972166 0.0870741 0.0676261 0.0447909 0.0290588 0.0206504 0.0148577 0.00950989 0.00508158 0.0022245 0.000793601
 3.93463e-11 1.85066e-09 6.02748e-08 1.35935e-06 2.12282e-05 0.000229553 0.00171887 0.00891282 0.0320085 0.0796653 0.137759 0.167142 0.147631 0.106708 0.0788888 0.066006 0.0550517 0.0424864 0.0304205 0.0199962 0.0121192 0.00699238 0.00378294 0.00177966 0.000679089
 3.84954e-11 1.81064e-09 5.89713e-08 1.32995e-06 2.07691e-05 0.000224589 0.00168171 0.00872024 0.0313187 0.077967 0.134947 0.164318 0.14701 0.110114 0.0856644 0.0724327 0.0572326 0.04026 0.0270334 0.0179811 0.0113395 0.00646436 0.00327078 0.00145111 0.000547421
 3.87182e-11 1.82112e-09 5.93126e-08 1.33765e-06 2.08893e-05 0.000225888 0.00169144 0.00877068 0.0314995 0.0784133 0.135694 0.165112 0.147353 0.109644 0.0845935 0.0716137 0.0574345 0.041225 0.0276968 0.0177723 0.0106663 0.00589101 0.00293738 0.00127727 0.000466782
 3.68568e-11 1.73357e-09 5.64611e-08 1.27334e-06 1.98851e-05 0.000215029 0.00161013 0.00834917 0.0299872 0.074664 0.12931 0.157834 0.142441 0.109341 0.0884977 0.0773268 0.0625994 0.0449847 0.0303209 0.0195781 0.0117359 0.00636164 0.0030713 0.00129192 0.000459122
 3.68258e-11 1.73211e-09 5.64137e-08 1.27227e-06 1.98683e-05 0.000214848 0.00160878 0.00834211 0.0299616 0.0745969 0.129172 0.157565 0.141877 0.10827 0.0870047 0.0760631 0.0623451 0.0458617 0.0317236 0.0208427 0.0125915 0.00683378 0.00327761 0.00135587 0.000470048
 3.18021e-11 1.49582e-09 4.87178e-08 1.09871e-06 1.7158e-05 0.00018554 0.00138933 0.00720449 0.0258797 0.0644742 0.111918 0.137811 0.128251 0.106639 0.0963449 0.0904007 0.0758577 0.0562274 0.0392494 0.0262199 0.0161879 0.00896301 0.00435189 0.00180479 0.000621544
 3.48197e-11 1.63775e-09 5.33405e-08 1.20296e-06 1.8786e-05 0.000203144 0.00152114 0.00788769 0.0283296 0.0705351 0.122149 0.149047 0.134391 0.103076 0.0840111 0.0756938 0.0656926 0.0527818 0.0401372 0.0283635 0.0180436 0.0101985 0.00504794 0.00212883 0.000741196
 3.56904e-11 1.6787e-09 5.46743e-08 1.23304e-06 1.92558e-05 0.000208224 0.00155918 0.00808495 0.0290383 0.0723021 0.125225 0.152875 0.138056 0.106199 0.0863643 0.0761406 0.0628605 0.0471706 0.0343485 0.0246596 0.0166206 0.0100068 0.00519496 0.00226065 0.000803958
 3.42952e-11 1.61308e-09 5.2537e-08 1.18484e-06 1.8503e-05 0.000200084 0.00149823 0.00776901 0.0279048 0.0694921 0.120442 0.147431 0.134415 0.106095 0.0896077 0.0810771 0.0676837 0.0507253 0.0361427 0.0249352 0.0162628 0.00978141 0.00524163 0.0023883 0.000886558
 3.20533e-11 1.50763e-09 4.91026e-08 1.10739e-06 1.72935e-05 0.000187005 0.0014003 0.00726129 0.0260827 0.0649693 0.112705 0.138441 0.127769 0.104122 0.0919711 0.0859599 0.0734951 0.0565853 0.0413464 0.0288044 0.0185852 0.0109249 0.00575265 0.00262458 0.000994318
 3.68311e-11 1.73236e-09 5.64217e-08 1.27245e-06 1.98712e-05 0.000214879 0.001609 0.00834318 0.0299641 0.07459 0.129071 0.157022 0.140053 0.104156 0.0807679 0.0700062 0.0594096 0.047071 0.0358139 0.0258698 0.0171328 0.0101957 0.00535661 0.00242037 0.000911034
 3.57835e-11 1.68308e-09 5.48169e-08 1.23626e-06 1.9306e-05 0.000208767 0.00156324 0.00810606 0.0291145 0.0724951 0.125582 0.153416 0.13888 0.1075 0.0880808 0.0776035 0.0631944 0.0461143 0.0324492 0.0227515 0.0152883 0.00938093 0.00505792 0.0023171 0.000874981
 3.34878e-11 1.57511e-09 5.13002e-08 1.15695e-06 1.80674e-05 0.000195374 0.00146296 0.00758618 0.0272489 0.0678659 0.117674 0.144279 0.132301 0.10602 0.0914529 0.0838899 0.0704586 0.0528763 0.0374172 0.0253347 0.0160993 0.00948887 0.00507244 0.00235321 0.000903874
 3.64781e-11 1.71575e-09 5.58809e-08 1.26026e-06 1.96807e-05 0.000212819 0.00159358 0.00826328 0.0296778 0.0738838 0.127893 0.155797 0.139628 0.105238 0.0832539 0.0728454 0.0613624 0.047627 0.0352392 0.0246973 0.0158622 0.00919146 0.00475458 0.00214442 0.000813725
 3.78496e-11 1.78026e-09 5.79819e-08 1.30764e-06 2.04207e-05 0.000220821 0.00165349 0.00857393 0.0307932 0.0766577 0.132675 0.161525 0.144434 0.108073 0.0841453 0.0717744 0.0580151 0.0424634 0.0298776 0.0206813 0.01355 0.00805876 0.00421659 0.00188719 0.000703074
 3.56047e-11 1.67467e-09 5.4543e-08 1.23008e-06 1.92095e-05 0.000207724 0.00155543 0.0080656 0.0289697 0.0721393 0.124999 0.152859 0.138873 0.108544 0.0902037 0.0801973 0.0653847 0.0472098 0.0321114 0.0211884 0.0132674 0.00769365 0.00401758 0.00181388 0.000679411
 3.28663e-11 1.54587e-09 5.03481e-08 1.13548e-06 1.77321e-05 0.000191748 0.00143581 0.00744543 0.0267438 0.0666126 0.115532 0.141803 0.130513 0.105604 0.0923568 0.0856334 0.0725972 0.0550769 0.0392664 0.0264095 0.0162937 0.00911518 0.00458389 0.00201813 0.000748159
 3.33063e-11 1.56657e-09 5.10221e-08 1.15068e-06 1.79695e-05 0.000194315 0.00145503 0.00754499 0.0271002 0.0674888 0.116973 0.1432 0.130622 0.103316 0.0878453 0.0807621 0.0696331 0.0549347 0.04128 0.0292829 0.0188854 0.0108305 0.00543976 0.0023456 0.000846968
 3.61197e-11 1.6989e-09 5.5332e-08 1.24788e-06 1.94874e-05 0.000210729 0.00157793 0.00818213 0.0293865 0.0731609 0.126657 0.154359 0.138558 0.104874 0.0834373 0.0730909 0.0613111 0.0474498 0.0355093 0.0257279 0.0173109 0.0104313 0.00546061 0.00241061 0.000873993
 3.54918e-11 1.66936e-09 5.43701e-08 1.22618e-06 1.91486e-05 0.000207065 0.0015505 0.00804001 0.0288774 0.0719066 0.124575 0.152242 0.138 0.107221 0.0883973 0.0783661 0.0642389 0.0471876 0.0332123 0.0230551 0.0153068 0.00935198 0.00505666 0.00231927 0.000868689
#pred catch len freq
 2.15792e-11 1.01498e-09 3.30573e-08 7.45523e-07 1.16424e-05 0.000125897 0.000942732 0.00488878 0.0175635 0.043779 0.0761495 0.0945034 0.0903472 0.0803148 0.0796189 0.0820552 0.0784145 0.0708348 0.0630518 0.0550954 0.0472686 0.04031 0.0334828 0.0252926 0.0159482
 9.83638e-12 4.62656e-10 1.50684e-08 3.39831e-07 5.30699e-06 5.73891e-05 0.000429772 0.00222944 0.00802021 0.0200966 0.0356754 0.047655 0.056295 0.0715424 0.0938339 0.107843 0.105532 0.0953055 0.0847487 0.0739144 0.0623083 0.0507364 0.0393661 0.02778 0.0166248
 8.27105e-12 3.8903e-10 1.26705e-08 2.85751e-07 4.46243e-06 4.82555e-05 0.000361355 0.00187415 0.00673666 0.016827 0.0295106 0.0377756 0.0399155 0.0439442 0.0560714 0.0736872 0.092608 0.108414 0.113805 0.106129 0.0904556 0.0722291 0.0536576 0.0357404 0.0202045
 3.1785e-11 1.49501e-09 4.86916e-08 1.09812e-06 1.71487e-05 0.000185438 0.00138853 0.00719966 0.0258522 0.0643066 0.11095 0.133434 0.114067 0.0744803 0.0456722 0.0352293 0.0359887 0.0429815 0.0530181 0.060758 0.0611119 0.053181 0.0401115 0.026002 0.0140641
 4.31654e-11 2.03029e-09 6.61254e-08 1.49129e-06 2.32886e-05 0.000251833 0.0018857 0.00977765 0.0351112 0.0873589 0.150863 0.182093 0.157728 0.107092 0.0693677 0.0494683 0.0348587 0.0225273 0.0159457 0.0150376 0.0162902 0.0162881 0.0136673 0.00931105 0.00505242
 3.40346e-11 1.60082e-09 5.21378e-08 1.17584e-06 1.83624e-05 0.000198564 0.00148686 0.00771021 0.027696 0.0689972 0.119754 0.147383 0.13688 0.113036 0.100394 0.0908286 0.0704668 0.0449483 0.0254339 0.0144223 0.00940482 0.00750389 0.00628275 0.00455428 0.00259838
 2.96016e-11 1.39232e-09 4.53469e-08 1.02269e-06 1.59707e-05 0.000172702 0.0012932 0.0067061 0.0240906 0.0600298 0.10429 0.128825 0.121216 0.103646 0.0974404 0.0950346 0.0835049 0.0651078 0.0461168 0.0290161 0.0159949 0.00834472 0.00471114 0.00285951 0.0015826
 3.07221e-11 1.44502e-09 4.70634e-08 1.0614e-06 1.65753e-05 0.000179239 0.00134214 0.00695971 0.0249992 0.0622692 0.108012 0.132634 0.122296 0.099555 0.0883441 0.0843096 0.0755503 0.0626462 0.0494048 0.0359524 0.0229686 0.0126184 0.00607529 0.00270889 0.00115719
 3.4564e-11 1.62572e-09 5.29488e-08 1.19413e-06 1.8648e-05 0.000201652 0.00150997 0.00782977 0.0281216 0.0700185 0.121262 0.147997 0.133539 0.102571 0.0835746 0.0747608 0.0639674 0.0509402 0.0396114 0.0298938 0.0208074 0.0127507 0.00664906 0.00290447 0.00106998
 3.27247e-11 1.53922e-09 5.01313e-08 1.13058e-06 1.76557e-05 0.000190922 0.00142963 0.00741338 0.0266287 0.0663274 0.115047 0.141248 0.130124 0.105486 0.0922562 0.0849482 0.0708779 0.0528096 0.0378454 0.0268872 0.0183703 0.0115712 0.00641206 0.00298248 0.00112555
 3.5035e-11 1.64788e-09 5.36704e-08 1.2104e-06 1.89022e-05 0.000204401 0.00153055 0.00793651 0.0285053 0.0709772 0.122945 0.150159 0.135834 0.105041 0.0863611 0.0774012 0.0654595 0.050396 0.0367543 0.0254546 0.0164115 0.00979543 0.0053191 0.00251334 0.000981243
 3.56823e-11 1.67833e-09 5.4662e-08 1.23276e-06 1.92514e-05 0.000208177 0.00155882 0.00808315 0.029032 0.0722893 0.125221 0.152956 0.138404 0.107044 0.0877413 0.0777046 0.0640608 0.0475473 0.0336904 0.0231741 0.0149467 0.00878201 0.00461181 0.00211066 0.000812694
 3.5739e-11 1.68099e-09 5.47488e-08 1.23472e-06 1.9282e-05 0.000208508 0.0015613 0.008096 0.0290783 0.0724063 0.125435 0.153269 0.138855 0.10774 0.0887116 0.0787256 0.0647515 0.0476122 0.0330642 0.0220893 0.0138264 0.00793477 0.00408976 0.00183408 0.000690376
 3.46734e-11 1.63087e-09 5.31165e-08 1.19791e-06 1.87071e-05 0.000202291 0.00151476 0.00785471 0.0282126 0.0702602 0.121782 0.149111 0.13607 0.107638 0.0910913 0.0822425 0.0680436 0.0500739 0.0346674 0.0229436 0.014099 0.00787825 0.00394208 0.00172022 0.000632436
 3.21826e-11 1.51372e-09 4.93008e-08 1.11185e-06 1.73632e-05 0.000187759 0.00140595 0.00729063 0.0261885 0.0652379 0.113205 0.13921 0.12897 0.106075 0.0946487 0.0885021 0.0747373 0.0560859 0.0395566 0.0264564 0.016258 0.00899529 0.00441747 0.00188029 0.000672949
 3.17693e-11 1.49428e-09 4.86677e-08 1.09758e-06 1.71403e-05 0.000185348 0.00138789 0.00719697 0.0258517 0.0643957 0.11172 0.137279 0.126852 0.103721 0.0921184 0.086651 0.0747504 0.0582108 0.0428301 0.0296434 0.0186471 0.0104556 0.00514716 0.00217286 0.000764968
 3.40627e-11 1.60215e-09 5.21809e-08 1.17681e-06 1.83776e-05 0.000198728 0.00148807 0.00771631 0.0277149 0.0690148 0.119583 0.14623 0.13285 0.103942 0.0869564 0.0789393 0.0674113 0.052702 0.0394333 0.0281234 0.0183872 0.0107104 0.00542773 0.00232908 0.00082355
 3.34537e-11 1.5735e-09 5.12479e-08 1.15577e-06 1.8049e-05 0.000195175 0.00146147 0.00757845 0.027221 0.0677972 0.117557 0.144146 0.132208 0.10598 0.0913646 0.0835405 0.0697478 0.0521353 0.0372647 0.025982 0.0170657 0.0101805 0.0053323 0.00236435 0.000857951
 3.07225e-11 1.44504e-09 4.70641e-08 1.06141e-06 1.65755e-05 0.000179241 0.00134217 0.00695995 0.0250015 0.06229 0.10815 0.133278 0.124388 0.104208 0.0952606 0.090631 0.0776512 0.0593804 0.0428612 0.0294461 0.018774 0.0109415 0.00571198 0.00257136 0.00095621
 3.20615e-11 1.50802e-09 4.91153e-08 1.10767e-06 1.72979e-05 0.000187053 0.00140065 0.0072631 0.0260885 0.0649782 0.112681 0.138226 0.126986 0.102339 0.0893272 0.083598 0.0728051 0.0578873 0.0437129 0.0310602 0.0201037 0.0116746 0.0060051 0.00266807 0.000989663
 3.4052e-11 1.60164e-09 5.21645e-08 1.17644e-06 1.83718e-05 0.000198665 0.00148761 0.00771389 0.0277064 0.0689947 0.119557 0.146237 0.132977 0.104269 0.0873972 0.0791469 0.0670326 0.0518175 0.0385753 0.0277628 0.0185558 0.0111367 0.00584355 0.00260803 0.000963024
 3.33054e-11 1.56653e-09 5.10208e-08 1.15065e-06 1.7969e-05 0.00019431 0.001455 0.00754487 0.0271004 0.0674965 0.117035 0.1435 0.131602 0.105482 0.0909864 0.0834023 0.0700095 0.0527366 0.0379143 0.0264678 0.0174177 0.0104964 0.00561415 0.00256334 0.000962516
 3.394e-11 1.59637e-09 5.19929e-08 1.17257e-06 1.83114e-05 0.000198012 0.00148271 0.00768855 0.0276158 0.0687737 0.119204 0.14595 0.13318 0.105387 0.0894323 0.0814611 0.0687314 0.0523057 0.0377438 0.0260123 0.0166666 0.00976848 0.00514151 0.00234653 0.000890475
 3.59027e-11 1.68869e-09 5.49995e-08 1.24038e-06 1.93703e-05 0.000209462 0.00156845 0.00813303 0.0292108 0.0727316 0.125967 0.153767 0.138826 0.106734 0.0868032 0.0767041 0.0635797 0.0476618 0.0340064 0.0233324 0.0148984 0.00863834 0.00446187 0.00199741 0.000748885
 3.47951e-11 1.63659e-09 5.33028e-08 1.20211e-06 1.87727e-05 0.000203001 0.00152007 0.00788227 0.0283116 0.0705068 0.12221 0.149636 0.136552 0.108002 0.0912983 0.0821465 0.0674812 0.0491536 0.0338079 0.0225047 0.0140877 0.00806289 0.00411912 0.00182076 0.00067287
 3.24192e-11 1.52484e-09 4.96632e-08 1.12003e-06 1.74909e-05 0.00018914 0.00141628 0.00734421 0.0263807 0.0657147 0.114018 0.140142 0.129617 0.106166 0.0942427 0.0878908 0.0741841 0.0556416 0.039138 0.0260497 0.0159583 0.00886624 0.00441255 0.0019131 0.000696608
 3.08996e-11 1.45337e-09 4.73354e-08 1.06753e-06 1.6671e-05 0.000180274 0.0013499 0.00700003 0.025145 0.0626426 0.108729 0.133838 0.124424 0.103287 0.0935166 0.0889548 0.0770767 0.0601708 0.0443612 0.0307372 0.0193305 0.0108299 0.0053372 0.00226604 0.000806442
 3.21297e-11 1.51123e-09 4.92196e-08 1.11003e-06 1.73347e-05 0.00018745 0.00140363 0.00727853 0.0261438 0.0651155 0.112916 0.138496 0.127175 0.102358 0.0891446 0.0832067 0.0722449 0.0573505 0.0435044 0.0312971 0.0205482 0.0119905 0.00608142 0.00261263 0.000926551
 3.43291e-11 1.61468e-09 5.2589e-08 1.18601e-06 1.85213e-05 0.000200282 0.00149971 0.00777664 0.0279316 0.0695541 0.120516 0.147362 0.133846 0.10462 0.0872677 0.0787031 0.0663875 0.0510341 0.0377658 0.0270982 0.0181529 0.0109668 0.00578617 0.00257536 0.000936638
#obs catch len freq
 2.04372e-11 9.61265e-10 3.13078e-08 7.0607e-07 1.10263e-05 0.000119235 0.000892841 0.00463005 0.016634 0.0414606 0.0721095 0.0894579 0.0854486 0.075963 0.0759341 0.0803083 0.0804556 0.0768684 0.0711851 0.0631673 0.0538595 0.0440899 0.0334016 0.0220493 0.0119535
 2.04496e-11 9.61852e-10 3.13269e-08 7.06501e-07 1.1033e-05 0.000119307 0.00089339 0.00463297 0.0166456 0.0415004 0.0722521 0.089976 0.0869929 0.0792342 0.0803906 0.0833364 0.0793747 0.0722832 0.0667334 0.06138 0.0539975 0.0442983 0.0330163 0.0214344 0.0114964
 7.20573e-16 3.39611e-14 1.11499e-12 2.59434e-11 4.5461e-10 7.04063e-09 1.15911e-07 1.90248e-06 2.53937e-05 0.000246525 0.00167999 0.00796763 0.0263072 0.0608741 0.100544 0.123826 0.124023 0.113597 0.102645 0.0919089 0.0802271 0.0664935 0.0500087 0.0324012 0.0172239
 1.17443e-11 5.52396e-10 1.79912e-08 4.05746e-07 6.3363e-06 6.85178e-05 0.000513047 0.00266009 0.00955044 0.0237432 0.0408768 0.0487717 0.040649 0.0255818 0.0199533 0.0344363 0.0676286 0.103889 0.124102 0.12325 0.10949 0.0901673 0.0675698 0.0438112 0.0232803
 5.02553e-11 2.36377e-09 7.69864e-08 1.73624e-06 2.71138e-05 0.000293196 0.0021954 0.011383 0.0408695 0.10162 0.17504 0.209153 0.174278 0.103343 0.0468309 0.0196424 0.010282 0.00886253 0.0120537 0.0168565 0.0195619 0.0185061 0.0145699 0.00955125 0.00507871
 3.23749e-11 1.52276e-09 4.95953e-08 1.1185e-06 1.7467e-05 0.000188882 0.00141437 0.00733457 0.0263505 0.0656816 0.114249 0.141776 0.135356 0.119032 0.112822 0.103054 0.0751865 0.0409232 0.0177812 0.00870538 0.00735371 0.00776599 0.0070889 0.00509294 0.002824
 3.79948e-11 1.78709e-09 5.82045e-08 1.31266e-06 2.0499e-05 0.000221668 0.00165984 0.00860676 0.0309102 0.0769399 0.133102 0.16176 0.143762 0.105903 0.0812102 0.0707003 0.0611697 0.0484747 0.0340709 0.0201426 0.0099864 0.0049321 0.00307403 0.00211623 0.00123533
 2.1801e-11 1.02541e-09 3.33971e-08 7.5319e-07 1.17622e-05 0.000127193 0.000952461 0.0049398 0.017755 0.0443357 0.0776614 0.0989229 0.102545 0.106514 0.11944 0.122716 0.103484 0.0745557 0.0510047 0.0342468 0.0210768 0.0111687 0.00518114 0.00231522 0.00104482
 4.0552e-11 1.90737e-09 6.21219e-08 1.40101e-06 2.18787e-05 0.000236587 0.00177153 0.00918562 0.0329849 0.0820623 0.141678 0.170834 0.147492 0.0995277 0.0654424 0.0524329 0.0485355 0.0450497 0.0383652 0.0283861 0.0181131 0.0101206 0.00493604 0.00207076 0.000751347
 3.23075e-11 1.51959e-09 4.9492e-08 1.11617e-06 1.74306e-05 0.000188488 0.00141141 0.00731906 0.0262922 0.0655112 0.113781 0.140394 0.13154 0.110937 0.101007 0.0925471 0.0724383 0.0481106 0.031266 0.0222444 0.0160122 0.0102504 0.00547748 0.00239784 0.000855445
 3.77028e-11 1.77336e-09 5.77572e-08 1.30257e-06 2.03415e-05 0.000219965 0.00164708 0.00854064 0.030673 0.076353 0.132109 0.160657 0.143101 0.106021 0.0817466 0.0705979 0.0596072 0.0461789 0.0331139 0.0217821 0.013206 0.0076206 0.00412308 0.00193972 0.000740173
 3.68445e-11 1.73299e-09 5.64423e-08 1.27292e-06 1.98784e-05 0.000214957 0.00160959 0.00834639 0.0299774 0.0746411 0.129281 0.157848 0.142605 0.109741 0.0889804 0.0773844 0.0617903 0.0436175 0.0293363 0.0195309 0.0123219 0.00702546 0.00355488 0.00157719 0.000594987
 3.70524e-11 1.74276e-09 5.67607e-08 1.2801e-06 1.99906e-05 0.00021617 0.00161867 0.00839344 0.030146 0.0750572 0.129976 0.158577 0.142886 0.109222 0.0878863 0.0765986 0.0621062 0.0447375 0.030105 0.0193345 0.0116085 0.00641252 0.00319763 0.00139047 0.000508156
 3.53161e-11 1.6611e-09 5.41009e-08 1.22011e-06 1.90538e-05 0.00020604 0.00154283 0.00800028 0.0287354 0.0715599 0.124022 0.151792 0.138314 0.108961 0.0915564 0.0819448 0.0669153 0.0482229 0.0325464 0.0210302 0.0126105 0.00683661 0.00330076 0.00138846 0.000493434
 3.51965e-11 1.65547e-09 5.39177e-08 1.21598e-06 1.89893e-05 0.000205343 0.0015376 0.00797316 0.0286377 0.071314 0.123578 0.151163 0.137476 0.107785 0.0901161 0.0808392 0.066882 0.0493504 0.0341846 0.0224762 0.013583 0.00737286 0.00353635 0.00146294 0.00050717
 3.00737e-11 1.41452e-09 4.60701e-08 1.039e-06 1.62254e-05 0.000175456 0.00131383 0.00681308 0.0244753 0.0609915 0.105982 0.131016 0.123571 0.106098 0.0996038 0.0954191 0.0806319 0.0599134 0.0418767 0.0279956 0.01729 0.00957449 0.00464902 0.00192805 0.000663999
 3.32254e-11 1.56276e-09 5.08982e-08 1.14788e-06 1.79258e-05 0.000193843 0.00145149 0.00752664 0.027034 0.0673214 0.116665 0.142739 0.129939 0.102279 0.0865778 0.0799295 0.069975 0.0563788 0.0429221 0.0303479 0.0193104 0.0109155 0.00540305 0.00227862 0.000793351
 3.39339e-11 1.59609e-09 5.19835e-08 1.17236e-06 1.83081e-05 0.000197976 0.00148245 0.00768717 0.0276111 0.0687623 0.11919 0.145955 0.133248 0.105531 0.0894861 0.0810217 0.0675361 0.0508433 0.0370797 0.0266418 0.0179627 0.0108161 0.00561538 0.00244364 0.000869042
 3.25597e-11 1.53145e-09 4.98784e-08 1.12488e-06 1.75667e-05 0.000189959 0.00142242 0.007376 0.0264947 0.0659948 0.114479 0.140597 0.129676 0.105463 0.0927426 0.0859732 0.0723847 0.0544048 0.0388185 0.0268015 0.0174859 0.0105184 0.00563682 0.00256841 0.000953421
 3.03102e-11 1.42565e-09 4.64324e-08 1.04717e-06 1.63531e-05 0.000176836 0.00132416 0.00686656 0.0246663 0.0614563 0.106714 0.131565 0.12297 0.1034 0.0949938 0.0907693 0.0781956 0.0603612 0.0441622 0.0307871 0.0198704 0.0116817 0.00615148 0.00280659 0.00106328
 3.51022e-11 1.65104e-09 5.37732e-08 1.21272e-06 1.89384e-05 0.000204792 0.00153348 0.00795166 0.0285592 0.0711051 0.123125 0.150183 0.135231 0.103302 0.0835558 0.0745751 0.0639811 0.0508712 0.0387619 0.0280185 0.0185612 0.011047 0.00580415 0.00262263 0.000987175
 3.40674e-11 1.60237e-09 5.2188e-08 1.17697e-06 1.83801e-05 0.000198755 0.00148828 0.00771745 0.0277201 0.0690373 0.119688 0.146669 0.134228 0.106948 0.0912787 0.0825076 0.0678082 0.0496346 0.0349794 0.0245459 0.0165001 0.0101257 0.00545975 0.00250123 0.000944514
 3.17822e-11 1.49488e-09 4.86873e-08 1.09802e-06 1.71472e-05 0.000185423 0.00138846 0.00719993 0.025863 0.0644288 0.111814 0.137564 0.127649 0.105412 0.0945581 0.0887371 0.0751198 0.0565254 0.0400519 0.027138 0.0172508 0.0101688 0.00543619 0.002522 0.000968713
 3.48514e-11 1.63924e-09 5.3389e-08 1.20406e-06 1.88031e-05 0.000203329 0.00152252 0.0078949 0.0283559 0.0706052 0.122301 0.149375 0.135134 0.10453 0.0860237 0.0772902 0.0657423 0.0511865 0.0379234 0.0265957 0.0170862 0.00990179 0.00512224 0.00231028 0.000876667
 3.62509e-11 1.70507e-09 5.55329e-08 1.25241e-06 1.95582e-05 0.000211494 0.00158366 0.00821191 0.0294942 0.0734365 0.127184 0.155239 0.1401 0.107559 0.0871303 0.076361 0.0623481 0.0457857 0.0322631 0.0223499 0.0146481 0.0087129 0.00455906 0.00204049 0.000760192
 3.38597e-11 1.5926e-09 5.18698e-08 1.1698e-06 1.8268e-05 0.000197544 0.00147921 0.00767045 0.0275519 0.0686235 0.119008 0.146009 0.13418 0.108068 0.0935952 0.0853476 0.0702121 0.0508495 0.0346391 0.0228757 0.0143296 0.0083109 0.00434016 0.00195956 0.000733984
 3.11332e-11 1.46436e-09 4.76931e-08 1.0756e-06 1.67971e-05 0.000181637 0.00136011 0.00705296 0.0253356 0.06312 0.109577 0.134977 0.125778 0.104971 0.0954924 0.0905539 0.0773639 0.0588483 0.0420097 0.0282744 0.0174498 0.00976318 0.00491002 0.00216175 0.00080141
 3.15826e-11 1.48549e-09 4.83815e-08 1.09113e-06 1.70395e-05 0.000184259 0.00137973 0.00715464 0.0256996 0.0640145 0.111046 0.136389 0.125837 0.102515 0.0907054 0.0854031 0.07425 0.0587401 0.0441959 0.0313714 0.0202379 0.0116074 0.00583021 0.00251401 0.000907782
 3.45475e-11 1.62495e-09 5.29234e-08 1.19356e-06 1.86391e-05 0.000201556 0.00150925 0.00782608 0.0281089 0.069992 0.121251 0.14815 0.134208 0.104175 0.0860835 0.0773336 0.06547 0.0508195 0.0380797 0.0276073 0.0185802 0.0111972 0.00586173 0.00258772 0.000938207
#spawning biomass
 21480.9 21186.5 17240.4 12771.1 14726 27403.3 41357.6 49872.2 61266.4 80440 87315.3 111027 136708 157720 167184 148963 150379 145056 156028 136007 129156 152695 153906 150343 156279 171286 175248 164744 154170 103658 156658 115327 77252.5 52859.8 39213.4 32134.8 28629.4 26944.7 26150.8 25781.7 25611.6 25533.7 25498.2 25482.1 25474.8 25471.4 25470 25469.3 25469 25468.8 25468.8 25468.7 25468.7 25468.7 25468.7 25468.7 25468.7 25468.7 25468.7 25468.7 25468.7 25468.7 25468.7 25468.7 25468.7 25468.7 25468.7 25468.7 25468.7 25468.7 25468.7 25468.7 25468.7 25468.7 25468.7 25468.7 25468.7 25468.7 25468.7 25468.7 25468.7 25468.7 25468.7 25468.7 25468.7 25468.7 25468.7 25468.7 25468.7 25468.7 25468.7 25468.7 25468.7 25468.7 25468.7 25468.7 25468.7 25468.7 25468.7 25468.7 25468.7 25468.7 25468.7 25468.7 25468.7 25468.7 25468.7 25468.7 25468.7 25468.7 25468.7 25468.7 25468.7 25468.7 25468.7 25468.7 25468.7 25468.7 25468.7 25468.7 25468.7 25468.7 25468.7 25468.7 25468.7 25468.7 25468.7 25468.7 25468.7 0 0 0 0 0 0 0 0 0 0 0 0 0 0 0 0 0 0 0 0 0 0 0 0 0
