SBPRF35
0.0759232
Curr Bio
89950.1
B35
101182
F35
2.23473
FOFL
2.20014
OFL
59454.8
Bzero
21691.6
#pred survey bio
 9766.83 8638.08 6483.44 7975.4 10967.9 15050.2 20354.2 29932.9 46872.3 66156.5 74100.8 78718.4 115764 145900 139875 120811 123166 131665 115145 112333 104572 103700 118465 114846 153810 181250 160267 128573 122973 4.64338e+06 1.71648e+06 549785 339837 276520 249958 237932 232452 229972 228858 228361 228141 228044 228001 227983 227975 227971 227970 227969 227969 227968 227968 227968 227968 227968 227968 227968 227968 227968 227968 227968 227968 227968 227968 227968 227968 227968 227968 227968 227968 227968 227968 227968 227968 227968 227968 227968 227968 227968 227968 227968 227968 227968 227968 227968 227968 227968 227968 227968 227968 227968 227968 227968 227968 227968 227968 227968 227968 227968 227968 227968 227968 227968 227968 227968 227968 227968 227968 227968 227968 227968 227968 227968 227968 227968 227968 227968 227968 227968 227968 227968 227968 227968 227968 227968 227968 227968 227968 227968 227968 0 0 0 0 0 0 0 0 0 0 0 0 0 0 0 0 0 0 0 0 0 0 0 0 0
#obs survey bio
 7132.95 5123.51 5644.5 6794.68 6136.94 11463.1 17366.4 24535.8 38214.9 43913.7 46154.5 41171.7 70279.3 137736 84919.7 113752 103442 118359 83303.1 138692 70243.5 89533 127128 101870 132167 127282 127313 100407 64470.6
#pred catch bio
 2338.83 3406.69 2712.95 3100.23 4659.18 6709.99 8956.37 13766.4 22426.2 37166.5 45823 48291.9 68369.7 91814.2 98763.2 85375.6 84944.5 95802.4 90117.9 85707.3 83066 81253.4 96864.8 90833 124723 161152 141957 110487 93397.7 59454.8 45771.6 8207.71 5013.36 4801.48 4788.84 4788.14 4788.1 4788.1 4788.1 4788.1 4788.1 4788.1 4788.1 4788.1 4788.1 4788.1 4788.1 4788.1 4788.1 4788.1 4788.1 4788.1 4788.1 4788.1 4788.1 4788.1 4788.1 4788.1 4788.1 4788.1 4788.1 4788.1 4788.1 4788.1 4788.1 4788.1 4788.1 4788.1 4788.1 4788.1 4788.1 4788.1 4788.1 4788.1 4788.1 4788.1 4788.1 4788.1 4788.1 4788.1 4788.1 4788.1 4788.1 4788.1 4788.1 4788.1 4788.1 4788.1 4788.1 4788.1 4788.1 4788.1 4788.1 4788.1 4788.1 4788.1 4788.1 4788.1 4788.1 4788.1 4788.1 4788.1 4788.1 4788.1 4788.1 4788.1 4788.1 4788.1 4788.1 4788.1 4788.1 4788.1 4788.1 4788.1 4788.1 4788.1 4788.1 4788.1 4788.1 4788.1 4788.1 4788.1 4788.1 4788.1 4788.1 4788.1 4788.1 4788.1 4788.1 0 0 0 0 0 0 0 0 0 0 0 0 0 0 0 0 0 0 0 0 0 0 0 0 0
#obs catch bio
 5526.01 3777.82 3229.93 3075.4 4698.34 6574.78 8671.25 13507.5 21939 36575.1 45313.1 49693.1 69484.8 82753.2 103646 79478.9 80555.7 83096.8 90678 74319.7 77954.9 71679.1 82273.2 79049.6 105567 151169 127149 93479.3 89599.8
#pred cpue bio
 7082.5 6764.36 4619.24 4657.32 6564.18 8719.51 11691.6 16808.8 25436.9 36670.1 40746.1 41355.6 56319.8 75864 75133.6 60298.6 59281.3 64082.6 55937.7 49732 47982.2 45232.3 51322.6 48951.7 64844.2 76078.3 63743.8 51718.2 50174.4 2.08791e+06 1.6052e+06 470771 260872 197555 170993 158967 153487 151007 149893 149396 149176 149079 149036 149018 149010 149006 149005 149004 149004 149004 149004 149003 149003 149003 149003 149003 149003 149003 149003 149003 149003 149003 149003 149003 149003 149003 149003 149003 149003 149003 149003 149003 149003 149003 149003 149003 149003 149003 149003 149003 149003 149003 149003 149003 149003 149003 149003 149003 149003 149003 149003 149003 149003 149003 149003 149003 149003 149003 149003 149003 149003 149003 149003 149003 149003 149003 149003 149003 149003 149003 149003 149003 149003 149003 149003 149003 149003 149003 149003 149003 149003 149003 149003 149003 149003 149003 149003 149003 149003 0 0 0 0 0 0 0 0 0 0 0 0 0 0 0 0 0 0 0 0 0 0 0 0 0
#obs cpue bio
 6185.9 5751.31 2943.58 8764.83 9977.73 14464.4 15033.5 22276 33020.4 61461.7 69050 63850 91404.7 142805 90146.5 93608.2 85062 134663 67278.2 79245.6 84646.9 88041 94569.9 90315.3 148053 137399 127179 129736 104544
#pred surv len freq
 1.72278e-11 1.87074e-09 1.19766e-07 4.52058e-06 0.000100599 0.00131989 0.0102104 0.0465828 0.1255 0.20097 0.197509 0.13626 0.0908766 0.0669281 0.044621 0.0272017 0.0169767 0.0108139 0.00708829 0.00490315 0.00364882 0.00296671 0.00250951 0.00190595 0.00110266
 1.40696e-11 1.52779e-09 9.78107e-08 3.69187e-06 8.21573e-05 0.00107794 0.00833946 0.0380621 0.102751 0.166219 0.17129 0.139468 0.121427 0.102391 0.0672038 0.0366828 0.0197046 0.0106769 0.00581418 0.00329245 0.00200215 0.00135667 0.00101139 0.000726449 0.000416976
 1.68259e-11 1.82709e-09 1.16972e-07 4.41511e-06 9.82519e-05 0.0012891 0.00997237 0.0454996 0.122621 0.196675 0.194787 0.138438 0.0979279 0.0753156 0.0512263 0.0310612 0.0178054 0.00912883 0.00424728 0.00194177 0.000920025 0.000478209 0.00028509 0.000179754 9.78963e-05
 2.01656e-11 2.18974e-09 1.40189e-07 5.29144e-06 0.000117753 0.00154495 0.0119511 0.0545159 0.146757 0.234073 0.225606 0.143632 0.0791309 0.0483984 0.0278075 0.0136689 0.00664786 0.0033513 0.0016183 0.000706042 0.000279229 0.000108494 4.64193e-05 2.2682e-05 1.08348e-05
 1.95102e-11 2.11857e-09 1.35633e-07 5.11946e-06 0.000113926 0.00149474 0.0115629 0.0527487 0.142052 0.226995 0.220798 0.146042 0.088146 0.0575896 0.0318576 0.0131436 0.00467429 0.00171026 0.000657474 0.000259546 9.89555e-05 3.41838e-05 1.1e-05 3.7054e-06 1.34523e-06
 2.00099e-11 2.17284e-09 1.39107e-07 5.25059e-06 0.000116844 0.00153302 0.0118589 0.0540971 0.145653 0.232505 0.224999 0.145689 0.0836154 0.052438 0.0288657 0.0121466 0.00437873 0.00147796 0.000446266 0.000124756 3.56554e-05 1.04595e-05 2.92591e-06 7.55533e-07 1.90175e-07
 2.00947e-11 2.18204e-09 1.39696e-07 5.27284e-06 0.000117339 0.00153952 0.0119092 0.0543261 0.146268 0.233473 0.225873 0.146074 0.0835206 0.0519925 0.0281264 0.0113153 0.00378088 0.0012039 0.000354361 9.23357e-05 2.1366e-05 4.50152e-06 9.19266e-07 1.85279e-07 3.52413e-08
 2.04163e-11 2.21696e-09 1.41932e-07 5.35722e-06 0.000119217 0.00156415 0.0120997 0.0551939 0.148586 0.237025 0.228606 0.145925 0.0807125 0.048704 0.0260591 0.0104546 0.00347155 0.00107905 0.0003017 7.35175e-05 1.59455e-05 3.03278e-06 4.96855e-07 7.17982e-08 9.60896e-09
 2.08527e-11 2.26436e-09 1.44966e-07 5.47174e-06 0.000121765 0.00159759 0.0123582 0.0563717 0.151734 0.241861 0.232389 0.145929 0.0772107 0.0444285 0.0231252 0.00896137 0.00279975 0.000819173 0.000221437 5.25455e-05 1.09164e-05 1.94806e-06 2.9316e-07 3.6843e-08 3.84583e-09
 2.05438e-11 2.23081e-09 1.42818e-07 5.39068e-06 0.000119961 0.00157392 0.0121752 0.0555383 0.14951 0.238471 0.229869 0.146362 0.080353 0.0478972 0.0250231 0.00941225 0.00273265 0.000726658 0.000181018 3.99857e-05 7.83177e-06 1.33755e-06 1.92191e-07 2.26249e-08 2.13658e-09
 2.0629e-11 2.24007e-09 1.43411e-07 5.41305e-06 0.000120459 0.00158045 0.0122258 0.0557685 0.150127 0.239429 0.23067 0.146533 0.0799291 0.0472357 0.0243804 0.00888318 0.00238818 0.000566663 0.000126828 2.52588e-05 4.45024e-06 6.93056e-07 9.25541e-08 1.02797e-08 9.18558e-10
 2.11983e-11 2.30189e-09 1.47369e-07 5.56243e-06 0.000123784 0.00162406 0.012563 0.0573047 0.15423 0.24572 0.235523 0.146313 0.0750175 0.0414302 0.0206476 0.00725047 0.00179196 0.000368842 7.16797e-05 1.25967e-05 1.94732e-06 2.66718e-07 3.16342e-08 3.1631e-09 2.59391e-10
 2.20673e-11 2.39625e-09 1.5341e-07 5.79045e-06 0.000128858 0.00169063 0.0130778 0.0596494 0.160492 0.255301 0.242832 0.145705 0.0671077 0.032297 0.0150694 0.00514335 0.00121967 0.000231924 4.07214e-05 6.36869e-06 8.50094e-07 9.93747e-08 1.01405e-08 8.79255e-10 6.3234e-11
 2.13086e-11 2.31385e-09 1.48135e-07 5.59135e-06 0.000124427 0.00163251 0.0126283 0.0576022 0.155026 0.246946 0.236501 0.146376 0.0742274 0.0404112 0.0198761 0.00678205 0.00154469 0.000267957 4.20872e-05 6.00609e-06 7.29358e-07 7.57523e-08 6.70893e-09 4.9549e-10 3.02223e-11
 2.09042e-11 2.26995e-09 1.45324e-07 5.48525e-06 0.000122066 0.00160153 0.0123888 0.0565112 0.152112 0.242488 0.233103 0.146667 0.0779217 0.0446713 0.0224707 0.00775262 0.00179978 0.000323673 5.22884e-05 7.31238e-06 8.22606e-07 7.65196e-08 6.04786e-09 3.96955e-10 2.11363e-11
 2.17789e-11 2.36492e-09 1.51405e-07 5.71476e-06 0.000127173 0.00166854 0.0129069 0.0588712 0.158415 0.252131 0.240456 0.146043 0.0699408 0.0354636 0.0168569 0.00564525 0.00123971 0.000197778 2.76469e-05 3.57959e-06 3.98116e-07 3.70601e-08 2.83668e-09 1.72297e-10 8.23039e-12
 2.21647e-11 2.40682e-09 1.54087e-07 5.81601e-06 0.000129427 0.0016981 0.0131355 0.0599123 0.161195 0.256385 0.243697 0.145762 0.0664111 0.0313961 0.0143837 0.00472462 0.000999847 0.000145038 1.72174e-05 1.88998e-06 1.81694e-07 1.47514e-08 1.02869e-09 6.00828e-11 2.80519e-12
 2.20473e-11 2.39408e-09 1.53271e-07 5.78521e-06 0.000128741 0.0016891 0.013066 0.0595955 0.160349 0.255092 0.242718 0.145866 0.0675133 0.032652 0.0151273 0.0049777 0.00104968 0.000150354 1.73257e-05 1.80587e-06 1.58971e-07 1.11969e-08 6.55832e-10 3.24843e-11 1.3261e-12
 2.20652e-11 2.39602e-09 1.53395e-07 5.78989e-06 0.000128845 0.00169047 0.0130766 0.0596437 0.160478 0.25529 0.242873 0.145869 0.0673734 0.0324788 0.015005 0.00491219 0.00101932 0.000139337 1.46268e-05 1.38169e-06 1.14412e-07 7.6913e-09 4.226e-10 1.89606e-11 6.72919e-13
 2.2961e-11 2.49329e-09 1.59623e-07 6.02496e-06 0.000134076 0.0017591 0.0136073 0.0620608 0.166932 0.265158 0.250362 0.145114 0.059025 0.0229361 0.00931208 0.00292253 0.000588435 7.47956e-05 6.61132e-06 4.89828e-07 3.3503e-08 1.97337e-09 9.67301e-11 3.96093e-12 1.31021e-13
 2.26333e-11 2.45771e-09 1.57345e-07 5.93897e-06 0.000132163 0.001734 0.0134131 0.0611766 0.164572 0.261549 0.247628 0.145405 0.0621008 0.0264409 0.0113873 0.00362894 0.00072802 9.03429e-05 7.43956e-06 4.79731e-07 2.78561e-08 1.38441e-09 5.50142e-11 1.80405e-12 4.98792e-14
 2.309e-11 2.5073e-09 1.60519e-07 6.0588e-06 0.000134829 0.00176898 0.0136837 0.0624087 0.167861 0.266578 0.251441 0.145008 0.0578262 0.0215644 0.00849168 0.00263333 0.000524053 6.44501e-05 5.18192e-06 3.17286e-07 1.72059e-08 7.93865e-10 2.83172e-11 7.91113e-13 1.8025e-14
 2.31479e-11 2.51358e-09 1.60922e-07 6.07399e-06 0.000135167 0.00177341 0.013718 0.0625649 0.168278 0.267216 0.251925 0.144958 0.0572861 0.0209473 0.008124 0.00250535 0.000496716 6.05121e-05 4.72859e-06 2.71545e-07 1.35791e-08 5.90513e-10 2.0085e-11 5.28357e-13 1.11227e-14
 2.32837e-11 2.52833e-09 1.61866e-07 6.10964e-06 0.000135961 0.00178382 0.0137985 0.0629315 0.169257 0.268712 0.253059 0.144842 0.0560163 0.0194977 0.00726179 0.00220712 0.000434346 5.20637e-05 3.86821e-06 1.95302e-07 7.99986e-09 2.95547e-10 9.09465e-12 2.19714e-13 4.25813e-15
 2.33733e-11 2.53806e-09 1.62489e-07 6.13314e-06 0.000136484 0.00179068 0.0138515 0.0631732 0.169903 0.269699 0.253807 0.144762 0.0551756 0.0185397 0.00669444 0.00201386 0.000396049 4.7745e-05 3.61937e-06 1.92672e-07 8.56851e-09 3.31847e-10 9.88224e-12 2.12859e-13 3.49297e-15
 2.34085e-11 2.54188e-09 1.62733e-07 6.14237e-06 0.000136689 0.00179338 0.0138723 0.063268 0.170156 0.270086 0.254101 0.144733 0.0548478 0.0181651 0.00647121 0.00193609 0.000379398 4.53307e-05 3.33908e-06 1.6452e-07 6.42304e-09 2.24271e-10 6.50216e-12 1.4434e-13 2.49014e-15
 2.38195e-11 2.58652e-09 1.65591e-07 6.25023e-06 0.000139089 0.00182487 0.0141159 0.0643771 0.173117 0.274613 0.257532 0.144373 0.0509962 0.0137729 0.00386569 0.00104322 0.00019864 2.32941e-05 1.63541e-06 6.94619e-08 1.88537e-09 3.77244e-11 6.75303e-13 1.12544e-14 1.6188e-16
 2.37366e-11 2.57752e-09 1.65015e-07 6.22848e-06 0.000138605 0.00181852 0.0140668 0.0641534 0.17252 0.2737 0.25684 0.144446 0.0517734 0.014659 0.00439091 0.0012227 0.000234609 2.75246e-05 1.92472e-06 8.05215e-08 2.0788e-09 3.63336e-11 5.10671e-13 6.35172e-15 6.34238e-17
 2.36297e-11 2.5659e-09 1.64272e-07 6.20043e-06 0.000137981 0.00181033 0.0140034 0.063865 0.17175 0.272523 0.255948 0.144539 0.0527756 0.0158017 0.00506849 0.00145458 0.000281319 3.31209e-05 2.33331e-06 1.00061e-07 2.79251e-09 5.89215e-11 1.07882e-12 1.60227e-14 1.66449e-16
#obs surv len freq
 3.69329e-11 3.56818e-09 2.03245e-07 6.82544e-06 0.00013514 0.00157755 0.0108589 0.0441016 0.106035 0.15364 0.146287 0.121731 0.117359 0.107498 0.0800311 0.0523148 0.0309964 0.0160276 0.00728487 0.00288992 0.000941318 0.000234643 4.22594e-05 5.25213e-06 4.34474e-07
 2.76391e-11 2.57556e-09 1.415e-07 4.58336e-06 8.753e-05 0.000985618 0.00654667 0.0257079 0.0604017 0.0901591 0.107102 0.140484 0.178578 0.16478 0.107856 0.0591237 0.031609 0.0159946 0.00704517 0.00257635 0.000756392 0.000170738 2.80598e-05 3.19006e-06 2.41251e-07
 1.00259e-10 8.99567e-09 4.75862e-07 1.48411e-05 0.000272893 0.00295843 0.0189103 0.07129 0.158759 0.210619 0.173895 0.107648 0.0740347 0.0611444 0.0490701 0.0352205 0.0207951 0.00978775 0.0038538 0.00129233 0.000350123 7.18205e-05 1.06178e-05 1.08674e-06 7.43435e-08
 1.32155e-10 1.13984e-08 5.79617e-07 1.73771e-05 0.000307153 0.00320098 0.0196706 0.0713264 0.153167 0.198549 0.170182 0.128361 0.108658 0.0802126 0.0410898 0.0154978 0.00578033 0.00251417 0.00102982 0.000334815 8.28516e-05 1.53147e-05 2.0409e-06 1.8799e-07 1.15535e-08
 1.89085e-10 1.5653e-08 7.63966e-07 2.19832e-05 0.000372947 0.00373043 0.0220032 0.0765908 0.158005 0.197512 0.165887 0.126729 0.108408 0.0790738 0.0402865 0.0149855 0.00466704 0.00129551 0.000327892 8.01627e-05 1.77226e-05 3.04555e-06 3.71066e-07 3.07989e-08 1.69839e-09
 2.8205e-10 2.23775e-08 1.04674e-06 2.88671e-05 0.000469363 0.00449955 0.0254362 0.0848653 0.16787 0.201574 0.163813 0.12267 0.102431 0.0721831 0.035673 0.013076 0.00405146 0.00107929 0.000231564 3.97754e-05 5.72939e-06 7.06612e-07 7.05629e-08 5.17197e-09 2.57384e-10
 3.86498e-10 2.93486e-08 1.31391e-06 3.46805e-05 0.000539693 0.00495187 0.0267949 0.085611 0.16256 0.189631 0.156881 0.128542 0.113022 0.0779 0.0364655 0.0124159 0.00354923 0.000886296 0.000180615 2.87404e-05 3.51075e-06 3.24206e-07 2.25496e-08 1.18126e-09 4.55429e-11
 6.23995e-10 4.52915e-08 1.93816e-06 4.88994e-05 0.000727375 0.0063793 0.0329942 0.100746 0.182673 0.202636 0.156807 0.117306 0.0955163 0.0626316 0.0284422 0.0095824 0.00271282 0.000650264 0.000123126 1.79469e-05 2.00275e-06 1.66539e-07 9.96184e-09 4.18106e-10 1.21458e-11
 8.67024e-10 6.00809e-08 2.4546e-06 5.9124e-05 0.000839636 0.00703053 0.0347206 0.101296 0.176068 0.190246 0.151881 0.125319 0.106086 0.067087 0.0282258 0.00848049 0.00210649 0.000457724 8.1586e-05 1.12913e-05 1.1794e-06 9.0081e-08 4.88135e-09 1.83321e-10 4.67369e-12
 1.27978e-09 8.45703e-08 3.29488e-06 7.56836e-05 0.00102497 0.00818453 0.0385497 0.107315 0.178422 0.186526 0.149388 0.127012 0.106235 0.0639189 0.0249419 0.00668316 0.00141543 0.000259186 3.9351e-05 4.6962e-06 4.32814e-07 2.99554e-08 1.49133e-09 5.14136e-11 1.1938e-12
 1.88978e-09 1.18963e-07 4.41521e-06 9.66121e-05 0.00124641 0.00948144 0.0425485 0.112922 0.179549 0.182087 0.147373 0.129117 0.106207 0.0607743 0.0221003 0.00534361 0.000976612 0.000150892 1.93087e-05 1.91878e-06 1.45554e-07 8.36474e-09 3.53892e-10 1.06315e-11 2.1965e-13
 2.95244e-09 1.76876e-07 6.24738e-06 0.000130097 0.00159729 0.0115635 0.0493872 0.124773 0.189067 0.183581 0.143928 0.122454 0.0966009 0.0528773 0.0185978 0.00446272 0.000829289 0.00012754 1.5281e-05 1.33884e-06 8.56711e-08 4.05987e-09 1.40883e-10 3.48316e-12 5.98224e-14
 4.69163e-09 2.67239e-07 8.9746e-06 0.000177693 0.00207432 0.0142783 0.0579831 0.139305 0.20085 0.185973 0.139662 0.113594 0.0848653 0.0435762 0.0141139 0.00299827 0.000470866 6.16132e-05 6.66664e-06 5.5251e-07 3.37064e-08 1.48522e-09 4.60582e-11 9.81198e-13 1.41665e-14
 5.15571e-09 2.78986e-07 8.9005e-06 0.000167414 0.00185667 0.012144 0.0469117 0.107801 0.152704 0.154519 0.153928 0.159331 0.124864 0.0620983 0.0191489 0.00386508 0.00057443 6.98085e-05 6.79312e-06 4.90517e-07 2.56702e-08 9.82925e-10 2.72975e-11 5.32613e-13 7.06508e-15
 9.28319e-09 4.76837e-07 1.44405e-05 0.000257832 0.00271427 0.0168511 0.0617683 0.134473 0.17906 0.165374 0.144216 0.133695 0.0977776 0.0463748 0.0139926 0.00289864 0.000465247 6.04734e-05 5.91539e-06 4.07176e-07 1.96147e-08 6.72506e-10 1.63708e-11 2.76769e-13 3.18058e-15
 1.2904e-08 6.28742e-07 1.80618e-05 0.000305912 0.00305494 0.017994 0.062619 0.129862 0.16735 0.158068 0.150519 0.144708 0.102715 0.0463616 0.0133089 0.00264455 0.0004122 5.26496e-05 5.14156e-06 3.61066e-07 1.79697e-08 6.27894e-10 1.50343e-11 2.40506e-13 2.53447e-15
 2.48596e-08 1.1483e-06 3.1272e-05 0.00050211 0.00475339 0.0265378 0.0874706 0.171175 0.204468 0.167842 0.127748 0.103513 0.0672566 0.0287737 0.00803025 0.0016045 0.000256402 3.28704e-05 3.12465e-06 2.10998e-07 1.01322e-08 3.45176e-10 8.14851e-12 1.29497e-13 1.35604e-15
 2.79865e-08 1.22489e-06 3.16073e-05 0.00048087 0.00431385 0.0228317 0.0714923 0.134299 0.161442 0.154825 0.157441 0.147411 0.0952134 0.0383964 0.00981318 0.00173586 0.000241707 2.79011e-05 2.51093e-06 1.65885e-07 7.86288e-09 2.61915e-10 5.96047e-12 9.05368e-14 9.0504e-16
 4.47677e-08 1.85575e-06 4.53538e-05 0.000653521 0.00555273 0.027836 0.0825733 0.147073 0.168181 0.15454 0.150709 0.134585 0.0835321 0.0334008 0.00908562 0.00187884 0.000310764 3.85359e-05 3.33537e-06 1.99445e-07 8.43829e-09 2.55306e-10 5.41991e-12 7.8283e-14 7.49592e-16
 7.83426e-08 3.07477e-06 7.1149e-05 0.000970674 0.00780856 0.0370579 0.104015 0.174839 0.186462 0.154552 0.133472 0.108647 0.0624441 0.0229192 0.00556676 0.00100321 0.000148914 1.7919e-05 1.61981e-06 1.05019e-07 4.74948e-09 1.45521e-10 2.95005e-12 3.91463e-14 3.39364e-16
 9.69851e-08 3.60312e-06 7.89213e-05 0.00101922 0.00776224 0.034895 0.093038 0.150545 0.163226 0.155636 0.1573 0.1318 0.0727696 0.0251528 0.00569189 0.00094087 0.000125767 1.34572e-05 1.07753e-06 6.27233e-08 2.64156e-09 7.88818e-11 1.61259e-12 2.1844e-14 1.91479e-16
 1.69753e-07 5.96874e-06 0.000123734 0.00151236 0.0109005 0.0463675 0.116866 0.177929 0.178061 0.150523 0.134869 0.104382 0.0547422 0.0185134 0.00431039 0.000770845 0.00011002 1.17428e-05 8.83049e-07 4.65044e-08 1.73677e-09 4.57766e-11 8.32837e-13 1.02193e-14 8.30496e-17
 2.28847e-07 7.61506e-06 0.000149398 0.00172816 0.0117896 0.0474929 0.113663 0.16634 0.167545 0.154575 0.14806 0.112316 0.0552614 0.0170213 0.00345902 0.000520308 6.40341e-05 6.34898e-06 4.71976e-07 2.51884e-08 9.40731e-10 2.39278e-11 4.04919e-13 4.49974e-15 3.26328e-17
 3.84135e-07 1.20969e-05 0.000224597 0.00245867 0.0158729 0.0604997 0.136872 0.188518 0.175683 0.145591 0.126214 0.0894827 0.0422417 0.0129801 0.00280825 0.000472447 6.23228e-05 5.9935e-06 4.01189e-07 1.87974e-08 6.26972e-10 1.47795e-11 2.39191e-13 2.57678e-15 1.80497e-17
 5.08975e-07 1.51694e-05 0.000266556 0.00276176 0.0168779 0.0609453 0.131127 0.174719 0.16702 0.153477 0.140648 0.0964969 0.0420392 0.0113402 0.00198533 0.000251723 2.6018e-05 2.21961e-06 1.45367e-07 6.88369e-09 2.27009e-10 5.05808e-12 7.45624e-14 7.20102e-16 4.53712e-18
 5.85364e-07 1.65129e-05 0.000274647 0.00269366 0.0155894 0.0534181 0.110103 0.146272 0.155726 0.171111 0.168047 0.113262 0.0478338 0.0128747 0.00239521 0.000340627 3.77752e-05 3.04902e-06 1.69768e-07 6.53985e-09 1.79157e-10 3.51632e-12 4.82129e-14 4.44905e-16 2.67925e-18
 1.16157e-06 3.1018e-05 0.000488348 0.00453351 0.0248267 0.0803695 0.155336 0.18746 0.166119 0.144028 0.121452 0.0754325 0.0302454 0.00793645 0.00149239 0.000220113 2.52513e-05 2.09714e-06 1.20857e-07 4.79756e-09 1.3036e-10 2.38112e-12 2.86847e-14 2.25747e-16 1.1593e-18
 1.1516e-06 2.9114e-05 0.000433979 0.00381509 0.019802 0.0610146 0.114426 0.144544 0.159434 0.180617 0.166627 0.100783 0.0377656 0.00900519 0.00148996 0.000191389 1.9817e-05 1.56365e-06 8.89622e-08 3.55901e-09 9.80096e-11 1.80922e-12 2.1874e-14 1.70595e-16 8.49709e-19
 1.59819e-06 3.82573e-05 0.000539977 0.00449514 0.0221028 0.0646322 0.115918 0.143761 0.161828 0.184003 0.163802 0.0946656 0.0343493 0.00821769 0.00142995 0.000194496 2.00926e-05 1.47343e-06 7.4719e-08 2.64534e-09 6.57914e-11 1.13129e-12 1.3082e-14 9.92119e-17 4.8422e-19
#pred catch len freq
 1.26122e-11 1.36953e-09 8.76786e-08 3.30943e-06 7.36467e-05 0.000966285 0.00747574 0.0341231 0.0921604 0.14943 0.155609 0.130941 0.119372 0.104598 0.0731848 0.0452093 0.0283632 0.0180983 0.0118672 0.00820922 0.00610914 0.0049671 0.00420161 0.00319109 0.00184615
 9.81932e-12 1.06626e-09 6.8263e-08 2.57659e-06 5.73388e-05 0.000752336 0.00582133 0.0265905 0.0720774 0.118972 0.133722 0.137404 0.152245 0.141108 0.0948063 0.0521393 0.0281238 0.0152653 0.00831629 0.0047096 0.00286394 0.00194062 0.00144672 0.00103913 0.000596454
 1.30716e-11 1.41942e-09 9.08729e-08 3.43e-06 7.63298e-05 0.00100149 0.00774809 0.0353661 0.0955158 0.154856 0.161195 0.135502 0.123506 0.108625 0.0765872 0.0468684 0.0269562 0.0138362 0.00643921 0.00294399 0.00139489 0.00072503 0.000432236 0.000272532 0.000148424
 1.7535e-11 1.90409e-09 1.21901e-07 4.60117e-06 0.000102392 0.00134342 0.0103926 0.0474165 0.127781 0.204907 0.202715 0.143358 0.0997878 0.0736172 0.0449926 0.0224499 0.0109723 0.00554138 0.00267703 0.00116802 0.000461937 0.000179486 7.67928e-05 3.75235e-05 1.79244e-05
 1.67828e-11 1.82241e-09 1.16672e-07 4.4038e-06 9.80001e-05 0.0012858 0.00994708 0.0453892 0.122392 0.196865 0.197585 0.147199 0.111812 0.0854271 0.0495411 0.0206711 0.00738383 0.00270859 0.00104223 0.000411504 0.000156894 5.41983e-05 1.74404e-05 5.8749e-06 2.13286e-06
 1.76229e-11 1.91363e-09 1.22513e-07 4.62424e-06 0.000102906 0.00135016 0.0104448 0.047656 0.128446 0.206129 0.204655 0.146626 0.104225 0.0767785 0.0444825 0.0189462 0.00685834 0.0023198 0.000701015 0.000196009 5.60206e-05 1.64335e-05 4.59706e-06 1.18706e-06 2.98795e-07
 1.77213e-11 1.92433e-09 1.23197e-07 4.65007e-06 0.000103481 0.0013577 0.0105031 0.0479221 0.129162 0.207267 0.205734 0.147249 0.104382 0.0764361 0.0435466 0.017734 0.00595079 0.0018994 0.000559627 0.000145857 3.37515e-05 7.11097e-06 1.45214e-06 2.9268e-07 5.56699e-08
 1.82978e-11 1.98692e-09 1.27204e-07 4.80133e-06 0.000106846 0.00140186 0.0108446 0.0494775 0.133317 0.213633 0.210632 0.146982 0.0993482 0.070539 0.0398348 0.016185 0.00539632 0.00168094 0.000470403 0.000114652 2.4868e-05 4.7298e-06 7.74871e-07 1.11973e-07 1.49856e-08
 1.90363e-11 2.06712e-09 1.32339e-07 4.99512e-06 0.000111159 0.00145844 0.0112822 0.0514706 0.138643 0.221815 0.217023 0.146958 0.0933755 0.063273 0.0348834 0.0137017 0.00429778 0.00126008 0.000340927 8.09188e-05 1.68115e-05 3.00003e-06 4.51468e-07 5.67383e-08 5.92257e-09
 1.89893e-11 2.06201e-09 1.32011e-07 4.98277e-06 0.000110884 0.00145483 0.0112543 0.0513438 0.138307 0.221323 0.216758 0.147353 0.0943558 0.0641378 0.0350424 0.0133168 0.00387674 0.00103227 0.000257309 5.68474e-05 1.11345e-05 1.90158e-06 2.73235e-07 3.21653e-08 3.03753e-09
 1.93767e-11 2.10408e-09 1.34705e-07 5.08444e-06 0.000113147 0.00148451 0.0114838 0.0523895 0.141102 0.225621 0.220137 0.147411 0.0913312 0.0604001 0.032419 0.0119176 0.00321055 0.000762416 0.000170707 3.40014e-05 5.99052e-06 9.32912e-07 1.24584e-07 1.38371e-08 1.23644e-09
 2.01209e-11 2.18489e-09 1.39879e-07 5.27973e-06 0.000117492 0.00154153 0.0119248 0.0543978 0.146468 0.233845 0.226485 0.147131 0.0849231 0.052819 0.0275354 0.00977113 0.00242055 0.000498648 9.69509e-05 1.70405e-05 2.63431e-06 3.60804e-07 4.27927e-08 4.27882e-09 3.50886e-10
 2.12277e-11 2.30507e-09 1.47573e-07 5.57013e-06 0.000123955 0.00162631 0.0125804 0.0573839 0.154443 0.246049 0.235796 0.146363 0.0748582 0.041193 0.0204284 0.00707905 0.00168424 0.000320604 5.63249e-05 8.81113e-06 1.17616e-06 1.37488e-07 1.40295e-08 1.21645e-09 8.74838e-11
 2.03317e-11 2.20778e-09 1.41344e-07 5.33502e-06 0.000118723 0.00155767 0.0120496 0.0549665 0.147988 0.236183 0.228324 0.147167 0.0832832 0.0507861 0.026099 0.00899748 0.00205376 0.000356507 5.60185e-05 7.99572e-06 9.71002e-07 1.00848e-07 8.93125e-09 6.59613e-10 4.02327e-11
 2.0114e-11 2.18414e-09 1.39831e-07 5.27791e-06 0.000117452 0.001541 0.0119206 0.0543791 0.146419 0.233781 0.226486 0.147299 0.0852346 0.0530557 0.0275086 0.00955671 0.00222153 0.000399574 6.4544e-05 9.02557e-06 1.01527e-06 9.44369e-08 7.46371e-09 4.89878e-10 2.60839e-11
 2.12003e-11 2.3021e-09 1.47382e-07 5.56294e-06 0.000123795 0.00162421 0.0125642 0.0573101 0.154246 0.245757 0.235617 0.146523 0.0753217 0.0416197 0.020537 0.00694062 0.00152691 0.000243646 3.40533e-05 4.40838e-06 4.90249e-07 4.56341e-08 3.49283e-09 2.12147e-10 1.01339e-11
 2.16349e-11 2.3493e-09 1.50404e-07 5.677e-06 0.000126333 0.00165751 0.0128217 0.0584829 0.157378 0.250549 0.23927 0.146211 0.071353 0.0370426 0.0177488 0.00589658 0.00125075 0.000181502 2.1545e-05 2.36474e-06 2.27318e-07 1.84544e-08 1.28687e-09 7.51602e-11 3.5091e-12
 2.15877e-11 2.34416e-09 1.50075e-07 5.66459e-06 0.000126057 0.00165389 0.0127937 0.0583553 0.157038 0.250029 0.238877 0.146257 0.0718025 0.037552 0.0180465 0.00599307 0.00126611 0.000181389 2.08967e-05 2.17743e-06 1.91649e-07 1.34974e-08 7.90535e-10 3.9155e-11 1.59839e-12
 2.17438e-11 2.36111e-09 1.51161e-07 5.70556e-06 0.000126969 0.00166585 0.0128862 0.0587765 0.158163 0.25175 0.240189 0.146144 0.0703766 0.0359076 0.0170449 0.00561833 0.00116741 0.000159585 1.67445e-05 1.58082e-06 1.30858e-07 8.79559e-09 4.8324e-10 2.16804e-11 7.69433e-13
 2.27461e-11 2.46995e-09 1.58128e-07 5.96855e-06 0.000132821 0.00174263 0.0134799 0.0614808 0.165384 0.26279 0.248567 0.145301 0.0610371 0.0252316 0.0106752 0.00339139 0.000684606 8.70541e-05 7.69306e-06 5.69667e-07 3.89461e-08 2.29347e-09 1.12409e-10 4.60273e-12 1.52247e-13
 2.2417e-11 2.43421e-09 1.55841e-07 5.8822e-06 0.000130899 0.00171742 0.013285 0.0605929 0.163013 0.259167 0.245822 0.145593 0.0641272 0.0287521 0.0127589 0.00409975 0.000823882 0.000102264 8.41922e-06 5.42583e-07 3.1486e-08 1.56428e-09 6.21534e-11 2.038e-12 5.63454e-14
 2.29224e-11 2.48909e-09 1.59354e-07 6.01481e-06 0.000133851 0.00175614 0.0135844 0.0619564 0.166654 0.264732 0.250041 0.145154 0.0593963 0.0233551 0.00955425 0.00299782 0.000598102 7.35882e-05 5.91571e-06 3.62025e-07 1.962e-08 9.04926e-10 3.2274e-11 9.01584e-13 2.0541e-14
 2.3027e-11 2.50046e-09 1.60082e-07 6.04227e-06 0.000134462 0.00176415 0.0136464 0.0622388 0.167408 0.265885 0.250916 0.145064 0.0584184 0.0222386 0.00889007 0.00276793 0.000549916 6.70159e-05 5.23592e-06 3.00507e-07 1.5016e-08 6.52675e-10 2.21948e-11 5.838e-13 1.22891e-14
 2.31517e-11 2.51399e-09 1.60948e-07 6.07499e-06 0.00013519 0.0017737 0.0137202 0.0625752 0.168306 0.267258 0.251957 0.144957 0.0572539 0.0209089 0.00809869 0.00249364 0.000492145 5.90238e-05 4.38525e-06 2.21332e-07 9.0602e-09 3.34525e-10 1.02911e-11 2.48589e-13 4.81741e-15
 2.32713e-11 2.52699e-09 1.6178e-07 6.10638e-06 0.000135888 0.00178287 0.0137911 0.062898 0.169168 0.268576 0.252956 0.144852 0.0561313 0.0196295 0.00734082 0.00223525 0.000440787 5.31645e-05 4.02988e-06 2.14427e-07 9.52895e-09 3.68836e-10 1.0981e-11 2.36501e-13 3.88067e-15
 2.33711e-11 2.53782e-09 1.62474e-07 6.13257e-06 0.000136471 0.00179051 0.0138502 0.0631672 0.169887 0.269675 0.253789 0.144765 0.0551978 0.0185642 0.00670786 0.00201709 0.000395721 4.72897e-05 3.48295e-06 1.71527e-07 6.6904e-09 2.33395e-10 6.76358e-12 1.50116e-13 2.58957e-15
 2.3799e-11 2.58428e-09 1.65448e-07 6.24483e-06 0.000138969 0.00182329 0.0141037 0.0643216 0.172969 0.274386 0.25736 0.144391 0.0511892 0.0139929 0.00399613 0.00108782 0.000207597 2.43557e-05 1.71005e-06 7.26259e-08 1.97062e-09 3.93998e-11 7.04572e-13 1.17343e-14 1.6874e-16
 2.37003e-11 2.57357e-09 1.64762e-07 6.21894e-06 0.000138393 0.00181573 0.0140452 0.0640553 0.172258 0.2733 0.256537 0.144478 0.0521144 0.0150477 0.00462138 0.0013015 0.000250429 2.93975e-05 2.05589e-06 8.60064e-08 2.22003e-09 3.87832e-11 5.44628e-13 6.76876e-15 6.75623e-17
 2.35238e-11 2.5544e-09 1.63535e-07 6.17262e-06 0.000137362 0.00180221 0.0139407 0.0635791 0.170986 0.271356 0.255063 0.144633 0.053769 0.0169341 0.00573987 0.00168415 0.000327437 3.85917e-05 2.71924e-06 1.16607e-07 3.25358e-09 6.86176e-11 1.25568e-12 1.86436e-14 1.93653e-16
#obs catch len freq
 3.0198e-11 2.91751e-09 1.66182e-07 5.58079e-06 0.000110497 0.00128991 0.00887978 0.0360832 0.0870074 0.127985 0.13027 0.127925 0.140711 0.130102 0.0905035 0.0544854 0.0322014 0.0180334 0.00896243 0.00377063 0.0012763 0.000328481 6.08649e-05 7.7591e-06 6.57096e-07
 4.95692e-11 4.61913e-09 2.53774e-07 8.22e-06 0.000156978 0.00176749 0.0117351 0.0459789 0.106742 0.150016 0.141302 0.121413 0.120587 0.109803 0.0808438 0.0524549 0.0307193 0.0156586 0.00700326 0.00271297 0.000853866 0.000203629 3.47843e-05 4.07117e-06 3.15367e-07
 3.70259e-11 3.32212e-09 1.75737e-07 5.48088e-06 0.000100783 0.00109272 0.00698947 0.0264471 0.0600653 0.0879439 0.10669 0.144851 0.182816 0.164383 0.105482 0.0574839 0.0306031 0.0152791 0.00658977 0.0023446 0.000664632 0.000143529 2.23652e-05 2.39329e-06 1.69416e-07
 1.41371e-10 1.21932e-08 6.20034e-07 1.85888e-05 0.00032857 0.00342411 0.0210398 0.0762534 0.16331 0.208762 0.167638 0.104213 0.0741871 0.0619286 0.0493917 0.0349216 0.0201647 0.00928952 0.0035838 0.00116988 0.000305464 5.98481e-05 8.38496e-06 8.07772e-07 5.17227e-08
 1.89391e-10 1.56783e-08 7.65201e-07 2.20187e-05 0.00037355 0.00373646 0.0220388 0.0767147 0.158262 0.197841 0.166177 0.126876 0.108073 0.0778248 0.0386415 0.014357 0.00540262 0.00234456 0.000936582 0.000294196 6.99674e-05 1.23455e-05 1.55849e-06 1.35077e-07 7.7699e-09
 2.74961e-10 2.18152e-08 1.02043e-06 2.81416e-05 0.000457567 0.00438648 0.0247976 0.0827431 0.163762 0.197198 0.16222 0.125049 0.106876 0.0758037 0.0374025 0.0135971 0.00416886 0.00113892 0.000284559 6.84278e-05 1.46257e-05 2.39568e-06 2.76024e-07 2.15443e-08 1.11191e-09
 4.16087e-10 3.15955e-08 1.4145e-06 3.73355e-05 0.000581008 0.00533089 0.0288438 0.0921226 0.174578 0.201618 0.160059 0.12021 0.0996224 0.0680669 0.0325581 0.0116666 0.00355163 0.000923467 0.00019242 3.21149e-05 4.49341e-06 5.34486e-07 5.08449e-08 3.51215e-09 1.6361e-10
 5.77716e-10 4.19324e-08 1.79442e-06 4.52728e-05 0.000673432 0.00590629 0.0305502 0.0933245 0.169605 0.190313 0.154175 0.126291 0.109063 0.0724758 0.0327341 0.0108713 0.00305311 0.000744705 0.000147164 2.26144e-05 2.65648e-06 2.34935e-07 1.55863e-08 7.74368e-10 2.8106e-11
 9.41686e-10 6.52546e-08 2.66597e-06 6.42152e-05 0.000911934 0.00763575 0.0377053 0.10994 0.190513 0.202788 0.152826 0.113541 0.0905829 0.0572305 0.0250828 0.00824329 0.00228651 0.000533173 9.76356e-05 1.37279e-05 1.47144e-06 1.16839e-07 6.63835e-09 2.63472e-10 7.20815e-12
 1.33238e-09 8.80464e-08 3.43031e-06 7.87943e-05 0.00106709 0.00852079 0.0401307 0.111675 0.18532 0.191974 0.148881 0.120547 0.0986824 0.0597586 0.0241555 0.00705209 0.00171691 0.000363967 6.27914e-05 8.36949e-06 8.37714e-07 6.09849e-08 3.13496e-09 1.11214e-10 2.66772e-12
 1.99142e-09 1.25361e-07 4.65268e-06 0.000101808 0.00131344 0.00999115 0.0448312 0.118915 0.188547 0.188701 0.146252 0.120924 0.0971155 0.055746 0.0208174 0.00539211 0.00111547 0.000199215 2.92797e-05 3.3686e-06 2.98038e-07 1.96807e-08 9.2923e-10 3.02344e-11 6.59985e-13
 2.96261e-09 1.77485e-07 6.26889e-06 0.000130545 0.00160279 0.0116034 0.049557 0.125199 0.18969 0.184082 0.144059 0.122241 0.0961793 0.0523729 0.0181694 0.00422722 0.000751624 0.000113127 1.39947e-05 1.33814e-06 9.74272e-08 5.35006e-09 2.1506e-10 6.10626e-12 1.18696e-13
 4.66371e-09 2.65649e-07 8.92121e-06 0.000176636 0.00206198 0.0141933 0.0576386 0.138483 0.199704 0.185085 0.139417 0.11393 0.0856138 0.0445451 0.0149547 0.00345827 0.000624649 9.30639e-05 1.07103e-05 8.98414e-07 5.50169e-08 2.48911e-09 8.20886e-11 1.91985e-12 3.10624e-14
 7.42051e-09 4.01538e-07 1.28103e-05 0.000240952 0.0026721 0.0174732 0.067411 0.153882 0.210932 0.186103 0.133783 0.104026 0.0738109 0.0359371 0.01107 0.00225448 0.000343205 4.36548e-05 4.55627e-06 3.61908e-07 2.10868e-08 8.83921e-10 2.59661e-11 5.2222e-13 7.09828e-15
 8.45551e-09 4.34323e-07 1.3153e-05 0.000234845 0.00247232 0.0153503 0.0562912 0.122819 0.165297 0.159152 0.150797 0.147867 0.109591 0.0515985 0.0151183 0.00292254 0.000420191 4.94639e-05 4.62512e-06 3.19212e-07 1.59505e-08 5.82084e-10 1.53399e-11 2.8265e-13 3.52682e-15
 1.50604e-08 7.33816e-07 2.10802e-05 0.000357032 0.00356534 0.020997 0.0730106 0.150796 0.190555 0.167076 0.138117 0.121006 0.083617 0.0375588 0.0107924 0.00214983 0.00033411 4.18373e-05 3.90822e-06 2.56065e-07 1.17418e-08 3.82765e-10 8.82891e-12 1.40895e-13 1.52358e-15
 2.12338e-08 9.80819e-07 2.6711e-05 0.00042888 0.00406028 0.0226723 0.0747984 0.147056 0.179604 0.160455 0.143879 0.130169 0.0871623 0.0372322 0.0101761 0.00194469 0.000293556 3.61346e-05 3.37326e-06 2.25651e-07 1.06768e-08 3.53496e-10 7.98866e-12 1.20254e-13 1.18996e-15
 3.99395e-08 1.74804e-06 4.51066e-05 0.000686233 0.00615552 0.0325622 0.101694 0.188548 0.213262 0.165285 0.117979 0.0895581 0.0547942 0.0221874 0.00590509 0.00113677 0.000175661 2.1619e-05 1.95965e-06 1.25953e-07 5.75047e-09 1.85655e-10 4.13588e-12 6.18056e-14 6.06932e-16
 4.66873e-08 1.93532e-06 4.72985e-05 0.000681541 0.00579073 0.0290273 0.086079 0.15307 0.173784 0.1562 0.147947 0.12971 0.0788734 0.030057 0.00730302 0.0012405 0.0001671 1.85858e-05 1.59952e-06 1.00656e-07 4.53064e-09 1.42734e-10 3.06022e-12 4.36661e-14 4.09112e-16
 7.47749e-08 2.93475e-06 6.79089e-05 0.000926473 0.00745313 0.0353742 0.0993335 0.167333 0.180206 0.153987 0.13857 0.115434 0.0674798 0.0255965 0.0066674 0.00132971 0.000211261 2.49482e-05 2.04915e-06 1.16365e-07 4.677e-09 1.34071e-10 2.68499e-12 3.64388e-14 3.26829e-16
 1.28378e-07 4.76941e-06 0.000104467 0.00134909 0.0102729 0.0461468 0.12258 0.194806 0.195509 0.150277 0.118978 0.0898947 0.0485334 0.0168505 0.00390543 0.000678445 9.7247e-05 1.1218e-05 9.66188e-07 5.94543e-08 2.54174e-09 7.33346e-11 1.39625e-12 1.7372e-14 1.40999e-16
 1.63799e-07 5.75941e-06 0.000119395 0.00145933 0.0105185 0.0447485 0.112857 0.172343 0.174644 0.15242 0.140779 0.109773 0.0569725 0.0186169 0.00401342 0.000637808 8.21133e-05 8.40856e-06 6.41398e-07 3.55123e-08 1.41873e-09 4.0004e-11 7.68654e-13 9.75151e-15 7.98455e-17
 2.81119e-07 9.35443e-06 0.000183521 0.00212281 0.0144795 0.0582818 0.138932 0.199557 0.186385 0.143299 0.116039 0.0831207 0.0409612 0.013128 0.00292292 0.000502653 6.8686e-05 6.96988e-06 4.97118e-07 2.48343e-08 8.78724e-10 2.18708e-11 3.74334e-13 4.30741e-15 3.27378e-17
 3.84482e-07 1.21078e-05 0.000224801 0.0024609 0.0158874 0.0605557 0.13701 0.188782 0.176189 0.146431 0.126978 0.0894108 0.0413215 0.0120282 0.00232774 0.000336327 3.98099e-05 3.77284e-06 2.667e-07 1.3489e-08 4.7567e-10 1.13814e-11 1.80683e-13 1.87991e-15 1.27421e-17
 6.35854e-07 1.89509e-05 0.000333 0.00345 0.0210784 0.0760169 0.16256 0.210626 0.181163 0.133503 0.103099 0.0674152 0.0298932 0.00870927 0.00180141 0.00029055 3.65407e-05 3.33179e-06 2.11252e-07 9.3823e-09 2.96242e-10 6.58573e-12 1.00088e-13 1.00902e-15 6.59702e-18
 8.5809e-07 2.42062e-05 0.000402593 0.00394802 0.0228348 0.0780111 0.158531 0.197964 0.17259 0.139541 0.114582 0.0728045 0.0297616 0.00757528 0.00125931 0.000152852 1.51736e-05 1.23739e-06 7.7025e-08 3.45194e-09 1.07305e-10 2.24599e-12 3.10275e-14 2.80332e-16 1.64957e-18
 1.03867e-06 2.77362e-05 0.000436684 0.00405407 0.0222058 0.0719581 0.139743 0.172164 0.162969 0.15583 0.138495 0.0869514 0.0345589 0.00880734 0.00156149 0.000212184 2.2381e-05 1.70927e-06 8.99598e-08 3.28019e-09 8.5056e-11 1.57528e-12 2.02882e-14 1.75152e-16 9.83918e-19
 1.9337e-06 4.8886e-05 0.000728663 0.00640394 0.0331971 0.101675 0.185454 0.208817 0.166358 0.124412 0.0931586 0.0535124 0.0201729 0.00501761 0.000900184 0.000126782 1.38188e-05 1.08602e-06 5.91493e-08 2.21639e-09 5.6704e-11 9.72289e-13 1.09703e-14 8.0737e-17 3.87192e-19
 2.09182e-06 5.00733e-05 0.000706724 0.00588213 0.0288966 0.0841397 0.148038 0.170593 0.162337 0.158419 0.132667 0.0748523 0.0263965 0.00595488 0.000937697 0.000115014 1.13408e-05 8.48747e-07 4.56948e-08 1.72563e-09 4.47066e-11 7.73825e-13 8.75035e-15 6.37045e-17 2.9571e-19
#spawning biomass
 8587.43 7843.38 5668.98 6497.02 9018.4 12237.4 16504.6 24088 37300.5 53019.1 59234.4 62005.7 89032.1 114554 110974 93648.7 94423.3 101281 88523.2 84038.7 79042.1 77254.9 88086.6 85010.4 113508 133598 116438 93690.3 89950.1 99693.9 67354.5 12529.4 7917.5 7611.63 7593.39 7592.38 7592.32 7592.32 7592.32 7592.32 7592.32 7592.32 7592.32 7592.32 7592.32 7592.32 7592.32 7592.32 7592.32 7592.32 7592.32 7592.32 7592.32 7592.32 7592.32 7592.32 7592.32 7592.32 7592.32 7592.32 7592.32 7592.32 7592.32 7592.32 7592.32 7592.32 7592.32 7592.32 7592.32 7592.32 7592.32 7592.32 7592.32 7592.32 7592.32 7592.32 7592.32 7592.32 7592.32 7592.32 7592.32 7592.32 7592.32 7592.32 7592.32 7592.32 7592.32 7592.32 7592.32 7592.32 7592.32 7592.32 7592.32 7592.32 7592.32 7592.32 7592.32 7592.32 7592.32 7592.32 7592.32 7592.32 7592.32 7592.32 7592.32 7592.32 7592.32 7592.32 7592.32 7592.32 7592.32 7592.32 7592.32 7592.32 7592.32 7592.32 7592.32 7592.32 7592.32 7592.32 7592.32 7592.32 7592.32 7592.32 7592.32 7592.32 7592.32 7592.32 7592.32 0 0 0 0 0 0 0 0 0 0 0 0 0 0 0 0 0 0 0 0 0 0 0 0 0
