SBPRF35
2.56412
Curr Bio
129598
B35
2.67544e+06
F35
0.110627
FOFL
0
OFL
0
Bzero
732607
#pred survey bio
 31761.7 35260.3 23206 14542 19524.2 24635.2 32737.8 43254.5 56523.3 61032.1 68748 78709 93229.1 99297.9 105856 125782 115673 127571 135390 138785 142253 151153 155968 144732 157058 159545 167914 164262 4.80486e+06 8.34604e+06 1.13061e+07 1.32292e+07 1.41867e+07 1.43898e+07 1.40785e+07 1.34592e+07 1.26866e+07 1.18661e+07 1.10641e+07 1.03181e+07 9.64649e+06 9.05527e+06 8.53313e+06 8.05423e+06 7.66026e+06 7.3358e+06 7.06825e+06 6.84736e+06 6.66474e+06 6.51356e+06 6.38821e+06 6.28411e+06 6.19751e+06 6.12534e+06 6.06508e+06 6.01465e+06 5.97236e+06 5.93681e+06 5.90686e+06 5.88156e+06 5.86013e+06 5.84192e+06 5.82642e+06 5.81317e+06 5.80181e+06 5.79206e+06 5.78364e+06 5.77637e+06 5.77005e+06 5.76456e+06 5.75977e+06 5.75557e+06 5.75188e+06 5.74864e+06 5.74578e+06 5.74324e+06 5.741e+06 5.739e+06 5.73722e+06 5.73563e+06 5.7342e+06 5.73293e+06 5.73178e+06 5.73076e+06 5.72983e+06 5.72899e+06 5.72824e+06 5.72756e+06 5.72694e+06 5.72638e+06 5.72588e+06 5.72542e+06 5.72501e+06 5.72463e+06 5.72428e+06 5.72397e+06 5.72369e+06 5.72343e+06 5.7232e+06 5.72298e+06 5.72279e+06 5.72261e+06 5.72245e+06 5.7223e+06 5.72217e+06 5.72205e+06 5.72193e+06 5.72183e+06 5.72174e+06 5.72166e+06 5.72158e+06 5.72151e+06 5.72144e+06 5.72138e+06 5.72133e+06 5.72128e+06 5.72124e+06 5.7212e+06 5.72116e+06 5.72113e+06 5.7211e+06 5.72107e+06 5.72104e+06 5.72102e+06 5.721e+06 5.72098e+06 5.72096e+06 5.72094e+06 0 0 0 0 0 0 0 0 0 0 0 0 0 0 0 0 0 0 0 0 0 0 0 0 0
#obs survey bio
 27692.5 30985.4 19117.8 11989.5 20225.5 28293.9 24671.8 71445.9 41733.5 39761.3 68946.9 74773.5 90600.8 73917.4 62030.7 181405 92306.4 117951 102963 116401 137788 134714 125965 131213 136809 128787 136394 129477
#pred catch bio
 15055.2 23019.1 16578.5 10114.2 14121 18041.5 24619.4 31591.8 44449.2 47586 55014 61956.7 75896.6 82953.7 87059.6 110672 96440 110221 117937 120663 126719 134161 141868 130266 143708 144840 158104 137844 0 39089 53580.2 62817.8 67330 68124.8 66380.5 63122.4 59124 54914.1 50824.1 47041.4 43655.2 40692.3 38100 35762.8 33852.3 32290.6 31014 29970.5 29117.5 28420.3 27850.4 27384.5 27003.7 26692.4 26437.9 26229.9 26059.9 25920.9 25807.3 25714.5 25638.6 25576.5 25525.8 25484.3 25450.4 25422.7 25400.1 25381.6 25366.5 25354.1 25344 25335.7 25329 25323.4 25318.9 25315.2 25312.2 25309.8 25307.7 25306.1 25304.8 25303.7 25302.8 25302 25301.4 25300.9 25300.5 25300.2 25299.9 25299.7 25299.5 25299.4 25299.3 25299.2 25299.1 25299 25299 25298.9 25298.9 25298.9 25298.8 25298.8 25298.8 25298.8 25298.8 25298.8 25298.8 25298.8 25298.7 25298.7 25298.7 25298.7 25298.7 25298.7 25298.7 25298.7 25298.7 25298.7 25298.7 25298.7 25298.7 25298.7 25298.7 25298.7 25298.7 25298.7 25298.7 25298.7 0 0 0 0 0 0 0 0 0 0 0 0 0 0 0 0 0 0 0 0 0 0 0 0 0
#obs catch bio
 21143 25134.2 18392.4 11580.7 9950.79 16254.9 22341.7 24237.8 39641.6 43622.1 49247.8 54645.8 62224.6 73719 83572.4 94068.8 87616.9 92646.9 111465 106140 106326 120136 120018 107191 127569 125084 132930 119699
#pred cpue bio
 24447.4 29678.8 21355.4 10574.2 9968.92 14108.2 17149.6 21899.4 30861.2 32776.9 36507.6 38570.3 47038.1 49745.7 48957.4 56616.3 51073 59070.3 56735.9 59147.7 60884.4 56884.1 62548.1 55985.1 56695.4 56990.7 60637.6 51928.4 2.10117e+06 8.17941e+06 1.11907e+07 1.31125e+07 1.40698e+07 1.4273e+07 1.39617e+07 1.33424e+07 1.25697e+07 1.17493e+07 1.09472e+07 1.02012e+07 9.52963e+06 8.93842e+06 8.41627e+06 7.93737e+06 7.54341e+06 7.21894e+06 6.95139e+06 6.7305e+06 6.54789e+06 6.3967e+06 6.27135e+06 6.16726e+06 6.08066e+06 6.00849e+06 5.94822e+06 5.89779e+06 5.8555e+06 5.81996e+06 5.79001e+06 5.7647e+06 5.74327e+06 5.72507e+06 5.70956e+06 5.69631e+06 5.68496e+06 5.6752e+06 5.66679e+06 5.65951e+06 5.6532e+06 5.6477e+06 5.64291e+06 5.63871e+06 5.63503e+06 5.63178e+06 5.62892e+06 5.62639e+06 5.62414e+06 5.62214e+06 5.62036e+06 5.61877e+06 5.61735e+06 5.61607e+06 5.61493e+06 5.6139e+06 5.61297e+06 5.61214e+06 5.61138e+06 5.6107e+06 5.61009e+06 5.60953e+06 5.60902e+06 5.60856e+06 5.60815e+06 5.60777e+06 5.60743e+06 5.60712e+06 5.60683e+06 5.60657e+06 5.60634e+06 5.60613e+06 5.60593e+06 5.60575e+06 5.60559e+06 5.60545e+06 5.60531e+06 5.60519e+06 5.60508e+06 5.60498e+06 5.60488e+06 5.6048e+06 5.60472e+06 5.60465e+06 5.60459e+06 5.60453e+06 5.60447e+06 5.60443e+06 5.60438e+06 5.60434e+06 5.6043e+06 5.60427e+06 5.60424e+06 5.60421e+06 5.60419e+06 5.60416e+06 5.60414e+06 5.60412e+06 5.6041e+06 5.60409e+06 0 0 0 0 0 0 0 0 0 0 0 0 0 0 0 0 0 0 0 0 0 0 0 0 0
#obs cpue bio
 20339 25374.3 14510.1 14734.5 20033.2 21789.4 31280.8 42739 58931.9 63986.6 68233.6 64674.7 110858 101365 90811.1 92926.3 80255.1 136435 89623.2 118516 131171 96569.8 153407 131458 103493 125293 153685 108816
#pred surv len freq
 1.2253e-11 1.32995e-09 8.51165e-08 3.21203e-06 7.1472e-05 0.000937759 0.00725603 0.0331304 0.0895454 0.14554 0.15297 0.132169 0.124274 0.110219 0.0769992 0.0469386 0.0286015 0.0173965 0.0107619 0.00705337 0.00502095 0.00395013 0.00327554 0.00246494 0.0014214
 8.94214e-12 9.70584e-10 6.21172e-08 2.34412e-06 5.216e-05 0.000684393 0.00529636 0.0242011 0.0656633 0.108757 0.123806 0.130942 0.149262 0.142424 0.10186 0.062646 0.0373171 0.0209626 0.0112183 0.00602878 0.00342364 0.00217871 0.00155666 0.00109472 0.000623171
 4.92698e-12 5.34777e-10 3.42257e-08 1.29158e-06 2.87399e-05 0.000377129 0.00291976 0.0133704 0.036674 0.0639307 0.0873864 0.126495 0.174661 0.176745 0.129571 0.0817763 0.0497805 0.0281022 0.0145569 0.0070506 0.00328693 0.00159548 0.000880488 0.000528533 0.000281807
 1.395e-11 1.51414e-09 9.69048e-08 3.65688e-06 8.13703e-05 0.00106761 0.00826014 0.0376998 0.101686 0.163584 0.164082 0.122273 0.0956631 0.0841872 0.0714289 0.0578619 0.0417753 0.0254166 0.0135834 0.0065569 0.00285397 0.0011533 0.000472428 0.000213572 9.69516e-05
 1.76696e-11 1.91787e-09 1.22743e-07 4.63194e-06 0.000103066 0.00135227 0.0104624 0.0477477 0.128741 0.206722 0.205477 0.147581 0.105076 0.076667 0.0426945 0.0164711 0.00554618 0.00254122 0.00147262 0.000783689 0.000353136 0.000136719 4.72223e-05 1.57908e-05 5.39703e-06
 1.59804e-11 1.73452e-09 1.11009e-07 4.18914e-06 9.32137e-05 0.00122301 0.00946274 0.043195 0.116597 0.188286 0.192169 0.151286 0.124443 0.0975364 0.0535632 0.0180554 0.00362156 0.000430756 3.08691e-05 1.56421e-06 1.6559e-07 5.50933e-08 1.8603e-08 5.34842e-09 1.3841e-09
 1.71041e-11 1.85648e-09 1.18815e-07 4.4837e-06 9.97679e-05 0.001309 0.0101278 0.0462245 0.124689 0.200661 0.201552 0.150295 0.113889 0.0855035 0.0464414 0.0156398 0.00315161 0.000381465 2.87992e-05 1.50926e-06 6.51816e-08 2.47119e-09 8.90611e-11 7.83131e-12 1.54558e-12
 1.74836e-11 1.89767e-09 1.21451e-07 4.58317e-06 0.000101981 0.00133804 0.0103524 0.0472476 0.127422 0.204842 0.20473 0.149986 0.110363 0.0814642 0.0440235 0.0147868 0.00296168 0.000351071 2.46876e-05 1.04455e-06 2.79131e-08 5.3915e-10 9.40969e-12 1.64661e-13 2.77375e-15
 1.66056e-11 1.80238e-09 1.15352e-07 4.35302e-06 9.68602e-05 0.00127085 0.00983274 0.0448806 0.121099 0.195172 0.197393 0.150746 0.118588 0.0908523 0.0495955 0.0166955 0.00334663 0.000397266 2.80691e-05 1.20693e-06 3.38416e-08 7.20436e-10 1.33656e-11 2.02418e-13 2.19143e-15
 1.68085e-11 1.8244e-09 1.16762e-07 4.40622e-06 9.80439e-05 0.00128638 0.00995285 0.0454277 0.122561 0.197408 0.19909 0.150572 0.11669 0.0886846 0.0483064 0.0162508 0.00325468 0.000385273 2.69533e-05 1.11962e-06 2.80991e-08 4.50615e-10 5.31345e-12 5.51893e-14 5.13858e-16
 1.69432e-11 1.83902e-09 1.17697e-07 4.44152e-06 9.88295e-05 0.00129669 0.0100326 0.0457908 0.12353 0.198891 0.200215 0.150456 0.115428 0.0872442 0.0474518 0.0159585 0.003196 0.000378348 2.64754e-05 1.10075e-06 2.7708e-08 4.48148e-10 5.36171e-12 5.53898e-14 4.76902e-16
 1.78263e-11 1.93487e-09 1.23831e-07 4.67301e-06 0.00010398 0.00136427 0.0105552 0.0481717 0.12989 0.208617 0.207594 0.14969 0.107154 0.0778005 0.0418479 0.0140401 0.00281004 0.000332431 2.32127e-05 9.57813e-07 2.34796e-08 3.48391e-10 3.3211e-12 2.34706e-14 1.45115e-16
 1.75207e-11 1.90171e-09 1.21709e-07 4.59292e-06 0.000102198 0.00134088 0.0103744 0.0473479 0.12769 0.205252 0.205041 0.149955 0.110017 0.0810683 0.0437867 0.0147035 0.00294326 0.000348177 2.43056e-05 1.00192e-06 2.44746e-08 3.58728e-10 3.28827e-12 2.10778e-14 1.12255e-16
 1.75966e-11 1.90994e-09 1.22236e-07 4.6128e-06 0.000102641 0.00134669 0.0104193 0.0475524 0.128236 0.206087 0.205675 0.14989 0.109306 0.0802571 0.0433053 0.0145387 0.00291006 0.000344212 2.40202e-05 9.88884e-07 2.40448e-08 3.46732e-10 3.00903e-12 1.64835e-14 6.44875e-17
 1.83867e-11 1.9957e-09 1.27724e-07 4.81992e-06 0.000107249 0.00140715 0.0108869 0.0496825 0.133925 0.214789 0.212276 0.149205 0.101902 0.0718074 0.0382918 0.0128231 0.00256535 0.000303398 2.11689e-05 8.71082e-07 2.11445e-08 3.03057e-10 2.57415e-12 1.31251e-14 4.19039e-17
 1.86304e-11 2.02215e-09 1.29417e-07 4.88381e-06 0.000108671 0.0014258 0.0110311 0.0503397 0.135681 0.217474 0.214313 0.148993 0.0996182 0.0692006 0.0367451 0.0122938 0.00245902 0.000290811 2.02904e-05 8.34912e-07 2.02648e-08 2.90365e-10 2.46375e-12 1.2516e-14 3.94772e-17
 1.87967e-11 2.0402e-09 1.30572e-07 4.92739e-06 0.00010964 0.00143852 0.0111295 0.0507879 0.136878 0.219305 0.215702 0.148849 0.0980605 0.0674228 0.0356902 0.0119328 0.00238649 0.000282223 1.96904e-05 8.10122e-07 1.96542e-08 2.81154e-10 2.37163e-12 1.17991e-14 3.46386e-17
 1.83758e-11 1.99451e-09 1.27649e-07 4.81706e-06 0.000107185 0.00140631 0.0108804 0.0496531 0.133847 0.214669 0.212185 0.149214 0.102005 0.0719241 0.038361 0.0128467 0.0025701 0.000303958 2.12073e-05 8.72564e-07 2.11719e-08 3.03009e-10 2.56037e-12 1.28165e-14 3.84547e-17
 1.92213e-11 2.08629e-09 1.33522e-07 5.03871e-06 0.000112117 0.00147102 0.0113809 0.0519328 0.139936 0.223982 0.21925 0.148481 0.0940812 0.0628813 0.0329956 0.0110108 0.00220124 0.000260296 1.81604e-05 7.47174e-07 1.81274e-08 2.59335e-10 2.18823e-12 1.08982e-14 3.21168e-17
 1.90882e-11 2.07184e-09 1.32598e-07 5.00382e-06 0.000111341 0.00146084 0.0113021 0.051574 0.138978 0.222516 0.218138 0.148596 0.0953281 0.0643044 0.03384 0.0112997 0.00225929 0.000267167 1.86398e-05 7.66895e-07 1.86055e-08 2.66152e-10 2.24508e-12 1.11695e-14 3.27902e-17
 1.90541e-11 2.06813e-09 1.3236e-07 4.99487e-06 0.000111142 0.00145822 0.0112819 0.0514819 0.138732 0.22214 0.217853 0.148626 0.0956484 0.0646699 0.0340568 0.0113739 0.0022742 0.000268932 1.87629e-05 7.71962e-07 1.87284e-08 2.67913e-10 2.26e-12 1.12448e-14 3.30228e-17
 1.99886e-11 2.16957e-09 1.38852e-07 5.23985e-06 0.000116593 0.00152974 0.011835 0.0540015 0.145462 0.232433 0.225661 0.147816 0.0868906 0.054675 0.0281265 0.00934466 0.0018665 0.000220674 1.53955e-05 6.33408e-07 1.53669e-08 2.1982e-10 1.85414e-12 9.22241e-15 2.70523e-17
 1.95512e-11 2.1221e-09 1.35814e-07 5.12519e-06 0.000114042 0.00149627 0.0115761 0.0528223 0.142312 0.227615 0.222007 0.148195 0.0909895 0.0593529 0.0309021 0.0102944 0.00205731 0.00024326 1.69715e-05 6.98254e-07 1.69401e-08 2.42324e-10 2.04393e-12 1.0166e-14 2.98157e-17
 1.9805e-11 2.14964e-09 1.37576e-07 5.19171e-06 0.000115522 0.00151568 0.0117263 0.0535064 0.144139 0.23041 0.224127 0.147975 0.0886118 0.0566393 0.029292 0.00974347 0.00194662 0.000230159 1.60573e-05 6.60637e-07 1.60275e-08 2.29268e-10 1.9338e-12 9.61796e-15 2.82056e-17
 2.02524e-11 2.1982e-09 1.40685e-07 5.30899e-06 0.000118132 0.00154992 0.0119911 0.0547126 0.147361 0.235338 0.227865 0.147587 0.084419 0.0518542 0.0264528 0.00877197 0.00175144 0.000207055 1.44451e-05 5.94306e-07 1.44182e-08 2.06249e-10 1.73964e-12 8.65235e-15 2.53745e-17
 2.03163e-11 2.20514e-09 1.41129e-07 5.32575e-06 0.000118504 0.00155481 0.0120289 0.054885 0.147822 0.236042 0.228399 0.147532 0.0838199 0.0511704 0.0260471 0.00863314 0.00172355 0.000203754 1.42147e-05 5.84827e-07 1.41882e-08 2.02959e-10 1.71188e-12 8.51419e-15 2.49682e-17
 2.025e-11 2.19794e-09 1.40668e-07 5.30837e-06 0.000118118 0.00154974 0.0119897 0.0547062 0.147344 0.235312 0.227845 0.147589 0.0844413 0.0518797 0.0264679 0.00877713 0.00175248 0.000207178 1.44537e-05 5.94659e-07 1.44268e-08 2.06371e-10 1.74066e-12 8.65735e-15 2.53882e-17
 2.09894e-11 2.27819e-09 1.45804e-07 5.50219e-06 0.00012243 0.00160632 0.0124273 0.0566996 0.152668 0.243455 0.234023 0.146948 0.0775127 0.0439723 0.0217762 0.00717169 0.00142993 0.000169 1.17895e-05 4.85045e-07 1.17674e-08 1.6833e-10 1.4198e-12 7.06148e-15 2.07078e-17
#obs surv len freq
 3.90751e-11 3.62134e-09 1.97891e-07 6.37633e-06 0.000121145 0.00135721 0.00896764 0.0349828 0.0810184 0.114642 0.112816 0.108407 0.120374 0.122493 0.107272 0.0836313 0.0549925 0.0294718 0.0130474 0.00472387 0.00134163 0.000285106 4.34022e-05 4.55673e-06 3.19644e-07
 2.60528e-11 2.32875e-09 1.22737e-07 3.81435e-06 6.98978e-05 0.000755363 0.00481691 0.0181864 0.0413664 0.0616078 0.0789476 0.114786 0.15541 0.162521 0.139623 0.10463 0.0649537 0.0325662 0.0135492 0.00465657 0.00125855 0.000252895 3.60424e-05 3.5088e-06 2.26536e-07
 1.21985e-11 1.04984e-09 5.3276e-08 1.59415e-06 2.81282e-05 0.000292742 0.00179964 0.00658477 0.0149051 0.0245746 0.0419761 0.0790626 0.127651 0.169744 0.189743 0.164353 0.103676 0.0491582 0.0187657 0.00589764 0.0014707 0.000274953 3.6553e-05 3.31151e-06 1.98026e-07
 2.46257e-10 2.03729e-08 9.93809e-07 2.85852e-05 0.000484803 0.00484817 0.0285879 0.0994035 0.203871 0.247001 0.17831 0.0809662 0.0322516 0.0253229 0.030043 0.0293481 0.0212377 0.0115827 0.00479881 0.00149708 0.000348348 5.94587e-05 7.21722e-06 6.00082e-07 3.30492e-08
 1.33664e-10 1.06135e-08 4.96926e-07 1.37187e-05 0.000223325 0.00214399 0.0121478 0.0407831 0.0828018 0.111769 0.133396 0.175652 0.196041 0.144033 0.066337 0.0215081 0.00734353 0.00348208 0.00160667 0.000556478 0.000135346 2.266e-05 2.57754e-06 1.9634e-07 9.84308e-09
 3.49052e-10 2.65638e-08 1.192e-06 3.15392e-05 0.000492055 0.00452667 0.0245589 0.0786397 0.149228 0.171426 0.131972 0.0946465 0.0879669 0.0899767 0.0808096 0.0539753 0.0237222 0.0065776 0.00122058 0.000190247 3.1739e-05 4.90092e-06 5.487e-07 4.04351e-08 1.90881e-09
 4.62884e-10 3.37161e-08 1.44807e-06 3.66715e-05 0.000547599 0.00482194 0.0250478 0.0769064 0.141012 0.162408 0.142864 0.133933 0.12715 0.0932563 0.0519758 0.024923 0.0105192 0.00354794 0.000877774 0.000151531 1.80901e-05 1.58427e-06 1.12353e-07 6.50363e-09 2.75839e-10
 6.56842e-10 4.57337e-08 1.87759e-06 4.54518e-05 0.00064878 0.005461 0.0271178 0.0796111 0.139718 0.154782 0.133144 0.124898 0.121588 0.0976862 0.0639554 0.0338664 0.0131623 0.00352848 0.000673527 9.94042e-05 1.16635e-05 1.02102e-06 6.20932e-08 2.56283e-09 7.30039e-11
 9.46445e-10 6.29162e-08 2.46614e-06 5.69982e-05 0.000776786 0.00624284 0.0296026 0.0830466 0.139771 0.150889 0.132298 0.128996 0.124335 0.0961994 0.0605727 0.0311953 0.0120265 0.00326459 0.000627553 8.77292e-05 8.9985e-06 6.7276e-07 3.62179e-08 1.37076e-09 3.52096e-11
 1.24921e-09 7.91965e-08 2.9605e-06 6.5255e-05 0.000848135 0.00650105 0.0294109 0.0788481 0.127859 0.137761 0.130996 0.139925 0.136315 0.103126 0.0629672 0.0309204 0.011126 0.00277162 0.000486285 6.2836e-05 6.06491e-06 4.25468e-07 2.09068e-08 7.00909e-10 1.57665e-11
 2.12667e-09 1.28446e-07 4.57434e-06 9.60562e-05 0.00118939 0.00868527 0.0374297 0.0955504 0.147228 0.149346 0.131023 0.129596 0.120617 0.0894115 0.0537668 0.0253839 0.00847438 0.00188326 0.000281935 3.00746e-05 2.40605e-06 1.44937e-07 6.34776e-09 1.93885e-10 3.99163e-12
 3.18893e-09 1.83311e-07 6.21326e-06 0.000124177 0.00146341 0.0101713 0.0417312 0.101543 0.15001 0.149371 0.13467 0.135195 0.120477 0.0825504 0.0452965 0.0197131 0.00617148 0.00130091 0.000185052 1.84612e-05 1.33088e-06 6.92105e-08 2.54851e-09 6.53397e-11 1.14862e-12
 4.62018e-09 2.52539e-07 8.13928e-06 0.00015468 0.00173338 0.0114568 0.0447137 0.103655 0.146958 0.144448 0.134793 0.138164 0.121449 0.0821513 0.0446035 0.0188511 0.00560039 0.00110177 0.000144434 1.31717e-05 8.67336e-07 4.12701e-08 1.38228e-09 3.16999e-11 4.87846e-13
 6.69603e-09 3.47734e-07 1.06479e-05 0.000192254 0.00204693 0.0128551 0.0476913 0.105309 0.14359 0.140495 0.136609 0.142062 0.12223 0.0807599 0.0427921 0.0174108 0.00491362 0.000911423 0.00011202 9.50453e-06 5.76482e-07 2.50334e-08 7.6075e-10 1.57927e-11 2.19859e-13
 1.08335e-08 5.34101e-07 1.55263e-05 0.000266137 0.00269006 0.0160388 0.056496 0.118503 0.153789 0.1441 0.135011 0.134795 0.111517 0.0714205 0.0366263 0.0142217 0.00377726 0.000652245 7.3823e-05 5.70926e-06 3.1404e-07 1.23837e-08 3.42646e-10 6.47527e-12 8.18522e-14
 1.46615e-08 6.85744e-07 1.89119e-05 0.000307541 0.00294924 0.0166863 0.0558334 0.111813 0.141741 0.139231 0.144626 0.148441 0.117912 0.070791 0.0338075 0.0122474 0.00304524 0.00049299 5.22439e-05 3.76443e-06 1.91277e-07 6.89987e-09 1.73245e-10 2.95671e-12 3.37048e-14
 2.21661e-08 9.82968e-07 2.57027e-05 0.000396293 0.00360329 0.0193316 0.0613638 0.116829 0.142084 0.137275 0.142358 0.143998 0.113852 0.0697453 0.0338215 0.012008 0.00283605 0.000427591 4.15512e-05 2.70822e-06 1.23619e-07 4.01676e-09 9.14477e-11 1.42031e-12 1.47252e-14
 3.35586e-08 1.41026e-06 3.4945e-05 0.000510588 0.00439959 0.0223713 0.0673441 0.121923 0.142616 0.136376 0.141558 0.140507 0.109264 0.066736 0.0321342 0.0111893 0.00259818 0.000393594 3.97119e-05 2.7497e-06 1.31875e-07 4.31081e-09 9.39566e-11 1.34802e-12 1.26739e-14
 4.92124e-08 1.959e-06 4.59817e-05 0.000636415 0.00519488 0.0250297 0.0714818 0.123482 0.141041 0.138537 0.148015 0.143076 0.105254 0.0602043 0.0270407 0.00877131 0.00189455 0.000266527 2.50248e-05 1.63207e-06 7.54637e-08 2.44126e-09 5.36302e-11 7.7879e-13 7.33057e-15
 6.85258e-08 2.58308e-06 5.74135e-05 0.000752491 0.005817 0.0265517 0.0719572 0.118874 0.133759 0.13679 0.151446 0.145925 0.107362 0.0621119 0.0277673 0.0087445 0.00181312 0.000245164 2.2238e-05 1.40029e-06 6.19025e-08 1.892e-09 3.90744e-11 5.3571e-13 4.81046e-15
 1.10644e-07 3.94853e-06 8.30872e-05 0.00103097 0.00754529 0.0326088 0.0836992 0.131134 0.140539 0.137745 0.14612 0.135362 0.0969364 0.0548285 0.02367 0.00710141 0.00139589 0.000179304 1.553e-05 9.37616e-07 3.97602e-08 1.1626e-09 2.28686e-11 2.96902e-13 2.50874e-15
 1.57465e-07 5.31925e-06 0.000105952 0.0012445 0.00862276 0.0352994 0.0860514 0.129554 0.138922 0.143673 0.155109 0.137344 0.0913209 0.047486 0.0189059 0.00526603 0.000964717 0.000115618 9.34381e-06 5.26776e-07 2.09081e-08 5.7406e-10 1.06321e-11 1.30158e-13 1.03701e-15
 2.33187e-07 7.45592e-06 0.00014057 0.00156285 0.0102504 0.0397363 0.091878 0.132124 0.138364 0.143197 0.152713 0.132748 0.0880309 0.0457905 0.0178162 0.00472931 0.00081368 9.08255e-05 6.79441e-06 3.52985e-07 1.28879e-08 3.25692e-10 5.56082e-12 6.28817e-14 4.6382e-16
 3.06732e-07 9.28297e-06 0.000165659 0.0017434 0.0108263 0.0397811 0.0876444 0.122782 0.133459 0.150004 0.163241 0.137751 0.0878009 0.0437475 0.0162069 0.00408838 0.000671635 7.22327e-05 5.24368e-06 2.63657e-07 9.18811e-09 2.17781e-10 3.4401e-12 3.57055e-14 2.40948e-16
 4.56178e-07 1.30682e-05 0.00022075 0.0021991 0.0129279 0.0449868 0.0940148 0.125732 0.132628 0.146359 0.156437 0.13235 0.0868895 0.044303 0.0162608 0.00397602 0.000631284 6.61803e-05 4.7288e-06 2.34461e-07 7.9998e-09 1.83717e-10 2.78365e-12 2.74466e-14 1.74214e-16
 7.02979e-07 1.90642e-05 0.000304858 0.00287508 0.0160027 0.0527528 0.104684 0.134153 0.138403 0.149826 0.153106 0.121825 0.0747628 0.0356448 0.0123024 0.00285438 0.000435289 4.44332e-05 3.12192e-06 1.52401e-07 5.09396e-09 1.13922e-10 1.67282e-12 1.59093e-14 9.68776e-17
 8.73394e-07 2.24251e-05 0.000339527 0.00303206 0.0159896 0.0500696 0.0954849 0.122833 0.138668 0.163987 0.166933 0.126005 0.0721358 0.0318625 0.0101479 0.00215983 0.000299224 2.74763e-05 1.73423e-06 7.70284e-08 2.39203e-09 5.06157e-11 7.10644e-13 6.48486e-15 3.78608e-17
 1.29882e-06 3.15772e-05 0.000452706 0.00382819 0.0191182 0.056716 0.102625 0.125898 0.136813 0.156919 0.157649 0.121667 0.0727916 0.0328387 0.0102623 0.00208936 0.00027389 2.36492e-05 1.39096e-06 5.67998e-08 1.60064e-09 3.0527e-11 3.86787e-13 3.20972e-15 1.72239e-17
#pred catch len freq
 2.50771e-12 2.72188e-10 1.742e-08 6.57386e-07 1.46285e-05 0.000191991 0.00148774 0.00684371 0.019195 0.0368239 0.0649686 0.122376 0.18695 0.192259 0.138666 0.0850728 0.0519164 0.0315888 0.0195422 0.0128077 0.00911711 0.00717268 0.00594775 0.00447586 0.00258099
 1.80675e-12 1.96106e-10 1.25508e-08 4.73636e-07 1.05399e-05 0.000138352 0.00107292 0.00495499 0.0141627 0.0292301 0.0597227 0.124775 0.19691 0.204542 0.148839 0.0918331 0.0547367 0.030751 0.0164562 0.00884339 0.00502195 0.00319582 0.00228338 0.00160577 0.000914093
 8.3075e-13 9.017e-11 5.77091e-09 2.17785e-07 4.84699e-06 6.36615e-05 0.000495191 0.00232161 0.00710668 0.0182588 0.0505156 0.12273 0.201689 0.212253 0.156815 0.099127 0.060366 0.0340803 0.0176531 0.00854996 0.00398586 0.00193474 0.00106771 0.000640918 0.000341729
 5.04549e-12 5.47639e-10 3.50489e-08 1.32264e-06 2.94309e-05 0.00038618 0.00298922 0.0136742 0.0373119 0.0634934 0.0800947 0.103472 0.137907 0.149203 0.13223 0.107706 0.0777777 0.0473157 0.0252852 0.0122051 0.00531234 0.00214673 0.000879368 0.000397539 0.000180464
 1.36602e-11 1.48268e-09 9.48915e-08 3.58091e-06 7.96801e-05 0.00104546 0.00808941 0.0369371 0.0998548 0.16246 0.17149 0.149707 0.140516 0.117858 0.0680481 0.0264342 0.00889915 0.00407108 0.00235785 0.00125468 0.000565361 0.000218882 7.56012e-05 2.52805e-05 8.64045e-06
 1.09472e-11 1.18821e-09 7.60454e-08 2.86972e-06 6.38554e-05 0.000837847 0.00648382 0.029625 0.0803509 0.132851 0.150113 0.155646 0.171604 0.151362 0.0855034 0.0289888 0.00582118 0.000692522 4.96242e-05 2.51246e-06 2.65213e-07 8.81661e-08 2.97694e-08 8.55877e-09 2.2149e-09
 1.34427e-11 1.45907e-09 9.33805e-08 3.52389e-06 7.84113e-05 0.00102881 0.00796078 0.036353 0.0983216 0.160334 0.170955 0.153459 0.148183 0.124651 0.0696806 0.0236061 0.00476237 0.000576502 4.35111e-05 2.27825e-06 9.82528e-08 3.72075e-09 1.34018e-10 1.17813e-11 2.32506e-12
 1.36311e-11 1.47953e-09 9.46897e-08 3.5733e-06 7.95106e-05 0.00104324 0.00807232 0.0368612 0.0996791 0.162412 0.172541 0.153325 0.146462 0.122664 0.0684698 0.0231533 0.0046436 0.00055058 3.87179e-05 1.638e-06 4.37537e-08 8.44233e-10 1.47113e-11 2.57159e-13 4.33019e-15
 1.33639e-11 1.45052e-09 9.2833e-08 3.50323e-06 7.79516e-05 0.00102278 0.00791413 0.0361406 0.0977543 0.159468 0.170307 0.153555 0.148963 0.12552 0.0701669 0.0237366 0.00476262 0.00056545 3.99515e-05 1.71753e-06 4.81303e-08 1.02335e-09 1.89591e-11 2.86905e-13 3.10522e-15
 1.35462e-11 1.47031e-09 9.40993e-08 3.55102e-06 7.90149e-05 0.00103673 0.00802202 0.0366321 0.0990671 0.161476 0.171832 0.153401 0.147261 0.123574 0.0690081 0.023335 0.00467826 0.000553897 3.8751e-05 1.60964e-06 4.03909e-08 6.47426e-10 7.62557e-12 7.90876e-14 7.35675e-16
 1.41638e-11 1.53734e-09 9.83895e-08 3.71292e-06 8.26173e-05 0.00108399 0.00838755 0.0382972 0.103515 0.168278 0.176992 0.152865 0.141473 0.116969 0.0650892 0.021994 0.00440887 0.000522024 3.65302e-05 1.51873e-06 3.8223e-08 6.17903e-10 7.38418e-12 7.61741e-14 6.55276e-16
 1.52779e-11 1.65827e-09 1.06129e-07 4.00497e-06 8.91158e-05 0.00116925 0.00904694 0.0413009 0.111538 0.180549 0.186301 0.1519 0.131034 0.105055 0.058019 0.0195737 0.00392186 0.00046406 3.24051e-05 1.33711e-06 3.27762e-08 4.86254e-10 4.63294e-12 3.27037e-14 2.01908e-16
 1.52601e-11 1.65633e-09 1.06005e-07 4.0003e-06 8.90119e-05 0.00116789 0.0090364 0.0412529 0.11141 0.180353 0.186152 0.151915 0.131201 0.105246 0.058132 0.0196123 0.00392952 0.000464932 3.24572e-05 1.33794e-06 3.26818e-08 4.78969e-10 4.38888e-12 2.81066e-14 1.49472e-16
 1.56929e-11 1.70332e-09 1.09012e-07 4.11377e-06 9.15367e-05 0.00120101 0.00929258 0.0424199 0.114527 0.18512 0.189769 0.15154 0.127145 0.100616 0.0553852 0.0186722 0.00374055 0.000442517 3.08812e-05 1.27135e-06 3.09126e-08 4.45751e-10 3.86785e-12 2.11793e-14 8.27743e-17
 1.6609e-11 1.80275e-09 1.15376e-07 4.35392e-06 9.68802e-05 0.00127111 0.00983477 0.0448898 0.121124 0.19521 0.197423 0.150746 0.118561 0.0908191 0.0495721 0.016683 0.00334085 0.000395191 2.75746e-05 1.13468e-06 2.75429e-08 3.94761e-10 3.35297e-12 1.70942e-14 5.45559e-17
 1.75838e-11 1.90856e-09 1.22147e-07 4.60946e-06 0.000102566 0.00134571 0.0104117 0.047518 0.128144 0.205947 0.205568 0.149901 0.109426 0.0803934 0.0433862 0.0145663 0.00291558 0.000344852 2.40616e-05 9.90096e-07 2.40314e-08 3.44331e-10 2.92158e-12 1.48404e-14 4.67935e-17
 1.73064e-11 1.87844e-09 1.2022e-07 4.53673e-06 0.000100948 0.00132448 0.0102475 0.04677 0.126146 0.202891 0.20325 0.150141 0.112026 0.0833608 0.0451468 0.0151687 0.00303661 0.000359175 2.50602e-05 1.03106e-06 2.50143e-08 3.57831e-10 3.01843e-12 1.50169e-14 4.40851e-17
 1.70943e-11 1.85542e-09 1.18747e-07 4.48113e-06 9.97108e-05 0.00130825 0.010122 0.0461982 0.124619 0.200555 0.201478 0.150325 0.114013 0.085629 0.0464926 0.0156292 0.00312914 0.000370127 2.58247e-05 1.06255e-06 2.57818e-08 3.68985e-10 3.11782e-12 1.56065e-14 4.6821e-17
 1.82324e-11 1.97895e-09 1.26653e-07 4.77947e-06 0.000106349 0.00139534 0.0107956 0.0492666 0.132814 0.21309 0.210987 0.149339 0.103348 0.0734575 0.0392708 0.0131581 0.00263265 0.00031136 2.17237e-05 8.93784e-07 2.16844e-08 3.10222e-10 2.6176e-12 1.30366e-14 3.84177e-17
 1.80511e-11 1.95927e-09 1.25393e-07 4.73195e-06 0.000105292 0.00138147 0.0106883 0.0487778 0.131509 0.211093 0.209473 0.149496 0.105047 0.0753962 0.0404211 0.0135517 0.00271173 0.00032072 2.23768e-05 9.20651e-07 2.23357e-08 3.19514e-10 2.69521e-12 1.34088e-14 3.93642e-17
 1.82037e-11 1.97584e-09 1.26454e-07 4.77197e-06 0.000106182 0.00139315 0.0107786 0.0491894 0.132608 0.212774 0.210748 0.149363 0.103617 0.0737637 0.0394525 0.0132202 0.00264514 0.000312838 2.18268e-05 8.98022e-07 2.17868e-08 3.11664e-10 2.62905e-12 1.3081e-14 3.8415e-17
 1.92991e-11 2.09473e-09 1.34063e-07 5.05911e-06 0.000112571 0.00147697 0.0114269 0.0521426 0.140496 0.224839 0.2199 0.148414 0.0933519 0.0620491 0.0325018 0.0108418 0.00216729 0.000256278 1.78799e-05 7.35629e-07 1.78469e-08 2.55296e-10 2.15337e-12 1.07108e-14 3.14181e-17
 1.89428e-11 2.05606e-09 1.31587e-07 4.9657e-06 0.000110493 0.00144971 0.011216 0.0511819 0.13793 0.220914 0.216923 0.148723 0.096691 0.0658598 0.0347629 0.0116155 0.00232274 0.000274677 1.91638e-05 7.88455e-07 1.91284e-08 2.73627e-10 2.30797e-12 1.14792e-14 3.36672e-17
 1.91693e-11 2.08065e-09 1.33161e-07 5.02508e-06 0.000111814 0.00146704 0.0113501 0.0517926 0.139562 0.223409 0.218816 0.148526 0.0945682 0.0634372 0.0333254 0.0111236 0.00222391 0.00026298 1.83476e-05 7.54871e-07 1.83136e-08 2.61972e-10 2.20964e-12 1.09899e-14 3.22289e-17
 1.9784e-11 2.14737e-09 1.37431e-07 5.18622e-06 0.0001154 0.00151408 0.0117139 0.0534499 0.143988 0.230179 0.223952 0.147993 0.0888078 0.056863 0.0294247 0.0097889 0.00195575 0.000231239 1.61326e-05 6.63739e-07 1.61027e-08 2.30345e-10 1.94288e-12 9.66321e-15 2.8339e-17
 1.98144e-11 2.15066e-09 1.37642e-07 5.19418e-06 0.000115577 0.00151641 0.0117319 0.0535318 0.144207 0.230514 0.224206 0.147967 0.0885232 0.0565382 0.029232 0.00972295 0.0019425 0.000229671 1.60232e-05 6.59236e-07 1.59935e-08 2.28782e-10 1.92969e-12 9.59748e-15 2.8145e-17
 1.99349e-11 2.16375e-09 1.38479e-07 5.22578e-06 0.00011628 0.00152563 0.0118032 0.0538568 0.145075 0.231842 0.225213 0.147862 0.0873937 0.0552491 0.0284671 0.00946122 0.00188992 0.000223446 1.55889e-05 6.41366e-07 1.55599e-08 2.2258e-10 1.87738e-12 9.33735e-15 2.73823e-17
 2.02261e-11 2.19534e-09 1.40502e-07 5.30209e-06 0.000117978 0.00154791 0.0119755 0.0546417 0.147172 0.235048 0.227645 0.14761 0.0846657 0.0521357 0.0266199 0.00882911 0.00176292 0.000208414 1.45399e-05 5.98208e-07 1.45129e-08 2.07603e-10 1.75105e-12 8.70897e-15 2.55391e-17
#obs catch len freq
 3.841e-11 3.55971e-09 1.94523e-07 6.2678e-06 0.000119083 0.00133411 0.00881505 0.0343881 0.079649 0.11276 0.111203 0.107419 0.120012 0.123075 0.108908 0.0855664 0.0564049 0.0302478 0.0134283 0.00489652 0.00140854 0.000305111 4.75806e-05 5.12504e-06 3.6819e-07
 5.3972e-11 4.82432e-09 2.54267e-07 7.90192e-06 0.000144799 0.00156462 0.00997141 0.0375256 0.0839198 0.115204 0.112 0.109251 0.121777 0.12251 0.106238 0.081757 0.0527642 0.0277175 0.0119986 0.00422069 0.00115536 0.000234746 3.39142e-05 3.35733e-06 2.20878e-07
 3.68918e-11 3.17504e-09 1.61122e-07 4.82114e-06 8.50638e-05 0.000885111 0.00543522 0.0197712 0.0434453 0.0632363 0.0812666 0.118544 0.157637 0.161725 0.137214 0.101255 0.061565 0.0302272 0.0122965 0.00410386 0.00106755 0.000204751 2.76516e-05 2.53546e-06 1.53418e-07
 1.78342e-11 1.47543e-09 7.1973e-08 2.07021e-06 3.51137e-05 0.000351308 0.00207657 0.0073136 0.0160177 0.0260127 0.0446012 0.0831801 0.13192 0.172927 0.189556 0.159605 0.0977575 0.0451871 0.0168371 0.00513738 0.00123295 0.000219889 2.76749e-05 2.35915e-06 1.32114e-07
 3.55735e-10 2.82469e-08 1.32252e-06 3.65108e-05 0.000594329 0.00570454 0.0322855 0.107748 0.212112 0.246716 0.171191 0.0753173 0.0303744 0.0249855 0.0293637 0.0278779 0.0195888 0.0103676 0.00415547 0.00124921 0.000278765 4.5346e-05 5.20942e-06 4.07423e-07 2.10033e-08
 2.00497e-10 1.52584e-08 6.84692e-07 1.81164e-05 0.000282652 0.00260077 0.0141249 0.0454767 0.0887607 0.116311 0.137276 0.17785 0.191561 0.13497 0.0598336 0.0190743 0.00666226 0.00317602 0.00142084 0.000471112 0.000109101 1.73162e-05 1.85904e-06 1.33058e-07 6.24148e-09
 5.2489e-10 3.82325e-08 1.64204e-06 4.15837e-05 0.000620943 0.00546744 0.0283916 0.0870229 0.158141 0.174348 0.130032 0.0923546 0.0856303 0.0865127 0.0757656 0.0486733 0.0204311 0.00541463 0.000971565 0.000149691 2.45764e-05 3.6296e-06 3.82921e-07 2.64434e-08 1.16601e-09
 7.03442e-10 4.89783e-08 2.01079e-06 4.86764e-05 0.000694808 0.00584845 0.0290418 0.0852612 0.149647 0.165818 0.142432 0.131556 0.121352 0.0861651 0.0469759 0.0221845 0.00914934 0.00298336 0.00070836 0.000116867 1.33383e-05 1.12113e-06 7.6217e-08 4.18145e-09 1.66183e-10
 1.01e-09 6.71414e-08 2.63175e-06 6.08258e-05 0.000828947 0.0066619 0.0315862 0.0885596 0.148606 0.158218 0.132755 0.122576 0.116264 0.0910249 0.0582667 0.0299255 0.0111746 0.00287464 0.000529208 7.55398e-05 8.51829e-06 7.09829e-07 4.08478e-08 1.59088e-09 4.26514e-11
 1.47636e-09 9.35971e-08 3.49882e-06 7.71203e-05 0.00100234 0.00768255 0.0347444 0.0929864 0.14948 0.154927 0.132122 0.125865 0.117598 0.0885143 0.0544832 0.0272319 0.010096 0.00262884 0.000485122 6.50652e-05 6.38495e-06 4.55018e-07 2.32444e-08 8.30403e-10 2.00354e-11
 1.9933e-09 1.20391e-07 4.28746e-06 9.00321e-05 0.0011148 0.00814089 0.0350893 0.0896506 0.138714 0.143279 0.131776 0.13609 0.127831 0.0939229 0.0559419 0.0265787 0.0091711 0.00218728 0.000368312 4.57038e-05 4.21976e-06 2.81532e-07 1.3091e-08 4.13686e-10 8.74155e-12
 3.39311e-09 1.95048e-07 6.61106e-06 0.000132127 0.00155709 0.0108219 0.0443899 0.107882 0.158415 0.153746 0.130093 0.124242 0.111527 0.0803145 0.0470051 0.0213809 0.00681434 0.00144287 0.000206419 2.11166e-05 1.61943e-06 9.30509e-08 3.86324e-09 1.1126e-10 2.15061e-12
 5.12115e-09 2.79922e-07 9.02183e-06 0.000171452 0.00192131 0.0126981 0.0495428 0.114667 0.161305 0.153547 0.133183 0.128496 0.110033 0.0730517 0.038992 0.0163623 0.00489199 0.000982099 0.000133284 1.27087e-05 8.74547e-07 4.32529e-08 1.50872e-09 3.65082e-11 6.03483e-13
 7.50523e-09 3.89757e-07 1.19347e-05 0.000215487 0.00229425 0.0144071 0.0534247 0.117701 0.158736 0.148853 0.13299 0.130411 0.110053 0.0721381 0.0380237 0.0154439 0.00436967 0.000816948 0.000102001 8.88191e-06 5.58068e-07 2.52373e-08 7.99642e-10 1.72807e-11 2.49796e-13
 1.1017e-08 5.4315e-07 1.57893e-05 0.000270646 0.00273563 0.0163103 0.0574476 0.12045 0.15602 0.145158 0.134236 0.132903 0.109659 0.0701834 0.0360343 0.0140554 0.00377088 0.000663776 7.75914e-05 6.2764e-06 3.62712e-07 1.49528e-08 4.29571e-10 8.39988e-12 1.09805e-13
 1.78443e-08 8.34607e-07 2.30173e-05 0.000374299 0.00358925 0.0203023 0.0678466 0.135018 0.166234 0.147639 0.13087 0.124009 0.0983241 0.060964 0.030233 0.011227 0.00282905 0.000462755 4.97279e-05 3.6617e-06 1.91791e-07 7.1783e-09 1.87694e-10 3.33936e-12 3.96169e-14
 2.4555e-08 1.0889e-06 2.84726e-05 0.000438999 0.0039915 0.0214118 0.0679275 0.128954 0.154802 0.143424 0.140022 0.135921 0.103273 0.0599332 0.0276535 0.00957577 0.00225756 0.000345922 3.47681e-05 2.3821e-06 1.1509e-07 3.9355e-09 9.32972e-11 1.49826e-12 1.60253e-14
 3.7019e-08 1.55568e-06 3.85482e-05 0.000563232 0.00485307 0.0246735 0.0742201 0.133892 0.154159 0.140531 0.137204 0.131584 0.0997995 0.0591356 0.0276068 0.00932899 0.00208302 0.000296608 2.72832e-05 1.68843e-06 7.32453e-08 2.25634e-09 4.85022e-11 7.08618e-13 6.89011e-15
 5.6654e-08 2.25523e-06 5.29346e-05 0.000732639 0.00597992 0.0288025 0.0821199 0.140727 0.155342 0.13898 0.134589 0.12631 0.0942684 0.0556608 0.0257429 0.00852099 0.00187197 0.000268398 2.56821e-05 1.68719e-06 7.65894e-08 2.36126e-09 4.83988e-11 6.51735e-13 5.74119e-15
 8.316e-08 3.13472e-06 6.96742e-05 0.00091317 0.00705843 0.0322032 0.087073 0.142285 0.153115 0.140316 0.139759 0.127726 0.0901035 0.0497684 0.0214513 0.00660933 0.00134959 0.000179594 1.59947e-05 9.90949e-07 4.34423e-08 1.32686e-09 2.74075e-11 3.73025e-13 3.28272e-15
 1.17627e-07 4.19772e-06 8.83306e-05 0.00109602 0.00802111 0.0346591 0.0888867 0.138709 0.146331 0.13832 0.142073 0.129493 0.0914905 0.0510414 0.0218216 0.00651228 0.00127554 0.000163131 1.40301e-05 8.38154e-07 3.50676e-08 1.01062e-09 1.96155e-11 2.52067e-13 2.11644e-15
 1.89764e-07 6.41031e-06 0.000127684 0.0014997 0.0103892 0.042496 0.103184 0.15253 0.152632 0.137073 0.134009 0.117255 0.080616 0.0438924 0.0180784 0.00513275 0.000952609 0.000115727 9.50296e-06 5.44076e-07 2.18188e-08 6.00997e-10 1.10989e-11 1.34925e-13 1.06507e-15
 2.71953e-07 8.6954e-06 0.000163938 0.0018226 0.0119524 0.046304 0.106729 0.151316 0.150558 0.141595 0.140724 0.117626 0.0749779 0.0374978 0.0142421 0.00375378 0.00064911 7.35425e-05 5.6323e-06 3.01014e-07 1.12959e-08 2.92087e-10 5.07717e-12 5.8172e-14 4.32741e-16
 4.0407e-07 1.22288e-05 0.000218225 0.00229643 0.0142555 0.0522921 0.114277 0.154475 0.149254 0.139496 0.136765 0.112384 0.0714896 0.035679 0.0131991 0.00330828 0.000536588 5.65667e-05 4.00652e-06 1.97183e-07 6.80372e-09 1.61882e-10 2.59347e-12 2.74422e-14 1.88957e-16
 5.36997e-07 1.53834e-05 0.000259856 0.00258857 0.0152146 0.0528953 0.110066 0.144481 0.1438 0.145726 0.14654 0.117166 0.0716376 0.0342095 0.0120395 0.00286745 0.000444279 4.51449e-05 3.10182e-06 1.47524e-07 4.84865e-09 1.08019e-10 1.59929e-12 1.55232e-14 9.77582e-17
 8.03715e-07 2.1796e-05 0.000348539 0.00328684 0.0182896 0.0602129 0.118769 0.14839 0.142143 0.140232 0.138289 0.111047 0.0699137 0.0340424 0.0118326 0.00272872 0.000408727 4.05076e-05 2.73922e-06 1.28332e-07 4.12351e-09 8.88816e-11 1.2607e-12 1.16112e-14 6.87094e-17
 1.24197e-06 3.18883e-05 0.000482785 0.00431058 0.0227116 0.0708225 0.132512 0.157915 0.146177 0.139781 0.131138 0.0988165 0.0580609 0.0264138 0.00863351 0.00189035 0.000272196 2.6283e-05 1.74729e-06 8.05189e-08 2.53159e-09 5.30863e-11 7.29051e-13 6.47083e-15 3.67021e-17
 1.57325e-06 3.8249e-05 0.000548347 0.00463654 0.0231454 0.0685294 0.122914 0.145706 0.145688 0.152878 0.143937 0.103025 0.0564104 0.0237464 0.00715486 0.0014354 0.000187536 1.62776e-05 9.72535e-07 4.08326e-08 1.19428e-09 2.37088e-11 3.11292e-13 2.6497e-15 1.44001e-17
#spawning biomass
 29576 33646.5 22720.1 13335.8 16609.2 21453.9 27999.8 36752.2 48742.6 52456.4 58956.3 66468.5 79162.2 84202.2 88462.8 104618 95892.8 106632 111267 114373 117313 122160 127282 117455 126163 127969 134891 129598 165698 397433 538700 630898 675934 683868 666457 633938 594029 552009 511186 473430 439632 410058 384185 360856 341787 326199 313458 303042 294529 287569 281881 277231 273430 270323 267783 265707 264010 262623 261489 260562 259804 259185 258679 258265 257927 257650 257424 257239 257088 256965 256864 256782 256714 256659 256614 256577 256547 256522 256502 256486 256472 256462 256453 256445 256439 256434 256430 256427 256424 256422 256420 256419 256418 256417 256416 256415 256415 256414 256414 256414 256413 256413 256413 256413 256413 256413 256413 256413 256413 256412 256412 256412 256412 256412 256412 256412 256412 256412 256412 256412 256412 256412 256412 256412 256412 256412 256412 256412 0 0 0 0 0 0 0 0 0 0 0 0 0 0 0 0 0 0 0 0 0 0 0 0 0
