SBPRF35
0.254837
Curr Bio
191235
B35
243703
F35
0.853109
FOFL
0.853109
OFL
84698.2
Bzero
72810.5
#pred survey bio
 11671.5 14323.3 15778.3 17155.5 20029.1 25307 27169.9 32465.5 45753.1 60143.3 73938.8 91111 125254 160533 151209 125273 113242 102188 105535 104473 103687 110925 119827 114723 129915 140969 132254 119493 146697 6.13078e+06 6.00077e+06 4.17724e+06 2.37812e+06 1.44023e+06 1.00705e+06 802777 698566 640216 604951 582559 567948 558288 551855 547531 544625 542725 541480 540661 540123 539769 539535 539381 539279 539212 539168 539139 539119 539107 539098 539093 539089 539087 539085 539084 539083 539083 539083 539082 539082 539082 539082 539082 539082 539082 539082 539082 539082 539082 539082 539082 539082 539082 539082 539082 539082 539082 539082 539082 539082 539082 539082 539082 539082 539082 539082 539082 539082 539082 539082 539082 539082 539082 539082 539082 539082 539082 539082 539082 539082 539082 539082 539082 539082 539082 539082 539082 539082 539082 539082 539082 539082 539082 539082 539082 539082 539082 539082 539082 539082 0 0 0 0 0 0 0 0 0 0 0 0 0 0 0 0 0 0 0 0 0 0 0 0 0
#obs survey bio
 8747.32 13100.7 12622.4 18586.4 16377.8 22392.3 21727.4 28658.2 32498.5 47773.8 48997.2 70357.7 110589 117766 93721.8 79853.7 75131.7 79914.6 81798.3 80598.2 96498.5 108091 114402 92196.7 128736 96319.6 122437 110492 89313.9
#pred catch bio
 4477.31 7038.94 8287.31 9324.05 9859.41 14906.3 16668.5 18424 27796.6 36876 47358.9 58938.2 77758.7 110650 112254 95363.3 89747.5 75935.1 80796.1 82562 79987.1 84685.1 100381 89967.6 101913 116708 112871 94772.2 40229.6 84698.2 116388 82284.1 39090.5 19309.9 11966.2 9455.6 8639.81 8384 8305.84 8282.41 8275.49 8273.47 8272.88 8272.71 8272.66 8272.65 8272.65 8272.64 8272.64 8272.64 8272.64 8272.64 8272.64 8272.64 8272.64 8272.64 8272.64 8272.64 8272.64 8272.64 8272.64 8272.64 8272.64 8272.64 8272.64 8272.64 8272.64 8272.64 8272.64 8272.64 8272.64 8272.64 8272.64 8272.64 8272.64 8272.64 8272.64 8272.64 8272.64 8272.64 8272.64 8272.64 8272.64 8272.64 8272.64 8272.64 8272.64 8272.64 8272.64 8272.64 8272.64 8272.64 8272.64 8272.64 8272.64 8272.64 8272.64 8272.64 8272.64 8272.64 8272.64 8272.64 8272.64 8272.64 8272.64 8272.64 8272.64 8272.64 8272.64 8272.64 8272.64 8272.64 8272.64 8272.64 8272.64 8272.64 8272.64 8272.64 8272.64 8272.64 8272.64 8272.64 8272.64 8272.64 8272.64 8272.64 8272.64 8272.64 8272.64 0 0 0 0 0 0 0 0 0 0 0 0 0 0 0 0 0 0 0 0 0 0 0 0 0
#obs catch bio
 6413.4 7169.69 8310.2 9388.24 9769.63 14830.4 16755.8 18339.2 26991.7 36230.8 46651.4 57172.5 74302.3 108886 110930 95857.9 90203.8 74274.9 79890.4 80278.7 77611 81061.3 97052.6 87266.2 96371.2 112507 110325 92719.6 39256.6
#pred cpue bio
 7469.71 9013.11 9531.1 10140.3 11079 14355 15096.8 16327.4 22450.2 29493.3 37585.8 44231.5 56936 79876.1 81762.6 65677.1 54974.7 48374.6 50129.9 49165.3 46934.8 50065.9 54464.3 49644.9 56329.1 62646.6 59323.2 52239.9 59752.9 3.5334e+06 4.92375e+06 4.03225e+06 2.26599e+06 1.31458e+06 878276 673431 569113 510742 475473 453080 438469 428808 422375 418051 415145 413245 412000 411182 410643 410289 410055 409901 409799 409732 409688 409659 409640 409627 409619 409613 409609 409607 409605 409604 409604 409603 409603 409603 409603 409602 409602 409602 409602 409602 409602 409602 409602 409602 409602 409602 409602 409602 409602 409602 409602 409602 409602 409602 409602 409602 409602 409602 409602 409602 409602 409602 409602 409602 409602 409602 409602 409602 409602 409602 409602 409602 409602 409602 409602 409602 409602 409602 409602 409602 409602 409602 409602 409602 409602 409602 409602 409602 409602 409602 409602 409602 409602 409602 409602 0 0 0 0 0 0 0 0 0 0 0 0 0 0 0 0 0 0 0 0 0 0 0 0 0
#obs cpue bio
 10065.9 7275.95 11737.7 10048 15032.6 18437.5 17618.8 20627.9 57860.1 42118.1 71573.7 120086 113322 112813 160311 100248 72118.2 91757 75295.1 112286 78354.9 108546 98295 92424.3 156145 133348 96831.1 85811 141005
#pred surv len freq
 2.56517e-27 2.59363e-27 3.7619e-26 7.39604e-20 1.81305e-14 5.37239e-10 1.9243e-06 0.000833149 0.043604 0.275851 0.211274 0.0401828 0.15742 0.145288 0.032465 0.0377591 0.0159341 0.0118811 0.00718715 0.00537098 0.00413041 0.00349541 0.00342613 0.00298913 0.000906892
 2.565e-27 2.59338e-27 3.75246e-26 7.37615e-20 1.80818e-14 5.35795e-10 1.91913e-06 0.000830909 0.0434868 0.275109 0.21069 0.0390769 0.149416 0.138497 0.0422114 0.0615425 0.020747 0.00842686 0.00375023 0.00212138 0.00133187 0.000963441 0.000833161 0.000723147 0.000239871
 2.56529e-27 2.59403e-27 3.79451e-26 7.4648e-20 1.82991e-14 5.42234e-10 1.94219e-06 0.000840894 0.0440094 0.278416 0.213235 0.0403667 0.157444 0.14559 0.0377856 0.0497324 0.0182363 0.0095102 0.00299595 0.000920259 0.000385794 0.000212959 0.000151859 0.000123038 4.21354e-05
 2.56547e-27 2.59443e-27 3.82253e-26 7.52389e-20 1.84439e-14 5.46526e-10 1.95757e-06 0.000847551 0.0443578 0.28062 0.214926 0.0408879 0.160222 0.148084 0.0369979 0.0472123 0.0159997 0.0065521 0.00229125 0.000737976 0.000163151 5.04069e-05 2.54023e-05 1.75791e-05 5.93606e-06
 2.56706e-27 2.59865e-27 4.18702e-26 8.29279e-20 2.03288e-14 6.02378e-10 2.15762e-06 0.000934165 0.0488908 0.309297 0.236817 0.0404611 0.141594 0.130771 0.0317215 0.0394999 0.0130951 0.00488263 0.00149765 0.000413137 9.83821e-05 1.76331e-05 4.19684e-06 2.06339e-06 6.4947e-07
 2.56603e-27 2.5958e-27 3.93091e-26 7.75248e-20 1.90043e-14 5.6313e-10 2.01704e-06 0.000873301 0.0457054 0.289145 0.221447 0.041614 0.161165 0.148745 0.0333194 0.0386169 0.0127846 0.00474668 0.00140673 0.000346037 6.8796e-05 1.16995e-05 1.49674e-06 3.28665e-07 8.54235e-08
 2.56637e-27 2.59668e-27 4.0042e-26 7.90707e-20 1.93832e-14 5.7436e-10 2.05726e-06 0.000890715 0.0466168 0.294911 0.225852 0.0417212 0.158887 0.146597 0.0321395 0.0364228 0.0114465 0.00330052 0.000941777 0.000223889 4.05221e-05 5.77933e-06 6.0874e-07 5.51279e-08 8.12063e-09
 2.56845e-27 2.60226e-27 4.48923e-26 8.93026e-20 2.18915e-14 6.48683e-10 2.32347e-06 0.00100598 0.0526491 0.333073 0.25498 0.0409607 0.132635 0.122219 0.0250725 0.0264258 0.00816796 0.00213364 0.000550708 0.000104442 1.78184e-05 2.32971e-06 2.04048e-07 1.19738e-08 6.8021e-10
 2.56855e-27 2.60244e-27 4.49725e-26 8.94714e-20 2.19328e-14 6.49909e-10 2.32786e-06 0.00100788 0.0527486 0.333702 0.25547 0.041603 0.137178 0.12626 0.0230308 0.0207431 0.00630902 0.00149966 0.00037185 6.31921e-05 8.89986e-06 9.99457e-07 7.90601e-08 3.67978e-09 1.02773e-10
 2.56834e-27 2.60183e-27 4.43959e-26 8.82549e-20 2.16346e-14 6.41073e-10 2.29622e-06 0.000994173 0.0520315 0.329165 0.252014 0.0420913 0.143322 0.131865 0.0228498 0.0189053 0.00553489 0.000966388 0.000219817 3.36488e-05 4.325e-06 4.05091e-07 2.6333e-08 1.06437e-09 2.12481e-11
 2.56757e-27 2.59976e-27 4.25675e-26 8.43977e-20 2.06891e-14 6.13054e-10 2.19586e-06 0.000950722 0.0497574 0.314779 0.241036 0.0425734 0.154704 0.142388 0.0250833 0.0213443 0.0061877 0.000966526 0.000201093 2.32566e-05 2.61272e-06 2.1746e-07 1.18118e-08 3.85746e-10 6.37842e-12
 2.56868e-27 2.60277e-27 4.5249e-26 9.00547e-20 2.20758e-14 6.54146e-10 2.34304e-06 0.00101445 0.0530925 0.335878 0.257132 0.0416263 0.136188 0.125334 0.0226599 0.0201119 0.00583658 0.000915134 0.000187105 1.92298e-05 1.78442e-06 1.15739e-07 5.413e-09 1.46538e-10 1.94143e-12
 2.56963e-27 2.6053e-27 4.74321e-26 9.46598e-20 2.32047e-14 6.87597e-10 2.46286e-06 0.00106632 0.0558075 0.353053 0.270244 0.0414602 0.125711 0.115547 0.0187499 0.0136626 0.00394692 0.00061034 0.000124211 1.26328e-05 1.10568e-06 5.9889e-08 2.14587e-09 4.74646e-11 5.15897e-13
 2.56764e-27 2.59985e-27 4.25746e-26 8.44125e-20 2.06927e-14 6.13162e-10 2.19624e-06 0.000950889 0.0497661 0.314834 0.241089 0.0432271 0.159641 0.146788 0.0230394 0.0155738 0.00441816 0.000553059 0.000105305 1.05808e-05 9.18659e-07 4.794e-08 1.47878e-09 2.50646e-11 2.14514e-13
 2.56574e-27 2.59473e-27 3.8074e-26 7.49181e-20 1.83653e-14 5.44196e-10 1.94922e-06 0.000843937 0.0441686 0.279423 0.214067 0.0442955 0.186758 0.171887 0.0288641 0.0225282 0.00634748 0.000685659 0.00011968 9.85796e-06 7.85507e-07 4.03449e-08 1.20803e-09 1.80456e-11 1.19836e-13
 2.56684e-27 2.59777e-27 4.08166e-26 8.07041e-20 1.97836e-14 5.86224e-10 2.09976e-06 0.000909115 0.0475798 0.301003 0.230525 0.0430452 0.16568 0.152537 0.0272655 0.0237551 0.00674516 0.000799712 0.000142509 1.01895e-05 6.95073e-07 2.97111e-08 8.43375e-10 1.22212e-11 7.28097e-14
 2.56818e-27 2.60132e-27 4.38777e-26 8.71614e-20 2.13666e-14 6.3313e-10 2.26776e-06 0.000981855 0.0513868 0.325087 0.248911 0.042818 0.151032 0.138848 0.0217048 0.0145293 0.00410957 0.000493379 8.90334e-05 6.77585e-06 4.54555e-07 1.63218e-08 3.81734e-10 4.93815e-12 2.82383e-14
 2.56829e-27 2.60155e-27 4.40067e-26 8.74332e-20 2.14332e-14 6.35104e-10 2.27484e-06 0.000984917 0.051547 0.326101 0.249695 0.0434119 0.155001 0.142358 0.0195529 0.00874034 0.00239072 0.000186456 2.68497e-05 2.00151e-06 1.3599e-07 5.06304e-09 1.0628e-10 1.11985e-12 5.51233e-15
 2.56844e-27 2.60201e-27 4.44568e-26 8.83829e-20 2.1666e-14 6.42002e-10 2.29954e-06 0.000995615 0.0521069 0.329643 0.252391 0.0429134 0.149313 0.1372 0.0202862 0.0117057 0.00320345 0.000212151 2.57602e-05 1.35376e-06 7.13056e-08 2.60692e-09 5.62128e-11 5.63573e-13 2.31046e-15
 2.5685e-27 2.60213e-27 4.45359e-26 8.85497e-20 2.17069e-14 6.43214e-10 2.30388e-06 0.000997494 0.0522052 0.330265 0.252869 0.0431039 0.150427 0.138173 0.0194783 0.00962182 0.00263398 0.000195089 2.58211e-05 1.17396e-06 4.71602e-08 1.17191e-09 2.1592e-11 2.1723e-13 8.71723e-16
 2.56918e-27 2.60398e-27 4.61669e-26 9.19906e-20 2.25504e-14 6.68208e-10 2.39341e-06 0.00103625 0.0542338 0.343098 0.262662 0.0426721 0.140261 0.128776 0.0175288 0.00754384 0.00204348 0.000127327 1.44534e-05 7.07893e-07 3.02232e-08 6.10554e-10 7.84153e-12 5.83335e-14 2.20906e-16
 2.5692e-27 2.60404e-27 4.62143e-26 9.20904e-20 2.25748e-14 6.68933e-10 2.39601e-06 0.00103738 0.0542927 0.34347 0.262947 0.0427024 0.140291 0.128793 0.0173326 0.00709254 0.00191403 0.000111855 1.16654e-05 4.97474e-07 1.81592e-08 3.93722e-10 4.82932e-12 2.61962e-14 6.94554e-17
 2.56909e-27 2.60374e-27 4.59493e-26 9.15315e-20 2.24378e-14 6.64873e-10 2.38146e-06 0.00103108 0.0539632 0.341386 0.261356 0.0427616 0.141859 0.130246 0.017689 0.00753893 0.00203656 0.000117778 1.20834e-05 4.90206e-07 1.6034e-08 2.93193e-10 3.33321e-12 1.84603e-14 4.00312e-17
 2.5698e-27 2.60565e-27 4.7619e-26 9.50537e-20 2.33013e-14 6.90458e-10 2.47311e-06 0.00107076 0.0560397 0.354523 0.271382 0.0424546 0.132479 0.121539 0.0152306 0.0041297 0.00109041 5.467e-05 4.4971e-06 1.75094e-07 5.35842e-09 9.0229e-11 8.8831e-13 4.23335e-15 8.97104e-18
 2.56984e-27 2.60576e-27 4.77304e-26 9.52888e-20 2.33589e-14 6.92166e-10 2.47922e-06 0.00107341 0.0561783 0.355399 0.272049 0.042308 0.130895 0.120106 0.0154905 0.00508123 0.00135048 6.1758e-05 4.15566e-06 1.455e-07 3.60164e-09 5.65536e-11 5.16809e-13 2.18477e-15 3.96247e-18
 2.56938e-27 2.60449e-27 4.65963e-26 9.28963e-20 2.27724e-14 6.74787e-10 2.41697e-06 0.00104646 0.0547678 0.346476 0.265242 0.0427435 0.138991 0.127555 0.0164042 0.0052895 0.00140719 6.87806e-05 5.34014e-06 1.76066e-07 3.52013e-09 4.67627e-11 3.57595e-13 1.38855e-15 2.28277e-18
 2.56913e-27 2.6038e-27 4.59665e-26 9.15676e-20 2.24467e-14 6.65136e-10 2.3824e-06 0.00103149 0.0539845 0.341521 0.261464 0.0430795 0.144203 0.132328 0.0165996 0.00453462 0.00119485 5.4482e-05 3.63489e-06 1.23691e-07 2.76273e-09 3.37695e-11 2.0859e-13 6.63607e-16 9.47329e-19
 2.56958e-27 2.60502e-27 4.70556e-26 9.3865e-20 2.30099e-14 6.81824e-10 2.44218e-06 0.00105737 0.0553389 0.350089 0.268001 0.0427235 0.136901 0.125595 0.0155134 0.00375375 0.000980617 4.11404e-05 2.1485e-06 6.80593e-08 1.29262e-09 1.62124e-11 1.06234e-13 2.9525e-16 3.39749e-19
 2.57089e-27 2.60863e-27 5.02954e-26 1.007e-19 2.46854e-14 7.31472e-10 2.62001e-06 0.00113436 0.0593686 0.375582 0.287445 0.0413432 0.112736 0.103394 0.0133528 0.00441449 0.00117247 5.14098e-05 3.07439e-06 9.36772e-08 1.45534e-09 1.61627e-11 9.43838e-14 2.72085e-16 3.08284e-19
#obs surv len freq
 1.2456e-41 1.72881e-33 2.90044e-26 5.88203e-20 1.44191e-14 4.27265e-10 1.53039e-06 0.000662607 0.0346782 0.219385 0.168252 0.0416473 0.169927 0.142322 0.0895953 0.0849768 0.0336568 0.0121575 0.00245213 0.000273153 1.24062e-05 1.68376e-07 5.16373e-10 2.9197e-13 2.66162e-17
 1.56105e-41 2.16664e-33 3.63499e-26 7.37168e-20 1.80708e-14 5.35471e-10 1.91797e-06 0.000830415 0.0434606 0.274945 0.210712 0.0426594 0.14197 0.113118 0.0739539 0.0644919 0.0243347 0.00795475 0.00142676 0.000135262 4.99174e-06 5.24122e-08 1.196e-10 4.90749e-14 3.20013e-18
 1.29336e-41 1.79509e-33 3.01164e-26 6.10755e-20 1.49719e-14 4.43646e-10 1.58907e-06 0.000688012 0.0360078 0.227797 0.174953 0.051814 0.204305 0.150138 0.0730135 0.0550576 0.0195656 0.00569802 0.000889146 7.0305e-05 2.07019e-06 1.66557e-08 2.82144e-11 8.40587e-15 3.9246e-19
 1.55814e-41 2.1626e-33 3.62821e-26 7.35793e-20 1.80371e-14 5.34472e-10 1.91439e-06 0.000828866 0.0433796 0.274433 0.210495 0.0474227 0.149937 0.109699 0.0847553 0.0594849 0.015439 0.00361123 0.000481585 3.11044e-05 7.16615e-07 4.35551e-09 5.43765e-12 1.17417e-15 3.9283e-20
 1.54041e-41 2.13799e-33 3.58692e-26 7.2742e-20 1.78319e-14 5.28391e-10 1.89261e-06 0.000819435 0.0428859 0.271311 0.208351 0.0552851 0.179733 0.118571 0.063937 0.0417328 0.0141834 0.00290339 0.000272157 1.35219e-05 2.38847e-07 1.07941e-09 9.82266e-13 1.52759e-16 3.6528e-21
 1.34678e-41 1.86924e-33 3.13604e-26 6.35982e-20 1.55904e-14 4.61971e-10 1.6547e-06 0.00071643 0.0374951 0.237208 0.182557 0.0611942 0.205413 0.131155 0.0837171 0.0469074 0.0112344 0.00218995 0.000203044 7.19453e-06 8.88866e-08 2.90761e-10 1.90366e-13 2.11258e-17 3.58799e-22
 1.5672e-41 2.17518e-33 3.64931e-26 7.40073e-20 1.8142e-14 5.37581e-10 1.92553e-06 0.000833687 0.0436319 0.276031 0.212173 0.0580826 0.165435 0.10486 0.0829977 0.0437754 0.0104914 0.00157178 0.000111555 3.46831e-06 3.13705e-08 6.89361e-11 3.1166e-14 2.42903e-18 2.90425e-23
 1.73109e-41 2.40264e-33 4.03092e-26 8.17463e-20 2.00391e-14 5.93796e-10 2.12688e-06 0.000920867 0.0481945 0.304896 0.23442 0.0628696 0.163622 0.0928404 0.0564213 0.0275601 0.00719066 0.00100337 5.74e-05 1.29164e-06 9.04705e-09 1.45801e-11 4.45288e-15 2.32694e-19 1.9036e-24
 1.65641e-41 2.29898e-33 3.85702e-26 7.82196e-20 1.91746e-14 5.68179e-10 2.03512e-06 0.000881138 0.0461153 0.291745 0.224781 0.0712786 0.184871 0.0980401 0.0551084 0.0222494 0.00434934 0.000549638 2.94596e-05 5.2614e-07 2.61324e-09 3.02001e-12 6.66148e-16 2.41965e-20 1.33465e-25
 1.53294e-41 2.12761e-33 3.56951e-26 7.2389e-20 1.77453e-14 5.25826e-10 1.88342e-06 0.000815457 0.0426778 0.270001 0.208614 0.0784429 0.199498 0.104761 0.0668808 0.0239935 0.00392879 0.000369792 1.52625e-05 2.31771e-07 9.04166e-10 7.41999e-13 1.13248e-16 2.88472e-21 1.11955e-26
 1.46503e-41 2.03336e-33 3.41139e-26 6.91823e-20 1.69592e-14 5.02533e-10 1.79999e-06 0.000779334 0.0407872 0.258044 0.199923 0.0841939 0.203897 0.107464 0.0752657 0.0252338 0.00408485 0.000316772 9.4209e-06 1.01506e-07 3.02577e-10 1.90252e-13 2.10257e-17 3.71812e-22 9.91885e-28
 1.88274e-41 2.61312e-33 4.38405e-26 8.89076e-20 2.17947e-14 6.45816e-10 2.31321e-06 0.00100154 0.0524165 0.331613 0.255711 0.0728813 0.140497 0.0736746 0.052762 0.0165868 0.00266302 0.000187192 4.65299e-06 3.58847e-08 7.24132e-11 3.20976e-14 2.59844e-18 3.3573e-23 6.38564e-29
 1.56763e-41 2.17577e-33 3.65031e-26 7.40275e-20 1.8147e-14 5.37728e-10 1.92605e-06 0.000833914 0.0436438 0.276125 0.215051 0.102392 0.214165 0.0903722 0.0431018 0.0122936 0.00189549 0.000121883 2.69917e-06 1.69168e-08 2.48258e-11 7.42629e-15 4.04214e-19 3.61978e-24 4.89538e-30
 1.27164e-41 1.76495e-33 2.96107e-26 6.00498e-20 1.47205e-14 4.36196e-10 1.56238e-06 0.000676457 0.0354031 0.224001 0.176337 0.113676 0.233331 0.119486 0.0781735 0.0170685 0.00174951 9.46488e-05 1.84064e-06 9.74059e-09 1.13935e-11 2.52745e-15 9.57882e-20 5.77366e-25 5.24108e-31
 1.14659e-41 1.59138e-33 2.66988e-26 5.41446e-20 1.32729e-14 3.93301e-10 1.40874e-06 0.000609935 0.0319216 0.201985 0.160286 0.117308 0.227146 0.135408 0.0983291 0.0240728 0.00282179 0.000109095 1.46772e-06 6.16526e-09 5.80488e-12 1.00592e-15 2.86694e-20 1.24957e-25 7.93085e-32
 1.55884e-41 2.16357e-33 3.62984e-26 7.36125e-20 1.80452e-14 5.34713e-10 1.91526e-06 0.00082924 0.0433991 0.274593 0.215047 0.100863 0.16558 0.104194 0.0738555 0.019111 0.00242561 9.86092e-05 1.14034e-06 3.26022e-09 2.15835e-12 2.81367e-16 6.10277e-21 1.99903e-26 9.36435e-33
 1.40925e-41 1.95595e-33 3.28151e-26 6.65485e-20 1.63136e-14 4.83401e-10 1.73146e-06 0.000749664 0.0392345 0.248276 0.197962 0.135865 0.214971 0.0970229 0.0514076 0.0128491 0.00159449 6.59141e-05 7.58241e-07 1.92377e-09 9.46278e-13 8.37541e-17 1.25853e-21 2.972e-27 1.02283e-33
 1.4604e-41 2.02694e-33 3.40061e-26 6.89637e-20 1.69056e-14 5.00945e-10 1.7943e-06 0.000776871 0.0406585 0.257294 0.2052 0.130145 0.190314 0.107784 0.0570806 0.00980246 0.000908633 3.40677e-05 3.66188e-07 8.59487e-10 3.7014e-13 2.6161e-17 2.85269e-22 4.62789e-28 1.08753e-34
 1.44516e-41 2.00578e-33 3.36512e-26 6.82439e-20 1.67292e-14 4.95716e-10 1.77558e-06 0.000768763 0.0402341 0.254639 0.205257 0.144541 0.195693 0.100838 0.0484884 0.00883413 0.000687892 1.73897e-05 1.43769e-07 2.86721e-10 1.06031e-13 6.32331e-18 5.61832e-23 7.08425e-29 1.23036e-35
 1.55949e-41 2.16448e-33 3.63136e-26 7.36432e-20 1.80528e-14 5.34936e-10 1.91605e-06 0.000829586 0.0434174 0.274796 0.221346 0.141442 0.175041 0.0947217 0.0414249 0.00651149 0.000458 1.01556e-05 6.01811e-08 8.34226e-11 2.33934e-14 1.11066e-18 7.92701e-24 7.97599e-30 1.08997e-36
 1.50615e-41 2.09043e-33 3.50714e-26 7.1124e-20 1.74352e-14 5.16637e-10 1.85051e-06 0.000801207 0.0419323 0.265454 0.217369 0.160378 0.184565 0.0895817 0.0345322 0.00507377 0.000304834 5.60175e-06 2.73505e-08 2.84557e-11 5.50628e-15 1.81746e-19 9.44348e-25 7.15864e-31 7.48237e-38
 1.55128e-41 2.15307e-33 3.61222e-26 7.32551e-20 1.79576e-14 5.32117e-10 1.90596e-06 0.000825214 0.0431888 0.273441 0.224888 0.160194 0.172484 0.0898653 0.0311098 0.00380656 0.000192182 2.9429e-06 1.13955e-08 9.23065e-12 1.35208e-15 3.20759e-20 1.15224e-25 6.00906e-32 4.40058e-39
 1.55408e-41 2.15696e-33 3.61875e-26 7.33875e-20 1.79901e-14 5.33079e-10 1.9094e-06 0.000826706 0.043267 0.274006 0.228318 0.170984 0.170433 0.0830186 0.0260352 0.00298355 0.000125002 1.49908e-06 4.53905e-09 2.82508e-12 3.11539e-16 5.50289e-21 1.45131e-26 5.43687e-33 2.79653e-40
 1.59487e-41 2.21358e-33 3.71373e-26 7.53138e-20 1.84623e-14 5.47071e-10 1.95952e-06 0.000848405 0.0444029 0.281262 0.23618 0.174038 0.161925 0.0777898 0.0213824 0.00209346 7.4657e-05 7.34339e-07 1.69768e-09 7.86479e-13 6.43971e-17 8.39602e-22 1.62194e-27 4.42695e-34 1.65157e-41
 1.58483e-41 2.19965e-33 3.69036e-26 7.48398e-20 1.83461e-14 5.43628e-10 1.94719e-06 0.000843066 0.0441238 0.279607 0.238718 0.184387 0.160223 0.0726821 0.0178229 0.00154554 4.53342e-05 3.56429e-07 6.46845e-10 2.26718e-13 1.35929e-17 1.28211e-22 1.79034e-28 3.53293e-35 9.51512e-43
 1.37345e-41 1.90626e-33 3.19814e-26 6.48576e-20 1.58991e-14 4.71119e-10 1.68747e-06 0.000730617 0.0382393 0.242608 0.218841 0.216721 0.183063 0.0810372 0.0174364 0.00129046 3.13008e-05 1.96179e-07 2.72993e-10 7.21334e-14 3.22026e-18 2.22427e-23 2.23965e-29 3.15884e-36 6.06463e-44
 1.40108e-41 1.9446e-33 3.26247e-26 6.61623e-20 1.62189e-14 4.80596e-10 1.72142e-06 0.000745315 0.039009 0.247578 0.223696 0.205568 0.1767 0.0881829 0.0173829 0.00111458 2.19464e-05 1.0794e-07 1.15078e-10 2.27609e-14 7.4796e-19 3.77299e-24 2.76169e-30 2.81611e-37 3.88337e-45
 1.46831e-41 2.03792e-33 3.41903e-26 6.93372e-20 1.69972e-14 5.03658e-10 1.80402e-06 0.000781079 0.0408808 0.259405 0.232132 0.202965 0.168986 0.078039 0.0157506 0.0010399 1.87642e-05 7.90952e-08 6.99728e-11 1.13307e-14 3.02778e-19 1.23466e-24 7.26997e-31 5.94798e-38 6.57565e-46
 1.46832e-41 2.03794e-33 3.41906e-26 6.93378e-20 1.69974e-14 5.03663e-10 1.80404e-06 0.000781087 0.0408812 0.259407 0.232135 0.20297 0.169071 0.0782083 0.0155555 0.000973553 1.63077e-05 6.24743e-08 4.94056e-11 7.07381e-15 1.65868e-19 5.90581e-25 3.02569e-31 2.14832e-38 2.05723e-46
#pred catch len freq
 2.55741e-27 2.57301e-27 1.98787e-26 3.65376e-20 8.95675e-15 2.65405e-10 9.50635e-07 0.000411589 0.0215411 0.136275 0.104712 0.0412009 0.240034 0.222082 0.0559432 0.0722433 0.0305422 0.0227875 0.0137154 0.010206 0.00782893 0.00661805 0.00648448 0.00565695 0.00171629
 2.55772e-27 2.57413e-27 2.10092e-26 3.89229e-20 9.54147e-15 2.82731e-10 1.01269e-06 0.000438458 0.0229473 0.145172 0.11148 0.0396134 0.223203 0.207495 0.0708237 0.109534 0.0369053 0.014921 0.00660679 0.00371748 0.00232748 0.00168162 0.00145363 0.00126158 0.000418468
 2.5584e-27 2.5757e-27 2.21096e-26 4.12431e-20 1.01103e-14 2.99585e-10 1.07306e-06 0.000464595 0.0243152 0.153826 0.118125 0.0419659 0.236436 0.219113 0.0621534 0.0869499 0.0318306 0.0164948 0.00517865 0.00158002 0.000660201 0.000363906 0.000259374 0.000210127 7.19591e-05
 2.55879e-27 2.5766e-27 2.27589e-26 4.26124e-20 1.04459e-14 3.09531e-10 1.10869e-06 0.00048002 0.0251225 0.158933 0.12204 0.0429212 0.240956 0.223141 0.0603376 0.081626 0.0276213 0.0112204 0.00390644 0.00125112 0.000275788 8.50303e-05 4.28231e-05 2.96309e-05 1.00055e-05
 2.56012e-27 2.58012e-27 2.57675e-26 4.89589e-20 1.20017e-14 3.55631e-10 1.27381e-06 0.000551512 0.0288641 0.182603 0.140113 0.0428241 0.227519 0.210602 0.055619 0.0739687 0.0245008 0.00907423 0.00277333 0.000760226 0.000180507 3.22994e-05 7.68016e-06 3.77516e-06 1.18824e-06
 2.55982e-27 2.57915e-27 2.47606e-26 4.68341e-20 1.14808e-14 3.40197e-10 1.21853e-06 0.000527577 0.0276115 0.174678 0.134086 0.044339 0.243282 0.224878 0.0532559 0.0649654 0.0214642 0.00788087 0.00232628 0.000568434 0.000112666 1.91248e-05 2.44467e-06 5.36618e-07 1.39467e-07
 2.56042e-27 2.58069e-27 2.60416e-26 4.95363e-20 1.21432e-14 3.59825e-10 1.28883e-06 0.000558016 0.0292045 0.184757 0.141786 0.0446134 0.239961 0.221712 0.0508809 0.0602721 0.0189088 0.00538146 0.00152854 0.000360918 6.51285e-05 9.27096e-06 9.75661e-07 8.83237e-08 1.30092e-08
 2.56256e-27 2.58637e-27 3.09423e-26 5.98743e-20 1.46775e-14 4.34919e-10 1.55781e-06 0.000674471 0.0352994 0.223314 0.171221 0.0441957 0.216101 0.199464 0.0427786 0.0473695 0.0146217 0.00377141 0.000969479 0.000182556 3.1044e-05 4.05123e-06 3.54511e-07 2.07953e-08 1.18117e-09
 2.56312e-27 2.58774e-27 3.19978e-26 6.21003e-20 1.52231e-14 4.51089e-10 1.61572e-06 0.000699546 0.0366117 0.231616 0.177576 0.0451642 0.219006 0.20185 0.0378636 0.0355433 0.0107945 0.00252776 0.000623962 0.000105266 1.47777e-05 1.65592e-06 1.30867e-07 6.08874e-09 1.70027e-10
 2.56294e-27 2.58718e-27 3.14384e-26 6.09199e-20 1.49338e-14 4.42515e-10 1.58501e-06 0.00068625 0.0359159 0.227214 0.174225 0.0458655 0.226697 0.208836 0.0371079 0.0320374 0.00937228 0.00161244 0.000364835 5.54393e-05 7.10249e-06 6.63775e-07 4.31045e-08 1.74152e-09 3.47607e-11
 2.56223e-27 2.58525e-27 2.97388e-26 5.73347e-20 1.40549e-14 4.16472e-10 1.49173e-06 0.000645863 0.0338021 0.213842 0.164021 0.0462707 0.23695 0.218329 0.0393638 0.0347844 0.0100765 0.00155045 0.000320863 3.68379e-05 4.12285e-06 3.42365e-07 1.85769e-08 6.06391e-10 1.0025e-11
 2.56367e-27 2.58918e-27 3.32397e-26 6.47202e-20 1.58654e-14 4.70119e-10 1.68389e-06 0.000729059 0.0381563 0.241388 0.185036 0.0450543 0.212929 0.196201 0.0361358 0.0329949 0.00956562 0.00147565 0.000300053 3.06164e-05 2.83031e-06 1.83109e-07 8.55389e-09 2.31451e-10 3.06579e-12
 2.56477e-27 2.59207e-27 3.5703e-26 6.99164e-20 1.71392e-14 5.07864e-10 1.81908e-06 0.000787593 0.0412198 0.260768 0.199835 0.0451426 0.203202 0.187023 0.0308374 0.0232278 0.00670485 0.00102035 0.000206515 2.08536e-05 1.81856e-06 9.82546e-08 3.5162e-09 7.77288e-11 8.44652e-13
 2.56282e-27 2.58671e-27 3.09082e-26 5.98011e-20 1.46595e-14 4.34387e-10 1.5559e-06 0.000673646 0.0352562 0.223041 0.171057 0.0470174 0.237689 0.218749 0.0346857 0.0240089 0.00680657 0.000838163 0.000158474 1.58076e-05 1.36738e-06 7.11796e-08 2.19303e-09 3.71474e-11 3.17839e-13
 2.56108e-27 2.58205e-27 2.68304e-26 5.11988e-20 1.25508e-14 3.71901e-10 1.33209e-06 0.000576743 0.0301847 0.190957 0.146571 0.0477813 0.260705 0.240109 0.0406564 0.0322345 0.00907595 0.000964521 0.000167011 1.36604e-05 1.08375e-06 5.55224e-08 1.66053e-09 2.47899e-11 1.64576e-13
 2.56253e-27 2.58605e-27 3.04345e-26 5.88021e-20 1.44146e-14 4.27131e-10 1.52991e-06 0.000662393 0.0346673 0.219315 0.168199 0.0461579 0.233157 0.214815 0.0384901 0.0336641 0.009548 0.00111172 0.000196595 1.39631e-05 9.47998e-07 4.04134e-08 1.14564e-09 1.65911e-11 9.88172e-14
 2.56458e-27 2.59151e-27 3.51566e-26 6.87634e-20 1.68565e-14 4.99489e-10 1.78909e-06 0.000774606 0.0405401 0.256468 0.196562 0.0457582 0.210187 0.193365 0.030069 0.0198739 0.00561242 0.000660641 0.000118235 8.93556e-06 5.96821e-07 2.13735e-08 4.99164e-10 6.45264e-12 3.68881e-14
 2.56422e-27 2.59042e-27 3.40794e-26 6.64905e-20 1.62993e-14 4.82979e-10 1.72995e-06 0.000749002 0.0392001 0.247991 0.190108 0.0469986 0.224161 0.206038 0.0283093 0.0126721 0.00346412 0.000266148 3.78804e-05 2.8041e-06 1.89677e-07 7.04363e-09 1.47662e-10 1.55471e-12 7.65028e-15
 2.56464e-27 2.59163e-27 3.52102e-26 6.88763e-20 1.68842e-14 5.00309e-10 1.79202e-06 0.000775877 0.0406066 0.256889 0.196889 0.0461286 0.212776 0.195664 0.0288656 0.0165451 0.00452491 0.000295618 3.54058e-05 1.84988e-06 9.68485e-08 3.53092e-09 7.60355e-11 7.61781e-13 3.122e-15
 2.56499e-27 2.59253e-27 3.59781e-26 7.04961e-20 1.72813e-14 5.12075e-10 1.83417e-06 0.000794124 0.0415616 0.26293 0.201503 0.0461782 0.209912 0.19295 0.0270873 0.0131791 0.00360401 0.000262834 3.43521e-05 1.55416e-06 6.20279e-08 1.53697e-09 2.82672e-11 2.84175e-13 1.14e-15
 2.56569e-27 2.59444e-27 3.76544e-26 7.40323e-20 1.81481e-14 5.37761e-10 1.92617e-06 0.000833959 0.0436464 0.276119 0.211567 0.0457855 0.199852 0.183638 0.0249175 0.0105778 0.00286278 0.000176056 1.96898e-05 9.59047e-07 4.07047e-08 8.20251e-10 1.05144e-11 7.81432e-14 2.95803e-16
 2.56564e-27 2.59429e-27 3.75172e-26 7.37429e-20 1.80772e-14 5.35659e-10 1.91864e-06 0.000830698 0.0434757 0.27504 0.210745 0.0458996 0.201298 0.184955 0.0248287 0.0100442 0.00270849 0.00015639 1.60584e-05 6.81558e-07 2.47116e-08 5.34328e-10 6.54303e-12 3.54604e-14 9.39709e-17
 2.5663e-27 2.59608e-27 3.91139e-26 7.71113e-20 1.89029e-14 5.60127e-10 2.00628e-06 0.000868643 0.0454616 0.287603 0.220328 0.0452901 0.189927 0.174492 0.0235284 0.00971332 0.00262015 0.000149609 1.50928e-05 6.09512e-07 1.97971e-08 3.61038e-10 4.09635e-12 2.26666e-14 4.91313e-17
 2.56668e-27 2.59709e-27 3.99661e-26 7.89091e-20 1.93436e-14 5.73186e-10 2.05305e-06 0.000888894 0.0465215 0.294308 0.22545 0.04538 0.187012 0.171715 0.0214541 0.00568793 0.00149969 7.44551e-05 6.01209e-06 2.33016e-07 7.08069e-09 1.1892e-10 1.1684e-12 5.56279e-15 1.17824e-17
 2.56673e-27 2.59724e-27 4.012e-26 7.92337e-20 1.94232e-14 5.75544e-10 2.0615e-06 0.000892552 0.0467129 0.295519 0.226371 0.0451781 0.184829 0.169739 0.0218111 0.00699696 0.00185749 8.42669e-05 5.55768e-06 1.93785e-07 4.76071e-09 7.4543e-11 6.79793e-13 2.87103e-15 5.20435e-18
 2.56657e-27 2.59678e-27 3.97073e-26 7.83631e-20 1.92098e-14 5.69219e-10 2.03885e-06 0.000882744 0.0461996 0.292272 0.223894 0.0453552 0.187916 0.172576 0.0220795 0.00689549 0.00183141 8.86573e-05 6.75064e-06 2.21824e-07 4.40053e-09 5.82875e-11 4.44699e-13 1.72499e-15 2.83433e-18
 2.56652e-27 2.59663e-27 3.95602e-26 7.80527e-20 1.91337e-14 5.66965e-10 2.03077e-06 0.000879248 0.0460167 0.291114 0.223013 0.0455407 0.189947 0.174414 0.0217688 0.00572572 0.00150541 6.80732e-05 4.44707e-06 1.50723e-07 3.34094e-09 4.07367e-11 2.51024e-13 7.97705e-16 1.13805e-18
 2.56647e-27 2.59649e-27 3.94274e-26 7.77724e-20 1.9065e-14 5.64929e-10 2.02348e-06 0.00087609 0.0458514 0.290069 0.222217 0.0456605 0.191418 0.175752 0.0216476 0.00511353 0.00133376 5.56124e-05 2.84251e-06 8.96893e-08 1.69025e-09 2.11383e-11 1.382e-13 3.83714e-16 4.41248e-19
 2.56415e-27 2.59019e-27 3.38552e-26 6.60176e-20 1.61834e-14 4.79544e-10 1.71764e-06 0.000743674 0.0389212 0.246227 0.188766 0.0472722 0.227186 0.208781 0.0279159 0.0110832 0.0029644 0.000130039 7.78503e-06 2.36933e-07 3.66007e-09 4.05458e-11 2.36243e-13 6.80313e-16 7.70366e-19
#obs catch len freq
 5.96571e-42 8.28001e-34 1.38914e-26 2.81716e-20 6.90592e-15 2.04635e-10 7.3297e-07 0.000317351 0.0166089 0.105074 0.081001 0.0423975 0.227204 0.19186 0.131993 0.127585 0.0520561 0.0193517 0.00405841 0.000469323 2.22345e-05 3.15644e-07 1.01061e-09 5.9359e-13 5.59055e-17
 6.82805e-42 9.47689e-34 1.58994e-26 3.22438e-20 7.90417e-15 2.34215e-10 8.38921e-07 0.000363224 0.0190097 0.120262 0.0927089 0.0460745 0.22945 0.184316 0.129365 0.114789 0.0451663 0.0153121 0.00288407 0.000286781 1.10562e-05 1.20922e-07 2.86839e-10 1.21946e-13 8.20551e-18
 1.03724e-41 1.43963e-33 2.41527e-26 4.89812e-20 1.20072e-14 3.55795e-10 1.2744e-06 0.00055177 0.0288775 0.182689 0.140448 0.048168 0.201759 0.153942 0.109693 0.0888271 0.0331214 0.0100982 0.00167858 0.000140821 4.36982e-06 3.66841e-08 6.44112e-11 1.9812e-14 9.51986e-19
 8.85193e-42 1.22859e-33 2.06122e-26 4.1801e-20 1.0247e-14 3.03638e-10 1.08758e-06 0.000470886 0.0246443 0.15591 0.120337 0.0601857 0.262598 0.18316 0.0952407 0.0668404 0.023343 0.00630009 0.000904141 6.27158e-05 1.53944e-06 9.83392e-09 1.27569e-11 2.84083e-15 9.75784e-20
 1.21392e-41 1.68485e-33 2.82668e-26 5.73244e-20 1.40524e-14 4.16399e-10 1.49147e-06 0.000645756 0.0337963 0.213808 0.164446 0.05406 0.194 0.136108 0.110441 0.0704916 0.0178194 0.00388336 0.000472577 2.65429e-05 5.05711e-07 2.42555e-09 2.3093e-12 3.71736e-16 9.13525e-21
 1.28133e-41 1.77841e-33 2.98365e-26 6.05078e-20 1.48328e-14 4.39522e-10 1.5743e-06 0.000681616 0.0356731 0.225682 0.173828 0.0636236 0.220312 0.137832 0.0773291 0.0466642 0.0152999 0.00282126 0.00024131 1.03992e-05 1.50806e-07 5.34939e-10 3.69909e-13 4.27856e-17 7.50387e-22
 1.17065e-41 1.62478e-33 2.72591e-26 5.5281e-20 1.35515e-14 4.01555e-10 1.4383e-06 0.000622736 0.0325916 0.206188 0.159224 0.069457 0.235054 0.142886 0.0933701 0.047478 0.0109977 0.00196346 0.000160872 4.8762e-06 4.94661e-08 1.26584e-10 6.27923e-14 5.17267e-18 6.43517e-23
 1.45755e-41 2.02298e-33 3.39396e-26 6.88289e-20 1.68726e-14 4.99966e-10 1.7908e-06 0.000775353 0.0405789 0.256718 0.197736 0.0646279 0.184276 0.112114 0.0892896 0.042716 0.0097643 0.00131569 8.35818e-05 2.1911e-06 1.60221e-08 2.75125e-11 9.4186e-15 5.44215e-19 4.76147e-24
 1.67694e-41 2.32748e-33 3.90483e-26 7.91892e-20 1.94123e-14 5.75222e-10 2.06035e-06 0.000892061 0.0466869 0.295361 0.227458 0.0688998 0.175342 0.0946561 0.0576985 0.0258122 0.00636223 0.000788829 3.96215e-05 7.51825e-07 4.23857e-09 5.29013e-12 1.22083e-15 4.73025e-20 2.83046e-25
 1.64255e-41 2.27975e-33 3.82475e-26 7.75651e-20 1.90142e-14 5.63425e-10 2.0181e-06 0.000873766 0.0457294 0.289306 0.223282 0.0771736 0.190474 0.095979 0.0535542 0.0195732 0.00362422 0.000409708 1.89796e-05 2.81236e-07 1.11896e-09 1.00012e-12 1.66153e-16 4.46903e-21 1.80403e-26
 1.55689e-41 2.16087e-33 3.6253e-26 7.35204e-20 1.80227e-14 5.34044e-10 1.91286e-06 0.000828202 0.0433448 0.274223 0.21224 0.0839293 0.199284 0.100148 0.0624707 0.0201731 0.00308991 0.000257946 9.2591e-06 1.15811e-07 3.57587e-10 2.25802e-13 2.59279e-17 4.88542e-22 1.38666e-27
 1.5177e-41 2.10647e-33 3.53405e-26 7.16697e-20 1.7569e-14 5.20601e-10 1.86471e-06 0.000807355 0.0422537 0.267325 0.207445 0.0891901 0.199375 0.101331 0.068291 0.0206749 0.00309005 0.000209281 5.35809e-06 4.76003e-08 1.12129e-10 5.39272e-14 4.46725e-18 5.83795e-23 1.13864e-28
 1.92874e-41 2.67696e-33 4.49116e-26 9.10799e-20 2.23272e-14 6.61595e-10 2.36972e-06 0.00102601 0.0536972 0.339717 0.262234 0.0761131 0.135686 0.0690255 0.047007 0.0134026 0.00196684 0.000119892 2.52406e-06 1.58768e-08 2.52865e-11 8.57317e-15 5.19091e-19 4.94597e-24 6.87391e-30
 1.62192e-41 2.25111e-33 3.77671e-26 7.6591e-20 1.87754e-14 5.56349e-10 1.99275e-06 0.000862792 0.0451551 0.285692 0.222964 0.107371 0.20588 0.0828208 0.0379308 0.00986602 0.001378 7.65257e-05 1.42005e-06 7.17536e-09 8.23962e-12 1.88078e-15 7.65611e-20 5.05157e-25 4.98412e-31
 1.33519e-41 1.85316e-33 3.10906e-26 6.30511e-20 1.54562e-14 4.57996e-10 1.64047e-06 0.000710266 0.0371725 0.235204 0.185711 0.12001 0.225585 0.112708 0.0682752 0.0133156 0.0012477 5.84897e-05 9.4602e-07 4.00422e-09 3.63614e-12 6.12219e-16 1.73185e-20 7.69182e-26 5.09443e-32
 1.21779e-41 1.69022e-33 2.83569e-26 5.75072e-20 1.40972e-14 4.17726e-10 1.49623e-06 0.000647814 0.0339041 0.214538 0.170827 0.124011 0.21998 0.129349 0.0856953 0.0190183 0.00196289 6.46336e-05 7.28425e-07 2.44351e-09 1.77609e-12 2.3246e-16 4.92902e-21 1.58097e-26 7.32373e-33
 1.6361e-41 2.2708e-33 3.80974e-26 7.72608e-20 1.89396e-14 5.61214e-10 2.01018e-06 0.000870338 0.0455501 0.28821 0.226165 0.104668 0.157313 0.0977718 0.0628948 0.014852 0.00164526 5.63662e-05 5.32015e-07 1.20952e-09 6.19101e-13 6.0812e-17 9.78222e-22 2.35261e-27 8.03398e-34
 1.4873e-41 2.06427e-33 3.46325e-26 7.02339e-20 1.7217e-14 5.10172e-10 1.82735e-06 0.00079118 0.0414073 0.262039 0.209591 0.140483 0.202444 0.0888707 0.0433645 0.00990177 0.00106916 3.71143e-05 3.44469e-07 6.84562e-10 2.58048e-13 1.71933e-17 1.91462e-22 3.31241e-28 8.29211e-35
 1.54489e-41 2.1442e-33 3.59734e-26 7.29534e-20 1.78837e-14 5.29926e-10 1.89811e-06 0.000821815 0.0430106 0.272194 0.217682 0.133812 0.178809 0.0989684 0.0468174 0.00726941 0.000594592 1.87057e-05 1.61327e-07 2.9416e-10 9.62258e-14 5.08839e-18 4.10448e-23 4.87963e-29 8.33688e-36
 1.53124e-41 2.12525e-33 3.56556e-26 7.23087e-20 1.77256e-14 5.25243e-10 1.88133e-06 0.000814553 0.0426307 0.269826 0.21817 0.147834 0.182705 0.0915543 0.039553 0.00646984 0.000431608 9.16687e-06 6.1124e-08 9.43494e-11 2.63532e-14 1.16936e-18 7.65377e-24 7.05904e-30 8.91764e-37
 1.64718e-41 2.28618e-33 3.83554e-26 7.7784e-20 1.90678e-14 5.65015e-10 2.02379e-06 0.000876231 0.0458587 0.29027 0.234436 0.143386 0.162204 0.0849474 0.0330761 0.00465865 0.000280322 5.12782e-06 2.42578e-08 2.60785e-11 5.51842e-15 1.94224e-19 1.01715e-24 7.46059e-31 7.3981e-38
 1.59555e-41 2.21452e-33 3.71532e-26 7.53459e-20 1.84701e-14 5.47304e-10 1.96035e-06 0.000848766 0.0444214 0.281241 0.230994 0.161851 0.170147 0.079442 0.027302 0.00356669 0.000181685 2.74441e-06 1.06034e-08 8.48326e-12 1.2365e-15 3.0242e-20 1.15036e-25 6.33624e-32 4.79068e-39
 1.64259e-41 2.27981e-33 3.82486e-26 7.75673e-20 1.90147e-14 5.63441e-10 2.01815e-06 0.000873791 0.0457312 0.289574 0.238807 0.160706 0.158596 0.0788725 0.0241147 0.00261125 0.000111386 1.39062e-06 4.23747e-09 2.62757e-12 2.88635e-16 5.06378e-21 1.33158e-26 5.04333e-33 2.66644e-40
 1.64644e-41 2.28515e-33 3.83381e-26 7.77488e-20 1.90592e-14 5.64759e-10 2.02288e-06 0.000875836 0.0458385 0.290335 0.242565 0.17053 0.155822 0.0720032 0.0199554 0.00200272 7.01702e-05 6.83058e-07 1.61989e-09 7.68365e-13 6.3348e-17 8.25457e-22 1.59115e-27 4.32834e-34 1.60876e-41
 1.68719e-41 2.3417e-33 3.92869e-26 7.96731e-20 1.95309e-14 5.78737e-10 2.07294e-06 0.000897513 0.0469732 0.297596 0.250491 0.172542 0.147411 0.066582 0.0160903 0.00137288 4.07198e-05 3.2214e-07 5.80126e-10 2.042e-13 1.2466e-17 1.19635e-22 1.6864e-28 3.33794e-35 8.99018e-43
 1.67783e-41 2.32872e-33 3.90691e-26 7.92314e-20 1.94226e-14 5.75528e-10 2.06145e-06 0.000892537 0.0467132 0.296082 0.253334 0.181947 0.145283 0.0615031 0.0132283 0.000990521 2.40001e-05 1.50991e-07 2.12275e-10 5.62931e-14 2.51067e-18 1.74031e-23 1.7705e-29 2.53024e-36 4.91461e-44
 1.46909e-41 2.039e-33 3.42085e-26 6.9374e-20 1.70062e-14 5.03926e-10 1.80498e-06 0.000781495 0.0409027 0.2596 0.234719 0.214641 0.167234 0.0684329 0.0128549 0.000816031 1.62478e-05 8.09435e-08 8.68697e-11 1.7309e-14 5.73301e-19 2.90543e-24 2.1297e-30 2.17401e-37 3.00783e-45
 1.499e-41 2.08052e-33 3.4905e-26 7.07866e-20 1.73525e-14 5.14186e-10 1.84173e-06 0.000797407 0.0417352 0.264783 0.235093 0.197448 0.16699 0.078063 0.0142503 0.000824241 1.42391e-05 6.00238e-08 5.37398e-11 8.80007e-15 2.36973e-19 9.72587e-25 5.76327e-31 4.74123e-38 5.26151e-46
 1.55504e-41 2.15829e-33 3.62099e-26 7.34329e-20 1.80012e-14 5.33409e-10 1.91058e-06 0.000827217 0.0432953 0.274642 0.242161 0.194902 0.15833 0.0710334 0.0139304 0.000861818 1.4329e-05 5.45767e-08 4.29807e-11 6.13612e-15 1.43584e-19 5.1048e-25 2.6124e-31 1.85327e-38 1.77348e-46
#spawning biomass
 13913.7 17209.5 19136.6 20909.9 24774.7 31113.6 33550.9 40904 57875.4 76060.6 92865.2 115475 160546 202314 187439 156375 143388 129893 134126 132965 132861 142199 153429 148074 167653 181155 169655 153952 191235 326391 304970 183436 89436.5 48321.5 33124.2 27930.7 26243.2 25714.1 25552.4 25503.9 25489.6 25485.4 25484.2 25483.9 25483.8 25483.8 25483.7 25483.7 25483.7 25483.7 25483.7 25483.7 25483.7 25483.7 25483.7 25483.7 25483.7 25483.7 25483.7 25483.7 25483.7 25483.7 25483.7 25483.7 25483.7 25483.7 25483.7 25483.7 25483.7 25483.7 25483.7 25483.7 25483.7 25483.7 25483.7 25483.7 25483.7 25483.7 25483.7 25483.7 25483.7 25483.7 25483.7 25483.7 25483.7 25483.7 25483.7 25483.7 25483.7 25483.7 25483.7 25483.7 25483.7 25483.7 25483.7 25483.7 25483.7 25483.7 25483.7 25483.7 25483.7 25483.7 25483.7 25483.7 25483.7 25483.7 25483.7 25483.7 25483.7 25483.7 25483.7 25483.7 25483.7 25483.7 25483.7 25483.7 25483.7 25483.7 25483.7 25483.7 25483.7 25483.7 25483.7 25483.7 25483.7 25483.7 25483.7 25483.7 25483.7 0 0 0 0 0 0 0 0 0 0 0 0 0 0 0 0 0 0 0 0 0 0 0 0 0
