SBPRF35
0.819782
Curr Bio
174991
B35
1.54733e+06
F35
0.23307
FOFL
0
OFL
0
Bzero
234224
#pred survey bio
 28038.2 26178.1 21104.7 22838.8 34644 54843.5 76201.1 90794.9 124847 150981 177002 206571 242848 273339 248805 262601 260193 284063 263218 307760 323042 312172 275051 300689 339672 322334 266700 210549 4.08834e+06 6.81051e+06 7.65992e+06 7.41833e+06 6.63381e+06 5.69086e+06 4.8029e+06 4.05865e+06 3.47537e+06 3.03696e+06 2.71607e+06 2.48503e+06 2.32018e+06 2.203e+06 2.11924e+06 2.05702e+06 2.01321e+06 1.98195e+06 1.95934e+06 1.94275e+06 1.93042e+06 1.92113e+06 1.91404e+06 1.90858e+06 1.90433e+06 1.90099e+06 1.89834e+06 1.89623e+06 1.89455e+06 1.89319e+06 1.8921e+06 1.89122e+06 1.8905e+06 1.88991e+06 1.88944e+06 1.88905e+06 1.88874e+06 1.88848e+06 1.88827e+06 1.8881e+06 1.88796e+06 1.88784e+06 1.88775e+06 1.88767e+06 1.88761e+06 1.88756e+06 1.88751e+06 1.88748e+06 1.88745e+06 1.88743e+06 1.88741e+06 1.88739e+06 1.88738e+06 1.88737e+06 1.88736e+06 1.88735e+06 1.88735e+06 1.88734e+06 1.88734e+06 1.88734e+06 1.88733e+06 1.88733e+06 1.88733e+06 1.88733e+06 1.88733e+06 1.88733e+06 1.88733e+06 1.88733e+06 1.88733e+06 1.88733e+06 1.88732e+06 1.88732e+06 1.88732e+06 1.88732e+06 1.88732e+06 1.88732e+06 1.88732e+06 1.88732e+06 1.88732e+06 1.88732e+06 1.88732e+06 1.88732e+06 1.88732e+06 1.88732e+06 1.88732e+06 1.88732e+06 1.88732e+06 1.88732e+06 1.88732e+06 1.88732e+06 1.88732e+06 1.88732e+06 1.88732e+06 1.88732e+06 1.88732e+06 1.88732e+06 1.88732e+06 1.88732e+06 1.88732e+06 1.88732e+06 0 0 0 0 0 0 0 0 0 0 0 0 0 0 0 0 0 0 0 0 0 0 0 0 0
#obs survey bio
 25786.7 16992.7 18361.3 30709.2 32246.5 44668.6 68910.6 91997 93771.2 155944 115309 152794 187916 278593 160714 181594 180617 201659 204082 230991 287058 254874 245204 314802 352158 270069 155544 177239
#pred catch bio
 13591.2 15413.2 11761.5 12028.1 21798.4 36702.4 56070.6 61902.6 90406.3 108575 131490 154489 174237 214858 189911 211398 196435 232894 202629 244267 262174 262961 228318 250789 282198 277809 234542 197468 0 60160.4 67284.4 64398.8 56684 47691 39373.4 32516.5 27240.9 23362.3 20599.5 18675.6 17358.2 16467.3 15868.8 15461 15196.5 15025 14913.8 14841.7 14794.9 14764.6 14744.9 14732.1 14723.8 14718.5 14715 14712.7 14711.3 14710.3 14709.7 14709.3 14709.1 14708.9 14708.8 14708.7 14708.7 14708.6 14708.6 14708.6 14708.6 14708.6 14708.6 14708.6 14708.6 14708.6 14708.6 14708.6 14708.6 14708.6 14708.6 14708.6 14708.6 14708.6 14708.6 14708.6 14708.6 14708.6 14708.6 14708.6 14708.6 14708.6 14708.6 14708.6 14708.6 14708.6 14708.6 14708.6 14708.6 14708.6 14708.6 14708.6 14708.6 14708.6 14708.6 14708.6 14708.6 14708.6 14708.6 14708.6 14708.6 14708.6 14708.6 14708.6 14708.6 14708.6 14708.6 14708.6 14708.6 14708.6 14708.6 14708.6 14708.6 14708.6 14708.6 14708.6 14708.6 14708.6 14708.6 14708.6 0 0 0 0 0 0 0 0 0 0 0 0 0 0 0 0 0 0 0 0 0 0 0 0 0
#obs catch bio
 12522.6 16303.9 15033.9 10068.7 19134.9 33119.7 49799.1 53651.1 82333 89410.8 127549 159709 150758 180795 183597 221284 187288 223523 197077 237282 241788 245149 192157 225403 258478 228269 220254 187314
#pred cpue bio
 21366.9 22449.3 15475.4 15593.1 19073.6 27550 39545.6 44613.8 63272.2 76149.8 93591.8 100964 116539 151795 131352 131659 117853 143853 118934 137962 146694 142279 118516 112092 122150 140191 110809 83203.4 1.03324e+06 6.6823e+06 7.54002e+06 7.29664e+06 6.51204e+06 5.56908e+06 4.68112e+06 3.93687e+06 3.35359e+06 2.91518e+06 2.59429e+06 2.36325e+06 2.19841e+06 2.08122e+06 1.99746e+06 1.93524e+06 1.89143e+06 1.86017e+06 1.83756e+06 1.82097e+06 1.80864e+06 1.79935e+06 1.79227e+06 1.7868e+06 1.78255e+06 1.77921e+06 1.77656e+06 1.77446e+06 1.77277e+06 1.77142e+06 1.77032e+06 1.76944e+06 1.76872e+06 1.76814e+06 1.76766e+06 1.76728e+06 1.76696e+06 1.7667e+06 1.76649e+06 1.76632e+06 1.76618e+06 1.76606e+06 1.76597e+06 1.76589e+06 1.76583e+06 1.76578e+06 1.76574e+06 1.7657e+06 1.76567e+06 1.76565e+06 1.76563e+06 1.76562e+06 1.7656e+06 1.76559e+06 1.76558e+06 1.76558e+06 1.76557e+06 1.76557e+06 1.76556e+06 1.76556e+06 1.76556e+06 1.76556e+06 1.76555e+06 1.76555e+06 1.76555e+06 1.76555e+06 1.76555e+06 1.76555e+06 1.76555e+06 1.76555e+06 1.76555e+06 1.76555e+06 1.76555e+06 1.76555e+06 1.76555e+06 1.76555e+06 1.76555e+06 1.76555e+06 1.76555e+06 1.76555e+06 1.76555e+06 1.76555e+06 1.76555e+06 1.76555e+06 1.76555e+06 1.76555e+06 1.76555e+06 1.76555e+06 1.76555e+06 1.76555e+06 1.76555e+06 1.76555e+06 1.76555e+06 1.76555e+06 1.76555e+06 1.76555e+06 1.76555e+06 1.76555e+06 1.76555e+06 1.76555e+06 0 0 0 0 0 0 0 0 0 0 0 0 0 0 0 0 0 0 0 0 0 0 0 0 0
#obs cpue bio
 21179.3 18740.8 16848.4 14273.8 29060.3 50047.9 71187.4 72004.2 129625 151928 154952 135188 234297 356180 199389 188823 178671 271817 161065 214292 239920 243285 262015 163834 169831 365651 227156 129092
#pred surv len freq
 1.20067e-11 1.30321e-09 8.34055e-08 3.14747e-06 7.00353e-05 0.000918911 0.00711027 0.0324668 0.0877779 0.142877 0.151151 0.133043 0.127609 0.113603 0.078439 0.046655 0.0277856 0.0167177 0.0103485 0.00686522 0.00499302 0.00402953 0.00341538 0.00260648 0.00151459
 7.779e-12 8.44336e-10 5.40374e-08 2.03921e-06 4.53755e-05 0.000595385 0.00460801 0.0210665 0.057305 0.0960909 0.114773 0.133856 0.16317 0.157254 0.109392 0.0634628 0.0356683 0.0192576 0.0100251 0.00531622 0.00303571 0.00197655 0.00145337 0.00104425 0.000601703
 1.27162e-11 1.38023e-09 8.83343e-08 3.33346e-06 7.41739e-05 0.000973205 0.00753009 0.034377 0.09285 0.150389 0.155649 0.128557 0.115479 0.103992 0.0797664 0.055802 0.0359984 0.0200199 0.00985446 0.00454589 0.00205515 0.000992231 0.00055916 0.000345197 0.000187589
 1.33308e-11 1.44693e-09 9.26031e-08 3.49456e-06 7.77585e-05 0.00102024 0.00789426 0.0360447 0.0974248 0.158366 0.166523 0.143864 0.134081 0.114391 0.0711307 0.0342559 0.0166022 0.00916286 0.00503921 0.00243803 0.00102073 0.000394433 0.000158443 7.26082e-05 3.37427e-05
 1.63803e-11 1.77792e-09 1.13787e-07 4.29396e-06 9.5546e-05 0.00125361 0.00969922 0.0442689 0.119419 0.192225 0.1933 0.144844 0.111344 0.086823 0.053038 0.0251514 0.0108556 0.00451688 0.0018376 0.000790707 0.000340175 0.000129534 4.32275e-05 1.40587e-05 4.8146e-06
 1.69143e-11 1.83589e-09 1.17496e-07 4.43395e-06 9.86609e-05 0.00129448 0.0100155 0.0457129 0.123322 0.198573 0.199974 0.150481 0.1157 0.087554 0.0476348 0.0160201 0.00320766 0.00037942 2.64729e-05 1.08918e-06 2.64243e-08 3.77993e-10 3.18823e-12 1.5857e-14 4.65396e-17
 1.65664e-11 1.79812e-09 1.1508e-07 4.34274e-06 9.66315e-05 0.00126785 0.00980954 0.0447749 0.120817 0.194741 0.197067 0.150783 0.11896 0.091275 0.0498426 0.0167755 0.00335944 0.000397386 2.77266e-05 1.14076e-06 2.76757e-08 3.95893e-10 3.33921e-12 1.66078e-14 4.87025e-17
 1.71389e-11 1.86026e-09 1.19057e-07 4.49283e-06 9.9971e-05 0.00131166 0.0101484 0.0463184 0.12494 0.201046 0.201851 0.150287 0.113595 0.085152 0.0462096 0.0155324 0.00310968 0.000367823 2.56636e-05 1.05589e-06 2.56165e-08 3.66437e-10 3.09076e-12 1.53721e-14 4.50788e-17
 1.68219e-11 1.82585e-09 1.16854e-07 4.40972e-06 9.81218e-05 0.0012874 0.00996075 0.0454637 0.122657 0.197555 0.199202 0.150561 0.116566 0.0885426 0.0482214 0.0162208 0.00324798 0.000384193 2.6806e-05 1.10289e-06 2.67568e-08 3.82748e-10 3.22834e-12 1.60564e-14 4.70854e-17
 1.68724e-11 1.83133e-09 1.17205e-07 4.42296e-06 9.84164e-05 0.00129127 0.00999065 0.0455999 0.123021 0.198111 0.199624 0.150518 0.116093 0.0880023 0.0479008 0.0161111 0.00322594 0.000381585 2.6624e-05 1.0954e-06 2.65751e-08 3.80149e-10 3.20642e-12 1.59473e-14 4.67657e-17
 1.6357e-11 1.77539e-09 1.13625e-07 4.28785e-06 9.54101e-05 0.00125183 0.0096856 0.0442103 0.119309 0.192434 0.195317 0.150965 0.120923 0.0935145 0.0511714 0.0172302 0.00345079 0.000408199 2.84811e-05 1.17181e-06 2.84289e-08 4.06667e-10 3.43009e-12 1.70598e-14 5.00279e-17
 1.71917e-11 1.86599e-09 1.19423e-07 4.50666e-06 0.000100279 0.0013157 0.0101796 0.0464607 0.12532 0.201627 0.202292 0.150241 0.113101 0.0845877 0.0458748 0.0154178 0.00308666 0.000365099 2.54735e-05 1.04806e-06 2.54267e-08 3.63722e-10 3.06786e-12 1.52582e-14 4.47449e-17
 1.737e-11 1.88534e-09 1.20662e-07 4.55339e-06 0.000101319 0.00132935 0.0102851 0.0469414 0.126604 0.203591 0.203781 0.150086 0.11143 0.0826809 0.0447434 0.0150307 0.00300888 0.000355892 2.48311e-05 1.02163e-06 2.47855e-08 3.54549e-10 2.99049e-12 1.48734e-14 4.36164e-17
 1.57718e-11 1.71188e-09 1.0956e-07 4.13446e-06 9.1997e-05 0.00120705 0.00933929 0.0426327 0.115095 0.18599 0.190428 0.151472 0.126406 0.0997725 0.0548845 0.0185008 0.00370606 0.000438413 3.05895e-05 1.25856e-06 3.05335e-08 4.36773e-10 3.68402e-12 1.83227e-14 5.37315e-17
 1.63748e-11 1.77733e-09 1.13749e-07 4.29253e-06 9.55142e-05 0.00125319 0.00969616 0.0442584 0.119437 0.192631 0.195467 0.150949 0.120755 0.0933237 0.0510582 0.0171915 0.00344301 0.000407278 2.84168e-05 1.16916e-06 2.83647e-08 4.05749e-10 3.42234e-12 1.70213e-14 4.9915e-17
 1.69344e-11 1.83807e-09 1.17636e-07 4.43922e-06 9.87782e-05 0.00129602 0.0100274 0.0457671 0.123467 0.198794 0.200142 0.150464 0.115511 0.087339 0.0475073 0.0159764 0.00319889 0.000378382 2.64005e-05 1.0862e-06 2.6352e-08 3.76958e-10 3.1795e-12 1.58135e-14 4.63732e-17
 1.78959e-11 1.94243e-09 1.24315e-07 4.69127e-06 0.000104386 0.00136959 0.0105964 0.0483594 0.130391 0.209384 0.208176 0.14963 0.106501 0.0770561 0.041406 0.0138887 0.00277944 0.000328735 2.2936e-05 9.43658e-07 2.28938e-08 3.27489e-10 2.76225e-12 1.37382e-14 4.02875e-17
 1.68299e-11 1.82672e-09 1.1691e-07 4.41182e-06 9.81686e-05 0.00128802 0.0099655 0.0454853 0.122715 0.197643 0.199269 0.150555 0.116491 0.0884568 0.0481705 0.0162034 0.00324448 0.000383779 2.67771e-05 1.1017e-06 2.67279e-08 3.82336e-10 3.22486e-12 1.60391e-14 4.70347e-17
 1.79169e-11 1.94471e-09 1.24461e-07 4.69677e-06 0.000104509 0.0013712 0.0106088 0.048416 0.130543 0.209615 0.208351 0.149612 0.106305 0.0768315 0.0412727 0.0138431 0.00277028 0.00032765 2.28603e-05 9.40545e-07 2.28182e-08 3.26409e-10 2.75313e-12 1.36929e-14 4.01546e-17
 1.79848e-11 1.95208e-09 1.24933e-07 4.71458e-06 0.000104905 0.0013764 0.0106491 0.0485991 0.131032 0.210363 0.208919 0.149553 0.105668 0.076105 0.0408417 0.0136956 0.00274064 0.000324142 2.26156e-05 9.30474e-07 2.25739e-08 3.22914e-10 2.72365e-12 1.35463e-14 3.97246e-17
 1.78738e-11 1.94003e-09 1.24161e-07 4.68547e-06 0.000104257 0.0013679 0.0105833 0.0482997 0.130232 0.20914 0.207991 0.149649 0.106709 0.0772927 0.0415464 0.0139367 0.00278909 0.000329877 2.30157e-05 9.46938e-07 2.29733e-08 3.28627e-10 2.77185e-12 1.3786e-14 4.04275e-17
 1.78418e-11 1.93655e-09 1.23939e-07 4.67707e-06 0.000104071 0.00136545 0.0105644 0.0482134 0.130001 0.208788 0.207723 0.149677 0.107009 0.0776351 0.0417496 0.0140062 0.00280306 0.00033153 2.31311e-05 9.51685e-07 2.30885e-08 3.30275e-10 2.78574e-12 1.38551e-14 4.06302e-17
 1.83108e-11 1.98746e-09 1.27197e-07 4.80002e-06 0.000106806 0.00140134 0.010842 0.0494779 0.133379 0.213953 0.211642 0.149271 0.102614 0.0726192 0.0387734 0.0129879 0.00259845 0.000307312 2.14411e-05 8.82153e-07 2.14016e-08 3.06144e-10 2.58221e-12 1.28428e-14 3.76617e-17
 1.93405e-11 2.09922e-09 1.3435e-07 5.06995e-06 0.000112813 0.00148014 0.0114514 0.0522541 0.140794 0.225294 0.220246 0.148378 0.0929642 0.0616066 0.0322393 0.010752 0.00214924 0.000254142 1.77308e-05 7.29495e-07 1.7698e-08 2.53165e-10 2.13535e-12 1.06203e-14 3.11442e-17
 1.95621e-11 2.12327e-09 1.35889e-07 5.12804e-06 0.000114105 0.0014971 0.0115825 0.0528515 0.14239 0.227735 0.222097 0.148186 0.0908879 0.0592369 0.0308333 0.0102709 0.00205258 0.000242701 1.69325e-05 6.96646e-07 1.69011e-08 2.41765e-10 2.0392e-12 1.01421e-14 2.97418e-17
 1.82358e-11 1.97932e-09 1.26676e-07 4.78037e-06 0.000106369 0.0013956 0.0107976 0.0492758 0.132839 0.213128 0.211016 0.149336 0.103316 0.0734209 0.0392491 0.0131506 0.00263116 0.000311183 2.17112e-05 8.93266e-07 2.16712e-08 3.10001e-10 2.61474e-12 1.30046e-14 3.81361e-17
 1.85924e-11 2.01803e-09 1.29153e-07 4.87385e-06 0.000108449 0.00142289 0.0110086 0.0502372 0.135407 0.217055 0.213995 0.149026 0.0999744 0.0696071 0.0369863 0.0123763 0.00247559 0.00029277 2.04263e-05 8.404e-07 2.03886e-08 2.91654e-10 2.45999e-12 1.22349e-14 3.5879e-17
 1.8954e-11 2.05728e-09 1.31665e-07 4.96864e-06 0.000110558 0.00145057 0.0112227 0.0512121 0.138011 0.221038 0.217017 0.148713 0.0965859 0.0657398 0.0346917 0.0115912 0.00231784 0.000274098 1.91234e-05 7.86791e-07 1.9088e-08 2.73049e-10 2.30307e-12 1.14545e-14 3.35903e-17
#obs surv len freq
 3.62202e-11 3.35676e-09 1.83433e-07 5.91046e-06 0.000112294 0.00125806 0.00831281 0.0324345 0.0751926 0.106948 0.107545 0.108423 0.125508 0.131642 0.118023 0.0907515 0.0552221 0.0256054 0.00939474 0.00281015 0.000670762 0.000122039 1.61541e-05 1.49203e-06 9.28685e-08
 2.01337e-11 1.79966e-09 9.48517e-08 2.94774e-06 5.40175e-05 0.000583767 0.00372324 0.014069 0.0321407 0.0488311 0.0662463 0.103084 0.148377 0.17034 0.163487 0.128302 0.0749475 0.0318658 0.010446 0.00278749 0.000600212 9.9348e-05 1.20122e-05 1.01597e-06 5.80263e-08
 1.48791e-10 1.28055e-08 6.4983e-07 1.94443e-05 0.000343061 0.00356895 0.0218932 0.0792016 0.169091 0.213852 0.163627 0.0851844 0.0489277 0.050972 0.059885 0.0527928 0.0317568 0.0133821 0.00422393 0.00104382 0.000201379 2.95165e-05 3.17403e-06 2.40857e-07 1.24308e-08
 1.19814e-10 9.9122e-09 4.83527e-07 1.39079e-05 0.000235882 0.00235916 0.0139195 0.0485551 0.101277 0.133572 0.137496 0.152749 0.165133 0.128738 0.0682696 0.0286 0.0118666 0.00492557 0.00173013 0.000458909 8.80925e-05 1.20822e-05 1.17169e-06 7.8937e-08 3.61107e-09
 2.03089e-10 1.61261e-08 7.55027e-07 2.0844e-05 0.000339306 0.00325691 0.0184375 0.0616162 0.122168 0.147496 0.12233 0.0990193 0.101631 0.108708 0.101009 0.0703356 0.0323661 0.00931648 0.00170171 0.000219259 2.45323e-05 2.62902e-06 2.32227e-07 1.45424e-08 6.07365e-10
 3.22108e-10 2.45132e-08 1.09999e-06 2.91046e-05 0.000454075 0.0041774 0.0226677 0.0726463 0.138476 0.162682 0.137147 0.11755 0.113215 0.0963609 0.0685132 0.0405555 0.0182263 0.00578704 0.00128641 0.000201278 2.19346e-05 1.65912e-06 9.05294e-08 3.79817e-09 1.23668e-10
 3.96159e-10 2.88559e-08 1.23933e-06 3.13853e-05 0.000468663 0.00412689 0.021438 0.0658348 0.120825 0.139826 0.125446 0.123481 0.128557 0.113309 0.0826018 0.0478642 0.0196889 0.00537206 0.000984054 0.000129437 1.30252e-05 9.96767e-07 5.4622e-08 2.03304e-09 5.03427e-11
 6.29686e-10 4.3843e-08 1.79996e-06 4.35727e-05 0.000621956 0.00523514 0.0259943 0.0762839 0.133619 0.146698 0.122669 0.112423 0.115092 0.10588 0.0817192 0.0482281 0.0194231 0.00507887 0.000874858 0.000104493 9.10399e-06 5.88335e-07 2.77977e-08 9.3647e-10 2.18297e-11
 9.2724e-10 6.16396e-08 2.4161e-06 5.58415e-05 0.000761021 0.00611606 0.0289995 0.0813266 0.136636 0.146341 0.125439 0.120501 0.120475 0.102415 0.0721268 0.0394174 0.014958 0.0037318 0.000619332 7.15878e-05 5.98197e-06 3.61401e-07 1.54195e-08 4.54792e-10 9.14447e-12
 1.11832e-09 7.08984e-08 2.6503e-06 5.84177e-05 0.000759269 0.00581991 0.02633 0.0705976 0.114558 0.123861 0.119417 0.132099 0.138632 0.11958 0.0841044 0.0443914 0.0157099 0.00352589 0.000502843 4.76139e-05 3.20334e-06 1.61098e-07 6.03791e-09 1.6193e-10 2.97992e-12
 1.84959e-09 1.11711e-07 3.97834e-06 8.35409e-05 0.00103442 0.00755359 0.0325514 0.0830807 0.127897 0.12934 0.113564 0.117409 0.124608 0.114617 0.0847295 0.0446464 0.0152 0.00321758 0.00042567 3.64573e-05 2.13332e-06 8.93563e-08 2.71287e-09 5.87678e-11 8.90157e-13
 2.94736e-09 1.69424e-07 5.74258e-06 0.00011477 0.00135255 0.00940052 0.038565 0.0937909 0.138213 0.1363 0.120937 0.124028 0.122462 0.101224 0.0676078 0.0329588 0.0105881 0.00214926 0.000277752 2.37211e-05 1.39845e-06 5.80548e-08 1.67563e-09 3.28452e-11 4.30973e-13
 3.61647e-09 1.97676e-07 6.37108e-06 0.000121077 0.00135684 0.00896877 0.0350182 0.0813525 0.116553 0.119528 0.122787 0.139935 0.140046 0.114078 0.073803 0.0341245 0.0102036 0.00188663 0.000215015 1.54985e-05 7.43095e-07 2.51598e-08 6.22112e-10 1.10854e-11 1.36992e-13
 5.01721e-09 2.6055e-07 7.97828e-06 0.000144053 0.00153375 0.00963282 0.035748 0.079062 0.108652 0.109814 0.115653 0.136211 0.143713 0.12528 0.0836298 0.0379798 0.0108381 0.00188621 0.000200259 1.32472e-05 5.68123e-07 1.65956e-08 3.41912e-10 4.97653e-12 5.01881e-14
 8.0441e-09 3.96583e-07 1.15286e-05 0.000197614 0.00199748 0.0119105 0.0419734 0.0882441 0.115813 0.113457 0.117593 0.135178 0.138574 0.117044 0.0749847 0.0324856 0.00887056 0.00149701 0.00015818 1.08261e-05 4.99511e-07 1.58767e-08 3.44203e-10 4.95971e-12 4.65902e-14
 1.38839e-08 6.49373e-07 1.79088e-05 0.000291228 0.00279271 0.0157982 0.0528191 0.105359 0.131193 0.12184 0.11945 0.129972 0.126355 0.100999 0.0609389 0.0247616 0.00631799 0.000991048 9.65663e-05 6.04324e-06 2.54742e-07 7.52198e-09 1.56524e-10 2.24186e-12 2.14589e-14
 1.75826e-08 7.79711e-07 2.0388e-05 0.00031435 0.00285832 0.0153371 0.0487217 0.0931121 0.115207 0.117671 0.133345 0.149316 0.137556 0.101905 0.0570483 0.0216113 0.00515084 0.000753758 6.8194e-05 3.92757e-06 1.50534e-07 3.99904e-09 7.45863e-11 9.60871e-13 8.3472e-15
 2.67015e-08 1.1221e-06 2.78046e-05 0.000406259 0.00350064 0.0178009 0.0535953 0.0971223 0.114173 0.111689 0.123949 0.141481 0.138487 0.108391 0.0610989 0.0224158 0.00508912 0.000707496 6.11111e-05 3.39045e-06 1.26048e-07 3.23668e-09 5.74217e-11 6.89009e-13 5.47475e-15
 4.0353e-08 1.60633e-06 3.77039e-05 0.000521847 0.00425971 0.0205246 0.0586257 0.101364 0.116331 0.116712 0.132438 0.145563 0.133105 0.0969518 0.0512451 0.0178304 0.00390239 0.000536868 4.76872e-05 2.83695e-06 1.15635e-07 3.20962e-09 5.92368e-11 7.11944e-13 5.51827e-15
 5.83016e-08 2.19768e-06 4.88472e-05 0.000640216 0.00494903 0.0225887 0.0612027 0.101006 0.113363 0.116541 0.135506 0.148247 0.13395 0.0950211 0.0478158 0.0155579 0.0031376 0.000390951 3.08142e-05 1.60443e-06 5.7858e-08 1.47907e-09 2.64511e-11 3.20569e-13 2.55596e-15
 8.00324e-08 2.85609e-06 6.00998e-05 0.000745751 0.0054584 0.0236012 0.0607217 0.0962002 0.107797 0.117481 0.141912 0.154223 0.136589 0.0936577 0.0448443 0.0137631 0.00261111 0.000306095 2.26989e-05 1.10743e-06 3.6957e-08 8.57606e-10 1.36869e-11 1.47122e-13 1.04852e-15
 1.39356e-07 4.70751e-06 9.37671e-05 0.00110135 0.00763029 0.0312234 0.0759618 0.11334 0.117896 0.117306 0.13295 0.141561 0.124777 0.0838824 0.038626 0.0113258 0.00206556 0.000236792 1.76072e-05 8.80897e-07 3.02491e-08 7.0749e-10 1.10242e-11 1.12373e-13 7.42528e-16
 1.94762e-07 6.22731e-06 0.000117407 0.00130533 0.0085618 0.033198 0.0768466 0.111091 0.118741 0.128989 0.148528 0.146622 0.116012 0.0704961 0.0298279 0.00811826 0.00138016 0.000147766 1.02902e-05 4.85469e-07 1.59163e-08 3.60964e-10 5.53005e-12 5.58805e-14 3.66046e-16
 2.79099e-07 8.44667e-06 0.000150734 0.00158628 0.00984927 0.0361673 0.0794385 0.109864 0.115212 0.126249 0.146638 0.147321 0.118789 0.0713763 0.0288156 0.00729378 0.00112732 0.000106515 6.28412e-06 2.4082e-07 6.29823e-09 1.16515e-10 1.52638e-12 1.37964e-14 8.34291e-17
 3.61124e-07 1.03452e-05 0.000174753 0.00174094 0.0102361 0.0356453 0.0747466 0.101459 0.112198 0.134061 0.157986 0.153664 0.118227 0.0672163 0.025562 0.0060961 0.000891498 8.0348e-05 4.56984e-06 1.69927e-07 4.26724e-09 7.31962e-11 8.47518e-13 6.50221e-15 3.26829e-17
 5.00871e-07 1.35832e-05 0.000217214 0.00204861 0.0114052 0.0376389 0.0750804 0.0983929 0.108796 0.132357 0.157745 0.156275 0.121375 0.0676174 0.0246187 0.00557243 0.000774839 6.70221e-05 3.71367e-06 1.36647e-07 3.42151e-09 5.82385e-11 6.60809e-13 4.89628e-15 2.3386e-17
 5.58597e-07 1.43425e-05 0.000217158 0.00193952 0.010234 0.0321351 0.0620542 0.0837951 0.106194 0.144714 0.174331 0.167382 0.12409 0.0652583 0.0222734 0.00470724 0.000609067 4.8822e-05 2.49565e-06 8.45449e-08 1.95788e-09 3.11813e-11 3.35745e-13 2.38865e-15 1.103e-17
 8.12094e-07 1.97439e-05 0.000283065 0.00239392 0.0119612 0.0355654 0.0650328 0.0832019 0.10082 0.13572 0.169015 0.171405 0.130442 0.0673159 0.021902 0.00435336 0.000526346 3.92343e-05 1.85432e-06 5.76803e-08 1.21896e-09 1.76614e-11 1.73042e-13 1.12284e-15 4.74841e-18
#pred catch len freq
 2.60129e-13 2.82347e-11 1.80706e-09 6.82021e-08 1.51862e-06 1.99947e-05 0.000157454 0.000782783 0.00299222 0.0119311 0.0455312 0.122496 0.205117 0.213969 0.15266 0.0912579 0.0543534 0.0326941 0.0202355 0.0134235 0.00976267 0.00787878 0.00667795 0.00509633 0.00296141
 1.34976e-13 1.46505e-11 9.37679e-10 3.53949e-08 7.88688e-07 1.04222e-05 8.35695e-05 0.000449737 0.0021511 0.01104 0.0468133 0.129166 0.21722 0.226097 0.159648 0.0927916 0.0521322 0.0281371 0.0146453 0.0077657 0.00443433 0.00288718 0.00212296 0.00152536 0.000878917
 3.51959e-13 3.82019e-11 2.44496e-09 9.22734e-08 2.05414e-06 2.7014e-05 0.00021149 0.00102307 0.00355343 0.012134 0.042473 0.112006 0.189141 0.205866 0.164088 0.115367 0.0744198 0.0413768 0.0203643 0.00939347 0.00424657 0.00205024 0.00115539 0.000713278 0.000387613
 3.96103e-13 4.29934e-11 2.75163e-09 1.03849e-07 2.31198e-06 3.04158e-05 0.000238551 0.00116385 0.00417013 0.0150365 0.0543171 0.14363 0.237395 0.239199 0.154101 0.0746526 0.036175 0.0199531 0.010971 0.00530758 0.00222208 0.000858658 0.000344922 0.000158063 7.34557e-05
 6.62671e-12 7.19265e-10 4.60329e-08 1.73715e-06 3.86544e-05 0.000507215 0.00392635 0.0179673 0.0491095 0.0842298 0.109095 0.145825 0.191272 0.18324 0.1174 0.0561005 0.0241983 0.0100571 0.00408954 0.00175942 0.000756896 0.000288213 9.61808e-05 3.12806e-05 1.07124e-05
 1.05542e-11 1.14555e-09 7.33154e-08 2.7667e-06 6.15631e-05 0.000807773 0.00625122 0.0285654 0.0775208 0.128523 0.146833 0.155996 0.1753 0.155574 0.0879934 0.0298301 0.00598223 0.000707832 4.93899e-05 2.03209e-06 4.92999e-08 7.05222e-10 5.94828e-12 2.95845e-14 8.68286e-17
 1.19008e-11 1.29172e-09 8.267e-08 3.11971e-06 6.9418e-05 0.000910825 0.00704824 0.0321961 0.0872186 0.143355 0.158085 0.154828 0.162681 0.141172 0.0794481 0.0269061 0.00539476 0.000638296 4.45376e-05 1.83244e-06 4.44563e-08 6.35936e-10 5.36388e-12 2.66776e-14 7.82324e-17
 1.14729e-11 1.24527e-09 7.9697e-08 3.00752e-06 6.69216e-05 0.000878074 0.00679494 0.0310423 0.0841366 0.138641 0.154509 0.155199 0.166691 0.145749 0.0821639 0.0278354 0.00558146 0.000660395 4.60797e-05 1.89589e-06 4.59956e-08 6.57955e-10 5.54961e-12 2.76014e-14 8.09412e-17
 1.20654e-11 1.30958e-09 8.38129e-08 3.16284e-06 7.03777e-05 0.000923415 0.00714562 0.0326397 0.0884034 0.145167 0.159459 0.154685 0.161139 0.139412 0.0784041 0.0265488 0.00532298 0.000629801 4.39447e-05 1.80805e-06 4.38646e-08 6.27471e-10 5.29248e-12 2.63225e-14 7.7191e-17
 1.20247e-11 1.30516e-09 8.35301e-08 3.15217e-06 7.01402e-05 0.0009203 0.00712152 0.0325299 0.0881102 0.144719 0.159119 0.154721 0.16152 0.139848 0.0786624 0.0266372 0.00534074 0.000631903 4.40914e-05 1.81408e-06 4.4011e-08 6.29566e-10 5.31015e-12 2.64104e-14 7.74487e-17
 1.17049e-11 1.27046e-09 8.13091e-08 3.06836e-06 6.82752e-05 0.000895833 0.00693229 0.0316679 0.0858077 0.141197 0.156448 0.154998 0.164516 0.143267 0.0806913 0.0273315 0.00548022 0.000648412 4.52435e-05 1.86148e-06 4.5161e-08 6.46016e-10 5.4489e-12 2.71005e-14 7.94724e-17
 1.33465e-11 1.44864e-09 9.27127e-08 3.49869e-06 7.78506e-05 0.00102146 0.00790388 0.0360939 0.0976296 0.159278 0.170164 0.153575 0.149133 0.12571 0.0702743 0.0237669 0.00476408 0.000563646 3.93284e-05 1.61811e-06 3.92565e-08 5.61554e-10 4.7365e-12 2.35573e-14 6.9082e-17
 1.29453e-11 1.40509e-09 8.99257e-08 3.39352e-06 7.55104e-05 0.000990754 0.00766642 0.0350122 0.0947404 0.154859 0.166812 0.153922 0.152893 0.130001 0.0728202 0.0246381 0.0049391 0.000584363 4.0774e-05 1.67759e-06 4.06996e-08 5.82197e-10 4.91061e-12 2.44233e-14 7.16214e-17
 1.18406e-11 1.28518e-09 8.22514e-08 3.10392e-06 6.90665e-05 0.000906213 0.00701257 0.0320337 0.0867846 0.142691 0.157581 0.15488 0.163245 0.141816 0.0798305 0.0270369 0.00542105 0.000641408 4.47547e-05 1.84137e-06 4.46731e-08 6.39036e-10 5.39003e-12 2.68077e-14 7.86138e-17
 1.22832e-11 1.33323e-09 8.53264e-08 3.21996e-06 7.16485e-05 0.000940088 0.00727456 0.0332271 0.0899724 0.147567 0.16128 0.154497 0.159097 0.137082 0.0770216 0.0260757 0.00522794 0.000618551 4.31597e-05 1.77575e-06 4.30809e-08 6.16261e-10 5.19793e-12 2.58523e-14 7.58121e-17
 1.41259e-11 1.53323e-09 9.81267e-08 3.703e-06 8.23966e-05 0.0010811 0.00836516 0.0381952 0.103242 0.167862 0.176676 0.152899 0.14183 0.117375 0.0653287 0.0220746 0.00442407 0.000523402 3.65201e-05 1.50257e-06 3.64533e-08 5.21455e-10 4.39828e-12 2.18751e-14 6.4149e-17
 1.47121e-11 1.59686e-09 1.02199e-07 3.85667e-06 8.58159e-05 0.00112596 0.0087121 0.0397756 0.107464 0.174318 0.181574 0.152391 0.136336 0.111106 0.0616089 0.0208018 0.00416835 0.000493132 3.44079e-05 1.41566e-06 3.43449e-08 4.91295e-10 4.14389e-12 2.06099e-14 6.04388e-17
 1.42505e-11 1.54676e-09 9.89925e-08 3.73567e-06 8.31236e-05 0.00109064 0.00843892 0.0385312 0.10414 0.169234 0.177717 0.152791 0.140662 0.116042 0.0645378 0.021804 0.00436971 0.000516966 3.6071e-05 1.48409e-06 3.60051e-08 5.15043e-10 4.34419e-12 2.16062e-14 6.33602e-17
 1.50204e-11 1.63032e-09 1.0434e-07 3.93749e-06 8.76142e-05 0.00114955 0.00889457 0.0406068 0.109684 0.177714 0.18415 0.152123 0.133447 0.107808 0.0596525 0.0201323 0.00403385 0.000477213 3.3297e-05 1.36995e-06 3.3236e-08 4.75432e-10 4.01009e-12 1.99445e-14 5.84874e-17
 1.55316e-11 1.68581e-09 1.07892e-07 4.07149e-06 9.0596e-05 0.00118867 0.00919713 0.0419851 0.113365 0.183344 0.188421 0.15168 0.128657 0.102341 0.0564086 0.0190223 0.00381084 0.000450816 3.1455e-05 1.29417e-06 3.13974e-08 4.49131e-10 3.78825e-12 1.88411e-14 5.52518e-17
 1.56471e-11 1.69834e-09 1.08693e-07 4.10175e-06 9.12692e-05 0.0011975 0.00926544 0.0422963 0.114196 0.184615 0.189386 0.15158 0.127575 0.101107 0.0556762 0.0187717 0.00376049 0.000444856 3.10391e-05 1.27705e-06 3.09822e-08 4.43192e-10 3.73816e-12 1.8592e-14 5.45212e-17
 1.60537e-11 1.74247e-09 1.11518e-07 4.20834e-06 9.36409e-05 0.00122862 0.00950609 0.0433925 0.117125 0.189094 0.192783 0.151228 0.123765 0.0967583 0.0530961 0.0178888 0.00358311 0.000423861 2.9574e-05 1.21677e-06 2.95198e-08 4.22273e-10 3.56171e-12 1.77144e-14 5.19477e-17
 1.65348e-11 1.79469e-09 1.1486e-07 4.33447e-06 9.64474e-05 0.00126544 0.00979086 0.0446897 0.12059 0.194393 0.196803 0.15081 0.119256 0.0916126 0.0500429 0.0168441 0.00337321 0.000399016 2.78403e-05 1.14544e-06 2.77892e-08 3.97518e-10 3.35291e-12 1.66759e-14 4.89023e-17
 1.79898e-11 1.95262e-09 1.24968e-07 4.71589e-06 0.000104934 0.00137678 0.010652 0.0486126 0.131068 0.210418 0.208961 0.149549 0.105621 0.0760515 0.04081 0.0136847 0.00273846 0.000323884 2.25976e-05 9.29733e-07 2.25559e-08 3.22657e-10 2.72149e-12 1.35355e-14 3.9693e-17
 1.82567e-11 1.98159e-09 1.26821e-07 4.78585e-06 0.000106491 0.0013972 0.01081 0.0493321 0.132989 0.213358 0.21119 0.149317 0.10312 0.0731975 0.0391166 0.0131053 0.00262204 0.000310104 2.1636e-05 8.9017e-07 2.15961e-08 3.08926e-10 2.60568e-12 1.29595e-14 3.80039e-17
 1.68324e-11 1.827e-09 1.16928e-07 4.41249e-06 9.81834e-05 0.00128821 0.009967 0.0454922 0.122733 0.197671 0.19929 0.150552 0.116467 0.0884296 0.0481544 0.0161979 0.00324337 0.000383648 2.67679e-05 1.10132e-06 2.67188e-08 3.82205e-10 3.22376e-12 1.60336e-14 4.70186e-17
 1.74841e-11 1.89774e-09 1.21455e-07 4.58333e-06 0.000101985 0.00133808 0.0103527 0.0472492 0.127426 0.204849 0.204735 0.149987 0.11036 0.0814598 0.0440189 0.0147828 0.00295907 0.000349996 2.44197e-05 1.0047e-06 2.43748e-08 3.48674e-10 2.94094e-12 1.4627e-14 4.28937e-17
 1.84501e-11 2.00258e-09 1.28165e-07 4.83654e-06 0.000107619 0.001412 0.0109244 0.0498535 0.134382 0.215488 0.212806 0.14915 0.101308 0.0711293 0.0378894 0.0126854 0.00253768 0.000300119 2.09392e-05 8.615e-07 2.09005e-08 2.98977e-10 2.52176e-12 1.25421e-14 3.67799e-17
#obs catch len freq
 3.39795e-11 3.1491e-09 1.72085e-07 5.54482e-06 0.000105347 0.00118023 0.0077987 0.0304311 0.0705792 0.100611 0.102119 0.10508 0.124072 0.132939 0.122637 0.0969821 0.0606316 0.0291048 0.011164 0.00349995 0.000871498 0.000164139 2.23056e-05 2.10032e-06 1.32653e-07
 4.37913e-11 3.91431e-09 2.06305e-07 6.41139e-06 0.000117486 0.00126952 0.00809174 0.0304718 0.0683819 0.095518 0.0993995 0.110237 0.133888 0.14034 0.124557 0.0941089 0.0558918 0.0252906 0.00906294 0.00263775 0.000608219 0.000106062 1.33566e-05 1.16612e-06 6.82476e-08
 2.42152e-11 2.08404e-09 1.05758e-07 3.16452e-06 5.58355e-05 0.000581031 0.00356951 0.0130147 0.028941 0.0443749 0.0649943 0.107366 0.154689 0.175275 0.165733 0.12701 0.0720263 0.0297731 0.00951688 0.00247086 0.000513957 8.15064e-05 9.37109e-06 7.48813e-07 4.01926e-08
 1.8585e-18 8.16963e-16 2.11754e-13 3.23633e-11 2.91658e-09 1.54999e-07 4.85869e-06 8.99008e-05 0.000984184 0.00642138 0.0255258 0.0656034 0.122718 0.186782 0.224692 0.192057 0.111553 0.0455432 0.0139622 0.00334427 0.000621992 8.73105e-05 8.92919e-06 6.40205e-07 3.10483e-08
 1.29518e-10 1.02843e-08 4.81512e-07 1.32932e-05 0.000216397 0.00207748 0.0117707 0.0395126 0.0801771 0.107964 0.128116 0.168346 0.189968 0.145238 0.0750458 0.0310886 0.0128666 0.00525573 0.00179019 0.000456865 8.40025e-05 1.09903e-05 1.01184e-06 6.43811e-08 2.76789e-09
 2.899e-10 2.20622e-08 9.89998e-07 2.61944e-05 0.000408671 0.00375965 0.0203997 0.0653574 0.124382 0.145 0.118949 0.0993159 0.104193 0.110716 0.100547 0.0674663 0.0296876 0.00816048 0.0014295 0.000178697 1.95928e-05 2.03442e-06 1.71082e-07 1.01056e-08 3.96232e-10
 4.6808e-10 3.40945e-08 1.46432e-06 3.70831e-05 0.000553743 0.00487594 0.0253254 0.0777122 0.14205 0.161202 0.134695 0.117826 0.113466 0.0948875 0.0662439 0.0382176 0.0165803 0.00506348 0.00108155 0.000162233 1.6899e-05 1.22059e-06 6.36335e-08 2.54416e-09 7.83184e-11
 5.85695e-10 4.078e-08 1.67421e-06 4.05287e-05 0.000578509 0.00486959 0.024183 0.0710264 0.124934 0.139912 0.124957 0.124509 0.128165 0.110684 0.0789341 0.0442741 0.0174608 0.0045575 0.000801156 0.000101545 9.83768e-06 7.19895e-07 3.74548e-08 1.31748e-09 3.07442e-11
 9.52813e-10 6.33395e-08 2.48273e-06 5.73815e-05 0.000782006 0.00628459 0.0297955 0.0835144 0.139931 0.147984 0.121841 0.111933 0.113238 0.102217 0.0769203 0.0437102 0.0168163 0.00419525 0.000691181 7.9194e-05 6.61999e-06 4.09118e-07 1.83988e-08 5.8708e-10 1.29005e-11
 1.44137e-09 9.13791e-08 3.4159e-06 7.52928e-05 0.000978584 0.00750038 0.0339184 0.0907455 0.145635 0.149833 0.125271 0.118328 0.115406 0.0958203 0.0657748 0.0346348 0.0125565 0.00298801 0.000474061 5.25002e-05 4.19886e-06 2.41838e-07 9.79449e-09 2.7322e-10 5.17824e-12
 1.7776e-09 1.07363e-07 3.82349e-06 8.02894e-05 0.000994168 0.00726001 0.031294 0.0799739 0.123902 0.128772 0.120956 0.13048 0.133008 0.111907 0.0764454 0.0387034 0.0130306 0.00277662 0.00037667 3.40628e-05 2.19562e-06 1.05665e-07 3.76983e-09 9.56772e-11 1.6585e-12
 2.95854e-09 1.70067e-07 5.76435e-06 0.000115205 0.00135766 0.00943579 0.0387034 0.094049 0.138023 0.13377 0.113972 0.114986 0.119011 0.106795 0.0762515 0.0383316 0.0123737 0.00248062 0.000311314 2.53734e-05 1.41688e-06 5.66326e-08 1.63559e-09 3.3567e-11 4.79849e-13
 4.78059e-09 2.61307e-07 8.42187e-06 0.00016005 0.00179353 0.0118533 0.0462415 0.106962 0.150041 0.141278 0.120417 0.119012 0.113784 0.0915629 0.0591333 0.0275334 0.00839068 0.00161374 0.000197967 1.6094e-05 9.04121e-07 3.56902e-08 9.75857e-10 1.80611e-11 2.23211e-13
 6.01959e-09 3.12606e-07 9.57226e-06 0.000172832 0.00184015 0.0115564 0.042871 0.0946442 0.12893 0.125923 0.123459 0.134772 0.130347 0.103192 0.0643628 0.028341 0.00801628 0.00139961 0.000150774 1.03021e-05 4.6996e-07 1.51688e-08 3.56811e-10 6.0192e-12 7.00847e-14
 8.44742e-09 4.16466e-07 1.21067e-05 0.000207521 0.0020976 0.012507 0.0440656 0.0925386 0.120807 0.116116 0.116598 0.131848 0.134882 0.114014 0.0729237 0.0313947 0.00845267 0.0013865 0.000138873 8.68626e-06 3.53286e-07 9.80646e-09 1.91822e-10 2.6423e-12 2.51301e-14
 1.36652e-08 6.39146e-07 1.76268e-05 0.000286641 0.00274873 0.0155493 0.0519852 0.103679 0.129012 0.119586 0.117261 0.128911 0.127969 0.10462 0.0641028 0.0263011 0.00677579 0.00107881 0.000107758 6.99057e-06 3.06147e-07 9.22235e-09 1.88838e-10 2.56165e-12 2.26065e-14
 2.35576e-08 1.04467e-06 2.73161e-05 0.000421164 0.00382922 0.0205378 0.0651006 0.123083 0.145066 0.126888 0.116838 0.121053 0.113748 0.0878707 0.0506356 0.0194622 0.00467923 0.000691488 6.35963e-05 3.76824e-06 1.50795e-07 4.22671e-09 8.32287e-11 1.12343e-12 1.00999e-14
 3.04178e-08 1.27827e-06 3.16744e-05 0.000462801 0.00398781 0.020277 0.061034 0.110452 0.129014 0.123379 0.130822 0.13933 0.123873 0.0886194 0.0473697 0.0169664 0.0038075 0.000524371 4.47188e-05 2.43464e-06 8.8448e-08 2.22822e-09 3.93134e-11 4.77355e-13 3.89618e-15
 4.63628e-08 1.84557e-06 4.33191e-05 0.000599556 0.0048937 0.0235712 0.0672136 0.115264 0.12775 0.116723 0.121162 0.132028 0.124892 0.093944 0.050284 0.0173893 0.0037125 0.000485527 3.95331e-05 2.07341e-06 7.30188e-08 1.77507e-09 2.97243e-11 3.35515e-13 2.50144e-15
 7.10013e-08 2.67639e-06 5.94872e-05 0.000779656 0.0060264 0.0274944 0.0743372 0.121454 0.130756 0.121127 0.127358 0.133096 0.117401 0.0821475 0.0412407 0.0135357 0.0027899 0.000361972 3.04008e-05 1.71289e-06 6.60528e-08 1.72891e-09 2.99905e-11 3.38003e-13 2.45305e-15
 1.03852e-07 3.70615e-06 7.79866e-05 0.00096767 0.00708162 0.0305966 0.0784307 0.122134 0.127947 0.12038 0.129245 0.134492 0.117089 0.0795466 0.0379155 0.0116132 0.00220121 0.00025807 1.91933e-05 9.46145e-07 3.23536e-08 7.82784e-10 1.31946e-11 1.50105e-13 1.1199e-15
 1.44019e-07 4.86501e-06 9.69043e-05 0.0011382 0.0078856 0.0322684 0.0785076 0.117157 0.121881 0.120893 0.135111 0.139936 0.119308 0.0781684 0.035392 0.0102161 0.00182075 0.000200754 1.40383e-05 6.47588e-07 2.04518e-08 4.48285e-10 6.73559e-12 6.79607e-14 4.53584e-16
 2.49512e-07 7.97788e-06 0.000150409 0.00167216 0.0109648 0.042459 0.0976573 0.137133 0.131971 0.118351 0.123039 0.124582 0.105468 0.0675408 0.0293599 0.00809524 0.00138816 0.000149921 1.05295e-05 4.9823e-07 1.61588e-08 3.55819e-10 5.2039e-12 4.96784e-14 3.06923e-16
 3.56505e-07 1.07893e-05 0.000192537 0.00202611 0.0125776 0.0461399 0.100862 0.136554 0.132987 0.127999 0.134623 0.126065 0.0957021 0.0554331 0.0221541 0.00567057 0.000906287 9.13956e-05 6.01175e-06 2.68351e-07 8.31513e-09 1.77639e-10 2.55453e-12 2.41614e-14 1.47814e-16
 5.17062e-07 1.48123e-05 0.000250207 0.00249236 0.0146466 0.0508786 0.105463 0.136187 0.128989 0.124201 0.131815 0.125796 0.0970699 0.0553601 0.0210444 0.00499783 0.000724318 6.42417e-05 3.56614e-06 1.28979e-07 3.19041e-09 5.57833e-11 6.88343e-13 5.83675e-15 3.3e-17
 6.81834e-07 1.84907e-05 0.000295685 0.00278845 0.0155174 0.0511038 0.100966 0.12709 0.125107 0.131088 0.142136 0.131535 0.0967434 0.0521463 0.0186642 0.00417649 0.00057294 4.85017e-05 2.59661e-06 9.10592e-08 2.15703e-09 3.4833e-11 3.78616e-13 2.72029e-15 1.27829e-17
 9.6874e-07 2.4873e-05 0.000376576 0.00336237 0.0177179 0.055283 0.103727 0.125197 0.121343 0.128212 0.140617 0.132505 0.0980569 0.0516286 0.0176659 0.00375105 0.000489489 3.98036e-05 2.07794e-06 7.21314e-08 1.7024e-09 2.72393e-11 2.89676e-13 2.00704e-15 8.94869e-18
 1.13167e-06 2.75135e-05 0.000394445 0.00333545 0.0166559 0.0493905 0.0892124 0.108868 0.118114 0.140767 0.157517 0.14399 0.101545 0.0504042 0.0161564 0.00320153 0.000388575 2.92655e-05 1.40871e-06 4.50131e-08 9.82868e-10 1.47227e-11 1.48635e-13 9.88829e-16 4.26078e-18
#spawning biomass
 26221.6 25211.3 19560.4 20861.1 30329.6 47283.4 66063.7 77990.5 107798 130257 153957 177283 207793 239854 216351 226328 220604 245241 223085 260518 273998 264929 231445 247958 278810 271608 223228 174991 134552 323891 359918 344664 303879 256338 212368 176119 148230 127726 113120 102950 95985.3 91275.4 88111.7 85955.9 84557.8 83651.1 83063.1 82681.8 82434.5 82274.1 82170.1 82102.7 82058.9 82030.6 82012.2 82000.3 81992.5 81987.5 81984.2 81982.1 81980.8 81979.9 81979.3 81978.9 81978.7 81978.5 81978.4 81978.4 81978.3 81978.3 81978.3 81978.3 81978.3 81978.2 81978.2 81978.2 81978.2 81978.2 81978.2 81978.2 81978.2 81978.2 81978.2 81978.2 81978.2 81978.2 81978.2 81978.2 81978.2 81978.2 81978.2 81978.2 81978.2 81978.2 81978.2 81978.2 81978.2 81978.2 81978.2 81978.2 81978.2 81978.2 81978.2 81978.2 81978.2 81978.2 81978.2 81978.2 81978.2 81978.2 81978.2 81978.2 81978.2 81978.2 81978.2 81978.2 81978.2 81978.2 81978.2 81978.2 81978.2 81978.2 81978.2 81978.2 81978.2 81978.2 81978.2 81978.2 0 0 0 0 0 0 0 0 0 0 0 0 0 0 0 0 0 0 0 0 0 0 0 0 0
