SBPRF35
0.819782
Curr Bio
168071
B35
716313
F35
0.210948
FOFL
0.0696416
OFL
13528.3
Bzero
234224
#pred survey bio
 7462.74 7071 8307.31 11444.3 16279 18938.4 18790.3 23827.1 35092.3 53490.7 61884.7 81346.9 104957 129925 121156 105920 107927 107418 104474 99839 97831.6 101530 110571 123560 134179 137338 137984 180270 9.40839e+06 8.73631e+06 9.6519e+06 9.19028e+06 8.11706e+06 6.88768e+06 5.74187e+06 4.77838e+06 4.01605e+06 3.43579e+06 3.00507e+06 2.69044e+06 2.4628e+06 2.29863e+06 2.17909e+06 2.09101e+06 2.02849e+06 1.98364e+06 1.95111e+06 1.92725e+06 1.90954e+06 1.89626e+06 1.88618e+06 1.87847e+06 1.8725e+06 1.86785e+06 1.86419e+06 1.8613e+06 1.859e+06 1.85716e+06 1.85568e+06 1.85449e+06 1.85353e+06 1.85276e+06 1.85212e+06 1.85161e+06 1.85119e+06 1.85085e+06 1.85058e+06 1.85035e+06 1.85016e+06 1.85001e+06 1.84989e+06 1.84979e+06 1.84971e+06 1.84964e+06 1.84958e+06 1.84954e+06 1.8495e+06 1.84947e+06 1.84945e+06 1.84943e+06 1.84941e+06 1.8494e+06 1.84939e+06 1.84938e+06 1.84937e+06 1.84936e+06 1.84936e+06 1.84935e+06 1.84935e+06 1.84935e+06 1.84935e+06 1.84934e+06 1.84934e+06 1.84934e+06 1.84934e+06 1.84934e+06 1.84934e+06 1.84934e+06 1.84934e+06 1.84934e+06 1.84934e+06 1.84934e+06 1.84934e+06 1.84934e+06 1.84934e+06 1.84934e+06 1.84934e+06 1.84934e+06 1.84934e+06 1.84934e+06 1.84934e+06 1.84934e+06 1.84934e+06 1.84934e+06 1.84934e+06 1.84934e+06 1.84934e+06 1.84934e+06 1.84934e+06 1.84934e+06 1.84934e+06 1.84934e+06 1.84934e+06 1.84934e+06 1.84934e+06 1.84934e+06 1.84934e+06 1.84934e+06 0 0 0 0 0 0 0 0 0 0 0 0 0 0 0 0 0 0 0 0 0 0 0 0 0
#obs survey bio
 6686.85 9889.9 10764.4 17596.5 21760.5 16702.1 14553.6 30942.8 54347.1 51195.1 63533 93730.1 139945 118679 101913 92260.9 104687 96089.2 92064.9 153976 188273 120087 128273 84800.8 115463 166667 112071 203655
#pred catch bio
 5080.33 5010.89 5795.34 7756.89 11256.1 14272 14065.7 17131.5 22655.2 40320.3 44966.6 60085.6 77316.4 104075 99279.4 84092.7 87707.1 88535.7 87608.3 84049.4 80512.3 82965.1 91111.1 104229 114980 118999 109980 106675 13528.3 71013.8 78550.9 73827.9 64293 53670.9 43927.5 35856 29576.2 24891 21496.9 19089.8 17409.2 16248.6 15448.6 14897.9 14532.8 14290.7 14130.2 14023.8 13953.3 13906.5 13875.5 13854.9 13841.3 13832.2 13826.2 13822.3 13819.6 13817.9 13816.7 13816 13815.4 13815.1 13814.9 13814.7 13814.6 13814.6 13814.5 13814.5 13814.5 13814.5 13814.5 13814.5 13814.5 13814.5 13814.4 13814.4 13814.4 13814.4 13814.4 13814.4 13814.4 13814.4 13814.4 13814.4 13814.4 13814.4 13814.4 13814.4 13814.4 13814.4 13814.4 13814.4 13814.4 13814.4 13814.4 13814.4 13814.4 13814.4 13814.4 13814.4 13814.4 13814.4 13814.4 13814.4 13814.4 13814.4 13814.4 13814.4 13814.4 13814.4 13814.4 13814.4 13814.4 13814.4 13814.4 13814.4 13814.4 13814.4 13814.4 13814.4 13814.4 13814.4 13814.4 13814.4 13814.4 13814.4 13814.4 13814.4 0 0 0 0 0 0 0 0 0 0 0 0 0 0 0 0 0 0 0 0 0 0 0 0 0
#obs catch bio
 4775.72 4890.64 5596.57 7510.76 10898 13963.3 14003.2 16445 21415.5 38409.3 43085 57069.6 73080.7 101751 99755.7 84816.6 86388.9 87426.2 86556.2 81614.7 76852.9 78967.6 88520.6 102732 112380 115295 109272 105735
#pred cpue bio
 6419.63 5709.4 6466.2 8746.25 12602.3 15396.7 14865.4 17833.3 26365.5 41728.1 47750.7 62044.5 80176.9 100604 96156.2 82984.5 83347.2 82707.9 80246.7 76088.8 74093.5 77293.2 83250 92259.8 99592.3 102608 102320 132883 7.70781e+06 8.61819e+06 9.63376e+06 9.14722e+06 8.06743e+06 6.83695e+06 5.69099e+06 4.72747e+06 3.96515e+06 3.38488e+06 2.95416e+06 2.63954e+06 2.41189e+06 2.24773e+06 2.12818e+06 2.0401e+06 1.97758e+06 1.93273e+06 1.9002e+06 1.87634e+06 1.85863e+06 1.84535e+06 1.83528e+06 1.82756e+06 1.82159e+06 1.81694e+06 1.81328e+06 1.81039e+06 1.80809e+06 1.80625e+06 1.80478e+06 1.80359e+06 1.80263e+06 1.80185e+06 1.80122e+06 1.8007e+06 1.80029e+06 1.79995e+06 1.79967e+06 1.79944e+06 1.79926e+06 1.79911e+06 1.79898e+06 1.79888e+06 1.7988e+06 1.79873e+06 1.79868e+06 1.79863e+06 1.79859e+06 1.79856e+06 1.79854e+06 1.79852e+06 1.7985e+06 1.79849e+06 1.79848e+06 1.79847e+06 1.79846e+06 1.79846e+06 1.79845e+06 1.79845e+06 1.79844e+06 1.79844e+06 1.79844e+06 1.79844e+06 1.79843e+06 1.79843e+06 1.79843e+06 1.79843e+06 1.79843e+06 1.79843e+06 1.79843e+06 1.79843e+06 1.79843e+06 1.79843e+06 1.79843e+06 1.79843e+06 1.79843e+06 1.79843e+06 1.79843e+06 1.79843e+06 1.79843e+06 1.79843e+06 1.79843e+06 1.79843e+06 1.79843e+06 1.79843e+06 1.79843e+06 1.79843e+06 1.79843e+06 1.79843e+06 1.79843e+06 1.79843e+06 1.79843e+06 1.79843e+06 1.79843e+06 1.79843e+06 1.79843e+06 1.79843e+06 1.79843e+06 1.79843e+06 0 0 0 0 0 0 0 0 0 0 0 0 0 0 0 0 0 0 0 0 0 0 0 0 0
#obs cpue bio
 7218.53 7959.93 8633.02 9268.72 14831.3 21635.5 21507.2 31780.4 48454.8 75316.9 95521.6 120498 150576 116520 94622.5 84147.9 123087 109760 110240 88168 85967.1 139797 101695 158086 173595 144681 121317 151315
#pred surv len freq
 2.56654e-27 2.59747e-27 4.12265e-26 8.15716e-20 1.99963e-14 5.92526e-10 2.12233e-06 0.000918887 0.0480912 0.304238 0.232899 0.0369572 0.117678 0.108771 0.028662 0.0383954 0.0179362 0.0157804 0.0107031 0.0088434 0.00744535 0.00682968 0.00721392 0.006599 0.00203634
 2.56814e-27 2.60147e-27 4.42957e-26 8.80443e-20 2.1583e-14 6.39543e-10 2.29073e-06 0.000991801 0.0519073 0.32838 0.251385 0.0402575 0.129808 0.119602 0.0243309 0.0255206 0.00985975 0.00613766 0.0033768 0.00233787 0.00170803 0.00139177 0.00133633 0.00124385 0.000423055
 2.56919e-27 2.60427e-27 4.66669e-26 9.30462e-20 2.28092e-14 6.75876e-10 2.42087e-06 0.00104815 0.0548562 0.347035 0.265634 0.0404818 0.121505 0.11188 0.0219706 0.0219964 0.00747783 0.00316075 0.00127756 0.000629725 0.000356567 0.000241734 0.000201458 0.000181032 6.43078e-05
 2.56977e-27 2.60579e-27 4.79689e-26 9.57928e-20 2.34824e-14 6.95827e-10 2.49234e-06 0.00107909 0.0564755 0.357279 0.273456 0.0404763 0.115968 0.106709 0.0199454 0.0186645 0.00624142 0.0024525 0.000794841 0.000256325 9.29108e-05 4.49516e-05 2.97669e-05 2.42096e-05 8.63637e-06
 2.56924e-27 2.60434e-27 4.66747e-26 9.30624e-20 2.28131e-14 6.75994e-10 2.4213e-06 0.00104833 0.0548657 0.347096 0.265687 0.040962 0.125122 0.115141 0.0211669 0.0193205 0.00632781 0.00228098 0.000711592 0.000198894 4.63789e-05 1.27971e-05 5.50458e-06 3.64628e-06 1.25471e-06
 2.56713e-27 2.59864e-27 4.16615e-26 8.24869e-20 2.02207e-14 5.99174e-10 2.14614e-06 0.000929197 0.0486308 0.307652 0.235588 0.0421947 0.15565 0.143372 0.0272554 0.0261065 0.00849239 0.00295452 0.000885929 0.000228378 4.70624e-05 8.24477e-06 1.72784e-06 7.37798e-07 2.29927e-07
 2.56847e-27 2.60233e-27 4.4989e-26 8.95066e-20 2.19415e-14 6.50164e-10 2.32878e-06 0.00100827 0.0527694 0.333833 0.255556 0.0407066 0.130296 0.120086 0.0251311 0.0271328 0.00894195 0.00326935 0.000971642 0.000240213 4.58651e-05 6.90274e-06 8.11636e-07 1.48894e-07 3.58916e-08
 2.57051e-27 2.60779e-27 4.97431e-26 9.95355e-20 2.43999e-14 7.23013e-10 2.58971e-06 0.00112125 0.058682 0.371238 0.284107 0.0399819 0.104722 0.0963216 0.0179379 0.0167061 0.00572729 0.00246043 0.000756843 0.000193899 3.59643e-05 5.01338e-06 4.71748e-07 3.66901e-08 4.56117e-09
 2.57027e-27 2.60709e-27 4.90544e-26 9.80823e-20 2.40437e-14 7.12458e-10 2.5519e-06 0.00110488 0.0578253 0.365818 0.279979 0.0406926 0.11303 0.103885 0.0174101 0.0135749 0.0044171 0.00156836 0.000509229 0.000149283 2.90126e-05 4.01733e-06 3.45923e-07 1.79958e-08 8.29971e-10
 2.56891e-27 2.60344e-27 4.58762e-26 9.13779e-20 2.24002e-14 6.63758e-10 2.37747e-06 0.00102935 0.0538726 0.340813 0.260894 0.0412315 0.13054 0.120147 0.0221791 0.0203518 0.00638029 0.00184546 0.000538328 0.000139091 3.01628e-05 4.55244e-06 3.93345e-07 1.7988e-08 4.33852e-10
 2.56935e-27 2.60464e-27 4.69361e-26 9.36138e-20 2.29483e-14 6.79999e-10 2.43564e-06 0.00105454 0.0551908 0.349152 0.267257 0.0409273 0.123755 0.113874 0.0208593 0.0189335 0.00614468 0.00211364 0.000584736 0.000123753 2.30986e-05 3.57301e-06 3.41846e-07 1.56922e-08 3.06029e-10
 2.56979e-27 2.60582e-27 4.7978e-26 9.58117e-20 2.34871e-14 6.95964e-10 2.49283e-06 0.0010793 0.0564866 0.35735 0.273512 0.0406504 0.117252 0.107867 0.0196582 0.0177041 0.00573462 0.00196275 0.000577375 0.000137759 2.23431e-05 2.86024e-06 2.67566e-07 1.33958e-08 2.58772e-10
 2.5697e-27 2.60554e-27 4.77003e-26 9.52258e-20 2.33435e-14 6.91709e-10 2.47758e-06 0.0010727 0.0561412 0.355165 0.271848 0.0409421 0.120642 0.110947 0.0193498 0.0162217 0.00523321 0.00176641 0.000517499 0.000125449 2.25811e-05 2.77283e-06 2.13165e-07 1.02158e-08 2.10158e-10
 2.56918e-27 2.60414e-27 4.64725e-26 9.26357e-20 2.27085e-14 6.72894e-10 2.41019e-06 0.00104352 0.0546142 0.345504 0.264477 0.0412553 0.128204 0.117942 0.0208867 0.0179619 0.00569512 0.0017598 0.000507803 0.000121605 2.20289e-05 2.90299e-06 2.21866e-07 8.97184e-09 1.75138e-10
 2.56813e-27 2.60126e-27 4.38999e-26 8.72086e-20 2.13781e-14 6.33472e-10 2.26899e-06 0.000982386 0.0514146 0.325263 0.249036 0.0422029 0.146264 0.134565 0.0230606 0.0187367 0.00595138 0.00186181 0.00052099 0.000115686 2.05471e-05 2.71199e-06 2.18494e-07 8.76949e-09 1.49051e-10
 2.56872e-27 2.6029e-27 4.53857e-26 9.03431e-20 2.21465e-14 6.56241e-10 2.35054e-06 0.0010177 0.0532625 0.336953 0.257951 0.0414767 0.134474 0.123755 0.0224093 0.0199688 0.00626595 0.0018219 0.000507578 0.000112643 1.88122e-05 2.36801e-06 1.90556e-07 7.96131e-09 1.33173e-10
 2.56929e-27 2.60445e-27 4.6752e-26 9.32253e-20 2.28531e-14 6.77177e-10 2.42553e-06 0.00105016 0.0549618 0.347703 0.266154 0.0411364 0.126121 0.116025 0.0206512 0.017912 0.00574987 0.00188455 0.00051961 0.000108686 1.80376e-05 2.17909e-06 1.65405e-07 6.87069e-09 1.18277e-10
 2.56936e-27 2.60459e-27 4.68353e-26 9.3401e-20 2.28961e-14 6.78453e-10 2.43011e-06 0.00105214 0.0550654 0.348359 0.266659 0.0414092 0.127842 0.117547 0.019708 0.0153715 0.0048851 0.0015397 0.000440514 0.000100952 1.61892e-05 1.89079e-06 1.38468e-07 5.44075e-09 9.27483e-11
 2.56943e-27 2.60478e-27 4.70007e-26 9.375e-20 2.29817e-14 6.80988e-10 2.43919e-06 0.00105607 0.0552711 0.34966 0.267653 0.0414283 0.127289 0.117026 0.0194289 0.0148582 0.00460862 0.00127156 0.000352671 7.92696e-05 1.36596e-05 1.62919e-06 1.14447e-07 4.31888e-09 7.00686e-11
 2.56971e-27 2.60553e-27 4.76484e-26 9.51161e-20 2.33166e-14 6.90912e-10 2.47473e-06 0.00107146 0.0560765 0.354756 0.271542 0.04132 0.123733 0.113726 0.0185074 0.0135854 0.00419138 0.0011221 0.000296666 5.93446e-05 9.86705e-06 1.22003e-06 8.93022e-08 3.26203e-09 5.06348e-11
 2.56992e-27 2.6061e-27 4.81441e-26 9.6162e-20 2.35729e-14 6.98508e-10 2.50194e-06 0.00108324 0.0566931 0.358656 0.274519 0.0412489 0.1211 0.111279 0.0177737 0.0125254 0.00383168 0.000976293 0.000254037 4.88465e-05 7.38438e-06 8.45178e-07 6.28357e-08 2.3833e-09 3.61694e-11
 2.56974e-27 2.6056e-27 4.77055e-26 9.52366e-20 2.33461e-14 6.91787e-10 2.47787e-06 0.00107282 0.0561476 0.355205 0.271886 0.0413529 0.123741 0.113725 0.018346 0.0132136 0.0040199 0.000983623 0.000250788 4.61104e-05 6.74068e-06 7.11436e-07 4.8218e-08 1.82646e-09 2.8529e-11
 2.57015e-27 2.60674e-27 4.87287e-26 9.73953e-20 2.38753e-14 7.07467e-10 2.53403e-06 0.00109714 0.0574202 0.363256 0.278027 0.0409473 0.11634 0.106918 0.0175516 0.0131166 0.00400924 0.00100746 0.000255037 4.51037e-05 6.34645e-06 6.39733e-07 4.01376e-08 1.3881e-09 2.13858e-11
 2.57042e-27 2.60745e-27 4.93413e-26 9.86875e-20 2.41921e-14 7.16854e-10 2.56765e-06 0.00111169 0.0581821 0.368076 0.281706 0.0408926 0.113339 0.104117 0.0164859 0.011392 0.00349794 0.000914315 0.000234518 4.22878e-05 5.81578e-06 5.60872e-07 3.33721e-08 1.06702e-09 1.50994e-11
 2.5706e-27 2.60792e-27 4.97375e-26 9.95232e-20 2.43969e-14 7.22924e-10 2.58939e-06 0.00112111 0.0586748 0.371192 0.284086 0.0409001 0.111724 0.102598 0.0157165 0.0100158 0.00302628 0.000718544 0.000183685 3.43111e-05 4.81365e-06 4.62284e-07 2.63234e-08 7.94098e-10 1.0383e-11
 2.57036e-27 2.60724e-27 4.91284e-26 9.82383e-20 2.40819e-14 7.13591e-10 2.55596e-06 0.00110663 0.0579172 0.3664 0.280432 0.0411935 0.116524 0.107004 0.016055 0.00967615 0.00288355 0.000622479 0.000152441 2.62948e-05 3.72877e-06 3.6884e-07 2.10718e-08 6.11419e-10 7.52334e-12
 2.57061e-27 2.60795e-27 4.97594e-26 9.95695e-20 2.44083e-14 7.23261e-10 2.5906e-06 0.00112163 0.0587021 0.371365 0.284219 0.0409631 0.11211 0.102941 0.0155315 0.00950379 0.0028115 0.000569518 0.000134573 2.11933e-05 2.79386e-06 2.66794e-07 1.56484e-08 4.57347e-10 5.43988e-12
 2.57085e-27 2.60862e-27 5.03797e-26 1.00878e-19 2.4729e-14 7.32766e-10 2.62464e-06 0.00113637 0.0594735 0.376246 0.287939 0.0405502 0.106354 0.0976827 0.0155703 0.010917 0.0032546 0.000685983 0.000160956 2.38409e-05 2.9286e-06 2.54772e-07 1.4151e-08 4.18497e-10 5.01906e-12
#obs surv len freq
 1.63545e-41 2.26989e-33 3.80822e-26 7.72298e-20 1.8932e-14 5.60989e-10 2.00937e-06 0.000869989 0.0455318 0.288047 0.220691 0.0442535 0.164701 0.140024 0.0436747 0.0355756 0.0116601 0.00399265 0.000858913 0.000111311 6.3403e-06 1.14077e-07 4.79572e-10 3.78844e-13 4.87835e-17
 1.90394e-41 2.64255e-33 4.43342e-26 8.99088e-20 2.20401e-14 6.53088e-10 2.33925e-06 0.00101282 0.0530068 0.335336 0.256812 0.0440293 0.132198 0.106353 0.0338476 0.0258712 0.00826435 0.00266989 0.000532549 6.05649e-05 2.85293e-06 4.01937e-08 1.26968e-10 7.32932e-14 6.77788e-18
 1.9259e-41 2.67302e-33 4.48454e-26 9.09456e-20 2.22942e-14 6.60619e-10 2.36623e-06 0.0010245 0.0536181 0.339204 0.259849 0.0470737 0.141138 0.106223 0.0271442 0.017402 0.0053711 0.0016214 0.00029816 2.97085e-05 1.15297e-06 1.26451e-08 2.9912e-11 1.2618e-14 8.39693e-19
 1.96631e-41 2.72911e-33 4.57865e-26 9.28542e-20 2.27621e-14 6.74483e-10 2.41589e-06 0.001046 0.0547433 0.346322 0.265348 0.0487323 0.13883 0.0984082 0.0262321 0.0155071 0.00372929 0.000930655 0.000154867 1.34009e-05 4.27056e-07 3.63976e-09 6.43393e-12 1.98098e-15 9.49033e-20
 1.76154e-41 2.4449e-33 4.10182e-26 8.31841e-20 2.03916e-14 6.04241e-10 2.16429e-06 0.000937064 0.0490422 0.310256 0.238002 0.0549453 0.17638 0.117355 0.0311832 0.0170162 0.00395288 0.000817749 0.000102402 7.3094e-06 1.89259e-07 1.25103e-09 1.6536e-12 3.71817e-16 1.28267e-20
 1.45799e-41 2.0236e-33 3.39501e-26 6.88501e-20 1.68778e-14 5.0012e-10 1.79135e-06 0.000775592 0.0405914 0.256795 0.19745 0.0624706 0.220411 0.139711 0.0485097 0.0263454 0.00574663 0.00107562 0.000110415 5.70476e-06 1.11584e-07 5.6395e-10 5.56772e-13 9.15912e-17 2.27981e-21
 2.09052e-41 2.9015e-33 4.86788e-26 9.87196e-20 2.41999e-14 7.17088e-10 2.56849e-06 0.00111207 0.0582013 0.368199 0.2822 0.0503133 0.112409 0.0690431 0.0339803 0.0187547 0.00482462 0.000878798 7.80555e-05 3.11451e-06 4.26129e-08 1.5311e-10 1.10307e-13 1.32264e-17 2.37848e-22
 1.97883e-41 2.74649e-33 4.60781e-26 9.34455e-20 2.29071e-14 6.78778e-10 2.43127e-06 0.00105266 0.0550919 0.34853 0.267532 0.060336 0.152739 0.0823421 0.0196178 0.00911051 0.0029937 0.000597494 5.32936e-05 1.76508e-06 1.77666e-08 4.37063e-11 2.15746e-14 1.81854e-18 2.33175e-23
 2.01268e-41 2.79346e-33 4.68661e-26 9.50436e-20 2.32988e-14 6.90386e-10 2.47285e-06 0.00107066 0.056034 0.354491 0.272207 0.061854 0.145502 0.0747933 0.0232052 0.00892676 0.00157987 0.000302663 2.97067e-05 9.32201e-07 7.57223e-09 1.34431e-11 4.53087e-15 2.57615e-19 2.25694e-24
 1.72849e-41 2.39903e-33 4.02486e-26 8.16235e-20 2.0009e-14 5.92904e-10 2.12369e-06 0.000919483 0.0481221 0.304441 0.234623 0.0762075 0.199144 0.0953224 0.0285962 0.0104229 0.00194269 0.000238451 1.75723e-05 5.38523e-07 3.91966e-09 5.52574e-12 1.35481e-15 5.3358e-20 3.17041e-25
 2.02043e-41 2.80422e-33 4.70466e-26 9.54095e-20 2.33885e-14 6.93045e-10 2.48237e-06 0.00107478 0.0562498 0.355858 0.273626 0.0666638 0.139309 0.0662355 0.028967 0.0100607 0.00174355 0.000198132 1.03577e-05 2.20982e-07 1.36587e-09 1.63546e-12 3.17427e-16 9.29542e-21 3.93269e-26
 1.84441e-41 2.55992e-33 4.2948e-26 8.70976e-20 2.1351e-14 6.32668e-10 2.26611e-06 0.000981149 0.0513494 0.324862 0.25074 0.0818236 0.180937 0.0758895 0.0234556 0.00805506 0.00171583 0.000180544 8.00038e-06 1.21236e-07 5.05198e-10 4.58026e-13 7.10262e-17 1.63534e-21 5.2525e-27
 1.92371e-41 2.66998e-33 4.47944e-26 9.08422e-20 2.22689e-14 6.59868e-10 2.36354e-06 0.00102333 0.0535571 0.33883 0.261555 0.0809473 0.160795 0.0672146 0.0270026 0.00766177 0.00126539 0.000139499 5.88329e-06 7.14071e-08 2.10441e-10 1.27222e-13 1.37451e-17 2.34212e-22 5.72018e-28
 1.61922e-41 2.24737e-33 3.77044e-26 7.64637e-20 1.87442e-14 5.55424e-10 1.98944e-06 0.000861358 0.0450801 0.285212 0.222066 0.104429 0.217173 0.0838977 0.0307992 0.00883813 0.00150806 0.000129332 4.84434e-06 5.27015e-08 1.22445e-10 5.29479e-14 3.87128e-18 4.43129e-23 7.4696e-29
 1.48212e-41 2.05709e-33 3.45119e-26 6.99895e-20 1.71571e-14 5.08397e-10 1.82099e-06 0.000788427 0.0412632 0.261073 0.20453 0.113251 0.224187 0.0940141 0.0467036 0.012119 0.00190774 0.000155867 4.69961e-06 4.10264e-08 7.90664e-11 2.68632e-14 1.44165e-18 1.1545e-23 1.3253e-29
 1.71586e-41 2.3815e-33 3.99547e-26 8.10273e-20 1.98629e-14 5.88574e-10 2.10817e-06 0.000912767 0.0477706 0.302242 0.235751 0.103097 0.177124 0.076608 0.0417632 0.0124382 0.0021326 0.000153695 4.01712e-06 2.77741e-08 4.06701e-11 1.07023e-14 4.4387e-19 2.66926e-24 2.2252e-30
 1.67876e-41 2.33e-33 3.90907e-26 7.92751e-20 1.94334e-14 5.75846e-10 2.06259e-06 0.000893028 0.0467376 0.295721 0.23223 0.11877 0.192351 0.0707731 0.0310494 0.00953599 0.00179816 0.000135086 3.08147e-06 1.72548e-08 1.94932e-11 3.80636e-15 1.16584e-19 5.22536e-25 3.25332e-31
 1.69984e-41 2.35926e-33 3.95815e-26 8.02705e-20 1.96774e-14 5.83077e-10 2.08849e-06 0.000904242 0.0473245 0.299446 0.236016 0.123734 0.184362 0.0694568 0.0301262 0.00729796 0.00123286 9.43608e-05 2.06349e-06 9.8029e-09 8.67279e-12 1.27996e-15 2.89089e-20 9.40748e-26 4.23735e-32
 1.66152e-41 2.30607e-33 3.86892e-26 7.84609e-20 1.92338e-14 5.69931e-10 2.0414e-06 0.000883856 0.0462576 0.292718 0.232502 0.135326 0.187832 0.0685577 0.0283529 0.00659316 0.000915813 5.81366e-05 1.15927e-06 4.88878e-09 3.56976e-12 4.08857e-16 6.91826e-21 1.65581e-26 5.41936e-33
 1.74597e-41 2.4233e-33 4.06558e-26 8.24491e-20 2.02114e-14 5.98902e-10 2.14517e-06 0.000928784 0.048609 0.307609 0.244588 0.134041 0.168595 0.0634854 0.0258271 0.00558408 0.000694287 3.53701e-05 5.53948e-07 1.9342e-09 1.17438e-12 1.08406e-16 1.42429e-21 2.56774e-27 6.20253e-34
 1.71582e-41 2.38144e-33 3.99537e-26 8.10252e-20 1.98624e-14 5.88559e-10 2.10812e-06 0.000912743 0.0477695 0.302334 0.242832 0.147775 0.172248 0.0593013 0.0217439 0.00455205 0.000508122 2.15642e-05 2.59544e-07 6.8014e-10 3.17965e-13 2.3022e-17 2.36769e-22 3.29543e-28 6.04025e-35
 1.72078e-41 2.38833e-33 4.00692e-26 8.12595e-20 1.99198e-14 5.90261e-10 2.11422e-06 0.000915384 0.0479078 0.303244 0.245291 0.153192 0.165179 0.0594613 0.0206523 0.00376754 0.000373 1.34178e-05 1.26914e-07 2.47754e-10 8.44056e-14 4.48213e-18 3.43347e-23 3.5986e-29 4.98311e-36
 1.71636e-41 2.38219e-33 3.99662e-26 8.10507e-20 1.98686e-14 5.88743e-10 2.10878e-06 0.000913031 0.0477847 0.302517 0.247102 0.161612 0.160964 0.0568447 0.0187398 0.00324151 0.000271646 8.01234e-06 6.02635e-08 8.92774e-11 2.22989e-14 8.52113e-19 4.67365e-24 3.52214e-30 3.53554e-37
 1.73952e-41 2.41434e-33 4.05055e-26 8.21443e-20 2.01367e-14 5.96687e-10 2.13724e-06 0.00092535 0.0484297 0.306653 0.252429 0.165906 0.152402 0.0538457 0.0165586 0.00264799 0.000195547 4.67079e-06 2.71751e-08 3.05845e-11 5.68068e-15 1.5821e-19 6.23502e-25 3.34819e-31 2.38655e-38
 1.68418e-41 2.33754e-33 3.9217e-26 7.95313e-20 1.94962e-14 5.77707e-10 2.06925e-06 0.000895915 0.0468894 0.297008 0.249117 0.180913 0.155024 0.0528223 0.0149881 0.00219716 0.00014066 2.76315e-06 1.24525e-08 1.04732e-11 1.43498e-15 2.92613e-20 8.37271e-26 3.23726e-32 1.64993e-39
 1.60292e-41 2.22474e-33 3.73247e-26 7.56937e-20 1.85554e-14 5.49831e-10 1.9694e-06 0.000852684 0.0446272 0.282828 0.24306 0.196168 0.159449 0.0561682 0.0148036 0.00193505 0.000105903 1.69408e-06 5.95351e-09 3.76898e-12 3.79366e-16 5.61459e-21 1.16056e-26 3.23382e-33 1.18485e-40
 1.58956e-41 2.2062e-33 3.70137e-26 7.5063e-20 1.84008e-14 5.45249e-10 1.95299e-06 0.00084558 0.0442559 0.280607 0.244868 0.200295 0.154674 0.0578144 0.014779 0.00177619 8.17478e-05 1.04848e-06 2.85366e-09 1.36296e-12 1.01511e-16 1.0955e-21 1.63453e-27 3.26801e-34 8.56661e-42
 1.63913e-41 2.27501e-33 3.81679e-26 7.74038e-20 1.89746e-14 5.62253e-10 2.0139e-06 0.00087195 0.0456365 0.289477 0.254476 0.199024 0.143029 0.0528076 0.0131183 0.00149869 5.95064e-05 6.09419e-07 1.27016e-09 4.54791e-13 2.50389e-17 1.97688e-22 2.14063e-28 3.08617e-35 5.80405e-43
#pred catch len freq
 2.56469e-27 2.59252e-27 3.69492e-26 7.25486e-20 1.77844e-14 5.26984e-10 1.88757e-06 0.000817245 0.0427717 0.270585 0.207208 0.0373274 0.138544 0.12811 0.0335231 0.0446772 0.0208171 0.0182509 0.0123672 0.0102136 0.00859778 0.00788655 0.00833021 0.00762013 0.00235144
 2.56661e-27 2.59732e-27 4.06452e-26 8.03434e-20 1.96952e-14 5.83604e-10 2.09037e-06 0.000905051 0.0473671 0.299658 0.229467 0.0411348 0.151883 0.139992 0.0282816 0.0294176 0.011343 0.00703099 0.00386455 0.0026741 0.00195338 0.00159163 0.00152822 0.00142246 0.000483804
 2.56773e-27 2.6003e-27 4.31647e-26 8.5658e-20 2.0998e-14 6.22209e-10 2.22865e-06 0.00096492 0.0505004 0.31948 0.244608 0.0414404 0.143572 0.132256 0.025801 0.0256107 0.00869456 0.00365791 0.00147706 0.000727562 0.000411891 0.000279228 0.000232703 0.00020911 7.42818e-05
 2.56829e-27 2.60178e-27 4.44273e-26 8.83215e-20 2.16509e-14 6.41556e-10 2.29795e-06 0.000994923 0.0520707 0.329413 0.252194 0.0414998 0.138694 0.127684 0.0237294 0.0220204 0.0073541 0.00287629 0.000931388 0.000300122 0.000108762 5.26175e-05 3.48429e-05 2.83379e-05 1.01091e-05
 2.56776e-27 2.60031e-27 4.31109e-26 8.55443e-20 2.09702e-14 6.21383e-10 2.22569e-06 0.000963639 0.0504334 0.319056 0.244293 0.0420162 0.148176 0.136415 0.0249309 0.022554 0.00737793 0.00264694 0.000825027 0.000230418 5.37179e-05 1.48208e-05 6.37498e-06 4.22283e-06 1.45311e-06
 2.56575e-27 2.59489e-27 3.83481e-26 7.54969e-20 1.85071e-14 5.484e-10 1.96428e-06 0.000850457 0.0445098 0.281582 0.215697 0.0431717 0.17706 0.16313 0.0307757 0.0291652 0.00947577 0.00328051 0.000982799 0.000253143 5.21542e-05 9.13598e-06 1.91456e-06 8.17528e-07 2.54774e-07
 2.56717e-27 2.59882e-27 4.18911e-26 8.29713e-20 2.03394e-14 6.02693e-10 2.15875e-06 0.000934655 0.0489165 0.309459 0.236958 0.0415435 0.149732 0.13804 0.0286376 0.0306155 0.010077 0.00366642 0.00108872 0.000268937 5.1338e-05 7.72571e-06 9.0838e-07 1.66641e-07 4.01695e-08
 2.56931e-27 2.60454e-27 4.68631e-26 9.346e-20 2.29106e-14 6.78881e-10 2.43164e-06 0.00105281 0.0551001 0.348578 0.266817 0.040824 0.123277 0.113445 0.0209781 0.0193354 0.00661881 0.00283008 0.00086987 0.000222677 4.12931e-05 5.75568e-06 5.41583e-07 4.21212e-08 5.23634e-09
 2.56874e-27 2.60291e-27 4.53531e-26 9.02741e-20 2.21296e-14 6.5574e-10 2.34875e-06 0.00101692 0.0532219 0.336696 0.257761 0.0418602 0.137526 0.126473 0.0211084 0.0163269 0.00530632 0.00187536 0.000608351 0.000178208 3.46271e-05 4.79434e-06 4.12818e-07 2.14758e-08 9.90465e-10
 2.56769e-27 2.60011e-27 4.29215e-26 8.51447e-20 2.08722e-14 6.18481e-10 2.21529e-06 0.000959138 0.0501978 0.317565 0.243157 0.0421277 0.149822 0.137937 0.0252691 0.022922 0.00717851 0.00206595 0.000602032 0.000155421 3.36967e-05 5.0854e-06 4.39385e-07 2.00933e-08 4.84628e-10
 2.56804e-27 2.60108e-27 4.37852e-26 8.69667e-20 2.13188e-14 6.31715e-10 2.2627e-06 0.000979662 0.051272 0.324361 0.248342 0.0418744 0.144251 0.132786 0.0241571 0.0216972 0.00703312 0.00240751 0.000665486 0.000140722 2.62594e-05 4.06156e-06 3.88579e-07 1.78373e-08 3.47863e-10
 2.56859e-27 2.60255e-27 4.50797e-26 8.96976e-20 2.19883e-14 6.51552e-10 2.33375e-06 0.00101042 0.052882 0.334546 0.256113 0.041528 0.136155 0.125306 0.0226718 0.0201898 0.00653177 0.00222461 0.000653824 0.000155873 2.52754e-05 3.23528e-06 3.02642e-07 1.51518e-08 2.92692e-10
 2.56847e-27 2.6022e-27 4.47467e-26 8.8995e-20 2.1816e-14 6.46448e-10 2.31547e-06 0.00100251 0.0524677 0.331925 0.254118 0.0418661 0.140131 0.12892 0.0223351 0.0185082 0.00596352 0.00200304 0.000586298 0.000142011 2.55564e-05 3.1379e-06 2.41224e-07 1.15604e-08 2.37819e-10
 2.56821e-27 2.60151e-27 4.41382e-26 8.77113e-20 2.15014e-14 6.37124e-10 2.28207e-06 0.000988049 0.0517109 0.327138 0.250464 0.041998 0.143701 0.132232 0.023219 0.0196848 0.0062339 0.00191641 0.000552451 0.000132186 2.39403e-05 3.1546e-06 2.41089e-07 9.7491e-09 1.90311e-10
 2.56717e-27 2.59867e-27 4.15955e-26 8.23472e-20 2.01864e-14 5.9816e-10 2.14251e-06 0.000927624 0.0485485 0.307131 0.235203 0.0429596 0.161741 0.148831 0.025293 0.0202375 0.00642003 0.00199806 0.000558586 0.000123928 2.20058e-05 2.90425e-06 2.33978e-07 9.39087e-09 1.59612e-10
 2.56768e-27 2.60006e-27 4.28705e-26 8.5037e-20 2.08458e-14 6.17698e-10 2.21249e-06 0.000957924 0.0501343 0.317163 0.242852 0.042264 0.151074 0.139065 0.0249674 0.0219498 0.00687992 0.00199019 0.000553911 0.000122822 2.05073e-05 2.58112e-06 2.077e-07 8.67751e-09 1.45153e-10
 2.5684e-27 2.60201e-27 4.45851e-26 8.86541e-20 2.17325e-14 6.43972e-10 2.3066e-06 0.00099867 0.0522668 0.330654 0.253146 0.041827 0.140515 0.129298 0.0228093 0.0194938 0.00624962 0.00203782 0.00056137 0.000117319 1.94657e-05 2.35139e-06 1.78478e-07 7.41368e-09 1.27624e-10
 2.56852e-27 2.60231e-27 4.48137e-26 8.91363e-20 2.18507e-14 6.47475e-10 2.31915e-06 0.0010041 0.0525511 0.332453 0.254524 0.0420826 0.141493 0.130127 0.0216368 0.0166042 0.00527002 0.00165239 0.000472299 0.000108145 1.73389e-05 2.02486e-06 1.48282e-07 5.82633e-09 9.9321e-11
 2.56868e-27 2.60273e-27 4.51702e-26 8.98883e-20 2.2035e-14 6.52937e-10 2.33871e-06 0.00101257 0.0529944 0.335257 0.256665 0.0420484 0.139728 0.128487 0.0211511 0.0159009 0.00492619 0.00135201 0.000374585 8.41232e-05 1.44926e-05 1.72837e-06 1.21411e-07 4.58165e-09 7.43316e-11
 2.56899e-27 2.60357e-27 4.59062e-26 9.14408e-20 2.24156e-14 6.64215e-10 2.37911e-06 0.00103006 0.0539097 0.341048 0.261084 0.041918 0.135631 0.124687 0.0201242 0.0145134 0.0044724 0.001191 0.000314552 6.2867e-05 1.04501e-05 1.29199e-06 9.4567e-08 3.45432e-09 5.36196e-11
 2.56913e-27 2.60393e-27 4.62131e-26 9.20884e-20 2.25743e-14 6.68918e-10 2.39595e-06 0.00103736 0.0542915 0.343463 0.262928 0.0419118 0.134288 0.12343 0.0195665 0.0135552 0.00414201 0.00104983 0.00027288 5.24235e-05 7.92315e-06 9.06745e-07 6.7411e-08 2.55681e-09 3.88027e-11
 2.5689e-27 2.60331e-27 4.56677e-26 9.09377e-20 2.22923e-14 6.6056e-10 2.36602e-06 0.00102439 0.0536131 0.339171 0.259654 0.0420474 0.137621 0.126513 0.0202555 0.014349 0.00436061 0.00106142 0.00027033 4.96595e-05 7.25763e-06 7.65914e-07 5.19087e-08 1.96624e-09 3.07124e-11
 2.56939e-27 2.60464e-27 4.68633e-26 9.34599e-20 2.29106e-14 6.78881e-10 2.43164e-06 0.00105281 0.0551001 0.348578 0.266829 0.0415787 0.129013 0.118595 0.0193123 0.0141926 0.00433337 0.0010832 0.00027392 4.84001e-05 6.80849e-06 6.86232e-07 4.30537e-08 1.48894e-09 2.29392e-11
 2.56977e-27 2.60567e-27 4.77507e-26 9.53321e-20 2.33695e-14 6.9248e-10 2.48035e-06 0.0010739 0.0562038 0.355561 0.272159 0.0414468 0.124264 0.11418 0.0179374 0.0121689 0.00373202 0.000970322 0.000248625 4.47917e-05 6.15857e-06 5.93863e-07 3.53339e-08 1.12973e-09 1.59869e-11
 2.57002e-27 2.60634e-27 4.83281e-26 9.65499e-20 2.3668e-14 7.01326e-10 2.51203e-06 0.00108761 0.0569218 0.360103 0.275626 0.0414035 0.121498 0.111599 0.0169669 0.0106015 0.00319948 0.000755603 0.000192937 3.60074e-05 5.05036e-06 4.84963e-07 2.76139e-08 8.33021e-10 1.08919e-11
 2.5698e-27 2.60574e-27 4.77838e-26 9.54017e-20 2.33866e-14 6.92986e-10 2.48216e-06 0.00107468 0.0562449 0.355821 0.272361 0.0416815 0.125908 0.115643 0.0172255 0.0101705 0.00302739 0.00065003 0.000158993 2.74004e-05 3.8845e-06 3.84202e-07 2.19487e-08 6.36859e-10 7.83635e-12
 2.56976e-27 2.60562e-27 4.76873e-26 9.51982e-20 2.33367e-14 6.91508e-10 2.47686e-06 0.00107239 0.0561249 0.355061 0.271781 0.0416916 0.126392 0.116096 0.0174095 0.0104747 0.00309569 0.000623867 0.000147234 2.31665e-05 3.05312e-06 2.91518e-07 1.7098e-08 4.9971e-10 5.94375e-12
 2.56921e-27 2.60415e-27 4.64102e-26 9.2504e-20 2.26762e-14 6.71938e-10 2.40677e-06 0.00104204 0.0545365 0.345013 0.264111 0.041858 0.133047 0.122289 0.0194397 0.0135466 0.00403579 0.000846773 0.000198475 2.93727e-05 3.6071e-06 3.13761e-07 1.74268e-08 5.1537e-10 6.18085e-12
#obs catch len freq
 1.62996e-41 2.26228e-33 3.79544e-26 7.69707e-20 1.88685e-14 5.59107e-10 2.00263e-06 0.00086707 0.045379 0.287081 0.219954 0.0443021 0.165505 0.140695 0.0437541 0.0356121 0.0117483 0.00407312 0.000899835 0.000120836 7.1537e-06 1.33835e-07 5.8485e-10 4.79305e-13 6.38137e-17
 1.64278e-41 2.28007e-33 3.82529e-26 7.7576e-20 1.90169e-14 5.63504e-10 2.01838e-06 0.000873889 0.0457359 0.289339 0.221741 0.0463417 0.168278 0.13552 0.0435648 0.033474 0.0107992 0.0035269 0.000716196 8.39196e-05 4.10467e-06 6.0002e-08 1.96097e-10 1.16822e-13 1.11222e-17
 1.91649e-41 2.65996e-33 4.46263e-26 9.05012e-20 2.21853e-14 6.57391e-10 2.35467e-06 0.00101949 0.0533561 0.337546 0.258558 0.0457876 0.134024 0.101888 0.0334608 0.0240097 0.00755271 0.00231561 0.000433118 4.41167e-05 1.76637e-06 2.005e-08 4.89561e-11 2.12386e-14 1.44935e-18
 1.94458e-41 2.69895e-33 4.52805e-26 9.18279e-20 2.25105e-14 6.67028e-10 2.38919e-06 0.00103444 0.0541382 0.342495 0.262432 0.0489844 0.141812 0.100446 0.026283 0.015905 0.00483299 0.0013783 0.000236082 2.08668e-05 6.81182e-07 5.97091e-09 1.08599e-11 3.43183e-15 1.68218e-19
 1.98962e-41 2.76146e-33 4.63292e-26 9.39546e-20 2.30319e-14 6.82476e-10 2.44452e-06 0.00105839 0.055392 0.350427 0.26856 0.0506687 0.138449 0.0921866 0.0251972 0.0138935 0.00326145 0.000775127 0.000119421 9.08266e-06 2.41018e-07 1.62886e-09 2.20273e-12 5.06543e-16 1.7843e-20
 1.79328e-41 2.48895e-33 4.17574e-26 8.46831e-20 2.07591e-14 6.15129e-10 2.20329e-06 0.00095395 0.0499259 0.315848 0.242386 0.0575305 0.17513 0.109246 0.0297446 0.015086 0.0034071 0.000658685 7.6549e-05 4.78696e-06 1.02285e-07 5.32186e-10 5.3553e-13 8.9674e-17 2.27075e-21
 1.49756e-41 2.07851e-33 3.48714e-26 7.07185e-20 1.73358e-14 5.13692e-10 1.83996e-06 0.000796639 0.0416929 0.263765 0.202943 0.0660346 0.218864 0.130315 0.0465509 0.0231938 0.00490743 0.000852016 7.96672e-05 3.59163e-06 5.78872e-08 2.29003e-10 1.71354e-13 2.09327e-17 3.81814e-22
 2.12438e-41 2.9485e-33 4.94672e-26 1.00319e-19 2.45919e-14 7.28703e-10 2.6101e-06 0.00113008 0.059144 0.374164 0.286849 0.0520371 0.109722 0.0636931 0.0321998 0.0162756 0.00405418 0.000673496 5.38711e-05 1.8462e-06 2.07108e-08 5.82133e-11 3.17062e-14 2.81619e-18 3.70488e-23
 2.01837e-41 2.80136e-33 4.69987e-26 9.53124e-20 2.33647e-14 6.92339e-10 2.47985e-06 0.00107369 0.0561925 0.355494 0.272995 0.0626067 0.148133 0.0744686 0.0180816 0.00794682 0.00251456 0.00045471 3.57821e-05 1.0019e-06 8.17653e-09 1.56785e-11 5.84933e-15 3.64867e-19 3.41774e-24
 2.05516e-41 2.85243e-33 4.78555e-26 9.705e-20 2.37907e-14 7.04961e-10 2.52505e-06 0.00109326 0.0572169 0.361975 0.27808 0.0640038 0.140029 0.0673817 0.0212443 0.00743561 0.0012872 0.000229941 1.95866e-05 5.09996e-07 3.31014e-09 4.54819e-12 1.15615e-15 4.86426e-20 3.11223e-25
 1.78077e-41 2.47159e-33 4.14661e-26 8.40925e-20 2.06143e-14 6.10839e-10 2.18793e-06 0.000947296 0.0495777 0.313651 0.24192 0.0794764 0.191921 0.0859511 0.0261015 0.00872008 0.00154607 0.000173331 1.14536e-05 2.8877e-07 1.65407e-09 1.78675e-12 3.28932e-16 9.57629e-21 4.15713e-26
 2.06807e-41 2.87034e-33 4.81559e-26 9.76593e-20 2.394e-14 7.09387e-10 2.54091e-06 0.00110013 0.0575762 0.364251 0.280238 0.0687584 0.132548 0.0596479 0.0261296 0.00824631 0.00135801 0.000138688 6.3431e-06 1.13154e-07 5.49876e-10 4.99938e-13 7.23969e-17 1.56274e-21 4.82836e-27
 1.89918e-41 2.63594e-33 4.42233e-26 8.9684e-20 2.1985e-14 6.51455e-10 2.33341e-06 0.00101028 0.0528743 0.334511 0.258425 0.0846616 0.17183 0.0675749 0.0209604 0.00669376 0.00132735 0.000123941 4.72824e-06 5.8948e-08 1.94052e-10 1.33778e-13 1.54118e-17 2.60522e-22 6.09832e-28
 1.97863e-41 2.74621e-33 4.60734e-26 9.3436e-20 2.29047e-14 6.78709e-10 2.43103e-06 0.00105255 0.0550863 0.348507 0.269267 0.0833601 0.151586 0.0600885 0.0238192 0.00616687 0.000966631 9.45713e-05 3.35855e-06 3.30603e-08 7.62467e-11 3.50425e-14 2.81475e-18 3.51379e-23 6.23561e-29
 1.68354e-41 2.33665e-33 3.92021e-26 7.9501e-20 1.94887e-14 5.77487e-10 2.06846e-06 0.000895574 0.0468708 0.296546 0.231269 0.108232 0.205431 0.0751766 0.0271596 0.00719775 0.00113036 8.60087e-05 2.72391e-06 2.36808e-08 4.2579e-11 1.39227e-14 7.5598e-19 6.34077e-24 7.75759e-30
 1.55055e-41 2.15207e-33 3.61054e-26 7.3221e-20 1.79493e-14 5.3187e-10 1.90507e-06 0.00082483 0.0431683 0.273133 0.214432 0.117649 0.212429 0.0860434 0.0410118 0.0097809 0.00142167 0.00010144 2.55656e-06 1.78456e-08 2.64348e-11 6.74499e-15 2.67947e-19 1.5714e-24 1.31016e-30
 1.78333e-41 2.47514e-33 4.15256e-26 8.42131e-20 2.06438e-14 6.11715e-10 2.19106e-06 0.000948655 0.0496488 0.314132 0.245433 0.106001 0.165876 0.0699559 0.036306 0.0100507 0.00154714 9.68497e-05 2.09352e-06 1.1458e-08 1.28644e-11 2.53485e-15 7.75396e-20 3.4074e-25 2.06229e-31
 1.74756e-41 2.4255e-33 4.06928e-26 8.25243e-20 2.02299e-14 5.99448e-10 2.14712e-06 0.00092963 0.0486532 0.307851 0.242265 0.12171 0.17907 0.0636022 0.0268102 0.00772052 0.00130218 8.33444e-05 1.55065e-06 6.8215e-09 5.8712e-12 8.55794e-16 1.9295e-20 6.3057e-26 2.84486e-32
 1.76953e-41 2.456e-33 4.12045e-26 8.35618e-20 2.04842e-14 6.06984e-10 2.17412e-06 0.000941318 0.0492649 0.311736 0.246258 0.12625 0.170834 0.0624966 0.0254981 0.00577628 0.000884661 5.73243e-05 1.00672e-06 3.71168e-09 2.48673e-12 2.72933e-16 4.52727e-21 1.07273e-26 3.49679e-33
 1.73252e-41 2.40463e-33 4.03426e-26 8.1814e-20 2.00557e-14 5.94289e-10 2.12864e-06 0.00092163 0.0482345 0.305243 0.243102 0.137724 0.173557 0.0615557 0.023849 0.00513748 0.000638452 3.45522e-05 5.50581e-07 1.78328e-09 9.78052e-13 8.29254e-17 1.02794e-21 1.78866e-27 4.23277e-34
 1.8165e-41 2.52118e-33 4.22981e-26 8.57796e-20 2.10279e-14 6.23094e-10 2.23182e-06 0.000966301 0.0505725 0.320053 0.255135 0.135513 0.154775 0.0567923 0.0214242 0.00427714 0.000469892 2.01749e-05 2.52618e-07 6.75439e-10 3.06215e-13 2.08188e-17 1.99732e-22 2.6132e-28 4.55963e-35
 1.78684e-41 2.48001e-33 4.16073e-26 8.43789e-20 2.06845e-14 6.12919e-10 2.19538e-06 0.000950522 0.0497468 0.314872 0.253667 0.148896 0.157513 0.0526325 0.0179275 0.00344453 0.000336088 1.18775e-05 1.13379e-07 2.27098e-10 7.91206e-14 4.20533e-18 3.14773e-23 3.1717e-29 4.19301e-36
 1.79251e-41 2.48789e-33 4.17394e-26 8.46467e-20 2.07502e-14 6.14865e-10 2.20235e-06 0.00095354 0.0499048 0.315915 0.256354 0.153715 0.150695 0.0526351 0.0167751 0.00280138 0.000241018 7.13648e-06 5.30654e-08 7.87814e-11 1.99604e-14 7.76903e-19 4.32235e-24 3.27175e-30 3.26046e-37
 1.78847e-41 2.48227e-33 4.16453e-26 8.44558e-20 2.07033e-14 6.13478e-10 2.19738e-06 0.000951389 0.0497924 0.315265 0.258396 0.161503 0.146396 0.0500405 0.0151138 0.002365 0.000170646 4.11692e-06 2.41562e-08 2.7067e-11 5.0126e-15 1.40183e-19 5.57836e-25 3.03232e-31 2.18698e-38
 1.81141e-41 2.51412e-33 4.21796e-26 8.55394e-20 2.0969e-14 6.21349e-10 2.22557e-06 0.000963596 0.0504314 0.319375 0.263813 0.16499 0.138143 0.0470606 0.0132017 0.00189834 0.000119333 2.30864e-06 1.04247e-08 8.83624e-12 1.21309e-15 2.46803e-20 7.05007e-26 2.72933e-32 1.39712e-39
 1.75751e-41 2.43931e-33 4.09244e-26 8.29939e-20 2.0345e-14 6.02859e-10 2.15934e-06 0.000934921 0.0489311 0.310002 0.261025 0.179409 0.140329 0.045888 0.0118462 0.00154829 8.36505e-05 1.31828e-06 4.57961e-09 2.8903e-12 2.92004e-16 4.34174e-21 8.9939e-27 2.5053e-33 9.16716e-41
 1.67796e-41 2.32889e-33 3.9072e-26 7.92373e-20 1.94241e-14 5.75571e-10 2.0616e-06 0.000892603 0.0467168 0.296152 0.255619 0.194294 0.144711 0.0486241 0.0115856 0.00134011 6.13619e-05 7.81105e-07 2.10302e-09 9.94966e-13 7.36699e-17 7.93832e-22 1.18653e-27 2.37968e-34 6.25546e-42
 1.66517e-41 2.31115e-33 3.87743e-26 7.86336e-20 1.92761e-14 5.71186e-10 2.0459e-06 0.000885803 0.0463615 0.294057 0.25772 0.197838 0.140601 0.0498242 0.0114603 0.00120412 4.5944e-05 4.65549e-07 9.65575e-10 3.43399e-13 1.87688e-17 1.47255e-22 1.58729e-28 2.28272e-35 4.29059e-43
#spawning biomass
 7234.59 6772.28 7875.95 10788.9 15427.6 18281.5 17923.6 22289 32922.1 50851.3 58584 76676.2 99043.7 123224 116053 100886 102246 101728 98870.5 94228.1 92136.7 95799.3 103871 115754 125470 128777 129010 168071 260472 427123 457147 428967 373801 312391 256064 209402 173098 146013 126391 112475 102760 96050.3 91425.4 88241.9 86131.2 84731.7 83803.9 83188.7 82780.8 82510.3 82331 82212.1 82133.3 82081.1 82046.4 82023.4 82008.2 81998.1 81991.4 81987 81984 81982.1 81980.8 81979.9 81979.4 81979 81978.7 81978.6 81978.5 81978.4 81978.3 81978.3 81978.3 81978.3 81978.3 81978.3 81978.2 81978.2 81978.2 81978.2 81978.2 81978.2 81978.2 81978.2 81978.2 81978.2 81978.2 81978.2 81978.2 81978.2 81978.2 81978.2 81978.2 81978.2 81978.2 81978.2 81978.2 81978.2 81978.2 81978.2 81978.2 81978.2 81978.2 81978.2 81978.2 81978.2 81978.2 81978.2 81978.2 81978.2 81978.2 81978.2 81978.2 81978.2 81978.2 81978.2 81978.2 81978.2 81978.2 81978.2 81978.2 81978.2 81978.2 81978.2 81978.2 81978.2 81978.2 81978.2 0 0 0 0 0 0 0 0 0 0 0 0 0 0 0 0 0 0 0 0 0 0 0 0 0
