SBPRF35
27.958
Curr Bio
208484
B35
4.59638e+07
F35
0.0239689
FOFL
0
OFL
0
Bzero
7.98799e+06
#pred survey bio
 21214.5 22462.9 20002.1 22119.5 35860.8 47695.3 61987.1 83329.6 118021 147684 147418 198398 246063 241256 253117 262216 225023 260812 229978 213614 263582 271843 260473 270270 283705 278921 283671 250176 5.91021e+06 1.1398e+07 1.7962e+07 2.44532e+07 3.04285e+07 3.5667e+07 4.01111e+07 4.37977e+07 4.68093e+07 4.92444e+07 5.12011e+07 5.27686e+07 5.40238e+07 5.50312e+07 5.57256e+07 5.5855e+07 5.59852e+07 5.61152e+07 5.62445e+07 5.63728e+07 5.64997e+07 5.6625e+07 5.67487e+07 5.68705e+07 5.69906e+07 5.71088e+07 5.72252e+07 5.73397e+07 5.74524e+07 5.75633e+07 5.76724e+07 5.77798e+07 5.78854e+07 5.79894e+07 5.80918e+07 5.81925e+07 5.82917e+07 5.83894e+07 5.84855e+07 5.85802e+07 5.86734e+07 5.87652e+07 5.88557e+07 5.89448e+07 5.90326e+07 5.91191e+07 5.92043e+07 5.92883e+07 5.93712e+07 5.94528e+07 5.95333e+07 5.96126e+07 5.96909e+07 5.97681e+07 5.98442e+07 5.99193e+07 5.99933e+07 6.00664e+07 6.01385e+07 6.02097e+07 6.02799e+07 6.03492e+07 6.04176e+07 6.04851e+07 6.05518e+07 6.06176e+07 6.06827e+07 6.07468e+07 6.08103e+07 6.08729e+07 6.09347e+07 6.09958e+07 6.10562e+07 6.11159e+07 6.11748e+07 6.12331e+07 6.12906e+07 6.13475e+07 6.14038e+07 6.14594e+07 6.15144e+07 6.15687e+07 6.16224e+07 6.16756e+07 6.17281e+07 6.17801e+07 6.18315e+07 6.18823e+07 6.19326e+07 6.19823e+07 6.20316e+07 6.20803e+07 6.21284e+07 6.21761e+07 6.22233e+07 6.227e+07 6.23162e+07 6.23619e+07 6.24072e+07 6.2452e+07 0 0 0 0 0 0 0 0 0 0 0 0 0 0 0 0 0 0 0 0 0 0 0 0 0
#obs survey bio
 19764.2 15942.1 18987.7 32843.2 48408.7 49865.5 88116.3 84331 130061 163770 109164 168275 206003 222374 166736 226424 209767 206423 161641 178946 204159 348221 248049 245276 259181 243078 186176 219086
#pred catch bio
 11694.4 14819.2 12915.3 12092.7 25679.3 36045.4 46450.8 61293.1 88837.3 121557 112554 153401 203100 195662 205114 229701 179003 224389 201922 174603 223075 238760 228896 237401 255319 247010 258671 224767 0 12678 20288 27839.9 34828.9 40968.1 46172.3 50475.3 53970.3 56773 59000.5 60759.9 62144.3 63231.4 63950 64013.8 64075.6 64135.6 64193.7 64250 64304.7 64357.6 64409 64458.8 64507 64553.8 64599.2 64643.1 64685.8 64727.1 64767.2 64806 64843.7 64880.2 64915.6 64949.9 64983.1 65015.4 65046.7 65077 65106.3 65134.8 65162.5 65189.2 65215.2 65240.3 65264.7 65288.4 65311.3 65333.6 65355.1 65376 65396.3 65415.9 65434.9 65453.4 65471.3 65488.6 65505.4 65521.7 65537.5 65552.9 65567.7 65582.1 65596.1 65609.6 65622.7 65635.5 65647.8 65659.8 65671.3 65682.6 65693.5 65704 65714.3 65724.2 65733.8 65743.2 65752.2 65761 65769.5 65777.7 65785.7 65793.5 65801 65808.2 65815.3 65822.1 65828.8 65835.2 65841.4 65847.5 65853.4 65859 65864.5 65869.9 65875.1 65880.1 65884.9 65889.7 0 0 0 0 0 0 0 0 0 0 0 0 0 0 0 0 0 0 0 0 0 0 0 0 0
#obs catch bio
 14550.5 16009.3 17302.6 9699.72 19906.8 30559.1 37018.9 49139.4 80269.7 106456 101079 149662 191064 176638 209624 229770 160855 204823 190268 154528 203583 186356 197128 207004 220172 216580 234560 193476
#pred cpue bio
 16561.4 19179.3 15186.4 15817.1 22291.9 27492 33013.2 44581 62576.1 83884.1 79639.6 101194 133089 133170 137902 145454 110783 140436 120449 98310 125013 135160 117991 116264 122553 114536 123246 106214 2.45552e+06 1.12444e+07 1.78426e+07 2.43313e+07 3.03065e+07 3.5545e+07 3.99891e+07 4.36757e+07 4.66873e+07 4.91224e+07 5.10791e+07 5.26466e+07 5.39018e+07 5.49092e+07 5.56036e+07 5.5733e+07 5.58631e+07 5.59932e+07 5.61225e+07 5.62508e+07 5.63777e+07 5.6503e+07 5.66266e+07 5.67485e+07 5.68686e+07 5.69868e+07 5.71032e+07 5.72177e+07 5.73304e+07 5.74413e+07 5.75504e+07 5.76578e+07 5.77634e+07 5.78674e+07 5.79698e+07 5.80705e+07 5.81697e+07 5.82674e+07 5.83635e+07 5.84582e+07 5.85514e+07 5.86432e+07 5.87337e+07 5.88228e+07 5.89106e+07 5.89971e+07 5.90823e+07 5.91663e+07 5.92491e+07 5.93308e+07 5.94113e+07 5.94906e+07 5.95689e+07 5.96461e+07 5.97222e+07 5.97973e+07 5.98713e+07 5.99444e+07 6.00165e+07 6.00877e+07 6.01579e+07 6.02272e+07 6.02956e+07 6.03631e+07 6.04298e+07 6.04956e+07 6.05606e+07 6.06248e+07 6.06882e+07 6.07509e+07 6.08127e+07 6.08738e+07 6.09342e+07 6.09939e+07 6.10528e+07 6.11111e+07 6.11686e+07 6.12255e+07 6.12818e+07 6.13374e+07 6.13923e+07 6.14467e+07 6.15004e+07 6.15536e+07 6.16061e+07 6.16581e+07 6.17095e+07 6.17603e+07 6.18106e+07 6.18603e+07 6.19096e+07 6.19582e+07 6.20064e+07 6.20541e+07 6.21013e+07 6.2148e+07 6.21942e+07 6.22399e+07 6.22852e+07 6.233e+07 0 0 0 0 0 0 0 0 0 0 0 0 0 0 0 0 0 0 0 0 0 0 0 0 0
#obs cpue bio
 20331.6 14352.5 13222.4 16632.8 37333 50453.3 56102.1 86254.3 94676 139742 130951 145426 215545 205767 178895 212663 156654 277256 224570 176406 235608 326099 208882 216885 246997 214972 274575 223165
#pred surv len freq
 1.14401e-11 1.24172e-09 7.94697e-08 2.99894e-06 6.67305e-05 0.000875553 0.00677491 0.0309386 0.0836885 0.136562 0.146059 0.132542 0.131353 0.118428 0.0819628 0.0487313 0.029015 0.0174748 0.0108379 0.00720629 0.00525401 0.00425096 0.00361095 0.00275977 0.00160502
 8.0156e-12 8.70016e-10 5.5681e-08 2.10123e-06 4.67556e-05 0.00061349 0.00474802 0.0217038 0.0590008 0.0986325 0.116444 0.132805 0.159641 0.153765 0.108032 0.0639043 0.0365318 0.0198532 0.0103478 0.00549362 0.00314479 0.00205426 0.00151521 0.00109106 0.000629468
 1.18407e-11 1.28519e-09 8.22522e-08 3.10394e-06 6.90669e-05 0.000906203 0.00701191 0.0320168 0.0865503 0.140791 0.148545 0.129896 0.124542 0.113832 0.0848542 0.056678 0.0356435 0.0198731 0.0099206 0.00462442 0.00209983 0.00101686 0.000575256 0.000356327 0.000194025
 1.24579e-11 1.35218e-09 8.65396e-08 3.26574e-06 7.26671e-05 0.000953445 0.00737763 0.0336908 0.0911314 0.148691 0.158941 0.143827 0.141066 0.122993 0.0771443 0.037379 0.0179346 0.00955247 0.00509065 0.002444 0.00103156 0.000402618 0.000162821 7.49803e-05 3.49614e-05
 1.50905e-11 1.63793e-09 1.04827e-07 3.95585e-06 8.80227e-05 0.0011549 0.00893572 0.0407884 0.110088 0.17767 0.180864 0.141384 0.116405 0.0957799 0.0627372 0.0339585 0.0170321 0.00770522 0.00318788 0.00134089 0.000562061 0.000212266 7.12413e-05 2.33864e-05 8.0636e-06
 1.53961e-11 1.6711e-09 1.0695e-07 4.03597e-06 8.98054e-05 0.0011783 0.00911691 0.0416197 0.112389 0.181851 0.187289 0.151798 0.129927 0.103791 0.0572687 0.0193167 0.00387003 0.000457853 3.19604e-05 1.32064e-06 3.40604e-08 1.16794e-09 2.22973e-10 6.04684e-11 1.53206e-11
 1.63911e-11 1.7791e-09 1.13862e-07 4.2968e-06 9.56093e-05 0.00125444 0.00970581 0.0443024 0.119555 0.19281 0.195603 0.150935 0.120603 0.0931493 0.0509547 0.0171561 0.00343589 0.000406435 2.83581e-05 1.16675e-06 2.8306e-08 4.0491e-10 3.41527e-12 1.69861e-14 4.98126e-17
 1.63382e-11 1.77335e-09 1.13494e-07 4.28292e-06 9.53005e-05 0.00125039 0.00967448 0.0441596 0.119174 0.192227 0.19516 0.150981 0.121099 0.0937155 0.0512907 0.017271 0.00345899 0.000409169 2.85488e-05 1.17459e-06 2.84965e-08 4.07634e-10 3.43824e-12 1.71003e-14 5.01469e-17
 1.64428e-11 1.78471e-09 1.14221e-07 4.31036e-06 9.5911e-05 0.0012584 0.00973642 0.0444418 0.119927 0.19338 0.196035 0.15089 0.120118 0.0925962 0.0506265 0.0170438 0.00341333 0.000403765 2.81717e-05 1.15908e-06 2.812e-08 4.02249e-10 3.39282e-12 1.68745e-14 4.94846e-17
 1.55928e-11 1.69245e-09 1.08317e-07 4.08753e-06 9.09528e-05 0.00119335 0.00923333 0.04215 0.113806 0.184018 0.188933 0.151627 0.128083 0.101687 0.0560204 0.0188895 0.00378415 0.000447657 3.12346e-05 1.2851e-06 3.11773e-08 4.45983e-10 3.7617e-12 1.87091e-14 5.48646e-17
 1.62227e-11 1.76082e-09 1.12692e-07 4.25265e-06 9.46268e-05 0.00124155 0.00960612 0.0438482 0.118342 0.190955 0.194195 0.151081 0.122181 0.0949507 0.0520235 0.0175218 0.00350937 0.000415133 2.8965e-05 1.19172e-06 2.89119e-08 4.13577e-10 3.48836e-12 1.73496e-14 5.08779e-17
 1.6875e-11 1.83162e-09 1.17223e-07 4.42364e-06 9.84317e-05 0.00129147 0.0099922 0.0456069 0.123039 0.19814 0.199646 0.150515 0.116068 0.0879744 0.0478842 0.0161054 0.0032248 0.00038145 2.66146e-05 1.09501e-06 2.65657e-08 3.80015e-10 3.20528e-12 1.59417e-14 4.67492e-17
 1.62084e-11 1.75927e-09 1.12593e-07 4.24891e-06 9.45436e-05 0.00124046 0.00959769 0.0438098 0.118239 0.190798 0.194076 0.151093 0.122315 0.0951032 0.052114 0.0175528 0.00351559 0.000415869 2.90164e-05 1.19383e-06 2.89631e-08 4.1431e-10 3.49455e-12 1.73804e-14 5.09681e-17
 1.59596e-11 1.73227e-09 1.10865e-07 4.18369e-06 9.30925e-05 0.00122142 0.00945044 0.043139 0.116447 0.188058 0.191998 0.151309 0.124646 0.0977639 0.0536927 0.018093 0.00362413 0.000428716 2.99128e-05 1.23071e-06 2.9858e-08 4.2711e-10 3.60252e-12 1.79174e-14 5.25428e-17
 1.61207e-11 1.74975e-09 1.11984e-07 4.22591e-06 9.4032e-05 0.00123375 0.00954577 0.0435733 0.117607 0.189832 0.193343 0.151169 0.123137 0.0960413 0.0526706 0.0177433 0.00355386 0.000420399 2.93324e-05 1.20683e-06 2.92786e-08 4.18823e-10 3.53262e-12 1.75697e-14 5.15233e-17
 1.58979e-11 1.72556e-09 1.10436e-07 4.1675e-06 9.27321e-05 0.00121669 0.00941388 0.0429725 0.116003 0.187378 0.191481 0.151363 0.125225 0.0984246 0.0540847 0.0182271 0.00365108 0.000431906 3.01354e-05 1.23987e-06 3.00802e-08 4.30289e-10 3.62932e-12 1.80507e-14 5.29338e-17
 1.72439e-11 1.87166e-09 1.19786e-07 4.52034e-06 0.000100583 0.0013197 0.0102105 0.0466015 0.125696 0.202203 0.202728 0.150196 0.112611 0.0840293 0.0455435 0.0153045 0.00306388 0.000362402 2.52854e-05 1.04032e-06 2.52389e-08 3.61036e-10 3.0452e-12 1.51455e-14 4.44144e-17
 1.62619e-11 1.76507e-09 1.12964e-07 4.26292e-06 9.48555e-05 0.00124455 0.00962933 0.0439539 0.118624 0.191387 0.194523 0.151047 0.121814 0.0945314 0.0517748 0.0174367 0.00349227 0.000413109 2.88237e-05 1.1859e-06 2.87709e-08 4.11559e-10 3.47135e-12 1.7265e-14 5.06297e-17
 1.65831e-11 1.79994e-09 1.15196e-07 4.34713e-06 9.67292e-05 0.00126913 0.00981945 0.04482 0.120937 0.194925 0.197207 0.150768 0.118803 0.0910959 0.0497364 0.0167392 0.00335213 0.000396521 2.76662e-05 1.13828e-06 2.76155e-08 3.95032e-10 3.33195e-12 1.65717e-14 4.85966e-17
 1.78854e-11 1.94129e-09 1.24242e-07 4.68852e-06 0.000104325 0.00136879 0.0105902 0.0483311 0.130316 0.209268 0.208088 0.149639 0.1066 0.0771681 0.0414725 0.0139114 0.00278401 0.000329276 2.29738e-05 9.45212e-07 2.29315e-08 3.28028e-10 2.7668e-12 1.37609e-14 4.03538e-17
 1.76083e-11 1.91121e-09 1.22317e-07 4.61587e-06 0.000102709 0.00134758 0.0104262 0.0475839 0.12832 0.206216 0.205773 0.14988 0.109197 0.0801322 0.0432312 0.0145132 0.00290491 0.000343586 2.39724e-05 9.863e-07 2.39283e-08 3.42288e-10 2.88707e-12 1.4359e-14 4.2108e-17
 1.71434e-11 1.86075e-09 1.19088e-07 4.49401e-06 9.99973e-05 0.00131201 0.0101511 0.0463306 0.124972 0.201096 0.201889 0.150283 0.113553 0.0851037 0.0461809 0.0155226 0.00310771 0.00036759 2.56474e-05 1.05522e-06 2.56002e-08 3.66205e-10 3.0888e-12 1.53624e-14 4.50502e-17
 1.80256e-11 1.95651e-09 1.25216e-07 4.72526e-06 0.000105143 0.00137952 0.0106732 0.048709 0.131325 0.210812 0.20926 0.149518 0.105286 0.075669 0.040583 0.0136071 0.00272286 0.000322038 2.24687e-05 9.24431e-07 2.24273e-08 3.20816e-10 2.70597e-12 1.34583e-14 3.94666e-17
 1.84576e-11 2.0034e-09 1.28217e-07 4.83852e-06 0.000107663 0.00141258 0.0109289 0.0498739 0.134436 0.215571 0.212869 0.149143 0.101237 0.0710485 0.0378415 0.012669 0.00253439 0.000299729 2.0912e-05 8.6038e-07 2.08734e-08 2.98588e-10 2.51848e-12 1.25258e-14 3.67321e-17
 1.84241e-11 1.99976e-09 1.27984e-07 4.82974e-06 0.000107468 0.00141002 0.010909 0.0497835 0.134195 0.215202 0.212589 0.149172 0.101551 0.0714069 0.0380541 0.0127417 0.002549 0.000301459 2.10327e-05 8.65348e-07 2.09939e-08 3.00312e-10 2.53302e-12 1.25982e-14 3.69442e-17
 1.88158e-11 2.04228e-09 1.30706e-07 4.93242e-06 0.000109752 0.00143999 0.0111409 0.0508396 0.137016 0.219516 0.215862 0.148833 0.0978807 0.0672176 0.0355685 0.0118912 0.00237812 0.000281233 1.96213e-05 8.07276e-07 1.9585e-08 2.80158e-10 2.36303e-12 1.17527e-14 3.44649e-17
 1.83775e-11 1.9947e-09 1.27661e-07 4.81752e-06 0.000107196 0.00140645 0.0108815 0.0496579 0.13386 0.214688 0.2122 0.149213 0.101988 0.0719053 0.0383499 0.0128429 0.00256933 0.000303866 2.12006e-05 8.72257e-07 2.11615e-08 3.0271e-10 2.55324e-12 1.26987e-14 3.72392e-17
 1.85617e-11 2.0147e-09 1.2894e-07 4.86581e-06 0.00010827 0.00142055 0.0109905 0.0501545 0.135186 0.216717 0.213739 0.149053 0.100262 0.0699352 0.037181 0.012443 0.00248898 0.000294354 2.05369e-05 8.44948e-07 2.0499e-08 2.93232e-10 2.47331e-12 1.23012e-14 3.60732e-17
#obs surv len freq
 3.6874e-11 3.41736e-09 1.86744e-07 6.01716e-06 0.000114321 0.00128077 0.00846305 0.0330235 0.0765925 0.109184 0.11075 0.113261 0.130596 0.132401 0.112603 0.0836814 0.0511132 0.0243291 0.00911241 0.00271822 0.000638852 0.000115441 1.54248e-05 1.45217e-06 9.22083e-08
 1.92475e-11 1.72045e-09 9.06769e-08 2.818e-06 5.164e-05 0.000558077 0.00355951 0.0134527 0.0307608 0.0469273 0.0643767 0.10137 0.1472 0.170931 0.166082 0.131145 0.0766034 0.0325557 0.0107508 0.00291613 0.000636825 0.000105736 1.27319e-05 1.07422e-06 6.16197e-08
 1.4615e-10 1.25782e-08 6.38297e-07 1.90992e-05 0.000336972 0.00350561 0.0215047 0.0777969 0.166102 0.210139 0.161071 0.0846509 0.0501383 0.0536441 0.063384 0.0556303 0.0330349 0.0136161 0.00418477 0.00101417 0.000194716 2.872e-05 3.11492e-06 2.37532e-07 1.227e-08
 1.2352e-10 1.02188e-08 4.98485e-07 1.43381e-05 0.000243178 0.00243211 0.0143495 0.0500456 0.104284 0.136896 0.138689 0.150638 0.161232 0.125713 0.0671804 0.0286695 0.0121652 0.00509913 0.00178177 0.000465504 8.76825e-05 1.1837e-05 1.13877e-06 7.67002e-08 3.52263e-09
 1.9555e-10 1.55276e-08 7.27001e-07 2.00703e-05 0.000326711 0.00313604 0.0177538 0.0593404 0.117752 0.14275 0.120459 0.101226 0.105981 0.112395 0.10304 0.0712957 0.032859 0.00956958 0.00180777 0.000251467 3.12391e-05 3.56254e-06 3.18306e-07 1.98009e-08 8.20491e-10
 3.11243e-10 2.36864e-08 1.06288e-06 2.81229e-05 0.000438759 0.00403651 0.0219036 0.0702036 0.133881 0.157647 0.134142 0.117258 0.115197 0.100312 0.0732846 0.0441073 0.0197946 0.00618759 0.00134518 0.000206986 2.26179e-05 1.76828e-06 1.02921e-07 4.64596e-09 1.58862e-10
 4.34097e-10 3.16192e-08 1.35801e-06 3.43908e-05 0.000513541 0.00452198 0.023488 0.0720908 0.131934 0.150617 0.12878 0.117826 0.118714 0.10472 0.0771219 0.0450118 0.0185429 0.00503949 0.0009128 0.000117523 1.14925e-05 8.5762e-07 4.64341e-08 1.73863e-09 4.41886e-11
 5.67825e-10 3.95358e-08 1.62313e-06 3.92921e-05 0.000560858 0.00472102 0.0234455 0.0688648 0.121173 0.135922 0.122122 0.123093 0.128811 0.114201 0.083923 0.0480403 0.0191197 0.0049884 0.000860986 0.000103112 8.97426e-06 5.74917e-07 2.67132e-08 8.81485e-10 2.01723e-11
 9.32367e-10 6.19804e-08 2.42945e-06 5.61502e-05 0.000765226 0.00614977 0.0291571 0.0817362 0.137048 0.145424 0.121122 0.113174 0.11555 0.10469 0.0788027 0.0445614 0.0169247 0.00411354 0.000647041 6.9216e-05 5.33359e-06 3.03498e-07 1.25302e-08 3.6361e-10 7.2298e-12
 1.1511e-09 7.29766e-08 2.72799e-06 6.013e-05 0.000781525 0.00599049 0.0271015 0.0726621 0.117875 0.127275 0.122137 0.133819 0.137996 0.115724 0.0791457 0.0411367 0.0145055 0.00326864 0.000470622 4.50615e-05 3.03583e-06 1.49255e-07 5.33165e-09 1.34745e-10 2.34799e-12
 1.87276e-09 1.13111e-07 4.02819e-06 8.45877e-05 0.00104738 0.00764821 0.0329585 0.0841115 0.12942 0.130587 0.113927 0.116939 0.123609 0.113379 0.0836478 0.0440297 0.0149814 0.00316978 0.000419169 3.59061e-05 2.10531e-06 8.86098e-08 2.70536e-09 5.8647e-11 8.78928e-13
 2.84284e-09 1.63416e-07 5.53893e-06 0.0001107 0.00130459 0.00906736 0.037202 0.0905227 0.133738 0.133329 0.121514 0.127447 0.126369 0.103997 0.0690082 0.03339 0.0106034 0.00210687 0.000261871 2.10061e-05 1.14193e-06 4.38187e-08 1.19541e-09 2.27266e-11 2.94559e-13
 3.75212e-09 2.05091e-07 6.61004e-06 0.000125619 0.00140772 0.00930474 0.0363231 0.0843034 0.120225 0.121138 0.1204 0.135031 0.136314 0.113261 0.0745722 0.0348598 0.010513 0.00196669 0.000228721 1.70438e-05 8.53809e-07 3.00175e-08 7.48887e-10 1.30011e-11 1.53097e-13
 5.04364e-09 2.61923e-07 8.02032e-06 0.000144812 0.00154184 0.00968377 0.0359401 0.0795214 0.109503 0.11144 0.118426 0.138894 0.143738 0.122334 0.0803303 0.0362029 0.0102987 0.00178952 0.00018975 1.25383e-05 5.3804e-07 1.58129e-08 3.31035e-10 4.94559e-12 5.14065e-14
 7.9527e-09 3.92077e-07 1.13977e-05 0.000195368 0.00197478 0.0117753 0.0414973 0.0872494 0.114548 0.112385 0.116906 0.135155 0.139656 0.118832 0.0763298 0.0329558 0.00890172 0.00146821 0.00014856 9.45621e-06 3.94377e-07 1.12336e-08 2.22524e-10 3.02691e-12 2.76259e-14
 1.27335e-08 5.95567e-07 1.64249e-05 0.000267098 0.00256137 0.0144908 0.0484697 0.0968987 0.121918 0.117385 0.121796 0.136582 0.133839 0.107166 0.064631 0.0261972 0.00664629 0.00103028 9.80675e-05 5.88077e-06 2.31598e-07 6.2495e-09 1.17693e-10 1.52621e-12 1.32803e-14
 1.81729e-08 8.05888e-07 2.10724e-05 0.000324902 0.0029542 0.0158499 0.0503244 0.0959299 0.117373 0.116108 0.127428 0.143261 0.136218 0.104705 0.0600559 0.0230255 0.00552621 0.000814552 7.45077e-05 4.36249e-06 1.70483e-07 4.58954e-09 8.5267e-11 1.06985e-12 8.86217e-15
 2.58006e-08 1.08424e-06 2.68664e-05 0.000392553 0.00338262 0.0172026 0.0518229 0.0941636 0.11198 0.113011 0.128935 0.146319 0.13954 0.106542 0.0592897 0.0216883 0.00494323 0.000694853 6.13073e-05 3.5209e-06 1.37086e-07 3.69649e-09 6.83844e-11 8.4681e-13 6.87842e-15
 4.48513e-08 1.7854e-06 4.19068e-05 0.000580011 0.00473425 0.0228052 0.065057 0.111795 0.125013 0.117095 0.124563 0.135776 0.12675 0.0941682 0.050092 0.0172986 0.00370009 0.000486584 4.00676e-05 2.14425e-06 7.79172e-08 1.97453e-09 3.47135e-11 4.13215e-13 3.25428e-15
 5.95516e-08 2.2448e-06 4.98945e-05 0.000653945 0.00505525 0.0230758 0.0625512 0.103454 0.117052 0.122111 0.141651 0.149778 0.128181 0.0867763 0.0426385 0.0137897 0.00279543 0.000353474 2.8538e-05 1.52826e-06 5.60589e-08 1.41666e-09 2.42168e-11 2.73919e-13 2.02282e-15
 8.54572e-08 3.04969e-06 6.41734e-05 0.000796289 0.00582799 0.0251925 0.0647317 0.101937 0.111663 0.116394 0.136858 0.149031 0.133677 0.092629 0.0445744 0.0136977 0.00259634 0.000303585 2.24265e-05 1.09033e-06 3.64029e-08 8.5125e-10 1.3777e-11 1.50288e-13 1.07944e-15
 1.30525e-07 4.40919e-06 8.78251e-05 0.00103158 0.00714741 0.0292581 0.0713071 0.107264 0.114977 0.120996 0.140913 0.147672 0.126168 0.0827053 0.0374714 0.0108308 0.00193528 0.00021438 1.51054e-05 7.03934e-07 2.2455e-08 4.94971e-10 7.42428e-12 7.41725e-14 4.86397e-16
 1.91758e-07 6.13125e-06 0.000115596 0.00128519 0.00842945 0.0326808 0.0756049 0.109017 0.115597 0.124528 0.144879 0.147695 0.121599 0.0758903 0.0323489 0.00872423 0.00144349 0.000146529 9.32097e-06 3.85904e-07 1.08565e-08 2.1296e-10 2.898e-12 2.67153e-14 1.6294e-16
 2.72297e-07 8.24082e-06 0.000147061 0.00154764 0.00960976 0.035295 0.0775984 0.107776 0.114551 0.127835 0.149224 0.14894 0.119027 0.0711554 0.0287236 0.00730421 0.00114095 0.000109924 6.69066e-06 2.66852e-07 7.21492e-09 1.33827e-10 1.68132e-12 1.40127e-14 7.63582e-17
 3.75752e-07 1.07642e-05 0.000181831 0.00181141 0.0106494 0.0370683 0.0775698 0.104384 0.112674 0.131119 0.153795 0.151199 0.118048 0.0679524 0.0261467 0.00633987 0.000954265 9.04272e-05 5.56626e-06 2.30031e-07 6.47654e-09 1.22922e-10 1.5384e-12 1.24767e-14 6.50042e-17
 5.04702e-07 1.36871e-05 0.000218876 0.00206431 0.0114931 0.0379358 0.075737 0.0995814 0.110929 0.135319 0.159516 0.154827 0.117921 0.0648952 0.0234674 0.00528376 0.000729837 6.25295e-05 3.42495e-06 1.25073e-07 3.1546e-09 5.53889e-11 6.64264e-13 5.2949e-15 2.74252e-17
 5.94785e-07 1.52716e-05 0.000231224 0.00206504 0.010894 0.0341716 0.0656804 0.0871929 0.106797 0.142131 0.170696 0.164803 0.122912 0.0648735 0.022183 0.00469389 0.000608159 4.8839e-05 2.50205e-06 8.48977e-08 1.9649e-09 3.1186e-11 3.34262e-13 2.37336e-15 1.10151e-17
 8.607e-07 2.09257e-05 0.000300007 0.00253715 0.012676 0.0376797 0.0688035 0.0875442 0.104625 0.138134 0.168023 0.166276 0.12439 0.0636742 0.0206666 0.00411108 0.000498803 3.74401e-05 1.78976e-06 5.65496e-08 1.21585e-09 1.78819e-11 1.77037e-13 1.15559e-15 4.89859e-18
#pred catch len freq
 7.67071e-13 8.32583e-11 5.32857e-09 2.01092e-07 4.47556e-06 5.87888e-05 0.000457512 0.00215013 0.00665094 0.0175796 0.0500765 0.122914 0.201703 0.209545 0.149352 0.0892415 0.0531639 0.032018 0.0198565 0.0132025 0.00962566 0.00778801 0.00661546 0.00505605 0.00294049
 4.72806e-13 5.13187e-11 3.28444e-09 1.23954e-07 2.7592e-06 3.62735e-05 0.000283476 0.00135967 0.00457175 0.0146622 0.0491677 0.127578 0.212044 0.221014 0.157718 0.0935204 0.0534667 0.0290532 0.0151417 0.00803837 0.00460145 0.00300578 0.00221704 0.00159643 0.000921031
 1.02302e-12 1.1104e-10 7.10656e-09 2.68188e-07 5.96845e-06 7.83715e-05 0.000608841 0.00283655 0.00844402 0.0199941 0.0503076 0.11757 0.19229 0.205215 0.157866 0.105921 0.0666198 0.0371383 0.0185377 0.00864087 0.00392352 0.0019 0.00107486 0.000665792 0.000362533
 9.7219e-13 1.05522e-10 6.75345e-09 2.54865e-07 5.67223e-06 7.45008e-05 0.00057952 0.00271732 0.0083226 0.0214127 0.0592807 0.143562 0.232764 0.233952 0.151225 0.0736744 0.0353697 0.0188368 0.0100376 0.00481884 0.00203391 0.00079383 0.000321028 0.000147836 6.89323e-05
 7.19217e-12 7.80642e-10 4.9961e-08 1.88538e-06 4.19527e-05 0.000550482 0.00426084 0.0194875 0.0531229 0.089983 0.111564 0.139116 0.176429 0.170621 0.11587 0.0630433 0.0316014 0.0142868 0.00590931 0.00248535 0.00104175 0.000393423 0.000132041 4.33452e-05 1.49454e-05
 1.02896e-11 1.11684e-09 7.14778e-08 2.69736e-06 6.00201e-05 0.00078753 0.00609466 0.0278522 0.0756158 0.12561 0.144622 0.156225 0.177779 0.158403 0.0896721 0.0304046 0.00609774 0.000721553 5.03698e-05 2.08131e-06 5.36628e-08 1.83502e-09 3.49662e-10 9.48173e-11 2.40233e-11
 1.19381e-11 1.29577e-09 8.29291e-08 3.12949e-06 6.96355e-05 0.000913679 0.00707032 0.0322967 0.0874872 0.143766 0.158396 0.154796 0.162331 0.140773 0.0792114 0.0268251 0.00537849 0.00063637 4.44032e-05 1.82691e-06 4.43222e-08 6.34017e-10 5.3477e-12 2.65972e-14 7.79977e-17
 1.14484e-11 1.24261e-09 7.9527e-08 3.00111e-06 6.67789e-05 0.000876201 0.00678046 0.0309763 0.0839603 0.138372 0.154304 0.15522 0.16692 0.146011 0.0823192 0.0278885 0.00559214 0.000661659 4.61679e-05 1.89952e-06 4.60837e-08 6.59215e-10 5.56023e-12 2.76542e-14 8.10962e-17
 1.21224e-11 1.31577e-09 8.42088e-08 3.17778e-06 7.07101e-05 0.000927777 0.00717935 0.0327934 0.0888139 0.145795 0.159935 0.154636 0.160605 0.138803 0.0780424 0.0264251 0.00529812 0.000626858 4.37394e-05 1.7996e-06 4.36596e-08 6.24539e-10 5.26775e-12 2.61996e-14 7.68306e-17
 1.24691e-11 1.3534e-09 8.66174e-08 3.26868e-06 7.27325e-05 0.00095431 0.00738456 0.0337282 0.0913108 0.149614 0.162833 0.154335 0.157356 0.135094 0.0758422 0.0256722 0.00514686 0.000608954 4.249e-05 1.7482e-06 4.24125e-08 6.06699e-10 5.11728e-12 2.54512e-14 7.46358e-17
 1.20157e-11 1.30418e-09 8.34677e-08 3.14981e-06 7.00877e-05 0.000919612 0.0071162 0.0325057 0.0880455 0.14462 0.159044 0.154729 0.161605 0.139944 0.0787195 0.0266567 0.00534467 0.000632367 4.41238e-05 1.81542e-06 4.40433e-08 6.30028e-10 5.31405e-12 2.64298e-14 7.75056e-17
 1.33713e-11 1.45133e-09 9.28848e-08 3.50519e-06 7.79951e-05 0.00102335 0.00791854 0.0361607 0.0978081 0.159551 0.170371 0.153553 0.148901 0.125445 0.0701171 0.0237131 0.00475327 0.000562366 3.92391e-05 1.61444e-06 3.91674e-08 5.6028e-10 4.72575e-12 2.35038e-14 6.89252e-17
 1.34424e-11 1.45904e-09 9.33785e-08 3.52382e-06 7.84097e-05 0.00102879 0.00796061 0.0363523 0.0983199 0.160334 0.170965 0.153492 0.148235 0.124685 0.0696661 0.0235588 0.00472226 0.000558696 3.8983e-05 1.6039e-06 3.89118e-08 5.56623e-10 4.6949e-12 2.33504e-14 6.84753e-17
 1.2752e-11 1.3841e-09 8.85825e-08 3.34283e-06 7.43826e-05 0.000975958 0.00755199 0.0344909 0.0933479 0.152729 0.165196 0.15409 0.154705 0.132069 0.0740472 0.0250579 0.00502345 0.000594347 4.14707e-05 1.70626e-06 4.1395e-08 5.92145e-10 4.99452e-12 2.48406e-14 7.28453e-17
 1.29865e-11 1.40956e-09 9.02119e-08 3.40432e-06 7.57508e-05 0.000993908 0.00769081 0.0351233 0.0950371 0.155313 0.167156 0.153887 0.152507 0.12956 0.0725587 0.0245486 0.00492112 0.000582235 4.06255e-05 1.67148e-06 4.05514e-08 5.80076e-10 4.89273e-12 2.43343e-14 7.13606e-17
 1.39895e-11 1.51843e-09 9.71792e-08 3.66724e-06 8.16011e-05 0.00107066 0.00828443 0.0378274 0.10226 0.16636 0.175536 0.153017 0.143108 0.118834 0.0661942 0.0223708 0.00448358 0.000530444 3.70115e-05 1.52279e-06 3.69439e-08 5.28473e-10 4.45747e-12 2.21695e-14 6.50123e-17
 1.44234e-11 1.56552e-09 1.00193e-07 3.78099e-06 8.41319e-05 0.00110386 0.00854123 0.0389973 0.105385 0.171138 0.179162 0.152641 0.139042 0.114193 0.0634409 0.0214286 0.00429429 0.00050804 3.54481e-05 1.45846e-06 3.53833e-08 5.06149e-10 4.26917e-12 2.1233e-14 6.22661e-17
 1.41927e-11 1.54048e-09 9.85906e-08 3.72051e-06 8.27862e-05 0.00108621 0.00840468 0.0383752 0.103723 0.168597 0.177234 0.152841 0.141204 0.116661 0.0649049 0.0219296 0.00439494 0.000519953 3.62795e-05 1.49267e-06 3.62131e-08 5.18019e-10 4.3693e-12 2.1731e-14 6.37264e-17
 1.49175e-11 1.61916e-09 1.03626e-07 3.91052e-06 8.70141e-05 0.00114168 0.00883368 0.0403295 0.108943 0.176581 0.18329 0.152213 0.134411 0.108909 0.0603054 0.0203557 0.00407873 0.000482525 3.36677e-05 1.38521e-06 3.36061e-08 4.80726e-10 4.05474e-12 2.01665e-14 5.91386e-17
 1.57563e-11 1.7102e-09 1.09453e-07 4.1304e-06 9.19067e-05 0.00120587 0.00933012 0.0425909 0.114983 0.185819 0.190299 0.151485 0.126551 0.0999381 0.0549827 0.0185344 0.00371281 0.000439213 3.06453e-05 1.26085e-06 3.05892e-08 4.3757e-10 3.69074e-12 1.83561e-14 5.38295e-17
 1.57963e-11 1.71453e-09 1.0973e-07 4.14087e-06 9.21396e-05 0.00120892 0.00935375 0.0426986 0.115271 0.186259 0.190633 0.151451 0.126177 0.099511 0.0547294 0.0184477 0.00369539 0.000437151 3.05014e-05 1.25493e-06 3.04455e-08 4.35515e-10 3.67341e-12 1.827e-14 5.35768e-17
 1.56434e-11 1.69794e-09 1.08668e-07 4.1008e-06 9.12481e-05 0.00119723 0.0092633 0.0422865 0.11417 0.184576 0.189356 0.151583 0.127609 0.101146 0.0556992 0.0187796 0.00376206 0.000445043 3.10521e-05 1.27759e-06 3.09952e-08 4.43379e-10 3.73973e-12 1.85998e-14 5.45441e-17
 1.67711e-11 1.82034e-09 1.16502e-07 4.39641e-06 9.78257e-05 0.00128352 0.00993071 0.0453269 0.122291 0.196996 0.198778 0.150605 0.117042 0.0890853 0.0485434 0.016331 0.00327012 0.000386814 2.69889e-05 1.11041e-06 2.69393e-08 3.85359e-10 3.25036e-12 1.61659e-14 4.74067e-17
 1.73101e-11 1.87884e-09 1.20246e-07 4.5377e-06 0.00010097 0.00132477 0.0102497 0.04678 0.126173 0.202932 0.203281 0.150138 0.111991 0.0833211 0.0451233 0.0151607 0.00303499 0.000358983 2.50468e-05 1.0305e-06 2.50007e-08 3.57629e-10 3.01646e-12 1.50026e-14 4.39952e-17
 1.74962e-11 1.89905e-09 1.21539e-07 4.58649e-06 0.000102055 0.00133901 0.0103599 0.0472818 0.127513 0.204982 0.204836 0.149977 0.110247 0.0813307 0.0439423 0.0147566 0.0029538 0.000349373 2.43762e-05 1.00291e-06 2.43314e-08 3.48053e-10 2.9357e-12 1.46009e-14 4.28173e-17
 1.7829e-11 1.93517e-09 1.23851e-07 4.67374e-06 0.000103996 0.00136448 0.0105568 0.0481791 0.12991 0.208647 0.207617 0.149688 0.107128 0.0777712 0.0418303 0.0140339 0.00280861 0.000332187 2.31769e-05 9.53571e-07 2.31343e-08 3.30929e-10 2.79126e-12 1.38826e-14 4.07107e-17
 1.75613e-11 1.90611e-09 1.2199e-07 4.60354e-06 0.000102435 0.00134398 0.0103984 0.0474571 0.127981 0.205698 0.20538 0.14992 0.109637 0.0806351 0.0435296 0.0146153 0.00292543 0.000346015 2.41418e-05 9.93271e-07 2.40974e-08 3.44707e-10 2.90747e-12 1.44605e-14 4.24056e-17
 1.76466e-11 1.91536e-09 1.22583e-07 4.6259e-06 0.000102932 0.00135051 0.0104488 0.0476871 0.128596 0.206638 0.206092 0.149846 0.108838 0.0797228 0.0429882 0.0144301 0.00288821 0.00034161 2.38344e-05 9.80624e-07 2.37906e-08 3.40318e-10 2.87045e-12 1.42764e-14 4.18657e-17
#obs catch len freq
 3.64175e-11 3.37505e-09 1.84432e-07 5.94266e-06 0.000112906 0.0012649 0.00835761 0.0326007 0.0754738 0.106602 0.104205 0.0994759 0.113723 0.126283 0.123743 0.101214 0.0627823 0.0290682 0.0107315 0.00332423 0.000842632 0.000163551 2.28197e-05 2.18454e-06 1.39031e-07
 4.4115e-11 3.94325e-09 2.0783e-07 6.45879e-06 0.000118355 0.00127891 0.00815186 0.0307032 0.0689596 0.0967244 0.102149 0.115603 0.139862 0.141496 0.119177 0.0872758 0.0521511 0.0242302 0.0088493 0.00256493 0.00058252 0.000100997 1.28457e-05 1.143e-06 6.82142e-08
 2.34725e-11 2.02013e-09 1.02514e-07 3.06747e-06 5.41231e-05 0.000563214 0.00346013 0.0126172 0.028072 0.0431417 0.0635414 0.105598 0.153206 0.175565 0.16799 0.129458 0.0733937 0.0303378 0.00977666 0.00258048 0.000543955 8.64752e-05 9.90115e-06 7.89447e-07 4.25608e-08
 1.83714e-18 8.07576e-16 2.09321e-13 3.19915e-11 2.88308e-09 1.53219e-07 4.80297e-06 8.8874e-05 0.000973088 0.00635193 0.0252845 0.0652159 0.122814 0.188199 0.226778 0.192806 0.110469 0.0440899 0.0131651 0.00309588 0.000573603 8.10503e-05 8.35836e-06 6.02058e-07 2.92206e-08
 1.29821e-10 1.03084e-08 4.82638e-07 1.33243e-05 0.000216903 0.00208233 0.0117981 0.0396023 0.0803363 0.108043 0.127793 0.167444 0.188926 0.144846 0.0755072 0.0318913 0.0134906 0.00555714 0.00188114 0.000472664 8.52931e-05 1.09903e-05 1.00435e-06 6.39068e-08 2.75841e-09
 2.79747e-10 2.12894e-08 9.55324e-07 2.5277e-05 0.000394358 0.003628 0.019686 0.0630819 0.120162 0.140726 0.117598 0.101768 0.108386 0.113994 0.102179 0.0681758 0.0300675 0.00837224 0.00152074 0.000205903 2.50286e-05 2.75318e-06 2.33744e-07 1.37128e-08 5.33543e-10
 4.54052e-10 3.30727e-08 1.42044e-06 3.59717e-05 0.000537148 0.00472983 0.0245669 0.075391 0.137867 0.156791 0.13211 0.117521 0.115209 0.0985746 0.0706772 0.0413931 0.0179073 0.00537975 0.00112397 0.000166004 1.73726e-05 1.29961e-06 7.23331e-08 3.10749e-09 1.0027e-10
 6.41798e-10 4.46863e-08 1.83458e-06 4.44108e-05 0.000633919 0.00533588 0.0264954 0.0777686 0.136346 0.150339 0.127452 0.118191 0.1182 0.102314 0.0737123 0.0416223 0.0164314 0.00426975 0.000741625 9.19453e-05 8.65657e-06 6.18253e-07 3.18169e-08 1.12694e-09 2.70059e-11
 8.6507e-10 5.75067e-08 2.2541e-06 5.20975e-05 0.000709998 0.0057061 0.0270579 0.0759138 0.127821 0.138303 0.122498 0.122955 0.126213 0.109486 0.0785293 0.0433702 0.0165077 0.00411108 0.000678769 7.79672e-05 6.50741e-06 3.98447e-07 1.76169e-08 5.50688e-10 1.18845e-11
 1.4518e-09 9.20402e-08 3.44062e-06 7.58375e-05 0.00098566 0.00755449 0.0341602 0.091352 0.146281 0.148971 0.120823 0.111125 0.111057 0.0984469 0.0720573 0.0391255 0.0141604 0.00327533 0.000491476 5.03305e-05 3.71714e-06 2.02126e-07 7.93469e-09 2.17917e-10 4.08486e-12
 1.82458e-09 1.10201e-07 3.92456e-06 8.24117e-05 0.00102045 0.0074519 0.0321209 0.0820837 0.127143 0.131998 0.123487 0.131961 0.132064 0.107965 0.0717866 0.0358365 0.0120316 0.00257541 0.000352822 3.22506e-05 2.07854e-06 9.76035e-08 3.31578e-09 7.93323e-11 1.30355e-12
 3.00895e-09 1.72965e-07 5.86258e-06 0.000117168 0.0013808 0.00959652 0.0393614 0.0956328 0.140236 0.135435 0.114261 0.114074 0.117454 0.105075 0.0748754 0.0376013 0.012131 0.0024308 0.000304939 2.48603e-05 1.39131e-06 5.58872e-08 1.62287e-09 3.33119e-11 4.7087e-13
 4.60512e-09 2.51716e-07 8.11275e-06 0.000154176 0.00172771 0.0114186 0.0445505 0.103111 0.145057 0.138255 0.121365 0.122882 0.11801 0.0945443 0.0606622 0.0280281 0.0084377 0.00158651 0.000186852 1.42436e-05 7.37674e-07 2.69602e-08 6.98293e-10 1.25552e-11 1.53397e-13
 6.23742e-09 3.23918e-07 9.91864e-06 0.000179086 0.00190672 0.011974 0.0444115 0.0979481 0.132799 0.127382 0.120788 0.129809 0.126745 0.102357 0.0649269 0.0288914 0.00824297 0.00145692 0.000160309 1.13352e-05 5.4027e-07 1.80755e-08 4.27885e-10 7.02029e-12 7.78642e-14
 8.531e-09 4.20587e-07 1.22264e-05 0.000209575 0.00211837 0.012631 0.0445052 0.0934922 0.122234 0.118068 0.119184 0.133817 0.134088 0.110687 0.0697058 0.0297976 0.00799932 0.00131014 0.000131057 8.18902e-06 3.33355e-07 9.31544e-09 1.85283e-10 2.62057e-12 2.56815e-14
 1.35639e-08 6.34407e-07 1.7496e-05 0.000284516 0.00272834 0.0154339 0.0515997 0.10291 0.128057 0.118732 0.11663 0.12885 0.128914 0.106126 0.0651541 0.0266235 0.00677839 0.00105317 0.000100515 6.04976e-06 2.39207e-07 6.46557e-09 1.21292e-10 1.55715e-12 1.33729e-14
 2.17357e-08 9.6388e-07 2.52035e-05 0.000388594 0.00353315 0.0189516 0.0600995 0.113881 0.135615 0.122989 0.119995 0.128279 0.121532 0.0940397 0.0541579 0.0207595 0.00496055 0.000723838 6.4943e-05 3.68024e-06 1.37341e-07 3.51517e-09 6.2663e-11 7.66435e-13 6.26994e-15
 3.1334e-08 1.31677e-06 3.26284e-05 0.000476737 0.00410782 0.0208851 0.0628329 0.11343 0.131088 0.121567 0.124982 0.133841 0.122948 0.0911819 0.0498641 0.0180622 0.00408119 0.000566274 4.88468e-05 2.70453e-06 1.00158e-07 2.55409e-09 4.48164e-11 5.29264e-13 4.11569e-15
 4.52505e-08 1.80129e-06 4.22798e-05 0.000585174 0.00477641 0.0230085 0.0656397 0.11282 0.126261 0.118452 0.125809 0.135935 0.125186 0.0919449 0.0486386 0.016783 0.00359926 0.000476325 3.9658e-05 2.15531e-06 7.95225e-08 2.02893e-09 3.53935e-11 4.11926e-13 3.13728e-15
 7.79392e-08 2.93791e-06 6.52999e-05 0.000855829 0.00661487 0.0301719 0.0814804 0.132374 0.139121 0.120706 0.119022 0.123377 0.111101 0.0791937 0.0399542 0.0129969 0.00261334 0.000323296 2.51026e-05 1.27055e-06 4.37441e-08 1.04911e-09 1.73964e-11 1.94625e-13 1.43662e-15
 1.05549e-07 3.7667e-06 7.92608e-05 0.000983484 0.00719749 0.0311001 0.0797577 0.124463 0.131437 0.125549 0.134492 0.135041 0.111328 0.0723349 0.0337365 0.0102837 0.00196108 0.000233522 1.78003e-05 9.02055e-07 3.13125e-08 7.4687e-10 1.20096e-11 1.27437e-13 8.8117e-16
 1.53895e-07 5.19866e-06 0.00010355 0.00121624 0.00842582 0.0344698 0.0837551 0.12424 0.126303 0.119395 0.129256 0.13394 0.115586 0.0764735 0.0347806 0.0100497 0.00178917 0.00019674 1.37043e-05 6.30111e-07 1.99193e-08 4.40218e-10 6.70882e-12 6.86706e-14 4.61542e-16
 2.37307e-07 7.58764e-06 0.000143053 0.00159039 0.0104293 0.0403973 0.0930483 0.131523 0.129755 0.122276 0.130364 0.129768 0.10649 0.0665534 0.0284751 0.00773652 0.0012984 0.000135284 8.98896e-06 3.95955e-07 1.19417e-08 2.48292e-10 3.50136e-12 3.27963e-14 2.01217e-16
 3.50982e-07 1.06221e-05 0.000189554 0.00199471 0.0123824 0.0454196 0.099244 0.134105 0.129811 0.124184 0.132205 0.128039 0.101094 0.0600337 0.0241319 0.00611118 0.000948651 9.04434e-05 5.41617e-06 2.11685e-07 5.63029e-09 1.04286e-10 1.33567e-12 1.15488e-14 6.58846e-17
 5.00946e-07 1.43506e-05 0.000242409 0.00241471 0.0141909 0.0493072 0.102317 0.132759 0.127782 0.126162 0.135237 0.128402 0.0982732 0.0557991 0.0212204 0.00506562 0.000742469 6.72099e-05 3.85236e-06 1.45e-07 3.70099e-09 6.46755e-11 7.63168e-13 5.95824e-15 3.03554e-17
 7.08534e-07 1.92148e-05 0.000307263 0.00289759 0.0161234 0.0530787 0.104677 0.13074 0.125712 0.127861 0.13761 0.128649 0.0959872 0.0523748 0.0189726 0.00432036 0.000610975 5.45013e-05 3.16486e-06 1.23467e-07 3.27593e-09 5.84132e-11 6.84895e-13 5.19365e-15 2.52633e-17
 9.72627e-07 2.49728e-05 0.000378088 0.0033759 0.0177898 0.0555165 0.104244 0.126203 0.12325 0.130771 0.141913 0.131014 0.0951302 0.049507 0.0168286 0.00355411 0.000460618 3.70923e-05 1.91444e-06 6.6015e-08 1.57202e-09 2.59912e-11 2.92468e-13 2.18055e-15 1.05385e-17
 1.19461e-06 2.90435e-05 0.000416378 0.00352079 0.0175784 0.0520848 0.0937445 0.11284 0.118618 0.137674 0.153324 0.140888 0.0999339 0.0497761 0.0159836 0.0031712 0.000385427 2.9083e-05 1.403e-06 4.48964e-08 9.79538e-10 1.46207e-11 1.46945e-13 9.75962e-16 4.22868e-18
#spawning biomass
 19899.9 21567.2 18635.7 20338.3 31967.5 41917.7 53663.9 72201 102090 129422 127962 170419 213635 210265 220058 228747 192093 226251 198489 180299 223584 232459 219284 225684 237056 231275 237239 208484 204548 544500 863810 1.18379e+06 1.47992e+06 1.74004e+06 1.96055e+06 2.14287e+06 2.29096e+06 2.40972e+06 2.5041e+06 2.57864e+06 2.6373e+06 2.68336e+06 2.71381e+06 2.71651e+06 2.71913e+06 2.72167e+06 2.72414e+06 2.72652e+06 2.72884e+06 2.73108e+06 2.73326e+06 2.73537e+06 2.73741e+06 2.73939e+06 2.74132e+06 2.74318e+06 2.74499e+06 2.74674e+06 2.74843e+06 2.75008e+06 2.75168e+06 2.75322e+06 2.75472e+06 2.75618e+06 2.75759e+06 2.75895e+06 2.76028e+06 2.76156e+06 2.76281e+06 2.76401e+06 2.76518e+06 2.76632e+06 2.76742e+06 2.76848e+06 2.76952e+06 2.77052e+06 2.77149e+06 2.77243e+06 2.77335e+06 2.77423e+06 2.77509e+06 2.77592e+06 2.77673e+06 2.77751e+06 2.77827e+06 2.779e+06 2.77972e+06 2.78041e+06 2.78108e+06 2.78173e+06 2.78235e+06 2.78296e+06 2.78356e+06 2.78413e+06 2.78469e+06 2.78522e+06 2.78575e+06 2.78625e+06 2.78675e+06 2.78722e+06 2.78768e+06 2.78813e+06 2.78856e+06 2.78898e+06 2.78939e+06 2.78979e+06 2.79017e+06 2.79054e+06 2.7909e+06 2.79125e+06 2.79159e+06 2.79192e+06 2.79224e+06 2.79255e+06 2.79284e+06 2.79313e+06 2.79342e+06 2.79369e+06 2.79395e+06 2.79421e+06 2.79446e+06 2.7947e+06 2.79493e+06 2.79516e+06 2.79538e+06 2.79559e+06 2.7958e+06 2.796e+06 0 0 0 0 0 0 0 0 0 0 0 0 0 0 0 0 0 0 0 0 0 0 0 0 0
