SBPRF35
0.0443132
Curr Bio
345434
B35
152871
F35
11.9276
FOFL
11.9276
OFL
355988
Bzero
12565.2
#pred survey bio
 20866.2 21483.1 21005 25652.8 40830.6 56718.1 74625.4 93670.1 124626 153273 140385 177961 221212 219155 217685 233404 202393 244999 215855 198892 254205 333559 265802 263357 279884 260891 260241 247726 5.50776e+06 1.79294e+06 437888 201649 125690 100781 92717.7 90146.8 89337.7 89085.7 89007.9 88984.1 88976.8 88974.6 88973.9 88973.7 88973.6 88973.6 88973.6 88973.6 88973.6 88973.6 88973.6 88973.6 88973.6 88973.6 88973.6 88973.6 88973.6 88973.6 88973.6 88973.6 88973.6 88973.6 88973.6 88973.6 88973.6 88973.6 88973.6 88973.6 88973.6 88973.6 88973.6 88973.6 88973.6 88973.6 88973.6 88973.6 88973.6 88973.6 88973.6 88973.6 88973.6 88973.6 88973.6 88973.6 88973.6 88973.6 88973.6 88973.6 88973.6 88973.6 88973.6 88973.6 88973.6 88973.6 88973.6 88973.6 88973.6 88973.6 88973.6 88973.6 88973.6 88973.6 88973.6 88973.6 88973.6 88973.6 88973.6 88973.6 88973.6 88973.6 88973.6 88973.6 88973.6 88973.6 88973.6 88973.6 88973.6 88973.6 88973.6 88973.6 88973.6 88973.6 88973.6 88973.6 88973.6 88973.6 88973.6 88973.6 0 0 0 0 0 0 0 0 0 0 0 0 0 0 0 0 0 0 0 0 0 0 0 0 0
#obs survey bio
 19764.2 15942.1 18987.7 32843.2 48408.7 49865.5 88116.3 84331 130061 163770 109164 168275 206003 222374 166736 226424 209767 206423 161641 178946 204159 348221 248049 245276 259181 243078 186176 219086
#pred catch bio
 13273.5 14605.7 13915.4 9984.16 19872.3 29957 37240.5 49571.9 78579.4 106977 100570 145336 191321 182446 199437 224067 164863 207745 188054 157278 202054 193390 196793 208056 222691 218803 234258 196316 355988 18185 4822.9 4822.84 4822.84 4822.84 4822.84 4822.84 4822.84 4822.84 4822.84 4822.84 4822.84 4822.84 4822.84 4822.84 4822.84 4822.84 4822.84 4822.84 4822.84 4822.84 4822.84 4822.84 4822.84 4822.84 4822.84 4822.84 4822.84 4822.84 4822.84 4822.84 4822.84 4822.84 4822.84 4822.84 4822.84 4822.84 4822.84 4822.84 4822.84 4822.84 4822.84 4822.84 4822.84 4822.84 4822.84 4822.84 4822.84 4822.84 4822.84 4822.84 4822.84 4822.84 4822.84 4822.84 4822.84 4822.84 4822.84 4822.84 4822.84 4822.84 4822.84 4822.84 4822.84 4822.84 4822.84 4822.84 4822.84 4822.84 4822.84 4822.84 4822.84 4822.84 4822.84 4822.84 4822.84 4822.84 4822.84 4822.84 4822.84 4822.84 4822.84 4822.84 4822.84 4822.84 4822.84 4822.84 4822.84 4822.84 4822.84 4822.84 4822.84 4822.84 4822.84 4822.84 4822.84 4822.84 4822.84 4822.84 0 0 0 0 0 0 0 0 0 0 0 0 0 0 0 0 0 0 0 0 0 0 0 0 0
#obs catch bio
 14550.5 16009.3 17302.6 9699.72 19906.8 30559.1 37018.9 49139.4 80269.7 106456 101079 149662 191064 176638 209624 229770 160855 204823 190268 154528 203583 186356 197128 207004 220172 216580 234560 193476
#pred cpue bio
 19622.2 20331 19310.3 23690 36478.8 49200.7 63221.8 79851.2 106057 131058 119629 150002 187163 187087 185405 197162 166641 203111 176463 157984 201360 261490 204842 200311 211628 195780 196230 186050 4.09405e+06 1.73188e+06 416856 180684 104726 79816.7 71753.6 69182.7 68373.6 68121.6 68043.8 68019.9 68012.6 68010.4 68009.7 68009.5 68009.5 68009.5 68009.5 68009.5 68009.5 68009.5 68009.5 68009.5 68009.5 68009.5 68009.5 68009.5 68009.5 68009.5 68009.5 68009.5 68009.5 68009.5 68009.5 68009.5 68009.5 68009.5 68009.5 68009.5 68009.5 68009.5 68009.5 68009.5 68009.5 68009.5 68009.5 68009.5 68009.5 68009.5 68009.5 68009.5 68009.5 68009.5 68009.5 68009.5 68009.5 68009.5 68009.5 68009.5 68009.5 68009.5 68009.5 68009.5 68009.5 68009.5 68009.5 68009.5 68009.5 68009.5 68009.5 68009.5 68009.5 68009.5 68009.5 68009.5 68009.5 68009.5 68009.5 68009.5 68009.5 68009.5 68009.5 68009.5 68009.5 68009.5 68009.5 68009.5 68009.5 68009.5 68009.5 68009.5 68009.5 68009.5 68009.5 68009.5 68009.5 68009.5 68009.5 68009.5 0 0 0 0 0 0 0 0 0 0 0 0 0 0 0 0 0 0 0 0 0 0 0 0 0
#obs cpue bio
 20331.6 14352.5 13222.4 16632.8 37333 50453.3 56102.1 86254.3 94676 139742 130951 145426 215545 205767 178895 212663 156654 277256 224570 176406 235608 326099 208882 216885 246997 214972 274575 223165
#pred surv len freq
 7.34999e-12 7.97771e-10 5.10572e-08 1.92675e-06 4.28731e-05 0.000562554 0.00435406 0.0199087 0.0542007 0.0912457 0.11061 0.132554 0.164146 0.157933 0.108004 0.0610176 0.0345081 0.0202508 0.0124383 0.00824524 0.00600759 0.00485918 0.00412565 0.00315172 0.0018324
 6.51955e-12 7.07635e-10 4.52886e-08 1.70906e-06 3.80292e-05 0.000499 0.00386234 0.0176647 0.0481502 0.081532 0.100985 0.125943 0.161153 0.161204 0.120332 0.0779073 0.0470486 0.0252049 0.0124992 0.00637715 0.00359011 0.0023348 0.00172037 0.00123816 0.000714074
 9.84336e-12 1.0684e-09 6.83776e-08 2.58036e-06 5.74166e-05 0.000753356 0.00582968 0.0266294 0.0721332 0.118521 0.130562 0.128017 0.137472 0.13031 0.0965832 0.0638279 0.0410436 0.0242926 0.0128031 0.00599138 0.00261994 0.00122214 0.000680402 0.000419943 0.000228492
 8.57429e-12 9.30657e-10 5.95619e-08 2.24769e-06 5.00144e-05 0.000656248 0.00507885 0.0232141 0.0630796 0.105234 0.123242 0.138201 0.163459 0.154148 0.102947 0.0557774 0.0302785 0.0170943 0.00940491 0.00472793 0.00207341 0.000808047 0.000316053 0.000141693 6.55063e-05
 1.22973e-11 1.33475e-09 8.54239e-08 3.22363e-06 7.17301e-05 0.000941143 0.00728214 0.0332479 0.0898392 0.145827 0.152398 0.129633 0.120639 0.109842 0.0834294 0.0569164 0.0353417 0.0186807 0.00886697 0.00412747 0.00183579 0.000723164 0.000247446 8.00438e-05 2.68985e-05
 1.35334e-11 1.46892e-09 9.40105e-08 3.54766e-06 7.89402e-05 0.00103574 0.00801413 0.03659 0.0988711 0.160495 0.16773 0.142347 0.13012 0.110794 0.0702806 0.0356303 0.018305 0.0101984 0.00543068 0.00251414 0.00101742 0.000375154 0.00012384 3.53284e-05 8.96821e-06
 1.46265e-11 1.58757e-09 1.01604e-07 3.83423e-06 8.53165e-05 0.0011194 0.00866123 0.03954 0.106781 0.172842 0.178324 0.145471 0.126386 0.104548 0.0642866 0.0299672 0.0127116 0.00536676 0.00227477 0.000997094 0.000419095 0.000152778 4.72028e-05 1.24269e-05 2.75577e-06
 1.41094e-11 1.53144e-09 9.80122e-08 3.69868e-06 8.23004e-05 0.00107983 0.00835522 0.0381464 0.103065 0.167203 0.174274 0.146672 0.132431 0.111064 0.0677247 0.0305487 0.0121836 0.00467463 0.0016586 0.000557851 0.000187425 6.24358e-05 1.89519e-05 4.8098e-06 9.84592e-07
 1.42347e-11 1.54505e-09 9.88827e-08 3.73153e-06 8.30313e-05 0.00108942 0.00842937 0.0384841 0.103965 0.168564 0.175228 0.14631 0.130884 0.109529 0.0671649 0.0307641 0.0124786 0.00475403 0.00160593 0.000484229 0.000133791 3.4521e-05 8.5298e-06 1.95501e-06 3.79934e-07
 1.38023e-11 1.49811e-09 9.58788e-08 3.61817e-06 8.05091e-05 0.00105633 0.00817348 0.0373191 0.100862 0.163898 0.172074 0.14795 0.136866 0.115442 0.0693908 0.0299452 0.0111006 0.00398386 0.00132539 0.000395201 0.000103805 2.36193e-05 4.71457e-06 8.46947e-07 1.36911e-07
 1.39067e-11 1.50944e-09 9.66038e-08 3.64553e-06 8.11178e-05 0.00106432 0.00823528 0.0376013 0.101625 0.16514 0.173384 0.149067 0.137748 0.115629 0.0683792 0.0281651 0.00953706 0.00307941 0.000927268 0.000253833 6.33224e-05 1.39057e-05 2.58779e-06 4.01129e-07 5.21055e-08
 1.46037e-11 1.58509e-09 1.01446e-07 3.82825e-06 8.51834e-05 0.00111766 0.00864781 0.0394805 0.106644 0.172807 0.179164 0.148345 0.131046 0.108097 0.0640896 0.0268943 0.00938014 0.00304606 0.000874085 0.000217267 4.84258e-05 9.64181e-06 1.66992e-06 2.43062e-07 2.86585e-08
 1.42506e-11 1.54676e-09 9.89927e-08 3.73568e-06 8.31237e-05 0.00109064 0.00843885 0.0385293 0.104113 0.169016 0.17668 0.149935 0.136308 0.113156 0.0657561 0.0258301 0.0079378 0.00229414 0.00063086 0.000155714 3.36454e-05 6.1924e-06 9.6261e-07 1.26169e-07 1.36345e-08
 1.3636e-11 1.48005e-09 9.47231e-08 3.57456e-06 7.95387e-05 0.0010436 0.0080751 0.0368725 0.0996908 0.162279 0.1717 0.150895 0.142727 0.120194 0.0695383 0.0266183 0.00766467 0.0019995 0.000487521 0.000105739 2.06926e-05 3.62216e-06 5.40505e-07 6.60673e-08 6.47222e-09
 1.38345e-11 1.5016e-09 9.61022e-08 3.6266e-06 8.06967e-05 0.00105879 0.00819258 0.0374073 0.101115 0.164423 0.173155 0.150163 0.140018 0.117527 0.0685629 0.0270178 0.00827574 0.00229754 0.000562988 0.000114608 2.00058e-05 3.06742e-06 4.07557e-07 4.59546e-08 4.23764e-09
 1.42855e-11 1.55055e-09 9.92351e-08 3.74483e-06 8.33273e-05 0.00109331 0.00845952 0.0386238 0.10437 0.16945 0.177208 0.150557 0.136982 0.113471 0.0653153 0.0248877 0.00710428 0.00183379 0.000442618 9.32956e-05 1.67925e-05 2.51449e-06 3.06301e-07 3.05251e-08 2.49209e-09
 1.5658e-11 1.69953e-09 1.0877e-07 4.10463e-06 9.13332e-05 0.00119834 0.0092719 0.0423251 0.114265 0.184654 0.189089 0.150502 0.125848 0.0999306 0.0561044 0.0202916 0.00508743 0.00107106 0.000216736 4.06707e-05 6.84545e-06 1.01174e-06 1.2496e-07 1.23467e-08 9.49451e-10
 1.53522e-11 1.66633e-09 1.06645e-07 4.02445e-06 8.95491e-05 0.00117493 0.00909085 0.0414999 0.112055 0.181226 0.186252 0.149993 0.127542 0.10245 0.0584362 0.0221004 0.00618214 0.0015124 0.000325555 5.63365e-05 7.9903e-06 9.98111e-07 1.10448e-07 1.0383e-08 7.88673e-10
 1.60485e-11 1.74191e-09 1.11482e-07 4.20699e-06 9.36109e-05 0.00122822 0.00950301 0.0433778 0.117076 0.188945 0.192305 0.150036 0.121996 0.0956295 0.0536883 0.0196302 0.00507625 0.00112376 0.000234905 4.34293e-05 6.77482e-06 8.63895e-07 8.7082e-08 7.01389e-09 4.63772e-10
 1.74033e-11 1.88896e-09 1.20893e-07 4.56213e-06 0.000101513 0.00133189 0.0103048 0.0470307 0.126837 0.203903 0.203797 0.149336 0.110022 0.0816146 0.0448776 0.0160089 0.00389248 0.000768495 0.000141705 2.35053e-05 3.38279e-06 4.25261e-07 4.49647e-08 3.78023e-09 2.42949e-10
 1.75448e-11 1.90432e-09 1.21876e-07 4.59922e-06 0.000102338 0.00134272 0.0103886 0.0474121 0.127854 0.205449 0.204922 0.149054 0.108456 0.0799476 0.0440619 0.0159387 0.00402823 0.00084694 0.000161677 2.58846e-05 3.37669e-06 3.755e-07 3.58217e-08 2.85069e-09 1.83194e-10
 1.79896e-11 1.9526e-09 1.24966e-07 4.71583e-06 0.000104933 0.00137676 0.0106518 0.0486114 0.131059 0.210357 0.208679 0.14878 0.104456 0.075298 0.0411816 0.0148067 0.00369597 0.000764075 0.00014572 2.39946e-05 3.26649e-06 3.68717e-07 3.36082e-08 2.42848e-09 1.40068e-10
 1.8704e-11 2.03014e-09 1.29929e-07 4.90311e-06 0.0001091 0.00143143 0.0110747 0.0505375 0.136203 0.21822 0.214623 0.14809 0.0976548 0.067589 0.036683 0.0133587 0.00347145 0.000766269 0.000153461 2.56236e-05 3.48695e-06 3.9731e-07 3.71606e-08 2.74855e-09 1.5695e-10
 1.91651e-11 2.08019e-09 1.33132e-07 5.02398e-06 0.00011179 0.00146672 0.0113476 0.051781 0.139528 0.223333 0.218638 0.148137 0.0940105 0.0630949 0.0335401 0.0117052 0.00271553 0.000489561 8.24918e-05 1.30958e-05 1.8289e-06 2.15925e-07 2.05578e-08 1.53452e-09 8.88921e-11
 1.93726e-11 2.10271e-09 1.34573e-07 5.07836e-06 0.000113 0.00148259 0.0114704 0.0523404 0.141023 0.225626 0.220411 0.148066 0.0922331 0.0609859 0.0321751 0.0110986 0.00248821 0.000412264 6.06393e-05 8.16093e-06 9.43182e-07 9.52443e-08 8.50586e-09 6.38168e-10 3.7833e-11
 1.96387e-11 2.13159e-09 1.36422e-07 5.14813e-06 0.000114552 0.00150296 0.0116279 0.053058 0.14294 0.228563 0.22266 0.147906 0.0898464 0.0582091 0.0304523 0.0104177 0.00228409 0.000358026 4.83132e-05 5.95753e-06 6.20886e-07 5.40301e-08 4.01575e-09 2.51809e-10 1.31333e-11
 1.94637e-11 2.11259e-09 1.35206e-07 5.10224e-06 0.000113531 0.00148957 0.0115243 0.0525861 0.14168 0.226637 0.221207 0.148083 0.0915243 0.0601055 0.0315512 0.0107617 0.00232963 0.000352829 4.49182e-05 5.21175e-06 5.08864e-07 4.06354e-08 2.71861e-09 1.50013e-10 6.66131e-12
 1.96022e-11 2.12763e-09 1.36168e-07 5.13857e-06 0.000114339 0.00150017 0.0116063 0.0529597 0.142678 0.228166 0.222381 0.148009 0.0902964 0.058669 0.030649 0.0103926 0.00221137 0.000319575 3.74427e-05 4.00944e-06 3.6842e-07 2.76354e-08 1.72183e-09 8.78371e-11 3.55305e-12
#obs surv len freq
 3.6874e-11 3.41736e-09 1.86744e-07 6.01716e-06 0.000114321 0.00128077 0.00846305 0.0330235 0.0765925 0.109184 0.11075 0.113261 0.130596 0.132401 0.112603 0.0836814 0.0511132 0.0243291 0.00911241 0.00271822 0.000638852 0.000115441 1.54248e-05 1.45217e-06 9.22083e-08
 1.92475e-11 1.72045e-09 9.06769e-08 2.818e-06 5.164e-05 0.000558077 0.00355951 0.0134527 0.0307608 0.0469273 0.0643767 0.10137 0.1472 0.170931 0.166082 0.131145 0.0766034 0.0325557 0.0107508 0.00291613 0.000636825 0.000105736 1.27319e-05 1.07422e-06 6.16197e-08
 1.4615e-10 1.25782e-08 6.38297e-07 1.90992e-05 0.000336972 0.00350561 0.0215047 0.0777969 0.166102 0.210139 0.161071 0.0846509 0.0501383 0.0536441 0.063384 0.0556303 0.0330349 0.0136161 0.00418477 0.00101417 0.000194716 2.872e-05 3.11492e-06 2.37532e-07 1.227e-08
 1.2352e-10 1.02188e-08 4.98485e-07 1.43381e-05 0.000243178 0.00243211 0.0143495 0.0500456 0.104284 0.136896 0.138689 0.150638 0.161232 0.125713 0.0671804 0.0286695 0.0121652 0.00509913 0.00178177 0.000465504 8.76825e-05 1.1837e-05 1.13877e-06 7.67002e-08 3.52263e-09
 1.9555e-10 1.55276e-08 7.27001e-07 2.00703e-05 0.000326711 0.00313604 0.0177538 0.0593404 0.117752 0.14275 0.120459 0.101226 0.105981 0.112395 0.10304 0.0712957 0.032859 0.00956958 0.00180777 0.000251467 3.12391e-05 3.56254e-06 3.18306e-07 1.98009e-08 8.20491e-10
 3.11243e-10 2.36864e-08 1.06288e-06 2.81229e-05 0.000438759 0.00403651 0.0219036 0.0702036 0.133881 0.157647 0.134142 0.117258 0.115197 0.100312 0.0732846 0.0441073 0.0197946 0.00618759 0.00134518 0.000206986 2.26179e-05 1.76828e-06 1.02921e-07 4.64596e-09 1.58862e-10
 4.34097e-10 3.16192e-08 1.35801e-06 3.43908e-05 0.000513541 0.00452198 0.023488 0.0720908 0.131934 0.150617 0.12878 0.117826 0.118714 0.10472 0.0771219 0.0450118 0.0185429 0.00503949 0.0009128 0.000117523 1.14925e-05 8.5762e-07 4.64341e-08 1.73863e-09 4.41886e-11
 5.67825e-10 3.95358e-08 1.62313e-06 3.92921e-05 0.000560858 0.00472102 0.0234455 0.0688648 0.121173 0.135922 0.122122 0.123093 0.128811 0.114201 0.083923 0.0480403 0.0191197 0.0049884 0.000860986 0.000103112 8.97426e-06 5.74917e-07 2.67132e-08 8.81485e-10 2.01723e-11
 9.32367e-10 6.19804e-08 2.42945e-06 5.61502e-05 0.000765226 0.00614977 0.0291571 0.0817362 0.137048 0.145424 0.121122 0.113174 0.11555 0.10469 0.0788027 0.0445614 0.0169247 0.00411354 0.000647041 6.9216e-05 5.33359e-06 3.03498e-07 1.25302e-08 3.6361e-10 7.2298e-12
 1.1511e-09 7.29766e-08 2.72799e-06 6.013e-05 0.000781525 0.00599049 0.0271015 0.0726621 0.117875 0.127275 0.122137 0.133819 0.137996 0.115724 0.0791457 0.0411367 0.0145055 0.00326864 0.000470622 4.50615e-05 3.03583e-06 1.49255e-07 5.33165e-09 1.34745e-10 2.34799e-12
 1.87276e-09 1.13111e-07 4.02819e-06 8.45877e-05 0.00104738 0.00764821 0.0329585 0.0841115 0.12942 0.130587 0.113927 0.116939 0.123609 0.113379 0.0836478 0.0440297 0.0149814 0.00316978 0.000419169 3.59061e-05 2.10531e-06 8.86098e-08 2.70536e-09 5.8647e-11 8.78928e-13
 2.84284e-09 1.63416e-07 5.53893e-06 0.0001107 0.00130459 0.00906736 0.037202 0.0905227 0.133738 0.133329 0.121514 0.127447 0.126369 0.103997 0.0690082 0.03339 0.0106034 0.00210687 0.000261871 2.10061e-05 1.14193e-06 4.38187e-08 1.19541e-09 2.27266e-11 2.94559e-13
 3.75212e-09 2.05091e-07 6.61004e-06 0.000125619 0.00140772 0.00930474 0.0363231 0.0843034 0.120225 0.121138 0.1204 0.135031 0.136314 0.113261 0.0745722 0.0348598 0.010513 0.00196669 0.000228721 1.70438e-05 8.53809e-07 3.00175e-08 7.48887e-10 1.30011e-11 1.53097e-13
 5.04364e-09 2.61923e-07 8.02032e-06 0.000144812 0.00154184 0.00968377 0.0359401 0.0795214 0.109503 0.11144 0.118426 0.138894 0.143738 0.122334 0.0803303 0.0362029 0.0102987 0.00178952 0.00018975 1.25383e-05 5.3804e-07 1.58129e-08 3.31035e-10 4.94559e-12 5.14065e-14
 7.9527e-09 3.92077e-07 1.13977e-05 0.000195368 0.00197478 0.0117753 0.0414973 0.0872494 0.114548 0.112385 0.116906 0.135155 0.139656 0.118832 0.0763298 0.0329558 0.00890172 0.00146821 0.00014856 9.45621e-06 3.94377e-07 1.12336e-08 2.22524e-10 3.02691e-12 2.76259e-14
 1.27335e-08 5.95567e-07 1.64249e-05 0.000267098 0.00256137 0.0144908 0.0484697 0.0968987 0.121918 0.117385 0.121796 0.136582 0.133839 0.107166 0.064631 0.0261972 0.00664629 0.00103028 9.80675e-05 5.88077e-06 2.31598e-07 6.2495e-09 1.17693e-10 1.52621e-12 1.32803e-14
 1.81729e-08 8.05888e-07 2.10724e-05 0.000324902 0.0029542 0.0158499 0.0503244 0.0959299 0.117373 0.116108 0.127428 0.143261 0.136218 0.104705 0.0600559 0.0230255 0.00552621 0.000814552 7.45077e-05 4.36249e-06 1.70483e-07 4.58954e-09 8.5267e-11 1.06985e-12 8.86217e-15
 2.58006e-08 1.08424e-06 2.68664e-05 0.000392553 0.00338262 0.0172026 0.0518229 0.0941636 0.11198 0.113011 0.128935 0.146319 0.13954 0.106542 0.0592897 0.0216883 0.00494323 0.000694853 6.13073e-05 3.5209e-06 1.37086e-07 3.69649e-09 6.83844e-11 8.4681e-13 6.87842e-15
 4.48513e-08 1.7854e-06 4.19068e-05 0.000580011 0.00473425 0.0228052 0.065057 0.111795 0.125013 0.117095 0.124563 0.135776 0.12675 0.0941682 0.050092 0.0172986 0.00370009 0.000486584 4.00676e-05 2.14425e-06 7.79172e-08 1.97453e-09 3.47135e-11 4.13215e-13 3.25428e-15
 5.95516e-08 2.2448e-06 4.98945e-05 0.000653945 0.00505525 0.0230758 0.0625512 0.103454 0.117052 0.122111 0.141651 0.149778 0.128181 0.0867763 0.0426385 0.0137897 0.00279543 0.000353474 2.8538e-05 1.52826e-06 5.60589e-08 1.41666e-09 2.42168e-11 2.73919e-13 2.02282e-15
 8.54572e-08 3.04969e-06 6.41734e-05 0.000796289 0.00582799 0.0251925 0.0647317 0.101937 0.111663 0.116394 0.136858 0.149031 0.133677 0.092629 0.0445744 0.0136977 0.00259634 0.000303585 2.24265e-05 1.09033e-06 3.64029e-08 8.5125e-10 1.3777e-11 1.50288e-13 1.07944e-15
 1.30525e-07 4.40919e-06 8.78251e-05 0.00103158 0.00714741 0.0292581 0.0713071 0.107264 0.114977 0.120996 0.140913 0.147672 0.126168 0.0827053 0.0374714 0.0108308 0.00193528 0.00021438 1.51054e-05 7.03934e-07 2.2455e-08 4.94971e-10 7.42428e-12 7.41725e-14 4.86397e-16
 1.91758e-07 6.13125e-06 0.000115596 0.00128519 0.00842945 0.0326808 0.0756049 0.109017 0.115597 0.124528 0.144879 0.147695 0.121599 0.0758903 0.0323489 0.00872423 0.00144349 0.000146529 9.32097e-06 3.85904e-07 1.08565e-08 2.1296e-10 2.898e-12 2.67153e-14 1.6294e-16
 2.72297e-07 8.24082e-06 0.000147061 0.00154764 0.00960976 0.035295 0.0775984 0.107776 0.114551 0.127835 0.149224 0.14894 0.119027 0.0711554 0.0287236 0.00730421 0.00114095 0.000109924 6.69066e-06 2.66852e-07 7.21492e-09 1.33827e-10 1.68132e-12 1.40127e-14 7.63582e-17
 3.75752e-07 1.07642e-05 0.000181831 0.00181141 0.0106494 0.0370683 0.0775698 0.104384 0.112674 0.131119 0.153795 0.151199 0.118048 0.0679524 0.0261467 0.00633987 0.000954265 9.04272e-05 5.56626e-06 2.30031e-07 6.47654e-09 1.22922e-10 1.5384e-12 1.24767e-14 6.50042e-17
 5.04702e-07 1.36871e-05 0.000218876 0.00206431 0.0114931 0.0379358 0.075737 0.0995814 0.110929 0.135319 0.159516 0.154827 0.117921 0.0648952 0.0234674 0.00528376 0.000729837 6.25295e-05 3.42495e-06 1.25073e-07 3.1546e-09 5.53889e-11 6.64264e-13 5.2949e-15 2.74252e-17
 5.94785e-07 1.52716e-05 0.000231224 0.00206504 0.010894 0.0341716 0.0656804 0.0871929 0.106797 0.142131 0.170696 0.164803 0.122912 0.0648735 0.022183 0.00469389 0.000608159 4.8839e-05 2.50205e-06 8.48977e-08 1.9649e-09 3.1186e-11 3.34262e-13 2.37336e-15 1.10151e-17
 8.607e-07 2.09257e-05 0.000300007 0.00253715 0.012676 0.0376797 0.0688035 0.0875442 0.104625 0.138134 0.168023 0.166276 0.12439 0.0636742 0.0206666 0.00411108 0.000498803 3.74401e-05 1.78976e-06 5.65496e-08 1.21585e-09 1.78819e-11 1.77037e-13 1.15559e-15 4.89859e-18
#pred catch len freq
 6.9064e-12 7.49623e-10 4.79758e-08 1.81046e-06 4.02857e-05 0.000528608 0.00409149 0.0187121 0.0509971 0.086286 0.106552 0.131962 0.166769 0.161487 0.110806 0.0628824 0.0357118 0.020996 0.0129016 0.00855296 0.00623185 0.00504057 0.00427966 0.00326938 0.00190081
 6.27869e-12 6.81492e-10 4.36154e-08 1.64592e-06 3.66243e-05 0.000480568 0.00371977 0.0170148 0.0464084 0.0788206 0.0986938 0.125382 0.162219 0.162919 0.122014 0.0793314 0.0480552 0.025775 0.012786 0.00652391 0.00367276 0.00238856 0.00175998 0.00126667 0.000730516
 9.51344e-12 1.03259e-09 6.60858e-08 2.49388e-06 5.54922e-05 0.000728109 0.0056344 0.0257393 0.0697487 0.114817 0.127472 0.12738 0.139128 0.132778 0.0988075 0.065591 0.0423091 0.0250703 0.0132165 0.00618518 0.00270471 0.00126169 0.000702419 0.000433532 0.000235886
 7.28452e-12 7.90665e-10 5.06025e-08 1.90959e-06 4.24913e-05 0.000557548 0.00431545 0.0197355 0.0537735 0.0908828 0.111771 0.137395 0.172548 0.165713 0.111366 0.0607118 0.0331517 0.0187674 0.0103322 0.00519464 0.00227811 0.000887826 0.000347257 0.000155682 7.19737e-05
 1.13925e-11 1.23655e-09 7.91391e-08 2.98647e-06 6.64529e-05 0.000871908 0.00674661 0.0308072 0.0833035 0.135697 0.144053 0.128249 0.125773 0.117153 0.0897367 0.0615743 0.0383648 0.0203043 0.00964091 0.00448807 0.0019962 0.000786359 0.00026907 8.70387e-05 2.92491e-05
 1.29846e-11 1.40936e-09 9.01986e-08 3.40382e-06 7.57394e-05 0.000993752 0.00768933 0.0351101 0.0949128 0.154398 0.16289 0.142116 0.13416 0.115837 0.0738385 0.037605 0.0194143 0.0108429 0.00577734 0.00267489 0.00108248 0.000399146 0.00013176 3.75877e-05 9.54174e-06
 1.40385e-11 1.52374e-09 9.75194e-08 3.68008e-06 8.18866e-05 0.0010744 0.00831319 0.0379543 0.102542 0.166325 0.173221 0.145457 0.131092 0.110277 0.0681775 0.0319158 0.0136046 0.0057616 0.00244466 0.00107178 0.000450501 0.000164228 5.07403e-05 1.33582e-05 2.96229e-06
 1.36125e-11 1.4775e-09 9.45599e-08 3.5684e-06 7.94016e-05 0.0010418 0.00806107 0.0368062 0.0994819 0.1617 0.16998 0.146714 0.136492 0.115975 0.0710212 0.0321543 0.0128841 0.00495935 0.00176168 0.000592687 0.00019914 6.63386e-05 2.01365e-05 5.11046e-06 1.04614e-06
 1.42379e-11 1.54538e-09 9.89043e-08 3.73234e-06 8.30495e-05 0.00108966 0.00843122 0.0384925 0.103986 0.168593 0.17523 0.14624 0.130751 0.109426 0.0671714 0.0308503 0.0125617 0.00479807 0.00162233 0.000489291 0.000135196 3.48838e-05 8.61946e-06 1.97556e-06 3.83928e-07
 1.42872e-11 1.55074e-09 9.92474e-08 3.74529e-06 8.33376e-05 0.00109344 0.00846049 0.0386266 0.104356 0.169254 0.176197 0.147726 0.132622 0.110458 0.0662383 0.0286234 0.0106439 0.00382969 0.00127538 0.000380383 9.99179e-05 2.2735e-05 4.53806e-06 8.15238e-07 1.31786e-07
 1.43315e-11 1.55555e-09 9.95549e-08 3.7569e-06 8.35958e-05 0.00109683 0.00848673 0.0387468 0.104686 0.169828 0.17698 0.148827 0.133962 0.111215 0.0656304 0.0270636 0.00919177 0.00297638 0.000897389 0.000245739 6.13075e-05 1.34634e-05 2.50548e-06 3.88371e-07 5.04483e-08
 1.55195e-11 1.68449e-09 1.07807e-07 4.06831e-06 9.0525e-05 0.00118774 0.00918982 0.0419497 0.113242 0.182921 0.186948 0.147915 0.123019 0.0986693 0.0581209 0.0243907 0.00852644 0.00277476 0.000796987 0.000198157 4.4169e-05 8.79438e-06 1.52315e-06 2.21699e-07 2.61398e-08
 1.55269e-11 1.6853e-09 1.07859e-07 4.07025e-06 9.05684e-05 0.00118831 0.00919425 0.0419706 0.113307 0.1831 0.187471 0.149176 0.124878 0.0998574 0.0575088 0.0225689 0.00694681 0.00201199 0.000553892 0.000136761 2.95523e-05 5.43914e-06 8.45518e-07 1.10821e-07 1.1976e-08
 1.47661e-11 1.60272e-09 1.02574e-07 3.87083e-06 8.6131e-05 0.00113009 0.00874401 0.0399198 0.107832 0.174746 0.181231 0.150158 0.132505 0.108349 0.0622567 0.0238167 0.00686936 0.00179627 0.000438593 9.5172e-05 1.86268e-05 3.26062e-06 4.86558e-07 5.94732e-08 5.82624e-09
 1.53522e-11 1.66634e-09 1.06645e-07 4.02447e-06 8.95496e-05 0.00117494 0.00909088 0.0414997 0.112049 0.181172 0.185989 0.149267 0.126434 0.101712 0.0587371 0.0231163 0.00709003 0.00197188 0.000483661 9.84908e-05 1.71938e-05 2.63632e-06 3.5028e-07 3.94962e-08 3.6421e-09
 1.61825e-11 1.75646e-09 1.12413e-07 4.24212e-06 9.43926e-05 0.00123848 0.00958231 0.0437388 0.118036 0.190376 0.193208 0.149322 0.119829 0.0935918 0.0530913 0.0201803 0.00576478 0.00149036 0.000360077 7.59228e-05 1.36666e-05 2.04645e-06 2.49289e-07 2.48434e-08 2.02823e-09
 1.66108e-11 1.80294e-09 1.15388e-07 4.35438e-06 9.68905e-05 0.00127125 0.00983579 0.0448939 0.121127 0.195156 0.19709 0.149787 0.117089 0.0898512 0.050007 0.0180626 0.00453356 0.000956809 0.000194026 3.64412e-05 6.13497e-06 9.06772e-07 1.11996e-07 1.10659e-08 8.50954e-10
 1.66451e-11 1.80666e-09 1.15626e-07 4.36337e-06 9.70905e-05 0.00127387 0.00985607 0.0449859 0.121369 0.195486 0.197148 0.149129 0.115816 0.0888752 0.0501081 0.0189184 0.00529864 0.00129902 0.000280012 4.84805e-05 6.87708e-06 8.59085e-07 9.50647e-08 8.93687e-09 6.78828e-10
 1.74148e-11 1.89021e-09 1.20973e-07 4.56514e-06 0.00010158 0.00133278 0.0103116 0.0470615 0.126917 0.204008 0.203791 0.149044 0.109485 0.0812083 0.0449286 0.0163851 0.00424028 0.000940617 0.00019694 3.6434e-05 5.68453e-06 7.24891e-07 7.30708e-08 5.88539e-09 3.89154e-10
 1.82264e-11 1.9783e-09 1.26611e-07 4.77789e-06 0.000106314 0.00139488 0.010792 0.0492499 0.132765 0.212974 0.210704 0.148704 0.102433 0.072892 0.0396156 0.0141031 0.00343203 0.000679225 0.000125533 2.08451e-05 3.00087e-06 3.77274e-07 3.98914e-08 3.35373e-09 2.15538e-10
 1.83798e-11 1.99495e-09 1.27677e-07 4.81812e-06 0.000107209 0.00140662 0.0108828 0.0496635 0.133869 0.214654 0.211937 0.148433 0.100787 0.0711183 0.0387129 0.0139744 0.0035354 0.000745149 0.000142539 2.2841e-05 2.98044e-06 3.31458e-07 3.16208e-08 2.51639e-09 1.61711e-10
 1.81654e-11 1.97168e-09 1.26187e-07 4.76191e-06 0.000105958 0.00139022 0.0107559 0.0490854 0.132325 0.212294 0.210153 0.148641 0.102828 0.0734307 0.0400597 0.0144059 0.00360299 0.00074751 0.000142993 2.35768e-05 3.21083e-06 3.62468e-07 3.30393e-08 2.38739e-09 1.37698e-10
 1.93703e-11 2.10246e-09 1.34557e-07 5.07777e-06 0.000112987 0.00148242 0.011469 0.0523341 0.141002 0.225566 0.220224 0.147607 0.0915538 0.0605555 0.0324094 0.0117743 0.00306348 0.000678047 0.000136078 2.27406e-05 3.09537e-06 3.52715e-07 3.29901e-08 2.44009e-09 1.39336e-10
 1.99192e-11 2.16204e-09 1.3837e-07 5.22166e-06 0.000116188 0.00152443 0.0117939 0.0538142 0.144959 0.231642 0.224959 0.147538 0.0870282 0.0550846 0.0287284 0.00998697 0.00231744 0.000418681 7.07261e-05 1.12429e-05 1.57076e-06 1.85465e-07 1.76581e-08 1.31808e-09 7.63539e-11
 2.0142e-11 2.18622e-09 1.39918e-07 5.28007e-06 0.000117488 0.00154148 0.0119258 0.054415 0.146564 0.234104 0.226856 0.147442 0.0850874 0.0527985 0.0272714 0.00936515 0.00209936 0.00034846 5.13848e-05 6.92659e-06 8.00985e-07 8.08968e-08 7.22478e-09 5.42056e-10 3.21352e-11
 2.04615e-11 2.2209e-09 1.42137e-07 5.36381e-06 0.000119351 0.00156592 0.0121149 0.0552763 0.148865 0.237627 0.229548 0.147229 0.0821918 0.0494455 0.0252132 0.00857731 0.00187963 0.000295043 3.99084e-05 4.92957e-06 5.14097e-07 4.47454e-08 3.32581e-09 2.08549e-10 1.08771e-11
 2.04698e-11 2.2218e-09 1.42195e-07 5.36599e-06 0.0001194 0.00156656 0.0121198 0.0552988 0.148925 0.237721 0.229627 0.147249 0.0821543 0.0493827 0.0251475 0.00852037 0.00184284 0.0002794 3.56439e-05 4.14251e-06 4.04745e-07 3.23274e-08 2.16289e-09 1.1935e-10 5.29974e-12
 2.03354e-11 2.20721e-09 1.41261e-07 5.33075e-06 0.000118616 0.00155627 0.0120402 0.0549363 0.147958 0.236242 0.228515 0.147395 0.0834587 0.0508492 0.0259863 0.00876926 0.00186501 0.000269834 3.16918e-05 3.40118e-06 3.12851e-07 2.34745e-08 1.4627e-09 7.46191e-11 3.01839e-12
#obs catch len freq
 3.64175e-11 3.37505e-09 1.84432e-07 5.94266e-06 0.000112906 0.0012649 0.00835761 0.0326007 0.0754738 0.106602 0.104205 0.0994759 0.113723 0.126283 0.123743 0.101214 0.0627823 0.0290682 0.0107315 0.00332423 0.000842632 0.000163551 2.28197e-05 2.18454e-06 1.39031e-07
 4.4115e-11 3.94325e-09 2.0783e-07 6.45879e-06 0.000118355 0.00127891 0.00815186 0.0307032 0.0689596 0.0967244 0.102149 0.115603 0.139862 0.141496 0.119177 0.0872758 0.0521511 0.0242302 0.0088493 0.00256493 0.00058252 0.000100997 1.28457e-05 1.143e-06 6.82142e-08
 2.34725e-11 2.02013e-09 1.02514e-07 3.06747e-06 5.41231e-05 0.000563214 0.00346013 0.0126172 0.028072 0.0431417 0.0635414 0.105598 0.153206 0.175565 0.16799 0.129458 0.0733937 0.0303378 0.00977666 0.00258048 0.000543955 8.64752e-05 9.90115e-06 7.89447e-07 4.25608e-08
 1.83714e-18 8.07576e-16 2.09321e-13 3.19915e-11 2.88308e-09 1.53219e-07 4.80297e-06 8.8874e-05 0.000973088 0.00635193 0.0252845 0.0652159 0.122814 0.188199 0.226778 0.192806 0.110469 0.0440899 0.0131651 0.00309588 0.000573603 8.10503e-05 8.35836e-06 6.02058e-07 2.92206e-08
 1.29821e-10 1.03084e-08 4.82638e-07 1.33243e-05 0.000216903 0.00208233 0.0117981 0.0396023 0.0803363 0.108043 0.127793 0.167444 0.188926 0.144846 0.0755072 0.0318913 0.0134906 0.00555714 0.00188114 0.000472664 8.52931e-05 1.09903e-05 1.00435e-06 6.39068e-08 2.75841e-09
 2.79747e-10 2.12894e-08 9.55324e-07 2.5277e-05 0.000394358 0.003628 0.019686 0.0630819 0.120162 0.140726 0.117598 0.101768 0.108386 0.113994 0.102179 0.0681758 0.0300675 0.00837224 0.00152074 0.000205903 2.50286e-05 2.75318e-06 2.33744e-07 1.37128e-08 5.33543e-10
 4.54052e-10 3.30727e-08 1.42044e-06 3.59717e-05 0.000537148 0.00472983 0.0245669 0.075391 0.137867 0.156791 0.13211 0.117521 0.115209 0.0985746 0.0706772 0.0413931 0.0179073 0.00537975 0.00112397 0.000166004 1.73726e-05 1.29961e-06 7.23331e-08 3.10749e-09 1.0027e-10
 6.41798e-10 4.46863e-08 1.83458e-06 4.44108e-05 0.000633919 0.00533588 0.0264954 0.0777686 0.136346 0.150339 0.127452 0.118191 0.1182 0.102314 0.0737123 0.0416223 0.0164314 0.00426975 0.000741625 9.19453e-05 8.65657e-06 6.18253e-07 3.18169e-08 1.12694e-09 2.70059e-11
 8.6507e-10 5.75067e-08 2.2541e-06 5.20975e-05 0.000709998 0.0057061 0.0270579 0.0759138 0.127821 0.138303 0.122498 0.122955 0.126213 0.109486 0.0785293 0.0433702 0.0165077 0.00411108 0.000678769 7.79672e-05 6.50741e-06 3.98447e-07 1.76169e-08 5.50688e-10 1.18845e-11
 1.4518e-09 9.20402e-08 3.44062e-06 7.58375e-05 0.00098566 0.00755449 0.0341602 0.091352 0.146281 0.148971 0.120823 0.111125 0.111057 0.0984469 0.0720573 0.0391255 0.0141604 0.00327533 0.000491476 5.03305e-05 3.71714e-06 2.02126e-07 7.93469e-09 2.17917e-10 4.08486e-12
 1.82458e-09 1.10201e-07 3.92456e-06 8.24117e-05 0.00102045 0.0074519 0.0321209 0.0820837 0.127143 0.131998 0.123487 0.131961 0.132064 0.107965 0.0717866 0.0358365 0.0120316 0.00257541 0.000352822 3.22506e-05 2.07854e-06 9.76035e-08 3.31578e-09 7.93323e-11 1.30355e-12
 3.00895e-09 1.72965e-07 5.86258e-06 0.000117168 0.0013808 0.00959652 0.0393614 0.0956328 0.140236 0.135435 0.114261 0.114074 0.117454 0.105075 0.0748754 0.0376013 0.012131 0.0024308 0.000304939 2.48603e-05 1.39131e-06 5.58872e-08 1.62287e-09 3.33119e-11 4.7087e-13
 4.60512e-09 2.51716e-07 8.11275e-06 0.000154176 0.00172771 0.0114186 0.0445505 0.103111 0.145057 0.138255 0.121365 0.122882 0.11801 0.0945443 0.0606622 0.0280281 0.0084377 0.00158651 0.000186852 1.42436e-05 7.37674e-07 2.69602e-08 6.98293e-10 1.25552e-11 1.53397e-13
 6.23742e-09 3.23918e-07 9.91864e-06 0.000179086 0.00190672 0.011974 0.0444115 0.0979481 0.132799 0.127382 0.120788 0.129809 0.126745 0.102357 0.0649269 0.0288914 0.00824297 0.00145692 0.000160309 1.13352e-05 5.4027e-07 1.80755e-08 4.27885e-10 7.02029e-12 7.78642e-14
 8.531e-09 4.20587e-07 1.22264e-05 0.000209575 0.00211837 0.012631 0.0445052 0.0934922 0.122234 0.118068 0.119184 0.133817 0.134088 0.110687 0.0697058 0.0297976 0.00799932 0.00131014 0.000131057 8.18902e-06 3.33355e-07 9.31544e-09 1.85283e-10 2.62057e-12 2.56815e-14
 1.35639e-08 6.34407e-07 1.7496e-05 0.000284516 0.00272834 0.0154339 0.0515997 0.10291 0.128057 0.118732 0.11663 0.12885 0.128914 0.106126 0.0651541 0.0266235 0.00677839 0.00105317 0.000100515 6.04976e-06 2.39207e-07 6.46557e-09 1.21292e-10 1.55715e-12 1.33729e-14
 2.17357e-08 9.6388e-07 2.52035e-05 0.000388594 0.00353315 0.0189516 0.0600995 0.113881 0.135615 0.122989 0.119995 0.128279 0.121532 0.0940397 0.0541579 0.0207595 0.00496055 0.000723838 6.4943e-05 3.68024e-06 1.37341e-07 3.51517e-09 6.2663e-11 7.66435e-13 6.26994e-15
 3.1334e-08 1.31677e-06 3.26284e-05 0.000476737 0.00410782 0.0208851 0.0628329 0.11343 0.131088 0.121567 0.124982 0.133841 0.122948 0.0911819 0.0498641 0.0180622 0.00408119 0.000566274 4.88468e-05 2.70453e-06 1.00158e-07 2.55409e-09 4.48164e-11 5.29264e-13 4.11569e-15
 4.52505e-08 1.80129e-06 4.22798e-05 0.000585174 0.00477641 0.0230085 0.0656397 0.11282 0.126261 0.118452 0.125809 0.135935 0.125186 0.0919449 0.0486386 0.016783 0.00359926 0.000476325 3.9658e-05 2.15531e-06 7.95225e-08 2.02893e-09 3.53935e-11 4.11926e-13 3.13728e-15
 7.79392e-08 2.93791e-06 6.52999e-05 0.000855829 0.00661487 0.0301719 0.0814804 0.132374 0.139121 0.120706 0.119022 0.123377 0.111101 0.0791937 0.0399542 0.0129969 0.00261334 0.000323296 2.51026e-05 1.27055e-06 4.37441e-08 1.04911e-09 1.73964e-11 1.94625e-13 1.43662e-15
 1.05549e-07 3.7667e-06 7.92608e-05 0.000983484 0.00719749 0.0311001 0.0797577 0.124463 0.131437 0.125549 0.134492 0.135041 0.111328 0.0723349 0.0337365 0.0102837 0.00196108 0.000233522 1.78003e-05 9.02055e-07 3.13125e-08 7.4687e-10 1.20096e-11 1.27437e-13 8.8117e-16
 1.53895e-07 5.19866e-06 0.00010355 0.00121624 0.00842582 0.0344698 0.0837551 0.12424 0.126303 0.119395 0.129256 0.13394 0.115586 0.0764735 0.0347806 0.0100497 0.00178917 0.00019674 1.37043e-05 6.30111e-07 1.99193e-08 4.40218e-10 6.70882e-12 6.86706e-14 4.61542e-16
 2.37307e-07 7.58764e-06 0.000143053 0.00159039 0.0104293 0.0403973 0.0930483 0.131523 0.129755 0.122276 0.130364 0.129768 0.10649 0.0665534 0.0284751 0.00773652 0.0012984 0.000135284 8.98896e-06 3.95955e-07 1.19417e-08 2.48292e-10 3.50136e-12 3.27963e-14 2.01217e-16
 3.50982e-07 1.06221e-05 0.000189554 0.00199471 0.0123824 0.0454196 0.099244 0.134105 0.129811 0.124184 0.132205 0.128039 0.101094 0.0600337 0.0241319 0.00611118 0.000948651 9.04434e-05 5.41617e-06 2.11685e-07 5.63029e-09 1.04286e-10 1.33567e-12 1.15488e-14 6.58846e-17
 5.00946e-07 1.43506e-05 0.000242409 0.00241471 0.0141909 0.0493072 0.102317 0.132759 0.127782 0.126162 0.135237 0.128402 0.0982732 0.0557991 0.0212204 0.00506562 0.000742469 6.72099e-05 3.85236e-06 1.45e-07 3.70099e-09 6.46755e-11 7.63168e-13 5.95824e-15 3.03554e-17
 7.08534e-07 1.92148e-05 0.000307263 0.00289759 0.0161234 0.0530787 0.104677 0.13074 0.125712 0.127861 0.13761 0.128649 0.0959872 0.0523748 0.0189726 0.00432036 0.000610975 5.45013e-05 3.16486e-06 1.23467e-07 3.27593e-09 5.84132e-11 6.84895e-13 5.19365e-15 2.52633e-17
 9.72627e-07 2.49728e-05 0.000378088 0.0033759 0.0177898 0.0555165 0.104244 0.126203 0.12325 0.130771 0.141913 0.131014 0.0951302 0.049507 0.0168286 0.00355411 0.000460618 3.70923e-05 1.91444e-06 6.6015e-08 1.57202e-09 2.59912e-11 2.92468e-13 2.18055e-15 1.05385e-17
 1.19461e-06 2.90435e-05 0.000416378 0.00352079 0.0175784 0.0520848 0.0937445 0.11284 0.118618 0.137674 0.153324 0.140888 0.0999339 0.0497761 0.0159836 0.0031712 0.000385427 2.9083e-05 1.403e-06 4.48964e-08 9.79538e-10 1.46207e-11 1.46945e-13 9.75962e-16 4.22868e-18
#spawning biomass
 22466.4 22932.1 23402.2 28267.3 47300.7 67895.6 91784.4 114268 152372 186164 171115 219841 271828 266292 265343 287260 256564 308255 275875 262257 336211 445944 361602 362843 387795 364086 361520 345434 337181 19185.5 4431.4 4431.32 4431.32 4431.32 4431.32 4431.32 4431.32 4431.32 4431.32 4431.32 4431.32 4431.32 4431.32 4431.32 4431.32 4431.32 4431.32 4431.32 4431.32 4431.32 4431.32 4431.32 4431.32 4431.32 4431.32 4431.32 4431.32 4431.32 4431.32 4431.32 4431.32 4431.32 4431.32 4431.32 4431.32 4431.32 4431.32 4431.32 4431.32 4431.32 4431.32 4431.32 4431.32 4431.32 4431.32 4431.32 4431.32 4431.32 4431.32 4431.32 4431.32 4431.32 4431.32 4431.32 4431.32 4431.32 4431.32 4431.32 4431.32 4431.32 4431.32 4431.32 4431.32 4431.32 4431.32 4431.32 4431.32 4431.32 4431.32 4431.32 4431.32 4431.32 4431.32 4431.32 4431.32 4431.32 4431.32 4431.32 4431.32 4431.32 4431.32 4431.32 4431.32 4431.32 4431.32 4431.32 4431.32 4431.32 4431.32 4431.32 4431.32 4431.32 4431.32 4431.32 4431.32 4431.32 4431.32 4431.32 0 0 0 0 0 0 0 0 0 0 0 0 0 0 0 0 0 0 0 0 0 0 0 0 0
