SBPRF35
0.235429
Curr Bio
168066
B35
227797
F35
0.896896
FOFL
0.896896
OFL
64964.8
Bzero
67265.3
#pred survey bio
 20040.1 14867.9 16306.6 17720.1 20283.8 24601.3 28692.3 33778.2 47553.9 63957 76354.3 87205.3 124515 160120 159582 128230 116835 108246 106719 108540 111163 111364 120086 133492 135540 145497 136916 122842 128444 4.51422e+06 4.43454e+06 3.0723e+06 1.76392e+06 1.10053e+06 803971 666987 597593 558783 535404 520682 511201 505033 501001 498345 496592 495468 494747 494282 493983 493789 493665 493584 493532 493498 493476 493462 493453 493447 493444 493441 493439 493438 493438 493437 493437 493437 493437 493437 493437 493437 493437 493437 493437 493437 493437 493437 493437 493437 493437 493437 493437 493437 493437 493437 493437 493437 493437 493437 493437 493437 493437 493437 493437 493437 493437 493437 493437 493437 493437 493437 493437 493437 493437 493437 493437 493437 493437 493437 493437 493437 493437 493437 493437 493437 493437 493437 493437 493437 493437 493437 493437 493437 493437 493437 493437 493437 493437 493437 493437 0 0 0 0 0 0 0 0 0 0 0 0 0 0 0 0 0 0 0 0 0 0 0 0 0
#obs survey bio
 18006.9 13954.6 18885.4 11818.4 19062.6 14388.1 19281.4 36808.2 48847.2 62491.2 54654.3 88945.6 106769 137983 121158 113496 89443 108108 96893 86503 68225.6 106793 75758.8 108681 136137 106692 107774 76080 108515
#pred catch bio
 11911.1 6888.7 8100.58 9385.41 10257.8 12866 17078.3 18593.3 26651.4 37492.2 50573.1 53364 75888.5 103195 116509 93399.9 87678.7 78590.5 76768.6 81115.1 86195.9 84069.3 89793.2 107475 104609 118389 114861 100718 56966 64964.8 87951.2 60990.5 29154.5 15052.5 10103 8513.44 8028.83 7886.29 7845.44 7833.95 7830.77 7829.9 7829.66 7829.6 7829.58 7829.58 7829.58 7829.58 7829.58 7829.58 7829.58 7829.58 7829.58 7829.58 7829.58 7829.58 7829.58 7829.58 7829.58 7829.58 7829.58 7829.58 7829.58 7829.58 7829.58 7829.58 7829.58 7829.58 7829.58 7829.58 7829.58 7829.58 7829.58 7829.58 7829.58 7829.58 7829.58 7829.58 7829.58 7829.58 7829.58 7829.58 7829.58 7829.58 7829.58 7829.58 7829.58 7829.58 7829.58 7829.58 7829.58 7829.58 7829.58 7829.58 7829.58 7829.58 7829.58 7829.58 7829.58 7829.58 7829.58 7829.58 7829.58 7829.58 7829.58 7829.58 7829.58 7829.58 7829.58 7829.58 7829.58 7829.58 7829.58 7829.58 7829.58 7829.58 7829.58 7829.58 7829.58 7829.58 7829.58 7829.58 7829.58 7829.58 7829.58 7829.58 7829.58 7829.58 7829.58 0 0 0 0 0 0 0 0 0 0 0 0 0 0 0 0 0 0 0 0 0 0 0 0 0
#obs catch bio
 7152.73 6850.62 8020.47 9580.58 10280.1 12846 17307.5 18429.7 25935.2 36363.8 49738.1 51992.2 73622.3 101380 115918 91547.3 86351.7 76616 74000.1 77954.1 85648.1 80730.9 87201.3 103963 99746 113937 113533 100061 55832.1
#pred cpue bio
 14607.5 9820.2 10482.2 11125.5 11971.9 14611.3 17133.4 18423.7 25170.5 34579.6 42767.6 45376.3 62013.4 85261.6 92887.6 72982.9 62614.7 56820.4 56365.6 56784 55981.4 55259.6 59192.9 65520 64663.7 71126.4 67094.6 59367.3 59447.2 2.59763e+06 3.59842e+06 2.91885e+06 1.65623e+06 985121 686308 548874 479391 440563 417180 402458 392977 386808 382776 380120 378367 377243 376522 376057 375758 375564 375440 375359 375307 375273 375251 375237 375228 375222 375219 375216 375214 375213 375213 375212 375212 375212 375212 375212 375212 375212 375212 375212 375212 375212 375212 375212 375212 375212 375212 375212 375212 375212 375212 375212 375212 375212 375212 375212 375212 375212 375212 375212 375212 375212 375212 375212 375212 375212 375212 375212 375212 375212 375212 375212 375212 375212 375212 375212 375212 375212 375212 375212 375212 375212 375212 375212 375212 375212 375212 375212 375212 375212 375212 375212 375212 375212 375212 375212 375212 0 0 0 0 0 0 0 0 0 0 0 0 0 0 0 0 0 0 0 0 0 0 0 0 0
#obs cpue bio
 9039.6 10484.7 10476.4 9420.24 15055.6 23425.4 22620.5 24320.9 43199.8 54854.6 69178.5 80529.5 96371.7 111235 135764 137096 90986.8 92995 115495 134217 82291.1 138842 128927 151850 142398 151484 96396.8 108939 107905
#pred surv len freq
 2.56252e-27 2.58666e-27 3.17251e-26 6.15277e-20 1.50828e-14 4.4693e-10 1.60083e-06 0.000693097 0.0362742 0.229481 0.175855 0.039501 0.177114 0.163733 0.0404894 0.0515711 0.0224959 0.0177533 0.011098 0.0085454 0.00675924 0.00587398 0.00591047 0.00524784 0.00160256
 2.56472e-27 2.59264e-27 3.6905e-26 7.24545e-20 1.77614e-14 5.26301e-10 1.88512e-06 0.000816185 0.0427162 0.270235 0.206966 0.0389664 0.151192 0.14019 0.0434927 0.0640432 0.021576 0.00874915 0.00395472 0.00229843 0.00149383 0.00111848 0.00100129 0.000891209 0.000298424
 2.56522e-27 2.59395e-27 3.79997e-26 7.47637e-20 1.83274e-14 5.43074e-10 1.9452e-06 0.000842197 0.0440776 0.278847 0.213548 0.0393551 0.149525 0.138458 0.039667 0.0558953 0.0212806 0.0121833 0.00385424 0.00118785 0.000512251 0.000295004 0.00022027 0.000184951 6.42002e-05
 2.56549e-27 2.59459e-27 3.8462e-26 7.57386e-20 1.85664e-14 5.50156e-10 1.97057e-06 0.00085318 0.0446524 0.282483 0.216336 0.0400626 0.15295 0.14148 0.0377176 0.0506011 0.0183339 0.00935468 0.00351316 0.00121365 0.00026977 8.58787e-05 4.58589e-05 3.33988e-05 1.1502e-05
 2.56708e-27 2.59877e-27 4.2047e-26 8.33009e-20 2.04202e-14 6.05087e-10 2.16732e-06 0.000938368 0.0491108 0.310688 0.23787 0.0399037 0.136612 0.126251 0.0322961 0.041996 0.0145861 0.00650383 0.00224339 0.000750361 0.000195814 3.62081e-05 9.0265e-06 4.77047e-06 1.54731e-06
 2.56634e-27 2.5967e-27 4.01274e-26 7.92512e-20 1.94275e-14 5.75671e-10 2.06196e-06 0.000892749 0.0467232 0.295584 0.226357 0.0411611 0.154269 0.142406 0.032636 0.0386816 0.0132268 0.00558338 0.00179567 0.000525038 0.000126919 2.48508e-05 3.37109e-06 8.03248e-07 2.19424e-07
 2.56639e-27 2.59687e-27 4.03276e-26 7.96736e-20 1.9531e-14 5.78739e-10 2.07295e-06 0.000897506 0.0469722 0.297159 0.227552 0.0406582 0.149603 0.138227 0.0342178 0.043314 0.0142159 0.00507632 0.00156786 0.000427191 9.06715e-05 1.60328e-05 2.0135e-06 2.01399e-07 3.22445e-08
 2.56845e-27 2.60234e-27 4.50353e-26 8.96044e-20 2.19654e-14 6.50875e-10 2.33133e-06 0.00100938 0.0528271 0.334198 0.25583 0.0403665 0.127515 0.117597 0.026071 0.0299064 0.00983235 0.00354001 0.00101608 0.000234894 4.60113e-05 7.16304e-06 7.94153e-07 5.68058e-08 3.68071e-09
 2.56874e-27 2.60302e-27 4.55456e-26 9.06807e-20 2.22293e-14 6.58693e-10 2.35933e-06 0.0010215 0.0534616 0.338213 0.258904 0.0409392 0.129714 0.119471 0.023624 0.0238276 0.00759082 0.00237316 0.000674278 0.000153679 2.6156e-05 3.56143e-06 3.44175e-07 2.05908e-08 7.1504e-10
 2.56808e-27 2.60121e-27 4.39345e-26 8.72819e-20 2.13961e-14 6.34005e-10 2.2709e-06 0.000983213 0.0514578 0.325536 0.249234 0.0415401 0.141081 0.129947 0.0252264 0.0248275 0.00762165 0.00191804 0.000503931 0.000101559 1.68842e-05 2.07246e-06 1.69735e-07 8.64579e-09 2.24344e-10
 2.56723e-27 2.59892e-27 4.19334e-26 8.30605e-20 2.03613e-14 6.03341e-10 2.16107e-06 0.00093566 0.0489691 0.309792 0.237218 0.0419018 0.152276 0.140338 0.0281648 0.0289096 0.00880406 0.0020831 0.000509652 8.35123e-05 1.21726e-05 1.37888e-06 1.02425e-07 4.37902e-09 9.35663e-11
 2.569e-27 2.6037e-27 4.61246e-26 9.19021e-20 2.25287e-14 6.67565e-10 2.39111e-06 0.00103526 0.0541817 0.342768 0.262382 0.040943 0.127299 0.117221 0.0228308 0.0225599 0.00681884 0.00153154 0.000364194 5.44374e-05 6.76257e-06 6.30247e-07 4.16128e-08 1.58843e-09 2.83657e-11
 2.56972e-27 2.60561e-27 4.77687e-26 9.53701e-20 2.33788e-14 6.92757e-10 2.48134e-06 0.00107432 0.0562263 0.355703 0.272258 0.0408782 0.119867 0.110261 0.0197537 0.0172932 0.00521004 0.0011567 0.000271903 3.89244e-05 4.5407e-06 3.64616e-07 1.94127e-08 6.37359e-10 9.98193e-12
 2.56796e-27 2.6008e-27 4.34718e-26 8.63054e-20 2.11567e-14 6.26912e-10 2.24549e-06 0.000972212 0.0508821 0.321894 0.246467 0.0424526 0.149969 0.137976 0.0235431 0.0189501 0.0055819 0.00103708 0.000234809 3.30428e-05 3.74496e-06 2.82149e-07 1.30431e-08 3.44149e-10 4.53021e-12
 2.56578e-27 2.59494e-27 3.83672e-26 7.55371e-20 1.8517e-14 5.48692e-10 1.96532e-06 0.000850909 0.0445335 0.281732 0.215813 0.0432746 0.177761 0.163801 0.0313485 0.0302395 0.00882963 0.00146157 0.0003111 3.72912e-05 4.01871e-06 2.94393e-07 1.27926e-08 2.93818e-10 3.11824e-12
 2.5667e-27 2.59749e-27 4.06667e-26 8.03882e-20 1.97062e-14 5.8393e-10 2.09154e-06 0.000905556 0.0473935 0.299825 0.229613 0.0422911 0.160582 0.148013 0.0297302 0.0305304 0.0090306 0.00168223 0.000359561 3.78574e-05 3.59103e-06 2.30978e-07 9.60882e-09 2.07477e-10 1.92197e-12
 2.56807e-27 2.60114e-27 4.38316e-26 8.70646e-20 2.13428e-14 6.32426e-10 2.26524e-06 0.000980764 0.0513297 0.324726 0.248621 0.0419097 0.144324 0.132871 0.0244989 0.0224176 0.00666706 0.00132347 0.00029196 3.37836e-05 3.10235e-06 1.71556e-07 6.14636e-09 1.22883e-10 1.06685e-12
 2.56813e-27 2.60121e-27 4.38068e-26 8.70119e-20 2.13299e-14 6.32043e-10 2.26387e-06 0.000980171 0.0512986 0.324529 0.248483 0.0426498 0.150054 0.137987 0.0223174 0.0161474 0.00466232 0.000718681 0.000150695 1.81485e-05 1.76238e-06 1.01768e-07 3.24332e-09 5.5096e-11 4.31822e-13
 2.5681e-27 2.60116e-27 4.37815e-26 8.69587e-20 2.13169e-14 6.31657e-10 2.26249e-06 0.000979572 0.0512673 0.324331 0.248328 0.0424412 0.148575 0.136679 0.023118 0.0182954 0.00520277 0.000646274 0.000121972 1.1891e-05 1.10168e-06 6.70578e-08 2.2554e-09 3.57562e-11 2.39e-13
 2.56838e-27 2.60192e-27 4.44609e-26 8.8392e-20 2.16682e-14 6.42069e-10 2.29978e-06 0.000995718 0.0521123 0.329677 0.252406 0.0421798 0.143721 0.132212 0.0225364 0.0180966 0.00519097 0.000721513 0.000137573 1.10533e-05 8.54821e-07 4.40843e-08 1.50124e-09 2.50834e-11 1.6167e-13
 2.5691e-27 2.60385e-27 4.61388e-26 9.19315e-20 2.25359e-14 6.67779e-10 2.39187e-06 0.00103559 0.054199 0.342878 0.262482 0.0419474 0.134873 0.12398 0.0198679 0.0140855 0.00401379 0.00052717 9.98796e-05 8.67971e-06 6.44134e-07 2.65514e-08 7.41969e-10 1.17587e-11 7.89064e-14
 2.5692e-27 2.60406e-27 4.62846e-26 9.22388e-20 2.26112e-14 6.70011e-10 2.39987e-06 0.00103905 0.0543802 0.344024 0.263363 0.0422712 0.136718 0.125595 0.0185575 0.0106904 0.00298819 0.000313219 5.38953e-05 4.38002e-06 3.25004e-07 1.38648e-08 3.31095e-10 4.17945e-12 2.53509e-14
 2.56941e-27 2.60467e-27 4.68356e-26 9.34013e-20 2.28962e-14 6.78455e-10 2.43011e-06 0.00105215 0.0550655 0.34836 0.266668 0.041975 0.132141 0.121404 0.0184127 0.0114128 0.00317058 0.000287457 4.498e-05 3.02646e-06 1.97725e-07 8.01169e-09 1.95029e-10 2.25422e-12 1.09873e-14
 2.56949e-27 2.60488e-27 4.70176e-26 9.37853e-20 2.29903e-14 6.81245e-10 2.4401e-06 0.00105647 0.0552919 0.349792 0.267762 0.041942 0.131122 0.120457 0.0181347 0.0110185 0.00307118 0.000299162 4.80327e-05 2.85418e-06 1.60173e-07 5.31531e-09 1.17176e-10 1.33459e-12 6.17127e-15
 2.56991e-27 2.60598e-27 4.79665e-26 9.5787e-20 2.3481e-14 6.95785e-10 2.49218e-06 0.00107902 0.0564721 0.357258 0.273462 0.0419089 0.126865 0.116467 0.0162948 0.00782983 0.0021529 0.000179893 2.65757e-05 1.62891e-06 9.02284e-08 2.55058e-09 4.6154e-11 4.48531e-13 1.97581e-15
 2.56942e-27 2.60467e-27 4.68054e-26 9.33376e-20 2.28806e-14 6.77992e-10 2.42846e-06 0.00105143 0.055028 0.348122 0.266491 0.0422488 0.134349 0.123377 0.0175926 0.00904736 0.00247962 0.000184053 2.47474e-05 1.34855e-06 6.86727e-08 1.97475e-09 3.27857e-11 2.6075e-13 9.54398e-16
 2.56931e-27 2.60434e-27 4.65035e-26 9.27005e-20 2.27244e-14 6.73365e-10 2.41188e-06 0.00104425 0.0546524 0.345746 0.26468 0.0424482 0.137139 0.125925 0.0175617 0.00833625 0.00227723 0.000164581 2.14706e-05 1.04607e-06 4.60706e-08 1.15894e-09 1.83999e-11 1.40611e-13 4.36464e-16
 2.56956e-27 2.60501e-27 4.70905e-26 9.39389e-20 2.3028e-14 6.8236e-10 2.4441e-06 0.0010582 0.0553825 0.350365 0.268205 0.0423287 0.133753 0.122786 0.0167435 0.00726173 0.00197041 0.000128026 1.51339e-05 7.12004e-07 2.9382e-08 6.39153e-10 8.69628e-12 5.99425e-14 1.7857e-16
 2.57049e-27 2.60755e-27 4.93603e-26 9.87274e-20 2.42018e-14 7.17144e-10 2.56869e-06 0.00111214 0.0582056 0.368224 0.281829 0.0414674 0.117627 0.107947 0.0148785 0.00674482 0.00183126 0.000116392 1.3378e-05 5.81894e-07 2.15102e-08 4.4275e-10 5.43327e-12 3.16655e-14 8.25378e-17
#obs surv len freq
 1.24702e-41 1.73078e-33 2.90375e-26 5.88875e-20 1.44356e-14 4.27752e-10 1.53214e-06 0.000663364 0.0347178 0.219635 0.168443 0.0416661 0.169934 0.142304 0.0894018 0.0847595 0.0335714 0.0121575 0.0024593 0.00027274 1.23052e-05 1.66357e-07 5.10081e-10 2.88946e-13 2.64067e-17
 1.5581e-41 2.16254e-33 3.6281e-26 7.35772e-20 1.80366e-14 5.34457e-10 1.91434e-06 0.000828842 0.0433783 0.274424 0.210315 0.042675 0.14229 0.113374 0.0741232 0.0646408 0.0243941 0.00797894 0.00143489 0.000136344 5.01505e-06 5.23687e-08 1.19074e-10 4.88086e-14 3.1849e-18
 1.29214e-41 1.79341e-33 3.00881e-26 6.10181e-20 1.49579e-14 4.43229e-10 1.58757e-06 0.000687364 0.0359739 0.227583 0.174787 0.0517082 0.203788 0.149844 0.0734064 0.0555196 0.0198924 0.00582191 0.000912335 7.24094e-05 2.13643e-06 1.71518e-08 2.89368e-11 8.59232e-15 4.00432e-19
 1.55771e-41 2.16199e-33 3.62719e-26 7.35587e-20 1.8032e-14 5.34322e-10 1.91386e-06 0.000828634 0.0433674 0.274356 0.210435 0.0473722 0.149697 0.109555 0.0848166 0.0596516 0.015676 0.00370969 0.000500037 3.25007e-05 7.51907e-07 4.57863e-09 5.71105e-12 1.22997e-15 4.10321e-20
 1.53956e-41 2.13681e-33 3.58495e-26 7.2702e-20 1.7822e-14 5.28099e-10 1.89157e-06 0.000818983 0.0428623 0.271161 0.208237 0.0552996 0.179857 0.118641 0.0639241 0.0417431 0.0142278 0.00293258 0.000279143 1.40454e-05 2.49936e-07 1.13417e-09 1.03424e-12 1.60882e-16 3.84265e-21
 1.34719e-41 1.8698e-33 3.13698e-26 6.36174e-20 1.55951e-14 4.6211e-10 1.6552e-06 0.000716646 0.0375064 0.237279 0.182613 0.0612328 0.205567 0.131214 0.0835934 0.0467681 0.0111329 0.00216629 0.000201778 7.24017e-06 9.06255e-08 2.98764e-10 1.96445e-13 2.18531e-17 3.71584e-22
 1.56468e-41 2.17167e-33 3.64343e-26 7.3888e-20 1.81128e-14 5.36714e-10 1.92242e-06 0.000832343 0.0435615 0.275586 0.211831 0.0579989 0.165216 0.104875 0.0835075 0.0441805 0.0106877 0.0016051 0.000114023 3.56343e-06 3.25739e-08 7.24358e-11 3.30247e-14 2.58676e-18 3.10217e-23
 1.73154e-41 2.40326e-33 4.03197e-26 8.17675e-20 2.00443e-14 5.9395e-10 2.12743e-06 0.000921105 0.048207 0.304975 0.234479 0.0628334 0.163457 0.0927585 0.0564141 0.0276186 0.00725455 0.00101924 5.87082e-05 1.32453e-06 9.31708e-09 1.51313e-11 4.6647e-15 2.45809e-19 2.02306e-24
 1.6559e-41 2.29828e-33 3.85584e-26 7.81957e-20 1.91688e-14 5.68005e-10 2.0345e-06 0.000880869 0.0461012 0.291656 0.224711 0.071222 0.184691 0.0980211 0.0552953 0.0223989 0.00442549 0.000564876 3.06044e-05 5.51087e-07 2.75018e-09 3.18983e-12 7.07151e-16 2.58513e-20 1.43576e-25
 1.5334e-41 2.12826e-33 3.5706e-26 7.24111e-20 1.77507e-14 5.25987e-10 1.884e-06 0.000815706 0.0426908 0.270083 0.208679 0.0784947 0.199648 0.104738 0.0666647 0.0238926 0.00390702 0.000369397 1.54016e-05 2.36282e-07 9.29247e-10 7.66686e-13 1.17426e-16 3.00068e-21 1.16896e-26
 1.46562e-41 2.03418e-33 3.41276e-26 6.921e-20 1.6966e-14 5.02734e-10 1.80071e-06 0.000779646 0.0408036 0.258147 0.200004 0.0842517 0.204048 0.107446 0.0750818 0.0250878 0.00402922 0.000311244 9.25753e-06 1.00461e-07 3.02225e-10 1.91482e-13 2.12806e-17 3.77799e-22 1.01071e-27
 1.8801e-41 2.60945e-33 4.3779e-26 8.87828e-20 2.17641e-14 6.44909e-10 2.30996e-06 0.00100013 0.052343 0.331147 0.255358 0.0729277 0.140727 0.0738874 0.0530338 0.0166959 0.00268431 0.000188065 4.65325e-06 3.58504e-08 7.26378e-11 3.24266e-14 2.6434e-18 3.43477e-23 6.56176e-29
 1.5688e-41 2.17739e-33 3.65303e-26 7.40826e-20 1.81605e-14 5.38128e-10 1.92749e-06 0.000834536 0.0436763 0.276331 0.215202 0.102259 0.213793 0.0903124 0.0432013 0.0123519 0.00191169 0.000123192 2.72665e-06 1.70311e-08 2.49362e-11 7.46622e-15 4.0796e-19 3.67252e-24 4.99263e-30
 1.27222e-41 1.76576e-33 2.96243e-26 6.00775e-20 1.47273e-14 4.36396e-10 1.5631e-06 0.000676769 0.0354194 0.224104 0.176426 0.113882 0.233768 0.119284 0.0776984 0.016919 0.00172523 9.32391e-05 1.81408e-06 9.59676e-09 1.12014e-11 2.47844e-15 9.38033e-20 5.65704e-25 5.14667e-31
 1.14589e-41 1.59041e-33 2.66825e-26 5.41116e-20 1.32648e-14 3.93061e-10 1.40788e-06 0.000609564 0.0319022 0.201862 0.160182 0.117122 0.226802 0.135638 0.0987379 0.0241943 0.00283718 0.000109543 1.47204e-06 6.18576e-09 5.8261e-12 1.00893e-15 2.87108e-20 1.24917e-25 7.91814e-32
 1.55598e-41 2.1596e-33 3.62317e-26 7.34772e-20 1.80121e-14 5.3373e-10 1.91174e-06 0.000827716 0.0433194 0.274088 0.214645 0.100557 0.165115 0.104554 0.0746242 0.0196347 0.00252788 0.000103541 1.20212e-06 3.44029e-09 2.27911e-12 2.97322e-16 6.45085e-21 2.11245e-26 9.88759e-33
 1.40968e-41 1.95654e-33 3.2825e-26 6.65685e-20 1.63185e-14 4.83547e-10 1.73199e-06 0.00074989 0.0392463 0.248351 0.198033 0.136067 0.215272 0.0967791 0.0510836 0.0127559 0.00159265 6.66678e-05 7.73738e-07 1.97232e-09 9.72154e-13 8.61058e-17 1.29445e-21 3.05818e-27 1.05282e-33
 1.46289e-41 2.03039e-33 3.40641e-26 6.90813e-20 1.69345e-14 5.01799e-10 1.79736e-06 0.000778196 0.0407278 0.257733 0.205536 0.130182 0.190273 0.107473 0.0567329 0.00964395 0.000884865 3.31698e-05 3.59236e-07 8.50338e-10 3.68261e-13 2.61112e-17 2.85195e-22 4.63023e-28 1.08851e-34
 1.43813e-41 1.99603e-33 3.34876e-26 6.79122e-20 1.66479e-14 4.93307e-10 1.76694e-06 0.000765026 0.0400386 0.253402 0.204292 0.14424 0.195612 0.101998 0.0496514 0.00925149 0.000729317 1.84796e-05 1.53194e-07 3.07307e-10 1.14472e-13 6.86988e-18 6.13154e-23 7.75443e-29 1.34931e-35
 1.55838e-41 2.16293e-33 3.62877e-26 7.35907e-20 1.80399e-14 5.34555e-10 1.91469e-06 0.000828994 0.0433864 0.2746 0.221185 0.141307 0.174931 0.0949268 0.0416996 0.00664626 0.000476519 1.07601e-05 6.42986e-08 8.94102e-11 2.51603e-14 1.20021e-18 8.61056e-24 8.70506e-30 1.19428e-36
 1.50887e-41 2.09421e-33 3.51347e-26 7.12524e-20 1.74667e-14 5.1757e-10 1.85385e-06 0.000802654 0.042008 0.265933 0.217762 0.16066 0.184672 0.0889092 0.0340109 0.00493932 0.000296349 5.50385e-06 2.72628e-08 2.86676e-11 5.5762e-15 1.84545e-19 9.61323e-25 7.30968e-31 7.66662e-38
 1.55376e-41 2.15651e-33 3.61799e-26 7.33722e-20 1.79863e-14 5.32968e-10 1.909e-06 0.000826533 0.0432578 0.273879 0.225249 0.160456 0.172553 0.089285 0.0306355 0.00367101 0.000181826 2.75281e-06 1.06733e-08 8.72518e-12 1.29089e-15 3.08543e-20 1.11342e-25 5.82194e-32 4.2716e-39
 1.55889e-41 2.16364e-33 3.62995e-26 7.36147e-20 1.80458e-14 5.34729e-10 1.91531e-06 0.000829264 0.0434009 0.274853 0.228975 0.171101 0.170207 0.0821873 0.0254761 0.00285112 0.000116528 1.36071e-06 4.04539e-09 2.5004e-12 2.76193e-16 4.90818e-21 1.30356e-26 4.91355e-33 2.53927e-40
 1.59156e-41 2.20898e-33 3.70602e-26 7.51573e-20 1.84239e-14 5.45934e-10 1.95545e-06 0.000846642 0.0443106 0.280679 0.235752 0.174137 0.162244 0.0782663 0.0215744 0.00211322 7.45501e-05 7.18684e-07 1.62506e-09 7.38489e-13 5.97214e-17 7.74377e-22 1.4954e-27 4.09312e-34 1.53373e-41
 1.58495e-41 2.19981e-33 3.69064e-26 7.48454e-20 1.83475e-14 5.43669e-10 1.94733e-06 0.000843129 0.0441271 0.279627 0.238689 0.184105 0.160117 0.0729184 0.0179579 0.00156779 4.61429e-05 3.61328e-07 6.47432e-10 2.23105e-13 1.31516e-17 1.22266e-22 1.68911e-28 3.31068e-35 8.88621e-43
 1.37518e-41 1.90866e-33 3.20218e-26 6.49396e-20 1.59192e-14 4.71714e-10 1.6896e-06 0.00073154 0.0382877 0.242914 0.219088 0.216798 0.182876 0.0806629 0.0173272 0.00128181 3.11704e-05 1.95958e-07 2.72523e-10 7.15816e-14 3.16297e-18 2.15797e-23 2.14592e-29 2.99187e-36 5.68706e-44
 1.40247e-41 1.94653e-33 3.26572e-26 6.62281e-20 1.6235e-14 4.81074e-10 1.72313e-06 0.000746055 0.0390478 0.247823 0.223896 0.205631 0.176568 0.0879021 0.0172619 0.00110071 2.16104e-05 1.06267e-07 1.13488e-10 2.24749e-14 7.37788e-19 3.70732e-24 2.69669e-30 2.7284e-37 3.73032e-45
 1.46962e-41 2.03973e-33 3.42207e-26 6.9399e-20 1.70123e-14 5.04107e-10 1.80563e-06 0.000781776 0.0409172 0.259636 0.232344 0.203145 0.168875 0.0776725 0.0155863 0.00102104 1.82926e-05 7.66384e-08 6.75918e-11 1.09398e-14 2.92563e-19 1.19399e-24 7.03038e-31 5.74454e-38 6.33411e-46
 1.46963e-41 2.03975e-33 3.42211e-26 6.93996e-20 1.70125e-14 5.04112e-10 1.80565e-06 0.000781783 0.0409176 0.259639 0.232346 0.20315 0.168959 0.0778388 0.0153944 0.000956041 1.59013e-05 6.05477e-08 4.77302e-11 6.82969e-15 1.60256e-19 5.71087e-25 2.92617e-31 2.07547e-38 1.98286e-46
#pred catch len freq
 2.55739e-27 2.57308e-27 2.00919e-26 3.69881e-20 9.06717e-15 2.68677e-10 9.62355e-07 0.000416663 0.0218066 0.137955 0.105971 0.0397179 0.227862 0.210974 0.0561245 0.075541 0.0329025 0.0258637 0.0160747 0.0123204 0.0097181 0.00843472 0.00848336 0.00753159 0.00229994
 2.55869e-27 2.57672e-27 2.32815e-26 4.37164e-20 1.07165e-14 3.1755e-10 1.13741e-06 0.000492456 0.0257734 0.16305 0.125124 0.0391206 0.209866 0.195138 0.0677221 0.105564 0.0355967 0.0144523 0.00650589 0.00376264 0.00243839 0.00182326 0.00163144 0.00145194 0.000486179
 2.55941e-27 2.5786e-27 2.48261e-26 4.69744e-20 1.15152e-14 3.41216e-10 1.22218e-06 0.000529156 0.0276941 0.175201 0.134416 0.039958 0.20971 0.194649 0.0613803 0.0914514 0.034824 0.0199182 0.00628392 0.00192456 0.000827097 0.000475561 0.00035489 0.00029795 0.000103423
 2.55998e-27 2.57996e-27 2.58419e-26 4.91166e-20 1.20403e-14 3.56777e-10 1.27791e-06 0.000553288 0.0289571 0.183191 0.140536 0.0411872 0.214764 0.199056 0.0575505 0.0814577 0.0294977 0.0150011 0.0056114 0.00192869 0.000427416 0.00013575 7.24361e-05 5.27467e-05 1.81648e-05
 2.56159e-27 2.58417e-27 2.94024e-26 5.66272e-20 1.38815e-14 4.11333e-10 1.47333e-06 0.000637894 0.0333851 0.211204 0.161929 0.0413952 0.201317 0.186441 0.0516275 0.0710159 0.024657 0.0109585 0.00376627 0.00125259 0.000325924 6.01634e-05 1.49816e-05 7.91571e-06 2.56741e-06
 2.56101e-27 2.58242e-27 2.77029e-26 5.30413e-20 1.30024e-14 3.85286e-10 1.38003e-06 0.0005975 0.031271 0.197829 0.151744 0.0431379 0.221735 0.205031 0.0503793 0.0634455 0.0216863 0.00911819 0.00292258 0.000849475 0.000204708 4.00102e-05 5.42275e-06 1.29154e-06 3.52793e-07
 2.56148e-27 2.58376e-27 2.89243e-26 5.56182e-20 1.36341e-14 4.04003e-10 1.44707e-06 0.000626527 0.0327902 0.20744 0.159071 0.0423871 0.210874 0.195141 0.0510642 0.0674456 0.0221051 0.00782771 0.00240801 0.000651903 0.00013793 2.43405e-05 3.05411e-06 3.05363e-07 4.88834e-08
 2.56366e-27 2.58947e-27 3.37933e-26 6.5889e-20 1.61519e-14 4.7861e-10 1.7143e-06 0.000742226 0.0388454 0.245747 0.188324 0.0425283 0.191396 0.17681 0.0413491 0.0498771 0.0163797 0.00585281 0.00167424 0.000384482 7.50687e-05 1.16633e-05 1.29184e-06 9.23696e-08 5.98413e-09
 2.56417e-27 2.59068e-27 3.47119e-26 6.78263e-20 1.66268e-14 4.92682e-10 1.7647e-06 0.000764049 0.0399876 0.252973 0.193857 0.0434906 0.194831 0.179717 0.0371092 0.0394319 0.0125496 0.00388917 0.0011009 0.000249256 4.2291e-05 5.74578e-06 5.54715e-07 3.31728e-08 1.15179e-09
 2.56356e-27 2.58899e-27 3.31851e-26 6.46054e-20 1.58372e-14 4.69285e-10 1.6809e-06 0.000727766 0.0380886 0.24096 0.184695 0.0441794 0.206511 0.190462 0.0384387 0.0397295 0.0121866 0.0030369 0.000794816 0.00015907 2.6359e-05 3.22861e-06 2.64144e-07 1.34486e-08 3.4891e-10
 2.56308e-27 2.58772e-27 3.20845e-26 6.22835e-20 1.52681e-14 4.5242e-10 1.62049e-06 0.000701611 0.0367198 0.2323 0.178084 0.044309 0.212141 0.195712 0.0403505 0.0427616 0.0130036 0.00303569 0.000739604 0.000120285 1.74698e-05 1.97434e-06 1.46502e-07 6.26045e-09 1.33742e-10
 2.56488e-27 2.59256e-27 3.63214e-26 7.12216e-20 1.74591e-14 5.17345e-10 1.85304e-06 0.000802297 0.0419893 0.265636 0.203525 0.0434223 0.187519 0.172903 0.0347219 0.035661 0.0107672 0.00238922 0.000565936 8.39777e-05 1.03965e-05 9.66478e-07 6.37389e-08 2.43182e-09 4.34181e-11
 2.56584e-27 2.59508e-27 3.84696e-26 7.5753e-20 1.85699e-14 5.5026e-10 1.97094e-06 0.000853341 0.0446608 0.282537 0.216431 0.0434774 0.178871 0.164757 0.0302649 0.0275455 0.00829 0.00181716 0.000425462 6.04613e-05 7.02905e-06 5.63012e-07 2.99388e-08 9.82392e-10 1.53824e-11
 2.5639e-27 2.58976e-27 3.3711e-26 6.57143e-20 1.61091e-14 4.7734e-10 1.70975e-06 0.000740258 0.0387424 0.245096 0.187871 0.0453179 0.212943 0.196108 0.0341987 0.0286123 0.00842171 0.00154449 0.000348112 4.86262e-05 5.49242e-06 4.12764e-07 1.9058e-08 5.0255e-10 6.61367e-12
 2.562e-27 2.58471e-27 2.93465e-26 5.65072e-20 1.38521e-14 4.10461e-10 1.4702e-06 0.000636542 0.0333143 0.210756 0.161656 0.045689 0.234186 0.215946 0.041977 0.041344 0.0120579 0.00196511 0.00041605 4.94891e-05 5.31267e-06 3.88187e-07 1.68479e-08 3.86724e-10 4.10314e-12
 2.563e-27 2.58749e-27 3.18544e-26 6.17981e-20 1.51491e-14 4.48894e-10 1.60786e-06 0.000696143 0.0364336 0.230489 0.176706 0.0445484 0.214932 0.198265 0.0404069 0.0422235 0.0124704 0.00228542 0.000486161 5.08011e-05 4.79955e-06 3.0786e-07 1.27907e-08 2.76013e-10 2.55617e-12
 2.56484e-27 2.59237e-27 3.60727e-26 7.06965e-20 1.73304e-14 5.13531e-10 1.83938e-06 0.000796382 0.0416798 0.263678 0.202041 0.0441348 0.193983 0.178724 0.0331306 0.0305566 0.0090695 0.00176744 0.00038789 4.45327e-05 4.07456e-06 2.24687e-07 8.03871e-09 1.60608e-10 1.39399e-12
 2.56474e-27 2.59199e-27 3.56225e-26 6.97464e-20 1.70975e-14 5.06629e-10 1.81466e-06 0.000785678 0.0411196 0.260134 0.199353 0.0452538 0.204387 0.188096 0.0306435 0.0225159 0.0064935 0.000984217 0.000205114 2.45098e-05 2.37152e-06 1.36581e-07 4.34722e-09 7.37949e-11 5.78197e-13
 2.56464e-27 2.59175e-27 3.54461e-26 6.93744e-20 1.70063e-14 5.03927e-10 1.80498e-06 0.000781488 0.0409003 0.258747 0.19829 0.0449987 0.203193 0.187075 0.0319317 0.0257007 0.00730286 0.000893044 0.000167404 1.61968e-05 1.49421e-06 9.07083e-08 3.04707e-09 4.82752e-11 3.22575e-13
 2.5652e-27 2.59329e-27 3.68134e-26 7.22588e-20 1.77134e-14 5.24879e-10 1.88003e-06 0.00081398 0.0426008 0.269505 0.206497 0.0445401 0.193938 0.178542 0.0305667 0.0247406 0.00708807 0.000968083 0.000183422 1.46303e-05 1.12611e-06 5.79045e-08 1.9691e-09 3.28794e-11 2.11855e-13
 2.56635e-27 2.59634e-27 3.94707e-26 7.78645e-20 1.90876e-14 5.65598e-10 2.02588e-06 0.000877128 0.0459057 0.290412 0.222455 0.0441355 0.179646 0.165256 0.0264529 0.0187068 0.00532308 0.000686105 0.000129042 1.11288e-05 8.2238e-07 3.37989e-08 9.43008e-10 1.49334e-11 1.00179e-13
 2.56631e-27 2.59619e-27 3.92752e-26 7.74519e-20 1.89864e-14 5.62601e-10 2.01514e-06 0.000872479 0.0456624 0.288873 0.221289 0.0446887 0.184675 0.169779 0.0251091 0.0145034 0.00405033 0.000417471 7.12181e-05 5.74486e-06 4.24338e-07 1.80511e-08 4.30451e-10 5.42906e-12 3.29182e-14
 2.56653e-27 2.59679e-27 3.98278e-26 7.86177e-20 1.92722e-14 5.71069e-10 2.04547e-06 0.000885612 0.0463497 0.293221 0.224603 0.0443507 0.179774 0.1653 0.0251057 0.0156199 0.00433636 0.000387073 5.99931e-05 4.00893e-06 2.60541e-07 1.05258e-08 2.55851e-10 2.95495e-12 1.43973e-14
 2.56709e-27 2.59831e-27 4.11731e-26 8.14558e-20 1.99679e-14 5.91685e-10 2.11932e-06 0.000917583 0.048023 0.303807 0.23268 0.0439637 0.171155 0.15734 0.0235816 0.014151 0.00393941 0.000376905 5.993e-05 3.53795e-06 1.97406e-07 6.53083e-09 1.43728e-10 1.63566e-12 7.56067e-15
 2.56736e-27 2.599e-27 4.17433e-26 8.26585e-20 2.02627e-14 6.00421e-10 2.15061e-06 0.000931131 0.0487321 0.308293 0.236108 0.0441423 0.170105 0.156285 0.0218326 0.0104311 0.00286559 0.000235682 3.44423e-05 2.09709e-06 1.15541e-07 3.25659e-09 5.88232e-11 5.7112e-13 2.51478e-15
 2.56708e-27 2.59825e-27 4.10848e-26 8.12693e-20 1.99222e-14 5.9033e-10 2.11446e-06 0.000915482 0.047913 0.303111 0.232154 0.0442957 0.174051 0.159938 0.0227063 0.0115012 0.00314891 0.000230153 3.05555e-05 1.65461e-06 8.37468e-08 2.40103e-09 3.97962e-11 3.16205e-13 1.15683e-15
 2.56714e-27 2.59842e-27 4.12198e-26 8.15541e-20 1.9992e-14 5.92399e-10 2.12187e-06 0.00091869 0.0480809 0.304173 0.232967 0.0443716 0.174058 0.159916 0.0221763 0.0102999 0.00281013 0.00019995 2.57389e-05 1.24685e-06 5.45496e-08 1.36806e-09 2.16791e-11 1.65517e-13 5.13541e-16
 2.5673e-27 2.59882e-27 4.15663e-26 8.22851e-20 2.01712e-14 5.97708e-10 2.14089e-06 0.000926924 0.0485119 0.3069 0.235048 0.0443562 0.172478 0.158436 0.0215144 0.00916386 0.00248388 0.000159163 1.85445e-05 8.67601e-07 3.5565e-08 7.71398e-10 1.04742e-11 7.21242e-14 2.14756e-16
 2.56594e-27 2.59514e-27 3.83098e-26 7.54152e-20 1.84871e-14 5.47807e-10 1.96215e-06 0.000849537 0.0444617 0.281277 0.215498 0.0452968 0.193372 0.17773 0.025175 0.0126493 0.00344426 0.00021841 2.50371e-05 1.08523e-06 3.99026e-08 8.19203e-10 1.00341e-11 5.84213e-14 1.52198e-16
#obs catch len freq
 5.96647e-42 8.28107e-34 1.38932e-26 2.81752e-20 6.90681e-15 2.04661e-10 7.33064e-07 0.000317391 0.016611 0.105087 0.0810097 0.0423125 0.226647 0.191437 0.132072 0.127859 0.0525334 0.0195457 0.00407686 0.000468288 2.20985e-05 3.13931e-07 1.00803e-09 5.94087e-13 5.61439e-17
 6.83227e-42 9.48273e-34 1.59093e-26 3.22636e-20 7.90905e-15 2.3436e-10 8.39438e-07 0.000363448 0.0190214 0.120336 0.0927662 0.0461042 0.2296 0.184401 0.129189 0.114598 0.0450969 0.0153315 0.00289475 0.000286458 1.09723e-05 1.19577e-07 2.83629e-10 1.20801e-13 8.1481e-18
 1.03093e-41 1.43086e-33 2.40056e-26 4.86829e-20 1.1934e-14 3.53628e-10 1.26664e-06 0.00054841 0.0287016 0.181576 0.1396 0.0481964 0.202371 0.154426 0.11013 0.0891945 0.0332666 0.0101501 0.00169199 0.000142216 4.39713e-06 3.67169e-08 6.4252e-11 1.9744e-14 9.49317e-19
 8.81756e-42 1.22382e-33 2.05321e-26 4.16387e-20 1.02072e-14 3.02459e-10 1.08336e-06 0.000469057 0.0245486 0.155304 0.119872 0.0600553 0.262133 0.182976 0.0959005 0.0675173 0.0237784 0.00644873 0.0009294 6.47076e-05 1.59101e-06 1.01398e-08 1.31015e-11 2.90818e-15 9.9713e-20
 1.21333e-41 1.68402e-33 2.8253e-26 5.72964e-20 1.40455e-14 4.16195e-10 1.49074e-06 0.000645441 0.0337798 0.213703 0.164365 0.0539909 0.193694 0.135942 0.110534 0.0707216 0.0181102 0.00399299 0.000491013 2.77471e-05 5.30761e-07 2.54997e-09 2.42538e-12 3.8942e-16 9.54326e-21
 1.28251e-41 1.78003e-33 2.98638e-26 6.05631e-20 1.48463e-14 4.39924e-10 1.57574e-06 0.000682239 0.0357057 0.225888 0.173985 0.063609 0.220177 0.137727 0.077189 0.0466042 0.0153266 0.00284761 0.000247372 1.07913e-05 1.57595e-07 5.61211e-10 3.88832e-13 4.49843e-17 7.88085e-22
 1.16754e-41 1.62047e-33 2.71867e-26 5.51341e-20 1.35155e-14 4.00488e-10 1.43448e-06 0.000621082 0.032505 0.205641 0.15881 0.0695674 0.23569 0.143232 0.0934542 0.0474425 0.0109228 0.00194749 0.000160405 4.9252e-06 5.05959e-08 1.30437e-10 6.49689e-14 5.36449e-18 6.68149e-23
 1.45483e-41 2.01921e-33 3.38765e-26 6.87008e-20 1.68412e-14 4.99036e-10 1.78746e-06 0.000773911 0.0405034 0.256241 0.197369 0.0645335 0.184042 0.112163 0.0898544 0.0431352 0.00995119 0.0013437 8.54589e-05 2.2529e-06 1.66516e-08 2.89256e-11 9.98267e-15 5.79599e-19 5.08602e-24
 1.67549e-41 2.32547e-33 3.90147e-26 7.91209e-20 1.93956e-14 5.74726e-10 2.05858e-06 0.000891292 0.0466467 0.295106 0.227265 0.0689104 0.175446 0.0947309 0.0577989 0.0259242 0.00643343 0.000803297 4.061e-05 7.72578e-07 4.37506e-09 5.50267e-12 1.28157e-15 5.00608e-20 3.01324e-25
 1.64302e-41 2.2804e-33 3.82585e-26 7.75875e-20 1.90197e-14 5.63587e-10 2.01868e-06 0.000874017 0.0457426 0.289389 0.223342 0.077081 0.190147 0.0958991 0.0536961 0.0196984 0.00368705 0.00042107 1.97141e-05 2.9444e-07 1.17683e-09 1.05566e-12 1.76251e-16 4.7704e-21 1.9386e-26
 1.55807e-41 2.1625e-33 3.62805e-26 7.35761e-20 1.80363e-14 5.34449e-10 1.91431e-06 0.00082883 0.0433777 0.274431 0.212399 0.0839564 0.199316 0.100052 0.062226 0.0200729 0.00307117 0.000257676 9.34487e-06 1.18061e-07 3.67394e-10 2.33196e-13 2.68679e-17 5.07829e-22 1.44669e-27
 1.51775e-41 2.10653e-33 3.53414e-26 7.16717e-20 1.75695e-14 5.20616e-10 1.86476e-06 0.000807377 0.0422549 0.267332 0.207454 0.089268 0.199588 0.101338 0.0681436 0.020553 0.00304813 0.000205677 5.26921e-06 4.71586e-08 1.12093e-10 5.43092e-14 4.52345e-18 5.93405e-23 1.16059e-28
 1.92604e-41 2.67322e-33 4.48488e-26 9.09524e-20 2.22959e-14 6.60669e-10 2.36641e-06 0.00102457 0.0536221 0.339242 0.261875 0.0761754 0.135942 0.0692513 0.0472634 0.0134963 0.00198281 0.000120437 2.5244e-06 1.58681e-08 2.53802e-11 8.66542e-15 5.28245e-19 5.06107e-24 7.06423e-30
 1.62389e-41 2.25385e-33 3.7813e-26 7.66839e-20 1.87982e-14 5.57024e-10 1.99517e-06 0.00086384 0.0452099 0.286039 0.223218 0.107184 0.205391 0.0827219 0.0379944 0.0099084 0.00138901 7.72958e-05 1.43315e-06 7.21717e-09 8.27012e-12 1.88969e-15 7.72177e-20 5.121e-25 5.07836e-31
 1.33515e-41 1.8531e-33 3.10897e-26 6.30492e-20 1.54558e-14 4.57983e-10 1.64042e-06 0.000710245 0.0371714 0.235197 0.18572 0.120251 0.226065 0.112518 0.0678779 0.0131992 0.00123064 5.76407e-05 9.32715e-07 3.94611e-09 3.57569e-12 6.00534e-16 1.69658e-20 7.53896e-26 5.0038e-32
 1.21582e-41 1.68748e-33 2.8311e-26 5.74142e-20 1.40744e-14 4.17051e-10 1.49381e-06 0.000646767 0.0338493 0.214191 0.170555 0.123889 0.219842 0.129714 0.0861364 0.0191338 0.00197538 6.49539e-05 7.3128e-07 2.45409e-09 1.78428e-12 2.33374e-16 4.94089e-21 1.58205e-26 7.31936e-33
 1.63406e-41 2.26796e-33 3.80497e-26 7.71641e-20 1.89159e-14 5.60512e-10 2.00766e-06 0.000869249 0.0454931 0.287849 0.225868 0.104339 0.156841 0.0981166 0.0635734 0.0152736 0.00171499 5.91854e-05 5.6068e-07 1.2759e-09 6.5352e-13 6.42371e-17 1.03363e-21 2.4852e-27 8.48017e-34
 1.48818e-41 2.06549e-33 3.46529e-26 7.02754e-20 1.72272e-14 5.10473e-10 1.82843e-06 0.000791648 0.0414318 0.262194 0.209721 0.140646 0.20263 0.0885837 0.0430669 0.00982736 0.0010684 3.75496e-05 3.51467e-07 7.01595e-10 2.64986e-13 1.76678e-17 1.96833e-22 3.40681e-28 8.53112e-35
 1.54565e-41 2.14526e-33 3.59912e-26 7.29893e-20 1.78925e-14 5.30187e-10 1.89904e-06 0.00082222 0.0430318 0.272328 0.217795 0.133953 0.178958 0.0987859 0.0465714 0.00715449 0.000579633 1.82437e-05 1.58557e-07 2.91489e-10 9.58691e-14 5.08521e-18 4.10854e-23 4.88818e-29 8.35482e-36
 1.5244e-41 2.11576e-33 3.54963e-26 7.19858e-20 1.76465e-14 5.22897e-10 1.87293e-06 0.000810915 0.0424403 0.268622 0.217234 0.147594 0.182762 0.0927123 0.0405688 0.00678714 0.000457909 9.74723e-06 6.5182e-08 1.01207e-10 2.84704e-14 1.27107e-18 8.35633e-24 7.72973e-30 9.78347e-37
 1.64688e-41 2.28576e-33 3.83483e-26 7.77696e-20 1.90643e-14 5.6491e-10 2.02342e-06 0.000876069 0.0458502 0.290216 0.234376 0.143199 0.162029 0.0850992 0.0332972 0.00475826 0.000291891 5.43377e-06 2.59071e-08 2.79375e-11 5.93246e-15 2.09767e-19 1.10411e-24 8.1362e-31 8.09938e-38
 1.59864e-41 2.2188e-33 3.7225e-26 7.54916e-20 1.85059e-14 5.48363e-10 1.96415e-06 0.000850408 0.0445073 0.281785 0.231429 0.16205 0.170108 0.0787654 0.026854 0.00346859 0.00017661 2.69716e-06 1.05692e-08 8.54274e-12 1.25145e-15 3.06877e-20 1.1702e-25 6.4647e-32 4.90416e-39
 1.64547e-41 2.28381e-33 3.83157e-26 7.77034e-20 1.90481e-14 5.64429e-10 2.02169e-06 0.000875324 0.0458114 0.290081 0.239214 0.160881 0.158527 0.0782823 0.0237059 0.00251315 0.000105214 1.29977e-06 3.96782e-09 2.48283e-12 2.7541e-16 4.86722e-21 1.28568e-26 4.88232e-33 2.58613e-40
 1.65069e-41 2.29104e-33 3.8437e-26 7.79494e-20 1.91084e-14 5.66216e-10 2.02809e-06 0.000878095 0.0459567 0.291083 0.243146 0.170634 0.155572 0.0712491 0.0195023 0.00191098 6.53075e-05 6.19305e-07 1.44319e-09 6.80106e-13 5.61666e-17 7.36199e-22 1.42883e-27 3.91042e-34 1.46027e-41
 1.68391e-41 2.33715e-33 3.92106e-26 7.95182e-20 1.9493e-14 5.77612e-10 2.06891e-06 0.000895768 0.0468819 0.297019 0.250075 0.17268 0.147761 0.067017 0.0162414 0.00138558 4.06274e-05 3.15002e-07 5.55034e-10 1.91742e-13 1.15647e-17 1.10382e-22 1.55517e-28 3.08625e-35 8.34712e-43
 1.67811e-41 2.3291e-33 3.90756e-26 7.92444e-20 1.94258e-14 5.75623e-10 2.06179e-06 0.000892684 0.0467209 0.29613 0.25332 0.181665 0.145198 0.0617094 0.0133327 0.00100498 2.44242e-05 1.52973e-07 2.12333e-10 5.5378e-14 2.4293e-18 1.66017e-23 1.67113e-29 2.3719e-36 4.59053e-44
 1.47083e-41 2.04142e-33 3.42491e-26 6.94564e-20 1.70264e-14 5.04524e-10 1.80712e-06 0.000782422 0.0409512 0.259908 0.234962 0.214683 0.167012 0.0681005 0.0127716 0.000810523 1.61807e-05 8.0841e-08 8.6693e-11 1.71719e-14 5.63092e-19 2.81972e-24 2.04183e-30 2.06081e-37 2.82319e-45
 1.50044e-41 2.08251e-33 3.49385e-26 7.08546e-20 1.73692e-14 5.1468e-10 1.8435e-06 0.000798172 0.0417753 0.265037 0.235293 0.197481 0.166838 0.0778001 0.0141482 0.000813883 1.40194e-05 5.90841e-08 5.29856e-11 8.68768e-15 2.33742e-19 9.5592e-25 5.63125e-31 4.59817e-38 5.06073e-46
 1.55882e-41 2.16354e-33 3.62978e-26 7.36113e-20 1.80449e-14 5.34705e-10 1.91523e-06 0.000829227 0.0434005 0.275307 0.242638 0.194753 0.157908 0.0705472 0.0137568 0.000844489 1.39414e-05 5.2777e-08 4.14303e-11 5.911e-15 1.38413e-19 4.92514e-25 2.52077e-31 1.7864e-38 1.70554e-46
#spawning biomass
 23349.9 17936.6 19827.7 21680.8 25221.7 30522.5 35565.2 42783.1 60608.4 81111.6 96047.9 111558 160728 203628 198781 160676 148429 138063 135959 138582 143071 143721 155213 172689 176300 188324 177108 159343 168066 245217 227700 135289 66817.4 38129.6 28131.2 24923 23945 23657.4 23574.9 23551.8 23545.3 23543.6 23543.1 23543 23542.9 23542.9 23542.9 23542.9 23542.9 23542.9 23542.9 23542.9 23542.9 23542.9 23542.9 23542.9 23542.9 23542.9 23542.9 23542.9 23542.9 23542.9 23542.9 23542.9 23542.9 23542.9 23542.9 23542.9 23542.9 23542.9 23542.9 23542.9 23542.9 23542.9 23542.9 23542.9 23542.9 23542.9 23542.9 23542.9 23542.9 23542.9 23542.9 23542.9 23542.9 23542.9 23542.9 23542.9 23542.9 23542.9 23542.9 23542.9 23542.9 23542.9 23542.9 23542.9 23542.9 23542.9 23542.9 23542.9 23542.9 23542.9 23542.9 23542.9 23542.9 23542.9 23542.9 23542.9 23542.9 23542.9 23542.9 23542.9 23542.9 23542.9 23542.9 23542.9 23542.9 23542.9 23542.9 23542.9 23542.9 23542.9 23542.9 23542.9 23542.9 23542.9 23542.9 23542.9 23542.9 0 0 0 0 0 0 0 0 0 0 0 0 0 0 0 0 0 0 0 0 0 0 0 0 0
