SBPRF35
0.175648
Curr Bio
271644
B35
360455
F35
0.690543
FOFL
0.447125
OFL
53730.8
Bzero
50185.1
#pred survey bio
 8101.62 7722.04 6048.44 6227.21 9675.87 14833.5 20528.1 28001.4 41939.8 62559.7 89660.8 122151 181763 231388 196381 182731 199334 186518 171672 183367 183343 196982 252036 269997 267579 305923 292810 313364 270639 8.35536e+06 6.48369e+06 3.76675e+06 2.08141e+06 1.22267e+06 816466 625239 531645 483059 456342 440992 431922 426477 423183 421178 419942 419205 418764 418500 418342 418247 418190 418155 418135 418122 418115 418110 418108 418106 418105 418105 418104 418104 418104 418104 418104 418104 418104 418104 418104 418104 418104 418104 418104 418104 418104 418104 418104 418104 418104 418104 418104 418104 418104 418104 418104 418104 418104 418104 418104 418104 418104 418104 418104 418104 418104 418104 418104 418104 418104 418104 418104 418104 418104 418104 418104 418104 418104 418104 418104 418104 418104 418104 418104 418104 418104 418104 418104 418104 418104 418104 418104 418104 418104 418104 418104 418104 418104 418104 418104 0 0 0 0 0 0 0 0 0 0 0 0 0 0 0 0 0 0 0 0 0 0 0 0 0
#obs survey bio
 6910.6 6476.94 7572.23 6987.92 12354.8 19914 32680 36344.3 45821.8 46717 124582 110264 220341 261411 163006 191579 190021 153319 123505 182560 281252 201004 264887 275947 192230 403227 317825 315209 204735
#pred catch bio
 3652.44 4227.34 3631.73 3324.89 5439.27 8856.74 12805.8 17059.2 26777.8 42033.4 62276.5 82996.2 126232 185517 157754 142960 162741 154542 138150 152281 149068 152319 210079 234072 219139 266786 249453 276238 239980 53730.8 119198 62629.7 30399.4 15727.3 9839.3 7657.34 6891.13 6632.07 6546.85 6519.39 6510.67 6507.93 6507.08 6506.81 6506.73 6506.71 6506.7 6506.7 6506.7 6506.7 6506.7 6506.7 6506.7 6506.7 6506.7 6506.7 6506.7 6506.7 6506.7 6506.7 6506.7 6506.7 6506.7 6506.7 6506.7 6506.7 6506.7 6506.7 6506.7 6506.7 6506.7 6506.7 6506.7 6506.7 6506.7 6506.7 6506.7 6506.7 6506.7 6506.7 6506.7 6506.7 6506.7 6506.7 6506.7 6506.7 6506.7 6506.7 6506.7 6506.7 6506.7 6506.7 6506.7 6506.7 6506.7 6506.7 6506.7 6506.7 6506.7 6506.7 6506.7 6506.7 6506.7 6506.7 6506.7 6506.7 6506.7 6506.7 6506.7 6506.7 6506.7 6506.7 6506.7 6506.7 6506.7 6506.7 6506.7 6506.7 6506.7 6506.7 6506.7 6506.7 6506.7 6506.7 6506.7 6506.7 6506.7 6506.7 6506.7 0 0 0 0 0 0 0 0 0 0 0 0 0 0 0 0 0 0 0 0 0 0 0 0 0
#obs catch bio
 4783.49 4568.9 3814.72 3086.05 5124.15 7968.58 11427.5 15788.6 25036.6 41460.5 57226.8 78928.7 115876 176830 158314 142422 161997 148438 148875 147405 130898 143393 196291 208334 210514 242635 228829 248929 233976
#pred cpue bio
 6986.08 6925.42 5244.14 4933.14 7584.43 11592.4 16255.3 21743.4 32373.3 47751.5 68350.9 93233 136620 181601 155127 139641 152181 144756 130713 138805 139015 148388 187497 203055 198319 229289 218552 231872 207930 6.16056e+06 6.44492e+06 3.72799e+06 2.04265e+06 1.1839e+06 777702 586475 492882 444295 417578 402228 393158 387713 384419 382414 381178 380441 380000 379736 379578 379483 379426 379392 379371 379358 379351 379347 379344 379342 379341 379341 379340 379340 379340 379340 379340 379340 379340 379340 379340 379340 379340 379340 379340 379340 379340 379340 379340 379340 379340 379340 379340 379340 379340 379340 379340 379340 379340 379340 379340 379340 379340 379340 379340 379340 379340 379340 379340 379340 379340 379340 379340 379340 379340 379340 379340 379340 379340 379340 379340 379340 379340 379340 379340 379340 379340 379340 379340 379340 379340 379340 379340 379340 379340 379340 379340 379340 379340 379340 379340 0 0 0 0 0 0 0 0 0 0 0 0 0 0 0 0 0 0 0 0 0 0 0 0 0
#obs cpue bio
 6723.5 4761.31 5427.54 5973.33 7878.77 13750.2 16634.9 19814.3 37253.6 60319.5 81432.2 114100 169819 181572 175019 133238 169573 210990 112760 198125 168524 155464 258849 322330 285091 281403 283113 352583 277523
#pred surv len freq
 1.45216e-11 1.57687e-09 1.00953e-07 3.81045e-06 8.47962e-05 0.00111256 0.00860701 0.0392771 0.105949 0.170722 0.172804 0.132754 0.106951 0.0884313 0.061115 0.0378089 0.0238384 0.0153099 0.0101234 0.00707524 0.00533019 0.00439231 0.00375945 0.00287807 0.00167273
 1.10885e-11 1.20408e-09 7.70864e-08 2.90963e-06 6.47499e-05 0.000849568 0.00657331 0.0300169 0.081248 0.133169 0.145361 0.139181 0.144819 0.130755 0.0861439 0.0459597 0.0241593 0.0130969 0.00723458 0.00415927 0.00256602 0.00176696 0.0013383 0.000972437 0.000561975
 1.32679e-11 1.44074e-09 9.22373e-08 3.4815e-06 7.74758e-05 0.00101652 0.00786436 0.0358955 0.0969285 0.157008 0.162787 0.135205 0.121492 0.106465 0.0755194 0.0467139 0.0269822 0.0137541 0.00634109 0.00290563 0.00139825 0.00074203 0.00045185 0.000289763 0.00015945
 1.699e-11 1.84492e-09 1.18113e-07 4.45818e-06 9.92104e-05 0.00130167 0.0100697 0.0459452 0.123841 0.198788 0.197604 0.142277 0.102464 0.0776152 0.048598 0.0253459 0.0131342 0.0069439 0.00344266 0.00151367 0.000598716 0.00023469 0.000102704 5.14562e-05 2.49993e-05
 1.7073e-11 1.85392e-09 1.1869e-07 4.47995e-06 9.96948e-05 0.00130803 0.010119 0.0461712 0.124468 0.199938 0.199423 0.14533 0.106594 0.080528 0.0480426 0.0219687 0.00921226 0.00394084 0.00169478 0.000721895 0.000286396 0.000100487 3.26924e-05 1.12519e-05 4.18916e-06
 1.71166e-11 1.85865e-09 1.18993e-07 4.49138e-06 9.99492e-05 0.00131137 0.0101448 0.046289 0.124786 0.200451 0.199943 0.145729 0.106901 0.0807184 0.0480231 0.0217028 0.00873268 0.00336381 0.00119566 0.000405979 0.000136831 4.43627e-05 1.3033e-05 3.45132e-06 8.89334e-07
 1.65976e-11 1.8023e-09 1.15385e-07 4.35521e-06 9.6919e-05 0.00127161 0.00983736 0.0448889 0.121048 0.194744 0.195652 0.146297 0.111943 0.0864054 0.0513235 0.0227388 0.00885331 0.00330267 0.00112119 0.000342816 9.57589e-05 2.48634e-05 6.10503e-06 1.38062e-06 2.7832e-07
 1.73101e-11 1.87967e-09 1.20338e-07 4.54217e-06 0.000101079 0.0013262 0.0102595 0.0468115 0.126184 0.202613 0.201705 0.145965 0.105718 0.079116 0.0467423 0.0208362 0.00817861 0.00303646 0.00100675 0.000296053 7.76244e-05 1.78398e-05 3.60047e-06 6.49384e-07 1.04992e-07
 1.74854e-11 1.89871e-09 1.21557e-07 4.58817e-06 0.000102103 0.00133963 0.0103633 0.0472848 0.127451 0.204581 0.203344 0.146296 0.104813 0.0777333 0.0454289 0.0197797 0.00750209 0.00272608 0.000900488 0.000263896 6.78758e-05 1.49374e-05 2.77627e-06 4.32873e-07 5.66964e-08
 1.78259e-11 1.93568e-09 1.23924e-07 4.67752e-06 0.000104091 0.00136571 0.0105651 0.0482039 0.12991 0.208374 0.206391 0.146561 0.102487 0.0746896 0.0430833 0.0182949 0.00664674 0.00231019 0.000734699 0.000208904 5.28421e-05 1.15004e-05 2.08827e-06 3.08881e-07 3.65691e-08
 1.78264e-11 1.93573e-09 1.23927e-07 4.67764e-06 0.000104094 0.00136575 0.0105654 0.0482055 0.129918 0.208416 0.206572 0.147048 0.103229 0.0751967 0.0429139 0.0176463 0.00603873 0.00197173 0.000595328 0.000160984 3.89018e-05 8.17219e-06 1.44857e-06 2.09994e-07 2.40725e-08
 1.77693e-11 1.92953e-09 1.2353e-07 4.66265e-06 0.00010376 0.00136137 0.0105315 0.0480514 0.129508 0.207799 0.206154 0.147262 0.104019 0.0759917 0.0432436 0.0175733 0.00585779 0.00183983 0.000527644 0.000133722 3.02719e-05 6.00136e-06 1.01195e-06 1.41026e-07 1.56955e-08
 1.82697e-11 1.98387e-09 1.27009e-07 4.79395e-06 0.000106682 0.00139971 0.010828 0.0494016 0.133113 0.213313 0.210347 0.146868 0.0993992 0.0706962 0.0400667 0.0164372 0.00558348 0.00177468 0.000504056 0.0001237 2.66203e-05 4.95124e-06 7.79587e-07 1.01978e-07 1.07634e-08
 1.67833e-11 1.82246e-09 1.16676e-07 4.40392e-06 9.80029e-05 0.00128584 0.00994738 0.0453911 0.122403 0.196933 0.197885 0.148019 0.113096 0.086421 0.0495413 0.019868 0.00642612 0.00195823 0.00055084 0.000136161 2.92609e-05 5.31411e-06 7.98716e-07 9.81885e-08 9.68494e-09
 1.65205e-11 1.79393e-09 1.14849e-07 4.33497e-06 9.64685e-05 0.0012657 0.00979171 0.0446822 0.120512 0.194054 0.195764 0.148449 0.115866 0.0894432 0.0511468 0.0201794 0.00628926 0.00182409 0.00048807 0.000114993 2.39626e-05 4.31286e-06 6.4486e-07 7.76926e-08 7.35495e-09
 1.76961e-11 1.92158e-09 1.23021e-07 4.64344e-06 0.000103333 0.00135576 0.0104882 0.0478542 0.128984 0.207021 0.205674 0.147687 0.105259 0.0771577 0.0435932 0.0172605 0.00543905 0.00158509 0.00041704 9.43845e-05 1.86557e-05 3.19039e-06 4.59088e-07 5.41488e-08 5.05861e-09
 1.77085e-11 1.92293e-09 1.23108e-07 4.6467e-06 0.000103406 0.00135672 0.0104955 0.0478879 0.129076 0.207178 0.205873 0.147938 0.105541 0.0772842 0.0433926 0.0168561 0.00510824 0.00143105 0.000370855 8.38891e-05 1.64433e-05 2.73096e-06 3.74997e-07 4.20364e-08 3.76583e-09
 1.71255e-11 1.85962e-09 1.19055e-07 4.49371e-06 0.000100001 0.00131205 0.0101501 0.0463149 0.124877 0.200767 0.201053 0.148578 0.111201 0.0836488 0.0470429 0.0179496 0.00520235 0.00137246 0.000337579 7.30248e-05 1.38556e-05 2.26552e-06 3.07453e-07 3.36539e-08 2.89871e-09
 1.77806e-11 1.93076e-09 1.23609e-07 4.66561e-06 0.000103826 0.00136224 0.0105382 0.0480825 0.129597 0.207986 0.206546 0.148072 0.105167 0.0767229 0.0428728 0.0164412 0.00482915 0.00128542 0.000311139 6.43548e-05 1.1514e-05 1.78427e-06 2.32499e-07 2.47853e-08 2.09501e-09
 1.79688e-11 1.95119e-09 1.24917e-07 4.715e-06 0.000104925 0.00137665 0.0106497 0.0485903 0.130953 0.210064 0.208141 0.147974 0.103505 0.0747763 0.0416454 0.0159334 0.0046642 0.00123975 0.000301608 6.28758e-05 1.12068e-05 1.68786e-06 2.09254e-07 2.11094e-08 1.70323e-09
 1.78975e-11 1.94346e-09 1.24422e-07 4.6963e-06 0.000104509 0.0013712 0.0106075 0.0483982 0.130442 0.209296 0.207625 0.148252 0.104501 0.0757528 0.0419985 0.015778 0.0044259 0.00111437 0.000262129 5.39764e-05 9.60902e-06 1.45199e-06 1.7961e-07 1.77725e-08 1.37918e-09
 1.81153e-11 1.9671e-09 1.25936e-07 4.75344e-06 0.000105781 0.00138788 0.0107365 0.0489857 0.13201 0.211687 0.20941 0.147973 0.102327 0.0733429 0.0406691 0.0154414 0.0044396 0.00114595 0.000268492 5.3354e-05 9.0838e-06 1.33263e-06 1.62977e-07 1.60912e-08 1.24429e-09
 1.85168e-11 2.01071e-09 1.28727e-07 4.85881e-06 0.000108126 0.00141864 0.0109744 0.0500691 0.134902 0.216103 0.212729 0.147529 0.0984234 0.0689576 0.0381609 0.0146975 0.00437922 0.00118469 0.000288215 5.89147e-05 1.01654e-05 1.47128e-06 1.73906e-07 1.65877e-08 1.25545e-09
 1.81452e-11 1.97035e-09 1.26144e-07 4.76129e-06 0.000105955 0.00139017 0.0107542 0.0490666 0.132228 0.212039 0.209768 0.148243 0.102496 0.0733105 0.04033 0.0149392 0.00405948 0.000981717 0.000226814 4.69726e-05 8.42453e-06 1.26327e-06 1.52441e-07 1.45358e-08 1.07763e-09
 1.85837e-11 2.01797e-09 1.29192e-07 4.87637e-06 0.000108516 0.00142377 0.0110141 0.05025 0.135389 0.216882 0.213492 0.148034 0.0986539 0.0688058 0.0374848 0.0137482 0.00364687 0.000840326 0.000180471 3.39392e-05 5.57062e-06 8.05322e-07 9.84446e-08 9.6833e-09 7.36102e-10
 1.82555e-11 1.98232e-09 1.2691e-07 4.79022e-06 0.000106599 0.00139862 0.0108196 0.0493641 0.133022 0.213251 0.210673 0.148104 0.101401 0.0721011 0.0396717 0.0147789 0.00406114 0.000980849 0.000215261 3.97232e-05 6.16073e-06 8.18605e-07 9.15783e-08 8.47786e-09 6.33896e-10
 1.8367e-11 1.99444e-09 1.27686e-07 4.8195e-06 0.000107251 0.00140716 0.0108857 0.0496652 0.133828 0.214497 0.211688 0.148237 0.100705 0.0711339 0.0388502 0.0141978 0.00372588 0.000846055 0.000180502 3.38531e-05 5.41107e-06 7.24135e-07 7.84086e-08 6.7862e-09 4.67762e-10
 1.86351e-11 2.02355e-09 1.29549e-07 4.88984e-06 0.000108816 0.0014277 0.0110445 0.0503885 0.135759 0.217446 0.213911 0.147963 0.0981342 0.068234 0.0371762 0.0136782 0.00365603 0.000848295 0.000180414 3.26384e-05 4.99081e-06 6.55759e-07 7.17364e-08 6.28062e-09 4.26989e-10
 1.74225e-11 1.89187e-09 1.21119e-07 4.57165e-06 0.000101735 0.0013348 0.0103261 0.0471168 0.127023 0.204094 0.203799 0.149052 0.109537 0.0812162 0.0448462 0.0162697 0.00415543 0.000900068 0.000183195 3.29742e-05 5.06836e-06 6.57512e-07 6.96971e-08 5.93078e-09 3.99448e-10
#obs surv len freq
 1.21479e-11 1.31911e-09 8.44508e-08 3.1876e-06 7.09358e-05 0.000930719 0.00720078 0.0328725 0.0888435 0.144548 0.152888 0.134901 0.130743 0.118952 0.0846502 0.0506993 0.0283387 0.0144753 0.00646201 0.00244854 0.000755809 0.000180479 3.15779e-05 3.85452e-06 3.15564e-07
 6.25708e-12 6.79446e-10 4.34987e-08 1.64187e-06 3.65382e-05 0.000479446 0.00371104 0.0169793 0.0464001 0.0795267 0.102548 0.135675 0.177802 0.175784 0.124175 0.071138 0.0372545 0.0176903 0.00732372 0.00256511 0.000725248 0.000156943 2.47413e-05 2.71878e-06 2.00632e-07
 1.78056e-11 1.93348e-09 1.23783e-07 4.6722e-06 0.000103973 0.00136415 0.0105528 0.0481424 0.12966 0.207249 0.201696 0.133614 0.0826508 0.0621216 0.0492498 0.0357271 0.021666 0.0104332 0.00405829 0.00129824 0.000332888 6.51362e-05 9.25138e-06 9.13158e-07 6.04652e-08
 1.5082e-11 1.63772e-09 1.04848e-07 3.95751e-06 8.80692e-05 0.00115552 0.00894004 0.0408106 0.110249 0.178784 0.185432 0.15165 0.128379 0.100483 0.0567931 0.0230506 0.00853554 0.00357676 0.0014568 0.000473746 0.000115163 2.05225e-05 2.61832e-06 2.31505e-07 1.37316e-08
 1.75575e-11 1.90654e-09 1.22058e-07 4.6071e-06 0.000102525 0.00134517 0.0104067 0.0474906 0.12809 0.206088 0.206262 0.149956 0.106216 0.075656 0.0425354 0.0176526 0.00590911 0.00170979 0.000440967 0.000106927 2.32732e-05 3.94376e-06 4.71352e-07 3.80749e-08 2.03378e-09
 1.55024e-11 1.68338e-09 1.07771e-07 4.06784e-06 9.05245e-05 0.00118775 0.00918967 0.0419556 0.113392 0.184114 0.191325 0.155605 0.128126 0.0964649 0.0521636 0.0193097 0.00542397 0.00131299 0.000278076 4.93188e-05 7.29488e-06 9.03885e-07 8.93995e-08 6.45982e-09 3.16242e-10
 1.62372e-11 1.76317e-09 1.12879e-07 4.26065e-06 9.48152e-05 0.00124404 0.00962519 0.0439418 0.118722 0.192411 0.198071 0.155855 0.121646 0.0882092 0.046867 0.0172252 0.00476513 0.00108386 0.0002008 2.91461e-05 3.31632e-06 2.97614e-07 2.07628e-08 1.09716e-09 4.23254e-11
 1.65384e-11 1.79587e-09 1.14973e-07 4.33968e-06 9.65742e-05 0.00126713 0.00980389 0.044759 0.120935 0.195954 0.201191 0.15626 0.118673 0.0840961 0.0443711 0.0165324 0.00471997 0.00110156 0.000203503 2.83078e-05 2.91938e-06 2.2174e-07 1.22444e-08 4.85582e-10 1.3688e-11
 1.609e-11 1.74719e-09 1.11857e-07 4.22204e-06 9.39566e-05 0.0012328 0.00953887 0.0435598 0.117812 0.191637 0.199432 0.159931 0.124996 0.0877935 0.0442576 0.0150652 0.00373954 0.000758056 0.00012871 1.72998e-05 1.74634e-06 1.27587e-07 6.54017e-09 2.29973e-10 5.46848e-12
 1.68567e-11 1.83044e-09 1.17186e-07 4.42322e-06 9.84335e-05 0.00129154 0.00999336 0.0456332 0.123382 0.200332 0.206597 0.160518 0.118769 0.0794696 0.0383573 0.0122712 0.00273498 0.000472752 6.7076e-05 7.58803e-06 6.59295e-07 4.30168e-08 2.04013e-09 6.75055e-11 1.50503e-12
 1.57441e-11 1.70963e-09 1.09452e-07 4.13128e-06 9.19374e-05 0.00120634 0.00933522 0.0426482 0.115531 0.188974 0.199923 0.165152 0.130409 0.0887286 0.0420113 0.012868 0.00265369 0.000406798 4.98702e-05 4.81521e-06 3.50735e-07 1.8924e-08 7.47081e-10 2.10699e-11 4.122e-13
 1.69702e-11 1.84277e-09 1.17976e-07 4.45302e-06 9.90973e-05 0.00130028 0.0100617 0.0459581 0.124373 0.20248 0.210055 0.163802 0.118824 0.0759867 0.0345732 0.010185 0.00198587 0.000279349 3.06465e-05 2.61382e-06 1.65476e-07 7.59185e-09 2.50606e-10 5.86682e-12 9.52752e-14
 1.64922e-11 1.79086e-09 1.14652e-07 4.32758e-06 9.63065e-05 0.00126369 0.00977953 0.0446842 0.121076 0.197969 0.208124 0.166844 0.12384 0.0789196 0.0351865 0.0100605 0.00187745 0.000247294 2.49167e-05 1.93649e-06 1.10899e-07 4.53453e-09 1.31123e-10 2.65158e-12 3.67889e-14
 1.32851e-11 1.4426e-09 9.23569e-08 3.48606e-06 7.75816e-05 0.00101811 0.00788268 0.0360825 0.0984521 0.16517 0.188413 0.178951 0.156083 0.105561 0.0468297 0.0129243 0.00225872 0.000267171 2.33912e-05 1.58395e-06 8.05559e-08 2.94873e-09 7.61365e-11 1.36868e-12 1.68107e-14
 1.47397e-11 1.60056e-09 1.0247e-07 3.86777e-06 8.6076e-05 0.00112956 0.00874461 0.0400077 0.108914 0.180982 0.199603 0.175746 0.141109 0.0908891 0.0395343 0.0109717 0.00199664 0.000255699 2.43572e-05 1.70346e-06 8.32342e-08 2.76546e-09 6.26958e-11 9.79383e-13 1.05021e-14
 1.51924e-11 1.64971e-09 1.05617e-07 3.98656e-06 8.87201e-05 0.00116428 0.00901381 0.0412436 0.112291 0.186465 0.204484 0.176376 0.13672 0.0850019 0.0357506 0.00953876 0.00164381 0.000195758 1.73415e-05 1.16177e-06 5.65533e-08 1.92095e-09 4.4541e-11 6.93362e-13 7.11693e-15
 1.51594e-11 1.64613e-09 1.05387e-07 3.97792e-06 8.8529e-05 0.00116182 0.00899592 0.0411782 0.112244 0.186957 0.206208 0.178429 0.136857 0.0832413 0.0341275 0.0088526 0.00147324 0.000167132 1.3862e-05 8.59164e-07 3.85283e-08 1.20721e-09 2.60545e-11 3.8414e-13 3.80937e-15
 1.41811e-11 1.5399e-09 9.85866e-08 3.72126e-06 8.28193e-05 0.00108699 0.00841939 0.0385828 0.105562 0.177856 0.202058 0.183468 0.145652 0.0891732 0.0365443 0.00961348 0.00167334 0.000205039 1.83903e-05 1.18592e-06 5.27624e-08 1.58366e-09 3.20114e-11 4.36067e-13 3.97077e-15
 1.4533e-11 1.57811e-09 1.01033e-07 3.81361e-06 8.48757e-05 0.00111402 0.00862955 0.0395541 0.108252 0.182316 0.206026 0.183604 0.141459 0.0843023 0.0339635 0.00890159 0.00157066 0.000198119 1.83853e-05 1.22567e-06 5.64999e-08 1.76091e-09 3.66838e-11 5.04565e-13 4.51464e-15
 1.55088e-11 1.68408e-09 1.07817e-07 4.06969e-06 9.05752e-05 0.00118883 0.00920851 0.0421951 0.115313 0.193022 0.213586 0.181373 0.131467 0.0746769 0.0290564 0.00738779 0.00126295 0.000154017 1.38648e-05 9.06035e-07 4.14647e-08 1.29599e-09 2.72158e-11 3.77733e-13 3.40582e-15
 1.55943e-11 1.69337e-09 1.08412e-07 4.09218e-06 9.10776e-05 0.0011955 0.00926186 0.0424605 0.116181 0.194971 0.216384 0.183094 0.130235 0.0717123 0.0268124 0.00645593 0.00101955 0.000111871 8.99341e-06 5.33209e-07 2.26253e-08 6.66374e-10 1.33377e-11 1.78075e-13 1.55659e-15
 1.4973e-11 1.6259e-09 1.04093e-07 3.9292e-06 8.74544e-05 0.00114809 0.00889831 0.0408437 0.112149 0.189962 0.215141 0.187186 0.135201 0.0741647 0.0274605 0.00658369 0.00104514 0.000115448 9.16769e-06 5.18586e-07 2.03138e-08 5.41103e-10 9.73807e-12 1.17598e-13 9.40563e-16
 1.68447e-11 1.82915e-09 1.17105e-07 4.42035e-06 9.83834e-05 0.00129144 0.0100055 0.0458628 0.125324 0.208916 0.226111 0.17957 0.116563 0.059333 0.0210929 0.00495399 0.00077959 8.58535e-05 6.7882e-06 3.80246e-07 1.46478e-08 3.79767e-10 6.54611e-12 7.42241e-14 5.47114e-16
 1.48743e-11 1.61519e-09 1.03409e-07 3.9035e-06 8.689e-05 0.00114097 0.00884895 0.0406882 0.1122 0.19176 0.219935 0.191625 0.134354 0.0695869 0.0238493 0.00514921 0.000703834 6.35493e-05 4.0318e-06 1.87804e-07 6.39925e-09 1.54009e-10 2.52557e-12 2.74638e-14 1.94033e-16
 1.61816e-11 1.75715e-09 1.12497e-07 4.24657e-06 9.45249e-05 0.00124114 0.00962326 0.0442032 0.121447 0.20508 0.22755 0.185962 0.121015 0.0593033 0.0196735 0.00417968 0.000568979 5.13293e-05 3.19145e-06 1.38855e-07 4.16803e-09 8.4583e-11 1.15067e-12 1.04984e-14 6.40702e-17
 1.31999e-11 1.43339e-09 9.17718e-08 3.46453e-06 7.71372e-05 0.00101358 0.0078757 0.0363966 0.101695 0.179288 0.2179 0.202913 0.146745 0.0751221 0.0249785 0.00522975 0.00069765 6.15336e-05 3.73412e-06 1.58357e-07 4.62436e-09 9.07012e-11 1.17371e-12 9.92001e-15 5.4335e-17
 1.67489e-11 1.81876e-09 1.16443e-07 4.39563e-06 9.78496e-05 0.001285 0.00996669 0.0458087 0.125939 0.212389 0.233156 0.184303 0.113434 0.0526345 0.0168712 0.00356248 0.000497393 4.71081e-05 3.07057e-06 1.36263e-07 4.02378e-09 7.77318e-11 9.75436e-13 7.9278e-15 4.15283e-17
 1.44555e-11 1.56974e-09 1.00504e-07 3.79431e-06 8.44871e-05 0.00111034 0.00862943 0.0398777 0.11119 0.194018 0.228225 0.198909 0.13216 0.0623693 0.019221 0.00371408 0.000450128 3.52593e-05 1.87309e-06 7.0373e-08 1.88496e-09 3.50848e-11 4.38067e-13 3.56521e-15 1.85379e-17
 1.13437e-11 1.23186e-09 7.88772e-08 2.9785e-06 6.63599e-05 0.000873457 0.00681616 0.0318339 0.0911303 0.168629 0.219942 0.21645 0.156929 0.0773148 0.0244404 0.00488749 0.000628192 5.33641e-05 3.05505e-06 1.17656e-07 2.99873e-09 4.98583e-11 5.38617e-13 3.79326e-15 1.74563e-17
#pred catch len freq
 1.24933e-11 1.35663e-09 8.68524e-08 3.27825e-06 7.29528e-05 0.00095718 0.00740532 0.033802 0.0912985 0.148074 0.154393 0.13042 0.119472 0.104966 0.07362 0.0456614 0.0287976 0.0184953 0.0122296 0.00854731 0.00643918 0.00530617 0.00454164 0.00347687 0.00202076
 9.45466e-12 1.02666e-09 6.57279e-08 2.48091e-06 5.52095e-05 0.000724401 0.00560532 0.0256072 0.0694585 0.115022 0.130992 0.138587 0.156972 0.145852 0.0966961 0.0516481 0.0271535 0.0147203 0.00813132 0.00467481 0.00288408 0.00198598 0.00150418 0.00109297 0.000631633
 1.19049e-11 1.29273e-09 8.27616e-08 3.12384e-06 6.95168e-05 0.000912104 0.00705681 0.0322164 0.0870876 0.141823 0.150584 0.134118 0.130748 0.118545 0.08475 0.0524928 0.0303247 0.015458 0.00712667 0.0032656 0.00157148 0.000833959 0.000507829 0.000325661 0.000179204
 1.55941e-11 1.69334e-09 1.08409e-07 4.0919e-06 9.10594e-05 0.00119474 0.00924272 0.0421779 0.11377 0.183297 0.185392 0.141952 0.113142 0.0907798 0.0577225 0.030193 0.0156521 0.00827535 0.00410277 0.00180392 0.000713518 0.000279691 0.000122397 6.13227e-05 2.97928e-05
 1.58202e-11 1.71788e-09 1.0998e-07 4.1512e-06 9.23791e-05 0.00121205 0.00937672 0.0427903 0.115434 0.186075 0.188653 0.145565 0.117008 0.0929869 0.0562298 0.0257813 0.0108155 0.00462686 0.00198981 0.000847564 0.000336252 0.00011798 3.83836e-05 1.32106e-05 4.91841e-06
 1.60274e-11 1.74038e-09 1.11421e-07 4.20559e-06 9.35893e-05 0.00122793 0.00949952 0.0433499 0.116933 0.188404 0.190602 0.145996 0.116056 0.0916444 0.055181 0.0249969 0.0100619 0.00387597 0.00137771 0.000467793 0.000157664 5.11172e-05 1.50174e-05 3.97681e-06 1.02474e-06
 1.55838e-11 1.69222e-09 1.08337e-07 4.08919e-06 9.09992e-05 0.00119395 0.00923674 0.0421532 0.113739 0.183535 0.186979 0.146604 0.120554 0.0966391 0.0579716 0.0257346 0.0100228 0.00373907 0.00126934 0.000388116 0.000108412 2.81489e-05 6.91173e-06 1.56306e-06 3.15097e-07
 1.62975e-11 1.76971e-09 1.13299e-07 4.27645e-06 9.51663e-05 0.00124862 0.00965953 0.0440789 0.118883 0.191415 0.193035 0.146254 0.114294 0.0893239 0.0533961 0.0238581 0.00936821 0.00347826 0.00115323 0.000339128 8.89187e-05 2.04355e-05 4.12434e-06 7.4387e-07 1.20268e-07
 1.66238e-11 1.80515e-09 1.15567e-07 4.36208e-06 9.70719e-05 0.00127362 0.00985288 0.0449598 0.12124 0.195057 0.195985 0.14659 0.112184 0.0864674 0.0510697 0.0222831 0.00845448 0.00307227 0.00101485 0.00029741 7.64957e-05 1.68344e-05 3.12885e-06 4.87846e-07 6.38966e-08
 1.71468e-11 1.86193e-09 1.19203e-07 4.4993e-06 0.000100125 0.00131368 0.0101627 0.0463712 0.125014 0.200869 0.200605 0.146833 0.108358 0.0816174 0.0475175 0.020216 0.007347 0.00255367 0.000812133 0.000230922 5.84114e-05 1.27125e-05 2.30836e-06 3.41436e-07 4.04234e-08
 1.725e-11 1.87315e-09 1.19921e-07 4.5264e-06 0.000100729 0.00132159 0.0102239 0.0466503 0.125763 0.202051 0.201677 0.147322 0.108279 0.0811216 0.046662 0.0192187 0.00657865 0.0021481 0.00064858 0.000175384 4.23816e-05 8.90319e-06 1.57815e-06 2.28778e-07 2.62257e-08
 1.71206e-11 1.85909e-09 1.19021e-07 4.49243e-06 9.99726e-05 0.00131168 0.0101472 0.0463011 0.124832 0.200637 0.200652 0.14759 0.109731 0.0826807 0.0474578 0.0193202 0.00644205 0.00202341 0.000580296 0.000147065 3.32927e-05 6.60021e-06 1.11293e-06 1.55099e-07 1.72617e-08
 1.77265e-11 1.92488e-09 1.23233e-07 4.65142e-06 0.000103511 0.00135809 0.0105062 0.0479359 0.129198 0.207315 0.205735 0.14713 0.104163 0.0762852 0.0436022 0.0179191 0.0060887 0.00193533 0.000549686 0.000134898 2.90302e-05 5.39946e-06 8.50161e-07 1.1121e-07 1.17378e-08
 1.66903e-11 1.81236e-09 1.16029e-07 4.37952e-06 9.74599e-05 0.00127871 0.00989229 0.0451401 0.121733 0.195906 0.197097 0.148069 0.11392 0.0873832 0.0501441 0.020114 0.00650591 0.00198255 0.000557683 0.000137853 2.96244e-05 5.38012e-06 8.08637e-07 9.94081e-08 9.80524e-09
 1.64334e-11 1.78447e-09 1.14243e-07 4.31211e-06 9.59598e-05 0.00125903 0.0097401 0.0444471 0.119884 0.193093 0.195027 0.148499 0.116642 0.0903479 0.0517104 0.0204054 0.00635993 0.0018446 0.000493557 0.000116286 2.4232e-05 4.36134e-06 6.5211e-07 7.8566e-08 7.43764e-09
 1.75207e-11 1.90254e-09 1.21802e-07 4.59743e-06 0.000102309 0.00134233 0.0103843 0.0473811 0.12772 0.205086 0.204191 0.147786 0.106819 0.0789765 0.0447288 0.017719 0.00558404 0.00162736 0.000428163 9.69017e-05 1.91532e-05 3.27548e-06 4.71332e-07 5.55929e-08 5.19352e-09
 1.76957e-11 1.92154e-09 1.23019e-07 4.64334e-06 0.000103331 0.00135573 0.0104879 0.0478533 0.128983 0.207036 0.205765 0.147946 0.105655 0.0774174 0.0434753 0.0168889 0.0051182 0.00143384 0.000371579 8.40527e-05 1.64753e-05 2.73629e-06 3.75728e-07 4.21184e-08 3.77318e-09
 1.71743e-11 1.86492e-09 1.19394e-07 4.50653e-06 0.000100286 0.00131579 0.0101791 0.0464467 0.125229 0.201305 0.201465 0.148546 0.110761 0.0831383 0.0467283 0.0178273 0.00516681 0.00136308 0.000335272 7.25256e-05 1.37608e-05 2.25003e-06 3.05352e-07 3.34238e-08 2.87889e-09
 1.77127e-11 1.92339e-09 1.23137e-07 4.6478e-06 0.00010343 0.00135704 0.010498 0.0478994 0.129108 0.207238 0.205973 0.148115 0.105778 0.0774316 0.0433105 0.0166124 0.00487963 0.00129887 0.000314393 6.50278e-05 1.16344e-05 1.80293e-06 2.3493e-07 2.50445e-08 2.11692e-09
 1.80211e-11 1.95688e-09 1.25281e-07 4.72874e-06 0.000105231 0.00138067 0.0106808 0.0487316 0.131331 0.210642 0.208583 0.14794 0.103033 0.0742291 0.0413076 0.0158015 0.00462544 0.00122945 0.000299101 6.23531e-05 1.11136e-05 1.67382e-06 2.07514e-07 2.09339e-08 1.68907e-09
 1.78694e-11 1.94041e-09 1.24227e-07 4.68893e-06 0.000104345 0.00136904 0.0105909 0.0483224 0.13024 0.208986 0.207389 0.148271 0.104756 0.0760472 0.0421792 0.0158472 0.00444539 0.00111929 0.000263284 5.42144e-05 9.65138e-06 1.45839e-06 1.80401e-07 1.78508e-08 1.38526e-09
 1.79096e-11 1.94477e-09 1.24506e-07 4.69947e-06 0.00010458 0.00137212 0.0106147 0.0484307 0.130528 0.209419 0.207677 0.148107 0.104184 0.0754945 0.0419944 0.0159551 0.00458787 0.00118424 0.000277464 5.5137e-05 9.38737e-06 1.37717e-06 1.68423e-07 1.6629e-08 1.28588e-09
 1.85779e-11 2.01734e-09 1.29152e-07 4.87483e-06 0.000108482 0.00142332 0.0110106 0.0502338 0.135342 0.216776 0.213244 0.147491 0.0978753 0.068321 0.0377667 0.0145422 0.00433278 0.00117212 0.000285157 5.82896e-05 1.00575e-05 1.45567e-06 1.72061e-07 1.64116e-08 1.24213e-09
 1.83597e-11 1.99364e-09 1.27635e-07 4.81758e-06 0.000107208 0.0014066 0.0108813 0.0496454 0.133774 0.214405 0.211572 0.148094 0.100544 0.0710566 0.0389528 0.0144183 0.00391738 0.000947333 0.00021887 4.53273e-05 8.12945e-06 1.21903e-06 1.47102e-07 1.40267e-08 1.03988e-09
 1.85832e-11 2.01791e-09 1.29189e-07 4.87622e-06 0.000108513 0.00142372 0.0110137 0.0502485 0.135385 0.216876 0.213488 0.148034 0.0986589 0.0688115 0.0374883 0.0137495 0.00364722 0.000840407 0.000180489 3.39424e-05 5.57116e-06 8.054e-07 9.84541e-08 9.68423e-09 7.36173e-10
 1.84889e-11 2.00767e-09 1.28533e-07 4.85148e-06 0.000107962 0.0014165 0.0109579 0.0499939 0.134704 0.215825 0.212637 0.147944 0.0992805 0.0696505 0.0381712 0.0142079 0.00390363 0.000942784 0.000206907 3.81815e-05 5.92163e-06 7.86834e-07 8.80241e-08 8.14882e-09 6.09294e-10
 1.8509e-11 2.00986e-09 1.28673e-07 4.85677e-06 0.00010808 0.00141804 0.0109698 0.0500485 0.134851 0.216063 0.212881 0.148135 0.0994074 0.0696379 0.0379398 0.0138579 0.00363629 0.000825701 0.000176159 3.30385e-05 5.28088e-06 7.06712e-07 7.65221e-08 6.62293e-09 4.56507e-10
 1.88931e-11 2.05156e-09 1.31343e-07 4.95754e-06 0.000110323 0.00144747 0.0111973 0.0510846 0.137618 0.220291 0.216081 0.147781 0.0957826 0.06552 0.0355203 0.013055 0.00348875 0.000809458 0.000172153 3.11441e-05 4.7623e-06 6.25735e-07 6.84519e-08 5.99305e-09 4.07439e-10
 1.77594e-11 1.92845e-09 1.23461e-07 4.66005e-06 0.000103703 0.00136061 0.0105257 0.0480258 0.129451 0.207807 0.206628 0.148803 0.10645 0.0776612 0.0426896 0.0154725 0.00395112 0.000855789 0.000174182 3.13519e-05 4.819e-06 6.25163e-07 6.62681e-08 5.63899e-09 3.79796e-10
#obs catch len freq
 1.17475e-11 1.27565e-09 8.16679e-08 3.08256e-06 6.85982e-05 0.00090005 0.00696353 0.0317901 0.0859273 0.139878 0.148311 0.13186 0.129338 0.119678 0.0880154 0.0553831 0.0323222 0.0170679 0.00794812 0.00318537 0.00104285 0.000262412 4.79937e-05 6.08365e-06 5.14398e-07
 1.18388e-11 1.28556e-09 8.23024e-08 3.10651e-06 6.91313e-05 0.00090705 0.00701786 0.0320418 0.0866511 0.141348 0.150949 0.136094 0.133887 0.12159 0.0860628 0.0512701 0.0283843 0.0142881 0.00625451 0.00230778 0.000687732 0.000157077 2.60583e-05 2.99379e-06 2.29357e-07
 6.09069e-12 6.61377e-10 4.23419e-08 1.59821e-06 3.55667e-05 0.000466708 0.00361277 0.0165363 0.0452657 0.0780857 0.102442 0.137901 0.180556 0.176913 0.123988 0.070528 0.0365266 0.0170692 0.00691943 0.00235573 0.000641881 0.000132701 1.98225e-05 2.0495e-06 1.415e-07
 1.76928e-11 1.92123e-09 1.22999e-07 4.64259e-06 0.000103314 0.00135551 0.010486 0.0478397 0.128865 0.206111 0.201072 0.134174 0.0839518 0.0633432 0.0500051 0.0358609 0.0213666 0.0100832 0.00383149 0.00118964 0.000293609 5.48268e-05 7.37338e-06 6.84535e-07 4.24031e-08
 1.50752e-11 1.63699e-09 1.04802e-07 3.95575e-06 8.803e-05 0.00115501 0.0089363 0.0407972 0.11025 0.179007 0.186325 0.153133 0.129133 0.0997169 0.0555806 0.0223511 0.0082337 0.00340099 0.00134731 0.000422963 9.86702e-05 1.67597e-05 2.02354e-06 1.68237e-07 9.33438e-09
 1.76228e-11 1.91363e-09 1.22512e-07 4.62423e-06 0.000102906 0.00135018 0.0104455 0.0476704 0.128599 0.207034 0.207523 0.151013 0.106169 0.0744236 0.0411881 0.0168477 0.00554443 0.00157164 0.000396754 9.3586e-05 1.95592e-05 3.1507e-06 3.55708e-07 2.70028e-08 1.34923e-09
 1.56552e-11 1.69997e-09 1.08834e-07 4.10794e-06 9.1417e-05 0.00119946 0.00928052 0.0423735 0.114549 0.186119 0.193587 0.156939 0.127321 0.0939593 0.0499012 0.0181772 0.00501775 0.00118688 0.000244219 4.19247e-05 5.97296e-06 7.06901e-07 6.6127e-08 4.48571e-09 2.05212e-10
 1.63674e-11 1.77731e-09 1.13785e-07 4.29482e-06 9.55759e-05 0.00125403 0.00970267 0.0442989 0.119718 0.194165 0.200112 0.157119 0.120968 0.0859673 0.0448303 0.0161955 0.00439329 0.000973649 0.000174814 2.45017e-05 2.67868e-06 2.29493e-07 1.51805e-08 7.55134e-10 2.72378e-11
 1.67332e-11 1.81702e-09 1.16328e-07 4.3908e-06 9.77118e-05 0.00128206 0.00991962 0.0452904 0.122396 0.198411 0.203727 0.157377 0.117354 0.0812589 0.0420291 0.0153792 0.00429862 0.0009755 0.000174287 2.33551e-05 2.3094e-06 1.67286e-07 8.7631e-09 3.27886e-10 8.67048e-12
 1.63366e-11 1.77396e-09 1.1357e-07 4.28674e-06 9.53964e-05 0.0012517 0.00968534 0.0442319 0.119654 0.194697 0.202459 0.161006 0.123064 0.084253 0.0415611 0.0138751 0.00337213 0.000665064 0.000109111 1.40996e-05 1.36164e-06 9.47035e-08 4.60105e-09 1.52711e-10 3.41364e-12
 1.71079e-11 1.85772e-09 1.18933e-07 4.48914e-06 9.99008e-05 0.0013108 0.0101426 0.046318 0.125256 0.203423 0.20957 0.161396 0.116638 0.0759173 0.0357922 0.011213 0.00244408 0.00041073 5.62577e-05 6.11469e-06 5.08126e-07 3.15308e-08 1.41481e-09 4.41129e-11 9.23745e-13
 1.6039e-11 1.74165e-09 1.11502e-07 4.20866e-06 9.36597e-05 0.00122895 0.00951048 0.0434528 0.117736 0.192616 0.20341 0.166103 0.127784 0.0845247 0.0390709 0.011709 0.00235967 0.000351491 4.15509e-05 3.849e-06 2.6797e-07 1.37526e-08 5.13658e-10 1.36414e-11 2.50324e-13
 1.72456e-11 1.87267e-09 1.1989e-07 4.52529e-06 0.000100706 0.0013214 0.0102254 0.0467094 0.126429 0.205858 0.213214 0.164507 0.116258 0.0721454 0.0319943 0.00921116 0.00175368 0.000239585 2.53254e-05 2.06972e-06 1.25144e-07 5.46107e-09 1.70601e-10 3.76228e-12 5.73345e-14
 1.67939e-11 1.82362e-09 1.1675e-07 4.40676e-06 9.80688e-05 0.00128683 0.00995893 0.0455082 0.123333 0.201676 0.211557 0.167514 0.120928 0.0747319 0.0324572 0.00906311 0.0016504 0.000211028 2.0473e-05 1.52285e-06 8.32075e-08 3.23483e-09 8.85296e-11 1.68698e-12 2.19783e-14
 1.36347e-11 1.48057e-09 9.47874e-08 3.57781e-06 7.9624e-05 0.00104494 0.00809094 0.0370425 0.101109 0.169644 0.192779 0.180054 0.152573 0.100272 0.043374 0.0116899 0.00199338 0.000229037 1.93175e-05 1.25055e-06 6.05704e-08 2.10555e-09 5.14243e-11 8.70824e-13 1.00424e-14
 1.50779e-11 1.63729e-09 1.04821e-07 3.95653e-06 8.80519e-05 0.00115551 0.00894608 0.0409359 0.111476 0.185249 0.203628 0.176527 0.137653 0.0860293 0.0364496 0.00986994 0.00174946 0.000216923 1.98497e-05 1.32696e-06 6.18492e-08 1.95518e-09 4.19842e-11 6.17946e-13 6.21716e-15
 1.5526e-11 1.68594e-09 1.07936e-07 4.07411e-06 9.06693e-05 0.00118989 0.00921266 0.0421604 0.114823 0.190674 0.208391 0.176983 0.133187 0.0802688 0.0328538 0.00854721 0.00143434 0.000165421 1.4071e-05 8.99194e-07 4.16202e-08 1.34072e-09 2.93848e-11 4.31044e-13 4.1593e-15
 1.54861e-11 1.68162e-09 1.07659e-07 4.06369e-06 9.04385e-05 0.00118691 0.00919091 0.0420788 0.11474 0.191126 0.210079 0.178972 0.133278 0.0785665 0.031332 0.00792037 0.00128286 0.000140881 1.12153e-05 6.62642e-07 2.82338e-08 8.38279e-10 1.70776e-11 2.36705e-13 2.20008e-15
 1.45212e-11 1.57684e-09 1.00951e-07 3.81054e-06 8.48074e-05 0.00111313 0.00862272 0.0395244 0.108186 0.182282 0.206218 0.184077 0.141846 0.0842174 0.0335793 0.00860365 0.00145468 0.000171982 1.47697e-05 9.07826e-07 3.84115e-08 1.09336e-09 2.08711e-11 2.67316e-13 2.28086e-15
 1.48697e-11 1.61468e-09 1.03374e-07 3.90201e-06 8.68444e-05 0.00113991 0.00883105 0.0404881 0.110858 0.1867 0.210081 0.184063 0.137628 0.0794961 0.0311419 0.00794325 0.00135946 0.000165133 1.46483e-05 9.29419e-07 4.06659e-08 1.19923e-09 2.35551e-11 3.04558e-13 2.5559e-15
 1.58341e-11 1.71941e-09 1.10079e-07 4.1551e-06 9.24774e-05 0.00121384 0.00940327 0.0430978 0.117825 0.19721 0.217334 0.181573 0.127703 0.0702194 0.0265362 0.00656058 0.00108708 0.000127565 1.09646e-05 6.80804e-07 2.9512e-08 8.70828e-10 1.72055e-11 2.24039e-13 1.89122e-15
 1.59141e-11 1.72809e-09 1.10635e-07 4.17613e-06 9.29478e-05 0.0012201 0.00945363 0.043351 0.118666 0.199119 0.220051 0.183155 0.126399 0.067348 0.0244428 0.00572111 0.000876127 9.25838e-05 7.10552e-06 3.99627e-07 1.60277e-08 4.44781e-10 8.35979e-12 1.04506e-13 8.53443e-16
 1.53022e-11 1.66165e-09 1.06382e-07 4.01565e-06 8.93806e-05 0.00117346 0.00909624 0.0417655 0.114734 0.1943 0.218976 0.187204 0.131157 0.0696423 0.0250297 0.0058294 0.000896008 9.51509e-05 7.20792e-06 3.87015e-07 1.43461e-08 3.60379e-10 6.09023e-12 6.87875e-14 5.13077e-16
 1.71446e-11 1.86171e-09 1.1919e-07 4.49908e-06 0.000100138 0.00131453 0.0101856 0.0466998 0.127654 0.212744 0.229311 0.179303 0.112937 0.0555301 0.0191223 0.00435601 0.000662712 7.00523e-05 5.27667e-06 2.80244e-07 1.02054e-08 2.49362e-10 4.03697e-12 4.28563e-14 2.95016e-16
 1.52094e-11 1.65158e-09 1.05739e-07 3.99152e-06 8.88524e-05 0.00116683 0.00905135 0.0416346 0.114865 0.196213 0.223716 0.191282 0.129999 0.0651297 0.0216509 0.00454078 0.000601912 5.2398e-05 3.17409e-06 1.39808e-07 4.47921e-09 1.01103e-10 1.5521e-12 1.57719e-14 1.03955e-16
 1.64908e-11 1.79073e-09 1.14648e-07 4.3278e-06 9.63364e-05 0.00126502 0.00981016 0.0450765 0.123896 0.209118 0.230842 0.185444 0.117036 0.0554108 0.0178037 0.00366905 0.000483545 4.1982e-05 2.49154e-06 1.02769e-07 2.91353e-09 5.56875e-11 7.10711e-13 6.05301e-15 3.43337e-17
 1.35449e-11 1.47085e-09 9.41715e-08 3.55522e-06 7.91617e-05 0.00104035 0.00808628 0.0373919 0.104544 0.184135 0.22204 0.202449 0.141925 0.0703509 0.0226949 0.00461188 0.000595494 5.05145e-05 2.92313e-06 1.17379e-07 3.23338e-09 5.96931e-11 7.25274e-13 5.73843e-15 2.93403e-17
 1.70454e-11 1.85096e-09 1.18505e-07 4.47357e-06 9.95888e-05 0.00130796 0.0101467 0.0466521 0.128304 0.216245 0.236156 0.183583 0.109621 0.0490993 0.0152152 0.00310787 0.000418323 3.79418e-05 2.35243e-06 9.88735e-08 2.7586e-09 5.0226e-11 5.92056e-13 4.50379e-15 2.20144e-17
 1.47838e-11 1.60539e-09 1.02788e-07 3.88068e-06 8.64168e-05 0.00113589 0.00883098 0.0408321 0.113913 0.198558 0.231824 0.198019 0.127538 0.0582069 0.0173808 0.00325768 0.000382308 2.88358e-05 1.46095e-06 5.17981e-08 1.30021e-09 2.2621e-11 2.63833e-13 2.0047e-15 9.72466e-18
#spawning biomass
 8119.25 7733.52 6060.8 6248.06 9709.44 14885.5 20596.2 28102 42093.9 62799.1 90005.1 122618 182496 232181 197035 183425 200094 187185 172332 184088 184059 197769 253086 271081 268706 307166 294015 314691 271644 239747 297509 157048 76945.5 40480.9 25847.3 20424.5 18520.2 17876.4 17664.6 17596.3 17574.7 17567.9 17565.7 17565.1 17564.9 17564.8 17564.8 17564.8 17564.8 17564.8 17564.8 17564.8 17564.8 17564.8 17564.8 17564.8 17564.8 17564.8 17564.8 17564.8 17564.8 17564.8 17564.8 17564.8 17564.8 17564.8 17564.8 17564.8 17564.8 17564.8 17564.8 17564.8 17564.8 17564.8 17564.8 17564.8 17564.8 17564.8 17564.8 17564.8 17564.8 17564.8 17564.8 17564.8 17564.8 17564.8 17564.8 17564.8 17564.8 17564.8 17564.8 17564.8 17564.8 17564.8 17564.8 17564.8 17564.8 17564.8 17564.8 17564.8 17564.8 17564.8 17564.8 17564.8 17564.8 17564.8 17564.8 17564.8 17564.8 17564.8 17564.8 17564.8 17564.8 17564.8 17564.8 17564.8 17564.8 17564.8 17564.8 17564.8 17564.8 17564.8 17564.8 17564.8 17564.8 17564.8 17564.8 17564.8 17564.8 0 0 0 0 0 0 0 0 0 0 0 0 0 0 0 0 0 0 0 0 0 0 0 0 0
