SBPRF35
0.175648
Curr Bio
247080
B35
340135
F35
0.723775
FOFL
0.347957
OFL
27623.3
Bzero
50185.1
#pred survey bio
 8578.32 8502.06 6724.5 7311.15 11366.8 17453.8 24019.4 33299.5 50175 74553.3 107533 146089 219376 272960 230815 219216 239254 221882 206253 219103 220284 238842 305792 326871 324638 369245 355287 379140 292862 7.64822e+06 5.12544e+06 3.04079e+06 1.71715e+06 1.05751e+06 751321 608813 539256 503002 482925 471311 464410 460253 457733 456197 455248 454682 454343 454140 454019 453946 453902 453875 453859 453850 453844 453841 453839 453837 453837 453836 453836 453836 453836 453836 453836 453836 453836 453836 453836 453836 453836 453836 453836 453836 453836 453836 453836 453836 453836 453836 453836 453836 453836 453836 453836 453836 453836 453836 453836 453836 453836 453836 453836 453836 453836 453836 453836 453836 453836 453836 453836 453836 453836 453836 453836 453836 453836 453836 453836 453836 453836 453836 453836 453836 453836 453836 453836 453836 453836 453836 453836 453836 453836 453836 453836 453836 453836 453836 453836 0 0 0 0 0 0 0 0 0 0 0 0 0 0 0 0 0 0 0 0 0 0 0 0 0
#obs survey bio
 6910.6 6476.94 7572.23 6987.92 12354.8 19914 32680 36344.3 45821.8 46717 124582 110264 220341 261411 163006 191579 190021 153319 123505 182560 281252 201004 264887 275947 192230 403227 317825 315209 204735
#pred catch bio
 3072.12 4192.41 3555.34 3254.89 5301.62 8630.8 12465.4 16618.5 26002.9 40814.4 60233 80710.7 122232 179610 153309 138467 157369 149676 133889 147089 144231 147920 202511 225806 212407 257151 241339 267755 238259 27623.3 95690.4 51481.9 25166.4 13531 9005.57 7381.35 6829.17 6648.47 6590.94 6573 6567.49 6565.82 6565.31 6565.16 6565.12 6565.11 6565.1 6565.1 6565.1 6565.1 6565.1 6565.1 6565.1 6565.1 6565.1 6565.1 6565.1 6565.1 6565.1 6565.1 6565.1 6565.1 6565.1 6565.1 6565.1 6565.1 6565.1 6565.1 6565.1 6565.1 6565.1 6565.1 6565.1 6565.1 6565.1 6565.1 6565.1 6565.1 6565.1 6565.1 6565.1 6565.1 6565.1 6565.1 6565.1 6565.1 6565.1 6565.1 6565.1 6565.1 6565.1 6565.1 6565.1 6565.1 6565.1 6565.1 6565.1 6565.1 6565.1 6565.1 6565.1 6565.1 6565.1 6565.1 6565.1 6565.1 6565.1 6565.1 6565.1 6565.1 6565.1 6565.1 6565.1 6565.1 6565.1 6565.1 6565.1 6565.1 6565.1 6565.1 6565.1 6565.1 6565.1 6565.1 6565.1 6565.1 6565.1 6565.1 6565.1 0 0 0 0 0 0 0 0 0 0 0 0 0 0 0 0 0 0 0 0 0 0 0 0 0
#obs catch bio
 4783.49 4568.9 3814.72 3086.05 5124.15 7968.58 11427.5 15788.6 25036.6 41460.5 57226.8 78928.7 115876 176830 158314 142422 161997 148438 148875 147405 130898 143393 196291 208334 210514 242635 228829 248929 233976
#pred cpue bio
 6278.96 6865.63 5105.16 4675.32 7107.51 10831.5 15251.3 20465.3 30555.9 44901.9 63785.2 87863.6 127439 171624 148404 132087 144279 138217 124332 130497 130322 140468 176362 192140 187954 213960 206993 217398 184348 3.90445e+06 4.95086e+06 2.95753e+06 1.63411e+06 974471 668277 525768 456211 419957 399881 388266 381366 377209 374688 373153 372203 371637 371299 371096 370974 370901 370857 370831 370815 370805 370800 370796 370794 370793 370792 370792 370791 370791 370791 370791 370791 370791 370791 370791 370791 370791 370791 370791 370791 370791 370791 370791 370791 370791 370791 370791 370791 370791 370791 370791 370791 370791 370791 370791 370791 370791 370791 370791 370791 370791 370791 370791 370791 370791 370791 370791 370791 370791 370791 370791 370791 370791 370791 370791 370791 370791 370791 370791 370791 370791 370791 370791 370791 370791 370791 370791 370791 370791 370791 370791 370791 370791 370791 370791 370791 0 0 0 0 0 0 0 0 0 0 0 0 0 0 0 0 0 0 0 0 0 0 0 0 0
#obs cpue bio
 6723.5 4761.31 5427.54 5973.33 7878.77 13750.2 16634.9 19814.3 37253.6 60319.5 81432.2 114100 169819 181572 175019 133238 169573 210990 112760 198125 168524 155464 258849 322330 285091 281403 283113 352583 277523
#pred surv len freq
 1.67725e-11 1.82129e-09 1.16601e-07 4.4011e-06 9.794e-05 0.001285 0.00994065 0.0453535 0.122209 0.195867 0.193287 0.135488 0.0932847 0.0702806 0.0472983 0.0290363 0.0182369 0.0116813 0.00770464 0.00536988 0.00403224 0.00331056 0.00282417 0.00215711 0.00125203
 1.2608e-11 1.36908e-09 8.76499e-08 3.30835e-06 7.36228e-05 0.000965975 0.00747356 0.034118 0.0922137 0.150056 0.158773 0.139868 0.133744 0.116952 0.0764873 0.0407078 0.0212863 0.0114163 0.00622834 0.00354966 0.00217827 0.00149306 0.0011259 0.000815455 0.000470339
 1.49209e-11 1.62023e-09 1.03729e-07 3.91525e-06 8.71282e-05 0.00114316 0.00884369 0.0403567 0.108853 0.175344 0.177212 0.135491 0.108693 0.0907724 0.0647618 0.0411596 0.0242285 0.0123456 0.00561048 0.00252129 0.00119323 0.000626183 0.000378541 0.000241571 0.000132545
 1.84956e-11 2.0084e-09 1.28579e-07 4.85323e-06 0.000108001 0.00141701 0.0109617 0.0500082 0.1347 0.215478 0.210697 0.142413 0.0906048 0.0631407 0.0387322 0.0203188 0.0106986 0.00575065 0.00287975 0.00126329 0.000492287 0.000188885 8.11338e-05 4.01963e-05 1.94222e-05
 1.85765e-11 2.01719e-09 1.29142e-07 4.87447e-06 0.000108474 0.00142321 0.0110097 0.0502285 0.13531 0.21658 0.212375 0.145122 0.0942123 0.0656577 0.0381968 0.0172971 0.00719196 0.00305979 0.00131715 0.000564866 0.000225182 7.85678e-05 2.51012e-05 8.44335e-06 3.09574e-06
 1.86444e-11 2.02456e-09 1.29614e-07 4.89228e-06 0.00010887 0.00142841 0.0110499 0.0504119 0.135802 0.217358 0.213085 0.145464 0.0942292 0.0655186 0.0379691 0.0169593 0.00673307 0.00255045 0.000887789 0.000295583 9.88239e-05 3.20823e-05 9.41413e-06 2.4621e-06 6.20838e-07
 1.81912e-11 1.97535e-09 1.26464e-07 4.77338e-06 0.000106224 0.0013937 0.0107815 0.0491893 0.132539 0.212377 0.209346 0.14598 0.0986614 0.0705037 0.0408406 0.017833 0.00681035 0.00248327 0.000820422 0.000243035 6.58647e-05 1.67118e-05 4.05675e-06 9.132e-07 1.82438e-07
 1.8779e-11 2.03918e-09 1.3055e-07 4.92761e-06 0.000109657 0.00143873 0.0111297 0.0507754 0.136776 0.218867 0.214331 0.145683 0.0934915 0.0644663 0.0370683 0.0162923 0.00628097 0.00227888 0.000732608 0.000207278 5.22581e-05 1.15733e-05 2.25914e-06 3.97458e-07 6.33348e-08
 1.89097e-11 2.05337e-09 1.31459e-07 4.9619e-06 0.00011042 0.00144874 0.0112071 0.0511282 0.13772 0.220331 0.215542 0.145899 0.0927696 0.0634016 0.0360967 0.0155431 0.00581531 0.00207159 0.000664805 0.000187655 4.63375e-05 9.77345e-06 1.74016e-06 2.60563e-07 3.29573e-08
 1.90646e-11 2.07019e-09 1.32535e-07 5.00255e-06 0.000111324 0.0014606 0.0112989 0.0515464 0.138839 0.222064 0.216964 0.14612 0.0918645 0.0621215 0.0349939 0.0147327 0.00530038 0.0018135 0.000562478 0.000154474 3.75673e-05 7.84159e-06 1.36262e-06 1.92687e-07 2.18217e-08
 1.92739e-11 2.09291e-09 1.3399e-07 5.05745e-06 0.000112546 0.00147663 0.0114229 0.0521113 0.140351 0.224403 0.218873 0.146385 0.0905899 0.0603516 0.0335039 0.0136726 0.004649 0.00149982 0.000443095 0.000116066 2.70342e-05 5.45872e-06 9.27316e-07 1.28599e-07 1.409e-08
 1.90262e-11 2.06602e-09 1.32268e-07 4.99246e-06 0.0001111 0.00145766 0.0112762 0.0514431 0.138568 0.221686 0.216857 0.146743 0.0931293 0.0631534 0.0350382 0.0140336 0.0045802 0.00140308 0.000392309 9.64512e-05 2.10909e-05 4.02843e-06 6.52538e-07 8.7159e-08 9.28341e-09
 1.95909e-11 2.12734e-09 1.36194e-07 5.14065e-06 0.000114398 0.00150092 0.0116107 0.0529668 0.142637 0.227906 0.221574 0.146256 0.0878509 0.0571343 0.0314708 0.0128104 0.00432235 0.00135507 0.000374787 8.83736e-05 1.82143e-05 3.2558e-06 4.93049e-07 6.19448e-08 6.26955e-09
 1.82368e-11 1.9803e-09 1.2678e-07 4.78532e-06 0.00010649 0.00139719 0.0108085 0.0493132 0.13288 0.212985 0.210235 0.147344 0.100389 0.0714982 0.0400827 0.0158782 0.00504141 0.00150059 0.000411627 9.86402e-05 2.04224e-05 3.55558e-06 5.10695e-07 6.00456e-08 5.67626e-09
 1.77947e-11 1.93229e-09 1.23707e-07 4.66931e-06 0.000103909 0.00136332 0.0105466 0.0481203 0.129696 0.20812 0.206561 0.147777 0.104604 0.0762815 0.0428908 0.0167957 0.00517504 0.00147138 0.000381608 8.59991e-05 1.70805e-05 2.9446e-06 4.22464e-07 4.87409e-08 4.40966e-09
 1.89779e-11 2.06077e-09 1.31932e-07 4.97979e-06 0.000110818 0.00145396 0.0112475 0.0513128 0.138221 0.221165 0.216508 0.146934 0.0938114 0.0638354 0.0353142 0.0139599 0.00441551 0.00128463 0.000332099 7.2478e-05 1.36485e-05 2.21556e-06 3.02572e-07 3.39819e-08 3.03471e-09
 1.89395e-11 2.05661e-09 1.31666e-07 4.96973e-06 0.000110594 0.00145102 0.0112248 0.0512096 0.137948 0.220762 0.216281 0.147224 0.0945593 0.0644962 0.0354332 0.0136697 0.00411439 0.00114096 0.000291433 6.44981e-05 1.22681e-05 1.96072e-06 2.5672e-07 2.72798e-08 2.31543e-09
 1.83561e-11 1.99325e-09 1.2761e-07 4.81663e-06 0.000107187 0.00140633 0.0108792 0.0496354 0.133745 0.214342 0.211432 0.147793 0.100117 0.070795 0.0391176 0.0148643 0.00429622 0.00112486 0.000271743 5.70174e-05 1.04369e-05 1.65038e-06 2.16603e-07 2.28134e-08 1.87749e-09
 1.89357e-11 2.05619e-09 1.31639e-07 4.96872e-06 0.000110572 0.00145073 0.0112226 0.0511993 0.137921 0.220727 0.216282 0.147317 0.0947344 0.0646375 0.0354383 0.0135682 0.00400163 0.00106705 0.000255705 5.15618e-05 8.89459e-06 1.32471e-06 1.659e-07 1.70247e-08 1.38726e-09
 1.91308e-11 2.07738e-09 1.32995e-07 5.01991e-06 0.000111711 0.00146567 0.0113381 0.0517257 0.139327 0.222882 0.217939 0.147227 0.0930293 0.0626312 0.0341597 0.0130238 0.0038157 0.00101337 0.000244515 5.00631e-05 8.69624e-06 1.27019e-06 1.51876e-07 1.4711e-08 1.13882e-09
 1.92164e-11 2.08667e-09 1.33591e-07 5.04238e-06 0.000112211 0.00147224 0.0113889 0.051957 0.139947 0.223844 0.218746 0.147405 0.0926111 0.0619675 0.0335016 0.0124752 0.00346304 0.000858017 0.000197881 3.97331e-05 6.87114e-06 1.00952e-06 1.21401e-07 1.16441e-08 8.7236e-10
 1.93173e-11 2.09762e-09 1.34292e-07 5.06884e-06 0.0001128 0.00147996 0.0114486 0.052229 0.140672 0.22495 0.219567 0.147259 0.0915788 0.0608367 0.032898 0.0123476 0.00349023 0.000878894 0.000200286 3.8417e-05 6.26707e-06 8.8299e-07 1.04262e-07 9.97169e-09 7.48119e-10
 1.96365e-11 2.13229e-09 1.36511e-07 5.15262e-06 0.000114664 0.00150442 0.0116378 0.0530903 0.142971 0.228457 0.222188 0.146858 0.0884021 0.0573035 0.0309281 0.0118272 0.00350194 0.000936223 0.000222763 4.38656e-05 7.21617e-06 9.9591e-07 1.12439e-07 1.02602e-08 7.46263e-10
 1.9308e-11 2.09662e-09 1.34227e-07 5.06641e-06 0.000112746 0.00147925 0.0114431 0.0522041 0.140607 0.224863 0.219558 0.147455 0.0919502 0.0611169 0.0328594 0.012088 0.00326148 0.000778266 0.000175897 3.52412e-05 6.06462e-06 8.69941e-07 1.001e-07 9.0831e-09 6.41621e-10
 1.9536e-11 2.12137e-09 1.35812e-07 5.12623e-06 0.000114077 0.00149672 0.0115782 0.0528193 0.142251 0.227381 0.221499 0.147361 0.0899753 0.0587909 0.031377 0.0114511 0.00302883 0.000693309 0.000146537 2.67133e-05 4.19107e-06 5.7712e-07 6.73084e-08 6.31923e-09 4.58209e-10
 1.95364e-11 2.12142e-09 1.35815e-07 5.12634e-06 0.000114079 0.00149675 0.0115784 0.0528203 0.142252 0.227375 0.221452 0.147221 0.0897599 0.0586502 0.0314428 0.0116546 0.00320218 0.000772209 0.00016791 3.03133e-05 4.54123e-06 5.78738e-07 6.17935e-08 5.43766e-09 3.8654e-10
 1.94309e-11 2.10997e-09 1.35082e-07 5.09867e-06 0.000113463 0.00148867 0.011516 0.0525359 0.141495 0.22623 0.22065 0.147528 0.0910741 0.0599868 0.032005 0.011568 0.0029814 0.000657148 0.000135907 2.47171e-05 3.81933e-06 4.93902e-07 5.15891e-08 4.28472e-09 2.81941e-10
 1.9684e-11 2.13744e-09 1.36841e-07 5.16507e-06 0.000114941 0.00150805 0.0116659 0.0532186 0.143317 0.229011 0.222733 0.147227 0.0885826 0.0572077 0.0304456 0.01114 0.00296881 0.000683774 0.00014267 2.48404e-05 3.59365e-06 4.46812e-07 4.67142e-08 3.93315e-09 2.57539e-10
 1.81038e-11 1.96586e-09 1.25856e-07 4.75043e-06 0.000105714 0.001387 0.0107297 0.0489552 0.131933 0.211609 0.209543 0.148612 0.103391 0.0740919 0.0404565 0.0145656 0.00366112 0.000770397 0.000151745 2.63745e-05 3.8841e-06 4.79813e-07 4.81745e-08 3.87039e-09 2.47216e-10
#obs surv len freq
 1.21479e-11 1.31911e-09 8.44508e-08 3.1876e-06 7.09358e-05 0.000930719 0.00720078 0.0328725 0.0888435 0.144548 0.152888 0.134901 0.130743 0.118952 0.0846502 0.0506993 0.0283387 0.0144753 0.00646201 0.00244854 0.000755809 0.000180479 3.15779e-05 3.85452e-06 3.15564e-07
 6.25708e-12 6.79446e-10 4.34987e-08 1.64187e-06 3.65382e-05 0.000479446 0.00371104 0.0169793 0.0464001 0.0795267 0.102548 0.135675 0.177802 0.175784 0.124175 0.071138 0.0372545 0.0176903 0.00732372 0.00256511 0.000725248 0.000156943 2.47413e-05 2.71878e-06 2.00632e-07
 1.78056e-11 1.93348e-09 1.23783e-07 4.6722e-06 0.000103973 0.00136415 0.0105528 0.0481424 0.12966 0.207249 0.201696 0.133614 0.0826508 0.0621216 0.0492498 0.0357271 0.021666 0.0104332 0.00405829 0.00129824 0.000332888 6.51362e-05 9.25138e-06 9.13158e-07 6.04652e-08
 1.5082e-11 1.63772e-09 1.04848e-07 3.95751e-06 8.80692e-05 0.00115552 0.00894004 0.0408106 0.110249 0.178784 0.185432 0.15165 0.128379 0.100483 0.0567931 0.0230506 0.00853554 0.00357676 0.0014568 0.000473746 0.000115163 2.05225e-05 2.61832e-06 2.31505e-07 1.37316e-08
 1.75575e-11 1.90654e-09 1.22058e-07 4.6071e-06 0.000102525 0.00134517 0.0104067 0.0474906 0.12809 0.206088 0.206262 0.149956 0.106216 0.075656 0.0425354 0.0176526 0.00590911 0.00170979 0.000440967 0.000106927 2.32732e-05 3.94376e-06 4.71352e-07 3.80749e-08 2.03378e-09
 1.55024e-11 1.68338e-09 1.07771e-07 4.06784e-06 9.05245e-05 0.00118775 0.00918967 0.0419556 0.113392 0.184114 0.191325 0.155605 0.128126 0.0964649 0.0521636 0.0193097 0.00542397 0.00131299 0.000278076 4.93188e-05 7.29488e-06 9.03885e-07 8.93995e-08 6.45982e-09 3.16242e-10
 1.62372e-11 1.76317e-09 1.12879e-07 4.26065e-06 9.48152e-05 0.00124404 0.00962519 0.0439418 0.118722 0.192411 0.198071 0.155855 0.121646 0.0882092 0.046867 0.0172252 0.00476513 0.00108386 0.0002008 2.91461e-05 3.31632e-06 2.97614e-07 2.07628e-08 1.09716e-09 4.23254e-11
 1.65384e-11 1.79587e-09 1.14973e-07 4.33968e-06 9.65742e-05 0.00126713 0.00980389 0.044759 0.120935 0.195954 0.201191 0.15626 0.118673 0.0840961 0.0443711 0.0165324 0.00471997 0.00110156 0.000203503 2.83078e-05 2.91938e-06 2.2174e-07 1.22444e-08 4.85582e-10 1.3688e-11
 1.609e-11 1.74719e-09 1.11857e-07 4.22204e-06 9.39566e-05 0.0012328 0.00953887 0.0435598 0.117812 0.191637 0.199432 0.159931 0.124996 0.0877935 0.0442576 0.0150652 0.00373954 0.000758056 0.00012871 1.72998e-05 1.74634e-06 1.27587e-07 6.54017e-09 2.29973e-10 5.46848e-12
 1.68567e-11 1.83044e-09 1.17186e-07 4.42322e-06 9.84335e-05 0.00129154 0.00999336 0.0456332 0.123382 0.200332 0.206597 0.160518 0.118769 0.0794696 0.0383573 0.0122712 0.00273498 0.000472752 6.7076e-05 7.58803e-06 6.59295e-07 4.30168e-08 2.04013e-09 6.75055e-11 1.50503e-12
 1.57441e-11 1.70963e-09 1.09452e-07 4.13128e-06 9.19374e-05 0.00120634 0.00933522 0.0426482 0.115531 0.188974 0.199923 0.165152 0.130409 0.0887286 0.0420113 0.012868 0.00265369 0.000406798 4.98702e-05 4.81521e-06 3.50735e-07 1.8924e-08 7.47081e-10 2.10699e-11 4.122e-13
 1.69702e-11 1.84277e-09 1.17976e-07 4.45302e-06 9.90973e-05 0.00130028 0.0100617 0.0459581 0.124373 0.20248 0.210055 0.163802 0.118824 0.0759867 0.0345732 0.010185 0.00198587 0.000279349 3.06465e-05 2.61382e-06 1.65476e-07 7.59185e-09 2.50606e-10 5.86682e-12 9.52752e-14
 1.64922e-11 1.79086e-09 1.14652e-07 4.32758e-06 9.63065e-05 0.00126369 0.00977953 0.0446842 0.121076 0.197969 0.208124 0.166844 0.12384 0.0789196 0.0351865 0.0100605 0.00187745 0.000247294 2.49167e-05 1.93649e-06 1.10899e-07 4.53453e-09 1.31123e-10 2.65158e-12 3.67889e-14
 1.32851e-11 1.4426e-09 9.23569e-08 3.48606e-06 7.75816e-05 0.00101811 0.00788268 0.0360825 0.0984521 0.16517 0.188413 0.178951 0.156083 0.105561 0.0468297 0.0129243 0.00225872 0.000267171 2.33912e-05 1.58395e-06 8.05559e-08 2.94873e-09 7.61365e-11 1.36868e-12 1.68107e-14
 1.47397e-11 1.60056e-09 1.0247e-07 3.86777e-06 8.6076e-05 0.00112956 0.00874461 0.0400077 0.108914 0.180982 0.199603 0.175746 0.141109 0.0908891 0.0395343 0.0109717 0.00199664 0.000255699 2.43572e-05 1.70346e-06 8.32342e-08 2.76546e-09 6.26958e-11 9.79383e-13 1.05021e-14
 1.51924e-11 1.64971e-09 1.05617e-07 3.98656e-06 8.87201e-05 0.00116428 0.00901381 0.0412436 0.112291 0.186465 0.204484 0.176376 0.13672 0.0850019 0.0357506 0.00953876 0.00164381 0.000195758 1.73415e-05 1.16177e-06 5.65533e-08 1.92095e-09 4.4541e-11 6.93362e-13 7.11693e-15
 1.51594e-11 1.64613e-09 1.05387e-07 3.97792e-06 8.8529e-05 0.00116182 0.00899592 0.0411782 0.112244 0.186957 0.206208 0.178429 0.136857 0.0832413 0.0341275 0.0088526 0.00147324 0.000167132 1.3862e-05 8.59164e-07 3.85283e-08 1.20721e-09 2.60545e-11 3.8414e-13 3.80937e-15
 1.41811e-11 1.5399e-09 9.85866e-08 3.72126e-06 8.28193e-05 0.00108699 0.00841939 0.0385828 0.105562 0.177856 0.202058 0.183468 0.145652 0.0891732 0.0365443 0.00961348 0.00167334 0.000205039 1.83903e-05 1.18592e-06 5.27624e-08 1.58366e-09 3.20114e-11 4.36067e-13 3.97077e-15
 1.4533e-11 1.57811e-09 1.01033e-07 3.81361e-06 8.48757e-05 0.00111402 0.00862955 0.0395541 0.108252 0.182316 0.206026 0.183604 0.141459 0.0843023 0.0339635 0.00890159 0.00157066 0.000198119 1.83853e-05 1.22567e-06 5.64999e-08 1.76091e-09 3.66838e-11 5.04565e-13 4.51464e-15
 1.55088e-11 1.68408e-09 1.07817e-07 4.06969e-06 9.05752e-05 0.00118883 0.00920851 0.0421951 0.115313 0.193022 0.213586 0.181373 0.131467 0.0746769 0.0290564 0.00738779 0.00126295 0.000154017 1.38648e-05 9.06035e-07 4.14647e-08 1.29599e-09 2.72158e-11 3.77733e-13 3.40582e-15
 1.55943e-11 1.69337e-09 1.08412e-07 4.09218e-06 9.10776e-05 0.0011955 0.00926186 0.0424605 0.116181 0.194971 0.216384 0.183094 0.130235 0.0717123 0.0268124 0.00645593 0.00101955 0.000111871 8.99341e-06 5.33209e-07 2.26253e-08 6.66374e-10 1.33377e-11 1.78075e-13 1.55659e-15
 1.4973e-11 1.6259e-09 1.04093e-07 3.9292e-06 8.74544e-05 0.00114809 0.00889831 0.0408437 0.112149 0.189962 0.215141 0.187186 0.135201 0.0741647 0.0274605 0.00658369 0.00104514 0.000115448 9.16769e-06 5.18586e-07 2.03138e-08 5.41103e-10 9.73807e-12 1.17598e-13 9.40563e-16
 1.68447e-11 1.82915e-09 1.17105e-07 4.42035e-06 9.83834e-05 0.00129144 0.0100055 0.0458628 0.125324 0.208916 0.226111 0.17957 0.116563 0.059333 0.0210929 0.00495399 0.00077959 8.58535e-05 6.7882e-06 3.80246e-07 1.46478e-08 3.79767e-10 6.54611e-12 7.42241e-14 5.47114e-16
 1.48743e-11 1.61519e-09 1.03409e-07 3.9035e-06 8.689e-05 0.00114097 0.00884895 0.0406882 0.1122 0.19176 0.219935 0.191625 0.134354 0.0695869 0.0238493 0.00514921 0.000703834 6.35493e-05 4.0318e-06 1.87804e-07 6.39925e-09 1.54009e-10 2.52557e-12 2.74638e-14 1.94033e-16
 1.61816e-11 1.75715e-09 1.12497e-07 4.24657e-06 9.45249e-05 0.00124114 0.00962326 0.0442032 0.121447 0.20508 0.22755 0.185962 0.121015 0.0593033 0.0196735 0.00417968 0.000568979 5.13293e-05 3.19145e-06 1.38855e-07 4.16803e-09 8.4583e-11 1.15067e-12 1.04984e-14 6.40702e-17
 1.31999e-11 1.43339e-09 9.17718e-08 3.46453e-06 7.71372e-05 0.00101358 0.0078757 0.0363966 0.101695 0.179288 0.2179 0.202913 0.146745 0.0751221 0.0249785 0.00522975 0.00069765 6.15336e-05 3.73412e-06 1.58357e-07 4.62436e-09 9.07012e-11 1.17371e-12 9.92001e-15 5.4335e-17
 1.67489e-11 1.81876e-09 1.16443e-07 4.39563e-06 9.78496e-05 0.001285 0.00996669 0.0458087 0.125939 0.212389 0.233156 0.184303 0.113434 0.0526345 0.0168712 0.00356248 0.000497393 4.71081e-05 3.07057e-06 1.36263e-07 4.02378e-09 7.77318e-11 9.75436e-13 7.9278e-15 4.15283e-17
 1.44555e-11 1.56974e-09 1.00504e-07 3.79431e-06 8.44871e-05 0.00111034 0.00862943 0.0398777 0.11119 0.194018 0.228225 0.198909 0.13216 0.0623693 0.019221 0.00371408 0.000450128 3.52593e-05 1.87309e-06 7.0373e-08 1.88496e-09 3.50848e-11 4.38067e-13 3.56521e-15 1.85379e-17
 1.13437e-11 1.23186e-09 7.88772e-08 2.9785e-06 6.63599e-05 0.000873457 0.00681616 0.0318339 0.0911303 0.168629 0.219942 0.21645 0.156929 0.0773148 0.0244404 0.00488749 0.000628192 5.33641e-05 3.05505e-06 1.17656e-07 2.99873e-09 4.98583e-11 5.38617e-13 3.79326e-15 1.74563e-17
#pred catch len freq
 1.22002e-11 1.3248e-09 8.48147e-08 3.20133e-06 7.12412e-05 0.000934725 0.00723166 0.0330108 0.0891814 0.144802 0.151735 0.130091 0.121303 0.107404 0.0755085 0.0468884 0.0295751 0.0189696 0.012515 0.00872274 0.0065499 0.0053776 0.00458753 0.00350397 0.00203376
 8.44351e-12 9.16864e-10 5.86985e-08 2.21558e-06 4.93051e-05 0.000646939 0.00500626 0.0228783 0.0621625 0.103793 0.122106 0.138244 0.164557 0.155335 0.103458 0.0553896 0.0290645 0.0156114 0.00852002 0.00485591 0.00297985 0.00204248 0.00154022 0.00111553 0.000643419
 1.10279e-11 1.19749e-09 7.66647e-08 2.89371e-06 6.43957e-05 0.000844916 0.00653716 0.0298481 0.0807405 0.13193 0.14215 0.131819 0.134264 0.12469 0.0913461 0.0584446 0.0344841 0.0175849 0.00799278 0.0035919 0.0016999 0.000892069 0.000539274 0.000344145 0.000188826
 1.50344e-11 1.63256e-09 1.04518e-07 3.94503e-06 8.7791e-05 0.00115186 0.0089111 0.040667 0.109728 0.177054 0.180343 0.141398 0.116756 0.0955285 0.0613553 0.032549 0.0172064 0.00926174 0.00463943 0.0020353 0.000793125 0.000304313 0.000130714 6.47602e-05 3.12911e-05
 1.53067e-11 1.66212e-09 1.06411e-07 4.01647e-06 8.93809e-05 0.00117272 0.00907254 0.0414048 0.111732 0.180399 0.184266 0.145736 0.12139 0.0981738 0.0595654 0.0272478 0.0113741 0.0048482 0.00208816 0.000895588 0.000357024 0.000124568 3.97974e-05 1.33867e-05 4.90823e-06
 1.55786e-11 1.69165e-09 1.08301e-07 4.08781e-06 9.09684e-05 0.00119355 0.00923362 0.0421388 0.113698 0.183449 0.186802 0.146241 0.12004 0.0963078 0.058123 0.026211 0.0104428 0.00396235 0.00138002 0.000459511 0.000153631 4.98745e-05 1.4635e-05 3.82752e-06 9.6514e-07
 1.51119e-11 1.64098e-09 1.05057e-07 3.96537e-06 8.82438e-05 0.0011578 0.0089572 0.04088 0.110339 0.178335 0.183021 0.146965 0.124901 0.10165 0.0610283 0.026873 0.0102955 0.00376021 0.00124299 0.000368252 9.97994e-05 2.53218e-05 6.14679e-06 1.38368e-06 2.76429e-07
 1.5799e-11 1.71558e-09 1.09833e-07 4.14565e-06 9.22554e-05 0.00121043 0.0093642 0.0427338 0.115291 0.185917 0.188834 0.14658 0.118802 0.0945618 0.0566493 0.0251391 0.00972519 0.00353449 0.00113691 0.000321704 8.11069e-05 1.79622e-05 3.50624e-06 6.16864e-07 9.82969e-08
 1.61036e-11 1.74866e-09 1.11951e-07 4.22558e-06 9.40342e-05 0.00123377 0.00954468 0.0435561 0.117491 0.189315 0.191583 0.146882 0.116813 0.0918791 0.0544734 0.0236771 0.00888737 0.00317102 0.00101819 0.000287435 7.09757e-05 1.497e-05 2.66538e-06 3.99102e-07 5.04803e-08
 1.65062e-11 1.79238e-09 1.1475e-07 4.33123e-06 9.63853e-05 0.00126461 0.00978324 0.0446429 0.120397 0.193797 0.195172 0.147157 0.114002 0.088234 0.0517027 0.0219634 0.00792456 0.00271514 0.000842548 0.00023141 5.62775e-05 1.17469e-05 2.04124e-06 2.88649e-07 3.26893e-08
 1.68833e-11 1.83332e-09 1.17371e-07 4.43017e-06 9.85869e-05 0.0012935 0.0100066 0.0456606 0.12312 0.198003 0.198573 0.147525 0.111538 0.0849308 0.0490562 0.0201991 0.00688693 0.00222478 0.000657608 0.000172273 4.01257e-05 8.10206e-06 1.37635e-06 1.90871e-07 2.09127e-08
 1.64907e-11 1.79069e-09 1.14642e-07 4.32715e-06 9.62946e-05 0.00126342 0.00977406 0.0446016 0.120294 0.193695 0.195368 0.148069 0.115525 0.0893456 0.0514961 0.0208037 0.0068086 0.00208888 0.000584426 0.000143704 3.14237e-05 6.00195e-06 9.72208e-07 1.29857e-07 1.38312e-08
 1.7315e-11 1.8802e-09 1.20372e-07 4.54345e-06 0.000101108 0.00132657 0.0102624 0.0468256 0.126232 0.202773 0.202251 0.147355 0.107815 0.0805569 0.0462913 0.0190241 0.00643686 0.00202066 0.000559158 0.000131862 2.71774e-05 4.85786e-06 7.35654e-07 9.24245e-08 9.35445e-09
 1.61383e-11 1.75243e-09 1.12192e-07 4.23469e-06 9.42371e-05 0.00123643 0.00956531 0.043651 0.117756 0.189825 0.192475 0.148512 0.119031 0.0932464 0.0536741 0.0213832 0.00679901 0.00202496 0.000555583 0.00013314 2.75644e-05 4.79893e-06 6.89273e-07 8.1042e-08 7.66109e-09
 1.56143e-11 1.69552e-09 1.08549e-07 4.09718e-06 9.11769e-05 0.00119628 0.00925485 0.0422371 0.113982 0.18406 0.188131 0.149053 0.124071 0.0989467 0.0569943 0.0224341 0.00692161 0.00196916 0.000510831 0.000115124 2.28645e-05 3.94164e-06 5.65504e-07 6.52436e-08 5.90269e-09
 1.69376e-11 1.83922e-09 1.17748e-07 4.44442e-06 9.89041e-05 0.00129766 0.0100388 0.0458076 0.123517 0.198646 0.19924 0.148069 0.111939 0.0849877 0.0485412 0.0193227 0.00612263 0.00178265 0.000460979 0.00010061 1.89456e-05 3.07538e-06 4.19989e-07 4.71688e-08 4.21235e-09
 1.70626e-11 1.85279e-09 1.18617e-07 4.47721e-06 9.96339e-05 0.00130723 0.0101129 0.046145 0.124421 0.200054 0.200431 0.148365 0.111382 0.0840499 0.047555 0.0184629 0.00556521 0.00154412 0.000394491 8.73078e-05 1.66062e-05 2.65399e-06 3.47485e-07 3.69248e-08 3.13405e-09
 1.64176e-11 1.78275e-09 1.14133e-07 4.30796e-06 9.58676e-05 0.00125782 0.00973076 0.0444049 0.119775 0.192959 0.195088 0.149042 0.117599 0.0910626 0.0516093 0.0197172 0.0057059 0.00149463 0.000361138 7.57755e-05 1.38701e-05 2.19321e-06 2.87842e-07 3.03164e-08 2.49496e-09
 1.70009e-11 1.8461e-09 1.18189e-07 4.46104e-06 9.9274e-05 0.00130251 0.0100764 0.0459789 0.123978 0.199383 0.199955 0.148526 0.112126 0.08483 0.0479265 0.018469 0.0054555 0.00145565 0.00034892 7.03616e-05 1.21373e-05 1.80761e-06 2.26372e-07 2.32302e-08 1.89291e-09
 1.74064e-11 1.89012e-09 1.21008e-07 4.56743e-06 0.000101642 0.00133357 0.0103166 0.0470729 0.1269 0.203859 0.203393 0.148317 0.108548 0.0806394 0.0452829 0.017373 0.00509674 0.00135412 0.000326777 6.69059e-05 1.16215e-05 1.69741e-06 2.02955e-07 1.96584e-08 1.52182e-09
 1.74142e-11 1.89098e-09 1.21062e-07 4.56949e-06 0.000101687 0.00133417 0.0103212 0.0470942 0.12696 0.20397 0.203573 0.148626 0.108956 0.0808702 0.0450891 0.0169026 0.00469914 0.00116494 0.000268731 5.39617e-05 9.33148e-06 1.37095e-06 1.64863e-07 1.58127e-08 1.18466e-09
 1.73235e-11 1.88112e-09 1.20431e-07 4.54568e-06 0.000101157 0.00132722 0.0102675 0.0468493 0.126305 0.202961 0.202769 0.148577 0.109611 0.0817178 0.045736 0.017296 0.00489832 0.0012346 0.000281468 5.39951e-05 8.80828e-06 1.241e-06 1.46532e-07 1.40144e-08 1.05142e-09
 1.80199e-11 1.95675e-09 1.25273e-07 4.72842e-06 0.000105224 0.00138057 0.01068 0.0487283 0.131321 0.210622 0.208543 0.147861 0.102925 0.0741701 0.0413668 0.0159321 0.00472445 0.00126359 0.000300695 5.9212e-05 9.74039e-06 1.34424e-06 1.51763e-07 1.38485e-08 1.00725e-09
 1.77675e-11 1.92934e-09 1.23518e-07 4.66219e-06 0.00010375 0.00136124 0.0105305 0.0480476 0.129507 0.207877 0.206601 0.148535 0.105976 0.07731 0.042747 0.0158202 0.00427343 0.00101996 0.000230526 4.61847e-05 7.9475e-06 1.13999e-06 1.31172e-07 1.19025e-08 8.40777e-10
 1.78404e-11 1.93725e-09 1.24025e-07 4.68131e-06 0.000104176 0.00136682 0.0105737 0.0482443 0.130033 0.208687 0.207246 0.148572 0.105447 0.0766386 0.0422537 0.0155301 0.00411412 0.000942252 0.000199203 3.63163e-05 5.69754e-06 7.84537e-07 9.14974e-08 8.59015e-09 6.22872e-10
 1.80992e-11 1.96536e-09 1.25824e-07 4.74924e-06 0.000105687 0.00138665 0.010727 0.0489426 0.131896 0.211528 0.209356 0.148206 0.102811 0.073737 0.0406819 0.0151723 0.00417344 0.00100656 0.000218863 3.95103e-05 5.91871e-06 7.54253e-07 8.05319e-08 7.08653e-09 5.03749e-10
 1.78568e-11 1.93904e-09 1.24139e-07 4.68563e-06 0.000104272 0.00136808 0.0105834 0.0482888 0.130153 0.208878 0.207429 0.148683 0.105484 0.0765855 0.042087 0.0153096 0.00395082 0.000871101 0.000180173 3.27677e-05 5.06313e-06 6.54721e-07 6.83857e-08 5.67971e-09 3.73732e-10
 1.83506e-11 1.99266e-09 1.27572e-07 4.8152e-06 0.000107155 0.00140591 0.010876 0.049621 0.133709 0.21431 0.211522 0.148172 0.100739 0.0712362 0.0390032 0.0143587 0.00383069 0.00088232 0.000184079 3.2048e-05 4.63607e-06 5.76393e-07 6.02604e-08 5.07363e-09 3.32216e-10
 1.71349e-11 1.86065e-09 1.1912e-07 4.4962e-06 0.000100056 0.00131278 0.0101558 0.046341 0.124952 0.20093 0.201413 0.149343 0.112291 0.0843281 0.0466532 0.0168405 0.00423325 0.000890174 0.000175223 3.04457e-05 4.48307e-06 5.53772e-07 5.55987e-08 4.46681e-09 2.8531e-10
#obs catch len freq
 1.17475e-11 1.27565e-09 8.16679e-08 3.08256e-06 6.85982e-05 0.00090005 0.00696353 0.0317901 0.0859273 0.139878 0.148311 0.13186 0.129338 0.119678 0.0880154 0.0553831 0.0323222 0.0170679 0.00794812 0.00318537 0.00104285 0.000262412 4.79937e-05 6.08365e-06 5.14398e-07
 1.18388e-11 1.28556e-09 8.23024e-08 3.10651e-06 6.91313e-05 0.00090705 0.00701786 0.0320418 0.0866511 0.141348 0.150949 0.136094 0.133887 0.12159 0.0860628 0.0512701 0.0283843 0.0142881 0.00625451 0.00230778 0.000687732 0.000157077 2.60583e-05 2.99379e-06 2.29357e-07
 6.09069e-12 6.61377e-10 4.23419e-08 1.59821e-06 3.55667e-05 0.000466708 0.00361277 0.0165363 0.0452657 0.0780857 0.102442 0.137901 0.180556 0.176913 0.123988 0.070528 0.0365266 0.0170692 0.00691943 0.00235573 0.000641881 0.000132701 1.98225e-05 2.0495e-06 1.415e-07
 1.76928e-11 1.92123e-09 1.22999e-07 4.64259e-06 0.000103314 0.00135551 0.010486 0.0478397 0.128865 0.206111 0.201072 0.134174 0.0839518 0.0633432 0.0500051 0.0358609 0.0213666 0.0100832 0.00383149 0.00118964 0.000293609 5.48268e-05 7.37338e-06 6.84535e-07 4.24031e-08
 1.50752e-11 1.63699e-09 1.04802e-07 3.95575e-06 8.803e-05 0.00115501 0.0089363 0.0407972 0.11025 0.179007 0.186325 0.153133 0.129133 0.0997169 0.0555806 0.0223511 0.0082337 0.00340099 0.00134731 0.000422963 9.86702e-05 1.67597e-05 2.02354e-06 1.68237e-07 9.33438e-09
 1.76228e-11 1.91363e-09 1.22512e-07 4.62423e-06 0.000102906 0.00135018 0.0104455 0.0476704 0.128599 0.207034 0.207523 0.151013 0.106169 0.0744236 0.0411881 0.0168477 0.00554443 0.00157164 0.000396754 9.3586e-05 1.95592e-05 3.1507e-06 3.55708e-07 2.70028e-08 1.34923e-09
 1.56552e-11 1.69997e-09 1.08834e-07 4.10794e-06 9.1417e-05 0.00119946 0.00928052 0.0423735 0.114549 0.186119 0.193587 0.156939 0.127321 0.0939593 0.0499012 0.0181772 0.00501775 0.00118688 0.000244219 4.19247e-05 5.97296e-06 7.06901e-07 6.6127e-08 4.48571e-09 2.05212e-10
 1.63674e-11 1.77731e-09 1.13785e-07 4.29482e-06 9.55759e-05 0.00125403 0.00970267 0.0442989 0.119718 0.194165 0.200112 0.157119 0.120968 0.0859673 0.0448303 0.0161955 0.00439329 0.000973649 0.000174814 2.45017e-05 2.67868e-06 2.29493e-07 1.51805e-08 7.55134e-10 2.72378e-11
 1.67332e-11 1.81702e-09 1.16328e-07 4.3908e-06 9.77118e-05 0.00128206 0.00991962 0.0452904 0.122396 0.198411 0.203727 0.157377 0.117354 0.0812589 0.0420291 0.0153792 0.00429862 0.0009755 0.000174287 2.33551e-05 2.3094e-06 1.67286e-07 8.7631e-09 3.27886e-10 8.67048e-12
 1.63366e-11 1.77396e-09 1.1357e-07 4.28674e-06 9.53964e-05 0.0012517 0.00968534 0.0442319 0.119654 0.194697 0.202459 0.161006 0.123064 0.084253 0.0415611 0.0138751 0.00337213 0.000665064 0.000109111 1.40996e-05 1.36164e-06 9.47035e-08 4.60105e-09 1.52711e-10 3.41364e-12
 1.71079e-11 1.85772e-09 1.18933e-07 4.48914e-06 9.99008e-05 0.0013108 0.0101426 0.046318 0.125256 0.203423 0.20957 0.161396 0.116638 0.0759173 0.0357922 0.011213 0.00244408 0.00041073 5.62577e-05 6.11469e-06 5.08126e-07 3.15308e-08 1.41481e-09 4.41129e-11 9.23745e-13
 1.6039e-11 1.74165e-09 1.11502e-07 4.20866e-06 9.36597e-05 0.00122895 0.00951048 0.0434528 0.117736 0.192616 0.20341 0.166103 0.127784 0.0845247 0.0390709 0.011709 0.00235967 0.000351491 4.15509e-05 3.849e-06 2.6797e-07 1.37526e-08 5.13658e-10 1.36414e-11 2.50324e-13
 1.72456e-11 1.87267e-09 1.1989e-07 4.52529e-06 0.000100706 0.0013214 0.0102254 0.0467094 0.126429 0.205858 0.213214 0.164507 0.116258 0.0721454 0.0319943 0.00921116 0.00175368 0.000239585 2.53254e-05 2.06972e-06 1.25144e-07 5.46107e-09 1.70601e-10 3.76228e-12 5.73345e-14
 1.67939e-11 1.82362e-09 1.1675e-07 4.40676e-06 9.80688e-05 0.00128683 0.00995893 0.0455082 0.123333 0.201676 0.211557 0.167514 0.120928 0.0747319 0.0324572 0.00906311 0.0016504 0.000211028 2.0473e-05 1.52285e-06 8.32075e-08 3.23483e-09 8.85296e-11 1.68698e-12 2.19783e-14
 1.36347e-11 1.48057e-09 9.47874e-08 3.57781e-06 7.9624e-05 0.00104494 0.00809094 0.0370425 0.101109 0.169644 0.192779 0.180054 0.152573 0.100272 0.043374 0.0116899 0.00199338 0.000229037 1.93175e-05 1.25055e-06 6.05704e-08 2.10555e-09 5.14243e-11 8.70824e-13 1.00424e-14
 1.50779e-11 1.63729e-09 1.04821e-07 3.95653e-06 8.80519e-05 0.00115551 0.00894608 0.0409359 0.111476 0.185249 0.203628 0.176527 0.137653 0.0860293 0.0364496 0.00986994 0.00174946 0.000216923 1.98497e-05 1.32696e-06 6.18492e-08 1.95518e-09 4.19842e-11 6.17946e-13 6.21716e-15
 1.5526e-11 1.68594e-09 1.07936e-07 4.07411e-06 9.06693e-05 0.00118989 0.00921266 0.0421604 0.114823 0.190674 0.208391 0.176983 0.133187 0.0802688 0.0328538 0.00854721 0.00143434 0.000165421 1.4071e-05 8.99194e-07 4.16202e-08 1.34072e-09 2.93848e-11 4.31044e-13 4.1593e-15
 1.54861e-11 1.68162e-09 1.07659e-07 4.06369e-06 9.04385e-05 0.00118691 0.00919091 0.0420788 0.11474 0.191126 0.210079 0.178972 0.133278 0.0785665 0.031332 0.00792037 0.00128286 0.000140881 1.12153e-05 6.62642e-07 2.82338e-08 8.38279e-10 1.70776e-11 2.36705e-13 2.20008e-15
 1.45212e-11 1.57684e-09 1.00951e-07 3.81054e-06 8.48074e-05 0.00111313 0.00862272 0.0395244 0.108186 0.182282 0.206218 0.184077 0.141846 0.0842174 0.0335793 0.00860365 0.00145468 0.000171982 1.47697e-05 9.07826e-07 3.84115e-08 1.09336e-09 2.08711e-11 2.67316e-13 2.28086e-15
 1.48697e-11 1.61468e-09 1.03374e-07 3.90201e-06 8.68444e-05 0.00113991 0.00883105 0.0404881 0.110858 0.1867 0.210081 0.184063 0.137628 0.0794961 0.0311419 0.00794325 0.00135946 0.000165133 1.46483e-05 9.29419e-07 4.06659e-08 1.19923e-09 2.35551e-11 3.04558e-13 2.5559e-15
 1.58341e-11 1.71941e-09 1.10079e-07 4.1551e-06 9.24774e-05 0.00121384 0.00940327 0.0430978 0.117825 0.19721 0.217334 0.181573 0.127703 0.0702194 0.0265362 0.00656058 0.00108708 0.000127565 1.09646e-05 6.80804e-07 2.9512e-08 8.70828e-10 1.72055e-11 2.24039e-13 1.89122e-15
 1.59141e-11 1.72809e-09 1.10635e-07 4.17613e-06 9.29478e-05 0.0012201 0.00945363 0.043351 0.118666 0.199119 0.220051 0.183155 0.126399 0.067348 0.0244428 0.00572111 0.000876127 9.25838e-05 7.10552e-06 3.99627e-07 1.60277e-08 4.44781e-10 8.35979e-12 1.04506e-13 8.53443e-16
 1.53022e-11 1.66165e-09 1.06382e-07 4.01565e-06 8.93806e-05 0.00117346 0.00909624 0.0417655 0.114734 0.1943 0.218976 0.187204 0.131157 0.0696423 0.0250297 0.0058294 0.000896008 9.51509e-05 7.20792e-06 3.87015e-07 1.43461e-08 3.60379e-10 6.09023e-12 6.87875e-14 5.13077e-16
 1.71446e-11 1.86171e-09 1.1919e-07 4.49908e-06 0.000100138 0.00131453 0.0101856 0.0466998 0.127654 0.212744 0.229311 0.179303 0.112937 0.0555301 0.0191223 0.00435601 0.000662712 7.00523e-05 5.27667e-06 2.80244e-07 1.02054e-08 2.49362e-10 4.03697e-12 4.28563e-14 2.95016e-16
 1.52094e-11 1.65158e-09 1.05739e-07 3.99152e-06 8.88524e-05 0.00116683 0.00905135 0.0416346 0.114865 0.196213 0.223716 0.191282 0.129999 0.0651297 0.0216509 0.00454078 0.000601912 5.2398e-05 3.17409e-06 1.39808e-07 4.47921e-09 1.01103e-10 1.5521e-12 1.57719e-14 1.03955e-16
 1.64908e-11 1.79073e-09 1.14648e-07 4.3278e-06 9.63364e-05 0.00126502 0.00981016 0.0450765 0.123896 0.209118 0.230842 0.185444 0.117036 0.0554108 0.0178037 0.00366905 0.000483545 4.1982e-05 2.49154e-06 1.02769e-07 2.91353e-09 5.56875e-11 7.10711e-13 6.05301e-15 3.43337e-17
 1.35449e-11 1.47085e-09 9.41715e-08 3.55522e-06 7.91617e-05 0.00104035 0.00808628 0.0373919 0.104544 0.184135 0.22204 0.202449 0.141925 0.0703509 0.0226949 0.00461188 0.000595494 5.05145e-05 2.92313e-06 1.17379e-07 3.23338e-09 5.96931e-11 7.25274e-13 5.73843e-15 2.93403e-17
 1.70454e-11 1.85096e-09 1.18505e-07 4.47357e-06 9.95888e-05 0.00130796 0.0101467 0.0466521 0.128304 0.216245 0.236156 0.183583 0.109621 0.0490993 0.0152152 0.00310787 0.000418323 3.79418e-05 2.35243e-06 9.88735e-08 2.7586e-09 5.0226e-11 5.92056e-13 4.50379e-15 2.20144e-17
 1.47838e-11 1.60539e-09 1.02788e-07 3.88068e-06 8.64168e-05 0.00113589 0.00883098 0.0408321 0.113913 0.198558 0.231824 0.198019 0.127538 0.0582069 0.0173808 0.00325768 0.000382308 2.88358e-05 1.46095e-06 5.17981e-08 1.30021e-09 2.2621e-11 2.63833e-13 2.0047e-15 9.72466e-18
#spawning biomass
 7606 7845.57 6051.69 6189.1 9557.22 14639.8 20308.1 27841.6 41825.5 61922.9 88875.3 121308 180077 230109 196103 182153 198876 186485 171429 181381 181968 196908 250479 269453 266291 302949 292038 310019 247080 172352 235511 125526 62264.1 34304.1 23429.3 19526.3 18199.3 17765.1 17626.9 17583.8 17570.5 17566.5 17565.3 17564.9 17564.8 17564.8 17564.8 17564.8 17564.8 17564.8 17564.8 17564.8 17564.8 17564.8 17564.8 17564.8 17564.8 17564.8 17564.8 17564.8 17564.8 17564.8 17564.8 17564.8 17564.8 17564.8 17564.8 17564.8 17564.8 17564.8 17564.8 17564.8 17564.8 17564.8 17564.8 17564.8 17564.8 17564.8 17564.8 17564.8 17564.8 17564.8 17564.8 17564.8 17564.8 17564.8 17564.8 17564.8 17564.8 17564.8 17564.8 17564.8 17564.8 17564.8 17564.8 17564.8 17564.8 17564.8 17564.8 17564.8 17564.8 17564.8 17564.8 17564.8 17564.8 17564.8 17564.8 17564.8 17564.8 17564.8 17564.8 17564.8 17564.8 17564.8 17564.8 17564.8 17564.8 17564.8 17564.8 17564.8 17564.8 17564.8 17564.8 17564.8 17564.8 17564.8 17564.8 17564.8 17564.8 0 0 0 0 0 0 0 0 0 0 0 0 0 0 0 0 0 0 0 0 0 0 0 0 0
