SBPRF35
0.178135
Curr Bio
196682
B35
471313
F35
0.56127
FOFL
0.254337
OFL
40337.9
Bzero
50895.7
#pred survey bio
 29771.1 35833.3 27933.8 17408 29607.8 46999.7 80433.5 113636 147219 175404 179081 192221 221541 230333 209990 219461 193991 193905 199160 188837 210617 234542 209606 197363 174783 197987 207241 197485 7.93177e+06 6.52288e+06 4.27651e+06 2.51544e+06 1.49343e+06 963083 699266 568016 500938 465261 445495 434165 427510 423537 421140 419662 418781 418253 417936 417746 417631 417561 417520 417494 417479 417470 417464 417461 417459 417458 417457 417457 417456 417456 417456 417456 417456 417456 417456 417456 417456 417456 417456 417456 417456 417456 417456 417456 417456 417456 417456 417456 417456 417456 417456 417456 417456 417456 417456 417456 417456 417456 417456 417456 417456 417456 417456 417456 417456 417456 417456 417456 417456 417456 417456 417456 417456 417456 417456 417456 417456 417456 417456 417456 417456 417456 417456 417456 417456 417456 417456 417456 417456 417456 417456 417456 417456 417456 417456 417456 0 0 0 0 0 0 0 0 0 0 0 0 0 0 0 0 0 0 0 0 0 0 0 0 0
#obs survey bio
 25598.7 17364.7 19478 14568.7 32920.2 56953.9 105042 133801 110428 157325 136982 214032 283422 184772 197393 231686 212631 211622 219480 140683 214705 170485 197784 236077 251212 249098 224098 189240
#pred catch bio
 9504.99 14417.4 14529.9 8113.45 17298.9 25358.8 50601.3 76179.5 100014 128814 142552 157473 184139 204875 190818 215446 185449 184906 202447 198903 228389 266702 243308 237244 205740 237035 255739 220259 40337.9 105739 63549.1 34297.2 18654.7 11371.6 8258.43 7001.38 6513.61 6329.68 6261.78 6237.1 6228.24 6225.09 6223.98 6223.58 6223.45 6223.4 6223.38 6223.38 6223.38 6223.38 6223.38 6223.38 6223.38 6223.38 6223.38 6223.38 6223.38 6223.38 6223.38 6223.38 6223.38 6223.38 6223.38 6223.38 6223.38 6223.38 6223.38 6223.38 6223.38 6223.38 6223.38 6223.38 6223.38 6223.38 6223.38 6223.38 6223.38 6223.38 6223.38 6223.38 6223.38 6223.38 6223.38 6223.38 6223.38 6223.38 6223.38 6223.38 6223.38 6223.38 6223.38 6223.38 6223.38 6223.38 6223.38 6223.38 6223.38 6223.38 6223.38 6223.38 6223.38 6223.38 6223.38 6223.38 6223.38 6223.38 6223.38 6223.38 6223.38 6223.38 6223.38 6223.38 6223.38 6223.38 6223.38 6223.38 6223.38 6223.38 6223.38 6223.38 6223.38 6223.38 6223.38 6223.38 6223.38 6223.38 6223.38 6223.38 0 0 0 0 0 0 0 0 0 0 0 0 0 0 0 0 0 0 0 0 0 0 0 0 0
#obs catch bio
 16693.7 16491.7 17409.8 8686.33 17862.7 24800.7 45628.2 72090.8 105235 134947 152147 152789 167557 198932 196386 220530 180416 163707 186771 201100 217297 267112 237140 211709 175505 219214 226334 213252
#pred cpue bio
 29462.1 35815.2 28058.2 17215 28833.5 46251 78803.7 111657 144428 172642 175963 187753 216493 225565 204930 213536 188601 188587 193562 182814 203098 226085 201808 189585 167591 189913 198599 188931 7.65539e+06 6.65142e+06 4.27857e+06 2.5142e+06 1.49212e+06 961771 697953 566703 499626 463949 444183 432853 426197 422225 419828 418349 417468 416941 416624 416433 416318 416249 416207 416182 416167 416157 416152 416148 416146 416145 416144 416144 416144 416144 416143 416143 416143 416143 416143 416143 416143 416143 416143 416143 416143 416143 416143 416143 416143 416143 416143 416143 416143 416143 416143 416143 416143 416143 416143 416143 416143 416143 416143 416143 416143 416143 416143 416143 416143 416143 416143 416143 416143 416143 416143 416143 416143 416143 416143 416143 416143 416143 416143 416143 416143 416143 416143 416143 416143 416143 416143 416143 416143 416143 416143 416143 416143 416143 416143 416143 0 0 0 0 0 0 0 0 0 0 0 0 0 0 0 0 0 0 0 0 0 0 0 0 0
#obs cpue bio
 31034.8 22877.6 23910.5 20151 27347.4 49885.8 116709 98101.3 119945 170641 182922 216697 267331 288204 179259 196398 195456 302929 231683 214252 254129 308270 236858 261531 215749 199076 309496 210794
#pred surv len freq
 1.54168e-11 1.67335e-09 1.07094e-07 4.04139e-06 8.9926e-05 0.00117987 0.00912874 0.0416657 0.112403 0.180986 0.182263 0.137353 0.10706 0.0859509 0.0568357 0.0324825 0.0187727 0.0112165 0.00697075 0.00463465 0.0033589 0.00268803 0.0022568 0.00171011 0.000989451
 1.09783e-11 1.19159e-09 7.62618e-08 2.87789e-06 6.40369e-05 0.000840215 0.00650164 0.0296946 0.0803775 0.131594 0.142772 0.134598 0.13872 0.127343 0.0891537 0.053163 0.0303112 0.0160896 0.00812957 0.00424079 0.00241528 0.00156701 0.00114209 0.000813341 0.000465882
 6.34909e-12 6.89133e-10 4.41045e-08 1.66437e-06 3.70348e-05 0.000485947 0.00376111 0.017197 0.0468114 0.0787547 0.0952842 0.114262 0.144392 0.149652 0.123695 0.0928091 0.0629768 0.0361968 0.0181168 0.00828655 0.00365976 0.00173689 0.000969573 0.000593175 0.00031996
 1.49178e-11 1.61918e-09 1.03627e-07 3.91058e-06 8.70151e-05 0.00114167 0.0088328 0.0403063 0.108618 0.173942 0.170729 0.117359 0.079692 0.0666889 0.0608785 0.0557322 0.0461859 0.0328584 0.0199096 0.0100546 0.00427458 0.00163735 0.000643969 0.000290066 0.000133421
 1.99529e-11 2.1657e-09 1.38604e-07 5.23049e-06 0.000116385 0.001527 0.0118137 0.0539008 0.145143 0.231538 0.222974 0.14119 0.0766047 0.0462349 0.0268472 0.0143958 0.00921974 0.00715769 0.0053324 0.00333135 0.00167262 0.000672051 0.000226718 7.27338e-05 2.44381e-05
 1.725e-11 1.87232e-09 1.19828e-07 4.52194e-06 0.000100619 0.00132016 0.010214 0.0466151 0.125702 0.201966 0.201338 0.146209 0.106389 0.0795083 0.0462756 0.0198571 0.00756115 0.0031675 0.00165422 0.00104159 0.000623444 0.000300131 0.000110998 3.24516e-05 8.20412e-06
 1.83218e-11 1.98865e-09 1.27274e-07 4.80291e-06 0.000106871 0.00140218 0.0108483 0.0495034 0.1334 0.213608 0.209518 0.143155 0.0931841 0.0662417 0.0411147 0.0213534 0.0101191 0.00415552 0.00142931 0.000488285 0.000207198 0.000100181 4.24008e-05 1.36827e-05 3.31271e-06
 1.75981e-11 1.9101e-09 1.22246e-07 4.6132e-06 0.000102649 0.0013468 0.01042 0.0475529 0.128198 0.205708 0.203807 0.144699 0.101314 0.0746967 0.0449049 0.0213064 0.009422 0.00410326 0.00162851 0.000554862 0.000161973 4.66865e-05 1.54321e-05 5.04377e-06 1.30709e-06
 1.80012e-11 1.95386e-09 1.25046e-07 4.71886e-06 0.000105001 0.00137765 0.0106586 0.0486396 0.131099 0.210137 0.207125 0.144216 0.0973593 0.070367 0.0426321 0.0208035 0.00935303 0.00393091 0.00147732 0.000506781 0.000155726 4.0674e-05 9.2412e-06 2.0613e-06 4.59898e-07
 1.71266e-11 1.85893e-09 1.18971e-07 4.48961e-06 9.98993e-05 0.00131072 0.010141 0.0462815 0.124799 0.200485 0.199723 0.144713 0.105146 0.0794099 0.0482028 0.0229992 0.0100875 0.00423364 0.00160554 0.000543346 0.000162038 4.18363e-05 9.14931e-06 1.66935e-06 2.64806e-07
 1.75803e-11 1.90817e-09 1.22122e-07 4.60852e-06 0.000102545 0.00134543 0.0104094 0.0475045 0.128064 0.205473 0.203476 0.144219 0.100749 0.0744884 0.0454307 0.0222104 0.0100056 0.00421264 0.00157259 0.000525729 0.000156168 3.98719e-05 8.52595e-06 1.49274e-06 2.10192e-07
 1.90896e-11 2.07199e-09 1.32607e-07 5.00419e-06 0.000111349 0.00146094 0.0113028 0.0515752 0.138952 0.222247 0.2168 0.144874 0.0896087 0.0603759 0.0351069 0.0162537 0.00690474 0.0028438 0.00107285 0.000362469 0.000107159 2.7058e-05 5.7259e-06 9.86767e-07 1.34315e-07
 1.89871e-11 2.06087e-09 1.31895e-07 4.97732e-06 0.000110751 0.0014531 0.0112422 0.0512995 0.138224 0.221193 0.216298 0.14594 0.0920751 0.0625336 0.0354904 0.015235 0.00572356 0.00211026 0.000737101 0.000238318 6.97435e-05 1.76707e-05 3.7322e-06 6.37342e-07 8.55494e-08
 1.84755e-11 2.00534e-09 1.28341e-07 4.8432e-06 0.000107767 0.00141394 0.0109394 0.0499199 0.134536 0.215536 0.211922 0.146108 0.0964602 0.0677757 0.0389538 0.0168263 0.00629178 0.00222463 0.000707215 0.000202464 5.35636e-05 1.2795e-05 2.64109e-06 4.48666e-07 5.99796e-08
 1.92913e-11 2.09388e-09 1.34008e-07 5.05705e-06 0.000112526 0.00147637 0.0114222 0.0521197 0.140416 0.224556 0.2189 0.145846 0.0894955 0.0595053 0.0335964 0.0144388 0.00538712 0.00190384 0.000601638 0.000166641 4.07131e-05 8.68816e-06 1.61482e-06 2.56423e-07 3.32199e-08
 1.99457e-11 2.16491e-09 1.38554e-07 5.2286e-06 0.000116343 0.00152645 0.0118095 0.0538846 0.145135 0.23182 0.22464 0.146028 0.0845069 0.0532719 0.0291411 0.0119772 0.00416559 0.0013897 0.000428493 0.000117706 2.8439e-05 5.86025e-06 1.01099e-06 1.44787e-07 1.6997e-08
 2.01148e-11 2.18327e-09 1.39729e-07 5.27293e-06 0.000117329 0.00153939 0.0119096 0.0543409 0.146358 0.233725 0.226251 0.146428 0.0837587 0.0520322 0.0278687 0.0108703 0.00340739 0.00101074 0.000283954 7.2425e-05 1.6669e-05 3.35237e-06 5.66525e-07 7.79389e-08 8.51825e-09
 2.00369e-11 2.17481e-09 1.39188e-07 5.25251e-06 0.000116875 0.00153343 0.0118635 0.0541308 0.145797 0.232862 0.225579 0.146437 0.0844038 0.0528213 0.0284169 0.0111474 0.00351247 0.00102512 0.000270494 6.19641e-05 1.2695e-05 2.32594e-06 3.69009e-07 4.88278e-08 5.16965e-09
 2.01823e-11 2.19059e-09 1.40197e-07 5.29061e-06 0.000117722 0.00154455 0.0119496 0.0545227 0.146844 0.234464 0.226799 0.146325 0.0830628 0.0512799 0.0274865 0.0108106 0.00343291 0.00101179 0.000268624 6.10266e-05 1.19682e-05 2.00714e-06 2.84443e-07 3.39479e-08 3.33468e-09
 2.09553e-11 2.27449e-09 1.45567e-07 5.49325e-06 0.000122231 0.00160371 0.0124071 0.0566071 0.152415 0.243012 0.233419 0.1461 0.0764964 0.0434576 0.0223817 0.00849604 0.00254012 0.000703436 0.000181558 4.11699e-05 8.10995e-06 1.35077e-06 1.84654e-07 2.04454e-08 1.81386e-09
 2.16746e-11 2.35257e-09 1.50564e-07 5.68182e-06 0.000126427 0.00165876 0.0128328 0.0585467 0.157598 0.250963 0.239565 0.14585 0.0703251 0.0361419 0.0176572 0.00640675 0.00175939 0.000434281 0.000101852 2.14315e-05 4.00083e-06 6.50443e-07 8.83749e-08 9.6917e-09 8.3275e-10
 2.17383e-11 2.35948e-09 1.51006e-07 5.69851e-06 0.000126799 0.00166363 0.0128705 0.0587185 0.158058 0.251676 0.240151 0.145944 0.0699555 0.0356117 0.0171901 0.00605893 0.00154541 0.000337744 7.00741e-05 1.312e-05 2.17684e-06 3.20467e-07 4.05909e-08 4.27245e-09 3.59922e-10
 2.19443e-11 2.38185e-09 1.52438e-07 5.75252e-06 0.000128 0.0016794 0.0129925 0.0592741 0.159543 0.253953 0.241907 0.145858 0.068166 0.0335012 0.0158418 0.00547961 0.00133962 0.000270384 5.10161e-05 8.59111e-06 1.25206e-06 1.60637e-07 1.78657e-08 1.67861e-09 1.29782e-10
 2.23292e-11 2.42363e-09 1.55112e-07 5.85343e-06 0.000130246 0.00170885 0.0132203 0.060312 0.162316 0.258198 0.245152 0.145603 0.0646784 0.0294625 0.0133625 0.00453016 0.00107369 0.000204401 3.5983e-05 5.64777e-06 7.53077e-07 8.65012e-08 8.4669e-09 6.90989e-10 4.64472e-11
 2.26224e-11 2.45545e-09 1.57148e-07 5.93028e-06 0.000131956 0.00173129 0.0133938 0.0611024 0.164428 0.261433 0.247628 0.145423 0.0620438 0.0264001 0.0114668 0.00378564 0.000853454 0.000146623 2.28643e-05 3.28125e-06 4.05988e-07 4.30915e-08 3.86364e-09 2.83951e-10 1.68531e-11
 2.2561e-11 2.44878e-09 1.56722e-07 5.91418e-06 0.000131597 0.00172659 0.0133574 0.0609368 0.163985 0.260756 0.247114 0.145474 0.0626154 0.0270548 0.0118584 0.00392336 0.000883441 0.000150719 2.2975e-05 3.12571e-06 3.52123e-07 3.33103e-08 2.69386e-09 1.81075e-10 9.82376e-12
 2.27144e-11 2.46543e-09 1.57787e-07 5.9544e-06 0.000132492 0.00173833 0.0134483 0.0613505 0.16509 0.262447 0.248402 0.145357 0.0612025 0.0254299 0.0108767 0.00356615 0.000796112 0.000133566 1.99366e-05 2.67135e-06 2.96375e-07 2.71535e-08 2.06172e-09 1.26065e-10 6.13063e-12
 2.29775e-11 2.49398e-09 1.59614e-07 6.02335e-06 0.000134027 0.00175846 0.0136039 0.0620597 0.166985 0.265347 0.250613 0.145165 0.0587918 0.0226518 0.00919016 0.00294272 0.000637014 9.99051e-05 1.35844e-05 1.70234e-06 1.82185e-07 1.62897e-08 1.212e-09 7.23092e-11 3.36952e-12
#obs surv len freq
 4.92801e-11 4.56711e-09 2.49573e-07 8.04159e-06 0.000152783 0.00171163 0.0113085 0.044094 0.10187 0.142347 0.132634 0.111654 0.110868 0.10771 0.0912172 0.0682936 0.0425597 0.0211919 0.00860267 0.00285685 0.000748348 0.000147587 2.09992e-05 2.07586e-06 1.38034e-07
 2.98286e-11 2.66625e-09 1.40526e-07 4.36716e-06 8.00278e-05 0.000864828 0.00551473 0.0208164 0.0472933 0.0700512 0.0882771 0.125389 0.165084 0.16353 0.128893 0.0895906 0.0535817 0.0262123 0.0104494 0.00335408 0.000835615 0.000154873 2.05045e-05 1.86993e-06 1.13971e-07
 1.34708e-11 1.15934e-09 5.88324e-08 1.76041e-06 3.10617e-05 0.000323267 0.00198711 0.00726719 0.0164099 0.026799 0.0449461 0.0834978 0.1333 0.174361 0.19069 0.160343 0.0965142 0.0427357 0.0151132 0.00443649 0.00103818 0.00018149 2.25034e-05 1.90603e-06 1.07175e-07
 2.69181e-10 2.22694e-08 1.08632e-06 3.12462e-05 0.000529934 0.00529948 0.0312489 0.108651 0.222784 0.269569 0.193202 0.0840265 0.0265001 0.0133993 0.0139623 0.013417 0.00956966 0.0050697 0.0020023 0.000586208 0.000127145 2.02744e-05 2.31096e-06 1.81106e-07 9.42515e-09
 1.72536e-10 1.37002e-08 6.41442e-07 1.77084e-05 0.000288268 0.00276727 0.0156736 0.0525199 0.105592 0.136343 0.143421 0.165085 0.174658 0.125795 0.0559925 0.0159846 0.00382523 0.00128452 0.000528938 0.000174739 4.05418e-05 6.42884e-06 6.90097e-07 4.96472e-08 2.35894e-09
 4.38403e-10 3.33636e-08 1.49713e-06 3.96126e-05 0.00061801 0.0056853 0.0308423 0.0987157 0.186885 0.212078 0.154128 0.0922892 0.0676915 0.0584967 0.0467831 0.0293082 0.0124668 0.00333516 0.000560769 6.65843e-05 7.50555e-06 9.18552e-07 9.39177e-08 6.57161e-09 2.96422e-10
 5.3631e-10 3.90644e-08 1.67777e-06 4.24886e-05 0.00063446 0.00558666 0.0290162 0.0890279 0.162638 0.183997 0.151601 0.127191 0.112005 0.0771161 0.0382994 0.0153722 0.00544867 0.00160414 0.000356045 5.58524e-05 5.9471e-06 4.30687e-07 2.28528e-08 9.90082e-10 3.49921e-11
 7.87281e-10 5.48158e-08 2.25044e-06 5.44778e-05 0.000777612 0.0065452 0.0324958 0.0953104 0.166464 0.180156 0.142401 0.116037 0.102797 0.076985 0.0463779 0.0227725 0.00834368 0.00208207 0.000350879 4.27265e-05 4.06553e-06 3.00775e-07 1.60038e-08 5.7403e-10 1.36386e-11
 1.03589e-09 6.88619e-08 2.69919e-06 6.23845e-05 0.00085019 0.00683268 0.0323972 0.0908526 0.152616 0.163275 0.138925 0.129337 0.118924 0.0853672 0.0480561 0.0222301 0.00790126 0.00198077 0.000343915 4.23173e-05 3.74693e-06 2.37454e-07 1.06857e-08 3.39543e-10 7.48582e-12
 1.23011e-09 7.79858e-08 2.91524e-06 6.42575e-05 0.000835172 0.00640177 0.0289638 0.0776778 0.126191 0.137033 0.13287 0.144068 0.139762 0.103455 0.0610267 0.0288976 0.00998904 0.00234233 0.000372874 4.21582e-05 3.51031e-06 2.13595e-07 9.16509e-09 2.68327e-10 5.24911e-12
 2.49619e-09 1.50764e-07 5.36915e-06 0.000112746 0.00139603 0.0101935 0.0439146 0.111907 0.170902 0.166533 0.12986 0.112605 0.100318 0.0749366 0.0460013 0.0220291 0.00738544 0.00163369 0.000240412 2.46551e-05 1.83821e-06 1.00158e-07 3.89261e-09 1.04852e-10 1.90953e-12
 3.67314e-09 2.11145e-07 7.15667e-06 0.000143031 0.00168559 0.0117148 0.048049 0.11673 0.171078 0.16458 0.135543 0.124008 0.104566 0.0674965 0.0344765 0.0143153 0.00446744 0.000975215 0.000147844 1.58826e-05 1.21215e-06 6.44183e-08 2.33467e-09 5.70537e-11 9.32987e-13
 5.24642e-09 2.86769e-07 9.24251e-06 0.000175646 0.00196831 0.0130087 0.0507548 0.117473 0.165259 0.157301 0.136169 0.13009 0.108418 0.0680656 0.0336344 0.0131691 0.00371467 0.000695789 8.55087e-05 7.20926e-06 4.45095e-07 2.07307e-08 7.06982e-10 1.67357e-11 2.63621e-13
 6.97215e-09 3.62073e-07 1.1087e-05 0.000200182 0.00213133 0.0133849 0.0496528 0.109595 0.149133 0.144771 0.138428 0.141366 0.118646 0.0751352 0.0378467 0.0148114 0.0040644 0.000730584 8.55516e-05 6.75198e-06 3.74032e-07 1.47865e-08 4.13111e-10 8.03175e-12 1.07382e-13
 1.18828e-08 5.85836e-07 1.70302e-05 0.000291915 0.00295058 0.0175907 0.061938 0.129659 0.166677 0.150629 0.131591 0.125126 0.10137 0.0638316 0.032176 0.0123168 0.00322523 0.000545223 5.95164e-05 4.35103e-06 2.22502e-07 8.10357e-09 2.07048e-10 3.61474e-12 4.22592e-14
 1.60334e-08 7.4991e-07 2.06815e-05 0.000336317 0.00322514 0.0182458 0.061025 0.121949 0.153072 0.145457 0.143553 0.142115 0.10896 0.0619175 0.0277724 0.00961704 0.00232617 0.000367504 3.76645e-05 2.58531e-06 1.23618e-07 4.18029e-09 9.84756e-11 1.57676e-12 1.68425e-14
 2.58155e-08 1.1448e-06 2.99343e-05 0.000461533 0.00419633 0.0225089 0.0713814 0.135262 0.161021 0.145116 0.136122 0.129707 0.0984987 0.0574876 0.0266056 0.0091499 0.00211039 0.000309075 2.86586e-05 1.73688e-06 7.21771e-08 2.12924e-09 4.45719e-11 6.45614e-13 6.29857e-15
 3.74484e-08 1.57372e-06 3.89953e-05 0.000569765 0.00490937 0.02496 0.0750851 0.135481 0.156122 0.142612 0.139151 0.132031 0.0975734 0.0556361 0.0251759 0.00843291 0.00190896 0.000281637 2.74117e-05 1.81163e-06 8.24155e-08 2.54734e-09 5.22494e-11 7.00476e-13 6.11747e-15
 5.9735e-08 2.37787e-06 5.58133e-05 0.000772479 0.006305 0.030366 0.0865461 0.148049 0.162144 0.141607 0.132663 0.121415 0.0880864 0.0502053 0.0225638 0.007357 0.00160683 0.000230308 2.21706e-05 1.48012e-06 6.91542e-08 2.21899e-09 4.75816e-11 6.6741e-13 6.03318e-15
 8.23715e-08 3.10499e-06 6.90136e-05 0.000904513 0.00699161 0.0319005 0.0862824 0.141211 0.152922 0.142325 0.143365 0.129974 0.0892128 0.0474238 0.0198754 0.0060871 0.00126127 0.000173584 1.62507e-05 1.06451e-06 4.89381e-08 1.54629e-09 3.27494e-11 4.56203e-13 4.11928e-15
 1.35432e-07 4.83311e-06 0.000101701 0.0012619 0.0092344 0.0398875 0.102118 0.158054 0.16122 0.140078 0.132132 0.114686 0.0773944 0.0410192 0.0168443 0.0048975 0.0009385 0.000116957 9.76015e-06 5.68952e-07 2.36634e-08 6.93142e-10 1.38828e-11 1.85014e-13 1.60695e-15
 1.70569e-07 5.76191e-06 0.000114769 0.00134805 0.00933976 0.0382253 0.093074 0.139368 0.146454 0.145434 0.151563 0.130227 0.0829188 0.0409547 0.0157351 0.00433327 0.000799344 9.7665e-05 8.09269e-06 4.65415e-07 1.857e-08 5.04707e-10 9.17495e-12 1.10298e-13 8.69198e-16
 2.58099e-07 8.25242e-06 0.000155586 0.00172976 0.0113441 0.0439572 0.101427 0.144494 0.146337 0.142464 0.145345 0.123139 0.0794414 0.040138 0.0152762 0.00398936 0.000674384 7.34644e-05 5.32632e-06 2.68453e-07 9.62409e-09 2.42501e-10 4.16631e-12 4.74354e-14 3.50528e-16
 4.34482e-07 1.31492e-05 0.000234649 0.00246923 0.0153273 0.0562075 0.122667 0.164796 0.155662 0.139077 0.13109 0.104237 0.0635962 0.030437 0.0109717 0.00272316 0.000441409 4.66727e-05 3.30917e-06 1.61597e-07 5.45732e-09 1.25456e-10 1.92791e-12 1.95727e-14 1.30165e-16
 5.70094e-07 1.63315e-05 0.000275872 0.00274809 0.0161518 0.0561465 0.116761 0.152855 0.150664 0.1496 0.145816 0.110143 0.0613477 0.0264724 0.00868224 0.00198759 0.000299657 2.96073e-05 1.97063e-06 9.0921e-08 2.92118e-09 6.41319e-11 9.38889e-13 8.99446e-15 5.56259e-17
 7.93247e-07 2.15121e-05 0.000344001 0.0032441 0.0180532 0.0594578 0.11749 0.147898 0.144795 0.14632 0.143432 0.110643 0.0654561 0.0301121 0.0100936 0.00227262 0.00033235 3.1919e-05 2.07464e-06 9.31509e-08 2.87678e-09 5.98986e-11 8.24731e-13 7.40971e-15 4.29903e-17
 1.06404e-06 2.73199e-05 0.000413627 0.0036934 0.0194674 0.0608168 0.114748 0.141537 0.144154 0.153927 0.149858 0.110848 0.0624099 0.0272639 0.00867851 0.001866 0.000263705 2.48473e-05 1.60197e-06 7.13562e-08 2.16679e-09 4.38769e-11 5.81983e-13 4.99453e-15 2.74553e-17
 1.56222e-06 3.7981e-05 0.000544505 0.00460406 0.0229837 0.0680557 0.122107 0.144946 0.145429 0.153189 0.144588 0.103741 0.0569412 0.0239863 0.00720808 0.00143577 0.000185057 1.57137e-05 9.11162e-07 3.69799e-08 1.04597e-09 2.01217e-11 2.56431e-13 2.12088e-15 1.12093e-17
#pred catch len freq
 1.54878e-11 1.68106e-09 1.07587e-07 4.06001e-06 9.03404e-05 0.00118531 0.0091708 0.0418574 0.112918 0.181796 0.182984 0.137646 0.106952 0.0856261 0.0563965 0.032008 0.0183769 0.0109469 0.00679728 0.00451837 0.00327448 0.00262046 0.00220006 0.00166711 0.000964576
 1.12099e-11 1.21673e-09 7.78705e-08 2.93859e-06 6.53877e-05 0.000857938 0.00663873 0.0303194 0.0820519 0.134199 0.144964 0.135109 0.137654 0.125671 0.0875583 0.0518437 0.0293814 0.0155537 0.00785173 0.0040947 0.00233189 0.00151289 0.00110264 0.000785248 0.00044979
 6.75554e-12 7.33249e-10 4.69279e-08 1.77092e-06 3.94056e-05 0.000517051 0.00400171 0.018294 0.0497537 0.0833556 0.0992709 0.115543 0.143115 0.147141 0.120801 0.0899974 0.0608152 0.0348996 0.0174578 0.00798342 0.00352561 0.00167319 0.000934008 0.000571417 0.000308224
 1.52994e-11 1.6606e-09 1.06278e-07 4.01061e-06 8.9241e-05 0.00117087 0.00905871 0.0413364 0.111383 0.178278 0.174549 0.118779 0.0788659 0.0647331 0.0584371 0.0531349 0.0439048 0.0312053 0.0189017 0.00954446 0.00405753 0.00155418 0.000611259 0.000275332 0.000126644
 2.02797e-11 2.20116e-09 1.40874e-07 5.31615e-06 0.000118291 0.00155201 0.0120071 0.0547822 0.147501 0.235183 0.225923 0.141517 0.0745162 0.0435497 0.0249135 0.0132322 0.00840503 0.00650401 0.00484231 0.00302484 0.00151869 0.000610198 0.000205851 6.60394e-05 2.21888e-05
 1.7632e-11 1.91378e-09 1.22482e-07 4.62209e-06 0.000102847 0.0013494 0.0104401 0.0476453 0.128456 0.206196 0.204636 0.14617 0.103261 0.0757499 0.0437956 0.0186933 0.00706455 0.00294149 0.00153259 0.000964534 0.000577281 0.000277905 0.000102778 3.00483e-05 7.59655e-06
 1.88032e-11 2.0409e-09 1.30617e-07 4.92909e-06 0.000109678 0.00143902 0.0111332 0.0508016 0.136873 0.218955 0.213757 0.143336 0.0895866 0.0617068 0.0378245 0.0194871 0.0091722 0.00375339 0.00128928 0.000440209 0.000186757 9.02932e-05 3.82157e-05 1.23321e-05 2.98574e-06
 1.81894e-11 1.97428e-09 1.26354e-07 4.7682e-06 0.000106098 0.00139205 0.01077 0.0491475 0.132461 0.212262 0.208947 0.144738 0.0966209 0.0689624 0.0409824 0.0193035 0.00847187 0.00367261 0.00145527 0.000495607 0.000144654 4.16926e-05 1.37811e-05 4.50417e-06 1.16725e-06
 1.85816e-11 2.01686e-09 1.29078e-07 4.87102e-06 0.000108386 0.00142206 0.0110021 0.0502049 0.135285 0.216574 0.212187 0.144298 0.0928168 0.0647713 0.0387413 0.0187583 0.0083721 0.00350385 0.00131479 0.000450801 0.000138501 3.61732e-05 8.21849e-06 1.83317e-06 4.09e-07
 1.78701e-11 1.93962e-09 1.24136e-07 4.68449e-06 0.000104236 0.00136761 0.010581 0.0482863 0.130159 0.208725 0.206181 0.144746 0.0992191 0.0721724 0.0432534 0.0204822 0.00891668 0.00372546 0.00141051 0.000477104 0.00014226 3.67279e-05 8.03202e-06 1.46548e-06 2.32468e-07
 1.84066e-11 1.99786e-09 1.27863e-07 4.82514e-06 0.000107365 0.00140867 0.0108985 0.0497329 0.134023 0.214635 0.21067 0.1443 0.0942272 0.0664852 0.039904 0.0193452 0.00865049 0.00362679 0.00135182 0.000451699 0.000134155 3.42497e-05 7.32363e-06 1.28223e-06 1.8055e-07
 1.97917e-11 2.1482e-09 1.37484e-07 5.18823e-06 0.000115444 0.00151467 0.0117183 0.0534684 0.144014 0.230023 0.222873 0.144833 0.0839 0.0534645 0.0304576 0.0139735 0.00588977 0.00241417 0.000909167 0.000307003 9.07461e-05 2.29125e-05 4.84858e-06 8.35571e-07 1.13734e-07
 1.97158e-11 2.13996e-09 1.36957e-07 5.16833e-06 0.000115002 0.00150886 0.0116734 0.0532643 0.143475 0.229251 0.222541 0.145735 0.0858998 0.0551843 0.0307102 0.0130755 0.00487411 0.00178676 0.00062264 0.000201168 5.88594e-05 1.49121e-05 3.14952e-06 5.37835e-07 7.21927e-08
 1.93669e-11 2.10209e-09 1.34533e-07 5.07687e-06 0.000112967 0.00148216 0.0114669 0.0523236 0.140961 0.225394 0.219558 0.145851 0.0888952 0.0587694 0.033088 0.0141734 0.00525909 0.00184912 0.000586459 0.000167763 4.43715e-05 1.05984e-05 2.18762e-06 3.71628e-07 4.96807e-08
 2.01014e-11 2.18182e-09 1.39636e-07 5.26943e-06 0.000117251 0.00153837 0.0119017 0.0543043 0.146254 0.233514 0.225838 0.145606 0.0826101 0.0513133 0.0282678 0.0120362 0.00445547 0.00156575 0.000493631 0.00013662 3.33698e-05 7.12045e-06 1.3234e-06 2.10146e-07 2.72246e-08
 2.0757e-11 2.25298e-09 1.4419e-07 5.44129e-06 0.000121075 0.00158854 0.0122897 0.0560723 0.150982 0.240785 0.231555 0.145698 0.0774736 0.0449756 0.0238409 0.0096963 0.00334527 0.00110907 0.000341014 9.35917e-05 2.26064e-05 4.65793e-06 8.03547e-07 1.15077e-07 1.35093e-08
 2.08599e-11 2.26414e-09 1.44904e-07 5.46824e-06 0.000121675 0.00159641 0.0123506 0.0563497 0.151726 0.24195 0.232568 0.146033 0.0771604 0.0443185 0.0230343 0.00889872 0.00276853 0.000815561 0.000228307 5.81625e-05 1.33816e-05 2.69091e-06 4.54727e-07 6.25578e-08 6.83717e-09
 2.07919e-11 2.25676e-09 1.44432e-07 5.45042e-06 0.000121278 0.0015912 0.0123104 0.0561664 0.151236 0.241197 0.231982 0.146044 0.0777271 0.0450088 0.0235095 0.00913491 0.00285692 0.000828194 0.000217777 4.9827e-05 1.02041e-05 1.86928e-06 2.96545e-07 3.92388e-08 4.1544e-09
 2.09961e-11 2.27892e-09 1.45851e-07 5.50395e-06 0.000122469 0.00160683 0.0124312 0.056717 0.152707 0.243449 0.233702 0.145905 0.0758716 0.0428624 0.0221952 0.00863611 0.00272126 0.000796662 0.000210793 4.78315e-05 9.37664e-06 1.57228e-06 2.22805e-07 2.6591e-08 2.612e-09
 2.16594e-11 2.35093e-09 1.50459e-07 5.67785e-06 0.000126339 0.0016576 0.0128239 0.0585058 0.157488 0.250783 0.239376 0.145691 0.070204 0.0361284 0.0178241 0.00668027 0.00198168 0.000544857 0.000140077 3.17196e-05 6.24557e-06 1.04008e-06 1.42175e-07 1.57418e-08 1.39656e-09
 2.22538e-11 2.41544e-09 1.54588e-07 5.83365e-06 0.000129806 0.00170308 0.0131756 0.0601084 0.161771 0.257352 0.244449 0.145469 0.0650814 0.0300679 0.0139267 0.0049754 0.00135574 0.000332122 7.75195e-05 1.62818e-05 3.03775e-06 4.93774e-07 6.70842e-08 7.35671e-09 6.32114e-10
 2.23457e-11 2.42541e-09 1.55226e-07 5.85775e-06 0.000130342 0.00171011 0.01323 0.0603564 0.162434 0.258374 0.24526 0.145508 0.0644015 0.0292052 0.0132927 0.00460805 0.00116682 0.00025309 5.22131e-05 9.75236e-06 1.61682e-06 2.37961e-07 3.0138e-08 3.17213e-09 2.67226e-10
 2.25199e-11 2.44432e-09 1.56436e-07 5.9034e-06 0.000131358 0.00172344 0.0133331 0.0608259 0.163688 0.260297 0.246741 0.145428 0.0628777 0.0274141 0.0121564 0.00412903 0.00100227 0.000200816 3.76566e-05 6.3232e-06 9.20634e-07 1.18076e-07 1.31305e-08 1.23366e-09 9.53795e-11
 2.28346e-11 2.47847e-09 1.58622e-07 5.9859e-06 0.000133193 0.00174752 0.0135194 0.0616744 0.165955 0.263768 0.249392 0.145216 0.0600202 0.0241081 0.0101314 0.00335866 0.000789937 0.000149301 2.61118e-05 4.08505e-06 5.44078e-07 6.24696e-08 6.11371e-09 4.98917e-10 3.35358e-11
 2.30381e-11 2.50056e-09 1.60035e-07 6.03924e-06 0.00013438 0.00176309 0.0136398 0.062223 0.167421 0.266013 0.251112 0.145092 0.0581936 0.0219839 0.00881495 0.00284004 0.000635482 0.000108458 1.67931e-05 2.39994e-06 2.96488e-07 3.14531e-08 2.81959e-09 2.07207e-10 1.22979e-11
 2.30029e-11 2.49674e-09 1.59791e-07 6.03002e-06 0.000134175 0.0017604 0.013619 0.0621283 0.167168 0.265626 0.250818 0.145121 0.0585211 0.0223587 0.00903899 0.00291852 0.000652288 0.00011056 1.67354e-05 2.26735e-06 2.5502e-07 2.41107e-08 1.94942e-09 1.31023e-10 7.10809e-12
 2.3134e-11 2.51098e-09 1.60702e-07 6.06439e-06 0.00013494 0.00177044 0.0136966 0.0624818 0.168112 0.267071 0.251918 0.145021 0.057312 0.0209692 0.00820064 0.00261484 0.000578998 9.6509e-05 1.43033e-05 1.90822e-06 2.11356e-07 1.93528e-08 1.46907e-09 8.98185e-11 4.36777e-12
 2.32783e-11 2.52664e-09 1.61704e-07 6.10222e-06 0.000135781 0.00178148 0.013782 0.0628708 0.169152 0.268662 0.253132 0.144919 0.0559953 0.0194489 0.00727365 0.00226742 0.000487111 7.59517e-05 1.02531e-05 1.27832e-06 1.3652e-07 1.2198e-08 9.07318e-10 5.4126e-11 2.52211e-12
#obs catch len freq
 4.32637e-11 4.00953e-09 2.19104e-07 7.05983e-06 0.000134131 0.00150269 0.00992871 0.0387283 0.0896489 0.126534 0.123158 0.115152 0.123779 0.120647 0.0988219 0.07179 0.0444355 0.0223582 0.00922648 0.0031179 0.000833997 0.00016895 2.4786e-05 2.52498e-06 1.72364e-07
 6.77133e-11 6.05259e-09 3.19004e-07 9.91375e-06 0.000181664 0.00196293 0.0125087 0.04705 0.104934 0.142075 0.130286 0.111404 0.112077 0.108033 0.0905885 0.0668914 0.0408512 0.0199097 0.00790083 0.00255069 0.000644549 0.000121675 1.64511e-05 1.53539e-06 9.58704e-08
 4.21052e-11 3.62371e-09 1.83891e-07 5.50243e-06 9.70843e-05 0.00101018 0.00620295 0.0225586 0.0495099 0.0716602 0.090588 0.129217 0.166943 0.1618 0.125843 0.0863813 0.0506977 0.0242645 0.00943666 0.0029376 0.000704577 0.000124786 1.56777e-05 1.34854e-06 7.71325e-08
 1.95865e-11 1.6204e-09 7.90447e-08 2.27362e-06 3.85637e-05 0.000385818 0.00228035 0.0080275 0.0175399 0.0282308 0.0476247 0.0877415 0.137591 0.177334 0.190088 0.155193 0.0905364 0.0390333 0.0134794 0.00384459 0.000866012 0.000144472 1.69748e-05 1.35461e-06 7.14264e-08
 3.87594e-10 3.07767e-08 1.44097e-06 3.97807e-05 0.000647557 0.00621542 0.0351765 0.117391 0.231034 0.268341 0.184707 0.0774351 0.0242 0.0129389 0.0135731 0.0126912 0.00877979 0.00450628 0.00171929 0.000484741 0.000100872 1.53442e-05 1.65707e-06 1.22281e-07 5.96337e-09
 2.5728e-10 1.95797e-08 8.78602e-07 2.32471e-05 0.000362695 0.00333702 0.0181162 0.0582055 0.112398 0.140436 0.145598 0.165638 0.169698 0.117203 0.0500193 0.0138355 0.00333323 0.00114836 0.000463494 0.000146734 3.2408e-05 4.87262e-06 4.94003e-07 3.3427e-08 1.48771e-09
 6.51897e-10 4.74836e-08 2.03937e-06 5.16457e-05 0.00077119 0.00679026 0.0352575 0.108015 0.195791 0.213034 0.149419 0.0880497 0.0644785 0.0551692 0.0432075 0.0261331 0.0106272 0.00271007 0.000436136 5.03831e-05 5.62544e-06 6.68866e-07 6.47961e-08 4.25499e-09 1.79429e-10
 8.09145e-10 5.63381e-08 2.31295e-06 5.59907e-05 0.000799209 0.00672703 0.0333997 0.0979801 0.171291 0.186223 0.149477 0.123732 0.10607 0.0704814 0.0340234 0.0134149 0.00466046 0.00133054 0.000283977 4.25811e-05 4.31983e-06 2.98365e-07 1.51535e-08 6.26862e-10 2.09139e-11
 1.20106e-09 7.9842e-08 3.12958e-06 7.23316e-05 0.000985743 0.00792171 0.037552 0.105179 0.175571 0.182298 0.140005 0.112275 0.0970328 0.0706828 0.0416079 0.0198507 0.00698917 0.00166819 0.000269595 3.16494e-05 2.90297e-06 2.05357e-07 1.03593e-08 3.50597e-10 7.84129e-12
 1.60511e-09 1.0176e-07 3.80396e-06 8.38462e-05 0.00108975 0.00835243 0.0377711 0.101048 0.162122 0.166503 0.137831 0.12549 0.111677 0.0776789 0.042686 0.0192116 0.00657506 0.00157905 0.000262644 3.09632e-05 2.621e-06 1.5828e-07 6.76613e-09 2.03474e-10 4.22624e-12
 1.95448e-09 1.18046e-07 4.20395e-06 8.82787e-05 0.0010931 0.0079825 0.0344096 0.0879533 0.13639 0.142212 0.133821 0.140586 0.131471 0.0944097 0.0543034 0.02488 0.00823749 0.00184417 0.000280829 3.04419e-05 2.42642e-06 1.40627e-07 5.71729e-09 1.57947e-10 2.90625e-12
 3.91354e-09 2.24964e-07 7.62506e-06 0.000152392 0.00179589 0.0124807 0.0511763 0.124153 0.180686 0.168503 0.127179 0.107385 0.0927646 0.0674527 0.0402995 0.0185773 0.00594116 0.00125106 0.000175662 1.7236e-05 1.22897e-06 6.37899e-08 2.35037e-09 5.9761e-11 1.02346e-12
 5.83588e-09 3.18989e-07 1.02809e-05 0.00019538 0.00218942 0.0144691 0.0564344 0.1304 0.181935 0.167182 0.13238 0.116444 0.0942171 0.0587881 0.0292338 0.0117524 0.00351639 0.000733209 0.000106212 1.08961e-05 7.91548e-07 3.98812e-08 1.36596e-09 3.14626e-11 4.8362e-13
 8.40208e-09 4.36332e-07 1.33608e-05 0.000241236 0.00256837 0.0161274 0.059786 0.131511 0.176019 0.160006 0.133031 0.121855 0.0973272 0.0590356 0.0283344 0.0106921 0.0028758 0.000511448 5.97762e-05 4.81366e-06 2.84499e-07 1.26414e-08 4.08538e-10 9.11072e-12 1.34654e-13
 1.13876e-08 5.61419e-07 1.63204e-05 0.000279749 0.00282763 0.0168586 0.0593749 0.12445 0.160945 0.1488 0.135706 0.132092 0.106187 0.065046 0.0317701 0.0119371 0.0031148 0.000530742 5.89953e-05 4.43127e-06 2.33785e-07 8.78212e-09 2.3233e-10 4.26321e-12 5.36236e-14
 1.93533e-08 9.05185e-07 2.49637e-05 0.00040595 0.0038927 0.0220171 0.0735486 0.146083 0.178213 0.152856 0.12665 0.114436 0.0888376 0.0541413 0.0263986 0.00966662 0.00240066 0.000384016 3.97347e-05 2.76157e-06 1.34392e-07 4.64684e-09 1.12258e-10 1.8462e-12 2.02726e-14
 2.65394e-08 1.1769e-06 3.07737e-05 0.000474475 0.004314 0.0231399 0.0733799 0.139026 0.165362 0.148517 0.13807 0.129251 0.0945966 0.0518722 0.0225041 0.00746473 0.00171346 0.000256103 2.48641e-05 1.62095e-06 7.36709e-08 2.36236e-09 5.2566e-11 7.92273e-13 7.9441e-15
 4.22692e-08 1.77631e-06 4.40152e-05 0.000643106 0.0055411 0.0281664 0.0846496 0.152024 0.171522 0.14638 0.129816 0.117363 0.0853766 0.0481685 0.0214915 0.00704412 0.00153601 0.000212198 1.85865e-05 1.06741e-06 4.21321e-08 1.1797e-09 2.33551e-11 3.18624e-13 2.91779e-15
 6.1547e-08 2.45e-06 5.75063e-05 0.000795909 0.0064962 0.0312858 0.0891529 0.152385 0.166289 0.143556 0.132139 0.118905 0.0842267 0.046427 0.0202314 0.00645539 0.00138317 0.000193017 1.78001e-05 1.11555e-06 4.80326e-08 1.40023e-09 2.70062e-11 3.39797e-13 2.78135e-15
 9.79199e-08 3.69109e-06 8.20402e-05 0.00107522 0.00831041 0.0379008 0.102287 0.165652 0.171522 0.140975 0.123997 0.107512 0.0748466 0.0412212 0.0177914 0.00551398 0.00113939 0.00015459 1.41183e-05 8.94603e-07 3.95662e-08 1.19695e-09 2.41128e-11 3.16913e-13 2.67853e-15
 1.37217e-07 4.89681e-06 0.000103041 0.00127854 0.00935611 0.0404132 0.103463 0.160123 0.163268 0.141591 0.132768 0.113657 0.0747214 0.0383332 0.0154227 0.00449055 0.000880736 0.000114813 1.02012e-05 6.34063e-07 2.75737e-08 8.2087e-10 1.63257e-11 2.12987e-13 1.79697e-15
 2.22456e-07 7.51467e-06 0.000149681 0.00175803 0.0121777 0.0497895 0.120634 0.176524 0.169467 0.137073 0.120259 0.0986438 0.0638447 0.0326142 0.0128096 0.00352893 0.000638435 7.52005e-05 5.94938e-06 3.29284e-07 1.29774e-08 3.58677e-10 6.75e-12 8.42398e-14 6.83342e-16
 2.89066e-07 9.24258e-06 0.000174254 0.00193727 0.0127039 0.0492062 0.113316 0.159989 0.156692 0.142461 0.137027 0.11105 0.0677072 0.0321978 0.0118321 0.00308979 0.000538736 6.22753e-05 4.88951e-06 2.66266e-07 1.00301e-08 2.56505e-10 4.37591e-12 4.92591e-14 3.62693e-16
 4.36826e-07 1.32201e-05 0.000235915 0.00248255 0.0154098 0.0565066 0.123285 0.165417 0.155542 0.137858 0.129601 0.103758 0.0641924 0.0311441 0.0112807 0.00278218 0.000443177 4.55654e-05 3.1275e-06 1.49463e-07 5.0713e-09 1.20436e-10 1.94203e-12 2.06843e-14 1.42628e-16
 7.22446e-07 2.06959e-05 0.000349589 0.00348218 0.0204592 0.0710024 0.146506 0.18527 0.162089 0.130975 0.113014 0.0846928 0.0494922 0.022721 0.00779071 0.00182659 0.000279199 2.7878e-05 1.86985e-06 8.63542e-08 2.75083e-09 5.94584e-11 8.5684e-13 8.13994e-15 5.05488e-17
 9.4956e-07 2.57511e-05 0.000411783 0.00388312 0.0216041 0.0710719 0.139697 0.171868 0.156371 0.141047 0.127091 0.0907201 0.0483674 0.0200235 0.00625299 0.0013531 0.000192414 1.79549e-05 1.13073e-06 4.93493e-08 1.4956e-09 3.08579e-11 4.23225e-13 3.78898e-15 2.18533e-17
 1.34214e-06 3.44601e-05 0.000521718 0.00465808 0.0245396 0.0764788 0.142717 0.168166 0.150287 0.136422 0.12342 0.0902301 0.0511497 0.0224852 0.00714252 0.00151672 0.000209131 1.89713e-05 1.16609e-06 4.94541e-08 1.43815e-09 2.81053e-11 3.62265e-13 3.04037e-15 1.64455e-17
 1.84227e-06 4.47893e-05 0.000642098 0.00542878 0.0270894 0.0800575 0.14238 0.163125 0.149022 0.141326 0.12681 0.0888421 0.047863 0.0199526 0.00601595 0.00122052 0.000162783 1.44977e-05 8.83694e-07 3.71328e-08 1.06012e-09 2.01214e-11 2.49561e-13 1.99862e-15 1.02337e-17
#spawning biomass
 29936.2 36163.2 28178.6 17448.4 29629.6 47276.4 80734 114214 147872 176405 179976 192807 222311 231317 210619 219901 194346 194286 199497 188890 210376 234250 209254 196861 174221 197379 206530 196682 226461 305851 183818 99110 53812.1 32721.8 23706.6 20066.5 18653.9 18121.3 17924.7 17853.2 17827.6 17818.5 17815.2 17814.1 17813.7 17813.6 17813.5 17813.5 17813.5 17813.5 17813.5 17813.5 17813.5 17813.5 17813.5 17813.5 17813.5 17813.5 17813.5 17813.5 17813.5 17813.5 17813.5 17813.5 17813.5 17813.5 17813.5 17813.5 17813.5 17813.5 17813.5 17813.5 17813.5 17813.5 17813.5 17813.5 17813.5 17813.5 17813.5 17813.5 17813.5 17813.5 17813.5 17813.5 17813.5 17813.5 17813.5 17813.5 17813.5 17813.5 17813.5 17813.5 17813.5 17813.5 17813.5 17813.5 17813.5 17813.5 17813.5 17813.5 17813.5 17813.5 17813.5 17813.5 17813.5 17813.5 17813.5 17813.5 17813.5 17813.5 17813.5 17813.5 17813.5 17813.5 17813.5 17813.5 17813.5 17813.5 17813.5 17813.5 17813.5 17813.5 17813.5 17813.5 17813.5 17813.5 17813.5 17813.5 0 0 0 0 0 0 0 0 0 0 0 0 0 0 0 0 0 0 0 0 0 0 0 0 0
