SBPRF35
0.178139
Curr Bio
231425
B35
459419
F35
1.02971
FOFL
0.456962
OFL
20838.5
Bzero
50895.7
#pred survey bio
 32732.2 36429.9 26576.2 18410.9 37423.4 55377.7 96687.9 133979 177865 213406 222416 254389 293655 298715 284683 305718 276547 273652 284717 287035 327523 359027 329235 310145 284209 329509 332446 294735 9.80092e+06 7.57349e+06 3.64961e+06 1.82783e+06 1.09091e+06 785984 645889 573271 532138 507671 492792 483669 478066 474627 472516 471201 470413 469940 469655 469484 469380 469318 469280 469258 469244 469236 469231 469228 469226 469225 469224 469224 469223 469223 469223 469223 469223 469223 469223 469223 469223 469223 469223 469223 469223 469223 469223 469223 469223 469223 469223 469223 469223 469223 469223 469223 469223 469223 469223 469223 469223 469223 469223 469223 469223 469223 469223 469223 469223 469223 469223 469223 469223 469223 469223 469223 469223 469223 469223 469223 469223 469223 469223 469223 469223 469223 469223 469223 469223 469223 469223 469223 469223 469223 469223 469223 469223 469223 469223 469223 0 0 0 0 0 0 0 0 0 0 0 0 0 0 0 0 0 0 0 0 0 0 0 0 0
#obs survey bio
 25598.7 17364.7 19478 14568.7 32920.2 56953.9 105042 133801 110428 157325 136982 214032 283422 184772 197393 231686 212631 211622 219480 140683 214705 170485 197784 236077 251212 249098 224098 189240
#pred catch bio
 9665.68 14702.4 15186.2 8458.76 22410.9 30074 60620.9 86081.3 113124 144516 153394 174116 203934 222332 204798 232668 201117 200324 214327 212586 240826 282389 256310 248071 217747 251901 268409 241720 20838.5 183485 71861.3 27122.7 12793.2 8716.79 7642.19 7373.24 7308.35 7293.11 7289.6 7288.8 7288.63 7288.59 7288.58 7288.57 7288.57 7288.57 7288.57 7288.57 7288.57 7288.57 7288.57 7288.57 7288.57 7288.57 7288.57 7288.57 7288.57 7288.57 7288.57 7288.57 7288.57 7288.57 7288.57 7288.57 7288.57 7288.57 7288.57 7288.57 7288.57 7288.57 7288.57 7288.57 7288.57 7288.57 7288.57 7288.57 7288.57 7288.57 7288.57 7288.57 7288.57 7288.57 7288.57 7288.57 7288.57 7288.57 7288.57 7288.57 7288.57 7288.57 7288.57 7288.57 7288.57 7288.57 7288.57 7288.57 7288.57 7288.57 7288.57 7288.57 7288.57 7288.57 7288.57 7288.57 7288.57 7288.57 7288.57 7288.57 7288.57 7288.57 7288.57 7288.57 7288.57 7288.57 7288.57 7288.57 7288.57 7288.57 7288.57 7288.57 7288.57 7288.57 7288.57 7288.57 7288.57 7288.57 7288.57 7288.57 0 0 0 0 0 0 0 0 0 0 0 0 0 0 0 0 0 0 0 0 0 0 0 0 0
#obs catch bio
 16693.7 16491.7 17409.8 8686.33 17862.7 24800.7 45628.2 72090.8 105235 134947 152147 152789 167557 198932 196386 220530 180416 163707 186771 201100 217297 267112 237140 211709 175505 219214 226334 213252
#pred cpue bio
 21732.1 26172.2 23753.1 9873.28 13728.3 21977.1 37804.9 52504.1 69331.9 93147.3 98080 98696.8 113916 125864 105780 111347 98952.9 103942 101745 96333.1 102909 119083 102252 97377.3 82112.1 90491.3 104002 84190.7 2.43375e+06 7.42643e+06 3.5284e+06 1.70611e+06 969184 664260 524164 451546 410413 385946 371067 361945 356341 352903 350791 349476 348689 348215 347931 347759 347656 347593 347556 347533 347519 347511 347506 347503 347501 347500 347499 347499 347499 347499 347498 347498 347498 347498 347498 347498 347498 347498 347498 347498 347498 347498 347498 347498 347498 347498 347498 347498 347498 347498 347498 347498 347498 347498 347498 347498 347498 347498 347498 347498 347498 347498 347498 347498 347498 347498 347498 347498 347498 347498 347498 347498 347498 347498 347498 347498 347498 347498 347498 347498 347498 347498 347498 347498 347498 347498 347498 347498 347498 347498 347498 347498 347498 347498 347498 347498 0 0 0 0 0 0 0 0 0 0 0 0 0 0 0 0 0 0 0 0 0 0 0 0 0
#obs cpue bio
 31034.8 22877.6 23910.5 20151 27347.4 49885.8 116709 98101.3 119945 170641 182922 216697 267331 288204 179259 196398 195456 302929 231683 214252 254129 308270 236858 261531 215749 199076 309496 210794
#pred surv len freq
 1.51497e-11 1.64436e-09 1.05239e-07 3.97137e-06 8.83681e-05 0.00115943 0.00897059 0.0409438 0.110456 0.177854 0.179127 0.135072 0.105606 0.0856979 0.0583917 0.0352778 0.0214733 0.013166 0.00825923 0.00549865 0.00397463 0.00316805 0.00265008 0.00200322 0.00115743
 1.28645e-11 1.39632e-09 8.93643e-08 3.37233e-06 7.50389e-05 0.000984559 0.00761815 0.0347838 0.0940143 0.152803 0.160595 0.138655 0.129791 0.113232 0.0754095 0.041753 0.0226594 0.0122207 0.00649373 0.00352164 0.00203563 0.00132162 0.00095952 0.00068093 0.000389218
 5.99517e-12 6.50718e-10 4.16459e-08 1.57159e-06 3.49706e-05 0.000458878 0.00355222 0.0162563 0.0444485 0.0763599 0.0994722 0.134345 0.178479 0.176169 0.123109 0.0710659 0.0389589 0.019807 0.00929739 0.00423688 0.00194428 0.00095576 0.000539607 0.000329664 0.000177331
 1.79429e-11 1.94753e-09 1.24641e-07 4.70358e-06 0.00010466 0.00137318 0.0106237 0.0484744 0.13057 0.208609 0.202431 0.132632 0.0798505 0.0578203 0.0450792 0.0345597 0.0236297 0.0133114 0.00639881 0.00275185 0.00108336 0.000412423 0.000167281 7.70093e-05 3.55564e-05
 1.97377e-11 2.14234e-09 1.37109e-07 5.17407e-06 0.000115129 0.00151053 0.0116865 0.0533246 0.143649 0.229624 0.223352 0.147443 0.0883132 0.0566356 0.0297138 0.0104781 0.00269632 0.000802036 0.000368702 0.00017584 7.09057e-05 2.44291e-05 7.68796e-06 2.46422e-06 8.44158e-07
 1.91414e-11 2.07762e-09 1.32967e-07 5.01777e-06 0.000111652 0.00146491 0.0113336 0.0517174 0.139361 0.223102 0.218583 0.14855 0.0948296 0.0637354 0.0335024 0.0111842 0.00223608 0.00026442 1.84481e-05 7.59006e-07 1.8414e-08 2.63413e-10 2.22383e-12 1.1589e-14 1.62339e-16
 1.92447e-11 2.08883e-09 1.33685e-07 5.04484e-06 0.000112254 0.00147281 0.0113947 0.0519958 0.140104 0.224239 0.219446 0.148461 0.093862 0.0626311 0.0328472 0.01096 0.00219104 0.000259091 1.80767e-05 7.43797e-07 1.80513e-08 2.58543e-10 2.19059e-12 1.10719e-14 3.43379e-17
 1.92292e-11 2.08714e-09 1.33577e-07 5.04077e-06 0.000112163 0.00147162 0.0113855 0.051954 0.139993 0.224068 0.219316 0.148474 0.0940074 0.0627972 0.0329457 0.0109937 0.00219781 0.00025989 1.81319e-05 7.45999e-07 1.80984e-08 2.58893e-10 2.18366e-12 1.08606e-14 3.18491e-17
 1.92657e-11 2.09111e-09 1.3383e-07 5.05034e-06 0.000112376 0.00147442 0.0114071 0.0520524 0.140256 0.22447 0.219621 0.148443 0.0936652 0.0624066 0.0327139 0.0109144 0.00218188 0.000258004 1.80004e-05 7.40585e-07 1.7967e-08 2.57014e-10 2.16781e-12 1.07818e-14 3.16177e-17
 1.84187e-11 1.99918e-09 1.27947e-07 4.82832e-06 0.000107436 0.0014096 0.0109059 0.049769 0.134156 0.215142 0.212544 0.149177 0.101602 0.0714644 0.0380883 0.0127534 0.00255135 0.000301737 2.10521e-05 8.66146e-07 2.10133e-08 3.00589e-10 2.53536e-12 1.26098e-14 3.69784e-17
 1.83339e-11 1.98997e-09 1.27358e-07 4.80609e-06 0.000106941 0.00140311 0.0108557 0.0495403 0.133546 0.214208 0.211836 0.14925 0.102397 0.0723716 0.0386265 0.0129376 0.00258836 0.000306117 2.13577e-05 8.78721e-07 2.13183e-08 3.04953e-10 2.57217e-12 1.27928e-14 3.75151e-17
 1.92976e-11 2.09457e-09 1.34052e-07 5.05872e-06 0.000112563 0.00147686 0.011426 0.0521385 0.140486 0.224822 0.219888 0.148415 0.0933659 0.062065 0.0325113 0.0108451 0.00216794 0.000256355 1.78853e-05 7.3585e-07 1.78522e-08 2.5537e-10 2.15395e-12 1.07128e-14 3.14155e-17
 1.92986e-11 2.09467e-09 1.34059e-07 5.05896e-06 0.000112568 0.00147693 0.0114266 0.052141 0.140492 0.224832 0.219896 0.148414 0.0933572 0.0620551 0.0325054 0.010843 0.00216754 0.000256307 1.78819e-05 7.35712e-07 1.78488e-08 2.55323e-10 2.15355e-12 1.07108e-14 3.14096e-17
 1.86998e-11 2.02968e-09 1.29899e-07 4.902e-06 0.000109075 0.00143111 0.0110722 0.0505267 0.13618 0.218238 0.214893 0.148933 0.0989681 0.0684587 0.0363049 0.0121432 0.00242874 0.000287225 2.00394e-05 8.2448e-07 2.00024e-08 2.86129e-10 2.41339e-12 1.20032e-14 3.51994e-17
 1.95808e-11 2.12531e-09 1.3602e-07 5.13295e-06 0.000114214 0.00149853 0.0115936 0.0529021 0.142525 0.227941 0.222254 0.148169 0.0907121 0.0590363 0.0307142 0.0102301 0.0020444 0.000241732 1.68649e-05 6.93865e-07 1.68336e-08 2.408e-10 2.03106e-12 1.01016e-14 2.9623e-17
 1.97056e-11 2.13885e-09 1.36886e-07 5.16566e-06 0.000114942 0.00150808 0.0116675 0.0532385 0.143424 0.229316 0.223297 0.148061 0.0895429 0.0577019 0.0299225 0.00995922 0.00198997 0.000235289 1.64153e-05 6.75368e-07 1.63848e-08 2.3438e-10 1.97691e-12 9.83231e-15 2.88333e-17
 1.98131e-11 2.15052e-09 1.37633e-07 5.19384e-06 0.000115569 0.0015163 0.0117311 0.0535282 0.144198 0.230499 0.224195 0.147968 0.0885357 0.0565524 0.0292404 0.00972584 0.00194308 0.000229739 1.6028e-05 6.59433e-07 1.59982e-08 2.2885e-10 1.93027e-12 9.60032e-15 2.8153e-17
 1.9439e-11 2.10992e-09 1.35035e-07 5.09579e-06 0.000113387 0.00148768 0.0115097 0.0525198 0.141504 0.22638 0.22107 0.148292 0.0920406 0.0605525 0.0316138 0.010538 0.00210625 0.000249052 1.73757e-05 7.14883e-07 1.73435e-08 2.48094e-10 2.09258e-12 1.04076e-14 3.05204e-17
 1.98207e-11 2.15135e-09 1.37686e-07 5.19585e-06 0.000115614 0.00151689 0.0117356 0.0535489 0.144253 0.230584 0.224259 0.147961 0.0884637 0.0564703 0.0291917 0.00970917 0.00193973 0.000229343 1.60003e-05 6.58295e-07 1.59706e-08 2.28455e-10 1.92694e-12 9.58375e-15 2.81044e-17
 2.01784e-11 2.19017e-09 1.4017e-07 5.28959e-06 0.0001177 0.00154426 0.0119473 0.0545131 0.146828 0.234523 0.227247 0.147651 0.0851126 0.0526458 0.0269225 0.00893267 0.00178373 0.000210877 1.47118e-05 6.05278e-07 1.46844e-08 2.10056e-10 1.77175e-12 8.8119e-15 2.5841e-17
 2.05199e-11 2.22723e-09 1.42543e-07 5.37911e-06 0.000119692 0.00157039 0.0121494 0.0554338 0.149287 0.238284 0.2301 0.147355 0.0819125 0.0489936 0.0247555 0.00819117 0.00163475 0.000193244 1.34813e-05 5.54651e-07 1.34561e-08 1.92486e-10 1.62355e-12 8.07484e-15 2.36795e-17
 2.02419e-11 2.19706e-09 1.40612e-07 5.30624e-06 0.00011807 0.00154912 0.0119849 0.0546843 0.147285 0.235222 0.227777 0.147596 0.0845174 0.0519665 0.0265194 0.00879476 0.00175602 0.000207597 1.44829e-05 5.95862e-07 1.4456e-08 2.06788e-10 1.74418e-12 8.67482e-15 2.5439e-17
 2.05768e-11 2.23341e-09 1.42938e-07 5.39403e-06 0.000120024 0.00157475 0.0121831 0.0555872 0.149697 0.238911 0.230576 0.147306 0.0813791 0.0483849 0.0243943 0.00806758 0.00160992 0.000190305 1.32762e-05 5.46213e-07 1.32514e-08 1.89558e-10 1.59885e-12 7.95199e-15 2.33193e-17
 2.05235e-11 2.22763e-09 1.42568e-07 5.38007e-06 0.000119713 0.00157067 0.0121516 0.0554436 0.149314 0.238324 0.230131 0.147352 0.0818784 0.0489547 0.0247324 0.00818327 0.00163316 0.000193056 1.34682e-05 5.54112e-07 1.34431e-08 1.92299e-10 1.62197e-12 8.06699e-15 2.36565e-17
 2.09103e-11 2.26961e-09 1.45255e-07 5.48146e-06 0.000121969 0.00160027 0.0123805 0.0564865 0.152099 0.242584 0.233362 0.147017 0.0782537 0.0448179 0.0222779 0.00734339 0.00146442 0.000173083 1.20745e-05 4.96768e-07 1.20518e-08 1.72398e-10 1.45411e-12 7.23214e-15 2.12083e-17
 2.11249e-11 2.29291e-09 1.46746e-07 5.53773e-06 0.000123221 0.00161669 0.0125075 0.0570652 0.153645 0.244948 0.235156 0.146831 0.0762422 0.0425223 0.0209159 0.0068773 0.00137078 0.000161999 1.1301e-05 4.64945e-07 1.12798e-08 1.61354e-10 1.36096e-12 6.76885e-15 1.98497e-17
 2.05413e-11 2.22956e-09 1.42691e-07 5.38473e-06 0.000119817 0.00157203 0.0121621 0.0554916 0.149442 0.23852 0.230279 0.147337 0.0817116 0.0487643 0.0246195 0.00814463 0.0016254 0.000192137 1.34041e-05 5.51474e-07 1.33791e-08 1.91384e-10 1.61425e-12 8.02858e-15 2.35439e-17
 2.09597e-11 2.27498e-09 1.45598e-07 5.49442e-06 0.000122257 0.00160405 0.0124097 0.0566197 0.152455 0.243128 0.233775 0.146974 0.0777905 0.0442893 0.0219643 0.00723605 0.00144286 0.00017053 1.18963e-05 4.89439e-07 1.18741e-08 1.69855e-10 1.43266e-12 7.12545e-15 2.08954e-17
#obs surv len freq
 4.92801e-11 4.56711e-09 2.49573e-07 8.04159e-06 0.000152783 0.00171163 0.0113085 0.044094 0.10187 0.142347 0.132634 0.111654 0.110868 0.10771 0.0912172 0.0682936 0.0425597 0.0211919 0.00860267 0.00285685 0.000748348 0.000147587 2.09992e-05 2.07586e-06 1.38034e-07
 2.98286e-11 2.66625e-09 1.40526e-07 4.36716e-06 8.00278e-05 0.000864828 0.00551473 0.0208164 0.0472933 0.0700512 0.0882771 0.125389 0.165084 0.16353 0.128893 0.0895906 0.0535817 0.0262123 0.0104494 0.00335408 0.000835615 0.000154873 2.05045e-05 1.86993e-06 1.13971e-07
 1.34708e-11 1.15934e-09 5.88324e-08 1.76041e-06 3.10617e-05 0.000323267 0.00198711 0.00726719 0.0164099 0.026799 0.0449461 0.0834978 0.1333 0.174361 0.19069 0.160343 0.0965142 0.0427357 0.0151132 0.00443649 0.00103818 0.00018149 2.25034e-05 1.90603e-06 1.07175e-07
 2.69181e-10 2.22694e-08 1.08632e-06 3.12462e-05 0.000529934 0.00529948 0.0312489 0.108651 0.222784 0.269569 0.193202 0.0840265 0.0265001 0.0133993 0.0139623 0.013417 0.00956966 0.0050697 0.0020023 0.000586208 0.000127145 2.02744e-05 2.31096e-06 1.81106e-07 9.42515e-09
 1.72536e-10 1.37002e-08 6.41442e-07 1.77084e-05 0.000288268 0.00276727 0.0156736 0.0525199 0.105592 0.136343 0.143421 0.165085 0.174658 0.125795 0.0559925 0.0159846 0.00382523 0.00128452 0.000528938 0.000174739 4.05418e-05 6.42884e-06 6.90097e-07 4.96472e-08 2.35894e-09
 4.38403e-10 3.33636e-08 1.49713e-06 3.96126e-05 0.00061801 0.0056853 0.0308423 0.0987157 0.186885 0.212078 0.154128 0.0922892 0.0676915 0.0584967 0.0467831 0.0293082 0.0124668 0.00333516 0.000560769 6.65843e-05 7.50555e-06 9.18552e-07 9.39177e-08 6.57161e-09 2.96422e-10
 5.3631e-10 3.90644e-08 1.67777e-06 4.24886e-05 0.00063446 0.00558666 0.0290162 0.0890279 0.162638 0.183997 0.151601 0.127191 0.112005 0.0771161 0.0382994 0.0153722 0.00544867 0.00160414 0.000356045 5.58524e-05 5.9471e-06 4.30687e-07 2.28528e-08 9.90082e-10 3.49921e-11
 7.87281e-10 5.48158e-08 2.25044e-06 5.44778e-05 0.000777612 0.0065452 0.0324958 0.0953104 0.166464 0.180156 0.142401 0.116037 0.102797 0.076985 0.0463779 0.0227725 0.00834368 0.00208207 0.000350879 4.27265e-05 4.06553e-06 3.00775e-07 1.60038e-08 5.7403e-10 1.36386e-11
 1.03589e-09 6.88619e-08 2.69919e-06 6.23845e-05 0.00085019 0.00683268 0.0323972 0.0908526 0.152616 0.163275 0.138925 0.129337 0.118924 0.0853672 0.0480561 0.0222301 0.00790126 0.00198077 0.000343915 4.23173e-05 3.74693e-06 2.37454e-07 1.06857e-08 3.39543e-10 7.48582e-12
 1.23011e-09 7.79858e-08 2.91524e-06 6.42575e-05 0.000835172 0.00640177 0.0289638 0.0776778 0.126191 0.137033 0.13287 0.144068 0.139762 0.103455 0.0610267 0.0288976 0.00998904 0.00234233 0.000372874 4.21582e-05 3.51031e-06 2.13595e-07 9.16509e-09 2.68327e-10 5.24911e-12
 2.49619e-09 1.50764e-07 5.36915e-06 0.000112746 0.00139603 0.0101935 0.0439146 0.111907 0.170902 0.166533 0.12986 0.112605 0.100318 0.0749366 0.0460013 0.0220291 0.00738544 0.00163369 0.000240412 2.46551e-05 1.83821e-06 1.00158e-07 3.89261e-09 1.04852e-10 1.90953e-12
 3.67314e-09 2.11145e-07 7.15667e-06 0.000143031 0.00168559 0.0117148 0.048049 0.11673 0.171078 0.16458 0.135543 0.124008 0.104566 0.0674965 0.0344765 0.0143153 0.00446744 0.000975215 0.000147844 1.58826e-05 1.21215e-06 6.44183e-08 2.33467e-09 5.70537e-11 9.32987e-13
 5.24642e-09 2.86769e-07 9.24251e-06 0.000175646 0.00196831 0.0130087 0.0507548 0.117473 0.165259 0.157301 0.136169 0.13009 0.108418 0.0680656 0.0336344 0.0131691 0.00371467 0.000695789 8.55087e-05 7.20926e-06 4.45095e-07 2.07307e-08 7.06982e-10 1.67357e-11 2.63621e-13
 6.97215e-09 3.62073e-07 1.1087e-05 0.000200182 0.00213133 0.0133849 0.0496528 0.109595 0.149133 0.144771 0.138428 0.141366 0.118646 0.0751352 0.0378467 0.0148114 0.0040644 0.000730584 8.55516e-05 6.75198e-06 3.74032e-07 1.47865e-08 4.13111e-10 8.03175e-12 1.07382e-13
 1.18828e-08 5.85836e-07 1.70302e-05 0.000291915 0.00295058 0.0175907 0.061938 0.129659 0.166677 0.150629 0.131591 0.125126 0.10137 0.0638316 0.032176 0.0123168 0.00322523 0.000545223 5.95164e-05 4.35103e-06 2.22502e-07 8.10357e-09 2.07048e-10 3.61474e-12 4.22592e-14
 1.60334e-08 7.4991e-07 2.06815e-05 0.000336317 0.00322514 0.0182458 0.061025 0.121949 0.153072 0.145457 0.143553 0.142115 0.10896 0.0619175 0.0277724 0.00961704 0.00232617 0.000367504 3.76645e-05 2.58531e-06 1.23618e-07 4.18029e-09 9.84756e-11 1.57676e-12 1.68425e-14
 2.58155e-08 1.1448e-06 2.99343e-05 0.000461533 0.00419633 0.0225089 0.0713814 0.135262 0.161021 0.145116 0.136122 0.129707 0.0984987 0.0574876 0.0266056 0.0091499 0.00211039 0.000309075 2.86586e-05 1.73688e-06 7.21771e-08 2.12924e-09 4.45719e-11 6.45614e-13 6.29857e-15
 3.74484e-08 1.57372e-06 3.89953e-05 0.000569765 0.00490937 0.02496 0.0750851 0.135481 0.156122 0.142612 0.139151 0.132031 0.0975734 0.0556361 0.0251759 0.00843291 0.00190896 0.000281637 2.74117e-05 1.81163e-06 8.24155e-08 2.54734e-09 5.22494e-11 7.00476e-13 6.11747e-15
 5.9735e-08 2.37787e-06 5.58133e-05 0.000772479 0.006305 0.030366 0.0865461 0.148049 0.162144 0.141607 0.132663 0.121415 0.0880864 0.0502053 0.0225638 0.007357 0.00160683 0.000230308 2.21706e-05 1.48012e-06 6.91542e-08 2.21899e-09 4.75816e-11 6.6741e-13 6.03318e-15
 8.23715e-08 3.10499e-06 6.90136e-05 0.000904513 0.00699161 0.0319005 0.0862824 0.141211 0.152922 0.142325 0.143365 0.129974 0.0892128 0.0474238 0.0198754 0.0060871 0.00126127 0.000173584 1.62507e-05 1.06451e-06 4.89381e-08 1.54629e-09 3.27494e-11 4.56203e-13 4.11928e-15
 1.35432e-07 4.83311e-06 0.000101701 0.0012619 0.0092344 0.0398875 0.102118 0.158054 0.16122 0.140078 0.132132 0.114686 0.0773944 0.0410192 0.0168443 0.0048975 0.0009385 0.000116957 9.76015e-06 5.68952e-07 2.36634e-08 6.93142e-10 1.38828e-11 1.85014e-13 1.60695e-15
 1.70569e-07 5.76191e-06 0.000114769 0.00134805 0.00933976 0.0382253 0.093074 0.139368 0.146454 0.145434 0.151563 0.130227 0.0829188 0.0409547 0.0157351 0.00433327 0.000799344 9.7665e-05 8.09269e-06 4.65415e-07 1.857e-08 5.04707e-10 9.17495e-12 1.10298e-13 8.69198e-16
 2.58099e-07 8.25242e-06 0.000155586 0.00172976 0.0113441 0.0439572 0.101427 0.144494 0.146337 0.142464 0.145345 0.123139 0.0794414 0.040138 0.0152762 0.00398936 0.000674384 7.34644e-05 5.32632e-06 2.68453e-07 9.62409e-09 2.42501e-10 4.16631e-12 4.74354e-14 3.50528e-16
 4.34482e-07 1.31492e-05 0.000234649 0.00246923 0.0153273 0.0562075 0.122667 0.164796 0.155662 0.139077 0.13109 0.104237 0.0635962 0.030437 0.0109717 0.00272316 0.000441409 4.66727e-05 3.30917e-06 1.61597e-07 5.45732e-09 1.25456e-10 1.92791e-12 1.95727e-14 1.30165e-16
 5.70094e-07 1.63315e-05 0.000275872 0.00274809 0.0161518 0.0561465 0.116761 0.152855 0.150664 0.1496 0.145816 0.110143 0.0613477 0.0264724 0.00868224 0.00198759 0.000299657 2.96073e-05 1.97063e-06 9.0921e-08 2.92118e-09 6.41319e-11 9.38889e-13 8.99446e-15 5.56259e-17
 7.93247e-07 2.15121e-05 0.000344001 0.0032441 0.0180532 0.0594578 0.11749 0.147898 0.144795 0.14632 0.143432 0.110643 0.0654561 0.0301121 0.0100936 0.00227262 0.00033235 3.1919e-05 2.07464e-06 9.31509e-08 2.87678e-09 5.98986e-11 8.24731e-13 7.40971e-15 4.29903e-17
 1.06404e-06 2.73199e-05 0.000413627 0.0036934 0.0194674 0.0608168 0.114748 0.141537 0.144154 0.153927 0.149858 0.110848 0.0624099 0.0272639 0.00867851 0.001866 0.000263705 2.48473e-05 1.60197e-06 7.13562e-08 2.16679e-09 4.38769e-11 5.81983e-13 4.99453e-15 2.74553e-17
 1.56222e-06 3.7981e-05 0.000544505 0.00460406 0.0229837 0.0680557 0.122107 0.144946 0.145429 0.153189 0.144588 0.103741 0.0569412 0.0239863 0.00720808 0.00143577 0.000185057 1.57137e-05 9.11162e-07 3.69799e-08 1.04597e-09 2.01217e-11 2.56431e-13 2.12088e-15 1.12093e-17
#pred catch len freq
 1.49134e-12 1.61871e-10 1.03598e-08 3.90953e-07 8.70014e-06 0.000114213 0.000886148 0.00410229 0.0118592 0.0254962 0.0558402 0.121481 0.193612 0.200648 0.144403 0.0881 0.0537029 0.0329329 0.020659 0.0137536 0.00994155 0.00792407 0.00662852 0.00501054 0.00289501
 1.16616e-12 1.26576e-10 8.10087e-09 3.05711e-07 6.80352e-06 8.93365e-05 0.000694016 0.00323318 0.00962202 0.0227611 0.0571572 0.133042 0.214905 0.220229 0.151777 0.0845575 0.045931 0.0247736 0.0131636 0.00713861 0.00412631 0.00267899 0.00194499 0.00138027 0.000788962
 3.90626e-13 4.23988e-11 2.71357e-09 1.02411e-07 2.27989e-06 2.99874e-05 0.000234944 0.00114059 0.00401414 0.014034 0.0498019 0.131353 0.218872 0.227473 0.160572 0.0928458 0.0509065 0.0258802 0.0121475 0.00553547 0.00254016 0.00124867 0.000704981 0.000430696 0.000231678
 4.26132e-12 4.62525e-10 2.96016e-08 1.11708e-06 2.48569e-05 0.000326175 0.00252522 0.0115625 0.0316987 0.0551307 0.0748518 0.107844 0.151411 0.163654 0.140481 0.109165 0.0747054 0.0420805 0.0202267 0.00869828 0.00342434 0.0013036 0.000528746 0.000243413 0.000112387
 1.54214e-11 1.67384e-09 1.07126e-07 4.04259e-06 8.99528e-05 0.00118023 0.00913183 0.041687 0.11256 0.182043 0.187086 0.150626 0.127882 0.102113 0.0570986 0.0204073 0.00526093 0.00156273 0.000717667 0.000342204 0.000137987 4.75404e-05 1.49612e-05 4.79551e-06 1.64278e-06
 1.25828e-11 1.36575e-09 8.74076e-08 3.2985e-06 7.3396e-05 0.000963015 0.00745189 0.0340349 0.09213 0.150867 0.163783 0.154237 0.15629 0.133878 0.0751204 0.0254252 0.00509724 0.00060308 4.20801e-05 1.73133e-06 4.20034e-08 6.00863e-10 5.07267e-12 2.64302e-14 3.69071e-16
 1.49701e-11 1.62486e-09 1.03991e-07 3.9243e-06 8.73208e-05 0.0011457 0.00886481 0.0404712 0.109322 0.17716 0.18373 0.152167 0.133918 0.108346 0.0599717 0.0202416 0.0040558 0.000479814 3.34794e-05 1.37759e-06 3.3433e-08 4.78849e-10 4.05712e-12 2.05047e-14 6.35782e-17
 1.52504e-11 1.65528e-09 1.05938e-07 3.99777e-06 8.89556e-05 0.00116715 0.00903068 0.0412269 0.11134 0.180247 0.186072 0.151924 0.131292 0.105349 0.0581932 0.019633 0.00393353 0.000465338 3.24683e-05 1.33586e-06 3.24089e-08 4.63601e-10 3.9103e-12 1.94482e-14 5.70324e-17
 1.5198e-11 1.6496e-09 1.05574e-07 3.98404e-06 8.86501e-05 0.00116314 0.00899968 0.0410856 0.110963 0.17967 0.185634 0.151969 0.131783 0.105909 0.0585256 0.0197467 0.00395638 0.000468043 3.26571e-05 1.34363e-06 3.25973e-08 4.66296e-10 3.93303e-12 1.95612e-14 5.73635e-17
 1.43378e-11 1.55624e-09 9.95988e-08 3.75855e-06 8.36327e-05 0.00109732 0.00849058 0.0387665 0.104768 0.170196 0.178447 0.152715 0.139844 0.115109 0.0639839 0.0216145 0.00433162 0.000512459 3.57565e-05 1.47115e-06 3.56911e-08 5.10552e-10 4.30631e-12 2.14178e-14 6.28079e-17
 1.44344e-11 1.56671e-09 1.00269e-07 3.78386e-06 8.41959e-05 0.0011047 0.00854772 0.0390268 0.105464 0.171259 0.179253 0.152631 0.138939 0.114076 0.0633713 0.0214049 0.00428951 0.000507474 3.54086e-05 1.45684e-06 3.53439e-08 5.05585e-10 4.26442e-12 2.12094e-14 6.21967e-17
 1.61306e-11 1.75082e-09 1.12052e-07 4.2285e-06 9.40896e-05 0.0012345 0.00955161 0.0435999 0.117679 0.189941 0.193426 0.151161 0.123044 0.0959357 0.052608 0.0177218 0.00354955 0.000419889 2.92968e-05 1.20537e-06 2.92431e-08 4.18315e-10 3.52833e-12 1.75484e-14 5.14608e-17
 1.62917e-11 1.76831e-09 1.13172e-07 4.27075e-06 9.50295e-05 0.00124683 0.00964699 0.0440344 0.118839 0.191716 0.194772 0.151021 0.121534 0.0942123 0.0515854 0.0173719 0.00347925 0.000411568 2.87162e-05 1.18148e-06 2.86635e-08 4.10024e-10 3.4584e-12 1.72006e-14 5.04409e-17
 1.6039e-11 1.74088e-09 1.11416e-07 4.2045e-06 9.35555e-05 0.0012275 0.00949742 0.043353 0.117019 0.188932 0.192661 0.15124 0.123902 0.0969149 0.053189 0.0179206 0.0035895 0.000424617 2.96268e-05 1.21895e-06 2.95725e-08 4.23026e-10 3.56807e-12 1.7746e-14 5.20404e-17
 1.71364e-11 1.86e-09 1.19039e-07 4.49218e-06 9.99566e-05 0.00131148 0.0101469 0.0463118 0.124922 0.201019 0.20183 0.150289 0.113618 0.0851783 0.0462252 0.0155377 0.00311075 0.00036795 2.56725e-05 1.05625e-06 2.56253e-08 3.66564e-10 3.09183e-12 1.53774e-14 4.50944e-17
 1.78349e-11 1.9358e-09 1.23891e-07 4.67526e-06 0.00010403 0.00136492 0.0105603 0.0481948 0.129952 0.208712 0.207666 0.149683 0.107073 0.0777089 0.0417933 0.0140212 0.00280607 0.000331886 2.31559e-05 9.52708e-07 2.31133e-08 3.3063e-10 2.78874e-12 1.387e-14 4.06738e-17
 1.7617e-11 1.91215e-09 1.22378e-07 4.61815e-06 0.00010276 0.00134825 0.0104313 0.0476074 0.128383 0.206312 0.205845 0.149872 0.109115 0.080039 0.0431759 0.0144943 0.00290112 0.000343137 2.3941e-05 9.85009e-07 2.3897e-08 3.4184e-10 2.88329e-12 1.43402e-14 4.20529e-17
 1.70685e-11 1.85262e-09 1.18568e-07 4.47438e-06 9.95605e-05 0.00130628 0.0101067 0.0461287 0.124433 0.200271 0.201263 0.150348 0.114255 0.0859046 0.0466561 0.0156852 0.00314038 0.000371457 2.59172e-05 1.06632e-06 2.58696e-08 3.70057e-10 3.1213e-12 1.5524e-14 4.55242e-17
 1.79201e-11 1.94505e-09 1.24483e-07 4.69761e-06 0.000104528 0.00137145 0.0106107 0.0484246 0.130566 0.20965 0.208378 0.149609 0.106275 0.0767973 0.0412525 0.0138361 0.00276888 0.000327485 2.28488e-05 9.40071e-07 2.28067e-08 3.26244e-10 2.75175e-12 1.3686e-14 4.01343e-17
 1.83455e-11 1.99122e-09 1.27438e-07 4.80911e-06 0.000107009 0.001404 0.0108625 0.0495714 0.133629 0.214335 0.211932 0.14924 0.102289 0.0722482 0.0385533 0.0129126 0.00258332 0.000305521 2.13162e-05 8.77011e-07 2.12769e-08 3.0436e-10 2.56716e-12 1.27679e-14 3.74421e-17
 1.88252e-11 2.0433e-09 1.30771e-07 4.93489e-06 0.000109807 0.00144071 0.0111465 0.050865 0.137084 0.21962 0.215941 0.148824 0.0977925 0.067117 0.0355088 0.0118708 0.00237402 0.000280747 1.95874e-05 8.05881e-07 1.95512e-08 2.79674e-10 2.35895e-12 1.17324e-14 3.44053e-17
 1.88686e-11 2.048e-09 1.31072e-07 4.94624e-06 0.00011006 0.00144403 0.0111721 0.0509818 0.137396 0.220097 0.216303 0.148787 0.0973866 0.0666537 0.0352339 0.0117767 0.00235512 0.00027851 1.94313e-05 7.99459e-07 1.93954e-08 2.77445e-10 2.34015e-12 1.16389e-14 3.41311e-17
 1.92787e-11 2.09251e-09 1.33921e-07 5.05375e-06 0.000112452 0.00147541 0.0114148 0.0520875 0.140349 0.224614 0.219729 0.148431 0.0935435 0.0622677 0.0326315 0.0108862 0.00217621 0.000257334 1.79536e-05 7.3866e-07 1.79203e-08 2.56345e-10 2.16218e-12 1.07537e-14 3.15354e-17
 1.93683e-11 2.10224e-09 1.34543e-07 5.07724e-06 0.000112975 0.00148227 0.0114679 0.0523291 0.140995 0.225601 0.220478 0.148354 0.0927035 0.0613091 0.0320627 0.0106916 0.00213711 0.000252705 1.76306e-05 7.25371e-07 1.75979e-08 2.51734e-10 2.12328e-12 1.05603e-14 3.09681e-17
 1.9664e-11 2.13434e-09 1.36597e-07 5.15475e-06 0.000114699 0.0015049 0.0116429 0.0531263 0.143124 0.228857 0.222949 0.148097 0.0899328 0.0581469 0.0301865 0.0100496 0.00200812 0.000237438 1.65652e-05 6.81537e-07 1.65345e-08 2.36521e-10 1.99497e-12 9.92212e-15 2.90967e-17
 1.99619e-11 2.16667e-09 1.38667e-07 5.23285e-06 0.000116437 0.00152769 0.0118192 0.0539295 0.145269 0.232138 0.225438 0.147839 0.087141 0.0549608 0.0282961 0.00940269 0.00187816 0.000222054 1.54917e-05 6.3737e-07 1.5463e-08 2.21193e-10 1.86568e-12 9.2791e-15 2.7211e-17
 1.94482e-11 2.11091e-09 1.35098e-07 5.09819e-06 0.000113441 0.00148838 0.0115151 0.0525445 0.14157 0.226481 0.221146 0.148284 0.0919549 0.0604547 0.0315558 0.0105181 0.00210226 0.00024858 1.73427e-05 7.13527e-07 1.73106e-08 2.47623e-10 2.08861e-12 1.03879e-14 3.04625e-17
 2.00904e-11 2.18062e-09 1.3956e-07 5.26654e-06 0.000117187 0.00153753 0.0118952 0.054276 0.146195 0.233554 0.226512 0.147728 0.0859366 0.0535862 0.0274805 0.0091236 0.00182209 0.000215418 1.50286e-05 6.18315e-07 1.50007e-08 2.1458e-10 1.8099e-12 9.00169e-15 2.63975e-17
#obs catch len freq
 4.32637e-11 4.00953e-09 2.19104e-07 7.05983e-06 0.000134131 0.00150269 0.00992871 0.0387283 0.0896489 0.126534 0.123158 0.115152 0.123779 0.120647 0.0988219 0.07179 0.0444355 0.0223582 0.00922648 0.0031179 0.000833997 0.00016895 2.4786e-05 2.52498e-06 1.72364e-07
 6.77133e-11 6.05259e-09 3.19004e-07 9.91375e-06 0.000181664 0.00196293 0.0125087 0.04705 0.104934 0.142075 0.130286 0.111404 0.112077 0.108033 0.0905885 0.0668914 0.0408512 0.0199097 0.00790083 0.00255069 0.000644549 0.000121675 1.64511e-05 1.53539e-06 9.58704e-08
 4.21052e-11 3.62371e-09 1.83891e-07 5.50243e-06 9.70843e-05 0.00101018 0.00620295 0.0225586 0.0495099 0.0716602 0.090588 0.129217 0.166943 0.1618 0.125843 0.0863813 0.0506977 0.0242645 0.00943666 0.0029376 0.000704577 0.000124786 1.56777e-05 1.34854e-06 7.71325e-08
 1.95865e-11 1.6204e-09 7.90447e-08 2.27362e-06 3.85637e-05 0.000385818 0.00228035 0.0080275 0.0175399 0.0282308 0.0476247 0.0877415 0.137591 0.177334 0.190088 0.155193 0.0905364 0.0390333 0.0134794 0.00384459 0.000866012 0.000144472 1.69748e-05 1.35461e-06 7.14264e-08
 3.87594e-10 3.07767e-08 1.44097e-06 3.97807e-05 0.000647557 0.00621542 0.0351765 0.117391 0.231034 0.268341 0.184707 0.0774351 0.0242 0.0129389 0.0135731 0.0126912 0.00877979 0.00450628 0.00171929 0.000484741 0.000100872 1.53442e-05 1.65707e-06 1.22281e-07 5.96337e-09
 2.5728e-10 1.95797e-08 8.78602e-07 2.32471e-05 0.000362695 0.00333702 0.0181162 0.0582055 0.112398 0.140436 0.145598 0.165638 0.169698 0.117203 0.0500193 0.0138355 0.00333323 0.00114836 0.000463494 0.000146734 3.2408e-05 4.87262e-06 4.94003e-07 3.3427e-08 1.48771e-09
 6.51897e-10 4.74836e-08 2.03937e-06 5.16457e-05 0.00077119 0.00679026 0.0352575 0.108015 0.195791 0.213034 0.149419 0.0880497 0.0644785 0.0551692 0.0432075 0.0261331 0.0106272 0.00271007 0.000436136 5.03831e-05 5.62544e-06 6.68866e-07 6.47961e-08 4.25499e-09 1.79429e-10
 8.09145e-10 5.63381e-08 2.31295e-06 5.59907e-05 0.000799209 0.00672703 0.0333997 0.0979801 0.171291 0.186223 0.149477 0.123732 0.10607 0.0704814 0.0340234 0.0134149 0.00466046 0.00133054 0.000283977 4.25811e-05 4.31983e-06 2.98365e-07 1.51535e-08 6.26862e-10 2.09139e-11
 1.20106e-09 7.9842e-08 3.12958e-06 7.23316e-05 0.000985743 0.00792171 0.037552 0.105179 0.175571 0.182298 0.140005 0.112275 0.0970328 0.0706828 0.0416079 0.0198507 0.00698917 0.00166819 0.000269595 3.16494e-05 2.90297e-06 2.05357e-07 1.03593e-08 3.50597e-10 7.84129e-12
 1.60511e-09 1.0176e-07 3.80396e-06 8.38462e-05 0.00108975 0.00835243 0.0377711 0.101048 0.162122 0.166503 0.137831 0.12549 0.111677 0.0776789 0.042686 0.0192116 0.00657506 0.00157905 0.000262644 3.09632e-05 2.621e-06 1.5828e-07 6.76613e-09 2.03474e-10 4.22624e-12
 1.95448e-09 1.18046e-07 4.20395e-06 8.82787e-05 0.0010931 0.0079825 0.0344096 0.0879533 0.13639 0.142212 0.133821 0.140586 0.131471 0.0944097 0.0543034 0.02488 0.00823749 0.00184417 0.000280829 3.04419e-05 2.42642e-06 1.40627e-07 5.71729e-09 1.57947e-10 2.90625e-12
 3.91354e-09 2.24964e-07 7.62506e-06 0.000152392 0.00179589 0.0124807 0.0511763 0.124153 0.180686 0.168503 0.127179 0.107385 0.0927646 0.0674527 0.0402995 0.0185773 0.00594116 0.00125106 0.000175662 1.7236e-05 1.22897e-06 6.37899e-08 2.35037e-09 5.9761e-11 1.02346e-12
 5.83588e-09 3.18989e-07 1.02809e-05 0.00019538 0.00218942 0.0144691 0.0564344 0.1304 0.181935 0.167182 0.13238 0.116444 0.0942171 0.0587881 0.0292338 0.0117524 0.00351639 0.000733209 0.000106212 1.08961e-05 7.91548e-07 3.98812e-08 1.36596e-09 3.14626e-11 4.8362e-13
 8.40208e-09 4.36332e-07 1.33608e-05 0.000241236 0.00256837 0.0161274 0.059786 0.131511 0.176019 0.160006 0.133031 0.121855 0.0973272 0.0590356 0.0283344 0.0106921 0.0028758 0.000511448 5.97762e-05 4.81366e-06 2.84499e-07 1.26414e-08 4.08538e-10 9.11072e-12 1.34654e-13
 1.13876e-08 5.61419e-07 1.63204e-05 0.000279749 0.00282763 0.0168586 0.0593749 0.12445 0.160945 0.1488 0.135706 0.132092 0.106187 0.065046 0.0317701 0.0119371 0.0031148 0.000530742 5.89953e-05 4.43127e-06 2.33785e-07 8.78212e-09 2.3233e-10 4.26321e-12 5.36236e-14
 1.93533e-08 9.05185e-07 2.49637e-05 0.00040595 0.0038927 0.0220171 0.0735486 0.146083 0.178213 0.152856 0.12665 0.114436 0.0888376 0.0541413 0.0263986 0.00966662 0.00240066 0.000384016 3.97347e-05 2.76157e-06 1.34392e-07 4.64684e-09 1.12258e-10 1.8462e-12 2.02726e-14
 2.65394e-08 1.1769e-06 3.07737e-05 0.000474475 0.004314 0.0231399 0.0733799 0.139026 0.165362 0.148517 0.13807 0.129251 0.0945966 0.0518722 0.0225041 0.00746473 0.00171346 0.000256103 2.48641e-05 1.62095e-06 7.36709e-08 2.36236e-09 5.2566e-11 7.92273e-13 7.9441e-15
 4.22692e-08 1.77631e-06 4.40152e-05 0.000643106 0.0055411 0.0281664 0.0846496 0.152024 0.171522 0.14638 0.129816 0.117363 0.0853766 0.0481685 0.0214915 0.00704412 0.00153601 0.000212198 1.85865e-05 1.06741e-06 4.21321e-08 1.1797e-09 2.33551e-11 3.18624e-13 2.91779e-15
 6.1547e-08 2.45e-06 5.75063e-05 0.000795909 0.0064962 0.0312858 0.0891529 0.152385 0.166289 0.143556 0.132139 0.118905 0.0842267 0.046427 0.0202314 0.00645539 0.00138317 0.000193017 1.78001e-05 1.11555e-06 4.80326e-08 1.40023e-09 2.70062e-11 3.39797e-13 2.78135e-15
 9.79199e-08 3.69109e-06 8.20402e-05 0.00107522 0.00831041 0.0379008 0.102287 0.165652 0.171522 0.140975 0.123997 0.107512 0.0748466 0.0412212 0.0177914 0.00551398 0.00113939 0.00015459 1.41183e-05 8.94603e-07 3.95662e-08 1.19695e-09 2.41128e-11 3.16913e-13 2.67853e-15
 1.37217e-07 4.89681e-06 0.000103041 0.00127854 0.00935611 0.0404132 0.103463 0.160123 0.163268 0.141591 0.132768 0.113657 0.0747214 0.0383332 0.0154227 0.00449055 0.000880736 0.000114813 1.02012e-05 6.34063e-07 2.75737e-08 8.2087e-10 1.63257e-11 2.12987e-13 1.79697e-15
 2.22456e-07 7.51467e-06 0.000149681 0.00175803 0.0121777 0.0497895 0.120634 0.176524 0.169467 0.137073 0.120259 0.0986438 0.0638447 0.0326142 0.0128096 0.00352893 0.000638435 7.52005e-05 5.94938e-06 3.29284e-07 1.29774e-08 3.58677e-10 6.75e-12 8.42398e-14 6.83342e-16
 2.89066e-07 9.24258e-06 0.000174254 0.00193727 0.0127039 0.0492062 0.113316 0.159989 0.156692 0.142461 0.137027 0.11105 0.0677072 0.0321978 0.0118321 0.00308979 0.000538736 6.22753e-05 4.88951e-06 2.66266e-07 1.00301e-08 2.56505e-10 4.37591e-12 4.92591e-14 3.62693e-16
 4.36826e-07 1.32201e-05 0.000235915 0.00248255 0.0154098 0.0565066 0.123285 0.165417 0.155542 0.137858 0.129601 0.103758 0.0641924 0.0311441 0.0112807 0.00278218 0.000443177 4.55654e-05 3.1275e-06 1.49463e-07 5.0713e-09 1.20436e-10 1.94203e-12 2.06843e-14 1.42628e-16
 7.22446e-07 2.06959e-05 0.000349589 0.00348218 0.0204592 0.0710024 0.146506 0.18527 0.162089 0.130975 0.113014 0.0846928 0.0494922 0.022721 0.00779071 0.00182659 0.000279199 2.7878e-05 1.86985e-06 8.63542e-08 2.75083e-09 5.94584e-11 8.5684e-13 8.13994e-15 5.05488e-17
 9.4956e-07 2.57511e-05 0.000411783 0.00388312 0.0216041 0.0710719 0.139697 0.171868 0.156371 0.141047 0.127091 0.0907201 0.0483674 0.0200235 0.00625299 0.0013531 0.000192414 1.79549e-05 1.13073e-06 4.93493e-08 1.4956e-09 3.08579e-11 4.23225e-13 3.78898e-15 2.18533e-17
 1.34214e-06 3.44601e-05 0.000521718 0.00465808 0.0245396 0.0764788 0.142717 0.168166 0.150287 0.136422 0.12342 0.0902301 0.0511497 0.0224852 0.00714252 0.00151672 0.000209131 1.89713e-05 1.16609e-06 4.94541e-08 1.43815e-09 2.81053e-11 3.62265e-13 3.04037e-15 1.64455e-17
 1.84227e-06 4.47893e-05 0.000642098 0.00542878 0.0270894 0.0800575 0.14238 0.163125 0.149022 0.141326 0.12681 0.0888421 0.047863 0.0199526 0.00601595 0.00122052 0.000162783 1.44977e-05 8.83694e-07 3.71328e-08 1.06012e-09 2.01214e-11 2.49561e-13 1.99862e-15 1.02337e-17
#spawning biomass
 29461.3 33413.2 25802.4 15849.4 30317.4 45378.2 79054.5 109581 145361 177474 185274 207758 239822 247028 231062 247443 223287 222804 229844 229794 260049 286994 261041 246229 223445 257611 263818 231425 216658 353858 140442 55480.3 28267.6 20526.2 18485.5 17974.7 17851.5 17822.6 17815.9 17814.4 17814 17814 17813.9 17813.9 17813.9 17813.9 17813.9 17813.9 17813.9 17813.9 17813.9 17813.9 17813.9 17813.9 17813.9 17813.9 17813.9 17813.9 17813.9 17813.9 17813.9 17813.9 17813.9 17813.9 17813.9 17813.9 17813.9 17813.9 17813.9 17813.9 17813.9 17813.9 17813.9 17813.9 17813.9 17813.9 17813.9 17813.9 17813.9 17813.9 17813.9 17813.9 17813.9 17813.9 17813.9 17813.9 17813.9 17813.9 17813.9 17813.9 17813.9 17813.9 17813.9 17813.9 17813.9 17813.9 17813.9 17813.9 17813.9 17813.9 17813.9 17813.9 17813.9 17813.9 17813.9 17813.9 17813.9 17813.9 17813.9 17813.9 17813.9 17813.9 17813.9 17813.9 17813.9 17813.9 17813.9 17813.9 17813.9 17813.9 17813.9 17813.9 17813.9 17813.9 17813.9 17813.9 17813.9 17813.9 0 0 0 0 0 0 0 0 0 0 0 0 0 0 0 0 0 0 0 0 0 0 0 0 0
