SBPRF35
0.819782
Curr Bio
122046
B35
897622
F35
0.20086
FOFL
0
OFL
0
Bzero
234224
#pred survey bio
 36683.5 31829.6 23247.9 15075.1 17029.1 24021.3 30069.5 35481.9 44481.3 53020.3 65140.1 71790.7 76277.2 94393.7 95122.2 100103 116911 98941.2 106681 99260.2 108835 118515 111185 111496 119895 107366 112076 134747 5.15424e+06 8.18097e+06 9.12056e+06 8.87812e+06 7.98807e+06 6.87484e+06 5.79103e+06 4.8537e+06 4.09661e+06 3.51082e+06 3.0701e+06 2.7445e+06 2.50668e+06 2.33404e+06 2.20795e+06 2.11381e+06 2.04682e+06 1.99872e+06 1.96384e+06 1.93829e+06 1.91938e+06 1.90523e+06 1.89455e+06 1.88641e+06 1.88014e+06 1.87528e+06 1.87147e+06 1.86848e+06 1.86611e+06 1.86422e+06 1.86271e+06 1.8615e+06 1.86052e+06 1.85973e+06 1.8591e+06 1.85858e+06 1.85816e+06 1.85781e+06 1.85754e+06 1.85731e+06 1.85712e+06 1.85697e+06 1.85685e+06 1.85675e+06 1.85666e+06 1.8566e+06 1.85654e+06 1.8565e+06 1.85646e+06 1.85643e+06 1.8564e+06 1.85638e+06 1.85637e+06 1.85635e+06 1.85634e+06 1.85633e+06 1.85633e+06 1.85632e+06 1.85631e+06 1.85631e+06 1.85631e+06 1.8563e+06 1.8563e+06 1.8563e+06 1.8563e+06 1.8563e+06 1.8563e+06 1.8563e+06 1.85629e+06 1.85629e+06 1.85629e+06 1.85629e+06 1.85629e+06 1.85629e+06 1.85629e+06 1.85629e+06 1.85629e+06 1.85629e+06 1.85629e+06 1.85629e+06 1.85629e+06 1.85629e+06 1.85629e+06 1.85629e+06 1.85629e+06 1.85629e+06 1.85629e+06 1.85629e+06 1.85629e+06 1.85629e+06 1.85629e+06 1.85629e+06 1.85629e+06 1.85629e+06 1.85629e+06 1.85629e+06 1.85629e+06 1.85629e+06 1.85629e+06 1.85629e+06 0 0 0 0 0 0 0 0 0 0 0 0 0 0 0 0 0 0 0 0 0 0 0 0 0
#obs survey bio
 35379.1 30072.2 16851.2 11967.4 14468.6 25311.5 34097.3 31554.6 49365.6 48678.3 71329.3 69557.4 74988.8 88735.9 110388 119848 89453.8 117255 109179 108755 85437.5 119399 180032 119461 132599 132702 118891 156696
#pred catch bio
 21597.2 18050.1 14612.7 10128.1 10549.9 15753.1 21928.8 25415.1 32668.2 39253.5 52768 62425.2 64460.1 86347.8 89095.6 91111.2 115323 92984 105563 99053.5 113097 127210 118884 119652 135209 123463 130279 116758 0 64086.5 70993.3 68470.2 60871.2 51635.4 42789.8 35252 29260.7 24711.2 21364.4 18957.7 17255.8 16067.1 15239.6 14659.5 14271 14010.7 13836.5 13719.7 13641.6 13589.2 13554.2 13530.7 13514.9 13504.4 13497.3 13492.6 13489.5 13487.3 13485.9 13485 13484.3 13483.9 13483.6 13483.4 13483.3 13483.2 13483.2 13483.1 13483.1 13483.1 13483.1 13483.1 13483.1 13483 13483 13483 13483 13483 13483 13483 13483 13483 13483 13483 13483 13483 13483 13483 13483 13483 13483 13483 13483 13483 13483 13483 13483 13483 13483 13483 13483 13483 13483 13483 13483 13483 13483 13483 13483 13483 13483 13483 13483 13483 13483 13483 13483 13483 13483 13483 13483 13483 13483 13483 13483 13483 13483 13483 0 0 0 0 0 0 0 0 0 0 0 0 0 0 0 0 0 0 0 0 0 0 0 0 0
#obs catch bio
 23740.3 18834.6 16630 11812.4 10631.8 15415.7 21074.1 25644.2 31661.3 36755.2 50277.2 61614.5 65631.2 85781.3 86866.9 84920.8 108291 82279.8 95370.2 95948.1 103288 122777 103265 110293 112483 112885 123690 111008
#pred cpue bio
 34227.8 30413.1 22709.7 14092.7 14888.1 21798 26856.1 31434.9 39482.3 47041.2 57405 62724.7 65575.6 81321.8 81360 84673.5 99654.9 83723.6 90517.8 83254.7 90092.5 96992.4 91217.7 90998.7 97425.8 86047 88706 105982 4.46389e+06 8.15594e+06 9.09554e+06 8.8531e+06 7.96304e+06 6.84981e+06 5.766e+06 4.82868e+06 4.07158e+06 3.48579e+06 3.04507e+06 2.71947e+06 2.48165e+06 2.30902e+06 2.18292e+06 2.08878e+06 2.0218e+06 1.97369e+06 1.93881e+06 1.91326e+06 1.89435e+06 1.88021e+06 1.86953e+06 1.86138e+06 1.85511e+06 1.85025e+06 1.84645e+06 1.84345e+06 1.84108e+06 1.83919e+06 1.83768e+06 1.83647e+06 1.8355e+06 1.83471e+06 1.83407e+06 1.83355e+06 1.83313e+06 1.83279e+06 1.83251e+06 1.83228e+06 1.8321e+06 1.83194e+06 1.83182e+06 1.83172e+06 1.83164e+06 1.83157e+06 1.83151e+06 1.83147e+06 1.83143e+06 1.8314e+06 1.83138e+06 1.83136e+06 1.83134e+06 1.83133e+06 1.83132e+06 1.83131e+06 1.8313e+06 1.83129e+06 1.83129e+06 1.83128e+06 1.83128e+06 1.83128e+06 1.83128e+06 1.83127e+06 1.83127e+06 1.83127e+06 1.83127e+06 1.83127e+06 1.83127e+06 1.83127e+06 1.83127e+06 1.83127e+06 1.83127e+06 1.83127e+06 1.83127e+06 1.83127e+06 1.83127e+06 1.83127e+06 1.83127e+06 1.83127e+06 1.83127e+06 1.83127e+06 1.83127e+06 1.83127e+06 1.83127e+06 1.83127e+06 1.83127e+06 1.83127e+06 1.83127e+06 1.83127e+06 1.83127e+06 1.83127e+06 1.83127e+06 1.83127e+06 1.83127e+06 1.83127e+06 1.83127e+06 1.83127e+06 1.83127e+06 1.83127e+06 0 0 0 0 0 0 0 0 0 0 0 0 0 0 0 0 0 0 0 0 0 0 0 0 0
#obs cpue bio
 31105.3 21314.1 15796.4 11820.6 17864.3 27730.8 28591.7 29674.6 44695.7 68261.9 62780.9 66025.5 57020.8 96286.2 79983 93459.5 175375 114911 131184 80092.1 172175 109193 102412 111738 193118 93532.5 103577 108095
#pred surv len freq
 1.27113e-11 1.37969e-09 8.83002e-08 3.33218e-06 7.41453e-05 0.000972833 0.00752737 0.0343681 0.092874 0.150815 0.157882 0.134778 0.124713 0.109024 0.0742237 0.0432581 0.0253027 0.0150797 0.00925102 0.00604333 0.00429748 0.00338034 0.00280342 0.00211006 0.00121695
 9.39729e-12 1.01999e-09 6.5279e-08 2.46343e-06 5.48148e-05 0.000719222 0.0055657 0.0254272 0.0689267 0.113654 0.127058 0.129039 0.142749 0.136258 0.100082 0.0642528 0.0391054 0.0216028 0.0111694 0.00584737 0.00328146 0.00208028 0.00148517 0.00104447 0.000594652
 5.96825e-12 6.47796e-10 4.14589e-08 1.56453e-06 3.48133e-05 0.000456799 0.00353556 0.0161667 0.0440206 0.0741699 0.0902421 0.109391 0.139546 0.146326 0.123939 0.0966773 0.0690228 0.0425107 0.0229425 0.0110989 0.00503766 0.00238501 0.00130156 0.000779252 0.00041537
 1.36806e-11 1.48489e-09 9.5033e-08 3.58625e-06 7.97985e-05 0.00104699 0.00810041 0.0369675 0.0996648 0.159961 0.158703 0.113708 0.0836445 0.0731924 0.0666493 0.0607759 0.0513427 0.0381351 0.0245409 0.0133165 0.0060884 0.00246071 0.000984847 0.000437192 0.000197291
 1.81345e-11 1.96832e-09 1.25972e-07 4.7538e-06 0.000105778 0.00138784 0.0107373 0.0489962 0.132021 0.211302 0.20679 0.140009 0.0892356 0.0619834 0.0376422 0.0201794 0.0127576 0.00991073 0.00757192 0.00496264 0.00265742 0.00114761 0.000413359 0.000137592 4.62349e-05
 1.45095e-11 1.57487e-09 1.00792e-07 3.80356e-06 8.46342e-05 0.00111045 0.00859197 0.0392241 0.105931 0.171487 0.177028 0.144679 0.126017 0.104431 0.0643915 0.0302466 0.0131312 0.00602322 0.00323674 0.00207604 0.00128936 0.00065579 0.000259171 8.10051e-05 2.14925e-05
 1.60876e-11 1.74616e-09 1.11754e-07 4.21724e-06 9.38388e-05 0.00123121 0.00952585 0.0434763 0.117263 0.188607 0.188978 0.139925 0.106165 0.084564 0.0567744 0.032772 0.0174103 0.00792839 0.00308236 0.00119651 0.000548605 0.000277479 0.000123393 4.22475e-05 1.08875e-05
 1.6518e-11 1.79287e-09 1.14744e-07 4.33007e-06 9.63494e-05 0.00126415 0.00978069 0.0446392 0.120396 0.193625 0.193891 0.143166 0.107576 0.0833367 0.0519725 0.0263525 0.0129592 0.00637986 0.00288101 0.00111632 0.000373778 0.000124194 4.54326e-05 1.58155e-05 4.333e-06
 1.63184e-11 1.77121e-09 1.13357e-07 4.27774e-06 9.51851e-05 0.00124887 0.00966256 0.0441012 0.118961 0.19144 0.192289 0.143531 0.109807 0.0859608 0.053737 0.0269958 0.0126847 0.00569666 0.00237895 0.00093736 0.000333163 0.000100813 2.685e-05 6.96947e-06 1.72418e-06
 1.63452e-11 1.77412e-09 1.13543e-07 4.28478e-06 9.53416e-05 0.00125093 0.00967844 0.0441735 0.119154 0.191735 0.192512 0.143507 0.109562 0.085709 0.0536493 0.0270449 0.0127427 0.00567526 0.00228093 0.000835787 0.000279345 8.33895e-05 2.13774e-05 4.61268e-06 8.69694e-07
 1.68361e-11 1.8274e-09 1.16953e-07 4.41345e-06 9.82047e-05 0.00128849 0.00996897 0.0454973 0.122694 0.197184 0.196817 0.143641 0.105822 0.0810525 0.0503511 0.0252458 0.011843 0.00527084 0.00211762 0.000766587 0.000246434 6.92001e-05 1.67813e-05 3.42466e-06 5.71716e-07
 1.73394e-11 1.88202e-09 1.20449e-07 4.54537e-06 0.00010114 0.001327 0.0102669 0.0468553 0.126334 0.202856 0.201634 0.144895 0.103703 0.0774719 0.0466278 0.0219498 0.00951913 0.00403853 0.00159393 0.000573725 0.000183361 5.05091e-05 1.17488e-05 2.26259e-06 3.52794e-07
 1.83012e-11 1.98642e-09 1.27131e-07 4.79752e-06 0.000106751 0.00140061 0.0108362 0.0494498 0.133276 0.213574 0.210261 0.145692 0.0972077 0.0689757 0.0401185 0.0178321 0.00706774 0.00273366 0.000990716 0.000333498 0.000102861 2.7909e-05 6.40364e-06 1.20064e-06 1.78874e-07
 1.81279e-11 1.96761e-09 1.25927e-07 4.75209e-06 0.00010574 0.00138735 0.0107336 0.0489827 0.132031 0.211689 0.208926 0.146154 0.0993219 0.0712039 0.0412042 0.0178812 0.00676124 0.00245432 0.000818042 0.000248705 6.95753e-05 1.75181e-05 3.84235e-06 7.02784e-07 1.02399e-07
 1.85343e-11 2.01172e-09 1.2875e-07 4.85862e-06 0.00010811 0.00141845 0.0109742 0.0500788 0.134964 0.216214 0.212554 0.146443 0.0964977 0.067535 0.038412 0.0161525 0.0057884 0.00198838 0.000628597 0.000178612 4.57117e-05 1.03647e-05 2.05412e-06 3.47576e-07 4.81944e-08
 1.91543e-11 2.07902e-09 1.33057e-07 5.02115e-06 0.000111727 0.00146589 0.0113412 0.0517508 0.139435 0.223089 0.217954 0.146511 0.0916145 0.0615372 0.0342641 0.0139948 0.00476274 0.00154287 0.000460777 0.000123035 2.94652e-05 6.18861e-06 1.11569e-06 1.69764e-07 2.13182e-08
 1.86969e-11 2.02937e-09 1.29879e-07 4.90124e-06 0.000109059 0.00143089 0.0110704 0.0505175 0.13614 0.218045 0.214103 0.146829 0.0957847 0.0663627 0.0372251 0.0151211 0.00505967 0.00159386 0.00045653 0.000114998 2.57713e-05 5.04952e-06 8.44278e-07 1.17914e-07 1.34211e-08
 1.90964e-11 2.07273e-09 1.32654e-07 5.00597e-06 0.000111389 0.00146146 0.0113069 0.0515949 0.139021 0.222479 0.217604 0.146932 0.092726 0.0625465 0.0345039 0.0136261 0.00432545 0.00129005 0.000356499 8.70504e-05 1.87184e-05 3.46647e-06 5.41086e-07 7.00624e-08 7.34933e-09
 1.89523e-11 2.05709e-09 1.31653e-07 4.96819e-06 0.000110548 0.00145043 0.0112216 0.0512062 0.137981 0.220876 0.216326 0.146852 0.0937664 0.0638914 0.0355274 0.0142472 0.00464254 0.00140513 0.000380558 8.86081e-05 1.81135e-05 3.21364e-06 4.795e-07 5.86712e-08 5.74616e-09
 1.95794e-11 2.12516e-09 1.3601e-07 5.13259e-06 0.000114206 0.00149842 0.0115928 0.0528973 0.142502 0.227818 0.221729 0.146757 0.088573 0.0576309 0.0313409 0.0122388 0.00380973 0.00110787 0.000297943 7.00868e-05 1.4272e-05 2.45323e-06 3.48866e-07 4.06078e-08 3.78139e-09
 2.02496e-11 2.1979e-09 1.40665e-07 5.30826e-06 0.000118115 0.00154971 0.0119894 0.0547044 0.147331 0.235228 0.227468 0.146561 0.0828797 0.0508551 0.02693 0.0102464 0.00303607 0.000828501 0.000210688 4.72737e-05 9.35013e-06 1.59501e-06 2.25554e-07 2.56658e-08 2.29492e-09
 2.0784e-11 2.2559e-09 1.44377e-07 5.44834e-06 0.000121232 0.0015906 0.0123057 0.0561454 0.151183 0.241144 0.232074 0.146487 0.078465 0.0455322 0.0233708 0.00853552 0.00231697 0.000560755 0.000129517 2.69705e-05 4.98312e-06 8.03263e-07 1.09237e-07 1.21726e-08 1.07415e-09
 2.06498e-11 2.24133e-09 1.43445e-07 5.41317e-06 0.000120449 0.00158033 0.0122263 0.0557837 0.150218 0.239677 0.231007 0.146752 0.0799503 0.0471193 0.0241613 0.00861878 0.00218881 0.000472426 9.66705e-05 1.78618e-05 2.92384e-06 4.25288e-07 5.3314e-08 5.56868e-09 4.6891e-10
 2.09002e-11 2.26852e-09 1.45185e-07 5.47882e-06 0.00012191 0.0015995 0.0123745 0.0564589 0.152022 0.242436 0.233103 0.146542 0.0776149 0.0444503 0.0225731 0.0080684 0.0020701 0.000451128 9.05657e-05 1.56082e-05 2.27493e-06 2.89262e-07 3.17786e-08 2.9476e-09 2.25322e-10
 2.11007e-11 2.29028e-09 1.46578e-07 5.53138e-06 0.00012308 0.00161484 0.0124932 0.0569996 0.153466 0.244649 0.234802 0.146435 0.075836 0.0423705 0.0212686 0.00753656 0.00190072 0.000403549 7.96614e-05 1.37015e-05 1.98396e-06 2.42413e-07 2.43934e-08 1.99608e-09 1.33002e-10
 2.17044e-11 2.3558e-09 1.50771e-07 5.68962e-06 0.000126601 0.00166103 0.0128504 0.0586272 0.157815 0.251312 0.239915 0.146101 0.0704679 0.0361022 0.017348 0.00594991 0.0014007 0.000262418 4.59417e-05 7.38625e-06 1.03261e-06 1.23898e-07 1.23154e-08 9.80014e-10 6.12446e-11
 2.22205e-11 2.41182e-09 1.54356e-07 5.82492e-06 0.000129611 0.00170053 0.0131559 0.0600188 0.161533 0.257004 0.244262 0.14575 0.0657773 0.0306774 0.0140279 0.00469015 0.00105573 0.000179559 2.75872e-05 3.90795e-06 4.80082e-07 5.13662e-08 4.74552e-09 3.63356e-10 2.21966e-11
 2.24679e-11 2.43867e-09 1.56075e-07 5.88977e-06 0.000131054 0.00171946 0.0133023 0.0606858 0.163315 0.259732 0.246345 0.145578 0.0635239 0.0280737 0.0124375 0.00409072 0.000894549 0.000142174 1.972e-05 2.52189e-06 2.76743e-07 2.58443e-08 2.07338e-09 1.39429e-10 7.68356e-12
#obs surv len freq
 4.00164e-11 3.70858e-09 2.02658e-07 6.52993e-06 0.000124063 0.0013899 0.0091834 0.0358197 0.082899 0.116888 0.113338 0.105547 0.11544 0.119394 0.107997 0.0860966 0.0566183 0.0299016 0.0130187 0.00467335 0.00133019 0.000285402 4.39725e-05 4.66745e-06 3.3038e-07
 2.67767e-11 2.39345e-09 1.26148e-07 3.92034e-06 7.18399e-05 0.000776346 0.00495061 0.0186889 0.0424821 0.0630821 0.0801347 0.115304 0.15487 0.160231 0.136175 0.102511 0.0653933 0.0340614 0.0145597 0.00503471 0.00135443 0.000271258 3.87465e-05 3.79715e-06 2.47245e-07
 1.40483e-11 1.20904e-09 6.13548e-08 1.83589e-06 3.23932e-05 0.000337113 0.00207185 0.00757015 0.0170155 0.0272868 0.0442066 0.0804644 0.128206 0.168857 0.187112 0.16097 0.10112 0.0481318 0.0187115 0.00603727 0.00153599 0.000289563 3.85346e-05 3.48992e-06 2.09007e-07
 2.43824e-10 2.01716e-08 9.83993e-07 2.83028e-05 0.000480014 0.00480029 0.0283056 0.0984233 0.201875 0.244679 0.176999 0.0812161 0.0335105 0.0268141 0.031407 0.0304663 0.0220026 0.0119964 0.00498309 0.00156865 0.000370973 6.4515e-05 7.94897e-06 6.66737e-07 3.6862e-08
 1.4178e-10 1.12579e-08 5.27097e-07 1.45517e-05 0.000236883 0.00227411 0.0128838 0.0432316 0.0875406 0.116782 0.135068 0.172592 0.190682 0.140001 0.0647491 0.0211705 0.00721398 0.00335225 0.00152631 0.000527064 0.000128677 2.17357e-05 2.50322e-06 1.93244e-07 9.803e-09
 3.34928e-10 2.54889e-08 1.14376e-06 3.02629e-05 0.000472144 0.00434352 0.0235661 0.0754733 0.143348 0.165423 0.129901 0.0977177 0.0935733 0.0947649 0.0836192 0.0553079 0.0242377 0.00672915 0.00125501 0.000197065 3.30042e-05 5.10425e-06 5.73562e-07 4.254e-08 2.0252e-09
 4.57474e-10 3.3322e-08 1.43114e-06 3.62429e-05 0.000541199 0.00476559 0.024755 0.0760064 0.139353 0.160449 0.141032 0.132288 0.126433 0.0945727 0.0548571 0.0275924 0.0120027 0.00409671 0.00101807 0.000176295 2.11319e-05 1.861e-06 1.32737e-07 7.7165e-09 3.28456e-10
 6.49771e-10 4.52415e-08 1.85738e-06 4.49626e-05 0.000641797 0.00540225 0.0268265 0.0787636 0.1383 0.153573 0.133149 0.126221 0.123201 0.0985397 0.064049 0.0337719 0.0131498 0.00355721 0.000690809 0.000104174 1.24335e-05 1.09899e-06 6.72091e-08 2.78681e-09 7.97669e-11
 9.25034e-10 6.14929e-08 2.41035e-06 5.57087e-05 0.000759213 0.00610164 0.0289336 0.0811789 0.136705 0.147968 0.13084 0.129111 0.125741 0.0986865 0.0633502 0.0331976 0.0129786 0.00357722 0.00070115 0.000100243 1.05204e-05 8.03878e-07 4.41049e-08 1.69332e-09 4.39123e-11
 1.36546e-09 8.65668e-08 3.23601e-06 7.13277e-05 0.000927057 0.00710575 0.0321408 0.0860869 0.138948 0.146657 0.131881 0.133224 0.127143 0.0956776 0.058277 0.0285543 0.0102486 0.00254539 0.00044567 5.77232e-05 5.62401e-06 4.00665e-07 2.00553e-08 6.85288e-10 1.56945e-11
 2.09111e-09 1.26298e-07 4.49784e-06 9.44499e-05 0.0011695 0.00854019 0.0368072 0.0939981 0.145119 0.148456 0.133105 0.133916 0.123798 0.0892927 0.051826 0.0238903 0.00791698 0.00176705 0.000267921 2.90845e-05 2.36512e-06 1.44131e-07 6.36899e-09 1.9643e-10 4.09236e-12
 3.10236e-09 1.78335e-07 6.04459e-06 0.000120806 0.00142369 0.00989525 0.0406005 0.0988146 0.146143 0.146225 0.133475 0.135876 0.122821 0.0860668 0.0485396 0.0215365 0.00679647 0.00143456 0.000203818 2.03279e-05 1.47122e-06 7.72218e-08 2.8803e-09 7.48442e-11 1.33126e-12
 4.83491e-09 2.64276e-07 8.51757e-06 0.000161869 0.00181393 0.0119888 0.0467832 0.108371 0.153079 0.148234 0.133846 0.133735 0.116521 0.0785255 0.0425067 0.0179217 0.00531285 0.00104218 0.000135996 1.23232e-05 8.05993e-07 3.81588e-08 1.27568e-09 2.93073e-11 4.53418e-13
 6.18895e-09 3.21401e-07 9.84158e-06 0.000177696 0.00189196 0.0118827 0.044101 0.0975716 0.134281 0.13595 0.140354 0.15092 0.130053 0.0847763 0.044173 0.0177903 0.00500896 0.000932114 0.000115409 9.88633e-06 6.0456e-07 2.63516e-08 8.00212e-10 1.65565e-11 2.29614e-13
 1.1435e-08 5.63758e-07 1.63884e-05 0.000280914 0.00283939 0.0169281 0.0596093 0.124832 0.160767 0.146377 0.130122 0.126437 0.105662 0.0698375 0.0370107 0.0146319 0.00389905 0.000668457 7.44481e-05 5.62783e-06 3.02652e-07 1.17636e-08 3.24007e-10 6.132e-12 7.77425e-14
 1.43456e-08 6.70968e-07 1.85044e-05 0.000300916 0.00288573 0.0163279 0.0546487 0.109586 0.139754 0.13989 0.148773 0.153254 0.119517 0.0690706 0.0315996 0.011138 0.00274107 0.000443658 4.72515e-05 3.42623e-06 1.74556e-07 6.26666e-09 1.55483e-10 2.61298e-12 2.93579e-14
 2.28428e-08 1.01298e-06 2.64873e-05 0.00040839 0.00371324 0.0199202 0.0632131 0.12017 0.145174 0.137399 0.138903 0.139613 0.111582 0.0697409 0.0344248 0.0123218 0.00290895 0.000435378 4.1694e-05 2.65987e-06 1.18604e-07 3.78568e-09 8.53972e-11 1.32157e-12 1.36645e-14
 3.2612e-08 1.37048e-06 3.39593e-05 0.000496187 0.00427558 0.0217425 0.0654784 0.118784 0.140154 0.137303 0.146079 0.145194 0.110782 0.0655976 0.0307282 0.0105266 0.00242064 0.00036337 3.62301e-05 2.47097e-06 1.16512e-07 3.742e-09 8.00887e-11 1.12809e-12 1.04252e-14
 4.59458e-08 1.82897e-06 4.29296e-05 0.000594175 0.00485019 0.0233715 0.0667822 0.115663 0.133558 0.134999 0.14893 0.147611 0.112279 0.067076 0.0312453 0.0103632 0.00227339 0.000325235 3.11874e-05 2.07917e-06 9.76545e-08 3.17581e-09 6.95017e-11 9.99796e-13 9.29678e-15
 7.21383e-08 2.71925e-06 6.044e-05 0.000792152 0.00612337 0.027945 0.0756653 0.124472 0.13771 0.135511 0.145605 0.140033 0.104669 0.0619515 0.0282387 0.00902798 0.00190359 0.000263769 2.47595e-05 1.62251e-06 7.44927e-08 2.34914e-09 4.97094e-11 6.93792e-13 6.30147e-15
 1.19015e-07 4.24725e-06 8.93728e-05 0.00110895 0.00811568 0.0350667 0.0899187 0.140221 0.147509 0.138491 0.141309 0.128254 0.0902447 0.0502003 0.0215036 0.00647906 0.00129517 0.000171626 1.55508e-05 9.89387e-07 4.41279e-08 1.34874e-09 2.75756e-11 3.70446e-13 3.22456e-15
 1.43076e-07 4.83319e-06 9.6271e-05 0.00113081 0.00783576 0.0320925 0.0784082 0.119246 0.132522 0.145948 0.163723 0.146042 0.0965964 0.0498472 0.0197932 0.00554358 0.00103132 0.00012713 1.07171e-05 6.36401e-07 2.66578e-08 7.70362e-10 1.49648e-11 1.91467e-13 1.58778e-15
 2.22707e-07 7.12082e-06 0.000134252 0.00149261 0.00978973 0.0379512 0.0877584 0.126259 0.132526 0.138282 0.150434 0.136249 0.0964565 0.0536426 0.0218491 0.00597639 0.00105903 0.000123108 9.7351e-06 5.39354e-07 2.09637e-08 5.60149e-10 1.00555e-11 1.19135e-13 9.18103e-16
 3.05304e-07 9.23974e-06 0.000164888 0.00173528 0.0107759 0.0395966 0.087244 0.122258 0.133017 0.149731 0.163174 0.137993 0.0883238 0.0443131 0.016593 0.004261 0.000721564 8.13901e-05 6.29754e-06 3.39815e-07 1.26709e-08 3.19461e-10 5.34429e-12 5.85477e-14 4.15392e-16
 4.69249e-07 1.34427e-05 0.000227075 0.00226209 0.0132978 0.0462665 0.0966168 0.128799 0.134549 0.146473 0.15504 0.129917 0.0842549 0.0424562 0.0154357 0.00373881 0.00058661 6.06549e-05 4.29186e-06 2.13552e-07 7.44999e-09 1.77856e-10 2.83039e-12 2.94219e-14 1.96727e-16
 6.63088e-07 1.79824e-05 0.000287561 0.00271202 0.015097 0.0497955 0.0990778 0.128362 0.136449 0.152838 0.158428 0.126356 0.0774678 0.0369031 0.0127427 0.00296203 0.000453005 4.63684e-05 3.25965e-06 1.58625e-07 5.27103e-09 1.17264e-10 1.72102e-12 1.64914e-14 1.02128e-16
 8.66631e-07 2.22514e-05 0.000336897 0.00300855 0.015865 0.0496703 0.0946457 0.121386 0.136219 0.160865 0.165451 0.127995 0.0758945 0.0345924 0.0112436 0.00242737 0.000341386 3.19656e-05 2.06428e-06 9.36457e-08 2.95169e-09 6.29515e-11 8.85971e-13 8.07614e-15 4.70246e-17
 1.25268e-06 3.04555e-05 0.000436627 0.00369232 0.0184419 0.0547414 0.0993069 0.123008 0.136497 0.159236 0.160675 0.123793 0.0738756 0.0333323 0.0104645 0.00215298 0.000287506 2.55254e-05 1.55423e-06 6.57566e-08 1.91204e-09 3.74291e-11 4.84473e-13 4.08896e-15 2.2217e-17
#pred catch len freq
 1.21947e-11 1.32361e-09 8.4711e-08 3.19673e-06 7.11315e-05 0.000933294 0.00722154 0.0329745 0.0891451 0.145059 0.153253 0.134361 0.128196 0.113499 0.0774987 0.0451902 0.0264345 0.0157543 0.00966487 0.00631368 0.00448973 0.00353157 0.00292884 0.00220445 0.00127139
 8.84185e-12 9.59698e-10 6.14205e-08 2.31782e-06 5.15749e-05 0.000676716 0.00523693 0.0239289 0.0649169 0.107457 0.122039 0.128476 0.146332 0.141014 0.103784 0.0666513 0.0405667 0.0224101 0.0115868 0.00606588 0.00340409 0.00215801 0.00154067 0.0010835 0.000616874
 5.66132e-12 6.14482e-10 3.93268e-08 1.48408e-06 3.3023e-05 0.000433311 0.00335388 0.0153386 0.0418023 0.070725 0.087371 0.108808 0.141101 0.14863 0.126001 0.0982982 0.0701809 0.0432239 0.0233275 0.0112851 0.00512219 0.00242503 0.0013234 0.000792327 0.00042234
 1.34217e-11 1.45679e-09 9.32346e-08 3.51838e-06 7.82884e-05 0.00102718 0.00794716 0.0362688 0.0977913 0.157036 0.156191 0.112964 0.0845447 0.0747636 0.0682553 0.0622614 0.0525989 0.0390683 0.0251414 0.0136423 0.00623738 0.00252092 0.00100895 0.000447889 0.000202118
 1.78294e-11 1.93522e-09 1.23853e-07 4.67384e-06 0.000103999 0.0013645 0.0105568 0.0481735 0.129821 0.207907 0.204074 0.139804 0.0913456 0.064622 0.0394656 0.0211806 0.0133926 0.0104041 0.00794888 0.0052097 0.00278972 0.00120475 0.000433938 0.000144442 4.85367e-05
 1.42167e-11 1.54308e-09 9.87572e-08 3.72679e-06 8.29259e-05 0.00108804 0.00841863 0.0384343 0.103819 0.168243 0.174495 0.144696 0.128395 0.107298 0.0662949 0.031153 0.0135255 0.00620412 0.00333395 0.00213839 0.00132809 0.000675485 0.000266955 8.3438e-05 2.2138e-05
 1.60336e-11 1.74029e-09 1.11378e-07 4.20308e-06 9.35237e-05 0.00122707 0.00949388 0.0433306 0.116873 0.188006 0.1885 0.139898 0.106557 0.0850635 0.057143 0.0329882 0.0175253 0.0079808 0.00310274 0.00120442 0.000552231 0.000279313 0.000124209 4.25267e-05 1.09594e-05
 1.64283e-11 1.78314e-09 1.14121e-07 4.30656e-06 9.58263e-05 0.00125728 0.00972762 0.0443974 0.11975 0.19263 0.19311 0.143155 0.108279 0.0841979 0.0525627 0.0266569 0.0131092 0.00645375 0.00291438 0.00112925 0.000378108 0.000125632 4.59588e-05 1.59987e-05 4.38319e-06
 1.6281e-11 1.76715e-09 1.13097e-07 4.26793e-06 9.49668e-05 0.00124601 0.00964041 0.0440003 0.118691 0.191025 0.191964 0.143528 0.110103 0.0863234 0.0539854 0.0271227 0.0127445 0.0057235 0.00239015 0.000941776 0.000334733 0.000101288 2.69765e-05 7.0023e-06 1.73231e-06
 1.63257e-11 1.77199e-09 1.13407e-07 4.27964e-06 9.52274e-05 0.00124943 0.00966685 0.0441207 0.119013 0.191518 0.192342 0.143505 0.109717 0.0858989 0.0537795 0.0271116 0.0127742 0.0056893 0.00228657 0.000837855 0.000280036 8.35958e-05 2.14303e-05 4.6241e-06 8.71846e-07
 1.70262e-11 1.84803e-09 1.18274e-07 4.46328e-06 9.93135e-05 0.00130303 0.0100815 0.0460099 0.124065 0.199291 0.198469 0.143653 0.104313 0.0792074 0.0490881 0.0246012 0.0115399 0.0051359 0.00206341 0.000746961 0.000240125 6.74285e-05 1.63517e-05 3.33699e-06 5.5708e-07
 1.77002e-11 1.92118e-09 1.22955e-07 4.63995e-06 0.000103245 0.00135461 0.0104804 0.0478282 0.128935 0.20685 0.204747 0.144854 0.10074 0.0739017 0.0442502 0.0208091 0.00902307 0.00382802 0.00151084 0.000543818 0.000173803 4.78762e-05 1.11364e-05 2.14465e-06 3.34404e-07
 1.85522e-11 2.01366e-09 1.28874e-07 4.8633e-06 0.000108214 0.00141981 0.0109847 0.0501263 0.135085 0.216349 0.212413 0.145625 0.0950878 0.0664499 0.0384722 0.0170842 0.0067703 0.00261857 0.000949007 0.000319458 9.85307e-05 2.67341e-05 6.13405e-06 1.15009e-06 1.71344e-07
 1.85827e-11 2.01698e-09 1.29086e-07 4.87131e-06 0.000108393 0.00142215 0.0110028 0.050209 0.135309 0.216717 0.212814 0.146003 0.0954311 0.0665899 0.0382241 0.0165603 0.00626006 0.00227232 0.000757381 0.000230263 6.4416e-05 1.6219e-05 3.55742e-06 6.50669e-07 9.48057e-08
 1.90224e-11 2.06469e-09 1.3214e-07 4.98656e-06 0.000110957 0.00145579 0.011263 0.0513947 0.13848 0.221606 0.216713 0.146245 0.0922672 0.0625452 0.0352251 0.0147818 0.00529535 0.00181894 0.000575029 0.000163391 4.18162e-05 9.48144e-06 1.87907e-06 3.17956e-07 4.40873e-08
 1.95275e-11 2.11952e-09 1.35649e-07 5.11897e-06 0.000113903 0.00149445 0.011562 0.052757 0.142123 0.22721 0.221126 0.146335 0.0883438 0.0576971 0.0318346 0.0129772 0.00441492 0.00143013 0.000427108 0.000114045 2.73122e-05 5.73641e-06 1.03417e-06 1.57359e-07 1.97605e-08
 1.93103e-11 2.09595e-09 1.3414e-07 5.06204e-06 0.000112637 0.00147783 0.0114335 0.0521715 0.140559 0.224819 0.219313 0.146529 0.0903904 0.0600369 0.0332332 0.0134616 0.00450217 0.00141815 0.000406201 0.00010232 2.29302e-05 4.49285e-06 7.51202e-07 1.04915e-07 1.19415e-08
 1.95469e-11 2.12163e-09 1.35784e-07 5.12407e-06 0.000114017 0.00149594 0.0115735 0.0528096 0.142267 0.227452 0.221421 0.146686 0.0887245 0.057874 0.0315826 0.0124434 0.00394837 0.00117752 0.000325402 7.94569e-05 1.70856e-05 3.16409e-06 4.93886e-07 6.39508e-08 6.70824e-09
 1.9547e-11 2.12164e-09 1.35785e-07 5.12409e-06 0.000114017 0.00149594 0.0115736 0.0528098 0.142266 0.227442 0.221371 0.146545 0.0885111 0.0577402 0.0316612 0.0126587 0.00412276 0.00124773 0.000337926 7.86818e-05 1.60844e-05 2.85363e-06 4.25784e-07 5.20986e-08 5.10244e-09
 2.01259e-11 2.18447e-09 1.39806e-07 5.27583e-06 0.000117394 0.00154024 0.0119162 0.0543707 0.146438 0.233849 0.226355 0.146449 0.0837034 0.0519525 0.0278013 0.0108182 0.00336536 0.000978564 0.000263166 6.19062e-05 1.26061e-05 2.16688e-06 3.08145e-07 3.5868e-08 3.34002e-09
 2.08033e-11 2.258e-09 1.44512e-07 5.45342e-06 0.000121345 0.00159208 0.0123171 0.0561974 0.15132 0.241338 0.232146 0.146223 0.0779066 0.0450748 0.0233527 0.00884134 0.00261734 0.000714141 0.000181604 4.07479e-05 8.05942e-06 1.37483e-06 1.94418e-07 2.21228e-08 1.97812e-09
 2.13242e-11 2.31454e-09 1.4813e-07 5.58997e-06 0.000124383 0.00163194 0.0126254 0.057602 0.155075 0.247101 0.236625 0.146118 0.0735534 0.0398532 0.0198974 0.00721983 0.00195739 0.000473637 0.000109394 2.278e-05 4.20887e-06 6.78456e-07 9.22643e-08 1.02813e-08 9.07257e-10
 2.12031e-11 2.30139e-09 1.47289e-07 5.55821e-06 0.000123677 0.00162267 0.0125538 0.0572755 0.154203 0.245777 0.235658 0.146348 0.0748794 0.0412762 0.020615 0.00730862 0.00185386 0.000400053 8.18593e-05 1.51251e-05 2.47586e-06 3.60127e-07 4.51455e-08 4.71548e-09 3.97066e-10
 2.14214e-11 2.32509e-09 1.48805e-07 5.61545e-06 0.00012495 0.00163938 0.012683 0.0578642 0.155776 0.248182 0.237485 0.146165 0.0728443 0.0389498 0.0192298 0.00682762 0.00174947 0.000381174 7.65205e-05 1.31876e-05 1.92212e-06 2.44402e-07 2.68503e-08 2.49047e-09 1.90378e-10
 2.16793e-11 2.35308e-09 1.50597e-07 5.68304e-06 0.000126454 0.00165911 0.0128356 0.0585594 0.157633 0.251027 0.239664 0.146009 0.0705304 0.0362583 0.0175609 0.00616927 0.00155325 0.000329685 6.50784e-05 1.11933e-05 1.62077e-06 1.98036e-07 1.99278e-08 1.63067e-09 1.08654e-10
 2.21982e-11 2.4094e-09 1.54201e-07 5.81906e-06 0.000129481 0.00169882 0.0131427 0.0599585 0.161372 0.256754 0.244056 0.145717 0.0659072 0.0308644 0.0141936 0.00481385 0.00113069 0.000211748 3.7069e-05 5.95971e-06 8.3318e-07 9.99689e-08 9.93688e-09 7.9074e-10 4.94162e-11
 2.26246e-11 2.45569e-09 1.57164e-07 5.93086e-06 0.000131969 0.00173146 0.0133951 0.0611084 0.164444 0.261457 0.247648 0.145425 0.0620295 0.0263807 0.0114507 0.00377466 0.000847171 0.000144009 2.21237e-05 3.13398e-06 3.85001e-07 4.11931e-08 3.80566e-09 2.91393e-10 1.78005e-11
 2.2566e-11 2.44933e-09 1.56757e-07 5.9155e-06 0.000131627 0.00172697 0.0133604 0.0609504 0.164022 0.260814 0.247167 0.145498 0.0626115 0.0270287 0.0118123 0.00387052 0.000845732 0.000134395 1.86407e-05 2.38385e-06 2.61595e-07 2.44297e-08 1.9599e-09 1.31797e-10 7.26301e-12
#obs catch len freq
 3.58759e-11 3.32485e-09 1.81689e-07 5.85428e-06 0.000111227 0.0012461 0.00823388 0.0321279 0.074499 0.106083 0.107143 0.108747 0.125356 0.128757 0.11264 0.0873403 0.0569856 0.0303771 0.0135201 0.00499097 0.0014591 0.000320321 5.04106e-05 5.4728e-06 3.97184e-07
 5.51156e-11 4.92654e-09 2.59655e-07 8.06935e-06 0.000147867 0.00159776 0.0101824 0.0383141 0.0856186 0.117092 0.112108 0.106155 0.116995 0.119892 0.1074 0.0843787 0.0543815 0.0281377 0.0119849 0.00418377 0.0011485 0.000235643 3.44492e-05 3.44691e-06 2.28772e-07
 3.79189e-11 3.26343e-09 1.65608e-07 4.95536e-06 8.74319e-05 0.000909748 0.00558635 0.0203182 0.0446148 0.0647254 0.0824209 0.118997 0.156969 0.159284 0.133788 0.0993631 0.0621694 0.0316997 0.0132255 0.00443556 0.00114838 0.000219607 2.97324e-05 2.74439e-06 1.67452e-07
 2.04982e-11 1.69582e-09 8.27239e-08 2.37944e-06 4.03583e-05 0.000403757 0.00238589 0.00839 0.0182346 0.0287575 0.0467895 0.084518 0.13236 0.171856 0.186774 0.156222 0.0953343 0.0442885 0.0168229 0.00526843 0.00128866 0.000231576 2.91695e-05 2.48587e-06 1.39422e-07
 3.52472e-10 2.79878e-08 1.31039e-06 3.61759e-05 0.000588878 0.00565222 0.0319894 0.106762 0.210187 0.244581 0.17009 0.0756758 0.0316156 0.0263858 0.0306127 0.0288781 0.0202551 0.0107192 0.0043096 0.0013081 0.000296762 4.91687e-05 5.73056e-06 4.5194e-07 2.33837e-08
 2.1221e-10 1.61497e-08 7.2469e-07 1.91747e-05 0.000299162 0.00275263 0.014948 0.0481001 0.0936142 0.121157 0.138551 0.174479 0.18622 0.13117 0.0584126 0.0187763 0.00653209 0.00305157 0.00134865 0.000446159 0.000103759 1.66189e-05 1.80636e-06 1.30997e-07 6.21611e-09
 5.0379e-10 3.66956e-08 1.57603e-06 3.99121e-05 0.000595983 0.0052477 0.0272515 0.0835444 0.151971 0.168392 0.128324 0.0957626 0.091323 0.0912584 0.0785711 0.0500223 0.0209456 0.00555977 0.00100294 0.000155654 2.5646e-05 3.79374e-06 4.01761e-07 2.79241e-08 1.24162e-09
 6.96574e-10 4.85002e-08 1.99116e-06 4.82012e-05 0.000688024 0.00579134 0.0287581 0.0844262 0.148163 0.164081 0.140715 0.129925 0.120681 0.0875183 0.049731 0.0246138 0.010442 0.00344212 0.000820726 0.000135829 1.55668e-05 1.3158e-06 8.99549e-08 4.9556e-09 1.97643e-10
 9.97417e-10 6.63046e-08 2.59895e-06 6.00678e-05 0.000818617 0.00657891 0.0311934 0.0874691 0.146867 0.156824 0.132832 0.12412 0.118068 0.0920102 0.0584824 0.0299254 0.0112023 0.00291 0.000545334 7.95229e-05 9.11548e-06 7.66593e-07 4.43533e-08 1.7353e-09 4.67449e-11
 1.44702e-09 9.17372e-08 3.42929e-06 7.55878e-05 0.000982422 0.00752992 0.0340548 0.0911503 0.146605 0.152318 0.130897 0.126055 0.118984 0.0908939 0.0570419 0.0289983 0.0109016 0.00288312 0.000542647 7.44351e-05 7.47253e-06 5.44099e-07 2.8315e-08 1.02568e-09 2.49765e-11
 2.16544e-09 1.30788e-07 4.65773e-06 9.78073e-05 0.00121107 0.00884355 0.0381109 0.0972767 0.14979 0.1515 0.131788 0.128945 0.118768 0.0868202 0.0515873 0.0244559 0.00841696 0.00200143 0.000336415 4.18675e-05 3.90412e-06 2.64579e-07 1.25316e-08 4.03535e-10 8.67916e-12
 3.33424e-09 1.91664e-07 6.49637e-06 0.000129835 0.00153008 0.0106343 0.0436244 0.106067 0.156084 0.152876 0.132362 0.128592 0.114524 0.0801517 0.0453018 0.0201538 0.00638417 0.00135881 0.000196986 2.05085e-05 1.59801e-06 9.28546e-08 3.88923e-09 1.13103e-10 2.21234e-12
 5.00106e-09 2.73358e-07 8.81026e-06 0.000167431 0.00187626 0.0124004 0.0483834 0.112006 0.157724 0.150794 0.132263 0.129287 0.112352 0.0763469 0.0418683 0.0178904 0.00538736 0.0010826 0.000146742 1.39921e-05 9.67072e-07 4.82893e-08 1.70627e-09 4.1839e-11 6.99613e-13
 7.82051e-09 4.0613e-07 1.2436e-05 0.000224538 0.00239061 0.0150117 0.0556585 0.122529 0.164638 0.152116 0.131595 0.125895 0.105331 0.0687878 0.0361506 0.0146486 0.00413568 0.000770867 9.5791e-05 8.2875e-06 5.17263e-07 2.32803e-08 7.36452e-10 1.59471e-11 2.31772e-13
 1.0252e-08 5.05433e-07 1.46929e-05 0.000251853 0.00254571 0.0151791 0.0534843 0.112361 0.146896 0.14137 0.138673 0.141831 0.117107 0.0739026 0.0373275 0.0144239 0.00386302 0.000682476 8.03881e-05 6.56499e-06 3.8237e-07 1.5816e-08 4.53915e-10 8.84569e-12 1.15199e-13
 1.87639e-08 8.77621e-07 2.42035e-05 0.000393588 0.00377417 0.0213469 0.071314 0.141686 0.173095 0.14934 0.125544 0.115803 0.0928632 0.0594626 0.0304375 0.0114893 0.00290147 0.000470806 4.97499e-05 3.58005e-06 1.83435e-07 6.77327e-09 1.7641e-10 3.14383e-12 3.7406e-14
 2.40535e-08 1.06666e-06 2.78912e-05 0.000430034 0.00391004 0.020976 0.0665629 0.126533 0.15281 0.144271 0.144213 0.140417 0.104581 0.0583524 0.0258183 0.00871487 0.00203602 0.000312102 3.15336e-05 2.17376e-06 1.05243e-07 3.5794e-09 8.38227e-11 1.32558e-12 1.39784e-14
 3.81635e-08 1.60377e-06 3.97399e-05 0.000580643 0.00500303 0.0254343 0.0764835 0.137755 0.157482 0.140439 0.133402 0.127053 0.097458 0.058922 0.0279733 0.00952053 0.00212342 0.000299957 2.71735e-05 1.6454e-06 6.97507e-08 2.11234e-09 4.50184e-11 6.55497e-13 6.35605e-15
 5.4894e-08 2.18517e-06 5.12902e-05 0.000709881 0.00579428 0.0279109 0.0796145 0.136738 0.152391 0.140071 0.139539 0.131267 0.0960542 0.0549839 0.0247688 0.0080735 0.00175696 0.000249579 2.35931e-05 1.52644e-06 6.81263e-08 2.06371e-09 4.15404e-11 5.49258e-13 4.75721e-15
 7.8159e-08 2.9462e-06 6.54843e-05 0.000858258 0.00663413 0.0302706 0.0818907 0.134155 0.145909 0.137576 0.141652 0.132981 0.0971678 0.0560605 0.025025 0.0078762 0.0016333 0.000221108 2.01162e-05 1.27346e-06 5.66561e-08 1.73806e-09 3.5746e-11 4.81851e-13 4.18896e-15
 1.22784e-07 4.38177e-06 9.22033e-05 0.00114407 0.00837244 0.0361712 0.0926899 0.144096 0.14972 0.136587 0.136368 0.124177 0.0892135 0.0509222 0.0221874 0.006722 0.00133971 0.000175741 1.56522e-05 9.73048e-07 4.22544e-08 1.25549e-09 2.49516e-11 3.26227e-13 2.76918e-15
 2.0102e-07 6.79055e-06 0.000135258 0.00158865 0.011005 0.0450072 0.109192 0.160786 0.158405 0.137012 0.12917 0.110733 0.0747911 0.040079 0.016401 0.00468241 0.000884954 0.000111061 9.54919e-06 5.76109e-07 2.42831e-08 6.98656e-10 1.3403e-11 1.68504e-13 1.36954e-15
 2.47374e-07 7.90952e-06 0.000149122 0.00165791 0.0108735 0.0421443 0.0973629 0.139471 0.144037 0.145142 0.150876 0.127327 0.0807809 0.0401214 0.0152129 0.00403583 0.000709536 8.27944e-05 6.62126e-06 3.72842e-07 1.4761e-08 4.01524e-10 7.31653e-12 8.75631e-14 6.77596e-16
 3.88272e-07 1.17507e-05 0.000209693 0.00220665 0.0136982 0.0502488 0.109822 0.148525 0.143855 0.135664 0.135963 0.116741 0.0793905 0.0423006 0.0163523 0.00422161 0.000705791 7.75901e-05 5.81505e-06 3.05185e-07 1.12014e-08 2.81573e-10 4.74003e-12 5.25226e-14 3.77657e-16
 5.37867e-07 1.54084e-05 0.000260277 0.00259276 0.0152391 0.0529792 0.110227 0.144614 0.143688 0.145281 0.146017 0.116948 0.0718025 0.0345314 0.0122894 0.00298252 0.000477051 5.09189e-05 3.73188e-06 1.90422e-07 6.69127e-09 1.58449e-10 2.48299e-12 2.54225e-14 1.68217e-16
 8.20839e-07 2.22604e-05 0.000355965 0.00335685 0.0186787 0.0614869 0.121217 0.151096 0.143659 0.140079 0.136829 0.108796 0.0676612 0.0325681 0.0112144 0.00256142 0.000379049 3.70583e-05 2.48405e-06 1.16974e-07 3.84854e-09 8.63051e-11 1.28589e-12 1.24818e-14 7.77637e-17
 1.17638e-06 3.02043e-05 0.000457291 0.00408305 0.0215152 0.0671273 0.125905 0.151584 0.144586 0.143687 0.13724 0.103773 0.0609372 0.0277064 0.0090622 0.0019882 0.000287123 2.77969e-05 1.84838e-06 8.48871e-08 2.65327e-09 5.53625e-11 7.60313e-13 6.80295e-15 3.92567e-17
 1.56257e-06 3.79894e-05 0.000544623 0.00460502 0.0229874 0.0680515 0.121978 0.144244 0.143486 0.150404 0.143179 0.105144 0.0596401 0.0258867 0.00795517 0.00161886 0.000214792 1.90177e-05 1.1625e-06 4.98256e-08 1.47822e-09 2.95627e-11 3.8897e-13 3.30691e-15 1.79233e-17
#spawning biomass
 35592 31196.9 23005.8 14640.1 16081.9 23034.1 28645.6 33688.6 42265.7 50370.5 61713.4 67775.6 71540.7 88607.1 89031.6 93277.5 109275 92208.7 99529.6 92181.5 100549 109003 102360 102438 109966 97948.6 101756 122046 202018 387634 429510 414263 368343 312531 259078 213527 177322 149830 129605 115062 104777 97593.3 92593 89087.4 86739.6 85167.1 84114 83408.6 82936.2 82619.9 82408 82266 82171 82107.3 82064.7 82036.1 82017 82004.2 81995.6 81989.9 81986 81983.5 81981.7 81980.6 81979.8 81979.3 81978.9 81978.7 81978.6 81978.5 81978.4 81978.3 81978.3 81978.3 81978.3 81978.3 81978.3 81978.2 81978.2 81978.2 81978.2 81978.2 81978.2 81978.2 81978.2 81978.2 81978.2 81978.2 81978.2 81978.2 81978.2 81978.2 81978.2 81978.2 81978.2 81978.2 81978.2 81978.2 81978.2 81978.2 81978.2 81978.2 81978.2 81978.2 81978.2 81978.2 81978.2 81978.2 81978.2 81978.2 81978.2 81978.2 81978.2 81978.2 81978.2 81978.2 81978.2 81978.2 81978.2 81978.2 81978.2 81978.2 81978.2 81978.2 81978.2 81978.2 81978.2 81978.2 0 0 0 0 0 0 0 0 0 0 0 0 0 0 0 0 0 0 0 0 0 0 0 0 0
