SBPRF35
0.827133
Curr Bio
151330
B35
616094
F35
0.223673
FOFL
0.0553226
OFL
5710.29
Bzero
236324
#pred survey bio
 10249.4 9757.15 12254.8 17525.6 22129.3 25769.9 29694.4 34273.7 37060.8 47516.6 64075 73237.8 86863.7 118912 117145 103559 85172.8 83998.1 90172.6 84342.9 87463.5 93489.2 94449.5 100552 111386 118208 116860 107150 4.55936e+06 5.16018e+06 5.79475e+06 5.58415e+06 5.02763e+06 4.3802e+06 3.77654e+06 3.27162e+06 2.87527e+06 2.57634e+06 2.35658e+06 2.1976e+06 2.08365e+06 2.00223e+06 1.94327e+06 1.89996e+06 1.8694e+06 1.84758e+06 1.8318e+06 1.82024e+06 1.81167e+06 1.80523e+06 1.80034e+06 1.79658e+06 1.79367e+06 1.79139e+06 1.78959e+06 1.78816e+06 1.78703e+06 1.78611e+06 1.78538e+06 1.78478e+06 1.7843e+06 1.78391e+06 1.7836e+06 1.78334e+06 1.78313e+06 1.78296e+06 1.78282e+06 1.7827e+06 1.78261e+06 1.78253e+06 1.78247e+06 1.78242e+06 1.78238e+06 1.78234e+06 1.78231e+06 1.78229e+06 1.78227e+06 1.78226e+06 1.78224e+06 1.78223e+06 1.78223e+06 1.78222e+06 1.78221e+06 1.78221e+06 1.78221e+06 1.7822e+06 1.7822e+06 1.7822e+06 1.7822e+06 1.78219e+06 1.78219e+06 1.78219e+06 1.78219e+06 1.78219e+06 1.78219e+06 1.78219e+06 1.78219e+06 1.78219e+06 1.78219e+06 1.78219e+06 1.78219e+06 1.78219e+06 1.78219e+06 1.78219e+06 1.78219e+06 1.78219e+06 1.78219e+06 1.78219e+06 1.78219e+06 1.78219e+06 1.78219e+06 1.78219e+06 1.78219e+06 1.78219e+06 1.78219e+06 1.78219e+06 1.78219e+06 1.78219e+06 1.78219e+06 1.78219e+06 1.78219e+06 1.78219e+06 1.78219e+06 1.78219e+06 1.78219e+06 1.78219e+06 1.78219e+06 1.78219e+06 0 0 0 0 0 0 0 0 0 0 0 0 0 0 0 0 0 0 0 0 0 0 0 0 0
#obs survey bio
 10072.8 10217.5 16850.9 26728.5 24260.5 25153.8 25343.5 25589.2 37542.8 48429.6 84968 93696.2 118997 161539 77699.6 84353.1 82104.5 84849.9 70762.5 83291.4 57764.6 95015.3 114051 108499 102188 101308 93884.5 112522
#pred catch bio
 6134.64 5645.09 6870.27 10231.9 14248.4 18094.8 21562.8 26915 28316.8 36312 51689.6 61916.5 69103.6 100373 99162.2 94515.8 76121.5 73542.4 85524.8 77936 85162.1 92474.5 91797.9 99618.6 111334 117122 118478 92889.1 5710.29 45558.3 49677.8 47268.1 41987.7 36025.1 30562.1 26065.4 22597.7 20036.6 18201.5 16914.8 16027.1 15421.5 15008.9 14728 14544.2 14423.8 14345 14293.5 14259.7 14237.6 14223.1 14213.6 14207.4 14203.4 14200.7 14199 14197.8 14197.1 14196.6 14196.3 14196.1 14195.9 14195.8 14195.8 14195.8 14195.7 14195.7 14195.7 14195.7 14195.7 14195.7 14195.7 14195.7 14195.7 14195.7 14195.7 14195.7 14195.7 14195.7 14195.7 14195.7 14195.7 14195.7 14195.7 14195.7 14195.7 14195.7 14195.7 14195.7 14195.7 14195.7 14195.7 14195.7 14195.7 14195.7 14195.7 14195.7 14195.7 14195.7 14195.7 14195.7 14195.7 14195.7 14195.7 14195.7 14195.7 14195.7 14195.7 14195.7 14195.7 14195.7 14195.7 14195.7 14195.7 14195.7 14195.7 14195.7 14195.7 14195.7 14195.7 14195.7 14195.7 14195.7 14195.7 14195.7 14195.7 14195.7 14195.7 0 0 0 0 0 0 0 0 0 0 0 0 0 0 0 0 0 0 0 0 0 0 0 0 0
#obs catch bio
 6404.79 5698.98 6765.1 9928.24 14001.9 17936.2 22157.1 27748.2 28250.6 35524.9 50585.7 60516.2 67388.5 97245.7 100344 96617.7 74682.7 72221 86270.1 76978.8 86050 91337.8 89822.9 96375.3 109631 115275 120842 92612.8
#pred cpue bio
 9869.35 9062.45 11020.9 16205.3 20496 23525.9 26997.5 31121.6 33260 41463.9 57427 65427.2 74501.1 106975 107734 94412.7 76142.6 74794.6 79500.1 75055.5 75335.9 80776 82143 86005.2 94960.3 102417 101943 92686.7 4.0781e+06 5.25794e+06 5.78721e+06 5.56561e+06 5.00847e+06 4.361e+06 3.75735e+06 3.25242e+06 2.85608e+06 2.55714e+06 2.33738e+06 2.17841e+06 2.06446e+06 1.98303e+06 1.92407e+06 1.88077e+06 1.85021e+06 1.82838e+06 1.81261e+06 1.80105e+06 1.79247e+06 1.78604e+06 1.78114e+06 1.77739e+06 1.77447e+06 1.77219e+06 1.77039e+06 1.76897e+06 1.76783e+06 1.76692e+06 1.76618e+06 1.76559e+06 1.76511e+06 1.76472e+06 1.7644e+06 1.76414e+06 1.76393e+06 1.76376e+06 1.76362e+06 1.7635e+06 1.76341e+06 1.76334e+06 1.76327e+06 1.76322e+06 1.76318e+06 1.76315e+06 1.76312e+06 1.76309e+06 1.76308e+06 1.76306e+06 1.76305e+06 1.76304e+06 1.76303e+06 1.76302e+06 1.76302e+06 1.76301e+06 1.76301e+06 1.76301e+06 1.763e+06 1.763e+06 1.763e+06 1.763e+06 1.763e+06 1.763e+06 1.76299e+06 1.76299e+06 1.76299e+06 1.76299e+06 1.76299e+06 1.76299e+06 1.76299e+06 1.76299e+06 1.76299e+06 1.76299e+06 1.76299e+06 1.76299e+06 1.76299e+06 1.76299e+06 1.76299e+06 1.76299e+06 1.76299e+06 1.76299e+06 1.76299e+06 1.76299e+06 1.76299e+06 1.76299e+06 1.76299e+06 1.76299e+06 1.76299e+06 1.76299e+06 1.76299e+06 1.76299e+06 1.76299e+06 1.76299e+06 1.76299e+06 1.76299e+06 1.76299e+06 1.76299e+06 1.76299e+06 1.76299e+06 0 0 0 0 0 0 0 0 0 0 0 0 0 0 0 0 0 0 0 0 0 0 0 0 0
#obs cpue bio
 6049.41 8527.26 11709.3 17863 25709.4 20761.4 17194.4 26281.9 44417.2 58869.9 54773.8 94945.2 58284.8 145288 95918.9 109919 91144.2 111330 68959.7 109184 89354.4 97278.4 108348 134121 113204 146862 90874.5 113272
#pred surv len freq
 2.55843e-27 2.57545e-27 2.16884e-26 4.0354e-20 9.8923e-15 2.93127e-10 1.04993e-06 0.00045458 0.0237911 0.15051 0.115617 0.0434885 0.249782 0.230664 0.0501112 0.0566165 0.023258 0.0165174 0.0098882 0.00739984 0.00578592 0.00502998 0.00510626 0.0045759 0.00140301
 2.56103e-27 2.58302e-27 2.88106e-26 5.53803e-20 1.35758e-14 4.02276e-10 1.44088e-06 0.000623848 0.0326499 0.206553 0.158323 0.0379426 0.177576 0.165141 0.0587457 0.0927368 0.0331537 0.016414 0.00741893 0.00419772 0.00265473 0.00196774 0.00177086 0.00159338 0.000536405
 2.56344e-27 2.58914e-27 3.37593e-26 6.58182e-20 1.61345e-14 4.78095e-10 1.71246e-06 0.000741428 0.0388037 0.245483 0.188094 0.0407491 0.178015 0.164494 0.0395419 0.0492979 0.0230122 0.0191388 0.00705529 0.00270384 0.00116835 0.000655529 0.000486475 0.000412662 0.000144184
 2.56153e-27 2.58378e-27 2.88684e-26 5.55e-20 1.36051e-14 4.03145e-10 1.444e-06 0.000625196 0.0327205 0.206999 0.15875 0.0433369 0.218326 0.201616 0.0448116 0.0516879 0.0193806 0.011215 0.00603718 0.00301241 0.000868376 0.000300569 0.000157184 0.000114833 3.98288e-05
 2.56126e-27 2.58328e-27 2.86352e-26 5.50087e-20 1.34847e-14 3.99576e-10 1.43122e-06 0.000619661 0.0324308 0.205167 0.157323 0.0415973 0.206091 0.190779 0.0511459 0.0688806 0.0248618 0.0125743 0.00492685 0.00227875 0.000960073 0.000244769 6.96446e-05 3.65996e-05 1.19328e-05
 2.56235e-27 2.58612e-27 3.10278e-26 6.00558e-20 1.4722e-14 4.36238e-10 1.56253e-06 0.000676516 0.0354064 0.223991 0.171703 0.0419718 0.198837 0.183785 0.0444226 0.0553849 0.0219618 0.0139344 0.00514864 0.00188261 0.000632612 0.000204744 4.11738e-05 1.12408e-05 3.08141e-06
 2.56269e-27 2.58681e-27 3.14159e-26 6.08737e-20 1.49224e-14 4.42179e-10 1.58381e-06 0.000685729 0.0358886 0.227042 0.174057 0.0435792 0.209415 0.193231 0.0404363 0.0437822 0.0163986 0.00927816 0.00394868 0.00165059 0.000456818 0.000118218 2.54694e-05 3.91637e-06 6.92648e-07
 2.56276e-27 2.58695e-27 3.14778e-26 6.10039e-20 1.49544e-14 4.43125e-10 1.5872e-06 0.000687196 0.0359654 0.227527 0.174435 0.0439817 0.212214 0.195784 0.0403909 0.0429602 0.0149826 0.00687575 0.00265606 0.00108619 0.000354903 8.09883e-05 1.42663e-05 1.83292e-06 1.76151e-07
 2.56351e-27 2.58885e-27 3.30567e-26 6.43344e-20 1.57708e-14 4.67317e-10 1.67385e-06 0.000724714 0.0379289 0.239949 0.183926 0.0443846 0.208611 0.192286 0.0366388 0.0352531 0.0121795 0.00539794 0.00184783 0.000624382 0.000189643 4.81085e-05 7.67677e-06 7.98859e-07 5.09956e-08
 2.56506e-27 2.59304e-27 3.67321e-26 7.20878e-20 1.76715e-14 5.23637e-10 1.87558e-06 0.000812054 0.0425 0.268867 0.205993 0.0434848 0.18626 0.171642 0.0326662 0.0313542 0.0104516 0.00405739 0.00135196 0.000424458 0.000105429 2.39599e-05 4.01842e-06 3.71468e-07 1.79663e-08
 2.56361e-27 2.589e-27 3.30676e-26 6.43569e-20 1.57763e-14 4.67481e-10 1.67444e-06 0.000724967 0.0379422 0.240033 0.184005 0.0453352 0.21579 0.198722 0.034375 0.0284267 0.00944777 0.00364402 0.00114104 0.000320757 7.42895e-05 1.40454e-05 2.07255e-06 1.91228e-07 7.90628e-09
 2.56378e-27 2.58949e-27 3.35409e-26 6.53556e-20 1.60211e-14 4.74735e-10 1.70042e-06 0.000736217 0.0385309 0.243758 0.186842 0.0448603 0.210183 0.193643 0.0352162 0.0316027 0.0100842 0.00321914 0.00098655 0.000269783 5.60579e-05 9.53066e-06 1.17074e-06 9.54848e-08 3.75787e-09
 2.56592e-27 2.59524e-27 3.85662e-26 7.59567e-20 1.86199e-14 5.5174e-10 1.97624e-06 0.000855637 0.0447809 0.283297 0.217018 0.0438868 0.181574 0.167118 0.0282619 0.0224187 0.00728719 0.00255417 0.000733842 0.000171929 3.4428e-05 5.33803e-06 5.70153e-07 3.85726e-08 1.35329e-09
 2.56341e-27 2.58837e-27 3.24256e-26 6.30023e-20 1.54443e-14 4.57641e-10 1.63919e-06 0.000709708 0.0371436 0.234981 0.180161 0.0461725 0.224862 0.206968 0.0335727 0.0244858 0.00771324 0.00233959 0.000685629 0.000169071 2.97797e-05 4.18969e-06 4.06553e-07 2.34029e-08 6.84229e-10
 2.562e-27 2.58464e-27 2.92024e-26 5.62031e-20 1.37775e-14 4.08252e-10 1.46229e-06 0.000633116 0.033135 0.209622 0.160802 0.0464732 0.240752 0.221793 0.039139 0.0334458 0.0103789 0.0028382 0.000778109 0.000172332 3.14658e-05 4.14761e-06 3.539e-07 1.81223e-08 4.45618e-10
 2.56253e-27 2.58616e-27 3.06371e-26 5.92299e-20 1.45195e-14 4.30239e-10 1.54104e-06 0.000667213 0.0349195 0.220911 0.169404 0.0453268 0.225985 0.208316 0.0394564 0.0375926 0.0120985 0.0039845 0.00108103 0.000215741 3.53853e-05 4.52907e-06 3.69644e-07 1.65931e-08 3.55516e-10
 2.56377e-27 2.58937e-27 3.33163e-26 6.48813e-20 1.59049e-14 4.7129e-10 1.68808e-06 0.000730875 0.0382514 0.241989 0.185508 0.0458828 0.218902 0.201458 0.0324133 0.0232501 0.0076643 0.00287841 0.000843137 0.000194409 3.01542e-05 3.42661e-06 2.61928e-07 1.113e-08 2.09658e-10
 2.56399e-27 2.58995e-27 3.38099e-26 6.59227e-20 1.61601e-14 4.78854e-10 1.71517e-06 0.000742605 0.0388653 0.245873 0.188473 0.045858 0.21663 0.199355 0.0319434 0.0226748 0.00698458 0.00187009 0.000554582 0.000145104 2.56554e-05 3.00637e-06 2.04955e-07 8.00904e-09 1.4064e-10
 2.56453e-27 2.59142e-27 3.51298e-26 6.87071e-20 1.68427e-14 4.9908e-10 1.78762e-06 0.000773971 0.0405068 0.256258 0.196394 0.0452988 0.206809 0.190333 0.0310846 0.022987 0.00707674 0.00186704 0.000489267 9.84406e-05 1.86509e-05 2.50879e-06 1.82568e-07 6.51203e-09 1.04228e-10
 2.56405e-27 2.59001e-27 3.37674e-26 6.58326e-20 1.61381e-14 4.782e-10 1.71283e-06 0.00074159 0.0388122 0.245537 0.18823 0.0466932 0.223156 0.205185 0.0294923 0.0156139 0.0048009 0.00131457 0.000345029 6.59354e-05 9.96088e-06 1.24775e-06 1.03545e-07 3.96737e-09 5.92686e-11
 2.5657e-27 2.59457e-27 3.78692e-26 7.4486e-20 1.82593e-14 5.41057e-10 1.93797e-06 0.000839069 0.0439138 0.277811 0.212845 0.0448811 0.192072 0.17665 0.027144 0.0174272 0.00512735 0.00098428 0.000246205 4.84503e-05 7.13831e-06 7.53964e-07 5.49719e-08 2.31864e-09 3.70749e-11
 2.56557e-27 2.5941e-27 3.73599e-26 7.34112e-20 1.79959e-14 5.3325e-10 1.91001e-06 0.000826962 0.0432802 0.273803 0.209799 0.0458336 0.20146 0.185119 0.0251055 0.0106526 0.00317621 0.000738205 0.00017435 2.53095e-05 3.59979e-06 3.77473e-07 2.38781e-08 8.83132e-10 1.49957e-11
 2.56525e-27 2.59321e-27 3.65642e-26 7.17326e-20 1.75844e-14 5.21057e-10 1.86634e-06 0.000808053 0.0422906 0.267542 0.205024 0.0461802 0.207452 0.190629 0.0257376 0.0106977 0.00304371 0.00046695 0.000105794 1.76524e-05 2.11104e-06 1.83849e-07 1.13396e-08 3.70538e-10 5.59025e-12
 2.56604e-27 2.59539e-27 3.85289e-26 7.58772e-20 1.86004e-14 5.51163e-10 1.97417e-06 0.000854741 0.0447341 0.283 0.216814 0.0452944 0.192428 0.176836 0.024587 0.0115452 0.00329279 0.000495361 0.000102071 1.19375e-05 1.43928e-06 1.22169e-07 6.09373e-09 1.84423e-10 2.48739e-12
 2.56619e-27 2.59578e-27 3.88438e-26 7.65416e-20 1.87632e-14 5.55989e-10 1.99146e-06 0.000862225 0.0451258 0.285478 0.218708 0.045426 0.192099 0.176476 0.0234982 0.00915608 0.00262239 0.000441283 9.32983e-05 1.04797e-05 1.01411e-06 6.99225e-08 3.43498e-09 8.7266e-11 1.04775e-12
 2.56543e-27 2.5937e-27 3.69851e-26 7.26204e-20 1.7802e-14 5.27506e-10 1.88944e-06 0.000818054 0.042814 0.270853 0.207553 0.0461743 0.205631 0.18892 0.0249171 0.00925652 0.00260617 0.000368624 7.59124e-05 9.41274e-06 9.20698e-07 5.49899e-08 2.10437e-09 4.91847e-11 5.12139e-13
 2.5651e-27 2.5928e-27 3.61979e-26 7.09598e-20 1.73949e-14 5.15443e-10 1.84623e-06 0.000799348 0.041835 0.26466 0.202825 0.046297 0.209886 0.192875 0.0261408 0.0110495 0.00311493 0.000422289 8.32572e-05 8.87124e-06 8.72957e-07 5.56379e-08 1.939e-09 3.58319e-11 3.24518e-13
 2.56551e-27 2.59392e-27 3.71829e-26 7.30377e-20 1.79043e-14 5.30537e-10 1.90029e-06 0.000822754 0.04306 0.27241 0.208739 0.0460627 0.203948 0.187379 0.0248606 0.00951663 0.00269834 0.000409317 8.28602e-05 8.43743e-06 7.57236e-07 4.39169e-08 1.60075e-09 2.80746e-11 2.06693e-13
#obs surv len freq
 1.08559e-41 1.50672e-33 2.52784e-26 5.12642e-20 1.25668e-14 3.72377e-10 1.3338e-06 0.000577487 0.0302234 0.191203 0.14671 0.0401685 0.17326 0.146597 0.103699 0.101616 0.0441328 0.0173464 0.00394056 0.000498506 2.5824e-05 3.9583e-07 1.348e-09 8.31226e-13 8.13672e-17
 1.60264e-41 2.22436e-33 3.73183e-26 7.56807e-20 1.85522e-14 5.49737e-10 1.96907e-06 0.000852538 0.0446185 0.28227 0.216264 0.0406667 0.126675 0.102251 0.07608 0.0688119 0.0288735 0.0103129 0.00208714 0.000225939 9.54495e-06 1.13294e-07 2.87213e-10 1.28707e-13 9.03121e-18
 1.5365e-41 2.13256e-33 3.57781e-26 7.25573e-20 1.77866e-14 5.27049e-10 1.8878e-06 0.000817354 0.042777 0.270621 0.207598 0.0499908 0.176596 0.128733 0.056505 0.0426421 0.017125 0.00551809 0.000982291 8.89832e-05 3.00798e-06 2.74086e-08 5.1609e-11 1.67994e-14 8.44899e-19
 1.07551e-41 1.49274e-33 2.50438e-26 5.07882e-20 1.24501e-14 3.6892e-10 1.32141e-06 0.000572126 0.0299428 0.189429 0.145831 0.0564005 0.229822 0.162867 0.0982739 0.066125 0.0161365 0.00394361 0.000608264 4.54736e-05 1.20645e-06 8.31611e-09 1.15553e-11 2.72854e-15 9.84026e-20
 1.50113e-41 2.08347e-33 3.49546e-26 7.08871e-20 1.73772e-14 5.14917e-10 1.84435e-06 0.000798539 0.0417923 0.264392 0.202876 0.0472343 0.142381 0.10428 0.104065 0.0691728 0.0190822 0.00357046 0.000334824 1.8923e-05 3.87493e-07 1.99144e-09 2.01951e-12 3.43889e-16 8.87546e-21
 1.20098e-41 1.66688e-33 2.79654e-26 5.67132e-20 1.39026e-14 4.11959e-10 1.47557e-06 0.000638871 0.0334359 0.211529 0.163066 0.0649358 0.230963 0.143892 0.0785384 0.0498331 0.0191108 0.00374861 0.000296945 1.02509e-05 1.39776e-07 5.2021e-10 3.80802e-13 4.63641e-17 8.51263e-22
 1.37796e-41 1.91252e-33 3.20865e-26 6.50708e-20 1.59513e-14 4.72667e-10 1.69302e-06 0.000733018 0.0383632 0.2427 0.186748 0.0579791 0.17523 0.116589 0.109447 0.0567377 0.0127649 0.00247684 0.000221808 6.39378e-06 5.48848e-08 1.27487e-10 6.3642e-14 5.45361e-18 7.06959e-23
 1.19535e-41 1.65907e-33 2.78343e-26 5.64475e-20 1.38374e-14 4.10029e-10 1.46866e-06 0.000635877 0.0332793 0.21054 0.162759 0.0723273 0.227473 0.133413 0.0936229 0.0491835 0.0145894 0.00203783 0.000133312 3.7438e-06 2.68597e-08 4.12902e-11 1.26912e-14 7.01911e-19 6.17572e-24
 1.5141e-41 2.10146e-33 3.52564e-26 7.14994e-20 1.75272e-14 5.19364e-10 1.86028e-06 0.000805435 0.0421533 0.266679 0.205445 0.064447 0.167057 0.104053 0.0962968 0.0421313 0.00949492 0.00135562 7.85676e-05 1.55586e-06 9.1836e-09 1.15464e-11 2.52547e-15 8.98634e-20 4.99334e-25
 1.51943e-41 2.10887e-33 3.53807e-26 7.17514e-20 1.7589e-14 5.21194e-10 1.86683e-06 0.000808274 0.0423018 0.267622 0.206783 0.0779333 0.198324 0.103642 0.0662174 0.0284732 0.00706342 0.000790751 3.79221e-05 6.38093e-07 2.72842e-09 2.53457e-12 4.30444e-16 1.14895e-20 4.46445e-26
 1.09307e-41 1.51711e-33 2.54527e-26 5.16175e-20 1.26534e-14 3.74944e-10 1.34299e-06 0.000581468 0.0304317 0.192535 0.150506 0.0968127 0.257159 0.136295 0.0965766 0.0326663 0.00579877 0.000610433 2.52376e-05 3.26517e-07 1.09408e-09 7.48077e-13 9.0042e-17 1.74501e-21 5.03104e-27
 1.66505e-41 2.31098e-33 3.87715e-26 7.86278e-20 1.92747e-14 5.71144e-10 2.04574e-06 0.000885737 0.046356 0.293272 0.226436 0.0712242 0.144658 0.0939857 0.089516 0.0286544 0.00465193 0.000347318 1.08434e-05 1.14365e-07 2.89299e-10 1.46446e-13 1.29185e-17 1.78397e-22 3.61563e-28
 1.33281e-41 1.84985e-33 3.10351e-26 6.29386e-20 1.54286e-14 4.57179e-10 1.63754e-06 0.000708999 0.0371062 0.234769 0.183948 0.110559 0.243095 0.10696 0.0578707 0.0206323 0.00406914 0.000274087 6.4008e-06 4.70199e-08 8.84437e-11 3.32884e-14 2.12786e-18 2.11434e-23 3.07063e-29
 1.11382e-41 1.5459e-33 2.59357e-26 5.25971e-20 1.28936e-14 3.8206e-10 1.36848e-06 0.000592503 0.0310093 0.196205 0.15507 0.111513 0.234516 0.138354 0.104961 0.0244748 0.00308068 0.000217788 4.94691e-06 2.79334e-08 3.61017e-11 9.43088e-15 4.32085e-19 3.08978e-24 3.20339e-30
 8.7574e-42 1.21547e-33 2.0392e-26 4.13546e-20 1.01376e-14 3.00395e-10 1.07597e-06 0.000465857 0.0243811 0.154285 0.124347 0.123443 0.249247 0.159698 0.124438 0.0347629 0.00471429 0.000211235 3.67415e-06 1.88024e-08 1.95271e-11 3.62112e-15 1.12769e-19 5.53209e-25 4.01496e-31
 1.41177e-41 1.95945e-33 3.28738e-26 6.66674e-20 1.63427e-14 4.84265e-10 1.73456e-06 0.000751004 0.0393046 0.248688 0.194949 0.0944535 0.159674 0.126769 0.102094 0.0289664 0.00414876 0.000196707 2.67156e-06 9.34756e-09 7.59488e-12 1.13279e-15 2.65586e-20 9.2051e-26 4.57617e-32
 9.73075e-42 1.35056e-33 2.26585e-26 4.5951e-20 1.12643e-14 3.33783e-10 1.19556e-06 0.000517635 0.027091 0.171471 0.141385 0.161926 0.272519 0.12646 0.0726658 0.0225442 0.00326394 0.000153208 2.02644e-06 5.93898e-09 3.40588e-12 3.56202e-16 6.22717e-21 1.64317e-26 6.0898e-33
 1.42797e-41 1.98193e-33 3.3251e-26 6.74323e-20 1.65302e-14 4.89821e-10 1.75446e-06 0.00075962 0.0397556 0.251567 0.199139 0.10763 0.161238 0.137103 0.0852172 0.0157573 0.00175035 8.06597e-05 1.00255e-06 2.65962e-09 1.28754e-12 1.02119e-16 1.2533e-21 2.29684e-27 6.06941e-34
 1.00211e-41 1.39086e-33 2.33345e-26 4.73219e-20 1.16004e-14 3.43742e-10 1.23123e-06 0.000533078 0.0278994 0.176644 0.149314 0.183413 0.261013 0.121267 0.0624308 0.0159436 0.00149621 4.45269e-05 4.50366e-07 1.04704e-09 4.32869e-13 2.83706e-17 2.7515e-22 3.77527e-28 7.13054e-35
 1.28813e-41 1.78784e-33 2.99947e-26 6.08285e-20 1.49114e-14 4.41852e-10 1.58264e-06 0.00068523 0.0358623 0.226994 0.18421 0.132164 0.181127 0.152415 0.0741723 0.0113796 0.000961081 2.7708e-05 1.97903e-07 3.26494e-10 1.06445e-13 5.65102e-18 4.39245e-23 4.74827e-29 6.92472e-36
 1.40986e-41 1.9568e-33 3.28294e-26 6.65773e-20 1.63206e-14 4.8361e-10 1.73221e-06 0.000749989 0.0392517 0.248496 0.204423 0.159487 0.187653 0.101632 0.0478742 0.00976291 0.000654848 1.33518e-05 8.0276e-08 1.01271e-10 2.28687e-14 8.63786e-19 5.02979e-24 4.17368e-30 4.68659e-37
 1.1291e-41 1.56712e-33 2.62917e-26 5.33191e-20 1.30705e-14 3.87304e-10 1.38726e-06 0.000600636 0.0314354 0.19915 0.172702 0.196306 0.225064 0.123039 0.044805 0.00645992 0.000428105 8.16127e-06 3.56965e-08 3.32473e-11 5.71732e-15 1.56516e-19 6.34091e-25 3.67077e-31 2.94722e-38
 1.37208e-41 1.90436e-33 3.19495e-26 6.4793e-20 1.58832e-14 4.7065e-10 1.68579e-06 0.000729889 0.0382 0.241932 0.202602 0.160044 0.179096 0.127124 0.0445384 0.00546839 0.000259835 3.92419e-06 1.49132e-08 1.08032e-11 1.32914e-15 2.62052e-20 7.75497e-26 3.24011e-32 1.83647e-39
 1.34762e-41 1.87041e-33 3.13801e-26 6.36382e-20 1.56002e-14 4.62261e-10 1.65574e-06 0.00071688 0.0375195 0.237768 0.206011 0.193701 0.188422 0.0982004 0.0330837 0.0043923 0.000180814 2.00273e-06 5.49574e-09 3.0957e-12 2.98572e-16 4.38153e-21 9.25606e-27 2.73593e-33 1.10522e-40
 1.18732e-41 1.64792e-33 2.76473e-26 5.60683e-20 1.37445e-14 4.07274e-10 1.45879e-06 0.000631606 0.033057 0.20969 0.190281 0.213641 0.206615 0.113161 0.0298389 0.00297079 0.000111439 1.09102e-06 2.26547e-09 8.97346e-13 6.18687e-17 6.73263e-22 1.06709e-27 2.33255e-34 6.8096e-42
 1.06485e-41 1.47794e-33 2.47956e-26 5.02849e-20 1.23268e-14 3.65264e-10 1.30832e-06 0.000566457 0.0296479 0.188276 0.178294 0.221139 0.217228 0.129551 0.0324109 0.0028072 7.76627e-05 5.89276e-07 1.00851e-09 3.11901e-13 1.55635e-17 1.18375e-22 1.31559e-28 2.05419e-35 4.35362e-43
 1.04692e-41 1.45306e-33 2.43781e-26 4.94382e-20 1.21192e-14 3.59114e-10 1.28629e-06 0.000556919 0.0291494 0.185278 0.179332 0.221251 0.217016 0.132445 0.0322252 0.00268151 6.32483e-05 3.62591e-07 4.49615e-10 1.04691e-13 4.00818e-18 2.28684e-23 1.83958e-29 2.02513e-36 2.99367e-44
 1.26465e-41 1.75524e-33 2.94479e-26 5.97197e-20 1.46396e-14 4.33798e-10 1.55379e-06 0.000672739 0.0352106 0.223518 0.204035 0.199506 0.192768 0.114205 0.0277228 0.00230644 5.30214e-05 2.79232e-07 2.91201e-10 5.38089e-14 1.62492e-18 7.47563e-24 4.94023e-30 4.48116e-37 5.40668e-45
#pred catch len freq
 2.55662e-27 2.57053e-27 1.73429e-26 3.11869e-20 7.6451e-15 2.26538e-10 8.11421e-07 0.000351314 0.0183865 0.116319 0.0895292 0.0446878 0.277237 0.255987 0.054335 0.0598952 0.0245685 0.0174092 0.0104197 0.00779701 0.00609641 0.0052999 0.00538027 0.00482146 0.0014783
 2.5588e-27 2.57705e-27 2.36142e-26 4.44185e-20 1.08887e-14 3.2265e-10 1.15568e-06 0.000500365 0.0261873 0.165669 0.127117 0.0387488 0.205636 0.191172 0.0658297 0.102372 0.0365631 0.0180565 0.00815901 0.00461603 0.00291924 0.0021638 0.0019473 0.00175214 0.000589851
 2.56103e-27 2.58265e-27 2.80741e-26 5.3825e-20 1.31946e-14 3.90978e-10 1.40042e-06 0.000606328 0.031733 0.200752 0.153959 0.0420198 0.211668 0.195594 0.0458385 0.0558967 0.0260483 0.0216213 0.00796917 0.00305372 0.00131951 0.000740342 0.000549415 0.000466053 0.000162839
 2.55932e-27 2.57782e-27 2.36126e-26 4.44125e-20 1.08872e-14 3.22607e-10 1.15552e-06 0.000500298 0.0261838 0.165647 0.127196 0.0447703 0.251403 0.232149 0.0503863 0.0567375 0.0212474 0.0122656 0.00660098 0.00329349 0.000949389 0.000328609 0.000171847 0.000125546 4.35444e-05
 2.55937e-27 2.57819e-27 2.41564e-26 4.55605e-20 1.11686e-14 3.30946e-10 1.18539e-06 0.00051323 0.0268606 0.169928 0.130433 0.042711 0.233458 0.216072 0.0562951 0.0742758 0.0267804 0.0135108 0.00529243 0.00244758 0.00103119 0.000262899 7.48031e-05 3.93105e-05 1.28166e-05
 2.56077e-27 2.58184e-27 2.72552e-26 5.20972e-20 1.2771e-14 3.78428e-10 1.35546e-06 0.000586864 0.0307144 0.194308 0.149054 0.0430114 0.222662 0.205775 0.0484066 0.0589551 0.0233457 0.0147784 0.00545933 0.00199599 0.000670699 0.00021707 4.36526e-05 1.19176e-05 3.26692e-06
 2.56125e-27 2.58289e-27 2.79481e-26 5.35579e-20 1.31291e-14 3.89038e-10 1.39347e-06 0.000603319 0.0315755 0.199756 0.15324 0.0446684 0.23233 0.214356 0.0438016 0.0461489 0.0172623 0.00974313 0.00414555 0.00173272 0.00047954 0.000124098 2.67361e-05 4.11116e-06 7.27098e-07
 2.56173e-27 2.58412e-27 2.89627e-26 5.56981e-20 1.36537e-14 4.04584e-10 1.44915e-06 0.000627428 0.0328373 0.207738 0.159338 0.0448601 0.229505 0.211709 0.0426374 0.0440772 0.0153545 0.00702823 0.00271418 0.00110984 0.000362625 8.27503e-05 1.45767e-05 1.87279e-06 1.79984e-07
 2.56231e-27 2.5856e-27 3.0158e-26 5.82192e-20 1.42717e-14 4.22897e-10 1.51475e-06 0.000655828 0.0343237 0.217141 0.166527 0.0453848 0.228448 0.210557 0.0392651 0.0366461 0.0126456 0.00559002 0.00191304 0.00064634 0.000196309 4.97993e-05 7.94658e-06 8.26937e-07 5.27879e-08
 2.5639e-27 2.58987e-27 3.39144e-26 6.61436e-20 1.62143e-14 4.80459e-10 1.72092e-06 0.000745094 0.0389956 0.246697 0.18908 0.0444462 0.20546 0.18933 0.0352636 0.0328274 0.0109306 0.0042321 0.00140972 0.000442541 0.000109918 2.49801e-05 4.18952e-06 3.87285e-07 1.87313e-08
 2.56271e-27 2.58654e-27 3.08655e-26 5.97114e-20 1.46375e-14 4.33736e-10 1.55357e-06 0.000672637 0.0352034 0.222707 0.170789 0.0461682 0.231414 0.213099 0.0361742 0.028911 0.00959691 0.0036917 0.0011556 0.000324812 7.52269e-05 1.42226e-05 2.09869e-06 1.9364e-07 8.00603e-09
 2.56318e-27 2.58787e-27 3.20815e-26 6.22768e-20 1.52664e-14 4.52371e-10 1.62032e-06 0.000701535 0.0367158 0.232275 0.178083 0.0454668 0.220952 0.203541 0.0362521 0.0314726 0.0100322 0.00319381 0.000978417 0.000267525 5.55876e-05 9.45067e-06 1.16092e-06 9.46833e-08 3.72633e-09
 2.56499e-27 2.59271e-27 3.63045e-26 7.11853e-20 1.74502e-14 5.17081e-10 1.8521e-06 0.000801887 0.0419679 0.265501 0.203442 0.0447182 0.197438 0.181721 0.0301824 0.0231228 0.00750704 0.00262414 0.000753696 0.000176557 3.53538e-05 5.48156e-06 5.85483e-07 3.96097e-08 1.38967e-09
 2.56278e-27 2.58664e-27 3.08774e-26 5.97361e-20 1.46436e-14 4.33915e-10 1.55421e-06 0.000672915 0.0352179 0.222799 0.170869 0.0468117 0.236255 0.21744 0.0346819 0.0243787 0.0076702 0.00232017 0.000679671 0.00016758 2.95165e-05 4.15264e-06 4.02957e-07 2.31959e-08 6.78177e-10
 2.5614e-27 2.58299e-27 2.772e-26 5.30756e-20 1.30108e-14 3.85534e-10 1.38092e-06 0.000597885 0.0312912 0.197957 0.151905 0.047108 0.251834 0.231975 0.0401321 0.0331467 0.0102758 0.00280228 0.000767934 0.000170055 3.10493e-05 4.09269e-06 3.49214e-07 1.78823e-08 4.39717e-10
 2.56253e-27 2.58613e-27 3.05866e-26 5.91233e-20 1.44934e-14 4.29464e-10 1.53827e-06 0.000666012 0.0348567 0.220513 0.169104 0.045554 0.227924 0.210057 0.0388873 0.0358535 0.0115269 0.0037859 0.00102679 0.000204888 3.36042e-05 4.30109e-06 3.51037e-07 1.57579e-08 3.3762e-10
 2.56356e-27 2.58878e-27 3.27739e-26 6.37371e-20 1.56244e-14 4.62979e-10 1.65831e-06 0.000717986 0.0375768 0.237722 0.182254 0.0461966 0.223575 0.205736 0.032546 0.0224736 0.00739811 0.00277099 0.000811418 0.00018707 2.90153e-05 3.29717e-06 2.52034e-07 1.07096e-08 2.01738e-10
 2.56362e-27 2.58892e-27 3.28876e-26 6.39768e-20 1.56831e-14 4.64719e-10 1.66455e-06 0.000720685 0.0377181 0.238615 0.182938 0.0462888 0.223797 0.205932 0.0324528 0.0221801 0.00682411 0.00182209 0.000540105 0.000141298 2.4982e-05 2.92743e-06 1.99574e-07 7.79876e-09 1.36947e-10
 2.5648e-27 2.59216e-27 3.57703e-26 7.00583e-20 1.71739e-14 5.08895e-10 1.82278e-06 0.000789192 0.0413035 0.261298 0.200241 0.0452255 0.203548 0.187297 0.0300459 0.0213817 0.00657489 0.00172984 0.000453115 9.11539e-05 1.72698e-05 2.32302e-06 1.69048e-07 6.0298e-09 9.65099e-11
 2.56408e-27 2.59007e-27 3.38091e-26 6.59204e-20 1.61596e-14 4.78838e-10 1.71512e-06 0.00074258 0.038864 0.245865 0.188481 0.0467709 0.223571 0.205547 0.0291754 0.0147994 0.00454324 0.00124059 0.000325474 6.21896e-05 9.39474e-06 1.17683e-06 9.76591e-08 3.74185e-09 5.58996e-11
 2.56616e-27 2.59581e-27 3.8962e-26 7.67913e-20 1.88244e-14 5.57802e-10 1.99795e-06 0.000865038 0.0452729 0.286409 0.219406 0.0446121 0.185415 0.170493 0.0257915 0.0158932 0.00467044 0.000894116 0.000223516 4.3979e-05 6.47937e-06 6.84361e-07 4.98971e-08 2.10459e-09 3.36523e-11
 2.56614e-27 2.59565e-27 3.8736e-26 7.63141e-20 1.87075e-14 5.54336e-10 1.98554e-06 0.000859663 0.0449916 0.28463 0.21806 0.0453963 0.192328 0.176697 0.0237191 0.00961065 0.00286004 0.000662883 0.000156484 2.27127e-05 3.23032e-06 3.38729e-07 2.14272e-08 7.92486e-10 1.34565e-11
 2.56567e-27 2.59436e-27 3.75836e-26 7.3883e-20 1.81115e-14 5.36677e-10 1.92229e-06 0.000832277 0.0435584 0.275563 0.211144 0.0458691 0.200786 0.184478 0.0246598 0.00978888 0.00278013 0.000425381 9.63026e-05 1.60664e-05 1.92131e-06 1.67325e-07 1.03203e-08 3.37233e-10 5.08779e-12
 2.56661e-27 2.59694e-27 3.99017e-26 7.87734e-20 1.93103e-14 5.722e-10 2.04953e-06 0.000887366 0.0464415 0.293802 0.225055 0.0448669 0.183385 0.168494 0.0231617 0.0103957 0.00296028 0.000444161 9.14516e-05 1.0694e-05 1.28929e-06 1.09437e-07 5.45863e-09 1.65203e-10 2.22815e-12
 2.56682e-27 2.59749e-27 4.03653e-26 7.97513e-20 1.95501e-14 5.79303e-10 2.07497e-06 0.000898382 0.0470181 0.297449 0.227841 0.0449188 0.181823 0.167004 0.0220287 0.00818973 0.00234101 0.000392871 8.3007e-05 9.32235e-06 9.02072e-07 6.21971e-08 3.05546e-09 7.76243e-11 9.31984e-13
 2.56601e-27 2.59529e-27 3.83923e-26 7.5589e-20 1.85297e-14 5.49069e-10 1.96667e-06 0.000851494 0.0445641 0.281925 0.216 0.0457062 0.196135 0.180167 0.0235511 0.00834567 0.002345 0.000330816 6.80714e-05 8.4392e-06 8.25438e-07 4.93e-08 1.88663e-09 4.40954e-11 4.59147e-13
 2.56591e-27 2.59502e-27 3.81747e-26 7.513e-20 1.84172e-14 5.45735e-10 1.95473e-06 0.000846323 0.0442935 0.280213 0.214691 0.0456389 0.196541 0.180575 0.0242226 0.00977258 0.00275014 0.00037187 7.32551e-05 7.80431e-06 7.6793e-07 4.89437e-08 1.7057e-09 3.15206e-11 2.85472e-13
 2.56506e-27 2.59267e-27 3.60625e-26 7.0674e-20 1.73249e-14 5.13367e-10 1.8388e-06 0.000796128 0.0416665 0.263594 0.202015 0.0465299 0.212228 0.194988 0.025644 0.00938744 0.00265671 0.000401941 8.13067e-05 8.27801e-06 7.42891e-07 4.30846e-08 1.57041e-09 2.75425e-11 2.02776e-13
#obs catch len freq
 5.00878e-42 6.95185e-34 1.16632e-26 2.36527e-20 5.79817e-15 1.7181e-10 6.15397e-07 0.000266446 0.0139447 0.0882195 0.0680863 0.0398027 0.218106 0.186202 0.143733 0.14353 0.0648096 0.0262641 0.00618262 0.00080886 4.3559e-05 6.95656e-07 2.45999e-09 1.56754e-12 1.57943e-16
 5.72675e-42 7.94836e-34 1.3335e-26 2.70431e-20 6.62931e-15 1.96439e-10 7.03611e-07 0.000304639 0.0159436 0.100865 0.0778558 0.0436806 0.22323 0.181601 0.142983 0.130965 0.0566599 0.0209353 0.00444999 0.000503087 2.20946e-05 2.72139e-07 7.14434e-10 3.30255e-13 2.38055e-17
 1.08119e-41 1.50062e-33 2.5176e-26 5.10564e-20 1.25159e-14 3.70869e-10 1.32839e-06 0.000575147 0.0301009 0.190428 0.146292 0.0451516 0.181429 0.140691 0.113879 0.0956736 0.0397683 0.0132683 0.00249413 0.000239175 8.48212e-06 8.02513e-08 1.56024e-10 5.22569e-14 2.69554e-18
 1.11257e-41 1.54417e-33 2.59067e-26 5.25383e-20 1.28791e-14 3.81633e-10 1.36695e-06 0.00059184 0.0309746 0.195956 0.150858 0.0584342 0.238133 0.164455 0.0769901 0.0544678 0.0215478 0.00644729 0.00105703 8.4068e-05 2.36472e-06 1.70531e-08 2.45075e-11 5.9456e-15 2.1947e-19
 7.84789e-42 1.08924e-33 1.82742e-26 3.70597e-20 9.08474e-15 2.69197e-10 9.64222e-07 0.000417475 0.021849 0.138226 0.107038 0.0647146 0.273375 0.184363 0.116837 0.0716298 0.017035 0.00392429 0.000553178 3.5963e-05 7.87289e-07 4.26852e-09 4.50798e-12 7.91263e-16 2.09123e-20
 1.25695e-41 1.74456e-33 2.92687e-26 5.93563e-20 1.45505e-14 4.31158e-10 1.54434e-06 0.000668645 0.0349942 0.221386 0.170271 0.0529326 0.172734 0.122356 0.125228 0.075589 0.0201168 0.00341197 0.000295148 1.45337e-05 2.43696e-07 9.79606e-10 7.52364e-13 9.50159e-17 1.7945e-21
 1.03933e-41 1.44253e-33 2.42014e-26 4.90799e-20 1.20314e-14 3.56511e-10 1.27697e-06 0.000552882 0.0289356 0.183061 0.141703 0.0736492 0.259829 0.153366 0.0860062 0.0508149 0.0185903 0.00325429 0.000229486 6.85315e-06 7.70341e-08 2.23634e-10 1.23607e-13 1.114e-17 1.49484e-22
 1.27978e-41 1.77625e-33 2.98002e-26 6.04342e-20 1.48147e-14 4.38988e-10 1.57238e-06 0.000680787 0.0356297 0.225409 0.173853 0.0643794 0.192274 0.123674 0.115892 0.0541557 0.0117883 0.00209516 0.000163054 3.94329e-06 2.76001e-08 5.02482e-11 1.89552e-14 1.20088e-18 1.13656e-23
 1.15112e-41 1.59768e-33 2.68044e-26 5.43589e-20 1.33254e-14 3.94857e-10 1.41431e-06 0.000612349 0.0320479 0.202753 0.157221 0.0798573 0.2393 0.134176 0.09412 0.0455698 0.0126727 0.00157494 9.2047e-05 2.15004e-06 1.22906e-08 1.467e-11 3.41345e-15 1.39796e-19 8.97672e-25
 1.51491e-41 2.10259e-33 3.52753e-26 7.15377e-20 1.75366e-14 5.19642e-10 1.86127e-06 0.000805867 0.0421759 0.266824 0.205876 0.0696524 0.171404 0.103706 0.0934643 0.037094 0.00793268 0.00101177 5.05384e-05 8.36578e-07 3.93693e-09 3.7998e-12 6.25335e-16 1.64872e-20 6.69849e-26
 1.54807e-41 2.14862e-33 3.60475e-26 7.31036e-20 1.79205e-14 5.31017e-10 1.90202e-06 0.000823507 0.0430991 0.272669 0.21103 0.0832952 0.197633 0.0987718 0.0619383 0.0245346 0.0056241 0.000556446 2.31513e-05 3.19787e-07 1.08317e-09 7.72939e-13 9.83787e-17 1.93968e-21 5.51504e-27
 1.15003e-41 1.59616e-33 2.67789e-26 5.43072e-20 1.33128e-14 3.94482e-10 1.41297e-06 0.000611767 0.0320175 0.202571 0.158742 0.103561 0.253059 0.12939 0.0881469 0.0269826 0.00448426 0.000417365 1.46662e-05 1.55401e-07 4.09735e-10 2.13885e-13 1.92664e-17 2.75309e-22 5.79474e-28
 1.72481e-41 2.39392e-33 4.0163e-26 8.14497e-20 1.99664e-14 5.91642e-10 2.11916e-06 0.000917525 0.0480196 0.3038 0.234826 0.0748467 0.140426 0.0901902 0.0800688 0.0232204 0.00345011 0.000225641 6.03327e-06 5.16018e-08 1.02074e-10 3.93329e-14 2.58871e-18 2.632e-23 3.89105e-29
 1.3935e-41 1.93409e-33 3.24484e-26 6.58047e-20 1.61312e-14 4.77998e-10 1.71211e-06 0.000741285 0.0387959 0.245466 0.192827 0.116644 0.234831 0.0989812 0.0515409 0.0170087 0.00298551 0.00017318 3.40853e-06 2.03208e-08 2.98356e-11 8.51196e-15 4.05028e-19 2.95847e-24 3.13076e-30
 1.18369e-41 1.64289e-33 2.75629e-26 5.5897e-20 1.37025e-14 4.0603e-10 1.45433e-06 0.000629676 0.0329548 0.208521 0.165315 0.118294 0.227951 0.132468 0.0921408 0.0193382 0.0022464 0.000137133 2.56221e-06 1.15702e-08 1.16332e-11 2.30322e-15 7.84294e-20 4.11646e-25 3.10706e-31
 9.44281e-42 1.3106e-33 2.1988e-26 4.45913e-20 1.0931e-14 3.23906e-10 1.16018e-06 0.000502318 0.0262894 0.16637 0.134688 0.131817 0.244012 0.154767 0.110026 0.0280611 0.00333488 0.000128449 1.87027e-06 7.57418e-09 6.04693e-12 8.46215e-16 1.95757e-20 7.04502e-26 3.7182e-32
 1.49817e-41 2.07936e-33 3.48856e-26 7.07474e-20 1.73429e-14 5.13902e-10 1.84071e-06 0.000796965 0.04171 0.263915 0.207286 0.0986422 0.153225 0.120923 0.0877152 0.0228123 0.00285683 0.000114239 1.26688e-06 3.52593e-09 2.20221e-12 2.46384e-16 4.27611e-21 1.08685e-26 3.93134e-33
 1.04837e-41 1.45506e-33 2.44117e-26 4.95065e-20 1.21359e-14 3.5961e-10 1.28806e-06 0.000557687 0.0291872 0.184756 0.153135 0.170043 0.260975 0.118082 0.0630199 0.0179101 0.00224419 8.85515e-05 9.44169e-07 2.16387e-09 9.49301e-13 7.44968e-17 9.61816e-22 1.85592e-27 5.00022e-34
 1.52165e-41 2.11194e-33 3.54322e-26 7.18559e-20 1.76146e-14 5.21954e-10 1.86955e-06 0.000809452 0.0423636 0.268081 0.212658 0.111186 0.153544 0.128083 0.0702285 0.0118312 0.00116735 4.49146e-05 4.46202e-07 9.17623e-10 3.3668e-13 1.99323e-17 1.80489e-22 2.41692e-28 4.63207e-35
 1.08519e-41 1.50617e-33 2.52692e-26 5.12454e-20 1.25622e-14 3.72241e-10 1.33331e-06 0.000577276 0.0302126 0.191316 0.162564 0.190402 0.247242 0.111771 0.0528458 0.0120806 0.000963423 2.42145e-05 1.96794e-07 3.52335e-10 1.09701e-13 5.33818e-18 3.80624e-23 3.8123e-29 5.22629e-36
 1.38597e-41 1.92363e-33 3.2273e-26 6.54489e-20 1.6044e-14 4.75414e-10 1.70286e-06 0.000737278 0.0385864 0.244257 0.198769 0.13596 0.172732 0.14016 0.0598595 0.00831361 0.000608524 1.43689e-05 8.16608e-08 1.04197e-10 2.55299e-14 1.00192e-18 5.70406e-24 4.48836e-30 4.74308e-37
 1.50515e-41 2.08905e-33 3.50481e-26 7.10768e-20 1.74236e-14 5.16294e-10 1.84928e-06 0.000800675 0.0419045 0.26532 0.218901 0.161581 0.174086 0.0911975 0.0388414 0.00696547 0.000393165 6.64649e-06 3.15741e-08 3.04761e-11 5.16658e-15 1.44173e-19 6.13145e-25 3.69155e-31 2.9958e-38
 1.22204e-41 1.69611e-33 2.84558e-26 5.77077e-20 1.41464e-14 4.19183e-10 1.50144e-06 0.000650074 0.0340229 0.215588 0.187744 0.200112 0.211153 0.110248 0.0356254 0.0045941 0.000257225 3.9589e-06 1.36063e-08 9.69467e-12 1.24587e-15 2.51411e-20 7.43811e-26 3.12093e-32 1.80624e-39
 1.47266e-41 2.04395e-33 3.42916e-26 6.95426e-20 1.70476e-14 5.0515e-10 1.80937e-06 0.000783393 0.0410003 0.259709 0.218053 0.161555 0.168077 0.112319 0.0346179 0.00373259 0.000149364 1.83283e-06 5.41904e-09 2.97802e-12 2.7337e-16 3.96645e-21 8.55489e-27 2.58953e-33 1.05886e-40
 1.44599e-41 2.00694e-33 3.36706e-26 6.82833e-20 1.67388e-14 4.96003e-10 1.7766e-06 0.000769207 0.0402584 0.255185 0.221709 0.193858 0.173817 0.0856656 0.0256909 0.00294366 0.000100313 8.95448e-07 1.9136e-09 8.15576e-13 5.8412e-17 6.29585e-22 9.691e-28 2.07359e-34 6.034e-42
 1.28496e-41 1.78344e-33 2.99209e-26 6.0679e-20 1.48747e-14 4.40766e-10 1.57875e-06 0.000683545 0.0357758 0.227015 0.206598 0.214594 0.192583 0.098007 0.0227105 0.00196924 6.10198e-05 4.74438e-07 7.60989e-10 2.27696e-13 1.16431e-17 9.27998e-23 1.0691e-28 1.69063e-35 3.55793e-43
 1.16142e-41 1.61197e-33 2.70441e-26 5.48449e-20 1.34446e-14 3.98388e-10 1.42696e-06 0.000617825 0.032337 0.205451 0.19507 0.223116 0.204833 0.112163 0.0245492 0.00181912 4.14128e-05 2.4981e-07 3.28115e-10 7.6214e-14 2.81567e-18 1.56804e-23 1.26517e-29 1.42578e-36 2.17289e-44
 1.14401e-41 1.58781e-33 2.66388e-26 5.4023e-20 1.32431e-14 3.92417e-10 1.40557e-06 0.000608566 0.0318523 0.202349 0.191173 0.216196 0.209088 0.119663 0.0270045 0.00202176 4.18287e-05 2.05266e-07 2.13283e-10 4.09747e-14 1.28264e-18 5.95135e-24 3.87635e-30 3.44151e-37 4.08882e-45
#spawning biomass
 12004.7 12017.4 16015 22146.2 27746.3 33091.8 38599.8 44725.2 49315.4 65656 85745.5 98327.5 123096 158746 151279 135024 114648 113744 123632 114668 123707 132129 132459 143788 160051 166646 163267 151330 175568 257522 277341 264102 235140 202438 172476 147814 128795 114748 104683 97626.5 92757.6 89436.5 87173.5 85633.1 84624.7 83964.6 83532.5 83249.6 83064.4 82943.1 82863.8 82811.8 82777.8 82755.5 82740.9 82731.4 82725.2 82721.1 82718.4 82716.6 82715.5 82714.7 82714.3 82713.9 82713.7 82713.6 82713.5 82713.4 82713.4 82713.4 82713.4 82713.3 82713.3 82713.3 82713.3 82713.3 82713.3 82713.3 82713.3 82713.3 82713.3 82713.3 82713.3 82713.3 82713.3 82713.3 82713.3 82713.3 82713.3 82713.3 82713.3 82713.3 82713.3 82713.3 82713.3 82713.3 82713.3 82713.3 82713.3 82713.3 82713.3 82713.3 82713.3 82713.3 82713.3 82713.3 82713.3 82713.3 82713.3 82713.3 82713.3 82713.3 82713.3 82713.3 82713.3 82713.3 82713.3 82713.3 82713.3 82713.3 82713.3 82713.3 82713.3 82713.3 82713.3 82713.3 82713.3 82713.3 0 0 0 0 0 0 0 0 0 0 0 0 0 0 0 0 0 0 0 0 0 0 0 0 0
