SBPRF35
0.225847
Curr Bio
186837
B35
215584
F35
0.943106
FOFL
0.877237
OFL
46904.5
Bzero
64527.4
#pred survey bio
 14605.6 15206.4 17309.1 18737.1 21313.3 25525.9 28792.5 34566.5 48470.7 67144.8 80301.2 91677.6 129749 164010 143650 116536 112017 109241 106645 104313 113329 115506 122744 124986 145377 145657 136674 145972 5.55564e+06 3.85252e+06 2.68968e+06 1.53621e+06 972478 728020 616755 560456 528847 509770 497785 490111 485159 481954 479865 478497 477631 477080 476729 476505 476363 476272 476213 476176 476152 476137 476128 476121 476117 476115 476113 476112 476111 476111 476111 476111 476110 476110 476110 476110 476110 476110 476110 476110 476110 476110 476110 476110 476110 476110 476110 476110 476110 476110 476110 476110 476110 476110 476110 476110 476110 476110 476110 476110 476110 476110 476110 476110 476110 476110 476110 476110 476110 476110 476110 476110 476110 476110 476110 476110 476110 476110 476110 476110 476110 476110 476110 476110 476110 476110 476110 476110 476110 476110 476110 476110 476110 476110 476110 476110 0 0 0 0 0 0 0 0 0 0 0 0 0 0 0 0 0 0 0 0 0 0 0 0 0
#obs survey bio
 12244.8 13706.3 15598.6 18226.7 17026.1 18664 21600 31679 38851.7 55052.6 79702.5 74977.9 132324 121522 94979.4 116596 85205.5 97801.3 93356.7 91246 130772 106800 92668.9 144161 143330 112721 113365 110268
#pred catch bio
 6523.66 6574.58 8408.63 9655.4 10521.4 13335.9 16091.4 18756.1 26227.1 39333.6 52940.7 56851.1 76331.9 113306 105503 83244.9 81028.9 78958.8 78748.4 73708.3 85225.5 84596.6 95380.7 92161 113772 117665 102439 102638 46904.5 77421.3 54504.3 25617.3 13438.3 9389.91 8159.44 7804.64 7705.98 7679.26 7672.16 7670.3 7669.82 7669.7 7669.67 7669.66 7669.66 7669.65 7669.65 7669.65 7669.65 7669.65 7669.65 7669.65 7669.65 7669.65 7669.65 7669.65 7669.65 7669.65 7669.65 7669.65 7669.65 7669.65 7669.65 7669.65 7669.65 7669.65 7669.65 7669.65 7669.65 7669.65 7669.65 7669.65 7669.65 7669.65 7669.65 7669.65 7669.65 7669.65 7669.65 7669.65 7669.65 7669.65 7669.65 7669.65 7669.65 7669.65 7669.65 7669.65 7669.65 7669.65 7669.65 7669.65 7669.65 7669.65 7669.65 7669.65 7669.65 7669.65 7669.65 7669.65 7669.65 7669.65 7669.65 7669.65 7669.65 7669.65 7669.65 7669.65 7669.65 7669.65 7669.65 7669.65 7669.65 7669.65 7669.65 7669.65 7669.65 7669.65 7669.65 7669.65 7669.65 7669.65 7669.65 7669.65 7669.65 7669.65 7669.65 7669.65 0 0 0 0 0 0 0 0 0 0 0 0 0 0 0 0 0 0 0 0 0 0 0 0 0
#obs catch bio
 6822.08 6593.6 8375.9 9732.79 10509.6 13287.3 16005.5 18545.2 25747 38483.2 52191.9 55982.2 74372.1 110061 105743 83731.1 80049 77419 76897.5 71101.3 81470.6 82205.4 91164.6 87987.6 109484 112749 99689.3 100933
#pred cpue bio
 9944.55 9957.8 11116.9 11768.5 12642.2 15242.2 17264.9 19132.2 25466.1 35955.9 44345 47231.7 63493 89169.5 82689.6 64383.9 58884.4 57142.6 55853.2 53393.1 57623.2 57322.8 61592.9 60186.5 69777.3 71186.4 66203.5 71906 2.86464e+06 3.02891e+06 2.53362e+06 1.42514e+06 855923 609874 498303 441947 410326 391247 379262 371588 366636 363430 361342 359974 359107 358556 358205 357982 357839 357748 357690 357653 357629 357614 357604 357598 357594 357591 357590 357589 357588 357587 357587 357587 357587 357587 357587 357587 357587 357587 357587 357587 357587 357587 357587 357587 357587 357587 357587 357587 357587 357587 357587 357587 357587 357587 357587 357587 357587 357587 357587 357587 357587 357587 357587 357587 357587 357587 357587 357587 357587 357587 357587 357587 357587 357587 357587 357587 357587 357587 357587 357587 357587 357587 357587 357587 357587 357587 357587 357587 357587 357587 357587 357587 357587 357587 357587 357587 0 0 0 0 0 0 0 0 0 0 0 0 0 0 0 0 0 0 0 0 0 0 0 0 0
#obs cpue bio
 8522.46 9255.55 13448.1 11053.7 16209.1 22155 29243.6 26364.2 42038.8 61907.9 56337.6 77101 87210.9 185562 98471.6 67147.3 92650.2 93279.1 95976.5 114780 108071 87095 183228 109711 124034 168447 112182 138590
#pred surv len freq
 2.56455e-27 2.59201e-27 3.62423e-26 7.10562e-20 1.74186e-14 5.16144e-10 1.84874e-06 0.000800434 0.0418918 0.265019 0.203001 0.0400507 0.162226 0.149781 0.0342644 0.040766 0.0173698 0.0131775 0.00806698 0.00609958 0.00474762 0.00406676 0.00403642 0.00355201 0.00108116
 2.56499e-27 2.59334e-27 3.75022e-26 7.37143e-20 1.80702e-14 5.35452e-10 1.9179e-06 0.000830376 0.0434589 0.274933 0.210554 0.0389787 0.148764 0.137909 0.042341 0.0619935 0.0209978 0.00868668 0.00389224 0.00222301 0.00141481 0.00103889 0.000913033 0.000802209 0.000267342
 2.56526e-27 2.59406e-27 3.80971e-26 7.49691e-20 1.83778e-14 5.44566e-10 1.95055e-06 0.000844512 0.0441987 0.279613 0.214133 0.0393526 0.149094 0.13805 0.0393848 0.0553596 0.0211955 0.0123063 0.00394701 0.00124168 0.000527045 0.000295906 0.000215381 0.0001775 6.1191e-05
 2.56547e-27 2.59453e-27 3.84081e-26 7.56249e-20 1.85385e-14 5.4933e-10 1.96761e-06 0.000851899 0.0445853 0.282059 0.216013 0.0401126 0.153558 0.142031 0.0376248 0.0502521 0.0182452 0.00937354 0.00356656 0.00125748 0.000286141 9.03383e-05 4.66473e-05 3.30502e-05 1.12671e-05
 2.56696e-27 2.59846e-27 4.17826e-26 8.27433e-20 2.02835e-14 6.01037e-10 2.15281e-06 0.000932087 0.0487821 0.308609 0.236283 0.039913 0.137798 0.127358 0.0327152 0.0426777 0.0148603 0.00668484 0.00232578 0.000791541 0.000211549 4.00723e-05 9.87246e-06 5.01357e-06 1.60059e-06
 2.56624e-27 2.59644e-27 3.99097e-26 7.8792e-20 1.93149e-14 5.72335e-10 2.05001e-06 0.000887576 0.0464525 0.293872 0.225049 0.0411285 0.15494 0.143042 0.0330557 0.0394859 0.0135839 0.00585948 0.00190291 0.000566103 0.000139551 2.80528e-05 3.89607e-06 9.01884e-07 2.39916e-07
 2.56624e-27 2.59647e-27 3.99718e-26 7.8923e-20 1.9347e-14 5.73287e-10 2.05342e-06 0.000889051 0.0465297 0.29436 0.225416 0.0407857 0.152074 0.1405 0.0344766 0.0433354 0.0142686 0.0051725 0.00161946 0.000452647 9.79898e-05 1.77429e-05 2.29509e-06 2.32392e-07 3.6036e-08
 2.56826e-27 2.60185e-27 4.46444e-26 8.87799e-20 2.17633e-14 6.44886e-10 2.30987e-06 0.00100009 0.052341 0.331123 0.253478 0.0401658 0.12764 0.117778 0.0273082 0.0326939 0.0108571 0.00407283 0.00118751 0.000283398 5.71605e-05 9.14696e-06 1.04369e-06 7.6965e-08 4.97151e-09
 2.56894e-27 2.60357e-27 4.60396e-26 9.17228e-20 2.24847e-14 6.66263e-10 2.38644e-06 0.00103324 0.054076 0.342099 0.261869 0.0407685 0.126332 0.11635 0.0230547 0.0233227 0.00755682 0.00256933 0.00075091 0.000179281 3.15266e-05 4.45524e-06 4.45561e-07 2.75555e-08 9.82956e-10
 2.56829e-27 2.60176e-27 4.44102e-26 8.82853e-20 2.16421e-14 6.41293e-10 2.297e-06 0.000994515 0.0520493 0.329278 0.252091 0.0414782 0.138603 0.127639 0.0244399 0.0236162 0.00727753 0.00188372 0.000512684 0.000112742 1.97392e-05 2.53619e-06 2.16952e-07 1.14966e-08 3.09205e-10
 2.56749e-27 2.5996e-27 4.25079e-26 8.42722e-20 2.06583e-14 6.12143e-10 2.19259e-06 0.000949309 0.0496834 0.314311 0.240669 0.041971 0.150378 0.13853 0.0268347 0.0263282 0.00797692 0.00182748 0.000448515 7.64067e-05 1.19901e-05 1.46953e-06 1.15509e-07 5.18673e-09 1.15701e-10
 2.56909e-27 2.60394e-27 4.63116e-26 9.22964e-20 2.26253e-14 6.70429e-10 2.40137e-06 0.0010397 0.0544141 0.344239 0.263508 0.0410846 0.127586 0.117441 0.0220647 0.0207532 0.00621238 0.00130042 0.000303661 4.44985e-05 5.64349e-06 5.64213e-07 4.08382e-08 1.66701e-09 3.1395e-11
 2.56997e-27 2.60627e-27 4.83362e-26 9.65672e-20 2.36723e-14 7.01452e-10 2.51248e-06 0.00108781 0.056932 0.360168 0.275667 0.040862 0.117349 0.107903 0.0187147 0.0155136 0.00461785 0.000936836 0.000213608 2.8784e-05 3.27425e-06 2.63661e-07 1.498e-08 5.41574e-10 9.13738e-12
 2.56737e-27 2.59916e-27 4.2017e-26 8.32364e-20 2.04044e-14 6.04619e-10 2.16564e-06 0.000937641 0.0490728 0.310448 0.237736 0.0429739 0.16007 0.14728 0.0248551 0.0195982 0.00574528 0.00102281 0.000225829 2.95971e-05 3.19219e-06 2.29247e-07 1.05364e-08 2.94648e-10 4.27056e-12
 2.56599e-27 2.59548e-27 3.88188e-26 7.64896e-20 1.87505e-14 5.55611e-10 1.9901e-06 0.000861639 0.0450951 0.285284 0.218528 0.0434132 0.176909 0.162951 0.0300516 0.0274923 0.00794849 0.00118838 0.000244188 2.78765e-05 2.84903e-06 1.94571e-07 8.00366e-09 1.81038e-10 2.02315e-12
 2.56737e-27 2.59925e-27 4.21763e-26 8.35727e-20 2.04868e-14 6.07062e-10 2.17439e-06 0.000941429 0.049271 0.311702 0.238681 0.0422005 0.153521 0.141413 0.0270305 0.0260315 0.00761943 0.00129186 0.000266519 2.56965e-05 2.31002e-06 1.40071e-07 5.41915e-09 1.09952e-10 9.96503e-13
 2.56838e-27 2.60194e-27 4.45033e-26 8.84815e-20 2.16902e-14 6.42719e-10 2.30211e-06 0.000996726 0.052165 0.33001 0.252658 0.041997 0.142153 0.130799 0.0229182 0.019331 0.00568737 0.00103526 0.000221217 2.36913e-05 2.04587e-06 1.0389e-07 3.48794e-09 6.47225e-11 5.25852e-13
 2.56821e-27 2.60144e-27 4.40005e-26 8.74207e-20 2.14301e-14 6.35013e-10 2.27451e-06 0.000984776 0.0515396 0.326054 0.249646 0.0426034 0.148883 0.136905 0.0220911 0.0159025 0.00456948 0.000666054 0.000135919 1.53841e-05 1.41711e-06 7.56782e-08 2.21906e-09 3.47937e-11 2.52711e-13
 2.56824e-27 2.60151e-27 4.40797e-26 8.75877e-20 2.14711e-14 6.36226e-10 2.27886e-06 0.000986657 0.0516381 0.326677 0.25012 0.0424798 0.14761 0.135757 0.0223829 0.0168521 0.00478483 0.000588344 0.000109928 1.02577e-05 9.07909e-07 5.1781e-08 1.61587e-09 2.34936e-11 1.43913e-13
 2.56872e-27 2.60281e-27 4.52148e-26 8.99823e-20 2.20581e-14 6.53621e-10 2.34116e-06 0.00101363 0.0530499 0.335608 0.256936 0.0422427 0.141016 0.129646 0.0208201 0.0148287 0.00420921 0.000522946 9.59625e-05 7.6127e-06 5.75007e-07 2.81453e-08 8.98326e-10 1.39099e-11 8.22316e-14
 2.56891e-27 2.60333e-27 4.56877e-26 9.09798e-20 2.23026e-14 6.60866e-10 2.36711e-06 0.00102487 0.053638 0.339328 0.259773 0.042035 0.137442 0.126364 0.0205249 0.0149817 0.00425351 0.00052654 9.67332e-05 7.78251e-06 5.56139e-07 2.2537e-08 6.03078e-10 8.94228e-12 5.56184e-14
 2.56924e-27 2.60421e-27 4.6423e-26 9.25309e-20 2.26828e-14 6.72133e-10 2.40747e-06 0.00104234 0.0545524 0.345113 0.264192 0.0421378 0.135119 0.124141 0.0186956 0.0113714 0.00319827 0.000363493 6.44664e-05 5.06894e-06 3.59922e-07 1.43311e-08 3.3264e-10 4.04707e-12 2.30245e-14
 2.56901e-27 2.60357e-27 4.58618e-26 9.1347e-20 2.23926e-14 6.63533e-10 2.37666e-06 0.001029 0.0538544 0.340698 0.260823 0.0422951 0.138684 0.127435 0.0193624 0.0120603 0.0033656 0.000331978 5.4821e-05 4.01827e-06 2.73025e-07 1.06516e-08 2.43851e-10 2.68371e-12 1.26191e-14
 2.5698e-27 2.60571e-27 4.77437e-26 9.5317e-20 2.33658e-14 6.92371e-10 2.47996e-06 0.00107373 0.056195 0.355505 0.272122 0.0418316 0.127218 0.116828 0.0170028 0.00935223 0.00259232 0.000237586 3.71935e-05 2.3682e-06 1.43905e-07 5.1981e-09 1.14725e-10 1.23701e-12 5.40412e-15
 2.56988e-27 2.60591e-27 4.79259e-26 9.57013e-20 2.346e-14 6.95162e-10 2.48995e-06 0.00107806 0.0564215 0.356938 0.273215 0.0417583 0.125892 0.115609 0.0168716 0.00935946 0.00258933 0.000227266 3.4537e-05 2.08195e-06 1.16368e-07 3.60413e-09 7.16723e-11 7.27977e-13 3.09045e-15
 2.56934e-27 2.60442e-27 4.6566e-26 9.28325e-20 2.27568e-14 6.74324e-10 2.41531e-06 0.00104574 0.0547302 0.346238 0.265056 0.0424681 0.137026 0.125811 0.0173577 0.00790086 0.00216443 0.000172577 2.45466e-05 1.398e-06 7.35484e-08 2.10206e-09 3.6717e-11 3.2388e-13 1.26929e-15
 2.56954e-27 2.60496e-27 4.7054e-26 9.38619e-20 2.30091e-14 6.81801e-10 2.4421e-06 0.00105734 0.0553371 0.350078 0.267985 0.0422855 0.133579 0.122639 0.0169613 0.00779459 0.0021208 0.000141547 1.73061e-05 8.99493e-07 4.30379e-08 1.1434e-09 1.85054e-11 1.45084e-13 4.91382e-16
 2.56933e-27 2.60441e-27 4.65907e-26 9.28846e-20 2.27695e-14 6.74702e-10 2.41667e-06 0.00104633 0.0547609 0.346433 0.265201 0.0422044 0.134918 0.123929 0.0181853 0.0102584 0.0028198 0.000212243 2.84624e-05 1.30743e-06 5.30264e-08 1.259e-09 1.86051e-11 1.34154e-13 4.0897e-16
#obs surv len freq
 1.24664e-41 1.73025e-33 2.90285e-26 5.88693e-20 1.44311e-14 4.2762e-10 1.53167e-06 0.000663158 0.0347071 0.219568 0.168391 0.0416629 0.169945 0.142332 0.0895611 0.0848909 0.0334962 0.0120726 0.00242792 0.000268931 1.2139e-05 1.64033e-07 5.02176e-10 2.84029e-13 2.5933e-17
 1.55551e-41 2.15895e-33 3.62209e-26 7.34552e-20 1.80067e-14 5.33571e-10 1.91116e-06 0.000827468 0.0433064 0.273969 0.209966 0.042613 0.142108 0.113278 0.0743999 0.0650294 0.0247691 0.0081292 0.00145895 0.000138049 5.0699e-06 5.29511e-08 1.20369e-10 4.92921e-14 3.21259e-18
 1.29411e-41 1.79614e-33 3.01339e-26 6.1111e-20 1.49806e-14 4.43904e-10 1.58999e-06 0.000688411 0.0360287 0.227929 0.175052 0.0517367 0.203811 0.149822 0.0731549 0.0552584 0.0197425 0.00578954 0.000910753 7.21492e-05 2.1206e-06 1.69926e-08 2.86602e-11 8.50922e-15 3.96374e-19
 1.55864e-41 2.16329e-33 3.62937e-26 7.36029e-20 1.80429e-14 5.34644e-10 1.91501e-06 0.000829132 0.0433935 0.274521 0.210562 0.0474127 0.14985 0.109622 0.0846365 0.0594548 0.0155334 0.00365842 0.000492496 3.20808e-05 7.41398e-07 4.50116e-09 5.60322e-12 1.20587e-15 4.02211e-20
 1.54253e-41 2.14093e-33 3.59186e-26 7.28421e-20 1.78564e-14 5.29118e-10 1.89521e-06 0.000820562 0.0429449 0.271684 0.208635 0.0552869 0.179611 0.118461 0.063742 0.0415553 0.0140827 0.0028882 0.000272806 1.36843e-05 2.43667e-07 1.10517e-09 1.00574e-12 1.56147e-16 3.72519e-21
 1.34615e-41 1.86837e-33 3.13458e-26 6.35687e-20 1.55831e-14 4.61757e-10 1.65394e-06 0.000716098 0.0374777 0.237098 0.182476 0.0612924 0.2059 0.131376 0.0835019 0.0466982 0.0111032 0.00215226 0.000199218 7.09839e-06 8.84802e-08 2.91558e-10 1.91682e-13 2.13012e-17 3.61663e-22
 1.56274e-41 2.16899e-33 3.63892e-26 7.37966e-20 1.80904e-14 5.36051e-10 1.92005e-06 0.000831314 0.0435077 0.275245 0.211571 0.0579805 0.165242 0.104968 0.0838241 0.0443628 0.0107356 0.00161219 0.000114238 3.55028e-06 3.22519e-08 7.14007e-11 3.25007e-14 2.54504e-18 3.05124e-23
 1.72928e-41 2.40012e-33 4.0267e-26 8.16607e-20 2.00182e-14 5.93175e-10 2.12466e-06 0.000919902 0.048144 0.304577 0.234174 0.0627927 0.16341 0.0928279 0.0567448 0.0278986 0.00740187 0.00104453 6.03403e-05 1.36033e-06 9.5302e-09 1.53997e-11 4.72716e-15 2.48443e-19 2.04244e-24
 1.65877e-41 2.30226e-33 3.86253e-26 7.83313e-20 1.9202e-14 5.6899e-10 2.03803e-06 0.000882396 0.0461811 0.292161 0.225099 0.0713191 0.184906 0.0979139 0.0546774 0.0220081 0.00427636 0.00054343 2.94496e-05 5.30602e-07 2.64539e-09 3.05906e-12 6.75491e-16 2.45996e-20 1.36194e-25
 1.53397e-41 2.12905e-33 3.57192e-26 7.24379e-20 1.77573e-14 5.26181e-10 1.88469e-06 0.000816008 0.0427066 0.270183 0.208756 0.0785322 0.199747 0.104738 0.0665462 0.0237627 0.00383698 0.000357807 1.47304e-05 2.25375e-07 8.86441e-10 7.31111e-13 1.11803e-16 2.84983e-21 1.10699e-26
 1.4647e-41 2.03291e-33 3.41063e-26 6.91669e-20 1.69554e-14 5.02421e-10 1.79959e-06 0.00077916 0.0407781 0.257986 0.199878 0.0841719 0.203846 0.107505 0.0753955 0.0252602 0.00407597 0.000313573 9.21523e-06 9.87686e-08 2.95393e-10 1.86961e-13 2.07769e-17 3.68699e-22 9.85319e-28
 1.88309e-41 2.6136e-33 4.38486e-26 8.8924e-20 2.17987e-14 6.45935e-10 2.31363e-06 0.00100172 0.0524262 0.331674 0.255758 0.0728975 0.140527 0.0736436 0.0526785 0.0165484 0.0026523 0.000185853 4.58661e-06 3.50086e-08 7.00948e-11 3.10322e-14 2.52059e-18 3.27186e-23 6.24913e-29
 1.56955e-41 2.17844e-33 3.65478e-26 7.41182e-20 1.81692e-14 5.38387e-10 1.92841e-06 0.000834937 0.0436973 0.276463 0.215309 0.102386 0.21408 0.0902189 0.0428638 0.0121627 0.00186038 0.000119044 2.62253e-06 1.63321e-08 2.37679e-11 7.05223e-15 3.8194e-19 3.4167e-24 4.62858e-30
 1.27486e-41 1.76942e-33 2.96856e-26 6.02019e-20 1.47578e-14 4.373e-10 1.56634e-06 0.00067817 0.0354927 0.224568 0.176778 0.113855 0.233613 0.119061 0.0774044 0.0167697 0.00168646 8.98739e-05 1.72829e-06 9.08257e-09 1.05606e-11 2.32795e-15 8.76368e-20 5.25005e-25 4.74451e-31
 1.14772e-41 1.59296e-33 2.67252e-26 5.41981e-20 1.3286e-14 3.9369e-10 1.41013e-06 0.000610539 0.0319532 0.202185 0.160449 0.11749 0.22748 0.135266 0.0979272 0.0237771 0.00275401 0.000104889 1.38207e-06 5.72289e-09 5.34268e-12 9.20545e-16 2.6109e-20 1.13253e-25 7.15301e-32
 1.55992e-41 2.16507e-33 3.63235e-26 7.36633e-20 1.80577e-14 5.35082e-10 1.91658e-06 0.000829812 0.0434291 0.274783 0.215193 0.100896 0.165609 0.104117 0.0736903 0.0189666 0.00238839 9.59629e-05 1.09364e-06 3.07218e-09 2.00063e-12 2.58009e-16 5.55872e-21 1.81229e-26 8.45721e-33
 1.4085e-41 1.95491e-33 3.27977e-26 6.6513e-20 1.63049e-14 4.83143e-10 1.73054e-06 0.000749265 0.0392136 0.248144 0.197874 0.136049 0.215299 0.0970074 0.0512725 0.0127524 0.00157243 6.44221e-05 7.33136e-07 1.83734e-09 8.91534e-13 7.77905e-17 1.15432e-21 2.70105e-27 9.23779e-34
 1.46433e-41 2.03239e-33 3.40975e-26 6.91491e-20 1.69511e-14 5.02292e-10 1.79913e-06 0.00077896 0.0407677 0.257985 0.205708 0.129919 0.189843 0.107486 0.0568655 0.00971717 0.000893886 3.32412e-05 3.54229e-07 8.23848e-10 3.51436e-13 2.45936e-17 2.65411e-22 4.26063e-28 9.913e-35
 1.44369e-41 2.00375e-33 3.36171e-26 6.81747e-20 1.67122e-14 4.95214e-10 1.77378e-06 0.000767984 0.0401933 0.254381 0.205064 0.144579 0.195788 0.100941 0.0486467 0.00892187 0.000696559 1.75516e-05 1.442e-07 2.85587e-10 1.04877e-13 6.21091e-18 5.47986e-23 6.86072e-29 1.18293e-35
 1.55883e-41 2.16355e-33 3.6298e-26 7.36117e-20 1.8045e-14 5.34707e-10 1.91524e-06 0.000829231 0.0433988 0.274679 0.221269 0.141575 0.175218 0.0947139 0.0413634 0.00648484 0.000456609 1.01524e-05 6.00959e-08 8.2921e-11 2.31217e-14 1.09175e-18 7.75137e-24 7.75973e-30 1.05514e-36
 1.50762e-41 2.09247e-33 3.51056e-26 7.11934e-20 1.74522e-14 5.17142e-10 1.85232e-06 0.000801989 0.0419732 0.265713 0.217582 0.160533 0.184639 0.0892559 0.034226 0.00497368 0.00029625 5.41714e-06 2.64303e-08 2.7492e-11 5.30781e-15 1.74528e-19 9.02978e-25 6.81685e-31 7.09752e-38
 1.55157e-41 2.15348e-33 3.61291e-26 7.32692e-20 1.79611e-14 5.32219e-10 1.90632e-06 0.000825373 0.0431971 0.273494 0.22493 0.160211 0.17249 0.0898311 0.0310493 0.00377845 0.000189086 2.86604e-06 1.10222e-08 8.9021e-12 1.30302e-15 3.08948e-20 1.1082e-25 5.76583e-32 4.21043e-39
 1.55467e-41 2.15778e-33 3.62013e-26 7.34154e-20 1.79969e-14 5.33282e-10 1.91013e-06 0.00082702 0.0432835 0.27411 0.2284 0.17101 0.170411 0.0829044 0.0259619 0.00296579 0.000123649 1.47068e-06 4.41128e-09 2.72434e-12 2.98972e-16 5.26817e-21 1.38805e-26 5.19739e-33 2.67172e-40
 1.59467e-41 2.2133e-33 3.71327e-26 7.53043e-20 1.846e-14 5.47003e-10 1.95927e-06 0.000848298 0.0443973 0.281227 0.236177 0.174205 0.162022 0.0776746 0.0212968 0.00207504 7.36564e-05 7.20533e-07 1.65456e-09 7.60607e-13 6.18236e-17 8.01305e-22 1.54148e-27 4.19608e-34 1.56301e-41
 1.58614e-41 2.20145e-33 3.69339e-26 7.49013e-20 1.83612e-14 5.44075e-10 1.94879e-06 0.000843758 0.04416 0.279835 0.238846 0.184103 0.160028 0.0727377 0.0178507 0.00154776 4.5296e-05 3.54741e-07 6.40971e-10 2.23566e-13 1.33313e-17 1.25028e-22 1.73635e-28 3.40989e-35 9.14723e-43
 1.37131e-41 1.90328e-33 3.19315e-26 6.47565e-20 1.58743e-14 4.70384e-10 1.68484e-06 0.000729478 0.0381797 0.242231 0.218561 0.216754 0.183251 0.0813465 0.0175992 0.00131395 3.2029e-05 2.01058e-07 2.79425e-10 7.36314e-14 3.27651e-18 2.25517e-23 2.26222e-29 3.17813e-36 6.07748e-44
 1.40157e-41 1.94528e-33 3.26362e-26 6.61855e-20 1.62246e-14 4.80764e-10 1.72202e-06 0.000745576 0.0390227 0.247662 0.223679 0.205153 0.176604 0.0884604 0.0175166 0.00113244 2.25071e-05 1.11626e-07 1.19533e-10 2.36702e-14 7.77263e-19 3.91398e-24 2.8587e-30 2.90818e-37 4.00042e-45
 1.46488e-41 2.03316e-33 3.41105e-26 6.91754e-20 1.69575e-14 5.02483e-10 1.79981e-06 0.000779257 0.0407854 0.258802 0.231698 0.203087 0.169314 0.0784805 0.0159661 0.0010656 1.94214e-05 8.27575e-08 7.391e-11 1.20504e-14 3.2329e-19 1.32057e-24 7.77795e-31 6.35972e-38 7.02302e-46
#pred catch len freq
 2.55848e-27 2.57586e-27 2.23702e-26 4.17936e-20 1.02452e-14 3.03583e-10 1.08738e-06 0.000470796 0.0246398 0.155879 0.119673 0.0407204 0.225866 0.208949 0.0525578 0.0678129 0.0289638 0.0220196 0.0134257 0.0101156 0.00785611 0.00672284 0.00667045 0.00586955 0.00178655
 2.55873e-27 2.57681e-27 2.33563e-26 4.38743e-20 1.07553e-14 3.18698e-10 1.14152e-06 0.000494235 0.0258665 0.163639 0.125574 0.0391757 0.209969 0.195211 0.0673468 0.104701 0.035513 0.0147359 0.00658159 0.00374375 0.00237701 0.00174358 0.00153179 0.00134576 0.000448479
 2.55933e-27 2.5784e-27 2.46526e-26 4.66084e-20 1.14255e-14 3.38557e-10 1.21266e-06 0.000525034 0.0274784 0.173836 0.133374 0.0399851 0.210648 0.195509 0.0614125 0.0913212 0.0349834 0.0203102 0.00649878 0.00203371 0.000860801 0.000482669 0.000351172 0.000289382 9.97601e-05
 2.55983e-27 2.57954e-27 2.5479e-26 4.83512e-20 1.18527e-14 3.51217e-10 1.258e-06 0.000544666 0.0285058 0.180336 0.138358 0.0412795 0.216998 0.201114 0.057855 0.0816396 0.0296381 0.0151956 0.0057624 0.00202301 0.000459191 0.000144707 7.46783e-05 5.29046e-05 1.80354e-05
 2.56133e-27 2.58347e-27 2.88032e-26 5.53633e-20 1.35716e-14 4.02152e-10 1.44044e-06 0.000623656 0.0326399 0.206489 0.15833 0.041408 0.203943 0.188895 0.0526171 0.0726645 0.0253024 0.0113595 0.00394011 0.00133453 0.000355807 6.73056e-05 1.65676e-05 8.41201e-06 2.6855e-06
 2.56084e-27 2.58198e-27 2.73328e-26 5.22608e-20 1.28111e-14 3.79616e-10 1.35972e-06 0.000588707 0.0308108 0.194918 0.149521 0.0430987 0.222999 0.206223 0.0510492 0.0646853 0.0222476 0.00956518 0.00309721 0.000916719 0.000225396 4.5244e-05 6.2794e-06 1.45312e-06 3.8654e-07
 2.56104e-27 2.58257e-27 2.78892e-26 5.34346e-20 1.30988e-14 3.88142e-10 1.39026e-06 0.00060193 0.0315028 0.199296 0.152856 0.0425741 0.216663 0.200506 0.0524078 0.0691679 0.0227585 0.00820585 0.00256091 0.000712006 0.000153737 2.77925e-05 3.59255e-06 3.6366e-07 5.63862e-08
 2.5633e-27 2.58855e-27 3.30404e-26 6.4301e-20 1.57626e-14 4.67074e-10 1.67298e-06 0.000724337 0.0379092 0.239824 0.183796 0.0422022 0.192095 0.177571 0.0435788 0.0547908 0.0181788 0.00677797 0.00197051 0.000467612 9.40618e-05 1.50278e-05 1.71342e-06 1.26316e-07 8.15846e-09
 2.56425e-27 2.59091e-27 3.49234e-26 6.82725e-20 1.67362e-14 4.95923e-10 1.77631e-06 0.000769076 0.0402506 0.254637 0.195125 0.0433565 0.192919 0.177958 0.0368972 0.0394053 0.0127582 0.00430772 0.00125499 0.000297963 5.22617e-05 7.37243e-06 7.36734e-07 4.55487e-08 1.62463e-09
 2.56378e-27 2.58958e-27 3.36886e-26 6.56674e-20 1.60976e-14 4.77e-10 1.70853e-06 0.00073973 0.0387148 0.244921 0.187719 0.0441736 0.204341 0.188423 0.0374025 0.0378822 0.011665 0.00299202 0.000811393 0.000177366 3.097e-05 3.97243e-06 3.39531e-07 1.79861e-08 4.83686e-10
 2.56337e-27 2.58846e-27 3.26926e-26 6.35662e-20 1.55825e-14 4.61737e-10 1.65386e-06 0.00071606 0.037476 0.237084 0.18174 0.0444938 0.210978 0.194554 0.0386052 0.0390686 0.0118224 0.00267513 0.000653992 0.00011068 1.73152e-05 2.11831e-06 1.6637e-07 7.46789e-09 1.66565e-10
 2.56506e-27 2.59302e-27 3.6685e-26 7.19884e-20 1.76471e-14 5.22915e-10 1.87299e-06 0.000810935 0.0424414 0.268496 0.205713 0.0436522 0.187731 0.173022 0.0333524 0.0325016 0.00972039 0.00201126 0.000467904 6.81271e-05 8.61413e-06 8.5941e-07 6.21492e-08 2.536e-09 4.77544e-11
 2.56602e-27 2.59554e-27 3.88428e-26 7.65402e-20 1.87629e-14 5.55978e-10 1.99142e-06 0.000862209 0.0451249 0.285473 0.218675 0.0436037 0.178255 0.164136 0.0291953 0.0252571 0.00751376 0.00150801 0.000342647 4.58825e-05 5.20379e-06 4.18155e-07 2.3734e-08 8.57694e-10 1.44688e-11
 2.56354e-27 2.58875e-27 3.27983e-26 6.37886e-20 1.5637e-14 4.63352e-10 1.65965e-06 0.000718565 0.0376071 0.237913 0.182394 0.0457543 0.220112 0.202687 0.0346946 0.0280848 0.00822538 0.00144438 0.000317462 4.13314e-05 4.44431e-06 3.1848e-07 1.46228e-08 4.08727e-10 5.92293e-12
 2.56229e-27 2.58544e-27 2.99494e-26 5.7779e-20 1.41638e-14 4.197e-10 1.50329e-06 0.000650869 0.0340641 0.2155 0.165281 0.0459059 0.233289 0.215026 0.0401413 0.037385 0.0107984 0.00159137 0.000325268 3.68842e-05 3.75708e-06 2.56027e-07 1.05211e-08 2.37863e-10 2.65763e-12
 2.56368e-27 2.58927e-27 3.33688e-26 6.49927e-20 1.59322e-14 4.72099e-10 1.69098e-06 0.000732129 0.038317 0.242404 0.185804 0.0445914 0.208866 0.192552 0.0372939 0.0365578 0.010688 0.00178581 0.000366769 3.51343e-05 3.14707e-06 1.90388e-07 7.35806e-09 1.49218e-10 1.35208e-12
 2.56501e-27 2.59279e-27 3.64044e-26 7.13963e-20 1.75019e-14 5.18614e-10 1.85759e-06 0.000804264 0.0420923 0.266288 0.204038 0.0444121 0.19469 0.179289 0.0316497 0.0270328 0.00794174 0.0014228 0.000302609 3.21923e-05 2.77115e-06 1.40388e-07 4.70786e-09 8.73123e-11 7.09231e-13
 2.56482e-27 2.59221e-27 3.58153e-26 7.01531e-20 1.71972e-14 5.09583e-10 1.82524e-06 0.00079026 0.0413593 0.261651 0.200511 0.0452183 0.203304 0.187092 0.0303905 0.0221899 0.00636989 0.000914424 0.000185544 2.08593e-05 1.91541e-06 1.02062e-07 2.98952e-09 4.68463e-11 3.40166e-13
 2.56498e-27 2.59265e-27 3.62168e-26 7.10002e-20 1.74048e-14 5.15737e-10 1.84728e-06 0.000799803 0.0418588 0.264811 0.202919 0.0449686 0.199712 0.183812 0.0304497 0.0231445 0.00656572 0.00079513 0.0001476 1.36818e-05 1.20642e-06 6.86514e-08 2.14014e-09 3.10995e-11 1.90455e-13
 2.56532e-27 2.59355e-27 3.70019e-26 7.26563e-20 1.78108e-14 5.27766e-10 1.89037e-06 0.000818458 0.0428351 0.270987 0.207634 0.0448745 0.195683 0.180059 0.0291392 0.021103 0.00598618 0.000733159 0.000133747 1.05448e-05 7.93309e-07 3.87366e-08 1.23496e-09 1.91125e-11 1.12961e-13
 2.56593e-27 2.59522e-27 3.84898e-26 7.57952e-20 1.85803e-14 5.50567e-10 1.97204e-06 0.000853817 0.0446857 0.282694 0.216565 0.0443589 0.185484 0.170663 0.0277609 0.0203258 0.0057647 0.000702194 0.000128151 1.02444e-05 7.29244e-07 2.94798e-08 7.87859e-10 1.1675e-11 7.25979e-14
 2.56621e-27 2.59592e-27 3.90513e-26 7.69795e-20 1.88706e-14 5.5917e-10 2.00285e-06 0.000867159 0.0453839 0.287112 0.219943 0.0446379 0.185234 0.170323 0.0257195 0.0157585 0.00442865 0.000495734 8.73114e-05 6.82204e-06 4.82504e-07 1.91662e-08 4.44332e-10 5.4024e-12 3.07264e-14
 2.56628e-27 2.59613e-27 3.92385e-26 7.73745e-20 1.89674e-14 5.62039e-10 2.01313e-06 0.000871608 0.0456168 0.288585 0.221066 0.0445542 0.183808 0.169016 0.0256389 0.0159013 0.00443332 0.000430499 7.04876e-05 5.13401e-06 3.47363e-07 1.35188e-08 3.09115e-10 3.39981e-12 1.59815e-14
 2.56697e-27 2.59797e-27 4.08507e-26 8.07755e-20 1.98011e-14 5.86743e-10 2.10161e-06 0.000909919 0.0476219 0.301269 0.230747 0.0442322 0.174557 0.160437 0.0233745 0.0128999 0.0035734 0.000322851 5.01127e-05 3.17234e-06 1.91877e-07 6.91377e-09 1.52397e-10 1.64214e-12 7.17196e-15
 2.56743e-27 2.59922e-27 4.19638e-26 8.31237e-20 2.03768e-14 6.038e-10 2.16271e-06 0.000936371 0.0490063 0.310027 0.237428 0.0438527 0.166974 0.15345 0.0223254 0.0122666 0.00339032 0.000293063 4.41099e-05 2.64374e-06 1.47056e-07 4.54323e-09 9.02201e-11 9.1574e-13 3.88638e-15
 2.56696e-27 2.59791e-27 4.07656e-26 8.05958e-20 1.97571e-14 5.85438e-10 2.09694e-06 0.000907895 0.0475159 0.300599 0.230241 0.0445793 0.177553 0.163124 0.0224227 0.0100553 0.00275163 0.000216175 3.04179e-05 1.72266e-06 9.01715e-08 2.57076e-09 4.48397e-11 3.95238e-13 1.54842e-15
 2.56673e-27 2.59729e-27 4.02142e-26 7.94327e-20 1.9472e-14 5.76989e-10 2.06668e-06 0.000894793 0.0468302 0.296261 0.226931 0.0447481 0.181163 0.166455 0.0230269 0.0105923 0.0028809 0.000190054 2.29698e-05 1.1877e-06 5.65289e-08 1.49811e-09 2.42107e-11 1.89673e-13 6.42172e-16
 2.56608e-27 2.59556e-27 3.87146e-26 7.62692e-20 1.86965e-14 5.5401e-10 1.98437e-06 0.000859157 0.0449652 0.284462 0.217924 0.0449106 0.188728 0.173509 0.0255959 0.0146704 0.00403219 0.000300052 3.98751e-05 1.82385e-06 7.35547e-08 1.74207e-09 2.57037e-11 1.85198e-13 5.64374e-16
#obs catch len freq
 5.98167e-42 8.30216e-34 1.39286e-26 2.82469e-20 6.9244e-15 2.05183e-10 7.3493e-07 0.000318199 0.0166533 0.105355 0.0812173 0.0424922 0.227689 0.192186 0.131575 0.127062 0.0517753 0.0191928 0.00400192 0.000460019 2.16942e-05 3.07525e-07 9.8572e-10 5.8056e-13 5.48895e-17
 6.79914e-42 9.43676e-34 1.58321e-26 3.21072e-20 7.87071e-15 2.33224e-10 8.35369e-07 0.000361686 0.0189292 0.119753 0.0923207 0.0460928 0.229782 0.184599 0.129669 0.115 0.0450819 0.0152519 0.00286377 0.00028312 1.08492e-05 1.1817e-07 2.79864e-10 1.1902e-13 8.02062e-18
 1.0316e-41 1.43179e-33 2.40213e-26 4.87147e-20 1.19418e-14 3.53859e-10 1.26746e-06 0.000548768 0.0287203 0.181695 0.139688 0.048086 0.201693 0.153978 0.110238 0.0894922 0.0336895 0.0103086 0.00171437 0.000143508 4.43123e-06 3.70083e-08 6.4744e-11 1.98764e-14 9.54578e-19
 8.84635e-42 1.22782e-33 2.05992e-26 4.17747e-20 1.02406e-14 3.03447e-10 1.0869e-06 0.000470589 0.0246287 0.155811 0.12026 0.0600921 0.262137 0.182915 0.0955271 0.0671632 0.0235878 0.00641234 0.000927356 6.44238e-05 1.57815e-06 1.00407e-08 1.29702e-11 2.87871e-15 9.86583e-20
 1.21551e-41 1.68704e-33 2.83037e-26 5.73993e-20 1.40708e-14 4.16942e-10 1.49342e-06 0.000646599 0.0338404 0.214087 0.164659 0.0540377 0.19379 0.135938 0.110211 0.0704207 0.017924 0.0039337 0.000483305 2.73672e-05 5.22805e-07 2.50443e-09 2.37757e-12 3.81481e-16 9.34711e-21
 1.28529e-41 1.78389e-33 2.99285e-26 6.06943e-20 1.48785e-14 4.40877e-10 1.57915e-06 0.000683718 0.0357831 0.226377 0.174358 0.0636007 0.219978 0.137579 0.0770036 0.0464049 0.015173 0.0028044 0.000241777 1.05193e-05 1.53724e-07 5.47081e-10 3.78283e-13 4.36823e-17 7.64398e-22
 1.16582e-41 1.61808e-33 2.71466e-26 5.50528e-20 1.34956e-14 3.99898e-10 1.43237e-06 0.000620166 0.032457 0.205338 0.158581 0.0696516 0.23614 0.143444 0.0933846 0.0473888 0.010896 0.00193479 0.000158349 4.82855e-06 4.94146e-08 1.27344e-10 6.34185e-14 5.23117e-18 6.50606e-23
 1.45083e-41 2.01365e-33 3.37832e-26 6.85116e-20 1.67948e-14 4.97661e-10 1.78254e-06 0.000771778 0.0403918 0.255535 0.196831 0.0645515 0.184314 0.112431 0.0903382 0.0433822 0.010012 0.00135169 8.57252e-05 2.24713e-06 1.65077e-08 2.85549e-11 9.84004e-15 5.71175e-19 5.0107e-24
 1.67788e-41 2.32878e-33 3.90702e-26 7.92336e-20 1.94232e-14 5.75544e-10 2.06151e-06 0.000892561 0.0467131 0.295526 0.227579 0.0687403 0.174723 0.0944434 0.0578929 0.0260879 0.00653747 0.000819786 4.15548e-05 7.89727e-07 4.45372e-09 5.57406e-12 1.29282e-15 5.03713e-20 3.02856e-25
 1.64624e-41 2.28487e-33 3.83335e-26 7.77396e-20 1.90569e-14 5.64692e-10 2.02264e-06 0.000875731 0.0458323 0.289957 0.223778 0.0771679 0.190293 0.0957217 0.0530618 0.0193285 0.00355913 0.000404901 1.89631e-05 2.83367e-07 1.13133e-09 1.01177e-12 1.68272e-16 4.53751e-21 1.83827e-26
 1.55754e-41 2.16177e-33 3.62681e-26 7.3551e-20 1.80302e-14 5.34267e-10 1.91366e-06 0.000828547 0.0433629 0.274337 0.212331 0.0840334 0.19957 0.100126 0.0621643 0.0199691 0.00301619 0.000249523 8.94218e-06 1.12712e-07 3.50785e-10 2.22565e-13 2.56033e-17 4.82743e-22 1.37137e-27
 1.51767e-41 2.10643e-33 3.53398e-26 7.16684e-20 1.75687e-14 5.20591e-10 1.86467e-06 0.000807339 0.0422529 0.267319 0.20744 0.0891571 0.199287 0.101358 0.0683934 0.0206891 0.00308147 0.000206939 5.23679e-06 4.63097e-08 1.09481e-10 5.29947e-14 4.41368e-18 5.78763e-23 1.1308e-28
 1.92975e-41 2.67837e-33 4.49353e-26 9.11278e-20 2.23389e-14 6.61943e-10 2.37097e-06 0.00102655 0.0537255 0.339896 0.262369 0.0760992 0.135613 0.0689377 0.046893 0.0133592 0.001957 0.000118887 2.48429e-06 1.54668e-08 2.44525e-11 8.28243e-15 5.03148e-19 4.81582e-24 6.7204e-30
 1.62508e-41 2.25551e-33 3.78408e-26 7.67405e-20 1.8812e-14 5.57435e-10 1.99664e-06 0.000864476 0.0452433 0.286249 0.223384 0.107282 0.205567 0.0825711 0.0376686 0.00974301 0.00135031 7.46214e-05 1.37745e-06 6.91533e-09 7.87535e-12 1.78347e-15 7.22507e-20 4.76217e-25 4.70606e-31
 1.33879e-41 1.85815e-33 3.11743e-26 6.32209e-20 1.54979e-14 4.5923e-10 1.64489e-06 0.000712179 0.0372726 0.235837 0.186201 0.120155 0.225741 0.112205 0.0675549 0.0130619 0.00120082 5.5458e-05 8.8736e-07 3.73052e-09 3.36772e-12 5.63511e-16 1.58362e-20 6.99145e-26 4.61012e-32
 1.21912e-41 1.69206e-33 2.83878e-26 5.757e-20 1.41126e-14 4.18182e-10 1.49786e-06 0.000648522 0.0339411 0.214772 0.171015 0.12418 0.220245 0.129158 0.0852987 0.0187636 0.00191375 6.20373e-05 6.8499e-07 2.26634e-09 1.63383e-12 2.12653e-16 4.48763e-21 1.43267e-26 6.60526e-33
 1.63741e-41 2.27262e-33 3.8128e-26 7.73227e-20 1.89548e-14 5.61664e-10 2.01179e-06 0.000871035 0.0455866 0.288441 0.226342 0.104681 0.157292 0.0976627 0.062721 0.0147273 0.00161834 5.47835e-05 5.09549e-07 1.13835e-09 5.73415e-13 5.57385e-17 8.90752e-22 2.1324e-27 7.25475e-34
 1.48675e-41 2.06351e-33 3.46197e-26 7.02081e-20 1.72107e-14 5.09984e-10 1.82668e-06 0.000790889 0.0413921 0.261943 0.20953 0.140656 0.202714 0.0888292 0.0432328 0.00982102 0.00105355 3.62405e-05 3.32755e-07 6.53254e-10 2.42958e-13 1.5963e-17 1.75592e-22 3.01057e-28 7.48985e-35
 1.5483e-41 2.14894e-33 3.6053e-26 7.31147e-20 1.79232e-14 5.31098e-10 1.9023e-06 0.000823633 0.0431058 0.272796 0.21812 0.133594 0.178397 0.0987124 0.0466425 0.00720406 0.000584734 1.82448e-05 1.56005e-07 2.81896e-10 9.1356e-14 4.78407e-18 3.82007e-23 4.49501e-29 7.60516e-36
 1.53002e-41 2.12357e-33 3.56273e-26 7.22514e-20 1.77116e-14 5.24826e-10 1.87984e-06 0.000813907 0.0425968 0.269612 0.218011 0.147866 0.182779 0.0916453 0.0396919 0.00653562 0.000436943 9.24761e-06 6.12748e-08 9.39351e-11 2.60583e-14 1.14838e-18 7.46513e-24 6.8375e-30 8.57698e-37
 1.64697e-41 2.28588e-33 3.83504e-26 7.77738e-20 1.90653e-14 5.64941e-10 2.02352e-06 0.000876117 0.0458527 0.290232 0.234417 0.143482 0.162305 0.0849023 0.0330088 0.00463757 0.000279423 5.12424e-06 2.42083e-08 2.59049e-11 5.45137e-15 1.90836e-19 9.94312e-25 7.25699e-31 7.16124e-38
 1.59696e-41 2.21648e-33 3.7186e-26 7.54124e-20 1.84865e-14 5.47788e-10 1.96209e-06 0.000849516 0.0444607 0.28149 0.231198 0.161986 0.170176 0.0791248 0.0270404 0.00349357 0.000176475 2.65338e-06 1.02455e-08 8.19438e-12 1.1917e-15 2.90373e-20 1.09994e-25 6.03416e-32 4.545e-39
 1.64295e-41 2.28031e-33 3.82569e-26 7.75842e-20 1.90189e-14 5.63564e-10 2.01859e-06 0.000873982 0.0457412 0.289637 0.238855 0.160711 0.158587 0.0788316 0.0240598 0.0025904 0.000109507 1.35354e-06 4.09757e-09 2.53376e-12 2.78137e-16 4.87688e-21 1.28064e-26 4.83946e-33 2.55161e-40
 1.6471e-41 2.28607e-33 3.83536e-26 7.77803e-20 1.90669e-14 5.64988e-10 2.02369e-06 0.00087619 0.045857 0.290452 0.242655 0.170538 0.155776 0.0718906 0.0198935 0.00199002 6.93703e-05 6.69676e-07 1.57351e-09 7.40769e-13 6.07847e-17 7.90172e-22 1.52164e-27 4.13726e-34 1.53686e-41
 1.6869e-41 2.3413e-33 3.92802e-26 7.96595e-20 1.95276e-14 5.78638e-10 2.07259e-06 0.000897359 0.0469652 0.297546 0.25048 0.172711 0.147496 0.0664799 0.0160225 0.00136049 4.01641e-05 3.15998e-07 5.65257e-10 1.97463e-13 1.19686e-17 1.14199e-22 1.60309e-28 3.16453e-35 8.50958e-43
 1.67896e-41 2.33029e-33 3.90955e-26 7.92848e-20 1.94357e-14 5.75917e-10 2.06284e-06 0.000893139 0.0467448 0.296281 0.253438 0.181684 0.145132 0.0615595 0.0132507 0.000991957 2.39776e-05 1.50263e-07 2.10339e-10 5.55121e-14 2.4627e-18 1.69758e-23 1.7178e-29 2.44327e-36 4.72696e-44
 1.4669e-41 2.03597e-33 3.41575e-26 6.92708e-20 1.69809e-14 5.03176e-10 1.80229e-06 0.000780332 0.0408418 0.259216 0.23444 0.214713 0.167453 0.0687222 0.0129841 0.000831323 1.6631e-05 8.29694e-08 8.89274e-11 1.76714e-14 5.83457e-19 2.94677e-24 2.15211e-30 2.1885e-37 3.0162e-45
 1.49943e-41 2.08111e-33 3.49149e-26 7.08067e-20 1.73574e-14 5.14332e-10 1.84225e-06 0.000797633 0.041747 0.264856 0.235074 0.197074 0.166916 0.0783185 0.0143626 0.000837574 1.4604e-05 6.20715e-08 5.58206e-11 9.15246e-15 2.46305e-19 1.00923e-24 5.96797e-31 4.89848e-38 5.42304e-46
#spawning biomass
 17262.6 18234.2 20868.8 22719.8 26229.7 31340.6 35326.3 43236.8 61295.4 84530.6 100385 116392 166447 205597 177724 145651 141531 138108 134804 132502 144169 147636 156528 160716 187060 186679 175488 186837 201279 198746 118282 57991.6 33913.4 25961.1 23545.9 22849.6 22656 22603.5 22589.6 22585.9 22585 22584.8 22584.7 22584.7 22584.7 22584.7 22584.7 22584.7 22584.7 22584.7 22584.7 22584.7 22584.7 22584.7 22584.7 22584.7 22584.7 22584.7 22584.7 22584.7 22584.7 22584.7 22584.7 22584.7 22584.7 22584.7 22584.7 22584.7 22584.7 22584.7 22584.7 22584.7 22584.7 22584.7 22584.7 22584.7 22584.7 22584.7 22584.7 22584.7 22584.7 22584.7 22584.7 22584.7 22584.7 22584.7 22584.7 22584.7 22584.7 22584.7 22584.7 22584.7 22584.7 22584.7 22584.7 22584.7 22584.7 22584.7 22584.7 22584.7 22584.7 22584.7 22584.7 22584.7 22584.7 22584.7 22584.7 22584.7 22584.7 22584.7 22584.7 22584.7 22584.7 22584.7 22584.7 22584.7 22584.7 22584.7 22584.7 22584.7 22584.7 22584.7 22584.7 22584.7 22584.7 22584.7 22584.7 22584.7 0 0 0 0 0 0 0 0 0 0 0 0 0 0 0 0 0 0 0 0 0 0 0 0 0
