SBPRF35
0.175648
Curr Bio
244733
B35
321441
F35
0.696042
FOFL
0.317968
OFL
23285.8
Bzero
50185.1
#pred survey bio
 9092.75 9267.25 6986.51 7924.09 12428 17790.1 24614.3 33524 50988.6 63761.1 97408.7 135903 176630 231404 228162 230202 234139 243019 228377 214209 225676 226769 230994 273997 302104 311648 318062 366713 293921 7.17968e+06 5.00428e+06 3.05578e+06 1.74817e+06 1.07796e+06 761442 613094 540857 503517 483039 471289 464349 460183 457662 456130 455181 454616 454278 454075 453954 453881 453837 453811 453795 453786 453780 453777 453774 453773 453772 453772 453772 453772 453771 453771 453771 453771 453771 453771 453771 453771 453771 453771 453771 453771 453771 453771 453771 453771 453771 453771 453771 453771 453771 453771 453771 453771 453771 453771 453771 453771 453771 453771 453771 453771 453771 453771 453771 453771 453771 453771 453771 453771 453771 453771 453771 453771 453771 453771 453771 453771 453771 453771 453771 453771 453771 453771 453771 453771 453771 453771 453771 453771 453771 453771 453771 453771 453771 453771 453771 0 0 0 0 0 0 0 0 0 0 0 0 0 0 0 0 0 0 0 0 0 0 0 0 0
#obs survey bio
 7026.82 4964.53 5175.57 10042.6 9918.16 17448.5 22486.5 28405.9 55880.9 42904.1 76081 100290 107419 100217 122003 176116 180385 172404 165080 143053 240688 159724 176269 219624 214026 279692 307128 264037 206960
#pred catch bio
 3048.38 4856.22 3883.98 3337.49 5854.18 8627.2 12941.8 15167.3 28699.2 33307.6 53296.2 79735 97154.8 147063 143262 142350 146086 155754 153924 141013 152666 159513 151442 179883 203068 216125 208900 259168 256767 23285.8 90450.7 50880.8 25482.5 13823.2 9137.61 7403.27 6795.81 6591.14 6524.09 6502.57 6495.77 6493.65 6492.99 6492.79 6492.72 6492.71 6492.7 6492.7 6492.7 6492.7 6492.7 6492.7 6492.7 6492.7 6492.7 6492.7 6492.7 6492.7 6492.7 6492.7 6492.7 6492.7 6492.7 6492.7 6492.7 6492.7 6492.7 6492.7 6492.7 6492.7 6492.7 6492.7 6492.7 6492.7 6492.7 6492.7 6492.7 6492.7 6492.7 6492.7 6492.7 6492.7 6492.7 6492.7 6492.7 6492.7 6492.7 6492.7 6492.7 6492.7 6492.7 6492.7 6492.7 6492.7 6492.7 6492.7 6492.7 6492.7 6492.7 6492.7 6492.7 6492.7 6492.7 6492.7 6492.7 6492.7 6492.7 6492.7 6492.7 6492.7 6492.7 6492.7 6492.7 6492.7 6492.7 6492.7 6492.7 6492.7 6492.7 6492.7 6492.7 6492.7 6492.7 6492.7 6492.7 6492.7 6492.7 6492.7 6492.7 0 0 0 0 0 0 0 0 0 0 0 0 0 0 0 0 0 0 0 0 0 0 0 0 0
#obs catch bio
 4914.84 5337.34 4603.26 3219.58 5711.02 8171.47 12932.4 14298.9 26660.5 34030 54541.1 78749.5 95857.3 173150 160989 135178 140458 160074 154640 149161 149025 176238 157145 172556 194730 212074 189892 253601 272678
#pred cpue bio
 6726.71 7617.66 5276.4 5041.89 8232.34 11642.4 16166.3 21336.9 33377.4 40447.3 60074.7 85058.6 108841 147824 146569 147825 151637 154892 148456 132919 138406 138459 135709 163395 184002 189840 189233 220035 187128 3.53219e+06 4.7916e+06 2.97568e+06 1.66946e+06 999267 682746 534398 462161 424820 404343 392593 385653 381487 378966 377434 376485 375920 375582 375379 375258 375185 375141 375115 375099 375089 375084 375080 375078 375077 375076 375076 375075 375075 375075 375075 375075 375075 375075 375075 375075 375075 375075 375075 375075 375075 375075 375075 375075 375075 375075 375075 375075 375075 375075 375075 375075 375075 375075 375075 375075 375075 375075 375075 375075 375075 375075 375075 375075 375075 375075 375075 375075 375075 375075 375075 375075 375075 375075 375075 375075 375075 375075 375075 375075 375075 375075 375075 375075 375075 375075 375075 375075 375075 375075 375075 375075 375075 375075 375075 375075 0 0 0 0 0 0 0 0 0 0 0 0 0 0 0 0 0 0 0 0 0 0 0 0 0
#obs cpue bio
 8395.14 7998.52 4248.16 5633.6 12094 14568.1 17247 31556.8 48114.1 37747.9 79242.2 133120 173387 138125 204143 295630 229052 171602 222634 143908 164725 116459 158233 274012 296765 230973 311155 291734 225443
#pred surv len freq
 1.71039e-11 1.85728e-09 1.18905e-07 4.48805e-06 9.9875e-05 0.00131039 0.010137 0.0462481 0.124603 0.199574 0.19633 0.135967 0.0913921 0.0676949 0.0452496 0.027655 0.0173209 0.0110892 0.00731816 0.00510349 0.00383319 0.00314684 0.00268378 0.00204937 0.00118929
 1.23795e-11 1.34426e-09 8.60608e-08 3.24837e-06 7.2288e-05 0.000948464 0.00733812 0.0335008 0.0905602 0.147484 0.156603 0.139346 0.134766 0.118583 0.0780694 0.042032 0.0222145 0.0119415 0.00649968 0.00369873 0.00226991 0.00155636 0.00117359 0.000849802 0.000490054
 1.5733e-11 1.70842e-09 1.09375e-07 4.12834e-06 9.18703e-05 0.00120537 0.00932482 0.0425484 0.114712 0.184354 0.184306 0.135649 0.102415 0.0830008 0.0593054 0.0382431 0.0228221 0.0117451 0.00537907 0.00242475 0.00114629 0.000600851 0.000363174 0.000231751 0.000127137
 1.92349e-11 2.08868e-09 1.33719e-07 5.04723e-06 0.000112319 0.00147365 0.0113997 0.0520039 0.140041 0.223733 0.217404 0.143246 0.0859686 0.0568978 0.0337472 0.0169423 0.00854342 0.00452923 0.00228107 0.00100993 0.000396429 0.000152582 6.55258e-05 3.24455e-05 1.56742e-05
 1.81705e-11 1.9731e-09 1.2632e-07 4.76794e-06 0.000106104 0.00139211 0.0107692 0.049133 0.132383 0.212095 0.208916 0.145287 0.0977341 0.0698394 0.0409242 0.0185136 0.00760666 0.00313727 0.00129376 0.000539756 0.000214433 7.53161e-05 2.42149e-05 8.16566e-06 2.99413e-06
 1.84513e-11 2.00359e-09 1.28272e-07 4.84162e-06 0.000107743 0.00141362 0.0109355 0.0498904 0.134403 0.215159 0.21113 0.144685 0.0945912 0.0666111 0.0395685 0.0186867 0.00800113 0.0031747 0.00111069 0.000360327 0.000115735 3.65305e-05 1.0645e-05 2.795e-06 7.07902e-07
 1.83374e-11 1.99123e-09 1.2748e-07 4.81173e-06 0.000107078 0.0014049 0.0108681 0.0495833 0.133585 0.213932 0.210305 0.145133 0.0961822 0.0681527 0.0400926 0.0184121 0.00764972 0.00303675 0.00108347 0.000341396 9.47919e-05 2.36714e-05 5.55403e-06 1.22031e-06 2.42139e-07
 1.89282e-11 2.05538e-09 1.31587e-07 4.96676e-06 0.000110528 0.00145016 0.0112181 0.0511778 0.137848 0.220493 0.215496 0.14533 0.0917445 0.0626054 0.036133 0.016203 0.00649153 0.00248004 0.00085553 0.000264581 7.27863e-05 1.72292e-05 3.46752e-06 6.05164e-07 9.39739e-08
 1.83854e-11 1.99643e-09 1.27813e-07 4.82432e-06 0.000107358 0.00140857 0.0108965 0.0497128 0.133932 0.214473 0.210769 0.145267 0.0960134 0.0678697 0.0398161 0.0181515 0.0074023 0.00283354 0.000957702 0.000285976 7.59314e-05 1.7484e-05 3.39981e-06 5.44486e-07 7.1094e-08
 1.89483e-11 2.05756e-09 1.31727e-07 4.97203e-06 0.000110645 0.0014517 0.01123 0.0512323 0.137997 0.220746 0.215817 0.145736 0.0922055 0.0628354 0.0358604 0.0155982 0.00595971 0.00218954 0.000733607 0.000218587 5.71314e-05 1.27556e-05 2.3923e-06 3.68813e-07 4.54185e-08
 1.9458e-11 2.11291e-09 1.3527e-07 5.10578e-06 0.000113621 0.00149074 0.011532 0.0526077 0.141672 0.226384 0.22019 0.145615 0.0879324 0.0577494 0.0325551 0.0140906 0.00532574 0.00190243 0.000607198 0.000171882 4.35907e-05 9.5988e-06 1.76983e-06 2.65208e-07 3.1467e-08
 1.91343e-11 2.07776e-09 1.3302e-07 5.02084e-06 0.000111731 0.00146594 0.0113402 0.0517346 0.139344 0.222849 0.217628 0.146286 0.0915569 0.0616053 0.034455 0.0142622 0.00498792 0.00166977 0.000514692 0.000141264 3.43001e-05 7.19329e-06 1.27706e-06 1.86799e-07 2.16868e-08
 1.94043e-11 2.10708e-09 1.34897e-07 5.09168e-06 0.000113308 0.00148663 0.0115002 0.0524632 0.141291 0.225839 0.219962 0.146271 0.0893699 0.0589664 0.0326935 0.0134035 0.00458988 0.00147758 0.000428114 0.000108968 2.48538e-05 4.97678e-06 8.44738e-07 1.1799e-07 1.31721e-08
 1.87393e-11 2.03486e-09 1.30274e-07 4.91717e-06 0.000109424 0.00143568 0.0111062 0.0506686 0.136496 0.218485 0.214267 0.146456 0.0949977 0.0656764 0.0370875 0.0154157 0.00537847 0.00175302 0.000505022 0.000124908 2.6996e-05 5.03705e-06 7.97495e-07 1.05143e-07 1.11732e-08
 1.8596e-11 2.01931e-09 1.29278e-07 4.8796e-06 0.000108588 0.00142471 0.0110213 0.0502824 0.135467 0.216929 0.213171 0.146855 0.0967549 0.0674783 0.0378708 0.0153354 0.00510169 0.00159824 0.000455261 0.000112943 2.43306e-05 4.43445e-06 6.69121e-07 8.25914e-08 8.18988e-09
 1.86177e-11 2.02166e-09 1.29429e-07 4.88529e-06 0.000108715 0.00142637 0.0110342 0.0503408 0.135622 0.217156 0.213296 0.146684 0.0963237 0.0671057 0.0378217 0.0155223 0.00527844 0.00166905 0.000466052 0.000111345 2.32909e-05 4.19636e-06 6.28248e-07 7.58893e-08 7.21058e-09
 1.84545e-11 2.00394e-09 1.28294e-07 4.84247e-06 0.000107762 0.00141387 0.0109375 0.0499004 0.134445 0.215347 0.21188 0.146678 0.0976242 0.0686936 0.0389095 0.0160783 0.00553859 0.00178112 0.000506651 0.000122865 2.56218e-05 4.50609e-06 6.55044e-07 7.75008e-08 7.25235e-09
 1.87799e-11 2.03928e-09 1.30556e-07 4.92785e-06 0.000109662 0.0014388 0.0111303 0.0507784 0.13679 0.218937 0.214627 0.146478 0.0947032 0.0652987 0.0368044 0.0152466 0.00529029 0.00171688 0.00049369 0.000121551 2.58113e-05 4.60666e-06 6.71089e-07 7.82417e-08 7.14755e-09
 1.83462e-11 1.99218e-09 1.27541e-07 4.81405e-06 0.00010713 0.00140557 0.0108733 0.0496084 0.133667 0.214177 0.211081 0.147061 0.0990766 0.0701362 0.0394624 0.0158982 0.00522693 0.00161675 0.000456391 0.00011247 2.41034e-05 4.36134e-06 6.45786e-07 7.63268e-08 7.00143e-09
 1.92439e-11 2.08966e-09 1.33782e-07 5.0496e-06 0.000112371 0.00147434 0.0114052 0.0520307 0.140138 0.224093 0.218717 0.146668 0.0912659 0.0609502 0.0336241 0.0134125 0.00434048 0.00130655 0.000353786 8.27537e-05 1.70287e-05 3.03397e-06 4.50521e-07 5.38619e-08 5.01166e-09
 1.94264e-11 2.10948e-09 1.35051e-07 5.09748e-06 0.000113437 0.00148832 0.0115133 0.0525232 0.141456 0.226128 0.220364 0.14685 0.0900764 0.0593443 0.0323198 0.0125339 0.00383509 0.00108676 0.000283258 6.43178e-05 1.27383e-05 2.16449e-06 3.07738e-07 3.58699e-08 3.319e-09
 1.94844e-11 2.11577e-09 1.35453e-07 5.11269e-06 0.000113775 0.00149276 0.0115476 0.0526797 0.141875 0.226783 0.220925 0.147013 0.0898604 0.058945 0.0318692 0.0121138 0.00354177 0.000942946 0.000231193 4.92439e-05 9.18465e-06 1.48952e-06 2.03071e-07 2.26345e-08 2.0084e-09
 2.01175e-11 2.18452e-09 1.39855e-07 5.27882e-06 0.000117472 0.00154126 0.0119227 0.0543882 0.146439 0.23378 0.226326 0.146777 0.0844122 0.0524994 0.0277176 0.0102885 0.00286708 0.000713903 0.00016461 3.2925e-05 5.71488e-06 8.61778e-07 1.09863e-07 1.15638e-08 9.77457e-10
 1.98763e-11 2.15833e-09 1.38178e-07 5.21553e-06 0.000116064 0.00152278 0.0117798 0.0537373 0.144701 0.231116 0.224277 0.146891 0.0865252 0.0549836 0.0292979 0.0109581 0.00309377 0.000778493 0.000177377 3.40166e-05 5.53992e-06 7.78371e-07 9.21448e-08 8.98884e-09 7.07282e-10
 1.95217e-11 2.11982e-09 1.35713e-07 5.12248e-06 0.000113993 0.00149562 0.0115697 0.0527805 0.142145 0.227199 0.221259 0.14704 0.0896031 0.0586124 0.0316188 0.011959 0.00345013 0.000893306 0.000208094 4.04794e-05 6.6021e-06 9.06201e-07 1.0198e-07 9.28834e-09 6.77569e-10
 1.95237e-11 2.12004e-09 1.35727e-07 5.12302e-06 0.000114005 0.00149578 0.0115709 0.052786 0.142159 0.227218 0.221261 0.146998 0.0895225 0.0585491 0.0316213 0.0120097 0.00349969 0.000919954 0.000218058 4.33759e-05 7.25846e-06 1.01679e-06 1.15301e-07 1.03717e-08 7.28937e-10
 1.99149e-11 2.16252e-09 1.38447e-07 5.22566e-06 0.000116289 0.00152574 0.0118027 0.0538416 0.144979 0.231542 0.224604 0.14687 0.0861831 0.0545812 0.0290408 0.0108496 0.00306065 0.000774018 0.000179942 3.58419e-05 6.07742e-06 8.68216e-07 1.00763e-07 9.26147e-09 6.58853e-10
 1.97792e-11 2.14779e-09 1.37503e-07 5.19006e-06 0.000115497 0.00151535 0.0117223 0.0534754 0.144001 0.230041 0.223436 0.146889 0.0873034 0.0559344 0.0299516 0.0112919 0.00324379 0.000835546 0.000194031 3.77997e-05 6.23705e-06 8.78946e-07 1.02393e-07 9.55526e-09 6.93765e-10
 1.86644e-11 2.02674e-09 1.29753e-07 4.89754e-06 0.000108988 0.00142995 0.0110619 0.0504677 0.13597 0.217765 0.214138 0.147888 0.0977826 0.0678667 0.0370044 0.0136785 0.00370616 0.000884345 0.000196738 3.8073e-05 6.29354e-06 8.78332e-07 1.00219e-07 9.18214e-09 6.6302e-10
#obs surv len freq
 1.17968e-11 1.28099e-09 8.201e-08 3.09547e-06 6.88856e-05 0.000903822 0.00699277 0.0319249 0.0863106 0.140653 0.149824 0.134847 0.133504 0.122387 0.0870036 0.0517523 0.0286727 0.0146756 0.00671939 0.00265508 0.000851979 0.000208817 3.71333e-05 4.58352e-06 3.78315e-07
 7.10783e-12 7.71827e-10 4.9413e-08 1.8651e-06 4.15059e-05 0.000544619 0.00421503 0.0192747 0.0525297 0.0889073 0.10973 0.135221 0.170382 0.167187 0.11881 0.0688898 0.0363799 0.0172749 0.00714881 0.00253241 0.000735285 0.00016453 2.6728e-05 3.00294e-06 2.24977e-07
 1.81575e-11 1.97169e-09 1.26229e-07 4.76452e-06 0.000106028 0.00139111 0.0107614 0.0490944 0.132232 0.211424 0.206032 0.137059 0.0848089 0.0615475 0.0450738 0.0301005 0.0174541 0.00830726 0.00323463 0.00103828 0.000268195 5.32972e-05 7.74477e-06 7.8408e-07 5.31399e-08
 1.48636e-11 1.61401e-09 1.03331e-07 3.90022e-06 8.67942e-05 0.0011388 0.00881073 0.0402226 0.108689 0.176476 0.184028 0.152884 0.131886 0.103793 0.0580288 0.0224909 0.00738652 0.00266939 0.000999197 0.000315016 7.6049e-05 1.35956e-05 1.75015e-06 1.56877e-07 9.46607e-09
 1.74323e-11 1.89294e-09 1.21188e-07 4.57424e-06 0.000101793 0.00133558 0.0103324 0.0471522 0.127181 0.204658 0.204979 0.149424 0.106488 0.0765875 0.0438778 0.0188562 0.00655323 0.00189485 0.000454662 9.72909e-05 1.91342e-05 3.09058e-06 3.63714e-07 2.93493e-08 1.57651e-09
 1.48961e-11 1.61754e-09 1.03556e-07 3.90874e-06 8.69841e-05 0.0011413 0.00883054 0.0403207 0.109034 0.177489 0.186383 0.156151 0.133409 0.102351 0.0558602 0.0209594 0.00605137 0.00152496 0.000334883 5.98934e-05 8.49107e-06 9.6396e-07 8.71587e-08 5.93537e-09 2.82244e-10
 1.7053e-11 1.85175e-09 1.18551e-07 4.47471e-06 9.95788e-05 0.00130654 0.0101083 0.0461399 0.124567 0.201196 0.204207 0.153962 0.113188 0.079868 0.0427745 0.0163235 0.00481603 0.00117161 0.000228483 3.45943e-05 4.08321e-06 3.73067e-07 2.56143e-08 1.28715e-09 4.64322e-11
 1.57926e-11 1.71489e-09 1.09789e-07 4.14399e-06 9.22195e-05 0.00121 0.00936226 0.0427502 0.115599 0.18796 0.195691 0.15814 0.12643 0.0915516 0.0479188 0.0172912 0.00470557 0.00106423 0.000198652 2.88625e-05 3.14636e-06 2.51611e-07 1.44764e-08 5.89942e-10 1.67689e-11
 1.64654e-11 1.78795e-09 1.14466e-07 4.32053e-06 9.61481e-05 0.00126155 0.00976112 0.0445706 0.120497 0.195656 0.202206 0.159054 0.121246 0.0841553 0.0424212 0.0145428 0.00364694 0.000740075 0.000123392 1.61295e-05 1.60098e-06 1.1783e-07 6.21879e-09 2.2762e-10 5.63784e-12
 1.585e-11 1.72112e-09 1.10188e-07 4.15906e-06 9.25553e-05 0.00121443 0.0093973 0.042923 0.116191 0.189596 0.199268 0.162984 0.128787 0.0890835 0.0432233 0.0136856 0.00297492 0.000496903 6.86577e-05 7.66826e-06 6.59959e-07 4.245e-08 1.98126e-09 6.49498e-11 1.45251e-12
 1.66234e-11 1.80511e-09 1.15565e-07 4.36201e-06 9.70717e-05 0.00127369 0.00985578 0.0450143 0.121802 0.198296 0.206165 0.162779 0.121585 0.0804847 0.0379661 0.0117484 0.00248189 0.000393301 4.93453e-05 4.76342e-06 3.4065e-07 1.79443e-08 6.94103e-10 1.92783e-11 3.72349e-13
 1.63992e-11 1.78076e-09 1.14006e-07 4.30317e-06 9.57627e-05 0.00125654 0.00972366 0.0444213 0.120298 0.196402 0.205871 0.164985 0.12409 0.0812162 0.0375534 0.0113514 0.00232972 0.000355388 4.25418e-05 3.8843e-06 2.58165e-07 1.22522e-08 4.11616e-10 9.64504e-12 1.54963e-13
 1.69947e-11 1.84543e-09 1.18146e-07 4.45945e-06 9.92408e-05 0.00130218 0.010077 0.0460352 0.124648 0.203242 0.211557 0.165363 0.118856 0.0743963 0.0329795 0.00941919 0.00176074 0.000233657 2.40172e-05 1.93908e-06 1.17528e-07 5.14923e-09 1.59548e-10 3.41882e-12 4.95012e-14
 1.23859e-11 1.34497e-09 8.61063e-08 3.25014e-06 7.23317e-05 0.000949252 0.00735056 0.0336655 0.0920591 0.155706 0.18209 0.18111 0.164398 0.113546 0.0512794 0.0146266 0.00273837 0.000364633 3.68257e-05 2.7967e-06 1.52639e-07 5.85646e-09 1.58032e-10 2.98556e-12 3.87473e-14
 1.58551e-11 1.72168e-09 1.10223e-07 4.16043e-06 9.25882e-05 0.00121497 0.00940441 0.0430009 0.116796 0.192446 0.206563 0.171532 0.129647 0.0813832 0.0355173 0.0101332 0.00195747 0.000275262 2.91747e-05 2.25704e-06 1.21918e-07 4.51971e-09 1.14803e-10 1.9851e-12 2.30316e-14
 1.40533e-11 1.52602e-09 9.76977e-08 3.68767e-06 8.20694e-05 0.00107706 0.00834013 0.0381889 0.104258 0.174823 0.197498 0.180703 0.148212 0.0944766 0.039846 0.0105113 0.00176198 0.000200524 1.69816e-05 1.12518e-06 5.68038e-08 2.07258e-09 5.24965e-11 8.96353e-13 1.0085e-14
 1.60082e-11 1.7383e-09 1.11288e-07 4.20063e-06 9.34844e-05 0.0012268 0.00949772 0.0434518 0.118209 0.195536 0.211177 0.174931 0.128253 0.0764128 0.0313329 0.00826058 0.00142517 0.000171167 1.50808e-05 9.69416e-07 4.36643e-08 1.34712e-09 2.86122e-11 4.22308e-13 4.2987e-15
 1.37172e-11 1.48953e-09 9.53618e-08 3.59954e-06 8.0111e-05 0.00105148 0.00814507 0.0373387 0.102285 0.173059 0.19895 0.184626 0.149747 0.0931009 0.0388366 0.0105493 0.00194334 0.000257726 2.50894e-05 1.73519e-06 8.20063e-08 2.60319e-09 5.52578e-11 7.7924e-13 7.21636e-15
 1.48514e-11 1.61269e-09 1.03247e-07 3.89717e-06 8.67349e-05 0.0011384 0.00881776 0.0404067 0.110489 0.185547 0.207987 0.182557 0.138514 0.081722 0.0326327 0.00843966 0.00145958 0.000180439 1.66695e-05 1.13541e-06 5.47448e-08 1.80979e-09 4.01344e-11 5.8551e-13 5.52203e-15
 1.5486e-11 1.6816e-09 1.07658e-07 4.0637e-06 9.0442e-05 0.00118708 0.00919502 0.042134 0.115153 0.192791 0.213446 0.181446 0.131676 0.0748635 0.0291544 0.00742082 0.00126964 0.000154621 1.38374e-05 8.95056e-07 4.05297e-08 1.26084e-09 2.66672e-11 3.78075e-13 3.52486e-15
 1.47664e-11 1.60346e-09 1.02656e-07 3.87495e-06 8.62447e-05 0.00113214 0.00877319 0.0402534 0.110442 0.186924 0.212176 0.186945 0.13826 0.0776366 0.0291585 0.00699114 0.00109139 0.000117616 9.27124e-06 5.41308e-07 2.27361e-08 6.64346e-10 1.3192e-11 1.74747e-13 1.51818e-15
 1.55089e-11 1.6841e-09 1.07819e-07 4.06983e-06 9.05829e-05 0.0011891 0.00921453 0.0422711 0.115855 0.195152 0.217866 0.184789 0.130146 0.0703493 0.0258428 0.00615037 0.000965843 0.000105046 8.18987e-06 4.54622e-07 1.74729e-08 4.5651e-10 8.06462e-12 9.5853e-14 7.57211e-16
 1.56226e-11 1.69644e-09 1.0861e-07 4.09973e-06 9.12511e-05 0.00119797 0.00928533 0.0426196 0.116958 0.197455 0.22078 0.186061 0.128293 0.0672004 0.0237762 0.00539729 0.000795281 7.97916e-05 5.72228e-06 2.96776e-07 1.08602e-08 2.72057e-10 4.56953e-12 5.06971e-14 3.66571e-16
 1.62278e-11 1.76216e-09 1.12817e-07 4.25857e-06 9.47879e-05 0.00124444 0.00964583 0.044272 0.121412 0.204265 0.225511 0.184263 0.121585 0.0612237 0.0210474 0.00468167 0.000679274 6.69783e-05 4.65931e-06 2.29556e-07 7.82864e-09 1.80716e-10 2.79112e-12 2.86172e-14 1.92637e-16
 1.4951e-11 1.62352e-09 1.03943e-07 3.92373e-06 8.73443e-05 0.00114708 0.00889914 0.0409494 0.113095 0.193765 0.222465 0.192409 0.132321 0.0669117 0.0224561 0.00477921 0.000649272 5.8557e-05 3.67743e-06 1.64686e-07 5.19475e-09 1.12298e-10 1.627e-12 1.55553e-14 9.68486e-17
 1.47549e-11 1.60224e-09 1.02581e-07 3.87243e-06 8.62088e-05 0.00113238 0.00878949 0.0404943 0.112157 0.193256 0.223703 0.19429 0.132644 0.066124 0.0219448 0.00466881 0.000643799 5.95983e-05 3.81555e-06 1.69198e-07 5.09202e-09 1.01957e-10 1.34601e-12 1.1679e-14 6.62597e-17
 1.69055e-11 1.83577e-09 1.17532e-07 4.43672e-06 9.87636e-05 0.00129697 0.0100589 0.0462243 0.127016 0.213903 0.234013 0.183762 0.112071 0.0514455 0.0162524 0.00335602 0.000453723 4.14087e-05 2.62154e-06 1.15208e-07 3.44199e-09 6.83448e-11 8.883e-13 7.47887e-15 4.03981e-17
 1.39087e-11 1.51036e-09 9.67026e-08 3.65089e-06 8.12983e-05 0.00106861 0.00830901 0.0384467 0.107572 0.189307 0.22651 0.202105 0.136923 0.0652157 0.0201057 0.00385723 0.000459702 3.49118e-05 1.7671e-06 6.24585e-08 1.57412e-09 2.789e-11 3.36904e-13 2.69651e-15 1.3992e-17
 1.24548e-11 1.35251e-09 8.66003e-08 3.2699e-06 7.28386e-05 0.000958236 0.00746721 0.0347436 0.098513 0.178393 0.223993 0.210708 0.147424 0.0709234 0.0219567 0.00427237 0.000527378 4.24216e-05 2.28294e-06 8.28709e-08 2.00493e-09 3.17687e-11 3.2666e-13 2.18193e-15 9.51287e-18
#pred catch len freq
 1.31921e-11 1.43251e-09 9.17105e-08 3.46161e-06 7.70333e-05 0.00101072 0.00781935 0.0356885 0.0963466 0.155881 0.160755 0.131277 0.115247 0.0993596 0.0693693 0.0429793 0.0270887 0.0173811 0.0114763 0.00800398 0.00601181 0.00493536 0.00420912 0.00321414 0.00186523
 8.95904e-12 9.72845e-10 6.22825e-08 2.35086e-06 5.23154e-05 0.000686432 0.00531167 0.0242692 0.0658763 0.10947 0.126406 0.137783 0.15972 0.14985 0.100261 0.0543495 0.0288634 0.0155499 0.00846862 0.0048197 0.00295789 0.00202808 0.0015293 0.00110737 0.000638584
 1.26826e-11 1.37718e-09 8.81682e-08 3.32791e-06 7.4058e-05 0.000971681 0.00751751 0.0343141 0.0926813 0.150315 0.156731 0.132488 0.12201 0.109256 0.0801836 0.0521143 0.0312 0.0160749 0.00736439 0.00331994 0.00156951 0.000822695 0.000497263 0.000317318 0.000174078
 1.64731e-11 1.78878e-09 1.1452e-07 4.32254e-06 9.61919e-05 0.00126207 0.00976349 0.0445505 0.120117 0.193096 0.193294 0.14274 0.107305 0.0830737 0.0517193 0.0263185 0.0133565 0.00710019 0.00357838 0.0015845 0.000621983 0.000239396 0.000102808 5.09061e-05 2.45923e-05
 1.52971e-11 1.66108e-09 1.06344e-07 4.01395e-06 8.93248e-05 0.00117198 0.00906684 0.0413789 0.111664 0.1803 0.184216 0.145829 0.121628 0.0984413 0.05975 0.0272993 0.0112795 0.00466701 0.00192669 0.000804002 0.000319424 0.000112193 3.60713e-05 1.21638e-05 4.46015e-06
 1.57352e-11 1.70865e-09 1.09389e-07 4.1289e-06 9.18828e-05 0.00120554 0.00932635 0.0425605 0.114815 0.185085 0.187687 0.144941 0.116799 0.0934466 0.0575957 0.0274803 0.0118277 0.00470555 0.00164776 0.000534693 0.00017175 5.42115e-05 1.57972e-05 4.1478e-06 1.05053e-06
 1.58015e-11 1.71585e-09 1.0985e-07 4.1463e-06 9.227e-05 0.00121062 0.00936565 0.0427398 0.115299 0.185868 0.188489 0.145568 0.117212 0.0933948 0.05682 0.0263338 0.0109924 0.0043747 0.00156217 0.000492335 0.000136707 3.41389e-05 8.01003e-06 1.75993e-06 3.49214e-07
 1.62221e-11 1.76153e-09 1.12775e-07 4.25669e-06 9.47265e-05 0.00124285 0.0096149 0.0438754 0.118337 0.190558 0.192273 0.145951 0.114428 0.0897161 0.0539496 0.0244649 0.00985889 0.00377889 0.00130512 0.000403741 0.000111077 2.62932e-05 5.29175e-06 9.23535e-07 1.43413e-07
 1.60668e-11 1.74466e-09 1.11695e-07 4.21592e-06 9.38192e-05 0.00123095 0.00952284 0.0434559 0.117214 0.188819 0.190846 0.145728 0.115342 0.0910327 0.0551242 0.0253421 0.0103771 0.00398097 0.00134655 0.000402167 0.000106786 2.4589e-05 4.78139e-06 7.65749e-07 9.99844e-08
 1.66006e-11 1.80262e-09 1.15406e-07 4.35599e-06 9.69362e-05 0.00127184 0.00983911 0.044897 0.121071 0.19479 0.19574 0.146469 0.112183 0.0865602 0.0512512 0.0225086 0.00864113 0.00318358 0.00106777 0.000318236 8.31811e-05 1.85719e-05 3.48315e-06 5.36984e-07 6.61285e-08
 1.74139e-11 1.89094e-09 1.2106e-07 4.56941e-06 0.000101685 0.00133415 0.010321 0.0470918 0.126935 0.203787 0.202718 0.146278 0.105367 0.0784422 0.045968 0.0200932 0.00762785 0.00273152 0.000872627 0.000247079 6.26643e-05 1.3799e-05 2.54427e-06 3.81258e-07 4.52364e-08
 1.71883e-11 1.86644e-09 1.19491e-07 4.5102e-06 0.000100368 0.00131686 0.0101873 0.0464835 0.125316 0.201353 0.201075 0.147137 0.108491 0.0815307 0.0471369 0.0196732 0.00690595 0.00231728 0.000714966 0.000196281 4.76611e-05 9.99539e-06 1.77453e-06 2.59565e-07 3.01348e-08
 1.73617e-11 1.88528e-09 1.20697e-07 4.55571e-06 0.000101381 0.00133015 0.0102901 0.0469516 0.126568 0.20328 0.202603 0.147209 0.107213 0.0799339 0.0460042 0.0190374 0.00654697 0.00211344 0.000613067 0.000156096 3.56055e-05 7.12985e-06 1.21019e-06 1.69036e-07 1.88707e-08
 1.69424e-11 1.83974e-09 1.17782e-07 4.44568e-06 9.89321e-05 0.00129803 0.0100416 0.04582 0.123544 0.198636 0.198982 0.147243 0.110637 0.0840845 0.0488164 0.0204288 0.00714844 0.00233412 0.00067293 0.000166471 3.59803e-05 6.71345e-06 1.06291e-06 1.40137e-07 1.48918e-08
 1.67187e-11 1.81545e-09 1.16227e-07 4.38697e-06 9.76258e-05 0.00128089 0.00990911 0.0452166 0.121935 0.196199 0.197242 0.147789 0.113266 0.0868233 0.0500744 0.0204125 0.00681118 0.00213814 0.000609593 0.000151268 3.25884e-05 5.93954e-06 8.96227e-07 1.10624e-07 1.09696e-08
 1.66911e-11 1.81245e-09 1.16035e-07 4.37973e-06 9.74645e-05 0.00127877 0.00989275 0.0451419 0.121734 0.195878 0.196929 0.147587 0.113183 0.0869061 0.0503782 0.0208193 0.00710218 0.00225038 0.000628935 0.000150297 3.14407e-05 5.6648e-06 8.48093e-07 1.02445e-07 9.73379e-09
 1.65134e-11 1.79316e-09 1.148e-07 4.33312e-06 9.64274e-05 0.00126516 0.00978751 0.0446626 0.120453 0.193908 0.195379 0.147558 0.114565 0.0886111 0.0515685 0.0214524 0.00741278 0.00238862 0.000680032 0.000164949 3.43997e-05 6.04991e-06 8.79468e-07 1.04053e-07 9.73708e-09
 1.70252e-11 1.84873e-09 1.18357e-07 4.4674e-06 9.94155e-05 0.00130437 0.0100907 0.0460434 0.124141 0.199555 0.199705 0.147259 0.109996 0.083289 0.0482525 0.0201232 0.00700231 0.00227647 0.000655074 0.000161317 3.4257e-05 6.11404e-06 8.90682e-07 1.03844e-07 9.48637e-09
 1.66754e-11 1.81075e-09 1.15926e-07 4.37562e-06 9.73732e-05 0.00127757 0.00988349 0.0451 0.121624 0.19573 0.196914 0.147918 0.11381 0.0873789 0.0503133 0.0203816 0.0067165 0.00208069 0.000587752 0.000144869 3.10477e-05 5.61788e-06 8.31843e-07 9.83172e-08 9.01859e-09
 1.7717e-11 1.92386e-09 1.23167e-07 4.64894e-06 0.000103455 0.00135737 0.0105006 0.0479106 0.129133 0.207237 0.205779 0.147474 0.104766 0.0767344 0.0435367 0.0174824 0.00567197 0.00171011 0.000463396 0.000108415 2.231e-05 3.97495e-06 5.90249e-07 7.0567e-08 6.56601e-09
 1.80483e-11 1.95982e-09 1.2547e-07 4.73586e-06 0.00010539 0.00138274 0.0106968 0.0488046 0.131524 0.210921 0.208716 0.14766 0.102386 0.0736733 0.0412312 0.0160914 0.00493468 0.00140039 0.000365259 8.29543e-05 1.64299e-05 2.79178e-06 3.96923e-07 4.62653e-08 4.28087e-09
 1.82645e-11 1.9833e-09 1.26973e-07 4.79259e-06 0.000106652 0.00139931 0.0108249 0.0493882 0.133084 0.213326 0.210634 0.147782 0.100836 0.0716822 0.0397371 0.0151911 0.00444964 0.00118603 0.000290966 6.19865e-05 1.15617e-05 1.87501e-06 2.55626e-07 2.84922e-08 2.52817e-09
 1.88317e-11 2.0449e-09 1.30916e-07 4.94143e-06 0.000109964 0.00144276 0.011161 0.0509189 0.137174 0.2196 0.215497 0.147639 0.0960591 0.0659766 0.0359893 0.0134607 0.00376036 0.00093793 0.000216475 4.3313e-05 7.51851e-06 1.13377e-06 1.44538e-07 1.52135e-08 1.28596e-09
 1.85239e-11 2.01148e-09 1.28777e-07 4.86067e-06 0.000108167 0.00141918 0.0109786 0.0500884 0.134955 0.2162 0.212882 0.147782 0.0987517 0.0691439 0.0380068 0.0143185 0.00405237 0.00102145 0.000232955 4.46897e-05 7.27869e-06 1.02268e-06 1.21067e-07 1.18102e-08 9.29281e-10
 1.81484e-11 1.9707e-09 1.26166e-07 4.76214e-06 0.000105974 0.00139042 0.0107562 0.0490751 0.132248 0.212051 0.209678 0.14792 0.101981 0.0729669 0.0404736 0.0154071 0.00445476 0.0011552 0.000269324 5.24044e-05 8.54755e-06 1.17324e-06 1.32031e-07 1.20254e-08 8.77235e-10
 1.82617e-11 1.983e-09 1.26954e-07 4.79187e-06 0.000106636 0.0013991 0.0108233 0.0493808 0.133064 0.213296 0.210615 0.147796 0.100882 0.0717299 0.0397626 0.0151925 0.00443583 0.00116752 0.00027692 5.50962e-05 9.2201e-06 1.29158e-06 1.46461e-07 1.31747e-08 9.25935e-10
 1.85751e-11 2.01704e-09 1.29133e-07 4.87411e-06 0.000108466 0.00142311 0.011009 0.0502266 0.135325 0.216766 0.213316 0.147755 0.0982984 0.0686108 0.0376663 0.0141747 0.00400845 0.00101544 0.000236292 4.70811e-05 7.98372e-06 1.14056e-06 1.3237e-07 1.21666e-08 8.65523e-10
 1.86489e-11 2.02505e-09 1.29645e-07 4.89346e-06 0.000108897 0.00142876 0.0110527 0.0504255 0.135855 0.217572 0.213906 0.147619 0.0974994 0.0677549 0.0372378 0.0141226 0.00406427 0.00104803 0.000243513 4.74478e-05 7.82928e-06 1.10333e-06 1.28532e-07 1.19945e-08 8.70869e-10
 1.82598e-11 1.98279e-09 1.2694e-07 4.79136e-06 0.000106625 0.00139895 0.0108221 0.0493758 0.133054 0.213304 0.210735 0.148172 0.101468 0.072121 0.039602 0.0146587 0.00397147 0.000947215 0.000210651 4.07592e-05 6.73716e-06 9.40218e-07 1.07279e-07 9.82893e-09 7.09722e-10
#obs catch len freq
 1.20043e-11 1.30352e-09 8.34525e-08 3.14992e-06 7.00973e-05 0.000919717 0.00711563 0.0324833 0.0877853 0.142774 0.150774 0.132471 0.127977 0.116949 0.0847419 0.0529384 0.0316867 0.0176315 0.00860377 0.00353763 0.00117476 0.000299289 5.53252e-05 7.06054e-06 5.98607e-07
 1.14937e-11 1.24808e-09 7.99032e-08 3.01595e-06 6.71161e-05 0.000880611 0.0068134 0.0311105 0.0841627 0.137527 0.147966 0.136094 0.136644 0.124962 0.0883332 0.0522546 0.0286865 0.0144875 0.00651142 0.00250497 0.000775329 0.000181639 3.06146e-05 3.55591e-06 2.74604e-07
 6.95848e-12 7.55609e-10 4.83748e-08 1.82592e-06 4.0634e-05 0.000533187 0.00412685 0.0188773 0.0515145 0.0876325 0.109698 0.137329 0.172946 0.168223 0.118614 0.0682741 0.0356407 0.0166543 0.00675289 0.00232733 0.000651388 0.000139178 2.14086e-05 2.26198e-06 1.58505e-07
 1.80899e-11 1.96435e-09 1.25759e-07 4.74678e-06 0.000105633 0.00138593 0.0107214 0.0489139 0.131765 0.210801 0.205855 0.137735 0.0858372 0.0622472 0.0453273 0.0299639 0.0170942 0.0079765 0.00303409 0.000945442 0.000235156 4.46051e-05 6.1356e-06 5.83934e-07 3.70038e-08
 1.4831e-11 1.61048e-09 1.03104e-07 3.89168e-06 8.66042e-05 0.00113631 0.00879171 0.0401397 0.108507 0.176429 0.184748 0.154451 0.132886 0.103216 0.0568757 0.0217985 0.00710791 0.00253631 0.000925591 0.00028202 6.53631e-05 1.11394e-05 1.35703e-06 1.14352e-07 6.4517e-09
 1.74906e-11 1.89928e-09 1.21593e-07 4.58954e-06 0.000102134 0.00134005 0.0103672 0.0473134 0.127641 0.20553 0.20619 0.150505 0.106534 0.0754581 0.0425776 0.0180336 0.00615347 0.00173896 0.000407558 8.49169e-05 1.60779e-05 2.47194e-06 2.74885e-07 2.08442e-08 1.04712e-09
 1.50367e-11 1.63281e-09 1.04534e-07 3.94565e-06 8.78056e-05 0.00115209 0.0089142 0.0407062 0.110108 0.179385 0.18862 0.157612 0.13277 0.0999147 0.0535809 0.0197909 0.0056171 0.00138304 0.000294828 5.09546e-05 6.95021e-06 7.54299e-07 6.46186e-08 4.1348e-09 1.83743e-10
 1.7182e-11 1.86576e-09 1.19447e-07 4.50856e-06 0.000100332 0.00131643 0.010185 0.046493 0.125547 0.202899 0.206127 0.155081 0.112501 0.0777882 0.0408947 0.0153431 0.00443712 0.00105121 0.000198682 2.90463e-05 3.29208e-06 2.86937e-07 1.86797e-08 8.84631e-10 2.98826e-11
 1.60028e-11 1.73771e-09 1.1125e-07 4.19914e-06 9.3447e-05 0.00122611 0.00948715 0.0433238 0.117176 0.190619 0.198449 0.159361 0.124973 0.0884205 0.0453629 0.0160759 0.00428682 0.00094378 0.000170424 2.3843e-05 2.49043e-06 1.89833e-07 1.03573e-08 3.98177e-10 1.06223e-11
 1.67097e-11 1.81448e-09 1.16165e-07 4.38465e-06 9.75753e-05 0.00128028 0.00990628 0.0452364 0.122319 0.198673 0.205162 0.160063 0.119326 0.0807013 0.0398001 0.01338 0.00328386 0.000648041 0.000104412 1.31307e-05 1.24759e-06 8.73997e-08 4.36874e-09 1.50807e-10 3.50928e-12
 1.61206e-11 1.75051e-09 1.12069e-07 4.23007e-06 9.41358e-05 0.00123518 0.0095581 0.0436612 0.118214 0.192951 0.202539 0.164013 0.126495 0.0851703 0.0403827 0.0125222 0.00266274 0.000432613 5.77098e-05 6.1907e-06 5.09468e-07 3.11725e-08 1.37697e-09 4.25348e-11 8.92963e-13
 1.68848e-11 1.83349e-09 1.17382e-07 4.4306e-06 9.85984e-05 0.00129373 0.0100111 0.0457276 0.123757 0.201528 0.20927 0.163645 0.119276 0.0767562 0.0353407 0.0106992 0.00220814 0.000339818 4.11029e-05 3.80808e-06 2.60454e-07 1.30555e-08 4.77809e-10 1.24961e-11 2.26404e-13
 1.66896e-11 1.8123e-09 1.16025e-07 4.37939e-06 9.74593e-05 0.00127881 0.00989633 0.0452141 0.122469 0.199976 0.209234 0.165776 0.121418 0.0771578 0.0347939 0.0102814 0.00205965 0.000304807 3.51318e-05 3.07419e-06 1.95177e-07 8.81087e-09 2.8023e-10 6.19011e-12 9.33956e-14
 1.72697e-11 1.87529e-09 1.20058e-07 4.53161e-06 0.000100847 0.00132327 0.0102405 0.0467865 0.126708 0.206634 0.214721 0.166012 0.116204 0.0705431 0.0304573 0.00849502 0.00154965 0.000199648 1.97585e-05 1.52621e-06 8.81848e-08 3.66962e-09 1.07536e-10 2.17124e-12 2.95313e-14
 1.27349e-11 1.38286e-09 8.85323e-08 3.34172e-06 7.43704e-05 0.000976032 0.00755854 0.0346255 0.0947255 0.160241 0.186624 0.182424 0.160947 0.10812 0.0476405 0.0132728 0.00242265 0.00031264 3.0357e-05 2.20494e-06 1.14779e-07 4.18533e-09 1.06801e-10 1.89905e-12 2.31168e-14
 1.61769e-11 1.75662e-09 1.12461e-07 4.24488e-06 9.44681e-05 0.00123966 0.009596 0.0438826 0.119221 0.196451 0.210264 0.172161 0.126409 0.0769258 0.032686 0.00909677 0.00171019 0.00023249 2.36482e-05 1.7485e-06 9.00368e-08 3.17072e-09 7.6168e-11 1.24058e-12 1.35154e-14
 1.43997e-11 1.56364e-09 1.00106e-07 3.77859e-06 8.40937e-05 0.00110365 0.00854676 0.0391429 0.106903 0.179265 0.201718 0.181485 0.144501 0.089373 0.0367021 0.00944322 0.00154239 0.000170205 1.3852e-05 8.74649e-07 4.18934e-08 1.44627e-09 3.45629e-11 5.55353e-13 5.8668e-15
 1.63105e-11 1.77113e-09 1.1339e-07 4.27997e-06 9.52509e-05 0.00125002 0.00967808 0.0442845 0.120514 0.199376 0.214724 0.175413 0.124974 0.0721394 0.0287636 0.00738795 0.00123961 0.000143918 1.216e-05 7.45691e-07 3.19649e-08 9.35779e-10 1.87658e-11 2.60042e-13 2.47489e-15
 1.40659e-11 1.5274e-09 9.77864e-08 3.69108e-06 8.21493e-05 0.00107827 0.00835356 0.0383046 0.104979 0.177616 0.203264 0.185322 0.14589 0.0880001 0.035728 0.00945142 0.00168962 0.000215886 2.01084e-05 1.32563e-06 5.95752e-08 1.79258e-09 3.59277e-11 4.767e-13 4.1423e-15
 1.51827e-11 1.64866e-09 1.0555e-07 3.98412e-06 8.86714e-05 0.00116387 0.00901595 0.041325 0.113048 0.189843 0.211937 0.182965 0.134733 0.0770232 0.0299002 0.00752635 0.00126318 0.000150464 1.32845e-05 8.60227e-07 3.93071e-08 1.2277e-09 2.56437e-11 3.51493e-13 3.10844e-15
 1.5813e-11 1.71711e-09 1.09932e-07 4.14955e-06 9.23539e-05 0.00121222 0.00939078 0.0430413 0.117677 0.196998 0.217209 0.181645 0.127897 0.0703887 0.0266232 0.00658907 0.00109263 0.00012804 1.09427e-05 6.72754e-07 2.88619e-08 8.47483e-10 1.68493e-11 2.23797e-13 1.95026e-15
 1.51017e-11 1.63988e-09 1.04988e-07 3.96299e-06 8.82062e-05 0.00115795 0.00897446 0.0411893 0.113062 0.191324 0.216118 0.187074 0.134189 0.0729572 0.0266119 0.00620452 0.000939601 9.7567e-05 7.34405e-06 4.06679e-07 1.61409e-08 4.44348e-10 8.28662e-12 1.02789e-13 8.34216e-16
 1.58344e-11 1.71944e-09 1.10082e-07 4.1553e-06 9.24871e-05 0.00121417 0.00941005 0.0431803 0.118397 0.199385 0.221551 0.184727 0.126183 0.0659825 0.0235176 0.00543636 0.00082673 8.647e-05 6.4328e-06 3.38992e-07 1.23316e-08 3.03915e-10 5.0424e-12 5.60508e-14 4.12846e-16
 1.59435e-11 1.73129e-09 1.10841e-07 4.18399e-06 9.31289e-05 0.00122271 0.00947846 0.0435195 0.119479 0.201649 0.224368 0.185846 0.124277 0.0629514 0.0215999 0.00476156 0.000679683 6.56224e-05 4.48891e-06 2.2057e-07 7.61995e-09 1.79737e-10 2.83437e-12 2.94401e-14 1.98805e-16
 1.65384e-11 1.7959e-09 1.14978e-07 4.34017e-06 9.66068e-05 0.00126841 0.00983309 0.0451449 0.123854 0.208295 0.228857 0.183883 0.117681 0.0572598 0.0190711 0.00411538 0.000577775 5.47586e-05 3.63144e-06 1.6955e-07 5.46163e-09 1.18742e-10 1.721e-12 1.6498e-14 1.03543e-16
 1.52804e-11 1.6593e-09 1.06234e-07 4.01029e-06 8.9275e-05 0.00117255 0.00909872 0.0418848 0.115737 0.198175 0.226152 0.191949 0.127973 0.0625881 0.0203648 0.00420685 0.000553522 4.80497e-05 2.8784e-06 1.21992e-07 3.62573e-09 7.36646e-11 1.00052e-12 8.94316e-15 5.19346e-17
 1.50852e-11 1.6381e-09 1.04878e-07 3.95923e-06 8.81457e-05 0.00115796 0.00899027 0.0414383 0.11483 0.197722 0.227393 0.193736 0.12823 0.0618249 0.0198846 0.0041018 0.000546682 4.85862e-05 2.96297e-06 1.24458e-07 3.53718e-09 6.67121e-11 8.26669e-13 6.70562e-15 3.54436e-17
 1.71992e-11 1.86766e-09 1.19575e-07 4.51392e-06 0.000100486 0.00131971 0.0102372 0.0470591 0.129355 0.217708 0.236951 0.18301 0.108283 0.0479739 0.0146524 0.00292831 0.000382075 3.34269e-05 2.01268e-06 8.36425e-08 2.35569e-09 4.3991e-11 5.36321e-13 4.22413e-15 2.12963e-17
 1.42459e-11 1.54699e-09 9.90496e-08 3.73964e-06 8.32815e-05 0.00109488 0.00851637 0.0394302 0.110386 0.19402 0.230276 0.201205 0.132112 0.060873 0.018191 0.00338671 0.00039117 2.86511e-05 1.38625e-06 4.63252e-08 1.09451e-09 1.81082e-11 2.03976e-13 1.521e-15 7.34607e-18
#spawning biomass
 8003.69 8560.53 6210.98 6582.54 10498.7 14953.5 20722.6 27880.3 42873.2 52967.8 80044.9 112340 145140 192816 190559 192223 196160 202318 191641 176517 185155 185752 186492 222449 247234 255052 257999 298407 244733 155572 230179 127311 64491.6 35679.4 24100.7 19814.9 18313.8 17808.1 17642.4 17589.2 17572.4 17567.1 17565.5 17565 17564.9 17564.8 17564.8 17564.8 17564.8 17564.8 17564.8 17564.8 17564.8 17564.8 17564.8 17564.8 17564.8 17564.8 17564.8 17564.8 17564.8 17564.8 17564.8 17564.8 17564.8 17564.8 17564.8 17564.8 17564.8 17564.8 17564.8 17564.8 17564.8 17564.8 17564.8 17564.8 17564.8 17564.8 17564.8 17564.8 17564.8 17564.8 17564.8 17564.8 17564.8 17564.8 17564.8 17564.8 17564.8 17564.8 17564.8 17564.8 17564.8 17564.8 17564.8 17564.8 17564.8 17564.8 17564.8 17564.8 17564.8 17564.8 17564.8 17564.8 17564.8 17564.8 17564.8 17564.8 17564.8 17564.8 17564.8 17564.8 17564.8 17564.8 17564.8 17564.8 17564.8 17564.8 17564.8 17564.8 17564.8 17564.8 17564.8 17564.8 17564.8 17564.8 17564.8 17564.8 17564.8 0 0 0 0 0 0 0 0 0 0 0 0 0 0 0 0 0 0 0 0 0 0 0 0 0
