SBPRF35
0.175648
Curr Bio
273645
B35
347711
F35
0.680663
FOFL
0.42325
OFL
46636.3
Bzero
50185.1
#pred survey bio
 8356.01 7955.49 5877.99 6155.88 9877.66 14080.2 19496.4 26134.8 40461.4 49412.9 74990.9 104997 134215 179760 178282 180281 183349 189009 179510 165631 173988 173707 174159 208001 231708 239755 241135 280236 250043 7.03358e+06 6.2882e+06 3.8073e+06 2.1106e+06 1.23162e+06 812560 614684 517920 467853 440430 424726 415468 409919 406565 404526 403267 402517 402068 401799 401638 401541 401483 401448 401427 401415 401407 401403 401400 401398 401397 401397 401396 401396 401396 401396 401396 401396 401396 401396 401396 401396 401396 401396 401396 401396 401396 401396 401396 401396 401396 401396 401396 401396 401396 401396 401396 401396 401396 401396 401396 401396 401396 401396 401396 401396 401396 401396 401396 401396 401396 401396 401396 401396 401396 401396 401396 401396 401396 401396 401396 401396 401396 401396 401396 401396 401396 401396 401396 401396 401396 401396 401396 401396 401396 401396 401396 401396 401396 401396 401396 0 0 0 0 0 0 0 0 0 0 0 0 0 0 0 0 0 0 0 0 0 0 0 0 0
#obs survey bio
 7026.82 4964.53 5175.57 10042.6 9918.16 17448.5 22486.5 28405.9 55880.9 42904.1 76081 100290 107419 100217 122003 176116 180385 172404 165080 143053 240688 159724 176269 219624 214026 279692 307128 264037 206960
#pred catch bio
 4004.52 4963.45 4022.11 3500.51 6150.81 9095.92 13634.2 15907.6 30456.5 34975 56421.8 84660.2 102830 155774 151604 150891 154197 164503 162689 148803 161901 168632 160406 190949 214959 228861 221189 273734 266779 46636.3 118778 63411.4 31065.3 16089.2 9995.14 7708.7 6896.45 6618.77 6526.45 6496.37 6486.73 6483.67 6482.71 6482.41 6482.31 6482.28 6482.28 6482.27 6482.27 6482.27 6482.27 6482.27 6482.27 6482.27 6482.27 6482.27 6482.27 6482.27 6482.27 6482.27 6482.27 6482.27 6482.27 6482.27 6482.27 6482.27 6482.27 6482.27 6482.27 6482.27 6482.27 6482.27 6482.27 6482.27 6482.27 6482.27 6482.27 6482.27 6482.27 6482.27 6482.27 6482.27 6482.27 6482.27 6482.27 6482.27 6482.27 6482.27 6482.27 6482.27 6482.27 6482.27 6482.27 6482.27 6482.27 6482.27 6482.27 6482.27 6482.27 6482.27 6482.27 6482.27 6482.27 6482.27 6482.27 6482.27 6482.27 6482.27 6482.27 6482.27 6482.27 6482.27 6482.27 6482.27 6482.27 6482.27 6482.27 6482.27 6482.27 6482.27 6482.27 6482.27 6482.27 6482.27 6482.27 6482.27 6482.27 6482.27 6482.27 0 0 0 0 0 0 0 0 0 0 0 0 0 0 0 0 0 0 0 0 0 0 0 0 0
#obs catch bio
 4914.84 5337.34 4603.26 3219.58 5711.02 8171.47 12932.4 14298.9 26660.5 34030 54541.1 78749.5 95857.3 173150 160989 135178 140458 160074 154640 149161 149025 176238 157145 172556 194730 212074 189892 253601 272678
#pred cpue bio
 7647.72 7533.03 5345.85 5244.02 8554.26 12154.1 16825.6 22226.8 34953.2 41846 62835.2 88566.6 112137 152635 151567 153945 156863 160513 153756 138474 145634 144086 142105 171125 192307 199366 198129 230953 209356 5.54658e+06 6.47248e+06 3.79296e+06 2.09061e+06 1.2115e+06 792439 594562 497799 447732 420308 404605 395347 389798 386444 384405 383146 382395 381947 381678 381517 381420 381362 381327 381306 381293 381286 381281 381278 381277 381276 381275 381275 381275 381274 381274 381274 381274 381274 381274 381274 381274 381274 381274 381274 381274 381274 381274 381274 381274 381274 381274 381274 381274 381274 381274 381274 381274 381274 381274 381274 381274 381274 381274 381274 381274 381274 381274 381274 381274 381274 381274 381274 381274 381274 381274 381274 381274 381274 381274 381274 381274 381274 381274 381274 381274 381274 381274 381274 381274 381274 381274 381274 381274 381274 381274 381274 381274 381274 381274 381274 0 0 0 0 0 0 0 0 0 0 0 0 0 0 0 0 0 0 0 0 0 0 0 0 0
#obs cpue bio
 8395.14 7998.52 4248.16 5633.6 12094 14568.1 17247 31556.8 48114.1 37747.9 79242.2 133120 173387 138125 204143 295630 229052 171602 222634 143908 164725 116459 158233 274012 296765 230973 311155 291734 225443
#pred surv len freq
 1.39933e-11 1.5195e-09 9.72799e-08 3.67183e-06 8.17113e-05 0.00107209 0.00829399 0.0378506 0.102127 0.164779 0.167801 0.13157 0.109299 0.0920013 0.0642878 0.0402994 0.0256855 0.0165839 0.0109911 0.00768857 0.00579263 0.00477134 0.00408154 0.00312324 0.00181473
 1.05944e-11 1.15042e-09 7.36513e-08 2.77997e-06 6.18646e-05 0.000811714 0.00628055 0.0286829 0.0776773 0.127639 0.140814 0.138444 0.147623 0.134661 0.0893686 0.048246 0.0256805 0.0140159 0.00776481 0.00447201 0.00276207 0.00190247 0.00144037 0.00104607 0.000604305
 1.3707e-11 1.48842e-09 9.52901e-08 3.59673e-06 8.00401e-05 0.00105016 0.00812455 0.0370814 0.100107 0.161963 0.16702 0.136387 0.119789 0.103471 0.0723124 0.043806 0.0248997 0.012619 0.00581639 0.00266881 0.00128629 0.000683509 0.000416416 0.000266972 0.000146851
 1.71591e-11 1.86327e-09 1.19288e-07 4.50254e-06 0.000100197 0.00131462 0.0101699 0.0464024 0.125074 0.200773 0.199603 0.143756 0.10342 0.0777224 0.0473842 0.0232087 0.0110614 0.00549308 0.00262501 0.00113364 0.00044585 0.000174755 7.65748e-05 3.83913e-05 1.86506e-05
 1.62316e-11 1.76256e-09 1.12841e-07 4.25918e-06 9.47819e-05 0.00124358 0.00962051 0.0439008 0.118403 0.190645 0.192271 0.145714 0.113962 0.0892557 0.0537181 0.0244801 0.0100472 0.00406496 0.00159813 0.000624154 0.000234864 8.04398e-05 2.59596e-05 8.92701e-06 3.32546e-06
 1.63914e-11 1.77991e-09 1.13951e-07 4.30109e-06 9.57147e-05 0.00125581 0.00971514 0.0443317 0.119552 0.192388 0.193525 0.145361 0.112167 0.0874537 0.0530475 0.0246957 0.010317 0.00403956 0.00140771 0.000449697 0.000138091 4.09274e-05 1.13538e-05 2.92845e-06 7.48407e-07
 1.63871e-11 1.77944e-09 1.13922e-07 4.29997e-06 9.56897e-05 0.00125549 0.00971261 0.0443204 0.119525 0.192372 0.193639 0.145777 0.112833 0.0879054 0.0528816 0.0241199 0.0098318 0.00382383 0.00133834 0.000415252 0.000113907 2.77832e-05 6.21345e-06 1.28887e-06 2.46113e-07
 1.70641e-11 1.85296e-09 1.18628e-07 4.47762e-06 9.9643e-05 0.00130735 0.0101137 0.0461478 0.124412 0.199903 0.199649 0.146171 0.108003 0.0817132 0.0482615 0.021343 0.00829817 0.00309272 0.00104973 0.000319574 8.63972e-05 2.00979e-05 3.9648e-06 6.69435e-07 9.88912e-08
 1.63237e-11 1.77256e-09 1.13481e-07 4.28334e-06 9.53195e-05 0.00125063 0.00967507 0.0441495 0.11907 0.191687 0.193171 0.146003 0.113702 0.0888194 0.0533392 0.0241328 0.0096403 0.00360802 0.00119063 0.000346687 9.00845e-05 2.03586e-05 3.8852e-06 6.0961e-07 7.75026e-08
 1.72352e-11 1.87154e-09 1.19818e-07 4.52252e-06 0.000100642 0.00132046 0.0102151 0.0466098 0.12565 0.201834 0.201295 0.146621 0.107319 0.0805117 0.0469652 0.0201704 0.00748102 0.00267801 0.000882504 0.000258742 6.62437e-05 1.44353e-05 2.6433e-06 3.98796e-07 4.80941e-08
 1.76959e-11 1.92156e-09 1.2302e-07 4.6434e-06 0.000103332 0.00135575 0.010488 0.047853 0.128972 0.206935 0.205273 0.146585 0.103571 0.0760022 0.0439741 0.0187289 0.0068136 0.0023472 0.000729295 0.00020166 5.01212e-05 1.08309e-05 1.95488e-06 2.85989e-07 3.31199e-08
 1.73749e-11 1.88671e-09 1.20789e-07 4.55917e-06 0.000101458 0.00133116 0.0102979 0.0469872 0.126664 0.203436 0.202764 0.147337 0.107299 0.0799161 0.0458252 0.0187806 0.00637045 0.00205892 0.00061504 0.000163598 3.8569e-05 7.87988e-06 1.36657e-06 1.95574e-07 2.22055e-08
 1.77776e-11 1.93043e-09 1.23588e-07 4.66483e-06 0.000103809 0.00136201 0.0105364 0.0480739 0.129569 0.207901 0.20627 0.147384 0.104139 0.0760384 0.0431458 0.0173824 0.00569243 0.00175008 0.000491656 0.000121892 2.70083e-05 5.24087e-06 8.61998e-07 1.16979e-07 1.273e-08
 1.70669e-11 1.85326e-09 1.18647e-07 4.47835e-06 9.96592e-05 0.00130756 0.0101154 0.0461563 0.124445 0.200046 0.200204 0.147636 0.110237 0.0832692 0.0478293 0.0194659 0.00646599 0.0020001 0.000552776 0.000131448 2.73925e-05 4.95159e-06 7.59813e-07 9.69526e-08 9.97577e-09
 1.69899e-11 1.8449e-09 1.18112e-07 4.45815e-06 9.92097e-05 0.00130167 0.0100698 0.0459489 0.123895 0.199234 0.199733 0.148175 0.111675 0.0845606 0.0481027 0.0189583 0.0059139 0.00172385 0.000466024 0.000110707 2.28732e-05 4.00365e-06 5.80939e-07 6.91443e-08 6.62628e-09
 1.67893e-11 1.82311e-09 1.16717e-07 4.4055e-06 9.8038e-05 0.0012863 0.00995094 0.0454073 0.122447 0.197006 0.19797 0.148111 0.113194 0.0864795 0.0495106 0.0197613 0.00629772 0.00185241 0.000487595 0.000109851 2.16762e-05 3.7113e-06 5.30749e-07 6.14017e-08 5.60073e-09
 1.67075e-11 1.81424e-09 1.16149e-07 4.38405e-06 9.75606e-05 0.00128003 0.0099025 0.0451866 0.121856 0.196087 0.1972 0.147941 0.113591 0.0871061 0.0501256 0.0202739 0.00663699 0.00201394 0.000543434 0.00012433 2.43573e-05 4.02709e-06 5.50739e-07 6.15588e-08 5.47843e-09
 1.70546e-11 1.85192e-09 1.18562e-07 4.47511e-06 9.95871e-05 0.00130662 0.0101081 0.046123 0.124358 0.199919 0.200142 0.147762 0.110527 0.0835158 0.0478569 0.0193307 0.00633015 0.00193226 0.000530083 0.000124621 2.5136e-05 4.23799e-06 5.79993e-07 6.33978e-08 5.43921e-09
 1.66368e-11 1.80656e-09 1.15657e-07 4.36549e-06 9.71477e-05 0.00127462 0.00986062 0.0449961 0.121351 0.19534 0.196757 0.148407 0.114867 0.0882596 0.0503816 0.0198407 0.00616468 0.00178366 0.000476896 0.000111732 2.27804e-05 3.92501e-06 5.51541e-07 6.15545e-08 5.31051e-09
 1.77252e-11 1.92475e-09 1.23224e-07 4.6511e-06 0.000103503 0.001358 0.0105054 0.0479331 0.129196 0.207362 0.206014 0.147927 0.10539 0.0771131 0.0432937 0.0168223 0.00509503 0.00141938 0.000362547 8.05411e-05 1.57106e-05 2.65414e-06 3.73839e-07 4.24064e-08 3.74056e-09
 1.76628e-11 1.91796e-09 1.2279e-07 4.6347e-06 0.000103139 0.00135321 0.0104684 0.0477647 0.128748 0.206692 0.205578 0.148217 0.106334 0.0780182 0.0435906 0.0166285 0.00482979 0.00127581 0.000312492 6.67903e-05 1.24389e-05 1.9952e-06 2.68085e-07 2.9529e-08 2.58563e-09
 1.80366e-11 1.95856e-09 1.25389e-07 4.73279e-06 0.000105321 0.00138185 0.0106899 0.0487734 0.131444 0.210829 0.208794 0.148154 0.103235 0.0742923 0.0411101 0.0154453 0.00433481 0.00108926 0.000254012 5.157e-05 9.1021e-06 1.38984e-06 1.77901e-07 1.86237e-08 1.55599e-09
 1.8679e-11 2.02832e-09 1.29855e-07 4.90137e-06 0.000109073 0.00143107 0.0110705 0.0505071 0.136076 0.217935 0.214301 0.147988 0.0978168 0.0678225 0.0368602 0.0134851 0.00355966 0.000817043 0.000176694 3.38647e-05 5.64766e-06 8.14396e-07 9.84822e-08 9.75727e-09 7.7362e-10
 1.83604e-11 1.99372e-09 1.2764e-07 4.81776e-06 0.000107212 0.00140666 0.0108817 0.0496472 0.133779 0.214413 0.211581 0.148102 0.100554 0.0710697 0.0389658 0.0144221 0.00390275 0.000921301 0.00019819 3.60025e-05 5.52754e-06 7.35985e-07 8.31864e-08 7.74447e-09 5.78341e-10
 1.80081e-11 1.95546e-09 1.2519e-07 4.72531e-06 0.000105155 0.00137967 0.010673 0.0486966 0.131239 0.210521 0.208586 0.148261 0.103628 0.0746844 0.0412659 0.0154011 0.00424475 0.00103093 0.00022816 4.25407e-05 6.62167e-06 8.63327e-07 9.18895e-08 7.90203e-09 5.46272e-10
 1.793e-11 1.94699e-09 1.24648e-07 4.70484e-06 0.000104699 0.00137369 0.0106268 0.0484861 0.130677 0.209659 0.207919 0.148286 0.104292 0.0754732 0.0417776 0.0156308 0.0043336 0.00106348 0.00023874 4.54644e-05 7.27998e-06 9.7641e-07 1.05861e-07 9.05949e-09 6.03034e-10
 1.84114e-11 1.99925e-09 1.27994e-07 4.83114e-06 0.00010751 0.00141056 0.010912 0.0497848 0.134147 0.214976 0.212016 0.148081 0.100111 0.0705441 0.0386241 0.014271 0.00385218 0.000912036 0.000200469 3.81164e-05 6.16726e-06 8.42182e-07 9.35409e-08 8.22161e-09 5.58768e-10
 1.82947e-11 1.98659e-09 1.27183e-07 4.80052e-06 0.000106829 0.00140162 0.0108428 0.04947 0.133305 0.213683 0.211001 0.148073 0.101037 0.0716836 0.0394201 0.0146884 0.00404071 0.000978653 0.00021604 4.03001e-05 6.34303e-06 8.51869e-07 9.46434e-08 8.42525e-09 5.84307e-10
 1.76238e-11 1.91374e-09 1.22519e-07 4.62449e-06 0.000102911 0.00135023 0.0104454 0.0476601 0.128474 0.206307 0.20546 0.14882 0.107566 0.0790081 0.0435932 0.0159104 0.00413649 0.000924344 0.000194325 3.6066e-05 5.7293e-06 7.67575e-07 8.37987e-08 7.31686e-09 5.03065e-10
#obs surv len freq
 1.17968e-11 1.28099e-09 8.201e-08 3.09547e-06 6.88856e-05 0.000903822 0.00699277 0.0319249 0.0863106 0.140653 0.149824 0.134847 0.133504 0.122387 0.0870036 0.0517523 0.0286727 0.0146756 0.00671939 0.00265508 0.000851979 0.000208817 3.71333e-05 4.58352e-06 3.78315e-07
 7.10783e-12 7.71827e-10 4.9413e-08 1.8651e-06 4.15059e-05 0.000544619 0.00421503 0.0192747 0.0525297 0.0889073 0.10973 0.135221 0.170382 0.167187 0.11881 0.0688898 0.0363799 0.0172749 0.00714881 0.00253241 0.000735285 0.00016453 2.6728e-05 3.00294e-06 2.24977e-07
 1.81575e-11 1.97169e-09 1.26229e-07 4.76452e-06 0.000106028 0.00139111 0.0107614 0.0490944 0.132232 0.211424 0.206032 0.137059 0.0848089 0.0615475 0.0450738 0.0301005 0.0174541 0.00830726 0.00323463 0.00103828 0.000268195 5.32972e-05 7.74477e-06 7.8408e-07 5.31399e-08
 1.48636e-11 1.61401e-09 1.03331e-07 3.90022e-06 8.67942e-05 0.0011388 0.00881073 0.0402226 0.108689 0.176476 0.184028 0.152884 0.131886 0.103793 0.0580288 0.0224909 0.00738652 0.00266939 0.000999197 0.000315016 7.6049e-05 1.35956e-05 1.75015e-06 1.56877e-07 9.46607e-09
 1.74323e-11 1.89294e-09 1.21188e-07 4.57424e-06 0.000101793 0.00133558 0.0103324 0.0471522 0.127181 0.204658 0.204979 0.149424 0.106488 0.0765875 0.0438778 0.0188562 0.00655323 0.00189485 0.000454662 9.72909e-05 1.91342e-05 3.09058e-06 3.63714e-07 2.93493e-08 1.57651e-09
 1.48961e-11 1.61754e-09 1.03556e-07 3.90874e-06 8.69841e-05 0.0011413 0.00883054 0.0403207 0.109034 0.177489 0.186383 0.156151 0.133409 0.102351 0.0558602 0.0209594 0.00605137 0.00152496 0.000334883 5.98934e-05 8.49107e-06 9.6396e-07 8.71587e-08 5.93537e-09 2.82244e-10
 1.7053e-11 1.85175e-09 1.18551e-07 4.47471e-06 9.95788e-05 0.00130654 0.0101083 0.0461399 0.124567 0.201196 0.204207 0.153962 0.113188 0.079868 0.0427745 0.0163235 0.00481603 0.00117161 0.000228483 3.45943e-05 4.08321e-06 3.73067e-07 2.56143e-08 1.28715e-09 4.64322e-11
 1.57926e-11 1.71489e-09 1.09789e-07 4.14399e-06 9.22195e-05 0.00121 0.00936226 0.0427502 0.115599 0.18796 0.195691 0.15814 0.12643 0.0915516 0.0479188 0.0172912 0.00470557 0.00106423 0.000198652 2.88625e-05 3.14636e-06 2.51611e-07 1.44764e-08 5.89942e-10 1.67689e-11
 1.64654e-11 1.78795e-09 1.14466e-07 4.32053e-06 9.61481e-05 0.00126155 0.00976112 0.0445706 0.120497 0.195656 0.202206 0.159054 0.121246 0.0841553 0.0424212 0.0145428 0.00364694 0.000740075 0.000123392 1.61295e-05 1.60098e-06 1.1783e-07 6.21879e-09 2.2762e-10 5.63784e-12
 1.585e-11 1.72112e-09 1.10188e-07 4.15906e-06 9.25553e-05 0.00121443 0.0093973 0.042923 0.116191 0.189596 0.199268 0.162984 0.128787 0.0890835 0.0432233 0.0136856 0.00297492 0.000496903 6.86577e-05 7.66826e-06 6.59959e-07 4.245e-08 1.98126e-09 6.49498e-11 1.45251e-12
 1.66234e-11 1.80511e-09 1.15565e-07 4.36201e-06 9.70717e-05 0.00127369 0.00985578 0.0450143 0.121802 0.198296 0.206165 0.162779 0.121585 0.0804847 0.0379661 0.0117484 0.00248189 0.000393301 4.93453e-05 4.76342e-06 3.4065e-07 1.79443e-08 6.94103e-10 1.92783e-11 3.72349e-13
 1.63992e-11 1.78076e-09 1.14006e-07 4.30317e-06 9.57627e-05 0.00125654 0.00972366 0.0444213 0.120298 0.196402 0.205871 0.164985 0.12409 0.0812162 0.0375534 0.0113514 0.00232972 0.000355388 4.25418e-05 3.8843e-06 2.58165e-07 1.22522e-08 4.11616e-10 9.64504e-12 1.54963e-13
 1.69947e-11 1.84543e-09 1.18146e-07 4.45945e-06 9.92408e-05 0.00130218 0.010077 0.0460352 0.124648 0.203242 0.211557 0.165363 0.118856 0.0743963 0.0329795 0.00941919 0.00176074 0.000233657 2.40172e-05 1.93908e-06 1.17528e-07 5.14923e-09 1.59548e-10 3.41882e-12 4.95012e-14
 1.23859e-11 1.34497e-09 8.61063e-08 3.25014e-06 7.23317e-05 0.000949252 0.00735056 0.0336655 0.0920591 0.155706 0.18209 0.18111 0.164398 0.113546 0.0512794 0.0146266 0.00273837 0.000364633 3.68257e-05 2.7967e-06 1.52639e-07 5.85646e-09 1.58032e-10 2.98556e-12 3.87473e-14
 1.58551e-11 1.72168e-09 1.10223e-07 4.16043e-06 9.25882e-05 0.00121497 0.00940441 0.0430009 0.116796 0.192446 0.206563 0.171532 0.129647 0.0813832 0.0355173 0.0101332 0.00195747 0.000275262 2.91747e-05 2.25704e-06 1.21918e-07 4.51971e-09 1.14803e-10 1.9851e-12 2.30316e-14
 1.40533e-11 1.52602e-09 9.76977e-08 3.68767e-06 8.20694e-05 0.00107706 0.00834013 0.0381889 0.104258 0.174823 0.197498 0.180703 0.148212 0.0944766 0.039846 0.0105113 0.00176198 0.000200524 1.69816e-05 1.12518e-06 5.68038e-08 2.07258e-09 5.24965e-11 8.96353e-13 1.0085e-14
 1.60082e-11 1.7383e-09 1.11288e-07 4.20063e-06 9.34844e-05 0.0012268 0.00949772 0.0434518 0.118209 0.195536 0.211177 0.174931 0.128253 0.0764128 0.0313329 0.00826058 0.00142517 0.000171167 1.50808e-05 9.69416e-07 4.36643e-08 1.34712e-09 2.86122e-11 4.22308e-13 4.2987e-15
 1.37172e-11 1.48953e-09 9.53618e-08 3.59954e-06 8.0111e-05 0.00105148 0.00814507 0.0373387 0.102285 0.173059 0.19895 0.184626 0.149747 0.0931009 0.0388366 0.0105493 0.00194334 0.000257726 2.50894e-05 1.73519e-06 8.20063e-08 2.60319e-09 5.52578e-11 7.7924e-13 7.21636e-15
 1.48514e-11 1.61269e-09 1.03247e-07 3.89717e-06 8.67349e-05 0.0011384 0.00881776 0.0404067 0.110489 0.185547 0.207987 0.182557 0.138514 0.081722 0.0326327 0.00843966 0.00145958 0.000180439 1.66695e-05 1.13541e-06 5.47448e-08 1.80979e-09 4.01344e-11 5.8551e-13 5.52203e-15
 1.5486e-11 1.6816e-09 1.07658e-07 4.0637e-06 9.0442e-05 0.00118708 0.00919502 0.042134 0.115153 0.192791 0.213446 0.181446 0.131676 0.0748635 0.0291544 0.00742082 0.00126964 0.000154621 1.38374e-05 8.95056e-07 4.05297e-08 1.26084e-09 2.66672e-11 3.78075e-13 3.52486e-15
 1.47664e-11 1.60346e-09 1.02656e-07 3.87495e-06 8.62447e-05 0.00113214 0.00877319 0.0402534 0.110442 0.186924 0.212176 0.186945 0.13826 0.0776366 0.0291585 0.00699114 0.00109139 0.000117616 9.27124e-06 5.41308e-07 2.27361e-08 6.64346e-10 1.3192e-11 1.74747e-13 1.51818e-15
 1.55089e-11 1.6841e-09 1.07819e-07 4.06983e-06 9.05829e-05 0.0011891 0.00921453 0.0422711 0.115855 0.195152 0.217866 0.184789 0.130146 0.0703493 0.0258428 0.00615037 0.000965843 0.000105046 8.18987e-06 4.54622e-07 1.74729e-08 4.5651e-10 8.06462e-12 9.5853e-14 7.57211e-16
 1.56226e-11 1.69644e-09 1.0861e-07 4.09973e-06 9.12511e-05 0.00119797 0.00928533 0.0426196 0.116958 0.197455 0.22078 0.186061 0.128293 0.0672004 0.0237762 0.00539729 0.000795281 7.97916e-05 5.72228e-06 2.96776e-07 1.08602e-08 2.72057e-10 4.56953e-12 5.06971e-14 3.66571e-16
 1.62278e-11 1.76216e-09 1.12817e-07 4.25857e-06 9.47879e-05 0.00124444 0.00964583 0.044272 0.121412 0.204265 0.225511 0.184263 0.121585 0.0612237 0.0210474 0.00468167 0.000679274 6.69783e-05 4.65931e-06 2.29556e-07 7.82864e-09 1.80716e-10 2.79112e-12 2.86172e-14 1.92637e-16
 1.4951e-11 1.62352e-09 1.03943e-07 3.92373e-06 8.73443e-05 0.00114708 0.00889914 0.0409494 0.113095 0.193765 0.222465 0.192409 0.132321 0.0669117 0.0224561 0.00477921 0.000649272 5.8557e-05 3.67743e-06 1.64686e-07 5.19475e-09 1.12298e-10 1.627e-12 1.55553e-14 9.68486e-17
 1.47549e-11 1.60224e-09 1.02581e-07 3.87243e-06 8.62088e-05 0.00113238 0.00878949 0.0404943 0.112157 0.193256 0.223703 0.19429 0.132644 0.066124 0.0219448 0.00466881 0.000643799 5.95983e-05 3.81555e-06 1.69198e-07 5.09202e-09 1.01957e-10 1.34601e-12 1.1679e-14 6.62597e-17
 1.69055e-11 1.83577e-09 1.17532e-07 4.43672e-06 9.87636e-05 0.00129697 0.0100589 0.0462243 0.127016 0.213903 0.234013 0.183762 0.112071 0.0514455 0.0162524 0.00335602 0.000453723 4.14087e-05 2.62154e-06 1.15208e-07 3.44199e-09 6.83448e-11 8.883e-13 7.47887e-15 4.03981e-17
 1.39087e-11 1.51036e-09 9.67026e-08 3.65089e-06 8.12983e-05 0.00106861 0.00830901 0.0384467 0.107572 0.189307 0.22651 0.202105 0.136923 0.0652157 0.0201057 0.00385723 0.000459702 3.49118e-05 1.7671e-06 6.24585e-08 1.57412e-09 2.789e-11 3.36904e-13 2.69651e-15 1.3992e-17
 1.24548e-11 1.35251e-09 8.66003e-08 3.2699e-06 7.28386e-05 0.000958236 0.00746721 0.0347436 0.098513 0.178393 0.223993 0.210708 0.147424 0.0709234 0.0219567 0.00427237 0.000527378 4.24216e-05 2.28294e-06 8.28709e-08 2.00493e-09 3.17687e-11 3.2666e-13 2.18193e-15 9.51287e-18
#pred catch len freq
 1.27992e-11 1.38984e-09 8.89788e-08 3.35851e-06 7.47389e-05 0.000980613 0.00758655 0.0346277 0.0935075 0.151487 0.157156 0.130733 0.11752 0.102413 0.0717059 0.0444824 0.0280775 0.0180535 0.0119504 0.00835696 0.00629574 0.00518568 0.00443596 0.00339445 0.00197231
 9.95204e-12 1.08067e-09 6.91856e-08 2.61142e-06 5.81137e-05 0.000762504 0.00589999 0.0269496 0.073047 0.120543 0.13535 0.138723 0.153201 0.141198 0.0934756 0.0499487 0.0262835 0.014261 0.00788597 0.00453954 0.00280343 0.00193091 0.0014619 0.0010617 0.000613339
 1.33827e-11 1.4532e-09 9.3035e-08 3.51161e-06 7.81459e-05 0.00102531 0.00793238 0.0362062 0.0977695 0.158388 0.164298 0.136632 0.122769 0.106897 0.0743844 0.0445646 0.0250904 0.0126606 0.00582643 0.00267184 0.00128749 0.000684118 0.000416784 0.000267208 0.000146981
 1.64451e-11 1.78574e-09 1.14324e-07 4.31518e-06 9.6028e-05 0.00125992 0.0097469 0.0444756 0.119926 0.192877 0.193489 0.143956 0.109452 0.084877 0.0519982 0.0252695 0.0118986 0.00586645 0.00279694 0.00120715 0.000474675 0.000186043 8.152e-05 4.08705e-05 1.9855e-05
 1.56635e-11 1.70087e-09 1.08891e-07 4.11009e-06 9.14643e-05 0.00120005 0.00928392 0.0423678 0.114308 0.184374 0.187459 0.146021 0.118994 0.0951263 0.0573836 0.0259649 0.0105307 0.0042248 0.00165548 0.000645889 0.000242972 8.32104e-05 2.68532e-05 9.23429e-06 3.43992e-06
 1.59251e-11 1.72927e-09 1.1071e-07 4.17873e-06 9.29917e-05 0.00122009 0.00943888 0.0430734 0.116191 0.187242 0.189582 0.145631 0.116325 0.0922942 0.0560568 0.0258979 0.0106938 0.00415437 0.00144322 0.000460542 0.000141365 4.18924e-05 1.16211e-05 2.99739e-06 7.66023e-07
 1.61376e-11 1.75236e-09 1.12187e-07 4.23451e-06 9.4233e-05 0.00123638 0.00956483 0.0436474 0.117728 0.189626 0.191561 0.146005 0.115185 0.0905812 0.05446 0.0246494 0.00992932 0.0038299 0.00133607 0.000414094 0.000113545 2.76914e-05 6.19265e-06 1.28454e-06 2.45285e-07
 1.64809e-11 1.78963e-09 1.14574e-07 4.32458e-06 9.62373e-05 0.00126267 0.0097682 0.044574 0.120208 0.193466 0.194712 0.146495 0.113183 0.0877532 0.0520305 0.0228654 0.00878705 0.00324605 0.00109775 0.000333787 9.02021e-05 2.09801e-05 4.13865e-06 6.9878e-07 1.03226e-07
 1.63007e-11 1.77006e-09 1.13321e-07 4.27729e-06 9.51849e-05 0.00124886 0.00966141 0.0440874 0.118905 0.191444 0.193032 0.14617 0.114143 0.0892165 0.0534275 0.0239805 0.00946713 0.00351368 0.00115554 0.00033607 8.72871e-05 1.97233e-05 3.76378e-06 5.9055e-07 7.5079e-08
 1.70331e-11 1.84959e-09 1.18413e-07 4.46948e-06 9.94618e-05 0.00130497 0.0100954 0.0460645 0.124194 0.199609 0.199614 0.146818 0.109243 0.0826917 0.0482393 0.0205831 0.00754546 0.00267555 0.00087811 0.000257111 6.57968e-05 1.43358e-05 2.62493e-06 3.96019e-07 4.77589e-08
 1.7669e-11 1.91865e-09 1.22833e-07 4.63635e-06 0.000103175 0.00135369 0.0104721 0.0477806 0.128779 0.206646 0.205082 0.146701 0.103964 0.0763838 0.0441066 0.0186585 0.00670983 0.00228949 0.000708363 0.000195587 4.85866e-05 1.04973e-05 1.89458e-06 2.77162e-07 3.20976e-08
 1.7556e-11 1.90637e-09 1.22048e-07 4.60669e-06 0.000102515 0.00134503 0.0104052 0.047476 0.12797 0.205442 0.204334 0.147337 0.105844 0.0781421 0.0446116 0.0181657 0.00609282 0.0019487 0.000579227 0.000153812 3.62412e-05 7.40281e-06 1.28375e-06 1.83718e-07 2.08593e-08
 1.77974e-11 1.93258e-09 1.23726e-07 4.67003e-06 0.000103925 0.00136353 0.0105482 0.0481275 0.129712 0.208125 0.206467 0.147451 0.104082 0.0759117 0.0429839 0.0172202 0.00557843 0.00169678 0.000474136 0.000117327 2.59795e-05 5.04003e-06 8.28899e-07 1.12485e-07 1.22408e-08
 1.75061e-11 1.90096e-09 1.21701e-07 4.59361e-06 0.000102224 0.00134121 0.0103756 0.0473416 0.127612 0.204902 0.20396 0.147498 0.106496 0.0788226 0.0449373 0.0181631 0.0059664 0.00182632 0.000502158 0.000119192 2.48214e-05 4.48565e-06 6.88251e-07 8.78188e-08 9.03589e-09
 1.73607e-11 1.88517e-09 1.2069e-07 4.55545e-06 0.000101375 0.00133007 0.0102895 0.0469495 0.126568 0.203332 0.202894 0.148033 0.108478 0.0807813 0.0456732 0.0178954 0.00552402 0.00159221 0.000427862 0.000101425 2.09404e-05 3.66436e-06 5.31659e-07 6.3277e-08 6.06394e-09
 1.71118e-11 1.85813e-09 1.18959e-07 4.49013e-06 9.99212e-05 0.001311 0.010142 0.0462776 0.124773 0.200572 0.200729 0.148012 0.110451 0.0832164 0.0473842 0.0187991 0.00592754 0.00172472 0.00045143 0.000101495 2.00118e-05 3.42529e-06 4.89795e-07 5.66619e-08 5.16834e-09
 1.7052e-11 1.85165e-09 1.18544e-07 4.47445e-06 9.95724e-05 0.00130643 0.0101066 0.0461163 0.12434 0.199897 0.200151 0.147847 0.110679 0.0836325 0.0478498 0.0192303 0.00622684 0.00186957 0.000501811 0.000114588 2.24328e-05 3.70784e-06 5.07025e-07 5.66706e-08 5.04335e-09
 1.75097e-11 1.90134e-09 1.21726e-07 4.59453e-06 0.000102245 0.00134148 0.0103777 0.0473511 0.127639 0.204949 0.204029 0.147604 0.106629 0.0788943 0.0448667 0.0180008 0.00583003 0.00176073 0.000480464 0.000112742 2.27243e-05 3.83035e-06 5.24154e-07 5.72923e-08 4.91533e-09
 1.72733e-11 1.87567e-09 1.20082e-07 4.5325e-06 0.000100864 0.00132337 0.0102377 0.0467135 0.125938 0.202369 0.202164 0.148109 0.109298 0.0817187 0.0462338 0.0180909 0.00556203 0.00159128 0.000422894 9.88657e-05 2.01423e-05 3.46952e-06 4.87489e-07 5.44043e-08 4.69359e-09
 1.82476e-11 1.98147e-09 1.26856e-07 4.78816e-06 0.000106554 0.00139801 0.0108149 0.0493426 0.132961 0.21313 0.210446 0.147668 0.100798 0.0717301 0.0398936 0.015404 0.0046179 0.0012719 0.000322814 7.15461e-05 1.39443e-05 2.35501e-06 3.31671e-07 3.76217e-08 3.31848e-09
 1.83139e-11 1.98867e-09 1.27316e-07 4.80555e-06 0.00010694 0.00140309 0.0108542 0.0495215 0.133441 0.213878 0.211086 0.147847 0.100538 0.0712613 0.0393727 0.0149269 0.00429352 0.00112098 0.000272644 5.81196e-05 1.08141e-05 1.73398e-06 2.32958e-07 2.56588e-08 2.24672e-09
 1.88005e-11 2.04151e-09 1.30699e-07 4.93324e-06 0.000109782 0.00144037 0.0111425 0.0508347 0.136949 0.219257 0.215242 0.147682 0.0963752 0.0663246 0.0361777 0.013504 0.00375475 0.000932411 0.000215794 4.36816e-05 7.70183e-06 1.17556e-06 1.50452e-07 1.57494e-08 1.31582e-09
 1.92001e-11 2.0849e-09 1.33477e-07 5.0381e-06 0.000112115 0.00147099 0.0113792 0.0519131 0.139831 0.223682 0.218691 0.147642 0.0931028 0.0623644 0.0335057 0.0121933 0.00319263 0.000724159 0.000155243 2.96456e-05 4.9379e-06 7.11723e-07 8.6052e-08 8.52525e-09 6.75925e-10
 1.89e-11 2.05231e-09 1.31391e-07 4.95935e-06 0.000110363 0.001448 0.0112014 0.0511033 0.137668 0.220366 0.216133 0.147759 0.0956946 0.0654312 0.035484 0.0130624 0.00350471 0.000817696 0.000174478 3.15894e-05 4.84402e-06 6.44644e-07 7.28473e-08 6.78144e-09 5.06412e-10
 1.86146e-11 2.02132e-09 1.29407e-07 4.88446e-06 0.000108697 0.00142613 0.0110323 0.0503332 0.13561 0.217213 0.213705 0.147884 0.0981784 0.0683556 0.0373488 0.0138606 0.00378638 0.000908886 0.000199583 3.7096e-05 5.7676e-06 7.51618e-07 7.99841e-08 6.87773e-09 4.75449e-10
 1.8645e-11 2.02462e-09 1.29618e-07 4.89243e-06 0.000108874 0.00142846 0.0110503 0.0504151 0.135829 0.217546 0.213952 0.147839 0.0978647 0.068011 0.0371624 0.0138197 0.00379693 0.000920887 0.000205137 3.89455e-05 6.22921e-06 8.35103e-07 9.05245e-08 7.74648e-09 5.15622e-10
 1.8944e-11 2.05709e-09 1.31697e-07 4.97089e-06 0.00011062 0.00145136 0.0112275 0.0512219 0.137984 0.220851 0.216507 0.147741 0.0953127 0.0649783 0.0351895 0.0129321 0.00346118 0.000809829 0.000176539 3.34539e-05 5.4065e-06 7.37958e-07 8.19503e-08 7.20241e-09 4.89489e-10
 1.90484e-11 2.06843e-09 1.32423e-07 4.9983e-06 0.00011123 0.00145937 0.0112894 0.0515037 0.138737 0.221997 0.217358 0.147591 0.0942451 0.0638059 0.0345587 0.0127934 0.00348781 0.00083487 0.000182859 3.40029e-05 5.3457e-06 7.17586e-07 7.97092e-08 7.09531e-09 4.92062e-10
 1.88096e-11 2.0425e-09 1.30763e-07 4.93563e-06 0.000109835 0.00144107 0.0111479 0.0508595 0.137018 0.219381 0.215431 0.147985 0.0967631 0.0665387 0.0359827 0.0130425 0.00336336 0.000742731 0.000154736 2.86083e-05 4.53861e-06 6.07759e-07 6.63387e-08 5.79195e-09 3.98211e-10
#obs catch len freq
 1.20043e-11 1.30352e-09 8.34525e-08 3.14992e-06 7.00973e-05 0.000919717 0.00711563 0.0324833 0.0877853 0.142774 0.150774 0.132471 0.127977 0.116949 0.0847419 0.0529384 0.0316867 0.0176315 0.00860377 0.00353763 0.00117476 0.000299289 5.53252e-05 7.06054e-06 5.98607e-07
 1.14937e-11 1.24808e-09 7.99032e-08 3.01595e-06 6.71161e-05 0.000880611 0.0068134 0.0311105 0.0841627 0.137527 0.147966 0.136094 0.136644 0.124962 0.0883332 0.0522546 0.0286865 0.0144875 0.00651142 0.00250497 0.000775329 0.000181639 3.06146e-05 3.55591e-06 2.74604e-07
 6.95848e-12 7.55609e-10 4.83748e-08 1.82592e-06 4.0634e-05 0.000533187 0.00412685 0.0188773 0.0515145 0.0876325 0.109698 0.137329 0.172946 0.168223 0.118614 0.0682741 0.0356407 0.0166543 0.00675289 0.00232733 0.000651388 0.000139178 2.14086e-05 2.26198e-06 1.58505e-07
 1.80899e-11 1.96435e-09 1.25759e-07 4.74678e-06 0.000105633 0.00138593 0.0107214 0.0489139 0.131765 0.210801 0.205855 0.137735 0.0858372 0.0622472 0.0453273 0.0299639 0.0170942 0.0079765 0.00303409 0.000945442 0.000235156 4.46051e-05 6.1356e-06 5.83934e-07 3.70038e-08
 1.4831e-11 1.61048e-09 1.03104e-07 3.89168e-06 8.66042e-05 0.00113631 0.00879171 0.0401397 0.108507 0.176429 0.184748 0.154451 0.132886 0.103216 0.0568757 0.0217985 0.00710791 0.00253631 0.000925591 0.00028202 6.53631e-05 1.11394e-05 1.35703e-06 1.14352e-07 6.4517e-09
 1.74906e-11 1.89928e-09 1.21593e-07 4.58954e-06 0.000102134 0.00134005 0.0103672 0.0473134 0.127641 0.20553 0.20619 0.150505 0.106534 0.0754581 0.0425776 0.0180336 0.00615347 0.00173896 0.000407558 8.49169e-05 1.60779e-05 2.47194e-06 2.74885e-07 2.08442e-08 1.04712e-09
 1.50367e-11 1.63281e-09 1.04534e-07 3.94565e-06 8.78056e-05 0.00115209 0.0089142 0.0407062 0.110108 0.179385 0.18862 0.157612 0.13277 0.0999147 0.0535809 0.0197909 0.0056171 0.00138304 0.000294828 5.09546e-05 6.95021e-06 7.54299e-07 6.46186e-08 4.1348e-09 1.83743e-10
 1.7182e-11 1.86576e-09 1.19447e-07 4.50856e-06 0.000100332 0.00131643 0.010185 0.046493 0.125547 0.202899 0.206127 0.155081 0.112501 0.0777882 0.0408947 0.0153431 0.00443712 0.00105121 0.000198682 2.90463e-05 3.29208e-06 2.86937e-07 1.86797e-08 8.84631e-10 2.98826e-11
 1.60028e-11 1.73771e-09 1.1125e-07 4.19914e-06 9.3447e-05 0.00122611 0.00948715 0.0433238 0.117176 0.190619 0.198449 0.159361 0.124973 0.0884205 0.0453629 0.0160759 0.00428682 0.00094378 0.000170424 2.3843e-05 2.49043e-06 1.89833e-07 1.03573e-08 3.98177e-10 1.06223e-11
 1.67097e-11 1.81448e-09 1.16165e-07 4.38465e-06 9.75753e-05 0.00128028 0.00990628 0.0452364 0.122319 0.198673 0.205162 0.160063 0.119326 0.0807013 0.0398001 0.01338 0.00328386 0.000648041 0.000104412 1.31307e-05 1.24759e-06 8.73997e-08 4.36874e-09 1.50807e-10 3.50928e-12
 1.61206e-11 1.75051e-09 1.12069e-07 4.23007e-06 9.41358e-05 0.00123518 0.0095581 0.0436612 0.118214 0.192951 0.202539 0.164013 0.126495 0.0851703 0.0403827 0.0125222 0.00266274 0.000432613 5.77098e-05 6.1907e-06 5.09468e-07 3.11725e-08 1.37697e-09 4.25348e-11 8.92963e-13
 1.68848e-11 1.83349e-09 1.17382e-07 4.4306e-06 9.85984e-05 0.00129373 0.0100111 0.0457276 0.123757 0.201528 0.20927 0.163645 0.119276 0.0767562 0.0353407 0.0106992 0.00220814 0.000339818 4.11029e-05 3.80808e-06 2.60454e-07 1.30555e-08 4.77809e-10 1.24961e-11 2.26404e-13
 1.66896e-11 1.8123e-09 1.16025e-07 4.37939e-06 9.74593e-05 0.00127881 0.00989633 0.0452141 0.122469 0.199976 0.209234 0.165776 0.121418 0.0771578 0.0347939 0.0102814 0.00205965 0.000304807 3.51318e-05 3.07419e-06 1.95177e-07 8.81087e-09 2.8023e-10 6.19011e-12 9.33956e-14
 1.72697e-11 1.87529e-09 1.20058e-07 4.53161e-06 0.000100847 0.00132327 0.0102405 0.0467865 0.126708 0.206634 0.214721 0.166012 0.116204 0.0705431 0.0304573 0.00849502 0.00154965 0.000199648 1.97585e-05 1.52621e-06 8.81848e-08 3.66962e-09 1.07536e-10 2.17124e-12 2.95313e-14
 1.27349e-11 1.38286e-09 8.85323e-08 3.34172e-06 7.43704e-05 0.000976032 0.00755854 0.0346255 0.0947255 0.160241 0.186624 0.182424 0.160947 0.10812 0.0476405 0.0132728 0.00242265 0.00031264 3.0357e-05 2.20494e-06 1.14779e-07 4.18533e-09 1.06801e-10 1.89905e-12 2.31168e-14
 1.61769e-11 1.75662e-09 1.12461e-07 4.24488e-06 9.44681e-05 0.00123966 0.009596 0.0438826 0.119221 0.196451 0.210264 0.172161 0.126409 0.0769258 0.032686 0.00909677 0.00171019 0.00023249 2.36482e-05 1.7485e-06 9.00368e-08 3.17072e-09 7.6168e-11 1.24058e-12 1.35154e-14
 1.43997e-11 1.56364e-09 1.00106e-07 3.77859e-06 8.40937e-05 0.00110365 0.00854676 0.0391429 0.106903 0.179265 0.201718 0.181485 0.144501 0.089373 0.0367021 0.00944322 0.00154239 0.000170205 1.3852e-05 8.74649e-07 4.18934e-08 1.44627e-09 3.45629e-11 5.55353e-13 5.8668e-15
 1.63105e-11 1.77113e-09 1.1339e-07 4.27997e-06 9.52509e-05 0.00125002 0.00967808 0.0442845 0.120514 0.199376 0.214724 0.175413 0.124974 0.0721394 0.0287636 0.00738795 0.00123961 0.000143918 1.216e-05 7.45691e-07 3.19649e-08 9.35779e-10 1.87658e-11 2.60042e-13 2.47489e-15
 1.40659e-11 1.5274e-09 9.77864e-08 3.69108e-06 8.21493e-05 0.00107827 0.00835356 0.0383046 0.104979 0.177616 0.203264 0.185322 0.14589 0.0880001 0.035728 0.00945142 0.00168962 0.000215886 2.01084e-05 1.32563e-06 5.95752e-08 1.79258e-09 3.59277e-11 4.767e-13 4.1423e-15
 1.51827e-11 1.64866e-09 1.0555e-07 3.98412e-06 8.86714e-05 0.00116387 0.00901595 0.041325 0.113048 0.189843 0.211937 0.182965 0.134733 0.0770232 0.0299002 0.00752635 0.00126318 0.000150464 1.32845e-05 8.60227e-07 3.93071e-08 1.2277e-09 2.56437e-11 3.51493e-13 3.10844e-15
 1.5813e-11 1.71711e-09 1.09932e-07 4.14955e-06 9.23539e-05 0.00121222 0.00939078 0.0430413 0.117677 0.196998 0.217209 0.181645 0.127897 0.0703887 0.0266232 0.00658907 0.00109263 0.00012804 1.09427e-05 6.72754e-07 2.88619e-08 8.47483e-10 1.68493e-11 2.23797e-13 1.95026e-15
 1.51017e-11 1.63988e-09 1.04988e-07 3.96299e-06 8.82062e-05 0.00115795 0.00897446 0.0411893 0.113062 0.191324 0.216118 0.187074 0.134189 0.0729572 0.0266119 0.00620452 0.000939601 9.7567e-05 7.34405e-06 4.06679e-07 1.61409e-08 4.44348e-10 8.28662e-12 1.02789e-13 8.34216e-16
 1.58344e-11 1.71944e-09 1.10082e-07 4.1553e-06 9.24871e-05 0.00121417 0.00941005 0.0431803 0.118397 0.199385 0.221551 0.184727 0.126183 0.0659825 0.0235176 0.00543636 0.00082673 8.647e-05 6.4328e-06 3.38992e-07 1.23316e-08 3.03915e-10 5.0424e-12 5.60508e-14 4.12846e-16
 1.59435e-11 1.73129e-09 1.10841e-07 4.18399e-06 9.31289e-05 0.00122271 0.00947846 0.0435195 0.119479 0.201649 0.224368 0.185846 0.124277 0.0629514 0.0215999 0.00476156 0.000679683 6.56224e-05 4.48891e-06 2.2057e-07 7.61995e-09 1.79737e-10 2.83437e-12 2.94401e-14 1.98805e-16
 1.65384e-11 1.7959e-09 1.14978e-07 4.34017e-06 9.66068e-05 0.00126841 0.00983309 0.0451449 0.123854 0.208295 0.228857 0.183883 0.117681 0.0572598 0.0190711 0.00411538 0.000577775 5.47586e-05 3.63144e-06 1.6955e-07 5.46163e-09 1.18742e-10 1.721e-12 1.6498e-14 1.03543e-16
 1.52804e-11 1.6593e-09 1.06234e-07 4.01029e-06 8.9275e-05 0.00117255 0.00909872 0.0418848 0.115737 0.198175 0.226152 0.191949 0.127973 0.0625881 0.0203648 0.00420685 0.000553522 4.80497e-05 2.8784e-06 1.21992e-07 3.62573e-09 7.36646e-11 1.00052e-12 8.94316e-15 5.19346e-17
 1.50852e-11 1.6381e-09 1.04878e-07 3.95923e-06 8.81457e-05 0.00115796 0.00899027 0.0414383 0.11483 0.197722 0.227393 0.193736 0.12823 0.0618249 0.0198846 0.0041018 0.000546682 4.85862e-05 2.96297e-06 1.24458e-07 3.53718e-09 6.67121e-11 8.26669e-13 6.70562e-15 3.54436e-17
 1.71992e-11 1.86766e-09 1.19575e-07 4.51392e-06 0.000100486 0.00131971 0.0102372 0.0470591 0.129355 0.217708 0.236951 0.18301 0.108283 0.0479739 0.0146524 0.00292831 0.000382075 3.34269e-05 2.01268e-06 8.36425e-08 2.35569e-09 4.3991e-11 5.36321e-13 4.22413e-15 2.12963e-17
 1.42459e-11 1.54699e-09 9.90496e-08 3.73964e-06 8.32815e-05 0.00109488 0.00851637 0.0394302 0.110386 0.19402 0.230276 0.201205 0.132112 0.060873 0.018191 0.00338671 0.00039117 2.86511e-05 1.38625e-06 4.63252e-08 1.09451e-09 1.81082e-11 2.03976e-13 1.521e-15 7.34607e-18
#spawning biomass
 8816.42 8366.01 6245.98 6681.51 10694.7 15254.8 21130.2 28435.9 43849.4 53837.5 81916.7 114571 146800 195882 194286 196242 199462 205970 195295 181209 190339 190439 191656 228474 254013 262719 264946 307685 273645 222788 299446 160535 79301.9 41691.2 26386.9 20644.8 18604.9 17907.6 17675.7 17600.2 17576 17568.3 17565.9 17565.1 17564.9 17564.8 17564.8 17564.8 17564.8 17564.8 17564.8 17564.8 17564.8 17564.8 17564.8 17564.8 17564.8 17564.8 17564.8 17564.8 17564.8 17564.8 17564.8 17564.8 17564.8 17564.8 17564.8 17564.8 17564.8 17564.8 17564.8 17564.8 17564.8 17564.8 17564.8 17564.8 17564.8 17564.8 17564.8 17564.8 17564.8 17564.8 17564.8 17564.8 17564.8 17564.8 17564.8 17564.8 17564.8 17564.8 17564.8 17564.8 17564.8 17564.8 17564.8 17564.8 17564.8 17564.8 17564.8 17564.8 17564.8 17564.8 17564.8 17564.8 17564.8 17564.8 17564.8 17564.8 17564.8 17564.8 17564.8 17564.8 17564.8 17564.8 17564.8 17564.8 17564.8 17564.8 17564.8 17564.8 17564.8 17564.8 17564.8 17564.8 17564.8 17564.8 17564.8 17564.8 17564.8 0 0 0 0 0 0 0 0 0 0 0 0 0 0 0 0 0 0 0 0 0 0 0 0 0
