SBPRF35
0.207897
Curr Bio
205360
B35
503171
F35
0.489514
FOFL
0.264843
OFL
54355.7
Bzero
59399.2
#pred survey bio
 35741.2 31077.1 23683.7 14633.3 22754.4 39249.5 67301 113182 163405 190769 159487 166982 178127 226743 211938 184863 181515 183145 201509 199680 212035 208256 218756 238531 216590 210657 189212 230238 1.08044e+07 8.27689e+06 5.76092e+06 3.60548e+06 2.21098e+06 1.41732e+06 992152 768964 651009 587144 551418 530753 518448 510956 506309 503351 501524 500388 499678 499233 498953 498777 498666 498596 498552 498524 498506 498495 498488 498484 498481 498479 498478 498477 498477 498477 498477 498476 498476 498476 498476 498476 498476 498476 498476 498476 498476 498476 498476 498476 498476 498476 498476 498476 498476 498476 498476 498476 498476 498476 498476 498476 498476 498476 498476 498476 498476 498476 498476 498476 498476 498476 498476 498476 498476 498476 498476 498476 498476 498476 498476 498476 498476 498476 498476 498476 498476 498476 498476 498476 498476 498476 498476 498476 498476 498476 498476 498476 498476 498476 0 0 0 0 0 0 0 0 0 0 0 0 0 0 0 0 0 0 0 0 0 0 0 0 0
#obs survey bio
 34958.9 26159.3 10363.8 14310.8 27412.7 59177 59532.9 116999 126071 209155 178633 187277 180264 151597 271428 164743 175946 178729 226144 206056 218802 260560 190800 251340 222606 222834 198431 291434
#pred catch bio
 17173.3 12484.2 12610.3 7249.74 10583.6 18895.7 35390.7 67138.8 101186 141051 119664 131814 130992 188909 183042 163253 167953 169710 193526 194113 213478 211856 229700 260020 234713 235540 213454 207637 54355.7 120892 79750 46603.2 26439.8 15830.1 10719 8396.43 7383.03 6953.58 6775.45 6702.74 6673.41 6661.7 6657.05 6655.2 6654.48 6654.21 6654.1 6654.06 6654.04 6654.04 6654.04 6654.03 6654.03 6654.03 6654.03 6654.03 6654.03 6654.03 6654.03 6654.03 6654.03 6654.03 6654.03 6654.03 6654.03 6654.03 6654.03 6654.03 6654.03 6654.03 6654.03 6654.03 6654.03 6654.03 6654.03 6654.03 6654.03 6654.03 6654.03 6654.03 6654.03 6654.03 6654.03 6654.03 6654.03 6654.03 6654.03 6654.03 6654.03 6654.03 6654.03 6654.03 6654.03 6654.03 6654.03 6654.03 6654.03 6654.03 6654.03 6654.03 6654.03 6654.03 6654.03 6654.03 6654.03 6654.03 6654.03 6654.03 6654.03 6654.03 6654.03 6654.03 6654.03 6654.03 6654.03 6654.03 6654.03 6654.03 6654.03 6654.03 6654.03 6654.03 6654.03 6654.03 6654.03 6654.03 6654.03 6654.03 0 0 0 0 0 0 0 0 0 0 0 0 0 0 0 0 0 0 0 0 0 0 0 0 0
#obs catch bio
 17403.2 12800.8 16412 7941.23 10447.9 17853.8 33270.9 62292.1 97416.7 145566 123840 125985 121821 189831 176427 170563 178923 161954 184511 192040 203178 184385 214466 245002 219003 211817 196548 198494
#pred cpue bio
 33996.8 30149.3 23348.6 13999.1 20893.9 36685.5 62379.4 104808 151528 178748 148438 153452 163416 208146 194251 169066 164519 165129 181468 179452 189826 185977 194782 211178 191572 186353 166526 201758 9.80764e+06 8.26338e+06 5.74744e+06 3.592e+06 2.1975e+06 1.40384e+06 978674 755485 637530 573665 537939 517274 504969 497477 492830 489872 488046 486910 486199 485754 485474 485298 485187 485117 485073 485045 485028 485016 485009 485005 485002 485000 484999 484999 484998 484998 484998 484998 484998 484998 484998 484997 484997 484997 484997 484997 484997 484997 484997 484997 484997 484997 484997 484997 484997 484997 484997 484997 484997 484997 484997 484997 484997 484997 484997 484997 484997 484997 484997 484997 484997 484997 484997 484997 484997 484997 484997 484997 484997 484997 484997 484997 484997 484997 484997 484997 484997 484997 484997 484997 484997 484997 484997 484997 484997 484997 484997 484997 484997 484997 0 0 0 0 0 0 0 0 0 0 0 0 0 0 0 0 0 0 0 0 0 0 0 0 0
#obs cpue bio
 23262.6 22898.5 12316.4 16184.4 22651 40725.9 82833 144716 191270 136900 113289 188081 210064 290922 183408 144332 133764 219110 197430 173324 234009 265882 278042 259577 241340 273732 215605 185538
#pred surv len freq
 1.5469e-11 1.67901e-09 1.07457e-07 4.05508e-06 9.02307e-05 0.00118387 0.00915963 0.0418061 0.112774 0.181516 0.182483 0.136702 0.105589 0.0845177 0.0561965 0.0325694 0.0191543 0.0116389 0.00735825 0.00497617 0.00366906 0.00298734 0.0025449 0.00194713 0.00113285
 1.08191e-11 1.17431e-09 7.51555e-08 2.83614e-06 6.3108e-05 0.000828029 0.00640741 0.0292658 0.0792382 0.129901 0.14173 0.135527 0.141392 0.129732 0.0895857 0.0521205 0.0292552 0.0156422 0.00808766 0.00433178 0.00252969 0.00168152 0.00125186 0.00090463 0.000522511
 6.55808e-12 7.11817e-10 4.55562e-08 1.71915e-06 3.82538e-05 0.000501938 0.00388473 0.0177587 0.048292 0.0808592 0.0960938 0.1115 0.138491 0.144759 0.123339 0.0957651 0.0658363 0.0376102 0.0186768 0.00860515 0.00389727 0.0019142 0.0011048 0.000692349 0.000378552
 1.54374e-11 1.67558e-09 1.07237e-07 4.04678e-06 9.00458e-05 0.00118143 0.00914036 0.0417081 0.112373 0.179771 0.175572 0.118275 0.0768173 0.0621272 0.0562306 0.0520034 0.04432 0.0326524 0.0202287 0.010264 0.00436942 0.00170022 0.000693203 0.000325012 0.000153384
 1.98965e-11 2.15958e-09 1.38213e-07 5.21571e-06 0.000116056 0.00152269 0.0117803 0.0537488 0.144737 0.230922 0.222527 0.141303 0.0772209 0.0468584 0.0270712 0.0142677 0.00901738 0.00708776 0.00543597 0.00349943 0.00179182 0.000727213 0.000248906 8.25399e-05 2.88808e-05
 1.70571e-11 1.85139e-09 1.18489e-07 4.47139e-06 9.9494e-05 0.0013054 0.0100999 0.0460946 0.124305 0.199772 0.199389 0.145441 0.106749 0.0805284 0.0476862 0.0213451 0.00867795 0.00379901 0.0020148 0.00129483 0.00079695 0.000393158 0.00014805 4.41111e-05 1.14991e-05
 1.83338e-11 1.98996e-09 1.27357e-07 4.80605e-06 0.000106941 0.0014031 0.0108554 0.0495351 0.133478 0.213672 0.209296 0.142253 0.0916906 0.0651147 0.0412184 0.0223889 0.0111985 0.00484139 0.00177333 0.000648751 0.000288526 0.00014389 6.24817e-05 2.06058e-05 5.09993e-06
 1.83427e-11 1.99092e-09 1.27419e-07 4.80838e-06 0.000106992 0.00140378 0.0108607 0.0495602 0.133558 0.213894 0.209959 0.143858 0.0940159 0.0664363 0.0400615 0.019776 0.00933329 0.00434819 0.00184371 0.000670854 0.000210367 6.55927e-05 2.30219e-05 7.79093e-06 2.06867e-06
 1.81218e-11 1.96694e-09 1.25884e-07 4.75047e-06 0.000105704 0.00138687 0.0107299 0.0489647 0.131968 0.211473 0.208171 0.144217 0.0963749 0.0691148 0.0416791 0.0202529 0.00914918 0.00396352 0.00158545 0.000589287 0.000195899 5.5253e-05 1.3663e-05 3.31734e-06 7.84305e-07
 1.67172e-11 1.81449e-09 1.16127e-07 4.38227e-06 9.75109e-05 0.00127939 0.00989859 0.0451769 0.121841 0.195905 0.195969 0.14415 0.107574 0.0828143 0.0510938 0.0250817 0.0113905 0.00488933 0.0018874 0.000660847 0.000209574 5.86996e-05 1.39979e-05 2.79299e-06 4.86674e-07
 1.7688e-11 1.91986e-09 1.22871e-07 4.63677e-06 0.000103174 0.00135368 0.0104732 0.0477946 0.128836 0.206622 0.204197 0.143628 0.0989649 0.0727611 0.0448116 0.0225411 0.010579 0.0046394 0.00180554 0.000626885 0.000192395 5.1263e-05 1.16952e-05 2.22478e-06 3.43502e-07
 1.9174e-11 2.08115e-09 1.33194e-07 5.02631e-06 0.000111841 0.0014674 0.0113527 0.0518025 0.139558 0.223156 0.217407 0.144529 0.0883908 0.0591464 0.0345826 0.0163552 0.00720237 0.00309293 0.00122439 0.000435594 0.000135192 3.56716e-05 7.88016e-06 1.43072e-06 2.08651e-07
 1.92551e-11 2.08996e-09 1.33757e-07 5.04757e-06 0.000112315 0.00147361 0.0114008 0.0520221 0.140154 0.224144 0.218537 0.145707 0.0895571 0.0596452 0.0337474 0.0146132 0.00560343 0.00212931 0.000775223 0.00026401 8.17123e-05 2.18934e-05 4.87373e-06 8.73937e-07 1.2329e-07
 1.91922e-11 2.08313e-09 1.3332e-07 5.03108e-06 0.000111948 0.00146879 0.0113635 0.0518522 0.139698 0.223433 0.217925 0.145527 0.0898034 0.060141 0.034367 0.0151921 0.00592624 0.00217858 0.000715589 0.000212988 5.91785e-05 1.49673e-05 3.28158e-06 5.90973e-07 8.34017e-08
 1.93334e-11 2.09846e-09 1.34301e-07 5.0681e-06 0.000112771 0.0014796 0.0114471 0.0522334 0.14072 0.225027 0.219288 0.145908 0.0892462 0.0591366 0.0332528 0.014178 0.00524754 0.00187067 0.000611408 0.000177633 4.54851e-05 1.01761e-05 1.99735e-06 3.37083e-07 4.64467e-08
 1.95547e-11 2.12247e-09 1.35838e-07 5.1261e-06 0.000114062 0.00149653 0.0115781 0.0528301 0.142316 0.227489 0.221256 0.146046 0.0876815 0.0571274 0.0317548 0.0132737 0.00473488 0.00161155 0.000501245 0.000139348 3.46528e-05 7.46747e-06 1.35645e-06 2.0512e-07 2.55355e-08
 2.04835e-11 2.22329e-09 1.4229e-07 5.36958e-06 0.00011948 0.00156761 0.0121278 0.0553347 0.149011 0.237764 0.229228 0.145821 0.0798652 0.0477929 0.0256385 0.0104623 0.0036055 0.00118168 0.000353829 9.38878e-05 2.21573e-05 4.54679e-06 7.90949e-07 1.1354e-07 1.30697e-08
 2.09585e-11 2.27484e-09 1.4559e-07 5.49409e-06 0.00012225 0.00160396 0.012409 0.0566157 0.152437 0.24304 0.233411 0.146001 0.0763181 0.0433181 0.0223857 0.00860924 0.00265898 0.000777365 0.000216457 5.4623e-05 1.23071e-05 2.40379e-06 3.964e-07 5.39794e-08 5.89969e-09
 2.10608e-11 2.28595e-09 1.463e-07 5.52091e-06 0.000122847 0.00161178 0.0124695 0.0568916 0.153175 0.244179 0.234322 0.146067 0.0755964 0.0423892 0.02169 0.00818708 0.00242062 0.000658915 0.000166995 3.75657e-05 7.6142e-06 1.37877e-06 2.14623e-07 2.76926e-08 2.866e-09
 2.12446e-11 2.3059e-09 1.47577e-07 5.56911e-06 0.000123919 0.00162585 0.0125783 0.0573874 0.1545 0.246214 0.235909 0.146048 0.0740885 0.0405664 0.0204655 0.00759146 0.00216483 0.000560257 0.00013495 2.84696e-05 5.26743e-06 8.52595e-07 1.18517e-07 1.39312e-08 1.34327e-09
 2.15911e-11 2.34351e-09 1.49984e-07 5.65994e-06 0.00012594 0.00165237 0.0127834 0.0583217 0.156997 0.250041 0.238853 0.145881 0.0710438 0.0369944 0.0182094 0.00665134 0.0018478 0.000460245 0.000106521 2.14571e-05 3.75019e-06 5.66856e-07 7.21411e-08 7.60656e-09 6.5479e-10
 2.18038e-11 2.36659e-09 1.51461e-07 5.71568e-06 0.000127181 0.00166864 0.0129093 0.0588951 0.15853 0.252394 0.240684 0.145847 0.0692799 0.0348704 0.0167924 0.00597451 0.00156757 0.000359085 7.7681e-05 1.49209e-05 2.49207e-06 3.58583e-07 4.30869e-08 4.23409e-09 3.3409e-10
 2.20552e-11 2.39388e-09 1.53208e-07 5.7816e-06 0.000128647 0.00168788 0.0130581 0.0595731 0.160341 0.25517 0.242814 0.145709 0.0670457 0.032262 0.0151621 0.00531507 0.00135768 0.000296585 6.05139e-05 1.08328e-05 1.67e-06 2.24042e-07 2.54463e-08 2.37064e-09 1.76411e-10
 2.25298e-11 2.4454e-09 1.56505e-07 5.90601e-06 0.000131416 0.0017242 0.013339 0.0608528 0.16376 0.260407 0.246824 0.145417 0.0627805 0.0273049 0.0120941 0.00411079 0.00100102 0.000201912 3.81835e-05 6.45781e-06 9.38936e-07 1.17515e-07 1.23488e-08 1.0647e-09 7.40224e-11
 2.26004e-11 2.45306e-09 1.56995e-07 5.92451e-06 0.000131827 0.0017296 0.0133808 0.0610431 0.164269 0.261189 0.247439 0.145428 0.0622284 0.0266213 0.0116129 0.00385384 0.000880816 0.00015627 2.55649e-05 3.87603e-06 5.14289e-07 5.93667e-08 5.81836e-09 4.67854e-10 3.01569e-11
 2.25876e-11 2.45166e-09 1.56906e-07 5.92114e-06 0.000131752 0.00172862 0.0133732 0.0610084 0.164176 0.261048 0.247332 0.145438 0.062348 0.0267587 0.0116956 0.00388338 0.000887027 0.000156396 2.4903e-05 3.52371e-06 4.14812e-07 4.15907e-08 3.60643e-09 2.62662e-10 1.55725e-11
 2.29945e-11 2.49583e-09 1.59733e-07 6.02781e-06 0.000134126 0.00175976 0.013614 0.0621055 0.167107 0.265533 0.250748 0.145132 0.0586058 0.0224526 0.00909069 0.00293138 0.000651437 0.000109064 1.63272e-05 2.22353e-06 2.55347e-07 2.45342e-08 1.95856e-09 1.26388e-10 6.5554e-12
 2.33241e-11 2.53161e-09 1.62022e-07 6.11422e-06 0.000136049 0.00178498 0.0138091 0.0629943 0.169481 0.269166 0.253515 0.144882 0.0555701 0.0189617 0.00698179 0.00216416 0.0004639 7.21322e-05 9.70341e-06 1.20849e-06 1.29594e-07 1.1723e-08 8.93334e-10 5.53186e-11 2.70261e-12
#obs surv len freq
 4.87645e-11 4.51933e-09 2.46962e-07 7.95746e-06 0.000151185 0.00169373 0.0111904 0.0436377 0.100864 0.141293 0.133088 0.114989 0.115743 0.110029 0.0890264 0.0643952 0.0402231 0.0207203 0.00883588 0.00307898 0.00083765 0.000169285 2.4365e-05 2.41324e-06 1.59977e-07
 2.63673e-11 2.35685e-09 1.24219e-07 3.86039e-06 7.07417e-05 0.000764497 0.00487566 0.0184183 0.0420122 0.0633698 0.0840423 0.125845 0.169374 0.169684 0.134908 0.0931895 0.0540601 0.0253413 0.00984514 0.00319049 0.000822386 0.000158411 2.16438e-05 2.01638e-06 1.24392e-07
 1.72635e-11 1.48575e-09 7.53967e-08 2.25605e-06 3.98062e-05 0.000414229 0.0025448 0.00927899 0.02064 0.0317149 0.0470174 0.0808859 0.128429 0.17175 0.19148 0.161383 0.0955009 0.0406172 0.0135253 0.00375297 0.000853902 0.000149697 1.89685e-05 1.65138e-06 9.52227e-08
 2.67505e-10 2.21308e-08 1.07956e-06 3.10517e-05 0.000526635 0.0052665 0.0310545 0.107977 0.22142 0.268036 0.192553 0.0847508 0.0280296 0.0147602 0.0147229 0.0137079 0.00959921 0.00498537 0.00191213 0.00053693 0.000110858 1.69293e-05 1.88226e-06 1.46838e-07 7.71743e-09
 1.66839e-10 1.32478e-08 6.20261e-07 1.71236e-05 0.000278749 0.00267592 0.0151568 0.0507993 0.102248 0.132715 0.141857 0.166451 0.177639 0.12853 0.0577649 0.017012 0.00439461 0.00156308 0.000637459 0.000205149 4.616e-05 7.06515e-06 7.30661e-07 5.08462e-08 2.3591e-09
 4.44316e-10 3.38136e-08 1.51732e-06 4.01469e-05 0.000626345 0.00576197 0.0312579 0.100039 0.189326 0.214473 0.154592 0.0902396 0.0646452 0.0564941 0.0462823 0.0294749 0.0126529 0.00341856 0.000588955 7.46457e-05 9.28227e-06 1.18862e-06 1.20583e-07 8.23732e-09 3.61631e-10
 5.18296e-10 3.77522e-08 1.62142e-06 4.10614e-05 0.00061315 0.00539906 0.028043 0.0860599 0.157388 0.179009 0.150452 0.130631 0.117221 0.0809013 0.0400343 0.0160901 0.00582979 0.00179167 0.000417668 6.84344e-05 7.58051e-06 5.76351e-07 3.27284e-08 1.51472e-09 5.52428e-11
 8.64351e-10 6.01819e-08 2.47075e-06 5.98107e-05 0.000853731 0.00718575 0.0356721 0.104567 0.182096 0.194239 0.145092 0.106114 0.0881643 0.0657333 0.040347 0.0201813 0.00746286 0.00186858 0.000316423 3.91619e-05 3.85317e-06 2.97319e-07 1.64794e-08 6.15316e-10 1.52931e-11
 9.94401e-10 6.61041e-08 2.59109e-06 5.98862e-05 0.000816145 0.00655919 0.0311035 0.0872685 0.146972 0.159106 0.140415 0.136387 0.126194 0.0880368 0.0469378 0.020668 0.00723966 0.00185089 0.00033535 4.34108e-05 4.01745e-06 2.63349e-07 1.22083e-08 4.00459e-10 9.13634e-12
 1.22583e-09 7.77146e-08 2.9051e-06 6.4034e-05 0.000832267 0.00637951 0.028863 0.0774077 0.125753 0.136564 0.132459 0.143808 0.139969 0.104255 0.0618728 0.0292296 0.00992876 0.00223945 0.000333619 3.46107e-05 2.67821e-06 1.5801e-07 6.83234e-09 2.05184e-10 4.13114e-12
 2.53875e-09 1.53335e-07 5.46069e-06 0.000114668 0.00141983 0.0103672 0.0446607 0.11378 0.173547 0.168144 0.12877 0.109309 0.0972621 0.0738323 0.0463554 0.0226433 0.00773641 0.00175426 0.000266767 2.8219e-05 2.12348e-06 1.12971e-07 4.18494e-09 1.07111e-10 1.88224e-12
 3.59861e-09 2.06861e-07 7.01147e-06 0.000140129 0.0016514 0.0114773 0.047079 0.114422 0.168049 0.163153 0.137631 0.128561 0.108112 0.0680772 0.0333448 0.0132834 0.00401851 0.000853406 0.00012573 1.31914e-05 9.97634e-07 5.33381e-08 1.95576e-09 4.80485e-11 7.78841e-13
 5.3343e-09 2.91573e-07 9.39733e-06 0.000178588 0.00200127 0.0132263 0.0515994 0.119375 0.167571 0.158075 0.134012 0.126218 0.10586 0.0681214 0.0348564 0.0140272 0.00401166 0.000755439 9.28987e-05 7.79494e-06 4.75158e-07 2.17136e-08 7.27178e-10 1.70239e-11 2.67425e-13
 7.5829e-09 3.9379e-07 1.20582e-05 0.000217717 0.002318 0.0145563 0.0539807 0.118953 0.160605 0.151234 0.136024 0.132914 0.109485 0.0683079 0.0338925 0.0131501 0.00360967 0.000654431 7.79604e-05 6.30759e-06 3.58862e-07 1.44741e-08 4.07948e-10 7.91554e-12 1.04822e-13
 1.06621e-08 5.25652e-07 1.52807e-05 0.000261927 0.00264753 0.0157858 0.0556141 0.116751 0.152121 0.144594 0.138692 0.139397 0.11327 0.0697608 0.0342159 0.0128789 0.00335703 0.00056996 6.29967e-05 4.70426e-06 2.47462e-07 9.29259e-09 2.44391e-10 4.37682e-12 5.22479e-14
 1.61625e-08 7.5595e-07 2.0848e-05 0.000339025 0.00325108 0.0183917 0.0615001 0.122768 0.153358 0.143417 0.138558 0.137308 0.108694 0.0658089 0.0317188 0.0115185 0.00284515 0.000452615 4.64501e-05 3.18911e-06 1.52883e-07 5.21021e-09 1.24465e-10 2.03182e-12 2.22018e-14
 2.59924e-08 1.15265e-06 3.01394e-05 0.000464696 0.00422508 0.022663 0.071868 0.136165 0.16199 0.145658 0.13609 0.129189 0.0976201 0.0565792 0.0260503 0.00897078 0.00209029 0.000313143 3.02512e-05 1.952e-06 8.75015e-08 2.76448e-09 6.06354e-11 9.01444e-13 8.92236e-15
 4.12374e-08 1.73295e-06 4.29408e-05 0.000627409 0.00540589 0.0274799 0.0825993 0.148455 0.16808 0.145136 0.131087 0.119947 0.0880886 0.0503884 0.0229128 0.00770773 0.00175314 0.000260635 2.57042e-05 1.73443e-06 8.12282e-08 2.60612e-09 5.59545e-11 7.90845e-13 7.30203e-15
 5.80054e-08 2.30902e-06 5.41973e-05 0.000750116 0.00612262 0.0294909 0.0840991 0.144252 0.15984 0.144335 0.13999 0.127676 0.0887382 0.0471206 0.0198148 0.00619437 0.00131686 0.000183903 1.71589e-05 1.10875e-06 5.05626e-08 1.60697e-09 3.46123e-11 4.92848e-13 4.5569e-15
 8.0569e-08 3.03705e-06 6.75035e-05 0.000884724 0.00683873 0.0312047 0.0844246 0.138357 0.150677 0.142259 0.145351 0.132589 0.0912471 0.0484947 0.0201734 0.00605437 0.00120468 0.000154485 1.30145e-05 7.50981e-07 3.06591e-08 8.85657e-10 1.76735e-11 2.37173e-13 2.09546e-15
 1.35336e-07 4.82968e-06 0.000101628 0.00126101 0.0092278 0.0398583 0.102035 0.15786 0.160759 0.139145 0.131028 0.114363 0.0782387 0.0422252 0.0175975 0.00516395 0.000995846 0.000124629 1.0375e-05 5.93253e-07 2.35788e-08 6.42727e-10 1.17682e-11 1.42665e-13 1.13543e-15
 1.88213e-07 6.35791e-06 0.00012664 0.00148746 0.0103048 0.0421583 0.102455 0.152067 0.154538 0.143171 0.141554 0.119569 0.0758458 0.0374566 0.0144229 0.00399303 0.000743838 9.23116e-05 7.80701e-06 4.5835e-07 1.85623e-08 5.06975e-10 9.14478e-12 1.07488e-13 8.15537e-16
 2.84231e-07 9.08798e-06 0.000171339 0.00190487 0.0124916 0.0483862 0.111456 0.157541 0.15497 0.14225 0.13815 0.113025 0.0698344 0.0336416 0.0123855 0.00318494 0.000535834 5.84313e-05 4.26074e-06 2.1708e-07 7.90255e-09 2.02672e-10 3.54284e-12 4.09277e-14 3.05431e-16
 3.8235e-07 1.15714e-05 0.000206496 0.00217305 0.0134911 0.0495151 0.108488 0.148336 0.14901 0.14824 0.148544 0.117713 0.0690116 0.0313535 0.0108411 0.00261112 0.000410561 4.16566e-05 2.79648e-06 1.28735e-07 4.143e-09 9.25495e-11 1.40721e-12 1.43108e-14 9.60015e-17
 5.28399e-07 1.51371e-05 0.000255696 0.00254716 0.0149719 0.0520639 0.108455 0.143041 0.144437 0.14911 0.150333 0.118285 0.0701204 0.0323382 0.01105 0.00255645 0.000380485 3.6348e-05 2.29224e-06 9.87755e-08 2.95473e-09 6.07196e-11 8.38762e-13 7.64854e-15 4.5485e-17
 7.71288e-07 2.09166e-05 0.000334479 0.00315434 0.0175545 0.0578283 0.11439 0.144633 0.143483 0.147583 0.146086 0.113263 0.067335 0.0311198 0.0104683 0.00236402 0.000346743 3.33687e-05 2.16426e-06 9.61286e-08 2.90209e-09 5.83505e-11 7.67948e-13 6.55217e-15 3.60272e-17
 1.18745e-06 3.04886e-05 0.000461597 0.00412155 0.0217192 0.0677799 0.127268 0.153898 0.148444 0.148593 0.139632 0.100766 0.0550644 0.0233031 0.0072006 0.00149588 0.000201195 1.7677e-05 1.04887e-06 4.32605e-08 1.24281e-09 2.43353e-11 3.16141e-13 2.66681e-15 1.43781e-17
 1.52734e-06 3.71329e-05 0.00053235 0.00450143 0.0224746 0.0665935 0.119847 0.143931 0.148339 0.159417 0.149107 0.103037 0.0533759 0.0212893 0.00616254 0.0011932 0.000148753 1.20192e-05 6.49316e-07 2.41719e-08 6.24793e-10 1.10449e-11 1.30657e-13 1.01589e-15 5.11813e-18
#pred catch len freq
 1.54061e-11 1.67219e-09 1.0702e-07 4.03859e-06 8.98637e-05 0.00117905 0.0091224 0.0416364 0.11232 0.180815 0.181918 0.136649 0.106009 0.0850581 0.0565913 0.0328019 0.0192913 0.0117222 0.00741092 0.00501179 0.00369532 0.00300872 0.00256311 0.00196107 0.00114095
 1.05921e-11 1.14967e-09 7.35787e-08 2.77664e-06 6.1784e-05 0.000810659 0.00627306 0.0286535 0.0776003 0.127375 0.139709 0.135382 0.142988 0.131771 0.0910813 0.0529996 0.0297492 0.0159064 0.00822426 0.00440494 0.00257242 0.00170992 0.00127301 0.000919909 0.000531336
 6.59453e-12 7.15773e-10 4.58094e-08 1.72871e-06 3.84664e-05 0.000504727 0.0039063 0.017857 0.0485554 0.0812681 0.096434 0.111567 0.138302 0.144479 0.123087 0.0955682 0.0657009 0.0375329 0.0186384 0.00858745 0.00388925 0.00191027 0.00110252 0.000690925 0.000377773
 1.54033e-11 1.67188e-09 1.07e-07 4.03786e-06 8.98473e-05 0.00117883 0.00912021 0.0416163 0.112127 0.179386 0.175241 0.118175 0.0769328 0.0623321 0.0564436 0.0522038 0.044491 0.0327784 0.0203068 0.0103036 0.00438628 0.00170678 0.000695878 0.000326266 0.000153976
 1.98395e-11 2.15339e-09 1.37817e-07 5.20077e-06 0.000115723 0.00151832 0.0117466 0.053595 0.144326 0.230287 0.222019 0.141266 0.0776176 0.0473532 0.0274115 0.0144533 0.00913516 0.00718036 0.005507 0.00354515 0.00181523 0.000736714 0.000252158 8.36183e-05 2.92582e-05
 1.7003e-11 1.84551e-09 1.18113e-07 4.4572e-06 9.91783e-05 0.00130126 0.0100678 0.0459486 0.123915 0.199172 0.198923 0.145451 0.107199 0.081066 0.048037 0.021505 0.00874316 0.00382756 0.00202994 0.00130456 0.000802941 0.000396114 0.000149163 4.44427e-05 1.15856e-05
 1.83547e-11 1.99222e-09 1.27502e-07 4.81153e-06 0.000107062 0.00140469 0.0108677 0.0495914 0.133629 0.213904 0.209479 0.14226 0.0915326 0.0649169 0.0410768 0.0223103 0.0111591 0.00482435 0.00176709 0.000646468 0.000287511 0.000143383 6.22618e-05 2.05333e-05 5.08198e-06
 1.84713e-11 2.00488e-09 1.28312e-07 4.8421e-06 0.000107743 0.00141362 0.0109368 0.049907 0.134485 0.215319 0.211076 0.143864 0.092991 0.0651878 0.039213 0.0193477 0.00913054 0.00425371 0.00180365 0.000656277 0.000205796 6.41674e-05 2.25217e-05 7.62164e-06 2.02372e-06
 1.82983e-11 1.98611e-09 1.2711e-07 4.79675e-06 0.000106734 0.00140038 0.0108344 0.0494408 0.133241 0.213429 0.209701 0.144214 0.0949507 0.0673854 0.0405096 0.0196724 0.00888615 0.00384954 0.00153985 0.000572341 0.000190266 5.36641e-05 1.32701e-05 3.22194e-06 7.61751e-07
 1.71776e-11 1.86447e-09 1.19326e-07 4.50298e-06 0.000100197 0.00131462 0.0101711 0.0464186 0.125161 0.201007 0.199961 0.144148 0.103868 0.0783077 0.0480371 0.0235549 0.0106955 0.00459091 0.0017722 0.000620511 0.000196782 5.51168e-05 1.31435e-05 2.62252e-06 4.56969e-07
 1.8127e-11 1.96752e-09 1.25921e-07 4.75186e-06 0.000105735 0.00138728 0.010733 0.0489786 0.132001 0.211489 0.208015 0.143661 0.0954841 0.068501 0.0418863 0.02104 0.00987256 0.00432953 0.00168494 0.000585013 0.000179544 4.78389e-05 1.0914e-05 2.07618e-06 3.20559e-07
 1.95953e-11 2.12688e-09 1.3612e-07 5.13674e-06 0.000114299 0.00149963 0.0116021 0.0529385 0.142594 0.227821 0.221047 0.144494 0.0849511 0.0549922 0.0318028 0.0150064 0.00660616 0.00283681 0.001123 0.000399523 0.000123997 3.27176e-05 7.2276e-06 1.31224e-06 1.91372e-07
 1.9582e-11 2.12544e-09 1.36028e-07 5.13326e-06 0.000114221 0.00149862 0.0115943 0.0529035 0.142509 0.227758 0.221333 0.145602 0.0867687 0.0563371 0.0316101 0.0136635 0.00523773 0.00199028 0.000724605 0.000246772 7.63769e-05 2.04639e-05 4.5555e-06 8.16874e-07 1.15239e-07
 1.9686e-11 2.13673e-09 1.3675e-07 5.16053e-06 0.000114828 0.00150658 0.0116558 0.0531839 0.143257 0.228894 0.222157 0.145389 0.0856189 0.0551568 0.0311177 0.0137186 0.00534913 0.00196634 0.000645873 0.000192237 5.3413e-05 1.35091e-05 2.96187e-06 5.33398e-07 7.52763e-08
 1.98671e-11 2.15638e-09 1.38008e-07 5.20799e-06 0.000115884 0.00152043 0.011763 0.0536723 0.144565 0.230925 0.223844 0.145713 0.0846554 0.0537053 0.0297618 0.01265 0.00467957 0.0016681 0.000545198 0.000158397 4.05595e-05 9.07412e-06 1.78106e-06 3.0058e-07 4.1417e-08
 2.0099e-11 2.18155e-09 1.39619e-07 5.26879e-06 0.000117237 0.00153818 0.0119003 0.0542978 0.146239 0.233503 0.225895 0.145822 0.0829594 0.051559 0.0281995 0.0117463 0.00418756 0.00142517 0.000443273 0.000123231 3.0645e-05 6.6038e-06 1.19956e-06 1.81396e-07 2.25821e-08
 2.09856e-11 2.27778e-09 1.45778e-07 5.50119e-06 0.000122408 0.00160603 0.012425 0.0566884 0.152628 0.243309 0.233498 0.145594 0.0754779 0.0426349 0.022366 0.00908083 0.00312668 0.00102464 0.000306805 8.14101e-05 1.92126e-05 3.94252e-06 6.85832e-07 9.84509e-08 1.13327e-08
 2.14015e-11 2.32293e-09 1.48667e-07 5.61024e-06 0.000124834 0.00163786 0.0126712 0.0578103 0.155629 0.24793 0.237161 0.145748 0.0723653 0.0387118 0.0195188 0.00746335 0.00230262 0.000673086 0.000187419 4.72951e-05 1.06561e-05 2.08132e-06 3.43221e-07 4.67379e-08 5.10822e-09
 2.15301e-11 2.33688e-09 1.4956e-07 5.64394e-06 0.000125584 0.0016477 0.0127473 0.058157 0.156556 0.249357 0.238287 0.14578 0.0713814 0.0374902 0.0186582 0.0069964 0.00206603 0.000562297 0.000142506 3.20569e-05 6.49762e-06 1.17658e-06 1.83149e-07 2.36316e-08 2.44572e-09
 2.17008e-11 2.35542e-09 1.50746e-07 5.68869e-06 0.00012658 0.00166076 0.0128483 0.0586174 0.157786 0.251247 0.239758 0.145755 0.0699697 0.0357897 0.0175239 0.00645359 0.00183783 0.000475536 0.000114541 2.4164e-05 4.47081e-06 7.23653e-07 1.00593e-07 1.18243e-08 1.14012e-09
 2.20305e-11 2.3912e-09 1.53037e-07 5.77512e-06 0.000128503 0.00168599 0.0130435 0.0595064 0.160162 0.254887 0.242557 0.145589 0.0670629 0.0323845 0.0153798 0.00556788 0.00154415 0.000384514 8.89914e-05 1.7926e-05 3.13303e-06 4.7357e-07 6.02691e-08 6.35477e-09 5.47033e-10
 2.22182e-11 2.41157e-09 1.5434e-07 5.82432e-06 0.000129598 0.00170035 0.0131546 0.0600125 0.161515 0.256964 0.244171 0.145554 0.0654978 0.0305044 0.0141316 0.00497833 0.00130365 0.000298536 6.45804e-05 1.24045e-05 2.07179e-06 2.98109e-07 3.58204e-08 3.52002e-09 2.77746e-10
 2.24546e-11 2.43723e-09 1.55982e-07 5.88628e-06 0.000130977 0.00171844 0.0132945 0.0606498 0.163217 0.259573 0.246172 0.14542 0.0633903 0.0280476 0.0126011 0.00436511 0.00111238 0.000242905 4.95591e-05 8.87167e-06 1.36768e-06 1.83483e-07 2.08397e-08 1.94147e-09 1.44475e-10
 2.28692e-11 2.48223e-09 1.58863e-07 5.99498e-06 0.000133395 0.00175017 0.0135399 0.0617678 0.166204 0.264147 0.249673 0.145161 0.0596584 0.0237131 0.00992237 0.00331822 0.000805312 0.000162344 3.06987e-05 5.1919e-06 7.54878e-07 9.44791e-08 9.92806e-09 8.55992e-10 5.95119e-11
 2.2922e-11 2.48796e-09 1.59229e-07 6.0088e-06 0.000133703 0.00175421 0.0135711 0.06191 0.166585 0.264733 0.250135 0.145173 0.0592514 0.0232059 0.00956088 0.00312072 0.000710778 0.000126023 2.06149e-05 3.12551e-06 4.14707e-07 4.78715e-08 4.69175e-09 3.77263e-10 2.43176e-11
 2.29327e-11 2.48913e-09 1.59304e-07 6.01163e-06 0.000133766 0.00175504 0.0135775 0.0619391 0.166663 0.264851 0.250225 0.145165 0.0591521 0.023092 0.00949262 0.00309632 0.000704611 0.000124149 1.97665e-05 2.79689e-06 3.2925e-07 3.30119e-08 2.86254e-09 2.08483e-10 1.23604e-11
 2.32602e-11 2.52467e-09 1.61578e-07 6.09746e-06 0.000135676 0.00178009 0.0137712 0.0628219 0.169021 0.26846 0.252974 0.144918 0.0561406 0.019627 0.00739673 0.00233066 0.000515344 8.61991e-05 1.29024e-05 1.7571e-06 2.01783e-07 1.93877e-08 1.54772e-09 9.98758e-11 5.18029e-12
 2.34446e-11 2.54469e-09 1.6286e-07 6.14581e-06 0.000136751 0.00179421 0.0138804 0.0633192 0.170349 0.270494 0.254524 0.144783 0.0544491 0.0176782 0.00621441 0.00189452 0.000404577 6.28629e-05 8.45552e-06 1.05306e-06 1.12927e-07 1.02152e-08 7.78439e-10 4.82039e-11 2.35502e-12
#obs catch len freq
 4.61642e-11 4.27834e-09 2.33793e-07 7.53314e-06 0.000143123 0.00160342 0.0105938 0.0413126 0.095509 0.133928 0.126747 0.111029 0.114093 0.111911 0.095097 0.0721429 0.0463962 0.0242664 0.010401 0.00361236 0.000977496 0.000197709 2.87877e-05 2.91308e-06 1.98365e-07
 6.7155e-11 6.00269e-09 3.16374e-07 9.83201e-06 0.000180167 0.00194675 0.0124058 0.0466678 0.104136 0.141372 0.131116 0.114937 0.116754 0.109806 0.0879292 0.0628824 0.0386002 0.0194955 0.00812904 0.0027516 0.000721299 0.000139379 1.90487e-05 1.78075e-06 1.1085e-07
 3.74886e-11 3.22639e-09 1.63728e-07 4.89913e-06 8.64401e-05 0.000899452 0.00552389 0.0201056 0.0443126 0.0653568 0.0868578 0.129977 0.171248 0.167787 0.13153 0.0895472 0.0508955 0.0233545 0.00887632 0.00279653 0.000694359 0.000127724 1.65445e-05 1.4527e-06 8.40668e-08
 2.52179e-11 2.08628e-09 1.01771e-07 2.9273e-06 4.96499e-05 0.000496672 0.00293365 0.0102922 0.0221102 0.0332913 0.0494972 0.0848205 0.132656 0.174871 0.190837 0.155915 0.0892597 0.0368917 0.0119904 0.00323909 0.000711326 0.000119193 1.43162e-05 1.17379e-06 6.34338e-08
 3.85113e-10 3.05796e-08 1.43174e-06 3.9526e-05 0.000643411 0.00617563 0.0349514 0.116642 0.229581 0.266786 0.184118 0.0782256 0.0257341 0.0142739 0.0143371 0.0130127 0.00884035 0.00444523 0.00164538 0.000444631 8.81101e-05 1.28542e-05 1.35616e-06 9.97051e-08 4.91123e-09
 2.48186e-10 1.88876e-08 8.47546e-07 2.24253e-05 0.000349875 0.00321911 0.017477 0.0561665 0.108608 0.136549 0.144188 0.167456 0.173111 0.12015 0.0518261 0.0148327 0.00386701 0.00140218 0.000559 0.000172348 3.691e-05 5.35701e-06 5.23526e-07 3.42937e-08 1.49147e-09
 6.59464e-10 4.80348e-08 2.06304e-06 5.22452e-05 0.000780141 0.00686905 0.0356662 0.10926 0.197977 0.215026 0.149566 0.0859949 0.0617436 0.0535611 0.0429612 0.0263934 0.0108292 0.00279073 0.000461223 5.7095e-05 7.01977e-06 8.68695e-07 8.3363e-08 5.34453e-09 2.19442e-10
 7.83237e-10 5.45342e-08 2.23889e-06 5.4198e-05 0.00077362 0.0065117 0.032332 0.0948696 0.16605 0.181559 0.148781 0.127394 0.111141 0.0739832 0.0355856 0.014069 0.00500712 0.00149373 0.000334703 5.23812e-05 5.52832e-06 4.01255e-07 2.18166e-08 9.62258e-10 3.30631e-11
 1.30995e-09 8.70806e-08 3.41331e-06 7.88892e-05 0.00107511 0.00863967 0.0409506 0.114629 0.190749 0.19506 0.14135 0.101991 0.0831179 0.0604394 0.0362718 0.0176156 0.00625539 0.00149793 0.000243402 2.90817e-05 2.76085e-06 2.03664e-07 1.0697e-08 3.76754e-10 8.81272e-12
 1.54988e-09 9.82581e-08 3.67305e-06 8.09609e-05 0.00105226 0.00806518 0.0364757 0.0976317 0.157041 0.163168 0.139845 0.132238 0.117984 0.0795299 0.041349 0.0177589 0.00601006 0.00147546 0.000256369 3.17844e-05 2.80905e-06 1.75337e-07 7.71972e-09 2.39623e-10 5.14876e-12
 1.94073e-09 1.17216e-07 4.17439e-06 8.76578e-05 0.00108541 0.00792637 0.034168 0.0873399 0.135472 0.141405 0.133443 0.140695 0.13214 0.0955208 0.0552543 0.0252261 0.00819355 0.00176052 0.000250373 2.49062e-05 1.85069e-06 1.04369e-07 4.28338e-09 1.21411e-10 2.29854e-12
 3.98892e-09 2.29297e-07 7.77194e-06 0.000155327 0.00183048 0.0127209 0.0521584 0.126498 0.183826 0.170274 0.125859 0.103774 0.0895205 0.0661842 0.0404343 0.0190061 0.00619613 0.00133842 0.000194243 1.9633e-05 1.40917e-06 7.1261e-08 2.5013e-09 6.04882e-11 1.00101e-12
 5.71426e-09 3.12341e-07 1.00667e-05 0.000191308 0.0021438 0.0141679 0.0552646 0.127758 0.178667 0.165838 0.134747 0.121111 0.0976489 0.0593425 0.0282798 0.010918 0.00316892 0.000642808 9.05098e-05 9.07847e-06 6.54479e-07 3.32001e-08 1.15024e-09 2.6614e-11 4.05194e-13
 8.53222e-09 4.4309e-07 1.35678e-05 0.000244972 0.00260814 0.0163769 0.0607051 0.133471 0.178244 0.160551 0.130741 0.118168 0.0951093 0.059213 0.029425 0.011397 0.00310477 0.000554847 6.48634e-05 5.19523e-06 3.02972e-07 1.32071e-08 4.19348e-10 9.25465e-12 1.36468e-13
 1.22793e-08 6.05381e-07 1.75984e-05 0.000301653 0.003049 0.0181773 0.0639986 0.133924 0.171855 0.154199 0.132495 0.12355 0.0974767 0.0588078 0.0283047 0.0105535 0.0027569 0.000474164 5.36574e-05 4.13308e-06 2.23859e-07 8.57171e-09 2.28557e-10 4.18311e-12 5.21037e-14
 1.75094e-08 8.18945e-07 2.25853e-05 0.000367276 0.00352193 0.0199223 0.0665895 0.132644 0.164051 0.14808 0.134792 0.128726 0.100135 0.0596428 0.028317 0.0102096 0.00252636 0.000406171 4.25859e-05 3.02521e-06 1.51483e-07 5.39949e-09 1.34214e-10 2.26326e-12 2.53639e-14
 2.67021e-08 1.18412e-06 3.09623e-05 0.000477383 0.0043404 0.0232806 0.073811 0.139702 0.165409 0.146348 0.133428 0.1253 0.0949632 0.0556006 0.0258822 0.00897719 0.00210059 0.00031592 3.07065e-05 2.00252e-06 9.12813e-08 2.95124e-09 6.66187e-11 1.02386e-12 1.05015e-14
 4.24631e-08 1.78446e-06 4.42171e-05 0.000646056 0.00556652 0.0282955 0.0850362 0.152706 0.172226 0.146778 0.129825 0.116992 0.0846798 0.047446 0.0210723 0.00692172 0.00152639 0.000216016 1.97494e-05 1.2093e-06 5.14809e-08 1.54096e-09 3.19008e-11 4.4612e-13 4.1426e-15
 6.74151e-08 2.68359e-06 6.29891e-05 0.000871787 0.00711527 0.0342614 0.0975502 0.166056 0.177914 0.144872 0.122995 0.106514 0.074945 0.0414382 0.0181422 0.00581303 0.00125169 0.000176083 1.64639e-05 1.05417e-06 4.67546e-08 1.41551e-09 2.85873e-11 3.79213e-13 3.28018e-15
 9.59964e-08 3.61858e-06 8.04288e-05 0.00105411 0.00814737 0.0371608 0.100338 0.162868 0.170312 0.143971 0.130264 0.112065 0.0744716 0.0381653 0.0154427 0.00459742 0.000925083 0.000122239 1.08168e-05 6.63729e-07 2.86885e-08 8.60722e-10 1.74326e-11 2.32702e-13 2.01215e-15
 1.34285e-07 4.79219e-06 0.00010084 0.00125122 0.00915636 0.0395528 0.101291 0.156987 0.161026 0.141818 0.135096 0.116457 0.0767745 0.0393608 0.0157018 0.00447237 0.000840184 0.000101728 8.11347e-06 4.44289e-07 1.72026e-08 4.69667e-10 8.82154e-12 1.11038e-13 9.17577e-16
 2.2215e-07 7.50431e-06 0.000149474 0.00175561 0.0121609 0.0497199 0.120456 0.176206 0.16894 0.136238 0.119435 0.0986002 0.064742 0.0336771 0.0134167 0.00372913 0.000678826 8.02643e-05 6.32693e-06 3.42775e-07 1.28799e-08 3.3078e-10 5.68918e-12 6.46404e-14 4.81175e-16
 3.14911e-07 1.00689e-05 0.000189833 0.00211043 0.0138384 0.0535807 0.123172 0.172489 0.163712 0.139065 0.126655 0.10078 0.0611989 0.0291026 0.0107213 0.00281573 0.000496049 5.82721e-05 4.6704e-06 2.59531e-07 9.91478e-09 2.54548e-10 4.30446e-12 4.73319e-14 3.35317e-16
 4.76136e-07 1.44098e-05 0.000257143 0.0027059 0.016795 0.0615648 0.1341 0.178577 0.163191 0.136083 0.121143 0.0933132 0.0551864 0.0255416 0.00896413 0.00217949 0.00034572 3.55959e-05 2.45827e-06 1.18805e-07 4.09419e-09 9.89602e-11 1.6232e-12 1.75351e-14 1.22057e-16
 6.48829e-07 1.8587e-05 0.000313969 0.00312748 0.018378 0.0638268 0.132161 0.169765 0.157089 0.140923 0.129652 0.0968603 0.0543314 0.0236874 0.0077999 0.00177503 0.000262977 2.51662e-05 1.59714e-06 6.95807e-08 2.11581e-09 4.45147e-11 6.35431e-13 6.05038e-15 3.79078e-17
 8.97353e-07 2.43353e-05 0.000389144 0.00366968 0.0204178 0.0671867 0.132224 0.163559 0.151576 0.141273 0.131524 0.0979597 0.0556461 0.0245736 0.00797022 0.00173882 0.000243635 2.19418e-05 1.30738e-06 5.32681e-08 1.50383e-09 2.90689e-11 3.76531e-13 3.21171e-15 1.78286e-17
 1.33168e-06 3.41916e-05 0.000517653 0.0046218 0.0243487 0.0758883 0.141651 0.167097 0.149862 0.13678 0.124232 0.0911266 0.0518669 0.02289 0.0072938 0.00155322 0.000214772 1.95157e-05 1.19615e-06 5.01328e-08 1.42377e-09 2.68496e-11 3.30696e-13 2.63592e-15 1.35179e-17
 2.02943e-06 4.93396e-05 0.000707325 0.00598 0.0298339 0.088084 0.155971 0.175469 0.151956 0.134198 0.115451 0.07868 0.0410925 0.0165907 0.00485369 0.000950246 0.000120402 9.98476e-06 5.60196e-07 2.18353e-08 5.91015e-10 1.0862e-11 1.3202e-13 1.03932e-15 5.21909e-18
#spawning biomass
 34211.3 30258.9 23386.3 14078.1 21127 37001.9 62991.8 105849 153003 180230 149807 155140 165250 210464 196456 171038 166648 167390 183983 181992 192619 188780 197801 214628 194728 189420 169392 205360 283779 382063 252057 147185 83389.7 49821.7 33650.7 26302.5 23096.2 21737.4 21173.9 20943.8 20851 20814 20799.3 20793.4 20791.2 20790.3 20789.9 20789.8 20789.8 20789.7 20789.7 20789.7 20789.7 20789.7 20789.7 20789.7 20789.7 20789.7 20789.7 20789.7 20789.7 20789.7 20789.7 20789.7 20789.7 20789.7 20789.7 20789.7 20789.7 20789.7 20789.7 20789.7 20789.7 20789.7 20789.7 20789.7 20789.7 20789.7 20789.7 20789.7 20789.7 20789.7 20789.7 20789.7 20789.7 20789.7 20789.7 20789.7 20789.7 20789.7 20789.7 20789.7 20789.7 20789.7 20789.7 20789.7 20789.7 20789.7 20789.7 20789.7 20789.7 20789.7 20789.7 20789.7 20789.7 20789.7 20789.7 20789.7 20789.7 20789.7 20789.7 20789.7 20789.7 20789.7 20789.7 20789.7 20789.7 20789.7 20789.7 20789.7 20789.7 20789.7 20789.7 20789.7 20789.7 20789.7 20789.7 20789.7 0 0 0 0 0 0 0 0 0 0 0 0 0 0 0 0 0 0 0 0 0 0 0 0 0
