SBPRF35
0.112866
Curr Bio
80.15
B35
364.355
F35
0.844259
FOFL
0.326434
OFL
9.51437
Bzero
32247.4
#pred survey bio
 2079.31 1681.43 1317.57 1081.57 915.319 815.948 746.569 704.37 678.97 654.749 642.738 641.35 632.985 630.519 631.963 636.32 647.287 654.864 658.439 657.365 658.443 664.596 665.264 658.843 650.663 645.048 645.91 641.585 646.44 650.604 647.403 647.741 641.837 641.692 640.923 633.194 628.58 618.801 614.391 599.819 588.306 572.289 551.606 525.766 494.876 477.92 458.98 453.684 436.019 431.227 421.157 412.935 394.572 378.614 370.767 362.111 358.258 354.24 354.358 357.411 349.783 338.589 334.171 337.022 328.177 329.117 331.389 321.048 319.04 320.959 324.528 323.006 318.927 334.943 340.459 347.171 344.825 326.694 339.711 362.77 370.457 379.387 377.555 385.785 387.963 391.955 394.399 375.251 366.645 357.369 363.66 362.47 370.255 386.407 370.742 328.355 247.128 60.0934 79.1334 5286.25 41832.2 119445 191292 230342 249193 258525 263491 266346 268088 269189 269899 270361 270663 270861 270990 271073 271127 271162 271185 271200 271209 271215 271219 271222 271224 271225 271226 271226 271226 271227 271227 271227 271227 271227 271227 271227 271227 271227 271227 271227 271227 271227 271227 271227 271227 271227 271227 271227 271227 271227 271227 271227 271227 271227 271227 271227 271227 271227 271227 271227 271227 271227 271227 271227 271227 271227 271227 271227 271227 271227 271227 271227 271227 271227 271227 271227 271227 271227 271227 271227 271227 271227 271227 271227 271227 271227 271227 271227 271227 271227 271227 271227 271227 271227 271227 271227 271227 271227 271227 0 0 0 0 0 0 0 0 0 0 0 0 0 0 0 0 0 0 0 0 0 0 0 0 0
#obs survey bio
 750.917 732.664 632.777 439.518 412.662 587.79 429.762 333.891 367.545 497.134 404.514 380.106 419.714 410.61 410.11 417.467 451.939 477.455 442.183 401.002 576.385 422.181 489.501 398.338 393.544 544.433 529.553 398.624 512.949 351.644 354.229 416.349 439.748 584.789 300.592 491.595 472.745 321.73 298.625 331.406 344.913 538.44 311.19 255.709 345.936 284.127 329.962 338.482 314.86 377.803 249.586 211.11 246.29 183.266 271.527 289.194 302.476 266.503 186.224 155.18 193.585 241.412 222.968 200.378 239.389 202.98 203.214 175.327 190.876 310.813 199.205 257.08 186.594 154.212 214.066 270.219 253.917 231.922 243.148 271.488 256.778 249.873 208.874 215.804 196.658 344.42 279.804 274.781 171.681 200.408 278.112 216.584 337.553 300.184 246.642 282.119 205.59 40.6493 44.2197
#pred catch bio
 117.412 167.058 120.444 108.383 83.6492 79.6632 70.2843 64.4234 69.4794 63.871 58.2003 66.8439 64.0345 62.6452 62.3352 58.0979 60.8417 62.9747 65.2309 61.7301 55.3364 57.9117 62.9431 64.7317 63.4853 58.8351 64.2421 57.4391 58.6635 65.6384 62.6779 67.3709 61.5792 61.0215 65.9759 61.5723 63.6788 56.8889 64.3287 61.4753 65.5247 70.6537 77.6262 86.3751 79.6654 86.1768 78.1221 90.9239 82.0185 87.3417 85.6769 94.0963 93.2968 88.4999 90.8021 87.7918 88.8818 87.0202 86.2996 96.1118 99.5361 94.4129 88.8441 99.0409 92.0429 92.2839 104.934 102.31 104.477 107.989 116.755 124.191 114.255 128.964 132.76 141.587 155.777 138.489 142.634 164.196 167.81 178.399 172.027 177.821 177.466 178.905 192.119 178.758 178.648 168.27 175.258 171.845 169.83 191.607 190.433 181.976 230.582 53.4005 38.212 9.51437 141.73 1055.33 2480.53 3200.02 3474.45 3569.26 3600.16 3609.83 3612.77 3613.65 3613.9 3613.98 3614 3614.01 3614.01 3614.01 3614.01 3614.01 3614.01 3614.01 3614.01 3614.01 3614.01 3614.01 3614.01 3614.01 3614.01 3614.01 3614.01 3614.01 3614.01 3614.01 3614.01 3614.01 3614.01 3614.01 3614.01 3614.01 3614.01 3614.01 3614.01 3614.01 3614.01 3614.01 3614.01 3614.01 3614.01 3614.01 3614.01 3614.01 3614.01 3614.01 3614.01 3614.01 3614.01 3614.01 3614.01 3614.01 3614.01 3614.01 3614.01 3614.01 3614.01 3614.01 3614.01 3614.01 3614.01 3614.01 3614.01 3614.01 3614.01 3614.01 3614.01 3614.01 3614.01 3614.01 3614.01 3614.01 3614.01 3614.01 3614.01 3614.01 3614.01 3614.01 3614.01 3614.01 3614.01 3614.01 3614.01 3614.01 3614.01 3614.01 3614.01 3614.01 3614.01 3614.01 3614.01 3614.01 3614.01 0 0 0 0 0 0 0 0 0 0 0 0 0 0 0 0 0 0 0 0 0 0 0 0 0
#obs catch bio
 0 171.172 123.856 113.003 87.4816 84.0969 74.1903 68.055 74.1803 67.889 61.5255 71.783 68.5598 66.9787 66.6561 61.84 64.98 67.2694 69.7994 65.7638 58.2363 61.1182 66.714 68.8621 67.6688 62.258 68.5189 60.8692 62.081 70.3744 66.9696 72.4805 65.5825 64.7227 70.7162 65.6327 68.0579 60.1134 68.8179 65.488 70.2688 75.666 83.7452 94.565 86.2295 94.4478 84.5058 99.6253 88.4045 94.1473 92.0815 102.049 100.469 95.8355 98.5742 94.2334 95.1617 92.3608 91.8069 103.415 107.811 101.207 94.1573 105.836 97.1672 97.7427 112.261 110.318 111.029 112.787 123.131 130.44 120.646 135.974 138.565 146.08 160.599 140.815 144.211 166.071 170.482 184.818 177.763 184.094 181.776 178.926 194.198 181.791 181.908 171.291 178.432 173.285 168.443 192.09 192.596 182.047 225.281 50.7101 36.9228
#pred cpue bio
 1923.22 1542.33 1186.46 953.281 788.409 689.831 621.73 580.505 555.715 531.931 519.328 516.674 507.637 504.625 504.896 507.112 516.121 523.332 527.788 528.118 530.26 537.179 538.85 533.265 525.408 519.722 520.143 515.448 519.382 522.565 519.044 519.824 515.297 516.189 516.193 509.751 507.442 500.685 498.495 485.763 475.628 461.289 442.168 417.375 386.678 368.54 348.55 342.43 325.273 320.291 310.872 304.184 287.797 272.288 263.656 254.673 250.857 246.561 245.25 246.551 238.786 228.388 224.138 226.561 217.808 217.662 218.623 206.691 200.549 197.068 195.882 190.233 180.907 189.248 188.567 190.052 186.868 168.617 170.959 179.48 177.861 181.701 178.612 184.183 185.777 188.444 190.659 177.743 173.99 165.626 168.056 166.437 169.427 179.381 170.296 154.97 121.991 10.0389 7.93252 1327.62 5028.22 38501.6 102684 141333 160167 169498 174464 177319 179061 180162 180872 181335 181636 181834 181963 182046 182100 182135 182158 182173 182182 182188 182192 182195 182197 182198 182199 182199 182199 182200 182200 182200 182200 182200 182200 182200 182200 182200 182200 182200 182200 182200 182200 182200 182200 182200 182200 182200 182200 182200 182200 182200 182200 182200 182200 182200 182200 182200 182200 182200 182200 182200 182200 182200 182200 182200 182200 182200 182200 182200 182200 182200 182200 182200 182200 182200 182200 182200 182200 182200 182200 182200 182200 182200 182200 182200 182200 182200 182200 182200 182200 182200 182200 182200 182200 182200 182200 182200 182200 0 0 0 0 0 0 0 0 0 0 0 0 0 0 0 0 0 0 0 0 0 0 0 0 0
#obs cpue bio
 867.627 567.495 311.506 519.196 275.361 308.502 345.747 349.33 367.189 281.543 287.824 225.036 250.023 274.511 270.205 221.195 260.685 302.268 307.633 321.443 408.77 350.878 353.286 289.525 250.707 290.288 255.69 223.555 365.234 215.357 279.974 297.504 345.399 323.387 255.941 235.764 309.325 448.844 343.018 342.263 282.697 397.919 300.66 241.014 239.863 168.689 172.719 178.089 180.59 173.005 172.725 198.575 212.216 118.017 126.06 148.562 122.284 157.111 144.361 179.319 134.61 137.792 149.636 150.221 149.113 127.685 139.14 99.813 194.917 157.751 124.244 139.696 98.2172 214.104 190.913 200.352 192.115 189.173 210.765 229.887 184.514 142.377 184.272 199.505 275.28 291.591 216.441 179.412 264.035 213.044 189.91 248.906 247.962 220.676 211.09 216.309 209.111 31.1843 23.0734
#pred surv len freq
 7.19289e-027 8.3482e-021 1.79244e-015 5.25013e-011 2.0978e-007 0.000114348 0.00850285 0.0862524 0.119359 0.0229804 0.0181798 0.0941592 0.0694272 0.0270536 0.0783944 0.0502849 0.0548367 0.0537636 0.0527537 0.0508172 0.0503513 0.0498615 0.0525232 0.0459066 0.0144783
 7.71777e-027 9.27657e-021 1.99177e-015 5.83398e-011 2.33109e-007 0.000127065 0.00944842 0.0958443 0.132632 0.0254961 0.0186381 0.0962661 0.0709413 0.0265438 0.0758309 0.0487377 0.0535999 0.0521911 0.0501713 0.0478174 0.0470312 0.045902 0.0467847 0.0417339 0.0142625
 8.40253e-027 1.04882e-020 2.25192e-015 6.59596e-011 2.63555e-007 0.000143661 0.0106825 0.108363 0.149955 0.0288085 0.0203795 0.105132 0.0773989 0.0268353 0.0744562 0.0471357 0.0485325 0.0470928 0.0452914 0.0424413 0.0410197 0.0395398 0.0393424 0.0350301 0.0124199
 8.91512e-027 1.13954e-020 2.4467e-015 7.16649e-011 2.86352e-007 0.000156087 0.0116065 0.117735 0.162925 0.0312945 0.0219154 0.113012 0.0831776 0.0282117 0.0775581 0.0482973 0.0459117 0.0433601 0.0394425 0.0367248 0.0350049 0.0330242 0.0321903 0.0282988 0.0101531
 9.31789e-027 1.21084e-020 2.59978e-015 7.61488e-011 3.04268e-007 0.000165853 0.0123327 0.125102 0.173119 0.0332488 0.0231369 0.119281 0.0877799 0.0294265 0.0804969 0.0498274 0.0458883 0.0422059 0.0355452 0.031337 0.0289604 0.0268222 0.0254754 0.0219791 0.00786853
 9.51718e-027 1.24613e-020 2.67556e-015 7.83684e-011 3.13137e-007 0.000170687 0.0126922 0.128749 0.178166 0.0342218 0.0239638 0.123574 0.0909367 0.030424 0.0831536 0.0513823 0.046874 0.0427147 0.0347511 0.0287547 0.0246058 0.0218139 0.0201268 0.0169259 0.0059999
 9.66508e-027 1.27233e-020 2.73182e-015 8.00161e-011 3.19721e-007 0.000174276 0.012959 0.131455 0.181912 0.0349407 0.0244442 0.126047 0.0927578 0.0310756 0.0849817 0.0524421 0.0474975 0.043135 0.0346786 0.0279202 0.0223123 0.0180825 0.0158192 0.0128712 0.00449428
 9.76503e-027 1.29004e-020 2.76985e-015 8.11301e-011 3.24172e-007 0.000176702 0.0131394 0.133286 0.184444 0.0354245 0.0246805 0.127245 0.09364 0.0313767 0.085812 0.0529826 0.0481192 0.0436288 0.0348337 0.0277721 0.0215142 0.0160315 0.0127138 0.00981925 0.00336
 9.82282e-027 1.30029e-020 2.79185e-015 8.17745e-011 3.26747e-007 0.000178106 0.0132438 0.134344 0.185909 0.0357052 0.0248498 0.128113 0.094276 0.031517 0.0861123 0.0531807 0.048363 0.0438901 0.0351117 0.0278614 0.021308 0.0151575 0.0107585 0.00759772 0.00252278
 9.92433e-027 1.31827e-020 2.83045e-015 8.2905e-011 3.31264e-007 0.000180568 0.0134269 0.136202 0.188479 0.0361945 0.0250249 0.128983 0.0949099 0.031549 0.0859901 0.0530058 0.0477278 0.0432746 0.0346216 0.0275086 0.0209648 0.0145962 0.00952287 0.00595675 0.0018808
 1.00075e-026 1.333e-020 2.86208e-015 8.38316e-011 3.34966e-007 0.000182586 0.013577 0.137724 0.190586 0.036594 0.025108 0.129373 0.0951932 0.0315457 0.0858672 0.0528924 0.0474404 0.0428917 0.0340369 0.0270135 0.0205998 0.0142432 0.00882864 0.00487699 0.00142598
 1.00295e-026 1.33689e-020 2.87043e-015 8.40762e-011 3.35944e-007 0.000183119 0.0136166 0.138126 0.191142 0.0367015 0.0252094 0.1299 0.0955782 0.031584 0.0858676 0.0528992 0.0474782 0.0428942 0.0339226 0.0267541 0.0203084 0.0140226 0.0084694 0.00422129 0.00112127
 1.00586e-026 1.34204e-020 2.8815e-015 8.44002e-011 3.37238e-007 0.000183824 0.013669 0.138658 0.191878 0.0368465 0.0254448 0.131141 0.0964851 0.0317171 0.0860323 0.0528804 0.046882 0.0422971 0.033406 0.0262741 0.0198169 0.0136038 0.00811532 0.00376204 0.000906032
 1.00705e-026 1.34415e-020 2.88602e-015 8.45328e-011 3.37768e-007 0.000184113 0.0136905 0.138876 0.19218 0.0369038 0.0254604 0.131217 0.0965464 0.0318983 0.0867116 0.0532574 0.0470112 0.0422646 0.0330336 0.0259163 0.0194868 0.0132828 0.0078409 0.00346997 0.000768641
 1.01331e-026 1.35524e-020 2.90984e-015 8.52304e-011 3.40556e-007 0.000185633 0.0138035 0.140022 0.193766 0.0372002 0.0253511 0.13059 0.0960857 0.0317466 0.0863016 0.0530715 0.0471646 0.0423823 0.0329746 0.0256615 0.0191598 0.0129996 0.00759584 0.00325894 0.000678817
 1.01779e-026 1.36317e-020 2.92686e-015 8.57289e-011 3.42547e-007 0.000186718 0.0138842 0.140841 0.194899 0.0374163 0.025445 0.131064 0.096424 0.0315807 0.0855268 0.0525977 0.0467648 0.0421 0.032938 0.0255717 0.0189358 0.012734 0.00737756 0.00309465 0.000618074
 1.0112e-026 1.35151e-020 2.90183e-015 8.49957e-011 3.39618e-007 0.000185121 0.0137655 0.139636 0.193232 0.0371054 0.0255848 0.131855 0.0970077 0.0318216 0.0862364 0.0529831 0.0468604 0.0421822 0.0330615 0.0257768 0.019096 0.0127268 0.00729315 0.0030067 0.000583385
 1.00293e-026 1.33687e-020 2.8704e-015 8.40752e-011 3.3594e-007 0.000183116 0.0136164 0.138124 0.19114 0.0367107 0.025585 0.13191 0.097059 0.032125 0.0873951 0.0536966 0.0474907 0.0426865 0.0332984 0.0259753 0.0193147 0.0128701 0.00729636 0.00296047 0.000562479
 9.9632e-027 1.32517e-020 2.84528e-015 8.33394e-011 3.33e-007 0.000181514 0.0134972 0.136915 0.189467 0.0363928 0.0254932 0.131463 0.0967376 0.0322435 0.0879815 0.0541457 0.0483146 0.0434577 0.0338762 0.0263344 0.0195497 0.0130664 0.00738074 0.00295125 0.000551196
 9.93873e-027 1.32085e-020 2.83599e-015 8.30673e-011 3.31912e-007 0.000180921 0.0134532 0.136468 0.188848 0.0362733 0.025385 0.1309 0.0963262 0.03219 0.087934 0.0541788 0.0486488 0.04388 0.0344579 0.0268024 0.0198412 0.0132385 0.00748369 0.00296456 0.000545419
 9.92733e-027 1.31883e-020 2.83166e-015 8.29407e-011 3.31406e-007 0.000180645 0.0134327 0.13626 0.18856 0.0362155 0.025247 0.130169 0.0957903 0.0320635 0.0876503 0.0540691 0.0488677 0.0441835 0.0349326 0.027342 0.0203174 0.013524 0.00763462 0.00301194 0.000547746
 9.87358e-027 1.30932e-020 2.81125e-015 8.23427e-011 3.29017e-007 0.000179343 0.0133358 0.135278 0.187201 0.0359565 0.0251506 0.129689 0.0954386 0.031994 0.0875181 0.0540722 0.0492832 0.0446843 0.0355914 0.0280255 0.0209905 0.0140332 0.00790742 0.00311062 0.000561588
 9.86079e-027 1.30706e-020 2.8064e-015 8.22005e-011 3.28449e-007 0.000179033 0.0133128 0.135044 0.186878 0.0358932 0.0250584 0.129204 0.0950832 0.0319154 0.0873498 0.0539676 0.0491882 0.0446944 0.035872 0.0284281 0.02147 0.0144816 0.00818904 0.00321391 0.000577626
 9.89941e-027 1.3139e-020 2.82107e-015 8.26303e-011 3.30166e-007 0.000179969 0.0133824 0.13575 0.187855 0.0360778 0.0250701 0.129241 0.0951055 0.0317783 0.0868074 0.0535992 0.0486937 0.044221 0.0354869 0.0282756 0.021541 0.0146784 0.00837492 0.00329173 0.000589905
 9.95176e-027 1.32316e-020 2.84095e-015 8.32128e-011 3.32494e-007 0.000181238 0.0134767 0.136707 0.189179 0.0363297 0.0251515 0.129642 0.0953948 0.0317151 0.0864486 0.053302 0.0480598 0.0435733 0.0348507 0.027752 0.0212337 0.0146212 0.00844187 0.00334086 0.000598577
 9.98226e-027 1.32855e-020 2.85254e-015 8.3552e-011 3.33849e-007 0.000181977 0.0135317 0.137264 0.18995 0.0364776 0.0252434 0.130114 0.0957391 0.0317491 0.0864469 0.0532475 0.0477494 0.0431851 0.034306 0.027226 0.0207975 0.0143976 0.00841762 0.00336907 0.000605906
 9.99407e-027 1.33065e-020 2.85703e-015 8.36835e-011 3.34375e-007 0.000182263 0.013553 0.13748 0.190249 0.0365331 0.0252109 0.129932 0.0956081 0.0317805 0.0866197 0.0533654 0.0479067 0.0432784 0.0342207 0.0270089 0.0205148 0.0141854 0.00836262 0.00339257 0.000614973
 1.0025e-026 1.33612e-020 2.86877e-015 8.40275e-011 3.35749e-007 0.000183013 0.0136087 0.138046 0.191031 0.0366836 0.0253243 0.130518 0.0960332 0.0317418 0.0863048 0.0531438 0.0475781 0.0429713 0.0339631 0.026713 0.0201579 0.0138503 0.00817661 0.00335602 0.000615041
 1.00346e-026 1.33781e-020 2.87241e-015 8.4134e-011 3.36175e-007 0.000183245 0.0136259 0.138221 0.191273 0.0367271 0.0252389 0.130055 0.0956973 0.0317731 0.0865556 0.053298 0.0477115 0.0430752 0.0340034 0.0267332 0.0201115 0.0137159 0.00805662 0.00332739 0.000616749
 1.00305e-026 1.33708e-020 2.87084e-015 8.40883e-011 3.35992e-007 0.000183145 0.0136185 0.138145 0.191169 0.0367089 0.0252962 0.130364 0.0959205 0.0317241 0.0862805 0.0531705 0.0478016 0.0431696 0.0340663 0.0267574 0.0201062 0.0136569 0.00796006 0.00328588 0.000614263
 1.00296e-026 1.33692e-020 2.87049e-015 8.4078e-011 3.35951e-007 0.000183122 0.0136168 0.138129 0.191146 0.0367084 0.0254499 0.131187 0.0965234 0.0318473 0.0865238 0.0532118 0.047317 0.0427244 0.0337989 0.0265485 0.0199299 0.0135098 0.00782768 0.00321413 0.000602954
 9.96658e-027 1.32577e-020 2.84656e-015 8.3377e-011 3.3315e-007 0.000181596 0.0135033 0.136977 0.189552 0.036409 0.0254971 0.131481 0.0967465 0.0321179 0.0874892 0.0538047 0.0478313 0.0430687 0.0337728 0.026541 0.0199472 0.0135061 0.00779657 0.0031808 0.000595813
 9.95639e-027 1.32397e-020 2.84269e-015 8.32637e-011 3.32697e-007 0.000181349 0.013485 0.136791 0.189295 0.036359 0.0254421 0.131194 0.0965401 0.0321861 0.0878342 0.0540402 0.0481505 0.0433512 0.0339282 0.0264876 0.0198295 0.0134373 0.00774126 0.00314099 0.000585711
 9.94269e-027 1.32155e-020 2.83749e-015 8.31115e-011 3.32089e-007 0.000181017 0.0134603 0.136541 0.188949 0.0362902 0.0253048 0.130468 0.0960096 0.0321049 0.0877258 0.0540751 0.0486735 0.0438996 0.0344553 0.0268751 0.0200063 0.0134913 0.00776741 0.00313959 0.000582355
 9.93937e-027 1.32096e-020 2.83624e-015 8.30746e-011 3.31942e-007 0.000180937 0.0134544 0.13648 0.188865 0.0362732 0.0252562 0.13021 0.0958171 0.0319721 0.0872849 0.0538436 0.0486665 0.0440286 0.034876 0.0272953 0.0203253 0.0136288 0.00781113 0.00314927 0.000581487
 9.91395e-027 1.31646e-020 2.82657e-015 8.27915e-011 3.3081e-007 0.00018032 0.0134085 0.136015 0.188221 0.0361559 0.0254215 0.131111 0.0964751 0.0320488 0.0873278 0.0537948 0.0482629 0.0436714 0.0347158 0.027361 0.0205115 0.0137549 0.00783717 0.0031463 0.000578918
 9.81603e-027 1.29913e-020 2.78936e-015 8.17017e-011 3.26456e-007 0.000177947 0.013232 0.134225 0.185744 0.0356887 0.0254275 0.131208 0.0965574 0.0323873 0.0886107 0.0545728 0.048893 0.0441577 0.0349101 0.0275631 0.0208089 0.0140578 0.00800019 0.00319323 0.000585377
 9.80885e-027 1.29787e-020 2.78665e-015 8.16221e-011 3.26138e-007 0.000177773 0.0132191 0.134094 0.185562 0.0356489 0.0252045 0.13002 0.0956923 0.0323584 0.088834 0.0547969 0.0495067 0.044722 0.0352783 0.0277353 0.0209209 0.0142404 0.00815266 0.00324363 0.00059189
 9.79803e-027 1.29596e-020 2.78254e-015 8.15019e-011 3.25658e-007 0.000177512 0.0131996 0.133896 0.185289 0.0355934 0.0250496 0.129198 0.0950859 0.0321051 0.0880873 0.0544932 0.0499962 0.0453396 0.0360609 0.0283428 0.0212956 0.0144895 0.00835913 0.00333428 0.000606157
 9.86707e-027 1.30817e-020 2.80878e-015 8.22703e-011 3.28728e-007 0.000179185 0.0133241 0.135159 0.187036 0.0359242 0.0251015 0.12943 0.0952464 0.0318764 0.0871345 0.0538032 0.048891 0.0444651 0.0358167 0.0283659 0.0213851 0.0145029 0.00838329 0.00336424 0.000611381
 9.87603e-027 1.30976e-020 2.81217e-015 8.23698e-011 3.29125e-007 0.000179402 0.0133402 0.135322 0.187262 0.035971 0.0252603 0.130274 0.0958625 0.0319417 0.0871488 0.0537249 0.0483966 0.0438712 0.0350951 0.0280212 0.02137 0.0145543 0.00840151 0.00338534 0.000617116
 9.91828e-027 1.31723e-020 2.82822e-015 8.28398e-011 3.31003e-007 0.000180426 0.0134163 0.136094 0.188331 0.036175 0.0253562 0.130759 0.0962192 0.0320508 0.0874325 0.0537909 0.0479248 0.0432875 0.0343033 0.027214 0.0208188 0.0143545 0.0083199 0.00335686 0.000614261
 1.00071e-026 1.33294e-020 2.86195e-015 8.38277e-011 3.34951e-007 0.000182577 0.0135763 0.137717 0.190577 0.036603 0.0255236 0.131596 0.0968274 0.032031 0.087119 0.0535123 0.0472586 0.0425102 0.0332885 0.0261825 0.0198566 0.0137328 0.00804763 0.00325897 0.000598014
 1.01653e-026 1.36093e-020 2.92206e-015 8.55884e-011 3.41986e-007 0.000186412 0.0138615 0.14061 0.19458 0.0373648 0.0257885 0.13291 0.0977798 0.0319601 0.0864717 0.0529203 0.0457946 0.0409981 0.0317545 0.0247202 0.0185138 0.0126923 0.00747723 0.00305446 0.00056234
 1.03975e-026 1.40201e-020 3.01025e-015 8.81715e-011 3.52307e-007 0.000192038 0.0142798 0.144854 0.200452 0.0384837 0.0262198 0.135064 0.0993429 0.031851 0.0854385 0.0519976 0.0435833 0.0386668 0.0293011 0.022553 0.0166619 0.0112552 0.00658927 0.00271131 0.000502099
 1.05425e-026 1.42765e-020 3.06531e-015 8.97842e-011 3.58751e-007 0.000195551 0.014541 0.147503 0.204119 0.0391839 0.026556 0.136768 0.100586 0.0319634 0.0853917 0.051779 0.0424623 0.0373005 0.0274425 0.0207051 0.0149991 0.00996012 0.00574377 0.00236091 0.000440007
 1.06689e-026 1.45001e-020 3.11332e-015 9.11905e-011 3.6437e-007 0.000198614 0.0147688 0.149813 0.207316 0.0397999 0.0270609 0.139385 0.102494 0.0321019 0.0851885 0.0514268 0.0410482 0.0357475 0.0256646 0.018895 0.0132831 0.00860346 0.00485933 0.0019757 0.000369095
 1.06471e-026 1.44615e-020 3.10503e-015 9.09477e-011 3.634e-007 0.000198085 0.0147294 0.149414 0.206764 0.0397018 0.0272976 0.140666 0.103443 0.0325997 0.0867542 0.0522809 0.0412675 0.0356832 0.0250027 0.0180331 0.0122886 0.00767817 0.00420839 0.00167744 0.000311879
 1.07582e-026 1.4658e-020 3.14722e-015 9.21834e-011 3.68337e-007 0.000200776 0.0149296 0.151445 0.209573 0.0402382 0.0275492 0.141939 0.10437 0.032618 0.0864647 0.0519559 0.040267 0.034625 0.0238724 0.0168892 0.0111815 0.00672779 0.00353633 0.00136706 0.00025081
 1.07798e-026 1.46962e-020 3.15543e-015 9.24238e-011 3.69298e-007 0.0002013 0.0149685 0.15184 0.21012 0.0403427 0.0276038 0.142217 0.104577 0.0327624 0.0869453 0.0522344 0.0404249 0.0346269 0.0235055 0.0164107 0.010616 0.00616407 0.00309133 0.00114407 0.000205038
 1.07877e-026 1.47101e-020 3.1584e-015 9.2511e-011 3.69647e-007 0.00020149 0.0149826 0.151983 0.210318 0.0403882 0.0279202 0.143904 0.105807 0.0328611 0.0868524 0.0520965 0.0399161 0.0341255 0.0230564 0.0159197 0.0101078 0.00570319 0.00273174 0.000958598 0.00016584
 1.07497e-026 1.46429e-020 3.14398e-015 9.20884e-011 3.67958e-007 0.000200569 0.0149142 0.151289 0.209357 0.0402101 0.0280453 0.144599 0.106325 0.0332272 0.0880725 0.0527322 0.0399187 0.0340073 0.022763 0.0156426 0.00982261 0.00541585 0.002494 0.000827165 0.000136628
 1.09069e-026 1.4921e-020 3.20368e-015 9.38372e-011 3.74946e-007 0.000204378 0.0151974 0.154162 0.213333 0.0409604 0.0280547 0.144546 0.106277 0.0329556 0.0870334 0.0519933 0.0387793 0.0328666 0.021668 0.0147569 0.00918224 0.00499203 0.00222759 0.000700815 0.000109753
 1.1088e-026 1.52416e-020 3.27252e-015 9.58534e-011 3.83002e-007 0.000208769 0.0155239 0.157474 0.217916 0.0418303 0.0282601 0.145525 0.106975 0.0325429 0.0851586 0.0507278 0.0371185 0.0312821 0.0202999 0.0136512 0.0083705 0.00449465 0.00196248 0.000590394 8.75758e-005
 1.11847e-026 1.54125e-020 3.30922e-015 9.69286e-011 3.87298e-007 0.000211111 0.0156981 0.15924 0.220361 0.0422974 0.0284941 0.146713 0.107837 0.0324829 0.0845892 0.0502197 0.0359046 0.0300616 0.0191633 0.0127165 0.00766073 0.00404177 0.00173287 0.00050373 7.11075e-005
 1.12193e-026 1.54738e-020 3.32237e-015 9.73135e-011 3.88836e-007 0.00021195 0.0157604 0.159873 0.221236 0.0424729 0.028901 0.148868 0.109408 0.0326203 0.084513 0.0499973 0.0348587 0.0289502 0.0180211 0.011771 0.00695356 0.00359238 0.00150724 0.000426196 5.77446e-005
 1.12333e-026 1.54984e-020 3.32767e-015 9.74688e-011 3.89456e-007 0.000212288 0.0157856 0.160128 0.221589 0.04254 0.0289233 0.148978 0.109497 0.0328784 0.085479 0.0504843 0.0347629 0.028686 0.017443 0.0111765 0.00644309 0.00325034 0.00132928 0.00036573 4.79309e-005
 1.13266e-026 1.56635e-020 3.36312e-015 9.85071e-011 3.93605e-007 0.000214549 0.0159537 0.161834 0.22395 0.0429837 0.0288593 0.148574 0.109195 0.0326337 0.0846455 0.0500044 0.0344945 0.0283941 0.0170343 0.0107312 0.00602284 0.00295117 0.00117172 0.00031278 3.97829e-005
 1.13997e-026 1.57929e-020 3.39089e-015 9.93207e-011 3.96856e-007 0.000216321 0.0160855 0.16317 0.225799 0.0433336 0.028896 0.148722 0.109294 0.0323994 0.0836969 0.0494121 0.0339313 0.027927 0.0167704 0.0104824 0.00576771 0.00274031 0.00105044 0.00027088 3.34142e-005
 1.1398e-026 1.57899e-020 3.39024e-015 9.93016e-011 3.9678e-007 0.00021628 0.0160824 0.163139 0.225756 0.0433296 0.0290597 0.149599 0.109934 0.0324516 0.0836516 0.049325 0.0335694 0.027577 0.0164991 0.0103105 0.00564149 0.00262092 0.000968494 0.00023992 2.86045e-005
 1.14173e-026 1.58239e-020 3.39754e-015 9.95155e-011 3.97634e-007 0.000216745 0.016117 0.16349 0.226242 0.0434328 0.029509 0.15199 0.111676 0.0325428 0.0833295 0.048923 0.032233 0.0263037 0.0155341 0.00965758 0.00526859 0.00242914 0.000872933 0.000207238 2.37601e-005
 1.15024e-026 1.59745e-020 3.42989e-015 1.00463e-010 4.0142e-007 0.000218809 0.0162705 0.165047 0.228396 0.0438432 0.0296723 0.152808 0.112273 0.0326066 0.0833421 0.0487077 0.0309599 0.0249821 0.0142793 0.00874738 0.00471954 0.00216472 0.000767438 0.000175794 1.93167e-005
 1.15503e-026 1.60593e-020 3.44808e-015 1.00996e-010 4.0355e-007 0.00021997 0.0163568 0.165922 0.229607 0.044072 0.0296782 0.152808 0.112272 0.0325818 0.0832458 0.0486453 0.0308823 0.0247586 0.0136981 0.00817557 0.00428731 0.00193833 0.000680786 0.000152443 1.61097e-005
 1.15196e-026 1.6005e-020 3.43642e-015 1.00654e-010 4.02185e-007 0.000219226 0.0163015 0.165361 0.228831 0.0439243 0.0296323 0.152582 0.112112 0.0326837 0.0837049 0.0489883 0.0314769 0.0252802 0.0139796 0.00819127 0.00414259 0.0018121 0.000624685 0.000137704 1.41338e-005
 1.16659e-026 1.62638e-020 3.49201e-015 1.02282e-010 4.0869e-007 0.000222772 0.0165651 0.168036 0.232532 0.0446256 0.0297511 0.153122 0.112487 0.0322096 0.081716 0.0476692 0.0298559 0.0239248 0.0132948 0.00779332 0.00388662 0.00163553 0.000543392 0.00011722 1.17802e-005
 1.16674e-026 1.62665e-020 3.49257e-015 1.02299e-010 4.08756e-007 0.000222808 0.0165678 0.168063 0.23257 0.0446356 0.0298641 0.153725 0.11293 0.0323076 0.0819247 0.0477311 0.0295867 0.0235813 0.0128466 0.00751801 0.00375815 0.00155735 0.000496383 0.000103148 1.01343e-005
 1.17177e-026 1.63554e-020 3.51167e-015 1.02858e-010 4.10992e-007 0.000224026 0.0166584 0.168982 0.233842 0.0448725 0.0297434 0.153047 0.112433 0.0322267 0.0818016 0.0476481 0.0294747 0.0234434 0.0126408 0.00729922 0.00360353 0.0014921 0.000465602 9.26025e-005 8.79749e-006
 1.19762e-026 1.68129e-020 3.60989e-015 1.05735e-010 4.22487e-007 0.000230292 0.0171243 0.173708 0.240382 0.0461115 0.0299484 0.153973 0.113076 0.0313425 0.078116 0.0452689 0.0268401 0.0211871 0.0113061 0.00647299 0.0031467 0.0012841 0.000397548 7.67512e-005 6.99716e-006
 1.21995e-026 1.72081e-020 3.69475e-015 1.08221e-010 4.32418e-007 0.000235706 0.0175269 0.177792 0.246033 0.0471802 0.0300543 0.154393 0.113361 0.0307869 0.0758431 0.0436886 0.0245645 0.0191048 0.00980085 0.00552604 0.00265312 0.00106483 0.000324463 6.16107e-005 5.42727e-006
 1.23351e-026 1.7448e-020 3.74625e-015 1.09729e-010 4.38446e-007 0.000238991 0.0177712 0.18027 0.249462 0.0478369 0.0304352 0.156341 0.114765 0.0303952 0.0737774 0.0422861 0.0226924 0.0173702 0.00846177 0.00460923 0.00213931 0.000843954 0.000252321 4.70516e-005 4.04904e-006
 1.23558e-026 1.74844e-020 3.75407e-015 1.09958e-010 4.39361e-007 0.00023949 0.0178083 0.180646 0.249983 0.0479476 0.0309229 0.158937 0.116655 0.0304761 0.0733581 0.0418167 0.0212609 0.0160149 0.00744588 0.00389799 0.00171384 0.000649182 0.000189378 3.45728e-005 2.91528e-006
 1.25658e-026 1.78562e-020 3.83389e-015 1.12296e-010 4.48703e-007 0.000244582 0.0181869 0.184487 0.255298 0.0489497 0.0309 0.158676 0.116446 0.0299405 0.0713543 0.0404426 0.0193631 0.0143131 0.00629175 0.00316464 0.00131601 0.000469184 0.000130422 2.31297e-005 1.90819e-006
 1.28108e-026 1.82895e-020 3.92694e-015 1.15022e-010 4.59593e-007 0.000250518 0.0186283 0.188965 0.261494 0.0501273 0.0312437 0.160353 0.117631 0.0289367 0.0669973 0.037722 0.0167765 0.0121233 0.00500283 0.0024003 0.000937953 0.000313715 8.13513e-005 1.37093e-005 1.09856e-006
 1.27788e-026 1.82329e-020 3.91479e-015 1.14666e-010 4.58171e-007 0.000249743 0.0185707 0.18838 0.260685 0.0499781 0.0313767 0.161086 0.118176 0.0292717 0.0680847 0.0382349 0.0164726 0.0117335 0.00455795 0.00208144 0.00075819 0.000236182 5.66559e-005 8.86503e-006 6.7723e-007
 1.2907e-026 1.84598e-020 3.96349e-015 1.16092e-010 4.63871e-007 0.00025285 0.0188017 0.190724 0.263928 0.0505936 0.0315199 0.161768 0.118651 0.0287127 0.06573 0.0367924 0.0152339 0.0107133 0.00400849 0.00175783 0.000596385 0.000171806 3.77849e-005 5.41238e-006 3.85194e-007
 1.28545e-026 1.83667e-020 3.94351e-015 1.15507e-010 4.61533e-007 0.000251576 0.018707 0.189762 0.262598 0.0503577 0.0321098 0.164958 0.120975 0.0288047 0.0651889 0.0363463 0.0143036 0.00990306 0.0035665 0.00151691 0.000489368 0.000130851 2.62019e-005 3.39722e-006 2.21123e-007
 1.28042e-026 1.82777e-020 3.92439e-015 1.14947e-010 4.59295e-007 0.000250356 0.0186163 0.188842 0.261325 0.0501298 0.0325948 0.167586 0.122893 0.0290008 0.0652079 0.0361939 0.0133842 0.00907992 0.00310798 0.00127449 0.000392993 9.94959e-005 1.82887e-005 2.13103e-006 1.25051e-007
 1.32913e-026 1.91398e-020 4.10951e-015 1.20369e-010 4.8096e-007 0.000262165 0.0194944 0.19775 0.273652 0.0524404 0.0320105 0.164139 0.120321 0.0271532 0.0590243 0.032517 0.0107547 0.00703519 0.00224421 0.000873845 0.000254207 6.10955e-005 1.05017e-005 1.10958e-006 5.82096e-008
 1.35678e-026 1.96292e-020 4.21458e-015 1.23447e-010 4.93257e-007 0.000268868 0.0199928 0.202806 0.280648 0.0537479 0.0315246 0.161358 0.118262 0.0261087 0.0557637 0.0306577 0.00981729 0.00630636 0.00184193 0.000668689 0.000179771 4.04094e-005 6.50256e-006 6.34074e-007 2.99395e-008
 1.35967e-026 1.96803e-020 4.22555e-015 1.23768e-010 4.94542e-007 0.000269568 0.0200449 0.203334 0.281379 0.0538958 0.0319208 0.163458 0.119775 0.0257106 0.0536353 0.0294163 0.00906069 0.00573881 0.00162714 0.000563465 0.000136894 2.81167e-005 4.1608e-006 3.75298e-007 1.61996e-008
 1.36116e-026 1.97064e-020 4.23116e-015 1.23933e-010 4.95198e-007 0.000269926 0.0200715 0.203604 0.281752 0.0539862 0.0327039 0.167638 0.122798 0.0252351 0.0506235 0.0275692 0.00747789 0.00452388 0.00122344 0.000408135 9.43742e-005 1.76466e-005 2.33631e-006 1.91474e-007 7.58238e-009
 1.35055e-026 1.95187e-020 4.19086e-015 1.22752e-010 4.90481e-007 0.000267355 0.0198803 0.201665 0.279068 0.0534921 0.0331823 0.170267 0.124724 0.0256424 0.0514591 0.0279174 0.0069913 0.00406768 0.000991116 0.000304352 6.64938e-005 1.17693e-005 1.41336e-006 1.02612e-007 3.66704e-009
 1.35843e-026 1.96582e-020 4.2208e-015 1.23629e-010 4.93985e-007 0.000269265 0.0200223 0.203105 0.281062 0.0538673 0.033144 0.170011 0.124526 0.025294 0.050183 0.0271695 0.00651217 0.0037014 0.000840934 0.000237365 4.59515e-005 7.49833e-006 8.39063e-007 5.48944e-008 1.73435e-009
 1.34939e-026 1.9498e-020 4.18642e-015 1.22622e-010 4.89962e-007 0.000267072 0.0198593 0.201451 0.278773 0.053439 0.0332833 0.170815 0.125125 0.0257108 0.0515692 0.027937 0.00677706 0.0038629 0.000852205 0.000230234 4.05966e-005 5.87308e-006 5.87144e-007 3.52214e-008 9.97913e-010
 1.34718e-026 1.94589e-020 4.17801e-015 1.22376e-010 4.88978e-007 0.000266535 0.0198194 0.201047 0.278213 0.0533338 0.0333004 0.170921 0.125206 0.0258124 0.0519324 0.0281464 0.00689357 0.00394723 0.000877627 0.000236724 4.00028e-005 5.33391e-006 4.67389e-007 2.46915e-008 6.32576e-010
 1.34814e-026 1.9476e-020 4.18169e-015 1.22483e-010 4.89408e-007 0.00026677 0.0198368 0.201223 0.278458 0.0533757 0.0331327 0.170018 0.124551 0.0258788 0.0524423 0.0284445 0.00707737 0.00408117 0.000915757 0.000249382 4.23717e-005 5.50192e-006 4.44018e-007 2.05145e-008 4.59683e-010
 1.33748e-026 1.92873e-020 4.14118e-015 1.21297e-010 4.84666e-007 0.000264185 0.0196446 0.199274 0.27576 0.0528758 0.033486 0.171978 0.125987 0.0261685 0.0530141 0.0287751 0.00727174 0.00422321 0.00095994 0.000264785 4.55207e-005 5.95585e-006 4.71369e-007 2.01053e-008 3.94737e-010
 1.34236e-026 1.93735e-020 4.15967e-015 1.21839e-010 4.86831e-007 0.000265365 0.0197324 0.200164 0.276992 0.053118 0.0338718 0.17401 0.127446 0.0256444 0.0504175 0.0272676 0.00638738 0.0035953 0.000816787 0.00022602 3.94122e-005 5.22522e-006 4.17367e-007 1.74838e-008 3.18189e-010
 1.3443e-026 1.9408e-020 4.16708e-015 1.22056e-010 4.87698e-007 0.000265838 0.0197675 0.20052 0.277485 0.0532059 0.0336716 0.172926 0.126663 0.0257801 0.0512446 0.0276842 0.00630544 0.00349083 0.000750864 0.000198513 3.45904e-005 4.63202e-006 3.75827e-007 1.58882e-008 2.84087e-010
 1.37628e-026 1.9974e-020 4.28861e-015 1.25615e-010 5.01922e-007 0.000273591 0.020344 0.206369 0.285578 0.0547118 0.0328537 0.16834 0.123286 0.0245865 0.0479149 0.0258673 0.00581234 0.00319217 0.000669135 0.000170328 2.78542e-005 3.63247e-006 2.9665e-007 1.27306e-008 2.29613e-010
 1.36679e-026 1.98059e-020 4.25253e-015 1.24558e-010 4.97699e-007 0.000271289 0.0201729 0.204632 0.283175 0.0542728 0.033414 0.1714 0.125513 0.0246487 0.047299 0.0255266 0.00570602 0.00312475 0.000650443 0.000163424 2.57691e-005 3.17561e-006 2.47472e-007 1.06011e-008 1.93716e-010
 1.37049e-026 1.98715e-020 4.26662e-015 1.24971e-010 4.99347e-007 0.000272188 0.0202397 0.20531 0.284113 0.0544491 0.0333883 0.171238 0.125391 0.0245218 0.0468525 0.025234 0.00536248 0.00286401 0.000590869 0.000146991 2.28983e-005 2.74209e-006 2.01934e-007 8.21458e-009 1.48437e-010
 1.38592e-026 2.01447e-020 4.32527e-015 1.26689e-010 5.06211e-007 0.000275929 0.0205179 0.208132 0.288018 0.0551691 0.0327303 0.167616 0.122745 0.0241773 0.0465348 0.0250746 0.00538537 0.00288465 0.000575153 0.000138044 2.12357e-005 2.51067e-006 1.79931e-007 6.94054e-009 1.19055e-010
 1.36247e-026 1.97296e-020 4.23614e-015 1.24078e-010 4.9578e-007 0.000270243 0.0200951 0.203843 0.282084 0.0540686 0.0334804 0.171783 0.125799 0.0248536 0.0479836 0.0259029 0.0058211 0.00318906 0.000644132 0.000155262 2.29464e-005 2.63855e-006 1.86092e-007 6.98683e-009 1.14098e-010
 1.34918e-026 1.94941e-020 4.18556e-015 1.22597e-010 4.89861e-007 0.000267017 0.0198552 0.20141 0.278716 0.0534572 0.0344189 0.176891 0.129516 0.0249041 0.0467474 0.0251482 0.00520193 0.00273984 0.000564076 0.000139007 2.07704e-005 2.34271e-006 1.59015e-007 5.84022e-009 9.28094e-011
 1.25445e-026 1.78169e-020 3.82546e-015 1.1205e-010 4.47717e-007 0.000244045 0.018147 0.184082 0.254738 0.0490281 0.0381272 0.197354 0.144486 0.027433 0.0507926 0.0272327 0.0051453 0.00256394 0.000492904 0.000113889 1.73474e-005 1.99135e-006 1.34092e-007 4.75505e-009 7.34916e-011
 1.17268e-026 1.63693e-020 3.51464e-015 1.02945e-010 4.11339e-007 0.000224216 0.0166725 0.169125 0.23404 0.0451801 0.0403434 0.209748 0.153614 0.0306558 0.0597758 0.0319649 0.00551056 0.00257537 0.000459056 9.54961e-005 1.33444e-005 1.48703e-006 1.02059e-007 3.61264e-009 5.42456e-011
 2.00315e-026 3.10722e-020 6.67151e-015 1.95411e-010 7.80807e-007 0.000425608 0.0316479 0.321034 0.444251 0.0841419 0.0130846 0.0584535 0.0426538 0.0042468 5.89923e-005 8.01793e-007 4.9986e-008 4.90144e-010 6.75614e-013 7.99774e-016 4.76386e-017 4.24454e-018 2.68151e-019 9.49299e-021 1.42722e-022
 2.16256e-026 3.38949e-020 7.27758e-015 2.13163e-010 8.51738e-007 0.000464272 0.0345229 0.350198 0.484608 0.0915686 0.00576248 0.0182327 0.0133002 0.00132412 1.79846e-005 3.38297e-008 4.50756e-011 3.59769e-013 4.80922e-016 8.77742e-020 2.18785e-024 2.48426e-027 2.47438e-027 2.47275e-027 2.47157e-027
#obs surv len freq
 nan nan nan nan nan nan nan nan nan nan nan nan nan nan nan nan nan nan nan nan nan nan nan nan nan
 4.91074e-027 7.72912e-021 1.65953e-015 4.86081e-011 1.94224e-007 0.000105869 0.00787234 0.0798564 0.110508 0.0213176 0.0184473 0.0958196 0.0706602 0.0277759 0.0807218 0.0515639 0.0552054 0.0534576 0.0510376 0.0495014 0.0502767 0.0512597 0.0541922 0.0512503 0.0191704
 5.27869e-027 8.30825e-021 1.78387e-015 5.22501e-011 2.08777e-007 0.000113801 0.00846219 0.0858398 0.118788 0.0229157 0.0198609 0.103167 0.0760781 0.0298941 0.0868614 0.0552892 0.0582115 0.0548984 0.0484397 0.0439303 0.0424086 0.0424145 0.0445814 0.0421016 0.015744
 5.54072e-027 8.72067e-021 1.87242e-015 5.48438e-011 2.1914e-007 0.00011945 0.00888225 0.0901008 0.124684 0.0240515 0.0207802 0.107933 0.0795936 0.0313143 0.0910261 0.0579375 0.0609748 0.0572271 0.049366 0.041987 0.0370751 0.0348171 0.0358366 0.0336995 0.0125941
 5.6974e-027 8.96727e-021 1.92537e-015 5.63947e-011 2.25337e-007 0.000122828 0.00913342 0.0926487 0.12821 0.0247332 0.0214296 0.111315 0.082085 0.032218 0.0935784 0.0595833 0.0628077 0.0589539 0.0507705 0.0424408 0.0351247 0.0296883 0.0286751 0.0265699 0.00991165
 5.79744e-027 9.12473e-021 1.95918e-015 5.7385e-011 2.29294e-007 0.000124985 0.0092938 0.0942756 0.130461 0.0251677 0.0218158 0.113322 0.0835678 0.0328674 0.0955299 0.0607821 0.063866 0.0599486 0.0516636 0.0431235 0.0350039 0.0272307 0.0234568 0.0207894 0.00770853
 5.85758e-027 9.21937e-021 1.9795e-015 5.79802e-011 2.31672e-007 0.000126281 0.0093902 0.0952534 0.131815 0.0254284 0.0220282 0.114423 0.0843804 0.0332033 0.0965229 0.0614541 0.0647583 0.0607548 0.0522527 0.0436314 0.0353311 0.0265356 0.0203102 0.0164224 0.0059781
 5.90921e-027 9.30065e-021 1.99695e-015 5.84913e-011 2.33715e-007 0.000127395 0.00947298 0.0960931 0.132977 0.0256507 0.0221463 0.115025 0.0848235 0.0333623 0.0969705 0.0617476 0.0651104 0.0611424 0.0527112 0.0439627 0.0355672 0.0264549 0.0186909 0.0133182 0.00464605
 5.91689e-027 9.31273e-021 1.99954e-015 5.85673e-011 2.34018e-007 0.00012756 0.00948528 0.096218 0.133149 0.0256869 0.0222886 0.115782 0.0853786 0.0334956 0.0972747 0.0619402 0.0653099 0.0613487 0.0529536 0.0442546 0.0358149 0.0265515 0.0179803 0.0112934 0.00366637
 5.93394e-027 9.33957e-021 2.00531e-015 5.87361e-011 2.34693e-007 0.000127928 0.00951262 0.0964953 0.133533 0.0257596 0.0223027 0.115847 0.0854314 0.0336423 0.0978232 0.0622426 0.0654073 0.0614106 0.052975 0.0443023 0.0359193 0.026627 0.0176514 0.0100211 0.00296784
 5.94333e-027 9.35435e-021 2.00848e-015 5.8829e-011 2.35064e-007 0.00012813 0.00952767 0.0966479 0.133744 0.0258 0.0223215 0.115943 0.0854999 0.0336172 0.0977011 0.0622316 0.065707 0.0616675 0.0530782 0.0443634 0.0359875 0.0267201 0.0175385 0.0092739 0.00250171
 5.96276e-027 9.38492e-021 2.01504e-015 5.90213e-011 2.35832e-007 0.000128549 0.00955881 0.0969639 0.134181 0.0258841 0.0223856 0.116274 0.0857433 0.0336799 0.0978495 0.0622719 0.0654977 0.0614998 0.0530331 0.044243 0.0358245 0.0266092 0.0173962 0.0087855 0.00218941
 5.96804e-027 9.39324e-021 2.01683e-015 5.90736e-011 2.36041e-007 0.000128663 0.00956728 0.0970498 0.1343 0.0259081 0.0224491 0.116611 0.085991 0.0337647 0.098083 0.0624008 0.0655375 0.0614536 0.0528105 0.0440951 0.0356819 0.0264516 0.0172516 0.00847226 0.00199187
 5.97066e-027 9.39735e-021 2.01771e-015 5.90995e-011 2.36145e-007 0.000128719 0.00957148 0.0970923 0.134359 0.0259195 0.0224601 0.116668 0.0860349 0.0338316 0.0983261 0.0625494 0.0656633 0.0615424 0.0527961 0.0439584 0.0355309 0.026321 0.0171138 0.00826314 0.00186921
 5.96746e-027 9.39232e-021 2.01663e-015 5.90678e-011 2.36018e-007 0.00012865 0.00956635 0.0970403 0.134287 0.0259043 0.0223951 0.116322 0.0857807 0.0337516 0.0981148 0.0624782 0.0658872 0.0618183 0.0531456 0.0442326 0.035672 0.0263816 0.0171158 0.00817249 0.00180434
 5.97367e-027 9.4021e-021 2.01873e-015 5.91293e-011 2.36264e-007 0.000128784 0.00957631 0.0971413 0.134427 0.025931 0.0224102 0.116399 0.0858349 0.0337052 0.097913 0.0623421 0.0657116 0.0617133 0.0532234 0.0443759 0.0357986 0.0264137 0.0170927 0.0081003 0.0017612
 5.95685e-027 9.37561e-021 2.01305e-015 5.89628e-011 2.35598e-007 0.000128421 0.00954933 0.0968677 0.134048 0.0258603 0.0224389 0.116563 0.0859554 0.0337461 0.0980252 0.0623912 0.0656588 0.0616564 0.0531925 0.0444614 0.035969 0.0265467 0.0171309 0.00807229 0.00173776
 5.967e-027 9.3916e-021 2.01648e-015 5.90633e-011 2.36e-007 0.00012864 0.00956561 0.0970328 0.134277 0.0259024 0.0223986 0.116342 0.0857957 0.0337814 0.0982236 0.0624986 0.0656799 0.0616197 0.0530319 0.0443134 0.0359177 0.0265863 0.017145 0.00804088 0.00171913
 5.95998e-027 9.38054e-021 2.0141e-015 5.89938e-011 2.35722e-007 0.000128489 0.00955436 0.0969186 0.134119 0.0258736 0.0224396 0.116565 0.0859572 0.0337555 0.0980618 0.062439 0.0658206 0.061742 0.053063 0.0442518 0.0358263 0.0265731 0.017172 0.00803105 0.00170811
 5.96402e-027 9.38691e-021 2.01547e-015 5.90338e-011 2.35882e-007 0.000128576 0.00956084 0.0969844 0.13421 0.0258895 0.0223876 0.116284 0.0857531 0.033758 0.0981495 0.0624689 0.0657324 0.0617237 0.0532258 0.0443695 0.0358521 0.0265663 0.0172051 0.00804538 0.00170493
 5.96882e-027 9.39446e-021 2.01709e-015 5.90813e-011 2.36072e-007 0.00012868 0.00956853 0.0970624 0.134318 0.0259104 0.022409 0.116396 0.0858326 0.0337095 0.0979307 0.0623587 0.0657521 0.0617095 0.0531276 0.044385 0.0359016 0.0265528 0.017194 0.00804983 0.00170301
 5.94927e-027 9.3637e-021 2.01049e-015 5.88878e-011 2.35299e-007 0.000128258 0.00953719 0.0967446 0.133878 0.0258272 0.0224018 0.116369 0.0858133 0.0337173 0.0979684 0.0623741 0.0657309 0.0617586 0.053342 0.044546 0.0360745 0.0267116 0.0172742 0.00809134 0.00171169
