SBPRF35
0.229899
Curr Bio
31557.7
B35
74274.1
F35
0.49955
FOFL
0.114854
OFL
3133.17
Bzero
65685.4
#pred survey bio
 6546.12 6740.54 7937.89 10160.8 12894.2 15037.7 14287.1 13327.8 21678.6 34191.9 35509.7 42822.8 66393 81948.8 67725.1 58392.8 54736 57382.6 55746.3 52829 53685.8 57918.1 64311 68851.5 77371.9 79243.3 69206.8 71536.7 87700.4 2.51955e+06 2.21132e+06 2.00771e+06 1.52154e+06 1.17602e+06 982315 882084 831533 805914 792594 785388 781309 778894 777407 776462 775845 775440 775171 774991 774870 774788 774733 774695 774670 774653 774641 774633 774627 774624 774621 774620 774618 774618 774617 774617 774616 774616 774616 774616 774616 774616 774616 774616 774616 774616 774616 774616 774616 774616 774616 774616 774616 774616 774616 774616 774616 774616 774616 774616 774616 774616 774616 774616 774616 774616 774616 774616 774616 774616 774616 774616 774616 774616 774616 774616 774616 774616 774616 774616 774616 774616 774616 774616 774616 774616 774616 774616 774616 774616 774616 774616 774616 774616 774616 774616 774616 774616 774616 774616 774616 0 0 0 0 0 0 0 0 0 0 0 0 0 0 0 0 0 0 0 0 0 0 0 0 0
#obs survey bio
 5502.49 6220.48 11927.1 14355.4 17411.8 13527.7 14150 16293.7 26707.7 33258.3 60356.2 93505 85248.7 53427 68673.8 57968.6 72927.7 56210.1 79539.5 37243.6 46450.6 73116.4 58089.2 84371.2 85606.9 92281 71560 158494 69896.6
#pred catch bio
 3395.94 3408.17 3684.93 4898.78 6437.15 8316.08 9045.71 7216.35 8277.1 19029 21838.7 20051.2 32570.8 53136 43557.5 38365.6 32191 35864.3 35528.1 32763.5 32952 32895.4 38898.5 39285.1 44135.4 51852.7 42825 44218.1 77958.5 3133.17 27630.8 28003.9 20237.8 14695.5 11759.6 10351.8 9710.98 9428.48 9306.53 9254.62 9232.73 9223.57 9219.74 9218.15 9217.49 9217.22 9217.11 9217.06 9217.04 9217.03 9217.03 9217.03 9217.03 9217.03 9217.03 9217.03 9217.03 9217.03 9217.03 9217.03 9217.03 9217.03 9217.03 9217.03 9217.03 9217.03 9217.03 9217.03 9217.03 9217.03 9217.03 9217.03 9217.03 9217.03 9217.03 9217.03 9217.03 9217.03 9217.03 9217.03 9217.03 9217.03 9217.03 9217.03 9217.03 9217.03 9217.03 9217.03 9217.03 9217.03 9217.03 9217.03 9217.03 9217.03 9217.03 9217.03 9217.03 9217.03 9217.03 9217.03 9217.03 9217.03 9217.03 9217.03 9217.03 9217.03 9217.03 9217.03 9217.03 9217.03 9217.03 9217.03 9217.03 9217.03 9217.03 9217.03 9217.03 9217.03 9217.03 9217.03 9217.03 9217.03 9217.03 9217.03 9217.03 9217.03 9217.03 9217.03 9217.03 0 0 0 0 0 0 0 0 0 0 0 0 0 0 0 0 0 0 0 0 0 0 0 0 0
#obs catch bio
 3484.31 3455.96 3592.95 4762.44 6255.23 8220.77 9216.8 7350.2 8038.03 18521.8 22075.8 19129.9 31554.1 53904 43536.1 39911 31419.5 36292.7 35457 32725.4 33912 32190 38763.9 39180.6 43005.2 51938.8 43090.9 43294.9 79065.9
#pred cpue bio
 4459.62 4203.11 4824.26 6192.45 7757.02 9348.75 9334.58 7832.61 10979.4 20642.8 22160.2 22903.9 37363.5 50607.2 42566.9 35858.1 31815.3 34725.1 33252.7 31612.3 31550.8 33412.2 38648.2 40025.2 45971.4 49265.5 41739.4 41636.5 47294.6 1.1816e+06 1.66938e+06 1.80962e+06 1.36583e+06 1.0205e+06 826266 725916 675344 649723 636401 629196 625117 622701 621215 620269 619652 619248 618979 618799 618678 618596 618541 618503 618478 618460 618448 618440 618435 618431 618429 618427 618426 618425 618425 618424 618424 618424 618424 618424 618424 618424 618424 618424 618424 618424 618424 618424 618424 618424 618423 618423 618423 618423 618423 618423 618423 618423 618423 618423 618423 618423 618423 618423 618423 618423 618423 618423 618423 618423 618423 618423 618423 618423 618423 618423 618423 618423 618423 618423 618423 618423 618423 618423 618423 618423 618423 618423 618423 618423 618423 618423 618423 618423 618423 618423 618423 618423 618423 618423 618423 0 0 0 0 0 0 0 0 0 0 0 0 0 0 0 0 0 0 0 0 0 0 0 0 0
#obs cpue bio
 3684.88 3537.36 7321.95 7185.07 7859.61 8660.67 6576.25 6262.1 17306.8 22372.2 15895.5 32901.2 25564.9 49444.1 41262 21362.7 40860.7 23919 30175.5 34979.8 23408.7 47222.4 42509.6 33571 67740.9 38192.2 33598.7 37955 40439.6
#pred surv len freq
 2.14341e-27 2.16777e-27 6.05771e-27 1.33088e-21 7.91523e-17 1.08227e-12 3.40212e-09 2.45872e-06 0.000408513 0.0156049 0.137043 0.276695 0.128986 0.0284031 0.0900954 0.126671 0.0508351 0.0388413 0.0335914 0.0205326 0.0157525 0.0121363 0.0110859 0.00947298 0.00384228
 2.14292e-27 2.1674e-27 6.05671e-27 1.33059e-21 7.91354e-17 1.08204e-12 3.40139e-09 2.4582e-06 0.000408425 0.0156016 0.137014 0.276637 0.129076 0.0315212 0.109153 0.153356 0.0583836 0.0354657 0.0276622 0.0112084 0.00603701 0.00348093 0.00246184 0.00181771 0.000713177
 2.1434e-27 2.1688e-27 6.21973e-27 1.38594e-21 8.24269e-17 1.12704e-12 3.54287e-09 2.56044e-06 0.000425413 0.0162505 0.142713 0.288142 0.134373 0.0309221 0.102029 0.143401 0.056158 0.0387065 0.0300279 0.0102845 0.00405737 0.00142236 0.00061998 0.000342505 0.000121967
 2.14321e-27 2.16838e-27 6.17663e-27 1.37132e-21 8.15576e-17 1.11515e-12 3.5055e-09 2.53344e-06 0.000420927 0.0160791 0.141208 0.285104 0.132976 0.0311408 0.10428 0.146551 0.0569587 0.0380439 0.0297998 0.0112006 0.0045828 0.00124384 0.000295717 8.81811e-05 2.45449e-05
 2.14359e-27 2.16931e-27 6.27436e-27 1.40447e-21 8.3529e-17 1.14211e-12 3.59024e-09 2.59467e-06 0.000431101 0.0164678 0.144621 0.291995 0.136154 0.0309191 0.10085 0.141703 0.0550774 0.0367856 0.0286901 0.0104917 0.00429519 0.00122843 0.000246298 3.68709e-05 5.5724e-06
 2.14225e-27 2.16598e-27 5.92048e-27 1.28442e-21 7.63891e-17 1.04448e-12 3.28335e-09 2.37289e-06 0.000394252 0.0150601 0.132259 0.267037 0.124666 0.0322581 0.116546 0.16381 0.0626324 0.0388107 0.0299261 0.0107872 0.00432292 0.00121313 0.000243133 3.0073e-05 2.33553e-06
 2.14062e-27 2.16205e-27 5.51274e-27 1.14615e-21 6.81656e-17 9.32043e-13 2.92989e-09 2.11744e-06 0.000351809 0.0134389 0.118021 0.238291 0.111396 0.0327847 0.128425 0.180715 0.0708053 0.0488944 0.0378606 0.0127211 0.00472508 0.00128608 0.000250622 2.99153e-05 1.86816e-06
 2.14442e-27 2.17136e-27 6.49237e-27 1.47843e-21 8.79277e-17 1.20225e-12 3.7793e-09 2.73131e-06 0.000453804 0.017335 0.152237 0.307371 0.143231 0.0300708 0.0910366 0.127904 0.0506709 0.036604 0.0285685 0.00978482 0.00363036 0.000915929 0.00016466 1.88365e-05 1.1121e-06
 2.14734e-27 2.17839e-27 7.21855e-27 1.72467e-21 1.02573e-16 1.4025e-12 4.40878e-09 3.18624e-06 0.000529389 0.0202223 0.177593 0.358564 0.166869 0.0293033 0.0709216 0.0992562 0.03656 0.0185507 0.0139116 0.00507609 0.00201688 0.000520575 9.11553e-05 9.65852e-06 5.35123e-07
 2.14225e-27 2.16586e-27 5.88811e-27 1.27334e-21 7.57305e-17 1.03548e-12 3.25504e-09 2.35243e-06 0.000390853 0.0149303 0.131119 0.264735 0.123665 0.0339541 0.127593 0.179136 0.0647483 0.0290315 0.0209122 0.00665758 0.00234685 0.00064315 0.000120865 1.28576e-05 6.77069e-07
 2.14235e-27 2.16628e-27 5.95779e-27 1.2971e-21 7.71434e-17 1.0548e-12 3.31577e-09 2.39632e-06 0.000398145 0.0152089 0.133565 0.269674 0.125858 0.0315391 0.111363 0.156655 0.0622433 0.0454136 0.0346862 0.00979719 0.0028118 0.000657344 0.000114063 1.26906e-05 6.882e-07
 2.14639e-27 2.17609e-27 6.98092e-27 1.64409e-21 9.77803e-17 1.33697e-12 4.20278e-09 3.03736e-06 0.000504654 0.0192774 0.169295 0.341811 0.159134 0.0295749 0.0776289 0.108806 0.0412292 0.0244455 0.0186952 0.00659011 0.00241599 0.000510346 7.06018e-05 6.81525e-06 3.61748e-07
 2.14452e-27 2.17142e-27 6.4768e-27 1.47304e-21 8.76071e-17 1.19787e-12 3.76552e-09 2.72135e-06 0.000452149 0.0172718 0.151682 0.306251 0.142787 0.0320421 0.103409 0.145023 0.0523871 0.0234005 0.0169421 0.00564791 0.00207148 0.0005363 8.68548e-05 7.40991e-06 3.29225e-07
 2.14213e-27 2.16565e-27 5.87972e-27 1.27056e-21 7.55651e-17 1.03322e-12 3.24793e-09 2.34729e-06 0.000389999 0.0148977 0.130832 0.264157 0.123354 0.0327951 0.120693 0.16963 0.06442 0.0385564 0.0287897 0.00828074 0.00247673 0.000607553 0.000105938 1.06134e-05 4.81494e-07
 2.1415e-27 2.16413e-27 5.71926e-27 1.21613e-21 7.23282e-17 9.88959e-13 3.1088e-09 2.24674e-06 0.000373293 0.0142595 0.125228 0.252842 0.118139 0.0332308 0.126763 0.178198 0.0675862 0.0402113 0.0302334 0.0092866 0.00293018 0.000617381 8.90098e-05 8.78416e-06 4.40105e-07
 2.14265e-27 2.16698e-27 6.02516e-27 1.31992e-21 7.85007e-17 1.07336e-12 3.37411e-09 2.43848e-06 0.00040515 0.0154765 0.135915 0.274418 0.128064 0.0318787 0.112005 0.157446 0.060931 0.0398693 0.0303758 0.00939882 0.00303606 0.000673684 9.56179e-05 8.08759e-06 3.67549e-07
 2.1439e-27 2.16995e-27 6.32754e-27 1.42244e-21 8.45979e-17 1.15672e-12 3.63618e-09 2.62788e-06 0.000436618 0.0166785 0.146472 0.295732 0.137919 0.0319351 0.105926 0.148683 0.0552074 0.0293324 0.0217824 0.00694985 0.00233491 0.000525175 7.67408e-05 6.57415e-06 2.76105e-07
 2.14256e-27 2.16667e-27 5.98107e-27 1.30491e-21 7.76081e-17 1.06115e-12 3.33575e-09 2.41075e-06 0.000400543 0.0153005 0.13437 0.271299 0.126663 0.0329892 0.119725 0.168168 0.0625509 0.033546 0.0247405 0.00735552 0.00227741 0.000524974 8.02149e-05 7.06774e-06 3.01942e-07
 2.14333e-27 2.16859e-27 6.18982e-27 1.37575e-21 8.18209e-17 1.11875e-12 3.51682e-09 2.54162e-06 0.000422286 0.016131 0.141663 0.286024 0.13343 0.0318846 0.108544 0.152476 0.0579495 0.0348221 0.0260889 0.00768152 0.00230614 0.000496017 7.15807e-05 6.43875e-06 2.84859e-07
 2.14286e-27 2.16738e-27 6.05465e-27 1.32986e-21 7.9092e-17 1.08144e-12 3.39953e-09 2.45685e-06 0.000408201 0.015593 0.136939 0.276485 0.129059 0.0329217 0.11775 0.165347 0.0610622 0.0314227 0.0231113 0.00709699 0.00225043 0.000479283 6.56577e-05 5.53636e-06 2.39697e-07
 2.14372e-27 2.16954e-27 6.28819e-27 1.4091e-21 8.38048e-17 1.14588e-12 3.60209e-09 2.60324e-06 0.000432525 0.0165222 0.145099 0.29296 0.13663 0.031726 0.105485 0.148135 0.0560233 0.0328398 0.024467 0.00707091 0.00208074 0.000456322 6.50749e-05 5.37472e-06 2.20382e-07
 2.14402e-27 2.17023e-27 6.35556e-27 1.43193e-21 8.51626e-17 1.16445e-12 3.66045e-09 2.64542e-06 0.000439532 0.0167898 0.147449 0.297706 0.138835 0.0320033 0.105748 0.148409 0.0548058 0.0282002 0.0207419 0.00637054 0.00201369 0.000423323 5.75848e-05 4.84883e-06 2.00699e-07
 2.14286e-27 2.16742e-27 6.0622e-27 1.33244e-21 7.92452e-17 1.08354e-12 3.40611e-09 2.46161e-06 0.000408992 0.0156232 0.137204 0.277021 0.129295 0.0326301 0.115809 0.162662 0.0608102 0.0335437 0.0248337 0.00734587 0.00223918 0.000495664 7.06462e-05 5.78866e-06 2.3574e-07
 2.14413e-27 2.17055e-27 6.39554e-27 1.44553e-21 8.5971e-17 1.1755e-12 3.6952e-09 2.67053e-06 0.000443705 0.0169492 0.148849 0.300531 0.140115 0.0313082 0.100652 0.141325 0.0536456 0.0320453 0.0240568 0.00726182 0.00225497 0.000484638 6.81588e-05 5.80046e-06 2.39447e-07
 2.14318e-27 2.16819e-27 6.14157e-27 1.35935e-21 8.08459e-17 1.10542e-12 3.47491e-09 2.51133e-06 0.000417254 0.0159388 0.139975 0.282617 0.131879 0.0325327 0.113527 0.159405 0.059093 0.031106 0.0230643 0.00735391 0.00246032 0.000544128 7.71617e-05 6.46975e-06 2.69383e-07
 2.142e-27 2.16535e-27 5.85e-27 1.26049e-21 7.49662e-17 1.02503e-12 3.22219e-09 2.32869e-06 0.000386908 0.0147796 0.129795 0.262063 0.122383 0.0327109 0.12081 0.169821 0.0648276 0.0398082 0.0299817 0.00902286 0.00284094 0.000657416 9.98267e-05 8.60942e-06 3.58803e-07
 2.14298e-27 2.16775e-27 6.10071e-27 1.34552e-21 8.00234e-17 1.09418e-12 3.43956e-09 2.48578e-06 0.000413009 0.0157766 0.138551 0.279741 0.130535 0.032146 0.112033 0.157394 0.0596712 0.0354328 0.0266658 0.00828216 0.00267594 0.000586769 8.55942e-05 7.69159e-06 3.35682e-07
 2.14397e-27 2.17015e-27 6.35096e-27 1.43039e-21 8.50709e-17 1.16319e-12 3.65651e-09 2.64257e-06 0.000439059 0.0167718 0.147291 0.297385 0.138674 0.0316592 0.103743 0.145644 0.0546418 0.0307365 0.0229514 0.0071306 0.00232332 0.000523861 7.68238e-05 6.6529e-06 2.8986e-07
 2.14577e-27 2.1745e-27 6.80525e-27 1.58446e-21 9.42341e-17 1.28848e-12 4.05036e-09 2.92721e-06 0.000486352 0.0185783 0.163156 0.329416 0.153448 0.0307627 0.0886166 0.124211 0.0455673 0.0225195 0.0164014 0.0049114 0.00152541 0.000342095 5.08308e-05 4.46755e-06 1.92361e-07
#obs surv len freq
 8.67871e-40 4.24763e-33 4.7795e-27 1.23641e-21 7.3534e-17 1.00544e-12 3.16062e-09 2.28419e-06 0.000379521 0.0144972 0.127315 0.257056 0.120049 0.032211 0.119267 0.16772 0.0650119 0.0429151 0.0335516 0.0126194 0.00536275 0.00162956 0.000361238 4.91043e-05 3.40805e-06
 1.03585e-39 5.06976e-33 5.70458e-27 1.47572e-21 8.77667e-17 1.20005e-12 3.77237e-09 2.7263e-06 0.000452979 0.0173032 0.151957 0.306807 0.142989 0.030572 0.0942664 0.132364 0.0509688 0.0326498 0.0253148 0.00921354 0.00376644 0.0011038 0.00023623 3.12104e-05 2.10191e-06
 9.67854e-40 4.73698e-33 5.33012e-27 1.37885e-21 8.20055e-17 1.12128e-12 3.52474e-09 2.54734e-06 0.000423244 0.0161674 0.141982 0.286669 0.133763 0.0328177 0.114045 0.160037 0.0579635 0.0263815 0.0193123 0.00681998 0.00268568 0.000755591 0.000154146 1.95425e-05 1.27303e-06
 1.05043e-39 5.14112e-33 5.78487e-27 1.49649e-21 8.90019e-17 1.21694e-12 3.82546e-09 2.76467e-06 0.000459354 0.0175467 0.154095 0.311125 0.145015 0.0313532 0.0977345 0.137118 0.050871 0.0268826 0.0197252 0.00573208 0.00177151 0.000466515 9.04475e-05 1.08944e-05 6.78031e-07
 9.85965e-40 4.82561e-33 5.42986e-27 1.40465e-21 8.35399e-17 1.14226e-12 3.5907e-09 2.595e-06 0.000431164 0.0164699 0.144639 0.292033 0.136245 0.032868 0.112736 0.158157 0.0568512 0.0245065 0.0174679 0.00540847 0.00173832 0.00038043 5.94911e-05 6.55758e-06 3.86193e-07
 8.14681e-40 3.9873e-33 4.48657e-27 1.16063e-21 6.90272e-17 9.43822e-13 2.96691e-09 2.14419e-06 0.000356261 0.0136087 0.119512 0.241303 0.112864 0.0348172 0.139925 0.196587 0.0718685 0.0347303 0.0249992 0.0069692 0.00195219 0.000435351 6.47902e-05 5.86892e-06 2.96109e-07
 7.90433e-40 3.86862e-33 4.35303e-27 1.12609e-21 6.69727e-17 9.15731e-13 2.87861e-09 2.08038e-06 0.000345657 0.0132037 0.115955 0.23412 0.109497 0.0335787 0.134529 0.189253 0.0729697 0.0469389 0.0354629 0.0103758 0.00305297 0.000623445 8.36956e-05 7.25173e-06 3.22642e-07
 1.32775e-39 6.49843e-33 7.31213e-27 1.89158e-21 1.12499e-16 1.53823e-12 4.83542e-09 3.49457e-06 0.000580628 0.0221792 0.194778 0.393261 0.182841 0.0274459 0.0491262 0.0685717 0.0262467 0.0163422 0.0125108 0.0042332 0.00150436 0.000327191 4.41542e-05 3.5145e-06 1.4373e-07
 1.10458e-39 5.40614e-33 6.08307e-27 1.57363e-21 9.35899e-17 1.27967e-12 4.02266e-09 2.90719e-06 0.000483033 0.0184512 0.162039 0.327163 0.152478 0.032652 0.100829 0.141113 0.0472909 0.00961399 0.00533248 0.00174449 0.000624817 0.000155914 2.47688e-05 2.08356e-06 8.25192e-08
 6.37289e-40 3.11909e-33 3.50965e-27 9.07912e-22 5.39969e-17 7.3831e-13 2.32089e-09 1.67731e-06 0.000278687 0.0106455 0.0934887 0.188764 0.0887201 0.0386931 0.179421 0.252057 0.0887464 0.0323557 0.0214278 0.00458473 0.000659704 0.000131829 2.19735e-05 2.12584e-06 9.3813e-08
 1.23364e-39 6.03781e-33 6.79384e-27 1.7575e-21 1.04525e-16 1.42919e-12 4.49268e-09 3.24687e-06 0.000539472 0.0206071 0.180972 0.365387 0.169971 0.027891 0.0602448 0.0844322 0.0344528 0.0276891 0.0211344 0.00533818 0.00115356 0.00017 1.34376e-05 1.00534e-06 4.73771e-08
 1.17961e-39 5.77339e-33 6.49631e-27 1.68053e-21 9.99477e-17 1.3666e-12 4.29593e-09 3.10468e-06 0.000515847 0.0197047 0.173047 0.349387 0.162701 0.0312858 0.0857904 0.119961 0.0404295 0.00899317 0.00531861 0.0019688 0.000742251 0.000138571 1.32812e-05 6.91232e-07 1.92328e-08
 8.83809e-40 4.32563e-33 4.86727e-27 1.25912e-21 7.48844e-17 1.02391e-12 3.21867e-09 2.32614e-06 0.000386491 0.0147635 0.129653 0.261777 0.122362 0.0356627 0.138916 0.194853 0.0670328 0.0194158 0.0120442 0.00261383 0.000411443 9.15826e-05 1.42078e-05 9.6764e-07 2.67454e-08
 9.19984e-40 4.50269e-33 5.06649e-27 1.31065e-21 7.79495e-17 1.06582e-12 3.35041e-09 2.42135e-06 0.000402311 0.0153677 0.13496 0.272491 0.127225 0.0332619 0.121031 0.16998 0.0628562 0.0325448 0.0233103 0.00544092 0.000974174 0.000139746 1.20547e-05 9.31922e-07 3.63329e-08
 7.35317e-40 3.59886e-33 4.0495e-27 1.04757e-21 6.23028e-17 8.51878e-13 2.67789e-09 1.93531e-06 0.000321555 0.012283 0.107869 0.217797 0.102049 0.0361907 0.155394 0.218349 0.0789717 0.0355444 0.0253808 0.00738607 0.00208406 0.00034703 2.88658e-05 1.45386e-06 4.24062e-08
 1.12026e-39 5.48289e-33 6.16943e-27 1.59597e-21 9.49185e-17 1.29784e-12 4.07977e-09 2.94846e-06 0.000489891 0.0187132 0.164339 0.331807 0.154519 0.0298418 0.0822744 0.115421 0.044521 0.0286816 0.0215254 0.00591158 0.00158698 0.000323593 3.89944e-05 2.29404e-06 5.72992e-08
 8.72112e-40 4.26838e-33 4.80285e-27 1.24245e-21 7.38933e-17 1.01036e-12 3.17607e-09 2.29535e-06 0.000381376 0.0145681 0.127937 0.258313 0.12076 0.0356683 0.139994 0.196376 0.0675932 0.0197402 0.0127914 0.00415586 0.00139808 0.000283398 3.51894e-05 2.59382e-06 8.43793e-08
 9.5455e-40 4.67186e-33 5.25685e-27 1.3599e-21 8.08782e-17 1.10586e-12 3.47629e-09 2.51232e-06 0.000417426 0.0159451 0.14003 0.282728 0.13194 0.032796 0.115101 0.161613 0.0597742 0.0309868 0.0221998 0.0052021 0.00101357 0.000216022 3.17698e-05 2.46285e-06 8.91561e-08
 1.01438e-39 4.96469e-33 5.58635e-27 1.44514e-21 8.59476e-17 1.17518e-12 3.69418e-09 2.66979e-06 0.00044359 0.0169446 0.148807 0.300449 0.140128 0.0326667 0.108971 0.152821 0.054583 0.0224208 0.0157054 0.00454467 0.00127381 0.000216305 2.15273e-05 1.67448e-06 6.75142e-08
 8.62093e-40 4.21935e-33 4.74768e-27 1.22818e-21 7.30445e-17 9.98751e-13 3.13958e-09 2.26898e-06 0.000376995 0.0144007 0.126467 0.255345 0.119365 0.035033 0.13701 0.192324 0.0682786 0.0267241 0.0183395 0.00484374 0.00121563 0.000243842 2.95181e-05 1.87711e-06 6.12003e-08
 1.11466e-39 5.4555e-33 6.13862e-27 1.588e-21 9.44444e-17 1.29136e-12 4.05939e-09 2.93373e-06 0.000487443 0.0186197 0.163518 0.33015 0.153785 0.0306878 0.0879384 0.123275 0.0455371 0.0234449 0.0169327 0.00437592 0.00103114 0.000189867 2.22279e-05 1.61317e-06 5.43889e-08
 8.89422e-40 4.35311e-33 4.89818e-27 1.26711e-21 7.536e-17 1.03041e-12 3.23911e-09 2.34091e-06 0.000388946 0.0148572 0.130476 0.26344 0.123117 0.0353125 0.136276 0.191164 0.0661329 0.0203931 0.0132669 0.00384283 0.00110142 0.000204595 2.2311e-05 1.51687e-06 5.24167e-08
 1.00525e-39 4.92003e-33 5.53609e-27 1.43213e-21 8.51744e-17 1.16461e-12 3.66095e-09 2.64578e-06 0.000439599 0.0167921 0.147469 0.297746 0.138865 0.0322975 0.107532 0.150898 0.0553718 0.0273689 0.0194775 0.00462746 0.000914332 0.000175186 2.20684e-05 1.51652e-06 4.94198e-08
 1.03532e-39 5.06717e-33 5.70166e-27 1.47497e-21 8.77218e-17 1.19944e-12 3.77044e-09 2.7249e-06 0.000452747 0.0172943 0.151879 0.30665 0.142992 0.0325694 0.106507 0.149313 0.0528711 0.0202661 0.0139499 0.00396405 0.00108447 0.000184959 1.79301e-05 1.2335e-06 4.33794e-08
 8.71883e-40 4.26726e-33 4.80159e-27 1.24213e-21 7.38739e-17 1.01009e-12 3.17524e-09 2.29475e-06 0.000381276 0.0145642 0.127903 0.258245 0.120706 0.0350524 0.136254 0.191233 0.0675387 0.0253112 0.0171455 0.00439698 0.00103797 0.000202403 2.40301e-05 1.50523e-06 4.58492e-08
 9.22694e-40 4.51595e-33 5.08142e-27 1.31451e-21 7.81791e-17 1.06896e-12 3.36028e-09 2.42848e-06 0.000403496 0.015413 0.135357 0.273293 0.127594 0.0332054 0.120444 0.169146 0.0624559 0.0320733 0.023122 0.00588675 0.00133783 0.000237458 2.63097e-05 1.84606e-06 6.09621e-08
 9.73107e-40 4.76268e-33 5.35905e-27 1.38633e-21 8.24505e-17 1.12736e-12 3.54387e-09 2.56116e-06 0.000425541 0.0162551 0.142752 0.288224 0.13449 0.0330255 0.114845 0.161143 0.0580918 0.0255542 0.0181504 0.00524711 0.00149024 0.000271911 2.84966e-05 1.84524e-06 6.08393e-08
 1.1301e-39 5.53107e-33 6.22365e-27 1.61e-21 9.57527e-17 1.30925e-12 4.11563e-09 2.97437e-06 0.000494196 0.0188777 0.165783 0.334723 0.155914 0.031077 0.0889357 0.124568 0.0444489 0.0181143 0.0125717 0.00339674 0.000887917 0.00017998 2.24432e-05 1.50207e-06 4.69045e-08
 1.1301e-39 5.53107e-33 6.22365e-27 1.61e-21 9.57527e-17 1.30925e-12 4.11563e-09 2.97437e-06 0.000494196 0.0188777 0.165783 0.334723 0.155914 0.031077 0.0889357 0.124568 0.0444489 0.0181143 0.0125717 0.00339674 0.000887917 0.00017998 2.24432e-05 1.50207e-06 4.69045e-08
#pred catch len freq
 2.13877e-27 2.15591e-27 4.79004e-27 9.00886e-22 5.35791e-17 7.32598e-13 2.30293e-09 1.66434e-06 0.000276527 0.0105631 0.0927661 0.187301 0.0876904 0.0292736 0.122349 0.172471 0.0711729 0.059932 0.0523843 0.0321375 0.0246607 0.0189598 0.0172957 0.0147731 0.00599155
 2.13818e-27 2.15576e-27 4.83396e-27 9.15873e-22 5.44704e-17 7.44786e-13 2.34124e-09 1.69202e-06 0.000281127 0.0107389 0.0943093 0.190419 0.0893052 0.0339052 0.149692 0.210748 0.0819483 0.0548754 0.0433605 0.0176211 0.00950116 0.005467 0.00386043 0.00284883 0.00111762
 2.13838e-27 2.15661e-27 4.94803e-27 9.54647e-22 5.67765e-17 7.76317e-13 2.44036e-09 1.76366e-06 0.000293029 0.0111935 0.098302 0.198479 0.0930083 0.033276 0.143423 0.202075 0.0812896 0.0622383 0.048874 0.0168006 0.00664804 0.0023272 0.00101246 0.000558901 0.000198996
 2.13828e-27 2.1564e-27 4.92895e-27 9.48179e-22 5.63918e-17 7.71057e-13 2.42383e-09 1.75171e-06 0.000291044 0.0111177 0.0976359 0.197135 0.0923962 0.0335299 0.145378 0.204783 0.0815819 0.060279 0.0477932 0.0180249 0.00739208 0.00200388 0.00047549 0.000141617 3.94066e-05
 2.13879e-27 2.15765e-27 5.05891e-27 9.92251e-22 5.90129e-17 8.06896e-13 2.53649e-09 1.83313e-06 0.000304572 0.0116344 0.102174 0.206297 0.0966241 0.0333171 0.141318 0.199031 0.0791687 0.0581337 0.0458569 0.016813 0.00689441 0.00196914 0.000394171 5.89383e-05 8.90188e-06
 2.13772e-27 2.15498e-27 4.77124e-27 8.94644e-22 5.32079e-17 7.27523e-13 2.28698e-09 1.6528e-06 0.000274611 0.01049 0.0921233 0.186005 0.087296 0.0347331 0.156078 0.21977 0.0856015 0.0576893 0.044966 0.0162288 0.00650642 0.00182284 0.000364671 4.50597e-05 3.49723e-06
 2.13655e-27 2.15216e-27 4.4814e-27 7.96369e-22 4.73631e-17 6.47606e-13 2.03576e-09 1.47125e-06 0.000244445 0.00933765 0.0820037 0.165574 0.0778545 0.0348435 0.162911 0.229572 0.0914166 0.0673574 0.052537 0.0176391 0.00654173 0.00177675 0.000345525 4.11979e-05 2.57125e-06
 2.13996e-27 2.16053e-27 5.36394e-27 1.09573e-21 6.51669e-17 8.91042e-13 2.801e-09 2.02429e-06 0.000336333 0.0128477 0.112829 0.227809 0.10653 0.0322579 0.128368 0.180806 0.0731495 0.0571752 0.0450062 0.0154268 0.0057247 0.001442 0.000258721 2.95643e-05 1.74447e-06
 2.14282e-27 2.16735e-27 6.05913e-27 1.33142e-21 7.91846e-17 1.08271e-12 3.40351e-09 2.45973e-06 0.00040868 0.0156113 0.137099 0.276809 0.129184 0.0322845 0.113762 0.159801 0.0600792 0.0342196 0.026148 0.00958821 0.00382407 0.000986302 0.000172466 1.82569e-05 1.01094e-06
 2.1379e-27 2.15521e-27 4.76696e-27 8.93056e-22 5.31134e-17 7.26231e-13 2.28292e-09 1.64987e-06 0.000274124 0.0104713 0.0919598 0.185676 0.087233 0.0371162 0.170726 0.240051 0.087843 0.0427477 0.0312636 0.00996267 0.00351271 0.000961028 0.000180286 1.91596e-05 1.00832e-06
 2.13818e-27 2.15614e-27 4.899e-27 9.38008e-22 5.57869e-17 7.62786e-13 2.39783e-09 1.73292e-06 0.000287922 0.0109984 0.0965886 0.19502 0.0914239 0.0336729 0.14689 0.207 0.0836714 0.0650884 0.0500514 0.014129 0.00404866 0.000944573 0.000163529 1.81731e-05 9.84954e-07
 2.142e-27 2.16539e-27 5.86053e-27 1.26409e-21 7.51803e-17 1.02796e-12 3.23139e-09 2.33534e-06 0.000388013 0.0148218 0.130166 0.262811 0.12271 0.0322063 0.117503 0.165211 0.0638481 0.0415675 0.0321955 0.0113752 0.00417731 0.00088155 0.000121719 1.17353e-05 6.22503e-07
 2.13997e-27 2.16029e-27 5.30479e-27 1.0755e-21 6.39639e-17 8.74593e-13 2.74929e-09 1.98692e-06 0.000330124 0.0126105 0.110746 0.223605 0.104702 0.0353572 0.148556 0.208779 0.0764906 0.0375188 0.0276425 0.00923577 0.00339274 0.00087728 0.000141861 1.2091e-05 5.36822e-07
 2.13825e-27 2.15618e-27 4.88634e-27 9.3363e-22 5.55265e-17 7.59226e-13 2.38664e-09 1.72483e-06 0.000286578 0.0109471 0.0961378 0.194111 0.0910625 0.0352479 0.156779 0.220666 0.0847725 0.0536174 0.0403263 0.0115826 0.00345423 0.000845289 0.000147058 1.47166e-05 6.6725e-07
 2.13757e-27 2.15452e-27 4.71241e-27 8.74638e-22 5.2018e-17 7.11254e-13 2.23584e-09 1.61584e-06 0.00026847 0.0102554 0.0900633 0.181846 0.0854084 0.035671 0.163058 0.229535 0.0881297 0.0556222 0.0421472 0.0129303 0.0040711 0.000856133 0.000123122 1.21341e-05 6.07556e-07
 2.13883e-27 2.15766e-27 5.04961e-27 9.8905e-22 5.88225e-17 8.04293e-13 2.52831e-09 1.82721e-06 0.000303589 0.0115969 0.101844 0.205632 0.096347 0.0341301 0.146483 0.206234 0.0807558 0.0555904 0.0426049 0.0131568 0.00423681 0.000938061 0.000132829 1.12201e-05 5.09506e-07
 2.1398e-27 2.15994e-27 5.27617e-27 1.06583e-21 6.33889e-17 8.6673e-13 2.72458e-09 1.96906e-06 0.000327156 0.0124972 0.109751 0.221594 0.103749 0.0347108 0.145216 0.204209 0.076758 0.0436178 0.0327219 0.0104347 0.00350121 0.000786101 0.000114621 9.80761e-06 4.1162e-07
 2.13858e-27 2.15695e-27 4.95943e-27 9.58387e-22 5.69989e-17 7.79359e-13 2.44992e-09 1.77057e-06 0.000294177 0.0112374 0.0986871 0.199258 0.0934587 0.0356907 0.15793 0.222162 0.0835616 0.0476234 0.0354429 0.0105267 0.00325228 0.000748147 0.000114065 1.00383e-05 4.28555e-07
 2.13947e-27 2.15916e-27 5.2002e-27 1.04009e-21 6.18581e-17 8.45799e-13 2.65878e-09 1.92151e-06 0.000319256 0.0121954 0.1071 0.216243 0.101261 0.0343491 0.144621 0.203494 0.0782236 0.0496263 0.0374437 0.0110078 0.00329546 0.000707295 0.000101821 9.14692e-06 4.04396e-07
 2.13888e-27 2.15765e-27 5.03178e-27 9.82916e-22 5.84578e-17 7.99306e-13 2.51263e-09 1.81588e-06 0.000301706 0.011525 0.101213 0.204357 0.0958165 0.0356968 0.15643 0.219999 0.0821175 0.0449219 0.0333576 0.0102329 0.0032384 0.000688414 9.40893e-05 7.92337e-06 3.4279e-07
 2.13975e-27 2.15985e-27 5.27062e-27 1.06397e-21 6.32782e-17 8.65216e-13 2.71982e-09 1.96562e-06 0.000326585 0.0124753 0.109559 0.221207 0.103554 0.0342933 0.142784 0.200876 0.0769051 0.0478676 0.0359527 0.0103796 0.00304764 0.000667028 9.49113e-05 7.82935e-06 3.20794e-07
 2.13982e-27 2.15998e-27 5.27763e-27 1.06631e-21 6.34176e-17 8.67122e-13 2.72581e-09 1.96995e-06 0.000327304 0.0125028 0.1098 0.221695 0.103802 0.034903 0.146359 0.205794 0.0769764 0.0425968 0.031692 0.00973404 0.00307499 0.000645455 8.76109e-05 7.368e-06 3.04764e-07
 2.13877e-27 2.15742e-27 5.0112e-27 9.75959e-22 5.8044e-17 7.93648e-13 2.49484e-09 1.80303e-06 0.000299571 0.0114434 0.100497 0.202911 0.0951345 0.0353412 0.154696 0.217635 0.082389 0.0485438 0.0362841 0.0107269 0.00326491 0.000721399 0.000102601 8.39696e-06 3.41712e-07
 2.13991e-27 2.16027e-27 5.31777e-27 1.07998e-21 6.42303e-17 8.78235e-13 2.76074e-09 1.9952e-06 0.000331499 0.012663 0.111207 0.224535 0.105079 0.0339253 0.139534 0.196322 0.0756523 0.048549 0.0367947 0.0111063 0.00344633 0.00073951 0.000103781 8.82134e-06 3.63907e-07
 2.1389e-27 2.15773e-27 5.04357e-27 9.86931e-22 5.86966e-17 8.02571e-13 2.52289e-09 1.8233e-06 0.000302939 0.0115721 0.101626 0.205192 0.096191 0.0353937 0.154328 0.217073 0.081574 0.0462961 0.0347264 0.0110752 0.00370399 0.000817932 0.000115753 9.69411e-06 4.03356e-07
 2.13814e-27 2.15594e-27 4.86353e-27 9.25908e-22 5.50672e-17 7.52946e-13 2.3669e-09 1.71056e-06 0.000284207 0.0108565 0.0953426 0.192505 0.0903142 0.035088 0.156286 0.220004 0.0849625 0.05506 0.0417524 0.0125446 0.00393839 0.000909329 0.000137767 1.18672e-05 4.94225e-07
 2.13896e-27 2.15792e-27 5.07054e-27 9.96115e-22 5.92428e-17 8.10039e-13 2.54637e-09 1.84027e-06 0.000305758 0.0116797 0.102572 0.207101 0.0970465 0.0346703 0.149337 0.210151 0.0806922 0.0509466 0.038654 0.0119932 0.00386754 0.000846441 0.000123187 1.10558e-05 4.82188e-07
 2.14007e-27 2.16062e-27 5.3505e-27 1.09106e-21 6.48892e-17 8.87245e-13 2.78907e-09 2.01567e-06 0.0003349 0.0127929 0.112348 0.226839 0.106156 0.0342509 0.140828 0.198063 0.0751446 0.0447822 0.033712 0.0104594 0.0033998 0.000765008 0.000111934 9.68126e-06 4.21498e-07
 2.14441e-27 2.17118e-27 6.45278e-27 1.4649e-21 8.7123e-17 1.19125e-12 3.74471e-09 2.70632e-06 0.00044965 0.0171763 0.150843 0.304559 0.142001 0.0319507 0.103361 0.144999 0.0529845 0.0255402 0.018505 0.00549994 0.00168986 0.000377409 5.58942e-05 4.90485e-06 2.11021e-07
#obs catch len freq
 4.08431e-40 1.99899e-33 2.24929e-27 5.81871e-22 3.4606e-17 4.73175e-13 1.48743e-09 1.07497e-06 0.000178608 0.00682258 0.0599159 0.12098 0.0572766 0.0358716 0.182625 0.257483 0.102823 0.0766922 0.0610994 0.023743 0.0104169 0.00322882 0.000731985 0.000102366 7.36669e-06
 4.20019e-40 2.0557e-33 2.31311e-27 5.98379e-22 3.55879e-17 4.866e-13 1.52963e-09 1.10547e-06 0.000183675 0.00701615 0.0616158 0.124413 0.0588783 0.0362699 0.184022 0.259376 0.102479 0.0732991 0.0578639 0.0217939 0.00926596 0.0028108 0.000621812 8.43852e-05 5.84943e-06
 5.72342e-40 2.80122e-33 3.15198e-27 8.15386e-22 4.84941e-17 6.63069e-13 2.08436e-09 1.50637e-06 0.000250286 0.00956061 0.0839612 0.169527 0.0796913 0.0350876 0.163208 0.229889 0.0900879 0.0622995 0.0487649 0.0177654 0.0072635 0.00212483 0.000453764 5.9849e-05 4.02554e-06
 5.18875e-40 2.53953e-33 2.85752e-27 7.39215e-22 4.39638e-17 6.01127e-13 1.88965e-09 1.36565e-06 0.000226905 0.00866748 0.0761178 0.153692 0.0724929 0.0383486 0.187888 0.264273 0.0967824 0.0473717 0.0351422 0.0124173 0.00488858 0.00137275 0.000279415 3.53616e-05 2.3005e-06
 6.0207e-40 2.94672e-33 3.31569e-27 8.57739e-22 5.10129e-17 6.9751e-13 2.19263e-09 1.58462e-06 0.000263286 0.0100572 0.0883223 0.178333 0.0838192 0.0366072 0.169832 0.238959 0.0897811 0.0508655 0.0377233 0.0109648 0.00338693 0.000890191 0.000172186 2.07024e-05 1.28672e-06
 5.47573e-40 2.67999e-33 3.01557e-27 7.801e-22 4.63954e-17 6.34374e-13 1.99416e-09 1.44118e-06 0.000239455 0.00914686 0.0803277 0.162192 0.0764299 0.0385455 0.186528 0.262286 0.0951641 0.0437896 0.0316118 0.00978744 0.00314332 0.000686722 0.000107098 1.17814e-05 6.92865e-07
 4.06917e-40 1.99158e-33 2.24095e-27 5.79714e-22 3.44777e-17 4.71421e-13 1.48192e-09 1.07098e-06 0.000177945 0.00679728 0.0596938 0.120533 0.0572169 0.0397922 0.206695 0.29087 0.107445 0.0553363 0.0402652 0.0112232 0.00314043 0.000699048 0.000103788 9.38336e-06 4.72653e-07
 3.91475e-40 1.916e-33 2.15591e-27 5.57714e-22 3.31694e-17 4.53531e-13 1.42568e-09 1.03034e-06 0.000171193 0.00653934 0.0574285 0.115959 0.0550195 0.0375896 0.194628 0.274275 0.107212 0.0732334 0.0557358 0.0162994 0.00478993 0.000976466 0.000130743 1.13061e-05 5.02285e-07
 9.76807e-40 4.7808e-33 5.37943e-27 1.39161e-21 8.27641e-17 1.13165e-12 3.55735e-09 2.5709e-06 0.000427159 0.0163169 0.143295 0.28932 0.134928 0.0311978 0.103357 0.145233 0.0562846 0.0370897 0.0285973 0.00966715 0.00343018 0.000744684 0.000100244 7.96403e-06 3.25189e-07
 6.91545e-40 3.38463e-33 3.80844e-27 9.85208e-22 5.8594e-17 8.01167e-13 2.51848e-09 1.82011e-06 0.000302413 0.0115518 0.101448 0.204834 0.0961741 0.0393503 0.178589 0.250593 0.0842151 0.0179061 0.0101729 0.00332596 0.00118883 0.000295998 4.69124e-05 3.93963e-06 1.55805e-07
 3.03563e-40 1.48573e-33 1.67177e-27 4.3247e-22 2.57206e-17 3.51683e-13 1.10552e-09 7.98961e-07 0.000132748 0.00507082 0.044532 0.089923 0.0431992 0.0433649 0.237731 0.334291 0.118382 0.0453378 0.0303829 0.00649906 0.000932517 0.000185755 3.08773e-05 2.9819e-06 1.31423e-07
 8.57028e-40 4.19456e-33 4.71978e-27 1.22096e-21 7.26153e-17 9.92883e-13 3.12114e-09 2.25565e-06 0.00037478 0.0143161 0.125724 0.253844 0.11853 0.0312998 0.114673 0.161528 0.0668212 0.056209 0.0430883 0.0108717 0.00234319 0.000344829 2.7172e-05 2.02634e-06 9.53412e-08
 7.92276e-40 3.87764e-33 4.36318e-27 1.12871e-21 6.71288e-17 9.17866e-13 2.88532e-09 2.08523e-06 0.000346463 0.0132345 0.116225 0.234668 0.109896 0.0374594 0.158054 0.221716 0.0749337 0.0173694 0.0104708 0.00387007 0.00145603 0.000271414 2.59496e-05 1.34803e-06 3.74277e-08
 4.85909e-40 2.37819e-33 2.67597e-27 6.92249e-22 4.11707e-17 5.62934e-13 1.76959e-09 1.27889e-06 0.000212489 0.00811679 0.0712817 0.14393 0.0681054 0.0417097 0.211349 0.296914 0.102575 0.0311182 0.0195951 0.00425147 0.000667136 0.000148029 2.29168e-05 1.55872e-06 4.30267e-08
 5.16529e-40 2.52805e-33 2.8446e-27 7.35872e-22 4.37651e-17 5.98408e-13 1.8811e-09 1.35948e-06 0.000225879 0.00862828 0.0757735 0.152997 0.0721667 0.0382182 0.187302 0.263567 0.098294 0.0534202 0.0385549 0.0089928 0.00160588 0.000229979 1.97732e-05 1.52437e-06 5.93619e-08
 3.70303e-40 1.81238e-33 2.03932e-27 5.27552e-22 3.13755e-17 4.29003e-13 1.34858e-09 9.74618e-07 0.000161934 0.00618568 0.0543226 0.109689 0.052243 0.0408445 0.216387 0.304435 0.11091 0.0524218 0.0377704 0.0109776 0.00309024 0.000513852 4.26358e-05 2.14263e-06 6.23646e-08
 7.17778e-40 3.51303e-33 3.95291e-27 1.02258e-21 6.08168e-17 8.31559e-13 2.61401e-09 1.88915e-06 0.000313885 0.01199 0.105296 0.212602 0.0995707 0.0341568 0.144544 0.203466 0.0793258 0.0535652 0.0404294 0.0110888 0.00296839 0.00060396 7.26059e-05 4.26498e-06 1.06373e-07
 4.78123e-40 2.34008e-33 2.6331e-27 6.81157e-22 4.0511e-17 5.53914e-13 1.74123e-09 1.25839e-06 0.000209084 0.00798673 0.0701395 0.141623 0.0670333 0.0415521 0.211082 0.296545 0.102494 0.0313159 0.0205849 0.00667826 0.00224125 0.000453431 5.61451e-05 4.13072e-06 1.3421e-07
 5.51907e-40 2.7012e-33 3.03943e-27 7.86273e-22 4.67626e-17 6.39394e-13 2.00994e-09 1.45259e-06 0.00024135 0.00921924 0.0809634 0.163475 0.0769936 0.0377574 0.181331 0.255137 0.0951311 0.0516438 0.0372678 0.00872556 0.00169435 0.000360081 5.28223e-05 4.08772e-06 1.47759e-07
 6.03541e-40 2.95391e-33 3.32379e-27 8.59833e-22 5.11375e-17 6.99213e-13 2.19798e-09 1.58849e-06 0.000263929 0.0100818 0.088538 0.178768 0.084081 0.0382143 0.17951 0.252324 0.0907178 0.0391403 0.0276954 0.00800474 0.00223845 0.000379528 3.7654e-05 2.92158e-06 1.17634e-07
 4.69138e-40 2.29611e-33 2.58362e-27 6.68357e-22 3.97497e-17 5.43505e-13 1.70851e-09 1.23475e-06 0.000205155 0.00783665 0.0688215 0.138962 0.0657609 0.0404333 0.205054 0.288295 0.102967 0.0422579 0.0293021 0.00773098 0.00193471 0.000387227 4.67603e-05 2.96827e-06 9.65956e-08
 7.11725e-40 3.4834e-33 3.91958e-27 1.01396e-21 6.03039e-17 8.24547e-13 2.59197e-09 1.87322e-06 0.000311238 0.0118889 0.104408 0.21081 0.0987987 0.0356687 0.154314 0.216996 0.0808303 0.0436662 0.0317769 0.00820348 0.0019277 0.000354217 4.13499e-05 2.99499e-06 1.0084e-07
 4.94537e-40 2.42041e-33 2.72349e-27 7.04541e-22 4.19016e-17 5.72929e-13 1.80101e-09 1.30159e-06 0.000216261 0.00826091 0.0725473 0.146485 0.0692661 0.0411623 0.207237 0.291167 0.101166 0.0326205 0.0215036 0.00622064 0.00177818 0.000329691 3.5852e-05 2.43232e-06 8.39168e-08
 5.9705e-40 2.92215e-33 3.28805e-27 8.50586e-22 5.05876e-17 6.91694e-13 2.17434e-09 1.5714e-06 0.000261091 0.00997333 0.0875858 0.176846 0.0831635 0.0374513 0.175433 0.246757 0.0912685 0.0473226 0.0339463 0.00805847 0.00158748 0.000303409 3.81218e-05 2.61502e-06 8.50842e-08
 6.26808e-40 3.06779e-33 3.45193e-27 8.92981e-22 5.31089e-17 7.26169e-13 2.28272e-09 1.64972e-06 0.000274104 0.0104704 0.0919513 0.18566 0.0872682 0.0382468 0.177632 0.249613 0.0889119 0.0357498 0.0248728 0.0070595 0.00192657 0.000328058 3.17089e-05 2.17625e-06 7.64225e-08
 4.7587e-40 2.32905e-33 2.62069e-27 6.77947e-22 4.03201e-17 5.51304e-13 1.73303e-09 1.25246e-06 0.000208099 0.0079491 0.069809 0.140956 0.0666886 0.0405893 0.205406 0.288749 0.102573 0.0403338 0.0276271 0.00707864 0.00166637 0.000324234 3.83993e-05 2.40112e-06 7.30128e-08
 5.21598e-40 2.55286e-33 2.87252e-27 7.43093e-22 4.41946e-17 6.04281e-13 1.89956e-09 1.37282e-06 0.000228095 0.00871295 0.0765172 0.154499 0.0728574 0.0381293 0.186307 0.262151 0.0975881 0.0525251 0.0381478 0.00970185 0.00219848 0.000389418 4.30216e-05 3.01245e-06 9.93422e-08
 5.68334e-40 2.7816e-33 3.1299e-27 8.09676e-22 4.81544e-17 6.58425e-13 2.06976e-09 1.49582e-06 0.000248533 0.00949365 0.0833732 0.168341 0.0792648 0.0383391 0.183415 0.257895 0.0936015 0.0431451 0.0309164 0.00892509 0.00252808 0.000460445 4.81219e-05 3.10945e-06 1.02354e-07
 1.0482e-39 5.13024e-33 5.77262e-27 1.49332e-21 8.88135e-17 1.21436e-12 3.81737e-09 2.75882e-06 0.000458382 0.0175096 0.153769 0.310467 0.144747 0.0323216 0.103844 0.145574 0.0517471 0.020465 0.0141014 0.00378891 0.000980368 0.000197832 2.45732e-05 1.64066e-06 5.11322e-08
#spawning biomass
 3583.72 3085.1 3490.76 4478.01 5576.58 6761.28 6920.72 5600.02 7160.87 14358 16149.1 15480.8 25287.7 36172.6 30648.6 25797.4 22060.2 24440.7 23467.1 22098.9 22084.5 23019.6 27181.1 27959.9 32132.1 35406.7 29595 28990.5 31557.7 19936.6 59532.6 76345.7 56075.5 39511.9 30659.6 26413 24479.9 23627.7 23259.9 23103.3 23037.2 23009.6 22998.1 22993.3 22991.3 22990.5 22990.1 22990 22989.9 22989.9 22989.9 22989.9 22989.9 22989.9 22989.9 22989.9 22989.9 22989.9 22989.9 22989.9 22989.9 22989.9 22989.9 22989.9 22989.9 22989.9 22989.9 22989.9 22989.9 22989.9 22989.9 22989.9 22989.9 22989.9 22989.9 22989.9 22989.9 22989.9 22989.9 22989.9 22989.9 22989.9 22989.9 22989.9 22989.9 22989.9 22989.9 22989.9 22989.9 22989.9 22989.9 22989.9 22989.9 22989.9 22989.9 22989.9 22989.9 22989.9 22989.9 22989.9 22989.9 22989.9 22989.9 22989.9 22989.9 22989.9 22989.9 22989.9 22989.9 22989.9 22989.9 22989.9 22989.9 22989.9 22989.9 22989.9 22989.9 22989.9 22989.9 22989.9 22989.9 22989.9 22989.9 22989.9 22989.9 22989.9 22989.9 22989.9 22989.9 0 0 0 0 0 0 0 0 0 0 0 0 0 0 0 0 0 0 0 0 0 0 0 0 0
