SBPRF35
0.246542
Curr Bio
31694.6
B35
77514.2
F35
0.477817
FOFL
0.198022
OFL
8120.64
Bzero
70440.7
#pred survey bio
 9132.11 6388.98 7267.81 9232.39 12510 15368.1 15150.4 13626.4 21527 33990.7 34981.5 40291 65335.4 77896 67231 55815.7 48298.1 53193.3 54383.2 54206.2 59295.1 63354.5 70428.8 67836.7 77302.6 72832.8 69625.5 67077 84745.6 3.23657e+06 2.53381e+06 2.22703e+06 1.67811e+06 1.28879e+06 1.06549e+06 946812 885383 853525 836642 827376 822072 818905 816939 815678 814848 814297 813927 813676 813505 813387 813306 813251 813213 813186 813168 813156 813147 813141 813137 813134 813132 813131 813130 813129 813129 813128 813128 813128 813128 813128 813128 813128 813128 813128 813128 813128 813128 813128 813128 813128 813128 813128 813128 813128 813128 813128 813128 813128 813128 813128 813128 813128 813128 813128 813128 813128 813128 813128 813128 813128 813128 813128 813128 813128 813128 813128 813128 813128 813128 813128 813128 813128 813128 813128 813128 813128 813128 813128 813128 813128 813128 813128 813128 813128 813128 813128 813128 813128 813128 0 0 0 0 0 0 0 0 0 0 0 0 0 0 0 0 0 0 0 0 0 0 0 0 0
#obs survey bio
 8203.83 3727.37 7003.62 9395.98 17741.6 12335.8 12527.5 23544.2 31315.4 32730.1 41821 61489.6 49968.5 83037.1 61836.3 44070.1 61119.8 65467.5 56729.5 57883.8 102384 73031.7 63771.3 78096.2 87196 71759.3 73197 71693.7 75749.1
#pred catch bio
 6090.16 3492.75 3737.46 4463.27 6119.53 8326.79 9894.72 7682.85 8434.54 19331.4 23221 18404.2 34725.8 49919.9 44446.9 39373 28146 32866.6 34625.5 31717 36445.6 35446.7 46354.2 38574.1 49417.5 45768.3 46268.1 40035.6 56356.6 8120.64 32163 30588.2 21927.2 15851.3 12557.1 10927.2 10159.6 9809.14 9652.34 9583.13 9552.87 9539.72 9534.03 9531.58 9530.52 9530.07 9529.88 9529.79 9529.76 9529.74 9529.73 9529.73 9529.73 9529.73 9529.73 9529.73 9529.73 9529.73 9529.73 9529.73 9529.73 9529.73 9529.73 9529.73 9529.73 9529.73 9529.73 9529.73 9529.73 9529.73 9529.73 9529.73 9529.73 9529.73 9529.73 9529.73 9529.73 9529.73 9529.73 9529.73 9529.73 9529.73 9529.73 9529.73 9529.73 9529.73 9529.73 9529.73 9529.73 9529.73 9529.73 9529.73 9529.73 9529.73 9529.73 9529.73 9529.73 9529.73 9529.73 9529.73 9529.73 9529.73 9529.73 9529.73 9529.73 9529.73 9529.73 9529.73 9529.73 9529.73 9529.73 9529.73 9529.73 9529.73 9529.73 9529.73 9529.73 9529.73 9529.73 9529.73 9529.73 9529.73 9529.73 9529.73 9529.73 9529.73 9529.73 9529.73 9529.73 0 0 0 0 0 0 0 0 0 0 0 0 0 0 0 0 0 0 0 0 0 0 0 0 0
#obs catch bio
 3168.4 3568.33 3714.45 4439.98 5974.52 8197.03 10202.9 7674.6 8158.96 18761.9 23818.2 17809.4 34005.4 49683.1 44393 40938.9 27556.1 32906.4 34844 31437 35661.6 34466 46208.4 37935.8 48819.3 45970.8 46881.3 39718 56607.3
#pred cpue bio
 6757.47 4014.8 4382.63 5486.37 7421.72 9589.55 10037.1 8087.98 10917.9 20670.1 22073.4 21079.8 36914.3 47955.1 42751.7 34860.2 27860.2 32230.9 32494.9 32243.3 35661.5 37168.3 43367 39587.1 46526.4 44459.6 42543 38927.4 46820.7 1.81433e+06 2.03124e+06 2.04641e+06 1.52762e+06 1.13627e+06 912066 793207 731746 699883 682998 673732 668429 665262 663296 662035 661205 660654 660284 660032 659861 659744 659663 659608 659569 659543 659525 659512 659504 659498 659493 659491 659489 659487 659486 659486 659485 659485 659485 659485 659484 659484 659484 659484 659484 659484 659484 659484 659484 659484 659484 659484 659484 659484 659484 659484 659484 659484 659484 659484 659484 659484 659484 659484 659484 659484 659484 659484 659484 659484 659484 659484 659484 659484 659484 659484 659484 659484 659484 659484 659484 659484 659484 659484 659484 659484 659484 659484 659484 659484 659484 659484 659484 659484 659484 659484 659484 659484 659484 659484 659484 0 0 0 0 0 0 0 0 0 0 0 0 0 0 0 0 0 0 0 0 0 0 0 0 0
#obs cpue bio
 4132.9 3940.51 6344.27 5825 9545.47 10996.1 6626.65 8740.33 11881.9 22985.5 16767.5 27414.9 41132.3 53937.7 39595.7 28731.6 30108.7 24636.7 28554.3 32776.9 45444.4 37195.4 52565.7 43376.8 46319.7 37633.2 35892.1 48573.8 47460.8
#pred surv len freq
 2.14133e-27 2.16223e-27 5.45453e-27 1.12626e-21 6.69829e-17 9.15871e-13 2.87905e-09 2.0807e-06 0.000345705 0.0132057 0.115973 0.234155 0.109309 0.0281397 0.101306 0.142675 0.0589228 0.049771 0.0438524 0.0278095 0.021873 0.0172049 0.0159973 0.0138237 0.00563261
 2.14281e-27 2.16711e-27 6.02459e-27 1.31969e-21 7.84869e-17 1.07317e-12 3.37352e-09 2.43805e-06 0.000405079 0.0154737 0.135891 0.27437 0.128033 0.0316494 0.110619 0.155421 0.0590983 0.0356809 0.0277246 0.0110265 0.00591039 0.00349158 0.00253846 0.00190967 0.000754934
 2.14359e-27 2.16925e-27 6.26365e-27 1.40081e-21 8.33117e-17 1.13914e-12 3.5809e-09 2.58793e-06 0.00042998 0.016425 0.144245 0.291236 0.13581 0.0311099 0.102243 0.143652 0.0555719 0.0363213 0.0279043 0.00930846 0.00355003 0.00122455 0.000543813 0.00031007 0.000111972
 2.1438e-27 2.16976e-27 6.31537e-27 1.41835e-21 8.43546e-17 1.1534e-12 3.62572e-09 2.62032e-06 0.000435362 0.0166305 0.14605 0.294881 0.137503 0.0313024 0.10232 0.143697 0.0547341 0.0332951 0.025535 0.00898967 0.00343874 0.000898162 0.000206739 6.2638e-05 1.78754e-05
 2.1439e-27 2.17003e-27 6.34523e-27 1.42848e-21 8.49574e-17 1.16164e-12 3.65163e-09 2.63905e-06 0.000438474 0.0167494 0.147094 0.296988 0.138469 0.0310974 0.100433 0.141059 0.054103 0.0340112 0.0261043 0.00895907 0.00338956 0.000903825 0.000169412 2.4402e-05 3.71568e-06
 2.14223e-27 2.16592e-27 5.91249e-27 1.28169e-21 7.62272e-17 1.04227e-12 3.27639e-09 2.36786e-06 0.000393416 0.0150282 0.131979 0.266471 0.12441 0.0324059 0.117619 0.16531 0.0630149 0.0384715 0.0294741 0.0102671 0.0039161 0.00102588 0.00018832 2.15678e-05 1.59175e-06
 2.14042e-27 2.16157e-27 5.46398e-27 1.12961e-21 6.71825e-17 9.186e-13 2.88763e-09 2.0869e-06 0.000346735 0.0132451 0.116319 0.234854 0.109807 0.0327785 0.129423 0.182152 0.0717222 0.0505474 0.0392352 0.013179 0.00485402 0.0012752 0.000232853 2.55234e-05 1.46539e-06
 2.14417e-27 2.17074e-27 6.42587e-27 1.45586e-21 8.65859e-17 1.18391e-12 3.72163e-09 2.68963e-06 0.000446878 0.0170704 0.149914 0.30268 0.141073 0.0303578 0.0942026 0.132356 0.0521021 0.0366907 0.0285606 0.00980079 0.0036449 0.000917872 0.000161438 1.74729e-05 9.54187e-07
 2.14726e-27 2.17817e-27 7.19489e-27 1.71664e-21 1.02095e-16 1.39597e-12 4.38825e-09 3.1714e-06 0.000526924 0.0201281 0.176766 0.356895 0.166102 0.0294135 0.0720973 0.100911 0.0371185 0.0186724 0.0139269 0.00493756 0.00191171 0.000493388 8.64574e-05 9.02588e-06 4.79161e-07
 2.14219e-27 2.16571e-27 5.87186e-27 1.26783e-21 7.54026e-17 1.031e-12 3.24095e-09 2.34224e-06 0.00038916 0.0148657 0.130551 0.263589 0.123138 0.0340351 0.128434 0.180318 0.0651309 0.0290619 0.0208913 0.00658537 0.00227651 0.00060732 0.000112039 1.18831e-05 6.19501e-07
 2.14211e-27 2.16568e-27 5.89258e-27 1.27497e-21 7.58276e-17 1.03681e-12 3.25922e-09 2.35545e-06 0.000391354 0.0149494 0.131287 0.265074 0.123742 0.0318168 0.114444 0.160991 0.0636701 0.0456135 0.0347446 0.00975046 0.00276458 0.000638367 0.000108194 1.17646e-05 6.30942e-07
 2.14671e-27 2.17686e-27 7.05808e-27 1.67025e-21 9.93359e-17 1.35824e-12 4.26965e-09 3.08569e-06 0.000512683 0.0195841 0.171989 0.347249 0.16165 0.0296236 0.0762876 0.106868 0.0399107 0.021914 0.0164698 0.00554047 0.00193465 0.000402585 5.47067e-05 5.1685e-06 2.68045e-07
 2.14442e-27 2.17118e-27 6.44954e-27 1.46378e-21 8.70567e-17 1.19034e-12 3.74186e-09 2.70426e-06 0.000449308 0.0171633 0.150729 0.304327 0.141905 0.0322418 0.105208 0.147546 0.0531028 0.0231021 0.0165574 0.00529989 0.00183605 0.000453769 7.06016e-05 5.89795e-06 2.566e-07
 2.14226e-27 2.16594e-27 5.90638e-27 1.27958e-21 7.61017e-17 1.04056e-12 3.271e-09 2.36396e-06 0.000392768 0.0150035 0.131761 0.266033 0.12423 0.0330308 0.121567 0.17081 0.0641349 0.0362022 0.0267182 0.00744368 0.00209584 0.000487153 7.96675e-05 7.60632e-06 3.34362e-07
 2.1413e-27 2.16362e-27 5.66589e-27 1.19803e-21 7.12514e-17 9.74236e-13 3.06252e-09 2.21329e-06 0.000367736 0.0140472 0.123364 0.249078 0.116406 0.0334012 0.128938 0.18127 0.0687707 0.0409662 0.0307222 0.009213 0.0027998 0.000569441 7.71227e-05 7.12596e-06 3.37815e-07
 2.1422e-27 2.16587e-27 5.9069e-27 1.2798e-21 7.61148e-17 1.04073e-12 3.27156e-09 2.36437e-06 0.000392836 0.0150061 0.131784 0.266078 0.124224 0.0323062 0.117129 0.164666 0.0634596 0.0407469 0.0309415 0.00949362 0.00301901 0.000653674 8.91036e-05 7.1503e-06 3.04065e-07
 2.14407e-27 2.17034e-27 6.36585e-27 1.43541e-21 8.53696e-17 1.16728e-12 3.66935e-09 2.65185e-06 0.000440601 0.0168307 0.147808 0.298429 0.139173 0.0320911 0.106065 0.148836 0.0546729 0.027243 0.0199134 0.00607669 0.00192738 0.000425031 6.06049e-05 5.01513e-06 2.00853e-07
 2.14265e-27 2.16689e-27 6.00307e-27 1.31237e-21 7.80517e-17 1.06722e-12 3.35481e-09 2.42453e-06 0.000402832 0.0153879 0.135138 0.272849 0.12738 0.0330033 0.119344 0.167619 0.0622089 0.0329383 0.0241676 0.00698041 0.00205394 0.000452243 6.58651e-05 5.64301e-06 2.33967e-07
 2.14341e-27 2.1688e-27 6.21087e-27 1.38289e-21 8.22455e-17 1.12456e-12 3.53507e-09 2.55481e-06 0.000424477 0.0162147 0.142399 0.287509 0.134114 0.0318465 0.107864 0.151511 0.0575326 0.0344218 0.0257724 0.00758232 0.00226173 0.000473441 6.49453e-05 5.55498e-06 2.36351e-07
 2.14317e-27 2.16814e-27 6.13364e-27 1.35665e-21 8.06852e-17 1.10323e-12 3.468e-09 2.50634e-06 0.000416424 0.0159071 0.139697 0.282055 0.131628 0.0327686 0.115137 0.161643 0.0594767 0.0299423 0.0219399 0.00673162 0.00213393 0.00045495 6.16715e-05 5.01373e-06 2.06509e-07
 2.14321e-27 2.1683e-27 6.15848e-27 1.36511e-21 8.11886e-17 1.11011e-12 3.48964e-09 2.52198e-06 0.000419022 0.0160064 0.140569 0.283814 0.132412 0.0319969 0.109895 0.154381 0.0586259 0.0350849 0.0262455 0.00766547 0.0022947 0.000508206 7.31298e-05 6.02836e-06 2.41857e-07
 2.14378e-27 2.16967e-27 6.29932e-27 1.41287e-21 8.40288e-17 1.14894e-12 3.61172e-09 2.6102e-06 0.000433681 0.0165663 0.145486 0.293742 0.137 0.031943 0.106574 0.149615 0.0557918 0.0303623 0.0225773 0.00705497 0.00228607 0.000489556 6.81556e-05 5.81941e-06 2.41883e-07
 2.14235e-27 2.16617e-27 5.93188e-27 1.28824e-21 7.66167e-17 1.0476e-12 3.29313e-09 2.37996e-06 0.000395426 0.015105 0.132653 0.267833 0.125055 0.0328435 0.11988 0.168436 0.0633175 0.0359872 0.0268753 0.00825278 0.00265928 0.000606687 8.93115e-05 7.5085e-06 3.11972e-07
 2.14399e-27 2.17018e-27 6.35346e-27 1.43124e-21 8.51212e-17 1.16388e-12 3.65868e-09 2.64414e-06 0.000439319 0.0167817 0.147378 0.297561 0.138756 0.0316795 0.103815 0.145745 0.0546971 0.0308097 0.0228959 0.0068107 0.00208983 0.000464152 6.8768e-05 6.07688e-06 2.58467e-07
 2.14297e-27 2.16768e-27 6.08907e-27 1.34155e-21 7.9787e-17 1.09095e-12 3.4294e-09 2.47844e-06 0.000411789 0.01573 0.138142 0.278915 0.13017 0.0326049 0.115083 0.161621 0.0601884 0.0325093 0.0241219 0.00747832 0.00241165 0.000527007 7.53619e-05 6.5854e-06 2.87109e-07
 2.14248e-27 2.16647e-27 5.96026e-27 1.29785e-21 7.71884e-17 1.05541e-12 3.31771e-09 2.39772e-06 0.000398377 0.0152177 0.133643 0.269831 0.125986 0.0330138 0.120317 0.169013 0.0630013 0.0341959 0.0252212 0.00737393 0.00221363 0.000492891 7.20935e-05 6.17474e-06 2.63296e-07
 2.1427e-27 2.16706e-27 6.02756e-27 1.32071e-21 7.85475e-17 1.074e-12 3.37613e-09 2.43994e-06 0.000405392 0.0154857 0.135996 0.274582 0.128158 0.0323719 0.114967 0.161541 0.0613112 0.0365946 0.0274111 0.00812092 0.00245239 0.000520163 7.26585e-05 6.27772e-06 2.68257e-07
 2.14399e-27 2.17016e-27 6.34874e-27 1.42962e-21 8.50251e-17 1.16257e-12 3.65455e-09 2.64115e-06 0.000438823 0.0167627 0.147211 0.297225 0.138611 0.031973 0.105707 0.148364 0.0549432 0.0287384 0.0211534 0.00639257 0.00198805 0.000424754 5.82247e-05 4.80742e-06 2.00835e-07
 2.14527e-27 2.17331e-27 6.68026e-27 1.54207e-21 9.17129e-17 1.25401e-12 3.942e-09 2.84889e-06 0.000473339 0.0180812 0.15879 0.320603 0.149384 0.0310246 0.0928714 0.13024 0.04813 0.0248609 0.018199 0.00533625 0.00160117 0.000348991 4.93842e-05 4.08141e-06 1.65787e-07
#obs surv len freq
 8.67845e-40 4.2475e-33 4.77936e-27 1.23637e-21 7.35318e-17 1.00541e-12 3.16053e-09 2.28412e-06 0.00037951 0.0144968 0.127311 0.257048 0.120045 0.0321919 0.119152 0.167562 0.0650026 0.0430601 0.033681 0.0126691 0.00537201 0.00161944 0.000355496 4.78956e-05 3.29858e-06
 1.03858e-39 5.08313e-33 5.71962e-27 1.47961e-21 8.7998e-17 1.20321e-12 3.78231e-09 2.73349e-06 0.000454173 0.0173488 0.152357 0.307615 0.143364 0.0306174 0.0942995 0.132397 0.0507992 0.0320054 0.0247539 0.00898786 0.00366531 0.00107179 0.000227926 2.98139e-05 1.98865e-06
 9.68888e-40 4.74203e-33 5.33581e-27 1.38032e-21 8.2093e-17 1.12247e-12 3.52851e-09 2.55006e-06 0.000423696 0.0161846 0.142134 0.286975 0.133905 0.0328243 0.113993 0.159962 0.0579098 0.0262722 0.0191936 0.00670716 0.00261255 0.000732312 0.000148894 1.8773e-05 1.21231e-06
 1.05062e-39 5.14206e-33 5.78593e-27 1.49677e-21 8.90182e-17 1.21716e-12 3.82616e-09 2.76518e-06 0.000459438 0.0175499 0.154124 0.311182 0.145041 0.0313563 0.097736 0.137119 0.050862 0.0268486 0.0196936 0.00571304 0.0017562 0.000457513 8.78198e-05 1.05251e-05 6.5164e-07
 9.85886e-40 4.82523e-33 5.42942e-27 1.40454e-21 8.35333e-17 1.14217e-12 3.59041e-09 2.5948e-06 0.000431129 0.0164686 0.144627 0.292009 0.136234 0.0328697 0.112753 0.158181 0.0568597 0.0245096 0.0174689 0.00540571 0.00173547 0.000378689 5.87042e-05 6.39829e-06 3.73909e-07
 8.0939e-40 3.96141e-33 4.45744e-27 1.1531e-21 6.8579e-17 9.37694e-13 2.94765e-09 2.13027e-06 0.000353948 0.0135203 0.118736 0.239736 0.112138 0.0347669 0.14009 0.196841 0.0722523 0.0358132 0.0259069 0.00725993 0.00205078 0.000458131 6.81136e-05 6.13452e-06 3.06399e-07
 7.91387e-40 3.87329e-33 4.35829e-27 1.12745e-21 6.70535e-17 9.16836e-13 2.88208e-09 2.08289e-06 0.000346075 0.0132196 0.116095 0.234403 0.109626 0.0335167 0.134066 0.188605 0.0728174 0.0471305 0.0356848 0.0105713 0.00316938 0.000652394 8.8205e-05 7.65303e-06 3.393e-07
 1.3298e-39 6.50846e-33 7.32342e-27 1.8945e-21 1.12673e-16 1.5406e-12 4.84289e-09 3.49997e-06 0.000581524 0.0222135 0.195079 0.393868 0.183123 0.0274684 0.0490805 0.0684985 0.0261019 0.0159073 0.0121411 0.00410395 0.0014609 0.000321445 4.40875e-05 3.54249e-06 1.45522e-07
 1.10485e-39 5.40745e-33 6.08455e-27 1.57402e-21 9.36126e-17 1.27998e-12 4.02364e-09 2.90789e-06 0.00048315 0.0184557 0.162078 0.327242 0.152515 0.0326627 0.10087 0.14117 0.0472844 0.00952566 0.00524728 0.00169183 0.000596049 0.000148403 2.36983e-05 2.0194e-06 8.10141e-08
 6.36883e-40 3.1171e-33 3.50741e-27 9.07335e-22 5.39626e-17 7.37841e-13 2.31941e-09 1.67624e-06 0.00027851 0.0106387 0.0934293 0.188644 0.0886645 0.0386898 0.179437 0.252082 0.0887816 0.0324532 0.0215032 0.00459184 0.000653342 0.000128273 2.10967e-05 2.04108e-06 9.08242e-08
 1.23149e-39 6.02729e-33 6.782e-27 1.75444e-21 1.04343e-16 1.4267e-12 4.48486e-09 3.24122e-06 0.000538533 0.0205713 0.180657 0.364751 0.169676 0.0278734 0.060329 0.0845596 0.034614 0.0281206 0.0214922 0.00544329 0.00118271 0.000174083 1.35877e-05 9.97589e-07 4.66785e-08
 1.18087e-39 5.77952e-33 6.50321e-27 1.68232e-21 1.00054e-16 1.36805e-12 4.30049e-09 3.10797e-06 0.000516394 0.0197256 0.17323 0.349758 0.162872 0.0312666 0.0855617 0.119638 0.0403154 0.00894966 0.00529212 0.00197033 0.000746904 0.000139854 1.3448e-05 6.97292e-07 1.91077e-08
 8.80248e-40 4.3082e-33 4.84766e-27 1.25404e-21 7.45827e-17 1.01978e-12 3.2057e-09 2.31676e-06 0.000384934 0.014704 0.12913 0.260723 0.121875 0.0356863 0.139378 0.195509 0.0673355 0.0197554 0.0123082 0.00267449 0.000423526 9.50295e-05 1.4831e-05 1.01356e-06 2.80339e-08
 9.22648e-40 4.51572e-33 5.08116e-27 1.31445e-21 7.81752e-17 1.0689e-12 3.36011e-09 2.42836e-06 0.000403475 0.0154122 0.13535 0.27328 0.127589 0.0332485 0.120711 0.169525 0.0626279 0.0322445 0.0230788 0.00539991 0.000973591 0.000140127 1.21659e-05 9.48237e-07 3.71418e-08
 7.38701e-40 3.61543e-33 4.06814e-27 1.05239e-21 6.25895e-17 8.55798e-13 2.69021e-09 1.94422e-06 0.000323035 0.0123395 0.108366 0.218799 0.102514 0.0362398 0.155392 0.218329 0.0787425 0.034748 0.0247002 0.00714424 0.00199893 0.000333065 2.784e-05 1.40965e-06 4.14254e-08
 1.12272e-39 5.49495e-33 6.18301e-27 1.59949e-21 9.51274e-17 1.3007e-12 4.08875e-09 2.95495e-06 0.000490969 0.0187544 0.164701 0.332537 0.154859 0.0298856 0.0823217 0.115475 0.0443675 0.0280716 0.0209945 0.00570049 0.00149852 0.000302609 3.62089e-05 2.13042e-06 5.34433e-08
 8.73353e-40 4.27446e-33 4.80969e-27 1.24422e-21 7.39984e-17 1.01179e-12 3.18059e-09 2.29862e-06 0.000381918 0.0145888 0.128119 0.25868 0.12093 0.0356722 0.139907 0.196251 0.0675125 0.0195922 0.0126509 0.00406263 0.00134551 0.000269041 3.27602e-05 2.38747e-06 7.7315e-08
 9.54943e-40 4.67378e-33 5.25902e-27 1.36046e-21 8.09115e-17 1.10632e-12 3.47772e-09 2.51336e-06 0.000417598 0.0159517 0.140088 0.282845 0.131994 0.032799 0.115085 0.161588 0.0597477 0.0309193 0.0221414 0.00517771 0.00100036 0.000210318 3.04055e-05 2.31707e-06 8.25619e-08
 1.01318e-39 4.95883e-33 5.57975e-27 1.44343e-21 8.58462e-17 1.17379e-12 3.68982e-09 2.66664e-06 0.000443066 0.0169246 0.148632 0.300094 0.139964 0.0326525 0.108991 0.152855 0.0546685 0.0226879 0.0159301 0.00461677 0.00129639 0.000219662 2.16349e-05 1.65467e-06 6.55985e-08
 8.6734e-40 4.24503e-33 4.77657e-27 1.23565e-21 7.3489e-17 1.00483e-12 3.15869e-09 2.28279e-06 0.000379289 0.0144884 0.127237 0.256899 0.120084 0.0350715 0.136777 0.191975 0.0678795 0.0256937 0.0174916 0.00460864 0.00115179 0.000230838 2.79094e-05 1.76457e-06 5.67305e-08
 1.11421e-39 5.4533e-33 6.13614e-27 1.58736e-21 9.44063e-17 1.29084e-12 4.05775e-09 2.93255e-06 0.000487247 0.0186122 0.163452 0.330016 0.153724 0.0307082 0.0881029 0.123506 0.0456 0.0234077 0.0168777 0.00430893 0.000989954 0.000180943 2.11067e-05 1.52906e-06 5.13835e-08
 8.89618e-40 4.35406e-33 4.89926e-27 1.26739e-21 7.53766e-17 1.03064e-12 3.23982e-09 2.34142e-06 0.000389031 0.0148605 0.130505 0.263498 0.123144 0.0353191 0.136299 0.191195 0.0661248 0.0203292 0.0132095 0.00381612 0.00108698 0.000199303 2.12721e-05 1.43121e-06 4.92711e-08
 1.00385e-39 4.91314e-33 5.52835e-27 1.43013e-21 8.50553e-17 1.16298e-12 3.65583e-09 2.64208e-06 0.000438984 0.0167686 0.147262 0.297329 0.138671 0.0322717 0.1075 0.150862 0.0554728 0.0277699 0.0198074 0.00470972 0.000932101 0.00017817 2.22557e-05 1.50585e-06 4.82627e-08
 1.03163e-39 5.04911e-33 5.68134e-27 1.46971e-21 8.74091e-17 1.19516e-12 3.757e-09 2.71519e-06 0.000451133 0.0172327 0.151338 0.305558 0.142487 0.0325779 0.106888 0.149858 0.0531612 0.020688 0.0143042 0.00410152 0.00113762 0.000194679 1.88949e-05 1.2943e-06 4.50312e-08
 8.77326e-40 4.2939e-33 4.83157e-27 1.24988e-21 7.43351e-17 1.0164e-12 3.19506e-09 2.30908e-06 0.000383656 0.0146552 0.128702 0.259857 0.12145 0.0350157 0.135545 0.190225 0.0670747 0.0247935 0.0167426 0.00430413 0.00102301 0.00020129 2.41514e-05 1.51883e-06 4.62114e-08
 9.27167e-40 4.53784e-33 5.10605e-27 1.32089e-21 7.85581e-17 1.07414e-12 3.37657e-09 2.44025e-06 0.000405452 0.0154877 0.136013 0.274618 0.128209 0.0332695 0.120436 0.169113 0.062141 0.030987 0.022211 0.00560652 0.00125183 0.000221846 2.47461e-05 1.75303e-06 5.83231e-08
 9.72329e-40 4.75888e-33 5.35476e-27 1.38523e-21 8.23846e-17 1.12646e-12 3.54104e-09 2.55912e-06 0.000425201 0.0162421 0.142638 0.287994 0.134384 0.0330463 0.115041 0.161419 0.0581864 0.0255782 0.0181391 0.00517545 0.00143891 0.000259537 2.68377e-05 1.73515e-06 5.7621e-08
 1.12727e-39 5.51719e-33 6.20803e-27 1.60596e-21 9.55123e-17 1.30596e-12 4.10529e-09 2.9669e-06 0.000492955 0.0188302 0.165367 0.333883 0.155525 0.0310606 0.089089 0.124794 0.044665 0.0186304 0.0129994 0.00352565 0.000925171 0.00018544 2.26938e-05 1.49805e-06 4.63791e-08
 1.12727e-39 5.51719e-33 6.20803e-27 1.60596e-21 9.55123e-17 1.30596e-12 4.10529e-09 2.9669e-06 0.000492955 0.0188302 0.165367 0.333883 0.155525 0.0310606 0.089089 0.124794 0.044665 0.0186304 0.0129994 0.00352565 0.000925171 0.00018544 2.26938e-05 1.49805e-06 4.63791e-08
#pred catch len freq
 2.13732e-27 2.15191e-27 4.34847e-27 7.51083e-22 4.46698e-17 6.10779e-13 1.91999e-09 1.38758e-06 0.000230545 0.00880666 0.0773406 0.156157 0.0732732 0.0287699 0.128659 0.181532 0.0763809 0.0683997 0.0605308 0.0382295 0.0299542 0.0234737 0.0217833 0.0188127 0.00766462
 2.13801e-27 2.15531e-27 4.78313e-27 8.98616e-22 5.34441e-17 7.30753e-13 2.29713e-09 1.66014e-06 0.00027583 0.0105365 0.0925323 0.186831 0.0876587 0.0342268 0.152737 0.215022 0.0832236 0.0545917 0.0428758 0.0170389 0.00911154 0.00536385 0.00389112 0.00292519 0.00115624
 2.13861e-27 2.1571e-27 4.99268e-27 9.69754e-22 5.7675e-17 7.88602e-13 2.47898e-09 1.79157e-06 0.000297666 0.0113706 0.0998576 0.20162 0.0944799 0.0337952 0.145647 0.205108 0.0810065 0.0577883 0.0448613 0.0149645 0.00570075 0.00196036 0.000868012 0.000494409 0.000178506
 2.13867e-27 2.15727e-27 5.00973e-27 9.75524e-22 5.80181e-17 7.93295e-13 2.49373e-09 1.80223e-06 0.000299437 0.0114383 0.100452 0.20282 0.0950504 0.0342183 0.147868 0.208156 0.0809576 0.0542008 0.0420875 0.0148288 0.00567203 0.00147823 0.000339267 0.000102618 2.92728e-05
 2.1388e-27 2.15762e-27 5.04876e-27 9.88773e-22 5.88061e-17 8.04068e-13 2.5276e-09 1.8267e-06 0.000303504 0.0115936 0.101816 0.205574 0.0963131 0.0339347 0.145306 0.204577 0.0801457 0.0553277 0.042964 0.0147536 0.00558019 0.00148471 0.000277625 3.99234e-05 6.07386e-06
 2.13735e-27 2.15406e-27 4.67172e-27 8.60877e-22 5.11996e-17 7.00063e-13 2.20066e-09 1.59042e-06 0.000264246 0.010094 0.0886463 0.178985 0.0840672 0.035177 0.160904 0.226568 0.0879622 0.0584294 0.0452508 0.0157564 0.00600231 0.00156863 0.000287225 3.28485e-05 2.42216e-06
 2.13619e-27 2.1513e-27 4.39287e-27 7.66346e-22 4.55775e-17 6.23191e-13 1.95901e-09 1.41578e-06 0.00023523 0.00898562 0.0789122 0.159333 0.074973 0.0349548 0.165471 0.233216 0.0931727 0.0695147 0.0542808 0.0181792 0.0066688 0.00174662 0.000318047 3.48106e-05 1.99698e-06
 2.13953e-27 2.15946e-27 5.24855e-27 1.05657e-21 6.28385e-17 8.59204e-13 2.70092e-09 1.95196e-06 0.000324315 0.0123886 0.108798 0.219669 0.102787 0.0327862 0.134047 0.188787 0.0756666 0.0571553 0.0448268 0.0153562 0.00569643 0.00143072 0.000250948 2.71213e-05 1.47995e-06
 2.14245e-27 2.16644e-27 5.96257e-27 1.29866e-21 7.72363e-17 1.05607e-12 3.31977e-09 2.39921e-06 0.000398624 0.0152272 0.133726 0.269999 0.12605 0.0326661 0.118144 0.165975 0.0622252 0.0349053 0.026495 0.00941376 0.00364903 0.000940094 0.000164371 1.71375e-05 9.09094e-07
 2.13762e-27 2.1545e-27 4.69135e-27 8.67403e-22 5.15877e-17 7.0537e-13 2.21734e-09 1.60248e-06 0.000266249 0.0101705 0.0893183 0.180343 0.0847794 0.0374334 0.17427 0.245039 0.0895126 0.0430769 0.0313999 0.00988727 0.00340973 0.000907171 0.000166935 1.76815e-05 9.21083e-07
 2.13798e-27 2.15563e-27 4.84216e-27 9.18712e-22 5.46393e-17 7.47095e-13 2.3485e-09 1.69727e-06 0.000281999 0.0107722 0.0946017 0.191009 0.0895858 0.034109 0.150761 0.212418 0.0850507 0.0638974 0.0489115 0.013686 0.00385911 0.00088808 0.000150038 1.62886e-05 8.72904e-07
 2.14208e-27 2.16556e-27 5.87188e-27 1.26791e-21 7.54077e-17 1.03107e-12 3.24117e-09 2.3424e-06 0.000389186 0.0148667 0.13056 0.263607 0.123094 0.0326516 0.119983 0.168634 0.0640969 0.0385745 0.0293796 0.00988681 0.00345129 0.000716952 9.71561e-05 9.16365e-06 4.74833e-07
 2.13981e-27 2.15987e-27 5.25712e-27 1.05931e-21 6.30012e-17 8.6143e-13 2.70792e-09 1.95702e-06 0.000325156 0.0124207 0.109079 0.22024 0.103162 0.0357637 0.152052 0.213673 0.0777799 0.0365866 0.0266137 0.00851164 0.00294278 0.000725527 0.000112613 9.39446e-06 4.08324e-07
 2.13807e-27 2.1557e-27 4.83011e-27 9.14532e-22 5.43907e-17 7.43696e-13 2.33782e-09 1.68955e-06 0.000280716 0.0107232 0.0941713 0.19014 0.0892497 0.0358519 0.161663 0.227487 0.0863206 0.0514395 0.0382495 0.0106301 0.00297827 0.000690022 0.000112508 1.07259e-05 4.71125e-07
 2.1372e-27 2.15361e-27 4.61523e-27 8.41671e-22 5.00573e-17 6.84445e-13 2.15156e-09 1.55494e-06 0.000258351 0.00986883 0.0866686 0.174993 0.082253 0.0360208 0.167259 0.235461 0.0902879 0.0566298 0.0427505 0.0127818 0.0038661 0.000784153 0.000105848 9.76223e-06 4.62391e-07
 2.13843e-27 2.15666e-27 4.94196e-27 9.5252e-22 5.665e-17 7.74588e-13 2.43493e-09 1.75973e-06 0.000292376 0.0111686 0.098083 0.198038 0.0928568 0.0346819 0.15214 0.21418 0.0831832 0.055286 0.0421415 0.0128726 0.00406715 0.000877765 0.000119269 9.55417e-06 4.05863e-07
 2.13969e-27 2.15962e-27 5.23777e-27 1.05278e-21 6.26127e-17 8.56117e-13 2.69122e-09 1.94495e-06 0.000323151 0.0123441 0.108407 0.218881 0.102514 0.0352489 0.149319 0.20993 0.0779611 0.0414431 0.0306095 0.00932224 0.00294672 0.000648131 9.21527e-05 7.61397e-06 3.0466e-07
 2.13835e-27 2.15636e-27 4.89603e-27 9.36874e-22 5.57194e-17 7.61864e-13 2.39493e-09 1.73082e-06 0.000287573 0.0109851 0.0964718 0.194785 0.0914026 0.0359995 0.161164 0.226711 0.0850523 0.0478035 0.0353889 0.0101991 0.00298866 0.000656189 9.5288e-05 8.15101e-06 3.37654e-07
 2.13926e-27 2.15867e-27 5.14761e-27 1.02225e-21 6.07971e-17 8.31291e-13 2.61318e-09 1.88855e-06 0.00031378 0.0119862 0.105263 0.212534 0.0995537 0.0345468 0.146946 0.206769 0.079354 0.0499658 0.0376554 0.0110458 0.00327878 0.000684365 9.35816e-05 7.99056e-06 3.39672e-07
 2.1387e-27 2.15721e-27 4.98385e-27 9.66653e-22 5.74905e-17 7.8608e-13 2.47105e-09 1.78584e-06 0.000296714 0.0113343 0.0995383 0.200976 0.0942623 0.0359324 0.158888 0.223451 0.0831751 0.0448023 0.0331833 0.0101636 0.0032121 0.000683159 9.23414e-05 7.49495e-06 3.08417e-07
 2.13888e-27 2.15774e-27 5.05059e-27 9.89345e-22 5.88401e-17 8.04533e-13 2.52906e-09 1.82776e-06 0.000303679 0.0116003 0.101875 0.205693 0.0963993 0.0347653 0.150341 0.211576 0.0813376 0.0516188 0.0389076 0.0113373 0.00337975 0.000746393 0.000107095 8.81452e-06 3.53313e-07
 2.13918e-27 2.15843e-27 5.11907e-27 1.01255e-21 6.02202e-17 8.23404e-13 2.58838e-09 1.87063e-06 0.000310803 0.0118724 0.104264 0.210518 0.0986391 0.0350127 0.150398 0.211558 0.0799839 0.0468341 0.0351986 0.0109844 0.00355091 0.000758685 0.000105321 8.97852e-06 3.72871e-07
 2.13827e-27 2.15621e-27 4.88576e-27 9.33418e-22 5.55139e-17 7.59053e-13 2.38609e-09 1.72444e-06 0.000286513 0.0109446 0.0961159 0.194067 0.0910543 0.0355734 0.158779 0.223417 0.0847867 0.0505912 0.0380293 0.0116388 0.00373117 0.000848624 0.000124558 1.04551e-05 4.33994e-07
 2.13946e-27 2.15913e-27 5.19317e-27 1.03769e-21 6.17153e-17 8.43847e-13 2.65264e-09 1.91707e-06 0.000318519 0.0121672 0.106853 0.215744 0.101042 0.0346652 0.146701 0.206373 0.0785119 0.0474119 0.035578 0.0105671 0.00323304 0.000716239 0.000105816 9.33644e-06 3.96772e-07
 2.13882e-27 2.15755e-27 5.02319e-27 9.80015e-22 5.82852e-17 7.96946e-13 2.50521e-09 1.81052e-06 0.000300816 0.011491 0.100914 0.203754 0.0955293 0.0354753 0.15526 0.218391 0.0821116 0.046717 0.0349239 0.0107935 0.00346452 0.000754918 0.00010762 9.38852e-06 4.08951e-07
 2.13822e-27 2.15607e-27 4.86702e-27 9.27043e-22 5.51348e-17 7.53869e-13 2.3698e-09 1.71266e-06 0.000284556 0.0108698 0.0954595 0.192741 0.0904551 0.0359298 0.161354 0.227006 0.085523 0.049153 0.0365541 0.0106612 0.00318649 0.000707456 0.000103175 8.82283e-06 3.75869e-07
 2.13869e-27 2.15725e-27 4.99754e-27 9.71344e-22 5.77695e-17 7.89895e-13 2.48305e-09 1.7945e-06 0.000298154 0.0113893 0.100021 0.201951 0.0946783 0.0350067 0.152943 0.215231 0.0824568 0.0514958 0.0387943 0.0114541 0.00343996 0.00072741 0.00010128 8.73558e-06 3.72949e-07
 2.13968e-27 2.15962e-27 5.23972e-27 1.05345e-21 6.26528e-17 8.56666e-13 2.69294e-09 1.9462e-06 0.000323357 0.012352 0.108476 0.219021 0.10257 0.0350075 0.147803 0.207836 0.0778065 0.0432496 0.032129 0.00968733 0.00300124 0.000639545 8.74086e-05 7.20514e-06 3.0072e-07
 2.14171e-27 2.16457e-27 5.75923e-27 1.22966e-21 7.31325e-17 9.99957e-13 3.14338e-09 2.27173e-06 0.000377444 0.0144181 0.126621 0.255654 0.119457 0.0336911 0.128725 0.180868 0.0672335 0.0359278 0.0264316 0.00771763 0.00229997 0.000499583 7.04658e-05 5.81387e-06 2.35935e-07
#obs catch len freq
 4.08431e-40 1.99898e-33 2.24929e-27 5.8187e-22 3.4606e-17 4.73174e-13 1.48743e-09 1.07497e-06 0.000178607 0.00682257 0.0599158 0.12098 0.0572778 0.0359035 0.18282 0.257757 0.102908 0.0766808 0.0610174 0.0235341 0.0102404 0.00314965 0.000708422 9.83731e-05 7.02987e-06
 4.22598e-40 2.06833e-33 2.32731e-27 6.02054e-22 3.58064e-17 4.89588e-13 1.53902e-09 1.11226e-06 0.000184803 0.00705923 0.0619942 0.125177 0.05923 0.0362305 0.183551 0.258713 0.102258 0.0732582 0.057843 0.0217833 0.00923949 0.00278041 0.000609071 8.19222e-05 5.63492e-06
 5.75459e-40 2.81647e-33 3.16914e-27 8.19827e-22 4.87582e-17 6.6668e-13 2.09571e-09 1.51458e-06 0.000251649 0.00961267 0.0844184 0.17045 0.0801222 0.035199 0.16361 0.23043 0.0899447 0.0611745 0.0477742 0.0173626 0.00708158 0.00206703 0.000438628 5.72776e-05 3.81569e-06
 5.19828e-40 2.54419e-33 2.86277e-27 7.40571e-22 4.40445e-17 6.0223e-13 1.89311e-09 1.36816e-06 0.000227321 0.00868338 0.0762575 0.153974 0.0726242 0.0383729 0.187951 0.264358 0.0967656 0.0472109 0.034954 0.0122217 0.0047593 0.00133154 0.000270114 3.3997e-05 2.19257e-06
 6.02256e-40 2.94763e-33 3.31672e-27 8.58004e-22 5.10287e-17 6.97725e-13 2.19331e-09 1.58511e-06 0.000263368 0.0100603 0.0883496 0.178388 0.0838449 0.0366152 0.169864 0.239003 0.0897796 0.0508101 0.03767 0.0109305 0.00335835 0.000873206 0.000167218 2.00047e-05 1.23689e-06
 5.43098e-40 2.65809e-33 2.99092e-27 7.73723e-22 4.60162e-17 6.29189e-13 1.97786e-09 1.4294e-06 0.000237498 0.0090721 0.0796712 0.160867 0.0758188 0.0385908 0.187204 0.263242 0.0955487 0.0440835 0.0318386 0.00985434 0.00316213 0.000688867 0.000106507 1.15854e-05 6.76091e-07
 4.02794e-40 1.9714e-33 2.21825e-27 5.7384e-22 3.41284e-17 4.66644e-13 1.4669e-09 1.06013e-06 0.000176142 0.00672842 0.059089 0.119312 0.0566472 0.0396541 0.20622 0.290235 0.107678 0.0568841 0.0415844 0.0116513 0.00328774 0.000733108 0.000108739 9.77462e-06 4.87414e-07
 3.94712e-40 1.93184e-33 2.17374e-27 5.62326e-22 3.34436e-17 4.57281e-13 1.43747e-09 1.03886e-06 0.000172608 0.00659341 0.0579034 0.116918 0.0554591 0.0374922 0.193744 0.273034 0.106835 0.0732941 0.055887 0.0165455 0.00495334 0.00101779 0.000137241 1.18844e-05 5.26117e-07
 9.81886e-40 4.80565e-33 5.4074e-27 1.39884e-21 8.31944e-17 1.13753e-12 3.57585e-09 2.58427e-06 0.00042938 0.0164018 0.14404 0.290824 0.135625 0.0312493 0.103218 0.145016 0.0559229 0.036042 0.0277075 0.00935619 0.00332514 0.000730264 9.99082e-05 8.0127e-06 3.2864e-07
 6.91417e-40 3.38401e-33 3.80774e-27 9.85027e-22 5.85832e-17 8.0102e-13 2.51801e-09 1.81977e-06 0.000302358 0.0115497 0.101429 0.204796 0.0961578 0.0393808 0.178786 0.250868 0.0842594 0.0177533 0.0100204 0.00322901 0.0011353 0.00028204 4.4932e-05 3.82231e-06 1.53125e-07
 3.02124e-40 1.47869e-33 1.66384e-27 4.30421e-22 2.55987e-17 3.50017e-13 1.10028e-09 7.95175e-07 0.000132119 0.00504679 0.0443209 0.089497 0.0430023 0.0433674 0.237875 0.334497 0.118506 0.0455484 0.0305452 0.00652122 0.00092537 0.00018112 2.97067e-05 2.8689e-06 1.27497e-07
 8.54942e-40 4.18435e-33 4.7083e-27 1.21799e-21 7.24385e-17 9.90466e-13 3.11354e-09 2.25016e-06 0.000373867 0.0142812 0.125418 0.253226 0.118243 0.0312447 0.114523 0.161332 0.0669537 0.0569034 0.043674 0.0110491 0.00239434 0.000351929 2.73841e-05 2.00398e-06 9.36175e-08
 7.90916e-40 3.87098e-33 4.3557e-27 1.12678e-21 6.70136e-17 9.1629e-13 2.88037e-09 2.08165e-06 0.000345869 0.0132117 0.116025 0.234265 0.10971 0.0374803 0.158303 0.222067 0.0750477 0.0173822 0.0104837 0.00389781 0.00147471 0.00027572 2.64483e-05 1.36886e-06 3.74317e-08
 4.84546e-40 2.37152e-33 2.66847e-27 6.90308e-22 4.10552e-17 5.61356e-13 1.76463e-09 1.2753e-06 0.000211893 0.00809403 0.0710818 0.143526 0.0679177 0.0416828 0.211306 0.296862 0.102673 0.0315251 0.0199278 0.00432888 0.000683279 0.000152819 2.38e-05 1.62436e-06 4.48698e-08
 5.21363e-40 2.55171e-33 2.87122e-27 7.42759e-22 4.41746e-17 6.04008e-13 1.89871e-09 1.3722e-06 0.000227993 0.00870903 0.0764827 0.154429 0.0728279 0.0382005 0.186763 0.262797 0.0978836 0.0528263 0.0380929 0.0089059 0.00160122 0.000230062 1.99075e-05 1.54729e-06 6.05362e-08
 3.74649e-40 1.83365e-33 2.06325e-27 5.33743e-22 3.17437e-17 4.34038e-13 1.3644e-09 9.86056e-07 0.000163835 0.00625827 0.0549602 0.110977 0.0528415 0.0409356 0.216555 0.304646 0.110635 0.0512003 0.0367224 0.0106073 0.00296052 0.000492569 4.10689e-05 2.07482e-06 6.08435e-08
 7.21703e-40 3.53224e-33 3.97453e-27 1.02817e-21 6.11493e-17 8.36107e-13 2.62831e-09 1.89948e-06 0.000315602 0.0120556 0.105872 0.213765 0.100112 0.0342499 0.144762 0.203749 0.0791002 0.0524375 0.0394439 0.010696 0.0028036 0.000564918 6.74323e-05 3.96146e-06 9.92313e-08
 4.79206e-40 2.34538e-33 2.63906e-27 6.82699e-22 4.06027e-17 5.55168e-13 1.74518e-09 1.26124e-06 0.000209557 0.00800482 0.0702984 0.141944 0.0671823 0.0415725 0.211109 0.296579 0.102445 0.0311008 0.0203737 0.00653342 0.00215861 0.000430795 5.23095e-05 3.80494e-06 1.23064e-07
 5.50537e-40 2.6945e-33 3.03189e-27 7.84322e-22 4.66466e-17 6.37808e-13 2.00495e-09 1.44898e-06 0.000240751 0.00919637 0.0807626 0.16307 0.076807 0.0377825 0.181607 0.255525 0.0952621 0.0516733 0.0372783 0.00871043 0.00167745 0.000351683 5.07147e-05 3.85802e-06 1.37266e-07
 6.08204e-40 2.97674e-33 3.34947e-27 8.66477e-22 5.15327e-17 7.04616e-13 2.21497e-09 1.60076e-06 0.000265969 0.0101597 0.0892222 0.18015 0.0847157 0.0381115 0.178467 0.250859 0.0902815 0.0392359 0.0278077 0.00804763 0.00225387 0.000381284 3.74343e-05 2.85577e-06 1.13056e-07
 4.73133e-40 2.31566e-33 2.60561e-27 6.74048e-22 4.00882e-17 5.48133e-13 1.72306e-09 1.24526e-06 0.000206902 0.00790338 0.0694075 0.140145 0.0663125 0.0405569 0.205452 0.288824 0.102718 0.0407719 0.028059 0.00738537 0.00184052 0.000368064 4.43919e-05 2.80171e-06 8.99081e-08
 7.12106e-40 3.48527e-33 3.92168e-27 1.0145e-21 6.03362e-17 8.24988e-13 2.59336e-09 1.87422e-06 0.000311405 0.0118953 0.104464 0.210922 0.0988518 0.0356931 0.154429 0.217154 0.0808415 0.0435244 0.0316199 0.00806426 0.00184747 0.000336966 3.91937e-05 2.8337e-06 9.50963e-08
 4.92796e-40 2.41189e-33 2.7139e-27 7.02061e-22 4.17542e-17 5.70913e-13 1.79467e-09 1.29701e-06 0.0002155 0.00823184 0.072292 0.145969 0.0690292 0.0411995 0.207619 0.291703 0.101333 0.0326097 0.0214786 0.00619761 0.00176083 0.000322277 3.43016e-05 2.30292e-06 7.91541e-08
 5.93179e-40 2.9032e-33 3.26672e-27 8.45071e-22 5.02595e-17 6.87208e-13 2.16025e-09 1.56121e-06 0.000259398 0.00990867 0.0870179 0.175699 0.0826321 0.037417 0.175569 0.246966 0.0915656 0.0481462 0.0346179 0.00822517 0.00162321 0.00030953 3.85659e-05 2.60483e-06 8.33541e-08
 6.2629e-40 3.06525e-33 3.44907e-27 8.92243e-22 5.3065e-17 7.25568e-13 2.28083e-09 1.64836e-06 0.000273877 0.0104618 0.0918753 0.185506 0.0871948 0.0381835 0.177292 0.249145 0.0888985 0.0362311 0.0253066 0.00724651 0.00200467 0.000342497 3.31428e-05 2.26488e-06 7.86851e-08
 4.83546e-40 2.36662e-33 2.66296e-27 6.88883e-22 4.09704e-17 5.60196e-13 1.76098e-09 1.27267e-06 0.000211455 0.00807732 0.070935 0.143229 0.0677384 0.0405566 0.204521 0.287487 0.101928 0.0394579 0.0269364 0.00691771 0.0016393 0.000321822 3.85168e-05 2.41801e-06 7.34434e-08
 5.25203e-40 2.57051e-33 2.89238e-27 7.4823e-22 4.45001e-17 6.08458e-13 1.91269e-09 1.38231e-06 0.000229672 0.00877318 0.0770461 0.155567 0.0733569 0.0382822 0.186919 0.262978 0.0973993 0.0509186 0.0367809 0.00927476 0.00206492 0.000365183 4.06168e-05 2.8714e-06 9.54002e-08
 5.64085e-40 2.76081e-33 3.1065e-27 8.03623e-22 4.77945e-17 6.53503e-13 2.05429e-09 1.48464e-06 0.000246675 0.00942268 0.08275 0.167083 0.0786855 0.0384028 0.184183 0.258979 0.0940129 0.0433864 0.0310527 0.00884904 0.00245416 0.000441891 4.55693e-05 2.93995e-06 9.74717e-08
 8.44508e-40 4.13328e-33 4.65083e-27 1.20313e-21 7.15544e-17 9.78377e-13 3.07554e-09 2.2227e-06 0.000369304 0.014107 0.123887 0.250137 0.116957 0.0350335 0.138583 0.194585 0.0696635 0.0291178 0.0203177 0.00548857 0.00142948 0.00028549 3.48179e-05 2.29332e-06 7.08704e-08
#spawning biomass
 5632.79 2945.18 3139.19 3884.5 5261.67 6902.14 7447.67 5788.98 7161.97 14351.1 16061.2 14072.7 24944.5 33924.5 30743.4 25098.5 19128 22583.4 22888.3 22394.7 25174.2 25858.1 30770 27532.2 32631.9 31299.3 30195.2 26874.1 31694.6 34393.8 75770.7 86514.3 62936.5 44268.4 34050.8 28991.8 26609.3 25521.5 25034.8 24820 24726.1 24685.3 24667.6 24660 24656.7 24655.3 24654.7 24654.4 24654.3 24654.3 24654.3 24654.3 24654.3 24654.3 24654.2 24654.2 24654.2 24654.2 24654.2 24654.2 24654.2 24654.2 24654.2 24654.2 24654.2 24654.2 24654.2 24654.2 24654.2 24654.2 24654.2 24654.2 24654.2 24654.2 24654.2 24654.2 24654.2 24654.2 24654.2 24654.2 24654.2 24654.2 24654.2 24654.2 24654.2 24654.2 24654.2 24654.2 24654.2 24654.2 24654.2 24654.2 24654.2 24654.2 24654.2 24654.2 24654.2 24654.2 24654.2 24654.2 24654.2 24654.2 24654.2 24654.2 24654.2 24654.2 24654.2 24654.2 24654.2 24654.2 24654.2 24654.2 24654.2 24654.2 24654.2 24654.2 24654.2 24654.2 24654.2 24654.2 24654.2 24654.2 24654.2 24654.2 24654.2 24654.2 24654.2 24654.2 24654.2 0 0 0 0 0 0 0 0 0 0 0 0 0 0 0 0 0 0 0 0 0 0 0 0 0
