SBPRF35
0.215412
Curr Bio
202026
B35
173845
F35
0.429713
FOFL
0.429713
OFL
85255.4
Bzero
61546.2
#pred survey bio
 31878.2 27170 20159.9 17506.5 26869.3 41052.9 53264.1 62671 79874.4 103893 133659 150756 189008 199646 210094 203478 205295 220112 219416 234590 227078 225434 235924 259543 227951 253307 267166 268303 285760 7.08251e+06 5.26629e+06 3.49651e+06 2.22426e+06 1.47376e+06 1.07042e+06 862904 757577 703733 675608 660460 652018 647153 644266 642509 641420 640739 640309 640036 639860 639748 639676 639629 639599 639579 639567 639559 639554 639550 639548 639547 639546 639545 639545 639544 639544 639544 639544 639544 639544 639544 639544 639544 639544 639544 639544 639544 639544 639544 639544 639544 639544 639544 639544 639544 639544 639544 639544 639544 639544 639544 639544 639544 639544 639544 639544 639544 639544 639544 639544 639544 639544 639544 639544 639544 639544 639544 639544 639544 639544 639544 639544 639544 639544 639544 639544 639544 639544 639544 639544 639544 639544 639544 639544 639544 639544 639544 639544 639544 639544 0 0 0 0 0 0 0 0 0 0 0 0 0 0 0 0 0 0 0 0 0 0 0 0 0
#obs survey bio
 26773.3 17151.5 17124.9 22821.2 25836.6 63287.5 43930.3 74664.6 90789.3 110318 153327 146413 177074 214395 171510 145443 159985 210995 265844 205338 146666 273883 251909 228461 167904 237528 278774 313149 259324
#pred catch bio
 4132.39 4406.18 3583.13 3314.29 5276.32 9034.59 13555.9 15570.9 18912.7 27897.7 50230.5 49456.6 76618.1 74757.9 86054.1 81918.4 75176.9 85530.9 76982.2 97543.5 91850.2 82514 80550.8 124631 84126.8 91641.4 101301 90914.1 87915.2 85255.4 70170.2 44495.2 26989.6 17137.2 12145.6 9771.75 8687.19 8204.52 7993.45 7902.24 7863.15 7846.49 7839.41 7836.41 7835.15 7834.61 7834.39 7834.3 7834.26 7834.24 7834.23 7834.23 7834.23 7834.23 7834.23 7834.23 7834.23 7834.23 7834.23 7834.23 7834.23 7834.23 7834.23 7834.23 7834.23 7834.23 7834.23 7834.23 7834.23 7834.23 7834.23 7834.23 7834.23 7834.23 7834.23 7834.23 7834.23 7834.23 7834.23 7834.23 7834.23 7834.23 7834.23 7834.23 7834.23 7834.23 7834.23 7834.23 7834.23 7834.23 7834.23 7834.23 7834.23 7834.23 7834.23 7834.23 7834.23 7834.23 7834.23 7834.23 7834.23 7834.23 7834.23 7834.23 7834.23 7834.23 7834.23 7834.23 7834.23 7834.23 7834.23 7834.23 7834.23 7834.23 7834.23 7834.23 7834.23 7834.23 7834.23 7834.23 7834.23 7834.23 7834.23 7834.23 7834.23 7834.23 7834.23 7834.23 7834.23 0 0 0 0 0 0 0 0 0 0 0 0 0 0 0 0 0 0 0 0 0 0 0 0 0
#obs catch bio
 3985.33 4605.94 3771.17 3446.49 5249.23 8742.48 13309.3 15119.4 18123.4 26205.1 49805.5 47788.4 75173.2 71306.5 83920.4 83767.7 75565.5 88323.7 74458.3 100342 94718.6 78446.2 77506.8 133105 87082.1 95602.1 103933 88383.7 87334.6
#pred cpue bio
 31112.2 26972.9 20032.5 16775.8 24584.2 38578.7 50584.2 59480.4 75061.7 98024.3 125419 140836 176641 187184 198279 191718 192840 207310 207205 221273 213503 212264 222677 244522 213301 237833 252598 253292 270332 6.73013e+06 5.269e+06 3.47348e+06 2.1993e+06 1.44868e+06 1.04533e+06 837814 732486 678643 650517 635370 626928 622063 619175 617419 616330 615649 615219 614945 614770 614657 614585 614538 614508 614489 614476 614468 614463 614460 614457 614456 614455 614454 614454 614454 614454 614454 614453 614453 614453 614453 614453 614453 614453 614453 614453 614453 614453 614453 614453 614453 614453 614453 614453 614453 614453 614453 614453 614453 614453 614453 614453 614453 614453 614453 614453 614453 614453 614453 614453 614453 614453 614453 614453 614453 614453 614453 614453 614453 614453 614453 614453 614453 614453 614453 614453 614453 614453 614453 614453 614453 614453 614453 614453 614453 614453 614453 614453 614453 614453 0 0 0 0 0 0 0 0 0 0 0 0 0 0 0 0 0 0 0 0 0 0 0 0 0
#obs cpue bio
 21275.9 21931.6 15606.2 15115.4 46183.6 40677.7 53803.1 63277.2 81693.3 130065 84685.2 157571 218800 219003 249684 196602 246529 184094 242652 188482 279009 319062 198477 180791 212004 218574 257370 318050 255223
#pred surv len freq
 2.3473e-11 1.10406e-09 3.59584e-08 8.10951e-07 1.26642e-05 0.000136946 0.00102546 0.00531772 0.0191034 0.0476059 0.0827291 0.102305 0.0966458 0.0835519 0.0801501 0.080844 0.0759742 0.0673774 0.0589365 0.0508011 0.0431569 0.0365916 0.0303365 0.022925 0.0144716
 1.10406e-11 5.19298e-10 1.69132e-08 3.81435e-07 5.9567e-06 6.44147e-05 0.000482377 0.00250216 0.00899883 0.0225246 0.0398218 0.0524398 0.0597266 0.0723263 0.0922843 0.105358 0.103396 0.0938678 0.0836059 0.0726039 0.060703 0.0490056 0.0377894 0.0265898 0.015903
 9.66776e-12 4.54725e-10 1.48101e-08 3.34005e-07 5.21599e-06 5.64041e-05 0.000422369 0.00219048 0.00787216 0.0196477 0.0343513 0.0434723 0.044365 0.0458429 0.0555186 0.0712916 0.0888561 0.104055 0.110046 0.103766 0.0892169 0.0713874 0.0528523 0.0350399 0.0197443
 3.47488e-11 1.63442e-09 5.32319e-08 1.20051e-06 1.87477e-05 0.000202729 0.00151801 0.00787093 0.0282619 0.0702941 0.121235 0.145589 0.123745 0.0791552 0.0459433 0.0328544 0.0319736 0.0374614 0.0461502 0.0533227 0.0542566 0.0477155 0.0362185 0.023513 0.0126983
 4.51831e-11 2.1252e-09 6.92163e-08 1.561e-06 2.43772e-05 0.000263605 0.00197384 0.0102346 0.0367509 0.0914273 0.157812 0.190116 0.163498 0.108439 0.0667721 0.0451607 0.0308847 0.0195254 0.0134557 0.0124914 0.0135713 0.0137011 0.0116051 0.00795885 0.00433318
 3.59596e-11 1.69137e-09 5.50867e-08 1.24234e-06 1.9401e-05 0.000209795 0.00157094 0.00814613 0.0292601 0.0728758 0.126364 0.154944 0.142074 0.1136 0.0967249 0.0852648 0.0653235 0.0411939 0.0229492 0.0127877 0.00823609 0.0065645 0.00553222 0.00404011 0.00231837
 3.28206e-11 1.54372e-09 5.02781e-08 1.1339e-06 1.77074e-05 0.000191482 0.00143382 0.00743507 0.0267063 0.066518 0.115359 0.141545 0.130145 0.105115 0.0920129 0.0861562 0.074528 0.0576517 0.0405963 0.0254232 0.0139518 0.00724753 0.00408786 0.00249125 0.00138665
 3.34723e-11 1.57438e-09 5.12764e-08 1.15641e-06 1.8059e-05 0.000195283 0.00146228 0.00758256 0.0272346 0.0678194 0.117516 0.143726 0.130656 0.102438 0.0861347 0.0789708 0.0687149 0.0553245 0.0426256 0.0306984 0.0195873 0.010779 0.00519833 0.00232226 0.000995393
 3.68076e-11 1.73125e-09 5.63858e-08 1.27164e-06 1.98585e-05 0.000214742 0.00160798 0.00833788 0.029945 0.0745443 0.129001 0.156978 0.140143 0.104463 0.0811698 0.0700907 0.0588021 0.0459911 0.0350459 0.0259574 0.0178206 0.010841 0.00564381 0.0024695 0.000912596
 3.52473e-11 1.65786e-09 5.39955e-08 1.21773e-06 1.90167e-05 0.000205639 0.00153982 0.00798462 0.0286784 0.0714117 0.12372 0.151212 0.137113 0.106635 0.088065 0.0782393 0.0643605 0.0475995 0.0338876 0.0239092 0.0162022 0.0101127 0.00556002 0.00257384 0.00096991
 3.69777e-11 1.73925e-09 5.66464e-08 1.27752e-06 1.99503e-05 0.000215734 0.00161541 0.00837645 0.0300839 0.0748937 0.129631 0.157865 0.141319 0.106145 0.083417 0.0723717 0.0602162 0.0458551 0.0332121 0.0229885 0.0148766 0.00890571 0.00483197 0.00227458 0.000884266
 3.80441e-11 1.78941e-09 5.828e-08 1.31436e-06 2.05256e-05 0.000221956 0.00166199 0.008618 0.0309512 0.0770509 0.133351 0.162326 0.145082 0.108409 0.0842134 0.0716818 0.0578056 0.0421047 0.0293337 0.020007 0.0129151 0.00763493 0.00403729 0.00185624 0.000715636
 3.77905e-11 1.77749e-09 5.78916e-08 1.3056e-06 2.03888e-05 0.000220476 0.00165092 0.0085606 0.0307455 0.0765423 0.132496 0.161406 0.144647 0.108908 0.085622 0.0734773 0.0593279 0.0429215 0.0293203 0.0193542 0.012048 0.00691678 0.00358248 0.00161784 0.000612949
 3.67805e-11 1.72998e-09 5.63443e-08 1.2707e-06 1.98439e-05 0.000214584 0.0016068 0.00833188 0.0299249 0.0745085 0.129037 0.157479 0.142054 0.108913 0.0880239 0.0769278 0.0624545 0.0451498 0.0307054 0.0200705 0.0122595 0.00683765 0.00342516 0.0015002 0.000554605
 3.48407e-11 1.63874e-09 5.33726e-08 1.20369e-06 1.87973e-05 0.000203267 0.00152206 0.00789257 0.0283484 0.0705958 0.122347 0.149725 0.136382 0.10738 0.0903345 0.0814079 0.0675844 0.0500972 0.0349331 0.0231704 0.0141698 0.00782187 0.00384023 0.00163714 0.000587742
 3.55559e-11 1.67238e-09 5.44684e-08 1.2284e-06 1.91832e-05 0.00020744 0.0015533 0.0080545 0.0289289 0.072031 0.124762 0.152341 0.13768 0.106178 0.0868403 0.0772884 0.0647145 0.049178 0.035458 0.0242907 0.0152548 0.00857007 0.00422883 0.00178885 0.000631123
 3.65044e-11 1.71699e-09 5.59213e-08 1.26116e-06 1.96949e-05 0.000212973 0.00159473 0.0082693 0.0296998 0.0739445 0.128036 0.156147 0.1405 0.107016 0.0857873 0.0750085 0.0618203 0.0461895 0.032986 0.0227859 0.0146654 0.00849694 0.00430773 0.001854 0.000657872
 3.56124e-11 1.67504e-09 5.45548e-08 1.23035e-06 1.92137e-05 0.000207769 0.00155577 0.00806732 0.0289753 0.0721495 0.124989 0.152716 0.13833 0.107288 0.0883026 0.0784003 0.0646386 0.0478225 0.0336101 0.0228517 0.0145835 0.00848714 0.00437732 0.00192845 0.000699271
 3.48065e-11 1.63713e-09 5.33203e-08 1.20251e-06 1.87789e-05 0.000203067 0.00152057 0.00788481 0.0283202 0.070523 0.122203 0.149463 0.135874 0.106433 0.0889582 0.0800398 0.0668156 0.0501811 0.0357086 0.0243212 0.0153892 0.00885532 0.00454106 0.00200851 0.000737351
 3.53103e-11 1.66083e-09 5.40921e-08 1.21991e-06 1.90507e-05 0.000206006 0.00154257 0.00799886 0.0287291 0.0715341 0.123906 0.151313 0.136814 0.105644 0.0865862 0.077228 0.0648472 0.0495381 0.0360461 0.0250506 0.0160722 0.00930013 0.00475995 0.0020955 0.000767779
 3.62592e-11 1.70546e-09 5.55458e-08 1.2527e-06 1.95626e-05 0.000211543 0.00158402 0.00821378 0.0295006 0.07345 0.127191 0.155167 0.139784 0.106819 0.0860515 0.075479 0.0622697 0.0465481 0.0333032 0.0231233 0.0150354 0.00885875 0.0045998 0.00204027 0.000748963
 3.57051e-11 1.6794e-09 5.46969e-08 1.23355e-06 1.92637e-05 0.00020831 0.00155982 0.00808831 0.0290506 0.0723364 0.125308 0.153087 0.138602 0.107361 0.0881882 0.0781688 0.0643524 0.0475214 0.0333376 0.0226571 0.0144947 0.00849334 0.00443545 0.00199024 0.000738753
 3.49866e-11 1.6456e-09 5.35963e-08 1.20873e-06 1.88761e-05 0.000204118 0.00152844 0.0079256 0.0284666 0.0708857 0.12282 0.150161 0.136329 0.106419 0.0885176 0.0794333 0.0663062 0.0498579 0.0355152 0.0241889 0.0152982 0.00881019 0.0045363 0.00202353 0.000752637
 3.56772e-11 1.67809e-09 5.46542e-08 1.23259e-06 1.92486e-05 0.000208147 0.0015586 0.00808196 0.0290273 0.072274 0.125169 0.152772 0.137858 0.10587 0.0860564 0.0763008 0.0638616 0.0486629 0.0353455 0.0245516 0.0157582 0.00912416 0.00467501 0.00206362 0.000760146
 3.7595e-11 1.76829e-09 5.75921e-08 1.29884e-06 2.02833e-05 0.000219336 0.00164238 0.00851629 0.0305862 0.0761448 0.1318 0.160521 0.143736 0.107982 0.0846435 0.0726285 0.058972 0.0433083 0.03042 0.0208526 0.0134749 0.00792123 0.00411174 0.00182535 0.000671378
 3.64475e-11 1.71432e-09 5.58342e-08 1.2592e-06 1.96642e-05 0.000212641 0.00159225 0.00825646 0.0296542 0.073836 0.127883 0.156121 0.140991 0.108441 0.0880717 0.0772626 0.0629125 0.0456922 0.0313541 0.0208302 0.0130586 0.00753175 0.00389458 0.00173944 0.000644821
 3.43163e-11 1.61408e-09 5.25694e-08 1.18557e-06 1.85144e-05 0.000200208 0.00149915 0.00777382 0.0279222 0.0695377 0.120536 0.147613 0.134796 0.106844 0.0907579 0.0823728 0.0687361 0.0512601 0.036008 0.0240847 0.0149032 0.00838061 0.00422187 0.00185217 0.000681561
 3.5022e-11 1.64727e-09 5.36505e-08 1.20995e-06 1.88951e-05 0.000204325 0.00152998 0.00793357 0.0284948 0.0709522 0.122908 0.150146 0.135922 0.105313 0.0868008 0.0778508 0.0657673 0.0506069 0.0370015 0.0256531 0.0162808 0.00925484 0.00463722 0.0020009 0.000722421
 3.43801e-11 1.61708e-09 5.26671e-08 1.18777e-06 1.85488e-05 0.00020058 0.00150194 0.00778822 0.0279734 0.0696601 0.120713 0.147666 0.134321 0.105394 0.0883397 0.0797506 0.0669659 0.050953 0.0371425 0.0261567 0.0171223 0.0100729 0.00518042 0.00226267 0.000816132
#obs surv len freq
 2.19795e-11 1.03381e-09 3.36705e-08 7.59355e-07 1.18584e-05 0.000128233 0.00096022 0.00497944 0.0178889 0.0445861 0.0775276 0.0960927 0.0914849 0.080576 0.0791407 0.0814017 0.0782229 0.0715534 0.0648719 0.0577922 0.0498226 0.0409423 0.0308903 0.0202404 0.0108847
 9.79681e-16 4.61464e-14 1.51162e-12 3.48665e-11 5.92602e-10 8.47464e-09 1.24919e-07 1.91356e-06 2.49255e-05 0.000240346 0.00163508 0.00775208 0.0256003 0.0592836 0.0981198 0.121468 0.123023 0.114671 0.105346 0.0947799 0.0818764 0.066799 0.0498155 0.0323074 0.0172554
 1.31801e-11 6.19929e-10 2.01907e-08 4.55351e-07 7.11095e-06 7.68944e-05 0.000575769 0.0029853 0.010718 0.0266459 0.0458735 0.0547251 0.0455396 0.0282374 0.0204273 0.032912 0.06405 0.0988952 0.119384 0.12021 0.10796 0.0890566 0.0663418 0.0427347 0.0226433
 5.19911e-11 2.44541e-09 7.96454e-08 1.7962e-06 2.80503e-05 0.000303323 0.00227122 0.0117761 0.0422806 0.105124 0.181051 0.216208 0.179745 0.105655 0.0464543 0.0180497 0.0085231 0.00692302 0.00932075 0.0131097 0.0153517 0.0146422 0.0115756 0.00758459 0.0040216
 3.23345e-11 1.52086e-09 4.95334e-08 1.1171e-06 1.74452e-05 0.000188646 0.0014126 0.00732545 0.026318 0.0656033 0.114131 0.141716 0.135567 0.119738 0.113997 0.104282 0.0759578 0.0410719 0.0174788 0.00813583 0.00660333 0.00694688 0.00636901 0.00459102 0.00254844
 4.04813e-11 1.90405e-09 6.20135e-08 1.39856e-06 2.18405e-05 0.000236174 0.00176845 0.00916979 0.03293 0.0819452 0.141608 0.171379 0.149989 0.105561 0.0748789 0.0620399 0.0539412 0.0440869 0.0318784 0.0190871 0.0093929 0.00448827 0.00269637 0.00183194 0.0010681
 2.58613e-11 1.21639e-09 3.9617e-08 8.93464e-07 1.39528e-05 0.000150881 0.00112982 0.00585927 0.0210542 0.0525186 0.0916168 0.114936 0.113706 0.108136 0.112234 0.111131 0.0918906 0.0650672 0.0441302 0.0299294 0.0187903 0.0100968 0.00466854 0.00204065 0.00089883
 4.13046e-11 1.94277e-09 6.32747e-08 1.427e-06 2.22847e-05 0.000240977 0.00180441 0.0093561 0.0335972 0.0835871 0.14432 0.174065 0.150415 0.101729 0.0669317 0.0528757 0.0473045 0.0421449 0.0347329 0.0251711 0.0159085 0.0089015 0.0043769 0.00184658 0.000667111
 3.45226e-11 1.62378e-09 5.28854e-08 1.1927e-06 1.86257e-05 0.000201411 0.00150817 0.00782065 0.0280915 0.0699694 0.121353 0.148937 0.137007 0.110475 0.0952224 0.0849537 0.0665844 0.0450226 0.0297763 0.0210745 0.0148413 0.00930985 0.0049182 0.00214614 0.000766435
 3.82346e-11 1.79837e-09 5.85718e-08 1.32094e-06 2.06284e-05 0.000223067 0.00167031 0.00866107 0.0311053 0.0774258 0.133944 0.162787 0.144669 0.106461 0.0811078 0.0692699 0.0579757 0.0445923 0.0319273 0.0211484 0.0129481 0.00748406 0.00401102 0.00186295 0.000704052
 3.83844e-11 1.80542e-09 5.88013e-08 1.32612e-06 2.07092e-05 0.000223941 0.00167686 0.00869508 0.0312282 0.0777403 0.134545 0.163784 0.146392 0.109377 0.0848428 0.0718433 0.0572793 0.0409817 0.0280474 0.0188823 0.0119751 0.00685729 0.00348247 0.0015445 0.000579551
 3.8262e-11 1.79966e-09 5.86137e-08 1.32189e-06 2.06432e-05 0.000223227 0.00167151 0.00866735 0.0311288 0.0774939 0.134127 0.163313 0.146101 0.109458 0.0853635 0.0727789 0.0584703 0.0419853 0.0283169 0.0183615 0.0111906 0.00627447 0.00316237 0.00138344 0.00050676
 3.85441e-11 1.81293e-09 5.90459e-08 1.33163e-06 2.07954e-05 0.000224873 0.00168384 0.00873126 0.0313581 0.078063 0.135099 0.164441 0.146926 0.109682 0.0850352 0.0721603 0.0578154 0.0414394 0.0279162 0.0180378 0.0108524 0.00593248 0.00289985 0.00123577 0.000443753
 3.61548e-11 1.70055e-09 5.53857e-08 1.24909e-06 1.95063e-05 0.000210933 0.00157947 0.0081902 0.0294168 0.0732497 0.126901 0.155084 0.14057 0.109189 0.0899267 0.0794718 0.0645945 0.0464578 0.0312998 0.0201986 0.0121149 0.00657386 0.00316683 0.00132057 0.000462526
 3.44569e-11 1.62069e-09 5.27847e-08 1.19043e-06 1.85903e-05 0.000201028 0.00150529 0.00780565 0.0280365 0.0698208 0.121018 0.148163 0.135171 0.106886 0.0905333 0.0821294 0.0687024 0.0514334 0.0361651 0.0240121 0.014571 0.00791827 0.00379776 0.00156875 0.000541532
 3.63955e-11 1.71187e-09 5.57545e-08 1.2574e-06 1.96362e-05 0.000212338 0.00158998 0.00824462 0.0296112 0.0737223 0.127643 0.155627 0.13991 0.10634 0.085098 0.0746743 0.0622722 0.047379 0.0343097 0.0236443 0.0149199 0.00838094 0.00410324 0.00170779 0.000588386
 3.5435e-11 1.66669e-09 5.4283e-08 1.22422e-06 1.9118e-05 0.000206734 0.00154802 0.00802714 0.0288313 0.0717925 0.124382 0.152033 0.137898 0.107331 0.0887568 0.0789485 0.0649866 0.0479646 0.0337587 0.0231181 0.0148552 0.00862346 0.00437751 0.00187894 0.000661035
 3.48886e-11 1.64099e-09 5.3446e-08 1.20534e-06 1.88232e-05 0.000203546 0.00152415 0.00790339 0.028387 0.0706878 0.12248 0.149763 0.136022 0.106296 0.0885716 0.0796146 0.0665717 0.0501558 0.0357791 0.0243869 0.0154409 0.00889941 0.00456271 0.00200514 0.000725607
 3.3855e-11 1.59238e-09 5.18627e-08 1.16963e-06 1.82655e-05 0.000197516 0.001479 0.0076693 0.0275468 0.0686019 0.118908 0.145597 0.132887 0.105217 0.0893633 0.0814561 0.0688082 0.052541 0.0381801 0.0265328 0.0170388 0.00986862 0.00505291 0.00222253 0.000811425
 3.70373e-11 1.74206e-09 5.67377e-08 1.27958e-06 1.99824e-05 0.000216082 0.00161801 0.00838994 0.0301324 0.0750126 0.129827 0.158056 0.141339 0.105839 0.082789 0.0716356 0.0596845 0.0457758 0.0336552 0.0237386 0.0155088 0.00914043 0.00474486 0.00210431 0.000771957
 3.48154e-11 1.63755e-09 5.33339e-08 1.20281e-06 1.87837e-05 0.000203119 0.00152096 0.00788685 0.028328 0.0705458 0.122266 0.149653 0.136398 0.107524 0.0904579 0.0811125 0.0665426 0.0486044 0.0338804 0.0232109 0.0151243 0.00901967 0.00475977 0.00214449 0.000796721
 3.64198e-11 1.71301e-09 5.57917e-08 1.25824e-06 1.96493e-05 0.000212479 0.00159104 0.00825011 0.0296309 0.0737711 0.127725 0.15572 0.139969 0.106338 0.0850585 0.0746618 0.0622982 0.0473141 0.0340017 0.0231889 0.0146428 0.00846376 0.00440458 0.0019897 0.000747268
 3.44247e-11 1.61917e-09 5.27354e-08 1.18932e-06 1.85729e-05 0.00020084 0.00150389 0.00779836 0.0280104 0.0697562 0.120909 0.148043 0.135099 0.106874 0.0904481 0.0816774 0.0676872 0.0501777 0.0354363 0.02428 0.0155661 0.00903859 0.00464738 0.00206247 0.000765717
 3.69714e-11 1.73895e-09 5.66366e-08 1.2773e-06 1.99469e-05 0.000215697 0.00161513 0.00837501 0.0300789 0.0748812 0.129611 0.157849 0.141332 0.106215 0.0835606 0.0725882 0.0605004 0.0461874 0.033518 0.0231331 0.0147449 0.00852573 0.00438602 0.00194453 0.000717369
 3.63076e-11 1.70773e-09 5.56198e-08 1.25437e-06 1.95887e-05 0.000211825 0.00158614 0.00822476 0.0295405 0.0735525 0.127391 0.155519 0.140441 0.108002 0.0876863 0.0768979 0.0626528 0.0457313 0.0318618 0.0217213 0.0139818 0.00818284 0.00423013 0.00187461 0.000690048
 3.40776e-11 1.60285e-09 5.22036e-08 1.17732e-06 1.83856e-05 0.000198815 0.00148873 0.00771976 0.0277283 0.0690569 0.119717 0.146683 0.134177 0.106826 0.0912744 0.0830705 0.0692584 0.0514962 0.0360892 0.0242033 0.015144 0.00867719 0.00445807 0.00198137 0.000732118
 3.28998e-11 1.54745e-09 5.03994e-08 1.13664e-06 1.77502e-05 0.000191944 0.00143728 0.00745298 0.0267704 0.0666743 0.115608 0.141748 0.129996 0.104251 0.0902198 0.0834987 0.071482 0.0553927 0.0406629 0.0282144 0.0179072 0.0102155 0.00516805 0.00226176 0.000828362
 3.70364e-11 1.74201e-09 5.67362e-08 1.27955e-06 1.99819e-05 0.000216077 0.00161797 0.0083897 0.0301312 0.0750071 0.129799 0.157937 0.140959 0.104995 0.0815182 0.0704183 0.0591412 0.0461351 0.0346454 0.0248912 0.016448 0.0097151 0.00501233 0.00220104 0.000800707
 3.24968e-11 1.52849e-09 4.9782e-08 1.12271e-06 1.75327e-05 0.000189592 0.00141967 0.00736179 0.0264441 0.0658738 0.114303 0.140537 0.13011 0.106765 0.0947233 0.087581 0.0724807 0.0530119 0.0370967 0.0257163 0.0170598 0.0103547 0.00552755 0.00249928 0.00092608
#pred catch len freq
 2.10648e-11 9.9079e-10 3.22694e-08 7.27755e-07 1.1365e-05 0.000122897 0.000920268 0.00477236 0.0171463 0.0427491 0.0744271 0.0926892 0.0896328 0.0816814 0.0829369 0.0859393 0.0812537 0.0719779 0.0628219 0.0540748 0.0459079 0.0389131 0.0322577 0.0243759 0.0153873
 9.59854e-12 4.51469e-10 1.47041e-08 3.31614e-07 5.17867e-06 5.60015e-05 0.000419382 0.00217558 0.0078269 0.0196168 0.0348549 0.0467029 0.0555979 0.0713663 0.0941995 0.108663 0.106717 0.096661 0.0858928 0.0744891 0.0622405 0.0502332 0.0387317 0.0272517 0.0162987
 8.40994e-12 3.95563e-10 1.28833e-08 2.9055e-07 4.53737e-06 4.90659e-05 0.000367423 0.00190561 0.00684967 0.0171085 0.0299984 0.0383714 0.0404476 0.0442984 0.0561235 0.0731509 0.0912764 0.106713 0.112717 0.106211 0.0912849 0.073027 0.0540608 0.0358397 0.0201947
 3.24525e-11 1.52641e-09 4.97142e-08 1.12118e-06 1.75088e-05 0.000189333 0.0014177 0.00735086 0.0263951 0.0656566 0.113276 0.136218 0.116394 0.0758563 0.046188 0.0350267 0.0349747 0.0411006 0.050581 0.0584042 0.0594115 0.0522432 0.0396533 0.0257422 0.013902
 4.34427e-11 2.04334e-09 6.65502e-08 1.50087e-06 2.34383e-05 0.000253451 0.00189782 0.00984048 0.0353368 0.0879202 0.151832 0.183264 0.158746 0.107783 0.0697874 0.0496641 0.0347698 0.0220951 0.015193 0.0140622 0.0152613 0.0154035 0.0130463 0.00894714 0.00487122
 3.36833e-11 1.5843e-09 5.15997e-08 1.1637e-06 1.81729e-05 0.000196515 0.00147151 0.00763069 0.0274109 0.0682926 0.118569 0.146102 0.136254 0.113649 0.102128 0.0928292 0.0717944 0.0453172 0.0251932 0.0139994 0.00899891 0.00716635 0.00603797 0.00440921 0.00253014
 3.05823e-11 1.43844e-09 4.68492e-08 1.05657e-06 1.64998e-05 0.000178423 0.00133604 0.00692819 0.0248876 0.0620081 0.107673 0.132754 0.124111 0.10448 0.0963553 0.0928342 0.0809163 0.0625695 0.0439667 0.0274898 0.0150722 0.00782514 0.00441209 0.00268842 0.00149633
 3.12363e-11 1.46921e-09 4.78511e-08 1.07916e-06 1.68527e-05 0.000182239 0.00136461 0.00707621 0.0254178 0.0633132 0.109832 0.134911 0.124517 0.101551 0.0900675 0.0851888 0.0747668 0.060178 0.0462623 0.0332646 0.0212079 0.0116665 0.0056252 0.00251268 0.00107695
 3.4633e-11 1.62897e-09 5.30545e-08 1.19651e-06 1.86852e-05 0.000202055 0.00151298 0.00784543 0.0281781 0.0701619 0.121529 0.148409 0.134188 0.10363 0.0850266 0.0761276 0.0645893 0.0505382 0.0384254 0.0284113 0.0194887 0.0118513 0.00616875 0.00269897 0.000997361
 3.30986e-11 1.5568e-09 5.0704e-08 1.1435e-06 1.78574e-05 0.000193103 0.00144596 0.00749806 0.0269326 0.0670828 0.116345 0.142783 0.13135 0.106081 0.0922754 0.0845731 0.0702136 0.0519324 0.0368832 0.0259708 0.0175812 0.0109687 0.0060295 0.00279095 0.00105169
 3.51938e-11 1.65535e-09 5.39137e-08 1.21589e-06 1.89878e-05 0.000205327 0.00153748 0.00797249 0.0286345 0.0712994 0.123506 0.150856 0.1365 0.105612 0.086815 0.07757 0.0651184 0.0495859 0.035833 0.0247579 0.0160064 0.00957771 0.00519547 0.00244546 0.000950663
 3.61565e-11 1.70063e-09 5.53883e-08 1.24914e-06 1.95072e-05 0.000210943 0.00157954 0.00819054 0.0294176 0.0732482 0.126874 0.154932 0.140053 0.108 0.0880318 0.0773717 0.0630309 0.0459295 0.0319237 0.0217297 0.0140124 0.00827971 0.00437732 0.00201238 0.000775804
 3.61171e-11 1.69878e-09 5.53281e-08 1.24779e-06 1.9486e-05 0.000210714 0.00157782 0.00818166 0.0293859 0.0731715 0.126756 0.154858 0.140214 0.108601 0.0890969 0.078619 0.0640276 0.0463241 0.0315703 0.0207972 0.0129321 0.00742057 0.00384251 0.00173509 0.000657342
 3.49781e-11 1.6452e-09 5.35831e-08 1.20843e-06 1.88714e-05 0.000204068 0.00152806 0.00792372 0.0284605 0.0708778 0.122854 0.150429 0.137287 0.1086 0.0917942 0.0824959 0.0675395 0.0488257 0.0331269 0.0216096 0.0131851 0.00735012 0.00368098 0.00161206 0.000595931
 3.30948e-11 1.55662e-09 5.06982e-08 1.14337e-06 1.78554e-05 0.000193081 0.0014458 0.00749722 0.0269299 0.0670788 0.116357 0.142887 0.131736 0.107016 0.0938976 0.0867255 0.0724948 0.0537116 0.0373637 0.024735 0.0151111 0.00833742 0.00409238 0.00174443 0.000626228
 3.38097e-11 1.59024e-09 5.17933e-08 1.16807e-06 1.82411e-05 0.000197252 0.00147702 0.00765906 0.0275101 0.0685126 0.118767 0.145487 0.132986 0.105708 0.0902456 0.0824571 0.0695626 0.0528413 0.0380101 0.0259918 0.0163077 0.00915745 0.00451768 0.00191084 0.000674128
 3.46734e-11 1.63087e-09 5.31164e-08 1.19791e-06 1.87071e-05 0.000202291 0.00151475 0.00785467 0.0282122 0.0702556 0.121751 0.148965 0.135592 0.106553 0.0893966 0.0804485 0.0668775 0.0499642 0.0355974 0.024543 0.0157807 0.00913904 0.0046323 0.0019935 0.000707342
 3.38212e-11 1.59079e-09 5.18109e-08 1.16846e-06 1.82473e-05 0.000197319 0.00147753 0.00766169 0.0275199 0.0685409 0.118842 0.145697 0.133551 0.106884 0.0919081 0.0837936 0.0696172 0.0514917 0.0361018 0.0244979 0.015618 0.00908489 0.0046846 0.00206363 0.000748254
 3.2882e-11 1.54661e-09 5.03722e-08 1.13602e-06 1.77406e-05 0.00019184 0.0014365 0.007449 0.0267566 0.0666457 0.115597 0.141914 0.130715 0.105947 0.0927562 0.0857725 0.072159 0.0541776 0.0384616 0.0261471 0.0165282 0.00950631 0.00487382 0.00215547 0.000791267
 3.36004e-11 1.5804e-09 5.14727e-08 1.16084e-06 1.81281e-05 0.000196031 0.00146788 0.00761165 0.0273398 0.0680889 0.118035 0.144599 0.132206 0.105157 0.0898774 0.0822419 0.0695597 0.0531127 0.0385559 0.0267464 0.0171441 0.00991605 0.00507412 0.0022336 0.000818338
 3.45373e-11 1.62447e-09 5.29079e-08 1.19321e-06 1.86336e-05 0.000201497 0.00150881 0.00782384 0.0281015 0.0699809 0.12128 0.148413 0.135169 0.106384 0.0894446 0.0805898 0.0670142 0.050082 0.0357456 0.0247715 0.0160912 0.00947661 0.00491962 0.00218193 0.00080093
 3.38478e-11 1.59204e-09 5.18517e-08 1.16938e-06 1.82616e-05 0.000197474 0.00147869 0.00766773 0.0275416 0.0685948 0.118935 0.145808 0.133646 0.106941 0.0919241 0.0837574 0.0695101 0.0513209 0.035917 0.0243622 0.0155694 0.00911878 0.00476105 0.00213613 0.000792874
 3.30389e-11 1.55399e-09 5.06125e-08 1.14144e-06 1.78252e-05 0.000192755 0.00144335 0.00748452 0.026884 0.0669615 0.116134 0.14252 0.131104 0.105919 0.0923494 0.0852248 0.0717118 0.0539091 0.038311 0.0260444 0.0164555 0.00947225 0.00487612 0.00217489 0.000808899
 3.41872e-11 1.608e-09 5.23716e-08 1.18111e-06 1.84447e-05 0.000199454 0.00149351 0.00774454 0.0278167 0.0692719 0.120054 0.146923 0.133852 0.105466 0.0889545 0.0806966 0.0679756 0.0517632 0.037507 0.0260055 0.0166757 0.00965115 0.004944 0.00218214 0.000803768
 3.58084e-11 1.68426e-09 5.48552e-08 1.23712e-06 1.93194e-05 0.000208913 0.00156433 0.00811172 0.0291347 0.0725456 0.125669 0.15352 0.138969 0.107578 0.0882338 0.0779947 0.0639161 0.0469458 0.0328971 0.022506 0.0145282 0.00853652 0.00443021 0.00196654 0.00072328
 3.45976e-11 1.6273e-09 5.30002e-08 1.19529e-06 1.86661e-05 0.000201848 0.00151144 0.00783754 0.0281512 0.0701094 0.121536 0.14888 0.136083 0.108088 0.091891 0.082924 0.0680949 0.0494554 0.0338559 0.0224467 0.0140568 0.0081034 0.00418921 0.00187085 0.000693503
 3.24648e-11 1.52699e-09 4.97331e-08 1.12161e-06 1.75155e-05 0.000189406 0.00141828 0.00735455 0.0264179 0.0658078 0.114182 0.140357 0.129855 0.106425 0.0944871 0.0879641 0.0739202 0.055101 0.0386139 0.0257786 0.0159353 0.00895664 0.00451099 0.0019788 0.000728122
 3.30706e-11 1.55548e-09 5.06611e-08 1.14253e-06 1.78423e-05 0.00019294 0.00144474 0.00749168 0.0269093 0.0670203 0.116207 0.142478 0.130647 0.104721 0.0905069 0.083534 0.0711477 0.0547319 0.0399258 0.0276316 0.0175205 0.00995518 0.00498707 0.00215163 0.000776806
 3.23217e-11 1.52026e-09 4.95138e-08 1.11666e-06 1.74382e-05 0.000188571 0.00141202 0.00732208 0.0263009 0.0655126 0.113645 0.13958 0.128767 0.104794 0.0922773 0.0857509 0.0725977 0.055224 0.0401605 0.0282298 0.018462 0.0108564 0.00558227 0.00243796 0.000879321
#obs catch len freq
 2.02316e-11 9.51598e-10 3.09929e-08 6.98969e-07 1.09154e-05 0.000118036 0.000883868 0.00458361 0.0164685 0.0410617 0.0715074 0.0891393 0.0864762 0.0793764 0.0812994 0.0849267 0.0812884 0.0736426 0.0665508 0.0597696 0.0523263 0.0436481 0.0332449 0.0218797 0.011797
 1.97645e-11 9.29628e-10 3.02774e-08 6.82832e-07 1.06634e-05 0.000115311 0.000863463 0.00447781 0.0160886 0.0401168 0.0698779 0.0871838 0.0848255 0.0783876 0.0809949 0.0853981 0.0827419 0.0759275 0.0689483 0.0614704 0.0530099 0.0435667 0.0328718 0.0215392 0.0115832
 8.36107e-16 3.93931e-14 1.29164e-12 2.99025e-11 5.14908e-10 7.62699e-09 1.18349e-07 1.8749e-06 2.47211e-05 0.000239191 0.00162867 0.00772356 0.0255087 0.0590792 0.0978101 0.121165 0.122869 0.114711 0.105519 0.0949997 0.0820889 0.0669795 0.0499521 0.0323965 0.0173031
 1.16519e-11 5.4805e-10 1.78496e-08 4.02554e-07 6.28645e-06 6.79788e-05 0.000509011 0.00263917 0.0094753 0.0235564 0.0405551 0.048387 0.0403204 0.0253287 0.0195872 0.0336006 0.0661268 0.102219 0.123417 0.124282 0.111627 0.0920874 0.0686017 0.044191 0.023415
 5.10704e-11 2.40211e-09 7.8235e-08 1.7644e-06 2.75535e-05 0.000297951 0.002231 0.0115676 0.0415321 0.103265 0.177862 0.212462 0.176834 0.104403 0.046613 0.0188452 0.00940176 0.00788285 0.010688 0.0150461 0.0176212 0.0168072 0.0132873 0.00870622 0.00461633
 3.02204e-11 1.42142e-09 4.62948e-08 1.04406e-06 1.63046e-05 0.000176313 0.00132026 0.00684673 0.0246007 0.0613481 0.106903 0.133558 0.130337 0.120166 0.119555 0.111717 0.0819214 0.0443858 0.0189125 0.00882249 0.0071748 0.00755181 0.00692408 0.00499117 0.00277056
 3.86298e-11 1.81696e-09 5.91771e-08 1.33459e-06 2.08416e-05 0.000225372 0.00168757 0.00875049 0.0314254 0.0782128 0.135238 0.164047 0.144805 0.104617 0.0778862 0.0671336 0.059294 0.0486898 0.0352638 0.0211287 0.010401 0.00497115 0.00298698 0.00202952 0.00118331
 2.38901e-11 1.12367e-09 3.65973e-08 8.25362e-07 1.28893e-05 0.00013938 0.00104372 0.00541288 0.0194526 0.0485474 0.0848523 0.107212 0.10845 0.107695 0.116194 0.117026 0.0972948 0.0690512 0.0469091 0.0318484 0.0200047 0.0107512 0.00497146 0.00217314 0.0009572
 3.95416e-11 1.85984e-09 6.05739e-08 1.36609e-06 2.13335e-05 0.000230692 0.00172739 0.00895684 0.0321643 0.0800313 0.138242 0.167025 0.145285 0.100391 0.0691099 0.057006 0.0519488 0.0465254 0.0384031 0.0278475 0.0176046 0.00985186 0.00484452 0.00204393 0.00073842
 3.26734e-11 1.5368e-09 5.00525e-08 1.12881e-06 1.7628e-05 0.000190623 0.00142739 0.00740188 0.0265891 0.0662443 0.11501 0.141703 0.132114 0.110142 0.0990394 0.090526 0.0715501 0.0485242 0.0321493 0.0227799 0.01605 0.0100696 0.00531983 0.00232144 0.000829041
 3.65936e-11 1.72119e-09 5.60579e-08 1.26425e-06 1.97431e-05 0.000213493 0.00159863 0.00828946 0.0297718 0.0741185 0.128303 0.156314 0.140153 0.105791 0.0839804 0.0738639 0.0625098 0.0482486 0.0345943 0.0229308 0.0140439 0.00811858 0.00435134 0.00202106 0.00076381
 3.67326e-11 1.72773e-09 5.62709e-08 1.26905e-06 1.98181e-05 0.000214304 0.00160471 0.00832103 0.0298862 0.0744124 0.128875 0.157302 0.141957 0.108943 0.0880715 0.076719 0.0618173 0.0443834 0.0304247 0.0205008 0.0130066 0.00744904 0.00378319 0.0016779 0.000629614
 3.67377e-11 1.72796e-09 5.62787e-08 1.26923e-06 1.98208e-05 0.000214334 0.00160493 0.00832219 0.0298903 0.0744229 0.128894 0.157334 0.142013 0.109068 0.0883682 0.0773262 0.0627264 0.0451825 0.0305157 0.019802 0.0120726 0.00676993 0.00341225 0.00149278 0.000546814
 3.69411e-11 1.73753e-09 5.65903e-08 1.27625e-06 1.99305e-05 0.000215521 0.00161381 0.00836826 0.0300557 0.0748335 0.129597 0.158154 0.142632 0.109284 0.0882128 0.0769599 0.062302 0.0448062 0.0302302 0.0195491 0.0117661 0.00643293 0.00314465 0.00134013 0.000481229
 3.45378e-11 1.62449e-09 5.29087e-08 1.19322e-06 1.86339e-05 0.0002015 0.00150883 0.00782403 0.0281031 0.069992 0.121351 0.148742 0.136239 0.108789 0.0931347 0.0843172 0.0691249 0.0498583 0.0336368 0.0217233 0.013034 0.00707357 0.00340773 0.00142106 0.000497724
 3.292e-11 1.5484e-09 5.04303e-08 1.13733e-06 1.77611e-05 0.000192061 0.00143816 0.00745761 0.0267877 0.066724 0.115739 0.142118 0.130997 0.106379 0.0933967 0.0865715 0.0729647 0.0547599 0.0385483 0.02561 0.0155447 0.00844833 0.00405215 0.00167385 0.000577816
 3.47775e-11 1.63577e-09 5.32758e-08 1.2015e-06 1.87632e-05 0.000202898 0.0015193 0.00787821 0.0282964 0.0704615 0.122082 0.149252 0.135478 0.105721 0.0879808 0.0792159 0.0666807 0.050888 0.0369002 0.0254466 0.0160618 0.00902344 0.00441799 0.00183883 0.000633535
 3.37648e-11 1.58813e-09 5.17244e-08 1.16652e-06 1.82168e-05 0.00019699 0.00147506 0.00764891 0.0274742 0.068427 0.118646 0.145465 0.133367 0.106789 0.0918714 0.0837484 0.0695422 0.0514772 0.0362817 0.0248646 0.0159828 0.00927917 0.00471058 0.00202193 0.000711347
 3.31103e-11 1.55735e-09 5.07219e-08 1.14391e-06 1.78638e-05 0.000193172 0.00144647 0.00750069 0.026942 0.0671042 0.11637 0.14276 0.131165 0.105648 0.0917886 0.0846499 0.0714283 0.0539795 0.038563 0.0263047 0.016661 0.00960397 0.00492421 0.00216405 0.000783119
 3.21984e-11 1.51446e-09 4.93248e-08 1.1124e-06 1.73717e-05 0.000187851 0.00140663 0.00729415 0.0262007 0.0652633 0.113215 0.139067 0.128341 0.104565 0.0922845 0.0860708 0.0732914 0.0561146 0.0408286 0.028392 0.0182379 0.0105643 0.00540932 0.00237934 0.000868676
 3.53639e-11 1.66335e-09 5.41741e-08 1.22176e-06 1.90796e-05 0.000206319 0.00154491 0.00801097 0.0287726 0.0716399 0.124075 0.151454 0.136729 0.10514 0.0856781 0.0762343 0.0641762 0.0493863 0.0363625 0.0256665 0.0167735 0.00988697 0.00513263 0.00227633 0.000835064
 3.3145e-11 1.55898e-09 5.07751e-08 1.14511e-06 1.78825e-05 0.000193374 0.00144799 0.00750859 0.0269709 0.0671801 0.11653 0.143088 0.131879 0.107009 0.0936096 0.0859378 0.0710876 0.0520698 0.0363463 0.0249194 0.016243 0.00968807 0.00511272 0.00230354 0.000855816
 3.47241e-11 1.63326e-09 5.31941e-08 1.19966e-06 1.87344e-05 0.000202587 0.00151697 0.00786613 0.0282531 0.0703539 0.121899 0.149038 0.135323 0.105686 0.0880776 0.0794237 0.0669249 0.0509914 0.0366967 0.025045 0.01582 0.00914539 0.00475954 0.00215009 0.000807512
 3.27455e-11 1.54019e-09 5.01631e-08 1.1313e-06 1.76669e-05 0.000191044 0.00143054 0.00741811 0.026646 0.0663726 0.115141 0.141438 0.130538 0.106316 0.0935608 0.0864862 0.0722619 0.0537175 0.0379876 0.0260473 0.0167045 0.0097008 0.00498809 0.00221371 0.000821872
 3.53478e-11 1.66259e-09 5.41495e-08 1.22121e-06 1.90709e-05 0.000206225 0.00154421 0.00800735 0.0287597 0.0716093 0.124031 0.151447 0.136873 0.105568 0.0864159 0.077111 0.0649087 0.0497114 0.036125 0.0249494 0.0159073 0.00919891 0.00473255 0.0020982 0.000774064
 3.46666e-11 1.63055e-09 5.3106e-08 1.19767e-06 1.87034e-05 0.000202251 0.00151446 0.00785316 0.0282072 0.070246 0.121756 0.149071 0.136004 0.107502 0.0907935 0.0816527 0.0671335 0.0491499 0.0342926 0.0233964 0.0150652 0.00881803 0.00455869 0.00202025 0.000743661
 3.23396e-11 1.5211e-09 4.95412e-08 1.11728e-06 1.74479e-05 0.000188675 0.00141281 0.00732619 0.0263162 0.0655549 0.113748 0.139847 0.129457 0.106252 0.0945062 0.0880742 0.074039 0.0552053 0.0387421 0.0260022 0.0162752 0.00932663 0.00479199 0.00212982 0.000786976
 3.11954e-11 1.46728e-09 4.77884e-08 1.07775e-06 1.68306e-05 0.000182 0.00136282 0.00706701 0.0253855 0.0632393 0.109749 0.135023 0.125298 0.103535 0.0931623 0.0881986 0.076099 0.0591268 0.0434586 0.0301738 0.0191562 0.0109293 0.0055294 0.00241995 0.000886301
 3.53225e-11 1.6614e-09 5.41107e-08 1.22033e-06 1.90573e-05 0.000206078 0.0015431 0.00800158 0.0287386 0.0715526 0.123906 0.151165 0.136206 0.104209 0.0843717 0.0750268 0.0636959 0.0498622 0.0374999 0.0269613 0.0178213 0.0105275 0.0054317 0.00238524 0.000867723
#spawning biomass
 27518.8 25634.4 19330.4 13804.3 15187.4 27525.9 38530.6 45353.3 54279.3 72162.5 89709.3 97967.3 123004 132664 145879 140103 138515 150971 153189 162786 154197 154344 164182 178729 149827 170025 187761 187251 202026 224060 235186 149024 88156 53893.3 36534.5 28279.1 24507.4 22828.9 22094.9 21777.7 21641.7 21583.8 21559.2 21548.8 21544.4 21542.5 21541.7 21541.4 21541.3 21541.2 21541.2 21541.2 21541.2 21541.2 21541.2 21541.2 21541.2 21541.2 21541.2 21541.2 21541.2 21541.2 21541.2 21541.2 21541.2 21541.2 21541.2 21541.2 21541.2 21541.2 21541.2 21541.2 21541.2 21541.2 21541.2 21541.2 21541.2 21541.2 21541.2 21541.2 21541.2 21541.2 21541.2 21541.2 21541.2 21541.2 21541.2 21541.2 21541.2 21541.2 21541.2 21541.2 21541.2 21541.2 21541.2 21541.2 21541.2 21541.2 21541.2 21541.2 21541.2 21541.2 21541.2 21541.2 21541.2 21541.2 21541.2 21541.2 21541.2 21541.2 21541.2 21541.2 21541.2 21541.2 21541.2 21541.2 21541.2 21541.2 21541.2 21541.2 21541.2 21541.2 21541.2 21541.2 21541.2 21541.2 21541.2 21541.2 21541.2 0 0 0 0 0 0 0 0 0 0 0 0 0 0 0 0 0 0 0 0 0 0 0 0 0
