SBPRF35
0.228816
Curr Bio
294047
B35
385575
F35
0.402025
FOFL
0.214715
OFL
55550.9
Bzero
65375.9
#pred survey bio
 83429.4 77533.6 59823 45728.8 71785 114490 171882 226261 280819 296263 322747 351762 372371 361134 408536 424947 432331 411104 420766 404778 396326 427546 443386 401958 403831 414537 469125 443833 1.27154e+07 7.08099e+06 4.94605e+06 3.18308e+06 2.05516e+06 1.41223e+06 1.06596e+06 883774 788079 737128 709349 693756 684731 679355 676071 674019 672727 671903 671372 671029 670805 670659 670564 670501 670460 670433 670415 670404 670396 670391 670388 670386 670384 670383 670383 670382 670382 670382 670382 670382 670382 670382 670382 670382 670382 670382 670382 670382 670382 670382 670382 670382 670382 670382 670382 670382 670382 670382 670382 670382 670382 670382 670382 670382 670382 670382 670382 670382 670382 670382 670382 670382 670382 670382 670382 670382 670382 670382 670382 670382 670382 670382 670382 670382 670382 670382 670382 670382 670382 670382 670382 670382 670382 670382 670382 670382 670382 670382 670382 670382 0 0 0 0 0 0 0 0 0 0 0 0 0 0 0 0 0 0 0 0 0 0 0 0 0
#obs survey bio
 66828 65073 40488.8 45423.2 79921.4 109659 177194 298896 319399 316711 264914 497310 349774 341212 402110 395978 476994 401348 499169 417443 412148 497400 414441 386527 466825 449770 483152 347188
#pred catch bio
 10581.2 12918.6 14225.7 8155.89 14889.7 27832.9 48536.7 63904.4 99529.9 106688 127986 142967 168548 147865 188838 200415 206313 177552 199658 190440 167089 180073 208622 171782 182779 172621 220658 254555 55550.9 90076.7 60598.2 37333.5 23059.7 15331.9 11440.9 9568.09 8692.59 8291.16 8109.48 8027.99 7991.66 7975.52 7968.38 7965.22 7963.83 7963.22 7962.96 7962.84 7962.79 7962.76 7962.75 7962.75 7962.75 7962.75 7962.75 7962.74 7962.74 7962.74 7962.74 7962.74 7962.74 7962.74 7962.74 7962.74 7962.74 7962.74 7962.74 7962.74 7962.74 7962.74 7962.74 7962.74 7962.74 7962.74 7962.74 7962.74 7962.74 7962.74 7962.74 7962.74 7962.74 7962.74 7962.74 7962.74 7962.74 7962.74 7962.74 7962.74 7962.74 7962.74 7962.74 7962.74 7962.74 7962.74 7962.74 7962.74 7962.74 7962.74 7962.74 7962.74 7962.74 7962.74 7962.74 7962.74 7962.74 7962.74 7962.74 7962.74 7962.74 7962.74 7962.74 7962.74 7962.74 7962.74 7962.74 7962.74 7962.74 7962.74 7962.74 7962.74 7962.74 7962.74 7962.74 7962.74 7962.74 7962.74 7962.74 7962.74 0 0 0 0 0 0 0 0 0 0 0 0 0 0 0 0 0 0 0 0 0 0 0 0 0
#obs catch bio
 12988.8 13510.2 15689.7 8268.57 15006.1 27431.2 46653.4 59693.8 92014 103040 127677 135391 159492 145679 186616 207223 207815 175051 202007 194584 167820 175327 208575 166516 187588 174266 222564 258726
#pred cpue bio
 81962.7 76848.9 59635.2 44821.3 68108.2 110015 164940 218100 271273 286532 311031 337925 358499 347219 391488 407034 414287 395230 404687 388347 380416 410625 426806 387188 388659 397176 449750 427146 1.21282e+07 7.07249e+06 4.93096e+06 3.16767e+06 2.03974e+06 1.39681e+06 1.05054e+06 868358 772663 721711 693933 678340 669315 663939 660655 658603 657311 656487 655956 655612 655389 655243 655147 655085 655044 655017 654999 654987 654980 654975 654972 654969 654968 654967 654966 654966 654966 654966 654965 654965 654965 654965 654965 654965 654965 654965 654965 654965 654965 654965 654965 654965 654965 654965 654965 654965 654965 654965 654965 654965 654965 654965 654965 654965 654965 654965 654965 654965 654965 654965 654965 654965 654965 654965 654965 654965 654965 654965 654965 654965 654965 654965 654965 654965 654965 654965 654965 654965 654965 654965 654965 654965 654965 654965 654965 654965 654965 654965 654965 654965 0 0 0 0 0 0 0 0 0 0 0 0 0 0 0 0 0 0 0 0 0 0 0 0 0
#obs cpue bio
 64696.6 48438.2 47460.8 62549.6 87456.9 158077 237250 239055 339962 214469 336374 369826 482443 298306 450249 318968 419119 423381 318366 335092 357515 455665 437879 474331 253429 348165 447936 533438
#pred surv len freq
 2.55542e-11 1.20195e-09 3.91467e-08 8.82856e-07 1.37871e-05 0.000149088 0.00111638 0.00578914 0.0207961 0.0518153 0.0899838 0.110993 0.10394 0.0879618 0.0821063 0.0810957 0.0746458 0.0644494 0.0547336 0.0458189 0.0377836 0.0311299 0.0252099 0.0187476 0.0117199
 1.53397e-11 7.21506e-10 2.3499e-08 5.29961e-07 8.27614e-06 8.94961e-05 0.00067018 0.00347588 0.0124945 0.0312127 0.0547621 0.0701709 0.0740937 0.0798513 0.093853 0.103245 0.0988038 0.0871173 0.0751125 0.0630728 0.0508692 0.0395586 0.0294757 0.0201959 0.0118667
 7.04925e-12 3.31563e-10 1.07988e-08 2.4354e-07 3.80326e-06 4.1128e-05 0.000307996 0.00159772 0.00574745 0.0143999 0.025552 0.0340957 0.0402763 0.0518205 0.0710571 0.0901453 0.103786 0.111914 0.111609 0.100775 0.0831578 0.0637407 0.0452335 0.0289024 0.0158363
 3.07947e-11 1.44844e-09 4.71747e-08 1.06391e-06 1.66144e-05 0.000179661 0.00134527 0.0069753 0.0250459 0.0622946 0.107435 0.129004 0.109647 0.0703773 0.0422041 0.0340993 0.0393206 0.0505067 0.0615998 0.0671802 0.0642199 0.0534465 0.0386187 0.0239924 0.0124899
 4.62641e-11 2.17604e-09 7.08723e-08 1.59835e-06 2.49605e-05 0.000269911 0.00202106 0.0104793 0.0376285 0.0935977 0.161471 0.194114 0.165599 0.10691 0.0618344 0.0390078 0.0260629 0.0172966 0.0136945 0.0143159 0.0157832 0.0153192 0.0123224 0.00804661 0.00419967
 3.72429e-11 1.75173e-09 5.70527e-08 1.28668e-06 2.00934e-05 0.000217282 0.00162701 0.00843676 0.030303 0.0754635 0.130783 0.160044 0.145728 0.114379 0.094782 0.0817312 0.0612954 0.0374086 0.0200377 0.0111853 0.00781212 0.00672264 0.00571802 0.00405951 0.00224454
 3.83477e-11 1.80369e-09 5.87452e-08 1.32485e-06 2.06894e-05 0.000223727 0.00167526 0.00868674 0.0311977 0.07766 0.134376 0.163436 0.145645 0.108014 0.0832616 0.0714464 0.0593167 0.0445852 0.0305061 0.018583 0.0100013 0.00524576 0.00309141 0.00194464 0.0010811
 3.58819e-11 1.68771e-09 5.49677e-08 1.23966e-06 1.93591e-05 0.000209341 0.00156754 0.00812837 0.0291946 0.0726961 0.125939 0.153891 0.139438 0.108214 0.089055 0.0788225 0.0645104 0.0472338 0.0328666 0.0219845 0.0134096 0.00717684 0.00342233 0.00154408 0.000675546
 3.49369e-11 1.64327e-09 5.35201e-08 1.20701e-06 1.88492e-05 0.000203828 0.00152626 0.00791432 0.0284259 0.070783 0.122632 0.149885 0.135932 0.105831 0.087805 0.0789682 0.0665171 0.0507453 0.0366095 0.0250067 0.0156515 0.00876311 0.00429915 0.00181814 0.000663531
 3.43893e-11 1.61751e-09 5.26812e-08 1.18809e-06 1.85538e-05 0.000200633 0.00150234 0.00779029 0.0279807 0.0696772 0.120735 0.147656 0.134199 0.105077 0.0878744 0.0793947 0.0670095 0.0514097 0.0377162 0.0265361 0.0172213 0.00999441 0.00505852 0.00217332 0.000774182
 3.66008e-11 1.72153e-09 5.60691e-08 1.2645e-06 1.9747e-05 0.000213536 0.00159895 0.00829109 0.0297775 0.0741322 0.128322 0.15631 0.140058 0.105479 0.0832582 0.0725154 0.060606 0.04661 0.0344284 0.0244756 0.0161685 0.00964209 0.00504394 0.00223585 0.00081268
 3.804e-11 1.78922e-09 5.82738e-08 1.31422e-06 2.05234e-05 0.000221932 0.00166182 0.00861707 0.0309477 0.0770405 0.133322 0.162238 0.144834 0.107876 0.0834099 0.0708883 0.0573809 0.0421788 0.029785 0.0206568 0.0136053 0.00820362 0.00437778 0.00199061 0.000743088
 3.66013e-11 1.72155e-09 5.60698e-08 1.26451e-06 1.97472e-05 0.000213538 0.00159897 0.0082913 0.0297793 0.0741467 0.128416 0.15675 0.141485 0.108659 0.0880199 0.0769894 0.062444 0.0450919 0.0307717 0.0204213 0.0128805 0.00753347 0.00397677 0.00181942 0.000690311
 3.73995e-11 1.7591e-09 5.72926e-08 1.29209e-06 2.01779e-05 0.000218195 0.00163384 0.00847203 0.0304274 0.075751 0.13113 0.159758 0.143227 0.107991 0.0852164 0.0736734 0.0603169 0.0445872 0.0311023 0.0206796 0.0127488 0.00717482 0.00364179 0.0016208 0.000607766
 3.9093e-11 1.83875e-09 5.98868e-08 1.3506e-06 2.10915e-05 0.000228075 0.00170781 0.00885553 0.0318035 0.0791647 0.136956 0.166462 0.147965 0.108849 0.0824701 0.0690533 0.0555141 0.0405004 0.028087 0.018791 0.0117148 0.00660552 0.00330128 0.00142823 0.000519828
 3.90655e-11 1.83745e-09 5.98446e-08 1.34965e-06 2.10767e-05 0.000227914 0.00170661 0.00884933 0.0317818 0.0791153 0.136902 0.166548 0.148523 0.110248 0.0846076 0.0710311 0.0562345 0.0396811 0.0263948 0.0170922 0.0104823 0.00588651 0.00294231 0.0012673 0.000455177
 3.87804e-11 1.82405e-09 5.9408e-08 1.3398e-06 2.09229e-05 0.000226252 0.00169416 0.00878479 0.0315502 0.0785412 0.135925 0.165436 0.147779 0.110232 0.0853089 0.0721641 0.0574711 0.0407317 0.0269981 0.017154 0.0101893 0.00553427 0.00270032 0.00114783 0.000409134
 3.70917e-11 1.74461e-09 5.6821e-08 1.28145e-06 2.00118e-05 0.000216399 0.00162039 0.00840236 0.030178 0.0751384 0.130125 0.158798 0.143208 0.10971 0.0885101 0.0771066 0.0622122 0.0444488 0.0296864 0.018949 0.011218 0.00600215 0.00285612 0.00118082 0.000411211
 3.71048e-11 1.74523e-09 5.68412e-08 1.28191e-06 2.00189e-05 0.000216476 0.00162096 0.0084053 0.0301881 0.0751584 0.130126 0.158639 0.142561 0.1082 0.0862554 0.0750821 0.061591 0.0454801 0.0315765 0.0207522 0.0124824 0.0067167 0.00318408 0.00129925 0.000443564
 3.84457e-11 1.8083e-09 5.88952e-08 1.32823e-06 2.07423e-05 0.000224299 0.00167954 0.00870894 0.0312776 0.0778609 0.134736 0.163932 0.14626 0.108755 0.0838622 0.0711211 0.0574465 0.0419549 0.0290807 0.0194041 0.012008 0.0066589 0.00322558 0.00132862 0.00045289
 3.80529e-11 1.78983e-09 5.82935e-08 1.31466e-06 2.05304e-05 0.000222007 0.00166238 0.00862003 0.0309589 0.0770736 0.133416 0.162524 0.145638 0.109614 0.0860544 0.0735697 0.0589383 0.0421013 0.0283674 0.0185278 0.0113876 0.00636903 0.0031469 0.00132641 0.000460629
 3.77854e-11 1.77724e-09 5.78837e-08 1.30542e-06 2.0386e-05 0.000220446 0.00165069 0.00855943 0.0307413 0.0765325 0.132482 0.161405 0.144696 0.109057 0.085903 0.0738806 0.0598046 0.0433593 0.0295406 0.0192279 0.0116227 0.00638248 0.00312531 0.00132217 0.000465074
 3.66027e-11 1.72162e-09 5.60719e-08 1.26456e-06 1.97479e-05 0.000213546 0.00159903 0.0082916 0.0297803 0.0741488 0.128417 0.156737 0.141432 0.108546 0.0879062 0.0770602 0.0628882 0.0458575 0.0315052 0.0207289 0.0126383 0.00694656 0.00337585 0.00141354 0.000494196
 3.63469e-11 1.70959e-09 5.56801e-08 1.25572e-06 1.961e-05 0.000212054 0.00158786 0.00823366 0.0295722 0.0736305 0.127518 0.155636 0.140429 0.107777 0.0873665 0.0768686 0.0632609 0.0467907 0.032686 0.0218056 0.0134397 0.00745583 0.00364657 0.00152905 0.000532842
 3.69212e-11 1.7366e-09 5.65598e-08 1.27556e-06 1.99198e-05 0.000215404 0.00161294 0.00836369 0.0300386 0.0747858 0.129478 0.157834 0.141788 0.107515 0.0856027 0.0745057 0.0612684 0.0455939 0.0322094 0.0218047 0.0136615 0.00770136 0.00381753 0.00161633 0.000566502
 3.92139e-11 1.84444e-09 6.00721e-08 1.35477e-06 2.11568e-05 0.00022878 0.00171309 0.00888291 0.0319017 0.0794077 0.137367 0.166915 0.148221 0.108726 0.0819922 0.06844 0.0550078 0.0402081 0.0279988 0.0188662 0.0118928 0.00679316 0.0034214 0.00147101 0.000522183
 3.86426e-11 1.81757e-09 5.91969e-08 1.33504e-06 2.08485e-05 0.000225448 0.00168814 0.00875359 0.0314382 0.0782631 0.135449 0.164878 0.147352 0.110056 0.0853107 0.0721553 0.0573247 0.0405495 0.0270505 0.0175825 0.0108412 0.00613624 0.00309641 0.001344 0.000483268
 3.65581e-11 1.71952e-09 5.60035e-08 1.26302e-06 1.97239e-05 0.000213286 0.00159708 0.00828153 0.0297445 0.0740629 0.12829 0.156688 0.141724 0.109457 0.0893839 0.0785207 0.0635932 0.0455334 0.0304583 0.0194931 0.0116416 0.00635691 0.00312187 0.00133693 0.000479833
#obs surv len freq
 2.55006e-11 1.19942e-09 3.90645e-08 8.81003e-07 1.37581e-05 0.000148775 0.00111403 0.00577687 0.0207509 0.051691 0.089689 0.110261 0.102099 0.0841758 0.0766234 0.0762062 0.0732843 0.067664 0.0612267 0.0533987 0.0442549 0.0344714 0.0244567 0.0150553 0.0076379
 5.5452e-12 2.6082e-10 8.49473e-09 1.91578e-07 2.99182e-06 3.23543e-05 0.000242326 0.00125775 0.00453436 0.0114577 0.0209901 0.0310318 0.0454661 0.0719229 0.104341 0.122145 0.117422 0.10322 0.0908961 0.0801693 0.068014 0.0536677 0.0380881 0.0233267 0.011772
 1.47987e-14 6.96079e-13 2.26731e-11 5.1154e-10 8.00109e-09 8.70642e-08 6.68105e-07 3.79756e-06 1.83962e-05 9.29121e-05 0.000485328 0.00215386 0.00724233 0.018343 0.0371267 0.0649816 0.100995 0.134238 0.148473 0.140352 0.119819 0.094842 0.0678898 0.0418243 0.0211193
 5.32656e-11 2.50536e-09 8.15977e-08 1.84023e-06 2.87379e-05 0.000310758 0.00232689 0.0120647 0.0433153 0.107685 0.185376 0.220974 0.182407 0.104329 0.0416194 0.0125151 0.0052851 0.00677297 0.0108125 0.0144162 0.0155959 0.0139201 0.0104214 0.00651444 0.00330854
 3.16335e-11 1.48789e-09 4.84595e-08 1.09289e-06 1.7067e-05 0.000184557 0.00138199 0.00716675 0.0257491 0.0641972 0.111767 0.139165 0.13433 0.120959 0.117332 0.107806 0.0776752 0.0407539 0.0165415 0.00781535 0.00690344 0.00725087 0.00634656 0.00434927 0.0023074
 4.23414e-11 1.99153e-09 6.48629e-08 1.46282e-06 2.28441e-05 0.000247026 0.0018497 0.00959099 0.0344412 0.0856921 0.14799 0.178659 0.154923 0.105916 0.0710393 0.0563463 0.0487149 0.0402548 0.0292989 0.0174584 0.00849653 0.00405304 0.00244634 0.00163494 0.000923438
 3.68591e-11 1.73368e-09 5.64647e-08 1.27342e-06 1.98863e-05 0.000215043 0.00161023 0.00834976 0.02999 0.074678 0.129382 0.158144 0.143416 0.111438 0.0913651 0.0792843 0.0619438 0.0421293 0.0275379 0.0183085 0.0114473 0.00614633 0.002832 0.00122788 0.000532705
 3.80942e-11 1.79177e-09 5.83567e-08 1.31609e-06 2.05526e-05 0.000222248 0.00166418 0.00862931 0.0309917 0.0771483 0.1335 0.162414 0.144873 0.107717 0.0832998 0.0714494 0.0590581 0.0443711 0.0310493 0.0201965 0.0119959 0.00648397 0.00313369 0.00131093 0.000469982
 3.55355e-11 1.67142e-09 5.4437e-08 1.22769e-06 1.91722e-05 0.000207321 0.00155241 0.00804993 0.0289132 0.0719974 0.124743 0.152502 0.13841 0.107903 0.0893984 0.0795136 0.0652602 0.0478845 0.0333966 0.0225099 0.0140457 0.00780523 0.00377945 0.00156526 0.000543238
 3.5458e-11 1.66777e-09 5.43183e-08 1.22501e-06 1.91304e-05 0.000206868 0.00154902 0.00803231 0.0288493 0.0718326 0.124419 0.151922 0.137308 0.105914 0.0866957 0.0773156 0.0649728 0.0495894 0.0358306 0.0245345 0.0154355 0.00873665 0.00434945 0.00184296 0.000643617
 3.84846e-11 1.81013e-09 5.89547e-08 1.32958e-06 2.07633e-05 0.000224525 0.00168123 0.00871769 0.0313086 0.077932 0.13482 0.163853 0.14561 0.107076 0.081225 0.0685068 0.0560996 0.0423231 0.0306694 0.0214332 0.0138898 0.00808159 0.00411392 0.00177875 0.000633126
 3.84664e-11 1.80927e-09 5.89268e-08 1.32895e-06 2.07535e-05 0.000224419 0.00168044 0.00871365 0.0312948 0.0779051 0.134824 0.164095 0.146578 0.109329 0.0845973 0.0715647 0.0570929 0.040826 0.0278038 0.0186372 0.0119327 0.00701564 0.0036525 0.00161991 0.000590166
 3.70246e-11 1.74146e-09 5.67182e-08 1.27914e-06 1.99756e-05 0.000216008 0.00161746 0.00838716 0.0301234 0.075 0.129873 0.158429 0.142682 0.108918 0.0874692 0.0761602 0.0618059 0.0446983 0.0303524 0.0197759 0.012086 0.00680846 0.00346852 0.0015392 0.00056883
 3.87137e-11 1.82091e-09 5.93057e-08 1.33749e-06 2.08869e-05 0.000225862 0.00169124 0.00876962 0.0314953 0.0783991 0.135644 0.164929 0.146804 0.108444 0.0828068 0.0699418 0.0567779 0.0418891 0.0292168 0.0193966 0.0118667 0.00655615 0.00323125 0.00138866 0.000503296
 3.95725e-11 1.8613e-09 6.06213e-08 1.36716e-06 2.13502e-05 0.000230872 0.00172876 0.00896413 0.0321936 0.0801348 0.13863 0.168476 0.149684 0.109932 0.0829447 0.0689039 0.0545922 0.0388879 0.0262475 0.0172261 0.010631 0.00594737 0.00293608 0.00124518 0.000441287
 3.85864e-11 1.81492e-09 5.91107e-08 1.3331e-06 2.08182e-05 0.00022512 0.00168568 0.00874085 0.0313927 0.0781507 0.135262 0.164687 0.147301 0.110272 0.0858075 0.0727999 0.0579243 0.0409304 0.0270882 0.0172779 0.0103586 0.00568421 0.0027887 0.00118286 0.000418111
 3.8228e-11 1.79806e-09 5.85616e-08 1.32071e-06 2.06248e-05 0.000223028 0.00167003 0.00865967 0.0311012 0.0774258 0.134012 0.163192 0.146051 0.109548 0.0856078 0.0731397 0.0588931 0.0423983 0.0285914 0.0183566 0.0108935 0.0058465 0.00279772 0.00116379 0.000406629
 3.58363e-11 1.68557e-09 5.48978e-08 1.23808e-06 1.93345e-05 0.000209075 0.00156555 0.00811805 0.0291578 0.0726053 0.12579 0.15375 0.139442 0.1085 0.0896574 0.0796161 0.0652381 0.0475579 0.0325679 0.0212862 0.0128376 0.00694694 0.00331059 0.00135708 0.000465369
 3.81939e-11 1.79646e-09 5.85095e-08 1.31954e-06 2.06065e-05 0.00022283 0.00166854 0.00865189 0.0310727 0.0773485 0.133837 0.162781 0.145054 0.107522 0.0826655 0.0704459 0.0579071 0.0435274 0.0309995 0.020914 0.0129046 0.00711341 0.00343834 0.00141924 0.000485769
 3.85157e-11 1.81159e-09 5.90024e-08 1.33065e-06 2.078e-05 0.000224707 0.00168259 0.0087248 0.0313348 0.0780037 0.134988 0.164265 0.146636 0.109182 0.0842875 0.0712991 0.0571008 0.0411435 0.0282299 0.0189049 0.0119104 0.00677527 0.0033701 0.00142096 0.00049308
 3.6912e-11 1.73616e-09 5.65456e-08 1.27525e-06 1.99148e-05 0.000215351 0.00161254 0.00836164 0.0300319 0.0747735 0.129489 0.157999 0.14242 0.108977 0.0878128 0.0765854 0.0621106 0.0448459 0.0304439 0.0198847 0.0121801 0.006828 0.0034165 0.00146946 0.000521837
 3.86203e-11 1.81651e-09 5.91626e-08 1.33427e-06 2.08365e-05 0.000225317 0.00168716 0.00874846 0.0314194 0.0782104 0.13532 0.164547 0.146503 0.108309 0.0828302 0.0700877 0.0570217 0.0421904 0.0295026 0.0196098 0.0120012 0.00662894 0.00325717 0.00138615 0.000493009
 3.54243e-11 1.66619e-09 5.42667e-08 1.22385e-06 1.91122e-05 0.000206672 0.00154756 0.00802478 0.0288233 0.0717774 0.124389 0.152195 0.138533 0.108814 0.0910231 0.0811515 0.0660536 0.0475309 0.0322863 0.021296 0.0131901 0.00739465 0.00365198 0.00154557 0.000544523
 3.74897e-11 1.76334e-09 5.74307e-08 1.29521e-06 2.02265e-05 0.000218721 0.00163777 0.00849241 0.0305003 0.0759272 0.131402 0.159934 0.142892 0.10674 0.0831865 0.0718245 0.0597585 0.0455147 0.0327232 0.0221147 0.013642 0.0075793 0.00373976 0.00159015 0.000562019
 3.6374e-11 1.71086e-09 5.57215e-08 1.25666e-06 1.96246e-05 0.000212212 0.00158904 0.00823979 0.0295944 0.0736861 0.127618 0.155778 0.140613 0.108008 0.0875528 0.0767379 0.0625855 0.0457941 0.0319881 0.0217898 0.0139045 0.00797803 0.00399957 0.00170655 0.000603194
 4.10076e-11 1.9288e-09 6.28198e-08 1.41675e-06 2.21245e-05 0.000239245 0.00179145 0.00928907 0.033359 0.0830192 0.143508 0.173878 0.152792 0.108659 0.0777112 0.0625071 0.0499982 0.0370071 0.0260928 0.0176156 0.0110632 0.00632678 0.00321634 0.00140093 0.000503329
 3.58389e-11 1.68569e-09 5.49018e-08 1.23818e-06 1.93359e-05 0.000209091 0.00156567 0.00811872 0.0291609 0.0726205 0.125866 0.154077 0.140475 0.110757 0.0928945 0.0822649 0.0654821 0.045215 0.0292516 0.0186936 0.0115118 0.00653992 0.00331052 0.00144289 0.000522493
 3.70526e-11 1.74277e-09 5.6761e-08 1.2801e-06 1.99907e-05 0.000216171 0.00161868 0.00839343 0.0301452 0.0750483 0.129913 0.158278 0.141916 0.107085 0.0848007 0.0740293 0.061757 0.046799 0.033104 0.0217191 0.012898 0.00693154 0.00336829 0.00143909 0.000517755
#pred catch len freq
 2.42592e-11 1.14104e-09 3.71628e-08 8.38114e-07 1.30884e-05 0.000141533 0.00105981 0.00549586 0.0197436 0.0492033 0.0855193 0.105822 0.100171 0.0869633 0.0836208 0.0838651 0.0775306 0.0669782 0.0568679 0.0475959 0.0392454 0.0323332 0.0261841 0.0194721 0.0121728
 1.43868e-11 6.76687e-10 2.20393e-08 4.97041e-07 7.76204e-06 8.39369e-05 0.000628555 0.00326009 0.0117201 0.029291 0.0514777 0.0663692 0.0713299 0.0791381 0.0950031 0.105328 0.100975 0.0890294 0.0767357 0.0644223 0.0519529 0.0404 0.0301023 0.0206252 0.012119
 6.58726e-12 3.09833e-10 1.00911e-08 2.27579e-07 3.554e-06 3.84326e-05 0.000287814 0.00149309 0.00537192 0.0134675 0.0239548 0.0322294 0.0388612 0.0513069 0.0713628 0.0909162 0.104734 0.112907 0.112571 0.10163 0.0838592 0.0642768 0.0456135 0.0291452 0.0159693
 2.95754e-11 1.39109e-09 4.53068e-08 1.02178e-06 1.59566e-05 0.000172547 0.00129201 0.00669914 0.0240546 0.0598314 0.103203 0.124003 0.105665 0.0684543 0.0420966 0.0350864 0.040974 0.0527326 0.0643186 0.0701416 0.067049 0.0558003 0.0403193 0.0250488 0.0130399
 4.54805e-11 2.13919e-09 6.96719e-08 1.57128e-06 2.45377e-05 0.00026534 0.00198683 0.0103019 0.0369917 0.092018 0.158774 0.191007 0.16339 0.106456 0.0629432 0.0407658 0.0276226 0.0184061 0.0145772 0.0152337 0.0167932 0.0162992 0.0131106 0.00856129 0.00446829
 3.62074e-11 1.70302e-09 5.54664e-08 1.25091e-06 1.95347e-05 0.000211241 0.00158177 0.00820228 0.0294618 0.0733785 0.127238 0.156023 0.143084 0.114408 0.0972451 0.0851634 0.0642038 0.0392285 0.0210095 0.0117221 0.0081842 0.007042 0.00598951 0.00425224 0.0023511
 3.74123e-11 1.75969e-09 5.73121e-08 1.29253e-06 2.01847e-05 0.000218269 0.00163439 0.0084749 0.0304376 0.0757752 0.131164 0.159762 0.143123 0.10775 0.0850787 0.0742425 0.0619941 0.0466452 0.0319096 0.0194328 0.010457 0.00548435 0.00323189 0.00203298 0.00113021
 3.48992e-11 1.64149e-09 5.34624e-08 1.20571e-06 1.88289e-05 0.000203608 0.00152462 0.00790585 0.0283962 0.0707164 0.122566 0.150039 0.13681 0.107979 0.0910129 0.0817655 0.0672451 0.0492761 0.0342783 0.0229213 0.0139788 0.00748097 0.00356727 0.00160946 0.000704146
 3.40881e-11 1.60334e-09 5.22198e-08 1.17769e-06 1.83913e-05 0.000198876 0.00148919 0.00772211 0.0277362 0.0690727 0.119716 0.146547 0.13363 0.105557 0.0893934 0.0814225 0.0688593 0.0525604 0.0379065 0.0258846 0.0161984 0.00906878 0.004449 0.0018815 0.000686649
 3.35466e-11 1.57787e-09 5.13903e-08 1.15898e-06 1.80991e-05 0.000195717 0.00146553 0.00759946 0.027296 0.0679792 0.11784 0.14434 0.131905 0.104787 0.0894207 0.0817938 0.0693009 0.0531938 0.0390117 0.0274389 0.0178045 0.0103323 0.00522941 0.00224672 0.000800328
 3.58638e-11 1.68686e-09 5.494e-08 1.23903e-06 1.93493e-05 0.000209235 0.00156675 0.00812418 0.0291786 0.0726469 0.125789 0.153408 0.138047 0.105212 0.084591 0.0745934 0.0625971 0.0481674 0.0355664 0.0252766 0.0166951 0.00995554 0.00520779 0.00230846 0.000839072
 3.73448e-11 1.75652e-09 5.72087e-08 1.2902e-06 2.01483e-05 0.000217876 0.00163145 0.00845963 0.0303828 0.0756397 0.130935 0.159509 0.142964 0.107685 0.0847572 0.0729278 0.0592806 0.0436022 0.0307793 0.0213386 0.0140519 0.00847236 0.00452109 0.00205576 0.000767405
 3.59867e-11 1.69264e-09 5.51283e-08 1.24328e-06 1.94156e-05 0.000209953 0.00157212 0.00815213 0.0292799 0.0729086 0.126307 0.154343 0.139849 0.10853 0.0892701 0.0788521 0.0641567 0.0463449 0.0316135 0.0209716 0.0132249 0.00773435 0.0040827 0.00186786 0.000708691
 3.67007e-11 1.72622e-09 5.6222e-08 1.26795e-06 1.98008e-05 0.000214118 0.00160331 0.00831377 0.0298596 0.074343 0.128731 0.157016 0.141352 0.107811 0.0865908 0.0757543 0.0622649 0.0460521 0.0321128 0.021344 0.0131561 0.00740348 0.00375776 0.00167239 0.000627111
 3.85339e-11 1.81245e-09 5.90304e-08 1.33128e-06 2.07899e-05 0.000224813 0.00168339 0.00872893 0.0313493 0.0780384 0.135037 0.16427 0.146471 0.108719 0.0835892 0.0707327 0.0570711 0.0416559 0.0288769 0.0193121 0.0120374 0.0067869 0.00339184 0.0014674 0.000534081
 3.85258e-11 1.81207e-09 5.90179e-08 1.331e-06 2.07855e-05 0.000224766 0.00168304 0.00872713 0.0313433 0.0780282 0.135051 0.164438 0.147099 0.110161 0.0857456 0.0727048 0.0577552 0.040772 0.0271091 0.0175474 0.0107592 0.00604148 0.00301968 0.00130062 0.000467139
 3.82491e-11 1.79906e-09 5.85941e-08 1.32144e-06 2.06362e-05 0.000223152 0.00167095 0.00866448 0.0311185 0.077471 0.134103 0.163358 0.146377 0.110149 0.0864333 0.0738195 0.0589797 0.0418172 0.0277059 0.0175964 0.0104499 0.00567531 0.00276905 0.00117703 0.000419541
 3.64364e-11 1.71379e-09 5.58172e-08 1.25882e-06 1.96582e-05 0.000212576 0.00159177 0.00825398 0.0296457 0.0738185 0.127878 0.156235 0.141475 0.109598 0.0898829 0.0791362 0.0640704 0.0457967 0.0305747 0.0195084 0.0115468 0.00617757 0.0029395 0.00121528 0.000423209
 3.65468e-11 1.71899e-09 5.59863e-08 1.26263e-06 1.97178e-05 0.00021322 0.00159659 0.00827893 0.0297347 0.0740342 0.128211 0.156452 0.141069 0.108069 0.0873739 0.0767655 0.0631601 0.0466521 0.0323764 0.02127 0.0127914 0.00688245 0.00326257 0.00133126 0.00045449
 3.78954e-11 1.78242e-09 5.80522e-08 1.30922e-06 2.04454e-05 0.000221088 0.0016555 0.00858434 0.0308305 0.0767523 0.132847 0.161775 0.144791 0.10863 0.084969 0.0727799 0.0589831 0.043094 0.0298578 0.0199149 0.0123218 0.0068324 0.00330953 0.00136319 0.000464671
 3.73893e-11 1.75861e-09 5.7277e-08 1.29174e-06 2.01723e-05 0.000218136 0.00163339 0.00846976 0.0304198 0.0757369 0.131139 0.159927 0.143879 0.109489 0.0874271 0.0756042 0.0608021 0.0434567 0.0292698 0.0191098 0.0117429 0.00656726 0.00324476 0.00136764 0.000474946
 3.71171e-11 1.74581e-09 5.68599e-08 1.28233e-06 2.00255e-05 0.000216547 0.0016215 0.00840809 0.0301983 0.0751862 0.130189 0.158787 0.142916 0.108916 0.0872636 0.0759139 0.0616852 0.0447464 0.0304745 0.0198284 0.0119834 0.00658004 0.00322196 0.00136304 0.000479449
 3.60294e-11 1.69465e-09 5.51936e-08 1.24475e-06 1.94386e-05 0.000210202 0.00157399 0.00816178 0.0293145 0.0729939 0.12645 0.154491 0.139905 0.108424 0.0890723 0.0788021 0.0644977 0.0470442 0.0323064 0.0212478 0.0129522 0.00711851 0.00345932 0.00144848 0.000506407
 3.56728e-11 1.67788e-09 5.46475e-08 1.23244e-06 1.92463e-05 0.000208122 0.00155841 0.00808102 0.0290245 0.0722725 0.125204 0.152992 0.138623 0.107608 0.0886995 0.078882 0.0651414 0.0482013 0.0336583 0.0224461 0.013832 0.00767291 0.00375265 0.00157351 0.000548334
 3.63111e-11 1.7079e-09 5.56252e-08 1.25449e-06 1.95906e-05 0.000211845 0.00158629 0.00822554 0.0295429 0.0735566 0.127383 0.155439 0.140149 0.107352 0.0867941 0.0763121 0.0629604 0.0468698 0.0330973 0.0223975 0.0140305 0.0079088 0.00392026 0.00165981 0.000581738
 3.85594e-11 1.81365e-09 5.90694e-08 1.33216e-06 2.08036e-05 0.000224962 0.0016845 0.0087347 0.0313699 0.0780891 0.13512 0.164349 0.146468 0.108564 0.0832874 0.0703915 0.056823 0.0415627 0.0289321 0.0194881 0.0122826 0.00701531 0.00353319 0.00151907 0.000539238
 3.80942e-11 1.79177e-09 5.83567e-08 1.31609e-06 2.05526e-05 0.000222248 0.00166418 0.00862938 0.0309926 0.0771582 0.133567 0.162733 0.145903 0.109964 0.0864631 0.0738521 0.0588678 0.0416584 0.0277785 0.0180481 0.0111259 0.00629688 0.00317738 0.00137913 0.000495898
 3.62381e-11 1.70447e-09 5.55133e-08 1.25196e-06 1.95512e-05 0.000211419 0.0015831 0.00820906 0.0294845 0.0734183 0.127193 0.155438 0.140884 0.109414 0.0900726 0.0795276 0.0645042 0.0461809 0.0308743 0.0197504 0.0117926 0.00643879 0.00316197 0.00135409 0.000485989
#obs catch len freq
 2.16667e-11 1.0191e-09 3.31913e-08 7.48549e-07 1.16897e-05 0.000126408 0.000946562 0.00490872 0.0176364 0.0439721 0.0765644 0.0953888 0.0923579 0.0843633 0.0857552 0.0886193 0.0832914 0.0734447 0.0642731 0.0555466 0.0462503 0.0363221 0.0259679 0.0160739 0.00817833
 2.43716e-11 1.14632e-09 3.7335e-08 8.41999e-07 1.3149e-05 0.000142189 0.00106472 0.00552119 0.0198333 0.0494135 0.0857939 0.105738 0.0987661 0.0832001 0.0777892 0.0784856 0.0757706 0.069976 0.06329 0.0551779 0.0457189 0.0356067 0.0252601 0.0155492 0.00788829
 5.17476e-12 2.43396e-10 7.92725e-09 1.7878e-07 2.79196e-06 3.01931e-05 0.000226144 0.00117386 0.00423333 0.0107109 0.0197153 0.0295636 0.0444234 0.0717164 0.104893 0.123052 0.118305 0.103934 0.0914627 0.0806333 0.0683909 0.0539578 0.0382911 0.0234501 0.011834
 1.37709e-14 6.47733e-13 2.10985e-11 4.7603e-10 7.44658e-09 8.10694e-08 6.23259e-07 3.56591e-06 1.75769e-05 9.09986e-05 0.000482875 0.00215493 0.0072563 0.0183808 0.0371888 0.0650504 0.101046 0.134257 0.14846 0.140313 0.119765 0.0947871 0.0678452 0.0417951 0.021104
 5.29396e-11 2.49002e-09 8.10985e-08 1.82898e-06 2.8562e-05 0.000308856 0.00231265 0.0119909 0.0430503 0.107026 0.184241 0.219622 0.181292 0.103697 0.0413906 0.0125248 0.00547654 0.00719343 0.0115127 0.015351 0.0166062 0.014821 0.0110954 0.00693558 0.00352236
 3.06442e-11 1.44135e-09 4.69439e-08 1.05871e-06 1.65332e-05 0.000178785 0.00133877 0.00694272 0.0249454 0.0622062 0.108386 0.135357 0.131914 0.12123 0.120036 0.111374 0.0804899 0.0422626 0.0171511 0.00809248 0.00713915 0.00749625 0.00656102 0.00449616 0.0023853
 4.15582e-11 1.9547e-09 6.36632e-08 1.43577e-06 2.24215e-05 0.000242457 0.00181549 0.00941365 0.0338048 0.0841135 0.145296 0.175561 0.152741 0.10554 0.072347 0.0585359 0.050996 0.0421931 0.0307033 0.0182903 0.00889944 0.00424398 0.00256081 0.00171122 0.00096649
 3.60013e-11 1.69333e-09 5.51506e-08 1.24379e-06 1.94235e-05 0.000210038 0.00157277 0.00815551 0.0292932 0.0729504 0.126442 0.154799 0.141181 0.11136 0.0932577 0.0820022 0.0643442 0.0437871 0.0286034 0.0190036 0.0118773 0.00637606 0.00293751 0.00127351 0.000552457
 3.72686e-11 1.75293e-09 5.70919e-08 1.28757e-06 2.01072e-05 0.000217431 0.00162811 0.00844235 0.0303209 0.0754849 0.130665 0.159173 0.14265 0.107488 0.0849055 0.0739053 0.0613881 0.0461504 0.0322785 0.0209854 0.0124602 0.00673343 0.00325379 0.00136106 0.000487928
 3.47594e-11 1.63492e-09 5.32482e-08 1.20088e-06 1.87535e-05 0.000202793 0.00151851 0.00787418 0.0282827 0.0704339 0.12208 0.149461 0.136339 0.107728 0.0909614 0.0818525 0.0674226 0.0494847 0.0344903 0.0232331 0.0144917 0.00805142 0.00389817 0.00161431 0.000560231
 3.47654e-11 1.6352e-09 5.32572e-08 1.20109e-06 1.87567e-05 0.000202827 0.00151877 0.00787546 0.0282866 0.070437 0.12204 0.149201 0.135437 0.105706 0.0880152 0.0793391 0.0668904 0.0510595 0.0368684 0.0252307 0.0158679 0.00897953 0.00446979 0.00189381 0.000661345
 3.78502e-11 1.78029e-09 5.79829e-08 1.30766e-06 2.0421e-05 0.000220824 0.00165352 0.00857403 0.0307932 0.0766538 0.132642 0.161361 0.143897 0.106887 0.0824329 0.0703528 0.0578384 0.0436484 0.031609 0.0220766 0.0143017 0.00831959 0.00423456 0.00183078 0.000651618
 3.77894e-11 1.77743e-09 5.78898e-08 1.30556e-06 2.03882e-05 0.00022047 0.00165087 0.00856035 0.0307448 0.0765414 0.132502 0.161445 0.144782 0.109199 0.0859916 0.0736293 0.0589779 0.0421913 0.0287148 0.0192352 0.0123106 0.00723622 0.00376687 0.00167052 0.000608577
 3.64037e-11 1.71226e-09 5.57671e-08 1.25769e-06 1.96406e-05 0.000212386 0.00159034 0.00824656 0.0296189 0.0737493 0.127743 0.155999 0.141036 0.108803 0.0887565 0.0780691 0.0635568 0.0459718 0.0311953 0.0203118 0.0124085 0.00698847 0.00355971 0.00157954 0.000583711
 3.81671e-11 1.7952e-09 5.84684e-08 1.31861e-06 2.0592e-05 0.000222673 0.00166737 0.00864584 0.0310512 0.077298 0.133768 0.162787 0.145345 0.108321 0.0839088 0.0715947 0.0583122 0.0430278 0.0299898 0.0198972 0.0121683 0.00672124 0.00331215 0.00142331 0.000515827
 3.90031e-11 1.83452e-09 5.9749e-08 1.34749e-06 2.1043e-05 0.00022755 0.00170389 0.00883519 0.031731 0.0789879 0.136677 0.166249 0.148179 0.109837 0.0841397 0.0706646 0.0561951 0.0400422 0.0270077 0.017713 0.010927 0.00611156 0.00301673 0.00127928 0.000453351
 3.80265e-11 1.78858e-09 5.82529e-08 1.31375e-06 2.05161e-05 0.000221853 0.00166123 0.00861405 0.0309378 0.0770228 0.133342 0.1625 0.145829 0.110196 0.0870093 0.0745588 0.0595166 0.0420638 0.0278184 0.0177313 0.0106259 0.00582943 0.00285953 0.0012128 0.000428674
 3.75749e-11 1.76734e-09 5.75612e-08 1.29815e-06 2.02725e-05 0.000219218 0.0016415 0.00851177 0.0305706 0.0761102 0.131772 0.160637 0.144322 0.109432 0.0869716 0.0751595 0.0607464 0.0437467 0.0294816 0.0189163 0.0112212 0.00602097 0.00288079 0.00119824 0.000418644
 3.52543e-11 1.65819e-09 5.40062e-08 1.21798e-06 1.90205e-05 0.00020568 0.00154013 0.00798626 0.0286849 0.071433 0.123793 0.151473 0.1379 0.108394 0.0908669 0.0814092 0.0668839 0.0487573 0.0333644 0.0217924 0.0131376 0.00710768 0.00338672 0.00138816 0.000476005
 3.75764e-11 1.76742e-09 5.75635e-08 1.2982e-06 2.02733e-05 0.000219227 0.00164156 0.00851206 0.030571 0.0761045 0.131717 0.160357 0.143394 0.107355 0.0838701 0.072277 0.0596293 0.0448326 0.031908 0.0215142 0.0132702 0.00731336 0.00353453 0.00145882 0.000499293
 3.78631e-11 1.7809e-09 5.80027e-08 1.30811e-06 2.0428e-05 0.0002209 0.00165409 0.00857702 0.0308046 0.0766891 0.132749 0.16171 0.144903 0.109053 0.0856268 0.0732872 0.0589227 0.0424716 0.0291217 0.0194895 0.0122738 0.00698052 0.00347176 0.00146372 0.000507893
 3.62756e-11 1.70623e-09 5.55708e-08 1.25326e-06 1.95715e-05 0.000211638 0.00158474 0.00821754 0.0295148 0.0734916 0.127306 0.155509 0.140734 0.10886 0.0891342 0.0785433 0.0639045 0.0461492 0.0313069 0.020435 0.0125121 0.00701248 0.00350832 0.00150883 0.000535795
 3.80225e-11 1.7884e-09 5.82469e-08 1.31361e-06 2.0514e-05 0.00022183 0.00166105 0.00861309 0.0309337 0.0770061 0.133268 0.162203 0.144904 0.108167 0.0840251 0.0718865 0.0586975 0.0434411 0.0303569 0.0201653 0.0123365 0.00681262 0.00334695 0.00142425 0.000506533
 3.47277e-11 1.63342e-09 5.31995e-08 1.19978e-06 1.87364e-05 0.000202608 0.00151713 0.00786702 0.0282573 0.070374 0.121999 0.14947 0.136689 0.108691 0.0924746 0.0832959 0.0680109 0.0489469 0.0332248 0.0219006 0.0135592 0.00759988 0.00375285 0.00158813 0.000559493
 3.68326e-11 1.73243e-09 5.6424e-08 1.2725e-06 1.9872e-05 0.000214887 0.00160907 0.0083436 0.0299663 0.0746031 0.129145 0.157352 0.141117 0.106544 0.084442 0.0737511 0.0615878 0.0469193 0.0337116 0.0227699 0.0140413 0.00779944 0.00384786 0.00163598 0.00057819
 3.57331e-11 1.68071e-09 5.47398e-08 1.23452e-06 1.92788e-05 0.000208473 0.00156104 0.00809467 0.0290737 0.0723952 0.125419 0.153267 0.138905 0.107868 0.088848 0.0786705 0.0643648 0.0471022 0.032878 0.0223813 0.0142765 0.00818973 0.00410519 0.00175149 0.000619049
 4.04142e-11 1.90089e-09 6.19107e-08 1.39624e-06 2.18043e-05 0.000235783 0.00176552 0.00915469 0.0328768 0.0818236 0.141471 0.171549 0.151198 0.108502 0.0788733 0.0642683 0.0516476 0.0382487 0.0269519 0.0181848 0.0114164 0.00652734 0.00331786 0.00144504 0.000519154
 3.52102e-11 1.65612e-09 5.39386e-08 1.21645e-06 1.89967e-05 0.000205422 0.0015382 0.00797634 0.0286501 0.0713542 0.123711 0.151625 0.138834 0.110698 0.0942819 0.084268 0.0672657 0.0464518 0.0300292 0.0191761 0.0118036 0.00670406 0.00339314 0.00147879 0.000535467
#spawning biomass
 70007 70773.9 57795.7 37835.6 39757.8 74189.8 110056 152944 195004 208688 218103 228427 247996 236819 256911 265368 271443 268839 276934 258365 254229 276386 294756 269554 268138 260214 296327 294047 214911 316906 214857 130014 77949.2 49761.5 35568.5 28737.2 25543.8 24079.5 23416.8 23119.5 22987 22928.2 22902.1 22890.6 22885.5 22883.3 22882.3 22881.9 22881.7 22881.6 22881.6 22881.6 22881.6 22881.6 22881.6 22881.6 22881.6 22881.6 22881.6 22881.6 22881.6 22881.6 22881.6 22881.6 22881.6 22881.6 22881.6 22881.6 22881.6 22881.6 22881.6 22881.6 22881.6 22881.6 22881.6 22881.6 22881.6 22881.6 22881.6 22881.6 22881.6 22881.6 22881.6 22881.6 22881.6 22881.6 22881.6 22881.6 22881.6 22881.6 22881.6 22881.6 22881.6 22881.6 22881.6 22881.6 22881.6 22881.6 22881.6 22881.6 22881.6 22881.6 22881.6 22881.6 22881.6 22881.6 22881.6 22881.6 22881.6 22881.6 22881.6 22881.6 22881.6 22881.6 22881.6 22881.6 22881.6 22881.6 22881.6 22881.6 22881.6 22881.6 22881.6 22881.6 22881.6 22881.6 22881.6 22881.6 0 0 0 0 0 0 0 0 0 0 0 0 0 0 0 0 0 0 0 0 0 0 0 0 0
