SBPRF35
0.127207
Curr Bio
132665
B35
155122
F35
0.947185
FOFL
0.538584
OFL
22977.6
Bzero
36344.9
#pred survey bio
 6892.34 8895.41 11471.6 13413.9 21247.4 35078.3 33781.5 41998.3 54181.4 65489.8 85022.5 116349 156140 173068 169536 144642 134988 122132 119073 112128 116392 132557 141961 141054 146479 162930 163547 148887 146756 3.75229e+06 2.33554e+06 1.2608e+06 703732 484594 398130 360831 342984 333771 328815 326100 324604 323780 323327 323078 322939 322865 322825 322803 322791 322785 322782 322780 322779 322778 322778 322778 322778 322778 322778 322778 322778 322778 322778 322778 322778 322778 322778 322778 322778 322778 322778 322778 322778 322778 322778 322778 322778 322778 322778 322778 322778 322778 322778 322778 322778 322778 322778 322778 322778 322778 322778 322778 322778 322778 322778 322778 322778 322778 322778 322778 322778 322778 322778 322778 322778 322778 322778 322778 322778 322778 322778 322778 322778 322778 322778 322778 322778 322778 322778 322778 322778 322778 322778 322778 322778 322778 322778 322778 322778 0 0 0 0 0 0 0 0 0 0 0 0 0 0 0 0 0 0 0 0 0 0 0 0 0
#obs survey bio
 5663.21 7270.43 8880.22 13288.8 20372.4 19376.3 29993.3 45917.5 58953.4 49505.4 59361.6 156880 154216 167618 122770 113978 96010.2 121579 111423 85301.8 134519 125946 149372 171836 167717 112744 137558 138370 93326.8
#pred catch bio
 2725.65 4242.4 5966.3 7374.03 8392.21 20471.7 18934.8 22299.6 29959.5 37334.4 50288.6 63943.5 92207.2 103144 110894 94787.5 91594.4 80346.9 81083.3 75801.4 75060.6 86416.3 96833.1 97180.5 98398.4 114193 121616 104124 135705 22977.6 49007.2 22879.3 10794.2 6989.8 5937.33 5667.71 5602.13 5586.76 5583.25 5582.46 5582.29 5582.25 5582.24 5582.24 5582.24 5582.24 5582.24 5582.24 5582.24 5582.24 5582.24 5582.24 5582.24 5582.24 5582.24 5582.24 5582.24 5582.24 5582.24 5582.24 5582.24 5582.24 5582.24 5582.24 5582.24 5582.24 5582.24 5582.24 5582.24 5582.24 5582.24 5582.24 5582.24 5582.24 5582.24 5582.24 5582.24 5582.24 5582.24 5582.24 5582.24 5582.24 5582.24 5582.24 5582.24 5582.24 5582.24 5582.24 5582.24 5582.24 5582.24 5582.24 5582.24 5582.24 5582.24 5582.24 5582.24 5582.24 5582.24 5582.24 5582.24 5582.24 5582.24 5582.24 5582.24 5582.24 5582.24 5582.24 5582.24 5582.24 5582.24 5582.24 5582.24 5582.24 5582.24 5582.24 5582.24 5582.24 5582.24 5582.24 5582.24 5582.24 5582.24 5582.24 5582.24 5582.24 5582.24 5582.24 5582.24 0 0 0 0 0 0 0 0 0 0 0 0 0 0 0 0 0 0 0 0 0 0 0 0 0
#obs catch bio
 4712.33 4239.68 5965.43 7402.01 8301.05 20948.9 19198.8 21870 29223.6 37079.6 51091.8 62830.6 89761 100510 110611 95785.1 91854.2 80388.4 81693.1 75248.3 74311.7 83983.1 93210.7 93995.9 95516.3 113020 119917 103427 138136
#pred cpue bio
 5575.16 6634.19 8486.06 9982.59 14413.9 25984.5 25445.1 29839 39460.4 47564.9 60051.8 80730.3 112055 126051 126640 106274 97333.3 87699.4 85400.5 79707.2 81350.9 93103.3 100570 99265.5 101699 113162 113852 102358 103026 2.26956e+06 2.20535e+06 1.20761e+06 649480 430099 343614 306314 288467 279254 274298 271583 270087 269263 268809 268560 268422 268347 268307 268286 268274 268268 268265 268263 268262 268261 268261 268261 268261 268261 268261 268261 268261 268261 268261 268261 268261 268261 268261 268261 268261 268261 268261 268261 268261 268261 268261 268261 268261 268261 268261 268261 268261 268261 268261 268261 268261 268261 268261 268261 268261 268261 268261 268261 268261 268261 268261 268261 268261 268261 268261 268261 268261 268261 268261 268261 268261 268261 268261 268261 268261 268261 268261 268261 268261 268261 268261 268261 268261 268261 268261 268261 268261 268261 268261 268261 268261 268261 268261 268261 268261 0 0 0 0 0 0 0 0 0 0 0 0 0 0 0 0 0 0 0 0 0 0 0 0 0
#obs cpue bio
 7307.29 9781.17 9089.82 11122.2 17141.9 22492.1 32634 45100.8 56906.1 54812.3 58126.2 108430 184046 181710 151087 110437 138932 85591.6 81058.1 129132 82649.5 178717 180584 133293 136429 168162 178983 107554 137740
#pred surv len freq
 2.5692e-27 2.60456e-27 4.73368e-26 9.4461e-20 2.3156e-14 6.86153e-10 2.45768e-06 0.00106408 0.0556903 0.352312 0.269602 0.0366818 0.0897957 0.0828966 0.0215623 0.0286177 0.0134426 0.011912 0.00805671 0.00661556 0.00550864 0.00497942 0.00516577 0.00466277 0.0014314
 2.57075e-27 2.60851e-27 5.04607e-26 1.0105e-19 2.47711e-14 7.34013e-10 2.62911e-06 0.0011383 0.0595747 0.376886 0.288404 0.0390257 0.0944256 0.0868732 0.0171574 0.0173574 0.00674115 0.00425415 0.00236423 0.00164332 0.00119236 0.00095782 0.000900739 0.000823486 0.000278057
 2.57053e-27 2.60782e-27 4.97591e-26 9.95692e-20 2.44082e-14 7.23258e-10 2.59059e-06 0.00112163 0.0587019 0.371364 0.284203 0.0400288 0.105011 0.0965666 0.0175814 0.0158229 0.00533059 0.0021924 0.000893092 0.000447079 0.000255201 0.000171564 0.000139904 0.000122862 4.32194e-05
 2.57024e-27 2.60704e-27 4.9061e-26 9.80964e-20 2.40472e-14 7.1256e-10 2.55227e-06 0.00110504 0.0578336 0.365871 0.280013 0.0402769 0.109843 0.101038 0.0186076 0.0170266 0.00552438 0.00191055 0.000603999 0.000191531 7.05244e-05 3.44377e-05 2.24419e-05 1.77568e-05 6.25323e-06
 2.57304e-27 2.61464e-27 5.57791e-26 1.12269e-19 2.75214e-14 8.15507e-10 2.92101e-06 0.00126469 0.0661891 0.41873 0.320345 0.0383681 0.0669805 0.0614686 0.0113101 0.010336 0.00336453 0.00117663 0.000347283 8.71804e-05 1.97382e-05 5.48817e-06 2.36851e-06 1.52636e-06 5.16549e-07
 2.57027e-27 2.60706e-27 4.90072e-26 9.79828e-20 2.40193e-14 7.11735e-10 2.54931e-06 0.00110376 0.0577666 0.365447 0.279699 0.0408687 0.114567 0.105267 0.016995 0.012279 0.00400574 0.00143993 0.000428652 0.000106093 1.97933e-05 3.24788e-06 6.80188e-07 2.86248e-07 8.74408e-08
 2.56974e-27 2.60566e-27 4.78242e-26 9.54873e-20 2.34076e-14 6.93608e-10 2.48439e-06 0.00107564 0.0562953 0.35614 0.27259 0.040781 0.118894 0.109375 0.0198077 0.0176471 0.0054361 0.00141891 0.000410488 0.000103804 1.92778e-05 2.65943e-06 2.87246e-07 5.17861e-08 1.22524e-08
 2.57177e-27 2.61122e-27 5.2767e-26 1.05915e-19 2.59637e-14 7.6935e-10 2.75568e-06 0.00119311 0.0624429 0.39503 0.30226 0.0391141 0.0853634 0.0784682 0.0149712 0.0144102 0.00465937 0.00156661 0.000419053 8.14778e-05 1.48631e-05 2.04593e-06 1.77023e-07 1.25598e-08 1.51822e-09
 2.57087e-27 2.60871e-27 5.04852e-26 1.01101e-19 2.47836e-14 7.34383e-10 2.63044e-06 0.00113888 0.0596048 0.377076 0.28857 0.0403234 0.104185 0.0957099 0.0157237 0.0117873 0.00388384 0.00145133 0.000427259 9.91612e-05 1.50371e-05 1.80852e-06 1.5258e-07 7.29151e-09 3.06231e-10
 2.57101e-27 2.6091e-27 5.08516e-26 1.01874e-19 2.49731e-14 7.39999e-10 2.65055e-06 0.00114759 0.0600606 0.379959 0.290766 0.0399772 0.100007 0.0919205 0.0162529 0.0139344 0.00432399 0.00118671 0.000351377 9.12439e-05 1.62219e-05 1.88427e-06 1.33471e-07 5.78443e-09 1.27419e-10
 2.57186e-27 2.61141e-27 5.28916e-26 1.06177e-19 2.60281e-14 7.71258e-10 2.76252e-06 0.00119606 0.0625977 0.39601 0.303014 0.0394602 0.0874682 0.0803242 0.0137391 0.0111255 0.00354874 0.00113226 0.000305598 6.23276e-05 1.17387e-05 1.5782e-06 1.14689e-07 4.24629e-09 7.59923e-11
 2.57232e-27 2.61262e-27 5.39298e-26 1.08367e-19 2.6565e-14 7.87167e-10 2.8195e-06 0.00122074 0.0638889 0.404179 0.30925 0.039391 0.0825601 0.0757414 0.0119565 0.00820752 0.00257158 0.000760845 0.000214073 4.7753e-05 7.45289e-06 9.36076e-07 7.74472e-08 2.97526e-09 4.62974e-11
 2.5713e-27 2.60984e-27 5.14615e-26 1.0316e-19 2.52885e-14 7.49344e-10 2.68402e-06 0.00116208 0.060819 0.384758 0.294433 0.0401995 0.0991224 0.0910123 0.0144337 0.0100084 0.00304542 0.000751657 0.000200961 4.27868e-05 7.17208e-06 8.3331e-07 6.1582e-08 2.59259e-09 4.17012e-11
 2.57085e-27 2.60865e-27 5.04248e-26 1.00973e-19 2.47524e-14 7.33458e-10 2.62712e-06 0.00113744 0.0595297 0.376601 0.288208 0.040358 0.104702 0.0961978 0.0160084 0.012295 0.00374988 0.000925626 0.000234275 4.23876e-05 6.64926e-06 7.86634e-07 5.61477e-08 2.14336e-09 3.64344e-11
 2.56999e-27 2.60632e-27 4.83785e-26 9.66565e-20 2.36942e-14 7.02101e-10 2.51481e-06 0.00108882 0.0569847 0.360501 0.275922 0.0408799 0.117306 0.107846 0.0183913 0.0148033 0.00460253 0.00127639 0.00032857 5.84809e-05 8.13313e-06 8.51701e-07 5.98806e-08 2.21625e-09 3.50171e-11
 2.57059e-27 2.60795e-27 4.98207e-26 9.9699e-20 2.444e-14 7.24201e-10 2.59397e-06 0.00112309 0.0587784 0.371848 0.284579 0.0404133 0.107673 0.0989637 0.0169403 0.0137316 0.00429838 0.00124095 0.00033216 6.52257e-05 9.14133e-06 8.79986e-07 5.38668e-08 1.90946e-09 2.91346e-11
 2.57118e-27 2.60953e-27 5.12069e-26 1.02623e-19 2.51568e-14 7.45442e-10 2.67005e-06 0.00115603 0.0605024 0.382755 0.292903 0.0401511 0.0998296 0.0916902 0.0150086 0.0111551 0.00349053 0.00101484 0.000275284 5.64971e-05 8.54937e-06 8.6758e-07 4.97885e-08 1.54692e-09 2.21677e-11
 2.57126e-27 2.60973e-27 5.13532e-26 1.02932e-19 2.52325e-14 7.47684e-10 2.67808e-06 0.00115951 0.0606843 0.383905 0.293784 0.0403223 0.100513 0.0922729 0.0142519 0.00927745 0.0028418 0.000738718 0.000197774 4.09598e-05 6.40124e-06 6.95808e-07 4.2643e-08 1.26468e-09 1.60791e-11
 2.57131e-27 2.60986e-27 5.14786e-26 1.03196e-19 2.52974e-14 7.49606e-10 2.68496e-06 0.00116249 0.0608403 0.384892 0.294537 0.0402261 0.0992525 0.0911268 0.0143539 0.00979501 0.00294275 0.00066334 0.000167845 3.16386e-05 4.90368e-06 5.47058e-07 3.57731e-08 1.13008e-09 1.39014e-11
 2.57157e-27 2.61057e-27 5.20923e-26 1.04491e-19 2.56147e-14 7.59009e-10 2.71864e-06 0.00117707 0.0616035 0.38972 0.298221 0.0401072 0.0957584 0.0878864 0.013488 0.00863673 0.00260685 0.000612731 0.000150213 2.47704e-05 3.49762e-06 3.70513e-07 2.47151e-08 8.29286e-10 1.07986e-11
 2.57207e-27 2.61192e-27 5.32936e-26 1.07025e-19 2.62359e-14 7.77417e-10 2.78458e-06 0.00120562 0.0630976 0.399172 0.305433 0.0397407 0.0879029 0.0806397 0.0122474 0.0076304 0.00228056 0.000500731 0.000122704 2.07419e-05 2.69126e-06 2.50795e-07 1.55457e-08 5.26076e-10 7.2349e-12
 2.57192e-27 2.61151e-27 5.2927e-26 1.06252e-19 2.60464e-14 7.718e-10 2.76446e-06 0.00119691 0.0626417 0.396288 0.303233 0.0398844 0.0905422 0.0830676 0.0125385 0.00768255 0.00228957 0.000492597 0.000118225 1.89065e-05 2.47179e-06 2.21563e-07 1.20368e-08 3.73135e-10 5.12168e-12
 2.57166e-27 2.61081e-27 5.23074e-26 1.04945e-19 2.57259e-14 7.62306e-10 2.73045e-06 0.00118218 0.0618711 0.391413 0.299513 0.0400796 0.0946412 0.0868483 0.0131753 0.00818269 0.00243333 0.000513184 0.000122124 1.90889e-05 2.39483e-06 2.08837e-07 1.10253e-08 3.03808e-10 3.7957e-12
 2.57186e-27 2.61134e-27 5.27742e-26 1.05929e-19 2.59673e-14 7.69459e-10 2.75607e-06 0.00119327 0.0624516 0.395086 0.302316 0.0399498 0.0916839 0.0841168 0.0126448 0.00766062 0.002278 0.000482324 0.000114301 1.75222e-05 2.15978e-06 1.81568e-07 9.21739e-09 2.44841e-10 2.75898e-12
 2.57224e-27 2.61238e-27 5.36931e-26 1.07868e-19 2.64426e-14 7.8354e-10 2.80651e-06 0.00121511 0.0635945 0.402316 0.307833 0.039689 0.0858232 0.0787051 0.0116244 0.00669546 0.0019815 0.000407357 9.6097e-05 1.47578e-05 1.79816e-06 1.47922e-07 7.25677e-09 1.84816e-10 1.99075e-12
 2.57222e-27 2.61233e-27 5.36446e-26 1.07766e-19 2.64174e-14 7.82796e-10 2.80384e-06 0.00121396 0.0635341 0.401934 0.307541 0.0397328 0.0863611 0.079195 0.0115939 0.00650187 0.00191233 0.000374857 8.70236e-05 1.30291e-05 1.58123e-06 1.29311e-07 6.20851e-09 1.52849e-10 1.57771e-12
 2.57214e-27 2.6121e-27 5.34333e-26 1.0732e-19 2.63081e-14 7.79557e-10 2.79224e-06 0.00120893 0.0632713 0.400271 0.306274 0.0398683 0.0882829 0.0809516 0.0115993 0.00607144 0.00177497 0.000334645 7.62426e-05 1.09173e-05 1.29169e-06 1.03843e-07 4.95482e-09 1.19612e-10 1.19415e-12
 2.57248e-27 2.61301e-27 5.42342e-26 1.09009e-19 2.67223e-14 7.9183e-10 2.8362e-06 0.00122797 0.0642674 0.406573 0.311082 0.0396659 0.0833642 0.0764038 0.0106344 0.00501534 0.00144875 0.000250204 5.54346e-05 7.63565e-06 8.72078e-07 6.73374e-08 3.1394e-09 7.49902e-11 7.35187e-13
 2.57188e-27 2.61139e-27 5.27972e-26 1.05978e-19 2.59792e-14 7.69811e-10 2.75733e-06 0.00119382 0.0624802 0.395267 0.302457 0.0401291 0.0929499 0.0852431 0.0120848 0.00609644 0.00175043 0.000277879 5.92645e-05 7.53858e-06 8.25827e-07 6.10738e-08 2.72445e-09 6.31878e-11 6.10478e-13
#obs surv len freq
 1.7651e-41 2.44984e-33 4.11012e-26 8.33523e-20 2.04328e-14 6.05462e-10 2.16867e-06 0.000938958 0.0491413 0.310882 0.238121 0.04403 0.152063 0.128832 0.0364001 0.0279827 0.00842442 0.00261757 0.000503169 5.80848e-05 2.93395e-06 4.71343e-08 1.79316e-10 1.29972e-13 1.55372e-17
 2.17536e-41 3.01926e-33 5.06544e-26 1.02726e-19 2.51821e-14 7.46191e-10 2.67273e-06 0.0011572 0.0605633 0.383141 0.293268 0.0420034 0.0971472 0.0777741 0.0223785 0.0161907 0.00472355 0.00138106 0.000243805 2.44307e-05 1.01557e-06 1.27707e-08 3.65416e-11 1.93936e-14 1.66967e-18
 1.72642e-41 2.39616e-33 4.02006e-26 8.1526e-20 1.99851e-14 5.92196e-10 2.12115e-06 0.000918385 0.0480646 0.304071 0.233113 0.0511962 0.181383 0.135467 0.0264968 0.0140856 0.00393851 0.00107366 0.00017381 1.51408e-05 5.14679e-07 5.02209e-09 1.07599e-11 4.17611e-15 2.58999e-19
 2.08872e-41 2.89901e-33 4.86369e-26 9.86346e-20 2.41791e-14 7.16471e-10 2.56628e-06 0.00111111 0.0581512 0.367882 0.281741 0.045836 0.113612 0.0814982 0.0281361 0.0178791 0.00338359 0.000664374 9.618e-05 7.24576e-06 2.0129e-07 1.5194e-09 2.42644e-12 6.86862e-16 3.06673e-20
 2.37152e-41 3.29152e-33 5.52221e-26 1.11989e-19 2.74528e-14 8.13478e-10 2.91375e-06 0.00126155 0.0660246 0.41769 0.319745 0.0442931 0.07911 0.0520883 0.0116147 0.00605564 0.00173049 0.000348551 3.2546e-05 1.9078e-06 4.28549e-08 2.50269e-10 2.97974e-13 6.1443e-17 1.97227e-21
 1.32016e-41 1.8323e-33 3.07406e-26 6.23413e-20 1.52822e-14 4.5284e-10 1.622e-06 0.00070227 0.036754 0.23252 0.17914 0.0712108 0.272197 0.166367 0.0279224 0.0107159 0.00202942 0.000394919 4.25765e-05 1.75725e-06 2.74952e-08 1.2095e-10 1.07323e-13 1.61565e-17 3.73305e-22
 2.21032e-41 3.06778e-33 5.14684e-26 1.04377e-19 2.55868e-14 7.58183e-10 2.71569e-06 0.0011758 0.0615366 0.389299 0.298204 0.0467841 0.089302 0.0567857 0.0357357 0.0183582 0.00248732 0.00030214 2.53591e-05 1.02457e-06 1.2007e-08 3.52896e-11 2.21392e-14 2.41163e-18 4.01649e-23
 1.98751e-41 2.75853e-33 4.62801e-26 9.38552e-20 2.30075e-14 6.81754e-10 2.44193e-06 0.00105727 0.0553334 0.350058 0.268716 0.0609812 0.155001 0.0825357 0.0158882 0.00733194 0.00269193 0.000382356 1.94561e-05 5.38061e-07 5.27559e-09 1.17837e-11 4.98972e-15 3.67322e-19 4.2703e-24
 2.02184e-41 2.80618e-33 4.70796e-26 9.54764e-20 2.34049e-14 6.9353e-10 2.48411e-06 0.00107554 0.0562892 0.356105 0.273429 0.0615631 0.143909 0.0740794 0.0232734 0.00867904 0.00132161 0.000252666 1.9727e-05 3.92391e-07 2.42176e-09 3.99994e-12 1.27504e-15 6.60131e-20 5.17791e-25
 1.97911e-41 2.74688e-33 4.60845e-26 9.34585e-20 2.29103e-14 6.78873e-10 2.43161e-06 0.0010528 0.0550996 0.348581 0.267968 0.0670073 0.15437 0.0738702 0.0222262 0.00813616 0.0015061 0.000168907 1.12089e-05 2.82854e-07 1.47542e-09 1.56072e-12 3.33248e-16 1.24071e-20 7.02593e-26
 2.10053e-41 2.9154e-33 4.89118e-26 9.91922e-20 2.43158e-14 7.20522e-10 2.58079e-06 0.00111739 0.0584799 0.369966 0.284347 0.0657834 0.13288 0.0600547 0.0195807 0.00652044 0.00113368 0.000127719 6.22217e-06 1.17561e-07 6.16576e-10 5.87228e-13 8.94391e-17 2.17364e-21 8.25019e-27
 2.05015e-41 2.84547e-33 4.77386e-26 9.6813e-20 2.37326e-14 7.03239e-10 2.51889e-06 0.00109059 0.0570772 0.361095 0.278001 0.0730104 0.146009 0.0604798 0.0171022 0.00515994 0.000879311 8.88353e-05 3.88391e-06 5.5541e-08 2.08698e-10 1.66648e-13 2.22221e-17 4.31278e-22 1.16775e-27
 1.99943e-41 2.77508e-33 4.65577e-26 9.44182e-20 2.31455e-14 6.85844e-10 2.45658e-06 0.00106361 0.0556653 0.352167 0.271653 0.0795512 0.15399 0.0608964 0.019129 0.00508632 0.000727902 6.55071e-05 2.4921e-06 2.94476e-08 8.32266e-11 4.68098e-14 4.62044e-18 7.12557e-23 1.56114e-28
 1.87387e-41 2.60081e-33 4.3634e-26 8.8489e-20 2.1692e-14 6.42774e-10 2.30231e-06 0.000996822 0.0521697 0.330058 0.255588 0.0911745 0.174828 0.0662595 0.0223991 0.00567382 0.000789537 5.82759e-05 1.80612e-06 1.74237e-08 3.86791e-11 1.6236e-14 1.1382e-18 1.23166e-23 1.94557e-29
 1.69417e-41 2.35139e-33 3.94495e-26 8.00027e-20 1.96117e-14 5.81131e-10 2.08152e-06 0.000901225 0.0471666 0.298416 0.232594 0.106327 0.200858 0.0758482 0.0296182 0.00720545 0.000993548 6.68659e-05 1.68411e-06 1.24467e-08 2.12266e-11 6.76308e-15 3.51472e-19 2.74551e-24 3.06102e-30
 1.91609e-41 2.6594e-33 4.4617e-26 9.04823e-20 2.21807e-14 6.57254e-10 2.35418e-06 0.00101928 0.0533449 0.337503 0.262141 0.0954199 0.154487 0.0606154 0.0276094 0.00682336 0.000972858 6.11459e-05 1.33806e-06 7.79654e-09 9.86775e-12 2.3112e-15 8.8487e-20 5.06925e-25 4.10512e-31
 1.86248e-41 2.585e-33 4.33687e-26 8.79508e-20 2.15601e-14 6.38866e-10 2.28831e-06 0.000990761 0.0518525 0.328074 0.256259 0.109613 0.169266 0.0570636 0.0207048 0.00531755 0.000805694 4.95182e-05 9.70345e-07 4.6744e-09 4.56767e-12 7.86204e-16 2.16623e-20 8.9126e-26 5.19869e-32
 1.83792e-41 2.55091e-33 4.27968e-26 8.67911e-20 2.12758e-14 6.30441e-10 2.25814e-06 0.000977696 0.0511688 0.323761 0.254024 0.116888 0.168219 0.0580451 0.0218091 0.00447133 0.000596358 3.63821e-05 6.58743e-07 2.70689e-09 2.11656e-12 2.78222e-16 5.65334e-21 1.67583e-26 6.96053e-33
 1.8623e-41 2.58476e-33 4.33646e-26 8.79426e-20 2.15581e-14 6.38806e-10 2.2881e-06 0.000990668 0.0518477 0.328071 0.258295 0.121371 0.160237 0.0544587 0.0201814 0.0040607 0.000461862 2.29252e-05 3.68709e-07 1.31644e-09 8.4538e-13 8.72642e-17 1.34766e-21 2.96424e-27 8.97072e-34
 1.94588e-41 2.70075e-33 4.53107e-26 9.18892e-20 2.25256e-14 6.67474e-10 2.39078e-06 0.00103513 0.0541745 0.342805 0.270219 0.121078 0.143953 0.0469917 0.0162932 0.00310733 0.000327478 1.35202e-05 1.69273e-07 4.88722e-10 2.56583e-13 2.11458e-17 2.53468e-22 4.22931e-28 9.54091e-35
 1.93615e-41 2.68725e-33 4.50843e-26 9.143e-20 2.2413e-14 6.64138e-10 2.37883e-06 0.00102995 0.0539038 0.34112 0.27062 0.130139 0.143206 0.0437414 0.0136437 0.00236383 0.000222976 7.9629e-06 7.93299e-08 1.72399e-10 6.85291e-14 4.35678e-18 4.04028e-23 5.16725e-29 8.82001e-36
 1.98311e-41 2.75243e-33 4.61777e-26 9.36475e-20 2.29566e-14 6.80246e-10 2.43653e-06 0.00105493 0.0552112 0.349416 0.278059 0.131396 0.13161 0.0397813 0.0115784 0.00174616 0.000140133 4.19257e-06 3.37917e-08 5.64983e-11 1.65942e-14 7.70192e-19 5.25294e-24 4.99393e-30 6.37289e-37
 1.91386e-41 2.65631e-33 4.45652e-26 9.03773e-20 2.21549e-14 6.56491e-10 2.35144e-06 0.00101809 0.0532833 0.337276 0.271769 0.146921 0.13813 0.0395419 0.0105106 0.00144733 9.74236e-05 2.32842e-06 1.47433e-08 1.90029e-11 4.19781e-15 1.43058e-19 7.04954e-25 4.81436e-31 4.4222e-38
 1.95952e-41 2.71968e-33 4.56283e-26 9.25333e-20 2.26835e-14 6.72152e-10 2.40754e-06 0.00104238 0.0545546 0.345357 0.279185 0.145648 0.125535 0.0377968 0.00963578 0.0011746 6.72833e-05 1.28445e-06 6.18554e-09 5.97768e-12 9.83839e-16 2.47705e-20 8.92459e-26 4.41048e-32 2.90726e-39
 1.9324e-41 2.68204e-33 4.49968e-26 9.12525e-20 2.23695e-14 6.62849e-10 2.37422e-06 0.00102795 0.0537997 0.34066 0.278702 0.156196 0.124709 0.0354339 0.00843679 0.000983422 4.81713e-05 7.35275e-07 2.70341e-09 1.92891e-12 2.31288e-16 4.23167e-21 1.10713e-26 3.96556e-33 1.88854e-40
 1.87739e-41 2.60569e-33 4.37159e-26 8.8655e-20 2.17327e-14 6.43981e-10 2.30663e-06 0.000998693 0.0522685 0.331082 0.275375 0.169046 0.126714 0.0358697 0.00779757 0.00081022 3.49235e-05 4.36896e-07 1.23197e-09 6.52047e-13 5.68385e-17 7.47357e-22 1.39914e-27 3.58481e-34 1.22232e-41
 1.79509e-41 2.49146e-33 4.17994e-26 8.47683e-20 2.078e-14 6.15748e-10 2.20551e-06 0.00095491 0.0499776 0.316742 0.269498 0.184327 0.131353 0.0384579 0.00792016 0.000739875 2.68618e-05 2.75149e-07 6.09398e-10 2.42413e-13 1.54591e-17 1.46641e-22 1.9643e-28 3.58298e-35 8.67502e-43
 1.8232e-41 2.53048e-33 4.24541e-26 8.60961e-20 2.11054e-14 6.25393e-10 2.24006e-06 0.000969867 0.050761 0.321817 0.275817 0.182473 0.122307 0.0376593 0.00751898 0.000654167 2.02168e-05 1.65788e-07 2.85185e-10 8.63019e-14 4.09437e-18 2.83434e-23 2.73547e-29 3.56806e-36 6.15013e-44
 1.82327e-41 2.53059e-33 4.24558e-26 8.60996e-20 2.11063e-14 6.25418e-10 2.24015e-06 0.000969906 0.050763 0.32183 0.275834 0.182746 0.123283 0.0370472 0.00695631 0.000554132 1.51251e-05 1.06233e-07 1.52957e-10 3.81616e-14 1.47825e-18 8.30085e-24 6.46847e-30 6.78973e-37 9.3953e-45
#pred catch len freq
 2.56664e-27 2.59776e-27 4.14767e-26 8.20994e-20 2.01257e-14 5.9636e-10 2.13606e-06 0.000924832 0.0484024 0.306207 0.234402 0.0370044 0.116981 0.108118 0.0283813 0.0379199 0.0177957 0.0157478 0.010646 0.00873956 0.00727672 0.00657753 0.00682367 0.00615923 0.00189079
 2.56888e-27 2.60345e-27 4.60194e-26 9.16804e-20 2.24744e-14 6.65955e-10 2.38534e-06 0.00103276 0.054051 0.341941 0.261737 0.0400313 0.120814 0.111257 0.0220521 0.0224097 0.00869631 0.00547729 0.00304244 0.0021141 0.00153382 0.00123209 0.00115866 0.00105929 0.000357678
 2.5688e-27 2.60314e-27 4.56213e-26 9.08402e-20 2.22684e-14 6.59852e-10 2.36348e-06 0.0010233 0.0535556 0.338808 0.259362 0.0411874 0.131281 0.120818 0.0220365 0.0198874 0.00669607 0.00274758 0.00111865 0.000559779 0.000319501 0.000214787 0.00017515 0.000153814 5.41076e-05
 2.56858e-27 2.60255e-27 4.50949e-26 8.97297e-20 2.19961e-14 6.51785e-10 2.33459e-06 0.00101079 0.0529009 0.334666 0.256203 0.0414034 0.135144 0.124397 0.0229312 0.0210126 0.00681415 0.00235075 0.000742788 0.000235435 8.66798e-05 4.23252e-05 2.75818e-05 2.18236e-05 7.6854e-06
 2.57147e-27 2.61039e-27 5.20188e-26 1.04336e-19 2.55768e-14 7.57886e-10 2.71462e-06 0.00117533 0.0615124 0.389144 0.29777 0.0394246 0.0908813 0.0835369 0.0154481 0.0142237 0.00462854 0.00161549 0.000476618 0.000119596 2.70739e-05 7.52748e-06 3.24858e-06 2.09351e-06 7.08485e-07
 2.56877e-27 2.60296e-27 4.5378e-26 9.03266e-20 2.21425e-14 6.56121e-10 2.35012e-06 0.00101751 0.0532528 0.336892 0.257913 0.0420265 0.138685 0.127503 0.0205824 0.0148667 0.00484702 0.00173781 0.000517078 0.000127919 2.38623e-05 3.91537e-06 8.19967e-07 3.45072e-07 1.0541e-07
 2.56805e-27 2.60109e-27 4.37835e-26 8.69631e-20 2.13179e-14 6.31689e-10 2.2626e-06 0.000979621 0.0512698 0.324347 0.248333 0.0419631 0.144933 0.133409 0.0241774 0.0215637 0.00664004 0.00172874 0.000499827 0.000126338 2.34597e-05 3.23619e-06 3.49537e-07 6.30161e-08 1.49094e-08
 2.57032e-27 2.60729e-27 4.92965e-26 9.85933e-20 2.4169e-14 7.1617e-10 2.5652e-06 0.00111063 0.0581265 0.367724 0.281425 0.0400715 0.107288 0.0987168 0.0188572 0.0181805 0.00587553 0.00197067 0.000526909 0.000102398 1.86767e-05 2.57074e-06 2.22429e-07 1.57814e-08 1.90764e-09
 2.56934e-27 2.60455e-27 4.67943e-26 9.33145e-20 2.28749e-14 6.77825e-10 2.42786e-06 0.00105117 0.0550144 0.348036 0.266413 0.0414801 0.128554 0.118182 0.0194263 0.0145792 0.00480097 0.00178958 0.000526602 0.000122161 1.85227e-05 2.2276e-06 1.87934e-07 8.98098e-09 3.77186e-10
 2.56956e-27 2.60517e-27 4.73798e-26 9.45497e-20 2.31777e-14 6.86797e-10 2.45999e-06 0.00106508 0.0557426 0.352643 0.269924 0.0410149 0.122548 0.112721 0.0199324 0.0170914 0.00530138 0.00145113 0.000429417 0.000111458 1.98134e-05 2.30133e-06 1.63011e-07 7.0646e-09 1.55619e-10
 2.57065e-27 2.60812e-27 4.99721e-26 1.00018e-19 2.45183e-14 7.26521e-10 2.60228e-06 0.00112669 0.0589667 0.373039 0.285488 0.0403566 0.106603 0.0979751 0.0167461 0.0135425 0.00431726 0.00137373 0.000370591 7.55452e-05 1.4226e-05 1.91252e-06 1.38983e-07 5.14571e-09 9.20884e-11
 2.57105e-27 2.60917e-27 5.08641e-26 1.019e-19 2.49796e-14 7.40189e-10 2.65123e-06 0.00114788 0.060076 0.380057 0.290847 0.0403901 0.103092 0.0946686 0.0149485 0.0102679 0.00321569 0.000948957 0.000266863 5.95005e-05 9.28517e-06 1.16614e-06 9.64806e-08 3.70645e-09 5.76753e-11
 2.56999e-27 2.60627e-27 4.82901e-26 9.64698e-20 2.36484e-14 7.00745e-10 2.50995e-06 0.00108671 0.0568746 0.359804 0.275396 0.0412369 0.120392 0.11062 0.0175347 0.0121448 0.00369394 0.000909242 0.000242946 5.17004e-05 8.66506e-06 1.00672e-06 7.43962e-08 3.13205e-09 5.03784e-11
 2.56949e-27 2.60494e-27 4.71338e-26 9.40306e-20 2.30505e-14 6.83027e-10 2.44649e-06 0.00105924 0.0554366 0.350707 0.268452 0.0413976 0.126494 0.116294 0.0193413 0.0148374 0.00452337 0.00111351 0.000281668 5.09366e-05 7.98913e-06 9.45094e-07 6.74572e-08 2.57508e-09 4.3773e-11
 2.56876e-27 2.60296e-27 4.53961e-26 9.03649e-20 2.21519e-14 6.56399e-10 2.35111e-06 0.00101794 0.0532754 0.337035 0.258018 0.0418098 0.136962 0.125975 0.0214382 0.0171895 0.00534144 0.00147697 0.000379995 6.75991e-05 9.39984e-06 9.84288e-07 6.92014e-08 2.56122e-09 4.04676e-11
 2.56943e-27 2.6048e-27 4.70337e-26 9.38196e-20 2.29987e-14 6.81494e-10 2.441e-06 0.00105686 0.0553121 0.34992 0.267849 0.0412793 0.126018 0.115884 0.0197921 0.0159774 0.00499844 0.0014388 0.000384906 7.5545e-05 1.05861e-05 1.01901e-06 6.23757e-08 2.21108e-09 3.37366e-11
 2.5702e-27 2.60687e-27 4.88381e-26 9.76261e-20 2.39319e-14 7.09144e-10 2.54003e-06 0.00109974 0.0575563 0.364117 0.278684 0.0409155 0.115637 0.106264 0.0173459 0.0128181 0.0040083 0.00116181 0.000314972 6.46093e-05 9.77561e-06 9.91962e-07 5.69256e-08 1.76866e-09 2.53453e-11
 2.57021e-27 2.60686e-27 4.88032e-26 9.75522e-20 2.39138e-14 7.08607e-10 2.53811e-06 0.00109891 0.0575128 0.363841 0.278477 0.0411779 0.117778 0.108184 0.0166764 0.0108018 0.00330685 0.000857039 0.00022931 4.7467e-05 7.41717e-06 8.06194e-07 4.94073e-08 1.46528e-09 1.86296e-11
 2.57036e-27 2.60727e-27 4.91701e-26 9.83264e-20 2.41035e-14 7.1423e-10 2.55825e-06 0.00110763 0.0579692 0.366729 0.280679 0.0409953 0.114842 0.105495 0.0165735 0.01124 0.00337507 0.000758455 0.000191779 3.61313e-05 5.59918e-06 6.24612e-07 4.08439e-08 1.29027e-09 1.58718e-11
 2.57063e-27 2.60801e-27 4.98184e-26 9.96939e-20 2.44388e-14 7.24164e-10 2.59384e-06 0.00112303 0.0587754 0.371829 0.284572 0.0408768 0.111205 0.10212 0.015635 0.00995 0.00300155 0.000703347 0.000172317 2.84004e-05 4.00953e-06 4.24715e-07 2.83302e-08 9.50584e-10 1.23781e-11
 2.57109e-27 2.60925e-27 5.09132e-26 1.02004e-19 2.50049e-14 7.40941e-10 2.65393e-06 0.00114905 0.0601371 0.380443 0.291145 0.0405495 0.104097 0.0955611 0.0144884 0.00898448 0.00268397 0.000587568 0.000143887 2.43101e-05 3.15375e-06 2.93875e-07 1.82157e-08 6.16429e-10 8.47748e-12
 2.57094e-27 2.60884e-27 5.05522e-26 1.01242e-19 2.48182e-14 7.35408e-10 2.63411e-06 0.00114047 0.059688 0.377603 0.288978 0.0406954 0.106729 0.0979821 0.0147626 0.00899986 0.00268085 0.000575069 0.000137926 2.20454e-05 2.88171e-06 2.5829e-07 1.40318e-08 4.34977e-10 5.97054e-12
 2.57076e-27 2.60835e-27 5.01202e-26 1.00331e-19 2.45948e-14 7.28789e-10 2.6104e-06 0.0011302 0.0591508 0.374204 0.286385 0.0408273 0.109555 0.100589 0.0152224 0.00939165 0.00279138 0.000586888 0.000139565 2.18035e-05 2.73495e-06 2.38481e-07 1.25901e-08 3.46925e-10 4.33439e-12
 2.57101e-27 2.60903e-27 5.07129e-26 1.01581e-19 2.49014e-14 7.37872e-10 2.64293e-06 0.00114429 0.059888 0.378867 0.289943 0.0406592 0.105775 0.0970991 0.0145589 0.00875743 0.00260273 0.000549369 0.000130097 1.99331e-05 2.45655e-06 2.06503e-07 1.0483e-08 2.78459e-10 3.1378e-12
 2.57138e-27 2.61004e-27 5.16072e-26 1.03468e-19 2.53638e-14 7.51575e-10 2.69202e-06 0.00116554 0.0610002 0.385904 0.295312 0.0404133 0.100132 0.0918865 0.0135419 0.00774988 0.00229236 0.000469829 0.000110755 1.69999e-05 2.07101e-06 1.70356e-07 8.3572e-09 2.12841e-10 2.29262e-12
 2.57147e-27 2.61027e-27 5.18049e-26 1.03884e-19 2.5466e-14 7.54604e-10 2.70286e-06 0.00117024 0.061246 0.387459 0.296499 0.0403778 0.0990285 0.0908627 0.0132669 0.00737956 0.00216926 0.000423886 9.83306e-05 1.4714e-05 1.78542e-06 1.45999e-07 7.00964e-09 1.72571e-10 1.78128e-12
 2.57153e-27 2.61044e-27 5.19477e-26 1.04186e-19 2.55399e-14 7.56793e-10 2.7107e-06 0.00117363 0.0614236 0.388583 0.297357 0.0403996 0.0985908 0.0904437 0.0129182 0.00668935 0.00195436 0.000367258 8.36041e-05 1.19648e-05 1.41539e-06 1.1378e-07 5.42883e-09 1.31055e-10 1.30838e-12
 2.57175e-27 2.61102e-27 5.24593e-26 1.05265e-19 2.58044e-14 7.64632e-10 2.73878e-06 0.00118579 0.0620599 0.392608 0.300429 0.0403069 0.0957272 0.087787 0.0121917 0.00570069 0.0016458 0.000283356 6.27265e-05 8.63539e-06 9.86086e-07 7.61353e-08 3.5495e-09 8.47858e-11 8.3122e-13
 2.57195e-27 2.61158e-27 5.29633e-26 1.06328e-19 2.60651e-14 7.72355e-10 2.76645e-06 0.00119777 0.0626868 0.396573 0.303454 0.0400866 0.0919256 0.084296 0.0118838 0.00587642 0.00168576 0.00026661 5.67993e-05 7.2208e-06 7.90857e-07 5.84833e-08 2.60884e-09 6.05061e-11 5.84569e-13
#obs catch len freq
 1.74885e-41 2.42729e-33 4.07228e-26 8.25851e-20 2.02448e-14 5.99889e-10 2.14871e-06 0.000930316 0.048689 0.308021 0.235938 0.0441431 0.154232 0.130676 0.0369362 0.0284264 0.00864721 0.00274142 0.000547257 6.57326e-05 3.45947e-06 5.79193e-08 2.29099e-10 1.72037e-13 2.12487e-17
 1.76818e-41 2.45411e-33 4.11728e-26 8.34977e-20 2.04685e-14 6.06518e-10 2.17245e-06 0.000940596 0.049227 0.311425 0.238594 0.0459736 0.155765 0.124931 0.0362474 0.0263575 0.00777052 0.00230328 0.000417078 4.3491e-05 1.88779e-06 2.46983e-08 7.3265e-11 4.01623e-14 3.5587e-18
 2.18355e-41 3.03062e-33 5.08449e-26 1.03112e-19 2.52768e-14 7.48998e-10 2.68279e-06 0.00116155 0.0607911 0.384582 0.294412 0.0432894 0.0985354 0.0744896 0.0220409 0.0150028 0.00428863 0.00118937 0.000196459 1.76216e-05 6.23517e-07 6.33346e-09 1.40504e-11 5.61982e-15 3.57888e-19
 1.74243e-41 2.41838e-33 4.05733e-26 8.22818e-20 2.01704e-14 5.97686e-10 2.14081e-06 0.000926899 0.0485102 0.306891 0.235358 0.053715 0.183164 0.128523 0.0254092 0.0129059 0.00353663 0.000909849 0.000136895 1.05719e-05 3.02857e-07 2.36897e-09 3.91464e-12 1.1413e-15 5.22558e-20
 2.10839e-41 2.9263e-33 4.90948e-26 9.95632e-20 2.44067e-14 7.23217e-10 2.59044e-06 0.00112157 0.0586987 0.371345 0.28445 0.0474561 0.113461 0.0766535 0.0273273 0.0159545 0.00290217 0.000548434 7.34573e-05 4.86132e-06 1.12686e-07 6.76669e-10 8.29381e-13 1.7583e-16 5.7852e-21
 2.38791e-41 3.31426e-33 5.56035e-26 1.12763e-19 2.76425e-14 8.19097e-10 2.93387e-06 0.00127027 0.0664806 0.420576 0.321998 0.0453807 0.0780716 0.048115 0.0109325 0.00537832 0.00149562 0.000273804 2.37167e-05 1.22677e-06 2.28034e-08 1.05168e-10 9.564e-14 1.47272e-17 3.47767e-22
 1.35439e-41 1.8798e-33 3.15376e-26 6.39575e-20 1.56784e-14 4.64581e-10 1.66405e-06 0.000720478 0.0377069 0.238549 0.183959 0.0756567 0.271272 0.154558 0.0260732 0.00942202 0.00173179 0.00031748 3.04604e-05 1.0877e-06 1.41587e-08 4.90035e-11 3.30669e-14 3.70682e-18 6.29015e-23
 2.24001e-41 3.10899e-33 5.21598e-26 1.05779e-19 2.59305e-14 7.68367e-10 2.75217e-06 0.00119159 0.0623632 0.394529 0.302272 0.0481629 0.0870832 0.052686 0.0339037 0.0155578 0.00200098 0.000229013 1.7547e-05 6.02009e-07 5.7423e-09 1.32878e-11 6.33659e-15 5.12868e-19 6.26261e-24
 2.02394e-41 2.80909e-33 4.71283e-26 9.55753e-20 2.34292e-14 6.94249e-10 2.48669e-06 0.00107665 0.0563475 0.356474 0.273765 0.0633444 0.15073 0.0746528 0.0145805 0.00649336 0.00224133 0.000278453 1.27827e-05 3.05689e-07 2.42518e-09 4.20853e-12 1.35134e-15 7.39247e-20 6.2942e-25
 2.06129e-41 2.86093e-33 4.79981e-26 9.73392e-20 2.38616e-14 7.07062e-10 2.53258e-06 0.00109652 0.0573875 0.363054 0.278895 0.0637805 0.138945 0.0669764 0.0213757 0.00720507 0.0010775 0.000191059 1.25916e-05 2.09333e-07 1.05506e-09 1.3554e-12 3.25876e-16 1.25119e-20 7.19037e-26
 2.0231e-41 2.80793e-33 4.71089e-26 9.55359e-20 2.34195e-14 6.93962e-10 2.48566e-06 0.00107621 0.0563243 0.35633 0.274084 0.0693954 0.148147 0.0663318 0.0202088 0.00678279 0.0011889 0.00012113 7.19488e-06 1.47492e-07 6.07212e-10 4.98478e-13 8.04717e-17 2.21858e-21 9.19437e-27
 2.14324e-41 2.97467e-33 4.99063e-26 1.01209e-19 2.48102e-14 7.35172e-10 2.63327e-06 0.00114011 0.059669 0.37749 0.290284 0.0677132 0.126281 0.0535391 0.0175644 0.00534144 0.000882521 8.90289e-05 3.7729e-06 5.9488e-08 2.44735e-10 1.77425e-13 2.02952e-17 3.65483e-22 1.0148e-27
 2.09651e-41 2.90982e-33 4.88183e-26 9.90025e-20 2.42693e-14 7.19143e-10 2.57586e-06 0.00111526 0.0583681 0.369263 0.284485 0.0751161 0.138061 0.0535038 0.0151516 0.00419709 0.000673278 6.07079e-05 2.27893e-06 2.67119e-08 7.9249e-11 4.81848e-14 4.78724e-18 6.85116e-23 1.35786e-28
 2.04978e-41 2.84496e-33 4.77302e-26 9.67958e-20 2.37284e-14 7.03115e-10 2.51844e-06 0.0010904 0.0570671 0.361038 0.278734 0.0817785 0.144962 0.0538841 0.0167887 0.00406329 0.000546878 4.38049e-05 1.41774e-06 1.35923e-08 3.00201e-11 1.28401e-14 9.44006e-19 1.06937e-23 1.70797e-29
 1.93033e-41 2.67918e-33 4.49488e-26 9.11552e-20 2.23456e-14 6.62141e-10 2.37168e-06 0.00102686 0.0537416 0.340007 0.263604 0.0938389 0.164286 0.0588106 0.0195427 0.00451961 0.000581976 3.79071e-05 9.96685e-07 7.7465e-09 1.33459e-11 4.23716e-15 2.20738e-19 1.75291e-24 2.01378e-30
 1.75741e-41 2.43917e-33 4.09222e-26 8.29894e-20 2.03439e-14 6.02826e-10 2.15923e-06 0.00093487 0.0489274 0.309562 0.241696 0.109721 0.188885 0.068014 0.0257539 0.00573521 0.00072516 4.25679e-05 8.9807e-07 5.32613e-09 7.02147e-12 1.68528e-15 6.48968e-20 3.71485e-25 3.01126e-31
 1.97549e-41 2.74186e-33 4.60003e-26 9.32877e-20 2.28684e-14 6.77632e-10 2.42717e-06 0.00105088 0.0549989 0.347973 0.270635 0.0975176 0.143637 0.0544045 0.0236623 0.00538528 0.00069478 3.77663e-05 6.83623e-07 3.16477e-09 3.08294e-12 5.42695e-16 1.5362e-20 6.4376e-26 3.78626e-32
 1.92383e-41 2.67015e-33 4.47974e-26 9.08482e-20 2.22704e-14 6.59911e-10 2.3637e-06 0.0010234 0.0535606 0.33889 0.26517 0.111772 0.156639 0.0504959 0.0176372 0.00420914 0.000570209 2.99983e-05 4.80487e-07 1.82156e-09 1.3607e-12 1.7541e-16 3.56733e-21 1.07224e-26 4.53669e-33
 1.90162e-41 2.63932e-33 4.42801e-26 8.97991e-20 2.20132e-14 6.52291e-10 2.3364e-06 0.00101158 0.0529422 0.334993 0.26336 0.118833 0.155118 0.0515772 0.0182612 0.00346172 0.000417863 2.16402e-05 3.16425e-07 1.01333e-09 6.01635e-13 5.8975e-17 8.82375e-22 1.90868e-27 5.74687e-34
 1.92645e-41 2.67379e-33 4.48583e-26 9.09718e-20 2.23007e-14 6.6081e-10 2.36691e-06 0.00102479 0.0536336 0.339385 0.267768 0.122812 0.146944 0.0482582 0.016748 0.00309845 0.000313468 1.32695e-05 1.7159e-07 4.73124e-10 2.29112e-13 1.75553e-17 1.99053e-22 3.18954e-28 6.99171e-35
 2.00739e-41 2.78612e-33 4.6743e-26 9.47938e-20 2.32376e-14 6.88572e-10 2.46635e-06 0.00106785 0.0558869 0.353656 0.279352 0.121757 0.131044 0.0413233 0.0133488 0.00233766 0.000216727 7.52366e-06 7.55776e-08 1.68113e-10 6.62097e-14 4.03174e-18 3.53687e-23 4.29031e-29 7.00155e-36
 1.99864e-41 2.77397e-33 4.65392e-26 9.43805e-20 2.31363e-14 6.8557e-10 2.4556e-06 0.00106319 0.0556433 0.352149 0.280019 0.130306 0.129708 0.0381681 0.0110422 0.00175044 0.000144383 4.28879e-06 3.39346e-08 5.66021e-11 1.68461e-14 7.89067e-19 5.33904e-24 4.95209e-30 6.10468e-37
 2.04413e-41 2.83712e-33 4.75986e-26 9.65291e-20 2.3663e-14 7.01177e-10 2.5115e-06 0.00108739 0.0569101 0.360192 0.287303 0.130863 0.118561 0.0345017 0.00922323 0.00126531 8.82935e-05 2.18172e-06 1.38564e-08 1.76693e-11 3.87309e-15 1.32215e-19 6.56745e-25 4.51822e-31 4.15529e-38
 1.97783e-41 2.7451e-33 4.60548e-26 9.33982e-20 2.28955e-14 6.78435e-10 2.43004e-06 0.00105213 0.0550645 0.348584 0.281668 0.145937 0.124178 0.0341208 0.00830116 0.00103091 5.97229e-05 1.17163e-06 5.81499e-09 5.68908e-12 9.34519e-16 2.33726e-20 8.37819e-26 4.13651e-32 2.73487e-39
 2.02209e-41 2.80653e-33 4.70854e-26 9.54883e-20 2.34078e-14 6.93617e-10 2.48442e-06 0.00107567 0.0562968 0.356426 0.288917 0.143962 0.112494 0.0324676 0.00749829 0.000819124 4.00155e-05 6.21185e-07 2.33289e-09 1.70553e-12 2.08157e-16 3.83792e-21 1.00442e-26 3.58563e-33 1.70053e-40
 1.99626e-41 2.77068e-33 4.64839e-26 9.42684e-20 2.31088e-14 6.84756e-10 2.45268e-06 0.00106193 0.0555779 0.351971 0.288807 0.153784 0.111357 0.030219 0.00651863 0.000673481 2.78266e-05 3.42636e-07 9.76413e-10 5.25171e-13 4.65964e-17 6.23257e-22 1.18274e-27 3.05669e-34 1.04652e-41
 1.94334e-41 2.69722e-33 4.52515e-26 9.17692e-20 2.24961e-14 6.66601e-10 2.38766e-06 0.00103377 0.0541049 0.342781 0.28604 0.165996 0.113101 0.030421 0.00595326 0.000545868 1.96675e-05 1.96478e-07 4.26898e-10 1.69706e-13 1.09223e-17 1.0485e-22 1.42228e-28 2.62682e-35 6.43309e-43
 1.86388e-41 2.58694e-33 4.34014e-26 8.80171e-20 2.15764e-14 6.39347e-10 2.29004e-06 0.000991507 0.0518935 0.328973 0.280927 0.18072 0.117484 0.032512 0.00599167 0.000489044 1.47366e-05 1.19684e-07 2.02928e-10 6.03941e-14 2.83758e-18 1.96256e-23 1.90329e-29 2.50116e-36 4.34749e-44
 1.89931e-41 2.63612e-33 4.42264e-26 8.96902e-20 2.19865e-14 6.515e-10 2.33357e-06 0.00101035 0.0528798 0.335173 0.28399 0.172596 0.114081 0.0335409 0.00622101 0.000491723 1.33617e-05 9.35981e-08 1.34553e-10 3.35369e-14 1.29826e-18 7.28685e-24 5.67637e-30 5.95673e-37 8.24094e-45
#spawning biomass
 6479.42 8179.92 10553.6 12376.2 18898.9 32356.4 31339 38025.1 49620.5 59874.1 76888 104563 142238 158527 156852 132907 123153 111312 108456 101789 104956 119775 128712 127559 131771 146605 147325 133484 132665 91550.6 108175 48937.8 23599.8 15658.2 13461.7 12899.1 12762.2 12730.1 12722.8 12721.2 12720.8 12720.7 12720.7 12720.7 12720.7 12720.7 12720.7 12720.7 12720.7 12720.7 12720.7 12720.7 12720.7 12720.7 12720.7 12720.7 12720.7 12720.7 12720.7 12720.7 12720.7 12720.7 12720.7 12720.7 12720.7 12720.7 12720.7 12720.7 12720.7 12720.7 12720.7 12720.7 12720.7 12720.7 12720.7 12720.7 12720.7 12720.7 12720.7 12720.7 12720.7 12720.7 12720.7 12720.7 12720.7 12720.7 12720.7 12720.7 12720.7 12720.7 12720.7 12720.7 12720.7 12720.7 12720.7 12720.7 12720.7 12720.7 12720.7 12720.7 12720.7 12720.7 12720.7 12720.7 12720.7 12720.7 12720.7 12720.7 12720.7 12720.7 12720.7 12720.7 12720.7 12720.7 12720.7 12720.7 12720.7 12720.7 12720.7 12720.7 12720.7 12720.7 12720.7 12720.7 12720.7 12720.7 12720.7 12720.7 12720.7 0 0 0 0 0 0 0 0 0 0 0 0 0 0 0 0 0 0 0 0 0 0 0 0 0
