SBPRF35
0.175648
Curr Bio
104766
B35
210349
F35
0.69749
FOFL
0.498221
OFL
36731.8
Bzero
50185.1
#pred survey bio
 11504.2 8240.7 5638.01 6423.83 10452.6 15250.6 20938.4 31657.6 46496 56429.1 66083.8 85200.7 109454 130608 129683 107706 104464 106998 105639 110510 94981.6 118625 90173.5 98860.4 126422 120268 124527 131796 144541 6.74912e+06 4.36332e+06 2.66297e+06 1.54719e+06 980167 713393 588488 527623 496116 478813 468875 463001 459475 457341 456042 455240 454761 454476 454304 454202 454140 454103 454081 454067 454059 454054 454052 454050 454049 454048 454048 454047 454047 454047 454047 454047 454047 454047 454047 454047 454047 454047 454047 454047 454047 454047 454047 454047 454047 454047 454047 454047 454047 454047 454047 454047 454047 454047 454047 454047 454047 454047 454047 454047 454047 454047 454047 454047 454047 454047 454047 454047 454047 454047 454047 454047 454047 454047 454047 454047 454047 454047 454047 454047 454047 454047 454047 454047 454047 454047 454047 454047 454047 454047 454047 454047 454047 454047 454047 454047 0 0 0 0 0 0 0 0 0 0 0 0 0 0 0 0 0 0 0 0 0 0 0 0 0
#obs survey bio
 10025.4 6290.28 3024.27 6427.25 13108.6 15276.5 19021.1 28851.2 38929.3 47175.7 68189.3 80228.1 105047 133872 77062.9 85676.4 66150.3 69325 78096 82947 77975.4 122509 85880.8 75039.9 137403 97397.2 123900 117476 100586
#pred catch bio
 5651.01 4693.8 3333.43 2943.24 5370.49 8473.02 11180.5 17799.2 29351 39048 44958.2 60875.4 79346.2 95305.4 105829 87947.9 84974.1 90796.9 89155.8 98510.3 83169 109798 82806.1 91654.5 118726 118005 121153 125697 100786 36731.8 78490.4 44062.3 22447.8 12621.1 8696.35 7250.08 6745.27 6575.67 6520.24 6502.49 6496.89 6495.15 6494.61 6494.45 6494.39 6494.38 6494.37 6494.37 6494.37 6494.37 6494.37 6494.37 6494.37 6494.37 6494.37 6494.37 6494.37 6494.37 6494.37 6494.37 6494.37 6494.37 6494.37 6494.37 6494.37 6494.37 6494.37 6494.37 6494.37 6494.37 6494.37 6494.37 6494.37 6494.37 6494.37 6494.37 6494.37 6494.37 6494.37 6494.37 6494.37 6494.37 6494.37 6494.37 6494.37 6494.37 6494.37 6494.37 6494.37 6494.37 6494.37 6494.37 6494.37 6494.37 6494.37 6494.37 6494.37 6494.37 6494.37 6494.37 6494.37 6494.37 6494.37 6494.37 6494.37 6494.37 6494.37 6494.37 6494.37 6494.37 6494.37 6494.37 6494.37 6494.37 6494.37 6494.37 6494.37 6494.37 6494.37 6494.37 6494.37 6494.37 6494.37 6494.37 6494.37 6494.37 6494.37 6494.37 6494.37 0 0 0 0 0 0 0 0 0 0 0 0 0 0 0 0 0 0 0 0 0 0 0 0 0
#obs catch bio
 5076.83 5067.58 4167.37 2785.14 4811.95 7442.97 10057.1 15610.8 26928.8 35113 41668.9 52330.4 74917.6 86007.4 104806 81643 80755.6 86826.9 85350 85446.3 73641 97533.9 67797.1 82606.7 96818.6 103517 112909 100907 94374.8
#pred cpue bio
 8968.11 6720.66 4198.7 3937.57 6648.4 9583.67 12972.9 19386.3 28089 34001.8 37602.3 48109.8 59600.8 71949.3 74798 56967.5 53775.7 54805.6 51840.9 54202.6 44847.7 54460 41150.6 43808.1 54798.2 52726 51662.8 55229.5 61688.8 3.79297e+06 4.16887e+06 2.58216e+06 1.46772e+06 900708 633934 509029 448165 416657 399354 389416 383542 380016 377882 376583 375781 375303 375017 374846 374743 374681 374644 374622 374609 374601 374596 374593 374591 374590 374589 374589 374589 374589 374589 374589 374588 374588 374588 374588 374588 374588 374588 374588 374588 374588 374588 374588 374588 374588 374588 374588 374588 374588 374588 374588 374588 374588 374588 374588 374588 374588 374588 374588 374588 374588 374588 374588 374588 374588 374588 374588 374588 374588 374588 374588 374588 374588 374588 374588 374588 374588 374588 374588 374588 374588 374588 374588 374588 374588 374588 374588 374588 374588 374588 374588 374588 374588 374588 374588 374588 0 0 0 0 0 0 0 0 0 0 0 0 0 0 0 0 0 0 0 0 0 0 0 0 0
#obs cpue bio
 5734.59 5211.13 3419.36 6605.17 10379.5 15250.1 20073.6 37449.9 42132.6 62960.9 47989.6 98823.9 71577.9 107973 126124 99603.1 99530.2 102067 82211.4 136134 82384.6 89953.8 92302.1 82811.1 119224 105316 67877.8 156510 107242
#pred surv len freq
 1.57634e-11 1.71172e-09 1.09586e-07 4.13632e-06 9.20479e-05 0.0012077 0.00934275 0.0426285 0.114905 0.184476 0.18354 0.132689 0.0968874 0.0762623 0.0529495 0.033811 0.022034 0.0144997 0.00976923 0.00692309 0.00526876 0.00437445 0.00376325 0.00288942 0.00168192
 1.26202e-11 1.3704e-09 8.77345e-08 3.31154e-06 7.36938e-05 0.000966908 0.00748077 0.034151 0.0923029 0.150202 0.15893 0.140004 0.133809 0.116773 0.0759287 0.0400077 0.0208826 0.0114244 0.00644614 0.00379526 0.00239081 0.00167213 0.00127908 0.000934371 0.000541387
 1.59143e-11 1.7281e-09 1.10635e-07 4.17591e-06 9.29288e-05 0.00121926 0.00943227 0.043039 0.116039 0.186517 0.186612 0.137682 0.10411 0.0835191 0.057718 0.0352325 0.0200354 0.00998401 0.00449107 0.00204433 0.00100112 0.000545612 0.000339483 0.000220306 0.000121871
 1.97431e-11 2.14387e-09 1.37252e-07 5.18059e-06 0.000115286 0.00151258 0.0117008 0.0533759 0.143713 0.229416 0.222057 0.14394 0.0829967 0.0528545 0.030522 0.0146908 0.00692911 0.00341745 0.00161714 0.000685838 0.000264646 0.000103629 4.64143e-05 2.38374e-05 1.17339e-05
 1.88346e-11 2.04521e-09 1.30936e-07 4.94218e-06 0.000109981 0.00144298 0.0111626 0.0509254 0.137178 0.2195 0.214897 0.145913 0.0933755 0.064068 0.0364196 0.015596 0.0058613 0.00221108 0.00083755 0.000320282 0.000118518 3.98952e-05 1.27633e-05 4.44659e-06 1.69294e-06
 1.90714e-11 2.07092e-09 1.32582e-07 5.00432e-06 0.000111364 0.00146112 0.0113029 0.0515643 0.138883 0.222098 0.216829 0.145588 0.0909992 0.0615151 0.0351671 0.0154453 0.00594039 0.00213476 0.000678917 0.00019722 5.65351e-05 1.61419e-05 4.38039e-06 1.11636e-06 2.86753e-07
 1.92786e-11 2.09343e-09 1.34023e-07 5.0587e-06 0.000112574 0.001477 0.0114257 0.0521238 0.140382 0.224429 0.218789 0.146039 0.0900209 0.0599359 0.0335778 0.0141054 0.00507544 0.00174912 0.000550538 0.000153109 3.76105e-05 8.26452e-06 1.70296e-06 3.36486e-07 6.27985e-08
 1.94877e-11 2.11613e-09 1.35476e-07 5.11356e-06 0.000113795 0.00149301 0.0115495 0.0526879 0.141889 0.226736 0.220559 0.145925 0.0881715 0.0577928 0.0322663 0.0135924 0.00489375 0.00165602 0.000498561 0.000131461 3.09027e-05 6.3276e-06 1.10525e-06 1.66883e-07 2.26015e-08
 1.96894e-11 2.13803e-09 1.36879e-07 5.16648e-06 0.000114972 0.00150846 0.011669 0.0532324 0.143346 0.228989 0.222393 0.146163 0.0869135 0.0560566 0.0308123 0.012573 0.00429039 0.00138812 0.00040922 0.000105907 2.40252e-05 4.67407e-06 7.66484e-07 1.0437e-07 1.16492e-08
 1.96745e-11 2.13641e-09 1.36775e-07 5.16257e-06 0.000114885 0.00150732 0.0116602 0.0531926 0.143244 0.228867 0.222466 0.146719 0.0878823 0.0567736 0.0306954 0.0118593 0.00361819 0.00103256 0.000277725 6.7136e-05 1.45186e-05 2.73226e-06 4.31745e-07 5.57825e-08 5.76049e-09
 2.05597e-11 2.23254e-09 1.42929e-07 5.39486e-06 0.000120055 0.00157514 0.0121847 0.0555814 0.149626 0.238657 0.230049 0.146478 0.080402 0.0478593 0.024869 0.00919656 0.00256299 0.000642488 0.00015161 3.19329e-05 6.05159e-06 1.03127e-06 1.52464e-07 1.87939e-08 1.85698e-09
 2.06552e-11 2.24291e-09 1.43593e-07 5.41991e-06 0.000120612 0.00158245 0.0122412 0.0558391 0.150316 0.239722 0.230914 0.146581 0.0797927 0.0470289 0.024186 0.00872775 0.00228783 0.000519502 0.000110397 2.0656e-05 3.38265e-06 4.93138e-07 6.29676e-08 6.89004e-09 6.25748e-10
 2.11593e-11 2.29765e-09 1.47098e-07 5.5522e-06 0.000123556 0.00162108 0.0125399 0.0571995 0.153949 0.245289 0.235191 0.146329 0.0753558 0.04183 0.0209049 0.00736264 0.00183127 0.000379812 7.33963e-05 1.2496e-05 1.82407e-06 2.32551e-07 2.55443e-08 2.37483e-09 1.84415e-10
 2.09873e-11 2.27897e-09 1.45902e-07 5.50706e-06 0.000122551 0.0016079 0.012438 0.0567354 0.152711 0.2434 0.233785 0.146561 0.0770912 0.0437489 0.0219582 0.00761977 0.00180576 0.00034071 5.92954e-05 9.20876e-06 1.21507e-06 1.38355e-07 1.34615e-08 1.0914e-09 7.26576e-11
 2.03052e-11 2.2049e-09 1.4116e-07 5.32807e-06 0.000118568 0.00155564 0.0120339 0.0548949 0.147796 0.235882 0.228063 0.147082 0.0833674 0.0509637 0.0263205 0.00921396 0.00219986 0.000418605 7.23648e-05 1.0767e-05 1.30422e-06 1.32966e-07 1.1548e-08 8.32613e-10 4.88539e-11
 2.1525e-11 2.33736e-09 1.4964e-07 5.64816e-06 0.000125691 0.00164909 0.0127566 0.0581863 0.156586 0.249333 0.238323 0.146228 0.0722627 0.0381393 0.0184837 0.00625082 0.00139753 0.000232557 3.45839e-05 4.7291e-06 5.5268e-07 5.44327e-08 4.44726e-09 2.92145e-10 1.52974e-11
 2.18577e-11 2.37349e-09 1.51953e-07 5.73546e-06 0.000127634 0.00167458 0.0129537 0.059084 0.158984 0.253003 0.241129 0.146015 0.0692633 0.0346606 0.0163372 0.00541458 0.00115449 0.000170394 2.08894e-05 2.37681e-06 2.36772e-07 2.00784e-08 1.47205e-09 9.07082e-11 4.49726e-12
 2.19171e-11 2.37994e-09 1.52366e-07 5.75104e-06 0.000127981 0.00167913 0.0129888 0.0592442 0.159411 0.253658 0.241629 0.145975 0.068726 0.0340385 0.015955 0.00526758 0.0011129 0.000160007 1.85683e-05 1.95079e-06 1.73112e-07 1.23446e-08 7.38361e-10 3.7746e-11 1.60815e-12
 2.24088e-11 2.43333e-09 1.55784e-07 5.88006e-06 0.000130852 0.00171679 0.0132801 0.0605708 0.162954 0.259075 0.245745 0.145578 0.0641693 0.0288174 0.0128221 0.00415097 0.000855675 0.000115304 1.17388e-05 1.06865e-06 8.62571e-08 5.69941e-09 3.09137e-10 1.3808e-11 4.93591e-13
 2.24138e-11 2.43387e-09 1.55819e-07 5.88137e-06 0.000130881 0.00171718 0.0132831 0.0605843 0.16299 0.259131 0.24579 0.145581 0.0641338 0.0287712 0.0127866 0.00412895 0.00084406 0.000110799 1.05925e-05 8.79469e-07 6.46497e-08 3.82468e-09 1.81108e-10 7.12359e-12 2.29006e-13
 2.28159e-11 2.47753e-09 1.58614e-07 5.98688e-06 0.000133229 0.00174798 0.0135213 0.0616692 0.165887 0.26356 0.249152 0.145245 0.0603901 0.0244902 0.0102303 0.00323268 0.000647962 8.0656e-05 6.71137e-06 4.43047e-07 2.664e-08 1.38764e-09 5.88438e-11 2.05381e-12 5.8201e-14
 2.30947e-11 2.50781e-09 1.60552e-07 6.06005e-06 0.000134857 0.00176934 0.0136865 0.0624215 0.167896 0.266631 0.25148 0.145002 0.0577792 0.0215119 0.00846229 0.00262531 0.000523907 6.50584e-05 5.38239e-06 3.49331e-07 2.01584e-08 9.62387e-10 3.48675e-11 9.90471e-13 2.32898e-14
 2.31516e-11 2.51399e-09 1.60948e-07 6.07498e-06 0.000135189 0.0017737 0.0137202 0.0625751 0.168306 0.267258 0.251957 0.144958 0.0572547 0.0209096 0.00809877 0.00249328 0.000491797 5.88653e-05 4.34501e-06 2.15474e-07 8.57995e-09 3.14351e-10 1.00702e-11 2.65231e-13 5.68358e-15
 2.34244e-11 2.5436e-09 1.62844e-07 6.14654e-06 0.000136782 0.00179459 0.0138818 0.0633109 0.17027 0.270261 0.254233 0.144718 0.0546984 0.017995 0.00637061 0.00190201 0.000372775 4.46406e-05 3.31414e-06 1.66859e-07 6.75769e-09 2.41166e-10 6.83358e-12 1.41018e-13 2.2126e-15
 2.36192e-11 2.56476e-09 1.64198e-07 6.19766e-06 0.000137919 0.00180952 0.0139972 0.0638365 0.171674 0.272407 0.25586 0.144548 0.0528734 0.0159137 0.00513561 0.00147839 0.000286731 3.40301e-05 2.46451e-06 1.15568e-07 4.06835e-09 1.25892e-10 3.32425e-12 6.73071e-14 1.03961e-15
 2.35199e-11 2.55398e-09 1.63508e-07 6.17161e-06 0.00013734 0.00180191 0.0139384 0.0635687 0.170959 0.271313 0.255031 0.144636 0.0538047 0.016975 0.00576444 0.00169293 0.000329474 3.89496e-05 2.77366e-06 1.23235e-07 3.80382e-09 9.74228e-11 2.20841e-12 3.97924e-14 5.39861e-16
 2.39827e-11 2.60424e-09 1.66726e-07 6.29305e-06 0.000140042 0.00183737 0.0142126 0.0648174 0.174293 0.27641 0.258894 0.144229 0.0494663 0.0120288 0.00283169 0.000689629 0.000127594 1.48597e-05 1.0388e-06 4.36365e-08 1.14307e-09 2.08117e-11 3.15772e-13 4.29827e-15 4.77631e-17
 2.39021e-11 2.59549e-09 1.66165e-07 6.27191e-06 0.000139572 0.0018312 0.0141648 0.0646 0.173712 0.275523 0.258221 0.1443 0.0502218 0.01289 0.00334221 0.00086413 0.000162596 1.899e-05 1.32466e-06 5.50868e-08 1.39438e-09 2.30176e-11 2.88858e-13 3.17701e-15 2.89272e-17
 2.37511e-11 2.57908e-09 1.65115e-07 6.23227e-06 0.00013869 0.00181962 0.0140753 0.0641924 0.172624 0.273859 0.256961 0.144433 0.051638 0.0145046 0.00429948 0.00119153 0.00022841 2.68161e-05 1.88148e-06 7.96527e-08 2.13689e-09 4.12199e-11 6.73514e-13 9.26695e-15 9.2016e-17
#obs surv len freq
 3.52467e-11 3.40528e-09 1.93966e-07 6.51383e-06 0.00012897 0.00150554 0.0103636 0.0420982 0.101325 0.147626 0.144102 0.127975 0.129738 0.116689 0.0800485 0.0470569 0.0267129 0.0142051 0.00667524 0.00265137 0.000845921 0.00020555 3.61629e-05 4.40843e-06 3.59406e-07
 2.64303e-11 2.46292e-09 1.35312e-07 4.38291e-06 8.37019e-05 0.000942516 0.00626048 0.0245864 0.0577956 0.08648 0.103594 0.137591 0.176853 0.16634 0.113273 0.0648707 0.0344215 0.0164691 0.00695279 0.00253287 0.000749947 0.00016879 2.73311e-05 3.04847e-06 2.26379e-07
 1.05574e-10 9.47248e-09 5.01085e-07 1.56278e-05 0.000287357 0.00311523 0.0199124 0.0750642 0.167121 0.221405 0.181502 0.109125 0.0705699 0.0545694 0.0409041 0.0279641 0.0163587 0.00775744 0.0030251 0.000983395 0.000259194 5.25647e-05 7.74463e-06 7.88454e-07 5.34003e-08
 1.22348e-10 1.05525e-08 5.36602e-07 1.60875e-05 0.000284359 0.00296345 0.0182118 0.066053 0.142029 0.185372 0.163787 0.133572 0.121236 0.0915882 0.0470569 0.017528 0.00625851 0.00258362 0.00103039 0.000330957 8.06795e-05 1.46088e-05 1.91042e-06 1.73821e-07 1.06062e-08
 2.02155e-10 1.67349e-08 8.16771e-07 2.35026e-05 0.000398725 0.00398823 0.0235228 0.0818598 0.168652 0.209385 0.170545 0.120142 0.0955571 0.0687724 0.0360665 0.014366 0.0048552 0.00140805 0.000352993 8.29238e-05 1.77179e-05 2.98194e-06 3.57508e-07 2.92164e-08 1.58829e-09
 2.75979e-10 2.18959e-08 1.02421e-06 2.82458e-05 0.000459261 0.00440273 0.0248894 0.0830506 0.164381 0.198001 0.163075 0.125969 0.107481 0.0753635 0.0360092 0.0122651 0.00348499 0.000898324 0.000198376 3.56698e-05 5.2417e-06 6.37153e-07 6.19154e-08 4.43526e-09 2.17047e-10
 4.04575e-10 3.07213e-08 1.37537e-06 3.63025e-05 0.000564934 0.00518342 0.0280467 0.0895896 0.169907 0.196986 0.158932 0.123667 0.105056 0.0719479 0.0339374 0.0117449 0.00338617 0.000826676 0.000160039 2.41897e-05 2.89365e-06 2.70159e-07 1.91404e-08 1.00756e-09 3.84212e-11
 6.02073e-10 4.37003e-08 1.87007e-06 4.71815e-05 0.000701822 0.00615524 0.0318366 0.0972319 0.176495 0.196865 0.155775 0.12195 0.102261 0.0672571 0.0301212 0.00984033 0.00268932 0.000633032 0.000119374 1.7248e-05 1.87713e-06 1.50609e-07 8.73417e-09 3.61129e-10 1.04938e-11
 8.71602e-10 6.03981e-08 2.46756e-06 5.94361e-05 0.000844069 0.00706764 0.0349036 0.101825 0.176951 0.191001 0.151894 0.124522 0.105087 0.066516 0.0281169 0.0085249 0.00213269 0.000460176 8.02409e-05 1.08164e-05 1.10663e-06 8.32689e-08 4.44117e-09 1.63314e-10 4.06325e-12
 1.21681e-09 8.04093e-08 3.13277e-06 7.19598e-05 0.000974539 0.00778199 0.0366567 0.10209 0.170122 0.179786 0.149359 0.133734 0.114577 0.0691811 0.0268312 0.00706836 0.00145719 0.000260982 3.92688e-05 4.6645e-06 4.25508e-07 2.89428e-08 1.4125e-09 4.78148e-11 1.09289e-12
 2.05192e-09 1.2917e-07 4.79404e-06 0.000104901 0.00135334 0.0102946 0.0461903 0.122486 0.193933 0.192778 0.14597 0.116622 0.092048 0.0525353 0.0195089 0.00498198 0.000996152 0.000166848 2.21075e-05 2.19787e-06 1.64707e-07 9.35239e-09 3.91844e-10 1.165e-11 2.37626e-13
 2.87042e-09 1.71963e-07 6.07383e-06 0.000126483 0.00155292 0.0112425 0.0480194 0.121361 0.184238 0.180416 0.145138 0.127266 0.101406 0.0551774 0.0189337 0.00427928 0.000721477 0.000102286 1.20589e-05 1.09768e-06 7.44604e-08 3.69843e-09 1.3124e-10 3.25404e-12 5.55331e-14
 4.57916e-09 2.60833e-07 8.75948e-06 0.000173434 0.0020246 0.0139362 0.0565973 0.136017 0.196415 0.183164 0.140544 0.117315 0.0887505 0.0459453 0.0151264 0.00333792 0.000558156 7.68951e-05 8.33287e-06 6.61836e-07 3.81672e-08 1.62163e-09 5.02429e-11 1.09879e-12 1.6435e-14
 5.26257e-09 2.84768e-07 9.08497e-06 0.000170883 0.00189514 0.0123954 0.0478788 0.109974 0.155449 0.155997 0.152951 0.15669 0.122445 0.0608845 0.0187989 0.00381006 0.000572069 7.08715e-05 7.10022e-06 5.32627e-07 2.89659e-08 1.13296e-09 3.12694e-11 5.94087e-13 7.64253e-15
 8.63058e-09 4.43315e-07 1.34253e-05 0.000239707 0.00252349 0.0156677 0.0574486 0.125272 0.168134 0.160188 0.148809 0.144238 0.107005 0.051042 0.0155289 0.00327211 0.000538365 7.15128e-05 7.09621e-06 4.94711e-07 2.42512e-08 8.52365e-10 2.13867e-11 3.72871e-13 4.39376e-15
 1.49509e-08 7.2848e-07 2.0927e-05 0.000354436 0.00353942 0.0208445 0.0724835 0.149739 0.189414 0.16675 0.139009 0.122459 0.0845841 0.0377528 0.0106583 0.00204593 0.000303361 3.72559e-05 3.58772e-06 2.52891e-07 1.27304e-08 4.50616e-10 1.09264e-11 1.77159e-13 1.89728e-15
 2.08874e-08 9.64819e-07 2.62753e-05 0.000421885 0.00399407 0.0223031 0.0735893 0.144768 0.177318 0.16005 0.145979 0.133195 0.0889991 0.0375032 0.00986609 0.0017299 0.000228482 2.47868e-05 2.12684e-06 1.34675e-07 6.16336e-09 2.03122e-10 4.71866e-12 7.48056e-14 7.87518e-16
 2.97589e-08 1.30247e-06 3.36091e-05 0.000511323 0.00458694 0.0242745 0.0759689 0.142325 0.169028 0.156069 0.151061 0.138438 0.08936 0.0365181 0.00967693 0.0018354 0.000276061 3.26235e-05 2.78215e-06 1.63767e-07 6.71916e-09 1.95789e-10 4.02943e-12 5.71624e-14 5.45878e-16
 4.84181e-08 2.00707e-06 4.9052e-05 0.000706805 0.0060053 0.0301006 0.0892277 0.158372 0.178295 0.156099 0.142908 0.123656 0.0756033 0.0295647 0.00767319 0.00147619 0.000229875 2.80492e-05 2.48247e-06 1.54327e-07 6.70776e-09 2.00945e-10 4.04415e-12 5.35843e-14 4.63535e-16
 7.43656e-08 2.91868e-06 6.75372e-05 0.000921404 0.00741237 0.0351815 0.0988032 0.166528 0.179757 0.154664 0.140243 0.116799 0.0675255 0.0248144 0.00602268 0.00107929 0.000157465 1.83388e-05 1.58579e-06 9.83852e-08 4.32594e-09 1.31834e-10 2.7048e-12 3.65149e-14 3.19567e-16
 1.06529e-07 3.95769e-06 8.66877e-05 0.00111951 0.00852553 0.0383156 0.102017 0.163984 0.172959 0.153796 0.145364 0.118937 0.0655703 0.0229138 0.00533509 0.000926714 0.000130436 1.4381e-05 1.15981e-06 6.68755e-08 2.75364e-09 7.97146e-11 1.57687e-12 2.07692e-14 1.78714e-16
 1.54006e-07 5.41506e-06 0.000112257 0.00137209 0.00989014 0.0420841 0.106248 0.163053 0.168589 0.154497 0.149215 0.118229 0.0615445 0.0200812 0.00430645 0.00067785 8.62936e-05 8.74331e-06 6.57484e-07 3.55018e-08 1.36375e-09 3.65995e-11 6.68643e-13 8.14027e-15 6.50752e-17
 2.46204e-07 8.19261e-06 0.000160729 0.0018592 0.0126827 0.0510749 0.122049 0.177341 0.173687 0.150578 0.137146 0.102571 0.0507488 0.0160151 0.00343641 0.000559977 7.29631e-05 7.18704e-06 5.02668e-07 2.46778e-08 8.57859e-10 2.09593e-11 3.5121e-13 3.93695e-15 2.89854e-17
 3.67102e-07 1.15605e-05 0.000214639 0.00234968 0.01517 0.0578339 0.130988 0.181356 0.172466 0.149397 0.134067 0.0956223 0.0444581 0.013059 0.00257409 0.000381666 4.58513e-05 4.29511e-06 2.93464e-07 1.42141e-08 4.81652e-10 1.11767e-11 1.73461e-13 1.77228e-15 1.1817e-17
 4.96237e-07 1.47898e-05 0.000259885 0.00269266 0.0164561 0.0594303 0.127951 0.170997 0.165192 0.154695 0.143709 0.099484 0.0440268 0.0123486 0.00235607 0.000341572 3.95854e-05 3.47857e-06 2.18502e-07 9.68294e-09 3.03152e-10 6.60806e-12 9.76142e-14 9.53333e-16 6.04665e-18
 6.26472e-07 1.76725e-05 0.000293932 0.00288272 0.0166814 0.0571236 0.117388 0.153986 0.158012 0.165894 0.159621 0.107253 0.0455552 0.012475 0.0024071 0.000361745 4.27146e-05 3.69764e-06 2.24048e-07 9.45772e-09 2.78247e-10 5.6188e-12 7.61399e-14 6.80258e-16 3.96113e-18
 1.09755e-06 2.93084e-05 0.000461436 0.00428376 0.0234614 0.0759875 0.14721 0.179474 0.164423 0.150084 0.130262 0.0814551 0.0325789 0.00846689 0.0015657 0.000227433 2.60818e-05 2.20823e-06 1.32128e-07 5.52585e-09 1.59673e-10 3.11735e-12 4.02182e-14 3.37908e-16 1.83202e-18
 1.30726e-06 3.30493e-05 0.00049263 0.00433035 0.022468 0.0691064 0.128555 0.157296 0.160697 0.169256 0.151904 0.0914546 0.0344384 0.00833722 0.00142046 0.000189085 2.00286e-05 1.58742e-06 8.99149e-08 3.58919e-09 9.95769e-11 1.87421e-12 2.33589e-14 1.89413e-16 9.86733e-19
 1.51209e-06 3.61963e-05 0.000510892 0.00425323 0.0209182 0.0612347 0.110357 0.139273 0.162252 0.189181 0.169562 0.0977105 0.0350208 0.00814288 0.00135108 0.000175135 1.76595e-05 1.2974e-06 6.69662e-08 2.42375e-09 6.1313e-11 1.0634e-12 1.23354e-14 9.37916e-17 4.60488e-19
#pred catch len freq
 1.22848e-11 1.33398e-09 8.54024e-08 3.22352e-06 7.17349e-05 0.0009412 0.00728168 0.0332374 0.0897696 0.145564 0.151638 0.127776 0.116912 0.103411 0.0741556 0.0478496 0.0313324 0.0206524 0.0139199 0.00986517 0.00750789 0.00623352 0.00536257 0.00411738 0.00239671
 9.41276e-12 1.02211e-09 6.54367e-08 2.46991e-06 5.49648e-05 0.000721191 0.0055805 0.0254943 0.0691575 0.114567 0.130673 0.138702 0.157446 0.146211 0.09657 0.0512186 0.026863 0.0147292 0.00831575 0.00489655 0.00308461 0.00215737 0.00165026 0.00120552 0.000698496
 1.31054e-11 1.42309e-09 9.11077e-08 3.43886e-06 7.6527e-05 0.00100408 0.0077681 0.0354572 0.0957584 0.155222 0.161451 0.135407 0.12314 0.108412 0.0768239 0.0472515 0.0269602 0.0134517 0.00605315 0.00275565 0.00134949 0.000735475 0.000457617 0.000296968 0.00016428
 1.73578e-11 1.88485e-09 1.2067e-07 4.55468e-06 0.000101358 0.00132985 0.0102876 0.0469386 0.126508 0.202981 0.201355 0.143842 0.101962 0.0758962 0.0460879 0.0224909 0.0106764 0.00528113 0.00250108 0.00106089 0.000409379 0.000160304 7.17984e-05 3.68742e-05 1.81512e-05
 1.63964e-11 1.78045e-09 1.13986e-07 4.3024e-06 9.57437e-05 0.0012562 0.00971813 0.0443461 0.119601 0.192548 0.194067 0.146733 0.114206 0.0887378 0.0523193 0.0226259 0.00854916 0.00323603 0.00122736 0.000469486 0.000173739 5.8484e-05 1.87103e-05 6.51844e-06 2.48175e-06
 1.69286e-11 1.83825e-09 1.17686e-07 4.44207e-06 9.88517e-05 0.00129697 0.0100334 0.0457821 0.123435 0.198405 0.198488 0.146211 0.109166 0.0831363 0.0492621 0.0218408 0.00843877 0.00304056 0.000967952 0.00028126 8.06314e-05 2.30222e-05 6.24749e-06 1.5922e-06 4.08979e-07
 1.71015e-11 1.85702e-09 1.18888e-07 4.48743e-06 9.98613e-05 0.00131022 0.0101359 0.0462492 0.124688 0.200374 0.200238 0.146903 0.10883 0.0821341 0.0477967 0.0202781 0.00733276 0.00253505 0.000798919 0.000222262 5.46019e-05 1.19984e-05 2.47237e-06 4.88512e-07 9.11712e-08
 1.7526e-11 1.90312e-09 1.21839e-07 4.59882e-06 0.00010234 0.00134274 0.0103874 0.0473946 0.127748 0.205061 0.20384 0.146694 0.105107 0.0777939 0.0450992 0.0191821 0.00693722 0.00235395 0.000709464 0.00018713 4.39921e-05 9.00794e-06 1.57344e-06 2.37575e-07 3.21755e-08
 1.81445e-11 1.97028e-09 1.26139e-07 4.76111e-06 0.000105952 0.00139012 0.0107538 0.0490638 0.13221 0.211928 0.209269 0.146885 0.100427 0.0719247 0.0408695 0.0168129 0.00575631 0.00186623 0.000550639 0.00014254 3.23372e-05 6.29124e-06 1.03168e-06 1.40481e-07 1.56797e-08
 1.84382e-11 2.00216e-09 1.2818e-07 4.83817e-06 0.000107666 0.00141261 0.0109278 0.0498567 0.134334 0.215225 0.212019 0.14745 0.0989312 0.0696301 0.0386841 0.0150414 0.00459941 0.00131454 0.000353823 8.55494e-05 1.85014e-05 3.48181e-06 5.50186e-07 7.10853e-08 7.34077e-09
 1.95089e-11 2.11843e-09 1.35624e-07 5.11912e-06 0.000113918 0.00149464 0.0115621 0.052746 0.142053 0.227067 0.221199 0.147182 0.0899207 0.0588733 0.0316281 0.0117881 0.00329324 0.000826868 0.000195294 4.11459e-05 7.79807e-06 1.3289e-06 1.96467e-07 2.4218e-08 2.39293e-09
 1.97744e-11 2.14727e-09 1.3747e-07 5.1888e-06 0.000115469 0.00151498 0.0117195 0.0534627 0.143969 0.230012 0.223512 0.147214 0.0878348 0.0563028 0.0298335 0.0108409 0.00284723 0.000647282 0.000137651 2.57622e-05 4.2191e-06 6.15084e-07 7.85385e-08 8.59383e-09 7.80485e-10
 2.04409e-11 2.21964e-09 1.42103e-07 5.36368e-06 0.000119361 0.00156604 0.0121143 0.055261 0.148773 0.23737 0.229163 0.146871 0.0819556 0.0494209 0.0255 0.0090492 0.00225501 0.000468163 9.05297e-05 1.54172e-05 2.25063e-06 2.86935e-07 3.15179e-08 2.93019e-09 2.27541e-10
 2.02468e-11 2.19856e-09 1.40754e-07 5.31276e-06 0.000118228 0.00155117 0.0119993 0.0547375 0.147376 0.235241 0.22758 0.147142 0.0839287 0.0515957 0.0266836 0.00932462 0.00221355 0.000418035 7.28044e-05 1.13105e-05 1.49253e-06 1.69949e-07 1.65356e-08 1.34062e-09 8.92493e-11
 1.97867e-11 2.1486e-09 1.37555e-07 5.19201e-06 0.000115541 0.00151592 0.0117267 0.0534959 0.14406 0.230169 0.223717 0.147488 0.0881531 0.056457 0.0296304 0.0104101 0.00248721 0.000473345 8.18291e-05 1.21751e-05 1.47475e-06 1.50349e-07 1.30575e-08 9.41444e-10 5.52395e-11
 2.11737e-11 2.29921e-09 1.47198e-07 5.55598e-06 0.00012364 0.00162218 0.0125485 0.0572385 0.154055 0.245463 0.235384 0.146516 0.0755248 0.0418738 0.0207197 0.0070421 0.00157599 0.000262287 3.9003e-05 5.33307e-06 6.23243e-07 6.13808e-08 5.01486e-09 3.29428e-10 1.72496e-11
 2.1543e-11 2.33931e-09 1.49765e-07 5.65288e-06 0.000125796 0.00165047 0.0127672 0.0582349 0.156716 0.249536 0.238498 0.146281 0.0721977 0.038014 0.0183367 0.00611222 0.00130475 0.000192606 2.36115e-05 2.68636e-06 2.67598e-07 2.26917e-08 1.66361e-09 1.02511e-10 5.08244e-12
 2.16963e-11 2.35596e-09 1.5083e-07 5.69309e-06 0.000126691 0.00166221 0.012858 0.0586483 0.15782 0.251225 0.239784 0.146163 0.0707866 0.0363927 0.0173576 0.00575558 0.00121702 0.000174979 2.03005e-05 2.1322e-06 1.89184e-07 1.34899e-08 8.06836e-10 4.12457e-11 1.75724e-12
 2.22273e-11 2.41362e-09 1.54522e-07 5.83244e-06 0.000129792 0.00170289 0.0131726 0.0600812 0.161646 0.257076 0.24423 0.145734 0.0658655 0.0307536 0.0139736 0.00454908 0.000938802 0.00012652 1.28781e-05 1.17202e-06 9.4584e-08 6.24912e-09 3.3894e-10 1.51388e-11 5.41159e-13
 2.23183e-11 2.4235e-09 1.55155e-07 5.85631e-06 0.000130323 0.00170986 0.0132265 0.0603267 0.162302 0.258079 0.244992 0.145664 0.065027 0.0297905 0.0133923 0.00433783 0.000887286 0.000116468 1.11303e-05 9.2362e-07 6.78704e-08 4.0146e-09 1.90089e-10 7.47659e-12 2.4035e-13
 2.27204e-11 2.46716e-09 1.5795e-07 5.96181e-06 0.000132671 0.00174066 0.0134647 0.0614114 0.165199 0.262508 0.248354 0.145328 0.0612847 0.0255106 0.0108359 0.00344061 0.000690337 8.59415e-05 7.14983e-06 4.71786e-07 2.83556e-08 1.47666e-09 6.26132e-11 2.18527e-12 6.19252e-14
 2.30708e-11 2.50521e-09 1.60386e-07 6.05375e-06 0.000134717 0.0017675 0.0136723 0.0623568 0.167723 0.266367 0.25128 0.145023 0.0580038 0.0217681 0.00861433 0.00267748 0.000534522 6.63745e-05 5.4896e-06 3.56066e-07 2.0534e-08 9.79996e-10 3.5501e-11 1.00841e-12 2.37107e-14
 2.31219e-11 2.51076e-09 1.60741e-07 6.06716e-06 0.000135015 0.00177142 0.0137026 0.0624947 0.168091 0.26693 0.251708 0.144984 0.0575338 0.0212278 0.00828747 0.00255786 0.000504815 6.04281e-05 4.45995e-06 2.21102e-07 8.79846e-09 3.22161e-10 1.03173e-11 2.71708e-13 5.8221e-15
 2.34083e-11 2.54186e-09 1.62732e-07 6.14233e-06 0.000136688 0.00179337 0.0138723 0.0632676 0.170155 0.270085 0.254099 0.144732 0.0548486 0.0181663 0.00647218 0.00193677 0.000379784 4.5483e-05 3.3763e-06 1.69926e-07 6.87732e-09 2.45289e-10 6.94841e-12 1.43372e-13 2.24941e-15
 2.36134e-11 2.56413e-09 1.64158e-07 6.19613e-06 0.000137885 0.00180907 0.0139937 0.0638208 0.171632 0.272342 0.255811 0.144553 0.052928 0.0159759 0.00517251 0.00149102 0.00028927 3.43328e-05 2.48624e-06 1.16555e-07 4.10059e-09 1.26798e-10 3.34672e-12 6.77504e-14 1.04639e-15
 2.35375e-11 2.55589e-09 1.63631e-07 6.17623e-06 0.000137443 0.00180326 0.0139488 0.0636162 0.171085 0.271507 0.255178 0.14462 0.0536397 0.0167869 0.00565289 0.00165478 0.000321801 3.8036e-05 2.70835e-06 1.20308e-07 3.71144e-09 9.4973e-11 2.15136e-12 3.87524e-14 5.25689e-16
 2.39877e-11 2.60477e-09 1.6676e-07 6.29435e-06 0.000140071 0.00183775 0.0142155 0.0648307 0.174328 0.276465 0.258935 0.144225 0.04942 0.011976 0.0028004 0.000678931 0.000125445 1.46052e-05 1.02093e-06 4.28828e-08 1.1231e-09 2.04374e-11 3.09827e-13 4.21446e-15 4.68176e-17
 2.39031e-11 2.59559e-09 1.66172e-07 6.27217e-06 0.000139578 0.00183127 0.0141654 0.0646027 0.173719 0.275534 0.25823 0.144299 0.0502126 0.0128795 0.00333596 0.000861993 0.000162167 1.89392e-05 1.3211e-06 5.49367e-08 1.39044e-09 2.29451e-11 2.87754e-13 3.16247e-15 2.87825e-17
 2.36194e-11 2.56479e-09 1.642e-07 6.19773e-06 0.000137921 0.00180954 0.0139973 0.0638372 0.171676 0.27241 0.255862 0.144549 0.0528721 0.0159116 0.00513357 0.00147672 0.000285685 3.36039e-05 2.35864e-06 9.98668e-08 2.67975e-09 5.17161e-11 8.45573e-13 1.16395e-14 1.15595e-16
#obs catch len freq
 3.56155e-11 3.44091e-09 1.95995e-07 6.58198e-06 0.000130319 0.00152129 0.0104717 0.0425323 0.102302 0.148539 0.142781 0.121942 0.120317 0.110364 0.0813384 0.0531963 0.0326843 0.0180507 0.00871756 0.00357086 0.00117714 0.000295653 5.38004e-05 6.78239e-06 5.70653e-07
 4.71216e-11 4.39104e-09 2.41243e-07 7.81411e-06 0.000149227 0.00168023 0.0111563 0.0437217 0.101635 0.143809 0.139515 0.128529 0.133553 0.118733 0.0802396 0.0469362 0.0265128 0.0139304 0.00642669 0.00248696 0.000766257 0.000178186 2.97497e-05 3.41711e-06 2.6098e-07
 3.58744e-11 3.2188e-09 1.70271e-07 5.31043e-06 9.76484e-05 0.00105874 0.00677216 0.0256258 0.0582115 0.0853117 0.103835 0.141752 0.180412 0.165444 0.110569 0.0627801 0.0329935 0.015564 0.00645484 0.00229213 0.000654856 0.00014087 2.16234e-05 2.27087e-06 1.57914e-07
 1.48743e-10 1.28291e-08 6.52368e-07 1.95582e-05 0.000345704 0.00360267 0.0221367 0.0802247 0.171767 0.219236 0.174688 0.105344 0.0706642 0.0553587 0.041287 0.0278992 0.0160011 0.00742197 0.00282963 0.00089513 0.0002277 4.41483e-05 6.1649e-06 5.90684e-07 3.74489e-08
 1.74915e-10 1.44799e-08 7.06713e-07 2.03357e-05 0.000344999 0.0034509 0.0203556 0.0708767 0.146448 0.184555 0.16051 0.133096 0.12117 0.0890785 0.0443165 0.0162277 0.00583233 0.00240634 0.000937749 0.00029105 6.81585e-05 1.17821e-05 1.46042e-06 1.25095e-07 7.1461e-09
 2.94536e-10 2.33682e-08 1.09308e-06 3.0145e-05 0.00049014 0.0046987 0.0265611 0.0886015 0.175083 0.209142 0.166111 0.117458 0.0935921 0.0657209 0.0334812 0.013065 0.0043393 0.00123294 0.000304002 7.02156e-05 1.45243e-05 2.33175e-06 2.64437e-07 2.03272e-08 1.03456e-09
 4.07133e-10 3.09155e-08 1.38406e-06 3.6532e-05 0.000568505 0.00521619 0.0282239 0.0901547 0.170969 0.198153 0.159652 0.123789 0.104634 0.0709879 0.0327331 0.0108693 0.00304217 0.000769932 0.000165601 2.88972e-05 4.11235e-06 4.81355e-07 4.45723e-08 3.01113e-09 1.38e-10
 6.04243e-10 4.38578e-08 1.87681e-06 4.73515e-05 0.000704352 0.00617741 0.031951 0.097578 0.17709 0.197345 0.155584 0.120965 0.101165 0.0668882 0.0304679 0.0102858 0.0029073 0.000691262 0.000129642 1.89599e-05 2.18751e-06 1.95836e-07 1.32259e-08 6.59629e-10 2.3672e-11
 9.10351e-10 6.30832e-08 2.57726e-06 6.20784e-05 0.000881592 0.00738174 0.0364526 0.106311 0.184447 0.197505 0.15237 0.118382 0.0970089 0.0613812 0.026493 0.00843338 0.00226024 0.000518414 9.45619e-05 1.3164e-05 1.37458e-06 1.05324e-07 5.80805e-09 2.27351e-10 6.22518e-12
 1.34012e-09 8.85577e-08 3.45023e-06 7.92519e-05 0.00107329 0.00857026 0.0403633 0.112317 0.186335 0.192779 0.148818 0.119617 0.0975959 0.0591618 0.0240346 0.0070819 0.00173491 0.000364657 6.1497e-05 7.9864e-06 7.83513e-07 5.62063e-08 2.84333e-09 9.87557e-11 2.31228e-12
 1.89586e-09 1.19346e-07 4.42941e-06 9.69228e-05 0.00125041 0.00951191 0.0426848 0.113277 0.180061 0.18236 0.146969 0.128126 0.105368 0.0606732 0.0225048 0.00572545 0.00115275 0.000201595 2.9387e-05 3.36435e-06 2.94448e-07 1.9104e-08 8.84367e-10 2.82635e-11 6.07484e-13
 3.20224e-09 1.91842e-07 6.77596e-06 0.000141104 0.00173242 0.0125414 0.0535542 0.135177 0.203877 0.193676 0.141417 0.109398 0.0826995 0.0449693 0.0159657 0.00393629 0.000766568 0.000124638 1.59063e-05 1.51907e-06 1.0924e-07 5.92873e-09 2.36039e-10 6.63239e-12 1.27282e-13
 4.53859e-09 2.58522e-07 8.68186e-06 0.000171897 0.00200667 0.0138128 0.0560975 0.134834 0.194834 0.182233 0.14106 0.118906 0.0902371 0.0466282 0.0152378 0.00330699 0.000541438 7.47273e-05 8.50979e-06 7.43656e-07 4.82614e-08 2.28395e-09 7.68839e-11 1.80166e-12 2.89592e-14
 7.26072e-09 3.92892e-07 1.25344e-05 0.000235764 0.00261457 0.0170972 0.0659644 0.150627 0.206799 0.183774 0.134974 0.107661 0.0773461 0.0379876 0.0119115 0.0025258 0.00040968 5.46647e-05 5.68849e-06 4.32088e-07 2.38199e-08 9.65494e-10 2.84064e-11 5.87037e-13 8.26405e-15
 8.60868e-09 4.4219e-07 1.33912e-05 0.000239098 0.00251709 0.015628 0.0573048 0.124976 0.167852 0.160334 0.149646 0.145314 0.107412 0.0505682 0.014838 0.00288135 0.000418836 5.03074e-05 4.84717e-06 3.47681e-07 1.80361e-08 6.70887e-10 1.75377e-11 3.14469e-13 3.80732e-15
 1.41331e-08 6.8863e-07 1.97822e-05 0.000335048 0.00334585 0.0197056 0.0685414 0.14179 0.180554 0.163124 0.143295 0.131051 0.0918311 0.0414937 0.0120298 0.00243946 0.000388663 4.97e-05 4.70785e-06 3.12474e-07 1.45886e-08 4.87733e-10 1.15965e-11 1.90769e-13 2.1137e-15
 2.42756e-08 1.12132e-06 3.05374e-05 0.000490316 0.00464176 0.0259152 0.0854307 0.167302 0.200533 0.166887 0.13078 0.108178 0.0704094 0.0297163 0.00797642 0.00146989 0.000211054 2.50313e-05 2.30865e-06 1.55154e-07 7.42704e-09 2.4908e-10 5.7e-12 8.69687e-14 8.74676e-16
 3.42881e-08 1.50069e-06 3.87241e-05 0.000589137 0.00528478 0.0279617 0.0874164 0.162916 0.188853 0.160627 0.137134 0.117288 0.0737865 0.0293666 0.00733077 0.00123029 0.000156968 1.6437e-05 1.35076e-06 8.15566e-08 3.55313e-09 1.11143e-10 2.43969e-12 3.63957e-14 3.59417e-16
 4.93947e-08 2.04755e-06 5.00413e-05 0.000721059 0.00612636 0.0307064 0.0910086 0.161401 0.181032 0.156609 0.140972 0.120837 0.0734411 0.028398 0.00717281 0.00130912 0.000189914 2.14753e-05 1.74055e-06 9.7249e-08 3.78973e-09 1.04749e-10 2.03767e-12 2.72181e-14 2.43973e-16
 7.99407e-08 3.1375e-06 7.26004e-05 0.000990474 0.00796777 0.0378118 0.106108 0.178166 0.189094 0.154335 0.130499 0.10524 0.0605362 0.0224151 0.00555642 0.00103046 0.000154674 1.80453e-05 1.51894e-06 8.96528e-08 3.69178e-09 1.04403e-10 1.97669e-12 2.45815e-14 1.99258e-16
 1.22724e-07 4.55934e-06 9.98656e-05 0.00128967 0.00982068 0.0441202 0.117259 0.18683 0.189678 0.151201 0.125825 0.0974208 0.0529355 0.0184029 0.0042612 0.000735494 0.000103472 1.15367e-05 9.50094e-07 5.60081e-08 2.33278e-09 6.7065e-11 1.29325e-12 1.63648e-14 1.33957e-16
 1.78018e-07 6.25934e-06 0.000129758 0.00158598 0.0114308 0.0486164 0.12245 0.185815 0.183369 0.149245 0.128337 0.0974332 0.0504714 0.0166881 0.00370778 0.000619784 8.39033e-05 8.83417e-06 6.77637e-07 3.71189e-08 1.44862e-09 3.95881e-11 7.36317e-13 9.08977e-15 7.31225e-17
 2.58815e-07 8.61227e-06 0.000168962 0.00195442 0.0133318 0.0536788 0.128156 0.18542 0.17849 0.148433 0.130064 0.0956513 0.0467693 0.0144226 0.00294564 0.000445387 5.45288e-05 5.2793e-06 3.77586e-07 1.9354e-08 7.03881e-10 1.78165e-11 3.05892e-13 3.48997e-15 2.60844e-17
 4.09988e-07 1.2911e-05 0.000239713 0.00262411 0.01694 0.0645491 0.145837 0.199601 0.181361 0.141472 0.115965 0.080265 0.0373015 0.0111429 0.00228223 0.000357107 4.4536e-05 4.17089e-06 2.76608e-07 1.28742e-08 4.23675e-10 9.76563e-12 1.53795e-13 1.61523e-15 1.11139e-17
 6.10697e-07 1.82011e-05 0.000319826 0.00331354 0.0202456 0.0730295 0.156337 0.203564 0.178559 0.13785 0.110891 0.0731483 0.031925 0.00886626 0.00166529 0.00023691 2.72752e-05 2.43352e-06 1.57781e-07 7.23719e-09 2.31554e-10 5.05537e-12 7.36001e-14 7.03887e-16 4.38488e-18
 8.39768e-07 2.36894e-05 0.000393998 0.00386375 0.022348 0.0763575 0.155263 0.194409 0.171188 0.14118 0.117793 0.0756275 0.0314517 0.00834614 0.00151774 0.000210784 2.33342e-05 1.94763e-06 1.15936e-07 4.86573e-09 1.43964e-10 2.95474e-12 4.09475e-14 3.74088e-16 2.21445e-18
 1.09755e-06 2.93083e-05 0.000461434 0.00428375 0.0234613 0.0759873 0.14721 0.179477 0.164431 0.150098 0.130275 0.0814558 0.0325677 0.0084532 0.0015567 0.000223767 2.5151e-05 2.06285e-06 1.18273e-07 4.72109e-09 1.31042e-10 2.48829e-12 3.16112e-14 2.64154e-16 1.43576e-18
 1.85086e-06 4.67917e-05 0.000697448 0.00612972 0.0317782 0.0973684 0.177931 0.202016 0.165645 0.130396 0.100957 0.0585035 0.022005 0.00541919 0.000955994 0.00013272 1.44824e-05 1.16205e-06 6.57936e-08 2.59933e-09 7.07374e-11 1.29633e-12 1.56574e-14 1.2291e-16 6.21507e-19
 2.31461e-06 5.54064e-05 0.000781983 0.00650811 0.0319625 0.0929392 0.162495 0.182518 0.162073 0.146185 0.118298 0.0663049 0.0234947 0.00538447 0.000873609 0.000110991 1.11824e-05 8.39993e-07 4.50258e-08 1.69778e-09 4.43525e-11 7.83338e-13 9.13533e-15 6.91602e-17 3.35733e-19
#spawning biomass
 10351.2 7590.06 4987.17 5263.64 8696.05 12627.1 17245.7 25957.4 37932.8 46003.7 52741.3 67813.7 85985.5 103038 104042 83752.4 80470.5 82281 80063.6 83741.1 71075 87964.6 66739 72492 92069.3 87895.6 89491.5 95001 104766 153258 199550 110313 56929.3 32682.1 22998 19429.4 18183.9 17765.4 17628.6 17584.8 17571 17566.7 17565.4 17565 17564.8 17564.8 17564.8 17564.8 17564.8 17564.8 17564.8 17564.8 17564.8 17564.8 17564.8 17564.8 17564.8 17564.8 17564.8 17564.8 17564.8 17564.8 17564.8 17564.8 17564.8 17564.8 17564.8 17564.8 17564.8 17564.8 17564.8 17564.8 17564.8 17564.8 17564.8 17564.8 17564.8 17564.8 17564.8 17564.8 17564.8 17564.8 17564.8 17564.8 17564.8 17564.8 17564.8 17564.8 17564.8 17564.8 17564.8 17564.8 17564.8 17564.8 17564.8 17564.8 17564.8 17564.8 17564.8 17564.8 17564.8 17564.8 17564.8 17564.8 17564.8 17564.8 17564.8 17564.8 17564.8 17564.8 17564.8 17564.8 17564.8 17564.8 17564.8 17564.8 17564.8 17564.8 17564.8 17564.8 17564.8 17564.8 17564.8 17564.8 17564.8 17564.8 17564.8 17564.8 17564.8 0 0 0 0 0 0 0 0 0 0 0 0 0 0 0 0 0 0 0 0 0 0 0 0 0
