SBPRF35
0.0618731
Curr Bio
164313
B35
99208
F35
4.43836
FOFL
4.43836
OFL
131113
Bzero
17673.2
#pred survey bio
 3561.43 4425.16 7527.11 13559.1 24825 33465.1 26578.1 29232 46640.8 65723.3 79928.3 94433.1 126280 150731 163672 134649 128110 116214 136279 126368 134958 137143 144576 157047 169275 163177 144750 132688 3.20351e+06 1.54435e+06 388363 232552 174284 150338 140495 136489 134877 134233 133978 133878 133839 133824 133818 133816 133815 133814 133814 133814 133814 133814 133814 133814 133814 133814 133814 133814 133814 133814 133814 133814 133814 133814 133814 133814 133814 133814 133814 133814 133814 133814 133814 133814 133814 133814 133814 133814 133814 133814 133814 133814 133814 133814 133814 133814 133814 133814 133814 133814 133814 133814 133814 133814 133814 133814 133814 133814 133814 133814 133814 133814 133814 133814 133814 133814 133814 133814 133814 133814 133814 133814 133814 133814 133814 133814 133814 133814 133814 133814 133814 133814 133814 133814 133814 133814 133814 133814 133814 133814 0 0 0 0 0 0 0 0 0 0 0 0 0 0 0 0 0 0 0 0 0 0 0 0 0
#obs survey bio
 2652.33 3346.47 9105.2 10508.1 25907.6 20309.9 19321.3 41298.9 62525.4 43266.1 78536.3 108778 93069.6 191704 148149 176154 158980 85887 135536 143578 161144 143422 198216 164549 248549 150217 158926 117385
#pred catch bio
 979.329 1775.44 3062.32 5317.44 9671.15 17762.7 14152.6 14760.8 24298.1 35670.9 48138.9 57036.7 80211.4 83728.4 107381 78120 82327 65684.7 97465.4 82949.3 96898.3 97127.6 98419.4 105850 124701 128757 113012 93218.5 131113 40123.9 4944.77 4675.65 4673.91 4673.9 4673.9 4673.9 4673.9 4673.9 4673.9 4673.9 4673.9 4673.9 4673.9 4673.9 4673.9 4673.9 4673.9 4673.9 4673.9 4673.9 4673.9 4673.9 4673.9 4673.9 4673.9 4673.9 4673.9 4673.9 4673.9 4673.9 4673.9 4673.9 4673.9 4673.9 4673.9 4673.9 4673.9 4673.9 4673.9 4673.9 4673.9 4673.9 4673.9 4673.9 4673.9 4673.9 4673.9 4673.9 4673.9 4673.9 4673.9 4673.9 4673.9 4673.9 4673.9 4673.9 4673.9 4673.9 4673.9 4673.9 4673.9 4673.9 4673.9 4673.9 4673.9 4673.9 4673.9 4673.9 4673.9 4673.9 4673.9 4673.9 4673.9 4673.9 4673.9 4673.9 4673.9 4673.9 4673.9 4673.9 4673.9 4673.9 4673.9 4673.9 4673.9 4673.9 4673.9 4673.9 4673.9 4673.9 4673.9 4673.9 4673.9 4673.9 4673.9 4673.9 4673.9 4673.9 0 0 0 0 0 0 0 0 0 0 0 0 0 0 0 0 0 0 0 0 0 0 0 0 0
#obs catch bio
 2040.97 1949.47 3062.48 5323.93 9319.37 18228 16624.3 14651.2 23057.8 35538.6 49552 59149.8 82610.4 81059.6 113996 77284.4 75135.5 65571 98642.3 78423.1 95219 94436.5 88387.5 97881.1 109955 128468 108425 91935.1
#pred cpue bio
 3168.21 3607.91 5894.5 10774.7 19533 29138.4 23028 23078.4 36853.6 53445.5 65531.8 75431 99885.4 122582 138171 112394 108097 94945.9 111309 102770 109129 109760 116371 126279 137004 131134 116674 106091 2.59178e+06 1.51957e+06 363575 207764 149496 125550 115707 111701 110089 109445 109191 109090 109051 109036 109030 109028 109027 109026 109026 109026 109026 109026 109026 109026 109026 109026 109026 109026 109026 109026 109026 109026 109026 109026 109026 109026 109026 109026 109026 109026 109026 109026 109026 109026 109026 109026 109026 109026 109026 109026 109026 109026 109026 109026 109026 109026 109026 109026 109026 109026 109026 109026 109026 109026 109026 109026 109026 109026 109026 109026 109026 109026 109026 109026 109026 109026 109026 109026 109026 109026 109026 109026 109026 109026 109026 109026 109026 109026 109026 109026 109026 109026 109026 109026 109026 109026 109026 109026 109026 109026 0 0 0 0 0 0 0 0 0 0 0 0 0 0 0 0 0 0 0 0 0 0 0 0 0
#obs cpue bio
 1605.97 3225.9 6296.95 14014 24940.2 32236.2 14590 26099.4 34935.1 64877.9 60136.5 56412.1 121303 115507 115089 97375.5 164770 79927.2 139539 113664 94782.9 118651 155840 145428 176318 108593 140914 116805
#pred surv len freq
 1.31719e-11 1.42968e-09 9.14996e-08 3.45291e-06 7.68317e-05 0.00100808 0.00779986 0.0356074 0.0961576 0.155619 0.160447 0.130775 0.114476 0.0985437 0.0687206 0.0425849 0.027046 0.0176863 0.0119947 0.00860785 0.00663728 0.00556141 0.00480386 0.00369262 0.00215043
 1.65543e-11 1.79681e-09 1.14995e-07 4.33957e-06 9.65608e-05 0.00126692 0.0098021 0.0447357 0.120641 0.193888 0.193544 0.141315 0.104282 0.0802988 0.0507464 0.0267116 0.013926 0.00753359 0.00419666 0.00246656 0.00157023 0.00111468 0.000861823 0.000632517 0.000367113
 1.74918e-11 1.89856e-09 1.21508e-07 4.58533e-06 0.000102029 0.00133867 0.0103571 0.0472673 0.127446 0.204651 0.203458 0.146278 0.104578 0.0773408 0.0449347 0.0193532 0.00741239 0.0029873 0.00127779 0.000578663 0.00028253 0.000154924 9.77727e-05 6.41392e-05 3.56581e-05
 1.68375e-11 1.82755e-09 1.16963e-07 4.41383e-06 9.82132e-05 0.0012886 0.00996993 0.0455037 0.122738 0.197475 0.198134 0.147247 0.111378 0.084994 0.0494342 0.0207377 0.00732995 0.00248338 0.000793917 0.000248991 8.37767e-05 3.17842e-05 1.42728e-05 7.42022e-06 3.68866e-06
 1.72469e-11 1.87199e-09 1.19807e-07 4.52114e-06 0.000100601 0.00131993 0.0102122 0.0466071 0.125683 0.201955 0.20142 0.146522 0.106985 0.0802742 0.0470614 0.0204436 0.0076428 0.00266499 0.000814309 0.000217239 5.33169e-05 1.28651e-05 3.44819e-06 1.14785e-06 4.38758e-07
 1.25041e-11 1.3572e-09 8.68604e-08 3.27785e-06 7.29365e-05 0.000956983 0.0074051 0.0338186 0.0915086 0.149561 0.161047 0.148583 0.148291 0.128874 0.0779311 0.0335457 0.0122873 0.00428379 0.00134956 0.000371077 8.79882e-05 1.77511e-05 3.1758e-06 5.73285e-07 1.23954e-07
 1.2957e-11 1.40636e-09 9.00067e-08 3.39658e-06 7.55784e-05 0.000991641 0.00767308 0.0350378 0.0947442 0.154339 0.163829 0.14543 0.139839 0.121239 0.0762301 0.0364449 0.0155282 0.00597435 0.00193006 0.000531556 0.000127704 2.60279e-05 4.37129e-06 6.0555e-07 7.42933e-08
 1.723e-11 1.87015e-09 1.19689e-07 4.5167e-06 0.000100502 0.00131863 0.0102021 0.0465606 0.125549 0.201675 0.200833 0.145303 0.105229 0.0790595 0.047398 0.021957 0.00921829 0.00370854 0.0013359 0.000414575 0.000106916 2.23538e-05 3.78693e-06 5.14689e-07 5.51861e-08
 1.70084e-11 1.8461e-09 1.1815e-07 4.45862e-06 9.92099e-05 0.00130168 0.0100711 0.0459649 0.123976 0.19941 0.199814 0.147791 0.110825 0.0838382 0.0480015 0.0193541 0.00642212 0.00212168 0.000704718 0.000221144 6.16475e-05 1.42959e-05 2.62917e-06 3.7278e-07 4.01971e-08
 1.58388e-11 1.71915e-09 1.10026e-07 4.15202e-06 9.23878e-05 0.00121217 0.00937885 0.0428112 0.115549 0.186498 0.189897 0.148409 0.121201 0.096033 0.0557663 0.0226094 0.00741901 0.00227377 0.000635896 0.000160978 3.88814e-05 8.76639e-06 1.69989e-06 2.62325e-07 3.05169e-08
 1.55163e-11 1.68415e-09 1.07785e-07 4.06748e-06 9.05066e-05 0.0011875 0.00918796 0.0419413 0.113221 0.182897 0.186973 0.14806 0.123266 0.0988507 0.0580901 0.0242082 0.0083541 0.00268111 0.000757924 0.000182679 3.84942e-05 7.16569e-06 1.19155e-06 1.74044e-07 2.08187e-08
 1.65778e-11 1.79936e-09 1.15159e-07 4.34575e-06 9.66983e-05 0.00126873 0.00981624 0.0448038 0.120873 0.194656 0.19616 0.148013 0.114645 0.088361 0.0509422 0.0206373 0.00680379 0.00211967 0.000607163 0.000152056 3.27658e-05 5.89163e-06 8.73808e-07 1.08086e-07 1.12076e-08
 1.69214e-11 1.83665e-09 1.17546e-07 4.4358e-06 9.87022e-05 0.00129502 0.0100196 0.0457305 0.123353 0.198485 0.199249 0.148318 0.112347 0.085308 0.0485295 0.0190627 0.00589741 0.0017034 0.000459418 0.000110302 2.34808e-05 4.29404e-06 6.46156e-07 7.7577e-08 7.30666e-09
 1.57673e-11 1.71139e-09 1.09528e-07 4.13327e-06 9.19704e-05 0.0012067 0.00933653 0.042619 0.115043 0.18578 0.189635 0.149397 0.123285 0.0977431 0.0558448 0.0214805 0.00630095 0.00169103 0.000424358 9.43784e-05 1.86497e-05 3.23032e-06 4.73875e-07 5.68538e-08 5.36061e-09
 1.41226e-11 1.53288e-09 9.81039e-08 3.70214e-06 8.23774e-05 0.00108084 0.00836309 0.0381835 0.10318 0.167512 0.175162 0.148812 0.135641 0.113341 0.0672211 0.0279596 0.00952458 0.00295266 0.000776548 0.000166652 3.05837e-05 4.87807e-06 6.6164e-07 7.46271e-08 6.78861e-09
 1.4662e-11 1.59142e-09 1.0185e-07 3.84352e-06 8.55233e-05 0.00112212 0.00868231 0.039638 0.107069 0.173496 0.179873 0.148906 0.131429 0.108078 0.0634346 0.0258885 0.00860272 0.00269307 0.000766507 0.000186936 3.79995e-05 6.19619e-06 8.02568e-07 8.37934e-08 7.04036e-09
 1.41815e-11 1.53927e-09 9.85128e-08 3.71757e-06 8.27208e-05 0.00108535 0.00839792 0.0383419 0.1036 0.168127 0.175492 0.148311 0.134394 0.112211 0.0669454 0.0283813 0.0100663 0.00331396 0.000953607 0.000233885 4.97619e-05 8.90074e-06 1.27214e-06 1.39927e-07 1.16132e-08
 1.56567e-11 1.69938e-09 1.0876e-07 4.10428e-06 9.13254e-05 0.00119824 0.00927105 0.04232 0.114235 0.184468 0.188262 0.148256 0.122428 0.0976397 0.0570009 0.0233994 0.00790121 0.00253404 0.000746637 0.000192379 4.24889e-05 7.77797e-06 1.15535e-06 1.36217e-07 1.22639e-08
 1.56744e-11 1.70131e-09 1.08884e-07 4.10893e-06 9.14289e-05 0.00119959 0.00928154 0.0423677 0.114361 0.184655 0.18837 0.14813 0.122098 0.0973591 0.056977 0.0235522 0.00802488 0.00256145 0.000734041 0.00018323 4.03413e-05 7.60848e-06 1.1756e-06 1.43584e-07 1.34606e-08
 1.57527e-11 1.7098e-09 1.09427e-07 4.12944e-06 9.18854e-05 0.00120558 0.00932791 0.0425798 0.11494 0.185637 0.189596 0.149638 0.123765 0.0981084 0.0557976 0.021153 0.00602592 0.00158866 0.000414176 0.00010049 2.16849e-05 3.9941e-06 6.11385e-07 7.58725e-08 7.34676e-09
 1.60275e-11 1.73963e-09 1.11336e-07 4.20149e-06 9.34885e-05 0.00122662 0.00949056 0.0433205 0.116915 0.18863 0.191731 0.148956 0.120523 0.0947618 0.0543233 0.0212519 0.00645173 0.00177549 0.000434729 9.01378e-05 1.66521e-05 2.81384e-06 4.14782e-07 5.03719e-08 4.83287e-09
 1.64074e-11 1.78087e-09 1.13975e-07 4.30108e-06 9.57045e-05 0.00125569 0.00971543 0.0443453 0.119657 0.192869 0.195162 0.149333 0.118035 0.0913903 0.0515673 0.0193935 0.00540991 0.00135862 0.00032421 6.87315e-05 1.25434e-05 1.92231e-06 2.4563e-07 2.65596e-08 2.38882e-09
 1.61717e-11 1.75528e-09 1.12338e-07 4.23928e-06 9.43293e-05 0.00123765 0.00957589 0.0437096 0.117959 0.190271 0.193187 0.149524 0.120225 0.0939095 0.0530931 0.0199457 0.00552694 0.00135675 0.000307402 6.02771e-05 1.02921e-05 1.53796e-06 1.92902e-07 1.95327e-08 1.56809e-09
 1.6234e-11 1.76205e-09 1.12771e-07 4.25562e-06 9.4693e-05 0.00124242 0.00961279 0.0438775 0.118406 0.190937 0.193609 0.149198 0.119229 0.0929745 0.0528255 0.0202041 0.00583857 0.00151176 0.000352718 6.89647e-05 1.13832e-05 1.60034e-06 1.876e-07 1.80645e-08 1.39633e-09
 1.59655e-11 1.73291e-09 1.10906e-07 4.18524e-06 9.31269e-05 0.00122187 0.00945387 0.0431536 0.116471 0.187972 0.191331 0.149333 0.121594 0.0957424 0.0545616 0.0209169 0.00607923 0.00159559 0.000382259 7.79147e-05 1.34166e-05 1.92181e-06 2.21874e-07 2.04198e-08 1.48612e-09
 1.62309e-11 1.76171e-09 1.12749e-07 4.2548e-06 9.46746e-05 0.00124218 0.00961093 0.0438693 0.118387 0.190931 0.19372 0.149576 0.119827 0.0933739 0.0526591 0.0196588 0.00537357 0.00130277 0.000297953 6.02783e-05 1.05522e-05 1.56066e-06 1.87132e-07 1.76906e-08 1.28826e-09
 1.60776e-11 1.74507e-09 1.11684e-07 4.21462e-06 9.37806e-05 0.00123045 0.00952023 0.0434563 0.117287 0.189272 0.19258 0.150097 0.121854 0.0954044 0.0534644 0.0194427 0.00495517 0.00107031 0.000219294 4.05627e-05 6.60521e-06 9.40357e-07 1.12514e-07 1.08655e-08 8.16225e-10
 1.64125e-11 1.78142e-09 1.14011e-07 4.30242e-06 9.57342e-05 0.00125608 0.00971846 0.0443593 0.119698 0.192959 0.195367 0.149774 0.118668 0.0917959 0.0513655 0.0187724 0.00484846 0.00106159 0.000213791 3.68925e-05 5.38109e-06 6.84353e-07 7.48557e-08 6.82313e-09 5.01207e-10
#obs surv len freq
 1.28901e-11 1.3991e-09 8.95422e-08 3.37905e-06 7.51884e-05 0.000986524 0.00763343 0.0348547 0.0942083 0.153052 0.160178 0.135874 0.124773 0.111676 0.08167 0.0505201 0.0270805 0.011876 0.00412913 0.00113043 0.000237906 3.71821e-05 4.17687e-06 3.27191e-07 1.73852e-08
 1.83954e-11 1.99665e-09 1.27785e-07 4.82222e-06 0.0001073 0.00140782 0.010892 0.0497039 0.133942 0.21441 0.209665 0.140803 0.087926 0.0621962 0.0422452 0.0253784 0.0132284 0.00561065 0.00187449 0.000489794 9.77937e-05 1.44183e-05 1.51942e-06 1.11076e-07 5.48281e-09
 1.56256e-11 1.69601e-09 1.08544e-07 4.09613e-06 9.11443e-05 0.00119587 0.00925318 0.042246 0.11411 0.18467 0.189438 0.149365 0.120464 0.093508 0.0555758 0.0251841 0.00991221 0.00355863 0.00109455 0.000270207 5.10021e-05 7.07313e-06 6.97564e-07 4.75214e-08 2.17825e-09
 1.80817e-11 1.9626e-09 1.25606e-07 4.73998e-06 0.000105471 0.00138383 0.0107067 0.0488655 0.131767 0.211502 0.209071 0.145289 0.0955267 0.0675214 0.0425259 0.022168 0.00948836 0.00312975 0.00077079 0.000147669 2.29003e-05 2.7974e-06 2.52298e-07 1.58998e-08 6.74863e-10
 1.66096e-11 1.80281e-09 1.1538e-07 4.35408e-06 9.68843e-05 0.00127119 0.00983594 0.0449057 0.121265 0.195905 0.198916 0.150534 0.112563 0.0827011 0.0482575 0.0218572 0.00835518 0.0026957 0.000684868 0.00013041 1.81488e-05 1.82803e-06 1.33472e-07 7.02522e-09 2.59728e-10
 7.24386e-12 7.86253e-10 5.03202e-08 1.89895e-06 4.22557e-05 0.000554522 0.00429413 0.0196769 0.0540243 0.0936992 0.122213 0.156122 0.188262 0.170096 0.108684 0.0530897 0.0209892 0.00646859 0.0014889 0.000257019 3.34695e-05 3.20156e-06 2.16154e-07 1.00045e-08 3.12572e-10
 1.59885e-11 1.7354e-09 1.11065e-07 4.19126e-06 9.32612e-05 0.00122364 0.00946771 0.0432161 0.116584 0.187399 0.186044 0.131224 0.0922033 0.0794084 0.0688223 0.0485582 0.0246557 0.00860233 0.0020847 0.000360035 4.46444e-05 3.93025e-06 2.41912e-07 1.02486e-08 2.9313e-10
 1.80439e-11 1.95849e-09 1.25343e-07 4.73008e-06 0.000105251 0.00138097 0.0106854 0.0487821 0.131684 0.212186 0.212291 0.151206 0.0996875 0.0656376 0.0366733 0.0174357 0.00786846 0.0031674 0.000968298 0.000203804 2.84787e-05 2.62255e-06 1.59482e-07 6.40939e-09 1.6951e-10
 1.59681e-11 1.73319e-09 1.10924e-07 4.18593e-06 9.31435e-05 0.00122215 0.00945782 0.0432028 0.116906 0.190257 0.197661 0.156745 0.120493 0.0860834 0.0478474 0.0203682 0.00705523 0.00201971 0.000476194 9.17366e-05 1.35424e-05 1.39756e-06 9.46151e-08 4.07811e-09 1.10655e-10
 1.47013e-11 1.59569e-09 1.02124e-07 3.85385e-06 8.57548e-05 0.00112523 0.00870871 0.0397975 0.107867 0.176639 0.187454 0.156551 0.128278 0.0964502 0.0573045 0.0266492 0.00976434 0.00269175 0.000540435 8.01844e-05 9.041e-06 7.7394e-07 4.83237e-08 2.07696e-09 5.83838e-11
 1.42282e-11 1.54434e-09 9.88375e-08 3.72984e-06 8.29958e-05 0.00108905 0.00842932 0.0385312 0.104536 0.171738 0.183959 0.156372 0.130179 0.0992826 0.0607525 0.0295818 0.0113804 0.00328541 0.000684446 0.000101393 1.05669e-05 7.66728e-07 3.85697e-08 1.34256e-09 3.20052e-11
 1.6712e-11 1.81393e-09 1.16091e-07 4.38094e-06 9.74831e-05 0.00127911 0.00989895 0.0452204 0.122349 0.198711 0.203798 0.153897 0.109202 0.0760569 0.04547 0.0222083 0.00863414 0.00253721 0.000542905 8.28436e-05 8.81272e-06 6.37565e-07 3.07564e-08 9.76472e-10 2.02333e-11
 1.52741e-11 1.65786e-09 1.06103e-07 4.00403e-06 8.90976e-05 0.00116915 0.00904995 0.0413769 0.112308 0.184556 0.196743 0.162561 0.126469 0.0878709 0.0478357 0.0204336 0.00709963 0.00195786 0.000407643 6.16385e-05 6.54859e-06 4.74185e-07 2.28237e-08 7.16172e-10 1.44281e-11
 1.28715e-11 1.39708e-09 8.94133e-08 3.37423e-06 7.50852e-05 0.000985367 0.0076301 0.0349316 0.0952803 0.159327 0.179252 0.165756 0.145071 0.108527 0.0626518 0.0279394 0.00959575 0.00245016 0.000455747 6.17416e-05 6.03381e-06 4.13321e-07 1.91728e-08 5.8502e-10 1.149e-11
 1.22354e-11 1.32803e-09 8.49945e-08 3.20749e-06 7.13757e-05 0.000936727 0.0072545 0.0332274 0.0907618 0.152392 0.173114 0.162647 0.145497 0.113461 0.0703107 0.0339712 0.0123913 0.00326611 0.000608149 7.93529e-05 7.18683e-06 4.45748e-07 1.86647e-08 5.19643e-10 9.45519e-12
 1.36668e-11 1.4834e-09 9.49381e-08 3.58274e-06 7.97255e-05 0.00104628 0.0081019 0.0370877 0.101061 0.168038 0.184669 0.161144 0.133032 0.0995661 0.0612267 0.0299447 0.0112299 0.00308209 0.00059926 8.06639e-05 7.35728e-06 4.46351e-07 1.77639e-08 4.58926e-10 7.62673e-12
 1.35611e-11 1.47193e-09 9.42043e-08 3.55506e-06 7.91113e-05 0.00103829 0.00804185 0.0368397 0.100616 0.168431 0.18809 0.167542 0.137632 0.098288 0.0560612 0.0253802 0.00901161 0.00240874 0.000465994 6.31938e-05 5.83047e-06 3.56518e-07 1.41553e-08 3.59413e-10 5.76972e-12
 1.39313e-11 1.51211e-09 9.67758e-08 3.65212e-06 8.12719e-05 0.00106667 0.00826218 0.0378533 0.103389 0.172893 0.191864 0.167774 0.134527 0.0947371 0.0535444 0.0236418 0.00796861 0.00198581 0.000358008 4.58335e-05 4.06015e-06 2.41591e-07 9.40481e-09 2.34633e-10 3.69354e-12
 1.41475e-11 1.53558e-09 9.82781e-08 3.70883e-06 8.25354e-05 0.00108331 0.0083923 0.038465 0.105165 0.176219 0.195928 0.170396 0.133747 0.0911463 0.0495882 0.0210355 0.00681112 0.00162386 0.000276994 3.31221e-05 2.72075e-06 1.50288e-07 5.46925e-09 1.28699e-10 1.92609e-12
 1.41812e-11 1.53924e-09 9.85124e-08 3.7177e-06 8.27347e-05 0.001086 0.00841478 0.0385887 0.10565 0.177583 0.198406 0.172752 0.134074 0.0893821 0.0472079 0.0192513 0.00593629 0.00133967 0.000215487 2.42084e-05 1.85918e-06 9.54651e-08 3.21331e-09 6.97508e-11 9.63234e-13
 1.4371e-11 1.55984e-09 9.9831e-08 3.7675e-06 8.38447e-05 0.00110064 0.00852962 0.0391315 0.107232 0.180501 0.201687 0.174268 0.132681 0.0863608 0.0444248 0.0175225 0.0051766 0.00110922 0.000168056 1.76669e-05 1.2638e-06 6.02637e-08 1.87934e-09 3.77104e-11 4.80316e-13
 1.47648e-11 1.60259e-09 1.02567e-07 3.87079e-06 8.61453e-05 0.0011309 0.00876513 0.0402213 0.110249 0.185478 0.206171 0.175041 0.129356 0.0816483 0.040791 0.0155756 0.00442966 0.000908334 0.0001308 1.29679e-05 8.6844e-07 3.85367e-08 1.11352e-09 2.06424e-11 2.42442e-13
 1.45291e-11 1.57701e-09 1.00931e-07 3.80909e-06 8.47763e-05 0.00111308 0.00863027 0.0396432 0.108955 0.184473 0.207564 0.178535 0.13168 0.0812321 0.0390976 0.0142625 0.0038605 0.000752122 0.000102643 9.60673e-06 6.0456e-07 2.50924e-08 6.75176e-10 1.16097e-11 1.26066e-13
 1.44912e-11 1.5729e-09 1.00668e-07 3.79925e-06 8.45609e-05 0.00111038 0.00861185 0.0395867 0.108974 0.185067 0.209036 0.179835 0.131631 0.0802399 0.0380297 0.0135271 0.00352021 0.000651354 8.37399e-05 7.34857e-06 4.32443e-07 1.67522e-08 4.19926e-10 6.71285e-12 6.76204e-14
 1.44031e-11 1.56334e-09 1.00057e-07 3.77627e-06 8.40543e-05 0.00110389 0.00856485 0.0394075 0.108714 0.185421 0.210743 0.181814 0.131983 0.0790332 0.0366167 0.0126748 0.00319274 0.000568236 6.97126e-05 5.78547e-06 3.19332e-07 1.1532e-08 2.6844e-10 3.97621e-12 3.70672e-14
 1.31838e-11 1.43101e-09 9.15897e-08 3.45689e-06 7.69572e-05 0.00101111 0.00785384 0.0362455 0.100779 0.175188 0.206931 0.188254 0.141988 0.0856344 0.0390799 0.0131495 0.00319213 0.00054434 6.36893e-05 5.01741e-06 2.61565e-07 8.87495e-09 1.93121e-10 2.66196e-12 2.30075e-14
 1.33106e-11 1.44478e-09 9.24718e-08 3.49026e-06 7.77043e-05 0.00102104 0.00793269 0.0366211 0.101838 0.176789 0.207601 0.186793 0.139977 0.085007 0.0393013 0.0132737 0.00317638 0.000524925 5.87964e-05 4.39803e-06 2.1648e-07 6.90699e-09 1.40865e-10 1.8145e-12 1.46153e-14
 1.34852e-11 1.46373e-09 9.36867e-08 3.53626e-06 7.87358e-05 0.00103482 0.00804374 0.0371723 0.103567 0.180241 0.211644 0.188442 0.137657 0.0808244 0.0361435 0.011869 0.00277669 0.000449149 4.90043e-05 3.53759e-06 1.66307e-07 5.02226e-09 9.62929e-11 1.16061e-12 8.71935e-15
#pred catch len freq
 1.08937e-11 1.1824e-09 7.56736e-08 2.85569e-06 6.35429e-05 0.000833731 0.00645134 0.0294619 0.079707 0.13017 0.139715 0.128035 0.128369 0.116944 0.0826305 0.0513199 0.032602 0.0213199 0.014459 0.0103763 0.0080009 0.00670399 0.0057908 0.00445126 0.00259223
 1.5115e-11 1.64059e-09 1.04998e-07 3.96228e-06 8.81658e-05 0.00115678 0.00895023 0.0408542 0.11026 0.177901 0.180879 0.140792 0.115006 0.0936172 0.0600337 0.0316873 0.0165262 0.00894048 0.00498039 0.00292719 0.00186347 0.00132285 0.00102277 0.000750639 0.000435672
 1.62035e-11 1.75874e-09 1.12559e-07 4.24763e-06 9.45151e-05 0.00124008 0.00959466 0.0437936 0.118162 0.190408 0.192439 0.14669 0.115563 0.0903498 0.0532928 0.0230234 0.00882251 0.00355578 0.00152096 0.000688786 0.000336297 0.000184407 0.000116379 7.63452e-05 4.24441e-05
 1.54037e-11 1.67192e-09 1.07003e-07 4.03795e-06 8.98496e-05 0.00117887 0.00912128 0.0416374 0.112407 0.181634 0.185922 0.147852 0.12384 0.0996758 0.0587864 0.0247301 0.00874523 0.00296303 0.000947263 0.000297084 9.99582e-05 3.79234e-05 1.70297e-05 8.85344e-06 4.40113e-06
 1.58494e-11 1.7203e-09 1.10099e-07 4.15479e-06 9.24494e-05 0.00121298 0.00938506 0.0428388 0.115612 0.186507 0.189478 0.147003 0.118966 0.0944785 0.0562357 0.0245034 0.00916503 0.00319595 0.000976553 0.000260522 6.39399e-05 1.54283e-05 4.13521e-06 1.37655e-06 5.26177e-07
 1.15636e-11 1.25512e-09 8.03274e-08 3.03131e-06 6.74508e-05 0.000885013 0.00684847 0.0312827 0.0847316 0.139168 0.153023 0.14894 0.156405 0.138464 0.0840838 0.0362236 0.01327 0.00462645 0.00145751 0.00040076 9.50266e-05 1.9171e-05 3.42984e-06 6.19144e-07 1.33869e-07
 1.20323e-11 1.30599e-09 8.3583e-08 3.15417e-06 7.01845e-05 0.000920876 0.00712576 0.0325442 0.0880783 0.144101 0.155851 0.145538 0.147446 0.130422 0.0823831 0.0394207 0.0167983 0.00646308 0.00208795 0.00057504 0.000138151 2.81571e-05 4.72888e-06 6.55087e-07 8.03709e-08
 1.63791e-11 1.7778e-09 1.13779e-07 4.29365e-06 9.55392e-05 0.00125352 0.00969855 0.0442662 0.119416 0.192258 0.193508 0.145447 0.112293 0.0875397 0.0530109 0.0246059 0.0103335 0.00415731 0.00149756 0.000464744 0.000119854 2.50589e-05 4.2452e-06 5.76973e-07 6.18643e-08
 1.62224e-11 1.76079e-09 1.1269e-07 4.25258e-06 9.46253e-05 0.00124153 0.00960589 0.0438456 0.118313 0.190732 0.193144 0.14819 0.117758 0.0919506 0.0530935 0.0214443 0.00711781 0.00235161 0.000781091 0.00024511 6.83284e-05 1.58452e-05 2.9141e-06 4.13179e-07 4.45534e-08
 1.50906e-11 1.63794e-09 1.04828e-07 3.95588e-06 8.80234e-05 0.00115492 0.008936 0.0407937 0.110158 0.178236 0.183548 0.148791 0.127806 0.103767 0.0606304 0.024612 0.00807788 0.00247576 0.000692389 0.000175279 4.23357e-05 9.54519e-06 1.85091e-06 2.8563e-07 3.3228e-08
 1.50876e-11 1.63761e-09 1.04807e-07 3.95509e-06 8.8006e-05 0.00115469 0.00893421 0.0407853 0.110132 0.178162 0.183327 0.148253 0.127012 0.103257 0.0608883 0.0253917 0.00876354 0.00281255 0.000795082 0.000191635 4.03814e-05 7.517e-06 1.24997e-06 1.82576e-07 2.18394e-08
 1.61951e-11 1.75782e-09 1.125e-07 4.24542e-06 9.44659e-05 0.00123944 0.00958972 0.0437719 0.118116 0.19043 0.192913 0.148207 0.118022 0.092315 0.0534292 0.0216619 0.00714257 0.00222525 0.000637407 0.000159631 3.4398e-05 6.18511e-06 9.17335e-07 1.1347e-07 1.17658e-08
 1.67125e-11 1.81399e-09 1.16095e-07 4.38106e-06 9.74841e-05 0.00127904 0.00989598 0.0451674 0.121848 0.196181 0.197482 0.148437 0.114211 0.0874796 0.0498813 0.0196032 0.00606512 0.00175187 0.000472489 0.000113441 2.41488e-05 4.41621e-06 6.6454e-07 7.97842e-08 7.51455e-09
 1.50865e-11 1.63749e-09 1.04799e-07 3.95479e-06 8.79993e-05 0.0011546 0.00893358 0.0407833 0.110138 0.178269 0.183886 0.149821 0.129412 0.104858 0.0602397 0.0231969 0.00680579 0.00182657 0.000458373 0.000101943 2.01445e-05 3.48925e-06 5.11858e-07 6.14109e-08 5.7903e-09
 1.39962e-11 1.51915e-09 9.72253e-08 3.66898e-06 8.16397e-05 0.00107116 0.00828823 0.0378425 0.102269 0.166116 0.174087 0.148871 0.136749 0.114643 0.068047 0.0283075 0.00964336 0.00298949 0.000786235 0.000168731 3.09652e-05 4.93893e-06 6.69894e-07 7.55581e-08 6.8733e-09
 1.40763e-11 1.52785e-09 9.77822e-08 3.69e-06 8.21074e-05 0.0010773 0.0083357 0.0380589 0.10285 0.167029 0.174902 0.149198 0.136589 0.114124 0.0672427 0.0274638 0.0091274 0.00285737 0.000813271 0.00019834 4.03178e-05 6.57422e-06 8.51532e-07 8.89055e-08 7.46988e-09
 1.39692e-11 1.51623e-09 9.70383e-08 3.66193e-06 8.14827e-05 0.0010691 0.00827229 0.0377695 0.10207 0.165781 0.173683 0.1484 0.136237 0.114385 0.0683338 0.0289776 0.0102783 0.00338374 0.000973689 0.00023881 5.08099e-05 9.08818e-06 1.29893e-06 1.42873e-07 1.18578e-08
 1.50232e-11 1.63063e-09 1.0436e-07 3.93822e-06 8.76304e-05 0.00114976 0.00889611 0.0406119 0.10967 0.177472 0.182881 0.148561 0.127992 0.104167 0.0611228 0.0251172 0.00848272 0.0027206 0.000801607 0.000206542 4.56171e-05 8.35061e-06 1.24041e-06 1.46246e-07 1.31668e-08
 1.59072e-11 1.72658e-09 1.10501e-07 4.16996e-06 9.27869e-05 0.00121741 0.00941934 0.0429955 0.116039 0.187226 0.190349 0.148021 0.120058 0.0949628 0.0554597 0.0229154 0.00780736 0.002492 0.000714138 0.000178262 3.92474e-05 7.40218e-06 1.14372e-06 1.39691e-07 1.30956e-08
 1.56419e-11 1.69778e-09 1.08658e-07 4.10041e-06 9.12393e-05 0.00119711 0.00926235 0.0422812 0.114142 0.184416 0.188662 0.14971 0.124766 0.0992687 0.0565108 0.0214275 0.00610433 0.00160934 0.000419568 0.000101798 2.19672e-05 4.04609e-06 6.19344e-07 7.68602e-08 7.4424e-09
 1.62683e-11 1.76577e-09 1.13009e-07 4.2646e-06 9.48928e-05 0.00124504 0.00963305 0.0439697 0.118649 0.191287 0.193767 0.148815 0.118369 0.0922535 0.0527645 0.0206325 0.00626315 0.00172357 0.000422017 8.7502e-05 1.61651e-05 2.73156e-06 4.02653e-07 4.8899e-08 4.69155e-09
 1.65856e-11 1.80021e-09 1.15213e-07 4.34778e-06 9.67436e-05 0.00126932 0.00982087 0.0448256 0.120941 0.194834 0.196664 0.149215 0.11642 0.0895209 0.0504206 0.0189551 0.00528725 0.00132781 0.000316856 6.71724e-05 1.22589e-05 1.8787e-06 2.40058e-07 2.59571e-08 2.33463e-09
 1.62005e-11 1.75841e-09 1.12538e-07 4.24682e-06 9.44972e-05 0.00123985 0.00959293 0.0437872 0.118167 0.190588 0.19343 0.149505 0.119964 0.0936073 0.0529078 0.0198749 0.00550728 0.00135192 0.000306308 6.00626e-05 1.02554e-05 1.53249e-06 1.92215e-07 1.94632e-08 1.56251e-09
 1.62253e-11 1.7611e-09 1.1271e-07 4.25332e-06 9.46419e-05 0.00124175 0.0096076 0.0438539 0.118343 0.19084 0.193535 0.149204 0.119308 0.0930662 0.0528821 0.0202261 0.00584494 0.00151341 0.000353103 6.904e-05 1.13956e-05 1.60209e-06 1.87805e-07 1.80842e-08 1.39785e-09
 1.63145e-11 1.77078e-09 1.1333e-07 4.2767e-06 9.51621e-05 0.00124857 0.00966038 0.0440944 0.118985 0.191821 0.194276 0.149114 0.118451 0.0920932 0.0523093 0.0200399 0.00582364 0.00152848 0.000366181 7.46375e-05 1.28523e-05 1.84098e-06 2.12542e-07 1.95609e-08 1.42362e-09
 1.68612e-11 1.83012e-09 1.17127e-07 4.42002e-06 9.8351e-05 0.00129041 0.00998398 0.0455687 0.122927 0.197882 0.199029 0.149147 0.114099 0.08675 0.0486055 0.0181211 0.00495201 0.00120052 0.000274566 5.5547e-05 9.72394e-06 1.43817e-06 1.72444e-07 1.63021e-08 1.18714e-09
 1.66706e-11 1.80943e-09 1.15803e-07 4.37005e-06 9.72392e-05 0.00127582 0.00987117 0.045055 0.121557 0.195809 0.197563 0.149663 0.11642 0.0891426 0.0496641 0.0180389 0.00459632 0.000992762 0.000203405 3.76236e-05 6.12662e-06 8.72222e-07 1.04361e-07 1.00782e-08 7.57084e-10
 1.65594e-11 1.79736e-09 1.15031e-07 4.34091e-06 9.65908e-05 0.00126732 0.00980538 0.0447553 0.120756 0.194578 0.196601 0.149668 0.117324 0.0902463 0.0504233 0.0184224 0.00475779 0.00104173 0.000209791 3.62022e-05 5.28041e-06 6.71548e-07 7.34551e-08 6.69546e-09 4.91829e-10
#obs catch len freq
 1.08741e-11 1.18028e-09 7.55381e-08 2.85058e-06 6.34294e-05 0.00083225 0.00644018 0.0294171 0.079656 0.130552 0.141855 0.133389 0.137084 0.128924 0.0963357 0.0606978 0.033062 0.0147015 0.00518416 0.00144013 0.000307605 4.88222e-05 5.57385e-06 4.43922e-07 2.39808e-08
 1.12213e-11 1.21797e-09 7.795e-08 2.94159e-06 6.54547e-05 0.000858826 0.00664592 0.030358 0.0822119 0.134739 0.146104 0.13588 0.136892 0.126485 0.0929806 0.0573634 0.0304044 0.0130957 0.00444906 0.00118279 0.000240095 3.59565e-05 3.84638e-06 2.85295e-07 1.42832e-08
 1.72449e-11 1.87178e-09 1.19794e-07 4.52064e-06 0.00010059 0.00131979 0.0102112 0.046604 0.125673 0.201794 0.199996 0.140888 0.096405 0.0724856 0.0499863 0.0299604 0.0154198 0.00641344 0.00209048 0.00052963 0.000101844 1.43676e-05 1.43995e-06 9.9564e-08 4.6264e-09
 1.44088e-11 1.56394e-09 1.00092e-07 3.77716e-06 8.40472e-05 0.00110277 0.00853336 0.0389713 0.105407 0.1716 0.180214 0.151488 0.131461 0.104677 0.0621604 0.0280181 0.0109299 0.00385796 0.00115737 0.000276655 5.02174e-05 6.65476e-06 6.23414e-07 4.01268e-08 1.72991e-09
 1.71835e-11 1.86511e-09 1.19367e-07 4.50453e-06 0.000100232 0.0013151 0.0101754 0.0464481 0.12534 0.201826 0.202106 0.146424 0.103111 0.075708 0.0479101 0.0247748 0.0104203 0.00335645 0.000805038 0.000149635 2.23499e-05 2.60793e-06 2.23165e-07 1.3273e-08 5.29382e-10
 1.57436e-11 1.70882e-09 1.09364e-07 4.12707e-06 9.18331e-05 0.00120493 0.00932378 0.0425777 0.115097 0.186745 0.192754 0.152585 0.120568 0.0903505 0.0525652 0.0236024 0.00888987 0.0028025 0.000691059 0.000127014 1.69764e-05 1.63416e-06 1.1337e-07 5.63343e-09 1.95532e-10
 6.57332e-12 7.13473e-10 4.56623e-08 1.72318e-06 3.83451e-05 0.000503235 0.00389805 0.0178825 0.0493269 0.0870281 0.118653 0.159381 0.195122 0.175236 0.110855 0.0534711 0.0207277 0.00622224 0.0013894 0.000231576 2.89304e-05 2.63848e-06 1.68991e-07 7.38762e-09 2.17056e-10
 1.5345e-11 1.66556e-09 1.06595e-07 4.02259e-06 8.95081e-05 0.00117441 0.00908712 0.0414852 0.111984 0.18045 0.180837 0.131337 0.0968916 0.0856279 0.0738647 0.0510498 0.0252118 0.00853121 0.00199957 0.000332509 3.94899e-05 3.31265e-06 1.93333e-07 7.72909e-09 2.07744e-10
 1.75862e-11 1.90882e-09 1.22164e-07 4.61011e-06 0.000102581 0.00134596 0.010415 0.0475558 0.128462 0.20753 0.209521 0.152864 0.103974 0.069181 0.0384906 0.0181766 0.00807776 0.00315684 0.000928094 0.000186916 2.49078e-05 2.18021e-06 1.25558e-07 4.75991e-09 1.183e-10
 1.55392e-11 1.68663e-09 1.07945e-07 4.07351e-06 9.06423e-05 0.00118935 0.00920467 0.0420578 0.113923 0.18608 0.195575 0.158991 0.124824 0.0891139 0.0489693 0.02053 0.00696516 0.00194243 0.000443838 8.21459e-05 1.15422e-05 1.12701e-06 7.19545e-08 2.91795e-09 7.43256e-11
 1.4326e-11 1.55496e-09 9.95171e-08 3.75549e-06 8.35666e-05 0.00109654 0.00848743 0.0387988 0.105284 0.173111 0.185932 0.158855 0.13217 0.0989943 0.0580889 0.0265277 0.00947066 0.00252893 0.000490091 6.98975e-05 7.52861e-06 6.11053e-07 3.59326e-08 1.44784e-09 3.80551e-11
 1.39193e-11 1.51081e-09 9.6692e-08 3.64889e-06 8.11949e-05 0.00106545 0.00824743 0.0377128 0.10244 0.168973 0.183042 0.158657 0.133519 0.101236 0.0611369 0.029198 0.0109289 0.00305058 0.000611558 8.67502e-05 8.6145e-06 5.92823e-07 2.81461e-08 9.19778e-10 2.04825e-11
 1.65136e-11 1.7924e-09 1.14713e-07 4.32896e-06 9.63269e-05 0.00126396 0.00978233 0.0446976 0.121025 0.19703 0.203431 0.155615 0.111422 0.0771939 0.0455246 0.0217862 0.00823309 0.00233689 0.000480436 7.0048e-05 7.08286e-06 4.84928e-07 2.20541e-08 6.57779e-10 1.27601e-11
 1.5122e-11 1.64136e-09 1.05047e-07 3.96419e-06 8.82117e-05 0.00115755 0.00896108 0.0409837 0.111357 0.183561 0.197178 0.164669 0.128235 0.0880419 0.0471533 0.0197438 0.0066757 0.00177816 0.000355356 5.12662e-05 5.16828e-06 3.53486e-07 1.60097e-08 4.71194e-10 8.87997e-12
 1.27737e-11 1.38646e-09 8.87339e-08 3.34861e-06 7.45159e-05 0.00097794 0.00757369 0.0346896 0.0947566 0.159084 0.180488 0.168233 0.146581 0.108078 0.0612636 0.0266792 0.00888365 0.0021873 0.000390542 5.04987e-05 4.6807e-06 3.02446e-07 1.31782e-08 3.76484e-10 6.9054e-12
 1.21938e-11 1.32352e-09 8.47056e-08 3.1966e-06 7.11345e-05 0.000933608 0.00723149 0.0331383 0.0906489 0.152777 0.174817 0.165143 0.146794 0.11278 0.0685487 0.0322625 0.0113805 0.00288558 0.000514446 6.39465e-05 5.48919e-06 3.21162e-07 1.26302e-08 3.28964e-10 5.58196e-12
 1.3678e-11 1.48462e-09 9.50159e-08 3.58569e-06 7.97922e-05 0.0010472 0.00811008 0.0371397 0.101314 0.168922 0.186571 0.163282 0.133766 0.0985509 0.0594036 0.0282863 0.0102503 0.00270185 0.00050177 6.41765e-05 5.53641e-06 3.16436e-07 1.18223e-08 2.85782e-10 4.43064e-12
 1.36051e-11 1.47671e-09 9.45099e-08 3.56661e-06 7.93698e-05 0.00104174 0.00806979 0.0369843 0.101132 0.169764 0.190389 0.169626 0.137787 0.0966317 0.0539836 0.0238026 0.00816816 0.00209572 0.000386781 4.97506e-05 4.3325e-06 2.49068e-07 9.26758e-09 2.19935e-10 3.29239e-12
 1.40179e-11 1.52152e-09 9.73779e-08 3.67486e-06 8.17795e-05 0.00107339 0.0083155 0.0381138 0.104213 0.174677 0.194433 0.169709 0.134298 0.0927166 0.0512103 0.0219682 0.00714487 0.0017081 0.000293702 3.56433e-05 2.97657e-06 1.66237e-07 6.05353e-09 1.40906e-10 2.06528e-12
 1.4268e-11 1.54866e-09 9.91154e-08 3.74046e-06 8.32409e-05 0.00109264 0.00846592 0.0388193 0.106245 0.178393 0.198743 0.172157 0.133049 0.088736 0.0471227 0.0194011 0.00605367 0.00138233 0.000224573 2.54333e-05 1.96845e-06 1.01992e-07 3.46865e-09 7.60517e-11 1.05811e-12
 1.43331e-11 1.55573e-09 9.95682e-08 3.75758e-06 8.36241e-05 0.00109775 0.00850731 0.0390306 0.106969 0.180125 0.201462 0.174376 0.132976 0.0866132 0.0445828 0.017621 0.00523001 0.00112925 0.000172813 1.83678e-05 1.32788e-06 6.3913e-08 2.00949e-09 4.0626e-11 5.21274e-13
 1.45442e-11 1.57864e-09 1.01035e-07 3.81296e-06 8.48589e-05 0.00111404 0.00863504 0.0396333 0.108714 0.183285 0.204868 0.175739 0.131282 0.0833721 0.0417367 0.0159327 0.00452476 0.000926545 0.00013342 1.32583e-05 8.92117e-07 3.98486e-08 1.1601e-09 2.16706e-11 2.56371e-13
 1.49594e-11 1.62371e-09 1.0392e-07 3.92186e-06 8.72844e-05 0.00114594 0.00888341 0.0407822 0.111888 0.188475 0.209414 0.176297 0.127652 0.0784947 0.0381075 0.0140642 0.00384026 0.000751624 0.000102749 9.62009e-06 6.05537e-07 2.51559e-08 6.78264e-10 1.17007e-11 1.27598e-13
 1.47439e-11 1.60033e-09 1.02424e-07 3.8655e-06 8.60347e-05 0.0011297 0.00876112 0.040264 0.110765 0.187746 0.210989 0.179653 0.129616 0.0778027 0.0363502 0.0128041 0.00332417 0.000617475 7.99105e-05 7.05604e-06 4.17013e-07 1.6193e-08 4.06366e-10 6.50009e-12 6.55197e-14
 1.47239e-11 1.59816e-09 1.02286e-07 3.86035e-06 8.59243e-05 0.0011284 0.00875369 0.0402592 0.110926 0.188553 0.212578 0.180851 0.12935 0.0766292 0.0351998 0.0120711 0.00300935 0.000530411 6.46137e-05 5.34529e-06 2.95182e-07 1.06904e-08 2.49772e-10 3.71245e-12 3.47012e-14
 1.46523e-11 1.59039e-09 1.01789e-07 3.84172e-06 8.55153e-05 0.00112321 0.00871703 0.0401294 0.110804 0.189116 0.214393 0.182696 0.129449 0.0752534 0.0337519 0.01125 0.00271141 0.000459109 5.33117e-05 4.16745e-06 2.15735e-07 7.28038e-09 1.57896e-10 2.17369e-12 1.87956e-14
 1.34537e-11 1.46031e-09 9.34663e-08 3.52782e-06 7.85418e-05 0.0010321 0.00801968 0.0370362 0.103086 0.179292 0.210986 0.189186 0.139104 0.0814123 0.0359413 0.0116337 0.00269937 0.000437476 4.8398e-05 3.58796e-06 1.75286e-07 5.55452e-09 1.12566e-10 1.44172e-12 1.15564e-14
 1.35948e-11 1.47563e-09 9.4448e-08 3.56497e-06 7.93735e-05 0.00104315 0.00810737 0.0374526 0.10425 0.181035 0.211735 0.187743 0.137074 0.0806655 0.0360034 0.011675 0.00266682 0.000418465 4.4284e-05 3.11488e-06 1.43581e-07 4.27566e-09 8.11666e-11 9.7104e-13 7.25139e-15
#spawning biomass
 4028.86 5397.11 9468.89 16870.4 31118.9 38604.7 30796 36550.9 58280.2 80320.8 97043.9 117029 157668 184197 193978 161101 151895 141499 165966 154423 165667 169702 178112 193631 207644 201275 178131 164313 170905 49481.2 6518.29 6189.45 6187.33 6187.31 6187.31 6187.31 6187.31 6187.31 6187.31 6187.31 6187.31 6187.31 6187.31 6187.31 6187.31 6187.31 6187.31 6187.31 6187.31 6187.31 6187.31 6187.31 6187.31 6187.31 6187.31 6187.31 6187.31 6187.31 6187.31 6187.31 6187.31 6187.31 6187.31 6187.31 6187.31 6187.31 6187.31 6187.31 6187.31 6187.31 6187.31 6187.31 6187.31 6187.31 6187.31 6187.31 6187.31 6187.31 6187.31 6187.31 6187.31 6187.31 6187.31 6187.31 6187.31 6187.31 6187.31 6187.31 6187.31 6187.31 6187.31 6187.31 6187.31 6187.31 6187.31 6187.31 6187.31 6187.31 6187.31 6187.31 6187.31 6187.31 6187.31 6187.31 6187.31 6187.31 6187.31 6187.31 6187.31 6187.31 6187.31 6187.31 6187.31 6187.31 6187.31 6187.31 6187.31 6187.31 6187.31 6187.31 6187.31 6187.31 6187.31 6187.31 6187.31 6187.31 6187.31 6187.31 0 0 0 0 0 0 0 0 0 0 0 0 0 0 0 0 0 0 0 0 0 0 0 0 0
