SBPRF35
0.103445
Curr Bio
195033
B35
136271
F35
1.64314
FOFL
1.64314
OFL
114394
Bzero
29554.6
#pred survey bio
 14391.6 13834.9 12648.9 17189.6 21456.2 21642.5 24120 32398.9 51674.2 68693.5 89067.3 95802.6 120149 155648 154194 120919 121319 110158 111095 112558 134912 122808 140107 153726 152829 154014 156067 160447 4.27091e+06 3.36137e+06 1.10833e+06 546077 371296 298739 263514 245517 236223 231429 228967 227708 227067 226742 226577 226493 226452 226431 226421 226416 226413 226412 226411 226411 226411 226411 226411 226411 226411 226411 226411 226411 226411 226411 226411 226411 226411 226411 226411 226411 226411 226411 226411 226411 226411 226411 226411 226411 226411 226411 226411 226411 226411 226411 226411 226411 226411 226411 226411 226411 226411 226411 226411 226411 226411 226411 226411 226411 226411 226411 226411 226411 226411 226411 226411 226411 226411 226411 226411 226411 226411 226411 226411 226411 226411 226411 226411 226411 226411 226411 226411 226411 226411 226411 226411 226411 226411 226411 226411 226411 0 0 0 0 0 0 0 0 0 0 0 0 0 0 0 0 0 0 0 0 0 0 0 0 0
#obs survey bio
 11728 7222.62 15434.4 15111.6 21183.9 26631 28241.3 37662.9 63182.3 66747.6 82848.3 109471 120697 130462 108322 90957.5 118500 176037 93375.1 141096 111549 120089 193968 135666 189435 166460 153384 148067
#pred catch bio
 5554.25 7500.58 6677.44 8879.93 11909.5 12972.7 14622.1 16425.2 30536.1 39958.7 59428.6 57394.7 69091.6 101993 111130 77600.3 90115.7 77113.4 79434.7 70320.1 106521 85721.1 98193.4 121421 125308 121559 117827 105678 114394 89083.8 18754.4 7256.35 5669.1 5471.61 5448.66 5446.12 5445.85 5445.82 5445.82 5445.82 5445.82 5445.82 5445.82 5445.82 5445.82 5445.82 5445.82 5445.82 5445.82 5445.82 5445.82 5445.82 5445.82 5445.82 5445.82 5445.82 5445.82 5445.82 5445.82 5445.82 5445.82 5445.82 5445.82 5445.82 5445.82 5445.82 5445.82 5445.82 5445.82 5445.82 5445.82 5445.82 5445.82 5445.82 5445.82 5445.82 5445.82 5445.82 5445.82 5445.82 5445.82 5445.82 5445.82 5445.82 5445.82 5445.82 5445.82 5445.82 5445.82 5445.82 5445.82 5445.82 5445.82 5445.82 5445.82 5445.82 5445.82 5445.82 5445.82 5445.82 5445.82 5445.82 5445.82 5445.82 5445.82 5445.82 5445.82 5445.82 5445.82 5445.82 5445.82 5445.82 5445.82 5445.82 5445.82 5445.82 5445.82 5445.82 5445.82 5445.82 5445.82 5445.82 5445.82 5445.82 5445.82 5445.82 5445.82 5445.82 0 0 0 0 0 0 0 0 0 0 0 0 0 0 0 0 0 0 0 0 0 0 0 0 0
#obs catch bio
 9865.53 8499.32 7689.77 9107.06 12825.7 13293.3 14965 15700.1 30614.6 38275.1 58044.5 53583.5 64433.1 101619 121297 80870.5 94761.9 72996.4 77765.7 65510 104398 79862.9 84769.2 114511 124284 119668 110323 103683
#pred cpue bio
 13108.7 12642.8 10801.8 14524.1 19067.9 18828.9 20501.2 26746.3 43614.5 57838.4 76182.3 81710.9 101320 133300 135918 105327 104349 94229.4 95093.4 95249.6 115316 103028 118697 129828 127180 128249 132038 134554 3.67768e+06 3.3503e+06 1.0846e+06 522334 347553 274996 239771 221774 212480 207686 205224 203965 203324 202999 202834 202750 202709 202688 202678 202673 202670 202669 202669 202668 202668 202668 202668 202668 202668 202668 202668 202668 202668 202668 202668 202668 202668 202668 202668 202668 202668 202668 202668 202668 202668 202668 202668 202668 202668 202668 202668 202668 202668 202668 202668 202668 202668 202668 202668 202668 202668 202668 202668 202668 202668 202668 202668 202668 202668 202668 202668 202668 202668 202668 202668 202668 202668 202668 202668 202668 202668 202668 202668 202668 202668 202668 202668 202668 202668 202668 202668 202668 202668 202668 202668 202668 202668 202668 202668 202668 0 0 0 0 0 0 0 0 0 0 0 0 0 0 0 0 0 0 0 0 0 0 0 0 0
#obs cpue bio
 8379.79 12584.7 5501.7 14398.6 18940.1 14028.2 18286.4 24436 37186 73779.1 91057.3 103449 122376 136113 126106 116420 100094 84626.8 111662 101426 164641 131243 190384 147861 101056 120582 196098 147624
#pred surv len freq
 1.11978e-11 1.21541e-09 7.7786e-08 2.93541e-06 6.53167e-05 0.000857004 0.00663142 0.0302841 0.0819297 0.133785 0.143521 0.131309 0.131254 0.118795 0.0824732 0.0494274 0.0299962 0.0186707 0.0120409 0.00827176 0.00616322 0.0050414 0.00429479 0.00328025 0.00190526
 1.02186e-11 1.10913e-09 7.09844e-08 2.67874e-06 5.96056e-05 0.00078208 0.00605206 0.0276475 0.0749225 0.123356 0.137036 0.136932 0.148337 0.136916 0.0927372 0.0518635 0.0282678 0.0151911 0.0080747 0.00445886 0.00266892 0.001803 0.00135142 0.000977248 0.000563796
 1.41319e-11 1.53389e-09 9.81685e-08 3.70457e-06 8.24316e-05 0.00108155 0.00836837 0.0382034 0.103176 0.167044 0.172527 0.141292 0.123845 0.104504 0.0679993 0.0361691 0.0184471 0.00912271 0.00427438 0.00195322 0.000906578 0.000460544 0.000272196 0.000172182 9.42968e-05
 1.42999e-11 1.55212e-09 9.93352e-08 3.7486e-06 8.34113e-05 0.00109441 0.00846793 0.0386598 0.104434 0.169283 0.175777 0.146253 0.130194 0.10849 0.0660518 0.0299369 0.0123465 0.00523631 0.00221 0.000899307 0.000349113 0.00013409 5.61943e-05 2.71142e-05 1.29543e-05
 1.14433e-11 1.24206e-09 7.94919e-08 2.99978e-06 6.67493e-05 0.000875808 0.00677722 0.0309569 0.0838452 0.13768 0.151241 0.146899 0.154233 0.137456 0.0854972 0.0392313 0.0159211 0.00611756 0.00214411 0.000713884 0.000234233 7.42606e-05 2.30078e-05 7.57695e-06 2.71312e-06
 1.28724e-11 1.39717e-09 8.9419e-08 3.3744e-06 7.50848e-05 0.000985164 0.00762295 0.0348083 0.0941164 0.153257 0.162412 0.143542 0.137603 0.119986 0.0772476 0.0390651 0.018014 0.00749471 0.00264977 0.000815966 0.000225546 5.73153e-05 1.38273e-05 3.25299e-06 7.82067e-07
 1.39771e-11 1.51708e-09 9.70927e-08 3.66398e-06 8.15283e-05 0.0010697 0.00827686 0.0377892 0.102107 0.165712 0.173008 0.146341 0.132957 0.111883 0.068469 0.0312275 0.0128634 0.00526517 0.0020157 0.000680362 0.000193305 4.56072e-05 9.16499e-06 1.63429e-06 2.71349e-07
 1.52726e-11 1.65769e-09 1.06092e-07 4.00359e-06 8.9085e-05 0.00116884 0.00904367 0.0412834 0.111455 0.180125 0.18452 0.147119 0.123765 0.100164 0.0598651 0.0261107 0.00988075 0.00361858 0.00123963 0.000395504 0.000115768 2.91058e-05 5.93819e-06 9.65311e-07 1.27653e-07
 1.42518e-11 1.5469e-09 9.90013e-08 3.736e-06 8.31309e-05 0.00109073 0.0084395 0.0385307 0.104095 0.168816 0.175677 0.147141 0.132025 0.110254 0.0668012 0.0296326 0.0114168 0.0041406 0.0013369 0.000384365 0.00010081 2.37964e-05 4.86883e-06 8.14247e-07 1.05676e-07
 1.43529e-11 1.55786e-09 9.97031e-08 3.76249e-06 8.37203e-05 0.00109846 0.00849931 0.0388034 0.104827 0.169958 0.176656 0.147423 0.131639 0.109535 0.0659805 0.0288773 0.0109233 0.00393468 0.0012781 0.000365479 9.1491e-05 1.97208e-05 3.65325e-06 5.7421e-07 7.34232e-08
 1.35633e-11 1.47216e-09 9.42182e-08 3.5555e-06 7.91147e-05 0.00103804 0.00803198 0.0366742 0.0991359 0.161224 0.169884 0.147627 0.138308 0.117504 0.0712157 0.0312854 0.0118635 0.00425435 0.00136493 0.000385728 9.60364e-05 2.04242e-05 3.61599e-06 5.24744e-07 6.15969e-08
 1.36654e-11 1.48325e-09 9.49277e-08 3.58228e-06 7.97104e-05 0.00104585 0.00809245 0.0369502 0.0998795 0.162415 0.171048 0.148394 0.138656 0.117284 0.0702186 0.0298735 0.0107528 0.00370525 0.00117128 0.000329028 8.11941e-05 1.70744e-05 2.98693e-06 4.23977e-07 4.75138e-08
 1.42948e-11 1.55156e-09 9.92995e-08 3.74726e-06 8.33814e-05 0.00109401 0.00846491 0.0386464 0.104404 0.169286 0.176018 0.147056 0.131559 0.109784 0.0666253 0.0296783 0.0114614 0.00410767 0.00127941 0.000345474 8.26877e-05 1.71242e-05 2.96481e-06 4.15977e-07 4.58798e-08
 1.35084e-11 1.46621e-09 9.3837e-08 3.54112e-06 7.87946e-05 0.00103384 0.0079995 0.0365261 0.0987388 0.160605 0.169352 0.147473 0.138509 0.117862 0.0716022 0.0316499 0.0121513 0.00443273 0.00144736 0.000410678 9.97204e-05 2.02158e-05 3.39593e-06 4.662e-07 5.06877e-08
 1.18414e-11 1.28527e-09 8.22569e-08 3.10412e-06 6.9071e-05 0.000906269 0.00701287 0.0320316 0.0867331 0.142237 0.15539 0.148825 0.153989 0.135604 0.0822359 0.0354115 0.0129851 0.00455591 0.00146203 0.00041757 0.000104672 2.20974e-05 3.79379e-06 5.17101e-07 5.4962e-08
 1.25375e-11 1.36082e-09 8.70925e-08 3.2866e-06 7.31314e-05 0.000959539 0.00742487 0.0339086 0.0917491 0.149929 0.161325 0.148549 0.147976 0.128532 0.0777616 0.0335122 0.0122672 0.00424156 0.00131673 0.000360802 8.79737e-05 1.85421e-05 3.25437e-06 4.57562e-07 4.9637e-08
 1.32997e-11 1.44356e-09 9.23875e-08 3.48642e-06 7.75775e-05 0.00101787 0.00787598 0.0359632 0.0972308 0.158263 0.167402 0.147086 0.139608 0.119563 0.0732543 0.0329789 0.0129426 0.00471664 0.00149166 0.00040632 9.65863e-05 1.96453e-05 3.3527e-06 4.68247e-07 5.15139e-08
 1.34499e-11 1.45986e-09 9.34306e-08 3.52578e-06 7.84534e-05 0.00102936 0.00796493 0.0363699 0.0983377 0.160123 0.169638 0.149656 0.142313 0.120667 0.071113 0.0288146 0.00950889 0.00306401 0.000959971 0.00027348 6.73468e-05 1.37794e-05 2.30953e-06 3.13273e-07 3.36284e-08
 1.34435e-11 1.45916e-09 9.3386e-08 3.5241e-06 7.84159e-05 0.00102887 0.00796111 0.0363521 0.0982851 0.160001 0.169342 0.148998 0.141383 0.120157 0.0716202 0.0299247 0.0103209 0.00330581 0.000937928 0.000233402 5.33557e-05 1.09492e-05 1.88611e-06 2.58913e-07 2.75113e-08
 1.40153e-11 1.52122e-09 9.7358e-08 3.67399e-06 8.17511e-05 0.00107263 0.00829954 0.0378941 0.102407 0.166336 0.174296 0.148988 0.136759 0.114507 0.0677342 0.027958 0.00947899 0.0030281 0.000876138 0.000219732 4.76134e-05 8.80511e-06 1.3917e-06 1.8568e-07 1.9888e-08
 1.35672e-11 1.47259e-09 9.42456e-08 3.55654e-06 7.91377e-05 0.00103834 0.00803433 0.0366852 0.0991684 0.161301 0.170075 0.148062 0.138956 0.117982 0.0711605 0.0308028 0.0113122 0.00384691 0.00113334 0.000284033 6.18077e-05 1.14156e-05 1.73621e-06 2.14254e-07 2.12445e-08
 1.43679e-11 1.55949e-09 9.98073e-08 3.76642e-06 8.38078e-05 0.00109961 0.00850827 0.0388456 0.104959 0.170321 0.177725 0.15001 0.135473 0.112057 0.0648902 0.0252854 0.0076699 0.00222072 0.000634622 0.00016646 3.78029e-05 7.09951e-06 1.0831e-06 1.32515e-07 1.27025e-08
 1.39362e-11 1.51264e-09 9.68089e-08 3.65327e-06 8.12901e-05 0.00106658 0.00825277 0.0376811 0.101841 0.165487 0.173736 0.149335 0.137935 0.115685 0.0682201 0.0278268 0.00915237 0.00276105 0.000729524 0.00016449 3.35984e-05 6.22668e-06 9.78936e-07 1.22786e-07 1.18601e-08
 1.41068e-11 1.53116e-09 9.79941e-08 3.698e-06 8.22853e-05 0.00107963 0.00835375 0.038141 0.103068 0.167354 0.175103 0.149025 0.136083 0.113666 0.0671443 0.0276321 0.00929242 0.00291536 0.000815022 0.000193442 3.89262e-05 6.54793e-06 9.24479e-07 1.10201e-07 1.06717e-08
 1.47333e-11 1.59916e-09 1.02346e-07 3.86221e-06 8.59392e-05 0.00112757 0.00872455 0.039831 0.107593 0.174369 0.180886 0.149991 0.13251 0.10848 0.0625016 0.0241221 0.00713288 0.00196366 0.000520544 0.000125019 2.62669e-05 4.61255e-06 6.53045e-07 7.34396e-08 6.52833e-09
 1.46688e-11 1.59216e-09 1.01898e-07 3.84532e-06 8.55634e-05 0.00112264 0.00868643 0.0396576 0.107134 0.173698 0.180532 0.150557 0.133897 0.109707 0.0627381 0.0235828 0.00651902 0.00160727 0.000374776 7.85713e-05 1.48902e-05 2.52833e-06 3.64732e-07 4.23226e-08 3.78898e-09
 1.39259e-11 1.51152e-09 9.67372e-08 3.65056e-06 8.12299e-05 0.00106579 0.0082467 0.0376542 0.101779 0.165476 0.174139 0.15069 0.140084 0.117156 0.0677115 0.0259537 0.00747984 0.00192745 0.000447801 8.75676e-05 1.46905e-05 2.16926e-06 2.78217e-07 3.02879e-08 2.68494e-09
 1.43981e-11 1.56277e-09 1.00017e-07 3.77435e-06 8.39841e-05 0.00110192 0.00852615 0.0389269 0.105174 0.17063 0.177859 0.149662 0.134717 0.111483 0.064984 0.0258056 0.00804788 0.00228473 0.000570147 0.00011727 2.01453e-05 2.8833e-06 3.36869e-07 3.22228e-08 2.52861e-09
#obs surv len freq
 1.16134e-11 1.26053e-09 8.06737e-08 3.04438e-06 6.77416e-05 0.000888823 0.00687769 0.0314092 0.0849657 0.138591 0.147595 0.131681 0.128693 0.120034 0.0917129 0.060004 0.033945 0.0156634 0.00575435 0.00167007 0.000372816 6.18069e-05 7.35916e-06 6.09706e-07 3.41568e-08
 8.33196e-12 9.04356e-10 5.78787e-08 2.18417e-06 4.86012e-05 0.000637714 0.00493568 0.0225638 0.0613416 0.102373 0.119239 0.130568 0.151791 0.149327 0.114536 0.0741129 0.0411218 0.0185092 0.00659196 0.00183937 0.000391284 6.12952e-05 6.84463e-06 5.28587e-07 2.74731e-08
 1.84693e-11 2.00467e-09 1.28299e-07 4.84159e-06 0.000107731 0.00141347 0.0109356 0.0498992 0.134419 0.214765 0.208082 0.134726 0.0784606 0.0564438 0.0451461 0.033049 0.0195787 0.00886383 0.00308182 0.000827767 0.000168007 2.49183e-05 2.61552e-06 1.88667e-07 9.11214e-09
 8.40758e-12 9.12565e-10 5.84041e-08 2.204e-06 4.90431e-05 0.000643548 0.00498205 0.0228008 0.062284 0.106002 0.131298 0.157182 0.184229 0.162497 0.0969672 0.0429864 0.0175079 0.00714315 0.00255693 0.000705026 0.000141374 2.0128e-05 1.99632e-06 1.34895e-07 6.0689e-09
 1.4113e-11 1.53184e-09 9.80373e-08 3.69963e-06 8.23217e-05 0.00108012 0.00835746 0.0381546 0.103022 0.166355 0.16877 0.128824 0.10397 0.0960252 0.0832434 0.0585434 0.0298073 0.0104571 0.00265337 0.000543289 9.38439e-05 1.26693e-05 1.2161e-06 7.86354e-08 3.33654e-09
 1.19823e-11 1.30056e-09 8.32358e-08 3.14107e-06 6.98939e-05 0.000917102 0.0070978 0.0324384 0.0880066 0.1451 0.159524 0.149089 0.143226 0.120334 0.0778062 0.0423483 0.0212777 0.0091005 0.00290604 0.000645297 9.84613e-05 1.05976e-05 8.28024e-07 4.66182e-08 1.81267e-09
 1.64917e-11 1.79002e-09 1.14561e-07 4.3232e-06 9.61971e-05 0.00126217 0.00976624 0.0445869 0.120381 0.194192 0.195535 0.143447 0.103006 0.0788578 0.0546963 0.0319184 0.0149442 0.00539234 0.00151771 0.000335457 5.52159e-05 6.3055e-06 4.79033e-07 2.39267e-08 7.87968e-10
 1.34734e-11 1.46241e-09 9.35944e-08 3.53197e-06 7.85923e-05 0.00103124 0.00798131 0.0364762 0.0989294 0.162656 0.176027 0.156121 0.138721 0.10871 0.0646911 0.0304832 0.0123902 0.00426579 0.00115827 0.00023648 3.53856e-05 3.79533e-06 2.8296e-07 1.41319e-08 4.57833e-10
 1.42468e-11 1.54636e-09 9.89666e-08 3.73471e-06 8.31033e-05 0.00109042 0.00843887 0.0385569 0.104435 0.170658 0.180179 0.149914 0.125319 0.100073 0.0659332 0.0349838 0.0145562 0.00452236 0.0010432 0.000183249 2.44774e-05 2.39043e-06 1.63154e-07 7.52633e-09 2.28937e-10
 1.42259e-11 1.54409e-09 9.88218e-08 3.72925e-06 8.29821e-05 0.00108885 0.00842727 0.0385134 0.104411 0.171145 0.182295 0.153854 0.1284 0.0992707 0.0621569 0.0316649 0.013198 0.00426864 0.00102009 0.000175484 2.1387e-05 1.82872e-06 1.08799e-07 4.43625e-09 1.21147e-10
 1.28534e-11 1.39511e-09 8.92872e-08 3.36945e-06 7.49769e-05 0.000983858 0.00761606 0.0348315 0.0946974 0.156881 0.172997 0.15726 0.140627 0.111167 0.0692584 0.0344564 0.0137571 0.0042315 0.000972335 0.000164008 1.97671e-05 1.64707e-06 9.23875e-08 3.42893e-09 8.32621e-11
 1.41328e-11 1.53398e-09 9.81747e-08 3.70483e-06 8.24396e-05 0.00108177 0.00837324 0.0382789 0.103877 0.170705 0.182631 0.154168 0.127471 0.098794 0.0633956 0.032794 0.0132782 0.00401692 0.000888111 0.000142365 1.62712e-05 1.29219e-06 6.94512e-08 2.46775e-09 5.68344e-11
 1.35426e-11 1.46993e-09 9.40754e-08 3.55015e-06 7.89986e-05 0.00103666 0.00802553 0.0367131 0.0998628 0.165454 0.181369 0.160259 0.136167 0.102815 0.0619844 0.0300523 0.0117331 0.00352545 0.00078084 0.000123838 1.37132e-05 1.03677e-06 5.25265e-08 1.7538e-09 3.79784e-11
 1.1344e-11 1.23128e-09 7.88024e-08 2.97381e-06 6.61757e-05 0.00086849 0.0067264 0.0308181 0.0843084 0.142507 0.165761 0.163789 0.153606 0.121596 0.0749924 0.036374 0.0137377 0.00389697 0.000812507 0.000122777 1.31177e-05 9.6015e-07 4.68199e-08 1.48929e-09 3.04229e-11
 9.27018e-12 1.00619e-09 6.43967e-08 2.4302e-06 5.40811e-05 0.000709865 0.00550079 0.0252511 0.0695486 0.120224 0.148512 0.161807 0.164929 0.139268 0.0920166 0.0473591 0.0183987 0.00519978 0.001052 0.000151 1.51336e-05 1.03679e-06 4.75169e-08 1.42766e-09 2.76106e-11
 1.2185e-11 1.32257e-09 8.46445e-08 3.19429e-06 7.10819e-05 0.000932868 0.00722432 0.0330813 0.0902548 0.150758 0.168304 0.153207 0.136444 0.113376 0.0788865 0.043251 0.0177207 0.0052249 0.00108647 0.000156611 1.5354e-05 1.00593e-06 4.33951e-08 1.21637e-09 2.18748e-11
 1.17523e-11 1.2756e-09 8.16389e-08 3.08089e-06 6.85614e-05 0.000899911 0.00697237 0.0319788 0.087714 0.148973 0.173433 0.167219 0.14886 0.112744 0.0685847 0.0339924 0.0134923 0.0040502 0.000871451 0.000129272 1.2854e-05 8.39356e-07 3.54439e-08 9.56117e-10 1.63105e-11
 1.24516e-11 1.35151e-09 8.6497e-08 3.26424e-06 7.26416e-05 0.000953467 0.00738706 0.0338724 0.0927875 0.156704 0.179017 0.166227 0.143425 0.108092 0.0654735 0.0310295 0.0112283 0.00303148 0.000600928 8.52525e-05 8.33362e-06 5.40902e-07 2.26735e-08 6.02462e-10 1.00208e-11
 1.16927e-11 1.26914e-09 8.12256e-08 3.06535e-06 6.82188e-05 0.000895552 0.00694178 0.0318805 0.0877559 0.150294 0.177401 0.172346 0.151602 0.112066 0.0653611 0.02979 0.0103723 0.00266191 0.000490384 6.35871e-05 5.68341e-06 3.42024e-07 1.35284e-08 3.43944e-10 5.51657e-12
 1.20504e-11 1.30796e-09 8.37107e-08 3.15915e-06 7.03073e-05 0.000922999 0.00715496 0.0328609 0.0904187 0.154422 0.180308 0.171254 0.147817 0.109184 0.0640542 0.0289286 0.00975076 0.00238171 0.000413435 5.00808e-05 4.14102e-06 2.28555e-07 8.25778e-09 1.92133e-10 2.83823e-12
 1.28702e-11 1.39695e-09 8.9406e-08 3.3741e-06 7.50921e-05 0.000985845 0.00764252 0.0350999 0.0965241 0.16427 0.18912 0.173384 0.142281 0.0999856 0.056072 0.0243689 0.007955 0.00188102 0.00031326 3.59346e-05 2.7807e-06 1.42364e-07 4.74045e-09 1.01152e-10 1.36569e-12
 1.21144e-11 1.31491e-09 8.41564e-08 3.17606e-06 7.06901e-05 0.000928264 0.00720101 0.0331379 0.0916446 0.158303 0.188136 0.179736 0.150101 0.103475 0.0555441 0.0228328 0.00703375 0.00157341 0.000248581 2.70628e-05 1.98163e-06 9.5452e-08 2.96976e-09 5.8823e-11 7.33237e-13
 1.28017e-11 1.38951e-09 8.89311e-08 3.35628e-06 7.47016e-05 0.000980942 0.00760914 0.0350013 0.0966126 0.16569 0.19287 0.177538 0.143627 0.0981114 0.0526515 0.0213418 0.00633157 0.00133807 0.000197651 2.00535e-05 1.36916e-06 6.15739e-08 1.78928e-09 3.30682e-11 3.83773e-13
 1.20379e-11 1.30662e-09 8.36272e-08 3.15623e-06 7.0257e-05 0.000922871 0.00716512 0.0330411 0.0918162 0.160095 0.192549 0.184143 0.15065 0.100452 0.0517648 0.0201708 0.00578907 0.00118369 0.000167669 1.60963e-05 1.02754e-06 4.2882e-08 1.15248e-09 1.96852e-11 2.11245e-13
 1.21772e-11 1.32174e-09 8.45956e-08 3.19284e-06 7.10754e-05 0.000933726 0.00725115 0.0334529 0.0930123 0.162121 0.194136 0.183766 0.149039 0.0992432 0.0509498 0.0194556 0.0053676 0.00104274 0.000139796 1.26913e-05 7.64601e-07 2.99804e-08 7.5261e-10 1.19389e-11 1.18452e-13
 1.07931e-11 1.17152e-09 7.49832e-08 2.83028e-06 6.30186e-05 0.000828395 0.00644399 0.0298634 0.0840082 0.150535 0.189919 0.191241 0.160426 0.106584 0.0536176 0.0199625 0.00535753 0.00100666 0.000129271 1.11244e-05 6.30269e-07 2.31327e-08 5.42227e-10 8.01766e-12 7.4011e-14
 1.08997e-11 1.1831e-09 7.57253e-08 2.85836e-06 6.36476e-05 0.000836757 0.00651023 0.0301746 0.0848381 0.151531 0.189504 0.188856 0.158719 0.107241 0.0548416 0.0204113 0.00536616 0.000973626 0.000119742 9.81448e-06 5.2684e-07 1.82195e-08 4.00256e-10 5.52228e-12 4.74086e-14
 1.12703e-11 1.22333e-09 7.83014e-08 2.95574e-06 6.58225e-05 0.000865547 0.00673741 0.0312549 0.0879791 0.157133 0.195189 0.190471 0.154842 0.101095 0.0502914 0.0183604 0.00475497 0.000847255 0.000101393 7.99516e-06 4.08769e-07 1.33646e-08 2.76143e-10 3.5697e-12 2.8624e-14
#pred catch len freq
 9.28072e-12 1.00733e-09 6.44692e-08 2.43287e-06 5.41348e-05 0.000710301 0.00549672 0.0251133 0.0680922 0.11241 0.126263 0.12953 0.143797 0.135034 0.0944332 0.0565846 0.0342977 0.0213364 0.0137583 0.00945146 0.00704219 0.00576038 0.00490729 0.00374807 0.00217698
 9.10969e-12 9.88769e-10 6.32811e-08 2.38804e-06 5.31373e-05 0.000697218 0.00539569 0.0246567 0.066923 0.111032 0.127247 0.136447 0.156479 0.147113 0.0999695 0.0558635 0.030406 0.0163292 0.00867822 0.00479199 0.00286832 0.0019377 0.00145238 0.00105026 0.000605917
 1.29851e-11 1.40941e-09 9.02019e-08 3.40394e-06 7.57422e-05 0.000993787 0.00768958 0.0351106 0.0949056 0.154317 0.162489 0.141026 0.132644 0.115377 0.0755711 0.0401921 0.0204713 0.0101162 0.00473892 0.00216542 0.00100506 0.000510575 0.000301766 0.000190887 0.000104541
 1.3103e-11 1.42221e-09 9.1021e-08 3.43485e-06 7.643e-05 0.00100281 0.00775953 0.0354323 0.0958075 0.156043 0.165505 0.146542 0.140258 0.120482 0.0738572 0.0334846 0.0137896 0.00584179 0.00246463 0.00100285 0.000389307 0.000149527 6.26639e-05 3.02358e-05 1.44457e-05
 1.03999e-11 1.12881e-09 7.22436e-08 2.72625e-06 6.0663e-05 0.000795959 0.00615964 0.0281433 0.076325 0.126139 0.142291 0.147166 0.163036 0.147956 0.0923592 0.0423646 0.017167 0.00658915 0.00230849 0.000768545 0.000252165 7.99454e-05 2.47691e-05 8.15699e-06 2.92081e-06
 1.21093e-11 1.31435e-09 8.41183e-08 3.17437e-06 7.0634e-05 0.000926771 0.00717131 0.0327506 0.0886151 0.144803 0.1558 0.143552 0.143756 0.127473 0.0823373 0.041613 0.0191613 0.00796536 0.00281539 0.000866915 0.000239627 6.08933e-05 1.46905e-05 3.45606e-06 8.30889e-07
 1.32841e-11 1.44186e-09 9.22792e-08 3.48233e-06 7.74865e-05 0.00101668 0.00786673 0.0359207 0.0971131 0.158048 0.167066 0.146523 0.138808 0.118851 0.0730035 0.0332849 0.01369 0.00559731 0.00214205 0.000722954 0.000205404 4.84618e-05 9.73863e-06 1.73658e-06 2.88333e-07
 1.40816e-11 1.52843e-09 9.7819e-08 3.69139e-06 8.21382e-05 0.0010777 0.00833878 0.038072 0.102872 0.166962 0.174348 0.147542 0.133993 0.112272 0.0676533 0.0295276 0.0111588 0.00408173 0.00139764 0.000445867 0.000130508 3.28115e-05 6.69422e-06 1.08821e-06 1.43906e-07
 1.34775e-11 1.46285e-09 9.36224e-08 3.53302e-06 7.86144e-05 0.00103147 0.00798121 0.0364428 0.0985154 0.160257 0.169059 0.147403 0.138656 0.118116 0.0718793 0.0318815 0.0122653 0.0044432 0.00143396 0.000412224 0.000108115 2.55206e-05 5.22161e-06 8.73245e-07 1.13333e-07
 1.35283e-11 1.46837e-09 9.39756e-08 3.54635e-06 7.8911e-05 0.00103536 0.00801131 0.0365801 0.0988851 0.160845 0.169617 0.147725 0.138734 0.117929 0.0713763 0.0312386 0.0117995 0.00424518 0.00137831 0.00039409 9.86514e-05 2.12641e-05 3.93915e-06 6.19147e-07 7.91693e-08
 1.32436e-11 1.43746e-09 9.19974e-08 3.4717e-06 7.72499e-05 0.00101357 0.00784276 0.0358122 0.0968322 0.157692 0.16716 0.147759 0.141082 0.120774 0.0733028 0.0321809 0.0121842 0.00436411 0.00139949 0.000395449 9.84548e-05 2.09385e-05 3.70703e-06 5.37956e-07 6.31478e-08
 1.29211e-11 1.40246e-09 8.97574e-08 3.38717e-06 7.5369e-05 0.000988896 0.00765193 0.0349433 0.0945165 0.154193 0.164713 0.148719 0.145142 0.124916 0.0750701 0.0319337 0.0114777 0.00394993 0.00124796 0.00035052 8.64959e-05 1.81892e-05 3.18195e-06 4.5166e-07 5.06161e-08
 1.34292e-11 1.45761e-09 9.3287e-08 3.52036e-06 7.83327e-05 0.00102778 0.00795263 0.0363125 0.0981667 0.159717 0.168617 0.14734 0.138958 0.118566 0.0723116 0.0322107 0.0124216 0.0044467 0.00138439 0.00037378 8.94607e-05 1.85268e-05 3.20764e-06 4.50048e-07 4.96376e-08
 1.31106e-11 1.42303e-09 9.10735e-08 3.43683e-06 7.64741e-05 0.00100339 0.00776404 0.0354534 0.0958721 0.156208 0.165959 0.147625 0.141943 0.121919 0.0742026 0.0327796 0.0125656 0.00457845 0.00149427 0.00042394 0.000102939 2.08682e-05 3.50552e-06 4.81245e-07 5.23234e-08
 1.188e-11 1.28946e-09 8.25254e-08 3.11426e-06 6.92965e-05 0.000909227 0.00703575 0.0321359 0.0870119 0.142666 0.155729 0.148838 0.153698 0.135239 0.081972 0.0352631 0.01291 0.0045238 0.00145098 0.000414363 0.000103866 2.19271e-05 3.76455e-06 5.13116e-07 5.45384e-08
 1.20375e-11 1.30655e-09 8.36192e-08 3.15553e-06 7.0215e-05 0.000921277 0.00712894 0.0325604 0.0881464 0.144405 0.157068 0.148766 0.15233 0.133659 0.0810235 0.0349003 0.0127561 0.00440504 0.00136678 0.000374466 9.13034e-05 1.92438e-05 3.37753e-06 4.74878e-07 5.15155e-08
 1.34917e-11 1.4644e-09 9.37212e-08 3.53675e-06 7.86973e-05 0.00103256 0.00798961 0.0364809 0.0986147 0.160388 0.169058 0.147062 0.138027 0.117655 0.0719772 0.0323621 0.0126798 0.00461563 0.00145909 0.000397406 9.44654e-05 1.92138e-05 3.27906e-06 4.57963e-07 5.03825e-08
 1.33449e-11 1.44846e-09 9.2701e-08 3.49825e-06 7.78407e-05 0.00102132 0.00790277 0.0360867 0.0975811 0.158965 0.168753 0.149728 0.143268 0.121771 0.071787 0.0290689 0.00957855 0.0030819 0.000964927 0.000274845 6.76812e-05 1.38478e-05 2.32099e-06 3.14827e-07 3.37952e-08
 1.34402e-11 1.45881e-09 9.33634e-08 3.52325e-06 7.83969e-05 0.00102862 0.00795919 0.0363433 0.0982619 0.159967 0.169322 0.14902 0.141443 0.120212 0.0716323 0.0299041 0.010298 0.00329403 0.000934027 0.000232392 5.31232e-05 1.09014e-05 1.87788e-06 2.57784e-07 2.73913e-08
 1.34371e-11 1.45846e-09 9.33415e-08 3.52242e-06 7.83785e-05 0.00102838 0.00795733 0.036335 0.0982416 0.159952 0.16939 0.149283 0.141863 0.120482 0.071491 0.0295041 0.0099891 0.00318666 0.000921441 0.000231055 5.00652e-05 9.25849e-06 1.46336e-06 1.95241e-07 2.0912e-08
 1.40857e-11 1.52887e-09 9.78472e-08 3.69245e-06 8.21619e-05 0.00107802 0.00834119 0.0380832 0.102905 0.167033 0.174509 0.147894 0.134526 0.112721 0.0677497 0.0292799 0.0107349 0.00364603 0.00107361 0.000269028 5.85409e-05 1.08122e-05 1.64443e-06 2.02928e-07 2.01215e-08
 1.42545e-11 1.54719e-09 9.90199e-08 3.7367e-06 8.31466e-05 0.00109094 0.00844118 0.03854 0.104143 0.169072 0.176771 0.15009 0.136508 0.113251 0.0656169 0.0255564 0.00774163 0.00223794 0.00063901 0.000167572 3.80539e-05 7.14661e-06 1.09028e-06 1.33393e-07 1.27867e-08
 1.38391e-11 1.50211e-09 9.61346e-08 3.62782e-06 8.07238e-05 0.00105915 0.00819531 0.0374194 0.101142 0.164416 0.172919 0.149401 0.138819 0.116706 0.068844 0.0280625 0.00921643 0.00277647 0.000733105 0.000165265 3.37551e-05 6.25568e-06 9.83494e-07 1.23357e-07 1.19153e-08
 1.46074e-11 1.5855e-09 1.01472e-07 3.82923e-06 8.52053e-05 0.00111794 0.00865004 0.0394909 0.106675 0.172884 0.179362 0.1488 0.131711 0.108523 0.0638766 0.0262487 0.00881285 0.00276101 0.000771381 0.000183051 3.68339e-05 6.19594e-06 8.74782e-07 1.04277e-07 1.0098e-08
 1.54059e-11 1.67216e-09 1.07018e-07 4.03853e-06 8.98625e-05 0.00117905 0.00912264 0.0416445 0.112439 0.181791 0.186571 0.149587 0.12648 0.101466 0.0581564 0.0224091 0.00661634 0.00181852 0.000481638 0.000115644 2.4296e-05 4.26642e-06 6.04038e-07 6.79285e-08 6.03842e-09
 1.5142e-11 1.64352e-09 1.05185e-07 3.96935e-06 8.83232e-05 0.00115885 0.00896646 0.0409333 0.110543 0.178917 0.184522 0.150248 0.129616 0.104747 0.0596897 0.0224106 0.00618693 0.00152291 0.000354733 7.43423e-05 1.40876e-05 2.39202e-06 3.45067e-07 4.00408e-08 3.5847e-09
 1.41894e-11 1.54013e-09 9.8568e-08 3.71965e-06 8.27671e-05 0.00108596 0.00840269 0.0383648 0.103678 0.168384 0.176367 0.150533 0.137723 0.114408 0.0660055 0.0252775 0.00727533 0.0018718 0.000434466 8.49329e-05 1.42474e-05 2.1038e-06 2.69821e-07 2.93738e-08 2.60392e-09
 1.4038e-11 1.52369e-09 9.7516e-08 3.67995e-06 8.18838e-05 0.00107437 0.00831303 0.037956 0.10258 0.166656 0.174816 0.149879 0.137947 0.11524 0.0673127 0.026724 0.00832325 0.00235943 0.00058834 0.000120983 2.0782e-05 2.9744e-06 3.47511e-07 3.32407e-08 2.60849e-09
#obs catch len freq
 9.76728e-12 1.06015e-09 6.78493e-08 2.56043e-06 5.69732e-05 0.000747545 0.00578495 0.0264295 0.0716386 0.117981 0.13079 0.129332 0.13984 0.135689 0.105051 0.0693309 0.039534 0.0184024 0.00683643 0.00201142 0.000456053 7.68784e-05 9.30968e-06 7.84019e-07 4.46032e-08
 9.98952e-12 1.08427e-09 6.9393e-08 2.61868e-06 5.82696e-05 0.000764558 0.00591672 0.0270333 0.0732897 0.12075 0.133783 0.131334 0.139946 0.134154 0.102968 0.0671608 0.0375523 0.0170192 0.00610948 0.00172152 0.000370539 5.88304e-05 6.66526e-06 5.22409e-07 2.75492e-08
 7.08249e-12 7.68737e-10 4.91992e-08 1.85663e-06 4.13133e-05 0.000542108 0.00419645 0.0191997 0.0523879 0.0888214 0.109168 0.131199 0.161069 0.160188 0.122846 0.0790741 0.0432925 0.0191094 0.00663922 0.00179559 0.000367689 5.50793e-05 5.84484e-06 4.26554e-07 2.0851e-08
 1.7483e-11 1.89761e-09 1.21447e-07 4.58303e-06 0.000101978 0.001338 0.0103519 0.0472409 0.127319 0.203862 0.199383 0.133741 0.084361 0.0647983 0.0526864 0.0382745 0.0222734 0.00986209 0.00333887 0.000867806 0.000169278 2.39726e-05 2.38809e-06 1.62612e-07 7.3801e-09
 7.45489e-12 8.09159e-10 5.17862e-08 1.95426e-06 4.34865e-05 0.000570663 0.0044188 0.020243 0.0555336 0.0961314 0.125185 0.160491 0.193526 0.170246 0.100706 0.0443951 0.0179753 0.00721036 0.00250776 0.000666745 0.000128169 1.73942e-05 1.6352e-06 1.04192e-07 4.40102e-09
 1.31954e-11 1.43224e-09 9.1663e-08 3.45908e-06 7.69695e-05 0.0010099 0.00781459 0.0356842 0.0964438 0.156361 0.16113 0.128685 0.110349 0.10462 0.090456 0.0624948 0.0310299 0.010602 0.00262105 0.000520775 8.64145e-05 1.11015e-05 1.00785e-06 6.13646e-08 2.44242e-09
 1.12044e-11 1.21613e-09 7.78326e-08 2.93717e-06 6.53572e-05 0.000857598 0.006638 0.0303511 0.0825008 0.137043 0.154421 0.151351 0.150231 0.126631 0.081479 0.0440696 0.0218014 0.00906869 0.00279407 0.000596098 8.71346e-05 8.94693e-06 6.62488e-07 3.51002e-08 1.2779e-09
 1.59e-11 1.7258e-09 1.10451e-07 4.16808e-06 9.27457e-05 0.0012169 0.00941639 0.0429979 0.116179 0.187978 0.191351 0.144634 0.108056 0.0840539 0.058084 0.0334137 0.0153041 0.0053813 0.00146932 0.000312455 4.90719e-05 5.31812e-06 3.82028e-07 1.79779e-08 5.5544e-10
 1.29398e-11 1.4045e-09 8.98879e-08 3.39211e-06 7.54805e-05 0.000990437 0.00766623 0.0350496 0.0952014 0.157382 0.173233 0.158665 0.144017 0.11264 0.0663791 0.0309048 0.0123297 0.00413094 0.001084 0.000212614 3.03817e-05 3.09256e-06 2.1757e-07 1.02098e-08 3.09865e-10
 1.38048e-11 1.49838e-09 9.58966e-08 3.61886e-06 8.05258e-05 0.00105663 0.00817796 0.0373762 0.101353 0.166305 0.177858 0.151942 0.129711 0.103612 0.0675696 0.0352188 0.014284 0.00430612 0.000960556 0.00016224 2.0683e-05 1.91499e-06 1.23262e-07 5.33872e-09 1.5191e-10
 1.38883e-11 1.50744e-09 9.64763e-08 3.64074e-06 8.10132e-05 0.00106304 0.00822821 0.0376157 0.102094 0.168005 0.181011 0.156027 0.131953 0.101598 0.0628994 0.0315078 0.0128072 0.00401123 0.000923085 0.000152116 1.76707e-05 1.43293e-06 8.04208e-08 3.07776e-09 7.8565e-11
 1.25846e-11 1.36594e-09 8.74201e-08 3.299e-06 7.34098e-05 0.000963324 0.00745797 0.0341224 0.0929009 0.15461 0.172559 0.159719 0.143734 0.112689 0.0692653 0.0338155 0.0131488 0.00391477 0.000866004 0.000139756 1.60189e-05 1.26305e-06 6.67637e-08 2.32632e-09 5.2843e-11
 1.39372e-11 1.51275e-09 9.68163e-08 3.65358e-06 8.12997e-05 0.00106684 0.00825845 0.0377662 0.102596 0.169166 0.18258 0.156287 0.129934 0.099905 0.0631856 0.0319931 0.0125837 0.00367777 0.000781674 0.000119763 1.30059e-05 9.7628e-07 4.93762e-08 1.64487e-09 3.54109e-11
 1.3409e-11 1.45542e-09 9.31473e-08 3.51514e-06 7.82202e-05 0.00102648 0.00794764 0.0363707 0.099053 0.164705 0.182073 0.162555 0.138028 0.103001 0.0611337 0.0290274 0.0110114 0.00319261 0.000678289 0.000102595 1.07778e-05 7.69398e-07 3.66509e-08 1.14631e-09 2.31808e-11
 1.1282e-11 1.22456e-09 7.83722e-08 2.95759e-06 6.58158e-05 0.00086381 0.00669129 0.0306737 0.0840508 0.142697 0.167403 0.166449 0.155084 0.12099 0.0733045 0.0347244 0.0127162 0.00347784 0.000695321 0.000100128 1.01341e-05 6.99244e-07 3.2016e-08 9.53105e-10 1.8171e-11
 9.25752e-12 1.00482e-09 6.4309e-08 2.42691e-06 5.4009e-05 0.000708971 0.00549516 0.0252436 0.0696731 0.121062 0.150812 0.164833 0.16647 0.13844 0.0897183 0.0449716 0.0168972 0.00459454 0.000889768 0.000121558 1.15321e-05 7.44205e-07 3.19936e-08 8.98556e-10 1.62e-11
 1.22158e-11 1.32591e-09 8.48589e-08 3.20239e-06 7.12633e-05 0.00093529 0.00724409 0.0331857 0.0906453 0.151849 0.170415 0.155635 0.137676 0.112733 0.0768337 0.0409459 0.0161956 0.00458439 0.000910164 0.00012459 1.15436e-05 7.11707e-07 2.87824e-08 7.53788e-10 1.26299e-11
 1.18269e-11 1.28371e-09 8.2158e-08 3.10051e-06 6.89992e-05 0.000905717 0.0070187 0.0322088 0.0884712 0.150732 0.176207 0.169606 0.149047 0.110926 0.0661913 0.0319819 0.0122664 0.00353021 0.000723476 0.000101663 9.53257e-06 5.84741e-07 2.31196e-08 5.82295e-10 9.25204e-12
 1.25602e-11 1.36329e-09 8.72516e-08 3.29274e-06 7.32774e-05 0.000961872 0.00745351 0.0341938 0.0937837 0.158794 0.181954 0.168493 0.143393 0.10599 0.0627465 0.0288881 0.0100907 0.00261443 0.00049403 6.63479e-05 6.10469e-06 3.71415e-07 1.45497e-08 3.60434e-10 5.57836e-12
 1.18338e-11 1.28446e-09 8.22064e-08 3.10239e-06 6.90452e-05 0.000906475 0.00702805 0.0322959 0.0890248 0.152866 0.180797 0.174643 0.1511 0.109402 0.0623226 0.0275688 0.00924875 0.00227282 0.000398591 4.89138e-05 4.11483e-06 2.31964e-07 8.56243e-09 2.02594e-10 3.01816e-12
 1.22285e-11 1.3273e-09 8.49486e-08 3.2059e-06 7.13498e-05 0.000936763 0.00726327 0.0333768 0.0919525 0.157371 0.183917 0.173455 0.147083 0.106252 0.0607479 0.0265678 0.00861493 0.00201262 0.000332194 3.80394e-05 2.95804e-06 1.52877e-07 5.15353e-09 1.11542e-10 1.52912e-12
 1.30674e-11 1.41835e-09 9.07761e-08 3.42585e-06 7.62461e-05 0.00100108 0.00776231 0.0356688 0.0981984 0.167404 0.192741 0.175259 0.141094 0.0968426 0.0528826 0.0222387 0.00697505 0.00157486 0.000248998 2.69706e-05 1.96127e-06 9.39748e-08 2.91857e-09 5.79213e-11 7.25666e-13
 1.23331e-11 1.33865e-09 8.56764e-08 3.23348e-06 7.19711e-05 0.000945192 0.00733436 0.0337731 0.0935197 0.161807 0.192103 0.18159 0.148483 0.0998544 0.05214 0.0207223 0.00612857 0.00130786 0.000195952 2.01198e-05 1.38292e-06 6.22916e-08 1.80669e-09 3.32747e-11 3.84854e-13
 1.30393e-11 1.41531e-09 9.05824e-08 3.41866e-06 7.60933e-05 0.000999324 0.00775374 0.035687 0.0986126 0.169333 0.196831 0.17925 0.141903 0.0944107 0.0491716 0.0192281 0.00546857 0.00110154 0.000154203 1.47452e-05 9.44271e-07 3.96768e-08 1.07396e-09 1.84435e-11 1.98516e-13
 1.22937e-11 1.33439e-09 8.54051e-08 3.22341e-06 7.17566e-05 0.000942703 0.00732152 0.033786 0.0940004 0.16408 0.196806 0.185765 0.14848 0.0963732 0.0481843 0.0181016 0.00497379 0.000967712 0.00012972 1.17262e-05 7.01773e-07 2.73541e-08 6.84515e-10 1.08593e-11 1.08019e-13
 1.24486e-11 1.35121e-09 8.64824e-08 3.26414e-06 7.26672e-05 0.000954782 0.0074172 0.0342427 0.0953166 0.166276 0.198489 0.185364 0.146768 0.0949872 0.0472146 0.0173519 0.00457845 0.000845722 0.000107207 9.15491e-06 5.16555e-07 1.89039e-08 4.41685e-10 6.50651e-12 5.98345e-14
 1.10741e-11 1.20203e-09 7.69374e-08 2.90416e-06 6.46697e-05 0.000850284 0.00661738 0.0306949 0.086465 0.15503 0.194674 0.192953 0.15787 0.101923 0.0496201 0.0177624 0.00455274 0.000812202 9.85023e-05 7.96714e-06 4.22507e-07 1.44653e-08 3.154e-10 4.32854e-12 3.70201e-14
 1.11954e-11 1.2152e-09 7.77813e-08 2.9361e-06 6.53852e-05 0.000859794 0.00669262 0.0310473 0.0874013 0.156175 0.19439 0.190703 0.15623 0.102403 0.0505631 0.01806 0.00452908 0.00077947 9.04473e-05 6.96087e-06 3.4945e-07 1.12658e-08 2.30127e-10 2.94606e-12 2.34276e-14
#spawning biomass
 16120.2 15459.1 15109.6 20746.2 24698.5 25419.4 28956.2 39911.3 62434.9 83181.4 106334 114684 145282 185604 178960 141947 144087 131538 132566 135715 161177 149237 168767 185684 187042 188402 188255 195033 220367 142073 31314.8 13197.3 10696.3 10385.1 10349 10345 10344.5 10344.5 10344.5 10344.5 10344.5 10344.5 10344.5 10344.5 10344.5 10344.5 10344.5 10344.5 10344.5 10344.5 10344.5 10344.5 10344.5 10344.5 10344.5 10344.5 10344.5 10344.5 10344.5 10344.5 10344.5 10344.5 10344.5 10344.5 10344.5 10344.5 10344.5 10344.5 10344.5 10344.5 10344.5 10344.5 10344.5 10344.5 10344.5 10344.5 10344.5 10344.5 10344.5 10344.5 10344.5 10344.5 10344.5 10344.5 10344.5 10344.5 10344.5 10344.5 10344.5 10344.5 10344.5 10344.5 10344.5 10344.5 10344.5 10344.5 10344.5 10344.5 10344.5 10344.5 10344.5 10344.5 10344.5 10344.5 10344.5 10344.5 10344.5 10344.5 10344.5 10344.5 10344.5 10344.5 10344.5 10344.5 10344.5 10344.5 10344.5 10344.5 10344.5 10344.5 10344.5 10344.5 10344.5 10344.5 10344.5 10344.5 10344.5 10344.5 0 0 0 0 0 0 0 0 0 0 0 0 0 0 0 0 0 0 0 0 0 0 0 0 0
