SBPRF35
0.098168
Curr Bio
262590
B35
276393
F35
8.70148
FOFL
8.46155
OFL
122014
Bzero
27318.8
#pred survey bio
 34347.8 26568.9 19575.1 22683.6 33244.9 56415.1 95894.8 132504 196554 209287 199261 225378 236088 260549 281532 301311 298805 261959 289452 273212 323726 349192 389819 410881 388455 458694 342858 337984 1.20579e+07 6.43057e+06 1.19766e+06 697433 493086 393232 342869 317406 304592 298183 294997 293422 292646 292266 292079 291988 291944 291923 291913 291908 291906 291905 291904 291904 291904 291904 291904 291904 291904 291904 291904 291904 291904 291904 291904 291904 291904 291904 291904 291904 291904 291904 291904 291904 291904 291904 291904 291904 291904 291904 291904 291904 291904 291904 291904 291904 291904 291904 291904 291904 291904 291904 291904 291904 291904 291904 291904 291904 291904 291904 291904 291904 291904 291904 291904 291904 291904 291904 291904 291904 291904 291904 291904 291904 291904 291904 291904 291904 291904 291904 291904 291904 291904 291904 291904 291904 291904 291904 291904 291904 0 0 0 0 0 0 0 0 0 0 0 0 0 0 0 0 0 0 0 0 0 0 0 0 0
#obs survey bio
 32739.5 20901.5 14028.3 29898.4 27329.4 63987.6 82282.5 138670 218854 150834 194206 240208 183431 261211 340175 250366 270413 158975 222535 189491 234491 255157 289262 308472 242071 409549 172876 251685
#pred catch bio
 21628.4 16597.5 11451 8629.39 19881.8 28899.3 64743.8 86366.9 146937 169257 154947 174658 178670 200408 209605 236432 243245 205412 240189 207960 240270 238701 250685 258307 239230 239229 245893 219449 122014 237280 6322.78 6279.6 6279.59 6279.59 6279.59 6279.59 6279.59 6279.59 6279.59 6279.59 6279.59 6279.59 6279.59 6279.59 6279.59 6279.59 6279.59 6279.59 6279.59 6279.59 6279.59 6279.59 6279.59 6279.59 6279.59 6279.59 6279.59 6279.59 6279.59 6279.59 6279.59 6279.59 6279.59 6279.59 6279.59 6279.59 6279.59 6279.59 6279.59 6279.59 6279.59 6279.59 6279.59 6279.59 6279.59 6279.59 6279.59 6279.59 6279.59 6279.59 6279.59 6279.59 6279.59 6279.59 6279.59 6279.59 6279.59 6279.59 6279.59 6279.59 6279.59 6279.59 6279.59 6279.59 6279.59 6279.59 6279.59 6279.59 6279.59 6279.59 6279.59 6279.59 6279.59 6279.59 6279.59 6279.59 6279.59 6279.59 6279.59 6279.59 6279.59 6279.59 6279.59 6279.59 6279.59 6279.59 6279.59 6279.59 6279.59 6279.59 6279.59 6279.59 6279.59 6279.59 6279.59 6279.59 6279.59 6279.59 0 0 0 0 0 0 0 0 0 0 0 0 0 0 0 0 0 0 0 0 0 0 0 0 0
#obs catch bio
 16504.4 17386.7 12473.5 8979.45 15192.7 23060.2 54432.4 67533.9 121474 160992 149065 153419 150960 168465 186620 211111 217283 180799 213668 190969 205221 201841 213546 214323 212640 193658 235565 189923
#pred cpue bio
 28005.9 21064.4 17147.2 11524.2 12595.8 22364.6 38244.2 54107.5 89490.6 103538 92317.8 94175.3 97982.9 107219 104141 118000 115739 101918 110229 89576 110498 107136 108994 118774 101130 105863 84267.8 80193.7 3.03398e+06 6.27952e+06 1.07863e+06 578186 373835 273981 223618 198155 185341 178932 175746 174171 173395 173015 172828 172737 172693 172672 172662 172657 172655 172654 172653 172653 172653 172653 172653 172653 172653 172652 172652 172652 172652 172652 172652 172652 172652 172652 172652 172652 172652 172652 172652 172652 172652 172652 172652 172652 172652 172652 172652 172652 172652 172652 172652 172652 172652 172652 172652 172652 172652 172652 172652 172652 172652 172652 172652 172652 172652 172652 172652 172652 172652 172652 172652 172652 172652 172652 172652 172652 172652 172652 172652 172652 172652 172652 172652 172652 172652 172652 172652 172652 172652 172652 172652 172652 172652 172652 172652 172652 0 0 0 0 0 0 0 0 0 0 0 0 0 0 0 0 0 0 0 0 0 0 0 0 0
#obs cpue bio
 21801.7 23578 9450.08 16402.3 28955.5 57610.4 87731.4 127438 190409 151598 123203 156814 226950 220317 140427 212534 211218 245176 253559 165055 302224 284034 273902 340966 240718 309305 177944 197653
#pred surv len freq
 1.07421e-11 1.16595e-09 7.46206e-08 2.81595e-06 6.26587e-05 0.000822128 0.00636153 0.0290512 0.0785878 0.128278 0.137392 0.125259 0.125363 0.115653 0.0849246 0.0559828 0.0367073 0.0235656 0.0152822 0.0104663 0.00777551 0.006371 0.00545685 0.00419067 0.0024435
 1.04232e-11 1.13134e-09 7.24056e-08 2.73237e-06 6.0799e-05 0.000797738 0.0061732 0.0282004 0.0764133 0.125751 0.139415 0.138584 0.149119 0.136183 0.089848 0.0480283 0.0257219 0.0145266 0.00831965 0.00480534 0.00291033 0.00196639 0.00147719 0.00107337 0.000621952
 6.7402e-12 7.31584e-10 4.68213e-08 1.7669e-06 3.93164e-05 0.000515894 0.00399328 0.0182677 0.0498504 0.0848621 0.107107 0.1376 0.177564 0.172675 0.117782 0.0648893 0.0336606 0.0163477 0.00752226 0.00354431 0.00174984 0.000926578 0.000554822 0.000352532 0.000193837
 1.85e-11 2.008e-09 1.28512e-07 4.84962e-06 0.00010791 0.00141581 0.0109535 0.0499774 0.134596 0.214856 0.207613 0.133613 0.0769489 0.0537256 0.0417047 0.0320449 0.0216391 0.0117716 0.00536782 0.00220053 0.000856208 0.00034138 0.000150836 7.49369e-05 3.61333e-05
 1.9614e-11 2.12891e-09 1.3625e-07 5.14165e-06 0.000114408 0.00150107 0.0116133 0.052991 0.142757 0.228251 0.222263 0.147396 0.0892306 0.0577707 0.0304992 0.010905 0.00294632 0.00096234 0.000458273 0.000213045 8.20894e-05 2.73291e-05 8.73229e-06 3.01646e-06 1.12096e-06
 1.92113e-11 2.0852e-09 1.33452e-07 5.03608e-06 0.000112059 0.00147025 0.0113749 0.0519058 0.139864 0.223871 0.219166 0.14849 0.094175 0.0629884 0.0330592 0.0110325 0.00220561 0.000260814 1.81965e-05 7.48673e-07 1.8169e-08 2.61865e-10 2.7858e-12 1.63476e-13 3.87841e-14
 1.91689e-11 2.0806e-09 1.33158e-07 5.02497e-06 0.000111812 0.00146701 0.0113498 0.0517915 0.139559 0.223405 0.218812 0.148526 0.0945717 0.0634414 0.0333282 0.011125 0.00222444 0.000263152 1.83873e-05 7.60612e-07 1.8812e-08 2.87608e-10 2.9884e-12 2.49487e-14 1.8064e-16
 1.89979e-11 2.06204e-09 1.3197e-07 4.98014e-06 0.000110814 0.00145392 0.0112486 0.0513305 0.138327 0.221521 0.217384 0.148675 0.0961746 0.0652705 0.0344132 0.0114959 0.0022987 0.000271832 1.89653e-05 7.80285e-07 1.89302e-08 2.70792e-10 2.28403e-12 1.13599e-14 3.33142e-17
 1.81184e-11 1.96658e-09 1.25861e-07 4.74959e-06 0.000105684 0.00138662 0.0107281 0.0489592 0.131994 0.211834 0.210035 0.149437 0.104416 0.0746765 0.0399941 0.0134056 0.00268237 0.000317246 2.21343e-05 9.10676e-07 2.20938e-08 3.16055e-10 2.66611e-12 1.32656e-14 3.89591e-17
 1.73286e-11 1.88085e-09 1.20374e-07 4.54254e-06 0.000101077 0.00132618 0.0102606 0.0468298 0.126306 0.203135 0.203435 0.150122 0.111818 0.0831237 0.0450061 0.0151206 0.00302694 0.00035803 2.49803e-05 1.02777e-06 2.49343e-08 3.56679e-10 3.00845e-12 1.49628e-14 4.38786e-17
 1.7962e-11 1.94961e-09 1.24775e-07 4.7086e-06 0.000104772 0.00137465 0.0106356 0.0485377 0.130867 0.210112 0.208728 0.149573 0.105882 0.0763488 0.0409864 0.0137451 0.00275059 0.00032532 2.26977e-05 9.33854e-07 2.26559e-08 3.24087e-10 2.73355e-12 1.35955e-14 3.98689e-17
 1.88248e-11 2.04326e-09 1.30768e-07 4.93478e-06 0.000109805 0.00144068 0.0111462 0.0508639 0.137081 0.219615 0.215938 0.148825 0.0977963 0.0671212 0.0355113 0.0118716 0.00237419 0.000280767 1.95888e-05 8.0594e-07 1.95526e-08 2.79695e-10 2.35912e-12 1.17333e-14 3.44079e-17
 1.88766e-11 2.04887e-09 1.31127e-07 4.94834e-06 0.000110107 0.00144464 0.0111768 0.0510033 0.137453 0.220185 0.21637 0.14878 0.0973117 0.0665682 0.0351832 0.0117593 0.00235163 0.000278097 1.94025e-05 7.98273e-07 1.93666e-08 2.77034e-10 2.33668e-12 1.16216e-14 3.40805e-17
 1.89406e-11 2.05582e-09 1.31572e-07 4.96511e-06 0.00011048 0.00144954 0.0112147 0.0511759 0.137914 0.22089 0.216904 0.148725 0.096712 0.0658838 0.0347771 0.0116204 0.00232371 0.000274793 1.91719e-05 7.88786e-07 1.91365e-08 2.73742e-10 2.30891e-12 1.14835e-14 3.36755e-17
 1.96728e-11 2.13529e-09 1.36658e-07 5.15707e-06 0.000114751 0.00150557 0.0116481 0.0531501 0.143187 0.228954 0.223023 0.14809 0.0898501 0.0580526 0.0301305 0.0100304 0.00200427 0.000236982 1.65334e-05 6.80229e-07 1.65028e-08 2.36067e-10 1.99114e-12 9.90307e-15 2.90408e-17
 1.92963e-11 2.09443e-09 1.34043e-07 5.05836e-06 0.000112555 0.00147676 0.0114252 0.0521349 0.140476 0.224807 0.219877 0.148416 0.0933786 0.0620794 0.0325198 0.010848 0.00216853 0.000256425 1.78901e-05 7.3605e-07 1.7857e-08 2.5544e-10 2.15454e-12 1.07157e-14 3.1424e-17
 1.93715e-11 2.10259e-09 1.34565e-07 5.07808e-06 0.000112993 0.00148251 0.0114698 0.0523377 0.141018 0.225636 0.220505 0.148351 0.0926736 0.0612749 0.0320425 0.0106846 0.00213571 0.00025254 1.76191e-05 7.24897e-07 1.75865e-08 2.51569e-10 2.12189e-12 1.05534e-14 3.09479e-17
 1.93413e-11 2.09931e-09 1.34356e-07 5.07017e-06 0.000112817 0.0014802 0.0114519 0.0522564 0.1408 0.225303 0.220253 0.148377 0.0929565 0.0615977 0.032234 0.0107502 0.00214888 0.000254099 1.77278e-05 7.29372e-07 1.7695e-08 2.53122e-10 2.13499e-12 1.06185e-14 3.11389e-17
 1.94851e-11 2.11492e-09 1.35355e-07 5.10786e-06 0.000113656 0.00149121 0.011537 0.052644 0.141836 0.226887 0.221454 0.148252 0.091609 0.06006 0.0313216 0.010438 0.00208616 0.000246674 1.72097e-05 7.08055e-07 1.71779e-08 2.45724e-10 2.07259e-12 1.03082e-14 3.02288e-17
 2.03688e-11 2.21084e-09 1.41493e-07 5.33952e-06 0.000118811 0.00155883 0.01206 0.0550266 0.1482 0.23662 0.228838 0.147486 0.0833279 0.0506089 0.025714 0.00851913 0.00170064 0.000201043 1.40255e-05 5.77043e-07 1.39994e-08 2.00257e-10 1.6891e-12 8.40084e-15 2.46355e-17
 2.01504e-11 2.18713e-09 1.39976e-07 5.28227e-06 0.000117537 0.00154212 0.0119308 0.0544378 0.146627 0.234215 0.227013 0.147676 0.0853744 0.0529446 0.0270998 0.00899335 0.00179592 0.00021232 1.48125e-05 6.09421e-07 1.47849e-08 2.11494e-10 1.78387e-12 8.87222e-15 2.60178e-17
 2.07019e-11 2.24699e-09 1.43807e-07 5.42683e-06 0.000120753 0.00158432 0.0122571 0.0559245 0.150598 0.240288 0.231621 0.147197 0.0802068 0.047047 0.0236005 0.00779595 0.00155535 0.000183845 1.28255e-05 5.27667e-07 1.28015e-08 1.83122e-10 1.54456e-12 7.68199e-15 2.25275e-17
 2.11181e-11 2.29216e-09 1.46698e-07 5.53593e-06 0.000123181 0.00161617 0.0125035 0.0570466 0.153595 0.244872 0.235098 0.146837 0.0763066 0.0425958 0.0209595 0.00689223 0.00137378 0.000162354 1.13258e-05 4.65964e-07 1.13045e-08 1.61708e-10 1.36395e-12 6.78368e-15 1.98932e-17
 2.0975e-11 2.27663e-09 1.45704e-07 5.49842e-06 0.000122346 0.00160522 0.0124188 0.0566609 0.152565 0.243297 0.233903 0.146961 0.0776475 0.044126 0.0218674 0.00720291 0.0014362 0.000169742 1.18414e-05 4.87177e-07 1.18192e-08 1.6907e-10 1.42604e-12 7.09251e-15 2.07988e-17
 2.14034e-11 2.32314e-09 1.4868e-07 5.61074e-06 0.000124846 0.00163801 0.0126724 0.057816 0.15565 0.248015 0.237483 0.146589 0.0736325 0.0395439 0.0191487 0.0062726 0.00124929 0.000147619 1.02975e-05 4.23658e-07 1.02781e-08 1.47026e-10 1.24011e-12 6.16776e-15 1.8087e-17
 2.18269e-11 2.3691e-09 1.51622e-07 5.72175e-06 0.000127316 0.00167041 0.012923 0.0589578 0.1587 0.25268 0.241021 0.146222 0.069664 0.0350148 0.0164614 0.00535306 0.00106455 0.000125752 8.77163e-06 3.60875e-07 8.75498e-09 1.25237e-10 1.05633e-12 5.25373e-15 1.54066e-17
 2.16142e-11 2.34601e-09 1.50145e-07 5.66598e-06 0.000126075 0.00165413 0.0127971 0.0583842 0.157168 0.250337 0.239244 0.146406 0.0716575 0.0372899 0.0178113 0.00581497 0.00115735 0.000136736 9.53815e-06 3.92413e-07 9.52012e-09 1.36182e-10 1.14865e-12 5.71288e-15 1.67531e-17
 2.17355e-11 2.35918e-09 1.50987e-07 5.69778e-06 0.000126782 0.00166342 0.0128689 0.0587113 0.158042 0.251673 0.240257 0.146301 0.0705208 0.0359926 0.0170416 0.0055516 0.00110443 0.000130473 9.10109e-06 3.7443e-07 9.08384e-09 1.29942e-10 1.09601e-12 5.45108e-15 1.59853e-17
#obs surv len freq
 4.80473e-11 4.45285e-09 2.4333e-07 7.84041e-06 0.000148961 0.00166881 0.0110257 0.0429941 0.0993608 0.139071 0.13054 0.112009 0.113072 0.110234 0.0930966 0.0694077 0.0431314 0.0215098 0.00880578 0.00295852 0.000780614 0.000153912 2.17802e-05 2.13771e-06 1.41198e-07
 3.23046e-11 2.88757e-09 1.5219e-07 4.72967e-06 8.66705e-05 0.000936599 0.00597191 0.0225326 0.05108 0.074895 0.0915865 0.125858 0.163654 0.161669 0.126969 0.0871294 0.0507261 0.0239032 0.00921209 0.00290716 0.000723345 0.00013475 1.79135e-05 1.6343e-06 9.93264e-08
 1.23316e-11 1.0613e-09 5.38575e-08 1.61155e-06 2.84355e-05 0.000295953 0.00181981 0.00666678 0.0151829 0.0256123 0.0454568 0.0868327 0.137876 0.176634 0.189485 0.157897 0.0947519 0.041706 0.0144908 0.00413534 0.0009424 0.000162177 2.00059e-05 1.69562e-06 9.5538e-08
 2.69582e-10 2.23025e-08 1.08794e-06 3.12927e-05 0.000530722 0.00530737 0.0312954 0.108812 0.223111 0.269938 0.193371 0.0838998 0.0262608 0.0133105 0.0140151 0.0133663 0.00934976 0.00484557 0.00187855 0.000540739 0.000114983 1.79267e-05 2.00209e-06 1.54675e-07 7.98816e-09
 1.60668e-10 1.27577e-08 5.97319e-07 1.64903e-05 0.000268439 0.00257698 0.0145973 0.0489389 0.0986592 0.128995 0.140914 0.169456 0.182465 0.131886 0.0586469 0.0166468 0.00391683 0.00128353 0.000518648 0.000168413 3.84196e-05 5.9908e-06 6.32017e-07 4.46786e-08 2.08878e-09
 4.53361e-10 3.45019e-08 1.54821e-06 4.0964e-05 0.000639093 0.00587923 0.0318935 0.102065 0.19308 0.21825 0.155696 0.0878529 0.0606816 0.0534581 0.0448855 0.0290247 0.012521 0.00337562 0.000574769 7.0628e-05 8.41787e-06 1.05978e-06 1.08093e-07 7.47621e-09 3.32775e-10
 5.26141e-10 3.83236e-08 1.64595e-06 4.16829e-05 0.00062243 0.00548076 0.028467 0.087356 0.159709 0.181376 0.151578 0.130246 0.11585 0.0790604 0.0381981 0.0147819 0.00520245 0.00158867 0.000371984 6.1144e-05 6.74674e-06 5.05278e-07 2.79271e-08 1.25873e-09 4.53917e-11
 7.68506e-10 5.35085e-08 2.19678e-06 5.31786e-05 0.000759068 0.00638916 0.0317221 0.0930564 0.162667 0.17678 0.141917 0.118758 0.106637 0.0797686 0.0476451 0.0231159 0.00833705 0.00202612 0.000325783 3.70753e-05 3.32343e-06 2.40964e-07 1.29779e-08 4.77295e-10 1.16843e-11
 1.06847e-09 7.10281e-08 2.7841e-06 6.43469e-05 0.000876932 0.00704751 0.0334139 0.0936762 0.157121 0.166911 0.138799 0.12543 0.114234 0.0826191 0.0472898 0.0222071 0.00793907 0.00198383 0.000340339 4.09425e-05 3.50099e-06 2.11754e-07 9.04145e-09 2.74571e-10 5.9006e-12
 1.20913e-09 7.66557e-08 2.86552e-06 6.31615e-05 0.00082093 0.00629271 0.0284728 0.0763942 0.124376 0.136312 0.135132 0.148858 0.143485 0.103317 0.0584165 0.0266471 0.00898781 0.0020639 0.000319796 3.48907e-05 2.79577e-06 1.64319e-07 6.83167e-09 1.93578e-10 3.65209e-12
 2.46187e-09 1.48691e-07 5.29533e-06 0.000111196 0.00137683 0.0100534 0.0433113 0.110374 0.168598 0.164464 0.128752 0.112532 0.101467 0.0772459 0.0483953 0.0234437 0.00786674 0.00172593 0.000249403 2.48409e-05 1.7844e-06 9.34612e-08 3.49659e-09 9.09103e-11 1.6034e-12
 3.60048e-09 2.06968e-07 7.0151e-06 0.000140202 0.00165225 0.0114832 0.0471028 0.114474 0.168086 0.163022 0.137176 0.127946 0.107863 0.0684281 0.0338939 0.0136105 0.00411334 0.000863467 0.000124171 1.25436e-05 9.03841e-07 4.58451e-08 1.59891e-09 3.77288e-11 5.96456e-13
 5.43695e-09 2.97184e-07 9.57816e-06 0.000182024 0.00203977 0.0134807 0.0525897 0.121642 0.170581 0.160222 0.134331 0.125002 0.103751 0.0657302 0.0329496 0.0130327 0.00368194 0.000684502 8.24678e-05 6.68804e-06 3.88706e-07 1.68457e-08 5.36425e-10 1.1988e-11 1.80273e-13
 7.11785e-09 3.6964e-07 1.13187e-05 0.000204365 0.00217587 0.0136645 0.0506874 0.111852 0.152029 0.14692 0.139153 0.140729 0.116659 0.0723187 0.0354918 0.0136379 0.00371391 0.000666813 7.82293e-05 6.18532e-06 3.41658e-07 1.33308e-08 3.62454e-10 6.75853e-12 8.57205e-14
 1.14628e-08 5.65128e-07 1.64282e-05 0.000281597 0.0028463 0.0169697 0.0597625 0.125224 0.161704 0.148681 0.134295 0.130304 0.105512 0.0656667 0.0326104 0.0123342 0.00319679 0.000533133 5.6939e-05 4.03046e-06 1.98489e-07 6.99855e-09 1.7508e-10 3.01767e-12 3.48845e-14
 1.67019e-08 7.81175e-07 2.15437e-05 0.000350338 0.00335954 0.0190048 0.0635409 0.126752 0.157806 0.145843 0.138086 0.134743 0.105097 0.0623002 0.0294134 0.0105836 0.00262545 0.000424877 4.49547e-05 3.21282e-06 1.59659e-07 5.52289e-09 1.30301e-10 2.05573e-12 2.14702e-14
 2.52478e-08 1.11963e-06 2.9276e-05 0.000451385 0.00410408 0.0220146 0.0698223 0.132387 0.158032 0.143759 0.136838 0.13168 0.100822 0.059553 0.0279861 0.00980111 0.00232288 0.000356847 3.592e-05 2.46092e-06 1.18434e-07 4.00506e-09 9.29178e-11 1.44108e-12 1.46668e-14
 3.78945e-08 1.59247e-06 3.94599e-05 0.000576552 0.00496783 0.0252565 0.0759672 0.136985 0.157409 0.142553 0.137628 0.130224 0.0966466 0.0555751 0.0253617 0.00854518 0.00194402 0.000289018 2.85596e-05 1.9418e-06 9.2527e-08 3.05672e-09 6.83609e-11 1.01525e-12 9.88793e-15
 5.67072e-08 2.25734e-06 5.29843e-05 0.000733328 0.00598559 0.0288309 0.0822167 0.141023 0.156278 0.141297 0.137926 0.128107 0.0926135 0.0522342 0.0232533 0.00754252 0.00164382 0.000235467 2.26824e-05 1.51864e-06 7.14335e-08 2.32104e-09 5.07927e-11 7.34131e-13 6.9121e-15
 8.44415e-08 3.18302e-06 7.07479e-05 0.000927241 0.00716717 0.0326988 0.0884058 0.144407 0.155134 0.141463 0.139871 0.126613 0.0878947 0.0475388 0.0201696 0.00618182 0.00126696 0.000170489 1.54538e-05 9.77629e-07 4.37138e-08 1.35895e-09 2.86021e-11 3.98721e-13 3.6213e-15
 1.30113e-07 4.64329e-06 9.77064e-05 0.00121235 0.00887198 0.0383266 0.0981777 0.152365 0.157158 0.140483 0.136247 0.119451 0.0807567 0.042846 0.0176648 0.00518465 0.00101125 0.000129689 1.12411e-05 6.79562e-07 2.88539e-08 8.45236e-10 1.66862e-11 2.18041e-13 1.86009e-15
 1.95944e-07 6.61908e-06 0.000131842 0.00154855 0.0107277 0.0438818 0.106565 0.157628 0.158068 0.142158 0.137185 0.115007 0.0728854 0.0359456 0.0137493 0.00374703 0.000678105 8.044e-05 6.42803e-06 3.58351e-07 1.41031e-08 3.85443e-10 7.12743e-12 8.7264e-14 6.95967e-16
 2.54413e-07 8.1346e-06 0.000153365 0.00170509 0.0111829 0.0433427 0.100124 0.14337 0.147806 0.148133 0.152123 0.125037 0.0754958 0.0351605 0.0125915 0.00318088 0.000527089 5.62711e-05 3.96426e-06 1.92056e-07 6.57939e-09 1.58781e-10 2.63453e-12 2.92972e-14 2.14023e-16
 3.82031e-07 1.15618e-05 0.000206323 0.00217122 0.0134792 0.049462 0.108274 0.147465 0.146262 0.143022 0.143837 0.118128 0.0741356 0.0363931 0.0132822 0.00328794 0.000524188 5.37036e-05 3.6358e-06 1.68168e-07 5.38972e-09 1.18411e-10 1.7483e-12 1.70909e-14 1.09591e-16
 5.82093e-07 1.66753e-05 0.000281677 0.00280588 0.0164901 0.0573017 0.118959 0.154583 0.148846 0.143212 0.139222 0.108994 0.0651569 0.0305049 0.0106414 0.00254104 0.000398405 4.12552e-05 2.89301e-06 1.39336e-07 4.56561e-09 9.96223e-11 1.42226e-12 1.31543e-14 7.8324e-17
 8.30411e-07 2.252e-05 0.000360117 0.00339607 0.0188984 0.0622343 0.122909 0.154342 0.149839 0.148902 0.142258 0.104749 0.0576477 0.0246286 0.0078409 0.00170635 0.000241816 2.23758e-05 1.39767e-06 6.0965e-08 1.87023e-09 3.95025e-11 5.57476e-13 5.12679e-15 3.01704e-17
 1.08355e-06 2.78209e-05 0.000421212 0.00376113 0.0198244 0.0619321 0.116852 0.144117 0.146638 0.155899 0.150015 0.108237 0.0585637 0.0244813 0.00747773 0.00153273 0.000201913 1.71484e-05 9.68169e-07 3.759e-08 1.01723e-09 1.89663e-11 2.38523e-13 1.986e-15 1.07849e-17
 1.5785e-06 3.83768e-05 0.000550179 0.004652 0.023222 0.0687478 0.123239 0.145785 0.145055 0.151681 0.143179 0.103353 0.0572387 0.0242842 0.00731678 0.00145427 0.00018585 1.54742e-05 8.64099e-07 3.3007e-08 8.59591e-10 1.49863e-11 1.71891e-13 1.28341e-15 6.19554e-18
#pred catch len freq
 1.24158e-12 1.34761e-10 8.62474e-09 3.25479e-07 7.24318e-06 9.50923e-05 0.000738043 0.00342235 0.0099706 0.0220174 0.0502876 0.112048 0.180594 0.190665 0.143899 0.0952495 0.0624656 0.0400967 0.0260003 0.017806 0.0132281 0.0108387 0.00928348 0.00712938 0.00415702
 1.21024e-12 1.3136e-10 8.40705e-09 3.17266e-07 7.06064e-06 9.2711e-05 0.000720161 0.00335337 0.00995808 0.0233971 0.0582373 0.134934 0.217253 0.220909 0.148992 0.0799311 0.0428121 0.0241731 0.0138428 0.00799507 0.0048421 0.0032716 0.00245769 0.00178583 0.00103478
 5.42175e-13 5.8848e-11 3.76632e-09 1.42139e-07 3.1639e-06 4.15876e-05 0.000324758 0.00155197 0.00514374 0.0160124 0.0525385 0.135294 0.223799 0.23058 0.15909 0.0878249 0.0455707 0.0221316 0.0101829 0.00479765 0.00236856 0.0012542 0.000750994 0.000477179 0.000262373
 4.90812e-12 5.3273e-10 3.40947e-08 1.28663e-06 2.86297e-05 0.000375673 0.00290808 0.0133074 0.0363714 0.0623746 0.08083 0.1089 0.148037 0.159349 0.137689 0.107421 0.072617 0.0395006 0.0180106 0.00738296 0.00287256 0.00114531 0.000506046 0.000251409 0.000121225
 1.51176e-11 1.64087e-09 1.05015e-07 3.96296e-06 8.81809e-05 0.00115698 0.00895203 0.0408678 0.11037 0.178674 0.184437 0.150583 0.130246 0.104987 0.0590274 0.0213833 0.0057849 0.00188571 0.000896929 0.000416883 0.000160626 5.34751e-05 1.70866e-05 5.90234e-06 2.19338e-06
 1.20102e-11 1.3036e-09 8.343e-08 3.14839e-06 7.00561e-05 0.000919197 0.007113 0.0324911 0.0880065 0.14456 0.158999 0.154733 0.161655 0.140002 0.0787539 0.0266685 0.00534703 0.000632648 4.41436e-05 1.81627e-06 4.40781e-08 6.35258e-10 6.75065e-12 3.94615e-13 9.35877e-14
 1.57218e-11 1.70645e-09 1.09212e-07 4.12134e-06 9.17051e-05 0.00120322 0.00930966 0.0424977 0.114735 0.185438 0.19001 0.151515 0.126874 0.100307 0.0552023 0.0186101 0.00372846 0.000441249 3.08336e-05 1.27545e-06 3.15421e-08 4.82068e-10 5.00424e-12 4.17096e-14 3.01561e-16
 1.49019e-11 1.61746e-09 1.03517e-07 3.90642e-06 8.6923e-05 0.00114048 0.00882443 0.0402873 0.108831 0.176409 0.18316 0.152226 0.134558 0.109076 0.0604045 0.0203897 0.00408555 0.000483332 3.3724e-05 1.38752e-06 3.36623e-08 4.8153e-10 4.06154e-12 2.02005e-14 5.92403e-17
 1.50747e-11 1.63621e-09 1.04717e-07 3.95171e-06 8.79306e-05 0.0011537 0.00892668 0.0407531 0.110075 0.178311 0.184603 0.152076 0.132939 0.107228 0.0593083 0.0200145 0.00401018 0.000474412 3.31015e-05 1.36192e-06 3.30413e-08 4.72662e-10 3.98718e-12 1.98386e-14 5.82628e-17
 1.48774e-11 1.6148e-09 1.03347e-07 3.9e-06 8.67801e-05 0.00113861 0.00880993 0.0402213 0.108654 0.176139 0.182955 0.152247 0.134787 0.109338 0.06056 0.0204429 0.00409623 0.000484597 3.38122e-05 1.39115e-06 3.37504e-08 4.8279e-10 4.07216e-12 2.02532e-14 5.93928e-17
 1.5336e-11 1.66458e-09 1.06533e-07 4.02021e-06 8.94549e-05 0.0011737 0.00908135 0.0414577 0.111957 0.18119 0.186787 0.15185 0.13049 0.104433 0.05765 0.0194471 0.00389618 0.000460917 3.21599e-05 1.32317e-06 3.2101e-08 4.59196e-10 3.87314e-12 1.92634e-14 5.649e-17
 1.66415e-11 1.80627e-09 1.15601e-07 4.36244e-06 9.70697e-05 0.0012736 0.009854 0.0449774 0.121358 0.195568 0.197695 0.150718 0.118256 0.0904716 0.0493659 0.0166124 0.00332667 0.000393507 2.74559e-05 1.12963e-06 2.74055e-08 3.92028e-10 3.30661e-12 1.64457e-14 4.82271e-17
 1.64779e-11 1.78852e-09 1.14465e-07 4.31956e-06 9.61156e-05 0.00126108 0.00975719 0.0445364 0.12018 0.193766 0.196328 0.15086 0.119789 0.092221 0.0504039 0.0169676 0.00339802 0.000401953 2.80453e-05 1.15388e-06 2.79938e-08 4.00444e-10 3.3776e-12 1.67987e-14 4.92624e-17
 1.67585e-11 1.81897e-09 1.16414e-07 4.3931e-06 9.77519e-05 0.00128255 0.00992322 0.0452927 0.1222 0.196856 0.198672 0.150616 0.11716 0.0892207 0.0486237 0.0163585 0.00327564 0.000387467 2.70344e-05 1.11229e-06 2.69848e-08 3.86011e-10 3.25585e-12 1.61932e-14 4.74868e-17
 1.75936e-11 1.90961e-09 1.22215e-07 4.61201e-06 0.000102623 0.00134646 0.0104175 0.0475443 0.128214 0.206054 0.20565 0.149892 0.109334 0.0802895 0.0433245 0.0145452 0.00291133 0.000344346 2.40254e-05 9.8848e-07 2.39812e-08 3.43044e-10 2.89345e-12 1.43908e-14 4.22011e-17
 1.7476e-11 1.89685e-09 1.21398e-07 4.58119e-06 0.000101937 0.00133746 0.0103479 0.0472273 0.127367 0.204759 0.204667 0.149994 0.110436 0.0815468 0.0440705 0.0148004 0.00296262 0.000350417 2.4449e-05 1.00591e-06 2.4404e-08 3.49093e-10 2.94447e-12 1.46445e-14 4.29452e-17
 1.78968e-11 1.94252e-09 1.24321e-07 4.69149e-06 0.000104392 0.00136966 0.0105969 0.0483617 0.130398 0.209393 0.208183 0.14963 0.106493 0.0770468 0.0414005 0.0138868 0.00277906 0.00032869 2.29329e-05 9.43529e-07 2.28906e-08 3.27444e-10 2.76187e-12 1.37364e-14 4.0282e-17
 1.75263e-11 1.90231e-09 1.21747e-07 4.59437e-06 0.00010223 0.00134131 0.0103777 0.0473628 0.127729 0.205313 0.205087 0.149951 0.109965 0.0810091 0.0437515 0.0146913 0.00294069 0.000347821 2.42679e-05 9.98457e-07 2.42232e-08 3.46507e-10 2.92265e-12 1.4536e-14 4.2627e-17
 1.82067e-11 1.97616e-09 1.26474e-07 4.77274e-06 0.000106199 0.00139338 0.0107804 0.0491973 0.132629 0.212807 0.210773 0.149361 0.103589 0.0737321 0.0394338 0.0132138 0.00264385 0.000312686 2.18161e-05 8.97581e-07 2.17759e-08 3.11498e-10 2.62737e-12 1.30674e-14 3.83203e-17
 1.88258e-11 2.04335e-09 1.30774e-07 4.93502e-06 0.00010981 0.00144075 0.0111468 0.0508663 0.137087 0.219625 0.215945 0.148824 0.0977878 0.0671115 0.0355056 0.0118697 0.00237379 0.000280721 1.95855e-05 8.05806e-07 1.95494e-08 2.79648e-10 2.35873e-12 1.17313e-14 3.44021e-17
 1.83378e-11 1.9904e-09 1.27385e-07 4.80712e-06 0.000106964 0.00140341 0.010858 0.0495509 0.133574 0.214251 0.211869 0.149247 0.10236 0.0723296 0.0386016 0.0129291 0.00258664 0.000305914 2.13436e-05 8.78139e-07 2.13042e-08 3.04751e-10 2.57046e-12 1.27844e-14 3.74902e-17
 1.86653e-11 2.02594e-09 1.2966e-07 4.89296e-06 0.000108874 0.00142847 0.0110518 0.0504337 0.135932 0.217858 0.214605 0.148963 0.0992914 0.0688276 0.0365237 0.0122181 0.00244379 0.000289006 2.01637e-05 8.29593e-07 2.01265e-08 2.87904e-10 2.42836e-12 1.20776e-14 3.54177e-17
 1.90054e-11 2.06285e-09 1.32022e-07 4.98211e-06 0.000110858 0.0014545 0.0112531 0.0513506 0.138381 0.221604 0.217446 0.148668 0.0961045 0.0651905 0.0343657 0.0114796 0.00229543 0.000271445 1.89383e-05 7.79175e-07 1.89033e-08 2.70406e-10 2.28078e-12 1.13436e-14 3.32652e-17
 1.86106e-11 2.02e-09 1.2928e-07 4.87862e-06 0.000108555 0.00142429 0.0110194 0.0502863 0.135538 0.217255 0.214147 0.149011 0.099804 0.0694126 0.0368709 0.0123368 0.00246766 0.000291831 2.03608e-05 8.37704e-07 2.03232e-08 2.90718e-10 2.4521e-12 1.21957e-14 3.57639e-17
 1.92843e-11 2.09313e-09 1.3396e-07 5.05522e-06 0.000112485 0.00147584 0.0114181 0.0521026 0.14039 0.224676 0.219777 0.148426 0.0934907 0.0622075 0.0325958 0.010874 0.00217375 0.000257043 1.79333e-05 7.37825e-07 1.79001e-08 2.56056e-10 2.15973e-12 1.07416e-14 3.14998e-17
 1.92317e-11 2.08742e-09 1.33594e-07 5.04143e-06 0.000112178 0.00147181 0.011387 0.0519608 0.140011 0.224096 0.219337 0.148472 0.0939837 0.0627701 0.0329296 0.0109882 0.0021967 0.000259759 1.81228e-05 7.45624e-07 1.80893e-08 2.58762e-10 2.18256e-12 1.08551e-14 3.18328e-17
 2.04087e-11 2.21517e-09 1.41771e-07 5.34998e-06 0.000119044 0.00156189 0.0120836 0.0551342 0.148487 0.23706 0.229172 0.147452 0.0829538 0.050182 0.0254607 0.00843246 0.00168323 0.000198982 1.38817e-05 5.71126e-07 1.38558e-08 1.98204e-10 1.67177e-12 8.31469e-15 2.43829e-17
 2.01585e-11 2.18801e-09 1.40032e-07 5.28438e-06 0.000117584 0.00154273 0.0119355 0.0544594 0.146685 0.234303 0.227081 0.147669 0.0852991 0.0528586 0.0270488 0.00897588 0.00179241 0.000211905 1.47835e-05 6.08229e-07 1.4756e-08 2.1108e-10 1.78038e-12 8.85486e-15 2.59669e-17
#obs catch len freq
 4.31475e-11 3.99876e-09 2.18516e-07 7.04088e-06 0.000133771 0.00149865 0.00990205 0.0386242 0.0894057 0.126176 0.122747 0.114631 0.123097 0.119981 0.0985484 0.0722767 0.0455215 0.0233527 0.00973913 0.00328393 0.000870883 0.000174798 2.54313e-05 2.57425e-06 1.75237e-07
 6.63283e-11 5.92879e-09 3.12479e-07 9.71097e-06 0.000177949 0.00192278 0.012253 0.0460909 0.102827 0.139439 0.128739 0.111895 0.114007 0.110099 0.0920254 0.0676645 0.0412158 0.0201289 0.00805883 0.00263157 0.000669429 0.000126289 1.69809e-05 1.57371e-06 9.76209e-08
 4.5527e-11 3.91821e-09 1.98835e-07 5.9496e-06 0.000104974 0.00109225 0.00670633 0.0243779 0.0533728 0.0764048 0.0936575 0.129499 0.165474 0.159977 0.123917 0.0838839 0.0478724 0.0220666 0.00830652 0.00254602 0.000610309 0.000108643 1.37024e-05 1.17892e-06 6.72392e-08
 1.79533e-11 1.48528e-09 7.24535e-08 2.08404e-06 3.53485e-05 0.000353676 0.00209114 0.00737547 0.0162666 0.0270971 0.0483315 0.0912731 0.142109 0.179312 0.188682 0.152769 0.0888521 0.038049 0.0128954 0.00357512 0.000784924 0.000129024 1.50898e-05 1.20513e-06 6.3672e-08
 3.88179e-10 3.08231e-08 1.44314e-06 3.98407e-05 0.000648533 0.00622479 0.0352295 0.117568 0.231376 0.26871 0.184859 0.0772964 0.0239674 0.0128575 0.0136065 0.012609 0.00855072 0.00429444 0.0016088 0.000445935 9.09616e-05 1.35314e-05 1.43256e-06 1.04269e-07 5.04769e-09
 2.38488e-10 1.81496e-08 8.14428e-07 2.15491e-05 0.000336205 0.00309337 0.0167955 0.0539961 0.104607 0.132636 0.143476 0.170923 0.178239 0.123531 0.0526592 0.0144744 0.00342499 0.00115177 0.000456327 0.000142016 3.08455e-05 4.56106e-06 4.54544e-07 3.02308e-08 1.32429e-09
 6.72594e-10 4.89911e-08 2.10411e-06 5.32853e-05 0.000795673 0.00700579 0.0363755 0.111423 0.201803 0.218656 0.150382 0.0834342 0.0578452 0.0506841 0.0416432 0.0259486 0.0106919 0.00274772 0.000448297 5.37166e-05 6.33715e-06 7.72767e-07 7.46069e-08 4.84273e-09 2.01559e-10
 7.97456e-10 5.55243e-08 2.27953e-06 5.51819e-05 0.000787665 0.0066299 0.0329183 0.0965813 0.168967 0.184334 0.149818 0.126479 0.109144 0.0717448 0.0336398 0.0128013 0.00443363 0.00131604 0.00029623 4.64864e-05 4.88369e-06 3.48875e-07 1.84581e-08 7.93513e-10 2.6981e-11
 1.17385e-09 7.8033e-08 3.05867e-06 7.06928e-05 0.000963411 0.00774229 0.0367027 0.102819 0.17179 0.179167 0.139841 0.115133 0.100752 0.0732586 0.0427395 0.0201425 0.00697651 0.00161946 0.000249253 2.73367e-05 2.36855e-06 1.647e-07 8.41959e-09 2.92203e-10 6.73239e-12
 1.65796e-09 1.0511e-07 3.92919e-06 8.66065e-05 0.00112563 0.00862727 0.0390114 0.10433 0.167094 0.170222 0.137347 0.121139 0.106773 0.0748709 0.0418387 0.0191002 0.00656902 0.00157132 0.00025803 2.97134e-05 2.42702e-06 1.39828e-07 5.67388e-09 1.63276e-10 3.31013e-12
 1.92113e-09 1.16032e-07 4.13224e-06 8.67728e-05 0.00107445 0.00784649 0.0338265 0.0865036 0.134456 0.141573 0.136282 0.14536 0.134876 0.0940584 0.0518432 0.0229107 0.00740718 0.00162353 0.000240471 2.51448e-05 1.92936e-06 1.08066e-07 4.25817e-09 1.13866e-10 2.02097e-12
 3.88032e-09 2.23054e-07 7.56033e-06 0.000151098 0.00178064 0.0123747 0.0507419 0.123099 0.179152 0.167084 0.126209 0.10701 0.093462 0.0692676 0.042205 0.0196579 0.00628659 0.00131187 0.00018071 1.7208e-05 1.18188e-06 5.89849e-08 2.09298e-09 5.13916e-11 8.52779e-13
 5.73019e-09 3.13213e-07 1.00948e-05 0.000191842 0.00214978 0.0142074 0.0554176 0.128101 0.17907 0.165915 0.134214 0.120251 0.0971663 0.0595062 0.0286743 0.0111501 0.00322984 0.000646908 8.88042e-05 8.56804e-06 5.883e-07 2.83204e-08 9.34024e-10 2.07815e-11 3.08931e-13
 8.68656e-09 4.51104e-07 1.38132e-05 0.000249403 0.00265531 0.0166729 0.0617999 0.135849 0.181224 0.162493 0.130796 0.116745 0.0929242 0.0569128 0.0277069 0.0105537 0.00284059 0.000500936 5.73159e-05 4.43176e-06 2.46266e-07 1.01838e-08 3.07652e-10 6.48507e-12 9.15926e-14
 1.16204e-08 5.72896e-07 1.6654e-05 0.000285467 0.00288543 0.017203 0.0605847 0.126952 0.163965 0.150822 0.136092 0.13104 0.103931 0.0622624 0.0296378 0.0109459 0.00283661 0.000482962 5.37893e-05 4.04659e-06 2.12733e-07 7.87964e-09 2.02676e-10 3.56483e-12 4.25374e-14
 1.86557e-08 8.72558e-07 2.40639e-05 0.000391318 0.00375243 0.0212246 0.0709163 0.141003 0.172883 0.151143 0.12991 0.120014 0.0931336 0.0560851 0.0269488 0.00975403 0.0023974 0.000378107 3.82447e-05 2.572e-06 1.20569e-07 4.03999e-09 9.56475e-11 1.5536e-12 1.68687e-14
 2.73567e-08 1.21314e-06 3.17213e-05 0.000489084 0.00444677 0.0238506 0.0756101 0.14303 0.168926 0.148133 0.132957 0.123197 0.0919847 0.0527191 0.0240631 0.00828201 0.00194873 0.000298508 2.99445e-05 2.03296e-06 9.59223e-08 3.14078e-09 6.98912e-11 1.03723e-12 1.01688e-14
 4.14335e-08 1.74119e-06 4.3145e-05 0.000630392 0.00543159 0.0276104 0.0829886 0.14913 0.168716 0.145321 0.130769 0.119423 0.0876356 0.050063 0.0226868 0.00757683 0.00170028 0.000247054 2.35737e-05 1.53446e-06 7.01251e-08 2.24422e-09 4.90754e-11 7.15064e-13 6.8198e-15
 6.22662e-08 2.47863e-06 5.81783e-05 0.000805209 0.00657207 0.0316503 0.090179 0.154035 0.167589 0.14337 0.130502 0.117094 0.0833178 0.0463206 0.0203512 0.00653054 0.00140642 0.000197876 1.85455e-05 1.19741e-06 5.40858e-08 1.68751e-09 3.55191e-11 4.95138e-13 4.51619e-15
 9.37448e-08 3.53371e-06 7.85423e-05 0.00102939 0.00795629 0.0362896 0.0979895 0.159089 0.166527 0.141337 0.129199 0.113552 0.0787174 0.0428913 0.0183427 0.00565722 0.00116667 0.000158211 1.44609e-05 9.19196e-07 4.09454e-08 1.25495e-09 2.58156e-11 3.49802e-13 3.08059e-15
 1.39692e-07 4.98513e-06 0.000104899 0.00130159 0.00952469 0.0411385 0.105284 0.162684 0.164791 0.140514 0.129751 0.111086 0.0739356 0.0385948 0.0157051 0.00457109 0.000885815 0.000112796 9.69906e-06 5.8249e-07 2.46647e-08 7.23172e-10 1.43025e-11 1.86802e-13 1.58566e-15
 2.16021e-07 7.29729e-06 0.000145351 0.00170718 0.0118257 0.0483549 0.117211 0.171887 0.166497 0.137844 0.123822 0.102447 0.0663998 0.0339541 0.0133933 0.003727 0.000686942 8.33487e-05 6.8503e-06 3.92732e-07 1.57704e-08 4.35244e-10 8.06858e-12 9.87426e-14 7.87034e-16
 3.27076e-07 1.04579e-05 0.000197165 0.00219194 0.0143724 0.0556396 0.12781 0.178369 0.167006 0.137455 0.121802 0.0960481 0.0582414 0.0276416 0.0101062 0.00260952 0.000445934 5.00063e-05 3.78681e-06 2.00172e-07 7.45117e-09 1.91851e-10 3.33017e-12 3.81632e-14 2.84198e-16
 4.30364e-07 1.30245e-05 0.000232425 0.00244585 0.0151827 0.0556868 0.121629 0.163998 0.156902 0.14325 0.135648 0.105158 0.0607553 0.0271968 0.00929519 0.00222138 0.000346954 3.49386e-05 2.32801e-06 1.06873e-07 3.46552e-09 7.88825e-11 1.22964e-12 1.28047e-14 8.73566e-17
 6.4316e-07 1.84246e-05 0.000311225 0.00310013 0.0182169 0.0632596 0.130913 0.167757 0.154025 0.136852 0.127041 0.0987473 0.0594412 0.0279758 0.0096999 0.00226545 0.000340153 3.28665e-05 2.10316e-06 9.20072e-08 2.78364e-09 5.75444e-11 7.97115e-13 7.29411e-15 4.3691e-17
 9.86114e-07 2.67424e-05 0.000427633 0.0040325 0.022433 0.0737638 0.144669 0.176289 0.155432 0.133714 0.118964 0.0879121 0.0503328 0.022564 0.00747585 0.00168593 0.000249432 2.44075e-05 1.61854e-06 7.35941e-08 2.26927e-09 4.64539e-11 6.2079e-13 5.36503e-15 2.97998e-17
 1.41162e-06 3.62442e-05 0.000548729 0.00489919 0.0258086 0.0804167 0.149916 0.175878 0.154862 0.136733 0.119596 0.0830677 0.0437103 0.01786 0.00539606 0.00110787 0.00014795 1.29247e-05 7.63878e-07 3.15264e-08 9.12406e-10 1.81062e-11 2.39206e-13 2.05367e-15 1.12585e-17
 1.86182e-06 4.52647e-05 0.000648913 0.00548642 0.0273773 0.0809124 0.143933 0.16504 0.151015 0.142999 0.12689 0.0866341 0.0448262 0.017885 0.00517289 0.000998812 0.000123837 9.91478e-06 5.28784e-07 1.94012e-08 4.95099e-10 8.67632e-12 1.02237e-13 7.95504e-16 4.02769e-18
#spawning biomass
 32569.1 25046.5 18944.4 19433.6 27245.3 46539.5 79177.2 109785 165637 178856 168400 187382 196085 216125 229997 248129 245679 215520 237420 219734 261676 278624 307841 325647 304506 355477 267257 262590 269153 260847 9863.71 9816.8 9816.8 9816.8 9816.8 9816.8 9816.8 9816.8 9816.8 9816.8 9816.8 9816.8 9816.8 9816.8 9816.8 9816.8 9816.8 9816.8 9816.8 9816.8 9816.8 9816.8 9816.8 9816.8 9816.8 9816.8 9816.8 9816.8 9816.8 9816.8 9816.8 9816.8 9816.8 9816.8 9816.8 9816.8 9816.8 9816.8 9816.8 9816.8 9816.8 9816.8 9816.8 9816.8 9816.8 9816.8 9816.8 9816.8 9816.8 9816.8 9816.8 9816.8 9816.8 9816.8 9816.8 9816.8 9816.8 9816.8 9816.8 9816.8 9816.8 9816.8 9816.8 9816.8 9816.8 9816.8 9816.8 9816.8 9816.8 9816.8 9816.8 9816.8 9816.8 9816.8 9816.8 9816.8 9816.8 9816.8 9816.8 9816.8 9816.8 9816.8 9816.8 9816.8 9816.8 9816.8 9816.8 9816.8 9816.8 9816.8 9816.8 9816.8 9816.8 9816.8 9816.8 9816.8 9816.8 9816.8 0 0 0 0 0 0 0 0 0 0 0 0 0 0 0 0 0 0 0 0 0 0 0 0 0
