SBPRF35
0.228327
Curr Bio
265930
B35
382669
F35
0.40623
FOFL
0.284282
OFL
84547
Bzero
65236.3
#pred survey bio
 78347.8 71940.7 52435.3 43489.1 70264 111019 160517 216331 276411 323393 337866 358696 358545 352669 369512 399552 399359 374276 394260 392225 407314 383438 415184 452000 476001 433358 426262 423531 1.50989e+07 8.15359e+06 5.58959e+06 3.53445e+06 2.23848e+06 1.5064e+06 1.11453e+06 909230 801669 744468 713283 695763 685608 679550 675843 673525 672064 671132 670531 670142 669889 669724 669616 669545 669498 669468 669448 669435 669426 669421 669417 669415 669413 669412 669411 669411 669410 669410 669410 669410 669410 669410 669410 669410 669410 669410 669410 669410 669410 669410 669410 669410 669410 669410 669410 669410 669410 669410 669410 669410 669410 669410 669410 669410 669410 669410 669410 669410 669410 669410 669410 669410 669410 669410 669410 669410 669410 669410 669410 669410 669410 669410 669410 669410 669410 669410 669410 669410 669410 669410 669410 669410 669410 669410 669410 669410 669410 669410 669410 669410 0 0 0 0 0 0 0 0 0 0 0 0 0 0 0 0 0 0 0 0 0 0 0 0 0
#obs survey bio
 63795.9 47617.3 34127.7 55247.1 85063.6 201597 223170 239787 409384 245871 354995 335087 373354 285317 406851 537793 291569 460867 358101 351599 386301 547699 328176 470489 436223 329142 393943 445745
#pred catch bio
 12482.2 15606.3 10623.1 10028.8 16387.9 29130.2 42445.6 60297 85152.1 118859 135682 166049 168367 161956 166313 186860 198661 159725 175264 166695 194702 162840 174905 191413 233108 200060 202441 196864 84547 104446 68924.1 41633.4 25136.9 16295.9 11879.6 9768.19 8787.13 8339.82 8138.46 8048.6 8008.74 7991.13 7983.37 7979.96 7978.47 7977.81 7977.53 7977.4 7977.35 7977.32 7977.31 7977.31 7977.3 7977.3 7977.3 7977.3 7977.3 7977.3 7977.3 7977.3 7977.3 7977.3 7977.3 7977.3 7977.3 7977.3 7977.3 7977.3 7977.3 7977.3 7977.3 7977.3 7977.3 7977.3 7977.3 7977.3 7977.3 7977.3 7977.3 7977.3 7977.3 7977.3 7977.3 7977.3 7977.3 7977.3 7977.3 7977.3 7977.3 7977.3 7977.3 7977.3 7977.3 7977.3 7977.3 7977.3 7977.3 7977.3 7977.3 7977.3 7977.3 7977.3 7977.3 7977.3 7977.3 7977.3 7977.3 7977.3 7977.3 7977.3 7977.3 7977.3 7977.3 7977.3 7977.3 7977.3 7977.3 7977.3 7977.3 7977.3 7977.3 7977.3 7977.3 7977.3 7977.3 7977.3 7977.3 7977.3 0 0 0 0 0 0 0 0 0 0 0 0 0 0 0 0 0 0 0 0 0 0 0 0 0
#obs catch bio
 11928.5 17375.2 11659.8 10834 16446.4 28063.4 39402.5 56576 78923.1 113033 130630 166760 165314 163896 161236 177858 204010 153258 174132 167905 203228 152839 171202 182376 242471 201474 208107 196909
#pred cpue bio
 76439 71095.2 52208.1 42399.5 65593.6 105789 152835 206945 264542 310305 323954 341769 340734 335670 350556 379190 380094 355679 376046 374102 388387 365108 394948 430204 453948 412848 405880 402180 1.43518e+07 8.13686e+06 5.57115e+06 3.51577e+06 2.21979e+06 1.48771e+06 1.09585e+06 890544 782984 725783 694598 677077 666923 660864 657157 654840 653379 652446 651846 651457 651203 651038 650930 650859 650813 650783 650763 650750 650741 650735 650732 650729 650728 650726 650726 650725 650725 650725 650725 650725 650725 650725 650724 650724 650724 650724 650724 650724 650724 650724 650724 650724 650724 650724 650724 650724 650724 650724 650724 650724 650724 650724 650724 650724 650724 650724 650724 650724 650724 650724 650724 650724 650724 650724 650724 650724 650724 650724 650724 650724 650724 650724 650724 650724 650724 650724 650724 650724 650724 650724 650724 650724 650724 650724 650724 650724 650724 650724 650724 650724 0 0 0 0 0 0 0 0 0 0 0 0 0 0 0 0 0 0 0 0 0 0 0 0 0
#obs cpue bio
 64045.2 32694.7 34426.9 44913.1 114104 105807 193167 205244 248461 394274 313917 315270 376596 345783 424357 366552 377287 406541 383900 363551 338625 463068 455769 551109 328512 552692 375255 417622
#pred surv len freq
 2.75701e-11 1.29677e-09 4.22349e-08 9.52501e-07 1.48747e-05 0.000160849 0.00120445 0.00624573 0.0224353 0.0558897 0.0969927 0.119322 0.110722 0.0915744 0.0828955 0.079939 0.0719248 0.0603897 0.0499074 0.0409442 0.0333291 0.0272851 0.0220747 0.0164445 0.0103028
 1.57951e-11 7.42927e-10 2.41967e-08 5.45695e-07 8.52185e-06 9.21532e-05 0.00069008 0.00357913 0.0128663 0.0321475 0.0564432 0.0725153 0.0771408 0.0840936 0.0993578 0.108575 0.101841 0.0868795 0.0721043 0.0584029 0.0456349 0.0346434 0.0254543 0.0173456 0.0101845
 7.37897e-12 3.47071e-10 1.13039e-08 2.54931e-07 3.98115e-06 4.30516e-05 0.000322401 0.00167244 0.00601614 0.015072 0.0267377 0.0356455 0.0420147 0.0539228 0.0739006 0.0938481 0.108003 0.115646 0.113258 0.0991838 0.0786685 0.0579121 0.0397694 0.0248761 0.0134832
 3.14767e-11 1.48051e-09 4.82194e-08 1.08747e-06 1.69823e-05 0.000183639 0.00137506 0.00712977 0.0256006 0.0636739 0.109812 0.131853 0.112048 0.0718672 0.0430068 0.0346412 0.0398746 0.0511332 0.0620375 0.0667782 0.0623382 0.0501673 0.034895 0.0209404 0.0106264
 4.76289e-11 2.24023e-09 7.2963e-08 1.6455e-06 2.56968e-05 0.000277874 0.00208068 0.0107884 0.0387377 0.0963509 0.166181 0.199586 0.169652 0.108164 0.0606337 0.036739 0.0239381 0.0156551 0.0122079 0.0125761 0.0136466 0.0129603 0.0101355 0.00641349 0.00324811
 3.68274e-11 1.73218e-09 5.64161e-08 1.27232e-06 1.98692e-05 0.000214858 0.00160885 0.0083427 0.0299659 0.0746317 0.129394 0.158591 0.145189 0.115557 0.0975312 0.0848115 0.0633118 0.0379441 0.0196312 0.010458 0.00699114 0.00582565 0.00482965 0.00334518 0.00180413
 3.78944e-11 1.78237e-09 5.80506e-08 1.30919e-06 2.04448e-05 0.000221082 0.00165545 0.00858407 0.0308292 0.0767458 0.132814 0.161632 0.144349 0.107734 0.0839731 0.072811 0.0609865 0.0462289 0.0317479 0.0191934 0.0100707 0.00502764 0.00278968 0.00167842 0.000906878
 3.58106e-11 1.68436e-09 5.48584e-08 1.23719e-06 1.93206e-05 0.000208925 0.00156443 0.00811221 0.0291365 0.0725509 0.125684 0.153563 0.139089 0.107844 0.0886703 0.0785514 0.0645466 0.0476466 0.0335213 0.0226343 0.0138471 0.00734392 0.00340236 0.0014594 0.000604046
 3.58747e-11 1.68737e-09 5.49567e-08 1.23941e-06 1.93552e-05 0.000209299 0.00156723 0.00812669 0.0291879 0.0726729 0.125854 0.153581 0.138503 0.106188 0.0861145 0.0762655 0.063823 0.0485536 0.0350386 0.0240418 0.0151614 0.00854236 0.00418636 0.00174487 0.000617084
 3.46584e-11 1.63016e-09 5.30934e-08 1.19739e-06 1.86989e-05 0.000202203 0.00151409 0.00785124 0.0281997 0.0702226 0.121681 0.14882 0.135271 0.105925 0.0884964 0.0796344 0.0665974 0.0503354 0.0363472 0.0253169 0.0163814 0.00952616 0.00483964 0.00208172 0.000737145
 3.51625e-11 1.65388e-09 5.38657e-08 1.2148e-06 1.89709e-05 0.000205144 0.00153611 0.00796538 0.028609 0.0712353 0.123391 0.150699 0.136303 0.105345 0.0864674 0.0772237 0.0649349 0.0497248 0.0363476 0.0254786 0.0165849 0.00977701 0.00508416 0.00225039 0.000817812
 3.80483e-11 1.78961e-09 5.82865e-08 1.31451e-06 2.05279e-05 0.00022198 0.00166218 0.00861891 0.0309541 0.0770532 0.133323 0.162144 0.144445 0.10697 0.0820694 0.0697224 0.0571128 0.0429346 0.0310164 0.0217322 0.01426 0.00849946 0.00447696 0.00201457 0.000747095
 3.8733e-11 1.82181e-09 5.93353e-08 1.33816e-06 2.08973e-05 0.000225975 0.00169209 0.00877402 0.0315114 0.078443 0.135745 0.165166 0.147378 0.109584 0.0843499 0.0710246 0.056436 0.0401376 0.0271469 0.0180911 0.0115632 0.00683601 0.00361318 0.00164229 0.000617334
 3.78568e-11 1.7806e-09 5.79931e-08 1.30789e-06 2.04246e-05 0.000220863 0.00165381 0.00857563 0.0307997 0.0766802 0.132754 0.161807 0.145285 0.109953 0.0870437 0.0747742 0.0598401 0.042432 0.0281582 0.0180103 0.0108804 0.00609355 0.00310573 0.00138944 0.000521613
 3.93225e-11 1.84954e-09 6.02384e-08 1.35852e-06 2.12153e-05 0.000229414 0.00171784 0.00890751 0.0319903 0.07963 0.137764 0.167457 0.148891 0.109614 0.083128 0.0695622 0.0556855 0.0401591 0.0272052 0.0175525 0.0104703 0.00566331 0.00275026 0.001174 0.000425959
 3.90205e-11 1.83534e-09 5.97757e-08 1.34809e-06 2.10524e-05 0.000227652 0.00170465 0.00883916 0.0317453 0.0790257 0.136756 0.166407 0.148519 0.110501 0.0851133 0.0716195 0.0566932 0.0399031 0.0263748 0.0168583 0.0101018 0.00548216 0.00263239 0.00109212 0.000381413
 3.77738e-11 1.7767e-09 5.78659e-08 1.30502e-06 2.03798e-05 0.000220379 0.00165019 0.00855684 0.0307324 0.0765138 0.132475 0.16151 0.145156 0.110149 0.0875615 0.0754418 0.0604499 0.0428629 0.0283558 0.0179424 0.0105694 0.00565148 0.00269008 0.0011074 0.000381319
 3.85598e-11 1.81367e-09 5.907e-08 1.33218e-06 2.08038e-05 0.000224964 0.00168452 0.00873481 0.0313707 0.0780941 0.13515 0.164486 0.146915 0.109575 0.0848695 0.0720774 0.0579566 0.0417741 0.028238 0.0181633 0.0107643 0.00573182 0.00269827 0.00109629 0.000372859
 3.69325e-11 1.73713e-09 5.65771e-08 1.27595e-06 1.99259e-05 0.00021547 0.00161344 0.0083663 0.0300486 0.0748166 0.129572 0.158139 0.142669 0.109415 0.0884251 0.0771558 0.0623769 0.0447608 0.0301607 0.0195165 0.0117328 0.00634355 0.00301306 0.00122431 0.000413608
 3.71269e-11 1.74627e-09 5.6875e-08 1.28267e-06 2.00308e-05 0.000216605 0.00162193 0.00841031 0.0302061 0.0752034 0.130205 0.158741 0.142666 0.108306 0.0863485 0.0751032 0.0614719 0.0452361 0.0313239 0.0206104 0.0124774 0.00678659 0.00325352 0.00133577 0.000454522
 3.72916e-11 1.75402e-09 5.71273e-08 1.28836e-06 2.01196e-05 0.000217566 0.00162912 0.0084476 0.0303399 0.0755354 0.130772 0.159393 0.143128 0.108381 0.0860228 0.0744688 0.0606543 0.0444455 0.0308428 0.020567 0.0127166 0.00706176 0.00343802 0.0014269 0.000489838
 3.78609e-11 1.78079e-09 5.79993e-08 1.30803e-06 2.04268e-05 0.000220887 0.00165399 0.00857652 0.0308026 0.076684 0.132738 0.161683 0.144838 0.108931 0.0854983 0.0733049 0.0592162 0.0429302 0.0294298 0.0194623 0.0120314 0.00674228 0.00333512 0.00140899 0.000491296
 3.82511e-11 1.79915e-09 5.85972e-08 1.32151e-06 2.06373e-05 0.000223164 0.00167104 0.00866491 0.0311198 0.0774709 0.134082 0.163234 0.14595 0.109181 0.0849664 0.0723992 0.0583077 0.042147 0.0287413 0.0188512 0.0115428 0.006423 0.00317512 0.00135045 0.000476533
 3.79562e-11 1.78528e-09 5.81453e-08 1.31132e-06 2.04782e-05 0.000221443 0.00165815 0.00859812 0.0308802 0.0768779 0.133077 0.162115 0.145283 0.109382 0.0859604 0.0736636 0.0592864 0.0426411 0.0288781 0.0188153 0.0114441 0.00631953 0.00310053 0.0013124 0.000463057
 3.70908e-11 1.74457e-09 5.68196e-08 1.28142e-06 2.00113e-05 0.000216394 0.00162035 0.00840214 0.030177 0.0751335 0.130101 0.158693 0.142875 0.108971 0.0873985 0.0760417 0.061723 0.044704 0.0304372 0.0198447 0.0120195 0.00659099 0.00320853 0.00134808 0.000472824
 3.76188e-11 1.76941e-09 5.76284e-08 1.29966e-06 2.02961e-05 0.000219474 0.00164341 0.00852169 0.0306059 0.0761959 0.131904 0.160721 0.144152 0.108795 0.0858928 0.0740316 0.0600757 0.0437576 0.030049 0.019752 0.012031 0.00660993 0.00321042 0.00134161 0.000467439
 3.78202e-11 1.77888e-09 5.79371e-08 1.30663e-06 2.04048e-05 0.00022065 0.00165222 0.00856733 0.0307697 0.0766029 0.132603 0.161545 0.144799 0.109081 0.0858264 0.0736867 0.0595011 0.0430494 0.0293959 0.0193147 0.011823 0.00654151 0.00319516 0.00133831 0.000465744
 3.89553e-11 1.83227e-09 5.96758e-08 1.34584e-06 2.10172e-05 0.000227271 0.0017018 0.00882436 0.0316919 0.0788904 0.136505 0.166024 0.147931 0.109567 0.0838879 0.0705936 0.0564743 0.0405966 0.0275215 0.0179507 0.0109269 0.00603358 0.00295291 0.00124211 0.000433993
#obs surv len freq
 2.61204e-11 1.22858e-09 4.0014e-08 9.02418e-07 1.40926e-05 0.000152392 0.00114112 0.00591739 0.0212567 0.0529613 0.0919639 0.113388 0.106028 0.0893964 0.0830129 0.0816146 0.0748267 0.0645747 0.0553234 0.0470344 0.0388174 0.0304224 0.0217785 0.0135019 0.00687338
 5.47802e-12 2.5766e-10 8.39182e-09 1.89258e-07 2.95558e-06 3.19624e-05 0.000239393 0.00124257 0.00448036 0.0113281 0.0207991 0.0309582 0.0459277 0.0734745 0.107387 0.126719 0.122988 0.108157 0.0927859 0.077809 0.0627377 0.0479935 0.0337355 0.0207025 0.0104994
 1.67889e-14 7.89686e-13 2.57218e-11 5.80292e-10 9.07452e-09 9.86619e-08 7.54652e-07 4.24026e-06 1.98996e-05 9.58053e-05 0.000484607 0.00212693 0.00714265 0.0181599 0.0370758 0.0656978 0.103357 0.138621 0.153812 0.144054 0.119526 0.0907432 0.0625495 0.037671 0.0188583
 5.28576e-11 2.48617e-09 8.09728e-08 1.82614e-06 2.85178e-05 0.000308378 0.00230907 0.0119723 0.0429836 0.10686 0.183956 0.219281 0.181011 0.103537 0.04133 0.0125236 0.00554337 0.00740593 0.011959 0.0159843 0.0171676 0.0150253 0.0109197 0.00661506 0.00327778
 3.29979e-11 1.55206e-09 5.05496e-08 1.14002e-06 1.78031e-05 0.000192516 0.00144158 0.00747568 0.0268571 0.0669414 0.116419 0.14437 0.137512 0.120247 0.113072 0.102309 0.0733745 0.0385134 0.0158072 0.00779481 0.00713271 0.00748705 0.00645681 0.00433189 0.0022456
 4.15291e-11 1.95333e-09 6.36187e-08 1.43476e-06 2.24058e-05 0.000242287 0.00181422 0.00940708 0.0337815 0.0840585 0.14522 0.175561 0.153033 0.106343 0.0735577 0.0595339 0.0510847 0.0413303 0.0295378 0.0174585 0.00854703 0.00418277 0.00258734 0.00172974 0.000964736
 3.88656e-11 1.82805e-09 5.95384e-08 1.34274e-06 2.09689e-05 0.000226749 0.00169788 0.00880411 0.03162 0.078717 0.136246 0.165906 0.148441 0.11117 0.0863072 0.0724469 0.0563658 0.0387902 0.0256853 0.017079 0.0105783 0.0056398 0.00260777 0.0011463 0.000502667
 3.73629e-11 1.75737e-09 5.72365e-08 1.29083e-06 2.01581e-05 0.000217982 0.00163224 0.00846377 0.0303982 0.0756816 0.131034 0.159756 0.143593 0.109031 0.0869177 0.075473 0.061438 0.0446103 0.0301568 0.0192748 0.0114262 0.00618746 0.00298825 0.00124914 0.000449262
 3.79784e-11 1.78632e-09 5.81793e-08 1.31209e-06 2.04902e-05 0.000221572 0.00165912 0.0086031 0.0308978 0.0769166 0.133113 0.162012 0.144725 0.108021 0.0839116 0.071838 0.0587821 0.0436977 0.0307292 0.0205033 0.0125013 0.00679496 0.0032478 0.00133864 0.000464245
 3.43696e-11 1.61658e-09 5.26509e-08 1.18741e-06 1.85431e-05 0.000200518 0.00150148 0.0077859 0.0279659 0.0696488 0.120744 0.147942 0.13533 0.107715 0.0918719 0.0831791 0.0686182 0.0502585 0.0348336 0.0233363 0.0145803 0.00819169 0.00402187 0.00167678 0.000578092
 3.72262e-11 1.75094e-09 5.70271e-08 1.2861e-06 2.00844e-05 0.000217184 0.00162626 0.00843271 0.0302857 0.0753921 0.130468 0.158764 0.141742 0.105683 0.0822142 0.0711803 0.059843 0.046438 0.0341677 0.0236208 0.014879 0.00841194 0.00419555 0.00178823 0.000628497
 3.99772e-11 1.88033e-09 6.12412e-08 1.38114e-06 2.15685e-05 0.000233233 0.00174643 0.00905574 0.032522 0.0809454 0.139986 0.169908 0.150261 0.108887 0.0803685 0.0658578 0.0523448 0.0380408 0.0266599 0.0184004 0.0119873 0.00704149 0.00360737 0.00156506 0.000558715
 3.77974e-11 1.77781e-09 5.7902e-08 1.30584e-06 2.03925e-05 0.000220517 0.00165122 0.00856219 0.0307518 0.0765623 0.132562 0.161631 0.145307 0.110331 0.0876978 0.075306 0.059827 0.0418813 0.0275202 0.0177027 0.010939 0.00629359 0.00325512 0.00144722 0.00052983
 3.81176e-11 1.79287e-09 5.83925e-08 1.3169e-06 2.05653e-05 0.000222384 0.0016652 0.00863465 0.0310112 0.0772005 0.133614 0.162668 0.14546 0.108869 0.0848804 0.0726602 0.0590249 0.043131 0.0295071 0.0190758 0.0113585 0.00616652 0.00303327 0.00131451 0.000480384
 4.05235e-11 1.90603e-09 6.20782e-08 1.40002e-06 2.18633e-05 0.000236421 0.0017703 0.00917949 0.0329662 0.082049 0.141881 0.172145 0.152033 0.109734 0.0804445 0.0655808 0.0519604 0.0374476 0.0255947 0.0168294 0.0102614 0.00561926 0.00271267 0.00113238 0.000398806
 3.88145e-11 1.82565e-09 5.94602e-08 1.34098e-06 2.09413e-05 0.000226451 0.00169565 0.00879253 0.0315784 0.0786135 0.136067 0.165686 0.148248 0.111069 0.0864257 0.0730171 0.0574381 0.0398003 0.0258041 0.0162974 0.00977484 0.00536389 0.0026107 0.00109082 0.000379233
 3.76795e-11 1.77226e-09 5.77214e-08 1.30176e-06 2.03289e-05 0.000219829 0.00164607 0.00853547 0.0306557 0.076322 0.132138 0.161081 0.144714 0.109712 0.0871678 0.0752902 0.0607696 0.0435915 0.0291152 0.018412 0.0107377 0.00567922 0.00269255 0.00111249 0.00038547
 3.92377e-11 1.84555e-09 6.01084e-08 1.3556e-06 2.11696e-05 0.000228919 0.00171413 0.00888829 0.0319213 0.0794569 0.137457 0.16705 0.148424 0.109058 0.0825047 0.0691029 0.0557071 0.0407426 0.0281054 0.0184094 0.0110386 0.00590069 0.00276949 0.00111897 0.000379226
 3.54456e-11 1.66719e-09 5.42992e-08 1.22459e-06 1.91237e-05 0.000206796 0.00154849 0.0080296 0.0288407 0.0718221 0.124475 0.152342 0.138798 0.109288 0.0916975 0.0818058 0.0663899 0.0474298 0.0318532 0.0207196 0.0126278 0.00693948 0.0033382 0.00136505 0.000461549
 3.84795e-11 1.80989e-09 5.89469e-08 1.3294e-06 2.07605e-05 0.000224496 0.00168101 0.00871654 0.0313045 0.0779219 0.134803 0.163836 0.145612 0.107143 0.0814759 0.069142 0.0572055 0.0435285 0.0312436 0.0210024 0.0128241 0.00701839 0.00339702 0.00141125 0.000485238
 3.54255e-11 1.66624e-09 5.42684e-08 1.22389e-06 1.91128e-05 0.000206678 0.00154761 0.00802503 0.0288242 0.0717795 0.124392 0.152194 0.138515 0.108756 0.0908817 0.0808749 0.0656432 0.047147 0.0321891 0.0215724 0.0136404 0.00776407 0.0038493 0.00161736 0.0005608
 4.0209e-11 1.89124e-09 6.15963e-08 1.38915e-06 2.16936e-05 0.000234586 0.00175656 0.00910819 0.0327098 0.0814073 0.140747 0.170655 0.15036 0.107821 0.0783907 0.0641997 0.0522644 0.0394495 0.0282063 0.0190229 0.0117816 0.0066185 0.00331317 0.0014247 0.000505347
 3.8386e-11 1.80549e-09 5.88037e-08 1.32617e-06 2.07101e-05 0.000223951 0.00167693 0.00869549 0.0312301 0.0777487 0.134585 0.163955 0.146935 0.110578 0.0866356 0.0735167 0.0579317 0.0403302 0.0265885 0.017361 0.010858 0.00619503 0.00311463 0.0013397 0.000478112
 3.8267e-11 1.79989e-09 5.86214e-08 1.32206e-06 2.06459e-05 0.000223256 0.00167173 0.00866849 0.0311327 0.0775029 0.134137 0.163299 0.146006 0.109231 0.0850652 0.0726481 0.0587424 0.0425814 0.0288465 0.0185172 0.0110159 0.00600476 0.00295817 0.00127091 0.000455809
 3.66338e-11 1.72308e-09 5.61195e-08 1.26564e-06 1.97647e-05 0.000213728 0.00160039 0.00829866 0.0298059 0.0742131 0.128534 0.156907 0.141673 0.108905 0.0883648 0.0774421 0.0629752 0.0456162 0.0310989 0.0203223 0.012295 0.00668767 0.00321619 0.00133987 0.00047003
 3.7796e-11 1.77774e-09 5.78999e-08 1.30579e-06 2.03918e-05 0.000220508 0.00165115 0.0085618 0.0307496 0.0765489 0.132485 0.161287 0.144205 0.107906 0.0841733 0.0722974 0.0592566 0.0440742 0.0309757 0.0206744 0.0126745 0.00697161 0.00337704 0.00140282 0.000485303
 3.73563e-11 1.75706e-09 5.72264e-08 1.2906e-06 2.01546e-05 0.000217943 0.00163195 0.00846226 0.0303927 0.0756668 0.131001 0.159678 0.143402 0.108613 0.0861882 0.0744656 0.0603671 0.0439289 0.0303405 0.0202898 0.0126754 0.00713745 0.00352393 0.00148154 0.000514962
 3.9831e-11 1.87346e-09 6.10173e-08 1.3761e-06 2.14897e-05 0.000232381 0.00174005 0.00902265 0.0324033 0.0806515 0.139488 0.169354 0.149937 0.109028 0.0810278 0.0669384 0.0536395 0.0391536 0.0270893 0.0179873 0.0111228 0.0062475 0.00311322 0.00133015 0.000469719
#pred catch len freq
 2.60362e-11 1.22462e-09 3.9885e-08 8.99506e-07 1.40471e-05 0.0001519 0.00113744 0.00589834 0.0211886 0.0527962 0.0917066 0.113207 0.10629 0.0904633 0.0847996 0.0833316 0.0754081 0.0633866 0.0523869 0.0429751 0.0349808 0.0286367 0.023168 0.0172589 0.010813
 1.46897e-11 6.90932e-10 2.25032e-08 5.07504e-07 7.92544e-06 8.57039e-05 0.00064179 0.00332879 0.0119679 0.0299183 0.0526349 0.0681139 0.0739643 0.083334 0.100799 0.111107 0.104443 0.089125 0.0739601 0.0598998 0.0468023 0.0355288 0.0261046 0.0177887 0.0104446
 6.75656e-12 3.17797e-10 1.03504e-08 2.33428e-07 3.64535e-06 3.94205e-05 0.000295212 0.00153147 0.0055102 0.0138157 0.0245851 0.0331277 0.040097 0.053207 0.0742818 0.0948728 0.109309 0.11705 0.114623 0.100374 0.0796101 0.0586043 0.0402445 0.0251732 0.0136442
 3.0088e-11 1.41519e-09 4.6092e-08 1.03949e-06 1.62331e-05 0.000175538 0.0013144 0.00681524 0.0244715 0.0608684 0.104993 0.126158 0.107517 0.0696879 0.0429068 0.0358057 0.0418248 0.0537655 0.0652434 0.0702277 0.0655573 0.0527575 0.0366965 0.0220215 0.011175
 4.67808e-11 2.20035e-09 7.16639e-08 1.6162e-06 2.52392e-05 0.000272926 0.00204363 0.0105964 0.0380486 0.0946414 0.163263 0.196228 0.167272 0.107699 0.0618739 0.0386861 0.0256611 0.0168766 0.0131731 0.0135698 0.0147241 0.0139834 0.0109356 0.00691976 0.00350451
 3.55803e-11 1.67353e-09 5.45057e-08 1.22924e-06 1.91964e-05 0.000207582 0.00155438 0.00806031 0.0289529 0.0721211 0.125126 0.153756 0.14203 0.115649 0.100584 0.0890285 0.0668572 0.0401281 0.0207644 0.0110595 0.00739185 0.00615912 0.00510602 0.0035366 0.00190736
 3.66794e-11 1.72523e-09 5.61895e-08 1.26721e-06 1.97894e-05 0.000213994 0.00160238 0.00830895 0.0298421 0.0742978 0.128642 0.156857 0.141062 0.107366 0.0862993 0.0764225 0.0644811 0.0489554 0.0336244 0.0203259 0.0106642 0.00532367 0.00295386 0.00177717 0.000960234
 3.45778e-11 1.62637e-09 5.297e-08 1.1946e-06 1.86555e-05 0.000201733 0.00151058 0.00783305 0.0281349 0.0700672 0.121452 0.148725 0.135775 0.107512 0.0910727 0.0821946 0.0679616 0.0502347 0.0353438 0.0238617 0.0145969 0.00774127 0.00358639 0.00153833 0.000636712
 3.47073e-11 1.63247e-09 5.31683e-08 1.19908e-06 1.87253e-05 0.000202489 0.00151623 0.00786232 0.0282393 0.0703205 0.121844 0.148987 0.135326 0.105789 0.0882658 0.0796089 0.0670292 0.0510576 0.0368464 0.0252788 0.0159402 0.00898086 0.00440118 0.00183439 0.000648744
 3.36071e-11 1.58072e-09 5.14829e-08 1.16107e-06 1.81318e-05 0.00019607 0.00146817 0.00761318 0.0273455 0.0681043 0.11807 0.144685 0.132416 0.105576 0.0904463 0.082646 0.0694617 0.0525513 0.0379447 0.0264251 0.0170969 0.00994187 0.00505076 0.00217252 0.000769294
 3.42002e-11 1.60861e-09 5.23915e-08 1.18156e-06 1.84518e-05 0.00019953 0.00149408 0.00774747 0.0278271 0.0692961 0.120085 0.14691 0.133676 0.104997 0.0882096 0.0799428 0.0675457 0.0517707 0.0378394 0.0265196 0.0172609 0.0101751 0.0052911 0.00234198 0.000851092
 3.72842e-11 1.75367e-09 5.71159e-08 1.28811e-06 2.01156e-05 0.000217522 0.0016288 0.00844587 0.0303332 0.0755135 0.130699 0.159138 0.14237 0.106717 0.0834857 0.0719078 0.0591869 0.044534 0.0321675 0.022534 0.0147844 0.00881167 0.00464134 0.00208852 0.000774519
 3.79975e-11 1.78722e-09 5.82086e-08 1.31275e-06 2.05005e-05 0.000221684 0.00165996 0.00860747 0.0309138 0.0769614 0.133221 0.162286 0.14542 0.109429 0.0858442 0.0732483 0.0584758 0.0416265 0.0281499 0.0187549 0.0119859 0.00708551 0.00374498 0.00170219 0.000639848
 3.70795e-11 1.74404e-09 5.68024e-08 1.28104e-06 2.00052e-05 0.000216328 0.00161986 0.00839962 0.0301682 0.0751145 0.130087 0.158766 0.143225 0.10981 0.0886572 0.0771655 0.0620319 0.0440245 0.029211 0.0186792 0.011283 0.00631865 0.00322039 0.00144072 0.000540864
 3.8552e-11 1.8133e-09 5.90581e-08 1.33191e-06 2.07997e-05 0.000224919 0.00168418 0.00873305 0.0313643 0.0780779 0.13512 0.164438 0.146837 0.109446 0.0846893 0.0719016 0.0578563 0.0417681 0.0282925 0.01825 0.010885 0.00588733 0.00285899 0.0012204 0.000442794
 3.82859e-11 1.80078e-09 5.86504e-08 1.32271e-06 2.06561e-05 0.000223366 0.00167256 0.00867281 0.0311485 0.077546 0.134236 0.163534 0.146578 0.110377 0.0866556 0.0738946 0.0587695 0.0414031 0.0273626 0.0174854 0.0104761 0.00568497 0.00272972 0.00113249 0.00039551
 3.70919e-11 1.74463e-09 5.68214e-08 1.28146e-06 2.00119e-05 0.000216401 0.0016204 0.00840244 0.0301784 0.0751404 0.130136 0.158843 0.143353 0.110033 0.0889922 0.0775565 0.0623858 0.0442663 0.0292786 0.0185214 0.0109089 0.00583265 0.00277625 0.00114286 0.000393529
 3.77179e-11 1.77407e-09 5.77803e-08 1.30309e-06 2.03496e-05 0.000220053 0.00164775 0.00854416 0.0306866 0.076398 0.132261 0.161188 0.144673 0.109395 0.0865828 0.0746412 0.0603337 0.0435339 0.0294252 0.0189231 0.0112132 0.00597056 0.00281059 0.00114192 0.000388376
 3.61029e-11 1.69811e-09 5.53062e-08 1.24729e-06 1.94783e-05 0.000210631 0.0015772 0.00817845 0.0293746 0.0731454 0.126725 0.154891 0.140464 0.109248 0.0901265 0.0796903 0.0647135 0.0464771 0.0313131 0.0202575 0.0121768 0.00658325 0.00312684 0.00127054 0.000429223
 3.6253e-11 1.70517e-09 5.55362e-08 1.25248e-06 1.95593e-05 0.000211506 0.00158375 0.00821241 0.029496 0.0734427 0.127205 0.155312 0.140322 0.108082 0.0880703 0.0777117 0.0639184 0.047081 0.0325982 0.0214445 0.0129809 0.00706013 0.0033846 0.00138957 0.000472827
 3.65524e-11 1.71925e-09 5.59949e-08 1.26282e-06 1.97208e-05 0.000213253 0.00159683 0.00828022 0.0297393 0.0740462 0.128235 0.156494 0.141147 0.108196 0.0874842 0.0766747 0.0627126 0.0459883 0.031908 0.0212722 0.0131511 0.00730265 0.00355522 0.00147553 0.000506531
 3.69998e-11 1.74029e-09 5.66802e-08 1.27828e-06 1.99622e-05 0.000215863 0.00161638 0.00838153 0.030103 0.0749493 0.129783 0.158307 0.142535 0.108728 0.0872184 0.0758904 0.0616181 0.0447172 0.0306521 0.0202664 0.012527 0.00701969 0.00347228 0.00146692 0.000511495
 3.73898e-11 1.75864e-09 5.72777e-08 1.29175e-06 2.01726e-05 0.000218139 0.00163341 0.00846986 0.03042 0.0757357 0.131126 0.159858 0.14365 0.108984 0.0866967 0.074996 0.0607177 0.043936 0.029959 0.0196459 0.012028 0.00669264 0.00330835 0.0014071 0.000496522
 3.70941e-11 1.74473e-09 5.68247e-08 1.28154e-06 2.00131e-05 0.000216413 0.0016205 0.00840289 0.0301798 0.0751411 0.130119 0.158737 0.142986 0.109196 0.0877096 0.0762789 0.0617052 0.0444264 0.0300847 0.0195973 0.0119183 0.00658106 0.00322878 0.00136668 0.000482205
 3.63786e-11 1.71108e-09 5.57286e-08 1.25682e-06 1.96271e-05 0.000212239 0.00158924 0.00824087 0.0295984 0.0736988 0.127657 0.155903 0.140977 0.108815 0.0888405 0.0782007 0.0637233 0.0461842 0.031439 0.0204928 0.0124103 0.00680496 0.00331262 0.00139181 0.000488157
 3.68436e-11 1.73295e-09 5.64409e-08 1.27288e-06 1.98779e-05 0.000214952 0.00160955 0.00834616 0.029976 0.0746342 0.129244 0.157682 0.142079 0.108612 0.0874418 0.0763626 0.0622457 0.0453764 0.0311562 0.0204751 0.01247 0.00685074 0.00332731 0.00139045 0.000484453
 3.70818e-11 1.74415e-09 5.68058e-08 1.28111e-06 2.00064e-05 0.000216342 0.00161996 0.0084001 0.0301697 0.0751152 0.130069 0.158651 0.142829 0.108915 0.0873152 0.0759176 0.0615684 0.0445809 0.0304368 0.0199938 0.0122371 0.00677029 0.00330684 0.00138508 0.000482018
 3.82126e-11 1.79734e-09 5.85381e-08 1.32018e-06 2.06165e-05 0.000222939 0.00166936 0.00865618 0.0310885 0.0773943 0.133956 0.163115 0.145953 0.109407 0.0853955 0.0728472 0.0585581 0.0421344 0.0285604 0.018624 0.0113353 0.00625874 0.00306305 0.00128842 0.000450175
#obs catch len freq
 2.51444e-11 1.18267e-09 3.85188e-08 8.68697e-07 1.3566e-05 0.000146697 0.00109848 0.0056963 0.0204627 0.0509857 0.0885508 0.109262 0.102437 0.0869436 0.0814955 0.080867 0.0750654 0.066001 0.0578396 0.0503057 0.0423525 0.0336433 0.0242151 0.0150029 0.00761399
 2.49973e-11 1.17575e-09 3.82935e-08 8.63615e-07 1.34866e-05 0.000145839 0.00109205 0.00566304 0.0203439 0.0506964 0.0880937 0.108911 0.102785 0.0885892 0.084418 0.0841141 0.0774007 0.0668101 0.057209 0.0486168 0.040113 0.0314332 0.0225003 0.0139488 0.00710071
 5.09788e-12 2.3978e-10 7.80948e-09 1.76124e-07 2.75048e-06 2.97446e-05 0.000222787 0.00115649 0.00417145 0.0105618 0.0194911 0.0294523 0.0448601 0.0732686 0.107966 0.127671 0.123923 0.108918 0.0933804 0.0782744 0.0630969 0.0482609 0.0339206 0.0208151 0.0105563
 1.56571e-14 7.36453e-13 2.3988e-11 5.41192e-10 8.46395e-09 9.20608e-08 7.05267e-07 3.98508e-06 1.89959e-05 9.36811e-05 0.000481789 0.00212754 0.00715619 0.0181973 0.0371376 0.065766 0.103407 0.138639 0.153797 0.144013 0.119472 0.0906909 0.0625083 0.0376445 0.0188445
 5.25124e-11 2.46993e-09 8.0444e-08 1.81421e-06 2.83315e-05 0.000306364 0.00229399 0.0118941 0.0427029 0.106162 0.182755 0.21785 0.17983 0.102867 0.0410874 0.0125336 0.00574738 0.00785808 0.0127178 0.0169995 0.0182569 0.0159779 0.0116116 0.00703394 0.00348527
 3.20033e-11 1.50528e-09 4.9026e-08 1.10566e-06 1.72665e-05 0.000186714 0.00139814 0.00725046 0.0260492 0.0649398 0.11302 0.14054 0.135077 0.120505 0.115767 0.105872 0.0761868 0.0400235 0.0164243 0.00808795 0.00739205 0.00775721 0.00668949 0.00448793 0.00232646
 4.07507e-11 1.91672e-09 6.24262e-08 1.40787e-06 2.19859e-05 0.000237746 0.00178022 0.00923081 0.033149 0.0824896 0.142544 0.172488 0.150883 0.10601 0.0749154 0.0617561 0.0533529 0.0432114 0.0308741 0.0182427 0.00892881 0.00436823 0.00270126 0.00180568 0.00100706
 3.80431e-11 1.78937e-09 5.82785e-08 1.31433e-06 2.05251e-05 0.00022195 0.00166195 0.00861786 0.0309518 0.0770605 0.133426 0.162695 0.146287 0.111073 0.0880896 0.0750272 0.0586665 0.0404039 0.0267383 0.0177674 0.0110006 0.00586385 0.00271105 0.00119158 0.000522483
 3.65147e-11 1.71747e-09 5.59371e-08 1.26152e-06 1.97005e-05 0.000213033 0.00159519 0.00827168 0.0297091 0.0739729 0.128123 0.156434 0.141337 0.108857 0.0886556 0.0780707 0.0638448 0.0463848 0.03134 0.0200199 0.0118635 0.00642281 0.00310148 0.00129636 0.000466222
 3.72484e-11 1.75199e-09 5.7061e-08 1.28687e-06 2.00963e-05 0.000217314 0.00162724 0.00843779 0.0303047 0.075446 0.130607 0.159148 0.142768 0.107836 0.0853534 0.074019 0.0608242 0.0452352 0.0317915 0.0212 0.0129215 0.00702192 0.00335584 0.00138306 0.000479624
 3.36089e-11 1.5808e-09 5.14856e-08 1.16113e-06 1.81327e-05 0.00019608 0.00146825 0.00761363 0.0273479 0.0681162 0.118134 0.144962 0.133304 0.107551 0.0934146 0.0854825 0.0707432 0.0518233 0.0358939 0.0240318 0.0150092 0.00843087 0.00413878 0.00172539 0.000594823
 3.66037e-11 1.72166e-09 5.60734e-08 1.2646e-06 1.97485e-05 0.000213552 0.00159907 0.00829174 0.0297799 0.0741377 0.12833 0.156315 0.14005 0.105473 0.0833666 0.0729699 0.0615593 0.0477771 0.03513 0.0242725 0.0152843 0.0086393 0.00430839 0.00183618 0.00064532
 3.93815e-11 1.85232e-09 6.03288e-08 1.36057e-06 2.12472e-05 0.000229758 0.00172042 0.00892086 0.032038 0.0797455 0.137942 0.167574 0.14867 0.10875 0.0815607 0.0676404 0.0539867 0.0392504 0.027489 0.0189602 0.0123473 0.00725143 0.00371449 0.00161142 0.00057524
 3.71888e-11 1.74918e-09 5.69698e-08 1.28481e-06 2.00642e-05 0.000216966 0.00162464 0.00842438 0.0302574 0.0753365 0.130475 0.159254 0.143709 0.110252 0.0890088 0.0772179 0.0615483 0.043096 0.0282983 0.0181902 0.0112353 0.00646246 0.003342 0.00148573 0.000543907
 3.75449e-11 1.76593e-09 5.75152e-08 1.29711e-06 2.02563e-05 0.000219043 0.00164019 0.00850496 0.0305459 0.0760469 0.131649 0.160426 0.143938 0.108755 0.0860584 0.0744164 0.0606473 0.0443235 0.0303019 0.0195772 0.0116524 0.00632459 0.00311056 0.00134788 0.000492555
 4.00176e-11 1.88223e-09 6.13031e-08 1.38254e-06 2.15903e-05 0.000233469 0.0017482 0.00906491 0.0325551 0.0810297 0.140145 0.170165 0.150692 0.109641 0.0814943 0.0671364 0.0533862 0.0384856 0.0262855 0.0172721 0.010527 0.00576343 0.00278188 0.00116118 0.000408926
 3.8307e-11 1.80178e-09 5.86827e-08 1.32344e-06 2.06675e-05 0.000223489 0.00167348 0.0086776 0.0311661 0.0775913 0.134327 0.163706 0.146923 0.111021 0.0875465 0.0746381 0.0588865 0.0408094 0.0264381 0.0166853 0.0100029 0.00548767 0.00267056 0.00111574 0.000387877
 3.70648e-11 1.74335e-09 5.67797e-08 1.28053e-06 1.99973e-05 0.000216242 0.00161922 0.00839627 0.0301563 0.0750838 0.13003 0.158678 0.143091 0.109614 0.0884692 0.0772095 0.0625244 0.0448593 0.0299416 0.0189224 0.0110309 0.00583288 0.00276498 0.00114231 0.000395782
 3.86262e-11 1.81679e-09 5.91717e-08 1.33447e-06 2.08397e-05 0.000225352 0.00168742 0.00874982 0.0314244 0.078225 0.135358 0.164655 0.146795 0.108929 0.0837502 0.0709654 0.0574324 0.0420189 0.028967 0.0189621 0.0113658 0.00607423 0.00285055 0.00115162 0.000390271
 3.47642e-11 1.63514e-09 5.32555e-08 1.20105e-06 1.87561e-05 0.000202821 0.00151872 0.00787531 0.0282872 0.0704496 0.122138 0.149679 0.137001 0.109181 0.0931389 0.0839245 0.0683155 0.0488121 0.0327583 0.0212941 0.0129727 0.00712738 0.00342814 0.00140171 0.000473922
 3.79132e-11 1.78325e-09 5.80794e-08 1.30984e-06 2.0455e-05 0.000221192 0.00165627 0.00858831 0.0308444 0.0767809 0.132859 0.161612 0.144085 0.106981 0.082567 0.070812 0.0587883 0.0447401 0.0320918 0.02156 0.0131599 0.00720059 0.00348472 0.00144756 0.0004977
 3.47933e-11 1.63651e-09 5.33001e-08 1.20205e-06 1.87718e-05 0.000202991 0.00151999 0.00788189 0.0283106 0.0705061 0.122223 0.149721 0.136843 0.108646 0.0922021 0.0828199 0.0674111 0.0484195 0.0330328 0.0221225 0.0139826 0.0079571 0.00394452 0.00165725 0.000574603
 3.96131e-11 1.86321e-09 6.06836e-08 1.36857e-06 2.13722e-05 0.000231109 0.00173053 0.00897327 0.0322257 0.0802068 0.138701 0.168315 0.148752 0.107647 0.0795331 0.0659498 0.0539228 0.0407187 0.0290961 0.0196117 0.012142 0.00681945 0.0034133 0.00146764 0.000520555
 3.7732e-11 1.77473e-09 5.78019e-08 1.30358e-06 2.03573e-05 0.000220135 0.00164836 0.00854739 0.0306988 0.0764314 0.132343 0.161401 0.145218 0.110494 0.0880437 0.0755668 0.0597723 0.0416271 0.0274246 0.0178943 0.0111868 0.00638115 0.00320779 0.00137967 0.000492353
 3.76963e-11 1.77305e-09 5.77471e-08 1.30234e-06 2.0338e-05 0.000219926 0.0016468 0.00853925 0.0306691 0.0763533 0.132179 0.161066 0.144494 0.109126 0.0862518 0.0744096 0.0603627 0.0437635 0.0296267 0.0190058 0.011302 0.0061592 0.0030338 0.00130329 0.000467398
 3.60177e-11 1.6941e-09 5.51757e-08 1.24435e-06 1.94323e-05 0.000210133 0.00157348 0.00815914 0.0293053 0.0729719 0.12642 0.154497 0.140041 0.108793 0.089647 0.0793407 0.0647151 0.0468817 0.0319388 0.0208574 0.0126138 0.0068595 0.00329837 0.00137399 0.000481973
 3.71797e-11 1.74875e-09 5.69557e-08 1.2845e-06 2.00592e-05 0.000216912 0.00162423 0.00842223 0.0302488 0.0753072 0.130369 0.15887 0.142555 0.107756 0.0853989 0.0741465 0.060983 0.0453674 0.0318631 0.0212537 0.0130249 0.00716275 0.00346916 0.00144097 0.000498476
 3.67619e-11 1.7291e-09 5.63157e-08 1.27006e-06 1.98338e-05 0.000214475 0.00160598 0.00832764 0.0299097 0.0744692 0.128961 0.15735 0.141822 0.108493 0.0874063 0.0762767 0.0620309 0.0451457 0.0311583 0.0208229 0.0130033 0.00732047 0.00361382 0.00151921 0.000528033
#spawning biomass
 64032.7 65201.9 50520.6 35583.5 36376.9 72004.9 103758 146611 188395 226047 234581 233757 227005 226823 229698 249155 256684 236870 259171 258006 267197 247857 265612 290758 312571 281585 275468 265930 273537 366119 243278 144577 84903.8 52923.5 36948.3 29310.9 25762.1 24144 23415.7 23090.6 22946.4 22882.7 22854.6 22842.3 22836.9 22834.5 22833.5 22833 22832.8 22832.8 22832.7 22832.7 22832.7 22832.7 22832.7 22832.7 22832.7 22832.7 22832.7 22832.7 22832.7 22832.7 22832.7 22832.7 22832.7 22832.7 22832.7 22832.7 22832.7 22832.7 22832.7 22832.7 22832.7 22832.7 22832.7 22832.7 22832.7 22832.7 22832.7 22832.7 22832.7 22832.7 22832.7 22832.7 22832.7 22832.7 22832.7 22832.7 22832.7 22832.7 22832.7 22832.7 22832.7 22832.7 22832.7 22832.7 22832.7 22832.7 22832.7 22832.7 22832.7 22832.7 22832.7 22832.7 22832.7 22832.7 22832.7 22832.7 22832.7 22832.7 22832.7 22832.7 22832.7 22832.7 22832.7 22832.7 22832.7 22832.7 22832.7 22832.7 22832.7 22832.7 22832.7 22832.7 22832.7 22832.7 22832.7 22832.7 0 0 0 0 0 0 0 0 0 0 0 0 0 0 0 0 0 0 0 0 0 0 0 0 0
