SBPRF35
0.819782
Curr Bio
101368
B35
659448
F35
0.206251
FOFL
0
OFL
0
Bzero
234224
#pred survey bio
 8043.72 6875.38 8098.39 10899.5 14945.2 17882.4 17102.7 21473.3 33098.1 45949.4 60904 78060.4 98617.5 123973 127492 114216 106092 99910.5 97606.3 99033.8 98624.9 95717.7 103056 113416 121485 119327 118520 105502 2.10972e+06 3.7234e+06 4.30334e+06 4.34964e+06 4.08833e+06 3.70491e+06 3.31259e+06 2.96608e+06 2.68365e+06 2.46447e+06 2.29968e+06 2.17832e+06 2.09008e+06 2.02641e+06 1.98026e+06 1.94569e+06 1.92131e+06 1.90397e+06 1.8915e+06 1.88244e+06 1.87579e+06 1.87086e+06 1.86716e+06 1.86435e+06 1.8622e+06 1.86054e+06 1.85925e+06 1.85824e+06 1.85744e+06 1.8568e+06 1.85629e+06 1.85588e+06 1.85555e+06 1.85529e+06 1.85508e+06 1.8549e+06 1.85476e+06 1.85465e+06 1.85455e+06 1.85448e+06 1.85441e+06 1.85436e+06 1.85432e+06 1.85429e+06 1.85426e+06 1.85424e+06 1.85422e+06 1.8542e+06 1.85419e+06 1.85418e+06 1.85417e+06 1.85417e+06 1.85416e+06 1.85416e+06 1.85415e+06 1.85415e+06 1.85415e+06 1.85415e+06 1.85414e+06 1.85414e+06 1.85414e+06 1.85414e+06 1.85414e+06 1.85414e+06 1.85414e+06 1.85414e+06 1.85414e+06 1.85414e+06 1.85414e+06 1.85414e+06 1.85414e+06 1.85414e+06 1.85414e+06 1.85414e+06 1.85414e+06 1.85414e+06 1.85414e+06 1.85414e+06 1.85414e+06 1.85414e+06 1.85414e+06 1.85414e+06 1.85414e+06 1.85414e+06 1.85414e+06 1.85414e+06 1.85414e+06 1.85414e+06 1.85414e+06 1.85414e+06 1.85414e+06 1.85414e+06 1.85414e+06 1.85414e+06 1.85414e+06 1.85414e+06 1.85414e+06 1.85414e+06 1.85414e+06 1.85414e+06 0 0 0 0 0 0 0 0 0 0 0 0 0 0 0 0 0 0 0 0 0 0 0 0 0
#obs survey bio
 7381.09 7116.81 10004.6 10595.3 18693 11862.5 18483.6 18972.9 38111.3 47633.3 71274.4 115675 113014 178004 111182 105905 172446 118609 103099 130624 68825.8 96304.9 122905 136982 159204 144822 83152.1 95034.9
#pred catch bio
 5807.06 5024.46 5999.17 7982.22 10699.8 14128.5 13432.3 15966.6 24775.1 34222.4 46911.4 61237.8 76089.1 99058.4 105288 95711.6 89473.1 83554 82160 85745.4 88155.9 83638.5 88935.6 98804.3 109047 106034 108861 104177 0 29705.3 34148.1 34218.5 31808.1 28460.3 25108.9 22196.1 19858.8 18076.5 16763.9 15820.6 15154.9 14691.3 14370 14144.4 13994 13893.9 13827.2 13782.7 13753.1 13733.4 13720.3 13711.5 13705.7 13701.8 13699.2 13697.5 13696.4 13695.6 13695.1 13694.8 13694.5 13694.4 13694.3 13694.2 13694.2 13694.1 13694.1 13694.1 13694.1 13694.1 13694.1 13694.1 13694.1 13694.1 13694.1 13694.1 13694.1 13694.1 13694.1 13694.1 13694.1 13694.1 13694.1 13694.1 13694.1 13694.1 13694.1 13694.1 13694.1 13694.1 13694.1 13694.1 13694.1 13694.1 13694.1 13694.1 13694.1 13694.1 13694.1 13694.1 13694.1 13694.1 13694.1 13694.1 13694.1 13694.1 13694.1 13694.1 13694.1 13694.1 13694.1 13694.1 13694.1 13694.1 13694.1 13694.1 13694.1 13694.1 13694.1 13694.1 13694.1 13694.1 13694.1 13694.1 13694.1 13694.1 13694.1 13694.1 0 0 0 0 0 0 0 0 0 0 0 0 0 0 0 0 0 0 0 0 0 0 0 0 0
#obs catch bio
 4697.1 4950.84 5778.73 7939.97 10258.8 14295.9 13349.8 15516.6 23773.1 33017.9 45396.7 58069.2 72778 95790.9 105042 96168.5 86182.4 79826.8 80263.3 83738.9 87749.1 82900.1 86030.1 94264.1 104374 102696 107436 105021
#pred cpue bio
 7271.31 5885.01 6754.18 8941.4 12413.7 15406.8 14380.3 17323.6 26858.5 37986.5 50385.9 64063.7 80969.5 102724 108334 96220.3 88395.8 83468.6 81070.5 81567.8 80649.2 77443.2 83491.5 92074.4 98466.9 96729.5 96539.7 85515.4 1.63003e+06 3.68761e+06 4.26755e+06 4.31386e+06 4.05255e+06 3.66913e+06 3.2768e+06 2.9303e+06 2.64786e+06 2.42868e+06 2.2639e+06 2.14253e+06 2.0543e+06 1.99062e+06 1.94448e+06 1.9099e+06 1.88553e+06 1.86818e+06 1.85571e+06 1.84666e+06 1.84001e+06 1.83508e+06 1.83137e+06 1.82857e+06 1.82642e+06 1.82476e+06 1.82347e+06 1.82245e+06 1.82165e+06 1.82101e+06 1.82051e+06 1.8201e+06 1.81977e+06 1.81951e+06 1.81929e+06 1.81912e+06 1.81898e+06 1.81886e+06 1.81877e+06 1.81869e+06 1.81863e+06 1.81858e+06 1.81854e+06 1.8185e+06 1.81848e+06 1.81845e+06 1.81844e+06 1.81842e+06 1.81841e+06 1.8184e+06 1.81839e+06 1.81838e+06 1.81838e+06 1.81837e+06 1.81837e+06 1.81837e+06 1.81836e+06 1.81836e+06 1.81836e+06 1.81836e+06 1.81836e+06 1.81836e+06 1.81836e+06 1.81835e+06 1.81835e+06 1.81835e+06 1.81835e+06 1.81835e+06 1.81835e+06 1.81835e+06 1.81835e+06 1.81835e+06 1.81835e+06 1.81835e+06 1.81835e+06 1.81835e+06 1.81835e+06 1.81835e+06 1.81835e+06 1.81835e+06 1.81835e+06 1.81835e+06 1.81835e+06 1.81835e+06 1.81835e+06 1.81835e+06 1.81835e+06 1.81835e+06 1.81835e+06 1.81835e+06 1.81835e+06 1.81835e+06 1.81835e+06 1.81835e+06 1.81835e+06 1.81835e+06 1.81835e+06 1.81835e+06 1.81835e+06 1.81835e+06 0 0 0 0 0 0 0 0 0 0 0 0 0 0 0 0 0 0 0 0 0 0 0 0 0
#obs cpue bio
 6922.48 8777.17 10794.1 7744.66 24836.7 13094.3 19181.5 30563 51129.1 55968.8 78683.5 105542 133852 106078 110393 101082 117897 143618 97821.4 93265 113133 89978.1 132312 168834 145661 121896 158342 87985
#pred surv len freq
 2.56524e-27 2.59397e-27 3.81688e-26 7.51212e-20 1.84151e-14 5.45671e-10 1.9545e-06 0.000846225 0.0442883 0.28018 0.214536 0.0374553 0.134369 0.124199 0.0318022 0.0417056 0.0194339 0.0170486 0.0115797 0.00958874 0.00809846 0.00745661 0.00790972 0.00725751 0.00224216
 2.56766e-27 2.60014e-27 4.30972e-26 8.55159e-20 2.09632e-14 6.21177e-10 2.22495e-06 0.000963319 0.0504166 0.31895 0.244192 0.0407589 0.138677 0.127735 0.0248392 0.024644 0.00977218 0.00644615 0.00357165 0.00248266 0.00182045 0.00148972 0.00143781 0.0013439 0.000457831
 2.56863e-27 2.6027e-27 4.52448e-26 9.0046e-20 2.20737e-14 6.54083e-10 2.34281e-06 0.00101435 0.0530874 0.335845 0.257101 0.0412227 0.133138 0.122538 0.0224475 0.0204012 0.00699608 0.00307666 0.00130847 0.000677837 0.000387249 0.000263909 0.000221297 0.000199962 7.11906e-05
 2.56935e-27 2.60462e-27 4.68965e-26 9.35303e-20 2.29278e-14 6.79392e-10 2.43347e-06 0.0010536 0.0551416 0.348841 0.267022 0.0411252 0.125426 0.115362 0.0201308 0.0169036 0.00562502 0.00218511 0.000723691 0.000247609 9.61228e-05 4.75503e-05 3.17414e-05 2.60013e-05 9.30358e-06
 2.56869e-27 2.60278e-27 4.52473e-26 9.00509e-20 2.20749e-14 6.54119e-10 2.34294e-06 0.0010144 0.0530903 0.335864 0.257124 0.0418134 0.137617 0.126575 0.0214547 0.017092 0.00555518 0.00195406 0.000607397 0.000170972 4.21053e-05 1.25849e-05 5.5979e-06 3.74669e-06 1.2946e-06
 2.56662e-27 2.59721e-27 4.03603e-26 7.97416e-20 1.95477e-14 5.79233e-10 2.07472e-06 0.000898273 0.0470123 0.297413 0.227782 0.0429155 0.16662 0.153423 0.0277299 0.02465 0.00791981 0.00261198 0.000774202 0.000197153 4.07829e-05 7.50959e-06 1.72472e-06 7.63105e-07 2.39381e-07
 2.5681e-27 2.60128e-27 4.39927e-26 8.74046e-20 2.14262e-14 6.34896e-10 2.27409e-06 0.000984595 0.0515302 0.325994 0.249583 0.0415333 0.140783 0.129641 0.0246018 0.0235165 0.00779105 0.00292945 0.000858886 0.000204628 3.85187e-05 5.80125e-06 7.22693e-07 1.4635e-07 3.60856e-08
 2.57013e-27 2.60671e-27 4.87394e-26 9.74179e-20 2.38808e-14 7.07631e-10 2.53462e-06 0.00109739 0.0574335 0.36334 0.278086 0.040634 0.113914 0.104728 0.0180359 0.0148043 0.00500805 0.00206737 0.000644133 0.00016927 3.0554e-05 4.15321e-06 3.91683e-07 3.30481e-08 4.45731e-09
 2.5698e-27 2.60578e-27 4.78685e-26 9.55805e-20 2.34304e-14 6.94285e-10 2.48681e-06 0.00107669 0.0563503 0.356488 0.272864 0.0412701 0.122424 0.112504 0.0180338 0.0128239 0.00413442 0.00141711 0.000451888 0.000130148 2.58908e-05 3.55952e-06 2.97869e-07 1.56739e-08 7.99751e-10
 2.5689e-27 2.60332e-27 4.57016e-26 9.10093e-20 2.23098e-14 6.6108e-10 2.36788e-06 0.0010252 0.0536553 0.339438 0.259855 0.0418757 0.136172 0.125207 0.0205843 0.0154363 0.00482365 0.00139504 0.000402894 0.000101416 2.15279e-05 3.27621e-06 2.83323e-07 1.26612e-08 3.14346e-10
 2.5689e-27 2.60336e-27 4.57693e-26 9.11523e-20 2.23449e-14 6.62119e-10 2.3716e-06 0.00102681 0.0537396 0.339972 0.260257 0.0415478 0.133395 0.122714 0.0213996 0.0179298 0.00567663 0.00173983 0.000476829 0.000101479 1.85737e-05 2.80292e-06 2.68003e-07 1.23021e-08 2.36584e-10
 2.56929e-27 2.60441e-27 4.66871e-26 9.30884e-20 2.28195e-14 6.76183e-10 2.42197e-06 0.00104862 0.0548811 0.347193 0.265768 0.0413989 0.128389 0.118059 0.019936 0.01577 0.00512314 0.00179041 0.000507927 0.000111295 1.79529e-05 2.27356e-06 2.07351e-07 1.0328e-08 1.99048e-10
 2.56924e-27 2.60427e-27 4.6539e-26 9.27759e-20 2.27429e-14 6.73912e-10 2.41384e-06 0.0010451 0.0546968 0.346027 0.264882 0.0416223 0.130713 0.120165 0.0196145 0.0145001 0.00463644 0.00151636 0.000448301 0.00011008 1.85122e-05 2.17824e-06 1.65556e-07 7.75438e-09 1.58307e-10
 2.56879e-27 2.60304e-27 4.54555e-26 9.04901e-20 2.21826e-14 6.57309e-10 2.35437e-06 0.00101935 0.0533492 0.337502 0.258376 0.0418857 0.137288 0.126249 0.0210053 0.0161374 0.00508553 0.00153599 0.000438493 0.00010364 1.90318e-05 2.41412e-06 1.74163e-07 6.90104e-09 1.32008e-10
 2.56741e-27 2.59928e-27 4.21214e-26 8.34565e-20 2.04584e-14 6.06218e-10 2.17137e-06 0.00094012 0.0492025 0.311269 0.238362 0.0429307 0.159302 0.14655 0.0243435 0.0186454 0.00592588 0.00186878 0.000521438 0.000114421 2.00606e-05 2.65223e-06 2.08133e-07 7.90291e-09 1.30602e-10
 2.56793e-27 2.60073e-27 4.34479e-26 8.62551e-20 2.11444e-14 6.26546e-10 2.24418e-06 0.000971645 0.0508524 0.321706 0.246321 0.0422288 0.148368 0.136532 0.0238555 0.0200562 0.0063797 0.00200615 0.000568194 0.00012805 2.12588e-05 2.64137e-06 2.11351e-07 8.61159e-09 1.37082e-10
 2.56851e-27 2.60228e-27 4.47831e-26 8.90718e-20 2.18349e-14 6.47006e-10 2.31747e-06 0.00100338 0.052513 0.332212 0.25434 0.0420767 0.141577 0.130202 0.0216072 0.0165259 0.00537039 0.00188525 0.000539775 0.000121975 2.07379e-05 2.51477e-06 1.88597e-07 7.7556e-09 1.30101e-10
 2.56834e-27 2.60179e-27 4.43334e-26 8.81229e-20 2.16023e-14 6.40114e-10 2.29278e-06 0.000992686 0.0519536 0.328673 0.251643 0.0424106 0.146013 0.134255 0.0215853 0.0154462 0.00489742 0.00154009 0.000454063 0.000112223 1.93142e-05 2.37806e-06 1.76031e-07 6.85085e-09 1.15291e-10
 2.56865e-27 2.60266e-27 4.5114e-26 8.97697e-20 2.2006e-14 6.52076e-10 2.33563e-06 0.00101124 0.0529245 0.334815 0.256328 0.0420674 0.140109 0.128837 0.0211594 0.0158349 0.00495456 0.00144125 0.000403767 9.24392e-05 1.69892e-05 2.1967e-06 1.64871e-07 6.33906e-09 1.02121e-10
 2.56907e-27 2.60379e-27 4.60961e-26 9.18414e-20 2.25138e-14 6.67125e-10 2.38953e-06 0.00103457 0.0541459 0.342542 0.262224 0.041871 0.134472 0.12361 0.0197978 0.0140464 0.00443209 0.00135529 0.000372135 7.87652e-05 1.33828e-05 1.74595e-06 1.3942e-07 5.46418e-09 8.69329e-11
 2.5694e-27 2.60465e-27 4.68357e-26 9.34016e-20 2.28963e-14 6.78458e-10 2.43012e-06 0.00105215 0.0550657 0.348361 0.266667 0.0418476 0.131173 0.120522 0.0184586 0.0117645 0.00366313 0.00105496 0.000292468 6.39832e-05 1.02963e-05 1.23202e-06 9.66205e-08 3.99373e-09 6.50351e-11
 2.56988e-27 2.60593e-27 4.79496e-26 9.57515e-20 2.34723e-14 6.95527e-10 2.49126e-06 0.00107862 0.0564511 0.357125 0.273357 0.04166 0.125044 0.114836 0.0168937 0.00962148 0.00293075 0.000749205 0.000200253 4.18859e-05 6.88644e-06 8.06478e-07 5.80606e-08 2.33487e-09 3.95912e-11
 2.56981e-27 2.60575e-27 4.77933e-26 9.54217e-20 2.33915e-14 6.93131e-10 2.48268e-06 0.00107491 0.0562567 0.355895 0.272418 0.0417129 0.126107 0.115818 0.0170884 0.00981527 0.0029398 0.00066605 0.000168444 3.16366e-05 4.93348e-06 5.72324e-07 4.06906e-08 1.51894e-09 2.49927e-11
 2.56972e-27 2.60551e-27 4.75889e-26 9.49904e-20 2.32858e-14 6.89999e-10 2.47146e-06 0.00107005 0.0560024 0.354287 0.27119 0.0417266 0.127073 0.116721 0.017454 0.0104219 0.00312816 0.000714144 0.000175025 2.92965e-05 4.14058e-06 4.40372e-07 3.04439e-08 1.11555e-09 1.72446e-11
 2.5698e-27 2.60571e-27 4.77639e-26 9.53598e-20 2.33763e-14 6.92682e-10 2.48107e-06 0.00107421 0.0562202 0.355664 0.272242 0.041684 0.126011 0.115737 0.0172218 0.0101411 0.00306011 0.000727715 0.000179923 3.00269e-05 3.92751e-06 3.69497e-07 2.30283e-08 8.0793e-10 1.21653e-11
 2.56977e-27 2.60564e-27 4.76857e-26 9.51946e-20 2.33358e-14 6.91482e-10 2.47677e-06 0.00107235 0.0561228 0.355048 0.271774 0.0418332 0.127475 0.117059 0.0169198 0.00911897 0.00274007 0.000642364 0.000160172 2.77051e-05 3.64619e-06 3.26409e-07 1.79278e-08 5.61148e-10 7.9977e-12
 2.56955e-27 2.60504e-27 4.71518e-26 9.40683e-20 2.30597e-14 6.83301e-10 2.44747e-06 0.00105966 0.0554588 0.350848 0.268568 0.0419748 0.130804 0.120137 0.0175762 0.00983891 0.00292349 0.000625213 0.000152879 2.61963e-05 3.52458e-06 3.22369e-07 1.70457e-08 4.73833e-10 5.99998e-12
 2.56977e-27 2.60563e-27 4.76679e-26 9.51571e-20 2.33266e-14 6.91209e-10 2.4758e-06 0.00107192 0.0561007 0.354908 0.271668 0.0418866 0.127956 0.117492 0.0168077 0.00875276 0.00260909 0.000579627 0.000139399 2.20319e-05 2.89894e-06 2.6722e-07 1.44579e-08 3.89601e-10 4.42418e-12
#obs surv len freq
 1.64575e-41 2.28419e-33 3.83221e-26 7.77164e-20 1.90513e-14 5.64524e-10 2.02203e-06 0.00087547 0.0458186 0.289862 0.222078 0.0443286 0.164335 0.139627 0.0427804 0.0344982 0.0111265 0.00375722 0.000801624 0.000103402 5.88226e-06 1.06303e-07 4.50358e-10 3.58505e-13 4.64524e-17
 1.90962e-41 2.65043e-33 4.44665e-26 9.01771e-20 2.21059e-14 6.55037e-10 2.34624e-06 0.00101584 0.053165 0.336337 0.257577 0.0440603 0.13194 0.106099 0.033401 0.025364 0.00796124 0.00252449 0.000494095 5.55881e-05 2.60502e-06 3.66724e-08 1.16224e-10 6.74673e-14 6.27657e-18
 1.93044e-41 2.67933e-33 4.49513e-26 9.11603e-20 2.23469e-14 6.62179e-10 2.37182e-06 0.00102692 0.0537447 0.340005 0.26046 0.0470754 0.140803 0.105935 0.026812 0.0170769 0.00520692 0.00154659 0.000277734 2.71174e-05 1.03985e-06 1.13464e-08 2.68108e-11 1.13292e-14 7.56551e-19
 1.96581e-41 2.72841e-33 4.57747e-26 9.28302e-20 2.27562e-14 6.74309e-10 2.41526e-06 0.00104573 0.0547291 0.346233 0.26528 0.0487549 0.138995 0.0985182 0.0262156 0.01547 0.00368705 0.000908231 0.000148169 1.25147e-05 3.90876e-07 3.29303e-09 5.78995e-12 1.77933e-15 8.52574e-20
 1.75798e-41 2.43996e-33 4.09354e-26 8.30163e-20 2.03505e-14 6.03021e-10 2.15992e-06 0.000935172 0.0489432 0.30963 0.237525 0.0549528 0.176657 0.117592 0.0315398 0.0172764 0.00401204 0.000825641 0.000101804 7.11185e-06 1.7996e-07 1.16832e-09 1.52718e-12 3.41325e-16 1.17396e-20
 1.44937e-41 2.01162e-33 3.37492e-26 6.84426e-20 1.67779e-14 4.9716e-10 1.78075e-06 0.000771002 0.0403512 0.255276 0.196291 0.0625063 0.221124 0.140289 0.0493153 0.026911 0.00592916 0.0011147 0.000113879 5.79405e-06 1.10967e-07 5.49742e-10 5.34249e-13 8.69292e-17 2.14863e-21
 2.09408e-41 2.90644e-33 4.87616e-26 9.88874e-20 2.42411e-14 7.18308e-10 2.57286e-06 0.00111396 0.0583003 0.368826 0.282676 0.0502424 0.111877 0.0687026 0.0337649 0.0186707 0.00484981 0.000890991 7.96902e-05 3.1676e-06 4.27465e-08 1.50857e-10 1.06879e-13 1.26394e-17 2.24867e-22
 1.97929e-41 2.74713e-33 4.60888e-26 9.34671e-20 2.29124e-14 6.78935e-10 2.43183e-06 0.0010529 0.0551046 0.34861 0.267594 0.0603435 0.152746 0.082325 0.0195349 0.009056 0.00297703 0.000598207 5.38979e-05 1.7967e-06 1.80481e-08 4.39505e-11 2.13988e-14 1.77926e-18 2.25412e-23
 2.01207e-41 2.79262e-33 4.6852e-26 9.5015e-20 2.32918e-14 6.90179e-10 2.47211e-06 0.00107034 0.0560172 0.354384 0.272127 0.0618799 0.145634 0.0748555 0.0232061 0.00891886 0.0015724 0.000301085 2.97223e-05 9.40952e-07 7.6899e-09 1.36544e-11 4.57633e-15 2.57841e-19 2.23585e-24
 1.72014e-41 2.38744e-33 4.00542e-26 8.12292e-20 1.99124e-14 5.9004e-10 2.11343e-06 0.000915041 0.0478896 0.30297 0.233506 0.0763332 0.199987 0.0959528 0.0293935 0.0107709 0.0020133 0.000246822 1.81789e-05 5.59814e-07 4.10303e-09 5.81665e-12 1.42939e-15 5.62165e-20 3.32572e-25
 2.00722e-41 2.78589e-33 4.6739e-26 9.47858e-20 2.32356e-14 6.88514e-10 2.46615e-06 0.00106776 0.0558821 0.353532 0.27186 0.0668716 0.140573 0.0672277 0.0302535 0.0106213 0.00188119 0.000215403 1.12707e-05 2.40501e-07 1.49166e-09 1.79517e-12 3.50106e-16 1.02876e-20 4.35912e-26
 1.84797e-41 2.56487e-33 4.3031e-26 8.7266e-20 2.13922e-14 6.33891e-10 2.27049e-06 0.000983045 0.0514487 0.325489 0.25121 0.0816037 0.180128 0.0755759 0.0234354 0.00814767 0.00177713 0.000190586 8.55684e-06 1.30051e-07 5.42279e-10 4.92642e-13 7.66485e-17 1.77128e-21 5.70846e-27
 1.92612e-41 2.67333e-33 4.48507e-26 9.09562e-20 2.22969e-14 6.60697e-10 2.36651e-06 0.00102462 0.0536243 0.339255 0.261877 0.0809039 0.160581 0.0670008 0.0267295 0.00758735 0.00126565 0.000142631 6.13929e-06 7.55399e-08 2.23834e-10 1.35508e-13 1.46559e-17 2.50173e-22 6.1242e-28
 1.61538e-41 2.24204e-33 3.76148e-26 7.62821e-20 1.86997e-14 5.54105e-10 1.98472e-06 0.000859313 0.044973 0.284534 0.22156 0.104624 0.217801 0.0841884 0.0309572 0.00885794 0.00150708 0.000130364 4.98064e-06 5.52161e-08 1.29999e-10 5.66321e-14 4.15362e-18 4.7603e-23 8.03112e-29
 1.48489e-41 2.06093e-33 3.45763e-26 7.01201e-20 1.71891e-14 5.09345e-10 1.82439e-06 0.000789899 0.0413402 0.26156 0.204894 0.113126 0.223804 0.0937986 0.0465473 0.0120798 0.00189852 0.000154787 4.69885e-06 4.16738e-08 8.16185e-11 2.80777e-14 1.51988e-18 1.22366e-23 1.4088e-29
 1.72217e-41 2.39025e-33 4.01014e-26 8.13249e-20 1.99358e-14 5.90736e-10 2.11592e-06 0.00091612 0.0479461 0.303352 0.236592 0.103023 0.176744 0.0759634 0.0410351 0.0121868 0.0020857 0.000150084 3.91859e-06 2.72187e-08 4.02923e-11 1.07383e-14 4.50399e-19 2.73293e-24 2.29389e-30
 1.68284e-41 2.33568e-33 3.91858e-26 7.94681e-20 1.94807e-14 5.77248e-10 2.06761e-06 0.000895203 0.0468514 0.296441 0.232771 0.118654 0.192001 0.0704514 0.030708 0.00934126 0.00175003 0.000131143 2.98693e-06 1.67141e-08 1.89258e-11 3.71805e-15 1.14852e-19 5.19449e-25 3.26121e-31
 1.69207e-41 2.34848e-33 3.94005e-26 7.99035e-20 1.95874e-14 5.80411e-10 2.07894e-06 0.000900108 0.0471081 0.298078 0.235006 0.124161 0.185347 0.070131 0.0305603 0.00737577 0.00123503 9.38534e-05 2.04621e-06 9.70634e-09 8.58097e-12 1.26708e-15 2.86863e-20 9.3746e-26 4.24605e-32
 1.65459e-41 2.29646e-33 3.85279e-26 7.81339e-20 1.91536e-14 5.67556e-10 2.03289e-06 0.000880173 0.0460648 0.291499 0.231585 0.135453 0.188295 0.0693856 0.0290334 0.00679771 0.000943753 5.94426e-05 1.1776e-06 4.94983e-09 3.60858e-12 4.12932e-16 6.98471e-21 1.67229e-26 5.47994e-33
 1.74309e-41 2.4193e-33 4.05887e-26 8.23132e-20 2.01781e-14 5.97914e-10 2.14163e-06 0.000927253 0.0485288 0.307102 0.244196 0.133953 0.168604 0.0639211 0.0262494 0.00575595 0.000722687 3.68395e-05 5.73656e-07 1.99181e-09 1.20519e-12 1.11037e-16 1.45723e-21 2.62527e-27 6.33892e-34
 1.70746e-41 2.36984e-33 3.9759e-26 8.06304e-20 1.97656e-14 5.85691e-10 2.09785e-06 0.000908296 0.0475368 0.300862 0.241746 0.148104 0.172992 0.0601982 0.0223471 0.00474342 0.000537533 2.30533e-05 2.77992e-07 7.26027e-10 3.37915e-13 2.4381e-17 2.50154e-22 3.47637e-28 6.36538e-35
 1.72755e-41 2.39773e-33 4.02268e-26 8.15792e-20 1.99982e-14 5.92583e-10 2.12253e-06 0.000918984 0.0480962 0.304436 0.246142 0.152675 0.164319 0.058813 0.0204314 0.0037732 0.000379161 1.38378e-05 1.32156e-07 2.58876e-10 8.81157e-14 4.66622e-18 3.56365e-23 3.72532e-29 5.14815e-36
 1.72506e-41 2.39427e-33 4.01689e-26 8.14616e-20 1.99694e-14 5.91729e-10 2.11948e-06 0.00091766 0.048027 0.304049 0.248223 0.161262 0.160164 0.0557683 0.0181814 0.00313293 0.000264957 7.92809e-06 6.03859e-08 9.02605e-11 2.26547e-14 8.67091e-19 4.75332e-24 3.57635e-30 3.58268e-37
 1.75287e-41 2.43287e-33 4.08164e-26 8.27749e-20 2.02913e-14 6.01268e-10 2.15364e-06 0.000932453 0.0488014 0.309004 0.254149 0.165417 0.15119 0.0521466 0.0157074 0.00246496 0.000180899 4.34808e-06 2.55875e-08 2.91042e-11 5.45038e-15 1.52678e-19 6.03873e-25 3.24871e-31 2.31681e-38
 1.69723e-41 2.35565e-33 3.95209e-26 8.01476e-20 1.96472e-14 5.82184e-10 2.08529e-06 0.000902858 0.0472527 0.299305 0.250784 0.180395 0.153812 0.0512258 0.014176 0.00201625 0.000126449 2.46477e-06 1.11398e-08 9.44128e-12 1.30445e-15 2.67957e-20 7.71328e-26 2.99628e-32 1.53245e-39
 1.59345e-41 2.2116e-33 3.71043e-26 7.52467e-20 1.84458e-14 5.46584e-10 1.95777e-06 0.000847649 0.0443637 0.281164 0.241982 0.197342 0.160765 0.0567668 0.0147862 0.00187876 9.98635e-05 1.56542e-06 5.45193e-09 3.44836e-12 3.48362e-16 5.18422e-21 1.07787e-26 3.01985e-33 1.1118e-40
 1.58862e-41 2.2049e-33 3.69918e-26 7.50187e-20 1.83899e-14 5.44928e-10 1.95184e-06 0.000845081 0.0442297 0.280439 0.244645 0.199755 0.154711 0.0584949 0.0150106 0.0017861 8.01608e-05 1.00156e-06 2.6753e-09 1.26422e-12 9.37324e-17 1.01107e-21 1.51153e-27 3.03199e-34 7.97854e-42
 1.64401e-41 2.28178e-33 3.82815e-26 7.76342e-20 1.90311e-14 5.63926e-10 2.01989e-06 0.000874544 0.0457723 0.290335 0.255108 0.198899 0.142374 0.0520943 0.0129922 0.00148967 5.85994e-05 5.88357e-07 1.20045e-09 4.22537e-13 2.29865e-17 1.80118e-22 1.9422e-28 2.79514e-35 5.25635e-43
#pred catch len freq
 2.56448e-27 2.59191e-27 3.6393e-26 7.13753e-20 1.74968e-14 5.18461e-10 1.85704e-06 0.000804028 0.0420799 0.266209 0.20387 0.0375861 0.142858 0.132068 0.0338172 0.0443481 0.0206653 0.0181288 0.0123134 0.0101963 0.00861158 0.00792906 0.00841088 0.00771735 0.00238422
 2.56704e-27 2.59847e-27 4.16325e-26 8.24261e-20 2.02058e-14 5.98733e-10 2.14456e-06 0.000928513 0.048595 0.307425 0.235398 0.0410992 0.147446 0.135835 0.0264143 0.0262067 0.0103919 0.00685492 0.00379814 0.0026401 0.00193589 0.00158418 0.00152899 0.00142912 0.000486864
 2.56811e-27 2.60129e-27 4.39954e-26 8.74103e-20 2.14276e-14 6.34937e-10 2.27424e-06 0.000984659 0.0515335 0.326015 0.2496 0.0415705 0.141054 0.129845 0.0237863 0.0216179 0.00741331 0.00326014 0.0013865 0.000718262 0.000410344 0.000279648 0.000234494 0.000211887 7.54362e-05
 2.56883e-27 2.60319e-27 4.56353e-26 9.08696e-20 2.22756e-14 6.60065e-10 2.36424e-06 0.00102363 0.0535729 0.338917 0.259451 0.0415 0.133597 0.122902 0.0214464 0.0180083 0.00599265 0.00232792 0.000770988 0.000263791 0.000102405 5.0658e-05 3.38159e-05 2.77007e-05 9.91162e-06
 2.56806e-27 2.60108e-27 4.37359e-26 8.68626e-20 2.12933e-14 6.30959e-10 2.25999e-06 0.00097849 0.0512106 0.323973 0.248052 0.0422767 0.147517 0.135707 0.0230026 0.0183251 0.00595598 0.00209504 0.00065122 0.000183308 4.51431e-05 1.34929e-05 6.00178e-06 4.017e-06 1.38801e-06
 2.56629e-27 2.59632e-27 3.95707e-26 7.8076e-20 1.91394e-14 5.67134e-10 2.03138e-06 0.00087951 0.0460304 0.291201 0.223042 0.0431455 0.1717 0.158112 0.0285774 0.0254034 0.00816185 0.00269181 0.000797863 0.000203179 4.20293e-05 7.7391e-06 1.77743e-06 7.86426e-07 2.46697e-07
 2.56778e-27 2.6004e-27 4.32171e-26 8.57685e-20 2.10251e-14 6.23012e-10 2.23152e-06 0.000966165 0.0505656 0.319892 0.244927 0.0417478 0.145687 0.13417 0.0254612 0.024338 0.00806321 0.00303179 0.000888889 0.000211776 3.98642e-05 6.0039e-06 7.47939e-07 1.51463e-07 3.73462e-08
 2.56969e-27 2.60551e-27 4.768e-26 9.51831e-20 2.3333e-14 6.91399e-10 2.47647e-06 0.00107222 0.056116 0.355005 0.271727 0.0409522 0.120803 0.111083 0.0191305 0.0157027 0.00531198 0.00219284 0.000683224 0.000179543 3.24082e-05 4.40525e-06 4.15453e-07 3.50538e-08 4.72782e-09
 2.56937e-27 2.6046e-27 4.6821e-26 9.33707e-20 2.28887e-14 6.78233e-10 2.42932e-06 0.0010518 0.0550475 0.348246 0.266576 0.0416061 0.129399 0.118935 0.0190646 0.0135569 0.00437074 0.00149811 0.000477718 0.000137587 2.73707e-05 3.76298e-06 3.14895e-07 1.65698e-08 8.45464e-10
 2.56841e-27 2.60199e-27 4.45224e-26 8.85218e-20 2.17e-14 6.43011e-10 2.30316e-06 0.000997179 0.0521888 0.330161 0.252776 0.0422488 0.143985 0.132412 0.0217687 0.0163245 0.0051012 0.00147531 0.000426076 0.000107251 2.27666e-05 3.46472e-06 2.99625e-07 1.33897e-08 3.32434e-10
 2.56852e-27 2.60234e-27 4.48709e-26 8.9257e-20 2.18803e-14 6.48352e-10 2.32229e-06 0.00100546 0.0526222 0.332903 0.254863 0.0418186 0.139245 0.128112 0.0223409 0.0187184 0.00592632 0.00181636 0.000497802 0.000105943 1.93907e-05 2.92621e-06 2.79791e-07 1.28432e-08 2.4699e-10
 2.56899e-27 2.60361e-27 4.59743e-26 9.15847e-20 2.24509e-14 6.6526e-10 2.38285e-06 0.00103168 0.0539946 0.341584 0.261489 0.0416184 0.133066 0.122373 0.0206644 0.0163462 0.00531034 0.00185583 0.000526487 0.000115362 1.86089e-05 2.35664e-06 2.14928e-07 1.07054e-08 2.06321e-10
 2.56889e-27 2.6033e-27 4.56814e-26 9.09667e-20 2.22994e-14 6.60771e-10 2.36677e-06 0.00102472 0.0536302 0.339279 0.259734 0.0418942 0.136399 0.125408 0.0204703 0.0151328 0.00483873 0.00158252 0.000467861 0.000114883 1.93199e-05 2.27328e-06 1.7278e-07 8.09271e-09 1.65215e-10
 2.56855e-27 2.60239e-27 4.48773e-26 8.92704e-20 2.18836e-14 6.48449e-10 2.32264e-06 0.00100561 0.0526301 0.332953 0.254906 0.0420668 0.141104 0.129769 0.0215909 0.0165873 0.0052273 0.00157881 0.000450718 0.000106529 1.95624e-05 2.48142e-06 1.79019e-07 7.09343e-09 1.35688e-10
 2.56728e-27 2.59895e-27 4.18299e-26 8.28417e-20 2.03076e-14 6.01752e-10 2.15537e-06 0.000933194 0.04884 0.308976 0.236612 0.043022 0.161226 0.148324 0.0246382 0.0188712 0.00599762 0.0018914 0.000527751 0.000115807 2.03034e-05 2.68434e-06 2.10653e-07 7.99859e-09 1.32183e-10
 2.56788e-27 2.60059e-27 4.33243e-26 8.59944e-20 2.10805e-14 6.24653e-10 2.2374e-06 0.000968709 0.0506988 0.320734 0.245579 0.0422659 0.149172 0.137273 0.023985 0.0201651 0.00641435 0.00201705 0.00057128 0.000128746 2.13743e-05 2.65572e-06 2.12499e-07 8.65836e-09 1.37826e-10
 2.56849e-27 2.60222e-27 4.47323e-26 8.89645e-20 2.18086e-14 6.46227e-10 2.31468e-06 0.00100217 0.0524498 0.331812 0.254035 0.0420925 0.141912 0.130511 0.0216585 0.0165652 0.00538314 0.00188973 0.000541057 0.000122265 2.07871e-05 2.52074e-06 1.89044e-07 7.77402e-09 1.3041e-10
 2.56828e-27 2.60164e-27 4.41923e-26 8.78252e-20 2.15293e-14 6.37951e-10 2.28503e-06 0.000989332 0.0517781 0.327562 0.250796 0.0424559 0.146953 0.135122 0.0217247 0.015546 0.00492904 0.00155003 0.000456995 0.000112948 1.94389e-05 2.39341e-06 1.77167e-07 6.89508e-09 1.16036e-10
 2.56862e-27 2.60258e-27 4.50439e-26 8.96219e-20 2.19697e-14 6.51002e-10 2.33178e-06 0.00100957 0.0528374 0.334264 0.255907 0.0420896 0.140574 0.129265 0.0212297 0.0158875 0.00497103 0.00144604 0.000405109 9.27464e-05 1.70457e-05 2.204e-06 1.65419e-07 6.36013e-09 1.0246e-10
 2.56916e-27 2.60404e-27 4.63189e-26 9.23115e-20 2.2629e-14 6.70539e-10 2.40176e-06 0.00103987 0.054423 0.344295 0.263562 0.0417992 0.132985 0.12224 0.0195783 0.0138907 0.00438296 0.00134027 0.00036801 7.7892e-05 1.32344e-05 1.72659e-06 1.37875e-07 5.4036e-09 8.59691e-11
 2.56963e-27 2.60527e-27 4.73872e-26 9.45651e-20 2.31815e-14 6.86909e-10 2.46039e-06 0.00106526 0.0557517 0.3527 0.269978 0.0416637 0.127447 0.117088 0.0179327 0.0114293 0.00355877 0.0010249 0.000284135 6.21604e-05 1.0003e-05 1.19692e-06 9.38678e-08 3.87995e-09 6.31823e-11
 2.57e-27 2.60626e-27 4.82441e-26 9.63727e-20 2.36246e-14 7.00039e-10 2.50742e-06 0.00108562 0.0568173 0.359442 0.275124 0.0415588 0.123033 0.112983 0.0166211 0.00946621 0.00288345 0.000737115 0.000197022 4.12099e-05 6.77531e-06 7.93464e-07 5.71237e-08 2.29719e-09 3.89523e-11
 2.56988e-27 2.60595e-27 4.79675e-26 9.57891e-20 2.34816e-14 6.958e-10 2.49224e-06 0.00107904 0.0564733 0.357266 0.273464 0.0416531 0.124917 0.114721 0.0169267 0.00972236 0.00291197 0.000659745 0.00016685 3.13371e-05 4.88678e-06 5.66907e-07 4.03054e-08 1.50456e-09 2.47561e-11
 2.56983e-27 2.60582e-27 4.78582e-26 9.55586e-20 2.3425e-14 6.94125e-10 2.48624e-06 0.00107645 0.0563374 0.356406 0.272807 0.0416349 0.12524 0.115031 0.0172013 0.0102711 0.00308288 0.000703808 0.000172492 2.88724e-05 4.08065e-06 4.33998e-07 3.00032e-08 1.09941e-09 1.6995e-11
 2.57003e-27 2.60635e-27 4.83353e-26 9.6565e-20 2.36718e-14 7.01436e-10 2.51243e-06 0.00108779 0.0569308 0.36016 0.275671 0.0414889 0.122117 0.11215 0.016688 0.00982675 0.00296525 0.000705158 0.000174345 2.90961e-05 3.80576e-06 3.58044e-07 2.23145e-08 7.82886e-10 1.17882e-11
 2.56997e-27 2.60617e-27 4.81537e-26 9.6182e-20 2.35778e-14 6.98654e-10 2.50246e-06 0.00108347 0.0567049 0.358731 0.274583 0.0416703 0.124262 0.114099 0.016492 0.00888838 0.00267078 0.000626121 0.000156122 2.70045e-05 3.55399e-06 3.18155e-07 1.74744e-08 5.46959e-10 7.79547e-12
 2.5699e-27 2.60598e-27 4.79923e-26 9.58416e-20 2.34944e-14 6.96181e-10 2.49361e-06 0.00107964 0.0565042 0.357461 0.273614 0.0416842 0.125048 0.114834 0.0168004 0.00940461 0.00279445 0.000597616 0.000146131 2.50399e-05 3.369e-06 3.08139e-07 1.62933e-08 4.52917e-10 5.73514e-12
 2.57046e-27 2.6075e-27 4.93318e-26 9.86674e-20 2.41871e-14 7.16707e-10 2.56713e-06 0.00111147 0.0581702 0.368001 0.281655 0.0413033 0.1165 0.10694 0.0152981 0.00796665 0.00237476 0.000527568 0.000126879 2.00531e-05 2.63858e-06 2.4322e-07 1.31594e-08 3.5461e-10 4.02683e-12
#obs catch len freq
 1.64054e-41 2.27696e-33 3.82007e-26 7.74702e-20 1.89909e-14 5.62735e-10 2.01563e-06 0.000872696 0.0456735 0.288944 0.221377 0.0443474 0.164911 0.140112 0.0428916 0.0346259 0.0113463 0.00391289 0.000861444 0.000115469 6.87129e-06 1.29783e-07 5.72335e-10 4.72262e-13 6.31724e-17
 1.65357e-41 2.29505e-33 3.85042e-26 7.80858e-20 1.91418e-14 5.67207e-10 2.03164e-06 0.000879631 0.0460364 0.29124 0.223194 0.046404 0.167809 0.135042 0.0426139 0.0324283 0.0102861 0.00331489 0.000667709 7.78897e-05 3.80652e-06 5.59043e-08 1.84099e-10 1.10491e-13 1.05828e-17
 1.92275e-41 2.66866e-33 4.47723e-26 9.07972e-20 2.22579e-14 6.59541e-10 2.36237e-06 0.00102282 0.0535306 0.33865 0.259401 0.0458056 0.133658 0.101557 0.0329767 0.0235086 0.00725947 0.00218459 0.000401059 4.04339e-05 1.6112e-06 1.82801e-08 4.47842e-11 1.95348e-14 1.34081e-18
 1.94892e-41 2.70496e-33 4.53814e-26 9.20326e-20 2.25607e-14 6.68515e-10 2.39451e-06 0.00103674 0.0542589 0.343258 0.263014 0.0489815 0.141486 0.100174 0.0259513 0.015604 0.00468093 0.00131267 0.000219524 1.90242e-05 6.14079e-07 5.3574e-09 9.73519e-12 3.08165e-15 1.51559e-19
 1.98844e-41 2.75982e-33 4.63016e-26 9.38988e-20 2.30182e-14 6.82071e-10 2.44307e-06 0.00105776 0.0553592 0.350219 0.268402 0.0507051 0.138721 0.0923607 0.0252002 0.013869 0.00322456 0.000756118 0.000114129 8.47283e-06 2.20542e-07 1.47433e-09 1.98374e-12 4.55364e-16 1.60426e-20
 1.78907e-41 2.48311e-33 4.16593e-26 8.44843e-20 2.07103e-14 6.13685e-10 2.19812e-06 0.00095171 0.0498087 0.315106 0.241821 0.0575596 0.175536 0.109559 0.0301201 0.0153292 0.00346038 0.000664983 7.60373e-05 4.65209e-06 9.71882e-08 4.97015e-10 4.94862e-13 8.23854e-17 2.0801e-21
 1.48961e-41 2.06748e-33 3.46863e-26 7.0343e-20 1.72438e-14 5.10964e-10 1.83019e-06 0.00079241 0.0414716 0.262365 0.201876 0.0660768 0.219518 0.130846 0.0473278 0.0236928 0.00506478 0.000882594 8.20625e-05 3.64053e-06 5.7459e-08 2.22942e-10 1.64302e-13 1.98602e-17 3.59784e-22
 2.1278e-41 2.95325e-33 4.95469e-26 1.0048e-19 2.46315e-14 7.29877e-10 2.6143e-06 0.0011319 0.0592392 0.374766 0.287306 0.0519575 0.1092 0.0633746 0.031995 0.0162092 0.00407781 0.00068331 5.49989e-05 1.87597e-06 2.0749e-08 5.72996e-11 3.07058e-14 2.69105e-18 3.5035e-23
 2.01884e-41 2.80202e-33 4.70096e-26 9.53346e-20 2.33701e-14 6.925e-10 2.48042e-06 0.00107394 0.0562056 0.355576 0.273058 0.0626124 0.148132 0.0744451 0.0180015 0.00789846 0.0025012 0.000455613 3.62112e-05 1.0199e-06 8.30109e-09 1.57546e-11 5.79905e-15 3.56966e-19 3.3049e-24
 2.05363e-41 2.85031e-33 4.78198e-26 9.69777e-20 2.37729e-14 7.04435e-10 2.52317e-06 0.00109245 0.0571743 0.361706 0.277877 0.0640657 0.140323 0.0675183 0.0212717 0.00743754 0.00128254 0.000229117 1.96374e-05 5.15778e-07 3.36656e-09 4.62495e-12 1.16905e-15 4.87508e-20 3.08827e-25
 1.77152e-41 2.45876e-33 4.12508e-26 8.36557e-20 2.05072e-14 6.07666e-10 2.17656e-06 0.000942376 0.0493202 0.312022 0.240686 0.0796749 0.192981 0.0866706 0.0268793 0.0090253 0.00160452 0.000179631 1.1869e-05 3.0077e-07 1.7346e-09 1.88375e-12 3.47521e-16 1.01036e-20 4.36771e-26
 2.0558e-41 2.85331e-33 4.78703e-26 9.70799e-20 2.3798e-14 7.05178e-10 2.52583e-06 0.0010936 0.0572346 0.36209 0.2786 0.0689889 0.133747 0.0605997 0.0273027 0.00871624 0.00146638 0.000150789 6.90108e-06 1.23158e-07 6.00642e-10 5.48826e-13 7.98483e-17 1.72933e-21 5.35129e-27
 1.90277e-41 2.64092e-33 4.43069e-26 8.98535e-20 2.20265e-14 6.52686e-10 2.33782e-06 0.00101219 0.0529742 0.335143 0.258896 0.0844198 0.171027 0.0672863 0.0209453 0.00678114 0.00137646 0.000130995 5.05811e-06 6.32233e-08 2.08268e-10 1.43876e-13 1.66293e-17 2.8211e-22 6.62554e-28
 1.9808e-41 2.74922e-33 4.61239e-26 9.35383e-20 2.29298e-14 6.79452e-10 2.43369e-06 0.0010537 0.0551466 0.348888 0.269556 0.0833164 0.151394 0.0598849 0.0235791 0.00610963 0.00096846 9.68891e-05 3.50977e-06 3.49974e-08 8.1117e-11 3.73302e-14 3.00164e-18 3.75355e-23 6.67609e-29
 1.67996e-41 2.33167e-33 3.91187e-26 7.93319e-20 1.94473e-14 5.76258e-10 2.06406e-06 0.000893668 0.0467711 0.295915 0.2308 0.108435 0.206018 0.07544 0.0272952 0.00721079 0.00112988 8.682e-05 2.80511e-06 2.48363e-08 4.52259e-11 1.48926e-14 8.11073e-19 6.81098e-24 8.33982e-30
 1.55363e-41 2.15634e-33 3.61771e-26 7.33664e-20 1.79849e-14 5.32926e-10 1.90885e-06 0.000826468 0.0432541 0.273675 0.214835 0.117486 0.211991 0.0858087 0.0408589 0.00974515 0.00141387 0.000100721 2.55805e-06 1.8142e-08 2.72978e-11 7.04948e-15 2.82392e-19 1.66477e-24 1.39203e-30
 1.78947e-41 2.48367e-33 4.16686e-26 8.45032e-20 2.07149e-14 6.13822e-10 2.19861e-06 0.000951922 0.0498199 0.315214 0.246249 0.105896 0.165459 0.0692999 0.0356565 0.00984268 0.00151253 9.45302e-05 2.04191e-06 1.12326e-08 1.27496e-11 2.54357e-15 7.86617e-20 3.48712e-25 2.12476e-31
 1.75122e-41 2.43057e-33 4.07779e-26 8.26967e-20 2.02721e-14 6.007e-10 2.15161e-06 0.000931573 0.0487549 0.308494 0.242746 0.121597 0.17876 0.0633008 0.0265061 0.00755854 0.0012672 8.09138e-05 1.50318e-06 6.60929e-09 5.7026e-12 8.36265e-16 1.90122e-20 6.26826e-26 2.85114e-32
 1.76174e-41 2.44519e-33 4.1023e-26 8.31939e-20 2.0394e-14 6.04312e-10 2.16455e-06 0.000937174 0.049048 0.310364 0.245253 0.126737 0.171841 0.0631599 0.0258761 0.00583718 0.000885978 5.70259e-05 9.98672e-07 3.6768e-09 2.46169e-12 2.7034e-16 4.49478e-21 1.0694e-26 3.50468e-33
 1.72568e-41 2.39513e-33 4.01833e-26 8.14909e-20 1.99765e-14 5.91941e-10 2.12024e-06 0.00091799 0.048044 0.304038 0.242202 0.137902 0.174081 0.0623761 0.0244423 0.00530047 0.000657807 3.53189e-05 5.5934e-07 1.80609e-09 9.89058e-13 8.37863e-17 1.03826e-21 1.80718e-27 4.28146e-34
 1.81344e-41 2.51693e-33 4.22267e-26 8.56349e-20 2.09924e-14 6.22043e-10 2.22806e-06 0.000964672 0.0504872 0.319513 0.254722 0.135472 0.15487 0.05724 0.0218025 0.00441547 0.000489505 2.10147e-05 2.61606e-07 6.95721e-10 3.14376e-13 2.13342e-17 2.04452e-22 2.6731e-28 4.66223e-35
 1.77905e-41 2.46921e-33 4.14261e-26 8.40112e-20 2.05944e-14 6.10249e-10 2.18581e-06 0.000946381 0.0495301 0.313502 0.252664 0.149244 0.158236 0.0534734 0.0184402 0.00359392 0.000355954 1.27026e-05 1.21419e-07 2.42363e-10 8.40753e-14 4.45356e-18 3.32585e-23 3.3461e-29 4.41906e-36
 1.7993e-41 2.49731e-33 4.18976e-26 8.49674e-20 2.08288e-14 6.17194e-10 2.21069e-06 0.000957152 0.0500939 0.31711 0.257194 0.153138 0.149821 0.0520249 0.0165989 0.0028075 0.000245196 7.36313e-06 5.52496e-08 8.22766e-11 2.08257e-14 8.08389e-19 4.48425e-24 3.38564e-30 3.3672e-37
 1.79725e-41 2.49447e-33 4.18499e-26 8.48708e-20 2.08051e-14 6.16493e-10 2.20818e-06 0.000956064 0.0500371 0.316812 0.259511 0.161052 0.145511 0.0490173 0.0146452 0.00228497 0.000166511 4.07471e-06 2.4202e-08 2.73508e-11 5.08876e-15 1.42531e-19 5.66906e-25 3.07684e-31 2.21473e-38
 1.82451e-41 2.5323e-33 4.24847e-26 8.6158e-20 2.11206e-14 6.25843e-10 2.24167e-06 0.000970565 0.0507962 0.321681 0.265475 0.164382 0.136843 0.0454793 0.0124948 0.00176408 0.000110328 2.14905e-06 9.81388e-09 8.40439e-12 1.16304e-15 2.37959e-20 6.8216e-26 2.64576e-32 1.35511e-39
 1.7699e-41 2.45651e-33 4.12131e-26 8.35793e-20 2.04885e-14 6.07111e-10 2.17457e-06 0.000941515 0.0492762 0.312183 0.262587 0.178823 0.139091 0.0444263 0.0111763 0.00141762 7.51028e-05 1.17557e-06 4.0971e-09 2.60546e-12 2.65377e-16 3.97421e-21 8.281e-27 2.31739e-33 8.50917e-41
 1.6686e-41 2.3159e-33 3.88541e-26 7.87953e-20 1.93158e-14 5.72361e-10 2.0501e-06 0.000887625 0.0464563 0.294508 0.254586 0.195521 0.145982 0.0491442 0.0115557 0.00129857 5.77794e-05 7.21495e-07 1.92639e-09 9.1079e-13 6.76797e-17 7.332e-22 1.10215e-27 2.22227e-34 5.86942e-42
 1.66447e-41 2.31017e-33 3.87579e-26 7.86002e-20 1.92679e-14 5.70944e-10 2.04503e-06 0.000885427 0.0463418 0.29393 0.257518 0.197315 0.140692 0.0504255 0.0116354 0.00120867 4.49565e-05 4.44094e-07 9.04662e-10 3.18466e-13 1.73301e-17 1.35896e-22 1.46755e-28 2.11709e-35 3.99403e-43
#spawning biomass
 7883.62 6670.27 7820.18 10494.5 14421.1 17368.6 16538.9 20615.7 31807.9 44301.2 58727.3 75164.9 94966.1 119574 123519 110487 102427 96504.7 94182.6 95419.1 94905.8 91938.5 99009.6 109002 116725 114653 113973 101368 83779 176376 202653 203068 188847 169096 149324 132138 118349 107834 100089 94524.4 90596.9 87861.5 85966.3 84634.9 83747.9 83157.1 82763.5 82501.4 82326.7 82210.4 82132.9 82081.2 82046.9 82023.9 82008.7 81998.5 81991.8 81987.2 81984.2 81982.2 81980.9 81980 81979.4 81979 81978.8 81978.6 81978.5 81978.4 81978.3 81978.3 81978.3 81978.3 81978.3 81978.3 81978.2 81978.2 81978.2 81978.2 81978.2 81978.2 81978.2 81978.2 81978.2 81978.2 81978.2 81978.2 81978.2 81978.2 81978.2 81978.2 81978.2 81978.2 81978.2 81978.2 81978.2 81978.2 81978.2 81978.2 81978.2 81978.2 81978.2 81978.2 81978.2 81978.2 81978.2 81978.2 81978.2 81978.2 81978.2 81978.2 81978.2 81978.2 81978.2 81978.2 81978.2 81978.2 81978.2 81978.2 81978.2 81978.2 81978.2 81978.2 81978.2 81978.2 81978.2 81978.2 81978.2 81978.2 0 0 0 0 0 0 0 0 0 0 0 0 0 0 0 0 0 0 0 0 0 0 0 0 0
