SBPRF35
0.215009
Curr Bio
277022
B35
536156
F35
0.791361
FOFL
0.396087
OFL
24580.7
Bzero
61430.8
#pred survey bio
 36447.1 26245.3 16806.9 13282.6 27939.5 40588.9 78020.1 136213 188485 212441 188642 200560 225895 246756 261751 250008 245805 266846 311861 296660 302162 322165 294283 310451 305436 334353 380951 353024 1.25202e+07 1.04218e+07 5.98675e+06 3.23803e+06 1.86546e+06 1.22311e+06 918466 764821 680996 632007 601991 583091 571025 563277 558278 554996 552925 551615 550784 550257 549922 549709 549573 549487 549432 549397 549375 549361 549352 549346 549342 549340 549339 549338 549337 549337 549336 549336 549336 549336 549336 549336 549336 549336 549336 549336 549336 549336 549336 549336 549336 549336 549336 549336 549336 549336 549336 549336 549336 549336 549336 549336 549336 549336 549336 549336 549336 549336 549336 549336 549336 549336 549336 549336 549336 549336 549336 549336 549336 549336 549336 549336 549336 549336 549336 549336 549336 549336 549336 549336 549336 549336 549336 549336 549336 549336 549336 549336 549336 549336 0 0 0 0 0 0 0 0 0 0 0 0 0 0 0 0 0 0 0 0 0 0 0 0 0
#obs survey bio
 35245.2 19845.7 11067.2 12540.1 20787 40808.1 72364.7 230356 201737 170324 113038 217473 153801 254998 189510 176930 153124 177167 340304 219286 292811 270976 207325 206625 179502 281282 288596 270900
#pred catch bio
 24033.4 17304.2 12031.7 6987.76 20203.9 25459.2 52090.1 93146.3 140383 174525 154425 165340 191377 204117 229165 216120 207064 219674 257784 233781 224220 254620 228313 250989 240715 234784 277595 235509 24580.7 219857 111142 50255.8 23602.5 13336.3 9688.4 8460.76 8063.12 7937.84 7899.18 7887.42 7883.89 7882.84 7882.53 7882.43 7882.41 7882.4 7882.4 7882.4 7882.4 7882.4 7882.4 7882.4 7882.4 7882.4 7882.4 7882.4 7882.4 7882.4 7882.4 7882.4 7882.4 7882.4 7882.4 7882.4 7882.4 7882.4 7882.4 7882.4 7882.4 7882.4 7882.4 7882.4 7882.4 7882.4 7882.4 7882.4 7882.4 7882.4 7882.4 7882.4 7882.4 7882.4 7882.4 7882.4 7882.4 7882.4 7882.4 7882.4 7882.4 7882.4 7882.4 7882.4 7882.4 7882.4 7882.4 7882.4 7882.4 7882.4 7882.4 7882.4 7882.4 7882.4 7882.4 7882.4 7882.4 7882.4 7882.4 7882.4 7882.4 7882.4 7882.4 7882.4 7882.4 7882.4 7882.4 7882.4 7882.4 7882.4 7882.4 7882.4 7882.4 7882.4 7882.4 7882.4 7882.4 7882.4 7882.4 7882.4 0 0 0 0 0 0 0 0 0 0 0 0 0 0 0 0 0 0 0 0 0 0 0 0 0
#obs catch bio
 21732.6 17556.5 13735.6 6911.62 15406.3 20328.8 39160.3 71969.6 104511 157014 144593 140563 172560 179578 206863 210607 186809 196294 218411 209073 177478 226366 202006 218202 219070 192261 245984 198354
#pred cpue bio
 29679.7 22470.2 15510.3 7105.56 12292 17377.1 30515 53968.4 85285.2 109943 96591.5 89089.6 93378.2 97738.1 117636 95258.1 97568.8 101185 108165 95934.2 101295 99562.2 87667.4 97517.9 86332.8 87037 95101.3 86451.9 3.19009e+06 1.02957e+07 5.86726e+06 3.11721e+06 1.74462e+06 1.10226e+06 797620 643975 560150 511161 481145 462245 450179 442431 437432 434150 432079 430769 429938 429411 429076 428863 428727 428641 428586 428551 428529 428515 428506 428500 428497 428494 428493 428492 428491 428491 428491 428490 428490 428490 428490 428490 428490 428490 428490 428490 428490 428490 428490 428490 428490 428490 428490 428490 428490 428490 428490 428490 428490 428490 428490 428490 428490 428490 428490 428490 428490 428490 428490 428490 428490 428490 428490 428490 428490 428490 428490 428490 428490 428490 428490 428490 428490 428490 428490 428490 428490 428490 428490 428490 428490 428490 428490 428490 428490 428490 428490 428490 428490 428490 0 0 0 0 0 0 0 0 0 0 0 0 0 0 0 0 0 0 0 0 0 0 0 0 0
#obs cpue bio
 24241.7 26718.5 10952.1 13900.7 33290.2 47073 89146.4 114178 210156 205002 202989 183909 187368 157942 248510 146037 228172 235356 218965 183951 273833 190843 189578 260641 206092 236248 206120 218291
#pred surv len freq
 1.06937e-11 1.1607e-09 7.42845e-08 2.80327e-06 6.23765e-05 0.000818426 0.00633289 0.0289205 0.0782362 0.127719 0.136862 0.124955 0.125297 0.115863 0.0854744 0.0567039 0.03727 0.0238403 0.0153547 0.0104407 0.00770662 0.00628112 0.00535995 0.00410752 0.00239239
 7.70963e-12 8.36806e-10 5.35555e-08 2.02102e-06 4.49709e-05 0.000590082 0.00456715 0.020884 0.0568673 0.0958278 0.116571 0.140461 0.173793 0.164594 0.107005 0.0543333 0.0274667 0.0151509 0.00865417 0.00498193 0.00299407 0.00200552 0.0014966 0.00108331 0.000626528
 4.75713e-12 5.16341e-10 3.30458e-08 1.24705e-06 2.77492e-05 0.000364129 0.00281914 0.0129104 0.0354224 0.0618307 0.084886 0.123736 0.172247 0.177477 0.135614 0.0896358 0.053396 0.0267142 0.0118798 0.00540606 0.00263182 0.00138172 0.000819267 0.000516792 0.000283114
 1.79883e-11 1.95246e-09 1.24957e-07 4.71549e-06 0.000104925 0.00137665 0.0106506 0.0485966 0.130893 0.209078 0.202656 0.132133 0.0785225 0.0559891 0.043227 0.0335485 0.0243167 0.0151519 0.00796494 0.00350673 0.0013587 0.000526379 0.00022795 0.000111867 5.35537e-05
 1.82507e-11 1.98094e-09 1.2678e-07 4.78427e-06 0.000106456 0.00139674 0.0108064 0.0493159 0.132945 0.213281 0.21109 0.149184 0.102958 0.0730905 0.0391505 0.0132518 0.00278908 0.000442579 0.00010815 4.75747e-05 2.03344e-05 7.24114e-06 2.3255e-06 7.85248e-07 2.86804e-07
 1.84535e-11 2.00295e-09 1.28189e-07 4.83744e-06 0.000107639 0.00141226 0.0109264 0.0498627 0.134407 0.215525 0.212835 0.149147 0.101276 0.0710927 0.0378677 0.012678 0.00253619 0.000299942 2.09269e-05 8.60993e-07 2.08883e-08 2.98801e-10 2.52027e-12 1.25348e-14 3.67583e-17
 1.91168e-11 2.07494e-09 1.32796e-07 5.0113e-06 0.000111508 0.00146302 0.011319 0.0516509 0.139183 0.22283 0.218377 0.148572 0.0950609 0.0639994 0.033659 0.0112378 0.00224685 0.000265695 1.8537e-05 7.62665e-07 1.85027e-08 2.64676e-10 2.23245e-12 1.11032e-14 3.25603e-17
 1.90277e-11 2.06527e-09 1.32177e-07 4.98795e-06 0.000110988 0.0014562 0.0112663 0.0514108 0.138542 0.221849 0.217632 0.148649 0.0958955 0.064952 0.0342242 0.0114312 0.00228571 0.000270294 1.88579e-05 7.7587e-07 1.88231e-08 2.69259e-10 2.2711e-12 1.12955e-14 3.31241e-17
 1.79965e-11 1.95334e-09 1.25014e-07 4.71763e-06 0.000104973 0.00137729 0.0106559 0.0486305 0.131116 0.210492 0.209016 0.149543 0.105559 0.0759804 0.0407678 0.0136703 0.00273556 0.000323541 2.25736e-05 9.28748e-07 2.2532e-08 3.22315e-10 2.7186e-12 1.35212e-14 3.96509e-17
 1.66879e-11 1.81131e-09 1.15924e-07 4.37461e-06 9.73405e-05 0.00127715 0.00988148 0.0451026 0.121692 0.196079 0.198083 0.150678 0.117821 0.089975 0.0490713 0.0165116 0.00330641 0.000391109 2.72886e-05 1.12274e-06 2.72385e-08 3.89639e-10 3.28646e-12 1.63455e-14 4.79332e-17
 1.68035e-11 1.82386e-09 1.16727e-07 4.40491e-06 9.80148e-05 0.001286 0.0099499 0.0454143 0.122525 0.197353 0.199049 0.150577 0.116738 0.0887386 0.0483377 0.0162606 0.00325598 0.00038514 2.6872e-05 1.1056e-06 2.68227e-08 3.83692e-10 3.23629e-12 1.60959e-14 4.72015e-17
 1.81536e-11 1.9704e-09 1.26105e-07 4.75882e-06 0.00010589 0.00138931 0.0107489 0.0490542 0.132247 0.212222 0.210329 0.149407 0.104086 0.0742999 0.0397707 0.0133291 0.00266701 0.000315427 2.20074e-05 9.05452e-07 2.19669e-08 3.1423e-10 2.65041e-12 1.3182e-14 3.86563e-17
 1.87223e-11 2.03213e-09 1.30056e-07 4.9079e-06 0.000109207 0.00143283 0.0110855 0.0505874 0.136342 0.218486 0.215081 0.148914 0.0987573 0.068218 0.0361621 0.0120943 0.00241893 0.000286063 1.99583e-05 8.21143e-07 1.99215e-08 2.84971e-10 2.40362e-12 1.19546e-14 3.50569e-17
 1.90297e-11 2.06549e-09 1.32191e-07 4.98848e-06 0.000111 0.00145636 0.0112674 0.0514162 0.138556 0.221871 0.217649 0.148647 0.0958767 0.0649305 0.0342115 0.0114268 0.00228483 0.00027019 1.88507e-05 7.75572e-07 1.88159e-08 2.69156e-10 2.27023e-12 1.12911e-14 3.31114e-17
 1.80548e-11 1.95968e-09 1.25419e-07 4.73293e-06 0.000105314 0.00138176 0.0106905 0.0487879 0.131536 0.211134 0.209504 0.149492 0.105012 0.0753562 0.0403974 0.0135436 0.0027101 0.000320527 2.23633e-05 9.20095e-07 2.23221e-08 3.19311e-10 2.69327e-12 1.33952e-14 3.92815e-17
 1.92915e-11 2.09391e-09 1.3401e-07 5.05712e-06 0.000112527 0.00147639 0.0114224 0.0521221 0.140442 0.224755 0.219837 0.14842 0.093423 0.0621301 0.0325499 0.0108583 0.0021706 0.000256669 1.79072e-05 7.36753e-07 1.78741e-08 2.55684e-10 2.1566e-12 1.0726e-14 3.1454e-17
 1.90149e-11 2.06388e-09 1.32088e-07 4.98459e-06 0.000110913 0.00145522 0.0112587 0.0513762 0.138449 0.221708 0.217525 0.14866 0.0960156 0.065089 0.0343055 0.011459 0.00229129 0.000270955 1.89041e-05 7.77768e-07 1.88691e-08 2.69918e-10 2.27666e-12 1.13231e-14 3.32051e-17
 1.93229e-11 2.09732e-09 1.34228e-07 5.06535e-06 0.00011271 0.0014788 0.011441 0.0522068 0.140668 0.225101 0.220099 0.148393 0.0931286 0.0617942 0.0323506 0.0107901 0.0021569 0.000255047 1.7794e-05 7.32096e-07 1.77611e-08 2.54067e-10 2.14296e-12 1.06582e-14 3.12552e-17
 1.98647e-11 2.15612e-09 1.37991e-07 5.20736e-06 0.00011587 0.00152025 0.0117616 0.0536674 0.144569 0.231068 0.224626 0.147923 0.0880521 0.0560006 0.028913 0.0096138 0.00192057 0.000227075 1.58421e-05 6.51783e-07 1.58127e-08 2.26196e-10 1.90787e-12 9.48895e-15 2.78264e-17
 2.02421e-11 2.19709e-09 1.40613e-07 5.30631e-06 0.000118072 0.00154914 0.011985 0.054685 0.147287 0.235225 0.22778 0.147596 0.0845151 0.0519639 0.0265179 0.00879422 0.00175591 0.000207585 1.4482e-05 5.95826e-07 1.44551e-08 2.06776e-10 1.74408e-12 8.67429e-15 2.54374e-17
 2.00529e-11 2.17655e-09 1.39299e-07 5.25671e-06 0.000116968 0.00153466 0.011873 0.0541749 0.145925 0.233141 0.226199 0.14776 0.0862881 0.0539873 0.0277185 0.00920504 0.00183845 0.000217354 1.51638e-05 6.23875e-07 1.51356e-08 2.1651e-10 1.82618e-12 9.08265e-15 2.66349e-17
 2.04669e-11 2.22148e-09 1.42174e-07 5.36522e-06 0.000119383 0.00156634 0.012118 0.0552909 0.148906 0.2377 0.229657 0.147401 0.0824091 0.0495603 0.0250918 0.00830623 0.00165787 0.00019598 1.36722e-05 5.62508e-07 1.36467e-08 1.95213e-10 1.64655e-12 8.18922e-15 2.40149e-17
 2.06384e-11 2.2401e-09 1.43366e-07 5.41019e-06 0.000120383 0.00157946 0.0122196 0.0557534 0.150141 0.239589 0.231091 0.147252 0.0808016 0.0477258 0.0240033 0.00793377 0.00158304 0.000187123 1.30542e-05 5.37077e-07 1.30298e-08 1.86387e-10 1.57211e-12 7.81899e-15 2.29292e-17
 2.03878e-11 2.2129e-09 1.41625e-07 5.3445e-06 0.000118922 0.00156029 0.0120713 0.0550778 0.148337 0.23683 0.228997 0.14747 0.0831497 0.0504056 0.0255933 0.00847784 0.00169235 0.000200061 1.3957e-05 5.74224e-07 1.3931e-08 1.99279e-10 1.68084e-12 8.3598e-15 2.45152e-17
 2.0869e-11 2.26513e-09 1.44968e-07 5.47064e-06 0.000121728 0.00159711 0.012356 0.0563751 0.151802 0.242129 0.233017 0.147053 0.0786407 0.0452596 0.02254 0.00743306 0.00148244 0.000175215 1.22233e-05 5.0289e-07 1.22004e-08 1.74523e-10 1.47204e-12 7.32128e-15 2.14697e-17
 2.11984e-11 2.30088e-09 1.47256e-07 5.55698e-06 0.000123649 0.00162231 0.012551 0.0572631 0.154174 0.245757 0.235769 0.146767 0.0755541 0.041737 0.0204499 0.00671787 0.00133875 0.000158208 1.10364e-05 4.54059e-07 1.10157e-08 1.57576e-10 1.3291e-12 6.61036e-15 1.93849e-17
 2.13523e-11 2.31759e-09 1.48325e-07 5.59733e-06 0.000124547 0.00163409 0.0126421 0.0576781 0.155282 0.247452 0.237055 0.146634 0.0741118 0.0400909 0.0194733 0.00638367 0.00127161 0.00015026 1.04819e-05 4.31242e-07 1.04621e-08 1.49658e-10 1.26231e-12 6.27817e-15 1.84108e-17
 2.14201e-11 2.32495e-09 1.48796e-07 5.61511e-06 0.000124943 0.00163928 0.0126822 0.057861 0.15577 0.248199 0.237622 0.146575 0.0734762 0.0393655 0.0190428 0.00623637 0.00124201 0.000146757 1.02374e-05 4.21185e-07 1.02181e-08 1.46168e-10 1.23287e-12 6.13176e-15 1.79814e-17
#obs surv len freq
 4.30778e-11 3.9923e-09 2.18162e-07 7.0295e-06 0.000133555 0.00149623 0.00988617 0.0385642 0.089292 0.126195 0.123504 0.116873 0.126569 0.123038 0.0995563 0.0706886 0.0422617 0.0203388 0.00806114 0.00266357 0.000706095 0.000141875 2.0519e-05 2.04856e-06 1.36693e-07
 2.51776e-11 2.25052e-09 1.18614e-07 3.68622e-06 6.755e-05 0.000730001 0.00465556 0.0175847 0.0400859 0.0603004 0.079448 0.118711 0.161919 0.168425 0.142307 0.103332 0.060647 0.0276892 0.010149 0.00305393 0.000735614 0.000135144 1.80004e-05 1.66129e-06 1.02469e-07
 1.63678e-11 1.40867e-09 7.1485e-08 2.139e-06 3.7741e-05 0.000392736 0.00241269 0.00879592 0.0195503 0.0299445 0.0441058 0.0757595 0.121345 0.16536 0.189383 0.165981 0.104582 0.0485316 0.0175039 0.00499753 0.00110633 0.000183712 2.20585e-05 1.84351e-06 1.03571e-07
 2.67521e-10 2.21321e-08 1.07962e-06 3.10535e-05 0.000526666 0.00526681 0.0310563 0.107983 0.221429 0.268026 0.192463 0.0845068 0.0276117 0.0142383 0.0143072 0.013708 0.0100662 0.00558274 0.00231349 0.000702128 0.000153962 2.41218e-05 2.65363e-06 2.00292e-07 1.01224e-08
 1.781e-10 1.4142e-08 6.62127e-07 1.82794e-05 0.000297563 0.00285648 0.0161782 0.0541983 0.108838 0.13976 0.144495 0.162839 0.170824 0.122977 0.0549768 0.0158692 0.00383842 0.00127593 0.000527078 0.000178739 4.27817e-05 6.94115e-06 7.50924e-07 5.35821e-08 2.49536e-09
 4.59618e-10 3.49781e-08 1.56958e-06 4.15295e-05 0.000647915 0.00596039 0.0323341 0.10348 0.195806 0.221617 0.159004 0.0910015 0.0622117 0.0510245 0.0393444 0.0241341 0.0101722 0.00270813 0.000451298 5.21041e-05 5.58514e-06 6.67532e-07 6.88372e-08 4.8841e-09 2.22136e-10
 5.17669e-10 3.77066e-08 1.61945e-06 4.10118e-05 0.000612408 0.00539254 0.0280093 0.0859588 0.157226 0.17895 0.150783 0.131439 0.118059 0.0811545 0.0396297 0.0154493 0.00533785 0.00155326 0.000343563 5.3783e-05 5.69605e-06 4.06714e-07 2.09969e-08 8.81851e-10 3.0696e-11
 8.5586e-10 5.95907e-08 2.44648e-06 5.92232e-05 0.000845345 0.00711518 0.0353222 0.103547 0.180368 0.192657 0.144702 0.107054 0.0896781 0.0670451 0.0411886 0.0205917 0.00759007 0.00188274 0.000311435 3.67383e-05 3.37436e-06 2.43482e-07 1.27767e-08 4.5346e-10 1.06272e-11
 9.7642e-10 6.49088e-08 2.54424e-06 5.88033e-05 0.000801389 0.00644062 0.0305418 0.085701 0.144404 0.15669 0.139294 0.136645 0.127475 0.0900609 0.0491117 0.0222323 0.00799278 0.00209902 0.00039159 5.19413e-05 4.84846e-06 3.13489e-07 1.40168e-08 4.36764e-10 9.43343e-12
 1.28742e-09 8.16193e-08 3.05107e-06 6.72512e-05 0.000874078 0.00669983 0.0303084 0.0812299 0.131523 0.140777 0.131556 0.138213 0.133875 0.101048 0.0612962 0.0295467 0.0102134 0.00235825 0.000365784 4.04234e-05 3.3703e-06 2.11574e-07 9.49434e-09 2.89114e-10 5.79276e-12
 2.21801e-09 1.33963e-07 4.7708e-06 0.000100182 0.00124047 0.00905813 0.0390335 0.0996047 0.153166 0.153983 0.131739 0.126768 0.116243 0.0850921 0.0504938 0.0236172 0.00784212 0.00173126 0.000254778 2.60498e-05 1.92276e-06 1.03166e-07 3.96036e-09 1.06651e-10 1.97155e-12
 3.90388e-09 2.24409e-07 7.60624e-06 0.000152016 0.00179146 0.0124501 0.0510558 0.123918 0.180764 0.170322 0.132316 0.114129 0.0954832 0.0635473 0.0339915 0.0145064 0.00448472 0.000935018 0.000131134 1.28347e-05 9.03285e-07 4.55174e-08 1.60144e-09 3.84543e-11 6.20756e-13
 5.46503e-09 2.98719e-07 9.62764e-06 0.000182965 0.00205031 0.0135505 0.0528642 0.122303 0.171689 0.161955 0.137026 0.127686 0.103915 0.0627423 0.0293559 0.010991 0.00303677 0.000566605 6.98242e-05 5.87356e-06 3.54478e-07 1.56928e-08 5.00003e-10 1.10677e-11 1.65086e-13
 6.8944e-09 3.58036e-07 1.09634e-05 0.00019795 0.00210757 0.013236 0.0491044 0.108431 0.147857 0.14465 0.140238 0.144059 0.120094 0.0746822 0.0367133 0.0140715 0.0037959 0.000668226 7.57636e-05 5.70796e-06 2.99824e-07 1.1319e-08 3.0567e-10 5.76917e-12 7.44492e-14
 1.14514e-08 5.64568e-07 1.64119e-05 0.000281318 0.00284348 0.0169527 0.0597004 0.125069 0.161355 0.147861 0.132833 0.128962 0.105587 0.067151 0.0341642 0.0131389 0.00343868 0.000578059 6.23249e-05 4.45756e-06 2.2066e-07 7.71752e-09 1.88597e-10 3.14679e-12 3.52429e-14
 1.6995e-08 7.94887e-07 2.19219e-05 0.000356487 0.00341851 0.0193382 0.0646526 0.128939 0.160351 0.147588 0.138632 0.13407 0.10312 0.059678 0.0274009 0.00965482 0.00235981 0.000375975 3.8928e-05 2.70544e-06 1.30765e-07 4.43653e-09 1.03732e-10 1.63154e-12 1.69811e-14
 2.54097e-08 1.1268e-06 2.94637e-05 0.000454278 0.0041304 0.0221559 0.0702721 0.133257 0.159159 0.145015 0.138144 0.132285 0.0998405 0.0575166 0.0262971 0.0090087 0.00209053 0.000311638 2.98907e-05 1.91116e-06 8.49701e-08 2.6751e-09 5.87808e-11 8.77243e-13 8.69251e-15
 3.86828e-08 1.6256e-06 4.02807e-05 0.000588545 0.00507113 0.0257807 0.0775297 0.139677 0.159858 0.142964 0.135771 0.127606 0.0947667 0.0546788 0.0250188 0.00842709 0.00190933 0.000281226 2.73187e-05 1.80803e-06 8.30343e-08 2.62063e-09 5.55586e-11 7.77854e-13 7.13538e-15
 6.02843e-08 2.39974e-06 5.63266e-05 0.000779583 0.00636301 0.0306458 0.0873497 0.149474 0.163933 0.143676 0.134708 0.121911 0.0859547 0.0469083 0.0202418 0.00641736 0.00136977 0.000190878 1.7687e-05 1.1302e-06 5.08121e-08 1.58948e-09 3.36772e-11 4.71849e-13 4.29806e-15
 8.29433e-08 3.12655e-06 6.94927e-05 0.000910793 0.00704016 0.0321221 0.0868843 0.142213 0.154076 0.1435 0.144356 0.130009 0.0878762 0.0455734 0.0185798 0.00552978 0.00110258 0.000142889 1.22586e-05 7.23476e-07 3.01222e-08 8.79437e-10 1.7565e-11 2.34297e-13 2.0496e-15
 1.24695e-07 4.44997e-06 9.36384e-05 0.00116188 0.00850281 0.0367355 0.0941482 0.146452 0.152513 0.139675 0.138947 0.123893 0.0853401 0.0462451 0.0193383 0.0056944 0.00110361 0.000139259 1.17423e-05 6.82978e-07 2.7676e-08 7.69595e-10 1.43678e-11 1.77296e-13 1.43126e-15
 1.79582e-07 6.06636e-06 0.000120833 0.00141926 0.00983266 0.0402329 0.0978486 0.145736 0.150108 0.14321 0.145264 0.12459 0.0803411 0.0403874 0.0156919 0.00432118 0.000788802 9.44941e-05 7.63121e-06 4.28349e-07 1.68177e-08 4.53282e-10 8.18183e-12 9.70417e-14 7.45981e-16
 2.83793e-07 9.07396e-06 0.000171075 0.00190192 0.0124721 0.0483071 0.111234 0.15698 0.153539 0.139546 0.135468 0.112877 0.0724566 0.0365957 0.0140067 0.00371093 0.000644727 7.34476e-05 5.65646e-06 3.03201e-07 1.13509e-08 2.9109e-10 4.99512e-12 5.63441e-14 4.12112e-16
 3.8166e-07 1.15506e-05 0.000206123 0.00216912 0.0134666 0.0494224 0.108257 0.147858 0.148005 0.146556 0.147055 0.117834 0.0706869 0.0331333 0.0118327 0.00295665 0.000490611 5.4111e-05 4.07538e-06 2.13637e-07 7.74609e-09 1.901e-10 3.09425e-12 3.29335e-14 2.26629e-16
 6.17408e-07 1.76869e-05 0.000298765 0.00297605 0.0174889 0.0607508 0.125908 0.162405 0.152514 0.140756 0.133186 0.102885 0.0606936 0.027956 0.00956754 0.00222554 0.000335236 3.27956e-05 2.15778e-06 9.92676e-08 3.23636e-09 7.34595e-11 1.12683e-12 1.13826e-14 7.4277e-17
 7.66553e-07 2.07882e-05 0.000332428 0.00313505 0.0174488 0.0575054 0.113982 0.145325 0.147495 0.155034 0.151705 0.111607 0.0606985 0.0255882 0.00808709 0.00175945 0.000250485 2.33228e-05 1.45947e-06 6.29758e-08 1.87994e-09 3.82159e-11 5.19408e-13 4.65898e-15 2.72975e-17
 1.09801e-06 2.8192e-05 0.000426829 0.00381121 0.0200866 0.0627248 0.118121 0.144577 0.144301 0.150904 0.146229 0.108944 0.0620237 0.0272106 0.00856596 0.0017848 0.000237964 2.04945e-05 1.17854e-06 4.67252e-08 1.28799e-09 2.42888e-11 3.06016e-13 2.52692e-15 1.34872e-17
 1.52048e-06 3.69661e-05 0.000529958 0.00448117 0.0223727 0.0662802 0.119194 0.142751 0.146276 0.156904 0.148158 0.104873 0.0563556 0.0232999 0.00692501 0.00137063 0.000175413 1.4685e-05 8.27333e-07 3.19685e-08 8.43692e-10 1.49258e-11 1.73877e-13 1.31847e-15 6.45301e-18
#pred catch len freq
 5.80115e-13 6.29661e-11 4.02986e-09 1.52082e-07 3.38494e-06 4.4473e-05 0.000346504 0.00163773 0.00518998 0.014593 0.0440996 0.110793 0.183959 0.195684 0.148444 0.0988229 0.0649318 0.0415211 0.026739 0.0181808 0.0134197 0.0109374 0.00933336 0.00715248 0.00416591
 3.21951e-13 3.49449e-11 2.23652e-09 8.44097e-08 1.8794e-06 2.47378e-05 0.000194524 0.000960658 0.00359119 0.0138562 0.0519682 0.138897 0.230555 0.234129 0.154311 0.0784902 0.0396523 0.0218605 0.0124843 0.00718639 0.00431885 0.00289289 0.00215878 0.00156264 0.000903743
 1.73754e-13 1.88594e-11 1.20705e-09 4.55591e-08 1.01476e-06 1.3382e-05 0.000106219 0.000547275 0.0023341 0.0106892 0.0434514 0.119047 0.201868 0.217182 0.167218 0.11056 0.0658233 0.0329216 0.0146381 0.00666073 0.00324253 0.00170233 0.00100937 0.000636708 0.000348808
 3.66625e-12 3.97937e-10 2.54679e-08 9.61086e-07 2.1386e-05 0.000280636 0.00217293 0.00995593 0.0273827 0.0483276 0.0686859 0.104956 0.151097 0.163516 0.139585 0.1098 0.0796178 0.0495973 0.0260688 0.0114768 0.00444666 0.00172269 0.000746014 0.000366109 0.000175265
 1.47445e-11 1.60037e-09 1.02423e-07 3.86515e-06 8.60045e-05 0.00112843 0.00873124 0.0398627 0.107695 0.174658 0.181766 0.152144 0.135689 0.110491 0.0613973 0.0209418 0.00441309 0.000699519 0.000170442 7.48948e-05 3.2008e-05 1.1398e-05 3.66047e-06 1.23603e-06 4.51447e-07
 1.29428e-11 1.40481e-09 8.99079e-08 3.39285e-06 7.54955e-05 0.000990558 0.00766491 0.0350053 0.0947219 0.154831 0.16679 0.153925 0.152917 0.130028 0.0728364 0.0246437 0.00494022 0.000584495 4.07832e-05 1.67797e-06 4.07088e-08 5.82328e-10 4.91172e-12 2.44288e-14 7.16376e-17
 1.5326e-11 1.66349e-09 1.06463e-07 4.0176e-06 8.93968e-05 0.00117294 0.00907544 0.0414308 0.111885 0.18108 0.186704 0.151858 0.130583 0.10454 0.0577133 0.0194688 0.00390053 0.000461432 3.21958e-05 1.32465e-06 3.21368e-08 4.59709e-10 3.87747e-12 1.92849e-14 5.65531e-17
 1.54664e-11 1.67873e-09 1.07438e-07 4.0544e-06 9.02155e-05 0.00118368 0.00915852 0.0418092 0.112896 0.182626 0.187876 0.151737 0.129268 0.103039 0.0568225 0.019164 0.00383929 0.000454184 3.169e-05 1.30384e-06 3.1632e-08 4.52487e-10 3.81656e-12 1.89819e-14 5.56646e-17
 1.47223e-11 1.59797e-09 1.0227e-07 3.85934e-06 8.58753e-05 0.00112674 0.00871813 0.0398031 0.107537 0.17443 0.181659 0.152382 0.136241 0.110997 0.0615442 0.0207796 0.0041639 0.000492606 3.43711e-05 1.41415e-06 3.43083e-08 4.9077e-10 4.13946e-12 2.05879e-14 6.03742e-17
 1.40924e-11 1.52959e-09 9.78937e-08 3.69421e-06 8.22009e-05 0.00107853 0.0083453 0.0381047 0.103001 0.167492 0.176396 0.152928 0.142144 0.117734 0.0655416 0.0221475 0.00443871 0.000525134 3.6641e-05 1.50754e-06 3.6574e-08 5.23181e-10 4.41284e-12 2.19476e-14 6.43614e-17
 1.42059e-11 1.54192e-09 9.86824e-08 3.72397e-06 8.28632e-05 0.00108722 0.0084125 0.0384108 0.103818 0.168743 0.177344 0.15283 0.14108 0.11652 0.0648211 0.0219009 0.00438918 0.000519271 3.62319e-05 1.49071e-06 3.61656e-08 5.1734e-10 4.36357e-12 2.17025e-14 6.36428e-17
 1.6251e-11 1.76389e-09 1.12889e-07 4.26006e-06 9.47918e-05 0.00124372 0.00962287 0.0439245 0.118546 0.191267 0.194432 0.151056 0.121916 0.0946481 0.051844 0.0174604 0.00349703 0.000413672 2.8863e-05 1.18752e-06 2.88101e-08 4.12121e-10 3.47608e-12 1.72885e-14 5.06988e-17
 1.73114e-11 1.87899e-09 1.20255e-07 4.53804e-06 0.000100977 0.00132486 0.0102505 0.0467835 0.126182 0.202946 0.203292 0.150137 0.111979 0.0833072 0.045115 0.0151579 0.00303443 0.000358916 2.50421e-05 1.03031e-06 2.49961e-08 3.57562e-10 3.0159e-12 1.49998e-14 4.39871e-17
 1.75036e-11 1.89985e-09 1.2159e-07 4.58844e-06 0.000102098 0.00133958 0.0103643 0.0473018 0.127566 0.205063 0.204898 0.14997 0.110177 0.0812513 0.0438952 0.0147404 0.00295056 0.00034899 2.43494e-05 1.00181e-06 2.43047e-08 3.47671e-10 2.93248e-12 1.45849e-14 4.27703e-17
 1.67733e-11 1.82058e-09 1.16517e-07 4.39698e-06 9.78384e-05 0.00128369 0.009932 0.0453327 0.122307 0.19702 0.198796 0.150604 0.117021 0.0890621 0.0485296 0.0163263 0.00326917 0.000386702 2.6981e-05 1.11009e-06 2.69315e-08 3.85248e-10 3.24942e-12 1.61612e-14 4.73929e-17
 1.82263e-11 1.97829e-09 1.26611e-07 4.77789e-06 0.000106314 0.00139488 0.010792 0.0492503 0.132771 0.213023 0.210937 0.149344 0.103405 0.0735221 0.0393092 0.0131712 0.00263529 0.000311672 2.17454e-05 8.9467e-07 2.17053e-08 3.10488e-10 2.61885e-12 1.3025e-14 3.8196e-17
 1.76518e-11 1.91594e-09 1.2262e-07 4.62728e-06 0.000102963 0.00135092 0.010452 0.0477013 0.128634 0.206696 0.206136 0.149842 0.108789 0.0796665 0.0429548 0.0144187 0.00288592 0.000341338 2.38155e-05 9.79844e-07 2.37717e-08 3.40047e-10 2.86817e-12 1.4265e-14 4.18324e-17
 1.78731e-11 1.93995e-09 1.24157e-07 4.68529e-06 0.000104254 0.00136785 0.0105829 0.0482979 0.130227 0.209133 0.207985 0.14965 0.106715 0.0772999 0.0415507 0.0139382 0.00278938 0.000329912 2.30181e-05 9.47038e-07 2.29758e-08 3.28662e-10 2.77214e-12 1.37874e-14 4.04318e-17
 1.86489e-11 2.02416e-09 1.29546e-07 4.88866e-06 0.000108779 0.00142722 0.0110421 0.0503895 0.135814 0.217677 0.214467 0.148977 0.0994452 0.0690031 0.0366279 0.0122537 0.00245095 0.000289853 2.02228e-05 8.32026e-07 2.01855e-08 2.88748e-10 2.43548e-12 1.2113e-14 3.55216e-17
 1.88373e-11 2.04461e-09 1.30855e-07 4.93804e-06 0.000109878 0.00144163 0.0111536 0.0508975 0.137171 0.219752 0.216042 0.148814 0.0976796 0.0669881 0.0354323 0.0118446 0.00236876 0.000280125 1.9544e-05 8.04095e-07 1.95078e-08 2.79054e-10 2.35372e-12 1.17064e-14 3.43291e-17
 1.81135e-11 1.96605e-09 1.25827e-07 4.74831e-06 0.000105656 0.00138625 0.0107252 0.0489461 0.131958 0.211781 0.209994 0.149442 0.104462 0.0747286 0.0400251 0.0134161 0.0026845 0.000317497 2.21518e-05 9.11395e-07 2.2111e-08 3.16292e-10 2.66781e-12 1.32685e-14 3.89101e-17
 1.91812e-11 2.08194e-09 1.33244e-07 5.02821e-06 0.000111884 0.00146795 0.0113571 0.0518248 0.139648 0.22354 0.218915 0.148516 0.0944565 0.0633096 0.0332497 0.0110978 0.00221871 0.000262364 1.83046e-05 7.53103e-07 1.82707e-08 2.61358e-10 2.20446e-12 1.0964e-14 3.21521e-17
 1.93076e-11 2.09565e-09 1.34121e-07 5.06132e-06 0.000112621 0.00147762 0.0114319 0.0521653 0.140557 0.224932 0.219971 0.148406 0.0932728 0.0619587 0.0324482 0.0108235 0.00216361 0.000255842 1.78495e-05 7.34377e-07 1.78164e-08 2.54859e-10 2.14964e-12 1.06914e-14 3.13526e-17
 1.92128e-11 2.08536e-09 1.33463e-07 5.03647e-06 0.000112068 0.00147037 0.0113758 0.0519098 0.139874 0.223888 0.219179 0.148489 0.0941611 0.0629726 0.0330498 0.0110293 0.00220496 0.000260737 1.8191e-05 7.48431e-07 1.81574e-08 2.59736e-10 2.19078e-12 1.0896e-14 3.19526e-17
 1.97299e-11 2.14149e-09 1.37055e-07 5.17203e-06 0.000115084 0.00150994 0.0116819 0.053304 0.143599 0.229583 0.2235 0.14804 0.0893151 0.0574419 0.0297682 0.00990643 0.00197936 0.000234034 1.63277e-05 6.71763e-07 1.62974e-08 2.3313e-10 1.96636e-12 9.77983e-15 2.86794e-17
 1.95861e-11 2.12589e-09 1.36056e-07 5.13434e-06 0.000114245 0.00149894 0.0115968 0.0529164 0.142563 0.228 0.222298 0.148165 0.0906624 0.0589796 0.0306806 0.0102186 0.00204209 0.000241458 1.68457e-05 6.93079e-07 1.68145e-08 2.40527e-10 2.02875e-12 1.00902e-14 2.95895e-17
 2.00314e-11 2.17422e-09 1.3915e-07 5.25108e-06 0.000116843 0.00153301 0.0118603 0.054117 0.14577 0.232904 0.226019 0.147779 0.0864894 0.0542171 0.0278548 0.0092517 0.00184782 0.000218464 1.52412e-05 6.27061e-07 1.52129e-08 2.17616e-10 1.83551e-12 9.12902e-15 2.67709e-17
 1.96753e-11 2.13557e-09 1.36676e-07 5.15773e-06 0.000114766 0.00150576 0.0116496 0.0531569 0.143206 0.228982 0.223044 0.148087 0.0898264 0.0580255 0.0301145 0.0100249 0.00200317 0.000236851 1.65243e-05 6.79853e-07 1.64936e-08 2.35937e-10 1.99004e-12 9.8976e-15 2.90248e-17
#obs catch len freq
 4.83186e-11 4.478e-09 2.44704e-07 7.8847e-06 0.000149802 0.00167825 0.0110882 0.0432417 0.0999801 0.140276 0.133043 0.116868 0.118922 0.11237 0.0891935 0.0630336 0.0385915 0.0195304 0.00821511 0.00284794 0.000778574 0.000159518 2.3429e-05 2.37645e-06 1.61413e-07
 5.94124e-11 5.31061e-09 2.79897e-07 8.69843e-06 0.000159395 0.00172233 0.0109764 0.0413059 0.0923513 0.126619 0.122411 0.117617 0.127828 0.122582 0.0980215 0.0686804 0.0402658 0.0189782 0.0073631 0.0023687 0.000606149 0.000116559 1.60108e-05 1.50853e-06 9.45042e-08
 3.54707e-11 3.05273e-09 1.54915e-07 4.63543e-06 8.17874e-05 0.000851035 0.00522648 0.0190218 0.04191 0.0617287 0.0818274 0.122752 0.164362 0.167612 0.139715 0.0997318 0.0571673 0.0254777 0.0091189 0.00266807 0.000620125 0.000109007 1.37834e-05 1.19971e-06 6.94254e-08
 2.38341e-11 1.9718e-09 9.61867e-08 2.76667e-06 4.69254e-05 0.000469414 0.00277258 0.00972578 0.0208788 0.0313504 0.0463789 0.0794923 0.125562 0.168812 0.189417 0.161197 0.0984786 0.0444332 0.0155883 0.00431121 0.000918649 0.000145808 1.66156e-05 1.30944e-06 6.90034e-08
 3.8535e-10 3.05985e-08 1.43262e-06 3.95504e-05 0.000643807 0.00617944 0.0349729 0.116713 0.229717 0.266918 0.18411 0.0779825 0.0252682 0.0136852 0.0138611 0.0129668 0.00925378 0.00497488 0.00198986 0.000580417 0.000121818 1.818e-05 1.89479e-06 1.3477e-07 6.38759e-09
 2.66392e-10 2.02731e-08 9.09718e-07 2.40704e-05 0.000375539 0.00345516 0.0187566 0.0602459 0.11617 0.144186 0.146522 0.162882 0.165403 0.114195 0.0489651 0.0137 0.00333121 0.00113575 0.000461037 0.000149943 3.41422e-05 5.24584e-06 5.35416e-07 3.59133e-08 1.56669e-09
 6.81208e-10 4.96186e-08 2.13106e-06 5.39677e-05 0.000805864 0.00709552 0.0368418 0.112858 0.204459 0.221847 0.15352 0.0863887 0.0590385 0.0480032 0.036292 0.0215208 0.00867717 0.00220201 0.000350902 3.93322e-05 4.1781e-06 4.86697e-07 4.75908e-08 3.16788e-09 1.34649e-10
 7.82594e-10 5.44894e-08 2.23705e-06 5.41535e-05 0.000772985 0.00650636 0.0323057 0.094795 0.165943 0.181568 0.14915 0.128161 0.111862 0.0741218 0.0351381 0.0134514 0.00456027 0.00128806 0.000274042 4.10012e-05 4.13536e-06 2.81396e-07 1.38982e-08 5.57763e-10 1.83459e-11
 1.29492e-09 8.60816e-08 3.37415e-06 7.79842e-05 0.00106277 0.00854058 0.0404815 0.113324 0.188646 0.193257 0.141045 0.103226 0.084934 0.061951 0.037214 0.0180617 0.00639081 0.00151481 0.000240032 2.72812e-05 2.41693e-06 1.6694e-07 8.30984e-09 2.78296e-10 6.13908e-12
 1.51984e-09 9.63537e-08 3.60186e-06 7.93917e-05 0.00103186 0.0079089 0.0357698 0.0957545 0.154122 0.160611 0.138906 0.1329 0.119678 0.0817832 0.0435286 0.0192207 0.00667582 0.00168388 0.000301208 3.82225e-05 3.40149e-06 2.09082e-07 8.86973e-09 2.61528e-10 5.32356e-12
 2.04328e-09 1.23409e-07 4.39495e-06 9.22893e-05 0.00114275 0.00834489 0.0359667 0.0918673 0.141951 0.145763 0.132054 0.134495 0.125736 0.0921703 0.0544964 0.0253746 0.00838826 0.00184709 0.000273997 2.90747e-05 2.32642e-06 1.39309e-07 5.92175e-09 1.6997e-10 3.19974e-12
 3.51851e-09 2.02256e-07 6.85539e-06 0.00013701 0.00161463 0.0112216 0.0460262 0.111815 0.163877 0.157708 0.130379 0.121431 0.10747 0.076418 0.0441473 0.0199049 0.00631064 0.00132666 0.000186262 1.82115e-05 1.28482e-06 6.56717e-08 2.39169e-09 6.08535e-11 1.05848e-12
 6.17787e-09 3.37683e-07 1.08834e-05 0.000206829 0.0023177 0.0153164 0.0597272 0.137873 0.191418 0.172144 0.128445 0.106609 0.0857541 0.055273 0.0287639 0.0118452 0.00349853 0.000694574 9.29013e-05 8.68745e-06 5.83406e-07 2.79398e-08 9.3028e-10 2.10668e-11 3.19749e-13
 8.73242e-09 4.53486e-07 1.38861e-05 0.00025072 0.00266934 0.0167611 0.0621294 0.136602 0.182417 0.164235 0.133298 0.118946 0.0926104 0.0539092 0.0244942 0.00885806 0.00233826 0.00041462 4.8591e-05 3.8991e-06 2.2476e-07 9.47701e-09 2.86139e-10 5.97348e-12 8.37155e-14
 1.12695e-08 5.556e-07 1.61512e-05 0.000276849 0.00279833 0.0166842 0.058766 0.123229 0.159702 0.148806 0.137577 0.134632 0.10741 0.0645534 0.0307721 0.0113295 0.00290597 0.000484547 5.20872e-05 3.73167e-06 1.86752e-07 6.70743e-09 1.71663e-10 3.05817e-12 3.71201e-14
 1.87038e-08 8.74809e-07 2.4126e-05 0.000392328 0.0037621 0.021279 0.0710941 0.141317 0.173035 0.150535 0.128331 0.118458 0.0929826 0.0572476 0.0281641 0.0103559 0.00256927 0.000408474 4.1715e-05 2.83388e-06 1.33411e-07 4.42872e-09 1.02341e-10 1.60917e-12 1.69373e-14
 2.78973e-08 1.23712e-06 3.23482e-05 0.000498749 0.00453463 0.0243215 0.0770973 0.145791 0.171896 0.149815 0.132938 0.12178 0.089521 0.0500374 0.022217 0.00749323 0.00173744 0.000261907 2.56943e-05 1.69602e-06 7.78805e-08 2.50347e-09 5.52472e-11 8.17539e-13 7.98577e-15
 4.16488e-08 1.75024e-06 4.33692e-05 0.000633668 0.00545982 0.0277541 0.083423 0.149932 0.169733 0.146465 0.131927 0.119837 0.0865964 0.048215 0.0212663 0.00695013 0.00152634 0.000214909 1.95038e-05 1.18336e-06 4.99809e-08 1.49154e-09 3.09422e-11 4.34352e-13 4.03649e-15
 6.3734e-08 2.53706e-06 5.95497e-05 0.000824188 0.00672691 0.0323945 0.0922785 0.157447 0.170462 0.143604 0.128079 0.113934 0.0810878 0.0452229 0.0199136 0.0063854 0.0013689 0.000190685 1.75538e-05 1.10229e-06 4.79545e-08 1.42874e-09 2.85013e-11 3.7461e-13 3.22006e-15
 9.93229e-08 3.74397e-06 8.32157e-05 0.00109063 0.00842949 0.0384439 0.103753 0.168027 0.173972 0.142857 0.124994 0.106754 0.0720428 0.0379585 0.0157454 0.00474849 0.000958679 0.000126346 1.10987e-05 6.73283e-07 2.86862e-08 8.47104e-10 1.68786e-11 2.21733e-13 1.88929e-15
 1.37263e-07 4.89848e-06 0.000103076 0.00127897 0.00935934 0.040428 0.103511 0.160278 0.163754 0.142684 0.134134 0.114181 0.0738837 0.0369657 0.0144691 0.00409187 0.000770968 9.44067e-05 7.67181e-06 4.29652e-07 1.69539e-08 4.67401e-10 8.78119e-12 1.0983e-13 8.98554e-16
 2.08127e-07 7.03061e-06 0.000140039 0.0016448 0.0113938 0.0465934 0.112994 0.16607 0.162342 0.137647 0.126935 0.10694 0.0706766 0.0369032 0.0147488 0.00411357 0.000752699 8.97682e-05 7.16992e-06 3.95203e-07 1.51403e-08 3.96607e-10 6.95385e-12 8.03978e-14 6.06803e-16
 3.00013e-07 9.59259e-06 0.000180852 0.00201061 0.0131844 0.0510573 0.117471 0.165156 0.15919 0.140031 0.131642 0.106675 0.0659362 0.0319145 0.0118503 0.00309152 0.000532962 6.03656e-05 4.61914e-06 2.45685e-07 9.11489e-09 2.31257e-10 3.9164e-12 4.34697e-14 3.12032e-16
 4.70707e-07 1.42454e-05 0.000254211 0.00267504 0.0166034 0.0608614 0.132556 0.176456 0.161065 0.134234 0.120365 0.0948027 0.0583823 0.0283366 0.0103319 0.00258829 0.000424395 4.57037e-05 3.33417e-06 1.69249e-07 5.98278e-09 1.4433e-10 2.3225e-12 2.45041e-14 1.6727e-16
 6.47494e-07 1.85488e-05 0.000313323 0.00312103 0.01834 0.0636919 0.131855 0.169221 0.15613 0.139514 0.128609 0.0972457 0.0558716 0.0251414 0.0085531 0.00202192 0.000316898 3.30617e-05 2.35818e-06 1.16916e-07 3.99597e-09 9.21232e-11 1.40473e-12 1.39747e-14 8.96982e-17
 1.03176e-06 2.79802e-05 0.000447425 0.00421908 0.0234695 0.0771501 0.151107 0.183038 0.158044 0.13091 0.113365 0.082611 0.0466561 0.0205741 0.00668431 0.00146685 0.000208185 1.92268e-05 1.19742e-06 5.21747e-08 1.60694e-09 3.43142e-11 4.93279e-13 4.65557e-15 2.83171e-17
 1.31311e-06 3.37149e-05 0.000510439 0.00455748 0.0240122 0.0748733 0.140049 0.16665 0.153278 0.143842 0.129505 0.0899913 0.0468086 0.0188843 0.0056684 0.0011641 0.000156214 1.37294e-05 8.12206e-07 3.31158e-08 9.31657e-10 1.77922e-11 2.2657e-13 1.89981e-15 1.03832e-17
 1.89598e-06 4.60953e-05 0.000660818 0.00558696 0.0278765 0.082352 0.146207 0.166319 0.148935 0.138001 0.12303 0.0867854 0.047252 0.0197556 0.00588038 0.00115353 0.000144757 1.17566e-05 6.38797e-07 2.39295e-08 6.21685e-10 1.10109e-11 1.29891e-13 1.00178e-15 4.98371e-18
#spawning biomass
 34580.9 25251.3 16485.1 11527.6 23518.1 34026.1 64560.4 112917 159351 183647 162771 169075 188395 204546 221059 206139 203818 219880 254021 239604 245095 258852 235490 249901 243053 263879 299466 277022 281744 491052 249401 115022 56196.2 33538 25486.8 22777.3 21899.7 21623.2 21537.9 21511.9 21504.1 21501.8 21501.1 21500.9 21500.9 21500.9 21500.9 21500.9 21500.9 21500.9 21500.9 21500.9 21500.9 21500.9 21500.9 21500.9 21500.9 21500.9 21500.9 21500.9 21500.9 21500.9 21500.9 21500.9 21500.9 21500.9 21500.9 21500.9 21500.9 21500.9 21500.9 21500.9 21500.9 21500.9 21500.9 21500.9 21500.9 21500.9 21500.9 21500.9 21500.9 21500.9 21500.9 21500.9 21500.9 21500.9 21500.9 21500.9 21500.9 21500.9 21500.9 21500.9 21500.9 21500.9 21500.9 21500.9 21500.9 21500.9 21500.9 21500.9 21500.9 21500.9 21500.9 21500.9 21500.9 21500.9 21500.9 21500.9 21500.9 21500.9 21500.9 21500.9 21500.9 21500.9 21500.9 21500.9 21500.9 21500.9 21500.9 21500.9 21500.9 21500.9 21500.9 21500.9 21500.9 21500.9 21500.9 21500.9 0 0 0 0 0 0 0 0 0 0 0 0 0 0 0 0 0 0 0 0 0 0 0 0 0
