SBPRF35
0.819782
Curr Bio
243259
B35
1.55464e+06
F35
0.211821
FOFL
0
OFL
0
Bzero
234224
#pred survey bio
 27867.3 24586.2 22745.6 23153.8 34550.4 48328.1 61157.6 84248.8 109410 146553 144465 178187 195509 222830 227573 193154 204699 205030 198578 215667 183468 186792 182930 185354 197277 189060 194052 230735 8.22265e+06 1.37862e+07 1.51188e+07 1.43412e+07 1.25497e+07 1.0474e+07 8.52529e+06 6.87924e+06 5.573e+06 4.57663e+06 3.83584e+06 3.29398e+06 2.90145e+06 2.61837e+06 2.41244e+06 2.25979e+06 2.15128e+06 2.07332e+06 2.01668e+06 1.97506e+06 1.94411e+06 1.92085e+06 1.90318e+06 1.88961e+06 1.8791e+06 1.8709e+06 1.86444e+06 1.85932e+06 1.85525e+06 1.85199e+06 1.84938e+06 1.84726e+06 1.84556e+06 1.84418e+06 1.84305e+06 1.84214e+06 1.8414e+06 1.84079e+06 1.8403e+06 1.8399e+06 1.83957e+06 1.8393e+06 1.83908e+06 1.8389e+06 1.83875e+06 1.83863e+06 1.83853e+06 1.83845e+06 1.83839e+06 1.83833e+06 1.83829e+06 1.83825e+06 1.83822e+06 1.8382e+06 1.83818e+06 1.83816e+06 1.83815e+06 1.83814e+06 1.83813e+06 1.83812e+06 1.83812e+06 1.83811e+06 1.83811e+06 1.83811e+06 1.8381e+06 1.8381e+06 1.8381e+06 1.8381e+06 1.8381e+06 1.83809e+06 1.83809e+06 1.83809e+06 1.83809e+06 1.83809e+06 1.83809e+06 1.83809e+06 1.83809e+06 1.83809e+06 1.83809e+06 1.83809e+06 1.83809e+06 1.83809e+06 1.83809e+06 1.83809e+06 1.83809e+06 1.83809e+06 1.83809e+06 1.83809e+06 1.83809e+06 1.83809e+06 1.83809e+06 1.83809e+06 1.83809e+06 1.83809e+06 1.83809e+06 1.83809e+06 1.83809e+06 1.83809e+06 1.83809e+06 1.83809e+06 0 0 0 0 0 0 0 0 0 0 0 0 0 0 0 0 0 0 0 0 0 0 0 0 0
#obs survey bio
 26923.5 16508 22086 21091.3 39932.2 60274.4 46309.6 112970 138147 126394 119809 145309 243584 224306 219868 127377 185681 283838 213104 153372 177230 214935 176977 212144 202994 233588 197039 218837
#pred catch bio
 16562.7 14519.7 13833 9378.42 19529.1 35168.5 44286.5 61919.4 77839.5 125948 118270 157253 164347 189104 215145 177502 191593 197886 186183 219680 188242 200159 197228 206538 230177 214237 214732 210040 0 114561 123468 115883 100036 82096.4 65513.8 51719.1 40960.3 32922.2 27094.7 22960.5 20074.3 18083.1 16713.1 15766.9 15140.1 14724.9 14449.8 14267.6 14146.9 14067 14014 13978.9 13955.7 13940.3 13930.1 13923.3 13918.9 13915.9 13913.9 13912.6 13911.8 13911.2 13910.8 13910.6 13910.4 13910.3 13910.2 13910.2 13910.1 13910.1 13910.1 13910.1 13910.1 13910.1 13910.1 13910.1 13910.1 13910.1 13910.1 13910.1 13910.1 13910.1 13910.1 13910.1 13910.1 13910.1 13910.1 13910.1 13910.1 13910.1 13910.1 13910.1 13910.1 13910.1 13910.1 13910.1 13910.1 13910.1 13910.1 13910.1 13910.1 13910.1 13910.1 13910.1 13910.1 13910.1 13910.1 13910.1 13910.1 13910.1 13910.1 13910.1 13910.1 13910.1 13910.1 13910.1 13910.1 13910.1 13910.1 13910.1 13910.1 13910.1 13910.1 13910.1 13910.1 13910.1 13910.1 13910.1 0 0 0 0 0 0 0 0 0 0 0 0 0 0 0 0 0 0 0 0 0 0 0 0 0
#obs catch bio
 14098.5 15246.4 16290.8 9483.43 20171.5 34489.7 44623 59869.3 73957.3 130747 123156 166184 156847 175501 222239 188763 181630 181499 164997 212770 169630 190248 177653 188294 215404 184384 182420 198080
#pred cpue bio
 25785.3 23126.6 20460.1 21244.6 30439.8 41680.3 50891 71286 92288.9 124627 120226 146666 160611 187864 191658 156983 167238 166769 159407 174443 145474 143336 140588 139936 144496 138739 145097 167670 6.75024e+06 1.38983e+07 1.50906e+07 1.43092e+07 1.25176e+07 1.04419e+07 8.4932e+06 6.84714e+06 5.54091e+06 4.54453e+06 3.80374e+06 3.26189e+06 2.86936e+06 2.58628e+06 2.38034e+06 2.22769e+06 2.11919e+06 2.04123e+06 1.98459e+06 1.94296e+06 1.91202e+06 1.88876e+06 1.87108e+06 1.85752e+06 1.84701e+06 1.8388e+06 1.83235e+06 1.82723e+06 1.82316e+06 1.8199e+06 1.81728e+06 1.81517e+06 1.81347e+06 1.81208e+06 1.81096e+06 1.81005e+06 1.80931e+06 1.8087e+06 1.80821e+06 1.8078e+06 1.80748e+06 1.80721e+06 1.80699e+06 1.80681e+06 1.80666e+06 1.80654e+06 1.80644e+06 1.80636e+06 1.80629e+06 1.80624e+06 1.8062e+06 1.80616e+06 1.80613e+06 1.80611e+06 1.80609e+06 1.80607e+06 1.80606e+06 1.80605e+06 1.80604e+06 1.80603e+06 1.80602e+06 1.80602e+06 1.80602e+06 1.80601e+06 1.80601e+06 1.80601e+06 1.80601e+06 1.806e+06 1.806e+06 1.806e+06 1.806e+06 1.806e+06 1.806e+06 1.806e+06 1.806e+06 1.806e+06 1.806e+06 1.806e+06 1.806e+06 1.806e+06 1.806e+06 1.806e+06 1.806e+06 1.806e+06 1.806e+06 1.806e+06 1.806e+06 1.806e+06 1.806e+06 1.806e+06 1.806e+06 1.806e+06 1.806e+06 1.806e+06 1.806e+06 1.806e+06 1.806e+06 1.806e+06 1.806e+06 1.806e+06 0 0 0 0 0 0 0 0 0 0 0 0 0 0 0 0 0 0 0 0 0 0 0 0 0
#obs cpue bio
 18028.2 19039.7 15801.1 14497.8 31337.6 51636.5 49779.2 72807.6 83079.4 124008 109096 156845 164843 247658 174026 163901 263594 182708 230141 269135 237608 148575 221575 175710 184769 210001 274988 202458
#pred surv len freq
 9.92256e-12 1.077e-09 6.89278e-08 2.60112e-06 5.78787e-05 0.000759421 0.00587674 0.0268472 0.0727618 0.119864 0.133457 0.134077 0.145944 0.135033 0.0918258 0.0520867 0.0295866 0.0173641 0.0106304 0.00701352 0.00508395 0.00409271 0.00346277 0.00263991 0.00153321
 8.41005e-12 9.1283e-10 5.8421e-08 2.20463e-06 4.90563e-05 0.000643671 0.00498131 0.0227634 0.061789 0.102554 0.11773 0.126925 0.147477 0.143827 0.107626 0.0705568 0.0431424 0.023355 0.0116851 0.00598152 0.00335657 0.00216936 0.00158939 0.00113984 0.000656181
 1.20336e-11 1.30614e-09 8.35926e-08 3.15453e-06 7.01923e-05 0.000920967 0.007126 0.0325344 0.0879032 0.142619 0.148742 0.125776 0.116365 0.10627 0.0822743 0.0590061 0.0404259 0.0247701 0.0133417 0.00633894 0.00279812 0.00130706 0.000723686 0.000444047 0.000240808
 1.02261e-11 1.10994e-09 7.1036e-08 2.68068e-06 5.96489e-05 0.000782648 0.00605642 0.0276668 0.0749668 0.123364 0.136743 0.135907 0.14646 0.134702 0.0909599 0.0515499 0.0303187 0.018834 0.0112426 0.00594605 0.00268267 0.00106297 0.000418548 0.00018714 8.6095e-05
 1.32122e-11 1.43406e-09 9.17796e-08 3.46348e-06 7.70668e-05 0.00101116 0.00782362 0.035714 0.0964196 0.155836 0.159716 0.127919 0.11053 0.0985375 0.0767629 0.0548409 0.035527 0.0197393 0.0101707 0.00524346 0.00253843 0.00105498 0.000371959 0.000122014 4.10733e-05
 1.39225e-11 1.51115e-09 9.67134e-08 3.64967e-06 8.12098e-05 0.00106552 0.00824434 0.0376373 0.101649 0.164585 0.170048 0.139414 0.122345 0.103253 0.0673638 0.0369104 0.0211163 0.0128215 0.00727954 0.00360691 0.00160029 0.000653208 0.000233465 6.99544e-05 1.82104e-05
 1.52318e-11 1.65326e-09 1.05808e-07 3.99288e-06 8.88468e-05 0.00116572 0.00901942 0.0411713 0.111134 0.179458 0.183145 0.144285 0.119648 0.0971457 0.060183 0.0290189 0.0131182 0.00606359 0.00289453 0.00142235 0.000653869 0.000260348 8.88725e-05 2.56956e-05 6.09846e-06
 1.43435e-11 1.55685e-09 9.96383e-08 3.76004e-06 8.36658e-05 0.00109775 0.00849374 0.0387772 0.104745 0.169737 0.176019 0.145884 0.129322 0.107866 0.0662743 0.0306466 0.0127598 0.00515419 0.00196229 0.000734532 0.000282482 0.000107073 3.62279e-05 1.01747e-05 2.29432e-06
 1.4516e-11 1.57557e-09 1.00836e-07 3.80525e-06 8.46718e-05 0.00111094 0.0085958 0.0392417 0.10598 0.171582 0.177199 0.14502 0.126635 0.105385 0.0656654 0.0314739 0.0136481 0.00551124 0.00196349 0.00063179 0.000190722 5.58062e-05 1.60184e-05 4.21585e-06 9.19798e-07
 1.41514e-11 1.536e-09 9.83036e-08 3.70967e-06 8.25451e-05 0.00108304 0.00837999 0.0382583 0.103349 0.167525 0.173956 0.144793 0.129205 0.108656 0.0680536 0.032899 0.0145165 0.00603053 0.00222122 0.000719732 0.000203455 5.01742e-05 1.11774e-05 2.32403e-06 4.39572e-07
 1.49997e-11 1.62807e-09 1.04196e-07 3.93204e-06 8.7493e-05 0.00114796 0.00888213 0.0405475 0.109488 0.177112 0.182204 0.147256 0.126154 0.102913 0.0615035 0.0267265 0.0101427 0.00382455 0.00137974 0.000455028 0.000131723 3.22403e-05 6.57668e-06 1.12757e-06 1.66894e-07
 1.54606e-11 1.6781e-09 1.07398e-07 4.05287e-06 9.01814e-05 0.00118323 0.00915493 0.0417902 0.112809 0.1822 0.186112 0.147017 0.122109 0.098275 0.0587672 0.0257304 0.00972784 0.0034722 0.00111575 0.000325922 8.86662e-05 2.15698e-05 4.42471e-06 7.33606e-07 9.66294e-08
 1.5466e-11 1.67869e-09 1.07436e-07 4.0543e-06 9.02133e-05 0.00118365 0.0091582 0.0418059 0.112861 0.182362 0.186638 0.148336 0.124078 0.0995655 0.058194 0.0238845 0.0080895 0.00264035 0.00081292 0.000225991 5.59638e-05 1.2187e-05 2.31952e-06 3.73642e-07 4.82377e-08
 1.43638e-11 1.55905e-09 9.97793e-08 3.76536e-06 8.37842e-05 0.0010993 0.00850582 0.0388334 0.104912 0.170135 0.177017 0.148159 0.132693 0.110261 0.0657734 0.0279638 0.00997512 0.00330786 0.000963834 0.000243972 5.56611e-05 1.12844e-05 1.96357e-06 2.86599e-07 3.43235e-08
 1.44529e-11 1.56872e-09 1.00398e-07 3.7887e-06 8.43036e-05 0.00110611 0.0085585 0.039073 0.105547 0.171063 0.177508 0.147385 0.130789 0.108571 0.065439 0.0286967 0.0108195 0.00380339 0.00116533 0.000304203 6.80457e-05 1.28468e-05 2.04381e-06 2.72899e-07 2.98069e-08
 1.58705e-11 1.72259e-09 1.10245e-07 4.16032e-06 9.25723e-05 0.0012146 0.00939758 0.0428967 0.115779 0.186865 0.190252 0.14863 0.121274 0.0959012 0.0553702 0.0221139 0.00710929 0.00220538 0.000661422 0.00018003 4.24714e-05 8.29475e-06 1.31024e-06 1.65717e-07 1.66494e-08
 1.56448e-11 1.69809e-09 1.08678e-07 4.10116e-06 9.1256e-05 0.00119733 0.00926402 0.0422884 0.114155 0.184389 0.18841 0.148949 0.123587 0.0984911 0.0568549 0.0225235 0.00704403 0.00204307 0.00054448 0.000129119 2.80571e-05 5.47081e-06 8.97238e-07 1.17056e-07 1.1736e-08
 1.58141e-11 1.71647e-09 1.09854e-07 4.14554e-06 9.22436e-05 0.00121028 0.00936423 0.042745 0.115376 0.186267 0.189889 0.148979 0.122272 0.0968638 0.0557133 0.0219148 0.00675173 0.00191926 0.000498236 0.000112052 2.20648e-05 3.79945e-06 5.65903e-07 7.14128e-08 7.25562e-09
 1.63e-11 1.76921e-09 1.13229e-07 4.27291e-06 9.50776e-05 0.00124747 0.00965182 0.0440553 0.11888 0.19166 0.194145 0.149099 0.118543 0.0922112 0.052394 0.0200927 0.00586476 0.00156283 0.000388692 8.49963e-05 1.6226e-05 2.65477e-06 3.6274e-07 4.09994e-08 3.78873e-09
 1.60174e-11 1.73854e-09 1.11266e-07 4.19885e-06 9.34296e-05 0.00122584 0.00948459 0.0432934 0.116844 0.188531 0.191703 0.149119 0.12085 0.0950179 0.0543085 0.0210465 0.00626726 0.00169409 0.000414183 8.623e-05 1.55423e-05 2.43e-06 3.19093e-07 3.42124e-08 2.92371e-09
 1.67179e-11 1.81457e-09 1.16132e-07 4.38247e-06 9.75154e-05 0.00127945 0.00989919 0.0451825 0.121896 0.196315 0.197883 0.149412 0.115655 0.08842 0.0494457 0.0182258 0.00483942 0.0011285 0.000253589 5.18212e-05 9.26949e-06 1.40634e-06 1.75677e-07 1.78711e-08 1.45413e-09
 1.7819e-11 1.93408e-09 1.23781e-07 4.67111e-06 0.000103938 0.00136371 0.0105509 0.0481514 0.129829 0.208466 0.207199 0.148776 0.105823 0.0769692 0.0423301 0.0153925 0.00396006 0.000866211 0.000176989 3.18991e-05 5.0288e-06 7.06409e-07 8.5401e-08 8.45682e-09 6.60932e-10
 1.77466e-11 1.92622e-09 1.23278e-07 4.65212e-06 0.000103515 0.00135817 0.010508 0.0479563 0.12931 0.207695 0.206718 0.149181 0.107022 0.0780833 0.04263 0.0150548 0.00356501 0.000669474 0.000117934 1.92507e-05 2.76541e-06 3.46176e-07 3.69099e-08 3.29499e-09 2.41543e-10
 1.83004e-11 1.98633e-09 1.27125e-07 4.7973e-06 0.000106746 0.00140055 0.0108358 0.0494496 0.133299 0.2138 0.211371 0.148771 0.101939 0.0722319 0.0390875 0.013755 0.00323563 0.000595662 9.99637e-05 1.48464e-05 1.85101e-06 1.99834e-07 1.88164e-08 1.49369e-09 9.69349e-11
 1.916e-11 2.07964e-09 1.33097e-07 5.02265e-06 0.00011176 0.00146633 0.0113446 0.0517674 0.139492 0.223284 0.218628 0.14823 0.0941943 0.0632389 0.0335328 0.0115888 0.00260589 0.000435222 6.50762e-05 8.98371e-06 1.06678e-06 1.07517e-07 9.06867e-09 6.24845e-10 3.50713e-11
 1.90989e-11 2.07301e-09 1.32672e-07 5.00663e-06 0.000111404 0.00146166 0.0113084 0.0516028 0.139053 0.22262 0.218163 0.14841 0.0949596 0.0640171 0.0338593 0.0115361 0.00247443 0.000365746 4.5027e-05 5.21537e-06 5.40737e-07 4.85054e-08 3.74431e-09 2.39731e-10 1.22976e-11
 1.85717e-11 2.01578e-09 1.2901e-07 4.86842e-06 0.000108328 0.00142131 0.0109964 0.0501812 0.135255 0.216806 0.213725 0.148778 0.0997649 0.0695692 0.0372505 0.0128136 0.00281559 0.000441958 5.9201e-05 7.04347e-06 6.74638e-07 5.13446e-08 3.29753e-09 1.80929e-10 8.22379e-12
 1.93741e-11 2.10287e-09 1.34584e-07 5.07876e-06 0.000113009 0.00148271 0.0114713 0.0523445 0.141033 0.225641 0.220417 0.148046 0.0921906 0.060952 0.032176 0.011124 0.00251061 0.000421338 6.21849e-05 8.03651e-06 8.25664e-07 6.70478e-08 4.38467e-09 2.24443e-10 8.8258e-12
#obs surv len freq
 3.96961e-11 3.6789e-09 2.01036e-07 6.47767e-06 0.00012307 0.00137877 0.00910989 0.0355328 0.0822319 0.115928 0.112357 0.104755 0.115724 0.122524 0.113631 0.0900682 0.0559762 0.0265594 0.0100613 0.00311373 0.000760025 0.0001388 1.81596e-05 1.64547e-06 1.00418e-07
 2.06577e-11 1.8465e-09 9.73206e-08 3.02447e-06 5.54236e-05 0.000598969 0.00382042 0.0144406 0.0330402 0.0505359 0.0696835 0.109369 0.154873 0.170286 0.155211 0.119196 0.0711804 0.0321283 0.0114116 0.00327789 0.000744549 0.000127644 1.57412e-05 1.33946e-06 7.61542e-08
 1.46286e-10 1.25899e-08 6.3889e-07 1.91169e-05 0.000337286 0.00350886 0.0215247 0.0778694 0.166258 0.210351 0.161296 0.0849649 0.0507571 0.05468 0.0642923 0.0554118 0.0317287 0.0123615 0.00358912 0.000852706 0.000168012 2.59004e-05 2.92352e-06 2.29759e-07 1.21167e-08
 1.22354e-10 1.01223e-08 4.93778e-07 1.42027e-05 0.000240882 0.00240915 0.0142141 0.049576 0.103332 0.135814 0.138178 0.151015 0.162145 0.126593 0.0677826 0.0290297 0.0123169 0.00509141 0.0017254 0.000432324 7.82784e-05 1.03559e-05 1.00295e-06 6.93028e-08 3.28328e-09
 1.7367e-10 1.37902e-08 6.45656e-07 1.78246e-05 0.000290156 0.00278519 0.0157686 0.0527244 0.104824 0.128312 0.112677 0.102988 0.114266 0.123381 0.113784 0.0789103 0.0363862 0.0105857 0.00199007 0.000272343 3.26555e-05 3.56801e-06 3.0798e-07 1.87626e-08 7.7309e-10
 3.50507e-10 2.66745e-08 1.19697e-06 3.16706e-05 0.000494107 0.0045456 0.0246632 0.0789999 0.150173 0.17402 0.138836 0.106695 0.0977314 0.0869415 0.0672143 0.0423517 0.0194985 0.00619695 0.00136741 0.000213073 2.34266e-05 1.82265e-06 1.04009e-07 4.54578e-09 1.50297e-10
 3.97232e-10 2.8934e-08 1.24268e-06 3.14703e-05 0.000469934 0.00413812 0.0214976 0.0660371 0.12138 0.141465 0.129828 0.13095 0.134447 0.111743 0.0750383 0.0409619 0.0164965 0.00453191 0.000852863 0.000116651 1.21591e-05 9.5017e-07 5.27195e-08 1.99083e-09 5.04184e-11
 6.15258e-10 4.28384e-08 1.75872e-06 4.25743e-05 0.000607704 0.00511519 0.0253988 0.0745381 0.130578 0.143452 0.120306 0.111175 0.115598 0.108878 0.0859295 0.0512898 0.0206803 0.00537544 0.000915464 0.000108005 9.37666e-06 6.13524e-07 2.97075e-08 1.02756e-09 2.44669e-11
 8.27027e-10 5.49778e-08 2.15497e-06 4.98064e-05 0.000678777 0.00545527 0.0258706 0.0726145 0.122537 0.133936 0.122282 0.12689 0.131106 0.112543 0.0797902 0.044027 0.0169909 0.00436674 0.00075884 9.272e-05 8.12433e-06 5.04509e-07 2.17665e-08 6.45742e-10 1.31026e-11
 1.24092e-09 7.86713e-08 2.94087e-06 6.48221e-05 0.000842501 0.00645755 0.0292067 0.0781983 0.125979 0.131938 0.116782 0.11979 0.126033 0.114093 0.084334 0.0457325 0.0163214 0.00365593 0.000516858 4.83492e-05 3.23263e-06 1.64535e-07 6.35448e-09 1.76441e-10 3.33972e-12
 1.85968e-09 1.1232e-07 4.00006e-06 8.39969e-05 0.00104007 0.00759501 0.0327335 0.0835924 0.129045 0.132069 0.119347 0.124833 0.127547 0.109575 0.0765159 0.0393127 0.0133811 0.00288792 0.000398386 3.6527e-05 2.32905e-06 1.05567e-07 3.37672e-09 7.51919e-11 1.15898e-12
 2.90105e-09 1.66762e-07 5.65234e-06 0.000112966 0.00133129 0.00925278 0.0379585 0.0923115 0.136001 0.134007 0.118826 0.122573 0.123168 0.104483 0.0712463 0.0349917 0.0111906 0.00223494 0.000279949 2.28066e-05 1.27664e-06 5.13268e-08 1.48888e-09 3.03182e-11 4.20106e-13
 3.70872e-09 2.02719e-07 6.53358e-06 0.000124166 0.00139145 0.00919735 0.0359077 0.0833838 0.119221 0.121309 0.122726 0.138411 0.137962 0.112136 0.072487 0.0335544 0.0100713 0.0018774 0.000217315 1.60786e-05 7.98304e-07 2.7881e-08 6.96689e-10 1.22614e-11 1.48277e-13
 4.89986e-09 2.54457e-07 7.79169e-06 0.000140684 0.00149789 0.00940786 0.0349181 0.0772818 0.106565 0.109013 0.117054 0.138812 0.145561 0.125675 0.0833692 0.037791 0.0108001 0.00188913 0.000202759 1.36941e-05 6.08211e-07 1.8657e-08 4.05966e-10 6.21364e-12 6.52583e-14
 8.56761e-09 4.22392e-07 1.22789e-05 0.000210474 0.00212744 0.0126846 0.0446863 0.0937887 0.122112 0.11625 0.114968 0.129507 0.133592 0.114211 0.0736715 0.0319182 0.00866141 0.00144066 0.000148126 9.69935e-06 4.22379e-07 1.26935e-08 2.65327e-10 3.78439e-12 3.60017e-14
 1.20569e-08 5.63924e-07 1.55522e-05 0.000252908 0.00242534 0.0137226 0.0459236 0.0920408 0.117146 0.117056 0.127435 0.144108 0.137673 0.106624 0.0628879 0.0252303 0.00637369 0.000985724 9.36217e-05 5.60013e-06 2.20196e-07 5.95893e-09 1.13547e-10 1.50629e-12 1.354e-14
 1.76666e-08 7.83433e-07 2.04852e-05 0.000315849 0.00287188 0.015408 0.0489178 0.0932158 0.11389 0.112324 0.123653 0.141817 0.139682 0.111106 0.0649187 0.0249771 0.00594609 0.000857588 7.51157e-05 4.07449e-06 1.41925e-07 3.32705e-09 5.44393e-11 6.24802e-13 4.92679e-15
 2.88309e-08 1.21158e-06 3.00219e-05 0.000438655 0.00377974 0.0192188 0.0578456 0.104655 0.122138 0.116787 0.125293 0.138456 0.130863 0.0995192 0.0553302 0.0202772 0.00464491 0.000659251 5.90887e-05 3.46323e-06 1.37118e-07 3.69774e-09 6.66462e-11 7.8183e-13 5.87351e-15
 3.77216e-08 1.50159e-06 3.52454e-05 0.000487822 0.00398214 0.0191908 0.0548682 0.0952993 0.111439 0.117021 0.137929 0.152064 0.136942 0.0979736 0.0510241 0.0174759 0.00373162 0.000491735 4.07261e-05 2.20291e-06 8.1359e-08 2.10379e-09 3.77632e-11 4.57624e-13 3.6452e-15
 5.63843e-08 2.12541e-06 4.72409e-05 0.000619161 0.00478625 0.0218454 0.0591834 0.0976358 0.109446 0.1125 0.132158 0.148445 0.13901 0.101495 0.0518845 0.0170183 0.00345307 0.000433414 3.44724e-05 1.80703e-06 6.47916e-08 1.6097e-09 2.73182e-11 3.0964e-13 2.30714e-15
 9.27973e-08 3.31163e-06 6.96852e-05 0.000864676 0.00632826 0.0273497 0.070209 0.110078 0.118509 0.118831 0.134886 0.143616 0.126375 0.0863582 0.0412359 0.0126109 0.00237783 0.000275652 2.00592e-05 9.52307e-07 3.08107e-08 6.96589e-10 1.09332e-11 1.16236e-13 8.17773e-16
 1.30416e-07 4.40553e-06 8.77524e-05 0.00103073 0.00714168 0.0292379 0.0712947 0.107497 0.116171 0.123812 0.144134 0.148369 0.123627 0.0795238 0.0357096 0.0102968 0.00184233 0.00020497 1.45469e-05 6.83941e-07 2.19679e-08 4.84495e-10 7.2096e-12 7.08951e-14 4.54983e-16
 1.75994e-07 5.62722e-06 0.000106093 0.00117956 0.00773721 0.0300078 0.0695404 0.101049 0.110025 0.123891 0.148442 0.153747 0.128128 0.0806077 0.0344985 0.00932308 0.0015452 0.000157242 1.00455e-05 4.18847e-07 1.19006e-08 2.36118e-10 3.24845e-12 3.02161e-14 1.85401e-16
 2.96965e-07 8.98736e-06 0.000160382 0.00168778 0.0104785 0.0384606 0.0842951 0.115488 0.117429 0.122982 0.140524 0.14267 0.117023 0.071195 0.0289562 0.00737435 0.00114932 0.000110087 6.63234e-06 2.60692e-07 6.93467e-09 1.26941e-10 1.58378e-12 1.31919e-14 7.21799e-17
 3.95117e-07 1.1319e-05 0.000191202 0.00190477 0.0111983 0.0389793 0.0815727 0.109771 0.118296 0.136295 0.155746 0.146591 0.109228 0.060864 0.0229765 0.00548683 0.000809369 7.42593e-05 4.35337e-06 1.69074e-07 4.46871e-09 8.05213e-11 9.7103e-13 7.67592e-15 3.92622e-17
 5.0925e-07 1.38104e-05 0.000220848 0.0020829 0.0115963 0.038273 0.076377 0.100246 0.111167 0.135 0.158927 0.154304 0.11759 0.0647326 0.023408 0.0052682 0.000726854 6.20973e-05 3.37889e-06 1.21716e-07 2.9973e-09 5.08208e-11 5.8349e-13 4.43243e-15 2.18817e-17
 6.05502e-07 1.55468e-05 0.000235389 0.00210223 0.0110897 0.0347799 0.066799 0.0884252 0.10763 0.142396 0.170296 0.163719 0.121606 0.0639433 0.0217623 0.00456853 0.000583369 4.56438e-05 2.24064e-06 7.15958e-08 1.54752e-09 2.30936e-11 2.36319e-13 1.6229e-15 7.32838e-18
 8.41971e-07 2.04703e-05 0.00029348 0.002482 0.0124016 0.0368791 0.0674647 0.0864081 0.10459 0.139183 0.169234 0.166962 0.124679 0.0638687 0.0208061 0.00417155 0.000513577 3.95065e-05 1.95733e-06 6.4475e-08 1.4348e-09 2.1407e-11 2.09889e-13 1.33007e-15 5.40728e-18
#pred catch len freq
 8.32036e-12 9.03095e-10 5.7798e-08 2.18112e-06 4.85332e-05 0.000636813 0.00492842 0.022526 0.0612031 0.10205 0.119274 0.133259 0.157491 0.149487 0.101978 0.0576212 0.0325793 0.0190794 0.0116739 0.00770111 0.00558227 0.00449385 0.00380217 0.00289866 0.00168348
 6.90581e-12 7.49559e-10 4.79717e-08 1.81031e-06 4.02822e-05 0.000528558 0.00409095 0.0187061 0.0509324 0.0857914 0.104237 0.125672 0.157611 0.157049 0.117672 0.0768086 0.0467946 0.0252944 0.0126497 0.00647449 0.00363309 0.00234806 0.00172031 0.00123374 0.000710233
 1.04512e-11 1.13437e-09 7.25998e-08 2.73969e-06 6.09619e-05 0.000799866 0.00618931 0.0282656 0.0764752 0.124931 0.134288 0.123736 0.12588 0.119248 0.0927518 0.0662638 0.0452536 0.0276954 0.0149125 0.00708464 0.00312721 0.00146077 0.000808793 0.000496268 0.000269128
 7.93301e-12 8.61052e-10 5.51072e-08 2.07958e-06 4.62738e-05 0.000607171 0.0046992 0.0214825 0.0584253 0.0978785 0.116489 0.13486 0.163194 0.155595 0.105645 0.0596611 0.0349237 0.0216485 0.012916 0.00683041 0.00308161 0.00122104 0.000480787 0.000214969 9.88975e-05
 1.14537e-11 1.24319e-09 7.95642e-08 3.00251e-06 6.68098e-05 0.000876589 0.00678276 0.0309704 0.0837204 0.136179 0.14365 0.125648 0.121138 0.113132 0.0887539 0.0631951 0.0408166 0.0226515 0.0116668 0.00601414 0.00291144 0.00120999 0.000426613 0.000139942 4.71085e-05
 1.29955e-11 1.41054e-09 9.02744e-08 3.40668e-06 7.58031e-05 0.000994585 0.00769571 0.0351375 0.0949641 0.154297 0.16193 0.139182 0.12941 0.111931 0.0733037 0.0400163 0.02278 0.0138 0.00783077 0.00387962 0.00172125 0.000702576 0.000251109 7.52414e-05 1.95867e-05
 1.43482e-11 1.55736e-09 9.9671e-08 3.76127e-06 8.36932e-05 0.0010981 0.00849649 0.0387888 0.104765 0.169679 0.175533 0.144417 0.126949 0.1059 0.065945 0.0317116 0.0142633 0.0065721 0.00313405 0.00153971 0.000707787 0.000281815 9.62002e-05 2.78143e-05 6.60128e-06
 1.34727e-11 1.46233e-09 9.35888e-08 3.53175e-06 7.85861e-05 0.0010311 0.00797831 0.0364289 0.0984687 0.160108 0.168563 0.146145 0.136724 0.11666 0.0719695 0.0331936 0.0137509 0.0055354 0.00210477 0.000787602 0.000302868 0.000114798 3.88416e-05 1.09087e-05 2.45985e-06
 1.35265e-11 1.46817e-09 9.39629e-08 3.54587e-06 7.89003e-05 0.00103522 0.00801015 0.0365735 0.0988483 0.160634 0.168696 0.145227 0.134912 0.115293 0.0721872 0.0345066 0.0148901 0.00599404 0.00213309 0.000686142 0.000207111 6.06002e-05 1.73944e-05 4.57798e-06 9.98806e-07
 1.40347e-11 1.52333e-09 9.74928e-08 3.67908e-06 8.18643e-05 0.00107411 0.00831091 0.0379436 0.102509 0.166241 0.172988 0.144913 0.130329 0.109925 0.0687876 0.0331264 0.014543 0.00602287 0.00221601 0.000717829 0.0002029 5.00363e-05 1.11466e-05 2.31762e-06 4.3836e-07
 1.46345e-11 1.58844e-09 1.0166e-07 3.83633e-06 8.53633e-05 0.00112002 0.00866603 0.039563 0.106858 0.173081 0.17911 0.147453 0.129392 0.106694 0.0638626 0.0276793 0.0104508 0.00392485 0.00141369 0.000466036 0.000134897 3.30164e-05 6.73496e-06 1.1547e-06 1.70911e-07
 1.54898e-11 1.68127e-09 1.07601e-07 4.06053e-06 9.0352e-05 0.00118547 0.00917224 0.0418691 0.11302 0.182528 0.186387 0.147075 0.121963 0.0980477 0.058548 0.0255512 0.00961099 0.00341718 0.00109633 0.000320101 8.70716e-05 2.11812e-05 4.34496e-06 7.20382e-07 9.48875e-08
 1.52393e-11 1.65408e-09 1.05861e-07 3.99487e-06 8.8891e-05 0.0011663 0.00902403 0.0411947 0.111228 0.179862 0.184731 0.148496 0.126147 0.101953 0.0596472 0.024427 0.00823358 0.00267519 0.000821939 0.000228361 5.65421e-05 1.23125e-05 2.34338e-06 3.77484e-07 4.87337e-08
 1.41706e-11 1.53808e-09 9.84369e-08 3.7147e-06 8.2657e-05 0.00108451 0.00839145 0.0383124 0.103521 0.168005 0.175395 0.148305 0.134471 0.112306 0.0670088 0.0284133 0.0100857 0.00333074 0.000968747 0.000245077 5.5904e-05 1.13331e-05 1.97202e-06 2.87831e-07 3.44709e-08
 1.49235e-11 1.6198e-09 1.03667e-07 3.91208e-06 8.70488e-05 0.00114213 0.00883706 0.0403421 0.10894 0.176271 0.181558 0.1473 0.126871 0.103865 0.0623178 0.0272225 0.0102107 0.00357551 0.00109378 0.000285388 6.38283e-05 1.205e-05 1.91703e-06 2.5597e-07 2.79578e-08
 1.61116e-11 1.74876e-09 1.1192e-07 4.22352e-06 9.39787e-05 0.00123305 0.00954029 0.0435469 0.117517 0.18953 0.19231 0.14854 0.119196 0.0934443 0.0537923 0.0214251 0.0068552 0.00211628 0.000633202 0.00017223 4.06246e-05 7.93373e-06 1.2532e-06 1.58502e-07 1.59245e-08
 1.59972e-11 1.73634e-09 1.11126e-07 4.19353e-06 9.33114e-05 0.00122429 0.00947259 0.0432385 0.116694 0.188281 0.191407 0.148788 0.120507 0.0948682 0.0545546 0.0215515 0.00670902 0.00193657 0.000514807 0.000121982 2.65002e-05 5.16693e-06 8.47386e-07 1.10552e-07 1.10838e-08
 1.6342e-11 1.77377e-09 1.13521e-07 4.28393e-06 9.53228e-05 0.00125068 0.00967668 0.0441684 0.11918 0.192096 0.194368 0.14871 0.117611 0.091406 0.0522795 0.0205003 0.00628693 0.00177845 0.000460491 0.000103474 2.03708e-05 3.50749e-06 5.22407e-07 6.59237e-08 6.69791e-09
 1.66353e-11 1.80561e-09 1.15559e-07 4.36082e-06 9.70337e-05 0.00127313 0.0098503 0.0449595 0.121296 0.195362 0.196987 0.148917 0.115565 0.0887329 0.0502173 0.0192096 0.00558329 0.00148032 0.000367085 8.01897e-05 1.53041e-05 2.50374e-06 3.42096e-07 3.86658e-08 3.57308e-09
 1.68646e-11 1.83048e-09 1.17151e-07 4.42091e-06 9.83707e-05 0.00129067 0.00998596 0.0455775 0.122946 0.19788 0.198871 0.148633 0.11329 0.0862057 0.048819 0.0188492 0.0055875 0.00150287 0.000366406 7.6209e-05 1.37322e-05 2.1468e-06 2.81897e-07 3.02241e-08 2.58287e-09
 1.75304e-11 1.90275e-09 1.21776e-07 4.59544e-06 0.000102254 0.00134162 0.01038 0.0473731 0.127749 0.205274 0.204726 0.148858 0.108271 0.0798809 0.0442217 0.0162458 0.0042974 0.00099688 0.000223176 4.55413e-05 8.14302e-06 1.23531e-06 1.54308e-07 1.56972e-08 1.27724e-09
 1.87237e-11 2.03227e-09 1.30065e-07 4.90826e-06 0.000109215 0.00143294 0.0110863 0.0505906 0.136345 0.218441 0.214809 0.148133 0.0975603 0.0674339 0.0365226 0.0132229 0.00338923 0.000737549 0.000150104 2.70087e-05 4.25572e-06 5.97726e-07 7.22588e-08 7.15534e-09 5.59215e-10
 1.86908e-11 2.02871e-09 1.29837e-07 4.89965e-06 0.000109023 0.00143042 0.0110669 0.0505022 0.136111 0.218102 0.214641 0.148454 0.0983126 0.0680748 0.0365944 0.0128713 0.00303914 0.000568044 9.95892e-05 1.62171e-05 2.32786e-06 2.91344e-07 3.10619e-08 2.77289e-09 2.03269e-10
 1.93119e-11 2.09613e-09 1.34152e-07 5.06247e-06 0.000112646 0.00147796 0.0114345 0.0521769 0.140585 0.224948 0.219856 0.147987 0.0926009 0.0615045 0.0326233 0.0114226 0.00267887 0.000490894 8.1991e-05 1.21469e-05 1.51316e-06 1.63318e-07 1.53767e-08 1.22061e-09 7.92125e-11
 2.01939e-11 2.19185e-09 1.40278e-07 5.29367e-06 0.00011779 0.00154545 0.0119565 0.0545548 0.146938 0.234675 0.22729 0.147399 0.0846051 0.052246 0.0269404 0.00924821 0.00207361 0.000344901 5.13086e-05 7.06068e-06 8.37466e-07 8.43778e-08 7.11624e-09 4.90304e-10 2.75195e-11
 2.00295e-11 2.17401e-09 1.39136e-07 5.25056e-06 0.000116831 0.00153286 0.0118592 0.0541115 0.145754 0.232872 0.225951 0.147638 0.0862916 0.0540988 0.0279378 0.00946555 0.00202607 0.000298563 3.65731e-05 4.21827e-06 4.36545e-07 3.91372e-08 3.02067e-09 1.93391e-10 9.92038e-12
 1.95013e-11 2.11668e-09 1.35467e-07 5.11211e-06 0.000113751 0.00149245 0.0115466 0.0526876 0.14195 0.227049 0.22151 0.148019 0.0911246 0.0596729 0.0313281 0.0107259 0.00235167 0.000367829 4.90247e-05 5.81185e-06 5.55855e-07 4.22839e-08 2.71515e-09 1.48965e-10 6.77074e-12
 1.94825e-11 2.11463e-09 1.35336e-07 5.10717e-06 0.000113641 0.001491 0.0115354 0.0526367 0.141814 0.226836 0.221326 0.147963 0.0911923 0.0598041 0.0314828 0.0108721 0.0024493 0.000409436 6.013e-05 7.74718e-06 7.95023e-07 6.45355e-08 4.21981e-09 2.15992e-10 8.49329e-12
#obs catch len freq
 3.12866e-11 2.89954e-09 1.58448e-07 5.1054e-06 9.69988e-05 0.00108671 0.0071811 0.0280285 0.0650975 0.0934489 0.0975102 0.105695 0.128329 0.137187 0.125266 0.0991818 0.0632461 0.0313256 0.0123105 0.00386273 0.000942952 0.000172806 2.29067e-05 2.11757e-06 1.32198e-07
 4.76299e-11 4.25743e-09 2.24389e-07 6.97339e-06 0.000127784 0.00138078 0.00880019 0.033126 0.074176 0.102494 0.102344 0.105732 0.124547 0.132633 0.121894 0.094868 0.0575371 0.0266585 0.00986769 0.00296939 0.000699195 0.000122248 1.52105e-05 1.30304e-06 7.48e-08
 2.5572e-11 2.20081e-09 1.11684e-07 3.34184e-06 5.89641e-05 0.000613591 0.00376965 0.0137464 0.0305896 0.0470339 0.0692098 0.113917 0.160587 0.173887 0.156338 0.117646 0.0684238 0.0300912 0.0104225 0.0029082 0.000637051 0.000104499 1.22418e-05 9.83607e-07 5.25486e-08
 1.86224e-18 8.18609e-16 2.12181e-13 3.24285e-11 2.92247e-09 1.55313e-07 4.86866e-06 9.00925e-05 0.000986533 0.00644177 0.025666 0.0663509 0.125404 0.192418 0.230307 0.192015 0.105912 0.0399258 0.0112862 0.00261196 0.000497644 7.34715e-05 7.87777e-06 5.84321e-07 2.89366e-08
 1.28925e-10 1.02372e-08 4.79307e-07 1.32323e-05 0.000215406 0.00206796 0.0117168 0.0393316 0.0798096 0.107468 0.127531 0.167628 0.189377 0.145322 0.0759065 0.0321728 0.0135957 0.00551477 0.00180847 0.000435781 7.56894e-05 9.5763e-06 8.82132e-07 5.75935e-08 2.56309e-09
 2.47633e-10 1.88455e-08 8.45656e-07 2.23753e-05 0.000349088 0.00321158 0.0174279 0.0558708 0.106673 0.126377 0.110521 0.10429 0.117183 0.125244 0.112877 0.0754715 0.0332974 0.00926009 0.00167291 0.000222538 2.6083e-05 2.75041e-06 2.25834e-07 1.29875e-08 5.02763e-10
 5.11041e-10 3.72238e-08 1.59872e-06 4.04866e-05 0.000604563 0.00532331 0.0276457 0.0847784 0.154457 0.172464 0.135389 0.10592 0.097808 0.0859609 0.0652423 0.0399253 0.0176983 0.00540427 0.00114585 0.000171306 1.80252e-05 1.34071e-06 7.31045e-08 3.04071e-09 9.49278e-11
 5.83656e-10 4.0638e-08 1.66838e-06 4.03876e-05 0.000576496 0.00485271 0.024101 0.0708129 0.124804 0.141037 0.129455 0.132421 0.134101 0.108892 0.0715783 0.037957 0.014698 0.00386986 0.000699747 9.22343e-05 9.24548e-06 6.90183e-07 3.63498e-08 1.29749e-09 3.09698e-11
 9.2689e-10 6.16163e-08 2.41518e-06 5.58204e-05 0.000760731 0.00611362 0.0289853 0.0812481 0.136175 0.144229 0.119451 0.111137 0.114496 0.105898 0.0814283 0.0467494 0.0179939 0.00446011 0.000726331 8.22385e-05 6.85784e-06 4.29545e-07 1.98013e-08 6.48448e-10 1.45471e-11
 1.29458e-09 8.20731e-08 3.06803e-06 6.76251e-05 0.000878932 0.00673682 0.0304708 0.0815964 0.13156 0.138248 0.123181 0.12531 0.126016 0.105608 0.0729918 0.0388263 0.0143286 0.00351715 0.000584905 6.84532e-05 5.7316e-06 3.38777e-07 1.3864e-08 3.88984e-10 7.44089e-12
 1.95688e-09 1.18191e-07 4.20912e-06 8.83868e-05 0.00109442 0.00799167 0.0344378 0.0878757 0.135125 0.135925 0.117336 0.118073 0.121259 0.107232 0.0768454 0.0398876 0.013527 0.00287485 0.000386451 3.453e-05 2.21445e-06 1.08019e-07 3.9733e-09 1.04356e-10 1.85924e-12
 2.977e-09 1.71128e-07 5.80032e-06 0.000115924 0.00136614 0.00949494 0.0389504 0.0947043 0.139384 0.136725 0.119758 0.121771 0.120873 0.101256 0.0684935 0.033667 0.0108858 0.00222898 0.000292289 2.55463e-05 1.55436e-06 6.70952e-08 2.03692e-09 4.29177e-11 6.24132e-13
 4.70334e-09 2.57084e-07 8.28577e-06 0.000157464 0.00176455 0.0116618 0.0454938 0.10523 0.147591 0.138921 0.118498 0.118022 0.115007 0.0949962 0.0625609 0.02931 0.00888266 0.00167886 0.000199357 1.54479e-05 8.2482e-07 3.16174e-08 8.71107e-10 1.67699e-11 2.18849e-13
 6.15152e-09 3.19457e-07 9.78204e-06 0.00017662 0.00188047 0.0118094 0.0438063 0.0966711 0.131443 0.127451 0.123216 0.133219 0.128355 0.101406 0.0632096 0.0278718 0.00791625 0.00139419 0.000152663 1.07158e-05 5.06239e-07 1.68334e-08 3.99422e-10 6.64842e-12 7.5764e-14
 8.28894e-09 4.08654e-07 1.18795e-05 0.000203628 0.00205827 0.0122728 0.0432459 0.0908762 0.118999 0.115624 0.118098 0.134239 0.136389 0.114195 0.0726156 0.0312147 0.00841912 0.00138857 0.000140693 8.99388e-06 3.79236e-07 1.10603e-08 2.28421e-10 3.30594e-12 3.27124e-14
 1.45376e-08 6.7995e-07 1.87521e-05 0.00030494 0.00292416 0.0165405 0.0552797 0.110055 0.13582 0.122209 0.114098 0.122789 0.122652 0.101441 0.0625313 0.0256411 0.0065602 0.00102844 9.98271e-05 6.188e-06 2.55713e-07 7.29287e-09 1.44275e-10 1.94069e-12 1.73627e-14
 2.07739e-08 9.21231e-07 2.40884e-05 0.000371401 0.0033769 0.0181151 0.0574739 0.109158 0.131363 0.123252 0.125674 0.135116 0.124619 0.0933254 0.0526328 0.0199844 0.00475629 0.000692456 6.19898e-05 3.50414e-06 1.30592e-07 3.3539e-09 6.05384e-11 7.57912e-13 6.40682e-15
 3.05268e-08 1.28285e-06 3.17878e-05 0.000464456 0.00400198 0.0203468 0.061209 0.110463 0.127495 0.117942 0.121775 0.133273 0.126921 0.0972836 0.0541036 0.0196424 0.00439733 0.000596058 4.91148e-05 2.51164e-06 8.27172e-08 1.8374e-09 2.84781e-11 3.08685e-13 2.29062e-15
 5.00174e-08 1.99104e-06 4.67337e-05 0.000646813 0.00527934 0.0254269 0.0724783 0.124068 0.136396 0.121432 0.121197 0.127381 0.11624 0.085053 0.0449641 0.0155482 0.00335253 0.000448205 3.79272e-05 2.10355e-06 7.88404e-08 2.00789e-09 3.40566e-11 3.74929e-13 2.63905e-15
 6.6587e-08 2.51e-06 5.57889e-05 0.00073119 0.005652 0.0257911 0.0697966 0.114541 0.125593 0.12183 0.133356 0.139882 0.12151 0.0835432 0.0413309 0.0133454 0.00267988 0.000332311 2.59618e-05 1.32876e-06 4.65137e-08 1.13837e-09 1.92689e-11 2.19364e-13 1.63671e-15
 1.01229e-07 3.61254e-06 7.6017e-05 0.000943229 0.00690272 0.0298228 0.0764371 0.118959 0.124366 0.116764 0.126525 0.135275 0.122034 0.0852138 0.0412192 0.0127227 0.00242631 0.000286596 2.15084e-05 1.06663e-06 3.62039e-08 8.49636e-10 1.35741e-11 1.44415e-13 1.0078e-15
 1.65233e-07 5.58164e-06 0.000111178 0.00130583 0.00904615 0.0370013 0.0898328 0.132744 0.132876 0.121049 0.126353 0.127861 0.108246 0.0706713 0.0319068 0.00917558 0.00162464 0.000177034 1.21393e-05 5.44662e-07 1.66806e-08 3.5651e-10 5.27159e-12 5.2615e-14 3.46551e-16
 2.36642e-07 7.56636e-06 0.000142651 0.00158594 0.0104003 0.0402891 0.0928443 0.131523 0.130785 0.124898 0.133206 0.1302 0.104233 0.0639893 0.0271554 0.00736323 0.00123776 0.000129558 8.67253e-06 3.85391e-07 1.16983e-08 2.43205e-10 3.40049e-12 3.13392e-14 1.88153e-16
 3.26294e-07 9.87496e-06 0.000176221 0.00185443 0.0115124 0.0422408 0.0924303 0.125709 0.124549 0.124407 0.13671 0.134671 0.107623 0.0643984 0.0259843 0.00659335 0.00102528 9.80034e-05 5.89534e-06 2.32097e-07 6.23549e-09 1.16817e-10 1.51236e-12 1.31915e-14 7.569e-17
 5.44254e-07 1.55913e-05 0.000263365 0.00262338 0.0154154 0.0535295 0.110766 0.141937 0.13091 0.120655 0.125755 0.12124 0.0951321 0.0549057 0.0210229 0.00502402 0.000734496 6.60781e-05 3.74754e-06 1.3898e-07 3.49063e-09 6.02264e-11 7.061e-13 5.51128e-15 2.8198e-17
 7.3694e-07 1.99851e-05 0.000319582 0.00301376 0.0167699 0.0552089 0.108892 0.13606 0.130784 0.131869 0.138141 0.123513 0.088023 0.0465563 0.0165554 0.00371186 0.000513983 4.43351e-05 2.44905e-06 8.97643e-08 2.23779e-09 3.79338e-11 4.29043e-13 3.17334e-15 1.51608e-17
 9.86171e-07 2.53205e-05 0.000383352 0.00342288 0.0180369 0.0562804 0.105616 0.12755 0.123692 0.13014 0.140753 0.129909 0.0943612 0.049116 0.0166941 0.00352402 0.000456142 3.66185e-05 1.87666e-06 6.37872e-08 1.48186e-09 2.36459e-11 2.54677e-13 1.80988e-15 8.34098e-18
 1.20527e-06 2.93027e-05 0.000420093 0.0035522 0.017735 0.0525461 0.0945525 0.113703 0.119219 0.137903 0.15304 0.14006 0.0989566 0.0491049 0.0156909 0.00308715 0.000369501 2.71332e-05 1.25264e-06 3.77207e-08 7.68904e-10 1.08042e-11 1.03796e-13 6.67223e-16 2.81356e-18
#spawning biomass
 28476.5 25054.3 23298.5 23705.1 35494.9 49889.3 63481.6 87324.6 113424 151777 150081 185339 203471 231205 236110 201281 213206 213658 207247 224893 191753 195881 191822 194703 207833 199150 204043 243259 356792 661458 712990 669300 578033 474705 379196 299743 237777 191481 157916 134105 117482 106013 98122.4 92672.8 89062.8 86671.4 85087.2 84037.7 83342.5 82882 82576.9 82374.8 82241 82152.3 82093.5 82054.6 82028.8 82011.8 82000.4 81993 81988 81984.7 81982.5 81981.1 81980.1 81979.5 81979.1 81978.8 81978.6 81978.5 81978.4 81978.3 81978.3 81978.3 81978.3 81978.3 81978.3 81978.3 81978.2 81978.2 81978.2 81978.2 81978.2 81978.2 81978.2 81978.2 81978.2 81978.2 81978.2 81978.2 81978.2 81978.2 81978.2 81978.2 81978.2 81978.2 81978.2 81978.2 81978.2 81978.2 81978.2 81978.2 81978.2 81978.2 81978.2 81978.2 81978.2 81978.2 81978.2 81978.2 81978.2 81978.2 81978.2 81978.2 81978.2 81978.2 81978.2 81978.2 81978.2 81978.2 81978.2 81978.2 81978.2 81978.2 81978.2 81978.2 81978.2 81978.2 0 0 0 0 0 0 0 0 0 0 0 0 0 0 0 0 0 0 0 0 0 0 0 0 0
