SBPRF35
0.256306
Curr Bio
162256
B35
200264
F35
0.391049
FOFL
0.280117
OFL
42225
Bzero
73230.3
#pred survey bio
 33389.9 24266.2 19018.3 16265.7 26347.5 40245.5 54579.3 70029.6 95247.4 121767 138522 171632 211989 221675 218796 204373 211517 204986 193705 198917 224702 238013 259504 274952 266316 275600 268708 271352 242871 7.93416e+06 4.34612e+06 3.19706e+06 2.22576e+06 1.58498e+06 1.20815e+06 999013 885905 825017 791901 773513 763021 756854 753120 750799 749321 748370 747749 747340 747068 746886 746764 746682 746626 746589 746564 746547 746535 746528 746522 746519 746516 746515 746514 746513 746512 746512 746512 746512 746512 746511 746511 746511 746511 746511 746511 746511 746511 746511 746511 746511 746511 746511 746511 746511 746511 746511 746511 746511 746511 746511 746511 746511 746511 746511 746511 746511 746511 746511 746511 746511 746511 746511 746511 746511 746511 746511 746511 746511 746511 746511 746511 746511 746511 746511 746511 746511 746511 746511 746511 746511 746511 746511 746511 746511 746511 746511 746511 746511 746511 0 0 0 0 0 0 0 0 0 0 0 0 0 0 0 0 0 0 0 0 0 0 0 0 0
#obs survey bio
 39974.3 16378 21682 19322.7 32966.4 43900.2 47044.7 86672 106867 155292 116576 241883 244137 182643 220999 225857 142545 253843 184936 182581 300091 226165 205365 262799 343849 201642 302015 198484 232584
#pred catch bio
 8538.31 3704.36 4062.37 3084.62 5618.54 8683.33 13233.5 17227.6 25914.7 43541.4 49335.4 60576 86179.8 90409.1 97399.4 84110.3 87971.9 82746.5 73609.1 67768.4 79943.6 84173.6 101722 118452 98421.6 110234 105150 124068 112053 42225 54200.4 38652.2 25856 17725.1 13156.9 10767 9571.17 8989.76 8712.43 8581.84 8520.88 8492.6 8479.54 8473.51 8470.74 8469.48 8468.9 8468.63 8468.51 8468.45 8468.43 8468.42 8468.41 8468.41 8468.41 8468.41 8468.41 8468.41 8468.41 8468.41 8468.41 8468.41 8468.41 8468.41 8468.41 8468.41 8468.41 8468.41 8468.41 8468.41 8468.41 8468.41 8468.41 8468.41 8468.41 8468.41 8468.41 8468.41 8468.41 8468.41 8468.41 8468.41 8468.41 8468.41 8468.41 8468.41 8468.41 8468.41 8468.41 8468.41 8468.41 8468.41 8468.41 8468.41 8468.41 8468.41 8468.41 8468.41 8468.41 8468.41 8468.41 8468.41 8468.41 8468.41 8468.41 8468.41 8468.41 8468.41 8468.41 8468.41 8468.41 8468.41 8468.41 8468.41 8468.41 8468.41 8468.41 8468.41 8468.41 8468.41 8468.41 8468.41 8468.41 8468.41 8468.41 8468.41 8468.41 8468.41 8468.41 0 0 0 0 0 0 0 0 0 0 0 0 0 0 0 0 0 0 0 0 0 0 0 0 0
#obs catch bio
 3781.99 3680.47 4287.64 3125.55 5605.44 8474.55 13306 16622 24758.8 40874.3 49415.3 58271.5 81686.9 91317 100152 85351 91955.9 79467.9 72893.1 68240.7 75846.4 82750.7 102080 122005 93071.3 111115 100990 130698 112137
#pred cpue bio
 32060.1 23824.7 18787.4 15311.3 23032.3 36379.8 50080.4 64039.3 86191.8 110895 125292 153598 190605 201022 199654 185241 191180 187169 177836 181124 204387 217930 236176 248748 241762 252550 245344 247201 220624 7.15789e+06 4.28435e+06 3.1543e+06 2.18338e+06 1.54261e+06 1.16577e+06 956638 843530 782641 749525 731137 720646 714478 710745 708423 706945 705994 705373 704964 704692 704510 704388 704306 704251 704214 704188 704171 704160 704152 704147 704143 704141 704139 704138 704137 704137 704136 704136 704136 704136 704136 704136 704136 704136 704136 704136 704136 704136 704136 704136 704136 704136 704136 704136 704136 704136 704136 704136 704136 704136 704136 704136 704136 704136 704136 704136 704136 704136 704136 704136 704136 704136 704136 704136 704136 704136 704136 704136 704136 704136 704136 704136 704136 704136 704136 704136 704136 704136 704136 704136 704136 704136 704136 704136 704136 704136 704136 704136 704136 704136 0 0 0 0 0 0 0 0 0 0 0 0 0 0 0 0 0 0 0 0 0 0 0 0 0
#obs cpue bio
 17973.1 18663.4 12062.8 15240.2 28381.8 42481.4 41761.2 88854.7 89751.4 126305 93283.8 159382 225733 166008 177715 157304 216952 259734 163494 167564 282839 186237 275761 226924 310877 257522 304185 204270 268467
#pred surv len freq
 2.42485e-11 1.14053e-09 3.71465e-08 8.37745e-07 1.30826e-05 0.00014147 0.00105934 0.00549332 0.0197332 0.0491649 0.0853669 0.105232 0.0983417 0.0828552 0.0771227 0.0766388 0.0718773 0.0640905 0.0567455 0.0498963 0.0436034 0.0382364 0.0327378 0.0253652 0.0162843
 1.19017e-11 5.598e-10 1.82323e-08 4.11185e-07 6.42128e-06 6.94385e-05 0.000519994 0.00269721 0.00969929 0.0242676 0.0428334 0.0560802 0.0628859 0.074414 0.0932661 0.104948 0.101021 0.0896154 0.0786398 0.0684007 0.0582028 0.0484146 0.03868 0.0281101 0.0172272
 9.70034e-12 4.56258e-10 1.486e-08 3.35131e-07 5.23356e-06 5.65942e-05 0.000423793 0.00219788 0.00789893 0.0197163 0.0344832 0.0436959 0.0447701 0.046593 0.0566971 0.07272 0.0900735 0.104369 0.10882 0.101132 0.0863809 0.0697689 0.0529511 0.0362279 0.0210179
 3.46366e-11 1.62914e-09 5.306e-08 1.19664e-06 1.86872e-05 0.000202075 0.00151311 0.00784552 0.0281706 0.0700662 0.120836 0.145086 0.123239 0.0786696 0.0454875 0.032581 0.0321176 0.038073 0.0469423 0.0538335 0.0542649 0.047513 0.0362936 0.0239816 0.0132635
 4.60322e-11 2.16514e-09 7.05171e-08 1.59034e-06 2.48354e-05 0.000268559 0.00201093 0.0104269 0.0374407 0.0931368 0.160718 0.193406 0.16564 0.108358 0.0646728 0.0422872 0.0285129 0.0181267 0.0127846 0.0121372 0.013263 0.0133635 0.011315 0.00780389 0.00430083
 3.65818e-11 1.72063e-09 5.60399e-08 1.26384e-06 1.97367e-05 0.000213425 0.00159812 0.00828703 0.0297657 0.0741302 0.128505 0.15741 0.143823 0.113934 0.0957393 0.0835748 0.0635278 0.0396251 0.0217728 0.0120642 0.00787543 0.00639669 0.00544134 0.00399162 0.00230317
 3.39174e-11 1.59531e-09 5.19582e-08 1.17179e-06 1.82992e-05 0.00019788 0.00148172 0.00768343 0.0275974 0.0687277 0.119124 0.14585 0.133096 0.105417 0.0898876 0.0829274 0.0714963 0.0553446 0.0389596 0.0243131 0.0132737 0.00689183 0.00392588 0.00242371 0.00136116
 3.54075e-11 1.6654e-09 5.4241e-08 1.22327e-06 1.91031e-05 0.000206573 0.00154682 0.00802081 0.0288072 0.0717211 0.124179 0.151409 0.136142 0.103589 0.0832904 0.0740711 0.0635856 0.0508184 0.0389917 0.0280512 0.0178999 0.00984706 0.0047502 0.00213104 0.00092145
 3.77371e-11 1.77497e-09 5.78097e-08 1.30375e-06 2.036e-05 0.000220165 0.00164858 0.00854841 0.0307007 0.0764218 0.132225 0.160779 0.143138 0.10582 0.0810145 0.0688947 0.0568584 0.0435167 0.0324341 0.0236716 0.0161387 0.0097934 0.00509645 0.00223212 0.000827224
 3.58511e-11 1.68626e-09 5.49205e-08 1.23859e-06 1.93425e-05 0.000209162 0.0015662 0.00812137 0.0291692 0.0726301 0.125806 0.15364 0.138929 0.107236 0.0875851 0.0772245 0.0632573 0.0465183 0.0327507 0.0227141 0.0150972 0.00927333 0.00504905 0.00232715 0.000876103
 3.75049e-11 1.76405e-09 5.7454e-08 1.29573e-06 2.02347e-05 0.00021881 0.00163844 0.00849585 0.0305125 0.075958 0.131455 0.16 0.142951 0.106767 0.083115 0.0715142 0.0590992 0.0446442 0.0320448 0.021974 0.0140526 0.00828088 0.004417 0.00204992 0.000789483
 3.94979e-11 1.85779e-09 6.0507e-08 1.36458e-06 2.13099e-05 0.000230437 0.0017255 0.0089472 0.0321323 0.0799791 0.138336 0.168006 0.148906 0.108619 0.0811313 0.0672184 0.053861 0.0393858 0.0275782 0.0188083 0.0120677 0.00705987 0.0036833 0.00166825 0.000633983
 3.81718e-11 1.79542e-09 5.84756e-08 1.31877e-06 2.05945e-05 0.000222701 0.00166757 0.00864695 0.0310555 0.0773135 0.133826 0.163003 0.145998 0.109732 0.0859304 0.0732575 0.0584797 0.0415576 0.0278658 0.0182108 0.0113163 0.00649167 0.00334577 0.00149659 0.00056012
 3.63605e-11 1.71022e-09 5.57008e-08 1.25619e-06 1.96173e-05 0.000212133 0.00158845 0.00823676 0.0295836 0.0736614 0.127589 0.155805 0.140842 0.108624 0.0886158 0.0780617 0.0637939 0.0464254 0.0316633 0.0205811 0.0124218 0.0068461 0.00340193 0.00148169 0.000544323
 3.52109e-11 1.65615e-09 5.39397e-08 1.21648e-06 1.8997e-05 0.000205426 0.00153823 0.00797638 0.0286488 0.0713386 0.123598 0.151081 0.137063 0.106781 0.0885749 0.079364 0.0662307 0.0497647 0.0352879 0.0237155 0.0145946 0.00804748 0.00392359 0.00165716 0.000589768
 3.69805e-11 1.73939e-09 5.66507e-08 1.27761e-06 1.99518e-05 0.000215751 0.00161553 0.00837711 0.0300865 0.0749017 0.129656 0.157947 0.141558 0.10666 0.0841768 0.0730819 0.0605556 0.0458361 0.033103 0.0228749 0.0145608 0.00828844 0.00412293 0.00174649 0.000613801
 3.74154e-11 1.75984e-09 5.7317e-08 1.29264e-06 2.01864e-05 0.000218288 0.00163453 0.00847563 0.0304403 0.075783 0.131184 0.159818 0.143259 0.107949 0.0850276 0.0732249 0.0595703 0.0437948 0.0307526 0.0210255 0.0135177 0.00788225 0.00403787 0.00175573 0.000627316
 3.49533e-11 1.64404e-09 5.35452e-08 1.20758e-06 1.88581e-05 0.000203924 0.00152698 0.00791808 0.02844 0.0708238 0.122742 0.150203 0.136802 0.107657 0.0904209 0.0811774 0.0669002 0.0490795 0.0340139 0.0227525 0.0142989 0.00823314 0.00423263 0.0018712 0.000683268
 3.40111e-11 1.59972e-09 5.21018e-08 1.17503e-06 1.83497e-05 0.000198427 0.00148582 0.00770465 0.0276735 0.0689155 0.119438 0.146181 0.133215 0.10507 0.0888438 0.0809859 0.0687819 0.0528988 0.0384638 0.0264169 0.0166252 0.00944435 0.00477847 0.00209392 0.000765937
 3.63017e-11 1.70746e-09 5.56108e-08 1.25416e-06 1.95856e-05 0.00021179 0.00158588 0.00822334 0.0295342 0.0735274 0.127281 0.15507 0.13904 0.104925 0.0831476 0.0727988 0.0613156 0.0477024 0.0356461 0.0254594 0.0167062 0.00979278 0.00501941 0.00219511 0.000797036
 3.62916e-11 1.70698e-09 5.55954e-08 1.25381e-06 1.95801e-05 0.000211732 0.00158544 0.00822111 0.0295268 0.0735142 0.127295 0.15526 0.139758 0.106564 0.0855453 0.0748261 0.0616384 0.0461122 0.0332256 0.0234614 0.0156427 0.00947053 0.00502784 0.00225967 0.00083293
 3.46316e-11 1.62891e-09 5.30524e-08 1.19646e-06 1.86845e-05 0.000202047 0.00151293 0.0078452 0.028178 0.0701697 0.121595 0.148742 0.13529 0.106122 0.0888608 0.080015 0.0667741 0.0501528 0.0358272 0.0247136 0.0160389 0.00957802 0.0051207 0.00235212 0.000889609
 3.63357e-11 1.70906e-09 5.56629e-08 1.25534e-06 1.96039e-05 0.000211989 0.00158736 0.00823105 0.029562 0.0735974 0.127408 0.155252 0.139291 0.105298 0.083657 0.0733209 0.0616311 0.0476237 0.0351239 0.0246727 0.0160056 0.00942695 0.004959 0.00226023 0.000858721
 3.74125e-11 1.7597e-09 5.73124e-08 1.29254e-06 2.01848e-05 0.000218271 0.0016344 0.00847494 0.0304377 0.0757743 0.131155 0.159718 0.142963 0.107297 0.0840214 0.0721781 0.0589139 0.0437467 0.0312449 0.0218312 0.0143759 0.0086038 0.00454897 0.00206305 0.000777973
 3.63462e-11 1.70955e-09 5.5679e-08 1.2557e-06 1.96096e-05 0.00021205 0.00158783 0.00823351 0.0295718 0.0736307 0.127527 0.155685 0.140593 0.10813 0.0878215 0.0770738 0.0628383 0.0457842 0.0316282 0.0212568 0.0135535 0.00798128 0.00421787 0.0019241 0.000728245
 3.42976e-11 1.6132e-09 5.25408e-08 1.18493e-06 1.85043e-05 0.000200099 0.00149834 0.00776957 0.0279067 0.0694973 0.120453 0.14745 0.134454 0.106187 0.0898193 0.081512 0.0684019 0.0515665 0.0366905 0.024823 0.0155353 0.00886348 0.00454891 0.00203822 0.000766271
 3.5534e-11 1.67135e-09 5.44347e-08 1.22764e-06 1.91714e-05 0.000207311 0.00155234 0.0080495 0.0289106 0.0719818 0.124654 0.152097 0.137107 0.105018 0.0851334 0.0756427 0.0639206 0.0495185 0.036599 0.0257051 0.0165494 0.00955165 0.00486282 0.00213468 0.000785235
 3.59623e-11 1.69149e-09 5.50908e-08 1.24244e-06 1.94024e-05 0.00020981 0.00157105 0.00814651 0.029259 0.0728492 0.126154 0.153921 0.138722 0.106145 0.0857175 0.0754304 0.0625623 0.0472257 0.0342842 0.0242123 0.0160036 0.00954743 0.00498897 0.00221546 0.000812622
 3.64273e-11 1.71337e-09 5.58033e-08 1.2585e-06 1.96533e-05 0.000212523 0.00159137 0.00825185 0.0296373 0.0737899 0.127776 0.155867 0.140366 0.107157 0.0861666 0.0754066 0.0619789 0.0460076 0.0325853 0.0224276 0.0145746 0.00869134 0.00461299 0.00209493 0.000783181
#obs surv len freq
 2.31796e-11 1.09026e-09 3.55089e-08 8.00817e-07 1.25059e-05 0.000135234 0.00101265 0.00525125 0.0188647 0.0470104 0.0816912 0.101008 0.0953723 0.0823353 0.0787902 0.0792436 0.0743921 0.0665893 0.0600635 0.0544124 0.0483187 0.0409807 0.0317573 0.0212125 0.0115452
 1.02174e-15 4.81281e-14 1.5766e-12 3.6372e-11 6.18586e-10 8.86187e-09 1.30978e-07 2.01005e-06 2.61998e-05 0.000252676 0.00171892 0.00814816 0.0268952 0.0622022 0.10261 0.126005 0.125476 0.113872 0.101636 0.0896673 0.0773541 0.0642415 0.049242 0.0327857 0.0178645
 1.28543e-11 6.04603e-10 1.96915e-08 4.44094e-07 6.93515e-06 7.49935e-05 0.000561535 0.0029115 0.0104531 0.0259872 0.0447397 0.0533762 0.0444476 0.0277405 0.0207515 0.0344682 0.0671548 0.10282 0.122197 0.120312 0.105673 0.0862661 0.0646841 0.0424238 0.0229505
 5.23661e-11 2.46305e-09 8.02199e-08 1.80916e-06 2.82526e-05 0.000305511 0.0022876 0.0118611 0.0425854 0.105881 0.182347 0.217721 0.180888 0.106068 0.0462398 0.0175774 0.00810932 0.00664613 0.00904616 0.0126357 0.0145778 0.0136879 0.0107174 0.00702674 0.00376146
 3.43432e-11 1.61534e-09 5.26105e-08 1.1865e-06 1.85289e-05 0.000200365 0.00150035 0.00778029 0.0279497 0.0696474 0.121007 0.149508 0.140672 0.119636 0.109181 0.0976798 0.0705523 0.0379355 0.0159833 0.00729534 0.00581252 0.00604304 0.00548657 0.00393032 0.00217969
 3.86582e-11 1.8183e-09 5.92207e-08 1.33558e-06 2.08569e-05 0.000225538 0.00168881 0.00875698 0.0314492 0.0782764 0.135379 0.164363 0.145544 0.106085 0.079949 0.0688491 0.0595654 0.047416 0.0334121 0.0196577 0.00953404 0.00445773 0.00260975 0.00174677 0.00101223
 2.75166e-11 1.29425e-09 4.21528e-08 9.50652e-07 1.48458e-05 0.000160538 0.00120213 0.00623404 0.0223982 0.0558444 0.0972369 0.121137 0.117201 0.106483 0.105997 0.103783 0.0870886 0.0637502 0.0446826 0.0305785 0.0189633 0.00998788 0.00451148 0.00191937 0.000825725
 4.17425e-11 1.96337e-09 6.39456e-08 1.44213e-06 2.2521e-05 0.000243532 0.00182354 0.00945531 0.0339535 0.0844745 0.145858 0.175946 0.152116 0.102987 0.0676763 0.0527769 0.0459527 0.0398183 0.0324598 0.0237571 0.0153164 0.00869102 0.00426913 0.00177509 0.000626827
 3.50126e-11 1.64682e-09 5.3636e-08 1.20963e-06 1.88901e-05 0.00020427 0.00152958 0.00793162 0.0284898 0.0709583 0.123047 0.150917 0.138511 0.111036 0.0949634 0.0843067 0.0658513 0.0441735 0.0286595 0.0197824 0.0137187 0.00859804 0.00457577 0.00200943 0.000716689
 3.77821e-11 1.77709e-09 5.78785e-08 1.30531e-06 2.03842e-05 0.000220427 0.00165054 0.0085586 0.0307377 0.0765153 0.132399 0.161054 0.143594 0.106658 0.0824797 0.0711088 0.0595331 0.045561 0.032375 0.0212221 0.0127885 0.00725142 0.00383161 0.00177034 0.000669309
 3.79533e-11 1.78514e-09 5.81408e-08 1.31122e-06 2.04766e-05 0.000221426 0.00165803 0.00859744 0.0308778 0.0768701 0.133054 0.162041 0.145068 0.108898 0.0851606 0.072688 0.0584309 0.0422652 0.0292305 0.0197487 0.0124645 0.00705875 0.00353118 0.00154215 0.000571929
 3.97586e-11 1.87005e-09 6.09064e-08 1.37359e-06 2.14506e-05 0.000231958 0.00173689 0.00900627 0.0323447 0.0805083 0.139258 0.169155 0.150019 0.109623 0.0820792 0.0679789 0.0541112 0.0388944 0.0263951 0.0172679 0.0106143 0.00597627 0.00300354 0.00130211 0.000471173
 3.74723e-11 1.76252e-09 5.7404e-08 1.29461e-06 2.02171e-05 0.00021862 0.00163702 0.00848857 0.0304877 0.0759077 0.131448 0.160369 0.14448 0.110356 0.0885336 0.0765593 0.0610885 0.0429248 0.0282195 0.0179577 0.0107774 0.00592141 0.00291247 0.00124467 0.000445946
 3.48661e-11 1.63994e-09 5.34116e-08 1.20457e-06 1.88111e-05 0.000203415 0.00152317 0.00789835 0.0283695 0.07065 0.122455 0.14992 0.136762 0.108093 0.0913849 0.0824888 0.0682518 0.050101 0.0343118 0.0221712 0.0131354 0.00702166 0.0033532 0.00139637 0.000489993
 3.31527e-11 1.55934e-09 5.07867e-08 1.14537e-06 1.78866e-05 0.000193419 0.00144832 0.00751027 0.0269763 0.0671882 0.116506 0.142883 0.131141 0.105364 0.0913202 0.0843343 0.0716431 0.0547573 0.0394916 0.0268489 0.0165744 0.00907303 0.0043395 0.00177816 0.000609322
 3.86222e-11 1.8166e-09 5.91655e-08 1.33433e-06 2.08375e-05 0.000225328 0.00168724 0.00874882 0.0314199 0.0782044 0.135259 0.164236 0.145468 0.105981 0.0793004 0.0666567 0.0553704 0.042948 0.0319983 0.0226918 0.014711 0.00846627 0.00422016 0.00177305 0.000611865
 3.43943e-11 1.61774e-09 5.26887e-08 1.18826e-06 1.85565e-05 0.000200662 0.00150256 0.00779153 0.0279866 0.0697043 0.120868 0.148225 0.135995 0.109024 0.0936399 0.0844227 0.0682413 0.0482843 0.0325016 0.0218585 0.0142113 0.00846789 0.0044191 0.00194138 0.00069451
 3.37475e-11 1.58732e-09 5.1698e-08 1.16592e-06 1.82075e-05 0.000196889 0.00147431 0.00764496 0.0274594 0.0683847 0.118535 0.145155 0.132539 0.105093 0.0895763 0.0821862 0.0701152 0.0539584 0.0388606 0.0261323 0.0160935 0.00908213 0.00465079 0.00207493 0.00076673
 3.37266e-11 1.58633e-09 5.16659e-08 1.1652e-06 1.81962e-05 0.000196767 0.00147339 0.00764019 0.027442 0.0683388 0.118438 0.144954 0.132088 0.104165 0.0880724 0.0803429 0.0684784 0.0532507 0.0396394 0.0281441 0.0182725 0.0105486 0.00533182 0.00231832 0.000844693
 3.73345e-11 1.75603e-09 5.71928e-08 1.28984e-06 2.01428e-05 0.000217815 0.00163099 0.00845722 0.0303736 0.07561 0.130839 0.159183 0.14201 0.105626 0.0817332 0.0702009 0.0583941 0.0449243 0.0333284 0.0238862 0.01593 0.00956871 0.00502171 0.00222974 0.000814081
 3.41744e-11 1.6074e-09 5.23519e-08 1.18067e-06 1.84378e-05 0.00019938 0.00149295 0.00774169 0.0278073 0.0692551 0.120071 0.147164 0.134762 0.107541 0.091968 0.0831849 0.068235 0.0495921 0.0343863 0.0235565 0.015471 0.00936275 0.00502728 0.00229917 0.000862164
 3.49077e-11 1.64189e-09 5.34753e-08 1.206e-06 1.88335e-05 0.000203658 0.00152498 0.00790768 0.0284019 0.0707207 0.122507 0.149659 0.135492 0.105019 0.0866742 0.0779748 0.0661993 0.0511549 0.0373042 0.025617 0.0161998 0.00938744 0.00492336 0.00225167 0.000857145
 3.65683e-11 1.72e-09 5.60192e-08 1.26337e-06 1.97294e-05 0.000213346 0.00159753 0.00828376 0.0297516 0.0740706 0.128237 0.156309 0.140383 0.106384 0.0846672 0.0738158 0.0610867 0.046152 0.0335054 0.0235442 0.0153781 0.00903902 0.00468384 0.00209272 0.000783384
 3.69795e-11 1.73934e-09 5.66491e-08 1.27758e-06 1.99513e-05 0.000215745 0.00161549 0.00837691 0.0300863 0.0749052 0.129691 0.158123 0.142139 0.107947 0.0860444 0.0746516 0.0607778 0.0445243 0.0310898 0.021179 0.0136629 0.00808021 0.0042452 0.00191127 0.000712744
 3.44421e-11 1.61999e-09 5.2762e-08 1.18992e-06 1.85823e-05 0.000200941 0.00150465 0.00780232 0.0280248 0.0697939 0.120986 0.148196 0.135424 0.107512 0.091418 0.0827188 0.0683892 0.0502334 0.0347884 0.0231902 0.014503 0.00833225 0.00430624 0.00193284 0.000723261
 3.39487e-11 1.59678e-09 5.20061e-08 1.17287e-06 1.83161e-05 0.000198063 0.00148309 0.00769051 0.0276228 0.0687896 0.119223 0.145932 0.133034 0.105027 0.088931 0.0811543 0.068985 0.0531029 0.0386309 0.0265116 0.0166433 0.00941887 0.00475127 0.00208395 0.00076791
 3.58222e-11 1.6849e-09 5.48762e-08 1.2376e-06 1.93269e-05 0.000208993 0.00156493 0.00811477 0.029145 0.0725634 0.125648 0.153254 0.137965 0.10527 0.0847867 0.0748591 0.0628687 0.048428 0.0357906 0.0253693 0.0165736 0.0096824 0.00494642 0.0021571 0.000782548
 3.55453e-11 1.67188e-09 5.44521e-08 1.22803e-06 1.91775e-05 0.000207378 0.00155284 0.00805212 0.0289208 0.0720134 0.124752 0.152422 0.138048 0.107027 0.0880092 0.0780255 0.064211 0.0475076 0.0336517 0.0233382 0.0153151 0.00915841 0.00482136 0.00215509 0.000791566
 3.52562e-11 1.65828e-09 5.40091e-08 1.21804e-06 1.90215e-05 0.000205691 0.00154021 0.00798663 0.0286856 0.0714288 0.123745 0.15122 0.137056 0.106493 0.0879844 0.0785938 0.0654529 0.0491232 0.0349452 0.0238421 0.0152039 0.00889614 0.00466943 0.00211526 0.000792522
#pred catch len freq
 2.11553e-11 9.95046e-10 3.2408e-08 7.30882e-07 1.14138e-05 0.000123425 0.000924219 0.0047928 0.0172191 0.0429238 0.074686 0.0927987 0.0890678 0.0798536 0.0797789 0.0822346 0.0780699 0.0699142 0.0620273 0.054589 0.0477187 0.0418488 0.0358315 0.0277623 0.0178232
 9.77067e-12 4.59566e-10 1.49678e-08 3.37561e-07 5.27154e-06 5.70058e-05 0.000426903 0.00221459 0.00796719 0.0199678 0.0354749 0.0475153 0.0565001 0.0723559 0.0951199 0.108855 0.105382 0.0937713 0.0824507 0.071785 0.0611034 0.0508323 0.0406125 0.0295147 0.018088
 7.95419e-12 3.74127e-10 1.21851e-08 2.74804e-07 4.29148e-06 4.6407e-05 0.000347514 0.0018024 0.00647928 0.0161893 0.0284276 0.0365541 0.0391342 0.0440068 0.0568688 0.074653 0.0931111 0.108149 0.112871 0.104937 0.0896434 0.0724078 0.0549548 0.037599 0.0218133
 3.12475e-11 1.46974e-09 4.78683e-08 1.07955e-06 1.68587e-05 0.000182303 0.00136506 0.00707794 0.0254152 0.0632205 0.109082 0.131216 0.112264 0.0735178 0.0454156 0.0353529 0.0363083 0.0434799 0.0537176 0.0616309 0.0621315 0.0544023 0.0415564 0.0274592 0.0151869
 4.36965e-11 2.05527e-09 6.69389e-08 1.50964e-06 2.35752e-05 0.000254932 0.0019089 0.00989791 0.0355427 0.0884287 0.152685 0.184172 0.15914 0.107202 0.068291 0.0478817 0.0334312 0.0215094 0.0152471 0.0145095 0.0158657 0.0159878 0.0135372 0.00933653 0.0051455
 3.34303e-11 1.5724e-09 5.12122e-08 1.15496e-06 1.80364e-05 0.000195039 0.00146046 0.00757341 0.0272055 0.0677841 0.117709 0.145146 0.135695 0.113841 0.102977 0.0938133 0.0723709 0.0453634 0.0249948 0.0138799 0.00907244 0.00737213 0.00627162 0.00460074 0.00265464
 3.07196e-11 1.4449e-09 4.70596e-08 1.06131e-06 1.65739e-05 0.000179224 0.00134204 0.00695928 0.0249991 0.0622832 0.108134 0.133244 0.124321 0.10417 0.0955963 0.0920454 0.0805376 0.0626538 0.0442069 0.0276204 0.0150875 0.00783539 0.00446379 0.00275587 0.00154771
 3.22621e-11 1.51746e-09 4.94226e-08 1.1146e-06 1.74061e-05 0.000188223 0.00140942 0.00730852 0.0262513 0.0653809 0.11336 0.138966 0.12737 0.102037 0.08837 0.0824045 0.0719553 0.0578326 0.0444834 0.0320389 0.0204538 0.0112537 0.00542905 0.00243563 0.00105316
 3.47793e-11 1.63585e-09 5.32787e-08 1.20157e-06 1.87642e-05 0.000202909 0.00151938 0.00787859 0.0282973 0.0704604 0.122056 0.149103 0.13497 0.104536 0.0860346 0.0768992 0.0646562 0.0497883 0.0372081 0.0271908 0.0185473 0.0112567 0.00585823 0.0025658 0.000950889
 3.30591e-11 1.55494e-09 5.06434e-08 1.14213e-06 1.78361e-05 0.000192873 0.00144423 0.00748911 0.0269006 0.067004 0.116215 0.142657 0.13134 0.106296 0.0927345 0.0851748 0.0707948 0.0523196 0.0369245 0.0256421 0.0170526 0.0104763 0.00570429 0.0026292 0.000989818
 3.4783e-11 1.63603e-09 5.32843e-08 1.20169e-06 1.87662e-05 0.00020293 0.00151954 0.00787946 0.0283008 0.0704727 0.122102 0.149274 0.135495 0.105725 0.0879619 0.0791467 0.0664951 0.0505042 0.0363381 0.0249479 0.0159625 0.00940792 0.00501843 0.00232908 0.000896999
 3.68894e-11 1.7351e-09 5.65111e-08 1.27447e-06 1.99026e-05 0.000215219 0.00161155 0.0083565 0.0300129 0.0747231 0.129378 0.157751 0.141836 0.107786 0.086016 0.0747319 0.0609783 0.0448558 0.0314903 0.0215047 0.0138053 0.00807787 0.00421465 0.00190894 0.000725455
 3.56506e-11 1.67684e-09 5.46134e-08 1.23167e-06 1.92343e-05 0.000207992 0.00155744 0.00807603 0.0290071 0.0722343 0.125173 0.153117 0.13925 0.109117 0.0909385 0.0807955 0.065485 0.0467718 0.0314375 0.0205722 0.0127912 0.00733917 0.00378279 0.00169211 0.000633297
 3.37531e-11 1.58759e-09 5.17066e-08 1.16611e-06 1.82106e-05 0.000196922 0.00147455 0.00764632 0.0274651 0.0684081 0.118637 0.145568 0.133821 0.107898 0.0936703 0.085771 0.0710704 0.0519622 0.0355196 0.0231161 0.0139594 0.00769503 0.00382401 0.00166556 0.000611873
 3.26798e-11 1.5371e-09 5.00624e-08 1.12903e-06 1.76315e-05 0.00019066 0.00142767 0.00740321 0.0265923 0.0662383 0.114903 0.141119 0.130168 0.105899 0.093218 0.0866044 0.073205 0.0552441 0.0392546 0.0264101 0.0162603 0.00896744 0.00437235 0.00184673 0.000657238
 3.44071e-11 1.61834e-09 5.27084e-08 1.18871e-06 1.85634e-05 0.000200737 0.00150312 0.00779433 0.0279954 0.0697155 0.120813 0.147807 0.134513 0.105683 0.0887712 0.0803067 0.0675512 0.0513864 0.0371948 0.0257313 0.0163866 0.00932917 0.00464085 0.00196591 0.000690921
 3.48801e-11 1.64059e-09 5.3433e-08 1.20505e-06 1.88186e-05 0.000203497 0.00152378 0.00790149 0.0283803 0.0706743 0.122476 0.149848 0.136382 0.107129 0.0897592 0.0805146 0.0664869 0.0491237 0.0345745 0.0236672 0.0152237 0.00887854 0.00454847 0.00197778 0.000706656
 3.22769e-11 1.51815e-09 4.94453e-08 1.11511e-06 1.74141e-05 0.00018831 0.00141007 0.00731201 0.0262654 0.0654312 0.113551 0.139685 0.129562 0.106836 0.0954885 0.0889566 0.0742684 0.0547278 0.0380131 0.0254588 0.0160082 0.00921898 0.00473971 0.00209541 0.000765142
 3.12244e-11 1.46865e-09 4.78329e-08 1.07875e-06 1.68462e-05 0.000182169 0.00136409 0.00707358 0.0254091 0.0632993 0.10986 0.135191 0.125552 0.10394 0.0937173 0.0887345 0.0763684 0.0589992 0.0429925 0.0295599 0.0186119 0.0105747 0.00535064 0.00234469 0.000857669
 3.34708e-11 1.57431e-09 5.12741e-08 1.15636e-06 1.80582e-05 0.000195275 0.00146221 0.00758225 0.0272339 0.0678216 0.117547 0.143889 0.131201 0.103651 0.0879002 0.0804521 0.0688652 0.0538624 0.0403443 0.0288477 0.0189382 0.0111028 0.00569113 0.00248891 0.000903718
 3.35104e-11 1.57617e-09 5.13349e-08 1.15773e-06 1.80796e-05 0.000195506 0.00146395 0.00759129 0.027267 0.0679096 0.117739 0.144305 0.132153 0.105525 0.0905205 0.0826015 0.0690922 0.051955 0.0375265 0.0265315 0.0176986 0.010717 0.00568984 0.00255723 0.000942617
 3.17819e-11 1.49487e-09 4.86869e-08 1.09801e-06 1.7147e-05 0.000185421 0.00138844 0.00719986 0.0258625 0.0644268 0.111804 0.137518 0.127501 0.105068 0.0939856 0.088036 0.0744929 0.0562158 0.0402518 0.0277997 0.0180511 0.0107815 0.0057644 0.00264784 0.00100146
 3.36669e-11 1.58353e-09 5.15745e-08 1.16313e-06 1.8164e-05 0.000196419 0.00147078 0.00762668 0.0273934 0.0682185 0.118233 0.144717 0.131921 0.104142 0.0882086 0.0806132 0.0687996 0.0534305 0.0394945 0.027773 0.0180248 0.0106178 0.00558571 0.00254591 0.000967264
 3.49237e-11 1.64264e-09 5.34998e-08 1.20655e-06 1.88421e-05 0.000203751 0.00152568 0.00791134 0.0284154 0.070759 0.122605 0.149921 0.136177 0.106412 0.0885429 0.0792052 0.0656219 0.0489701 0.0350552 0.024522 0.0161555 0.00967035 0.00511311 0.00231893 0.000874468
 3.36145e-11 1.58107e-09 5.14943e-08 1.16133e-06 1.81358e-05 0.000196113 0.0014685 0.00761492 0.0273523 0.0681267 0.118146 0.144952 0.133211 0.107306 0.0930111 0.0850177 0.0703327 0.0514974 0.0356603 0.023998 0.0153099 0.00901723 0.00476561 0.00217401 0.000822833
 3.15858e-11 1.48565e-09 4.83865e-08 1.09124e-06 1.70412e-05 0.000184278 0.00137988 0.00715546 0.0257033 0.0640325 0.111135 0.136771 0.12705 0.105205 0.0947353 0.0892078 0.0758316 0.0574204 0.040944 0.0277324 0.0173645 0.00990882 0.00508567 0.00227876 0.000856708
 3.28309e-11 1.54421e-09 5.02939e-08 1.13425e-06 1.7713e-05 0.000191542 0.00143426 0.00743737 0.0267142 0.0665339 0.115361 0.141427 0.129643 0.103851 0.0897491 0.0830376 0.0711956 0.0554217 0.0410522 0.028864 0.0185913 0.0107318 0.00546388 0.00239857 0.000882311
 3.34971e-11 1.57554e-09 5.13144e-08 1.15727e-06 1.80724e-05 0.000195428 0.00146337 0.00758826 0.027256 0.0678813 0.117683 0.144206 0.131965 0.10519 0.090079 0.0822856 0.0691737 0.0524532 0.0381599 0.0269784 0.0178397 0.0106443 0.00556238 0.00247012 0.000906036
 3.39975e-11 1.59908e-09 5.2081e-08 1.17456e-06 1.83424e-05 0.000198348 0.00148523 0.00770161 0.027663 0.0688936 0.119429 0.146304 0.13375 0.106312 0.0906139 0.0823114 0.0685728 0.0511328 0.0362924 0.0250069 0.0162583 0.00969691 0.00514694 0.00233745 0.000873848
#obs catch len freq
 2.06716e-11 9.72291e-10 3.16669e-08 7.14169e-07 1.11528e-05 0.000120602 0.000903082 0.00468316 0.0168249 0.0419374 0.0729451 0.0905218 0.0865317 0.0769443 0.0764679 0.0794066 0.0771374 0.0716979 0.066534 0.0613015 0.0551144 0.0470867 0.03647 0.0242344 0.0131253
 2.09143e-11 9.83706e-10 3.20387e-08 7.22554e-07 1.12837e-05 0.000122018 0.000913689 0.00473822 0.0170234 0.0424397 0.0738691 0.0919037 0.0885846 0.0801455 0.0807453 0.0833457 0.0789282 0.0708863 0.0640492 0.0580702 0.0515833 0.0437546 0.0339083 0.0226496 0.0123274
 8.73174e-16 4.114e-14 1.34898e-12 3.12355e-11 5.38198e-10 7.98508e-09 1.2419e-07 1.97025e-06 2.59913e-05 0.000251509 0.00171249 0.00811958 0.0268034 0.0619976 0.1023 0.125703 0.125323 0.113913 0.101807 0.0898818 0.0775622 0.0644215 0.049382 0.0328794 0.0179156
 1.13512e-11 5.33904e-10 1.73889e-08 3.92164e-07 6.12419e-06 6.62241e-05 0.000495872 0.00257105 0.00923073 0.0229484 0.0395087 0.0471422 0.0393148 0.0248836 0.0199417 0.0351918 0.0692848 0.106194 0.126227 0.124292 0.109179 0.089134 0.0668368 0.0438362 0.0237147
 5.15046e-11 2.42253e-09 7.89001e-08 1.7794e-06 2.77878e-05 0.000300484 0.00224997 0.0116659 0.041885 0.104141 0.179363 0.214214 0.178158 0.104884 0.0463694 0.0183032 0.00892558 0.0075617 0.0103662 0.0144919 0.0167212 0.0157008 0.0122935 0.00806016 0.00431467
 3.22059e-11 1.51481e-09 4.93364e-08 1.11266e-06 1.73758e-05 0.000187896 0.00140699 0.00729633 0.0262137 0.0653458 0.113701 0.141265 0.135399 0.120102 0.11485 0.105247 0.07661 0.0412876 0.0174185 0.00796855 0.00636235 0.00661825 0.00600924 0.00430478 0.00238737
 3.67505e-11 1.72856e-09 5.62982e-08 1.26967e-06 1.98277e-05 0.000214408 0.00160548 0.00832495 0.0298989 0.0744313 0.12882 0.156828 0.140264 0.105248 0.0832439 0.0742648 0.0651145 0.0520479 0.0367338 0.0216276 0.0104931 0.00490733 0.00287346 0.00192341 0.00111461
 2.54415e-11 1.19664e-09 3.89739e-08 8.7896e-07 1.37263e-05 0.000148431 0.00111148 0.00576413 0.0207121 0.0516634 0.0901119 0.112988 0.111606 0.105886 0.109974 0.109832 0.092764 0.068082 0.0478 0.0327459 0.0203168 0.0107026 0.0048347 0.00205696 0.000884937
 4.00563e-11 1.88406e-09 6.13625e-08 1.38388e-06 2.16112e-05 0.000233695 0.00174988 0.00907345 0.0325831 0.081074 0.140047 0.169226 0.147254 0.101804 0.0698943 0.0568246 0.0503742 0.0438784 0.0358277 0.0262384 0.0169206 0.00960248 0.00471713 0.00196143 0.000692635
 3.31678e-11 1.56005e-09 5.08099e-08 1.14589e-06 1.78947e-05 0.000193507 0.00144899 0.00751385 0.026991 0.0672423 0.11672 0.143706 0.133647 0.110744 0.0988355 0.0899363 0.0708542 0.0476727 0.0309848 0.0214124 0.0148567 0.00931274 0.00495638 0.00217661 0.000776321
 3.61009e-11 1.69801e-09 5.53031e-08 1.24723e-06 1.94772e-05 0.000210619 0.00157711 0.00817789 0.0293716 0.0731272 0.126622 0.154426 0.138981 0.106 0.0854678 0.0758602 0.0642034 0.0493054 0.0350862 0.0230158 0.013874 0.0078681 0.00415772 0.00192106 0.000726298
 3.63504e-11 1.70975e-09 5.56854e-08 1.25585e-06 1.96119e-05 0.000212075 0.00158801 0.00823448 0.0295755 0.0736407 0.127551 0.155747 0.140751 0.108448 0.088251 0.0773845 0.0628317 0.0455982 0.0315831 0.0213552 0.0134832 0.00763663 0.00382046 0.00166852 0.000618796
 3.81897e-11 1.79626e-09 5.85029e-08 1.31939e-06 2.06042e-05 0.000222805 0.00166835 0.00865098 0.0310699 0.0773472 0.133872 0.162998 0.145803 0.109206 0.0851472 0.0726342 0.0584774 0.0421874 0.0286753 0.0187753 0.0115452 0.00650139 0.00326764 0.00141663 0.000512617
 3.58706e-11 1.68718e-09 5.49504e-08 1.23927e-06 1.9353e-05 0.000209275 0.00156705 0.00812587 0.0291863 0.0726811 0.125953 0.154097 0.140222 0.11003 0.0918129 0.0814454 0.0655921 0.0462304 0.030437 0.0193849 0.0116385 0.00639549 0.00314583 0.00134443 0.000481691
 3.32493e-11 1.56389e-09 5.09348e-08 1.14871e-06 1.79388e-05 0.000193983 0.00145255 0.00753223 0.0270558 0.0673925 0.116903 0.14357 0.132405 0.107635 0.0945103 0.0872701 0.0727843 0.0535699 0.0367341 0.0237529 0.014077 0.007526 0.00359423 0.00149676 0.000525227
 3.15058e-11 1.48188e-09 4.82639e-08 1.08847e-06 1.69981e-05 0.000183811 0.00137638 0.00713733 0.0256382 0.0638694 0.110847 0.136395 0.126633 0.104742 0.0942693 0.088981 0.0761624 0.0583592 0.0421403 0.0286678 0.0177022 0.00969148 0.0046355 0.00189948 0.000650899
 3.71118e-11 1.74556e-09 5.68518e-08 1.28215e-06 2.00226e-05 0.000216517 0.00162127 0.0084068 0.0301927 0.0751603 0.130067 0.158272 0.141293 0.105317 0.0818608 0.0707691 0.0594234 0.0462484 0.0345036 0.0244835 0.0158767 0.009138 0.00455517 0.00191382 0.000660448
 3.27421e-11 1.54003e-09 5.01578e-08 1.13119e-06 1.76651e-05 0.000191024 0.00143039 0.0074174 0.0266442 0.0663758 0.115198 0.141748 0.131577 0.108629 0.0969247 0.0893423 0.0727754 0.051628 0.0348003 0.0234235 0.0152343 0.00907865 0.00473805 0.00208152 0.000744649
 3.19713e-11 1.50378e-09 4.89771e-08 1.10456e-06 1.72493e-05 0.000186527 0.00139672 0.00724273 0.0260162 0.0648051 0.112431 0.138152 0.12766 0.104384 0.0927059 0.0871625 0.0749972 0.057881 0.0417418 0.0280897 0.0173045 0.00976689 0.00500173 0.00223155 0.000824613
 3.19643e-11 1.50345e-09 4.89663e-08 1.10431e-06 1.72455e-05 0.000186486 0.00139641 0.00724112 0.0260101 0.0647871 0.11238 0.137997 0.127218 0.103395 0.0910645 0.0851399 0.073196 0.0570851 0.0425518 0.0302329 0.0196345 0.0113362 0.00573017 0.00249157 0.000907826
 3.5643e-11 1.67648e-09 5.46017e-08 1.23141e-06 1.92302e-05 0.000207947 0.0015571 0.00807418 0.0289992 0.072201 0.125024 0.152507 0.137338 0.104891 0.0846095 0.0747986 0.0628932 0.0485553 0.0360763 0.0258746 0.0172614 0.0103697 0.00544231 0.00241654 0.000882286
 3.23926e-11 1.52359e-09 4.96224e-08 1.11911e-06 1.74765e-05 0.000188985 0.00141512 0.00733821 0.0263596 0.065665 0.113953 0.140164 0.129947 0.107003 0.0953457 0.0883424 0.0730768 0.0532651 0.0369885 0.0253608 0.0166624 0.0100852 0.00541548 0.00247675 0.000928762
 3.3216e-11 1.56232e-09 5.08838e-08 1.14756e-06 1.79208e-05 0.000193788 0.00145109 0.00752458 0.0270273 0.0673112 0.116692 0.142984 0.13083 0.104311 0.0896003 0.0826509 0.0707969 0.054868 0.0400646 0.0275309 0.0174153 0.010093 0.00529364 0.00242105 0.000921631
 3.49667e-11 1.64467e-09 5.35657e-08 1.20804e-06 1.88653e-05 0.000204002 0.00152756 0.00792107 0.0284502 0.070843 0.122733 0.149999 0.135997 0.10577 0.0875123 0.0782837 0.0653961 0.0495596 0.0360283 0.0253344 0.0165521 0.00973017 0.00504218 0.00225286 0.000843332
 3.53554e-11 1.66295e-09 5.4161e-08 1.22147e-06 1.9075e-05 0.000206269 0.00154454 0.00800912 0.0287667 0.0716326 0.124113 0.151738 0.13774 0.107435 0.0890944 0.0793375 0.0652105 0.0479214 0.0335101 0.0228453 0.0147428 0.00871996 0.00458152 0.00206272 0.000769227
 3.27234e-11 1.53915e-09 5.01291e-08 1.13054e-06 1.7655e-05 0.000190914 0.00142957 0.0074131 0.0266283 0.0663307 0.115084 0.141441 0.130775 0.106988 0.0946769 0.0877207 0.0731273 0.0538647 0.0373552 0.0249205 0.0155907 0.00895839 0.00463008 0.00207823 0.000777672
 3.22166e-11 1.51531e-09 4.93528e-08 1.11303e-06 1.73816e-05 0.000187957 0.00140743 0.00729827 0.0262154 0.0652988 0.11327 0.139101 0.128273 0.104326 0.091964 0.0859747 0.0737037 0.0568963 0.0414455 0.0284628 0.0178736 0.0101164 0.00510338 0.00223843 0.000824842
 3.42568e-11 1.61128e-09 5.24782e-08 1.18352e-06 1.84823e-05 0.00019986 0.00149655 0.00776028 0.027873 0.0694085 0.120268 0.147077 0.13365 0.104611 0.0874803 0.079151 0.0670643 0.0518083 0.0383367 0.0271907 0.017768 0.0103812 0.00530357 0.00231289 0.000839064
 3.38711e-11 1.59314e-09 5.18874e-08 1.17019e-06 1.82742e-05 0.00019761 0.00147971 0.007673 0.0275605 0.0686398 0.119001 0.145835 0.133495 0.106458 0.0910908 0.0827913 0.0687414 0.0510108 0.0361844 0.0251137 0.0164857 0.00985963 0.00519073 0.00232023 0.000852227
#spawning biomass
 28581.4 22685.7 18189.8 12799 14306.1 26243.8 38289.1 48323.7 62416.9 82378.4 90566.2 106234 134477 146848 149459 135032 137807 140457 136239 134433 151087 165273 174962 179973 177351 192125 184055 183843 162256 146294 192001 136877 89712.9 59746.3 42909.9 34102.2 29694.9 27552 26529.9 26048.7 25824 25719.8 25671.6 25649.4 25639.2 25634.6 25632.4 25631.4 25631 25630.8 25630.7 25630.7 25630.6 25630.6 25630.6 25630.6 25630.6 25630.6 25630.6 25630.6 25630.6 25630.6 25630.6 25630.6 25630.6 25630.6 25630.6 25630.6 25630.6 25630.6 25630.6 25630.6 25630.6 25630.6 25630.6 25630.6 25630.6 25630.6 25630.6 25630.6 25630.6 25630.6 25630.6 25630.6 25630.6 25630.6 25630.6 25630.6 25630.6 25630.6 25630.6 25630.6 25630.6 25630.6 25630.6 25630.6 25630.6 25630.6 25630.6 25630.6 25630.6 25630.6 25630.6 25630.6 25630.6 25630.6 25630.6 25630.6 25630.6 25630.6 25630.6 25630.6 25630.6 25630.6 25630.6 25630.6 25630.6 25630.6 25630.6 25630.6 25630.6 25630.6 25630.6 25630.6 25630.6 25630.6 25630.6 25630.6 25630.6 0 0 0 0 0 0 0 0 0 0 0 0 0 0 0 0 0 0 0 0 0 0 0 0 0
