SBPRF35
0.819782
Curr Bio
81084.6
B35
671174
F35
0.205364
FOFL
0.0585076
OFL
10506.4
Bzero
234224
#pred survey bio
 5400.47 6736.34 8148.45 11120.7 15761.7 18412.6 17204.9 21930.2 32778.3 46353.5 58978.8 75860.9 108328 132824 124179 112801 103425 108848 101480 98055 106955 117422 111617 108316 135397 128173 124330 112368 86212.5 7.71351e+06 6.34612e+06 6.63199e+06 6.26865e+06 5.59547e+06 4.85159e+06 4.16705e+06 3.59456e+06 3.14257e+06 2.79867e+06 2.5433e+06 2.3566e+06 2.22137e+06 2.12349e+06 2.05193e+06 1.99972e+06 1.96268e+06 1.93613e+06 1.91691e+06 1.90285e+06 1.89246e+06 1.88468e+06 1.87881e+06 1.87433e+06 1.87088e+06 1.86821e+06 1.86611e+06 1.86446e+06 1.86315e+06 1.8621e+06 1.86127e+06 1.8606e+06 1.86005e+06 1.85962e+06 1.85926e+06 1.85897e+06 1.85874e+06 1.85855e+06 1.85839e+06 1.85827e+06 1.85816e+06 1.85808e+06 1.85801e+06 1.85795e+06 1.85791e+06 1.85787e+06 1.85784e+06 1.85782e+06 1.85779e+06 1.85778e+06 1.85776e+06 1.85775e+06 1.85774e+06 1.85774e+06 1.85773e+06 1.85772e+06 1.85772e+06 1.85772e+06 1.85771e+06 1.85771e+06 1.85771e+06 1.85771e+06 1.85771e+06 1.85771e+06 1.85771e+06 1.8577e+06 1.8577e+06 1.8577e+06 1.8577e+06 1.8577e+06 1.8577e+06 1.8577e+06 1.8577e+06 1.8577e+06 1.8577e+06 1.8577e+06 1.8577e+06 1.8577e+06 1.8577e+06 1.8577e+06 1.8577e+06 1.8577e+06 1.8577e+06 1.8577e+06 1.8577e+06 1.8577e+06 1.8577e+06 1.8577e+06 1.8577e+06 1.8577e+06 1.8577e+06 1.8577e+06 1.8577e+06 1.8577e+06 1.8577e+06 1.8577e+06 1.8577e+06 1.8577e+06 1.8577e+06 1.8577e+06 0 0 0 0 0 0 0 0 0 0 0 0 0 0 0 0 0 0 0 0 0 0 0 0 0
#obs survey bio
 4701.39 10395.1 10493.4 13902.9 25014.4 22538.6 15425.3 23181.1 45456.7 56296.1 75212.2 70465.9 111257 165272 89154.9 81491.9 102387 82399.9 117389 130895 108000 135255 123386 122052 148610 194414 152251 126369 94525.5
#pred catch bio
 3217.68 4760.35 5768.79 7627.25 10857.2 14011.5 12874.9 16212.3 23868.5 34380.9 44889.4 56243 82635.8 106653 99416.1 93784.9 83760.8 92841.9 86923.6 81459.6 87949.8 101840 98240.9 87954.4 121042 112599 107712 103319 1.24212 10506.4 50530.8 52441.1 49081.7 43270.5 36982.3 31278.2 26573.9 22917.6 20187.1 18204.5 16794.1 15805.5 15118.5 14641.7 14314.3 14096.1 13950.6 13853.6 13788.9 13745.8 13717 13697.8 13685.1 13676.5 13670.9 13667.1 13664.5 13662.9 13661.7 13661 13660.5 13660.2 13659.9 13659.8 13659.7 13659.6 13659.6 13659.5 13659.5 13659.5 13659.5 13659.5 13659.5 13659.5 13659.5 13659.5 13659.5 13659.5 13659.5 13659.5 13659.5 13659.5 13659.5 13659.5 13659.5 13659.5 13659.5 13659.5 13659.5 13659.5 13659.5 13659.5 13659.5 13659.5 13659.5 13659.5 13659.5 13659.5 13659.5 13659.5 13659.5 13659.5 13659.5 13659.5 13659.5 13659.5 13659.5 13659.5 13659.5 13659.5 13659.5 13659.5 13659.5 13659.5 13659.5 13659.5 13659.5 13659.5 13659.5 13659.5 13659.5 13659.5 13659.5 13659.5 13659.5 13659.5 13659.5 13659.5 13659.5 0 0 0 0 0 0 0 0 0 0 0 0 0 0 0 0 0 0 0 0 0 0 0 0 0
#obs catch bio
 4996.49 4703.54 5561.84 7406.91 10371.1 13361 12716.6 15715.8 22974.9 33269.6 42629.8 55105 80849.5 101092 98720.6 94802.3 82608 93264.6 86302.6 80399.5 85711.3 97909.7 96052.1 84432.4 119424 109808 104627 105980 1.1361
#pred cpue bio
 4750.01 5734.14 6777.39 9135.44 13097.3 15953.8 14543.5 17678.8 26405.6 38093.1 48721.9 61535.1 87783.8 110265 105439 94803.9 85252.1 89694.8 83210.5 79813 86860.3 95968 90615.9 87038.3 108955 103058 100821 93016.5 69165.7 7.11687e+06 6.30883e+06 6.5947e+06 6.23136e+06 5.55818e+06 4.8143e+06 4.12976e+06 3.55726e+06 3.10527e+06 2.76138e+06 2.506e+06 2.31931e+06 2.18408e+06 2.0862e+06 2.01464e+06 1.96243e+06 1.92538e+06 1.89884e+06 1.87962e+06 1.86556e+06 1.85516e+06 1.84739e+06 1.84152e+06 1.83704e+06 1.83359e+06 1.83091e+06 1.82882e+06 1.82717e+06 1.82586e+06 1.82481e+06 1.82398e+06 1.8233e+06 1.82276e+06 1.82232e+06 1.82197e+06 1.82168e+06 1.82145e+06 1.82126e+06 1.8211e+06 1.82098e+06 1.82087e+06 1.82079e+06 1.82072e+06 1.82066e+06 1.82062e+06 1.82058e+06 1.82055e+06 1.82052e+06 1.8205e+06 1.82049e+06 1.82047e+06 1.82046e+06 1.82045e+06 1.82044e+06 1.82044e+06 1.82043e+06 1.82043e+06 1.82042e+06 1.82042e+06 1.82042e+06 1.82042e+06 1.82042e+06 1.82042e+06 1.82041e+06 1.82041e+06 1.82041e+06 1.82041e+06 1.82041e+06 1.82041e+06 1.82041e+06 1.82041e+06 1.82041e+06 1.82041e+06 1.82041e+06 1.82041e+06 1.82041e+06 1.82041e+06 1.82041e+06 1.82041e+06 1.82041e+06 1.82041e+06 1.82041e+06 1.82041e+06 1.82041e+06 1.82041e+06 1.82041e+06 1.82041e+06 1.82041e+06 1.82041e+06 1.82041e+06 1.82041e+06 1.82041e+06 1.82041e+06 1.82041e+06 1.82041e+06 1.82041e+06 1.82041e+06 1.82041e+06 1.82041e+06 1.82041e+06 0 0 0 0 0 0 0 0 0 0 0 0 0 0 0 0 0 0 0 0 0 0 0 0 0
#obs cpue bio
 5211.77 5860.98 10203.8 10800.5 18879.8 25152.4 17900 28474.5 37373.9 46745.2 106219 65947.5 131229 230431 122125 114231 112427 104504 85042.5 75284.2 134285 166846 109484 153719 112426 103972 133238 113032 121376
#pred surv len freq
 2.56713e-27 2.599e-27 4.2471e-26 8.41965e-20 2.06398e-14 6.11593e-10 2.19062e-06 0.000948456 0.0496388 0.314029 0.240385 0.037615 0.117425 0.108436 0.0268363 0.0342561 0.0157584 0.0135645 0.00908232 0.00742025 0.00617885 0.00560744 0.00585906 0.00532092 0.00163755
 2.56793e-27 2.6009e-27 4.3782e-26 8.69607e-20 2.13174e-14 6.31672e-10 2.26254e-06 0.000979594 0.0512684 0.324338 0.248303 0.0405015 0.13383 0.123294 0.0246337 0.0252854 0.0098439 0.00622759 0.00338088 0.00230383 0.00165813 0.0013324 0.00126135 0.00116205 0.000393713
 2.56878e-27 2.60311e-27 4.56243e-26 9.08468e-20 2.227e-14 6.599e-10 2.36365e-06 0.00102337 0.0535595 0.338832 0.259377 0.0409594 0.129535 0.119243 0.0224038 0.0211395 0.00735021 0.00337361 0.00139748 0.000696425 0.000387019 0.000257416 0.000210544 0.000186498 6.58914e-05
 2.5693e-27 2.60449e-27 4.68082e-26 9.3344e-20 2.28822e-14 6.7804e-10 2.42862e-06 0.0010515 0.0550318 0.348146 0.266489 0.0409396 0.124388 0.114447 0.020747 0.0185479 0.0062532 0.00254914 0.000866792 0.000302685 0.000112452 5.35274e-05 3.45465e-05 2.75337e-05 9.7472e-06
 2.56869e-27 2.60283e-27 4.53323e-26 9.02305e-20 2.21189e-14 6.55423e-10 2.34762e-06 0.00101643 0.0531962 0.336534 0.25763 0.0414488 0.134487 0.123758 0.0222412 0.0196068 0.00649732 0.00246954 0.000790119 0.00023296 5.91049e-05 1.70802e-05 7.20573e-06 4.63545e-06 1.57725e-06
 2.56627e-27 2.59631e-27 3.96041e-26 7.81465e-20 1.91567e-14 5.67646e-10 2.03321e-06 0.000880304 0.0460719 0.291464 0.223237 0.0428206 0.16909 0.155764 0.0292409 0.0275265 0.0090935 0.00339245 0.00105109 0.000287128 6.23736e-05 1.19168e-05 2.63819e-06 1.09521e-06 3.35343e-07
 2.56785e-27 2.60065e-27 4.35029e-26 8.63716e-20 2.1173e-14 6.27392e-10 2.24721e-06 0.000972958 0.0509211 0.322141 0.246635 0.041139 0.139854 0.128896 0.0264983 0.0280496 0.00947462 0.00383516 0.00118818 0.000316333 6.4105e-05 1.03096e-05 1.33308e-06 2.54732e-07 6.00509e-08
 2.5702e-27 2.60695e-27 4.89916e-26 9.79502e-20 2.40113e-14 7.11498e-10 2.54847e-06 0.00110339 0.0577474 0.365326 0.279596 0.0402178 0.109686 0.100891 0.0185232 0.0169018 0.005957 0.002814 0.000915001 0.000259262 5.18149e-05 7.78936e-06 7.95101e-07 6.85655e-08 8.70279e-09
 2.57013e-27 2.60668e-27 4.86818e-26 9.72964e-20 2.3851e-14 7.06749e-10 2.53145e-06 0.00109602 0.0573619 0.362887 0.277745 0.040946 0.116528 0.107075 0.0172897 0.0125012 0.00415365 0.00162521 0.000561336 0.000181522 3.89498e-05 5.93386e-06 5.58814e-07 3.20722e-08 1.63547e-09
 2.56918e-27 2.60412e-27 4.64131e-26 9.25102e-20 2.26778e-14 6.71983e-10 2.40693e-06 0.00104211 0.0545402 0.345036 0.264125 0.0415832 0.130947 0.120402 0.0200448 0.0154166 0.00483537 0.00142832 0.000436407 0.00012528 3.01709e-05 5.07934e-06 4.90801e-07 2.48408e-08 6.71952e-10
 2.56895e-27 2.60352e-27 4.59126e-26 9.14546e-20 2.2419e-14 6.64315e-10 2.37946e-06 0.00103022 0.0539179 0.341099 0.261117 0.0414837 0.132303 0.121709 0.0212816 0.0179157 0.00570463 0.0018007 0.000498461 0.000109984 2.2611e-05 3.95583e-06 4.28382e-07 2.21578e-08 4.83093e-10
 2.56984e-27 2.60593e-27 4.8046e-26 9.59552e-20 2.35222e-14 6.97006e-10 2.49656e-06 0.00108091 0.0565712 0.357885 0.273924 0.0408652 0.118598 0.109054 0.0188762 0.0156206 0.00508478 0.00178796 0.000512807 0.000115393 1.91441e-05 2.68459e-06 2.88514e-07 1.65033e-08 3.60172e-10
 2.56987e-27 2.60597e-27 4.80617e-26 9.59883e-20 2.35304e-14 6.97247e-10 2.49742e-06 0.00108129 0.0565907 0.358008 0.274021 0.041039 0.119852 0.110171 0.0183469 0.0141281 0.00457203 0.00157759 0.000470198 0.000116437 2.00177e-05 2.43743e-06 2.05078e-07 1.13771e-08 2.68211e-10
 2.56866e-27 2.60269e-27 4.51437e-26 8.98324e-20 2.20213e-14 6.52532e-10 2.33726e-06 0.00101194 0.0529615 0.335049 0.256506 0.0420476 0.139834 0.128581 0.0210849 0.0157343 0.00500045 0.00158444 0.0004642 0.000114735 2.1321e-05 2.75605e-06 2.07119e-07 9.14739e-09 2.06861e-10
 2.56744e-27 2.59939e-27 4.2238e-26 8.37026e-20 2.05187e-14 6.08006e-10 2.17777e-06 0.000942893 0.0493476 0.312187 0.23906 0.0427598 0.157511 0.14493 0.0246556 0.0197638 0.00624566 0.00190591 0.000538581 0.000123803 2.26791e-05 3.08544e-06 2.47131e-07 9.83566e-09 1.82267e-10
 2.56807e-27 2.60116e-27 4.38603e-26 8.71251e-20 2.13577e-14 6.32866e-10 2.26682e-06 0.000981447 0.0513654 0.324952 0.248792 0.041813 0.143468 0.132074 0.0242294 0.0220386 0.00709483 0.00235193 0.000662331 0.000146052 2.50574e-05 3.27609e-06 2.72434e-07 1.1392e-08 1.91211e-10
 2.56906e-27 2.60378e-27 4.61293e-26 9.19116e-20 2.2531e-14 6.67635e-10 2.39135e-06 0.00103537 0.0541873 0.342804 0.26242 0.0415696 0.132041 0.121422 0.0203949 0.0159784 0.00531431 0.00205615 0.000605907 0.000142476 2.38966e-05 2.93423e-06 2.32042e-07 9.96652e-09 1.72561e-10
 2.56905e-27 2.60373e-27 4.60684e-26 9.17832e-20 2.24995e-14 6.66702e-10 2.38801e-06 0.00103392 0.0541116 0.342325 0.262057 0.0417397 0.133591 0.122826 0.0201776 0.0151145 0.0048225 0.00156241 0.000481207 0.000129419 2.3262e-05 2.89437e-06 2.15797e-07 8.81997e-09 1.55346e-10
 2.56926e-27 2.6043e-27 4.65403e-26 9.27786e-20 2.27436e-14 6.73932e-10 2.41391e-06 0.00104513 0.0546984 0.346037 0.264892 0.0418076 0.132115 0.121419 0.0191129 0.0130349 0.0041103 0.00126012 0.000358996 8.54152e-05 1.69785e-05 2.34148e-06 1.80024e-07 7.00719e-09 1.17973e-10
 2.56961e-27 2.60522e-27 4.7355e-26 9.44972e-20 2.31648e-14 6.86416e-10 2.45863e-06 0.00106449 0.0557116 0.352447 0.269784 0.0416047 0.127135 0.116818 0.0181979 0.0121011 0.00374284 0.00103136 0.000284443 6.31086e-05 1.11035e-05 1.55633e-06 1.34142e-07 5.43328e-09 8.80568e-11
 2.56972e-27 2.60553e-27 4.76321e-26 9.50818e-20 2.33082e-14 6.90662e-10 2.47384e-06 0.00107108 0.0560563 0.354627 0.271446 0.041472 0.124957 0.114821 0.0180758 0.0123245 0.00379662 0.00101597 0.000269519 5.43341e-05 8.96179e-06 1.12456e-06 9.47489e-08 4.23225e-09 7.16346e-11
 2.56942e-27 2.60471e-27 4.69067e-26 9.35516e-20 2.2933e-14 6.79547e-10 2.43402e-06 0.00105384 0.0551541 0.34892 0.267092 0.0416999 0.12975 0.11924 0.0187979 0.01286 0.00397994 0.00109448 0.000288896 5.61934e-05 8.56954e-06 9.80963e-07 7.42989e-08 3.2191e-09 5.88104e-11
 2.56972e-27 2.60552e-27 4.76064e-26 9.50276e-20 2.32949e-14 6.90269e-10 2.47243e-06 0.00107047 0.0560243 0.354425 0.271294 0.0416062 0.126085 0.115831 0.0177023 0.0112188 0.00346865 0.000957758 0.000255084 5.06359e-05 7.56065e-06 8.07599e-07 5.50089e-08 2.14363e-09 3.8024e-11
 2.57017e-27 2.60674e-27 4.86794e-26 9.72911e-20 2.38497e-14 7.06711e-10 2.53132e-06 0.00109596 0.0573588 0.362868 0.277737 0.0413589 0.119676 0.109902 0.0163761 0.0096832 0.00294945 0.000749007 0.000197392 3.94136e-05 5.98229e-06 6.35938e-07 4.05832e-08 1.41668e-09 2.26685e-11
 2.57013e-27 2.60664e-27 4.8616e-26 9.71574e-20 2.3817e-14 7.05739e-10 2.52784e-06 0.00109446 0.05728 0.362369 0.277353 0.0412007 0.118742 0.109083 0.0170223 0.0113614 0.0034326 0.000808796 0.000205491 3.82218e-05 5.7585e-06 6.1978e-07 3.95325e-08 1.29786e-09 1.86276e-11
 2.57013e-27 2.60661e-27 4.85445e-26 9.70063e-20 2.37799e-14 7.04642e-10 2.52391e-06 0.00109276 0.0571909 0.361805 0.276928 0.0415358 0.12159 0.111635 0.0160844 0.00858235 0.00263108 0.000705709 0.000179075 3.1004e-05 4.38158e-06 4.5298e-07 2.90773e-08 9.52268e-10 1.28932e-11
 2.56974e-27 2.60556e-27 4.76253e-26 9.50672e-20 2.33046e-14 6.90556e-10 2.47346e-06 0.00107091 0.0560477 0.354573 0.27141 0.0417857 0.127369 0.116978 0.0172189 0.00981892 0.00291502 0.000617975 0.000156752 3.01139e-05 4.12799e-06 3.95299e-07 2.40283e-08 7.83212e-10 1.05379e-11
 2.56875e-27 2.60287e-27 4.52484e-26 9.0053e-20 2.20754e-14 6.54134e-10 2.343e-06 0.00101443 0.0530915 0.335872 0.257141 0.0424598 0.142525 0.130972 0.0198523 0.0123037 0.00369239 0.000836122 0.000201277 3.19271e-05 4.5547e-06 4.51217e-07 2.5543e-08 7.83097e-10 1.03832e-11
 2.57024e-27 2.60693e-27 4.88423e-26 9.76348e-20 2.3934e-14 7.09207e-10 2.54026e-06 0.00109984 0.0575614 0.364149 0.278715 0.0413193 0.118687 0.108988 0.0161895 0.00948684 0.00287886 0.000712228 0.000176822 2.91651e-05 3.67378e-06 3.36554e-07 1.98355e-08 5.78057e-10 7.19971e-12
#obs surv len freq
 1.64195e-41 2.27892e-33 3.82335e-26 7.75368e-20 1.90072e-14 5.63219e-10 2.01736e-06 0.000873448 0.0457128 0.289192 0.221566 0.044278 0.164313 0.13965 0.043175 0.034997 0.0113898 0.00388938 0.000843823 0.000110974 6.38662e-06 1.15332e-07 4.85355e-10 3.8341e-13 4.93208e-17
 1.90208e-41 2.63996e-33 4.42908e-26 8.98209e-20 2.20185e-14 6.52449e-10 2.33697e-06 0.00101183 0.052955 0.335008 0.256562 0.0440573 0.13253 0.106619 0.0339198 0.0259013 0.00821355 0.00263319 0.000522871 5.99203e-05 2.86114e-06 4.06907e-08 1.29048e-10 7.45955e-14 6.90075e-18
 1.93261e-41 2.68233e-33 4.50017e-26 9.12625e-20 2.23719e-14 6.62921e-10 2.37448e-06 0.00102807 0.0538049 0.340386 0.26075 0.0470362 0.1404 0.105633 0.0267539 0.0170646 0.00524927 0.00157514 0.000286885 2.84722e-05 1.11246e-06 1.23383e-08 2.94313e-11 1.24702e-14 8.3151e-19
 1.96826e-41 2.73181e-33 4.58318e-26 9.2946e-20 2.27846e-14 6.7515e-10 2.41828e-06 0.00104703 0.0547974 0.346665 0.265609 0.0487531 0.13881 0.0983558 0.0259775 0.0152773 0.0036417 0.000901871 0.000149009 1.27799e-05 4.05966e-07 3.47764e-09 6.19978e-12 1.92305e-15 9.25852e-20
 1.76838e-41 2.4544e-33 4.11777e-26 8.35075e-20 2.04709e-14 6.0659e-10 2.17271e-06 0.000940707 0.0492328 0.311462 0.238921 0.0548927 0.175645 0.116806 0.030714 0.0166647 0.00383014 0.000784021 9.71073e-05 6.87033e-06 1.7652e-07 1.16344e-09 1.54204e-12 3.48726e-16 1.21037e-20
 1.45586e-41 2.02064e-33 3.39005e-26 6.87495e-20 1.68531e-14 4.99389e-10 1.78873e-06 0.000774459 0.0405321 0.25642 0.197165 0.062533 0.220852 0.139981 0.0485537 0.026328 0.00569146 0.00105434 0.000106808 5.45199e-06 1.05632e-07 5.30316e-10 5.21858e-13 8.58771e-17 2.14379e-21
 2.08246e-41 2.89032e-33 4.84911e-26 9.8339e-20 2.41067e-14 7.14325e-10 2.55859e-06 0.00110778 0.0579769 0.36678 0.281118 0.0503491 0.11304 0.0695763 0.0348238 0.0192784 0.00496465 0.000899902 7.89876e-05 3.10971e-06 4.20283e-08 1.49648e-10 1.07152e-13 1.27996e-17 2.29805e-22
 1.98764e-41 2.75872e-33 4.62832e-26 9.38614e-20 2.3009e-14 6.81799e-10 2.44209e-06 0.00105734 0.0553371 0.350081 0.26871 0.0601431 0.151445 0.0815713 0.0191699 0.00889113 0.00294829 0.000589443 5.23514e-05 1.71539e-06 1.70486e-08 4.14719e-11 2.02978e-14 1.70062e-18 2.1714e-23
 2.02367e-41 2.80872e-33 4.71221e-26 9.55626e-20 2.3426e-14 6.94156e-10 2.48636e-06 0.00107651 0.05634 0.356427 0.273679 0.0616886 0.144303 0.0739561 0.0222596 0.00847682 0.00147886 0.00028366 2.79254e-05 8.73131e-07 7.03158e-09 1.23525e-11 4.1229e-15 2.32556e-19 2.02492e-24
 1.73253e-41 2.40464e-33 4.03428e-26 8.18143e-20 2.00558e-14 5.9429e-10 2.12865e-06 0.000921633 0.0482346 0.305153 0.235165 0.0761804 0.198858 0.0950625 0.0281752 0.0101646 0.001844 0.000222719 1.63269e-05 5.01141e-07 3.63913e-09 5.09989e-12 1.24078e-15 4.8482e-20 2.86015e-25
 2.02169e-41 2.80598e-33 4.70761e-26 9.54693e-20 2.34032e-14 6.93479e-10 2.48393e-06 0.00107546 0.056285 0.356081 0.273796 0.0666619 0.139248 0.0661574 0.0288208 0.00997035 0.00170262 0.000189193 9.67729e-06 2.04777e-07 1.2651e-09 1.51321e-12 2.92737e-16 8.5309e-21 3.58906e-26
 1.84833e-41 2.56536e-33 4.30392e-26 8.72827e-20 2.13963e-14 6.34012e-10 2.27093e-06 0.000983233 0.0514585 0.325552 0.251263 0.081753 0.180563 0.0755946 0.0230893 0.00789093 0.00166879 0.000173372 7.51488e-06 1.11499e-07 4.59571e-10 4.15526e-13 6.43941e-17 1.48073e-21 4.74477e-27
 1.92619e-41 2.67342e-33 4.48522e-26 9.09593e-20 2.22976e-14 6.60719e-10 2.36659e-06 0.00102465 0.0536261 0.339266 0.261885 0.0808835 0.160524 0.0670304 0.0268104 0.00757007 0.00123599 0.000135067 5.62565e-06 6.70104e-08 1.93799e-10 1.15685e-13 1.24263e-17 2.11335e-22 5.15776e-28
 1.6169e-41 2.24415e-33 3.76503e-26 7.63541e-20 1.87173e-14 5.54628e-10 1.98659e-06 0.000860124 0.0450155 0.284803 0.221762 0.104591 0.217661 0.0840536 0.030806 0.00881865 0.0014959 0.000126982 4.70446e-06 5.06037e-08 1.15892e-10 4.93491e-14 3.56176e-18 4.04118e-23 6.77812e-29
 1.48155e-41 2.0563e-33 3.44987e-26 6.99626e-20 1.71505e-14 5.08201e-10 1.82029e-06 0.000788124 0.0412473 0.260972 0.20445 0.113181 0.224054 0.094135 0.0469278 0.0121713 0.00191111 0.000155248 4.6372e-06 4.00624e-08 7.64671e-11 2.57138e-14 1.36454e-18 1.08066e-23 1.2285e-29
 1.73043e-41 2.40172e-33 4.02938e-26 8.1715e-20 2.00315e-14 5.93569e-10 2.12607e-06 0.000920514 0.0481761 0.304807 0.237686 0.102801 0.175993 0.0751742 0.0402701 0.0119703 0.00204927 0.000147229 3.8265e-06 2.62487e-08 3.81066e-11 9.94789e-15 4.09506e-19 2.44393e-24 2.02126e-30
 1.67679e-41 2.32727e-33 3.90448e-26 7.91821e-20 1.94106e-14 5.75171e-10 2.06017e-06 0.000891981 0.0466828 0.295375 0.231987 0.119093 0.193016 0.0708721 0.0308747 0.00932863 0.00174297 0.000130653 2.97175e-06 1.65639e-08 1.86026e-11 3.60894e-15 1.09835e-19 4.89399e-25 3.03035e-31
 1.70257e-41 2.36306e-33 3.96452e-26 8.03997e-20 1.9709e-14 5.84015e-10 2.09185e-06 0.000905697 0.0474006 0.299928 0.236372 0.123575 0.184011 0.0692876 0.0300065 0.00721787 0.00120061 9.08732e-05 1.97993e-06 9.38253e-09 8.27376e-12 1.21614e-15 2.73442e-20 8.8568e-26 3.97098e-32
 1.66087e-41 2.30517e-33 3.8674e-26 7.84302e-20 1.92262e-14 5.69708e-10 2.0406e-06 0.000883511 0.0462395 0.292604 0.232424 0.135443 0.188022 0.0685424 0.0283046 0.00657072 0.000906098 5.67111e-05 1.11906e-06 4.69771e-09 3.42229e-12 3.91115e-16 6.60135e-21 1.57545e-26 5.14042e-33
 1.74869e-41 2.42707e-33 4.07191e-26 8.25775e-20 2.02429e-14 5.99834e-10 2.14851e-06 0.000930229 0.0486846 0.308087 0.24494 0.133902 0.168306 0.0632337 0.0256596 0.00553341 0.00068579 3.46705e-05 5.36681e-07 1.85645e-09 1.12132e-12 1.03228e-16 1.35387e-21 2.43692e-27 5.87663e-34
 1.71658e-41 2.3825e-33 3.99714e-26 8.10612e-20 1.98712e-14 5.8882e-10 2.10906e-06 0.000913149 0.0477907 0.302468 0.24293 0.147739 0.172177 0.0592365 0.0216896 0.00452786 0.000503893 2.12998e-05 2.54636e-07 6.61359e-10 3.06698e-13 2.20799e-17 2.26267e-22 3.14225e-28 5.75075e-35
 1.72282e-41 2.39116e-33 4.01167e-26 8.13558e-20 1.99434e-14 5.9096e-10 2.11672e-06 0.000916468 0.0479645 0.303603 0.245562 0.153178 0.16505 0.0591471 0.0204713 0.00372471 0.000367578 1.31788e-05 1.24181e-07 2.41187e-10 8.1653e-14 4.30812e-18 3.28172e-23 3.42455e-29 4.72692e-36
 1.72015e-41 2.38745e-33 4.00545e-26 8.12297e-20 1.99125e-14 5.90044e-10 2.11344e-06 0.000915047 0.0478903 0.303184 0.24758 0.161375 0.160567 0.0564862 0.0185371 0.00318875 0.000266223 7.82674e-06 5.86885e-08 8.66782e-11 2.15742e-14 8.2106e-19 4.48316e-24 3.36327e-30 3.36178e-37
 1.73786e-41 2.41203e-33 4.04669e-26 8.2066e-20 2.01175e-14 5.96119e-10 2.1352e-06 0.000924469 0.0483835 0.306362 0.252237 0.16613 0.152658 0.0539223 0.0165501 0.00263354 0.000193429 4.60125e-06 2.669e-08 2.9962e-11 5.55202e-15 1.54263e-19 6.06412e-25 3.24743e-31 2.30785e-38
 1.68267e-41 2.33543e-33 3.91818e-26 7.94598e-20 1.94786e-14 5.77188e-10 2.06739e-06 0.00089511 0.0468472 0.296741 0.248919 0.180945 0.155168 0.0530569 0.0150761 0.00220657 0.000140637 2.74902e-06 1.23417e-08 1.03516e-11 1.41528e-15 2.88061e-20 8.22844e-26 3.17621e-32 1.61609e-39
 1.58798e-41 2.20401e-33 3.69768e-26 7.49883e-20 1.83825e-14 5.44707e-10 1.95105e-06 0.000844738 0.0442114 0.2802 0.241218 0.197129 0.161101 0.0577743 0.0153849 0.00202229 0.000110651 1.76402e-06 6.17457e-09 3.89589e-12 3.91148e-16 5.77769e-21 1.19237e-26 3.31786e-33 1.21412e-40
 1.59062e-41 2.20768e-33 3.70383e-26 7.5113e-20 1.84131e-14 5.45613e-10 1.9543e-06 0.000846143 0.0442854 0.280791 0.244877 0.19955 0.15436 0.0582612 0.0150998 0.0018414 8.52964e-05 1.09481e-06 2.97341e-09 1.416e-12 1.05168e-16 1.13229e-21 1.68621e-27 3.36611e-34 8.81232e-42
 1.64084e-41 2.27738e-33 3.82078e-26 7.74847e-20 1.89945e-14 5.62841e-10 2.016e-06 0.000872861 0.0456842 0.289779 0.254738 0.199173 0.142749 0.0523527 0.0130734 0.00151445 6.09368e-05 6.28469e-07 1.3124e-09 4.69602e-13 2.58092e-17 2.03353e-22 2.19758e-28 3.1626e-35 5.93847e-43
 1.64094e-41 2.27752e-33 3.82101e-26 7.74893e-20 1.89956e-14 5.62874e-10 2.01612e-06 0.000872912 0.0456869 0.289796 0.254761 0.199554 0.144153 0.0516508 0.0121856 0.00129194 4.58156e-05 4.03368e-07 7.02722e-10 2.06668e-13 9.24893e-18 5.89833e-23 5.13846e-29 5.94451e-36 8.95449e-44
#pred catch len freq
 2.56578e-27 2.59539e-27 3.93465e-26 7.76054e-20 1.9024e-14 5.63716e-10 2.01914e-06 0.000874209 0.045753 0.289446 0.221618 0.0379078 0.132838 0.122717 0.0303707 0.0387678 0.0178338 0.0153509 0.0102785 0.00839753 0.00699263 0.00634596 0.00663072 0.00602171 0.00185323
 2.56715e-27 2.59878e-27 4.19231e-26 8.30392e-20 2.0356e-14 6.03186e-10 2.16051e-06 0.000935419 0.0489565 0.309712 0.237141 0.0409253 0.144898 0.13352 0.0266769 0.0273826 0.0106604 0.00674412 0.0036613 0.00249492 0.00179566 0.00144291 0.00136597 0.00125843 0.000426368
 2.56805e-27 2.60115e-27 4.38955e-26 8.71996e-20 2.13759e-14 6.33407e-10 2.26876e-06 0.000982285 0.0514093 0.325229 0.248998 0.0414274 0.140389 0.129265 0.0242868 0.0229162 0.00796797 0.00365715 0.00151493 0.000754957 0.000419546 0.000279051 0.00022824 0.000202172 7.14294e-05
 2.56852e-27 2.60237e-27 4.49353e-26 8.9393e-20 2.19136e-14 6.49339e-10 2.32582e-06 0.00100699 0.0527024 0.33341 0.255245 0.0414756 0.136367 0.125504 0.0227514 0.0203398 0.00685732 0.00279542 0.000950533 0.000331928 0.000123316 5.86987e-05 3.78841e-05 3.01937e-05 1.06889e-05
 2.56788e-27 2.60064e-27 4.33969e-26 8.61476e-20 2.1118e-14 6.25765e-10 2.24139e-06 0.000970435 0.0507891 0.321306 0.246011 0.0420107 0.146927 0.135239 0.0243046 0.0214257 0.00710009 0.00269864 0.000863419 0.000254572 6.45882e-05 1.86648e-05 7.87421e-06 5.06549e-06 1.72358e-06
 2.56571e-27 2.59478e-27 3.82488e-26 7.52874e-20 1.84558e-14 5.46879e-10 1.95883e-06 0.000848097 0.0443864 0.280801 0.215101 0.0431993 0.177688 0.163703 0.0307312 0.0289295 0.00955697 0.00356535 0.00110466 0.000301762 6.55526e-05 1.25242e-05 2.77266e-06 1.15103e-06 3.52435e-07
 2.56726e-27 2.59907e-27 4.21142e-26 8.34421e-20 2.04548e-14 6.06113e-10 2.171e-06 0.000939958 0.049194 0.311215 0.238298 0.0414907 0.148389 0.136784 0.0281199 0.0297661 0.0100544 0.00406986 0.0012609 0.000335692 6.80281e-05 1.09405e-05 1.41466e-06 2.70321e-07 6.37259e-08
 2.56969e-27 2.60556e-27 4.77705e-26 9.53741e-20 2.33798e-14 6.92786e-10 2.48144e-06 0.00107437 0.0562287 0.355718 0.272265 0.0405604 0.117444 0.108052 0.019838 0.0181016 0.00637984 0.00301374 0.00097995 0.000277666 5.54929e-05 8.34226e-06 8.51539e-07 7.34324e-08 9.32054e-09
 2.56958e-27 2.60517e-27 4.73424e-26 9.44706e-20 2.31583e-14 6.86223e-10 2.45794e-06 0.00106419 0.055696 0.352348 0.269704 0.0413708 0.12541 0.115265 0.0186121 0.0134573 0.00447134 0.00174951 0.00060427 0.000195406 4.19288e-05 6.38771e-06 6.01554e-07 3.45252e-08 1.76056e-09
 2.56864e-27 2.60262e-27 4.5087e-26 8.97128e-20 2.1992e-14 6.51662e-10 2.33415e-06 0.0010106 0.0528909 0.334603 0.256164 0.0419982 0.139698 0.128473 0.0213885 0.0164501 0.00515951 0.00152407 0.000465661 0.000133678 3.21934e-05 5.41983e-06 5.23702e-07 2.6506e-08 7.16997e-10
 2.56848e-27 2.60223e-27 4.47697e-26 8.90435e-20 2.18279e-14 6.46801e-10 2.31673e-06 0.00100306 0.0524964 0.332107 0.254256 0.041827 0.139736 0.128568 0.0224808 0.0189253 0.0060261 0.00190217 0.00052655 0.000116181 2.38852e-05 4.17875e-06 4.52522e-07 2.34064e-08 5.10316e-10
 2.56932e-27 2.60452e-27 4.67976e-26 9.33215e-20 2.28766e-14 6.77876e-10 2.42804e-06 0.00105125 0.0550185 0.348062 0.26643 0.0412417 0.126729 0.116555 0.0201746 0.0166951 0.00543454 0.00191095 0.000548082 0.000123331 2.0461e-05 2.86926e-06 3.08361e-07 1.76385e-08 3.84948e-10
 2.56944e-27 2.60481e-27 4.70297e-26 9.3811e-20 2.29966e-14 6.81431e-10 2.44077e-06 0.00105676 0.0553071 0.349888 0.267826 0.0413605 0.126651 0.116441 0.0193911 0.0149323 0.00483226 0.00166739 0.00049696 0.000123065 2.11571e-05 2.57616e-06 2.16751e-07 1.20246e-08 2.83477e-10
 2.56838e-27 2.60191e-27 4.44501e-26 8.83691e-20 2.16626e-14 6.41902e-10 2.29919e-06 0.000995459 0.0520988 0.329591 0.252342 0.042267 0.144429 0.132818 0.0217796 0.0162528 0.00516523 0.00163665 0.000479496 0.000118515 2.20236e-05 2.84686e-06 2.13944e-07 9.44881e-09 2.13677e-10
 2.56711e-27 2.5985e-27 4.14489e-26 8.20379e-20 2.01106e-14 5.95913e-10 2.13446e-06 0.00092414 0.0483662 0.305978 0.234323 0.0430025 0.162686 0.149704 0.0254678 0.0204148 0.00645139 0.00196869 0.000556321 0.000127881 2.34261e-05 3.18707e-06 2.55272e-07 1.01596e-08 1.88271e-10
 2.56792e-27 2.60074e-27 4.34889e-26 8.63417e-20 2.11656e-14 6.27175e-10 2.24644e-06 0.000972621 0.0509035 0.322029 0.246562 0.0419198 0.145847 0.13427 0.0246323 0.0224051 0.00721281 0.00239104 0.000673345 0.000148481 2.54741e-05 3.33057e-06 2.76964e-07 1.15814e-08 1.9439e-10
 2.56881e-27 2.60311e-27 4.55379e-26 9.0664e-20 2.22252e-14 6.58572e-10 2.35889e-06 0.00102131 0.0534517 0.33815 0.258869 0.0417517 0.135921 0.125001 0.020996 0.0164494 0.00547095 0.00211676 0.000623766 0.000146675 2.46009e-05 3.02072e-06 2.38882e-07 1.02603e-08 1.77647e-10
 2.56901e-27 2.60364e-27 4.59827e-26 9.16024e-20 2.24552e-14 6.65389e-10 2.38331e-06 0.00103188 0.054005 0.34165 0.261542 0.0417668 0.134158 0.123349 0.0202635 0.0151789 0.00484304 0.00156907 0.000483256 0.00012997 2.3361e-05 2.9067e-06 2.16716e-07 8.85752e-09 1.56007e-10
 2.56925e-27 2.60425e-27 4.64991e-26 9.26916e-20 2.27222e-14 6.733e-10 2.41165e-06 0.00104415 0.0546471 0.345713 0.264645 0.0418211 0.132392 0.121674 0.019153 0.0130623 0.00411893 0.00126276 0.00035975 8.55945e-05 1.70141e-05 2.34639e-06 1.80401e-07 7.02189e-09 1.18221e-10
 2.56947e-27 2.60485e-27 4.70239e-26 9.37987e-20 2.29936e-14 6.81342e-10 2.44045e-06 0.00105662 0.0552998 0.349842 0.267796 0.0417139 0.129362 0.118871 0.0185178 0.0123138 0.00380862 0.00104948 0.000289442 6.42177e-05 1.12986e-05 1.58368e-06 1.365e-07 5.52878e-09 8.96045e-11
 2.56954e-27 2.60506e-27 4.72124e-26 9.41963e-20 2.30911e-14 6.8423e-10 2.4508e-06 0.0010611 0.0555342 0.351325 0.268927 0.0416096 0.127773 0.117417 0.0184846 0.0126032 0.00388247 0.00103894 0.000275614 5.55627e-05 9.16444e-06 1.14999e-06 9.68914e-08 4.32795e-09 7.32545e-11
 2.56945e-27 2.60481e-27 4.69923e-26 9.37321e-20 2.29773e-14 6.80858e-10 2.43872e-06 0.00105587 0.0552606 0.349594 0.267606 0.0416719 0.129176 0.118711 0.0187145 0.0128029 0.00396228 0.00108963 0.000287614 5.59441e-05 8.53151e-06 9.7661e-07 7.39692e-08 3.20482e-09 5.85495e-11
 2.56981e-27 2.60578e-27 4.78374e-26 9.55148e-20 2.34143e-14 6.93808e-10 2.4851e-06 0.00107595 0.0563116 0.356242 0.272681 0.041529 0.124523 0.114392 0.0174824 0.0110794 0.00342555 0.000945858 0.000251915 5.00067e-05 7.46671e-06 7.97565e-07 5.43254e-08 2.117e-09 3.75516e-11
 2.56996e-27 2.60617e-27 4.81737e-26 9.62242e-20 2.35882e-14 6.98961e-10 2.50356e-06 0.00108395 0.0567298 0.358888 0.274701 0.0415312 0.12312 0.113075 0.016849 0.0099628 0.00303462 0.000770635 0.000203091 4.05516e-05 6.15502e-06 6.543e-07 4.1755e-08 1.45758e-09 2.33231e-11
 2.57028e-27 2.60707e-27 4.89895e-26 9.79453e-20 2.40101e-14 7.11463e-10 2.54834e-06 0.00110333 0.0577445 0.365308 0.279595 0.0410773 0.116227 0.106765 0.0166606 0.01112 0.00335966 0.000791611 0.000201125 3.74097e-05 5.63615e-06 6.06612e-07 3.86925e-08 1.27028e-09 1.82318e-11
 2.57021e-27 2.60683e-27 4.87463e-26 9.74321e-20 2.38843e-14 7.07735e-10 2.53499e-06 0.00109755 0.057442 0.363394 0.27814 0.0414656 0.120204 0.110359 0.0159004 0.0084842 0.00260099 0.000697638 0.000177027 3.06494e-05 4.33147e-06 4.478e-07 2.87448e-08 9.41378e-10 1.27458e-11
 2.56977e-27 2.60564e-27 4.76969e-26 9.52184e-20 2.33416e-14 6.91654e-10 2.47739e-06 0.00107262 0.0561368 0.355137 0.27184 0.0417611 0.12688 0.116527 0.0171525 0.00978103 0.00290377 0.00061559 0.000156148 2.99977e-05 4.11206e-06 3.93773e-07 2.39356e-08 7.8019e-10 1.04973e-11
 2.56907e-27 2.60374e-27 4.60213e-26 9.16837e-20 2.24751e-14 6.65979e-10 2.38542e-06 0.0010328 0.0540529 0.341953 0.26178 0.042199 0.13728 0.126139 0.0191197 0.0118497 0.00355614 0.000805267 0.000193849 3.07489e-05 4.38663e-06 4.34566e-07 2.46004e-08 7.542e-10 1e-11
 2.56755e-27 2.59958e-27 4.23051e-26 8.38439e-20 2.05533e-14 6.09032e-10 2.18145e-06 0.000944484 0.0494309 0.312714 0.239475 0.0435525 0.163252 0.150047 0.0222886 0.0130608 0.00396342 0.000980547 0.000243436 4.01525e-05 5.05782e-06 4.63345e-07 2.73082e-08 7.9583e-10 9.91207e-12
#obs catch len freq
 1.63427e-41 2.26826e-33 3.80548e-26 7.71744e-20 1.89184e-14 5.60587e-10 2.00793e-06 0.000869364 0.0454991 0.28784 0.220534 0.0443128 0.165209 0.140409 0.0433623 0.0351889 0.0116521 0.00407535 0.000914332 0.000123893 7.35624e-06 1.3775e-07 6.01801e-10 4.92218e-13 6.53333e-17
 1.64877e-41 2.28838e-33 3.83924e-26 7.7859e-20 1.90862e-14 5.6556e-10 2.02574e-06 0.000877077 0.0459027 0.290394 0.222547 0.0463638 0.167937 0.135196 0.0430655 0.0329363 0.0105479 0.00343819 0.000704646 8.37894e-05 4.13796e-06 6.06911e-08 1.9854e-10 1.18275e-13 1.12494e-17
 1.9158e-41 2.659e-33 4.46103e-26 9.04687e-20 2.21773e-14 6.57155e-10 2.35382e-06 0.00101912 0.0533369 0.337425 0.258466 0.0458072 0.134196 0.102018 0.0334875 0.0240011 0.00749184 0.00227955 0.000424783 4.3637e-05 1.77068e-06 2.02775e-08 4.96949e-11 2.15868e-14 1.47364e-18
 1.9515e-41 2.70855e-33 4.54415e-26 9.21545e-20 2.25906e-14 6.69401e-10 2.39768e-06 0.00103811 0.0543308 0.343713 0.26336 0.0489303 0.141011 0.099839 0.0258825 0.0155882 0.00471972 0.00133744 0.000226916 1.99948e-05 6.57525e-07 5.82698e-09 1.06829e-11 3.39018e-15 1.66498e-19
 1.99228e-41 2.76515e-33 4.63911e-26 9.40802e-20 2.30626e-14 6.83389e-10 2.44779e-06 0.00105981 0.0554661 0.350895 0.268918 0.0506739 0.1383 0.0920439 0.0249178 0.0136706 0.00317943 0.000750052 0.000114699 8.64833e-06 2.28928e-07 1.55549e-09 2.12104e-12 4.9125e-16 1.73879e-20
 1.79964e-41 2.49778e-33 4.19054e-26 8.49834e-20 2.08327e-14 6.1731e-10 2.2111e-06 0.000957332 0.0501029 0.316967 0.243239 0.0574706 0.174438 0.108749 0.0292914 0.0147734 0.00329948 0.00063117 7.25539e-05 4.49733e-06 9.53891e-08 4.95086e-10 4.99623e-13 8.41306e-17 2.14301e-21
 1.49441e-41 2.07415e-33 3.47981e-26 7.05699e-20 1.72994e-14 5.12612e-10 1.83609e-06 0.000794965 0.0416053 0.263211 0.202522 0.0661273 0.219472 0.130667 0.0466304 0.0231917 0.00486102 0.000835094 7.70516e-05 3.43248e-06 5.48161e-08 2.15477e-10 1.60744e-13 1.96439e-17 3.59307e-22
 2.11778e-41 2.93934e-33 4.93135e-26 1.00007e-19 2.45155e-14 7.26438e-10 2.60198e-06 0.00112657 0.0589601 0.373001 0.285962 0.0520628 0.110188 0.0641218 0.0329602 0.0167062 0.00416494 0.000688062 5.43726e-05 1.83858e-06 2.03804e-08 5.67878e-11 3.07477e-14 2.72111e-18 3.57412e-23
 2.02798e-41 2.8147e-33 4.72224e-26 9.5766e-20 2.34759e-14 6.95634e-10 2.49165e-06 0.0010788 0.05646 0.357186 0.274277 0.0623529 0.146658 0.0736467 0.017633 0.00774769 0.00247313 0.000447786 3.50663e-05 9.71129e-07 7.82684e-09 1.48455e-11 5.49314e-15 3.40651e-19 3.17784e-24
 2.06581e-41 2.8672e-33 4.81033e-26 9.75525e-20 2.39138e-14 7.08611e-10 2.53813e-06 0.00109892 0.0575132 0.36385 0.279503 0.0638061 0.138819 0.066562 0.0203541 0.00705334 0.00120394 0.000215521 1.84025e-05 4.77218e-07 3.07047e-09 4.17551e-12 1.0514e-15 4.38943e-20 2.79165e-25
 1.78475e-41 2.47711e-33 4.15586e-26 8.42801e-20 2.06603e-14 6.12202e-10 2.19281e-06 0.00094941 0.0496883 0.314351 0.242452 0.0794351 0.191612 0.0856804 0.0257018 0.00849025 0.00146515 0.000161727 1.06419e-05 2.68663e-07 1.53492e-09 1.6482e-12 3.01138e-16 8.69992e-21 3.75047e-26
 2.0697e-41 2.87261e-33 4.81941e-26 9.77366e-20 2.3959e-14 7.09948e-10 2.54292e-06 0.001101 0.0576217 0.364539 0.280456 0.068735 0.13241 0.0595337 0.0259778 0.00816139 0.00132335 0.000132071 5.91624e-06 1.04775e-07 5.0897e-10 4.62214e-13 6.67157e-17 1.43331e-21 4.40447e-27
 1.90301e-41 2.64125e-33 4.43124e-26 8.98647e-20 2.20293e-14 6.52768e-10 2.33811e-06 0.00101232 0.0529808 0.335185 0.258935 0.0845747 0.171443 0.0672778 0.0206232 0.00655319 0.00128982 0.000118801 4.43211e-06 5.41433e-08 1.76445e-10 1.21339e-13 1.397e-17 2.35852e-22 5.50842e-28
 1.98099e-41 2.74948e-33 4.61282e-26 9.35472e-20 2.2932e-14 6.79517e-10 2.43392e-06 0.0010538 0.0551518 0.348921 0.269579 0.0832887 0.151321 0.0599102 0.0236446 0.00608828 0.000943462 9.14819e-05 3.20687e-06 3.09781e-08 7.01508e-11 3.18536e-14 2.54445e-18 3.17046e-23 5.6224e-29
 1.68119e-41 2.33338e-33 3.91473e-26 7.93899e-20 1.94615e-14 5.7668e-10 2.06557e-06 0.000894322 0.0468053 0.296131 0.230963 0.108411 0.205918 0.075321 0.0271668 0.00718029 0.00112064 8.43741e-05 2.64332e-06 2.27193e-08 4.02705e-11 1.29715e-14 6.95543e-19 5.78384e-24 7.04134e-30
 1.55086e-41 2.15249e-33 3.61125e-26 7.32353e-20 1.79528e-14 5.31974e-10 1.90544e-06 0.000824991 0.0431768 0.273186 0.214466 0.117527 0.212177 0.0861187 0.0411804 0.00981498 0.00142266 0.000100894 2.51865e-06 1.74018e-08 2.55339e-11 6.44944e-15 2.53406e-19 1.4701e-24 1.21406e-30
 1.79722e-41 2.49443e-33 4.18492e-26 8.48693e-20 2.08047e-14 6.16482e-10 2.20814e-06 0.000956048 0.0500358 0.316579 0.247272 0.105654 0.164731 0.0685307 0.0349904 0.00966834 0.00148591 9.27064e-05 1.99236e-06 1.08186e-08 1.20444e-11 2.35485e-15 7.1509e-20 3.11917e-25 1.87335e-31
 1.74573e-41 2.42296e-33 4.06501e-26 8.24377e-20 2.02086e-14 5.98818e-10 2.14487e-06 0.000928655 0.0486021 0.307528 0.242042 0.122035 0.179673 0.0636688 0.026634 0.00754317 0.00126183 8.05862e-05 1.49484e-06 6.5454e-09 5.60073e-12 8.11195e-16 1.81762e-20 5.90607e-26 2.65037e-32
 1.77218e-41 2.45967e-33 4.12661e-26 8.36868e-20 2.05148e-14 6.07892e-10 2.17737e-06 0.000942726 0.0493386 0.312202 0.246599 0.126078 0.170492 0.062335 0.0253883 0.00570598 0.000860323 5.51764e-05 9.65694e-07 3.55154e-09 2.3717e-12 2.59277e-16 4.28187e-21 1.00997e-26 3.27747e-33
 1.73199e-41 2.40388e-33 4.03301e-26 8.17887e-20 2.00495e-14 5.94104e-10 2.12798e-06 0.000921344 0.0482196 0.305149 0.24304 0.137835 0.173715 0.0615301 0.0238048 0.0051177 0.000630888 3.36633e-05 5.31183e-07 1.71315e-09 9.37477e-13 7.93156e-17 9.80776e-22 1.70184e-27 4.01526e-34
 1.8191e-41 2.52479e-33 4.23585e-26 8.59022e-20 2.10579e-14 6.23985e-10 2.23501e-06 0.000967683 0.0506448 0.32051 0.255468 0.135362 0.154491 0.0565531 0.0212804 0.00423709 0.000463884 1.97552e-05 2.44523e-07 6.47992e-10 2.92324e-13 1.98225e-17 1.89846e-22 2.48003e-28 4.32021e-35
 1.78768e-41 2.48119e-33 4.16271e-26 8.44189e-20 2.06943e-14 6.1321e-10 2.19642e-06 0.000950974 0.0497704 0.315021 0.253775 0.148844 0.157425 0.052564 0.017877 0.00342488 0.000333143 1.17246e-05 1.11148e-07 2.20685e-10 7.62879e-14 4.03246e-18 3.00779e-23 3.02403e-29 3.99179e-36
 1.79454e-41 2.4907e-33 4.17866e-26 8.47425e-20 2.07736e-14 6.1556e-10 2.20484e-06 0.000954618 0.0499613 0.316272 0.25662 0.15368 0.150539 0.0523351 0.016623 0.00276839 0.000237409 7.00623e-06 5.18979e-08 7.66565e-11 1.93024e-14 7.4659e-19 4.13105e-24 3.11354e-30 3.09294e-37
 1.79208e-41 2.48729e-33 4.17295e-26 8.46266e-20 2.07452e-14 6.14718e-10 2.20182e-06 0.000953313 0.0498931 0.315901 0.258846 0.161251 0.146006 0.0497075 0.0149431 0.00232551 0.000167178 4.02021e-06 2.35181e-08 2.62723e-11 4.84874e-15 1.3506e-19 5.35107e-25 2.89594e-31 2.07996e-38
 1.80976e-41 2.51182e-33 4.21411e-26 8.54612e-20 2.09498e-14 6.20781e-10 2.22354e-06 0.000962716 0.0503854 0.319084 0.263626 0.165223 0.138387 0.0471292 0.0131923 0.00188733 0.000118008 2.27395e-06 1.0238e-08 8.6564e-12 1.18568e-15 2.40673e-20 6.85809e-26 2.6479e-32 1.35154e-39
 1.75575e-41 2.43687e-33 4.08836e-26 8.2911e-20 2.03247e-14 6.02257e-10 2.15719e-06 0.000933987 0.0488822 0.309693 0.260804 0.17949 0.140521 0.0461145 0.0119197 0.00155504 8.36343e-05 1.31164e-06 4.53984e-09 2.85761e-12 2.88098e-16 4.27594e-21 8.84289e-27 2.45927e-33 8.98405e-41
 1.66341e-41 2.30871e-33 3.87333e-26 7.85504e-20 1.92557e-14 5.70582e-10 2.04373e-06 0.000884866 0.0463119 0.293594 0.253864 0.195358 0.146387 0.050078 0.0120535 0.00140147 6.41358e-05 8.13603e-07 2.182e-09 1.02899e-12 7.60018e-17 8.17401e-22 1.21985e-27 2.44319e-34 6.41454e-42
 1.66637e-41 2.31281e-33 3.88022e-26 7.869e-20 1.92899e-14 5.71596e-10 2.04736e-06 0.000886438 0.0463948 0.294264 0.257733 0.197105 0.140353 0.0502406 0.0117221 0.00124904 4.79418e-05 4.86031e-07 1.00588e-09 3.56711e-13 1.94435e-17 1.52198e-22 1.63751e-28 2.35134e-35 4.41392e-43
 1.7025e-41 2.36296e-33 3.96435e-26 8.03962e-20 1.97082e-14 5.8399e-10 2.09176e-06 0.000905659 0.0474006 0.300604 0.261554 0.192274 0.136808 0.0480281 0.0112034 0.00117948 4.16637e-05 3.65973e-07 6.36703e-10 1.87093e-13 8.36816e-18 5.33455e-23 4.64599e-29 5.37362e-36 8.09315e-44
#spawning biomass
 5204.69 6434.56 7735.75 10523.3 14959.5 17670.7 16403.3 20651.7 30861.4 43867.2 55891.2 71551.3 102148 126031 118530 107380 97954.8 103082 95980.8 92565.4 100909 110965 105298 101915 127443 120617 117256 106540 81084.6 215214 300308 311675 291779 257360 220115 186331 158468 136813 120640 108898 100544 94689 90619.7 87795.6 85856.9 84564.2 83702.4 83127.8 82744.7 82489.3 82319 82205.4 82129.7 82079.2 82045.6 82023.1 82008.2 81998.2 81991.5 81987.1 81984.2 81982.2 81980.9 81980 81979.4 81979 81978.8 81978.6 81978.5 81978.4 81978.3 81978.3 81978.3 81978.3 81978.3 81978.3 81978.2 81978.2 81978.2 81978.2 81978.2 81978.2 81978.2 81978.2 81978.2 81978.2 81978.2 81978.2 81978.2 81978.2 81978.2 81978.2 81978.2 81978.2 81978.2 81978.2 81978.2 81978.2 81978.2 81978.2 81978.2 81978.2 81978.2 81978.2 81978.2 81978.2 81978.2 81978.2 81978.2 81978.2 81978.2 81978.2 81978.2 81978.2 81978.2 81978.2 81978.2 81978.2 81978.2 81978.2 81978.2 81978.2 81978.2 81978.2 81978.2 81978.2 81978.2 81978.2 81978.2 0 0 0 0 0 0 0 0 0 0 0 0 0 0 0 0 0 0 0 0 0 0 0 0 0
