SBPRF35
0.023404
Curr Bio
79200.2
B35
42874.5
F35
1.85591
FOFL
1.85591
OFL
116320
Bzero
6686.85
#pred survey bio
 6650.5 8351.74 8417.62 8121.61 11852.1 16501.6 17127.4 21051.6 36734.8 59355.8 79598.7 99105.3 129863 157397 152702 140391 127903 127550 132264 128620 125308 134815 153966 160383 179072 196724 188438 175918 3.93119e+06 1.64119e+06 504113 208542 149560 135650 131837 130743 130425 130333 130306 130298 130296 130295 130295 130295 130295 130295 130295 130295 130295 130295 130295 130295 130295 130295 130295 130295 130295 130295 130295 130295 130295 130295 130295 130295 130295 130295 130295 130295 130295 130295 130295 130295 130295 130295 130295 130295 130295 130295 130295 130295 130295 130295 130295 130295 130295 130295 130295 130295 130295 130295 130295 130295 130295 130295 130295 130295 130295 130295 130295 130295 130295 130295 130295 130295 130295 130295 130295 130295 130295 130295 130295 130295 130295 130295 130295 130295 130295 130295 130295 130295 130295 130295 130295 130295 130295 130295 130295 130295 0 0 0 0 0 0 0 0 0 0 0 0 0 0 0 0 0 0 0 0 0 0 0 0 0
#obs survey bio
 4555.86 11645 5629.83 9448.44 15503.6 15603.8 13652.9 25760.4 43774.3 62772.5 80395.9 83216.5 175739 187175 144555 125535 95801.8 153509 130793 124127 140505 102599 229475 100282 182389 244923 181633 144126
#pred catch bio
 2275.71 5119.5 5789.52 4719.99 6043.73 10280.9 10921.3 11053.7 17769.3 30742.4 49307.6 61456.9 74705.4 97659.4 97025.4 97568.7 84211.6 78369.2 86052.5 86802.2 80807.1 84097.8 103386 106523 107285 118304 114222 106832 116320 47249 11118 4515.01 3915.42 3877.18 3875.09 3874.99 3874.98 3874.98 3874.98 3874.98 3874.98 3874.98 3874.98 3874.98 3874.98 3874.98 3874.98 3874.98 3874.98 3874.98 3874.98 3874.98 3874.98 3874.98 3874.98 3874.98 3874.98 3874.98 3874.98 3874.98 3874.98 3874.98 3874.98 3874.98 3874.98 3874.98 3874.98 3874.98 3874.98 3874.98 3874.98 3874.98 3874.98 3874.98 3874.98 3874.98 3874.98 3874.98 3874.98 3874.98 3874.98 3874.98 3874.98 3874.98 3874.98 3874.98 3874.98 3874.98 3874.98 3874.98 3874.98 3874.98 3874.98 3874.98 3874.98 3874.98 3874.98 3874.98 3874.98 3874.98 3874.98 3874.98 3874.98 3874.98 3874.98 3874.98 3874.98 3874.98 3874.98 3874.98 3874.98 3874.98 3874.98 3874.98 3874.98 3874.98 3874.98 3874.98 3874.98 3874.98 3874.98 3874.98 3874.98 3874.98 3874.98 3874.98 3874.98 3874.98 0 0 0 0 0 0 0 0 0 0 0 0 0 0 0 0 0 0 0 0 0 0 0 0 0
#obs catch bio
 4923.81 5145.85 5838.33 4734.05 5978.57 10131.3 10929.4 10975.4 17529.9 30164.3 49010.4 61347.8 73690.2 96499.5 96993.6 98814.3 84902.3 77943.2 86102.4 86999.4 81214.8 85319.2 103951 108721 108438 118652 115304 106929
#pred cpue bio
 6067.58 7228.95 7337.36 7037.64 10077.9 14224 14914.2 18004 31080.1 50743.2 68717.2 84996.8 111081 136191 133718 122902 111126 110716 115086 111970 108708 116510 132851 138726 154063 170984 165434 154281 3.43435e+06 1.59841e+06 502922 195687 134127 119820 115948 114845 114526 114433 114406 114399 114396 114396 114395 114395 114395 114395 114395 114395 114395 114395 114395 114395 114395 114395 114395 114395 114395 114395 114395 114395 114395 114395 114395 114395 114395 114395 114395 114395 114395 114395 114395 114395 114395 114395 114395 114395 114395 114395 114395 114395 114395 114395 114395 114395 114395 114395 114395 114395 114395 114395 114395 114395 114395 114395 114395 114395 114395 114395 114395 114395 114395 114395 114395 114395 114395 114395 114395 114395 114395 114395 114395 114395 114395 114395 114395 114395 114395 114395 114395 114395 114395 114395 114395 114395 114395 114395 114395 114395 0 0 0 0 0 0 0 0 0 0 0 0 0 0 0 0 0 0 0 0 0 0 0 0 0
#obs cpue bio
 7121.26 7500.73 7915.73 6040.27 11624.6 20679.7 13911.8 18814.8 38096.1 70283.3 56453.6 98181.2 125860 134980 109538 106035 130017 124056 103749 112279 82286.9 99329 106533 120426 144888 154363 132439 216568
#pred surv len freq
 2.14709e-27 2.1767e-27 6.98852e-27 1.64656e-21 9.79274e-17 1.33898e-12 4.20911e-09 3.04194e-06 0.000505413 0.0193064 0.16955 0.342325 0.159244 0.0261762 0.0567203 0.0794933 0.0324095 0.02625 0.0233967 0.0158427 0.0132179 0.0111035 0.0108698 0.00963139 0.00395459
 2.14925e-27 2.18294e-27 7.69141e-27 1.88505e-21 1.12111e-16 1.53292e-12 4.81877e-09 3.48254e-06 0.000578618 0.0221028 0.194108 0.391907 0.182219 0.0275524 0.0501825 0.0699947 0.0257632 0.0130457 0.010131 0.00474124 0.00291192 0.00183328 0.00140212 0.0010883 0.000435084
 2.1479e-27 2.17967e-27 7.34282e-27 1.76678e-21 1.05077e-16 1.43674e-12 4.51641e-09 3.26402e-06 0.000542313 0.020716 0.181929 0.367318 0.170931 0.0297047 0.0707335 0.0988603 0.0346582 0.0121848 0.00828306 0.00257385 0.000930273 0.000344464 0.000160155 9.3016e-05 3.39968e-05
 2.14855e-27 2.18132e-27 7.52283e-27 1.82786e-21 1.0871e-16 1.48642e-12 4.67256e-09 3.37688e-06 0.000561063 0.0214322 0.188219 0.380017 0.176767 0.0287455 0.0610509 0.085284 0.0308625 0.0139356 0.00982752 0.00252729 0.00060324 0.000128477 2.58966e-05 7.65922e-06 2.18435e-06
 2.15003e-27 2.18495e-27 7.90692e-27 1.95815e-21 1.16459e-16 1.59236e-12 5.00562e-09 3.61757e-06 0.000601054 0.0229599 0.201635 0.407103 0.189244 0.0275407 0.0455319 0.0633816 0.0227467 0.0096894 0.00685013 0.0020124 0.000583016 0.000105423 1.16177e-05 1.20181e-06 1.61608e-07
 2.14881e-27 2.18192e-27 7.58201e-27 1.84791e-21 1.09903e-16 1.50272e-12 4.72383e-09 3.41392e-06 0.000567218 0.0216674 0.190284 0.384186 0.178702 0.0289511 0.0610489 0.0852036 0.0297696 0.0101384 0.00678961 0.00197503 0.000580404 0.000118197 1.4321e-05 9.62222e-07 4.13481e-08
 2.14804e-27 2.18005e-27 7.38638e-27 1.78157e-21 1.05957e-16 1.44877e-12 4.55422e-09 3.29135e-06 0.000546852 0.0208894 0.183452 0.370392 0.17234 0.0293719 0.0677754 0.0947355 0.0338329 0.0138763 0.00959841 0.00247185 0.00058556 0.000113182 1.40146e-05 1.0074e-06 3.40643e-08
 2.14962e-27 2.18396e-27 7.80196e-27 1.92255e-21 1.14341e-16 1.56342e-12 4.91462e-09 3.55181e-06 0.000590127 0.0225425 0.197969 0.399702 0.185833 0.02782 0.0494675 0.0689461 0.024947 0.0112607 0.00800167 0.00221608 0.000585954 0.000103507 1.06588e-05 7.18936e-07 2.47094e-08
 2.15031e-27 2.18563e-27 7.97667e-27 1.9818e-21 1.17865e-16 1.6116e-12 5.06608e-09 3.66127e-06 0.000608315 0.0232372 0.20407 0.412021 0.191515 0.0274816 0.0436887 0.0607514 0.0213783 0.00777378 0.00531034 0.00158255 0.000475179 9.19631e-05 1.02652e-05 6.40902e-07 1.94757e-08
 2.14946e-27 2.18352e-27 7.75168e-27 1.90547e-21 1.13326e-16 1.54953e-12 4.87096e-09 3.52026e-06 0.000584885 0.0223422 0.196211 0.396152 0.184213 0.0283891 0.0540121 0.0752826 0.0262388 0.00872481 0.00576379 0.00156925 0.000416948 8.52322e-05 1.08469e-05 7.48879e-07 2.33814e-08
 2.14876e-27 2.18181e-27 7.57195e-27 1.84451e-21 1.097e-16 1.49995e-12 4.71512e-09 3.40763e-06 0.000566173 0.0216274 0.189933 0.383478 0.178369 0.0288119 0.0604131 0.0843424 0.0299498 0.0117443 0.0080531 0.00209817 0.000504051 9.33713e-05 1.09227e-05 7.95722e-07 2.76675e-08
 2.14933e-27 2.18323e-27 7.72338e-27 1.89589e-21 1.12756e-16 1.54173e-12 4.84645e-09 3.50255e-06 0.000581943 0.0222298 0.195223 0.394159 0.183285 0.0282267 0.0536215 0.0747782 0.0266916 0.0109079 0.0075834 0.00206804 0.000534469 9.49636e-05 9.79973e-06 6.367e-07 2.12842e-08
 2.14948e-27 2.18357e-27 7.75785e-27 1.90757e-21 1.1345e-16 1.55123e-12 4.87632e-09 3.52413e-06 0.000585529 0.0223668 0.196426 0.396588 0.184409 0.0282497 0.0530296 0.0739181 0.0260345 0.00953511 0.00647475 0.00179684 0.000482486 8.95809e-05 9.65452e-06 5.95295e-07 1.77451e-08
 2.14853e-27 2.18125e-27 7.51128e-27 1.82393e-21 1.08476e-16 1.48322e-12 4.66251e-09 3.36961e-06 0.000559855 0.0213861 0.187814 0.379199 0.176401 0.0290918 0.0634113 0.0885552 0.031253 0.0116455 0.00791157 0.0021179 0.000536755 0.00010091 1.14311e-05 7.40383e-07 2.23219e-08
 2.14757e-27 2.1789e-27 7.26568e-27 1.74062e-21 1.03522e-16 1.41547e-12 4.44956e-09 3.21571e-06 0.000534285 0.0204093 0.179236 0.361881 0.168417 0.029691 0.0722887 0.101113 0.0363036 0.0155013 0.0108529 0.00289759 0.000724439 0.000131096 1.41318e-05 9.2246e-07 2.89912e-08
 2.14774e-27 2.17933e-27 7.31426e-27 1.75712e-21 1.04503e-16 1.42889e-12 4.49173e-09 3.24618e-06 0.000539348 0.0206027 0.180934 0.36531 0.169986 0.0292554 0.0685965 0.0959529 0.035075 0.016942 0.0122143 0.00344903 0.000946232 0.00017303 1.82254e-05 1.14111e-06 3.48502e-08
 2.14833e-27 2.18078e-27 7.46589e-27 1.80855e-21 1.07561e-16 1.47071e-12 4.62319e-09 3.34119e-06 0.000555134 0.0212057 0.18623 0.376002 0.174917 0.0289374 0.0634324 0.0886352 0.0319613 0.014089 0.0100291 0.00294856 0.000866991 0.000166997 1.87307e-05 1.18334e-06 3.50759e-08
 2.14836e-27 2.18084e-27 7.4711e-27 1.81031e-21 1.07666e-16 1.47214e-12 4.62769e-09 3.34445e-06 0.000555675 0.0212264 0.186411 0.376368 0.17509 0.0290237 0.0638491 0.0892059 0.0319378 0.0133589 0.00937475 0.00266943 0.000755517 0.000150873 1.82831e-05 1.23477e-06 3.83207e-08
 2.14818e-27 2.1804e-27 7.42434e-27 1.79445e-21 1.06723e-16 1.45924e-12 4.58715e-09 3.31515e-06 0.000550807 0.0210405 0.184778 0.373071 0.173569 0.0291183 0.0654204 0.0914332 0.0328953 0.014262 0.0100698 0.00283287 0.000782802 0.000152716 1.83171e-05 1.29515e-06 4.32055e-08
 2.14813e-27 2.18029e-27 7.41333e-27 1.79071e-21 1.06501e-16 1.45621e-12 4.5776e-09 3.30825e-06 0.00054966 0.0209966 0.184394 0.372294 0.173211 0.029155 0.0658786 0.092079 0.0331222 0.0143442 0.0101327 0.00286883 0.000798153 0.000153326 1.77986e-05 1.22918e-06 4.13395e-08
 2.14843e-27 2.18101e-27 7.48898e-27 1.81637e-21 1.08027e-16 1.47707e-12 4.6432e-09 3.35565e-06 0.000557537 0.0212975 0.187036 0.377629 0.175669 0.0289277 0.0628828 0.0878507 0.0315523 0.0135103 0.00951435 0.00267419 0.000735959 0.000141329 1.63288e-05 1.10304e-06 3.6034e-08
 2.14873e-27 2.18176e-27 7.56805e-27 1.84319e-21 1.09622e-16 1.49888e-12 4.71176e-09 3.4052e-06 0.000565769 0.021612 0.189798 0.383205 0.178239 0.0287032 0.059832 0.0835415 0.0299108 0.0125134 0.00877285 0.00247311 0.000683579 0.000131057 1.5103e-05 1.01926e-06 3.29899e-08
 2.14884e-27 2.18201e-27 7.59438e-27 1.85212e-21 1.10153e-16 1.50614e-12 4.73459e-09 3.4217e-06 0.00056851 0.0217167 0.190717 0.385061 0.179096 0.0286688 0.0590619 0.0824463 0.0293916 0.0118957 0.00827641 0.00232142 0.000637409 0.00012269 1.42408e-05 9.62571e-07 3.11334e-08
 2.14859e-27 2.1814e-27 7.52801e-27 1.82961e-21 1.08814e-16 1.48783e-12 4.67702e-09 3.3801e-06 0.000561598 0.0214527 0.188398 0.38038 0.176943 0.0289761 0.0623489 0.0870672 0.0308552 0.0119052 0.008171 0.00222967 0.000584001 0.000110378 1.26276e-05 8.51363e-07 2.75713e-08
 2.14908e-27 2.18259e-27 7.65593e-27 1.873e-21 1.11395e-16 1.52312e-12 4.78796e-09 3.46027e-06 0.000574919 0.0219615 0.192867 0.389402 0.181095 0.028462 0.0564912 0.0788237 0.0281264 0.0114638 0.00795067 0.00213045 0.000537642 9.859e-05 1.08249e-05 7.12831e-07 2.28397e-08
 2.14818e-27 2.18039e-27 7.42157e-27 1.7935e-21 1.06666e-16 1.45847e-12 4.58473e-09 3.31339e-06 0.000550516 0.0210293 0.184681 0.372874 0.173485 0.0293195 0.0667081 0.0932153 0.0330741 0.0128903 0.00888774 0.00247749 0.000667925 0.000122722 1.31583e-05 8.40379e-07 2.61309e-08
 2.1474e-27 2.1785e-27 7.22478e-27 1.72676e-21 1.02697e-16 1.4042e-12 4.41412e-09 3.1901e-06 0.00053003 0.0202468 0.177808 0.358999 0.167084 0.0296823 0.0731046 0.102289 0.0370592 0.0168736 0.0119934 0.00328144 0.000862689 0.000163311 1.84302e-05 1.18392e-06 3.596e-08
 2.14762e-27 2.17906e-27 7.28673e-27 1.74779e-21 1.03948e-16 1.4213e-12 4.46787e-09 3.22894e-06 0.000536484 0.0204933 0.179973 0.36337 0.169089 0.0292455 0.0691209 0.0967078 0.0355515 0.0177949 0.0129627 0.00380436 0.00111113 0.000210851 2.35367e-05 1.55449e-06 4.87429e-08
#obs surv len freq
 1.24188e-39 6.07815e-33 6.83923e-27 1.76924e-21 1.05224e-16 1.43874e-12 4.5227e-09 3.26856e-06 0.000543076 0.0207448 0.182181 0.367828 0.171148 0.0291823 0.067391 0.0942277 0.034083 0.0153731 0.0112281 0.00395087 0.00155964 0.000448433 9.41056e-05 1.22079e-05 8.09591e-07
 1.31554e-39 6.43867e-33 7.24489e-27 1.87418e-21 1.11465e-16 1.52408e-12 4.79096e-09 3.46244e-06 0.000575289 0.0219753 0.192987 0.389645 0.1812 0.0282548 0.0551539 0.0769585 0.0277148 0.0121195 0.00878101 0.00304333 0.00117882 0.000332615 6.78671e-05 8.53013e-06 5.48726e-07
 1.15873e-39 5.67117e-33 6.38129e-27 1.65078e-21 9.8178e-17 1.34241e-12 4.21987e-09 3.04971e-06 0.000506713 0.0193558 0.169983 0.343201 0.159825 0.0308412 0.0849407 0.11889 0.0417747 0.0150008 0.0103712 0.00352354 0.00133283 0.000368872 7.35059e-05 8.98803e-06 5.60495e-07
 1.35241e-39 6.6191e-33 7.44791e-27 1.92671e-21 1.14588e-16 1.56679e-12 4.92521e-09 3.55946e-06 0.00059141 0.0225911 0.198395 0.400563 0.186218 0.0274671 0.0470544 0.065593 0.02441 0.0131333 0.00971654 0.00296406 0.000980775 0.000261361 5.0678e-05 6.04099e-06 3.66582e-07
 1.39374e-39 6.8214e-33 7.67555e-27 1.98559e-21 1.18091e-16 1.61467e-12 5.07575e-09 3.66825e-06 0.000609485 0.0232815 0.204459 0.412806 0.191881 0.0275418 0.0438203 0.0609121 0.0210854 0.00656002 0.00443585 0.00170383 0.000696873 0.000170881 2.95837e-05 3.36696e-06 1.9858e-07
 1.26676e-39 6.19992e-33 6.97625e-27 1.80469e-21 1.07332e-16 1.46757e-12 4.61331e-09 3.33405e-06 0.000553957 0.0211604 0.185831 0.375198 0.174572 0.0296278 0.0678895 0.0948046 0.0325965 0.00939679 0.00596341 0.00169163 0.000525358 0.000152594 2.96234e-05 3.11805e-06 1.70295e-07
 1.27454e-39 6.238e-33 7.0191e-27 1.81577e-21 1.07991e-16 1.47658e-12 4.64164e-09 3.35453e-06 0.000557359 0.0212904 0.186972 0.377502 0.175612 0.0289533 0.0630777 0.0881231 0.0316184 0.0134368 0.00941742 0.00256964 0.000687634 0.000150075 2.55642e-05 2.97887e-06 1.64588e-07
 1.42028e-39 6.95129e-33 7.8217e-27 2.0234e-21 1.20339e-16 1.64542e-12 5.17239e-09 3.7381e-06 0.00062109 0.0237249 0.208352 0.420666 0.195492 0.0269423 0.0377921 0.0524566 0.0186707 0.00747303 0.00529009 0.00175849 0.000609675 0.000128626 1.75495e-05 1.65337e-06 8.94467e-08
 1.42013e-39 6.95055e-33 7.82087e-27 2.02318e-21 1.20326e-16 1.64525e-12 5.17184e-09 3.7377e-06 0.000621024 0.0237223 0.20833 0.420621 0.195485 0.0273188 0.0401037 0.0556516 0.0189411 0.00483125 0.00297498 0.000956697 0.000337461 8.61052e-05 1.38896e-05 1.18573e-06 5.21451e-08
 1.35339e-39 6.6239e-33 7.45332e-27 1.9281e-21 1.14671e-16 1.56792e-12 4.92879e-09 3.56204e-06 0.000591839 0.0226075 0.198539 0.400854 0.186386 0.028376 0.0525152 0.0731351 0.024968 0.00661201 0.00403412 0.00104138 0.000260816 6.2652e-05 1.10014e-05 1.10414e-06 5.0186e-08
 1.32237e-39 6.4721e-33 7.28251e-27 1.88392e-21 1.12044e-16 1.53199e-12 4.81584e-09 3.48042e-06 0.000578276 0.0220894 0.193989 0.391669 0.182149 0.0286236 0.0567956 0.079205 0.0276083 0.00918637 0.00604716 0.00158464 0.000386711 7.37549e-05 9.89629e-06 9.73112e-07 4.92212e-08
 1.3627e-39 6.66946e-33 7.50458e-27 1.94136e-21 1.1546e-16 1.57871e-12 4.96269e-09 3.58654e-06 0.000595909 0.022763 0.199904 0.403611 0.187644 0.0279223 0.0489146 0.0681132 0.0239185 0.0085348 0.00578765 0.0016862 0.000491705 9.63972e-05 1.16052e-05 8.93076e-07 3.91588e-08
 1.33704e-39 6.54389e-33 7.36329e-27 1.90481e-21 1.13286e-16 1.54899e-12 4.86925e-09 3.51902e-06 0.00058469 0.0223344 0.196141 0.396013 0.18415 0.028438 0.0543531 0.0757528 0.026255 0.0082581 0.00542897 0.00164034 0.00051625 0.000113883 1.57003e-05 1.18927e-06 4.41143e-08
 1.28727e-39 6.30031e-33 7.08921e-27 1.83391e-21 1.0907e-16 1.49133e-12 4.68801e-09 3.38803e-06 0.000562927 0.0215031 0.18884 0.381273 0.17736 0.029079 0.0627087 0.0875464 0.0306411 0.0106046 0.00711306 0.00202126 0.000587451 0.000134091 2.0425e-05 1.75031e-06 6.90551e-08
 1.17134e-39 5.73291e-33 6.45076e-27 1.66875e-21 9.92468e-17 1.35702e-12 4.26581e-09 3.08291e-06 0.000512229 0.0195665 0.171833 0.346937 0.16154 0.0305296 0.0819129 0.114654 0.0407286 0.0160316 0.0111563 0.00332197 0.00101721 0.000221013 3.22986e-05 2.92848e-06 1.28132e-07
 1.26695e-39 6.20086e-33 6.9773e-27 1.80496e-21 1.07348e-16 1.46779e-12 4.614e-09 3.33455e-06 0.00055404 0.0211636 0.185859 0.375254 0.17456 0.0286105 0.061663 0.0861981 0.031864 0.0164998 0.0122034 0.00389794 0.00131799 0.000302325 4.50878e-05 3.95447e-06 1.74416e-07
 1.23241e-39 6.03181e-33 6.78709e-27 1.75576e-21 1.04421e-16 1.42777e-12 4.48822e-09 3.24364e-06 0.000538936 0.0205867 0.180792 0.365024 0.169866 0.0295477 0.0704668 0.0985213 0.0350274 0.0139067 0.00998831 0.003754 0.00152388 0.000384106 6.28813e-05 5.77241e-06 2.54452e-07
 1.2817e-39 6.27302e-33 7.05851e-27 1.82597e-21 1.08597e-16 1.48487e-12 4.6677e-09 3.37336e-06 0.000560488 0.0214099 0.188022 0.379621 0.176582 0.028702 0.060905 0.0850757 0.0307316 0.0137239 0.00989141 0.0031905 0.00116594 0.000341105 6.62801e-05 6.77552e-06 3.1995e-07
 1.25173e-39 6.12635e-33 6.89347e-27 1.78327e-21 1.06058e-16 1.45015e-12 4.55856e-09 3.29448e-06 0.000547383 0.0209093 0.183626 0.370745 0.172503 0.0293453 0.0675073 0.0943431 0.0334707 0.0130526 0.00922018 0.0031656 0.00118578 0.000308369 5.94664e-05 7.04633e-06 3.80256e-07
 1.25638e-39 6.1491e-33 6.91907e-27 1.7899e-21 1.06452e-16 1.45554e-12 4.57549e-09 3.30672e-06 0.000549416 0.020987 0.184308 0.372122 0.173131 0.0291093 0.0656515 0.0917602 0.0330126 0.014324 0.0102537 0.00326852 0.00114701 0.000308141 5.78298e-05 6.56118e-06 3.80612e-07
 1.26971e-39 6.21434e-33 6.99247e-27 1.80889e-21 1.07581e-16 1.47098e-12 4.62404e-09 3.3418e-06 0.000555245 0.0212096 0.186263 0.37607 0.174949 0.0289381 0.0634167 0.0886032 0.0318008 0.0135661 0.00975112 0.00329534 0.0012095 0.000306398 5.53742e-05 6.23571e-06 3.52855e-07
 1.2617e-39 6.17516e-33 6.94839e-27 1.79748e-21 1.06903e-16 1.4617e-12 4.59488e-09 3.32073e-06 0.000551744 0.0210759 0.185089 0.373699 0.17386 0.0291173 0.0652253 0.0911421 0.0325541 0.0133895 0.00953842 0.00319584 0.00118123 0.000313894 5.72091e-05 6.17458e-06 3.40987e-07
 1.26194e-39 6.17632e-33 6.9497e-27 1.79782e-21 1.06923e-16 1.46198e-12 4.59575e-09 3.32136e-06 0.000551848 0.0210799 0.185124 0.37377 0.173891 0.029068 0.0649032 0.090697 0.0325217 0.0137742 0.00984762 0.00323176 0.00116503 0.00030839 5.75138e-05 6.35796e-06 3.45349e-07
 1.2622e-39 6.17761e-33 6.95115e-27 1.7982e-21 1.06945e-16 1.46229e-12 4.59671e-09 3.32205e-06 0.000551964 0.0210843 0.185162 0.373848 0.173927 0.0290629 0.0648482 0.0906188 0.0324838 0.0137288 0.00983154 0.00327915 0.00119633 0.000310634 5.69153e-05 6.34678e-06 3.51545e-07
 1.26876e-39 6.2097e-33 6.98725e-27 1.80754e-21 1.07501e-16 1.46988e-12 4.62058e-09 3.3393e-06 0.00055483 0.0211938 0.186124 0.375789 0.174821 0.0289675 0.0636806 0.0889732 0.0319049 0.0135186 0.00968481 0.00322805 0.00118204 0.000311015 5.70005e-05 6.25722e-06 3.457e-07
 1.1919e-39 5.83355e-33 6.564e-27 1.69804e-21 1.00989e-16 1.38084e-12 4.34069e-09 3.13703e-06 0.000521221 0.01991 0.17485 0.353027 0.164337 0.0300373 0.0770721 0.107855 0.0386499 0.0162947 0.0116643 0.0038952 0.00142913 0.000376647 6.95565e-05 7.6776e-06 4.21221e-07
 1.19738e-39 5.86036e-33 6.59417e-27 1.70585e-21 1.01453e-16 1.38719e-12 4.36065e-09 3.15145e-06 0.000523618 0.0200015 0.175653 0.354649 0.165068 0.0295155 0.0733975 0.102751 0.0378653 0.0192542 0.0142686 0.00475499 0.00174006 0.000459289 8.5041e-05 9.43397e-06 5.20361e-07
 1.22276e-39 5.98458e-33 6.73395e-27 1.74201e-21 1.03604e-16 1.4166e-12 4.45308e-09 3.21825e-06 0.000534717 0.0204255 0.179377 0.362167 0.168531 0.0291912 0.0691517 0.096749 0.0355012 0.0176025 0.0131901 0.00492167 0.00200837 0.000535678 9.91257e-05 1.10205e-05 6.10325e-07
#pred catch len freq
 2.14645e-27 2.17514e-27 6.82608e-27 1.59147e-21 9.4651e-17 1.29418e-12 4.06828e-09 2.94016e-06 0.000488503 0.0186605 0.163877 0.330872 0.153959 0.0264427 0.0617989 0.0866878 0.0354173 0.0288841 0.02564 0.0170247 0.013951 0.0114842 0.0110717 0.00974355 0.00399334
 2.1491e-27 2.18259e-27 7.65493e-27 1.87268e-21 1.11375e-16 1.52286e-12 4.78712e-09 3.45967e-06 0.000574819 0.0219577 0.192834 0.389334 0.181037 0.0277629 0.0522434 0.0728918 0.0266909 0.0130841 0.0100527 0.00456108 0.00271741 0.00166511 0.00124794 0.000959806 0.0003828
 2.1478e-27 2.17943e-27 7.31675e-27 1.75793e-21 1.04551e-16 1.42955e-12 4.4938e-09 3.24768e-06 0.000539597 0.0206122 0.181018 0.365479 0.170087 0.0298734 0.0723181 0.101082 0.0352829 0.0119065 0.00798439 0.00242236 0.000843189 0.000303443 0.000137476 7.88252e-05 2.87127e-05
 2.14832e-27 2.18075e-27 7.46198e-27 1.80721e-21 1.07482e-16 1.46962e-12 4.61978e-09 3.33873e-06 0.000554725 0.0211901 0.186093 0.375725 0.174792 0.028998 0.063886 0.0892735 0.0321825 0.0141455 0.00991008 0.00251257 0.000580756 0.000121145 2.37804e-05 6.90034e-06 1.95593e-06
 2.14978e-27 2.18432e-27 7.83936e-27 1.93523e-21 1.15095e-16 1.57373e-12 4.94703e-09 3.57523e-06 0.000594019 0.0226911 0.199275 0.402338 0.18705 0.0277913 0.0484977 0.0675597 0.0241907 0.0101289 0.00712267 0.002059 0.000581918 0.000103897 1.12231e-05 1.13838e-06 1.51055e-07
 2.14864e-27 2.18149e-27 7.53568e-27 1.8322e-21 1.08968e-16 1.48994e-12 4.68364e-09 3.38488e-06 0.000562393 0.021483 0.188665 0.380918 0.177199 0.0291635 0.0633309 0.0884118 0.030789 0.0101565 0.0067279 0.00191936 0.000546684 0.000109477 1.30262e-05 8.64198e-07 3.66172e-08
 2.14788e-27 2.17964e-27 7.34199e-27 1.7665e-21 1.05061e-16 1.43652e-12 4.51571e-09 3.26352e-06 0.000542229 0.0207128 0.181901 0.367261 0.170901 0.0295886 0.0700421 0.0979201 0.0348165 0.0137937 0.00945499 0.00239717 0.000548628 0.000104046 1.26317e-05 8.96648e-07 3.00483e-08
 2.14936e-27 2.18332e-27 7.73371e-27 1.89939e-21 1.12964e-16 1.54459e-12 4.85542e-09 3.50903e-06 0.00058302 0.022271 0.195585 0.394888 0.183617 0.0280753 0.0524772 0.0731857 0.0264085 0.0116931 0.0082651 0.00225501 0.000580608 0.000101203 1.02292e-05 6.80501e-07 2.31804e-08
 2.15004e-27 2.18496e-27 7.9055e-27 1.95766e-21 1.16429e-16 1.59196e-12 5.00436e-09 3.61667e-06 0.000600904 0.0229541 0.201584 0.407001 0.189204 0.027747 0.0468221 0.0651652 0.0228974 0.00821575 0.00558365 0.00163804 0.000480273 9.17367e-05 1.00737e-05 6.2189e-07 1.87225e-08
 2.14918e-27 2.18283e-27 7.6776e-27 1.88034e-21 1.11831e-16 1.52909e-12 4.80671e-09 3.47382e-06 0.000577171 0.0220475 0.193623 0.390927 0.181808 0.0286783 0.0573519 0.079985 0.0278283 0.00909262 0.00596845 0.00160165 0.000413942 8.32638e-05 1.04193e-05 7.11646e-07 2.2037e-08
 2.14858e-27 2.18137e-27 7.52487e-27 1.82854e-21 1.0875e-16 1.48697e-12 4.67429e-09 3.37813e-06 0.000561271 0.0214402 0.188289 0.380158 0.176842 0.0290262 0.0627218 0.0875883 0.0309821 0.0117663 0.00799651 0.00205116 0.000476798 8.67889e-05 9.94937e-06 7.15113e-07 2.46522e-08
 2.14918e-27 2.18284e-27 7.681e-27 1.8815e-21 1.119e-16 1.53004e-12 4.80969e-09 3.47598e-06 0.000577529 0.0220612 0.193743 0.391169 0.18191 0.0284203 0.0557041 0.0777063 0.0276232 0.0109288 0.00753079 0.00201872 0.000505488 8.84444e-05 8.94851e-06 5.73102e-07 1.89686e-08
 2.14927e-27 2.18305e-27 7.70191e-27 1.88859e-21 1.12322e-16 1.5358e-12 4.8278e-09 3.48907e-06 0.000579703 0.0221443 0.194472 0.392642 0.182593 0.0284813 0.0556328 0.0775814 0.0272457 0.00972484 0.00654977 0.00178782 0.000466167 8.52574e-05 9.02353e-06 5.49535e-07 1.62242e-08
 2.14835e-27 2.18079e-27 7.46269e-27 1.80744e-21 1.07495e-16 1.46981e-12 4.62036e-09 3.33915e-06 0.000554794 0.0211928 0.186116 0.375771 0.174825 0.0293137 0.065799 0.0919119 0.0323196 0.0116647 0.00784951 0.00206669 0.000507037 9.37201e-05 1.04162e-05 6.66256e-07 1.99057e-08
 2.1474e-27 2.17847e-27 7.2185e-27 1.72462e-21 1.02569e-16 1.40245e-12 4.40864e-09 3.18613e-06 0.000529371 0.0202216 0.177587 0.358553 0.166887 0.0299228 0.0747072 0.104511 0.0373522 0.0154099 0.0106938 0.00280755 0.000679187 0.00012089 1.27757e-05 8.22665e-07 2.56166e-08
 2.14767e-27 2.17915e-27 7.29382e-27 1.75018e-21 1.0409e-16 1.42324e-12 4.47399e-09 3.23336e-06 0.000537219 0.0205214 0.18022 0.363868 0.169326 0.029422 0.0700483 0.0979838 0.0355818 0.0164581 0.0117473 0.00325029 0.000861441 0.000154951 1.59915e-05 9.87246e-07 2.98501e-08
 2.14821e-27 2.18047e-27 7.43211e-27 1.79708e-21 1.06879e-16 1.46138e-12 4.59388e-09 3.32001e-06 0.000551615 0.0210713 0.185049 0.373618 0.173822 0.0291251 0.0652968 0.091252 0.0327337 0.0138923 0.00979143 0.00281966 0.000802842 0.000152158 1.67396e-05 1.04415e-06 3.06557e-08
 2.14817e-27 2.18037e-27 7.42048e-27 1.79313e-21 1.06645e-16 1.45817e-12 4.58379e-09 3.31272e-06 0.000550403 0.021025 0.184643 0.372797 0.173448 0.0292544 0.0663332 0.0926985 0.0330526 0.0133964 0.00931977 0.00260532 0.000714716 0.000140354 1.66943e-05 1.11402e-06 3.4269e-08
 2.14804e-27 2.18005e-27 7.38652e-27 1.78162e-21 1.0596e-16 1.44881e-12 4.55435e-09 3.29144e-06 0.000546868 0.02089 0.183457 0.370403 0.172343 0.0293178 0.0674421 0.0942719 0.0337487 0.0141043 0.00986398 0.00272259 0.000727875 0.000139569 1.64098e-05 1.14522e-06 3.78642e-08
 2.14803e-27 2.18003e-27 7.38461e-27 1.78097e-21 1.05921e-16 1.44828e-12 4.55268e-09 3.29024e-06 0.000546668 0.0208824 0.18339 0.370268 0.172281 0.0293312 0.0675648 0.0944434 0.0337894 0.0140568 0.00982709 0.00272733 0.000733489 0.000138499 1.57544e-05 1.07331e-06 3.57537e-08
 2.14828e-27 2.18065e-27 7.45011e-27 1.80318e-21 1.07242e-16 1.46635e-12 4.60948e-09 3.33129e-06 0.000553488 0.0211429 0.185678 0.374887 0.174409 0.0291259 0.0649193 0.090711 0.0324241 0.013394 0.00934361 0.00257713 0.000686448 0.000129624 1.46857e-05 9.79122e-07 3.16833e-08
 2.14857e-27 2.18134e-27 7.52317e-27 1.82797e-21 1.08716e-16 1.4865e-12 4.67284e-09 3.37707e-06 0.000561096 0.0214335 0.18823 0.380039 0.176783 0.0289128 0.0620653 0.0866809 0.0309024 0.0125099 0.00869208 0.00240573 0.000644288 0.000121521 1.37362e-05 9.15116e-07 2.93458e-08
 2.14874e-27 2.18176e-27 7.56632e-27 1.8426e-21 1.09587e-16 1.4984e-12 4.71024e-09 3.4041e-06 0.000565587 0.021605 0.189737 0.383081 0.178186 0.02883 0.0606431 0.0846647 0.030034 0.0116849 0.00804173 0.00221186 0.000587009 0.000111043 1.26335e-05 8.42693e-07 2.69987e-08
 2.14847e-27 2.1811e-27 7.49571e-27 1.81864e-21 1.08162e-16 1.47892e-12 4.649e-09 3.35985e-06 0.000558234 0.0213241 0.18727 0.378101 0.175896 0.029151 0.0641035 0.0895299 0.0315847 0.0117298 0.00796313 0.00213329 0.000539964 0.000100287 1.12454e-05 7.48102e-07 2.39994e-08
 2.14888e-27 2.18212e-27 7.60472e-27 1.85563e-21 1.10361e-16 1.509e-12 4.74355e-09 3.42818e-06 0.000569586 0.0217578 0.191078 0.38579 0.179433 0.0286835 0.058932 0.082257 0.0292426 0.0115738 0.00796242 0.00209965 0.000513576 9.26743e-05 9.98238e-06 6.4876e-07 2.05946e-08
 2.14797e-27 2.17985e-27 7.36414e-27 1.77401e-21 1.05507e-16 1.44263e-12 4.53491e-09 3.27739e-06 0.000544534 0.0208008 0.182674 0.368822 0.171622 0.0295714 0.0694667 0.0970952 0.0343293 0.0129922 0.0088809 0.002433 0.000636315 0.000115146 1.21139e-05 7.63559e-07 2.35191e-08
 2.14718e-27 2.17795e-27 7.16558e-27 1.70667e-21 1.01502e-16 1.38786e-12 4.36277e-09 3.15298e-06 0.000523863 0.0200112 0.17574 0.354822 0.165164 0.0299481 0.0759857 0.10634 0.0383599 0.016944 0.0119527 0.00321571 0.000819371 0.000152601 1.69031e-05 1.07243e-06 3.22723e-08
 2.14741e-27 2.17854e-27 7.23076e-27 1.7288e-21 1.02818e-16 1.40586e-12 4.41932e-09 3.19386e-06 0.000530655 0.0202707 0.178018 0.359422 0.167273 0.0295001 0.0718646 0.100566 0.036789 0.0178576 0.0129126 0.00371824 0.00105424 0.000197053 2.15798e-05 1.40693e-06 4.372e-08
#obs catch len freq
 1.21822e-39 5.96234e-33 6.70892e-27 1.73553e-21 1.03219e-16 1.41133e-12 4.43652e-09 3.20629e-06 0.000532729 0.0203496 0.17871 0.36082 0.167919 0.0294707 0.0712643 0.0996945 0.0361098 0.0164425 0.0120469 0.00428372 0.00172031 0.00050752 0.000109487 1.46052e-05 1.00058e-06
 1.23237e-39 6.03157e-33 6.78683e-27 1.75569e-21 1.04417e-16 1.42772e-12 4.48804e-09 3.24352e-06 0.000538915 0.0205859 0.180785 0.36501 0.169851 0.0293435 0.0692245 0.0968081 0.0349415 0.0155258 0.0113022 0.00396483 0.00156006 0.000447876 9.38758e-05 1.21695e-05 8.06681e-07
 1.30785e-39 6.401e-33 7.2025e-27 1.86322e-21 1.10813e-16 1.51516e-12 4.76293e-09 3.44218e-06 0.000571923 0.0218467 0.191858 0.387365 0.180151 0.0283859 0.0566414 0.0790519 0.0284096 0.0122378 0.0088365 0.00305333 0.0011788 0.000332108 6.76821e-05 8.50079e-06 5.46591e-07
 1.14975e-39 5.62725e-33 6.33187e-27 1.638e-21 9.74177e-17 1.33201e-12 4.18719e-09 3.02609e-06 0.000502789 0.0192059 0.168666 0.340543 0.158602 0.0310041 0.0867364 0.121415 0.0425918 0.015068 0.0103741 0.00351399 0.00132478 0.000366086 7.28623e-05 8.90296e-06 5.54937e-07
 1.34635e-39 6.58946e-33 7.41457e-27 1.91808e-21 1.14075e-16 1.55977e-12 4.90316e-09 3.54353e-06 0.000588762 0.0224899 0.197507 0.39877 0.185393 0.0275708 0.048228 0.0672445 0.0249577 0.0132247 0.00975783 0.00296894 0.000978799 0.000260414 5.04324e-05 6.00738e-06 3.64375e-07
 1.38825e-39 6.7945e-33 7.64528e-27 1.97776e-21 1.17625e-16 1.60831e-12 5.05573e-09 3.65379e-06 0.000607082 0.0231898 0.203652 0.411178 0.191132 0.0276389 0.0449038 0.0624364 0.0215835 0.00661814 0.00445302 0.00170472 0.000695225 0.000170251 2.94357e-05 3.34752e-06 1.97341e-07
 1.25905e-39 6.1622e-33 6.93381e-27 1.79371e-21 1.06679e-16 1.45864e-12 4.58524e-09 3.31376e-06 0.000550587 0.0210317 0.1847 0.372915 0.173522 0.0297659 0.0694211 0.0969589 0.0332959 0.0094626 0.00597468 0.00169072 0.000522991 0.000151644 2.94082e-05 3.09329e-06 1.68857e-07
 1.26743e-39 6.20321e-33 6.97996e-27 1.80565e-21 1.07389e-16 1.46835e-12 4.61576e-09 3.33582e-06 0.000554251 0.0211717 0.18593 0.375397 0.174643 0.02908 0.0644861 0.0901043 0.0322634 0.0135039 0.00943251 0.00256813 0.000684585 0.000149162 2.53717e-05 2.95422e-06 1.63159e-07
 1.41595e-39 6.93008e-33 7.79784e-27 2.01723e-21 1.19972e-16 1.6404e-12 5.15661e-09 3.7267e-06 0.000619196 0.0236525 0.207716 0.419383 0.194902 0.0270196 0.0386505 0.0536641 0.0190642 0.00751521 0.00529991 0.00175665 0.000607065 0.000127914 1.74286e-05 1.64051e-06 8.87029e-08
 1.41571e-39 6.92893e-33 7.79654e-27 2.01689e-21 1.19952e-16 1.64013e-12 5.15576e-09 3.72608e-06 0.000619093 0.0236485 0.207682 0.419313 0.194884 0.0273985 0.0409844 0.0568904 0.0193423 0.00486557 0.00297842 0.000955027 0.000335702 8.55308e-05 1.37817e-05 1.17571e-06 5.16755e-08
 1.34758e-39 6.59546e-33 7.42132e-27 1.91983e-21 1.14179e-16 1.56119e-12 4.90763e-09 3.54675e-06 0.000589298 0.0225104 0.197687 0.399134 0.185595 0.0284805 0.053672 0.0747622 0.025495 0.00665777 0.00403965 0.00104067 0.000259572 6.22385e-05 1.09152e-05 1.09476e-06 4.97385e-08
 1.31663e-39 6.44397e-33 7.25086e-27 1.87573e-21 1.11557e-16 1.52533e-12 4.7949e-09 3.46529e-06 0.000575762 0.0219934 0.193146 0.389966 0.181366 0.0287285 0.0579487 0.0808266 0.0281309 0.0092221 0.00604409 0.00158058 0.000384218 7.31646e-05 9.80253e-06 9.63039e-07 4.86893e-08
 1.35729e-39 6.64299e-33 7.4748e-27 1.93366e-21 1.15002e-16 1.57245e-12 4.94299e-09 3.57231e-06 0.000593545 0.0226726 0.199111 0.40201 0.186907 0.0280194 0.0499903 0.0696263 0.0244096 0.00858037 0.00579455 0.00168404 0.000489308 9.57986e-05 1.15179e-05 8.85587e-07 3.88068e-08
 1.33064e-39 6.51255e-33 7.32803e-27 1.89569e-21 1.12744e-16 1.54157e-12 4.84594e-09 3.50217e-06 0.00058189 0.0222275 0.195202 0.394117 0.183278 0.0285521 0.0556208 0.077536 0.0268356 0.00831864 0.00544307 0.00164029 0.000514397 0.000113314 1.5603e-05 1.18105e-06 4.37858e-08
 1.28059e-39 6.26762e-33 7.05243e-27 1.8244e-21 1.08504e-16 1.48359e-12 4.66369e-09 3.37046e-06 0.000560006 0.0213915 0.18786 0.379295 0.17645 0.0291998 0.0640424 0.0894223 0.031248 0.0106547 0.00711639 0.00201738 0.00058411 0.00013312 2.02521e-05 1.73429e-06 6.83915e-08
 1.16295e-39 5.69183e-33 6.40454e-27 1.65679e-21 9.85358e-17 1.3473e-12 4.23524e-09 3.06082e-06 0.00050856 0.0194263 0.170602 0.344451 0.160397 0.0306827 0.0835966 0.117022 0.0414927 0.0160873 0.0111533 0.00331268 0.00101073 0.000219286 3.20039e-05 2.89954e-06 1.26807e-07
 1.25965e-39 6.1651e-33 6.93706e-27 1.79455e-21 1.06729e-16 1.45932e-12 4.5874e-09 3.31532e-06 0.000550845 0.0210416 0.184787 0.37309 0.173564 0.0287388 0.0630985 0.0882177 0.032527 0.0165877 0.0122336 0.00389686 0.00131313 0.000300789 4.48031e-05 3.92657e-06 1.73097e-07
 1.22452e-39 5.99319e-33 6.74363e-27 1.74451e-21 1.03753e-16 1.41863e-12 4.45948e-09 3.22287e-06 0.000535485 0.0204548 0.179634 0.362687 0.16879 0.0296894 0.0720364 0.100729 0.0357456 0.0139791 0.0100014 0.00374671 0.00151638 0.000381706 6.24146e-05 5.72559e-06 2.52268e-07
 1.2744e-39 6.23731e-33 7.01832e-27 1.81557e-21 1.07979e-16 1.47642e-12 4.64113e-09 3.35415e-06 0.000557297 0.021288 0.186952 0.37746 0.175588 0.0288305 0.0623408 0.0870957 0.0313936 0.0138078 0.009919 0.00319042 0.00116176 0.000339346 6.58682e-05 6.72915e-06 3.17621e-07
 1.2425e-39 6.08116e-33 6.84262e-27 1.77012e-21 1.05276e-16 1.43945e-12 4.52494e-09 3.27018e-06 0.000543345 0.0207551 0.182271 0.368011 0.171245 0.0295044 0.0693023 0.096869 0.034305 0.0131808 0.00927528 0.003175 0.00118544 0.000307826 5.92853e-05 7.02008e-06 3.78691e-07
 1.24665e-39 6.10151e-33 6.86552e-27 1.77604e-21 1.05628e-16 1.44427e-12 4.54008e-09 3.28113e-06 0.000545164 0.0208246 0.182881 0.369242 0.171805 0.0292729 0.0675184 0.0943879 0.0338888 0.0144869 0.0103357 0.00328559 0.00114896 0.000308189 5.77702e-05 6.54963e-06 3.79768e-07
 1.26051e-39 6.16932e-33 6.94182e-27 1.79578e-21 1.06802e-16 1.46032e-12 4.59054e-09 3.31759e-06 0.000551223 0.021056 0.184914 0.373346 0.173696 0.0290938 0.0651879 0.0910961 0.0326301 0.0137138 0.00982318 0.00330997 0.00121089 0.000306305 5.52871e-05 6.22136e-06 3.51881e-07
 1.25192e-39 6.1273e-33 6.89454e-27 1.78355e-21 1.06075e-16 1.45038e-12 4.55927e-09 3.295e-06 0.000547468 0.0209126 0.183654 0.370803 0.172527 0.0292822 0.0671048 0.0937874 0.0334351 0.0135496 0.00961809 0.00321317 0.00118366 0.000314076 5.71747e-05 6.16642e-06 3.40373e-07
 1.25202e-39 6.12778e-33 6.89508e-27 1.78369e-21 1.06083e-16 1.45049e-12 4.55963e-09 3.29526e-06 0.000547511 0.0209142 0.183669 0.370832 0.172539 0.0292343 0.0668033 0.0933716 0.0334147 0.0139441 0.00993484 0.00325113 0.00116803 0.000308719 5.75056e-05 6.35262e-06 3.44902e-07
 1.25194e-39 6.12736e-33 6.89461e-27 1.78357e-21 1.06076e-16 1.45039e-12 4.55932e-09 3.29503e-06 0.000547474 0.0209128 0.183656 0.370807 0.172527 0.0292339 0.0668085 0.0933783 0.0334073 0.0139121 0.00992846 0.00330193 0.00120063 0.000311291 5.69655e-05 6.34781e-06 3.51443e-07
 1.2573e-39 6.15363e-33 6.92416e-27 1.79121e-21 1.0653e-16 1.45661e-12 4.57886e-09 3.30915e-06 0.00054982 0.0210024 0.184443 0.372396 0.173259 0.029154 0.065842 0.0920164 0.0329321 0.0137519 0.00981852 0.00326322 0.00119095 0.000312895 5.72762e-05 6.28298e-06 3.46962e-07
 1.17916e-39 5.77118e-33 6.49382e-27 1.67989e-21 9.99094e-17 1.36608e-12 4.29428e-09 3.10349e-06 0.000515649 0.0196971 0.17298 0.349253 0.1626 0.0302478 0.0794945 0.111265 0.0397948 0.0165341 0.0117952 0.00392757 0.00143622 0.000377954 6.97137e-05 7.68949e-06 4.2168e-07
 1.18326e-39 5.79126e-33 6.51642e-27 1.68574e-21 1.00257e-16 1.37083e-12 4.30923e-09 3.11429e-06 0.000517443 0.0197657 0.173582 0.350468 0.163143 0.0297363 0.0760055 0.106424 0.0391257 0.0196088 0.0144909 0.00481535 0.0017563 0.000462891 8.56046e-05 9.48977e-06 5.232e-07
#spawning biomass
 4002.29 3492.59 3600.22 3363.07 4280.82 6532.42 7300.77 7950.97 12707 22136.4 31969.1 38068.9 48771.8 64109.8 67612.9 62374.5 53908.3 53311.9 56249 54873.1 52213.4 54693.5 61715.8 65255.9 70328.6 82721.1 85026.1 79200.2 74934.9 51687.3 14731.8 3476.38 2411.37 2344.22 2340.59 2340.41 2340.4 2340.4 2340.4 2340.4 2340.4 2340.4 2340.4 2340.4 2340.4 2340.4 2340.4 2340.4 2340.4 2340.4 2340.4 2340.4 2340.4 2340.4 2340.4 2340.4 2340.4 2340.4 2340.4 2340.4 2340.4 2340.4 2340.4 2340.4 2340.4 2340.4 2340.4 2340.4 2340.4 2340.4 2340.4 2340.4 2340.4 2340.4 2340.4 2340.4 2340.4 2340.4 2340.4 2340.4 2340.4 2340.4 2340.4 2340.4 2340.4 2340.4 2340.4 2340.4 2340.4 2340.4 2340.4 2340.4 2340.4 2340.4 2340.4 2340.4 2340.4 2340.4 2340.4 2340.4 2340.4 2340.4 2340.4 2340.4 2340.4 2340.4 2340.4 2340.4 2340.4 2340.4 2340.4 2340.4 2340.4 2340.4 2340.4 2340.4 2340.4 2340.4 2340.4 2340.4 2340.4 2340.4 2340.4 2340.4 2340.4 2340.4 2340.4 2340.4 0 0 0 0 0 0 0 0 0 0 0 0 0 0 0 0 0 0 0 0 0 0 0 0 0
