SBPRF35
2.83239
Curr Bio
91436.2
B35
2.23729e+06
F35
0.104528
FOFL
0
OFL
0
Bzero
809255
#pred survey bio
 8297.19 7317.19 6267.05 6287.73 8575.55 14578.1 22598.2 32060.9 40232.5 48795.5 65602.7 87299.2 130989 139673 143352 150345 139689 124438 119206 115597 130268 118429 125213 135357 138902 147980 125077 127172 110098 2.25126e+06 4.17106e+06 5.90611e+06 7.19838e+06 8.04002e+06 8.5019e+06 8.68185e+06 8.67164e+06 8.54467e+06 8.3544e+06 8.13718e+06 7.9162e+06 7.70523e+06 7.51167e+06 7.3345e+06 7.1584e+06 7.01285e+06 6.8925e+06 6.79294e+06 6.71055e+06 6.64236e+06 6.5859e+06 6.53914e+06 6.5004e+06 6.4683e+06 6.4417e+06 6.41964e+06 6.40134e+06 6.38616e+06 6.37357e+06 6.36311e+06 6.35443e+06 6.34721e+06 6.34121e+06 6.33622e+06 6.33207e+06 6.32861e+06 6.32573e+06 6.32333e+06 6.32132e+06 6.31965e+06 6.31825e+06 6.31708e+06 6.3161e+06 6.31527e+06 6.31458e+06 6.314e+06 6.31351e+06 6.3131e+06 6.31275e+06 6.31245e+06 6.3122e+06 6.31199e+06 6.31181e+06 6.31165e+06 6.31152e+06 6.31141e+06 6.31131e+06 6.31123e+06 6.31115e+06 6.31109e+06 6.31103e+06 6.31099e+06 6.31094e+06 6.31091e+06 6.31087e+06 6.31085e+06 6.31082e+06 6.3108e+06 6.31078e+06 6.31076e+06 6.31075e+06 6.31073e+06 6.31072e+06 6.31071e+06 6.3107e+06 6.31069e+06 6.31068e+06 6.31067e+06 6.31067e+06 6.31066e+06 6.31065e+06 6.31065e+06 6.31064e+06 6.31064e+06 6.31064e+06 6.31063e+06 6.31063e+06 6.31063e+06 6.31062e+06 6.31062e+06 6.31062e+06 6.31062e+06 6.31062e+06 6.31061e+06 6.31061e+06 6.31061e+06 6.31061e+06 6.31061e+06 6.31061e+06 0 0 0 0 0 0 0 0 0 0 0 0 0 0 0 0 0 0 0 0 0 0 0 0 0
#obs survey bio
 8387.38 8981.76 8297.9 9945.08 8165.85 17373.9 21183.3 37237.3 41857.2 61719.4 84221.1 74998.2 152456 178012 118869 140626 87878.8 116602 72628.4 83389 104299 104382 112480 181014 161699 153468 138924 120209 79276.7
#pred catch bio
 4138.73 3697.19 3345.34 2973.23 4227.74 9636.7 15206.5 22655.4 30023.5 34714.8 49569.4 60080.6 101190 107889 108613 120448 114876 99975.5 97032.8 90342 109548 97058.5 104063 115177 113537 130500 106884 112661 102395 0 18169.8 26331.3 32250.9 36072.9 38111.3 38820.9 38634.9 37902.8 36880.4 35741.8 34597.8 33513.9 32524.4 31626.3 30756.6 30036.7 29440.7 28947.3 28538.8 28200.7 27920.7 27689 27497.2 27338.3 27206.8 27098 27007.9 26933.3 26871.5 26820.4 26778.1 26743.1 26714.1 26690 26670.2 26653.7 26640.1 26628.8 26619.5 26611.7 26605.3 26600 26595.7 26592 26589 26586.5 26584.5 26582.8 26581.4 26580.2 26579.2 26578.4 26577.8 26577.2 26576.8 26576.4 26576.1 26575.8 26575.6 26575.4 26575.3 26575.2 26575.1 26575 26574.9 26574.8 26574.8 26574.8 26574.7 26574.7 26574.7 26574.7 26574.6 26574.6 26574.6 26574.6 26574.6 26574.6 26574.6 26574.6 26574.6 26574.6 26574.6 26574.6 26574.6 26574.6 26574.6 26574.6 26574.6 26574.6 26574.6 26574.6 26574.6 26574.6 26574.6 26574.6 26574.6 26574.6 26574.6 0 0 0 0 0 0 0 0 0 0 0 0 0 0 0 0 0 0 0 0 0 0 0 0 0
#obs catch bio
 3833.97 3370.94 3739.18 2627.95 3518.51 7206.11 12642.9 18606.4 24258.7 30163.5 43565.8 50637.2 96059 89059.7 96303.8 113072 110242 90423.6 92537.9 83072.7 99937.9 80959.1 92397.7 96908.3 93617.3 108819 91135 98805.8 95707.4
#pred cpue bio
 7062.59 6654.45 5397.16 4607.72 6044.57 8467.06 11886.9 18126 23080.3 25630.3 35227.9 41309.8 68527.7 77084.2 81245.3 87372.4 77338.9 66384.6 64693.7 59260.3 66392.4 58157.8 59050.6 60060 59918.2 71437.5 54213.5 54642.5 46908.1 741189 3.99881e+06 5.78248e+06 7.07413e+06 7.91574e+06 8.37761e+06 8.55757e+06 8.54736e+06 8.42039e+06 8.23012e+06 8.0129e+06 7.79191e+06 7.58095e+06 7.38739e+06 7.21021e+06 7.03412e+06 6.88857e+06 6.76821e+06 6.66865e+06 6.58627e+06 6.51808e+06 6.46162e+06 6.41486e+06 6.37612e+06 6.34402e+06 6.31741e+06 6.29536e+06 6.27706e+06 6.26188e+06 6.24929e+06 6.23883e+06 6.23014e+06 6.22293e+06 6.21693e+06 6.21194e+06 6.20779e+06 6.20433e+06 6.20145e+06 6.19905e+06 6.19704e+06 6.19537e+06 6.19397e+06 6.1928e+06 6.19181e+06 6.19099e+06 6.1903e+06 6.18972e+06 6.18923e+06 6.18882e+06 6.18847e+06 6.18817e+06 6.18792e+06 6.18771e+06 6.18753e+06 6.18737e+06 6.18724e+06 6.18712e+06 6.18703e+06 6.18694e+06 6.18687e+06 6.18681e+06 6.18675e+06 6.1867e+06 6.18666e+06 6.18662e+06 6.18659e+06 6.18656e+06 6.18654e+06 6.18652e+06 6.1865e+06 6.18648e+06 6.18646e+06 6.18645e+06 6.18644e+06 6.18642e+06 6.18641e+06 6.18641e+06 6.1864e+06 6.18639e+06 6.18638e+06 6.18638e+06 6.18637e+06 6.18637e+06 6.18636e+06 6.18636e+06 6.18635e+06 6.18635e+06 6.18635e+06 6.18634e+06 6.18634e+06 6.18634e+06 6.18634e+06 6.18633e+06 6.18633e+06 6.18633e+06 6.18633e+06 6.18633e+06 6.18633e+06 6.18633e+06 6.18632e+06 0 0 0 0 0 0 0 0 0 0 0 0 0 0 0 0 0 0 0 0 0 0 0 0 0
#obs cpue bio
 8535.85 6751.77 4500.52 5255.56 10445.3 17225.2 18811.6 40475.2 52862.5 31840.8 57838.5 65716 93059.1 125302 127770 155923 134495 109374 118888 113336 141057 127214 108029 98574.1 102016 148040 89792.2 95351.5 84121.5
#pred surv len freq
 8.79499e-12 9.55031e-10 6.1142e-08 2.30781e-06 5.13573e-05 0.000673852 0.00521398 0.0238147 0.0645311 0.106341 0.118751 0.120489 0.133846 0.130245 0.100825 0.0707865 0.0476242 0.0295881 0.0176589 0.0106862 0.0067988 0.00471973 0.00351582 0.00246807 0.00136954
 5.84007e-12 6.34162e-10 4.05997e-08 1.53244e-06 3.41027e-05 0.000447475 0.00346309 0.0158342 0.0431352 0.0729235 0.0899196 0.111521 0.143374 0.147737 0.11967 0.0893265 0.0641659 0.0421547 0.0253024 0.0140603 0.00754964 0.00423716 0.00261495 0.00164688 0.000880332
 9.18957e-12 9.97877e-10 6.3885e-08 2.41134e-06 5.36611e-05 0.000704065 0.00544717 0.0248663 0.0671959 0.109248 0.115203 0.101125 0.10001 0.101717 0.0960156 0.0868608 0.0708271 0.0506235 0.0326429 0.0189039 0.00978169 0.00470862 0.00230208 0.00118875 0.000571576
 1.35391e-11 1.47019e-09 9.41227e-08 3.55266e-06 7.90595e-05 0.00103729 0.00802482 0.0366225 0.0988162 0.159458 0.162482 0.127653 0.10632 0.0896177 0.0632806 0.0424714 0.0325597 0.0264882 0.0197847 0.0127278 0.00700783 0.00333062 0.00141937 0.000583627 0.000231808
 1.32713e-11 1.44111e-09 9.2261e-08 3.48239e-06 7.74958e-05 0.00101679 0.00786649 0.0359072 0.0969874 0.157322 0.164126 0.138758 0.126581 0.108689 0.0710898 0.0382798 0.0206824 0.0122314 0.0081592 0.00568056 0.00354602 0.00183547 0.000782596 0.000284771 9.23803e-05
 1.62227e-11 1.76159e-09 1.12779e-07 4.25683e-06 9.47297e-05 0.00124289 0.00961508 0.0438736 0.118295 0.190195 0.190524 0.141097 0.106859 0.0840529 0.0544183 0.0295918 0.0153116 0.00747838 0.00352728 0.00181385 0.00103872 0.000574176 0.0002656 9.75374e-05 2.86691e-05
 1.65588e-11 1.79809e-09 1.15115e-07 4.34503e-06 9.66924e-05 0.00126864 0.00981449 0.0447872 0.12081 0.194654 0.196926 0.150731 0.11903 0.0913509 0.0498783 0.0168035 0.00338701 0.000415111 3.60317e-05 4.53721e-06 1.40743e-06 6.07536e-07 2.70557e-07 1.03478e-07 3.06576e-08
 1.5651e-11 1.69951e-09 1.08804e-07 4.10681e-06 9.13912e-05 0.0011991 0.00927666 0.0423378 0.11427 0.184658 0.189358 0.151555 0.127581 0.101082 0.0556232 0.0187374 0.0037502 0.000443359 3.09566e-05 1.28111e-06 3.18848e-08 5.16781e-10 1.26179e-11 2.45853e-12 7.01326e-13
 1.54518e-11 1.67788e-09 1.07419e-07 4.05454e-06 9.0228e-05 0.00118383 0.00915865 0.0418003 0.112835 0.182464 0.187696 0.15173 0.129449 0.103211 0.0568853 0.0191687 0.0038366 0.000453508 3.16472e-05 1.3069e-06 3.22376e-08 4.90275e-10 5.03756e-12 4.14657e-14 3.09947e-16
 1.6573e-11 1.79963e-09 1.15214e-07 4.34875e-06 9.67752e-05 0.00126973 0.0098229 0.0448255 0.120913 0.194812 0.197054 0.150745 0.118937 0.0912273 0.0497807 0.0167393 0.00334865 0.000395648 2.75717e-05 1.13307e-06 2.7469e-08 3.93429e-10 3.34696e-12 1.72314e-14 5.70367e-17
 1.63098e-11 1.77105e-09 1.13384e-07 4.27969e-06 9.52385e-05 0.00124957 0.00966699 0.0441155 0.119017 0.191914 0.194857 0.150976 0.121404 0.0940402 0.0514482 0.0173094 0.00346306 0.000409177 2.85151e-05 1.1719e-06 2.84164e-08 4.07306e-10 3.47421e-12 1.80458e-14 6.12479e-17
 1.76811e-11 1.91996e-09 1.22917e-07 4.63952e-06 0.000103246 0.00135462 0.0104794 0.0478153 0.128896 0.207015 0.206302 0.149771 0.108548 0.0793835 0.0427596 0.0143391 0.00286692 0.00033869 2.36005e-05 9.69661e-07 2.34895e-08 3.35508e-10 2.82615e-12 1.40501e-14 4.13361e-17
 1.66196e-11 1.80469e-09 1.15538e-07 4.36099e-06 9.70475e-05 0.0012733 0.00985052 0.0449513 0.121249 0.195325 0.197443 0.150704 0.1185 0.090729 0.0494853 0.0166383 0.00332837 0.000393247 2.74035e-05 1.12602e-06 2.72868e-08 3.90234e-10 3.30196e-12 1.66806e-14 5.18661e-17
 1.59678e-11 1.73391e-09 1.11007e-07 4.18994e-06 9.32412e-05 0.00122337 0.00946436 0.0431926 0.116553 0.188147 0.192003 0.151277 0.124611 0.0976962 0.0536154 0.0180503 0.00361172 0.000426744 2.97371e-05 1.22179e-06 2.95964e-08 4.2269e-10 3.55921e-12 1.76709e-14 5.17397e-17
 1.56178e-11 1.69591e-09 1.08573e-07 4.09811e-06 9.11976e-05 0.00119656 0.00925702 0.0422483 0.114031 0.184293 0.189082 0.151585 0.127893 0.101437 0.055833 0.0188083 0.00376387 0.000444731 3.09907e-05 1.2733e-06 3.08445e-08 4.40532e-10 3.70996e-12 1.84285e-14 5.40546e-17
 1.52701e-11 1.65815e-09 1.06156e-07 4.00686e-06 8.91671e-05 0.00116992 0.00905102 0.0413101 0.111526 0.180464 0.18618 0.151891 0.131153 0.105154 0.0580363 0.0195615 0.00391503 0.000462604 3.22367e-05 1.32455e-06 3.20906e-08 4.58572e-10 3.86921e-12 1.93506e-14 5.81407e-17
 1.59268e-11 1.72946e-09 1.10722e-07 4.17919e-06 9.30019e-05 0.00122023 0.00944008 0.0430821 0.116257 0.187696 0.191661 0.151313 0.124996 0.0981342 0.0538751 0.018139 0.00362954 0.00042885 2.98839e-05 1.22782e-06 2.97425e-08 4.24778e-10 3.57683e-12 1.77589e-14 5.20033e-17
 1.63892e-11 1.77968e-09 1.13937e-07 4.30053e-06 9.57023e-05 0.00125565 0.00971404 0.0443298 0.119589 0.192788 0.19552 0.150906 0.12066 0.0931914 0.050945 0.0171373 0.00342851 0.000405083 2.82275e-05 1.15976e-06 2.80938e-08 4.01227e-10 3.37839e-12 1.67714e-14 4.90871e-17
 1.61797e-11 1.75692e-09 1.1248e-07 4.24554e-06 9.44785e-05 0.0012396 0.00958988 0.0437643 0.118079 0.19048 0.193771 0.151091 0.122625 0.0954315 0.0522729 0.0175913 0.00351961 0.000415854 2.89782e-05 1.19061e-06 2.88409e-08 4.11898e-10 3.46824e-12 1.72175e-14 5.03935e-17
 1.68504e-11 1.82975e-09 1.17142e-07 4.42153e-06 9.83948e-05 0.00129098 0.00998721 0.0455739 0.122911 0.197866 0.199369 0.150501 0.116337 0.0882628 0.0480233 0.0161385 0.00322805 0.000381384 2.6576e-05 1.0919e-06 2.645e-08 3.77751e-10 3.18072e-12 1.57901e-14 4.62151e-17
 1.69151e-11 1.83678e-09 1.17592e-07 4.43852e-06 9.8773e-05 0.00129594 0.0100256 0.0457486 0.123377 0.198579 0.199909 0.150444 0.115729 0.0875706 0.047613 0.0159983 0.0031999 0.000378056 2.6344e-05 1.08237e-06 2.62191e-08 3.74455e-10 3.15298e-12 1.56527e-14 4.58162e-17
 1.73112e-11 1.87979e-09 1.20346e-07 4.54246e-06 0.000101086 0.00132628 0.0102602 0.0468173 0.126231 0.202941 0.203215 0.150096 0.112016 0.083337 0.0451033 0.0151403 0.00302771 0.000357699 2.49253e-05 1.02408e-06 2.48071e-08 3.54288e-10 2.98315e-12 1.48092e-14 4.3344e-17
 1.77136e-11 1.92348e-09 1.23143e-07 4.64804e-06 0.000103435 0.00135711 0.0104986 0.0479029 0.12913 0.207372 0.206573 0.149742 0.108243 0.0790362 0.0425537 0.0142687 0.00285279 0.000337019 2.34841e-05 9.64868e-07 2.33727e-08 3.33802e-10 2.81066e-12 1.39529e-14 4.08377e-17
 1.82683e-11 1.98372e-09 1.26999e-07 4.79359e-06 0.000106674 0.0013996 0.0108272 0.0493995 0.133126 0.213481 0.211202 0.149254 0.103043 0.0731072 0.0390391 0.0130672 0.00261166 0.000308511 2.14973e-05 8.83236e-07 2.13952e-08 3.0556e-10 2.57286e-12 1.27724e-14 3.73826e-17
 1.85062e-11 2.00955e-09 1.28653e-07 4.85601e-06 0.000108063 0.00141783 0.0109681 0.0500414 0.134839 0.216101 0.213188 0.149045 0.100812 0.0705647 0.0375318 0.012552 0.00250825 0.000296285 2.06453e-05 8.48229e-07 2.05472e-08 2.93449e-10 2.47088e-12 1.22662e-14 3.59009e-17
 1.74848e-11 1.89864e-09 1.21552e-07 4.588e-06 0.000102099 0.00133958 0.010363 0.0472855 0.127481 0.204853 0.204663 0.149943 0.110389 0.0814819 0.0440036 0.0147644 0.00295227 0.00034878 2.43037e-05 9.98543e-07 2.41884e-08 3.45452e-10 2.90875e-12 1.44399e-14 4.2263e-17
 1.84665e-11 2.00525e-09 1.28378e-07 4.84562e-06 0.000107832 0.00141479 0.0109447 0.0499344 0.134554 0.215664 0.212857 0.14908 0.101184 0.0709882 0.0377829 0.0126378 0.00252547 0.000298322 2.07872e-05 8.5406e-07 2.06885e-08 2.95467e-10 2.48787e-12 1.23505e-14 3.61478e-17
 1.85385e-11 2.01306e-09 1.28878e-07 4.86449e-06 0.000108252 0.0014203 0.0109873 0.0501285 0.135072 0.216456 0.213457 0.149017 0.10051 0.0702195 0.0373272 0.012482 0.00249421 0.000294626 2.05296e-05 8.43476e-07 2.04321e-08 2.91805e-10 2.45704e-12 1.21975e-14 3.56998e-17
 1.86071e-11 2.02051e-09 1.29355e-07 4.88249e-06 0.000108653 0.00142556 0.0110279 0.0503136 0.135566 0.217212 0.21403 0.148956 0.0998662 0.0694861 0.0368924 0.0123334 0.00246438 0.000291099 2.02838e-05 8.33378e-07 2.01875e-08 2.88311e-10 2.42762e-12 1.20514e-14 3.52724e-17
#obs surv len freq
 2.46516e-11 2.38166e-09 1.3566e-07 4.55579e-06 9.02019e-05 0.00105298 0.00724849 0.0294477 0.0709201 0.103666 0.102774 0.0957443 0.105474 0.110936 0.10324 0.0899411 0.0711176 0.0497561 0.0310186 0.0168499 0.00749631 0.0025208 0.000596111 9.40926e-05 9.57575e-06
 4.56785e-12 4.25658e-10 2.33856e-08 7.57496e-07 1.44672e-05 0.000162969 0.00108474 0.00430782 0.0107219 0.0203676 0.0417391 0.0872499 0.138553 0.161414 0.157226 0.137052 0.103023 0.0671498 0.0390582 0.0197082 0.00805993 0.00248226 0.000538833 7.82552e-05 7.3286e-06
 8.56258e-11 7.6827e-09 4.06407e-07 1.2675e-05 0.000233062 0.00252659 0.0161489 0.0608583 0.13527 0.17765 0.139398 0.0709269 0.0395239 0.0515677 0.0772792 0.0840106 0.0659984 0.0412404 0.0221181 0.0101631 0.00377819 0.00105709 0.00020853 2.75777e-05 2.35809e-06
 1.10137e-10 9.49928e-09 4.83046e-07 1.44819e-05 0.000255978 0.0026677 0.0163946 0.0594695 0.127957 0.167569 0.150236 0.126864 0.118598 0.0915991 0.0516465 0.0290545 0.0226508 0.0176045 0.0105491 0.00475393 0.00162271 0.000409086 7.26419e-05 8.67297e-06 6.71679e-07
 1.39411e-10 1.15408e-08 5.63264e-07 1.6208e-05 0.000274971 0.00275045 0.0162243 0.0564976 0.116805 0.147655 0.130374 0.113749 0.115924 0.109086 0.0868521 0.0570022 0.0284901 0.0113114 0.00444027 0.00178868 0.000593522 0.000140966 2.28372e-05 2.45673e-06 1.71214e-07
 2.24968e-10 1.78487e-08 8.34898e-07 2.30249e-05 0.000374373 0.00358895 0.0202891 0.0677029 0.134032 0.161648 0.13414 0.10743 0.102424 0.094094 0.0761107 0.0527708 0.028678 0.0117024 0.00370766 0.000990276 0.00023712 4.7686e-05 7.0394e-06 6.96067e-07 4.42018e-08
 2.75359e-10 2.09093e-08 9.36092e-07 2.4708e-05 0.000384504 0.00352806 0.0190936 0.0610548 0.116436 0.138809 0.125094 0.121535 0.126741 0.111555 0.0822566 0.0521422 0.026603 0.0105166 0.00325936 0.00079242 0.000149519 2.19376e-05 2.47492e-06 2.03695e-07 1.14076e-08
 4.49634e-10 3.26358e-08 1.39659e-06 3.52356e-05 0.000524129 0.00459686 0.0237776 0.0726428 0.13209 0.148665 0.122404 0.106706 0.108168 0.102016 0.0833223 0.0549821 0.026906 0.00971664 0.00272286 0.000605921 0.00010389 1.31374e-05 1.18993e-06 7.58838e-08 3.34657e-09
 6.15101e-10 4.26237e-08 1.74139e-06 4.19449e-05 0.000595676 0.00498795 0.0246379 0.0719511 0.125715 0.13935 0.122244 0.119692 0.122297 0.10585 0.0781853 0.048772 0.0237906 0.00879375 0.00247529 0.000526628 8.28918e-05 9.4274e-06 7.54658e-07 4.13697e-08 1.51759e-09
 8.89912e-10 5.88072e-08 2.29114e-06 5.26277e-05 0.00071273 0.00569147 0.026812 0.0747106 0.124832 0.1337 0.116897 0.116997 0.122303 0.110505 0.0843095 0.050766 0.022309 0.00718963 0.00179592 0.000354507 5.30235e-05 5.68077e-06 4.18851e-07 2.07171e-08 6.74729e-10
 1.59016e-09 1.00102e-07 3.71519e-06 8.12943e-05 0.00104879 0.00797803 0.0357992 0.094973 0.15072 0.15159 0.120417 0.108104 0.10588 0.0924191 0.0684125 0.0396313 0.016586 0.00499911 0.00113138 0.000196951 2.59775e-05 2.50464e-06 1.69493e-07 7.75045e-09 2.32375e-10
 1.95612e-09 1.17189e-07 4.13917e-06 8.61952e-05 0.0010583 0.0076623 0.0327422 0.082944 0.127422 0.13166 0.1237 0.132491 0.130522 0.103981 0.0691017 0.0368244 0.0145418 0.0041892 0.000903374 0.000146909 1.7613e-05 1.51113e-06 9.03626e-08 3.67287e-09 9.90104e-11
 2.98288e-09 1.69908e-07 5.70596e-06 0.000112976 0.00131886 0.00907896 0.0368863 0.0888357 0.129684 0.127125 0.113667 0.119749 0.123821 0.109543 0.078813 0.0416463 0.0150979 0.00379951 0.000704137 0.000100288 1.08291e-05 8.46691e-07 4.59244e-08 1.67567e-09 4.02368e-11
 3.51136e-09 1.90007e-07 6.0618e-06 0.00011402 0.00126453 0.00827154 0.0319643 0.0735911 0.105228 0.110631 0.120582 0.142821 0.144709 0.119803 0.0809511 0.041037 0.0146068 0.00365766 0.000664011 8.84244e-05 8.52824e-06 5.84499e-07 2.79192e-08 9.07911e-10 1.95893e-11
 5.00137e-09 2.56898e-07 7.77989e-06 0.000138909 0.00146239 0.00908066 0.0333165 0.0728797 0.0993608 0.100932 0.109179 0.132745 0.14558 0.133518 0.0947304 0.0470185 0.0157152 0.00363645 0.000612913 7.69321e-05 7.03627e-06 4.51621e-07 1.97309e-08 5.74523e-10 1.09776e-11
 9.73302e-09 4.74238e-07 1.36234e-05 0.000230738 0.0023042 0.0135712 0.0472133 0.0977637 0.125129 0.115871 0.110597 0.122081 0.125679 0.109933 0.0756396 0.0373625 0.0128514 0.00313391 0.000550624 6.90638e-05 6.05623e-06 3.64766e-07 1.48548e-08 4.01808e-10 7.08491e-12
 1.24069e-08 5.73093e-07 1.56073e-05 0.000250599 0.00237262 0.013253 0.0437994 0.0868684 0.110531 0.113793 0.129553 0.147849 0.139006 0.106881 0.065273 0.0290488 0.00907441 0.00204164 0.000341935 4.22986e-05 3.71196e-06 2.21868e-07 8.77915e-09 2.25778e-10 3.7266e-12
 2.0905e-08 9.14954e-07 2.36096e-05 0.000359193 0.00322221 0.0170519 0.0533607 0.099934 0.118606 0.110393 0.114412 0.12994 0.131824 0.110339 0.0693212 0.0301018 0.00891687 0.00186971 0.000288347 3.28019e-05 2.67821e-06 1.51628e-07 5.7688e-09 1.43597e-10 2.28929e-12
 2.50156e-08 1.03697e-06 2.53432e-05 0.000365188 0.00310321 0.0155652 0.0463019 0.0836092 0.10153 0.110812 0.135632 0.153379 0.140998 0.106777 0.0635605 0.0275813 0.00852683 0.00189451 0.000301731 3.37841e-05 2.60637e-06 1.36457e-07 4.77708e-09 1.09942e-10 1.63443e-12
 4.8982e-08 1.92244e-06 4.44844e-05 0.000606899 0.00488237 0.0231752 0.0651114 0.109978 0.120054 0.10862 0.113861 0.1285 0.128627 0.103559 0.0604943 0.0241896 0.00671005 0.00135616 0.000205033 2.26373e-05 1.74134e-06 8.97352e-08 3.02086e-09 6.54056e-11 9.01258e-13
 6.62019e-08 2.45948e-06 5.38717e-05 0.000695732 0.00529893 0.0238291 0.0636389 0.103803 0.116433 0.121674 0.140805 0.14624 0.123003 0.0848877 0.0456299 0.0178374 0.004992 0.00101119 0.000147951 1.53482e-05 1.10404e-06 5.38409e-08 1.73787e-09 3.62759e-11 4.80404e-13
 9.68193e-08 3.4043e-06 7.0573e-05 0.000862611 0.00621825 0.0264694 0.0669498 0.103675 0.111442 0.114065 0.13269 0.144052 0.130386 0.0931895 0.0480134 0.0169198 0.00414371 0.000740992 9.92656e-05 9.7264e-06 6.65839e-07 3.06524e-08 9.25225e-10 1.79995e-11 2.22716e-13
 1.47521e-07 4.90888e-06 9.63067e-05 0.00111405 0.00760086 0.0306346 0.0734988 0.108846 0.115072 0.119999 0.13837 0.143077 0.121866 0.0821599 0.0402573 0.0136018 0.00319141 0.000536367 6.55074e-05 5.74343e-06 3.52873e-07 1.48034e-08 4.13126e-10 7.4863e-12 8.63625e-14
 2.25662e-07 7.10637e-06 0.000131942 0.00144444 0.00932727 0.0355901 0.0809508 0.114336 0.117556 0.121966 0.138448 0.139617 0.1158 0.0752547 0.0352054 0.0113477 0.00255243 0.000412364 4.81122e-05 3.9676e-06 2.24851e-07 8.55862e-09 2.1488e-10 3.50329e-12 3.6569e-14
 2.48406e-07 7.40351e-06 0.000130097 0.00134808 0.00824303 0.0298452 0.0650439 0.0917461 0.105694 0.131696 0.159736 0.157701 0.124969 0.0769314 0.0339759 0.0103477 0.00220543 0.000338305 3.74702e-05 2.9267e-06 1.56402e-07 5.57445e-09 1.29857e-10 1.94521e-12 1.84966e-14
 4.08894e-07 1.15347e-05 0.000191847 0.00188152 0.0108874 0.0372773 0.0765603 0.100311 0.103847 0.117566 0.141877 0.150429 0.128874 0.0816581 0.03558 0.01052 0.00216954 0.000320567 3.38866e-05 2.50265e-06 1.2568e-07 4.19469e-09 9.12768e-11 1.27386e-12 1.12483e-14
 5.56694e-07 1.48658e-05 0.000234056 0.00217318 0.0119103 0.0387032 0.0761516 0.0991948 0.110788 0.135239 0.156332 0.148071 0.113709 0.0675292 0.0289701 0.00877211 0.0018863 0.000287349 3.04185e-05 2.18725e-06 1.04872e-07 3.30141e-09 6.72488e-11 8.74461e-13 7.17404e-15
 7.02667e-07 1.77644e-05 0.000264801 0.00232794 0.0120851 0.0372679 0.0701713 0.0902456 0.105639 0.136146 0.162025 0.157847 0.121562 0.0687021 0.0268294 0.0072429 0.00140355 0.000199943 2.0552e-05 1.46104e-06 6.91309e-08 2.12093e-09 4.14859e-11 5.11481e-13 3.94134e-15
 1.15274e-06 2.75942e-05 0.000389468 0.00324193 0.0159347 0.0465135 0.0827894 0.100124 0.109415 0.133402 0.154562 0.148994 0.112714 0.0616318 0.023088 0.00593732 0.0010795 0.000141349 1.32128e-05 8.59972e-07 3.79021e-08 1.10183e-09 2.06399e-11 2.44472e-13 1.80533e-15
#pred catch len freq
 7.29548e-13 7.92204e-11 5.0718e-09 1.91443e-07 4.26116e-06 5.59667e-05 0.000435282 0.00204021 0.00624256 0.0160296 0.0443459 0.107934 0.178737 0.193087 0.152864 0.107963 0.0727912 0.0452516 0.0270096 0.0163446 0.0103987 0.00721878 0.0053774 0.00377489 0.00209469
 4.00524e-13 4.34922e-11 2.78445e-09 1.05107e-07 2.33984e-06 3.07561e-05 0.000240168 0.00114796 0.00381021 0.0119044 0.0392129 0.10159 0.171337 0.188279 0.154709 0.11603 0.0835092 0.0548919 0.0329499 0.0183098 0.00983132 0.00551773 0.00340525 0.0021446 0.00114639
 8.07305e-13 8.76637e-11 5.61234e-09 2.11843e-07 4.71485e-06 6.19005e-05 0.000480444 0.00222898 0.00651419 0.0145518 0.0338906 0.0769972 0.129116 0.1529 0.148824 0.135407 0.110549 0.079034 0.0509629 0.0295128 0.0152711 0.00735106 0.003594 0.00185587 0.000892341
 1.65316e-12 1.79513e-10 1.14926e-08 4.33797e-07 9.65434e-06 0.000126724 0.000982519 0.0045339 0.0129203 0.0263931 0.0529421 0.109308 0.171857 0.178612 0.132197 0.0896391 0.0689075 0.0560915 0.0418988 0.026954 0.0148407 0.00705334 0.00300584 0.00123596 0.000490906
 1.68088e-12 1.82524e-10 1.16854e-08 4.41073e-07 9.81648e-06 0.000128865 0.000999631 0.00462474 0.0133403 0.0284813 0.0616742 0.1331 0.210434 0.213596 0.144944 0.0787039 0.0426457 0.025245 0.016843 0.0117264 0.00732001 0.00378894 0.0016155 0.000587849 0.000190699
 7.52643e-12 8.1728e-10 5.23231e-08 1.97494e-06 4.39501e-05 0.000576683 0.00446294 0.0204032 0.0555458 0.0936133 0.114075 0.138054 0.171895 0.165279 0.112116 0.0614153 0.0317746 0.015511 0.00731448 0.00376112 0.00215381 0.00119056 0.000550724 0.000202245 5.94457e-05
 1.00124e-11 1.08722e-09 6.96051e-08 2.62725e-06 5.84662e-05 0.000767139 0.00593626 0.0271245 0.073649 0.12256 0.142282 0.156466 0.180373 0.161299 0.091364 0.0310116 0.00625994 0.000767323 6.65532e-05 8.36168e-06 2.5911e-06 1.11838e-06 4.98054e-07 1.90487e-07 5.6436e-08
 9.26023e-12 1.00555e-09 6.43763e-08 2.42989e-06 5.40744e-05 0.00070952 0.00549068 0.0250953 0.068231 0.114281 0.136022 0.157174 0.187497 0.169389 0.096116 0.0325807 0.0065289 0.000772049 5.39088e-05 2.23092e-06 5.55178e-08 8.99378e-10 2.19059e-11 4.26277e-12 1.21597e-12
 1.02234e-11 1.11014e-09 7.10719e-08 2.68261e-06 5.96983e-05 0.000783303 0.00606126 0.0276939 0.0751695 0.124888 0.144061 0.156328 0.178468 0.159094 0.0900132 0.0304939 0.00610978 0.000722358 5.04101e-05 2.08171e-06 5.13461e-08 7.80681e-10 8.01583e-12 6.58969e-14 4.91981e-16
 1.13106e-11 1.2282e-09 7.86302e-08 2.9679e-06 6.60469e-05 0.000866593 0.00670535 0.0306273 0.083002 0.136861 0.153135 0.155372 0.168275 0.147474 0.083124 0.028138 0.0056363 0.00066611 4.64219e-05 1.90774e-06 4.62492e-08 6.62405e-10 5.63493e-12 2.90063e-14 9.59673e-17
 1.20546e-11 1.30899e-09 8.38025e-08 3.16313e-06 7.03913e-05 0.000923589 0.00714612 0.0326347 0.0883619 0.145054 0.159344 0.154718 0.1613 0.139522 0.0784099 0.0265264 0.00531288 0.000627876 4.37578e-05 1.79836e-06 4.36066e-08 6.25025e-10 5.331e-12 2.76852e-14 9.39122e-17
 1.28952e-11 1.40026e-09 8.9646e-08 3.38369e-06 7.52995e-05 0.000987982 0.00764408 0.0349025 0.0944173 0.15431 0.166359 0.153979 0.153419 0.130538 0.073084 0.0247057 0.00494744 0.000584658 4.07426e-05 1.67399e-06 4.05515e-08 5.79209e-10 4.87896e-12 2.42555e-14 7.13591e-17
 1.30009e-11 1.41174e-09 9.0381e-08 3.41143e-06 7.59168e-05 0.000996081 0.00770671 0.0351878 0.0951789 0.155475 0.167242 0.153886 0.152428 0.129408 0.0724141 0.0244767 0.00490149 0.000579231 4.03654e-05 1.65865e-06 4.01938e-08 5.74817e-10 4.8637e-12 2.45683e-14 7.6373e-17
 1.19015e-11 1.29236e-09 8.2738e-08 3.12295e-06 6.94972e-05 0.000911859 0.00705541 0.0322215 0.0872588 0.143368 0.158066 0.154853 0.162735 0.141159 0.0793801 0.026858 0.0053794 0.000635727 4.43016e-05 1.8202e-06 4.40922e-08 6.29718e-10 5.30247e-12 2.63259e-14 7.70809e-17
 1.08789e-11 1.18132e-09 7.56293e-08 2.85463e-06 6.35262e-05 0.000833523 0.00644962 0.0294626 0.0798921 0.132107 0.149532 0.155752 0.172322 0.152088 0.0858592 0.029073 0.00582393 0.000688281 4.79642e-05 1.9707e-06 4.77383e-08 6.81816e-10 5.74194e-12 2.85219e-14 8.36597e-17
 1.15011e-11 1.24888e-09 7.99547e-08 3.01789e-06 6.71593e-05 0.000881188 0.00681822 0.0311413 0.0843744 0.138959 0.154725 0.155205 0.166489 0.145438 0.0819169 0.0277253 0.00555346 0.000656307 4.57364e-05 1.87924e-06 4.55293e-08 6.50609e-10 5.48948e-12 2.7453e-14 8.24761e-17
 1.30206e-11 1.41388e-09 9.05177e-08 3.4166e-06 7.60318e-05 0.000997588 0.00771837 0.0352409 0.0953207 0.155691 0.167406 0.153869 0.152243 0.129197 0.0722894 0.0244341 0.00489292 0.000578213 4.02933e-05 1.65551e-06 4.01029e-08 5.72744e-10 4.82277e-12 2.3945e-14 7.01178e-17
 1.3315e-11 1.44585e-09 9.25649e-08 3.49386e-06 7.77512e-05 0.00102015 0.00789282 0.0360354 0.0974421 0.158934 0.169863 0.15361 0.149482 0.12605 0.0704236 0.0237962 0.00476491 0.000563079 3.92386e-05 1.61218e-06 3.9053e-08 5.57743e-10 4.69628e-12 2.33138e-14 6.82356e-17
 1.32201e-11 1.43554e-09 9.19046e-08 3.46894e-06 7.71966e-05 0.00101287 0.00783655 0.0357791 0.0967578 0.157888 0.169071 0.153693 0.150373 0.127065 0.0710255 0.024002 0.0048062 0.00056796 3.95788e-05 1.62616e-06 3.93916e-08 5.6258e-10 4.737e-12 2.3516e-14 6.88286e-17
 1.35783e-11 1.47444e-09 9.43948e-08 3.56293e-06 7.92883e-05 0.00104031 0.00804876 0.0367456 0.0993384 0.161833 0.17206 0.153378 0.147014 0.123236 0.0687558 0.0232261 0.00465048 0.000549551 3.82958e-05 1.57344e-06 3.81146e-08 5.44342e-10 4.58344e-12 2.27536e-14 6.65963e-17
 1.47956e-11 1.60662e-09 1.02857e-07 3.88235e-06 8.63964e-05 0.00113357 0.00876991 0.0400299 0.108108 0.175238 0.18222 0.152308 0.135601 0.110225 0.0610428 0.0205893 0.0041213 0.000486988 3.39357e-05 1.3943e-06 3.37751e-08 4.82367e-10 4.06162e-12 2.01635e-14 5.90197e-17
 1.49993e-11 1.62874e-09 1.04273e-07 3.9358e-06 8.75858e-05 0.00114917 0.00889059 0.0405795 0.109575 0.177481 0.18392 0.152129 0.133692 0.108048 0.0597521 0.0201481 0.00403275 0.00047652 3.32061e-05 1.36432e-06 3.30489e-08 4.71995e-10 3.97426e-12 1.97294e-14 5.77445e-17
 1.57532e-11 1.71061e-09 1.09515e-07 4.13363e-06 9.1988e-05 0.00120693 0.00933721 0.0426136 0.115007 0.185784 0.190212 0.151466 0.126623 0.0999901 0.0549753 0.0185151 0.00370502 0.000437774 3.05058e-05 1.25337e-06 3.03613e-08 4.33612e-10 3.65107e-12 1.8125e-14 5.30487e-17
 1.6774e-11 1.82145e-09 1.16611e-07 4.40149e-06 9.79489e-05 0.00128513 0.00994197 0.0453678 0.122361 0.197025 0.198731 0.150568 0.117053 0.0890791 0.0485072 0.016304 0.00326125 0.000385309 2.68495e-05 1.10314e-06 2.67222e-08 3.81639e-10 3.21345e-12 1.59525e-14 4.66902e-17
 1.66776e-11 1.81099e-09 1.15941e-07 4.37619e-06 9.73859e-05 0.00127774 0.00988485 0.0451077 0.121666 0.195963 0.197927 0.150653 0.117957 0.0901096 0.0491181 0.0165128 0.00330316 0.000390264 2.71948e-05 1.11733e-06 2.70659e-08 3.86548e-10 3.25479e-12 1.61577e-14 4.72907e-17
 1.61554e-11 1.75428e-09 1.12311e-07 4.23918e-06 9.43368e-05 0.00123774 0.00957551 0.0436988 0.117904 0.190213 0.193569 0.151112 0.122852 0.0956908 0.0524266 0.0176438 0.00353016 0.000417101 2.90651e-05 1.19418e-06 2.89274e-08 4.13133e-10 3.47863e-12 1.7269e-14 5.05432e-17
 1.7078e-11 1.85447e-09 1.18725e-07 4.48126e-06 9.9724e-05 0.00130842 0.0101221 0.046188 0.124551 0.200373 0.201268 0.150301 0.114202 0.0858297 0.046581 0.0156455 0.0031291 0.000369685 2.57606e-05 1.05841e-06 2.56385e-08 3.66162e-10 3.08313e-12 1.53056e-14 4.47967e-17
 1.75112e-11 1.9015e-09 1.21736e-07 4.59492e-06 0.000102253 0.0013416 0.0103787 0.0473567 0.127671 0.205143 0.204883 0.14992 0.110141 0.0811999 0.0438364 0.0147072 0.0029408 0.000347423 2.42092e-05 9.94659e-07 2.40943e-08 3.44108e-10 2.89744e-12 1.43837e-14 4.20986e-17
 1.80151e-11 1.95622e-09 1.25239e-07 4.72715e-06 0.000105196 0.0013802 0.0106772 0.0487163 0.131301 0.210692 0.209089 0.149477 0.105417 0.0758139 0.0406436 0.0136158 0.00272174 0.000321526 2.24043e-05 9.20503e-07 2.2298e-08 3.18453e-10 2.68142e-12 1.33114e-14 3.89599e-17
#obs catch len freq
 1.78722e-11 1.72668e-09 9.83525e-08 3.30291e-06 6.53959e-05 0.00076342 0.00525564 0.0213613 0.0515716 0.0763498 0.0799749 0.0846849 0.104241 0.118065 0.118525 0.108792 0.0877133 0.0626544 0.040873 0.0234534 0.0108638 0.00373652 0.00089562 0.000143001 1.47262e-05
 1.68594e-11 1.57105e-09 8.63131e-08 2.79578e-06 5.3392e-05 0.000601218 0.00399359 0.0156862 0.0369042 0.0554512 0.0674877 0.0927143 0.127039 0.139486 0.130042 0.112577 0.0880246 0.0608459 0.0373586 0.0198127 0.00849692 0.00271968 0.000606088 8.9516e-05 8.48172e-06
 1.34233e-12 1.2044e-10 6.37127e-09 1.98726e-07 3.65604e-06 3.97488e-05 0.000258 0.00105256 0.00330397 0.0111868 0.0376252 0.0914112 0.146511 0.168541 0.162624 0.140014 0.103702 0.0667133 0.0381788 0.0187713 0.00738997 0.00216506 0.000442714 6.01324e-05 5.24068e-06
 1.6692e-11 1.43969e-09 7.32093e-08 2.19484e-06 3.87955e-05 0.000404315 0.0024849 0.00901654 0.0194357 0.0257471 0.0249455 0.0302612 0.0601602 0.12217 0.185894 0.1963 0.150378 0.0922435 0.048546 0.0217099 0.00776307 0.00206502 0.000383622 4.74402e-05 3.77435e-06
 5.28401e-11 4.37424e-09 2.13492e-07 6.14329e-06 0.000104227 0.00104281 0.00615951 0.021603 0.0463528 0.0694697 0.101039 0.159139 0.19656 0.158361 0.0889493 0.0513041 0.0404804 0.0306863 0.0177729 0.00772322 0.00252718 0.000605271 0.00010121 1.13002e-05 8.14311e-07
 1.63182e-10 1.29467e-08 6.05597e-07 1.67013e-05 0.000271556 0.0026034 0.0147212 0.0491869 0.0980459 0.122389 0.116309 0.120422 0.134337 0.127222 0.0998831 0.063952 0.0310653 0.0121679 0.00477333 0.00188022 0.00059646 0.000134047 2.04157e-05 2.05326e-06 1.33168e-07
 2.95937e-10 2.24719e-08 1.00605e-06 2.65544e-05 0.000413237 0.00379162 0.0205177 0.0655716 0.124676 0.146457 0.124939 0.11113 0.112848 0.103945 0.0830794 0.0563298 0.0296929 0.0117443 0.00362201 0.000946068 0.000220111 4.22631e-05 5.8731e-06 5.4256e-07 3.20494e-08
 3.3121e-10 2.40403e-08 1.02876e-06 2.59554e-05 0.000386092 0.00338648 0.0175242 0.0536578 0.0987109 0.117475 0.116767 0.131533 0.143834 0.125654 0.0913301 0.0566758 0.0281016 0.0107806 0.00323789 0.000759844 0.000137859 1.9356e-05 2.07177e-06 1.60153e-07 8.36015e-09
 6.00218e-10 4.15924e-08 1.69925e-06 4.093e-05 0.000581262 0.00486721 0.0240402 0.0701875 0.122468 0.1349 0.116086 0.112053 0.118304 0.110993 0.0889914 0.0569692 0.0269101 0.00940273 0.00255374 0.000548409 9.00665e-05 1.08365e-05 9.28677e-07 5.57284e-08 2.29937e-09
 8.71504e-10 5.75907e-08 2.24375e-06 5.15391e-05 0.000697989 0.00557386 0.0262605 0.0732101 0.122637 0.132891 0.120203 0.12389 0.126925 0.108122 0.0785074 0.0477325 0.0225391 0.00805127 0.00218528 0.000446322 6.70955e-05 7.24869e-06 5.48136e-07 2.82399e-08 9.69292e-10
 1.31174e-09 8.25751e-08 3.06471e-06 6.70609e-05 0.000865168 0.00658162 0.0295415 0.0784877 0.125508 0.130783 0.116089 0.119495 0.124113 0.110188 0.0821256 0.0477904 0.0202156 0.00629176 0.0015207 0.000288944 4.12475e-05 4.18773e-06 2.91062e-07 1.35138e-08 4.11638e-10
 2.38166e-09 1.42682e-07 5.0396e-06 0.000104946 0.00128849 0.00932803 0.0398398 0.100657 0.152573 0.148506 0.118517 0.109004 0.106234 0.091145 0.0658251 0.0367854 0.0147855 0.00428851 0.000935493 0.000156525 1.97256e-05 1.80501e-06 1.15202e-07 4.94264e-09 1.38495e-10
 2.99917e-09 1.70835e-07 5.73712e-06 0.000113593 0.00132607 0.00912906 0.0370987 0.0894572 0.131388 0.132057 0.124495 0.132903 0.127792 0.0994749 0.0645412 0.0332476 0.0126212 0.00349711 0.00072531 0.000113007 1.2909e-05 1.04972e-06 5.9203e-08 2.2592e-09 5.69481e-11
 4.66068e-09 2.52198e-07 8.0459e-06 0.000151338 0.00167834 0.0109762 0.0423717 0.0970311 0.135159 0.128206 0.113957 0.119248 0.12082 0.104457 0.0727215 0.0367825 0.012731 0.00307037 0.000547443 7.48847e-05 7.71473e-06 5.71472e-07 2.92037e-08 9.99619e-10 2.2439e-11
 5.59961e-09 2.87628e-07 8.7105e-06 0.000155525 0.00163732 0.0101671 0.0373067 0.0816521 0.111583 0.114052 0.122829 0.142042 0.139899 0.113006 0.0739689 0.0359504 0.0122299 0.00293147 0.000509654 6.48179e-05 5.94565e-06 3.85934e-07 1.73825e-08 5.30641e-10 1.07055e-11
 8.04385e-09 3.91934e-07 1.12591e-05 0.000190695 0.00190437 0.0112179 0.0390536 0.0811574 0.105671 0.104272 0.111414 0.132722 0.142119 0.126717 0.0863304 0.0408195 0.012997 0.00287632 0.000464644 5.57291e-05 4.84191e-06 2.93618e-07 1.20683e-08 3.29464e-10 5.8847e-12
 1.57957e-08 7.29626e-07 1.98702e-05 0.000319041 0.0030204 0.0168652 0.0556329 0.109307 0.133174 0.118674 0.110556 0.118994 0.11949 0.101648 0.0672586 0.03173 0.0104217 0.00242922 0.000407231 4.85424e-05 4.02956e-06 2.28949e-07 8.76488e-09 2.22103e-10 3.65765e-12
 2.01818e-08 8.83304e-07 2.2793e-05 0.000346771 0.00311091 0.0164664 0.051583 0.0971127 0.117984 0.117672 0.130513 0.144024 0.131411 0.0982277 0.0577657 0.024562 0.00733064 0.00158021 0.000253336 2.98302e-05 2.47565e-06 1.39233e-07 5.16509e-09 1.24188e-10 1.91204e-12
 3.39819e-08 1.40864e-06 3.44267e-05 0.000496066 0.00421479 0.0211265 0.062634 0.111253 0.125814 0.113067 0.114358 0.126433 0.124915 0.101116 0.0607248 0.0250805 0.00707905 0.0014192 0.000209266 2.2666e-05 1.75213e-06 9.34278e-08 3.3329e-09 7.75104e-11 1.15132e-12
 4.16506e-08 1.63469e-06 3.78264e-05 0.000516075 0.00415219 0.0197205 0.0555642 0.0951604 0.11011 0.115427 0.135777 0.147813 0.131909 0.0969189 0.0554372 0.0229867 0.00678666 0.00143863 0.000217853 2.30973e-05 1.68136e-06 8.27925e-08 2.71708e-09 5.84336e-11 8.09481e-13
 8.10786e-08 3.01217e-06 6.59772e-05 0.000852041 0.00648838 0.0291544 0.0775484 0.124079 0.128578 0.111061 0.111952 0.122347 0.118861 0.0920247 0.0512027 0.0194691 0.00515521 0.000997568 0.000144 1.50773e-05 1.09281e-06 5.28189e-08 1.66241e-09 3.35708e-11 4.30596e-13
 1.10754e-07 3.89425e-06 8.07298e-05 0.000986754 0.007113 0.0302751 0.0765364 0.118223 0.125689 0.12458 0.137054 0.136545 0.111292 0.0743281 0.0383181 0.0143018 0.00382114 0.000738232 0.000102669 1.00808e-05 6.8348e-07 3.12875e-08 9.44321e-10 1.83726e-11 2.26228e-13
 1.64837e-07 5.48509e-06 0.000107611 0.00124479 0.00849198 0.0342091 0.0818752 0.119886 0.121464 0.116641 0.128347 0.133934 0.117206 0.0803511 0.0393744 0.0131825 0.00307934 0.000526746 6.73097e-05 6.2492e-06 4.02809e-07 1.73804e-08 4.90082e-10 8.88327e-12 1.02189e-13
 2.50501e-07 7.88858e-06 0.000146465 0.0016034 0.0103528 0.0394868 0.0896326 0.125426 0.124665 0.121477 0.132209 0.131263 0.108043 0.069884 0.0325853 0.0104597 0.0023366 0.000374283 4.34674e-05 3.60852e-06 2.08969e-07 8.22663e-09 2.1459e-10 3.62269e-12 3.88358e-14
 3.84987e-07 1.14741e-05 0.000201622 0.00208898 0.0127663 0.0460972 0.0991706 0.132147 0.127032 0.122075 0.130243 0.125996 0.100827 0.0627435 0.0279078 0.00854632 0.00183031 0.000281608 3.11851e-05 2.42922e-06 1.29484e-07 4.61919e-09 1.08359e-10 1.64618e-12 1.59745e-14
 4.33411e-07 1.22263e-05 0.000203351 0.0019944 0.0115421 0.0395443 0.081459 0.108052 0.115496 0.133054 0.152224 0.144289 0.110224 0.0649145 0.0272475 0.00788365 0.00159968 0.000233602 2.45421e-05 1.80925e-06 9.08477e-08 3.03126e-09 6.59049e-11 9.191e-13 8.1198e-15
 7.11047e-07 1.89875e-05 0.000298942 0.00277529 0.0152011 0.049254 0.0956156 0.117772 0.112872 0.117653 0.134095 0.136707 0.112381 0.0677436 0.0279793 0.00785282 0.00154074 0.000216439 2.16694e-05 1.50871e-06 7.11336e-08 2.22125e-09 4.50874e-11 5.85509e-13 4.80113e-15
 9.82524e-07 2.48394e-05 0.000370253 0.00325456 0.0168848 0.0519126 0.0964017 0.117305 0.119658 0.133417 0.145174 0.132019 0.0975513 0.0553648 0.0226057 0.00651236 0.00133113 0.000192129 1.91913e-05 1.29735e-06 5.8297e-08 1.71501e-09 3.25618e-11 3.93774e-13 2.99873e-15
 1.27258e-06 3.04627e-05 0.000429951 0.00357879 0.0175875 0.0512986 0.090985 0.108507 0.114557 0.134399 0.15089 0.140974 0.103878 0.055786 0.0206641 0.00530592 0.00098023 0.000132817 1.2908e-05 8.62433e-07 3.81824e-08 1.09267e-09 1.989e-11 2.27796e-13 1.62811e-15
#spawning biomass
 7953.53 7142.75 6017.99 5798.87 7846.93 12786.3 19471 28017.1 35262.1 42031.7 56748.7 73783.2 112746 121470 125334 132121 121561 107508 103330 99119.9 111578 100753 105764 113158 115588 125509 104164 105759 91436.2 75075.2 197698 280688 342835 382962 404363 411813 409860 402174 391440 379486 367475 356095 345706 336277 327147 319588 313331 308150 303862 300312 297373 294940 292925 291258 289878 288735 287789 287006 286357 285820 285376 285008 284704 284452 284243 284070 283927 283809 283711 283630 283562 283507 283461 283423 283391 283365 283343 283325 283311 283298 283288 283280 283273 283267 283262 283258 283255 283252 283250 283248 283247 283245 283244 283244 283243 283242 283242 283241 283241 283241 283240 283240 283240 283240 283240 283240 283240 283240 283240 283240 283240 283240 283239 283239 283239 283239 283239 283239 283239 283239 283239 283239 283239 283239 283239 283239 283239 283239 283239 0 0 0 0 0 0 0 0 0 0 0 0 0 0 0 0 0 0 0 0 0 0 0 0 0
