SBPRF35
0.0647019
Curr Bio
219723
B35
108800
F35
4.6282
FOFL
4.6282
OFL
184306
Bzero
18479.8
#pred survey bio
 17752.6 19189.7 23005.4 26146.5 31324.3 38572.9 46315.5 53536.7 62088.2 69548.3 81866 94317.5 104081 107378 104749 106942 103641 102474 110702 127573 116775 121408 114868 121617 133283 115080 115979 134739 3.54031e+06 1.78132e+06 470539 255044 170383 134689 119650 113373 110779 109716 109284 109110 109040 109011 109000 108996 108994 108993 108993 108993 108993 108993 108993 108993 108993 108993 108993 108993 108993 108993 108993 108993 108993 108993 108993 108993 108993 108993 108993 108993 108993 108993 108993 108993 108993 108993 108993 108993 108993 108993 108993 108993 108993 108993 108993 108993 108993 108993 108993 108993 108993 108993 108993 108993 108993 108993 108993 108993 108993 108993 108993 108993 108993 108993 108993 108993 108993 108993 108993 108993 108993 108993 108993 108993 108993 108993 108993 108993 108993 108993 108993 108993 108993 108993 108993 108993 108993 108993 108993 108993 0 0 0 0 0 0 0 0 0 0 0 0 0 0 0 0 0 0 0 0 0 0 0 0 0
#obs survey bio
 13898 13155 16754.5 27801.2 31054 40991.2 47391.9 52615.6 65568.9 79200 77494 79925.6 90161.3 119302 82074.2 101041 119739 73093.7 166475 158302 100744 106764 159997 145408 155307 141868 130297 110020
#pred catch bio
 6752.21 10153.2 14164.2 15133.6 18028.5 22697 28051.2 31748 38255.8 40314.8 49056.3 62036.6 71597.1 75064.5 72163 79603.1 78406.7 78913.8 79174.4 107126 89570.1 105156 99164.1 100502 125439 100947 95714.3 106062 184306 57336.4 5100.89 4761.12 4759.25 4759.24 4759.24 4759.24 4759.24 4759.24 4759.24 4759.24 4759.24 4759.24 4759.24 4759.24 4759.24 4759.24 4759.24 4759.24 4759.24 4759.24 4759.24 4759.24 4759.24 4759.24 4759.24 4759.24 4759.24 4759.24 4759.24 4759.24 4759.24 4759.24 4759.24 4759.24 4759.24 4759.24 4759.24 4759.24 4759.24 4759.24 4759.24 4759.24 4759.24 4759.24 4759.24 4759.24 4759.24 4759.24 4759.24 4759.24 4759.24 4759.24 4759.24 4759.24 4759.24 4759.24 4759.24 4759.24 4759.24 4759.24 4759.24 4759.24 4759.24 4759.24 4759.24 4759.24 4759.24 4759.24 4759.24 4759.24 4759.24 4759.24 4759.24 4759.24 4759.24 4759.24 4759.24 4759.24 4759.24 4759.24 4759.24 4759.24 4759.24 4759.24 4759.24 4759.24 4759.24 4759.24 4759.24 4759.24 4759.24 4759.24 4759.24 4759.24 4759.24 4759.24 4759.24 4759.24 0 0 0 0 0 0 0 0 0 0 0 0 0 0 0 0 0 0 0 0 0 0 0 0 0
#obs catch bio
 12037.6 11201.9 16177 15457.1 18754.4 23423 28632.3 31074.1 38276.5 38694.2 46548.9 63196.3 70381.9 71520.8 71087.4 79674.2 73922.6 82069.6 75968.2 104547 86289.2 103314 91895.8 95678.1 124735 95208.5 90884.8 105521
#pred cpue bio
 18342.4 19896.6 24167.7 27663 32874.6 40506.8 48892.7 56473.4 65726.4 73377.7 86539 99249.5 110022 114846 111431 113336 110429 107892 115481 135356 123615 128247 120363 126276 140850 121558 120682 139586 3.74907e+06 2.14981e+06 480719 258494 173569 137865 122825 116548 113954 112891 112459 112284 112214 112186 112175 112170 112169 112168 112168 112167 112167 112167 112167 112167 112167 112167 112167 112167 112167 112167 112167 112167 112167 112167 112167 112167 112167 112167 112167 112167 112167 112167 112167 112167 112167 112167 112167 112167 112167 112167 112167 112167 112167 112167 112167 112167 112167 112167 112167 112167 112167 112167 112167 112167 112167 112167 112167 112167 112167 112167 112167 112167 112167 112167 112167 112167 112167 112167 112167 112167 112167 112167 112167 112167 112167 112167 112167 112167 112167 112167 112167 112167 112167 112167 112167 112167 112167 112167 112167 112167 0 0 0 0 0 0 0 0 0 0 0 0 0 0 0 0 0 0 0 0 0 0 0 0 0
#obs cpue bio
 14021.9 16546.5 20757 32908.1 26160.7 33489.8 49924.1 68474.9 58025.4 90023.2 106350 87566.9 152854 141246 123474 128119 132495 99824.6 106594 128610 144116 175815 129918 104167 131207 132364 122324 171956
#pred surv len freq
 1.21143e-11 1.31547e-09 8.42175e-08 3.17879e-06 7.07396e-05 0.000928143 0.00718071 0.0327777 0.0885448 0.143712 0.150336 0.128266 0.119082 0.105815 0.0755975 0.048304 0.0312402 0.0203326 0.013567 0.00956715 0.00726562 0.0060169 0.00515672 0.00394522 0.00229067
 1.35812e-11 1.47476e-09 9.44156e-08 3.56372e-06 7.93056e-05 0.00104053 0.00805014 0.0367445 0.0992349 0.160855 0.167283 0.140088 0.126313 0.107877 0.0703651 0.0376086 0.0196749 0.0104429 0.0056162 0.00318071 0.00196158 0.00135935 0.00103476 0.000752968 0.000435001
 1.34391e-11 1.45933e-09 9.34275e-08 3.52642e-06 7.84757e-05 0.00102965 0.00796607 0.0363642 0.098254 0.159638 0.167756 0.14483 0.134987 0.115427 0.0721949 0.0345629 0.0152269 0.00658825 0.00275686 0.00117495 0.000539008 0.000280626 0.000170924 0.000110024 6.06302e-05
 1.31706e-11 1.43018e-09 9.15611e-08 3.45598e-06 7.69081e-05 0.00100908 0.00780705 0.0356405 0.0963288 0.156753 0.165853 0.14601 0.139021 0.119598 0.0742247 0.0345823 0.014405 0.005662 0.00200762 0.00066536 0.000219592 7.74286e-05 3.21806e-05 1.59197e-05 7.73868e-06
 1.35412e-11 1.47041e-09 9.41371e-08 3.55321e-06 7.90717e-05 0.00103747 0.00802654 0.0366397 0.0989907 0.160773 0.168661 0.144903 0.13437 0.114904 0.0723249 0.0350039 0.0152674 0.00608347 0.00207989 0.000623431 0.000169443 4.30341e-05 1.11861e-05 3.42043e-06 1.22593e-06
 1.35565e-11 1.47207e-09 9.42433e-08 3.55721e-06 7.91609e-05 0.00103864 0.00803561 0.0366812 0.0991052 0.160977 0.168957 0.145351 0.134917 0.11515 0.0719184 0.034226 0.0147068 0.00591116 0.00208484 0.000639742 0.000169299 3.81771e-05 7.52906e-06 1.4095e-06 2.89542e-07
 1.32653e-11 1.44046e-09 9.22195e-08 3.48083e-06 7.7461e-05 0.00101633 0.00786315 0.0358958 0.0970081 0.157772 0.166531 0.145619 0.13767 0.118302 0.0738136 0.0348853 0.0148044 0.00586097 0.00203821 0.000624246 0.000167781 3.82086e-05 7.18453e-06 1.1125e-06 1.4871e-07
 1.33048e-11 1.44475e-09 9.24941e-08 3.49119e-06 7.76917e-05 0.00101936 0.00788655 0.0360023 0.0972923 0.158205 0.166849 0.145551 0.137253 0.117859 0.0736048 0.0348727 0.0148311 0.00585792 0.00201893 0.000609561 0.000161654 3.66568e-05 6.9198e-06 1.05492e-06 1.26879e-07
 1.30596e-11 1.41812e-09 9.07894e-08 3.42685e-06 7.62598e-05 0.00100058 0.00774127 0.0353405 0.0955223 0.155476 0.164671 0.145404 0.138997 0.120104 0.0752909 0.0358947 0.0153928 0.00611744 0.00211519 0.000638181 0.000168094 3.76622e-05 7.0265e-06 1.06382e-06 1.26584e-07
 1.32853e-11 1.44263e-09 9.23582e-08 3.48606e-06 7.75776e-05 0.00101786 0.00787497 0.0359495 0.0971509 0.157984 0.166662 0.145502 0.137332 0.117986 0.0737246 0.0349799 0.0149258 0.00593061 0.00206134 0.000626395 0.000165781 3.71428e-05 6.88943e-06 1.03258e-06 1.21542e-07
 1.31152e-11 1.42415e-09 9.11757e-08 3.44143e-06 7.65843e-05 0.00100483 0.00777418 0.0354902 0.0959205 0.156071 0.165052 0.145127 0.138126 0.119271 0.0750197 0.0360796 0.0156514 0.00626917 0.00217831 0.00066101 0.00017538 3.95095e-05 7.36083e-06 1.10335e-06 1.29222e-07
 1.34172e-11 1.45695e-09 9.32752e-08 3.52067e-06 7.83478e-05 0.00102797 0.00795311 0.0363053 0.0980999 0.159427 0.167714 0.145252 0.135886 0.11642 0.0729067 0.0348477 0.0150377 0.00604211 0.00212394 0.00065244 0.000174117 3.92815e-05 7.33397e-06 1.10365e-06 1.29673e-07
 1.33158e-11 1.44593e-09 9.25699e-08 3.49405e-06 7.77554e-05 0.0010202 0.00789304 0.0360325 0.0973816 0.158411 0.167349 0.146666 0.138864 0.118881 0.0730642 0.0332743 0.0134242 0.00515128 0.00177682 0.000543932 0.000146117 3.33068e-05 6.26642e-06 9.46694e-07 1.11541e-07
 1.26329e-11 1.37178e-09 8.78225e-08 3.31486e-06 7.37678e-05 0.000967883 0.00748848 0.03419 0.0924614 0.150886 0.16163 0.147215 0.145206 0.126202 0.0775601 0.0349573 0.0137764 0.00508663 0.00165905 0.000478495 0.000123663 2.78065e-05 5.24078e-06 7.97862e-07 9.46984e-08
 1.29056e-11 1.40139e-09 8.97184e-08 3.38642e-06 7.53602e-05 0.000988774 0.00765003 0.0349255 0.0944224 0.15386 0.163765 0.146589 0.142063 0.122913 0.0760296 0.0349442 0.014148 0.00529204 0.0017082 0.000476452 0.000116854 2.47999e-05 4.4726e-06 6.66708e-07 7.88591e-08
 1.31566e-11 1.42865e-09 9.14636e-08 3.45229e-06 7.68261e-05 0.00100801 0.00779876 0.035603 0.0962337 0.156647 0.165966 0.146659 0.140147 0.120497 0.0742635 0.0339468 0.0136835 0.00514794 0.00169149 0.000480359 0.000117807 2.43531e-05 4.18815e-06 5.91621e-07 6.70248e-08
 1.29857e-11 1.4101e-09 9.02757e-08 3.40746e-06 7.58284e-05 0.000994916 0.00769757 0.0351428 0.0950136 0.154853 0.164959 0.147963 0.143511 0.123508 0.0748956 0.0327292 0.0123134 0.00439948 0.00141475 0.000400743 9.92876e-05 2.07964e-05 3.57891e-06 4.94614e-07 5.3766e-08
 1.37042e-11 1.48812e-09 9.52706e-08 3.59599e-06 8.00239e-05 0.00104996 0.00812323 0.0370816 0.100193 0.162795 0.171094 0.147713 0.137369 0.11627 0.0702927 0.0307358 0.0115172 0.00402333 0.00123236 0.00032851 7.79338e-05 1.60675e-05 2.77228e-06 3.85917e-07 4.18733e-08
 1.43142e-11 1.55435e-09 9.95109e-08 3.75604e-06 8.35855e-05 0.00109669 0.0084846 0.038728 0.104597 0.169593 0.176568 0.148233 0.13326 0.11082 0.0659848 0.0279374 0.00994047 0.00333311 0.00100095 0.000261477 5.96646e-05 1.16596e-05 1.9193e-06 2.6058e-07 2.81145e-08
 1.33079e-11 1.44508e-09 9.25155e-08 3.492e-06 7.77097e-05 0.0010196 0.00788845 0.0360125 0.0973406 0.15845 0.167877 0.148314 0.141477 0.120794 0.0727633 0.0313009 0.0113747 0.00382986 0.0011205 0.000280128 6.14634e-05 1.16375e-05 1.84413e-06 2.38767e-07 2.46497e-08
 1.35777e-11 1.47438e-09 9.43911e-08 3.5628e-06 7.92851e-05 0.00104027 0.00804832 0.0367413 0.0992958 0.161514 0.170569 0.149286 0.140786 0.119116 0.0705094 0.028991 0.00975528 0.00309259 0.000890825 0.000223324 4.84707e-05 8.88466e-06 1.35129e-06 1.68163e-07 1.66726e-08
 1.35876e-11 1.47545e-09 9.44595e-08 3.56538e-06 7.93425e-05 0.00104102 0.00805412 0.0367672 0.0993577 0.16155 0.170309 0.14834 0.139275 0.118107 0.0709313 0.0303631 0.0109114 0.00359689 0.00101351 0.000239744 4.96158e-05 8.9105e-06 1.33637e-06 1.62055e-07 1.54832e-08
 1.42083e-11 1.54285e-09 9.87745e-08 3.72825e-06 8.2967e-05 0.00108857 0.00842188 0.038443 0.103845 0.168513 0.176097 0.149463 0.13599 0.113118 0.0662086 0.0266021 0.00856986 0.00260036 0.000729247 0.000178697 3.75065e-05 6.54635e-06 9.38607e-07 1.09995e-07 1.02671e-08
 1.47166e-11 1.59804e-09 1.02308e-07 3.86163e-06 8.59352e-05 0.00112751 0.00872303 0.0398148 0.107511 0.17414 0.180475 0.149393 0.131805 0.108098 0.0628927 0.0250275 0.00787023 0.00227731 0.000591797 0.000132269 2.61555e-05 4.53439e-06 6.56016e-07 7.59729e-08 6.86441e-09
 1.37475e-11 1.49281e-09 9.55712e-08 3.60734e-06 8.02764e-05 0.00105327 0.00814891 0.0371997 0.100525 0.163431 0.172216 0.149772 0.140174 0.117991 0.0692594 0.0278148 0.00888142 0.00260046 0.000671723 0.000145363 2.69777e-05 4.30622e-06 5.8059e-07 6.49597e-08 5.81808e-09
 1.38748e-11 1.50664e-09 9.64565e-08 3.64075e-06 8.102e-05 0.00106303 0.00822438 0.0375439 0.101451 0.164902 0.173604 0.150557 0.140342 0.117518 0.0680372 0.0262482 0.00771081 0.00206637 0.000512668 0.000110521 2.05056e-05 3.20612e-06 4.11044e-07 4.28012e-08 3.57561e-09
 1.46025e-11 1.58566e-09 1.01515e-07 3.83169e-06 8.52689e-05 0.00111877 0.00865544 0.0395069 0.106688 0.172878 0.179499 0.149428 0.132781 0.109274 0.063689 0.0254072 0.00799853 0.00228297 0.000565221 0.00011463 1.98017e-05 2.97328e-06 3.75276e-07 3.83424e-08 3.07729e-09
 1.48087e-11 1.60804e-09 1.02948e-07 3.88579e-06 8.64728e-05 0.00113457 0.00877757 0.040063 0.108172 0.175139 0.181174 0.14912 0.130651 0.106927 0.0624064 0.0251136 0.00807248 0.00238131 0.000617277 0.000132672 2.38356e-05 3.53157e-06 4.22908e-07 4.09863e-08 3.17991e-09
#obs surv len freq
 1.33191e-11 1.4463e-09 9.25933e-08 3.49494e-06 7.77752e-05 0.00102045 0.00789485 0.0360365 0.0973264 0.157747 0.163812 0.136337 0.12274 0.108497 0.0778756 0.047281 0.0255856 0.0117466 0.00437399 0.00129251 0.000294372 4.99686e-05 6.10935e-06 5.19268e-07 2.96866e-08
 1.2573e-11 1.36528e-09 8.74062e-08 3.29916e-06 7.34184e-05 0.000963297 0.007453 0.0340266 0.0919843 0.149716 0.158104 0.13755 0.129587 0.116197 0.0834176 0.0498286 0.0255735 0.0107258 0.00359211 0.000965173 0.00020336 3.21184e-05 3.64353e-06 2.86687e-07 1.51966e-08
 1.34217e-11 1.45743e-09 9.33062e-08 3.52185e-06 7.83741e-05 0.00102832 0.00795595 0.0363199 0.0981368 0.159303 0.166021 0.138372 0.123134 0.107662 0.0775644 0.0468412 0.0239084 0.0097113 0.00305244 0.000745283 0.000140008 1.97153e-05 2.01506e-06 1.44322e-07 7.00303e-09
 1.30061e-11 1.41231e-09 9.0417e-08 3.4128e-06 7.59475e-05 0.000996491 0.0077101 0.0352052 0.0952169 0.155198 0.164256 0.142104 0.130343 0.112769 0.0779539 0.0445185 0.0217033 0.008574 0.00263083 0.00061708 0.000108293 1.38556e-05 1.26347e-06 8.03009e-08 3.47182e-09
 1.39893e-11 1.51907e-09 9.72524e-08 3.6708e-06 8.1689e-05 0.00107182 0.00829279 0.0378619 0.102341 0.166273 0.173323 0.142939 0.12301 0.103284 0.0713418 0.0407965 0.0194337 0.0072978 0.00209974 0.000462308 7.65254e-05 9.20255e-06 7.78092e-07 4.50658e-08 1.75044e-09
 1.26607e-11 1.3748e-09 8.80158e-08 3.32217e-06 7.3931e-05 0.000970052 0.00750613 0.0342852 0.0928499 0.152082 0.16345 0.145444 0.134975 0.115298 0.078365 0.0437556 0.0205205 0.007673 0.00219408 0.000471038 7.42658e-05 8.37872e-06 6.60331e-07 3.55088e-08 1.27323e-09
 1.37534e-11 1.49346e-09 9.56127e-08 3.60892e-06 8.03121e-05 0.00105377 0.00815366 0.0372359 0.100743 0.164208 0.172771 0.144662 0.124892 0.104164 0.0720847 0.0412685 0.0193084 0.00699576 0.00191578 0.000394466 5.97968e-05 6.45538e-06 4.81458e-07 2.42164e-08 8.05316e-10
 1.31441e-11 1.4273e-09 9.13768e-08 3.44903e-06 7.67546e-05 0.00100712 0.00779338 0.0356043 0.0964813 0.158252 0.170161 0.149524 0.133958 0.110112 0.072349 0.038921 0.0174594 0.00621899 0.00168426 0.000338518 4.92317e-05 5.04468e-06 3.55564e-07 1.68549e-08 5.26105e-10
 1.26695e-11 1.37576e-09 8.80771e-08 3.32449e-06 7.39833e-05 0.00097077 0.00751266 0.0343311 0.0931247 0.153294 0.16662 0.149461 0.136256 0.113584 0.07634 0.041751 0.0184403 0.00627495 0.00160746 0.000307474 4.29051e-05 4.22007e-06 2.83584e-07 1.2706e-08 3.72336e-10
 1.39538e-11 1.51522e-09 9.70058e-08 3.66151e-06 8.14831e-05 0.00106917 0.00827379 0.0378005 0.102416 0.167658 0.178115 0.150081 0.126604 0.101202 0.0670997 0.0365227 0.0160376 0.00539904 0.00135192 0.000248079 3.26874e-05 3.01643e-06 1.90295e-07 8.02101e-09 2.21141e-10
 1.23083e-11 1.33654e-09 8.55667e-08 3.22975e-06 7.18757e-05 0.00094316 0.00730028 0.0333825 0.0907648 0.150589 0.167237 0.154958 0.142165 0.115265 0.0743547 0.0390083 0.0167038 0.00557249 0.0013919 0.000253257 3.26217e-05 2.89476e-06 1.73055e-07 6.84139e-09 1.75941e-10
 1.31609e-11 1.42912e-09 9.14936e-08 3.45346e-06 7.68542e-05 0.00100848 0.00780548 0.0356834 0.0968971 0.15982 0.173503 0.152186 0.132413 0.107017 0.0715369 0.0387431 0.016497 0.0052981 0.00126092 0.000219713 2.73122e-05 2.34395e-06 1.34919e-07 5.09274e-09 1.2389e-10
 1.21001e-11 1.31393e-09 8.41192e-08 3.17512e-06 7.06614e-05 0.000927284 0.00717901 0.0328536 0.0895599 0.149775 0.169511 0.160588 0.146695 0.115511 0.0716177 0.0357011 0.0143458 0.004448 0.00102336 0.00017017 1.99448e-05 1.60743e-06 8.70717e-08 3.10345e-09 7.14016e-11
 1.22217e-11 1.32713e-09 8.49644e-08 3.20703e-06 7.13718e-05 0.000936618 0.00725145 0.0331857 0.0904443 0.150967 0.169364 0.157147 0.141792 0.114319 0.0746584 0.0387005 0.0154318 0.00456515 0.000988125 0.000154963 1.72039e-05 1.31176e-06 6.68585e-08 2.23008e-09 4.78711e-11
 1.16996e-11 1.27044e-09 8.13349e-08 3.07005e-06 6.83245e-05 0.000896685 0.00694381 0.031802 0.0868954 0.146213 0.167455 0.160268 0.146622 0.117046 0.07531 0.0388792 0.0156824 0.00471759 0.0010238 0.000156656 1.65522e-05 1.18463e-06 5.64099e-08 1.75625e-09 3.51607e-11
 1.26439e-11 1.37298e-09 8.79e-08 3.31786e-06 7.38395e-05 0.000969057 0.00750388 0.0343574 0.0937459 0.156766 0.175609 0.159954 0.139018 0.108391 0.0692348 0.0353226 0.0139389 0.00409455 0.000872052 0.000131383 1.36083e-05 9.43478e-07 4.28771e-08 1.25723e-09 2.34894e-11
 1.16011e-11 1.25974e-09 8.06504e-08 3.04425e-06 6.77528e-05 0.00088929 0.00688925 0.0315907 0.0866315 0.147179 0.171791 0.166953 0.150503 0.11539 0.0703807 0.0341773 0.0129721 0.00369523 0.000763594 0.000111289 1.11265e-05 7.43707e-07 3.2513e-08 9.13014e-10 1.6231e-11
 1.26091e-11 1.36921e-09 8.76585e-08 3.30877e-06 7.36399e-05 0.000966539 0.00748682 0.0343124 0.0938766 0.15804 0.179207 0.164576 0.141285 0.107195 0.0658876 0.0317175 0.0115741 0.00310589 0.000601789 8.25835e-05 7.81452e-06 4.95674e-07 2.05724e-08 5.48131e-10 9.23618e-12
 1.20984e-11 1.31375e-09 8.41086e-08 3.17482e-06 7.06614e-05 0.000927569 0.007188 0.0329869 0.0906218 0.154362 0.179841 0.171144 0.148053 0.108698 0.0634342 0.0291329 0.0102847 0.00268141 0.000499688 6.49181e-05 5.74811e-06 3.39627e-07 1.31351e-08 3.26801e-10 5.15208e-12
 1.16848e-11 1.26883e-09 8.12331e-08 3.06632e-06 6.82492e-05 0.000896012 0.00694598 0.0319103 0.0879295 0.150954 0.178751 0.173614 0.151913 0.111626 0.064419 0.0286242 0.00955655 0.00232955 0.000405959 4.95252e-05 4.12278e-06 2.28267e-07 8.22827e-09 1.8992e-10 2.77047e-12
 1.14378e-11 1.24202e-09 7.95168e-08 3.00157e-06 6.68106e-05 0.000877218 0.0068023 0.031275 0.086349 0.148878 0.177507 0.173465 0.15252 0.113285 0.0664319 0.0298215 0.00991171 0.00236229 0.000394952 4.54816e-05 3.53789e-06 1.82269e-07 6.10701e-09 1.30951e-10 1.77252e-12
 1.25335e-11 1.36101e-09 8.71346e-08 3.28914e-06 7.3212e-05 0.000961269 0.00745366 0.0342568 0.0944084 0.161572 0.188141 0.174948 0.144738 0.101897 0.0570108 0.0245366 0.00786167 0.00181114 0.000291864 3.21473e-05 2.36802e-06 1.1441e-07 3.56725e-09 7.08194e-11 8.85113e-13
 1.29883e-11 1.41039e-09 9.0297e-08 3.40856e-06 7.58729e-05 0.000996308 0.0077273 0.0355355 0.0980489 0.168054 0.195341 0.178859 0.142641 0.0951991 0.0499316 0.0200532 0.00601065 0.00130201 0.000198144 2.06612e-05 1.44094e-06 6.5759e-08 1.92852e-09 3.58294e-11 4.16965e-13
 1.14695e-11 1.24547e-09 7.97399e-08 3.0102e-06 6.70155e-05 0.000880375 0.00683655 0.03155 0.0879065 0.154505 0.189332 0.186246 0.155924 0.104891 0.0538696 0.0207475 0.00586865 0.00118721 0.000167909 1.62634e-05 1.05554e-06 4.49299e-08 1.23086e-09 2.1369e-11 2.32224e-13
 1.09077e-11 1.18447e-09 7.58352e-08 2.86289e-06 6.37417e-05 0.000837562 0.00650795 0.0300776 0.0840924 0.148888 0.18486 0.185317 0.159157 0.110728 0.0587289 0.0229232 0.0063915 0.00124297 0.000165857 1.49651e-05 8.9811e-07 3.52356e-08 8.89326e-10 1.42396e-11 1.42938e-13
 1.19654e-11 1.29933e-09 8.31889e-08 3.14051e-06 6.99223e-05 0.000918718 0.00713646 0.032944 0.091723 0.160268 0.192507 0.182782 0.149316 0.101171 0.0532517 0.020809 0.00581307 0.00112479 0.000147245 1.28038e-05 7.27992e-07 2.66971e-08 6.2406e-10 9.20309e-12 8.48429e-14
 1.12752e-11 1.2244e-09 7.83939e-08 2.95972e-06 6.59106e-05 0.000866477 0.00674017 0.0312274 0.0877205 0.156326 0.194209 0.19032 0.155298 0.101411 0.0507008 0.0189088 0.00510486 0.000964227 0.000123655 1.05044e-05 5.7927e-07 2.04041e-08 4.5334e-10 6.29181e-12 5.41289e-14
 1.20645e-11 1.31011e-09 8.38823e-08 3.16697e-06 7.05272e-05 0.000927167 0.00721123 0.033384 0.0934955 0.165021 0.200272 0.189113 0.148947 0.0946285 0.0457747 0.0162325 0.00410331 0.000722108 8.66472e-05 6.94252e-06 3.6362e-07 1.22094e-08 2.58659e-10 3.41508e-12 2.78405e-14
#pred catch len freq
 1.06969e-11 1.16155e-09 7.43636e-08 2.80686e-06 6.24628e-05 0.000819557 0.00634102 0.028954 0.0783418 0.128171 0.138829 0.130415 0.133816 0.122187 0.0848569 0.0508398 0.031061 0.0196763 0.0129921 0.00912691 0.00692336 0.00573186 0.00491216 0.00375808 0.00218202
 1.26063e-11 1.36889e-09 8.76377e-08 3.30789e-06 7.36126e-05 0.000965843 0.00747258 0.0341147 0.092221 0.150198 0.159523 0.141991 0.137088 0.119539 0.0764897 0.0386668 0.0189405 0.00967899 0.00512684 0.00288702 0.00177714 0.00123095 0.000936925 0.000681763 0.000393864
 1.27479e-11 1.38427e-09 8.8622e-08 3.34504e-06 7.44394e-05 0.000976693 0.00755659 0.0344998 0.0932833 0.152099 0.162334 0.146397 0.142947 0.123859 0.0763218 0.0348684 0.0143681 0.00593598 0.00243381 0.00102848 0.000470285 0.000244612 0.000148957 9.58803e-05 5.28358e-05
 1.22713e-11 1.33252e-09 8.53093e-08 3.22e-06 7.16568e-05 0.000940188 0.00727431 0.0332146 0.0898573 0.146907 0.158622 0.147556 0.14861 0.130001 0.0796586 0.0355227 0.0138595 0.00519548 0.00180268 0.000591537 0.00019433 6.84024e-05 2.84148e-05 1.40553e-05 6.83229e-06
 1.26578e-11 1.37449e-09 8.79958e-08 3.32141e-06 7.39134e-05 0.000969792 0.00750323 0.0342568 0.0926343 0.151106 0.161579 0.146479 0.143875 0.125175 0.0776262 0.0358336 0.0146543 0.00559363 0.00187588 0.000557042 0.000150672 3.81858e-05 9.9177e-06 3.03182e-06 1.08658e-06
 1.27234e-11 1.38161e-09 8.84518e-08 3.33861e-06 7.42964e-05 0.000974817 0.0075421 0.034434 0.0931111 0.151864 0.162294 0.146881 0.143949 0.124888 0.0769155 0.0349614 0.014072 0.00540625 0.0018688 0.000568262 0.000149731 3.36997e-05 6.64061e-06 1.24275e-06 2.55257e-07
 1.25015e-11 1.35752e-09 8.69096e-08 3.28041e-06 7.3001e-05 0.000957823 0.00741068 0.0338356 0.0915137 0.149426 0.160468 0.147146 0.146141 0.127356 0.0783429 0.0353856 0.0140685 0.00532079 0.00181265 0.00054995 0.000147145 3.34448e-05 6.28396e-06 9.72749e-07 1.30012e-07
 1.24836e-11 1.35557e-09 8.67849e-08 3.2757e-06 7.28963e-05 0.000956448 0.00740005 0.0337871 0.0913838 0.149224 0.160293 0.147094 0.146208 0.12749 0.0785083 0.0355422 0.0141635 0.00534632 0.00180538 0.000539959 0.000142536 3.22573e-05 6.08444e-06 9.27281e-07 1.11513e-07
 1.23475e-11 1.3408e-09 8.5839e-08 3.24e-06 7.21018e-05 0.000946025 0.00731944 0.0334198 0.0904012 0.147706 0.159067 0.146965 0.147103 0.128685 0.0794604 0.0361731 0.0145354 0.00552393 0.00187202 0.000559572 0.000146716 3.28071e-05 6.11576e-06 9.25631e-07 1.10127e-07
 1.24027e-11 1.34678e-09 8.62224e-08 3.25447e-06 7.24238e-05 0.00095025 0.00735211 0.0335687 0.0908 0.148325 0.159583 0.147068 0.146816 0.128242 0.0790324 0.0358277 0.0143229 0.00543902 0.00185244 0.00055769 0.000146933 3.28558e-05 6.08941e-06 9.12381e-07 1.0738e-07
 1.23295e-11 1.33884e-09 8.57137e-08 3.23527e-06 7.19966e-05 0.000944644 0.00730876 0.0333711 0.090269 0.147488 0.158823 0.146723 0.146877 0.12861 0.0796684 0.0365598 0.0148635 0.00569799 0.00194135 0.000583703 0.000154168 3.46628e-05 6.45275e-06 9.66923e-07 1.1323e-07
 1.29158e-11 1.40251e-09 8.97898e-08 3.38912e-06 7.54202e-05 0.000989561 0.00765612 0.0349534 0.0944979 0.153985 0.163906 0.146728 0.142171 0.122857 0.0757095 0.0345385 0.013963 0.00536525 0.00184879 0.000562752 0.000149523 3.36686e-05 6.28113e-06 9.44914e-07 1.11009e-07
 1.29294e-11 1.40397e-09 8.98837e-08 3.39266e-06 7.54991e-05 0.000990596 0.00766416 0.0349906 0.0946069 0.154229 0.16447 0.147959 0.143946 0.124002 0.0751638 0.0328221 0.0124017 0.00452778 0.0015265 0.000462677 0.000123723 2.81479e-05 5.29176e-06 7.99203e-07 9.41515e-08
 1.22872e-11 1.33424e-09 8.54195e-08 3.22416e-06 7.17495e-05 0.000941404 0.00728374 0.0332581 0.0899807 0.147156 0.159107 0.148516 0.149969 0.13092 0.0793616 0.0343372 0.012684 0.00445373 0.00141883 0.000404864 0.00010409 2.33536e-05 4.39779e-06 6.69307e-07 7.94305e-08
 1.25233e-11 1.35988e-09 8.70607e-08 3.28611e-06 7.31279e-05 0.000959488 0.00742358 0.0338948 0.0916779 0.149728 0.160944 0.147943 0.147202 0.128042 0.0780488 0.0343675 0.0130431 0.00465081 0.00146848 0.000405396 9.89036e-05 2.09403e-05 3.77289e-06 5.62193e-07 6.64875e-08
 1.30598e-11 1.41813e-09 9.07902e-08 3.42688e-06 7.62606e-05 0.00100059 0.00774141 0.0353425 0.0955466 0.155667 0.165567 0.147873 0.142778 0.122692 0.0744384 0.0326069 0.0123162 0.00441315 0.0014179 0.000398597 9.72667e-05 2.00617e-05 3.44685e-06 4.86711e-07 5.51307e-08
 1.2921e-11 1.40307e-09 8.98257e-08 3.39047e-06 7.54504e-05 0.000989958 0.00765925 0.0349688 0.0945565 0.154215 0.164773 0.148995 0.145606 0.125201 0.0749242 0.0315288 0.0111248 0.00376631 0.00118021 0.000330582 8.14773e-05 1.70273e-05 2.92757e-06 4.04443e-07 4.39573e-08
 1.371e-11 1.48874e-09 9.53105e-08 3.5975e-06 8.00573e-05 0.0010504 0.00812665 0.0370977 0.100244 0.16293 0.171483 0.148648 0.138748 0.117164 0.0698693 0.0294138 0.0103431 0.00342701 0.00102319 0.000269602 6.35847e-05 1.30747e-05 2.25357e-06 3.13584e-07 3.40197e-08
 1.40273e-11 1.52319e-09 9.75163e-08 3.68075e-06 8.19101e-05 0.00107471 0.00831465 0.0379544 0.102537 0.166483 0.174413 0.149145 0.136956 0.114557 0.0675321 0.0276409 0.00924264 0.0029284 0.000854713 0.000220526 5.00206e-05 9.7485e-06 1.60289e-06 2.1752e-07 2.34645e-08
 1.36776e-11 1.48523e-09 9.50858e-08 3.58901e-06 7.98686e-05 0.00104792 0.00810751 0.0370108 0.100014 0.162601 0.171343 0.149036 0.139606 0.117899 0.0699738 0.0290262 0.00990833 0.00315978 0.00089999 0.000222274 4.84607e-05 9.14803e-06 1.44785e-06 1.87365e-07 1.93393e-08
 1.35273e-11 1.4689e-09 9.40403e-08 3.54956e-06 7.89905e-05 0.0010364 0.00801845 0.0366056 0.0989388 0.16101 0.170397 0.150018 0.142307 0.120351 0.0705404 0.0281367 0.00891908 0.00266293 0.000743016 0.00018375 3.96274e-05 7.24242e-06 1.10014e-06 1.36835e-07 1.35636e-08
 1.40916e-11 1.53017e-09 9.79632e-08 3.69762e-06 8.22855e-05 0.00107963 0.00835273 0.0381277 0.102998 0.16718 0.174897 0.148947 0.136149 0.113773 0.0672764 0.0277812 0.00938344 0.00292981 0.000803573 0.000187734 3.85875e-05 6.90642e-06 1.03434e-06 1.25359e-07 1.19744e-08
 1.46387e-11 1.58958e-09 1.01767e-07 3.84118e-06 8.54802e-05 0.00112154 0.00867688 0.0396047 0.106952 0.173306 0.179943 0.149785 0.133021 0.109225 0.0631847 0.0246856 0.00750856 0.00214033 0.000579648 0.000139969 2.91839e-05 5.0783e-06 7.27146e-07 8.51628e-08 7.94721e-09
 1.49411e-11 1.62242e-09 1.03869e-07 3.92053e-06 8.72459e-05 0.00114471 0.00885603 0.0404208 0.109133 0.176656 0.182558 0.14977 0.130575 0.106272 0.0612132 0.0237218 0.00705694 0.00191924 0.000481228 0.000105868 2.077e-05 3.58701e-06 5.18144e-07 5.99696e-08 5.41712e-09
 1.46134e-11 1.58684e-09 1.01591e-07 3.83456e-06 8.53328e-05 0.00111961 0.00866193 0.0395367 0.106771 0.173031 0.179745 0.149844 0.133321 0.109564 0.0633959 0.0247481 0.00746799 0.00205736 0.000513524 0.000109458 2.0156e-05 3.20434e-06 4.31246e-07 4.82139e-08 4.31694e-09
 1.43618e-11 1.55952e-09 9.98416e-08 3.76852e-06 8.38633e-05 0.00110033 0.00851286 0.0388581 0.104964 0.170307 0.177867 0.150675 0.136607 0.112858 0.0647065 0.0244136 0.00681853 0.00171244 0.00040757 8.6285e-05 1.58762e-05 2.47244e-06 3.16422e-07 3.29229e-08 2.74944e-09
 1.48238e-11 1.60968e-09 1.03053e-07 3.88975e-06 8.6561e-05 0.00113572 0.00878655 0.0401043 0.108288 0.17536 0.181559 0.149819 0.131595 0.107488 0.062016 0.0240857 0.0071744 0.00192704 0.00046085 9.20296e-05 1.57645e-05 2.35604e-06 2.96743e-07 3.02926e-08 2.43037e-09
 1.48453e-11 1.61202e-09 1.03203e-07 3.8954e-06 8.66866e-05 0.00113737 0.00879928 0.0401622 0.108441 0.175585 0.181683 0.149646 0.131157 0.107092 0.0619228 0.0242363 0.00736058 0.00204368 0.000512181 0.000108467 1.93397e-05 2.85411e-06 3.41144e-07 3.30333e-08 2.56185e-09
#obs catch len freq
 1.1326e-11 1.22987e-09 7.87373e-08 2.97195e-06 6.61368e-05 0.000867758 0.00671381 0.0306524 0.0828782 0.135072 0.14373 0.128661 0.12737 0.121091 0.0949164 0.0639999 0.0371898 0.0175746 0.00664488 0.00200659 0.000470418 8.19633e-05 1.01645e-05 8.64691e-07 4.90648e-08
 1.1795e-11 1.28079e-09 8.19975e-08 3.09501e-06 6.88753e-05 0.000903695 0.00699205 0.0319266 0.0863667 0.141038 0.151048 0.136566 0.134066 0.122044 0.0879422 0.0532648 0.0285288 0.012869 0.00468075 0.00134229 0.000294644 4.78728e-05 5.56507e-06 4.47089e-07 2.40444e-08
 1.12994e-11 1.22698e-09 7.85525e-08 2.96497e-06 6.59818e-05 0.000865739 0.00669872 0.0305941 0.0828456 0.135867 0.147803 0.138351 0.139522 0.12759 0.091619 0.0544082 0.0275431 0.0113265 0.00370308 0.000965258 0.000195813 2.95623e-05 3.18501e-06 2.36664e-07 1.17899e-08
 1.2327e-11 1.33857e-09 8.56964e-08 3.23462e-06 7.19825e-05 0.00094447 0.00730772 0.0333708 0.0902929 0.147457 0.15733 0.139276 0.131766 0.11742 0.0845604 0.0506705 0.0254452 0.010107 0.00309317 0.000731302 0.000132163 1.77833e-05 1.72531e-06 1.16605e-07 5.31343e-09
 1.20829e-11 1.31206e-09 8.39994e-08 3.17057e-06 7.05573e-05 0.000925783 0.00716354 0.0327205 0.0886258 0.145348 0.157374 0.14362 0.13817 0.120894 0.0832923 0.0471549 0.0226091 0.00872498 0.0026014 0.0005894 9.92977e-05 1.21243e-05 1.04896e-06 6.29e-08 2.55318e-09
 1.30717e-11 1.41943e-09 9.08732e-08 3.43002e-06 7.63311e-05 0.00100154 0.00774955 0.0353926 0.0957934 0.156499 0.166507 0.144431 0.130738 0.11137 0.0767012 0.0434114 0.0202946 0.00743344 0.0020765 0.000441256 7.00242e-05 8.0233e-06 6.42832e-07 3.51076e-08 1.28022e-09
 1.19378e-11 1.2963e-09 8.29904e-08 3.13249e-06 6.97102e-05 0.000914689 0.00707836 0.0323432 0.0877247 0.144561 0.158611 0.147413 0.141509 0.121446 0.0820334 0.045279 0.0208225 0.00758308 0.00210047 0.000434236 6.55295e-05 7.03613e-06 5.24924e-07 2.65919e-08 8.94576e-10
 1.31485e-11 1.42777e-09 9.14071e-08 3.45018e-06 7.67799e-05 0.00100744 0.00779576 0.0356121 0.0964651 0.157967 0.168845 0.146437 0.130404 0.109331 0.0751484 0.0424249 0.0194134 0.00683986 0.00181273 0.000359032 5.20139e-05 5.33542e-06 3.76205e-07 1.78104e-08 5.55344e-10
 1.26194e-11 1.37031e-09 8.77287e-08 3.31134e-06 7.36908e-05 0.000966937 0.00748314 0.0341992 0.0928027 0.153005 0.167229 0.151735 0.139057 0.114282 0.0744343 0.0394872 0.0173276 0.00599586 0.00156838 0.00030262 4.19992e-05 4.08445e-06 2.71863e-07 1.21167e-08 3.54294e-10
 1.22647e-11 1.3318e-09 8.52634e-08 3.21829e-06 7.16204e-05 0.000939789 0.00727359 0.0332509 0.0903193 0.149404 0.164774 0.151717 0.14048 0.116716 0.0776137 0.0417375 0.0179849 0.0059369 0.00146797 0.000269341 3.58172e-05 3.33835e-06 2.1157e-07 8.90375e-09 2.44224e-10
 1.35497e-11 1.47134e-09 9.41967e-08 3.55548e-06 7.91242e-05 0.00103824 0.00803516 0.0367225 0.0996169 0.16377 0.176222 0.152203 0.130701 0.104319 0.0684405 0.0366023 0.015663 0.00510679 0.00123181 0.000216455 2.71499e-05 2.37211e-06 1.40997e-07 5.57619e-09 1.43757e-10
 1.20181e-11 1.30503e-09 8.35493e-08 3.1536e-06 7.01819e-05 0.000920964 0.00712934 0.0326151 0.0888148 0.148091 0.16665 0.157478 0.145505 0.117066 0.0745617 0.0384116 0.0160228 0.00517157 0.00124219 0.000215995 2.64354e-05 2.21772e-06 1.24787e-07 4.62521e-09 1.11153e-10
 1.30236e-11 1.41421e-09 9.05394e-08 3.41745e-06 7.60534e-05 0.000997999 0.00772511 0.0353277 0.0960368 0.158935 0.173993 0.154405 0.134581 0.107714 0.0709314 0.0375898 0.015548 0.00482439 0.00110335 0.00018357 2.1653e-05 1.75406e-06 9.48945e-08 3.35463e-09 7.62028e-11
 1.19685e-11 1.29963e-09 8.3204e-08 3.14059e-06 6.98937e-05 0.000917248 0.00710232 0.032518 0.0887795 0.149124 0.170439 0.163169 0.148702 0.115633 0.0705755 0.0344501 0.0134487 0.00402353 0.000887877 0.000140757 1.56391e-05 1.18878e-06 6.04645e-08 2.01611e-09 4.3266e-11
 1.21321e-11 1.3174e-09 8.43416e-08 3.18353e-06 7.08498e-05 0.000929806 0.00719971 0.0329638 0.0899655 0.150756 0.170562 0.159648 0.143645 0.114357 0.0733755 0.0371103 0.0143363 0.00408731 0.00084804 0.000126683 1.3316e-05 9.56428e-07 4.57297e-08 1.42593e-09 2.85322e-11
 1.16738e-11 1.26764e-09 8.11561e-08 3.06332e-06 6.81757e-05 0.000894777 0.00693017 0.0317556 0.0868971 0.146779 0.16932 0.162833 0.147924 0.11638 0.0735367 0.0370321 0.0144566 0.00418182 0.000867627 0.000126209 1.26117e-05 8.49636e-07 3.79252e-08 1.10294e-09 2.05678e-11
 1.26607e-11 1.37481e-09 8.80168e-08 3.32228e-06 7.39391e-05 0.00097041 0.00751547 0.0344257 0.0940495 0.157761 0.177696 0.162313 0.139918 0.107399 0.0672601 0.0334185 0.0127499 0.00359866 0.000731901 0.000104653 1.02328e-05 6.66817e-07 2.83798e-08 7.76896e-10 1.35158e-11
 1.1674e-11 1.26766e-09 8.11574e-08 3.0634e-06 6.81806e-05 0.000894963 0.00693454 0.0318161 0.0873777 0.148931 0.174598 0.169437 0.150785 0.11354 0.0678395 0.0320707 0.0117596 0.00321457 0.000633449 8.75076e-05 8.24879e-06 5.17547e-07 2.11618e-08 5.54196e-10 9.16677e-12
 1.27155e-11 1.38076e-09 8.8398e-08 3.33671e-06 7.42631e-05 0.000974777 0.00755193 0.0346271 0.0948513 0.160086 0.182098 0.16685 0.141344 0.105195 0.063184 0.0295302 0.0103924 0.00267399 0.000493772 6.41737e-05 5.71922e-06 3.40138e-07 1.31894e-08 3.27396e-10 5.12805e-12
 1.22508e-11 1.33029e-09 8.51679e-08 3.21483e-06 7.15539e-05 0.000939354 0.00728084 0.0334312 0.091961 0.157016 0.183243 0.173346 0.147444 0.106 0.0604228 0.0269351 0.00916007 0.00228558 0.000405194 4.97969e-05 4.14978e-06 2.29752e-07 8.2957e-09 1.92128e-10 2.81309e-12
 1.18437e-11 1.2861e-09 8.23386e-08 3.10808e-06 6.91811e-05 0.000908329 0.0070432 0.0323773 0.0893434 0.153763 0.182335 0.175907 0.151241 0.108713 0.0611663 0.0263307 0.00845905 0.0019723 0.000326759 3.7671e-05 2.94816e-06 1.52817e-07 5.1398e-09 1.10388e-10 1.49497e-12
 1.16502e-11 1.26508e-09 8.09938e-08 3.05736e-06 6.8055e-05 0.000893645 0.00693145 0.0318884 0.0881564 0.152282 0.18152 0.175745 0.151536 0.109954 0.0627578 0.0272397 0.00869506 0.00197858 0.000314044 3.41445e-05 2.49538e-06 1.20285e-07 3.75794e-09 7.49325e-11 9.41166e-13
 1.27642e-11 1.38605e-09 8.87384e-08 3.34972e-06 7.45632e-05 0.000979106 0.00759378 0.0349202 0.096343 0.165119 0.192086 0.176825 0.14328 0.0983943 0.0535254 0.0222564 0.0068417 0.00150284 0.000229582 2.38442e-05 1.64863e-06 7.44813e-08 2.16462e-09 3.99507e-11 4.63192e-13
 1.32257e-11 1.43617e-09 9.19482e-08 3.47095e-06 7.72649e-05 0.0010147 0.00787195 0.0362216 0.10005 0.171695 0.199259 0.180429 0.140751 0.0915024 0.0466142 0.0180744 0.00519402 0.00107186 0.000154481 1.51727e-05 9.92167e-07 4.22992e-08 1.1555e-09 1.9949e-11 2.15316e-13
 1.17227e-11 1.27298e-09 8.15014e-08 3.07677e-06 6.8502e-05 0.000900044 0.00699183 0.0322916 0.0900941 0.158541 0.193722 0.188001 0.153748 0.100681 0.0501661 0.0186298 0.0050469 0.000971886 0.000130091 1.18605e-05 7.21205e-07 2.86546e-08 7.30591e-10 1.17779e-11 1.18637e-13
 1.11776e-11 1.21378e-09 7.77126e-08 2.93385e-06 6.53266e-05 0.000858542 0.00667365 0.0308688 0.0864218 0.153169 0.189531 0.187343 0.157112 0.106281 0.0545699 0.0204912 0.00546298 0.00101021 0.000127481 1.08216e-05 6.08235e-07 2.22656e-08 5.22785e-10 7.7685e-12 7.22364e-14
 1.22482e-11 1.33004e-09 8.51563e-08 3.21488e-06 7.15834e-05 0.000940701 0.0073099 0.033769 0.0941264 0.164585 0.197021 0.184512 0.147122 0.0968179 0.0492697 0.0184946 0.00493115 0.00090552 0.000111927 9.14764e-06 4.8691e-07 1.66596e-08 3.62293e-10 4.9586e-12 4.23434e-14
 1.15731e-11 1.25675e-09 8.04669e-08 3.03812e-06 6.76632e-05 0.000889714 0.00692414 0.0321074 0.0903008 0.160967 0.198956 0.191836 0.152566 0.0967183 0.046744 0.0167392 0.00430864 0.000771146 9.32124e-05 7.43045e-06 3.83125e-07 1.25812e-08 2.59974e-10 3.3489e-12 2.66949e-14
#spawning biomass
 24382 28948.4 35495.4 40328.5 48600.8 59951.2 71532.9 82753.4 95338.6 107426 125759 146031 161541 164204 160939 165362 160295 161320 177449 199241 184278 191024 184459 198015 211685 183911 188285 219723 243129 69858.3 6882.31 6472.46 6470.2 6470.19 6470.19 6470.19 6470.19 6470.19 6470.19 6470.19 6470.19 6470.19 6470.19 6470.19 6470.19 6470.19 6470.19 6470.19 6470.19 6470.19 6470.19 6470.19 6470.19 6470.19 6470.19 6470.19 6470.19 6470.19 6470.19 6470.19 6470.19 6470.19 6470.19 6470.19 6470.19 6470.19 6470.19 6470.19 6470.19 6470.19 6470.19 6470.19 6470.19 6470.19 6470.19 6470.19 6470.19 6470.19 6470.19 6470.19 6470.19 6470.19 6470.19 6470.19 6470.19 6470.19 6470.19 6470.19 6470.19 6470.19 6470.19 6470.19 6470.19 6470.19 6470.19 6470.19 6470.19 6470.19 6470.19 6470.19 6470.19 6470.19 6470.19 6470.19 6470.19 6470.19 6470.19 6470.19 6470.19 6470.19 6470.19 6470.19 6470.19 6470.19 6470.19 6470.19 6470.19 6470.19 6470.19 6470.19 6470.19 6470.19 6470.19 6470.19 6470.19 6470.19 6470.19 6470.19 0 0 0 0 0 0 0 0 0 0 0 0 0 0 0 0 0 0 0 0 0 0 0 0 0
