SBPRF35
0.196111
Curr Bio
284914
B35
302362
F35
0.699494
FOFL
0.699494
OFL
103782
Bzero
56031.7
#pred survey bio
 11876.4 10502.1 7956.18 8362.64 12265.4 17775.3 27583 42777.4 59779.6 84360 92850.3 117111 144364 179069 192914 189201 185464 184481 180252 162666 157431 158820 207643 247978 252880 266979 241381 232213 237363 6.29172e+06 7.39197e+06 4.27718e+06 2.36785e+06 1.38801e+06 917654 692006 579117 519058 485139 465091 452890 445341 440631 437665 435787 434631 433918 433476 433203 433034 432929 432864 432823 432798 432783 432773 432767 432763 432761 432760 432759 432758 432758 432758 432757 432757 432757 432757 432757 432757 432757 432757 432757 432757 432757 432757 432757 432757 432757 432757 432757 432757 432757 432757 432757 432757 432757 432757 432757 432757 432757 432757 432757 432757 432757 432757 432757 432757 432757 432757 432757 432757 432757 432757 432757 432757 432757 432757 432757 432757 432757 432757 432757 432757 432757 432757 432757 432757 432757 432757 432757 432757 432757 432757 432757 432757 432757 432757 432757 0 0 0 0 0 0 0 0 0 0 0 0 0 0 0 0 0 0 0 0 0 0 0 0 0
#obs survey bio
 10917.5 6024.21 7030.13 12677.2 12435.8 22808.8 39376.7 36920.5 61171.9 86737.9 77960.8 122090 130602 140865 157041 173443 191249 150432 190994 164588 172331 150388 196312 206138 255875 283654 326514 224388 185937
#pred catch bio
 3580.46 3956 3106.03 3111.23 5285.01 7435.39 11782.8 21147 27946.7 52863.1 56949.3 76440.3 87286.4 112357 128880 134217 136012 132828 134521 119612 119353 108588 155036 203409 202520 222765 198123 190900 173865 103782 138845 72537.9 35189.3 18080.7 11123.1 8501.18 7562.99 7239.37 7130.67 7094.88 7083.26 7079.54 7078.35 7077.98 7077.86 7077.82 7077.81 7077.81 7077.81 7077.81 7077.81 7077.81 7077.81 7077.81 7077.81 7077.81 7077.81 7077.81 7077.81 7077.81 7077.81 7077.81 7077.81 7077.81 7077.81 7077.81 7077.81 7077.81 7077.81 7077.81 7077.81 7077.81 7077.81 7077.81 7077.81 7077.81 7077.81 7077.81 7077.81 7077.81 7077.81 7077.81 7077.81 7077.81 7077.81 7077.81 7077.81 7077.81 7077.81 7077.81 7077.81 7077.81 7077.81 7077.81 7077.81 7077.81 7077.81 7077.81 7077.81 7077.81 7077.81 7077.81 7077.81 7077.81 7077.81 7077.81 7077.81 7077.81 7077.81 7077.81 7077.81 7077.81 7077.81 7077.81 7077.81 7077.81 7077.81 7077.81 7077.81 7077.81 7077.81 7077.81 7077.81 7077.81 7077.81 7077.81 7077.81 7077.81 7077.81 0 0 0 0 0 0 0 0 0 0 0 0 0 0 0 0 0 0 0 0 0 0 0 0 0
#obs catch bio
 4439.52 4307.18 3623.52 3153.6 5501.21 7306.68 11255.5 20531.2 26248.9 49796.8 56049.3 75858.4 83459.4 115131 132113 139950 140995 131645 134558 115169 111415 103456 151975 200845 206810 211919 174398 175810 168864
#pred cpue bio
 11409.1 10207.7 7501.75 7509.35 10963.6 15775 24330 37991.1 52957.4 75754.2 82047.6 102603 127003 160076 173711 169227 164167 163905 161290 144716 139481 137843 179128 215769 218510 234278 211455 201711 205460 5.55796e+06 7.36853e+06 4.25374e+06 2.34442e+06 1.36457e+06 894219 668571 555682 495623 461704 441656 429455 421907 417197 414230 412352 411196 410483 410042 409769 409599 409494 409429 409389 409364 409348 409338 409332 409329 409326 409325 409324 409323 409323 409323 409323 409323 409323 409323 409323 409323 409323 409323 409323 409323 409323 409323 409323 409323 409323 409323 409323 409323 409323 409323 409323 409323 409323 409323 409323 409323 409323 409323 409323 409323 409323 409323 409323 409323 409323 409323 409323 409323 409323 409323 409323 409323 409323 409323 409323 409323 409323 409323 409323 409323 409323 409323 409323 409323 409323 409323 409323 409323 409323 409323 409323 409323 409323 409323 409323 0 0 0 0 0 0 0 0 0 0 0 0 0 0 0 0 0 0 0 0 0 0 0 0 0
#obs cpue bio
 9476.39 7407.99 5924.04 6193.28 8829.84 17616.1 22074.8 47941.5 63903.5 106288 78776.5 108889 155128 154528 204363 157416 142861 211630 156248 175643 178604 149776 204406 284719 174688 328272 279928 269761 281544
#pred surv len freq
 5.63057e-12 6.11412e-10 3.91432e-08 1.47747e-06 3.28795e-05 0.000431434 0.00333931 0.0152768 0.0417337 0.0714886 0.0923198 0.123225 0.163507 0.164308 0.121505 0.0783803 0.0493558 0.0296203 0.0173205 0.0103349 0.00650091 0.00446367 0.00329209 0.0022946 0.00126789
 4.54017e-12 4.93009e-10 3.15629e-08 1.19135e-06 2.65122e-05 0.000347885 0.00269264 0.0123186 0.0336555 0.057678 0.0746555 0.100508 0.137015 0.149231 0.13281 0.108975 0.079858 0.0500001 0.0281237 0.01492 0.00779264 0.00429212 0.00260971 0.00162582 0.000863402
 8.52457e-12 9.25667e-10 5.92621e-08 2.23685e-06 4.97781e-05 0.000653124 0.00505332 0.0230745 0.0624376 0.102187 0.110887 0.10504 0.110933 0.110521 0.0955811 0.0810892 0.0680537 0.0523255 0.0348718 0.0196097 0.00959291 0.00439999 0.00208296 0.00105422 0.000501167
 1.17979e-11 1.28111e-09 8.2018e-08 3.09577e-06 6.88922e-05 0.000903907 0.00699334 0.0319256 0.0862856 0.14039 0.148462 0.130637 0.125132 0.110881 0.0760306 0.0461726 0.0311437 0.0235797 0.0177971 0.0119489 0.00666296 0.00306644 0.00124014 0.000487606 0.000188661
 1.13129e-11 1.22845e-09 7.86464e-08 2.96851e-06 6.60603e-05 0.000866758 0.00670624 0.0306222 0.0828631 0.135628 0.147176 0.138827 0.1425 0.128297 0.0849501 0.0457181 0.0240153 0.013058 0.00775673 0.00507392 0.00317846 0.00167026 0.000703149 0.000245401 7.59899e-05
 1.15933e-11 1.25889e-09 8.05956e-08 3.04208e-06 6.76975e-05 0.000888239 0.00687238 0.0313793 0.0848911 0.138781 0.149828 0.139482 0.141504 0.127369 0.0853029 0.046791 0.0243471 0.0119078 0.0054679 0.00258462 0.00134282 0.000710998 0.000327132 0.000118933 3.38983e-05
 1.1927e-11 1.29512e-09 8.29151e-08 3.12963e-06 6.96458e-05 0.000913799 0.00707006 0.03228 0.0873013 0.142509 0.152869 0.1399 0.139486 0.124646 0.0831852 0.0455118 0.0237589 0.0117041 0.00523939 0.00215649 0.000845877 0.000341495 0.000141646 5.25333e-05 1.53e-05
 1.14378e-11 1.24201e-09 7.95144e-08 3.00127e-06 6.67894e-05 0.000876325 0.00678027 0.0309604 0.0837807 0.137149 0.148916 0.140687 0.144629 0.130297 0.0862618 0.0462033 0.0235741 0.0114769 0.0051244 0.00208829 0.000762903 0.000252071 7.96203e-05 2.46762e-05 6.83091e-06
 1.15482e-11 1.254e-09 8.0282e-08 3.03025e-06 6.74341e-05 0.000884784 0.00684571 0.0312589 0.0845844 0.138432 0.150157 0.141477 0.144984 0.130177 0.0855198 0.0450355 0.0224459 0.0106632 0.00464751 0.00186069 0.000669593 0.000211056 5.79236e-05 1.42033e-05 3.18625e-06
 1.06722e-11 1.15887e-09 7.41918e-08 2.80037e-06 6.23187e-05 0.000817672 0.00632668 0.0288943 0.0782595 0.128673 0.142315 0.140784 0.150965 0.13805 0.0916684 0.0489755 0.0246698 0.0116567 0.00497897 0.00194083 0.000680498 0.000209234 5.50284e-05 1.21464e-05 2.25607e-06
 1.15702e-11 1.25639e-09 8.04353e-08 3.03603e-06 6.75629e-05 0.000886475 0.00685884 0.0313201 0.0847665 0.138863 0.151235 0.143924 0.148578 0.132624 0.0847309 0.0419188 0.0194349 0.00885471 0.00376838 0.00146287 0.000503972 0.000150873 3.84842e-05 8.13547e-06 1.38934e-06
 1.20142e-11 1.3046e-09 8.35217e-08 3.15253e-06 7.01553e-05 0.000920487 0.0071219 0.0325189 0.0879784 0.143862 0.155461 0.144978 0.146687 0.12965 0.0819343 0.0395072 0.0174421 0.00740351 0.00290395 0.00106238 0.000357112 0.000105557 2.64049e-05 5.42097e-06 8.87878e-07
 1.16675e-11 1.26695e-09 8.11115e-08 3.06156e-06 6.81309e-05 0.000893929 0.00691655 0.0315845 0.085494 0.140151 0.153075 0.146687 0.152106 0.134905 0.0838074 0.0385581 0.0158939 0.00635895 0.00235702 0.000801855 0.000248763 6.90325e-05 1.66603e-05 3.34512e-06 5.34413e-07
 1.07305e-11 1.16521e-09 7.45975e-08 2.81569e-06 6.26595e-05 0.000822146 0.00636138 0.0290547 0.0787201 0.129641 0.144349 0.145017 0.157103 0.142452 0.0909042 0.0441862 0.0194131 0.00788114 0.00279989 0.000889769 0.000256646 6.58101e-05 1.46795e-05 2.77079e-06 4.25285e-07
 1.02912e-11 1.11751e-09 7.15437e-08 2.70042e-06 6.00945e-05 0.000788493 0.00610111 0.0278686 0.0755433 0.124704 0.14021 0.144095 0.159185 0.145635 0.0938621 0.046644 0.0212797 0.00907844 0.00341112 0.00111956 0.000316607 7.6322e-05 1.57164e-05 2.72922e-06 3.88393e-07
 1.07249e-11 1.16459e-09 7.45583e-08 2.81421e-06 6.26266e-05 0.000821714 0.00635803 0.0290393 0.0786766 0.129555 0.144189 0.144702 0.156617 0.14196 0.0906146 0.04423 0.0198321 0.00848811 0.00328203 0.00112927 0.000335905 8.33765e-05 1.69264e-05 2.77867e-06 3.65616e-07
 1.12931e-11 1.2263e-09 7.85086e-08 2.96331e-06 6.59446e-05 0.000865246 0.00669473 0.0305741 0.0827935 0.136002 0.149829 0.146678 0.155094 0.138531 0.0862515 0.039779 0.0164824 0.00665681 0.00249927 0.000855917 0.000260254 6.73392e-05 1.42701e-05 2.39303e-06 3.09828e-07
 1.0974e-11 1.19165e-09 7.62904e-08 2.87958e-06 6.40814e-05 0.000840803 0.00650574 0.029714 0.0805066 0.132583 0.147616 0.148205 0.160021 0.143358 0.0880656 0.0390159 0.015069 0.00562512 0.00194798 0.000620313 0.000180546 4.62513e-05 9.98272e-06 1.73328e-06 2.31949e-07
 1.05407e-11 1.1446e-09 7.32781e-08 2.76589e-06 6.15513e-05 0.000807608 0.00624901 0.0285442 0.0773751 0.127731 0.143618 0.147538 0.162501 0.146997 0.0913892 0.0415543 0.0165741 0.00619669 0.00204974 0.000602708 0.000160538 3.80919e-05 7.83892e-06 1.34364e-06 1.8239e-07
 1.09071e-11 1.18438e-09 7.58253e-08 2.86203e-06 6.36908e-05 0.000835678 0.00646609 0.0295332 0.0800198 0.131806 0.146868 0.147743 0.159861 0.143576 0.0887695 0.0399592 0.0157771 0.00592857 0.00200046 0.000593643 0.000153409 3.39123e-05 6.39515e-06 1.01656e-06 1.31791e-07
 1.11653e-11 1.21242e-09 7.76201e-08 2.92977e-06 6.51983e-05 0.000855455 0.00661904 0.0302299 0.0818819 0.134668 0.149112 0.147761 0.157818 0.141085 0.0870715 0.0390905 0.0153504 0.00572063 0.00191375 0.000567228 0.00014789 3.2768e-05 6.00827e-06 8.9632e-07 1.07348e-07
 1.235e-11 1.34106e-09 8.58558e-08 3.24063e-06 7.21159e-05 0.000946211 0.00732091 0.0334273 0.0904313 0.147835 0.159571 0.148296 0.14912 0.130044 0.0789573 0.0343663 0.0128712 0.00462549 0.00152093 0.000446263 0.000115448 2.55109e-05 4.68576e-06 6.94699e-07 8.07271e-08
 1.27196e-11 1.38119e-09 8.84253e-08 3.33762e-06 7.42741e-05 0.000974526 0.00753986 0.0344242 0.09309 0.151873 0.162504 0.147554 0.145029 0.125713 0.0768721 0.0342224 0.0132244 0.00479421 0.00153708 0.000433594 0.000108871 2.3664e-05 4.30797e-06 6.35992e-07 7.36433e-08
 1.21451e-11 1.31882e-09 8.44319e-08 3.18688e-06 7.09199e-05 0.000930521 0.0071996 0.0328753 0.0889649 0.145654 0.158216 0.149452 0.152533 0.133245 0.0798939 0.0334893 0.0117477 0.00398585 0.00126691 0.000360623 8.96481e-05 1.89105e-05 3.33659e-06 4.82317e-07 5.52097e-08
 1.24714e-11 1.35424e-09 8.66998e-08 3.27249e-06 7.28249e-05 0.000955513 0.0073929 0.0337564 0.0913268 0.149341 0.161388 0.150404 0.151378 0.13108 0.0774426 0.0311668 0.0100486 0.00306641 0.000879636 0.000229435 5.4468e-05 1.13536e-05 1.98275e-06 2.80153e-07 3.1203e-08
 1.15878e-11 1.2583e-09 8.05577e-08 3.04065e-06 6.76658e-05 0.000887829 0.00686947 0.0313722 0.0849571 0.139573 0.15383 0.150676 0.158902 0.140054 0.0833355 0.0338634 0.0110606 0.00335723 0.000916947 0.000217646 4.6155e-05 8.72175e-06 1.42952e-06 1.95925e-07 2.14387e-08
 1.16805e-11 1.26836e-09 8.12018e-08 3.06497e-06 6.82068e-05 0.000894927 0.00692437 0.0316224 0.0856267 0.14061 0.154684 0.150816 0.158368 0.139278 0.0826378 0.0333387 0.0107498 0.00323297 0.000883933 0.000209281 4.2952e-05 7.5146e-06 1.10762e-06 1.37128e-07 1.39528e-08
 1.21859e-11 1.32324e-09 8.47151e-08 3.19757e-06 7.11578e-05 0.000933642 0.00722376 0.0329858 0.0892667 0.146169 0.158873 0.150292 0.153511 0.133804 0.0794827 0.0323666 0.0106267 0.00324345 0.000887307 0.00020846 4.25056e-05 7.37216e-06 1.05477e-06 1.22248e-07 1.13183e-08
 1.2368e-11 1.34301e-09 8.59809e-08 3.24535e-06 7.2221e-05 0.000947591 0.00733164 0.0334774 0.090582 0.148204 0.160533 0.150518 0.152389 0.132236 0.0781432 0.0314109 0.0100691 0.00301421 0.000824507 0.000195983 4.02958e-05 6.98014e-06 9.91522e-07 1.13375e-07 1.01823e-08
#obs surv len freq
 7.42862e-12 8.06661e-10 5.16431e-08 1.94927e-06 4.33785e-05 0.000569158 0.00440371 0.0201092 0.0544276 0.0891977 0.0974531 0.094686 0.105753 0.116018 0.113364 0.101646 0.0810715 0.0564862 0.0347729 0.0185293 0.00806684 0.00266742 0.000625647 9.86723e-05 1.00745e-05
 1.37946e-12 1.49793e-10 9.58993e-09 3.61978e-07 8.05589e-06 0.000105735 0.000819492 0.00377418 0.0106483 0.0208947 0.0386893 0.0767097 0.12692 0.158103 0.162312 0.145611 0.110737 0.0718655 0.0411587 0.020382 0.00817636 0.00247268 0.000528936 7.60821e-05 7.09145e-06
 1.62696e-11 1.76668e-09 1.13104e-07 4.26913e-06 9.50031e-05 0.00124645 0.00964177 0.0439745 0.118279 0.187841 0.177302 0.103789 0.0502052 0.0456035 0.0637292 0.0711169 0.0577265 0.0366663 0.0195929 0.00886585 0.00323462 0.000888673 0.000172511 2.25138e-05 1.90568e-06
 1.30267e-11 1.41455e-09 9.05606e-08 3.41822e-06 7.60681e-05 0.000998071 0.00772229 0.035261 0.0953789 0.155614 0.16561 0.145666 0.134377 0.109798 0.065268 0.0329676 0.0210198 0.0152411 0.00909561 0.004101 0.00138847 0.000345113 6.03443e-05 7.10331e-06 5.43462e-07
 1.15252e-11 1.2515e-09 8.01222e-08 3.02422e-06 6.73002e-05 0.00088303 0.00683218 0.0311957 0.0843625 0.137438 0.14529 0.126305 0.121093 0.118653 0.100822 0.0696452 0.0361197 0.0140157 0.00484722 0.00172919 0.000547133 0.000127968 2.0517e-05 2.18266e-06 1.50385e-07
 1.26257e-11 1.371e-09 8.77728e-08 3.31299e-06 7.37265e-05 0.000967344 0.00748439 0.0341698 0.0923458 0.14993 0.155934 0.128544 0.114098 0.106459 0.0891573 0.0635697 0.0358875 0.0151165 0.00476344 0.00118868 0.000254114 4.65293e-05 6.5424e-06 6.33097e-07 3.97357e-08
 1.22469e-11 1.32987e-09 8.51392e-08 3.21359e-06 7.15145e-05 0.000938337 0.00726045 0.0331572 0.0897232 0.146442 0.155302 0.134186 0.12367 0.113046 0.0888287 0.0586522 0.0310671 0.0126066 0.00391554 0.000934271 0.000169166 2.3133e-05 2.39318e-06 1.8278e-07 9.74544e-09
 1.2249e-11 1.3301e-09 8.51539e-08 3.21415e-06 7.15271e-05 0.000938508 0.00726193 0.0331663 0.0897659 0.146568 0.155374 0.13358 0.122406 0.113093 0.0908527 0.060182 0.0308051 0.0117002 0.00335059 0.000740122 0.000124278 1.52643e-05 1.32675e-06 8.00544e-08 3.31193e-09
 1.1489e-11 1.24757e-09 7.98704e-08 3.01472e-06 6.70895e-05 0.000880301 0.00681218 0.0311242 0.0843724 0.138625 0.150174 0.135543 0.129506 0.120108 0.0949466 0.0615534 0.0308676 0.0114713 0.00317128 0.000659947 0.000102225 1.14577e-05 9.00298e-07 4.81653e-08 1.71309e-09
 1.18219e-11 1.28372e-09 8.21849e-08 3.10209e-06 6.90338e-05 0.000905817 0.00700973 0.0320276 0.0868158 0.142509 0.153513 0.136078 0.127577 0.118578 0.0944526 0.0599761 0.0282089 0.00946569 0.00231515 0.000428442 6.00777e-05 6.15686e-06 4.41751e-07 2.14515e-08 6.87607e-10
 1.17731e-11 1.27842e-09 8.18459e-08 3.0893e-06 6.87495e-05 0.000902105 0.00698153 0.0319079 0.0865821 0.14264 0.155258 0.139986 0.131597 0.119726 0.0921078 0.0562837 0.0255008 0.00820551 0.00188795 0.000318508 3.96746e-05 3.58639e-06 2.28619e-07 9.96498e-09 2.88584e-10
 1.25102e-11 1.35846e-09 8.69699e-08 3.2827e-06 7.30536e-05 0.000958584 0.0074186 0.0339032 0.0919547 0.151098 0.162527 0.141621 0.127621 0.11365 0.0863839 0.0516139 0.0225227 0.00689365 0.00149241 0.000234356 2.68352e-05 2.19685e-06 1.25059e-07 4.82849e-09 1.23783e-10
 9.9278e-12 1.07804e-09 6.90174e-08 2.6051e-06 5.79757e-05 0.000760818 0.00589058 0.0269658 0.073628 0.124063 0.144659 0.14811 0.152025 0.137821 0.100056 0.0558126 0.0224919 0.00626118 0.00120848 0.000167102 1.69098e-05 1.23787e-06 6.35026e-08 2.21019e-09 5.08639e-11
 9.22847e-12 1.0021e-09 6.41557e-08 2.4216e-06 5.38922e-05 0.000707242 0.00547601 0.0250705 0.0684594 0.115289 0.134034 0.137475 0.146644 0.14517 0.116258 0.0686378 0.0277532 0.00744515 0.00134085 0.000167731 1.49712e-05 9.54843e-07 4.27075e-08 1.30649e-09 2.66801e-11
 9.17089e-12 9.95852e-10 6.37555e-08 2.4065e-06 5.35571e-05 0.00070288 0.00544324 0.0249361 0.0682331 0.115631 0.13643 0.14225 0.150972 0.145482 0.112436 0.0641624 0.0252659 0.00665903 0.00118314 0.000144845 1.23631e-05 7.31023e-07 2.94775e-08 7.9784e-10 1.42891e-11
 1.01206e-11 1.09898e-09 7.03582e-08 2.65572e-06 5.91035e-05 0.000775664 0.00600648 0.0275065 0.0751361 0.126369 0.145207 0.143326 0.144925 0.136958 0.104746 0.0589385 0.0228704 0.00597311 0.00105939 0.000129768 1.10104e-05 6.38172e-07 2.47691e-08 6.32445e-10 1.04753e-11
 1.02943e-11 1.11784e-09 7.15658e-08 2.70132e-06 6.01196e-05 0.000789054 0.00611164 0.0280103 0.0767074 0.129981 0.151902 0.152354 0.1512 0.134858 0.0955773 0.0496633 0.0177655 0.00424997 0.000685908 7.66968e-05 6.03745e-06 3.31338e-07 1.23446e-08 3.03675e-10 4.82589e-12
 9.42295e-12 1.02322e-09 6.55082e-08 2.4727e-06 5.50331e-05 0.000722371 0.0055971 0.0256818 0.0705937 0.120983 0.145457 0.152504 0.156665 0.142246 0.101727 0.0531138 0.0191458 0.00465034 0.000763349 8.5528e-05 6.54752e-06 3.39269e-07 1.17403e-08 2.67639e-10 3.96384e-12
 9.25768e-12 1.00528e-09 6.43595e-08 2.42935e-06 5.40696e-05 0.000709774 0.00550063 0.025254 0.0695266 0.119593 0.144736 0.152886 0.158162 0.144414 0.102848 0.0527054 0.0184713 0.00435632 0.000697941 7.69122e-05 5.81668e-06 2.96762e-07 9.99591e-09 2.18235e-10 3.0461e-12
 1.03364e-11 1.12242e-09 7.1859e-08 2.71244e-06 6.03702e-05 0.000792472 0.00614101 0.0281813 0.0774242 0.132055 0.155509 0.155568 0.152341 0.133973 0.0924303 0.0458318 0.015533 0.00354384 0.00054895 5.83831e-05 4.25477e-06 2.09178e-07 6.79551e-09 1.43095e-10 1.92208e-12
 1.00285e-11 1.08898e-09 6.97189e-08 2.6317e-06 5.85765e-05 0.000769058 0.00596275 0.0274082 0.0756691 0.130805 0.158516 0.16351 0.159041 0.133587 0.0869806 0.040947 0.0133154 0.00293835 0.000441505 4.54333e-05 3.1853e-06 1.49754e-07 4.63191e-09 9.2628e-11 1.18031e-12
 1.08181e-11 1.17472e-09 7.5208e-08 2.8389e-06 6.31883e-05 0.000829593 0.00643134 0.0295453 0.0813729 0.139415 0.164673 0.162635 0.153246 0.127458 0.0821049 0.0376435 0.0117374 0.00245747 0.000348451 3.38131e-05 2.24015e-06 9.97275e-08 2.92149e-09 5.52487e-11 6.64168e-13
 1.05462e-11 1.14521e-09 7.3319e-08 2.76767e-06 6.16074e-05 0.000809016 0.00627595 0.0288869 0.0799922 0.138981 0.168801 0.171256 0.159464 0.125832 0.0756942 0.0323905 0.00944288 0.00184473 0.000242696 2.17334e-05 1.32634e-06 5.45017e-08 1.47949e-09 2.60261e-11 2.91856e-13
 1.01803e-11 1.10548e-09 7.07759e-08 2.67172e-06 5.94751e-05 0.000781139 0.00606225 0.0279339 0.0775645 0.135605 0.166667 0.171868 0.162516 0.12946 0.0776619 0.0326346 0.00922109 0.00172776 0.000215752 1.8127e-05 1.02644e-06 3.88154e-08 9.65429e-10 1.55441e-11 1.59719e-13
 9.453e-12 1.0265e-09 6.57206e-08 2.48099e-06 5.52356e-05 0.000725694 0.00563709 0.0260401 0.0727932 0.129382 0.164234 0.175869 0.169183 0.133909 0.0788798 0.0324383 0.00898033 0.00165162 0.000202071 1.65011e-05 8.96322e-07 3.20483e-08 7.44264e-10 1.10833e-11 1.0466e-13
 9.75183e-12 1.05895e-09 6.77988e-08 2.55949e-06 5.69854e-05 0.000748741 0.00581687 0.026873 0.0750806 0.133007 0.167142 0.176182 0.167535 0.131429 0.0760902 0.030363 0.00807533 0.00141905 0.000165617 1.291e-05 6.70005e-07 2.28666e-08 5.0502e-10 7.10987e-12 6.30304e-14
 9.89995e-12 1.07504e-09 6.88301e-08 2.59853e-06 5.78611e-05 0.000760463 0.00591215 0.0273602 0.0767388 0.136947 0.173523 0.182091 0.168135 0.125797 0.068958 0.0259934 0.00651886 0.00107675 0.000117622 8.55343e-06 4.13804e-07 1.31868e-08 2.72656e-10 3.60165e-12 2.99901e-14
 9.92145e-12 1.07739e-09 6.89814e-08 2.60436e-06 5.79973e-05 0.000762462 0.00593151 0.0274898 0.0773368 0.138757 0.176897 0.185603 0.169153 0.123282 0.0650101 0.0232925 0.00549021 0.000843037 8.47541e-05 5.63136e-06 2.48251e-07 7.21845e-09 1.36653e-10 1.65906e-12 1.27402e-14
 9.24373e-12 1.00381e-09 6.42727e-08 2.42682e-06 5.40568e-05 0.000711099 0.00554057 0.0257773 0.0731889 0.133937 0.176448 0.191008 0.175327 0.12563 0.0642949 0.0222266 0.00503821 0.000740937 7.0824e-05 4.42552e-06 1.81177e-07 4.83875e-09 8.35282e-11 9.21672e-13 6.43095e-15
#pred catch len freq
 4.0255e-12 4.37122e-10 2.7985e-08 1.0563e-06 2.35072e-05 0.000308473 0.00238835 0.0109441 0.0301407 0.0535701 0.0777695 0.121438 0.173559 0.177685 0.13188 0.085124 0.0536057 0.032171 0.018812 0.0112249 0.00706071 0.00484805 0.00357558 0.00249219 0.00137707
 3.33083e-12 3.61689e-10 2.31557e-08 8.74016e-07 1.94506e-05 0.000255238 0.0019761 0.00905322 0.0249083 0.0440769 0.0632156 0.0978432 0.142546 0.157829 0.140889 0.11565 0.0847528 0.0530649 0.0298476 0.0158346 0.0082703 0.0045552 0.00276967 0.00172547 0.000916325
 6.68465e-12 7.25873e-10 4.64711e-08 1.75406e-06 3.90343e-05 0.000512169 0.00396314 0.0181061 0.049125 0.0814582 0.0933115 0.10049 0.11843 0.122389 0.106632 0.090557 0.0760058 0.05844 0.0389468 0.0219012 0.0107139 0.00491415 0.00232636 0.00117741 0.00055973
 9.65997e-12 1.04896e-09 6.71553e-08 2.53478e-06 5.64082e-05 0.000740122 0.00572666 0.0261544 0.0708448 0.116532 0.129121 0.12835 0.138564 0.128352 0.0888902 0.0540759 0.0364819 0.0276217 0.0208479 0.0139971 0.00780512 0.00359208 0.00145272 0.000571191 0.000221001
 9.46133e-12 1.02739e-09 6.57743e-08 2.48266e-06 5.52484e-05 0.000724912 0.00560926 0.0256249 0.0695019 0.115058 0.130868 0.138091 0.15618 0.145351 0.0969451 0.0522417 0.0274468 0.014924 0.00886519 0.00579899 0.00363267 0.00190895 0.000803631 0.00028047 8.6849e-05
 9.68071e-12 1.05121e-09 6.72994e-08 2.54022e-06 5.65294e-05 0.000741719 0.00573925 0.0262174 0.0710903 0.117538 0.133011 0.138804 0.155796 0.145234 0.0980204 0.0538405 0.02802 0.0137044 0.00629287 0.00297457 0.00154542 0.000818271 0.000376488 0.000136877 3.90127e-05
 1.00509e-11 1.09141e-09 6.98729e-08 2.63736e-06 5.8691e-05 0.000770078 0.00595858 0.0272167 0.0737646 0.121676 0.13639 0.13928 0.153577 0.14223 0.095675 0.0524191 0.0273697 0.013483 0.00603575 0.00248426 0.000974445 0.0003934 0.000163175 6.05181e-05 1.76255e-05
 9.89451e-12 1.07443e-09 6.87857e-08 2.59632e-06 5.77778e-05 0.000758098 0.00586595 0.0267954 0.0726462 0.12002 0.135401 0.140291 0.156398 0.14489 0.0965145 0.0517519 0.026409 0.0128572 0.0057407 0.00233944 0.000854655 0.000282387 8.91959e-05 2.7644e-05 7.65244e-06
 9.87116e-12 1.07189e-09 6.86234e-08 2.5902e-06 5.76415e-05 0.00075631 0.00585215 0.0267329 0.0724859 0.119827 0.135507 0.141147 0.15793 0.146156 0.09666 0.0509633 0.0254045 0.0120689 0.00526017 0.00210597 0.000757862 0.000238879 6.55594e-05 1.60756e-05 3.60627e-06
 9.87064e-12 1.07183e-09 6.86198e-08 2.59006e-06 5.76385e-05 0.00075627 0.00585182 0.0267312 0.0724769 0.119778 0.135302 0.140596 0.157107 0.14566 0.097012 0.0518583 0.0261237 0.0123438 0.00527245 0.00205523 0.000720609 0.000221567 5.8272e-05 1.28623e-05 2.38906e-06
 1.06895e-11 1.16075e-09 7.43125e-08 2.80493e-06 6.24201e-05 0.000819004 0.00633706 0.0289433 0.0784143 0.129105 0.143602 0.14392 0.155638 0.141201 0.0905369 0.0448212 0.0207825 0.00946879 0.00402972 0.00156432 0.000538923 0.000161336 4.11531e-05 8.69967e-06 1.48569e-06
 1.13846e-11 1.23623e-09 7.91447e-08 2.98732e-06 6.64789e-05 0.000872254 0.00674889 0.0308199 0.0834379 0.13689 0.150024 0.145029 0.15182 0.13585 0.0860915 0.0415334 0.018338 0.00778385 0.00305314 0.00111696 0.000375458 0.00011098 2.77614e-05 5.69946e-06 9.33491e-07
 1.07378e-11 1.166e-09 7.46482e-08 2.8176e-06 6.27021e-05 0.000822706 0.00636575 0.0290757 0.0787905 0.129865 0.145092 0.146886 0.159877 0.144196 0.0899154 0.0413977 0.0170663 0.00682806 0.0025309 0.00086101 0.000267115 7.41252e-05 1.78894e-05 3.5919e-06 5.73838e-07
 9.93738e-12 1.07908e-09 6.90838e-08 2.60757e-06 5.80282e-05 0.000761386 0.00589149 0.0269143 0.0730003 0.120858 0.137498 0.145077 0.163566 0.150272 0.09617 0.0467706 0.0205501 0.00834281 0.00296391 0.000941891 0.00027168 6.96652e-05 1.55394e-05 2.9331e-06 4.50198e-07
 9.75632e-12 1.05942e-09 6.78251e-08 2.56006e-06 5.6971e-05 0.000747515 0.0057842 0.026425 0.0716853 0.118778 0.135576 0.144099 0.163487 0.150865 0.0974151 0.0484263 0.0220939 0.00942584 0.00354165 0.00116241 0.000328722 7.92426e-05 1.63178e-05 2.83366e-06 4.03255e-07
 1.04711e-11 1.13704e-09 7.27944e-08 2.74763e-06 6.11449e-05 0.000802275 0.0062077 0.0283545 0.0768467 0.126745 0.141995 0.144716 0.158675 0.144452 0.0922932 0.0450573 0.0202036 0.00864712 0.00334351 0.00115043 0.000342198 8.49385e-05 1.72435e-05 2.83072e-06 3.72465e-07
 1.12135e-11 1.21765e-09 7.79553e-08 2.94243e-06 6.54799e-05 0.000859149 0.00664758 0.0303593 0.0822197 0.135122 0.149145 0.146695 0.155759 0.139325 0.0867742 0.0400226 0.0165835 0.00669763 0.0025146 0.000861166 0.00026185 6.77522e-05 1.43577e-05 2.4077e-06 3.11728e-07
 1.07974e-11 1.17247e-09 7.50624e-08 2.83324e-06 6.305e-05 0.000827271 0.00640109 0.0292374 0.0792332 0.13063 0.146106 0.148261 0.161525 0.145144 0.0892221 0.0395333 0.0152692 0.00569985 0.00197386 0.000628554 0.000182944 4.68657e-05 1.01153e-05 1.75631e-06 2.3503e-07
 1.0557e-11 1.14636e-09 7.33911e-08 2.77015e-06 6.16462e-05 0.000808853 0.00625864 0.0285881 0.0774923 0.127911 0.143757 0.147534 0.162364 0.146833 0.0912822 0.0415052 0.0165545 0.00618935 0.00204732 0.000601994 0.000160348 3.80468e-05 7.82964e-06 1.34205e-06 1.82174e-07
 1.08417e-11 1.17728e-09 7.53707e-08 2.84487e-06 6.33089e-05 0.000830668 0.00642735 0.0293567 0.0795482 0.131083 0.146308 0.147762 0.160415 0.144235 0.089199 0.0401545 0.0158543 0.00595759 0.00201025 0.000596549 0.00015416 3.40782e-05 6.42645e-06 1.02154e-06 1.32436e-07
 1.12708e-11 1.22388e-09 7.83538e-08 2.95747e-06 6.58146e-05 0.000863541 0.00668157 0.0305147 0.0826429 0.135835 0.150015 0.147731 0.156924 0.14002 0.0863783 0.0387762 0.0152268 0.00567456 0.00189833 0.000562659 0.000146699 3.25041e-05 5.95988e-06 8.89101e-07 1.06483e-07
 1.19301e-11 1.29547e-09 8.29369e-08 3.13046e-06 6.96642e-05 0.000914046 0.00707217 0.0322943 0.0874044 0.143194 0.155988 0.148448 0.152725 0.134309 0.0817028 0.0355745 0.0133245 0.00478841 0.0015745 0.000461982 0.000119515 2.64095e-05 4.85082e-06 7.19169e-07 8.35706e-08
 1.27376e-11 1.38315e-09 8.85504e-08 3.34234e-06 7.43792e-05 0.000975904 0.00755052 0.0344728 0.0932197 0.152072 0.162658 0.147548 0.144876 0.125531 0.076754 0.0341692 0.0132038 0.00478675 0.00153468 0.000432919 0.000108701 2.36272e-05 4.30126e-06 6.35002e-07 7.35286e-08
 1.2726e-11 1.38189e-09 8.84698e-08 3.3393e-06 7.43115e-05 0.000975017 0.0075437 0.0344426 0.0931517 0.152069 0.163154 0.149189 0.147466 0.127291 0.0761151 0.0318882 0.0111851 0.00379491 0.00120622 0.000343348 8.53535e-05 1.80046e-05 3.17675e-06 4.59212e-07 5.25649e-08
 1.28921e-11 1.39993e-09 8.96249e-08 3.3829e-06 7.52818e-05 0.000987747 0.00764217 0.0348917 0.0943594 0.153985 0.164951 0.150175 0.147647 0.126725 0.0747169 0.0300577 0.0096903 0.00295706 0.000848267 0.000221253 5.25256e-05 1.09487e-05 1.91204e-06 2.70162e-07 3.00902e-08
 1.22965e-11 1.33525e-09 8.54839e-08 3.22659e-06 7.18035e-05 0.000942114 0.00728927 0.0332843 0.0900643 0.147395 0.159835 0.150302 0.152637 0.132729 0.0787356 0.031975 0.0104428 0.00316965 0.000865713 0.000205485 4.35761e-05 8.23443e-06 1.34965e-06 1.84978e-07 2.02409e-08
 1.22745e-11 1.33287e-09 8.53314e-08 3.22084e-06 7.16754e-05 0.000940433 0.00727628 0.0332252 0.0899079 0.147167 0.159714 0.150493 0.153103 0.133129 0.0787864 0.0317688 0.0102427 0.00308043 0.000842225 0.000199407 4.09254e-05 7.16004e-06 1.05536e-06 1.30658e-07 1.32945e-08
 1.2779e-11 1.38764e-09 8.88382e-08 3.3532e-06 7.4621e-05 0.000979077 0.00757512 0.0345862 0.0935414 0.152717 0.1639 0.149982 0.148272 0.127676 0.0756313 0.0307813 0.0101053 0.00308427 0.000843758 0.000198229 4.04194e-05 7.01033e-06 1.003e-06 1.16248e-07 1.07628e-08
 1.22848e-11 1.33398e-09 8.54027e-08 3.22353e-06 7.17354e-05 0.00094122 0.00728237 0.033253 0.0899827 0.147286 0.159829 0.150564 0.153127 0.133097 0.0786821 0.0316299 0.0101395 0.00303527 0.000830268 0.000197352 4.05774e-05 7.02892e-06 9.9845e-07 1.14167e-07 1.02534e-08
#obs catch len freq
 6.23776e-12 6.77347e-10 4.33643e-08 1.63679e-06 3.64247e-05 0.000477924 0.00369798 0.0168906 0.0457717 0.0754622 0.0845667 0.0875973 0.104266 0.119052 0.120522 0.110736 0.0894403 0.0635235 0.0405554 0.0226147 0.0102742 0.00351693 0.000846696 0.000136117 1.4099e-05
 5.06111e-12 5.49577e-10 3.51844e-08 1.32804e-06 2.95541e-05 0.000387788 0.00300104 0.0137184 0.0373218 0.0626608 0.0752217 0.0893236 0.115811 0.132493 0.130084 0.115912 0.0915001 0.0629939 0.0381406 0.0198094 0.00830609 0.00261354 0.000577528 8.51842e-05 8.09264e-06
 6.63402e-13 7.20378e-11 4.61195e-09 1.74085e-07 3.87472e-06 5.08842e-05 0.000395427 0.00184465 0.0055118 0.0131003 0.0327715 0.0766641 0.131861 0.164878 0.168576 0.149703 0.112419 0.0720082 0.0405095 0.0195139 0.00752615 0.00216347 0.000435731 5.85915e-05 5.0798e-06
 8.94979e-12 9.71842e-10 6.22181e-08 2.34843e-06 5.22608e-05 0.000685674 0.00530416 0.0241962 0.0651446 0.103966 0.100687 0.0677399 0.0551375 0.0821486 0.123695 0.13629 0.108704 0.0678922 0.0355408 0.0156192 0.00547234 0.00142782 0.000260821 3.18115e-05 2.50419e-06
 9.6587e-12 1.04882e-09 6.71465e-08 2.53446e-06 5.64017e-05 0.00074007 0.00572745 0.0261817 0.0711918 0.11891 0.138328 0.148353 0.161738 0.139046 0.0831608 0.0423248 0.0270567 0.0192158 0.0111216 0.00483849 0.00156888 0.000370008 6.08621e-05 6.69458e-06 4.76306e-07
 1.08788e-11 1.18131e-09 7.56282e-08 2.8546e-06 6.35257e-05 0.000833517 0.00644948 0.0294561 0.0797488 0.13054 0.140424 0.127219 0.12659 0.124984 0.105306 0.0714037 0.0361976 0.0138008 0.00471584 0.00163942 0.000495936 0.000109742 1.65327e-05 1.64322e-06 1.05295e-07
 1.23223e-11 1.33806e-09 8.56638e-08 3.23339e-06 7.19552e-05 0.000944113 0.00730494 0.0333561 0.0902087 0.146852 0.154148 0.129796 0.11736 0.109648 0.0910752 0.0638545 0.0351979 0.0144265 0.00441721 0.00107002 0.000220713 3.84668e-05 5.08514e-06 4.59402e-07 2.68087e-08
 1.18361e-11 1.28526e-09 8.22832e-08 3.10579e-06 6.9116e-05 0.000906878 0.00701746 0.0320554 0.0868282 0.142263 0.15283 0.135747 0.127834 0.116956 0.0910679 0.059119 0.0305863 0.0120789 0.00363575 0.000835834 0.000144991 1.88825e-05 1.84541e-06 1.31963e-07 6.54342e-09
 1.20617e-11 1.30976e-09 8.3852e-08 3.16501e-06 7.04338e-05 0.000924175 0.00715139 0.0326681 0.0884851 0.144875 0.154885 0.135327 0.125198 0.115192 0.091462 0.0594008 0.0296284 0.0109354 0.00303306 0.000644933 0.000103485 1.20659e-05 9.89821e-07 5.60484e-08 2.16339e-09
 1.15136e-11 1.25025e-09 8.00419e-08 3.0212e-06 6.72339e-05 0.000882208 0.00682729 0.0311991 0.0846305 0.139334 0.151693 0.137646 0.131033 0.120286 0.0938048 0.0595731 0.0290822 0.0104845 0.0028009 0.00056 8.27898e-05 8.80017e-06 6.51999e-07 3.27267e-08 1.08745e-09
 1.19178e-11 1.29413e-09 8.28514e-08 3.12725e-06 6.95939e-05 0.00091318 0.00706705 0.0322949 0.0875893 0.144011 0.155657 0.138239 0.128712 0.118185 0.0926316 0.0574406 0.0262334 0.00852728 0.0020149 0.000358231 4.7908e-05 4.65109e-06 3.14396e-07 1.43178e-08 4.28762e-10
 1.1903e-11 1.29253e-09 8.2749e-08 3.12339e-06 6.95084e-05 0.000912078 0.00705911 0.0322684 0.0876116 0.144563 0.157792 0.142233 0.132426 0.118819 0.0898619 0.0535853 0.0235484 0.00732663 0.00162487 0.000262908 3.12136e-05 2.67263e-06 1.60467e-07 6.55629e-09 1.77299e-10
 1.27162e-11 1.38083e-09 8.84019e-08 3.33676e-06 7.42569e-05 0.000974388 0.00754127 0.0344693 0.093532 0.153851 0.165668 0.143805 0.127852 0.112002 0.0835205 0.048611 0.0205454 0.00607273 0.00126563 0.000190354 2.07476e-05 1.60738e-06 8.61577e-08 3.11841e-09 7.46564e-11
 1.01374e-11 1.1008e-09 7.04746e-08 2.66011e-06 5.92004e-05 0.000776912 0.00601573 0.0275465 0.0752715 0.127038 0.148274 0.150806 0.152343 0.13574 0.0965966 0.0524352 0.0204397 0.00548752 0.00101885 0.000134905 1.29905e-05 8.99316e-07 4.34069e-08 1.41559e-09 3.04212e-11
 9.47454e-12 1.02882e-09 6.58665e-08 2.48617e-06 5.53299e-05 0.00072613 0.00562277 0.0257493 0.0703614 0.118647 0.137973 0.140507 0.147586 0.143501 0.11224 0.0642313 0.0250587 0.00647221 0.00111968 0.00013399 1.13757e-05 6.86078e-07 2.88699e-08 8.27312e-10 1.57697e-11
 9.4027e-12 1.02102e-09 6.53672e-08 2.46734e-06 5.49117e-05 0.000720685 0.00558174 0.0255789 0.0700499 0.118896 0.140359 0.145319 0.151849 0.143647 0.108379 0.0599278 0.0227572 0.00576897 0.000983019 0.000114906 9.31483e-06 5.20498e-07 1.97481e-08 5.00945e-10 8.3786e-12
 1.0401e-11 1.12943e-09 7.23075e-08 2.72931e-06 6.07418e-05 0.000797191 0.00617379 0.0282804 0.0773 0.130144 0.149464 0.146279 0.145362 0.134604 0.100338 0.0546484 0.0204348 0.00512879 0.00087118 0.00010171 8.18157e-06 4.47485e-07 1.63263e-08 3.90573e-10 6.04334e-12
 1.05272e-11 1.14313e-09 7.31847e-08 2.76244e-06 6.14807e-05 0.000806955 0.00625112 0.02866 0.0785563 0.133327 0.155884 0.155213 0.151473 0.132341 0.0913889 0.0459444 0.015827 0.00363656 0.000562041 5.98966e-05 4.46696e-06 2.30993e-07 8.07576e-09 1.8585e-10 2.75631e-12
 9.66743e-12 1.04977e-09 6.72081e-08 2.53687e-06 5.64625e-05 0.000741176 0.00574375 0.0263661 0.0725473 0.124535 0.149713 0.155628 0.157097 0.139632 0.0972019 0.0490625 0.0170169 0.00396411 0.000621751 6.62485e-05 4.79908e-06 2.3425e-07 7.60575e-09 1.6211e-10 2.23812e-12
 9.5097e-12 1.03265e-09 6.61117e-08 2.49551e-06 5.55434e-05 0.000729167 0.00565195 0.0259608 0.0715469 0.123267 0.149136 0.156151 0.158668 0.141643 0.0980236 0.0485003 0.0163427 0.00369427 0.000565037 5.91329e-05 4.22437e-06 2.02684e-07 6.39824e-09 1.30546e-10 1.69872e-12
 1.05935e-11 1.15034e-09 7.36466e-08 2.77994e-06 6.18739e-05 0.000812264 0.00629548 0.0289028 0.0794823 0.135765 0.159845 0.158589 0.152494 0.130961 0.0877022 0.0419535 0.0136604 0.00298444 0.000440861 4.44778e-05 3.05838e-06 1.41229e-07 4.29415e-09 8.43928e-11 1.05561e-12
 1.02811e-11 1.11641e-09 7.14751e-08 2.69802e-06 6.00545e-05 0.000788531 0.0061151 0.0281238 0.0777338 0.134589 0.162977 0.166466 0.158791 0.130185 0.0822821 0.037366 0.0116677 0.00246315 0.000352494 3.43649e-05 2.27067e-06 1.00172e-07 2.89723e-09 5.4025e-11 6.40451e-13
 1.10956e-11 1.20486e-09 7.71382e-08 2.91179e-06 6.48127e-05 0.000850987 0.00659856 0.0303281 0.0836094 0.143424 0.169226 0.165485 0.152776 0.123768 0.0772215 0.0341003 0.0102001 0.00204168 0.000275549 2.53116e-05 1.5788e-06 6.58775e-08 1.80268e-09 3.17599e-11 3.5494e-13
 1.08078e-11 1.17361e-09 7.51379e-08 2.83637e-06 6.31394e-05 0.000829226 0.00643447 0.0296348 0.0821614 0.142955 0.173378 0.173973 0.158585 0.121845 0.0709828 0.0292469 0.00817478 0.00152573 0.000190949 1.61793e-05 9.29113e-07 3.57592e-08 9.05949e-10 1.48331e-11 1.54492e-13
 1.04391e-11 1.13358e-09 7.25759e-08 2.73973e-06 6.0992e-05 0.000801164 0.00621959 0.0286786 0.0797358 0.139617 0.171365 0.174797 0.16177 0.125326 0.0726944 0.029376 0.0079504 0.00142193 0.000168771 1.34083e-05 7.14163e-07 2.52886e-08 5.86878e-10 8.79169e-12 8.38617e-14
 9.71415e-12 1.05486e-09 6.75372e-08 2.54964e-06 5.67677e-05 0.000745946 0.00579664 0.0267992 0.075026 0.133556 0.169177 0.17896 0.168338 0.129485 0.0736956 0.0291234 0.00771565 0.0013528 0.000157088 1.21143e-05 6.18485e-07 2.07015e-08 4.4858e-10 6.21627e-12 5.45027e-14
 1.0028e-11 1.08894e-09 6.97198e-08 2.63208e-06 5.86058e-05 0.000770164 0.00598561 0.0276747 0.0774274 0.137349 0.172206 0.179269 0.166506 0.126707 0.0707571 0.0271031 0.00689333 0.0011541 0.000127742 9.39419e-06 4.57687e-07 1.46059e-08 3.00735e-10 3.93815e-12 3.24136e-14
 1.01786e-11 1.10531e-09 7.07689e-08 2.67182e-06 5.94982e-05 0.000782137 0.00608333 0.0281772 0.0791442 0.141406 0.178633 0.184911 0.166586 0.1208 0.0638322 0.0230835 0.00553273 0.000870166 9.01019e-05 6.1782e-06 2.804e-07 8.34783e-09 1.6075e-10 1.97307e-12 1.52392e-14
 1.01954e-11 1.10714e-09 7.08876e-08 2.67645e-06 5.96088e-05 0.00078383 0.00610077 0.0283016 0.0797432 0.143249 0.182053 0.188357 0.167355 0.118071 0.0599503 0.0205901 0.004636 0.000677679 6.45793e-05 4.04604e-06 1.67293e-07 4.54209e-09 8.00217e-11 9.01959e-13 6.41894e-15
#spawning biomass
 12571.2 10939.8 8633.51 9634.89 14205.6 20757 32432.1 49911.2 69948.1 97183.7 108951 138737 170239 207370 221522 218962 217202 215139 208501 189410 184178 190089 250152 295985 304110 315709 285979 277677 284914 321091 339798 178735 87946.1 46357.6 29444.7 23071.1 20790.5 20003.8 19739.6 19652.6 19624.4 19615.3 19612.4 19611.5 19611.2 19611.2 19611.1 19611.1 19611.1 19611.1 19611.1 19611.1 19611.1 19611.1 19611.1 19611.1 19611.1 19611.1 19611.1 19611.1 19611.1 19611.1 19611.1 19611.1 19611.1 19611.1 19611.1 19611.1 19611.1 19611.1 19611.1 19611.1 19611.1 19611.1 19611.1 19611.1 19611.1 19611.1 19611.1 19611.1 19611.1 19611.1 19611.1 19611.1 19611.1 19611.1 19611.1 19611.1 19611.1 19611.1 19611.1 19611.1 19611.1 19611.1 19611.1 19611.1 19611.1 19611.1 19611.1 19611.1 19611.1 19611.1 19611.1 19611.1 19611.1 19611.1 19611.1 19611.1 19611.1 19611.1 19611.1 19611.1 19611.1 19611.1 19611.1 19611.1 19611.1 19611.1 19611.1 19611.1 19611.1 19611.1 19611.1 19611.1 19611.1 19611.1 19611.1 19611.1 19611.1 0 0 0 0 0 0 0 0 0 0 0 0 0 0 0 0 0 0 0 0 0 0 0 0 0
