SBPRF35
0.814869
Curr Bio
186950
B35
631446
F35
0.263682
FOFL
0.0832615
OFL
7506.06
Bzero
232820
#pred survey bio
 11620.1 10566.4 14464.4 20967.1 26316.8 31703.9 38804.7 44516.6 49881.5 66225.6 84238.2 96939.2 118309 132943 134339 114736 101462 97732.7 106007 104241 110992 117245 115772 127480 133778 141819 140927 149444 6.30091e+06 6.12567e+06 7.05848e+06 6.68399e+06 5.80749e+06 4.87381e+06 4.06193e+06 3.42102e+06 2.94243e+06 2.59699e+06 2.35272e+06 2.18192e+06 2.06297e+06 1.97987e+06 1.92074e+06 1.87791e+06 1.84782e+06 1.8263e+06 1.81065e+06 1.79906e+06 1.79035e+06 1.7837e+06 1.77857e+06 1.77456e+06 1.7714e+06 1.76889e+06 1.76689e+06 1.76528e+06 1.76398e+06 1.76293e+06 1.76208e+06 1.76139e+06 1.76083e+06 1.76038e+06 1.76e+06 1.7597e+06 1.75945e+06 1.75925e+06 1.75909e+06 1.75895e+06 1.75884e+06 1.75875e+06 1.75868e+06 1.75862e+06 1.75857e+06 1.75853e+06 1.7585e+06 1.75847e+06 1.75845e+06 1.75843e+06 1.75842e+06 1.7584e+06 1.75839e+06 1.75839e+06 1.75838e+06 1.75837e+06 1.75837e+06 1.75837e+06 1.75836e+06 1.75836e+06 1.75836e+06 1.75836e+06 1.75836e+06 1.75836e+06 1.75835e+06 1.75835e+06 1.75835e+06 1.75835e+06 1.75835e+06 1.75835e+06 1.75835e+06 1.75835e+06 1.75835e+06 1.75835e+06 1.75835e+06 1.75835e+06 1.75835e+06 1.75835e+06 1.75835e+06 1.75835e+06 1.75835e+06 1.75835e+06 1.75835e+06 1.75835e+06 1.75835e+06 1.75835e+06 1.75835e+06 1.75835e+06 1.75835e+06 1.75835e+06 1.75835e+06 1.75835e+06 1.75835e+06 1.75835e+06 1.75835e+06 1.75835e+06 1.75835e+06 1.75835e+06 1.75835e+06 1.75835e+06 0 0 0 0 0 0 0 0 0 0 0 0 0 0 0 0 0 0 0 0 0 0 0 0 0
#obs survey bio
 10480.3 8900.44 15732.5 22971.7 14177.3 24414.4 46775.7 36135.9 46817 54290.5 89812.3 73671.1 108435 93730.6 125489 78598.1 122663 67995.8 89411.4 69261.8 117353 98842.8 94449.3 87604.4 115977 129985 104613 142247
#pred catch bio
 7614.67 5854.81 6762.5 9556.9 15310 18043.6 20714.2 26034.4 27942.8 36014 53638.3 62071.7 80608.8 99313.5 110458 97574.2 85005.9 78351.2 89409.7 86186.9 87553.7 93706.3 90268.7 105426 110914 120802 117433 105198 7506.06 51664.3 67984 64322.4 54608.4 44632.6 36176.6 29643.3 24876.4 21530.7 19246.1 17716.9 16708.6 16050.4 15621.8 15343.5 15168.7 15059.1 14990.2 14947 14919.9 14902.8 14892.1 14885.4 14881.2 14878.6 14876.9 14875.9 14875.2 14874.8 14874.6 14874.4 14874.3 14874.2 14874.2 14874.2 14874.1 14874.1 14874.1 14874.1 14874.1 14874.1 14874.1 14874.1 14874.1 14874.1 14874.1 14874.1 14874.1 14874.1 14874.1 14874.1 14874.1 14874.1 14874.1 14874.1 14874.1 14874.1 14874.1 14874.1 14874.1 14874.1 14874.1 14874.1 14874.1 14874.1 14874.1 14874.1 14874.1 14874.1 14874.1 14874.1 14874.1 14874.1 14874.1 14874.1 14874.1 14874.1 14874.1 14874.1 14874.1 14874.1 14874.1 14874.1 14874.1 14874.1 14874.1 14874.1 14874.1 14874.1 14874.1 14874.1 14874.1 14874.1 14874.1 14874.1 14874.1 14874.1 14874.1 14874.1 0 0 0 0 0 0 0 0 0 0 0 0 0 0 0 0 0 0 0 0 0 0 0 0 0
#obs catch bio
 5850.83 5893.59 6675.65 9248.38 15374.7 17754.2 20307.3 25557.3 27688.9 35159.1 52566.9 61419.9 77568.3 97684.6 108027 98440.5 82185 76284.5 87117.6 85619.9 84533.7 89527.5 87897.6 101849 106981 115980 114290 103343
#pred cpue bio
 8502.71 7078.92 8661.65 12895.8 16859.9 19314.4 23280.4 26863.4 28744.2 35500 46699.8 53365.9 62335.6 73297.9 80499.2 67905.7 56837.2 53874.6 57751.2 56626.8 57600.5 60451.4 59441.7 64165.6 65859.5 72404.4 72717 77544.9 3.57059e+06 5.04167e+06 6.81405e+06 6.56464e+06 5.6729e+06 4.72912e+06 3.91412e+06 3.27241e+06 2.79362e+06 2.44813e+06 2.20385e+06 2.03305e+06 1.9141e+06 1.831e+06 1.77186e+06 1.72903e+06 1.69894e+06 1.67743e+06 1.66177e+06 1.65019e+06 1.64148e+06 1.63483e+06 1.6297e+06 1.62569e+06 1.62253e+06 1.62002e+06 1.61801e+06 1.61641e+06 1.61511e+06 1.61406e+06 1.61321e+06 1.61252e+06 1.61196e+06 1.6115e+06 1.61113e+06 1.61083e+06 1.61058e+06 1.61038e+06 1.61021e+06 1.61008e+06 1.60997e+06 1.60988e+06 1.6098e+06 1.60974e+06 1.6097e+06 1.60966e+06 1.60962e+06 1.6096e+06 1.60957e+06 1.60956e+06 1.60954e+06 1.60953e+06 1.60952e+06 1.60951e+06 1.60951e+06 1.6095e+06 1.6095e+06 1.60949e+06 1.60949e+06 1.60949e+06 1.60949e+06 1.60948e+06 1.60948e+06 1.60948e+06 1.60948e+06 1.60948e+06 1.60948e+06 1.60948e+06 1.60948e+06 1.60948e+06 1.60948e+06 1.60948e+06 1.60948e+06 1.60948e+06 1.60948e+06 1.60948e+06 1.60948e+06 1.60948e+06 1.60948e+06 1.60948e+06 1.60948e+06 1.60948e+06 1.60948e+06 1.60948e+06 1.60948e+06 1.60948e+06 1.60948e+06 1.60948e+06 1.60948e+06 1.60948e+06 1.60948e+06 1.60948e+06 1.60948e+06 1.60948e+06 1.60948e+06 1.60948e+06 1.60948e+06 1.60948e+06 1.60948e+06 1.60948e+06 0 0 0 0 0 0 0 0 0 0 0 0 0 0 0 0 0 0 0 0 0 0 0 0 0
#obs cpue bio
 8181.44 7004.06 10690.4 22003.2 22082.2 35422.4 30746.2 39855 35743.2 66587.1 55006.7 92649.2 129396 106284 130031 90670.6 81685.7 117417 90007.5 94929.8 117074 132383 109486 165845 124074 147349 137908 142603
#pred surv len freq
 2.56105e-27 2.58277e-27 2.83785e-26 5.44683e-20 1.33522e-14 3.95651e-10 1.41715e-06 0.000613574 0.0321122 0.203151 0.155754 0.0397409 0.193062 0.178592 0.0456781 0.0597011 0.0255282 0.0194397 0.011851 0.00893972 0.00696575 0.00598923 0.00597945 0.00528711 0.0016124
 2.56383e-27 2.59043e-27 3.51512e-26 6.87555e-20 1.68546e-14 4.99431e-10 1.78888e-06 0.000774517 0.0405354 0.256438 0.196413 0.0378173 0.149861 0.13931 0.0496234 0.0782946 0.0266291 0.0111461 0.00491561 0.00275557 0.00174061 0.0012791 0.00113066 0.000999591 0.000334013
 2.56655e-27 2.59751e-27 4.10922e-26 8.12874e-20 1.99266e-14 5.90461e-10 2.11493e-06 0.000915685 0.0479237 0.303178 0.23212 0.0389276 0.133223 0.123286 0.0346451 0.048274 0.0191665 0.0120543 0.00387657 0.00120488 0.000498278 0.000276619 0.00020188 0.000167583 5.79762e-05
 2.56469e-27 2.59237e-27 3.64473e-26 7.14883e-20 1.75245e-14 5.19282e-10 1.85998e-06 0.000805301 0.0421465 0.266631 0.204248 0.0410844 0.16922 0.156394 0.0385445 0.0487252 0.0176484 0.0090567 0.00363636 0.00136132 0.000308438 9.47436e-05 4.83554e-05 3.44683e-05 1.18026e-05
 2.5642e-27 2.59127e-27 3.57055e-26 6.99242e-20 1.71411e-14 5.07921e-10 1.81929e-06 0.000787682 0.0412244 0.260797 0.199765 0.0393325 0.159037 0.147479 0.045697 0.0672803 0.02324 0.0101354 0.00353235 0.00123796 0.000356006 6.8537e-05 1.64192e-05 8.29367e-06 2.66013e-06
 2.56543e-27 2.59444e-27 3.83478e-26 7.54978e-20 1.85074e-14 5.48406e-10 1.9643e-06 0.000850467 0.0445104 0.281585 0.215649 0.0399734 0.152754 0.141331 0.0382667 0.0519071 0.0189743 0.00982036 0.00317283 0.000915172 0.000229755 4.92664e-05 7.02539e-06 1.58912e-06 4.22696e-07
 2.56533e-27 2.59405e-27 3.7897e-26 7.45464e-20 1.82741e-14 5.41496e-10 1.93955e-06 0.000839749 0.0439495 0.278037 0.212954 0.0409354 0.161969 0.149694 0.0372438 0.0473876 0.0163566 0.00715096 0.00248353 0.000792613 0.000168672 3.06954e-05 4.21107e-06 4.35766e-07 6.67066e-08
 2.5653e-27 2.59402e-27 3.79035e-26 7.45601e-20 1.82775e-14 5.41596e-10 1.9399e-06 0.000839905 0.0439576 0.278088 0.212988 0.0405708 0.159171 0.147218 0.0387177 0.0513548 0.0172847 0.00684251 0.00216682 0.00062442 0.000146945 2.45399e-05 2.81628e-06 2.18911e-07 1.43382e-08
 2.56638e-27 2.59685e-27 4.03068e-26 7.96298e-20 1.95203e-14 5.78421e-10 2.07181e-06 0.000897013 0.0469464 0.296996 0.227428 0.0406954 0.149974 0.138546 0.0338477 0.0424126 0.0142965 0.0056907 0.00172026 0.000438971 9.10492e-05 1.55446e-05 1.68693e-06 1.06511e-07 3.97541e-09
 2.56803e-27 2.60122e-27 4.40782e-26 8.75855e-20 2.14705e-14 6.3621e-10 2.2788e-06 0.000986632 0.0516368 0.326668 0.25008 0.0403474 0.13141 0.121257 0.0279196 0.0332081 0.010941 0.00397834 0.00119649 0.000302185 5.66236e-05 8.43504e-06 8.88705e-07 5.21329e-08 1.45315e-09
 2.56652e-27 2.59703e-27 4.02905e-26 7.95947e-20 1.95117e-14 5.78166e-10 2.07089e-06 0.000896617 0.0469257 0.296865 0.227351 0.0421844 0.161358 0.148742 0.030062 0.0311547 0.0100067 0.00325506 0.000932398 0.000217716 4.01909e-05 5.53009e-06 5.06444e-07 2.80007e-08 6.97786e-10
 2.56685e-27 2.59795e-27 4.11253e-26 8.13558e-20 1.99434e-14 5.90959e-10 2.11671e-06 0.000916457 0.047964 0.303434 0.232359 0.0416819 0.154016 0.142052 0.0304292 0.033644 0.0102598 0.0024427 0.000641495 0.000132274 2.24147e-05 2.93124e-06 2.48358e-07 1.20105e-08 2.76118e-10
 2.56785e-27 2.60062e-27 4.34467e-26 8.62529e-20 2.11439e-14 6.2653e-10 2.24413e-06 0.000971621 0.0508511 0.321698 0.246301 0.041359 0.141764 0.130654 0.0267458 0.028118 0.00867026 0.00222527 0.000542343 8.39933e-05 1.23123e-05 1.43157e-06 1.12476e-07 4.97885e-09 1.00954e-10
 2.56601e-27 2.59554e-27 3.88589e-26 7.65743e-20 1.87713e-14 5.56226e-10 1.99231e-06 0.000862594 0.045145 0.2856 0.21877 0.0434909 0.177329 0.163303 0.0294474 0.0260461 0.00782365 0.00169729 0.000408226 6.47348e-05 7.8596e-06 7.12988e-07 4.83421e-08 1.94643e-09 3.57685e-11
 2.56377e-27 2.58958e-27 3.37048e-26 6.57016e-20 1.6106e-14 4.77248e-10 1.70942e-06 0.000740115 0.0387349 0.245048 0.187814 0.0439834 0.202828 0.187101 0.0385285 0.0407445 0.0119379 0.00202399 0.000445204 6.09565e-05 7.30011e-06 5.98262e-07 3.09464e-08 1.03587e-09 1.70518e-11
 2.56467e-27 2.59209e-27 3.59986e-26 7.05409e-20 1.72922e-14 5.124e-10 1.83533e-06 0.000794628 0.041588 0.263097 0.201576 0.0427369 0.183673 0.169549 0.0376703 0.0432194 0.0128989 0.00257044 0.000558559 6.01838e-05 6.17051e-06 4.57684e-07 2.17187e-08 5.64823e-10 7.53873e-12
 2.56577e-27 2.59493e-27 3.83623e-26 7.55268e-20 1.85145e-14 5.48618e-10 1.96506e-06 0.000850794 0.0445275 0.281693 0.215783 0.043247 0.177572 0.163625 0.0312693 0.0301165 0.00899825 0.00184646 0.000413423 4.99157e-05 4.68508e-06 2.74062e-07 1.12584e-08 2.6214e-10 2.77507e-12
 2.56598e-27 2.59544e-27 3.87688e-26 7.63841e-20 1.87247e-14 5.54845e-10 1.98736e-06 0.000860452 0.0450329 0.284891 0.21823 0.043533 0.17803 0.163959 0.0297351 0.0265198 0.00769979 0.00121426 0.000257631 3.1973e-05 3.2004e-06 1.92447e-07 6.44259e-09 1.23953e-10 1.14385e-12
 2.56655e-27 2.59704e-27 4.02269e-26 7.94602e-20 1.94787e-14 5.77189e-10 2.0674e-06 0.000895103 0.0468465 0.296364 0.226978 0.0427672 0.166056 0.152989 0.0292385 0.0281472 0.00816861 0.00126373 0.000256147 2.56284e-05 2.43506e-06 1.53779e-07 5.39623e-09 9.01878e-11 6.74622e-13
 2.56608e-27 2.59567e-27 3.89135e-26 7.66892e-20 1.87994e-14 5.5706e-10 1.9953e-06 0.000863887 0.0452128 0.286029 0.219105 0.0439863 0.180864 0.166455 0.0280152 0.0219701 0.00633801 0.000949626 0.000189614 1.80604e-05 1.51784e-06 8.07979e-08 2.8549e-09 4.98372e-11 3.39346e-13
 2.56763e-27 2.59992e-27 4.27302e-26 8.47409e-20 2.07732e-14 6.15548e-10 2.20479e-06 0.000954589 0.0499597 0.316059 0.242011 0.0424046 0.152735 0.140605 0.0254016 0.0225104 0.00640801 0.000786656 0.000146996 1.36813e-05 1.11773e-06 5.42073e-08 1.61425e-09 2.66265e-11 1.86759e-13
 2.56741e-27 2.59925e-27 4.20606e-26 8.33283e-20 2.04269e-14 6.05286e-10 2.16803e-06 0.000938676 0.0491269 0.31079 0.238001 0.0432095 0.161677 0.148708 0.0241229 0.017562 0.00502576 0.000692971 0.000131327 1.02421e-05 7.65727e-07 3.59268e-08 9.94631e-10 1.40691e-11 8.97047e-14
 2.56749e-27 2.59948e-27 4.22604e-26 8.37496e-20 2.05302e-14 6.08346e-10 2.17899e-06 0.000943422 0.0493753 0.312362 0.2392 0.0431691 0.160527 0.147646 0.0239177 0.017356 0.0048807 0.000521804 9.11678e-05 7.74762e-06 5.63724e-07 2.23712e-08 5.79127e-10 7.66955e-12 4.27753e-14
 2.56811e-27 2.60117e-27 4.37859e-26 8.69679e-20 2.13191e-14 6.31724e-10 2.26273e-06 0.000979675 0.0512726 0.324365 0.248355 0.0425156 0.149122 0.137167 0.0228977 0.0176687 0.00498964 0.000560776 9.74794e-05 6.73846e-06 4.55139e-07 1.89555e-08 4.38803e-10 5.16376e-12 2.68356e-14
 2.56826e-27 2.60152e-27 4.40278e-26 8.74779e-20 2.14442e-14 6.35429e-10 2.276e-06 0.000985421 0.0515734 0.326267 0.249816 0.0430046 0.151817 0.139516 0.0208147 0.0123312 0.00344787 0.000359009 6.05169e-05 4.23674e-06 2.67779e-07 9.23082e-09 2.10591e-10 2.35879e-12 1.07994e-14
 2.56737e-27 2.59908e-27 4.18629e-26 8.29109e-20 2.03246e-14 6.02255e-10 2.15717e-06 0.000933974 0.0488808 0.309234 0.23682 0.043696 0.166209 0.152791 0.0230576 0.0140994 0.0038999 0.000324832 4.82091e-05 3.16428e-06 1.93381e-07 6.54353e-09 1.2966e-10 1.31298e-12 5.80909e-15
 2.56721e-27 2.59869e-27 4.15363e-26 8.2222e-20 2.01557e-14 5.97251e-10 2.13925e-06 0.000926214 0.0484747 0.306665 0.234857 0.0436133 0.166959 0.153528 0.0240056 0.0160735 0.0044584 0.000378217 5.57782e-05 3.03256e-06 1.56945e-07 4.95054e-09 9.52698e-11 8.79226e-13 3.42377e-15
 2.56724e-27 2.5988e-27 4.16685e-26 8.2501e-20 2.02241e-14 5.99277e-10 2.14651e-06 0.000929357 0.0486392 0.307705 0.235647 0.0433087 0.164086 0.150941 0.0247053 0.0183197 0.00512862 0.000502441 8.04521e-05 4.48496e-06 2.24644e-07 5.74482e-09 9.6714e-11 8.44098e-13 3.06871e-15
#obs surv len freq
 1.07986e-41 1.49878e-33 2.51451e-26 5.09938e-20 1.25005e-14 3.70413e-10 1.32676e-06 0.000574441 0.030064 0.190194 0.145938 0.0400724 0.173099 0.146528 0.104161 0.102283 0.0448007 0.0177056 0.00404091 0.000511585 2.64275e-05 4.04341e-07 1.37843e-09 8.53316e-13 8.40262e-17
 1.60174e-41 2.22311e-33 3.72973e-26 7.56381e-20 1.85418e-14 5.49427e-10 1.96796e-06 0.000852059 0.0445934 0.282111 0.216141 0.0406039 0.126361 0.102042 0.0762352 0.0690558 0.0291411 0.010479 0.00214004 0.0002329 9.84807e-06 1.16669e-07 2.95336e-10 1.32381e-13 9.30735e-18
 1.53467e-41 2.13002e-33 3.57355e-26 7.24709e-20 1.77654e-14 5.26421e-10 1.88556e-06 0.00081638 0.0427261 0.270299 0.207352 0.0499893 0.176718 0.128822 0.0565501 0.0427364 0.0172827 0.00560427 0.00100737 9.21437e-05 3.13251e-06 2.85784e-08 5.37552e-11 1.7476e-14 8.78496e-19
 1.07615e-41 1.49363e-33 2.50587e-26 5.08185e-20 1.24576e-14 3.6914e-10 1.3222e-06 0.000572467 0.0299606 0.189542 0.145918 0.0564647 0.230121 0.16302 0.0980516 0.0658665 0.0159446 0.00388728 0.000602583 4.54482e-05 1.21641e-06 8.42844e-09 1.17316e-11 2.76955e-15 9.97924e-20
 1.4992e-41 2.08079e-33 3.49095e-26 7.07957e-20 1.73547e-14 5.14253e-10 1.84197e-06 0.00079751 0.0417385 0.264051 0.202615 0.0472092 0.142377 0.104337 0.104374 0.0694075 0.0191614 0.00357647 0.000334108 1.89652e-05 3.91596e-07 2.02804e-09 2.06696e-12 3.52835e-16 9.11323e-21
 1.20371e-41 1.67067e-33 2.80289e-26 5.68421e-20 1.39342e-14 4.12895e-10 1.47892e-06 0.000640322 0.0335119 0.21201 0.163433 0.0649751 0.230986 0.143842 0.0782416 0.0495027 0.0188654 0.0036894 0.000290926 1.00006e-05 1.36654e-07 5.11876e-10 3.77096e-13 4.61356e-17 8.49737e-22
 1.377e-41 1.91118e-33 3.2064e-26 6.50252e-20 1.59402e-14 4.72336e-10 1.69183e-06 0.000732504 0.0383364 0.24253 0.186618 0.0579673 0.175233 0.116625 0.109587 0.0568465 0.0128134 0.00248107 0.000221453 6.36052e-06 5.44114e-08 1.2645e-10 6.33889e-14 5.45927e-18 7.10866e-23
 1.19219e-41 1.65468e-33 2.77607e-26 5.62982e-20 1.38008e-14 4.08944e-10 1.46477e-06 0.000634195 0.0331912 0.209983 0.162325 0.0720417 0.226511 0.133196 0.0945043 0.0501459 0.0151788 0.00214155 0.000141246 3.96713e-06 2.83974e-08 4.35441e-11 1.33726e-14 7.40849e-19 6.53945e-24
 1.51168e-41 2.09811e-33 3.52001e-26 7.13851e-20 1.74992e-14 5.18534e-10 1.8573e-06 0.000804148 0.0420859 0.266253 0.205119 0.0644068 0.167022 0.104093 0.0965033 0.0424556 0.00974882 0.00142083 8.38268e-05 1.67681e-06 9.9267e-09 1.24683e-11 2.7221e-15 9.67119e-20 5.3716e-25
 1.51679e-41 2.10521e-33 3.53193e-26 7.16268e-20 1.75585e-14 5.2029e-10 1.86359e-06 0.000806871 0.0422284 0.267158 0.206427 0.0778702 0.19823 0.103751 0.066631 0.0288061 0.00722665 0.000822761 4.04982e-05 6.95246e-07 3.00864e-09 2.80985e-12 4.77683e-16 1.27405e-20 4.9444e-26
 1.09731e-41 1.52299e-33 2.55513e-26 5.18176e-20 1.27025e-14 3.76397e-10 1.34819e-06 0.000583721 0.0305497 0.193281 0.151087 0.0971304 0.257941 0.136045 0.0953049 0.0319227 0.00554746 0.000581395 2.42486e-05 3.19952e-07 1.09249e-09 7.56422e-13 9.17093e-17 1.7834e-21 5.14698e-27
 1.67133e-41 2.3197e-33 3.89177e-26 7.89244e-20 1.93474e-14 5.73298e-10 2.05346e-06 0.000889078 0.0465308 0.294378 0.227281 0.0712731 0.144551 0.0935627 0.0886671 0.0280768 0.00445312 0.000325309 9.9818e-06 1.05508e-07 2.70469e-10 1.39111e-13 1.24313e-17 1.73223e-22 3.53136e-28
 1.33535e-41 1.85338e-33 3.10943e-26 6.30585e-20 1.54581e-14 4.58051e-10 1.64066e-06 0.00071035 0.0371769 0.235217 0.184295 0.110689 0.243328 0.106775 0.0573542 0.020249 0.00393903 0.000259951 5.90958e-06 4.2537e-08 7.95402e-11 3.01148e-14 1.94601e-18 1.95596e-23 2.86884e-29
 1.11519e-41 1.54781e-33 2.59678e-26 5.26622e-20 1.29095e-14 3.82532e-10 1.37017e-06 0.000593236 0.0310476 0.196447 0.155271 0.11184 0.235199 0.138111 0.104245 0.0240747 0.00295992 0.000204904 4.55681e-06 2.51132e-08 3.17589e-11 8.19331e-15 3.74395e-19 2.68769e-24 2.80623e-30
 8.75581e-42 1.21525e-33 2.03883e-26 4.13471e-20 1.01358e-14 3.00341e-10 1.07577e-06 0.000465772 0.0243767 0.154258 0.124326 0.12345 0.249283 0.159854 0.124518 0.034605 0.00465382 0.000204877 3.47354e-06 1.74106e-08 1.77325e-11 3.22618e-15 9.8912e-20 4.8046e-25 3.4725e-31
 1.41283e-41 1.96092e-33 3.28985e-26 6.67174e-20 1.6355e-14 4.84629e-10 1.73586e-06 0.000751568 0.0393341 0.248874 0.195094 0.0944897 0.159704 0.126658 0.101924 0.028858 0.00411495 0.000193403 2.5888e-06 8.86384e-09 7.05393e-12 1.03482e-15 2.39012e-20 8.16805e-26 4.01043e-32
 9.75139e-42 1.35343e-33 2.27066e-26 4.60485e-20 1.12882e-14 3.34491e-10 1.19809e-06 0.000518733 0.0271485 0.171835 0.141682 0.162224 0.272944 0.126161 0.0720412 0.0221174 0.00317744 0.000147978 1.93959e-06 5.61831e-09 3.17216e-12 3.25968e-16 5.60927e-21 1.46101e-26 5.35376e-33
 1.43733e-41 1.99492e-33 3.34689e-26 6.78742e-20 1.66386e-14 4.93031e-10 1.76596e-06 0.000764598 0.0400161 0.253215 0.200423 0.10805 0.161473 0.135662 0.0836356 0.0150655 0.00161999 7.31865e-05 8.98887e-07 2.36222e-09 1.13304e-12 8.89335e-17 1.07841e-21 1.95099e-27 5.09228e-34
 1.00232e-41 1.39116e-33 2.33395e-26 4.73321e-20 1.16029e-14 3.43815e-10 1.23149e-06 0.000533193 0.0279054 0.176682 0.14936 0.183613 0.26129 0.121244 0.0621613 0.015717 0.00145094 4.18303e-05 4.12348e-07 9.45677e-10 3.87538e-13 2.52155e-17 2.42843e-22 3.30751e-28 6.19697e-35
 1.28588e-41 1.78472e-33 2.99423e-26 6.07224e-20 1.48854e-14 4.41081e-10 1.57988e-06 0.000684034 0.0357998 0.226599 0.183914 0.132214 0.181304 0.152755 0.0743566 0.0113899 0.000954706 2.71225e-05 1.8915e-07 3.04113e-10 9.74872e-14 5.12463e-18 3.95635e-23 4.25318e-29 6.17129e-36
 1.41138e-41 1.95891e-33 3.28648e-26 6.66491e-20 1.63382e-14 4.84132e-10 1.73408e-06 0.000750797 0.039294 0.248763 0.204594 0.159179 0.187288 0.101668 0.0479851 0.00980438 0.000657418 1.33327e-05 7.92414e-08 9.83141e-11 2.17602e-14 8.06998e-19 4.6377e-24 3.81501e-30 4.25788e-37
 1.12678e-41 1.5639e-33 2.62377e-26 5.32095e-20 1.30437e-14 3.86508e-10 1.38441e-06 0.000599401 0.0313708 0.198742 0.172422 0.196563 0.225365 0.123098 0.0448926 0.00650488 0.000432731 8.25868e-06 3.6023e-08 3.33069e-11 5.66677e-15 1.5313e-19 6.11575e-25 3.49181e-31 2.77083e-38
 1.37591e-41 1.90967e-33 3.20386e-26 6.49736e-20 1.59275e-14 4.71962e-10 1.69049e-06 0.000731924 0.0383065 0.242606 0.203133 0.160213 0.178992 0.126439 0.0439876 0.00533259 0.000252004 3.8026e-06 1.44501e-08 1.0453e-11 1.28127e-15 2.511e-20 7.37435e-26 3.05427e-32 1.71473e-39
 1.35597e-41 1.882e-33 3.15744e-26 6.40322e-20 1.56967e-14 4.65123e-10 1.666e-06 0.000721319 0.0377518 0.239238 0.207132 0.193758 0.187917 0.0969235 0.032194 0.00419169 0.00016963 1.85228e-06 5.05157e-09 2.84039e-12 2.737e-16 4.01074e-21 8.45161e-27 2.48907e-33 1.00088e-40
 1.18667e-41 1.64702e-33 2.76322e-26 5.60376e-20 1.3737e-14 4.07051e-10 1.45799e-06 0.00063126 0.0330389 0.209578 0.190315 0.214395 0.206953 0.112626 0.0294696 0.0028842 0.000106017 1.01864e-06 2.08407e-09 8.17539e-13 5.61055e-17 6.09424e-22 9.65028e-28 2.10766e-34 6.14575e-42
 1.06583e-41 1.47931e-33 2.48184e-26 5.03312e-20 1.23381e-14 3.65601e-10 1.30952e-06 0.000566979 0.0296752 0.188449 0.178414 0.221089 0.217255 0.129509 0.0322075 0.00275761 7.51053e-05 5.58362e-07 9.38284e-10 2.86021e-13 1.41164e-17 1.06549e-22 1.17864e-28 1.83568e-35 3.88535e-43
 1.04771e-41 1.45415e-33 2.43964e-26 4.94754e-20 1.21283e-14 3.59384e-10 1.28725e-06 0.000557338 0.0291713 0.185418 0.179481 0.221467 0.216963 0.132145 0.0320788 0.00265483 6.19907e-05 3.50333e-07 4.2724e-10 9.78625e-14 3.6953e-18 2.08507e-23 1.66244e-29 1.81736e-36 2.67235e-44
 1.27023e-41 1.76299e-33 2.95778e-26 5.99832e-20 1.47042e-14 4.35712e-10 1.56065e-06 0.000675708 0.035366 0.224504 0.204909 0.200146 0.192407 0.112783 0.026952 0.00220573 5.00961e-05 2.60719e-07 2.68545e-10 4.8971e-14 1.45917e-18 6.62906e-24 4.33251e-30 3.89318e-37 4.6603e-45
#pred catch len freq
 2.55592e-27 2.5692e-27 1.67955e-26 3.00344e-20 7.36258e-15 2.18166e-10 7.81435e-07 0.000338332 0.0177071 0.112021 0.0861674 0.039685 0.241526 0.223786 0.0620541 0.0858827 0.0367014 0.0278788 0.0169162 0.0127123 0.0098836 0.00848998 0.00847346 0.00749189 0.00228477
 2.5576e-27 2.57408e-27 2.12407e-26 3.94122e-20 9.66144e-15 2.86286e-10 1.02543e-06 0.000443971 0.0232358 0.146997 0.112836 0.0372463 0.204236 0.19046 0.0762407 0.126242 0.042968 0.0180022 0.00791215 0.00441697 0.00278358 0.00204345 0.00180569 0.00159625 0.000533383
 2.56002e-27 2.58027e-27 2.63122e-26 5.01095e-20 1.22837e-14 3.63989e-10 1.30375e-06 0.000564473 0.0295425 0.186894 0.143338 0.0395484 0.200324 0.18592 0.0585619 0.0872969 0.0347321 0.0219069 0.00703144 0.00217516 0.000897165 0.00049745 0.000362901 0.000301223 0.000104209
 2.55839e-27 2.57564e-27 2.20237e-26 4.10618e-20 1.00658e-14 2.98267e-10 1.06834e-06 0.000462552 0.0242083 0.153149 0.117615 0.0423689 0.239861 0.222183 0.0610524 0.0836357 0.0303634 0.0156442 0.00626513 0.00233744 0.000528421 0.00016204 8.2657e-05 5.89127e-05 2.01726e-05
 2.55834e-27 2.5758e-27 2.24472e-26 4.19562e-20 1.02851e-14 3.04765e-10 1.09162e-06 0.000472628 0.0247357 0.156485 0.120121 0.0397691 0.218316 0.202934 0.069116 0.106841 0.0369038 0.0160656 0.00558245 0.00194727 0.000558687 0.000107423 2.57144e-05 1.29865e-05 4.16525e-06
 2.55962e-27 2.57902e-27 2.50514e-26 4.74492e-20 1.16316e-14 3.44665e-10 1.23453e-06 0.000534506 0.0279741 0.176972 0.135786 0.0410993 0.217432 0.201594 0.059373 0.0850076 0.0310657 0.0160412 0.0051691 0.00148362 0.000371523 7.95559e-05 1.13378e-05 2.56381e-06 6.81934e-07
 2.55949e-27 2.57851e-27 2.44396e-26 4.61579e-20 1.13151e-14 3.35286e-10 1.20094e-06 0.00051996 0.0272128 0.172156 0.132131 0.042516 0.230782 0.21371 0.0578873 0.0784395 0.0270846 0.0118274 0.00409594 0.0013015 0.000276333 5.02102e-05 6.8838e-06 7.12157e-07 1.09007e-07
 2.55975e-27 2.57924e-27 2.5117e-26 4.7587e-20 1.16654e-14 3.45666e-10 1.23812e-06 0.000536058 0.0280553 0.177486 0.136193 0.0420102 0.22408 0.207634 0.058807 0.0820292 0.0275945 0.0108788 0.00343487 0.000984798 0.000231184 3.85556e-05 4.42159e-06 3.43599e-07 2.25029e-08
 2.5608e-27 2.58195e-27 2.73651e-26 5.23291e-20 1.28278e-14 3.80112e-10 1.3615e-06 0.000589476 0.0308511 0.195173 0.149706 0.0425334 0.218566 0.202284 0.053106 0.0703511 0.0237059 0.00940112 0.0028344 0.000719568 0.000148875 2.53784e-05 2.75235e-06 1.7373e-07 6.48366e-09
 2.56267e-27 2.58685e-27 3.1554e-26 6.11653e-20 1.49939e-14 4.44297e-10 1.5914e-06 0.000689014 0.0360605 0.228129 0.174871 0.0425181 0.20077 0.185609 0.0455926 0.057356 0.0188891 0.00683684 0.00205039 0.000515185 9.63007e-05 1.43226e-05 1.50792e-06 8.84334e-08 2.46474e-09
 2.56165e-27 2.5839e-27 2.87699e-26 5.52914e-20 1.3554e-14 4.0163e-10 1.43857e-06 0.000622846 0.0325975 0.206221 0.158179 0.044802 0.229878 0.212157 0.0446519 0.048485 0.0155549 0.00501515 0.00143176 0.000332401 6.1203e-05 8.40789e-06 7.6941e-07 4.25268e-08 1.05967e-09
 2.56203e-27 2.58497e-27 2.97508e-26 5.73609e-20 1.40613e-14 4.16663e-10 1.49242e-06 0.000646159 0.0338176 0.21394 0.164062 0.0441373 0.220686 0.203802 0.0454873 0.0524435 0.0159797 0.00376877 0.000986177 0.000202144 3.4163e-05 4.46008e-06 3.77611e-07 1.82554e-08 4.19637e-10
 2.56352e-27 2.58893e-27 3.3169e-26 6.45714e-20 1.58289e-14 4.69039e-10 1.68002e-06 0.000727384 0.0380686 0.240833 0.184592 0.043828 0.203909 0.188145 0.0395498 0.042851 0.0131929 0.00334384 0.000812146 0.000124971 1.82631e-05 2.11962e-06 1.66401e-07 7.36351e-09 1.49289e-10
 2.56181e-27 2.58414e-27 2.87926e-26 5.53386e-20 1.35656e-14 4.01973e-10 1.4398e-06 0.000623378 0.0326254 0.206398 0.158337 0.0463116 0.241254 0.222343 0.040815 0.0371066 0.011131 0.00238127 0.000570304 8.98532e-05 1.08793e-05 9.84861e-07 6.67156e-08 2.68526e-09 4.93393e-11
 2.55994e-27 2.57923e-27 2.45989e-26 4.64921e-20 1.1397e-14 3.37713e-10 1.20963e-06 0.000523724 0.0274098 0.173403 0.133142 0.0462628 0.258585 0.238669 0.0497585 0.0533655 0.015615 0.00260619 0.000570241 7.75484e-05 9.25837e-06 7.57262e-07 3.91343e-08 1.30937e-09 2.15509e-11
 2.56109e-27 2.58243e-27 2.75044e-26 5.26219e-20 1.28996e-14 3.82239e-10 1.36912e-06 0.000592775 0.0310237 0.196265 0.150576 0.0447704 0.234979 0.217022 0.0484 0.0557338 0.0166002 0.00324924 0.000702745 7.5206e-05 7.68335e-06 5.68667e-07 2.69599e-08 7.00821e-10 9.35222e-12
 2.56225e-27 2.58538e-27 2.99284e-26 5.77349e-20 1.4153e-14 4.19379e-10 1.50214e-06 0.000650371 0.0340381 0.215335 0.165151 0.0456122 0.231145 0.213104 0.0408149 0.039427 0.0117551 0.0023687 0.000527787 6.32886e-05 5.92244e-06 3.45652e-07 1.4184e-08 3.3011e-10 3.49396e-12
 2.56218e-27 2.58513e-27 2.96543e-26 5.71563e-20 1.40112e-14 4.15176e-10 1.48709e-06 0.000643854 0.033697 0.213177 0.163512 0.0461684 0.236529 0.217972 0.0398561 0.0359968 0.0104384 0.0016199 0.000341774 4.21303e-05 4.20444e-06 2.52296e-07 8.4378e-09 1.62253e-10 1.49698e-12
 2.56321e-27 2.58799e-27 3.22194e-26 6.25678e-20 1.53377e-14 4.54485e-10 1.62789e-06 0.000704814 0.0368874 0.23336 0.178906 0.0450561 0.217249 0.200263 0.0382229 0.0367288 0.0106418 0.00161652 0.000325689 3.23645e-05 3.06381e-06 1.9307e-07 6.76854e-09 1.13069e-10 8.45581e-13
 2.56259e-27 2.58617e-27 3.04859e-26 5.89105e-20 1.44412e-14 4.27918e-10 1.53273e-06 0.000663614 0.0347312 0.219719 0.168515 0.0466268 0.236502 0.217776 0.0367272 0.0289124 0.00832914 0.00122657 0.000243482 2.30383e-05 1.92939e-06 1.02467e-07 3.61667e-09 6.31054e-11 4.29601e-13
 2.56419e-27 2.59058e-27 3.44593e-26 6.72929e-20 1.6496e-14 4.88807e-10 1.75083e-06 0.000758041 0.0396731 0.250983 0.192359 0.0448547 0.206264 0.190018 0.0344351 0.0306638 0.0087201 0.00105342 0.000195501 1.80769e-05 1.47166e-06 7.12107e-08 2.11826e-09 3.49206e-11 2.44882e-13
 2.56409e-27 2.59021e-27 3.40363e-26 6.64001e-20 1.62772e-14 4.82322e-10 1.7276e-06 0.000747983 0.0391467 0.247653 0.189832 0.0458041 0.215265 0.198119 0.0321671 0.0234624 0.00670572 0.00090904 0.000171234 1.32716e-05 9.882e-07 4.6258e-08 1.27926e-09 1.8085e-11 1.15282e-13
 2.564e-27 2.58995e-27 3.38047e-26 6.59115e-20 1.61574e-14 4.78773e-10 1.71488e-06 0.00074248 0.0388587 0.245831 0.188442 0.0458904 0.216898 0.199627 0.0324595 0.0237419 0.00667155 0.000702666 0.000121852 1.02896e-05 7.46038e-07 2.95373e-08 7.63713e-10 1.01084e-11 5.63632e-14
 2.56516e-27 2.59314e-27 3.66534e-26 7.19213e-20 1.76306e-14 5.22427e-10 1.87125e-06 0.000810179 0.0424018 0.268246 0.20554 0.0448133 0.196689 0.18103 0.0300931 0.0230292 0.00649551 0.000717513 0.00012376 8.50339e-06 5.71784e-07 2.37579e-08 5.49362e-10 6.46075e-12 3.35669e-14
 2.56532e-27 2.59347e-27 3.68645e-26 7.23662e-20 1.77397e-14 5.25659e-10 1.88282e-06 0.00081519 0.0426641 0.269905 0.206818 0.0454869 0.200917 0.184751 0.0274726 0.0161223 0.00450252 0.000460971 7.70518e-05 5.36142e-06 3.37439e-07 1.16042e-08 2.64393e-10 2.95968e-12 1.35468e-14
 2.5644e-27 2.59098e-27 3.4651e-26 6.76967e-20 1.6595e-14 4.9174e-10 1.76133e-06 0.000762589 0.0399112 0.252489 0.19353 0.0461869 0.215579 0.198277 0.0297976 0.0180134 0.00497777 0.000408305 5.99621e-05 3.912e-06 2.38008e-07 8.03451e-09 1.59006e-10 1.60906e-12 7.11702e-15
 2.56401e-27 2.58994e-27 3.37551e-26 6.58067e-20 1.61317e-14 4.78012e-10 1.71216e-06 0.000741299 0.0387969 0.24544 0.188148 0.0462206 0.219617 0.202062 0.0315424 0.0210358 0.00583037 0.000487329 7.11729e-05 3.84941e-06 1.98189e-07 6.23619e-09 1.19856e-10 1.10541e-12 4.30324e-15
 2.56296e-27 2.58716e-27 3.13467e-26 6.07263e-20 1.48863e-14 4.41108e-10 1.57997e-06 0.000684069 0.0358017 0.226492 0.173684 0.0464972 0.231884 0.213493 0.0355782 0.0273571 0.0076592 0.000742348 0.000118182 6.55746e-06 3.26995e-07 8.3434e-09 1.40255e-10 1.22327e-12 4.44584e-15
#obs catch len freq
 4.98618e-42 6.92049e-34 1.16106e-26 2.3546e-20 5.77202e-15 1.71035e-10 6.12621e-07 0.000265244 0.0138818 0.0878215 0.0677831 0.0398374 0.218513 0.186523 0.143773 0.143527 0.0647809 0.0262686 0.00617753 0.000804767 4.32406e-05 6.91561e-07 2.45997e-09 1.58118e-12 1.60755e-16
 5.68363e-42 7.8885e-34 1.32346e-26 2.68395e-20 6.57939e-15 1.94959e-10 6.98313e-07 0.000302345 0.0158235 0.100106 0.0772732 0.0435357 0.222674 0.181256 0.143438 0.13168 0.0574665 0.0213476 0.00455804 0.000515489 2.25755e-05 2.77612e-07 7.29647e-10 3.38584e-13 2.45454e-17
 1.07883e-41 1.49735e-33 2.51212e-26 5.09452e-20 1.24886e-14 3.70061e-10 1.3255e-06 0.000573895 0.0300354 0.190014 0.145973 0.0450552 0.181046 0.140479 0.114208 0.0961085 0.0401868 0.0135031 0.00256096 0.000246809 8.75803e-06 8.27037e-08 1.60572e-10 5.37952e-14 2.7801e-18
 1.11476e-41 1.54721e-33 2.59577e-26 5.26418e-20 1.29045e-14 3.82384e-10 1.36964e-06 0.000593006 0.0310356 0.196342 0.151151 0.0583849 0.237724 0.164162 0.0768062 0.0544195 0.0216802 0.00652942 0.00108113 8.68017e-05 2.4544e-06 1.77174e-08 2.54351e-11 6.16312e-15 2.27387e-19
 7.84044e-42 1.0882e-33 1.82568e-26 3.70245e-20 9.07613e-15 2.68942e-10 9.63307e-07 0.000417079 0.0218282 0.138095 0.10694 0.0648112 0.273899 0.184642 0.116668 0.0713979 0.0168409 0.00387303 0.000548907 3.60072e-05 7.94973e-07 4.33114e-09 4.58129e-12 8.03943e-16 2.1229e-20
 1.25823e-41 1.74634e-33 2.92985e-26 5.94167e-20 1.45653e-14 4.31597e-10 1.54591e-06 0.000669326 0.0350298 0.221611 0.170441 0.0528727 0.172385 0.122178 0.12529 0.0756572 0.0201472 0.00340758 0.000293789 1.45375e-05 2.45786e-07 9.95343e-10 7.68112e-13 9.72338e-17 1.83777e-21
 1.04026e-41 1.44381e-33 2.42228e-26 4.91234e-20 1.2042e-14 3.56827e-10 1.2781e-06 0.000553372 0.0289613 0.183223 0.141829 0.0737303 0.260125 0.153464 0.0857809 0.0505232 0.0183714 0.00320623 0.000225043 6.69443e-06 7.54454e-08 2.20425e-10 1.22588e-13 1.11e-17 1.49405e-22
 1.27312e-41 1.76701e-33 2.96453e-26 6.01201e-20 1.47377e-14 4.36706e-10 1.56421e-06 0.000677249 0.0354445 0.224237 0.172962 0.0644582 0.192917 0.124153 0.116508 0.0544855 0.0118813 0.00210685 0.000163428 3.93791e-06 2.74737e-08 5.00555e-11 1.8961e-14 1.20713e-18 1.14746e-23
 1.14687e-41 1.59178e-33 2.67054e-26 5.41581e-20 1.32762e-14 3.93399e-10 1.40909e-06 0.000610087 0.0319295 0.202004 0.156641 0.0795724 0.23847 0.134119 0.0951197 0.0465686 0.0132068 0.00165793 9.76301e-05 2.28006e-06 1.30039e-08 1.54837e-11 3.60009e-15 1.47685e-19 9.51295e-25
 1.51102e-41 2.0972e-33 3.51849e-26 7.13543e-20 1.74917e-14 5.1831e-10 1.8565e-06 0.000803801 0.0420678 0.26614 0.205354 0.0696497 0.171561 0.103877 0.0937954 0.0374633 0.00816691 0.00106357 5.4043e-05 9.03132e-07 4.26092e-09 4.10821e-12 6.7487e-16 1.77668e-20 7.21516e-26
 1.54944e-41 2.15052e-33 3.60794e-26 7.31684e-20 1.79364e-14 5.31487e-10 1.9037e-06 0.000824237 0.0431373 0.27291 0.211207 0.083097 0.196978 0.0986054 0.0621361 0.0247591 0.00574042 0.000578225 2.46874e-05 3.47649e-07 1.191e-09 8.54145e-13 1.08816e-16 2.14384e-21 6.08815e-27
 1.15536e-41 1.60357e-33 2.69031e-26 5.4559e-20 1.33745e-14 3.96311e-10 1.41952e-06 0.000614604 0.0321659 0.20351 0.159469 0.10383 0.253586 0.128951 0.0868726 0.026305 0.00428253 0.000397227 1.40956e-05 1.5234e-07 4.09051e-10 2.16119e-13 1.96041e-17 2.81069e-22 5.92209e-28
 1.73163e-41 2.40339e-33 4.03218e-26 8.17719e-20 2.00454e-14 5.93982e-10 2.12755e-06 0.000921155 0.0482096 0.305001 0.235742 0.0748521 0.14019 0.089668 0.0792075 0.0226959 0.00329479 0.000210766 5.54695e-06 4.75935e-08 9.54191e-11 3.73446e-14 2.48893e-18 2.55288e-23 3.79591e-29
 1.39725e-41 1.93928e-33 3.25355e-26 6.59814e-20 1.61746e-14 4.79282e-10 1.71671e-06 0.000743276 0.0389001 0.246125 0.193331 0.116695 0.234816 0.0986746 0.0510053 0.0166569 0.00288342 0.000163736 3.13808e-06 1.83495e-08 2.68063e-11 7.69427e-15 3.70037e-19 2.73331e-24 2.92062e-30
 1.18505e-41 1.64477e-33 2.75945e-26 5.59611e-20 1.37182e-14 4.06495e-10 1.456e-06 0.000630398 0.0329926 0.20876 0.165515 0.118622 0.228563 0.132164 0.0914717 0.0189926 0.00215456 0.000128795 2.35589e-06 1.03854e-08 1.02245e-11 2.00036e-15 6.79485e-20 3.57979e-25 2.72042e-31
 9.44317e-42 1.31065e-33 2.19889e-26 4.4593e-20 1.09314e-14 3.23919e-10 1.16022e-06 0.000502337 0.0262904 0.166377 0.134693 0.131814 0.244025 0.154905 0.110062 0.0279149 0.0032888 0.000124335 1.76519e-06 7.00455e-09 5.48586e-12 7.53517e-16 1.71679e-20 6.11876e-26 3.21568e-32
 1.49995e-41 2.08184e-33 3.49271e-26 7.08315e-20 1.73635e-14 5.14512e-10 1.8429e-06 0.000797912 0.0417596 0.264228 0.207525 0.0986411 0.15316 0.120733 0.0875045 0.0227061 0.00283016 0.000112148 1.22522e-06 3.33709e-09 2.04255e-12 2.24852e-16 3.84576e-21 9.64089e-27 3.44498e-33
 1.05198e-41 1.46008e-33 2.44958e-26 4.9677e-20 1.21777e-14 3.60848e-10 1.2925e-06 0.000559608 0.0292878 0.185392 0.153631 0.170215 0.261103 0.117637 0.0623684 0.0175386 0.00218093 8.53741e-05 9.02019e-07 2.0431e-09 8.82558e-13 6.80746e-17 8.65433e-22 1.64881e-27 4.3933e-34
 1.53058e-41 2.12435e-33 3.56404e-26 7.2278e-20 1.77181e-14 5.2502e-10 1.88054e-06 0.000814207 0.0426124 0.269656 0.213885 0.111561 0.153635 0.126616 0.0688221 0.0112775 0.00107794 4.06924e-05 3.99618e-07 8.14251e-10 2.96041e-13 1.73478e-17 1.55248e-22 2.05291e-28 3.88719e-35
 1.0853e-41 1.50633e-33 2.52718e-26 5.12507e-20 1.25635e-14 3.72279e-10 1.33344e-06 0.000577335 0.0302157 0.191336 0.162598 0.190605 0.247496 0.111732 0.0525865 0.0118979 0.000932392 2.26978e-05 1.79994e-07 3.18074e-10 9.81896e-14 4.74418e-18 3.35963e-23 3.34091e-29 4.54444e-36
 1.38366e-41 1.92043e-33 3.22192e-26 6.53398e-20 1.60173e-14 4.74621e-10 1.70002e-06 0.000736048 0.0385221 0.24385 0.198467 0.136031 0.172937 0.1405 0.0600166 0.00831942 0.000604037 1.40474e-05 7.79358e-08 9.69846e-11 2.33787e-14 9.08721e-19 5.13919e-24 4.02196e-30 4.22919e-37
 1.50659e-41 2.09105e-33 3.50818e-26 7.11451e-20 1.74404e-14 5.16791e-10 1.85106e-06 0.000801445 0.0419448 0.265575 0.219059 0.161274 0.173765 0.0912436 0.0389388 0.00699563 0.000394635 6.63287e-06 3.11417e-08 2.95636e-11 4.91432e-15 1.34706e-19 5.65529e-25 3.37567e-31 2.72296e-38
 1.22016e-41 1.6935e-33 2.84119e-26 5.76188e-20 1.41246e-14 4.18537e-10 1.49913e-06 0.000649072 0.0339705 0.215257 0.187523 0.200345 0.211388 0.11028 0.0356966 0.00462649 0.000259981 4.00486e-06 1.37232e-08 9.70627e-12 1.2343e-15 2.45933e-20 7.17543e-26 2.97025e-32 1.69921e-39
 1.47687e-41 2.0498e-33 3.43897e-26 6.97415e-20 1.70963e-14 5.06595e-10 1.81454e-06 0.000785634 0.0411176 0.260451 0.218627 0.16164 0.167844 0.11161 0.0341405 0.00363574 0.000144756 1.77491e-06 5.24714e-09 2.87935e-12 2.63337e-16 3.79852e-21 8.13216e-27 2.44081e-33 9.88887e-41
 1.45427e-41 2.01843e-33 3.38633e-26 6.86741e-20 1.68347e-14 4.98842e-10 1.78677e-06 0.00077361 0.0404888 0.256642 0.222804 0.193803 0.173188 0.0844467 0.0249522 0.0028044 9.39589e-05 8.27337e-07 1.75774e-09 7.47854e-13 5.35135e-17 5.75979e-22 8.84458e-28 1.8859e-34 5.46371e-42
 1.28429e-41 1.78251e-33 2.99053e-26 6.06473e-20 1.4867e-14 4.40536e-10 1.57793e-06 0.000683188 0.0357571 0.2269 0.206637 0.215317 0.192826 0.0975031 0.0224069 0.00190915 5.79744e-05 4.4256e-07 6.99712e-10 2.07409e-13 1.05577e-17 8.39941e-23 9.6678e-29 1.52756e-35 3.21117e-43
 1.16246e-41 1.61342e-33 2.70685e-26 5.48943e-20 1.34567e-14 3.98747e-10 1.42825e-06 0.000618382 0.0323661 0.205635 0.195194 0.22305 0.204843 0.112089 0.024377 0.00178535 4.00001e-05 2.3647e-07 3.05097e-10 6.98766e-14 2.55398e-18 1.4116e-23 1.13362e-29 1.27421e-36 1.93921e-44
 1.14506e-41 1.58927e-33 2.66633e-26 5.40726e-20 1.32553e-14 3.92778e-10 1.40687e-06 0.000609125 0.0318815 0.202535 0.191348 0.216362 0.208988 0.11936 0.0268729 0.00200088 4.09839e-05 1.98301e-07 2.02702e-10 3.83188e-14 1.18321e-18 5.42982e-24 3.50546e-30 3.09038e-37 3.65189e-45
#spawning biomass
 13304 12474.3 17581.8 25274.1 31437 38347.4 47080.9 53953.9 61124.8 82505.2 104007 119936 147801 164157 162663 139490 124873 120683 131329 129076 138963 146872 145155 160569 169146 177926 176444 186950 220991 320919 346615 317589 270123 222664 182539 151546 128934 113063 102226 94972.2 90188.9 87066.9 85033.6 83713.3 82884.5 82364.2 82037.7 81832.6 81703.9 81623.1 81572.4 81540.6 81520.6 81508.1 81500.2 81495.2 81492.1 81490.2 81489 81488.2 81487.7 81487.4 81487.2 81487.1 81487 81487 81487 81486.9 81486.9 81486.9 81486.9 81486.9 81486.9 81486.9 81486.9 81486.9 81486.9 81486.9 81486.9 81486.9 81486.9 81486.9 81486.9 81486.9 81486.9 81486.9 81486.9 81486.9 81486.9 81486.9 81486.9 81486.9 81486.9 81486.9 81486.9 81486.9 81486.9 81486.9 81486.9 81486.9 81486.9 81486.9 81486.9 81486.9 81486.9 81486.9 81486.9 81486.9 81486.9 81486.9 81486.9 81486.9 81486.9 81486.9 81486.9 81486.9 81486.9 81486.9 81486.9 81486.9 81486.9 81486.9 81486.9 81486.9 81486.9 81486.9 81486.9 81486.9 0 0 0 0 0 0 0 0 0 0 0 0 0 0 0 0 0 0 0 0 0 0 0 0 0
