SBPRF35
0.151848
Curr Bio
44437.3
B35
136568
F35
0.404559
FOFL
0.106143
OFL
10646.7
Bzero
43385.2
#pred survey bio
 7531.39 8191.7 8780.49 7884.46 9399.95 13269 15192.5 18418.6 31923.2 54027.9 75025.5 92724.3 123648 153938 163441 135001 130170 123240 121283 124906 129811 142963 143817 153936 182725 183198 171413 151602 5.09164e+06 3.29695e+06 2.38696e+06 1.59703e+06 1.11384e+06 854521 723611 659178 627543 611804 603786 599579 597303 596036 595311 594888 594639 594490 594400 594346 594313 594293 594281 594273 594268 594266 594264 594263 594262 594262 594261 594261 594261 594261 594261 594261 594261 594261 594261 594261 594261 594261 594261 594261 594261 594261 594261 594261 594261 594261 594261 594261 594261 594261 594261 594261 594261 594261 594261 594261 594261 594261 594261 594261 594261 594261 594261 594261 594261 594261 594261 594261 594261 594261 594261 594261 594261 594261 594261 594261 594261 594261 594261 594261 594261 594261 594261 594261 594261 594261 594261 594261 594261 594261 594261 594261 594261 594261 594261 594261 0 0 0 0 0 0 0 0 0 0 0 0 0 0 0 0 0 0 0 0 0 0 0 0 0
#obs survey bio
 6866.66 7105.59 6851.44 10322.4 15020.8 9437.24 18097.5 21721.4 36231.8 64141.8 84834.2 89221.3 156664 216209 170156 109337 126020 107037 112513 104343 145927 146029 138383 152138 159942 170038 157708 171284
#pred catch bio
 4396.04 5392.3 6327.12 5498.25 5891.77 9024.28 10582.2 11906 19954.7 35171.1 51545.3 61877.6 82082.8 100379 117338 94027 92529.1 87090.5 84094.5 87078.8 86834.5 98663.8 96775.6 99196.8 124813 123795 118901 104392 10646.7 41549.8 28809.6 18559.8 12580.6 9533.65 8095.21 7447.34 7164.26 7043.03 6991.8 6970.35 6961.43 6957.73 6956.21 6955.58 6955.32 6955.21 6955.17 6955.15 6955.14 6955.14 6955.14 6955.14 6955.14 6955.14 6955.14 6955.14 6955.14 6955.14 6955.14 6955.14 6955.14 6955.14 6955.14 6955.14 6955.14 6955.14 6955.14 6955.14 6955.14 6955.14 6955.14 6955.14 6955.14 6955.14 6955.14 6955.14 6955.14 6955.14 6955.14 6955.14 6955.14 6955.14 6955.14 6955.14 6955.14 6955.14 6955.14 6955.14 6955.14 6955.14 6955.14 6955.14 6955.14 6955.14 6955.14 6955.14 6955.14 6955.14 6955.14 6955.14 6955.14 6955.14 6955.14 6955.14 6955.14 6955.14 6955.14 6955.14 6955.14 6955.14 6955.14 6955.14 6955.14 6955.14 6955.14 6955.14 6955.14 6955.14 6955.14 6955.14 6955.14 6955.14 6955.14 6955.14 6955.14 6955.14 6955.14 6955.14 0 0 0 0 0 0 0 0 0 0 0 0 0 0 0 0 0 0 0 0 0 0 0 0 0
#obs catch bio
 5703.2 5461.86 6460.03 5440.46 5681.51 9198.83 10496.6 11712.1 19453 34493.2 50972.3 60989.2 80775.1 98619.8 116985 96032.2 93629.6 88159.2 85489.9 88879.2 86661.4 98888.1 96593.1 99675.4 127213 125048 121720 104532
#pred cpue bio
 7058.68 7387.83 7955.16 7129.98 8370.46 11902.5 13665.1 16415.6 28125.2 47984.5 67125.8 82852.5 110373 138282 148929 122792 117600 111374 109383 112710 116912 129149 130064 139040 164813 166124 156405 137937 4.61078e+06 3.31214e+06 2.37243e+06 1.57691e+06 1.09325e+06 833893 702980 638547 606912 591173 583155 578949 576673 575405 574681 574258 574008 573859 573770 573716 573683 573662 573650 573643 573638 573635 573633 573632 573632 573631 573631 573631 573631 573631 573631 573631 573631 573631 573631 573631 573631 573630 573630 573630 573630 573630 573630 573630 573630 573630 573630 573630 573630 573630 573630 573630 573630 573630 573630 573630 573630 573630 573630 573630 573630 573630 573630 573630 573630 573630 573630 573630 573630 573630 573630 573630 573630 573630 573630 573630 573630 573630 573630 573630 573630 573630 573630 573630 573630 573630 573630 573630 573630 573630 573630 573630 573630 573630 573630 573630 0 0 0 0 0 0 0 0 0 0 0 0 0 0 0 0 0 0 0 0 0 0 0 0 0
#obs cpue bio
 6633.39 6944.76 7211.56 7858.75 11084.5 7867.3 16607.3 18441 40392.2 51708 67394.4 109793 115231 131687 138816 90909.7 109371 105162 86173.9 97270.8 122484 120776 141362 118740 135150 160313 110838 136338
#pred surv len freq
 2.14648e-27 2.17484e-27 6.76987e-27 1.57233e-21 9.35126e-17 1.27862e-12 4.01935e-09 2.9048e-06 0.000482628 0.0184361 0.161906 0.326892 0.152119 0.0264292 0.0629152 0.0882515 0.0357667 0.0283683 0.0251924 0.0169846 0.014292 0.0123673 0.0127647 0.0118521 0.00497665
 2.14893e-27 2.18202e-27 7.58634e-27 1.84939e-21 1.0999e-16 1.50392e-12 4.7276e-09 3.41665e-06 0.000567672 0.0216847 0.190436 0.384493 0.178797 0.0277138 0.0534023 0.0745299 0.0272644 0.0133082 0.0105089 0.0055821 0.00385802 0.00272625 0.00233686 0.0019705 0.000817185
 2.14807e-27 2.18007e-27 7.3853e-27 1.78119e-21 1.05934e-16 1.44846e-12 4.55325e-09 3.29065e-06 0.000546736 0.020885 0.183413 0.370314 0.172306 0.0294237 0.0681151 0.095175 0.0334069 0.0118901 0.00827705 0.00305521 0.00147115 0.00076145 0.00048432 0.000339359 0.000133155
 2.14819e-27 2.18042e-27 7.42594e-27 1.79499e-21 1.06755e-16 1.45968e-12 4.58852e-09 3.31614e-06 0.000550972 0.0210467 0.184834 0.373183 0.173623 0.0291724 0.0657164 0.091833 0.032789 0.0134385 0.00945134 0.00287142 0.000973504 0.000314341 0.00012035 5.93937e-05 2.0458e-05
 2.14953e-27 2.18371e-27 7.77493e-27 1.91337e-21 1.13796e-16 1.55595e-12 4.89116e-09 3.53486e-06 0.000587311 0.0224349 0.197024 0.397795 0.184958 0.028006 0.0511781 0.0713331 0.0254491 0.0103725 0.00735367 0.00240258 0.000840263 0.000205568 4.28041e-05 1.08673e-05 2.7462e-06
 2.14889e-27 2.18212e-27 7.60394e-27 1.85536e-21 1.10345e-16 1.50877e-12 4.74285e-09 3.42767e-06 0.000569503 0.0217546 0.19105 0.385733 0.179412 0.0288186 0.059774 0.0834111 0.0291906 0.0101016 0.00688419 0.00224875 0.000801977 0.000204858 3.60872e-05 4.60537e-06 5.79895e-07
 2.14865e-27 2.18155e-27 7.54481e-27 1.8353e-21 1.09153e-16 1.49247e-12 4.69159e-09 3.39063e-06 0.000563347 0.0215195 0.188985 0.381564 0.177489 0.0289237 0.061672 0.0861072 0.0304308 0.0114802 0.00791175 0.00236501 0.000755166 0.000191543 3.42653e-05 3.71224e-06 2.40639e-07
 2.14944e-27 2.18349e-27 7.75097e-27 1.90524e-21 1.13312e-16 1.54934e-12 4.87037e-09 3.51983e-06 0.000584814 0.0223395 0.196187 0.396104 0.184183 0.0281871 0.0527931 0.073595 0.0260521 0.00996966 0.00692974 0.00216223 0.000713207 0.000166552 2.74398e-05 2.90291e-06 1.58736e-07
 2.15034e-27 2.1857e-27 7.98366e-27 1.98417e-21 1.18006e-16 1.61352e-12 5.07214e-09 3.66565e-06 0.000609042 0.023265 0.204314 0.412513 0.191743 0.027486 0.0435672 0.0605731 0.021217 0.00740204 0.00503355 0.00158562 0.000535285 0.000129499 2.11004e-05 2.06555e-06 1.0558e-07
 2.1497e-27 2.1841e-27 7.81156e-27 1.92578e-21 1.14534e-16 1.56604e-12 4.92287e-09 3.55778e-06 0.000591119 0.0225803 0.198302 0.400374 0.18616 0.0282625 0.0519662 0.0723817 0.0249765 0.00749731 0.00485312 0.00145539 0.000463208 0.000112728 1.88947e-05 1.86696e-06 9.12774e-08
 2.1491e-27 2.18263e-27 7.65719e-27 1.87342e-21 1.11419e-16 1.52346e-12 4.78902e-09 3.46104e-06 0.000575047 0.0219664 0.19291 0.389488 0.181143 0.0286924 0.0578719 0.0807266 0.0282052 0.00960243 0.00639877 0.00178139 0.000500659 0.000114107 1.83734e-05 1.83368e-06 9.08982e-08
 2.14922e-27 2.18294e-27 7.69083e-27 1.88484e-21 1.12098e-16 1.53275e-12 4.81821e-09 3.48213e-06 0.000578551 0.0221003 0.194086 0.391862 0.182233 0.0284789 0.0558532 0.0778962 0.0274078 0.0099527 0.00678889 0.00200565 0.000605133 0.000128669 1.84347e-05 1.72388e-06 8.40363e-08
 2.1493e-27 2.18315e-27 7.71316e-27 1.89241e-21 1.12549e-16 1.53891e-12 4.83757e-09 3.49612e-06 0.000580876 0.0221891 0.194866 0.393436 0.182958 0.028406 0.0549332 0.0765972 0.0269176 0.00967089 0.00660431 0.00202009 0.000647856 0.000146402 2.14602e-05 1.84844e-06 8.23964e-08
 2.14876e-27 2.18181e-27 7.57113e-27 1.84423e-21 1.09683e-16 1.49972e-12 4.7144e-09 3.40711e-06 0.000566087 0.0216241 0.189904 0.38342 0.178346 0.0289185 0.061081 0.0852589 0.0299224 0.0106239 0.00722862 0.00220028 0.000707541 0.000166457 2.60759e-05 2.34487e-06 1.01748e-07
 2.14745e-27 2.17859e-27 7.23119e-27 1.72892e-21 1.02825e-16 1.40595e-12 4.41964e-09 3.19408e-06 0.000530692 0.0202721 0.178031 0.359448 0.1673 0.0299081 0.0743477 0.103991 0.0369668 0.0146352 0.0102158 0.00309321 0.000985834 0.000231469 3.69802e-05 3.50222e-06 1.59847e-07
 2.14765e-27 2.1791e-27 7.28905e-27 1.74856e-21 1.03994e-16 1.42193e-12 4.46985e-09 3.23037e-06 0.000536722 0.0205024 0.180053 0.363531 0.169171 0.0294382 0.070248 0.0982548 0.0355196 0.0159466 0.0115033 0.00368587 0.00125786 0.000296342 4.70756e-05 4.50355e-06 2.12872e-07
 2.14829e-27 2.18068e-27 7.45601e-27 1.8052e-21 1.07362e-16 1.46798e-12 4.61463e-09 3.335e-06 0.000554106 0.0211665 0.185885 0.375305 0.174595 0.0289187 0.063528 0.0887683 0.0319692 0.0139833 0.0101286 0.00349328 0.0013109 0.000329954 5.51866e-05 5.31808e-06 2.52571e-07
 2.14824e-27 2.18055e-27 7.4396e-27 1.79962e-21 1.0703e-16 1.46345e-12 4.60037e-09 3.3247e-06 0.000552395 0.0211011 0.185311 0.374146 0.174069 0.0291847 0.065501 0.0915145 0.0324677 0.0126616 0.00893012 0.00303547 0.00114673 0.000311989 5.74388e-05 5.90895e-06 2.89404e-07
 2.14843e-27 2.18101e-27 7.48826e-27 1.81613e-21 1.08012e-16 1.47687e-12 4.64257e-09 3.3552e-06 0.000557461 0.0212946 0.18701 0.377578 0.175648 0.0289938 0.0633019 0.0884226 0.0314874 0.0126445 0.00890475 0.00283659 0.000993045 0.00026685 5.11389e-05 5.73793e-06 3.037e-07
 2.14838e-27 2.18088e-27 7.47439e-27 1.81142e-21 1.07732e-16 1.47305e-12 4.63054e-09 3.3465e-06 0.000556017 0.0212395 0.186526 0.376599 0.175199 0.0290672 0.0640445 0.0894645 0.0317881 0.0125441 0.00881742 0.00285119 0.000997746 0.000251412 4.55249e-05 5.17802e-06 2.91878e-07
 2.14855e-27 2.18131e-27 7.51976e-27 1.82681e-21 1.08648e-16 1.48556e-12 4.66988e-09 3.37494e-06 0.000560741 0.0214199 0.188111 0.379799 0.176672 0.0289064 0.0620985 0.0867228 0.030839 0.0122484 0.00861174 0.00275867 0.00095853 0.000242815 4.27319e-05 4.59237e-06 2.5502e-07
 2.14828e-27 2.18063e-27 7.44815e-27 1.80252e-21 1.07203e-16 1.46581e-12 4.60779e-09 3.33006e-06 0.000553285 0.0211351 0.18561 0.374749 0.174346 0.0291461 0.065084 0.0909319 0.0323363 0.0128449 0.00903637 0.00290702 0.00101257 0.000254639 4.45724e-05 4.71306e-06 2.51316e-07
 2.14818e-27 2.18039e-27 7.42323e-27 1.79407e-21 1.067e-16 1.45894e-12 4.58618e-09 3.31445e-06 0.00055069 0.021036 0.184739 0.372992 0.173535 0.029189 0.0658754 0.0920547 0.0328315 0.013346 0.00943621 0.00303452 0.00105755 0.000266766 4.66381e-05 4.89632e-06 2.57535e-07
 2.1483e-27 2.1807e-27 7.45625e-27 1.80527e-21 1.07367e-16 1.46805e-12 4.61482e-09 3.33514e-06 0.000554129 0.0211674 0.185893 0.375321 0.174606 0.0290191 0.0641362 0.089612 0.0320879 0.0134486 0.00958699 0.00312503 0.00110583 0.00027951 4.89393e-05 5.13997e-06 2.69041e-07
 2.14843e-27 2.18102e-27 7.49033e-27 1.81684e-21 1.08054e-16 1.47745e-12 4.64438e-09 3.35651e-06 0.000557679 0.0213029 0.187084 0.377725 0.175712 0.0288932 0.0626433 0.0875081 0.0313481 0.0131831 0.00942584 0.00312984 0.00113465 0.000291433 5.16499e-05 5.44208e-06 2.85028e-07
 2.14792e-27 2.17977e-27 7.35675e-27 1.77151e-21 1.05359e-16 1.44059e-12 4.52852e-09 3.27278e-06 0.000543767 0.0207715 0.182417 0.368303 0.171377 0.0294471 0.0688643 0.0962605 0.0342148 0.0135418 0.00955653 0.00317585 0.00115874 0.000303703 5.51503e-05 5.90435e-06 3.11626e-07
 2.14733e-27 2.17832e-27 7.20604e-27 1.7204e-21 1.02319e-16 1.39903e-12 4.39787e-09 3.17835e-06 0.000528078 0.0201722 0.177154 0.357677 0.166476 0.0297646 0.0740054 0.103543 0.0372777 0.0162561 0.0116615 0.00374854 0.00131712 0.000344787 6.34774e-05 6.95376e-06 3.74269e-07
 2.14762e-27 2.17906e-27 7.28564e-27 1.74741e-21 1.03925e-16 1.42099e-12 4.46691e-09 3.22825e-06 0.000536368 0.0204889 0.179935 0.363292 0.169057 0.0293592 0.0698383 0.097688 0.0354581 0.0163735 0.0119581 0.00405623 0.00149793 0.000382053 6.84904e-05 7.53491e-06 4.12983e-07
#obs surv len freq
 1.24247e-39 6.08101e-33 6.84245e-27 1.77008e-21 1.05273e-16 1.43942e-12 4.52483e-09 3.27011e-06 0.000543333 0.0207546 0.182267 0.368002 0.171229 0.0292082 0.0674969 0.0943714 0.0340591 0.015125 0.0110096 0.00386388 0.00152315 0.000438821 9.17894e-05 1.18104e-05 7.78572e-07
 1.3145e-39 6.43358e-33 7.23916e-27 1.8727e-21 1.11377e-16 1.52288e-12 4.78717e-09 3.4597e-06 0.000574834 0.0219579 0.192834 0.389337 0.181058 0.0282687 0.0553313 0.0772093 0.027814 0.0121901 0.0088255 0.00303074 0.00116221 0.000326912 6.66639e-05 8.3647e-06 5.34875e-07
 1.15688e-39 5.66212e-33 6.3711e-27 1.64814e-21 9.80213e-17 1.34026e-12 4.21313e-09 3.04484e-06 0.000505905 0.0193249 0.169711 0.342653 0.159572 0.030859 0.0852147 0.119278 0.0419312 0.0151222 0.0104684 0.00356065 0.00134482 0.000368756 7.28604e-05 8.88451e-06 5.53013e-07
 1.34684e-39 6.59184e-33 7.41724e-27 1.91877e-21 1.14116e-16 1.56034e-12 4.90493e-09 3.5448e-06 0.000588974 0.0224981 0.197578 0.398914 0.185457 0.0275153 0.0478457 0.0667138 0.0248792 0.0135436 0.0100413 0.00307112 0.00101992 0.000271871 5.24378e-05 6.19548e-06 3.7393e-07
 1.3867e-39 6.78694e-33 7.63678e-27 1.97556e-21 1.17494e-16 1.60652e-12 5.05011e-09 3.64972e-06 0.000606406 0.0231639 0.203426 0.410721 0.19092 0.0276218 0.0449372 0.0624894 0.0216827 0.00691369 0.00471538 0.00182631 0.000752418 0.000185145 3.21312e-05 3.6464e-06 2.13551e-07
 1.26425e-39 6.18761e-33 6.96239e-27 1.80111e-21 1.07118e-16 1.46465e-12 4.60414e-09 3.32743e-06 0.000552856 0.0211184 0.185462 0.374453 0.174228 0.0296331 0.0681467 0.0951721 0.0327933 0.00968513 0.00620387 0.00178185 0.000565343 0.00016599 3.24434e-05 3.42583e-06 1.86961e-07
 1.27727e-39 6.25138e-33 7.03415e-27 1.81967e-21 1.08222e-16 1.47975e-12 4.6516e-09 3.36172e-06 0.000558554 0.0213361 0.187373 0.378311 0.175985 0.0289101 0.0625703 0.0874079 0.031365 0.0133402 0.00936194 0.0025832 0.000706571 0.000156968 2.72977e-05 3.21507e-06 1.78483e-07
 1.42172e-39 6.95831e-33 7.8296e-27 2.02544e-21 1.20461e-16 1.64708e-12 5.17762e-09 3.74188e-06 0.000621718 0.0237488 0.208562 0.421091 0.195688 0.0269328 0.0376059 0.052192 0.0185509 0.00734391 0.00518615 0.00172481 0.00059995 0.000128228 1.79119e-05 1.72632e-06 9.4895e-08
 1.42006e-39 6.95022e-33 7.8205e-27 2.02309e-21 1.20321e-16 1.64517e-12 5.1716e-09 3.73753e-06 0.000620996 0.0237212 0.20832 0.420602 0.195477 0.0273226 0.0401329 0.0556923 0.0189505 0.00481855 0.00296128 0.000946533 0.000331603 8.46855e-05 1.37672e-05 1.19686e-06 5.39131e-08
 1.34978e-39 6.60626e-33 7.43347e-27 1.92297e-21 1.14366e-16 1.56375e-12 4.91566e-09 3.55256e-06 0.000590263 0.0225473 0.19801 0.399787 0.185895 0.0284283 0.0531563 0.0740388 0.0252882 0.00673548 0.00411791 0.00106173 0.000264828 6.32051e-05 1.10524e-05 1.1141e-06 5.12929e-08
 1.32123e-39 6.46649e-33 7.2762e-27 1.88228e-21 1.11946e-16 1.53067e-12 4.81166e-09 3.4774e-06 0.000577775 0.0220702 0.193821 0.391329 0.181992 0.0286267 0.056917 0.0793784 0.0277015 0.00932322 0.00615824 0.00161789 0.00039659 7.55639e-05 1.00828e-05 9.86051e-07 4.99093e-08
 1.35453e-39 6.62949e-33 7.45961e-27 1.92973e-21 1.14768e-16 1.56925e-12 4.93295e-09 3.56505e-06 0.000592338 0.0226266 0.198706 0.401193 0.18653 0.0280248 0.0502694 0.0700255 0.0246286 0.00891196 0.006069 0.00177914 0.000523667 0.000103071 1.24441e-05 9.5531e-07 4.16677e-08
 1.3359e-39 6.53831e-33 7.35701e-27 1.90319e-21 1.1319e-16 1.54766e-12 4.8651e-09 3.51602e-06 0.000584191 0.0223154 0.195973 0.395675 0.183994 0.0284258 0.0543807 0.0757963 0.026334 0.00849136 0.00562824 0.00171354 0.000545403 0.000121263 1.68569e-05 1.28237e-06 4.7594e-08
 1.28567e-39 6.29244e-33 7.08036e-27 1.83162e-21 1.08933e-16 1.48947e-12 4.68215e-09 3.3838e-06 0.000562223 0.0214762 0.188604 0.380796 0.17714 0.0290954 0.0629523 0.0878905 0.0307716 0.0106829 0.00718089 0.00206569 0.000612825 0.000141458 2.17965e-05 1.88458e-06 7.48254e-08
 1.16718e-39 5.71255e-33 6.42786e-27 1.66283e-21 9.88944e-17 1.3522e-12 4.25066e-09 3.07196e-06 0.000510411 0.019497 0.171223 0.345705 0.160972 0.0305731 0.0825499 0.115555 0.0410833 0.0162819 0.0113501 0.00338626 0.0010427 0.000229737 3.42426e-05 3.14763e-06 1.39145e-07
 1.2671e-39 6.20158e-33 6.97811e-27 1.80517e-21 1.0736e-16 1.46796e-12 4.61454e-09 3.33494e-06 0.000554105 0.0211661 0.185881 0.375298 0.174579 0.0285889 0.0615175 0.085996 0.0318335 0.0166195 0.0123139 0.00394823 0.00134162 0.000308915 4.65278e-05 4.1513e-06 1.8623e-07
 1.23089e-39 6.02438e-33 6.77872e-27 1.75359e-21 1.04293e-16 1.42601e-12 4.48269e-09 3.23965e-06 0.000538272 0.0205613 0.180569 0.364575 0.169658 0.0295669 0.0707198 0.0988781 0.0351525 0.0139517 0.0100276 0.00378908 0.00154676 0.000391642 6.44708e-05 5.96422e-06 2.66454e-07
 1.27393e-39 6.23501e-33 7.01574e-27 1.81491e-21 1.07939e-16 1.47587e-12 4.63942e-09 3.35292e-06 0.000557092 0.0212802 0.186883 0.377321 0.175522 0.0287826 0.06209 0.0867512 0.0313943 0.0141993 0.0102595 0.0033104 0.00121223 0.000356672 6.97266e-05 7.16832e-06 3.40878e-07
 1.24338e-39 6.08546e-33 6.84746e-27 1.77137e-21 1.0535e-16 1.44047e-12 4.52814e-09 3.2725e-06 0.00054373 0.0207698 0.1824 0.368271 0.171361 0.0294087 0.0686399 0.0959484 0.0341583 0.0136971 0.00974654 0.0033733 0.0012738 0.000331968 6.42931e-05 7.66531e-06 4.16083e-07
 1.25937e-39 6.16375e-33 6.93555e-27 1.79416e-21 1.06705e-16 1.459e-12 4.58639e-09 3.3146e-06 0.000550725 0.021037 0.184747 0.373009 0.173538 0.0290385 0.0649523 0.0907783 0.0327142 0.0143681 0.0103294 0.00334381 0.00119746 0.000324964 6.1421e-05 6.99942e-06 4.08235e-07
 1.27647e-39 6.24742e-33 7.0297e-27 1.81852e-21 1.08154e-16 1.47881e-12 4.64865e-09 3.35959e-06 0.000558201 0.0213226 0.187255 0.378072 0.175872 0.0288717 0.0624077 0.0871753 0.0312186 0.0130993 0.00939159 0.0031964 0.00118698 0.000306 5.63735e-05 6.41514e-06 3.65231e-07
 1.25918e-39 6.16282e-33 6.9345e-27 1.79389e-21 1.06689e-16 1.45878e-12 4.5857e-09 3.3141e-06 0.000550642 0.0210338 0.184719 0.372952 0.173517 0.0291796 0.0658307 0.0919915 0.0328019 0.013315 0.00944703 0.00313607 0.0011501 0.000308041 5.70657e-05 6.2805e-06 3.51962e-07
 1.25902e-39 6.16202e-33 6.9336e-27 1.79366e-21 1.06675e-16 1.45859e-12 4.5851e-09 3.31366e-06 0.00055057 0.0210311 0.184695 0.372904 0.173491 0.0290886 0.0652893 0.0912456 0.0327728 0.0140508 0.0100616 0.00327758 0.00116867 0.000306547 5.70829e-05 6.38889e-06 3.53268e-07
 1.26218e-39 6.17748e-33 6.951e-27 1.79816e-21 1.06943e-16 1.46226e-12 4.59661e-09 3.32198e-06 0.000551952 0.0210839 0.185158 0.37384 0.173922 0.0290503 0.0647736 0.0905155 0.0324713 0.0138017 0.0099042 0.00332603 0.00121975 0.000314282 5.69273e-05 6.31624e-06 3.52078e-07
 1.26516e-39 6.1921e-33 6.96745e-27 1.80241e-21 1.07196e-16 1.46571e-12 4.60749e-09 3.32984e-06 0.000553258 0.0211337 0.185596 0.374724 0.17433 0.02901 0.0642612 0.0897929 0.0322114 0.0136885 0.0098167 0.00328376 0.00120937 0.000320174 5.8687e-05 6.38441e-06 3.50227e-07
 1.19063e-39 5.8273e-33 6.55697e-27 1.69623e-21 1.00881e-16 1.37936e-12 4.33604e-09 3.13367e-06 0.000520663 0.0198887 0.174662 0.352649 0.164162 0.0300324 0.0771561 0.107977 0.0387437 0.0164922 0.0118319 0.00395843 0.00145664 0.000385685 7.16884e-05 7.93487e-06 4.33363e-07
 1.19615e-39 5.85431e-33 6.58737e-27 1.70409e-21 1.01349e-16 1.38576e-12 4.35615e-09 3.1482e-06 0.000523077 0.0199809 0.175472 0.354283 0.164899 0.0295186 0.0735265 0.102934 0.0379558 0.0193706 0.0143738 0.00481717 0.00177448 0.000469819 8.73767e-05 9.74938e-06 5.39864e-07
 1.22773e-39 6.00888e-33 6.76128e-27 1.74908e-21 1.04024e-16 1.42235e-12 4.47115e-09 3.23131e-06 0.000536887 0.0205084 0.180105 0.363637 0.169208 0.0291359 0.0683711 0.0956458 0.0350735 0.0173202 0.0129733 0.00485133 0.00198662 0.000533082 9.92669e-05 1.10879e-05 6.17217e-07
#pred catch len freq
 2.14624e-27 2.17423e-27 6.70427e-27 1.55008e-21 9.2189e-17 1.26052e-12 3.96246e-09 2.86368e-06 0.000475797 0.0181751 0.159615 0.322266 0.149986 0.0265978 0.0653387 0.0916707 0.0370044 0.0289322 0.0256403 0.0172469 0.0144981 0.0125418 0.0129438 0.0120182 0.00504641
 2.14884e-27 2.1818e-27 7.56335e-27 1.84159e-21 1.09527e-16 1.49758e-12 4.70766e-09 3.40224e-06 0.000565277 0.0215932 0.189633 0.382871 0.178051 0.0278172 0.0545222 0.0761049 0.0277718 0.0133424 0.0105017 0.00556579 0.00384191 0.00271392 0.00232606 0.00196137 0.000813397
 2.14807e-27 2.18008e-27 7.38599e-27 1.78142e-21 1.05948e-16 1.44865e-12 4.55385e-09 3.29108e-06 0.000546808 0.0208877 0.183437 0.370363 0.172329 0.0294507 0.0682653 0.0953823 0.0334202 0.0117031 0.00811063 0.00298809 0.00143631 0.000743084 0.000472575 0.000331123 0.000129923
 2.14816e-27 2.18033e-27 7.41589e-27 1.79158e-21 1.06552e-16 1.45691e-12 4.57981e-09 3.30984e-06 0.000549926 0.0210068 0.184483 0.372474 0.173298 0.0292356 0.0663161 0.0926735 0.0330203 0.0133158 0.00933055 0.0028304 0.000957683 0.000309066 0.000118305 5.83823e-05 2.01096e-05
 2.1494e-27 2.18339e-27 7.74083e-27 1.9018e-21 1.13108e-16 1.54655e-12 4.86159e-09 3.51348e-06 0.00058376 0.0222992 0.195833 0.39539 0.183851 0.0281421 0.0527337 0.0735228 0.0261793 0.0105084 0.00742363 0.00242148 0.000845346 0.000206718 4.30327e-05 1.09245e-05 2.76063e-06
 2.14883e-27 2.18196e-27 7.58699e-27 1.84961e-21 1.10003e-16 1.5041e-12 4.72815e-09 3.41705e-06 0.000567737 0.0216872 0.190458 0.384538 0.178862 0.0289002 0.0606322 0.0846169 0.0295635 0.010072 0.0068339 0.00222858 0.000793328 0.000202557 3.5674e-05 4.55228e-06 5.73197e-07
 2.14862e-27 2.18146e-27 7.53463e-27 1.83185e-21 1.08947e-16 1.48966e-12 4.68276e-09 3.38424e-06 0.000562287 0.021479 0.188629 0.380846 0.177159 0.0289836 0.0622542 0.0869236 0.0306617 0.0113832 0.00781339 0.0023321 0.000743176 0.000188406 3.36964e-05 3.65036e-06 2.36622e-07
 2.14934e-27 2.18324e-27 7.72323e-27 1.89583e-21 1.12752e-16 1.54169e-12 4.84631e-09 3.50244e-06 0.000581925 0.0222292 0.195218 0.394147 0.183282 0.0283032 0.0540914 0.0754215 0.0266498 0.0100423 0.00695359 0.00216628 0.000713198 0.000166472 2.74199e-05 2.90058e-06 1.58605e-07
 2.15023e-27 2.18542e-27 7.95368e-27 1.974e-21 1.17401e-16 1.60525e-12 5.04614e-09 3.64686e-06 0.00060592 0.0231457 0.203267 0.410398 0.19077 0.0276067 0.0449418 0.0625076 0.0218595 0.00751294 0.00508777 0.00160015 0.000539183 0.000130382 2.12393e-05 2.07899e-06 1.06264e-07
 2.1496e-27 2.18386e-27 7.78588e-27 1.91707e-21 1.14015e-16 1.55896e-12 4.9006e-09 3.54168e-06 0.000588445 0.0224782 0.197405 0.398563 0.185326 0.0283717 0.053179 0.0740877 0.0255308 0.0075509 0.00486371 0.00145634 0.0004626 0.000112524 1.88561e-05 1.86301e-06 9.10821e-08
 2.14905e-27 2.1825e-27 7.64339e-27 1.86874e-21 1.11141e-16 1.51965e-12 4.77705e-09 3.45239e-06 0.000573609 0.0219115 0.192428 0.388515 0.180696 0.0287615 0.0585873 0.0817312 0.0285094 0.00955511 0.00633911 0.00176238 0.000494281 0.000112591 1.81248e-05 1.80872e-06 8.9659e-08
 2.14914e-27 2.18274e-27 7.66984e-27 1.87771e-21 1.11675e-16 1.52695e-12 4.8e-09 3.46897e-06 0.000576365 0.0220167 0.193352 0.390381 0.181551 0.0285731 0.0568746 0.0793321 0.0278642 0.00996207 0.00676753 0.0019964 0.000601158 0.000127761 1.82999e-05 1.71111e-06 8.34118e-08
 2.14922e-27 2.18294e-27 7.69112e-27 1.88493e-21 1.12104e-16 1.53282e-12 4.81845e-09 3.48231e-06 0.00057858 0.0221014 0.194095 0.391882 0.182243 0.0285034 0.0559967 0.0780926 0.027396 0.00969128 0.00659087 0.00201287 0.000644304 0.00014553 2.13273e-05 1.83684e-06 8.18769e-08
 2.14865e-27 2.18154e-27 7.54219e-27 1.83441e-21 1.09099e-16 1.49174e-12 4.6893e-09 3.38897e-06 0.000563072 0.021509 0.188893 0.381378 0.177407 0.0290422 0.0624516 0.0871867 0.0305477 0.010681 0.00723736 0.00219957 0.000705948 0.000166002 2.59986e-05 2.33773e-06 1.01436e-07
 2.14745e-27 2.17858e-27 7.23055e-27 1.7287e-21 1.02813e-16 1.40578e-12 4.41908e-09 3.19368e-06 0.000530626 0.0202695 0.178008 0.359402 0.167281 0.0299425 0.0745715 0.104301 0.0370018 0.0144104 0.0100197 0.00302922 0.000963548 0.000226125 3.61178e-05 3.42028e-06 1.56103e-07
 2.14761e-27 2.179e-27 7.27839e-27 1.74495e-21 1.03779e-16 1.41899e-12 4.46061e-09 3.22369e-06 0.000535612 0.02046 0.179681 0.362779 0.168826 0.029508 0.0709009 0.0991695 0.0357672 0.0157981 0.0113579 0.00363341 0.00123765 0.00029145 4.62874e-05 4.42779e-06 2.09286e-07
 2.14828e-27 2.18065e-27 7.45274e-27 1.80409e-21 1.07296e-16 1.46708e-12 4.61179e-09 3.33295e-06 0.000553765 0.0211535 0.185771 0.375074 0.17449 0.0289613 0.0638578 0.089228 0.0320618 0.0137947 0.00995661 0.00342796 0.00128415 0.000323081 5.40251e-05 5.20576e-06 2.4723e-07
 2.14822e-27 2.1805e-27 7.43382e-27 1.79766e-21 1.06914e-16 1.46185e-12 4.59535e-09 3.32107e-06 0.000551792 0.0210781 0.185109 0.373738 0.173882 0.0292329 0.0659187 0.0920987 0.0326106 0.0125123 0.00878983 0.00298259 0.00112474 0.000305872 5.63009e-05 5.7915e-06 2.83646e-07
 2.14839e-27 2.1809e-27 7.47667e-27 1.81219e-21 1.07778e-16 1.47367e-12 4.63251e-09 3.34793e-06 0.000556253 0.0212485 0.186605 0.37676 0.175272 0.0290608 0.0639569 0.0893413 0.0317503 0.0125462 0.00880216 0.00279938 0.000978169 0.000262727 5.0338e-05 5.64771e-06 2.98918e-07
 2.14834e-27 2.18079e-27 7.46436e-27 1.80802e-21 1.0753e-16 1.47028e-12 4.62184e-09 3.34022e-06 0.000554972 0.0211995 0.186175 0.375892 0.174874 0.0291289 0.0646347 0.0902918 0.0320185 0.0124327 0.00870533 0.00281031 0.000981623 0.000247235 4.47583e-05 5.09045e-06 2.86936e-07
 2.14847e-27 2.1811e-27 7.49766e-27 1.81931e-21 1.08202e-16 1.47946e-12 4.65072e-09 3.36109e-06 0.000558439 0.021332 0.187339 0.37824 0.175955 0.0290076 0.0631862 0.0882517 0.0313214 0.0122453 0.00857731 0.0027432 0.000951381 0.000240892 4.2384e-05 4.55465e-06 2.5292e-07
 2.14823e-27 2.18051e-27 7.4348e-27 1.79799e-21 1.06933e-16 1.46212e-12 4.5962e-09 3.32169e-06 0.000551894 0.021082 0.185143 0.373807 0.173913 0.0292195 0.0658161 0.0919592 0.0326366 0.0127577 0.00894079 0.00287158 0.000998367 0.000250951 4.39169e-05 4.64342e-06 2.47597e-07
 2.1481e-27 2.18019e-27 7.40191e-27 1.78684e-21 1.0627e-16 1.45305e-12 4.56769e-09 3.30108e-06 0.00054847 0.0209512 0.183994 0.371488 0.172844 0.0292895 0.0669423 0.093554 0.033299 0.0133231 0.00938541 0.00301329 0.0010482 0.000264287 4.61942e-05 4.84936e-06 2.5506e-07
 2.14817e-27 2.18038e-27 7.42284e-27 1.79394e-21 1.06692e-16 1.45883e-12 4.58585e-09 3.31421e-06 0.00055065 0.0210345 0.184726 0.372965 0.173522 0.0291586 0.0656983 0.0918097 0.0328077 0.0135385 0.00961749 0.00312985 0.00110552 0.000279305 4.88923e-05 5.13467e-06 2.68758e-07
 2.14837e-27 2.18087e-27 7.4744e-27 1.81143e-21 1.07733e-16 1.47305e-12 4.63056e-09 3.34652e-06 0.000556019 0.0212396 0.186527 0.376601 0.175196 0.0289752 0.0634821 0.0886858 0.0317027 0.01312 0.00934709 0.00309848 0.00112126 0.000287863 5.10059e-05 5.37385e-06 2.81448e-07
 2.14785e-27 2.17957e-27 7.33599e-27 1.76447e-21 1.0494e-16 1.43487e-12 4.51052e-09 3.25977e-06 0.000541606 0.020689 0.181692 0.366839 0.170704 0.0295469 0.0699149 0.0977367 0.0346716 0.0135068 0.00949558 0.00315028 0.00114734 0.000300579 5.45711e-05 5.84194e-06 3.08325e-07
 2.14728e-27 2.17821e-27 7.19341e-27 1.71612e-21 1.02064e-16 1.39554e-12 4.38691e-09 3.17043e-06 0.000526763 0.020122 0.176712 0.356786 0.166067 0.029842 0.074746 0.104581 0.0375674 0.0161188 0.0115229 0.00369799 0.00129693 0.000339343 6.24614e-05 6.842e-06 3.68245e-07
 2.14757e-27 2.17893e-27 7.27129e-27 1.74254e-21 1.03636e-16 1.41703e-12 4.45447e-09 3.21926e-06 0.000534875 0.0204318 0.179434 0.36228 0.168592 0.0294416 0.0706463 0.0988215 0.0357841 0.0162583 0.0118352 0.00400768 0.00147738 0.000376648 6.75061e-05 7.42609e-06 4.0701e-07
#obs catch len freq
 1.22496e-39 5.99531e-33 6.74602e-27 1.74513e-21 1.0379e-16 1.41913e-12 4.46106e-09 3.22402e-06 0.000535675 0.0204621 0.179698 0.362816 0.168839 0.0293895 0.070167 0.0981451 0.0355254 0.0161049 0.011796 0.00421 0.00169237 0.000495249 0.000105975 1.40708e-05 9.62709e-07
 1.23278e-39 6.03362e-33 6.78912e-27 1.75628e-21 1.04453e-16 1.4282e-12 4.48956e-09 3.24462e-06 0.000539097 0.0205928 0.180846 0.365134 0.16991 0.0293719 0.0693607 0.0969946 0.0349324 0.0152825 0.0110871 0.00387923 0.00152423 0.000438465 9.16056e-05 1.17783e-05 7.76112e-07
 1.30666e-39 6.39517e-33 7.19595e-27 1.86152e-21 1.10712e-16 1.51378e-12 4.7586e-09 3.43905e-06 0.000571402 0.0218268 0.191683 0.387013 0.179988 0.0284019 0.0568448 0.0793393 0.028522 0.012314 0.00888493 0.00304204 0.00116268 0.000326547 6.65093e-05 8.33936e-06 5.33014e-07
 1.14692e-39 5.6134e-33 6.31629e-27 1.63396e-21 9.71779e-17 1.32873e-12 4.17688e-09 3.01864e-06 0.000501552 0.0191586 0.168251 0.339705 0.158216 0.0310361 0.0871845 0.122048 0.0428348 0.0152213 0.0104934 0.0035585 0.00133955 0.000366755 7.23766e-05 8.81917e-06 5.48695e-07
 1.33985e-39 6.55765e-33 7.37877e-27 1.90882e-21 1.13525e-16 1.55224e-12 4.87949e-09 3.52642e-06 0.000585919 0.0223814 0.196553 0.396845 0.184505 0.0276307 0.0491743 0.0685842 0.025508 0.0136778 0.0101141 0.00308537 0.00102093 0.000271703 5.23415e-05 6.17964e-06 3.72801e-07
 1.38087e-39 6.75839e-33 7.60465e-27 1.96725e-21 1.17e-16 1.59976e-12 5.02886e-09 3.63437e-06 0.000603856 0.0230665 0.20257 0.408993 0.190125 0.0277242 0.0460832 0.0641018 0.0222108 0.00697972 0.00473746 0.00182872 0.000751254 0.000184615 3.19969e-05 3.62837e-06 2.12396e-07
 1.25687e-39 6.15153e-33 6.92179e-27 1.7906e-21 1.06494e-16 1.45611e-12 4.5773e-09 3.30802e-06 0.000549633 0.0209953 0.18438 0.372269 0.173223 0.0297662 0.0696172 0.0972404 0.0334629 0.00974172 0.00620906 0.00177894 0.000562192 0.000164783 3.21738e-05 3.39505e-06 1.85188e-07
 1.27054e-39 6.21844e-33 6.99708e-27 1.81008e-21 1.07652e-16 1.47195e-12 4.62709e-09 3.344e-06 0.000555611 0.0212236 0.186386 0.376318 0.175067 0.0290315 0.063912 0.0892952 0.0319767 0.0133943 0.00936804 0.00257911 0.00070275 0.000155862 2.70661e-05 3.18543e-06 1.76765e-07
 1.41733e-39 6.93687e-33 7.80547e-27 2.0192e-21 1.20089e-16 1.64201e-12 5.16166e-09 3.73034e-06 0.000619802 0.0236756 0.207919 0.419793 0.195091 0.0270107 0.0384725 0.0534112 0.0189487 0.00738827 0.00519762 0.0017236 0.000597588 0.000127559 1.77944e-05 1.71348e-06 9.41387e-08
 1.41527e-39 6.92679e-33 7.79413e-27 2.01627e-21 1.19915e-16 1.63962e-12 5.15416e-09 3.72493e-06 0.000618901 0.0236412 0.207617 0.419183 0.194824 0.0274081 0.0410825 0.0570282 0.0193847 0.00486146 0.00297006 0.00094661 0.000330475 8.42729e-05 1.36849e-05 1.18889e-06 5.35238e-08
 1.34386e-39 6.57727e-33 7.40085e-27 1.91453e-21 1.13864e-16 1.55689e-12 4.89409e-09 3.53697e-06 0.000587673 0.0224483 0.197141 0.398033 0.185088 0.0285347 0.0543348 0.0756965 0.0258254 0.00678288 0.00412418 0.00106118 0.000263608 6.27983e-05 1.09675e-05 1.1048e-06 5.08429e-08
 1.31441e-39 6.43315e-33 7.23868e-27 1.87258e-21 1.11369e-16 1.52277e-12 4.78685e-09 3.45947e-06 0.000574795 0.0219564 0.192822 0.389311 0.181064 0.0287475 0.0582621 0.0812707 0.0283188 0.0093916 0.00617686 0.00161944 0.000395433 7.52265e-05 1.0023e-05 9.79327e-07 4.95459e-08
 1.34893e-39 6.6021e-33 7.42879e-27 1.92176e-21 1.14294e-16 1.56277e-12 4.91257e-09 3.55032e-06 0.000589891 0.0225331 0.197886 0.399535 0.185767 0.0281252 0.0513819 0.0715903 0.0251367 0.00896028 0.00607707 0.00177707 0.000521185 0.000102445 1.23524e-05 9.47444e-07 4.12994e-08
 1.32932e-39 6.50608e-33 7.32074e-27 1.89381e-21 1.12632e-16 1.54004e-12 4.84112e-09 3.49869e-06 0.000581312 0.0222054 0.195007 0.393724 0.183096 0.0285426 0.0556811 0.0776257 0.0269308 0.00855781 0.00564633 0.0017145 0.000543779 0.000120731 1.67628e-05 1.27431e-06 4.72694e-08
 1.27868e-39 6.25824e-33 7.04187e-27 1.82167e-21 1.08341e-16 1.48137e-12 4.65671e-09 3.36541e-06 0.000559168 0.0213595 0.187579 0.378727 0.176188 0.0292208 0.0643418 0.089845 0.031406 0.0107423 0.00719033 0.00206338 0.000609849 0.000140553 2.16304e-05 1.86893e-06 7.41699e-08
 1.15879e-39 5.67147e-33 6.38163e-27 1.65087e-21 9.81833e-17 1.34248e-12 4.22009e-09 3.04987e-06 0.00050674 0.0193568 0.169992 0.343219 0.159829 0.0307265 0.0842355 0.117925 0.0418478 0.0163358 0.0113455 0.00337628 0.00103589 0.000227904 3.39248e-05 3.11605e-06 1.37686e-07
 1.25966e-39 6.16516e-33 6.93713e-27 1.79457e-21 1.0673e-16 1.45934e-12 4.58744e-09 3.31535e-06 0.000550851 0.0210418 0.184789 0.373094 0.173565 0.0287187 0.0629745 0.0880461 0.0325082 0.0167148 0.0123497 0.00394878 0.00133724 0.000307477 4.62535e-05 4.12373e-06 1.84901e-07
 1.222e-39 5.98086e-33 6.72976e-27 1.74093e-21 1.03539e-16 1.41571e-12 4.45031e-09 3.21625e-06 0.000534384 0.0204128 0.179265 0.361941 0.168447 0.0297226 0.0724637 0.101332 0.0359582 0.0140594 0.0100661 0.00379127 0.00154308 0.000390187 6.41556e-05 5.93093e-06 2.6484e-07
 1.26562e-39 6.19435e-33 6.96998e-27 1.80307e-21 1.07235e-16 1.46625e-12 4.60916e-09 3.33105e-06 0.000553459 0.0211414 0.185664 0.374861 0.17439 0.028925 0.0637012 0.0890186 0.0321452 0.0143213 0.010314 0.00331868 0.00121094 0.000355733 6.94694e-05 7.13736e-06 3.39257e-07
 1.23461e-39 6.04256e-33 6.79918e-27 1.75888e-21 1.04607e-16 1.43032e-12 4.49622e-09 3.24943e-06 0.000539897 0.0206234 0.181114 0.365675 0.170167 0.0295615 0.0703552 0.098362 0.0349519 0.013807 0.00978815 0.00337749 0.00127127 0.00033082 6.3988e-05 7.62374e-06 4.13665e-07
 1.25044e-39 6.12003e-33 6.88635e-27 1.78143e-21 1.05949e-16 1.44866e-12 4.55386e-09 3.29108e-06 0.000546818 0.0208877 0.183436 0.370363 0.17232 0.029191 0.0666808 0.0932108 0.0335209 0.0145031 0.0103916 0.00335455 0.00119713 0.000324378 6.12379e-05 6.97346e-06 4.06534e-07
 1.26709e-39 6.20154e-33 6.97807e-27 1.80516e-21 1.0736e-16 1.46795e-12 4.61451e-09 3.33492e-06 0.000554102 0.021166 0.18588 0.375296 0.174595 0.0290295 0.0642077 0.0897088 0.0320631 0.0132552 0.00947003 0.0032136 0.00118947 0.000306195 5.63384e-05 6.40652e-06 3.64574e-07
 1.24893e-39 6.11265e-33 6.87806e-27 1.77929e-21 1.05821e-16 1.44691e-12 4.54837e-09 3.28712e-06 0.000546159 0.0208626 0.183215 0.369917 0.17212 0.0293515 0.067795 0.0947564 0.0337247 0.0134893 0.00953635 0.00315661 0.00115373 0.000308552 5.70927e-05 6.27898e-06 3.5171e-07
 1.24911e-39 6.11354e-33 6.87905e-27 1.77955e-21 1.05836e-16 1.44712e-12 4.54903e-09 3.28759e-06 0.000546238 0.0208656 0.183242 0.36997 0.172141 0.0292546 0.0671874 0.0939172 0.0336648 0.0142205 0.0101486 0.00329662 0.00117145 0.000306812 5.70624e-05 6.38208e-06 3.52731e-07
 1.25152e-39 6.1253e-33 6.89229e-27 1.78297e-21 1.0604e-16 1.4499e-12 4.55779e-09 3.29392e-06 0.00054729 0.0209058 0.183594 0.370682 0.172469 0.0292265 0.0668009 0.0933694 0.0334293 0.0140012 0.010013 0.00335283 0.00122552 0.000315309 5.70428e-05 6.32446e-06 3.52374e-07
 1.25355e-39 6.13527e-33 6.90351e-27 1.78587e-21 1.06212e-16 1.45226e-12 4.5652e-09 3.29928e-06 0.00054818 0.0209398 0.183893 0.371285 0.172747 0.0291988 0.0664503 0.0928751 0.0332523 0.0139264 0.00995354 0.00331995 0.00121863 0.000322151 5.89791e-05 6.41162e-06 3.51555e-07
 1.17763e-39 5.7637e-33 6.48541e-27 1.67771e-21 9.97799e-17 1.36431e-12 4.28872e-09 3.09947e-06 0.000514981 0.0196716 0.172756 0.3488 0.162391 0.0302461 0.0796205 0.111447 0.0399106 0.0167429 0.0119711 0.00399347 0.00146465 0.000387233 7.18893e-05 7.95151e-06 4.34074e-07
 1.18277e-39 5.78882e-33 6.51367e-27 1.68502e-21 1.00215e-16 1.37026e-12 4.30741e-09 3.11297e-06 0.000517225 0.0197573 0.173509 0.35032 0.163074 0.02973 0.0760119 0.106435 0.0391521 0.0196915 0.0145711 0.00486931 0.00178775 0.000472632 8.7794e-05 9.78899e-06 5.41811e-07
#spawning biomass
 3750.07 2485.73 2436.78 2155.29 2261 3321.25 3919.24 4414.7 6814.71 12176.4 18226.1 22504.4 29756.9 38988 46968.5 39145.5 35812.6 33381.6 32360.3 33395.7 34196.1 38590.6 39297.1 41868.6 49223.9 51002.1 50699.1 44437.3 40867.8 84307.6 88882.7 58046.2 36170.4 24813.7 19442.6 17023.1 15965.9 15513.1 15321.8 15241.7 15208.3 15194.5 15188.8 15186.5 15185.5 15185.1 15184.9 15184.9 15184.9 15184.8 15184.8 15184.8 15184.8 15184.8 15184.8 15184.8 15184.8 15184.8 15184.8 15184.8 15184.8 15184.8 15184.8 15184.8 15184.8 15184.8 15184.8 15184.8 15184.8 15184.8 15184.8 15184.8 15184.8 15184.8 15184.8 15184.8 15184.8 15184.8 15184.8 15184.8 15184.8 15184.8 15184.8 15184.8 15184.8 15184.8 15184.8 15184.8 15184.8 15184.8 15184.8 15184.8 15184.8 15184.8 15184.8 15184.8 15184.8 15184.8 15184.8 15184.8 15184.8 15184.8 15184.8 15184.8 15184.8 15184.8 15184.8 15184.8 15184.8 15184.8 15184.8 15184.8 15184.8 15184.8 15184.8 15184.8 15184.8 15184.8 15184.8 15184.8 15184.8 15184.8 15184.8 15184.8 15184.8 15184.8 15184.8 15184.8 0 0 0 0 0 0 0 0 0 0 0 0 0 0 0 0 0 0 0 0 0 0 0 0 0
