SBPRF35
0.427745
Curr Bio
29858.6
B35
119507
F35
0.330104
FOFL
0
OFL
0
Bzero
122213
#pred survey bio
 7421.05 6070.59 6900.89 9026.43 11382.2 13647.9 13157 12714.3 20008.7 30766.5 30581.7 35057.5 57029.3 66203.6 60140 50616.5 45732.1 49181.3 47573.3 47708.7 51651.5 54634.6 58566.6 61786.8 68539.9 66670.4 61383.1 61558.5 80283.8 1.73348e+06 2.47777e+06 2.66243e+06 2.37032e+06 2.01912e+06 1.74282e+06 1.55376e+06 1.4326e+06 1.35753e+06 1.31173e+06 1.28389e+06 1.26687e+06 1.25633e+06 1.24969e+06 1.24541e+06 1.24256e+06 1.24064e+06 1.23932e+06 1.23838e+06 1.23772e+06 1.23723e+06 1.23687e+06 1.2366e+06 1.2364e+06 1.23624e+06 1.23613e+06 1.23604e+06 1.23597e+06 1.23592e+06 1.23588e+06 1.23585e+06 1.23583e+06 1.23581e+06 1.2358e+06 1.23579e+06 1.23578e+06 1.23577e+06 1.23577e+06 1.23576e+06 1.23576e+06 1.23576e+06 1.23576e+06 1.23576e+06 1.23576e+06 1.23575e+06 1.23575e+06 1.23575e+06 1.23575e+06 1.23575e+06 1.23575e+06 1.23575e+06 1.23575e+06 1.23575e+06 1.23575e+06 1.23575e+06 1.23575e+06 1.23575e+06 1.23575e+06 1.23575e+06 1.23575e+06 1.23575e+06 1.23575e+06 1.23575e+06 1.23575e+06 1.23575e+06 1.23575e+06 1.23575e+06 1.23575e+06 1.23575e+06 1.23575e+06 1.23575e+06 1.23575e+06 1.23575e+06 1.23575e+06 1.23575e+06 1.23575e+06 1.23575e+06 1.23575e+06 1.23575e+06 1.23575e+06 1.23575e+06 1.23575e+06 1.23575e+06 1.23575e+06 1.23575e+06 1.23575e+06 1.23575e+06 1.23575e+06 1.23575e+06 1.23575e+06 1.23575e+06 1.23575e+06 1.23575e+06 1.23575e+06 1.23575e+06 1.23575e+06 1.23575e+06 1.23575e+06 1.23575e+06 1.23575e+06 0 0 0 0 0 0 0 0 0 0 0 0 0 0 0 0 0 0 0 0 0 0 0 0 0
#obs survey bio
 6615.23 8025.48 8877.02 13105.3 16331.8 9971.26 12762 24108.7 43015 38254.1 40215.2 42502.2 75457.2 50605.6 47564.9 36271.1 57236.4 46823.6 61257.8 57515.9 45602.2 68997.5 59615.7 73534.5 65849.1 76109.3 58798.3 83384.8 82184.4
#pred catch bio
 4940.26 3592.16 3657.05 5111.03 6345.81 8458.21 9004.71 7798.84 9364.35 19705.5 21787.7 18208.8 35460 45466.2 43461.3 37533.9 29765.9 34532.3 32898.7 31531.3 35878.7 36800.7 40623.3 40486.9 46513.7 46639 43068.1 40891.4 71538.5 0 24150.2 29000.1 25528.8 21094.7 17698 15438.8 14035 13196.9 12709.2 12430.2 12272.3 12183.7 12134.2 12106.7 12091.3 12082.9 12078.2 12075.6 12074.2 12073.4 12073 12072.7 12072.6 12072.5 12072.5 12072.5 12072.5 12072.5 12072.4 12072.4 12072.4 12072.4 12072.4 12072.4 12072.4 12072.4 12072.4 12072.4 12072.4 12072.4 12072.4 12072.4 12072.4 12072.4 12072.4 12072.4 12072.4 12072.4 12072.4 12072.4 12072.4 12072.4 12072.4 12072.4 12072.4 12072.4 12072.4 12072.4 12072.4 12072.4 12072.4 12072.4 12072.4 12072.4 12072.4 12072.4 12072.4 12072.4 12072.4 12072.4 12072.4 12072.4 12072.4 12072.4 12072.4 12072.4 12072.4 12072.4 12072.4 12072.4 12072.4 12072.4 12072.4 12072.4 12072.4 12072.4 12072.4 12072.4 12072.4 12072.4 12072.4 12072.4 12072.4 12072.4 12072.4 12072.4 12072.4 12072.4 12072.4 0 0 0 0 0 0 0 0 0 0 0 0 0 0 0 0 0 0 0 0 0 0 0 0 0
#obs catch bio
 3551.59 3546.57 3568.99 5003.37 6158.89 8295.15 9096.55 7889.25 8970.97 18659.9 22116.8 17781.9 34262.1 46008.5 44197.9 39237.2 29062.6 35119.4 32931.7 31306.2 36741.3 36526.3 41253.2 40419.6 46145.2 46228.7 43348.9 40409.4 72676.8
#pred cpue bio
 5541.22 4088.26 4506.97 5887.05 7321.64 9115.19 9130.52 8057.08 11254.1 20160.2 20570.4 20155.5 34838.6 42952 40312.1 33246.6 28580.4 31948.3 30323.1 30474.6 32844.8 33926.7 37280.5 38438.9 43718 43859 40012.9 38534.1 46975.2 940702 1.97812e+06 2.46549e+06 2.22164e+06 1.87044e+06 1.59286e+06 1.40342e+06 1.28219e+06 1.2071e+06 1.1613e+06 1.13346e+06 1.11643e+06 1.1059e+06 1.09926e+06 1.09497e+06 1.09212e+06 1.0902e+06 1.08888e+06 1.08795e+06 1.08728e+06 1.08679e+06 1.08643e+06 1.08616e+06 1.08596e+06 1.08581e+06 1.08569e+06 1.08561e+06 1.08554e+06 1.08549e+06 1.08545e+06 1.08542e+06 1.08539e+06 1.08538e+06 1.08536e+06 1.08535e+06 1.08534e+06 1.08534e+06 1.08533e+06 1.08533e+06 1.08533e+06 1.08532e+06 1.08532e+06 1.08532e+06 1.08532e+06 1.08532e+06 1.08532e+06 1.08532e+06 1.08532e+06 1.08532e+06 1.08532e+06 1.08532e+06 1.08532e+06 1.08532e+06 1.08532e+06 1.08532e+06 1.08532e+06 1.08532e+06 1.08532e+06 1.08532e+06 1.08532e+06 1.08532e+06 1.08532e+06 1.08532e+06 1.08532e+06 1.08532e+06 1.08532e+06 1.08532e+06 1.08532e+06 1.08532e+06 1.08532e+06 1.08532e+06 1.08532e+06 1.08532e+06 1.08532e+06 1.08532e+06 1.08532e+06 1.08532e+06 1.08532e+06 1.08532e+06 1.08532e+06 1.08532e+06 1.08532e+06 1.08532e+06 1.08532e+06 1.08532e+06 1.08532e+06 1.08532e+06 1.08532e+06 1.08532e+06 1.08532e+06 1.08532e+06 1.08532e+06 1.08532e+06 1.08532e+06 1.08532e+06 1.08532e+06 1.08532e+06 1.08532e+06 1.08532e+06 1.08532e+06 0 0 0 0 0 0 0 0 0 0 0 0 0 0 0 0 0 0 0 0 0 0 0 0 0
#obs cpue bio
 3997.73 4854.95 4953.11 5980.34 8102.25 12618.1 7182.82 4970.86 15016 25888.6 12784.8 23390.5 42924.1 33055.9 36519 27909.4 37355 21624.7 26988 25242.6 25467.5 31219.2 27895.9 36298.3 49552.2 48591.3 34380.6 40881.5 35708.3
#pred surv len freq
 2.14199e-27 2.16394e-27 5.63713e-27 1.18819e-21 7.06664e-17 9.66237e-13 3.03738e-09 2.19512e-06 0.000364716 0.0139319 0.122351 0.247032 0.115265 0.0282117 0.0978653 0.13776 0.0563923 0.046248 0.0405645 0.025549 0.020039 0.0157706 0.0147059 0.012746 0.00520139
 2.1422e-27 2.16561e-27 5.86758e-27 1.26644e-21 7.53203e-17 1.02987e-12 3.23741e-09 2.33969e-06 0.000388735 0.0148494 0.130408 0.263301 0.122918 0.0317112 0.114332 0.160713 0.0617192 0.0390867 0.0307299 0.0126614 0.00695861 0.00410281 0.00298016 0.00224758 0.000890228
 2.143e-27 2.16785e-27 6.12232e-27 1.35291e-21 8.04628e-17 1.10019e-12 3.45845e-09 2.49943e-06 0.000415277 0.0158633 0.139312 0.281277 0.131196 0.0308381 0.103585 0.145656 0.0577715 0.0419343 0.0328428 0.0115626 0.00470912 0.00168642 0.000758857 0.000432672 0.000156506
 2.1429e-27 2.16764e-27 6.10202e-27 1.34603e-21 8.00534e-17 1.09459e-12 3.44085e-09 2.48671e-06 0.000413163 0.0157826 0.138603 0.279846 0.130544 0.0310969 0.105596 0.148445 0.0581154 0.0400578 0.0317033 0.0124594 0.00532651 0.00149245 0.000368832 0.000114893 3.28937e-05
 2.14326e-27 2.1685e-27 6.19015e-27 1.37591e-21 8.18304e-17 1.11888e-12 3.51723e-09 2.54191e-06 0.000422335 0.0161329 0.14168 0.286057 0.133416 0.0310987 0.103735 0.145783 0.0566708 0.0378791 0.0296311 0.0110715 0.00467664 0.00139649 0.000293223 4.61431e-05 7.33712e-06
 2.14169e-27 2.16465e-27 5.7841e-27 1.23817e-21 7.36389e-17 1.00688e-12 3.16514e-09 2.28746e-06 0.000380058 0.0145179 0.127497 0.257424 0.120223 0.0323083 0.11975 0.16839 0.0651072 0.0424884 0.0330566 0.0121193 0.00496285 0.0014318 0.000299596 3.90018e-05 3.21587e-06
 2.14033e-27 2.16138e-27 5.44819e-27 1.12428e-21 6.68651e-17 9.14261e-13 2.87399e-09 2.07704e-06 0.000345097 0.0131825 0.115769 0.233745 0.109282 0.0324795 0.127932 0.180095 0.0715897 0.0524169 0.0411058 0.014464 0.00565649 0.00157682 0.00031649 3.9328e-05 2.5859e-06
 2.1441e-27 2.17059e-27 6.41605e-27 1.45256e-21 8.63893e-17 1.18122e-12 3.71318e-09 2.68353e-06 0.000445864 0.0170317 0.149573 0.301993 0.140739 0.029918 0.0917244 0.128928 0.0517513 0.0393303 0.0311394 0.0113911 0.00455847 0.00121458 0.000230046 2.72357e-05 1.67021e-06
 2.14677e-27 2.17699e-27 7.07197e-27 1.67496e-21 9.96161e-17 1.36207e-12 4.28169e-09 3.09439e-06 0.000514128 0.0196394 0.172474 0.348229 0.162104 0.0296364 0.0760702 0.106535 0.0394066 0.0205121 0.0155541 0.00596216 0.002516 0.000696954 0.000132214 1.48859e-05 8.62538e-07
 2.14142e-27 2.16384e-27 5.67806e-27 1.2021e-21 7.14936e-17 9.77548e-13 3.07293e-09 2.22082e-06 0.000368986 0.014095 0.123783 0.249925 0.116834 0.034378 0.134645 0.189124 0.0689164 0.0326457 0.0237991 0.00769309 0.00279765 0.000809124 0.000163719 1.88676e-05 1.0655e-06
 2.14172e-27 2.16478e-27 5.80568e-27 1.24553e-21 7.40765e-17 1.01286e-12 3.18395e-09 2.30105e-06 0.000382316 0.0146042 0.128255 0.258953 0.120897 0.0314244 0.113894 0.160327 0.0649589 0.0509714 0.0393691 0.0114845 0.0034725 0.00083359 0.000151635 1.80838e-05 1.05839e-06
 2.14641e-27 2.17614e-27 6.98668e-27 1.64605e-21 9.78969e-17 1.33856e-12 4.2078e-09 3.04099e-06 0.000505255 0.0193004 0.169497 0.342219 0.159319 0.0294838 0.0769498 0.107854 0.0409619 0.0245755 0.0189487 0.00700095 0.00269677 0.000589478 8.54857e-05 8.6393e-06 4.87616e-07
 2.14404e-27 2.17027e-27 6.35638e-27 1.43219e-21 8.51781e-17 1.16466e-12 3.66112e-09 2.6459e-06 0.000439613 0.0167929 0.147476 0.29776 0.138872 0.0323399 0.107785 0.151208 0.0547765 0.0249581 0.0181996 0.00623447 0.00238418 0.000648888 0.000110661 9.8782e-06 4.61754e-07
 2.14224e-27 2.16591e-27 5.90486e-27 1.27908e-21 7.60716e-17 1.04014e-12 3.2697e-09 2.36302e-06 0.000392613 0.0149976 0.131709 0.265927 0.124177 0.0329034 0.120821 0.169777 0.064023 0.0369723 0.0274432 0.00782935 0.0023242 0.000582568 0.000106179 1.11895e-05 5.32194e-07
 2.14122e-27 2.16345e-27 5.65279e-27 1.19361e-21 7.09885e-17 9.70641e-13 3.05122e-09 2.20513e-06 0.000366378 0.0139954 0.122908 0.248159 0.115968 0.0330517 0.127081 0.178713 0.0686788 0.0435348 0.0330762 0.0103289 0.0033234 0.000700101 0.000101746 1.03932e-05 5.45567e-07
 2.14224e-27 2.16597e-27 5.92028e-27 1.28435e-21 7.63854e-17 1.04443e-12 3.28319e-09 2.37277e-06 0.000394233 0.0150594 0.132253 0.267024 0.124652 0.0320616 0.115351 0.162183 0.0628885 0.0415261 0.0318457 0.0103076 0.00352723 0.000798902 0.000114896 9.77922e-06 4.54251e-07
 2.14361e-27 2.16926e-27 6.2564e-27 1.39831e-21 8.31631e-17 1.13711e-12 3.57451e-09 2.58331e-06 0.000429213 0.0163956 0.143987 0.290716 0.135603 0.0320034 0.107854 0.151429 0.0565438 0.0310092 0.0231866 0.00752279 0.00260249 0.000611547 9.38836e-05 8.2219e-06 3.49051e-07
 2.1422e-27 2.16581e-27 5.89394e-27 1.27537e-21 7.58513e-17 1.03713e-12 3.26024e-09 2.35618e-06 0.000391476 0.0149541 0.131328 0.265157 0.123823 0.0329629 0.121416 0.170601 0.0640915 0.0363085 0.0271139 0.00836128 0.00272912 0.000646626 0.000102831 9.49875e-06 4.20528e-07
 2.14316e-27 2.16819e-27 6.14895e-27 1.3619e-21 8.09971e-17 1.10749e-12 3.48141e-09 2.51603e-06 0.000418034 0.0159686 0.140237 0.283145 0.132096 0.0318201 0.109018 0.153172 0.0585805 0.0362981 0.0274334 0.0084142 0.00269094 0.000604687 9.18084e-05 8.59292e-06 3.96602e-07
 2.14279e-27 2.16725e-27 6.04485e-27 1.32655e-21 7.88952e-17 1.07875e-12 3.39107e-09 2.45074e-06 0.000407186 0.0155542 0.136598 0.275798 0.128731 0.0326515 0.116307 0.163359 0.0609622 0.0333205 0.0248803 0.00800785 0.0027146 0.000608856 8.9266e-05 7.95665e-06 3.61133e-07
 2.14326e-27 2.16843e-27 6.17542e-27 1.37087e-21 8.15311e-17 1.11479e-12 3.50436e-09 2.53261e-06 0.00042079 0.0160739 0.141162 0.285011 0.132955 0.0317255 0.107878 0.151565 0.0580067 0.036064 0.0272757 0.00839164 0.00272415 0.000637207 9.79902e-05 8.6562e-06 3.78123e-07
 2.14377e-27 2.16963e-27 6.29467e-27 1.41129e-21 8.39347e-17 1.14766e-12 3.60768e-09 2.60728e-06 0.000433195 0.0165478 0.145323 0.293414 0.13685 0.0319977 0.107007 0.150214 0.0558488 0.0298965 0.0222491 0.00715453 0.00242463 0.000547291 8.22255e-05 7.50824e-06 3.34007e-07
 2.14282e-27 2.1673e-27 6.04762e-27 1.32749e-21 7.89507e-17 1.07951e-12 3.39345e-09 2.45246e-06 0.000407472 0.0155652 0.136694 0.275992 0.128826 0.0327952 0.117126 0.164496 0.0611498 0.0326893 0.0241228 0.00724208 0.00227525 0.000527896 8.11492e-05 7.26726e-06 3.24163e-07
 2.14386e-27 2.16988e-27 6.32413e-27 1.4213e-21 8.45302e-17 1.1558e-12 3.63327e-09 2.62577e-06 0.000436269 0.0166652 0.146354 0.295495 0.137797 0.0315927 0.103907 0.145908 0.055198 0.0324136 0.0242392 0.00722334 0.00220999 0.000480752 7.0214e-05 6.36208e-06 2.84828e-07
 2.1428e-27 2.16725e-27 6.04371e-27 1.32616e-21 7.8872e-17 1.07843e-12 3.39007e-09 2.45002e-06 0.000407066 0.0155497 0.136558 0.275717 0.128696 0.0327367 0.116852 0.164115 0.0610719 0.0328559 0.0244381 0.00776957 0.00258143 0.000562884 7.90806e-05 6.77318e-06 2.96334e-07
 2.14184e-27 2.16496e-27 5.80822e-27 1.24631e-21 7.41231e-17 1.0135e-12 3.18595e-09 2.3025e-06 0.000382556 0.0146134 0.128336 0.259116 0.121028 0.0329107 0.122918 0.172782 0.0657347 0.039707 0.0298513 0.00901443 0.00284566 0.000652551 9.743e-05 8.28468e-06 3.46825e-07
 2.14245e-27 2.16647e-27 5.9715e-27 1.30172e-21 7.74181e-17 1.05856e-12 3.32758e-09 2.40485e-06 0.000399563 0.015263 0.134041 0.270634 0.126322 0.0320733 0.114334 0.160721 0.0619869 0.0399521 0.0304883 0.00971162 0.00323963 0.000717023 0.000104695 9.29372e-06 3.99588e-07
 2.14371e-27 2.16952e-27 6.28776e-27 1.40897e-21 8.37967e-17 1.14577e-12 3.60174e-09 2.60299e-06 0.000432483 0.0165206 0.145084 0.292931 0.136614 0.0316406 0.104972 0.147408 0.0556856 0.0324863 0.0245548 0.0080741 0.00282816 0.000658052 9.90235e-05 8.63487e-06 3.73884e-07
 2.14564e-27 2.17422e-27 6.77884e-27 1.57552e-21 9.37023e-17 1.28121e-12 4.02751e-09 2.91069e-06 0.000483607 0.0184735 0.162235 0.327557 0.152581 0.0305399 0.0878168 0.123131 0.0458316 0.0246891 0.01835 0.00579924 0.00195736 0.000470244 7.5053e-05 6.84439e-06 2.99712e-07
#obs surv len freq
 8.66869e-40 4.24272e-33 4.77398e-27 1.23498e-21 7.34491e-17 1.00428e-12 3.15697e-09 2.28155e-06 0.000379083 0.0144805 0.127168 0.256759 0.119913 0.0322188 0.119404 0.167915 0.0651001 0.0430099 0.0336238 0.0126315 0.00535908 0.0016252 0.000359951 4.89992e-05 3.40057e-06
 1.0387e-39 5.08371e-33 5.72027e-27 1.47978e-21 8.80081e-17 1.20335e-12 3.78275e-09 2.7338e-06 0.000454224 0.0173508 0.152375 0.307651 0.14338 0.0305915 0.0941311 0.132164 0.0507727 0.032174 0.0249005 0.00903462 0.00368082 0.00107611 0.000229695 3.02999e-05 2.04099e-06
 9.69566e-40 4.74535e-33 5.33955e-27 1.38129e-21 8.21505e-17 1.12326e-12 3.53098e-09 2.55184e-06 0.000423993 0.016196 0.142233 0.287176 0.133998 0.0328442 0.114054 0.160043 0.0578687 0.0260345 0.0189933 0.00664718 0.0025923 0.000725928 0.000147484 1.86408e-05 1.21188e-06
 1.04989e-39 5.13848e-33 5.7819e-27 1.49572e-21 8.89562e-17 1.21632e-12 3.8235e-09 2.76325e-06 0.000459118 0.0175377 0.154016 0.310965 0.14494 0.0313374 0.0976859 0.137054 0.0509122 0.0271011 0.0199006 0.00576125 0.00176643 0.000460765 8.85222e-05 1.06062e-05 6.5774e-07
 9.87186e-40 4.83159e-33 5.43659e-27 1.40639e-21 8.36435e-17 1.14367e-12 3.59515e-09 2.59822e-06 0.000431698 0.0164903 0.144818 0.292395 0.136412 0.0328745 0.112666 0.158055 0.0567562 0.0242831 0.0172863 0.0053624 0.00172606 0.000375966 5.81726e-05 6.34365e-06 3.70854e-07
 8.14419e-40 3.98602e-33 4.48513e-27 1.16026e-21 6.9005e-17 9.43519e-13 2.96596e-09 2.14351e-06 0.000356146 0.0136043 0.119473 0.241225 0.112829 0.0348232 0.139985 0.196671 0.071899 0.0347429 0.0250001 0.0069485 0.00193768 0.000432404 6.42922e-05 5.77928e-06 2.88373e-07
 7.94781e-40 3.8899e-33 4.37698e-27 1.13228e-21 6.73411e-17 9.20768e-13 2.89444e-09 2.09182e-06 0.000347559 0.0132763 0.116592 0.235408 0.110095 0.0336349 0.134484 0.189169 0.0726689 0.045959 0.034632 0.0100925 0.00295043 0.000599825 8.01795e-05 6.93579e-06 3.07123e-07
 1.33174e-39 6.51792e-33 7.33407e-27 1.89725e-21 1.12837e-16 1.54284e-12 4.84993e-09 3.50505e-06 0.00058237 0.0222458 0.195362 0.394441 0.183388 0.0274702 0.048919 0.0682671 0.0259711 0.0156993 0.0119456 0.00397557 0.0013867 0.000299381 4.00828e-05 3.17215e-06 1.29234e-07
 1.10532e-39 5.40978e-33 6.08716e-27 1.57469e-21 9.36528e-17 1.28053e-12 4.02537e-09 2.90914e-06 0.000483358 0.0184637 0.162148 0.327383 0.15258 0.0326592 0.100807 0.14108 0.0472477 0.00949635 0.00522157 0.00167569 0.000584887 0.000143187 2.23498e-05 1.8619e-06 7.32106e-08
 6.37782e-40 3.1215e-33 3.51236e-27 9.08615e-22 5.40387e-17 7.38882e-13 2.32268e-09 1.67861e-06 0.000278903 0.0106537 0.0935611 0.18891 0.088788 0.0387022 0.179432 0.25207 0.0887149 0.0322284 0.0213196 0.00454773 0.000643569 0.000125296 2.03067e-05 1.92435e-06 8.37477e-08
 1.23229e-39 6.03123e-33 6.78643e-27 1.75559e-21 1.04411e-16 1.42763e-12 4.48778e-09 3.24333e-06 0.000538884 0.0205847 0.180775 0.364989 0.169786 0.0278781 0.0602863 0.0844967 0.0345553 0.0279821 0.0213741 0.00539905 0.00116627 0.000171208 1.32707e-05 9.60353e-07 4.41206e-08
 1.17966e-39 5.77363e-33 6.49658e-27 1.6806e-21 9.99518e-17 1.36666e-12 4.29611e-09 3.10481e-06 0.000515868 0.0197055 0.173054 0.349401 0.162707 0.0312731 0.0857085 0.119847 0.0404124 0.00906081 0.00538488 0.00200808 0.000761818 0.000142347 1.3628e-05 7.0327e-07 1.9064e-08
 8.83365e-40 4.32346e-33 4.86483e-27 1.25848e-21 7.48468e-17 1.02339e-12 3.21705e-09 2.32497e-06 0.000386297 0.014756 0.129588 0.261646 0.122302 0.0356966 0.139162 0.195195 0.0670841 0.019214 0.0118748 0.00257915 0.000408063 9.15111e-05 1.42646e-05 9.71981e-07 2.67604e-08
 9.25973e-40 4.532e-33 5.09948e-27 1.31919e-21 7.84569e-17 1.07276e-12 3.37222e-09 2.43711e-06 0.000404929 0.0154678 0.135838 0.274265 0.128046 0.0332802 0.120608 0.169365 0.0623848 0.031557 0.0225031 0.00521802 0.000917216 0.000130975 1.13459e-05 8.82779e-07 3.45087e-08
 7.39605e-40 3.61985e-33 4.07312e-27 1.05368e-21 6.26661e-17 8.56846e-13 2.6935e-09 1.9466e-06 0.00032343 0.0123546 0.108498 0.219067 0.102639 0.0362672 0.155479 0.218446 0.0787055 0.0344823 0.024452 0.00700768 0.00193109 0.000318146 2.60651e-05 1.30428e-06 3.81876e-08
 1.12443e-39 5.5033e-33 6.1924e-27 1.60192e-21 9.5272e-17 1.30267e-12 4.09496e-09 2.95944e-06 0.000491715 0.0187829 0.164951 0.333042 0.155093 0.0298995 0.0822541 0.115373 0.0442466 0.027754 0.0207239 0.00560046 0.00145712 0.000290992 3.42841e-05 1.98736e-06 4.90417e-08
 8.6996e-40 4.25785e-33 4.791e-27 1.23939e-21 7.3711e-17 1.00787e-12 3.16823e-09 2.28969e-06 0.000380435 0.0145321 0.127621 0.257675 0.120466 0.0356828 0.140274 0.196775 0.0677874 0.0199818 0.0129691 0.00416443 0.00137767 0.000274178 3.30303e-05 2.37524e-06 7.58294e-08
 9.57333e-40 4.68548e-33 5.27218e-27 1.36386e-21 8.1114e-17 1.10909e-12 3.48643e-09 2.51965e-06 0.000418643 0.0159916 0.140438 0.283552 0.132321 0.032784 0.114779 0.161154 0.0595395 0.0306674 0.0219508 0.00515099 0.00100494 0.000211623 3.05017e-05 2.30735e-06 8.12597e-08
 1.0101e-39 4.94376e-33 5.5628e-27 1.43904e-21 8.55853e-17 1.17022e-12 3.67861e-09 2.65854e-06 0.00044172 0.0168731 0.14818 0.299182 0.139542 0.0326605 0.109314 0.153317 0.0549175 0.023055 0.0162291 0.00470918 0.0013255 0.000225563 2.24046e-05 1.71674e-06 6.77531e-08
 8.6393e-40 4.22834e-33 4.7578e-27 1.2308e-21 7.32001e-17 1.00088e-12 3.14627e-09 2.27382e-06 0.000377798 0.0144314 0.126737 0.255889 0.119616 0.0350386 0.13688 0.192135 0.068125 0.0263904 0.0180781 0.0048026 0.00121916 0.000245565 2.98173e-05 1.89663e-06 6.13391e-08
 1.11577e-39 5.46093e-33 6.14473e-27 1.58958e-21 9.45385e-17 1.29264e-12 4.06343e-09 2.93665e-06 0.000487929 0.0186383 0.163681 0.330478 0.153937 0.0306934 0.0878734 0.12318 0.0454557 0.0232611 0.0167757 0.00431574 0.00100883 0.000186506 2.20476e-05 1.60848e-06 5.43275e-08
 8.89855e-40 4.35522e-33 4.90057e-27 1.26773e-21 7.53967e-17 1.03091e-12 3.24068e-09 2.34205e-06 0.000389135 0.0148645 0.13054 0.263568 0.123177 0.0353283 0.136334 0.191242 0.0661127 0.0202329 0.0131256 0.00378509 0.00107695 0.000198968 2.15889e-05 1.47406e-06 5.13148e-08
 1.00925e-39 4.93957e-33 5.55808e-27 1.43782e-21 8.55127e-17 1.16923e-12 3.67549e-09 2.65629e-06 0.000441346 0.0168588 0.148054 0.298929 0.139412 0.0323132 0.107271 0.150518 0.0550608 0.0266886 0.0189204 0.00447208 0.000870802 0.000165373 2.06558e-05 1.41075e-06 4.58989e-08
 1.03685e-39 5.07467e-33 5.71009e-27 1.47715e-21 8.78515e-17 1.20121e-12 3.77602e-09 2.72893e-06 0.000453416 0.0173199 0.152104 0.307104 0.143201 0.0325775 0.10642 0.149186 0.0527645 0.020028 0.0137395 0.00386529 0.00104019 0.00017594 1.68195e-05 1.14356e-06 3.99055e-08
 8.7478e-40 4.28144e-33 4.81755e-27 1.24625e-21 7.41194e-17 1.01345e-12 3.18578e-09 2.30237e-06 0.000382543 0.0146126 0.128328 0.259103 0.121103 0.035063 0.136061 0.190951 0.0673182 0.0248422 0.0167551 0.0042701 0.000993099 0.000191127 2.23315e-05 1.38132e-06 4.15052e-08
 9.26194e-40 4.53308e-33 5.10069e-27 1.3195e-21 7.84756e-17 1.07301e-12 3.37302e-09 2.43769e-06 0.000405026 0.0154715 0.13587 0.27433 0.128074 0.0332409 0.120348 0.168996 0.0622051 0.0313469 0.0225097 0.00568334 0.00126754 0.00022248 2.42437e-05 1.67301e-06 5.44409e-08
 9.74016e-40 4.76713e-33 5.36406e-27 1.38763e-21 8.25276e-17 1.12842e-12 3.54718e-09 2.56356e-06 0.000425939 0.0162703 0.142886 0.288494 0.134616 0.0330676 0.115021 0.161382 0.0580612 0.0251739 0.017807 0.00508988 0.00141909 0.000255914 2.63338e-05 1.6769e-06 5.43464e-08
 1.129e-39 5.52567e-33 6.21757e-27 1.60843e-21 9.56591e-17 1.30797e-12 4.1116e-09 2.97146e-06 0.000493713 0.0188592 0.165621 0.334396 0.155762 0.0310607 0.0889351 0.124574 0.0445329 0.0184074 0.0128097 0.00344908 0.000893915 0.000179022 2.19399e-05 1.44542e-06 4.43471e-08
 1.129e-39 5.52567e-33 6.21757e-27 1.60843e-21 9.56591e-17 1.30797e-12 4.1116e-09 2.97146e-06 0.000493713 0.0188592 0.165621 0.334396 0.155762 0.0310607 0.0889351 0.124574 0.0445329 0.0184074 0.0128097 0.00344908 0.000893915 0.000179022 2.19399e-05 1.44542e-06 4.43471e-08
#pred catch len freq
 2.13872e-27 2.15551e-27 4.73418e-27 8.81909e-22 5.24505e-17 7.17167e-13 2.25442e-09 1.62928e-06 0.000270702 0.0103406 0.090812 0.183356 0.0858479 0.0287818 0.120535 0.169955 0.0707278 0.0612174 0.0539439 0.0339046 0.02652 0.0208037 0.0193639 0.0167739 0.00684435
 2.13849e-27 2.15649e-27 4.90921e-27 9.41395e-22 5.59883e-17 7.65541e-13 2.40649e-09 1.73917e-06 0.000288961 0.0110381 0.0969374 0.195724 0.0917452 0.0335569 0.145967 0.205501 0.0801315 0.0543161 0.0430675 0.0177453 0.00973855 0.0057246 0.00414981 0.00312756 0.00123862
 2.13894e-27 2.15797e-27 5.09378e-27 1.00409e-21 5.97171e-17 8.16525e-13 2.56676e-09 1.855e-06 0.000308206 0.0117733 0.103393 0.208759 0.097738 0.0326744 0.136653 0.192538 0.0780002 0.0612687 0.048401 0.0170681 0.00695659 0.00248557 0.00111573 0.000635539 0.000229843
 2.13903e-27 2.15823e-27 5.12183e-27 1.0136e-21 6.02829e-17 8.24261e-13 2.59107e-09 1.87258e-06 0.000311126 0.0118848 0.104373 0.210736 0.0986637 0.03298 0.137921 0.19424 0.0773996 0.0572637 0.0456897 0.0179669 0.00767941 0.00214727 0.000529288 0.000164624 4.7113e-05
 2.13938e-27 2.15908e-27 5.20778e-27 1.04274e-21 6.20156e-17 8.47952e-13 2.66555e-09 1.9264e-06 0.000320068 0.0122264 0.107373 0.216793 0.101468 0.0330842 0.136732 0.192515 0.0761457 0.0546996 0.0431561 0.0161365 0.00681486 0.00203087 0.000425564 6.68714e-05 1.06248e-05
 2.13808e-27 2.15588e-27 4.86855e-27 9.27662e-22 5.51715e-17 7.54373e-13 2.37138e-09 1.7138e-06 0.000284746 0.0108771 0.0955232 0.192869 0.0904506 0.0342334 0.150958 0.212576 0.083354 0.0577912 0.0452884 0.0165909 0.00678374 0.00195245 0.000407607 5.29955e-05 4.36633e-06
 2.13705e-27 2.15342e-27 4.61886e-27 8.43017e-22 5.01374e-17 6.85539e-13 2.155e-09 1.55743e-06 0.000258764 0.00988461 0.0868072 0.175272 0.0823088 0.0340682 0.155254 0.218815 0.0880678 0.0675662 0.053236 0.018689 0.00728639 0.00202558 0.000405538 5.03252e-05 3.30661e-06
 2.14058e-27 2.16206e-27 5.52768e-27 1.15128e-21 6.8471e-17 9.36219e-13 2.94302e-09 2.12693e-06 0.000353386 0.0134991 0.11855 0.239358 0.111844 0.0315783 0.120738 0.17005 0.0693174 0.0556614 0.0443106 0.0161879 0.00646572 0.00171865 0.000324723 3.8393e-05 2.35276e-06
 2.14312e-27 2.1681e-27 6.13918e-27 1.35858e-21 8.07997e-17 1.10479e-12 3.47293e-09 2.5099e-06 0.000417016 0.0159297 0.139896 0.282455 0.131785 0.032024 0.11047 0.155149 0.0582646 0.0330034 0.0253635 0.00974457 0.00411684 0.00113858 0.000215588 2.42446e-05 1.40384e-06
 2.13804e-27 2.15557e-27 4.80719e-27 9.06714e-22 5.39257e-17 7.37338e-13 2.31783e-09 1.6751e-06 0.000278316 0.0106315 0.0933662 0.188515 0.0885341 0.036805 0.16797 0.236193 0.0868263 0.0434754 0.0319988 0.0103309 0.00374783 0.00108109 0.000218258 2.51216e-05 1.41768e-06
 2.13862e-27 2.15726e-27 5.02128e-27 9.79506e-22 5.82549e-17 7.96533e-13 2.50391e-09 1.80958e-06 0.00030066 0.011485 0.100862 0.203647 0.0953863 0.0329759 0.140035 0.197377 0.0807942 0.0656881 0.0509008 0.0148068 0.00445552 0.00106622 0.000193368 2.30267e-05 1.34675e-06
 2.14289e-27 2.16757e-27 6.08968e-27 1.34181e-21 7.98028e-17 1.09116e-12 3.43008e-09 2.47893e-06 0.00041187 0.0157332 0.138169 0.27897 0.130158 0.0315957 0.108906 0.153054 0.0590246 0.0380772 0.0296451 0.010961 0.00422267 0.000921618 0.000133332 1.34546e-05 7.58801e-07
 2.14073e-27 2.16215e-27 5.5007e-27 1.14195e-21 6.7916e-17 9.2863e-13 2.91916e-09 2.10969e-06 0.000350521 0.0133897 0.117589 0.237419 0.111069 0.0348208 0.141117 0.198266 0.0724016 0.0347878 0.0256108 0.00875939 0.00334126 0.000907113 0.000154365 1.37618e-05 6.427e-07
 2.1391e-27 2.15824e-27 5.09895e-27 1.00573e-21 5.98144e-17 8.17855e-13 2.57094e-09 1.85802e-06 0.000308708 0.0117924 0.103562 0.209099 0.0979823 0.0349889 0.15068 0.211989 0.0806001 0.0485146 0.0362119 0.0103075 0.00304656 0.00076128 0.000138376 1.45631e-05 6.92166e-07
 2.13823e-27 2.15617e-27 4.88933e-27 9.34663e-22 5.5588e-17 7.60066e-13 2.38928e-09 1.72674e-06 0.000286895 0.0109592 0.0962442 0.194325 0.0911484 0.0348923 0.154543 0.217559 0.084246 0.0552767 0.0421651 0.013124 0.00420322 0.000883062 0.000127922 1.30442e-05 6.84181e-07
 2.13941e-27 2.15907e-27 5.19723e-27 1.03912e-21 6.18002e-17 8.45008e-13 2.65629e-09 1.91971e-06 0.000318957 0.0121839 0.107 0.216041 0.101147 0.0337945 0.141296 0.198884 0.0775973 0.0526264 0.0404687 0.0130434 0.00443878 0.00100236 0.000143733 1.22133e-05 5.66742e-07
 2.14037e-27 2.16134e-27 5.42464e-27 1.11619e-21 6.63844e-17 9.07688e-13 2.85333e-09 2.06211e-06 0.000342616 0.0130877 0.114937 0.232065 0.10857 0.0341954 0.138914 0.195322 0.0735796 0.0423022 0.0318448 0.0103099 0.00355544 0.000833398 0.00012761 1.11598e-05 4.73371e-07
 2.13915e-27 2.15836e-27 5.11127e-27 1.0099e-21 6.00627e-17 8.21251e-13 2.58161e-09 1.86574e-06 0.00030999 0.0118414 0.103992 0.209967 0.0983847 0.035016 0.150584 0.211826 0.0801569 0.0471433 0.0353829 0.010879 0.00353483 0.000835101 0.000132435 1.22154e-05 5.40355e-07
 2.14009e-27 2.1607e-27 5.36436e-27 1.09578e-21 6.51703e-17 8.91088e-13 2.80115e-09 2.0244e-06 0.00033635 0.0128484 0.112835 0.227821 0.106592 0.0337639 0.137559 0.193534 0.0746195 0.0480122 0.0364525 0.0111481 0.00354956 0.000795413 0.000120415 1.12528e-05 5.18936e-07
 2.13954e-27 2.15931e-27 5.20988e-27 1.04335e-21 6.20517e-17 8.48446e-13 2.6671e-09 1.92752e-06 0.000320255 0.0122335 0.107435 0.21692 0.101593 0.034848 0.147462 0.207389 0.0780708 0.0447186 0.0336164 0.0107964 0.00364837 0.000816325 0.00011936 1.06228e-05 4.81723e-07
 2.14022e-27 2.16102e-27 5.39806e-27 1.10721e-21 6.58501e-17 9.00383e-13 2.83037e-09 2.04551e-06 0.000339859 0.0129824 0.114012 0.230197 0.107686 0.0336517 0.136158 0.191557 0.0738939 0.047653 0.0361989 0.0111033 0.00358783 0.000836815 0.000128332 1.13196e-05 4.94028e-07
 2.14069e-27 2.1621e-27 5.50257e-27 1.14262e-21 6.79559e-17 9.29176e-13 2.92088e-09 2.11093e-06 0.000350727 0.0133975 0.117658 0.237559 0.111108 0.0341515 0.13699 0.192575 0.0721269 0.0402126 0.0301032 0.00965313 0.00325858 0.000733604 0.000109904 1.00202e-05 4.45385e-07
 2.13977e-27 2.15985e-27 5.26392e-27 1.06166e-21 6.31411e-17 8.63342e-13 2.71393e-09 1.96136e-06 0.000325877 0.0124483 0.109322 0.220728 0.103357 0.0349434 0.146897 0.206556 0.0773128 0.042929 0.0318545 0.00953656 0.00298248 0.000689996 0.000105775 9.45836e-06 4.21529e-07
 2.14066e-27 2.16207e-27 5.50439e-27 1.14326e-21 6.79939e-17 9.29696e-13 2.92251e-09 2.11211e-06 0.000350923 0.013405 0.117724 0.237691 0.111152 0.0336887 0.134125 0.188629 0.0720174 0.0442487 0.0332884 0.00989955 0.00301817 0.000654918 9.5382e-05 8.62925e-06 3.86007e-07
 2.13965e-27 2.15957e-27 5.236e-27 1.0522e-21 6.25783e-17 8.55647e-13 2.68974e-09 1.94388e-06 0.000322973 0.0123373 0.108347 0.218761 0.102446 0.0349094 0.147282 0.207112 0.0776655 0.0435795 0.0326123 0.0103415 0.00342311 0.000744554 0.00010431 8.91984e-06 3.899e-07
 2.13875e-27 2.15741e-27 5.01528e-27 9.77366e-22 5.81277e-17 7.94792e-13 2.49844e-09 1.80563e-06 0.000300003 0.0114599 0.100641 0.203203 0.0952526 0.0348886 0.151845 0.213687 0.081964 0.0514852 0.0388968 0.0117142 0.0036819 0.000841962 0.000125369 1.06446e-05 4.45216e-07
 2.13938e-27 2.15898e-27 5.18695e-27 1.03562e-21 6.15925e-17 8.42168e-13 2.64736e-09 1.91326e-06 0.000317885 0.012143 0.10664 0.215314 0.100816 0.0339393 0.142399 0.200423 0.0779466 0.0521304 0.03995 0.0126859 0.00421353 0.000930076 0.000135406 1.20011e-05 5.15559e-07
 2.14054e-27 2.1618e-27 5.47672e-27 1.13388e-21 6.74362e-17 9.2207e-13 2.89854e-09 2.09478e-06 0.000348045 0.0132951 0.116758 0.235742 0.110251 0.0337019 0.134793 0.189564 0.0722376 0.0440127 0.0334572 0.0109731 0.00382998 0.000888881 0.000133403 1.16156e-05 5.02505e-07
 2.14434e-27 2.17103e-27 6.44157e-27 1.46112e-21 8.68981e-17 1.18818e-12 3.73505e-09 2.69933e-06 0.00044849 0.017132 0.150454 0.303772 0.141625 0.0316292 0.101635 0.142622 0.052892 0.0279008 0.0206479 0.0064708 0.00216017 0.000516617 8.21591e-05 7.47936e-06 3.27209e-07
#obs catch len freq
 4.08922e-40 2.00139e-33 2.252e-27 5.82571e-22 3.46477e-17 4.73744e-13 1.48922e-09 1.07626e-06 0.000178822 0.00683078 0.0599879 0.121126 0.0573448 0.0358973 0.182738 0.257638 0.102821 0.0765062 0.0609165 0.0236226 0.010345 0.00320744 0.000729203 0.000101969 7.27092e-06
 4.21311e-40 2.06203e-33 2.32023e-27 6.0022e-22 3.56974e-17 4.88097e-13 1.53434e-09 1.10887e-06 0.00018424 0.00703774 0.0618054 0.124795 0.0590552 0.0362669 0.183889 0.259186 0.102388 0.0731871 0.0577605 0.0217255 0.00922047 0.00279129 0.000616927 8.38403e-05 5.81133e-06
 5.76867e-40 2.82336e-33 3.17689e-27 8.21832e-22 4.88774e-17 6.68311e-13 2.10084e-09 1.51828e-06 0.000252265 0.00963619 0.084625 0.170867 0.080313 0.0351447 0.163152 0.229791 0.0897997 0.0613777 0.0479559 0.0174146 0.00709539 0.0020706 0.000441004 5.80749e-05 3.90693e-06
 5.1899e-40 2.5401e-33 2.85816e-27 7.39379e-22 4.39736e-17 6.0126e-13 1.89007e-09 1.36595e-06 0.000226955 0.0086694 0.0761347 0.153727 0.0725117 0.0384295 0.188372 0.264943 0.096866 0.0469096 0.0346932 0.0121499 0.00473751 0.00132419 0.000268424 3.38672e-05 2.19892e-06
 6.02891e-40 2.95073e-33 3.32021e-27 8.58907e-22 5.10824e-17 6.9846e-13 2.19561e-09 1.58678e-06 0.000263645 0.0100709 0.0884426 0.178575 0.0839297 0.03656 0.16947 0.238457 0.0897023 0.0511496 0.0379546 0.0109897 0.00336746 0.000876661 0.000168026 2.00953e-05 1.24452e-06
 5.48514e-40 2.6846e-33 3.02075e-27 7.8144e-22 4.64752e-17 6.35464e-13 1.99759e-09 1.44366e-06 0.000239866 0.00916258 0.0804658 0.162471 0.0765598 0.0385738 0.186617 0.262403 0.0951031 0.0434402 0.0313235 0.00971668 0.00312527 0.000679574 0.000104866 1.14124e-05 6.66234e-07
 4.09296e-40 2.00322e-33 2.25406e-27 5.83104e-22 3.46793e-17 4.74178e-13 1.49058e-09 1.07725e-06 0.000178986 0.00683703 0.0600428 0.121238 0.0575422 0.0397785 0.206399 0.29045 0.107256 0.0551358 0.0400936 0.0111404 0.00310263 0.00069105 0.000102503 9.19623e-06 4.58116e-07
 3.98373e-40 1.94976e-33 2.1939e-27 5.67542e-22 3.37538e-17 4.61522e-13 1.4508e-09 1.0485e-06 0.000174209 0.00665456 0.0584404 0.118002 0.0559682 0.0377005 0.194689 0.274326 0.106748 0.0715203 0.054281 0.0158081 0.00461428 0.000936402 0.000124833 1.07772e-05 4.76515e-07
 9.8489e-40 4.82035e-33 5.42394e-27 1.40312e-21 8.34489e-17 1.14101e-12 3.58678e-09 2.59218e-06 0.000430694 0.0164519 0.144481 0.291714 0.136037 0.0312699 0.103076 0.144807 0.0557459 0.0356408 0.0273174 0.00908239 0.00316284 0.000681585 9.10251e-05 7.19005e-06 2.92463e-07
 6.92938e-40 3.39145e-33 3.81611e-27 9.87192e-22 5.8712e-17 8.02781e-13 2.52355e-09 1.82377e-06 0.000303023 0.0115751 0.101652 0.205246 0.0963653 0.0393651 0.178555 0.250541 0.0841352 0.0176777 0.00995778 0.00319372 0.00111244 0.000271739 4.23144e-05 3.51912e-06 1.38173e-07
 3.0296e-40 1.48278e-33 1.66845e-27 4.31612e-22 2.56696e-17 3.50985e-13 1.10333e-09 7.97375e-07 0.000132485 0.00506076 0.0444436 0.0897447 0.0431178 0.0433926 0.237954 0.334602 0.118451 0.0452348 0.0302868 0.00645907 0.000911581 0.000176928 2.85962e-05 2.70502e-06 1.17571e-07
 8.53698e-40 4.17826e-33 4.70145e-27 1.21622e-21 7.23331e-17 9.89025e-13 3.10901e-09 2.24689e-06 0.000373323 0.0142605 0.125236 0.252858 0.118074 0.0312742 0.114815 0.161741 0.0670784 0.0568862 0.0436413 0.0110123 0.00237279 0.000347846 2.68802e-05 1.93898e-06 8.89378e-08
 7.94303e-40 3.88756e-33 4.37435e-27 1.1316e-21 6.73006e-17 9.20215e-13 2.8927e-09 2.09056e-06 0.00034735 0.0132683 0.116522 0.235268 0.110171 0.0374057 0.157545 0.221003 0.0747296 0.0174473 0.0105633 0.00393265 0.00148878 0.000277754 2.65259e-05 1.36632e-06 3.69597e-08
 4.89279e-40 2.39468e-33 2.69454e-27 6.97051e-22 4.14562e-17 5.66839e-13 1.78186e-09 1.28776e-06 0.000213963 0.0081731 0.0717762 0.144928 0.0685669 0.0417089 0.211043 0.296474 0.102296 0.0306202 0.0192006 0.00416891 0.000657342 0.000146928 2.28546e-05 1.55524e-06 4.27627e-08
 5.24989e-40 2.56946e-33 2.8912e-27 7.47925e-22 4.44819e-17 6.0821e-13 1.91191e-09 1.38174e-06 0.000229579 0.00876961 0.0770147 0.155503 0.0733275 0.0382793 0.18692 0.262996 0.0976477 0.0517596 0.0371893 0.00861691 0.00151036 0.000215293 1.85878e-05 1.44218e-06 5.63109e-08
 3.76367e-40 1.84206e-33 2.07271e-27 5.36191e-22 3.18893e-17 4.36029e-13 1.37066e-09 9.90579e-07 0.000164586 0.00628697 0.0552122 0.111485 0.0530783 0.0409759 0.216648 0.304767 0.11055 0.0507565 0.0363138 0.0103929 0.00285662 0.000469942 3.84043e-05 1.91734e-06 5.6017e-08
 7.20373e-40 3.52573e-33 3.9672e-27 1.02628e-21 6.10366e-17 8.34565e-13 2.62346e-09 1.89598e-06 0.00031502 0.0120334 0.105677 0.21337 0.099932 0.0343171 0.145291 0.204488 0.079261 0.0521769 0.039196 0.0105799 0.00274522 0.000547073 6.43015e-05 3.72177e-06 9.17076e-08
 4.77756e-40 2.33828e-33 2.63108e-27 6.80634e-22 4.04799e-17 5.53489e-13 1.7399e-09 1.25743e-06 0.000208923 0.00798061 0.0700857 0.141515 0.0669823 0.0415313 0.210987 0.296418 0.102534 0.0315982 0.020796 0.00666767 0.00220031 0.000437053 5.25038e-05 3.76841e-06 1.20156e-07
 5.5025e-40 2.69309e-33 3.03031e-27 7.83912e-22 4.66222e-17 6.37474e-13 2.00391e-09 1.44823e-06 0.000240625 0.00919156 0.0807203 0.162985 0.0767684 0.0378044 0.181766 0.255746 0.0952872 0.0515146 0.037156 0.00871251 0.00169456 0.000355874 5.1166e-05 3.86388e-06 1.35878e-07
 6.01932e-40 2.94604e-33 3.31493e-27 8.57542e-22 5.10012e-17 6.9735e-13 2.19213e-09 1.58425e-06 0.000263226 0.0100549 0.0883021 0.178292 0.0838575 0.0381284 0.17913 0.251806 0.0907895 0.0399804 0.0284138 0.00823403 0.00231197 0.000392814 3.88952e-05 2.9729e-06 1.17166e-07
 4.71231e-40 2.30635e-33 2.59514e-27 6.71339e-22 3.9927e-17 5.4593e-13 1.71614e-09 1.24025e-06 0.00020607 0.00787161 0.0691285 0.139582 0.0660484 0.0404563 0.205008 0.288219 0.102798 0.0417398 0.0288925 0.00766717 0.00194073 0.000390041 4.72437e-05 2.99975e-06 9.68365e-08
 7.1421e-40 3.49556e-33 3.93326e-27 1.0175e-21 6.05144e-17 8.27425e-13 2.60102e-09 1.87976e-06 0.000312325 0.0119304 0.104773 0.211545 0.0991393 0.0356775 0.154146 0.216751 0.080644 0.0432764 0.0314465 0.00808132 0.00188367 0.000347499 4.09615e-05 2.98244e-06 1.00597e-07
 4.97836e-40 2.43656e-33 2.74166e-27 7.0924e-22 4.21812e-17 5.76752e-13 1.81302e-09 1.31028e-06 0.000217704 0.00831602 0.0730313 0.147462 0.0697176 0.0411554 0.2069 0.290685 0.100907 0.0322372 0.0211832 0.00610019 0.0017307 0.000319141 3.45295e-05 2.35253e-06 8.17646e-08
 6.0192e-40 2.94598e-33 3.31487e-27 8.57525e-22 5.10002e-17 6.97336e-13 2.19208e-09 1.58422e-06 0.000263221 0.0100547 0.0883003 0.178288 0.0838326 0.0375094 0.175353 0.246622 0.0909122 0.046205 0.0330208 0.00779866 0.00151391 0.000286788 3.57278e-05 2.43575e-06 7.91225e-08
 6.30791e-40 3.08728e-33 3.47386e-27 8.98655e-22 5.34464e-17 7.30782e-13 2.29722e-09 1.66021e-06 0.000275846 0.0105369 0.0925355 0.186839 0.0878136 0.0382493 0.177291 0.249124 0.0886144 0.0352382 0.0244305 0.00686431 0.00184247 0.000311135 2.96558e-05 2.01147e-06 7.00884e-08
 4.80605e-40 2.35223e-33 2.64676e-27 6.84693e-22 4.07212e-17 5.56789e-13 1.75027e-09 1.26493e-06 0.000210169 0.00802819 0.0705036 0.142358 0.0673378 0.0406126 0.205125 0.288338 0.102216 0.0395218 0.0269509 0.00686197 0.00159122 0.000305561 3.56125e-05 2.19894e-06 6.5959e-08
 5.26517e-40 2.57694e-33 2.89961e-27 7.50102e-22 4.46114e-17 6.0998e-13 1.91748e-09 1.38577e-06 0.000230247 0.00879513 0.0772389 0.155956 0.0735339 0.0382053 0.186332 0.262161 0.0972529 0.0513167 0.0371247 0.00936316 0.00208197 0.00036467 3.96225e-05 2.72858e-06 8.86661e-08
 5.66982e-40 2.77498e-33 3.12245e-27 8.0775e-22 4.80399e-17 6.56859e-13 2.06484e-09 1.49227e-06 0.000247942 0.00947106 0.0831749 0.167941 0.0790836 0.038443 0.18417 0.258946 0.0938001 0.0426656 0.0304595 0.00869527 0.00241813 0.000435312 4.46718e-05 2.83865e-06 9.18477e-08
 1.00414e-39 4.91455e-33 5.52993e-27 1.43054e-21 8.50795e-17 1.16331e-12 3.65687e-09 2.64283e-06 0.00043911 0.0167734 0.147304 0.297414 0.138734 0.0329042 0.111335 0.156144 0.0556274 0.0223889 0.0154825 0.00414647 0.00106403 0.000212162 2.59011e-05 1.7023e-06 5.21269e-08
#spawning biomass
 4449 2918.41 3152.51 4101.75 5040.64 6385.2 6580.91 5556.09 6991.25 13560.9 14595.5 12823.2 22501.5 29094.9 28054.3 22999.1 18939.5 21660.4 20492.5 20432.2 22177.5 22349.6 24862 25488 29239.6 30079.1 27494.9 25696.7 29858.6 22456.5 71116.1 106892 96677.3 79038.1 65384.3 56303.6 50661.6 47293.5 45333.6 44212.1 43577.7 43221.6 43022.7 42912 42850.3 42816.3 42797.6 42787.2 42781.5 42778.3 42776.6 42775.6 42775.1 42774.8 42774.7 42774.6 42774.5 42774.5 42774.5 42774.5 42774.5 42774.5 42774.5 42774.5 42774.5 42774.5 42774.5 42774.5 42774.5 42774.5 42774.5 42774.5 42774.5 42774.5 42774.5 42774.5 42774.5 42774.5 42774.5 42774.5 42774.5 42774.5 42774.5 42774.5 42774.5 42774.5 42774.5 42774.5 42774.5 42774.5 42774.5 42774.5 42774.5 42774.5 42774.5 42774.5 42774.5 42774.5 42774.5 42774.5 42774.5 42774.5 42774.5 42774.5 42774.5 42774.5 42774.5 42774.5 42774.5 42774.5 42774.5 42774.5 42774.5 42774.5 42774.5 42774.5 42774.5 42774.5 42774.5 42774.5 42774.5 42774.5 42774.5 42774.5 42774.5 42774.5 42774.5 42774.5 42774.5 0 0 0 0 0 0 0 0 0 0 0 0 0 0 0 0 0 0 0 0 0 0 0 0 0
