SBPRF35
0.536979
Curr Bio
147149
B35
410250
F35
0.375429
FOFL
0.120903
OFL
6206.53
Bzero
153423
#pred survey bio
 8580.88 11178.4 14132.6 18657.6 25033.2 33049 43530.8 50208.7 54897.5 61069 78711.8 94145.4 108743 131859 132844 119954 108843 106106 108512 97432.3 94750.2 105275 125025 150948 157041 146404 133810 118458 4.12009e+06 3.85697e+06 4.09183e+06 3.51856e+06 2.83448e+06 2.27939e+06 1.88592e+06 1.62524e+06 1.45859e+06 1.35373e+06 1.28782e+06 1.24599e+06 1.21894e+06 1.20101e+06 1.18864e+06 1.17979e+06 1.1736e+06 1.16917e+06 1.16594e+06 1.16355e+06 1.16177e+06 1.16042e+06 1.1594e+06 1.15862e+06 1.15803e+06 1.15757e+06 1.15722e+06 1.15696e+06 1.15675e+06 1.1566e+06 1.15647e+06 1.15638e+06 1.15631e+06 1.15626e+06 1.15621e+06 1.15618e+06 1.15616e+06 1.15614e+06 1.15612e+06 1.15611e+06 1.1561e+06 1.1561e+06 1.15609e+06 1.15609e+06 1.15608e+06 1.15608e+06 1.15608e+06 1.15608e+06 1.15608e+06 1.15608e+06 1.15608e+06 1.15608e+06 1.15607e+06 1.15607e+06 1.15607e+06 1.15607e+06 1.15607e+06 1.15607e+06 1.15607e+06 1.15607e+06 1.15607e+06 1.15607e+06 1.15607e+06 1.15607e+06 1.15607e+06 1.15607e+06 1.15607e+06 1.15607e+06 1.15607e+06 1.15607e+06 1.15607e+06 1.15607e+06 1.15607e+06 1.15607e+06 1.15607e+06 1.15607e+06 1.15607e+06 1.15607e+06 1.15607e+06 1.15607e+06 1.15607e+06 1.15607e+06 1.15607e+06 1.15607e+06 1.15607e+06 1.15607e+06 1.15607e+06 1.15607e+06 1.15607e+06 1.15607e+06 1.15607e+06 1.15607e+06 1.15607e+06 1.15607e+06 1.15607e+06 1.15607e+06 1.15607e+06 1.15607e+06 1.15607e+06 1.15607e+06 0 0 0 0 0 0 0 0 0 0 0 0 0 0 0 0 0 0 0 0 0 0 0 0 0
#obs survey bio
 6930.95 16148.9 14146.5 17578 27845.8 30737.3 47580.8 41364.4 51337.7 64288.2 68766.3 67397.6 101648 112753 116606 105021 86736.6 82847.6 109283 71289.5 64401.6 97196 85674.7 153576 128188 78435.3 101080 102639
#pred catch bio
 3967.75 5766.24 7081.84 9980.5 14317.9 18255.7 22699.7 25966.3 32874.1 34436.3 51478.2 65661.5 74210.5 97256.4 104633 98039.1 87664.1 82251.7 88275.2 81119.4 78347.6 80191 96007.3 105877 113226 120670 114686 93746.9 6206.53 41440.4 50422.4 42493.9 32711.3 25099.9 19922.7 16647.6 14671.7 13518.5 12861.5 12493.7 12290.6 12179.5 12118.9 12086 12068.6 12059.5 12054.6 12052.1 12050.7 12050 12049.6 12049.4 12049.3 12049.3 12049.2 12049.2 12049.2 12049.2 12049.2 12049.2 12049.2 12049.2 12049.2 12049.2 12049.2 12049.2 12049.2 12049.2 12049.2 12049.2 12049.2 12049.2 12049.2 12049.2 12049.2 12049.2 12049.2 12049.2 12049.2 12049.2 12049.2 12049.2 12049.2 12049.2 12049.2 12049.2 12049.2 12049.2 12049.2 12049.2 12049.2 12049.2 12049.2 12049.2 12049.2 12049.2 12049.2 12049.2 12049.2 12049.2 12049.2 12049.2 12049.2 12049.2 12049.2 12049.2 12049.2 12049.2 12049.2 12049.2 12049.2 12049.2 12049.2 12049.2 12049.2 12049.2 12049.2 12049.2 12049.2 12049.2 12049.2 12049.2 12049.2 12049.2 12049.2 12049.2 12049.2 12049.2 0 0 0 0 0 0 0 0 0 0 0 0 0 0 0 0 0 0 0 0 0 0 0 0 0
#obs catch bio
 5789.82 5751.82 6946.16 9829.72 14314.2 18037.9 22290.5 25331.2 32579.6 33754.1 50820.3 64913.8 72073.2 94616.9 102135 98134.2 84985.7 80370.2 84108.4 79140.3 78131.9 76392.3 95209 101809 107430 116778 112083 92126.5
#pred cpue bio
 5770.78 7344.42 8359.77 11142.6 15271.1 19397.2 25449.5 29365.8 31460.7 31280.4 42285.3 51182.7 54798.6 70720.1 77180.8 69326.4 59587.1 57159.3 58143.2 52209.6 47363.4 51082.8 61677.6 71380.6 75615.7 73671.1 67951.9 60020.3 2.11106e+06 3.04292e+06 3.87805e+06 3.38244e+06 2.69103e+06 2.13184e+06 1.73731e+06 1.4764e+06 1.3097e+06 1.20482e+06 1.13892e+06 1.09708e+06 1.07003e+06 1.0521e+06 1.03974e+06 1.03089e+06 1.0247e+06 1.02027e+06 1.01704e+06 1.01465e+06 1.01286e+06 1.01151e+06 1.01049e+06 1.00971e+06 1.00912e+06 1.00867e+06 1.00832e+06 1.00805e+06 1.00785e+06 1.00769e+06 1.00757e+06 1.00748e+06 1.0074e+06 1.00735e+06 1.00731e+06 1.00727e+06 1.00725e+06 1.00723e+06 1.00722e+06 1.0072e+06 1.0072e+06 1.00719e+06 1.00718e+06 1.00718e+06 1.00718e+06 1.00718e+06 1.00717e+06 1.00717e+06 1.00717e+06 1.00717e+06 1.00717e+06 1.00717e+06 1.00717e+06 1.00717e+06 1.00717e+06 1.00717e+06 1.00717e+06 1.00717e+06 1.00717e+06 1.00717e+06 1.00717e+06 1.00717e+06 1.00717e+06 1.00717e+06 1.00717e+06 1.00717e+06 1.00717e+06 1.00717e+06 1.00717e+06 1.00717e+06 1.00717e+06 1.00717e+06 1.00717e+06 1.00717e+06 1.00717e+06 1.00717e+06 1.00717e+06 1.00717e+06 1.00717e+06 1.00717e+06 1.00717e+06 1.00717e+06 1.00717e+06 1.00717e+06 1.00717e+06 1.00717e+06 1.00717e+06 1.00717e+06 1.00717e+06 1.00717e+06 1.00717e+06 1.00717e+06 1.00717e+06 1.00717e+06 1.00717e+06 1.00717e+06 1.00717e+06 1.00717e+06 1.00717e+06 1.00717e+06 0 0 0 0 0 0 0 0 0 0 0 0 0 0 0 0 0 0 0 0 0 0 0 0 0
#obs cpue bio
 5188.72 6868.02 10765.9 11471.2 15395.8 23885.6 37512.3 49290.4 41341.3 38903.2 50829.7 110125 82820.9 121537 120112 89122.1 109894 115786 120854 100735 68298.6 123975 91547.8 166030 201262 187369 134180 115574
#pred surv len freq
 2.56336e-27 2.58882e-27 3.34827e-26 6.5235e-20 1.59916e-14 4.73859e-10 1.69728e-06 0.000734859 0.0384598 0.243308 0.186427 0.0403818 0.17639 0.162939 0.0381715 0.0463894 0.0194595 0.0143345 0.00860235 0.00640095 0.00492771 0.00419065 0.00413991 0.00363519 0.00110578
 2.564e-27 2.59088e-27 3.55285e-26 6.95514e-20 1.70497e-14 5.05213e-10 1.80959e-06 0.000783482 0.0410046 0.259407 0.19868 0.0378785 0.148734 0.138228 0.0486717 0.0764019 0.0261373 0.0111759 0.00491547 0.00272873 0.0016984 0.00123011 0.0010721 0.000938347 0.000312381
 2.56632e-27 2.59689e-27 4.05473e-26 8.01378e-20 1.96448e-14 5.82111e-10 2.08502e-06 0.000902736 0.0472459 0.298891 0.228849 0.039099 0.136826 0.126611 0.0352404 0.0487903 0.0192557 0.011969 0.00388945 0.00123203 0.000505728 0.000275884 0.00019752 0.000161614 5.56116e-05
 2.56481e-27 2.59262e-27 3.66234e-26 7.18596e-20 1.76155e-14 5.21979e-10 1.86964e-06 0.000809483 0.0423654 0.268016 0.20531 0.041429 0.171095 0.158061 0.0376977 0.0463391 0.0163876 0.00783276 0.00308799 0.00114434 0.000263841 8.09073e-05 4.03371e-05 2.81542e-05 9.56467e-06
 2.56476e-27 2.59266e-27 3.68061e-26 7.22456e-20 1.77101e-14 5.24783e-10 1.87968e-06 0.000813831 0.042593 0.269455 0.206388 0.0400665 0.15997 0.148143 0.0422936 0.0592842 0.0197902 0.00758572 0.00250443 0.000817726 0.000230397 4.47315e-05 1.06678e-05 5.23486e-06 1.65855e-06
 2.56574e-27 2.59522e-27 3.89776e-26 7.6826e-20 1.8833e-14 5.58055e-10 1.99886e-06 0.000865429 0.0452935 0.286539 0.219436 0.040245 0.152161 0.14072 0.0370217 0.0491675 0.0173123 0.00800407 0.00243175 0.000622078 0.00014377 2.96201e-05 4.22763e-06 9.38554e-07 2.44726e-07
 2.56544e-27 2.59432e-27 3.81106e-26 7.49969e-20 1.83846e-14 5.44768e-10 1.95127e-06 0.000844824 0.0442151 0.279717 0.214239 0.0410465 0.161911 0.149616 0.0367707 0.0463134 0.0157982 0.00660315 0.00216184 0.00062149 0.000118156 1.92376e-05 2.50004e-06 2.55822e-07 3.82589e-08
 2.5656e-27 2.59479e-27 3.85554e-26 7.59353e-20 1.86146e-14 5.51585e-10 1.97568e-06 0.000855396 0.0447683 0.283217 0.216905 0.0406165 0.156766 0.144954 0.0375041 0.0491429 0.0163976 0.00626841 0.00194236 0.000529704 0.000112497 1.66248e-05 1.67562e-06 1.22317e-07 7.82689e-09
 2.56606e-27 2.596e-27 3.95893e-26 7.81163e-20 1.91493e-14 5.67427e-10 2.03243e-06 0.000879964 0.0460541 0.291351 0.223117 0.0406847 0.152921 0.141313 0.0352012 0.0448118 0.0151593 0.00610997 0.00183267 0.000456164 9.03655e-05 1.39805e-05 1.32282e-06 7.2889e-08 2.54151e-09
 2.56822e-27 2.60169e-27 4.44298e-26 8.8327e-20 2.16523e-14 6.41596e-10 2.29809e-06 0.000994985 0.0520739 0.329434 0.252198 0.0407638 0.13309 0.122698 0.0262029 0.0289098 0.00932973 0.00309965 0.000921933 0.000231229 4.24024e-05 6.02397e-06 5.72434e-07 2.90329e-08 7.06638e-10
 2.5665e-27 2.59692e-27 4.01396e-26 7.92762e-20 1.94336e-14 5.75852e-10 2.06261e-06 0.000893029 0.0467379 0.295677 0.226451 0.0426064 0.165202 0.152217 0.0293832 0.0287084 0.00890539 0.00239891 0.000648578 0.000139294 2.52994e-05 3.41505e-06 2.96622e-07 1.46883e-08 3.15773e-10
 2.56645e-27 2.59685e-27 4.01348e-26 7.92662e-20 1.94312e-14 5.7578e-10 2.06235e-06 0.000892917 0.0467321 0.29564 0.226415 0.0421083 0.161437 0.148878 0.0312513 0.0337887 0.0101261 0.0021109 0.000512601 8.86976e-05 1.36797e-05 1.70001e-06 1.40685e-07 6.40819e-09 1.31282e-10
 2.56805e-27 2.60113e-27 4.38452e-26 8.70934e-20 2.13499e-14 6.32636e-10 2.26599e-06 0.000981089 0.0513467 0.324833 0.248699 0.0416627 0.14239 0.13114 0.0251825 0.0244169 0.00734164 0.00158528 0.000363747 4.84705e-05 6.07801e-06 6.06601e-07 4.42111e-08 1.88879e-09 3.58324e-11
 2.56601e-27 2.59552e-27 3.88176e-26 7.64871e-20 1.87499e-14 5.55593e-10 1.99004e-06 0.000861611 0.0450936 0.285275 0.218525 0.0436928 0.179039 0.164842 0.0290207 0.0246769 0.00727417 0.00134904 0.000302719 4.08907e-05 4.40638e-06 3.3278e-07 1.88281e-08 6.8719e-10 1.20363e-11
 2.56404e-27 2.59027e-27 3.42861e-26 6.69279e-20 1.64066e-14 4.86156e-10 1.74133e-06 0.000753929 0.0394579 0.249622 0.191307 0.0440474 0.200861 0.185232 0.0372342 0.0382581 0.0111083 0.0017127 0.000356989 4.20936e-05 4.41866e-06 3.07953e-07 1.31899e-08 3.61231e-10 5.29664e-12
 2.56479e-27 2.5924e-27 3.62643e-26 7.11013e-20 1.74296e-14 5.16471e-10 1.84991e-06 0.000800942 0.0419184 0.265188 0.203171 0.0427102 0.182349 0.168317 0.0372704 0.042614 0.0126613 0.00242563 0.000516263 5.11977e-05 4.72709e-06 2.97329e-07 1.18358e-08 2.51566e-10 2.72016e-12
 2.56579e-27 2.59498e-27 3.84101e-26 7.56276e-20 1.85392e-14 5.49349e-10 1.96768e-06 0.000851929 0.0445869 0.282069 0.21607 0.0432507 0.177398 0.16346 0.0311737 0.0299391 0.00893223 0.00181099 0.00040233 4.71324e-05 4.2324e-06 2.22132e-07 7.74353e-09 1.48876e-10 1.27584e-12
 2.56599e-27 2.59547e-27 3.87934e-26 7.64361e-20 1.87374e-14 5.55222e-10 1.98871e-06 0.000861037 0.0450635 0.285085 0.218377 0.0435269 0.17788 0.16382 0.0297134 0.0265046 0.00768531 0.00119429 0.000252215 3.1139e-05 3.07039e-06 1.77418e-07 5.41682e-09 8.84355e-11 6.68438e-13
 2.56628e-27 2.59627e-27 3.95265e-26 7.79827e-20 1.91165e-14 5.66457e-10 2.02895e-06 0.000878459 0.0459754 0.290853 0.222776 0.043113 0.17164 0.158111 0.0295789 0.0276327 0.00798841 0.00118775 0.000237679 2.34869e-05 2.21807e-06 1.3868e-07 4.70578e-09 7.24936e-11 4.63623e-13
 2.56578e-27 2.59484e-27 3.81791e-26 7.51398e-20 1.84196e-14 5.45806e-10 1.95499e-06 0.000846434 0.0442993 0.28025 0.214697 0.0442298 0.185815 0.17102 0.0287675 0.0225331 0.00645743 0.000892143 0.000173065 1.59299e-05 1.31532e-06 6.92979e-08 2.42601e-09 4.11483e-11 2.60462e-13
 2.56775e-27 2.60022e-27 4.29568e-26 8.5219e-20 2.08904e-14 6.19021e-10 2.21723e-06 0.000959975 0.0502416 0.317842 0.243376 0.0426121 0.153355 0.141112 0.0242952 0.0198597 0.00560679 0.000617903 0.000109401 9.3671e-06 7.29169e-07 3.42124e-08 1.00338e-09 1.6365e-11 1.11878e-13
 2.56799e-27 2.60077e-27 4.33672e-26 8.60845e-20 2.11026e-14 6.25307e-10 2.23974e-06 0.000969724 0.0507518 0.32107 0.24585 0.0431829 0.15596 0.143345 0.0215867 0.0131278 0.00368132 0.000398668 6.82874e-05 4.75212e-06 3.23007e-07 1.39284e-08 3.68663e-10 5.09041e-12 3.20113e-14
 2.56784e-27 2.60041e-27 4.30879e-26 8.54954e-20 2.09582e-14 6.21028e-10 2.22442e-06 0.000963088 0.0504046 0.318873 0.244168 0.0429101 0.155065 0.142609 0.0230914 0.0167379 0.00466936 0.000431722 6.85633e-05 4.77012e-06 3.01797e-07 1.0543e-08 2.46953e-10 3.06311e-12 1.65421e-14
 2.56878e-27 2.60297e-27 4.5358e-26 9.02844e-20 2.21321e-14 6.55815e-10 2.34902e-06 0.00101703 0.0532279 0.336735 0.257796 0.0422228 0.140261 0.128945 0.0206266 0.0145615 0.00409209 0.000435854 7.31126e-05 4.43887e-06 2.56105e-07 8.64573e-09 1.73008e-10 1.79702e-12 8.60927e-15
 2.56824e-27 2.60148e-27 4.40045e-26 8.74289e-20 2.14321e-14 6.35072e-10 2.27472e-06 0.000984868 0.0515444 0.326084 0.249674 0.042865 0.150855 0.138664 0.0213191 0.0136947 0.00383749 0.000402299 6.78623e-05 4.64155e-06 2.78414e-07 8.17941e-09 1.52442e-10 1.414e-12 5.63073e-15
 2.56721e-27 2.59869e-27 4.1541e-26 8.22319e-20 2.01581e-14 5.97322e-10 2.13951e-06 0.000926325 0.0484805 0.306701 0.234884 0.0435958 0.166807 0.153391 0.0240331 0.0161721 0.00450938 0.000424786 6.78915e-05 4.5705e-06 2.81824e-07 9.21699e-09 1.63805e-10 1.3543e-12 4.88158e-15
 2.56689e-27 2.59779e-27 4.07221e-26 8.05042e-20 1.97346e-14 5.84773e-10 2.09456e-06 0.000906864 0.047462 0.300258 0.229971 0.0439868 0.173234 0.159287 0.0244556 0.0156507 0.00434391 0.000381022 5.78721e-05 3.4869e-06 1.98106e-07 6.43095e-09 1.22318e-10 1.04244e-12 3.40843e-15
 2.56689e-27 2.59777e-27 4.07005e-26 8.04588e-20 1.97235e-14 5.84443e-10 2.09338e-06 0.000906351 0.0474352 0.300088 0.229843 0.0440781 0.174019 0.159992 0.0242143 0.014923 0.00412077 0.000329169 4.68146e-05 2.6268e-06 1.36421e-07 3.91758e-09 7.07344e-11 6.22605e-13 2.142e-15
#obs surv len freq
 1.08413e-41 1.5047e-33 2.52444e-26 5.11951e-20 1.25499e-14 3.71876e-10 1.332e-06 0.00057671 0.0301827 0.190945 0.146514 0.0401821 0.173466 0.146762 0.103742 0.101637 0.0441261 0.017374 0.00396225 0.000502606 2.60889e-05 4.00942e-07 1.37011e-09 8.48588e-13 8.35222e-17
 1.60835e-41 2.23229e-33 3.74513e-26 7.59505e-20 1.86184e-14 5.51696e-10 1.97609e-06 0.000855577 0.0447775 0.283276 0.217033 0.0407369 0.126669 0.102195 0.0756915 0.0682515 0.0282534 0.0100126 0.00201816 0.000218795 9.26371e-06 1.10161e-07 2.79866e-10 1.25735e-13 8.84916e-18
 1.53792e-41 2.13453e-33 3.58112e-26 7.26244e-20 1.7803e-14 5.27536e-10 1.88955e-06 0.000818109 0.0428166 0.270871 0.207791 0.0500961 0.177096 0.129031 0.0562121 0.0422288 0.016714 0.00530823 0.00092949 8.3638e-05 2.82718e-06 2.58051e-08 4.86671e-11 1.58671e-14 7.99408e-19
 1.07557e-41 1.49282e-33 2.50451e-26 5.07909e-20 1.24508e-14 3.6894e-10 1.32148e-06 0.000572156 0.0299444 0.189439 0.14584 0.0564644 0.230159 0.163074 0.0982204 0.0659605 0.0158885 0.00381683 0.000576225 4.23186e-05 1.11356e-06 7.66698e-09 1.06644e-11 2.52134e-15 9.10375e-20
 1.50324e-41 2.0864e-33 3.50038e-26 7.09869e-20 1.74016e-14 5.15641e-10 1.84694e-06 0.000799663 0.0418512 0.264764 0.203159 0.0471819 0.14199 0.104045 0.104049 0.069181 0.0190829 0.00355001 0.000326458 1.80245e-05 3.6273e-07 1.84824e-09 1.86972e-12 3.18418e-16 8.2248e-21
 1.20164e-41 1.6678e-33 2.79807e-26 5.67444e-20 1.39102e-14 4.12185e-10 1.47638e-06 0.000639222 0.0334543 0.211645 0.163157 0.0650274 0.231345 0.144027 0.078195 0.0495378 0.0189558 0.00371202 0.00029217 9.90463e-06 1.31911e-07 4.82832e-10 3.50185e-13 4.24605e-17 7.78581e-22
 1.37842e-41 1.91316e-33 3.20972e-26 6.50925e-20 1.59567e-14 4.72825e-10 1.69358e-06 0.000733262 0.038376 0.242781 0.186811 0.0580312 0.175428 0.116669 0.10935 0.0565634 0.0126026 0.00243 0.000216715 6.20461e-06 5.2443e-08 1.1935e-10 5.86184e-14 4.97139e-18 6.40552e-23
 1.19533e-41 1.65903e-33 2.78338e-26 5.64463e-20 1.38371e-14 4.1002e-10 1.46862e-06 0.000635864 0.0332786 0.210536 0.162753 0.0722516 0.227178 0.13333 0.0938245 0.0493623 0.0146709 0.00204148 0.000132519 3.70281e-06 2.6407e-08 4.0149e-11 1.21514e-14 6.62003e-19 5.75745e-24
 1.51348e-41 2.10062e-33 3.52422e-26 7.14704e-20 1.75201e-14 5.19154e-10 1.85952e-06 0.00080511 0.0421362 0.266571 0.205361 0.0643908 0.166882 0.104017 0.0964359 0.042318 0.00961962 0.00138028 7.9997e-05 1.57527e-06 9.2474e-09 1.15705e-11 2.51362e-15 8.85795e-20 4.86581e-25
 1.51909e-41 2.10839e-33 3.53727e-26 7.17351e-20 1.7585e-14 5.21076e-10 1.86641e-06 0.000808091 0.0422923 0.267562 0.206737 0.0779242 0.198308 0.103642 0.0662442 0.028533 0.00710731 0.000801046 3.87189e-05 6.52666e-07 2.78158e-09 2.57163e-12 4.34938e-16 1.15616e-20 4.46941e-26
 1.09462e-41 1.51926e-33 2.54888e-26 5.16907e-20 1.26714e-14 3.75476e-10 1.34489e-06 0.000582292 0.0304749 0.192808 0.150727 0.0971375 0.258073 0.136251 0.0956689 0.0320828 0.00558462 0.000583469 2.41288e-05 3.1364e-07 1.05348e-09 7.19401e-13 8.63064e-17 1.66661e-21 4.78961e-27
 1.66419e-41 2.30978e-33 3.87514e-26 7.85871e-20 1.92647e-14 5.70848e-10 2.04469e-06 0.000885278 0.046332 0.29312 0.226317 0.0711347 0.14445 0.094121 0.0899008 0.0287416 0.0046423 0.000342465 1.05588e-05 1.11096e-07 2.81802e-10 1.43077e-13 1.26325e-17 1.74262e-22 3.52418e-28
 1.33436e-41 1.852e-33 3.10712e-26 6.30117e-20 1.54466e-14 4.5771e-10 1.63944e-06 0.000709822 0.0371493 0.235042 0.184156 0.110574 0.243073 0.106818 0.0576315 0.0205278 0.00404122 0.00027077 6.25355e-06 4.53582e-08 8.47767e-11 3.19019e-14 2.04338e-18 2.03433e-23 2.9571e-29
 1.12041e-41 1.55506e-33 2.60893e-26 5.29086e-20 1.29699e-14 3.84322e-10 1.37658e-06 0.000596012 0.0311929 0.197366 0.15598 0.11201 0.235386 0.137478 0.103205 0.0236928 0.00288692 0.000200653 4.50904e-06 2.51769e-08 3.21441e-11 8.32057e-15 3.7962e-19 2.7129e-24 2.81542e-30
 8.7879e-42 1.2197e-33 2.0463e-26 4.14986e-20 1.01729e-14 3.01442e-10 1.07972e-06 0.000467479 0.024466 0.154823 0.124777 0.123821 0.249929 0.15946 0.123575 0.033967 0.00451329 0.000196596 3.31715e-06 1.67259e-08 1.71992e-11 3.15855e-15 9.74681e-20 4.74806e-25 3.43133e-31
 1.41009e-41 1.95711e-33 3.28346e-26 6.65879e-20 1.63232e-14 4.83687e-10 1.73249e-06 0.000750108 0.0392577 0.248391 0.194721 0.0944059 0.159655 0.127033 0.102413 0.0290461 0.0041301 0.000192404 2.55149e-06 8.6813e-09 6.91438e-12 1.02012e-15 2.37306e-20 8.16575e-26 4.03172e-32
 9.73034e-42 1.35051e-33 2.26576e-26 4.59491e-20 1.12639e-14 3.33769e-10 1.19551e-06 0.000517613 0.0270899 0.171464 0.141384 0.161993 0.272631 0.126429 0.072588 0.0224971 0.00325154 0.000151649 1.97853e-06 5.68886e-09 3.19123e-12 3.26878e-16 5.62981e-21 1.47163e-26 5.41835e-33
 1.43254e-41 1.98827e-33 3.33574e-26 6.7648e-20 1.65831e-14 4.91388e-10 1.76007e-06 0.000762051 0.0398828 0.252372 0.199762 0.107788 0.161284 0.136422 0.084495 0.0154555 0.00169663 7.76618e-05 9.587e-07 2.51728e-09 1.20226e-12 9.38733e-17 1.13317e-21 2.04429e-27 5.33205e-34
 1.00211e-41 1.39086e-33 2.33345e-26 4.73219e-20 1.16004e-14 3.43741e-10 1.23123e-06 0.000533078 0.0278994 0.176644 0.149317 0.183448 0.261065 0.121282 0.0623913 0.0158931 0.00148286 4.36344e-05 4.37458e-07 1.01085e-09 4.1507e-13 2.69738e-17 2.59012e-22 3.51508e-28 6.56277e-35
 1.2889e-41 1.7889e-33 3.00126e-26 6.08649e-20 1.49203e-14 4.42116e-10 1.58359e-06 0.000685639 0.0358838 0.22713 0.184327 0.132328 0.18127 0.152182 0.0739337 0.0112836 0.000947055 2.71231e-05 1.91934e-07 3.13653e-10 1.0159e-13 5.36613e-18 4.14957e-23 4.4597e-29 6.46166e-36
 1.41744e-41 1.96731e-33 3.30056e-26 6.69348e-20 1.64083e-14 4.86207e-10 1.74151e-06 0.000754016 0.0394624 0.249829 0.20545 0.159647 0.187489 0.100604 0.0467668 0.00936291 0.000620186 1.2467e-05 7.41759e-08 9.28091e-11 2.07859e-14 7.79517e-19 4.51501e-24 3.73125e-30 4.17447e-37
 1.1297e-41 1.56796e-33 2.63057e-26 5.33474e-20 1.30775e-14 3.8751e-10 1.388e-06 0.000600955 0.0314521 0.199257 0.172847 0.19687 0.22548 0.122506 0.0442993 0.00627237 0.000406965 7.62685e-06 3.29001e-08 3.02927e-11 5.1668e-15 1.4052e-19 5.6583e-25 3.25749e-31 2.60325e-38
 1.37264e-41 1.90513e-33 3.19625e-26 6.48193e-20 1.58897e-14 4.70841e-10 1.68648e-06 0.000730186 0.0382155 0.24203 0.202682 0.160094 0.179152 0.127099 0.0443521 0.00538708 0.000251847 3.72005e-06 1.38819e-08 9.92255e-12 1.20771e-15 2.36059e-20 6.93982e-26 2.88438e-32 1.62736e-39
 1.35963e-41 1.88707e-33 3.16596e-26 6.42049e-20 1.57391e-14 4.66378e-10 1.67049e-06 0.000723264 0.0378536 0.239883 0.20766 0.194037 0.187821 0.0961318 0.0316437 0.00407888 0.00016406 1.77187e-06 4.7473e-09 2.62202e-12 2.49302e-16 3.61989e-21 7.58191e-27 2.22511e-33 8.9356e-41
 1.18613e-41 1.64627e-33 2.76196e-26 5.60121e-20 1.37307e-14 4.06866e-10 1.45733e-06 0.000630972 0.0330239 0.209482 0.190191 0.214071 0.206915 0.113033 0.0296431 0.00290231 0.000106198 1.01482e-06 2.06178e-09 7.99908e-13 5.41534e-17 5.80652e-22 9.09827e-28 1.97117e-34 5.71315e-42
 1.0622e-41 1.47426e-33 2.47338e-26 5.01596e-20 1.2296e-14 3.64354e-10 1.30506e-06 0.000565045 0.029574 0.187808 0.17791 0.220979 0.217501 0.130163 0.0326019 0.00281934 7.72062e-05 5.74273e-07 9.61977e-10 2.91927e-13 1.4322e-17 1.07247e-22 1.17534e-28 1.81315e-35 3.804e-43
 1.0472e-41 1.45345e-33 2.43846e-26 4.94514e-20 1.21224e-14 3.5921e-10 1.28663e-06 0.000557068 0.0291572 0.185328 0.179385 0.221328 0.216992 0.132333 0.0321797 0.00267543 6.29506e-05 3.58258e-07 4.3823e-10 1.0033e-13 3.77934e-18 2.12553e-23 1.68802e-29 1.83653e-36 2.68537e-44
 1.26945e-41 1.76192e-33 2.95598e-26 5.99467e-20 1.46952e-14 4.35446e-10 1.5597e-06 0.000675296 0.0353444 0.224366 0.20477 0.199965 0.192419 0.113054 0.0271235 0.00223024 5.09068e-05 2.66675e-07 2.76534e-10 5.06822e-14 1.5139e-18 6.87975e-24 4.49149e-30 4.02867e-37 4.81164e-45
#pred catch len freq
 2.55669e-27 2.57116e-27 1.83625e-26 3.33396e-20 8.17281e-15 2.42175e-10 8.6743e-07 0.000375564 0.0196557 0.124348 0.0955955 0.0406399 0.24217 0.224214 0.0592061 0.0791947 0.0333651 0.0247124 0.0147852 0.0109696 0.00842939 0.00716289 0.00707432 0.00621154 0.00188947
 2.55729e-27 2.57326e-27 2.05438e-26 3.79423e-20 9.3011e-15 2.75608e-10 9.87183e-07 0.000427412 0.0223692 0.141514 0.108649 0.0372255 0.207019 0.193064 0.0773404 0.128117 0.0438841 0.0188141 0.00825135 0.00456379 0.00283479 0.00205136 0.00178735 0.00156427 0.000520752
 2.55968e-27 2.57932e-27 2.54603e-26 4.83122e-20 1.18432e-14 3.50934e-10 1.25699e-06 0.000544227 0.0284829 0.180191 0.138224 0.0398847 0.206476 0.191586 0.0593666 0.0876927 0.0346519 0.0215648 0.00699365 0.00220539 0.000903129 0.000492146 0.000352235 0.000288184 9.91641e-05
 2.55857e-27 2.57601e-27 2.22366e-26 4.15106e-20 1.01758e-14 3.01528e-10 1.08002e-06 0.000467608 0.0244729 0.154823 0.118906 0.043149 0.244891 0.226682 0.0592929 0.0784236 0.027761 0.013274 0.0052183 0.00192703 0.000443382 0.000135762 6.76539e-05 4.72165e-05 1.60404e-05
 2.55858e-27 2.57628e-27 2.26971e-26 4.24828e-20 1.04141e-14 3.0859e-10 1.10532e-06 0.00047856 0.0250461 0.158449 0.121641 0.0410646 0.227107 0.210804 0.0661661 0.0980339 0.0327325 0.012529 0.00412588 0.00134119 0.00037709 7.31318e-05 1.74291e-05 8.55146e-06 2.70932e-06
 2.55953e-27 2.57872e-27 2.47159e-26 4.67412e-20 1.1458e-14 3.39522e-10 1.21611e-06 0.00052653 0.0275567 0.174332 0.133779 0.0416649 0.223148 0.206823 0.0595175 0.0839441 0.0295635 0.0136497 0.00413827 0.00105379 0.000242983 4.99972e-05 7.13231e-06 1.58302e-06 4.12758e-07
 2.55924e-27 2.5778e-27 2.37986e-26 4.48056e-20 1.09835e-14 3.25462e-10 1.16575e-06 0.000504726 0.0264155 0.167113 0.128284 0.0428058 0.23569 0.218237 0.0586646 0.0790539 0.0269832 0.0112732 0.00368216 0.00105423 0.000200022 3.252e-05 4.22366e-06 4.32099e-07 6.46177e-08
 2.55938e-27 2.57825e-27 2.42445e-26 4.57466e-20 1.12142e-14 3.32297e-10 1.19023e-06 0.000515326 0.0269703 0.170622 0.130954 0.0421807 0.229058 0.212259 0.0602002 0.0840327 0.0280536 0.0107174 0.00331375 0.000899756 0.000190685 2.81452e-05 2.83494e-06 2.06895e-07 1.32378e-08
 2.56049e-27 2.58114e-27 2.66746e-26 5.08725e-20 1.24708e-14 3.69532e-10 1.3236e-06 0.000573068 0.0299923 0.18974 0.145558 0.0425384 0.221519 0.20505 0.0543564 0.0725157 0.0245051 0.00981767 0.00293674 0.000727338 0.000143757 2.22106e-05 2.10034e-06 1.15702e-07 4.03393e-09
 2.56279e-27 2.58708e-27 3.16484e-26 6.13641e-20 1.50427e-14 4.45741e-10 1.59657e-06 0.000691254 0.0361778 0.228871 0.175451 0.0433934 0.207023 0.19119 0.0431573 0.0503626 0.0162441 0.00536472 0.00159101 0.000397095 7.26588e-05 1.03077e-05 9.78898e-07 4.96364e-08 1.208e-09
 2.56144e-27 2.58327e-27 2.81316e-26 5.39447e-20 1.32239e-14 3.91847e-10 1.40353e-06 0.000607676 0.0318036 0.201199 0.154356 0.0455731 0.238432 0.21994 0.0440362 0.0450857 0.0139734 0.00372899 0.00100485 0.000214627 3.88877e-05 5.24195e-06 4.55008e-07 2.25255e-08 4.84218e-10
 2.56175e-27 2.58417e-27 2.90008e-26 5.57784e-20 1.36734e-14 4.05167e-10 1.45124e-06 0.000628332 0.0328846 0.208038 0.159564 0.0447013 0.228138 0.210612 0.0454909 0.0507194 0.0151841 0.00312795 0.000756618 0.000130154 2.00208e-05 2.48409e-06 2.05438e-07 9.35522e-09 1.91638e-10
 2.56351e-27 2.58883e-27 3.30087e-26 6.4233e-20 1.5746e-14 4.66581e-10 1.67121e-06 0.000723572 0.0378691 0.239571 0.183639 0.0445023 0.209709 0.193363 0.0380379 0.0380691 0.0114338 0.00243869 0.000557623 7.3868e-05 9.23645e-06 9.20207e-07 6.7018e-08 2.86233e-09 5.42963e-11
 2.56154e-27 2.58338e-27 2.80914e-26 5.38593e-20 1.3203e-14 3.91227e-10 1.40131e-06 0.000606714 0.0317532 0.20088 0.154132 0.0467804 0.247776 0.228309 0.040927 0.0358476 0.0105572 0.00193244 0.000431831 5.7986e-05 6.23242e-06 4.69792e-07 2.65575e-08 9.68973e-10 1.69699e-11
 2.55975e-27 2.57869e-27 2.40906e-26 4.54199e-20 1.11341e-14 3.29925e-10 1.18173e-06 0.000511646 0.0267777 0.169404 0.130094 0.0466198 0.263443 0.243109 0.0497685 0.0522628 0.015161 0.0023061 0.000478369 5.60681e-05 5.86866e-06 4.0827e-07 1.74719e-08 4.78308e-10 7.01232e-12
 2.56076e-27 2.58153e-27 2.6715e-26 5.09566e-20 1.24914e-14 3.70143e-10 1.32579e-06 0.000574016 0.0300419 0.190054 0.145836 0.0449467 0.239651 0.221352 0.0494992 0.0571459 0.016951 0.00319603 0.000677346 6.677e-05 6.1451e-06 3.85765e-07 1.5343e-08 3.25982e-10 3.52421e-12
 2.56183e-27 2.58426e-27 2.89446e-26 5.56594e-20 1.36442e-14 4.04303e-10 1.44815e-06 0.000626992 0.0328145 0.207594 0.159244 0.0458667 0.237232 0.218732 0.0420074 0.0407287 0.0121297 0.00241948 0.000535177 6.23112e-05 5.58053e-06 2.923e-07 1.018e-08 1.95635e-10 1.67629e-12
 2.56185e-27 2.58423e-27 2.88588e-26 5.54783e-20 1.35998e-14 4.02987e-10 1.44343e-06 0.000624951 0.0327077 0.206918 0.158736 0.046378 0.241479 0.222548 0.040815 0.0370301 0.0107263 0.00164263 0.000345109 4.23483e-05 4.1645e-06 2.40199e-07 7.32748e-09 1.19573e-10 9.03621e-13
 2.56257e-27 2.58621e-27 3.06334e-26 5.92219e-20 1.45175e-14 4.3018e-10 1.54083e-06 0.000667122 0.0349148 0.220881 0.169387 0.0456707 0.228614 0.21072 0.0395116 0.0370329 0.0106917 0.00156374 0.000311161 3.05596e-05 2.87647e-06 1.79507e-07 6.08617e-09 9.3721e-11 5.99263e-13
 2.5622e-27 2.58509e-27 2.95317e-26 5.68974e-20 1.39477e-14 4.13296e-10 1.48036e-06 0.000640938 0.0335444 0.212212 0.162787 0.0469595 0.243058 0.223818 0.0376514 0.029495 0.00844167 0.001147 0.000221154 2.02331e-05 1.66514e-06 8.75472e-08 3.06203e-09 5.19154e-11 3.28561e-13
 2.56446e-27 2.59126e-27 3.50099e-26 6.84543e-20 1.67807e-14 4.97243e-10 1.78104e-06 0.000771123 0.0403578 0.255315 0.195671 0.04511 0.205881 0.189562 0.032517 0.0264048 0.00744634 0.000807304 0.00014183 1.20701e-05 9.36338e-07 4.38425e-08 1.28456e-09 2.0941e-11 1.43136e-13
 2.56423e-27 2.59053e-27 3.42577e-26 6.6867e-20 1.63916e-14 4.85714e-10 1.73974e-06 0.000753243 0.039422 0.249395 0.191169 0.0462651 0.217834 0.200365 0.0302938 0.0186235 0.00521926 0.000557233 9.48063e-05 6.56219e-06 4.44292e-07 1.91185e-08 5.05538e-10 6.97692e-12 4.38656e-14
 2.56412e-27 2.59028e-27 3.40953e-26 6.65247e-20 1.63077e-14 4.83227e-10 1.73084e-06 0.000749387 0.0392202 0.248118 0.190187 0.0458081 0.215046 0.197919 0.0321744 0.0235188 0.0065576 0.000598227 9.42552e-05 6.52212e-06 4.11104e-07 1.43314e-08 3.35311e-10 4.15696e-12 2.24445e-14
 2.56497e-27 2.59259e-27 3.61452e-26 7.0849e-20 1.73678e-14 5.14638e-10 1.84335e-06 0.0007981 0.0417697 0.264247 0.202492 0.0451863 0.201669 0.185572 0.0299371 0.0215304 0.00604809 0.000636013 0.000106038 6.40702e-06 3.68139e-07 1.24021e-08 2.47909e-10 2.57354e-12 1.23265e-14
 2.56445e-27 2.59116e-27 3.48338e-26 6.80824e-20 1.66896e-14 4.94542e-10 1.77137e-06 0.000766934 0.0401386 0.253928 0.194625 0.0459098 0.212702 0.195674 0.0302775 0.0197652 0.00553622 0.000572841 9.6005e-05 6.53238e-06 3.90421e-07 1.14469e-08 2.13085e-10 1.97539e-12 7.86428e-15
 2.56392e-27 2.5897e-27 3.35447e-26 6.5363e-20 1.6023e-14 4.74789e-10 1.70061e-06 0.000736301 0.0385353 0.243786 0.186886 0.046277 0.220933 0.203277 0.0317661 0.0212418 0.00591763 0.000549112 8.70103e-05 5.82549e-06 3.57797e-07 1.16777e-08 2.07319e-10 1.71305e-12 6.17303e-15
 2.5638e-27 2.58936e-27 3.32257e-26 6.46899e-20 1.5858e-14 4.69899e-10 1.6831e-06 0.000728718 0.0381385 0.241275 0.184973 0.0465566 0.224405 0.206437 0.0315232 0.0198931 0.0055157 0.000476481 7.16818e-05 4.29633e-06 2.43023e-07 7.87221e-09 1.49567e-10 1.27398e-12 4.16443e-15
 2.56319e-27 2.58769e-27 3.1737e-26 6.15493e-20 1.50881e-14 4.47086e-10 1.60139e-06 0.00069334 0.0362869 0.229562 0.176038 0.0471151 0.234932 0.216127 0.0327877 0.0203351 0.00561293 0.000442761 6.23976e-05 3.48435e-06 1.80159e-07 5.16268e-09 9.31038e-11 8.19039e-13 2.81711e-15
#obs catch len freq
 5.00832e-42 6.95122e-34 1.16621e-26 2.36505e-20 5.79765e-15 1.71795e-10 6.15342e-07 0.000266422 0.0139434 0.0882115 0.0680796 0.0397686 0.217887 0.186021 0.143641 0.143542 0.0650846 0.0264509 0.00624072 0.000817725 4.41608e-05 7.08067e-07 2.51843e-09 1.61729e-12 1.64357e-16
 5.75956e-42 7.99389e-34 1.34114e-26 2.71981e-20 6.66729e-15 1.97564e-10 7.07642e-07 0.000306385 0.0160349 0.101443 0.0782976 0.0437176 0.223205 0.181531 0.142588 0.130544 0.0564483 0.0208965 0.00445882 0.000505393 2.22407e-05 2.74662e-07 7.23506e-10 3.35884e-13 2.43389e-17
 1.09113e-41 1.51442e-33 2.54076e-26 5.1526e-20 1.2631e-14 3.7428e-10 1.34061e-06 0.000580437 0.0303778 0.19218 0.147631 0.0452605 0.181343 0.140518 0.113107 0.094686 0.0388158 0.0128524 0.00240721 0.000231223 8.21779e-06 7.78935e-08 1.51757e-10 5.09541e-14 2.63591e-18
 1.11671e-41 1.54992e-33 2.60031e-26 5.27337e-20 1.2927e-14 3.83052e-10 1.37203e-06 0.000594041 0.0310898 0.196685 0.151417 0.0585626 0.238541 0.164623 0.0764417 0.0538119 0.0209718 0.00618178 0.00099749 7.88577e-05 2.21864e-06 1.60265e-08 2.30678e-11 5.60498e-15 2.07246e-19
 7.84129e-42 1.08832e-33 1.82588e-26 3.70285e-20 9.0771e-15 2.68971e-10 9.63411e-07 0.000417124 0.0218306 0.13811 0.106951 0.0648029 0.273854 0.184645 0.116817 0.0714575 0.0167622 0.00379386 0.000523412 3.34508e-05 7.26877e-07 3.93742e-09 4.1626e-12 7.31531e-16 1.93557e-20
 1.26056e-41 1.74957e-33 2.93526e-26 5.95265e-20 1.45922e-14 4.32394e-10 1.54877e-06 0.000670562 0.0350946 0.222021 0.170753 0.0528531 0.172161 0.122015 0.125109 0.0755367 0.0200972 0.00338594 0.000286963 1.38083e-05 2.27731e-07 9.08171e-10 6.95943e-13 8.79021e-17 1.66146e-21
 1.0414e-41 1.44539e-33 2.42495e-26 4.91774e-20 1.20553e-14 3.5722e-10 1.2795e-06 0.00055398 0.0289931 0.183424 0.141983 0.073732 0.260069 0.153373 0.0855415 0.0504583 0.0184197 0.00321849 0.000225341 6.60258e-06 7.25275e-08 2.07232e-10 1.13538e-13 1.0192e-17 1.36587e-22
 1.279e-41 1.77516e-33 2.97821e-26 6.03974e-20 1.48057e-14 4.38721e-10 1.57143e-06 0.000680373 0.035608 0.225272 0.173751 0.0644594 0.192627 0.123842 0.115882 0.0540139 0.0116419 0.00205662 0.000159392 3.82659e-06 2.63605e-08 4.70393e-11 1.74687e-14 1.09567e-18 1.03085e-23
 1.14986e-41 1.59593e-33 2.6775e-26 5.42992e-20 1.33108e-14 3.94424e-10 1.41276e-06 0.000611677 0.0320128 0.20253 0.15705 0.0798031 0.239164 0.134209 0.0944094 0.0457837 0.0127534 0.00157824 9.15385e-05 2.12763e-06 1.20875e-08 1.42678e-11 3.26996e-15 1.31972e-19 8.37887e-25
 1.51404e-41 2.10139e-33 3.52552e-26 7.14968e-20 1.75266e-14 5.19345e-10 1.86021e-06 0.000805407 0.0421518 0.266672 0.205758 0.0695992 0.171265 0.103705 0.0936304 0.0372863 0.00804259 0.00103065 5.14535e-05 8.46855e-07 3.9642e-09 3.80779e-12 6.22453e-16 1.62569e-20 6.53178e-26
 1.55068e-41 2.15224e-33 3.61083e-26 7.3227e-20 1.79507e-14 5.31913e-10 1.90523e-06 0.000824897 0.0431718 0.273129 0.211377 0.0831823 0.197185 0.0985497 0.0618142 0.0245313 0.00564698 0.000562675 2.35858e-05 3.26222e-07 1.10118e-09 7.82131e-13 9.91491e-17 1.94702e-21 5.50849e-27
 1.15086e-41 1.59731e-33 2.67982e-26 5.43463e-20 1.33224e-14 3.94766e-10 1.41399e-06 0.000612207 0.0320405 0.202717 0.158868 0.103918 0.254003 0.129315 0.0873195 0.0264749 0.00431641 0.000398965 1.40304e-05 1.49353e-07 3.94633e-10 2.0572e-13 1.84711e-17 2.63022e-22 5.51882e-28
 1.72451e-41 2.39351e-33 4.01561e-26 8.14359e-20 1.9963e-14 5.91541e-10 2.11881e-06 0.000917369 0.0480115 0.303748 0.234782 0.0747392 0.140175 0.0903054 0.0803762 0.0232755 0.00343926 0.000222134 5.86999e-06 5.0111e-08 9.94038e-11 3.84132e-14 2.53026e-18 2.56991e-23 3.79132e-29
 1.39786e-41 1.94014e-33 3.25499e-26 6.60105e-20 1.61817e-14 4.79493e-10 1.71747e-06 0.000743604 0.0389173 0.246233 0.193404 0.116497 0.234345 0.0986318 0.0512118 0.0168828 0.00295758 0.000170581 3.3194e-06 1.95468e-08 2.85316e-11 8.13941e-15 3.88074e-19 2.83999e-24 3.00813e-30
 1.19095e-41 1.65295e-33 2.77317e-26 5.62394e-20 1.37864e-14 4.08517e-10 1.46324e-06 0.000633533 0.0331566 0.209798 0.166312 0.118739 0.228577 0.131412 0.0904779 0.0186642 0.00210001 0.000126117 2.33162e-06 1.04113e-08 1.03435e-11 2.02991e-15 6.88444e-20 3.61108e-25 2.72815e-31
 9.46917e-42 1.31426e-33 2.20494e-26 4.47158e-20 1.09615e-14 3.24811e-10 1.16342e-06 0.00050372 0.0263628 0.166835 0.135066 0.132208 0.244656 0.154488 0.109195 0.0273766 0.00318779 0.000119248 1.68641e-06 6.73373e-09 5.32392e-12 7.37961e-16 1.69197e-20 6.04744e-26 3.17821e-32
 1.49676e-41 2.0774e-33 3.48527e-26 7.06805e-20 1.73265e-14 5.13416e-10 1.83897e-06 0.000796211 0.0416706 0.263665 0.207093 0.0985911 0.153204 0.121176 0.087983 0.0228664 0.00284056 0.000111554 1.20762e-06 3.26997e-09 2.00369e-12 2.2182e-16 3.82045e-21 9.6421e-27 3.46441e-33
 1.04906e-41 1.45603e-33 2.44279e-26 4.95394e-20 1.2144e-14 3.59849e-10 1.28892e-06 0.000558058 0.0292066 0.184878 0.153229 0.170059 0.260972 0.117993 0.0629185 0.0178624 0.00223386 8.75328e-05 9.20321e-07 2.0694e-09 8.88333e-13 6.83122e-17 8.69199e-22 1.66173e-27 4.44814e-34
 1.52591e-41 2.11786e-33 3.55316e-26 7.20573e-20 1.7664e-14 5.23417e-10 1.87479e-06 0.000811721 0.0424823 0.268833 0.213241 0.111328 0.15354 0.127403 0.0695939 0.0115916 0.00113072 4.32196e-05 4.26374e-07 8.67831e-10 3.14178e-13 1.83166e-17 1.63195e-22 2.15197e-28 4.07156e-35
 1.08544e-41 1.50651e-33 2.52749e-26 5.12569e-20 1.2565e-14 3.72325e-10 1.33361e-06 0.000577406 0.0302194 0.191359 0.162598 0.190414 0.247255 0.111764 0.0527964 0.0120366 0.000953964 2.37073e-05 1.91043e-07 3.39992e-10 1.05145e-13 5.074e-18 3.5829e-23 3.55048e-29 4.81292e-36
 1.38757e-41 1.92585e-33 3.23101e-26 6.55243e-20 1.60625e-14 4.75962e-10 1.70482e-06 0.000738127 0.0386308 0.244538 0.198992 0.136061 0.172741 0.139838 0.0596113 0.00823388 0.000598946 1.40474e-05 7.90933e-08 9.99941e-11 2.43447e-14 9.50698e-19 5.3853e-24 4.21368e-30 4.42482e-37
 1.51272e-41 2.09956e-33 3.52245e-26 7.14346e-20 1.75113e-14 5.18893e-10 1.85859e-06 0.000804706 0.0421155 0.266655 0.21992 0.161647 0.173781 0.0901605 0.037867 0.00666965 0.000371754 6.1971e-06 2.91423e-08 2.79017e-11 4.69219e-15 1.30024e-19 5.50093e-25 3.29867e-31 2.66741e-38
 1.22268e-41 1.69699e-33 2.84706e-26 5.77378e-20 1.41537e-14 4.19401e-10 1.50223e-06 0.000650413 0.0340407 0.215701 0.187897 0.200646 0.211461 0.109716 0.0351849 0.00445298 0.000244155 3.69567e-06 1.25301e-08 8.82869e-12 1.12557e-15 2.25681e-20 6.63724e-26 2.7698e-32 1.59566e-39
 1.47418e-41 2.04606e-33 3.4327e-26 6.96144e-20 1.70651e-14 5.05671e-10 1.81123e-06 0.000784201 0.0410427 0.259976 0.21825 0.161512 0.168002 0.112189 0.0344252 0.00367071 0.000144444 1.73395e-06 5.03673e-09 2.7321e-12 2.4817e-16 3.57045e-21 7.65097e-27 2.304e-33 9.37876e-41
 1.45755e-41 2.02298e-33 3.39397e-26 6.8829e-20 1.68726e-14 4.99967e-10 1.7908e-06 0.000775355 0.0405801 0.25722 0.223283 0.194058 0.173041 0.0837161 0.024506 0.00272773 9.08209e-05 7.90668e-07 1.65048e-09 6.90094e-13 4.87409e-17 5.19914e-22 7.93589e-28 1.68613e-34 4.87785e-42
 1.28362e-41 1.78158e-33 2.98896e-26 6.06156e-20 1.48592e-14 4.40305e-10 1.5771e-06 0.000682831 0.0357384 0.226781 0.206496 0.215032 0.192857 0.0978856 0.0225455 0.00192104 5.80655e-05 4.40855e-07 6.92111e-10 2.02925e-13 1.0193e-17 8.0072e-23 9.12121e-29 1.42974e-35 2.98742e-43
 1.15881e-41 1.60835e-33 2.69834e-26 5.47219e-20 1.34144e-14 3.97494e-10 1.42376e-06 0.000616439 0.0322644 0.204992 0.194695 0.222994 0.205157 0.112715 0.024697 0.00182644 4.11322e-05 2.43231e-07 3.12831e-10 7.13307e-14 2.59193e-18 1.4216e-23 1.13137e-29 1.2599e-36 1.90089e-44
 1.14451e-41 1.5885e-33 2.66503e-26 5.40464e-20 1.32488e-14 3.92587e-10 1.40618e-06 0.00060883 0.0318661 0.202437 0.191249 0.216243 0.209032 0.119542 0.0269615 0.00201677 4.16219e-05 2.02783e-07 2.07919e-10 3.92903e-14 1.21044e-18 5.5374e-24 3.56145e-30 3.12551e-37 3.67367e-45
#spawning biomass
 9993.01 13150.1 17061.2 22425 29976.6 39936.3 52610.1 60703.2 66679.3 75965.3 96778.7 115529 135576 162004 160341 145146 133209 130268 133427 119664 118194 131974 156299 190326 197218 182200 166164 147149 146023 202231 199239 164087 128212 100734 82072.8 70269.6 63148.8 58993 56625.2 55299.8 54567.8 54167.4 53949.2 53830.6 53768 53734.9 53717.4 53708.2 53703.3 53700.8 53699.4 53698.7 53698.3 53698.1 53698 53697.9 53697.9 53697.9 53697.9 53697.9 53697.9 53697.9 53697.9 53697.9 53697.9 53697.9 53697.9 53697.9 53697.9 53697.9 53697.9 53697.9 53697.9 53697.9 53697.9 53697.9 53697.9 53697.9 53697.9 53697.9 53697.9 53697.9 53697.9 53697.9 53697.9 53697.9 53697.9 53697.9 53697.9 53697.9 53697.9 53697.9 53697.9 53697.9 53697.9 53697.9 53697.9 53697.9 53697.9 53697.9 53697.9 53697.9 53697.9 53697.9 53697.9 53697.9 53697.9 53697.9 53697.9 53697.9 53697.9 53697.9 53697.9 53697.9 53697.9 53697.9 53697.9 53697.9 53697.9 53697.9 53697.9 53697.9 53697.9 53697.9 53697.9 53697.9 53697.9 53697.9 0 0 0 0 0 0 0 0 0 0 0 0 0 0 0 0 0 0 0 0 0 0 0 0 0
