SBPRF35
0.256306
Curr Bio
97673.2
B35
179902
F35
0.477722
FOFL
0.181042
OFL
13376.7
Bzero
73230.3
#pred survey bio
 55974.5 37935.9 40719 45140.2 41631 48381.9 47647.2 53160.8 63118.7 65747.1 70995.2 77071.4 76763.6 82467.2 92999.7 105284 116824 115893 134828 138844 154653 173140 183057 178338 180401 172368 174863 164517 4.90051e+06 3.25124e+06 2.44162e+06 1.72811e+06 1.27786e+06 1.02711e+06 895024 826621 790876 771689 760998 754791 751046 748712 747218 746241 745600 745175 744891 744701 744573 744487 744429 744390 744363 744345 744333 744325 744319 744315 744313 744311 744310 744309 744309 744308 744308 744308 744308 744308 744308 744308 744308 744308 744308 744308 744308 744308 744308 744308 744308 744308 744308 744308 744308 744308 744308 744308 744308 744308 744308 744308 744308 744308 744308 744308 744308 744308 744308 744308 744308 744308 744308 744308 744308 744308 744308 744308 744308 744308 744308 744308 744308 744308 744308 744308 744308 744308 744308 744308 744308 744308 744308 744308 744308 744308 744308 744308 744308 744308 0 0 0 0 0 0 0 0 0 0 0 0 0 0 0 0 0 0 0 0 0 0 0 0 0
#obs survey bio
 51072.8 40968.5 33473.1 38772.5 35269.3 63181.8 43803.3 61894.2 78609.3 66127.7 76552.4 89258.4 69910.2 72952 103124 118709 120258 112065 195195 136028 164614 139310 196486 180444 151438 160432 210789 141764
#pred catch bio
 37143.3 21842.9 23891.4 28877.2 23517.1 29564.9 27714.9 29351.4 37586.5 38681.2 39656.2 46009.9 44072.3 48259.6 53206.5 59304.5 71155.7 60635 76038.8 76078.7 86461.8 97370.6 108559 102936 110748 101645 101921 108378 13376.7 45831 33522.5 22342.8 15627.6 12119.6 10423.5 9641.39 9291.62 9138.31 9072.02 9043.63 9031.54 9026.41 9024.25 9023.33 9022.95 9022.79 9022.72 9022.69 9022.68 9022.67 9022.67 9022.67 9022.67 9022.67 9022.67 9022.67 9022.67 9022.67 9022.67 9022.67 9022.67 9022.67 9022.67 9022.67 9022.67 9022.67 9022.67 9022.67 9022.67 9022.67 9022.67 9022.67 9022.67 9022.67 9022.67 9022.67 9022.67 9022.67 9022.67 9022.67 9022.67 9022.67 9022.67 9022.67 9022.67 9022.67 9022.67 9022.67 9022.67 9022.67 9022.67 9022.67 9022.67 9022.67 9022.67 9022.67 9022.67 9022.67 9022.67 9022.67 9022.67 9022.67 9022.67 9022.67 9022.67 9022.67 9022.67 9022.67 9022.67 9022.67 9022.67 9022.67 9022.67 9022.67 9022.67 9022.67 9022.67 9022.67 9022.67 9022.67 9022.67 9022.67 9022.67 9022.67 9022.67 9022.67 9022.67 9022.67 0 0 0 0 0 0 0 0 0 0 0 0 0 0 0 0 0 0 0 0 0 0 0 0 0
#obs catch bio
 19576.3 21144.7 25116.6 31516.8 24055.7 28584 26023.8 28500.3 34796.2 38643.9 39340.2 43771.2 43683.2 48215.6 52877.8 57752.6 71894.4 59309.5 71742.4 71155.5 88032.2 99819.4 110190 102546 115297 109083 99205.1 109661
#pred cpue bio
 45123.3 26572.5 28089 30595.6 28559.8 32990.1 32934 36123 43307 45216.4 48532.2 54236.1 53254.6 57172.2 62694.6 72219.4 81114.3 79735.1 95451.5 98294.1 107998 119799 129235 125153 127126 119142 121947 118663 3.32918e+06 3.05287e+06 2.33747e+06 1.62639e+06 1.1762e+06 925444 793362 724960 689215 670028 659336 653129 649384 647050 645556 644579 643938 643513 643230 643040 642912 642825 642767 642728 642701 642684 642671 642663 642658 642654 642651 642650 642648 642648 642647 642647 642647 642646 642646 642646 642646 642646 642646 642646 642646 642646 642646 642646 642646 642646 642646 642646 642646 642646 642646 642646 642646 642646 642646 642646 642646 642646 642646 642646 642646 642646 642646 642646 642646 642646 642646 642646 642646 642646 642646 642646 642646 642646 642646 642646 642646 642646 642646 642646 642646 642646 642646 642646 642646 642646 642646 642646 642646 642646 642646 642646 642646 642646 642646 642646 0 0 0 0 0 0 0 0 0 0 0 0 0 0 0 0 0 0 0 0 0 0 0 0 0
#obs cpue bio
 24346.5 31059.4 24459.2 25738.5 30619.3 36441.9 44298.7 33133.8 52504.6 39072.8 44539.3 68264.7 51160.2 66106.4 59272.4 70194.1 80061.1 80639.4 105664 117470 83382.4 126582 126894 123236 123530 89643.5 136436 124443
#pred surv len freq
 3.61237e-11 1.69909e-09 5.53382e-08 1.24801e-06 1.94895e-05 0.000210752 0.0015781 0.00818292 0.0293879 0.0731518 0.126553 0.153819 0.136735 0.100647 0.0765117 0.0647731 0.0535069 0.0413475 0.0318058 0.0252802 0.0209484 0.0182346 0.0160023 0.0128259 0.00847762
 4.21278e-11 1.98149e-09 6.45358e-08 1.45544e-06 2.27288e-05 0.00024578 0.00184039 0.00954293 0.0342717 0.0853028 0.147537 0.179138 0.158605 0.115148 0.0845299 0.0668875 0.0483758 0.0290886 0.0155586 0.00859382 0.00537107 0.00377672 0.00283105 0.0020508 0.00128095
 4.21502e-11 1.98254e-09 6.45701e-08 1.45622e-06 2.27409e-05 0.000245911 0.00184137 0.00954804 0.0342905 0.0853539 0.147655 0.179421 0.159308 0.116627 0.0868571 0.0695352 0.0505318 0.0301704 0.0153351 0.00718636 0.00324206 0.00146971 0.000731744 0.000405565 0.000219878
 4.30911e-11 2.0268e-09 6.60116e-08 1.48873e-06 2.32486e-05 0.000251401 0.00188247 0.00976112 0.0350549 0.0872488 0.150878 0.183082 0.161734 0.116653 0.0847005 0.066505 0.0479573 0.0285578 0.0144722 0.0066943 0.00286431 0.00110481 0.000389443 0.00013472 4.86552e-05
 4.21008e-11 1.98022e-09 6.44945e-08 1.45451e-06 2.27143e-05 0.000245623 0.00183921 0.0095369 0.0342509 0.0852596 0.147519 0.179389 0.1597 0.117775 0.0886578 0.0711919 0.0511162 0.029527 0.0141231 0.0060871 0.00245783 0.000903061 0.00029264 8.32456e-05 2.11312e-05
 4.27678e-11 2.01159e-09 6.55163e-08 1.47755e-06 2.30741e-05 0.000249514 0.00186835 0.00968789 0.0347921 0.0865968 0.149765 0.181798 0.160816 0.116465 0.0852094 0.0674316 0.0490203 0.0295447 0.0151976 0.00706605 0.00295805 0.00107126 0.000330415 8.72715e-05 1.97164e-05
 4.17483e-11 1.96364e-09 6.39545e-08 1.44233e-06 2.25241e-05 0.000243566 0.00182381 0.00945706 0.0339643 0.0845481 0.146301 0.177967 0.158628 0.117407 0.0889549 0.0719206 0.052078 0.0305668 0.0150512 0.00674223 0.00281654 0.00105408 0.000339423 9.18648e-05 2.0509e-05
 4.29717e-11 2.02118e-09 6.58286e-08 1.4846e-06 2.31841e-05 0.000250704 0.00187725 0.00973406 0.0349578 0.0870075 0.150464 0.182593 0.161348 0.116481 0.0847445 0.0667399 0.0483655 0.0290607 0.0149103 0.00694757 0.00294302 0.00109009 0.000346033 9.36145e-05 2.12285e-05
 4.23623e-11 1.99252e-09 6.4895e-08 1.46354e-06 2.28554e-05 0.000247148 0.00185063 0.00959607 0.0344628 0.0857814 0.148384 0.180257 0.159892 0.116718 0.0865116 0.0690283 0.0501343 0.0299789 0.0152757 0.00712018 0.00306299 0.0011661 0.000380606 0.000104732 2.38604e-05
 4.21503e-11 1.98255e-09 6.45703e-08 1.45622e-06 2.2741e-05 0.000245912 0.00184137 0.00954807 0.0342907 0.0853558 0.147666 0.179473 0.159475 0.117 0.0874222 0.0700902 0.0508308 0.0301558 0.0151364 0.00692263 0.00293067 0.00110613 0.000361449 0.000100613 2.33442e-05
 4.25578e-11 2.00172e-09 6.51946e-08 1.4703e-06 2.29609e-05 0.000248289 0.00185917 0.00964036 0.0346217 0.0861754 0.149055 0.181025 0.160417 0.11677 0.086133 0.0684588 0.0496075 0.0295813 0.0149847 0.00690755 0.00292431 0.001094 0.000352682 9.69891e-05 2.23709e-05
 4.0765e-11 1.91739e-09 6.24481e-08 1.40836e-06 2.19936e-05 0.00023783 0.00178086 0.00923438 0.0331653 0.0825658 0.142917 0.17407 0.155863 0.116881 0.0905176 0.074603 0.0549375 0.0330795 0.0169526 0.00792559 0.00340057 0.00128603 0.000417397 0.000114871 2.63583e-05
 4.17648e-11 1.96441e-09 6.39797e-08 1.4429e-06 2.2533e-05 0.000243663 0.00182453 0.00946076 0.0339773 0.0845771 0.146329 0.177897 0.158238 0.116455 0.0875425 0.0707233 0.0518744 0.0314433 0.0163481 0.00777902 0.00339019 0.00129913 0.000426907 0.000118829 2.75049e-05
 4.17836e-11 1.9653e-09 6.40086e-08 1.44355e-06 2.25431e-05 0.000243772 0.00182535 0.00946503 0.0339926 0.0846155 0.146397 0.177987 0.158339 0.11657 0.0876601 0.0707811 0.0518028 0.0312562 0.0161489 0.00765673 0.00335009 0.00129883 0.000433744 0.000122759 2.88384e-05
 4.34425e-11 2.04333e-09 6.65498e-08 1.50086e-06 2.34381e-05 0.00025345 0.00189782 0.00984067 0.0353402 0.0879554 0.152076 0.18442 0.162544 0.116449 0.0835762 0.0650743 0.0468696 0.0280391 0.0143547 0.00673452 0.00291915 0.00112467 0.000374954 0.000106575 2.52828e-05
 4.22743e-11 1.98838e-09 6.47603e-08 1.4605e-06 2.28079e-05 0.000246635 0.00184679 0.00957616 0.0343915 0.085606 0.148094 0.179972 0.15985 0.117124 0.0873065 0.069816 0.0504702 0.0297733 0.0148114 0.006713 0.00283085 0.00107127 0.00035279 9.94128e-05 2.34741e-05
 4.16484e-11 1.95894e-09 6.38014e-08 1.43888e-06 2.24702e-05 0.000242984 0.00181945 0.00943442 0.0338829 0.0843437 0.145937 0.177476 0.158041 0.116681 0.0881513 0.0714153 0.052315 0.0315241 0.0161943 0.00756721 0.00322511 0.00120607 0.000387658 0.000106506 2.46536e-05
 4.21554e-11 1.98279e-09 6.45782e-08 1.4564e-06 2.27438e-05 0.000245942 0.0018416 0.00954924 0.0342949 0.0853657 0.14768 0.179478 0.159439 0.116892 0.0872511 0.0699346 0.0507831 0.0302355 0.0152798 0.0070525 0.00301123 0.00114225 0.000372948 0.000103086 2.36891e-05
 4.05189e-11 1.90581e-09 6.20711e-08 1.39986e-06 2.18608e-05 0.000236394 0.00177011 0.00917863 0.0329651 0.0820677 0.142057 0.173033 0.154971 0.116308 0.0902715 0.0747427 0.0555772 0.0341258 0.0180381 0.00871093 0.00381983 0.00146144 0.000478376 0.000132933 3.08209e-05
 4.06016e-11 1.90971e-09 6.21979e-08 1.40272e-06 2.19054e-05 0.000236877 0.00177372 0.00919736 0.0330322 0.0822332 0.142333 0.173318 0.155066 0.116045 0.0896812 0.07409 0.0551725 0.0340848 0.0182585 0.00901718 0.00407758 0.00161757 0.000548411 0.000156481 3.68573e-05
 4.15522e-11 1.95442e-09 6.36541e-08 1.43556e-06 2.24183e-05 0.000242422 0.00181525 0.00941261 0.0338043 0.0841462 0.145581 0.176975 0.157381 0.115767 0.0870332 0.0705449 0.0522628 0.0323842 0.0174907 0.0087379 0.00400737 0.00162001 0.000563479 0.000165831 4.03344e-05
 4.19968e-11 1.97533e-09 6.43351e-08 1.45092e-06 2.26582e-05 0.000245016 0.00183467 0.00951329 0.0341657 0.0850435 0.147118 0.178773 0.158748 0.116262 0.0866992 0.0696455 0.05102 0.0310082 0.0162713 0.00790725 0.0035763 0.00144651 0.000508285 0.000152067 3.77782e-05
 4.06193e-11 1.91054e-09 6.2225e-08 1.40333e-06 2.1915e-05 0.00023698 0.0017745 0.00920139 0.0330469 0.0822716 0.142413 0.173478 0.155406 0.116694 0.0905808 0.0748262 0.0552554 0.0334533 0.0173326 0.00825419 0.00364162 0.00143505 0.000493279 0.000145792 3.61997e-05
 4.10596e-11 1.93125e-09 6.28996e-08 1.41854e-06 2.21526e-05 0.000239549 0.00179373 0.00930109 0.0334045 0.0831572 0.143913 0.175153 0.156419 0.116436 0.0891742 0.0730543 0.0539384 0.0328513 0.0171908 0.0082513 0.00363575 0.00141528 0.000476462 0.000137404 3.33494e-05
 4.07963e-11 1.91886e-09 6.24962e-08 1.40944e-06 2.20105e-05 0.000238013 0.00178223 0.00924146 0.0331906 0.082627 0.143012 0.174131 0.155748 0.116448 0.0898085 0.0739387 0.054696 0.0333434 0.0174781 0.00842238 0.0037351 0.00146425 0.000494799 0.000142194 3.41091e-05
 4.1945e-11 1.97289e-09 6.42558e-08 1.44913e-06 2.26302e-05 0.000244714 0.0018324 0.00950158 0.0341238 0.0849409 0.146953 0.178627 0.158792 0.116656 0.0874015 0.0703366 0.0513261 0.0308345 0.0158296 0.00746181 0.00326092 0.00127091 0.000429485 0.000123772 2.97642e-05
 4.13316e-11 1.94404e-09 6.33161e-08 1.42794e-06 2.22993e-05 0.000241135 0.00180561 0.00936269 0.0336256 0.0837068 0.144859 0.176277 0.157331 0.116908 0.0892171 0.0727201 0.0532323 0.0318783 0.0162251 0.00754562 0.00324305 0.00124099 0.000412089 0.000117211 2.79905e-05
 3.91215e-11 1.84009e-09 5.99306e-08 1.35158e-06 2.11069e-05 0.000228242 0.00170907 0.00886224 0.0318302 0.0792566 0.137288 0.167682 0.151649 0.116894 0.0944111 0.0801347 0.0598186 0.0363785 0.0188766 0.00894405 0.00387892 0.00148046 0.000486181 0.000136137 3.19777e-05
#obs surv len freq
 4.2679e-11 2.00742e-09 6.53802e-08 1.47449e-06 2.30263e-05 0.000248996 0.00186447 0.00966777 0.0347199 0.0864157 0.149444 0.181375 0.160336 0.115898 0.0845554 0.0668785 0.0488526 0.0298835 0.015916 0.00790735 0.00367829 0.00154227 0.000566607 0.000178103 4.65027e-05
 3.94797e-11 1.85694e-09 6.04792e-08 1.36396e-06 2.13002e-05 0.000230332 0.00172472 0.00894335 0.0321214 0.0799788 0.138522 0.169105 0.152666 0.117106 0.0938601 0.0791404 0.0586957 0.0353425 0.0180984 0.00851469 0.00373648 0.00147911 0.000516079 0.000156426 4.01824e-05
 4.42342e-11 2.08056e-09 6.77625e-08 1.52822e-06 2.38653e-05 0.000258069 0.0019324 0.0100199 0.0359831 0.0895451 0.154757 0.187358 0.164123 0.115451 0.0802741 0.0612344 0.0443849 0.0274288 0.0148131 0.00732093 0.00326115 0.00126131 0.000419063 0.000119766 2.91116e-05
 4.01853e-11 1.89012e-09 6.156e-08 1.38833e-06 2.16808e-05 0.000234448 0.00175554 0.00910313 0.0326949 0.0814027 0.140961 0.171954 0.154823 0.117864 0.0932898 0.0776782 0.056719 0.0331962 0.016228 0.00725568 0.00307704 0.00119267 0.000403924 0.000116065 2.76631e-05
 4.21871e-11 1.98428e-09 6.46266e-08 1.45749e-06 2.27609e-05 0.000246126 0.00184298 0.00955638 0.0343203 0.0854251 0.147759 0.17946 0.159066 0.115895 0.0857551 0.0686952 0.0506488 0.031256 0.0166694 0.00805818 0.00347946 0.00129336 0.00041111 0.000112591 2.62749e-05
 4.35526e-11 2.0485e-09 6.67184e-08 1.50467e-06 2.34976e-05 0.000254093 0.00190263 0.0098656 0.0354299 0.0881773 0.152454 0.184855 0.162851 0.116502 0.0833862 0.0647454 0.0465091 0.0277257 0.014145 0.00664206 0.0029006 0.00112636 0.000374512 0.000104345 2.39437e-05
 4.15567e-11 1.95463e-09 6.3661e-08 1.43572e-06 2.24208e-05 0.000242449 0.00181544 0.00941367 0.0338088 0.0841615 0.145639 0.177194 0.158044 0.117206 0.0891204 0.0723374 0.0526419 0.031171 0.0155566 0.00705728 0.00296459 0.00111348 0.000363862 0.000101884 2.38767e-05
 4.4582e-11 2.09692e-09 6.82953e-08 1.54023e-06 2.40529e-05 0.000260098 0.00194759 0.0100987 0.0362659 0.0902482 0.155967 0.188795 0.165292 0.11606 0.0803387 0.0608198 0.0434951 0.0261946 0.0135804 0.00641035 0.00274353 0.00102255 0.000325645 8.83574e-05 2.01882e-05
 4.1019e-11 1.92933e-09 6.28372e-08 1.41714e-06 2.21306e-05 0.000239311 0.00179195 0.00929191 0.0333721 0.0830808 0.143812 0.175175 0.156896 0.117718 0.0911241 0.0747436 0.054296 0.0317394 0.015479 0.00685246 0.00284028 0.00106266 0.00034487 9.47768e-05 2.15928e-05
 4.39517e-11 2.06728e-09 6.73298e-08 1.51846e-06 2.37129e-05 0.000256421 0.00192006 0.00995597 0.0357539 0.0889792 0.153809 0.186349 0.163688 0.116093 0.0818781 0.062999 0.04542 0.0274866 0.0143007 0.0067436 0.00285991 0.00104838 0.000327413 8.73095e-05 1.96673e-05
 3.9545e-11 1.86001e-09 6.05792e-08 1.36621e-06 2.13354e-05 0.000230712 0.00172757 0.00895815 0.0321747 0.0801129 0.138763 0.169445 0.153115 0.117727 0.0946104 0.0796981 0.0586692 0.0347006 0.017216 0.00778063 0.00327747 0.00123549 0.000400653 0.000109233 2.45581e-05
 4.2921e-11 2.0188e-09 6.57509e-08 1.48285e-06 2.31568e-05 0.000250408 0.00187504 0.00972255 0.0349163 0.0869011 0.15026 0.182256 0.160764 0.115482 0.0834252 0.0657192 0.0483684 0.0301363 0.0163647 0.00807729 0.00355077 0.00133689 0.000426726 0.000115693 2.62932e-05
 4.10195e-11 1.92936e-09 6.2838e-08 1.41716e-06 2.21309e-05 0.000239315 0.00179198 0.00929201 0.0333722 0.0830788 0.143793 0.175077 0.156573 0.117001 0.0900727 0.0738248 0.0540685 0.0323079 0.0164325 0.0077111 0.0033922 0.00133729 0.00045291 0.000128259 2.9715e-05
 4.25783e-11 2.00268e-09 6.5226e-08 1.47101e-06 2.29719e-05 0.000248409 0.00186007 0.00964497 0.0346381 0.0862133 0.149102 0.180995 0.160116 0.115991 0.0849596 0.0674514 0.0494116 0.0302739 0.0160311 0.00775355 0.00340051 0.00130358 0.000430571 0.000121877 2.89496e-05
 4.38492e-11 2.06246e-09 6.71728e-08 1.51492e-06 2.36576e-05 0.000255823 0.00191558 0.00993277 0.0356709 0.0887752 0.153474 0.186028 0.163674 0.116637 0.0828848 0.0639217 0.0456678 0.0270141 0.0136063 0.00628843 0.00271062 0.00104644 0.000349393 9.8892e-05 2.32677e-05
 3.97006e-11 1.86732e-09 6.08175e-08 1.37159e-06 2.14193e-05 0.00023162 0.00173437 0.00899337 0.032301 0.0804251 0.139289 0.170016 0.153405 0.117489 0.0939089 0.0789234 0.0582319 0.034679 0.0173767 0.00789754 0.00330759 0.00123208 0.000398307 0.000110582 2.58631e-05
 4.46542e-11 2.10032e-09 6.8406e-08 1.54273e-06 2.40919e-05 0.000260519 0.00195074 0.010115 0.0363242 0.0903903 0.156192 0.18897 0.165136 0.115307 0.079081 0.0596718 0.0431555 0.0267691 0.0145433 0.00720302 0.00318423 0.00120599 0.000386248 0.000104701 2.38e-05
 3.85625e-11 1.81379e-09 5.90741e-08 1.33227e-06 2.08053e-05 0.000224981 0.00168465 0.00873567 0.0313765 0.0781345 0.135398 0.165623 0.150583 0.117703 0.0968771 0.0829098 0.0614697 0.03658 0.018362 0.00848715 0.00370106 0.00145811 0.000495951 0.000141277 3.29049e-05
 4.30814e-11 2.02634e-09 6.59967e-08 1.48839e-06 2.32434e-05 0.000251344 0.00188204 0.00975885 0.0350463 0.0872204 0.150785 0.182761 0.16079 0.114633 0.0818183 0.064148 0.0477255 0.0305912 0.0173328 0.00892198 0.0040482 0.00156561 0.00051561 0.000145357 3.45056e-05
 3.90201e-11 1.83532e-09 5.97751e-08 1.34808e-06 2.10522e-05 0.00022765 0.00170464 0.00883927 0.0317481 0.0790542 0.136954 0.16735 0.151589 0.117327 0.0952392 0.0808625 0.0599327 0.03589 0.0182933 0.00868006 0.00391651 0.00160086 0.00056388 0.000165688 3.97331e-05
 4.34346e-11 2.04296e-09 6.65377e-08 1.50059e-06 2.34339e-05 0.000253405 0.00189747 0.00983885 0.0353335 0.0879342 0.152012 0.184218 0.161968 0.115227 0.0818377 0.0636573 0.0467373 0.0292672 0.0160658 0.00805342 0.00361799 0.00140991 0.000474613 0.000138009 3.38861e-05
 3.93254e-11 1.84968e-09 6.02428e-08 1.35863e-06 2.12169e-05 0.000229431 0.00171798 0.00890841 0.0319961 0.0796689 0.137999 0.168533 0.152361 0.117303 0.0944979 0.0798547 0.0591097 0.0353906 0.0179972 0.00845999 0.00374721 0.0014972 0.000517833 0.000151169 3.65206e-05
 4.10526e-11 1.93091e-09 6.28886e-08 1.4183e-06 2.21487e-05 0.000239507 0.00179342 0.00929944 0.0333984 0.0831383 0.143857 0.174976 0.155914 0.115368 0.0876587 0.0718296 0.0538497 0.0339559 0.0187034 0.00939601 0.00422118 0.00163813 0.00054583 0.000156298 3.77767e-05
 4.0788e-11 1.91847e-09 6.24833e-08 1.40916e-06 2.2006e-05 0.000237964 0.00178186 0.00923956 0.0331838 0.0826086 0.142972 0.174046 0.155555 0.116065 0.0892585 0.0734409 0.0545283 0.0335872 0.0179709 0.00893056 0.00410786 0.00167039 0.000581064 0.000169498 4.07177e-05
 4.06051e-11 1.90987e-09 6.22032e-08 1.40284e-06 2.19074e-05 0.000236897 0.00177388 0.00919816 0.0330353 0.0822408 0.142349 0.173349 0.155131 0.116169 0.0898523 0.0742274 0.0551797 0.0339483 0.0180624 0.00886024 0.00400017 0.00160116 0.000556008 0.000164907 4.07117e-05
 4.16714e-11 1.96002e-09 6.38366e-08 1.43968e-06 2.24826e-05 0.000243118 0.00182045 0.00943959 0.0339013 0.0843862 0.145989 0.177439 0.157689 0.115773 0.0867676 0.0701753 0.0519543 0.0321865 0.0173598 0.00863056 0.0039206 0.00156501 0.000538385 0.000157959 3.87734e-05
 4.00972e-11 1.88598e-09 6.14251e-08 1.38529e-06 2.16333e-05 0.000233934 0.00175169 0.00908316 0.0326228 0.0812199 0.140621 0.171432 0.154015 0.116582 0.091642 0.0764175 0.0567376 0.0345621 0.018092 0.00874192 0.00391835 0.0015649 0.000541247 0.000159243 3.89995e-05
 3.95179e-11 1.85873e-09 6.05376e-08 1.36528e-06 2.13208e-05 0.000230554 0.00172638 0.00895193 0.0321517 0.0800489 0.138606 0.169037 0.152066 0.115569 0.0915556 0.0771785 0.058354 0.0367656 0.0202075 0.0101909 0.00464212 0.00184059 0.000626955 0.000182402 4.44927e-05
#pred catch len freq
 3.05145e-11 1.43525e-09 4.67453e-08 1.05422e-06 1.64632e-05 0.000178027 0.00133307 0.00691262 0.0248295 0.0618414 0.107234 0.131508 0.120688 0.0969367 0.0839778 0.0775766 0.0662257 0.0517967 0.0400938 0.0319706 0.0265251 0.023097 0.0202711 0.0162476 0.0107393
 3.67276e-11 1.72749e-09 5.62632e-08 1.26887e-06 1.98153e-05 0.000214275 0.00160449 0.00832009 0.0298848 0.0744299 0.129047 0.158175 0.144842 0.115355 0.097466 0.0848955 0.0636711 0.0387693 0.0208946 0.0116162 0.00728753 0.00513094 0.00384731 0.00278711 0.00174087
 3.69474e-11 1.73783e-09 5.65999e-08 1.27647e-06 1.99339e-05 0.000215558 0.0016141 0.00836992 0.0300641 0.0748806 0.129855 0.159292 0.146271 0.117337 0.100141 0.0878246 0.0660361 0.0398882 0.0204098 0.00961787 0.0043554 0.00197804 0.000985507 0.000546315 0.000296198
 3.87424e-11 1.82226e-09 5.93497e-08 1.33848e-06 2.09024e-05 0.00022603 0.00169251 0.00877639 0.0315223 0.0784949 0.136002 0.166266 0.150863 0.117307 0.0958986 0.0818936 0.06099 0.0367132 0.0187133 0.00869637 0.00373242 0.00144182 0.000508549 0.000175964 6.35563e-05
 3.66633e-11 1.72447e-09 5.61648e-08 1.26666e-06 1.97807e-05 0.000213901 0.00160169 0.00830565 0.0298341 0.0743155 0.128929 0.158408 0.146257 0.118923 0.103138 0.0908352 0.0674771 0.0394233 0.0189799 0.00822941 0.00333775 0.00122922 0.000398709 0.000113458 2.88044e-05
 3.79964e-11 1.78717e-09 5.82069e-08 1.31271e-06 2.04999e-05 0.000221678 0.00165992 0.00860746 0.0309162 0.0769918 0.13344 0.163335 0.148851 0.1171 0.0973821 0.0842381 0.0633497 0.0386227 0.0199927 0.00934153 0.00392315 0.00142299 0.000439192 0.000116034 2.62178e-05
 3.64194e-11 1.71299e-09 5.57911e-08 1.25823e-06 1.9649e-05 0.000212477 0.00159104 0.00825039 0.0296357 0.0738219 0.128077 0.157384 0.145384 0.118379 0.102923 0.0909823 0.0680779 0.0404038 0.020024 0.00902114 0.00378376 0.00141889 0.000457259 0.000123794 2.76406e-05
 3.75668e-11 1.76696e-09 5.75489e-08 1.29787e-06 2.02681e-05 0.000219172 0.00164116 0.00851019 0.0305673 0.0761273 0.131972 0.161681 0.147799 0.117211 0.0985466 0.0857812 0.0645802 0.0393125 0.0203181 0.00952291 0.00404935 0.00150265 0.00047736 0.000129183 2.92981e-05
 3.73176e-11 1.75524e-09 5.71671e-08 1.28926e-06 2.01337e-05 0.000217718 0.00163027 0.00845376 0.0303649 0.0756265 0.131126 0.160746 0.147269 0.11745 0.099463 0.0868468 0.065248 0.0394685 0.0202427 0.00948593 0.00409512 0.00156168 0.000510064 0.000140392 3.19878e-05
 3.69797e-11 1.73935e-09 5.66495e-08 1.27759e-06 1.99514e-05 0.000215746 0.00161551 0.00837726 0.0300906 0.0749478 0.12998 0.159486 0.146575 0.117834 0.100817 0.0884566 0.0663421 0.0398094 0.0201126 0.00924927 0.00393032 0.00148616 0.000485985 0.000135316 3.13997e-05
 3.71319e-11 1.74651e-09 5.68827e-08 1.28285e-06 2.00335e-05 0.000216635 0.00162216 0.00841172 0.0302142 0.0752533 0.130494 0.160043 0.146853 0.117586 0.100105 0.0876656 0.0658849 0.0397796 0.0202941 0.0094101 0.00399941 0.00149906 0.00048364 0.000133044 3.0691e-05
 3.54049e-11 1.66528e-09 5.4237e-08 1.22318e-06 1.91017e-05 0.000206559 0.00154672 0.00802065 0.0288112 0.0717758 0.12458 0.153333 0.142435 0.117622 0.104226 0.0934951 0.0709994 0.0432083 0.0222853 0.0104746 0.00451014 0.00170854 0.00055491 0.000152756 3.50554e-05
 3.63301e-11 1.70879e-09 5.56543e-08 1.25514e-06 1.96009e-05 0.000211956 0.00158713 0.00823013 0.0295626 0.0736366 0.127733 0.156859 0.14458 0.117113 0.101306 0.0897633 0.0681376 0.0417941 0.0218806 0.01047 0.0045793 0.00175777 0.000578015 0.000160932 3.72546e-05
 3.64855e-11 1.7161e-09 5.58923e-08 1.26051e-06 1.96847e-05 0.000212863 0.00159392 0.00826532 0.0296889 0.0739501 0.12827 0.157483 0.145043 0.117254 0.101137 0.0893868 0.0676521 0.0412936 0.0214787 0.0102398 0.00449619 0.00174611 0.000583497 0.000165184 3.8809e-05
 3.83768e-11 1.80506e-09 5.87897e-08 1.32585e-06 2.07051e-05 0.000223897 0.00167654 0.00869361 0.0312253 0.0777581 0.134745 0.164823 0.149854 0.117152 0.0965347 0.0829266 0.0620372 0.0375937 0.0193823 0.00914465 0.00397842 0.00153547 0.000512264 0.000145642 3.45544e-05
 3.68433e-11 1.73293e-09 5.64405e-08 1.27287e-06 1.98778e-05 0.000214951 0.00160955 0.00834638 0.0299799 0.0746741 0.129519 0.158986 0.146323 0.11805 0.101449 0.0891657 0.0667667 0.03986 0.019966 0.00910302 0.00385447 0.00146158 0.000481714 0.000135784 3.20661e-05
 3.66124e-11 1.72207e-09 5.60868e-08 1.2649e-06 1.97532e-05 0.000213604 0.00159947 0.00829407 0.029792 0.0742061 0.128708 0.157991 0.145417 0.117362 0.101011 0.0891537 0.0674155 0.0410675 0.0212291 0.00997047 0.00426352 0.00159697 0.000513638 0.000141155 3.26776e-05
 3.62433e-11 1.70471e-09 5.55214e-08 1.25215e-06 1.95541e-05 0.00021145 0.00158335 0.00821052 0.0294924 0.0734649 0.127457 0.156618 0.144667 0.117794 0.102494 0.0908716 0.0685049 0.041316 0.0210388 0.00977356 0.00419122 0.00159321 0.000520624 0.000143951 3.30842e-05
 3.47031e-11 1.63227e-09 5.3162e-08 1.19893e-06 1.87231e-05 0.000202465 0.00151607 0.00786172 0.0282408 0.0703596 0.122154 0.150503 0.140301 0.116892 0.104829 0.0949781 0.0729691 0.0453255 0.0241277 0.0117181 0.00515688 0.0019763 0.000647346 0.000179937 4.17237e-05
 3.46099e-11 1.62789e-09 5.30192e-08 1.19571e-06 1.86728e-05 0.000201921 0.00151199 0.0078406 0.0281649 0.0701704 0.121825 0.150094 0.13991 0.116554 0.104538 0.0948036 0.0730328 0.0456667 0.024645 0.0122434 0.0055566 0.00220795 0.000749059 0.000213787 5.03605e-05
 3.58802e-11 1.68763e-09 5.49651e-08 1.2396e-06 1.93582e-05 0.000209332 0.00156748 0.00812824 0.0291967 0.0727267 0.126165 0.154982 0.143009 0.116191 0.101014 0.0900777 0.0691454 0.0433839 0.0236049 0.0118596 0.00545775 0.00220976 0.000769072 0.000226389 5.5069e-05
 3.64718e-11 1.71546e-09 5.58714e-08 1.26004e-06 1.96773e-05 0.000212783 0.00159332 0.00826221 0.0296776 0.0739209 0.128212 0.157378 0.144837 0.116872 0.100601 0.0889072 0.0674951 0.0415318 0.0219515 0.0107298 0.00487068 0.00197336 0.000693861 0.000207637 5.15883e-05
 3.51778e-11 1.6546e-09 5.38891e-08 1.21533e-06 1.89792e-05 0.000205234 0.0015368 0.00796921 0.0286266 0.0713175 0.123795 0.152417 0.141741 0.117376 0.104393 0.0939074 0.0715216 0.0437698 0.0228262 0.0109295 0.00483894 0.00191004 0.000656977 0.000194221 4.82293e-05
 3.55109e-11 1.67026e-09 5.43994e-08 1.22684e-06 1.91589e-05 0.000207177 0.00155135 0.00804464 0.0288971 0.0719869 0.124926 0.153668 0.142455 0.117065 0.103163 0.0924369 0.0705256 0.0434485 0.0228925 0.0110494 0.00488593 0.00190511 0.000641788 0.00018513 4.49375e-05
 3.56418e-11 1.67642e-09 5.45999e-08 1.23136e-06 1.92295e-05 0.000207941 0.00155707 0.00807427 0.0290034 0.0722502 0.125373 0.154172 0.142775 0.117028 0.102797 0.0919356 0.0700958 0.0431826 0.0227773 0.0110316 0.0049079 0.00192689 0.000651517 0.000187275 4.4927e-05
 3.67372e-11 1.72794e-09 5.62779e-08 1.26921e-06 1.98205e-05 0.000214331 0.00160492 0.00832232 0.0298934 0.0744574 0.129135 0.158478 0.145741 0.117366 0.100703 0.0886693 0.0669077 0.0406594 0.0210122 0.00995897 0.00436774 0.00170516 0.000576616 0.000166215 3.99748e-05
 3.59169e-11 1.68936e-09 5.50213e-08 1.24087e-06 1.93779e-05 0.000209546 0.00156909 0.00813658 0.0292271 0.072807 0.126335 0.155334 0.143784 0.117696 0.103122 0.0918488 0.069456 0.0420618 0.0215505 0.0100784 0.00434776 0.00166671 0.000553851 0.000157576 3.7634e-05
 3.42646e-11 1.61164e-09 5.24901e-08 1.18378e-06 1.84865e-05 0.000199906 0.00149691 0.00776242 0.0278848 0.0694791 0.12067 0.148883 0.139451 0.117501 0.106739 0.097175 0.07436 0.0456154 0.0237964 0.0113255 0.00492597 0.00188268 0.000618612 0.000173258 4.07008e-05
#obs catch len freq
 3.50477e-11 1.64848e-09 5.36898e-08 1.21084e-06 1.8909e-05 0.000204475 0.00153112 0.00793969 0.02852 0.0710458 0.123282 0.151595 0.140382 0.115105 0.101364 0.0914024 0.0711153 0.0457455 0.0259551 0.0137594 0.00670114 0.00287019 0.00105306 0.000325235 8.30798e-05
 3.77378e-11 1.775e-09 5.78108e-08 1.30378e-06 2.03604e-05 0.000220169 0.00164862 0.00854887 0.0307059 0.0764678 0.132532 0.162224 0.147843 0.116329 0.0968183 0.0839512 0.063536 0.0393673 0.0211356 0.0105702 0.00493819 0.00207516 0.000763238 0.000240057 6.27004e-05
 3.42124e-11 1.60919e-09 5.24102e-08 1.18198e-06 1.84584e-05 0.000199602 0.00149463 0.00775063 0.0278427 0.0693755 0.120501 0.148724 0.139459 0.117809 0.107292 0.0976603 0.0744427 0.0452802 0.023351 0.0110567 0.00487385 0.00193403 0.000675641 0.00020493 5.26626e-05
 3.98381e-11 1.87379e-09 6.10282e-08 1.37634e-06 2.14935e-05 0.000232422 0.00174037 0.00902445 0.0324119 0.0806945 0.139709 0.170308 0.152972 0.115756 0.09108 0.0763648 0.0575066 0.0360225 0.0196035 0.0097446 0.00435658 0.00168823 0.0005615 0.000160578 3.90476e-05
 3.50024e-11 1.64634e-09 5.36203e-08 1.20927e-06 1.88846e-05 0.000204211 0.00152914 0.00792953 0.0284848 0.0709706 0.123237 0.151938 0.141951 0.118829 0.106899 0.0962274 0.0722567 0.0427144 0.0210233 0.00946279 0.00403334 0.00156765 0.000531624 0.000152864 3.6448e-05
 3.73848e-11 1.7584e-09 5.727e-08 1.29158e-06 2.017e-05 0.00021811 0.00163321 0.00846895 0.0304192 0.0757569 0.131322 0.160845 0.146916 0.116298 0.0976661 0.0853258 0.0650284 0.0406131 0.0218187 0.010609 0.00459809 0.00171263 0.000544998 0.000149367 3.4873e-05
 3.88995e-11 1.82965e-09 5.95904e-08 1.34391e-06 2.09871e-05 0.000226947 0.00169937 0.00881196 0.0316501 0.0788106 0.136536 0.166855 0.151197 0.117152 0.0952932 0.0811406 0.0604263 0.0364823 0.0187543 0.00886388 0.00388819 0.00151343 0.000503804 0.000140458 3.22431e-05
 3.65757e-11 1.72034e-09 5.60305e-08 1.26363e-06 1.97334e-05 0.000213389 0.00159786 0.00828577 0.0297626 0.074135 0.128601 0.157941 0.145621 0.118018 0.102038 0.0900427 0.0675891 0.040465 0.0203382 0.00928615 0.00391908 0.00147574 0.00048288 0.00013531 3.17237e-05
 4.01734e-11 1.88956e-09 6.15418e-08 1.38792e-06 2.16744e-05 0.000234379 0.00175502 0.00910041 0.0326847 0.0813733 0.140882 0.171728 0.154209 0.116586 0.0914955 0.0762658 0.0567063 0.0346203 0.0180876 0.00859063 0.00369171 0.00137897 0.000439671 0.000119381 2.72886e-05
 3.60827e-11 1.69716e-09 5.52753e-08 1.2466e-06 1.94674e-05 0.000210513 0.00157633 0.00817416 0.0293624 0.0731452 0.126932 0.156113 0.144643 0.118651 0.104109 0.0924384 0.0691205 0.0408186 0.0200389 0.00892749 0.00371806 0.00139475 0.00045324 0.000124646 2.84094e-05
 3.93614e-11 1.85137e-09 6.02979e-08 1.35987e-06 2.12363e-05 0.000229641 0.00171955 0.00891654 0.032025 0.0797383 0.138101 0.168575 0.152138 0.116618 0.0934642 0.0790624 0.0591873 0.0362976 0.0190309 0.00902982 0.00384517 0.00141268 0.00044172 0.000117879 2.65661e-05
 3.4184e-11 1.60785e-09 5.23666e-08 1.181e-06 1.8443e-05 0.000199436 0.00149339 0.0077442 0.0278199 0.0693217 0.120428 0.148729 0.139761 0.118637 0.108564 0.098791 0.0747493 0.044656 0.0223105 0.010151 0.00429707 0.0016242 0.000527414 0.000143897 3.23654e-05
 3.8065e-11 1.7904e-09 5.8312e-08 1.31508e-06 2.05369e-05 0.000222078 0.00166292 0.00862296 0.0309716 0.0771243 0.133636 0.163417 0.148427 0.115778 0.0953051 0.0823954 0.0628814 0.0396971 0.0217267 0.0107889 0.00476084 0.00179611 0.000573956 0.000155722 3.54065e-05
 3.57911e-11 1.68344e-09 5.48286e-08 1.23652e-06 1.93101e-05 0.000208812 0.00156359 0.00810811 0.0291251 0.0725541 0.125906 0.154854 0.143487 0.117748 0.103473 0.0922589 0.0696942 0.0421152 0.0215822 0.0101973 0.00450745 0.00178145 0.000604086 0.000171184 3.96752e-05
 3.79146e-11 1.78332e-09 5.80816e-08 1.30989e-06 2.04558e-05 0.000221201 0.00165635 0.00858892 0.0308496 0.0768243 0.13314 0.162924 0.148338 0.11643 0.096591 0.0836444 0.0633559 0.0392848 0.0209537 0.0101937 0.00448771 0.00172386 0.000570017 0.000161455 3.83658e-05
 3.90944e-11 1.83881e-09 5.98888e-08 1.35064e-06 2.10923e-05 0.000228083 0.00170788 0.00885609 0.0318084 0.0792039 0.137209 0.167643 0.151794 0.117365 0.0951445 0.0807547 0.059906 0.0359076 0.0182289 0.00848296 0.00367426 0.00142213 0.000475448 0.000134666 3.16981e-05
 3.42846e-11 1.61258e-09 5.25207e-08 1.18447e-06 1.84973e-05 0.000200023 0.00149778 0.00776697 0.0279015 0.069523 0.120763 0.149078 0.139884 0.118342 0.107913 0.0981431 0.0744867 0.0448209 0.0226203 0.01035 0.0043558 0.00162688 0.000526675 0.000146337 3.42417e-05
 3.97539e-11 1.86983e-09 6.08992e-08 1.37343e-06 2.14481e-05 0.000231931 0.00173669 0.00900539 0.0323435 0.0805243 0.139416 0.169958 0.152682 0.115595 0.0910544 0.0764843 0.0577909 0.0364177 0.0199654 0.00995621 0.00442007 0.00167782 0.000538034 0.000145961 3.31959e-05
 3.26634e-11 1.53633e-09 5.00372e-08 1.12847e-06 1.76226e-05 0.000190565 0.00142697 0.00739988 0.0265846 0.0662598 0.115219 0.142816 0.135851 0.118622 0.112106 0.103799 0.079111 0.0475709 0.0240655 0.0112083 0.00491468 0.00194193 0.000661452 0.000188562 4.39373e-05
 3.81751e-11 1.79557e-09 5.84806e-08 1.31888e-06 2.05963e-05 0.00022272 0.00166772 0.00864784 0.0310604 0.0773409 0.133979 0.163686 0.148195 0.114643 0.0934038 0.0806462 0.0623324 0.0405157 0.0231439 0.0119833 0.00545627 0.0021141 0.000697003 0.000196632 4.66984e-05
 3.35695e-11 1.57895e-09 5.14253e-08 1.15977e-06 1.81115e-05 0.000195851 0.00146655 0.00760505 0.0273205 0.0680822 0.118307 0.146266 0.137941 0.118095 0.109189 0.100048 0.0761827 0.0460824 0.0236599 0.0113041 0.00512525 0.00210019 0.000740635 0.000217758 5.22383e-05
 3.85019e-11 1.81094e-09 5.89812e-08 1.33018e-06 2.07726e-05 0.000224627 0.001682 0.00872186 0.0313263 0.0780025 0.135123 0.16507 0.149401 0.11545 0.0937926 0.0804951 0.0614457 0.0390258 0.0216029 0.0108979 0.00491519 0.00191946 0.000646909 0.000188249 4.62422e-05
 3.37741e-11 1.58857e-09 5.17388e-08 1.16684e-06 1.82219e-05 0.000197045 0.00147549 0.00765138 0.0274867 0.0684942 0.119008 0.14706 0.138464 0.118093 0.10872 0.0994177 0.0756886 0.0457935 0.0234627 0.0111074 0.00494441 0.00198075 0.000685955 0.000200385 4.843e-05
 3.56721e-11 1.67784e-09 5.46462e-08 1.23241e-06 1.92459e-05 0.000208118 0.00155839 0.00808108 0.0290274 0.0723049 0.125434 0.154087 0.142196 0.115586 0.100662 0.0901653 0.0698897 0.0446267 0.0247813 0.0125288 0.00565102 0.00219767 0.000733146 0.000210093 5.08022e-05
 3.55404e-11 1.67165e-09 5.44445e-08 1.22786e-06 1.91748e-05 0.000207349 0.00155264 0.00805128 0.0289209 0.0720438 0.12501 0.153704 0.142277 0.116499 0.102249 0.091551 0.0701352 0.0437057 0.0235668 0.0117883 0.00544538 0.00221911 0.000772794 0.000225565 5.42065e-05
 3.51549e-11 1.65352e-09 5.3854e-08 1.21455e-06 1.89669e-05 0.000205101 0.0015358 0.00796401 0.0286078 0.0712683 0.123694 0.152225 0.14135 0.116643 0.103382 0.0930807 0.0714241 0.0444667 0.0238489 0.0117785 0.00534152 0.00214311 0.000745125 0.000221153 5.46201e-05
 3.65428e-11 1.7188e-09 5.598e-08 1.26249e-06 1.97156e-05 0.000213197 0.00159642 0.00827826 0.029735 0.0740606 0.128433 0.15755 0.144684 0.116137 0.0993808 0.0878183 0.0672283 0.0421653 0.0229217 0.0114689 0.00523135 0.00209273 0.000720747 0.000211603 5.19622e-05
 3.44332e-11 1.61957e-09 5.27484e-08 1.18961e-06 1.85775e-05 0.00020089 0.00150428 0.0078006 0.0280217 0.0698174 0.121238 0.149495 0.139744 0.117186 0.105865 0.0961428 0.0736318 0.0453798 0.0239491 0.0116558 0.00524988 0.00210207 0.000727989 0.000214342 5.25164e-05
#spawning biomass
 40021.5 21184.9 22128.8 23675 22416.4 25682.9 26033.4 28020.3 33942.6 35539.3 37897.8 43607.7 42193.8 45273.2 48222.3 56623.1 64343.1 62685.7 77134.1 79399.1 86041.9 94632.9 104205 100293 102287 94074.3 97186 97673.2 73763.5 141760 102442 67350.1 46316.8 35330.1 30017.9 27568.4 26472.9 25992.8 25785.2 25696.2 25658.4 25642.3 25635.6 25632.7 25631.5 25631 25630.8 25630.7 25630.6 25630.6 25630.6 25630.6 25630.6 25630.6 25630.6 25630.6 25630.6 25630.6 25630.6 25630.6 25630.6 25630.6 25630.6 25630.6 25630.6 25630.6 25630.6 25630.6 25630.6 25630.6 25630.6 25630.6 25630.6 25630.6 25630.6 25630.6 25630.6 25630.6 25630.6 25630.6 25630.6 25630.6 25630.6 25630.6 25630.6 25630.6 25630.6 25630.6 25630.6 25630.6 25630.6 25630.6 25630.6 25630.6 25630.6 25630.6 25630.6 25630.6 25630.6 25630.6 25630.6 25630.6 25630.6 25630.6 25630.6 25630.6 25630.6 25630.6 25630.6 25630.6 25630.6 25630.6 25630.6 25630.6 25630.6 25630.6 25630.6 25630.6 25630.6 25630.6 25630.6 25630.6 25630.6 25630.6 25630.6 25630.6 25630.6 25630.6 0 0 0 0 0 0 0 0 0 0 0 0 0 0 0 0 0 0 0 0 0 0 0 0 0
