SBPRF35
0.256306
Curr Bio
290133
B35
431948
F35
0.38903
FOFL
0.196931
OFL
52766.4
Bzero
73230.3
#pred survey bio
 78193.4 74195.6 57346.7 46474.6 70398.8 108986 166876 222669 293689 359011 339199 383367 416998 461864 475838 405750 384538 388663 387669 406466 427180 438346 433242 429374 416551 443368 475090 456390 1.38087e+07 7.74597e+06 5.63756e+06 3.73492e+06 2.45289e+06 1.69116e+06 1.2656e+06 1.03427e+06 909222 840974 802966 781227 768423 760661 755831 752752 750771 749477 748624 748056 747677 747423 747252 747137 747059 747006 746971 746947 746931 746920 746912 746907 746904 746902 746900 746899 746898 746898 746898 746897 746897 746897 746897 746897 746897 746897 746897 746897 746897 746897 746897 746897 746897 746897 746897 746897 746897 746897 746897 746897 746897 746897 746897 746897 746897 746897 746897 746897 746897 746897 746897 746897 746897 746897 746897 746897 746897 746897 746897 746897 746897 746897 746897 746897 746897 746897 746897 746897 746897 746897 746897 746897 746897 746897 746897 746897 746897 746897 746897 746897 0 0 0 0 0 0 0 0 0 0 0 0 0 0 0 0 0 0 0 0 0 0 0 0 0
#obs survey bio
 59858 77194.5 34167.7 59658.6 101541 86692.2 217694 275601 477557 378867 452797 425534 339416 512833 432306 370036 333588 346928 342631 322451 454690 374087 522232 465786 365096 384912 542648 408068
#pred catch bio
 9989.29 13279.3 12589.8 9812.53 16102.4 26283.1 47553.6 62355.4 80137.7 151864 127931 157502 174366 210150 251468 202330 182695 178230 169387 173730 183648 198107 191655 199549 180837 188015 220933 249896 52766.4 94439.7 67817.7 43204.1 27080.2 17915.4 13089.5 10663.4 9479.54 8913.1 8645.64 8520.49 8462.28 8435.33 8422.88 8417.14 8414.51 8413.3 8412.75 8412.5 8412.38 8412.33 8412.3 8412.29 8412.28 8412.28 8412.28 8412.28 8412.28 8412.28 8412.28 8412.28 8412.28 8412.28 8412.28 8412.28 8412.28 8412.28 8412.28 8412.28 8412.28 8412.28 8412.28 8412.28 8412.28 8412.28 8412.28 8412.28 8412.28 8412.28 8412.28 8412.28 8412.28 8412.28 8412.28 8412.28 8412.28 8412.28 8412.28 8412.28 8412.28 8412.28 8412.28 8412.28 8412.28 8412.28 8412.28 8412.28 8412.28 8412.28 8412.28 8412.28 8412.28 8412.28 8412.28 8412.28 8412.28 8412.28 8412.28 8412.28 8412.28 8412.28 8412.28 8412.28 8412.28 8412.28 8412.28 8412.28 8412.28 8412.28 8412.28 8412.28 8412.28 8412.28 8412.28 8412.28 8412.28 8412.28 8412.28 8412.28 0 0 0 0 0 0 0 0 0 0 0 0 0 0 0 0 0 0 0 0 0 0 0 0 0
#obs catch bio
 13753.3 14002.8 13836.9 10051.5 16107.5 25762.8 45657.9 60323.7 72420 144766 119910 148077 180422 219282 265845 209126 185866 173090 163298 171817 183847 200534 191833 196935 176118 187743 214518 252625
#pred cpue bio
 73942.1 71604.7 56353.8 44391.5 62466.7 97716.4 149760 201283 265819 328244 308344 345444 374967 414037 426275 363563 343671 347313 348422 365037 384422 395151 389859 387306 374311 397705 427032 410773 1.22769e+07 7.46868e+06 5.55965e+06 3.6857e+06 2.40699e+06 1.64561e+06 1.22008e+06 988760 863714 795466 757458 735719 722915 715153 710323 707244 705263 703969 703116 702548 702169 701915 701744 701629 701551 701498 701463 701439 701423 701412 701404 701399 701396 701394 701392 701391 701390 701390 701390 701389 701389 701389 701389 701389 701389 701389 701389 701389 701389 701389 701389 701389 701389 701389 701389 701389 701389 701389 701389 701389 701389 701389 701389 701389 701389 701389 701389 701389 701389 701389 701389 701389 701389 701389 701389 701389 701389 701389 701389 701389 701389 701389 701389 701389 701389 701389 701389 701389 701389 701389 701389 701389 701389 701389 701389 701389 701389 701389 701389 701389 0 0 0 0 0 0 0 0 0 0 0 0 0 0 0 0 0 0 0 0 0 0 0 0 0
#obs cpue bio
 70255.9 38647.4 37642.8 67668.7 64373.2 150913 171973 164718 373848 259854 286209 402312 254101 321072 413935 343153 388690 515139 461412 436902 340232 439325 326585 409400 483178 406921 477582 402157
#pred surv len freq
 2.7549e-11 1.29577e-09 4.22025e-08 9.51771e-07 1.48633e-05 0.000160726 0.00120352 0.0062409 0.0224175 0.055841 0.096878 0.11904 0.110015 0.0901045 0.0806929 0.0777371 0.0706807 0.060463 0.0509609 0.0424521 0.0349156 0.0287406 0.0232802 0.017324 0.0108366
 1.49824e-11 7.04701e-10 2.29517e-08 5.17618e-07 8.08338e-06 8.74117e-05 0.000654575 0.00339502 0.0122049 0.0304995 0.0535804 0.068981 0.0738277 0.0813195 0.0969553 0.106753 0.101246 0.0878887 0.0745333 0.0617432 0.049288 0.038065 0.0282622 0.0193422 0.0113651
 6.80921e-12 3.20273e-10 1.04311e-08 2.35247e-07 3.67375e-06 3.97274e-05 0.000297506 0.00154328 0.0055513 0.0139052 0.0246525 0.0327981 0.0384821 0.0492445 0.0679774 0.0881409 0.104693 0.11572 0.116212 0.104033 0.0844695 0.0637102 0.0446817 0.0283562 0.0154886
 3.11429e-11 1.46481e-09 4.7708e-08 1.07593e-06 1.68023e-05 0.000181692 0.00136048 0.00705413 0.0253287 0.0629945 0.108619 0.130318 0.110408 0.0700483 0.0407648 0.0320065 0.03724 0.0491685 0.0615873 0.0683605 0.0656467 0.0542445 0.0386843 0.0237265 0.0122391
 4.65244e-11 2.18829e-09 7.12711e-08 1.60734e-06 2.51009e-05 0.00027143 0.00203243 0.0105383 0.0378399 0.0941216 0.162361 0.195117 0.166239 0.106843 0.0611068 0.0379835 0.025116 0.0165894 0.0132547 0.0141781 0.0159318 0.015595 0.0125308 0.00812354 0.00420011
 3.82776e-11 1.80039e-09 5.86377e-08 1.32243e-06 2.06516e-05 0.000223318 0.0016722 0.00867104 0.0311434 0.0775458 0.13432 0.164034 0.148277 0.114143 0.0920067 0.0779891 0.0582091 0.0355682 0.0191319 0.0107553 0.00761333 0.00665599 0.00571398 0.00406393 0.00223991
 3.91939e-11 1.84349e-09 6.00414e-08 1.35408e-06 2.11459e-05 0.000228663 0.00171222 0.00887835 0.0318852 0.0793653 0.137284 0.166773 0.14797 0.108348 0.0817495 0.069012 0.0568711 0.0425791 0.0290611 0.0176905 0.00954123 0.00504232 0.00300891 0.0019115 0.00106683
 3.69931e-11 1.73998e-09 5.667e-08 1.27805e-06 1.99586e-05 0.000215824 0.00161608 0.00838001 0.0300975 0.0749348 0.129753 0.15825 0.142418 0.1085 0.0868801 0.0755581 0.0614992 0.0449887 0.0312702 0.0208515 0.012666 0.00676001 0.00322755 0.00146571 0.000646723
 3.72602e-11 1.75254e-09 5.70792e-08 1.28728e-06 2.01027e-05 0.000217382 0.00162775 0.00844045 0.0303137 0.0754654 0.130618 0.15905 0.142331 0.106796 0.0837811 0.0725589 0.0602451 0.0457005 0.0328426 0.0223474 0.0139227 0.00775382 0.00378587 0.0015972 0.000583631
 3.41064e-11 1.6042e-09 5.22478e-08 1.17832e-06 1.84011e-05 0.000198983 0.00148998 0.00772625 0.0277512 0.069111 0.119789 0.146668 0.133836 0.105887 0.0897487 0.0814643 0.0682824 0.0515647 0.0371325 0.0257402 0.0165296 0.0095136 0.0047809 0.00204178 0.000724192
 3.67152e-11 1.72691e-09 5.62443e-08 1.26845e-06 1.98087e-05 0.000214203 0.00160394 0.00831698 0.0298701 0.0743598 0.128695 0.156667 0.14007 0.104867 0.0821444 0.0715456 0.0604693 0.0473292 0.0353538 0.025006 0.0162248 0.00947317 0.00486931 0.00213139 0.000767869
 3.87792e-11 1.82399e-09 5.94061e-08 1.33976e-06 2.09222e-05 0.000226244 0.0016941 0.00878443 0.031548 0.0785271 0.135841 0.165054 0.146544 0.107457 0.0810428 0.0678311 0.0549847 0.0409756 0.0295154 0.020821 0.0138155 0.00829116 0.00436137 0.00194769 0.000715145
 3.86173e-11 1.81638e-09 5.91582e-08 1.33416e-06 2.08349e-05 0.0002253 0.00168704 0.00874783 0.0314172 0.0782081 0.135335 0.16465 0.146863 0.109106 0.0839353 0.0708471 0.0567091 0.040814 0.0278961 0.0186322 0.0118701 0.00700556 0.00370841 0.00168756 0.000633021
 3.93615e-11 1.85138e-09 6.02981e-08 1.35987e-06 2.12364e-05 0.000229641 0.00171954 0.00891634 0.0320218 0.0797069 0.137886 0.167557 0.148821 0.10923 0.0824412 0.0688145 0.0551772 0.040014 0.0273654 0.0179199 0.0109552 0.0061525 0.00312975 0.00139654 0.000523361
 3.92587e-11 1.84654e-09 6.01406e-08 1.35632e-06 2.11809e-05 0.000229042 0.00171505 0.00889308 0.0319386 0.0795028 0.137554 0.167249 0.148856 0.109892 0.0836544 0.0700175 0.055736 0.0398088 0.0267886 0.0173582 0.0105055 0.00577909 0.00284017 0.00121828 0.000442041
 3.90294e-11 1.83576e-09 5.97894e-08 1.3484e-06 2.10572e-05 0.000227704 0.00170504 0.00884116 0.0317524 0.0790421 0.136775 0.16639 0.148376 0.110139 0.0845854 0.0712125 0.0567161 0.0403375 0.0268811 0.0171577 0.010196 0.00550065 0.00264637 0.00110623 0.000389368
 3.983e-11 1.87341e-09 6.10158e-08 1.37606e-06 2.14891e-05 0.000232375 0.00174001 0.00902245 0.0324027 0.0806536 0.139513 0.169483 0.150368 0.110002 0.0825155 0.0684181 0.0544368 0.0390117 0.0262399 0.0168124 0.00994428 0.00529888 0.00250408 0.00102475 0.000352326
 3.97158e-11 1.86804e-09 6.08409e-08 1.37211e-06 2.14275e-05 0.000231709 0.00173502 0.00899661 0.0323102 0.0804255 0.139134 0.169097 0.15026 0.110409 0.0833675 0.0692751 0.0548167 0.0388325 0.0258205 0.0164756 0.00977189 0.0052224 0.00246128 0.000997154 0.000337436
 3.81268e-11 1.7933e-09 5.84066e-08 1.31721e-06 2.05702e-05 0.000222438 0.00166561 0.00863676 0.031019 0.0772236 0.133677 0.162852 0.145965 0.109934 0.0864188 0.0739999 0.0593748 0.0423825 0.0282819 0.018002 0.010607 0.00563509 0.00264811 0.00107092 0.000360887
 3.88317e-11 1.82646e-09 5.94865e-08 1.34157e-06 2.09505e-05 0.00022655 0.0016964 0.00879635 0.0315912 0.0786383 0.136059 0.16544 0.147278 0.108832 0.0831408 0.0702128 0.0569073 0.0417994 0.0288841 0.0188714 0.0112654 0.00600605 0.00281689 0.00113464 0.000380836
 3.81632e-11 1.79501e-09 5.84624e-08 1.31847e-06 2.05899e-05 0.00022265 0.0016672 0.00864498 0.0310483 0.0772936 0.133779 0.162884 0.145698 0.109122 0.0850819 0.0726043 0.0585389 0.0424073 0.0290431 0.0191311 0.0116888 0.00639916 0.00306056 0.0012448 0.000418784
 3.78304e-11 1.77936e-09 5.79526e-08 1.30698e-06 2.04103e-05 0.000220709 0.00165266 0.00856961 0.0307777 0.076621 0.132622 0.161509 0.144582 0.108547 0.0850369 0.0730295 0.0594162 0.0435694 0.030127 0.0198752 0.0121224 0.00666672 0.00323409 0.00134067 0.000458785
 3.84307e-11 1.8076e-09 5.88723e-08 1.32772e-06 2.07342e-05 0.000224211 0.00167888 0.00870555 0.0312654 0.0778298 0.134679 0.163846 0.146132 0.108562 0.0836315 0.0709866 0.0575478 0.0422541 0.0293701 0.0195345 0.0120156 0.00665023 0.0032426 0.00135382 0.000468383
 3.75946e-11 1.76827e-09 5.75914e-08 1.29883e-06 2.02831e-05 0.000219333 0.00164236 0.00851623 0.0305862 0.0761471 0.13182 0.160621 0.144069 0.108743 0.0858524 0.0739662 0.0599667 0.0436456 0.0300224 0.0198629 0.0122361 0.00681374 0.00334839 0.00140877 0.000491026
 3.8863e-11 1.82793e-09 5.95345e-08 1.34265e-06 2.09674e-05 0.000226733 0.00169777 0.00880344 0.0316166 0.0787004 0.13616 0.165528 0.147247 0.108577 0.0826496 0.0696133 0.0563812 0.0414846 0.0288637 0.0191558 0.0117492 0.00650835 0.00319429 0.00134836 0.000472794
 3.91009e-11 1.83912e-09 5.9899e-08 1.35087e-06 2.10958e-05 0.000228121 0.00170816 0.00885735 0.0318102 0.0791831 0.136999 0.166569 0.148233 0.109403 0.0832839 0.0698206 0.0558447 0.0402712 0.0274957 0.0181216 0.0111519 0.00620777 0.00305133 0.00128699 0.000451237
 3.8423e-11 1.80723e-09 5.88605e-08 1.32745e-06 2.073e-05 0.000224166 0.00167855 0.00870383 0.0312595 0.0778178 0.134676 0.163928 0.146477 0.109376 0.0848659 0.0721479 0.058016 0.0418361 0.0283919 0.0184766 0.0111996 0.0061651 0.00301752 0.00127316 0.000447
 3.81306e-11 1.79348e-09 5.84125e-08 1.31735e-06 2.05723e-05 0.00022246 0.00166577 0.0086376 0.0310217 0.0772274 0.133663 0.162738 0.145554 0.108996 0.085002 0.0726553 0.0587921 0.0427712 0.0292876 0.019133 0.0115545 0.00629707 0.00304399 0.00127099 0.000443478
#obs surv len freq
 2.48819e-11 1.17033e-09 3.81167e-08 8.59629e-07 1.34244e-05 0.000145166 0.00108701 0.00563684 0.0202492 0.0504545 0.0876335 0.108155 0.101486 0.0863394 0.0812705 0.0811348 0.075995 0.067468 0.059328 0.0513022 0.0427086 0.0335306 0.0239061 0.0147151 0.00743996
 4.46328e-12 2.09931e-10 6.83733e-09 1.542e-07 2.4081e-06 2.60422e-05 0.000195062 0.00101268 0.00365442 0.00926915 0.0172164 0.0265063 0.0416601 0.0696967 0.103827 0.123659 0.121361 0.108726 0.0957242 0.082677 0.0685105 0.0534126 0.0378647 0.0232494 0.0117494
 1.89969e-14 8.93537e-13 2.91037e-11 6.56528e-10 1.02628e-08 1.11417e-07 8.47327e-07 4.66249e-06 2.05843e-05 8.92946e-05 0.000417164 0.00177931 0.00597129 0.0154333 0.032562 0.0601643 0.0980459 0.134615 0.152154 0.145631 0.124254 0.0971787 0.0686216 0.0419363 0.0211205
 5.29303e-11 2.48959e-09 8.10842e-08 1.82865e-06 2.8557e-05 0.000308802 0.00231225 0.0119887 0.0430427 0.107007 0.184209 0.219583 0.181258 0.103665 0.0413261 0.0123583 0.00515939 0.00680225 0.011267 0.0154384 0.0169839 0.0152523 0.011385 0.00706233 0.00355998
 3.3143e-11 1.55889e-09 5.07719e-08 1.14503e-06 1.78814e-05 0.000193363 0.00144792 0.00750853 0.026975 0.0672336 0.116917 0.144938 0.137896 0.120275 0.112781 0.101894 0.0730189 0.0382511 0.0155593 0.00751446 0.00688179 0.00737112 0.00650369 0.0044619 0.00235994
 4.25782e-11 2.00267e-09 6.52257e-08 1.471e-06 2.29718e-05 0.000248407 0.00186005 0.00964466 0.034634 0.0861734 0.148831 0.17972 0.155987 0.106915 0.0719075 0.0566948 0.0480662 0.0387033 0.0275857 0.0162599 0.00792227 0.00385867 0.00240316 0.00163354 0.000927252
 3.64176e-11 1.71291e-09 5.57884e-08 1.25817e-06 1.96481e-05 0.000212467 0.00159095 0.00824979 0.0296315 0.0737896 0.127874 0.156449 0.142351 0.111599 0.0926771 0.0811048 0.0635624 0.0431628 0.0279303 0.0182213 0.0111729 0.0059268 0.00273394 0.00120531 0.000534061
 3.88325e-11 1.8265e-09 5.94878e-08 1.3416e-06 2.0951e-05 0.000226555 0.00169643 0.0087965 0.0315915 0.0786345 0.136024 0.165265 0.146705 0.107578 0.0813719 0.068854 0.0569519 0.0431688 0.0304967 0.0199069 0.01176 0.00627463 0.00298901 0.00123976 0.000445269
 3.71491e-11 1.74731e-09 5.69089e-08 1.28344e-06 2.00427e-05 0.000216734 0.0016229 0.00841534 0.0302245 0.0752507 0.130299 0.158914 0.143003 0.108902 0.0870712 0.0754302 0.0609026 0.043999 0.0302895 0.0203293 0.012718 0.00708294 0.00341932 0.00140483 0.000483207
 3.35775e-11 1.57933e-09 5.14376e-08 1.16005e-06 1.81158e-05 0.000195898 0.00146688 0.00760652 0.0273221 0.0680496 0.118002 0.144725 0.132851 0.106739 0.0923502 0.0847321 0.0709158 0.0528387 0.0370124 0.0246918 0.0152642 0.00855611 0.00424272 0.00179417 0.000624595
 3.99784e-11 1.88039e-09 6.1243e-08 1.38119e-06 2.15692e-05 0.00023324 0.00174648 0.00905593 0.0325218 0.0809365 0.139913 0.169549 0.149086 0.106295 0.0766285 0.0627553 0.0519439 0.0405467 0.0302633 0.0212438 0.013532 0.00768329 0.00383118 0.00163454 0.000577456
 3.84998e-11 1.81085e-09 5.89781e-08 1.3301e-06 2.07715e-05 0.000224614 0.0016819 0.00872125 0.0313224 0.0779769 0.134969 0.164368 0.147128 0.110345 0.0859655 0.0726043 0.0570405 0.0396941 0.0263988 0.0176675 0.0114673 0.00679775 0.00351776 0.00153637 0.000550567
 3.80733e-11 1.79078e-09 5.83247e-08 1.31537e-06 2.05414e-05 0.000222126 0.00166327 0.00862463 0.0309755 0.0771135 0.133477 0.162564 0.145566 0.109355 0.0856917 0.0734072 0.0592417 0.0426989 0.0287385 0.0184122 0.0110446 0.00615315 0.00312903 0.00138856 0.000510827
 3.73015e-11 1.75448e-09 5.71423e-08 1.2887e-06 2.0125e-05 0.000217623 0.00162955 0.00844984 0.0303482 0.075557 0.130817 0.159488 0.143337 0.108796 0.0866453 0.0751137 0.0610579 0.0444589 0.0304756 0.0199439 0.0120501 0.0065639 0.00318779 0.00135443 0.00048753
 3.90754e-11 1.83792e-09 5.98598e-08 1.34999e-06 2.1082e-05 0.000227972 0.00170704 0.00885153 0.0317893 0.0791292 0.136895 0.166391 0.147913 0.108843 0.0825369 0.0692345 0.055829 0.0408616 0.0283141 0.0187741 0.0115107 0.00634661 0.00308377 0.00128841 0.000450641
 3.6716e-11 1.72694e-09 5.62455e-08 1.26848e-06 1.98091e-05 0.000214208 0.00160398 0.0083173 0.029873 0.0743816 0.128836 0.157324 0.142198 0.109594 0.0891597 0.0779656 0.062773 0.044674 0.0299246 0.019464 0.0119237 0.00663769 0.0032625 0.00137234 0.000478862
 4.09834e-11 1.92766e-09 6.27827e-08 1.41591e-06 2.21114e-05 0.000239104 0.00179039 0.0092836 0.0333395 0.0829722 0.143437 0.173843 0.152924 0.109102 0.0784741 0.0633727 0.0506637 0.0372791 0.0259195 0.0170618 0.0103206 0.0056425 0.00274816 0.00115718 0.000405843
 3.75031e-11 1.76396e-09 5.74511e-08 1.29567e-06 2.02337e-05 0.000218799 0.00163836 0.00849556 0.030513 0.0759728 0.131576 0.160591 0.144892 0.111084 0.0894946 0.0772682 0.061003 0.0420658 0.0271862 0.0172723 0.0104791 0.00579902 0.00283122 0.00118483 0.000412853
 3.84228e-11 1.80722e-09 5.88601e-08 1.32744e-06 2.07299e-05 0.000224165 0.00167854 0.00870376 0.0312591 0.0778148 0.134657 0.163843 0.146206 0.108794 0.0840867 0.071675 0.058367 0.0428965 0.0294311 0.0189234 0.0111115 0.00590572 0.00281896 0.00117291 0.00040848
 3.88845e-11 1.82894e-09 5.95673e-08 1.34339e-06 2.0979e-05 0.000226858 0.0016987 0.00880832 0.0316345 0.0787475 0.136259 0.165735 0.147704 0.109463 0.0838851 0.0706373 0.0565508 0.040763 0.0278251 0.0183073 0.0111647 0.00608352 0.00289728 0.00118203 0.000403469
 3.58924e-11 1.68821e-09 5.49838e-08 1.24002e-06 1.93648e-05 0.000209403 0.001568 0.00813078 0.0292037 0.072721 0.126 0.154051 0.139854 0.109091 0.0903817 0.0801507 0.0651825 0.0468605 0.031607 0.0205126 0.012442 0.00684243 0.00332184 0.0013774 0.000472132
 3.82071e-11 1.79708e-09 5.85296e-08 1.31999e-06 2.06136e-05 0.000222906 0.00166911 0.00865487 0.0310834 0.0773749 0.133881 0.162829 0.145078 0.107507 0.0826367 0.0704722 0.0580388 0.0437036 0.0310726 0.0208123 0.0127144 0.00696359 0.00337232 0.00140501 0.000486381
 3.70292e-11 1.74167e-09 5.67251e-08 1.2793e-06 1.9978e-05 0.000216034 0.00161766 0.00838818 0.030127 0.0750089 0.129887 0.158438 0.142665 0.108836 0.0872613 0.0757564 0.0612285 0.0442172 0.0303611 0.0203349 0.0127876 0.00724031 0.0035806 0.00150441 0.000522552
 3.6977e-11 1.73922e-09 5.66453e-08 1.27749e-06 1.99499e-05 0.00021573 0.00161538 0.00837634 0.0300842 0.0748998 0.12968 0.158101 0.142098 0.107893 0.0860679 0.0749617 0.0615285 0.0454994 0.0317309 0.0211074 0.0130298 0.00731525 0.003654 0.00156639 0.000554383
 4.02274e-11 1.8921e-09 6.16246e-08 1.38979e-06 2.17036e-05 0.000234693 0.00175737 0.00911241 0.0327252 0.0814491 0.140842 0.170876 0.15089 0.108879 0.0798563 0.0653468 0.0522827 0.0383427 0.0267949 0.0180146 0.0112477 0.00633797 0.00315563 0.00135045 0.00048058
 3.7236e-11 1.7514e-09 5.7042e-08 1.28644e-06 2.00896e-05 0.000217241 0.0016267 0.00843506 0.0302957 0.0754319 0.130639 0.15945 0.143871 0.11034 0.0890248 0.0771701 0.061454 0.0430141 0.0282904 0.0182203 0.0111908 0.00630757 0.00315848 0.00135775 0.000484257
 3.84636e-11 1.80914e-09 5.89226e-08 1.32885e-06 2.0752e-05 0.000224403 0.00168032 0.00871299 0.0312922 0.077896 0.134791 0.163972 0.146213 0.108571 0.083635 0.0711441 0.0579557 0.0427291 0.0295271 0.0192115 0.0114612 0.00620336 0.003019 0.00128283 0.000456978
 3.75668e-11 1.76696e-09 5.75487e-08 1.29787e-06 2.02681e-05 0.000219171 0.00164114 0.00850993 0.0305639 0.076093 0.131738 0.160575 0.144198 0.109185 0.0865571 0.0745995 0.0601572 0.0433648 0.0295691 0.0194862 0.0119579 0.00658966 0.00318786 0.00132502 0.000461445
#pred catch len freq
 2.49463e-11 1.17336e-09 3.82155e-08 8.61854e-07 1.34591e-05 0.000145542 0.00108983 0.00565146 0.0203019 0.0505882 0.0878812 0.108533 0.102065 0.0872549 0.0824564 0.0820433 0.0758192 0.0656738 0.0559092 0.0468643 0.0386754 0.0318924 0.0258547 0.019246 0.0120403
 1.31322e-11 6.17678e-10 2.01174e-08 4.53697e-07 7.08517e-06 7.66176e-05 0.000573752 0.00297599 0.0107008 0.0267635 0.047172 0.0614514 0.0679788 0.078854 0.0975532 0.109207 0.104674 0.0918563 0.0786307 0.065519 0.052468 0.0405898 0.0301622 0.02065 0.0121352
 5.8148e-12 2.735e-10 8.90773e-09 2.00892e-07 3.13724e-06 3.39259e-05 0.000254065 0.00131803 0.00474252 0.0118935 0.0211828 0.0286314 0.0349478 0.0470444 0.0669737 0.0881697 0.105897 0.118077 0.119237 0.107093 0.0871408 0.0658164 0.0461946 0.0293271 0.0160214
 2.84583e-11 1.33854e-09 4.35955e-08 9.83186e-07 1.53539e-05 0.00016603 0.00124321 0.00644609 0.0231458 0.0575693 0.0992902 0.11925 0.101448 0.0653766 0.0398337 0.0334141 0.0403208 0.0539046 0.0678459 0.0754827 0.0725803 0.0600197 0.0428221 0.0262711 0.0135534
 4.4918e-11 2.11273e-09 6.88102e-08 1.55184e-06 2.42342e-05 0.000262058 0.00196225 0.0101745 0.0365343 0.0908815 0.156822 0.188697 0.161542 0.105531 0.0627821 0.040949 0.0278689 0.0187249 0.0152113 0.0164344 0.018523 0.0181455 0.014584 0.00945584 0.00488928
 3.62558e-11 1.7053e-09 5.55406e-08 1.25258e-06 1.95608e-05 0.000211523 0.00158389 0.00821323 0.0295009 0.0734737 0.127387 0.156135 0.14296 0.113853 0.0962946 0.0841931 0.0636551 0.0392072 0.0212927 0.012103 0.00863817 0.00757846 0.0065123 0.00463284 0.00255366
 3.72388e-11 1.75154e-09 5.70464e-08 1.28654e-06 2.00912e-05 0.000217258 0.00162682 0.00843562 0.0302966 0.0754245 0.130559 0.159039 0.142519 0.107397 0.0849654 0.0743489 0.0623398 0.0471831 0.0324805 0.0198858 0.010764 0.00570444 0.00341098 0.00216891 0.00121083
 3.49392e-11 1.64337e-09 5.35235e-08 1.20709e-06 1.88504e-05 0.000203841 0.00152636 0.00791488 0.0284285 0.070795 0.12269 0.150135 0.136721 0.107557 0.0903053 0.0811084 0.0670233 0.0495549 0.0347823 0.023354 0.0142397 0.00761526 0.00364037 0.0016545 0.000730352
 3.51828e-11 1.65483e-09 5.38968e-08 1.21551e-06 1.89819e-05 0.000205263 0.001537 0.00797 0.0286256 0.0712774 0.123469 0.150816 0.136482 0.10565 0.0869662 0.0779337 0.0657766 0.0504529 0.0365998 0.0250632 0.0156713 0.00874557 0.00427517 0.00180483 0.000659742
 3.22735e-11 1.51799e-09 4.944e-08 1.115e-06 1.74123e-05 0.00018829 0.00140992 0.00731118 0.0262618 0.0654159 0.113481 0.1394 0.128666 0.104854 0.092517 0.0861412 0.0730816 0.05569 0.0404336 0.0281881 0.0181586 0.0104689 0.00526592 0.00225007 0.000798292
 3.48248e-11 1.63799e-09 5.33484e-08 1.20314e-06 1.87888e-05 0.000203174 0.00152136 0.00788887 0.0283339 0.070548 0.122184 0.14915 0.13467 0.103649 0.0847773 0.0761739 0.0653648 0.0516865 0.0389309 0.0276865 0.0180191 0.0105391 0.00542261 0.00237485 0.000855813
 3.70613e-11 1.74318e-09 5.67744e-08 1.2804e-06 1.99954e-05 0.000216222 0.00161906 0.00839539 0.030152 0.0750639 0.12993 0.158248 0.141719 0.106531 0.0836933 0.0722429 0.0594412 0.0447387 0.0325058 0.0230672 0.0153554 0.00923078 0.00485998 0.00217138 0.000797476
 3.69275e-11 1.73689e-09 5.65694e-08 1.27578e-06 1.99232e-05 0.000215441 0.00161322 0.00836514 0.0300441 0.0748021 0.129525 0.157977 0.14219 0.108361 0.0867952 0.0754393 0.0612271 0.0444776 0.0306607 0.0206073 0.0131753 0.00779065 0.00412813 0.0018795 0.000705195
 3.77884e-11 1.77739e-09 5.78883e-08 1.30553e-06 2.03877e-05 0.000220464 0.00165082 0.0085601 0.0307436 0.0765364 0.132478 0.161345 0.144471 0.108537 0.085113 0.0731199 0.0594431 0.043498 0.0299854 0.0197479 0.0121127 0.0068152 0.00347051 0.00154945 0.000580823
 3.78683e-11 1.78114e-09 5.80107e-08 1.30829e-06 2.04308e-05 0.00022093 0.00165432 0.00857822 0.0308088 0.0767007 0.132775 0.161767 0.145036 0.109335 0.0860972 0.0738954 0.0595294 0.0428564 0.0290487 0.0189229 0.0114875 0.00632982 0.00311374 0.00133632 0.000484996
 3.75582e-11 1.76656e-09 5.75356e-08 1.29757e-06 2.02634e-05 0.000219121 0.00164077 0.008508 0.030557 0.0760772 0.131719 0.160593 0.144345 0.109576 0.0872117 0.0753613 0.0607627 0.0435705 0.0292544 0.0187768 0.0111943 0.00605005 0.00291365 0.00121864 0.000429058
 3.83315e-11 1.80293e-09 5.87203e-08 1.32429e-06 2.06807e-05 0.000223632 0.00167455 0.00868311 0.0311851 0.0776337 0.134363 0.163575 0.146253 0.109407 0.0851594 0.0726196 0.0585597 0.042333 0.028695 0.0184889 0.0109715 0.00585688 0.0027707 0.00113453 0.00039019
 3.81776e-11 1.79569e-09 5.84845e-08 1.31897e-06 2.05976e-05 0.000222734 0.00166783 0.00864827 0.0310603 0.0773256 0.133849 0.163037 0.146054 0.109838 0.086139 0.0736349 0.0590534 0.0422022 0.0282866 0.0181566 0.0108058 0.00578581 0.0027297 0.00110656 0.000374575
 3.64722e-11 1.71548e-09 5.58721e-08 1.26005e-06 1.96776e-05 0.000212785 0.00159333 0.00826209 0.0296747 0.0738893 0.127991 0.156331 0.141429 0.109294 0.0893629 0.0786619 0.0639353 0.0460401 0.0309729 0.0198336 0.011727 0.00624227 0.00293672 0.00118838 0.0004006
 3.71703e-11 1.74831e-09 5.69414e-08 1.28417e-06 2.00542e-05 0.000216858 0.00162382 0.00842011 0.0302412 0.0752896 0.130346 0.158876 0.14267 0.108073 0.0859263 0.0747413 0.0614408 0.0455526 0.0317335 0.0208512 0.0124879 0.00667017 0.00313179 0.00126226 0.000423813
 3.64849e-11 1.71608e-09 5.58915e-08 1.26049e-06 1.96844e-05 0.000212859 0.00159389 0.00826493 0.0296846 0.073911 0.128009 0.156258 0.141061 0.108392 0.0879444 0.0772048 0.0630874 0.0461204 0.0318488 0.021105 0.0129384 0.00709626 0.00339744 0.00138261 0.000465289
 3.61877e-11 1.7021e-09 5.54361e-08 1.25022e-06 1.9524e-05 0.000211125 0.0015809 0.0081976 0.0294428 0.0733099 0.126973 0.155017 0.140022 0.107785 0.0877712 0.0774781 0.0638637 0.0472484 0.0329304 0.0218471 0.013368 0.00736498 0.00357648 0.00148343 0.000507788
 3.67859e-11 1.73023e-09 5.63525e-08 1.27089e-06 1.98468e-05 0.000214615 0.00160703 0.00833306 0.0299288 0.0745145 0.129022 0.157345 0.141562 0.10779 0.0863535 0.0754211 0.0619825 0.0459283 0.0321825 0.0215272 0.0132841 0.00736545 0.00359498 0.00150177 0.000519724
 3.59769e-11 1.69218e-09 5.51133e-08 1.24294e-06 1.94103e-05 0.000209896 0.00157169 0.00814988 0.0292717 0.0728865 0.126258 0.154231 0.139587 0.108013 0.088572 0.078363 0.0643333 0.0472303 0.0327451 0.0217875 0.013465 0.00751131 0.00369482 0.00155535 0.000542269
 3.72152e-11 1.75043e-09 5.70103e-08 1.28572e-06 2.00784e-05 0.00021712 0.00162579 0.00843029 0.0302776 0.075379 0.130493 0.159014 0.142666 0.107797 0.0853687 0.0740522 0.0608298 0.0451773 0.0316888 0.0211508 0.013015 0.00722271 0.00354859 0.00149877 0.000525687
 3.74473e-11 1.76134e-09 5.73658e-08 1.29374e-06 2.02036e-05 0.000218474 0.00163592 0.00848286 0.0304665 0.0758502 0.131314 0.160042 0.14367 0.108696 0.0861208 0.0743647 0.0603207 0.043906 0.0302303 0.0200453 0.0123783 0.00690334 0.00339674 0.00143349 0.00050275
 3.68401e-11 1.73278e-09 5.64356e-08 1.27276e-06 1.9876e-05 0.000214932 0.0016094 0.00834537 0.0299733 0.0746276 0.129235 0.157682 0.142113 0.108707 0.0875965 0.0765202 0.0623271 0.0453356 0.0310096 0.0202959 0.0123429 0.00680688 0.00333507 0.00140792 0.000494455
 3.67453e-11 1.72832e-09 5.62904e-08 1.26949e-06 1.98249e-05 0.000214378 0.00160526 0.0083239 0.0298961 0.0744353 0.1289 0.157268 0.141722 0.108383 0.0873517 0.0764484 0.0625608 0.0458622 0.031621 0.0207596 0.0125724 0.00686267 0.00332041 0.0013871 0.000484117
#obs catch len freq
 2.36435e-11 1.11208e-09 3.62196e-08 8.16843e-07 1.27562e-05 0.000137941 0.00103291 0.00535638 0.0192427 0.0479565 0.0833621 0.103201 0.0978473 0.0852918 0.0825149 0.0834016 0.0781813 0.0693015 0.0611396 0.0533644 0.0448625 0.035363 0.0251661 0.0154487 0.00781419
 2.37344e-11 1.11635e-09 3.63588e-08 8.19983e-07 1.28052e-05 0.000138471 0.00103688 0.00537697 0.0193166 0.04814 0.0836771 0.103572 0.0981404 0.0854417 0.0825954 0.0835802 0.0785695 0.0697675 0.0613201 0.0530038 0.0441146 0.0346295 0.0246876 0.0151955 0.00768267
 4.15908e-12 1.95623e-10 6.37133e-09 1.4369e-07 2.24398e-06 2.42675e-05 0.000181774 0.000943792 0.00340722 0.00865593 0.0161698 0.0253018 0.0408076 0.069536 0.104296 0.124424 0.122106 0.109326 0.0961914 0.0830455 0.0687989 0.0536297 0.0380156 0.023341 0.0117955
 1.76995e-14 8.32515e-13 2.71163e-11 6.11706e-10 9.56291e-09 1.03849e-07 7.90699e-07 4.36961e-06 1.95432e-05 8.68092e-05 0.00041359 0.00177838 0.0059815 0.0154643 0.0326146 0.0602245 0.0980938 0.134638 0.152148 0.145599 0.124206 0.0971293 0.0685814 0.0419099 0.0211067
 5.25883e-11 2.4735e-09 8.05603e-08 1.81684e-06 2.83725e-05 0.000306807 0.00229731 0.0119113 0.0427646 0.106316 0.183019 0.218164 0.180088 0.103001 0.0410823 0.0123579 0.00533963 0.00721765 0.0119848 0.0164232 0.0180663 0.0162236 0.0121095 0.00751156 0.00378634
 3.21492e-11 1.51214e-09 4.92495e-08 1.1107e-06 1.73452e-05 0.000187565 0.00140451 0.00728351 0.0261678 0.0652338 0.113521 0.141112 0.135464 0.120535 0.115478 0.105458 0.0758306 0.0397582 0.0161702 0.00779883 0.00713333 0.00763847 0.00673928 0.00462345 0.00244536
 4.18073e-11 1.96641e-09 6.40448e-08 1.44437e-06 2.25559e-05 0.00024391 0.00182637 0.00947008 0.0340076 0.0846196 0.146181 0.176677 0.153858 0.106588 0.0732558 0.0588989 0.0503137 0.0405649 0.0289062 0.0170331 0.00829706 0.00403996 0.00251531 0.00170957 0.000970374
 3.55238e-11 1.67087e-09 5.44191e-08 1.22729e-06 1.91659e-05 0.000207252 0.00155191 0.00804738 0.0289053 0.0719895 0.124811 0.152964 0.140025 0.111525 0.0946616 0.0839525 0.0660783 0.0448974 0.0290352 0.0189291 0.0116024 0.00615347 0.00283816 0.00125113 0.000554322
 3.80153e-11 1.78806e-09 5.82358e-08 1.31336e-06 2.05101e-05 0.000221787 0.00166073 0.00861143 0.0309274 0.0769878 0.133218 0.162054 0.144497 0.107336 0.082938 0.0712659 0.0592565 0.0449473 0.0317383 0.0207072 0.0122288 0.00652329 0.00310702 0.0012886 0.000462783
 3.63941e-11 1.7118e-09 5.57523e-08 1.25736e-06 1.96354e-05 0.00021233 0.00158992 0.00824438 0.0296111 0.0737299 0.127709 0.155958 0.140997 0.10875 0.0886173 0.0777267 0.063009 0.045539 0.0313297 0.0210143 0.0131417 0.00731739 0.00353208 0.00145104 0.000499079
 3.28497e-11 1.54509e-09 5.03226e-08 1.1349e-06 1.77231e-05 0.000191651 0.00143509 0.0074417 0.0267307 0.0665832 0.115504 0.141871 0.130904 0.106564 0.0938011 0.0869181 0.072953 0.0543596 0.0380518 0.02537 0.0156776 0.00878591 0.00435609 0.00184197 0.000641206
 3.93452e-11 1.85061e-09 6.02732e-08 1.35931e-06 2.12276e-05 0.000229546 0.00171883 0.00891256 0.0320073 0.0796606 0.137738 0.167055 0.147354 0.106059 0.0777662 0.0645422 0.053674 0.0419176 0.0312684 0.0219378 0.0139696 0.00793016 0.00395379 0.00168673 0.000595863
 3.78926e-11 1.78228e-09 5.80478e-08 1.30913e-06 2.04439e-05 0.000221072 0.00165538 0.00858374 0.0308291 0.0767538 0.132887 0.161996 0.145532 0.110262 0.0872647 0.0744957 0.0587348 0.0408854 0.0271711 0.018171 0.011789 0.00698686 0.00361518 0.00157882 0.000565753
 3.74425e-11 1.76112e-09 5.73584e-08 1.29358e-06 2.02011e-05 0.000218446 0.00163572 0.0084818 0.030463 0.0758429 0.131313 0.160096 0.143895 0.10924 0.0870046 0.0753543 0.0610298 0.0439997 0.0295944 0.0189485 0.0113617 0.00632825 0.00321758 0.00142774 0.000525217
 3.6735e-11 1.72784e-09 5.62746e-08 1.26913e-06 1.98194e-05 0.000214319 0.00160481 0.00832158 0.029888 0.074416 0.128874 0.157271 0.141835 0.108689 0.0878176 0.076854 0.0626571 0.0456268 0.0312533 0.0204394 0.0123446 0.00672277 0.00326448 0.00138689 0.000499189
 3.85379e-11 1.81264e-09 5.90365e-08 1.33142e-06 2.07921e-05 0.000224837 0.00168357 0.00872983 0.0313527 0.0780465 0.135051 0.164286 0.146483 0.10873 0.0836318 0.0708693 0.0573391 0.0419743 0.0290644 0.019259 0.0118034 0.00650655 0.00316106 0.00132059 0.000461873
 3.61949e-11 1.70243e-09 5.54472e-08 1.25047e-06 1.9528e-05 0.000211167 0.00158122 0.00819929 0.0294496 0.073332 0.127049 0.155288 0.140828 0.109522 0.090276 0.0795981 0.0642483 0.0457227 0.0306028 0.0198907 0.0121799 0.00677867 0.00333134 0.00140118 0.000488903
 4.04336e-11 1.9018e-09 6.19405e-08 1.39691e-06 2.18148e-05 0.000235896 0.00176637 0.0091591 0.0328928 0.0818646 0.14155 0.171688 0.151455 0.108974 0.0795764 0.0650319 0.0522105 0.0384336 0.0267053 0.0175684 0.010623 0.0058065 0.00282764 0.00119054 0.000417524
 3.69133e-11 1.73622e-09 5.65477e-08 1.27529e-06 1.99155e-05 0.000215359 0.0016126 0.00836201 0.0300338 0.074785 0.129554 0.158291 0.143354 0.111031 0.0907994 0.0791515 0.062681 0.0432305 0.0279181 0.0177241 0.0107483 0.00594657 0.00290286 0.00121472 0.000423244
 3.78129e-11 1.77854e-09 5.79258e-08 1.30637e-06 2.04009e-05 0.000220607 0.00165189 0.00856565 0.0307636 0.0765862 0.132564 0.161454 0.144582 0.108665 0.0853304 0.0735384 0.0600989 0.0441805 0.0302923 0.0194655 0.0114255 0.00607113 0.00289747 0.00120547 0.000419798
 3.82615e-11 1.79964e-09 5.8613e-08 1.32187e-06 2.06429e-05 0.000223224 0.00167149 0.00866725 0.0311284 0.0774925 0.134122 0.163297 0.146053 0.109346 0.0851752 0.0725497 0.0583044 0.0420412 0.0286784 0.0188565 0.0114952 0.00626223 0.00298199 0.00121649 0.000415211
 3.5278e-11 1.65931e-09 5.40425e-08 1.2188e-06 1.90332e-05 0.000205818 0.00154116 0.00799164 0.0287044 0.0714833 0.123892 0.151648 0.138231 0.108991 0.0916765 0.0820586 0.0669217 0.0481138 0.0324285 0.0210316 0.0127515 0.00701102 0.00340322 0.00141102 0.000483635
 3.75956e-11 1.76832e-09 5.75929e-08 1.29887e-06 2.02837e-05 0.000219339 0.0016424 0.00851641 0.0305866 0.076143 0.131782 0.160429 0.143434 0.107342 0.0838298 0.0722876 0.059749 0.0450016 0.0319744 0.0214038 0.0130711 0.00715737 0.00346569 0.0014438 0.000499782
 3.63842e-11 1.71134e-09 5.57371e-08 1.25701e-06 1.96301e-05 0.000212272 0.00158949 0.00824213 0.029603 0.0737097 0.127674 0.155914 0.140954 0.108712 0.0885908 0.0777265 0.063031 0.045528 0.0312389 0.0209089 0.0131434 0.00744016 0.00367897 0.00154562 0.000536843
 3.63796e-11 1.71112e-09 5.57302e-08 1.25686e-06 1.96276e-05 0.000212245 0.00158929 0.00824107 0.0295989 0.0736963 0.127629 0.15576 0.140503 0.107756 0.0872693 0.0767651 0.0632031 0.0467424 0.0325747 0.021655 0.0133627 0.00750045 0.00374599 0.0016057 0.000568269
 3.95996e-11 1.86257e-09 6.06628e-08 1.3681e-06 2.13648e-05 0.00023103 0.00172994 0.00897023 0.0322151 0.0801842 0.138687 0.168414 0.149211 0.108729 0.0811074 0.0672288 0.0540319 0.0396459 0.0276885 0.0186041 0.0116115 0.00654152 0.00325656 0.00139353 0.000495888
 3.66286e-11 1.72283e-09 5.61115e-08 1.26546e-06 1.97619e-05 0.000213697 0.00160016 0.00829751 0.0298022 0.0742084 0.128556 0.157078 0.142278 0.110265 0.0903393 0.0790836 0.063174 0.0442256 0.029066 0.0187064 0.0114843 0.00647145 0.0032401 0.00139272 0.000496709
 3.78585e-11 1.78068e-09 5.79957e-08 1.30795e-06 2.04255e-05 0.000220873 0.00165389 0.00857597 0.0308006 0.076677 0.132714 0.161601 0.144599 0.108436 0.0848586 0.0729815 0.0596659 0.0440009 0.030386 0.0197584 0.0117829 0.00637601 0.00310256 0.00131822 0.000469562
#spawning biomass
 63882 67633.3 55433.2 38251.2 38296.3 68391.2 103640 145685 192497 251548 227193 243199 262833 285038 293190 250857 233014 235728 245078 254127 271309 281271 274294 276912 260996 275128 299497 290133 229322 346851 246703 154540 94740.7 60806.3 42942.7 33962.8 29580.9 27484.3 26494.4 26031.1 25815.7 25715.9 25669.9 25648.6 25638.9 25634.4 25632.4 25631.4 25631 25630.8 25630.7 25630.7 25630.6 25630.6 25630.6 25630.6 25630.6 25630.6 25630.6 25630.6 25630.6 25630.6 25630.6 25630.6 25630.6 25630.6 25630.6 25630.6 25630.6 25630.6 25630.6 25630.6 25630.6 25630.6 25630.6 25630.6 25630.6 25630.6 25630.6 25630.6 25630.6 25630.6 25630.6 25630.6 25630.6 25630.6 25630.6 25630.6 25630.6 25630.6 25630.6 25630.6 25630.6 25630.6 25630.6 25630.6 25630.6 25630.6 25630.6 25630.6 25630.6 25630.6 25630.6 25630.6 25630.6 25630.6 25630.6 25630.6 25630.6 25630.6 25630.6 25630.6 25630.6 25630.6 25630.6 25630.6 25630.6 25630.6 25630.6 25630.6 25630.6 25630.6 25630.6 25630.6 25630.6 25630.6 25630.6 25630.6 0 0 0 0 0 0 0 0 0 0 0 0 0 0 0 0 0 0 0 0 0 0 0 0 0
