SBPRF35
0.260979
Curr Bio
277881
B35
432124
F35
0.376036
FOFL
0.251733
OFL
81147.8
Bzero
74565.4
#pred survey bio
 87845.1 79357 58747.5 49134.5 72208.8 106258 161142 234155 285588 292416 304413 338932 396462 376127 367047 402785 436126 382341 353053 351897 393333 418385 453402 425560 426829 416813 467241 436136 1.59191e+07 8.85736e+06 6.37623e+06 4.20312e+06 2.73701e+06 1.85809e+06 1.36175e+06 1.08908e+06 940306 858501 812706 786432 770937 761541 755694 751969 749571 748004 746968 746278 745815 745504 745294 745152 745056 744990 744946 744916 744896 744882 744872 744866 744861 744859 744857 744855 744854 744854 744853 744853 744853 744853 744852 744852 744852 744852 744852 744852 744852 744852 744852 744852 744852 744852 744852 744852 744852 744852 744852 744852 744852 744852 744852 744852 744852 744852 744852 744852 744852 744852 744852 744852 744852 744852 744852 744852 744852 744852 744852 744852 744852 744852 744852 744852 744852 744852 744852 744852 744852 744852 744852 744852 744852 744852 744852 744852 744852 744852 744852 744852 0 0 0 0 0 0 0 0 0 0 0 0 0 0 0 0 0 0 0 0 0 0 0 0 0
#obs survey bio
 74856.9 73431.8 39009.9 64221 80386 121522 145471 282741 411459 199007 272895 318078 309211 336009 419383 319918 425290 374943 345481 379404 417874 522366 425250 335106 414216 339775 505181 479985
#pred catch bio
 14678 17039.5 11497.7 10755.5 19546.1 28297 45154.8 80802.2 116294 120761 123573 135247 202468 190471 163146 175844 221811 186554 167097 147373 172517 184631 229176 194450 200900 177918 238392 196331 81147.8 108802 75512.3 47819.6 29820 19490.2 13974.6 11158.7 9762.25 9082.88 8756.63 8601.35 8527.88 8493.26 8476.99 8469.36 8465.8 8464.14 8463.36 8463 8462.83 8462.75 8462.72 8462.7 8462.69 8462.69 8462.69 8462.68 8462.68 8462.68 8462.68 8462.68 8462.68 8462.68 8462.68 8462.68 8462.68 8462.68 8462.68 8462.68 8462.68 8462.68 8462.68 8462.68 8462.68 8462.68 8462.68 8462.68 8462.68 8462.68 8462.68 8462.68 8462.68 8462.68 8462.68 8462.68 8462.68 8462.68 8462.68 8462.68 8462.68 8462.68 8462.68 8462.68 8462.68 8462.68 8462.68 8462.68 8462.68 8462.68 8462.68 8462.68 8462.68 8462.68 8462.68 8462.68 8462.68 8462.68 8462.68 8462.68 8462.68 8462.68 8462.68 8462.68 8462.68 8462.68 8462.68 8462.68 8462.68 8462.68 8462.68 8462.68 8462.68 8462.68 8462.68 8462.68 8462.68 8462.68 8462.68 8462.68 0 0 0 0 0 0 0 0 0 0 0 0 0 0 0 0 0 0 0 0 0 0 0 0 0
#obs catch bio
 13566.4 17468 11884.3 10988.6 19827.6 27365 43486.9 76405.3 106939 127086 129128 137993 206959 194524 157826 170394 220575 174897 165909 149649 170596 181774 227979 193672 206536 178308 240978 194557
#pred cpue bio
 85950.5 78611.9 58581.9 47923.3 67490.6 101001 152593 222290 272453 279823 290058 321937 376027 355955 347250 381942 414241 364337 335884 333693 373596 397490 429792 403658 406477 396114 442668 413541 1.51307e+07 8.87827e+06 6.35956e+06 4.18383e+06 2.71757e+06 1.83864e+06 1.34229e+06 1.06963e+06 920855 839051 793255 766981 751486 742090 736243 732519 730120 728553 727517 726827 726364 726053 725843 725701 725605 725540 725495 725465 725445 725431 725422 725415 725411 725408 725406 725404 725403 725403 725402 725402 725402 725402 725402 725402 725402 725402 725402 725402 725402 725402 725402 725402 725402 725402 725402 725402 725402 725402 725402 725402 725402 725402 725402 725402 725402 725402 725402 725402 725402 725402 725402 725402 725402 725402 725402 725402 725402 725402 725402 725402 725402 725402 725402 725402 725402 725402 725402 725402 725402 725402 725402 725402 725402 725402 725402 725402 725402 725402 725402 725402 0 0 0 0 0 0 0 0 0 0 0 0 0 0 0 0 0 0 0 0 0 0 0 0 0
#obs cpue bio
 63700 86158 38492.2 49359 76286.4 138047 191622 260016 285920 170523 282798 327354 528610 357067 396561 533215 432356 551736 295586 246702 440693 326135 496915 474463 354696 471626 450744 372951
#pred surv len freq
 2.54198e-11 1.19562e-09 3.89407e-08 8.7821e-07 1.37145e-05 0.000148304 0.00111051 0.00575869 0.0206868 0.0515446 0.0895245 0.110476 0.103616 0.0880173 0.0825393 0.0817538 0.0753545 0.0650732 0.0551505 0.0459464 0.0376401 0.030818 0.0248533 0.0184472 0.0115263
 1.48744e-11 6.99622e-10 2.27863e-08 5.13887e-07 8.02512e-06 8.67817e-05 0.000649855 0.0033705 0.0121162 0.0302724 0.0531444 0.0682487 0.0725303 0.0790305 0.0937268 0.103677 0.0997708 0.0885425 0.0767092 0.0644722 0.0518374 0.0400721 0.0296624 0.0202224 0.0118491
 6.84133e-12 3.21784e-10 1.04803e-08 2.36357e-07 3.69108e-06 3.99149e-05 0.000298911 0.00155059 0.00557794 0.0139753 0.0247993 0.0330954 0.039115 0.0504074 0.0693749 0.0886383 0.103138 0.112451 0.113126 0.102777 0.0850958 0.065197 0.0460835 0.0292854 0.0159694
 3.00156e-11 1.41179e-09 4.59811e-08 1.03699e-06 1.61941e-05 0.000175115 0.00131124 0.00679882 0.0244122 0.0607184 0.104716 0.125736 0.106864 0.0685945 0.0412173 0.0336053 0.0393229 0.0512266 0.0632467 0.0697068 0.067184 0.0561938 0.0406596 0.0252145 0.013079
 4.59354e-11 2.16058e-09 7.03687e-08 1.58699e-06 2.47831e-05 0.000267994 0.0020067 0.0104049 0.0373612 0.0929332 0.160327 0.192752 0.16448 0.106282 0.0616069 0.0389802 0.0261284 0.0174761 0.0140913 0.0150319 0.0168048 0.0164599 0.0133143 0.00871597 0.00454856
 3.74004e-11 1.75914e-09 5.72939e-08 1.29212e-06 2.01783e-05 0.000218201 0.00163388 0.00847242 0.0304308 0.0757796 0.131316 0.160626 0.146032 0.114153 0.0940586 0.080829 0.0605673 0.036992 0.0198793 0.0112116 0.00799343 0.00702105 0.00604659 0.00432084 0.00239659
 3.89696e-11 1.83294e-09 5.96978e-08 1.34633e-06 2.10249e-05 0.000227355 0.00170242 0.00882756 0.0317029 0.0789131 0.136512 0.165882 0.147333 0.108214 0.0820799 0.0695835 0.0574687 0.0430903 0.0294432 0.0179403 0.00969722 0.00515534 0.00310392 0.0019865 0.00111474
 3.79737e-11 1.7861e-09 5.81722e-08 1.31193e-06 2.04876e-05 0.000221545 0.00165892 0.00860208 0.0308943 0.0769119 0.133128 0.16214 0.145187 0.109057 0.0853928 0.0730127 0.0588309 0.0426485 0.0294104 0.0195453 0.0118854 0.00636708 0.00305863 0.00140128 0.000624062
 3.60745e-11 1.69677e-09 5.52627e-08 1.24631e-06 1.9463e-05 0.000210465 0.00157596 0.00817198 0.029351 0.0730832 0.126593 0.154616 0.139857 0.108061 0.0884314 0.0781699 0.0641979 0.0471387 0.0326135 0.0215984 0.0132738 0.00735718 0.00359463 0.00152332 0.000560713
 3.49499e-11 1.64388e-09 5.35401e-08 1.20746e-06 1.88563e-05 0.000203904 0.00152683 0.00791729 0.0284367 0.0708117 0.122694 0.150017 0.136232 0.106419 0.088631 0.0796651 0.0666573 0.0502806 0.0358781 0.0243397 0.0151772 0.00849724 0.00419159 0.00177492 0.000628833
 3.68936e-11 1.7353e-09 5.65176e-08 1.27461e-06 1.99049e-05 0.000215244 0.00161174 0.00835741 0.0300156 0.0747246 0.129344 0.157541 0.141113 0.106165 0.0836389 0.0726677 0.0605005 0.0461947 0.0337031 0.0235016 0.0150922 0.00868163 0.0043716 0.00187378 0.000664247
 3.79867e-11 1.78672e-09 5.81922e-08 1.31238e-06 2.04947e-05 0.000221621 0.00165949 0.008605 0.0309045 0.0769336 0.133142 0.162046 0.144748 0.107996 0.0837384 0.0713249 0.0578011 0.0424966 0.029942 0.0206149 0.0133828 0.00788862 0.00408594 0.00179636 0.000648741
 3.83952e-11 1.80593e-09 5.88179e-08 1.32649e-06 2.07151e-05 0.000224004 0.00167733 0.00869752 0.0312367 0.07776 0.134568 0.163759 0.146204 0.108914 0.0841952 0.0714169 0.0574578 0.0416114 0.0285605 0.019012 0.0119611 0.00692896 0.00359534 0.00160643 0.000592877
 3.90536e-11 1.8369e-09 5.98265e-08 1.34924e-06 2.10703e-05 0.000227845 0.00170609 0.00884665 0.031772 0.07909 0.136852 0.166455 0.14834 0.109911 0.084151 0.0706692 0.0562155 0.040016 0.0268405 0.0174166 0.0106488 0.00597946 0.00302013 0.00132921 0.000489984
 3.90713e-11 1.83773e-09 5.98537e-08 1.34985e-06 2.10798e-05 0.000227949 0.00170687 0.00885067 0.0317866 0.0791275 0.136925 0.166584 0.148583 0.110357 0.0847967 0.0713143 0.0565843 0.0399831 0.0264726 0.0168646 0.0100679 0.005492 0.00268856 0.00114935 0.000414304
 3.82327e-11 1.79828e-09 5.85689e-08 1.32087e-06 2.06274e-05 0.000223056 0.00167023 0.00866075 0.0311051 0.0774368 0.134039 0.16326 0.146225 0.109905 0.0861202 0.0735821 0.0589974 0.0421204 0.0281363 0.0179498 0.0106208 0.0056884 0.00271499 0.0011274 0.000394797
 3.76948e-11 1.77298e-09 5.77449e-08 1.30229e-06 2.03372e-05 0.000219918 0.00164674 0.00853892 0.0306678 0.0763503 0.132174 0.161061 0.144492 0.109123 0.0862246 0.0743149 0.0602015 0.0436568 0.0297324 0.0192915 0.0115384 0.0061968 0.00293685 0.00119969 0.000410641
 3.6448e-11 1.71434e-09 5.58349e-08 1.25922e-06 1.96645e-05 0.000212644 0.00159227 0.00825658 0.0296547 0.0738384 0.127894 0.156169 0.141144 0.108789 0.0886312 0.0779085 0.063466 0.0460404 0.0314326 0.0205783 0.012492 0.00681707 0.00326791 0.00133922 0.000455819
 3.72292e-11 1.75108e-09 5.70317e-08 1.28621e-06 2.0086e-05 0.000217201 0.0016264 0.00843345 0.030289 0.0754076 0.130544 0.159083 0.142749 0.107903 0.0854945 0.0741583 0.0608642 0.0451322 0.0316031 0.0210579 0.0129176 0.00711894 0.00345414 0.00143311 0.000492157
 3.84593e-11 1.80894e-09 5.89161e-08 1.3287e-06 2.07496e-05 0.000224378 0.00168013 0.00871203 0.0312887 0.0778882 0.134782 0.163983 0.146288 0.108737 0.0837907 0.0710021 0.057292 0.0417942 0.0289681 0.0193902 0.0120968 0.00680124 0.00335667 0.0014117 0.000490435
 3.77493e-11 1.77555e-09 5.78285e-08 1.30418e-06 2.03666e-05 0.000220236 0.00164912 0.00855128 0.0307121 0.0764606 0.132364 0.161287 0.144674 0.109203 0.0861616 0.074036 0.0596492 0.0429503 0.029189 0.0191746 0.0118258 0.00664525 0.0033121 0.00141454 0.000499251
 3.76815e-11 1.77236e-09 5.77245e-08 1.30183e-06 2.033e-05 0.00021984 0.00164615 0.0085359 0.0306568 0.076322 0.132118 0.16096 0.144295 0.108757 0.0856929 0.0737846 0.0598932 0.0436551 0.0299717 0.0196771 0.0119947 0.00663672 0.00327188 0.00139434 0.000495021
 3.85461e-11 1.81302e-09 5.9049e-08 1.3317e-06 2.07965e-05 0.000224884 0.00168392 0.00873169 0.0313593 0.0780638 0.135085 0.164347 0.146598 0.108939 0.0839128 0.0710897 0.057343 0.0417467 0.0287466 0.0190017 0.0116631 0.00646364 0.00316869 0.00133793 0.000471481
 3.81874e-11 1.79615e-09 5.84996e-08 1.31931e-06 2.0603e-05 0.000222792 0.00166826 0.0086505 0.0310683 0.0773454 0.133882 0.163073 0.146068 0.109803 0.0860243 0.073399 0.0586816 0.0417889 0.0280342 0.0182108 0.0111168 0.00617198 0.00303562 0.00128257 0.000450601
 3.66756e-11 1.72504e-09 5.61836e-08 1.26708e-06 1.97873e-05 0.000213972 0.00160222 0.00830813 0.0298397 0.0742974 0.128678 0.157075 0.141797 0.108947 0.0883539 0.0774493 0.0630348 0.0456501 0.0309856 0.0200742 0.0120676 0.00658372 0.00320182 0.0013472 0.000473011
 3.76356e-11 1.7702e-09 5.76543e-08 1.30025e-06 2.03052e-05 0.000219573 0.00164415 0.00852549 0.0306192 0.0762268 0.131942 0.16069 0.143881 0.1081 0.0848352 0.0730859 0.0598057 0.0442734 0.0309497 0.0205677 0.0125559 0.00687447 0.00332071 0.00138143 0.000480179
 3.87835e-11 1.82419e-09 5.94128e-08 1.33991e-06 2.09246e-05 0.00022627 0.00169429 0.00878545 0.0315521 0.0785418 0.135897 0.165265 0.147189 0.108891 0.0832596 0.0701427 0.0564454 0.0411041 0.0284384 0.0189993 0.0118252 0.00662675 0.00325684 0.00136453 0.000473547
 3.8305e-11 1.80169e-09 5.86797e-08 1.32337e-06 2.06664e-05 0.000223478 0.00167339 0.00867713 0.0311639 0.0775831 0.134291 0.163561 0.146469 0.110022 0.0860658 0.0732767 0.0583822 0.0413438 0.0275638 0.0178521 0.0109275 0.00611535 0.00303805 0.0012932 0.000454996
#obs surv len freq
 2.55278e-11 1.2007e-09 3.91062e-08 8.81943e-07 1.37728e-05 0.000148934 0.00111522 0.00578304 0.020773 0.0517461 0.0897842 0.110376 0.102205 0.0842824 0.0768298 0.0767185 0.0743169 0.0691756 0.0627118 0.0540869 0.0436993 0.0329527 0.0227169 0.0137029 0.00685973
 5.18397e-12 2.43829e-10 7.94136e-09 1.79099e-07 2.79693e-06 3.02468e-05 0.000226546 0.00117594 0.00424079 0.0107292 0.0197454 0.0295926 0.0444251 0.0716689 0.10481 0.123012 0.118462 0.104492 0.092518 0.0818929 0.0691475 0.0536557 0.0371177 0.0221306 0.0109235
 1.67482e-14 7.87773e-13 2.56594e-11 5.78873e-10 9.05166e-09 9.83848e-08 7.51691e-07 4.20663e-06 1.95183e-05 9.22808e-05 0.000460876 0.00201441 0.00676838 0.0172741 0.0355196 0.0634633 0.10036 0.134783 0.149942 0.142325 0.121752 0.0960104 0.0678903 0.041036 0.020283
 5.29423e-11 2.49015e-09 8.11026e-08 1.82907e-06 2.85635e-05 0.000308872 0.00231277 0.0119915 0.0430525 0.107031 0.184251 0.219633 0.1813 0.103697 0.0413713 0.0124649 0.00536389 0.00706218 0.0114423 0.0154 0.0167531 0.0149765 0.0111724 0.00691919 0.00346582
 3.33952e-11 1.57075e-09 5.11583e-08 1.15375e-06 1.80175e-05 0.000194834 0.00145894 0.00756565 0.0271799 0.0677414 0.117779 0.145911 0.13852 0.120225 0.112123 0.101022 0.0723423 0.0379203 0.0154754 0.00750392 0.00682103 0.00723418 0.00634258 0.0043345 0.00228453
 4.11326e-11 1.93468e-09 6.30113e-08 1.42106e-06 2.21919e-05 0.000239974 0.0017969 0.00931731 0.0334595 0.0832605 0.143865 0.174032 0.152054 0.106429 0.07462 0.060981 0.0523028 0.0420797 0.0299046 0.0175981 0.00857021 0.00416498 0.00257718 0.00174054 0.000983435
 3.93409e-11 1.85041e-09 6.02665e-08 1.35916e-06 2.12253e-05 0.000229521 0.00171864 0.00891172 0.032006 0.0796729 0.137867 0.167717 0.149544 0.110914 0.0848259 0.0705763 0.0549757 0.0381479 0.0255113 0.0170368 0.0105331 0.00559068 0.00257277 0.00112882 0.000497128
 3.87677e-11 1.82344e-09 5.93884e-08 1.33936e-06 2.0916e-05 0.000226177 0.0016936 0.00878188 0.0315397 0.0785133 0.135867 0.165318 0.147528 0.109755 0.0846638 0.07168 0.0574994 0.0412374 0.0276033 0.0175947 0.0104678 0.00569383 0.00275348 0.00114913 0.000412508
 3.59165e-11 1.68934e-09 5.50206e-08 1.24085e-06 1.93777e-05 0.000209543 0.00156905 0.00813621 0.029223 0.0727671 0.126067 0.154071 0.139677 0.108565 0.0895682 0.0794496 0.0650639 0.0474028 0.0324241 0.0211403 0.0127022 0.00685453 0.00327109 0.00134975 0.000468603
 3.4336e-11 1.615e-09 5.25995e-08 1.18625e-06 1.8525e-05 0.000200322 0.00150001 0.00777825 0.0279379 0.0695735 0.120577 0.147566 0.134447 0.105962 0.089428 0.08121 0.0684768 0.0520591 0.0373393 0.0252828 0.0156089 0.00859188 0.00414478 0.00170962 0.000586589
 3.65712e-11 1.72013e-09 5.60235e-08 1.26347e-06 1.97309e-05 0.000213362 0.00159765 0.00828436 0.0297535 0.074072 0.128217 0.156184 0.139948 0.105414 0.0832759 0.0727015 0.0610471 0.0472484 0.0350069 0.0247051 0.0159616 0.00917121 0.00457672 0.00193044 0.000669671
 3.74025e-11 1.75923e-09 5.72971e-08 1.29219e-06 2.01795e-05 0.000218212 0.00163396 0.00847267 0.0304297 0.0757542 0.131121 0.159681 0.142942 0.107308 0.0840639 0.0722334 0.0589623 0.0437837 0.0312836 0.0218859 0.0144302 0.00861079 0.00448726 0.00197025 0.000705703
 3.85248e-11 1.81202e-09 5.90163e-08 1.33097e-06 2.0785e-05 0.00022476 0.00168299 0.00872686 0.031342 0.07802 0.135006 0.164235 0.146448 0.108714 0.0835762 0.0706463 0.0568409 0.041289 0.0285137 0.0191655 0.0122211 0.00719267 0.00378805 0.00171064 0.00063441
 3.9336e-11 1.85017e-09 6.02589e-08 1.35899e-06 2.12226e-05 0.000229492 0.00171843 0.00891056 0.0320014 0.0796577 0.137813 0.167527 0.148983 0.109728 0.0832103 0.0694605 0.0552599 0.0395066 0.0266713 0.0174272 0.0107408 0.00609649 0.00312144 0.0013937 0.000520207
 3.83188e-11 1.80233e-09 5.87008e-08 1.32385e-06 2.06738e-05 0.000223558 0.001674 0.00868025 0.0311752 0.077611 0.134339 0.16362 0.146525 0.110074 0.0861376 0.0734073 0.058583 0.0415421 0.0276187 0.0176891 0.0106313 0.00584785 0.00289182 0.00125084 0.000456613
 3.88218e-11 1.82599e-09 5.94713e-08 1.34123e-06 2.09452e-05 0.000226493 0.00169597 0.00879414 0.0315836 0.0786212 0.136044 0.16549 0.147539 0.109465 0.0840872 0.0710395 0.0570986 0.0412564 0.027986 0.0180728 0.0107807 0.00581392 0.00279639 0.00117183 0.000414607
 3.73228e-11 1.75548e-09 5.71749e-08 1.28944e-06 2.01364e-05 0.000217747 0.00163049 0.00845468 0.0303658 0.0756028 0.130911 0.159666 0.143703 0.109485 0.0876056 0.0759282 0.0612245 0.0438962 0.0295837 0.0191725 0.011562 0.00628484 0.0030126 0.00124254 0.000429097
 3.61573e-11 1.70066e-09 5.53895e-08 1.24917e-06 1.95076e-05 0.000210948 0.00157957 0.00819072 0.0294183 0.0732492 0.126873 0.154918 0.140007 0.107929 0.0880719 0.0778327 0.0641403 0.0473706 0.0328859 0.0216686 0.0131289 0.00715218 0.00344099 0.00142195 0.000488865
 3.91084e-11 1.83947e-09 5.99104e-08 1.35113e-06 2.10998e-05 0.000228165 0.00170848 0.00885899 0.0318158 0.0791921 0.136983 0.166404 0.147622 0.108003 0.0812017 0.0679448 0.0552539 0.0412107 0.0292542 0.0198232 0.0123532 0.00688334 0.00335807 0.00139728 0.000481701
 3.68703e-11 1.7342e-09 5.64818e-08 1.27381e-06 1.98923e-05 0.000215108 0.00161072 0.00835222 0.0299982 0.0746919 0.129362 0.157911 0.142553 0.109494 0.0886124 0.0771798 0.0619977 0.0440966 0.0296715 0.0195565 0.0122293 0.00696105 0.00348456 0.00148238 0.000519023
 3.77184e-11 1.77409e-09 5.7781e-08 1.30311e-06 2.03499e-05 0.000220055 0.00164776 0.00854422 0.0306865 0.0763927 0.132219 0.160986 0.144012 0.107925 0.0844047 0.0726592 0.0596318 0.0443281 0.0309987 0.0204999 0.0124864 0.00691293 0.0034277 0.00147117 0.000524237
 3.75965e-11 1.76836e-09 5.75943e-08 1.2989e-06 2.02842e-05 0.000219345 0.00164244 0.00851665 0.0305878 0.0761501 0.131821 0.1606 0.14398 0.108528 0.0855016 0.0735672 0.0596643 0.0435652 0.0302106 0.0202347 0.0126141 0.00707665 0.00349363 0.00148143 0.000524174
 3.99183e-11 1.87756e-09 6.1151e-08 1.37911e-06 2.15368e-05 0.00023289 0.00174386 0.00904241 0.0324742 0.0808279 0.139792 0.169714 0.150226 0.10917 0.081026 0.0668133 0.0533996 0.0388405 0.0267953 0.0177873 0.011018 0.00619775 0.00308903 0.0013204 0.0004679
 3.64604e-11 1.71492e-09 5.58539e-08 1.25965e-06 1.96712e-05 0.000212716 0.00159282 0.00825942 0.0296655 0.073869 0.127975 0.156397 0.141759 0.110077 0.0904738 0.0794585 0.0637183 0.0448406 0.0295886 0.0190072 0.0115726 0.0064518 0.00320262 0.00136993 0.000487384
 3.60551e-11 1.69586e-09 5.5233e-08 1.24564e-06 1.94525e-05 0.000210352 0.00157511 0.00816756 0.0293349 0.0730397 0.126496 0.154396 0.13934 0.107041 0.0870431 0.0771549 0.0643809 0.0484942 0.0342138 0.0225907 0.0135715 0.00734566 0.00355537 0.00149867 0.000529881
 3.8048e-11 1.7896e-09 5.8286e-08 1.3145e-06 2.05277e-05 0.000221979 0.00166216 0.00861886 0.0309541 0.0770547 0.133336 0.162209 0.144661 0.107465 0.0828617 0.0706182 0.057841 0.043336 0.0310277 0.0213116 0.0134631 0.00756254 0.00369717 0.0015411 0.000535303
 3.92754e-11 1.84733e-09 6.01663e-08 1.3569e-06 2.119e-05 0.000229139 0.00171578 0.00889685 0.0319521 0.0795343 0.137596 0.167242 0.148663 0.109353 0.0827569 0.0690062 0.0549652 0.0395205 0.0270639 0.018115 0.0114705 0.00660914 0.00334624 0.001436 0.000505889
 3.70343e-11 1.74192e-09 5.67331e-08 1.27947e-06 1.99808e-05 0.000216065 0.00161789 0.00838937 0.0301316 0.0750227 0.129927 0.158565 0.143028 0.109627 0.0884797 0.0770231 0.061992 0.0441398 0.0294792 0.019029 0.011596 0.00650419 0.00327456 0.0014243 0.000513054
#pred catch len freq
 2.36509e-11 1.11242e-09 3.62309e-08 8.17098e-07 1.27602e-05 0.000137984 0.00103324 0.0053581 0.0192493 0.0479776 0.08343 0.103431 0.0985239 0.0867781 0.0847983 0.0857272 0.0794015 0.0685207 0.0579787 0.0482527 0.0395106 0.032343 0.0260813 0.0193582 0.0120954
 1.3603e-11 6.39822e-10 2.08386e-08 4.69963e-07 7.33918e-06 7.93642e-05 0.000594317 0.00308257 0.011083 0.0277088 0.0487661 0.0631947 0.0689031 0.0782141 0.0954665 0.106657 0.10277 0.0910682 0.078764 0.0661334 0.0531494 0.0410786 0.0304051 0.0207282 0.0121454
 6.15211e-12 2.89366e-10 9.42446e-09 2.12545e-07 3.31923e-06 3.58939e-05 0.000268804 0.0013945 0.00501775 0.0125847 0.0224197 0.0303267 0.0370546 0.0497548 0.0700031 0.089956 0.104636 0.113907 0.114462 0.103931 0.0860267 0.0659008 0.046578 0.0295988 0.0161402
 2.8349e-11 1.3334e-09 4.3428e-08 9.79408e-07 1.52949e-05 0.000165392 0.00123843 0.00642134 0.0230572 0.0573515 0.0989321 0.118903 0.101427 0.0659803 0.0410892 0.0349642 0.0415692 0.0542338 0.0669269 0.0737386 0.0710585 0.0594301 0.0429997 0.0266653 0.0138314
 4.4841e-11 2.10911e-09 6.86922e-08 1.54918e-06 2.41927e-05 0.000261609 0.00195889 0.010157 0.0364719 0.090727 0.156561 0.188415 0.161399 0.105656 0.0631665 0.0414438 0.028305 0.0190115 0.0153037 0.0162969 0.0182094 0.0178336 0.0144251 0.00944309 0.004928
 3.58708e-11 1.68719e-09 5.49507e-08 1.23928e-06 1.93531e-05 0.000209277 0.00156707 0.00812605 0.0291883 0.0727 0.126079 0.15469 0.142138 0.114221 0.0977338 0.0859303 0.0648695 0.0396584 0.021281 0.0119756 0.00852494 0.0074838 0.00644432 0.00460494 0.00255416
 3.75347e-11 1.76545e-09 5.74996e-08 1.29676e-06 2.02508e-05 0.000218984 0.00163974 0.00850262 0.0305371 0.0760222 0.131586 0.160254 0.143488 0.107859 0.0849404 0.0739338 0.0615848 0.0462024 0.0315254 0.0191861 0.0103635 0.00550728 0.00331503 0.00212142 0.00119042
 3.66418e-11 1.72346e-09 5.61319e-08 1.26591e-06 1.97691e-05 0.000213775 0.00160074 0.00830048 0.0298122 0.0742289 0.128559 0.156928 0.141657 0.10881 0.0881521 0.0770968 0.0625675 0.0453685 0.0312331 0.0207267 0.0125945 0.00674481 0.00323961 0.00148408 0.000660915
 3.48397e-11 1.63869e-09 5.33712e-08 1.20365e-06 1.87968e-05 0.000203261 0.00152202 0.00789237 0.0283478 0.0705958 0.122357 0.149782 0.136577 0.107817 0.0909703 0.0819458 0.0676712 0.0496795 0.0343122 0.0226913 0.0139352 0.00772124 0.00377195 0.00159835 0.000588315
 3.37105e-11 1.58558e-09 5.16414e-08 1.16464e-06 1.81876e-05 0.000196673 0.00147269 0.00763662 0.0274297 0.0683147 0.118439 0.145156 0.132912 0.106111 0.0910861 0.0833693 0.0701126 0.0528677 0.0376591 0.0255141 0.0158987 0.00889845 0.00438889 0.00185834 0.00065837
 3.56784e-11 1.67814e-09 5.4656e-08 1.23263e-06 1.92493e-05 0.000208154 0.00155865 0.00808222 0.0290283 0.0722761 0.125171 0.152768 0.137834 0.10581 0.0859636 0.0762174 0.0638441 0.048741 0.0355013 0.0247236 0.0158668 0.00912455 0.00459404 0.00196901 0.000697987
 3.67798e-11 1.72995e-09 5.63432e-08 1.27068e-06 1.98435e-05 0.00021458 0.00160677 0.00833169 0.0299239 0.0745021 0.129 0.157316 0.141526 0.10772 0.0861587 0.0749441 0.0611364 0.0449522 0.0316177 0.0217378 0.0141016 0.00830981 0.00430354 0.00189193 0.000683236
 3.74715e-11 1.76248e-09 5.74029e-08 1.29458e-06 2.02167e-05 0.000218615 0.00163698 0.00848835 0.0304862 0.0758993 0.131399 0.160145 0.143761 0.108754 0.0861259 0.0742643 0.0600502 0.0434774 0.0297884 0.0198004 0.0124476 0.0072084 0.0037398 0.00167087 0.000616646
 3.81328e-11 1.79358e-09 5.84159e-08 1.31742e-06 2.05735e-05 0.000222473 0.00166587 0.00863812 0.0310239 0.0772352 0.133694 0.162858 0.14592 0.109786 0.0861274 0.0735577 0.0588238 0.0418665 0.0280323 0.0181625 0.011096 0.00622836 0.00314536 0.00138424 0.000510253
 3.79973e-11 1.78721e-09 5.82084e-08 1.31274e-06 2.05004e-05 0.000221683 0.00165995 0.00860746 0.030914 0.0769643 0.133243 0.16239 0.145765 0.110222 0.0871195 0.0747033 0.0596426 0.0421487 0.0278588 0.0177209 0.0105704 0.005764 0.00282126 0.00120599 0.000434707
 3.71173e-11 1.74582e-09 5.68603e-08 1.28234e-06 2.00256e-05 0.000216549 0.00162151 0.00840818 0.0301989 0.0751903 0.130215 0.158903 0.143291 0.10975 0.0885117 0.077086 0.0621756 0.0443898 0.0296016 0.0188568 0.0111486 0.00596892 0.0028484 0.00118272 0.000414153
 3.67494e-11 1.72851e-09 5.62966e-08 1.26963e-06 1.98271e-05 0.000214402 0.00160544 0.00832483 0.0298996 0.074446 0.128932 0.157365 0.141999 0.108977 0.0882291 0.0772639 0.0628874 0.045589 0.0309937 0.020081 0.0120015 0.00644331 0.0030532 0.00124712 0.000426863
 3.54229e-11 1.66613e-09 5.42647e-08 1.2238e-06 1.91115e-05 0.000206664 0.0015475 0.00802446 0.028822 0.0717737 0.124378 0.152162 0.138439 0.108627 0.0907987 0.0810972 0.0663677 0.0481268 0.0327983 0.0214412 0.013006 0.00709515 0.0034007 0.00139354 0.000474293
 3.61845e-11 1.70194e-09 5.54313e-08 1.25011e-06 1.95223e-05 0.000211107 0.00158076 0.00819688 0.0294402 0.073303 0.126959 0.154991 0.139968 0.107683 0.0876236 0.0773372 0.0638009 0.0472958 0.033061 0.0219992 0.0134855 0.0074295 0.00360429 0.00149531 0.000513502
 3.73104e-11 1.7549e-09 5.7156e-08 1.28901e-06 2.01298e-05 0.000217675 0.00162994 0.00845186 0.0303552 0.0755738 0.13084 0.159485 0.143236 0.108509 0.086149 0.0745062 0.0605089 0.044144 0.0305446 0.0204164 0.0127276 0.0071536 0.00353007 0.00148453 0.000515724
 3.66278e-11 1.72279e-09 5.61103e-08 1.26543e-06 1.97615e-05 0.000213693 0.00160013 0.0082973 0.0298009 0.0742014 0.128517 0.156901 0.141711 0.109018 0.0885209 0.0775103 0.0628109 0.0452239 0.0306807 0.0201249 0.0124022 0.0069668 0.00347185 0.00148267 0.000523282
 3.65657e-11 1.71988e-09 5.60153e-08 1.26328e-06 1.9728e-05 0.000213331 0.00159742 0.00828323 0.0297503 0.0740744 0.12829 0.156594 0.141339 0.108552 0.08801 0.0772182 0.0630409 0.0459445 0.0314895 0.0206442 0.0125748 0.00695536 0.00342844 0.00146096 0.000518658
 3.76124e-11 1.76911e-09 5.76187e-08 1.29945e-06 2.02927e-05 0.000219437 0.00164314 0.00852026 0.0306007 0.0761831 0.131882 0.160695 0.144128 0.108775 0.0858625 0.0739706 0.0599752 0.0436522 0.0300062 0.0198059 0.0121477 0.00672997 0.00329876 0.00139275 0.000490787
 3.71207e-11 1.74598e-09 5.68654e-08 1.28246e-06 2.00274e-05 0.000216568 0.00162166 0.00840893 0.0302016 0.0751966 0.130224 0.158905 0.143263 0.109654 0.0883078 0.0767398 0.061702 0.0439372 0.0294238 0.0190846 0.0116409 0.00646071 0.00317714 0.00134227 0.000471563
 3.561e-11 1.67493e-09 5.45513e-08 1.23027e-06 1.92124e-05 0.000207755 0.00155567 0.00806683 0.028974 0.072151 0.125023 0.152909 0.138985 0.108779 0.0906087 0.0807684 0.0660585 0.0478254 0.0324052 0.0209635 0.0125926 0.00686771 0.00333941 0.00140499 0.000493285
 3.64851e-11 1.71608e-09 5.58917e-08 1.2605e-06 1.96845e-05 0.00021286 0.00159389 0.00826495 0.0296844 0.073909 0.127993 0.156183 0.140816 0.107852 0.0871714 0.0765798 0.0630394 0.0466632 0.0325653 0.0216118 0.013184 0.007216 0.00348517 0.00144974 0.000503909
 3.7868e-11 1.78113e-09 5.80102e-08 1.30827e-06 2.04306e-05 0.000220928 0.0016543 0.00857813 0.0308083 0.0766975 0.132756 0.161682 0.144765 0.108726 0.0851643 0.0729583 0.059017 0.0429666 0.0296745 0.0197966 0.0123124 0.00689754 0.00338944 0.00142 0.000492782
 3.72242e-11 1.75085e-09 5.70241e-08 1.28603e-06 2.00833e-05 0.000217173 0.00162618 0.00843239 0.0302858 0.0754062 0.130585 0.159339 0.143631 0.109879 0.0883914 0.0766714 0.0614433 0.0435112 0.0289581 0.0187265 0.0114534 0.00640735 0.00318263 0.00135465 0.000476605
#obs catch len freq
 2.16817e-11 1.0198e-09 3.32143e-08 7.49067e-07 1.16978e-05 0.000126496 0.00094722 0.00491216 0.0176492 0.0440083 0.0766566 0.0956412 0.0930401 0.0858686 0.0882582 0.091772 0.0863314 0.0754011 0.0642762 0.0535468 0.0431878 0.033259 0.0234798 0.0143755 0.00724986
 2.43932e-11 1.14734e-09 3.73681e-08 8.42746e-07 1.31607e-05 0.000142315 0.00106566 0.00552609 0.0198509 0.0494573 0.0858698 0.105832 0.0988562 0.0833039 0.0780082 0.079027 0.0768513 0.0715513 0.0648368 0.0558999 0.0451538 0.0340448 0.0234677 0.0141551 0.00708594
 4.81614e-12 2.26528e-10 7.37788e-09 1.66391e-07 2.59848e-06 2.81009e-05 0.000210478 0.00109264 0.00394189 0.00998768 0.0184796 0.0281346 0.0433891 0.0714622 0.105357 0.123911 0.119339 0.105204 0.0930875 0.0823618 0.0695271 0.0539433 0.0373138 0.0222466 0.0109805
 1.56116e-14 7.34311e-13 2.39182e-11 5.39605e-10 8.43847e-09 9.17554e-08 7.02091e-07 3.95029e-06 1.86097e-05 9.01388e-05 0.000457986 0.00201475 0.00678106 0.0173097 0.0355786 0.0635294 0.100411 0.134804 0.149932 0.142288 0.121699 0.0959569 0.0678472 0.0410083 0.0202688
 5.26019e-11 2.47414e-09 8.05811e-08 1.81731e-06 2.83798e-05 0.000306886 0.0022979 0.0119144 0.0427756 0.106343 0.183066 0.218221 0.180135 0.103036 0.0411309 0.0124713 0.00555683 0.00749329 0.0121697 0.01638 0.0178183 0.015928 0.0118817 0.00735823 0.00368566
 3.241e-11 1.52441e-09 4.9649e-08 1.11971e-06 1.74859e-05 0.000189087 0.0014159 0.00734256 0.0263797 0.0657587 0.114413 0.142118 0.13611 0.120483 0.114797 0.104556 0.0751311 0.0394164 0.0160836 0.0077882 0.0070707 0.00749691 0.00657263 0.00449164 0.00236732
 4.03113e-11 1.89605e-09 6.1753e-08 1.39269e-06 2.17488e-05 0.000235182 0.00176102 0.0091313 0.0327921 0.081605 0.141041 0.17079 0.14979 0.10609 0.0760691 0.0633399 0.054699 0.0440554 0.0313007 0.0184141 0.00896544 0.0043557 0.00269439 0.00181947 0.001028
 3.85547e-11 1.81343e-09 5.90621e-08 1.332e-06 2.08011e-05 0.000224934 0.0016843 0.00873368 0.0313672 0.0780894 0.135171 0.164646 0.14748 0.11081 0.0865121 0.073028 0.0571727 0.0397019 0.0265349 0.0177088 0.0109445 0.00580799 0.00267245 0.00117244 0.000516297
 3.79389e-11 1.78447e-09 5.81188e-08 1.31073e-06 2.04689e-05 0.000221342 0.0016574 0.00859421 0.0308664 0.0768439 0.133024 0.162075 0.14533 0.109599 0.0863824 0.0742344 0.0598515 0.0429556 0.0287392 0.0183083 0.0108883 0.00592117 0.00286303 0.00119475 0.000428862
 3.51857e-11 1.65497e-09 5.39012e-08 1.21561e-06 1.89835e-05 0.00020528 0.00153714 0.00797074 0.0286293 0.0712951 0.123559 0.15121 0.137736 0.108421 0.091071 0.0816871 0.0671267 0.0489173 0.0334382 0.0217882 0.0130866 0.00706038 0.00336886 0.00138998 0.000482542
 3.35982e-11 1.5803e-09 5.14693e-08 1.16076e-06 1.8127e-05 0.000196018 0.00146779 0.00761118 0.0273385 0.068087 0.118044 0.144669 0.132459 0.105753 0.0908518 0.0833844 0.0705311 0.0536267 0.0384385 0.0260123 0.0160538 0.00883492 0.00426147 0.00175761 0.000603026
 3.57781e-11 1.68283e-09 5.48086e-08 1.23607e-06 1.93031e-05 0.000208735 0.001563 0.00810477 0.0291091 0.0724739 0.125493 0.153062 0.137787 0.105135 0.0847234 0.074955 0.0632085 0.0489407 0.0362396 0.0255616 0.0165096 0.00948431 0.00473242 0.00199597 0.000692373
 3.68237e-11 1.73201e-09 5.64104e-08 1.2722e-06 1.98672e-05 0.000214836 0.00160868 0.00834161 0.0299594 0.0745881 0.129134 0.15741 0.141389 0.107159 0.0851985 0.0739439 0.0605503 0.0449677 0.0321057 0.0224463 0.0147941 0.0088261 0.00459893 0.00201915 0.000723186
 3.79616e-11 1.78553e-09 5.81536e-08 1.31151e-06 2.04811e-05 0.000221475 0.00165839 0.00859932 0.0308844 0.0768855 0.133073 0.16203 0.144949 0.108595 0.0847218 0.0723529 0.0584097 0.0424365 0.029285 0.0196708 0.0125382 0.0073776 0.00388494 0.00175426 0.000650562
 3.87755e-11 1.82381e-09 5.94003e-08 1.33963e-06 2.09202e-05 0.000226223 0.00169394 0.00878365 0.031546 0.0785286 0.135891 0.165335 0.1475 0.10963 0.0843821 0.0711906 0.0568383 0.0406459 0.0274213 0.0179051 0.0110307 0.00625957 0.00320449 0.00143066 0.00053398
 3.77426e-11 1.77523e-09 5.7818e-08 1.30394e-06 2.03629e-05 0.000220197 0.00164882 0.00854976 0.0307071 0.0764503 0.132363 0.161368 0.145008 0.10999 0.0873675 0.0752108 0.0602189 0.0427108 0.0283755 0.0181613 0.0109104 0.00599996 0.00296661 0.00128308 0.000468358
 3.82554e-11 1.79935e-09 5.86036e-08 1.32166e-06 2.06396e-05 0.000223188 0.00167122 0.00866586 0.0311234 0.0774802 0.134101 0.163273 0.146039 0.109363 0.0852676 0.0727889 0.0587045 0.0424259 0.0287594 0.0185602 0.011067 0.0059669 0.00286955 0.00120238 0.000425394
 3.66928e-11 1.72585e-09 5.62098e-08 1.26767e-06 1.97966e-05 0.000214072 0.00160297 0.00831203 0.029854 0.0743338 0.12875 0.157203 0.142039 0.109381 0.0889308 0.0778824 0.0630075 0.0451836 0.0304302 0.019708 0.0118802 0.0064563 0.00309436 0.00127616 0.000440683
 3.55616e-11 1.67265e-09 5.4477e-08 1.22859e-06 1.91863e-05 0.000207472 0.00155355 0.00805582 0.0289343 0.0720492 0.124828 0.152585 0.13842 0.107802 0.0892831 0.0796448 0.0658191 0.048612 0.0337233 0.0222063 0.0134495 0.00732519 0.00352374 0.00145603 0.000500554
 3.85061e-11 1.81114e-09 5.89878e-08 1.33032e-06 2.07749e-05 0.000224651 0.00168218 0.00872261 0.0313265 0.0779787 0.134916 0.164041 0.146005 0.107846 0.0823832 0.0697344 0.0569299 0.0424738 0.0301309 0.020405 0.0127112 0.00708129 0.0034542 0.00143717 0.000495428
 3.61875e-11 1.70208e-09 5.54358e-08 1.25022e-06 1.95239e-05 0.000211124 0.00158089 0.0081976 0.0294435 0.0733165 0.12702 0.155241 0.14075 0.109381 0.0900479 0.0792912 0.0639147 0.0454719 0.0305758 0.0201389 0.0125884 0.00716384 0.00358562 0.00152525 0.000534012
 3.70585e-11 1.74305e-09 5.67701e-08 1.28031e-06 1.99939e-05 0.000216205 0.00161894 0.00839478 0.0301503 0.0750632 0.129954 0.158398 0.142244 0.107762 0.085715 0.0746389 0.0614837 0.0457174 0.0319497 0.0211164 0.0128572 0.00711658 0.00352819 0.00151417 0.000539535
 3.69833e-11 1.73952e-09 5.66549e-08 1.27771e-06 1.99533e-05 0.000215767 0.00161566 0.00837778 0.0300896 0.0749146 0.129716 0.158198 0.142347 0.108398 0.0867492 0.0754276 0.0613786 0.0448254 0.0310625 0.0207918 0.0129564 0.0072671 0.00358718 0.00152098 0.000538142
 3.93364e-11 1.85019e-09 6.02596e-08 1.35901e-06 2.12228e-05 0.000229495 0.00171844 0.00891064 0.0320015 0.0796556 0.137795 0.167434 0.148676 0.109045 0.0822081 0.0685789 0.0550301 0.0400413 0.0276055 0.0183134 0.0113395 0.00637714 0.00317801 0.00135832 0.000481318
 3.57454e-11 1.68129e-09 5.47585e-08 1.23494e-06 1.92854e-05 0.000208545 0.00156158 0.0080975 0.0290846 0.0724287 0.125522 0.153604 0.13988 0.109979 0.0920069 0.0816997 0.0657428 0.0462783 0.0305168 0.0195903 0.0119226 0.0066454 0.00329827 0.00141073 0.000501877
 3.54062e-11 1.66534e-09 5.42389e-08 1.22322e-06 1.91024e-05 0.000206566 0.00154676 0.00802061 0.0288077 0.0717322 0.124268 0.15185 0.137598 0.106874 0.0883221 0.0790959 0.0662065 0.0498745 0.0351641 0.0232047 0.0139353 0.00754087 0.00364933 0.00153814 0.000543809
 3.74711e-11 1.76246e-09 5.74021e-08 1.29456e-06 2.02165e-05 0.000218613 0.00163696 0.0084882 0.0304854 0.0758922 0.131355 0.159944 0.143112 0.107313 0.0839903 0.0723273 0.0594394 0.0445402 0.0318672 0.0218747 0.0138137 0.00775792 0.00379221 0.0015806 0.000548994
 3.86507e-11 1.81794e-09 5.92092e-08 1.33532e-06 2.08529e-05 0.000225495 0.00168849 0.00875538 0.0314445 0.0782758 0.135452 0.164796 0.147004 0.109229 0.0840389 0.0709092 0.0567086 0.0407901 0.0279148 0.0186723 0.0118187 0.00680824 0.00344661 0.00147896 0.000521002
#spawning biomass
 73837.7 72776.4 56881 41057.5 40733.6 68867.7 101746 151047 192574 202833 203791 220191 253768 235556 228972 256768 282525 254970 232505 224888 254838 271841 288685 272110 283030 271812 296089 277881 296422 400915 280877 175663 107260 68004.7 47044.4 36343.5 31036.5 28454.8 27215 26624.8 26345.6 26214.1 26152.3 26123.3 26109.7 26103.4 26100.5 26099.1 26098.5 26098.2 26098 26098 26097.9 26097.9 26097.9 26097.9 26097.9 26097.9 26097.9 26097.9 26097.9 26097.9 26097.9 26097.9 26097.9 26097.9 26097.9 26097.9 26097.9 26097.9 26097.9 26097.9 26097.9 26097.9 26097.9 26097.9 26097.9 26097.9 26097.9 26097.9 26097.9 26097.9 26097.9 26097.9 26097.9 26097.9 26097.9 26097.9 26097.9 26097.9 26097.9 26097.9 26097.9 26097.9 26097.9 26097.9 26097.9 26097.9 26097.9 26097.9 26097.9 26097.9 26097.9 26097.9 26097.9 26097.9 26097.9 26097.9 26097.9 26097.9 26097.9 26097.9 26097.9 26097.9 26097.9 26097.9 26097.9 26097.9 26097.9 26097.9 26097.9 26097.9 26097.9 26097.9 26097.9 26097.9 26097.9 26097.9 0 0 0 0 0 0 0 0 0 0 0 0 0 0 0 0 0 0 0 0 0 0 0 0 0
