SBPRF35
0.245572
Curr Bio
200670
B35
415832
F35
0.511593
FOFL
0.142685
OFL
9431.53
Bzero
70163.5
#pred survey bio
 9226.53 8561.6 6083.89 7440.28 11372.8 17077.3 26992 40223.2 53917.3 79348.5 105789 138129 174765 177974 170315 175431 213564 205935 206840 221197 221984 266492 270806 269192 319242 347128 320145 306342 241268 6.01519e+06 4.87107e+06 3.66811e+06 2.47237e+06 1.66422e+06 1.19041e+06 930471 791094 715857 674155 650178 635860 627022 621426 617813 615397 613843 612834 612176 611746 611463 611278 611156 611075 611022 610988 610965 610950 610940 610933 610929 610926 610924 610923 610922 610921 610921 610921 610921 610921 610921 610920 610920 610920 610920 610920 610920 610920 610920 610920 610920 610920 610920 610920 610920 610920 610920 610920 610920 610920 610920 610920 610920 610920 610920 610920 610920 610920 610920 610920 610920 610920 610920 610920 610920 610920 610920 610920 610920 610920 610920 610920 610920 610920 610920 610920 610920 610920 610920 610920 610920 610920 610920 610920 610920 610920 610920 610920 610920 610920 0 0 0 0 0 0 0 0 0 0 0 0 0 0 0 0 0 0 0 0 0 0 0 0 0
#obs survey bio
 7641.61 7044.94 5236.86 7932.56 10130.3 14886.5 26959 32560.7 44350.5 62356.3 78274.1 158439 127282 168015 123962 164014 217476 172419 116401 247559 174218 204649 202990 215296 301456 368227 305620 228953 224807
#pred catch bio
 4002.05 4968.43 3116.69 3381.36 5716.49 8211.07 13641.5 22714.4 29429.4 48325.4 64447.5 84146.7 115487 118312 115568 107606 146655 140586 141085 154071 144908 183284 194124 186027 219830 252560 228971 229591 215246 9431.53 73504.5 53249.3 33358.2 20707.9 13831.5 10425.1 8837.25 8127.55 7819.74 7689.16 7634.66 7612.2 7603.03 7599.31 7597.8 7597.2 7596.97 7596.87 7596.84 7596.82 7596.82 7596.81 7596.81 7596.81 7596.81 7596.81 7596.81 7596.81 7596.81 7596.81 7596.81 7596.81 7596.81 7596.81 7596.81 7596.81 7596.81 7596.81 7596.81 7596.81 7596.81 7596.81 7596.81 7596.81 7596.81 7596.81 7596.81 7596.81 7596.81 7596.81 7596.81 7596.81 7596.81 7596.81 7596.81 7596.81 7596.81 7596.81 7596.81 7596.81 7596.81 7596.81 7596.81 7596.81 7596.81 7596.81 7596.81 7596.81 7596.81 7596.81 7596.81 7596.81 7596.81 7596.81 7596.81 7596.81 7596.81 7596.81 7596.81 7596.81 7596.81 7596.81 7596.81 7596.81 7596.81 7596.81 7596.81 7596.81 7596.81 7596.81 7596.81 7596.81 7596.81 7596.81 7596.81 7596.81 7596.81 7596.81 7596.81 0 0 0 0 0 0 0 0 0 0 0 0 0 0 0 0 0 0 0 0 0 0 0 0 0
#obs catch bio
 4254.02 5511.19 3295.24 2968.4 5424.97 7632.15 12647.7 21529 27266.8 49765.2 67125.1 76299.4 118844 117818 118446 100777 140224 137718 156807 144488 132831 184486 172720 180204 205814 236435 200998 202495 230800
#pred cpue bio
 6956.99 7057.88 4665.8 4977.48 7607.43 11053.3 17572.3 26218.8 34640.6 50213.4 65431.3 86475.1 110511 114957 111707 109294 136591 130873 130288 136395 138032 163714 169767 162678 188865 213295 196466 188964 151534 2.93496e+06 4.68118e+06 3.58639e+06 2.39167e+06 1.58352e+06 1.10971e+06 849772 710396 635158 593456 569480 555161 546323 540727 537114 534699 533144 532136 531478 531047 530765 530579 530457 530377 530324 530289 530266 530251 530241 530234 530230 530227 530225 530224 530223 530223 530222 530222 530222 530222 530222 530222 530222 530222 530222 530222 530222 530222 530222 530222 530222 530222 530222 530222 530222 530222 530222 530222 530222 530222 530222 530222 530222 530222 530222 530222 530222 530222 530222 530222 530222 530222 530222 530222 530222 530222 530222 530222 530222 530222 530222 530222 530222 530222 530222 530222 530222 530222 530222 530222 530222 530222 530222 530222 530222 530222 530222 530222 530222 530222 0 0 0 0 0 0 0 0 0 0 0 0 0 0 0 0 0 0 0 0 0 0 0 0 0
#obs cpue bio
 8683.63 4639.6 5606.53 11480.8 8350.9 16799.5 24295.8 37708.2 56651.7 47853.5 75716.8 141690 111571 123731 147197 154965 171489 153545 128933 219998 222714 198188 417131 202891 278388 262271 379569 374510 122148
#pred surv len freq
 1.64916e-11 1.79079e-09 1.14648e-07 4.32739e-06 9.62997e-05 0.00126348 0.0097742 0.0445949 0.120175 0.192694 0.190566 0.134688 0.0942521 0.071905 0.048836 0.0303404 0.0192841 0.0124719 0.00829644 0.00582548 0.0044034 0.00363663 0.00311648 0.00238718 0.00138775
 1.21065e-11 1.31462e-09 8.4163e-08 3.17674e-06 7.0694e-05 0.000927551 0.00717641 0.0327645 0.0885968 0.144504 0.15445 0.139928 0.137837 0.121799 0.0795536 0.0420286 0.0218494 0.0117578 0.00648003 0.00373594 0.00231734 0.00160343 0.00121801 0.000886221 0.000512425
 1.49946e-11 1.62824e-09 1.04241e-07 3.93458e-06 8.75585e-05 0.0011488 0.00888736 0.0405558 0.109389 0.176194 0.17801 0.135932 0.108792 0.0905793 0.0642506 0.0404483 0.0235709 0.011888 0.00535283 0.00240338 0.00114843 0.000611218 0.000374207 0.000240784 0.000132682
 1.8208e-11 1.97717e-09 1.2658e-07 4.77776e-06 0.000106322 0.00139497 0.0107912 0.0492313 0.132616 0.212211 0.207825 0.141361 0.0912831 0.0647632 0.040837 0.0225229 0.012443 0.00679552 0.0033868 0.0014712 0.000569175 0.000218952 9.53401e-05 4.79347e-05 2.33631e-05
 1.78523e-11 1.93855e-09 1.24108e-07 4.68444e-06 0.000104245 0.00136773 0.0105806 0.0482737 0.130081 0.208509 0.205873 0.144492 0.0990356 0.0719584 0.0429945 0.0203267 0.00904697 0.00413048 0.00188466 0.000833621 0.000333669 0.000115722 3.69083e-05 1.25401e-05 4.66317e-06
 1.84623e-11 2.00479e-09 1.28348e-07 4.84451e-06 0.000107807 0.00141446 0.010942 0.04992 0.134482 0.21528 0.21122 0.144671 0.094468 0.0664323 0.0393844 0.0185524 0.00797833 0.00325405 0.00121738 0.000439219 0.000157154 5.28924e-05 1.56654e-05 4.09996e-06 1.04069e-06
 1.83047e-11 1.98767e-09 1.27253e-07 4.80315e-06 0.000106887 0.00140239 0.0108487 0.0494949 0.133349 0.213565 0.210001 0.145074 0.0963543 0.0684084 0.0403246 0.0185902 0.00776251 0.00309363 0.00111302 0.000360855 0.000107107 2.97015e-05 7.73288e-06 1.80612e-06 3.65676e-07
 1.82641e-11 1.98326e-09 1.2697e-07 4.79248e-06 0.00010665 0.00139927 0.0108246 0.0493853 0.133057 0.213124 0.209694 0.145202 0.0968816 0.0689632 0.040599 0.0186011 0.00766744 0.00299489 0.00104748 0.000327558 9.15464e-05 2.24691e-05 4.86338e-06 9.40186e-07 1.60317e-07
 1.84884e-11 2.00762e-09 1.28529e-07 4.85134e-06 0.000107959 0.00141646 0.0109575 0.0499911 0.13468 0.215653 0.211844 0.14577 0.0959509 0.0673644 0.0389046 0.0170885 0.0066186 0.00246486 0.000838154 0.00025547 6.91377e-05 1.61862e-05 3.22385e-06 5.40846e-07 7.63469e-08
 1.87735e-11 2.03857e-09 1.30511e-07 4.92615e-06 0.000109624 0.0014383 0.0111264 0.0507604 0.136735 0.218804 0.21428 0.145677 0.0935249 0.0645092 0.0370985 0.0163108 0.00629633 0.00229372 0.000744588 0.000214592 5.55187e-05 1.25455e-05 2.40017e-06 3.78452e-07 4.81495e-08
 1.91121e-11 2.07535e-09 1.32866e-07 5.01502e-06 0.000111602 0.00146425 0.0113271 0.0516748 0.139184 0.222608 0.217458 0.146345 0.0918245 0.0618769 0.0345667 0.0142431 0.00494782 0.001656 0.000516722 0.00014474 3.5905e-05 7.69034e-06 1.39766e-06 2.1056e-07 2.54408e-08
 1.88668e-11 2.04871e-09 1.3116e-07 4.95064e-06 0.000110169 0.00144545 0.0111817 0.0510129 0.137418 0.219915 0.215453 0.146681 0.0943144 0.0646498 0.0361287 0.0146579 0.00490066 0.0015411 0.000440897 0.000111891 2.57242e-05 5.24363e-06 9.10227e-07 1.30196e-07 1.49206e-08
 1.86932e-11 2.02985e-09 1.29953e-07 4.90508e-06 0.000109155 0.00143215 0.0110789 0.0505443 0.136165 0.217986 0.213924 0.146613 0.0956081 0.0662919 0.0373411 0.0153619 0.0052526 0.00167287 0.000471028 0.000113657 2.40753e-05 4.45427e-06 7.08403e-07 9.48363e-08 1.02983e-08
 1.8242e-11 1.98087e-09 1.26817e-07 4.7867e-06 0.000106521 0.00139759 0.0108116 0.0493272 0.132917 0.213035 0.210239 0.14723 0.100172 0.0713307 0.0400945 0.0160193 0.00517563 0.00156989 0.000436199 0.000105718 2.22176e-05 3.95013e-06 5.83544e-07 7.11999e-08 7.06908e-09
 1.79482e-11 1.94896e-09 1.24774e-07 4.70959e-06 0.000104805 0.00137508 0.0106375 0.0485341 0.130797 0.209772 0.207662 0.147145 0.102408 0.074141 0.0421338 0.017166 0.005728 0.00176953 0.000481991 0.000111712 2.26378e-05 3.96464e-06 5.78057e-07 6.8093e-08 6.33486e-09
 1.89568e-11 2.05848e-09 1.31786e-07 4.97426e-06 0.000110695 0.00145235 0.0112351 0.0512558 0.138067 0.220907 0.216209 0.146614 0.0934912 0.0637086 0.0355707 0.014463 0.00484889 0.00151606 0.000421529 9.98019e-05 2.02482e-05 3.454e-06 4.86026e-07 5.57292e-08 5.06937e-09
 1.84651e-11 2.00509e-09 1.28368e-07 4.84524e-06 0.000107824 0.00141468 0.0109437 0.049929 0.134522 0.215475 0.212023 0.146821 0.0977577 0.0687364 0.0387815 0.0158444 0.00534344 0.00168211 0.000471479 0.000113086 2.33844e-05 4.06612e-06 5.76029e-07 6.51316e-08 5.76152e-09
 1.85494e-11 2.01424e-09 1.28953e-07 4.86734e-06 0.000108316 0.00142113 0.0109937 0.0501566 0.135133 0.216437 0.212888 0.147191 0.0976439 0.0682814 0.038053 0.015032 0.00475291 0.00140584 0.000382768 9.12185e-05 1.89293e-05 3.3252e-06 4.78551e-07 5.49966e-08 4.90308e-09
 1.87161e-11 2.03234e-09 1.30112e-07 4.91109e-06 0.000109289 0.0014339 0.0110924 0.0506064 0.136335 0.218277 0.214302 0.147106 0.0961773 0.0665727 0.0369921 0.0146032 0.00460139 0.00133883 0.000350313 7.87006e-05 1.55066e-05 2.65549e-06 3.8053e-07 4.40431e-08 3.97721e-09
 1.90996e-11 2.07398e-09 1.32778e-07 5.01172e-06 0.000111528 0.00146328 0.0113196 0.0516413 0.139099 0.222516 0.217573 0.146964 0.0928785 0.0626684 0.0344748 0.0134945 0.00419232 0.00120196 0.000311444 6.90419e-05 1.32026e-05 2.15383e-06 2.93001e-07 3.27118e-08 2.91227e-09
 1.89196e-11 2.05444e-09 1.31527e-07 4.96449e-06 0.000110477 0.0014495 0.011213 0.0511559 0.137805 0.220552 0.216157 0.14736 0.0949271 0.0648304 0.0355119 0.0135484 0.00397451 0.00106522 0.00026424 5.71077e-05 1.07205e-05 1.71789e-06 2.27462e-07 2.43727e-08 2.07041e-09
 1.91779e-11 2.08249e-09 1.33323e-07 5.03227e-06 0.000111986 0.00146928 0.011366 0.0518525 0.139662 0.223369 0.218185 0.146781 0.0919721 0.061727 0.0340503 0.0135063 0.00429918 0.00124834 0.000315275 6.5645e-05 1.16705e-05 1.79307e-06 2.30955e-07 2.41923e-08 2.00054e-09
 1.87726e-11 2.03848e-09 1.30505e-07 4.92592e-06 0.000109619 0.00143823 0.0111259 0.0507592 0.136745 0.218928 0.214904 0.147417 0.0961957 0.066327 0.0364692 0.0139639 0.00412913 0.00112247 0.000283774 6.23845e-05 1.16637e-05 1.798e-06 2.23389e-07 2.23649e-08 1.78336e-09
 1.94209e-11 2.10888e-09 1.35012e-07 5.09604e-06 0.000113405 0.0014879 0.01151 0.0525086 0.141418 0.226084 0.220396 0.147068 0.0904548 0.0596255 0.0322778 0.0122578 0.00356961 0.000940722 0.000225937 4.65323e-05 8.33809e-06 1.29696e-06 1.67146e-07 1.70795e-08 1.34353e-09
 1.97685e-11 2.14662e-09 1.37429e-07 5.18724e-06 0.000115434 0.00151453 0.0117159 0.0534464 0.143923 0.229922 0.223347 0.146903 0.0874095 0.0560506 0.0300128 0.011305 0.00324414 0.000838607 0.000197897 3.98176e-05 6.8519e-06 1.0087e-06 1.23935e-07 1.24617e-08 9.94147e-10
 1.9113e-11 2.07545e-09 1.32872e-07 5.01525e-06 0.000111607 0.00146431 0.0113276 0.051678 0.139201 0.222702 0.217865 0.147446 0.0935049 0.0630249 0.0341835 0.0127744 0.00356991 0.00088951 0.000203973 4.0146e-05 6.75676e-06 9.69517e-07 1.14966e-07 1.10312e-08 8.40892e-10
 1.9133e-11 2.07762e-09 1.33011e-07 5.0205e-06 0.000111724 0.00146585 0.0113395 0.0517319 0.139345 0.222924 0.218041 0.147455 0.0933578 0.0628394 0.0340491 0.0126972 0.0035281 0.000868911 0.000195395 3.72937e-05 6.04581e-06 8.39186e-07 9.68105e-08 9.03478e-09 6.66033e-10
 1.90488e-11 2.06848e-09 1.32426e-07 4.99841e-06 0.000111232 0.0014594 0.0112896 0.0515047 0.138738 0.22199 0.217303 0.147431 0.0939992 0.0636433 0.034629 0.0130211 0.00368594 0.000929383 0.000211641 4.03358e-05 6.45273e-06 8.74e-07 9.75283e-08 8.7835e-09 6.26861e-10
 1.86949e-11 2.03004e-09 1.29965e-07 4.90552e-06 0.000109165 0.00143228 0.0110799 0.0505497 0.136189 0.218103 0.214403 0.147891 0.097543 0.0675721 0.0367998 0.0135713 0.00365562 0.000863442 0.000189675 3.61101e-05 5.84705e-06 7.97185e-07 8.84186e-08 7.81631e-09 5.42258e-10
#obs surv len freq
 1.19544e-11 1.29811e-09 8.31059e-08 3.13684e-06 6.98062e-05 0.000915899 0.00708616 0.0323502 0.0874455 0.142382 0.151107 0.13462 0.131901 0.120655 0.0861405 0.0516729 0.0288076 0.0146833 0.00660008 0.00253735 0.000793824 0.000191427 3.38158e-05 4.17541e-06 3.46149e-07
 6.48745e-12 7.04461e-10 4.51002e-08 1.70232e-06 3.78834e-05 0.000497095 0.00384756 0.017602 0.0480749 0.082187 0.105053 0.137059 0.178006 0.174815 0.122054 0.068637 0.035352 0.0166402 0.00686427 0.00240761 0.000685859 0.000150083 2.39245e-05 2.65489e-06 1.97707e-07
 1.78808e-11 1.94165e-09 1.24306e-07 4.69193e-06 0.000104412 0.00136992 0.0105974 0.0483458 0.130208 0.208132 0.202581 0.134249 0.0830078 0.0620631 0.0486343 0.0347672 0.0207678 0.00983732 0.00376537 0.00119138 0.000304335 5.96897e-05 8.5333e-06 8.49491e-07 5.67461e-08
 1.54425e-11 1.67687e-09 1.07355e-07 4.05212e-06 9.01744e-05 0.00118314 0.00915364 0.0417838 0.112853 0.182818 0.188766 0.152285 0.126535 0.0977722 0.0543401 0.0210947 0.00711171 0.00271749 0.0010582 0.000336584 8.06206e-05 1.42344e-05 1.80958e-06 1.60182e-07 9.54142e-09
 1.72186e-11 1.86973e-09 1.19702e-07 4.51815e-06 0.000100545 0.0013192 0.0102059 0.0465762 0.125649 0.202355 0.203388 0.150022 0.108919 0.0789382 0.0448812 0.0188795 0.00638184 0.00181655 0.000440792 9.79477e-05 1.99791e-05 3.27664e-06 3.85319e-07 3.08514e-08 1.64082e-09
 1.59622e-11 1.73331e-09 1.10968e-07 4.18849e-06 9.32095e-05 0.00122297 0.00946199 0.0431944 0.116684 0.189041 0.194652 0.154148 0.122763 0.0914277 0.0501197 0.0193657 0.00587086 0.00153908 0.000341247 6.07522e-05 8.65128e-06 1.00375e-06 9.32818e-08 6.47078e-09 3.09738e-10
 1.6493e-11 1.79095e-09 1.14658e-07 4.32778e-06 9.63091e-05 0.00126364 0.00977668 0.0446307 0.12055 0.19513 0.19984 0.154884 0.118515 0.0854033 0.0458591 0.0173995 0.00510323 0.00125028 0.00025035 3.9345e-05 4.79278e-06 4.45506e-07 3.08926e-08 1.57246e-09 5.77442e-11
 1.616e-11 1.75479e-09 1.12343e-07 4.2404e-06 9.43649e-05 0.00123815 0.00957986 0.0437404 0.118234 0.191946 0.198598 0.157676 0.123159 0.0880312 0.0457646 0.016366 0.00438613 0.000973989 0.000179324 2.59493e-05 2.85443e-06 2.33142e-07 1.37736e-08 5.74885e-10 1.66346e-11
 1.63408e-11 1.77441e-09 1.13599e-07 4.28783e-06 9.54205e-05 0.001252 0.00968731 0.0442346 0.119601 0.194292 0.201163 0.159067 0.122175 0.0852991 0.0432891 0.0150349 0.00385235 0.000798583 0.000134326 1.7488e-05 1.71921e-06 1.25589e-07 6.62564e-09 2.44466e-10 6.14618e-12
 1.57698e-11 1.71242e-09 1.09631e-07 4.13803e-06 9.20873e-05 0.00120829 0.00934985 0.0427075 0.115621 0.188758 0.19875 0.163326 0.129744 0.089873 0.0434737 0.0136379 0.00290858 0.000473489 6.43312e-05 7.18689e-06 6.23938e-07 4.03842e-08 1.88451e-09 6.15131e-11 1.36982e-12
 1.64197e-11 1.78298e-09 1.14148e-07 4.30854e-06 9.5882e-05 0.00125809 0.00973515 0.0444658 0.120346 0.196114 0.204634 0.163147 0.123441 0.0823794 0.0390789 0.0121993 0.00261826 0.000423258 5.37611e-05 5.17944e-06 3.66042e-07 1.90415e-08 7.3211e-10 2.03489e-11 3.94245e-13
 1.58634e-11 1.72257e-09 1.10281e-07 4.16258e-06 9.26343e-05 0.0012155 0.00940651 0.0429803 0.116483 0.190753 0.202147 0.166518 0.129456 0.0861366 0.0399395 0.0120152 0.00243761 0.000366064 4.33526e-05 3.95885e-06 2.65133e-07 1.26831e-08 4.27223e-10 9.97342e-12 1.59082e-13
 1.62202e-11 1.76132e-09 1.12761e-07 4.25621e-06 9.47183e-05 0.00124286 0.00961854 0.0439531 0.119144 0.195126 0.206303 0.167722 0.126609 0.081361 0.0363034 0.0103351 0.00190916 0.000247706 2.47203e-05 1.94163e-06 1.1516e-07 4.96728e-09 1.52586e-10 3.26372e-12 4.73655e-14
 1.2635e-11 1.37202e-09 8.78379e-08 3.3155e-06 7.37861e-05 0.000968328 0.00749798 0.034335 0.0938296 0.158324 0.183828 0.180485 0.162071 0.111339 0.0500743 0.0141794 0.00261557 0.000339768 3.3305e-05 2.4596e-06 1.30753e-07 4.87773e-09 1.27797e-10 2.35023e-12 2.98665e-14
 1.62783e-11 1.76763e-09 1.13166e-07 4.27148e-06 9.50593e-05 0.00124738 0.00965482 0.0441376 0.119798 0.196862 0.209434 0.170371 0.125669 0.077702 0.0335583 0.00942881 0.00177187 0.000239449 2.43674e-05 1.82427e-06 9.58686e-08 3.45858e-09 8.54096e-11 1.43644e-12 1.62321e-14
 1.46939e-11 1.59559e-09 1.02151e-07 3.85577e-06 8.58098e-05 0.00112611 0.00871902 0.0399068 0.108775 0.181364 0.201404 0.178227 0.141715 0.0891574 0.0375848 0.0100001 0.00171096 0.00020172 1.77858e-05 1.20608e-06 6.06894e-08 2.16809e-09 5.34292e-11 8.87913e-13 9.7441e-15
 1.5613e-11 1.69539e-09 1.08541e-07 4.09696e-06 9.11776e-05 0.00119655 0.00926416 0.042394 0.115439 0.191579 0.208984 0.176772 0.132415 0.0795246 0.0324195 0.00836832 0.00138109 0.00015443 1.25622e-05 7.63895e-07 3.37527e-08 1.04821e-09 2.26201e-11 3.37608e-13 3.43469e-15
 1.4244e-11 1.54673e-09 9.90238e-08 3.73776e-06 8.31865e-05 0.00109181 0.0084566 0.0387518 0.106008 0.178521 0.202527 0.183393 0.145153 0.0886095 0.0361505 0.00942501 0.00161338 0.000192882 1.68477e-05 1.06286e-06 4.64657e-08 1.37209e-09 2.72767e-11 3.65699e-13 3.28695e-15
 1.43869e-11 1.56226e-09 1.00018e-07 3.7753e-06 8.40234e-05 0.00110285 0.00854342 0.039166 0.107253 0.180976 0.205565 0.184803 0.14326 0.0851727 0.0338525 0.0086022 0.00143402 0.000166895 1.42632e-05 8.92067e-07 3.93136e-08 1.18395e-09 2.39716e-11 3.21973e-13 2.82509e-15
 1.62494e-11 1.7645e-09 1.12965e-07 4.264e-06 9.48984e-05 0.0012455 0.00964583 0.0441721 0.120466 0.200298 0.217498 0.178025 0.124207 0.069222 0.0268746 0.00688978 0.00119539 0.000147664 1.32556e-05 8.43526e-07 3.67985e-08 1.08288e-09 2.13884e-11 2.8139e-13 2.43125e-15
 1.48911e-11 1.617e-09 1.03523e-07 3.90766e-06 8.69724e-05 0.00114168 0.00884678 0.0405859 0.111307 0.18814 0.212824 0.186386 0.137061 0.0767308 0.028784 0.00689865 0.00107742 0.000116405 9.23494e-06 5.44772e-07 2.31321e-08 6.80134e-10 1.34586e-11 1.75438e-13 1.48094e-15
 1.55963e-11 1.69358e-09 1.08426e-07 4.09275e-06 9.10928e-05 0.00119579 0.00926609 0.0425041 0.116463 0.196014 0.218358 0.184467 0.129352 0.0696853 0.0255119 0.00603916 0.000939995 0.000101006 7.78103e-06 4.28415e-07 1.64137e-08 4.29396e-10 7.62195e-12 9.11993e-14 7.25007e-16
 1.54449e-11 1.67714e-09 1.07374e-07 4.0531e-06 9.02138e-05 0.00118438 0.00918055 0.0421473 0.115737 0.195763 0.219936 0.186911 0.129963 0.0684084 0.0242588 0.00551474 0.000813714 8.17262e-05 5.85716e-06 3.02656e-07 1.10018e-08 2.7332e-10 4.55371e-12 5.0208e-14 3.61781e-16
 1.58044e-11 1.71619e-09 1.09874e-07 4.14751e-06 9.23175e-05 0.00121207 0.00939657 0.0431509 0.11853 0.20035 0.223759 0.186557 0.125577 0.0638477 0.0219327 0.00483184 0.000687669 6.59034e-05 4.44284e-06 2.13374e-07 7.15894e-09 1.63666e-10 2.51076e-12 2.55833e-14 1.71098e-16
 1.57684e-11 1.71228e-09 1.09625e-07 4.13815e-06 9.21136e-05 0.00120955 0.00938 0.0431092 0.118632 0.201232 0.225719 0.187973 0.124772 0.0619794 0.0207579 0.00446011 0.000618566 5.75177e-05 3.73071e-06 1.70676e-07 5.40516e-09 1.15648e-10 1.6464e-12 1.54536e-14 9.47306e-17
 1.33037e-11 1.44465e-09 9.24928e-08 3.49173e-06 7.77424e-05 0.00102151 0.00793673 0.036671 0.102401 0.180255 0.218375 0.20244 0.145821 0.0744322 0.0246767 0.00514406 0.000681531 5.95769e-05 3.58805e-06 1.52057e-07 4.48512e-09 8.9859e-11 1.19923e-12 1.05251e-14 6.00732e-17
 1.72175e-11 1.86964e-09 1.197e-07 4.51855e-06 0.000100583 0.0013208 0.0102422 0.0470454 0.129112 0.216707 0.235221 0.182137 0.109314 0.0495944 0.0155484 0.00318662 0.000425908 3.81434e-05 2.3479e-06 9.94339e-08 2.842e-09 5.37514e-11 6.65932e-13 5.38271e-15 2.82526e-17
 1.32096e-11 1.43446e-09 9.18437e-08 3.46755e-06 7.72218e-05 0.00101526 0.00789915 0.0366142 0.102923 0.183185 0.22409 0.20595 0.143004 0.0690867 0.0214675 0.00414581 0.000498545 3.838e-05 1.97745e-06 7.10654e-08 1.80503e-09 3.18183e-11 3.77882e-13 2.94741e-15 1.48181e-17
 1.27088e-11 1.38009e-09 8.83656e-08 3.33651e-06 7.43189e-05 0.000977594 0.00761559 0.0354033 0.100162 0.180467 0.224574 0.209057 0.145276 0.0698201 0.0217148 0.00427091 0.000536896 4.43137e-05 2.45703e-06 9.17729e-08 2.27429e-09 3.67566e-11 3.8438e-13 2.60392e-15 1.14641e-17
#pred catch len freq
 1.26352e-11 1.37203e-09 8.78388e-08 3.31548e-06 7.37813e-05 0.000968049 0.00748936 0.0341845 0.0923164 0.149603 0.155415 0.129841 0.11741 0.102809 0.0725236 0.0455494 0.0290815 0.0188367 0.0125343 0.00880158 0.00665303 0.00549453 0.00470865 0.00360676 0.00209673
 8.73812e-12 9.48855e-10 6.07466e-08 2.29288e-06 5.10254e-05 0.000669508 0.00518081 0.0236736 0.0642911 0.107088 0.124804 0.138644 0.162801 0.152858 0.10132 0.0538206 0.0280819 0.0151369 0.00834579 0.00481191 0.00298476 0.00206523 0.00156881 0.00114146 0.000660009
 1.13614e-11 1.23371e-09 7.89833e-08 2.98123e-06 6.63432e-05 0.000870467 0.00673477 0.0307487 0.0831531 0.135684 0.145315 0.132581 0.132778 0.122335 0.0890764 0.0565152 0.0330431 0.0166854 0.00751536 0.00337456 0.00161252 0.000858218 0.000525429 0.000338088 0.000186301
 1.50025e-11 1.62909e-09 1.04296e-07 3.93666e-06 8.76047e-05 0.00114941 0.00889215 0.0405799 0.109483 0.176583 0.179509 0.139857 0.11463 0.0941334 0.0619169 0.0345392 0.0191711 0.0104882 0.00522939 0.00227177 0.000878908 0.000338102 0.000147222 7.40198e-05 3.60768e-05
 1.48198e-11 1.60925e-09 1.03026e-07 3.8887e-06 8.65376e-05 0.00113541 0.00878403 0.04009 0.10821 0.174923 0.17966 0.144664 0.123622 0.10165 0.0628511 0.029988 0.0134074 0.00613498 0.00280111 0.00123913 0.000495986 0.000172017 5.48628e-05 1.86404e-05 6.93163e-06
 1.55175e-11 1.68501e-09 1.07876e-07 4.07178e-06 9.06117e-05 0.00118886 0.00919739 0.041973 0.113245 0.182675 0.185807 0.144957 0.118552 0.0955072 0.0588653 0.0280132 0.0121034 0.00494796 0.00185249 0.000668472 0.000239188 8.05022e-05 2.38428e-05 6.24014e-06 1.58393e-06
 1.5441e-11 1.67671e-09 1.07344e-07 4.05171e-06 9.01651e-05 0.00118301 0.0091521 0.0417671 0.112699 0.181872 0.185357 0.145544 0.12007 0.0968893 0.0592178 0.0275585 0.011558 0.0046167 0.00166223 0.000539007 0.000159989 4.43663e-05 1.15509e-05 2.69787e-06 5.46225e-07
 1.57207e-11 1.70708e-09 1.09289e-07 4.12512e-06 9.17986e-05 0.00120444 0.00931782 0.0425221 0.114718 0.184981 0.187829 0.145679 0.118037 0.0943304 0.0573789 0.0265064 0.0109652 0.00429072 0.00150162 0.000469632 0.000131256 3.22154e-05 6.97295e-06 1.348e-06 2.29857e-07
 1.59162e-11 1.72831e-09 1.10648e-07 4.17641e-06 9.29401e-05 0.00121941 0.00943367 0.0430502 0.116136 0.187213 0.189833 0.146531 0.117772 0.0933099 0.055777 0.0247119 0.00960849 0.00358602 0.00122032 0.000372019 0.000100682 2.35714e-05 4.69477e-06 7.87612e-07 1.11181e-07
 1.66566e-11 1.8087e-09 1.15795e-07 4.37068e-06 9.72631e-05 0.00127613 0.00987227 0.045048 0.121473 0.195398 0.196166 0.146307 0.111494 0.0858795 0.0510065 0.0225998 0.00874999 0.0031924 0.00103687 0.000298863 7.73225e-05 1.74725e-05 3.34278e-06 5.2708e-07 6.70591e-08
 1.71144e-11 1.85842e-09 1.18978e-07 4.49081e-06 9.99365e-05 0.0013112 0.0101435 0.0462842 0.124784 0.200542 0.200474 0.147246 0.109249 0.082357 0.04757 0.0197563 0.00688345 0.0023078 0.000720587 0.000201877 5.00797e-05 1.07264e-05 1.94943e-06 2.93685e-07 3.54844e-08
 1.67907e-11 1.82327e-09 1.16727e-07 4.40588e-06 9.80465e-05 0.00128641 0.00995179 0.045411 0.122454 0.196991 0.197835 0.147704 0.112557 0.0860323 0.0496286 0.0202863 0.00680226 0.00214294 0.000613544 0.000155737 3.58055e-05 7.29862e-06 1.26694e-06 1.8122e-07 2.0768e-08
 1.68682e-11 1.83169e-09 1.17266e-07 4.42621e-06 9.8499e-05 0.00129234 0.00999769 0.0456199 0.123011 0.197831 0.198419 0.147464 0.111571 0.0850421 0.0492347 0.0203833 0.00698502 0.00222735 0.00062746 0.000151421 3.20751e-05 5.93433e-06 9.43787e-07 1.26348e-07 1.37201e-08
 1.63191e-11 1.77206e-09 1.13449e-07 4.28212e-06 9.52925e-05 0.00125028 0.00967239 0.0441386 0.119058 0.191808 0.193949 0.148257 0.117191 0.091217 0.0525667 0.0211232 0.00683915 0.00207724 0.000577503 0.000139985 2.94199e-05 5.23062e-06 7.72706e-07 9.42799e-08 9.36058e-09
 1.60358e-11 1.74129e-09 1.11479e-07 4.20778e-06 9.36381e-05 0.00122857 0.00950453 0.0433739 0.117013 0.188656 0.191434 0.148093 0.119221 0.093848 0.0545787 0.0223544 0.00747394 0.00231158 0.000629945 0.000146021 2.95909e-05 5.18233e-06 7.55597e-07 8.90064e-08 8.28049e-09
 1.69339e-11 1.83881e-09 1.17723e-07 4.44344e-06 9.88823e-05 0.00129737 0.0100366 0.0457972 0.123486 0.198569 0.199039 0.147603 0.111256 0.0845393 0.0487355 0.0199654 0.00671284 0.00210246 0.000584998 0.000138532 2.81067e-05 4.79455e-06 6.74657e-07 7.73581e-08 7.03683e-09
 1.67387e-11 1.81762e-09 1.16366e-07 4.39223e-06 9.77428e-05 0.00128242 0.00992098 0.0452706 0.122079 0.196411 0.197368 0.147658 0.112907 0.0865054 0.0500184 0.0205493 0.00694307 0.00218788 0.000613489 0.000147161 3.04308e-05 5.29133e-06 7.49597e-07 8.47567e-08 7.49756e-09
 1.68233e-11 1.82681e-09 1.16954e-07 4.41442e-06 9.82366e-05 0.0012889 0.00997109 0.0454991 0.122693 0.197386 0.198281 0.148154 0.112982 0.0861733 0.0492328 0.019558 0.00619562 0.00183462 0.00049976 0.000119114 2.47184e-05 4.3421e-06 6.24897e-07 7.18152e-08 6.40249e-09
 1.70317e-11 1.84944e-09 1.18403e-07 4.46912e-06 9.94538e-05 0.00130487 0.0100946 0.0460616 0.124196 0.199688 0.200048 0.148048 0.111149 0.084038 0.0479071 0.0190217 0.00600496 0.00174913 0.000457895 0.000102883 2.02716e-05 3.47146e-06 4.97457e-07 5.75763e-08 5.19929e-09
 1.76071e-11 1.91192e-09 1.22403e-07 4.6201e-06 0.000102814 0.00134895 0.0104355 0.0476142 0.128343 0.206045 0.204952 0.147821 0.106179 0.078167 0.0441364 0.0173775 0.0054079 0.00155188 0.000402273 8.91862e-05 1.70548e-05 2.78224e-06 3.78486e-07 4.22556e-08 3.76193e-09
 1.71202e-11 1.85905e-09 1.19018e-07 4.49235e-06 9.99707e-05 0.00131165 0.010147 0.0463008 0.124838 0.200702 0.200976 0.14849 0.11111 0.0836131 0.0471177 0.0180924 0.00531919 0.00142772 0.000354431 7.66173e-05 1.43834e-05 2.30485e-06 3.05178e-07 3.27001e-08 2.77781e-09
 1.76547e-11 1.91709e-09 1.22734e-07 4.63259e-06 0.000103091 0.00135259 0.0104636 0.0477425 0.128685 0.206557 0.205289 0.147613 0.105483 0.0775055 0.0439357 0.0175348 0.00559176 0.00162522 0.000410627 8.55081e-05 1.52019e-05 2.33562e-06 3.00837e-07 3.15122e-08 2.60584e-09
 1.732e-11 1.88074e-09 1.20407e-07 4.54475e-06 0.000101137 0.00132695 0.0102654 0.0468396 0.126277 0.202902 0.202646 0.148323 0.10925 0.0814825 0.04584 0.0176409 0.00522384 0.00142114 0.00035941 7.90193e-05 1.47739e-05 2.27742e-06 2.82952e-07 2.83281e-08 2.25885e-09
 1.79879e-11 1.95327e-09 1.2505e-07 4.72002e-06 0.000105037 0.00137812 0.0106611 0.048642 0.131091 0.210277 0.208309 0.147978 0.103358 0.074595 0.0415196 0.0158659 0.0046285 0.00122096 0.000293384 6.04314e-05 1.08288e-05 1.68436e-06 2.17072e-07 2.21811e-08 1.74484e-09
 1.84216e-11 2.00036e-09 1.28065e-07 4.83381e-06 0.000107569 0.00141134 0.010918 0.0498122 0.134217 0.215066 0.211993 0.147775 0.0995636 0.0701381 0.0386919 0.0146722 0.00421812 0.00109143 0.000257683 5.18541e-05 8.92329e-06 1.31363e-06 1.61399e-07 1.62287e-08 1.29466e-09
 1.7811e-11 1.93406e-09 1.2382e-07 4.6736e-06 0.000104004 0.00136457 0.0105563 0.0481648 0.129819 0.208343 0.2069 0.14832 0.105301 0.0766739 0.0425598 0.0159856 0.00447308 0.00111525 0.000255816 5.03542e-05 8.47484e-06 1.21602e-06 1.44196e-07 1.38359e-08 1.05468e-09
 1.77632e-11 1.92887e-09 1.23488e-07 4.66106e-06 0.000103725 0.00136091 0.010528 0.0480358 0.129474 0.207818 0.206507 0.14838 0.105776 0.077205 0.0428601 0.0160687 0.00447129 0.00110204 0.000247918 4.73239e-05 7.67191e-06 1.06488e-06 1.22847e-07 1.14645e-08 8.45151e-10
 1.7862e-11 1.9396e-09 1.24175e-07 4.68697e-06 0.000104302 0.00136847 0.0105865 0.0483023 0.130185 0.208899 0.207304 0.148215 0.104733 0.0760733 0.0422716 0.0159676 0.00452472 0.00114133 0.00025995 4.95447e-05 7.92581e-06 1.0735e-06 1.19789e-07 1.07883e-08 7.69938e-10
 1.83219e-11 1.98954e-09 1.27372e-07 4.80767e-06 0.000106988 0.00140371 0.010859 0.0495435 0.133502 0.213991 0.211268 0.148155 0.100943 0.0714953 0.0391925 0.0144709 0.00389681 0.000919702 0.00020192 3.84322e-05 6.22249e-06 8.4834e-07 9.40909e-08 8.3177e-09 5.77041e-10
#obs catch len freq
 1.22833e-11 1.33383e-09 8.53927e-08 3.22315e-06 7.17269e-05 0.000941097 0.00728099 0.0332368 0.089803 0.145906 0.153381 0.133005 0.126649 0.115182 0.0834571 0.0518962 0.0304802 0.0164406 0.00778071 0.003135 0.00103223 0.000263094 4.8928e-05 6.29901e-06 5.39145e-07
 1.16791e-11 1.26821e-09 8.1192e-08 3.0646e-06 6.81987e-05 0.000894814 0.00692323 0.0316106 0.0854971 0.13956 0.149479 0.135856 0.13483 0.122996 0.0873157 0.052083 0.0287567 0.014451 0.0063724 0.00238539 0.000720286 0.000166122 2.78227e-05 3.23275e-06 2.50709e-07
 6.31723e-12 6.85976e-10 4.39168e-08 1.65765e-06 3.68896e-05 0.000484064 0.00374702 0.0171486 0.0469132 0.080705 0.104919 0.13929 0.180777 0.17593 0.121838 0.068032 0.0346619 0.0160589 0.00648802 0.00221276 0.000607578 0.000127002 1.91793e-05 2.00212e-06 1.39463e-07
 1.78194e-11 1.93498e-09 1.23879e-07 4.67582e-06 0.000104054 0.00136521 0.0105611 0.0481819 0.129785 0.20757 0.202434 0.134898 0.0840242 0.0628425 0.0489739 0.0345984 0.0203014 0.00942341 0.00352439 0.00108274 0.000266295 4.98503e-05 6.74762e-06 6.31691e-07 3.9467e-08
 1.54105e-11 1.6734e-09 1.07132e-07 4.04372e-06 8.99876e-05 0.0011807 0.00913492 0.0417021 0.112672 0.182758 0.18943 0.153755 0.127482 0.0972426 0.0532735 0.020464 0.00685916 0.00258712 0.000980684 0.000301221 6.92626e-05 1.16597e-05 1.40297e-06 1.16773e-07 6.5056e-09
 1.72553e-11 1.87373e-09 1.19958e-07 4.52781e-06 0.00010076 0.00132203 0.0102279 0.0466794 0.125955 0.203001 0.204453 0.151163 0.10916 0.0779732 0.0436669 0.0181049 0.00601206 0.00167402 0.000397144 8.59212e-05 1.68545e-05 2.62952e-06 2.92178e-07 2.19879e-08 1.09394e-09
 1.60771e-11 1.74578e-09 1.11766e-07 4.21863e-06 9.38803e-05 0.00123178 0.00953033 0.0435096 0.117565 0.190613 0.196551 0.155457 0.122314 0.0894098 0.0481747 0.0183279 0.00545935 0.00139728 0.000300736 5.17702e-05 7.09706e-06 7.87079e-07 6.92623e-08 4.51313e-09 2.019e-10
 1.66454e-11 1.80749e-09 1.15717e-07 4.36776e-06 9.71991e-05 0.00127533 0.00986727 0.0450473 0.121702 0.19711 0.202015 0.156068 0.117643 0.0830211 0.0437565 0.0163234 0.00469474 0.00112065 0.000217481 3.29857e-05 3.85644e-06 3.41962e-07 2.24872e-08 1.07855e-09 3.70728e-11
 1.63521e-11 1.77564e-09 1.13678e-07 4.29079e-06 9.54865e-05 0.00125287 0.00969399 0.0442648 0.119679 0.194393 0.201168 0.158858 0.121842 0.0851109 0.0433654 0.0152289 0.00399946 0.000864711 0.000154055 2.14721e-05 2.2633e-06 1.76155e-07 9.86448e-09 3.88297e-10 1.05443e-11
 1.65944e-11 1.80196e-09 1.15363e-07 4.35439e-06 9.69018e-05 0.00127145 0.00983797 0.0449256 0.121491 0.197414 0.204206 0.160087 0.120189 0.0817563 0.0405984 0.0138282 0.00346683 0.000698592 0.000113538 1.42227e-05 1.33874e-06 9.31032e-08 4.6518e-09 1.61826e-10 3.82054e-12
 1.6038e-11 1.74154e-09 1.11495e-07 4.20839e-06 9.36535e-05 0.00122885 0.00950921 0.0434391 0.117627 0.192092 0.202016 0.164372 0.127467 0.0859578 0.0406314 0.0124826 0.00260469 0.000412631 5.41362e-05 5.80724e-06 4.81919e-07 2.96683e-08 1.31048e-09 4.03155e-11 8.42827e-13
 1.66895e-11 1.81229e-09 1.16024e-07 4.37936e-06 9.74582e-05 0.00127878 0.00989553 0.0452021 0.122363 0.199449 0.207833 0.164037 0.121065 0.0785471 0.0363744 0.0111098 0.00232906 0.000365493 4.4749e-05 4.13872e-06 2.79846e-07 1.38557e-08 5.03976e-10 1.31864e-11 2.39621e-13
 1.6169e-11 1.75577e-09 1.12406e-07 4.24279e-06 9.44196e-05 0.00123894 0.00958822 0.0438147 0.11877 0.194523 0.205708 0.167373 0.126639 0.0818361 0.0370147 0.0108865 0.00215618 0.000314227 3.58347e-05 3.13538e-06 2.00517e-07 9.12259e-09 2.90954e-10 6.40517e-12 9.59682e-14
 1.6518e-11 1.79366e-09 1.14832e-07 4.33437e-06 9.64579e-05 0.0012657 0.00979568 0.0447671 0.121377 0.198812 0.20976 0.168457 0.123731 0.0771488 0.0335417 0.00932656 0.00168151 0.000211881 2.03654e-05 1.53039e-06 8.65263e-08 3.54464e-09 1.02961e-10 2.07445e-12 2.82732e-14
 1.29859e-11 1.41012e-09 9.02771e-08 3.40758e-06 7.58359e-05 0.000995255 0.00770706 0.0352997 0.0965056 0.16286 0.188326 0.181736 0.158589 0.105937 0.046478 0.0128543 0.00231208 0.000291195 2.74511e-05 1.93891e-06 9.83133e-08 3.48668e-09 8.64189e-11 1.49601e-12 1.78286e-14
 1.65871e-11 1.80116e-09 1.15312e-07 4.35252e-06 9.68631e-05 0.00127107 0.00983865 0.0449835 0.122123 0.200698 0.212967 0.170948 0.122544 0.0734296 0.0308655 0.00845878 0.00154752 0.000202305 1.9764e-05 1.41398e-06 7.08345e-08 2.42814e-09 5.67295e-11 8.9896e-13 9.54099e-15
 1.5037e-11 1.63284e-09 1.04536e-07 3.94581e-06 8.78144e-05 0.00115245 0.00892354 0.0408502 0.111383 0.185714 0.205472 0.178898 0.138069 0.084233 0.0345643 0.00896827 0.00149452 0.000170699 1.44533e-05 9.34417e-07 4.46622e-08 1.51122e-09 3.51591e-11 5.50003e-13 5.66828e-15
 1.5933e-11 1.73014e-09 1.10765e-07 4.18093e-06 9.30472e-05 0.00122112 0.00945503 0.0432751 0.117877 0.195635 0.212717 0.177248 0.128916 0.0750049 0.0297333 0.00747856 0.00120136 0.000130079 1.01599e-05 5.88996e-07 2.47249e-08 7.27461e-10 1.48107e-11 2.07597e-13 1.9767e-15
 1.45892e-11 1.58422e-09 1.01424e-07 3.82836e-06 8.5204e-05 0.00111833 0.00866289 0.0397066 0.108666 0.182992 0.206701 0.183962 0.141285 0.0836221 0.0331884 0.00842779 0.00140177 0.000161775 1.35339e-05 8.13736e-07 3.38288e-08 9.47429e-10 1.77908e-11 2.24293e-13 1.8888e-15
 1.47235e-11 1.59881e-09 1.02358e-07 3.86366e-06 8.59912e-05 0.00112873 0.00874488 0.0401002 0.109862 0.185377 0.209648 0.18526 0.139368 0.0803114 0.0310373 0.00767765 0.00124286 0.000139529 1.14076e-05 6.78742e-07 2.83749e-08 8.08368e-10 1.54318e-11 1.94833e-13 1.60326e-15
 1.65604e-11 1.79827e-09 1.15128e-07 4.34566e-06 9.67169e-05 0.00126942 0.00983193 0.0450336 0.122857 0.204261 0.221001 0.17816 0.120651 0.0650498 0.0245149 0.00610851 0.00102671 0.000121989 1.04594e-05 6.33162e-07 2.62056e-08 7.29132e-10 1.35609e-11 1.67392e-13 1.35352e-15
 1.52252e-11 1.65329e-09 1.05847e-07 3.99539e-06 8.8927e-05 0.0011674 0.0090473 0.041518 0.113915 0.192514 0.21673 0.186498 0.133012 0.0720905 0.0262624 0.0061205 0.000927286 9.65271e-05 7.31121e-06 4.0893e-07 1.64046e-08 4.54503e-10 8.45285e-12 1.03317e-13 8.16118e-16
 1.59199e-11 1.72872e-09 1.10676e-07 4.17772e-06 9.2986e-05 0.00122071 0.00946046 0.0434079 0.118988 0.200218 0.222011 0.184392 0.125409 0.0653517 0.0232121 0.00533734 0.000804672 8.31769e-05 6.11488e-06 3.19571e-07 1.1585e-08 2.85792e-10 4.76274e-12 5.32832e-14 3.94938e-16
 1.57708e-11 1.71254e-09 1.09641e-07 4.13869e-06 9.21214e-05 0.0012095 0.00937677 0.0430617 0.118299 0.200029 0.223592 0.1867 0.12588 0.0640818 0.0220403 0.00486577 0.000695503 6.72177e-05 4.59531e-06 2.25016e-07 7.72404e-09 1.80725e-10 2.82719e-12 2.91798e-14 1.96312e-16
 1.6122e-11 1.75067e-09 1.12083e-07 4.23091e-06 9.41768e-05 0.00123658 0.0095881 0.0440448 0.121036 0.204506 0.227238 0.186192 0.12154 0.0597344 0.0198883 0.00425239 0.000586009 5.40301e-05 3.47428e-06 1.58088e-07 5.00689e-09 1.07756e-10 1.551e-12 1.4777e-14 9.21543e-17
 1.60868e-11 1.74686e-09 1.11839e-07 4.22181e-06 9.39792e-05 0.00123415 0.00957258 0.0440097 0.121161 0.205417 0.229157 0.187473 0.120661 0.0579266 0.0187958 0.00391741 0.000525723 4.69983e-05 2.90611e-06 1.2591e-07 3.76282e-09 7.57798e-11 1.01233e-12 8.88638e-15 5.07991e-17
 1.36506e-11 1.48233e-09 9.49061e-08 3.58294e-06 7.97782e-05 0.00104842 0.0081484 0.0376706 0.105258 0.185104 0.222493 0.201946 0.140993 0.069677 0.0224106 0.00453461 0.00058166 4.89176e-05 2.80945e-06 1.12672e-07 3.13142e-09 5.89654e-11 7.37707e-13 6.0521e-15 3.22078e-17
 1.75026e-11 1.90061e-09 1.21684e-07 4.5935e-06 0.000102256 0.00134287 0.0104152 0.0478551 0.131377 0.220384 0.238046 0.18139 0.105648 0.0462496 0.0140141 0.00277957 0.000358627 3.08088e-05 1.80536e-06 7.23841e-08 1.95279e-09 3.47774e-11 4.04408e-13 3.05664e-15 1.49522e-17
 1.35519e-11 1.47163e-09 9.42256e-08 3.55762e-06 7.92353e-05 0.00104195 0.00811011 0.0376176 0.10581 0.188065 0.228058 0.205098 0.138026 0.0645408 0.0194471 0.00364492 0.000424673 3.15111e-05 1.55086e-06 5.26926e-08 1.25596e-09 2.07085e-11 2.29753e-13 1.67237e-15 7.83743e-18
#spawning biomass
 8204.86 7927.21 5456.53 6322.87 9675.3 14347.9 22731.5 33892.1 45191.5 66128.1 87439.3 114697 145656 149552 143946 145405 178767 171991 172171 182668 183911 219759 225041 220683 259701 286346 263966 253059 200670 130970 227031 161602 101859 63899.4 43265.4 33044 28279.4 26149.8 25226.1 24834.3 24670.8 24603.4 24575.9 24564.7 24560.2 24558.4 24557.7 24557.4 24557.3 24557.2 24557.2 24557.2 24557.2 24557.2 24557.2 24557.2 24557.2 24557.2 24557.2 24557.2 24557.2 24557.2 24557.2 24557.2 24557.2 24557.2 24557.2 24557.2 24557.2 24557.2 24557.2 24557.2 24557.2 24557.2 24557.2 24557.2 24557.2 24557.2 24557.2 24557.2 24557.2 24557.2 24557.2 24557.2 24557.2 24557.2 24557.2 24557.2 24557.2 24557.2 24557.2 24557.2 24557.2 24557.2 24557.2 24557.2 24557.2 24557.2 24557.2 24557.2 24557.2 24557.2 24557.2 24557.2 24557.2 24557.2 24557.2 24557.2 24557.2 24557.2 24557.2 24557.2 24557.2 24557.2 24557.2 24557.2 24557.2 24557.2 24557.2 24557.2 24557.2 24557.2 24557.2 24557.2 24557.2 24557.2 24557.2 24557.2 24557.2 0 0 0 0 0 0 0 0 0 0 0 0 0 0 0 0 0 0 0 0 0 0 0 0 0
