SBPRF35
0.564466
Curr Bio
92197.5
B35
576123
F35
0.253127
FOFL
0
OFL
0
Bzero
161276
#pred survey bio
 26779.7 34327.1 24207.5 14127.4 15021.4 22494.3 29766.9 41180.8 50152.4 62134.8 56824.4 64671.2 75102.6 88732.4 85549.5 87384.3 85047.9 84520.6 92910.5 99719.7 97592.1 107519 108527 114129 94631.1 91587.9 94471.4 95621.6 2.6801e+06 4.76855e+06 5.02971e+06 4.62335e+06 3.95941e+06 3.29032e+06 2.72665e+06 2.2945e+06 1.9812e+06 1.76177e+06 1.61125e+06 1.50915e+06 1.44019e+06 1.39354e+06 1.3617e+06 1.33908e+06 1.32372e+06 1.3131e+06 1.30565e+06 1.30035e+06 1.29652e+06 1.29371e+06 1.29164e+06 1.29009e+06 1.28893e+06 1.28805e+06 1.28738e+06 1.28687e+06 1.28647e+06 1.28617e+06 1.28594e+06 1.28576e+06 1.28562e+06 1.28551e+06 1.28543e+06 1.28537e+06 1.28532e+06 1.28528e+06 1.28525e+06 1.28522e+06 1.28521e+06 1.28519e+06 1.28518e+06 1.28517e+06 1.28517e+06 1.28516e+06 1.28516e+06 1.28515e+06 1.28515e+06 1.28515e+06 1.28515e+06 1.28515e+06 1.28515e+06 1.28515e+06 1.28514e+06 1.28514e+06 1.28514e+06 1.28514e+06 1.28514e+06 1.28514e+06 1.28514e+06 1.28514e+06 1.28514e+06 1.28514e+06 1.28514e+06 1.28514e+06 1.28514e+06 1.28514e+06 1.28514e+06 1.28514e+06 1.28514e+06 1.28514e+06 1.28514e+06 1.28514e+06 1.28514e+06 1.28514e+06 1.28514e+06 1.28514e+06 1.28514e+06 1.28514e+06 1.28514e+06 1.28514e+06 1.28514e+06 1.28514e+06 1.28514e+06 1.28514e+06 1.28514e+06 1.28514e+06 1.28514e+06 1.28514e+06 1.28514e+06 1.28514e+06 1.28514e+06 1.28514e+06 1.28514e+06 1.28514e+06 1.28514e+06 1.28514e+06 1.28514e+06 1.28514e+06 0 0 0 0 0 0 0 0 0 0 0 0 0 0 0 0 0 0 0 0 0 0 0 0 0
#obs survey bio
 22191.3 22750.5 16101.1 13944.4 15651.8 26570.2 30034.5 38299.2 45953.2 61260.9 47286.4 76847.5 70925.8 107647 78424.8 96524.1 102879 57474.9 68839.8 91163.4 124503 78026.7 102117 134900 91971.5 102248 166101 124235
#pred catch bio
 10157 19115.8 15420.5 9656.69 8938.61 14621.3 19597.2 29279.7 36120.3 52911.3 46268 53599.3 62756 82154.3 79361.2 82910 83058.6 83111.9 93930.4 106070 103914 119616 122768 133861 110426 109037 116174 109400 0 44698.4 46587.2 42168.5 35455 28874 23451 19389.3 16524.8 14585 13308.7 12486.2 11964.4 11637.2 11433.3 11304.9 11227.5 11180.9 11152.7 11135.8 11125.5 11119.4 11115.7 11113.4 11112.1 11111.3 11110.8 11110.5 11110.3 11110.2 11110.1 11110.1 11110.1 11110 11110 11110 11110 11110 11110 11110 11110 11110 11110 11110 11110 11110 11110 11110 11110 11110 11110 11110 11110 11110 11110 11110 11110 11110 11110 11110 11110 11110 11110 11110 11110 11110 11110 11110 11110 11110 11110 11110 11110 11110 11110 11110 11110 11110 11110 11110 11110 11110 11110 11110 11110 11110 11110 11110 11110 11110 11110 11110 11110 11110 11110 11110 11110 11110 11110 11110 0 0 0 0 0 0 0 0 0 0 0 0 0 0 0 0 0 0 0 0 0 0 0 0 0
#obs catch bio
 18702.4 21341.5 18416.5 11550.1 8977.93 13996.4 19083 29090.1 35477 52902.1 45514.9 50061.2 56397.9 73711.4 79707.3 80097.1 75916.8 82037.7 89559 102661 93903.1 118659 121276 114796 100914 94307 105015 105956
#pred cpue bio
 25084.7 33148.4 23790.2 13379.6 13496.3 20782.3 27035.8 37583.1 45683.5 56405.1 51318.9 57982.3 67248.5 79203.9 75731.7 77406.9 75040.4 73847.1 80877.4 86342.4 83735.7 92057.6 91921.1 96513.9 79873 76935.4 78635.3 78985.9 2.28084e+06 4.74946e+06 5.01063e+06 4.60428e+06 3.94033e+06 3.27124e+06 2.70757e+06 2.27542e+06 1.96212e+06 1.74269e+06 1.59217e+06 1.49007e+06 1.42111e+06 1.37447e+06 1.34262e+06 1.32e+06 1.30464e+06 1.29402e+06 1.28658e+06 1.28127e+06 1.27744e+06 1.27463e+06 1.27256e+06 1.27102e+06 1.26985e+06 1.26897e+06 1.2683e+06 1.26779e+06 1.2674e+06 1.26709e+06 1.26686e+06 1.26668e+06 1.26654e+06 1.26644e+06 1.26635e+06 1.26629e+06 1.26624e+06 1.2662e+06 1.26617e+06 1.26615e+06 1.26613e+06 1.26611e+06 1.2661e+06 1.26609e+06 1.26609e+06 1.26608e+06 1.26608e+06 1.26608e+06 1.26607e+06 1.26607e+06 1.26607e+06 1.26607e+06 1.26607e+06 1.26607e+06 1.26607e+06 1.26607e+06 1.26607e+06 1.26607e+06 1.26607e+06 1.26607e+06 1.26606e+06 1.26606e+06 1.26606e+06 1.26606e+06 1.26606e+06 1.26606e+06 1.26606e+06 1.26606e+06 1.26606e+06 1.26606e+06 1.26606e+06 1.26606e+06 1.26606e+06 1.26606e+06 1.26606e+06 1.26606e+06 1.26606e+06 1.26606e+06 1.26606e+06 1.26606e+06 1.26606e+06 1.26606e+06 1.26606e+06 1.26606e+06 1.26606e+06 1.26606e+06 1.26606e+06 1.26606e+06 1.26606e+06 1.26606e+06 1.26606e+06 1.26606e+06 1.26606e+06 1.26606e+06 1.26606e+06 1.26606e+06 1.26606e+06 1.26606e+06 1.26606e+06 1.26606e+06 0 0 0 0 0 0 0 0 0 0 0 0 0 0 0 0 0 0 0 0 0 0 0 0 0
#obs cpue bio
 47145.2 26349.8 15934.6 8443.7 13011.8 30057 25405.5 40975.7 53158.3 61287.6 62985.1 70841.9 109499 102932 69497.6 85681.1 93205.3 104194 136407 108856 99868 124614 102414 165040 110575 123789 66489.9 66128.8
#pred surv len freq
 1.38086e-11 1.49879e-09 9.59222e-08 3.61981e-06 8.05454e-05 0.0010568 0.00817684 0.0373281 0.1008 0.163096 0.16798 0.136408 0.118499 0.100492 0.0674263 0.0386469 0.0222438 0.0131147 0.00797617 0.00516348 0.00363367 0.00282549 0.00231929 0.00173347 0.000995696
 8.91089e-12 9.67191e-10 6.19001e-08 2.33592e-06 5.19776e-05 0.000682 0.00527782 0.0241157 0.0654225 0.108286 0.122942 0.129326 0.147141 0.141499 0.103595 0.0658931 0.0396278 0.0215695 0.0109593 0.00564876 0.00312781 0.00195513 0.0013765 0.000958099 0.000542167
 5.4872e-12 5.95583e-10 3.81173e-08 1.43843e-06 3.20074e-05 0.000419986 0.00325081 0.0148687 0.0405417 0.0687529 0.0856587 0.108256 0.141696 0.149938 0.127744 0.100064 0.0713504 0.043611 0.0232373 0.0110549 0.00492011 0.00228216 0.00122117 0.000719768 0.000380011
 1.35815e-11 1.47415e-09 9.43451e-08 3.56029e-06 7.92209e-05 0.00103941 0.0080418 0.0367003 0.0989487 0.158846 0.157761 0.113475 0.0840604 0.0738154 0.067197 0.0612923 0.051918 0.0386675 0.024847 0.0133766 0.00602898 0.00238757 0.000931434 0.000403237 0.000178927
 1.78993e-11 1.94279e-09 1.24338e-07 4.69214e-06 0.000104406 0.00136984 0.0105981 0.0483623 0.130331 0.208736 0.204945 0.140546 0.0919722 0.0649456 0.0392214 0.0204535 0.0125012 0.00958541 0.00731989 0.00479904 0.00255937 0.00109331 0.000386301 0.000125088 4.08819e-05
 1.45086e-11 1.57477e-09 1.00785e-07 3.80332e-06 8.46288e-05 0.00111038 0.00859142 0.0392215 0.105923 0.171472 0.177002 0.144633 0.125972 0.104473 0.0645827 0.0304913 0.0132506 0.00597287 0.00310742 0.00195454 0.001208 0.000612259 0.000239863 7.36867e-05 1.90452e-05
 1.64581e-11 1.78636e-09 1.14327e-07 4.31435e-06 9.59996e-05 0.00125956 0.00974513 0.0444758 0.119941 0.192773 0.192484 0.140734 0.104425 0.0817843 0.0540276 0.0304728 0.0158863 0.00718735 0.00278449 0.00106276 0.000473289 0.000235004 0.000103663 3.51863e-05 8.93206e-06
 1.58281e-11 1.71799e-09 1.09951e-07 4.14921e-06 9.23253e-05 0.00121135 0.00937236 0.0427789 0.115424 0.185989 0.187951 0.143281 0.113308 0.0902438 0.0565892 0.0285597 0.0138597 0.006687 0.00295899 0.00113105 0.000374254 0.000121625 4.33477e-05 1.48476e-05 4.02334e-06
 1.60052e-11 1.73721e-09 1.11181e-07 4.19563e-06 9.33581e-05 0.0012249 0.00947716 0.0432562 0.116698 0.187937 0.189419 0.143106 0.111676 0.0885865 0.0559812 0.0286233 0.0136984 0.00618604 0.00255996 0.000989876 0.000344756 0.000102487 2.67498e-05 6.76499e-06 1.6367e-06
 1.63084e-11 1.77012e-09 1.13288e-07 4.27513e-06 9.51269e-05 0.00124811 0.00965666 0.0440742 0.118888 0.191324 0.192176 0.143459 0.109777 0.085983 0.0538381 0.0271667 0.0128638 0.00579861 0.00236838 0.000875824 0.000291086 8.54221e-05 2.14467e-05 4.52569e-06 8.31737e-07
 1.66414e-11 1.80627e-09 1.15601e-07 4.36242e-06 9.70693e-05 0.00127359 0.00985381 0.0449735 0.121307 0.195157 0.195744 0.145336 0.10999 0.0847524 0.051089 0.0236588 0.0100215 0.0042021 0.00166418 0.000606557 0.000197496 5.58519e-05 1.34676e-05 2.70321e-06 4.41356e-07
 1.72811e-11 1.87569e-09 1.20044e-07 4.53009e-06 0.0001008 0.00132254 0.0102324 0.0466983 0.125916 0.202225 0.201199 0.145093 0.104501 0.0783607 0.0471697 0.0220833 0.00935613 0.00374744 0.00135362 0.000449793 0.000138496 3.80143e-05 8.90926e-06 1.72107e-06 2.66324e-07
 1.73401e-11 1.8821e-09 1.20454e-07 4.54556e-06 0.000101144 0.00132706 0.0102673 0.0468578 0.126347 0.202927 0.201941 0.145729 0.104998 0.0784357 0.0465291 0.0210217 0.0084963 0.00331446 0.00118238 0.000378614 0.000107923 2.71132e-05 5.9481e-06 1.10126e-06 1.64205e-07
 1.75917e-11 1.90941e-09 1.22202e-07 4.61151e-06 0.000102612 0.00134631 0.0104162 0.0475363 0.128161 0.205718 0.204138 0.145772 0.10305 0.0760547 0.044911 0.0201873 0.00805485 0.00305953 0.0010487 0.000322949 8.91869e-05 2.14191e-05 4.3716e-06 7.46146e-07 1.04078e-07
 1.81867e-11 1.97399e-09 1.26335e-07 4.76748e-06 0.000106082 0.00139184 0.0107684 0.0491413 0.132458 0.212367 0.209564 0.146509 0.0993908 0.0709892 0.040666 0.0171915 0.00623574 0.00219869 0.000725957 0.000217044 5.77447e-05 1.33019e-05 2.59924e-06 4.20067e-07 5.46101e-08
 1.81053e-11 1.96515e-09 1.2577e-07 4.74615e-06 0.000105608 0.00138561 0.0107203 0.0489221 0.131874 0.211491 0.208979 0.146841 0.100561 0.0721654 0.041155 0.0170757 0.00594087 0.00196594 0.000597271 0.00016342 4.07122e-05 8.97175e-06 1.68307e-06 2.60197e-07 3.21834e-08
 1.84018e-11 1.99734e-09 1.27829e-07 4.82389e-06 0.000107337 0.00140831 0.0108958 0.0497217 0.134012 0.214775 0.211544 0.146826 0.0981536 0.069251 0.0391964 0.0161166 0.00551252 0.00178048 0.000521863 0.000134628 3.09066e-05 6.22841e-06 1.08211e-06 1.57976e-07 1.86374e-08
 1.91048e-11 2.07364e-09 1.32713e-07 5.00816e-06 0.000111438 0.0014621 0.0113118 0.0516174 0.13908 0.22256 0.217621 0.146778 0.092424 0.0623053 0.034505 0.0138065 0.00450446 0.0013875 0.000394089 9.88609e-05 2.18489e-05 4.15617e-06 6.67029e-07 8.91565e-08 9.71373e-09
 1.93444e-11 2.09965e-09 1.34377e-07 5.07098e-06 0.000112836 0.00148044 0.0114537 0.0522637 0.140809 0.225225 0.219744 0.146901 0.0906831 0.0600835 0.0328587 0.0128345 0.00398659 0.00115604 0.000310968 7.40164e-05 1.56206e-05 2.8593e-06 4.39623e-07 5.54038e-08 5.5929e-09
 1.96943e-11 2.13763e-09 1.36808e-07 5.16271e-06 0.000114877 0.00150722 0.0116608 0.0532073 0.143331 0.229101 0.222772 0.146886 0.087845 0.056637 0.0305235 0.0116754 0.00347313 0.000951045 0.000242027 5.42302e-05 1.07319e-05 1.85015e-06 2.6976e-07 3.24268e-08 3.11781e-09
 2.0266e-11 2.19968e-09 1.40779e-07 5.31258e-06 0.000118211 0.00155097 0.0119992 0.054749 0.147452 0.235429 0.227696 0.146795 0.0831044 0.0509308 0.0267208 0.00986148 0.0027183 0.000671731 0.000157499 3.30421e-05 6.12492e-06 9.88183e-07 1.34684e-07 1.51723e-08 1.37628e-09
 2.03916e-11 2.21331e-09 1.41652e-07 5.34549e-06 0.000118944 0.00156058 0.0120735 0.0550876 0.148357 0.23682 0.228786 0.146798 0.0820991 0.0497037 0.0258814 0.00943547 0.00252311 0.000590815 0.000129224 2.47947e-05 4.15695e-06 6.13697e-07 7.75007e-08 8.1229e-09 6.86861e-10
 2.10368e-11 2.28334e-09 1.46134e-07 5.51463e-06 0.000122707 0.00160995 0.0124553 0.0568273 0.153006 0.243944 0.234263 0.146476 0.076413 0.0430388 0.0216785 0.0076939 0.00194652 0.000417256 8.43516e-05 1.52237e-05 2.3829e-06 3.2288e-07 3.69426e-08 3.50782e-09 2.71596e-10
 2.11204e-11 2.29241e-09 1.46714e-07 5.53653e-06 0.000123194 0.00161634 0.0125048 0.0570526 0.153609 0.244872 0.234998 0.146505 0.0757854 0.0422474 0.0211027 0.00736661 0.00178259 0.000351278 6.46763e-05 1.07011e-05 1.52987e-06 1.9042e-07 2.01532e-08 1.75834e-09 1.23724e-10
 2.12238e-11 2.30364e-09 1.47433e-07 5.56365e-06 0.000123798 0.00162426 0.012566 0.0573316 0.154355 0.246019 0.235894 0.146502 0.0749476 0.0412268 0.020406 0.00701693 0.00162941 0.000294899 4.90682e-05 7.42464e-06 9.65879e-07 1.08639e-07 1.0417e-08 8.26997e-10 5.32298e-11
 2.14962e-11 2.33321e-09 1.49325e-07 5.63506e-06 0.000125387 0.00164511 0.0127273 0.058066 0.156316 0.24902 0.238176 0.146284 0.0724219 0.0383315 0.0186699 0.00640057 0.00148846 0.000269758 4.43652e-05 6.43534e-06 7.72718e-07 7.84402e-08 6.77649e-09 4.84545e-10 2.80781e-11
 2.19904e-11 2.38684e-09 1.52758e-07 5.76459e-06 0.000128269 0.00168292 0.0130197 0.0593983 0.159876 0.254468 0.242333 0.145933 0.0679086 0.0331224 0.0154965 0.00521436 0.00117679 0.00020066 3.07933e-05 4.30007e-06 5.07916e-07 5.0334e-08 4.1265e-09 2.71297e-10 1.41765e-11
 2.23824e-11 2.4294e-09 1.55481e-07 5.86737e-06 0.000130556 0.00171292 0.0132518 0.0604554 0.1627 0.258792 0.245634 0.145661 0.0643375 0.0289958 0.0129755 0.00426374 0.000921244 0.000141818 1.87586e-05 2.3207e-06 2.51506e-07 2.32764e-08 1.82385e-09 1.16337e-10 5.85193e-12
#obs surv len freq
 3.93106e-11 3.64317e-09 1.99084e-07 6.41476e-06 0.000121875 0.00136539 0.00902172 0.035194 0.0815106 0.11536 0.113603 0.10926 0.121058 0.122225 0.105743 0.0818059 0.0540129 0.0294606 0.0134189 0.00500921 0.00145641 0.000313373 4.78516e-05 5.01115e-06 3.49851e-07
 2.40559e-11 2.15025e-09 1.1333e-07 3.52199e-06 6.45403e-05 0.000697476 0.00444809 0.0168005 0.0382908 0.0575517 0.0756727 0.113009 0.154885 0.163461 0.142209 0.108065 0.0681015 0.0348203 0.0148558 0.00525344 0.00146129 0.000301063 4.36908e-05 4.29844e-06 2.78709e-07
 1.38391e-11 1.19104e-09 6.0441e-08 1.80854e-06 3.19107e-05 0.000332085 0.00204074 0.00745239 0.0167052 0.0265018 0.0420823 0.0760774 0.122942 0.166471 0.189388 0.165826 0.105503 0.050632 0.0196902 0.00633946 0.00162399 0.00031184 4.24706e-05 3.92516e-06 2.38277e-07
 2.45072e-10 2.02748e-08 9.89028e-07 2.84476e-05 0.000482471 0.00482485 0.0284505 0.098927 0.20291 0.245937 0.177919 0.0815995 0.0333626 0.0260071 0.0300865 0.0292658 0.0213729 0.0118233 0.0049744 0.00157857 0.000374831 6.54661e-05 8.13594e-06 6.91663e-07 3.8851e-08
 1.26097e-10 1.00127e-08 4.68794e-07 1.29421e-05 0.000210683 0.00202266 0.0114615 0.0385003 0.0783853 0.107109 0.131891 0.178667 0.201406 0.148391 0.0683421 0.0217889 0.00688907 0.00298762 0.00133588 0.000462878 0.000113876 1.93649e-05 2.24211e-06 1.74029e-07 8.88995e-09
 3.70196e-10 2.81729e-08 1.26421e-06 3.34496e-05 0.00052186 0.00480083 0.0260453 0.0833818 0.158054 0.180548 0.135532 0.0909132 0.0803353 0.082732 0.075778 0.0511855 0.0225744 0.00623537 0.00113143 0.000165575 2.57021e-05 3.86388e-06 4.33265e-07 3.22616e-08 1.54302e-09
 4.41921e-10 3.21891e-08 1.38249e-06 3.50107e-05 0.000522801 0.00460364 0.0239154 0.0734558 0.134933 0.156772 0.142065 0.138874 0.133914 0.0973414 0.0529519 0.0249543 0.010719 0.00377392 0.000973542 0.000172214 2.055e-05 1.74493e-06 1.1747e-07 6.52589e-09 2.72402e-10
 6.04655e-10 4.21001e-08 1.72841e-06 4.18406e-05 0.000597236 0.00502722 0.0249659 0.0733274 0.128994 0.144508 0.129072 0.12785 0.128759 0.106318 0.0717127 0.0387457 0.0151399 0.00404233 0.000768155 0.000114191 1.36825e-05 1.22352e-06 7.51158e-08 3.07606e-09 8.544e-11
 9.68236e-10 6.43648e-08 2.52292e-06 5.83104e-05 0.000794668 0.00638648 0.030282 0.0849277 0.142723 0.153014 0.131326 0.124976 0.12025 0.0947794 0.0613851 0.0323132 0.0125897 0.00343 0.000659266 9.19142e-05 9.40124e-06 7.03906e-07 3.82225e-08 1.46609e-09 3.81204e-11
 1.32523e-09 8.40163e-08 3.14067e-06 6.92263e-05 0.000899749 0.00689658 0.031198 0.083609 0.135331 0.144628 0.134453 0.139819 0.132851 0.096613 0.0558519 0.0261282 0.00906347 0.00217333 0.000363019 4.44413e-05 4.10987e-06 2.8131e-07 1.36685e-08 4.56531e-10 1.02816e-11
 2.06652e-09 1.24813e-07 4.44495e-06 9.33392e-05 0.00115575 0.00843974 0.036374 0.0928873 0.143372 0.146535 0.13118 0.132322 0.123916 0.0918156 0.0550872 0.0259495 0.00864172 0.00191125 0.000282967 2.95004e-05 2.27347e-06 1.30704e-07 5.46683e-09 1.60861e-10 3.2281e-12
 3.26931e-09 1.87931e-07 6.36985e-06 0.000127306 0.00150029 0.0104274 0.0427776 0.104036 0.153298 0.151007 0.132653 0.130589 0.116781 0.0817537 0.0462221 0.0206164 0.00656812 0.00140894 0.000204922 2.09492e-05 1.53724e-06 8.02078e-08 2.91611e-09 7.28478e-11 1.23775e-12
 4.42608e-09 2.4193e-07 7.79735e-06 0.000148182 0.00166058 0.010976 0.0428453 0.0994181 0.141604 0.141742 0.137282 0.144063 0.126386 0.083988 0.0445758 0.0185637 0.00549447 0.00108625 0.000144264 1.34379e-05 9.08735e-07 4.44257e-08 1.52301e-09 3.551e-11 5.50674e-13
 7.47013e-09 3.87934e-07 1.18789e-05 0.000214479 0.00228352 0.0143395 0.053172 0.117119 0.157793 0.147406 0.130832 0.128468 0.110256 0.0746612 0.0407487 0.016887 0.00479775 0.000889994 0.000109047 9.22241e-06 5.59711e-07 2.44879e-08 7.55023e-10 1.59787e-11 2.27174e-13
 9.02163e-09 4.44776e-07 1.29296e-05 0.000221629 0.00224028 0.01336 0.0471117 0.0993616 0.132286 0.135507 0.146271 0.156642 0.129118 0.0794737 0.0389408 0.0147534 0.00392008 0.000691497 8.15136e-05 6.6555e-06 3.85914e-07 1.57931e-08 4.45757e-10 8.50687e-12 1.08298e-13
 1.44473e-08 6.75727e-07 1.86356e-05 0.000303049 0.00290613 0.0164416 0.055001 0.110013 0.138706 0.134004 0.136872 0.142622 0.120272 0.0798514 0.0420504 0.016111 0.00408855 0.000663096 6.98022e-05 4.99326e-06 2.54256e-07 9.34309e-09 2.42444e-10 4.30193e-12 5.0845e-14
 2.27328e-08 1.0081e-06 2.63598e-05 0.000406424 0.00369538 0.0198248 0.0629168 0.119666 0.144886 0.138049 0.140589 0.141062 0.111421 0.0684543 0.033461 0.0120762 0.00294251 0.000469081 4.97858e-05 3.63583e-06 1.85529e-07 6.53695e-09 1.5574e-10 2.47537e-12 2.608e-14
 3.30527e-08 1.389e-06 3.44181e-05 0.000502891 0.00433332 0.0220355 0.066351 0.120282 0.141487 0.137429 0.144878 0.143637 0.109816 0.0652713 0.0306497 0.0104918 0.00240363 0.000358982 3.57472e-05 2.47048e-06 1.21133e-07 4.16567e-09 9.76554e-11 1.52116e-12 1.54578e-14
 4.71495e-08 1.87688e-06 4.40543e-05 0.00060974 0.0049772 0.0239824 0.0685119 0.118527 0.136232 0.136071 0.148248 0.145744 0.109844 0.0648823 0.029948 0.00987881 0.00215875 0.000307411 2.92813e-05 1.93581e-06 9.0259e-08 2.92928e-09 6.4598e-11 9.49088e-13 9.15397e-15
 7.65875e-08 2.88697e-06 6.41677e-05 0.000841004 0.0065008 0.0296633 0.0802619 0.131597 0.143628 0.136671 0.142181 0.13458 0.0993871 0.0580876 0.0262125 0.00831863 0.00174052 0.000238586 2.20722e-05 1.42318e-06 6.43937e-08 2.00717e-09 4.20902e-11 5.83466e-13 5.27843e-15
 1.0859e-07 3.87523e-06 8.15448e-05 0.00101184 0.00740546 0.0320087 0.0822114 0.129186 0.140032 0.140466 0.150886 0.138212 0.0959747 0.0523245 0.0220814 0.00660577 0.00131685 0.000174236 1.57486e-05 9.96982e-07 4.41072e-08 1.33375e-09 2.69417e-11 3.57591e-13 3.07877e-15
 1.51423e-07 5.11513e-06 0.000101887 0.00119675 0.00829196 0.0339463 0.0827667 0.124708 0.13416 0.139938 0.153366 0.139732 0.0976438 0.05384 0.0224427 0.00646441 0.00122701 0.000154525 1.33506e-05 8.1131e-07 3.45352e-08 1.00568e-09 1.95569e-11 2.49401e-13 2.05582e-15
 2.33564e-07 7.46796e-06 0.000140797 0.00156537 0.0102667 0.0397969 0.091988 0.132088 0.137645 0.141404 0.150706 0.132256 0.0893905 0.0475937 0.0189425 0.0051636 0.000925167 0.000110106 9.00419e-06 5.17915e-07 2.08413e-08 5.73284e-10 1.05337e-11 1.27035e-13 9.91079e-16
 3.10764e-07 9.40499e-06 0.000167837 0.00176631 0.0109685 0.0403029 0.0887841 0.124317 0.134895 0.151095 0.163547 0.136627 0.0856695 0.041948 0.0153538 0.00384603 0.00062906 6.75728e-05 4.94047e-06 2.54266e-07 9.25997e-09 2.33676e-10 3.97633e-12 4.46213e-14 3.24556e-16
 4.62079e-07 1.32373e-05 0.000223605 0.00222754 0.0130949 0.0455646 0.0951904 0.127122 0.133513 0.146447 0.155852 0.131281 0.0856909 0.0434256 0.0158419 0.00384305 0.000602733 6.2052e-05 4.33633e-06 2.10591e-07 7.09078e-09 1.62441e-10 2.48513e-12 2.50521e-14 1.64522e-16
 6.39142e-07 1.7333e-05 0.000277177 0.00261413 0.0145531 0.0480181 0.095692 0.124776 0.134942 0.154088 0.161231 0.129248 0.079638 0.0381047 0.0131989 0.00307617 0.000471917 4.84878e-05 3.42096e-06 1.66745e-07 5.52829e-09 1.22044e-10 1.76599e-12 1.65767e-14 1.00041e-16
 8.83907e-07 2.2695e-05 0.000343611 0.00306847 0.01618 0.0506424 0.0963762 0.123006 0.136503 0.15964 0.163761 0.126837 0.075362 0.0343643 0.0111387 0.00238816 0.000331779 3.05144e-05 1.93039e-06 8.60533e-08 2.68373e-09 5.69781e-11 8.0071e-13 7.28992e-15 4.23277e-17
 1.17231e-06 2.85015e-05 0.000408619 0.00345566 0.0172644 0.0513083 0.0935807 0.118225 0.136632 0.164288 0.166567 0.127165 0.074847 0.0333897 0.0104038 0.00212652 0.000281543 2.46831e-05 1.47797e-06 6.13377e-08 1.74879e-09 3.36002e-11 4.27809e-13 3.56349e-15 1.91824e-17
#pred catch len freq
 1.31419e-11 1.42642e-09 9.1291e-08 3.44504e-06 7.66566e-05 0.00100578 0.00778223 0.0355299 0.0959887 0.155672 0.162024 0.135917 0.123069 0.106329 0.0716623 0.0411076 0.0236624 0.0139512 0.00848493 0.00549283 0.00386544 0.00300571 0.00246723 0.00184404 0.00105921
 8.69114e-12 9.43339e-10 6.03736e-08 2.27832e-06 5.06958e-05 0.000665183 0.00514774 0.023523 0.0638362 0.105835 0.120961 0.129114 0.148576 0.143397 0.105064 0.0668355 0.0401951 0.0218783 0.0111162 0.00572963 0.00317259 0.00198312 0.0013962 0.000971815 0.000549929
 5.4906e-12 5.95952e-10 3.81409e-08 1.43932e-06 3.20272e-05 0.000420246 0.00325281 0.0148779 0.0405662 0.068791 0.0856905 0.108262 0.141679 0.149912 0.127721 0.100046 0.0713375 0.0436032 0.0232331 0.0110529 0.00491922 0.00228175 0.00122095 0.000719638 0.000379943
 1.37343e-11 1.49073e-09 9.54064e-08 3.60034e-06 8.0112e-05 0.0010511 0.00813224 0.0371126 0.100054 0.160572 0.159243 0.113913 0.0835282 0.0728879 0.0662503 0.0604165 0.0511753 0.0381143 0.0244915 0.0131852 0.00594273 0.00235341 0.000918109 0.000397468 0.000176367
 1.78099e-11 1.9331e-09 1.23718e-07 4.66873e-06 0.000103885 0.00136301 0.0105453 0.0481214 0.129686 0.207743 0.204153 0.140496 0.0926056 0.0657313 0.0397578 0.0207397 0.0126766 0.00971999 0.00742266 0.00486642 0.00259531 0.00110866 0.000391725 0.000126844 4.14559e-05
 1.45508e-11 1.57935e-09 1.01078e-07 3.81437e-06 8.48747e-05 0.0011136 0.00861638 0.0393352 0.106227 0.171939 0.177367 0.14463 0.12563 0.10406 0.0643079 0.0303598 0.0131934 0.00594705 0.00309399 0.00194609 0.00120278 0.000609612 0.000238826 7.33682e-05 1.89629e-05
 1.65172e-11 1.79278e-09 1.14738e-07 4.32985e-06 9.63446e-05 0.00126408 0.00978014 0.0446354 0.120368 0.19343 0.193006 0.14076 0.103989 0.0812324 0.0536257 0.0302423 0.0157659 0.00713287 0.00276338 0.0010547 0.000469701 0.000233223 0.000102878 3.49196e-05 8.86436e-06
 1.60388e-11 1.74085e-09 1.11414e-07 4.20443e-06 9.35539e-05 0.00122747 0.00949703 0.0433469 0.116942 0.188324 0.189785 0.143302 0.111649 0.088214 0.0552011 0.0278481 0.0135136 0.00651998 0.00288508 0.0011028 0.000364907 0.000118587 4.22651e-05 1.44768e-05 3.92285e-06
 1.62395e-11 1.76264e-09 1.12809e-07 4.25705e-06 9.47247e-05 0.00124283 0.00961583 0.0438881 0.118388 0.190535 0.191461 0.143135 0.109836 0.0863274 0.0544213 0.0278129 0.0133097 0.00601049 0.00248731 0.000961784 0.000334972 9.95788e-05 2.59907e-05 6.57301e-06 1.59025e-06
 1.69347e-11 1.8381e-09 1.17638e-07 4.43929e-06 9.87798e-05 0.00129603 0.0100273 0.0457631 0.123404 0.198267 0.197624 0.14351 0.104821 0.0799193 0.0496784 0.0250327 0.011851 0.00534199 0.00218187 0.000806854 0.000268163 7.86953e-05 1.97579e-05 4.16931e-06 7.6624e-07
 1.71313e-11 1.85944e-09 1.19004e-07 4.49083e-06 9.99266e-05 0.00131108 0.0101437 0.0462945 0.124838 0.200578 0.199962 0.145258 0.105931 0.0798812 0.0478698 0.0221421 0.0093774 0.00393195 0.00155719 0.000567562 0.000184799 5.22612e-05 1.26018e-05 2.52942e-06 4.12981e-07
 1.77799e-11 1.92984e-09 1.23509e-07 4.66085e-06 0.00010371 0.00136071 0.0105276 0.0480433 0.129511 0.207746 0.205498 0.145023 0.100381 0.0734028 0.0438714 0.0205101 0.00868772 0.00347965 0.00125689 0.00041765 0.000128599 3.52977e-05 8.27259e-06 1.59808e-06 2.47293e-07
 1.7854e-11 1.93788e-09 1.24024e-07 4.68028e-06 0.000104142 0.00136638 0.0105715 0.0482436 0.130051 0.208612 0.206353 0.145608 0.10068 0.0732785 0.0431495 0.0194658 0.0078656 0.00306835 0.00109458 0.0003505 9.99088e-05 2.50999e-05 5.50642e-06 1.01949e-06 1.52012e-07
 1.83465e-11 1.99133e-09 1.27445e-07 4.80938e-06 0.000107014 0.00140407 0.010863 0.0495716 0.133601 0.214067 0.210614 0.145584 0.0966896 0.0684638 0.0399432 0.0179103 0.00714356 0.00271328 0.000930019 0.0002864 7.90933e-05 1.89951e-05 3.87685e-06 6.61703e-07 9.22989e-08
 1.88852e-11 2.04981e-09 1.31187e-07 4.95061e-06 0.000110157 0.0014453 0.0111819 0.0510249 0.137492 0.220086 0.215521 0.146234 0.0933491 0.0638584 0.0361061 0.0152223 0.00551894 0.00194584 0.000642472 0.000192084 5.1104e-05 1.17722e-05 2.30033e-06 3.71759e-07 4.83299e-08
 1.88696e-11 2.04811e-09 1.31079e-07 4.9465e-06 0.000110066 0.0014441 0.0111726 0.0509829 0.137381 0.219933 0.215482 0.146502 0.0938931 0.0643208 0.0361714 0.0149641 0.0052036 0.00172187 0.000523116 0.000143131 3.56575e-05 7.85785e-06 1.4741e-06 2.27892e-07 2.81876e-08
 1.92065e-11 2.08468e-09 1.33419e-07 5.03482e-06 0.000112031 0.00146988 0.011372 0.0518913 0.13981 0.223662 0.218385 0.146453 0.0911087 0.0609743 0.0339531 0.0139126 0.00475586 0.00153598 0.000450196 0.00011614 2.66623e-05 5.37307e-06 9.33505e-07 1.36282e-07 1.6078e-08
 1.9834e-11 2.15279e-09 1.37779e-07 5.19933e-06 0.000115691 0.00151791 0.0117435 0.0535837 0.144334 0.230612 0.223807 0.146401 0.0859789 0.0547638 0.0297685 0.0118634 0.00386776 0.00119127 0.000338352 8.48789e-05 1.87588e-05 3.56836e-06 5.7269e-07 7.6547e-08 8.3399e-09
 2.01031e-11 2.182e-09 1.39648e-07 5.26987e-06 0.000117261 0.0015385 0.0119027 0.0543094 0.146274 0.233598 0.226165 0.14647 0.0839197 0.0521979 0.0279449 0.0108644 0.00337183 0.00097766 0.000262982 6.25948e-05 1.32102e-05 2.41808e-06 3.71784e-07 4.68543e-08 4.72985e-09
 2.05121e-11 2.22639e-09 1.42488e-07 5.37707e-06 0.000119646 0.00156979 0.0121448 0.0554121 0.149222 0.238123 0.229682 0.146389 0.0805051 0.048104 0.0252398 0.00959696 0.00285171 0.000780762 0.00019869 4.45198e-05 8.81027e-06 1.51887e-06 2.21457e-07 2.66205e-08 2.55953e-09
 2.09834e-11 2.27755e-09 1.45763e-07 5.50062e-06 0.000122395 0.00160586 0.0124237 0.0566831 0.152619 0.24334 0.233741 0.146313 0.0765953 0.0433985 0.0221052 0.00810291 0.00223068 0.000551127 0.000129218 2.71091e-05 5.02514e-06 8.10745e-07 1.105e-07 1.2448e-08 1.12916e-09
 2.1172e-11 2.29801e-09 1.47072e-07 5.55006e-06 0.000123495 0.00162029 0.0125353 0.0571916 0.153978 0.245425 0.235355 0.146256 0.0749912 0.0414914 0.0208667 0.00754626 0.00201481 0.000471678 0.000103163 1.97944e-05 3.31862e-06 4.89933e-07 6.18712e-08 6.48476e-09 5.48342e-10
 2.17129e-11 2.35672e-09 1.5083e-07 5.69185e-06 0.00012665 0.00166168 0.0128555 0.05865 0.157875 0.251397 0.239944 0.14598 0.0702151 0.0358979 0.0173459 0.00609486 0.00153894 0.00032978 6.66652e-05 1.20316e-05 1.88327e-06 2.5518e-07 2.91966e-08 2.77231e-09 2.14649e-10
 2.18382e-11 2.37033e-09 1.51701e-07 5.72471e-06 0.000127382 0.00167128 0.0129297 0.0589881 0.158779 0.252785 0.241023 0.145958 0.0691725 0.0346439 0.0165113 0.00569828 0.00137575 0.000271 4.98934e-05 8.25513e-06 1.18019e-06 1.46896e-07 1.55468e-08 1.35644e-09 9.54443e-11
 2.1909e-11 2.37801e-09 1.52192e-07 5.74325e-06 0.000127794 0.00167669 0.0129715 0.0591788 0.159289 0.253569 0.241638 0.145963 0.0686103 0.0339532 0.0160319 0.00544934 0.00126245 0.00022839 3.79998e-05 5.74981e-06 7.47999e-07 8.41325e-08 8.06718e-09 6.40445e-10 4.12224e-11
 2.2148e-11 2.40395e-09 1.53853e-07 5.80592e-06 0.000129188 0.00169498 0.013113 0.0598233 0.161011 0.256203 0.243642 0.145772 0.0663946 0.0314127 0.0145081 0.00490767 0.0011382 0.000206181 3.39069e-05 4.91829e-06 5.90559e-07 5.99489e-08 5.17902e-09 3.70319e-10 2.1459e-11
 2.25621e-11 2.4489e-09 1.56729e-07 5.91448e-06 0.000131604 0.00172668 0.0133581 0.0609399 0.163994 0.260769 0.247124 0.145474 0.0626069 0.0270437 0.01185 0.00391839 0.000881135 0.000150148 2.30396e-05 3.21728e-06 3.80019e-07 3.76596e-08 3.08742e-09 2.02983e-10 1.06068e-11
 2.27832e-11 2.4729e-09 1.58265e-07 5.97243e-06 0.000132894 0.00174359 0.013489 0.0615359 0.165586 0.263207 0.248989 0.14533 0.0606079 0.0247265 0.0104242 0.00336864 0.000725291 0.000111579 1.47572e-05 1.82565e-06 1.97855e-07 1.83111e-08 1.43478e-09 9.15203e-11 4.60359e-12
#obs catch len freq
 4.04014e-11 3.74426e-09 2.04608e-07 6.59275e-06 0.000125257 0.00140327 0.00927185 0.0361665 0.0837229 0.118203 0.115215 0.108332 0.118174 0.119155 0.103785 0.0812659 0.0544703 0.0300803 0.0137185 0.00507359 0.0014622 0.000315101 4.87799e-05 5.22037e-06 3.73327e-07
 5.40881e-11 4.8347e-09 2.54814e-07 7.91892e-06 0.000145111 0.00156799 0.00999291 0.0376073 0.0841109 0.115525 0.112532 0.110124 0.122635 0.122411 0.104883 0.0801624 0.0520051 0.027833 0.0124017 0.00449578 0.00125865 0.000258729 3.74783e-05 3.70046e-06 2.42314e-07
 3.40957e-11 2.93439e-09 1.4891e-07 4.45573e-06 7.86168e-05 0.000818042 0.00502377 0.0182825 0.0402636 0.0591913 0.0781058 0.116875 0.157218 0.162809 0.139915 0.104704 0.0646461 0.032385 0.0135147 0.00464121 0.00124209 0.000244089 3.35438e-05 3.10691e-06 1.88766e-07
 2.02449e-11 1.67487e-09 8.1702e-08 2.35004e-06 3.98595e-05 0.000398757 0.00235606 0.00827984 0.0179386 0.0279504 0.0445345 0.0799746 0.127185 0.169837 0.189366 0.161115 0.0995454 0.046597 0.0176973 0.00553333 0.00136406 0.000249769 3.21869e-05 2.7976e-06 1.58977e-07
 3.54507e-10 2.81494e-08 1.31796e-06 3.63848e-05 0.000592278 0.00568486 0.0321741 0.107379 0.211401 0.245995 0.171067 0.0760209 0.0313581 0.025431 0.0291717 0.0276193 0.0195984 0.0105227 0.00428329 0.00131004 0.000298366 4.96567e-05 5.83867e-06 4.66682e-07 2.4526e-08
 1.89285e-10 1.44051e-08 6.46402e-07 1.71033e-05 0.000266846 0.0024554 0.0133369 0.0429657 0.0841169 0.111686 0.136113 0.181243 0.197051 0.139207 0.0616769 0.0192659 0.00619897 0.00271516 0.00118196 0.000392611 9.20016e-05 1.4832e-05 1.62058e-06 1.18158e-07 5.64562e-09
 5.54102e-10 4.03603e-08 1.73343e-06 4.3898e-05 0.000655501 0.00577168 0.0299701 0.0918411 0.166704 0.182709 0.132762 0.0882857 0.0782668 0.0798174 0.0712552 0.0462554 0.0194728 0.00513587 0.000898681 0.000129628 1.98645e-05 2.86531e-06 3.03019e-07 2.11449e-08 9.4448e-10
 6.72842e-10 4.68478e-08 1.92332e-06 4.6559e-05 0.000664586 0.00559414 0.027781 0.0815914 0.143491 0.160491 0.142162 0.136785 0.127927 0.0898992 0.0478173 0.0222502 0.00936798 0.00319045 0.000788802 0.000133086 1.51486e-05 1.23219e-06 7.95364e-08 4.19522e-09 1.6427e-10
 9.34604e-10 6.2129e-08 2.43528e-06 5.6285e-05 0.000767066 0.0061647 0.0292315 0.0819973 0.137935 0.148573 0.129489 0.126032 0.12355 0.0994609 0.0655659 0.0343097 0.0128669 0.00329546 0.000604361 8.70066e-05 1.00233e-05 8.52554e-07 4.94724e-08 1.90994e-09 4.99132e-11
 1.51688e-09 9.61663e-08 3.59486e-06 7.92372e-05 0.00102985 0.0078933 0.035695 0.0954959 0.153232 0.15749 0.130958 0.121351 0.113141 0.0868173 0.0549527 0.0280408 0.0104973 0.00274216 0.000505829 6.76518e-05 6.6215e-06 4.72801e-07 2.43709e-08 8.82331e-10 2.15428e-11
 2.10252e-09 1.26987e-07 4.52239e-06 9.49654e-05 0.00117589 0.00858682 0.0370089 0.0945214 0.14599 0.149617 0.134688 0.135576 0.124104 0.0874918 0.0493284 0.022357 0.00743999 0.00170668 0.000273397 3.21626e-05 2.84993e-06 1.85776e-07 8.54813e-09 2.69217e-10 5.69672e-12
 3.29592e-09 1.89461e-07 6.4217e-06 0.000128343 0.0015125 0.0105121 0.0431225 0.104842 0.15425 0.150964 0.130575 0.127315 0.115017 0.0827898 0.0483462 0.0219431 0.00697543 0.00146932 0.000207709 2.07424e-05 1.53101e-06 8.39571e-08 3.33139e-09 9.25232e-11 1.74477e-12
 5.24483e-09 2.86682e-07 9.23971e-06 0.000175593 0.0019677 0.0130044 0.0507325 0.117356 0.164643 0.154972 0.130909 0.12391 0.106596 0.0723849 0.0398054 0.0171049 0.00520277 0.00106325 0.000147588 1.44157e-05 1.00865e-06 4.99863e-08 1.71988e-09 4.05324e-11 6.47623e-13
 7.205e-09 3.74165e-07 1.14573e-05 0.000206867 0.00220249 0.0138314 0.0513001 0.113133 0.153311 0.146492 0.135913 0.136402 0.114783 0.07386 0.0380729 0.0152549 0.00430403 0.000809223 0.000102434 9.11562e-06 5.8826e-07 2.73231e-08 8.85618e-10 1.94452e-11 2.83071e-13
 1.21554e-08 5.99274e-07 1.74208e-05 0.00029861 0.00301823 0.0179934 0.0633447 0.132486 0.169586 0.150753 0.127548 0.119529 0.098556 0.0647123 0.0341989 0.0135697 0.00366211 0.000644432 7.50889e-05 6.05569e-06 3.50354e-07 1.45602e-08 4.24536e-10 8.46342e-12 1.12967e-13
 1.50586e-08 7.04316e-07 1.94241e-05 0.00031587 0.0030291 0.0171376 0.0573347 0.114734 0.144944 0.140774 0.143819 0.146127 0.115248 0.0685935 0.03255 0.0118249 0.0029873 0.000500078 5.60499e-05 4.35853e-06 2.4036e-07 9.32026e-09 2.48313e-10 4.45941e-12 5.32783e-14
 2.41493e-08 1.07091e-06 2.80022e-05 0.000431745 0.00392552 0.0210569 0.0667871 0.126653 0.15132 0.138203 0.133187 0.131802 0.106816 0.0686868 0.0348312 0.0127038 0.00304989 0.0004677 4.66809e-05 3.17688e-06 1.54015e-07 5.37184e-09 1.31685e-10 2.19818e-12 2.43606e-14
 3.80119e-08 1.5974e-06 3.95821e-05 0.000578338 0.00498318 0.0253339 0.076189 0.137289 0.157277 0.141142 0.134977 0.128239 0.0971446 0.0577445 0.0271904 0.00935103 0.00215837 0.000325868 3.28251e-05 2.27731e-06 1.10176e-07 3.6675e-09 8.22948e-11 1.22912e-12 1.2143e-14
 5.56252e-08 2.21427e-06 5.19734e-05 0.000719336 0.00587141 0.0282816 0.0806595 0.138429 0.153782 0.140076 0.138172 0.129618 0.0950436 0.0546066 0.0246506 0.00802622 0.00173977 0.000245915 2.32394e-05 1.52664e-06 7.1025e-08 2.30806e-09 5.09216e-11 7.44113e-13 7.07571e-15
 8.00747e-08 3.01842e-06 6.70893e-05 0.000879293 0.00679665 0.0310107 0.0838731 0.137248 0.148571 0.13837 0.140578 0.130807 0.0946548 0.0539949 0.0238918 0.00748036 0.00154519 0.00020818 1.88099e-05 1.18084e-06 5.21705e-08 1.59825e-09 3.31524e-11 4.56851e-13 4.12249e-15
 1.29345e-07 4.6159e-06 9.713e-05 0.00120519 0.00881951 0.0380976 0.0975631 0.151207 0.155132 0.137054 0.132485 0.11866 0.0841907 0.0474572 0.0204777 0.00615892 0.00121777 0.000157975 1.38637e-05 8.48114e-07 3.63064e-08 1.0666e-09 2.10113e-11 2.72905e-13 2.30795e-15
 1.8416e-07 6.22103e-06 0.000123914 0.00145543 0.0100829 0.04125 0.100242 0.148748 0.15107 0.140053 0.139718 0.121098 0.0807209 0.0424176 0.0171172 0.0048551 0.000915275 0.000114691 9.83545e-06 5.90279e-07 2.4674e-08 7.0228e-10 1.33113e-11 1.65368e-13 1.32967e-15
 2.61346e-07 8.35626e-06 0.000157544 0.00175152 0.0114864 0.0445013 0.102603 0.145655 0.145682 0.138786 0.140625 0.121336 0.0814555 0.0431825 0.0171498 0.00467363 0.000838269 9.99643e-05 8.19331e-06 4.71866e-07 1.89684e-08 5.19594e-10 9.47425e-12 1.12991e-13 8.69059e-16
 4.06371e-07 1.22984e-05 0.000219468 0.0023095 0.0143364 0.0525843 0.11487 0.155002 0.148845 0.137701 0.134655 0.111705 0.0724509 0.0370086 0.0140068 0.00360887 0.000610761 6.88086e-05 5.3356e-06 2.90658e-07 1.10383e-08 2.85464e-10 4.91592e-12 5.54189e-14 4.03232e-16
 5.44035e-07 1.5585e-05 0.000263262 0.00262249 0.0154139 0.0535864 0.111486 0.146243 0.145199 0.146442 0.146304 0.115704 0.0695607 0.0326527 0.0113591 0.00268715 0.000414611 4.21029e-05 2.91705e-06 1.42249e-07 4.89345e-09 1.16166e-10 1.85287e-12 1.94328e-14 1.31784e-16
 8.10114e-07 2.19695e-05 0.000351314 0.003313 0.018435 0.0606893 0.119688 0.149421 0.142771 0.140283 0.137838 0.110208 0.068988 0.0333898 0.0115344 0.00263812 0.000390143 3.79547e-05 2.51019e-06 1.15256e-07 3.65792e-09 7.87264e-11 1.12843e-12 1.06328e-14 6.51238e-17
 1.14588e-06 2.94211e-05 0.000445435 0.00397723 0.0209587 0.0654066 0.122813 0.148542 0.143564 0.145068 0.139817 0.106261 0.0627016 0.0286277 0.00939158 0.00206587 0.000299277 2.90834e-05 1.94062e-06 8.92402e-08 2.78187e-09 5.75748e-11 7.79278e-13 6.82859e-15 3.83999e-17
 1.59422e-06 3.8759e-05 0.000555655 0.00469824 0.0234513 0.0694062 0.124253 0.146221 0.143685 0.148786 0.141081 0.103686 0.0589177 0.0255749 0.00783455 0.00158259 0.000207313 1.80235e-05 1.07943e-06 4.54887e-08 1.33609e-09 2.66082e-11 3.49604e-13 2.96839e-15 1.60418e-17
#spawning biomass
 26425.9 34076.3 24116.8 13972.4 14705.7 22136.7 29199.9 40432.4 49223.1 60944.1 55680.6 63283.5 73473.1 86756.4 83515.5 85316.8 82975.3 82312.8 90422.4 96955.2 94731.2 104327 105102 110497 91588.4 88568.2 91210.1 92197.5 108239 225438 235042 212798 179002 145872 118572 98125.5 83705.1 73940.1 67514.9 63374.6 60747.8 59100.4 58074.1 57427.8 57038.1 56803.2 56661.6 56576.2 56524.7 56493.7 56475 56463.7 56456.9 56452.8 56450.4 56448.9 56448 56447.4 56447.1 56446.9 56446.8 56446.7 56446.7 56446.6 56446.6 56446.6 56446.6 56446.6 56446.6 56446.6 56446.6 56446.6 56446.6 56446.6 56446.6 56446.6 56446.6 56446.6 56446.6 56446.6 56446.6 56446.6 56446.6 56446.6 56446.6 56446.6 56446.6 56446.6 56446.6 56446.6 56446.6 56446.6 56446.6 56446.6 56446.6 56446.6 56446.6 56446.6 56446.6 56446.6 56446.6 56446.6 56446.6 56446.6 56446.6 56446.6 56446.6 56446.6 56446.6 56446.6 56446.6 56446.6 56446.6 56446.6 56446.6 56446.6 56446.6 56446.6 56446.6 56446.6 56446.6 56446.6 56446.6 56446.6 56446.6 56446.6 56446.6 56446.6 0 0 0 0 0 0 0 0 0 0 0 0 0 0 0 0 0 0 0 0 0 0 0 0 0
