SBPRF35
0.126202
Curr Bio
257488
B35
155574
F35
1.74958
FOFL
1.74958
OFL
148327
Bzero
36053.2
#pred survey bio
 16414.2 16312.5 16697.2 17402.4 19930.9 23323 25135.4 29108.3 40602.7 55788 60861.2 72322.6 98601.4 117118 113504 99449.6 93084.5 83745.6 86112.4 86561.4 85226.7 86925.6 92629 100686 101430 109642 104724 113768 140820 4.53622e+06 3.54156e+06 1.33528e+06 656084 428448 327125 274793 246489 231037 222613 218039 215566 214235 213520 213136 212931 212823 212766 212736 212721 212713 212708 212706 212705 212704 212704 212704 212704 212703 212703 212703 212703 212703 212703 212703 212703 212703 212703 212703 212703 212703 212703 212703 212703 212703 212703 212703 212703 212703 212703 212703 212703 212703 212703 212703 212703 212703 212703 212703 212703 212703 212703 212703 212703 212703 212703 212703 212703 212703 212703 212703 212703 212703 212703 212703 212703 212703 212703 212703 212703 212703 212703 212703 212703 212703 212703 212703 212703 212703 212703 212703 212703 212703 212703 212703 212703 212703 212703 212703 212703 0 0 0 0 0 0 0 0 0 0 0 0 0 0 0 0 0 0 0 0 0 0 0 0 0
#obs survey bio
 14672.9 12537.4 21917.3 15990 22664.6 23698.5 17623.8 29347.3 41372.9 67221.7 54466.1 118679 88650.3 157545 83097.1 88972.1 104008 60912.7 74112.4 105179 82151.8 82996.9 99534.6 101208 119329 158013 84723.9 112484 108440
#pred catch bio
 6743.45 7636.58 8630.12 9159.28 11170.6 14314.1 16540.9 19100.4 26146.9 42173 46062.3 54026.9 78936.2 95292.4 94864.8 86127.3 88864.7 77128.4 79964.4 82106.4 80987.5 84988.9 91970.4 104876 102132 113028 103640 108180 101534 148327 110940 22258.2 7962.52 6087.55 5865.85 5841.38 5838.8 5838.54 5838.51 5838.51 5838.51 5838.51 5838.51 5838.51 5838.51 5838.51 5838.51 5838.51 5838.51 5838.51 5838.51 5838.51 5838.51 5838.51 5838.51 5838.51 5838.51 5838.51 5838.51 5838.51 5838.51 5838.51 5838.51 5838.51 5838.51 5838.51 5838.51 5838.51 5838.51 5838.51 5838.51 5838.51 5838.51 5838.51 5838.51 5838.51 5838.51 5838.51 5838.51 5838.51 5838.51 5838.51 5838.51 5838.51 5838.51 5838.51 5838.51 5838.51 5838.51 5838.51 5838.51 5838.51 5838.51 5838.51 5838.51 5838.51 5838.51 5838.51 5838.51 5838.51 5838.51 5838.51 5838.51 5838.51 5838.51 5838.51 5838.51 5838.51 5838.51 5838.51 5838.51 5838.51 5838.51 5838.51 5838.51 5838.51 5838.51 5838.51 5838.51 5838.51 5838.51 5838.51 5838.51 5838.51 5838.51 5838.51 5838.51 5838.51 5838.51 0 0 0 0 0 0 0 0 0 0 0 0 0 0 0 0 0 0 0 0 0 0 0 0 0
#obs catch bio
 6704.04 7792.26 8701.37 9332.5 11294.7 14467.2 16926.1 19287 25693.8 41376.8 46188.3 52909.4 77158.3 94673.9 97513.5 88305.9 88410.9 79098.4 80011.1 80697.3 78599.5 83362.5 91695.9 101631 99896.7 107904 102670 107141 100336
#pred cpue bio
 16874.8 16405.8 16821.5 17473.7 19633.4 23367 25057.4 27965.3 38885.2 54769.9 59795.1 69068.6 93722.2 115329 114285 98169.8 90954.6 80779.8 83241.2 83658.6 82081.3 83155.2 86842.3 95725.4 94574.2 104685 99527.2 106721 131063 4.51791e+06 4.04956e+06 1.35975e+06 658413 429743 328359 276023 247719 232267 223843 219269 216796 215464 214750 214366 214160 214053 213996 213966 213951 213942 213938 213936 213935 213934 213934 213934 213933 213933 213933 213933 213933 213933 213933 213933 213933 213933 213933 213933 213933 213933 213933 213933 213933 213933 213933 213933 213933 213933 213933 213933 213933 213933 213933 213933 213933 213933 213933 213933 213933 213933 213933 213933 213933 213933 213933 213933 213933 213933 213933 213933 213933 213933 213933 213933 213933 213933 213933 213933 213933 213933 213933 213933 213933 213933 213933 213933 213933 213933 213933 213933 213933 213933 213933 213933 213933 213933 213933 213933 213933 0 0 0 0 0 0 0 0 0 0 0 0 0 0 0 0 0 0 0 0 0 0 0 0 0
#obs cpue bio
 11314.5 13749.6 12665.8 13059.7 15857.9 19539.2 24205.5 25839.1 63374.4 65226.8 47320.5 85754.7 117840 82185.1 80225.2 89072 101497 54505.6 118564 106239 135684 111371 76034.6 195743 100980 169603 109485 137569 209861
#pred surv len freq
 2.5611e-27 2.58263e-27 2.79662e-26 5.35973e-20 1.31387e-14 3.89324e-10 1.39449e-06 0.000603762 0.0315987 0.199903 0.153315 0.0423155 0.21437 0.197904 0.0428621 0.0482876 0.020073 0.0145784 0.00878002 0.00656986 0.00509497 0.00436867 0.00435428 0.00384714 0.00117298
 2.56224e-27 2.58608e-27 3.12856e-26 6.06007e-20 1.48555e-14 4.40196e-10 1.57671e-06 0.000682655 0.0357277 0.226023 0.173209 0.0390969 0.175902 0.163246 0.0521166 0.0780095 0.0273777 0.0128233 0.00582861 0.00333146 0.00210834 0.00154592 0.00136343 0.0012039 0.000402135
 2.56278e-27 2.58733e-27 3.21466e-26 6.24162e-20 1.53006e-14 4.53383e-10 1.62394e-06 0.000703105 0.036798 0.232795 0.178413 0.0412285 0.188466 0.174223 0.042858 0.0543209 0.0231354 0.0167136 0.00590651 0.002158 0.000939501 0.000527187 0.000384184 0.000318322 0.000110061
 2.56331e-27 2.58866e-27 3.32043e-26 6.4647e-20 1.58474e-14 4.69588e-10 1.68199e-06 0.000728235 0.0381132 0.241115 0.184776 0.0418108 0.188428 0.174118 0.0416359 0.051355 0.0190834 0.0106306 0.00497447 0.00221522 0.000600856 0.000205794 0.000106853 7.60527e-05 2.60177e-05
 2.56472e-27 2.59239e-27 3.64156e-26 7.14212e-20 1.7508e-14 5.18795e-10 1.85824e-06 0.000804545 0.042107 0.266381 0.204064 0.0415734 0.17307 0.159836 0.0371451 0.0446634 0.0163612 0.00863861 0.00330558 0.00138143 0.00049656 0.000116917 3.24111e-05 1.66579e-05 5.33803e-06
 2.56402e-27 2.59035e-27 3.44677e-26 6.73113e-20 1.65005e-14 4.88941e-10 1.7513e-06 0.000758248 0.0396839 0.251052 0.192386 0.0432633 0.194134 0.17905 0.0365159 0.038351 0.0138295 0.00701004 0.00260337 0.000962833 0.00029575 8.13689e-05 1.48036e-05 3.88028e-06 1.04244e-06
 2.56433e-27 2.59118e-27 3.52029e-26 6.88624e-20 1.68808e-14 5.00208e-10 1.79166e-06 0.000775721 0.0405984 0.256837 0.1968 0.0429987 0.18902 0.174383 0.036656 0.039797 0.0135195 0.00563202 0.00201315 0.00071337 0.000197839 4.71487e-05 8.60626e-06 1.18376e-06 2.01434e-07
 2.56657e-27 2.59716e-27 4.03972e-26 7.98197e-20 1.95668e-14 5.798e-10 2.07675e-06 0.000899152 0.0470584 0.297705 0.227993 0.0422482 0.161392 0.148717 0.0290182 0.0288198 0.00990486 0.0042916 0.00139241 0.000420065 0.000109887 2.35874e-05 3.7756e-06 4.09438e-07 3.54738e-08
 2.56694e-27 2.59806e-27 4.1083e-26 8.12661e-20 1.99214e-14 5.90307e-10 2.11438e-06 0.000915445 0.0479111 0.303099 0.232124 0.0429579 0.163891 0.150834 0.0259681 0.0212941 0.0070637 0.0027126 0.000888548 0.000266327 5.92282e-05 1.13855e-05 1.6157e-06 1.48159e-07 8.0148e-09
 2.56569e-27 2.59466e-27 3.80642e-26 7.48978e-20 1.83603e-14 5.44048e-10 1.94869e-06 0.000843708 0.0441566 0.279347 0.214002 0.0438755 0.183607 0.16904 0.029449 0.0246293 0.00776266 0.00233523 0.000705297 0.000193378 4.28717e-05 7.27569e-06 8.8852e-07 7.0284e-08 2.91986e-09
 2.56572e-27 2.5947e-27 3.80755e-26 7.49214e-20 1.83661e-14 5.4422e-10 1.9493e-06 0.000843974 0.0441706 0.279435 0.214073 0.0441342 0.185525 0.17075 0.0286622 0.0224038 0.00707928 0.0021615 0.000596669 0.0001313 2.59768e-05 4.20867e-06 4.58324e-07 3.06229e-08 1.05784e-09
 2.56714e-27 2.59855e-27 4.14822e-26 8.21082e-20 2.01278e-14 5.96424e-10 2.13629e-06 0.000924932 0.0484076 0.30624 0.234524 0.0430721 0.163074 0.150049 0.0252774 0.0198877 0.0061939 0.00174446 0.000479456 0.000103615 1.70538e-05 2.31496e-06 2.31681e-07 1.36371e-08 3.93814e-10
 2.56744e-27 2.59933e-27 4.21289e-26 8.34723e-20 2.04622e-14 6.06332e-10 2.17178e-06 0.000940298 0.0492118 0.311328 0.238412 0.0432504 0.161699 0.148693 0.0234669 0.0160972 0.0050078 0.00142021 0.000380511 7.69705e-05 1.24528e-05 1.47617e-06 1.19986e-07 6.27195e-09 1.57135e-10
 2.56582e-27 2.59487e-27 3.81247e-26 7.50248e-20 1.83914e-14 5.44971e-10 1.95199e-06 0.000845139 0.0442315 0.279821 0.214381 0.0449371 0.191419 0.176009 0.0263295 0.0157403 0.0047603 0.00115018 0.000301919 6.09025e-05 9.35596e-06 1.05663e-06 7.5966e-08 3.21968e-09 6.98227e-11
 2.56448e-27 2.59126e-27 3.49688e-26 6.83674e-20 1.67594e-14 4.96612e-10 1.77878e-06 0.000770144 0.0403066 0.254991 0.19543 0.0455247 0.209205 0.192513 0.0309111 0.0220276 0.00655589 0.00136211 0.000332544 5.85229e-05 8.79043e-06 9.58714e-07 6.45919e-08 2.4029e-09 4.2526e-11
 2.56551e-27 2.59411e-27 3.75264e-26 7.37629e-20 1.80821e-14 5.35804e-10 1.91916e-06 0.000830923 0.0434875 0.275114 0.210779 0.04444 0.190167 0.175013 0.0290352 0.0221667 0.00677871 0.00170111 0.000412831 6.28554e-05 8.32724e-06 8.33769e-07 5.41629e-08 1.87518e-09 2.88693e-11
 2.56619e-27 2.59589e-27 3.90391e-26 7.69538e-20 1.88643e-14 5.58983e-10 2.00218e-06 0.000866869 0.0453688 0.287016 0.219868 0.0445239 0.18442 0.169579 0.0257167 0.0159674 0.00492196 0.00133624 0.000344203 6.10688e-05 7.60278e-06 6.51713e-07 3.77196e-08 1.23709e-09 1.76294e-11
 2.56697e-27 2.59793e-27 4.07814e-26 8.06292e-20 1.97653e-14 5.85681e-10 2.09781e-06 0.000908271 0.0475357 0.300724 0.230335 0.0445496 0.177261 0.162849 0.0222876 0.00983037 0.00290192 0.000621944 0.000157903 3.03676e-05 4.24093e-06 3.80487e-07 1.90679e-08 5.47036e-10 7.25754e-12
 2.56685e-27 2.59762e-27 4.0514e-26 8.00652e-20 1.9627e-14 5.81583e-10 2.08313e-06 0.000901917 0.0472031 0.29862 0.228729 0.0445728 0.178566 0.164073 0.0228521 0.0108025 0.00308447 0.000470337 0.000103885 1.6384e-05 2.3323e-06 2.32965e-07 1.26016e-08 3.25152e-10 3.7488e-12
 2.56686e-27 2.59765e-27 4.05435e-26 8.01272e-20 1.96422e-14 5.82034e-10 2.08475e-06 0.000902617 0.0472397 0.298852 0.228906 0.0445822 0.178513 0.164019 0.0227502 0.0105852 0.00303882 0.000493334 0.000103401 1.18286e-05 1.3594e-06 1.23661e-07 7.3025e-09 2.03779e-10 2.1833e-12
 2.56705e-27 2.59814e-27 4.09695e-26 8.1026e-20 1.98625e-14 5.88562e-10 2.10813e-06 0.000912741 0.0477696 0.302204 0.231465 0.0445237 0.17627 0.161932 0.022074 0.00956861 0.00273679 0.000437126 9.22746e-05 1.09702e-05 1.06754e-06 7.07782e-08 3.58541e-09 1.04913e-10 1.2074e-12
 2.56736e-27 2.59899e-27 4.17197e-26 8.26085e-20 2.02505e-14 6.00058e-10 2.14931e-06 0.000930568 0.0487026 0.308106 0.235968 0.0442818 0.171265 0.157318 0.0213357 0.0090457 0.00257028 0.000384081 7.94116e-05 9.32723e-06 9.24107e-07 5.72746e-08 2.14401e-09 5.10315e-11 5.9232e-13
 2.56825e-27 2.6014e-27 4.38555e-26 8.71144e-20 2.1355e-14 6.32788e-10 2.26654e-06 0.000981325 0.051359 0.324911 0.24879 0.0436433 0.157398 0.144519 0.0190352 0.00702262 0.00198202 0.000289474 5.87842e-05 6.49726e-06 6.28037e-07 3.8904e-08 1.39735e-09 2.57907e-11 2.37098e-13
 2.56769e-27 2.59987e-27 4.24701e-26 8.41915e-20 2.06385e-14 6.11556e-10 2.19049e-06 0.0009484 0.0496358 0.31401 0.240477 0.044295 0.168198 0.15443 0.0197796 0.00622461 0.00172858 0.000222753 4.33424e-05 4.67559e-06 4.35283e-07 2.56042e-08 9.07302e-10 1.6084e-11 1.19638e-13
 2.56851e-27 2.6021e-27 4.44523e-26 8.83732e-20 2.16636e-14 6.41932e-10 2.29929e-06 0.000995506 0.0521012 0.329607 0.252375 0.0436376 0.154836 0.142114 0.0178573 0.00494165 0.00135136 0.000151647 2.74943e-05 2.64229e-06 2.33767e-07 1.32646e-08 4.46242e-10 7.68093e-12 5.46902e-14
 2.56752e-27 2.5994e-27 4.20409e-26 8.3286e-20 2.04166e-14 6.04979e-10 2.16693e-06 0.0009382 0.049102 0.310633 0.237901 0.0445152 0.171683 0.157626 0.019967 0.00584632 0.0015938 0.000161916 2.75837e-05 2.32359e-06 1.8487e-07 9.44942e-09 3.03101e-10 4.96397e-12 3.3988e-14
 2.56772e-27 2.59994e-27 4.25236e-26 8.43043e-20 2.06662e-14 6.12376e-10 2.19343e-06 0.000949671 0.0497023 0.314431 0.240798 0.0443208 0.168168 0.154393 0.0196047 0.00583398 0.00159552 0.000168987 2.89943e-05 2.22127e-06 1.59905e-07 7.07349e-09 2.01382e-10 3.06286e-12 1.99396e-14
 2.56824e-27 2.60137e-27 4.38172e-26 8.70335e-20 2.13352e-14 6.32201e-10 2.26444e-06 0.000980415 0.0513114 0.32461 0.248561 0.0437224 0.15816 0.145209 0.0188932 0.00652295 0.00179723 0.000193466 3.35941e-05 2.66789e-06 1.88671e-07 7.44575e-09 1.84306e-10 2.43497e-12 1.44453e-14
 2.56854e-27 2.60221e-27 4.45711e-26 8.86239e-20 2.17251e-14 6.43753e-10 2.30582e-06 0.00099833 0.052249 0.330542 0.253085 0.0433811 0.152385 0.139906 0.0184419 0.00682943 0.00190197 0.000231982 4.24122e-05 3.42595e-06 2.47458e-07 9.94876e-09 2.28203e-10 2.61316e-12 1.33527e-14
#obs surv len freq
 1.24963e-41 1.7344e-33 2.90982e-26 5.90105e-20 1.44657e-14 4.28646e-10 1.53534e-06 0.00066475 0.0347904 0.220094 0.168795 0.0417519 0.17028 0.142533 0.0890711 0.0842752 0.0331272 0.0119338 0.00240375 0.000265581 1.19096e-05 1.59982e-07 4.88029e-10 2.75451e-13 2.51163e-17
 1.55879e-41 2.1635e-33 3.62971e-26 7.36099e-20 1.80446e-14 5.34694e-10 1.91519e-06 0.000829211 0.0433976 0.274546 0.210408 0.0426843 0.142294 0.113378 0.0741337 0.0646083 0.0242749 0.00789687 0.00140908 0.000133177 4.8762e-06 5.06447e-08 1.14535e-10 4.67401e-14 3.03965e-18
 1.29243e-41 1.79381e-33 3.00949e-26 6.10319e-20 1.49612e-14 4.43329e-10 1.58793e-06 0.00068752 0.0359821 0.227634 0.174827 0.051755 0.204034 0.149994 0.0732851 0.0553517 0.0197362 0.00574596 0.000892735 7.02384e-05 2.05921e-06 1.64552e-08 2.76375e-11 8.17093e-15 3.79342e-19
 1.56132e-41 2.16701e-33 3.63561e-26 7.37295e-20 1.80739e-14 5.35563e-10 1.9183e-06 0.000830558 0.0434681 0.274993 0.210923 0.0474624 0.149936 0.109622 0.0843063 0.0591039 0.0152808 0.00356656 0.000474549 3.04982e-05 6.9888e-07 4.22808e-09 5.25044e-12 1.12662e-15 3.7456e-20
 1.54163e-41 2.13968e-33 3.58976e-26 7.27996e-20 1.7846e-14 5.28808e-10 1.8941e-06 0.000820082 0.0429198 0.271525 0.208516 0.0553526 0.179992 0.118678 0.0636951 0.0414379 0.0139451 0.00283848 0.000264375 1.30786e-05 2.29901e-07 1.03389e-09 9.36935e-13 1.45126e-16 3.45523e-21
 1.34693e-41 1.86946e-33 3.1364e-26 6.36056e-20 1.55922e-14 4.62024e-10 1.6549e-06 0.000716513 0.0374994 0.237235 0.182578 0.0611819 0.205348 0.131138 0.0837961 0.0469315 0.0111999 0.00216831 0.000199358 7.01723e-06 8.62456e-08 2.80908e-10 1.83167e-13 2.02546e-17 3.42926e-22
 1.56286e-41 2.16914e-33 3.63918e-26 7.38019e-20 1.80917e-14 5.36089e-10 1.92018e-06 0.000831373 0.0435108 0.275265 0.211586 0.0580045 0.165337 0.10497 0.0836486 0.044321 0.0107805 0.00162438 0.000115212 3.56065e-06 3.2011e-08 7.00016e-11 3.15277e-14 2.44918e-18 2.91969e-23
 1.72987e-41 2.40095e-33 4.02808e-26 8.16888e-20 2.0025e-14 5.93378e-10 2.12539e-06 0.000920218 0.0481606 0.304682 0.234255 0.0628303 0.163528 0.0928485 0.0566137 0.027752 0.00731401 0.00103212 5.97737e-05 1.34837e-06 9.40796e-09 1.50836e-11 4.58613e-15 2.38807e-19 1.94801e-24
 1.6582e-41 2.30147e-33 3.8612e-26 7.83043e-20 1.91954e-14 5.68795e-10 2.03733e-06 0.000882093 0.0461652 0.292061 0.225021 0.0712568 0.184709 0.0979088 0.0549236 0.0221603 0.00433022 0.000550155 2.98052e-05 5.38293e-07 2.68764e-09 3.10222e-12 6.81768e-16 2.46692e-20 1.35619e-25
 1.5343e-41 2.12951e-33 3.5727e-26 7.24536e-20 1.77611e-14 5.26295e-10 1.8851e-06 0.000816185 0.0427159 0.270242 0.2088 0.0785139 0.199672 0.104694 0.0665176 0.0237881 0.00386123 0.000361833 1.49464e-05 2.28762e-07 9.00943e-10 7.44222e-13 1.13809e-16 2.8953e-21 1.12076e-26
 1.46657e-41 2.0355e-33 3.41497e-26 6.92548e-20 1.6977e-14 5.0306e-10 1.80188e-06 0.000780151 0.04083 0.258314 0.200129 0.0842144 0.203897 0.107375 0.0750458 0.0250714 0.00402202 0.000309388 9.12061e-06 9.80608e-08 2.93615e-10 1.85956e-13 2.06871e-17 3.67424e-22 9.81947e-28
 1.88208e-41 2.6122e-33 4.38251e-26 8.88763e-20 2.1787e-14 6.45588e-10 2.31239e-06 0.00100119 0.0523981 0.331496 0.255627 0.0730097 0.140875 0.0737274 0.0525984 0.0164605 0.00261767 0.000182267 4.47722e-06 3.41954e-08 6.86408e-11 3.04426e-14 2.47465e-18 3.21408e-23 6.14306e-29
 1.56652e-41 2.17423e-33 3.64773e-26 7.39751e-20 1.81341e-14 5.37348e-10 1.92469e-06 0.000833325 0.0436129 0.27593 0.214898 0.102293 0.213963 0.0905143 0.0434597 0.0124425 0.00192565 0.000123435 2.71365e-06 1.68477e-08 2.44992e-11 7.28055e-15 3.95112e-19 3.53971e-24 4.79922e-30
 1.27204e-41 1.76551e-33 2.962e-26 6.00688e-20 1.47252e-14 4.36334e-10 1.56288e-06 0.000676671 0.0354143 0.224072 0.176388 0.113607 0.23316 0.119451 0.0782197 0.0171395 0.00177221 9.642e-05 1.87639e-06 9.88247e-09 1.14763e-11 2.52634e-15 9.50985e-20 5.70322e-25 5.16175e-31
 1.15041e-41 1.59669e-33 2.67878e-26 5.43251e-20 1.33172e-14 3.94612e-10 1.41344e-06 0.000611969 0.032028 0.202658 0.160811 0.117516 0.227426 0.1349 0.0974935 0.0236897 0.00275645 0.000106649 1.43972e-06 6.05608e-09 5.6892e-12 9.81216e-16 2.78064e-20 1.20499e-25 7.60746e-32
 1.55592e-41 2.15951e-33 3.62303e-26 7.34743e-20 1.80114e-14 5.33709e-10 1.91166e-06 0.000827683 0.0433177 0.274078 0.214643 0.100665 0.165327 0.104612 0.0745091 0.0194378 0.00247881 0.000100669 1.16483e-06 3.34169e-09 2.21943e-12 2.89524e-16 6.26925e-21 2.04717e-26 9.5531e-33
 1.41298e-41 1.96112e-33 3.29019e-26 6.67243e-20 1.63567e-14 4.84678e-10 1.73604e-06 0.000751645 0.0393382 0.248932 0.198484 0.136208 0.215389 0.0963787 0.0505028 0.0124236 0.00152683 6.29179e-05 7.21518e-07 1.82675e-09 8.98835e-13 7.97135e-17 1.20007e-21 2.83589e-27 9.75411e-34
 1.46087e-41 2.02759e-33 3.4017e-26 6.89858e-20 1.69111e-14 5.01105e-10 1.79488e-06 0.00077712 0.0406715 0.257377 0.205253 0.130023 0.190139 0.107907 0.0571577 0.00976445 0.000894915 3.31684e-05 3.54583e-07 8.30052e-10 3.56738e-13 2.51867e-17 2.747e-22 4.46161e-28 1.04998e-34
 1.44286e-41 2.0026e-33 3.35977e-26 6.81355e-20 1.67026e-14 4.94929e-10 1.77275e-06 0.000767542 0.0401702 0.254235 0.204947 0.144504 0.195736 0.101135 0.0488169 0.00896895 0.000700657 1.76165e-05 1.4427e-07 2.8579e-10 1.05333e-13 6.26949e-18 5.56258e-23 7.00744e-29 1.21662e-35
 1.56026e-41 2.16553e-33 3.63313e-26 7.36792e-20 1.80616e-14 5.35198e-10 1.91699e-06 0.000829991 0.0434386 0.274931 0.221458 0.141558 0.175127 0.094507 0.0412293 0.00645503 0.000454212 1.00957e-05 5.9667e-08 8.21084e-11 2.2858e-14 1.08e-18 7.68643e-24 7.72036e-30 1.05371e-36
 1.50892e-41 2.09429e-33 3.5136e-26 7.12551e-20 1.74673e-14 5.17589e-10 1.85392e-06 0.000802684 0.0420096 0.265943 0.217764 0.160609 0.18464 0.0889947 0.0340217 0.00491607 0.000291568 5.31619e-06 2.5898e-08 2.69052e-11 5.1853e-15 1.70166e-19 8.79303e-25 6.63738e-31 6.91721e-38
 1.55251e-41 2.15478e-33 3.61508e-26 7.33132e-20 1.79719e-14 5.32539e-10 1.90747e-06 0.000825868 0.043223 0.273658 0.225073 0.16038 0.172568 0.0895444 0.0308218 0.00371573 0.000184268 2.77164e-06 1.06071e-08 8.54412e-12 1.24874e-15 2.95722e-20 1.05936e-25 5.50385e-32 4.01404e-39
 1.55502e-41 2.15827e-33 3.62095e-26 7.3432e-20 1.8001e-14 5.33403e-10 1.91056e-06 0.000827207 0.0432933 0.274172 0.228432 0.170893 0.17033 0.0829791 0.0259855 0.0029624 0.000122835 1.44856e-06 4.31136e-09 2.64783e-12 2.89558e-16 5.09159e-21 1.33976e-26 5.01177e-33 2.57402e-40
 1.59116e-41 2.20843e-33 3.70509e-26 7.51386e-20 1.84193e-14 5.45798e-10 1.95496e-06 0.000846431 0.0442996 0.280609 0.235689 0.174068 0.162217 0.0783624 0.0216837 0.00214592 7.68293e-05 7.52952e-07 1.72301e-09 7.87578e-13 6.36812e-17 8.22075e-22 1.57694e-27 4.28426e-34 1.59373e-41
 1.58679e-41 2.20236e-33 3.69492e-26 7.49322e-20 1.83688e-14 5.443e-10 1.94959e-06 0.000844107 0.0441783 0.279951 0.238945 0.18417 0.159974 0.0725495 0.0177938 0.00154661 4.56402e-05 3.60865e-07 6.54971e-10 2.28398e-13 1.35781e-17 1.26817e-22 1.75408e-28 3.43286e-35 9.18349e-43
 1.37327e-41 1.90601e-33 3.19772e-26 6.48491e-20 1.5897e-14 4.71057e-10 1.68725e-06 0.000730521 0.0382343 0.242576 0.218841 0.21685 0.183089 0.0809422 0.0174145 0.00128958 3.13333e-05 1.97197e-07 2.75833e-10 7.3114e-14 3.26303e-18 2.24641e-23 2.24996e-29 3.15296e-36 6.01197e-44
 1.39726e-41 1.9393e-33 3.25358e-26 6.59821e-20 1.61747e-14 4.79287e-10 1.71673e-06 0.000743284 0.0389028 0.246904 0.22314 0.205351 0.177114 0.0890009 0.0176738 0.00114499 2.27037e-05 1.12267e-07 1.20238e-10 2.389e-14 7.88316e-19 3.98762e-24 2.92154e-30 2.97665e-37 4.09553e-45
 1.46555e-41 2.03409e-33 3.41261e-26 6.9207e-20 1.69653e-14 5.02712e-10 1.80063e-06 0.000779613 0.040804 0.258917 0.231691 0.20261 0.169205 0.0787884 0.0161027 0.00108062 1.97707e-05 8.43544e-08 7.52348e-11 1.22488e-14 3.28683e-19 1.34521e-24 7.94715e-31 6.52015e-38 7.22282e-46
 1.46557e-41 2.03411e-33 3.41264e-26 6.92077e-20 1.69654e-14 5.02717e-10 1.80065e-06 0.000779621 0.0408044 0.25892 0.231694 0.202614 0.169293 0.0789644 0.0159005 0.00101135 1.71757e-05 6.65975e-08 5.31001e-11 7.64426e-15 1.79991e-19 6.4319e-25 3.30604e-31 2.35397e-38 2.25895e-46
#pred catch len freq
 2.55881e-27 2.57634e-27 2.23427e-26 4.17339e-20 1.02306e-14 3.0315e-10 1.08583e-06 0.000470123 0.0246046 0.155656 0.119563 0.0445046 0.254742 0.235046 0.0473818 0.049241 0.0202928 0.014531 0.00873103 0.00652629 0.00506005 0.00433854 0.00432423 0.00382058 0.00116489
 2.56014e-27 2.58034e-27 2.61714e-26 4.98117e-20 1.22107e-14 3.61826e-10 1.296e-06 0.000561119 0.0293669 0.185784 0.142511 0.0409087 0.211257 0.195807 0.0567168 0.0803012 0.0280285 0.0129158 0.00585502 0.00334211 0.00211452 0.00155038 0.00136735 0.00120736 0.000403291
 2.56082e-27 2.58195e-27 2.7335e-26 5.22655e-20 1.28123e-14 3.7965e-10 1.35984e-06 0.00058876 0.0308136 0.194936 0.149534 0.0431119 0.223088 0.206074 0.0467112 0.0550835 0.0232554 0.0165716 0.00584641 0.00213249 0.000928074 0.000520739 0.000379482 0.000314425 0.000108714
 2.56135e-27 2.58328e-27 2.83927e-26 5.44962e-20 1.33591e-14 3.95854e-10 1.41788e-06 0.000613889 0.0321287 0.203256 0.155897 0.0436926 0.223038 0.205956 0.0454682 0.0520749 0.0192204 0.0105415 0.00492086 0.00218868 0.000593486 0.000203248 0.000105529 7.51107e-05 2.56955e-05
 2.56291e-27 2.58743e-27 3.19695e-26 6.20416e-20 1.52088e-14 4.50663e-10 1.6142e-06 0.000698886 0.0365772 0.231398 0.177379 0.0433113 0.205043 0.189248 0.0406768 0.0453094 0.0164887 0.00857044 0.00327216 0.00136538 0.000490642 0.000115515 3.20218e-05 1.64578e-05 5.2739e-06
 2.56243e-27 2.58595e-27 3.05126e-26 5.89675e-20 1.44552e-14 4.28333e-10 1.53422e-06 0.000664257 0.0347648 0.219932 0.168651 0.0449508 0.223652 0.206177 0.0392783 0.0378144 0.0135458 0.00675811 0.00250416 0.00092472 0.000283949 7.81151e-05 1.42115e-05 3.72505e-06 1.00074e-06
 2.56298e-27 2.58745e-27 3.18383e-26 6.17642e-20 1.51407e-14 4.48647e-10 1.60698e-06 0.00069576 0.0364136 0.230363 0.176608 0.0445133 0.214732 0.197996 0.03877 0.0386665 0.0130629 0.00535218 0.00190827 0.000675146 0.000187177 4.46032e-05 8.14147e-06 1.11983e-06 1.90555e-07
 2.56524e-27 2.59351e-27 3.71134e-26 7.28922e-20 1.78686e-14 5.2948e-10 1.89651e-06 0.000821115 0.0429742 0.271867 0.208286 0.0436403 0.185832 0.171177 0.0313093 0.0283861 0.00969778 0.00413342 0.001338 0.000402962 0.000105374 2.26164e-05 3.6201e-06 3.92575e-07 3.40127e-08
 2.56551e-27 2.59413e-27 3.75538e-26 7.38207e-20 1.80963e-14 5.36225e-10 1.92067e-06 0.000831575 0.0435217 0.27533 0.210943 0.0444131 0.189847 0.174693 0.0285245 0.0211151 0.00696332 0.00262951 0.000859124 0.00025708 5.71513e-05 1.09849e-05 1.55882e-06 1.42943e-07 7.73264e-09
 2.56484e-27 2.59228e-27 3.5914e-26 7.03615e-20 1.72483e-14 5.11097e-10 1.83066e-06 0.000792607 0.0414822 0.262428 0.2011 0.0449392 0.200766 0.184778 0.0304796 0.0230144 0.00721838 0.00213441 0.000642709 0.000175908 3.89838e-05 6.61513e-06 8.07832e-07 6.39011e-08 2.65469e-09
 2.56486e-27 2.5923e-27 3.58999e-26 7.03315e-20 1.72409e-14 5.1088e-10 1.82989e-06 0.00079227 0.0414646 0.262317 0.201019 0.0451913 0.202742 0.186544 0.0297592 0.0209263 0.0065785 0.00197438 0.000543499 0.000119376 2.36072e-05 3.82427e-06 4.16453e-07 2.78251e-08 9.61195e-10
 2.56626e-27 2.59613e-27 3.93025e-26 7.75097e-20 1.90006e-14 5.63021e-10 2.01665e-06 0.000873131 0.0456965 0.289089 0.221444 0.0440874 0.17999 0.165574 0.0264995 0.018764 0.00581568 0.00160991 0.000441148 9.51602e-05 1.56555e-05 2.12483e-06 2.12646e-07 1.25167e-08 3.61457e-10
 2.56686e-27 2.59771e-27 4.06579e-26 8.03688e-20 1.97014e-14 5.83789e-10 2.09103e-06 0.000905338 0.0473821 0.299753 0.229585 0.0440021 0.173621 0.159622 0.0240921 0.0147695 0.00457039 0.001274 0.000340336 6.87144e-05 1.1112e-05 1.31704e-06 1.07048e-07 5.59562e-09 1.4019e-10
 2.56524e-27 2.59326e-27 3.66639e-26 7.1943e-20 1.7636e-14 5.22585e-10 1.87181e-06 0.000810423 0.0424146 0.268327 0.205616 0.0456953 0.203347 0.186941 0.0269025 0.0142937 0.00429987 0.00102113 0.000267131 5.3784e-05 8.2587e-06 9.32567e-07 6.70442e-08 2.84152e-09 6.16218e-11
 2.56405e-27 2.59007e-27 3.3869e-26 6.6047e-20 1.61906e-14 4.79757e-10 1.71841e-06 0.000744006 0.0389386 0.246337 0.188833 0.0462331 0.219231 0.201676 0.030908 0.0197132 0.00584186 0.00119309 0.000290175 5.09677e-05 7.65172e-06 8.34394e-07 5.62141e-08 2.09122e-09 3.70099e-11
 2.56532e-27 2.59354e-27 3.6984e-26 7.26185e-20 1.78015e-14 5.27492e-10 1.88939e-06 0.000818032 0.0428129 0.270846 0.207528 0.0449633 0.196433 0.180711 0.0285135 0.01954 0.00594798 0.00146708 0.000354934 5.39355e-05 7.1415e-06 7.14924e-07 4.64408e-08 1.60782e-09 2.47532e-11
 2.56654e-27 2.59681e-27 3.98353e-26 7.86334e-20 1.9276e-14 5.71183e-10 2.04588e-06 0.000885789 0.046359 0.29328 0.224651 0.0445056 0.18092 0.166299 0.0242125 0.0133602 0.00409543 0.0010928 0.000280659 4.97003e-05 6.18455e-06 5.30046e-07 3.06765e-08 1.00609e-09 1.43375e-11
 2.56703e-27 2.59808e-27 4.09016e-26 8.08827e-20 1.98274e-14 5.87522e-10 2.1044e-06 0.000911127 0.0476851 0.301669 0.231059 0.0446621 0.177608 0.163135 0.0217002 0.0084185 0.00246923 0.000520172 0.000131567 2.52549e-05 3.52532e-06 3.16233e-07 1.58472e-08 4.54635e-10 6.03163e-12
 2.56697e-27 2.59792e-27 4.07646e-26 8.05937e-20 1.97566e-14 5.85422e-10 2.09689e-06 0.000907871 0.0475147 0.300591 0.230236 0.0446495 0.178091 0.163597 0.0220984 0.0092042 0.0026141 0.000392083 8.61653e-05 1.35624e-05 1.92957e-06 1.92708e-07 1.04236e-08 2.68953e-10 3.10085e-12
 2.56711e-27 2.5983e-27 4.10994e-26 8.13e-20 1.99297e-14 5.90553e-10 2.11526e-06 0.000915827 0.0479311 0.303225 0.232246 0.0445447 0.175881 0.161559 0.021743 0.00890801 0.00254316 0.000406035 8.47153e-05 9.67204e-06 1.11076e-06 1.01024e-07 5.9655e-09 1.66468e-10 1.78354e-12
 2.56729e-27 2.59879e-27 4.1527e-26 8.22021e-20 2.01509e-14 5.97106e-10 2.13873e-06 0.00092599 0.048463 0.30659 0.234814 0.044468 0.173493 0.159343 0.0211207 0.0080471 0.0022881 0.000359427 7.55188e-05 8.96062e-06 8.71412e-07 5.77627e-08 2.92593e-09 8.56149e-11 9.85304e-13
 2.56776e-27 2.60008e-27 4.26717e-26 8.46169e-20 2.07428e-14 6.14647e-10 2.20156e-06 0.000953192 0.0498866 0.315597 0.241685 0.0440716 0.165649 0.152117 0.0200719 0.00747385 0.00211116 0.00031033 6.38434e-05 7.48397e-06 7.40992e-07 4.59161e-08 1.71872e-09 4.09083e-11 4.74819e-13
 2.56869e-27 2.60261e-27 4.4922e-26 8.93642e-20 2.19065e-14 6.4913e-10 2.32508e-06 0.00100667 0.0526854 0.333303 0.255193 0.0433537 0.150695 0.138326 0.0177921 0.00574741 0.0016113 0.000231509 4.6775e-05 5.15982e-06 4.98408e-07 3.08676e-08 1.10864e-09 2.04618e-11 1.88108e-13
 2.56844e-27 2.60191e-27 4.42831e-26 8.80162e-20 2.15761e-14 6.39339e-10 2.29e-06 0.000991484 0.0518907 0.328275 0.25136 0.0437039 0.156054 0.143234 0.0179795 0.00493916 0.00136121 0.000172647 3.34006e-05 3.59604e-06 3.34542e-07 1.96742e-08 6.97129e-10 1.23581e-11 9.19229e-14
 2.569e-27 2.60344e-27 4.56418e-26 9.08825e-20 2.22788e-14 6.60159e-10 2.36458e-06 0.00102377 0.0535806 0.338965 0.259516 0.0432583 0.146932 0.134825 0.0166466 0.00401656 0.00108918 0.00012038 2.1683e-05 2.07974e-06 1.83851e-07 1.04299e-08 3.5086e-10 6.03908e-12 4.29997e-14
 2.56821e-27 2.60127e-27 4.37088e-26 8.68047e-20 2.12791e-14 6.30538e-10 2.25848e-06 0.000977837 0.0511764 0.323756 0.247913 0.0439688 0.160491 0.147307 0.0183147 0.0046773 0.00126516 0.000126662 2.14234e-05 1.80121e-06 1.43181e-07 7.31683e-09 2.3468e-10 3.84337e-12 2.63152e-14
 2.56815e-27 2.60111e-27 4.35598e-26 8.64903e-20 2.12021e-14 6.28255e-10 2.2503e-06 0.000974295 0.0509911 0.322584 0.247019 0.0440155 0.161474 0.148214 0.018467 0.00479609 0.00130156 0.000135817 2.31439e-05 1.7698e-06 1.27282e-07 5.62902e-09 1.60246e-10 2.43718e-12 1.58662e-14
 2.56844e-27 2.60191e-27 4.42867e-26 8.80239e-20 2.1578e-14 6.39395e-10 2.2902e-06 0.000991571 0.0518952 0.328304 0.251381 0.0436456 0.155595 0.142825 0.0181771 0.00549098 0.00150287 0.000159376 2.74882e-05 2.17893e-06 1.53952e-07 6.07408e-09 1.50341e-10 1.9862e-12 1.1783e-14
 2.56751e-27 2.59937e-27 4.20275e-26 8.32578e-20 2.04096e-14 6.04774e-10 2.1662e-06 0.000937882 0.0490854 0.310528 0.23782 0.0444367 0.171143 0.157146 0.0202363 0.00658134 0.00182144 0.00021872 3.97503e-05 3.20501e-06 2.3129e-07 9.29651e-09 2.13226e-10 2.4416e-12 1.2476e-14
#obs catch len freq
 6.00405e-42 8.33322e-34 1.39807e-26 2.83526e-20 6.9503e-15 2.0595e-10 7.3768e-07 0.00031939 0.0167156 0.105749 0.0815155 0.0423448 0.226552 0.191322 0.131731 0.127464 0.0523036 0.0194496 0.004048 0.000462143 2.16633e-05 3.06035e-07 9.7892e-10 5.75813e-13 5.4392e-17
 6.85107e-42 9.50884e-34 1.5953e-26 3.23525e-20 7.93082e-15 2.35005e-10 8.41749e-07 0.000364448 0.0190738 0.120668 0.0930217 0.0462374 0.230268 0.184838 0.128806 0.114021 0.044521 0.0150586 0.00283127 0.000279078 1.06241e-05 1.15062e-07 2.71578e-10 1.15264e-13 7.7575e-18
 1.0336e-41 1.43457e-33 2.40678e-26 4.88091e-20 1.1965e-14 3.54544e-10 1.26992e-06 0.000549831 0.028776 0.182047 0.139959 0.048206 0.202236 0.154316 0.110011 0.089022 0.0330487 0.0100262 0.00165844 0.000138668 4.26779e-06 3.54468e-08 6.17055e-11 1.88804e-14 9.04826e-19
 8.874e-42 1.23165e-33 2.06635e-26 4.19052e-20 1.02726e-14 3.04395e-10 1.09029e-06 0.000472059 0.0247057 0.156298 0.120631 0.0600738 0.261856 0.182714 0.0953989 0.0670508 0.0234928 0.00633606 0.000905184 6.24813e-05 1.52687e-06 9.68693e-09 1.24617e-11 2.75452e-15 9.40953e-20
 1.2194e-41 1.69245e-33 2.83944e-26 5.75832e-20 1.41158e-14 4.18278e-10 1.4982e-06 0.000648671 0.0339488 0.214773 0.165184 0.0541001 0.193858 0.135884 0.109722 0.069948 0.0176113 0.00383013 0.000464932 2.59808e-05 4.92404e-07 2.35096e-09 2.22653e-12 3.56221e-16 8.70079e-21
 1.28209e-41 1.77946e-33 2.98542e-26 6.05436e-20 1.48416e-14 4.39783e-10 1.57523e-06 0.00068202 0.0356942 0.225815 0.173932 0.0637209 0.220715 0.137998 0.0770614 0.0463334 0.0150431 0.0027582 0.000234434 1.00595e-05 1.45174e-07 5.12506e-10 3.52964e-13 4.0667e-17 7.10237e-22
 1.16645e-41 1.61895e-33 2.71613e-26 5.50826e-20 1.35028e-14 4.00114e-10 1.43314e-06 0.000620502 0.0324746 0.205448 0.158662 0.0695205 0.23555 0.143233 0.0937408 0.0476433 0.0109941 0.00194887 0.000158367 4.76902e-06 4.81344e-08 1.22657e-10 6.06035e-14 4.97513e-18 6.17066e-23
 1.45243e-41 2.01588e-33 3.38206e-26 6.85874e-20 1.68134e-14 4.98212e-10 1.78451e-06 0.000772632 0.0404365 0.255818 0.197047 0.0645516 0.184233 0.112304 0.0900423 0.0432999 0.0100443 0.00136052 8.63262e-05 2.24939e-06 1.63512e-08 2.79452e-11 9.5315e-15 5.48987e-19 4.78943e-24
 1.67665e-41 2.32709e-33 3.90417e-26 7.91758e-20 1.9409e-14 5.75125e-10 2.06e-06 0.00089191 0.046679 0.295311 0.227418 0.0688314 0.175108 0.0946006 0.0578512 0.0259835 0.00647004 0.000811587 4.12414e-05 7.83997e-07 4.40229e-09 5.46676e-12 1.25613e-15 4.85026e-20 2.89417e-25
 1.64556e-41 2.28393e-33 3.83176e-26 7.77073e-20 1.9049e-14 5.64458e-10 2.0218e-06 0.000875367 0.0458133 0.289836 0.223684 0.0771056 0.190118 0.0957462 0.0533138 0.0194717 0.00360494 0.00040993 1.9198e-05 2.87568e-07 1.14954e-09 1.02603e-12 1.69841e-16 4.55124e-21 1.83125e-26
 1.55879e-41 2.1635e-33 3.62972e-26 7.361e-20 1.80446e-14 5.34695e-10 1.91519e-06 0.000829212 0.0433976 0.274557 0.212497 0.08398 0.199358 0.100012 0.0620917 0.0199801 0.00303388 0.000252222 9.06657e-06 1.14322e-07 3.56279e-10 2.26384e-13 2.60415e-17 4.90068e-22 1.38753e-27
 1.51994e-41 2.10957e-33 3.53924e-26 7.17751e-20 1.75948e-14 5.21367e-10 1.86745e-06 0.000808542 0.0423159 0.267718 0.207744 0.0891774 0.199254 0.101175 0.0680401 0.0205174 0.00303893 0.000204121 5.18204e-06 4.59624e-08 1.08776e-10 5.2688e-14 4.3927e-18 5.76499e-23 1.12645e-28
 1.92715e-41 2.67476e-33 4.48746e-26 9.10048e-20 2.23088e-14 6.61049e-10 2.36777e-06 0.00102516 0.0536529 0.339437 0.262029 0.0762866 0.136177 0.0691272 0.0469034 0.0133063 0.00193425 0.00011676 2.42949e-06 1.51384e-08 2.39932e-11 8.14067e-15 4.94915e-19 4.73968e-24 6.61864e-30
 1.62069e-41 2.24941e-33 3.77385e-26 7.6533e-20 1.87612e-14 5.55928e-10 1.99124e-06 0.000862139 0.045121 0.285476 0.222795 0.107284 0.205734 0.0829953 0.0382602 0.00999154 0.00140013 7.74826e-05 1.42711e-06 7.14353e-09 8.1302e-12 1.84408e-15 7.48547e-20 4.94087e-25 4.8867e-31
 1.33665e-41 1.85519e-33 3.11246e-26 6.31201e-20 1.54731e-14 4.58497e-10 1.64226e-06 0.000711043 0.0372132 0.235461 0.185899 0.119881 0.225271 0.1126 0.0682703 0.0133676 0.00126349 5.95507e-05 9.63416e-07 4.05776e-09 3.65846e-12 6.11362e-16 1.71801e-20 7.59268e-26 5.01385e-32
 1.22033e-41 1.69373e-33 2.84159e-26 5.76268e-20 1.41265e-14 4.18595e-10 1.49934e-06 0.000649162 0.0339746 0.214984 0.171182 0.124268 0.220351 0.128895 0.0849973 0.0187147 0.00191857 6.32399e-05 7.15119e-07 2.40164e-09 1.74152e-12 2.2687e-16 4.78372e-21 1.52574e-26 7.03133e-33
 1.63499e-41 2.26925e-33 3.80714e-26 7.72081e-20 1.89267e-14 5.60832e-10 2.00881e-06 0.000869744 0.045519 0.288014 0.225997 0.104392 0.156908 0.098074 0.0633929 0.0150948 0.00167906 5.74656e-05 5.42822e-07 1.23836e-09 6.35815e-13 6.24905e-17 1.00358e-21 2.40628e-27 8.18674e-34
 1.49052e-41 2.06874e-33 3.47075e-26 7.03861e-20 1.72543e-14 5.11277e-10 1.83131e-06 0.000792895 0.041497 0.262607 0.210048 0.140828 0.202809 0.0882243 0.0425682 0.00956428 0.00102356 3.54203e-05 3.27738e-07 6.50042e-10 2.45133e-13 1.63648e-17 1.82571e-22 3.16078e-28 7.90837e-35
 1.54491e-41 2.14424e-33 3.59741e-26 7.29547e-20 1.7884e-14 5.29935e-10 1.89814e-06 0.00082183 0.0430114 0.272199 0.217678 0.13372 0.178712 0.0991244 0.0468898 0.00723904 0.000585279 1.82093e-05 1.56244e-07 2.84161e-10 9.27726e-14 4.90075e-18 3.95388e-23 4.70584e-29 8.05137e-36
 1.52941e-41 2.12273e-33 3.56131e-26 7.22227e-20 1.77045e-14 5.24618e-10 1.8791e-06 0.000813584 0.0425799 0.269505 0.217921 0.147782 0.182724 0.0918226 0.0398305 0.00657005 0.000439432 9.27856e-06 6.12942e-08 9.40061e-11 2.61727e-14 1.15915e-18 7.57642e-24 6.98125e-30 8.81624e-37
 1.64854e-41 2.28807e-33 3.83871e-26 7.78482e-20 1.90836e-14 5.65481e-10 2.02546e-06 0.000876955 0.0458966 0.290509 0.234623 0.143437 0.162176 0.0846902 0.0328911 0.00461477 0.000277883 5.09395e-06 2.40259e-08 2.56422e-11 5.38789e-15 1.88739e-19 9.85682e-25 7.21722e-31 7.14785e-38
 1.59846e-41 2.21856e-33 3.7221e-26 7.54834e-20 1.85039e-14 5.48304e-10 1.96393e-06 0.000850316 0.0445025 0.281755 0.231403 0.162024 0.170116 0.0788578 0.0268625 0.0034509 0.000173596 2.60283e-06 1.00355e-08 8.01649e-12 1.16378e-15 2.8303e-20 1.07079e-25 5.87336e-32 4.42771e-39
 1.64373e-41 2.28139e-33 3.82751e-26 7.76212e-20 1.90279e-14 5.63832e-10 2.01955e-06 0.000874397 0.045763 0.289775 0.238981 0.160875 0.158639 0.0785655 0.023872 0.00254582 0.00010666 1.30852e-06 3.94271e-09 2.43174e-12 2.66545e-16 4.66813e-21 1.22425e-26 4.61992e-33 2.43281e-40
 1.64701e-41 2.28594e-33 3.83513e-26 7.77757e-20 1.90658e-14 5.64955e-10 2.02358e-06 0.000876138 0.0458543 0.290435 0.242632 0.170472 0.155767 0.0719855 0.0199181 0.00198803 6.89078e-05 6.5958e-07 1.53811e-09 7.20195e-13 5.88946e-17 7.64027e-22 1.46938e-27 3.99138e-34 1.48139e-41
 1.68374e-41 2.33692e-33 3.92067e-26 7.95103e-20 1.9491e-14 5.77554e-10 2.06871e-06 0.000895679 0.0468772 0.296989 0.250039 0.172596 0.147723 0.0670986 0.0163294 0.00140798 4.19049e-05 3.30192e-07 5.88548e-10 2.04454e-13 1.23291e-17 1.17176e-22 1.64026e-28 3.23162e-35 8.67832e-43
 1.67974e-41 2.33136e-33 3.91134e-26 7.93212e-20 1.94447e-14 5.76181e-10 2.06379e-06 0.000893549 0.0467662 0.296417 0.253548 0.181721 0.145044 0.0613858 0.0132067 0.000991443 2.41692e-05 1.52867e-07 2.14892e-10 5.66979e-14 2.50785e-18 1.72176e-23 1.73538e-29 2.4599e-36 4.74606e-44
 1.46866e-41 2.03841e-33 3.41985e-26 6.93539e-20 1.70013e-14 5.03779e-10 1.80445e-06 0.000781267 0.0408908 0.259526 0.234693 0.214795 0.167276 0.0683642 0.0128414 0.000815682 1.62707e-05 8.13968e-08 8.77981e-11 1.7547e-14 5.81021e-19 2.93532e-24 2.14068e-30 2.17168e-37 2.98467e-45
 1.49513e-41 2.07515e-33 3.48149e-26 7.0604e-20 1.73077e-14 5.1286e-10 1.83698e-06 0.000795349 0.0416275 0.264102 0.234544 0.19731 0.167443 0.0788186 0.0144956 0.000847031 1.47358e-05 6.24495e-08 5.61649e-11 9.23833e-15 2.49793e-19 1.02812e-24 6.09909e-31 5.01452e-38 5.5537e-46
 1.56504e-41 2.17217e-33 3.64426e-26 7.39048e-20 1.81169e-14 5.36837e-10 1.92286e-06 0.000832534 0.0435736 0.276394 0.243138 0.193091 0.157001 0.0709786 0.0140889 0.00088578 1.49317e-05 5.75632e-08 4.57075e-11 6.5611e-15 1.5417e-19 5.50101e-25 2.82441e-31 2.00932e-38 1.9269e-46
#spawning biomass
 22793.4 23457.7 24680.3 26281.9 31410 36344.9 39533.9 49044.4 69679.3 92290.2 100949 125171 172749 195939 182265 164143 157293 145513 149053 149911 148524 152967 167779 179409 185598 194434 186827 206122 257488 323806 171742 37316.2 15814.7 12994.8 12661.4 12624.6 12620.7 12620.3 12620.2 12620.2 12620.2 12620.2 12620.2 12620.2 12620.2 12620.2 12620.2 12620.2 12620.2 12620.2 12620.2 12620.2 12620.2 12620.2 12620.2 12620.2 12620.2 12620.2 12620.2 12620.2 12620.2 12620.2 12620.2 12620.2 12620.2 12620.2 12620.2 12620.2 12620.2 12620.2 12620.2 12620.2 12620.2 12620.2 12620.2 12620.2 12620.2 12620.2 12620.2 12620.2 12620.2 12620.2 12620.2 12620.2 12620.2 12620.2 12620.2 12620.2 12620.2 12620.2 12620.2 12620.2 12620.2 12620.2 12620.2 12620.2 12620.2 12620.2 12620.2 12620.2 12620.2 12620.2 12620.2 12620.2 12620.2 12620.2 12620.2 12620.2 12620.2 12620.2 12620.2 12620.2 12620.2 12620.2 12620.2 12620.2 12620.2 12620.2 12620.2 12620.2 12620.2 12620.2 12620.2 12620.2 12620.2 12620.2 12620.2 12620.2 12620.2 0 0 0 0 0 0 0 0 0 0 0 0 0 0 0 0 0 0 0 0 0 0 0 0 0
