SBPRF35
0.219936
Curr Bio
152859
B35
520044
F35
0.468968
FOFL
0.123861
OFL
14751.7
Bzero
62838.8
#pred survey bio
 30481.5 33020.9 21830.6 14337.4 21956.2 38031.9 64279.7 97958.2 137672 165866 160658 191363 210878 219637 232920 256206 207835 199022 208276 227651 231986 210990 208175 223167 230220 166381 177495 173500 6.1995e+06 5.60457e+06 4.15748e+06 2.75947e+06 1.7967e+06 1.22448e+06 907921 737837 646560 596705 568690 552441 542734 536795 533092 530699 529207 528268 527673 527295 527054 526900 526802 526739 526699 526673 526657 526646 526639 526635 526632 526630 526629 526629 526628 526628 526628 526627 526627 526627 526627 526627 526627 526627 526627 526627 526627 526627 526627 526627 526627 526627 526627 526627 526627 526627 526627 526627 526627 526627 526627 526627 526627 526627 526627 526627 526627 526627 526627 526627 526627 526627 526627 526627 526627 526627 526627 526627 526627 526627 526627 526627 526627 526627 526627 526627 526627 526627 526627 526627 526627 526627 526627 526627 526627 526627 526627 526627 526627 526627 0 0 0 0 0 0 0 0 0 0 0 0 0 0 0 0 0 0 0 0 0 0 0 0 0
#obs survey bio
 26428.7 21361.3 11995.7 19902.3 22006.7 42913.4 62629.5 80700.2 156559 143288 127925 237564 221666 223740 295954 282578 216404 237961 201509 201537 203874 292133 236752 252816 198642 192725 169015 159173
#pred catch bio
 11001.1 15564.1 11213.6 7054.96 10479.4 18704 34528.6 58040 87750.2 120781 119264 151020 170466 178567 186441 230548 186310 177393 188157 217800 235562 217103 218363 238476 258690 186166 205768 199025 14751.7 79935.7 56517.3 35348.6 21586.6 13960.6 10116.6 8295.03 7467.82 7103.44 6946.48 6879.98 6852.15 6840.62 6835.88 6833.92 6833.14 6832.82 6832.69 6832.64 6832.62 6832.62 6832.61 6832.61 6832.61 6832.61 6832.61 6832.61 6832.61 6832.61 6832.61 6832.61 6832.61 6832.61 6832.61 6832.61 6832.61 6832.61 6832.61 6832.61 6832.61 6832.61 6832.61 6832.61 6832.61 6832.61 6832.61 6832.61 6832.61 6832.61 6832.61 6832.61 6832.61 6832.61 6832.61 6832.61 6832.61 6832.61 6832.61 6832.61 6832.61 6832.61 6832.61 6832.61 6832.61 6832.61 6832.61 6832.61 6832.61 6832.61 6832.61 6832.61 6832.61 6832.61 6832.61 6832.61 6832.61 6832.61 6832.61 6832.61 6832.61 6832.61 6832.61 6832.61 6832.61 6832.61 6832.61 6832.61 6832.61 6832.61 6832.61 6832.61 6832.61 6832.61 6832.61 6832.61 6832.61 6832.61 6832.61 6832.61 0 0 0 0 0 0 0 0 0 0 0 0 0 0 0 0 0 0 0 0 0 0 0 0 0
#obs catch bio
 17139.1 17464.4 14095.1 7512.97 10382.2 17671.7 32117.2 54441.2 86046.5 117300 125973 143940 160015 178762 176535 227339 172057 169962 176307 201529 231912 194587 206311 222794 258214 172295 206480 196552
#pred cpue bio
 28792.9 32017.5 21473 13678 20012.3 35227.1 59187.4 90527.5 126669 153518 147817 173657 191786 199402 211201 232583 187325 178696 186751 203287 205755 185971 182967 195089 201081 144704 153699 149551 5.36129e+06 5.58961e+06 4.14252e+06 2.74451e+06 1.78174e+06 1.20952e+06 892962 722877 631601 581745 553731 537482 527775 521835 518132 515740 514248 513308 512714 512336 512095 511941 511843 511780 511739 511714 511697 511687 511680 511675 511673 511671 511670 511669 511669 511668 511668 511668 511668 511668 511668 511668 511668 511668 511668 511668 511668 511668 511668 511668 511668 511668 511668 511668 511668 511668 511668 511668 511668 511668 511668 511668 511668 511668 511668 511668 511668 511668 511668 511668 511668 511668 511668 511668 511668 511668 511668 511668 511668 511668 511668 511668 511668 511668 511668 511668 511668 511668 511668 511668 511668 511668 511668 511668 511668 511668 511668 511668 511668 511668 0 0 0 0 0 0 0 0 0 0 0 0 0 0 0 0 0 0 0 0 0 0 0 0 0
#obs cpue bio
 27661.2 22738.8 11329.2 13944.1 22899.3 51757.2 79315.9 134440 106212 206922 128478 203893 235138 178900 216467 226345 253768 168670 252193 314992 243308 214511 193176 226133 241237 163213 159356 170243
#pred surv len freq
 1.56111e-11 1.69443e-09 1.08444e-07 4.09232e-06 9.10594e-05 0.00119474 0.00924376 0.04219 0.11381 0.183185 0.184167 0.137964 0.10647 0.0848465 0.0556625 0.0313911 0.0178938 0.0106 0.00655708 0.00435208 0.00315625 0.00253188 0.00213177 0.00161894 0.000937991
 1.0288e-11 1.11667e-09 7.14667e-08 2.69693e-06 6.00105e-05 0.00078739 0.00609305 0.0278325 0.0753923 0.123878 0.136462 0.133701 0.142883 0.1331 0.0939329 0.056519 0.0323994 0.0171634 0.00861268 0.00446146 0.0025307 0.00164147 0.00119919 0.000856275 0.000491377
 6.89182e-12 7.48041e-10 4.78745e-08 1.80664e-06 4.02004e-05 0.000527477 0.00408224 0.0186584 0.0506945 0.084528 0.0988478 0.111097 0.135075 0.140577 0.120288 0.0943748 0.0660307 0.0386932 0.0196197 0.00900861 0.00396169 0.00186917 0.00104154 0.000638306 0.000345038
 1.51496e-11 1.64435e-09 1.05238e-07 3.97135e-06 8.83675e-05 0.00115941 0.00897005 0.040932 0.110296 0.17656 0.172969 0.117966 0.0785909 0.0643237 0.0576207 0.0526701 0.0448564 0.0333665 0.0210382 0.0109045 0.0047025 0.00180812 0.000708782 0.000318409 0.000146554
 1.98133e-11 2.15054e-09 1.37634e-07 5.19388e-06 0.00011557 0.00151631 0.011731 0.053524 0.144133 0.22997 0.221664 0.140913 0.077271 0.0471696 0.0275588 0.0148373 0.00952153 0.00747201 0.00573497 0.00373042 0.00194225 0.000799919 0.000273238 8.78671e-05 2.94807e-05
 1.73482e-11 1.88298e-09 1.20511e-07 4.5477e-06 0.000101192 0.00132768 0.0102721 0.0468795 0.126402 0.202986 0.201863 0.145302 0.104189 0.0775071 0.0457446 0.0205097 0.0084054 0.00374427 0.00202232 0.00130972 0.000811498 0.000405031 0.000154353 4.60239e-05 1.17386e-05
 1.81813e-11 1.97341e-09 1.26298e-07 4.76608e-06 0.000106051 0.00139143 0.0107651 0.0491242 0.132382 0.212005 0.208082 0.142553 0.0933729 0.0669102 0.0421062 0.0224733 0.0110482 0.00474467 0.00174583 0.000649222 0.000294427 0.000148693 6.52188e-05 2.16984e-05 5.37638e-06
 1.76794e-11 1.91893e-09 1.22811e-07 4.63452e-06 0.000103124 0.00135302 0.0104681 0.0477715 0.128774 0.206531 0.204143 0.143679 0.0990756 0.0727443 0.044546 0.0222364 0.0105624 0.00488696 0.00204201 0.000735764 0.000231377 7.33732e-05 2.6269e-05 9.00812e-06 2.41091e-06
 1.82001e-11 1.97545e-09 1.26429e-07 4.77102e-06 0.000106161 0.00139287 0.0107763 0.0491756 0.132527 0.212287 0.208592 0.143503 0.094645 0.0675791 0.0413681 0.0209121 0.00992396 0.00443831 0.00179921 0.000668059 0.00021996 6.16107e-05 1.53192e-05 3.78623e-06 9.10694e-07
 1.74331e-11 1.89219e-09 1.211e-07 4.56994e-06 0.000101687 0.00133417 0.0103223 0.0471076 0.127004 0.20385 0.202238 0.144318 0.10206 0.075924 0.0461527 0.0223597 0.0100959 0.00441689 0.00177623 0.000647281 0.000209739 5.89579e-05 1.39916e-05 2.7876e-06 4.90414e-07
 1.81351e-11 1.96839e-09 1.25977e-07 4.75397e-06 0.000105782 0.00138789 0.0107378 0.0490007 0.132064 0.211619 0.208281 0.1442 0.0962504 0.0690038 0.041674 0.0203127 0.00917308 0.00391735 0.00150903 0.00053 0.000168057 4.64519e-05 1.08468e-05 2.07832e-06 3.20971e-07
 1.9547e-11 2.12164e-09 1.35785e-07 5.1241e-06 0.000114017 0.00149594 0.0115735 0.0528086 0.142249 0.227305 0.220716 0.144736 0.0857167 0.0557495 0.0321036 0.0149033 0.00637772 0.0026469 0.00100891 0.000347497 0.000106326 2.83122e-05 6.42956e-06 1.20425e-06 1.7939e-07
 1.92211e-11 2.08627e-09 1.33521e-07 5.03866e-06 0.000112116 0.001471 0.0113807 0.0519305 0.139911 0.223785 0.218326 0.145939 0.0901889 0.0602333 0.0339173 0.0144409 0.00536994 0.00197461 0.000695927 0.000228296 6.79405e-05 1.76372e-05 3.87374e-06 7.0044e-07 1.01141e-07
 1.94002e-11 2.1057e-09 1.34765e-07 5.0856e-06 0.000113161 0.00148471 0.0114867 0.0524133 0.1412 0.225757 0.21982 0.145778 0.0885149 0.0583687 0.0328973 0.0141653 0.00529938 0.00187294 0.000594453 0.000170408 4.54804e-05 1.10354e-05 2.32651e-06 4.0722e-07 5.6864e-08
 1.95134e-11 2.11799e-09 1.35551e-07 5.11528e-06 0.000113821 0.00149337 0.0115537 0.0527187 0.142017 0.227018 0.22083 0.145858 0.0877253 0.0573355 0.0320984 0.0136674 0.00503552 0.00176681 0.000559335 0.000155753 3.8204e-05 8.18731e-06 1.53624e-06 2.48091e-07 3.29325e-08
 1.93964e-11 2.10529e-09 1.34738e-07 5.08461e-06 0.000113139 0.00148442 0.0114844 0.0524032 0.141174 0.225725 0.219833 0.145906 0.0887425 0.0585388 0.0328738 0.0140049 0.0051512 0.00179611 0.000562202 0.000154666 3.7433e-05 7.7491e-06 1.34415e-06 1.93794e-07 2.30074e-08
 2.00622e-11 2.17756e-09 1.39364e-07 5.25915e-06 0.000117022 0.00153537 0.0118785 0.0541988 0.145976 0.233112 0.225653 0.146035 0.0835796 0.0521371 0.0283612 0.0115775 0.00398021 0.00131199 0.000400679 0.000109075 2.61271e-05 5.33633e-06 9.06463e-07 1.25255e-07 1.377e-08
 2.03969e-11 2.21388e-09 1.41688e-07 5.34687e-06 0.000118974 0.00156098 0.0120766 0.0551013 0.148389 0.236825 0.228577 0.146097 0.0809846 0.0489294 0.026117 0.0103804 0.00339182 0.00104855 0.000299689 7.64269e-05 1.74757e-05 3.48524e-06 5.83523e-07 7.9339e-08 8.49604e-09
 2.05108e-11 2.22625e-09 1.4248e-07 5.37675e-06 0.000119639 0.0015697 0.012144 0.0554086 0.149211 0.23809 0.229578 0.146133 0.0801242 0.0478539 0.0253497 0.00995492 0.00317333 0.000947152 0.000258914 6.21146e-05 1.32163e-05 2.45891e-06 3.89749e-07 5.11881e-08 5.36489e-09
 2.08692e-11 2.26515e-09 1.44969e-07 5.47069e-06 0.000121729 0.00159712 0.0123561 0.056375 0.151793 0.242052 0.232639 0.146007 0.0770474 0.0442091 0.0230001 0.00891978 0.00278672 0.000811237 0.000216159 5.01608e-05 1.01945e-05 1.78648e-06 2.63714e-07 3.22596e-08 3.18952e-09
 2.14261e-11 2.32559e-09 1.48838e-07 5.61667e-06 0.000124978 0.00163974 0.0126857 0.0578766 0.155807 0.248213 0.237427 0.145894 0.0723929 0.038626 0.0193057 0.00718644 0.00208186 0.000555009 0.000139653 3.12809e-05 6.16188e-06 1.04235e-06 1.46959e-07 1.69443e-08 1.56412e-09
 2.19081e-11 2.37792e-09 1.52186e-07 5.74304e-06 0.000127789 0.00167663 0.012971 0.0591765 0.159281 0.253545 0.241562 0.145772 0.0683263 0.0337692 0.0161202 0.00572233 0.001502 0.000346397 7.67127e-05 1.54982e-05 2.80393e-06 4.47218e-07 6.04797e-08 6.70382e-09 5.90797e-10
 2.21228e-11 2.40121e-09 1.53677e-07 5.7993e-06 0.000129041 0.00169305 0.0130981 0.0597552 0.160828 0.255917 0.243394 0.145692 0.0664766 0.0315812 0.0147137 0.00510754 0.00127596 0.000268801 5.33067e-05 9.46827e-06 1.47827e-06 2.06078e-07 2.50752e-08 2.57279e-09 2.1457e-10
 2.25246e-11 2.44483e-09 1.56469e-07 5.90465e-06 0.000131385 0.0017238 0.0133359 0.0608387 0.163723 0.26035 0.246783 0.145431 0.0628438 0.0273703 0.0121233 0.00410885 0.000991474 0.000196234 3.61889e-05 5.94349e-06 8.36314e-07 1.0228e-07 1.07392e-08 9.51236e-10 7.00378e-11
 2.25837e-11 2.45125e-09 1.56879e-07 5.92014e-06 0.00013173 0.00172833 0.0133709 0.0609981 0.164149 0.261005 0.247296 0.145431 0.0623676 0.0267888 0.0117244 0.00390671 0.000902153 0.000163443 2.72852e-05 4.14599e-06 5.41343e-07 6.08201e-08 5.77818e-09 4.52148e-10 2.88068e-11
 2.28877e-11 2.48424e-09 1.58991e-07 5.99981e-06 0.000133503 0.00175159 0.0135508 0.0618176 0.166338 0.264357 0.249856 0.145226 0.059608 0.0235956 0.00976773 0.00316172 0.000696798 0.000114105 1.66429e-05 2.25383e-06 2.65062e-07 2.68665e-08 2.32788e-09 1.66649e-10 9.61623e-12
 2.31905e-11 2.51711e-09 1.61094e-07 6.0792e-06 0.000135269 0.00177476 0.01373 0.0626341 0.168519 0.267694 0.252396 0.144988 0.0568071 0.0203808 0.00783447 0.00246881 0.000534461 8.45236e-05 1.16186e-05 1.45783e-06 1.54478e-07 1.37345e-08 1.04589e-09 6.66742e-11 3.46002e-12
 2.34983e-11 2.55051e-09 1.63232e-07 6.15988e-06 0.000137064 0.00179831 0.0139122 0.0634638 0.170736 0.271086 0.254978 0.144751 0.0539688 0.0171189 0.00586663 0.00175619 0.000362642 5.16838e-05 5.98438e-06 6.46892e-07 6.26467e-08 5.16525e-09 3.59482e-10 2.0475e-11 9.3338e-13
#obs surv len freq
 4.28483e-11 3.97103e-09 2.17e-07 6.99205e-06 0.000132843 0.00148826 0.00983347 0.0383582 0.0888091 0.125471 0.122625 0.115706 0.125161 0.122025 0.0996073 0.0719229 0.0441312 0.0219327 0.00890471 0.00294579 0.000765706 0.00014963 2.10984e-05 2.06795e-06 1.36396e-07
 3.0517e-11 2.72778e-09 1.43768e-07 4.46794e-06 8.18743e-05 0.000884763 0.00564125 0.0212818 0.0482073 0.0704344 0.0852918 0.116496 0.15384 0.159457 0.135588 0.0996778 0.0597246 0.028201 0.0107986 0.00338114 0.000832921 0.000153327 2.01605e-05 1.82489e-06 1.10399e-07
 1.69383e-11 1.45776e-09 7.39764e-08 2.21355e-06 3.90567e-05 0.000406444 0.00249745 0.00911545 0.0203788 0.0319662 0.0494108 0.0864592 0.133454 0.169013 0.181187 0.153489 0.0956304 0.0445008 0.0163254 0.00480631 0.00110371 0.000189137 2.3139e-05 1.94328e-06 1.08565e-07
 2.63409e-10 2.17919e-08 1.06303e-06 3.05762e-05 0.000518571 0.00518586 0.030579 0.106324 0.218032 0.263945 0.189671 0.0837198 0.0284563 0.0165282 0.0176368 0.0168891 0.0121524 0.00659337 0.00269994 0.000821326 0.000182949 2.93899e-05 3.32504e-06 2.57245e-07 1.32292e-08
 1.87123e-10 1.48584e-08 6.9567e-07 1.92054e-05 0.000312636 0.00300114 0.0169964 0.0569197 0.114099 0.145289 0.146193 0.159077 0.164359 0.118041 0.0530462 0.015764 0.00424889 0.00162615 0.000702287 0.000238232 5.68549e-05 9.26108e-06 1.01384e-06 7.36265e-08 3.49856e-09
 4.32233e-10 3.28941e-08 1.47606e-06 3.90551e-05 0.000609312 0.0056053 0.0304087 0.0973345 0.184336 0.209573 0.153618 0.094373 0.0707889 0.0605024 0.0472619 0.0291682 0.0123655 0.00333879 0.000584238 7.85128e-05 1.08961e-05 1.53132e-06 1.65189e-07 1.18587e-08 5.44002e-10
 5.15877e-10 3.7576e-08 1.61385e-06 4.08698e-05 0.000610288 0.00537385 0.027912 0.0856563 0.156635 0.178077 0.149454 0.129593 0.116718 0.0816929 0.0417434 0.0175226 0.00648063 0.0019636 0.000445262 7.14582e-05 7.89974e-06 6.1842e-07 3.77146e-08 1.91559e-09 7.54129e-11
 7.76353e-10 5.40549e-08 2.21921e-06 5.37216e-05 0.000766819 0.00645437 0.0320451 0.0939937 0.16421 0.17796 0.141411 0.116421 0.104113 0.0788221 0.0482071 0.0240008 0.0088737 0.0022317 0.00038075 4.73657e-05 4.63863e-06 3.53731e-07 1.94638e-08 7.32193e-10 1.87494e-11
 1.13276e-09 7.53015e-08 2.9516e-06 6.82183e-05 0.000929689 0.00747137 0.0354203 0.0992544 0.166076 0.174416 0.139503 0.119186 0.105806 0.0764185 0.0441633 0.0210975 0.00774516 0.0020199 0.000369402 4.81595e-05 4.48832e-06 2.95971e-07 1.37555e-08 4.50208e-10 1.02212e-11
 1.29258e-09 8.19463e-08 3.06329e-06 6.75208e-05 0.000877585 0.00672681 0.0304329 0.0815973 0.132391 0.142961 0.136482 0.145067 0.137372 0.0973143 0.0539248 0.0242788 0.0082172 0.0019313 0.000314011 3.69337e-05 3.24288e-06 2.08881e-07 9.45138e-09 2.89658e-10 5.88526e-12
 2.59821e-09 1.56925e-07 5.58857e-06 0.000117354 0.00145308 0.01061 0.0457057 0.116433 0.177517 0.171637 0.130469 0.109204 0.0953696 0.0703322 0.0426226 0.0201713 0.00667607 0.00144837 0.000206737 2.03953e-05 1.47274e-06 7.9571e-08 3.14888e-09 8.7911e-11 1.6715e-12
 3.60085e-09 2.0699e-07 7.01583e-06 0.000140217 0.00165243 0.0114845 0.0471086 0.114497 0.168182 0.163377 0.13801 0.128999 0.108261 0.0677647 0.0328376 0.0129093 0.00384576 0.000798256 0.000113296 1.12582e-05 7.97199e-07 3.98501e-08 1.37889e-09 3.26382e-11 5.25271e-13
 5.30035e-09 2.89717e-07 9.33753e-06 0.000177452 0.00198854 0.0131423 0.0512736 0.118646 0.166715 0.157923 0.135185 0.128121 0.106989 0.0678489 0.0339922 0.0134225 0.00377894 0.000697646 8.29196e-05 6.56871e-06 3.69416e-07 1.5461e-08 4.78288e-10 1.04641e-11 1.55014e-13
 7.54363e-09 3.91751e-07 1.19958e-05 0.000216589 0.002306 0.0144811 0.0537035 0.118364 0.159948 0.151127 0.136844 0.134184 0.110234 0.0681991 0.0334236 0.012803 0.00346343 0.000613901 7.04091e-05 5.37927e-06 2.84893e-07 1.06606e-08 2.79276e-10 5.036e-12 6.19037e-14
 1.09377e-08 5.39241e-07 1.56757e-05 0.000268698 0.00271595 0.0161933 0.0570419 0.119666 0.15541 0.145966 0.137107 0.136194 0.110586 0.0684073 0.0337367 0.0127399 0.00332185 0.000562535 6.17525e-05 4.5469e-06 2.33396e-07 8.45367e-09 2.12217e-10 3.5988e-12 4.04856e-14
 1.66691e-08 7.79644e-07 2.15015e-05 0.000349651 0.00335295 0.0189672 0.0634111 0.12645 0.157188 0.144524 0.135928 0.133005 0.105545 0.0646023 0.031577 0.0116261 0.00292017 0.000477053 5.10975e-05 3.71983e-06 1.89574e-07 6.75934e-09 1.64842e-10 2.68806e-12 2.88861e-14
 2.62578e-08 1.16442e-06 3.04471e-05 0.000469441 0.00426822 0.0228942 0.0725987 0.137526 0.163477 0.146572 0.13623 0.128588 0.0963356 0.0550883 0.0250303 0.00856188 0.00199578 0.000301098 2.95459e-05 1.95935e-06 9.14058e-08 3.03284e-09 7.01375e-11 1.0983e-12 1.13791e-14
 3.72045e-08 1.56348e-06 3.87414e-05 0.000566056 0.00487742 0.0247979 0.0746021 0.13465 0.155374 0.142514 0.139775 0.132884 0.0981589 0.0558771 0.0252335 0.00843529 0.00190529 0.000280452 2.72847e-05 1.81479e-06 8.4221e-08 2.70507e-09 5.88164e-11 8.50749e-13 8.10693e-15
 5.65357e-08 2.25052e-06 5.28241e-05 0.000731109 0.00596747 0.0287433 0.081963 0.140556 0.15561 0.140348 0.13684 0.127706 0.0934931 0.053711 0.0242982 0.00795688 0.00174383 0.000250936 2.42732e-05 1.62839e-06 7.63874e-08 2.4606e-09 5.30934e-11 7.53584e-13 6.9508e-15
 8.52708e-08 3.21428e-06 7.14427e-05 0.000936346 0.00723753 0.0330195 0.0892684 0.14578 0.156446 0.142221 0.139973 0.125938 0.0865021 0.0460885 0.0192912 0.00585802 0.00119138 0.000158831 1.42261e-05 8.88857e-07 3.93769e-08 1.21819e-09 2.55834e-11 3.5587e-13 3.219e-15
 1.25292e-07 4.47126e-06 9.40865e-05 0.00116744 0.00854356 0.0369128 0.0946184 0.147298 0.153854 0.141774 0.141166 0.124275 0.0831576 0.043367 0.017582 0.00508205 0.000972471 0.000121168 1.00842e-05 5.81861e-07 2.36907e-08 6.7277e-10 1.30081e-11 1.67692e-13 1.41828e-15
 1.88388e-07 6.36382e-06 0.000126758 0.00148884 0.0103143 0.0421964 0.102537 0.152122 0.154337 0.142526 0.140803 0.119463 0.0764974 0.0381317 0.0146657 0.0039841 0.000711591 8.22596e-05 6.30999e-06 3.336e-07 1.24077e-08 3.21713e-10 5.67858e-12 6.67872e-14 5.15171e-16
 2.79984e-07 8.95218e-06 0.000168779 0.00187641 0.012305 0.0476654 0.109815 0.155353 0.153313 0.141746 0.138742 0.114555 0.0718397 0.0352725 0.0132165 0.0034552 0.000593346 6.65242e-05 5.00047e-06 2.59218e-07 9.31727e-09 2.28344e-10 3.73685e-12 4.02538e-14 2.827e-16
 3.72881e-07 1.12849e-05 0.000201382 0.00211926 0.0131576 0.0482993 0.105909 0.145329 0.147742 0.14979 0.151608 0.120166 0.070105 0.0316298 0.010872 0.00260693 0.000408143 4.12103e-05 2.7554e-06 1.26929e-07 4.12046e-09 9.34155e-11 1.43983e-12 1.47003e-14 9.74996e-17
 5.54018e-07 1.5871e-05 0.000268092 0.00267059 0.0156959 0.0545561 0.1134 0.148163 0.145278 0.144019 0.143213 0.114331 0.0700037 0.0334357 0.0117216 0.0027638 0.00042001 4.13141e-05 2.70848e-06 1.21684e-07 3.76691e-09 7.91224e-11 1.10643e-12 1.01717e-14 6.09797e-17
 7.80874e-07 2.11766e-05 0.000338636 0.00319355 0.0177728 0.0585495 0.115833 0.146541 0.145539 0.149501 0.146629 0.111284 0.0640506 0.0287338 0.00951689 0.00214453 0.000316975 3.10052e-05 2.05979e-06 9.4205e-08 2.93601e-09 6.10119e-11 8.29966e-13 7.30583e-15 4.12673e-17
 1.17053e-06 3.00541e-05 0.00045502 0.00406282 0.0214099 0.0668167 0.125478 0.151836 0.1468 0.147697 0.140062 0.102837 0.057673 0.0250425 0.00788459 0.00166323 0.000227895 2.05644e-05 1.26395e-06 5.41838e-08 1.61319e-09 3.25725e-11 4.34841e-13 3.76367e-15 2.08095e-17
 1.5547e-06 3.77981e-05 0.000541884 0.00458197 0.0228748 0.0677524 0.121716 0.145183 0.147279 0.156246 0.146349 0.10259 0.0544484 0.0222923 0.00660644 0.00131323 0.000170094 1.45481e-05 8.46277e-07 3.40816e-08 9.44131e-10 1.76335e-11 2.17869e-13 1.75587e-15 9.12064e-18
#pred catch len freq
 1.5249e-11 1.65513e-09 1.05928e-07 3.9974e-06 8.89471e-05 0.00116703 0.00902942 0.0412133 0.111197 0.179154 0.180936 0.137707 0.108966 0.0880225 0.0579503 0.0327024 0.0186428 0.0110437 0.00683159 0.00453427 0.00328838 0.00263787 0.00222102 0.00168672 0.000977259
 1.01149e-11 1.09787e-09 7.02637e-08 2.65154e-06 5.90004e-05 0.000774138 0.00599055 0.0273654 0.0741426 0.121949 0.134914 0.133572 0.144073 0.134639 0.0950845 0.0572186 0.0328009 0.0173761 0.00871942 0.00451676 0.00256206 0.00166182 0.00121405 0.000866887 0.000497467
 6.82159e-12 7.40418e-10 4.73867e-08 1.78823e-06 3.97908e-05 0.000522103 0.00404067 0.018469 0.050187 0.0837398 0.0981908 0.110964 0.135432 0.141109 0.12077 0.0947561 0.0662977 0.0388496 0.019699 0.00904503 0.00397771 0.00187672 0.00104575 0.000640886 0.000346433
 1.50269e-11 1.63102e-09 1.04385e-07 3.93918e-06 8.76515e-05 0.00115002 0.00889738 0.0406007 0.109408 0.175173 0.171779 0.117613 0.0790185 0.0650693 0.0583833 0.0533787 0.0454607 0.033816 0.0213216 0.0110514 0.00476585 0.00183248 0.000718331 0.000322698 0.000148529
 1.97199e-11 2.1404e-09 1.36986e-07 5.16941e-06 0.000115025 0.00150917 0.0116757 0.0532721 0.143459 0.22893 0.220831 0.140845 0.0779095 0.0479713 0.028116 0.0151473 0.00972136 0.00762886 0.00585536 0.00380873 0.00198302 0.000816711 0.000278974 8.97117e-05 3.00996e-05
 1.72443e-11 1.87171e-09 1.19789e-07 4.52046e-06 0.000100586 0.00131973 0.0102106 0.0465993 0.125653 0.201836 0.200969 0.14532 0.105051 0.0785371 0.0464169 0.020817 0.00853171 0.00380055 0.00205272 0.00132941 0.000823696 0.00041112 0.000156673 4.67158e-05 1.19151e-05
 1.81592e-11 1.97101e-09 1.26144e-07 4.76029e-06 0.000105922 0.00138974 0.010752 0.0490645 0.132223 0.21176 0.207889 0.142547 0.0935421 0.0671209 0.0422556 0.0225548 0.0110884 0.00476193 0.00175218 0.000651583 0.000295498 0.000149233 6.54559e-05 2.17773e-05 5.39593e-06
 1.77543e-11 1.92706e-09 1.23331e-07 4.65414e-06 0.00010356 0.00135875 0.0105124 0.0479733 0.129314 0.207361 0.204794 0.143684 0.0984818 0.0720193 0.044051 0.0219843 0.0104423 0.00483139 0.00201879 0.000727397 0.000228746 7.25388e-05 2.59703e-05 8.90569e-06 2.38349e-06
 1.83488e-11 1.99159e-09 1.27461e-07 4.81e-06 0.000107028 0.00140425 0.0108643 0.0495766 0.133599 0.213936 0.209887 0.143518 0.0934725 0.0661415 0.0403782 0.0204008 0.00968056 0.00432943 0.00175507 0.00065167 0.000214564 6.00992e-05 1.49434e-05 3.69335e-06 8.88353e-07
 1.77794e-11 1.92978e-09 1.23506e-07 4.66072e-06 0.000103707 0.00136067 0.0105273 0.0480415 0.129501 0.207686 0.205236 0.144308 0.0992602 0.0725288 0.0438634 0.021229 0.00958402 0.00419287 0.00168615 0.000614451 0.000199102 5.59676e-05 1.32819e-05 2.64621e-06 4.6554e-07
 1.84816e-11 2.006e-09 1.28384e-07 4.84479e-06 0.000107803 0.00141441 0.0109429 0.049935 0.134562 0.215458 0.211283 0.144195 0.0934566 0.0656091 0.0393744 0.0191677 0.00865442 0.00369579 0.00142368 0.000500024 0.000158552 4.38246e-05 1.02333e-05 1.96077e-06 3.02817e-07
 1.98998e-11 2.15994e-09 1.38236e-07 5.21658e-06 0.000116075 0.00152294 0.0117824 0.05376 0.144792 0.23121 0.223758 0.144689 0.0828082 0.0522495 0.029777 0.013793 0.00590062 0.00244881 0.0009334 0.00032149 9.83684e-05 2.61934e-05 5.94838e-06 1.11412e-06 1.65965e-07
 1.96273e-11 2.13036e-09 1.36343e-07 5.14514e-06 0.000114486 0.00150209 0.0116211 0.0530259 0.142838 0.228275 0.221795 0.145791 0.0866962 0.0561026 0.0312655 0.0132825 0.00493735 0.00181547 0.000639838 0.000209896 6.24646e-05 1.62157e-05 3.56153e-06 6.43986e-07 9.29889e-08
 1.98016e-11 2.14928e-09 1.37553e-07 5.19084e-06 0.000115502 0.00151543 0.0117243 0.0534958 0.144093 0.230194 0.22325 0.14564 0.0850743 0.0542901 0.0302643 0.013001 0.00486195 0.00171827 0.00054536 0.000156335 4.17244e-05 1.0124e-05 2.13438e-06 3.7359e-07 5.21679e-08
 1.98859e-11 2.15842e-09 1.38139e-07 5.21293e-06 0.000115994 0.00152188 0.0117741 0.0537231 0.144701 0.231134 0.22401 0.145721 0.0845186 0.0535417 0.0296596 0.0126004 0.00464064 0.00162819 0.00051545 0.000143533 3.52066e-05 7.54494e-06 1.41571e-06 2.28626e-07 3.03487e-08
 1.995e-11 2.16538e-09 1.38584e-07 5.22974e-06 0.000116368 0.00152678 0.0118121 0.053896 0.145164 0.231844 0.224559 0.145702 0.0839753 0.0528988 0.029248 0.0124188 0.00456526 0.00159171 0.000498219 0.000137064 3.31728e-05 6.86719e-06 1.19117e-06 1.71739e-07 2.03889e-08
 2.05403e-11 2.22945e-09 1.42684e-07 5.38446e-06 0.000119811 0.00157195 0.0121614 0.0554878 0.14942 0.238392 0.229718 0.145816 0.0793983 0.0472239 0.0252478 0.0102671 0.00352737 0.00116262 0.000355062 9.66567e-05 2.31525e-05 4.72879e-06 8.03262e-07 1.10994e-07 1.22023e-08
 2.08318e-11 2.26109e-09 1.4471e-07 5.46089e-06 0.000121511 0.00159426 0.012334 0.056274 0.151522 0.241627 0.232267 0.145874 0.0771429 0.044433 0.0232916 0.00921964 0.00301034 0.00093053 0.000265956 6.78244e-05 1.55087e-05 3.09295e-06 5.17843e-07 7.04088e-08 7.53974e-09
 2.09504e-11 2.27397e-09 1.45533e-07 5.49198e-06 0.000122203 0.00160334 0.0124042 0.0565938 0.152378 0.242943 0.233303 0.145896 0.0762245 0.0432976 0.0224974 0.008796 0.00280169 0.000836141 0.000228566 5.48339e-05 1.16672e-05 2.1707e-06 3.44065e-07 4.51882e-08 4.73605e-09
 2.1337e-11 2.31592e-09 1.48219e-07 5.59331e-06 0.000124458 0.00163292 0.012633 0.0576362 0.155163 0.247214 0.2366 0.145746 0.0728837 0.0393512 0.0199684 0.00769906 0.0024028 0.000699375 0.00018635 4.32436e-05 8.78863e-06 1.54013e-06 2.27347e-07 2.78109e-08 2.74968e-09
 2.18829e-11 2.37518e-09 1.52011e-07 5.73642e-06 0.000127642 0.0016747 0.0129561 0.0591083 0.159098 0.253253 0.241283 0.145607 0.0682776 0.0338494 0.0163585 0.00603936 0.00174683 0.000465588 0.00011715 2.62405e-05 5.16899e-06 8.7439e-07 1.23279e-07 1.4214e-08 1.31209e-09
 2.23003e-11 2.42048e-09 1.54911e-07 5.84584e-06 0.000130077 0.00170664 0.0132032 0.0602339 0.162106 0.257869 0.244862 0.145495 0.0647473 0.0296378 0.0136025 0.00477983 0.00125209 0.000288671 6.39266e-05 1.2915e-05 2.33658e-06 3.72677e-07 5.03991e-08 5.58645e-09 4.92325e-10
 2.24958e-11 2.4417e-09 1.56268e-07 5.89708e-06 0.000131217 0.0017216 0.0133188 0.0607609 0.163514 0.260029 0.246528 0.145416 0.0630537 0.0276391 0.0123242 0.0042284 0.00105385 0.000221922 4.40082e-05 7.81665e-06 1.22041e-06 1.7013e-07 2.07011e-08 2.124e-09 1.77141e-10
 2.28408e-11 2.47914e-09 1.58665e-07 5.98752e-06 0.000133229 0.001748 0.013523 0.0616911 0.166 0.263834 0.249437 0.145191 0.0599328 0.0240226 0.010101 0.00337314 0.000811456 0.00016052 2.96007e-05 4.86145e-06 6.84059e-07 8.36597e-08 8.78409e-09 7.78059e-10 5.72872e-11
 2.2924e-11 2.48818e-09 1.59243e-07 6.00934e-06 0.000133715 0.00175437 0.0135723 0.0619156 0.1666 0.264755 0.250149 0.145163 0.0592202 0.0231762 0.00955176 0.00312786 0.000719666 0.000130297 2.17499e-05 3.30486e-06 4.31517e-07 4.84811e-08 4.60592e-09 3.60417e-10 2.29626e-11
 2.31637e-11 2.51419e-09 1.60908e-07 6.07216e-06 0.000135113 0.00177271 0.0137141 0.0625617 0.168326 0.267398 0.252168 0.145002 0.057045 0.020659 0.00800889 0.00253995 0.000557308 9.11873e-05 1.32986e-05 1.80092e-06 2.11797e-07 2.14676e-08 1.86008e-09 1.3316e-10 7.6838e-12
 2.34213e-11 2.54216e-09 1.62698e-07 6.1397e-06 0.000136616 0.00179242 0.0138666 0.0632564 0.170181 0.270237 0.254328 0.144799 0.0546612 0.0179233 0.0063643 0.00195114 0.000419807 6.6314e-05 9.11384e-06 1.14353e-06 1.21173e-07 1.07734e-08 8.20402e-10 5.22995e-11 2.71406e-12
 2.36591e-11 2.56797e-09 1.6435e-07 6.20205e-06 0.000138003 0.00181062 0.0140074 0.0638976 0.171894 0.272858 0.256324 0.144616 0.0524683 0.0154028 0.00484348 0.00140007 0.000286721 4.07966e-05 4.72244e-06 5.10462e-07 4.94343e-08 4.07588e-09 2.83667e-10 1.61568e-11 7.36527e-13
#obs catch len freq
 4.69809e-11 4.35403e-09 2.37929e-07 7.66641e-06 0.000145655 0.00163178 0.0107813 0.0420452 0.0972197 0.136448 0.12962 0.114462 0.117704 0.113509 0.0931799 0.0678924 0.0419714 0.0209917 0.00858124 0.00287029 0.00076053 0.000152672 2.21877e-05 2.23898e-06 1.51519e-07
 5.89365e-11 5.26807e-09 2.77656e-07 8.62876e-06 0.000158118 0.00170853 0.0108885 0.0409747 0.0916079 0.125579 0.121327 0.116446 0.126598 0.121847 0.0983593 0.0701386 0.0422317 0.0205517 0.0081548 0.00262168 0.000657312 0.000122959 1.64774e-05 1.52503e-06 9.44692e-08
 4.30525e-11 3.70525e-09 1.88028e-07 5.62623e-06 9.92682e-05 0.00103288 0.00634157 0.0230479 0.0504158 0.0718835 0.0872001 0.119942 0.155968 0.158654 0.133161 0.0962904 0.056402 0.0260236 0.00973127 0.002959 0.000702172 0.000123531 1.54142e-05 1.31616e-06 7.47319e-08
 2.44864e-11 2.02576e-09 9.88189e-08 2.84239e-06 4.82101e-05 0.000482289 0.00284936 0.0100088 0.0216338 0.0333787 0.0519713 0.0905424 0.137373 0.171503 0.180593 0.148908 0.0900755 0.0408024 0.014578 0.00416024 0.000919257 0.000150413 1.74463e-05 1.38082e-06 7.23496e-08
 3.79502e-10 3.01342e-08 1.41088e-06 3.89502e-05 0.000634037 0.00608566 0.0344423 0.114943 0.226238 0.262913 0.181504 0.0773622 0.0262437 0.0160763 0.0171915 0.016034 0.0112058 0.00589769 0.00233402 0.000683212 0.000145774 2.231e-05 2.39035e-06 1.74162e-07 8.39535e-09
 2.7743e-10 2.11131e-08 9.47412e-07 2.50677e-05 0.000391098 0.00359827 0.0195323 0.0627172 0.120735 0.148699 0.147533 0.159305 0.15985 0.110208 0.0475537 0.0137558 0.00375753 0.00146606 0.000618262 0.000200959 4.56462e-05 7.04515e-06 7.27826e-07 4.96828e-08 2.21079e-09
 6.4215e-10 4.67736e-08 2.00887e-06 5.08734e-05 0.000759659 0.00668875 0.0347309 0.106411 0.192963 0.210406 0.149026 0.0903266 0.0676643 0.0572079 0.0437861 0.0261193 0.0105962 0.00273164 0.000459616 6.06196e-05 8.32474e-06 1.12673e-06 1.14757e-07 7.72359e-09 3.31077e-10
 7.80509e-10 5.43443e-08 2.23109e-06 5.40092e-05 0.000770926 0.00648902 0.0322193 0.0945362 0.165444 0.180783 0.147839 0.126326 0.110628 0.0747671 0.0371915 0.0153455 0.00555646 0.00163105 0.000355574 5.45781e-05 5.76011e-06 4.31606e-07 2.52472e-08 1.22065e-09 4.51746e-11
 1.18145e-09 7.85383e-08 3.07848e-06 7.11506e-05 0.000969648 0.00779239 0.0369395 0.103472 0.172793 0.179773 0.139108 0.113095 0.0988615 0.0728733 0.0435642 0.0210667 0.00748288 0.00180041 0.000294753 3.53756e-05 3.3401e-06 2.4352e-07 1.27071e-08 4.51335e-10 1.08845e-11
 1.74769e-09 1.10799e-07 4.14186e-06 9.12939e-05 0.00118654 0.00909401 0.0411181 0.109911 0.175598 0.176824 0.137298 0.114849 0.0989319 0.0693587 0.0391649 0.0182035 0.00643699 0.00160978 0.000282226 3.52381e-05 3.13604e-06 1.96874e-07 8.68717e-09 2.68993e-10 5.75169e-12
 2.04833e-09 1.23715e-07 4.40584e-06 9.25179e-05 0.00114558 0.00836573 0.0360597 0.0921465 0.142702 0.147924 0.136998 0.14101 0.128509 0.0881091 0.0476009 0.020791 0.0067566 0.00151877 0.000236591 2.67138e-05 2.24619e-06 1.37745e-07 5.9004e-09 1.70482e-10 3.25561e-12
 4.07692e-09 2.34355e-07 7.94338e-06 0.000158754 0.00187085 0.0130015 0.0533078 0.129274 0.187772 0.173537 0.127243 0.103352 0.087392 0.0626936 0.0369712 0.0168422 0.00531506 0.00109674 0.000149236 1.40874e-05 9.74432e-07 5.02621e-08 1.88836e-09 4.97845e-11 8.89898e-13
 5.73301e-09 3.13367e-07 1.00997e-05 0.000191936 0.00215084 0.0142144 0.0554458 0.128175 0.179238 0.166318 0.13501 0.121141 0.0973706 0.0587812 0.0277005 0.0105513 0.00301424 0.000596946 8.08545e-05 7.67263e-06 5.17809e-07 2.45777e-08 8.04769e-10 1.79759e-11 2.7222e-13
 8.50335e-09 4.4159e-07 1.35219e-05 0.000244143 0.00259932 0.0163216 0.0605022 0.133047 0.177823 0.160704 0.131838 0.119625 0.095729 0.0586749 0.0285436 0.0108521 0.00291001 0.000509362 5.74521e-05 4.3356e-06 2.33043e-07 9.31069e-09 2.73457e-10 5.64657e-12 7.85967e-14
 1.22186e-08 6.02388e-07 1.75114e-05 0.000300162 0.00303393 0.0180876 0.0636852 0.133293 0.171201 0.154148 0.133352 0.124767 0.0981339 0.0586815 0.0278933 0.0102671 0.00264188 0.000443733 4.8267e-05 3.50601e-06 1.76711e-07 6.28051e-09 1.55736e-10 2.65006e-12 3.06587e-14
 1.78444e-08 8.34614e-07 2.30175e-05 0.000374303 0.0035893 0.0203029 0.0678538 0.135084 0.166614 0.148914 0.13325 0.126077 0.0980932 0.0587068 0.0280258 0.0101353 0.00250817 0.000402085 4.18489e-05 2.92904e-06 1.42992e-07 4.91264e-09 1.16513e-10 1.86036e-12 1.96538e-14
 2.74445e-08 1.21704e-06 3.18232e-05 0.000490655 0.00446104 0.0239266 0.0758435 0.143401 0.168982 0.14706 0.130618 0.121179 0.0921175 0.0545504 0.0257531 0.00905742 0.00215661 0.000333508 3.38833e-05 2.3445e-06 1.13491e-07 3.83085e-09 8.81094e-11 1.35101e-12 1.36188e-14
 4.28882e-08 1.80233e-06 4.46598e-05 0.000652524 0.00562224 0.0285785 0.0858831 0.154195 0.173741 0.147573 0.129739 0.116166 0.0833052 0.0460367 0.020187 0.00659137 0.00145501 0.000207513 1.9289e-05 1.21516e-06 5.38782e-08 1.69414e-09 3.69702e-11 5.44241e-13 5.28524e-15
 6.1128e-08 2.43332e-06 5.71148e-05 0.000790491 0.006452 0.0310734 0.0885538 0.151413 0.16548 0.143523 0.132884 0.119847 0.0848575 0.0466965 0.020308 0.00646688 0.00138255 0.000192505 1.77531e-05 1.12086e-06 4.93023e-08 1.4957e-09 3.06145e-11 4.15822e-13 3.71294e-15
 9.37831e-08 3.53515e-06 7.85744e-05 0.00102981 0.0079595 0.0363037 0.0980197 0.159077 0.166244 0.14048 0.127985 0.112964 0.0793344 0.0440299 0.0191212 0.00595045 0.00123378 0.000168069 1.54239e-05 9.81993e-07 4.36013e-08 1.32423e-09 2.68519e-11 3.57266e-13 3.08242e-15
 1.41447e-07 5.04776e-06 0.000106217 0.00131794 0.0096443 0.0416543 0.106593 0.164627 0.166415 0.141067 0.129249 0.109797 0.0722351 0.0371341 0.0149117 0.004301 0.000826992 0.000104301 8.86082e-06 5.25687e-07 2.20629e-08 6.43953e-10 1.2709e-11 1.65619e-13 1.39995e-15
 2.09607e-07 7.08063e-06 0.000141035 0.00165651 0.011475 0.0469262 0.113814 0.167357 0.163907 0.139457 0.128372 0.106558 0.0683027 0.0343214 0.0133142 0.00364793 0.000659117 7.7611e-05 6.11996e-06 3.34955e-07 1.29109e-08 3.45802e-10 6.28334e-12 7.5898e-14 5.99942e-16
 3.13372e-07 1.00197e-05 0.000188905 0.00210012 0.0137708 0.0533192 0.122574 0.171669 0.163014 0.138693 0.126737 0.101478 0.0622506 0.0298672 0.0109744 0.00282252 0.000475546 5.19003e-05 3.76832e-06 1.88826e-07 6.64538e-09 1.6245e-10 2.69371e-12 2.96756e-14 2.13888e-16
 4.71489e-07 1.42691e-05 0.000254634 0.00267949 0.0166311 0.0609655 0.132808 0.176938 0.161992 0.135712 0.121589 0.0945252 0.0567639 0.0267749 0.00956155 0.00236393 0.000382985 4.05614e-05 2.88559e-06 1.4156e-07 4.80264e-09 1.10715e-10 1.69946e-12 1.71328e-14 1.12379e-16
 6.29911e-07 1.80451e-05 0.000304815 0.00303632 0.0178432 0.0619819 0.128466 0.165731 0.155641 0.143184 0.133688 0.10004 0.0558607 0.0241948 0.00792282 0.00179529 0.000264836 2.52223e-05 1.5948e-06 6.95725e-08 2.13538e-09 4.56005e-11 6.59484e-13 6.29818e-15 3.8979e-17
 9.36678e-07 2.54018e-05 0.000406196 0.0038304 0.0213101 0.0700927 0.137665 0.168809 0.152086 0.135927 0.124577 0.0941693 0.0552762 0.0252629 0.00839984 0.0018676 0.000267356 2.48135e-05 1.53763e-06 6.52852e-08 1.90521e-09 3.7605e-11 4.92847e-13 4.23765e-15 2.37143e-17
 1.33241e-06 3.42103e-05 0.000517938 0.00462436 0.0243628 0.0759409 0.141824 0.167664 0.151305 0.138922 0.125434 0.0900828 0.0496518 0.0212999 0.00669254 0.00142356 0.000198521 1.83489e-05 1.15255e-06 4.97505e-08 1.45864e-09 2.84263e-11 3.61794e-13 2.97401e-15 1.566e-17
 1.98855e-06 4.83457e-05 0.000693077 0.00585958 0.0292338 0.0863225 0.152936 0.172459 0.150473 0.134564 0.117359 0.081549 0.0437516 0.018123 0.00540154 0.00107412 0.000138743 1.18266e-05 6.87631e-07 2.78527e-08 7.80888e-10 1.47926e-11 1.84706e-13 1.49166e-15 7.68013e-18
#spawning biomass
 29020.7 32147.8 21518.1 13767.8 20278.5 35607 59880.4 91536.1 128165 155191 149563 176076 194390 202164 214166 235807 190130 181479 189698 206627 209358 189412 186436 198958 205096 147693 156984 152859 156486 259682 183626 114761 69990.7 45182.2 32677 26751.1 24060 22874.7 22364 22147.7 22057.2 22019.7 22004.2 21997.8 21995.3 21994.3 21993.9 21993.7 21993.6 21993.6 21993.6 21993.6 21993.6 21993.6 21993.6 21993.6 21993.6 21993.6 21993.6 21993.6 21993.6 21993.6 21993.6 21993.6 21993.6 21993.6 21993.6 21993.6 21993.6 21993.6 21993.6 21993.6 21993.6 21993.6 21993.6 21993.6 21993.6 21993.6 21993.6 21993.6 21993.6 21993.6 21993.6 21993.6 21993.6 21993.6 21993.6 21993.6 21993.6 21993.6 21993.6 21993.6 21993.6 21993.6 21993.6 21993.6 21993.6 21993.6 21993.6 21993.6 21993.6 21993.6 21993.6 21993.6 21993.6 21993.6 21993.6 21993.6 21993.6 21993.6 21993.6 21993.6 21993.6 21993.6 21993.6 21993.6 21993.6 21993.6 21993.6 21993.6 21993.6 21993.6 21993.6 21993.6 21993.6 21993.6 21993.6 21993.6 0 0 0 0 0 0 0 0 0 0 0 0 0 0 0 0 0 0 0 0 0 0 0 0 0
