SBPRF35
12.2005
Curr Bio
102692
B35
8.91446e+06
F35
0.0397703
FOFL
0
OFL
0
Bzero
3.48585e+06
#pred survey bio
 6384.56 6912.64 5799.64 6560.88 9720.44 15480.4 18359.3 27234.2 39445.2 48057.5 68012 88547.6 104473 118871 127915 118557 101923 105054 113864 110992 110427 118627 110370 124375 145374 137846 130840 116563 124932 3.44284e+06 6.40837e+06 9.83644e+06 1.3096e+07 1.59809e+07 1.84102e+07 2.03871e+07 2.19569e+07 2.31815e+07 2.41242e+07 2.48427e+07 2.5386e+07 2.57945e+07 2.61005e+07 2.6279e+07 2.62656e+07 2.62557e+07 2.62488e+07 2.62444e+07 2.62421e+07 2.62417e+07 2.6243e+07 2.62457e+07 2.62497e+07 2.62548e+07 2.6261e+07 2.62681e+07 2.6276e+07 2.62846e+07 2.62939e+07 2.63038e+07 2.63142e+07 2.6325e+07 2.63363e+07 2.63479e+07 2.63598e+07 2.6372e+07 2.63843e+07 2.63969e+07 2.64097e+07 2.64225e+07 2.64355e+07 2.64485e+07 2.64615e+07 2.64746e+07 2.64877e+07 2.65007e+07 2.65138e+07 2.65267e+07 2.65396e+07 2.65525e+07 2.65652e+07 2.65778e+07 2.65904e+07 2.66028e+07 2.66151e+07 2.66272e+07 2.66392e+07 2.66511e+07 2.66628e+07 2.66744e+07 2.66858e+07 2.6697e+07 2.67081e+07 2.6719e+07 2.67297e+07 2.67403e+07 2.67507e+07 2.6761e+07 2.6771e+07 2.67809e+07 2.67906e+07 2.68002e+07 2.68096e+07 2.68188e+07 2.68278e+07 2.68367e+07 2.68454e+07 2.6854e+07 2.68623e+07 2.68706e+07 2.68786e+07 2.68865e+07 2.68943e+07 2.69019e+07 2.69093e+07 2.69166e+07 2.69238e+07 2.69308e+07 2.69376e+07 2.69443e+07 2.69509e+07 2.69574e+07 2.69637e+07 2.69698e+07 2.69759e+07 2.69818e+07 2.69876e+07 2.69932e+07 2.69988e+07 0 0 0 0 0 0 0 0 0 0 0 0 0 0 0 0 0 0 0 0 0 0 0 0 0
#obs survey bio
 5953.35 7194.15 10596 8800.64 13289.2 19132.3 25414.2 44094.2 41829.8 47528.4 97998.4 107730 100218 99164.4 101473 93112.8 89310.8 82184.7 80572.4 114899 88701.5 109596 79440.3 129932 135673 117424 91658.4 128581 113812
#pred catch bio
 2706.19 3846.92 3071.32 3209.71 5058.55 11674.9 12951.7 18680.3 29910.3 34871.9 51032.6 67807.8 81530.1 92338.1 102871 99787.4 83214 84402.4 94811.7 92494.7 90859.1 103248 93952.7 102467 125780 121531 117675 103612 104970 0 11509.1 18009.8 24175.6 29653.2 34266.4 38008.4 40960.5 43239.7 44968.2 46258.8 47208.1 47895.5 48384.5 48632.2 48522.6 48419.8 48323.2 48232.6 48147.5 48067.6 47992.7 47922.3 47856.2 47794.2 47736 47681.3 47630 47581.9 47536.7 47494.3 47454.4 47417 47382 47349 47318.1 47289.1 47261.8 47236.2 47212.2 47189.7 47168.5 47148.6 47130 47112.5 47096.1 47080.7 47066.2 47052.6 47039.8 47027.9 47016.6 47006.1 46996.2 46986.9 46978.1 46969.9 46962.2 46955 46948.3 46941.9 46935.9 46930.3 46925.1 46920.1 46915.5 46911.1 46907 46903.2 46899.6 46896.2 46893.1 46890.1 46887.3 46884.7 46882.2 46879.9 46877.7 46875.7 46873.8 46872 46870.3 46868.7 46867.2 46865.8 46864.5 46863.3 46862.1 46861 46860 46859.1 46858.2 46857.3 46856.5 46855.8 46855.1 46854.5 46853.8 46853.3 46852.7 0 0 0 0 0 0 0 0 0 0 0 0 0 0 0 0 0 0 0 0 0 0 0 0 0
#obs catch bio
 4007.63 3661.58 3170.91 2845.13 3993.75 8572.97 9930.53 13851.8 24583.3 28772.7 43513.4 56670.9 64105.1 83029.6 96481.9 101274 76325.4 73491.6 90030.9 82681 77936.8 93534 87108.9 88820.4 104153 106465 114156 84751.5 91243.8
#pred cpue bio
 5375.4 6350.93 4955.67 4707.68 6765.51 9985.49 10075.3 14458.9 22727.3 26072.2 35745.9 47069.5 57997.1 64399.7 74510.5 70916.3 55390.2 54891.9 60207.2 57586.4 56273.2 58918.2 51042.9 53351.1 68710.1 65091.6 56770.5 49933.2 47611.6 1.58326e+06 6.25092e+06 9.71323e+06 1.29716e+07 1.58564e+07 1.82858e+07 2.02626e+07 2.18325e+07 2.30571e+07 2.39998e+07 2.47182e+07 2.52615e+07 2.56701e+07 2.5976e+07 2.61545e+07 2.61412e+07 2.61313e+07 2.61243e+07 2.61199e+07 2.61176e+07 2.61173e+07 2.61185e+07 2.61212e+07 2.61252e+07 2.61304e+07 2.61365e+07 2.61436e+07 2.61515e+07 2.61602e+07 2.61695e+07 2.61793e+07 2.61897e+07 2.62006e+07 2.62118e+07 2.62234e+07 2.62353e+07 2.62475e+07 2.62599e+07 2.62725e+07 2.62852e+07 2.62981e+07 2.6311e+07 2.6324e+07 2.63371e+07 2.63502e+07 2.63632e+07 2.63763e+07 2.63893e+07 2.64023e+07 2.64152e+07 2.6428e+07 2.64408e+07 2.64534e+07 2.64659e+07 2.64783e+07 2.64906e+07 2.65028e+07 2.65148e+07 2.65266e+07 2.65384e+07 2.65499e+07 2.65613e+07 2.65726e+07 2.65836e+07 2.65945e+07 2.66053e+07 2.66159e+07 2.66263e+07 2.66365e+07 2.66466e+07 2.66565e+07 2.66662e+07 2.66757e+07 2.66851e+07 2.66943e+07 2.67034e+07 2.67123e+07 2.6721e+07 2.67295e+07 2.67379e+07 2.67461e+07 2.67542e+07 2.67621e+07 2.67698e+07 2.67774e+07 2.67849e+07 2.67922e+07 2.67993e+07 2.68063e+07 2.68132e+07 2.68199e+07 2.68265e+07 2.68329e+07 2.68392e+07 2.68454e+07 2.68514e+07 2.68573e+07 2.68631e+07 2.68688e+07 2.68743e+07 0 0 0 0 0 0 0 0 0 0 0 0 0 0 0 0 0 0 0 0 0 0 0 0 0
#obs cpue bio
 7299.72 6345.43 5836.03 4370.89 11843.2 23262.8 15691.2 28009 45707 51559.5 55166.9 75969.8 152226 103532 119700 100729 89675 113045 105857 95386.4 119791 103920 88647 93869.8 158900 125766 91950.9 105732 87308.1
#pred surv len freq
 9.21801e-12 1.00097e-09 6.40828e-08 2.41881e-06 5.38274e-05 0.000706258 0.00546458 0.024956 0.0675779 0.110994 0.122256 0.120053 0.129814 0.125801 0.0984889 0.0703687 0.0478323 0.0297204 0.0176042 0.010506 0.00656013 0.00446113 0.0032645 0.00226513 0.00124897
 5.47293e-12 5.94295e-10 3.80473e-08 1.4361e-06 3.19589e-05 0.000419347 0.00324546 0.0148407 0.0404497 0.0685523 0.0852944 0.1075 0.139919 0.146037 0.1213 0.0937338 0.0693607 0.0466391 0.0284131 0.0158225 0.0084065 0.00462097 0.00278281 0.00171963 0.000909301
 9.48451e-12 1.0299e-09 6.59354e-08 2.48873e-06 5.53833e-05 0.000726661 0.00562195 0.0256633 0.0693375 0.112632 0.118307 0.102612 0.0997704 0.0997277 0.0921357 0.082386 0.0680101 0.050137 0.0334448 0.0198679 0.010409 0.00499034 0.00239087 0.00120322 0.000567971
 1.38559e-11 1.50459e-09 9.63251e-08 3.63579e-06 8.09094e-05 0.00106157 0.00821255 0.0374782 0.101112 0.163054 0.165635 0.128793 0.105628 0.0881716 0.0616726 0.040634 0.0304508 0.0245368 0.0185606 0.0122916 0.00698069 0.00338599 0.00144619 0.000584728 0.00022686
 1.32881e-11 1.44292e-09 9.23774e-08 3.48679e-06 7.75936e-05 0.00101807 0.00787646 0.0359536 0.0971246 0.157641 0.164904 0.140517 0.129216 0.110701 0.0710803 0.0366871 0.018832 0.0107307 0.0069946 0.00485478 0.00308436 0.00164074 0.000715737 0.00026226 8.41194e-05
 1.43746e-11 1.56091e-09 9.99311e-08 3.7719e-06 8.39384e-05 0.00110131 0.00852023 0.0388869 0.104975 0.169791 0.17485 0.142036 0.123162 0.103208 0.0666136 0.0347538 0.0170121 0.00788347 0.00351701 0.00172291 0.000965617 0.000536978 0.000253528 9.50403e-05 2.81982e-05
 1.59016e-11 1.72673e-09 1.10547e-07 4.17258e-06 9.28549e-05 0.0012183 0.00942516 0.0430141 0.116076 0.187418 0.191451 0.151335 0.125232 0.0984034 0.0540347 0.0181936 0.00364049 0.000430144 2.99741e-05 1.23153e-06 2.98321e-08 4.26057e-10 3.58889e-12 1.83722e-14 2.21721e-16
 1.63003e-11 1.77001e-09 1.13318e-07 4.27718e-06 9.51826e-05 0.00124884 0.00966132 0.0440896 0.118948 0.191808 0.194777 0.150985 0.121494 0.0941426 0.0515089 0.0173301 0.00346719 0.000409657 2.85463e-05 1.17286e-06 2.84111e-08 4.05758e-10 3.41654e-12 1.69607e-14 4.9641e-17
 1.5267e-11 1.65781e-09 1.06135e-07 4.00605e-06 8.91491e-05 0.00116968 0.00904919 0.0413018 0.111504 0.18043 0.186154 0.151893 0.131182 0.105187 0.0580558 0.0195682 0.00391637 0.00046276 3.22472e-05 1.32492e-06 3.20945e-08 4.58365e-10 3.85949e-12 1.91597e-14 5.60769e-17
 1.60426e-11 1.74204e-09 1.11527e-07 4.20958e-06 9.36783e-05 0.0012291 0.0095087 0.0433946 0.117092 0.188971 0.192627 0.151211 0.123909 0.0968961 0.0531412 0.0178881 0.00357918 0.000422897 2.9469e-05 1.21077e-06 2.93294e-08 4.18874e-10 3.52698e-12 1.7509e-14 5.12456e-17
 1.64168e-11 1.78267e-09 1.14128e-07 4.30777e-06 9.58633e-05 0.00125777 0.00973038 0.0444042 0.119788 0.193092 0.19575 0.150882 0.120401 0.0928966 0.0507703 0.0170776 0.00341652 0.000403666 2.81288e-05 1.15571e-06 2.79955e-08 3.99824e-10 3.36657e-12 1.67126e-14 4.89149e-17
 1.62857e-11 1.76843e-09 1.13217e-07 4.27336e-06 9.50976e-05 0.00124772 0.00965269 0.0440504 0.118843 0.191648 0.194656 0.150998 0.121631 0.0942983 0.0516011 0.0173617 0.00347352 0.000410405 2.85985e-05 1.175e-06 2.8463e-08 4.065e-10 3.42278e-12 1.69917e-14 4.97317e-17
 1.57569e-11 1.71102e-09 1.09541e-07 4.13462e-06 9.20101e-05 0.00120721 0.00933945 0.0426238 0.115034 0.185825 0.190243 0.151462 0.126588 0.0999497 0.0549513 0.0185069 0.00370338 0.000437579 3.04923e-05 1.25282e-06 3.03479e-08 4.33419e-10 3.64945e-12 1.8117e-14 5.30251e-17
 1.60596e-11 1.74388e-09 1.11645e-07 4.21404e-06 9.37776e-05 0.0012304 0.00951877 0.0434404 0.117214 0.189159 0.192769 0.151196 0.12375 0.0967144 0.0530335 0.0178513 0.00357179 0.000422023 2.94081e-05 1.20827e-06 2.92688e-08 4.18009e-10 3.51969e-12 1.74728e-14 5.11397e-17
 1.51162e-11 1.64144e-09 1.05087e-07 3.9665e-06 8.82689e-05 0.00115813 0.00895989 0.0408951 0.110418 0.17877 0.184896 0.152026 0.132595 0.106798 0.0590109 0.0198947 0.0039819 0.000470507 3.27871e-05 1.3471e-06 3.26319e-08 4.66039e-10 3.92411e-12 1.94805e-14 5.70158e-17
 1.47356e-11 1.60011e-09 1.0244e-07 3.86662e-06 8.60462e-05 0.00112897 0.00873438 0.0398681 0.107676 0.174578 0.181719 0.152361 0.136164 0.110866 0.0614228 0.0207192 0.00414738 0.000490071 3.41505e-05 1.40312e-06 3.39889e-08 4.8542e-10 4.0873e-12 2.02906e-14 5.93868e-17
 1.60217e-11 1.73977e-09 1.11382e-07 4.2041e-06 9.35563e-05 0.0012275 0.00949633 0.0433382 0.116941 0.188741 0.192453 0.15123 0.124105 0.0971194 0.0532735 0.0179334 0.00358826 0.00042397 2.95438e-05 1.21385e-06 2.94039e-08 4.19938e-10 3.53593e-12 1.75534e-14 5.13757e-17
 1.64836e-11 1.78992e-09 1.14592e-07 4.32529e-06 9.6253e-05 0.00126288 0.00976992 0.0445843 0.120268 0.193827 0.196307 0.150824 0.119775 0.0921832 0.0503473 0.016933 0.0033875 0.000400235 2.78897e-05 1.14588e-06 2.77575e-08 3.96425e-10 3.33795e-12 1.65706e-14 4.84991e-17
 1.63474e-11 1.77513e-09 1.13645e-07 4.28955e-06 9.54577e-05 0.00125245 0.00968923 0.0442168 0.119287 0.192327 0.195171 0.150943 0.121052 0.093639 0.0512103 0.0172281 0.00344671 0.000407235 2.83775e-05 1.16593e-06 2.82431e-08 4.0336e-10 3.39634e-12 1.68604e-14 4.93475e-17
 1.65631e-11 1.79855e-09 1.15145e-07 4.34614e-06 9.67172e-05 0.00126897 0.00981701 0.0447987 0.120841 0.194702 0.196971 0.150754 0.11903 0.0913336 0.0498437 0.0167609 0.00335295 0.00039615 2.7605e-05 1.13419e-06 2.74742e-08 3.92378e-10 3.30388e-12 1.64014e-14 4.80041e-17
 1.67605e-11 1.82e-09 1.16518e-07 4.39796e-06 9.78704e-05 0.0012841 0.009934 0.0453316 0.122264 0.196877 0.198619 0.15058 0.117179 0.0892228 0.0485924 0.0163331 0.0032671 0.000386 2.68976e-05 1.10512e-06 2.67702e-08 3.82324e-10 3.21922e-12 1.59811e-14 4.67739e-17
 1.70321e-11 1.84948e-09 1.18405e-07 4.46921e-06 9.94558e-05 0.0013049 0.0100949 0.0460641 0.12422 0.199867 0.200885 0.150341 0.114633 0.0863207 0.0468721 0.015745 0.00314907 0.000372046 2.59252e-05 1.06517e-06 2.58023e-08 3.685e-10 3.10282e-12 1.54033e-14 4.50828e-17
 1.77239e-11 1.92461e-09 1.23215e-07 4.65075e-06 0.000103496 0.0013579 0.0105047 0.0479308 0.129204 0.207486 0.206659 0.149733 0.108146 0.0789258 0.0424883 0.0142464 0.00284831 0.000336489 2.34471e-05 9.63349e-07 2.33359e-08 3.33276e-10 2.80623e-12 1.39309e-14 4.07734e-17
 1.83671e-11 1.99444e-09 1.27686e-07 4.81951e-06 0.000107251 0.00140717 0.0108857 0.049666 0.133837 0.214569 0.212027 0.149167 0.102117 0.0720517 0.0384133 0.0128533 0.00256873 0.000303435 2.11436e-05 8.68702e-07 2.10432e-08 3.00532e-10 2.53052e-12 1.25623e-14 3.67675e-17
 1.7522e-11 1.90268e-09 1.21811e-07 4.59776e-06 0.000102316 0.00134243 0.0103851 0.0473859 0.127749 0.205262 0.204974 0.14991 0.11004 0.0810844 0.0437679 0.0146838 0.0029361 0.000346868 2.41705e-05 9.93069e-07 2.40558e-08 3.43558e-10 2.8928e-12 1.43607e-14 4.20313e-17
 1.75308e-11 1.90363e-09 1.21872e-07 4.60007e-06 0.000102368 0.0013431 0.0103903 0.0474097 0.127813 0.205359 0.205047 0.149903 0.109957 0.0809902 0.0437121 0.0146647 0.00293227 0.000346415 2.41389e-05 9.91772e-07 2.40244e-08 3.43109e-10 2.88903e-12 1.4342e-14 4.19764e-17
 1.82744e-11 1.98438e-09 1.27042e-07 4.79518e-06 0.00010671 0.00140007 0.0108308 0.0494159 0.133169 0.213548 0.211253 0.149249 0.102986 0.0730425 0.0390007 0.0130541 0.00260902 0.0003082 2.14756e-05 8.82344e-07 2.13736e-08 3.05252e-10 2.57026e-12 1.27595e-14 3.73449e-17
 1.83778e-11 1.99561e-09 1.27761e-07 4.82232e-06 0.000107314 0.00140799 0.0108921 0.0496949 0.133914 0.214687 0.212116 0.149158 0.102016 0.0719371 0.0383454 0.0128301 0.00256407 0.000302885 2.11052e-05 8.67125e-07 2.10049e-08 2.99987e-10 2.52593e-12 1.25395e-14 3.67007e-17
 1.92305e-11 2.0882e-09 1.33689e-07 5.04607e-06 0.000112293 0.00147331 0.0113972 0.0519956 0.140057 0.224077 0.219233 0.148408 0.0940215 0.0628229 0.0329425 0.0109831 0.00219338 0.00025906 1.8051e-05 7.41637e-07 1.79651e-08 2.56573e-10 2.16038e-12 1.07248e-14 3.13894e-17
#obs surv len freq
 2.36593e-11 2.28579e-09 1.30199e-07 4.37239e-06 8.65709e-05 0.00101059 0.00695651 0.0282581 0.0680106 0.0990767 0.096784 0.0871942 0.0950822 0.104638 0.105718 0.0986401 0.0808381 0.0578072 0.0367103 0.0202026 0.0090551 0.0030655 0.000731721 0.000116859 1.204e-05
 4.58417e-12 4.27178e-10 2.34691e-08 7.60203e-07 1.45189e-05 0.000163552 0.00108867 0.00432433 0.0107741 0.0205409 0.0422983 0.0883903 0.139232 0.159189 0.151738 0.132315 0.102636 0.0701009 0.0424621 0.0220085 0.00915138 0.00284826 0.000623152 9.11826e-05 8.60897e-06
 8.93245e-11 8.01455e-09 4.23962e-07 1.32225e-05 0.000243129 0.00263573 0.0168464 0.0634864 0.141104 0.185257 0.145113 0.0730133 0.0387263 0.0484485 0.071948 0.0776508 0.0606832 0.0382708 0.0211759 0.0101277 0.0038897 0.00111161 0.000222185 2.96431e-05 2.55211e-06
 1.05527e-10 9.10173e-09 4.6283e-07 1.38758e-05 0.000245266 0.00255607 0.0157091 0.0569925 0.122738 0.161481 0.147647 0.130275 0.125755 0.0976948 0.0542685 0.0291452 0.0217988 0.0167641 0.0101109 0.00465361 0.00163789 0.00042552 7.73337e-05 9.38135e-06 7.34361e-07
 1.48146e-10 1.22639e-08 5.98557e-07 1.72235e-05 0.0002922 0.00292276 0.0172399 0.0600198 0.123927 0.155634 0.133656 0.109731 0.107859 0.102629 0.0842001 0.0564539 0.0282102 0.0108724 0.00405707 0.00159297 0.000531751 0.000128818 2.13593e-05 2.34728e-06 1.66427e-07
 2.02458e-10 1.60628e-08 7.51358e-07 2.0721e-05 0.000336914 0.0032299 0.0182609 0.0609627 0.12098 0.147706 0.128917 0.11461 0.116002 0.105128 0.0815806 0.055012 0.0298042 0.0122583 0.00388319 0.00101525 0.000235804 4.67422e-05 6.9292e-06 6.94404e-07 4.48066e-08
 3.10369e-10 2.35678e-08 1.05511e-06 2.78495e-05 0.00043339 0.00397651 0.0215176 0.0687552 0.130613 0.152742 0.12801 0.110113 0.10964 0.100438 0.0795495 0.0527488 0.0269619 0.0104129 0.00314525 0.000751976 0.000139965 2.01645e-05 2.23265e-06 1.81847e-07 1.01816e-08
 4.35122e-10 3.15825e-08 1.35151e-06 3.40984e-05 0.000507215 0.00444858 0.0230125 0.0703352 0.12818 0.145851 0.124964 0.115508 0.116999 0.103355 0.0781695 0.0501163 0.0252155 0.00966449 0.0028604 0.000651919 0.000111488 1.3916e-05 1.24174e-06 7.79937e-08 3.3918e-09
 5.8894e-10 4.08109e-08 1.66733e-06 4.0161e-05 0.000570342 0.00477583 0.0235906 0.0689008 0.120458 0.133922 0.118773 0.118693 0.124539 0.111951 0.0853064 0.0527809 0.0244556 0.00842251 0.00225582 0.000476999 7.66578e-05 8.8975e-06 7.1763e-07 3.91933e-08 1.424e-09
 9.41045e-10 6.21861e-08 2.42279e-06 5.56516e-05 0.000753679 0.00601837 0.0283497 0.0789605 0.131633 0.139483 0.117818 0.112962 0.116482 0.105822 0.0815342 0.0494432 0.0217435 0.00691263 0.00166403 0.000311668 4.45955e-05 4.67957e-06 3.4513e-07 1.72402e-08 5.66812e-10
 1.39298e-09 8.76895e-08 3.25452e-06 7.12144e-05 0.000918752 0.00698919 0.0313695 0.0833246 0.13308 0.137884 0.12019 0.120445 0.121488 0.103707 0.0743811 0.0421748 0.0174116 0.00518204 0.00115438 0.000196474 2.50989e-05 2.32867e-06 1.51978e-07 6.77116e-09 2.00352e-10
 2.02455e-09 1.21288e-07 4.28396e-06 8.92102e-05 0.00109531 0.00792996 0.0338792 0.085736 0.131032 0.132406 0.117813 0.12187 0.123645 0.106095 0.0756343 0.0413328 0.0160075 0.00438651 0.000889564 0.000137274 1.58603e-05 1.32281e-06 7.69873e-08 3.04104e-09 7.96605e-11
 2.95661e-09 1.68411e-07 5.65571e-06 0.000111981 0.00130725 0.00899921 0.0365659 0.0881079 0.12894 0.127708 0.116831 0.124123 0.125327 0.106664 0.0750452 0.040085 0.0151687 0.00407565 0.000803374 0.000117466 1.25066e-05 9.44345e-07 4.93652e-08 1.74552e-09 4.08324e-11
 3.65036e-09 1.97528e-07 6.30176e-06 0.000118533 0.00131457 0.00859855 0.0332211 0.0764042 0.108697 0.112151 0.118407 0.138398 0.141476 0.119207 0.0815267 0.041378 0.0146537 0.00366386 0.000674949 9.30984e-05 9.38276e-06 6.6556e-07 3.22168e-08 1.03986e-09 2.19799e-11
 4.87369e-09 2.5034e-07 7.58128e-06 0.000135363 0.00142507 0.00884931 0.0324749 0.0711188 0.097478 0.100883 0.112133 0.136968 0.147644 0.132501 0.092809 0.0459173 0.0153865 0.00357885 0.000606499 7.66018e-05 7.08582e-06 4.64021e-07 2.08365e-08 6.24518e-10 1.22179e-11
 8.99761e-09 4.38406e-07 1.2594e-05 0.000213304 0.00213013 0.0125465 0.0436584 0.0905091 0.116505 0.110269 0.109803 0.125419 0.132324 0.117854 0.081501 0.0399274 0.0134841 0.0032141 0.000554046 6.87842e-05 6.01866e-06 3.63648e-07 1.49139e-08 4.07858e-10 7.3006e-12
 1.42156e-08 6.56639e-07 1.78825e-05 0.000287129 0.00271838 0.0151814 0.0501224 0.0989151 0.123024 0.117767 0.121976 0.134717 0.128446 0.101731 0.0639022 0.0291976 0.0093953 0.00217806 0.000371885 4.61513e-05 4.02086e-06 2.38103e-07 9.36033e-09 2.40138e-10 3.96847e-12
 2.06117e-08 9.0212e-07 2.32785e-05 0.000354156 0.00317709 0.0168149 0.0526474 0.0988597 0.118733 0.114523 0.122898 0.136869 0.130591 0.103063 0.0631351 0.0276308 0.00846491 0.00186979 0.000305222 3.63997e-05 3.06639e-06 1.76427e-07 6.74421e-09 1.67536e-10 2.6582e-12
 2.82915e-08 1.17276e-06 2.8662e-05 0.000413005 0.00350933 0.0175969 0.0522663 0.0936854 0.110281 0.111274 0.127261 0.143076 0.135184 0.105163 0.0629962 0.0269853 0.00816764 0.00178924 0.000286563 3.29452e-05 2.64228e-06 1.44075e-07 5.22211e-09 1.23285e-10 1.86274e-12
 4.53024e-08 1.77802e-06 4.11428e-05 0.000561315 0.00451588 0.021441 0.0603165 0.102514 0.114936 0.1117 0.124428 0.138149 0.130832 0.100821 0.0580755 0.0234273 0.00663525 0.00136865 0.000209042 2.31296e-05 1.78564e-06 9.30999e-08 3.19918e-09 7.11244e-11 1.00827e-12
 6.4692e-08 2.40339e-06 5.2643e-05 0.000679861 0.00517795 0.0232828 0.0621495 0.101143 0.112477 0.115733 0.134232 0.144475 0.128912 0.0935675 0.0513167 0.0199871 0.00552213 0.00110866 0.000162471 1.70114e-05 1.23638e-06 6.07523e-08 1.97141e-09 4.13868e-11 5.52746e-13
 1.03209e-07 3.62896e-06 7.52302e-05 0.000919529 0.00662833 0.0282104 0.0712953 0.109979 0.116412 0.115086 0.1298 0.138488 0.124163 0.089101 0.0469927 0.017328 0.00452206 0.000862142 0.000120659 1.20669e-05 8.32929e-07 3.85627e-08 1.17145e-09 2.29447e-11 2.85676e-13
 1.47358e-07 4.90346e-06 9.62005e-05 0.00111282 0.0075926 0.0306034 0.0734478 0.108931 0.115752 0.121615 0.139942 0.14265 0.119489 0.0802674 0.0400569 0.0141364 0.00355471 0.000651285 8.67635e-05 8.19222e-06 5.32012e-07 2.31491e-08 6.60031e-10 1.21029e-11 1.40611e-13
 2.16626e-07 6.82182e-06 0.000126659 0.00138661 0.00895413 0.0341714 0.0777802 0.110221 0.114673 0.121523 0.14008 0.142579 0.119146 0.0777994 0.0365041 0.0118325 0.00270367 0.000451811 5.56192e-05 4.90549e-06 2.98559e-07 1.21545e-08 3.23329e-10 5.52047e-12 5.96546e-14
 2.46705e-07 7.3528e-06 0.000129206 0.00133884 0.00818636 0.0296371 0.0645604 0.0908888 0.104179 0.129316 0.157545 0.157552 0.127075 0.0796357 0.0358545 0.0111948 0.00246151 0.000390396 4.46605e-05 3.60734e-06 2.00446e-07 7.48021e-09 1.83368e-10 2.89518e-12 2.89689e-14
 4.03092e-07 1.1371e-05 0.000189125 0.00185483 0.0107333 0.0367538 0.0755275 0.0991964 0.103427 0.118064 0.142662 0.150835 0.129046 0.0820401 0.0360958 0.0108668 0.00230255 0.000351737 3.84958e-05 2.93874e-06 1.52194e-07 5.23033e-09 1.17178e-10 1.68604e-12 1.53843e-14
 5.46747e-07 1.46001e-05 0.000229874 0.00213437 0.011698 0.0380193 0.0748617 0.0978119 0.110114 0.135622 0.157702 0.149969 0.115081 0.0677091 0.0285207 0.00843488 0.00177737 0.000268612 2.86361e-05 2.09746e-06 1.03069e-07 3.33168e-09 6.96523e-11 9.28294e-13 7.79511e-15
 8.21675e-07 2.0773e-05 0.000309643 0.00272192 0.0141247 0.0434744 0.0811456 0.100857 0.109076 0.13128 0.153148 0.149334 0.11544 0.0653183 0.0254383 0.00681006 0.00129922 0.000181298 1.82763e-05 1.28287e-06 6.04771e-08 1.86436e-09 3.68838e-11 4.61911e-13 3.62374e-15
 1.16864e-06 2.79748e-05 0.000394842 0.0032868 0.0161582 0.0472066 0.0843459 0.103437 0.115994 0.141941 0.158456 0.143988 0.103528 0.0548995 0.0201845 0.00510825 0.000913183 0.000117481 1.07894e-05 6.901e-07 2.99209e-08 8.5792e-10 1.59155e-11 1.8757e-13 1.38458e-15
#pred catch len freq
 2.77875e-13 3.0174e-11 1.93181e-09 7.29239e-08 1.62371e-06 2.13632e-05 0.000167623 0.000819736 0.00296357 0.0108526 0.0396127 0.10567 0.178864 0.194996 0.156399 0.112305 0.0764354 0.0475069 0.02814 0.0167933 0.0104859 0.00713079 0.00521806 0.00362065 0.00199639
 1.46565e-13 1.59153e-11 1.01895e-09 3.84674e-08 8.5686e-07 1.12975e-05 8.95778e-05 0.000459512 0.00193601 0.0087465 0.035374 0.0970274 0.166098 0.184717 0.155392 0.120416 0.0891731 0.0599704 0.0365343 0.0203445 0.010809 0.00594157 0.00357809 0.00221107 0.00116916
 3.25245e-13 3.53178e-11 2.26111e-09 8.5351e-08 1.89999e-06 2.49709e-05 0.000194849 0.000928026 0.00303684 0.00920606 0.029685 0.0768566 0.132395 0.155798 0.148584 0.133507 0.110289 0.081311 0.0542387 0.0322199 0.0168803 0.0080928 0.00387725 0.00195126 0.000921075
 7.12079e-13 7.73234e-11 4.95035e-09 1.86859e-07 4.15917e-06 5.46298e-05 0.00042499 0.00199441 0.00613505 0.015984 0.0448714 0.109539 0.179767 0.188032 0.138218 0.0919043 0.0689768 0.0555916 0.0420517 0.0278481 0.0158155 0.0076713 0.00327649 0.00132476 0.000513975
 7.0639e-13 7.67057e-11 4.91082e-09 1.85369e-07 4.12625e-06 5.42138e-05 0.000422401 0.00199726 0.00634395 0.0179437 0.054463 0.136517 0.22361 0.22722 0.151359 0.0786798 0.040445 0.0230527 0.0150266 0.0104293 0.00662595 0.00352471 0.00153758 0.000563397 0.000180709
 7.4133e-12 8.04995e-10 5.15366e-08 1.94525e-06 4.32895e-05 0.000568018 0.00439599 0.0200997 0.0547551 0.0925641 0.114066 0.140745 0.177014 0.169591 0.112745 0.0590649 0.0288908 0.0133781 0.00596665 0.00292269 0.001638 0.000910885 0.000430063 0.000161218 4.7833e-05
 9.56943e-12 1.03913e-09 6.65258e-08 2.51102e-06 5.58798e-05 0.000733207 0.00567385 0.0259295 0.0704585 0.117686 0.138603 0.156903 0.1846 0.166085 0.0941563 0.0319094 0.00639318 0.00075558 5.26544e-05 2.1634e-06 5.24056e-08 7.48447e-10 6.30452e-12 3.22692e-14 3.88006e-16
 9.72364e-12 1.05587e-09 6.75979e-08 2.55149e-06 5.67803e-05 0.00074502 0.00576521 0.0263456 0.0715694 0.119384 0.13989 0.156768 0.183154 0.164436 0.0931792 0.0315753 0.00632614 0.000747655 5.2102e-05 2.1407e-06 5.18558e-08 7.4059e-10 6.23587e-12 3.09567e-14 9.06048e-17
 1.01339e-11 1.10042e-09 7.04501e-08 2.65915e-06 5.9176e-05 0.000776451 0.00600827 0.0274525 0.0745251 0.123903 0.143314 0.156407 0.179307 0.160051 0.0905796 0.0306866 0.00614779 0.000726569 5.06325e-05 2.08032e-06 5.03932e-08 7.19702e-10 6.05999e-12 3.00836e-14 8.80492e-17
 1.05645e-11 1.14718e-09 7.34438e-08 2.77214e-06 6.16905e-05 0.00080944 0.00626338 0.0286144 0.0776274 0.128645 0.146908 0.156028 0.17527 0.155448 0.0878511 0.0297539 0.00596059 0.000704437 4.90901e-05 2.01695e-06 4.88581e-08 6.97778e-10 5.87538e-12 2.91671e-14 8.5367e-17
 1.20122e-11 1.30438e-09 8.35079e-08 3.15201e-06 7.01438e-05 0.000920342 0.00712101 0.0325203 0.0880565 0.144587 0.15899 0.154755 0.161697 0.139975 0.0786784 0.0266182 0.00533126 0.000630036 4.39049e-05 1.8039e-06 4.36973e-08 6.24073e-10 5.25478e-12 2.60863e-14 7.63498e-17
 1.21868e-11 1.32334e-09 8.47214e-08 3.19781e-06 7.11632e-05 0.000933715 0.00722443 0.0329913 0.0893141 0.146509 0.160447 0.154602 0.16006 0.138109 0.0775723 0.02624 0.00525537 0.000621064 4.32797e-05 1.77821e-06 4.3075e-08 6.15185e-10 5.17994e-12 2.57148e-14 7.52625e-17
 1.16622e-11 1.26638e-09 8.10749e-08 3.06017e-06 6.81002e-05 0.000893531 0.00691368 0.031576 0.0855353 0.140733 0.15607 0.155063 0.164978 0.143716 0.0808959 0.0273762 0.0054834 0.000648022 4.51585e-05 1.85541e-06 4.4945e-08 6.41891e-10 5.40481e-12 2.68311e-14 7.85298e-17
 1.20824e-11 1.31201e-09 8.39958e-08 3.17043e-06 7.05537e-05 0.000925719 0.00716259 0.0327097 0.0885622 0.14536 0.159576 0.154694 0.161039 0.139225 0.0782337 0.0264661 0.00530075 0.000626428 4.36535e-05 1.79357e-06 4.34471e-08 6.20499e-10 5.22469e-12 2.59369e-14 7.59127e-17
 1.12464e-11 1.22123e-09 7.81841e-08 2.95106e-06 6.56722e-05 0.000861677 0.00666734 0.0304541 0.0825397 0.136154 0.152599 0.155429 0.168877 0.14816 0.0835306 0.0282769 0.00566416 0.000669393 4.66478e-05 1.9166e-06 4.64273e-08 6.63061e-10 5.58307e-12 2.7716e-14 8.11198e-17
 1.16422e-11 1.2642e-09 8.09353e-08 3.05491e-06 6.7983e-05 0.000891994 0.00690179 0.0315219 0.0853907 0.140512 0.155902 0.155081 0.165166 0.14393 0.0810231 0.0274197 0.00549213 0.000649054 4.52303e-05 1.85836e-06 4.50165e-08 6.42913e-10 5.41341e-12 2.68738e-14 7.86548e-17
 1.29708e-11 1.40847e-09 9.01718e-08 3.40354e-06 7.57412e-05 0.000993776 0.00768889 0.0351066 0.0949622 0.155143 0.16699 0.153912 0.15271 0.129729 0.0726048 0.0245419 0.00491456 0.000580771 4.04716e-05 1.66284e-06 4.02801e-08 5.75269e-10 4.84385e-12 2.40463e-14 7.03792e-17
 1.3399e-11 1.45497e-09 9.31488e-08 3.5159e-06 7.82417e-05 0.00102658 0.00794258 0.036262 0.0980472 0.159859 0.170564 0.153536 0.148695 0.125152 0.0698914 0.0236143 0.0047284 0.000558762 3.89377e-05 1.59982e-06 3.87535e-08 5.53467e-10 4.66027e-12 2.31349e-14 6.77118e-17
 1.37931e-11 1.49777e-09 9.58887e-08 3.61932e-06 8.0543e-05 0.00105677 0.00817606 0.0373253 0.100886 0.164199 0.173854 0.153189 0.145 0.12094 0.0673943 0.0227606 0.00455707 0.000538507 3.75261e-05 1.54182e-06 3.73486e-08 5.33402e-10 4.49131e-12 2.22962e-14 6.5257e-17
 1.41174e-11 1.53298e-09 9.81431e-08 3.70441e-06 8.24366e-05 0.00108162 0.00836817 0.0382003 0.103223 0.16777 0.17656 0.152904 0.141959 0.117474 0.0653395 0.0220582 0.0044161 0.000521841 3.63646e-05 1.49409e-06 3.61925e-08 5.16891e-10 4.3523e-12 2.16061e-14 6.32371e-17
 1.42066e-11 1.54267e-09 9.8763e-08 3.72781e-06 8.29573e-05 0.00108845 0.008421 0.0384409 0.103865 0.168752 0.177304 0.152826 0.141123 0.116521 0.0647745 0.0218651 0.00437733 0.000517258 3.60452e-05 1.48097e-06 3.58747e-08 5.12352e-10 4.31407e-12 2.14163e-14 6.26817e-17
 1.53828e-11 1.67039e-09 1.0694e-07 4.03645e-06 8.98255e-05 0.00117855 0.00911782 0.0416144 0.112339 0.181705 0.187121 0.151791 0.130096 0.103949 0.0573218 0.0193173 0.00386601 0.000456807 3.18323e-05 1.30787e-06 3.16816e-08 4.52467e-10 3.80983e-12 1.89131e-14 5.53554e-17
 1.60226e-11 1.73986e-09 1.11388e-07 4.20432e-06 9.35613e-05 0.00122757 0.00949683 0.0433405 0.116947 0.188751 0.19246 0.151229 0.124097 0.0971104 0.0532682 0.0179315 0.0035879 0.000423927 2.95408e-05 1.21372e-06 2.94009e-08 4.19895e-10 3.53557e-12 1.75516e-14 5.13705e-17
 1.65347e-11 1.79547e-09 1.14947e-07 4.33869e-06 9.65514e-05 0.00126679 0.00980019 0.0447221 0.120636 0.19439 0.196734 0.150779 0.119296 0.0916371 0.0500236 0.0168224 0.00336529 0.000397609 2.77067e-05 1.13836e-06 2.75754e-08 3.93824e-10 3.31605e-12 1.64619e-14 4.81809e-17
 1.59491e-11 1.73188e-09 1.10876e-07 4.18503e-06 9.3132e-05 0.00122193 0.00945327 0.0431421 0.116418 0.187941 0.191847 0.151294 0.124787 0.0978962 0.053734 0.0180908 0.00361986 0.000427705 2.98042e-05 1.22454e-06 2.9663e-08 4.23638e-10 3.56709e-12 1.77081e-14 5.18284e-17
 1.61821e-11 1.75718e-09 1.12496e-07 4.24617e-06 9.44925e-05 0.00123978 0.00959131 0.0437708 0.118096 0.190507 0.193791 0.151089 0.122602 0.0954058 0.0522577 0.0175861 0.00351857 0.00041573 2.89696e-05 1.19025e-06 2.88323e-08 4.11775e-10 3.4672e-12 1.72122e-14 5.03771e-17
 1.73097e-11 1.87963e-09 1.20336e-07 4.54207e-06 0.000101077 0.00132617 0.0102594 0.0468133 0.12622 0.202925 0.203202 0.150097 0.11203 0.0833527 0.0451126 0.0151435 0.00302835 0.000357775 2.49306e-05 1.0243e-06 2.48124e-08 3.54363e-10 2.98378e-12 1.48124e-14 4.33532e-17
 1.73239e-11 1.88116e-09 1.20434e-07 4.54577e-06 0.00010116 0.00132725 0.0102677 0.0468514 0.126322 0.20308 0.20332 0.150085 0.111897 0.0832019 0.0450232 0.0151129 0.00302222 0.00035705 2.488e-05 1.02222e-06 2.4762e-08 3.53644e-10 2.97773e-12 1.47824e-14 4.32653e-17
 1.79076e-11 1.94455e-09 1.24492e-07 4.69895e-06 0.000104568 0.00137197 0.0106135 0.0484264 0.130527 0.209509 0.208192 0.149571 0.106424 0.0769625 0.0413245 0.0138485 0.00276846 0.000327049 2.27892e-05 9.36317e-07 2.26811e-08 3.23924e-10 2.72749e-12 1.354e-14 3.96293e-17
#obs catch len freq
 1.45121e-11 1.40205e-09 7.98611e-08 2.68193e-06 5.3101e-05 0.000619903 0.00426805 0.0173567 0.0420264 0.0631519 0.0701989 0.0831234 0.109091 0.124601 0.12418 0.113957 0.0930051 0.067458 0.0443063 0.02544 0.0118459 0.0041282 0.00100636 0.000163243 1.70196e-05
 1.64359e-11 1.53159e-09 8.41451e-08 2.72556e-06 5.20508e-05 0.000586106 0.00389288 0.0152837 0.0358707 0.0532755 0.0624258 0.0820449 0.112655 0.130271 0.131938 0.122015 0.0987244 0.0697308 0.0435967 0.0234097 0.0101124 0.00325885 0.000733045 0.000109519 1.0502e-05
 1.34155e-12 1.20369e-10 6.36754e-09 1.9861e-07 3.65394e-06 3.97282e-05 0.00025794 0.00105381 0.00332432 0.0113355 0.0382185 0.0926177 0.147089 0.165943 0.156852 0.13546 0.103745 0.0699443 0.0416348 0.0210035 0.00840095 0.00248629 0.000512294 7.00953e-05 6.1575e-06
 1.85199e-11 1.59734e-09 8.12262e-08 2.43519e-06 4.30439e-05 0.000448587 0.00275689 0.0100015 0.0215363 0.0283718 0.026811 0.0308616 0.0598814 0.121177 0.183626 0.19256 0.14688 0.0911281 0.0495522 0.0230549 0.00850618 0.00230885 0.000434335 5.41683e-05 4.33826e-06
 4.93599e-11 4.08614e-09 1.9943e-07 5.73868e-06 9.73629e-05 0.000974166 0.00575511 0.020204 0.0435624 0.0665989 0.100909 0.163378 0.203178 0.163205 0.0899747 0.0494362 0.0375313 0.0282086 0.016469 0.00731727 0.00246886 0.000608855 0.000104106 1.18028e-05 8.59364e-07
 1.75954e-10 1.396e-08 6.52998e-07 1.80085e-05 0.00029281 0.00280712 0.0158719 0.0530092 0.105429 0.130163 0.118782 0.115371 0.125711 0.121059 0.0979818 0.0639833 0.031002 0.0117541 0.00438681 0.00169033 0.000540343 0.000123891 1.93043e-05 1.98218e-06 1.30724e-07
 2.63242e-10 1.99892e-08 8.94902e-07 2.36208e-05 0.000367585 0.00337283 0.0182538 0.058375 0.11138 0.133109 0.121068 0.119604 0.126814 0.11439 0.0876744 0.0579492 0.0305001 0.0121571 0.00374219 0.000955306 0.000215798 4.09165e-05 5.71447e-06 5.35014e-07 3.21028e-08
 3.77528e-10 2.74021e-08 1.17262e-06 2.9585e-05 0.000440081 0.00385986 0.0199694 0.0610728 0.111667 0.129121 0.117177 0.118583 0.127148 0.116717 0.0911191 0.0589081 0.0291717 0.0109238 0.00319995 0.00073894 0.00013222 1.82258e-05 1.91566e-06 1.4665e-07 7.65573e-09
 5.84799e-10 4.05239e-08 1.6556e-06 3.98786e-05 0.000566332 0.00474229 0.0234257 0.0684308 0.119743 0.133679 0.120074 0.121429 0.126234 0.110356 0.0821594 0.0513998 0.0250644 0.00930145 0.0026614 0.00058362 9.54733e-05 1.13365e-05 9.57217e-07 5.65868e-08 2.303e-09
 8.37714e-10 5.53578e-08 2.15676e-06 4.95409e-05 0.000670928 0.00535778 0.0252429 0.0703809 0.117963 0.128171 0.117023 0.122711 0.128988 0.114121 0.0852223 0.0511545 0.0228755 0.00761929 0.00197579 0.000402452 6.18081e-05 6.80764e-06 5.1816e-07 2.65845e-08 9.03728e-10
 1.39354e-09 8.77244e-08 3.25582e-06 7.12427e-05 0.000919115 0.00699186 0.0313795 0.0833234 0.132852 0.136595 0.116529 0.114892 0.11796 0.105378 0.0793043 0.0464517 0.0196424 0.00601807 0.00139887 0.000252226 3.45168e-05 3.43969e-06 2.39394e-07 1.12264e-08 3.45103e-10
 2.09681e-09 1.25617e-07 4.43686e-06 9.23942e-05 0.0011344 0.00821292 0.0350869 0.0887762 0.135553 0.136396 0.119834 0.121774 0.121096 0.101323 0.0709377 0.0388403 0.0154047 0.00441115 0.000946669 0.00015474 1.88754e-05 1.66231e-06 1.02411e-07 4.2857e-09 1.18608e-10
 3.08918e-09 1.75962e-07 5.90929e-06 0.000117002 0.00136586 0.00940253 0.0382016 0.0920113 0.134374 0.131905 0.117976 0.12265 0.122248 0.102706 0.0712248 0.037439 0.0138882 0.0036538 0.000712958 0.000105586 1.16384e-05 9.20467e-07 5.05336e-08 1.87445e-09 4.59327e-11
 4.61252e-09 2.49592e-07 7.96276e-06 0.000149775 0.00166101 0.0108631 0.0419399 0.0960987 0.134247 0.128842 0.117304 0.123548 0.121979 0.101512 0.0693366 0.0355752 0.0128883 0.00332101 0.000628089 8.78246e-05 8.89787e-06 6.36261e-07 3.13562e-08 1.04088e-09 2.27746e-11
 5.82083e-09 2.9899e-07 9.05461e-06 0.000161669 0.00170199 0.0105682 0.0387693 0.0847522 0.115166 0.115355 0.120322 0.137532 0.136819 0.112465 0.0744228 0.0361805 0.0122454 0.00293434 0.000518771 6.84311e-05 6.55609e-06 4.39649e-07 2.00294e-08 6.0622e-10 1.19782e-11
 7.85604e-09 3.82783e-07 1.09962e-05 0.000186242 0.00185993 0.0109566 0.038153 0.0793815 0.103941 0.104526 0.114557 0.136744 0.143753 0.125493 0.0845016 0.0398565 0.0127276 0.00283152 0.000459894 5.55196e-05 4.88198e-06 3.02241e-07 1.277e-08 3.58697e-10 6.5552e-12
 1.45997e-08 6.7438e-07 1.83656e-05 0.000294885 0.00279174 0.0155892 0.0514375 0.101201 0.1241 0.113318 0.110475 0.12322 0.126863 0.109777 0.0728994 0.0340681 0.0109787 0.00250176 0.000411831 4.86358e-05 4.03103e-06 2.29836e-07 8.86318e-09 2.27116e-10 3.79724e-12
 2.29182e-08 1.00307e-06 2.58833e-05 0.000393784 0.00353252 0.0186941 0.0584995 0.109555 0.129971 0.120444 0.122055 0.130962 0.121457 0.0935489 0.0565682 0.024701 0.00759625 0.00168597 0.000275084 3.24503e-05 2.67253e-06 1.48942e-07 5.49143e-09 1.31754e-10 2.0314e-12
 3.33887e-08 1.38405e-06 3.38258e-05 0.00048741 0.00414134 0.0207608 0.0615873 0.10972 0.125723 0.117375 0.12285 0.132734 0.123194 0.0943246 0.0554556 0.0231549 0.00677471 0.00143226 0.000223389 2.53222e-05 2.0162e-06 1.09115e-07 3.90807e-09 9.06742e-11 1.34039e-12
 4.67607e-08 1.83525e-06 4.24671e-05 0.000579383 0.00466125 0.0221312 0.0622582 0.105814 0.118608 0.114989 0.126785 0.137612 0.126322 0.095167 0.0546497 0.0223384 0.00645834 0.00135233 0.000206419 2.25062e-05 1.70376e-06 8.73247e-08 2.96424e-09 6.53321e-11 9.19179e-13
 7.49767e-08 2.78547e-06 6.10119e-05 0.000787927 0.00600048 0.0269696 0.0718353 0.115701 0.12332 0.1147 0.122819 0.131718 0.121112 0.0900482 0.0495523 0.0190407 0.00515 0.00101616 0.000148018 1.55279e-05 1.13024e-06 5.53135e-08 1.77789e-09 3.68676e-11 4.86363e-13
 1.07778e-07 3.78962e-06 7.85606e-05 0.000960237 0.00692173 0.0294585 0.0744415 0.114769 0.121171 0.118766 0.131611 0.136406 0.118053 0.0826972 0.0433697 0.0161045 0.00424811 0.000814348 0.000113555 1.1257e-05 7.70958e-07 3.55482e-08 1.07852e-09 2.11058e-11 2.62131e-13
 1.72553e-07 5.74184e-06 0.000112648 0.00130304 0.0088892 0.0358048 0.0856419 0.12504 0.125227 0.117092 0.125647 0.129111 0.112108 0.0773478 0.0388978 0.0136591 0.00340306 0.000619615 8.24894e-05 7.80306e-06 5.06883e-07 2.19955e-08 6.24203e-10 1.13906e-11 1.31834e-13
 2.4956e-07 7.85895e-06 0.000145915 0.00159738 0.0103142 0.0393423 0.0893373 0.125221 0.125184 0.123057 0.133711 0.130845 0.106021 0.0684848 0.0326106 0.010965 0.00263112 0.000459708 5.81652e-05 5.18935e-06 3.16954e-07 1.29194e-08 3.43909e-10 5.87153e-12 6.33745e-14
 3.68828e-07 1.09925e-05 0.00019316 0.00200133 0.012231 0.0441719 0.0951068 0.127208 0.12395 0.122127 0.132722 0.129742 0.104626 0.065413 0.0291869 0.00899578 0.00196052 0.000312684 3.65928e-05 3.05006e-06 1.74506e-07 6.65063e-09 1.65078e-10 2.62307e-12 2.6324e-14
 4.30155e-07 1.21345e-05 0.000201823 0.00197941 0.0114552 0.0392431 0.080807 0.107014 0.113906 0.130849 0.150495 0.144605 0.112461 0.0674325 0.0288704 0.00856989 0.00179468 0.000270934 2.93961e-05 2.24164e-06 1.17089e-07 4.09145e-09 9.35945e-11 1.37512e-12 1.27751e-14
 7.07367e-07 1.88892e-05 0.000297395 0.00276094 0.0151226 0.0490028 0.0951545 0.117344 0.112857 0.118073 0.134443 0.136592 0.112149 0.0678621 0.0283233 0.00810145 0.00163434 0.000237407 2.4603e-05 1.76991e-06 8.60256e-08 2.7652e-09 5.77784e-11 7.73477e-13 6.55273e-15
 9.68034e-07 2.44731e-05 0.000364793 0.00320659 0.0166363 0.0511555 0.0950537 0.115957 0.119108 0.133943 0.146616 0.133828 0.0987303 0.0554564 0.0222154 0.00625099 0.00125343 0.00017977 1.81072e-05 1.2477e-06 5.74677e-08 1.73565e-09 3.38109e-11 4.18938e-13 3.26458e-15
 1.47336e-06 3.52688e-05 0.000497776 0.00414303 0.0203529 0.0592608 0.104272 0.120462 0.117553 0.127966 0.140296 0.131065 0.0968905 0.0520705 0.0192244 0.00489134 0.000889018 0.000117985 1.12521e-05 7.42965e-07 3.27987e-08 9.4365e-10 1.73785e-11 2.0218e-13 1.47101e-15
#spawning biomass
 6106.9 6766.56 5563.1 6034.79 8890.5 13928.1 16011.9 23606.5 34725 41823 58844.1 76770.3 91313.9 103423 112851 105149 88728.7 90796.6 98624 95806.8 95013.8 101610 93408.8 104014 123476 117064 109614 97461.2 102692 121295 305289 471616 631605 773739 893443 990540 1.06714e+06 1.12628e+06 1.17113e+06 1.20462e+06 1.22925e+06 1.24709e+06 1.25978e+06 1.26621e+06 1.26336e+06 1.26069e+06 1.25819e+06 1.25584e+06 1.25363e+06 1.25156e+06 1.24961e+06 1.24778e+06 1.24607e+06 1.24446e+06 1.24295e+06 1.24153e+06 1.2402e+06 1.23895e+06 1.23778e+06 1.23668e+06 1.23564e+06 1.23467e+06 1.23376e+06 1.23291e+06 1.23211e+06 1.23135e+06 1.23065e+06 1.22998e+06 1.22936e+06 1.22877e+06 1.22823e+06 1.22771e+06 1.22723e+06 1.22677e+06 1.22635e+06 1.22595e+06 1.22557e+06 1.22522e+06 1.22489e+06 1.22458e+06 1.22428e+06 1.22401e+06 1.22375e+06 1.22351e+06 1.22329e+06 1.22307e+06 1.22287e+06 1.22269e+06 1.22251e+06 1.22235e+06 1.22219e+06 1.22204e+06 1.22191e+06 1.22178e+06 1.22166e+06 1.22155e+06 1.22144e+06 1.22134e+06 1.22125e+06 1.22116e+06 1.22108e+06 1.221e+06 1.22093e+06 1.22086e+06 1.2208e+06 1.22074e+06 1.22068e+06 1.22063e+06 1.22058e+06 1.22053e+06 1.22049e+06 1.22045e+06 1.22041e+06 1.22037e+06 1.22034e+06 1.22031e+06 1.22028e+06 1.22025e+06 1.22022e+06 1.2202e+06 1.22017e+06 1.22015e+06 1.22013e+06 1.22011e+06 1.22009e+06 1.22008e+06 1.22006e+06 1.22005e+06 1.22003e+06 0 0 0 0 0 0 0 0 0 0 0 0 0 0 0 0 0 0 0 0 0 0 0 0 0
