SBPRF35
0.25629
Curr Bio
185457
B35
216943
F35
0.390543
FOFL
0.345776
OFL
65589.7
Bzero
73225.7
#pred survey bio
 25089.1 23386.3 18033.5 16243.5 25682.4 42870.8 60140.5 73869 102172 128928 159514 201553 246522 265233 258559 258607 225670 197601 208222 217493 213010 233619 238179 252954 247184 241631 237867 265624 275685 9.92843e+06 5.44933e+06 3.92904e+06 2.65741e+06 1.82332e+06 1.33402e+06 1.0627e+06 915945 836880 793825 769883 756201 748147 743264 740224 738288 737042 736228 735690 735333 735095 734935 734827 734754 734705 734672 734650 734635 734625 734618 734613 734610 734608 734606 734605 734605 734604 734604 734604 734604 734603 734603 734603 734603 734603 734603 734603 734603 734603 734603 734603 734603 734603 734603 734603 734603 734603 734603 734603 734603 734603 734603 734603 734603 734603 734603 734603 734603 734603 734603 734603 734603 734603 734603 734603 734603 734603 734603 734603 734603 734603 734603 734603 734603 734603 734603 734603 734603 734603 734603 734603 734603 734603 734603 734603 734603 734603 734603 734603 734603 0 0 0 0 0 0 0 0 0 0 0 0 0 0 0 0 0 0 0 0 0 0 0 0 0
#obs survey bio
 17206.3 19575.1 11450.9 30213.1 41198.6 58386.3 47048.9 76270.1 154075 101145 182298 228894 276371 267904 235701 288196 216370 181879 224393 173461 207215 223400 285705 287762 282909 285893 214162 370729 337761
#pred catch bio
 2884.83 4119.02 3357.48 3314.41 4356.44 7798.48 15409.6 18463.3 30262.8 41370.3 49948 67720.9 93849.8 106087 101148 123664 108173 77839.5 86999.5 103569 85925.2 94828 94362.5 112404 104804 98779.3 87370.8 110916 114849 65589.7 68209.7 47647.5 30960.8 20419.1 14513.2 11428.3 9885.74 9136 8778.39 8609.98 8531.36 8494.87 8478 8470.22 8466.65 8465.01 8464.26 8463.91 8463.76 8463.68 8463.65 8463.64 8463.63 8463.63 8463.62 8463.62 8463.62 8463.62 8463.62 8463.62 8463.62 8463.62 8463.62 8463.62 8463.62 8463.62 8463.62 8463.62 8463.62 8463.62 8463.62 8463.62 8463.62 8463.62 8463.62 8463.62 8463.62 8463.62 8463.62 8463.62 8463.62 8463.62 8463.62 8463.62 8463.62 8463.62 8463.62 8463.62 8463.62 8463.62 8463.62 8463.62 8463.62 8463.62 8463.62 8463.62 8463.62 8463.62 8463.62 8463.62 8463.62 8463.62 8463.62 8463.62 8463.62 8463.62 8463.62 8463.62 8463.62 8463.62 8463.62 8463.62 8463.62 8463.62 8463.62 8463.62 8463.62 8463.62 8463.62 8463.62 8463.62 8463.62 8463.62 8463.62 8463.62 8463.62 8463.62 8463.62 8463.62 0 0 0 0 0 0 0 0 0 0 0 0 0 0 0 0 0 0 0 0 0 0 0 0 0
#obs catch bio
 3653.87 4378.19 3600.95 3465.07 4249.59 7479.31 15309 18060.6 27893.8 39209.2 46747 63369.7 86485.6 99989.4 100366 127199 111599 80382.7 88385.4 111400 90097.6 96894.4 92688.8 116602 106333 98693.3 89048.4 110998 114520
#pred cpue bio
 24276.3 23069 17867.2 15527.2 23306 39830.2 56747.2 69425.7 94792.4 120464 148392 187586 229255 248120 243179 242327 210426 184566 194350 202077 196861 217462 222980 235569 230138 226232 222868 247336 256521 9.25653e+06 5.40072e+06 3.89848e+06 2.62726e+06 1.79317e+06 1.30387e+06 1.03256e+06 885801 806736 763681 739739 726057 718002 713120 710080 708144 706898 706083 705546 705189 704951 704791 704683 704610 704561 704528 704506 704491 704481 704474 704469 704466 704464 704462 704461 704461 704460 704460 704460 704459 704459 704459 704459 704459 704459 704459 704459 704459 704459 704459 704459 704459 704459 704459 704459 704459 704459 704459 704459 704459 704459 704459 704459 704459 704459 704459 704459 704459 704459 704459 704459 704459 704459 704459 704459 704459 704459 704459 704459 704459 704459 704459 704459 704459 704459 704459 704459 704459 704459 704459 704459 704459 704459 704459 704459 704459 704459 704459 704459 704459 0 0 0 0 0 0 0 0 0 0 0 0 0 0 0 0 0 0 0 0 0 0 0 0 0
#obs cpue bio
 22493.1 15166 14016 14042.4 32421.4 42322.6 52557.3 74530.6 146221 143288 176626 208539 299941 267071 196034 196433 192426 145463 196805 171992 155483 250056 226754 155957 197702 209725 181526 227353 202346
#pred surv len freq
 2.46359e-11 1.15875e-09 3.77398e-08 8.51127e-07 1.32916e-05 0.00014373 0.00107626 0.00558113 0.0200493 0.0499594 0.0867929 0.107208 0.100882 0.0863828 0.081828 0.0816426 0.0757608 0.066033 0.056634 0.0478366 0.0397715 0.0329964 0.0268514 0.0200227 0.0125329
 1.13275e-11 5.32792e-10 1.73527e-08 3.91347e-07 6.11149e-06 6.60886e-05 0.000494913 0.0025672 0.00923299 0.023113 0.040878 0.0539032 0.0616051 0.0749244 0.095714 0.108908 0.105947 0.0948036 0.0829328 0.0705601 0.0576126 0.0453124 0.0340738 0.0234921 0.0138528
 9.53553e-12 4.48506e-10 1.46076e-08 3.29437e-07 5.14465e-06 5.56327e-05 0.000416594 0.00216056 0.00776503 0.0193843 0.0339177 0.0430506 0.0443366 0.0465978 0.0572167 0.0738137 0.0919301 0.107187 0.112382 0.104451 0.0879495 0.0685599 0.0493485 0.0318767 0.0175949
 3.42815e-11 1.61244e-09 5.25161e-08 1.18437e-06 1.84956e-05 0.000200003 0.00149759 0.0077651 0.027882 0.0693501 0.119613 0.14367 0.122213 0.0784115 0.0459303 0.0333901 0.0330382 0.0391271 0.0483129 0.0555208 0.0558053 0.0481534 0.0356665 0.0225491 0.0118845
 4.523e-11 2.1274e-09 6.92882e-08 1.56262e-06 2.44026e-05 0.000263879 0.00197589 0.0102452 0.036789 0.0915212 0.157968 0.19028 0.163556 0.108298 0.0664446 0.044781 0.0306191 0.0194652 0.0136082 0.0128041 0.0139179 0.0139116 0.0115899 0.00778686 0.00414796
 3.59738e-11 1.69204e-09 5.51086e-08 1.24284e-06 1.94087e-05 0.000209878 0.00157157 0.00814936 0.0292717 0.0729046 0.126413 0.155 0.142112 0.113602 0.0966856 0.0851847 0.0652071 0.0410661 0.0228626 0.012791 0.00832814 0.0066847 0.00560638 0.00404364 0.00228435
 3.16129e-11 1.48692e-09 4.8428e-08 1.09217e-06 1.70559e-05 0.000184436 0.00138106 0.00716157 0.0257249 0.0640839 0.111207 0.136776 0.126808 0.104594 0.0940935 0.0895263 0.0779038 0.060414 0.0426019 0.0267055 0.0146847 0.00766723 0.00435003 0.0026496 0.00146382
 3.39392e-11 1.59634e-09 5.19917e-08 1.17254e-06 1.83109e-05 0.000198007 0.00148267 0.00768827 0.0276136 0.0687561 0.119092 0.145428 0.131488 0.101623 0.0838309 0.0763214 0.0669873 0.0549235 0.0430833 0.0313777 0.0201348 0.0111199 0.00538256 0.00241377 0.00103587
 3.79237e-11 1.78375e-09 5.80956e-08 1.3102e-06 2.04607e-05 0.000221253 0.00165673 0.00859065 0.0308522 0.0767958 0.132852 0.161447 0.14343 0.105392 0.0798893 0.0674964 0.055714 0.0429418 0.0324894 0.0242094 0.0168523 0.0103903 0.0054607 0.00240423 0.000892233
 3.49714e-11 1.64489e-09 5.35729e-08 1.2082e-06 1.88678e-05 0.000204029 0.00152777 0.0079222 0.0284549 0.0708617 0.122813 0.150317 0.136984 0.107925 0.0906424 0.080959 0.0658757 0.0474675 0.0326693 0.0224309 0.015006 0.00937015 0.0051951 0.00243006 0.000923964
 3.66334e-11 1.72306e-09 5.6119e-08 1.26562e-06 1.97645e-05 0.000213726 0.00160037 0.00829849 0.0298043 0.0742006 0.128452 0.156528 0.140442 0.106175 0.0843301 0.0737843 0.0616933 0.0470609 0.0338869 0.0230472 0.0145215 0.00846832 0.00452235 0.002121 0.000827894
 3.62942e-11 1.7071e-09 5.55993e-08 1.2539e-06 1.95815e-05 0.000211746 0.00158555 0.00822171 0.0295292 0.0735226 0.127326 0.155375 0.140106 0.107335 0.0867327 0.0760584 0.0624223 0.0462242 0.0327345 0.0225304 0.0145064 0.00845626 0.00437882 0.00197284 0.000750406
 3.65246e-11 1.71794e-09 5.59523e-08 1.26186e-06 1.97058e-05 0.000213091 0.00159562 0.00827388 0.0297163 0.0739863 0.128113 0.15626 0.140666 0.107279 0.0861682 0.0754343 0.0621375 0.0462245 0.0326419 0.0221773 0.0140893 0.00817491 0.00423115 0.00189091 0.000705528
 3.45358e-11 1.6244e-09 5.29056e-08 1.19315e-06 1.86328e-05 0.000201488 0.00150874 0.00782352 0.0281006 0.069981 0.121297 0.14851 0.1355 0.107143 0.0906253 0.0818182 0.067776 0.0501097 0.0351038 0.0237277 0.0150009 0.00863586 0.00442832 0.00196273 0.000726365
 3.29859e-11 1.5515e-09 5.05313e-08 1.13961e-06 1.77966e-05 0.000192446 0.00144103 0.00747249 0.0268405 0.0668507 0.115924 0.142183 0.130544 0.104978 0.0910949 0.0841889 0.0715484 0.0547331 0.0396128 0.0272261 0.0172378 0.00986946 0.00502367 0.00220878 0.000810597
 3.46127e-11 1.62802e-09 5.30235e-08 1.19581e-06 1.86743e-05 0.000201937 0.0015121 0.00784086 0.0281618 0.0701229 0.121471 0.148389 0.13433 0.104094 0.0858944 0.0773302 0.0659039 0.05154 0.0385623 0.0274752 0.0179685 0.0105247 0.00541071 0.00237856 0.000868272
 3.59002e-11 1.68857e-09 5.49958e-08 1.24029e-06 1.9369e-05 0.000209448 0.00156834 0.00813248 0.0292088 0.0727263 0.125956 0.153745 0.138773 0.106606 0.0865225 0.0761669 0.0627636 0.0468187 0.0336236 0.0236943 0.0157739 0.00953118 0.00505148 0.00227017 0.000838525
 3.50607e-11 1.64909e-09 5.37097e-08 1.21129e-06 1.8916e-05 0.00020455 0.00153167 0.00794239 0.0285271 0.0710393 0.123104 0.150595 0.136992 0.107459 0.0898395 0.0804113 0.0661895 0.0485742 0.033793 0.0228518 0.0146617 0.00870083 0.00463507 0.00212461 0.000802825
 3.54766e-11 1.66865e-09 5.43468e-08 1.22566e-06 1.91404e-05 0.000206977 0.00154984 0.00803654 0.0288645 0.0718716 0.124494 0.152046 0.137524 0.106281 0.0871794 0.0776811 0.0649422 0.0491269 0.0351733 0.0239566 0.0150956 0.00867493 0.00448566 0.00202425 0.000765119
 3.68509e-11 1.73329e-09 5.64522e-08 1.27314e-06 1.98819e-05 0.000214995 0.00160987 0.00834778 0.0299814 0.0746431 0.129229 0.157521 0.141478 0.107214 0.0852734 0.0741478 0.0609522 0.0454446 0.0323532 0.0222502 0.0142578 0.00826025 0.00423405 0.0018726 0.00069372
 3.81157e-11 1.79278e-09 5.83897e-08 1.31683e-06 2.05642e-05 0.000222373 0.00166512 0.00863422 0.0310096 0.0771975 0.133613 0.162685 0.145529 0.109005 0.0849704 0.0724061 0.0581907 0.0419763 0.028747 0.0191861 0.0121197 0.00701536 0.00361395 0.00160107 0.000589493
 3.57844e-11 1.68313e-09 5.48183e-08 1.23629e-06 1.93064e-05 0.000208772 0.00156328 0.00810631 0.0291157 0.0725029 0.125627 0.153615 0.139524 0.108973 0.09045 0.0803074 0.0653408 0.0469819 0.0316943 0.0206025 0.0125893 0.00706622 0.003568 0.00156726 0.000575611
 3.42629e-11 1.61156e-09 5.24875e-08 1.18372e-06 1.84856e-05 0.000199896 0.00149682 0.0077617 0.0278786 0.069429 0.120346 0.147372 0.134553 0.106617 0.0905835 0.0823859 0.0690823 0.0518772 0.0366002 0.0243837 0.0148794 0.00818457 0.00401595 0.00171673 0.000618138
 3.63087e-11 1.70779e-09 5.56216e-08 1.25441e-06 1.95894e-05 0.000211831 0.00158619 0.00822496 0.0295404 0.0735457 0.127333 0.155232 0.139499 0.105919 0.0846668 0.0743563 0.0622516 0.0477049 0.0348462 0.0242027 0.0153792 0.00870538 0.0043078 0.00182266 0.000643129
 3.60722e-11 1.69666e-09 5.52593e-08 1.24623e-06 1.94617e-05 0.000210452 0.00157586 0.00817146 0.0293491 0.0730777 0.12658 0.154578 0.139752 0.107813 0.0879538 0.0774061 0.0632091 0.0462554 0.0323426 0.0221509 0.0143257 0.00839325 0.00430295 0.00186696 0.000665517
 3.4248e-11 1.61086e-09 5.24648e-08 1.18321e-06 1.84776e-05 0.000199809 0.00149617 0.00775835 0.0278667 0.0694007 0.120306 0.147366 0.134682 0.106973 0.0910829 0.0826661 0.0687572 0.0509867 0.0356664 0.0239379 0.0150305 0.00865133 0.00445593 0.00197453 0.000721759
 3.43354e-11 1.61497e-09 5.25986e-08 1.18623e-06 1.85247e-05 0.000200319 0.00149999 0.00777809 0.027937 0.0695694 0.120555 0.14747 0.134139 0.10527 0.0883552 0.080092 0.0677657 0.051966 0.0377798 0.0260507 0.0164951 0.00941682 0.00477646 0.00209554 0.000767379
 3.64601e-11 1.71491e-09 5.58535e-08 1.25963e-06 1.9671e-05 0.000212714 0.0015928 0.00825923 0.0296633 0.0738502 0.12785 0.155811 0.139853 0.105827 0.0841149 0.073495 0.0612788 0.0468417 0.0343527 0.0242338 0.0158262 0.009283 0.0047746 0.00209618 0.000763386
 3.62973e-11 1.70725e-09 5.5604e-08 1.25401e-06 1.95832e-05 0.000211764 0.00158569 0.00822242 0.0295319 0.0735309 0.12735 0.155454 0.140332 0.107815 0.0874236 0.0766358 0.0624877 0.0456884 0.0319153 0.021873 0.0142388 0.00847958 0.0044633 0.00200133 0.000738609
#obs surv len freq
 2.23818e-11 1.05273e-09 3.42868e-08 7.73254e-07 1.20755e-05 0.00013058 0.000977796 0.00507061 0.0182168 0.0454065 0.0789762 0.097991 0.0936088 0.0830249 0.0819292 0.083803 0.0792429 0.0710525 0.0635528 0.0561103 0.0475724 0.0380146 0.0278543 0.0178978 0.00955413
 1.05462e-15 4.96723e-14 1.62661e-12 3.74743e-11 6.34217e-10 8.96287e-09 1.29712e-07 1.96183e-06 2.54329e-05 0.000244911 0.0016656 0.00789667 0.0260822 0.0604275 0.10012 0.124194 0.126058 0.117303 0.106696 0.0943744 0.0799168 0.0637823 0.0464124 0.0293886 0.0154094
 1.2774e-11 6.00827e-10 1.95685e-08 4.4132e-07 6.89184e-06 7.45251e-05 0.000558028 0.00289332 0.0103878 0.0258249 0.0444602 0.0530417 0.0441603 0.0275109 0.0204018 0.0336957 0.0659232 0.101906 0.122924 0.123123 0.109186 0.0883028 0.0642442 0.0404104 0.0209631
 5.15421e-11 2.42429e-09 7.89576e-08 1.78069e-06 2.78081e-05 0.000300703 0.00225161 0.0116744 0.0419156 0.104217 0.179492 0.214364 0.178269 0.104917 0.0463334 0.018231 0.00883358 0.00743905 0.0102299 0.0144368 0.0168249 0.0158707 0.0123361 0.00791906 0.00411274
 3.51104e-11 1.65143e-09 5.37858e-08 1.21301e-06 1.89429e-05 0.000204841 0.00153386 0.007954 0.0285727 0.0711886 0.123609 0.152368 0.14224 0.118738 0.106021 0.0938091 0.0676516 0.0365821 0.01574 0.00760495 0.00641324 0.00678708 0.00617212 0.00439018 0.00239883
 3.95025e-11 1.85801e-09 6.05141e-08 1.36475e-06 2.13125e-05 0.000230464 0.0017257 0.00894819 0.0321354 0.0799805 0.138298 0.167772 0.148118 0.106971 0.0792043 0.0669526 0.0569457 0.0445548 0.0309938 0.0181829 0.00894958 0.00438062 0.0027084 0.00185251 0.00107285
 2.40481e-11 1.13111e-09 3.68394e-08 8.30822e-07 1.29745e-05 0.000140302 0.00105062 0.00544864 0.0195805 0.0488608 0.0853601 0.107669 0.108348 0.106601 0.114336 0.115528 0.0973168 0.0704913 0.0484734 0.0325276 0.0199053 0.0104652 0.00480935 0.00212551 0.000949088
 4.33765e-11 2.04022e-09 6.64487e-08 1.49859e-06 2.34026e-05 0.000253065 0.00189491 0.00982529 0.0352806 0.087761 0.151429 0.182179 0.155927 0.102146 0.0626379 0.0463897 0.0411858 0.037604 0.0318611 0.0236001 0.0151086 0.00845315 0.00411101 0.00171277 0.000615355
 3.53075e-11 1.66069e-09 5.40877e-08 1.21982e-06 1.90492e-05 0.00020599 0.00154246 0.00799843 0.02873 0.071558 0.124097 0.152251 0.139875 0.112368 0.0961761 0.0848639 0.065101 0.0422323 0.0264962 0.0182595 0.0129455 0.00825394 0.00440962 0.00192921 0.00068617
 3.89917e-11 1.83398e-09 5.97316e-08 1.3471e-06 2.10369e-05 0.000227484 0.00170339 0.00883255 0.0317207 0.0789545 0.136566 0.165865 0.147053 0.107453 0.080851 0.0682916 0.0566466 0.0430167 0.0301522 0.0193438 0.0113846 0.00637247 0.00337515 0.00157185 0.000597361
 3.72902e-11 1.75395e-09 5.7125e-08 1.28831e-06 2.01189e-05 0.000217557 0.00162906 0.00844731 0.0303394 0.0755374 0.1308 0.159544 0.143631 0.10949 0.0876027 0.0757234 0.0607087 0.0433128 0.0293916 0.0195066 0.0121055 0.00672964 0.0033069 0.00142741 0.000527586
 3.86427e-11 1.81757e-09 5.91969e-08 1.33504e-06 2.08486e-05 0.000225448 0.00168814 0.00875354 0.0314377 0.078257 0.135407 0.164681 0.146713 0.108651 0.0833 0.0705263 0.0572012 0.0419999 0.0290314 0.0190813 0.0116121 0.00642141 0.00316403 0.00134676 0.000480072
 3.78718e-11 1.78131e-09 5.80161e-08 1.30841e-06 2.04327e-05 0.000220951 0.00165447 0.00857902 0.0308119 0.0767089 0.132794 0.161815 0.145157 0.109576 0.086421 0.0741129 0.0594426 0.0424999 0.0286825 0.0187491 0.0114832 0.00636775 0.00312124 0.00131685 0.000464033
 3.36795e-11 1.58412e-09 5.15938e-08 1.16357e-06 1.81708e-05 0.000196492 0.00147134 0.00762964 0.0274054 0.0682602 0.118388 0.145296 0.13368 0.108002 0.0939955 0.0861495 0.0713249 0.0520542 0.0355359 0.0231328 0.0139655 0.00764761 0.00372748 0.00156871 0.00055042
 3.23214e-11 1.52025e-09 4.95134e-08 1.11665e-06 1.74381e-05 0.000188569 0.00141201 0.007322 0.0263004 0.0655082 0.113616 0.13945 0.128353 0.103917 0.0911537 0.0852412 0.0735677 0.0574199 0.0421964 0.0289645 0.0179588 0.00990401 0.00480472 0.00200476 0.000698142
 3.64151e-11 1.71279e-09 5.57844e-08 1.25808e-06 1.96467e-05 0.000212452 0.00159083 0.00824899 0.0296262 0.0737535 0.127654 0.15544 0.139101 0.104408 0.0821022 0.0716753 0.0606591 0.0477307 0.0361869 0.0261746 0.0172929 0.0101049 0.00509619 0.00216493 0.000756575
 3.50152e-11 1.64695e-09 5.36399e-08 1.20972e-06 1.88915e-05 0.000204285 0.00152968 0.00793208 0.0284903 0.0709478 0.122949 0.150424 0.136889 0.107463 0.0898464 0.0801661 0.0655239 0.0477586 0.0334461 0.0232903 0.0155462 0.00946942 0.0050378 0.00224928 0.000815591
 3.35346e-11 1.5773e-09 5.13718e-08 1.15856e-06 1.80926e-05 0.000195647 0.001465 0.00759675 0.0272866 0.0679572 0.117814 0.144368 0.132121 0.105356 0.0903757 0.0829023 0.0701469 0.0533531 0.0382723 0.0260971 0.0165735 0.00971129 0.00514401 0.00235585 0.000888017
 3.57659e-11 1.68226e-09 5.479e-08 1.23565e-06 1.92965e-05 0.000208664 0.00156247 0.00810201 0.0290991 0.0724485 0.125445 0.152986 0.13766 0.10492 0.0844228 0.0746618 0.0630419 0.0489276 0.0363096 0.0256555 0.0166524 0.00972579 0.00503925 0.00226187 0.000849856
 3.72164e-11 1.75048e-09 5.7012e-08 1.28577e-06 2.00791e-05 0.000217127 0.00162584 0.00843054 0.0302785 0.0753796 0.130484 0.158959 0.14247 0.107318 0.084511 0.0728463 0.0594653 0.0440774 0.031422 0.0219511 0.0144764 0.00867121 0.00457128 0.00205671 0.000766838
 3.68261e-11 1.73212e-09 5.64141e-08 1.27228e-06 1.98685e-05 0.00021485 0.00160879 0.00834219 0.0299619 0.0745983 0.129179 0.15759 0.141952 0.108412 0.0871203 0.0758885 0.0616349 0.0447552 0.0307856 0.0205943 0.0130766 0.00767817 0.00404995 0.00184294 0.000694364
 3.30184e-11 1.55303e-09 5.05811e-08 1.14073e-06 1.78142e-05 0.000192635 0.00144246 0.00747992 0.0268679 0.0669248 0.116094 0.142587 0.13153 0.106988 0.0940116 0.086846 0.0724922 0.0535749 0.0372101 0.0247089 0.0152775 0.00864267 0.00440767 0.00196587 0.000736374
 3.47537e-11 1.63465e-09 5.32393e-08 1.20068e-06 1.87504e-05 0.000202759 0.00151825 0.00787277 0.0282764 0.070407 0.121955 0.148945 0.134721 0.104184 0.0857968 0.0773651 0.0663122 0.0521381 0.0388138 0.0270523 0.0170873 0.00964995 0.00482618 0.00209275 0.000763624
 3.79992e-11 1.7873e-09 5.82112e-08 1.31281e-06 2.05014e-05 0.000221694 0.00166003 0.00860778 0.0309142 0.0769534 0.133149 0.161924 0.144225 0.106751 0.0818254 0.0694603 0.0569127 0.0429426 0.0313496 0.0223069 0.0147932 0.00877561 0.00452137 0.00197251 0.000711754
 3.33156e-11 1.56701e-09 5.10364e-08 1.151e-06 1.79745e-05 0.00019437 0.00145544 0.00754725 0.0271098 0.0675275 0.117141 0.143878 0.132728 0.107927 0.0945943 0.0866984 0.0711823 0.0513399 0.0350677 0.0235685 0.0151959 0.00905807 0.00480088 0.00216628 0.000800866
 3.48301e-11 1.63824e-09 5.33563e-08 1.20332e-06 1.87916e-05 0.000203205 0.00152159 0.00789006 0.0283385 0.0705606 0.122216 0.149237 0.134904 0.104165 0.0856304 0.0772331 0.0663459 0.0522201 0.0386812 0.026665 0.0167155 0.00952373 0.00490023 0.00220255 0.000826084
 3.28497e-11 1.54509e-09 5.03226e-08 1.1349e-06 1.77231e-05 0.000191651 0.00143509 0.00744165 0.02673 0.0665766 0.115458 0.141654 0.130187 0.104924 0.0911784 0.0839838 0.0707696 0.0537601 0.0393031 0.0279531 0.0184825 0.0109221 0.00563238 0.00248437 0.000915084
 3.91935e-11 1.84347e-09 6.00407e-08 1.35407e-06 2.11458e-05 0.000228661 0.0017122 0.0088782 0.031884 0.0793544 0.137213 0.166441 0.146883 0.105862 0.0777715 0.0645452 0.0535039 0.0416026 0.0310647 0.0221353 0.0146153 0.00876231 0.00464459 0.00209723 0.00077907
 3.35739e-11 1.57915e-09 5.1432e-08 1.15992e-06 1.81139e-05 0.000195876 0.00146673 0.00760577 0.0273202 0.068053 0.118062 0.145055 0.133953 0.109159 0.0957429 0.0872394 0.0704931 0.0495426 0.0330788 0.0221694 0.0144689 0.00873616 0.00468223 0.00214549 0.000810696
#pred catch len freq
 2.21592e-11 1.04226e-09 3.39459e-08 7.65564e-07 1.19554e-05 0.000129282 0.000968076 0.00502025 0.0180364 0.0449632 0.0782474 0.097284 0.0935573 0.0842097 0.0843238 0.0865435 0.0810679 0.0709032 0.0609145 0.0514925 0.0428231 0.0355311 0.0289147 0.0215613 0.013496
 9.87785e-12 4.64607e-10 1.5132e-08 3.41264e-07 5.32936e-06 5.76311e-05 0.000431586 0.00223889 0.00805472 0.0201882 0.0358729 0.0480794 0.0572698 0.0735466 0.09702 0.111643 0.109029 0.0977706 0.0856467 0.0729187 0.059553 0.0468421 0.0352248 0.0242858 0.0143208
 8.27597e-12 3.89262e-10 1.2678e-08 2.85921e-07 4.46509e-06 4.82843e-05 0.000361571 0.00187529 0.00674098 0.0168401 0.0295495 0.0378992 0.040272 0.0447348 0.0573479 0.0752264 0.0941604 0.109981 0.115394 0.10728 0.0903418 0.0704277 0.0506936 0.0327457 0.0180746
 3.19477e-11 1.50267e-09 4.89409e-08 1.10374e-06 1.72365e-05 0.000186387 0.00139564 0.00723652 0.0259846 0.064636 0.111519 0.134122 0.114666 0.0748887 0.0459206 0.0353453 0.0359684 0.0428983 0.0530456 0.0609793 0.0612967 0.0528929 0.0391772 0.0247687 0.0130543
 4.34787e-11 2.04503e-09 6.66052e-08 1.50211e-06 2.34577e-05 0.000253661 0.00189938 0.0098486 0.0353659 0.0879913 0.151947 0.183362 0.158701 0.107473 0.0692225 0.0490464 0.034359 0.022025 0.0154541 0.0145673 0.0158426 0.0158368 0.013194 0.00886465 0.00472208
 3.36944e-11 1.58483e-09 5.16167e-08 1.16409e-06 1.81789e-05 0.00019658 0.001472 0.0076332 0.0274199 0.0683143 0.118603 0.146125 0.136216 0.113499 0.101869 0.0925479 0.0715992 0.0452534 0.0252455 0.0141468 0.00921954 0.00740257 0.00620885 0.00447822 0.00252986
 2.9423e-11 1.38392e-09 4.50733e-08 1.01651e-06 1.58744e-05 0.00017166 0.0012854 0.00666565 0.0239455 0.0596705 0.10368 0.128143 0.120797 0.103734 0.0979934 0.095758 0.0840829 0.0654123 0.0461987 0.0289842 0.0159438 0.008326 0.0047241 0.00287752 0.00158974
 3.17602e-11 1.49385e-09 4.86537e-08 1.09726e-06 1.71353e-05 0.000185295 0.00138749 0.00719481 0.0258429 0.0643633 0.111594 0.136792 0.125356 0.100427 0.0871723 0.0819355 0.0727363 0.0598629 0.0470357 0.0342824 0.0220053 0.0121542 0.00588343 0.00263842 0.00113228
 3.59964e-11 1.6931e-09 5.51432e-08 1.24362e-06 1.94208e-05 0.000210009 0.00157254 0.0081542 0.0292861 0.0729112 0.126225 0.153833 0.138087 0.104508 0.0830846 0.0726277 0.0607322 0.0470094 0.0356323 0.0265743 0.0185045 0.0114102 0.0059969 0.00264033 0.000979857
 3.30213e-11 1.55316e-09 5.05855e-08 1.14083e-06 1.78157e-05 0.000192652 0.00144259 0.00748058 0.0268704 0.0669325 0.116117 0.142657 0.13172 0.107349 0.0943564 0.0866121 0.0711591 0.051446 0.0354688 0.0243771 0.0163148 0.0101888 0.00564919 0.0026425 0.00100474
 3.47068e-11 1.63244e-09 5.31676e-08 1.19906e-06 1.87251e-05 0.000202486 0.00151621 0.00786221 0.0282388 0.0703179 0.121831 0.148932 0.135152 0.10541 0.0877251 0.0791664 0.0669478 0.0512606 0.0369727 0.025167 0.0158628 0.00925168 0.0049409 0.00231733 0.000904533
 3.44229e-11 1.61909e-09 5.27326e-08 1.18925e-06 1.85719e-05 0.000200829 0.00150381 0.00779794 0.0280087 0.0697518 0.120898 0.148013 0.135019 0.106703 0.0901847 0.0813988 0.0675073 0.0501664 0.0355861 0.0245149 0.01579 0.00920564 0.00476705 0.00214778 0.000816951
 3.47898e-11 1.63635e-09 5.32947e-08 1.20193e-06 1.87699e-05 0.00020297 0.00151984 0.00788103 0.0283068 0.0704905 0.122153 0.149434 0.135945 0.106684 0.0893594 0.0803902 0.0668806 0.0499182 0.0353048 0.0240059 0.0152562 0.00885302 0.00458229 0.00204786 0.000764093
 3.28081e-11 1.54314e-09 5.0259e-08 1.13347e-06 1.77007e-05 0.000191409 0.00143327 0.00743229 0.0266969 0.0664998 0.115363 0.141716 0.130814 0.106583 0.093852 0.0867963 0.0725114 0.053767 0.0377207 0.0255167 0.0161374 0.00929123 0.00476456 0.00211178 0.00078153
 3.12006e-11 1.46753e-09 4.77964e-08 1.07793e-06 1.68334e-05 0.00018203 0.00136305 0.00706821 0.0253899 0.0632529 0.109789 0.135145 0.125644 0.104274 0.0942451 0.0891738 0.0764051 0.0586136 0.0424806 0.0292186 0.0185051 0.0105962 0.00539377 0.00237153 0.000870329
 3.31333e-11 1.55843e-09 5.07571e-08 1.1447e-06 1.78761e-05 0.000193306 0.00144747 0.00750583 0.0269597 0.067141 0.116384 0.142544 0.130229 0.103421 0.0883673 0.081323 0.0698532 0.0547718 0.0410289 0.0292496 0.0191335 0.0112079 0.00576211 0.00253306 0.000924673
 3.44558e-11 1.62064e-09 5.27831e-08 1.19039e-06 1.85897e-05 0.000201021 0.00150525 0.00780538 0.0280352 0.0698155 0.120993 0.148057 0.134829 0.106079 0.0891258 0.0802224 0.0666401 0.049845 0.0358427 0.0252747 0.0168306 0.0101706 0.0053905 0.00242255 0.000894811
 3.33265e-11 1.56752e-09 5.10531e-08 1.15138e-06 1.79804e-05 0.000194433 0.00145592 0.00754969 0.0271181 0.0675451 0.117148 0.143778 0.132294 0.106911 0.093096 0.0854186 0.070932 0.0522111 0.0363775 0.0246197 0.0158014 0.00937835 0.00499619 0.00229016 0.000865385
 3.38242e-11 1.59093e-09 5.18156e-08 1.16857e-06 1.82489e-05 0.000197337 0.00147766 0.00766235 0.0275219 0.0685418 0.118816 0.145537 0.133004 0.105664 0.0901464 0.0823421 0.0694543 0.0526972 0.037782 0.0257519 0.0162318 0.00932884 0.00482396 0.00217694 0.000822835
 3.54218e-11 1.66607e-09 5.42629e-08 1.22376e-06 1.91108e-05 0.000206657 0.00154744 0.00802414 0.0288202 0.0717633 0.124319 0.151896 0.137584 0.106714 0.0878855 0.0782092 0.0648403 0.0484801 0.0345586 0.0237827 0.015244 0.00883241 0.00452747 0.00200239 0.000741803
 3.65041e-11 1.71698e-09 5.59208e-08 1.26115e-06 1.96947e-05 0.000212971 0.00159472 0.00826927 0.0297002 0.0739504 0.12808 0.156358 0.14119 0.108555 0.0880852 0.077142 0.0626324 0.0453334 0.0310948 0.0207704 0.0131252 0.00759834 0.00391442 0.0017342 0.000638515
 3.41075e-11 1.60425e-09 5.22495e-08 1.17836e-06 1.84017e-05 0.000198989 0.00149004 0.00772658 0.0277533 0.0691245 0.11987 0.147037 0.135026 0.108544 0.0937538 0.0853053 0.0700152 0.0504922 0.0341129 0.0221931 0.0135663 0.00761561 0.00384557 0.00168921 0.000620401
 3.25174e-11 1.52946e-09 4.98136e-08 1.12342e-06 1.75439e-05 0.000189713 0.00142057 0.00736644 0.0264604 0.0659118 0.114349 0.140503 0.129802 0.106018 0.0938012 0.0873984 0.0739088 0.0556627 0.0393267 0.0262199 0.0160052 0.00880484 0.00432047 0.00184693 0.000665023
 3.47606e-11 1.63497e-09 5.325e-08 1.20092e-06 1.87541e-05 0.000202799 0.00151856 0.00787437 0.0282824 0.0704257 0.122012 0.149127 0.135244 0.105295 0.0873785 0.0786575 0.0664503 0.0510746 0.0373573 0.0259639 0.0165028 0.00934226 0.0046231 0.00195609 0.000690211
 3.44566e-11 1.62067e-09 5.27843e-08 1.19042e-06 1.85901e-05 0.000201026 0.00150528 0.0078056 0.0280364 0.0698223 0.121031 0.148228 0.135378 0.107308 0.0909948 0.0820702 0.067613 0.0496262 0.03475 0.0238183 0.0154091 0.00902899 0.00462903 0.00200846 0.00071596
 3.25416e-11 1.5306e-09 4.98508e-08 1.12426e-06 1.75569e-05 0.000189854 0.00142163 0.00737194 0.0264803 0.0659624 0.114445 0.140655 0.13005 0.106414 0.0942627 0.0875833 0.0734483 0.0546194 0.0382615 0.0256994 0.0161419 0.00929212 0.00478615 0.00212089 0.00077526
 3.25018e-11 1.52873e-09 4.97897e-08 1.12288e-06 1.75354e-05 0.000189621 0.00141989 0.00736285 0.0264471 0.065874 0.114253 0.14024 0.129101 0.104534 0.0915714 0.085194 0.0727477 0.0559607 0.0407445 0.0281164 0.0178087 0.0101679 0.00515761 0.00226278 0.000828629
 3.48321e-11 1.63833e-09 5.33595e-08 1.20339e-06 1.87927e-05 0.000203216 0.00152168 0.00789055 0.0283404 0.0705691 0.122254 0.14939 0.135374 0.10516 0.0869448 0.0779845 0.0656507 0.0503437 0.0369737 0.0261011 0.0170506 0.0100021 0.00514464 0.00225866 0.000822561
 3.46649e-11 1.63047e-09 5.31033e-08 1.19761e-06 1.87024e-05 0.000202241 0.00151438 0.00785276 0.0282055 0.0702417 0.121744 0.149037 0.135911 0.107302 0.0904891 0.08134 0.0669293 0.0490861 0.0343396 0.0235531 0.0153377 0.00913502 0.00480845 0.00215612 0.000795738
#obs catch len freq
 2.1573e-11 1.01469e-09 3.30477e-08 7.4531e-07 1.16391e-05 0.000125861 0.000942463 0.00488739 0.0175588 0.0437688 0.0761444 0.0945567 0.0905916 0.0809442 0.0807848 0.0838109 0.0807747 0.0737218 0.066137 0.0577858 0.0486827 0.0393121 0.0294869 0.0194148 0.0105556
 2.0164e-11 9.48419e-10 3.08894e-08 6.96634e-07 1.0879e-05 0.000117641 0.000880918 0.00456835 0.0164143 0.0409321 0.0713207 0.0890885 0.0869987 0.0809631 0.083983 0.088002 0.083885 0.0754529 0.0676008 0.0597315 0.0506586 0.0404856 0.0296664 0.0190625 0.0101759
 8.98938e-16 4.23496e-14 1.38809e-12 3.2092e-11 5.49988e-10 8.04444e-09 1.22608e-07 1.92033e-06 2.52174e-05 0.000243719 0.00165906 0.00786768 0.0259892 0.0602202 0.0998066 0.12389 0.125906 0.117352 0.106878 0.0945997 0.0801305 0.0639601 0.0465438 0.0294723 0.0154534
 1.12639e-11 5.298e-10 1.72552e-08 3.89149e-07 6.07711e-06 6.5715e-05 0.00049206 0.00255128 0.00915977 0.022772 0.0392049 0.0467786 0.0390032 0.0246381 0.019578 0.0343956 0.0680185 0.10526 0.12699 0.127208 0.112819 0.0912466 0.0663882 0.0417596 0.0216632
 5.05498e-11 2.37762e-09 7.74375e-08 1.74641e-06 2.72727e-05 0.000294914 0.00220826 0.0114497 0.0411088 0.102213 0.176055 0.210324 0.175123 0.103548 0.0464733 0.0190558 0.0097618 0.00848035 0.0117403 0.016582 0.0193271 0.0182314 0.0141712 0.00909715 0.00472458
 3.29967e-11 1.55201e-09 5.05478e-08 1.13998e-06 1.78025e-05 0.000192509 0.00144153 0.00747537 0.0268557 0.066934 0.116381 0.144207 0.136995 0.11913 0.111522 0.101184 0.0735742 0.039883 0.0171848 0.00832257 0.00703222 0.00744564 0.00677144 0.00481651 0.00263178
 3.75992e-11 1.76849e-09 5.75984e-08 1.29899e-06 2.02856e-05 0.00021936 0.00164256 0.00851718 0.0305889 0.0761445 0.131755 0.160262 0.142876 0.106192 0.0825696 0.0724108 0.062465 0.0490886 0.0342052 0.0200826 0.00988847 0.00484146 0.00299384 0.00204788 0.00118601
 2.21259e-11 1.0407e-09 3.38949e-08 7.64415e-07 1.19375e-05 0.000129088 0.000966654 0.00501336 0.0180188 0.0449882 0.0787617 0.100127 0.103188 0.106096 0.118093 0.121203 0.10261 0.0744864 0.0513001 0.0344587 0.0210966 0.0110935 0.00509845 0.00225336 0.00100619
 4.17737e-11 1.96484e-09 6.39934e-08 1.44321e-06 2.25378e-05 0.000243714 0.0018249 0.00946231 0.0339779 0.0845279 0.1459 0.175764 0.151212 0.100815 0.0644467 0.0499822 0.0453401 0.0416437 0.0353399 0.0261913 0.0167713 0.00938451 0.00456423 0.00190165 0.000683226
 3.3541e-11 1.57761e-09 5.13817e-08 1.15879e-06 1.80961e-05 0.000195685 0.0014653 0.00759842 0.0272949 0.0680003 0.118042 0.145361 0.135265 0.112193 0.100032 0.0903725 0.0698959 0.0454716 0.028578 0.0197179 0.0139868 0.00891923 0.00476525 0.00208483 0.000741523
 3.72692e-11 1.75296e-09 5.70929e-08 1.28759e-06 2.01075e-05 0.000217435 0.00162814 0.00844247 0.0303211 0.0754831 0.130646 0.159079 0.14234 0.106811 0.0839647 0.073219 0.0614766 0.0468653 0.0329018 0.0211242 0.0124372 0.00696286 0.00368814 0.00171766 0.000652782
 3.55365e-11 1.67146e-09 5.44385e-08 1.22773e-06 1.91727e-05 0.000207326 0.00155246 0.00805017 0.0289145 0.0720042 0.124781 0.152667 0.138935 0.109058 0.0910764 0.0809491 0.065561 0.0469346 0.0319024 0.0211928 0.0131575 0.0073156 0.00359506 0.00155183 0.00057358
 3.70148e-11 1.741e-09 5.67032e-08 1.2788e-06 1.99703e-05 0.000215951 0.00161703 0.00838491 0.030115 0.0749769 0.129816 0.158284 0.142311 0.108158 0.0863964 0.075287 0.0617288 0.045484 0.0314879 0.0207123 0.0126092 0.00697383 0.00343643 0.00146273 0.000521418
 3.62263e-11 1.70391e-09 5.54953e-08 1.25156e-06 1.95449e-05 0.000211351 0.00158259 0.00820639 0.029475 0.0733937 0.127146 0.155361 0.14075 0.10917 0.0896834 0.0790314 0.064026 0.0459284 0.0310441 0.02031 0.0124441 0.00690162 0.00338311 0.00142737 0.000502981
 3.20347e-11 1.50676e-09 4.90741e-08 1.10674e-06 1.72834e-05 0.000186896 0.00139949 0.00725717 0.026069 0.0649463 0.112741 0.138838 0.129253 0.107548 0.0971906 0.0910184 0.0759166 0.0555451 0.0379671 0.0247331 0.0149366 0.00818045 0.00398738 0.00167812 0.000588814
 3.06814e-11 1.4431e-09 4.7001e-08 1.05999e-06 1.65533e-05 0.000179001 0.00134037 0.00695059 0.0249677 0.0622027 0.107979 0.132978 0.123829 0.103222 0.0939806 0.0897731 0.0780445 0.0610632 0.0449253 0.0308557 0.0191364 0.0105545 0.00512051 0.00213656 0.000744043
 3.49119e-11 1.64209e-09 5.34818e-08 1.20615e-06 1.88357e-05 0.000203682 0.00152517 0.00790859 0.0284048 0.0707237 0.122485 0.149499 0.134924 0.1037 0.0845773 0.075692 0.0646459 0.0510152 0.0387229 0.0280243 0.0185191 0.0108223 0.00545814 0.00231871 0.000810319
 3.32907e-11 1.56583e-09 5.09982e-08 1.15014e-06 1.79611e-05 0.000194224 0.00145435 0.00754158 0.0270892 0.0674732 0.117027 0.143645 0.13222 0.106921 0.0930814 0.0851186 0.0701792 0.0513031 0.0359816 0.0250765 0.0167445 0.0102007 0.00542707 0.00242313 0.00087863
 3.18028e-11 1.49585e-09 4.87188e-08 1.09873e-06 1.71583e-05 0.000185543 0.00138935 0.00720457 0.0258794 0.0644671 0.111863 0.137543 0.127375 0.10469 0.0934572 0.0877623 0.0748664 0.0570997 0.0410141 0.0279864 0.017779 0.010419 0.00551915 0.0025277 0.000952801
 3.41128e-11 1.6045e-09 5.22576e-08 1.17854e-06 1.84046e-05 0.00019902 0.00149026 0.00772765 0.0277558 0.0691167 0.119762 0.146459 0.133092 0.104197 0.08723 0.0791653 0.0674735 0.052527 0.0390327 0.0275976 0.017918 0.0104661 0.00542305 0.00243417 0.000914601
 3.56309e-11 1.67591e-09 5.45831e-08 1.23099e-06 1.92237e-05 0.000207877 0.00155658 0.00807149 0.0289902 0.0721846 0.125037 0.152719 0.138151 0.106765 0.0874069 0.0773364 0.0637416 0.0473961 0.0338355 0.0236543 0.0156045 0.00934794 0.00492822 0.00221734 0.00082673
 3.51986e-11 1.65557e-09 5.39209e-08 1.21605e-06 1.89904e-05 0.000205355 0.0015377 0.00797364 0.0286395 0.0713191 0.12359 0.151197 0.137561 0.107938 0.0902369 0.0806451 0.0661107 0.0481529 0.0331704 0.0222068 0.0141055 0.00828338 0.00436939 0.00198833 0.000749148
 3.13257e-11 1.47341e-09 4.7988e-08 1.08225e-06 1.69009e-05 0.00018276 0.00136852 0.0070966 0.0254926 0.0635141 0.110281 0.135934 0.126947 0.106461 0.097208 0.0917659 0.0771694 0.057177 0.0397633 0.0264234 0.0163431 0.00924666 0.00471593 0.0021034 0.000787893
 3.30512e-11 1.55457e-09 5.06312e-08 1.14186e-06 1.78318e-05 0.000192827 0.00144388 0.00748722 0.026893 0.0669754 0.116101 0.142219 0.130003 0.103413 0.0886565 0.081994 0.0709164 0.055923 0.0416856 0.0290726 0.0183685 0.0103747 0.00518888 0.00225006 0.000821034
 3.63311e-11 1.70884e-09 5.56558e-08 1.25518e-06 1.96014e-05 0.000211962 0.00158716 0.00823003 0.0295588 0.0735917 0.127416 0.15535 0.13965 0.1061 0.0847679 0.074087 0.0613749 0.0464757 0.0339818 0.0241985 0.0160529 0.00952406 0.00490721 0.00214088 0.000772512
 3.14872e-11 1.481e-09 4.82353e-08 1.08783e-06 1.6988e-05 0.000183702 0.00137557 0.00713319 0.0256242 0.0638435 0.110863 0.136699 0.127806 0.107419 0.0981296 0.0920631 0.0761958 0.0551105 0.0377002 0.0253604 0.0163579 0.00975229 0.00516911 0.00233249 0.000862318
 3.31141e-11 1.55753e-09 5.07277e-08 1.14404e-06 1.78658e-05 0.000193194 0.00144663 0.00750147 0.0269441 0.0671019 0.116316 0.142458 0.130147 0.103385 0.08851 0.0819044 0.0710047 0.0560539 0.0415753 0.0286785 0.0179829 0.010247 0.00527266 0.00237 0.000888892
 3.11302e-11 1.46422e-09 4.76886e-08 1.0755e-06 1.67955e-05 0.00018162 0.00135998 0.00705227 0.0253329 0.0631113 0.109549 0.134876 0.12547 0.104248 0.0942055 0.0887472 0.0753671 0.0574058 0.0420243 0.0299097 0.0197821 0.0116914 0.00602934 0.0026595 0.000979597
 3.76217e-11 1.76954e-09 5.76328e-08 1.29977e-06 2.02977e-05 0.000219491 0.00164354 0.00852224 0.0306068 0.0761862 0.131808 0.16023 0.142523 0.10514 0.0803898 0.0687788 0.0576938 0.0450284 0.033672 0.0240093 0.0158571 0.00950788 0.00504 0.00227581 0.000845413
#spawning biomass
 21278.1 21928.3 17263.8 12855.3 14446.9 28571.1 44205.1 52957 67384.5 89108.5 107128 135791 165211 184736 186262 181986 153900 136273 142929 144887 136920 157588 166697 171077 166938 169213 167300 179487 185457 193319 243465 170206 108632 69738.4 47948.9 36567 30875.8 28109.7 26790.3 26169 25878.9 25744.3 25682 25653.3 25640.1 25634.1 25631.3 25630 25629.5 25629.2 25629.1 25629 25629 25629 25629 25629 25629 25629 25629 25629 25629 25629 25629 25629 25629 25629 25629 25629 25629 25629 25629 25629 25629 25629 25629 25629 25629 25629 25629 25629 25629 25629 25629 25629 25629 25629 25629 25629 25629 25629 25629 25629 25629 25629 25629 25629 25629 25629 25629 25629 25629 25629 25629 25629 25629 25629 25629 25629 25629 25629 25629 25629 25629 25629 25629 25629 25629 25629 25629 25629 25629 25629 25629 25629 25629 25629 25629 25629 25629 0 0 0 0 0 0 0 0 0 0 0 0 0 0 0 0 0 0 0 0 0 0 0 0 0
