SBPRF35
0.224663
Curr Bio
26158.5
B35
64852.3
F35
0.49597
FOFL
0.19782
OFL
6741.03
Bzero
64189.3
#pred survey bio
 7651.27 6903.85 8080.1 10166.7 13221.5 16087 15369.6 14584.2 24080.9 36755.7 36294.8 43148.4 69341.4 81374.7 71558.8 61827.6 57927.1 60923 58615.9 60184.4 58926.7 62971.9 65706.6 70862.6 82940.1 82538.5 77256.5 78582.7 2.92312e+06 2.14607e+06 1.7883e+06 1.37046e+06 1.10852e+06 966265 893391 856751 838180 828509 823266 820293 818532 817449 816761 816314 816022 815828 815700 815613 815555 815516 815490 815472 815460 815452 815447 815443 815440 815439 815438 815437 815436 815436 815436 815436 815435 815435 815435 815435 815435 815435 815435 815435 815435 815435 815435 815435 815435 815435 815435 815435 815435 815435 815435 815435 815435 815435 815435 815435 815435 815435 815435 815435 815435 815435 815435 815435 815435 815435 815435 815435 815435 815435 815435 815435 815435 815435 815435 815435 815435 815435 815435 815435 815435 815435 815435 815435 815435 815435 815435 815435 815435 815435 815435 815435 815435 815435 815435 815435 0 0 0 0 0 0 0 0 0 0 0 0 0 0 0 0 0 0 0 0 0 0 0 0 0
#obs survey bio
 6673.5 5821.14 7570.31 11181 15814.8 12487.4 14578.1 13762.4 45913.2 31630.9 39145.7 50948.2 87636.9 66374.9 62480.2 62532.4 63385.4 73697.4 63610.2 42891.6 59042.2 52708.3 64397.8 67154.8 63000.2 67025.2 89319.4 84512.1
#pred catch bio
 3954.52 3265.74 3727.64 4600.47 5802.23 8110.6 8909.89 7471.15 8471.53 18832.2 21420.4 18214.7 34020.3 46727.2 41544 37281.5 30757.8 35519.5 32162.1 34725.3 32700.1 34400.1 36725.7 36000.2 45270.4 47331.6 45593 45160.4 6741.03 27113.1 23998.5 17272 13156.7 11044.5 10042.6 9589.21 9390.21 9304.6 9268.25 9252.97 9246.58 9243.92 9242.81 9242.36 9242.17 9242.09 9242.06 9242.05 9242.04 9242.04 9242.04 9242.04 9242.04 9242.04 9242.04 9242.04 9242.04 9242.04 9242.04 9242.04 9242.04 9242.04 9242.04 9242.04 9242.04 9242.04 9242.04 9242.04 9242.04 9242.04 9242.04 9242.04 9242.04 9242.04 9242.04 9242.04 9242.04 9242.04 9242.04 9242.04 9242.04 9242.04 9242.04 9242.04 9242.04 9242.04 9242.04 9242.04 9242.04 9242.04 9242.04 9242.04 9242.04 9242.04 9242.04 9242.04 9242.04 9242.04 9242.04 9242.04 9242.04 9242.04 9242.04 9242.04 9242.04 9242.04 9242.04 9242.04 9242.04 9242.04 9242.04 9242.04 9242.04 9242.04 9242.04 9242.04 9242.04 9242.04 9242.04 9242.04 9242.04 9242.04 9242.04 9242.04 9242.04 9242.04 9242.04 9242.04 0 0 0 0 0 0 0 0 0 0 0 0 0 0 0 0 0 0 0 0 0 0 0 0 0
#obs catch bio
 3646.23 3283.51 3700.4 4574.54 5616.73 8019.21 9196.9 7648.85 8123.95 17808.7 21871.5 17573.8 32961.9 48195.6 41915.2 38351.2 30213.6 35768.3 32328.2 34971.4 32967.4 33861 36918.6 35873.9 45611.9 47841.4 46583.9 45953.1
#pred cpue bio
 5264.97 4068.92 4462.79 5517.33 7121.27 9273.19 9434.31 7753.35 10282 20918.3 21461.2 19650.9 34759.3 45490.7 41834.4 35630.7 30518.3 34290.9 31556 33313.3 31858.2 33479.5 36201.8 36939.9 44938.6 46801.8 43044.6 40436.4 1.53371e+06 1.6985e+06 1.58765e+06 1.18377e+06 922246 780003 707129 670489 651919 642247 637004 634031 632270 631187 630499 630052 629760 629566 629438 629351 629294 629254 629228 629210 629198 629190 629185 629181 629179 629177 629176 629175 629174 629174 629174 629174 629173 629173 629173 629173 629173 629173 629173 629173 629173 629173 629173 629173 629173 629173 629173 629173 629173 629173 629173 629173 629173 629173 629173 629173 629173 629173 629173 629173 629173 629173 629173 629173 629173 629173 629173 629173 629173 629173 629173 629173 629173 629173 629173 629173 629173 629173 629173 629173 629173 629173 629173 629173 629173 629173 629173 629173 629173 629173 629173 629173 629173 629173 629173 629173 0 0 0 0 0 0 0 0 0 0 0 0 0 0 0 0 0 0 0 0 0 0 0 0 0
#obs cpue bio
 4556.41 5077.07 5281.24 5995.88 11865.3 9482.45 5710.63 8167.42 14175.3 39842.9 18907.8 26316.5 35057.8 27654.3 41128.2 33301.6 29007.8 29054.6 24664.9 36338.7 36861.6 43053.6 37251.1 37488.6 44845.4 55933.8 27682.1 30277.4
#pred surv len freq
 2.14202e-27 2.16424e-27 5.67846e-27 1.20222e-21 7.15009e-17 9.77647e-13 3.07325e-09 2.22104e-06 0.000369023 0.0140964 0.123796 0.249949 0.116645 0.02905 0.102105 0.14366 0.057567 0.0437352 0.0377318 0.0228857 0.0174996 0.0135013 0.0124051 0.0106642 0.00433838
 2.14329e-27 2.1683e-27 6.14825e-27 1.36163e-21 8.09813e-17 1.10728e-12 3.48073e-09 2.51554e-06 0.000417953 0.0159655 0.14021 0.28309 0.132054 0.0313788 0.106339 0.149351 0.0564386 0.0330469 0.0257763 0.0108185 0.0060871 0.00364659 0.00263528 0.00196681 0.000775253
 2.14399e-27 2.17015e-27 6.34847e-27 1.42954e-21 8.50202e-17 1.1625e-12 3.65433e-09 2.641e-06 0.000438797 0.0167618 0.147203 0.297208 0.138593 0.031693 0.104003 0.145977 0.0542864 0.0291142 0.0218543 0.00756992 0.00309992 0.00118951 0.000565843 0.000323988 0.000116499
 2.1441e-27 2.17043e-27 6.37549e-27 1.43869e-21 8.55644e-17 1.16994e-12 3.67772e-09 2.6579e-06 0.000441607 0.0168691 0.148145 0.29911 0.139484 0.032014 0.105389 0.14788 0.054275 0.0269136 0.0198015 0.00644802 0.00231903 0.000654994 0.00017542 5.89906e-05 1.70791e-05
 2.14425e-27 2.1708e-27 6.41558e-27 1.45229e-21 8.63732e-17 1.181e-12 3.71249e-09 2.68303e-06 0.000445781 0.0170285 0.149545 0.301938 0.140786 0.031877 0.103701 0.145507 0.0535361 0.0269454 0.0197794 0.00618078 0.00207865 0.000527284 0.000101592 1.71457e-05 2.95528e-06
 2.14267e-27 2.16691e-27 6.00535e-27 1.31314e-21 7.80973e-17 1.06784e-12 3.35677e-09 2.42595e-06 0.000403068 0.0153969 0.135217 0.273009 0.127458 0.0330927 0.119842 0.16829 0.0620155 0.0315126 0.023209 0.00735151 0.00248632 0.0006007 0.000102314 1.18264e-05 9.99688e-07
 2.14106e-27 2.16301e-27 5.59676e-27 1.17456e-21 6.98556e-17 9.55151e-13 3.00253e-09 2.16994e-06 0.000360532 0.0137721 0.120947 0.244199 0.114172 0.0339828 0.133959 0.18828 0.0703149 0.0385804 0.0286998 0.00892408 0.00295764 0.000716868 0.000119139 1.21314e-05 6.88816e-07
 2.1447e-27 2.17193e-27 6.5381e-27 1.49387e-21 8.88461e-17 1.21481e-12 3.81878e-09 2.75984e-06 0.000458543 0.017516 0.153827 0.310582 0.144755 0.0311492 0.0966528 0.135625 0.0507718 0.0282264 0.021054 0.00658244 0.00218439 0.00051926 8.47217e-05 8.4268e-06 4.26615e-07
 2.14785e-27 2.17958e-27 7.33591e-27 1.76444e-21 1.04938e-16 1.43484e-12 4.51044e-09 3.25971e-06 0.000541595 0.0206886 0.181688 0.366832 0.170704 0.0296416 0.0704952 0.0985416 0.0347859 0.013002 0.00900029 0.00284472 0.000960184 0.000229542 3.72113e-05 3.62944e-06 1.78418e-07
 2.14223e-27 2.16571e-27 5.86085e-27 1.26404e-21 7.51771e-17 1.02791e-12 3.23126e-09 2.33524e-06 0.000387996 0.0148212 0.130161 0.262801 0.122812 0.0350532 0.134886 0.189258 0.0661942 0.0227523 0.0151847 0.00418811 0.00117079 0.000276686 4.566e-05 4.46121e-06 2.16383e-07
 2.14222e-27 2.16587e-27 5.90154e-27 1.27796e-21 7.60049e-17 1.03923e-12 3.26684e-09 2.36095e-06 0.000392269 0.0149844 0.131594 0.265694 0.124065 0.0328048 0.120289 0.169063 0.0642787 0.0386657 0.0285869 0.00739659 0.00177136 0.000355362 5.05707e-05 4.83767e-06 2.36097e-07
 2.14708e-27 2.17772e-27 7.14185e-27 1.69863e-21 1.01024e-16 1.38132e-12 4.3422e-09 3.13812e-06 0.000521395 0.0199169 0.174911 0.35315 0.164392 0.0299863 0.0767234 0.107376 0.0386582 0.01686 0.0120946 0.0038658 0.00126283 0.00024603 2.92539e-05 2.346e-06 1.04615e-07
 2.14508e-27 2.17272e-27 6.60403e-27 1.51614e-21 9.01708e-17 1.23292e-12 3.87572e-09 2.80099e-06 0.00046538 0.0177772 0.15612 0.315213 0.146948 0.0325292 0.103681 0.145261 0.0505046 0.016393 0.0108143 0.00310704 0.000928764 0.000219113 3.24174e-05 2.46939e-06 9.2682e-08
 2.14287e-27 2.16733e-27 6.03691e-27 1.32378e-21 7.87303e-17 1.0765e-12 3.38398e-09 2.44561e-06 0.000406335 0.0155217 0.136313 0.275222 0.128517 0.0340516 0.125029 0.175441 0.0623921 0.0247524 0.0169457 0.00422978 0.000950289 0.000195775 2.90133e-05 2.62443e-06 1.07809e-07
 2.14186e-27 2.16488e-27 5.78046e-27 1.23681e-21 7.35577e-17 1.00577e-12 3.16165e-09 2.28493e-06 0.000379638 0.0145019 0.127357 0.25714 0.120177 0.034575 0.133673 0.187687 0.0675544 0.0293646 0.0206007 0.00541243 0.00131034 0.000234967 2.68485e-05 2.19081e-06 9.62354e-08
 2.14255e-27 2.16662e-27 5.97172e-27 1.30172e-21 7.74181e-17 1.05855e-12 3.32758e-09 2.40485e-06 0.000399563 0.015263 0.134041 0.270635 0.12637 0.0333658 0.122225 0.171642 0.063127 0.0316687 0.0229183 0.0063092 0.00167585 0.000319005 3.66037e-05 2.51418e-06 9.21383e-08
 2.14432e-27 2.17089e-27 6.4159e-27 1.45235e-21 8.63769e-17 1.18105e-12 3.71265e-09 2.68314e-06 0.0004458 0.0170293 0.149552 0.301951 0.140822 0.0326684 0.108528 0.152183 0.0541786 0.0216948 0.0150931 0.00432705 0.0012401 0.000250737 3.13143e-05 2.23969e-06 7.65176e-08
 2.14271e-27 2.16692e-27 5.99272e-27 1.30879e-21 7.78389e-17 1.06431e-12 3.34567e-09 2.41792e-06 0.000401734 0.015346 0.134769 0.272106 0.127082 0.0342153 0.126967 0.178166 0.0632443 0.0247301 0.0169863 0.00453769 0.00116817 0.000242805 3.28666e-05 2.54052e-06 9.23087e-08
 2.14392e-27 2.16994e-27 6.31625e-27 1.41856e-21 8.43671e-17 1.15357e-12 3.62626e-09 2.62071e-06 0.000435427 0.016633 0.146072 0.294925 0.13758 0.0328134 0.111531 0.15646 0.0562931 0.0244013 0.017093 0.004452 0.00107451 0.000206171 2.60133e-05 2.08028e-06 8.14563e-08
 2.14313e-27 2.16797e-27 6.10523e-27 1.34696e-21 8.01089e-17 1.09535e-12 3.44324e-09 2.48844e-06 0.00041345 0.0157935 0.138699 0.280041 0.130736 0.0338131 0.12212 0.171334 0.0608347 0.0238408 0.0164289 0.00450289 0.0011875 0.000224788 2.6344e-05 1.94676e-06 7.44212e-08
 2.14374e-27 2.16948e-27 6.26628e-27 1.4016e-21 8.33584e-17 1.13978e-12 3.58291e-09 2.58938e-06 0.000430221 0.0164342 0.144326 0.291399 0.135962 0.0331484 0.114639 0.160812 0.0574357 0.0235716 0.016325 0.0042527 0.00103271 0.000202 2.50596e-05 1.80508e-06 6.42437e-08
 2.14408e-27 2.17031e-27 6.35319e-27 1.43107e-21 8.51115e-17 1.16375e-12 3.65826e-09 2.64383e-06 0.000439269 0.0167798 0.147361 0.297527 0.138787 0.0329345 0.111486 0.15635 0.0556197 0.0221283 0.015261 0.0040777 0.00102832 0.000193399 2.28681e-05 1.68971e-06 6.12243e-08
 2.14321e-27 2.16817e-27 6.12472e-27 1.35357e-21 8.05019e-17 1.10072e-12 3.46013e-09 2.50064e-06 0.000415478 0.015871 0.13938 0.281414 0.13137 0.0338025 0.121641 0.170652 0.0604999 0.0234105 0.0160256 0.00423501 0.00105226 0.000201773 2.42043e-05 1.73161e-06 6.17068e-08
 2.14462e-27 2.17165e-27 6.4979e-27 1.48018e-21 8.8032e-17 1.20368e-12 3.78378e-09 2.73455e-06 0.000454342 0.0173555 0.152417 0.307736 0.143479 0.0322074 0.10397 0.145798 0.0524616 0.0227557 0.015951 0.00417683 0.0010164 0.000192357 2.29652e-05 1.6632e-06 5.90019e-08
 2.14367e-27 2.1693e-27 6.2467e-27 1.39495e-21 8.29632e-17 1.13437e-12 3.56592e-09 2.5771e-06 0.000428181 0.0163562 0.143641 0.290018 0.135328 0.0332766 0.115838 0.162485 0.0577973 0.0229848 0.0159228 0.00444754 0.00121169 0.000232045 2.72501e-05 1.95191e-06 6.93157e-08
 2.14262e-27 2.16673e-27 5.97515e-27 1.30284e-21 7.74852e-17 1.05947e-12 3.33046e-09 2.40693e-06 0.000399909 0.0152762 0.134157 0.270869 0.126505 0.0340607 0.126396 0.177399 0.0635044 0.0265201 0.0184715 0.00491003 0.00124432 0.000250421 3.2008e-05 2.33132e-06 8.18847e-08
 2.14321e-27 2.16819e-27 6.13363e-27 1.35662e-21 8.06833e-17 1.1032e-12 3.46792e-09 2.50628e-06 0.000416414 0.0159067 0.139694 0.282048 0.131642 0.0332457 0.118051 0.165683 0.0599919 0.0272011 0.0192889 0.00519965 0.00133632 0.000257781 3.17883e-05 2.43043e-06 8.99679e-08
 2.14472e-27 2.17187e-27 6.51692e-27 1.48661e-21 8.84144e-17 1.20891e-12 3.80022e-09 2.74643e-06 0.000456316 0.0174309 0.153079 0.309073 0.144108 0.0324945 0.10532 0.147634 0.0522042 0.0197747 0.0135183 0.00370279 0.00098251 0.000192302 2.3579e-05 1.74425e-06 6.45818e-08
#obs surv len freq
 8.68978e-40 4.25304e-33 4.78559e-27 1.23799e-21 7.36278e-17 1.00673e-12 3.16465e-09 2.2871e-06 0.000380005 0.0145157 0.127477 0.257384 0.120201 0.0321981 0.119089 0.167467 0.0649022 0.0428095 0.0334843 0.0126425 0.00539233 0.00164015 0.000363096 4.92344e-05 3.40538e-06
 1.03861e-39 5.08328e-33 5.71979e-27 1.47966e-21 8.80007e-17 1.20325e-12 3.78243e-09 2.73357e-06 0.000454186 0.0173493 0.152362 0.307625 0.143369 0.0306324 0.0943887 0.132521 0.0508147 0.0319201 0.0246675 0.00892934 0.00363542 0.00106786 0.000229036 3.02438e-05 2.0322e-06
 9.69005e-40 4.74261e-33 5.33646e-27 1.38049e-21 8.2103e-17 1.12261e-12 3.52893e-09 2.55037e-06 0.000423747 0.0161866 0.142151 0.28701 0.133921 0.0328227 0.113973 0.159934 0.0579039 0.026282 0.0191978 0.00669578 0.00260098 0.00072726 0.000148047 1.88009e-05 1.22521e-06
 1.04911e-39 5.13468e-33 5.77762e-27 1.49462e-21 8.88904e-17 1.21542e-12 3.82067e-09 2.76121e-06 0.000458778 0.0175247 0.153902 0.310735 0.144834 0.0313559 0.0978681 0.137309 0.0509797 0.0270549 0.0198648 0.00577088 0.00177686 0.000462144 8.8478e-05 1.0604e-05 6.59791e-07
 9.88143e-40 4.83627e-33 5.44185e-27 1.40776e-21 8.37245e-17 1.14478e-12 3.59863e-09 2.60074e-06 0.000432116 0.0165063 0.144958 0.292678 0.136542 0.0328499 0.112431 0.157725 0.0566662 0.0243338 0.017333 0.00537105 0.00172782 0.000377488 5.8527e-05 6.36633e-06 3.71765e-07
 8.15511e-40 3.99136e-33 4.49115e-27 1.16182e-21 6.90976e-17 9.44785e-13 2.96994e-09 2.14638e-06 0.000356624 0.0136226 0.119634 0.241549 0.112979 0.0348337 0.139952 0.196619 0.0718158 0.0345047 0.0248058 0.00690061 0.00192666 0.000429667 6.39137e-05 5.75743e-06 2.87232e-07
 7.91919e-40 3.8759e-33 4.36122e-27 1.12821e-21 6.70987e-17 9.17453e-13 2.88402e-09 2.08429e-06 0.000346307 0.0132285 0.116173 0.234561 0.109702 0.0336105 0.134591 0.189331 0.0728834 0.0465416 0.0351134 0.0102297 0.00298993 0.000608559 8.14569e-05 7.04934e-06 3.12529e-07
 1.3313e-39 6.51578e-33 7.33166e-27 1.89663e-21 1.128e-16 1.54233e-12 4.84834e-09 3.5039e-06 0.000582178 0.0222385 0.195298 0.394311 0.183327 0.0274656 0.0489299 0.0682839 0.0259959 0.0157697 0.0120135 0.00402058 0.00141074 0.000304747 4.08133e-05 3.23369e-06 1.31876e-07
 1.10617e-39 5.41391e-33 6.09182e-27 1.5759e-21 9.37245e-17 1.28151e-12 4.02845e-09 2.91137e-06 0.000483728 0.0184778 0.162272 0.327634 0.152696 0.0326551 0.100706 0.140936 0.0471785 0.00941067 0.00515176 0.0016524 0.000577243 0.000141982 2.22581e-05 1.85616e-06 7.30318e-08
 6.38512e-40 3.12507e-33 3.51638e-27 9.09655e-22 5.41006e-17 7.39727e-13 2.32534e-09 1.68053e-06 0.000279222 0.0106659 0.0936682 0.189126 0.0888883 0.0387135 0.179436 0.252072 0.0886628 0.0320407 0.0211641 0.00450501 0.000631781 0.000122548 1.99026e-05 1.89411e-06 8.26579e-08
 1.23222e-39 6.03086e-33 6.78602e-27 1.75548e-21 1.04405e-16 1.42755e-12 4.48751e-09 3.24314e-06 0.000538851 0.0205834 0.180764 0.364967 0.169776 0.0278834 0.060325 0.0845506 0.0345672 0.0279633 0.0213537 0.00538333 0.00115761 0.000169382 1.30346e-05 9.40029e-07 4.32995e-08
 1.18089e-39 5.77965e-33 6.50336e-27 1.68236e-21 1.00056e-16 1.36809e-12 4.30059e-09 3.10805e-06 0.000516406 0.0197261 0.173234 0.349766 0.162876 0.0312655 0.0855523 0.119625 0.0403139 0.00895886 0.00529852 0.00196803 0.00074384 0.000138614 1.32071e-05 6.78008e-07 1.82675e-08
 8.82537e-40 4.31941e-33 4.86026e-27 1.2573e-21 7.47766e-17 1.02243e-12 3.21403e-09 2.32279e-06 0.000385935 0.0147422 0.129466 0.2614 0.122188 0.0356871 0.139178 0.195221 0.0671488 0.019414 0.0120356 0.00261163 0.000411242 9.1802e-05 1.42612e-05 9.68521e-07 2.65449e-08
 9.24226e-40 4.52345e-33 5.08986e-27 1.3167e-21 7.83089e-17 1.07073e-12 3.36586e-09 2.43251e-06 0.000404166 0.0154386 0.135582 0.273747 0.127806 0.0332829 0.120781 0.169613 0.0625243 0.0317759 0.0226834 0.0052771 0.000936167 0.000133885 1.15457e-05 8.93704e-07 3.48191e-08
 7.37558e-40 3.60983e-33 4.06184e-27 1.05076e-21 6.24926e-17 8.54474e-13 2.68604e-09 1.94121e-06 0.000322535 0.0123204 0.108198 0.218461 0.102357 0.0362287 0.155426 0.218383 0.078837 0.0350232 0.0249163 0.00717448 0.00199208 0.000329724 2.72141e-05 1.36463e-06 3.97864e-08
 1.12079e-39 5.48551e-33 6.17238e-27 1.59674e-21 9.4964e-17 1.29846e-12 4.08172e-09 2.94987e-06 0.000490125 0.0187221 0.164418 0.331965 0.154593 0.029854 0.0823011 0.115456 0.0444963 0.0285531 0.0214051 0.00584285 0.00154875 0.000311969 3.70633e-05 2.16233e-06 5.36555e-08
 8.72006e-40 4.26786e-33 4.80227e-27 1.2423e-21 7.38843e-17 1.01023e-12 3.17568e-09 2.29507e-06 0.000381329 0.0145663 0.127921 0.258281 0.120746 0.0356728 0.14003 0.196428 0.0676079 0.0197341 0.0127815 0.00414264 0.00138805 0.000279364 3.42106e-05 2.48641e-06 7.99657e-08
 9.55877e-40 4.67836e-33 5.26416e-27 1.36179e-21 8.09907e-17 1.1074e-12 3.48112e-09 2.51582e-06 0.000418006 0.0159673 0.140225 0.283121 0.132123 0.0328093 0.115064 0.161554 0.0596745 0.0306973 0.0219623 0.00513998 0.000997363 0.000211692 3.09391e-05 2.37397e-06 8.47703e-08
 1.01364e-39 4.96104e-33 5.58224e-27 1.44407e-21 8.58845e-17 1.17431e-12 3.69147e-09 2.66783e-06 0.000443264 0.0169321 0.148698 0.300228 0.140025 0.0326503 0.108937 0.152778 0.0546346 0.0226532 0.0158976 0.00459439 0.00128499 0.000217874 2.15984e-05 1.67017e-06 6.68046e-08
 8.66265e-40 4.23977e-33 4.77065e-27 1.23412e-21 7.33979e-17 1.00358e-12 3.15478e-09 2.27996e-06 0.000378819 0.0144704 0.127079 0.256581 0.119937 0.0350751 0.136894 0.192143 0.0679679 0.0258196 0.017593 0.00463726 0.00115915 0.000231777 2.79538e-05 1.77153e-06 5.74394e-08
 1.11594e-39 5.46175e-33 6.14565e-27 1.58982e-21 9.45527e-17 1.29284e-12 4.06404e-09 2.93709e-06 0.000488002 0.0186411 0.163706 0.330528 0.15396 0.0306969 0.0878802 0.123189 0.0454535 0.023242 0.0167482 0.00427764 0.000983676 0.000179837 2.09583e-05 1.51499e-06 5.08913e-08
 8.90333e-40 4.35756e-33 4.9032e-27 1.26841e-21 7.54372e-17 1.03147e-12 3.24243e-09 2.34331e-06 0.000389344 0.0148724 0.13061 0.263709 0.123242 0.0353229 0.136259 0.191135 0.0660724 0.020209 0.0131071 0.00377758 0.00107239 0.000196587 2.0994e-05 1.41224e-06 4.8553e-08
 1.00267e-39 4.90735e-33 5.52183e-27 1.42845e-21 8.4955e-17 1.16161e-12 3.65152e-09 2.63896e-06 0.000438467 0.0167489 0.147089 0.296979 0.138509 0.03228 0.107656 0.151083 0.0555753 0.0278854 0.0198954 0.00472497 0.000931693 0.000177566 2.21245e-05 1.49638e-06 4.7967e-08
 1.03385e-39 5.06e-33 5.69359e-27 1.47288e-21 8.75975e-17 1.19774e-12 3.7651e-09 2.72105e-06 0.000452106 0.0172699 0.151664 0.306216 0.142791 0.0325713 0.10665 0.149518 0.052981 0.0204289 0.014093 0.00403534 0.0011167 0.000190719 1.84314e-05 1.25777e-06 4.36779e-08
 8.73916e-40 4.27721e-33 4.81279e-27 1.24502e-21 7.40462e-17 1.01245e-12 3.18264e-09 2.3001e-06 0.000382165 0.0145982 0.128201 0.258847 0.120983 0.035033 0.135954 0.190808 0.0673615 0.0251586 0.0170302 0.00437337 0.00103689 0.000203746 2.44037e-05 1.53062e-06 4.63892e-08
 9.24419e-40 4.52439e-33 5.09092e-27 1.31697e-21 7.83253e-17 1.07096e-12 3.36656e-09 2.43302e-06 0.00040425 0.0154418 0.13561 0.273805 0.127831 0.03323 0.12044 0.169132 0.0623332 0.031652 0.0227701 0.00578211 0.00130727 0.000232132 2.5856e-05 1.82882e-06 6.07248e-08
 9.6782e-40 4.73681e-33 5.32993e-27 1.3788e-21 8.20025e-17 1.12124e-12 3.52462e-09 2.54725e-06 0.000423229 0.0161668 0.141977 0.286659 0.133765 0.0330042 0.115187 0.161642 0.0585003 0.0264497 0.0188891 0.00546627 0.00155405 0.000283166 2.96174e-05 1.92213e-06 6.37828e-08
 1.13029e-39 5.53199e-33 6.22468e-27 1.61027e-21 9.57685e-17 1.30946e-12 4.1163e-09 2.97486e-06 0.000494277 0.0188808 0.165811 0.334778 0.155939 0.0310541 0.0887794 0.124351 0.0444092 0.0182191 0.0126777 0.00346576 0.00092475 0.000188285 2.34915e-05 1.57042e-06 4.90318e-08
#pred catch len freq
 2.13511e-27 2.14654e-27 3.78418e-27 5.59679e-22 3.32862e-17 4.5513e-13 1.43071e-09 1.03397e-06 0.000171793 0.00656239 0.0576313 0.116366 0.0549459 0.0306157 0.15192 0.214348 0.088367 0.0741593 0.0646898 0.0394155 0.0301965 0.023303 0.0214119 0.0184071 0.00748831
 2.1358e-27 2.14983e-27 4.20324e-27 7.01919e-22 4.17457e-17 5.70799e-13 1.79431e-09 1.29675e-06 0.000215454 0.00823019 0.072278 0.145938 0.0688032 0.0355559 0.173175 0.243887 0.0941016 0.0609033 0.0481743 0.0202991 0.0114524 0.00686328 0.00496014 0.00370196 0.00145919
 2.13645e-27 2.15172e-27 4.41158e-27 7.72582e-22 4.59483e-17 6.28261e-13 1.97495e-09 1.4273e-06 0.000237144 0.00905873 0.0795543 0.160629 0.0756361 0.0366488 0.175421 0.246914 0.0935207 0.0553101 0.042142 0.0146461 0.00601627 0.00230973 0.00109882 0.000629162 0.000226234
 2.13656e-27 2.15197e-27 4.43346e-27 7.79972e-22 4.63879e-17 6.34271e-13 1.99384e-09 1.44095e-06 0.000239412 0.00914539 0.0803153 0.162166 0.0763725 0.0373414 0.179186 0.252125 0.0941173 0.0515333 0.0385439 0.0125919 0.00454363 0.00128403 0.000343931 0.00011566 3.34862e-05
 2.13661e-27 2.15211e-27 4.44903e-27 7.85257e-22 4.67022e-17 6.38569e-13 2.00735e-09 1.45072e-06 0.000241035 0.00920735 0.0808595 0.163265 0.0768769 0.0372476 0.178283 0.250872 0.0939657 0.0523902 0.0391022 0.0122583 0.00413729 0.00105014 0.000202361 3.41534e-05 5.88679e-06
 2.13549e-27 2.14936e-27 4.15981e-27 6.87155e-22 4.08677e-17 5.58792e-13 1.75657e-09 1.26948e-06 0.000210922 0.00805708 0.0707577 0.14287 0.0674799 0.0380982 0.189623 0.266878 0.0999199 0.0555919 0.0415484 0.0131974 0.0044768 0.00108215 0.00018434 2.13083e-05 1.80119e-06
 2.13455e-27 2.14712e-27 3.92818e-27 6.08609e-22 3.61962e-17 4.94919e-13 1.55578e-09 1.12437e-06 0.000186812 0.0071361 0.0626696 0.12654 0.0599387 0.0383158 0.195873 0.275792 0.104489 0.0618377 0.0465232 0.0144972 0.00481617 0.00116781 0.0001941 1.97647e-05 1.12223e-06
 2.13773e-27 2.1549e-27 4.74885e-27 8.86982e-22 5.27522e-17 7.21292e-13 2.26739e-09 1.63865e-06 0.000272259 0.0104001 0.0913344 0.184413 0.0866026 0.0358768 0.163541 0.230151 0.0874653 0.0525632 0.039658 0.0124266 0.00413397 0.000983114 0.000160419 1.59563e-05 8.07802e-07
 2.14069e-27 2.16199e-27 5.4748e-27 1.13312e-21 6.7391e-17 9.21451e-13 2.89659e-09 2.09338e-06 0.000347811 0.0132862 0.11668 0.235584 0.110251 0.0356248 0.146579 0.205856 0.0736301 0.0305905 0.0216968 0.00688283 0.00233185 0.000557812 9.0442e-05 8.82167e-06 4.33662e-07
 2.13534e-27 2.14877e-27 4.06695e-27 6.55506e-22 3.89854e-17 5.33056e-13 1.67567e-09 1.21101e-06 0.000201207 0.00768599 0.0674987 0.136291 0.064547 0.0409936 0.209281 0.294168 0.103884 0.0389175 0.0265533 0.00734197 0.00205915 0.000486944 8.03675e-05 7.85248e-06 3.80872e-07
 2.13574e-27 2.15003e-27 4.23802e-27 7.1372e-22 4.24476e-17 5.80395e-13 1.82448e-09 1.31856e-06 0.000219076 0.00836856 0.0734931 0.148392 0.0699938 0.0370511 0.181567 0.255711 0.0986058 0.0634118 0.0473041 0.0122561 0.002942 0.000590519 8.40427e-05 8.03979e-06 3.92374e-07
 2.14014e-27 2.16069e-27 5.34476e-27 1.08904e-21 6.47695e-17 8.85607e-13 2.78392e-09 2.01195e-06 0.000334282 0.0127693 0.112141 0.226421 0.106007 0.0354319 0.148163 0.2082 0.0759543 0.0362472 0.0264583 0.00848125 0.00277862 0.000541604 6.4408e-05 5.16538e-06 2.30341e-07
 2.13823e-27 2.15587e-27 4.81718e-27 9.09995e-22 5.41208e-17 7.40006e-13 2.32622e-09 1.68116e-06 0.000279323 0.0106699 0.093704 0.189198 0.0889187 0.0386453 0.178999 0.251436 0.0881289 0.030903 0.0208281 0.00599824 0.00179796 0.00042439 6.27939e-05 4.78341e-06 1.79533e-07
 2.13646e-27 2.15157e-27 4.36975e-27 7.58255e-22 4.50963e-17 6.16611e-13 1.93833e-09 1.40083e-06 0.000232746 0.00889076 0.0780791 0.157652 0.0743632 0.0394122 0.193189 0.271595 0.0974252 0.041302 0.0286857 0.00717027 0.00161475 0.000332854 4.93324e-05 4.46248e-06 1.83314e-07
 2.13545e-27 2.14915e-27 4.11976e-27 6.73486e-22 4.00547e-17 5.47677e-13 1.72163e-09 1.24423e-06 0.000206726 0.0078968 0.0693502 0.140029 0.0662246 0.0396532 0.199972 0.281262 0.102269 0.0476904 0.0339173 0.00892545 0.00216613 0.000388632 4.44115e-05 3.62403e-06 1.59193e-07
 2.1363e-27 2.1513e-27 4.35722e-27 7.54083e-22 4.48482e-17 6.13219e-13 1.92766e-09 1.39313e-06 0.000231466 0.00884184 0.0776495 0.156784 0.0739093 0.0380062 0.184868 0.260108 0.0966571 0.0515325 0.0376713 0.0103848 0.00276371 0.000526284 6.03917e-05 4.14817e-06 1.5202e-07
 2.13763e-27 2.15448e-27 4.68e-27 8.63512e-22 5.13563e-17 7.02206e-13 2.20739e-09 1.59529e-06 0.000265055 0.0101249 0.0889176 0.179534 0.0844338 0.0381881 0.179121 0.251772 0.090489 0.0389425 0.0275152 0.00790375 0.00227059 0.000459297 5.73667e-05 4.10314e-06 1.40181e-07
 2.13636e-27 2.15134e-27 4.34518e-27 7.49918e-22 4.46004e-17 6.09832e-13 1.91701e-09 1.38543e-06 0.000230187 0.008793 0.0772206 0.155919 0.0735661 0.0395247 0.194398 0.273285 0.0978122 0.0407935 0.0284227 0.00760448 0.00196194 0.000407977 5.52289e-05 4.26914e-06 1.55118e-07
 2.13733e-27 2.15375e-27 4.60612e-27 8.38464e-22 4.98666e-17 6.81837e-13 2.14336e-09 1.54901e-06 0.000257366 0.00983122 0.0863383 0.174327 0.0820234 0.0381103 0.180216 0.253388 0.0920841 0.042784 0.0303787 0.00792469 0.00191731 0.000368081 4.64464e-05 3.71439e-06 1.45443e-07
 2.13676e-27 2.15232e-27 4.44955e-27 7.85326e-22 4.67063e-17 6.38625e-13 2.00753e-09 1.45084e-06 0.000241056 0.00920816 0.0808666 0.16328 0.0769551 0.0391479 0.189879 0.266915 0.0955541 0.0399272 0.0279071 0.007661 0.00202462 0.000383411 4.49375e-05 3.32085e-06 1.2695e-07
 2.13721e-27 2.15343e-27 4.56902e-27 8.25865e-22 4.91173e-17 6.71591e-13 2.11116e-09 1.52574e-06 0.000253499 0.0096835 0.085041 0.171708 0.0808283 0.0385311 0.183574 0.25807 0.0930248 0.0408638 0.028705 0.00748932 0.001823 0.00035677 4.42637e-05 3.18846e-06 1.13479e-07
 2.13752e-27 2.15419e-27 4.64801e-27 8.52651e-22 5.07104e-17 6.93374e-13 2.17963e-09 1.57522e-06 0.000261721 0.00999757 0.0877992 0.177276 0.0833981 0.0384072 0.181139 0.254608 0.0913888 0.0389378 0.027255 0.00729451 0.00184388 0.000346956 4.10289e-05 3.03167e-06 1.09849e-07
 2.13668e-27 2.15211e-27 4.42634e-27 7.77446e-22 4.62376e-17 6.32217e-13 1.98738e-09 1.43629e-06 0.000238637 0.00911577 0.0800552 0.161642 0.0762033 0.0392953 0.191273 0.268872 0.0961588 0.0398686 0.0277167 0.00733677 0.00182735 0.00035058 4.20588e-05 3.00901e-06 1.07228e-07
 2.13774e-27 2.15477e-27 4.71479e-27 8.75329e-22 5.20591e-17 7.11816e-13 2.2376e-09 1.61712e-06 0.000268682 0.0102635 0.0901344 0.181991 0.0855514 0.0377051 0.175432 0.24665 0.089761 0.0420961 0.0299585 0.00785914 0.00191792 0.000363198 4.33669e-05 3.14084e-06 1.11422e-07
 2.13704e-27 2.15302e-27 4.52483e-27 8.10868e-22 4.82254e-17 6.59396e-13 2.07282e-09 1.49803e-06 0.000248896 0.00950765 0.0834967 0.16859 0.0793958 0.0387685 0.185963 0.261412 0.0938533 0.0400687 0.0281876 0.00788794 0.00215415 0.000412722 4.84725e-05 3.47214e-06 1.23302e-07
 2.13616e-27 2.15087e-27 4.29931e-27 7.34379e-22 4.36763e-17 5.97196e-13 1.87729e-09 1.35672e-06 0.000225418 0.0086108 0.0756205 0.152688 0.0720642 0.0393009 0.194006 0.272801 0.0985825 0.0440842 0.031137 0.00829001 0.00210586 0.000424016 5.42012e-05 3.94785e-06 1.38664e-07
 2.13692e-27 2.15278e-27 4.50628e-27 8.0461e-22 4.78532e-17 6.54307e-13 2.05682e-09 1.48647e-06 0.000246975 0.00943428 0.0828524 0.167289 0.0787727 0.0381934 0.182844 0.257135 0.0939649 0.0452772 0.0324726 0.00876551 0.00225716 0.000435588 5.37186e-05 4.10722e-06 1.52038e-07
 2.13862e-27 2.15688e-27 4.92977e-27 9.48216e-22 5.6394e-17 7.71088e-13 2.42392e-09 1.75178e-06 0.000291055 0.0111181 0.0976398 0.197144 0.092558 0.0377332 0.171036 0.240311 0.0855575 0.034263 0.0237264 0.00650752 0.00172971 0.000338664 4.15274e-05 3.07201e-06 1.13743e-07
#obs catch len freq
 4.07857e-40 1.99618e-33 2.24613e-27 5.81053e-22 3.45574e-17 4.7251e-13 1.48534e-09 1.07346e-06 0.000178357 0.00681299 0.0598317 0.12081 0.0571957 0.0358106 0.182304 0.257042 0.102812 0.0771516 0.0615194 0.0239389 0.0105019 0.00324546 0.000734676 0.000102407 7.30339e-06
 4.23758e-40 2.074e-33 2.3337e-27 6.03706e-22 3.59047e-17 4.90931e-13 1.54325e-09 1.11531e-06 0.00018531 0.0070786 0.0621643 0.12552 0.0593896 0.0362513 0.183575 0.258739 0.102154 0.0728599 0.0575287 0.0217462 0.00927782 0.00281696 0.00062231 8.42415e-05 5.81944e-06
 5.75558e-40 2.81696e-33 3.16969e-27 8.19968e-22 4.87666e-17 6.66795e-13 2.09607e-09 1.51484e-06 0.000251692 0.00961432 0.084433 0.17048 0.0801369 0.0352273 0.163773 0.230657 0.0899709 0.0610106 0.0476084 0.0172498 0.00702391 0.00205947 0.000440763 5.81034e-05 3.89926e-06
 5.18958e-40 2.53994e-33 2.85798e-27 7.39333e-22 4.39709e-17 6.01223e-13 1.88995e-09 1.36587e-06 0.000226941 0.00866886 0.07613 0.153717 0.0725054 0.0383801 0.188072 0.264531 0.0968459 0.0473022 0.0350201 0.012222 0.00474675 0.00132475 0.000269067 3.41094e-05 2.21995e-06
 6.01793e-40 2.94536e-33 3.31416e-27 8.57343e-22 5.09894e-17 6.97188e-13 2.19162e-09 1.58389e-06 0.000263165 0.0100526 0.0882816 0.17825 0.0837804 0.0365884 0.169741 0.238836 0.0897963 0.0510582 0.0378857 0.0110081 0.00338744 0.000879321 0.000167949 2.00919e-05 1.24844e-06
 5.49991e-40 2.69183e-33 3.02888e-27 7.83544e-22 4.66003e-17 6.37175e-13 2.00296e-09 1.44755e-06 0.000240512 0.00918725 0.0806824 0.162908 0.0767606 0.0385357 0.186253 0.261893 0.0949645 0.0435212 0.0313972 0.00972868 0.00312715 0.000682027 0.000105459 1.14482e-05 6.67575e-07
 4.08551e-40 1.99957e-33 2.24995e-27 5.82041e-22 3.46162e-17 4.73314e-13 1.48787e-09 1.07528e-06 0.00017866 0.00682458 0.0599335 0.121017 0.0574416 0.0398199 0.206718 0.290894 0.107337 0.0549236 0.0399131 0.0111009 0.00309581 0.000689114 0.000102263 9.19428e-06 4.57945e-07
 3.96185e-40 1.93905e-33 2.18185e-27 5.64424e-22 3.35684e-17 4.58988e-13 1.44283e-09 1.04274e-06 0.000173252 0.00661802 0.0581194 0.117354 0.0556662 0.0376362 0.194492 0.274065 0.106885 0.0723039 0.0549375 0.0159945 0.00466773 0.000948345 0.000126596 1.09341e-05 4.84039e-07
 9.85951e-40 4.82555e-33 5.42978e-27 1.40463e-21 8.35388e-17 1.14224e-12 3.59065e-09 2.59497e-06 0.000431158 0.0164697 0.144637 0.292028 0.136182 0.0312405 0.102802 0.144423 0.0556285 0.0356574 0.0273585 0.00914619 0.00320374 0.00069078 9.22784e-05 7.29737e-06 2.97131e-07
 6.94617e-40 3.39967e-33 3.82536e-27 9.89585e-22 5.88543e-17 8.04727e-13 2.52967e-09 1.8282e-06 0.000303757 0.0116031 0.101899 0.205744 0.096595 0.0393571 0.178356 0.250258 0.0839978 0.0175068 0.00981846 0.00314727 0.00109713 0.000269258 4.21104e-05 3.50574e-06 1.37736e-07
 3.03459e-40 1.48522e-33 1.6712e-27 4.32323e-22 2.57118e-17 3.51563e-13 1.10514e-09 7.98688e-07 0.000132703 0.00506909 0.0445168 0.0898924 0.043187 0.0434166 0.238056 0.33474 0.118425 0.0449855 0.0300774 0.0064009 0.000895236 0.000173112 2.80375e-05 2.66351e-06 1.16084e-07
 8.55631e-40 4.18772e-33 4.71209e-27 1.21897e-21 7.24969e-17 9.91265e-13 3.11605e-09 2.25197e-06 0.000374169 0.0142928 0.125519 0.25343 0.118338 0.0312715 0.114625 0.16147 0.0669265 0.0566491 0.0434434 0.0109404 0.00234635 0.000342844 2.63023e-05 1.8907e-06 8.69483e-08
 7.93705e-40 3.88464e-33 4.37105e-27 1.13075e-21 6.725e-17 9.19522e-13 2.89053e-09 2.08899e-06 0.000347089 0.0132583 0.116435 0.235091 0.110091 0.0374371 0.15779 0.221344 0.0748032 0.0173236 0.0104441 0.00387334 0.00146097 0.000271842 2.58377e-05 1.32397e-06 3.55967e-08
 4.87984e-40 2.38834e-33 2.6874e-27 6.95205e-22 4.13465e-17 5.65338e-13 1.77715e-09 1.28435e-06 0.000213396 0.00815146 0.0715861 0.144544 0.0683888 0.0416916 0.211054 0.296495 0.102396 0.0309524 0.0194682 0.00422311 0.00066276 0.000147465 2.28599e-05 1.55044e-06 4.24387e-08
 5.21617e-40 2.55295e-33 2.87262e-27 7.43121e-22 4.41962e-17 6.04303e-13 1.89963e-09 1.37287e-06 0.000228104 0.00871328 0.07652 0.154504 0.0728658 0.0382831 0.187244 0.263461 0.0979175 0.0521979 0.0375487 0.00872903 0.00154433 0.000220484 1.89507e-05 1.46279e-06 5.69253e-08
 3.7217e-40 1.82151e-33 2.0496e-27 5.30211e-22 3.15337e-17 4.31166e-13 1.35537e-09 9.79531e-07 0.00016275 0.00621686 0.0545965 0.110242 0.0525015 0.0409218 0.216693 0.304849 0.110839 0.0516985 0.0371159 0.0106739 0.00295673 0.000488701 4.02351e-05 2.01306e-06 5.85674e-08
 7.18498e-40 3.51655e-33 3.95688e-27 1.02361e-21 6.08777e-17 8.32393e-13 2.61663e-09 1.89105e-06 0.0003142 0.012002 0.105402 0.212815 0.0996702 0.034183 0.14464 0.203596 0.0793043 0.0533394 0.0402152 0.0109632 0.00289777 0.000582452 6.90315e-05 4.0213e-06 9.9638e-08
 4.79217e-40 2.34543e-33 2.63912e-27 6.82715e-22 4.06036e-17 5.55181e-13 1.74522e-09 1.26127e-06 0.000209562 0.008005 0.0703 0.141947 0.0671827 0.0415428 0.210927 0.296327 0.102407 0.031252 0.0205292 0.00664376 0.00222059 0.000446059 5.44708e-05 3.95144e-06 1.26924e-07
 5.51427e-40 2.69885e-33 3.03679e-27 7.85589e-22 4.6722e-17 6.38838e-13 2.00819e-09 1.45133e-06 0.00024114 0.00921123 0.080893 0.163333 0.0769298 0.0378085 0.181686 0.25563 0.0951991 0.0513311 0.0369995 0.00865227 0.00167343 0.000354187 5.16356e-05 3.95516e-06 1.41025e-07
 6.0793e-40 2.97539e-33 3.34796e-27 8.66086e-22 5.15094e-17 7.04297e-13 2.21397e-09 1.60004e-06 0.000265848 0.0101551 0.0891818 0.180068 0.0846784 0.0381205 0.178546 0.25097 0.0903149 0.0392291 0.0277914 0.00802053 0.00223744 0.000378757 3.74277e-05 2.88689e-06 1.15311e-07
 4.7304e-40 2.3152e-33 2.6051e-27 6.73916e-22 4.00803e-17 5.48026e-13 1.72272e-09 1.24502e-06 0.000206861 0.00790183 0.0693939 0.140118 0.0662993 0.0405416 0.205367 0.288706 0.102716 0.0408993 0.0281675 0.00741672 0.00184859 0.000368816 4.43721e-05 2.80699e-06 9.08438e-08
 7.14506e-40 3.49701e-33 3.93489e-27 1.01792e-21 6.05395e-17 8.27768e-13 2.6021e-09 1.88054e-06 0.000312455 0.0119354 0.104816 0.211633 0.0991801 0.0356846 0.154163 0.216774 0.0806415 0.0432397 0.0313943 0.00800991 0.00183668 0.000335072 3.89375e-05 2.80903e-06 9.4231e-08
 4.92946e-40 2.41263e-33 2.71473e-27 7.02275e-22 4.17669e-17 5.71087e-13 1.79522e-09 1.29741e-06 0.000215566 0.00823435 0.072314 0.146014 0.0690505 0.04122 0.207731 0.291857 0.101337 0.0324509 0.0213377 0.00614259 0.00173938 0.000318286 3.38962e-05 2.27529e-06 7.81004e-08
 5.93919e-40 2.90682e-33 3.2708e-27 8.46125e-22 5.03222e-17 6.88066e-13 2.16294e-09 1.56316e-06 0.000259722 0.00992103 0.0871265 0.175918 0.0827328 0.0374007 0.175404 0.246734 0.0915003 0.0481747 0.0346419 0.0082206 0.00161617 0.000307264 3.81862e-05 2.57812e-06 8.25128e-08
 6.26236e-40 3.06499e-33 3.44878e-27 8.92166e-22 5.30604e-17 7.25506e-13 2.28063e-09 1.64822e-06 0.000273854 0.0104609 0.0918673 0.18549 0.0871889 0.0382234 0.17754 0.249489 0.0889289 0.0359528 0.0250647 0.00716793 0.00197864 0.000337389 3.251e-05 2.21326e-06 7.67469e-08
 4.78739e-40 2.34309e-33 2.63649e-27 6.82035e-22 4.05632e-17 5.54628e-13 1.74348e-09 1.26001e-06 0.000209353 0.00799702 0.0702299 0.141806 0.0670806 0.0405679 0.205019 0.2882 0.102326 0.0400711 0.0274247 0.00703604 0.00166341 0.000326131 3.89658e-05 2.43974e-06 7.38162e-08
 5.18594e-40 2.53816e-33 2.85598e-27 7.38814e-22 4.39401e-17 6.00801e-13 1.88862e-09 1.36491e-06 0.000226782 0.00866278 0.0760765 0.153609 0.0724498 0.0382279 0.187177 0.263368 0.0978904 0.0522311 0.0378738 0.00960866 0.00216676 0.000383993 4.26495e-05 3.01052e-06 9.98271e-08
 5.63207e-40 2.75651e-33 3.10167e-27 8.02372e-22 4.77201e-17 6.52486e-13 2.05109e-09 1.48233e-06 0.000246291 0.00940801 0.0826211 0.166823 0.0785594 0.0382498 0.183328 0.257801 0.0939562 0.0445171 0.032065 0.00926611 0.00262735 0.000477872 4.98442e-05 3.22795e-06 1.06939e-07
#spawning biomass
 4203.53 2907.13 3052.39 3709.63 4781.64 6265.07 6454.12 5258.29 6584.37 13500.2 14694.9 12828.8 22179.3 29639.4 27612.2 23896.7 19903.5 22360.8 20712.2 21717.7 20804.3 21787.8 23542.8 24198.7 29315.7 30725.1 28475.3 26158.5 27815.9 58524.7 63682.4 46640.5 34355.8 27945.8 24900.1 23521.8 22916.8 22656.5 22546 22499.5 22480.1 22472 22468.6 22467.2 22466.7 22466.4 22466.3 22466.3 22466.3 22466.3 22466.3 22466.3 22466.3 22466.3 22466.3 22466.3 22466.3 22466.3 22466.3 22466.3 22466.3 22466.3 22466.3 22466.3 22466.3 22466.3 22466.3 22466.3 22466.3 22466.3 22466.3 22466.3 22466.3 22466.3 22466.3 22466.3 22466.3 22466.3 22466.3 22466.3 22466.3 22466.3 22466.3 22466.3 22466.3 22466.3 22466.3 22466.3 22466.3 22466.3 22466.3 22466.3 22466.3 22466.3 22466.3 22466.3 22466.3 22466.3 22466.3 22466.3 22466.3 22466.3 22466.3 22466.3 22466.3 22466.3 22466.3 22466.3 22466.3 22466.3 22466.3 22466.3 22466.3 22466.3 22466.3 22466.3 22466.3 22466.3 22466.3 22466.3 22466.3 22466.3 22466.3 22466.3 22466.3 22466.3 22466.3 22466.3 0 0 0 0 0 0 0 0 0 0 0 0 0 0 0 0 0 0 0 0 0 0 0 0 0
