SBPRF35
0.819782
Curr Bio
190709
B35
897586
F35
0.232685
FOFL
0
OFL
0
Bzero
234224
#pred survey bio
 8894.89 8899.28 6766.46 7289.79 11139.8 19570.1 26416.4 30948 44304.9 61773.2 75224.9 104061 137790 157880 169861 164965 163719 185954 225929 216856 221926 241102 262962 276486 309956 305093 281334 271269 210120 3.12365e+06 4.6552e+06 5.19939e+06 5.07774e+06 4.62975e+06 4.08537e+06 3.57133e+06 3.14023e+06 2.80246e+06 2.54877e+06 2.36329e+06 2.22994e+06 2.13497e+06 2.06759e+06 2.01923e+06 1.98358e+06 1.95856e+06 1.94076e+06 1.92794e+06 1.91857e+06 1.91162e+06 1.90641e+06 1.90244e+06 1.8994e+06 1.89703e+06 1.89518e+06 1.89371e+06 1.89255e+06 1.89161e+06 1.89087e+06 1.89026e+06 1.88978e+06 1.88938e+06 1.88906e+06 1.8888e+06 1.88859e+06 1.88841e+06 1.88827e+06 1.88816e+06 1.88806e+06 1.88799e+06 1.88792e+06 1.88787e+06 1.88783e+06 1.88779e+06 1.88777e+06 1.88774e+06 1.88772e+06 1.88771e+06 1.8877e+06 1.88768e+06 1.88768e+06 1.88767e+06 1.88766e+06 1.88766e+06 1.88766e+06 1.88765e+06 1.88765e+06 1.88765e+06 1.88765e+06 1.88764e+06 1.88764e+06 1.88764e+06 1.88764e+06 1.88764e+06 1.88764e+06 1.88764e+06 1.88764e+06 1.88764e+06 1.88764e+06 1.88764e+06 1.88764e+06 1.88764e+06 1.88764e+06 1.88764e+06 1.88764e+06 1.88764e+06 1.88764e+06 1.88764e+06 1.88764e+06 1.88764e+06 1.88764e+06 1.88764e+06 1.88764e+06 1.88764e+06 1.88764e+06 1.88764e+06 1.88764e+06 1.88764e+06 1.88764e+06 1.88764e+06 1.88764e+06 1.88764e+06 1.88764e+06 1.88764e+06 1.88764e+06 1.88764e+06 1.88764e+06 1.88764e+06 1.88764e+06 0 0 0 0 0 0 0 0 0 0 0 0 0 0 0 0 0 0 0 0 0 0 0 0 0
#obs survey bio
 7973.1 10959.5 5067.11 8623 11002.8 25957.3 22482.1 26277.3 53644.3 69734 61839.5 87766.6 162446 114869 161087 124905 151954 130260 235873 187289 138619 214367 257606 241296 204794 228848 355599 214271 192833
#pred catch bio
 3151.18 4443.93 3331.47 3070.46 5061.04 12163 18658.2 20091.4 27921.5 42990.3 49105.3 68590.6 96183.9 109343 121571 119981 116462 122286 166248 157710 159082 171504 192553 194429 225350 232287 207903 206965 184274 0 40353.3 45185 43620.2 39159.8 33926.2 29077.5 25078 22000 19736.8 18124.3 17001.2 16232 15711.7 15360.7 15122.5 14967.9 14867.7 14802.6 14760.4 14733 14715.3 14703.7 14696.3 14691.4 14688.3 14686.2 14684.9 14684 14683.5 14683.1 14682.9 14682.7 14682.6 14682.6 14682.5 14682.5 14682.5 14682.5 14682.5 14682.5 14682.5 14682.5 14682.5 14682.4 14682.4 14682.4 14682.4 14682.4 14682.4 14682.4 14682.4 14682.4 14682.4 14682.4 14682.4 14682.4 14682.4 14682.4 14682.4 14682.4 14682.4 14682.4 14682.4 14682.4 14682.4 14682.4 14682.4 14682.4 14682.4 14682.4 14682.4 14682.4 14682.4 14682.4 14682.4 14682.4 14682.4 14682.4 14682.4 14682.4 14682.4 14682.4 14682.4 14682.4 14682.4 14682.4 14682.4 14682.4 14682.4 14682.4 14682.4 14682.4 14682.4 14682.4 14682.4 14682.4 14682.4 14682.4 14682.4 0 0 0 0 0 0 0 0 0 0 0 0 0 0 0 0 0 0 0 0 0 0 0 0 0
#obs catch bio
 4425.5 4174.07 3893.06 2855.89 4358.23 9032.87 15156.2 17867.5 22586 38887.1 41235.1 61699.1 89004.7 100597 114689 116737 104905 108200 171594 151918 160875 165861 179692 174060 220410 233930 202910 198045 184672
#pred cpue bio
 7205.91 8156.28 5624.02 4793.03 7102.97 10774.5 15443 16546.1 23103.2 34681.3 40184.7 55579.6 75517.5 89130.1 103050 101944 95264 100959 134665 127599 126523 134742 149271 151941 175948 181601 157552 158664 138644 1.43568e+06 4.49083e+06 5.07703e+06 4.95448e+06 4.50645e+06 3.96206e+06 3.44802e+06 3.01693e+06 2.67916e+06 2.42547e+06 2.23999e+06 2.10664e+06 2.01166e+06 1.94429e+06 1.89593e+06 1.86028e+06 1.83526e+06 1.81746e+06 1.80464e+06 1.79526e+06 1.78832e+06 1.78311e+06 1.77914e+06 1.7761e+06 1.77373e+06 1.77187e+06 1.77041e+06 1.76924e+06 1.76831e+06 1.76757e+06 1.76696e+06 1.76648e+06 1.76608e+06 1.76576e+06 1.7655e+06 1.76529e+06 1.76511e+06 1.76497e+06 1.76486e+06 1.76476e+06 1.76468e+06 1.76462e+06 1.76457e+06 1.76453e+06 1.76449e+06 1.76446e+06 1.76444e+06 1.76442e+06 1.76441e+06 1.76439e+06 1.76438e+06 1.76437e+06 1.76437e+06 1.76436e+06 1.76436e+06 1.76435e+06 1.76435e+06 1.76435e+06 1.76435e+06 1.76434e+06 1.76434e+06 1.76434e+06 1.76434e+06 1.76434e+06 1.76434e+06 1.76434e+06 1.76434e+06 1.76434e+06 1.76434e+06 1.76434e+06 1.76434e+06 1.76434e+06 1.76434e+06 1.76434e+06 1.76434e+06 1.76434e+06 1.76434e+06 1.76434e+06 1.76434e+06 1.76434e+06 1.76434e+06 1.76434e+06 1.76434e+06 1.76434e+06 1.76434e+06 1.76434e+06 1.76434e+06 1.76434e+06 1.76434e+06 1.76434e+06 1.76434e+06 1.76434e+06 1.76434e+06 1.76434e+06 1.76434e+06 1.76434e+06 1.76434e+06 1.76434e+06 1.76434e+06 1.76434e+06 0 0 0 0 0 0 0 0 0 0 0 0 0 0 0 0 0 0 0 0 0 0 0 0 0
#obs cpue bio
 8148.58 7984.37 4616.59 6785.84 11302.4 21180.3 36933.4 24217.8 49185.3 53431.3 73920.3 109480 104312 124882 147939 173284 157810 169230 165980 163230 171755 196723 219811 240406 274785 266965 152065 208166 199869
#pred surv len freq
 1.03862e-11 1.12782e-09 7.22042e-08 2.72535e-06 6.0649e-05 0.000795758 0.00615684 0.0281121 0.0760514 0.124324 0.134217 0.125149 0.128413 0.120489 0.0905502 0.0613601 0.040275 0.0247492 0.0147066 0.00888994 0.00565754 0.00392776 0.00292393 0.00205066 0.00113706
 5.36658e-12 5.82746e-10 3.7308e-08 1.40819e-06 3.13379e-05 0.000411202 0.00318256 0.0145563 0.0397187 0.0676656 0.0857636 0.111398 0.147133 0.152873 0.124177 0.0923901 0.0653111 0.0417308 0.0243825 0.0133358 0.0071155 0.0039872 0.00245973 0.00154809 0.000826894
 1.05525e-11 1.14588e-09 7.33602e-08 2.76898e-06 6.16198e-05 0.000808481 0.00625473 0.0285463 0.0770508 0.124549 0.127964 0.103778 0.0933276 0.0920538 0.0879097 0.0809056 0.0664594 0.0473226 0.0300105 0.0169314 0.0085444 0.00404935 0.0019674 0.00101413 0.000487242
 1.52951e-11 1.66087e-09 1.0633e-07 4.01344e-06 8.93134e-05 0.00117182 0.00906534 0.0413655 0.111538 0.17937 0.179871 0.133714 0.101945 0.0807492 0.0535459 0.032746 0.023601 0.0190736 0.0142991 0.00913563 0.00493401 0.00228648 0.000953538 0.000387375 0.00015321
 1.4675e-11 1.59353e-09 1.02019e-07 3.85072e-06 8.56923e-05 0.00112432 0.00869821 0.0396982 0.107151 0.173197 0.177823 0.143032 0.122121 0.10062 0.0627597 0.0306535 0.0144063 0.00746981 0.00456954 0.00309267 0.00191533 0.00097796 0.000407947 0.000145075 4.63239e-05
 1.65161e-11 1.79345e-09 1.14818e-07 4.33381e-06 9.64428e-05 0.00126536 0.00978898 0.0446673 0.120439 0.193668 0.194125 0.144029 0.109085 0.084659 0.052294 0.0256165 0.0115696 0.00495393 0.00200384 0.000876969 0.000454465 0.000242162 0.000110079 3.96528e-05 1.14093e-05
 1.51013e-11 1.63983e-09 1.04983e-07 3.96259e-06 8.81819e-05 0.00115699 0.00895106 0.0408549 0.110311 0.178605 0.18477 0.152035 0.132729 0.106953 0.0591067 0.0199321 0.00399305 0.000473791 3.383e-05 1.685e-06 1.44374e-07 4.17485e-08 1.67635e-08 6.17684e-09 1.79097e-09
 1.62696e-11 1.76668e-09 1.13105e-07 4.26914e-06 9.50036e-05 0.00124649 0.00964316 0.044007 0.118727 0.191471 0.194522 0.151012 0.121782 0.0944702 0.0517031 0.0173965 0.00348052 0.000411235 2.8657e-05 1.1775e-06 2.85318e-08 4.07925e-10 3.45199e-12 1.86078e-14 3.94057e-16
 1.65618e-11 1.79841e-09 1.15136e-07 4.34581e-06 9.67099e-05 0.00126887 0.00981627 0.0447953 0.120832 0.194689 0.19696 0.150755 0.119042 0.091347 0.0498517 0.0167637 0.00335357 0.000396247 2.76177e-05 1.13559e-06 2.75855e-08 3.97941e-10 3.47129e-12 1.93898e-14 7.95125e-17
 1.56555e-11 1.7e-09 1.08836e-07 4.108e-06 9.14178e-05 0.00119944 0.00927936 0.0423501 0.114303 0.184708 0.189396 0.151552 0.127539 0.101034 0.0555941 0.0187269 0.00374768 0.000442883 3.08785e-05 1.27115e-06 3.10069e-08 4.53898e-10 4.15781e-12 2.66562e-14 1.41638e-16
 1.62796e-11 1.76777e-09 1.13175e-07 4.27177e-06 9.50622e-05 0.00124726 0.0096491 0.044034 0.118799 0.191581 0.194605 0.151003 0.121687 0.094363 0.0516395 0.0173748 0.00347616 0.000410718 2.86205e-05 1.17595e-06 2.84892e-08 4.07048e-10 3.43265e-12 1.7135e-14 5.11513e-17
 1.62816e-11 1.76799e-09 1.13188e-07 4.27229e-06 9.50738e-05 0.00124741 0.00965028 0.0440394 0.118813 0.191603 0.194622 0.151001 0.121669 0.0943418 0.051627 0.0173705 0.00347534 0.000410636 2.86185e-05 1.17642e-06 2.85485e-08 4.10362e-10 3.53545e-12 1.89849e-14 7.0691e-17
 1.59654e-11 1.73365e-09 1.1099e-07 4.18933e-06 9.32275e-05 0.00122319 0.00946296 0.0431863 0.116536 0.188121 0.191983 0.151279 0.124633 0.0977213 0.0536304 0.0180554 0.00361277 0.000426875 2.97483e-05 1.22254e-06 2.96399e-08 4.24622e-10 3.61523e-12 1.86605e-14 6.21532e-17
 1.55823e-11 1.69205e-09 1.08326e-07 4.08878e-06 9.09901e-05 0.00119383 0.00923596 0.0421525 0.113775 0.183901 0.188785 0.151616 0.128226 0.101817 0.0560582 0.0188853 0.00377932 0.000446558 3.11181e-05 1.27854e-06 3.09717e-08 4.42369e-10 3.72603e-12 1.8519e-14 5.44325e-17
 1.45516e-11 1.58013e-09 1.01161e-07 3.81833e-06 8.49716e-05 0.00111487 0.00862536 0.0393716 0.10635 0.172551 0.180183 0.152522 0.137889 0.112833 0.0625888 0.0211178 0.00422738 0.000499532 3.48106e-05 1.43034e-06 3.46567e-08 4.95396e-10 4.18461e-12 2.10118e-14 6.40098e-17
 1.42616e-11 1.54864e-09 9.91456e-08 3.74225e-06 8.32787e-05 0.00109266 0.00845361 0.0385894 0.104261 0.169358 0.177764 0.152777 0.140607 0.115932 0.0644258 0.0217459 0.00435343 0.000514441 3.5851e-05 1.47331e-06 3.57168e-08 5.11526e-10 4.35045e-12 2.23722e-14 7.36592e-17
 1.51674e-11 1.64699e-09 1.05442e-07 3.97991e-06 8.85674e-05 0.00116205 0.00899017 0.041033 0.110786 0.179332 0.185323 0.151981 0.132116 0.106252 0.0586871 0.019784 0.0039597 0.000467888 3.26058e-05 1.33984e-06 3.24725e-08 4.64614e-10 3.93791e-12 2.00107e-14 6.34413e-17
 1.60826e-11 1.74638e-09 1.11805e-07 4.22008e-06 9.39119e-05 0.00123217 0.0095324 0.0435025 0.11738 0.189412 0.192961 0.151176 0.123534 0.0964685 0.0528877 0.0178015 0.0035618 0.000420842 2.93261e-05 1.20494e-06 2.91913e-08 4.1707e-10 3.51687e-12 1.75499e-14 5.23262e-17
 1.48186e-11 1.60912e-09 1.03017e-07 3.8884e-06 8.65309e-05 0.00113533 0.00878356 0.0400921 0.108274 0.175492 0.182412 0.152288 0.135386 0.109979 0.0608969 0.0205395 0.00411136 0.000485837 3.38614e-05 1.39212e-06 3.37992e-08 4.86662e-10 4.21768e-12 2.30833e-14 9.01925e-17
 1.50078e-11 1.62967e-09 1.04333e-07 3.93805e-06 8.76357e-05 0.00114983 0.00889565 0.0406025 0.109637 0.177575 0.183991 0.152121 0.133612 0.107957 0.059698 0.0201296 0.00402904 0.000476081 3.31756e-05 1.36307e-06 3.30191e-08 4.71594e-10 3.97162e-12 1.97295e-14 5.78846e-17
 1.54503e-11 1.67771e-09 1.07409e-07 4.05415e-06 9.02194e-05 0.00118372 0.00915777 0.0417964 0.112824 0.182448 0.187684 0.151732 0.129463 0.103228 0.0568945 0.0191712 0.00383669 0.000453341 3.15908e-05 1.29796e-06 3.14421e-08 4.49085e-10 3.78249e-12 1.87976e-14 5.52309e-17
 1.57156e-11 1.70653e-09 1.09254e-07 4.12378e-06 9.1769e-05 0.00120405 0.00931499 0.0425124 0.114736 0.18537 0.189898 0.151499 0.126975 0.100391 0.055213 0.0185964 0.00372133 0.000439702 3.06403e-05 1.2589e-06 3.04958e-08 4.35558e-10 3.66823e-12 1.82241e-14 5.34855e-17
 1.55088e-11 1.68407e-09 1.07816e-07 4.0695e-06 9.05611e-05 0.0011882 0.00919244 0.0419542 0.113246 0.183092 0.188172 0.151681 0.128915 0.102602 0.0565237 0.0190444 0.00381125 0.000450333 3.13812e-05 1.28934e-06 3.1233e-08 4.4608e-10 3.75662e-12 1.86592e-14 5.47203e-17
 1.59314e-11 1.72996e-09 1.10754e-07 4.1804e-06 9.30289e-05 0.00122058 0.00944282 0.0430945 0.116291 0.187747 0.191699 0.151309 0.124952 0.0980848 0.0538458 0.018129 0.00362753 0.000428612 2.98673e-05 1.22714e-06 2.97259e-08 4.24539e-10 3.57474e-12 1.77472e-14 5.19552e-17
 1.55087e-11 1.68406e-09 1.07815e-07 4.06947e-06 9.05603e-05 0.00118819 0.00919236 0.0419539 0.113245 0.183091 0.188171 0.151681 0.128916 0.102603 0.0565245 0.0190447 0.00381131 0.00045034 3.13816e-05 1.28936e-06 3.12336e-08 4.46093e-10 3.75687e-12 1.8663e-14 5.47576e-17
 1.4839e-11 1.61134e-09 1.0316e-07 3.89376e-06 8.66502e-05 0.0011369 0.00879566 0.0401472 0.108421 0.175717 0.182582 0.15227 0.135194 0.109761 0.0607674 0.0204952 0.00410241 0.000484755 3.37801e-05 1.3879e-06 3.36203e-08 4.8016e-10 4.04317e-12 2.00743e-14 5.87835e-17
 1.56886e-11 1.70359e-09 1.09066e-07 4.11668e-06 9.16109e-05 0.00120198 0.00929895 0.0424393 0.114541 0.185072 0.189673 0.151523 0.127229 0.10068 0.0553845 0.018655 0.0037331 0.000441093 3.07372e-05 1.26288e-06 3.05916e-08 4.36901e-10 3.67877e-12 1.82627e-14 5.34539e-17
 1.50938e-11 1.639e-09 1.04931e-07 3.96061e-06 8.81377e-05 0.00115641 0.00894658 0.0408345 0.110256 0.178522 0.184708 0.152046 0.132806 0.107038 0.0591532 0.0199434 0.00399166 0.000471662 3.28676e-05 1.35041e-06 3.2712e-08 4.67183e-10 3.93376e-12 1.95286e-14 5.71589e-17
 1.31346e-11 1.42626e-09 9.13103e-08 3.44651e-06 7.66975e-05 0.00100632 0.00778591 0.0355485 0.096142 0.156947 0.168357 0.153768 0.151174 0.127979 0.0715671 0.0241871 0.00484336 0.000572354 3.9885e-05 1.63874e-06 3.96963e-08 5.66931e-10 4.77364e-12 2.36978e-14 6.93601e-17
#obs surv len freq
 7.85752e-12 8.53234e-10 5.46247e-08 2.06182e-06 4.5883e-05 0.000602018 0.00465791 0.0212691 0.0575546 0.094222 0.102467 0.0983106 0.108156 0.11685 0.111373 0.0964612 0.0745176 0.0515431 0.0325858 0.0179959 0.00799917 0.00265768 0.000621517 9.75759e-05 9.9274e-06
 1.16897e-12 1.26936e-10 8.12658e-09 3.06744e-07 6.82677e-06 8.96109e-05 0.000694845 0.00320751 0.00914884 0.0187113 0.0375638 0.0786604 0.131905 0.163621 0.165855 0.14615 0.108368 0.0680984 0.0381609 0.0189822 0.00777716 0.00239829 0.000518343 7.4758e-05 6.95938e-06
 1.5018e-11 1.63078e-09 1.04404e-07 3.94073e-06 8.76951e-05 0.00115057 0.0089001 0.0405921 0.109184 0.173426 0.163873 0.0968069 0.0501072 0.0521053 0.0761382 0.0847371 0.0671765 0.0410308 0.0209986 0.00921768 0.00333353 0.000922887 0.000181523 2.39542e-05 2.04121e-06
 1.33e-11 1.44422e-09 9.24604e-08 3.48992e-06 7.76638e-05 0.001019 0.00788405 0.0359954 0.0973089 0.158329 0.16658 0.141987 0.126552 0.102455 0.0625652 0.0352352 0.0258 0.0195392 0.011505 0.00502757 0.00165263 0.000403909 7.03888e-05 8.32675e-06 6.42061e-07
 1.21385e-11 1.3181e-09 8.4386e-08 3.18516e-06 7.08816e-05 0.000930018 0.00719561 0.0328525 0.0888084 0.144417 0.151481 0.128646 0.119293 0.113518 0.0937594 0.063608 0.0333351 0.0137945 0.00536774 0.0020755 0.00066416 0.000152926 2.41067e-05 2.53812e-06 1.74297e-07
 1.28042e-11 1.39038e-09 8.90133e-08 3.35982e-06 7.47684e-05 0.000981016 0.00759017 0.0346529 0.0936533 0.152065 0.158197 0.130406 0.115276 0.106145 0.086937 0.0605185 0.0335202 0.0139855 0.0044732 0.00118351 0.00027532 5.34206e-05 7.64342e-06 7.36888e-07 4.58311e-08
 1.18704e-11 1.28899e-09 8.25223e-08 3.11482e-06 6.93166e-05 0.000909501 0.00703746 0.0321415 0.0870084 0.142258 0.151914 0.133706 0.125837 0.116159 0.0916429 0.0606989 0.0322403 0.0131057 0.00407664 0.000980416 0.000182272 2.62131e-05 2.87949e-06 2.30344e-07 1.25762e-08
 1.15653e-11 1.25586e-09 8.04012e-08 3.03475e-06 6.7535e-05 0.000886133 0.00685688 0.0313207 0.0848244 0.138886 0.148864 0.131854 0.125383 0.118725 0.0970511 0.0649569 0.0332762 0.0125549 0.00356086 0.00078099 0.000131124 1.62705e-05 1.44773e-06 9.05754e-08 3.91064e-09
 1.19373e-11 1.29625e-09 8.29868e-08 3.13235e-06 6.97071e-05 0.000914639 0.0070776 0.0323309 0.0875712 0.143375 0.153282 0.134036 0.124547 0.115782 0.0933269 0.0614849 0.0309378 0.0114081 0.00310849 0.000636592 9.73079e-05 1.08202e-05 8.49132e-07 4.57163e-08 1.64947e-09
 1.17725e-11 1.27836e-09 8.18414e-08 3.08912e-06 6.87454e-05 0.000902038 0.00698063 0.0318976 0.0864989 0.142229 0.154134 0.138385 0.130494 0.119504 0.0927306 0.0576473 0.0268577 0.00899823 0.00220066 0.000405609 5.63378e-05 5.70337e-06 4.04567e-07 1.94833e-08 6.21962e-10
 1.12903e-11 1.22599e-09 7.84891e-08 2.96259e-06 6.593e-05 0.000865115 0.00669547 0.0306047 0.0830939 0.13722 0.150663 0.138761 0.133768 0.123941 0.0966862 0.0595787 0.0270312 0.00866415 0.00198092 0.000332209 4.11898e-05 3.70559e-06 2.34677e-07 1.01446e-08 2.91198e-10
 1.21777e-11 1.32236e-09 8.46587e-08 3.19547e-06 7.11124e-05 0.000933115 0.00722161 0.0330052 0.089544 0.147307 0.159131 0.140287 0.128645 0.116588 0.0900436 0.0543584 0.0237824 0.00725102 0.00155629 0.000241696 2.73806e-05 2.22223e-06 1.25686e-07 4.82749e-09 1.23143e-10
 1.14137e-11 1.2394e-09 7.93475e-08 2.995e-06 6.66521e-05 0.000874632 0.00677027 0.030965 0.084241 0.139975 0.155985 0.146027 0.139159 0.12362 0.0907095 0.0519099 0.021748 0.00640137 0.00132562 0.000196498 2.08925e-05 1.56579e-06 8.07465e-08 2.80157e-09 6.41246e-11
 9.36542e-12 1.01698e-09 6.51079e-08 2.45754e-06 5.46925e-05 0.000717762 0.00555803 0.0254562 0.0696211 0.117905 0.139229 0.145555 0.153163 0.143528 0.107565 0.0604003 0.0237079 0.0062575 0.00112156 0.000142051 1.31202e-05 8.78887e-07 4.1294e-08 1.31219e-09 2.74294e-11
 8.64602e-12 9.38858e-10 6.01067e-08 2.26878e-06 5.04921e-05 0.000662665 0.00513207 0.0235154 0.0643972 0.10946 0.130436 0.139009 0.151807 0.150592 0.119366 0.069277 0.027531 0.00728949 0.00129787 0.000159021 1.35995e-05 8.10013e-07 3.3212e-08 9.23543e-10 1.71156e-11
 1.08904e-11 1.18257e-09 7.57092e-08 2.85769e-06 6.35977e-05 0.000834611 0.00646199 0.0295757 0.0806161 0.134545 0.150987 0.142394 0.138868 0.130331 0.100128 0.0564954 0.0218826 0.00568269 0.000999857 0.000121496 1.02465e-05 5.91928e-07 2.29599e-08 5.87596e-10 9.79164e-12
 1.01415e-11 1.10125e-09 7.05034e-08 2.66123e-06 5.92277e-05 0.000777369 0.00602175 0.0276087 0.0757104 0.128879 0.152445 0.155411 0.154175 0.134636 0.0932977 0.0482088 0.017555 0.0043702 0.000745361 8.82422e-05 7.25836e-06 4.0835e-07 1.53646e-08 3.78745e-10 6.01567e-12
 9.78526e-12 1.06257e-09 6.8027e-08 2.56776e-06 5.71482e-05 0.000750106 0.00581118 0.0266505 0.0731238 0.124569 0.147393 0.150876 0.153292 0.140009 0.10087 0.0525855 0.0187329 0.00446894 0.000722102 8.06702e-05 6.27402e-06 3.35283e-07 1.20295e-08 2.83248e-10 4.29606e-12
 9.76399e-12 1.06026e-09 6.78793e-08 2.56221e-06 5.70262e-05 0.000748566 0.00580076 0.0266237 0.073217 0.125468 0.150162 0.15507 0.156045 0.138926 0.0970045 0.0490892 0.0170757 0.00400099 0.000635207 6.91276e-05 5.15993e-06 2.60982e-07 8.78954e-09 1.93769e-10 2.75363e-12
 1.04518e-11 1.13495e-09 7.26613e-08 2.74272e-06 6.10441e-05 0.000801319 0.00620954 0.0284954 0.078282 0.13348 0.156986 0.156368 0.151843 0.132281 0.0907136 0.0449814 0.0153389 0.00353724 0.000554691 5.95715e-05 4.35935e-06 2.13916e-07 6.90808e-09 1.4442e-10 1.92872e-12
 1.00862e-11 1.09525e-09 7.01199e-08 2.64684e-06 5.89133e-05 0.000773475 0.00599687 0.027563 0.0760783 0.131414 0.158952 0.163455 0.158583 0.133038 0.0865898 0.0407778 0.0132812 0.00294142 0.000444812 4.61927e-05 3.27247e-06 1.55349e-07 4.83974e-09 9.71598e-11 1.23874e-12
 1.08478e-11 1.17795e-09 7.5415e-08 2.84672e-06 6.33623e-05 0.00083188 0.00644915 0.0296282 0.0816108 0.139869 0.165323 0.163344 0.153636 0.127155 0.0812641 0.0368388 0.0113084 0.00232058 0.000321832 3.06309e-05 2.00472e-06 8.88819e-08 2.60893e-09 4.95964e-11 5.99932e-13
 1.04716e-11 1.1371e-09 7.27998e-08 2.74807e-06 6.11712e-05 0.000803292 0.00623162 0.0286838 0.0794391 0.138069 0.167861 0.170667 0.159481 0.126547 0.0767826 0.0332652 0.00985605 0.00196147 0.000262503 2.37596e-05 1.45237e-06 5.93415e-08 1.59684e-09 2.78695e-11 3.10985e-13
 1.0377e-11 1.12684e-09 7.21434e-08 2.72334e-06 6.06235e-05 0.000796196 0.00617849 0.0284608 0.0789531 0.137663 0.16814 0.171764 0.161184 0.127805 0.0763192 0.0318653 0.00892751 0.00165701 0.000205282 1.71849e-05 9.74555e-07 3.70217e-08 9.24804e-10 1.49155e-11 1.53028e-13
 9.3839e-12 1.019e-09 6.52403e-08 2.46287e-06 5.4833e-05 0.000720436 0.00559699 0.0258652 0.0723875 0.129046 0.164761 0.177412 0.170488 0.133858 0.0779097 0.0315715 0.00858333 0.00154386 0.000184162 1.46633e-05 7.79589e-07 2.74518e-08 6.31942e-10 9.37824e-12 8.85682e-14
 9.58825e-12 1.04119e-09 6.66616e-08 2.51656e-06 5.60301e-05 0.000736204 0.00571982 0.0264296 0.0738835 0.131106 0.165472 0.175836 0.168798 0.133456 0.0776357 0.0310218 0.00823061 0.00143655 0.000165692 1.27025e-05 6.46116e-07 2.15867e-08 4.67172e-10 6.46152e-12 5.64714e-14
 9.81783e-12 1.06613e-09 6.82593e-08 2.57699e-06 5.73817e-05 0.000754176 0.00586357 0.0271396 0.0761534 0.136066 0.172881 0.182205 0.168929 0.126681 0.0694448 0.0261141 0.00651659 0.0010682 0.000115516 8.2995e-06 3.96157e-07 1.2444e-08 2.53431e-10 3.2957e-12 2.70128e-14
 8.51124e-12 9.24257e-10 5.91784e-08 2.2344e-06 4.9768e-05 0.000654621 0.00510017 0.0237356 0.0675339 0.124606 0.167808 0.188604 0.180639 0.135069 0.0723875 0.0263636 0.00633944 0.000996856 0.000102777 6.9837e-06 3.12704e-07 9.15808e-09 1.73342e-10 2.09344e-12 1.59435e-14
 9.38976e-12 1.01966e-09 6.52865e-08 2.46498e-06 5.49001e-05 0.000721948 0.00561994 0.0260831 0.0736101 0.132978 0.172 0.185115 0.173944 0.129724 0.0689534 0.0245507 0.00569687 0.000856347 8.382e-05 5.37767e-06 2.26312e-07 6.20403e-09 1.09505e-10 1.22901e-12 8.67356e-15
#pred catch len freq
 5.89815e-13 6.4047e-11 4.10039e-09 1.54777e-07 3.44526e-06 4.52646e-05 0.000352603 0.00166558 0.00526866 0.0147557 0.0444393 0.111549 0.185527 0.198815 0.153749 0.10493 0.0690398 0.0424537 0.0252289 0.0152502 0.00970504 0.00673773 0.00501574 0.00351773 0.00195052
 2.50804e-13 2.72344e-11 1.74361e-09 6.58202e-08 1.4656e-06 1.92869e-05 0.000151487 0.000744378 0.0027367 0.010297 0.0381631 0.10231 0.17387 0.191503 0.157533 0.117663 0.083301 0.0532458 0.0311109 0.0170153 0.00907864 0.00508723 0.00313835 0.00197519 0.00105503
 7.00631e-13 7.60802e-11 4.87075e-09 1.83852e-07 4.09194e-06 5.37267e-05 0.000417177 0.0019395 0.00572283 0.0131921 0.0321223 0.0746682 0.126388 0.151446 0.150328 0.139206 0.114468 0.0815183 0.0516949 0.0291645 0.0147176 0.00697492 0.00338881 0.00174682 0.000839263
 1.57555e-12 1.71087e-10 1.09532e-08 4.13435e-07 9.2013e-06 0.000120785 0.000936794 0.0043303 0.0124405 0.0261797 0.0553449 0.117856 0.186014 0.190269 0.133817 0.0828297 0.0598612 0.0484032 0.0362881 0.0231841 0.0125213 0.0058025 0.00241983 0.000983058 0.000388807
 1.55148e-12 1.68472e-10 1.07858e-08 4.0712e-07 9.06097e-06 0.000118958 0.000923219 0.00428136 0.012487 0.027695 0.0636334 0.141666 0.225062 0.225905 0.147225 0.0725676 0.0341889 0.0177412 0.0108541 0.00734584 0.00454933 0.00232286 0.00096896 0.000344585 0.000110029
 7.01797e-12 7.62068e-10 4.87883e-08 1.84152e-06 4.09811e-05 0.000537736 0.00416188 0.0190352 0.051936 0.0884441 0.111875 0.144165 0.185524 0.177465 0.11509 0.0568207 0.0256516 0.0109734 0.0044369 0.00194151 0.00100609 0.000536093 0.000243691 8.77823e-05 2.52576e-05
 8.15788e-12 8.85849e-10 5.67129e-08 2.14063e-06 4.76375e-05 0.000625072 0.00483763 0.0221211 0.0602895 0.102141 0.12682 0.158138 0.197824 0.181165 0.103102 0.0349757 0.00701496 0.000832524 5.94389e-05 2.95759e-06 2.52546e-07 7.29339e-08 2.92834e-08 1.07901e-08 3.12858e-09
 8.50001e-12 9.23e-10 5.90913e-08 2.23041e-06 4.96352e-05 0.000651282 0.00504031 0.0230442 0.0627543 0.105909 0.129678 0.157844 0.194626 0.177515 0.100932 0.0342258 0.00685809 0.000810549 5.64865e-05 2.32103e-06 5.62405e-08 8.04076e-10 6.80416e-12 3.66606e-14 7.72749e-16
 8.43421e-12 9.15855e-10 5.86339e-08 2.21314e-06 4.92511e-05 0.000646241 0.00500133 0.0228666 0.0622803 0.105185 0.129129 0.157901 0.195243 0.178218 0.101349 0.0343685 0.00688682 0.00081399 5.67372e-05 2.33296e-06 5.66707e-08 8.17472e-10 7.12955e-12 3.98005e-14 1.62991e-16
 8.93466e-12 9.70198e-10 6.2113e-08 2.34446e-06 5.21733e-05 0.000684579 0.00529781 0.0242169 0.0658856 0.110696 0.133306 0.157461 0.190551 0.172869 0.0981784 0.0332847 0.00666948 0.000788364 5.49685e-05 2.26284e-06 5.5195e-08 8.07867e-10 7.39697e-12 4.7369e-14 2.51254e-16
 8.66968e-12 9.41423e-10 6.02708e-08 2.27493e-06 5.0626e-05 0.000664279 0.00514082 0.0235019 0.0639766 0.107778 0.131094 0.157695 0.193035 0.175702 0.0998573 0.0338583 0.00678432 0.000801825 5.58778e-05 2.29591e-06 5.56221e-08 7.94715e-10 6.70182e-12 3.34528e-14 9.98524e-17
 8.92709e-12 9.69375e-10 6.20603e-08 2.34247e-06 5.2129e-05 0.000683999 0.00529332 0.0241964 0.065831 0.110613 0.133242 0.157468 0.190622 0.17295 0.0982263 0.0333008 0.00667251 0.000788634 5.49655e-05 2.25948e-06 5.4831e-08 7.88125e-10 6.78919e-12 3.6442e-14 1.35547e-16
 9.66869e-12 1.0499e-09 6.72159e-08 2.53707e-06 5.64594e-05 0.000740811 0.00573266 0.0261973 0.0711736 0.118779 0.139432 0.156816 0.183669 0.165024 0.0935274 0.0316944 0.00635007 0.000750498 5.23036e-05 2.14949e-06 5.21134e-08 7.46565e-10 6.35585e-12 3.27996e-14 1.09175e-16
 8.64948e-12 9.3923e-10 6.01304e-08 2.26963e-06 5.0508e-05 0.000662732 0.00512886 0.0234474 0.0638311 0.107555 0.130926 0.157712 0.193225 0.175918 0.0999852 0.033902 0.0067931 0.000802861 5.59496e-05 2.2988e-06 5.5687e-08 7.95378e-10 6.69938e-12 3.32968e-14 9.78663e-17
 7.39136e-12 8.02613e-10 5.13841e-08 1.9395e-06 4.31616e-05 0.000566351 0.00438353 0.020053 0.0547675 0.0937006 0.120425 0.158819 0.20502 0.189365 0.107957 0.0366272 0.00734003 0.000867526 6.04572e-05 2.48416e-06 6.01905e-08 8.60381e-10 7.26752e-12 3.64894e-14 1.11136e-16
 7.27558e-12 7.90041e-10 5.05792e-08 1.90912e-06 4.24855e-05 0.000557482 0.00431494 0.0197406 0.0539334 0.0924256 0.119459 0.15892 0.206106 0.190602 0.10869 0.036878 0.00739039 0.00087349 6.08754e-05 2.50171e-06 6.06477e-08 8.68564e-10 7.38659e-12 3.79783e-14 1.24967e-16
 8.49031e-12 9.21946e-10 5.90239e-08 2.22786e-06 4.95786e-05 0.000650538 0.00503456 0.023018 0.0626844 0.105803 0.129597 0.157852 0.194717 0.177619 0.100994 0.0342468 0.00686232 0.000811053 5.65226e-05 2.32265e-06 5.62919e-08 8.05411e-10 6.82614e-12 3.46829e-14 1.09911e-16
 8.39711e-12 9.11826e-10 5.8376e-08 2.20341e-06 4.90344e-05 0.000643399 0.00497935 0.0227665 0.062013 0.104776 0.128819 0.157934 0.195591 0.178615 0.101584 0.0344487 0.00690281 0.000815833 5.6854e-05 2.33602e-06 5.65934e-08 8.08575e-10 6.81812e-12 3.40227e-14 1.01431e-16
 8.70205e-12 9.44939e-10 6.04959e-08 2.28342e-06 5.0815e-05 0.000666759 0.00516 0.0235893 0.0642098 0.108134 0.131364 0.157666 0.192732 0.175356 0.0996522 0.0337883 0.00677036 0.000800211 5.57745e-05 2.29303e-06 5.56717e-08 8.01559e-10 6.94563e-12 3.79939e-14 1.48268e-16
 8.75999e-12 9.5123e-10 6.08987e-08 2.29863e-06 5.11533e-05 0.000671198 0.00519433 0.0237456 0.0646272 0.108772 0.131848 0.157615 0.192189 0.174736 0.099285 0.0336626 0.00674505 0.000797181 5.55537e-05 2.28253e-06 5.52922e-08 7.89708e-10 6.65068e-12 3.3038e-14 9.69289e-17
 9.26931e-12 1.00654e-09 6.44394e-08 2.43227e-06 5.41274e-05 0.000710216 0.00549606 0.0251198 0.0682964 0.114381 0.136099 0.157167 0.187413 0.169292 0.0960579 0.0325594 0.00652364 0.000771005 5.37295e-05 2.20758e-06 5.34771e-08 7.63809e-10 6.43329e-12 3.1971e-14 9.39346e-17
 9.61523e-12 1.0441e-09 6.68442e-08 2.52304e-06 5.61473e-05 0.000736716 0.00570099 0.0260531 0.0707884 0.118191 0.138986 0.156863 0.18417 0.165595 0.0938661 0.0318102 0.00637327 0.000753227 5.24904e-05 2.15667e-06 5.22435e-08 7.4617e-10 6.28418e-12 3.12202e-14 9.16261e-17
 9.91246e-12 1.07638e-09 6.89106e-08 2.60103e-06 5.78829e-05 0.000759486 0.00587708 0.026855 0.0729297 0.121464 0.141466 0.156602 0.181383 0.162418 0.0919828 0.0311663 0.00624406 0.000737951 5.14258e-05 2.11292e-06 5.11835e-08 7.31019e-10 6.15622e-12 3.0578e-14 8.96724e-17
 9.77771e-12 1.06174e-09 6.79738e-08 2.56568e-06 5.7096e-05 0.000749163 0.00579725 0.0264915 0.071959 0.11998 0.140342 0.15672 0.182647 0.163858 0.0928366 0.0314582 0.00630263 0.000744876 5.19084e-05 2.13274e-06 5.16632e-08 7.37842e-10 6.21284e-12 3.08444e-14 9.02971e-17
 9.7387e-12 1.05751e-09 6.77025e-08 2.55544e-06 5.68682e-05 0.000746174 0.00577413 0.0263862 0.0716779 0.11955 0.140016 0.156755 0.183013 0.164275 0.0930838 0.0315427 0.0063196 0.000746881 5.20482e-05 2.1385e-06 5.18032e-08 7.39877e-10 6.23104e-12 3.09538e-14 9.08178e-17
 9.61994e-12 1.04461e-09 6.6877e-08 2.52428e-06 5.61748e-05 0.000737076 0.00570378 0.0260658 0.0708223 0.118242 0.139025 0.156859 0.184126 0.165545 0.0938363 0.0318 0.00637122 0.000752985 5.24735e-05 2.15596e-06 5.22257e-08 7.45881e-10 6.28066e-12 3.11834e-14 9.1314e-17
 1.04703e-11 1.13695e-09 7.27889e-08 2.74742e-06 6.11404e-05 0.000802223 0.00620757 0.0283602 0.0769487 0.127607 0.146122 0.156111 0.176153 0.156455 0.088448 0.029958 0.00600154 0.000709279 4.94276e-05 2.03081e-06 4.9194e-08 7.02575e-10 5.91579e-12 2.93681e-14 8.59585e-17
 1.01271e-11 1.09968e-09 7.04027e-08 2.65736e-06 5.91362e-05 0.000775929 0.00600423 0.0274341 0.074476 0.123828 0.143258 0.156413 0.179371 0.160124 0.0906228 0.0307014 0.00615075 0.000726919 5.06569e-05 2.08133e-06 5.04176e-08 7.2005e-10 6.06294e-12 3.00985e-14 8.80966e-17
 1.03797e-11 1.12711e-09 7.21584e-08 2.72362e-06 6.06109e-05 0.000795276 0.00615385 0.0281155 0.0762954 0.126609 0.145365 0.156191 0.177003 0.157425 0.0890226 0.0301544 0.00604096 0.00071394 4.97524e-05 2.04416e-06 4.95172e-08 7.07191e-10 5.95465e-12 2.95607e-14 8.65199e-17
#obs catch len freq
 6.69018e-12 7.26474e-10 4.65095e-08 1.75551e-06 3.90666e-05 0.000512585 0.00396611 0.018114 0.0490687 0.0807483 0.0897658 0.0909601 0.104992 0.115249 0.111722 0.101877 0.0858727 0.0646181 0.0427711 0.024083 0.0108961 0.00370083 0.000885464 0.000141925 1.46951e-05
 5.39779e-12 5.86136e-10 3.75249e-08 1.41639e-06 3.15201e-05 0.000413583 0.00320061 0.0146296 0.0397854 0.0666755 0.0794856 0.0930642 0.119114 0.134333 0.128623 0.110698 0.0847368 0.0580509 0.0361307 0.0194259 0.00830523 0.00262435 0.00057821 8.49101e-05 8.03885e-06
 5.68924e-13 6.17786e-11 3.95515e-09 1.49294e-07 3.32308e-06 4.36486e-05 0.000339536 0.00159153 0.00485488 0.0122453 0.032839 0.0790913 0.136591 0.169705 0.171222 0.149279 0.109231 0.0677736 0.0373744 0.0181089 0.00713145 0.00208863 0.000424797 5.72675e-05 4.95918e-06
 7.52712e-12 8.17356e-10 5.23278e-08 1.97512e-06 4.39533e-05 0.000576678 0.00446103 0.0203507 0.0548002 0.0875332 0.0852269 0.0593903 0.0548392 0.0905082 0.13985 0.153266 0.119266 0.0715975 0.0359208 0.0153375 0.00533298 0.00140244 0.00025948 3.19897e-05 2.53476e-06
 9.89034e-12 1.07397e-09 6.87568e-08 2.59524e-06 5.77542e-05 0.00075781 0.00586448 0.0268023 0.0728052 0.121047 0.138435 0.143423 0.15245 0.130757 0.080685 0.0459588 0.0336001 0.0248253 0.0141591 0.0059718 0.00188201 0.000436859 7.16431e-05 7.91864e-06 5.67681e-07
 1.14819e-11 1.2468e-09 7.98212e-08 3.01286e-06 6.70475e-05 0.000879723 0.00680687 0.0310853 0.0841212 0.137408 0.146533 0.129565 0.124815 0.119778 0.0981642 0.065457 0.0336108 0.01371 0.00526556 0.00197488 0.000603204 0.000131443 1.9481e-05 1.91694e-06 1.22428e-07
 1.24642e-11 1.35346e-09 8.66499e-08 3.27061e-06 7.27834e-05 0.000954981 0.00738905 0.0337406 0.0912537 0.14859 0.156114 0.131667 0.11877 0.109566 0.0890125 0.0609464 0.0329757 0.0134032 0.00417473 0.00107387 0.000240652 4.43364e-05 5.95942e-06 5.36481e-07 3.10322e-08
 1.14839e-11 1.24701e-09 7.98349e-08 3.01338e-06 6.70595e-05 0.000879899 0.00680883 0.0311053 0.0842897 0.138356 0.149683 0.135332 0.129885 0.119875 0.0936971 0.0610128 0.0316517 0.0125211 0.00377567 0.000875649 0.000156109 2.13782e-05 2.21571e-06 1.65777e-07 8.41592e-09
 1.14103e-11 1.23903e-09 7.93235e-08 2.99408e-06 6.66301e-05 0.000874272 0.00676547 0.0309097 0.0837781 0.137561 0.148696 0.133703 0.12808 0.120648 0.097426 0.0638987 0.0318869 0.0116899 0.00321179 0.000678326 0.000108871 1.28281e-05 1.07717e-06 6.32008e-08 2.54342e-09
 1.19734e-11 1.30017e-09 8.3238e-08 3.14184e-06 6.99184e-05 0.000917422 0.00709946 0.0324361 0.0879065 0.144182 0.154825 0.136056 0.126005 0.115975 0.0921879 0.0594532 0.0291068 0.0104095 0.00274103 0.000539431 7.87207e-05 8.30333e-06 6.14475e-07 3.10345e-08 1.04563e-09
 1.18566e-11 1.28749e-09 8.24264e-08 3.11121e-06 6.92371e-05 0.000908503 0.00703103 0.0321338 0.0871916 0.143619 0.156217 0.14056 0.131615 0.119051 0.0909364 0.055244 0.0250009 0.0081139 0.00191665 0.000339319 4.49504e-05 4.31171e-06 2.88208e-07 1.30181e-08 3.88228e-10
 1.14325e-11 1.24143e-09 7.94777e-08 2.99991e-06 6.67607e-05 0.00087603 0.00678034 0.0309986 0.0842139 0.13929 0.153343 0.1411 0.134635 0.123011 0.0943098 0.0566892 0.0249414 0.00772958 0.00170359 0.000274033 3.23838e-05 2.75953e-06 1.64617e-07 6.67137e-09 1.78853e-10
 1.23436e-11 1.34037e-09 8.58116e-08 3.23899e-06 7.20812e-05 0.000945843 0.00732051 0.0334631 0.0908343 0.149627 0.16196 0.142532 0.129268 0.115392 0.0874416 0.0514055 0.0217784 0.00641165 0.00132482 0.000197089 2.1256e-05 1.63278e-06 8.69589e-08 3.13119e-09 7.45959e-11
 1.16473e-11 1.26476e-09 8.09712e-08 3.0563e-06 6.80165e-05 0.000892555 0.00690948 0.0316082 0.0860387 0.143126 0.159574 0.14843 0.139183 0.121472 0.0873802 0.0486815 0.0197382 0.00560364 0.0011154 0.000158119 1.59842e-05 1.13279e-06 5.49789e-08 1.78789e-09 3.82206e-11
 9.58366e-12 1.04067e-09 6.66251e-08 2.51482e-06 5.59677e-05 0.000734522 0.00568841 0.0260616 0.0713361 0.121011 0.143009 0.148468 0.153787 0.141572 0.103771 0.0565577 0.0214339 0.00544917 0.000938684 0.000113774 9.99216e-06 6.32391e-07 2.79313e-08 8.31204e-10 1.62222e-11
 8.88623e-12 9.64942e-10 6.17767e-08 2.33182e-06 5.18958e-05 0.000681112 0.00527554 0.0241807 0.0662737 0.11282 0.134471 0.14223 0.152914 0.148895 0.115151 0.0647243 0.0247993 0.00631513 0.00107831 0.000126155 1.02479e-05 5.76823e-07 2.2245e-08 5.79299e-10 1.0017e-11
 1.11516e-11 1.21094e-09 7.75256e-08 2.92626e-06 6.51243e-05 0.000854672 0.0066179 0.0302968 0.0826325 0.138065 0.154969 0.1452 0.139372 0.128195 0.0959673 0.0523994 0.0195564 0.00488064 0.00082255 9.528e-05 7.6189e-06 4.1534e-07 1.51434e-08 3.6306e-10 5.65011e-12
 1.03798e-11 1.12713e-09 7.21602e-08 2.72378e-06 6.06207e-05 0.000795692 0.00616454 0.0282743 0.0776074 0.132318 0.15652 0.158222 0.154202 0.131929 0.0891773 0.0446347 0.0156615 0.0037443 0.000611036 6.88692e-05 5.36363e-06 2.84347e-07 1.00432e-08 2.31676e-10 3.43456e-12
 1.00373e-11 1.08994e-09 6.97797e-08 2.63393e-06 5.8622e-05 0.00076949 0.00596224 0.027354 0.0751226 0.128166 0.15164 0.153962 0.153728 0.137383 0.0962744 0.0484948 0.0166217 0.00380469 0.000587819 6.24729e-05 4.59603e-06 2.31169e-07 7.77566e-09 1.71117e-10 2.41966e-12
 1.0006e-11 1.08654e-09 6.95621e-08 2.62575e-06 5.84416e-05 0.000767195 0.00594617 0.0273036 0.0751649 0.129022 0.15442 0.158156 0.156362 0.136139 0.0924174 0.045169 0.0151072 0.0033925 0.000514188 5.31536e-05 3.74904e-06 1.78352e-07 5.62799e-09 1.15876e-10 1.53386e-12
 1.07059e-11 1.16254e-09 7.44277e-08 2.80942e-06 6.25301e-05 0.000820878 0.00636221 0.0292088 0.0803193 0.137158 0.161282 0.159327 0.151926 0.129278 0.0860875 0.0411935 0.0134966 0.00297998 0.000445507 4.5376e-05 3.133e-06 1.44431e-07 4.36661e-09 8.52174e-11 1.05978e-12
 1.03496e-11 1.12385e-09 7.19515e-08 2.716e-06 6.04546e-05 0.000793778 0.00615562 0.0283076 0.0782188 0.135308 0.163482 0.166384 0.158239 0.129545 0.0818407 0.0371796 0.0116283 0.00246382 0.000354845 3.49053e-05 2.33003e-06 1.03774e-07 3.02301e-09 5.65959e-11 6.71455e-13
 1.11122e-11 1.20666e-09 7.72533e-08 2.91614e-06 6.49096e-05 0.000852264 0.00660858 0.0303758 0.0837553 0.143744 0.16978 0.166187 0.153214 0.123529 0.0764627 0.0333835 0.0098314 0.00192931 0.000254795 2.2965e-05 1.41515e-06 5.87948e-08 1.61152e-09 2.85325e-11 3.20799e-13
 1.07419e-11 1.16645e-09 7.46797e-08 2.81907e-06 6.27544e-05 0.000824171 0.0063953 0.0294551 0.0816695 0.142134 0.172508 0.173404 0.158592 0.122532 0.0720058 0.0300379 0.0085313 0.00162143 0.000206334 1.76676e-05 1.01648e-06 3.89165e-08 9.77675e-10 1.58828e-11 1.6458e-13
 1.06459e-11 1.15603e-09 7.40131e-08 2.79397e-06 6.21988e-05 0.000816986 0.0063417 0.0292316 0.0811906 0.141761 0.172869 0.174624 0.160314 0.12358 0.0713398 0.0286427 0.00768707 0.00136219 0.000160437 1.26999e-05 6.77286e-07 2.40858e-08 5.61341e-10 8.425e-12 8.02688e-14
 9.64206e-12 1.04704e-09 6.70361e-08 2.53073e-06 5.63478e-05 0.000740465 0.00575488 0.0266176 0.0746068 0.133212 0.169705 0.180475 0.169564 0.12938 0.0727594 0.0283343 0.00737261 0.00126461 0.000143244 1.07762e-05 5.38622e-07 1.77539e-08 3.81233e-10 5.26282e-12 4.61317e-14
 9.86794e-12 1.07157e-09 6.86072e-08 2.59009e-06 5.76712e-05 0.000757898 0.00589066 0.0272408 0.0762563 0.135495 0.170602 0.179004 0.167814 0.128676 0.0721885 0.0276847 0.00702372 0.00116802 0.000127793 9.24635e-06 4.41737e-07 1.38061e-08 2.7864e-10 3.58512e-12 2.90873e-14
 1.00846e-11 1.0951e-09 7.01153e-08 2.64715e-06 5.89494e-05 0.000774941 0.00602776 0.0279251 0.0784779 0.140414 0.177939 0.185087 0.167494 0.121753 0.0643392 0.0232112 0.00553606 0.000864204 8.86058e-05 6.00434e-06 2.68948e-07 7.89492e-09 1.49796e-10 1.81074e-12 1.37714e-14
 8.76785e-12 9.52133e-10 6.09646e-08 2.30197e-06 5.12797e-05 0.000674705 0.00525996 0.0245091 0.0698683 0.129098 0.173215 0.191811 0.179139 0.129749 0.0669804 0.0233851 0.00537016 0.000803471 7.84757e-05 5.02637e-06 2.11116e-07 5.7761e-09 1.01813e-10 1.14228e-12 8.06665e-15
#spawning biomass
 8438.14 8718.42 6449.32 6587.55 10017.8 17095.6 23377.8 26922.9 38366.7 54237 65430.9 90509.9 120425 138767 151451 147647 144753 162232 200720 192161 195432 211501 231373 241766 272723 270976 246892 240090 190709 110285 220342 243468 235182 211568 183860 158189 137015 120720 108737 100200 94254.4 90182 87427.3 85569.1 84307.9 83489.6 82958.8 82614.4 82390.9 82246 82151.9 82090.9 82051.4 82025.7 82009 81998.2 81991.2 81986.6 81983.7 81981.8 81980.5 81979.7 81979.2 81978.9 81978.6 81978.5 81978.4 81978.4 81978.3 81978.3 81978.3 81978.3 81978.3 81978.2 81978.2 81978.2 81978.2 81978.2 81978.2 81978.2 81978.2 81978.2 81978.2 81978.2 81978.2 81978.2 81978.2 81978.2 81978.2 81978.2 81978.2 81978.2 81978.2 81978.2 81978.2 81978.2 81978.2 81978.2 81978.2 81978.2 81978.2 81978.2 81978.2 81978.2 81978.2 81978.2 81978.2 81978.2 81978.2 81978.2 81978.2 81978.2 81978.2 81978.2 81978.2 81978.2 81978.2 81978.2 81978.2 81978.2 81978.2 81978.2 81978.2 81978.2 81978.2 81978.2 81978.2 81978.2 81978.2 0 0 0 0 0 0 0 0 0 0 0 0 0 0 0 0 0 0 0 0 0 0 0 0 0
