SBPRF35
0.22113
Curr Bio
389478
B35
353548
F35
0.613773
FOFL
0.613773
OFL
140871
Bzero
63180.1
#pred survey bio
 10575.7 11462.1 8574.78 8883.85 13346.9 20975.6 28297.9 40386.3 56072.2 67433.2 88351.2 121759 164682 186572 176706 167850 147092 154682 166564 151417 163989 193156 205722 215174 237834 240771 276858 267287 322068 9.2128e+06 1.1178e+07 6.94097e+06 3.9919e+06 2.31675e+06 1.44692e+06 1.00742e+06 782164 661946 594438 554679 530380 515156 505468 499210 495136 492553 490910 489862 489192 488763 488488 488312 488199 488126 488080 488050 488031 488019 488011 488006 488003 488001 487999 487998 487998 487997 487997 487997 487997 487997 487997 487997 487997 487997 487997 487997 487997 487997 487997 487997 487997 487997 487997 487997 487997 487997 487997 487997 487997 487997 487997 487997 487997 487997 487997 487997 487997 487997 487997 487997 487997 487997 487997 487997 487997 487997 487997 487997 487997 487997 487997 487997 487997 487997 487997 487997 487997 487997 487997 487997 487997 487997 487997 487997 487997 487997 487997 487997 487997 0 0 0 0 0 0 0 0 0 0 0 0 0 0 0 0 0 0 0 0 0 0 0 0 0
#obs survey bio
 7548.66 8694.88 9641.83 8994.73 15108.3 19334.4 25101.4 31965.9 56139.2 80555 76117.1 111760 166192 171135 159399 109897 105592 165667 117800 152608 158242 179959 160110 272932 257463 258624 230096 235351 397577
#pred catch bio
 2288.56 4641.97 3189.96 2935.63 4747.23 10212.4 13600.7 20337 33378.3 39973.1 54812 74725.4 107011 130677 119882 127950 109465 110480 131222 114441 119133 156531 176960 174527 196220 180415 237721 210977 229309 140871 194774 111565 57605.2 29502.5 16568.1 11063.4 8841.57 7977.64 7650.69 7529.42 7485.11 7469.1 7463.37 7461.32 7460.6 7460.35 7460.26 7460.23 7460.22 7460.22 7460.22 7460.21 7460.21 7460.21 7460.21 7460.21 7460.21 7460.21 7460.21 7460.21 7460.21 7460.21 7460.21 7460.21 7460.21 7460.21 7460.21 7460.21 7460.21 7460.21 7460.21 7460.21 7460.21 7460.21 7460.21 7460.21 7460.21 7460.21 7460.21 7460.21 7460.21 7460.21 7460.21 7460.21 7460.21 7460.21 7460.21 7460.21 7460.21 7460.21 7460.21 7460.21 7460.21 7460.21 7460.21 7460.21 7460.21 7460.21 7460.21 7460.21 7460.21 7460.21 7460.21 7460.21 7460.21 7460.21 7460.21 7460.21 7460.21 7460.21 7460.21 7460.21 7460.21 7460.21 7460.21 7460.21 7460.21 7460.21 7460.21 7460.21 7460.21 7460.21 7460.21 7460.21 7460.21 7460.21 7460.21 7460.21 7460.21 0 0 0 0 0 0 0 0 0 0 0 0 0 0 0 0 0 0 0 0 0 0 0 0 0
#obs catch bio
 3905.26 5185.48 3519.84 2884.67 4599.38 9987.34 12803.6 20087.3 31940.3 37557.4 54447.1 73853.9 104323 130668 120832 144875 117506 112963 134769 112969 112137 162299 195790 157446 178482 161769 233769 205384 227224
#pred cpue bio
 10104.7 11145.1 8169.31 8107.37 12016.4 18966.4 25422.3 36145.5 50540.9 60365.1 77971 107098 147249 168849 160904 152402 130891 137576 149785 134216 144663 170120 179035 187488 209229 211827 244148 232250 280224 8.25039e+06 1.11559e+07 6.91883e+06 3.96975e+06 2.29461e+06 1.42477e+06 985273 760016 639797 572290 532530 508232 493008 483319 477061 472987 470405 468762 467714 467043 466614 466340 466163 466051 465978 465932 465902 465883 465871 465863 465858 465854 465852 465851 465850 465850 465849 465849 465849 465849 465849 465849 465849 465849 465849 465849 465849 465849 465849 465849 465849 465849 465849 465849 465849 465849 465849 465849 465849 465849 465849 465849 465849 465849 465849 465849 465849 465849 465849 465849 465849 465849 465849 465849 465849 465849 465849 465849 465849 465849 465849 465849 465849 465849 465849 465849 465849 465849 465849 465849 465849 465849 465849 465849 465849 465849 465849 465849 465849 465849 0 0 0 0 0 0 0 0 0 0 0 0 0 0 0 0 0 0 0 0 0 0 0 0 0
#obs cpue bio
 10352.7 7671.56 7488.37 11117.8 11873.8 26115.8 36633.2 37282.8 74659.9 61947 77754 115542 172496 179404 149841 139576 134992 121222 214748 139926 191330 143617 149286 297241 260139 290214 299322 269476 265600
#pred surv len freq
 6.48431e-12 7.04119e-10 4.50784e-08 1.70149e-06 3.78647e-05 0.000496838 0.00384511 0.0175809 0.0478929 0.0809606 0.0997792 0.123401 0.156957 0.156308 0.116107 0.0756873 0.0480549 0.0289242 0.0168962 0.0100387 0.00627161 0.00427127 0.00312645 0.00216767 0.00119411
 4.6118e-12 5.00787e-10 3.20608e-08 1.21014e-06 2.69305e-05 0.000353374 0.00273515 0.0125137 0.034196 0.0586648 0.0761932 0.103037 0.140326 0.151233 0.131574 0.105526 0.076743 0.0482866 0.0273789 0.0145828 0.00760193 0.00415769 0.00250397 0.00154753 0.000817836
 7.53064e-12 8.17738e-10 5.23524e-08 1.97604e-06 4.39743e-05 0.000576981 0.00446446 0.0203919 0.0552649 0.0911416 0.102121 0.104629 0.118359 0.120133 0.102986 0.0855102 0.069959 0.0526014 0.0346801 0.0195227 0.00960001 0.00440867 0.00207449 0.00103977 0.000490543
 1.11495e-11 1.21071e-09 7.75106e-08 2.92564e-06 6.51061e-05 0.000854233 0.00660907 0.0301725 0.0815637 0.132838 0.141091 0.12577 0.122659 0.111139 0.0800043 0.0527515 0.037663 0.0285237 0.0210494 0.0138588 0.00766054 0.00352503 0.00142686 0.000558402 0.000214229
 1.13673e-11 1.23435e-09 7.90244e-08 2.98278e-06 6.63778e-05 0.000870922 0.00673838 0.0307672 0.083231 0.136034 0.14671 0.136212 0.137862 0.124163 0.0836935 0.0471328 0.0266138 0.0157675 0.0100034 0.00662929 0.00409156 0.00212065 0.00088743 0.000309026 9.52825e-05
 1.07966e-11 1.17238e-09 7.50569e-08 2.83302e-06 6.30452e-05 0.000827202 0.00640029 0.0292277 0.0791236 0.129782 0.142111 0.137222 0.144325 0.132283 0.0903208 0.0513056 0.0279135 0.0143919 0.00713825 0.00369841 0.00204082 0.00109305 0.000498435 0.000179655 5.09419e-05
 1.10909e-11 1.20434e-09 7.7103e-08 2.91026e-06 6.47639e-05 0.000849752 0.00657474 0.0300236 0.0812688 0.133224 0.145521 0.139604 0.145684 0.132234 0.088284 0.0481214 0.0252432 0.0127494 0.00597668 0.00262884 0.0011277 0.000497033 0.000215487 8.04257e-05 2.32897e-05
 1.12959e-11 1.2266e-09 7.85282e-08 2.96405e-06 6.5961e-05 0.000865457 0.00669621 0.0305772 0.0827526 0.135538 0.1475 0.140173 0.144976 0.131117 0.087318 0.0472684 0.024346 0.0118935 0.00534866 0.00223648 0.000861209 0.000308786 0.000107347 3.56612e-05 1.0137e-05
 1.07365e-11 1.16586e-09 7.46392e-08 2.81726e-06 6.26945e-05 0.000822602 0.00636482 0.0290682 0.0787269 0.129413 0.142998 0.141126 0.150943 0.137653 0.0908609 0.0480494 0.0241081 0.0115603 0.00509038 0.00205674 0.000751543 0.000245636 7.21442e-05 1.94025e-05 4.73029e-06
 1.11247e-11 1.20801e-09 7.73381e-08 2.91913e-06 6.49614e-05 0.000852344 0.00659486 0.030117 0.0815425 0.13384 0.146962 0.142787 0.15041 0.135771 0.0880508 0.044872 0.0214867 0.00991595 0.00422977 0.00166222 0.000589386 0.000183928 4.97233e-05 1.15754e-05 2.33078e-06
 1.20134e-11 1.30451e-09 8.35162e-08 3.15232e-06 7.01507e-05 0.000920426 0.00712139 0.0325158 0.0879586 0.143739 0.154912 0.14348 0.144376 0.127986 0.0822526 0.0413148 0.0193038 0.00860165 0.00350449 0.00131413 0.000447806 0.000134782 3.48555e-05 7.54416e-06 1.34377e-06
 1.21001e-11 1.31393e-09 8.41187e-08 3.17506e-06 7.06568e-05 0.000927067 0.0071728 0.0327511 0.0886033 0.144857 0.156414 0.145553 0.146872 0.129386 0.0811132 0.038422 0.0166302 0.00702416 0.00276034 0.000995211 0.000323362 9.25963e-05 2.28632e-05 4.71732e-06 7.86968e-07
 1.10254e-11 1.19723e-09 7.66478e-08 2.89307e-06 6.43816e-05 0.00084474 0.00653612 0.029851 0.0808534 0.132959 0.147141 0.145666 0.155708 0.140156 0.0885243 0.0421485 0.0181365 0.00739173 0.00272078 0.000915556 0.000281757 7.68678e-05 1.80324e-05 3.53074e-06 5.58717e-07
 1.02095e-11 1.10863e-09 7.09757e-08 2.67898e-06 5.96173e-05 0.000782234 0.00605272 0.0276487 0.074963 0.123872 0.139851 0.14506 0.161332 0.147497 0.0941731 0.0457135 0.0201743 0.0083563 0.0030718 0.00100456 0.0002918 7.42528e-05 1.63416e-05 3.02335e-06 4.52986e-07
 9.74425e-12 1.05811e-09 6.77412e-08 2.55689e-06 5.69005e-05 0.000746591 0.00577709 0.0263934 0.0716111 0.118748 0.135964 0.145455 0.165661 0.152401 0.097016 0.0466403 0.0203994 0.00848934 0.00317802 0.00105801 0.000307466 7.60925e-05 1.58475e-05 2.73899e-06 3.84111e-07
 1.00315e-11 1.0893e-09 6.9738e-08 2.63226e-06 5.85777e-05 0.000768594 0.00594721 0.0271674 0.0736666 0.1218 0.137835 0.143753 0.160754 0.147845 0.0957642 0.0480051 0.0220664 0.0094061 0.00352922 0.00117754 0.000346244 8.67591e-05 1.8007e-05 3.02097e-06 4.016e-07
 1.12765e-11 1.22449e-09 7.8393e-08 2.95895e-06 6.58475e-05 0.000863972 0.0066849 0.0305295 0.0826781 0.135854 0.149857 0.147151 0.155939 0.139134 0.0860906 0.0391148 0.0159409 0.00645071 0.00246212 0.00084738 0.000253149 6.39035e-05 1.33795e-05 2.25729e-06 2.97281e-07
 1.12481e-11 1.22141e-09 7.81958e-08 2.9515e-06 6.56819e-05 0.0008618 0.00666811 0.0304536 0.082482 0.135609 0.149938 0.14806 0.157603 0.140554 0.086343 0.0383337 0.0148208 0.00549795 0.00188097 0.000595651 0.000174344 4.4751e-05 9.54482e-06 1.62892e-06 2.16043e-07
 1.05405e-11 1.14458e-09 7.32769e-08 2.76584e-06 6.15502e-05 0.000807594 0.0062489 0.0285436 0.0773721 0.127715 0.143551 0.147358 0.162227 0.146811 0.0914553 0.0417994 0.0168035 0.00632219 0.00209655 0.000614612 0.000162411 3.83127e-05 7.88101e-06 1.34776e-06 1.81239e-07
 1.14415e-11 1.24241e-09 7.95403e-08 3.00225e-06 6.68112e-05 0.000876616 0.0067827 0.0309758 0.083881 0.137785 0.151772 0.148495 0.156715 0.139112 0.0848939 0.0371116 0.0140211 0.00511457 0.00171528 0.000511109 0.000132532 2.9255e-05 5.48684e-06 8.67626e-07 1.1211e-07
 1.17422e-11 1.27507e-09 8.1631e-08 3.08117e-06 6.85673e-05 0.000899655 0.00696088 0.0317873 0.086049 0.141108 0.154336 0.148383 0.154144 0.136122 0.0830634 0.0363676 0.0136841 0.00487304 0.00156046 0.000445132 0.000113736 2.51075e-05 4.60983e-06 6.87071e-07 8.19608e-08
 1.18646e-11 1.28835e-09 8.24813e-08 3.11326e-06 6.92815e-05 0.000909025 0.00703332 0.0321171 0.0869266 0.142427 0.155222 0.147905 0.152432 0.134436 0.0824394 0.036622 0.0141029 0.00511081 0.00164142 0.000460757 0.000113591 2.40956e-05 4.31271e-06 6.32827e-07 7.33674e-08
 1.24763e-11 1.35478e-09 8.6734e-08 3.27378e-06 7.28535e-05 0.000955889 0.00739579 0.0337692 0.0913558 0.149343 0.161181 0.149716 0.150277 0.130278 0.0775812 0.0320098 0.0109088 0.0036026 0.00112967 0.000320051 7.94247e-05 1.66583e-05 2.89594e-06 4.10263e-07 4.61973e-08
 1.23265e-11 1.33851e-09 8.56928e-08 3.23448e-06 7.1979e-05 0.000944416 0.0073071 0.0333659 0.0902887 0.14779 0.160389 0.151109 0.153619 0.133223 0.0781384 0.0306897 0.00939044 0.00269328 0.000737331 0.000185691 4.30529e-05 8.87224e-06 1.54071e-06 2.16082e-07 2.37521e-08
 1.1798e-11 1.28112e-09 8.20187e-08 3.0958e-06 6.8893e-05 0.000903929 0.00699397 0.0319392 0.08647 0.141878 0.15554 0.15037 0.156752 0.13771 0.0821037 0.0336216 0.0111171 0.00337835 0.000898942 0.000202469 4.04631e-05 7.29434e-06 1.15897e-06 1.56092e-07 1.69133e-08
 1.1799e-11 1.28123e-09 8.20258e-08 3.09607e-06 6.88989e-05 0.000904007 0.00699457 0.0319419 0.0864769 0.141886 0.155534 0.150328 0.156671 0.13762 0.0820419 0.0336158 0.0111807 0.00347595 0.000970894 0.000231722 4.69449e-05 7.90026e-06 1.10197e-06 1.29428e-07 1.26806e-08
 1.17445e-11 1.27531e-09 8.16465e-08 3.08175e-06 6.85803e-05 0.000899826 0.0069622 0.0317935 0.0860668 0.141147 0.154423 0.148571 0.154435 0.136389 0.0831695 0.0362826 0.0134504 0.00458793 0.0013392 0.000328265 6.90148e-05 1.21452e-05 1.72677e-06 1.94305e-07 1.71624e-08
 1.25125e-11 1.35871e-09 8.69856e-08 3.28328e-06 7.30649e-05 0.000958663 0.00741727 0.0338675 0.0916256 0.149814 0.161829 0.150636 0.151395 0.130882 0.0770097 0.0306526 0.00971021 0.00295788 0.000872115 0.000231626 5.2473e-05 9.68473e-06 1.43043e-06 1.66824e-07 1.49706e-08
 1.24797e-11 1.35514e-09 8.67576e-08 3.27467e-06 7.28734e-05 0.000956149 0.0073978 0.0337783 0.0913802 0.14938 0.161209 0.149716 0.150275 0.130355 0.0777812 0.0321966 0.0108871 0.00339877 0.000932851 0.000220725 4.71996e-05 8.97149e-06 1.41565e-06 1.7513e-07 1.6425e-08
#obs surv len freq
 8.46176e-12 9.18847e-10 5.88253e-08 2.22037e-06 4.94113e-05 0.000648306 0.00501584 0.0228986 0.0618965 0.100785 0.107066 0.0964605 0.0999876 0.1072 0.105222 0.0958721 0.0780951 0.0553676 0.0342376 0.0181163 0.00781028 0.00256475 0.000599545 9.44698e-05 9.64936e-06
 1.16612e-12 1.26627e-10 8.10679e-09 3.05997e-07 6.8102e-06 8.93966e-05 0.000693305 0.00320319 0.00917379 0.0190411 0.0392102 0.0830377 0.137754 0.165253 0.159776 0.137372 0.104069 0.0690673 0.0406031 0.0203917 0.00818871 0.00246336 0.000523864 7.50445e-05 6.97959e-06
 1.5398e-11 1.67204e-09 1.07046e-07 4.04044e-06 8.99139e-05 0.00117968 0.00912526 0.0416186 0.11194 0.177755 0.167732 0.0983407 0.0492432 0.0493989 0.0720592 0.080458 0.0643362 0.0402959 0.0215806 0.00992427 0.00367653 0.00101702 0.000197414 2.56841e-05 2.16641e-06
 1.38043e-11 1.49899e-09 9.59665e-08 3.62226e-06 8.06087e-05 0.00105764 0.00818288 0.0373573 0.10096 0.164032 0.17152 0.143638 0.125267 0.100045 0.0599005 0.0320893 0.0223763 0.0168304 0.0100857 0.00455216 0.00155244 0.000389946 6.87504e-05 8.12513e-06 6.21952e-07
 1.15996e-11 1.25958e-09 8.06392e-08 3.04374e-06 6.77345e-05 0.000888731 0.00687637 0.0313994 0.0849369 0.138551 0.147217 0.129541 0.124736 0.119536 0.0974568 0.0649265 0.033265 0.0131965 0.00483665 0.00181505 0.000586106 0.000138231 2.23172e-05 2.39025e-06 1.65578e-07
 1.25196e-11 1.35949e-09 8.70354e-08 3.28516e-06 7.31071e-05 0.000959218 0.00742152 0.033883 0.0915737 0.148699 0.154765 0.127921 0.114232 0.107551 0.0908827 0.0648308 0.0361479 0.014925 0.00464141 0.00117267 0.000260553 4.95332e-05 7.11464e-06 6.95786e-07 4.3955e-08
 1.19144e-11 1.29376e-09 8.28278e-08 3.12635e-06 6.95731e-05 0.000912867 0.00706347 0.0322597 0.0873208 0.142713 0.152163 0.133385 0.125006 0.115301 0.0912318 0.0608743 0.0327303 0.0135 0.00423935 0.00101452 0.000184258 2.55652e-05 2.71618e-06 2.13298e-07 1.16072e-08
 1.18733e-11 1.2893e-09 8.25421e-08 3.11556e-06 6.93333e-05 0.000909726 0.00703931 0.0321516 0.0870436 0.142298 0.151593 0.132133 0.123357 0.115744 0.0943535 0.0633129 0.0327539 0.012591 0.00366403 0.000823484 0.000140159 1.73677e-05 1.52185e-06 9.29424e-08 3.91295e-09
 1.16328e-11 1.26318e-09 8.087e-08 3.05245e-06 6.79291e-05 0.000891315 0.00689728 0.0315106 0.08539 0.140089 0.150926 0.134467 0.127107 0.118198 0.0945496 0.0621652 0.0316101 0.0119311 0.00335876 0.000712515 0.000112414 1.28061e-05 1.01968e-06 5.5119e-08 1.97764e-09
 1.19416e-11 1.29672e-09 8.30172e-08 3.1335e-06 6.97329e-05 0.000914991 0.00708071 0.0323517 0.0876918 0.143929 0.15495 0.13704 0.127758 0.117632 0.0926686 0.0584037 0.027445 0.00926474 0.00229522 0.000432523 6.18748e-05 6.46302e-06 4.71682e-07 2.32455e-08 7.54469e-10
 1.25101e-11 1.35845e-09 8.69693e-08 3.28268e-06 7.30528e-05 0.00095856 0.00741805 0.0338953 0.0918879 0.150791 0.161815 0.140948 0.127614 0.113933 0.0866534 0.0520999 0.0229773 0.00709773 0.00155194 0.000249926 3.03139e-05 2.72762e-06 1.75444e-07 7.75532e-09 2.27868e-10
 1.11771e-11 1.2137e-09 7.77025e-08 2.93291e-06 6.52698e-05 0.000856479 0.00662939 0.0303157 0.082439 0.136881 0.152648 0.144156 0.139736 0.125975 0.0936884 0.0545744 0.0233304 0.00698863 0.00146739 0.000220828 2.40697e-05 1.88152e-06 1.03466e-07 3.9178e-09 9.98453e-11
 1.03651e-11 1.12553e-09 7.20578e-08 2.71985e-06 6.0529e-05 0.000794296 0.00614885 0.028131 0.0766215 0.127914 0.144922 0.141253 0.142317 0.133928 0.103468 0.0607101 0.0251202 0.00704959 0.00135513 0.000184673 1.82296e-05 1.29067e-06 6.37211e-08 2.13348e-09 4.74174e-11
 9.49831e-12 1.03141e-09 6.60317e-08 2.49241e-06 5.54682e-05 0.000727929 0.00563636 0.0258077 0.0705045 0.118918 0.138765 0.1424 0.149129 0.142096 0.109353 0.0630078 0.0253228 0.00684575 0.00125341 0.000159773 1.44478e-05 9.22997e-07 4.08647e-08 1.22607e-09 2.44101e-11
 7.97752e-12 8.66267e-10 5.54594e-08 2.09337e-06 4.6589e-05 0.000611472 0.00473656 0.0217203 0.0596608 0.102513 0.125999 0.141027 0.158239 0.156354 0.122247 0.0702173 0.0277742 0.00735609 0.001317 0.000163152 1.41451e-05 8.50742e-07 3.48233e-08 9.51916e-10 1.70997e-11
 1.03466e-11 1.12352e-09 7.19293e-08 2.71502e-06 6.04225e-05 0.000792945 0.00613944 0.0281004 0.0766063 0.127944 0.144084 0.137794 0.138764 0.135864 0.108417 0.0628099 0.0247675 0.00652969 0.00116669 0.000143987 1.23196e-05 7.20969e-07 2.82952e-08 7.31389e-10 1.22666e-11
 9.8862e-12 1.07353e-09 6.87286e-08 2.59424e-06 5.77369e-05 0.000757813 0.00587052 0.0269199 0.0738675 0.126013 0.14998 0.154603 0.154978 0.136472 0.0956032 0.0502547 0.0187854 0.00485158 0.000865455 0.000107238 9.16709e-06 5.30723e-07 2.0382e-08 5.10083e-10 8.19896e-12
 9.5104e-12 1.03272e-09 6.61161e-08 2.49564e-06 5.55432e-05 0.000729047 0.00564827 0.0259073 0.0711234 0.121392 0.144453 0.149568 0.154016 0.142441 0.103922 0.0549547 0.0199578 0.00490008 0.000824877 9.69615e-05 7.95771e-06 4.4694e-07 1.6724e-08 4.07246e-10 6.33927e-12
 9.95457e-12 1.08095e-09 6.92042e-08 2.61221e-06 5.81387e-05 0.00076315 0.00591324 0.0271313 0.0745307 0.127261 0.150874 0.153565 0.153394 0.137172 0.0968505 0.0497622 0.0176717 0.00426119 0.000702358 7.98811e-05 6.25063e-06 3.31564e-07 1.16973e-08 2.69426e-10 3.98445e-12
 1.05453e-11 1.1451e-09 7.3311e-08 2.76725e-06 6.15902e-05 0.000808494 0.00626534 0.0287546 0.0790222 0.134884 0.158988 0.158518 0.152894 0.131133 0.0881027 0.0426821 0.0141717 0.00317282 0.000484233 5.11968e-05 3.75315e-06 1.87523e-07 6.23265e-09 1.34816e-10 1.86592e-12
 9.96234e-12 1.0818e-09 6.92589e-08 2.61434e-06 5.81901e-05 0.000763991 0.00592359 0.0272303 0.0751978 0.130099 0.158022 0.163681 0.159873 0.134542 0.0874191 0.0408305 0.0130793 0.00282142 0.000411903 4.11244e-05 2.80963e-06 1.29817e-07 3.98477e-09 7.97908e-11 1.02534e-12
 1.02977e-11 1.11822e-09 7.15906e-08 2.70237e-06 6.01506e-05 0.000789759 0.00612379 0.0281513 0.0777031 0.134021 0.161043 0.163629 0.157775 0.132301 0.0850702 0.0386687 0.0118693 0.00242618 0.000333145 3.11461e-05 1.98729e-06 8.55051e-08 2.43415e-09 4.50073e-11 5.32299e-13
 1.08274e-11 1.17574e-09 7.52737e-08 2.84143e-06 6.32479e-05 0.0008305 0.00644113 0.0296254 0.0818511 0.141294 0.169134 0.168501 0.156216 0.124788 0.0763189 0.033066 0.00970136 0.00189599 0.000247895 2.18925e-05 1.30771e-06 5.23099e-08 1.37885e-09 2.35577e-11 2.57105e-13
 1.14156e-11 1.23962e-09 7.93635e-08 2.99585e-06 6.66869e-05 0.000875715 0.00679275 0.0312498 0.0863437 0.148785 0.176445 0.17141 0.153098 0.117567 0.0690082 0.0286262 0.0080283 0.00149735 0.000186294 1.55867e-05 8.77329e-07 3.2884e-08 8.07873e-10 1.28037e-11 1.29141e-13
 9.09465e-12 9.87589e-10 6.32298e-08 2.38702e-06 5.31471e-05 0.000698401 0.00542852 0.0251244 0.0706176 0.127282 0.165881 0.181943 0.174177 0.133593 0.0756357 0.0299555 0.00800572 0.00142128 0.000167851 1.32727e-05 7.02792e-07 2.4681e-08 5.66267e-10 8.35783e-12 7.82993e-14
 9.84868e-12 1.06947e-09 6.84718e-08 2.58486e-06 5.7548e-05 0.000756046 0.00587163 0.0270993 0.0755063 0.13287 0.165041 0.172766 0.16622 0.133418 0.0787066 0.0316591 0.00839222 0.00145472 0.000165955 1.25601e-05 6.30979e-07 2.08634e-08 4.48044e-10 6.16383e-12 5.36679e-14
 9.29495e-12 1.00935e-09 6.46247e-08 2.43983e-06 5.43318e-05 0.000714246 0.00555659 0.0257644 0.0726466 0.131363 0.17071 0.184339 0.1726 0.129382 0.0712363 0.0272625 0.00702215 0.00120042 0.000135781 1.01439e-05 4.97374e-07 1.58368e-08 3.23583e-10 4.19604e-12 3.42044e-14
 9.23918e-12 1.0033e-09 6.42381e-08 2.42531e-06 5.40123e-05 0.000710155 0.00552641 0.0256368 0.0723237 0.130775 0.169901 0.184269 0.174521 0.13156 0.0712531 0.0260894 0.00627931 0.000988337 0.000102544 7.0755e-06 3.24531e-07 9.78071e-09 1.90364e-10 2.35282e-12 1.82186e-14
 9.53077e-12 1.03497e-09 6.62676e-08 2.50207e-06 5.5729e-05 0.00073295 0.0057077 0.0265158 0.0750005 0.136058 0.176554 0.188415 0.172572 0.124784 0.0647476 0.0227355 0.00524686 0.000788553 7.73827e-05 4.9849e-06 2.10985e-07 5.8327e-09 1.04196e-10 1.18794e-12 8.53976e-15
#pred catch len freq
 4.61717e-12 5.01369e-10 3.20981e-08 1.21155e-06 2.6962e-05 0.000353798 0.00273887 0.0125406 0.0344061 0.0601101 0.0828236 0.12124 0.168524 0.171777 0.12819 0.0836259 0.0530995 0.0319606 0.0186699 0.0110925 0.00693 0.00471967 0.00345466 0.00239523 0.00131947
 3.53128e-12 3.83454e-10 2.45491e-08 9.26612e-07 2.0621e-05 0.000270595 0.00209494 0.00959617 0.0263817 0.0465224 0.0660191 0.100787 0.145468 0.159053 0.13875 0.111322 0.0809611 0.0509407 0.0288838 0.0153843 0.00801978 0.00438622 0.00264161 0.00163259 0.000862789
 5.88564e-12 6.3911e-10 4.09164e-08 1.54439e-06 3.43687e-05 0.000450958 0.00348977 0.01595 0.0433645 0.072624 0.0864787 0.100762 0.125394 0.131058 0.113007 0.0939068 0.0768338 0.0577707 0.0380881 0.0214413 0.0105434 0.00484191 0.00227836 0.00114195 0.000538749
 9.02357e-12 9.79852e-10 6.27311e-08 2.36779e-06 5.26921e-05 0.000691365 0.00534947 0.0244332 0.066203 0.109062 0.121614 0.12282 0.134955 0.127696 0.0928039 0.0612881 0.0437654 0.0331455 0.0244602 0.0161044 0.00890182 0.00409621 0.00165806 0.000648883 0.000248941
 9.34171e-12 1.0144e-09 6.49427e-08 2.45127e-06 5.45499e-05 0.000715746 0.0055383 0.0253 0.0686104 0.113499 0.128721 0.134993 0.152162 0.142248 0.0966736 0.0545215 0.0307914 0.0182429 0.0115738 0.00767001 0.0047339 0.00245357 0.00102675 0.00035754 0.000110241
 9.36795e-12 1.01725e-09 6.51251e-08 2.45815e-06 5.47031e-05 0.000717757 0.00555389 0.0253718 0.0688131 0.113899 0.129474 0.136506 0.154669 0.145359 0.0997906 0.0567386 0.030873 0.0159179 0.00789515 0.00409056 0.00225721 0.00120895 0.000551286 0.000198705 5.63434e-05
 9.62857e-12 1.04555e-09 6.69369e-08 2.52654e-06 5.62249e-05 0.000737724 0.00570837 0.0260769 0.0707173 0.116985 0.132676 0.139119 0.156659 0.145913 0.0979677 0.0534535 0.0280439 0.0141641 0.00663985 0.00292054 0.00125283 0.000552183 0.000239397 8.93498e-05 2.58739e-05
 9.94307e-12 1.0797e-09 6.91233e-08 2.60906e-06 5.80614e-05 0.000761818 0.00589471 0.0269261 0.0729917 0.120519 0.135635 0.139777 0.155216 0.143855 0.0963175 0.0521901 0.0268844 0.0131337 0.00590637 0.00246968 0.00095101 0.000340984 0.000118541 3.93796e-05 1.1194e-05
 9.87557e-12 1.07237e-09 6.86541e-08 2.59135e-06 5.76673e-05 0.000756648 0.00585476 0.0267447 0.0725159 0.11986 0.135473 0.140945 0.15757 0.145839 0.0965767 0.0511018 0.0256415 0.0122957 0.00541421 0.00218758 0.000799352 0.000261262 7.67337e-05 2.06368e-05 5.03121e-06
 1.0249e-11 1.11292e-09 7.12499e-08 2.68933e-06 5.98477e-05 0.000785254 0.00607603 0.0277536 0.0752255 0.124131 0.139345 0.142708 0.157315 0.144219 0.0938494 0.047857 0.022918 0.0105766 0.00451157 0.00177296 0.000628652 0.000196182 5.3036e-05 1.23466e-05 2.48606e-06
 1.13023e-11 1.22729e-09 7.85724e-08 2.96572e-06 6.59982e-05 0.000865946 0.00670007 0.0305966 0.0828293 0.135858 0.14874 0.143452 0.150039 0.134892 0.0869663 0.043708 0.0204236 0.00910073 0.00370783 0.00139038 0.000473788 0.000142603 3.68779e-05 7.98188e-06 1.42174e-06
 1.1352e-11 1.23269e-09 7.89182e-08 2.97877e-06 6.62887e-05 0.000869759 0.00672961 0.0307324 0.0832088 0.136577 0.149967 0.14565 0.153025 0.136789 0.086037 0.0407796 0.0176523 0.00745593 0.00293002 0.00105639 0.000343239 9.82881e-05 2.42686e-05 5.00729e-06 8.35342e-07
 1.04898e-11 1.13907e-09 7.29242e-08 2.75253e-06 6.1254e-05 0.000803707 0.0062188 0.0284056 0.0769909 0.127029 0.142524 0.145734 0.160114 0.145461 0.0920634 0.0438503 0.0188699 0.00769066 0.00283081 0.000952583 0.000293151 7.99764e-05 1.87617e-05 3.67353e-06 5.81312e-07
 1.00001e-11 1.08589e-09 6.95199e-08 2.62403e-06 5.83946e-05 0.000766192 0.00592866 0.0270836 0.0734529 0.121554 0.138042 0.145076 0.163038 0.14956 0.0955606 0.0463933 0.0204747 0.00848076 0.00311755 0.00101953 0.000296146 7.53586e-05 1.6585e-05 3.06838e-06 4.59732e-07
 9.39215e-12 1.01988e-09 6.52934e-08 2.4645e-06 5.48445e-05 0.000719618 0.00556849 0.0254432 0.069072 0.11485 0.132926 0.145491 0.168542 0.155878 0.0993431 0.0477692 0.0208938 0.00869511 0.00325506 0.00108366 0.000314919 7.7937e-05 1.62316e-05 2.80538e-06 3.93422e-07
 1.02634e-11 1.11448e-09 7.135e-08 2.69311e-06 5.99317e-05 0.000786358 0.00608459 0.0277932 0.0753391 0.12437 0.139845 0.143756 0.158898 0.145583 0.0942211 0.0472244 0.0217071 0.00925292 0.00347175 0.00115836 0.000340605 8.53461e-05 1.77137e-05 2.97177e-06 3.9506e-07
 1.13724e-11 1.23491e-09 7.90598e-08 2.98412e-06 6.64076e-05 0.000871321 0.00674172 0.0307884 0.0833697 0.136915 0.150679 0.147128 0.155134 0.138173 0.0854625 0.0388265 0.0158232 0.00640309 0.00244394 0.000841125 0.00025128 6.34318e-05 1.32808e-05 2.24063e-06 2.95086e-07
 1.11339e-11 1.209e-09 7.74015e-08 2.92152e-06 6.50147e-05 0.000853047 0.00660043 0.0301453 0.0816583 0.134346 0.148961 0.148096 0.158576 0.141708 0.0870916 0.0386695 0.0149508 0.00554619 0.00189747 0.000600877 0.000175874 4.51436e-05 9.62857e-06 1.64321e-06 2.17938e-07
 1.09663e-11 1.19081e-09 7.62365e-08 2.87755e-06 6.40362e-05 0.000840209 0.00650112 0.0296925 0.0804417 0.132424 0.147202 0.147253 0.158647 0.142536 0.0886508 0.0405053 0.0162826 0.00612614 0.00203154 0.000595554 0.000157375 3.71246e-05 7.63662e-06 1.30597e-06 1.75619e-07
 1.16205e-11 1.26185e-09 8.07847e-08 3.04922e-06 6.78564e-05 0.000890329 0.00688875 0.0314588 0.0851714 0.139763 0.1533 0.148432 0.155181 0.137296 0.0837235 0.0365947 0.0138255 0.0050432 0.00169135 0.000503977 0.000130683 2.88468e-05 5.41028e-06 8.5552e-07 1.10545e-07
 1.17128e-11 1.27187e-09 8.14265e-08 3.07345e-06 6.83956e-05 0.000897402 0.00694345 0.031708 0.085837 0.140783 0.154085 0.148394 0.154396 0.13642 0.0832561 0.0364528 0.0137162 0.00488448 0.00156412 0.000446178 0.000114003 2.51665e-05 4.62065e-06 6.88684e-07 8.21532e-08
 1.24492e-11 1.35183e-09 8.65456e-08 3.26667e-06 7.26953e-05 0.000953812 0.00737968 0.0336947 0.0911415 0.14889 0.160221 0.14772 0.147452 0.128523 0.078602 0.0348993 0.0134384 0.00486996 0.00156406 0.000439042 0.000108238 2.29601e-05 4.10947e-06 6.03003e-07 6.99098e-08
 1.34262e-11 1.45792e-09 9.33374e-08 3.52302e-06 7.84001e-05 0.00102866 0.00795853 0.0363323 0.0982023 0.159832 0.169244 0.149254 0.141941 0.120506 0.0714142 0.0294372 0.0100304 0.00331245 0.00103869 0.000294274 7.30278e-05 1.53166e-05 2.6627e-06 3.7722e-07 4.24765e-08
 1.29023e-11 1.40103e-09 8.96954e-08 3.38555e-06 7.5341e-05 0.000988523 0.00764819 0.0349195 0.094438 0.154143 0.165253 0.150765 0.148468 0.127233 0.0744204 0.0292135 0.00893789 0.00256345 0.000701786 0.000176739 4.09775e-05 8.44453e-06 1.46644e-06 2.05665e-07 2.26071e-08
 1.24952e-11 1.35683e-09 8.68655e-08 3.27874e-06 7.2964e-05 0.000957339 0.00740701 0.0338204 0.091495 0.149575 0.161451 0.150013 0.150604 0.130512 0.0775706 0.0317459 0.0104958 0.0031895 0.000848691 0.000191151 3.82012e-05 6.88658e-06 1.09418e-06 1.47367e-07 1.59678e-08
 1.19296e-11 1.29542e-09 8.29337e-08 3.13034e-06 6.96615e-05 0.000914012 0.00707195 0.0322943 0.0874183 0.143328 0.156641 0.150261 0.15552 0.136272 0.0811933 0.0332645 0.0110636 0.00343954 0.000960726 0.000229295 4.64532e-05 7.81752e-06 1.09043e-06 1.28073e-07 1.25478e-08
 1.27171e-11 1.38093e-09 8.84084e-08 3.33698e-06 7.426e-05 0.00097434 0.00753844 0.0344181 0.0930787 0.151896 0.162722 0.148214 0.146075 0.126493 0.0767895 0.0334703 0.0124061 0.00423166 0.0012352 0.000302774 6.36554e-05 1.12021e-05 1.59268e-06 1.79216e-07 1.58296e-08
 1.29241e-11 1.4034e-09 8.98469e-08 3.39127e-06 7.54682e-05 0.000990193 0.00766109 0.034978 0.0945918 0.154357 0.165311 0.150403 0.147732 0.126614 0.0743494 0.029582 0.00937039 0.00285434 0.000841586 0.000223518 5.06361e-05 9.34571e-06 1.38036e-06 1.60984e-07 1.44466e-08
 1.23539e-11 1.34149e-09 8.58832e-08 3.24167e-06 7.2139e-05 0.000946514 0.00732329 0.033439 0.0904737 0.147991 0.160142 0.149777 0.151379 0.13165 0.0786001 0.0325393 0.0110032 0.00343503 0.000942802 0.00022308 4.77031e-05 9.06719e-06 1.43075e-06 1.76998e-07 1.66002e-08
#obs catch len freq
 6.00846e-12 6.52448e-10 4.17702e-08 1.57662e-06 3.50858e-05 0.000460355 0.00356206 0.0162702 0.0440962 0.0727473 0.0817549 0.0853459 0.102746 0.119194 0.123138 0.114667 0.0926101 0.0650878 0.0409825 0.02261 0.010213 0.00348926 0.000840439 0.000135312 1.40345e-05
 5.84198e-12 6.34371e-10 4.0613e-08 1.53294e-06 3.41138e-05 0.000447609 0.00346368 0.0158262 0.04296 0.0713668 0.0822564 0.0900554 0.110478 0.124871 0.123468 0.111868 0.0901865 0.0631316 0.0383629 0.0197807 0.00821556 0.002568 0.000565656 8.3361e-05 7.92249e-06
 5.44299e-13 5.91045e-11 3.78396e-09 1.42833e-07 3.17935e-06 4.17664e-05 0.000325111 0.0015288 0.00472678 0.0123591 0.0343826 0.0835967 0.142585 0.171196 0.164898 0.1406 0.105332 0.0690223 0.039827 0.0194375 0.00750097 0.00214496 0.000429564 5.75341e-05 4.97753e-06
 7.99221e-12 8.6786e-10 5.55611e-08 2.09716e-06 4.66691e-05 0.000612309 0.00473662 0.0216069 0.0581694 0.0928089 0.089845 0.0609764 0.0532531 0.0865029 0.134166 0.147612 0.115978 0.0715037 0.0375561 0.0167727 0.00596274 0.00156568 0.000285958 3.47724e-05 2.72795e-06
 1.04589e-11 1.13572e-09 7.27095e-08 2.74443e-06 6.10743e-05 0.000801369 0.00620138 0.028338 0.0769235 0.127494 0.144094 0.145541 0.151408 0.128344 0.0776179 0.0420261 0.0293236 0.0215545 0.0125247 0.00545747 0.0017828 0.000424789 7.04311e-05 7.77697e-06 5.53607e-07
 1.09389e-11 1.18784e-09 7.60464e-08 2.87038e-06 6.3877e-05 0.000838129 0.00648527 0.0296218 0.0802253 0.131525 0.142333 0.130641 0.130448 0.125843 0.101763 0.0666244 0.0334141 0.0130487 0.00472626 0.00172507 0.000532139 0.000118726 1.8009e-05 1.80176e-06 1.16064e-07
 1.21902e-11 1.32371e-09 8.47453e-08 3.19872e-06 7.11836e-05 0.00093399 0.00722664 0.032999 0.0892485 0.14533 0.15274 0.129139 0.117672 0.111015 0.0930169 0.0652048 0.035487 0.0142632 0.00431567 0.00105994 0.000227197 4.10648e-05 5.54193e-06 5.05889e-07 2.97108e-08
 1.15001e-11 1.24878e-09 7.9948e-08 3.01765e-06 6.71545e-05 0.000881145 0.00681845 0.0311488 0.084402 0.138501 0.149676 0.134964 0.129207 0.119256 0.0935213 0.0613674 0.0322305 0.0129334 0.00393423 0.000907166 0.000157935 2.08759e-05 2.09446e-06 1.53896e-07 7.78575e-09
 1.16832e-11 1.26865e-09 8.12203e-08 3.06568e-06 6.82233e-05 0.000895174 0.00692709 0.0316457 0.0857429 0.140576 0.151088 0.133901 0.12622 0.117945 0.0950236 0.0625081 0.0315139 0.0117745 0.00331869 0.000717795 0.000116713 1.37283e-05 1.13538e-06 6.50611e-08 2.5544e-09
 1.1661e-11 1.26625e-09 8.10662e-08 3.05986e-06 6.80941e-05 0.000893492 0.00691447 0.0315948 0.0856712 0.140824 0.152441 0.136533 0.12862 0.118416 0.0934515 0.0601885 0.0297955 0.0109108 0.00296808 0.000604852 9.10602e-05 9.83545e-06 7.38271e-07 3.7437e-08 1.25473e-09
 1.20744e-11 1.31114e-09 8.39403e-08 3.16835e-06 7.05086e-05 0.00092518 0.00715989 0.0327186 0.088731 0.145837 0.157411 0.139203 0.128593 0.116845 0.0905671 0.0557563 0.0254486 0.00832385 0.00199247 0.000360705 4.92038e-05 4.86762e-06 3.34602e-07 1.54612e-08 4.68732e-10
 1.2646e-11 1.37321e-09 8.79139e-08 3.31833e-06 7.38466e-05 0.000968989 0.00749913 0.0342715 0.0929554 0.152753 0.164324 0.143073 0.128284 0.112907 0.0843745 0.0494764 0.0211534 0.00631736 0.00133225 0.000205982 2.38287e-05 2.03098e-06 1.23005e-07 5.09502e-09 1.39754e-10
 1.13701e-11 1.23466e-09 7.9044e-08 2.98355e-06 6.63972e-05 0.000871289 0.00674447 0.0308484 0.0839383 0.139566 0.155874 0.14657 0.140099 0.124268 0.0907155 0.0514986 0.0213235 0.00616644 0.00124614 0.000179647 1.865e-05 1.38067e-06 7.15221e-08 2.53878e-09 6.03995e-11
 1.05941e-11 1.15039e-09 7.36494e-08 2.77994e-06 6.18666e-05 0.000811867 0.00628534 0.028762 0.0783887 0.131033 0.148563 0.143926 0.142839 0.132138 0.0999487 0.0569836 0.0227886 0.00616579 0.00113991 0.00014874 1.3973e-05 9.35925e-07 4.35006e-08 1.36556e-09 2.83536e-11
 9.72914e-12 1.05647e-09 6.76365e-08 2.55299e-06 5.68169e-05 0.000745652 0.00577414 0.0264461 0.072303 0.122132 0.142593 0.145312 0.149822 0.140244 0.105529 0.0590016 0.0228916 0.0059589 0.00104779 0.000127715 1.09817e-05 6.63434e-07 2.76438e-08 7.77376e-10 1.4456e-11
 8.19667e-12 8.90064e-10 5.6983e-08 2.15089e-06 4.78698e-05 0.000628309 0.00486765 0.0223302 0.0613976 0.105693 0.129974 0.144353 0.159468 0.154725 0.118096 0.0657222 0.0250699 0.006387 0.00109673 0.000129715 1.06788e-05 6.06779e-07 2.33648e-08 5.98594e-10 1.00448e-11
 1.06013e-11 1.15117e-09 7.36995e-08 2.78184e-06 6.19103e-05 0.000812494 0.00629137 0.0288032 0.0785723 0.131386 0.148041 0.140787 0.139705 0.134084 0.10419 0.058381 0.0221785 0.00561886 0.00096151 0.000113098 9.1736e-06 5.0655e-07 1.86843e-08 4.52387e-10 7.08636e-12
 1.01123e-11 1.09807e-09 7.03003e-08 2.65357e-06 5.90585e-05 0.000775197 0.00600609 0.0275528 0.075679 0.12933 0.153988 0.157479 0.155178 0.13395 0.0915757 0.0466476 0.0168065 0.00416804 0.00071102 8.38141e-05 6.7804e-06 3.69828e-07 1.33319e-08 3.12219e-10 4.68398e-12
 9.75176e-12 1.05893e-09 6.77942e-08 2.55899e-06 5.69543e-05 0.00074761 0.00579298 0.026582 0.0730464 0.124879 0.148642 0.152737 0.154659 0.140008 0.0993732 0.0507854 0.0177504 0.00418216 0.000672997 7.52106e-05 5.83432e-06 3.08215e-07 1.08078e-08 2.45928e-10 3.56893e-12
 1.02195e-11 1.10972e-09 7.10463e-08 2.68176e-06 5.96879e-05 0.000783532 0.00607215 0.027872 0.0766355 0.131036 0.155264 0.156615 0.153597 0.134284 0.0921707 0.0457431 0.015621 0.00360983 0.000567836 6.13118e-05 4.5305e-06 2.25887e-07 7.4617e-09 1.60415e-10 2.20872e-12
 1.08037e-11 1.17316e-09 7.51077e-08 2.83509e-06 6.31017e-05 0.00082839 0.00642065 0.0294803 0.0810944 0.13862 0.163322 0.161405 0.152778 0.127948 0.0834668 0.0390202 0.0124499 0.00267005 0.000388775 3.90001e-05 2.69705e-06 1.26508e-07 3.93295e-09 7.93461e-11 1.02187e-12
 1.02249e-11 1.11031e-09 7.10844e-08 2.68327e-06 5.97264e-05 0.000784227 0.00608186 0.0279729 0.0773343 0.133994 0.162574 0.166654 0.159557 0.131013 0.0826012 0.0372053 0.0114425 0.00236168 0.000328523 3.10908e-05 2.00266e-06 8.68324e-08 2.49163e-09 4.64978e-11 5.55511e-13
 1.05711e-11 1.14791e-09 7.34919e-08 2.77417e-06 6.17508e-05 0.000810842 0.00628868 0.0289246 0.0799216 0.138033 0.165673 0.166618 0.157393 0.128557 0.0800532 0.035041 0.0103172 0.00201645 0.00026366 2.33486e-05 1.40341e-06 5.66193e-08 1.50593e-09 2.59416e-11 2.85173e-13
 1.10986e-11 1.20519e-09 7.71595e-08 2.91266e-06 6.48359e-05 0.000851436 0.00660512 0.0303967 0.084073 0.145318 0.173714 0.171231 0.155409 0.120823 0.0715209 0.0298249 0.00838766 0.0015659 0.000194764 1.62785e-05 9.15446e-07 3.43198e-08 8.44821e-10 1.3441e-11 1.36291e-13
 1.16877e-11 1.26916e-09 8.12554e-08 3.06732e-06 6.82807e-05 0.000896739 0.00695763 0.0320265 0.0885836 0.152829 0.180966 0.173908 0.151957 0.113442 0.0643864 0.0256884 0.0069009 0.00122852 0.000145277 1.14936e-05 6.08589e-07 2.13653e-08 4.8995e-10 7.22876e-12 6.77269e-14
 9.34226e-12 1.01448e-09 6.49524e-08 2.45212e-06 5.46009e-05 0.000717644 0.0055806 0.025853 0.0727889 0.131415 0.170826 0.184912 0.17305 0.129058 0.07065 0.026902 0.00688271 0.00116544 0.000130713 9.76617e-06 4.86115e-07 1.59792e-08 3.42016e-10 4.6971e-12 4.08608e-14
 1.01175e-11 1.09867e-09 7.03419e-08 2.65553e-06 5.91253e-05 0.000776892 0.00603572 0.0278779 0.0777826 0.13709 0.170048 0.176038 0.165508 0.128795 0.0732348 0.0282655 0.00716468 0.00118352 0.000128115 9.15422e-06 4.32028e-07 1.33643e-08 2.67633e-10 3.42473e-12 2.76796e-14
 9.55948e-12 1.03808e-09 6.64654e-08 2.50943e-06 5.58872e-05 0.000734863 0.00571989 0.0265484 0.0749805 0.135763 0.175856 0.187258 0.171155 0.124472 0.0661153 0.0242797 0.00597457 0.000971697 0.000104094 7.3302e-06 3.37313e-07 1.00435e-08 1.91336e-10 2.30778e-12 1.74623e-14
 9.50879e-12 1.03259e-09 6.61145e-08 2.49627e-06 5.55987e-05 0.000731192 0.00569312 0.0264374 0.0747063 0.135275 0.17523 0.187426 0.173061 0.126263 0.0658273 0.0231017 0.00531096 0.000795553 7.81878e-05 5.08229e-06 2.18454e-07 6.14509e-09 1.11328e-10 1.27835e-12 9.18302e-15
#spawning biomass
 11333.1 11971.3 9227.67 10135 15490.3 24211.7 32929.7 47217.4 64980.4 78817.2 105074 145379 192759 215107 202144 192721 173183 182232 193580 179121 195119 230262 248714 259775 283907 287392 329545 323732 389478 467934 516375 296912 154478 80296.6 46154.6 31624.2 25759.3 23478.8 22615.8 22295.7 22178.7 22136.5 22121.4 22116 22114.1 22113.4 22113.2 22113.1 22113.1 22113 22113 22113 22113 22113 22113 22113 22113 22113 22113 22113 22113 22113 22113 22113 22113 22113 22113 22113 22113 22113 22113 22113 22113 22113 22113 22113 22113 22113 22113 22113 22113 22113 22113 22113 22113 22113 22113 22113 22113 22113 22113 22113 22113 22113 22113 22113 22113 22113 22113 22113 22113 22113 22113 22113 22113 22113 22113 22113 22113 22113 22113 22113 22113 22113 22113 22113 22113 22113 22113 22113 22113 22113 22113 22113 22113 22113 22113 22113 22113 0 0 0 0 0 0 0 0 0 0 0 0 0 0 0 0 0 0 0 0 0 0 0 0 0
