SBPRF35
0.0534226
Curr Bio
207418
B35
96939.6
F35
6.65252
FOFL
6.65252
OFL
193732
Bzero
15254.5
#pred survey bio
 4787.64 4836.27 7071.14 12063.3 23197 33690.7 28403.7 31503.6 48074.7 70991.2 82902.1 99030.2 127326 152892 160051 141037 132141 123977 103778 109095 108110 117101 141866 160320 163445 159975 151723 151751 3.86949e+06 1.40703e+06 362504 199439 140092 117711 109335 106240 105109 104700 104554 104501 104483 104476 104474 104473 104473 104473 104473 104473 104473 104473 104473 104473 104473 104473 104473 104473 104473 104473 104473 104473 104473 104473 104473 104473 104473 104473 104473 104473 104473 104473 104473 104473 104473 104473 104473 104473 104473 104473 104473 104473 104473 104473 104473 104473 104473 104473 104473 104473 104473 104473 104473 104473 104473 104473 104473 104473 104473 104473 104473 104473 104473 104473 104473 104473 104473 104473 104473 104473 104473 104473 104473 104473 104473 104473 104473 104473 104473 104473 104473 104473 104473 104473 104473 104473 104473 104473 104473 104473 0 0 0 0 0 0 0 0 0 0 0 0 0 0 0 0 0 0 0 0 0 0 0 0 0
#obs survey bio
 3754.2 7839.56 6894.11 13194.5 32483.3 32005.4 16244.3 31136 52019.5 64299.2 91255.4 146363 130540 114027 139009 112168 148045 124274 86039.5 130242 120232 112484 132305 162352 214156 164379 150454 99923.4
#pred catch bio
 1301.43 1730.86 2791.95 4856.09 8796.64 18125.3 15342.4 18158.7 25251 41164.7 45615.1 54856.7 77913.6 95986.4 109059 94010.8 85842.8 91050.5 67178.8 76390.9 76900.9 81203.8 101490 124565 131022 123266 111480 97354 193732 32300 4619.05 4598 4597.99 4597.99 4597.99 4597.99 4597.99 4597.99 4597.99 4597.99 4597.99 4597.99 4597.99 4597.99 4597.99 4597.99 4597.99 4597.99 4597.99 4597.99 4597.99 4597.99 4597.99 4597.99 4597.99 4597.99 4597.99 4597.99 4597.99 4597.99 4597.99 4597.99 4597.99 4597.99 4597.99 4597.99 4597.99 4597.99 4597.99 4597.99 4597.99 4597.99 4597.99 4597.99 4597.99 4597.99 4597.99 4597.99 4597.99 4597.99 4597.99 4597.99 4597.99 4597.99 4597.99 4597.99 4597.99 4597.99 4597.99 4597.99 4597.99 4597.99 4597.99 4597.99 4597.99 4597.99 4597.99 4597.99 4597.99 4597.99 4597.99 4597.99 4597.99 4597.99 4597.99 4597.99 4597.99 4597.99 4597.99 4597.99 4597.99 4597.99 4597.99 4597.99 4597.99 4597.99 4597.99 4597.99 4597.99 4597.99 4597.99 4597.99 4597.99 4597.99 4597.99 4597.99 4597.99 4597.99 0 0 0 0 0 0 0 0 0 0 0 0 0 0 0 0 0 0 0 0 0 0 0 0 0
#obs catch bio
 2539.08 1745.24 2734.29 4953.38 8592.07 19396.4 17939.8 18967 24295 41995.8 44286.2 52939.2 74440.3 101755 116771 101943 83397.2 88719.6 64825.2 72264.6 73554.3 79974.4 97017.5 117167 127058 115867 102948 95167.1
#pred cpue bio
 4502.91 4257.22 6060.44 10164.3 19201.6 30874.4 26099.7 26460.8 40240.2 61358.6 72996.8 85836.1 109569 132410 142633 124837 116642 110603 90742.9 95363.5 93943 99564.2 120557 137792 139197 137740 132099 130479 3.40269e+06 1.47135e+06 346547 182897 123541 101160 92784.2 89689.1 88558.6 88149.6 88002.8 87950.5 87931.9 87925.3 87923 87922.2 87921.9 87921.8 87921.8 87921.8 87921.8 87921.8 87921.8 87921.8 87921.8 87921.8 87921.8 87921.8 87921.8 87921.8 87921.8 87921.8 87921.8 87921.8 87921.8 87921.8 87921.8 87921.8 87921.8 87921.8 87921.8 87921.8 87921.8 87921.8 87921.8 87921.8 87921.8 87921.8 87921.8 87921.8 87921.8 87921.8 87921.8 87921.8 87921.8 87921.8 87921.8 87921.8 87921.8 87921.8 87921.8 87921.8 87921.8 87921.8 87921.8 87921.8 87921.8 87921.8 87921.8 87921.8 87921.8 87921.8 87921.8 87921.8 87921.8 87921.8 87921.8 87921.8 87921.8 87921.8 87921.8 87921.8 87921.8 87921.8 87921.8 87921.8 87921.8 87921.8 87921.8 87921.8 87921.8 87921.8 87921.8 87921.8 87921.8 87921.8 87921.8 87921.8 87921.8 87921.8 0 0 0 0 0 0 0 0 0 0 0 0 0 0 0 0 0 0 0 0 0 0 0 0 0
#obs cpue bio
 2700.41 3931.58 5616.19 7431.19 17284.3 17501.4 23720.6 31804.6 46824.6 54605.5 88025.4 72000 122494 92425.9 148861 108224 151458 131368 110545 114878 93611.7 98700.5 170029 183690 113535 176953 193866 185998
#pred surv len freq
 1.20575e-11 1.30873e-09 8.37585e-08 3.16079e-06 7.03317e-05 0.000922796 0.00714018 0.0325999 0.0880909 0.143009 0.149533 0.127276 0.117803 0.104565 0.074728 0.0479176 0.031388 0.0209473 0.0144383 0.0105256 0.0082524 0.0070347 0.00616614 0.00478617 0.00280293
 1.56337e-11 1.69689e-09 1.086e-07 4.09824e-06 9.11911e-05 0.00119647 0.00925716 0.0422519 0.113986 0.183544 0.184883 0.139426 0.108694 0.0868982 0.0566103 0.031272 0.0171823 0.0096127 0.00547336 0.00327977 0.0021309 0.00154636 0.00122007 0.00090827 0.000531528
 1.65101e-11 1.79201e-09 1.14688e-07 4.32798e-06 9.6303e-05 0.00126354 0.00977605 0.0446193 0.12036 0.193703 0.194613 0.145351 0.111021 0.0858419 0.0515043 0.0235603 0.00994373 0.00436536 0.0019728 0.000927302 0.000465993 0.000262829 0.000170579 0.000114312 6.43574e-05
 1.71163e-11 1.85781e-09 1.189e-07 4.48691e-06 9.98393e-05 0.00130993 0.0101349 0.0462548 0.124739 0.200492 0.200211 0.146306 0.107687 0.0812498 0.0478468 0.0210027 0.0080628 0.00298267 0.00103706 0.000354877 0.000128411 5.1353e-05 2.40648e-05 1.29406e-05 6.5684e-06
 1.77545e-11 1.92708e-09 1.23333e-07 4.65421e-06 0.000103562 0.00135877 0.0105127 0.047976 0.129343 0.207583 0.205836 0.146562 0.102954 0.0753058 0.0435868 0.0186199 0.006821 0.00238023 0.000755654 0.000216462 5.81581e-05 1.55075e-05 4.56369e-06 1.62975e-06 6.49757e-07
 1.31708e-11 1.42957e-09 9.14921e-08 3.45263e-06 7.68256e-05 0.00100801 0.00779974 0.0356167 0.0963165 0.156956 0.166862 0.148678 0.143077 0.12246 0.0734862 0.0312118 0.0111445 0.00375933 0.0011432 0.000306732 7.36096e-05 1.57473e-05 3.10847e-06 6.34676e-07 1.53177e-07
 1.30091e-11 1.41201e-09 9.03683e-08 3.41022e-06 7.5882e-05 0.000995625 0.00770391 0.0351787 0.0951266 0.154973 0.164553 0.146183 0.140579 0.121538 0.0756573 0.0352964 0.014507 0.00539037 0.00167492 0.000439157 0.000100549 1.98926e-05 3.36255e-06 4.93323e-07 6.77791e-08
 1.7256e-11 1.87298e-09 1.1987e-07 4.52353e-06 0.000100654 0.00132063 0.0102176 0.0466309 0.125737 0.201965 0.201066 0.145325 0.105064 0.0788764 0.0473148 0.0219292 0.00914744 0.00359062 0.00123611 0.000363361 8.89481e-05 1.76659e-05 2.85371e-06 3.76816e-07 4.07631e-08
 1.7313e-11 1.87916e-09 1.20266e-07 4.53846e-06 0.000100986 0.00132498 0.0102514 0.0467863 0.126174 0.202806 0.202558 0.148078 0.108816 0.0811611 0.0458826 0.0179632 0.00560528 0.00172521 0.000544445 0.000163388 4.32955e-05 9.4968e-06 1.65261e-06 2.2246e-07 2.29555e-08
 1.60323e-11 1.74016e-09 1.1137e-07 4.20275e-06 9.35166e-05 0.00122698 0.00949339 0.0433331 0.116944 0.188643 0.191578 0.14842 0.119665 0.0941653 0.0545047 0.0219761 0.00711046 0.00211585 0.00055991 0.000130131 2.87589e-05 6.05209e-06 1.10758e-06 1.61649e-07 1.78198e-08
 1.52085e-11 1.65073e-09 1.05647e-07 3.98678e-06 8.87109e-05 0.00116394 0.00900575 0.0411114 0.111006 0.179527 0.184498 0.148593 0.126559 0.102422 0.0599493 0.0245191 0.00815605 0.00251535 0.000686262 0.000158189 3.12785e-05 5.34755e-06 8.08126e-07 1.08535e-07 1.21506e-08
 1.59282e-11 1.72886e-09 1.10647e-07 4.17546e-06 9.29093e-05 0.00121902 0.00943174 0.0430516 0.116184 0.187411 0.190307 0.147405 0.118953 0.0941482 0.0556109 0.023741 0.00854736 0.00283979 0.000812072 0.000194312 3.96009e-05 6.73626e-06 9.35293e-07 1.06335e-07 1.00233e-08
 1.62307e-11 1.76168e-09 1.12748e-07 4.25474e-06 9.46734e-05 0.00124216 0.00961076 0.0438675 0.118368 0.190791 0.193066 0.14778 0.117082 0.0915241 0.0533532 0.0221267 0.00762481 0.00248869 0.000737064 0.000189076 4.12396e-05 7.37062e-06 1.05464e-06 1.19229e-07 1.04847e-08
 1.5946e-11 1.73079e-09 1.1077e-07 4.18013e-06 9.30131e-05 0.00122038 0.00944231 0.0431005 0.116324 0.187703 0.19091 0.148641 0.120689 0.095206 0.0549317 0.0219083 0.00697578 0.00208729 0.000580721 0.000143798 3.15449e-05 5.90935e-06 9.01043e-07 1.07605e-07 9.77189e-09
 1.46305e-11 1.588e-09 1.01632e-07 3.83528e-06 8.534e-05 0.00111971 0.00866372 0.0395535 0.106847 0.173182 0.179766 0.149361 0.132383 0.108877 0.0635096 0.025402 0.00807043 0.00236992 0.00062726 0.000143405 2.90145e-05 5.16353e-06 7.79698e-07 9.58716e-08 9.16126e-09
 1.49588e-11 1.62363e-09 1.03912e-07 3.92133e-06 8.72546e-05 0.00114483 0.008858 0.0404385 0.109211 0.1768 0.182519 0.149107 0.129352 0.105396 0.061414 0.0246483 0.0078922 0.00233614 0.000619435 0.000139977 2.72879e-05 4.54581e-06 6.35486e-07 7.37006e-08 6.89319e-09
 1.50884e-11 1.63771e-09 1.04813e-07 3.95532e-06 8.80109e-05 0.00115475 0.00893473 0.0407881 0.110145 0.17823 0.183614 0.149026 0.128185 0.104039 0.0605727 0.0243177 0.00779672 0.00231463 0.000616951 0.000140401 2.74772e-05 4.53954e-06 6.1564e-07 6.75411e-08 5.90167e-09
 1.45793e-11 1.58244e-09 1.01276e-07 3.82185e-06 8.50411e-05 0.00111579 0.00863339 0.0394152 0.106476 0.172599 0.179249 0.14916 0.132488 0.109176 0.0639394 0.0258607 0.00840222 0.00252764 0.000678569 0.000155048 3.04826e-05 5.06426e-06 6.88867e-07 7.50357e-08 6.3918e-09
 1.55157e-11 1.68408e-09 1.07781e-07 4.06733e-06 9.05032e-05 0.00118745 0.00918765 0.0419406 0.113229 0.182992 0.187447 0.149378 0.12528 0.100189 0.0575332 0.0223533 0.00670863 0.00186062 0.000482303 0.000110157 2.18553e-05 3.65767e-06 5.00232e-07 5.47449e-08 4.67179e-09
 1.55344e-11 1.68611e-09 1.07911e-07 4.07221e-06 9.06119e-05 0.00118888 0.00919866 0.0419905 0.113358 0.183157 0.187416 0.148848 0.124328 0.0994954 0.0576836 0.0230809 0.00733762 0.00213352 0.000546001 0.000117176 2.18279e-05 3.54767e-06 4.84027e-07 5.33053e-08 4.57756e-09
 1.57908e-11 1.71394e-09 1.09692e-07 4.13942e-06 9.21075e-05 0.0012085 0.00935043 0.0426822 0.11521 0.186028 0.189778 0.14923 0.122842 0.0973433 0.0557565 0.021635 0.00647542 0.00178379 0.000455618 0.00010119 1.92211e-05 3.04321e-06 3.94007e-07 4.1607e-08 3.51211e-09
 1.66933e-11 1.8119e-09 1.15961e-07 4.37602e-06 9.7372e-05 0.00127757 0.00988463 0.0451159 0.121714 0.196 0.197467 0.148853 0.115003 0.0881061 0.0498688 0.0191146 0.00557312 0.00147262 0.0003575 7.51281e-05 1.37773e-05 2.1846e-06 2.86771e-07 3.00461e-08 2.4513e-09
 1.67108e-11 1.8138e-09 1.16083e-07 4.3806e-06 9.74739e-05 0.0012789 0.00989497 0.0451631 0.121841 0.196204 0.19767 0.148995 0.115079 0.0880793 0.0496928 0.0188567 0.00536904 0.00137221 0.00032275 6.5389e-05 1.14204e-05 1.71588e-06 2.15794e-07 2.21968e-08 1.80949e-09
 1.62482e-11 1.76359e-09 1.12869e-07 4.25933e-06 9.47756e-05 0.0012435 0.00962118 0.0439159 0.11851 0.191113 0.193823 0.149448 0.119493 0.0930809 0.0526105 0.0197923 0.00550622 0.00136026 0.000310027 6.08607e-05 1.02506e-05 1.4796e-06 1.77649e-07 1.73633e-08 1.35333e-09
 1.6616e-11 1.80351e-09 1.15424e-07 4.35576e-06 9.69212e-05 0.00127165 0.00983889 0.0449079 0.121162 0.19519 0.197019 0.149467 0.116561 0.0894844 0.0501235 0.0185091 0.00492371 0.00113845 0.000245763 4.63615e-05 7.51969e-06 1.04599e-06 1.20928e-07 1.13407e-08 8.44533e-10
 1.61654e-11 1.7546e-09 1.12294e-07 4.23763e-06 9.42927e-05 0.00123717 0.00957219 0.043693 0.117919 0.190238 0.193307 0.150003 0.121005 0.0944511 0.0529222 0.0192838 0.00493867 0.0010703 0.000216305 3.83262e-05 5.82087e-06 7.64112e-07 8.43227e-08 7.5882e-09 5.42883e-10
 1.56929e-11 1.70331e-09 1.09012e-07 4.11377e-06 9.15365e-05 0.00120101 0.00929252 0.0424188 0.114512 0.185006 0.189225 0.150046 0.124877 0.0991461 0.0561021 0.0208493 0.00560116 0.00130013 0.000272433 4.73533e-05 6.78641e-06 8.29464e-07 8.53072e-08 7.19189e-09 4.86578e-10
 1.62337e-11 1.76201e-09 1.12768e-07 4.25552e-06 9.46908e-05 0.00124239 0.00961257 0.0438766 0.118404 0.19094 0.19364 0.149291 0.119374 0.0930757 0.0527965 0.0200819 0.00572286 0.00144716 0.000326483 6.04311e-05 9.16172e-06 1.14649e-06 1.15116e-07 9.15621e-09 5.77196e-10
#obs surv len freq
 1.2845e-11 1.3942e-09 8.92287e-08 3.36722e-06 7.49251e-05 0.000983069 0.00760671 0.0347328 0.0938797 0.152527 0.15967 0.135557 0.124667 0.111824 0.0821028 0.0510703 0.0275134 0.0121136 0.00422622 0.0011603 0.000244722 3.8318e-05 4.31287e-06 3.38631e-07 1.80434e-08
 1.83638e-11 1.99322e-09 1.27566e-07 4.81394e-06 0.000107116 0.00140541 0.0108733 0.0496187 0.133713 0.21405 0.209341 0.140663 0.0879669 0.0623597 0.0424927 0.0256505 0.0134491 0.00574353 0.00193361 0.000508848 0.000102167 1.51249e-05 1.59869e-06 1.17145e-07 5.7941e-09
 1.56068e-11 1.69397e-09 1.08414e-07 4.09122e-06 9.1035e-05 0.00119444 0.00924209 0.0421954 0.113975 0.184458 0.189255 0.149305 0.120522 0.0936279 0.0557169 0.0253183 0.0100139 0.00361868 0.00112165 0.000279242 5.31478e-05 7.426e-06 7.36876e-07 5.04356e-08 2.31987e-09
 1.80786e-11 1.96226e-09 1.25584e-07 4.73916e-06 0.000105452 0.00138359 0.0107049 0.0488571 0.131744 0.211464 0.209032 0.145256 0.0955062 0.0675275 0.0425647 0.0222184 0.00952584 0.00314924 0.00077863 0.000150144 2.34836e-05 2.89435e-06 2.632e-07 1.67062e-08 7.13362e-10
 1.66281e-11 1.80483e-09 1.15509e-07 4.35895e-06 9.69925e-05 0.00127261 0.00984692 0.0449557 0.121399 0.196113 0.19909 0.150573 0.112475 0.0825523 0.0481039 0.0217365 0.00828612 0.00266806 0.000677226 0.000128991 1.79857e-05 1.81886e-06 1.33614e-07 7.08447e-09 2.63864e-10
 7.24154e-12 7.86002e-10 5.03041e-08 1.89834e-06 4.22423e-05 0.000554345 0.00429277 0.0196707 0.0540081 0.0936767 0.122205 0.156152 0.18832 0.170138 0.108685 0.0530638 0.0209621 0.00645249 0.00148269 0.000255455 3.32166e-05 3.17594e-06 2.14607e-07 9.95554e-09 3.12199e-10
 1.59583e-11 1.73212e-09 1.10856e-07 4.18336e-06 9.30852e-05 0.00122133 0.00944984 0.0431345 0.116364 0.187043 0.185687 0.130984 0.0921308 0.0795771 0.0692096 0.0489616 0.0249071 0.00870472 0.00211318 0.000365478 4.53514e-05 3.99226e-06 2.45622e-07 1.04024e-08 2.97588e-10
 1.79907e-11 1.95272e-09 1.24974e-07 4.71613e-06 0.00010494 0.00137689 0.0106539 0.0486385 0.1313 0.21159 0.21179 0.151074 0.0998895 0.0659886 0.0370612 0.0178032 0.0081435 0.00331289 0.0010195 0.000215511 3.0211e-05 2.78928e-06 1.6997e-07 6.84072e-09 1.8107e-10
 1.59518e-11 1.73142e-09 1.10811e-07 4.18166e-06 9.30485e-05 0.0012209 0.00944818 0.0431588 0.116788 0.190067 0.197475 0.156632 0.120478 0.0861844 0.0480363 0.0205538 0.0071746 0.00207619 0.000496628 9.71039e-05 1.44933e-05 1.50593e-06 1.02388e-07 4.42629e-09 1.20375e-10
 1.46794e-11 1.59332e-09 1.01972e-07 3.84813e-06 8.56274e-05 0.00112356 0.00869579 0.0397385 0.107709 0.176392 0.187239 0.156478 0.12835 0.0966185 0.0575085 0.0268183 0.00986176 0.00273173 0.000552476 8.28726e-05 9.47802e-06 8.23612e-07 5.20869e-08 2.25958e-09 6.39128e-11
 1.42637e-11 1.54819e-09 9.90841e-08 3.73915e-06 8.32028e-05 0.00109177 0.00845033 0.0386268 0.104791 0.17213 0.18427 0.156407 0.129964 0.0989683 0.0604673 0.0293962 0.0112974 0.00326115 0.000680088 0.000101 1.05735e-05 7.72651e-07 3.92486e-08 1.38217e-09 3.33421e-11
 1.67488e-11 1.81792e-09 1.16347e-07 4.3906e-06 9.7698e-05 0.00128193 0.00992076 0.04532 0.122618 0.199139 0.204203 0.154108 0.109162 0.0757652 0.045037 0.0218376 0.00843072 0.00246231 0.000524088 7.9648e-05 8.45329e-06 6.11313e-07 2.95323e-08 9.40674e-10 1.9591e-11
 1.52927e-11 1.65987e-09 1.06232e-07 4.0089e-06 8.9206e-05 0.00117057 0.00906095 0.0414271 0.112444 0.184774 0.196956 0.162686 0.126473 0.0877396 0.0476142 0.0202253 0.00697235 0.00190522 0.000392885 5.88757e-05 6.20845e-06 4.46996e-07 2.14291e-08 6.70778e-10 1.35004e-11
 1.28916e-11 1.39926e-09 8.95531e-08 3.37951e-06 7.52025e-05 0.000986907 0.007642 0.0349857 0.0954243 0.159545 0.179419 0.165762 0.144945 0.108367 0.0625163 0.0278445 0.0095417 0.00242698 0.000448722 6.03014e-05 5.84005e-06 3.96559e-07 1.8254e-08 5.5345e-10 1.08156e-11
 1.22497e-11 1.32959e-09 8.5094e-08 3.21124e-06 7.14593e-05 0.000937824 0.00726299 0.0332664 0.0908684 0.152572 0.173317 0.16281 0.145541 0.113323 0.0700628 0.0337633 0.0122853 0.00323 0.000599566 7.79178e-05 7.02039e-06 4.32672e-07 1.79868e-08 4.97003e-10 8.97784e-12
 1.36635e-11 1.48305e-09 9.49153e-08 3.58187e-06 7.97064e-05 0.00104603 0.00809995 0.0370788 0.101036 0.167999 0.184629 0.161123 0.133048 0.0996178 0.0612797 0.0299673 0.0112291 0.00307734 0.0005972 8.02109e-05 7.29771e-06 4.41435e-07 1.75062e-08 4.50376e-10 7.44874e-12
 1.35206e-11 1.46753e-09 9.39225e-08 3.54443e-06 7.88748e-05 0.00103519 0.00801785 0.0367304 0.100324 0.167979 0.187708 0.167445 0.137824 0.0986492 0.0564357 0.0256408 0.00913488 0.00244817 0.000474426 6.43789e-05 5.93819e-06 3.6276e-07 1.43827e-08 3.64541e-10 5.83977e-12
 1.39699e-11 1.5163e-09 9.70437e-08 3.66223e-06 8.14969e-05 0.00106963 0.008285 0.0379572 0.103667 0.173322 0.192222 0.167851 0.134315 0.0943657 0.0531906 0.0234245 0.00788079 0.00196209 0.000353658 4.52873e-05 4.01315e-06 2.38835e-07 9.29609e-09 2.31804e-10 3.64605e-12
 1.41862e-11 1.53978e-09 9.85466e-08 3.71897e-06 8.27609e-05 0.00108627 0.0084152 0.0385695 0.105446 0.176666 0.196338 0.170562 0.133605 0.0907647 0.0491577 0.0207377 0.00667675 0.00158343 0.000268862 3.20369e-05 2.62554e-06 1.4484e-07 5.26765e-09 1.23919e-10 1.85421e-12
 1.41842e-11 1.53957e-09 9.85333e-08 3.71849e-06 8.27524e-05 0.00108623 0.00841659 0.0385972 0.105674 0.177633 0.198485 0.172843 0.134125 0.0893446 0.0471078 0.0191573 0.00588455 0.00132159 0.000211422 2.36221e-05 1.80527e-06 9.23222e-08 3.0979e-09 6.70964e-11 9.25196e-13
 1.4387e-11 1.56158e-09 9.99423e-08 3.7717e-06 8.39382e-05 0.00110187 0.00853909 0.0391745 0.107346 0.180675 0.201822 0.17428 0.132584 0.0862201 0.0443001 0.0174443 0.00514171 0.00109839 0.000165774 1.73481e-05 1.23495e-06 5.85998e-08 1.81902e-09 3.63495e-11 4.6135e-13
 1.48371e-11 1.61044e-09 1.0307e-07 3.88975e-06 8.6567e-05 0.00113643 0.00880793 0.0404164 0.110772 0.186297 0.206878 0.175224 0.128945 0.080892 0.0400895 0.0151689 0.00427567 0.000869529 0.000124253 1.22322e-05 8.14003e-07 3.59154e-08 1.03236e-09 1.90454e-11 2.22685e-13
 1.45871e-11 1.58331e-09 1.01334e-07 3.8243e-06 8.51146e-05 0.00111752 0.00866463 0.0398 0.109378 0.185142 0.208166 0.178731 0.131378 0.0806082 0.0384897 0.0138968 0.00371765 0.00071538 9.64285e-05 8.92129e-06 5.55741e-07 2.28675e-08 6.10825e-10 1.04379e-11 1.1273e-13
 1.45074e-11 1.57466e-09 1.00781e-07 3.8035e-06 8.46555e-05 0.00111162 0.00862148 0.0396308 0.109094 0.185264 0.209231 0.17993 0.131576 0.080058 0.0378233 0.0133884 0.00346067 0.000634794 8.077e-05 7.0081e-06 4.07715e-07 1.56234e-08 3.87766e-10 6.14448e-12 6.14229e-14
 1.43985e-11 1.56284e-09 1.00025e-07 3.77507e-06 8.40276e-05 0.00110354 0.00856219 0.0393959 0.108687 0.185397 0.210772 0.181904 0.132058 0.079031 0.0365653 0.0126289 0.00317101 0.000561898 6.85409e-05 5.64831e-06 3.09244e-07 1.10697e-08 2.55338e-10 3.748e-12 3.46368e-14
 1.31797e-11 1.43056e-09 9.15608e-08 3.4558e-06 7.69329e-05 0.00101079 0.00785136 0.036234 0.100747 0.175133 0.206875 0.188232 0.142022 0.0857019 0.0391324 0.0131703 0.00319594 0.000544342 6.35577e-05 4.99211e-06 2.59239e-07 8.75483e-09 1.8948e-10 2.59626e-12 2.22975e-14
 1.3315e-11 1.44525e-09 9.25022e-08 3.49141e-06 7.77298e-05 0.00102138 0.0079353 0.0366332 0.101871 0.176845 0.207657 0.186813 0.139943 0.0849433 0.0392503 0.0132502 0.00316957 0.000523582 5.86095e-05 4.37975e-06 2.15272e-07 6.85527e-09 1.39476e-10 1.79148e-12 1.43829e-14
 1.34622e-11 1.46125e-09 9.35274e-08 3.53025e-06 7.8602e-05 0.00103307 0.00803017 0.0371104 0.103402 0.179985 0.211439 0.188428 0.137838 0.0810715 0.0363236 0.01195 0.00279991 0.000453443 4.95159e-05 3.57656e-06 1.68182e-07 5.07853e-09 9.73327e-11 1.17229e-12 8.79794e-15
#pred catch len freq
 9.93314e-12 1.07815e-09 6.90012e-08 2.6039e-06 5.79403e-05 0.000760225 0.00588276 0.0268701 0.0727608 0.119356 0.130568 0.125741 0.132367 0.122997 0.0877787 0.0551921 0.0355383 0.0235511 0.0162015 0.0118053 0.00925485 0.0078891 0.00691504 0.00536746 0.00314335
 1.39724e-11 1.51657e-09 9.70605e-08 3.66276e-06 8.15012e-05 0.00106934 0.00827391 0.0377719 0.102008 0.165126 0.170423 0.13926 0.121753 0.102775 0.0672753 0.0365377 0.0196822 0.0109039 0.00619008 0.00370645 0.00240769 0.00174717 0.0013785 0.00102622 0.000600551
 1.5066e-11 1.63526e-09 1.04657e-07 3.94942e-06 8.78797e-05 0.00115303 0.00892133 0.0407254 0.109954 0.177748 0.18231 0.145951 0.123547 0.10057 0.0608266 0.0274916 0.0113543 0.00490905 0.00220634 0.00103561 0.00052025 0.000293412 0.000190426 0.000127612 7.18453e-05
 1.5767e-11 1.71135e-09 1.09526e-07 4.13319e-06 9.19687e-05 0.00120668 0.00933628 0.0426165 0.115018 0.185594 0.188762 0.146996 0.119597 0.0951841 0.05659 0.0245847 0.00924485 0.00336492 0.00116206 0.00039679 0.000143483 5.73715e-05 2.68843e-05 1.44567e-05 7.33797e-06
 1.63815e-11 1.77806e-09 1.13795e-07 4.29429e-06 9.55533e-05 0.0012537 0.00970003 0.044274 0.119451 0.192427 0.194202 0.147305 0.115137 0.0895328 0.0524803 0.0222223 0.00797796 0.00273693 0.000862446 0.000246451 6.61618e-05 1.76371e-05 5.19004e-06 1.8534e-06 7.38922e-07
 1.22458e-11 1.32916e-09 8.50662e-08 3.21014e-06 7.143e-05 0.000937218 0.00725225 0.0331226 0.089654 0.14676 0.159097 0.14938 0.151594 0.132252 0.0793987 0.0333609 0.0116724 0.00386898 0.0011673 0.000312374 7.4897e-05 1.60178e-05 3.16158e-06 6.45504e-07 1.55789e-07
 1.21107e-11 1.3145e-09 8.41282e-08 3.17474e-06 7.06423e-05 0.000926882 0.00717224 0.0327567 0.0886561 0.145068 0.156996 0.146819 0.148779 0.131001 0.0814196 0.0374495 0.0150774 0.00552478 0.00170713 0.000446709 0.000102195 2.0212e-05 3.41618e-06 5.01176e-07 6.88575e-08
 1.67279e-11 1.81565e-09 1.16201e-07 4.38508e-06 9.75734e-05 0.00128021 0.00990497 0.0452068 0.121933 0.196142 0.196627 0.145713 0.109907 0.0844533 0.0506946 0.0231734 0.00946569 0.00366316 0.00125417 0.000368019 9.00323e-05 1.78772e-05 2.88762e-06 3.81283e-07 4.1246e-08
 1.65268e-11 1.79383e-09 1.14805e-07 4.33238e-06 9.64008e-05 0.00126482 0.00978607 0.0446668 0.120512 0.194141 0.195955 0.148664 0.116038 0.0894709 0.0509076 0.0198002 0.00606665 0.00182814 0.000570606 0.000170673 4.51882e-05 9.90972e-06 1.72435e-06 2.32112e-07 2.39514e-08
 1.54343e-11 1.67525e-09 1.07216e-07 4.04599e-06 9.00284e-05 0.00118122 0.00913945 0.0417208 0.112638 0.182054 0.186573 0.148914 0.125232 0.100537 0.0583109 0.0233099 0.00740175 0.00216099 0.000566292 0.000131148 2.89462e-05 6.08877e-06 1.11416e-06 1.62604e-07 1.79249e-08
 1.44176e-11 1.56489e-09 1.00153e-07 3.77946e-06 8.40979e-05 0.00110342 0.00853768 0.0389792 0.10531 0.170811 0.177862 0.149202 0.133853 0.110803 0.0650021 0.0263457 0.00859651 0.00260219 0.000703474 0.000161638 3.19239e-05 5.45546e-06 8.24303e-07 1.10702e-07 1.23931e-08
 1.52006e-11 1.64987e-09 1.05592e-07 3.9847e-06 8.86648e-05 0.00116333 0.00900106 0.0410897 0.110943 0.17939 0.184193 0.147943 0.12563 0.101837 0.0602698 0.0254536 0.00898084 0.0029337 0.000832572 0.00019869 4.04527e-05 6.87843e-06 9.54898e-07 1.08559e-07 1.02327e-08
 1.58109e-11 1.71613e-09 1.09832e-07 4.14471e-06 9.22251e-05 0.00121004 0.00936234 0.0427359 0.115346 0.186171 0.189571 0.148177 0.121066 0.0960468 0.0560035 0.0229926 0.00776675 0.00248901 0.000730885 0.000186961 4.07402e-05 7.27896e-06 1.0414e-06 1.17728e-07 1.03526e-08
 1.55932e-11 1.69249e-09 1.08319e-07 4.08763e-06 9.0955e-05 0.00119338 0.00923348 0.0421492 0.113784 0.183821 0.187982 0.149 0.124078 0.099034 0.0571481 0.022599 0.00706265 0.00207184 0.000570517 0.000140774 3.0847e-05 5.77645e-06 8.80675e-07 1.05169e-07 9.55055e-09
 1.45555e-11 1.57986e-09 1.01111e-07 3.81561e-06 8.49022e-05 0.00111397 0.00861931 0.0393513 0.106308 0.172368 0.179198 0.149589 0.133334 0.109842 0.0639136 0.0253329 0.00789988 0.00227495 0.000595988 0.00013576 2.74332e-05 4.87986e-06 7.36752e-07 9.0587e-08 8.65617e-09
 1.48008e-11 1.60648e-09 1.02815e-07 3.87991e-06 8.6333e-05 0.00113274 0.00876449 0.0400126 0.108074 0.17507 0.181248 0.149378 0.131038 0.107221 0.062357 0.0247996 0.00779308 0.00226251 0.000593922 0.000133736 2.60389e-05 4.33571e-06 6.06016e-07 7.02792e-08 6.57308e-09
 1.48361e-11 1.61031e-09 1.0306e-07 3.88915e-06 8.65387e-05 0.00113544 0.00878536 0.0401077 0.108328 0.175458 0.181543 0.149348 0.130707 0.106841 0.0621288 0.0247191 0.00777805 0.00226475 0.000597641 0.000135528 2.6491e-05 4.37461e-06 5.93177e-07 6.50734e-08 5.68595e-09
 1.48228e-11 1.60887e-09 1.02967e-07 3.88567e-06 8.64612e-05 0.00113442 0.00877749 0.0400718 0.108231 0.175302 0.181384 0.149228 0.130631 0.106851 0.062271 0.024935 0.00794799 0.00234567 0.000623635 0.00014201 2.7886e-05 4.63077e-06 6.29802e-07 6.85984e-08 5.84335e-09
 1.52528e-11 1.65554e-09 1.05955e-07 3.9984e-06 8.89695e-05 0.00116733 0.00903203 0.0412318 0.111336 0.180101 0.185277 0.149681 0.127858 0.103076 0.0591691 0.0228186 0.00673033 0.00182854 0.000468432 0.000106541 2.11096e-05 3.53126e-06 4.8287e-07 5.28421e-08 4.50933e-09
 1.55681e-11 1.68976e-09 1.08145e-07 4.08104e-06 9.08084e-05 0.00119145 0.00921861 0.0420815 0.113602 0.183542 0.187763 0.148998 0.124285 0.0993141 0.0573881 0.02275 0.00709893 0.00202465 0.000512922 0.000109674 2.04028e-05 3.31427e-06 4.52098e-07 4.97861e-08 4.27527e-09
 1.58786e-11 1.72347e-09 1.10302e-07 4.16246e-06 9.262e-05 0.00121522 0.00940244 0.0429192 0.115845 0.187008 0.190569 0.14931 0.122256 0.09656 0.0551297 0.0212217 0.00624215 0.00168449 0.000425196 9.40341e-05 1.78373e-05 2.82273e-06 3.65398e-07 3.85835e-08 3.25683e-09
 1.6683e-11 1.81078e-09 1.1589e-07 4.37332e-06 9.73119e-05 0.00127678 0.00987852 0.0450881 0.121641 0.195894 0.19742 0.14897 0.115264 0.088324 0.0498852 0.0189821 0.005443 0.00140878 0.000337761 7.06498e-05 1.29356e-05 2.04998e-06 2.69045e-07 2.81872e-08 2.2996e-09
 1.68078e-11 1.82432e-09 1.16756e-07 4.40602e-06 9.80396e-05 0.00128632 0.00995237 0.0454246 0.122541 0.197281 0.198524 0.149032 0.114355 0.0871625 0.0490218 0.0184718 0.00517575 0.00129549 0.000300719 6.06206e-05 1.05696e-05 1.58705e-06 1.99548e-07 2.05242e-08 1.6731e-09
 1.66684e-11 1.8092e-09 1.15788e-07 4.3695e-06 9.72268e-05 0.00127566 0.0098699 0.045049 0.121538 0.195755 0.197399 0.149261 0.115825 0.0887626 0.0498615 0.0186237 0.00510162 0.00123413 0.000277401 5.41614e-05 9.10553e-06 1.31342e-06 1.57657e-07 1.54081e-08 1.2009e-09
 1.71394e-11 1.86032e-09 1.1906e-07 4.49297e-06 9.99741e-05 0.00131171 0.0101487 0.0463191 0.124933 0.200967 0.201451 0.149173 0.111899 0.0840449 0.0467276 0.0171416 0.00449632 0.00101799 0.000216396 4.05637e-05 6.56538e-06 9.12556e-07 1.05472e-07 9.89038e-09 7.36506e-10
 1.65498e-11 1.79632e-09 1.14964e-07 4.33839e-06 9.65346e-05 0.00126658 0.00979967 0.0447294 0.120688 0.19448 0.196562 0.149789 0.117585 0.0904584 0.0504265 0.0182757 0.00462209 0.000981223 0.000195008 3.43002e-05 5.19643e-06 6.81531e-07 7.5185e-08 6.76515e-09 4.83982e-10
 1.5902e-11 1.72601e-09 1.10464e-07 4.16858e-06 9.27561e-05 0.00121701 0.00941627 0.0429826 0.116019 0.187318 0.191018 0.14999 0.123108 0.0970337 0.0547152 0.0202124 0.00535354 0.00121716 0.000251296 4.34119e-05 6.20787e-06 7.58063e-07 7.79344e-08 6.56943e-09 4.44446e-10
 1.59524e-11 1.73148e-09 1.10814e-07 4.18179e-06 9.30502e-05 0.00122087 0.0094461 0.0431183 0.116379 0.187846 0.191308 0.149584 0.122085 0.0961328 0.054558 0.0206209 0.00578383 0.00143282 0.000319092 5.87669e-05 8.89331e-06 1.11207e-06 1.11623e-07 8.87737e-09 5.59594e-10
#obs catch len freq
 1.08524e-11 1.17792e-09 7.5387e-08 2.84488e-06 6.33025e-05 0.000830586 0.00642732 0.0293585 0.0795001 0.130318 0.141697 0.133467 0.137369 0.1292 0.0964431 0.060673 0.0330096 0.0146691 0.00517176 0.00143719 0.000307342 4.8889e-05 5.59962e-06 4.47773e-07 2.42971e-08
 1.116e-11 1.21132e-09 7.75242e-08 2.92553e-06 6.50972e-05 0.000854136 0.00660963 0.0301925 0.0817663 0.13403 0.145433 0.135503 0.136831 0.126749 0.0935618 0.0580463 0.0309211 0.0133709 0.00455805 0.00121517 0.000247199 3.70886e-05 3.97517e-06 2.95524e-07 1.48358e-08
 1.72018e-11 1.8671e-09 1.19494e-07 4.50933e-06 0.000100338 0.00131649 0.0101857 0.0464876 0.125361 0.201304 0.19956 0.140717 0.0964911 0.072733 0.0503264 0.030313 0.0156943 0.00657281 0.00215879 0.000550792 0.000106498 1.50849e-05 1.51634e-06 1.05088e-07 4.89284e-09
 1.4386e-11 1.56147e-09 9.99337e-08 3.77119e-06 8.39144e-05 0.00110103 0.00851988 0.0389099 0.105243 0.171343 0.179994 0.151421 0.131539 0.104829 0.0623323 0.0281763 0.0110466 0.00392494 0.00118663 0.000286042 5.23505e-05 6.98875e-06 6.58672e-07 4.25928e-08 1.84253e-09
 1.71904e-11 1.86586e-09 1.19415e-07 4.50635e-06 0.000100272 0.00131563 0.0101795 0.0464668 0.12539 0.201899 0.202149 0.146384 0.103007 0.0756183 0.0478853 0.0247941 0.0104456 0.00337233 0.000812072 0.000151933 2.28867e-05 2.69425e-06 2.32431e-07 1.39221e-08 5.58569e-10
 1.57616e-11 1.71077e-09 1.09489e-07 4.13178e-06 9.1938e-05 0.00120631 0.00933443 0.0426262 0.115227 0.186947 0.192925 0.152629 0.120491 0.0902084 0.0524098 0.0234774 0.00881875 0.00277465 0.000683597 0.000125684 1.68314e-05 1.6267e-06 1.13533e-07 5.68239e-09 1.98673e-10
 6.56019e-12 7.12048e-10 4.55711e-08 1.71973e-06 3.82685e-05 0.000502231 0.00389028 0.0178471 0.0492331 0.086888 0.118558 0.15942 0.195268 0.175378 0.110924 0.0534797 0.020715 0.00621105 0.00138459 0.000230339 2.87345e-05 2.6195e-06 1.67918e-07 7.35705e-09 2.1694e-10
 1.52915e-11 1.65975e-09 1.06224e-07 4.00857e-06 8.91962e-05 0.00117032 0.00905546 0.0413407 0.111596 0.179832 0.180259 0.131043 0.0969337 0.086004 0.0744663 0.0516039 0.0255334 0.0086547 0.002032 0.000338381 4.02151e-05 3.37333e-06 1.96792e-07 7.86494e-09 2.11432e-10
 1.75227e-11 1.90192e-09 1.21723e-07 4.59345e-06 0.000102211 0.0013411 0.0103774 0.0473845 0.128004 0.206822 0.208936 0.152735 0.104249 0.069621 0.0389496 0.0185895 0.00837303 0.00330628 0.000978353 0.000197877 2.64517e-05 2.32125e-06 1.33951e-07 5.08539e-09 1.26496e-10
 1.55166e-11 1.68418e-09 1.07787e-07 4.06757e-06 9.05103e-05 0.00118762 0.00919126 0.0419966 0.113759 0.18582 0.195337 0.158882 0.124862 0.0892778 0.0492024 0.0207362 0.00709055 0.00199924 0.000463467 8.70422e-05 1.23628e-05 1.21527e-06 7.79181e-08 3.16911e-09 8.0905e-11
 1.43108e-11 1.5533e-09 9.94114e-08 3.7515e-06 8.34778e-05 0.00109538 0.00847842 0.0387577 0.105173 0.172935 0.185767 0.158772 0.132186 0.0991064 0.058258 0.0266785 0.00955902 0.002565 0.000500757 7.22058e-05 7.88792e-06 6.49763e-07 3.86936e-08 1.57348e-09 4.16145e-11
 1.39684e-11 1.51614e-09 9.70328e-08 3.66175e-06 8.14811e-05 0.0010692 0.00827646 0.0378449 0.102792 0.169509 0.183455 0.158673 0.133189 0.100798 0.0607714 0.0289765 0.0108349 0.00302413 0.000606896 8.63064e-05 8.60921e-06 5.96624e-07 2.85996e-08 9.45323e-10 2.12981e-11
 1.65576e-11 1.79718e-09 1.15019e-07 4.34049e-06 9.65836e-05 0.00126733 0.00980839 0.0448164 0.121344 0.197535 0.203894 0.155818 0.111317 0.076825 0.0450409 0.0213985 0.00803034 0.00226552 0.00046333 6.72855e-05 6.78823e-06 4.6457e-07 2.11577e-08 6.33042e-10 1.23409e-11
 1.51411e-11 1.64343e-09 1.05179e-07 3.96919e-06 8.8323e-05 0.00115901 0.00897239 0.0410354 0.111496 0.183786 0.197396 0.164795 0.12823 0.0878978 0.0469239 0.0195362 0.00655363 0.00172973 0.000342398 4.89609e-05 4.89962e-06 3.33228e-07 1.50324e-08 4.41356e-10 8.30911e-12
 1.27972e-11 1.38901e-09 8.88972e-08 3.35477e-06 7.4653e-05 0.000979738 0.00758758 0.0347528 0.0949244 0.159337 0.180676 0.16823 0.146424 0.107888 0.0611106 0.0265782 0.00882956 0.00216547 0.000384313 4.92967e-05 4.52867e-06 2.90105e-07 1.25447e-08 3.56134e-10 6.49969e-12
 1.22067e-11 1.32493e-09 8.47956e-08 3.2e-06 7.121e-05 0.000934599 0.00723917 0.0331736 0.090746 0.152944 0.175012 0.165306 0.14684 0.112643 0.0683075 0.0320661 0.0112835 0.00285375 0.000507196 6.2792e-05 5.36248e-06 3.11793e-07 1.21751e-08 3.14767e-10 5.30301e-12
 1.36704e-11 1.4838e-09 9.49634e-08 3.5837e-06 7.97481e-05 0.00104662 0.00810561 0.0371193 0.101259 0.168838 0.1865 0.163269 0.133819 0.09864 0.059479 0.0283185 0.0102534 0.00269869 0.00050024 6.38422e-05 5.49396e-06 3.13099e-07 1.16571e-08 2.80637e-10 4.33051e-12
 1.35704e-11 1.47295e-09 9.42693e-08 3.55754e-06 7.91678e-05 0.00103909 0.0080493 0.0368909 0.100882 0.169374 0.190052 0.169525 0.137942 0.0969509 0.0543224 0.0240363 0.00827573 0.00212883 0.000393539 5.06514e-05 4.40976e-06 2.53274e-07 9.4111e-09 2.22955e-10 3.3308e-12
 1.40602e-11 1.5261e-09 9.76713e-08 3.68593e-06 8.20258e-05 0.00107662 0.00834049 0.0382275 0.104516 0.175142 0.19481 0.169767 0.134042 0.0923105 0.0508466 0.021756 0.007063 0.00168698 0.000290011 3.52031e-05 2.94078e-06 1.64265e-07 5.98086e-09 1.39148e-10 2.03792e-12
 1.43068e-11 1.55288e-09 9.93851e-08 3.75064e-06 8.34674e-05 0.00109561 0.00848891 0.0389242 0.106527 0.178841 0.19915 0.17231 0.132887 0.088343 0.0467002 0.0191214 0.00593284 0.00134767 0.000217955 2.45986e-05 1.89949e-06 9.82908e-08 3.3406e-09 7.32219e-11 1.01855e-12
 1.43371e-11 1.55616e-09 9.95958e-08 3.75862e-06 8.36473e-05 0.00109806 0.00850968 0.0390417 0.107 0.180185 0.201547 0.174462 0.133012 0.0865621 0.0444783 0.0175303 0.00518298 0.00111373 0.000169519 1.79208e-05 1.2893e-06 6.18086e-08 1.93735e-09 3.90803e-11 5.00683e-13
 1.45664e-11 1.58105e-09 1.01189e-07 3.81878e-06 8.49882e-05 0.00111573 0.00864814 0.0396927 0.108871 0.183519 0.205037 0.175727 0.131127 0.0831828 0.0415887 0.0158488 0.00449052 0.000916729 0.000131501 1.30091e-05 8.71149e-07 3.87248e-08 1.12226e-09 2.08783e-11 2.46132e-13
 1.50347e-11 1.63189e-09 1.04443e-07 3.94162e-06 8.7724e-05 0.00115171 0.00892799 0.0409854 0.112432 0.189319 0.210122 0.176438 0.127181 0.0777116 0.0374224 0.0136864 0.00370412 0.000719041 9.75492e-05 9.06982e-06 5.67334e-07 2.34362e-08 6.28641e-10 1.07929e-11 1.17179e-13
 1.48018e-11 1.60661e-09 1.02826e-07 3.88067e-06 8.63724e-05 0.00113413 0.0087954 0.0404204 0.111186 0.18841 0.211576 0.179821 0.129284 0.0771747 0.0357685 0.0124702 0.00319992 0.000587148 7.50632e-05 6.5528e-06 3.83397e-07 1.47605e-08 3.67741e-10 5.84592e-12 5.86105e-14
 1.47403e-11 1.59994e-09 1.024e-07 3.86466e-06 8.60203e-05 0.00112966 0.00876346 0.040304 0.111048 0.188751 0.21277 0.180936 0.12928 0.0764413 0.0350004 0.011944 0.00295763 0.000516819 6.23181e-05 5.09826e-06 2.7839e-07 9.97484e-09 2.30781e-10 3.40044e-12 3.15439e-14
 1.46474e-11 1.58986e-09 1.01756e-07 3.84045e-06 8.54871e-05 0.00112284 0.00871424 0.0401172 0.110776 0.189091 0.214421 0.182784 0.129519 0.0752491 0.0337031 0.0112086 0.00269279 0.000453972 5.24178e-05 4.06935e-06 2.08991e-07 6.9923e-09 1.503e-10 2.05081e-12 1.75818e-14
 1.345e-11 1.4599e-09 9.34401e-08 3.52683e-06 7.85198e-05 0.00103181 0.00801743 0.0370258 0.103056 0.179242 0.210933 0.189167 0.139137 0.0814755 0.0359883 0.0116514 0.00270239 0.000437449 4.82964e-05 3.56999e-06 1.73751e-07 5.4808e-09 1.10492e-10 1.40699e-12 1.12086e-14
 1.35984e-11 1.47602e-09 9.44727e-08 3.5659e-06 7.93943e-05 0.00104342 0.0081095 0.0374625 0.104278 0.181083 0.211785 0.187763 0.137044 0.0806087 0.0359589 0.0116552 0.00266128 0.000417422 4.41465e-05 3.10223e-06 1.428e-07 4.24453e-09 8.039e-11 9.59115e-13 7.1399e-15
#spawning biomass
 5658.6 6309.93 9609.67 16705.6 32670.9 43047.7 36017.8 43673 67229.7 96372.1 110507 133793 173360 207231 211031 187184 175844 163217 139529 146573 146220 161646 195986 219283 225546 218675 205147 207418 224874 37449.8 5366.68 5342.28 5342.26 5342.26 5342.26 5342.26 5342.26 5342.26 5342.26 5342.26 5342.26 5342.26 5342.26 5342.26 5342.26 5342.26 5342.26 5342.26 5342.26 5342.26 5342.26 5342.26 5342.26 5342.26 5342.26 5342.26 5342.26 5342.26 5342.26 5342.26 5342.26 5342.26 5342.26 5342.26 5342.26 5342.26 5342.26 5342.26 5342.26 5342.26 5342.26 5342.26 5342.26 5342.26 5342.26 5342.26 5342.26 5342.26 5342.26 5342.26 5342.26 5342.26 5342.26 5342.26 5342.26 5342.26 5342.26 5342.26 5342.26 5342.26 5342.26 5342.26 5342.26 5342.26 5342.26 5342.26 5342.26 5342.26 5342.26 5342.26 5342.26 5342.26 5342.26 5342.26 5342.26 5342.26 5342.26 5342.26 5342.26 5342.26 5342.26 5342.26 5342.26 5342.26 5342.26 5342.26 5342.26 5342.26 5342.26 5342.26 5342.26 5342.26 5342.26 5342.26 5342.26 5342.26 5342.26 5342.26 0 0 0 0 0 0 0 0 0 0 0 0 0 0 0 0 0 0 0 0 0 0 0 0 0
