SBPRF35
0.224663
Curr Bio
24270.5
B35
65834.9
F35
0.478439
FOFL
0
OFL
0
Bzero
64189.3
#pred survey bio
 8395.89 6557.27 7549.88 9972.66 12524.9 14831.1 14394.4 13588.8 22812.2 35263.4 35515.4 41630.7 66317 79598.2 68338 57057.7 51811.9 56734.9 54920.1 51708.6 55991.4 59852.7 65532.7 67477.4 75838.8 75875.5 68141.2 56816.5 1.07568e+06 1.27681e+06 1.21844e+06 1.04046e+06 909535 834938 796144 776671 766946 762013 759431 758024 757223 756746 756452 756264 756143 756064 756012 755977 755954 755938 755927 755920 755915 755912 755910 755909 755908 755907 755906 755906 755906 755906 755906 755906 755906 755906 755905 755905 755905 755905 755905 755905 755905 755905 755905 755905 755905 755905 755905 755905 755905 755905 755905 755905 755905 755905 755905 755905 755905 755905 755905 755905 755905 755905 755905 755905 755905 755905 755905 755905 755905 755905 755905 755905 755905 755905 755905 755905 755905 755905 755905 755905 755905 755905 755905 755905 755905 755905 755905 755905 755905 755905 755905 755905 755905 755905 755905 755905 0 0 0 0 0 0 0 0 0 0 0 0 0 0 0 0 0 0 0 0 0 0 0 0 0
#obs survey bio
 7515.89 4648.49 11128.2 11362.5 11683.6 13830.3 15234.4 9949.7 33716.3 30906.8 26648.8 97076.1 68989.6 112168 60995.1 52169.4 65496.4 39415.3 54789.5 39195.2 51568.1 49192.4 57291.2 65877.2 115588 74703.1 64980.6 55300.2
#pred catch bio
 5255.21 3431.18 3454.48 5053.66 6294.6 8067.58 9069.4 7211.01 8754.75 19809.7 23351.4 19623.8 34063.7 49294.4 43368.3 37393.8 28456.5 34777.8 34980.1 30113.6 34507.8 34715.7 41031.9 38279.3 44159.5 47534.5 46108.4 43864 0 16001.3 16072.7 13216.4 11129.3 9996.93 9442.86 9185.98 9070.75 9020.16 8998.27 8988.89 8984.89 8983.2 8982.49 8982.18 8982.06 8982 8981.98 8981.97 8981.97 8981.97 8981.97 8981.97 8981.97 8981.97 8981.97 8981.97 8981.97 8981.97 8981.97 8981.97 8981.97 8981.97 8981.97 8981.97 8981.97 8981.97 8981.97 8981.97 8981.97 8981.97 8981.97 8981.97 8981.97 8981.97 8981.97 8981.97 8981.97 8981.97 8981.97 8981.97 8981.97 8981.97 8981.97 8981.97 8981.97 8981.97 8981.97 8981.97 8981.97 8981.97 8981.97 8981.97 8981.97 8981.97 8981.97 8981.97 8981.97 8981.97 8981.97 8981.97 8981.97 8981.97 8981.97 8981.97 8981.97 8981.97 8981.97 8981.97 8981.97 8981.97 8981.97 8981.97 8981.97 8981.97 8981.97 8981.97 8981.97 8981.97 8981.97 8981.97 8981.97 8981.97 8981.97 8981.97 8981.97 8981.97 8981.97 8981.97 0 0 0 0 0 0 0 0 0 0 0 0 0 0 0 0 0 0 0 0 0 0 0 0 0
#obs catch bio
 3252.11 3468.99 3435.41 5052.45 6306.5 8064.59 9330.31 7471.68 8559.29 19195.8 24493.5 19386.2 33714.2 48684.6 43314.1 38015.9 27871.6 35360 35257.6 30195.1 35458.4 35001.8 42013.1 38371.6 43314.7 48012.4 47377.1 45304.1
#pred cpue bio
 6244.28 4431 4930.61 6521.03 8056.67 9889.06 10082.4 8663.24 12829.6 23334.8 24078.3 23841.5 40650 52968.4 47091.9 38615.5 33164.6 37752.9 35948.9 33643.9 36137.6 37710.1 42597.4 42713.5 49207 50887.4 45427.9 37153.4 646098 1.01686e+06 1.07288e+06 908441 777410 702573 663724 644241 634515 629581 627000 625593 624791 624315 624020 623832 623711 623632 623580 623545 623522 623506 623496 623489 623484 623481 623478 623477 623476 623475 623475 623474 623474 623474 623474 623474 623474 623474 623474 623474 623474 623474 623474 623474 623474 623474 623474 623474 623474 623474 623474 623474 623474 623474 623474 623474 623474 623474 623474 623474 623474 623474 623474 623474 623474 623474 623474 623474 623474 623474 623474 623474 623474 623474 623474 623474 623474 623474 623474 623474 623474 623474 623474 623474 623474 623474 623474 623474 623474 623474 623474 623474 623474 623474 623474 623474 623474 623474 623474 623474 0 0 0 0 0 0 0 0 0 0 0 0 0 0 0 0 0 0 0 0 0 0 0 0 0
#obs cpue bio
 5996.93 4392.13 4013.4 5930.05 7079.02 10309.5 5720.26 6886.47 21375.7 33187.6 13396.3 16139.3 34490.6 57347 41216 40072.7 35601 32870.9 38344.5 34360.5 27307.7 36183.1 37520.4 46272 51429.4 34897.8 31253.6 31672.3
#pred surv len freq
 2.14252e-27 2.16541e-27 5.79969e-27 1.24335e-21 7.39465e-17 1.01109e-12 3.17836e-09 2.29701e-06 0.000381645 0.0145786 0.12803 0.258497 0.120573 0.0283934 0.0955201 0.134393 0.0544746 0.0431643 0.0376009 0.0233356 0.0181107 0.0141135 0.0130368 0.0112261 0.00456829
 2.14279e-27 2.16708e-27 6.02239e-27 1.31895e-21 7.84427e-17 1.07256e-12 3.37162e-09 2.43668e-06 0.000404851 0.015465 0.135815 0.274216 0.127959 0.0315761 0.110218 0.154861 0.058956 0.0358161 0.0279832 0.0114702 0.00625802 0.00365221 0.00261992 0.0019566 0.000771606
 2.14387e-27 2.16998e-27 6.34616e-27 1.42883e-21 8.49781e-17 1.16192e-12 3.65252e-09 2.63969e-06 0.00043858 0.0167535 0.14713 0.29706 0.138473 0.030311 0.0956106 0.134375 0.0532499 0.03852 0.0301817 0.0106916 0.00438658 0.00157545 0.000703269 0.000395509 0.000142043
 2.14362e-27 2.16936e-27 6.28065e-27 1.4066e-21 8.36561e-17 1.14385e-12 3.5957e-09 2.59862e-06 0.000431757 0.0164928 0.144841 0.292439 0.136356 0.0308466 0.100273 0.140877 0.0545672 0.035933 0.0284163 0.0115154 0.00506113 0.0014424 0.000361043 0.000111679 3.16243e-05
 2.14408e-27 2.17048e-27 6.39651e-27 1.44589e-21 8.59928e-17 1.1758e-12 3.69614e-09 2.67121e-06 0.000443817 0.0169535 0.148887 0.300607 0.140128 0.0307093 0.0969728 0.136199 0.0525881 0.0341119 0.0265782 0.00992479 0.00424093 0.00131473 0.00028578 4.57942e-05 7.25852e-06
 2.14259e-27 2.16682e-27 6.00849e-27 1.31427e-21 7.81646e-17 1.06876e-12 3.35966e-09 2.42804e-06 0.000403415 0.0154102 0.135333 0.273243 0.127525 0.0319937 0.113061 0.158886 0.0607328 0.0375907 0.0290695 0.0107168 0.00442006 0.00129185 0.000279049 3.77995e-05 3.19659e-06
 2.14084e-27 2.16262e-27 5.57639e-27 1.16775e-21 6.94507e-17 9.49614e-13 2.98513e-09 2.15736e-06 0.000358442 0.0136922 0.120246 0.242783 0.113455 0.0323163 0.124212 0.174804 0.0690819 0.0494323 0.0386839 0.0136635 0.00538712 0.00152667 0.000313104 4.00824e-05 2.73761e-06
 2.14472e-27 2.1721e-27 6.574e-27 1.50613e-21 8.95754e-17 1.22478e-12 3.85012e-09 2.78249e-06 0.000462307 0.0176598 0.15509 0.31313 0.145875 0.0295767 0.0862841 0.121223 0.04854 0.0365616 0.0289849 0.0107746 0.0043884 0.00118734 0.000229821 2.78933e-05 1.7617e-06
 2.14758e-27 2.17898e-27 7.28239e-27 1.74633e-21 1.03861e-16 1.42012e-12 4.46415e-09 3.22626e-06 0.000536038 0.0204763 0.179824 0.363068 0.168938 0.028957 0.0674499 0.0943736 0.0349693 0.0183965 0.0140604 0.00561769 0.00246963 0.000705596 0.000137974 1.59307e-05 9.47678e-07
 2.14202e-27 2.16529e-27 5.82961e-27 1.2535e-21 7.45507e-17 1.01935e-12 3.20433e-09 2.31578e-06 0.000384764 0.0146977 0.129076 0.260611 0.121762 0.0340552 0.129453 0.181765 0.0657659 0.0297095 0.0215743 0.00726524 0.00280937 0.000860581 0.000183442 2.19425e-05 1.2765e-06
 2.1424e-27 2.16645e-27 5.98232e-27 1.30545e-21 7.764e-17 1.06159e-12 3.33712e-09 2.41175e-06 0.000400708 0.0153068 0.134425 0.271409 0.126636 0.0309027 0.106955 0.150528 0.0612417 0.0487628 0.0377586 0.0111302 0.00346072 0.000882168 0.00017452 2.22132e-05 1.36022e-06
 2.14724e-27 2.17817e-27 7.19913e-27 1.7181e-21 1.02182e-16 1.39716e-12 4.39199e-09 3.17411e-06 0.000527373 0.0201453 0.176917 0.357199 0.166226 0.0289733 0.0693185 0.0970571 0.0365951 0.0211731 0.0163484 0.00631407 0.00253566 0.000569368 8.75375e-05 9.62717e-06 5.86747e-07
 2.14473e-27 2.17193e-27 6.52918e-27 1.4908e-21 8.86634e-17 1.21231e-12 3.81092e-09 2.75417e-06 0.0004576 0.01748 0.15351 0.309943 0.144494 0.0320411 0.10229 0.143412 0.051353 0.0215303 0.0154396 0.00529 0.00205434 0.000586857 0.000105097 9.87571e-06 4.98848e-07
 2.14237e-27 2.16624e-27 5.94261e-27 1.2919e-21 7.6834e-17 1.05057e-12 3.30247e-09 2.38671e-06 0.000396548 0.0151479 0.133029 0.268592 0.125395 0.0325402 0.1178 0.165559 0.0630711 0.0383335 0.0286726 0.00822262 0.00246937 0.000632832 0.000120722 1.34325e-05 6.73914e-07
 2.14125e-27 2.16356e-27 5.66889e-27 1.19909e-21 7.13146e-17 9.75101e-13 3.06524e-09 2.21526e-06 0.000368062 0.0140597 0.123473 0.249299 0.116479 0.0326434 0.124245 0.174762 0.0678922 0.0452099 0.0348498 0.0116366 0.00405679 0.000877146 0.000131718 1.40544e-05 7.76869e-07
 2.14238e-27 2.16637e-27 5.97025e-27 1.30134e-21 7.73958e-17 1.05825e-12 3.32662e-09 2.40416e-06 0.000399447 0.0152586 0.134002 0.270556 0.126256 0.0312762 0.109492 0.154008 0.0611114 0.0444386 0.0348463 0.0122949 0.00469759 0.00116198 0.000182287 1.62616e-05 7.9008e-07
 2.14398e-27 2.17022e-27 6.3631e-27 1.43453e-21 8.53173e-17 1.16656e-12 3.6671e-09 2.65022e-06 0.000440331 0.0168203 0.147717 0.298246 0.139057 0.0312552 0.101017 0.141836 0.0537252 0.031803 0.0244259 0.00893847 0.00358443 0.000947719 0.000166513 1.61566e-05 7.37671e-07
 2.14249e-27 2.16656e-27 5.9783e-27 1.30401e-21 7.75545e-17 1.06042e-12 3.33344e-09 2.40909e-06 0.000400266 0.0152899 0.134277 0.271111 0.126552 0.0323333 0.115777 0.162692 0.0617959 0.0370646 0.0282353 0.00960981 0.00364104 0.00100609 0.000190972 2.04084e-05 1.01882e-06
 2.14335e-27 2.1687e-27 6.20833e-27 1.38206e-21 8.21964e-17 1.12389e-12 3.53296e-09 2.55328e-06 0.000424224 0.0162051 0.142314 0.287337 0.134013 0.0312687 0.104388 0.14669 0.0568545 0.0374743 0.0288336 0.00961812 0.00349184 0.000899281 0.000166063 1.87843e-05 1.02113e-06
 2.14317e-27 2.1682e-27 6.14652e-27 1.36105e-21 8.09469e-17 1.1068e-12 3.47925e-09 2.51447e-06 0.000417775 0.0159587 0.14015 0.282969 0.13203 0.032224 0.111536 0.156634 0.0585835 0.0324344 0.0244822 0.00846166 0.00316889 0.000793672 0.00013754 1.48314e-05 8.20843e-07
 2.14379e-27 2.16974e-27 6.31601e-27 1.41857e-21 8.43679e-17 1.15358e-12 3.6263e-09 2.62074e-06 0.000435431 0.0166332 0.146073 0.294928 0.137517 0.0311213 0.1012 0.142164 0.0548306 0.0353454 0.0270095 0.00872478 0.0030694 0.000790649 0.000139214 1.44044e-05 7.58693e-07
 2.1443e-27 2.17094e-27 6.43443e-27 1.45871e-21 8.67548e-17 1.18622e-12 3.72889e-09 2.69488e-06 0.00044775 0.0171038 0.150206 0.303271 0.141387 0.0314484 0.100682 0.141301 0.0527115 0.0287689 0.0216582 0.00745418 0.00275913 0.000672123 0.000113479 1.18485e-05 6.14371e-07
 2.14317e-27 2.16818e-27 6.14415e-27 1.36024e-21 8.08989e-17 1.10615e-12 3.47719e-09 2.51298e-06 0.000417527 0.0159493 0.140067 0.282802 0.131954 0.0322602 0.111808 0.157025 0.05884 0.0328876 0.0246038 0.00784462 0.00271514 0.000692214 0.000119323 1.19841e-05 6.10259e-07
 2.14428e-27 2.17092e-27 6.43559e-27 1.45911e-21 8.67791e-17 1.18655e-12 3.72993e-09 2.69563e-06 0.000447875 0.0171085 0.150248 0.303356 0.141414 0.0311298 0.0987117 0.138589 0.0526595 0.0316234 0.0238873 0.00756336 0.00254365 0.000603924 0.00010005 1.02477e-05 5.17497e-07
 2.1433e-27 2.1685e-27 6.17878e-27 1.372e-21 8.15978e-17 1.11571e-12 3.50723e-09 2.53469e-06 0.000421135 0.0160871 0.141277 0.285245 0.133077 0.0320805 0.109974 0.154443 0.0579481 0.0326328 0.0246272 0.00832832 0.00301515 0.000715919 0.000113676 1.104e-05 5.5037e-07
 2.14227e-27 2.16602e-27 5.92391e-27 1.28557e-21 7.6458e-17 1.04543e-12 3.28631e-09 2.37503e-06 0.000394607 0.0150737 0.132378 0.267278 0.124777 0.0322611 0.116492 0.163753 0.0629106 0.0398346 0.0304033 0.00990322 0.00349708 0.000878667 0.000147177 1.40956e-05 6.72129e-07
 2.14265e-27 2.167e-27 6.02905e-27 1.32125e-21 7.85799e-17 1.07444e-12 3.37752e-09 2.44094e-06 0.000405559 0.0154921 0.136052 0.274695 0.128186 0.0317359 0.11105 0.156102 0.0604564 0.0397228 0.0306513 0.0104744 0.00385491 0.000943666 0.000157962 1.58468e-05 7.69101e-07
 2.143e-27 2.16778e-27 6.10318e-27 1.34635e-21 8.00727e-17 1.09485e-12 3.44168e-09 2.48731e-06 0.000413263 0.0157864 0.138637 0.279914 0.13062 0.0322973 0.112905 0.15858 0.0594937 0.0334829 0.0252582 0.00853269 0.00313621 0.000793229 0.000134997 1.3442e-05 6.65427e-07
#obs surv len freq
 8.70792e-40 4.26192e-33 4.79558e-27 1.24057e-21 7.37815e-17 1.00883e-12 3.17126e-09 2.29188e-06 0.000380799 0.014546 0.127743 0.257921 0.120451 0.0322498 0.119243 0.167674 0.0648418 0.0423558 0.0330441 0.0123567 0.0052179 0.00157626 0.000346545 4.67157e-05 3.21864e-06
 1.03534e-39 5.06727e-33 5.70177e-27 1.47499e-21 8.77235e-17 1.19946e-12 3.77051e-09 2.72496e-06 0.000452755 0.0172947 0.151882 0.306656 0.14292 0.0305945 0.094449 0.13262 0.0510448 0.03263 0.0252702 0.00913731 0.00370654 0.00107886 0.000229094 3.0018e-05 2.0045e-06
 9.68881e-40 4.742e-33 5.33578e-27 1.38031e-21 8.20925e-17 1.12247e-12 3.52848e-09 2.55004e-06 0.000423693 0.0161845 0.142133 0.286973 0.133903 0.0328159 0.113942 0.159891 0.0578895 0.0262818 0.0192238 0.00677077 0.00265435 0.000741126 0.000149791 1.88259e-05 1.21594e-06
 1.04888e-39 5.13352e-33 5.77632e-27 1.49428e-21 8.88703e-17 1.21514e-12 3.81981e-09 2.76058e-06 0.000458675 0.0175208 0.153867 0.310665 0.144801 0.0313314 0.09774 0.137133 0.050979 0.027251 0.0200355 0.00583168 0.00180549 0.000474281 9.13683e-05 1.09046e-05 6.72415e-07
 9.85828e-40 4.82494e-33 5.4291e-27 1.40446e-21 8.35283e-17 1.1421e-12 3.5902e-09 2.59464e-06 0.000431104 0.0164676 0.144619 0.291992 0.136226 0.032881 0.112827 0.158284 0.0568628 0.024406 0.0173906 0.00540981 0.00174957 0.000383648 5.99767e-05 6.57769e-06 3.84191e-07
 8.14379e-40 3.98582e-33 4.48491e-27 1.1602e-21 6.90017e-17 9.43473e-13 2.96582e-09 2.1434e-06 0.000356129 0.0136037 0.119468 0.241213 0.112822 0.0347832 0.139744 0.196339 0.0718729 0.0350249 0.0252476 0.00703668 0.00197249 0.000442049 6.61683e-05 6.00274e-06 3.01941e-07
 7.91815e-40 3.87539e-33 4.36065e-27 1.12806e-21 6.70899e-17 9.17333e-13 2.88364e-09 2.08402e-06 0.000346262 0.0132268 0.116157 0.23453 0.109687 0.0335957 0.13451 0.189218 0.0728611 0.0465921 0.0351854 0.0103238 0.00304985 0.000623171 8.38398e-05 7.30118e-06 3.25979e-07
 1.32983e-39 6.50857e-33 7.32355e-27 1.89453e-21 1.12675e-16 1.54063e-12 4.84297e-09 3.50003e-06 0.000581534 0.0222139 0.195082 0.393875 0.183126 0.0274589 0.0490203 0.0684158 0.0261017 0.015999 0.0122111 0.00410219 0.00144762 0.000315226 4.2649e-05 3.40045e-06 1.39534e-07
 1.10566e-39 5.41142e-33 6.08902e-27 1.57517e-21 9.36813e-17 1.28092e-12 4.02659e-09 2.91003e-06 0.000483505 0.0184693 0.162197 0.327483 0.152626 0.0326519 0.100732 0.140974 0.0472124 0.00948969 0.00522255 0.00168819 0.000595551 0.000147326 2.32757e-05 1.9592e-06 7.77554e-08
 6.34785e-40 3.10683e-33 3.49586e-27 9.04345e-22 5.37848e-17 7.3541e-13 2.31177e-09 1.67072e-06 0.000277592 0.0106037 0.0931214 0.188022 0.0883769 0.0386847 0.179593 0.252308 0.0889516 0.0328037 0.0217834 0.00465386 0.000663726 0.000130714 2.1472e-05 2.06049e-06 9.06883e-08
 1.22989e-39 6.01948e-33 6.77321e-27 1.75217e-21 1.04208e-16 1.42485e-12 4.47904e-09 3.23701e-06 0.000537834 0.0205446 0.180422 0.364278 0.169457 0.0278588 0.0603824 0.0846412 0.0347294 0.0284409 0.0217626 0.00553455 0.00121314 0.000179028 1.40138e-05 1.03052e-06 4.79999e-08
 1.17825e-39 5.76669e-33 6.48877e-27 1.67858e-21 9.98317e-17 1.36502e-12 4.29095e-09 3.10108e-06 0.000515248 0.0196818 0.172846 0.348981 0.162514 0.0312794 0.0858737 0.120082 0.0405204 0.00918228 0.00549317 0.00207021 0.000793423 0.000149434 1.44891e-05 7.54901e-07 2.07466e-08
 8.83001e-40 4.32168e-33 4.86282e-27 1.25797e-21 7.48159e-17 1.02297e-12 3.21572e-09 2.32401e-06 0.000386138 0.01475 0.129534 0.261538 0.122252 0.0356741 0.139057 0.195052 0.0671003 0.0194324 0.0120581 0.00262876 0.00042288 9.63281e-05 1.51849e-05 1.04491e-06 2.909e-08
 9.22717e-40 4.51606e-33 5.08155e-27 1.31455e-21 7.81811e-17 1.06899e-12 3.36036e-09 2.42854e-06 0.000403506 0.0154134 0.13536 0.2733 0.1276 0.0332741 0.120861 0.169732 0.0626408 0.0320572 0.0229136 0.00533903 0.000952009 0.00013715 1.20998e-05 9.58948e-07 3.78912e-08
 7.36811e-40 3.60618e-33 4.05773e-27 1.0497e-21 6.24294e-17 8.53609e-13 2.68333e-09 1.93925e-06 0.000322208 0.012308 0.108088 0.21824 0.102254 0.0362003 0.155319 0.218239 0.0788705 0.0353064 0.0251677 0.00728007 0.00203562 0.000337938 2.80619e-05 1.42609e-06 4.26043e-08
 1.12093e-39 5.48615e-33 6.17311e-27 1.59693e-21 9.49751e-17 1.29861e-12 4.0822e-09 2.95022e-06 0.000490183 0.0187243 0.164437 0.332004 0.154612 0.0298641 0.0823514 0.115524 0.0444867 0.0284423 0.0213174 0.00583363 0.00155453 0.000314726 3.76203e-05 2.2053e-06 5.51874e-08
 8.71501e-40 4.2654e-33 4.79949e-27 1.24158e-21 7.38416e-17 1.00965e-12 3.17385e-09 2.29374e-06 0.000381109 0.0145579 0.127847 0.258132 0.120677 0.0356698 0.140057 0.196468 0.0676466 0.0198272 0.0128578 0.00416342 0.00139425 0.0002814 3.46668e-05 2.53494e-06 8.19757e-08
 9.53437e-40 4.66641e-33 5.25072e-27 1.35831e-21 8.07839e-17 1.10457e-12 3.47224e-09 2.50939e-06 0.000416939 0.0159265 0.139867 0.282399 0.131787 0.0327831 0.115122 0.161647 0.059856 0.03124 0.0224094 0.00526103 0.00102967 0.000219033 3.20572e-05 2.47007e-06 8.87331e-08
 1.01097e-39 4.94801e-33 5.56758e-27 1.44028e-21 8.56589e-17 1.17123e-12 3.68177e-09 2.66083e-06 0.0004421 0.0168876 0.148307 0.299439 0.139661 0.0326532 0.109192 0.153144 0.0548376 0.0229661 0.0161666 0.00471257 0.00133538 0.000227667 2.27426e-05 1.76583e-06 7.08412e-08
 8.62963e-40 4.22361e-33 4.75247e-27 1.22942e-21 7.31182e-17 9.99759e-13 3.14275e-09 2.27127e-06 0.000377375 0.0144152 0.126595 0.255603 0.119484 0.0350383 0.136964 0.192256 0.0682023 0.0265292 0.0181906 0.00483319 0.00122846 0.000248597 3.03701e-05 1.94082e-06 6.33703e-08
 1.11505e-39 5.45737e-33 6.14072e-27 1.58855e-21 9.44768e-17 1.2918e-12 4.06078e-09 2.93474e-06 0.000487611 0.0186261 0.163574 0.330263 0.153836 0.0306601 0.0877352 0.122993 0.0454919 0.0236017 0.0170658 0.00440688 0.001038 0.000192366 2.28163e-05 1.67374e-06 5.68547e-08
 8.87232e-40 4.34239e-33 4.88612e-27 1.26399e-21 7.51745e-17 1.02788e-12 3.23113e-09 2.33515e-06 0.000387988 0.0148206 0.130155 0.262791 0.122818 0.0353414 0.136648 0.191688 0.0663203 0.0204714 0.0133283 0.00387719 0.00111806 0.000207828 2.27123e-05 1.55778e-06 5.44758e-08
 1.00563e-39 4.92184e-33 5.53814e-27 1.43266e-21 8.52059e-17 1.16504e-12 3.6623e-09 2.64675e-06 0.000439762 0.0167983 0.147523 0.297856 0.138915 0.0322842 0.107417 0.150739 0.0553344 0.0274156 0.019519 0.00463806 0.000917568 0.00017654 2.23485e-05 1.53944e-06 5.04177e-08
 1.0362e-39 5.07146e-33 5.70649e-27 1.47621e-21 8.7796e-17 1.20045e-12 3.77363e-09 2.72721e-06 0.00045313 0.017309 0.152008 0.30691 0.143112 0.032577 0.106475 0.149265 0.0528057 0.020087 0.0138013 0.00392044 0.00107203 0.000182858 1.77597e-05 1.22709e-06 4.33228e-08
 8.72601e-40 4.27078e-33 4.80555e-27 1.24315e-21 7.39348e-17 1.01092e-12 3.17785e-09 2.29664e-06 0.00038159 0.0145762 0.128009 0.258458 0.120804 0.0350442 0.13614 0.191072 0.0674798 0.0252823 0.0171203 0.00437831 0.00102758 0.000200085 2.37476e-05 1.48864e-06 4.54719e-08
 9.18761e-40 4.4967e-33 5.05975e-27 1.30891e-21 7.78458e-17 1.0644e-12 3.34595e-09 2.41813e-06 0.000401775 0.0153473 0.13478 0.272128 0.127055 0.0331985 0.120753 0.169593 0.0627671 0.0326798 0.0236177 0.00602757 0.00137607 0.000243933 2.69219e-05 1.88614e-06 6.22967e-08
 9.71341e-40 4.75404e-33 5.34932e-27 1.38382e-21 8.23009e-17 1.12532e-12 3.53744e-09 2.55652e-06 0.000424769 0.0162256 0.142493 0.287701 0.134247 0.0329885 0.114777 0.161057 0.0581968 0.0260279 0.0185654 0.00541616 0.00155947 0.000285899 3.00729e-05 1.94555e-06 6.39816e-08
 1.13136e-39 5.53724e-33 6.23059e-27 1.6118e-21 9.58595e-17 1.31071e-12 4.12022e-09 2.97769e-06 0.000494747 0.0188987 0.165968 0.335096 0.156087 0.0310819 0.0888535 0.124448 0.0443451 0.0178801 0.0123862 0.00336262 0.000888107 0.00018182 2.29341e-05 1.54373e-06 4.83022e-08
#pred catch len freq
 2.13934e-27 2.15727e-27 4.92888e-27 9.47963e-22 5.6379e-17 7.70882e-13 2.42328e-09 1.75131e-06 0.000290977 0.0111151 0.0976137 0.197088 0.092208 0.0290824 0.118233 0.166628 0.0685746 0.0572377 0.0500985 0.031041 0.0240341 0.0186755 0.017223 0.0148234 0.00603164
 2.13908e-27 2.15796e-27 5.06326e-27 9.93636e-22 5.90953e-17 8.08023e-13 2.54003e-09 1.83569e-06 0.000304997 0.0116507 0.102317 0.206585 0.0967644 0.0335064 0.142385 0.200388 0.0774756 0.0505934 0.0399111 0.0163802 0.00893408 0.00520124 0.00372468 0.00278 0.0010962
 2.13984e-27 2.16017e-27 5.32446e-27 1.08233e-21 6.43704e-17 8.8015e-13 2.76676e-09 1.99955e-06 0.000332222 0.0126906 0.11145 0.225024 0.105238 0.0321432 0.128507 0.181013 0.0733339 0.0576148 0.0455588 0.016182 0.00665145 0.00238473 0.00106236 0.000596963 0.000214359
 2.13982e-27 2.16014e-27 5.31869e-27 1.08036e-21 6.4253e-17 8.78545e-13 2.76172e-09 1.9959e-06 0.000331616 0.0126675 0.111247 0.224614 0.105072 0.0327798 0.132516 0.186536 0.0735066 0.0520657 0.0415429 0.01686 0.00741379 0.0021093 0.000526824 0.000162745 4.60691e-05
 2.14032e-27 2.16135e-27 5.44335e-27 1.12262e-21 6.67668e-17 9.12917e-13 2.86977e-09 2.07399e-06 0.00034459 0.0131631 0.115599 0.233401 0.109132 0.0327093 0.129438 0.182162 0.0715319 0.0499016 0.0392325 0.0146702 0.00627146 0.00194091 0.000421176 6.74067e-05 1.06771e-05
 2.13894e-27 2.15795e-27 5.08167e-27 9.9993e-22 5.94697e-17 8.13142e-13 2.55612e-09 1.84732e-06 0.000306929 0.0117245 0.102965 0.207894 0.0973891 0.034029 0.145183 0.204346 0.0792537 0.0524357 0.0409002 0.0150869 0.00622113 0.00181481 0.000391261 5.29429e-05 4.47434e-06
 2.13757e-27 2.15468e-27 4.74951e-27 8.87321e-22 5.27723e-17 7.21568e-13 2.26826e-09 1.63928e-06 0.000272363 0.0104041 0.0913693 0.184483 0.0865619 0.0339289 0.151628 0.21365 0.0855195 0.0642964 0.0505806 0.0178403 0.00701909 0.00198451 0.000406117 5.19283e-05 3.54449e-06
 2.14114e-27 2.16343e-27 5.67156e-27 1.20008e-21 7.13733e-17 9.75903e-13 3.06776e-09 2.21708e-06 0.000368365 0.0140713 0.123575 0.249504 0.116521 0.0312321 0.115567 0.162732 0.0663273 0.0532498 0.0424955 0.0158031 0.00643465 0.00173784 0.000335705 4.06987e-05 2.56891e-06
 2.14405e-27 2.17037e-27 6.38026e-27 1.44036e-21 8.56635e-17 1.1713e-12 3.68198e-09 2.66098e-06 0.000442118 0.0168886 0.148317 0.299457 0.139615 0.0312159 0.100412 0.140963 0.0531138 0.0306308 0.0237547 0.00952861 0.00419895 0.00119835 0.000233989 2.69907e-05 1.60468e-06
 2.13855e-27 2.15681e-27 4.93672e-27 9.50642e-22 5.65383e-17 7.7306e-13 2.43013e-09 1.75626e-06 0.0002918 0.0111466 0.0978896 0.197648 0.0927474 0.0365708 0.163788 0.230252 0.0841041 0.0404731 0.029736 0.0100154 0.00386989 0.00118303 0.000251722 3.0079e-05 1.7488e-06
 2.13932e-27 2.15897e-27 5.20254e-27 1.04099e-21 6.19116e-17 8.46531e-13 2.66108e-09 1.92317e-06 0.000319532 0.0122059 0.107193 0.21643 0.101274 0.0323967 0.132646 0.186949 0.0769357 0.0636851 0.0494908 0.0145588 0.00451043 0.00114661 0.000226257 2.87631e-05 1.7603e-06
 2.14399e-27 2.17026e-27 6.37087e-27 1.43718e-21 8.54748e-17 1.16872e-12 3.67387e-09 2.65512e-06 0.000441144 0.0168514 0.14799 0.298797 0.139301 0.0309755 0.0991439 0.13923 0.0532637 0.033117 0.0258305 0.00998893 0.00401361 0.000900043 0.000138085 1.51666e-05 9.23763e-07
 2.14125e-27 2.16342e-27 5.63099e-27 1.18613e-21 7.05436e-17 9.64558e-13 3.0321e-09 2.19131e-06 0.000364082 0.0139077 0.122138 0.246604 0.115311 0.0347099 0.137672 0.193353 0.0698889 0.03136 0.0227999 0.00781792 0.00303575 0.000865711 0.000154785 1.45294e-05 7.33354e-07
 2.13914e-27 2.15838e-27 5.1179e-27 1.01218e-21 6.0198e-17 8.23101e-13 2.58743e-09 1.86994e-06 0.000310688 0.0118681 0.104226 0.21044 0.0985858 0.0345498 0.147596 0.207704 0.0799512 0.0510319 0.0384133 0.0110034 0.00329617 0.000842659 0.000160383 1.78255e-05 8.93796e-07
 2.13804e-27 2.15576e-27 4.85285e-27 9.22324e-22 5.48541e-17 7.50032e-13 2.35774e-09 1.70394e-06 0.000283108 0.0108145 0.0949736 0.19176 0.0899446 0.0344182 0.152422 0.214652 0.084333 0.0588988 0.0456513 0.0152199 0.00529459 0.00114254 0.000171123 1.82325e-05 1.00715e-06
 2.13929e-27 2.15888e-27 5.18896e-27 1.03637e-21 6.16366e-17 8.42771e-13 2.64926e-09 1.91463e-06 0.000318113 0.0121517 0.106717 0.215468 0.100848 0.0328715 0.135833 0.191318 0.0767159 0.05806 0.04571 0.0160876 0.00612798 0.00151225 0.000236699 2.1088e-05 1.0237e-06
 2.1405e-27 2.16172e-27 5.47315e-27 1.13269e-21 6.73656e-17 9.21104e-13 2.8955e-09 2.09259e-06 0.00034768 0.0132812 0.116636 0.235495 0.110124 0.0333564 0.132758 0.186729 0.071644 0.0451352 0.0349583 0.0127929 0.00512673 0.00135301 0.000237263 2.29967e-05 1.04929e-06
 2.13923e-27 2.15861e-27 5.1451e-27 1.02142e-21 6.07474e-17 8.30613e-13 2.61104e-09 1.88701e-06 0.000313524 0.0119764 0.105177 0.212361 0.0994652 0.0343257 0.145648 0.20494 0.0786644 0.0496216 0.0380504 0.0129332 0.00488969 0.00134801 0.000255339 2.72563e-05 1.35983e-06
 2.14027e-27 2.16119e-27 5.42244e-27 1.11551e-21 6.63437e-17 9.07132e-13 2.85158e-09 2.06085e-06 0.000342406 0.0130797 0.114867 0.231923 0.108462 0.0330629 0.132043 0.185823 0.0727348 0.0500162 0.0386708 0.012872 0.00465912 0.00119693 0.000220496 2.49108e-05 1.35332e-06
 2.13981e-27 2.15999e-27 5.28545e-27 1.069e-21 6.35773e-17 8.69306e-13 2.73267e-09 1.97491e-06 0.000328129 0.0125343 0.110077 0.222253 0.104041 0.0343998 0.143119 0.201281 0.0760898 0.044564 0.0339126 0.0117131 0.00438063 0.00109499 0.000189343 2.03924e-05 1.12787e-06
 2.14063e-27 2.16206e-27 5.51188e-27 1.14584e-21 6.81474e-17 9.31794e-13 2.92911e-09 2.11687e-06 0.000351715 0.0134353 0.117989 0.238227 0.111374 0.0329915 0.129707 0.182498 0.0711309 0.0480281 0.0369046 0.0119015 0.00417604 0.00107318 0.00018854 1.94842e-05 1.02553e-06
 2.14104e-27 2.16299e-27 5.59975e-27 1.1756e-21 6.99173e-17 9.55994e-13 3.00518e-09 2.17185e-06 0.00036085 0.0137842 0.121054 0.244415 0.114258 0.0336119 0.131629 0.185039 0.0697264 0.0401681 0.0304801 0.0104808 0.00387327 0.000941638 0.000158622 1.65416e-05 8.57155e-07
 2.14005e-27 2.16057e-27 5.34457e-27 1.08904e-21 6.47695e-17 8.85607e-13 2.78392e-09 2.01194e-06 0.000334282 0.0127693 0.112141 0.22642 0.105966 0.0343362 0.141474 0.198956 0.0752033 0.0439919 0.0331229 0.0105426 0.00363875 0.000925479 0.000159176 1.59668e-05 8.12487e-07
 2.14093e-27 2.16276e-27 5.57998e-27 1.16892e-21 6.95199e-17 9.5056e-13 2.9881e-09 2.15951e-06 0.000358799 0.0137059 0.120366 0.243025 0.1136 0.0332082 0.129584 0.182253 0.0700826 0.0445565 0.033911 0.0107318 0.00360477 0.000854233 0.000141203 1.44453e-05 7.28989e-07
 2.13994e-27 2.16031e-27 5.31963e-27 1.08059e-21 6.42668e-17 8.78734e-13 2.76231e-09 1.99633e-06 0.000331687 0.0126702 0.111271 0.224663 0.105149 0.0342369 0.141398 0.198869 0.0754299 0.0449221 0.0341716 0.0115481 0.00417519 0.000989489 0.00015677 1.5206e-05 7.57514e-07
 2.13906e-27 2.1582e-27 5.10526e-27 1.00792e-21 5.99445e-17 8.19635e-13 2.57653e-09 1.86207e-06 0.00030938 0.0118181 0.103787 0.209554 0.0981613 0.0341571 0.145465 0.204747 0.079494 0.0527846 0.0405216 0.0131787 0.00464239 0.00116381 0.000194509 1.86061e-05 8.86558e-07
 2.13975e-27 2.15993e-27 5.2896e-27 1.07046e-21 6.36641e-17 8.70492e-13 2.7364e-09 1.97761e-06 0.000328576 0.0125514 0.110227 0.222556 0.104146 0.0334537 0.137252 0.193172 0.0754059 0.0512711 0.0397117 0.0135287 0.00495996 0.00121105 0.000202204 2.02585e-05 9.8253e-07
 2.1408e-27 2.1624e-27 5.53615e-27 1.15402e-21 6.8634e-17 9.38448e-13 2.95002e-09 2.13199e-06 0.000354227 0.0135312 0.118832 0.239929 0.112194 0.0338929 0.134697 0.189356 0.0711644 0.0404229 0.030513 0.0102496 0.003742 0.000943286 0.000160082 1.59169e-05 7.87338e-07
#obs catch len freq
 4.11375e-40 2.01339e-33 2.2655e-27 5.86064e-22 3.48554e-17 4.76585e-13 1.49815e-09 1.08272e-06 0.000179895 0.00687175 0.0603477 0.121852 0.0576814 0.035918 0.182646 0.2575 0.102671 0.076125 0.0605745 0.023445 0.010228 0.00314518 0.000708119 9.84225e-05 7.01213e-06
 4.22266e-40 2.0667e-33 2.32548e-27 6.0158e-22 3.57782e-17 4.89203e-13 1.53781e-09 1.11138e-06 0.000184657 0.00705368 0.0619454 0.125078 0.0591896 0.0363649 0.184402 0.259893 0.102421 0.0725054 0.0571235 0.0213908 0.00903722 0.00272539 0.000597956 8.04735e-05 5.53762e-06
 5.72702e-40 2.80298e-33 3.15396e-27 8.15899e-22 4.85246e-17 6.63486e-13 2.08567e-09 1.50732e-06 0.000250444 0.00956662 0.0840141 0.169634 0.0797418 0.0351197 0.163372 0.230116 0.0901227 0.0621633 0.0486 0.0175888 0.00713572 0.00207323 0.000439293 5.74624e-05 3.83229e-06
 5.17543e-40 2.53301e-33 2.85019e-27 7.37317e-22 4.3851e-17 5.99583e-13 1.88479e-09 1.36214e-06 0.000226322 0.00864522 0.0759223 0.153298 0.0723115 0.0383775 0.188183 0.264689 0.0969188 0.0473885 0.0351373 0.0123846 0.00485458 0.00135297 0.00027284 3.42307e-05 2.20804e-06
 6.01448e-40 2.94367e-33 3.31227e-27 8.56852e-22 5.09602e-17 6.96789e-13 2.19036e-09 1.58298e-06 0.000263014 0.0100468 0.0882311 0.178148 0.0837315 0.0365409 0.169482 0.238479 0.0897858 0.0514239 0.0382046 0.0111221 0.00344139 0.000902241 0.000173406 2.06583e-05 1.27214e-06
 5.46123e-40 2.67289e-33 3.00758e-27 7.78033e-22 4.62726e-17 6.32694e-13 1.98888e-09 1.43737e-06 0.00023882 0.00912263 0.080115 0.161763 0.0762326 0.0385802 0.186869 0.262763 0.0952872 0.0436923 0.0315384 0.0098112 0.00317083 0.000694117 0.000108222 1.18452e-05 6.90888e-07
 4.0743e-40 1.99409e-33 2.24378e-27 5.80444e-22 3.45212e-17 4.72015e-13 1.48378e-09 1.07233e-06 0.00017817 0.00680585 0.059769 0.120685 0.0572847 0.0397292 0.206265 0.290274 0.107367 0.0557316 0.0406032 0.0113141 0.00316789 0.000708618 0.000105818 9.58127e-06 4.81159e-07
 3.9456e-40 1.9311e-33 2.1729e-27 5.6211e-22 3.34307e-17 4.57105e-13 1.43691e-09 1.03846e-06 0.000172542 0.00659087 0.057881 0.116873 0.0554431 0.0376196 0.194536 0.274131 0.106971 0.0725378 0.0551751 0.0161794 0.00477298 0.000973534 0.000130627 1.13533e-05 5.06148e-07
 9.82236e-40 4.80737e-33 5.40932e-27 1.39934e-21 8.32241e-17 1.13794e-12 3.57712e-09 2.58519e-06 0.000429533 0.0164076 0.144092 0.290928 0.135672 0.0312255 0.103042 0.144772 0.0558978 0.0362266 0.0278473 0.00934537 0.00329246 0.000715615 9.65772e-05 7.68561e-06 3.14875e-07
 6.90442e-40 3.37924e-33 3.80237e-27 9.83638e-22 5.85006e-17 7.9989e-13 2.51446e-09 1.81721e-06 0.000301931 0.0115334 0.101286 0.204507 0.096025 0.0393995 0.178987 0.25115 0.0843465 0.0177455 0.0100117 0.0032348 0.00113898 0.000281147 4.43135e-05 3.72377e-06 1.47575e-07
 3.00204e-40 1.46929e-33 1.65327e-27 4.27685e-22 2.5436e-17 3.47792e-13 1.09329e-09 7.9012e-07 0.00013128 0.00501471 0.0440392 0.0889282 0.0427384 0.0433417 0.237889 0.334527 0.118652 0.0460329 0.0309381 0.00660827 0.000939981 0.000184554 3.02339e-05 2.89611e-06 1.27303e-07
 8.48576e-40 4.15319e-33 4.67324e-27 1.20892e-21 7.18991e-17 9.83091e-13 3.09035e-09 2.23341e-06 0.000371084 0.0141749 0.124484 0.251341 0.117371 0.0312304 0.115004 0.162028 0.0674496 0.0578877 0.0444877 0.0113025 0.00247142 0.00036423 2.8424e-05 2.08352e-06 9.68925e-08
 7.90836e-40 3.87059e-33 4.35525e-27 1.12666e-21 6.70069e-17 9.16198e-13 2.88008e-09 2.08144e-06 0.000345834 0.0132104 0.116014 0.234241 0.109697 0.0374271 0.157985 0.221627 0.0750011 0.017714 0.010797 0.00406258 0.00155382 0.000292198 2.82621e-05 1.46978e-06 4.0308e-08
 4.87183e-40 2.38442e-33 2.68299e-27 6.94064e-22 4.12786e-17 5.6441e-13 1.77423e-09 1.28224e-06 0.000213046 0.00813807 0.0714686 0.144307 0.0682791 0.0416922 0.211129 0.296603 0.102455 0.0310432 0.0195468 0.00426003 0.000683038 0.000155088 2.43966e-05 1.67659e-06 4.66152e-08
 5.19323e-40 2.54173e-33 2.85999e-27 7.39853e-22 4.40018e-17 6.01646e-13 1.89128e-09 1.36683e-06 0.000227101 0.00867496 0.0761835 0.153825 0.072551 0.0382622 0.187322 0.26358 0.0980908 0.0526819 0.0379464 0.00883549 0.00157127 0.000225976 1.987e-05 1.57041e-06 6.19814e-08
 3.72122e-40 1.82128e-33 2.04933e-27 5.30143e-22 3.15296e-17 4.3111e-13 1.3552e-09 9.79405e-07 0.00016273 0.00621606 0.0545894 0.110228 0.052493 0.0408679 0.216367 0.3044 0.110798 0.0520573 0.037442 0.0108167 0.00301726 0.000500191 4.14311e-05 2.10074e-06 6.26259e-08
 7.17933e-40 3.51378e-33 3.95376e-27 1.0228e-21 6.08298e-17 8.31738e-13 2.61457e-09 1.88956e-06 0.000313953 0.0119926 0.105319 0.212648 0.0995937 0.0342087 0.144847 0.203884 0.0793554 0.0531976 0.0401025 0.0109603 0.00291252 0.000588398 7.01649e-05 4.10685e-06 1.02622e-07
 4.76737e-40 2.3333e-33 2.62546e-27 6.79183e-22 4.03936e-17 5.52309e-13 1.73619e-09 1.25475e-06 0.000208478 0.00796359 0.0699362 0.141213 0.0668438 0.0415584 0.211244 0.296776 0.102614 0.0314827 0.0207128 0.00669755 0.00223761 0.000450747 5.53752e-05 4.04162e-06 1.30538e-07
 5.47867e-40 2.68143e-33 3.01719e-27 7.80518e-22 4.64203e-17 6.34714e-13 1.99523e-09 1.44196e-06 0.000239583 0.00915177 0.0803708 0.162279 0.0764403 0.0377528 0.181664 0.255617 0.0954541 0.0522543 0.0377632 0.00885865 0.00172829 0.000366625 5.35246e-05 4.11704e-06 1.47681e-07
 6.01844e-40 2.94561e-33 3.31445e-27 8.57417e-22 5.09938e-17 6.97248e-13 2.19181e-09 1.58402e-06 0.000263188 0.0100534 0.0882892 0.178266 0.0838458 0.0381355 0.179181 0.251876 0.0907898 0.0399039 0.0283632 0.00825728 0.00233425 0.000397341 3.95677e-05 3.06454e-06 1.22772e-07
 4.68591e-40 2.29343e-33 2.5806e-27 6.67578e-22 3.97033e-17 5.42872e-13 1.70652e-09 1.23331e-06 0.000204916 0.00782751 0.0687413 0.1388 0.0656872 0.0404653 0.205298 0.288633 0.103015 0.0420465 0.0291382 0.00773405 0.00196034 0.000395838 4.82405e-05 3.07739e-06 1.00295e-07
 7.11584e-40 3.48271e-33 3.9188e-27 1.01376e-21 6.0292e-17 8.24383e-13 2.59146e-09 1.87285e-06 0.000311177 0.0118866 0.104388 0.210768 0.0987779 0.0356268 0.154071 0.216661 0.0808204 0.0440079 0.0320621 0.00827077 0.00194275 0.000359285 4.24927e-05 3.11102e-06 1.05534e-07
 4.92893e-40 2.41237e-33 2.71444e-27 7.022e-22 4.17625e-17 5.71026e-13 1.79503e-09 1.29727e-06 0.000215543 0.00823346 0.0723063 0.145998 0.0690418 0.0411803 0.207493 0.291528 0.101301 0.0326928 0.021567 0.00626564 0.00180198 0.000334332 3.64345e-05 2.49361e-06 8.70629e-08
 5.9853e-40 2.92939e-33 3.29619e-27 8.52694e-22 5.07129e-17 6.93408e-13 2.17973e-09 1.5753e-06 0.000261738 0.00999805 0.0878029 0.177284 0.083365 0.0374211 0.175116 0.246313 0.091132 0.0473369 0.0339667 0.00806439 0.0015905 0.000305246 3.85411e-05 2.65009e-06 8.66557e-08
 6.27627e-40 3.0718e-33 3.45644e-27 8.94148e-22 5.31783e-17 7.27117e-13 2.2857e-09 1.65188e-06 0.000274462 0.0104841 0.0920714 0.185902 0.0873812 0.0382709 0.177706 0.249711 0.0888609 0.0354578 0.0246272 0.00698735 0.00190599 0.00032459 3.14323e-05 2.16664e-06 7.63831e-08
 4.74231e-40 2.32103e-33 2.61166e-27 6.75613e-22 4.01812e-17 5.49406e-13 1.72706e-09 1.24815e-06 0.000207382 0.00792173 0.0695686 0.140471 0.0664649 0.0406096 0.205676 0.289131 0.102722 0.0404349 0.0276958 0.00707716 0.00165665 0.000321885 3.81103e-05 2.38485e-06 7.27233e-08
 5.1627e-40 2.52679e-33 2.84318e-27 7.35504e-22 4.37432e-17 5.98109e-13 1.88016e-09 1.3588e-06 0.000225766 0.00862396 0.0757356 0.152921 0.0721267 0.0380955 0.186576 0.26255 0.0979954 0.0535279 0.0389742 0.00993657 0.0022622 0.000400211 4.40428e-05 3.07928e-06 1.01564e-07
 5.68514e-40 2.78248e-33 3.13089e-27 8.09932e-22 4.81697e-17 6.58633e-13 2.07042e-09 1.4963e-06 0.000248612 0.00949665 0.0833996 0.168394 0.0792857 0.0382393 0.18279 0.257029 0.0935042 0.0437774 0.0314912 0.00917319 0.00263398 0.000482003 5.05597e-05 3.264e-06 1.07165e-07
#spawning biomass
 4851.09 3035.78 3308.88 4352.11 5299.13 6617.11 7028.34 5739.66 7540.06 15079.6 16539.3 14294.1 24884.5 35050 32203.1 26411.4 21529.5 25083.3 23829.1 21892.6 23670.8 24004.9 27661.2 27432.3 31985 34079.4 30461.5 24270.5 16248.2 35568.1 43244 35652.7 29183.2 25641.4 23908.1 23104.5 22744 22585.8 22517.3 22487.9 22475.4 22470.1 22467.9 22466.9 22466.5 22466.4 22466.3 22466.3 22466.3 22466.3 22466.3 22466.3 22466.3 22466.3 22466.3 22466.3 22466.3 22466.3 22466.3 22466.3 22466.3 22466.3 22466.3 22466.3 22466.3 22466.3 22466.3 22466.3 22466.3 22466.3 22466.3 22466.3 22466.3 22466.3 22466.3 22466.3 22466.3 22466.3 22466.3 22466.3 22466.3 22466.3 22466.3 22466.3 22466.3 22466.3 22466.3 22466.3 22466.3 22466.3 22466.3 22466.3 22466.3 22466.3 22466.3 22466.3 22466.3 22466.3 22466.3 22466.3 22466.3 22466.3 22466.3 22466.3 22466.3 22466.3 22466.3 22466.3 22466.3 22466.3 22466.3 22466.3 22466.3 22466.3 22466.3 22466.3 22466.3 22466.3 22466.3 22466.3 22466.3 22466.3 22466.3 22466.3 22466.3 22466.3 22466.3 22466.3 0 0 0 0 0 0 0 0 0 0 0 0 0 0 0 0 0 0 0 0 0 0 0 0 0
