SBPRF35
0.156123
Curr Bio
287014
B35
265867
F35
0.92666
FOFL
0.854209
OFL
82553.5
Bzero
44606.4
#pred survey bio
 11549.3 11573.9 8715.21 8369.81 12026.4 18357.1 27122.9 37661.2 53668.4 75541.2 103191 122418 147048 207149 201915 187062 162621 166720 176365 170652 178004 204568 231082 254389 270840 256136 248972 254136 224649 6.50681e+06 5.37038e+06 2.71914e+06 1.36196e+06 796324 559517 452057 398128 368822 352128 342398 336676 333303 331316 330143 329446 329045 328814 328680 328603 328558 328532 328517 328508 328503 328500 328498 328497 328497 328496 328496 328496 328496 328496 328496 328496 328496 328496 328496 328496 328496 328496 328496 328496 328496 328496 328496 328496 328496 328496 328496 328496 328496 328496 328496 328496 328496 328496 328496 328496 328496 328496 328496 328496 328496 328496 328496 328496 328496 328496 328496 328496 328496 328496 328496 328496 328496 328496 328496 328496 328496 328496 328496 328496 328496 328496 328496 328496 328496 328496 328496 328496 328496 328496 328496 328496 328496 328496 328496 328496 0 0 0 0 0 0 0 0 0 0 0 0 0 0 0 0 0 0 0 0 0 0 0 0 0
#obs survey bio
 8682.69 12482.5 9368.12 7413.12 16955.5 13927.3 29328 39431.5 63522 86480.6 105860 146131 131394 166791 180104 172475 132580 198130 179346 146595 184570 151208 308826 268073 271174 220964 288423 221218 256121
#pred catch bio
 2329.02 3867.66 3462.28 3215.27 4813.59 8475.81 14233.1 18450.3 26214 40749.4 65878.9 80259.9 82295.7 146476 137336 137604 115521 114198 134391 128736 128047 150698 175640 199616 221110 203606 198125 224117 216284 82553.5 123677 50614.4 20705.1 10618.6 7584.33 6736.57 6511.4 6453.7 6439.3 6435.78 6434.93 6434.72 6434.67 6434.66 6434.66 6434.66 6434.66 6434.66 6434.66 6434.66 6434.66 6434.66 6434.66 6434.66 6434.66 6434.66 6434.66 6434.66 6434.66 6434.66 6434.66 6434.66 6434.66 6434.66 6434.66 6434.66 6434.66 6434.66 6434.66 6434.66 6434.66 6434.66 6434.66 6434.66 6434.66 6434.66 6434.66 6434.66 6434.66 6434.66 6434.66 6434.66 6434.66 6434.66 6434.66 6434.66 6434.66 6434.66 6434.66 6434.66 6434.66 6434.66 6434.66 6434.66 6434.66 6434.66 6434.66 6434.66 6434.66 6434.66 6434.66 6434.66 6434.66 6434.66 6434.66 6434.66 6434.66 6434.66 6434.66 6434.66 6434.66 6434.66 6434.66 6434.66 6434.66 6434.66 6434.66 6434.66 6434.66 6434.66 6434.66 6434.66 6434.66 6434.66 6434.66 6434.66 6434.66 6434.66 6434.66 0 0 0 0 0 0 0 0 0 0 0 0 0 0 0 0 0 0 0 0 0 0 0 0 0
#obs catch bio
 4082.17 4034.79 3972.43 3361.21 4763.88 8767.34 14416.2 18370.9 25025.7 38583.7 63320.5 76446.1 80829.1 154022 146438 144037 116720 110801 142008 123074 118707 146374 160269 181639 198214 183937 184559 210754 223276
#pred cpue bio
 11436.9 11569.5 8442.36 7774.63 11196 16995.1 25120.1 34923.6 50075.9 69916.9 95763.2 114382 134533 194245 192383 178259 152201 156641 165061 159017 164829 188932 213730 234175 251774 239400 230634 235359 208173 5.85413e+06 5.62822e+06 2.71396e+06 1.35215e+06 786449 549641 442181 388252 358946 342252 332522 326800 323427 321440 320267 319570 319169 318938 318804 318727 318682 318656 318641 318632 318627 318624 318622 318621 318621 318620 318620 318620 318620 318620 318620 318620 318620 318620 318620 318620 318620 318620 318620 318620 318620 318620 318620 318620 318620 318620 318620 318620 318620 318620 318620 318620 318620 318620 318620 318620 318620 318620 318620 318620 318620 318620 318620 318620 318620 318620 318620 318620 318620 318620 318620 318620 318620 318620 318620 318620 318620 318620 318620 318620 318620 318620 318620 318620 318620 318620 318620 318620 318620 318620 318620 318620 318620 318620 318620 318620 0 0 0 0 0 0 0 0 0 0 0 0 0 0 0 0 0 0 0 0 0 0 0 0 0
#obs cpue bio
 10979.1 8068.97 5595.01 6738.76 11903.8 15365.7 28246 31640.2 60830.5 77762.4 101970 120851 113842 212413 141839 201955 167515 155056 124084 256745 214917 253315 284996 306660 386104 391180 251688 354943 159650
#pred surv len freq
 6.24213e-12 6.77821e-10 4.33947e-08 1.63794e-06 3.64506e-05 0.000478285 0.00370162 0.0169271 0.0461434 0.0782553 0.0975759 0.123109 0.158438 0.158295 0.117659 0.0767008 0.0486858 0.0292959 0.0171202 0.0101885 0.00638176 0.00435903 0.00319897 0.00222189 0.00122523
 4.20413e-12 4.56519e-10 2.92268e-08 1.10317e-06 2.455e-05 0.00032214 0.00249351 0.0114107 0.0312171 0.0538356 0.0711781 0.0989501 0.137334 0.150917 0.135655 0.112236 0.0823039 0.0512311 0.0285982 0.0150873 0.00784596 0.0042988 0.00259746 0.00160974 0.000852122
 8.10277e-12 8.79864e-10 5.63297e-08 2.12617e-06 4.7315e-05 0.000620807 0.00480326 0.0219323 0.0593425 0.097086 0.105201 0.0994057 0.105467 0.107773 0.0983744 0.0881197 0.0755065 0.0579088 0.0382451 0.021297 0.0103246 0.00469987 0.00220887 0.0011101 0.000525064
 1.20723e-11 1.31091e-09 8.39254e-08 3.16776e-06 7.04942e-05 0.000924925 0.00715586 0.0326654 0.0882572 0.143372 0.150562 0.129853 0.121601 0.106822 0.0733343 0.0451698 0.0315189 0.0247508 0.0189936 0.0127299 0.00703513 0.00320453 0.00128298 0.000499688 0.00019186
 1.16612e-11 1.26627e-09 8.10675e-08 3.0599e-06 6.80939e-05 0.000893439 0.00691259 0.0315626 0.0853821 0.139545 0.15047 0.139592 0.140903 0.12581 0.0825959 0.0437389 0.0225302 0.0121358 0.00729527 0.00487869 0.00308743 0.00161756 0.000674765 0.000232901 7.13522e-05
 1.19114e-11 1.29343e-09 8.28067e-08 3.12554e-06 6.95547e-05 0.000912604 0.0070608 0.0322374 0.0871817 0.142278 0.152457 0.139137 0.138459 0.124063 0.0836424 0.0465103 0.0243275 0.0116913 0.00519172 0.00239958 0.00125287 0.000671773 0.000310005 0.000112049 3.16177e-05
 1.18728e-11 1.28924e-09 8.25386e-08 3.11542e-06 6.93296e-05 0.000909651 0.00703801 0.0321347 0.0869226 0.142005 0.152856 0.141158 0.141866 0.126574 0.0832781 0.0441993 0.0223432 0.0107964 0.00475343 0.00190597 0.000723838 0.000287001 0.000119279 4.44146e-05 1.29015e-05
 1.17852e-11 1.27973e-09 8.19295e-08 3.09243e-06 6.8818e-05 0.00090294 0.00698614 0.0318993 0.0863044 0.141145 0.152625 0.142624 0.14487 0.129205 0.0838323 0.0429842 0.0206729 0.00949581 0.00401025 0.00156421 0.000553484 0.000177239 5.44372e-05 1.66671e-05 4.6089e-06
 1.13823e-11 1.23598e-09 7.91288e-08 2.98672e-06 6.64655e-05 0.000872076 0.00674743 0.0308112 0.0833879 0.136594 0.148721 0.141489 0.146393 0.132069 0.087148 0.046088 0.0227471 0.0103709 0.00420681 0.0015542 0.000522034 0.000156076 4.11202e-05 9.74936e-06 2.13905e-06
 1.18953e-11 1.29168e-09 8.26947e-08 3.12131e-06 6.94607e-05 0.000911371 0.0070513 0.032195 0.0870807 0.142222 0.152903 0.140761 0.141133 0.126184 0.0837725 0.0451608 0.022914 0.0107627 0.00447889 0.00165819 0.000539497 0.000152635 3.7291e-05 7.77044e-06 1.38136e-06
 1.17382e-11 1.27463e-09 8.16028e-08 3.0801e-06 6.85435e-05 0.00089934 0.00695831 0.0317727 0.0859694 0.140656 0.152368 0.143036 0.145872 0.130068 0.0839559 0.0425791 0.0203029 0.00934883 0.00395254 0.00150604 0.00050114 0.000141647 3.34563e-05 6.51563e-06 1.0347e-06
 1.13121e-11 1.22836e-09 7.8641e-08 2.96831e-06 6.60558e-05 0.000866704 0.00670598 0.0306246 0.0829185 0.136112 0.149515 0.145357 0.1529 0.136882 0.0864196 0.0413059 0.0180505 0.00764855 0.00301507 0.00110432 0.000367439 0.000105979 2.54023e-05 4.89797e-06 7.43198e-07
 1.25642e-11 1.36432e-09 8.7345e-08 3.29684e-06 7.33667e-05 0.000962619 0.00744772 0.0340031 0.0919454 0.149959 0.160244 0.145032 0.142387 0.124474 0.0785463 0.0378771 0.0165742 0.00680079 0.0024917 0.000831751 0.000255726 7.05515e-05 1.67721e-05 3.26533e-06 4.96945e-07
 1.10694e-11 1.20201e-09 7.69536e-08 2.90462e-06 6.46385e-05 0.000848109 0.00656216 0.0299691 0.0811611 0.133369 0.147153 0.14465 0.153801 0.138671 0.0886078 0.0433931 0.0193719 0.00807345 0.00296767 0.000966018 0.000278381 7.0325e-05 1.5474e-05 2.88289e-06 4.33055e-07
 1.00169e-11 1.08771e-09 6.96364e-08 2.62843e-06 5.84924e-05 0.000767477 0.00593863 0.0271299 0.0735874 0.12185 0.138714 0.146525 0.165114 0.150873 0.0948611 0.0443274 0.0186475 0.00754987 0.00278582 0.000919377 0.00026545 6.52524e-05 1.34877e-05 2.3187e-06 3.25107e-07
 9.95991e-12 1.08153e-09 6.92404e-08 2.61348e-06 5.81598e-05 0.000763111 0.00590481 0.0269742 0.07315 0.121004 0.1372 0.143719 0.161309 0.14865 0.0965352 0.0485475 0.0222104 0.00923005 0.00330349 0.00104839 0.000298318 7.35061e-05 1.51097e-05 2.51549e-06 3.32177e-07
 1.12028e-11 1.21649e-09 7.78811e-08 2.93963e-06 6.54176e-05 0.000858331 0.00664123 0.0303298 0.0821327 0.134922 0.148669 0.145636 0.154216 0.138296 0.0871699 0.0414501 0.0179641 0.00750602 0.00284314 0.000946726 0.000269675 6.47661e-05 1.30571e-05 2.15469e-06 2.80275e-07
 1.09585e-11 1.18996e-09 7.61826e-08 2.87551e-06 6.39909e-05 0.000839614 0.0064965 0.0296711 0.0803798 0.132291 0.146909 0.146626 0.157723 0.141842 0.0886893 0.0411464 0.017057 0.00674465 0.00242311 0.000790995 0.000231312 5.76532e-05 1.1757e-05 1.91537e-06 2.44827e-07
 1.1195e-11 1.21564e-09 7.78266e-08 2.93757e-06 6.53718e-05 0.000857729 0.00663657 0.0303085 0.0820743 0.134821 0.148532 0.145454 0.154046 0.13838 0.0876826 0.042072 0.0181715 0.0072745 0.0025459 0.000789427 0.000219332 5.33716e-05 1.09993e-05 1.83405e-06 2.36965e-07
 1.14874e-11 1.2474e-09 7.98595e-08 3.0143e-06 6.70793e-05 0.000880133 0.00680989 0.0310994 0.0842072 0.138253 0.151979 0.147967 0.155525 0.138054 0.0846585 0.0375571 0.0146079 0.00554316 0.00195324 0.000615928 0.00016911 3.95113e-05 7.79028e-06 1.26929e-06 1.64382e-07
 1.18601e-11 1.28786e-09 8.24502e-08 3.11209e-06 6.92554e-05 0.000908682 0.00703067 0.032105 0.0868945 0.142378 0.155189 0.147918 0.152487 0.134487 0.0824489 0.0365969 0.0140748 0.0051032 0.00165687 0.000483509 0.000128613 2.99734e-05 5.84032e-06 9.21867e-07 1.15266e-07
 1.20118e-11 1.30434e-09 8.35049e-08 3.1519e-06 7.01413e-05 0.000920304 0.00712054 0.0325141 0.0879838 0.14402 0.156316 0.147403 0.150482 0.13248 0.0816516 0.0368143 0.0145027 0.00534575 0.00173065 0.000488418 0.000121557 2.63461e-05 4.90185e-06 7.58156e-07 9.31345e-08
 1.19298e-11 1.29543e-09 8.29345e-08 3.13037e-06 6.96622e-05 0.000914019 0.00707195 0.0322931 0.0873979 0.143158 0.155829 0.148018 0.152075 0.133887 0.0819046 0.0361968 0.0138652 0.00504599 0.001649 0.000473015 0.000117937 2.48624e-05 4.37043e-06 6.3362e-07 7.41162e-08
 1.22044e-11 1.32526e-09 8.48441e-08 3.20245e-06 7.12662e-05 0.000935063 0.0072347 0.0330346 0.0893825 0.146229 0.158341 0.148382 0.15043 0.131598 0.079978 0.0348135 0.0129837 0.00458849 0.00145864 0.000409885 0.000101808 2.16158e-05 3.79478e-06 5.36376e-07 5.97469e-08
 1.16331e-11 1.26321e-09 8.0872e-08 3.05252e-06 6.79298e-05 0.000891292 0.00689622 0.0314934 0.0852713 0.139977 0.153765 0.149415 0.1566 0.138265 0.0834226 0.0353515 0.012571 0.00424522 0.00130383 0.000354538 8.53653e-05 1.77138e-05 3.07883e-06 4.34553e-07 4.80752e-08
 1.13048e-11 1.22757e-09 7.85901e-08 2.96639e-06 6.60131e-05 0.000866146 0.00670177 0.0306078 0.0829076 0.13637 0.151063 0.149809 0.159847 0.141914 0.0855254 0.0359751 0.0125788 0.00413619 0.00122234 0.000316568 7.27535e-05 1.45156e-05 2.44092e-06 3.36231e-07 3.6692e-08
 1.18363e-11 1.28528e-09 8.22847e-08 3.10584e-06 6.91164e-05 0.000906859 0.0070166 0.0320414 0.0867307 0.142178 0.155284 0.148753 0.153969 0.13565 0.0824306 0.035673 0.0130838 0.0044584 0.00132402 0.00033636 7.45597e-05 1.41942e-05 2.27223e-06 2.99649e-07 3.15803e-08
 1.18548e-11 1.28729e-09 8.24133e-08 3.11069e-06 6.92244e-05 0.000908276 0.00702757 0.0320916 0.0868688 0.142421 0.155627 0.149254 0.154576 0.13594 0.0820245 0.0348452 0.0124383 0.00419976 0.00127553 0.000336162 7.61487e-05 1.44002e-05 2.23628e-06 2.82155e-07 2.83418e-08
 1.18283e-11 1.28442e-09 8.22296e-08 3.10376e-06 6.90701e-05 0.000906253 0.00701197 0.0320216 0.0866963 0.142275 0.156092 0.151164 0.157704 0.13815 0.0814337 0.0322869 0.0100893 0.00298185 0.00084016 0.000214755 4.87719e-05 9.4448e-06 1.49869e-06 1.89221e-07 1.85756e-08
#obs surv len freq
 7.1874e-12 7.80467e-10 4.99662e-08 1.88598e-06 4.197e-05 0.00055068 0.00426084 0.0194592 0.0527016 0.0866361 0.0958886 0.0961205 0.109818 0.119642 0.114126 0.100326 0.0797043 0.0559176 0.03473 0.0185939 0.00808824 0.00266301 0.000621478 9.76291e-05 9.94532e-06
 1.10315e-12 1.19789e-10 7.66903e-09 2.89473e-07 6.44238e-06 8.45643e-05 0.000655676 0.00302584 0.00861918 0.0175434 0.0349372 0.0730476 0.123767 0.157562 0.16581 0.150904 0.114744 0.0740736 0.0424047 0.021101 0.00850289 0.00257419 0.000549639 7.88136e-05 7.32305e-06
 1.62614e-11 1.7658e-09 1.13048e-07 4.267e-06 9.49557e-05 0.00124583 0.00963692 0.0439518 0.11821 0.187672 0.176862 0.102758 0.048527 0.0438736 0.0628229 0.0716207 0.0593933 0.0384669 0.0207887 0.00944866 0.00345771 0.000952788 0.000185278 2.41798e-05 2.04401e-06
 1.33071e-11 1.44499e-09 9.25096e-08 3.49178e-06 7.77051e-05 0.00101955 0.00788841 0.0360182 0.0974091 0.158788 0.168376 0.146625 0.133663 0.108282 0.0634334 0.0309741 0.0192234 0.0140492 0.00853274 0.00390351 0.00133368 0.000333151 5.84248e-05 6.89029e-06 5.27671e-07
 1.21062e-11 1.31459e-09 8.41615e-08 3.17668e-06 7.0693e-05 0.000927542 0.00717644 0.0327646 0.0885665 0.143992 0.150906 0.127949 0.118887 0.114384 0.0960334 0.0656356 0.0336164 0.0127447 0.00425409 0.00148678 0.000471302 0.000111092 1.79248e-05 1.91482e-06 1.32274e-07
 1.2153e-11 1.31968e-09 8.44869e-08 3.18897e-06 7.09665e-05 0.000931137 0.00720445 0.032896 0.0889574 0.144831 0.15237 0.129697 0.119211 0.111608 0.0917322 0.0640411 0.0356255 0.0148253 0.00459588 0.00111838 0.00023244 4.18612e-05 5.86996e-06 5.69909e-07 3.59201e-08
 1.24381e-11 1.35063e-09 8.64688e-08 3.26378e-06 7.26313e-05 0.000952987 0.00737366 0.0336712 0.0910771 0.148383 0.156238 0.132561 0.120341 0.110971 0.0893209 0.0600086 0.0316617 0.0125491 0.00376965 0.000870577 0.000153195 2.0401e-05 2.06225e-06 1.5512e-07 8.2177e-09
 1.16198e-11 1.26178e-09 8.07799e-08 3.04905e-06 6.78532e-05 0.000890311 0.0068893 0.0314707 0.0852528 0.139745 0.150407 0.134388 0.127979 0.119005 0.0944156 0.0617857 0.0314846 0.0119445 0.00339827 0.000737405 0.000120545 1.43775e-05 1.21562e-06 7.15679e-08 2.89991e-09
 1.16452e-11 1.26453e-09 8.09562e-08 3.05571e-06 6.80015e-05 0.000892262 0.00690452 0.031542 0.0854547 0.140054 0.150338 0.132908 0.12532 0.117949 0.0961585 0.0639274 0.0323705 0.0120115 0.00330005 0.000681492 0.000104487 1.15355e-05 8.88435e-07 4.64618e-08 1.61502e-09
 1.28835e-11 1.39899e-09 8.95648e-08 3.38064e-06 7.52325e-05 0.00098714 0.00763861 0.0348921 0.0944765 0.154363 0.163359 0.138206 0.12228 0.109477 0.0851237 0.0532724 0.0249466 0.00839326 0.00206305 0.000382757 5.35577e-05 5.45587e-06 3.88036e-07 1.86312e-08 5.89025e-10
 1.15046e-11 1.24926e-09 7.9979e-08 3.01883e-06 6.71815e-05 0.000881543 0.00682277 0.0311897 0.0847177 0.140133 0.154682 0.14365 0.137611 0.123149 0.0910975 0.0534227 0.0233767 0.00727703 0.00161836 0.00026514 3.24245e-05 2.90586e-06 1.84426e-07 8.00438e-09 2.30496e-10
 1.17778e-11 1.27893e-09 8.18785e-08 3.09053e-06 6.87771e-05 0.000902479 0.00698471 0.0319264 0.0866614 0.142859 0.155485 0.139661 0.131052 0.120643 0.0939217 0.0565712 0.0243575 0.007191 0.00147082 0.000215889 2.32259e-05 1.81422e-06 1.0017e-07 3.79877e-09 9.64221e-11
 1.14247e-11 1.24059e-09 7.94237e-08 2.99788e-06 6.6716e-05 0.000875468 0.00677667 0.0309929 0.0843019 0.139983 0.155672 0.145258 0.138533 0.123989 0.0917421 0.0525071 0.0216939 0.00619321 0.00122291 0.000170692 1.70221e-05 1.20068e-06 5.8725e-08 1.95168e-09 4.32481e-11
 9.17762e-12 9.96582e-10 6.38023e-08 2.40826e-06 5.35959e-05 0.000703376 0.00544682 0.0249502 0.0682731 0.115848 0.137603 0.145313 0.153978 0.144606 0.108728 0.0616535 0.0246826 0.00672254 0.00125355 0.000164303 1.53478e-05 1.01005e-06 4.56747e-08 1.3851e-09 2.76294e-11
 7.89373e-12 8.57167e-10 5.48769e-08 2.07138e-06 4.60994e-05 0.000605039 0.0046865 0.0214867 0.0589781 0.101099 0.123532 0.137582 0.155732 0.157343 0.126049 0.0737409 0.0295531 0.00792478 0.00144056 0.000181939 1.61393e-05 9.95618e-07 4.18519e-08 1.17421e-09 2.1588e-11
 1.04447e-11 1.13417e-09 7.26111e-08 2.74075e-06 6.09952e-05 0.000800459 0.00619758 0.0283658 0.0773215 0.129084 0.145133 0.138142 0.138025 0.134221 0.106968 0.0624209 0.02504 0.00678463 0.00125563 0.000160818 1.42231e-05 8.55497e-07 3.43663e-08 9.07525e-10 1.55404e-11
 9.64234e-12 1.04705e-09 6.70333e-08 2.53025e-06 5.63131e-05 0.000739137 0.00572622 0.0262645 0.0721318 0.123421 0.148124 0.154812 0.156755 0.138461 0.0970692 0.0511392 0.019231 0.00502593 0.000914199 0.000116364 1.02664e-05 6.14068e-07 2.43178e-08 6.25358e-10 1.02898e-11
 9.17115e-12 9.95881e-10 6.37577e-08 2.40662e-06 5.35623e-05 0.000703059 0.0054473 0.0249917 0.0686714 0.11757 0.141183 0.14874 0.155949 0.146081 0.107335 0.0568088 0.0205299 0.00499523 0.000832855 9.74257e-05 8.02865e-06 4.56958e-07 1.7441e-08 4.34655e-10 6.93059e-12
 1.04402e-11 1.13368e-09 7.25799e-08 2.73962e-06 6.09735e-05 0.00080032 0.00620011 0.0284291 0.0779198 0.132064 0.153441 0.15109 0.147849 0.132762 0.0953976 0.0501899 0.0183449 0.00457211 0.000778461 9.07924e-05 7.21015e-06 3.85125e-07 1.36453e-08 3.16128e-10 4.71828e-12
 1.04248e-11 1.13202e-09 7.24738e-08 2.73565e-06 6.08876e-05 0.000799297 0.00619476 0.0284415 0.0782612 0.134107 0.159547 0.160814 0.154712 0.130557 0.0864905 0.0419227 0.014193 0.00330185 0.000531468 5.95721e-05 4.60199e-06 2.39294e-07 8.17099e-09 1.79734e-10 2.51252e-12
 1.03838e-11 1.12757e-09 7.21891e-08 2.72493e-06 6.06505e-05 0.000796246 0.0061724 0.0283544 0.0781237 0.134223 0.160266 0.161961 0.156126 0.131706 0.0860368 0.0401896 0.0128 0.00273994 0.000398972 4.02394e-05 2.82129e-06 1.35359e-07 4.33221e-09 9.0223e-11 1.19833e-12
 9.93817e-12 1.07918e-09 6.90913e-08 2.60805e-06 5.80524e-05 0.000762269 0.00591212 0.0272007 0.0752761 0.130838 0.16005 0.166421 0.161643 0.134067 0.0849819 0.038295 0.0117273 0.0024006 0.000330402 3.09411e-05 1.97802e-06 8.55498e-08 2.46333e-09 4.64028e-11 5.625e-13
 1.10228e-11 1.19695e-09 7.66316e-08 2.89267e-06 6.43873e-05 0.000845407 0.00655543 0.0301319 0.0830869 0.142625 0.168597 0.165462 0.153367 0.124593 0.0778169 0.0343182 0.0102157 0.00202386 0.000268318 2.40151e-05 1.45063e-06 5.84956e-08 1.55028e-09 2.65996e-11 2.91709e-13
 1.05595e-11 1.14665e-09 7.34119e-08 2.77123e-06 6.169e-05 0.000810222 0.00628779 0.0289703 0.080412 0.140365 0.171487 0.17387 0.159751 0.123534 0.0728477 0.0307171 0.00889581 0.00173739 0.000228138 2.01222e-05 1.18356e-06 4.58227e-08 1.15099e-09 1.85136e-11 1.88592e-13
 9.29708e-12 1.00957e-09 6.46368e-08 2.44009e-06 5.4326e-05 0.000713783 0.00554549 0.0256299 0.0717525 0.12804 0.163889 0.177279 0.171238 0.134947 0.078643 0.0318441 0.00865347 0.00156301 0.000189093 1.54708e-05 8.54572e-07 3.14022e-08 7.52085e-10 1.15204e-11 1.11221e-13
 8.85519e-12 9.6159e-10 6.15657e-08 2.32424e-06 5.17518e-05 0.000680134 0.00528753 0.0244775 0.0687944 0.123831 0.161107 0.178185 0.17559 0.139667 0.0807258 0.0317859 0.00824798 0.0013985 0.000156196 1.16355e-05 5.8126e-07 1.93524e-08 4.23222e-10 5.97669e-12 5.36442e-14
 9.48544e-12 1.03003e-09 6.59481e-08 2.48972e-06 5.54378e-05 0.0007286 0.00566413 0.0262092 0.0734968 0.13121 0.166997 0.178248 0.170133 0.132641 0.0757505 0.0296702 0.00771623 0.00131795 0.000147819 1.08947e-05 5.25773e-07 1.64872e-08 3.32867e-10 4.28799e-12 3.49456e-14
 9.72819e-12 1.0564e-09 6.76378e-08 2.55365e-06 5.68688e-05 0.000747655 0.00581696 0.0269672 0.0759297 0.136516 0.174785 0.184563 0.169576 0.125169 0.0674731 0.0250435 0.00621357 0.00102056 0.000110968 7.98034e-06 3.76676e-07 1.15153e-08 2.24731e-10 2.76497e-12 2.12394e-14
 8.84862e-12 9.60903e-10 6.15262e-08 2.32317e-06 5.17518e-05 0.000680907 0.00530811 0.0247311 0.0704833 0.130156 0.174414 0.192685 0.179154 0.128666 0.0654795 0.0223858 0.00500261 0.000726051 6.90157e-05 4.35315e-06 1.83265e-07 5.11223e-09 9.28933e-11 1.07839e-12 7.86568e-15
#pred catch len freq
 4.31174e-12 4.68204e-10 2.99749e-08 1.13141e-06 2.51786e-05 0.000330401 0.00255796 0.0117174 0.0322164 0.0568324 0.0806821 0.122638 0.173153 0.176381 0.13006 0.0831295 0.0519453 0.0310571 0.0181147 0.0107745 0.00674795 0.00460904 0.00338243 0.00234932 0.0012955
 3.03969e-12 3.30074e-10 2.11317e-08 7.9762e-07 1.77505e-05 0.000232934 0.00180363 0.008268 0.022815 0.0409044 0.060947 0.0985555 0.146048 0.161742 0.143244 0.116354 0.0844829 0.052401 0.0292149 0.0154055 0.00801027 0.00438868 0.00265175 0.00164338 0.000869931
 6.44884e-12 7.00267e-10 4.48317e-08 1.69218e-06 3.76573e-05 0.000494101 0.00382332 0.0174671 0.0473889 0.0785598 0.0899108 0.0967312 0.114455 0.120277 0.108544 0.0954728 0.0810413 0.0619697 0.0408926 0.0227654 0.0110355 0.00502338 0.0023609 0.0011865 0.0005612
 1.00066e-11 1.0866e-09 6.9565e-08 2.62573e-06 5.84323e-05 0.000766677 0.00593204 0.0270902 0.0733486 0.120403 0.132268 0.128735 0.136301 0.125071 0.0858579 0.0518729 0.035519 0.0276938 0.0212203 0.0142184 0.00785727 0.00357897 0.00143288 0.000558072 0.000214277
 9.62722e-12 1.0454e-09 6.69275e-08 2.52618e-06 5.62171e-05 0.000737621 0.00570759 0.0260737 0.0707143 0.117025 0.13292 0.139793 0.157501 0.145716 0.0956685 0.0498361 0.0251684 0.0134143 0.00803755 0.00537123 0.0033987 0.0017806 0.000742777 0.000256375 7.85439e-05
 1.01526e-11 1.10245e-09 7.058e-08 2.66405e-06 5.92849e-05 0.00077787 0.00601884 0.0274912 0.0744988 0.122807 0.137292 0.139343 0.152885 0.141415 0.0951629 0.0520066 0.026711 0.0127205 0.00563126 0.00260015 0.00135722 0.000727682 0.000335802 0.000121373 3.42488e-05
 1.04106e-11 1.13047e-09 7.23735e-08 2.73174e-06 6.07914e-05 0.000797636 0.00617175 0.028189 0.076381 0.125839 0.140351 0.141613 0.154296 0.141304 0.0927744 0.0484192 0.0240059 0.0114817 0.0050383 0.00201824 0.000766256 0.000303795 0.000126257 4.70127e-05 1.36562e-05
 1.01429e-11 1.1014e-09 7.05125e-08 2.6615e-06 5.92283e-05 0.000777129 0.0060132 0.0274677 0.0744649 0.122992 0.138595 0.143176 0.158897 0.145806 0.0945121 0.0476949 0.0224898 0.0102164 0.00429832 0.00167473 0.0005924 0.000189684 5.82582e-05 1.78368e-05 4.93237e-06
 9.74356e-12 1.05803e-09 6.77363e-08 2.55671e-06 5.68964e-05 0.000746535 0.00577657 0.0263891 0.0715733 0.118475 0.134698 0.141975 0.160293 0.148576 0.097846 0.0508932 0.0246436 0.0111213 0.00449531 0.00165896 0.000557021 0.000166519 4.38704e-05 1.04014e-05 2.28209e-06
 1.05106e-11 1.14132e-09 7.30686e-08 2.75798e-06 6.13752e-05 0.000805294 0.00623097 0.0284585 0.077098 0.126914 0.141064 0.1412 0.15292 0.140156 0.0927922 0.0491753 0.024484 0.0113882 0.00472363 0.00174702 0.000568213 0.000160743 3.92709e-05 8.18294e-06 1.45469e-06
 1.08858e-11 1.18207e-09 7.56774e-08 2.85645e-06 6.35666e-05 0.000834045 0.00645337 0.029473 0.0798278 0.131259 0.145203 0.143644 0.153646 0.139029 0.0894032 0.0446115 0.0208489 0.00949134 0.00399738 0.00152146 0.00050611 0.000143038 3.37841e-05 6.57943e-06 1.04483e-06
 1.05447e-11 1.14503e-09 7.33058e-08 2.76693e-06 6.15745e-05 0.000807912 0.00625133 0.0285539 0.0773896 0.12766 0.143104 0.146014 0.160067 0.145066 0.091292 0.0429962 0.0184073 0.00769808 0.00302021 0.00110468 0.000367417 0.000105961 2.53973e-05 4.89699e-06 7.43047e-07
 1.12668e-11 1.22344e-09 7.83258e-08 2.95641e-06 6.57911e-05 0.000863231 0.00667912 0.0305024 0.0825946 0.135636 0.149246 0.145703 0.153831 0.137853 0.0869408 0.0413239 0.0177227 0.00718059 0.00261853 0.000872801 0.00026822 7.39882e-05 1.75884e-05 3.42424e-06 5.21129e-07
 1.06276e-11 1.15403e-09 7.3882e-08 2.78868e-06 6.20585e-05 0.000814261 0.00630041 0.0287771 0.0779803 0.128521 0.143553 0.145279 0.158311 0.143645 0.0913239 0.0440299 0.0192649 0.00793118 0.00290239 0.000943448 0.000271752 6.86401e-05 1.51026e-05 2.81368e-06 4.22657e-07
 9.39624e-12 1.02032e-09 6.53218e-08 2.46558e-06 5.48684e-05 0.000719932 0.00557096 0.0254555 0.0691177 0.115026 0.133584 0.147207 0.171141 0.15765 0.0987485 0.0454927 0.0187481 0.00748649 0.0027482 0.000905572 0.000261343 6.42337e-05 1.32767e-05 2.28239e-06 3.20014e-07
 9.71484e-12 1.05492e-09 6.75367e-08 2.54918e-06 5.67287e-05 0.000744337 0.00575963 0.0263133 0.0713889 0.118341 0.135326 0.144407 0.164329 0.151758 0.097913 0.0484387 0.0217292 0.00892751 0.00318189 0.0010084 0.000286796 7.06557e-05 1.45232e-05 2.41782e-06 3.19277e-07
 1.07752e-11 1.17006e-09 7.49085e-08 2.82742e-06 6.29207e-05 0.000825573 0.00638792 0.0291762 0.0790544 0.130231 0.145183 0.146242 0.158578 0.143109 0.0898039 0.0420736 0.0178629 0.00736549 0.00277653 0.000923247 0.000262874 6.31243e-05 1.27256e-05 2.09996e-06 2.73155e-07
 1.03615e-11 1.12514e-09 7.20322e-08 2.71886e-06 6.05048e-05 0.000793879 0.00614283 0.0280604 0.07608 0.125725 0.141968 0.147265 0.163494 0.148342 0.0924329 0.0422887 0.0171755 0.00669731 0.00239327 0.000779978 0.000227977 5.68135e-05 1.15852e-05 1.88737e-06 2.41248e-07
 1.11181e-11 1.20729e-09 7.72921e-08 2.91739e-06 6.49228e-05 0.00085184 0.00659104 0.0301014 0.081525 0.134011 0.148067 0.146008 0.155511 0.139705 0.0879865 0.0415763 0.0175986 0.00695567 0.00242264 0.00075004 0.00020828 5.06735e-05 1.04427e-05 1.74123e-06 2.24971e-07
 1.13361e-11 1.23097e-09 7.88076e-08 2.9746e-06 6.61958e-05 0.000868543 0.00672027 0.0306914 0.0831203 0.136612 0.150834 0.148425 0.15744 0.140009 0.0855005 0.0374483 0.014269 0.00533068 0.00186673 0.000587577 0.00016124 3.76666e-05 7.42622e-06 1.20996e-06 1.56697e-07
 1.1475e-11 1.24605e-09 7.9773e-08 3.01104e-06 6.70067e-05 0.000879181 0.00680254 0.0310661 0.0841219 0.138151 0.152042 0.148442 0.15638 0.138793 0.0848159 0.037176 0.0140116 0.00500302 0.00161407 0.000470063 0.000124954 2.91149e-05 5.67272e-06 8.954e-07 1.11957e-07
 1.17456e-11 1.27543e-09 8.16543e-08 3.08204e-06 6.85869e-05 0.000899911 0.00696284 0.031796 0.0860685 0.141108 0.154188 0.147895 0.153371 0.135589 0.0832358 0.0370352 0.0142971 0.00519287 0.00167116 0.000470724 0.000117077 2.53695e-05 4.71985e-06 7.29993e-07 8.96745e-08
 1.18166e-11 1.28315e-09 8.21482e-08 3.10069e-06 6.90017e-05 0.000905355 0.00700495 0.0319881 0.0865861 0.141937 0.155002 0.14844 0.153628 0.135427 0.0824948 0.0359984 0.0135122 0.00484171 0.00157215 0.000450068 0.000112144 2.36363e-05 4.15463e-06 6.02323e-07 7.04549e-08
 1.22581e-11 1.33108e-09 8.52172e-08 3.21653e-06 7.15795e-05 0.000939174 0.0072665 0.0331797 0.0897727 0.146849 0.158925 0.14871 0.150499 0.131407 0.079487 0.0341776 0.0124925 0.00434461 0.00137174 0.000384633 9.54695e-05 2.02656e-05 3.55751e-06 5.02829e-07 5.60098e-08
 1.19107e-11 1.29336e-09 8.28018e-08 3.12536e-06 6.95507e-05 0.000912558 0.00706069 0.0322427 0.0872753 0.143068 0.156241 0.149611 0.154669 0.135745 0.0814831 0.0341375 0.0119016 0.00395113 0.0012043 0.000326678 7.85973e-05 1.63054e-05 2.83383e-06 3.99965e-07 4.42484e-08
 1.14239e-11 1.2405e-09 7.94182e-08 2.99764e-06 6.67087e-05 0.000875272 0.00677235 0.0309295 0.0837692 0.13771 0.15219 0.15007 0.159287 0.14101 0.0846163 0.0352043 0.0120714 0.00390144 0.00114391 0.000295489 6.78518e-05 1.35338e-05 2.27563e-06 3.13457e-07 3.42064e-08
 1.19675e-11 1.29953e-09 8.31968e-08 3.14027e-06 6.98825e-05 0.00091691 0.00709433 0.0323956 0.0876797 0.143654 0.156528 0.149046 0.153362 0.13466 0.0814253 0.0348141 0.0125173 0.0041973 0.00123779 0.000313719 6.94845e-05 1.32242e-05 2.11674e-06 2.79137e-07 2.94184e-08
 1.26318e-11 1.37166e-09 8.78149e-08 3.31457e-06 7.37614e-05 0.0009678 0.00748789 0.0341884 0.0924725 0.151028 0.162349 0.149224 0.148287 0.128298 0.0768303 0.0322498 0.0112852 0.00374645 0.00112932 0.000296912 6.72056e-05 1.27057e-05 1.97296e-06 2.48925e-07 2.50038e-08
 1.3244e-11 1.43814e-09 9.20711e-08 3.47523e-06 7.73365e-05 0.0010147 0.00785065 0.0358416 0.0969007 0.157912 0.168132 0.15054 0.145376 0.123645 0.0722016 0.02835 0.00870072 0.00252146 0.000703107 0.000179111 4.06371e-05 7.86715e-06 1.24824e-06 1.57596e-07 1.54709e-08
#obs catch len freq
 6.6495e-12 7.22057e-10 4.62267e-08 1.74483e-06 3.8829e-05 0.000509467 0.00394195 0.0180027 0.0487538 0.0801251 0.0886102 0.0888882 0.10286 0.11617 0.117189 0.107854 0.0876472 0.0626419 0.0400714 0.0222679 0.0100469 0.00341575 0.000819034 0.000131527 1.363e-05
 4.84076e-12 5.25649e-10 3.36525e-08 1.27022e-06 2.82674e-05 0.000370908 0.00287055 0.0131252 0.0357515 0.0603699 0.0740083 0.0911756 0.120254 0.136173 0.130473 0.11406 0.0897374 0.0622182 0.0379972 0.0198196 0.00830133 0.00260084 0.000571926 8.40375e-05 7.96596e-06
 5.25552e-13 5.70689e-11 3.65363e-09 1.37913e-07 3.06974e-06 4.03208e-05 0.000313643 0.00147003 0.00448257 0.011297 0.0303048 0.0732961 0.12816 0.163541 0.17128 0.154189 0.115737 0.0737667 0.0414981 0.0200869 0.00777978 0.00223835 0.000449978 6.03236e-05 5.21405e-06
 9.10118e-12 9.8828e-10 6.32705e-08 2.38815e-06 5.31447e-05 0.000697269 0.0053938 0.0246038 0.0662239 0.105548 0.101572 0.0665632 0.0518264 0.0781031 0.120778 0.135953 0.110773 0.0705103 0.0373136 0.0164698 0.00578786 0.00151447 0.000277099 3.37961e-05 2.65706e-06
 9.98509e-12 1.08426e-09 6.94155e-08 2.6201e-06 5.83075e-05 0.000765075 0.00592085 0.0270633 0.0735563 0.122615 0.141588 0.149581 0.161072 0.137372 0.0809439 0.0398225 0.0248274 0.0177845 0.0104722 0.00462043 0.00151133 0.000358161 5.90827e-05 6.51073e-06 4.63665e-07
 1.14515e-11 1.2435e-09 7.96099e-08 3.00489e-06 6.68701e-05 0.000877394 0.00678883 0.0310025 0.083892 0.136997 0.145952 0.128836 0.124413 0.120747 0.10055 0.0674554 0.0337549 0.0125645 0.00414593 0.00141407 0.000428681 9.55771e-05 1.44876e-05 1.44579e-06 9.28806e-08
 1.18678e-11 1.28871e-09 8.25041e-08 3.11413e-06 6.93012e-05 0.000909297 0.00703578 0.0321318 0.0869556 0.141981 0.150831 0.13111 0.122452 0.114589 0.0933814 0.0641242 0.0348341 0.0141022 0.00424606 0.00100281 0.000201223 3.45193e-05 4.55156e-06 4.12512e-07 2.41707e-08
 1.20503e-11 1.30852e-09 8.37729e-08 3.16202e-06 7.03671e-05 0.00092329 0.00714428 0.0326312 0.088344 0.144435 0.153895 0.134026 0.12432 0.114795 0.0915248 0.060388 0.0310928 0.0119893 0.00349096 0.00077702 0.000131017 1.66206e-05 1.58792e-06 1.11865e-07 5.51126e-09
 1.14266e-11 1.2408e-09 7.9437e-08 2.99836e-06 6.67255e-05 0.000875527 0.00677529 0.0309571 0.083935 0.138017 0.149958 0.136268 0.130877 0.121094 0.0949628 0.0609547 0.0302719 0.0111565 0.00307252 0.000641606 0.000100242 1.13542e-05 9.06418e-07 5.00986e-08 1.89454e-09
 1.16867e-11 1.26904e-09 8.12451e-08 3.06662e-06 6.82444e-05 0.000895461 0.0069296 0.0316619 0.0858297 0.140925 0.151943 0.134969 0.126811 0.118166 0.0949928 0.0618106 0.0304528 0.0109605 0.00290998 0.000577317 8.44701e-05 8.84435e-06 6.42451e-07 3.15355e-08 1.02455e-09
 1.29946e-11 1.41106e-09 9.03375e-08 3.40981e-06 7.58818e-05 0.000995672 0.00770494 0.0352001 0.0953545 0.156003 0.165542 0.140198 0.123098 0.108806 0.0832556 0.0509049 0.0231536 0.00754631 0.00179165 0.000319282 4.26051e-05 4.11164e-06 2.75532e-07 1.24093e-08 3.66638e-10
 1.16471e-11 1.26473e-09 8.09694e-08 3.05622e-06 6.80139e-05 0.00089248 0.00690784 0.0315849 0.0858446 0.142228 0.157403 0.145951 0.138223 0.121871 0.0886251 0.0507392 0.0215379 0.00648327 0.00139032 0.00021858 2.54852e-05 2.16342e-06 1.29319e-07 5.26133e-09 1.41497e-10
 1.19719e-11 1.30001e-09 8.3228e-08 3.14147e-06 6.99112e-05 0.000917375 0.00710039 0.0324609 0.0881572 0.145502 0.158596 0.142 0.131588 0.119234 0.0910186 0.0533478 0.0222282 0.00633439 0.00124751 0.000175525 1.79908e-05 1.33066e-06 6.91948e-08 2.45988e-09 5.83025e-11
 1.16316e-11 1.26306e-09 8.08622e-08 3.05218e-06 6.7925e-05 0.000891351 0.0069001 0.0315642 0.0859075 0.142838 0.159035 0.147678 0.138804 0.122126 0.0885603 0.0493134 0.0197061 0.00542415 0.00102956 0.000137503 1.30468e-05 8.70876e-07 4.01129e-08 1.25002e-09 2.5874e-11
 9.3892e-12 1.01956e-09 6.52733e-08 2.46379e-06 5.48323e-05 0.000719628 0.00557328 0.0255379 0.0699422 0.118889 0.141349 0.148254 0.154672 0.142741 0.105017 0.057827 0.0223597 0.00586546 0.00105044 0.000131621 1.16854e-05 7.26906e-07 3.09308e-08 8.793e-10 1.63886e-11
 8.10612e-12 8.80231e-10 5.63535e-08 2.12712e-06 4.73407e-05 0.000621357 0.00481354 0.0220777 0.0606607 0.104183 0.127417 0.140953 0.157222 0.156004 0.12195 0.0690988 0.0267042 0.00688849 0.00120095 0.000144795 1.21936e-05 7.10432e-07 2.80822e-08 7.38137e-10 1.26741e-11
 1.06947e-11 1.16132e-09 7.43493e-08 2.80637e-06 6.24561e-05 0.000819656 0.00634678 0.0290561 0.0792544 0.132474 0.149038 0.14109 0.138936 0.132486 0.10287 0.0580879 0.0224553 0.00584655 0.00103586 0.000126376 1.05916e-05 6.00957e-07 2.26846e-08 5.60976e-10 8.96901e-12
 9.8739e-12 1.07219e-09 6.86433e-08 2.59103e-06 5.76669e-05 0.000756946 0.00586508 0.0269126 0.0739862 0.126813 0.152214 0.157734 0.156941 0.135883 0.0929772 0.0474755 0.0172113 0.00432015 0.000751477 9.09746e-05 7.59236e-06 4.27624e-07 1.58888e-08 3.82236e-10 5.86891e-12
 9.39391e-12 1.02007e-09 6.53065e-08 2.4651e-06 5.48648e-05 0.000720198 0.00558102 0.0256166 0.0704639 0.12087 0.145267 0.152016 0.156856 0.143853 0.102807 0.0525745 0.0182845 0.00426998 0.000680788 7.57348e-05 5.89905e-06 3.15701e-07 1.12862e-08 2.62689e-10 3.90307e-12
 1.06969e-11 1.16156e-09 7.4365e-08 2.80702e-06 6.24747e-05 0.000820068 0.00635404 0.029146 0.0799536 0.135701 0.157662 0.154062 0.148171 0.130125 0.0909139 0.0462052 0.0162391 0.00387705 0.000629575 6.96784e-05 5.22509e-06 2.62378e-07 8.7051e-09 1.88209e-10 2.61435e-12
 1.06842e-11 1.16018e-09 7.42772e-08 2.80375e-06 6.24047e-05 0.000819269 0.00635073 0.0291711 0.080349 0.137882 0.163919 0.163639 0.154424 0.127298 0.0819633 0.0383711 0.012489 0.0027829 0.000427047 4.5372e-05 3.30389e-06 1.6123e-07 5.14978e-09 1.05677e-10 1.37496e-12
 1.06494e-11 1.15641e-09 7.40357e-08 2.79466e-06 6.22044e-05 0.000816708 0.00633232 0.0291033 0.0802694 0.138104 0.164756 0.164881 0.155826 0.12821 0.0812271 0.0365806 0.0111867 0.00229207 0.000318152 3.04168e-05 2.00945e-06 9.0383e-08 2.7018e-09 5.24109e-11 6.47085e-13
 1.01973e-11 1.10732e-09 7.08935e-08 2.67611e-06 5.95697e-05 0.000782271 0.00606879 0.0279382 0.0774096 0.134755 0.164656 0.169423 0.16124 0.130344 0.0800674 0.034758 0.010211 0.00199837 0.000261883 2.32307e-05 1.39912e-06 5.6735e-08 1.52563e-09 2.67539e-11 3.01164e-13
 1.128e-11 1.22488e-09 7.84203e-08 2.96023e-06 6.58934e-05 0.000865264 0.00671097 0.0308635 0.0851961 0.146461 0.17303 0.168275 0.152863 0.120873 0.0730455 0.0309988 0.00884437 0.00167362 0.000211036 1.78725e-05 1.01627e-06 3.84086e-08 9.5068e-10 1.51899e-11 1.54747e-13
 1.08247e-11 1.17545e-09 7.52562e-08 2.84091e-06 6.32443e-05 0.000830741 0.00644898 0.0297329 0.082631 0.144435 0.176135 0.176522 0.158682 0.119409 0.0681573 0.0276564 0.0076714 0.00142908 0.000178167 1.48458e-05 8.21083e-07 2.97752e-08 6.98293e-10 1.04592e-11 9.89929e-14
 9.56895e-12 1.0391e-09 6.65279e-08 2.51155e-06 5.59208e-05 0.00073486 0.00571147 0.0264189 0.0740684 0.132351 0.16895 0.180363 0.170233 0.130325 0.0733698 0.0285508 0.00742714 0.00127958 0.000146979 1.13539e-05 5.88953e-07 2.02373e-08 4.51877e-10 6.43921e-12 5.77313e-14
 9.10582e-12 9.88811e-10 6.33094e-08 2.39015e-06 5.32238e-05 0.000699622 0.00544154 0.0252148 0.0709877 0.128011 0.166222 0.181594 0.174857 0.134939 0.075222 0.028429 0.00705599 0.00114059 0.000120937 8.50751e-06 3.99146e-07 1.2422e-08 2.53032e-10 3.31967e-12 2.76294e-14
 9.74726e-12 1.05847e-09 6.77698e-08 2.55859e-06 5.69763e-05 0.000748972 0.00582513 0.026979 0.0757745 0.135494 0.172109 0.181474 0.169163 0.127838 0.0703552 0.0264264 0.00656478 0.00106694 0.000113372 7.87983e-06 3.57051e-07 1.04729e-08 1.9714e-10 2.36114e-12 1.7848e-14
 1.00156e-11 1.08762e-09 6.9638e-08 2.62928e-06 5.85592e-05 0.000770058 0.0059942 0.0278151 0.0784316 0.141152 0.180058 0.187374 0.167814 0.119943 0.0622745 0.0221563 0.00524785 0.000819409 8.42958e-05 5.70694e-06 2.52472e-07 7.20952e-09 1.3109e-10 1.49967e-12 1.0693e-14
#spawning biomass
 12856.3 12391.4 9703.62 10196.2 14911.3 22949.1 34021.4 47303.8 66785.3 94803.8 129588 153119 188589 257691 246950 227666 203110 207623 220259 215229 226246 260594 294175 325925 343563 322988 316815 323767 287014 246120 257142 106666 45023.4 24235.3 17981.7 16234.5 15770.4 15651.5 15621.8 15614.6 15612.8 15612.4 15612.3 15612.3 15612.3 15612.3 15612.3 15612.3 15612.3 15612.3 15612.3 15612.3 15612.3 15612.3 15612.3 15612.3 15612.3 15612.3 15612.3 15612.3 15612.3 15612.3 15612.3 15612.3 15612.3 15612.3 15612.3 15612.3 15612.3 15612.3 15612.3 15612.3 15612.3 15612.3 15612.3 15612.3 15612.3 15612.3 15612.3 15612.3 15612.3 15612.3 15612.3 15612.3 15612.3 15612.3 15612.3 15612.3 15612.3 15612.3 15612.3 15612.3 15612.3 15612.3 15612.3 15612.3 15612.3 15612.3 15612.3 15612.3 15612.3 15612.3 15612.3 15612.3 15612.3 15612.3 15612.3 15612.3 15612.3 15612.3 15612.3 15612.3 15612.3 15612.3 15612.3 15612.3 15612.3 15612.3 15612.3 15612.3 15612.3 15612.3 15612.3 15612.3 15612.3 15612.3 15612.3 15612.3 15612.3 0 0 0 0 0 0 0 0 0 0 0 0 0 0 0 0 0 0 0 0 0 0 0 0 0
