SBPRF35
28.6064
Curr Bio
228609
B35
4.77312e+07
F35
0.0236486
FOFL
0
OFL
0
Bzero
8.17326e+06
#pred survey bio
 18684.2 22849 19644.6 22071.6 36718.5 50870.2 74798.4 102918 117393 140118 174051 214645 217294 250348 257482 251380 246272 234463 237990 264647 217704 254110 287320 287243 274267 285193 284345 274424 5.83685e+06 1.1503e+07 1.82762e+07 2.49975e+07 3.11977e+07 3.66399e+07 4.126e+07 4.50932e+07 4.82237e+07 5.07531e+07 5.27832e+07 5.44066e+07 5.57035e+07 5.67412e+07 5.74746e+07 5.75913e+07 5.77093e+07 5.78277e+07 5.7946e+07 5.80636e+07 5.81803e+07 5.82959e+07 5.84101e+07 5.8523e+07 5.86344e+07 5.87442e+07 5.88526e+07 5.89594e+07 5.90647e+07 5.91685e+07 5.92708e+07 5.93717e+07 5.94711e+07 5.9569e+07 5.96656e+07 5.97608e+07 5.98547e+07 5.99472e+07 6.00385e+07 6.01285e+07 6.02172e+07 6.03048e+07 6.03911e+07 6.04764e+07 6.05604e+07 6.06434e+07 6.07252e+07 6.0806e+07 6.08857e+07 6.09645e+07 6.10422e+07 6.11189e+07 6.11946e+07 6.12694e+07 6.13433e+07 6.14162e+07 6.14883e+07 6.15595e+07 6.16298e+07 6.16993e+07 6.1768e+07 6.18358e+07 6.19028e+07 6.19691e+07 6.20346e+07 6.20993e+07 6.21633e+07 6.22266e+07 6.22891e+07 6.2351e+07 6.24121e+07 6.24726e+07 6.25325e+07 6.25916e+07 6.26501e+07 6.2708e+07 6.27653e+07 6.2822e+07 6.2878e+07 6.29335e+07 6.29884e+07 6.30427e+07 6.30965e+07 6.31497e+07 6.32024e+07 6.32545e+07 6.33061e+07 6.33572e+07 6.34078e+07 6.34579e+07 6.35074e+07 6.35565e+07 6.36052e+07 6.36533e+07 6.3701e+07 6.37482e+07 6.3795e+07 6.38413e+07 6.38872e+07 6.39327e+07 0 0 0 0 0 0 0 0 0 0 0 0 0 0 0 0 0 0 0 0 0 0 0 0 0
#obs survey bio
 16254.4 25338.5 22180.2 24354.2 38605.6 46642.4 70247.3 100940 109934 161574 143117 251062 147217 274661 239487 190793 140440 156710 243959 271744 164155 223324 205228 301498 214326 224529 183948 203924
#pred catch bio
 8828.01 15554.7 12421.6 11517.1 26205.9 36977.5 54086.8 80544.7 90930.4 109088 134026 175674 170778 203059 211975 209166 207370 199113 191853 235522 182127 215551 250595 256345 241861 252729 253584 256751 0 12591.7 20370.5 28087.6 35245.2 41540.9 46882 51299.4 54886.8 57761.9 60044.3 61844 63256.7 64362.7 65114.1 65160.3 65205 65248.4 65290.6 65331.4 65371.1 65409.5 65446.8 65483 65518.1 65552.2 65585.2 65617.3 65648.3 65678.5 65707.8 65736.1 65763.7 65790.4 65816.3 65841.4 65865.8 65889.4 65912.4 65934.6 65956.2 65977.2 65997.5 66017.2 66036.3 66054.8 66072.8 66090.3 66107.2 66123.6 66139.6 66155 66170 66184.6 66198.7 66212.4 66225.6 66238.5 66251 66263.1 66274.9 66286.3 66297.3 66308.1 66318.5 66328.6 66338.4 66347.9 66357.1 66366.1 66374.7 66383.1 66391.3 66399.2 66406.9 66414.4 66421.6 66428.6 66435.4 66442 66448.4 66454.6 66460.7 66466.5 66472.2 66477.7 66483 66488.2 66493.2 66498.1 66502.8 66507.4 66511.8 66516.1 66520.3 66524.4 66528.3 66532.1 66535.8 66539.4 0 0 0 0 0 0 0 0 0 0 0 0 0 0 0 0 0 0 0 0 0 0 0 0 0
#obs catch bio
 11391.5 15538.9 14591.6 9129.16 20145.5 32992.1 44570.1 68840.3 79713.4 98869.7 129252 157360 156540 197803 195064 187526 210594 178902 168658 205204 163131 180117 221762 213029 213737 216421 223004 232395
#pred cpue bio
 14386.9 19337.8 14755.1 16075.3 22906.2 28408.4 38994.5 58436.9 64994.8 76829.6 90911.4 117270 119031 136853 142951 139179 131174 124255 115273 142950 104200 117024 130990 132189 118714 122396 124440 119645 2.12781e+06 1.13197e+07 1.81565e+07 2.48756e+07 3.10756e+07 3.65178e+07 4.11379e+07 4.49711e+07 4.81016e+07 5.06311e+07 5.26611e+07 5.42845e+07 5.55814e+07 5.66191e+07 5.73525e+07 5.74692e+07 5.75872e+07 5.77056e+07 5.78239e+07 5.79415e+07 5.80582e+07 5.81738e+07 5.8288e+07 5.84009e+07 5.85123e+07 5.86222e+07 5.87305e+07 5.88373e+07 5.89426e+07 5.90464e+07 5.91488e+07 5.92496e+07 5.9349e+07 5.94469e+07 5.95435e+07 5.96387e+07 5.97326e+07 5.98251e+07 5.99164e+07 6.00064e+07 6.00951e+07 6.01827e+07 6.02691e+07 6.03543e+07 6.04383e+07 6.05213e+07 6.06031e+07 6.06839e+07 6.07636e+07 6.08424e+07 6.09201e+07 6.09968e+07 6.10725e+07 6.11473e+07 6.12212e+07 6.12942e+07 6.13662e+07 6.14374e+07 6.15077e+07 6.15772e+07 6.16459e+07 6.17137e+07 6.17807e+07 6.1847e+07 6.19125e+07 6.19772e+07 6.20412e+07 6.21045e+07 6.2167e+07 6.22289e+07 6.229e+07 6.23505e+07 6.24104e+07 6.24695e+07 6.2528e+07 6.25859e+07 6.26432e+07 6.26999e+07 6.27559e+07 6.28114e+07 6.28663e+07 6.29206e+07 6.29744e+07 6.30276e+07 6.30803e+07 6.31324e+07 6.3184e+07 6.32351e+07 6.32857e+07 6.33358e+07 6.33853e+07 6.34344e+07 6.34831e+07 6.35312e+07 6.35789e+07 6.36261e+07 6.36729e+07 6.37193e+07 6.37651e+07 6.38106e+07 0 0 0 0 0 0 0 0 0 0 0 0 0 0 0 0 0 0 0 0 0 0 0 0 0
#obs cpue bio
 19286.2 17976.4 15586.6 21941.9 43164 50676.6 77519.2 128776 105866 105570 118308 180503 196498 164458 219044 270680 213346 301393 179245 281949 189438 287432 286098 284106 234713 290682 304030 251353
#pred surv len freq
 1.17738e-11 1.27793e-09 8.17872e-08 3.0864e-06 6.86765e-05 0.000901084 0.00697241 0.0318391 0.0861059 0.140357 0.149422 0.133853 0.13076 0.116895 0.0800545 0.0467489 0.0273392 0.0162687 0.0099999 0.00659931 0.00478063 0.00384763 0.0032564 0.00248367 0.00144294
 8.53471e-12 9.26361e-10 5.9287e-08 2.23731e-06 4.97834e-05 0.000653212 0.00505515 0.0231008 0.0627044 0.104069 0.119447 0.12867 0.149102 0.144235 0.105778 0.0674194 0.0407487 0.02239 0.0115186 0.00601829 0.00340243 0.00220127 0.0016127 0.00115685 0.000666187
 1.20275e-11 1.30547e-09 8.35501e-08 3.15292e-06 7.01568e-05 0.000920505 0.0071226 0.0325231 0.0879305 0.143129 0.151435 0.133387 0.128321 0.115363 0.0817964 0.0508793 0.0311113 0.0179655 0.0094547 0.0045193 0.00204071 0.000971812 0.000541935 0.000332929 0.000180601
 1.2125e-11 1.31605e-09 8.42272e-08 3.17847e-06 7.07253e-05 0.00092797 0.00718057 0.0327926 0.0887245 0.144947 0.155792 0.143112 0.142689 0.125682 0.0799569 0.0397107 0.0191996 0.00985355 0.00508181 0.00247327 0.00108296 0.000431228 0.000173192 7.85058e-05 3.62583e-05
 1.52885e-11 1.65941e-09 1.06202e-07 4.00775e-06 8.91774e-05 0.00117005 0.00905282 0.0413206 0.111493 0.179686 0.181736 0.139053 0.111219 0.0913129 0.0620644 0.0362628 0.0196419 0.00930948 0.00391555 0.00162067 0.000667526 0.000254786 8.74721e-05 2.89067e-05 9.86942e-06
 1.58976e-11 1.72553e-09 1.10434e-07 4.16743e-06 9.27306e-05 0.00121667 0.00941372 0.0429717 0.116001 0.187374 0.191477 0.151356 0.125216 0.0984196 0.0540882 0.0182367 0.00366016 0.000437437 3.2749e-05 2.2831e-06 3.96418e-07 1.20081e-07 3.67163e-08 1.02342e-08 2.61958e-09
 1.6727e-11 1.81556e-09 1.16195e-07 4.38486e-06 9.75686e-05 0.00128015 0.00990462 0.045208 0.121974 0.19651 0.198409 0.150644 0.117455 0.0895569 0.0488232 0.0164268 0.00328939 0.000389104 2.71511e-05 1.11744e-06 2.71418e-08 3.90085e-10 3.3994e-12 3.21542e-14 3.13385e-15
 1.56795e-11 1.70186e-09 1.08919e-07 4.11025e-06 9.14584e-05 0.00119998 0.00928463 0.0423837 0.11443 0.184973 0.189657 0.151552 0.127271 0.10076 0.0554704 0.0187013 0.00374634 0.000443183 3.09228e-05 1.27232e-06 3.08723e-08 4.4187e-10 3.7346e-12 1.87104e-14 5.63092e-17
 1.60072e-11 1.73743e-09 1.11195e-07 4.19616e-06 9.337e-05 0.00122506 0.0094786 0.0432673 0.11679 0.188582 0.192395 0.151268 0.1242 0.0972551 0.0533908 0.0179897 0.00360337 0.000426259 2.97414e-05 1.22366e-06 2.96871e-08 4.24674e-10 3.58223e-12 1.78211e-14 5.23096e-17
 1.61287e-11 1.75061e-09 1.12039e-07 4.228e-06 9.40783e-05 0.00123436 0.00955047 0.0435947 0.117665 0.18992 0.19341 0.151162 0.123062 0.0959563 0.0526202 0.017726 0.00355039 0.000419989 2.93038e-05 1.20566e-06 2.92503e-08 4.18426e-10 3.52953e-12 1.7559e-14 5.15408e-17
 1.67054e-11 1.81321e-09 1.16045e-07 4.37918e-06 9.74423e-05 0.00127849 0.00989181 0.0451496 0.121818 0.196272 0.198229 0.150662 0.117658 0.0897884 0.0489606 0.0164737 0.0032988 0.000390209 2.72257e-05 1.12016e-06 2.71758e-08 3.88747e-10 3.27904e-12 1.63105e-14 4.78514e-17
 1.61734e-11 1.75547e-09 1.1235e-07 4.23972e-06 9.43392e-05 0.00123778 0.00957694 0.0437153 0.117987 0.190412 0.193783 0.151124 0.122643 0.095478 0.0523364 0.0176289 0.00353088 0.000417679 2.91426e-05 1.19903e-06 2.90892e-08 4.16116e-10 3.50984e-12 1.74576e-14 5.12063e-17
 1.61407e-11 1.75192e-09 1.12123e-07 4.23116e-06 9.41486e-05 0.00123528 0.0095576 0.0436272 0.117751 0.190052 0.19351 0.151152 0.122949 0.0958274 0.0525437 0.0176998 0.00354514 0.000419366 2.92604e-05 1.20387e-06 2.92067e-08 4.17794e-10 3.52394e-12 1.75266e-14 5.1397e-17
 1.61664e-11 1.7547e-09 1.12301e-07 4.23789e-06 9.42984e-05 0.00123724 0.0095728 0.0436964 0.117936 0.190335 0.193725 0.15113 0.122709 0.0955529 0.0523808 0.0176441 0.00353394 0.000418041 2.91679e-05 1.20007e-06 2.91144e-08 4.16476e-10 3.51286e-12 1.74723e-14 5.12468e-17
 1.5972e-11 1.73361e-09 1.10951e-07 4.18693e-06 9.31646e-05 0.00122237 0.00945775 0.0431723 0.116537 0.188194 0.192101 0.151298 0.12453 0.0976317 0.0536143 0.0180662 0.00361873 0.000428078 2.98683e-05 1.22888e-06 2.98135e-08 4.26474e-10 3.59715e-12 1.78907e-14 5.24651e-17
 1.6007e-11 1.7374e-09 1.11194e-07 4.1961e-06 9.33686e-05 0.00122505 0.00947846 0.0432667 0.116788 0.18858 0.192393 0.151268 0.124202 0.0972576 0.0533923 0.0179902 0.00360347 0.000426271 2.97422e-05 1.22369e-06 2.96877e-08 4.24674e-10 3.58197e-12 1.78152e-14 5.22433e-17
 1.64795e-11 1.7887e-09 1.14476e-07 4.31998e-06 9.61251e-05 0.00126121 0.00975815 0.0445408 0.120192 0.193784 0.196342 0.150858 0.119774 0.0922036 0.0503936 0.0169641 0.00339732 0.00040187 2.80394e-05 1.15364e-06 2.7988e-08 4.00361e-10 3.37689e-12 1.67952e-14 4.92522e-17
 1.65387e-11 1.79512e-09 1.14887e-07 4.33549e-06 9.64701e-05 0.00126573 0.00979316 0.0447002 0.120618 0.194436 0.196836 0.150807 0.11922 0.091571 0.0500183 0.0168357 0.00337151 0.000398815 2.78263e-05 1.14487e-06 2.77753e-08 3.97318e-10 3.35123e-12 1.66676e-14 4.88777e-17
 1.75045e-11 1.89994e-09 1.21596e-07 4.58866e-06 0.000102103 0.00133964 0.0103648 0.0473041 0.127573 0.205073 0.204905 0.14997 0.110169 0.0812421 0.0438897 0.0147386 0.00295019 0.000348945 2.43463e-05 1.00169e-06 2.43016e-08 3.47627e-10 2.93211e-12 1.4583e-14 4.27649e-17
 1.63125e-11 1.77057e-09 1.13316e-07 4.2762e-06 9.51509e-05 0.00124843 0.0096593 0.0440905 0.118989 0.191945 0.194946 0.151003 0.121339 0.0939898 0.0514534 0.0173267 0.00347018 0.000410493 2.86412e-05 1.1784e-06 2.85887e-08 4.08954e-10 3.44937e-12 1.71557e-14 5.03092e-17
 1.76208e-11 1.91257e-09 1.22404e-07 4.61916e-06 0.000102782 0.00134854 0.0104336 0.0476178 0.12841 0.206354 0.205878 0.149869 0.109079 0.0799978 0.0431514 0.0144859 0.00289943 0.000342938 2.39271e-05 9.84437e-07 2.38831e-08 3.41641e-10 2.88162e-12 1.43319e-14 4.20285e-17
 1.79818e-11 1.95176e-09 1.24912e-07 4.71379e-06 0.000104888 0.00137617 0.0106473 0.0485911 0.13101 0.21033 0.208894 0.149556 0.105696 0.076137 0.0408607 0.0137021 0.00274195 0.000324297 2.26263e-05 9.30918e-07 2.25847e-08 3.23068e-10 2.72495e-12 1.35527e-14 3.97435e-17
 1.80723e-11 1.96157e-09 1.2554e-07 4.73751e-06 0.000105415 0.00138309 0.0107008 0.0488349 0.131662 0.211327 0.20965 0.149477 0.104848 0.0751696 0.0402867 0.0135057 0.00270249 0.000319626 2.23004e-05 9.17508e-07 2.22593e-08 3.18414e-10 2.6857e-12 1.33575e-14 3.91711e-17
 1.79882e-11 1.95245e-09 1.24956e-07 4.71546e-06 0.000104925 0.00137666 0.010651 0.0486082 0.131056 0.210401 0.208947 0.14955 0.105636 0.0760689 0.0408203 0.0136883 0.00273917 0.000323968 2.26034e-05 9.29974e-07 2.25618e-08 3.2274e-10 2.72219e-12 1.3539e-14 3.97033e-17
 1.85142e-11 2.00954e-09 1.2861e-07 4.85335e-06 0.000107993 0.00141691 0.0109624 0.0500264 0.134844 0.216194 0.213342 0.149094 0.100707 0.0704435 0.0374825 0.0125461 0.00250971 0.000296808 2.07081e-05 8.51994e-07 2.06699e-08 2.95678e-10 2.49393e-12 1.24037e-14 3.63741e-17
 1.85831e-11 2.01702e-09 1.29089e-07 4.87141e-06 0.000108395 0.00142218 0.0110031 0.0502121 0.13534 0.216952 0.213918 0.149034 0.100062 0.0697068 0.0370454 0.0123966 0.00247966 0.000293251 2.04599e-05 8.41782e-07 2.04222e-08 2.92133e-10 2.46404e-12 1.22551e-14 3.5938e-17
 1.84236e-11 1.9997e-09 1.27981e-07 4.82959e-06 0.000107464 0.00140997 0.0109087 0.0497821 0.134191 0.215196 0.212585 0.149173 0.101556 0.0714126 0.0380575 0.0127429 0.00254924 0.000301487 2.10346e-05 8.65428e-07 2.09958e-08 3.0034e-10 2.53325e-12 1.25993e-14 3.69476e-17
 1.84548e-11 2.00309e-09 1.28198e-07 4.83778e-06 0.000107647 0.00141237 0.0109272 0.0498663 0.134416 0.21554 0.212846 0.149146 0.101264 0.0710785 0.0378593 0.0126751 0.00253561 0.000299874 2.09221e-05 8.60797e-07 2.08835e-08 2.98732e-10 2.5197e-12 1.25319e-14 3.67499e-17
#obs surv len freq
 3.80749e-11 3.52865e-09 1.92826e-07 6.21311e-06 0.000118044 0.00132246 0.00873787 0.0340826 0.0788863 0.11129 0.108208 0.101823 0.114149 0.123636 0.118107 0.09582 0.0602649 0.0286175 0.0107093 0.00325814 0.000793304 0.000148151 2.01704e-05 1.90869e-06 1.2091e-07
 2.201e-11 1.96738e-09 1.03691e-07 3.22245e-06 5.90515e-05 0.000638164 0.00407002 0.0153762 0.0350888 0.0530445 0.0709269 0.108247 0.152088 0.167586 0.153689 0.118879 0.071603 0.0326813 0.0117297 0.00337961 0.000763566 0.00013013 1.60983e-05 1.39224e-06 8.12785e-08
 1.48267e-10 1.27604e-08 6.47544e-07 1.93759e-05 0.000341854 0.00355639 0.0218162 0.0789242 0.16851 0.213199 0.163453 0.0858757 0.0503401 0.0525518 0.0608904 0.0525859 0.0306259 0.0123597 0.00377913 0.000944266 0.000191898 2.99272e-05 3.3825e-06 2.65656e-07 1.40509e-08
 1.2608e-10 1.04306e-08 5.08818e-07 1.46353e-05 0.000248219 0.00248252 0.0146466 0.0510767 0.106377 0.139295 0.139902 0.150035 0.159603 0.12425 0.0662411 0.027897 0.0114051 0.00454097 0.00151637 0.000384856 7.20288e-05 9.90962e-06 9.90152e-07 6.96593e-08 3.32589e-09
 1.9212e-10 1.52552e-08 7.1425e-07 1.97183e-05 0.000320981 0.00308105 0.0174427 0.0583055 0.115748 0.140626 0.119732 0.102484 0.108232 0.114158 0.103821 0.0715043 0.0328918 0.00956163 0.0017939 0.000243752 2.89556e-05 3.17369e-06 2.79252e-07 1.74779e-08 7.39508e-10
 3.20526e-10 2.43928e-08 1.09458e-06 2.89616e-05 0.000451844 0.00415686 0.0225559 0.0722821 0.137722 0.161455 0.135036 0.11432 0.110552 0.0968645 0.071973 0.0441502 0.0202301 0.0064986 0.00146122 0.0002321 2.58587e-05 2.02263e-06 1.15391e-07 5.04687e-09 1.68203e-10
 4.14087e-10 3.01618e-08 1.29541e-06 3.28056e-05 0.000489872 0.00431361 0.0224071 0.0687963 0.126123 0.145189 0.127869 0.122308 0.12509 0.108922 0.0784934 0.0451815 0.0185862 0.00510511 0.000949055 0.000127781 1.32086e-05 1.03545e-06 5.79771e-08 2.20862e-09 5.62538e-11
 6.19271e-10 4.31178e-08 1.77019e-06 4.2852e-05 0.00061167 0.0051486 0.0255655 0.075039 0.131561 0.145081 0.123179 0.115236 0.118165 0.10706 0.0811335 0.0473293 0.0189506 0.0049367 0.000847409 0.000101001 8.82604e-06 5.76783e-07 2.77603e-08 9.55819e-10 2.27632e-11
 8.10921e-10 5.39071e-08 2.113e-06 4.88364e-05 0.000665559 0.00534905 0.0253673 0.0712084 0.120221 0.131692 0.121065 0.126874 0.132378 0.115044 0.0823807 0.0454045 0.0172378 0.00427494 0.000700821 7.96078e-05 6.53332e-06 3.89486e-07 1.65123e-08 4.8732e-10 9.86707e-12
 1.2686e-09 8.04261e-08 3.00646e-06 6.62679e-05 0.000861291 0.00660151 0.0298565 0.0799197 0.128602 0.133977 0.116776 0.117863 0.123623 0.112389 0.0835009 0.04545 0.0162753 0.00366241 0.000521078 4.89855e-05 3.25287e-06 1.60687e-07 5.90794e-09 1.55751e-10 2.82873e-12
 1.93922e-09 1.17125e-07 4.17115e-06 8.75896e-05 0.00108455 0.00791974 0.0341308 0.0871318 0.134283 0.136407 0.120743 0.123418 0.1242 0.10519 0.0725928 0.0370733 0.0125988 0.00272224 0.000376905 3.47847e-05 2.23802e-06 1.02365e-07 3.29145e-09 7.30522e-11 1.10836e-12
 2.57858e-09 1.48226e-07 5.02406e-06 0.00010041 0.00118333 0.00822495 0.0337531 0.0822235 0.122157 0.124676 0.120179 0.13246 0.134632 0.112886 0.0759931 0.0370514 0.0118054 0.00235074 0.00029325 2.37414e-05 1.31873e-06 5.26893e-08 1.5257e-09 3.11549e-11 4.33947e-13
 3.59447e-09 1.96474e-07 6.33231e-06 0.000120341 0.00134858 0.00891384 0.0347978 0.0807713 0.115248 0.116414 0.116671 0.133187 0.138742 0.11996 0.0813338 0.0384797 0.0115981 0.00214615 0.000243554 1.7359e-05 8.13208e-07 2.6465e-08 6.20368e-10 1.04486e-11 1.23267e-13
 5.32649e-09 2.76612e-07 8.4701e-06 0.000152932 0.00162829 0.0102263 0.0379447 0.083858 0.114832 0.11449 0.117422 0.135044 0.13937 0.118924 0.0783828 0.0355071 0.0101938 0.00180327 0.000197853 1.38743e-05 6.49404e-07 2.10165e-08 4.72605e-10 7.23755e-12 7.39346e-14
 8.45287e-09 4.16736e-07 1.21145e-05 0.000207656 0.00209897 0.0125153 0.0440983 0.0926424 0.121156 0.117155 0.11857 0.133639 0.134671 0.111923 0.070931 0.030539 0.00829593 0.00138992 0.000145165 9.77572e-06 4.4413e-07 1.40667e-08 3.10565e-10 4.66692e-12 4.65894e-14
 1.15318e-08 5.39362e-07 1.48749e-05 0.000241893 0.00231972 0.0131254 0.0439318 0.0881158 0.112544 0.113786 0.12619 0.145093 0.141265 0.111596 0.0667329 0.0269915 0.00686723 0.00107357 0.000103996 6.44092e-06 2.67126e-07 7.72503e-09 1.57326e-10 2.21257e-12 2.093e-14
 1.9815e-08 8.78705e-07 2.29764e-05 0.000354256 0.00322099 0.0172783 0.0548109 0.104028 0.124821 0.116252 0.118772 0.132427 0.130804 0.104981 0.06174 0.0238634 0.00571239 0.000831979 7.42594e-05 4.17077e-06 1.53856e-07 3.9023e-09 6.96621e-11 8.66915e-13 7.33626e-15
 2.70686e-08 1.13753e-06 2.81869e-05 0.000411846 0.00354889 0.0180486 0.0543764 0.0988469 0.117739 0.119054 0.13456 0.147685 0.133269 0.0964872 0.0520973 0.0188667 0.00430924 0.000612773 5.52519e-05 3.27322e-06 1.31673e-07 3.62613e-09 6.71226e-11 8.15037e-13 6.40209e-15
 3.75129e-08 1.49328e-06 3.50503e-05 0.00048512 0.00396 0.0190821 0.0545291 0.0944787 0.109407 0.112496 0.131652 0.148952 0.140552 0.104802 0.055745 0.0191824 0.00406863 0.000526181 4.20372e-05 2.1446e-06 7.33449e-08 1.75807e-09 2.99174e-11 3.53597e-13 2.80659e-15
 5.7211e-08 2.15657e-06 4.79335e-05 0.00062824 0.00485645 0.0221662 0.060058 0.0991199 0.111275 0.114604 0.134091 0.148569 0.136532 0.0982112 0.0498147 0.0162813 0.00329608 0.000412498 3.26256e-05 1.69165e-06 5.95054e-08 1.43568e-09 2.34087e-11 2.52415e-13 1.77767e-15
 9.87866e-08 3.52537e-06 7.41827e-05 0.000920474 0.00673637 0.0291079 0.074653 0.116534 0.123299 0.118879 0.130804 0.138223 0.121879 0.0836395 0.0401626 0.0123974 0.00237837 0.000284602 2.18426e-05 1.11865e-06 3.9404e-08 9.56642e-10 1.56781e-11 1.6941e-13 1.18795e-15
 1.38813e-07 4.68918e-06 9.3402e-05 0.00109708 0.00760122 0.0311148 0.0758202 0.113963 0.121706 0.12653 0.143629 0.144096 0.116701 0.0735206 0.0327425 0.00945906 0.00171125 0.000194813 1.43829e-05 7.16272e-07 2.46732e-08 5.85652e-10 9.36892e-12 9.88548e-14 6.78117e-16
 1.8161e-07 5.80679e-06 0.000109479 0.0012172 0.00798396 0.0309624 0.0717258 0.104048 0.11261 0.125372 0.148439 0.151653 0.124583 0.0776212 0.0330849 0.00893774 0.00148497 0.000152033 9.83085e-06 4.18767e-07 1.22956e-08 2.54679e-10 3.68337e-12 3.61767e-14 2.34993e-16
 2.64197e-07 7.99568e-06 0.000142686 0.0015016 0.00932395 0.0342461 0.075301 0.104646 0.111502 0.125323 0.148316 0.151214 0.123611 0.0750722 0.0305881 0.00783765 0.00123711 0.000121306 7.59858e-06 3.15664e-07 8.94935e-09 1.73766e-10 2.27247e-12 1.96514e-14 1.11226e-16
 3.96629e-07 1.13623e-05 0.000191933 0.00191201 0.0112399 0.0391081 0.0816854 0.109052 0.114989 0.129945 0.150495 0.147628 0.115203 0.0661684 0.0253193 0.00607085 0.000894871 8.18052e-05 4.7707e-06 1.84592e-07 4.89451e-09 8.95307e-11 1.11043e-12 9.12392e-15 4.88009e-17
 5.07431e-07 1.37611e-05 0.000220059 0.00207549 0.0115558 0.0381498 0.0762278 0.100552 0.112826 0.138029 0.161105 0.153421 0.114763 0.0625618 0.0225984 0.00511707 0.000716242 6.28083e-05 3.55916e-06 1.35053e-07 3.50287e-09 6.17845e-11 7.26353e-13 5.58821e-15 2.78325e-17
 5.92206e-07 1.52054e-05 0.00023022 0.00205608 0.0108465 0.0340203 0.0653688 0.0866842 0.105988 0.141136 0.170258 0.165498 0.124162 0.0657611 0.0225286 0.00477424 0.00061996 5.00007e-05 2.58274e-06 8.89024e-08 2.10239e-09 3.42988e-11 3.78953e-13 2.76974e-15 1.31501e-17
 9.02824e-07 2.19498e-05 0.000314687 0.00266122 0.013294 0.0394904 0.071897 0.0904852 0.105716 0.13711 0.165667 0.163537 0.122239 0.0626031 0.020359 0.00406688 0.00049737 3.78564e-05 1.84973e-06 6.01691e-08 1.33482e-09 2.01839e-11 2.04345e-13 1.35947e-15 5.87105e-18
#pred catch len freq
 1.11673e-12 1.21211e-10 7.75751e-09 2.92753e-07 6.51512e-06 8.55482e-05 0.000664529 0.00309448 0.00919142 0.0216124 0.0538625 0.125015 0.202238 0.208892 0.14751 0.086667 0.0507555 0.0302132 0.0185717 0.0122559 0.00887828 0.00714556 0.00604758 0.00461251 0.00267973
 8.35032e-13 9.06348e-11 5.80066e-09 2.18908e-07 4.87195e-06 6.3988e-05 0.000497677 0.00233203 0.00712212 0.0181814 0.0499603 0.121096 0.199142 0.21044 0.157074 0.100413 0.0607148 0.0333614 0.0171622 0.00896668 0.00506923 0.00327963 0.00240273 0.00172356 0.00099254
 1.55575e-12 1.68862e-10 1.08072e-08 4.07838e-07 9.07586e-06 0.000119143 0.000924346 0.00427774 0.0123477 0.0264059 0.0573417 0.124209 0.19806 0.206427 0.150946 0.0943733 0.0577381 0.0333409 0.0175455 0.00838643 0.00378688 0.00180335 0.00100565 0.000617802 0.000335133
 1.31542e-12 1.42776e-10 9.13771e-09 3.44839e-07 7.67423e-06 0.000100765 0.000782627 0.00364193 0.0107839 0.0251092 0.0617524 0.142189 0.228 0.229591 0.150276 0.0750581 0.0363366 0.0186547 0.00962117 0.00468244 0.00205026 0.000816398 0.000327885 0.000148627 6.8644e-05
 7.33367e-12 7.95999e-10 5.09439e-08 1.92247e-06 4.27779e-05 0.000561307 0.00434445 0.019866 0.0541009 0.0912105 0.111175 0.134654 0.168414 0.164395 0.116162 0.0682419 0.0369492 0.0175037 0.0073606 0.00304638 0.00125472 0.000478907 0.000164416 5.43342e-05 1.8551e-05
 1.03269e-11 1.12089e-09 7.17367e-08 2.70713e-06 6.02375e-05 0.000790382 0.00611672 0.0279527 0.0758842 0.126019 0.144929 0.156181 0.177411 0.157991 0.0894385 0.0303385 0.00609625 0.000728719 5.45416e-05 3.79576e-06 6.57623e-07 1.99136e-07 6.08873e-08 1.69714e-08 4.34409e-09
 1.18518e-11 1.2864e-09 8.23296e-08 3.10687e-06 6.91321e-05 0.000907075 0.00701924 0.032064 0.0868657 0.142815 0.157675 0.154871 0.16314 0.141696 0.0797591 0.0270125 0.00541618 0.000640848 4.47196e-05 1.84052e-06 4.47045e-08 6.42485e-10 5.59813e-12 5.28392e-14 5.13806e-15
 1.16006e-11 1.25913e-09 8.05842e-08 3.041e-06 6.76665e-05 0.000887847 0.00687053 0.0313866 0.0850562 0.140048 0.155576 0.155088 0.165494 0.144383 0.0813535 0.0275581 0.00552576 0.000653804 4.56203e-05 1.87707e-06 4.55462e-08 6.51893e-10 5.50962e-12 2.76024e-14 8.30605e-17
 1.1945e-11 1.29651e-09 8.29768e-08 3.13129e-06 6.96755e-05 0.000914204 0.00707438 0.0323152 0.0875366 0.143841 0.158453 0.15479 0.162267 0.140699 0.0791679 0.0268102 0.00537549 0.000636016 4.43785e-05 1.8259e-06 4.42978e-08 6.33681e-10 5.34525e-12 2.65919e-14 7.80538e-17
 1.22541e-11 1.33006e-09 8.51237e-08 3.21231e-06 7.14783e-05 0.000937855 0.0072573 0.0331485 0.0897623 0.147245 0.161036 0.154522 0.159371 0.137394 0.0772067 0.0261391 0.00524066 0.000620057 4.32648e-05 1.78008e-06 4.31862e-08 6.1778e-10 5.21112e-12 2.59247e-14 7.60964e-17
 1.30233e-11 1.41355e-09 9.04669e-08 3.41394e-06 7.59649e-05 0.000996717 0.00771254 0.0352223 0.0953015 0.155717 0.167463 0.153855 0.152163 0.129168 0.0723258 0.0244689 0.00490511 0.000580339 4.04933e-05 1.66604e-06 4.04195e-08 5.78195e-10 4.87702e-12 2.42591e-14 7.11706e-17
 1.32527e-11 1.43845e-09 9.20606e-08 3.47408e-06 7.7303e-05 0.00101427 0.00784832 0.0358408 0.0969536 0.158244 0.16938 0.153656 0.150013 0.126714 0.07087 0.0239708 0.00480503 0.000568493 3.96666e-05 1.63203e-06 3.95943e-08 5.66388e-10 4.77736e-12 2.3762e-14 6.96984e-17
 1.2458e-11 1.3522e-09 8.65405e-08 3.26577e-06 7.26679e-05 0.000953463 0.00737801 0.0336983 0.0912311 0.149492 0.16274 0.154345 0.157459 0.135213 0.0759125 0.0256962 0.00515169 0.000609526 4.25299e-05 1.74984e-06 4.24523e-08 6.07269e-10 5.12209e-12 2.54751e-14 7.47061e-17
 1.30831e-11 1.42004e-09 9.08825e-08 3.42963e-06 7.63138e-05 0.00100129 0.00774795 0.0353835 0.0957323 0.156376 0.167963 0.153803 0.151602 0.128528 0.0719462 0.024339 0.00487901 0.00057725 4.02777e-05 1.65717e-06 4.02042e-08 5.75113e-10 4.85093e-12 2.41276e-14 7.07669e-17
 1.30538e-11 1.41686e-09 9.06792e-08 3.42195e-06 7.61431e-05 0.000999055 0.00773062 0.0353046 0.0955215 0.156054 0.167718 0.153828 0.151876 0.128841 0.0721319 0.0244026 0.00489178 0.000578762 4.03832e-05 1.66151e-06 4.03094e-08 5.76616e-10 4.86354e-12 2.41892e-14 7.09356e-17
 1.32934e-11 1.44287e-09 9.23438e-08 3.48477e-06 7.75408e-05 0.00101739 0.00787245 0.0359507 0.0972472 0.158693 0.16972 0.153621 0.149631 0.126278 0.0706113 0.0238822 0.00478724 0.000566388 3.95197e-05 1.62598e-06 3.94475e-08 5.64287e-10 4.75955e-12 2.3672e-14 6.94184e-17
 1.41677e-11 1.53777e-09 9.84169e-08 3.71395e-06 8.26403e-05 0.00108429 0.00838988 0.0383078 0.103543 0.168322 0.177025 0.152863 0.141438 0.116928 0.0650636 0.0219839 0.00440585 0.000521245 3.63696e-05 1.49637e-06 3.63031e-08 5.19306e-10 4.38015e-12 2.1785e-14 6.38847e-17
 1.43806e-11 1.56087e-09 9.98956e-08 3.76975e-06 8.3882e-05 0.00110058 0.00851587 0.0388817 0.105076 0.170666 0.178804 0.152678 0.139443 0.114652 0.0637128 0.0215217 0.00431299 0.000510253 3.56025e-05 1.46481e-06 3.55374e-08 5.08353e-10 4.28777e-12 2.13255e-14 6.25373e-17
 1.50205e-11 1.63033e-09 1.04341e-07 3.93751e-06 8.76146e-05 0.00114956 0.00889462 0.040607 0.109684 0.177715 0.184151 0.152123 0.133446 0.107808 0.059652 0.0201322 0.00403382 0.000477209 3.32967e-05 1.36994e-06 3.32358e-08 4.75429e-10 4.01006e-12 1.99443e-14 5.84869e-17
 1.47696e-11 1.60309e-09 1.02598e-07 3.87173e-06 8.61509e-05 0.00113035 0.0087461 0.0399305 0.107877 0.174951 0.182054 0.152341 0.135798 0.110491 0.0612444 0.0206771 0.00414329 0.000490166 3.42009e-05 1.40714e-06 3.41383e-08 4.8834e-10 4.11896e-12 2.04859e-14 6.00752e-17
 1.56759e-11 1.70147e-09 1.08894e-07 4.10932e-06 9.14377e-05 0.00119971 0.00928254 0.0423742 0.114405 0.184934 0.189627 0.151555 0.127304 0.100798 0.0554929 0.018709 0.00374788 0.000443364 3.0935e-05 1.27277e-06 3.08783e-08 4.41706e-10 3.72563e-12 1.85297e-14 5.43384e-17
 1.63347e-11 1.77298e-09 1.1347e-07 4.28202e-06 9.52803e-05 0.00125013 0.00967243 0.0441503 0.119149 0.192189 0.195132 0.150984 0.121131 0.0937525 0.0513126 0.0172785 0.0034605 0.000409348 2.85613e-05 1.17511e-06 2.85089e-08 4.07812e-10 3.43974e-12 1.71078e-14 5.01688e-17
 1.67562e-11 1.81872e-09 1.16398e-07 4.3925e-06 9.77386e-05 0.00128238 0.00992187 0.0452866 0.122184 0.196831 0.198653 0.150618 0.117182 0.0892451 0.0486382 0.0163634 0.00327664 0.000387585 2.70427e-05 1.11262e-06 2.6993e-08 3.86128e-10 3.25684e-12 1.61981e-14 4.75012e-17
 1.68895e-11 1.83319e-09 1.17324e-07 4.42744e-06 9.85161e-05 0.00129258 0.0100008 0.045646 0.123144 0.198299 0.199767 0.150503 0.115932 0.0878195 0.0477923 0.016074 0.00321849 0.000380702 2.65624e-05 1.09286e-06 2.65136e-08 3.7927e-10 3.199e-12 1.59104e-14 4.66575e-17
 1.74221e-11 1.891e-09 1.21024e-07 4.56707e-06 0.000101623 0.00133334 0.010316 0.047082 0.126979 0.204166 0.204217 0.150041 0.110941 0.0821231 0.0444125 0.0149174 0.00298613 0.000353199 2.46432e-05 1.0139e-06 2.45979e-08 3.51866e-10 2.96786e-12 1.47608e-14 4.32863e-17
 1.75525e-11 1.90515e-09 1.21929e-07 4.60124e-06 0.000102383 0.00134331 0.0103932 0.0474335 0.127918 0.205601 0.205306 0.149928 0.10972 0.0807289 0.0435852 0.0146344 0.00292926 0.000346468 2.41734e-05 9.94572e-07 2.4129e-08 3.45159e-10 2.91128e-12 1.44795e-14 4.24612e-17
 1.74155e-11 1.89029e-09 1.20978e-07 4.56534e-06 0.000101585 0.00133283 0.0103121 0.0470642 0.126932 0.204093 0.204162 0.150047 0.111003 0.0821935 0.0444542 0.0149317 0.002989 0.000353539 2.46669e-05 1.01487e-06 2.46215e-08 3.52204e-10 2.97071e-12 1.4775e-14 4.33279e-17
 1.78808e-11 1.94079e-09 1.2421e-07 4.6873e-06 0.000104298 0.00136844 0.0105875 0.0483186 0.130282 0.209217 0.208049 0.149643 0.106643 0.0772178 0.041502 0.0139215 0.00278604 0.000329515 2.29905e-05 9.45901e-07 2.29482e-08 3.28267e-10 2.76881e-12 1.37709e-14 4.03832e-17
#obs catch len freq
 2.97636e-11 2.75839e-09 1.50734e-07 4.85688e-06 9.22772e-05 0.00103383 0.00683193 0.0266723 0.0620287 0.0896265 0.0958859 0.108555 0.134616 0.143174 0.12806 0.0983661 0.0603813 0.0287766 0.0111545 0.00360236 0.000929864 0.000180268 2.49427e-05 2.37151e-06 1.50527e-07
 4.57431e-11 4.08878e-09 2.155e-07 6.69715e-06 0.000122722 0.00132608 0.00845163 0.0318146 0.0712478 0.0985073 0.0986282 0.102643 0.122482 0.133424 0.126271 0.100499 0.0616304 0.0285498 0.010432 0.00308829 0.000726652 0.000130069 1.68399e-05 1.50539e-06 8.96261e-08
 2.6869e-11 2.31243e-09 1.17348e-07 3.51133e-06 6.19544e-05 0.000644696 0.00396034 0.014434 0.0320317 0.0486842 0.0697884 0.112661 0.15817 0.171812 0.155464 0.117845 0.0691446 0.0307516 0.0107582 0.00300886 0.000655436 0.000106929 1.25741e-05 1.02705e-06 5.63249e-08
 1.95834e-18 8.60853e-16 2.2313e-13 3.41019e-11 3.07327e-09 1.63325e-07 5.11959e-06 9.47228e-05 0.00103679 0.00676085 0.0268299 0.068638 0.127142 0.190814 0.225913 0.189004 0.106179 0.0415226 0.0123664 0.00300598 0.000589681 8.79859e-05 9.44378e-06 7.0006e-07 3.4772e-08
 1.32456e-10 1.05176e-08 4.92435e-07 1.35947e-05 0.000221306 0.00212458 0.0120371 0.0403987 0.0818893 0.109758 0.128652 0.167121 0.188003 0.144029 0.0748803 0.031158 0.0126741 0.00495907 0.00160633 0.000392806 7.05684e-05 9.27966e-06 8.80964e-07 5.85133e-08 2.62333e-09
 2.72784e-10 2.07595e-08 9.31545e-07 2.46478e-05 0.000384542 0.00353771 0.0191966 0.0615213 0.117266 0.13778 0.116621 0.103368 0.111232 0.116367 0.103508 0.0687658 0.0302727 0.00841233 0.00151625 0.000200186 2.32578e-05 2.46314e-06 2.06268e-07 1.21842e-08 4.84096e-10
 4.66695e-10 3.39937e-08 1.45999e-06 3.69734e-05 0.000552105 0.00486149 0.0252498 0.0774721 0.141533 0.160185 0.132564 0.114422 0.110784 0.0955319 0.0696979 0.0416072 0.0183855 0.00567945 0.00122731 0.000186961 1.99219e-05 1.48895e-06 8.11559e-08 3.37883e-09 1.06351e-10
 6.11925e-10 4.26063e-08 1.74919e-06 4.23437e-05 0.000604415 0.00508761 0.0252645 0.0741848 0.130326 0.145084 0.12703 0.123065 0.124571 0.106288 0.0749518 0.0417868 0.01649 0.00433551 0.000773998 0.000100462 9.9958e-06 7.48999e-07 3.98099e-08 1.43318e-09 3.4397e-11
 9.37552e-10 6.23251e-08 2.44297e-06 5.64625e-05 0.000769482 0.00618399 0.0293197 0.0821974 0.137867 0.146514 0.122573 0.114827 0.116147 0.103175 0.0762684 0.0428678 0.0164014 0.00407663 0.000669338 7.65518e-05 6.4218e-06 4.01541e-07 1.83985e-08 5.99916e-10 1.34639e-11
 1.26899e-09 8.04507e-08 3.00738e-06 6.62883e-05 0.000861558 0.00660369 0.0298692 0.0799942 0.129049 0.135957 0.122089 0.125541 0.127569 0.108257 0.0755128 0.0400678 0.0145238 0.00343372 0.00053788 5.85295e-05 4.59889e-06 2.61516e-07 1.05296e-08 2.94015e-10 5.61248e-12
 1.99844e-09 1.20701e-07 4.29851e-06 9.02641e-05 0.00111766 0.00816131 0.0351671 0.0897146 0.137781 0.13783 0.117129 0.116046 0.118886 0.105604 0.0760577 0.0396226 0.0134833 0.00287918 0.000389514 3.4956e-05 2.22309e-06 1.05077e-07 3.67821e-09 9.17961e-11 1.57097e-12
 3.09732e-09 1.78045e-07 6.03476e-06 0.000120609 0.00142136 0.00987855 0.0405213 0.0984888 0.144697 0.140836 0.12078 0.12001 0.117297 0.0968622 0.0647861 0.0316698 0.0102268 0.00209691 0.00027604 2.429e-05 1.49138e-06 6.49501e-08 1.98118e-09 4.15792e-11 5.94856e-13
 4.2221e-09 2.3078e-07 7.43799e-06 0.000141353 0.00158403 0.0104694 0.0408561 0.094665 0.133899 0.13054 0.120862 0.128248 0.126183 0.102979 0.0669845 0.0311683 0.00941228 0.0017736 0.000209714 1.61468e-05 8.5552e-07 3.25999e-08 8.96907e-10 1.73185e-11 2.27186e-13
 5.96848e-09 3.09951e-07 9.49098e-06 0.000171364 0.00182451 0.0114578 0.0424984 0.0937452 0.127214 0.122511 0.117527 0.128988 0.130238 0.109438 0.0713626 0.0320931 0.00914242 0.00159674 0.000171197 1.15578e-05 5.14566e-07 1.5947e-08 3.55508e-10 5.67236e-12 6.313e-14
 8.94057e-09 4.40779e-07 1.28134e-05 0.000219636 0.00222005 0.0132367 0.0466292 0.0978469 0.127266 0.120618 0.117836 0.129962 0.129949 0.107572 0.068007 0.0292299 0.00792414 0.00132279 0.000137171 9.1159e-06 4.05285e-07 1.24555e-08 2.65218e-10 3.83254e-12 3.68463e-14
 1.43063e-08 6.6913e-07 1.84536e-05 0.000300088 0.00287765 0.0162781 0.0544139 0.108442 0.134465 0.123027 0.117751 0.126817 0.123688 0.0995301 0.0603607 0.024618 0.00630881 0.000996879 9.83817e-05 6.27889e-06 2.70941e-07 8.14521e-09 1.70132e-10 2.40976e-12 2.26094e-14
 1.98962e-08 8.8231e-07 2.30706e-05 0.00035571 0.00323425 0.0173505 0.055057 0.104653 0.126416 0.120126 0.125024 0.136905 0.128797 0.0983573 0.056203 0.0215086 0.00515653 0.000759331 6.94058e-05 4.0681e-06 1.60103e-07 4.39464e-09 8.47127e-11 1.12329e-12 9.9858e-15
 3.39094e-08 1.425e-06 3.53101e-05 0.000515917 0.00444525 0.0225968 0.067924 0.122105 0.138478 0.121102 0.116019 0.123393 0.117857 0.0911234 0.0509931 0.0185981 0.00418773 0.000573584 4.82161e-05 2.55723e-06 8.93446e-08 2.14906e-09 3.63205e-11 4.26386e-13 3.39212e-15
 4.73246e-08 1.88385e-06 4.42177e-05 0.000611996 0.00499535 0.0240635 0.0686547 0.118042 0.132259 0.124148 0.130307 0.135766 0.118161 0.0824438 0.0424142 0.0145093 0.00312111 0.00041821 3.56144e-05 1.99737e-06 7.60886e-08 1.97951e-09 3.44955e-11 3.93252e-13 2.89531e-15
 6.6484e-08 2.50611e-06 5.57026e-05 0.000730055 0.00564311 0.0257478 0.0696431 0.114009 0.123788 0.117487 0.127593 0.137507 0.125185 0.0895315 0.0451507 0.0146291 0.00291498 0.00035427 2.66503e-05 1.28425e-06 4.16125e-08 9.45543e-10 1.52102e-11 1.69205e-13 1.2593e-15
 1.01815e-07 3.63345e-06 7.64568e-05 0.000948689 0.00694272 0.0299967 0.0768961 0.119769 0.125597 0.118614 0.12843 0.135528 0.120031 0.0826469 0.0396903 0.01221 0.0023233 0.000273581 2.04095e-05 1.00056e-06 3.32934e-08 7.58225e-10 1.16315e-11 1.17692e-13 7.76434e-16
 1.74008e-07 5.87807e-06 0.000117082 0.00137517 0.00952618 0.0389584 0.0945092 0.139134 0.137187 0.120567 0.122054 0.122576 0.104001 0.0681994 0.0309738 0.00899622 0.00162249 0.00018281 1.32469e-05 6.41924e-07 2.13875e-08 4.89721e-10 7.54312e-12 7.63924e-14 5.01038e-16
 2.49207e-07 7.96813e-06 0.000150226 0.00167014 0.0109522 0.0424224 0.0977067 0.138059 0.135915 0.126839 0.131792 0.125394 0.0975869 0.0587449 0.024752 0.00673 0.00114499 0.000122797 8.56411e-06 4.03576e-07 1.31417e-08 2.93947e-10 4.41622e-12 4.36459e-14 2.79856e-16
 3.33429e-07 1.00909e-05 0.000180075 0.00189498 0.011764 0.0431624 0.0944289 0.128314 0.126695 0.125558 0.136502 0.132641 0.104533 0.0619865 0.0249203 0.00632281 0.000985902 9.48549e-05 5.77927e-06 2.32656e-07 6.46444e-09 1.26492e-10 1.72179e-12 1.58564e-14 9.62894e-17
 4.92389e-07 1.41055e-05 0.000238268 0.00237346 0.0139484 0.0484631 0.100553 0.130403 0.12538 0.124023 0.134494 0.130408 0.102024 0.0588024 0.0225639 0.0054281 0.000804343 7.41649e-05 4.37907e-06 1.71784e-07 4.59711e-09 8.40423e-11 1.03173e-12 8.35564e-15 4.42121e-17
 7.38496e-07 2.00273e-05 0.000320255 0.00302007 0.0168039 0.0553026 0.108913 0.135225 0.127599 0.126321 0.134181 0.125148 0.0933209 0.0507965 0.0182913 0.0041158 0.000569356 4.8925e-05 2.68858e-06 9.82189e-08 2.45845e-09 4.23453e-11 4.92917e-13 3.79052e-15 1.89342e-17
 9.74628e-07 2.50242e-05 0.000378866 0.00338287 0.0178272 0.0556424 0.104559 0.126966 0.124932 0.13314 0.143118 0.129635 0.0925098 0.0477279 0.0162158 0.0034463 0.000452951 3.73653e-05 1.99626e-06 7.14886e-08 1.7477e-09 2.89725e-11 3.192e-13 2.29638e-15 1.06766e-17
 1.18704e-06 2.88595e-05 0.000413739 0.00349847 0.0174669 0.0517532 0.0931386 0.112075 0.117788 0.13696 0.153307 0.141856 0.101205 0.0505784 0.0162711 0.00323329 0.000393911 2.98587e-05 1.45293e-06 4.71907e-08 1.05247e-09 1.61503e-11 1.67298e-13 1.14329e-15 5.06433e-18
#spawning biomass
 17443.2 21863.1 18229.7 20345.6 32661 44292.7 64273.5 89906.8 102041 121565 149614 186093 188486 217070 223932 218507 212475 202093 201797 228940 184213 213603 241111 241426 228213 236982 237019 228609 197258 549240 878700 1.21e+06 1.51729e+06 1.78757e+06 2.01687e+06 2.20652e+06 2.36053e+06 2.48396e+06 2.58195e+06 2.65922e+06 2.71987e+06 2.76734e+06 2.7996e+06 2.80159e+06 2.80351e+06 2.80537e+06 2.80718e+06 2.80894e+06 2.81064e+06 2.81229e+06 2.81389e+06 2.81544e+06 2.81695e+06 2.81841e+06 2.81983e+06 2.82121e+06 2.82254e+06 2.82384e+06 2.82509e+06 2.82631e+06 2.82749e+06 2.82864e+06 2.82975e+06 2.83083e+06 2.83188e+06 2.83289e+06 2.83388e+06 2.83483e+06 2.83576e+06 2.83666e+06 2.83753e+06 2.83838e+06 2.8392e+06 2.83999e+06 2.84076e+06 2.84151e+06 2.84224e+06 2.84295e+06 2.84363e+06 2.84429e+06 2.84494e+06 2.84556e+06 2.84617e+06 2.84675e+06 2.84732e+06 2.84788e+06 2.84841e+06 2.84893e+06 2.84944e+06 2.84993e+06 2.8504e+06 2.85086e+06 2.85131e+06 2.85174e+06 2.85217e+06 2.85257e+06 2.85297e+06 2.85335e+06 2.85373e+06 2.85409e+06 2.85444e+06 2.85478e+06 2.85511e+06 2.85543e+06 2.85574e+06 2.85604e+06 2.85633e+06 2.85661e+06 2.85689e+06 2.85716e+06 2.85741e+06 2.85767e+06 2.85791e+06 2.85814e+06 2.85837e+06 2.8586e+06 2.85881e+06 2.85902e+06 2.85922e+06 2.85942e+06 2.85961e+06 2.8598e+06 2.85998e+06 2.86015e+06 2.86032e+06 2.86048e+06 2.86064e+06 2.8608e+06 0 0 0 0 0 0 0 0 0 0 0 0 0 0 0 0 0 0 0 0 0 0 0 0 0
