SBPRF35
0.219993
Curr Bio
152721
B35
235412
F35
0.564378
FOFL
0.535408
OFL
63354.2
Bzero
62855.1
#pred survey bio
 12600.6 12388.1 9731 9380.55 12462.5 18857.8 27188.6 38003.2 51893.8 67533.3 83883.6 98218 134214 151481 140336 116898 108402 105924 109781 103761 109864 91292.2 109973 128130 126541 126845 125126 114090 146789 7.63121e+06 5.81804e+06 3.87367e+06 2.40262e+06 1.52093e+06 1.04572e+06 800219 673533 606413 569350 547960 535133 527220 522242 519055 516985 515679 514851 514323 513987 513772 513635 513547 513490 513454 513431 513416 513407 513401 513397 513395 513393 513392 513391 513391 513391 513390 513390 513390 513390 513390 513390 513390 513390 513390 513390 513390 513390 513390 513390 513390 513390 513390 513390 513390 513390 513390 513390 513390 513390 513390 513390 513390 513390 513390 513390 513390 513390 513390 513390 513390 513390 513390 513390 513390 513390 513390 513390 513390 513390 513390 513390 513390 513390 513390 513390 513390 513390 513390 513390 513390 513390 513390 513390 513390 513390 513390 513390 513390 513390 0 0 0 0 0 0 0 0 0 0 0 0 0 0 0 0 0 0 0 0 0 0 0 0 0
#obs survey bio
 10719.8 6380.9 8952.67 8925.41 13370.6 18502.2 31910.4 36690.5 57614.8 71301.5 80587.4 96214.9 185307 196587 101983 91807.1 162454 121068 112887 79858.8 100500 79809.1 133116 147314 119709 138448 85819.9 152477 99894.8
#pred catch bio
 3020.84 4143.47 3273.9 2462.82 3251.39 6923.99 11002.5 16201.6 24389.3 34373.6 51230.4 56900 85989.2 103854 103371 88028.1 82398.1 75682.7 84149.7 80100.4 98085.7 74033.3 92731.8 116801 117364 122304 126816 106137 101435 63354.2 95073.8 59113.2 33640.2 19468 12555.7 9449.95 8129.29 7588.96 7373.97 7290.18 7258.02 7245.82 7241.23 7239.52 7238.88 7238.64 7238.56 7238.53 7238.52 7238.51 7238.51 7238.51 7238.51 7238.51 7238.51 7238.51 7238.51 7238.51 7238.51 7238.51 7238.51 7238.51 7238.51 7238.51 7238.51 7238.51 7238.51 7238.51 7238.51 7238.51 7238.51 7238.51 7238.51 7238.51 7238.51 7238.51 7238.51 7238.51 7238.51 7238.51 7238.51 7238.51 7238.51 7238.51 7238.51 7238.51 7238.51 7238.51 7238.51 7238.51 7238.51 7238.51 7238.51 7238.51 7238.51 7238.51 7238.51 7238.51 7238.51 7238.51 7238.51 7238.51 7238.51 7238.51 7238.51 7238.51 7238.51 7238.51 7238.51 7238.51 7238.51 7238.51 7238.51 7238.51 7238.51 7238.51 7238.51 7238.51 7238.51 7238.51 7238.51 7238.51 7238.51 7238.51 7238.51 7238.51 7238.51 7238.51 7238.51 0 0 0 0 0 0 0 0 0 0 0 0 0 0 0 0 0 0 0 0 0 0 0 0 0
#obs catch bio
 3767.77 4542.66 3846.63 2618.31 3275.37 6921.63 10608.6 15303.4 23176.9 31848.3 47638 56649.7 83013.8 96487.5 107520 94329 79007.2 69406.9 81575.3 76966.3 97935.4 69716.1 85214.8 102598 112619 109246 123956 89452.9 95771.9
#pred cpue bio
 11713.1 11947.3 9095.31 8406.37 10919.4 16233.6 23102.1 32502.9 44044.4 57345.6 70823.5 79946.1 109553 126589 118593 96854.8 87547.7 85972.1 90131.1 83221.6 86758.2 70874.6 83672.6 97675.6 95342.7 94884.5 91567.3 82923.9 105924 6.2009e+06 5.78095e+06 3.83663e+06 2.36557e+06 1.48389e+06 1.00868e+06 763175 636489 569369 532305 510915 498089 490176 485198 482011 479941 478635 477806 477279 476943 476728 476590 476503 476446 476410 476387 476372 476363 476357 476353 476350 476349 476348 476347 476347 476346 476346 476346 476346 476346 476346 476346 476346 476346 476346 476346 476346 476346 476346 476346 476346 476346 476346 476346 476346 476346 476346 476346 476346 476346 476346 476346 476346 476346 476346 476346 476346 476346 476346 476346 476346 476346 476346 476346 476346 476346 476346 476346 476346 476346 476346 476346 476346 476346 476346 476346 476346 476346 476346 476346 476346 476346 476346 476346 476346 476346 476346 476346 476346 476346 0 0 0 0 0 0 0 0 0 0 0 0 0 0 0 0 0 0 0 0 0 0 0 0 0
#obs cpue bio
 8272.14 8287.47 5985.84 6432.8 15363.9 24211.7 25337.3 44722.3 44944.2 75721.8 99519.9 60464.9 108438 135302 113902 93320.5 85528.6 101594 95469.2 124189 99435.3 99337.4 104760 146944 105656 148768 137515 141181 163119
#pred surv len freq
 8.91827e-12 9.68418e-10 6.1999e-08 2.34016e-06 5.20772e-05 0.0006833 0.00528716 0.0241508 0.0654673 0.108088 0.121633 0.125526 0.140801 0.135334 0.100428 0.0661179 0.0423801 0.0256483 0.0149933 0.00885484 0.0054623 0.00365809 0.00263532 0.00180745 0.000989735
 5.45418e-12 5.92259e-10 3.7917e-08 1.43118e-06 3.18494e-05 0.000417908 0.00323428 0.0147883 0.0402901 0.0681473 0.0842011 0.104993 0.136577 0.145133 0.12547 0.100312 0.0731593 0.0464299 0.0265914 0.014247 0.00741173 0.00400469 0.00236681 0.00143875 0.000752773
 9.63804e-12 1.04658e-09 6.70027e-08 2.52902e-06 5.62798e-05 0.00073842 0.00571282 0.0260754 0.0704145 0.114089 0.118471 0.0993394 0.0931898 0.0933577 0.0894626 0.084076 0.0728397 0.0555425 0.0368161 0.0208879 0.0103543 0.0047617 0.00221646 0.00109028 0.000506445
 1.24669e-11 1.35375e-09 8.66684e-08 3.2713e-06 7.27982e-05 0.000955148 0.00738946 0.0337264 0.0910495 0.14731 0.151912 0.124055 0.108974 0.0943464 0.0674265 0.0461035 0.0366395 0.0314564 0.0250335 0.0169519 0.00947104 0.00439035 0.00178102 0.000690689 0.000260647
 1.31924e-11 1.43254e-09 9.17123e-08 3.46168e-06 7.70349e-05 0.00101074 0.00781952 0.0356895 0.0963531 0.155922 0.16094 0.13181 0.116236 0.100688 0.0707997 0.0440321 0.027415 0.0176731 0.0126059 0.00938228 0.00619813 0.00330615 0.00139941 0.000488546 0.00014957
 1.38408e-11 1.50294e-09 9.62198e-08 3.63182e-06 8.0821e-05 0.00106041 0.00820373 0.037441 0.101053 0.163293 0.167453 0.134332 0.115251 0.0986078 0.0691911 0.0429568 0.0261113 0.0150952 0.00848187 0.00502399 0.00316849 0.00187047 0.000897407 0.000330447 9.42494e-05
 1.41885e-11 1.5407e-09 9.86369e-08 3.72305e-06 8.28512e-05 0.00108705 0.00840982 0.0383818 0.103595 0.167427 0.171803 0.138045 0.118306 0.0998054 0.067113 0.0386377 0.0220123 0.0122922 0.00652204 0.00330675 0.00166488 0.000862433 0.000422582 0.000169156 5.06245e-05
 1.36846e-11 1.48599e-09 9.51344e-08 3.59085e-06 7.99093e-05 0.00104845 0.00811137 0.037023 0.0999727 0.161936 0.167875 0.139271 0.124347 0.106538 0.0711266 0.0398031 0.0215533 0.0112185 0.00551979 0.00260054 0.00116137 0.000497408 0.000208434 8.03193e-05 2.49576e-05
 1.40768e-11 1.52857e-09 9.78606e-08 3.69375e-06 8.21992e-05 0.00107849 0.00834369 0.038081 0.102798 0.166253 0.171142 0.138917 0.120701 0.102532 0.0690635 0.0394381 0.0216097 0.011064 0.00518217 0.00226426 0.000921848 0.000348903 0.000123353 4.06244e-05 1.17406e-05
 1.39465e-11 1.51443e-09 9.69549e-08 3.65957e-06 8.14385e-05 0.00106851 0.00826656 0.0377305 0.101873 0.164931 0.170589 0.140504 0.12418 0.105478 0.0694085 0.0378237 0.0199312 0.0101369 0.00476861 0.00204785 0.000789393 0.00027263 8.4697e-05 2.36811e-05 5.86607e-06
 1.41715e-11 1.53886e-09 9.85191e-08 3.7186e-06 8.27523e-05 0.00108575 0.00839987 0.0383382 0.103502 0.167475 0.172779 0.141175 0.123454 0.104209 0.0681361 0.0365994 0.0187611 0.00916233 0.00413616 0.00173665 0.000661106 0.000220882 6.36327e-05 1.5733e-05 3.33061e-06
 1.5647e-11 1.69907e-09 1.08776e-07 4.10576e-06 9.13679e-05 0.00119878 0.00927408 0.0423217 0.114168 0.18402 0.186504 0.143775 0.115635 0.0927157 0.057835 0.0286178 0.0133667 0.00615686 0.0026722 0.00107628 0.000393625 0.00012761 3.56103e-05 8.29014e-06 1.57901e-06
 1.54169e-11 1.67409e-09 1.07177e-07 4.0454e-06 9.00246e-05 0.00118116 0.00913782 0.0417017 0.112521 0.181567 0.184966 0.145037 0.119461 0.0964841 0.0593279 0.028085 0.0121742 0.0051276 0.00201982 0.000748888 0.000258229 7.9832e-05 2.13666e-05 4.77906e-06 8.62242e-07
 1.43012e-11 1.55294e-09 9.94205e-08 3.75263e-06 8.35095e-05 0.00109569 0.00847683 0.0386914 0.104483 0.169278 0.175645 0.145997 0.12991 0.10848 0.0665974 0.0307231 0.0127224 0.00506888 0.00185449 0.000624051 0.000193846 5.46746e-05 1.36471e-05 2.89325e-06 4.97902e-07
 1.37792e-11 1.49626e-09 9.57918e-08 3.61566e-06 8.04616e-05 0.0010557 0.00816758 0.0372825 0.100715 0.163471 0.171009 0.145686 0.133639 0.113317 0.0703046 0.033009 0.013924 0.00552831 0.00195469 0.000619349 0.000177112 4.5056e-05 1.00866e-05 1.94548e-06 3.11271e-07
 1.46807e-11 1.59415e-09 1.02059e-07 3.85222e-06 8.57257e-05 0.00112476 0.00870169 0.0397157 0.107221 0.173491 0.178971 0.1461 0.127026 0.104905 0.0640925 0.0293777 0.0120415 0.00473153 0.00168471 0.000533941 0.000148477 3.55176e-05 7.26395e-06 1.25742e-06 1.80603e-07
 1.56994e-11 1.70476e-09 1.09141e-07 4.11951e-06 9.16739e-05 0.0012028 0.00930521 0.0424653 0.114576 0.184841 0.188103 0.146942 0.120141 0.0958472 0.0570494 0.0248626 0.00942417 0.00346372 0.00118245 0.000366354 0.00010121 2.40199e-05 4.75978e-06 7.71957e-07 1.00972e-07
 1.54286e-11 1.67536e-09 1.07258e-07 4.04847e-06 9.00929e-05 0.00118206 0.00914484 0.0417353 0.112632 0.181915 0.186106 0.147906 0.123799 0.0995359 0.0585828 0.0245451 0.0086362 0.00291761 0.00091738 0.000262534 6.83553e-05 1.56883e-05 3.05596e-06 4.86451e-07 6.11936e-08
 1.49962e-11 1.6284e-09 1.04252e-07 3.93499e-06 8.75677e-05 0.00114893 0.00888861 0.0405677 0.109506 0.177065 0.182081 0.147144 0.126121 0.10304 0.0618795 0.0271532 0.0102486 0.00359176 0.00109596 0.000290166 6.88475e-05 1.44937e-05 2.64069e-06 4.0295e-07 4.93575e-08
 1.59379e-11 1.73066e-09 1.10799e-07 4.18209e-06 9.30665e-05 0.00122107 0.00944652 0.0431092 0.116299 0.187512 0.190304 0.147314 0.118804 0.0939441 0.0554128 0.023646 0.00860738 0.00299575 0.000947873 0.000262129 6.21911e-05 1.23682e-05 2.06227e-06 2.87969e-07 3.28912e-08
 1.64864e-11 1.79023e-09 1.14612e-07 4.32603e-06 9.62695e-05 0.00126309 0.0097715 0.0445897 0.120259 0.193621 0.195207 0.147728 0.115033 0.0890137 0.0516103 0.0212436 0.00724219 0.00235602 0.000710564 0.000192024 4.60579e-05 9.41302e-06 1.57543e-06 2.10813e-07 2.2296e-08
 1.69895e-11 1.84485e-09 1.18109e-07 4.45804e-06 9.92071e-05 0.00130163 0.0100696 0.0459482 0.123899 0.199288 0.200007 0.148942 0.112844 0.0853286 0.0477596 0.0178633 0.00495813 0.00126294 0.00032293 7.89205e-05 1.77094e-05 3.49649e-06 5.83073e-07 7.89176e-08 8.32926e-09
 1.77114e-11 1.92325e-09 1.23128e-07 4.64747e-06 0.000103423 0.00135694 0.0104973 0.0478958 0.129097 0.207209 0.205895 0.147929 0.105509 0.0772672 0.0434176 0.0168939 0.00510931 0.00139575 0.000336493 6.79607e-05 1.22249e-05 2.05667e-06 3.12439e-07 4.03447e-08 4.19361e-09
 1.76142e-11 1.9127e-09 1.22453e-07 4.62197e-06 0.000102855 0.0013495 0.0104397 0.0476339 0.128401 0.206173 0.205243 0.148451 0.107079 0.0787256 0.0438084 0.0164577 0.00461386 0.00116724 0.000279375 5.90006e-05 1.06427e-05 1.59839e-06 1.996e-07 2.13977e-08 1.96701e-09
 1.79597e-11 1.95021e-09 1.24854e-07 4.71262e-06 0.000104873 0.00137596 0.0106444 0.0485663 0.130894 0.210012 0.208293 0.148606 0.104539 0.0754963 0.0414235 0.0150626 0.00388976 0.000862928 0.000182565 3.5055e-05 5.97919e-06 8.92398e-07 1.10989e-07 1.10595e-08 8.71545e-10
 1.81745e-11 1.97353e-09 1.26347e-07 4.76898e-06 0.000106127 0.00139242 0.0107716 0.0491459 0.132443 0.21239 0.210144 0.148578 0.102772 0.0733646 0.0399962 0.0143724 0.00359482 0.000749106 0.000145811 2.51504e-05 3.75822e-06 4.96161e-07 5.67527e-08 5.42561e-09 4.16417e-10
 1.88133e-11 2.04289e-09 1.30788e-07 4.93659e-06 0.000109857 0.00144135 0.0111501 0.0508695 0.137047 0.219443 0.215564 0.148262 0.097155 0.0667793 0.0358338 0.0126344 0.0030123 0.000573469 0.000101568 1.62674e-05 2.24405e-06 2.67405e-07 2.70256e-08 2.27271e-09 1.5715e-10
 1.8991e-11 2.06219e-09 1.32023e-07 4.98322e-06 0.000110894 0.00145496 0.0112553 0.0513492 0.138329 0.221416 0.217121 0.148308 0.0957958 0.065079 0.0346119 0.0119564 0.00268352 0.000447146 6.7021e-05 9.41104e-06 1.16333e-06 1.25253e-07 1.15346e-08 8.77811e-10 5.40169e-11
 1.92087e-11 2.08583e-09 1.33537e-07 5.04035e-06 0.000112165 0.00147164 0.0113843 0.0519364 0.139895 0.223798 0.218865 0.147918 0.0934544 0.0625599 0.0333329 0.0117779 0.00283482 0.000544886 9.39575e-05 1.35124e-05 1.52029e-06 1.40579e-07 1.11868e-08 7.53043e-10 4.15711e-11
#obs surv len freq
 2.18705e-11 2.11296e-09 1.20355e-07 4.04181e-06 8.00256e-05 0.000934192 0.00643085 0.026128 0.0629527 0.0922313 0.0923917 0.0884972 0.10087 0.110584 0.108889 0.099433 0.0808612 0.058055 0.0372975 0.0207984 0.00942766 0.0032218 0.00077522 0.000124585 1.28883e-05
 4.60823e-12 4.2942e-10 2.35923e-08 7.64191e-07 1.4595e-05 0.000164403 0.0010941 0.00434098 0.0107552 0.020095 0.0401418 0.0829798 0.132147 0.156094 0.155585 0.138988 0.107107 0.0718256 0.0430965 0.0224252 0.00942146 0.00296376 0.00065426 9.64277e-05 9.15647e-06
 8.74975e-11 7.85063e-09 4.1529e-07 1.2952e-05 0.000238156 0.00258182 0.0165019 0.0621883 0.138224 0.181509 0.142318 0.0719511 0.0386185 0.0483945 0.0722391 0.07948 0.0640619 0.0415681 0.023242 0.0110982 0.00426381 0.00122536 0.000246869 3.31922e-05 2.87678e-06
 1.13185e-10 9.76224e-09 4.96418e-07 1.48828e-05 0.000263064 0.00274154 0.0168481 0.0611099 0.131432 0.171751 0.152567 0.126047 0.115769 0.0887846 0.0496418 0.0274327 0.0212664 0.0168126 0.0103873 0.00486307 0.00172518 0.000449654 8.19972e-05 9.99526e-06 7.86821e-07
 1.31761e-10 1.09075e-08 5.32358e-07 1.53187e-05 0.000259884 0.00259956 0.0153348 0.0534119 0.110554 0.140581 0.127178 0.1166 0.122344 0.114844 0.0900773 0.0583557 0.0289847 0.0115216 0.0045925 0.00190348 0.000652586 0.000160134 2.67296e-05 2.94942e-06 2.09838e-07
 2.1749e-10 1.72555e-08 8.07147e-07 2.22596e-05 0.000361929 0.00346966 0.0196149 0.0654557 0.12961 0.156484 0.130499 0.105994 0.103239 0.097729 0.0816782 0.0574541 0.0309371 0.0123275 0.0038103 0.0010082 0.00024475 5.05352e-05 7.66823e-06 7.77651e-07 5.05057e-08
 2.95717e-10 2.24552e-08 1.0053e-06 2.65347e-05 0.000412931 0.00378884 0.0205034 0.0655382 0.124737 0.14725 0.127931 0.116981 0.118359 0.104136 0.0778793 0.0505427 0.0265972 0.0108613 0.00343543 0.000836317 0.000156505 2.29112e-05 2.61299e-06 2.19246e-07 1.25384e-08
 4.46645e-10 3.24188e-08 1.3873e-06 3.50014e-05 0.000520646 0.00456633 0.0236205 0.0721751 0.131356 0.14849 0.124245 0.110903 0.112036 0.102126 0.0800909 0.0517121 0.0253338 0.00933483 0.00270481 0.000622703 0.000109208 1.39351e-05 1.26361e-06 8.06756e-08 3.58003e-09
 6.10423e-10 4.22996e-08 1.72814e-06 4.16259e-05 0.000591146 0.00495001 0.0244503 0.0714018 0.12474 0.138194 0.121057 0.118576 0.122068 0.107321 0.0804811 0.0502346 0.0241283 0.00872712 0.00242465 0.000518508 8.32829e-05 9.71167e-06 7.93752e-07 4.40888e-08 1.62821e-09
 8.7434e-10 5.77781e-08 2.25105e-06 5.17068e-05 0.000700259 0.00559191 0.0263438 0.0734175 0.122771 0.131993 0.116783 0.118541 0.124463 0.112236 0.0852098 0.0508965 0.0220385 0.00692056 0.00166874 0.000318802 4.67924e-05 4.99914e-06 3.72067e-07 1.86945e-08 6.19118e-10
 1.43963e-09 9.0626e-08 3.36351e-06 7.35991e-05 0.000949514 0.00722306 0.0324158 0.086057 0.137062 0.140212 0.117731 0.113788 0.115594 0.102521 0.076562 0.0444093 0.0184671 0.00548524 0.00121276 0.000204845 2.61515e-05 2.44892e-06 1.6235e-07 7.34994e-09 2.2022e-10
 2.03757e-09 1.22068e-07 4.31152e-06 8.97841e-05 0.00110236 0.00798104 0.0340987 0.086308 0.132032 0.133963 0.120339 0.124798 0.124522 0.103546 0.0718174 0.0389053 0.0152018 0.00425286 0.000883091 0.000138497 1.60879e-05 1.3407e-06 7.79682e-08 3.08919e-09 8.1529e-11
 2.86015e-09 1.62917e-07 5.47118e-06 0.000108328 0.0012646 0.00870575 0.0353762 0.0852749 0.125042 0.124899 0.116658 0.126319 0.128816 0.110226 0.0772951 0.0405672 0.0148266 0.00379172 0.000711748 0.000101091 1.07022e-05 8.13407e-07 4.28505e-08 1.52196e-09 3.56633e-11
 3.6304e-09 1.96448e-07 6.26729e-06 0.000117885 0.00130738 0.00855146 0.0330382 0.0759723 0.108007 0.111162 0.116966 0.137017 0.14148 0.120927 0.0835601 0.0425057 0.0149574 0.00367354 0.000655181 8.65311e-05 8.34209e-06 5.71263e-07 2.70781e-08 8.67124e-10 1.83353e-11
 5.18539e-09 2.66351e-07 8.06615e-06 0.00014402 0.00151619 0.0094147 0.0345408 0.0755437 0.102895 0.104104 0.111475 0.133344 0.142858 0.128215 0.0903885 0.0454065 0.0156246 0.00376752 0.000660364 8.47577e-05 7.7879e-06 4.98002e-07 2.16618e-08 6.28834e-10 1.19761e-11
 9.18082e-09 4.47333e-07 1.28505e-05 0.000217648 0.0021735 0.0128022 0.0445504 0.0923839 0.119069 0.113164 0.113088 0.127923 0.131677 0.113876 0.0768221 0.0367823 0.0121026 0.00281143 0.000477798 5.95463e-05 5.29366e-06 3.25025e-07 1.34282e-08 3.65652e-10 6.45325e-12
 1.42533e-08 6.58378e-07 1.79299e-05 0.000287889 0.00272557 0.0152215 0.0502542 0.0991679 0.123298 0.117912 0.122028 0.134966 0.129041 0.102161 0.0635538 0.0283549 0.00874884 0.00191321 0.000307168 3.62979e-05 3.06918e-06 1.795e-07 7.05891e-09 1.82441e-10 3.04215e-12
 1.71588e-08 7.50993e-07 1.93788e-05 0.00029483 0.00264502 0.0140027 0.0439013 0.0829889 0.102676 0.10807 0.128298 0.148779 0.143141 0.113213 0.0695673 0.0305802 0.00939204 0.0020608 0.00032876 3.77111e-05 3.03175e-06 1.66786e-07 6.15015e-09 1.49063e-10 2.33245e-12
 2.85442e-08 1.18324e-06 2.89179e-05 0.000416691 0.00354054 0.0177506 0.0526819 0.0940728 0.108955 0.105404 0.117118 0.135869 0.137714 0.114115 0.0704935 0.0303725 0.00913355 0.00198055 0.00031407 3.57069e-05 2.81688e-06 1.49933e-07 5.27073e-09 1.20322e-10 1.75934e-12
 4.67161e-08 1.8335e-06 4.24267e-05 0.000578831 0.0046568 0.0221102 0.0621991 0.105714 0.118497 0.114857 0.126494 0.136975 0.125537 0.0949643 0.0553257 0.0232447 0.00699558 0.00153361 0.000244041 2.74673e-05 2.12349e-06 1.10022e-07 3.7415e-09 8.2035e-11 1.14294e-12
 6.16436e-08 2.29014e-06 5.01624e-05 0.000647829 0.00493414 0.0221897 0.059274 0.0967919 0.109107 0.115683 0.137348 0.14875 0.132406 0.0952636 0.0514261 0.0195911 0.0053004 0.0010591 0.000158363 1.71937e-05 1.29608e-06 6.53952e-08 2.15267e-09 4.54003e-11 6.05268e-13
 1.03395e-07 3.63551e-06 7.53659e-05 0.000921185 0.00664017 0.0282587 0.0713915 0.10994 0.115613 0.112835 0.126848 0.137267 0.125788 0.0918241 0.0488435 0.0180438 0.00468744 0.000883972 0.000122153 1.21391e-05 8.42628e-07 3.96875e-08 1.23458e-09 2.47774e-11 3.1494e-13
 1.53024e-07 5.09201e-06 9.98994e-05 0.00115561 0.00788433 0.031776 0.0762239 0.112785 0.118802 0.122659 0.139053 0.140106 0.115994 0.077279 0.0384533 0.0135811 0.00342258 0.000627742 8.34416e-05 7.83279e-06 5.04822e-07 2.18292e-08 6.21166e-10 1.1434e-11 1.34105e-13
 2.00908e-07 6.32684e-06 0.00011747 0.00128603 0.00830535 0.031709 0.0723246 0.103448 0.111095 0.123787 0.146145 0.148368 0.122567 0.0791437 0.0367646 0.0117806 0.00265517 0.000438011 5.34586e-05 4.69427e-06 2.84915e-07 1.1562e-08 3.06275e-10 5.20485e-12 5.60112e-14
 2.79e-07 8.3153e-06 0.000146118 0.00151401 0.00925541 0.0334714 0.0725413 0.0999086 0.107374 0.123522 0.147613 0.150851 0.125218 0.079507 0.0355457 0.0108343 0.00229742 0.000350291 3.87673e-05 3.05942e-06 1.67513e-07 6.19613e-09 1.51095e-10 2.37748e-12 2.37226e-14
 4.49292e-07 1.26743e-05 0.000210801 0.0020674 0.0119628 0.0409562 0.0840829 0.109948 0.112825 0.12458 0.143533 0.142638 0.115197 0.0705695 0.0303377 0.00893571 0.00184115 0.000271646 2.86258e-05 2.10634e-06 1.0558e-07 3.5329e-09 7.7568e-11 1.10014e-12 9.93948e-15
 5.91685e-07 1.58002e-05 0.000248766 0.00230972 0.0126576 0.0411146 0.0807429 0.104364 0.114244 0.136492 0.15585 0.145716 0.109435 0.0626443 0.025402 0.0071286 0.00141182 0.000201061 2.04099e-05 1.43687e-06 6.8226e-08 2.13728e-09 4.34124e-11 5.63804e-13 4.62924e-15
 7.61818e-07 1.92598e-05 0.00028709 0.00252381 0.0131 0.0403693 0.0757676 0.0962301 0.109398 0.136976 0.15987 0.1529 0.115755 0.0644093 0.024636 0.00641475 0.00117209 0.000154568 1.46592e-05 9.71728e-07 4.3599e-08 1.28991e-09 2.46633e-11 3.00027e-13 2.29426e-15
 1.05554e-06 2.52673e-05 0.000356631 0.0029688 0.0145968 0.0426713 0.0764586 0.094808 0.109184 0.138049 0.159923 0.152124 0.114285 0.0628916 0.0239949 0.00632265 0.00117115 0.000153245 1.39609e-05 8.67428e-07 3.60921e-08 9.8912e-10 1.75629e-11 1.98928e-13 1.41821e-15
#pred catch len freq
 6.39658e-12 6.94592e-10 4.44684e-08 1.67847e-06 3.73524e-05 0.000490116 0.00379311 0.0173435 0.0472516 0.0799198 0.098692 0.122495 0.156246 0.156093 0.116758 0.0769678 0.0493414 0.0298615 0.0174562 0.0103094 0.00635958 0.00425901 0.00306823 0.00210436 0.00115232
 3.82525e-12 4.15377e-10 2.65928e-08 1.00375e-06 2.23376e-05 0.000293117 0.00226913 0.0103901 0.0285099 0.0498435 0.0688698 0.101618 0.144351 0.156922 0.136244 0.108991 0.079493 0.0504497 0.0288937 0.0154805 0.00805342 0.00435141 0.00257173 0.00156332 0.000817946
 7.26987e-12 7.89421e-10 5.05395e-08 1.90761e-06 4.24514e-05 0.000556995 0.0043096 0.0196796 0.053267 0.0873049 0.095355 0.0921147 0.100702 0.107017 0.103778 0.097673 0.0846286 0.0645322 0.0427749 0.0242687 0.0120302 0.0055324 0.00257521 0.00126674 0.000588415
 9.66191e-12 1.04917e-09 6.71687e-08 2.53528e-06 5.64194e-05 0.000740264 0.00572755 0.0261536 0.0707753 0.115878 0.125919 0.119321 0.123756 0.114638 0.0832096 0.057044 0.0453463 0.038932 0.0309827 0.0209806 0.0117219 0.00543373 0.00220428 0.000854833 0.00032259
 1.0378e-11 1.12693e-09 7.21469e-08 2.72319e-06 6.06009e-05 0.000795129 0.00615206 0.0280923 0.0760258 0.124507 0.135445 0.128719 0.133884 0.123993 0.0885303 0.055202 0.0343796 0.0221634 0.0158087 0.011766 0.00777289 0.00414615 0.00175496 0.000612672 0.000187571
 1.14245e-11 1.24056e-09 7.9422e-08 2.99779e-06 6.67117e-05 0.000875301 0.00677215 0.0309187 0.0836046 0.136353 0.145711 0.132098 0.131116 0.119378 0.0849873 0.0528938 0.0321604 0.0185927 0.0104471 0.00618801 0.0039026 0.00230385 0.00110533 0.000407009 0.000116086
 1.19426e-11 1.29682e-09 8.30237e-08 3.13373e-06 6.97369e-05 0.000914993 0.00707922 0.03232 0.0873845 0.142443 0.151867 0.136724 0.134241 0.120044 0.0818386 0.0472303 0.0269156 0.0150306 0.00797503 0.00404343 0.00203578 0.00105457 0.000516726 0.00020684 6.19027e-05
 1.15098e-11 1.24983e-09 8.0015e-08 3.02017e-06 6.72098e-05 0.00088184 0.00682286 0.0311531 0.0842777 0.137766 0.148682 0.138304 0.140285 0.126586 0.0855324 0.0479673 0.0259812 0.0135235 0.00665393 0.00313486 0.00139999 0.000599609 0.00025126 9.68222e-05 3.00856e-05
 1.21058e-11 1.31455e-09 8.41587e-08 3.17657e-06 7.06903e-05 0.000927502 0.00717598 0.0327614 0.0885731 0.144342 0.153711 0.137938 0.134995 0.120625 0.0822221 0.0470511 0.0257877 0.0132034 0.00618424 0.00270209 0.0011001 0.00041637 0.000147206 4.84799e-05 1.40109e-05
 1.2148e-11 1.31913e-09 8.44517e-08 3.18763e-06 7.09364e-05 0.000930732 0.00720101 0.0328765 0.0888956 0.144958 0.154787 0.139899 0.137666 0.122293 0.0813246 0.0444017 0.0234033 0.011903 0.00559942 0.00240463 0.000926925 0.00032013 9.94533e-05 2.78069e-05 6.88808e-06
 1.28896e-11 1.39965e-09 8.96072e-08 3.38223e-06 7.52668e-05 0.000987544 0.00764039 0.0348784 0.0942528 0.153244 0.161543 0.140819 0.133188 0.1163 0.0766571 0.041237 0.0211424 0.0103255 0.00466124 0.00195712 0.000745033 0.000248923 7.17108e-05 1.77303e-05 3.75342e-06
 1.43087e-11 1.55375e-09 9.94728e-08 3.7546e-06 8.35534e-05 0.00109626 0.00848122 0.0387102 0.104516 0.16919 0.174897 0.143744 0.126322 0.105715 0.0666539 0.0330489 0.0154409 0.00711242 0.00308694 0.00124333 0.000454717 0.000147416 4.11372e-05 9.57681e-06 1.82408e-06
 1.43762e-11 1.56108e-09 9.99417e-08 3.7723e-06 8.39473e-05 0.00110143 0.00852123 0.0388932 0.105015 0.170045 0.175993 0.145162 0.128007 0.106773 0.0661835 0.0313788 0.0136052 0.00573042 0.00225728 0.000836931 0.000288588 8.92175e-05 2.38785e-05 5.34091e-06 9.63612e-07
 1.34491e-11 1.46041e-09 9.34969e-08 3.52904e-06 7.8534e-05 0.00103041 0.00797202 0.036392 0.0983386 0.15985 0.168325 0.146169 0.137016 0.116987 0.0722034 0.0333435 0.0138097 0.00550217 0.00201302 0.000677396 0.000210416 5.93482e-05 1.48137e-05 3.14056e-06 5.40463e-07
 1.32172e-11 1.43523e-09 9.1885e-08 3.4682e-06 7.71801e-05 0.00101265 0.00783465 0.035766 0.0966626 0.157251 0.166172 0.145777 0.138292 0.118907 0.0740165 0.0347737 0.0146697 0.00582447 0.00205941 0.000652529 0.0001866 4.74698e-05 1.0627e-05 2.0497e-06 3.27946e-07
 1.42475e-11 1.54711e-09 9.90471e-08 3.73853e-06 8.31959e-05 0.00109157 0.00844502 0.0385466 0.104097 0.168698 0.175252 0.146195 0.130652 0.10924 0.0669426 0.030702 0.0125855 0.00494532 0.00176083 0.000558067 0.000155185 3.71224e-05 7.59218e-06 1.31424e-06 1.88763e-07
 1.53399e-11 1.66573e-09 1.06641e-07 4.02518e-06 8.95747e-05 0.00117526 0.00909223 0.0414952 0.111984 0.180868 0.185033 0.147067 0.123219 0.0994917 0.0593999 0.0259026 0.00981938 0.00360901 0.00123205 0.000381722 0.000105456 2.50275e-05 4.95944e-06 8.0434e-07 1.05208e-07
 1.47976e-11 1.60684e-09 1.02872e-07 3.88289e-06 8.64083e-05 0.00113372 0.008771 0.0400326 0.108084 0.174945 0.18074 0.148186 0.129296 0.106 0.0626917 0.0262922 0.0092524 0.00312585 0.000982858 0.000281272 7.32342e-05 1.68081e-05 3.27408e-06 5.21172e-07 6.55613e-08
 1.46557e-11 1.59143e-09 1.01885e-07 3.84565e-06 8.55796e-05 0.00112285 0.0086869 0.039649 0.107051 0.173302 0.179173 0.14726 0.129034 0.106494 0.0641142 0.0281477 0.0106248 0.00372364 0.00113621 0.00030082 7.13754e-05 1.50259e-05 2.73765e-06 4.17746e-07 5.11698e-08
 1.56541e-11 1.69985e-09 1.08826e-07 4.10764e-06 9.14097e-05 0.00119934 0.00927842 0.0423435 0.114254 0.184377 0.187887 0.147427 0.121257 0.0968381 0.0572654 0.024449 0.00890042 0.00309778 0.000980155 0.000271057 6.43091e-05 1.27894e-05 2.13251e-06 2.97776e-07 3.40113e-08
 1.68987e-11 1.835e-09 1.17478e-07 4.43421e-06 9.8677e-05 0.00129468 0.0100158 0.0457022 0.123231 0.198174 0.198708 0.147529 0.111417 0.0847733 0.0489302 0.020122 0.00685873 0.00223123 0.000672928 0.000181853 4.36183e-05 8.91444e-06 1.49199e-06 1.99647e-07 2.11151e-08
 1.69395e-11 1.83942e-09 1.17761e-07 4.44491e-06 9.8915e-05 0.0012978 0.0100399 0.0458132 0.123539 0.198737 0.199586 0.148976 0.113298 0.0858534 0.0480809 0.0179856 0.00499219 0.00127162 0.00032515 7.94631e-05 1.78311e-05 3.52052e-06 5.87081e-07 7.94601e-08 8.38652e-09
 1.78212e-11 1.93517e-09 1.23891e-07 4.67628e-06 0.000104064 0.00136535 0.0105623 0.0481921 0.129888 0.208421 0.206822 0.147863 0.104525 0.0761236 0.0427076 0.0166122 0.00502382 0.00137239 0.000330861 6.68231e-05 1.20203e-05 2.02225e-06 3.07209e-07 3.96694e-08 4.12342e-09
 1.80605e-11 1.96115e-09 1.25555e-07 4.73906e-06 0.000105461 0.00138368 0.0107041 0.0488379 0.131616 0.211094 0.209 0.148151 0.103036 0.0740482 0.0409391 0.0153588 0.00430471 0.00108899 0.000260646 5.50451e-05 9.92921e-06 1.49123e-06 1.86219e-07 1.99632e-08 1.83514e-09
 1.84562e-11 2.00412e-09 1.28306e-07 4.8429e-06 0.000107772 0.001414 0.0109385 0.0499059 0.134471 0.215485 0.212462 0.148242 0.0999943 0.0702612 0.0382439 0.0138828 0.00358393 0.00079504 0.000168201 3.2297e-05 5.50877e-06 8.22187e-07 1.02257e-07 1.01894e-08 8.02975e-10
 1.88163e-11 2.04322e-09 1.30809e-07 4.93739e-06 0.000109874 0.00144158 0.0111518 0.0508776 0.137067 0.219464 0.215529 0.148094 0.0968755 0.0665833 0.0358915 0.0128662 0.0032166 0.00067024 0.000130459 2.25023e-05 3.36253e-06 4.43921e-07 5.07773e-08 4.85436e-09 3.72573e-10
 1.95755e-11 2.12566e-09 1.36087e-07 5.13659e-06 0.000114307 0.00149974 0.0116016 0.052926 0.142538 0.227842 0.221951 0.147663 0.0901176 0.0587028 0.0309697 0.010879 0.00259191 0.000493375 8.73812e-05 1.39952e-05 1.9306e-06 2.30054e-07 2.32506e-08 1.95526e-09 1.35199e-10
 1.94162e-11 2.10836e-09 1.34979e-07 5.09479e-06 0.000113377 0.00148754 0.0115072 0.0524963 0.141392 0.2261 0.220678 0.147959 0.0918474 0.0605589 0.0319057 0.0109988 0.0024676 0.000411136 6.16231e-05 8.65307e-06 1.06964e-06 1.15165e-07 1.06056e-08 8.07111e-10 4.96663e-11
 1.87219e-11 2.03297e-09 1.30153e-07 4.91261e-06 0.000109323 0.00143435 0.0110959 0.0506229 0.136388 0.218433 0.214785 0.148297 0.0979444 0.0677155 0.0364417 0.0129042 0.00310724 0.00059729 0.000102995 1.48121e-05 1.66652e-06 1.54102e-07 1.22629e-08 8.25478e-10 4.55697e-11
#obs catch len freq
 1.57383e-11 1.52052e-09 8.66095e-08 2.90855e-06 5.7588e-05 0.00067228 0.00462852 0.0188195 0.0455268 0.0680973 0.0743378 0.0851216 0.109098 0.122484 0.119905 0.109162 0.0896976 0.06593 0.0437799 0.025353 0.0119182 0.00419395 0.00102962 0.000167524 1.74566e-05
 1.49185e-11 1.39018e-09 7.63763e-08 2.47392e-06 4.72454e-05 0.000532006 0.00353393 0.0138823 0.0326806 0.0492544 0.0605797 0.0846616 0.118445 0.13508 0.133138 0.120609 0.0969397 0.0688026 0.0435331 0.0236826 0.0103435 0.00336406 0.000762619 0.000114629 1.10356e-05
 1.34223e-12 1.20431e-10 6.37079e-09 1.9871e-07 3.65564e-06 3.97382e-05 0.000257716 0.0010471 0.00323907 0.0107286 0.0357171 0.0867402 0.13986 0.163333 0.161344 0.142367 0.108137 0.0716059 0.0422792 0.0214303 0.00866125 0.00259015 0.000538351 7.41771e-05 6.55244e-06
 1.73313e-11 1.49482e-09 7.60128e-08 2.27889e-06 4.02812e-05 0.000419798 0.00258003 0.00936137 0.0201745 0.0266905 0.0256627 0.0303448 0.0586775 0.117733 0.179405 0.19201 0.151108 0.0963255 0.0528469 0.0245465 0.00906406 0.00247457 0.000469157 5.89532e-05 4.75216e-06
 5.49766e-11 4.55111e-09 2.22124e-07 6.39169e-06 0.000108441 0.00108496 0.00640801 0.022466 0.0481116 0.0715288 0.10225 0.159052 0.195656 0.15721 0.0875786 0.0496261 0.0390327 0.0301465 0.0180183 0.00813539 0.00276488 0.00068399 0.000117354 1.33684e-05 9.78708e-07
 1.5394e-10 1.22134e-08 5.71298e-07 1.57554e-05 0.000256177 0.00245599 0.0138885 0.0464202 0.0926935 0.116704 0.114306 0.123668 0.140254 0.131894 0.101944 0.0644613 0.0311354 0.0122233 0.00487717 0.0019779 0.000648164 0.000150412 2.35852e-05 2.43123e-06 1.60874e-07
 2.83744e-10 2.1546e-08 9.64598e-07 2.54604e-05 0.000396211 0.00363542 0.0196727 0.0628757 0.119597 0.140771 0.121087 0.109727 0.114013 0.108287 0.0893327 0.0613096 0.031968 0.0123404 0.00371638 0.000963733 0.000227674 4.48852e-05 6.40803e-06 6.06749e-07 3.66349e-08
 3.59182e-10 2.60705e-08 1.11564e-06 2.81474e-05 0.000418696 0.00367238 0.0190015 0.058145 0.106623 0.124998 0.118583 0.126412 0.135556 0.118814 0.0877062 0.0557693 0.0285341 0.0112999 0.00345741 0.000811351 0.000146014 2.04754e-05 2.21691e-06 1.74688e-07 9.30771e-09
 5.94812e-10 4.12178e-08 1.68395e-06 4.05614e-05 0.000576028 0.00482342 0.0238251 0.0695774 0.121565 0.134751 0.118348 0.116844 0.122348 0.110719 0.0853349 0.0535768 0.0253852 0.00906402 0.0025467 0.000565303 9.4834e-05 1.15029e-05 9.86665e-07 5.9285e-08 2.46154e-09
 8.72008e-10 5.7624e-08 2.24505e-06 5.15689e-05 0.000698393 0.00557706 0.0262751 0.0732437 0.122632 0.13259 0.119185 0.122292 0.126067 0.10908 0.0803176 0.0487747 0.0226538 0.00792139 0.00212558 0.000437079 6.70938e-05 7.42963e-06 5.73214e-07 2.99043e-08 1.03295e-09
 1.29069e-09 8.12502e-08 3.01554e-06 6.5985e-05 0.000851288 0.00647607 0.0290688 0.0772454 0.123634 0.129363 0.116194 0.121065 0.12612 0.111693 0.0828137 0.0477793 0.0198952 0.00602677 0.00140585 0.000258822 3.63144e-05 3.6809e-06 2.58388e-07 1.21869e-08 3.77373e-10
 2.17074e-09 1.30046e-07 4.59329e-06 9.56518e-05 0.00117439 0.00850224 0.0363182 0.0918307 0.139746 0.138524 0.116864 0.114825 0.115434 0.100485 0.0731471 0.0408947 0.0163191 0.00466054 0.000992466 0.00016107 1.96522e-05 1.74796e-06 1.09395e-07 4.65028e-09 1.30271e-10
 3.12833e-09 1.78193e-07 5.98419e-06 0.000118485 0.00138317 0.00952177 0.0386871 0.0931944 0.136199 0.134082 0.120575 0.125003 0.122154 0.0993758 0.0671491 0.0350571 0.0131388 0.00353114 0.000705168 0.000106018 1.17395e-05 9.27534e-07 5.08927e-08 1.89404e-09 4.67664e-11
 4.47315e-09 2.42051e-07 7.72216e-06 0.000145249 0.00161083 0.010535 0.0406768 0.093244 0.130534 0.12638 0.117408 0.125835 0.125394 0.104844 0.0712765 0.035871 0.0125302 0.00307129 0.000553987 7.54352e-05 7.61161e-06 5.4805e-07 2.72117e-08 9.07088e-10 1.98785e-11
 5.75733e-09 2.95729e-07 8.95584e-06 0.000159905 0.00168342 0.0104529 0.0383459 0.0838225 0.113878 0.113997 0.118949 0.136639 0.137479 0.114647 0.076599 0.0372915 0.0125284 0.00294491 0.000503417 6.35617e-05 5.82957e-06 3.77921e-07 1.68816e-08 5.0734e-10 1.00313e-11
 8.40057e-09 4.09315e-07 1.17584e-05 0.000199151 0.00198882 0.0117151 0.0407815 0.0847148 0.11009 0.107822 0.113403 0.132423 0.138348 0.120828 0.0819488 0.039288 0.0128979 0.00297541 0.000499132 6.10919e-05 5.32616e-06 3.21707e-07 1.31667e-08 3.58392e-10 6.38027e-12
 1.49462e-08 6.90384e-07 1.88015e-05 0.000301883 0.002858 0.0159593 0.0526609 0.103628 0.127188 0.116427 0.113504 0.124984 0.12535 0.105333 0.0682597 0.0311692 0.0097839 0.00217455 0.000353564 4.19803e-05 3.53631e-06 2.04763e-07 7.94677e-09 2.02606e-10 3.33869e-12
 2.29286e-08 1.00352e-06 2.5895e-05 0.000393962 0.00353412 0.0187025 0.0585257 0.109602 0.130019 0.120482 0.122176 0.131391 0.122203 0.0940164 0.0562267 0.0239303 0.00704293 0.00147326 0.000226251 2.54658e-05 2.03947e-06 1.12415e-07 4.14932e-09 1.00316e-10 1.56041e-12
 2.80837e-08 1.16415e-06 2.84514e-05 0.000409972 0.00348358 0.0174684 0.0518949 0.0931081 0.110045 0.112209 0.129458 0.145226 0.135809 0.104208 0.0614648 0.0257759 0.00755529 0.00158419 0.00024104 2.62539e-05 1.99507e-06 1.03331e-07 3.57424e-09 8.09977e-11 1.18171e-12
 4.70606e-08 1.84702e-06 4.27395e-05 0.000583095 0.00469096 0.0222687 0.0625949 0.105975 0.116871 0.108786 0.117084 0.131769 0.129908 0.103925 0.0613442 0.0251771 0.00722754 0.00149804 0.000226411 2.44036e-05 1.81603e-06 9.08129e-08 2.98935e-09 6.37238e-11 8.68046e-13
 7.74172e-08 2.87614e-06 6.29979e-05 0.000813574 0.00619579 0.0278472 0.0741707 0.119442 0.127181 0.11771 0.124221 0.129642 0.115385 0.0844578 0.0471657 0.0189264 0.00544391 0.00113965 0.000172467 1.83667e-05 1.33742e-06 6.50171e-08 2.06771e-09 4.22809e-11 5.48153e-13
 1.02831e-07 3.61569e-06 7.4955e-05 0.000916172 0.0066043 0.0281119 0.0710923 0.109998 0.117787 0.119072 0.13513 0.140912 0.121602 0.0843782 0.0435221 0.0158029 0.00408705 0.000781851 0.000111489 1.14654e-05 8.13655e-07 3.84735e-08 1.18287e-09 2.32402e-11 2.8804e-13
 1.73424e-07 5.77082e-06 0.000113216 0.00130961 0.00893387 0.0359817 0.0860301 0.125367 0.12464 0.11487 0.122771 0.128002 0.113569 0.0796266 0.0403532 0.0141865 0.00351574 0.000632897 8.32272e-05 7.83184e-06 5.12228e-07 2.26282e-08 6.57621e-10 1.22916e-11 1.45159e-13
 2.58693e-07 8.14654e-06 0.000151255 0.00165583 0.0106913 0.0407765 0.0925461 0.129407 0.128201 0.12372 0.132278 0.127853 0.102391 0.0656289 0.0311737 0.0104923 0.00252312 0.000441171 5.56735e-05 4.93694e-06 2.99271e-07 1.21267e-08 3.22315e-10 5.52621e-12 6.02298e-14
 3.46281e-07 1.03205e-05 0.000181352 0.00187902 0.0114844 0.0414916 0.0895003 0.120704 0.121011 0.124874 0.138748 0.13516 0.107717 0.0665976 0.0294142 0.0089593 0.00192581 0.000303316 3.52101e-05 2.92273e-06 1.66761e-07 6.33469e-09 1.5657e-10 2.47634e-12 2.47511e-14
 4.87332e-07 1.37474e-05 0.000228648 0.00224239 0.0129741 0.0443982 0.0909514 0.117804 0.1173 0.124067 0.139455 0.136828 0.109326 0.0662581 0.0281118 0.00813358 0.00164151 0.000238334 2.50428e-05 1.86767e-06 9.61946e-08 3.33316e-09 7.58662e-11 1.11095e-12 1.02926e-14
 7.80998e-07 2.08554e-05 0.000328351 0.0030483 0.0166959 0.0540903 0.104934 0.128837 0.121888 0.122989 0.13299 0.126795 0.0984134 0.0574774 0.0234483 0.00655838 0.00128555 0.000180285 1.79909e-05 1.24808e-06 5.87541e-08 1.84024e-09 3.77071e-11 4.97801e-13 4.1771e-15
 1.04126e-06 2.63244e-05 0.000392386 0.00344905 0.0178923 0.0549881 0.101922 0.123071 0.12294 0.133808 0.14353 0.128657 0.0928168 0.050668 0.0195088 0.00520201 0.000980306 0.000132632 1.27362e-05 8.44203e-07 3.75909e-08 1.10073e-09 2.08424e-11 2.51767e-13 1.91911e-15
 1.34736e-06 3.22528e-05 0.000455214 0.003789 0.0186188 0.0542827 0.0960829 0.113662 0.117572 0.134788 0.148624 0.136403 0.0988674 0.0522717 0.0189424 0.00468125 0.000813716 0.000101996 9.15525e-06 5.71449e-07 2.40362e-08 6.6432e-10 1.18325e-11 1.3379e-13 9.49208e-16
#spawning biomass
 12727.2 12450 9822.64 9521.09 12685.1 19236.6 27778.5 38796.2 53026.5 69002.5 85767.6 100860 137777 155069 143467 119789 111416 108805 112617 106730 113206 94247.3 113784 132542 131062 131479 129995 118612 152721 223932 269067 167971 96292 56412.3 36961.4 28222.1 24505.9 22985.4 22380.5 22144.7 22054.2 22019.8 22006.9 22002.1 22000.3 21999.7 21999.4 21999.3 21999.3 21999.3 21999.3 21999.3 21999.3 21999.3 21999.3 21999.3 21999.3 21999.3 21999.3 21999.3 21999.3 21999.3 21999.3 21999.3 21999.3 21999.3 21999.3 21999.3 21999.3 21999.3 21999.3 21999.3 21999.3 21999.3 21999.3 21999.3 21999.3 21999.3 21999.3 21999.3 21999.3 21999.3 21999.3 21999.3 21999.3 21999.3 21999.3 21999.3 21999.3 21999.3 21999.3 21999.3 21999.3 21999.3 21999.3 21999.3 21999.3 21999.3 21999.3 21999.3 21999.3 21999.3 21999.3 21999.3 21999.3 21999.3 21999.3 21999.3 21999.3 21999.3 21999.3 21999.3 21999.3 21999.3 21999.3 21999.3 21999.3 21999.3 21999.3 21999.3 21999.3 21999.3 21999.3 21999.3 21999.3 21999.3 21999.3 21999.3 21999.3 0 0 0 0 0 0 0 0 0 0 0 0 0 0 0 0 0 0 0 0 0 0 0 0 0
