SBPRF35
0.124175
Curr Bio
48172.2
B35
112449
F35
0.447948
FOFL
0.150178
OFL
14721.4
Bzero
35478.5
#pred survey bio
 7336.16 7805.54 8149.94 7955.76 10525.8 15568.8 15417.1 18480 32385.8 57680 73890.4 88293.9 116281 145012 151584 131314 118645 121980 121128 125533 128627 138325 139030 150369 174503 194919 180148 161915 5.24128e+06 3.18667e+06 2.14255e+06 1.35245e+06 917644 704986 606140 560869 539952 530050 525204 522747 521458 520763 520380 520164 520042 519973 519933 519910 519897 519889 519884 519882 519880 519879 519879 519879 519879 519878 519878 519878 519878 519878 519878 519878 519878 519878 519878 519878 519878 519878 519878 519878 519878 519878 519878 519878 519878 519878 519878 519878 519878 519878 519878 519878 519878 519878 519878 519878 519878 519878 519878 519878 519878 519878 519878 519878 519878 519878 519878 519878 519878 519878 519878 519878 519878 519878 519878 519878 519878 519878 519878 519878 519878 519878 519878 519878 519878 519878 519878 519878 519878 519878 519878 519878 519878 519878 519878 519878 0 0 0 0 0 0 0 0 0 0 0 0 0 0 0 0 0 0 0 0 0 0 0 0 0
#obs survey bio
 6636.94 6435.78 7825.35 6962.93 14280.7 22657.9 14686.9 20186 39989.5 61404.1 123080 87997.2 136982 127194 117317 114806 91970.2 97056.8 122150 96677.8 134443 187392 132471 123287 194303 147899 208444 175083
#pred catch bio
 4074.72 4972.63 5477.42 5222.67 6191.4 10608.3 10328.3 11537.2 18909.1 36956.6 48480.7 57838.6 75902.4 94659.1 105493 92036.7 80003 84163.3 80568.5 85512 85045.7 92411.5 89987.2 95138.6 108178 128794 119092 110654 14721.4 42461.6 27169.6 16402.7 10803.5 8240.71 7150.2 6706.68 6531.5 6463.64 6437.7 6427.87 6424.16 6422.77 6422.25 6422.06 6421.99 6421.96 6421.95 6421.95 6421.95 6421.95 6421.95 6421.95 6421.95 6421.95 6421.95 6421.95 6421.95 6421.95 6421.95 6421.95 6421.95 6421.95 6421.95 6421.95 6421.95 6421.95 6421.95 6421.95 6421.95 6421.95 6421.95 6421.95 6421.95 6421.95 6421.95 6421.95 6421.95 6421.95 6421.95 6421.95 6421.95 6421.95 6421.95 6421.95 6421.95 6421.95 6421.95 6421.95 6421.95 6421.95 6421.95 6421.95 6421.95 6421.95 6421.95 6421.95 6421.95 6421.95 6421.95 6421.95 6421.95 6421.95 6421.95 6421.95 6421.95 6421.95 6421.95 6421.95 6421.95 6421.95 6421.95 6421.95 6421.95 6421.95 6421.95 6421.95 6421.95 6421.95 6421.95 6421.95 6421.95 6421.95 6421.95 6421.95 6421.95 6421.95 6421.95 6421.95 0 0 0 0 0 0 0 0 0 0 0 0 0 0 0 0 0 0 0 0 0 0 0 0 0
#obs catch bio
 5394.21 4990.98 5536.2 5208.87 6100.51 10383.1 10274.6 11339.9 18624.9 36071.1 46902 57389.9 75178 94265.4 108202 93983.6 81069.7 86090.6 80929.2 87132.1 85888.8 91507.3 89892.4 96773.7 108041 132227 119301 110846
#pred cpue bio
 6840.8 6985.55 7320.93 7124.42 9239.3 13819.8 13819.2 16291.6 28171.4 50627.9 65667.5 78336.5 102432 128642 136290 118061 106072 108861 108045 112337 114586 123552 124599 134438 155720 175221 162658 146297 4.68983e+06 3.19474e+06 2.12595e+06 1.33017e+06 894871 682177 583329 538057 517140 507238 502392 499935 498646 497951 497568 497352 497230 497161 497121 497098 497085 497077 497073 497070 497068 497068 497067 497067 497067 497067 497066 497066 497066 497066 497066 497066 497066 497066 497066 497066 497066 497066 497066 497066 497066 497066 497066 497066 497066 497066 497066 497066 497066 497066 497066 497066 497066 497066 497066 497066 497066 497066 497066 497066 497066 497066 497066 497066 497066 497066 497066 497066 497066 497066 497066 497066 497066 497066 497066 497066 497066 497066 497066 497066 497066 497066 497066 497066 497066 497066 497066 497066 497066 497066 497066 497066 497066 497066 497066 497066 0 0 0 0 0 0 0 0 0 0 0 0 0 0 0 0 0 0 0 0 0 0 0 0 0
#obs cpue bio
 6580.55 8761.65 5943.13 9459.6 9009.98 14720.8 13395.9 21530.3 27724.4 79010.4 69541.5 71308.2 104783 150510 99559.6 103743 109081 94114.8 108970 100279 98215.6 126319 120006 106971 168580 127276 166664 130336
#pred surv len freq
 2.14639e-27 2.1746e-27 6.74236e-27 1.563e-21 9.29575e-17 1.27103e-12 3.99549e-09 2.88755e-06 0.000479763 0.0183266 0.160945 0.324952 0.151222 0.0264286 0.0634964 0.0890782 0.0361457 0.0287929 0.0255863 0.0172654 0.0145366 0.0125865 0.0130014 0.0120799 0.00507393
 2.14879e-27 2.18168e-27 7.55099e-27 1.8374e-21 1.09277e-16 1.49417e-12 4.69695e-09 3.3945e-06 0.00056399 0.0215441 0.189201 0.382 0.177647 0.0277814 0.0545662 0.0761761 0.0279169 0.0137826 0.0109018 0.00578293 0.00399449 0.00282367 0.00242233 0.00204429 0.000848157
 2.148e-27 2.17991e-27 7.36842e-27 1.77546e-21 1.05594e-16 1.4438e-12 4.53862e-09 3.28007e-06 0.000544979 0.0208178 0.182823 0.369124 0.171757 0.0294596 0.068693 0.0959928 0.0337376 0.0121482 0.00848427 0.00313809 0.00151235 0.000781483 0.000497024 0.00034858 0.000136853
 2.14822e-27 2.1805e-27 7.43538e-27 1.79819e-21 1.06945e-16 1.46229e-12 4.59672e-09 3.32207e-06 0.000551956 0.0210844 0.185164 0.373849 0.173928 0.029086 0.0649883 0.0908158 0.0325525 0.0137422 0.00972852 0.00296372 0.00100866 0.000326121 0.000124767 6.1568e-05 2.12207e-05
 2.14981e-27 2.18441e-27 7.84901e-27 1.9385e-21 1.1529e-16 1.57639e-12 4.9554e-09 3.58128e-06 0.000595025 0.0227295 0.199612 0.403019 0.187363 0.0277533 0.0480607 0.0669382 0.023886 0.0097517 0.00692708 0.00229217 0.000813479 0.000199861 4.17325e-05 1.05974e-05 2.67829e-06
 2.14891e-27 2.18217e-27 7.60857e-27 1.85692e-21 1.10438e-16 1.51005e-12 4.74686e-09 3.43057e-06 0.000569984 0.021773 0.191211 0.386059 0.179564 0.0288684 0.05998 0.0836904 0.0291388 0.00960118 0.00645352 0.00210234 0.000750295 0.000193973 3.45848e-05 4.43553e-06 5.59278e-07
 2.1481e-27 2.18019e-27 7.3992e-27 1.78591e-21 1.06215e-16 1.4523e-12 4.56532e-09 3.29937e-06 0.000548185 0.0209403 0.183899 0.371295 0.172762 0.0294866 0.0682038 0.095305 0.0335563 0.0122576 0.00835394 0.00242384 0.00074141 0.000186603 3.3548e-05 3.67803e-06 2.40504e-07
 2.14948e-27 2.1836e-27 7.7636e-27 1.90953e-21 1.13567e-16 1.55283e-12 4.88134e-09 3.52776e-06 0.000586132 0.0223898 0.196629 0.396996 0.184589 0.0280249 0.0515343 0.071842 0.0257263 0.0107826 0.00762854 0.00232981 0.000741764 0.000167138 2.65922e-05 2.79824e-06 1.54267e-07
 2.15043e-27 2.18592e-27 8.00705e-27 1.9921e-21 1.18478e-16 1.61998e-12 5.09242e-09 3.6803e-06 0.000611477 0.023358 0.205131 0.414162 0.192503 0.0274221 0.0426803 0.0593188 0.0207165 0.00703286 0.00477463 0.00157393 0.000556786 0.000132181 2.0677e-05 1.9481e-06 9.76094e-08
 2.14976e-27 2.18426e-27 7.82879e-27 1.93162e-21 1.14881e-16 1.57079e-12 4.93781e-09 3.56857e-06 0.000592912 0.0226489 0.198903 0.401589 0.186719 0.028211 0.051286 0.0714219 0.0246243 0.00732188 0.00471613 0.00139165 0.000438408 0.000110937 1.90563e-05 1.83567e-06 8.63694e-08
 2.1488e-27 2.1819e-27 7.57949e-27 1.84706e-21 1.09852e-16 1.50202e-12 4.72163e-09 3.41234e-06 0.000566954 0.0216573 0.190195 0.384008 0.178621 0.0290123 0.0614766 0.085799 0.0298793 0.00985509 0.00650413 0.00179491 0.000495441 0.000111274 1.8051e-05 1.85124e-06 9.16364e-08
 2.14896e-27 2.18232e-27 7.62563e-27 1.86272e-21 1.10783e-16 1.51476e-12 4.76168e-09 3.44128e-06 0.000571763 0.021841 0.191808 0.387264 0.180113 0.0286328 0.0581783 0.0811867 0.0287508 0.0110326 0.00761012 0.00220524 0.000645442 0.000135148 1.90042e-05 1.76863e-06 8.75115e-08
 2.14952e-27 2.18369e-27 7.77053e-27 1.91187e-21 1.13707e-16 1.55473e-12 4.88733e-09 3.53209e-06 0.000586851 0.0224173 0.19687 0.397483 0.18482 0.0281753 0.0523052 0.0728977 0.025676 0.00941395 0.00648044 0.00203113 0.000668284 0.000148452 2.11432e-05 1.78487e-06 7.86586e-08
 2.14896e-27 2.18229e-27 7.62058e-27 1.861e-21 1.10681e-16 1.51336e-12 4.75727e-09 3.43809e-06 0.000571234 0.0218208 0.191631 0.386906 0.179955 0.0288274 0.059474 0.0829798 0.0289272 0.00964351 0.00645614 0.00197718 0.000645161 0.000155307 2.45985e-05 2.16975e-06 9.19102e-08
 2.14784e-27 2.17954e-27 7.33041e-27 1.76257e-21 1.04827e-16 1.43332e-12 4.50566e-09 3.25625e-06 0.000541022 0.0206667 0.181496 0.366444 0.170527 0.0296872 0.0708905 0.0990984 0.034983 0.0130704 0.00896407 0.00261596 0.000793714 0.000186556 3.03627e-05 2.92318e-06 1.32953e-07
 2.14786e-27 2.17962e-27 7.3427e-27 1.76676e-21 1.05076e-16 1.43672e-12 4.51636e-09 3.26399e-06 0.000542306 0.0207157 0.181927 0.367314 0.170918 0.0294003 0.0688767 0.0962993 0.0345267 0.0146045 0.0103653 0.00320043 0.00103456 0.000233312 3.57669e-05 3.43578e-06 1.64921e-07
 2.14835e-27 2.18083e-27 7.47013e-27 1.80998e-21 1.07646e-16 1.47187e-12 4.62685e-09 3.34384e-06 0.000555574 0.0212226 0.186378 0.3763 0.175058 0.0290048 0.0637538 0.0890668 0.0318099 0.0130729 0.00929846 0.00307534 0.00109359 0.000262607 4.14553e-05 3.82515e-06 1.78722e-07
 2.1485e-27 2.18117e-27 7.50546e-27 1.82196e-21 1.08359e-16 1.48162e-12 4.65748e-09 3.36598e-06 0.000559252 0.021363 0.187611 0.378791 0.176208 0.0289662 0.0627674 0.0876628 0.0311303 0.0122291 0.00859569 0.00280432 0.00100105 0.000258581 4.48141e-05 4.35457e-06 2.02984e-07
 2.14853e-27 2.18125e-27 7.51328e-27 1.82461e-21 1.08517e-16 1.48377e-12 4.66425e-09 3.37087e-06 0.000560065 0.0213941 0.187884 0.379341 0.176464 0.0290038 0.0628312 0.0877432 0.0310305 0.0117798 0.00818866 0.00260248 0.000898252 0.000230096 4.12973e-05 4.35306e-06 2.1735e-07
 2.14826e-27 2.18059e-27 7.44332e-27 1.80088e-21 1.07105e-16 1.46447e-12 4.60359e-09 3.32703e-06 0.00055278 0.0211158 0.18544 0.374408 0.17419 0.0292043 0.0655419 0.0915719 0.0324909 0.0126721 0.00884613 0.00276172 0.000925975 0.000230101 4.02731e-05 4.31003e-06 2.27841e-07
 2.14865e-27 2.18154e-27 7.54488e-27 1.83533e-21 1.09154e-16 1.49249e-12 4.69166e-09 3.39068e-06 0.000563356 0.0215198 0.188988 0.38157 0.177487 0.0288177 0.0610234 0.0852085 0.0303219 0.0121098 0.00851316 0.00269428 0.000913959 0.000222785 3.76865e-05 3.92115e-06 2.07096e-07
 2.14842e-27 2.18097e-27 7.48394e-27 1.81466e-21 1.07925e-16 1.47568e-12 4.63881e-09 3.35248e-06 0.00055701 0.0212774 0.186859 0.377272 0.17551 0.0290934 0.0640016 0.0893945 0.0316345 0.0120737 0.00841415 0.00270009 0.00093469 0.000230971 3.90495e-05 3.9581e-06 2.03016e-07
 2.14813e-27 2.18028e-27 7.41112e-27 1.78996e-21 1.06456e-16 1.45559e-12 4.57568e-09 3.30685e-06 0.000549429 0.0209878 0.184316 0.372138 0.173144 0.0292867 0.0667292 0.0932501 0.0331465 0.013119 0.00919175 0.00287843 0.000971067 0.000242779 4.18547e-05 4.27019e-06 2.15996e-07
 2.14835e-27 2.18083e-27 7.47071e-27 1.81018e-21 1.07658e-16 1.47203e-12 4.62736e-09 3.34421e-06 0.000555635 0.0212249 0.186398 0.376341 0.175075 0.028968 0.063517 0.0887408 0.0318034 0.013414 0.0095524 0.00305291 0.0010483 0.000256964 4.37191e-05 4.51656e-06 2.31008e-07
 2.14851e-27 2.18122e-27 7.51107e-27 1.82387e-21 1.08472e-16 1.48317e-12 4.66235e-09 3.3695e-06 0.000559837 0.0213854 0.187808 0.379187 0.176387 0.0288743 0.0620871 0.0867154 0.0309521 0.0126638 0.00900038 0.00298313 0.00107341 0.00026919 4.60403e-05 4.6951e-06 2.40112e-07
 2.14787e-27 2.17965e-27 7.34473e-27 1.76744e-21 1.05117e-16 1.43728e-12 4.51811e-09 3.26525e-06 0.000542517 0.0207238 0.181997 0.367456 0.170986 0.0294522 0.0691506 0.0966713 0.0344603 0.0139531 0.00987361 0.00322106 0.00115042 0.000299241 5.34122e-05 5.5415e-06 2.82721e-07
 2.14749e-27 2.1787e-27 7.24604e-27 1.73397e-21 1.03126e-16 1.41006e-12 4.43255e-09 3.20342e-06 0.000532243 0.0203313 0.178551 0.360498 0.167776 0.0296559 0.0724915 0.101404 0.0364506 0.015718 0.0112607 0.00364613 0.0012852 0.000330267 5.959e-05 6.42154e-06 3.36999e-07
 2.14743e-27 2.17859e-27 7.23537e-27 1.73036e-21 1.02911e-16 1.40713e-12 4.42332e-09 3.19674e-06 0.000531134 0.020289 0.178179 0.359747 0.167426 0.0295661 0.0721698 0.100969 0.036549 0.0165642 0.0120376 0.00403908 0.00147738 0.000377909 6.73033e-05 7.26019e-06 3.9029e-07
#obs surv len freq
 1.24028e-39 6.07031e-33 6.83041e-27 1.76696e-21 1.05088e-16 1.43689e-12 4.51686e-09 3.26435e-06 0.000542376 0.0207181 0.181946 0.367354 0.17093 0.0292164 0.0677423 0.094721 0.0342326 0.0153506 0.0111986 0.00393935 0.00155427 0.000445686 9.26376e-05 1.18482e-05 7.76237e-07
 1.31137e-39 6.41825e-33 7.22192e-27 1.86824e-21 1.11111e-16 1.51925e-12 4.77577e-09 3.45146e-06 0.000573464 0.0219056 0.192375 0.38841 0.18063 0.0282948 0.0557704 0.0778309 0.0280706 0.0124052 0.00900299 0.00311032 0.00120076 0.000338518 6.89118e-05 8.59627e-06 5.46199e-07
 1.16201e-39 5.68726e-33 6.39939e-27 1.65546e-21 9.84566e-17 1.34622e-12 4.23184e-09 3.05836e-06 0.000508151 0.0194107 0.170465 0.344174 0.160272 0.0307787 0.0842662 0.117941 0.0414687 0.0149794 0.01038 0.00354751 0.00134882 0.000372356 7.39823e-05 9.02274e-06 5.59282e-07
 1.34547e-39 6.58516e-33 7.40972e-27 1.91682e-21 1.14001e-16 1.55875e-12 4.89996e-09 3.54121e-06 0.000588377 0.0224753 0.197378 0.39851 0.185271 0.0275472 0.0481624 0.067158 0.0250061 0.0134955 0.00999335 0.00305958 0.00101889 0.000273177 5.31073e-05 6.31534e-06 3.82016e-07
 1.38857e-39 6.79608e-33 7.64705e-27 1.97822e-21 1.17652e-16 1.60868e-12 5.0569e-09 3.65463e-06 0.000607223 0.0231951 0.2037 0.411273 0.191174 0.0275922 0.0445902 0.0620011 0.0215196 0.00688219 0.00469396 0.00180771 0.000741549 0.000182691 3.18585e-05 3.6426e-06 2.1481e-07
 1.26187e-39 6.17597e-33 6.9493e-27 1.79772e-21 1.06917e-16 1.4619e-12 4.59549e-09 3.32117e-06 0.000551817 0.0210787 0.185113 0.373749 0.173904 0.0296745 0.0686117 0.0958263 0.0330073 0.00971107 0.00621373 0.00178714 0.000567235 0.000165747 3.23202e-05 3.42339e-06 1.88033e-07
 1.2744e-39 6.23728e-33 7.01829e-27 1.81557e-21 1.07978e-16 1.47641e-12 4.64111e-09 3.35414e-06 0.000557295 0.021288 0.186951 0.377459 0.175591 0.0289344 0.0629755 0.0879823 0.0316113 0.0135711 0.0095406 0.00262826 0.000717128 0.000159365 2.76644e-05 3.24839e-06 1.80483e-07
 1.42204e-39 6.95992e-33 7.83142e-27 2.02591e-21 1.20489e-16 1.64746e-12 5.17882e-09 3.74274e-06 0.000621862 0.0237543 0.208611 0.421188 0.195733 0.0269209 0.0375039 0.0520494 0.0185145 0.00737514 0.00521903 0.00174502 0.000610204 0.000130303 1.81691e-05 1.74891e-06 9.59249e-08
 1.42125e-39 6.95603e-33 7.82704e-27 2.02478e-21 1.20421e-16 1.64654e-12 5.17592e-09 3.74065e-06 0.000621515 0.023741 0.208494 0.420953 0.195638 0.0273059 0.0399251 0.0553994 0.018845 0.00477259 0.00292951 0.000939593 0.000330994 8.49949e-05 1.38663e-05 1.20461e-06 5.41723e-08
 1.34629e-39 6.58917e-33 7.41424e-27 1.918e-21 1.1407e-16 1.55971e-12 4.90295e-09 3.54337e-06 0.000588736 0.022489 0.197498 0.398753 0.185419 0.0284838 0.053807 0.0749552 0.025601 0.00681782 0.00416741 0.00107286 0.000267025 6.396e-05 1.12546e-05 1.13984e-06 5.25557e-08
 1.31523e-39 6.43712e-33 7.24315e-27 1.87373e-21 1.11438e-16 1.52371e-12 4.78981e-09 3.4616e-06 0.00057515 0.02197 0.192941 0.389552 0.181173 0.0286942 0.0578642 0.0807171 0.028223 0.00967416 0.00642206 0.00168763 0.000413658 7.87157e-05 1.05048e-05 1.03229e-06 5.25218e-08
 1.35737e-39 6.64337e-33 7.47523e-27 1.93377e-21 1.15009e-16 1.57253e-12 4.94328e-09 3.57252e-06 0.000593579 0.0226739 0.199123 0.402033 0.186916 0.0279679 0.0496689 0.0691815 0.0243634 0.008918 0.00609675 0.00180364 0.000537708 0.000106051 1.27995e-05 9.82238e-07 4.29522e-08
 1.3403e-39 6.55984e-33 7.38123e-27 1.90946e-21 1.13563e-16 1.55276e-12 4.88112e-09 3.5276e-06 0.000586115 0.0223888 0.196619 0.396978 0.184594 0.0283765 0.053687 0.0748158 0.025951 0.00823075 0.00543269 0.00166368 0.000534843 0.000120142 1.68702e-05 1.28669e-06 4.77568e-08
 1.28871e-39 6.30733e-33 7.09711e-27 1.83595e-21 1.09191e-16 1.49299e-12 4.69323e-09 3.39181e-06 0.000563554 0.021527 0.18905 0.381697 0.177556 0.0290734 0.0625463 0.0873147 0.0305201 0.0104343 0.00697893 0.00199133 0.000584495 0.0001356 2.11295e-05 1.84641e-06 7.37963e-08
 1.16388e-39 5.6964e-33 6.40968e-27 1.65812e-21 9.86148e-17 1.34838e-12 4.23864e-09 3.06327e-06 0.000508967 0.0194419 0.170739 0.344727 0.160522 0.0306284 0.0831818 0.116445 0.0413881 0.0163647 0.0113921 0.00337241 0.00102534 0.000223798 3.31729e-05 3.07012e-06 1.37134e-07
 1.26617e-39 6.197e-33 6.97297e-27 1.80384e-21 1.07281e-16 1.46688e-12 4.61114e-09 3.33248e-06 0.000553696 0.0211505 0.185744 0.375021 0.174451 0.0285848 0.0615764 0.0860821 0.0319069 0.0167842 0.0124492 0.00398595 0.00134947 0.000307961 4.5793e-05 4.05196e-06 1.81844e-07
 1.23598e-39 6.04926e-33 6.80673e-27 1.76084e-21 1.04723e-16 1.43191e-12 4.50121e-09 3.25303e-06 0.000540496 0.0206462 0.181315 0.366081 0.170352 0.029502 0.0698698 0.0976783 0.0347076 0.0137172 0.00985638 0.00374131 0.00153247 0.000387272 6.33397e-05 5.79612e-06 2.56319e-07
 1.28299e-39 6.27934e-33 7.06561e-27 1.82781e-21 1.08707e-16 1.48637e-12 4.6724e-09 3.37676e-06 0.000561053 0.0214315 0.188211 0.380004 0.176759 0.0287008 0.0607826 0.0849002 0.0306307 0.0135615 0.00975494 0.0031393 0.00114776 0.000338921 6.63413e-05 6.79122e-06 3.20225e-07
 1.24063e-39 6.07202e-33 6.83233e-27 1.76746e-21 1.05117e-16 1.43729e-12 4.51814e-09 3.26527e-06 0.000542529 0.0207239 0.181997 0.367458 0.170988 0.0294866 0.0693605 0.0969587 0.0344396 0.0135603 0.00959405 0.00327889 0.00122172 0.000317285 6.14687e-05 7.34143e-06 3.97746e-07
 1.26375e-39 6.18518e-33 6.95967e-27 1.8004e-21 1.07077e-16 1.46408e-12 4.60234e-09 3.32612e-06 0.00055264 0.0211101 0.185389 0.374306 0.174135 0.0289732 0.0641624 0.089666 0.0323381 0.0142793 0.0102636 0.00328774 0.00115881 0.000310053 5.79567e-05 6.58758e-06 3.84453e-07
 1.27476e-39 6.23909e-33 7.02032e-27 1.81609e-21 1.0801e-16 1.47684e-12 4.64245e-09 3.35511e-06 0.000557456 0.0212941 0.187005 0.377568 0.175641 0.0289126 0.0628094 0.0877387 0.0313784 0.0130344 0.00932912 0.00318434 0.00118262 0.000301252 5.45206e-05 6.11966e-06 3.46141e-07
 1.26584e-39 6.19542e-33 6.97118e-27 1.80338e-21 1.07254e-16 1.4665e-12 4.60996e-09 3.33163e-06 0.000553555 0.0211451 0.185696 0.374925 0.174426 0.029091 0.0646949 0.0903896 0.0322252 0.0130628 0.00925835 0.00305528 0.00111409 0.000298556 5.4995e-05 5.96038e-06 3.28927e-07
 1.2601e-39 6.16731e-33 6.93956e-27 1.7952e-21 1.06767e-16 1.45985e-12 4.58905e-09 3.31651e-06 0.000551043 0.0210491 0.184854 0.373224 0.17364 0.0291084 0.0653141 0.0912745 0.0327027 0.0137677 0.00982082 0.00319579 0.0011364 0.000296374 5.4944e-05 6.12326e-06 3.34866e-07
 1.25727e-39 6.15348e-33 6.924e-27 1.79117e-21 1.06528e-16 1.45657e-12 4.57875e-09 3.30908e-06 0.000549808 0.0210019 0.184439 0.372387 0.173253 0.0291101 0.0655763 0.0916495 0.0329062 0.0140737 0.0100992 0.00335719 0.00121739 0.00031271 5.63893e-05 6.22225e-06 3.45062e-07
 1.26403e-39 6.18657e-33 6.96123e-27 1.8008e-21 1.07101e-16 1.46441e-12 4.60338e-09 3.32687e-06 0.000552764 0.0211149 0.185431 0.37439 0.174175 0.0289995 0.0642976 0.0898487 0.03229 0.0139066 0.0100051 0.00335829 0.00123772 0.000324486 5.89049e-05 6.37538e-06 3.47923e-07
 1.19807e-39 5.86373e-33 6.59796e-27 1.70683e-21 1.01512e-16 1.38799e-12 4.36315e-09 3.15326e-06 0.000523918 0.020013 0.175754 0.354853 0.165178 0.0299423 0.0759416 0.106262 0.0380909 0.0160976 0.0115424 0.00389039 0.00144433 0.000383539 7.10186e-05 7.78567e-06 4.22057e-07
 1.20018e-39 5.87405e-33 6.60958e-27 1.70984e-21 1.0169e-16 1.39043e-12 4.37083e-09 3.15881e-06 0.000524841 0.0200482 0.176064 0.355478 0.165451 0.0295212 0.0731826 0.10244 0.0376471 0.0188258 0.0139142 0.00464369 0.00170665 0.000455125 8.52542e-05 9.50835e-06 5.23023e-07
 1.22916e-39 6.0159e-33 6.76919e-27 1.75112e-21 1.04146e-16 1.42401e-12 4.47638e-09 3.23509e-06 0.000537515 0.0205324 0.180315 0.364062 0.169405 0.0291398 0.068267 0.0954962 0.0349845 0.0171691 0.0128226 0.00473327 0.0019143 0.000511477 9.53881e-05 1.07249e-05 5.9855e-07
#pred catch len freq
 2.14607e-27 2.17377e-27 6.6526e-27 1.53255e-21 9.11464e-17 1.24627e-12 3.91765e-09 2.8313e-06 0.000470416 0.0179696 0.15781 0.318621 0.148303 0.0266245 0.0665999 0.0934602 0.0377758 0.029674 0.0263141 0.0177102 0.0148936 0.0128908 0.0133144 0.0123705 0.00519598
 2.14866e-27 2.18134e-27 7.5144e-27 1.82499e-21 1.08539e-16 1.48408e-12 4.66522e-09 3.37157e-06 0.000560181 0.0213985 0.187923 0.37942 0.176459 0.027923 0.0562083 0.0784878 0.0286918 0.0139407 0.0109907 0.00581517 0.0040109 0.00283404 0.00243092 0.0020515 0.000851146
 2.14791e-27 2.17967e-27 7.34212e-27 1.76654e-21 1.05063e-16 1.43655e-12 4.5158e-09 3.26358e-06 0.00054224 0.0207132 0.181904 0.367268 0.170904 0.0295794 0.0699833 0.0978068 0.0343137 0.012158 0.0084538 0.00312008 0.00150064 0.00077501 0.000492822 0.000345623 0.000135692
 2.1481e-27 2.1802e-27 7.40279e-27 1.78714e-21 1.06288e-16 1.4533e-12 4.56846e-09 3.30164e-06 0.000548563 0.0209547 0.184025 0.371551 0.17287 0.0292244 0.0665259 0.0929787 0.0332565 0.0138146 0.00974488 0.00296357 0.00100631 0.00032515 0.000124362 6.13651e-05 2.11506e-05
 2.14962e-27 2.18394e-27 7.7992e-27 1.9216e-21 1.14285e-16 1.56265e-12 4.9122e-09 3.55006e-06 0.000589838 0.0225314 0.197872 0.399506 0.185746 0.0279402 0.0502605 0.0700364 0.0249438 0.0100323 0.00710153 0.0023455 0.000830715 0.000203987 4.25806e-05 1.08117e-05 2.73241e-06
 2.14884e-27 2.18199e-27 7.58879e-27 1.85021e-21 1.10039e-16 1.50459e-12 4.7297e-09 3.41817e-06 0.000567924 0.0216943 0.190521 0.384664 0.178923 0.0289604 0.060962 0.0850705 0.0295715 0.00958867 0.00641414 0.0020855 0.000742701 0.000191904 3.42065e-05 4.38658e-06 5.53088e-07
 2.148e-27 2.17993e-27 7.3718e-27 1.77661e-21 1.05662e-16 1.44474e-12 4.54155e-09 3.28219e-06 0.000545331 0.0208313 0.182941 0.369362 0.171873 0.0296087 0.0695319 0.0971723 0.0341516 0.0122757 0.00833112 0.00241326 0.00073644 0.000185235 3.32924e-05 3.64967e-06 2.38642e-07
 2.14933e-27 2.18323e-27 7.72426e-27 1.89619e-21 1.12773e-16 1.54198e-12 4.84722e-09 3.5031e-06 0.000582035 0.0222333 0.195254 0.394221 0.183312 0.0281789 0.0533103 0.0743422 0.026567 0.0109626 0.00772889 0.00235641 0.000748587 0.000168579 2.68131e-05 2.82118e-06 1.55527e-07
 2.15026e-27 2.18549e-27 7.96143e-27 1.97663e-21 1.17558e-16 1.60739e-12 5.05285e-09 3.65171e-06 0.000606726 0.0231765 0.203537 0.410945 0.191022 0.0275979 0.0447233 0.0621953 0.0216883 0.00725644 0.00490563 0.00161406 0.000569822 0.000135206 2.11439e-05 1.99189e-06 9.98e-08
 2.14964e-27 2.18396e-27 7.79621e-27 1.92057e-21 1.14224e-16 1.56181e-12 4.90955e-09 3.54815e-06 0.00058952 0.0225193 0.197765 0.399291 0.185662 0.0283457 0.052801 0.0735535 0.0253249 0.00741786 0.0047537 0.00140035 0.000440134 0.000111306 1.91143e-05 1.84109e-06 8.66216e-08
 2.14869e-27 2.18161e-27 7.54813e-27 1.83642e-21 1.09219e-16 1.49337e-12 4.69444e-09 3.39268e-06 0.000563689 0.0215325 0.1891 0.381796 0.177604 0.0291455 0.0629563 0.0878804 0.0305559 0.00992217 0.00651832 0.00179609 0.000494572 0.000111004 1.80016e-05 1.84599e-06 9.13735e-08
 2.14885e-27 2.18203e-27 7.59521e-27 1.8524e-21 1.10169e-16 1.50637e-12 4.73529e-09 3.42221e-06 0.000568595 0.02172 0.190746 0.385119 0.179126 0.0287611 0.059608 0.0831979 0.0294069 0.0111056 0.00763039 0.00220754 0.000644629 0.000134897 1.89627e-05 1.76455e-06 8.73066e-08
 2.14941e-27 2.18342e-27 7.74183e-27 1.90214e-21 1.13127e-16 1.54682e-12 4.86244e-09 3.5141e-06 0.000583862 0.0223031 0.195867 0.395459 0.183889 0.0282954 0.0536486 0.0747876 0.0262944 0.00948912 0.00650505 0.00203516 0.000668168 0.000148345 2.11216e-05 1.78284e-06 7.85662e-08
 2.14884e-27 2.18199e-27 7.58866e-27 1.85017e-21 1.10037e-16 1.50455e-12 4.72959e-09 3.41808e-06 0.00056791 0.0216938 0.190516 0.384655 0.178919 0.0289619 0.0609739 0.0850897 0.0296156 0.00972025 0.00647774 0.00198028 0.00064474 0.000155116 2.45612e-05 2.16625e-06 9.17586e-08
 2.14778e-27 2.1794e-27 7.31536e-27 1.75747e-21 1.04523e-16 1.42917e-12 4.49261e-09 3.24682e-06 0.000539455 0.0206068 0.18097 0.365382 0.170039 0.0297684 0.0717061 0.100243 0.035319 0.0129785 0.00886346 0.0025823 0.000781672 0.000183612 2.98746e-05 2.87589e-06 1.30798e-07
 2.14782e-27 2.17952e-27 7.33093e-27 1.76276e-21 1.04838e-16 1.43347e-12 4.50614e-09 3.2566e-06 0.00054108 0.0206689 0.181515 0.366483 0.170537 0.0294728 0.0695696 0.0972706 0.0347965 0.0144715 0.0102325 0.0031538 0.00101723 0.000229275 3.51369e-05 3.37489e-06 1.61993e-07
 2.14827e-27 2.18061e-27 7.44636e-27 1.80191e-21 1.07167e-16 1.46532e-12 4.60624e-09 3.32894e-06 0.000553099 0.021128 0.185547 0.374623 0.174287 0.0291138 0.0649247 0.0907126 0.0323293 0.01307 0.00926115 0.00305713 0.00108486 0.000260374 4.10908e-05 3.79113e-06 1.77126e-07
 2.14844e-27 2.18102e-27 7.4892e-27 1.81645e-21 1.08031e-16 1.47713e-12 4.64338e-09 3.35578e-06 0.000557559 0.0212984 0.187043 0.377644 0.175681 0.0290493 0.0636208 0.0888611 0.0314917 0.0121671 0.00851764 0.00277356 0.000987966 0.000255061 4.41919e-05 4.29373e-06 2.00142e-07
 2.14843e-27 2.18099e-27 7.48548e-27 1.81518e-21 1.07956e-16 1.4761e-12 4.64015e-09 3.35345e-06 0.00055717 0.0212835 0.186913 0.377381 0.175562 0.0291253 0.0641639 0.0896172 0.0316331 0.0118166 0.00818087 0.00259523 0.000893808 0.000228829 4.10582e-05 4.32748e-06 2.16066e-07
 2.14818e-27 2.18039e-27 7.42222e-27 1.79372e-21 1.06679e-16 1.45865e-12 4.58529e-09 3.3138e-06 0.000550583 0.0210319 0.184703 0.372919 0.173506 0.0293046 0.066603 0.0930629 0.0329541 0.012643 0.00879051 0.00273941 0.000916471 0.000227608 3.98253e-05 4.2617e-06 2.2528e-07
 2.14854e-27 2.18127e-27 7.51598e-27 1.82553e-21 1.08571e-16 1.48452e-12 4.6666e-09 3.37257e-06 0.000560347 0.0214049 0.187979 0.379532 0.17655 0.0289422 0.0623973 0.087141 0.0309472 0.0121616 0.00851683 0.00269053 0.000910717 0.000221871 3.75208e-05 3.90353e-06 2.06159e-07
 2.14832e-27 2.18072e-27 7.45709e-27 1.80555e-21 1.07383e-16 1.46827e-12 4.61553e-09 3.33565e-06 0.000554214 0.0211706 0.185921 0.375378 0.174639 0.0292122 0.0652979 0.0912172 0.0322176 0.0120989 0.00839755 0.00268975 0.00092912 0.000229468 3.87843e-05 3.93083e-06 2.01611e-07
 2.14799e-27 2.17993e-27 7.37347e-27 1.77719e-21 1.05696e-16 1.44521e-12 4.54302e-09 3.28326e-06 0.000545508 0.020838 0.183001 0.369482 0.171922 0.0294428 0.068483 0.0957177 0.033957 0.0132281 0.00923293 0.00288614 0.000971548 0.000242761 4.18397e-05 4.26826e-06 2.15892e-07
 2.14819e-27 2.18043e-27 7.42781e-27 1.79562e-21 1.06793e-16 1.4602e-12 4.59015e-09 3.31732e-06 0.000551167 0.0210542 0.184899 0.373315 0.173683 0.0291392 0.0654739 0.0914952 0.0327222 0.0135862 0.00964107 0.00307565 0.00105386 0.000258185 4.3914e-05 4.53626e-06 2.32008e-07
 2.14833e-27 2.18077e-27 7.46332e-27 1.80767e-21 1.07509e-16 1.46999e-12 4.62095e-09 3.33957e-06 0.000554865 0.0211955 0.18614 0.375819 0.174838 0.0290611 0.0642422 0.0897493 0.0319717 0.0128801 0.00912122 0.00301747 0.00108354 0.000271585 4.64368e-05 4.73508e-06 2.4215e-07
 2.14775e-27 2.17935e-27 7.31265e-27 1.75656e-21 1.04469e-16 1.42843e-12 4.49029e-09 3.24515e-06 0.000539176 0.0205962 0.180877 0.365194 0.169945 0.029591 0.0706799 0.0988222 0.0351551 0.0140064 0.00987378 0.00321506 0.00114585 0.000297888 5.31561e-05 5.51444e-06 2.81332e-07
 2.14736e-27 2.1784e-27 7.21301e-27 1.72276e-21 1.02459e-16 1.40095e-12 4.4039e-09 3.18271e-06 0.000528803 0.0201999 0.177397 0.358168 0.166705 0.0297995 0.0740703 0.103624 0.0371666 0.0157686 0.011257 0.00363815 0.00127966 0.000328662 5.92837e-05 6.38796e-06 3.35227e-07
 2.14736e-27 2.17839e-27 7.2142e-27 1.72318e-21 1.02484e-16 1.40128e-12 4.40495e-09 3.18347e-06 0.000528929 0.0202047 0.177439 0.358253 0.16674 0.0296724 0.0732688 0.102513 0.0370188 0.0164994 0.0119491 0.00400161 0.00146065 0.000373431 6.64869e-05 7.17146e-06 3.85509e-07
#obs catch len freq
 1.22146e-39 5.9782e-33 6.72677e-27 1.74015e-21 1.03493e-16 1.41508e-12 4.44833e-09 3.21482e-06 0.000534146 0.0204037 0.179185 0.36178 0.168361 0.02943 0.0707259 0.098935 0.0358318 0.0163069 0.0119458 0.00424486 0.00169714 0.000494197 0.000105188 1.38849e-05 9.41856e-07
 1.23011e-39 6.02052e-33 6.77438e-27 1.75247e-21 1.04226e-16 1.4251e-12 4.47981e-09 3.23757e-06 0.000537927 0.0205481 0.180454 0.364341 0.169544 0.0293865 0.0696891 0.0974613 0.0351486 0.0155283 0.0112909 0.00395971 0.00155724 0.000445863 9.25637e-05 1.18304e-05 7.74719e-07
 1.30404e-39 6.38239e-33 7.18157e-27 1.8578e-21 1.10491e-16 1.51076e-12 4.74908e-09 3.43217e-06 0.00057026 0.0217832 0.1913 0.38624 0.179632 0.0284212 0.057196 0.0798371 0.0287333 0.0125075 0.00904646 0.00311594 0.00119896 0.000337497 6.86213e-05 8.55395e-06 5.43264e-07
 1.15176e-39 5.63708e-33 6.34293e-27 1.64086e-21 9.75878e-17 1.33434e-12 4.1945e-09 3.03137e-06 0.000503667 0.0192394 0.168961 0.341138 0.158875 0.0309598 0.0862864 0.120783 0.0423983 0.0150909 0.0104142 0.00354855 0.00134474 0.000370672 7.35583e-05 8.96462e-06 5.55427e-07
 1.33867e-39 6.55187e-33 7.37227e-27 1.90714e-21 1.13425e-16 1.55088e-12 4.87519e-09 3.52331e-06 0.000585403 0.0223617 0.19638 0.396495 0.184344 0.0276607 0.0494626 0.0689882 0.025619 0.0136186 0.0100576 0.00307125 0.00101905 0.000272782 5.29658e-05 6.29398e-06 3.8055e-07
 1.38257e-39 6.76671e-33 7.61401e-27 1.96967e-21 1.17144e-16 1.60173e-12 5.03505e-09 3.63884e-06 0.000604599 0.0230949 0.202819 0.409496 0.190356 0.027697 0.0457655 0.0636547 0.0220624 0.006954 0.00472022 0.00181177 0.000741075 0.000182332 3.17539e-05 3.62786e-06 2.13841e-07
 1.25417e-39 6.1383e-33 6.90691e-27 1.78675e-21 1.06265e-16 1.45298e-12 4.56746e-09 3.30091e-06 0.000548451 0.0209501 0.183984 0.371469 0.172855 0.0298127 0.0701425 0.0979795 0.0337059 0.0097755 0.00622376 0.0017856 0.000564518 0.000164672 3.20768e-05 3.39529e-06 1.86396e-07
 1.26766e-39 6.20434e-33 6.98122e-27 1.80597e-21 1.07408e-16 1.46861e-12 4.61659e-09 3.33642e-06 0.000554351 0.0211755 0.185963 0.375465 0.174674 0.0290559 0.0643186 0.0898714 0.0322233 0.0136241 0.00954566 0.0026238 0.000713163 0.000158222 2.74264e-05 3.21805e-06 1.78723e-07
 1.41782e-39 6.93922e-33 7.80813e-27 2.01989e-21 1.2013e-16 1.64257e-12 5.16342e-09 3.73161e-06 0.000620013 0.0236837 0.20799 0.419936 0.195157 0.0269966 0.0383435 0.0532304 0.0188988 0.00741438 0.0052269 0.00174254 0.000607371 0.000129533 1.80372e-05 1.73468e-06 9.50934e-08
 1.4162e-39 6.93131e-33 7.79922e-27 2.01758e-21 1.19993e-16 1.64069e-12 5.15753e-09 3.72735e-06 0.000619305 0.0236567 0.207753 0.419457 0.19495 0.0273956 0.0409233 0.0568035 0.0193026 0.00482191 0.00294235 0.000940991 0.000330335 8.47008e-05 1.3803e-05 1.19829e-06 5.3858e-08
 1.33967e-39 6.55674e-33 7.37775e-27 1.90855e-21 1.13509e-16 1.55203e-12 4.87881e-09 3.52593e-06 0.000585838 0.0223783 0.196526 0.39679 0.184516 0.0286015 0.055117 0.0767981 0.0262012 0.00688134 0.00418337 0.00107478 0.000266411 6.36954e-05 1.1194e-05 1.13295e-06 5.22158e-08
 1.3087e-39 6.40516e-33 7.20719e-27 1.86443e-21 1.10885e-16 1.51615e-12 4.76602e-09 3.44442e-06 0.000572294 0.0218609 0.191982 0.387617 0.180283 0.028811 0.0591602 0.0825401 0.0288154 0.00973174 0.00643306 0.00168704 0.000411911 7.82615e-05 1.04287e-05 1.0239e-06 5.20707e-08
 1.35235e-39 6.61884e-33 7.44762e-27 1.92663e-21 1.14584e-16 1.56673e-12 4.92502e-09 3.55932e-06 0.000591387 0.0225902 0.198387 0.400548 0.186233 0.0280596 0.0506764 0.0705983 0.0248198 0.0089486 0.00609288 0.00179794 0.0005341 0.0001052 1.26801e-05 9.72229e-07 4.24885e-08
 1.33409e-39 6.52944e-33 7.34703e-27 1.90061e-21 1.13036e-16 1.54557e-12 4.8585e-09 3.51125e-06 0.000583399 0.0222851 0.195708 0.395138 0.183748 0.0284875 0.0549188 0.0765485 0.0265145 0.00828746 0.00544455 0.00166286 0.000532692 0.000119489 1.67586e-05 1.27728e-06 4.7382e-08
 1.28134e-39 6.27127e-33 7.05653e-27 1.82546e-21 1.08567e-16 1.48446e-12 4.6664e-09 3.37242e-06 0.000560332 0.0214039 0.187969 0.379515 0.176552 0.0292043 0.0640032 0.0893642 0.0311881 0.0105064 0.0069972 0.00199176 0.000582418 0.000134906 2.09956e-05 1.83345e-06 7.32452e-08
 1.15548e-39 5.65528e-33 6.36341e-27 1.64615e-21 9.79029e-17 1.33865e-12 4.20804e-09 3.04116e-06 0.000505293 0.0193016 0.169506 0.342239 0.159378 0.0307821 0.0848704 0.118819 0.0421533 0.016417 0.0113861 0.00336218 0.00101853 0.000221988 3.28609e-05 3.03892e-06 1.35678e-07
 1.25928e-39 6.16329e-33 6.93503e-27 1.79403e-21 1.06698e-16 1.4589e-12 4.58605e-09 3.31435e-06 0.000550684 0.0210354 0.184733 0.372981 0.173512 0.0287078 0.0629421 0.0880034 0.0325336 0.0168534 0.0124654 0.00398014 0.00134292 0.000306039 4.54503e-05 4.01859e-06 1.80255e-07
 1.22814e-39 6.0109e-33 6.76356e-27 1.74967e-21 1.04059e-16 1.42282e-12 4.47266e-09 3.2324e-06 0.000537068 0.0205153 0.180166 0.363759 0.169284 0.0296428 0.0714287 0.0998711 0.0354209 0.0137893 0.00986957 0.00373405 0.00152498 0.000384865 6.28719e-05 5.74933e-06 2.54126e-07
 1.27452e-39 6.23789e-33 7.01897e-27 1.81574e-21 1.07989e-16 1.47655e-12 4.64156e-09 3.35446e-06 0.000557349 0.02129 0.186969 0.377495 0.175605 0.028845 0.0624186 0.0872027 0.0313952 0.0136927 0.00981683 0.0031504 0.00114772 0.000338373 6.61643e-05 6.76885e-06 3.1903e-07
 1.23223e-39 6.03091e-33 6.78607e-27 1.75549e-21 1.04406e-16 1.42756e-12 4.48755e-09 3.24316e-06 0.000538856 0.0205836 0.180765 0.36497 0.169844 0.0296347 0.0710148 0.099286 0.0352015 0.0136538 0.00962351 0.00327914 0.00121783 0.000315805 6.11025e-05 7.29273e-06 3.94954e-07
 1.25473e-39 6.14101e-33 6.90996e-27 1.78754e-21 1.06312e-16 1.45362e-12 4.56947e-09 3.30237e-06 0.000548693 0.0209594 0.184065 0.371633 0.172905 0.0291264 0.0659038 0.0921168 0.0331524 0.0144211 0.0103313 0.00330028 0.00115917 0.000309673 5.78167e-05 6.56682e-06 3.83066e-07
 1.26608e-39 6.19657e-33 6.97248e-27 1.80371e-21 1.07274e-16 1.46677e-12 4.61082e-09 3.33225e-06 0.000553657 0.021149 0.185731 0.374995 0.174457 0.0290613 0.0644927 0.0901075 0.0321629 0.013162 0.00938677 0.00319451 0.00118254 0.000300796 5.43692e-05 6.09822e-06 3.44768e-07
 1.25585e-39 6.14653e-33 6.91618e-27 1.78915e-21 1.06407e-16 1.45493e-12 4.57358e-09 3.30534e-06 0.000549187 0.0209782 0.184231 0.371967 0.173064 0.0292588 0.0666109 0.0930864 0.0331247 0.0132308 0.00934367 0.00307461 0.00111734 0.000298978 5.50081e-05 5.95754e-06 3.28614e-07
 1.24948e-39 6.11536e-33 6.88111e-27 1.78008e-21 1.05868e-16 1.44755e-12 4.55039e-09 3.28858e-06 0.000546402 0.0208718 0.183297 0.370081 0.172193 0.0292845 0.0673363 0.0941212 0.033657 0.0139624 0.00992552 0.0032208 0.00114139 0.000297229 5.50349e-05 6.12907e-06 3.35033e-07
 1.24638e-39 6.10018e-33 6.86402e-27 1.77566e-21 1.05605e-16 1.44396e-12 4.53909e-09 3.28041e-06 0.000545045 0.02082 0.182841 0.369162 0.171769 0.0292897 0.0676447 0.0945614 0.0338846 0.0142806 0.010213 0.00338527 0.00122349 0.000313817 5.6519e-05 6.23202e-06 3.45445e-07
 1.25332e-39 6.13412e-33 6.90221e-27 1.78554e-21 1.06192e-16 1.45199e-12 4.56435e-09 3.29866e-06 0.000548077 0.0209359 0.183859 0.371216 0.172714 0.0291759 0.0663316 0.092712 0.0332526 0.0141119 0.0101186 0.00338654 0.001244 0.000325653 5.90458e-05 6.38605e-06 3.48342e-07
 1.18566e-39 5.80297e-33 6.5296e-27 1.68915e-21 1.0046e-16 1.37361e-12 4.31794e-09 3.12059e-06 0.00051849 0.0198056 0.173933 0.351177 0.163486 0.0301477 0.0783035 0.109587 0.0392064 0.0163282 0.0116677 0.00392117 0.00145095 0.000384728 7.11535e-05 7.79498e-06 4.22368e-07
 1.18686e-39 5.80884e-33 6.5362e-27 1.69085e-21 1.00561e-16 1.375e-12 4.32231e-09 3.12374e-06 0.000519014 0.0198257 0.174109 0.351532 0.163635 0.0297324 0.0756613 0.105931 0.0388385 0.0191402 0.0141061 0.00469433 0.00171952 0.000457875 8.56665e-05 9.54763e-06 5.24947e-07
#spawning biomass
 3687.62 2415.87 2289.6 2190.18 2468.7 3881.13 4167.54 4490.26 6861.73 12956.6 18470.4 22244.3 27608.5 35936.9 42009.9 37128.4 32176.4 32424.7 31881.2 33936.9 33753.5 36814.5 38082 40883.4 46657 54877.2 52811.3 48172.2 41436.7 80437.7 78303.2 47134.3 27811.2 18814 14979 13419 12802.8 12564.1 12472.9 12438.3 12425.3 12420.4 12418.6 12417.9 12417.6 12417.5 12417.5 12417.5 12417.5 12417.5 12417.5 12417.5 12417.5 12417.5 12417.5 12417.5 12417.5 12417.5 12417.5 12417.5 12417.5 12417.5 12417.5 12417.5 12417.5 12417.5 12417.5 12417.5 12417.5 12417.5 12417.5 12417.5 12417.5 12417.5 12417.5 12417.5 12417.5 12417.5 12417.5 12417.5 12417.5 12417.5 12417.5 12417.5 12417.5 12417.5 12417.5 12417.5 12417.5 12417.5 12417.5 12417.5 12417.5 12417.5 12417.5 12417.5 12417.5 12417.5 12417.5 12417.5 12417.5 12417.5 12417.5 12417.5 12417.5 12417.5 12417.5 12417.5 12417.5 12417.5 12417.5 12417.5 12417.5 12417.5 12417.5 12417.5 12417.5 12417.5 12417.5 12417.5 12417.5 12417.5 12417.5 12417.5 12417.5 12417.5 12417.5 12417.5 0 0 0 0 0 0 0 0 0 0 0 0 0 0 0 0 0 0 0 0 0 0 0 0 0
