SBPRF35
0.178135
Curr Bio
133089
B35
198605
F35
0.666888
FOFL
0.666888
OFL
69027.1
Bzero
50895.7
#pred survey bio
 7801.41 8117.47 11229.4 13445.3 21590.4 33670.5 31867.9 37208.1 47713.2 60119.8 74400 101398 131649 150603 148208 122964 121575 123576 108416 108403 110632 115755 144973 137521 147142 145600 148620 142391 146745 4.84184e+06 4.18382e+06 2.60609e+06 1.52092e+06 961542 695508 570010 508740 477124 459857 449990 444177 440691 438580 437288 436494 436019 435734 435563 435459 435397 435359 435337 435323 435315 435310 435307 435305 435304 435303 435303 435302 435302 435302 435302 435302 435302 435302 435302 435302 435302 435302 435302 435302 435302 435302 435302 435302 435302 435302 435302 435302 435302 435302 435302 435302 435302 435302 435302 435302 435302 435302 435302 435302 435302 435302 435302 435302 435302 435302 435302 435302 435302 435302 435302 435302 435302 435302 435302 435302 435302 435302 435302 435302 435302 435302 435302 435302 435302 435302 435302 435302 435302 435302 435302 435302 435302 435302 435302 435302 0 0 0 0 0 0 0 0 0 0 0 0 0 0 0 0 0 0 0 0 0 0 0 0 0
#obs survey bio
 6945.8 7550.61 11138.9 8942.28 32641.8 30016 34055.8 47004.1 46105.2 37044 102883 80609.8 144829 109778 106877 84434.7 160945 98291.8 112428 141660 106026 101757 175568 126163 158053 169209 102670 138007 95521.5
#pred catch bio
 4289.95 4169.63 6345.75 7701.25 9673.61 20884.2 19809.6 22309.6 28877.8 37895.5 44033.2 62408.7 86160.6 100851 107893 86539.4 83799 91931.8 78575.5 77876.3 79630.7 76516.5 109570 99776.2 110252 107053 114029 107284 66028.9 69027.1 73689.1 42263.6 21931.5 12533 8697.95 7247.39 6726.24 6545.7 6484.8 6464.65 6458.08 6455.96 6455.29 6455.07 6455 6454.98 6454.98 6454.97 6454.97 6454.97 6454.97 6454.97 6454.97 6454.97 6454.97 6454.97 6454.97 6454.97 6454.97 6454.97 6454.97 6454.97 6454.97 6454.97 6454.97 6454.97 6454.97 6454.97 6454.97 6454.97 6454.97 6454.97 6454.97 6454.97 6454.97 6454.97 6454.97 6454.97 6454.97 6454.97 6454.97 6454.97 6454.97 6454.97 6454.97 6454.97 6454.97 6454.97 6454.97 6454.97 6454.97 6454.97 6454.97 6454.97 6454.97 6454.97 6454.97 6454.97 6454.97 6454.97 6454.97 6454.97 6454.97 6454.97 6454.97 6454.97 6454.97 6454.97 6454.97 6454.97 6454.97 6454.97 6454.97 6454.97 6454.97 6454.97 6454.97 6454.97 6454.97 6454.97 6454.97 6454.97 6454.97 6454.97 6454.97 6454.97 6454.97 6454.97 6454.97 0 0 0 0 0 0 0 0 0 0 0 0 0 0 0 0 0 0 0 0 0 0 0 0 0
#obs catch bio
 4511.2 4180.23 6256.65 7721.53 9316.19 20365.9 19854.3 21528.1 28404.4 37664.1 42377.6 60756.2 84261.9 100689 107851 87898.6 82309.6 92695.5 78012.1 77080.2 76803.2 73781.6 106500 95780.9 105519 101692 112433 105102 65203.5
#pred cpue bio
 6520.95 6063.48 8373.95 10157.6 14972.6 25759.9 24603.6 26906.9 34911 43899.9 53712.9 73426.5 95034.3 109577 110856 90727.8 87862.1 90375.8 78366.4 77366.6 79303.2 82243.5 103097 97420.9 103904 102907 105434 99730.4 102627 3.79423e+06 4.05856e+06 2.55687e+06 1.46763e+06 907586 641493 515990 454720 423103 405837 395970 390157 386671 384559 383268 382474 381999 381713 381542 381439 381376 381339 381316 381302 381294 381289 381286 381284 381283 381282 381282 381282 381282 381282 381282 381282 381281 381281 381281 381281 381281 381281 381281 381281 381281 381281 381281 381281 381281 381281 381281 381281 381281 381281 381281 381281 381281 381281 381281 381281 381281 381281 381281 381281 381281 381281 381281 381281 381281 381281 381281 381281 381281 381281 381281 381281 381281 381281 381281 381281 381281 381281 381281 381281 381281 381281 381281 381281 381281 381281 381281 381281 381281 381281 381281 381281 381281 381281 381281 381281 0 0 0 0 0 0 0 0 0 0 0 0 0 0 0 0 0 0 0 0 0 0 0 0 0
#obs cpue bio
 8048.66 6273.03 11598.9 13892.9 30599.2 24900.2 24202.5 45513.2 38575.9 72615.3 99420.2 115115 120152 126860 161336 94515.2 107470 87480.8 91051.1 72933.6 169984 159454 132288 209518 198121 201977 153959 161676 173181
#pred surv len freq
 2.56789e-27 2.6011e-27 4.43877e-26 8.82401e-20 2.1631e-14 6.40965e-10 2.29583e-06 0.000994007 0.0520227 0.32911 0.251883 0.0365051 0.1009 0.0932382 0.0250344 0.0340016 0.0161289 0.01449 0.00989773 0.0082011 0.00689258 0.0062884 0.00658604 0.00598318 0.00184117
 2.57076e-27 2.60853e-27 5.04635e-26 1.01056e-19 2.47725e-14 7.34055e-10 2.62926e-06 0.00113837 0.0595782 0.376908 0.288422 0.0391051 0.0950169 0.087398 0.0168698 0.0165685 0.00648765 0.00417669 0.00235366 0.00165837 0.00121847 0.000990513 0.000943009 0.000870006 0.000294779
 2.57031e-27 2.60723e-27 4.92243e-26 9.8441e-20 2.41316e-14 7.15063e-10 2.56124e-06 0.00110892 0.0580367 0.367156 0.280994 0.0402651 0.109064 0.100291 0.0179616 0.0157487 0.00525087 0.0020798 0.000856271 0.000437769 0.000254624 0.000173987 0.00014418 0.000128224 4.53238e-05
 2.56978e-27 2.60579e-27 4.79502e-26 9.57532e-20 2.34727e-14 6.95539e-10 2.4913e-06 0.00107864 0.0564521 0.357131 0.273345 0.0406336 0.117242 0.107862 0.019739 0.0178877 0.00576306 0.00192772 0.00059712 0.000184891 6.95711e-05 3.4824e-05 2.32035e-05 1.86847e-05 6.62482e-06
 2.5725e-27 2.6132e-27 5.45159e-26 1.09604e-19 2.68681e-14 7.96151e-10 2.85168e-06 0.00123467 0.064618 0.408791 0.31276 0.0386347 0.0743384 0.0682832 0.012965 0.0123976 0.0040329 0.00140097 0.000408213 9.91955e-05 2.18302e-05 6.144e-06 2.74094e-06 1.81227e-06 6.19388e-07
 2.5692e-27 2.60416e-27 4.64499e-26 9.2588e-20 2.26968e-14 6.72548e-10 2.40895e-06 0.00104298 0.0545861 0.345326 0.264346 0.0415762 0.130738 0.120197 0.0197812 0.0148833 0.00492357 0.0018711 0.000558652 0.000136977 2.48663e-05 3.94739e-06 8.37088e-07 3.66557e-07 1.13736e-07
 2.56896e-27 2.60359e-27 4.60322e-26 9.17071e-20 2.24809e-14 6.66149e-10 2.38603e-06 0.00103306 0.0540667 0.342041 0.261828 0.0409686 0.127884 0.117749 0.022714 0.022173 0.00689593 0.00189693 0.000565854 0.000149637 2.77363e-05 3.73733e-06 3.90459e-07 7.22577e-08 1.75831e-08
 2.5713e-27 2.60995e-27 5.16575e-26 1.03574e-19 2.53899e-14 7.52349e-10 2.69479e-06 0.00116674 0.061063 0.386301 0.295598 0.0393691 0.0919847 0.0845889 0.0162447 0.0157845 0.00523965 0.00197729 0.000543532 0.000111437 2.13297e-05 2.98677e-06 2.52864e-07 1.75191e-08 2.18384e-09
 2.5708e-27 2.6085e-27 5.02943e-26 1.00698e-19 2.46849e-14 7.31459e-10 2.61996e-06 0.00113434 0.0593674 0.375575 0.287424 0.0404071 0.105627 0.0970333 0.0158305 0.0116978 0.00385973 0.00145607 0.000449281 0.000115061 1.83322e-05 2.33782e-06 2.02774e-07 9.51524e-09 3.95919e-10
 2.57088e-27 2.60875e-27 5.05324e-26 1.012e-19 2.4808e-14 7.35106e-10 2.63303e-06 0.00114 0.0596635 0.377448 0.288851 0.0401763 0.102868 0.0945367 0.0162864 0.013351 0.00412763 0.00111256 0.000329806 8.76929e-05 1.70004e-05 2.13136e-06 1.61007e-07 7.20557e-09 1.56603e-10
 2.57123e-27 2.60967e-27 5.13348e-26 1.02893e-19 2.5223e-14 7.47402e-10 2.67707e-06 0.00115907 0.0606615 0.383761 0.29367 0.0400431 0.0984685 0.0904495 0.0150652 0.0115986 0.00365535 0.00110022 0.000293332 5.90025e-05 1.12757e-05 1.62407e-06 1.29263e-07 5.13196e-09 9.49433e-11
 2.57113e-27 2.60942e-27 5.11195e-26 1.02439e-19 2.51117e-14 7.44104e-10 2.66525e-06 0.00115395 0.0603938 0.382067 0.292377 0.0400809 0.0996644 0.0915609 0.0154066 0.012095 0.00376857 0.00106423 0.000291858 6.19947e-05 9.51201e-06 1.2018e-06 1.05843e-07 4.45583e-09 7.4552e-11
 2.57122e-27 2.60966e-27 5.13247e-26 1.02872e-19 2.52178e-14 7.47248e-10 2.67652e-06 0.00115883 0.060649 0.383682 0.29361 0.0400651 0.0986783 0.09064 0.0150448 0.0115018 0.00359286 0.00103117 0.000277437 5.64774e-05 9.05002e-06 1.01683e-06 7.5373e-08 3.36785e-09 5.91092e-11
 2.57094e-27 2.60887e-27 5.06046e-26 1.01353e-19 2.48453e-14 7.36212e-10 2.63699e-06 0.00114172 0.0597533 0.378015 0.289289 0.0404429 0.104589 0.0960576 0.0153363 0.0108006 0.00334435 0.000920317 0.000247509 5.0707e-05 7.84997e-06 8.82829e-07 6.04649e-08 2.31165e-09 4.15914e-11
 2.57e-27 2.6063e-27 4.83316e-26 9.65575e-20 2.36699e-14 7.01382e-10 2.51223e-06 0.0010877 0.0569263 0.360132 0.275644 0.0411466 0.119531 0.109843 0.0177262 0.0127779 0.0038976 0.000971873 0.000254319 5.03441e-05 7.80299e-06 8.62137e-07 5.79062e-08 2.0523e-09 3.2461e-11
 2.57048e-27 2.60762e-27 4.95003e-26 9.90229e-20 2.42743e-14 7.1929e-10 2.57638e-06 0.00111547 0.0583798 0.369326 0.282659 0.0407543 0.111617 0.10255 0.0166142 0.0120779 0.00368976 0.000927259 0.000235961 4.27296e-05 6.35953e-06 6.90619e-07 4.58084e-08 1.58005e-09 2.31306e-11
 2.57116e-27 2.60947e-27 5.11367e-26 1.02475e-19 2.51205e-14 7.44367e-10 2.6662e-06 0.00115436 0.0604151 0.382202 0.292483 0.0402505 0.100881 0.0926454 0.014911 0.0106872 0.00327255 0.000836682 0.000213985 3.86838e-05 5.40419e-06 5.46863e-07 3.52327e-08 1.19669e-09 1.6978e-11
 2.57075e-27 2.60834e-27 5.01197e-26 1.0033e-19 2.45946e-14 7.28782e-10 2.61037e-06 0.00113019 0.0591502 0.3742 0.28638 0.040698 0.108575 0.0997118 0.0155566 0.0103799 0.00316771 0.000799642 0.000205136 3.76657e-05 5.27803e-06 5.12992e-07 3.05478e-08 9.96276e-10 1.38548e-11
 2.57111e-27 2.60931e-27 5.0969e-26 1.02121e-19 2.50338e-14 7.41796e-10 2.65699e-06 0.00115038 0.0602065 0.380883 0.291479 0.0405103 0.103563 0.0950731 0.0144839 0.00909821 0.0027342 0.000625408 0.000157349 2.85871e-05 4.04176e-06 3.96226e-07 2.28725e-08 6.92776e-10 9.18e-12
 2.5715e-27 2.61038e-27 5.19229e-26 1.04134e-19 2.55271e-14 7.56414e-10 2.70935e-06 0.00117304 0.0613929 0.388388 0.297205 0.040197 0.097156 0.0891682 0.0135723 0.00850439 0.00253595 0.000546201 0.000132464 2.20821e-05 3.05107e-06 2.99009e-07 1.74041e-08 5.13149e-10 6.36026e-12
 2.57136e-27 2.60997e-27 5.1551e-26 1.03349e-19 2.53348e-14 7.50715e-10 2.68893e-06 0.00116421 0.0609303 0.385462 0.294974 0.0403846 0.100151 0.0919139 0.0137325 0.00817842 0.00243561 0.000523608 0.000125078 1.96363e-05 2.53061e-06 2.33645e-07 1.34804e-08 3.9914e-10 4.82715e-12
 2.57163e-27 2.61073e-27 5.22266e-26 1.04774e-19 2.56841e-14 7.61067e-10 2.72602e-06 0.00118026 0.0617706 0.390777 0.299029 0.0401273 0.0953444 0.0874921 0.0131969 0.00806916 0.00238861 0.00048651 0.00011502 1.7948e-05 2.22565e-06 1.90708e-07 1.02354e-08 2.96601e-10 3.5848e-12
 2.57163e-27 2.61073e-27 5.22392e-26 1.04801e-19 2.56907e-14 7.6126e-10 2.72671e-06 0.00118056 0.0617862 0.390876 0.299103 0.0400162 0.0944474 0.0866894 0.0135084 0.00898257 0.00267894 0.000571258 0.000134528 2.00423e-05 2.45365e-06 2.04662e-07 1.02209e-08 2.74397e-10 3.21292e-12
 2.57169e-27 2.61086e-27 5.23298e-26 1.04992e-19 2.57375e-14 7.62648e-10 2.73168e-06 0.00118271 0.0618989 0.391589 0.299651 0.0402477 0.0958238 0.0878971 0.0125887 0.00658197 0.00196667 0.000444404 0.000106815 1.64826e-05 1.97536e-06 1.5924e-07 7.74456e-09 1.94573e-10 2.11108e-12
 2.5718e-27 2.61117e-27 5.26102e-26 1.05584e-19 2.58825e-14 7.66945e-10 2.74707e-06 0.00118938 0.0622477 0.393796 0.301332 0.0400729 0.0933121 0.0856035 0.0126237 0.0072353 0.00210667 0.000374727 8.7208e-05 1.41922e-05 1.75771e-06 1.42829e-07 6.70865e-09 1.63033e-10 1.66373e-12
 2.57175e-27 2.61104e-27 5.24859e-26 1.05321e-19 2.58182e-14 7.6504e-10 2.74024e-06 0.00118642 0.062093 0.392817 0.300587 0.0402002 0.0948038 0.0869578 0.0124582 0.00651842 0.00191086 0.000368954 8.27825e-05 1.09549e-05 1.34051e-06 1.14185e-07 5.46617e-09 1.29507e-10 1.27251e-12
 2.57165e-27 2.61076e-27 5.22476e-26 1.04819e-19 2.5695e-14 7.61389e-10 2.72717e-06 0.00118076 0.0617967 0.390943 0.299157 0.0402363 0.0960837 0.0881483 0.0128407 0.00708971 0.00206185 0.0003652 8.18481e-05 1.14782e-05 1.25744e-06 9.44777e-08 4.6613e-09 1.13335e-10 1.09537e-12
 2.57201e-27 2.61175e-27 5.31135e-26 1.06645e-19 2.61428e-14 7.74657e-10 2.77469e-06 0.00120133 0.0628735 0.397755 0.304355 0.0400017 0.0906465 0.083124 0.011827 0.00604374 0.00176186 0.000325178 7.222e-05 9.42113e-06 1.05021e-06 7.67795e-08 3.29916e-09 7.92215e-11 7.85946e-13
 2.57205e-27 2.61185e-27 5.32009e-26 1.0683e-19 2.6188e-14 7.75997e-10 2.77949e-06 0.00120341 0.0629823 0.398443 0.30488 0.0399915 0.0902001 0.0827087 0.0116931 0.00584202 0.00168933 0.000290015 6.39134e-05 8.60598e-06 9.27555e-07 6.54749e-08 2.78086e-09 5.97811e-11 5.67904e-13
#obs surv len freq
 1.75851e-41 2.4407e-33 4.09478e-26 8.30413e-20 2.03566e-14 6.03203e-10 2.16058e-06 0.000935455 0.048958 0.309723 0.237236 0.0440417 0.152708 0.129405 0.0367979 0.0283903 0.00855947 0.00266735 0.000514461 5.91029e-05 2.95403e-06 4.70742e-08 1.78431e-10 1.29198e-13 1.54505e-17
 2.1768e-41 3.02125e-33 5.06877e-26 1.02794e-19 2.51987e-14 7.46683e-10 2.6745e-06 0.00115796 0.0606032 0.383393 0.29346 0.0419779 0.0968663 0.0775541 0.0223616 0.0162034 0.00475125 0.00139482 0.000246983 2.48074e-05 1.02674e-06 1.2798e-08 3.63582e-11 1.92199e-14 1.65188e-18
 1.71964e-41 2.38674e-33 4.00425e-26 8.12054e-20 1.99065e-14 5.89868e-10 2.11281e-06 0.000914774 0.0478756 0.302876 0.232202 0.0512632 0.182306 0.136177 0.0267741 0.0142995 0.00401435 0.00109986 0.000179106 1.56617e-05 5.33188e-07 5.18448e-09 1.10342e-11 4.2561e-15 2.62827e-19
 2.08798e-41 2.89798e-33 4.86196e-26 9.85996e-20 2.41705e-14 7.16217e-10 2.56537e-06 0.00111072 0.0581305 0.367751 0.281641 0.045814 0.113539 0.0814735 0.0283007 0.0180258 0.00342759 0.000677507 9.86877e-05 7.47994e-06 2.08641e-07 1.57682e-09 2.51284e-12 7.08161e-16 3.14615e-20
 2.37306e-41 3.29364e-33 5.52577e-26 1.12062e-19 2.74706e-14 8.14003e-10 2.91563e-06 0.00126237 0.0660672 0.41796 0.31995 0.0442689 0.0788796 0.0519302 0.0115483 0.00601765 0.00172805 0.000349514 3.28792e-05 1.94174e-06 4.38768e-08 2.57219e-10 3.06714e-13 6.32059e-17 2.02413e-21
 1.31814e-41 1.8295e-33 3.06936e-26 6.2246e-20 1.52589e-14 4.52149e-10 1.61952e-06 0.000701198 0.0366979 0.232165 0.178871 0.0712547 0.272539 0.166581 0.0279769 0.0107398 0.00203131 0.000396207 4.29476e-05 1.78512e-06 2.81499e-08 1.24526e-10 1.109e-13 1.67283e-17 3.86751e-22
 2.20552e-41 3.06112e-33 5.13567e-26 1.0415e-19 2.55312e-14 7.56537e-10 2.70979e-06 0.00117325 0.061403 0.388454 0.29756 0.0467869 0.0895934 0.0570843 0.0363582 0.0187088 0.00253992 0.000308929 2.59746e-05 1.05477e-06 1.24414e-08 3.68211e-11 2.32245e-14 2.53908e-18 4.23898e-23
 1.98994e-41 2.76191e-33 4.63368e-26 9.397e-20 2.30357e-14 6.82589e-10 2.44492e-06 0.00105857 0.0554011 0.350486 0.26904 0.0609077 0.154558 0.0822916 0.0158156 0.00732207 0.00270963 0.000385718 1.96654e-05 5.45062e-07 5.3668e-09 1.20509e-11 5.13163e-15 3.79661e-19 4.43062e-24
 2.03206e-41 2.82037e-33 4.73175e-26 9.5959e-20 2.35232e-14 6.97036e-10 2.49667e-06 0.00108097 0.0565738 0.357905 0.274796 0.0613699 0.14264 0.0732587 0.0225018 0.00834245 0.00126627 0.000243168 1.90538e-05 3.79753e-07 2.34922e-09 3.89268e-12 1.24572e-15 6.47659e-20 5.10118e-25
 1.98012e-41 2.74827e-33 4.6108e-26 9.3506e-20 2.29219e-14 6.79218e-10 2.43285e-06 0.00105334 0.0551276 0.348758 0.268105 0.0670619 0.154519 0.0738432 0.0219453 0.0079657 0.00144665 0.000161134 1.0711e-05 2.71211e-07 1.41767e-09 1.5026e-12 3.21593e-16 1.20057e-20 6.81857e-26
 2.09292e-41 2.90483e-33 4.87345e-26 9.88326e-20 2.42277e-14 7.1791e-10 2.57144e-06 0.00111334 0.0582679 0.368625 0.283332 0.0659778 0.133855 0.060664 0.0201543 0.00671765 0.00115648 0.000128347 6.18135e-06 1.16697e-07 6.13609e-10 5.85588e-13 8.93333e-17 2.17464e-21 8.26886e-27
 2.04107e-41 2.83287e-33 4.75273e-26 9.63844e-20 2.36275e-14 7.00126e-10 2.50774e-06 0.00108576 0.0568246 0.359497 0.276793 0.0732635 0.147144 0.0611769 0.0177521 0.00542281 0.000939332 9.45364e-05 4.07668e-06 5.76303e-08 2.15769e-10 1.72476e-13 2.30391e-17 4.47774e-22 1.2139e-27
 1.98773e-41 2.75884e-33 4.62853e-26 9.38656e-20 2.30101e-14 6.8183e-10 2.44221e-06 0.00105739 0.0553396 0.350106 0.270098 0.0798758 0.155337 0.0618224 0.0200683 0.00541901 0.000798696 7.32175e-05 2.7929e-06 3.26721e-08 9.13759e-11 5.10979e-14 5.03697e-18 7.77357e-23 1.7051e-28
 1.87011e-41 2.59559e-33 4.35464e-26 8.83113e-20 2.16485e-14 6.41484e-10 2.29769e-06 0.000994821 0.052065 0.329396 0.255084 0.0911852 0.174996 0.066584 0.0228869 0.00589311 0.000846735 6.42838e-05 2.03816e-06 1.979e-08 4.37136e-11 1.81973e-14 1.26707e-18 1.36573e-23 2.15411e-29
 1.69776e-41 2.35637e-33 3.95331e-26 8.01723e-20 1.96533e-14 5.82363e-10 2.08593e-06 0.000903136 0.0472665 0.299049 0.233069 0.106194 0.200424 0.0755056 0.0293214 0.00718322 0.00100996 6.99655e-05 1.81639e-06 1.37312e-08 2.36622e-11 7.54265e-15 3.90225e-19 3.03063e-24 3.36159e-30
 1.90953e-41 2.6503e-33 4.44643e-26 9.01727e-20 2.21048e-14 6.55005e-10 2.34612e-06 0.00101579 0.0531624 0.336348 0.261276 0.0956517 0.155195 0.0612138 0.0281288 0.00694638 0.000994389 6.36158e-05 1.42964e-06 8.56264e-09 1.10757e-11 2.62954e-15 1.01276e-19 5.80564e-25 4.69039e-31
 1.84977e-41 2.56736e-33 4.30729e-26 8.73509e-20 2.1413e-14 6.34508e-10 2.2727e-06 0.000984002 0.0514988 0.325837 0.254589 0.110104 0.170615 0.0581763 0.0216478 0.00563209 0.000859614 5.31003e-05 1.05573e-06 5.19698e-09 5.19501e-12 9.12101e-16 2.55152e-20 1.0606e-25 6.2233e-32
 1.84062e-41 2.55466e-33 4.28597e-26 8.69186e-20 2.13071e-14 6.31367e-10 2.26146e-06 0.000979133 0.0512439 0.324237 0.254367 0.116612 0.167668 0.0578646 0.0218139 0.00455377 0.000620146 3.82112e-05 6.96248e-07 2.89142e-09 2.29584e-12 3.07019e-16 6.34272e-21 1.9079e-26 8.02107e-33
 1.85726e-41 2.57776e-33 4.32472e-26 8.77045e-20 2.14997e-14 6.37076e-10 2.2819e-06 0.000987986 0.0517073 0.327183 0.257639 0.121615 0.160787 0.0549305 0.0204969 0.00414681 0.000479194 2.4299e-05 3.95548e-07 1.42167e-09 9.19506e-13 9.58302e-17 1.49704e-21 3.33332e-27 1.02099e-33
 1.94281e-41 2.69649e-33 4.52392e-26 9.17442e-20 2.249e-14 6.6642e-10 2.38701e-06 0.00103349 0.054089 0.342264 0.269817 0.121185 0.144219 0.0473248 0.0165332 0.00317934 0.000338053 1.41642e-05 1.80609e-07 5.28103e-10 2.79222e-13 2.31322e-17 2.78828e-22 4.68328e-28 1.06453e-34
 1.93792e-41 2.6897e-33 4.51253e-26 9.15133e-20 2.24334e-14 6.64743e-10 2.381e-06 0.00103089 0.0539529 0.34143 0.270837 0.129947 0.142913 0.0436388 0.0136331 0.0023796 0.000226548 8.17222e-06 8.24551e-08 1.81817e-10 7.31518e-14 4.68829e-18 4.37061e-23 5.61225e-29 9.61607e-36
 1.9806e-41 2.74894e-33 4.61191e-26 9.35286e-20 2.29274e-14 6.79382e-10 2.43344e-06 0.00105359 0.0551411 0.348973 0.277745 0.13161 0.131938 0.0399696 0.0116579 0.00176241 0.000142407 4.30064e-06 3.49888e-08 5.90886e-11 1.75438e-14 8.22753e-19 5.65983e-24 5.41556e-30 6.94342e-37
 1.91511e-41 2.65805e-33 4.45943e-26 9.04364e-20 2.21694e-14 6.5692e-10 2.35298e-06 0.00101876 0.0533182 0.337496 0.271919 0.146773 0.137943 0.0394799 0.0105002 0.001449 9.78315e-05 2.3523e-06 1.50127e-08 1.9502e-11 4.34075e-15 1.49069e-19 7.40306e-25 5.09378e-31 4.7106e-38
 1.95966e-41 2.71987e-33 4.56315e-26 9.25398e-20 2.2685e-14 6.722e-10 2.40771e-06 0.00104246 0.0545584 0.345382 0.279206 0.145669 0.125535 0.0377488 0.00961575 0.00117257 6.72918e-05 1.28865e-06 6.23544e-09 6.06202e-12 1.00382e-15 2.54196e-20 9.20907e-26 4.57583e-32 3.03263e-39
 1.94024e-41 2.69292e-33 4.51794e-26 9.16228e-20 2.24603e-14 6.65539e-10 2.38385e-06 0.00103213 0.0540179 0.342039 0.279644 0.155464 0.123754 0.0348134 0.0082293 0.000955889 4.67879e-05 7.15077e-07 2.63562e-09 1.88686e-12 2.27169e-16 4.17464e-21 1.09699e-26 3.94569e-33 1.88656e-40
 1.87329e-41 2.60001e-33 4.36205e-26 8.84616e-20 2.16853e-14 6.42576e-10 2.3016e-06 0.000996515 0.0521546 0.330363 0.274924 0.169647 0.127278 0.0360067 0.00779024 0.000802596 3.44401e-05 4.30302e-07 1.21412e-09 6.43615e-13 5.62233e-17 7.41146e-22 1.39146e-27 3.57593e-34 1.22303e-41
 1.79688e-41 2.49395e-33 4.18412e-26 8.48532e-20 2.08008e-14 6.16365e-10 2.20772e-06 0.000955866 0.0500276 0.317057 0.26969 0.184058 0.131134 0.0384112 0.00790319 0.00073478 2.64789e-05 2.69829e-07 5.96421e-10 2.37193e-13 1.51363e-17 1.43746e-22 1.9283e-28 3.52313e-35 8.54558e-43
 1.82578e-41 2.53406e-33 4.25141e-26 8.62176e-20 2.11352e-14 6.26276e-10 2.24322e-06 0.000971237 0.0508326 0.322269 0.276123 0.182276 0.121991 0.0374082 0.00745806 0.000647946 1.99415e-05 1.6255e-07 2.78229e-10 8.39603e-14 3.97855e-18 2.75349e-23 2.65824e-29 3.46949e-36 5.98517e-44
 1.82585e-41 2.53416e-33 4.25157e-26 8.62211e-20 2.11361e-14 6.26301e-10 2.24331e-06 0.000971275 0.0508346 0.322282 0.27614 0.182546 0.122959 0.036801 0.00689982 0.000548808 1.49172e-05 1.04155e-07 1.49235e-10 3.71289e-14 1.43649e-18 8.06408e-24 6.28555e-30 6.60152e-37 9.14198e-45
#pred catch len freq
 2.56571e-27 2.59528e-27 3.938e-26 7.76766e-20 1.90415e-14 5.64233e-10 2.02099e-06 0.000875011 0.0457949 0.289711 0.221803 0.0367691 0.124042 0.114708 0.0308172 0.0418707 0.0198296 0.017776 0.0121351 0.010052 0.00844745 0.00770682 0.00807157 0.00733273 0.00225647
 2.56894e-27 2.6036e-27 4.61357e-26 9.19258e-20 2.25345e-14 6.67738e-10 2.39173e-06 0.00103553 0.0541957 0.342857 0.262437 0.0401271 0.12105 0.111445 0.0215237 0.0211548 0.00827386 0.00531304 0.00299219 0.00210756 0.00154837 0.00125867 0.0011983 0.00110553 0.000374581
 2.56863e-27 2.60267e-27 4.51957e-26 8.99424e-20 2.20483e-14 6.53331e-10 2.34012e-06 0.00101318 0.0530263 0.335459 0.256809 0.0414287 0.13491 0.124144 0.0222133 0.0194478 0.00647915 0.00255852 0.00105266 0.00053794 0.000312853 0.000213771 0.000177148 0.000157542 5.56873e-05
 2.56805e-27 2.6011e-27 4.3803e-26 8.70043e-20 2.13281e-14 6.31989e-10 2.26368e-06 0.000980086 0.0512941 0.324501 0.248448 0.0418324 0.143857 0.132429 0.0242093 0.0219033 0.0070521 0.00235161 0.00072798 0.000225291 8.47609e-05 4.24258e-05 2.82686e-05 2.27633e-05 8.07093e-06
 2.57087e-27 2.60877e-27 5.06041e-26 1.01352e-19 2.48452e-14 7.36207e-10 2.63697e-06 0.00114171 0.0597528 0.378012 0.289275 0.0397139 0.0990512 0.091106 0.0173316 0.0166171 0.00540244 0.00187156 0.000545054 0.000132378 2.91286e-05 8.19765e-06 3.65707e-06 2.41801e-06 8.26413e-07
 2.56761e-27 2.59982e-27 4.26054e-26 8.44776e-20 2.07087e-14 6.13635e-10 2.19794e-06 0.000951623 0.0498045 0.315077 0.241267 0.0427929 0.156211 0.143685 0.0236011 0.0176872 0.00584618 0.00221466 0.000660868 0.000161953 2.93963e-05 4.66622e-06 9.89511e-07 4.33301e-07 1.34446e-07
 2.56733e-27 2.59919e-27 4.21459e-26 8.35087e-20 2.04711e-14 6.06597e-10 2.17273e-06 0.000940708 0.0492333 0.311463 0.238496 0.0420602 0.152583 0.140557 0.0270462 0.0263137 0.00817891 0.00224249 0.000668462 0.000176679 3.27443e-05 4.4119e-06 4.60927e-07 8.52982e-08 2.07564e-08
 2.56993e-27 2.60624e-27 4.83768e-26 9.66532e-20 2.36934e-14 7.02077e-10 2.51472e-06 0.00108878 0.0569828 0.360488 0.275903 0.040279 0.112746 0.103761 0.0198797 0.0192546 0.00638635 0.00240241 0.000660064 0.000135252 2.58838e-05 3.62429e-06 3.06833e-07 2.12582e-08 2.64992e-09
 2.56937e-27 2.60461e-27 4.68431e-26 9.34175e-20 2.29002e-14 6.78573e-10 2.43053e-06 0.00105233 0.0550751 0.34842 0.266707 0.0415055 0.128541 0.11816 0.0192419 0.0141638 0.00466949 0.00175596 0.000541507 0.000138608 2.20811e-05 2.81572e-06 2.44221e-07 1.14602e-08 4.76844e-10
 2.56957e-27 2.60517e-27 4.73645e-26 9.45175e-20 2.31698e-14 6.86563e-10 2.45915e-06 0.00106472 0.0557236 0.352523 0.269834 0.0411573 0.123695 0.113747 0.0195427 0.0159424 0.00492573 0.00132323 0.00039197 0.000104167 2.01914e-05 2.53129e-06 1.91215e-07 8.55744e-09 1.85984e-10
 2.56982e-27 2.60583e-27 4.79325e-26 9.57157e-20 2.34636e-14 6.95267e-10 2.49033e-06 0.00107822 0.05643 0.356992 0.273246 0.0411162 0.120984 0.111213 0.0184926 0.0141903 0.00446923 0.00134087 0.000357283 7.1825e-05 1.37239e-05 1.97659e-06 1.57319e-07 6.24579e-09 1.15549e-10
 2.5698e-27 2.6058e-27 4.79029e-26 9.56531e-20 2.34482e-14 6.94812e-10 2.4887e-06 0.00107751 0.0563931 0.356758 0.273068 0.0410923 0.120928 0.111171 0.0186637 0.014588 0.00454241 0.00127853 0.0003504 7.43888e-05 1.1412e-05 1.44176e-06 1.26974e-07 5.34541e-09 8.94358e-11
 2.57006e-27 2.6065e-27 4.8517e-26 9.69487e-20 2.37658e-14 7.04223e-10 2.52241e-06 0.00109211 0.057157 0.36159 0.276755 0.0409619 0.117345 0.107851 0.0178444 0.0135553 0.00423128 0.00121024 0.000325405 6.62046e-05 1.06071e-05 1.1917e-06 8.83341e-08 3.94697e-09 6.92732e-11
 2.5698e-27 2.60576e-27 4.78426e-26 9.55258e-20 2.3417e-14 6.93888e-10 2.48539e-06 0.00107608 0.0563181 0.356283 0.272709 0.0413525 0.12316 0.113175 0.0180108 0.0125918 0.00389617 0.00106845 0.000287151 5.87952e-05 9.10071e-06 1.02343e-06 7.00932e-08 2.67975e-09 4.82141e-11
 2.569e-27 2.60359e-27 4.59225e-26 9.14753e-20 2.24241e-14 6.64465e-10 2.38e-06 0.00103045 0.05393 0.341176 0.261183 0.0419451 0.135768 0.124808 0.0200504 0.0143111 0.00436211 0.00108373 0.000283376 5.60634e-05 8.68806e-06 9.59866e-07 6.44693e-08 2.2849e-09 3.614e-11
 2.56943e-27 2.60475e-27 4.69516e-26 9.36462e-20 2.29562e-14 6.80234e-10 2.43649e-06 0.00105491 0.0552099 0.349273 0.26736 0.0415922 0.128742 0.118336 0.0190938 0.0137593 0.00420049 0.00105183 0.000267469 4.84068e-05 7.20327e-06 7.82194e-07 5.18817e-08 1.78953e-09 2.61971e-11
 2.57013e-27 2.60666e-27 4.86466e-26 9.72219e-20 2.38328e-14 7.06208e-10 2.52952e-06 0.00109519 0.057318 0.36261 0.277535 0.0410703 0.117621 0.108076 0.0173289 0.0123171 0.003769 0.000960193 0.0002454 4.43371e-05 6.19295e-06 6.26636e-07 4.03715e-08 1.37123e-09 1.94543e-11
 2.56991e-27 2.60604e-27 4.80779e-26 9.60223e-20 2.35387e-14 6.97494e-10 2.49831e-06 0.00108167 0.0566108 0.358135 0.274124 0.0413921 0.122467 0.112512 0.0174728 0.0115277 0.0035152 0.000884065 0.000226624 4.15867e-05 5.82653e-06 5.66264e-07 3.37195e-08 1.09971e-09 1.52932e-11
 2.57022e-27 2.60689e-27 4.88188e-26 9.75853e-20 2.39219e-14 7.08847e-10 2.53897e-06 0.00109928 0.0575322 0.363965 0.278573 0.0412495 0.118257 0.10861 0.01648 0.0102424 0.00307583 0.00070098 0.000176222 3.19971e-05 4.52312e-06 4.43386e-07 2.55944e-08 7.75214e-10 1.02724e-11
 2.57064e-27 2.60802e-27 4.98256e-26 9.9709e-20 2.44425e-14 7.24274e-10 2.59423e-06 0.0011232 0.0587843 0.371886 0.284616 0.0409182 0.11149 0.102374 0.0155212 0.00962437 0.00286795 0.000615465 0.000149139 2.48471e-05 3.4325e-06 3.36367e-07 1.95782e-08 5.77248e-10 7.15472e-12
 2.57048e-27 2.60758e-27 4.94207e-26 9.8855e-20 2.42331e-14 7.1807e-10 2.57201e-06 0.00111358 0.0582808 0.3687 0.282187 0.0411254 0.114773 0.105383 0.0156861 0.00924281 0.00275066 0.000589189 0.00014063 2.20646e-05 2.84304e-06 2.62472e-07 1.51433e-08 4.48375e-10 5.42258e-12
 2.57056e-27 2.6078e-27 4.96224e-26 9.92805e-20 2.43374e-14 7.21161e-10 2.58308e-06 0.00111837 0.0585317 0.370287 0.283397 0.0410208 0.113127 0.103875 0.0156251 0.00948205 0.00280523 0.000569403 0.000134507 2.09766e-05 2.60075e-06 2.22832e-07 1.19593e-08 3.46554e-10 4.18854e-12
 2.57093e-27 2.60882e-27 5.05478e-26 1.01233e-19 2.4816e-14 7.35342e-10 2.63387e-06 0.00114037 0.0596826 0.377569 0.28895 0.040595 0.105985 0.0973193 0.0150897 0.00991272 0.00295422 0.000627598 0.000147673 2.19874e-05 2.69127e-06 2.24465e-07 1.12096e-08 3.0094e-10 3.52371e-12
 2.57088e-27 2.60864e-27 5.03523e-26 1.0082e-19 2.47149e-14 7.32345e-10 2.62314e-06 0.00113572 0.0594394 0.37603 0.287781 0.0409526 0.109527 0.100516 0.0143471 0.0074153 0.00221391 0.000498438 0.000119709 1.84613e-05 2.2121e-06 1.78311e-07 8.67188e-09 2.1787e-10 2.36384e-12
 2.57109e-27 2.60924e-27 5.0895e-26 1.01965e-19 2.49955e-14 7.40662e-10 2.65293e-06 0.00114862 0.0601144 0.3803 0.291037 0.0406784 0.105153 0.0965093 0.0141727 0.00802196 0.00233415 0.000413664 9.61738e-05 1.56418e-05 1.93691e-06 1.57379e-07 7.39192e-09 1.79636e-10 1.83317e-12
 2.57099e-27 2.60895e-27 5.06209e-26 1.01387e-19 2.48538e-14 7.36461e-10 2.63788e-06 0.0011421 0.0597735 0.378143 0.289393 0.0408668 0.107742 0.0988716 0.0141146 0.00729632 0.00213734 0.000411174 9.21748e-05 1.21904e-05 1.49138e-06 1.27027e-07 6.08082e-09 1.44069e-10 1.41559e-12
 2.571e-27 2.60899e-27 5.06683e-26 1.01487e-19 2.48783e-14 7.37188e-10 2.64048e-06 0.00114323 0.0598325 0.378516 0.289677 0.0407998 0.107032 0.0982308 0.0142481 0.00776062 0.00225534 0.000397987 8.91084e-05 1.24887e-05 1.36789e-06 1.02768e-07 5.07019e-09 1.23277e-10 1.19145e-12
 2.57135e-27 2.60993e-27 5.14933e-26 1.03227e-19 2.53049e-14 7.49829e-10 2.68576e-06 0.00116283 0.0608584 0.385007 0.29463 0.040585 0.101918 0.093503 0.0132534 0.00668349 0.00194689 0.000357998 7.94355e-05 1.03561e-05 1.1542e-06 8.43753e-08 3.62547e-09 8.70565e-11 8.63674e-13
 2.57032e-27 2.60712e-27 4.89918e-26 9.79499e-20 2.40112e-14 7.11496e-10 2.54846e-06 0.00110339 0.0577472 0.365325 0.279615 0.0414781 0.119264 0.109476 0.0154931 0.00776829 0.00224596 0.000384526 8.46768e-05 1.13955e-05 1.22798e-06 8.66747e-08 3.68118e-09 7.91351e-11 7.5176e-13
#obs catch len freq
 1.74885e-41 2.42729e-33 4.07228e-26 8.2585e-20 2.02447e-14 5.99889e-10 2.1487e-06 0.000930314 0.048689 0.308021 0.235938 0.0441406 0.154215 0.13066 0.0369238 0.0284248 0.00868288 0.00275774 0.000547033 6.49573e-05 3.39081e-06 5.65829e-08 2.23719e-10 1.68182e-13 2.08019e-17
 1.76198e-41 2.44551e-33 4.10285e-26 8.3205e-20 2.03967e-14 6.04392e-10 2.16483e-06 0.000937298 0.0490545 0.310333 0.237761 0.0459909 0.156378 0.125454 0.0366427 0.0267333 0.00789359 0.00234697 0.00042625 4.42029e-05 1.89865e-06 2.46506e-08 7.2873e-11 3.99096e-14 3.53755e-18
 2.18429e-41 3.03164e-33 5.08621e-26 1.03147e-19 2.52854e-14 7.49251e-10 2.6837e-06 0.00116195 0.0608117 0.384713 0.294511 0.0432684 0.0983512 0.0743565 0.0220504 0.015033 0.00432024 0.00120277 0.000199298 1.79111e-05 6.30675e-07 6.35083e-09 1.39927e-11 5.57558e-15 3.54478e-19
 1.73573e-41 2.40908e-33 4.04173e-26 8.19654e-20 2.00929e-14 5.95388e-10 2.13258e-06 0.000923335 0.0483237 0.30571 0.234459 0.0537958 0.184102 0.129205 0.0256843 0.0131037 0.00360603 0.000932478 0.000141118 1.09384e-05 3.13716e-07 2.4447e-09 4.01349e-12 1.16313e-15 5.30333e-20
 2.10787e-41 2.92558e-33 4.90827e-26 9.95386e-20 2.44007e-14 7.23038e-10 2.58981e-06 0.0011213 0.0586842 0.371254 0.28438 0.0474309 0.113362 0.0766172 0.0274858 0.0160828 0.00294056 0.000559364 7.53921e-05 5.01917e-06 1.16791e-07 7.02017e-10 8.58565e-13 1.81228e-16 5.93414e-21
 2.38924e-41 3.31611e-33 5.56346e-26 1.12826e-19 2.76579e-14 8.19555e-10 2.93551e-06 0.00127098 0.0665178 0.420811 0.322177 0.0453562 0.0778676 0.0479825 0.0108721 0.0053473 0.00149447 0.000274767 2.39829e-05 1.24968e-06 2.33629e-08 1.08139e-10 9.84787e-14 1.51547e-17 3.57061e-22
 1.35168e-41 1.87605e-33 3.14746e-26 6.38298e-20 1.56471e-14 4.63653e-10 1.66073e-06 0.000719039 0.0376316 0.238073 0.183597 0.075726 0.271747 0.154833 0.0261389 0.00944771 0.00173437 0.000318823 3.07579e-05 1.10629e-06 1.45106e-08 5.04926e-11 3.41908e-14 3.84018e-18 6.52042e-23
 2.23569e-41 3.10299e-33 5.20591e-26 1.05575e-19 2.58804e-14 7.66883e-10 2.74685e-06 0.00118929 0.0622428 0.393767 0.301691 0.0481682 0.0873398 0.0529653 0.034488 0.0158501 0.00204287 0.000234081 1.79728e-05 6.19823e-07 5.95079e-09 1.38639e-11 6.64561e-15 5.39779e-19 6.60677e-24
 2.02728e-41 2.81373e-33 4.72062e-26 9.57331e-20 2.34679e-14 6.95395e-10 2.49079e-06 0.00107843 0.0564406 0.357063 0.274211 0.0632299 0.150114 0.0743385 0.0144948 0.00648002 0.00225355 0.000280561 1.29045e-05 3.09334e-07 2.46462e-09 4.29937e-12 1.3881e-15 7.63047e-20 6.52106e-25
 2.07123e-41 2.87473e-33 4.82295e-26 9.78085e-20 2.39766e-14 7.10471e-10 2.54479e-06 0.00110181 0.0576642 0.364805 0.280222 0.0635553 0.13767 0.0661811 0.020648 0.00692199 0.00103216 0.000183888 1.21595e-05 2.02549e-07 1.02329e-09 1.31882e-12 3.18301e-16 1.2271e-20 7.0804e-26
 2.02325e-41 2.80814e-33 4.71124e-26 9.5543e-20 2.34212e-14 6.94014e-10 2.48585e-06 0.00107629 0.0563285 0.356357 0.274107 0.0694819 0.148425 0.0663517 0.0199651 0.00664026 0.00114219 0.000115667 6.88467e-06 1.41591e-07 5.84108e-10 4.80452e-13 7.77414e-17 2.14898e-21 8.93127e-27
 2.13534e-41 2.96371e-33 4.97223e-26 1.00836e-19 2.47187e-14 7.32461e-10 2.62356e-06 0.00113591 0.059449 0.376098 0.289233 0.067959 0.127346 0.0541696 0.0181054 0.00550692 0.000900421 8.94609e-05 3.75145e-06 5.91314e-08 2.43878e-10 1.77149e-13 2.02956e-17 3.66075e-22 1.01822e-27
 2.08701e-41 2.89663e-33 4.85971e-26 9.85538e-20 2.41593e-14 7.15885e-10 2.56418e-06 0.0011102 0.0581036 0.36759 0.283225 0.0754422 0.139324 0.0542315 0.0157608 0.00442272 0.000720424 6.4632e-05 2.39288e-06 2.77444e-08 8.20555e-11 4.99468e-14 4.97064e-18 7.12353e-23 1.41353e-28
 2.03841e-41 2.82918e-33 4.74654e-26 9.62588e-20 2.35967e-14 6.99214e-10 2.50447e-06 0.00108435 0.0567505 0.359035 0.277226 0.0821544 0.146322 0.0547961 0.0176371 0.00433951 0.000601462 4.90283e-05 1.58882e-06 1.50773e-08 3.29653e-11 1.40235e-14 1.02975e-18 1.16732e-23 1.86653e-29
 1.92704e-41 2.6746e-33 4.48719e-26 9.09994e-20 2.23074e-14 6.6101e-10 2.36763e-06 0.0010251 0.0536498 0.339426 0.263162 0.0938443 0.164418 0.0591249 0.0199759 0.00470341 0.000625294 4.19e-05 1.12554e-06 8.79506e-09 1.50727e-11 4.74665e-15 2.45662e-19 1.94335e-24 2.22917e-30
 1.76044e-41 2.44337e-33 4.09926e-26 8.31321e-20 2.03789e-14 6.03863e-10 2.16294e-06 0.000936478 0.0490116 0.310095 0.242094 0.109603 0.188531 0.067707 0.025509 0.00572626 0.000738874 4.46733e-05 9.70934e-07 5.8839e-09 7.83129e-12 1.88001e-15 7.20751e-20 4.10254e-25 3.30881e-31
 1.96861e-41 2.7323e-33 4.584e-26 9.29627e-20 2.27887e-14 6.75271e-10 2.41871e-06 0.00104722 0.0548073 0.34676 0.269732 0.0978179 0.144435 0.0550265 0.0241311 0.00548782 0.000711607 3.94105e-05 7.32728e-07 3.48473e-09 3.46656e-12 6.18199e-16 1.75997e-20 7.38024e-26 4.33103e-32
 1.91189e-41 2.65358e-33 4.45194e-26 9.02844e-20 2.21322e-14 6.55816e-10 2.34903e-06 0.00101705 0.0532283 0.336787 0.263608 0.112299 0.157936 0.0515612 0.0184565 0.00446261 0.000608603 3.22021e-05 5.23639e-07 2.02845e-09 1.54931e-12 2.03614e-16 4.20249e-21 1.27591e-26 5.43052e-33
 1.90394e-41 2.64254e-33 4.43341e-26 8.99087e-20 2.20401e-14 6.53087e-10 2.33925e-06 0.00101282 0.0530068 0.335401 0.263651 0.118572 0.154646 0.051433 0.0182836 0.00353319 0.000435121 2.2746e-05 3.34751e-07 1.08367e-09 6.53264e-13 6.51222e-17 9.90232e-22 2.17284e-27 6.62063e-34
 1.92152e-41 2.66695e-33 4.47436e-26 9.0739e-20 2.22436e-14 6.59119e-10 2.36086e-06 0.00102217 0.0534964 0.338517 0.267132 0.123088 0.147502 0.0487136 0.0170185 0.00316793 0.000325939 1.4087e-05 1.84236e-07 5.11295e-10 2.49366e-13 1.92885e-17 2.21171e-22 3.58642e-28 7.95462e-35
 2.00452e-41 2.78215e-33 4.66763e-26 9.46586e-20 2.32044e-14 6.8759e-10 2.46284e-06 0.00106632 0.0558072 0.353152 0.27898 0.121872 0.131304 0.0416374 0.0135521 0.00239355 0.000223956 7.89444e-06 8.07317e-08 1.81753e-10 7.2069e-14 4.41104e-18 3.89071e-23 4.74986e-29 7.80855e-36
 2.00024e-41 2.7762e-33 4.65765e-26 9.44562e-20 2.31548e-14 6.86119e-10 2.45757e-06 0.00106404 0.0556879 0.35243 0.280213 0.130119 0.129449 0.0380813 0.0110385 0.00176349 0.000146822 4.40585e-06 3.53095e-08 5.97407e-11 1.79891e-14 8.49208e-19 5.77554e-24 5.3781e-30 6.65436e-37
 2.04178e-41 2.83386e-33 4.75438e-26 9.64179e-20 2.36357e-14 7.0037e-10 2.50861e-06 0.00108614 0.0568446 0.359778 0.287014 0.13108 0.118865 0.0346711 0.00928759 0.00127764 8.97952e-05 2.23963e-06 1.43568e-08 1.84896e-11 4.09612e-15 1.41248e-19 7.07526e-25 4.89857e-31 4.52607e-38
 1.97904e-41 2.74678e-33 4.60829e-26 9.34553e-20 2.29095e-14 6.78849e-10 2.43153e-06 0.00105277 0.0550981 0.348796 0.28181 0.145785 0.124003 0.0340659 0.00829356 0.00103224 5.99934e-05 1.18427e-06 5.9239e-09 5.84017e-12 9.66466e-16 2.43536e-20 8.79621e-26 4.37475e-32 2.91163e-39
 2.02239e-41 2.80695e-33 4.70923e-26 9.55023e-20 2.34113e-14 6.93718e-10 2.48479e-06 0.00107583 0.0563051 0.356478 0.288957 0.143959 0.112466 0.032417 0.00748091 0.000817595 4.0019e-05 6.23248e-07 2.35192e-09 1.72959e-12 2.12354e-16 3.93739e-21 1.036e-26 3.71796e-33 1.7726e-40
 2.00365e-41 2.78094e-33 4.6656e-26 9.46175e-20 2.31944e-14 6.87291e-10 2.46177e-06 0.00106586 0.0557837 0.35327 0.289675 0.153039 0.110456 0.0296704 0.00635558 0.000654438 2.70244e-05 3.33214e-07 9.5192e-10 5.137e-13 4.57609e-17 6.14716e-22 1.17151e-27 3.04003e-34 1.04486e-41
 1.93943e-41 2.6918e-33 4.51606e-26 9.15847e-20 2.24509e-14 6.65262e-10 2.38286e-06 0.0010317 0.0539962 0.342096 0.285625 0.166595 0.113614 0.0305349 0.00594473 0.000540554 1.93942e-05 1.93531e-07 4.20773e-10 1.67534e-13 1.08051e-17 1.03982e-22 1.4144e-28 2.61993e-35 6.43536e-43
 1.86566e-41 2.58941e-33 4.34427e-26 8.8101e-20 2.15969e-14 6.39956e-10 2.29222e-06 0.000992452 0.0519429 0.329285 0.28111 0.180444 0.117279 0.0324687 0.00597688 0.000485371 1.45188e-05 1.17341e-07 1.98583e-10 5.90883e-14 2.77804e-18 1.92354e-23 1.86806e-29 2.45877e-36 4.28128e-44
 1.88824e-41 2.62075e-33 4.39685e-26 8.91672e-20 2.18583e-14 6.47701e-10 2.31996e-06 0.00100446 0.0525714 0.333231 0.282851 0.174311 0.115407 0.0338425 0.00627144 0.000495093 1.33987e-05 9.33091e-08 1.33486e-10 3.31783e-14 1.28282e-18 7.19813e-24 5.6087e-30 5.88912e-37 8.15375e-45
#spawning biomass
 7439.29 7499.45 10405.9 12526.5 19462.6 31565.8 29932.8 34066.1 43957.7 55325.3 68187.8 93033.5 120660 138511 137782 113697 111517 113914 99512.9 99015.2 101240 105558 132208 125320 133895 132570 135497 129206 133089 199177 195512 109148 57201.9 33280.4 23521.2 19829.9 18503.8 18044.4 17889.4 17838.1 17821.4 17816 17814.3 17813.7 17813.6 17813.5 17813.5 17813.5 17813.5 17813.5 17813.5 17813.5 17813.5 17813.5 17813.5 17813.5 17813.5 17813.5 17813.5 17813.5 17813.5 17813.5 17813.5 17813.5 17813.5 17813.5 17813.5 17813.5 17813.5 17813.5 17813.5 17813.5 17813.5 17813.5 17813.5 17813.5 17813.5 17813.5 17813.5 17813.5 17813.5 17813.5 17813.5 17813.5 17813.5 17813.5 17813.5 17813.5 17813.5 17813.5 17813.5 17813.5 17813.5 17813.5 17813.5 17813.5 17813.5 17813.5 17813.5 17813.5 17813.5 17813.5 17813.5 17813.5 17813.5 17813.5 17813.5 17813.5 17813.5 17813.5 17813.5 17813.5 17813.5 17813.5 17813.5 17813.5 17813.5 17813.5 17813.5 17813.5 17813.5 17813.5 17813.5 17813.5 17813.5 17813.5 17813.5 17813.5 17813.5 0 0 0 0 0 0 0 0 0 0 0 0 0 0 0 0 0 0 0 0 0 0 0 0 0
