SBPRF35
0.178135
Curr Bio
137490
B35
194964
F35
0.918763
FOFL
0.504059
OFL
19820.9
Bzero
50895.7
#pred survey bio
 3112.63 4835.16 7917.47 13790 25840.3 32640 28534.4 38553.8 58103.6 78332.4 106468 138590 170157 195590 203278 190636 162774 152685 164004 157370 170206 186879 187335 185423 203193 190445 175453 163506 4.81112e+06 3.13584e+06 1.98611e+06 1.14135e+06 768012 613230 545084 511770 493803 483448 477260 473502 471204 469798 468933 468397 468076 467883 467767 467697 467655 467629 467614 467605 467599 467596 467594 467592 467592 467591 467591 467591 467591 467591 467590 467590 467590 467590 467590 467590 467590 467590 467590 467590 467590 467590 467590 467590 467590 467590 467590 467590 467590 467590 467590 467590 467590 467590 467590 467590 467590 467590 467590 467590 467590 467590 467590 467590 467590 467590 467590 467590 467590 467590 467590 467590 467590 467590 467590 467590 467590 467590 467590 467590 467590 467590 467590 467590 467590 467590 467590 467590 467590 467590 467590 467590 467590 467590 467590 467590 0 0 0 0 0 0 0 0 0 0 0 0 0 0 0 0 0 0 0 0 0 0 0 0 0
#obs survey bio
 2177.96 3896.63 6588.68 12639 21244.5 24645.7 21919.4 32159.8 75035.9 76101.4 120875 154859 97400.9 172922 131710 133630 100471 120303 155952 155755 122448 130721 142980 152990 175653 130378 114894 143434
#pred catch bio
 862.454 1857.32 2957.12 4965.83 9984.27 16557.6 13019.7 18393.5 27481.5 32986.1 48170.5 68971.3 87161.1 98894 110122 112874 96229.7 82225.6 96125.8 87810.4 94710.6 109965 113793 106369 124728 120488 110067 118053 19820.9 56719.6 36825.6 17645.2 10157.1 7754.68 7046.44 6848.38 6795 6780.99 6777.39 6776.47 6776.24 6776.19 6776.17 6776.17 6776.17 6776.17 6776.17 6776.17 6776.17 6776.17 6776.17 6776.17 6776.17 6776.17 6776.17 6776.17 6776.17 6776.17 6776.17 6776.17 6776.17 6776.17 6776.17 6776.17 6776.17 6776.17 6776.17 6776.17 6776.17 6776.17 6776.17 6776.17 6776.17 6776.17 6776.17 6776.17 6776.17 6776.17 6776.17 6776.17 6776.17 6776.17 6776.17 6776.17 6776.17 6776.17 6776.17 6776.17 6776.17 6776.17 6776.17 6776.17 6776.17 6776.17 6776.17 6776.17 6776.17 6776.17 6776.17 6776.17 6776.17 6776.17 6776.17 6776.17 6776.17 6776.17 6776.17 6776.17 6776.17 6776.17 6776.17 6776.17 6776.17 6776.17 6776.17 6776.17 6776.17 6776.17 6776.17 6776.17 6776.17 6776.17 6776.17 6776.17 6776.17 6776.17 6776.17 6776.17 0 0 0 0 0 0 0 0 0 0 0 0 0 0 0 0 0 0 0 0 0 0 0 0 0
#obs catch bio
 1998.72 1916.9 2817.76 4755.22 9322.69 16356.4 13918.5 18178.4 24862.2 29859.4 43194.3 63097.8 78685.5 91300.3 106851 117490 93147.9 80345.8 87010.2 76650.4 89517.1 100035 99545.5 94052.5 111891 107513 109056 118520
#pred cpue bio
 1942.06 2576.48 3770.06 6488.46 11894.4 18016.8 16345 18621.4 26269.7 37706.4 54075.4 69148.2 82769.4 96701.1 106881 99937.7 82781.1 74226.8 80933.8 76489.3 81349 89003.4 89037 86053.9 94665.5 90061.3 80901.9 75876.6 1.97162e+06 2.32477e+06 1.78168e+06 992307 621818 467177 399039 365726 347759 337404 331216 327457 325160 323753 322889 322353 322031 321838 321722 321652 321610 321585 321570 321560 321555 321551 321549 321548 321547 321547 321547 321546 321546 321546 321546 321546 321546 321546 321546 321546 321546 321546 321546 321546 321546 321546 321546 321546 321546 321546 321546 321546 321546 321546 321546 321546 321546 321546 321546 321546 321546 321546 321546 321546 321546 321546 321546 321546 321546 321546 321546 321546 321546 321546 321546 321546 321546 321546 321546 321546 321546 321546 321546 321546 321546 321546 321546 321546 321546 321546 321546 321546 321546 321546 321546 321546 321546 321546 321546 321546 0 0 0 0 0 0 0 0 0 0 0 0 0 0 0 0 0 0 0 0 0 0 0 0 0
#obs cpue bio
 2589.1 3782.2 5828.11 8670.69 19552.3 18068.1 15416 32364 36600.1 51701.5 77361.9 90195.8 191920 139280 162109 123488 164658 97340.8 158920 133939 118111 207536 208400 161706 170571 194223 107586 99810.2
#pred surv len freq
 1.65282e-11 1.79398e-09 1.14814e-07 4.33274e-06 9.64087e-05 0.00126492 0.00978646 0.0446606 0.120386 0.193058 0.190741 0.134112 0.0928593 0.0703532 0.0477102 0.029741 0.0191744 0.0127687 0.00883695 0.0064733 0.00509482 0.00435359 0.00382041 0.00296651 0.0017374
 1.76801e-11 1.91901e-09 1.22816e-07 4.6347e-06 0.000103128 0.00135307 0.0104684 0.0477711 0.128747 0.20628 0.202918 0.140253 0.0936363 0.0683268 0.0439571 0.0247007 0.0135917 0.00731119 0.00393646 0.00227766 0.00146505 0.00106374 0.000840989 0.000626739 0.000366904
 1.84856e-11 2.00643e-09 1.28411e-07 4.84584e-06 0.000107826 0.00141471 0.0109453 0.0499455 0.134587 0.21547 0.211164 0.143767 0.0927371 0.0649836 0.0392046 0.0193986 0.00902729 0.00405187 0.00171579 0.000726941 0.000333379 0.000179188 0.000114895 7.69757e-05 4.33691e-05
 1.83827e-11 1.99527e-09 1.27697e-07 4.81887e-06 0.000107226 0.00140684 0.0108844 0.0496687 0.133854 0.214397 0.210589 0.144649 0.0949642 0.0671262 0.040021 0.0190224 0.00822733 0.00330773 0.0011776 0.000388141 0.000126646 4.4305e-05 1.88382e-05 9.78009e-06 4.93566e-06
 1.87638e-11 2.03663e-09 1.30344e-07 4.91879e-06 0.000109449 0.00143601 0.01111 0.0506963 0.136599 0.218599 0.213793 0.144375 0.0914892 0.0631539 0.0376764 0.0182176 0.0080209 0.00320126 0.00108412 0.000319425 8.5083e-05 2.11553e-05 5.41893e-06 1.6817e-06 6.27784e-07
 1.49686e-11 1.6247e-09 1.03981e-07 3.92391e-06 8.7312e-05 0.00114558 0.00886372 0.0404627 0.10925 0.17665 0.181374 0.145713 0.12407 0.101734 0.0625208 0.0291487 0.0121251 0.00468142 0.00156888 0.000455058 0.000114775 2.48851e-05 4.74218e-06 8.65539e-07 1.78066e-07
 1.489e-11 1.61617e-09 1.03435e-07 3.90331e-06 8.68536e-05 0.00113956 0.00881709 0.0402481 0.108645 0.175473 0.179241 0.141719 0.11863 0.0985374 0.0648868 0.0351627 0.0172177 0.00708631 0.00229913 0.00062128 0.000147868 3.06032e-05 5.35297e-06 7.8494e-07 1.00768e-07
 1.86371e-11 2.02288e-09 1.29464e-07 4.88556e-06 0.00010871 0.00142631 0.0110349 0.0503526 0.135659 0.216986 0.211705 0.141643 0.0882981 0.0614304 0.0392796 0.0221394 0.0116781 0.00536982 0.00203986 0.000640794 0.000162661 3.29694e-05 5.45271e-06 7.42591e-07 8.20917e-08
 1.87097e-11 2.03076e-09 1.29968e-07 4.90461e-06 0.000109133 0.00143187 0.011078 0.0505515 0.136224 0.218118 0.213887 0.145922 0.0942704 0.0651936 0.0372696 0.0161207 0.00617563 0.00237051 0.000873985 0.000292168 8.34958e-05 1.92676e-05 3.4613e-06 4.75973e-07 5.01593e-08
 1.76001e-11 1.91032e-09 1.2226e-07 4.61371e-06 0.000102661 0.00134695 0.0104212 0.0475593 0.128227 0.205852 0.204407 0.146318 0.103841 0.0766424 0.0448598 0.019604 0.00734892 0.00250412 0.00072211 0.000181513 4.39331e-05 1.00771e-05 1.97356e-06 3.023e-07 3.44404e-08
 1.70574e-11 1.85142e-09 1.1849e-07 4.47146e-06 9.94956e-05 0.00130542 0.0101 0.0460946 0.124296 0.199688 0.198985 0.144343 0.105198 0.0799723 0.0493432 0.0242337 0.0106573 0.00406964 0.00123231 0.00030091 6.23942e-05 1.12587e-05 1.82767e-06 2.65553e-07 3.17738e-08
 1.74704e-11 1.89624e-09 1.21359e-07 4.57972e-06 0.000101904 0.00133703 0.0103444 0.047208 0.127271 0.204248 0.202489 0.144127 0.101518 0.0755865 0.0464381 0.0229395 0.0103215 0.00416832 0.00139973 0.000389605 8.89159e-05 1.61423e-05 2.34002e-06 2.79124e-07 2.80723e-08
 1.76545e-11 1.91623e-09 1.22638e-07 4.62799e-06 0.000102978 0.00135112 0.0104534 0.0477055 0.12861 0.206381 0.204525 0.145338 0.10189 0.0750335 0.0447453 0.0206553 0.00851046 0.00324007 0.00106329 0.000300314 7.30488e-05 1.46627e-05 2.32742e-06 2.83786e-07 2.6334e-08
 1.72338e-11 1.87056e-09 1.19716e-07 4.51769e-06 0.000100524 0.00131892 0.0102044 0.0465712 0.125582 0.20176 0.201071 0.145874 0.106106 0.0797641 0.0474585 0.0214317 0.00847251 0.00304997 0.000925478 0.000238307 5.4287e-05 1.0771e-05 1.78326e-06 2.34808e-07 2.34548e-08
 1.61038e-11 1.74791e-09 1.11866e-07 4.22148e-06 9.39333e-05 0.00123245 0.0095356 0.0435238 0.117432 0.189209 0.191129 0.145477 0.1146 0.0904752 0.0552522 0.0258604 0.0106877 0.00393617 0.00118333 0.000292594 6.21556e-05 1.13207e-05 1.74603e-06 2.23994e-07 2.2923e-08
 1.63518e-11 1.77483e-09 1.13589e-07 4.2865e-06 9.53801e-05 0.00125143 0.00968238 0.0441921 0.119212 0.191895 0.192985 0.144665 0.111361 0.087197 0.0538885 0.0261251 0.0113318 0.00433794 0.00134562 0.000341932 7.31961e-05 1.29827e-05 1.88446e-06 2.23496e-07 2.1373e-08
 1.66674e-11 1.80908e-09 1.15781e-07 4.36922e-06 9.72207e-05 0.00127558 0.00986919 0.045044 0.1215 0.195497 0.19622 0.146039 0.110915 0.0854831 0.0511734 0.023107 0.00913367 0.00330311 0.00101007 0.000258746 5.63747e-05 1.01829e-05 1.48698e-06 1.72792e-07 1.57114e-08
 1.74659e-11 1.89576e-09 1.21328e-07 4.57855e-06 0.000101878 0.00133669 0.0103418 0.0471974 0.127258 0.204352 0.20318 0.146141 0.104653 0.0777869 0.04585 0.020326 0.00778478 0.00269099 0.00076938 0.000180947 3.68784e-05 6.49578e-06 9.52404e-07 1.12095e-07 1.02412e-08
 1.72047e-11 1.8674e-09 1.19513e-07 4.51006e-06 0.000100355 0.00131669 0.0101872 0.0464929 0.125374 0.201456 0.200906 0.146118 0.10672 0.0803298 0.0476175 0.0212496 0.00821366 0.00285934 0.00081864 0.000190305 3.73456e-05 6.1689e-06 8.45772e-07 9.54365e-08 8.61678e-09
 1.73684e-11 1.88517e-09 1.20651e-07 4.55298e-06 0.000101309 0.00132922 0.0102841 0.0469347 0.126559 0.203307 0.202501 0.146599 0.106137 0.0792106 0.0463162 0.0200182 0.00736265 0.00245951 0.000685449 0.000155642 2.98768e-05 4.81996e-06 6.36696e-07 6.79083e-08 5.75996e-09
 1.77444e-11 1.92599e-09 1.23263e-07 4.65155e-06 0.000103503 0.001358 0.0105067 0.0479485 0.129266 0.207441 0.205606 0.146174 0.102464 0.0750987 0.0439922 0.0193591 0.0073208 0.00248352 0.000687147 0.000152209 2.83321e-05 4.44692e-06 5.73249e-07 5.95505e-08 4.87524e-09
 1.77353e-11 1.92499e-09 1.23199e-07 4.64916e-06 0.00010345 0.0013573 0.0105013 0.0479241 0.129204 0.207364 0.205645 0.146498 0.103028 0.0755043 0.0438935 0.0189148 0.00693307 0.00230834 0.000640591 0.000144028 2.70535e-05 4.20649e-06 5.28942e-07 5.33293e-08 4.24255e-09
 1.76622e-11 1.91706e-09 1.22692e-07 4.63e-06 0.000103023 0.00135171 0.010458 0.0477273 0.128681 0.206591 0.205187 0.146981 0.104356 0.076719 0.0441944 0.018495 0.00643724 0.00203464 0.00053933 0.000115437 2.08192e-05 3.18263e-06 3.99243e-07 4.00063e-08 3.12569e-09
 1.80322e-11 1.95722e-09 1.25262e-07 4.72698e-06 0.000105181 0.00138002 0.010677 0.048725 0.131349 0.210694 0.20841 0.147024 0.101443 0.0731342 0.041702 0.0171888 0.00582115 0.00178001 0.000453305 9.14136e-05 1.52986e-05 2.17887e-06 2.58436e-07 2.49852e-08 1.91885e-09
 1.80046e-11 1.95423e-09 1.2507e-07 4.71976e-06 0.000105021 0.00137791 0.0106607 0.0486506 0.131149 0.210377 0.208114 0.146868 0.101428 0.0732514 0.0419618 0.0175094 0.00605739 0.00188593 0.000483283 9.69798e-05 1.59138e-05 2.17641e-06 2.42761e-07 2.18629e-08 1.57562e-09
 1.76184e-11 1.91231e-09 1.22388e-07 4.61853e-06 0.000102768 0.00134836 0.0104321 0.0476097 0.128371 0.20615 0.205016 0.147557 0.105586 0.0777339 0.0442501 0.0178387 0.00578409 0.00169551 0.000420784 8.29811e-05 1.34207e-05 1.80744e-06 1.97204e-07 1.71199e-08 1.16876e-09
 1.80686e-11 1.96117e-09 1.25515e-07 4.73653e-06 0.000105394 0.00138281 0.0106986 0.0488235 0.131614 0.21112 0.20883 0.147311 0.101588 0.0730708 0.0413435 0.016668 0.00540605 0.00157158 0.000379242 7.07513e-05 1.06489e-05 1.35202e-06 1.42291e-07 1.20589e-08 8.03794e-10
 1.7905e-11 1.94342e-09 1.24379e-07 4.69366e-06 0.00010444 0.00137029 0.0106018 0.0483826 0.130438 0.209331 0.207523 0.147616 0.10337 0.0749814 0.0423034 0.0167851 0.00527365 0.00148567 0.000352755 6.52295e-05 9.65947e-06 1.18266e-06 1.17461e-07 9.32254e-09 5.88513e-10
#obs surv len freq
 1.2862e-11 1.39605e-09 8.93472e-08 3.37169e-06 7.50247e-05 0.000984376 0.00761681 0.0347789 0.0940043 0.152728 0.159874 0.13571 0.124762 0.11182 0.0819593 0.0508375 0.0272941 0.0119708 0.00416021 0.00113897 0.000239957 3.75792e-05 4.23227e-06 3.32348e-07 1.76927e-08
 1.8354e-11 1.99215e-09 1.27498e-07 4.81136e-06 0.000107059 0.00140465 0.0108675 0.0495921 0.133642 0.213937 0.20924 0.140621 0.0879858 0.0624256 0.0425899 0.0257449 0.0135076 0.00576549 0.00193768 0.00050858 0.000101819 1.50376e-05 1.58726e-06 1.16254e-07 5.75039e-09
 1.56008e-11 1.69332e-09 1.08373e-07 4.08965e-06 9.10002e-05 0.00119398 0.00923855 0.0421793 0.113931 0.184386 0.189175 0.149231 0.120463 0.0936225 0.055789 0.0254294 0.0101064 0.00367036 0.00114216 0.000284979 5.42573e-05 7.57275e-06 7.50113e-07 5.12504e-08 2.3541e-09
 1.80675e-11 1.96106e-09 1.25508e-07 4.73627e-06 0.000105388 0.00138274 0.0106984 0.0488274 0.131665 0.211341 0.20893 0.145238 0.0955642 0.0676146 0.0426461 0.0222809 0.00956558 0.00316932 0.000786543 0.000152486 2.39795e-05 2.96644e-06 2.70198e-07 1.71521e-08 7.31815e-10
 1.66179e-11 1.80372e-09 1.15438e-07 4.35627e-06 9.6933e-05 0.00127183 0.00984088 0.0449282 0.121325 0.195997 0.198988 0.150535 0.1125 0.0826219 0.0481971 0.021823 0.00834165 0.00269318 0.000685459 0.000130967 1.83314e-05 1.86256e-06 1.37526e-07 7.32485e-09 2.73657e-10
 7.24227e-12 7.86081e-10 5.03092e-08 1.89853e-06 4.22465e-05 0.000554401 0.0042932 0.0196728 0.0540142 0.093691 0.122238 0.156215 0.188391 0.170153 0.108624 0.0529838 0.0209154 0.00643777 0.00148031 0.000255396 3.32745e-05 3.18931e-06 2.16146e-07 1.00617e-08 3.16749e-10
 1.59879e-11 1.73534e-09 1.11061e-07 4.19112e-06 9.3258e-05 0.0012236 0.00946738 0.0432145 0.116579 0.187382 0.185995 0.131122 0.0920852 0.0793769 0.068911 0.0486806 0.0247323 0.0086307 0.00209154 0.000361155 4.47733e-05 3.94127e-06 2.42681e-07 1.02929e-08 2.95031e-10
 1.80189e-11 1.95578e-09 1.2517e-07 4.72353e-06 0.000105105 0.00137905 0.0106706 0.0487147 0.131504 0.211911 0.212075 0.15119 0.0998395 0.0658282 0.0368297 0.0175566 0.00795422 0.00321282 0.000984315 0.000207434 2.90063e-05 2.6722e-06 1.6254e-07 6.53353e-09 1.72842e-10
 1.59544e-11 1.7317e-09 1.10829e-07 4.18234e-06 9.30636e-05 0.0012211 0.00944972 0.0431659 0.116807 0.190101 0.197518 0.156681 0.120519 0.0861855 0.0479908 0.0204922 0.00712662 0.00204959 0.00048591 9.41243e-05 1.39508e-05 1.44315e-06 9.78334e-08 4.22017e-09 1.14567e-10
 1.46693e-11 1.59221e-09 1.01902e-07 3.84547e-06 8.55682e-05 0.00112278 0.00868977 0.039711 0.107634 0.176267 0.187099 0.156358 0.128295 0.0966916 0.0576881 0.0269881 0.0099517 0.00276096 0.000558452 8.36009e-05 9.51629e-06 8.21542e-07 5.16227e-08 2.22811e-09 6.27956e-11
 1.42401e-11 1.54563e-09 9.89202e-08 3.73296e-06 8.30652e-05 0.00108996 0.00843636 0.0385631 0.10462 0.171858 0.184019 0.156287 0.129998 0.0991414 0.0607215 0.029624 0.0114315 0.00331447 0.000694396 0.00010355 1.08702e-05 7.94948e-07 4.03249e-08 1.41535e-09 3.39893e-11
 1.67374e-11 1.81668e-09 1.16268e-07 4.3876e-06 9.76313e-05 0.00128105 0.00991401 0.0452892 0.122536 0.199016 0.204116 0.154121 0.10925 0.0758565 0.0450975 0.0218749 0.00845382 0.00247383 0.000528043 8.05322e-05 8.57952e-06 6.22682e-07 3.01723e-08 9.63031e-10 2.0073e-11
 1.52761e-11 1.65808e-09 1.06117e-07 4.00456e-06 8.91094e-05 0.0011693 0.00905116 0.0413825 0.112325 0.184592 0.196809 0.162664 0.126566 0.0878829 0.0477492 0.0203164 0.00701611 0.00192031 0.000396689 5.95717e-05 6.29792e-06 4.54762e-07 2.18693e-08 6.86684e-10 1.38605e-11
 1.2914e-11 1.4017e-09 8.97088e-08 3.38538e-06 7.53333e-05 0.000988622 0.00765526 0.035046 0.0955843 0.159786 0.179596 0.165748 0.144776 0.108165 0.0623661 0.0277648 0.0095125 0.00241992 0.000447641 6.02059e-05 5.83744e-06 3.96953e-07 1.83038e-08 5.56062e-10 1.08903e-11
 1.2231e-11 1.32756e-09 8.49642e-08 3.20635e-06 7.13502e-05 0.000936393 0.00725193 0.033216 0.0907338 0.152364 0.173144 0.162769 0.145633 0.113488 0.0702314 0.03388 0.0123403 0.0032478 0.000603527 7.85215e-05 7.08288e-06 4.37033e-07 1.81903e-08 5.03282e-10 9.10383e-12
 1.36427e-11 1.48079e-09 9.47705e-08 3.57641e-06 7.95848e-05 0.00104443 0.00808761 0.0370225 0.100885 0.16776 0.184414 0.161038 0.133114 0.0998019 0.061501 0.030135 0.0113136 0.00310611 0.000603824 8.1229e-05 7.40081e-06 4.48243e-07 1.77972e-08 4.58376e-10 7.58924e-12
 1.35461e-11 1.47031e-09 9.41e-08 3.55113e-06 7.90238e-05 0.00103714 0.00803297 0.0367993 0.100508 0.168263 0.187947 0.1675 0.137692 0.0984112 0.0561997 0.0254874 0.00906855 0.00242898 0.000470712 6.3904e-05 5.89879e-06 3.60675e-07 1.43134e-08 3.63119e-10 5.82214e-12
 1.39855e-11 1.518e-09 9.71527e-08 3.66634e-06 8.15883e-05 0.00107082 0.00829426 0.0379993 0.103778 0.173487 0.192336 0.167832 0.134198 0.0942388 0.0530981 0.0233707 0.00785647 0.00195418 0.000351917 4.50369e-05 3.99013e-06 2.37501e-07 9.24804e-09 2.30739e-10 3.63172e-12
 1.41877e-11 1.53994e-09 9.85571e-08 3.71936e-06 8.27697e-05 0.00108639 0.00841613 0.0385742 0.105463 0.176715 0.196449 0.170724 0.133706 0.0907017 0.0489954 0.0206043 0.00661398 0.00156435 0.00026498 3.15068e-05 2.57756e-06 1.42006e-07 5.16004e-09 1.21328e-10 1.81513e-12
 1.42139e-11 1.54279e-09 9.87393e-08 3.72627e-06 8.29253e-05 0.0010885 0.00843413 0.0386772 0.105889 0.177967 0.198774 0.172929 0.133988 0.0890648 0.0468172 0.0189617 0.00579648 0.00129501 0.00020608 2.29151e-05 1.74426e-06 8.892e-08 2.97637e-09 6.4341e-11 8.85917e-13
 1.43905e-11 1.56196e-09 9.99669e-08 3.77262e-06 8.39588e-05 0.00110214 0.0085412 0.0391842 0.107373 0.180722 0.201879 0.174327 0.132594 0.0861808 0.0442344 0.0173895 0.00511334 0.00108881 0.000163667 1.70496e-05 1.208e-06 5.70655e-08 1.76431e-09 3.51356e-11 4.44676e-13
 1.48108e-11 1.60758e-09 1.02887e-07 3.88284e-06 8.64134e-05 0.00113441 0.00879233 0.0403452 0.110581 0.185997 0.206616 0.175153 0.129097 0.081177 0.0403515 0.0153161 0.00432831 0.000881674 0.000126059 1.24031e-05 8.24026e-07 3.6268e-08 1.03937e-09 1.91128e-11 2.22752e-13
 1.45504e-11 1.57932e-09 1.01079e-07 3.81467e-06 8.49004e-05 0.00111471 0.00864284 0.0397001 0.109106 0.184696 0.207725 0.178527 0.131539 0.0810565 0.0389532 0.0141754 0.00382349 0.000741526 0.000100652 9.36462e-06 5.85684e-07 2.41561e-08 6.45858e-10 1.1035e-11 1.19066e-13
 1.45088e-11 1.57481e-09 1.00791e-07 3.80386e-06 8.46636e-05 0.00111173 0.00862234 0.0396352 0.109109 0.185304 0.209305 0.180003 0.13157 0.0799699 0.0377402 0.013357 0.00345803 0.000636488 8.13788e-05 7.10046e-06 4.15418e-07 1.60004e-08 3.98836e-10 6.34108e-12 6.35393e-14
 1.44366e-11 1.56698e-09 1.0029e-07 3.78506e-06 8.425e-05 0.00110646 0.00858468 0.0394978 0.108954 0.18579 0.211043 0.181856 0.131768 0.0787006 0.0363316 0.0125167 0.00313513 0.000554487 6.75803e-05 5.57219e-06 3.0567e-07 1.09751e-08 2.541e-10 3.74462e-12 3.47398e-14
 1.31382e-11 1.42606e-09 9.12727e-08 3.44493e-06 7.6691e-05 0.00100762 0.00782689 0.0361232 0.100455 0.174702 0.206574 0.188281 0.142351 0.086079 0.0393878 0.0132827 0.0032282 0.000550371 6.42914e-05 5.05054e-06 2.62311e-07 8.86232e-09 1.91982e-10 2.63444e-12 2.26711e-14
 1.33106e-11 1.44477e-09 9.24714e-08 3.49025e-06 7.77039e-05 0.00102103 0.00793261 0.0366204 0.101833 0.17677 0.207557 0.186739 0.139958 0.0850425 0.0393552 0.0133087 0.00318925 0.00052775 5.91691e-05 4.42727e-06 2.1781e-07 6.9403e-09 1.41259e-10 1.8149e-12 1.45756e-14
 1.34564e-11 1.46061e-09 9.34865e-08 3.52871e-06 7.85676e-05 0.00103261 0.00802662 0.0370937 0.103353 0.179891 0.211318 0.188344 0.137861 0.0811914 0.0364491 0.0120205 0.00282393 0.00045857 5.02061e-05 3.63506e-06 1.71289e-07 5.1814e-09 9.94451e-11 1.19906e-12 9.00645e-15
#pred catch len freq
 1.04977e-11 1.13942e-09 7.29227e-08 2.75188e-06 6.1233e-05 0.000803422 0.00621676 0.0283895 0.0767903 0.125283 0.133902 0.121397 0.12091 0.111769 0.0830753 0.0562842 0.038599 0.0264521 0.018524 0.0136306 0.0107432 0.00918362 0.00805953 0.00625822 0.00366527
 1.28286e-11 1.39242e-09 8.91146e-08 3.36291e-06 7.48292e-05 0.000981805 0.00759676 0.0346844 0.0937207 0.152126 0.158958 0.134984 0.124339 0.109224 0.0757999 0.0453619 0.026286 0.0145168 0.00790902 0.00460032 0.00296443 0.00215344 0.00170267 0.00126892 0.000742848
 1.40801e-11 1.52826e-09 9.78083e-08 3.69098e-06 8.21292e-05 0.00107758 0.00833771 0.0380641 0.10281 0.166527 0.172351 0.142056 0.125503 0.106121 0.0687112 0.0359418 0.0176653 0.00818519 0.00351583 0.00149979 0.000689832 0.000371129 0.000238019 0.00015947 8.9848e-05
 1.38994e-11 1.50865e-09 9.65532e-08 3.64362e-06 8.10753e-05 0.00106376 0.00823082 0.037578 0.101523 0.164654 0.171398 0.143764 0.129673 0.110118 0.0702308 0.0352156 0.0161072 0.00670228 0.00242404 0.000805609 0.000263982 9.25086e-05 3.93553e-05 2.04341e-05 1.03125e-05
 1.46091e-11 1.58567e-09 1.01483e-07 3.82965e-06 8.52146e-05 0.00111806 0.00865083 0.0394915 0.106636 0.17249 0.177422 0.143414 0.12345 0.102897 0.0658255 0.0335211 0.0155303 0.00638774 0.00219293 0.000650914 0.000174099 4.33726e-05 1.11187e-05 3.45149e-06 1.28853e-06
 1.05285e-11 1.14277e-09 7.31372e-08 2.75997e-06 6.14134e-05 0.000805802 0.00623573 0.0284889 0.0772345 0.127419 0.142718 0.145272 0.159119 0.144805 0.092367 0.0446936 0.019427 0.00771901 0.00262056 0.000764981 0.000193597 4.20413e-05 8.01713e-06 1.46373e-06 3.01165e-07
 1.00042e-11 1.08586e-09 6.94951e-08 2.62253e-06 5.83551e-05 0.000765674 0.0059252 0.0270702 0.0733883 0.121075 0.135634 0.138287 0.152717 0.143001 0.0990759 0.0564991 0.0289215 0.0121767 0.00399239 0.00108624 0.000259693 5.38663e-05 9.43084e-06 1.38344e-06 1.77629e-07
 1.49071e-11 1.61802e-09 1.03553e-07 3.90777e-06 8.69528e-05 0.00114086 0.00882708 0.0402919 0.10874 0.175433 0.178304 0.138713 0.1138 0.0948469 0.0650851 0.0384911 0.0210478 0.00984992 0.00377173 0.00119006 0.000302802 6.14462e-05 1.01686e-05 1.38526e-06 1.53158e-07
 1.51639e-11 1.6459e-09 1.05337e-07 3.97511e-06 8.84513e-05 0.00116053 0.00897935 0.04099 0.110665 0.178874 0.183353 0.146494 0.123659 0.100477 0.0606154 0.027143 0.0108494 0.00430002 0.00160832 0.000540769 0.000154916 3.57844e-05 6.43122e-06 8.84552e-07 9.32255e-08
 1.32603e-11 1.43928e-09 9.21136e-08 3.47608e-06 7.73475e-05 0.00101485 0.00785264 0.0358567 0.0969446 0.157811 0.166989 0.146894 0.139656 0.119856 0.0737989 0.0335512 0.0132081 0.0046637 0.00136767 0.000346877 8.44227e-05 1.94132e-05 3.80523e-06 5.83028e-07 6.64298e-08
 1.26655e-11 1.37472e-09 8.7982e-08 3.32017e-06 7.38782e-05 0.000969334 0.0075005 0.0342503 0.0926217 0.150939 0.160493 0.143207 0.138822 0.121962 0.079351 0.0407668 0.0187497 0.00734733 0.00225044 0.000553165 0.000115211 2.08408e-05 3.38718e-06 4.92389e-07 5.89252e-08
 1.35196e-11 1.46742e-09 9.39147e-08 3.54405e-06 7.88598e-05 0.00103469 0.00800598 0.0365533 0.098778 0.160393 0.167858 0.14309 0.131722 0.113257 0.0732656 0.037681 0.0176365 0.00728665 0.00247167 0.000691623 0.000158309 2.87827e-05 4.17545e-06 4.9825e-07 5.01199e-08
 1.39215e-11 1.51105e-09 9.6707e-08 3.64942e-06 8.12044e-05 0.00106545 0.00824396 0.0376388 0.101697 0.165014 0.172134 0.145267 0.13182 0.111569 0.0697515 0.0333386 0.0142729 0.00557147 0.00184907 0.000525161 0.000128119 2.57518e-05 4.09001e-06 4.98836e-07 4.62955e-08
 1.33243e-11 1.44623e-09 9.25583e-08 3.49287e-06 7.77209e-05 0.00101975 0.00789051 0.0360288 0.0973985 0.158458 0.167251 0.146084 0.137895 0.11836 0.0736177 0.0343966 0.0141465 0.00523158 0.00160712 0.000416443 9.52178e-05 1.89261e-05 3.13579e-06 4.13025e-07 4.12619e-08
 1.21211e-11 1.31563e-09 8.42001e-08 3.17745e-06 7.07026e-05 0.000927673 0.00717832 0.0327835 0.0887158 0.145062 0.156511 0.145239 0.146299 0.129349 0.0821167 0.0397265 0.0170345 0.00642237 0.00195109 0.000485129 0.000103416 1.88703e-05 2.91283e-06 3.73813e-07 3.82607e-08
 1.2804e-11 1.38975e-09 8.89441e-08 3.35648e-06 7.46861e-05 0.000979934 0.00758251 0.0346244 0.093629 0.152544 0.162031 0.144132 0.139105 0.121488 0.0779305 0.0389075 0.0173905 0.00677765 0.00211908 0.000540769 0.000116063 2.06139e-05 2.99407e-06 3.552e-07 3.39725e-08
 1.32422e-11 1.43732e-09 9.19881e-08 3.47135e-06 7.72421e-05 0.00101347 0.00784193 0.0358076 0.096809 0.157568 0.166628 0.14633 0.138927 0.1194 0.0740372 0.0343092 0.0139768 0.00516034 0.00159286 0.000409917 8.95425e-05 1.61948e-05 2.36628e-06 2.75043e-07 2.5012e-08
 1.38908e-11 1.50771e-09 9.64932e-08 3.64136e-06 8.10249e-05 0.0010631 0.00822579 0.0375567 0.101487 0.164775 0.172355 0.146616 0.13416 0.113391 0.0696976 0.0318251 0.0126189 0.00446992 0.00129237 0.00030567 6.25175e-05 1.10325e-05 1.6189e-06 1.90606e-07 1.74166e-08
 1.39104e-11 1.50984e-09 9.66296e-08 3.6465e-06 8.11395e-05 0.0010646 0.00823741 0.0376096 0.101628 0.164988 0.172499 0.146546 0.133893 0.113126 0.0695958 0.0318605 0.0126827 0.00450648 0.00130226 0.000304132 5.98536e-05 9.90233e-06 1.35863e-06 1.53359e-07 1.38485e-08
 1.39232e-11 1.51123e-09 9.67183e-08 3.64985e-06 8.1214e-05 0.00106558 0.00824499 0.0376446 0.101728 0.16519 0.172901 0.147349 0.135015 0.113817 0.069177 0.0306933 0.0116585 0.00399 0.00112462 0.000256761 4.94512e-05 7.99236e-06 1.05665e-06 1.12743e-07 9.56455e-09
 1.44097e-11 1.56404e-09 1.00098e-07 3.7774e-06 8.40521e-05 0.00110281 0.00853296 0.0389563 0.10523 0.170534 0.176895 0.14673 0.130161 0.108432 0.066207 0.0299434 0.0116886 0.00405599 0.00113386 0.000252451 4.71462e-05 7.41388e-06 9.56569e-07 9.94109e-08 8.14e-09
 1.46578e-11 1.59097e-09 1.01822e-07 3.84244e-06 8.54993e-05 0.0011218 0.00867982 0.0396257 0.107024 0.173322 0.17923 0.147234 0.128926 0.106484 0.0642861 0.0283572 0.0106877 0.00363393 0.00101838 0.000230039 4.33306e-05 6.74782e-06 8.49128e-07 8.56416e-08 6.81425e-09
 1.47262e-11 1.59838e-09 1.02296e-07 3.86034e-06 8.58977e-05 0.00112703 0.00872027 0.0398104 0.107523 0.174133 0.180081 0.147949 0.129469 0.106548 0.0635457 0.0271368 0.00968593 0.00312514 0.000836676 0.000179912 3.25382e-05 4.98205e-06 6.25438e-07 6.26933e-08 4.89897e-09
 1.49695e-11 1.6248e-09 1.03987e-07 3.92415e-06 8.73174e-05 0.00114565 0.00886434 0.0404669 0.109279 0.176845 0.182261 0.14814 0.127803 0.104363 0.0618524 0.0260617 0.00907556 0.00284153 0.000732099 0.000148427 2.49231e-05 3.55687e-06 4.22309e-07 4.08466e-08 3.13763e-09
 1.52427e-11 1.65445e-09 1.05884e-07 3.99575e-06 8.89105e-05 0.00116655 0.00902599 0.0412032 0.111245 0.179846 0.18451 0.147813 0.125107 0.101353 0.0601634 0.0256012 0.00906938 0.00287889 0.000744637 0.000150066 2.46916e-05 3.38255e-06 3.77619e-07 3.40219e-08 2.45237e-09
 1.4891e-11 1.61628e-09 1.03442e-07 3.90357e-06 8.68595e-05 0.00113965 0.00881789 0.0402556 0.108719 0.176022 0.181803 0.148753 0.129368 0.105745 0.0621033 0.0254512 0.00843082 0.00252046 0.000631897 0.000125179 2.02994e-05 2.73824e-06 2.99004e-07 2.59674e-08 1.77311e-09
 1.54519e-11 1.67716e-09 1.07338e-07 4.0506e-06 9.0131e-05 0.00118257 0.00914985 0.0417679 0.11276 0.182214 0.186559 0.148458 0.124406 0.0999499 0.0584811 0.0239791 0.00794393 0.0023542 0.000573703 0.000107496 1.62231e-05 2.06347e-06 2.17375e-07 1.84303e-08 1.22873e-09
 1.60287e-11 1.73976e-09 1.11344e-07 4.2018e-06 9.34953e-05 0.00122671 0.00949124 0.0433234 0.116919 0.188612 0.191593 0.148549 0.119898 0.0943637 0.0545403 0.0218687 0.00695721 0.00198361 0.000474007 8.78965e-05 1.30375e-05 1.59797e-06 1.58802e-07 1.26072e-08 7.9598e-10
#obs catch len freq
 1.08706e-11 1.1799e-09 7.55136e-08 2.84965e-06 6.34088e-05 0.00083198 0.0064381 0.0294077 0.0796329 0.130532 0.14191 0.133615 0.137438 0.129146 0.0962395 0.0604111 0.0328161 0.014578 0.00514387 0.00143188 0.000306725 4.8815e-05 5.5829e-06 4.44888e-07 2.40215e-08
 1.11669e-11 1.21207e-09 7.7572e-08 2.92733e-06 6.51373e-05 0.000854663 0.00661371 0.0302112 0.0818177 0.13412 0.145556 0.13567 0.137024 0.126852 0.0934805 0.057834 0.0307028 0.0132257 0.0044914 0.00119414 0.000242665 3.64155e-05 3.90529e-06 2.90366e-07 1.45643e-08
 1.71773e-11 1.86444e-09 1.19324e-07 4.50291e-06 0.000100196 0.00131461 0.0101712 0.0464215 0.125184 0.201028 0.199327 0.140658 0.0966007 0.072927 0.0505348 0.0304827 0.0157926 0.00661032 0.00216735 0.000551527 0.000106337 1.50272e-05 1.50849e-06 1.04497e-07 4.86557e-09
 1.43759e-11 1.56037e-09 9.98638e-08 3.76856e-06 8.38557e-05 0.00110026 0.00851391 0.0388826 0.105169 0.171225 0.179874 0.151336 0.1315 0.104857 0.0624394 0.0283145 0.0111547 0.00398307 0.00120886 0.000292024 5.34604e-05 7.12914e-06 6.70738e-07 4.32975e-08 1.87047e-09
 1.71721e-11 1.86387e-09 1.19287e-07 4.50154e-06 0.000100165 0.00131423 0.0101686 0.0464174 0.125258 0.201695 0.201985 0.146365 0.103118 0.0757722 0.0480173 0.0248862 0.0104991 0.00339729 0.000821202 0.000154466 2.33928e-05 2.76385e-06 2.3882e-07 1.43065e-08 5.73549e-10
 1.57568e-11 1.71026e-09 1.09456e-07 4.13054e-06 9.19105e-05 0.00120594 0.00933163 0.0426134 0.115193 0.186891 0.192865 0.15258 0.120463 0.0902248 0.0524744 0.0235539 0.00887123 0.00279863 0.000691376 0.000127512 1.71417e-05 1.66442e-06 1.16753e-07 5.8696e-09 2.05847e-10
 6.56642e-12 7.12723e-10 4.56143e-08 1.72137e-06 3.83048e-05 0.000502707 0.00389397 0.017864 0.0492788 0.0869629 0.118638 0.159483 0.195296 0.175339 0.110822 0.0533794 0.0206614 0.00619471 0.0013819 0.000230209 2.87747e-05 2.62958e-06 1.69056e-07 7.43216e-09 2.19986e-10
 1.53378e-11 1.66478e-09 1.06546e-07 4.0207e-06 8.94661e-05 0.00117386 0.00908286 0.0414657 0.111931 0.180358 0.180722 0.131214 0.0968026 0.0856574 0.0740197 0.0512189 0.0253097 0.00856596 0.00200767 0.000333803 3.9635e-05 3.32459e-06 1.94102e-07 7.76854e-09 2.09239e-10
 1.75546e-11 1.90538e-09 1.21944e-07 4.60181e-06 0.000102397 0.00134354 0.0103962 0.0474706 0.128234 0.207184 0.209254 0.152856 0.104179 0.0694286 0.038686 0.0183197 0.00817355 0.00320497 0.000944239 0.0001904 2.53895e-05 2.22325e-06 1.28067e-07 4.85597e-09 1.2072e-10
 1.55093e-11 1.68339e-09 1.07737e-07 4.06567e-06 9.04679e-05 0.00118707 0.00918697 0.0419772 0.113708 0.185749 0.195307 0.15895 0.124991 0.0893677 0.0492082 0.020696 0.0070502 0.00197542 0.00045388 8.44615e-05 1.19144e-05 1.1661e-06 7.45494e-08 3.02557e-09 7.71054e-11
 1.42926e-11 1.55133e-09 9.92853e-08 3.74674e-06 8.33719e-05 0.00109399 0.00846766 0.0387086 0.105041 0.172722 0.185562 0.158658 0.132199 0.0992596 0.0584922 0.0268716 0.00965454 0.00259458 0.00050656 7.28915e-05 7.92539e-06 6.4865e-07 3.83836e-08 1.55307e-09 4.09276e-11
 1.39466e-11 1.51377e-09 9.68812e-08 3.65603e-06 8.13538e-05 0.00106753 0.00826353 0.0377859 0.102633 0.169255 0.183216 0.158549 0.13321 0.100963 0.0610212 0.0291984 0.0109625 0.00307325 0.000619562 8.84639e-05 8.84807e-06 6.13642e-07 2.93755e-08 9.67832e-10 2.17099e-11
 1.6544e-11 1.79569e-09 1.14924e-07 4.33692e-06 9.6504e-05 0.00126628 0.00980032 0.0447797 0.121247 0.19739 0.203791 0.155836 0.111424 0.0769348 0.0451134 0.0214417 0.00805521 0.002277 0.000467008 6.8057e-05 6.89173e-06 4.7333e-07 2.16208e-08 6.48219e-10 1.26476e-11
 1.5127e-11 1.64189e-09 1.05081e-07 3.96548e-06 8.82404e-05 0.00115793 0.00896401 0.0409972 0.111394 0.183629 0.197268 0.164769 0.128305 0.0880221 0.047046 0.0196194 0.00659303 0.00174298 0.000345625 4.95267e-05 4.96881e-06 3.38907e-07 1.53354e-08 4.51627e-10 8.52671e-12
 1.28159e-11 1.39105e-09 8.90275e-08 3.35969e-06 7.47625e-05 0.000981174 0.00759868 0.0348032 0.0950583 0.159538 0.180824 0.168218 0.146283 0.107719 0.0609836 0.0265116 0.00880586 0.00216003 0.000383541 4.92385e-05 4.52845e-06 2.90504e-07 1.25834e-08 3.57927e-10 6.54629e-12
 1.21863e-11 1.32271e-09 8.46537e-08 3.19464e-06 7.10909e-05 0.000933037 0.00722709 0.0331186 0.0905992 0.152718 0.174828 0.165272 0.146951 0.112827 0.0684848 0.032183 0.0113362 0.00287002 0.00051064 6.32895e-05 5.41109e-06 3.14982e-07 1.23145e-08 3.18778e-10 5.37787e-12
 1.36534e-11 1.48195e-09 9.4845e-08 3.57923e-06 7.96487e-05 0.00104532 0.00809551 0.0370732 0.101135 0.168639 0.186314 0.163182 0.133862 0.0987978 0.0596774 0.0284685 0.0103272 0.00272301 0.000505607 6.46279e-05 5.56935e-06 3.17796e-07 1.18458e-08 2.85493e-10 4.41014e-12
 1.3595e-11 1.47562e-09 9.444e-08 3.56398e-06 7.93111e-05 0.00104097 0.00806383 0.0369571 0.101059 0.169648 0.190281 0.169577 0.13781 0.0967173 0.0540959 0.0238936 0.0082163 0.00211236 0.000390502 5.02833e-05 4.38092e-06 2.51839e-07 9.36634e-09 2.22096e-10 3.32085e-12
 1.40785e-11 1.52809e-09 9.77986e-08 3.69074e-06 8.21327e-05 0.00107803 0.00835132 0.0382767 0.104646 0.175333 0.194939 0.169739 0.133902 0.0921623 0.0507427 0.0216989 0.00703882 0.00167962 0.000288492 3.4998e-05 2.92304e-06 1.63298e-07 5.94804e-09 1.38462e-10 2.02919e-12
 1.43116e-11 1.5534e-09 9.94183e-08 3.75189e-06 8.34953e-05 0.00109598 0.00849178 0.0389377 0.106567 0.178924 0.199283 0.17246 0.132948 0.0882448 0.0465245 0.0189897 0.00587445 0.00133086 0.00021472 2.41823e-05 1.86411e-06 9.63339e-08 3.27122e-09 7.16652e-11 9.96706e-13
 1.43665e-11 1.55935e-09 9.98e-08 3.76633e-06 8.38188e-05 0.0011003 0.00852708 0.0391209 0.107213 0.180516 0.20183 0.174539 0.132864 0.0862791 0.0441961 0.0173479 0.00510447 0.00109116 0.000165223 1.73843e-05 1.24577e-06 5.95346e-08 1.86149e-09 3.74785e-11 4.79465e-13
 1.45672e-11 1.58114e-09 1.01195e-07 3.819e-06 8.49932e-05 0.0011158 0.00864866 0.0396953 0.10888 0.18354 0.205077 0.17578 0.131156 0.0831615 0.0415356 0.0158023 0.0044666 0.000908916 0.000129861 1.27892e-05 8.52469e-07 3.77279e-08 1.08905e-09 2.01917e-11 2.37365e-13
 1.50045e-11 1.62861e-09 1.04233e-07 3.9337e-06 8.75479e-05 0.0011494 0.00891013 0.040904 0.112214 0.188983 0.209844 0.176392 0.127379 0.0780267 0.0376889 0.0138271 0.00375172 0.000729455 9.90167e-05 9.20119e-06 5.74641e-07 2.36812e-08 6.33362e-10 1.08397e-11 1.17314e-13
 1.47674e-11 1.60288e-09 1.02587e-07 3.87166e-06 8.61718e-05 0.0011315 0.00877498 0.0403268 0.11093 0.187988 0.211157 0.179631 0.129452 0.0776108 0.0362023 0.0127206 0.00329088 0.000608529 7.83334e-05 6.87642e-06 4.03926e-07 1.55878e-08 3.88743e-10 6.17943e-12 6.19011e-14
 1.47427e-11 1.6002e-09 1.02417e-07 3.86529e-06 8.60344e-05 0.00112984 0.00876494 0.0403112 0.111071 0.188802 0.212848 0.180999 0.12926 0.0763473 0.0349204 0.0119157 0.00295534 0.000518172 6.27793e-05 5.1642e-06 2.83553e-07 1.02113e-08 2.37265e-10 3.50773e-12 3.26182e-14
 1.46834e-11 1.59377e-09 1.02005e-07 3.84987e-06 8.56967e-05 0.00112559 0.00873544 0.0402131 0.111028 0.189459 0.214671 0.182732 0.129241 0.074939 0.03349 0.0111101 0.00266271 0.000448072 5.16942e-05 4.01523e-06 2.06595e-07 6.93242e-09 1.4955e-10 2.04847e-12 1.76287e-14
 1.34088e-11 1.45543e-09 9.3154e-08 3.51604e-06 7.82797e-05 0.00102866 0.00799315 0.0369159 0.102768 0.178819 0.210645 0.18923 0.139472 0.0818428 0.0362269 0.0117516 0.00272982 0.000442317 4.88567e-05 3.61204e-06 1.75824e-07 5.54842e-09 1.11951e-10 1.42756e-12 1.13942e-14
 1.35934e-11 1.47548e-09 9.4438e-08 3.56459e-06 7.93651e-05 0.00104304 0.00810648 0.0374482 0.104236 0.181003 0.211685 0.187698 0.137072 0.0807121 0.0360592 0.0117078 0.00267804 0.000420771 4.45697e-05 3.13596e-06 1.44488e-07 4.29734e-09 8.14217e-11 9.71702e-13 7.23581e-15
#spawning biomass
 2764.03 4147.23 6628.84 11542.1 21466.1 28895.8 25368.6 32257.7 48211.6 66378 91327.1 118078 144255 166957 176923 165408 140293 129732 140014 133872 143858 157912 158410 155662 170709 161047 147123 137490 111363 142323 80718.9 40053.6 24713.6 19810 18364.9 17960.8 17851.9 17823.3 17816 17814.1 17813.7 17813.5 17813.5 17813.5 17813.5 17813.5 17813.5 17813.5 17813.5 17813.5 17813.5 17813.5 17813.5 17813.5 17813.5 17813.5 17813.5 17813.5 17813.5 17813.5 17813.5 17813.5 17813.5 17813.5 17813.5 17813.5 17813.5 17813.5 17813.5 17813.5 17813.5 17813.5 17813.5 17813.5 17813.5 17813.5 17813.5 17813.5 17813.5 17813.5 17813.5 17813.5 17813.5 17813.5 17813.5 17813.5 17813.5 17813.5 17813.5 17813.5 17813.5 17813.5 17813.5 17813.5 17813.5 17813.5 17813.5 17813.5 17813.5 17813.5 17813.5 17813.5 17813.5 17813.5 17813.5 17813.5 17813.5 17813.5 17813.5 17813.5 17813.5 17813.5 17813.5 17813.5 17813.5 17813.5 17813.5 17813.5 17813.5 17813.5 17813.5 17813.5 17813.5 17813.5 17813.5 17813.5 17813.5 17813.5 0 0 0 0 0 0 0 0 0 0 0 0 0 0 0 0 0 0 0 0 0 0 0 0 0
