SBPRF35
0.0701894
Curr Bio
185069
B35
107085
F35
3.80924
FOFL
3.80924
OFL
128372
Bzero
20047.9
#pred survey bio
 17988.9 14491 12398.4 16524.2 21645.2 21640 24722.3 34931.7 45742.2 63419.4 78574.5 91634.7 117858 159933 151486 122009 99972.8 102684 110682 102512 107997 116105 127034 141194 124497 140251 141649 126066 2.82449e+06 1.66781e+06 447131 256800 184550 153041 139173 133112 130488 129360 128880 128676 128590 128554 128539 128533 128530 128529 128529 128529 128528 128528 128528 128528 128528 128528 128528 128528 128528 128528 128528 128528 128528 128528 128528 128528 128528 128528 128528 128528 128528 128528 128528 128528 128528 128528 128528 128528 128528 128528 128528 128528 128528 128528 128528 128528 128528 128528 128528 128528 128528 128528 128528 128528 128528 128528 128528 128528 128528 128528 128528 128528 128528 128528 128528 128528 128528 128528 128528 128528 128528 128528 128528 128528 128528 128528 128528 128528 128528 128528 128528 128528 128528 128528 128528 128528 128528 128528 128528 128528 0 0 0 0 0 0 0 0 0 0 0 0 0 0 0 0 0 0 0 0 0 0 0 0 0
#obs survey bio
 14942.5 10321.7 11088.1 17396.2 14882.7 20322.5 30497.9 38287.4 53677.4 59712.7 98340.5 103534 145155 165706 129975 114000 94611.4 109665 157384 133428 100296 93571.4 110020 111262 120607 159393 139879 124618
#pred catch bio
 7410.08 8063.06 6596.74 8446.78 13165.9 13152.3 13454.8 21690.5 25468.5 40993.4 52693.6 57366.5 64297.8 107122 105631 92199.4 71666.2 70874 85212.4 72634 80339.3 88577.8 97813.8 130734 97093.1 111649 120311 105966 128372 53414.3 5605.36 4866.22 4856.55 4856.43 4856.43 4856.43 4856.43 4856.43 4856.43 4856.43 4856.43 4856.43 4856.43 4856.43 4856.43 4856.43 4856.43 4856.43 4856.43 4856.43 4856.43 4856.43 4856.43 4856.43 4856.43 4856.43 4856.43 4856.43 4856.43 4856.43 4856.43 4856.43 4856.43 4856.43 4856.43 4856.43 4856.43 4856.43 4856.43 4856.43 4856.43 4856.43 4856.43 4856.43 4856.43 4856.43 4856.43 4856.43 4856.43 4856.43 4856.43 4856.43 4856.43 4856.43 4856.43 4856.43 4856.43 4856.43 4856.43 4856.43 4856.43 4856.43 4856.43 4856.43 4856.43 4856.43 4856.43 4856.43 4856.43 4856.43 4856.43 4856.43 4856.43 4856.43 4856.43 4856.43 4856.43 4856.43 4856.43 4856.43 4856.43 4856.43 4856.43 4856.43 4856.43 4856.43 4856.43 4856.43 4856.43 4856.43 4856.43 4856.43 4856.43 4856.43 4856.43 4856.43 4856.43 4856.43 0 0 0 0 0 0 0 0 0 0 0 0 0 0 0 0 0 0 0 0 0 0 0 0 0
#obs catch bio
 9321.55 9066.41 7439.81 8663.03 15651.1 13512.8 13421.6 21166.3 24552.7 41175.9 52033.8 55754.2 61082.6 102109 103722 98908.3 72010.7 68972.2 81553.2 65896.3 77576.1 82466.4 93446.3 129543 89643.4 103910 110874 106032
#pred cpue bio
 18137.2 14764.7 12044.6 15888.4 21777.2 21452.9 23981.6 33625.9 44527.7 61313.6 76735.1 89667.5 113321 158421 154077 123059 98775 100774 109485 101677 105428 113476 122984 137785 120765 136499 140148 123408 2.75277e+06 1.89184e+06 447043 253525 181179 149667 135799 129738 127114 125986 125506 125302 125216 125180 125165 125159 125156 125155 125155 125154 125154 125154 125154 125154 125154 125154 125154 125154 125154 125154 125154 125154 125154 125154 125154 125154 125154 125154 125154 125154 125154 125154 125154 125154 125154 125154 125154 125154 125154 125154 125154 125154 125154 125154 125154 125154 125154 125154 125154 125154 125154 125154 125154 125154 125154 125154 125154 125154 125154 125154 125154 125154 125154 125154 125154 125154 125154 125154 125154 125154 125154 125154 125154 125154 125154 125154 125154 125154 125154 125154 125154 125154 125154 125154 125154 125154 125154 125154 125154 125154 0 0 0 0 0 0 0 0 0 0 0 0 0 0 0 0 0 0 0 0 0 0 0 0 0
#obs cpue bio
 9347.77 10917.8 9084.24 11849.4 17281.1 28060.7 21299.9 35710.1 41773 60366.2 67203.8 95753.2 105306 200260 164381 96668.4 103762 111545 104136 120485 111795 199977 152777 195248 170696 157285 208717 110967
#pred surv len freq
 1.03795e-11 1.1266e-09 7.2102e-08 2.72091e-06 6.05439e-05 0.000794385 0.00614703 0.0280756 0.0760031 0.124497 0.135373 0.12838 0.133185 0.123021 0.0874144 0.0543384 0.0340168 0.0214578 0.0138887 0.00954346 0.007104 0.00580324 0.00493779 0.00376822 0.00218762
 1.0246e-11 1.1121e-09 7.11745e-08 2.68591e-06 5.97652e-05 0.000784173 0.00606822 0.0277204 0.0751077 0.123561 0.136807 0.135645 0.146127 0.135216 0.0928281 0.053295 0.0297382 0.0160985 0.00853589 0.00469434 0.00280119 0.00188795 0.00141251 0.00102016 0.000588132
 1.39118e-11 1.50999e-09 9.66392e-08 3.64686e-06 8.11475e-05 0.0010647 0.00823807 0.0376096 0.101588 0.164595 0.170569 0.141158 0.125417 0.106554 0.0695863 0.0371599 0.0189671 0.00931194 0.00430314 0.0019375 0.000888534 0.000447745 0.000263433 0.000166249 9.09406e-05
 1.47169e-11 1.59738e-09 1.02232e-07 3.85793e-06 8.58439e-05 0.00112632 0.00871474 0.0397839 0.107434 0.17385 0.179139 0.145557 0.125787 0.103739 0.063645 0.029597 0.0125948 0.00535385 0.00219452 0.0008613 0.000324694 0.000121986 5.03559e-05 2.41063e-05 1.14815e-05
 1.21546e-11 1.31927e-09 8.44329e-08 3.18624e-06 7.08981e-05 0.000930239 0.0071982 0.0328748 0.0889697 0.145532 0.15727 0.14652 0.147935 0.130105 0.0809164 0.0373905 0.015332 0.00592048 0.00206056 0.000669127 0.000210666 6.38988e-05 1.90884e-05 6.13008e-06 2.16728e-06
 1.29607e-11 1.40676e-09 9.00325e-08 3.39755e-06 7.56e-05 0.000991924 0.00767526 0.0350475 0.094766 0.15434 0.163672 0.144904 0.138986 0.120574 0.0762332 0.0369917 0.0161766 0.00646008 0.00220983 0.000659565 0.000176943 4.33418e-05 9.96972e-06 2.23275e-06 5.16705e-07
 1.42605e-11 1.54784e-09 9.90616e-08 3.73828e-06 8.31816e-05 0.00109139 0.0084446 0.0385532 0.104145 0.168808 0.175255 0.145765 0.129825 0.108639 0.0670541 0.031298 0.0131443 0.00524378 0.00186701 0.00058128 0.000155288 3.49943e-05 6.74516e-06 1.14751e-06 1.80428e-07
 1.46786e-11 1.59322e-09 1.01966e-07 3.84787e-06 8.56201e-05 0.00112338 0.00869205 0.0396807 0.107161 0.173458 0.178967 0.146008 0.126848 0.104851 0.0642828 0.0296565 0.0121849 0.00471066 0.0016185 0.000494803 0.000134239 3.10259e-05 5.89383e-06 9.05581e-07 1.1376e-07
 1.41858e-11 1.53973e-09 9.85428e-08 3.7187e-06 8.27459e-05 0.00108568 0.00840045 0.0383531 0.103624 0.168122 0.175282 0.147626 0.133289 0.111364 0.0669832 0.029126 0.0109187 0.00393074 0.00129668 0.000383068 0.000100509 2.27782e-05 4.33636e-06 6.68955e-07 8.07406e-08
 1.44585e-11 1.56933e-09 1.00437e-07 3.79018e-06 8.43363e-05 0.00110654 0.00856179 0.0390873 0.105576 0.171028 0.177098 0.14612 0.128813 0.107227 0.0659176 0.0304335 0.0123774 0.00459566 0.00145183 0.000396513 9.72352e-05 2.10232e-05 3.86794e-06 5.84809e-07 7.00266e-08
 1.40255e-11 1.52233e-09 9.7429e-08 3.67667e-06 8.18107e-05 0.00107341 0.00830556 0.0379208 0.10247 0.166363 0.173973 0.14785 0.134922 0.113169 0.0679756 0.0293702 0.0108953 0.00388713 0.00126721 0.000361988 8.84414e-05 1.80919e-05 3.10664e-06 4.44449e-07 5.12786e-08
 1.39159e-11 1.51044e-09 9.66678e-08 3.64794e-06 8.11715e-05 0.00106502 0.0082407 0.0376253 0.10168 0.165148 0.173019 0.147843 0.135809 0.114309 0.0688548 0.0298731 0.0110512 0.00382216 0.0011679 0.000313347 7.54027e-05 1.57173e-05 2.70335e-06 3.72361e-07 4.05018e-08
 1.47819e-11 1.60443e-09 1.02683e-07 3.87496e-06 8.62228e-05 0.00113129 0.00875323 0.0399599 0.107914 0.174664 0.18015 0.146803 0.127253 0.104752 0.0634774 0.0283987 0.0110429 0.00396823 0.00122709 0.000323763 7.43405e-05 1.46665e-05 2.44653e-06 3.35637e-07 3.62776e-08
 1.31536e-11 1.42769e-09 9.13721e-08 3.4481e-06 7.67249e-05 0.00100668 0.00778946 0.0355689 0.0961752 0.15663 0.166071 0.146909 0.140509 0.120796 0.074266 0.0336856 0.013393 0.00495785 0.00159514 0.0004397 0.000103676 2.03535e-05 3.28022e-06 4.29997e-07 4.49405e-08
 1.15341e-11 1.25192e-09 8.01227e-08 3.02359e-06 6.7279e-05 0.000882758 0.00683099 0.0312024 0.0845081 0.138752 0.152343 0.14777 0.154852 0.137541 0.0847198 0.0379158 0.0147743 0.00542243 0.00176319 0.000499234 0.000122241 2.49867e-05 4.14219e-06 5.44211e-07 5.55288e-08
 1.19791e-11 1.30022e-09 8.32139e-08 3.14024e-06 6.98746e-05 0.000916811 0.00709434 0.0324014 0.0877029 0.143574 0.155684 0.146346 0.149102 0.131745 0.0823619 0.0384314 0.0158705 0.00602036 0.00195829 0.000549269 0.000134817 2.81342e-05 4.82416e-06 6.5722e-07 6.88277e-08
 1.33715e-11 1.45134e-09 9.28859e-08 3.50523e-06 7.7996e-05 0.00102336 0.00791847 0.0361572 0.0977554 0.159118 0.168308 0.147866 0.140206 0.119586 0.072318 0.031527 0.0118675 0.00429898 0.00142352 0.00041525 0.000104165 2.18066e-05 3.75391e-06 5.20142e-07 5.60437e-08
 1.37702e-11 1.49462e-09 9.56554e-08 3.60974e-06 8.03215e-05 0.00105387 0.00815445 0.0372325 0.100632 0.163552 0.171848 0.148096 0.137367 0.115987 0.0697081 0.0299945 0.0109561 0.0037652 0.00115725 0.000315144 7.72904e-05 1.64697e-05 2.90186e-06 4.07181e-07 4.42715e-08
 1.33229e-11 1.44607e-09 9.25483e-08 3.49249e-06 7.77125e-05 0.00101964 0.00788971 0.0360263 0.0974076 0.1586 0.167987 0.148145 0.141045 0.120443 0.0727212 0.0314737 0.0115802 0.00397768 0.00120022 0.000312718 7.17272e-05 1.4304e-05 2.43113e-06 3.41028e-07 3.76659e-08
 1.32367e-11 1.43672e-09 9.19497e-08 3.4699e-06 7.72099e-05 0.00101305 0.00783874 0.0357946 0.0967959 0.157722 0.167604 0.149148 0.143267 0.122301 0.0728684 0.0303501 0.0104609 0.00341007 0.00101011 0.000261945 5.92159e-05 1.13712e-05 1.82187e-06 2.4057e-07 2.55598e-08
 1.40375e-11 1.52364e-09 9.75128e-08 3.67983e-06 8.18811e-05 0.00107433 0.0083127 0.0379533 0.102556 0.166486 0.174027 0.147715 0.134645 0.113027 0.0681762 0.0297181 0.0110271 0.00375936 0.00109597 0.000270406 5.85961e-05 1.10052e-05 1.72858e-06 2.20374e-07 2.22424e-08
 1.40481e-11 1.52478e-09 9.7586e-08 3.68259e-06 8.19425e-05 0.00107514 0.00831897 0.0379825 0.102643 0.166691 0.174537 0.148867 0.136306 0.114045 0.0675318 0.0279882 0.00958433 0.00311595 0.000925578 0.000239409 5.29197e-05 9.71187e-06 1.46599e-06 1.80826e-07 1.77487e-08
 1.45496e-11 1.57921e-09 1.0107e-07 3.81405e-06 8.48676e-05 0.00111351 0.00861578 0.0393348 0.106258 0.172247 0.178882 0.14886 0.132267 0.109152 0.0642421 0.0263607 0.0088204 0.00275182 0.000769748 0.000187208 4.03983e-05 7.5452e-06 1.1623e-06 1.42453e-07 1.35881e-08
 1.41662e-11 1.53761e-09 9.84066e-08 3.71356e-06 8.26316e-05 0.00108418 0.0083889 0.0383014 0.1035 0.168042 0.175762 0.149421 0.13621 0.113489 0.0665888 0.0268821 0.00870349 0.00262036 0.000711852 0.000166858 3.41331e-05 6.01858e-06 8.9409e-07 1.09092e-07 1.04991e-08
 1.45597e-11 1.58031e-09 1.0114e-07 3.8167e-06 8.49265e-05 0.00111429 0.00862181 0.0393633 0.106348 0.172499 0.179636 0.150695 0.134983 0.110907 0.063393 0.0237426 0.00651592 0.00160517 0.00038343 8.40619e-05 1.64338e-05 2.77658e-06 3.92298e-07 4.54039e-08 4.20232e-09
 1.43083e-11 1.55303e-09 9.93936e-08 3.75081e-06 8.34603e-05 0.00109505 0.00847299 0.0386846 0.104524 0.169616 0.176995 0.149425 0.135084 0.112151 0.0657388 0.0264878 0.00847296 0.0024364 0.000591942 0.000114551 1.88144e-05 2.78774e-06 3.64524e-07 3.99664e-08 3.51675e-09
 1.34408e-11 1.45888e-09 9.33678e-08 3.52341e-06 7.84007e-05 0.00102867 0.00795959 0.0363457 0.0982756 0.160048 0.16968 0.149991 0.142921 0.121201 0.0712453 0.0285674 0.00909583 0.0026721 0.000700551 0.000153649 2.78442e-05 4.05272e-06 4.68651e-07 4.44218e-08 3.50256e-09
 1.40303e-11 1.52285e-09 9.74625e-08 3.67793e-06 8.18389e-05 0.00107378 0.00830848 0.0379353 0.102525 0.166575 0.174768 0.149928 0.138079 0.115348 0.0673086 0.0266496 0.00827562 0.00236476 0.000610696 0.00013484 2.55689e-05 4.06135e-06 5.14822e-07 5.03135e-08 3.72855e-09
#obs surv len freq
 1.16289e-11 1.26221e-09 8.07811e-08 3.04843e-06 6.78318e-05 0.000890006 0.00688684 0.0314509 0.085078 0.138769 0.147761 0.131768 0.128694 0.119949 0.0915508 0.0598303 0.0338318 0.0156169 0.0057419 0.0016678 0.000372522 6.17794e-05 7.35783e-06 6.09801e-07 3.41783e-08
 8.35948e-12 9.07343e-10 5.80698e-08 2.19138e-06 4.87617e-05 0.00063982 0.00495197 0.0226381 0.0615422 0.102696 0.119559 0.130788 0.151897 0.149273 0.114286 0.0737585 0.0408154 0.0183248 0.0065123 0.00181484 0.000385929 6.0466e-05 6.75404e-06 5.21731e-07 2.71231e-08
 1.84603e-11 2.00369e-09 1.28236e-07 4.83922e-06 0.000107679 0.00141278 0.0109302 0.0498748 0.134354 0.214666 0.208006 0.134731 0.0785412 0.0565459 0.0452239 0.0330861 0.0195802 0.0088498 0.00307006 0.000822642 0.00016663 2.46804e-05 2.58882e-06 1.8671e-07 9.0186e-09
 8.42789e-12 9.14768e-10 5.85451e-08 2.20932e-06 4.91615e-05 0.000645102 0.00499407 0.0228556 0.0624317 0.106237 0.131524 0.157316 0.184265 0.162436 0.0968033 0.0427669 0.0173112 0.00701779 0.0024999 0.000686699 0.000137245 1.9483e-05 1.9277e-06 1.30029e-07 5.84336e-09
 1.41228e-11 1.5329e-09 9.81054e-08 3.7022e-06 8.23789e-05 0.00108087 0.00836326 0.0381811 0.103093 0.166472 0.16889 0.128914 0.104017 0.0959979 0.0831334 0.0584062 0.0297022 0.0103977 0.0026268 0.000534239 9.16567e-05 1.23118e-05 1.17754e-06 7.59298e-08 3.21448e-09
 1.19654e-11 1.29873e-09 8.31184e-08 3.13664e-06 6.97953e-05 0.000915809 0.00708779 0.0323927 0.0878835 0.144903 0.159331 0.148968 0.143189 0.120402 0.0779809 0.0425602 0.021439 0.00918127 0.00293202 0.000650324 9.89648e-05 1.06055e-05 8.24221e-07 4.61708e-08 1.78816e-09
 1.64338e-11 1.78374e-09 1.14159e-07 4.30802e-06 9.58593e-05 0.00125774 0.00973196 0.0444306 0.119961 0.193533 0.194948 0.143214 0.103139 0.0792572 0.0552362 0.0324106 0.0152579 0.00553918 0.00156964 0.000348879 5.75958e-05 6.5815e-06 4.99485e-07 2.48899e-08 8.16973e-10
 1.34982e-11 1.4651e-09 9.37664e-08 3.53847e-06 7.87368e-05 0.00103314 0.00799597 0.0365429 0.0991078 0.162931 0.176249 0.156151 0.138575 0.108491 0.0644873 0.0303447 0.0123264 0.00424849 0.00115673 0.000237105 3.5643e-05 3.83935e-06 2.87125e-07 1.43624e-08 4.65408e-10
 1.42533e-11 1.54706e-09 9.90117e-08 3.73641e-06 8.31411e-05 0.00109092 0.00844271 0.0385743 0.104481 0.170724 0.180216 0.149876 0.12523 0.100006 0.0659206 0.0349979 0.0145686 0.00452819 0.00104544 0.000183968 2.46428e-05 2.41524e-06 1.65493e-07 7.66307e-09 2.33845e-10
 1.42272e-11 1.54422e-09 9.88303e-08 3.72957e-06 8.29892e-05 0.00108895 0.008428 0.0385169 0.104422 0.171174 0.182365 0.153984 0.128534 0.099293 0.0620443 0.0315202 0.0131053 0.00423116 0.00100986 0.000173585 2.11518e-05 1.80971e-06 1.07827e-07 4.4064e-09 1.20657e-10
 1.28332e-11 1.39292e-09 8.9147e-08 3.36416e-06 7.48592e-05 0.000982314 0.00760411 0.0347768 0.094549 0.156637 0.172739 0.157068 0.140571 0.111321 0.0695685 0.0347383 0.0139089 0.00428479 0.000985283 0.000166235 2.0036e-05 1.66946e-06 9.36567e-08 3.47757e-09 8.45147e-11
 1.41288e-11 1.53355e-09 9.8147e-08 3.70379e-06 8.24164e-05 0.00108146 0.00837089 0.0382681 0.103848 0.170657 0.182579 0.154125 0.127445 0.0987993 0.0634409 0.032861 0.0133337 0.00404514 0.000897114 0.000144189 1.65089e-05 1.31234e-06 7.05657e-08 2.50785e-09 5.77651e-11
 1.3556e-11 1.47138e-09 9.41684e-08 3.55366e-06 7.90767e-05 0.00103769 0.00803346 0.0367492 0.0999598 0.165607 0.181508 0.160316 0.13613 0.102701 0.0618389 0.0299378 0.0116754 0.00350689 0.000777127 0.000123413 1.36919e-05 1.03723e-06 5.2643e-08 1.76002e-09 3.81464e-11
 1.13772e-11 1.23489e-09 7.9033e-08 2.98251e-06 6.63694e-05 0.000871031 0.00674607 0.030908 0.084552 0.142904 0.166164 0.164047 0.153623 0.121319 0.0745403 0.0359849 0.0135261 0.00381938 0.000792969 0.000119432 1.27364e-05 9.31708e-07 4.54496e-08 1.44703e-09 2.95934e-11
 9.24784e-12 1.00377e-09 6.42416e-08 2.42435e-06 5.39508e-05 0.000708155 0.00548755 0.0251905 0.0693834 0.11995 0.148216 0.161599 0.164917 0.139515 0.0923859 0.0476295 0.0185116 0.00522723 0.00105559 0.000151133 1.51056e-05 1.03228e-06 4.72193e-08 1.41702e-09 2.73914e-11
 1.21539e-11 1.3192e-09 8.44288e-08 3.18614e-06 7.09007e-05 0.00093049 0.00720592 0.0329973 0.0900281 0.150394 0.167955 0.153021 0.136474 0.113619 0.0792515 0.0435737 0.0179044 0.00529285 0.00110266 0.000159067 1.55893e-05 1.02013e-06 4.39327e-08 1.22913e-09 2.20649e-11
 1.17419e-11 1.27447e-09 8.15669e-08 3.07818e-06 6.85009e-05 0.000899118 0.00696623 0.0319507 0.087638 0.14885 0.173309 0.167141 0.14885 0.11281 0.068708 0.0341183 0.0135754 0.00408629 0.000881618 0.000131098 1.30603e-05 8.53866e-07 3.60747e-08 9.72988e-10 1.65872e-11
 1.24449e-11 1.35078e-09 8.64509e-08 3.26249e-06 7.26028e-05 0.000952958 0.00738312 0.0338542 0.0927373 0.156617 0.178913 0.166138 0.143397 0.108154 0.0655924 0.0311359 0.0112894 0.00305563 0.000607491 8.64417e-05 8.47305e-06 5.51243e-07 2.31512e-08 6.16058e-10 1.02575e-11
 1.17084e-11 1.27084e-09 8.13345e-08 3.06946e-06 6.83103e-05 0.000896753 0.00695108 0.031923 0.0878712 0.150482 0.177587 0.172442 0.151558 0.111891 0.065155 0.0296524 0.0103154 0.00264698 0.000487936 6.33522e-05 5.67274e-06 3.42096e-07 1.35599e-08 3.45424e-10 5.54995e-12
 1.20961e-11 1.31292e-09 8.40283e-08 3.17113e-06 7.0574e-05 0.000926498 0.00718203 0.0329843 0.0907501 0.154944 0.18077 0.171411 0.147618 0.108742 0.0635837 0.0286105 0.00960797 0.00233873 0.000404811 4.89416e-05 4.04323e-06 2.2316e-07 8.06826e-09 1.87931e-10 2.77988e-12
 1.28045e-11 1.38982e-09 8.895e-08 3.35689e-06 7.47092e-05 0.000980821 0.00760367 0.0349229 0.0960504 0.163533 0.188495 0.173235 0.142648 0.100646 0.0566921 0.0247384 0.00809892 0.00191803 0.000319557 3.66416e-05 2.83299e-06 1.44912e-07 4.82216e-09 1.02867e-10 1.389e-12
 1.20736e-11 1.31049e-09 8.38733e-08 3.16538e-06 7.04524e-05 0.000925144 0.00717684 0.0330271 0.0913429 0.157808 0.187639 0.179476 0.150221 0.103934 0.0560806 0.023198 0.00719268 0.00161871 0.000257033 2.80857e-05 2.06114e-06 9.9389e-08 3.09316e-09 6.12571e-11 7.63302e-13
 1.28178e-11 1.39127e-09 8.90434e-08 3.36051e-06 7.47959e-05 0.000982178 0.00761868 0.0350443 0.0967245 0.165847 0.192955 0.177462 0.143447 0.09796 0.0525982 0.0213561 0.00635505 0.00134879 0.000200247 2.04225e-05 1.40093e-06 6.32463e-08 1.84323e-09 3.41339e-11 3.96639e-13
 1.20733e-11 1.31046e-09 8.38729e-08 3.16551e-06 7.04635e-05 0.000925582 0.00718615 0.0331377 0.0920813 0.160537 0.193002 0.184369 0.150492 0.0999858 0.0512871 0.0198922 0.00568862 0.00116075 0.000164353 1.57961e-05 1.01076e-06 4.23123e-08 1.14099e-09 1.95524e-11 2.10432e-13
 1.21751e-11 1.32151e-09 8.45807e-08 3.19228e-06 7.10629e-05 0.000933562 0.00724989 0.0334473 0.0929981 0.162104 0.194138 0.183807 0.149101 0.0992755 0.0509285 0.0194145 0.00534225 0.00103457 0.000138282 1.25247e-05 7.536e-07 2.95432e-08 7.42186e-10 1.17909e-11 1.17214e-13
 1.08011e-11 1.17239e-09 7.50388e-08 2.83238e-06 6.30654e-05 0.000829008 0.00644874 0.0298852 0.0840677 0.150632 0.190013 0.191279 0.160384 0.106488 0.0535249 0.0199066 0.00533501 0.00100056 0.000128188 1.10022e-05 6.21692e-07 2.27636e-08 5.32564e-10 7.86464e-12 7.25507e-14
 1.09029e-11 1.18345e-09 7.57473e-08 2.8592e-06 6.36661e-05 0.000836998 0.00651204 0.0301824 0.0848552 0.151541 0.189476 0.188795 0.158686 0.107262 0.0548782 0.0204313 0.00537161 0.000974319 0.000119746 9.80426e-06 5.25543e-07 1.8144e-08 3.97864e-10 5.47906e-12 4.69545e-14
 1.12007e-11 1.21578e-09 7.7818e-08 2.93749e-06 6.54165e-05 0.000860215 0.00669608 0.0310655 0.0874636 0.156299 0.194421 0.190242 0.155306 0.101948 0.0510248 0.0187396 0.00487861 0.000872978 0.000104804 8.28207e-06 4.23976e-07 1.38693e-08 2.86565e-10 3.70278e-12 2.96689e-14
#pred catch len freq
 8.91859e-12 9.68027e-10 6.19536e-08 2.33794e-06 5.20226e-05 0.000682589 0.00528239 0.0241369 0.0654836 0.108416 0.123208 0.129764 0.147072 0.138842 0.0968016 0.0575279 0.0345847 0.0214109 0.0137673 0.00943968 0.00702259 0.00573601 0.00488047 0.00372447 0.00216222
 9.35855e-12 1.01578e-09 6.50098e-08 2.45327e-06 5.45889e-05 0.000716263 0.00554301 0.0253285 0.0687267 0.113867 0.129773 0.137469 0.156089 0.145946 0.0983738 0.0541197 0.0289352 0.0153268 0.00805986 0.00441904 0.00263437 0.0017751 0.00132803 0.000959141 0.000552952
 1.28626e-11 1.39611e-09 8.93506e-08 3.37182e-06 7.50274e-05 0.000984411 0.00761709 0.034781 0.0940345 0.153059 0.161901 0.14234 0.135673 0.118088 0.0762067 0.0391322 0.0190988 0.00914592 0.0041858 0.00187769 0.000859955 0.000433172 0.000254836 0.000160822 8.79715e-05
 1.35286e-11 1.46841e-09 9.39777e-08 3.54643e-06 7.89127e-05 0.00103539 0.00801146 0.0365802 0.0988773 0.160768 0.169237 0.14666 0.137036 0.116533 0.0711766 0.0320956 0.0130237 0.0053526 0.00216395 0.000845159 0.000318059 0.000119427 4.92919e-05 2.35962e-05 1.12385e-05
 1.13682e-11 1.23391e-09 7.89701e-08 2.98009e-06 6.63112e-05 0.00087006 0.00673278 0.0307549 0.0833114 0.13691 0.150885 0.147715 0.156089 0.13905 0.0857214 0.038408 0.0150385 0.00561735 0.00192687 0.000621974 0.000195328 5.91944e-05 1.76786e-05 5.67697e-06 2.00706e-06
 1.22061e-11 1.32486e-09 8.47907e-08 3.19974e-06 7.11986e-05 0.00093418 0.00722867 0.0330134 0.089337 0.14607 0.15756 0.146092 0.146874 0.129198 0.0808238 0.0379057 0.0158393 0.0061419 0.00207505 0.000615995 0.000164832 4.03325e-05 9.27403e-06 2.07671e-06 4.80579e-07
 1.32056e-11 1.43334e-09 9.17336e-08 3.46174e-06 7.70284e-05 0.00101067 0.00782026 0.0357092 0.0965501 0.157204 0.166509 0.14687 0.140004 0.120124 0.0736877 0.0333387 0.0133654 0.00516118 0.00181254 0.000561283 0.000149605 3.36826e-05 6.49e-06 1.10395e-06 1.7357e-07
 1.40139e-11 1.52108e-09 9.73487e-08 3.67364e-06 8.17433e-05 0.00107252 0.00829869 0.037889 0.102379 0.166167 0.173552 0.146966 0.13366 0.112356 0.0683617 0.0305846 0.0119988 0.00448763 0.00151995 0.000461978 0.00012502 2.88672e-05 5.48185e-06 8.42175e-07 1.0579e-07
 1.31579e-11 1.42816e-09 9.14022e-08 3.44924e-06 7.67501e-05 0.00100702 0.00779207 0.0355818 0.0962233 0.156814 0.166756 0.148693 0.143191 0.122541 0.0734437 0.031122 0.0111476 0.00386372 0.00125261 0.000367584 9.61841e-05 2.17749e-05 4.1438e-06 6.39164e-07 7.71413e-08
 1.39154e-11 1.51039e-09 9.66646e-08 3.64782e-06 8.11688e-05 0.00106499 0.0082404 0.0376235 0.101669 0.165083 0.172729 0.147055 0.134611 0.113509 0.0691761 0.0309678 0.0120342 0.00432578 0.00134728 0.000365684 8.94029e-05 1.93049e-05 3.55018e-06 5.36683e-07 6.42604e-08
 1.35702e-11 1.47292e-09 9.42664e-08 3.55732e-06 7.91552e-05 0.00103857 0.00803612 0.0366937 0.0991959 0.161382 0.170326 0.148678 0.139851 0.118487 0.0707006 0.0297665 0.0105511 0.00362215 0.0011601 0.000329177 8.02053e-05 1.63887e-05 2.81292e-06 4.02357e-07 4.64193e-08
 1.32244e-11 1.43538e-09 9.18641e-08 3.46667e-06 7.7138e-05 0.0010121 0.00783144 0.0357612 0.0967036 0.157557 0.167364 0.14878 0.142805 0.122049 0.073106 0.0309055 0.0109314 0.00364188 0.00109349 0.000291283 6.98664e-05 1.4544e-05 2.50036e-06 3.44343e-07 3.7452e-08
 1.37368e-11 1.49099e-09 9.54234e-08 3.60098e-06 8.01266e-05 0.00105131 0.00813467 0.0371422 0.100389 0.163163 0.171467 0.147847 0.137257 0.116071 0.0700569 0.0304797 0.0113266 0.00393108 0.00119677 0.000313703 7.18067e-05 1.41472e-05 2.35864e-06 3.23517e-07 3.49651e-08
 1.27007e-11 1.37854e-09 8.82265e-08 3.3294e-06 7.40835e-05 0.000972031 0.00752147 0.0343484 0.0929197 0.151687 0.162499 0.147885 0.145645 0.126238 0.0769097 0.0338633 0.0128602 0.00460067 0.00145809 0.000399443 9.39183e-05 1.84154e-05 2.96643e-06 3.88788e-07 4.06306e-08
 1.12171e-11 1.21751e-09 7.79204e-08 2.94048e-06 6.54297e-05 0.000858497 0.00664337 0.0303481 0.0822319 0.135317 0.149962 0.148783 0.158951 0.141691 0.0864444 0.037589 0.0139897 0.00495532 0.00158596 0.000446209 0.000108954 2.22453e-05 3.6861e-06 4.84206e-07 4.94029e-08
 1.20345e-11 1.30623e-09 8.35983e-08 3.15474e-06 7.01973e-05 0.000921045 0.00712711 0.0325513 0.0881112 0.144263 0.156525 0.147341 0.150177 0.132222 0.0815959 0.0368685 0.014543 0.0053428 0.00171393 0.000477885 0.000116967 2.43803e-05 4.17862e-06 5.6918e-07 5.9604e-08
 1.31651e-11 1.42895e-09 9.14525e-08 3.45114e-06 7.67924e-05 0.00100757 0.00779637 0.0356013 0.0962752 0.156891 0.166804 0.14865 0.143065 0.122419 0.0733992 0.031149 0.0111999 0.00390632 0.00127142 0.000368467 9.21849e-05 1.9278e-05 3.31724e-06 4.59563e-07 4.95134e-08
 1.34129e-11 1.45584e-09 9.31733e-08 3.51607e-06 7.82373e-05 0.00102653 0.00794299 0.0362695 0.0980633 0.159654 0.169036 0.148884 0.141445 0.120297 0.0717813 0.0301055 0.010515 0.00347801 0.00104982 0.000283807 6.93824e-05 1.47656e-05 2.60044e-06 3.64828e-07 3.96644e-08
 1.34164e-11 1.45623e-09 9.31983e-08 3.51702e-06 7.82583e-05 0.0010268 0.00794511 0.0362791 0.0980882 0.159685 0.169027 0.148776 0.141255 0.120166 0.0718315 0.0302739 0.0106496 0.00352294 0.00104443 0.000270174 6.17652e-05 1.22999e-05 2.08938e-06 2.93032e-07 3.23627e-08
 1.29588e-11 1.40656e-09 9.00194e-08 3.39705e-06 7.5589e-05 0.000991783 0.00767429 0.0350458 0.0947991 0.154697 0.165451 0.149854 0.14658 0.125745 0.0744406 0.0303052 0.0100017 0.00312927 0.000908179 0.000233631 5.26366e-05 1.00934e-05 1.61626e-06 2.13376e-07 2.26688e-08
 1.39841e-11 1.51784e-09 9.71414e-08 3.66582e-06 8.15692e-05 0.00107024 0.00828107 0.0378095 0.102177 0.165945 0.173806 0.148383 0.136094 0.114226 0.0682487 0.0289565 0.0102741 0.0033769 0.000967846 0.000237081 5.11926e-05 9.59928e-06 1.50682e-06 1.9206e-07 1.9383e-08
 1.4078e-11 1.52804e-09 9.77941e-08 3.69045e-06 8.21173e-05 0.00107743 0.00833671 0.0380636 0.102864 0.167061 0.174977 0.149363 0.136823 0.114257 0.0671271 0.0271936 0.00891732 0.00278124 0.000809187 0.000207631 4.57432e-05 8.38307e-06 1.26469e-06 1.5596e-07 1.53066e-08
 1.46118e-11 1.58597e-09 1.01502e-07 3.83036e-06 8.52306e-05 0.00111828 0.00865262 0.0395029 0.106711 0.172969 0.179576 0.149286 0.132416 0.108971 0.0636401 0.0255467 0.00819385 0.00245208 0.00067131 0.000161851 3.47917e-05 6.48729e-06 9.98717e-07 1.22376e-07 1.16721e-08
 1.51207e-11 1.64121e-09 1.05037e-07 3.96378e-06 8.81992e-05 0.00115722 0.00895385 0.0408754 0.11038 0.17861 0.183998 0.149311 0.128358 0.104002 0.0602178 0.0237907 0.0073911 0.0021317 0.000565909 0.000131424 2.67758e-05 4.71281e-06 6.99615e-07 8.53406e-08 8.21243e-09
 1.46372e-11 1.58873e-09 1.01678e-07 3.83703e-06 8.53788e-05 0.00112022 0.00866771 0.0395725 0.106909 0.173372 0.180374 0.150875 0.134633 0.110326 0.0627914 0.0232218 0.00617313 0.00145072 0.000335081 7.24354e-05 1.40865e-05 2.37507e-06 3.35304e-07 3.87961e-08 3.59034e-09
 1.45072e-11 1.57461e-09 1.00775e-07 3.80294e-06 8.46203e-05 0.00111027 0.00859071 0.039221 0.105961 0.171843 0.178829 0.149727 0.133942 0.110493 0.0642535 0.0253684 0.00779507 0.00214996 0.000510721 9.79054e-05 1.60005e-05 2.3641e-06 3.08749e-07 3.38367e-08 2.97696e-09
 1.39675e-11 1.51604e-09 9.70263e-08 3.66147e-06 8.14726e-05 0.00106897 0.00827131 0.0377661 0.102074 0.165894 0.174295 0.150125 0.138884 0.11616 0.0676406 0.0265816 0.00812861 0.0022869 0.000585542 0.00012721 2.29566e-05 3.33474e-06 3.8528e-07 3.65041e-08 2.87772e-09
 1.44815e-11 1.57183e-09 1.00597e-07 3.79622e-06 8.44709e-05 0.00110831 0.00857556 0.0391522 0.105779 0.171583 0.178721 0.150041 0.134618 0.111026 0.0642201 0.0249505 0.00744993 0.00203698 0.000513024 0.000112125 2.11673e-05 3.35544e-06 4.2499e-07 4.15207e-08 3.07652e-09
#obs catch len freq
 9.76072e-12 1.05943e-09 6.78037e-08 2.55871e-06 5.69349e-05 0.000747043 0.00578106 0.0264117 0.0715895 0.117895 0.130669 0.129161 0.13964 0.135593 0.105159 0.0695642 0.0397438 0.0185246 0.0068876 0.00202734 0.000459792 7.75448e-05 9.39719e-06 7.92056e-07 4.50961e-08
 1.00147e-11 1.087e-09 6.95678e-08 2.62528e-06 5.84163e-05 0.000766484 0.00593161 0.0271012 0.0734721 0.121037 0.134041 0.131442 0.139899 0.133988 0.102725 0.0669252 0.0374045 0.0169586 0.00609256 0.0017181 0.000370009 5.87663e-05 6.65974e-06 5.2215e-07 2.75482e-08
 7.10518e-12 7.71201e-10 4.93568e-08 1.86258e-06 4.14457e-05 0.000543845 0.00420989 0.0192611 0.052554 0.0890919 0.109452 0.131431 0.161227 0.160182 0.122615 0.0787211 0.0429845 0.0189259 0.00656172 0.00177246 0.000362831 5.43602e-05 5.77021e-06 4.21219e-07 2.0595e-08
 1.74906e-11 1.89844e-09 1.215e-07 4.58504e-06 0.000102023 0.00133858 0.0103564 0.0472615 0.127374 0.203949 0.199463 0.13378 0.0843601 0.0647696 0.0526348 0.0382085 0.0222101 0.00981728 0.00331622 0.00085988 0.000167399 2.3675e-05 2.35689e-06 1.60461e-07 7.28318e-09
 7.47547e-12 8.11392e-10 5.19291e-08 1.95966e-06 4.36065e-05 0.000572238 0.00443098 0.0202986 0.0556834 0.096371 0.125417 0.160635 0.193573 0.170186 0.100531 0.0441607 0.0177692 0.00708252 0.00245152 0.000649356 0.00012442 1.68368e-05 1.57905e-06 1.0044e-07 4.23778e-09
 1.31947e-11 1.43217e-09 9.16584e-08 3.45891e-06 7.69657e-05 0.00100985 0.0078142 0.0356826 0.0964401 0.156361 0.161157 0.128765 0.110459 0.104682 0.0904263 0.0624127 0.0309519 0.0105518 0.00259706 0.000512555 8.44836e-05 1.07997e-05 9.76976e-07 5.93219e-08 2.35587e-09
 1.11681e-11 1.21219e-09 7.75803e-08 2.92766e-06 6.51455e-05 0.000854819 0.00661651 0.0302531 0.0822381 0.136633 0.154063 0.151227 0.150335 0.126873 0.0817868 0.0443621 0.0220026 0.00916385 0.00282345 0.000601655 8.77113e-05 8.96736e-06 6.60512e-07 3.48224e-08 1.26282e-09
 1.5853e-11 1.72069e-09 1.10124e-07 4.15576e-06 9.24716e-05 0.00121331 0.00938856 0.0428709 0.115838 0.187437 0.19085 0.144391 0.108101 0.0843607 0.0585647 0.0338723 0.015599 0.0055186 0.00151693 0.000324337 5.10842e-05 5.53957e-06 3.97529e-07 1.86647e-08 5.74797e-10
 1.29586e-11 1.40654e-09 9.00184e-08 3.39704e-06 7.55901e-05 0.000991876 0.00767735 0.0351003 0.095337 0.157592 0.173407 0.158702 0.143921 0.112475 0.0662088 0.0307845 0.0122755 0.00411764 0.00108351 0.000213365 3.06281e-05 3.13077e-06 2.20926e-07 1.03834e-08 3.15217e-10
 1.38186e-11 1.49988e-09 9.59923e-08 3.62247e-06 8.06062e-05 0.00105768 0.00818611 0.0374133 0.101451 0.16645 0.177951 0.151897 0.129565 0.103482 0.0675126 0.0352085 0.014286 0.00430861 0.000961963 0.000162769 2.08091e-05 1.93351e-06 1.24934e-07 5.43123e-09 1.55032e-10
 1.38791e-11 1.50645e-09 9.64126e-08 3.63834e-06 8.09597e-05 0.00106234 0.0082228 0.0375912 0.102031 0.167923 0.181004 0.156172 0.132171 0.101705 0.062842 0.0313942 0.0127305 0.00398027 0.000914833 0.000150641 1.74967e-05 1.41969e-06 7.97932e-08 3.06039e-09 7.83286e-11
 1.25638e-11 1.36368e-09 8.72759e-08 3.29355e-06 7.32887e-05 0.000961735 0.00744567 0.0340661 0.0927482 0.154358 0.172292 0.159524 0.143687 0.112862 0.0695869 0.034096 0.0132946 0.00396418 0.000877548 0.000141655 1.6237e-05 1.28024e-06 6.7682e-08 2.35933e-09 5.36367e-11
 1.39367e-11 1.5127e-09 9.68129e-08 3.65345e-06 8.12968e-05 0.0010668 0.00825815 0.0377648 0.102591 0.169155 0.182554 0.15624 0.12988 0.0998818 0.0632125 0.0320499 0.0126331 0.00370265 0.000789356 0.000121253 1.31907e-05 9.91105e-07 5.01487e-08 1.67094e-09 3.59766e-11
 1.34308e-11 1.45778e-09 9.32983e-08 3.52084e-06 7.8347e-05 0.00102815 0.0079605 0.0364293 0.0992096 0.164946 0.182273 0.162599 0.137919 0.102811 0.0609397 0.0288923 0.0109482 0.00317322 0.00067453 0.000102162 1.07522e-05 7.69082e-07 3.66995e-08 1.14934e-09 2.32624e-11
 1.13084e-11 1.22742e-09 7.85551e-08 2.96449e-06 6.59694e-05 0.000865826 0.0067069 0.0307452 0.0842458 0.143022 0.167757 0.166714 0.155142 0.120754 0.0728882 0.0343664 0.0125256 0.00341018 0.000678963 9.74593e-05 9.84591e-06 6.78971e-07 3.10985e-08 9.26608e-10 1.76855e-11
 9.23284e-12 1.00214e-09 6.41375e-08 2.42044e-06 5.38651e-05 0.000707082 0.00548053 0.0251766 0.0694909 0.120762 0.150498 0.164632 0.166491 0.138721 0.0900997 0.0452362 0.017003 0.00461925 0.000892889 0.000121681 1.15127e-05 7.41128e-07 3.18008e-08 8.92072e-10 1.60748e-11
 1.21846e-11 1.32253e-09 8.46423e-08 3.19422e-06 7.10814e-05 0.000932904 0.00722563 0.0331014 0.0904177 0.151484 0.170066 0.155454 0.137719 0.112991 0.0772023 0.0412583 0.0163657 0.0046444 0.000923748 0.000126542 1.17204e-05 7.21762e-07 2.91407e-08 7.61774e-10 1.27413e-11
 1.18153e-11 1.28244e-09 8.20771e-08 3.09745e-06 6.89313e-05 0.000904825 0.0070118 0.0321773 0.088386 0.150595 0.176074 0.169532 0.149052 0.111009 0.0663242 0.0321082 0.0123451 0.00356253 0.000732066 0.000103116 9.68672e-06 5.94909e-07 2.35335e-08 5.92647e-10 9.41063e-12
 1.25559e-11 1.36282e-09 8.72216e-08 3.2916e-06 7.32521e-05 0.00096154 0.00745093 0.0341819 0.0937497 0.15873 0.181867 0.168402 0.143352 0.106039 0.0628528 0.0289838 0.0101446 0.00263501 0.000499365 6.72625e-05 6.20554e-06 3.78424e-07 1.48522e-08 3.68464e-10 5.70853e-12
 1.18524e-11 1.28647e-09 8.23354e-08 3.10726e-06 6.91535e-05 0.000907896 0.00703905 0.0323461 0.0891604 0.153083 0.181 0.174726 0.151022 0.109198 0.0621065 0.0274334 0.00919556 0.00225952 0.000396508 4.87212e-05 4.10599e-06 2.3194e-07 8.57935e-09 2.03387e-10 3.0352e-12
 1.22684e-11 1.33162e-09 8.52253e-08 3.21634e-06 7.15822e-05 0.000939812 0.00728686 0.0334844 0.0922423 0.157831 0.184333 0.173608 0.146912 0.105849 0.0603191 0.0262842 0.00849186 0.00197713 0.000325421 3.71935e-05 2.88971e-06 1.49345e-07 5.03767e-09 1.0915e-10 1.49827e-12
 1.29997e-11 1.41101e-09 9.03064e-08 3.40812e-06 7.58517e-05 0.000995906 0.00772231 0.0354867 0.0977116 0.166651 0.192115 0.17514 0.141505 0.0975241 0.053491 0.0225846 0.00710361 0.00160633 0.000254076 2.75096e-05 1.99881e-06 9.56906e-08 2.96994e-09 5.89238e-11 7.38285e-13
 1.22934e-11 1.33434e-09 8.54005e-08 3.22307e-06 7.17394e-05 0.00094215 0.00731078 0.033665 0.0932249 0.161322 0.191619 0.181347 0.148623 0.100318 0.0526558 0.0210581 0.00626801 0.00134561 0.000202613 2.08788e-05 1.4383e-06 6.48569e-08 1.8817e-09 3.46516e-11 4.00642e-13
 1.30581e-11 1.41735e-09 9.07132e-08 3.42359e-06 7.62031e-05 0.00100076 0.00776484 0.035737 0.0987424 0.169515 0.196928 0.179163 0.141702 0.0942459 0.0491128 0.0192381 0.00548806 0.00111016 0.000156188 1.50114e-05 9.65773e-07 4.07356e-08 1.10582e-09 1.90293e-11 2.05086e-13
 1.23284e-11 1.33815e-09 8.56459e-08 3.23249e-06 7.19588e-05 0.000945359 0.00734212 0.0338807 0.0942607 0.164514 0.197246 0.185969 0.148301 0.0959077 0.0477321 0.0178502 0.00488744 0.000949 0.000127162 1.15077e-05 6.90269e-07 2.69866e-08 6.77535e-10 1.0783e-11 1.07569e-13
 1.24469e-11 1.35103e-09 8.64706e-08 3.2637e-06 7.26573e-05 0.000954653 0.00741621 0.0342383 0.0953056 0.166264 0.198495 0.185404 0.146824 0.0950106 0.0471892 0.0173128 0.00455627 0.000839037 0.000106045 9.03507e-06 5.09138e-07 1.86279e-08 4.35528e-10 6.42469e-12 5.9193e-14
 1.10817e-11 1.20286e-09 7.69901e-08 2.90615e-06 6.47141e-05 0.000850866 0.00662189 0.0307156 0.0865217 0.155124 0.194763 0.192987 0.157826 0.10183 0.0495332 0.0177122 0.00453346 0.000807265 9.76791e-05 7.88021e-06 4.16812e-07 1.42368e-08 3.09833e-10 4.24654e-12 3.62929e-14
 1.11964e-11 1.21531e-09 7.77881e-08 2.93635e-06 6.53908e-05 0.000859866 0.00669313 0.0310492 0.0874029 0.156164 0.194349 0.190653 0.156219 0.102442 0.050606 0.0180809 0.00453447 0.000780163 9.04672e-05 6.95515e-06 3.48681e-07 1.12226e-08 2.28835e-10 2.92419e-12 2.32133e-14
#spawning biomass
 22604.9 18724.4 17605 24297.4 30111.2 30517.7 36013.8 51457.1 66908.5 92985.3 114568 133285 174566 227846 208683 169079 143512 148941 158882 147276 157512 169941 188287 207645 185644 207031 205027 185069 181348 67388.5 7950.53 7031.11 7019.08 7018.94 7018.94 7018.94 7018.94 7018.94 7018.94 7018.94 7018.94 7018.94 7018.94 7018.94 7018.94 7018.94 7018.94 7018.94 7018.94 7018.94 7018.94 7018.94 7018.94 7018.94 7018.94 7018.94 7018.94 7018.94 7018.94 7018.94 7018.94 7018.94 7018.94 7018.94 7018.94 7018.94 7018.94 7018.94 7018.94 7018.94 7018.94 7018.94 7018.94 7018.94 7018.94 7018.94 7018.94 7018.94 7018.94 7018.94 7018.94 7018.94 7018.94 7018.94 7018.94 7018.94 7018.94 7018.94 7018.94 7018.94 7018.94 7018.94 7018.94 7018.94 7018.94 7018.94 7018.94 7018.94 7018.94 7018.94 7018.94 7018.94 7018.94 7018.94 7018.94 7018.94 7018.94 7018.94 7018.94 7018.94 7018.94 7018.94 7018.94 7018.94 7018.94 7018.94 7018.94 7018.94 7018.94 7018.94 7018.94 7018.94 7018.94 7018.94 7018.94 7018.94 7018.94 7018.94 0 0 0 0 0 0 0 0 0 0 0 0 0 0 0 0 0 0 0 0 0 0 0 0 0
