SBPRF35
0.11192
Curr Bio
198129
B35
138731
F35
3.09264
FOFL
3.09264
OFL
105296
Bzero
31951.6
#pred survey bio
 12150.1 12374.2 14568.3 20638.9 25340 27590.2 31690.8 36186.2 39380.3 47942.9 62807.1 74358.1 92058.3 112625 110920 97520.2 91400 88868.8 88120.8 89811.3 81630 86186.7 89677.4 92450.4 102470 110811 105487 94607.7 2.28531e+06 1.80329e+06 665989 371256 266588 215485 189011 175185 167983 164249 162323 161335 160830 160573 160442 160375 160342 160325 160317 160313 160311 160310 160309 160309 160309 160309 160309 160309 160309 160309 160309 160309 160309 160309 160309 160309 160309 160309 160309 160309 160309 160309 160309 160309 160309 160309 160309 160309 160309 160309 160309 160309 160309 160309 160309 160309 160309 160309 160309 160309 160309 160309 160309 160309 160309 160309 160309 160309 160309 160309 160309 160309 160309 160309 160309 160309 160309 160309 160309 160309 160309 160309 160309 160309 160309 160309 160309 160309 160309 160309 160309 160309 160309 160309 160309 160309 160309 160309 160309 160309 0 0 0 0 0 0 0 0 0 0 0 0 0 0 0 0 0 0 0 0 0 0 0 0 0
#obs survey bio
 10265.3 9286.34 13651.9 20350.4 20701.7 34097.2 25278.8 43819.6 43908.2 58839.3 54198.3 71483.5 98159.1 143598 107121 67948.5 67083.3 95463 91481 93741.1 107458 88464.2 90410.5 82939.4 92277.2 131977 120117 96134.5
#pred catch bio
 4907.2 6126.75 6937.69 10671.4 15536.1 17210.3 19940.5 25092.1 28286 34728.5 47040 58039.2 74826.1 94127.5 95759.6 89126.8 87875.3 86058.9 83986.3 92260.3 84155.3 88995.9 95385.4 101131 109709 117746 113765 94633.2 105296 68008.6 9781.81 5807.1 5674.21 5670.3 5670.19 5670.19 5670.19 5670.19 5670.19 5670.19 5670.19 5670.19 5670.19 5670.19 5670.19 5670.19 5670.19 5670.19 5670.19 5670.19 5670.19 5670.19 5670.19 5670.19 5670.19 5670.19 5670.19 5670.19 5670.19 5670.19 5670.19 5670.19 5670.19 5670.19 5670.19 5670.19 5670.19 5670.19 5670.19 5670.19 5670.19 5670.19 5670.19 5670.19 5670.19 5670.19 5670.19 5670.19 5670.19 5670.19 5670.19 5670.19 5670.19 5670.19 5670.19 5670.19 5670.19 5670.19 5670.19 5670.19 5670.19 5670.19 5670.19 5670.19 5670.19 5670.19 5670.19 5670.19 5670.19 5670.19 5670.19 5670.19 5670.19 5670.19 5670.19 5670.19 5670.19 5670.19 5670.19 5670.19 5670.19 5670.19 5670.19 5670.19 5670.19 5670.19 5670.19 5670.19 5670.19 5670.19 5670.19 5670.19 5670.19 5670.19 5670.19 5670.19 5670.19 5670.19 0 0 0 0 0 0 0 0 0 0 0 0 0 0 0 0 0 0 0 0 0 0 0 0 0
#obs catch bio
 6014.49 6320.85 7036.9 10730.6 15938.5 17243.1 20172.2 25203.5 28258.5 34315.3 46215.1 57372.4 73191.2 91775.8 96869.1 91745.7 88805.5 86590.4 82647 92508.2 82490.1 86470.4 93559.2 99258.3 107105 113972 110363 94812.9
#pred cpue bio
 12499.2 12364.1 14164 20733.1 25503.9 27512.5 31740.2 36236.5 39127.6 46419.7 62385.3 73301.2 88942.5 112588 112590 97349.8 90258.6 88062.1 86501.2 89567.3 79365.9 83968.9 87806.6 88695.2 98484.3 108547 104504 92468.3 2.24856e+06 2.0165e+06 683856 372187 266485 215310 188831 175005 167802 164068 162143 161154 160649 160392 160261 160194 160161 160145 160136 160132 160130 160129 160129 160128 160128 160128 160128 160128 160128 160128 160128 160128 160128 160128 160128 160128 160128 160128 160128 160128 160128 160128 160128 160128 160128 160128 160128 160128 160128 160128 160128 160128 160128 160128 160128 160128 160128 160128 160128 160128 160128 160128 160128 160128 160128 160128 160128 160128 160128 160128 160128 160128 160128 160128 160128 160128 160128 160128 160128 160128 160128 160128 160128 160128 160128 160128 160128 160128 160128 160128 160128 160128 160128 160128 160128 160128 160128 160128 160128 160128 0 0 0 0 0 0 0 0 0 0 0 0 0 0 0 0 0 0 0 0 0 0 0 0 0
#obs cpue bio
 6813.39 8926.58 11585.5 21367.3 23853.1 23930.4 30413.8 31488 41605.3 45611.6 85606.6 113129 101002 132289 65469.7 100029 92913.8 97130.2 91207.5 94134.8 92891.3 112028 128993 125259 148424 158734 150917 88412.9
#pred surv len freq
 2.55911e-27 2.5774e-27 2.35158e-26 4.42093e-20 1.08374e-14 3.21131e-10 1.15024e-06 0.000498009 0.026064 0.164889 0.126577 0.0422572 0.232711 0.215072 0.0502487 0.0608826 0.0249701 0.0176116 0.0103089 0.00750803 0.00568279 0.00476826 0.0046569 0.00406077 0.00123224
 2.56133e-27 2.58388e-27 2.9589e-26 5.70225e-20 1.39784e-14 4.14204e-10 1.48361e-06 0.000642347 0.0336181 0.212678 0.162994 0.0375537 0.171335 0.159486 0.0596657 0.0962139 0.033518 0.0152475 0.006686 0.00365073 0.00222057 0.00157732 0.00135246 0.0011714 0.00038854
 2.56431e-27 2.5914e-27 3.56561e-26 6.98193e-20 1.71154e-14 5.07159e-10 1.81656e-06 0.0007865 0.0411626 0.260406 0.199492 0.0408987 0.171147 0.158123 0.0378793 0.0469661 0.0200895 0.0146032 0.00504401 0.00174808 0.000716564 0.000381582 0.000266686 0.000214767 7.34978e-05
 2.56232e-27 2.58583e-27 3.05737e-26 5.90971e-20 1.44869e-14 4.29274e-10 1.53759e-06 0.000665716 0.0348412 0.220415 0.168997 0.0435368 0.212648 0.196325 0.0430181 0.0488318 0.0170087 0.00786376 0.00360877 0.00158236 0.000407033 0.000129051 6.25192e-05 4.25621e-05 1.43371e-05
 2.56182e-27 2.58469e-27 2.97621e-26 5.73857e-20 1.40674e-14 4.16843e-10 1.49306e-06 0.000646438 0.0338322 0.214033 0.1641 0.0420772 0.204982 0.189684 0.0497011 0.0657427 0.0220837 0.00870162 0.00290536 0.00103464 0.000361309 8.07377e-05 2.02183e-05 9.60617e-06 3.00074e-06
 2.56273e-27 2.58703e-27 3.17106e-26 6.14958e-20 1.50749e-14 4.46698e-10 1.6e-06 0.000692737 0.0362554 0.229362 0.175813 0.0425806 0.200583 0.18534 0.0437595 0.0533318 0.0190417 0.00923503 0.00292479 0.000811673 0.000203763 5.17114e-05 8.7758e-06 2.02261e-06 5.16227e-07
 2.56257e-27 2.58651e-27 3.11678e-26 6.03502e-20 1.47941e-14 4.38376e-10 1.57019e-06 0.000679833 0.03558 0.225089 0.172564 0.0434128 0.209199 0.193172 0.0430255 0.0496241 0.0169644 0.00719738 0.00249504 0.000793999 0.000165292 3.02307e-05 4.86654e-06 5.96708e-07 9.09982e-08
 2.56256e-27 2.58648e-27 3.11616e-26 6.03373e-20 1.4791e-14 4.38282e-10 1.56985e-06 0.000679687 0.0355724 0.225041 0.172524 0.0432221 0.207776 0.191924 0.0439804 0.0520972 0.0174209 0.00676084 0.00217177 0.000645497 0.00015362 2.53977e-05 2.9796e-06 2.74396e-07 2.05881e-08
 2.56328e-27 2.58835e-27 3.27186e-26 6.36216e-20 1.55961e-14 4.62139e-10 1.6553e-06 0.000716684 0.0375086 0.23729 0.181883 0.0435524 0.203714 0.187998 0.0400805 0.0441781 0.0148223 0.00583529 0.00180499 0.000486983 0.000105748 1.85495e-05 2.01212e-06 1.33584e-07 5.95329e-09
 2.56509e-27 2.59316e-27 3.68802e-26 7.24005e-20 1.77481e-14 5.25908e-10 1.88371e-06 0.000815576 0.0426843 0.270033 0.206877 0.0430851 0.182597 0.168357 0.0338187 0.0347995 0.0113399 0.00396472 0.00122014 0.000328241 6.56366e-05 1.04289e-05 1.14066e-06 6.77007e-08 2.04567e-09
 2.56365e-27 2.58915e-27 3.32256e-26 6.46904e-20 1.58581e-14 4.69903e-10 1.68311e-06 0.000728724 0.0381388 0.241277 0.18495 0.0450339 0.212833 0.196072 0.0353582 0.0313131 0.00996921 0.00313968 0.000910315 0.000222754 4.4111e-05 6.58323e-06 6.51402e-07 3.76057e-08 9.62903e-10
 2.56402e-27 2.59023e-27 3.42604e-26 6.68738e-20 1.63933e-14 4.85763e-10 1.73992e-06 0.000753319 0.039426 0.24942 0.191153 0.0440343 0.200869 0.185212 0.0367005 0.0370889 0.0114155 0.00292035 0.000793846 0.000175161 3.14687e-05 4.46263e-06 4.15754e-07 2.18592e-08 5.26762e-10
 2.56535e-27 2.59378e-27 3.73313e-26 7.33517e-20 1.79813e-14 5.32818e-10 1.90846e-06 0.000826292 0.0432451 0.273581 0.209596 0.0437167 0.185493 0.170872 0.0314122 0.0286501 0.00904466 0.00270418 0.0007039 0.000128582 2.07019e-05 2.62016e-06 2.25825e-07 1.10747e-08 2.44506e-10
 2.56338e-27 2.58831e-27 3.2396e-26 6.294e-20 1.5429e-14 4.57189e-10 1.63757e-06 0.000709007 0.0371068 0.234749 0.179981 0.0459814 0.223535 0.205802 0.0344256 0.0267122 0.00819502 0.00210572 0.000563072 0.000115016 1.64193e-05 1.75721e-06 1.32923e-07 5.93815e-09 1.2124e-10
 2.5621e-27 2.58496e-27 2.95331e-26 5.69008e-20 1.39486e-14 4.13321e-10 1.48044e-06 0.000640976 0.0335464 0.212224 0.16278 0.0459289 0.235221 0.216814 0.0405478 0.0378868 0.0113332 0.00236645 0.000584018 0.000106312 1.62268e-05 1.69961e-06 1.07143e-07 4.12057e-09 7.59246e-11
 2.56323e-27 2.58806e-27 3.23104e-26 6.27599e-20 1.53848e-14 4.5588e-10 1.63289e-06 0.000706978 0.0370007 0.234077 0.17945 0.0448448 0.215259 0.198439 0.0380998 0.0369516 0.0113925 0.00294089 0.000713222 0.000106909 1.44172e-05 1.4792e-06 9.3602e-08 3.05716e-09 4.79431e-11
 2.56417e-27 2.59046e-27 3.43096e-26 6.69769e-20 1.64186e-14 4.86512e-10 1.74261e-06 0.000754481 0.0394868 0.249805 0.191468 0.0453606 0.210741 0.194005 0.0325263 0.0253519 0.00781044 0.00205589 0.000527441 9.34889e-05 1.15057e-05 9.86414e-07 5.8433e-08 1.88068e-09 2.55699e-11
 2.56407e-27 2.59013e-27 3.3939e-26 6.61948e-20 1.62269e-14 4.80831e-10 1.72225e-06 0.000745671 0.0390257 0.246888 0.189251 0.046072 0.217711 0.200308 0.0313007 0.0209509 0.00618125 0.00120574 0.000295476 5.39889e-05 7.46228e-06 6.63807e-07 3.31104e-08 9.65346e-10 1.26261e-11
 2.56464e-27 2.59169e-27 3.53328e-26 6.91352e-20 1.69476e-14 5.02189e-10 1.79876e-06 0.000778793 0.0407592 0.257854 0.197617 0.0455618 0.207951 0.191328 0.0302043 0.0207041 0.00600451 0.000984079 0.00021546 3.0342e-05 4.05713e-06 3.91428e-07 2.09582e-08 5.38142e-10 6.26409e-12
 2.56367e-27 2.58903e-27 3.29619e-26 6.41335e-20 1.57215e-14 4.65858e-10 1.66862e-06 0.00072245 0.0378104 0.2392 0.183386 0.0464206 0.224484 0.20655 0.0322628 0.0215675 0.00627301 0.00106378 0.000227135 2.68606e-05 2.90928e-06 2.38436e-07 1.33807e-08 3.67244e-10 3.91542e-12
 2.56526e-27 2.59333e-27 3.67515e-26 7.2128e-20 1.76813e-14 5.23928e-10 1.87662e-06 0.000812506 0.0425237 0.269017 0.206138 0.0454022 0.20075 0.184619 0.0278499 0.0170245 0.00490682 0.000770723 0.000162393 1.95793e-05 1.94406e-06 1.27044e-07 5.79872e-09 1.58431e-10 1.78157e-12
 2.5652e-27 2.59314e-27 3.65376e-26 7.16764e-20 1.75706e-14 5.20649e-10 1.86488e-06 0.00080742 0.0422575 0.267333 0.204859 0.0458317 0.204917 0.188377 0.0269354 0.0139927 0.00398607 0.000571509 0.000115833 1.30551e-05 1.28521e-06 8.09611e-08 3.02262e-09 6.59692e-11 7.07714e-13
 2.56491e-27 2.59235e-27 3.58369e-26 7.01983e-20 1.72083e-14 5.09912e-10 1.82642e-06 0.00079077 0.041386 0.26182 0.200653 0.0460426 0.209477 0.192588 0.02773 0.014741 0.00415304 0.000509263 9.66476e-05 9.99227e-06 9.24972e-07 5.54837e-08 2.00668e-09 3.7014e-11 3.17183e-13
 2.56606e-27 2.59546e-27 3.85969e-26 7.60208e-20 1.86356e-14 5.52206e-10 1.97791e-06 0.000856359 0.0448187 0.283536 0.217221 0.0451848 0.191309 0.175827 0.02485 0.012395 0.00348617 0.000427161 7.92367e-05 7.0812e-06 5.95911e-07 3.26888e-08 1.11066e-09 1.95531e-11 1.45133e-13
 2.56601e-27 2.5953e-27 3.84163e-26 7.56397e-20 1.85422e-14 5.49437e-10 1.96799e-06 0.000852066 0.044594 0.282114 0.216142 0.0455574 0.194902 0.179066 0.0240202 0.00968882 0.00269401 0.000306375 5.52322e-05 4.90105e-06 3.86143e-07 1.82869e-08 5.59824e-10 9.11871e-12 6.37776e-14
 2.56494e-27 2.5924e-27 3.58437e-26 7.02126e-20 1.72118e-14 5.10015e-10 1.82679e-06 0.00079093 0.0413944 0.261873 0.200698 0.0463599 0.21186 0.19471 0.026726 0.0119166 0.00329295 0.000318391 5.28464e-05 4.37858e-06 3.34217e-07 1.52508e-08 4.11668e-10 5.88353e-12 3.76185e-14
 2.56423e-27 2.59048e-27 3.41621e-26 6.66651e-20 1.63421e-14 4.84247e-10 1.73449e-06 0.000750968 0.039303 0.248642 0.190601 0.0467272 0.221749 0.203871 0.0289811 0.0147511 0.00411116 0.000432155 7.32837e-05 5.23407e-06 3.60084e-07 1.53792e-08 3.99274e-10 5.1588e-12 2.87229e-14
 2.56503e-27 2.59265e-27 3.61027e-26 7.07591e-20 1.73457e-14 5.13985e-10 1.84101e-06 0.000797086 0.0417166 0.263911 0.202249 0.0460185 0.208172 0.19137 0.0272756 0.0140111 0.00393037 0.000457268 8.16316e-05 6.26972e-06 4.24828e-07 1.55506e-08 3.67625e-10 4.48951e-12 2.29655e-14
#obs surv len freq
 1.08374e-41 1.50416e-33 2.52353e-26 5.11768e-20 1.25454e-14 3.71742e-10 1.33152e-06 0.000576503 0.0301718 0.190877 0.14646 0.0401433 0.173245 0.146607 0.103876 0.101838 0.044295 0.0174257 0.00395758 0.000498885 2.57171e-05 3.93468e-07 1.34252e-09 8.31505e-13 8.18463e-17
 1.60189e-41 2.22331e-33 3.73007e-26 7.56451e-20 1.85435e-14 5.49478e-10 1.96814e-06 0.000852137 0.0445974 0.282137 0.216162 0.0406654 0.126724 0.102296 0.0761484 0.0688741 0.0288925 0.0103228 0.00209043 0.000226106 9.51877e-06 1.12537e-07 2.84795e-10 1.27718e-13 8.98427e-18
 1.53494e-41 2.1304e-33 3.57419e-26 7.24838e-20 1.77686e-14 5.26515e-10 1.88589e-06 0.000816525 0.0427337 0.270347 0.207387 0.049942 0.176429 0.128649 0.0567076 0.0429061 0.0173646 0.00561838 0.00100328 9.10201e-05 3.0747e-06 2.79399e-08 5.24488e-11 1.70402e-14 8.56663e-19
 1.07543e-41 1.49262e-33 2.50419e-26 5.07844e-20 1.24492e-14 3.68893e-10 1.32131e-06 0.000572083 0.0299405 0.189415 0.145822 0.0565142 0.230432 0.163192 0.0978979 0.065748 0.0159328 0.00388497 0.000600542 4.49853e-05 1.19455e-06 8.22814e-09 1.14104e-11 2.68795e-15 9.67477e-20
 1.50616e-41 2.09045e-33 3.50716e-26 7.11246e-20 1.74354e-14 5.16642e-10 1.85053e-06 0.000801214 0.0419323 0.265278 0.203553 0.0472935 0.142362 0.104179 0.103585 0.0686079 0.0186217 0.00344611 0.000319715 1.80384e-05 3.69826e-07 1.90185e-09 1.92792e-12 3.27897e-16 8.44889e-21
 1.20138e-41 1.66743e-33 2.79747e-26 5.6732e-20 1.39072e-14 4.12096e-10 1.47606e-06 0.000639083 0.033447 0.211599 0.163122 0.0650461 0.231447 0.144105 0.0782876 0.0495163 0.0188389 0.00365515 0.000284576 9.70131e-06 1.31676e-07 4.90196e-10 3.59046e-13 4.37173e-17 8.02272e-22
 1.3752e-41 1.90869e-33 3.20223e-26 6.49406e-20 1.59194e-14 4.71721e-10 1.68963e-06 0.000731551 0.0382865 0.242215 0.186374 0.0578625 0.174884 0.116588 0.110145 0.057214 0.0129552 0.00251289 0.00022326 6.34643e-06 5.37812e-08 1.2414e-10 6.18967e-14 5.3058e-18 6.88033e-23
 1.19352e-41 1.65652e-33 2.77916e-26 5.63608e-20 1.38162e-14 4.09399e-10 1.4664e-06 0.0006349 0.0332282 0.210217 0.162506 0.0721307 0.226793 0.133216 0.0941045 0.0498511 0.0150504 0.00212316 0.000139989 3.91504e-06 2.77968e-08 4.22514e-11 1.2886e-14 7.10232e-19 6.2436e-24
 1.51636e-41 2.10461e-33 3.53091e-26 7.16063e-20 1.75534e-14 5.2014e-10 1.86306e-06 0.00080664 0.0422163 0.267078 0.20575 0.0644935 0.167117 0.103917 0.095811 0.0418983 0.00946163 0.00136603 8.01785e-05 1.59986e-06 9.43435e-09 1.17798e-11 2.55414e-15 9.01604e-20 4.98132e-25
 1.51921e-41 2.10856e-33 3.53754e-26 7.17407e-20 1.75864e-14 5.21116e-10 1.86655e-06 0.000808153 0.0422955 0.267583 0.206756 0.0780194 0.198618 0.103718 0.0660894 0.0283111 0.00697981 0.000780994 3.77289e-05 6.42148e-07 2.76797e-09 2.57666e-12 4.36285e-16 1.15815e-20 4.47211e-26
 1.09748e-41 1.52323e-33 2.55554e-26 5.18258e-20 1.27045e-14 3.76457e-10 1.34841e-06 0.000583815 0.0305545 0.193312 0.15111 0.0971135 0.257885 0.136073 0.0953959 0.0318864 0.00549427 0.000567238 2.32114e-05 3.00739e-07 1.01544e-09 6.99464e-13 8.45489e-17 1.63973e-21 4.71835e-27
 1.66857e-41 2.31587e-33 3.88535e-26 7.87942e-20 1.93155e-14 5.72352e-10 2.05007e-06 0.000887611 0.046454 0.293892 0.226915 0.0713745 0.144937 0.0937774 0.0888365 0.0281318 0.00445804 0.000323726 9.78868e-06 1.01625e-07 2.56204e-10 1.30159e-13 1.1548e-17 1.60283e-22 3.25939e-28
 1.33446e-41 1.85215e-33 3.10736e-26 6.30167e-20 1.54478e-14 4.57747e-10 1.63957e-06 0.000709879 0.0371523 0.235061 0.184167 0.110507 0.242909 0.106883 0.0578038 0.0205203 0.00401314 0.000265462 6.02282e-06 4.29058e-08 7.90475e-11 2.95023e-14 1.88368e-18 1.87644e-23 2.73575e-29
 1.11673e-41 1.54995e-33 2.60035e-26 5.27347e-20 1.29273e-14 3.83059e-10 1.37206e-06 0.000594053 0.0310904 0.196718 0.15548 0.111898 0.235269 0.137874 0.103889 0.024013 0.00296216 0.000205935 4.59158e-06 2.52854e-08 3.17835e-11 8.11435e-15 3.66506e-19 2.60299e-24 2.69282e-30
 8.79883e-42 1.22122e-33 2.04885e-26 4.15502e-20 1.01856e-14 3.01816e-10 1.08106e-06 0.000468061 0.0244965 0.155015 0.124918 0.123725 0.249694 0.159374 0.123563 0.0340076 0.00453431 0.000199127 3.3777e-06 1.69601e-08 1.72782e-11 3.13584e-15 9.56154e-20 4.60903e-25 3.30323e-31
 1.41704e-41 1.96676e-33 3.29966e-26 6.69163e-20 1.64038e-14 4.86073e-10 1.74104e-06 0.000753808 0.0394513 0.249616 0.195682 0.0948786 0.160281 0.126169 0.100902 0.028132 0.00394692 0.00018287 2.42723e-06 8.28892e-09 6.59768e-12 9.68508e-16 2.23637e-20 7.62965e-26 3.73388e-32
 9.75821e-42 1.35437e-33 2.27224e-26 4.60807e-20 1.12961e-14 3.34725e-10 1.19893e-06 0.000519096 0.0271675 0.171955 0.141789 0.162449 0.273316 0.126157 0.0717028 0.021726 0.00307437 0.000140448 1.81169e-06 5.19279e-09 2.91621e-12 2.99126e-16 5.14689e-21 1.34102e-26 4.91432e-33
 1.44017e-41 1.99886e-33 3.3535e-26 6.80083e-20 1.66714e-14 4.94005e-10 1.76945e-06 0.000766109 0.0400952 0.253715 0.200797 0.107977 0.161263 0.135388 0.0833931 0.0149461 0.00158661 7.04634e-05 8.50467e-07 2.20082e-09 1.04387e-12 8.1338e-17 9.82164e-22 1.77331e-27 4.62541e-34
 1.00199e-41 1.39069e-33 2.33317e-26 4.73162e-20 1.1599e-14 3.437e-10 1.23108e-06 0.000533014 0.027896 0.176623 0.149321 0.183683 0.26138 0.121189 0.0621496 0.0157333 0.00144954 4.13823e-05 4.01682e-07 9.07508e-10 3.67005e-13 2.36209e-17 2.25605e-22 3.05428e-28 5.69867e-35
 1.2868e-41 1.786e-33 2.99638e-26 6.07659e-20 1.48961e-14 4.41397e-10 1.58101e-06 0.000684524 0.0358254 0.226761 0.18403 0.132136 0.18118 0.152705 0.074319 0.0113766 0.000953753 2.70603e-05 1.8749e-07 2.979e-10 9.43013e-14 4.90215e-18 3.74807e-23 3.996e-29 5.75829e-36
 1.4151e-41 1.96406e-33 3.29512e-26 6.68243e-20 1.63812e-14 4.85405e-10 1.73864e-06 0.000752771 0.0393973 0.249417 0.205122 0.159491 0.187424 0.100964 0.0472354 0.0095449 0.000635856 1.28219e-05 7.59294e-08 9.37877e-11 2.06051e-14 7.57002e-19 4.30969e-24 3.5153e-30 3.89405e-37
 1.1286e-41 1.56642e-33 2.628e-26 5.32952e-20 1.30647e-14 3.87131e-10 1.38664e-06 0.000600367 0.0314213 0.199062 0.172706 0.196922 0.225571 0.122594 0.0443849 0.00631657 0.000413198 7.79817e-06 3.37697e-08 3.10696e-11 5.26709e-15 1.41762e-19 5.63189e-25 3.1951e-31 2.51827e-38
 1.3799e-41 1.91521e-33 3.21317e-26 6.51624e-20 1.59738e-14 4.73333e-10 1.6954e-06 0.00073405 0.0384178 0.243311 0.203718 0.160615 0.179023 0.12553 0.0432684 0.00514033 0.000237472 3.49923e-06 1.30954e-08 9.3899e-12 1.14432e-15 2.23354e-20 6.53941e-26 2.70077e-32 1.51146e-39
 1.35666e-41 1.88295e-33 3.15904e-26 6.40647e-20 1.57047e-14 4.6536e-10 1.66684e-06 0.000721686 0.037771 0.239359 0.207245 0.193904 0.187997 0.0967626 0.0319576 0.00411555 0.000163875 1.74877e-06 4.6618e-09 2.57619e-12 2.45548e-16 3.57355e-21 7.49451e-27 2.19939e-33 8.81973e-41
 1.18492e-41 1.64459e-33 2.75914e-26 5.59549e-20 1.37167e-14 4.0645e-10 1.45584e-06 0.000630329 0.0329902 0.209268 0.189989 0.213817 0.206902 0.113432 0.0299068 0.00295448 0.000108476 1.03216e-06 2.07859e-09 8.00507e-13 5.40255e-17 5.79302e-22 9.09006e-28 1.97275e-34 5.72606e-42
 1.06344e-41 1.47599e-33 2.47627e-26 5.02183e-20 1.23104e-14 3.64781e-10 1.30658e-06 0.000565707 0.0296086 0.188027 0.178093 0.22107 0.217375 0.129858 0.0325082 0.00281536 7.74908e-05 5.79003e-07 9.69305e-10 2.92734e-13 1.42705e-17 1.06279e-22 1.16084e-28 1.7884e-35 3.75226e-43
 1.04618e-41 1.45203e-33 2.43608e-26 4.94033e-20 1.21106e-14 3.5886e-10 1.28538e-06 0.000556526 0.0291288 0.185148 0.179228 0.221227 0.217078 0.132583 0.0322955 0.00269042 6.34569e-05 3.62666e-07 4.45693e-10 1.02288e-13 3.85041e-18 2.15902e-23 1.70755e-29 1.84989e-36 2.69504e-44
 1.2687e-41 1.76087e-33 2.95423e-26 5.99112e-20 1.46865e-14 4.35188e-10 1.55877e-06 0.000674896 0.0353235 0.224233 0.204624 0.199736 0.192429 0.113363 0.0273078 0.00225571 5.16719e-05 2.71531e-07 2.82487e-10 5.19651e-14 1.55752e-18 7.09338e-24 4.6335e-30 4.15228e-37 4.94956e-45
#pred catch len freq
 2.55713e-27 2.57196e-27 1.86238e-26 3.3889e-20 8.30747e-15 2.46165e-10 8.81722e-07 0.000381752 0.0199795 0.126397 0.0972188 0.0443401 0.269189 0.248617 0.0540973 0.0611961 0.0247687 0.017052 0.00993586 0.00721999 0.00546194 0.00458247 0.00447538 0.00390249 0.0011842
 2.55951e-27 2.57889e-27 2.51338e-26 4.76237e-20 1.16744e-14 3.45933e-10 1.23907e-06 0.000536471 0.028077 0.177623 0.136254 0.0392459 0.203 0.188636 0.063571 0.0977681 0.0337692 0.0149368 0.00651664 0.00354814 0.00215685 0.00153186 0.00131346 0.00113762 0.000377336
 2.5622e-27 2.58561e-27 3.04975e-26 5.89368e-20 1.44476e-14 4.28109e-10 1.53342e-06 0.000663911 0.0347467 0.219818 0.168529 0.0427773 0.207197 0.191314 0.0423878 0.0488891 0.0206125 0.0146385 0.00504016 0.00174064 0.000712946 0.00037959 0.000265287 0.000213641 7.31122e-05
 2.56036e-27 2.58045e-27 2.57534e-26 4.8928e-20 1.19941e-14 3.55407e-10 1.27301e-06 0.000551164 0.0288459 0.182488 0.140068 0.0455267 0.248117 0.228936 0.0466194 0.0488257 0.0168497 0.00757461 0.00345832 0.00151256 0.000388825 0.000123246 5.97046e-05 4.06458e-05 1.36916e-05
 2.56036e-27 2.58064e-27 2.60922e-26 4.96433e-20 1.21695e-14 3.60603e-10 1.29162e-06 0.000559222 0.0292677 0.185156 0.142079 0.0438728 0.234119 0.216418 0.0516776 0.0635045 0.0211615 0.00809936 0.0026914 0.000955066 0.000333272 7.44596e-05 1.86451e-05 8.85868e-06 2.76724e-06
 2.56126e-27 2.58295e-27 2.80238e-26 5.37179e-20 1.31683e-14 3.902e-10 1.39763e-06 0.00060512 0.0316698 0.200353 0.15369 0.044338 0.2295 0.211883 0.0459097 0.0515356 0.0182162 0.00859223 0.00271065 0.000749535 0.000188 4.76989e-05 8.09453e-06 1.86558e-06 4.76147e-07
 2.5611e-27 2.58242e-27 2.7469e-26 5.25471e-20 1.28813e-14 3.81695e-10 1.36717e-06 0.000591932 0.0309796 0.195986 0.150369 0.0451755 0.238207 0.219797 0.0451332 0.0477144 0.016167 0.00666444 0.00229958 0.000729402 0.00015173 2.77423e-05 4.46569e-06 5.47553e-07 8.35019e-08
 2.5614e-27 2.58325e-27 2.8215e-26 5.41209e-20 1.32671e-14 3.93127e-10 1.40812e-06 0.000609661 0.0319074 0.201856 0.154846 0.0448418 0.232522 0.214596 0.0450447 0.0488015 0.0161843 0.00609849 0.00194977 0.000577463 0.000137318 2.26969e-05 2.66257e-06 2.45198e-07 1.83973e-08
 2.56221e-27 2.58534e-27 2.99744e-26 5.78321e-20 1.41768e-14 4.20085e-10 1.50467e-06 0.000651466 0.0340954 0.215697 0.165419 0.0450668 0.226806 0.209153 0.0410468 0.0410419 0.0136517 0.00521828 0.00160682 0.000431944 9.37161e-05 1.64344e-05 1.78259e-06 1.18344e-07 5.2741e-09
 2.56402e-27 2.59018e-27 3.41734e-26 6.669e-20 1.63482e-14 4.84428e-10 1.73514e-06 0.000751249 0.0393177 0.248735 0.190636 0.0444703 0.20455 0.188485 0.0350342 0.0324959 0.0105057 0.00356442 0.00109148 0.00029257 5.84547e-05 9.285e-06 1.01548e-06 6.02705e-08 1.82115e-09
 2.56263e-27 2.5863e-27 3.06305e-26 5.92154e-20 1.4516e-14 4.30134e-10 1.54067e-06 0.00066705 0.034911 0.220857 0.16938 0.0464051 0.234207 0.215661 0.0363676 0.0286768 0.00905994 0.00276799 0.000798351 0.000194623 3.85057e-05 5.74501e-06 5.68423e-07 3.28149e-08 8.4023e-10
 2.56321e-27 2.58795e-27 3.21693e-26 6.2462e-20 1.53118e-14 4.53716e-10 1.62513e-06 0.000703621 0.036825 0.232965 0.178608 0.0452997 0.219312 0.202083 0.0370036 0.0335278 0.010256 0.00254426 0.000687411 0.000151091 2.71186e-05 3.84449e-06 3.58142e-07 1.88298e-08 4.53759e-10
 2.56469e-27 2.59192e-27 3.5621e-26 6.97436e-20 1.70968e-14 5.06608e-10 1.81459e-06 0.000785647 0.0411179 0.260124 0.199337 0.044777 0.20077 0.184843 0.0316068 0.0255702 0.0080124 0.00232308 0.000601641 0.000109464 1.76048e-05 2.2274e-06 1.91959e-07 9.41376e-09 2.07835e-10
 2.56276e-27 2.58658e-27 3.07976e-26 5.95678e-20 1.46023e-14 4.32693e-10 1.54983e-06 0.000671019 0.0351187 0.222171 0.170393 0.0470119 0.238114 0.219126 0.0344602 0.0234327 0.00713769 0.00177812 0.000472614 9.61654e-05 1.37153e-05 1.46726e-06 1.1098e-07 4.95779e-09 1.01223e-10
 2.56172e-27 2.58383e-27 2.84508e-26 5.46172e-20 1.33888e-14 3.96733e-10 1.42103e-06 0.000615252 0.0322001 0.203707 0.156293 0.046961 0.247633 0.228101 0.0395172 0.0326926 0.0097251 0.00196895 0.000482496 8.74781e-05 1.33379e-05 1.39654e-06 8.80295e-08 3.38542e-09 6.23786e-11
 2.56317e-27 2.58781e-27 3.20085e-26 6.21227e-20 1.52286e-14 4.51252e-10 1.61631e-06 0.000699799 0.036625 0.2317 0.177648 0.045649 0.222645 0.205088 0.0362687 0.0310955 0.00952375 0.00238277 0.000574631 8.5785e-05 1.15542e-05 1.185e-06 7.49787e-08 2.44885e-09 3.84033e-11
 2.56429e-27 2.59074e-27 3.44964e-26 6.73706e-20 1.65151e-14 4.89372e-10 1.75285e-06 0.000758916 0.0397189 0.251273 0.192596 0.0458165 0.213417 0.196356 0.03079 0.0207955 0.00635823 0.00162177 0.000413663 7.30313e-05 8.97884e-06 7.6945e-07 4.55757e-08 1.46683e-09 1.99431e-11
 2.56418e-27 2.59037e-27 3.41036e-26 6.65419e-20 1.6312e-14 4.83352e-10 1.73129e-06 0.000749581 0.0392304 0.248183 0.190246 0.0464379 0.219797 0.202134 0.029831 0.0171389 0.00502223 0.000949634 0.000230944 4.20284e-05 5.80312e-06 5.16022e-07 2.57364e-08 7.50335e-10 9.81385e-12
 2.56466e-27 2.59168e-27 3.52781e-26 6.90197e-20 1.69193e-14 5.01351e-10 1.79575e-06 0.000777493 0.0406912 0.257424 0.197295 0.045989 0.211428 0.194438 0.0289614 0.0170879 0.00492604 0.000783198 0.000170009 2.38422e-05 3.18386e-06 3.07057e-07 1.64392e-08 4.22099e-10 4.9133e-12
 2.56415e-27 2.59029e-27 3.40304e-26 6.63875e-20 1.62741e-14 4.8223e-10 1.72727e-06 0.000747841 0.0391393 0.247606 0.189807 0.0464955 0.220544 0.202818 0.0298668 0.0170438 0.00492541 0.000809929 0.000171516 2.02003e-05 2.18471e-06 1.7897e-07 1.00425e-08 2.75618e-10 2.93852e-12
 2.5657e-27 2.5945e-27 3.77505e-26 7.42354e-20 1.81979e-14 5.39236e-10 1.93145e-06 0.000836246 0.0437661 0.276877 0.21214 0.045401 0.196524 0.180646 0.0258282 0.0134155 0.00384106 0.000585258 0.000122222 1.46757e-05 1.45516e-06 9.50487e-08 4.33777e-09 1.18512e-10 1.33267e-12
 2.56562e-27 2.59423e-27 3.74823e-26 7.36693e-20 1.80591e-14 5.35125e-10 1.91673e-06 0.000829869 0.0434324 0.274765 0.210534 0.0457782 0.200523 0.184266 0.0251835 0.011034 0.0031204 0.000434239 8.71642e-05 9.78376e-06 9.6174e-07 6.05555e-08 2.2605e-09 4.9334e-11 5.29249e-13
 2.56553e-27 2.59399e-27 3.72693e-26 7.32201e-20 1.7949e-14 5.31862e-10 1.90504e-06 0.000824809 0.0431676 0.27309 0.209255 0.0458314 0.201826 0.185473 0.025479 0.0114017 0.00319048 0.000380145 7.13373e-05 7.34529e-06 6.78865e-07 4.0701e-08 1.47183e-09 2.71476e-11 2.32633e-13
 2.5668e-27 2.59745e-27 4.03464e-26 7.97114e-20 1.95403e-14 5.79014e-10 2.07393e-06 0.000897932 0.0469945 0.297301 0.227726 0.0448078 0.181059 0.166331 0.0224857 0.00939618 0.00262355 0.000312336 5.72945e-05 5.09996e-06 4.28406e-07 2.3488e-08 7.97931e-10 1.4047e-11 1.04263e-13
 2.56658e-27 2.59683e-27 3.97654e-26 7.84858e-20 1.92398e-14 5.70111e-10 2.04204e-06 0.000884126 0.046272 0.292729 0.224242 0.0452552 0.186911 0.171665 0.0222314 0.00747463 0.00206053 0.000227853 4.05871e-05 3.58719e-06 2.82124e-07 1.33535e-08 4.08731e-10 6.65735e-12 4.65621e-14
 2.56552e-27 2.59393e-27 3.71823e-26 7.30364e-20 1.7904e-14 5.30528e-10 1.90026e-06 0.00082274 0.0430593 0.272405 0.208737 0.0461109 0.204317 0.187711 0.0247788 0.00924122 0.00253475 0.000238739 3.90735e-05 3.22456e-06 2.45663e-07 1.12039e-08 3.02379e-10 4.32138e-12 2.763e-14
 2.56495e-27 2.59241e-27 3.58479e-26 7.02215e-20 1.72139e-14 5.1008e-10 1.82702e-06 0.00079103 0.0413997 0.261906 0.200725 0.0464212 0.212308 0.195108 0.0265077 0.0113201 0.00313371 0.000320551 5.36651e-05 3.81861e-06 2.62132e-07 1.11893e-08 2.90444e-10 3.75249e-12 2.08927e-14
 2.56525e-27 2.59322e-27 3.65727e-26 7.17504e-20 1.75887e-14 5.21186e-10 1.8668e-06 0.000808253 0.042301 0.267608 0.205074 0.0461296 0.207033 0.190257 0.0259507 0.0112722 0.00314101 0.000355329 6.27067e-05 4.79801e-06 3.24461e-07 1.187e-08 2.80555e-10 3.42603e-12 1.75251e-14
#obs catch len freq
 5.00335e-42 6.94431e-34 1.16505e-26 2.3627e-20 5.79189e-15 1.71624e-10 6.1473e-07 0.000266157 0.0139296 0.0881239 0.0680139 0.0398301 0.218327 0.186371 0.14371 0.143475 0.0647533 0.0262113 0.00614504 0.000799406 4.29671e-05 6.88113e-07 2.44864e-09 1.572e-12 1.5946e-16
 5.71952e-42 7.93832e-34 1.33182e-26 2.7009e-20 6.62094e-15 1.9619e-10 7.02722e-07 0.000304254 0.0159235 0.100738 0.0777578 0.043645 0.223068 0.1815 0.143106 0.131137 0.0568192 0.0210115 0.00446408 0.000502761 2.19761e-05 2.70265e-07 7.10941e-10 3.30059e-13 2.39186e-17
 1.07711e-41 1.49495e-33 2.50809e-26 5.08636e-20 1.24686e-14 3.69468e-10 1.32337e-06 0.000572975 0.0299872 0.189709 0.145743 0.0451536 0.181731 0.14095 0.114226 0.0959738 0.0398876 0.0133133 0.00250404 0.000239874 8.47636e-06 7.98942e-08 1.55082e-10 5.19808e-14 2.68773e-18
 1.11603e-41 1.54897e-33 2.59872e-26 5.27015e-20 1.29192e-14 3.82818e-10 1.37119e-06 0.000593679 0.0310708 0.196565 0.15132 0.0583068 0.237224 0.163873 0.0769788 0.054599 0.0217658 0.0065383 0.00107519 8.56256e-05 2.4064e-06 1.73057e-08 2.47972e-11 6.00488e-15 2.21566e-19
 7.88507e-42 1.0944e-33 1.83608e-26 3.72352e-20 9.12778e-15 2.70473e-10 9.6879e-07 0.000419453 0.0219525 0.138881 0.10754 0.0648199 0.273665 0.184392 0.116095 0.0710271 0.0167698 0.00385635 0.000544808 3.54865e-05 7.77446e-07 4.21173e-09 4.43922e-12 7.77407e-16 2.05066e-20
 1.26324e-41 1.7533e-33 2.94152e-26 5.96535e-20 1.46234e-14 4.33317e-10 1.55207e-06 0.000671993 0.0351694 0.222495 0.171118 0.0529998 0.17268 0.122192 0.124591 0.0748918 0.0196057 0.00328895 0.000281603 1.38495e-05 2.325e-07 9.35124e-10 7.17906e-13 9.05575e-17 1.7076e-21
 1.03638e-41 1.43842e-33 2.41325e-26 4.89403e-20 1.19971e-14 3.55497e-10 1.27333e-06 0.000551309 0.0288533 0.18254 0.141311 0.0738429 0.260811 0.153844 0.0859044 0.050581 0.0183564 0.0031763 0.00022018 6.49665e-06 7.27337e-08 2.1122e-10 1.16812e-13 1.05281e-17 1.41206e-22
 1.27361e-41 1.76769e-33 2.96567e-26 6.01432e-20 1.47434e-14 4.36874e-10 1.56481e-06 0.000677509 0.0354581 0.224323 0.173023 0.0643004 0.192275 0.123969 0.116919 0.0547587 0.0119958 0.00212997 0.000164365 3.91957e-06 2.70967e-08 4.90446e-11 1.84812e-14 1.17123e-18 1.10888e-23
 1.15083e-41 1.59728e-33 2.67976e-26 5.43451e-20 1.33221e-14 3.94757e-10 1.41395e-06 0.000612194 0.0320398 0.202701 0.157173 0.0796064 0.238407 0.133906 0.0945412 0.0462017 0.0130703 0.00164071 9.65616e-05 2.24473e-06 1.2698e-08 1.49909e-11 3.4622e-15 1.41321e-19 9.06689e-25
 1.51776e-41 2.10654e-33 3.53417e-26 7.16722e-20 1.75696e-14 5.20619e-10 1.86477e-06 0.000807382 0.0422552 0.267326 0.206259 0.0696841 0.171382 0.103497 0.09294 0.0368689 0.00790527 0.00102011 5.15854e-05 8.59902e-07 4.04078e-09 3.87305e-12 6.31973e-16 1.65332e-20 6.67965e-26
 1.55151e-41 2.1534e-33 3.61277e-26 7.32663e-20 1.79604e-14 5.32199e-10 1.90625e-06 0.00082534 0.043195 0.273276 0.211491 0.0832553 0.197372 0.0985485 0.0616184 0.024306 0.00553891 0.000548002 2.29806e-05 3.21015e-07 1.09562e-09 7.83203e-13 9.93849e-17 1.94904e-21 5.50802e-27
 1.15561e-41 1.6039e-33 2.69088e-26 5.45706e-20 1.33773e-14 3.96395e-10 1.41982e-06 0.000614734 0.0321727 0.203554 0.159501 0.103809 0.253521 0.128978 0.0869476 0.0262637 0.00423742 0.000386968 1.34722e-05 1.43044e-07 3.80046e-10 1.9981e-13 1.80718e-17 2.5842e-22 5.42928e-28
 1.72811e-41 2.39851e-33 4.02399e-26 8.16058e-20 2.00047e-14 5.92776e-10 2.12323e-06 0.000919283 0.0481116 0.304382 0.235276 0.0749928 0.140671 0.0899436 0.079426 0.0227594 0.00330048 0.000209731 5.43705e-06 4.58266e-08 9.03954e-11 3.49608e-14 2.31394e-18 2.36431e-23 3.50689e-29
 1.39686e-41 1.93876e-33 3.25267e-26 6.59634e-20 1.61702e-14 4.79151e-10 1.71624e-06 0.000743074 0.0388895 0.246058 0.19327 0.116489 0.234367 0.0987858 0.0514039 0.0168841 0.0029375 0.000167169 3.19565e-06 1.84867e-08 2.66131e-11 7.5327e-15 3.58059e-19 2.62181e-24 2.78496e-30
 1.18752e-41 1.64819e-33 2.76519e-26 5.60774e-20 1.37467e-14 4.07341e-10 1.45903e-06 0.000631709 0.0330611 0.209194 0.165846 0.118632 0.228485 0.13183 0.0910978 0.0189337 0.00215536 0.000129386 2.37229e-06 1.04465e-08 1.02206e-11 1.97901e-15 6.6465e-20 3.46515e-25 2.60961e-31
 9.49598e-42 1.31798e-33 2.21118e-26 4.48424e-20 1.09926e-14 3.2573e-10 1.16671e-06 0.000505146 0.0264374 0.167307 0.135414 0.13203 0.244234 0.154273 0.109087 0.0273882 0.00320102 0.000120742 1.71532e-06 6.81815e-09 5.3406e-12 7.31734e-16 1.65817e-20 5.86594e-26 3.05766e-32
 1.50438e-41 2.08798e-33 3.50302e-26 7.10406e-20 1.74148e-14 5.16031e-10 1.84834e-06 0.000800268 0.0418829 0.265008 0.208142 0.0989988 0.153597 0.120147 0.0865137 0.0220919 0.00270995 0.000105891 1.14775e-06 3.11865e-09 1.90932e-12 2.10313e-16 3.59612e-21 9.00033e-27 3.20607e-33
 1.05278e-41 1.46118e-33 2.45144e-26 4.97147e-20 1.2187e-14 3.61122e-10 1.29348e-06 0.000560032 0.02931 0.185532 0.153753 0.170426 0.26141 0.117593 0.0620202 0.0172061 0.00210679 8.09079e-05 8.41708e-07 1.88734e-09 8.11127e-13 6.24572e-17 7.93946e-22 1.5131e-27 4.03198e-34
 1.53323e-41 2.12803e-33 3.57021e-26 7.24031e-20 1.77488e-14 5.25929e-10 1.88379e-06 0.000815616 0.0426862 0.270123 0.214232 0.111479 0.153426 0.126353 0.0686099 0.0111797 0.00105435 3.91256e-05 3.77674e-07 7.58116e-10 2.72663e-13 1.58651e-17 1.41395e-22 1.86599e-28 3.53079e-35
 1.08496e-41 1.50586e-33 2.52639e-26 5.12347e-20 1.25596e-14 3.72164e-10 1.33303e-06 0.000577156 0.0302063 0.191276 0.162559 0.190677 0.247578 0.11168 0.052582 0.0119099 0.000931047 2.24308e-05 1.75163e-07 3.05026e-10 9.29546e-14 4.44387e-18 3.12152e-23 3.08575e-29 4.17996e-36
 1.3852e-41 1.92256e-33 3.2255e-26 6.54125e-20 1.60351e-14 4.7515e-10 1.70191e-06 0.000736868 0.0385649 0.244121 0.19866 0.135906 0.172746 0.140386 0.0599545 0.00830553 0.000603126 1.40039e-05 7.71643e-08 9.49e-11 2.25964e-14 8.68797e-19 4.86706e-24 3.77815e-30 3.94592e-37
 1.5105e-41 2.09648e-33 3.51728e-26 7.13297e-20 1.74856e-14 5.18131e-10 1.85586e-06 0.000803524 0.0420536 0.266263 0.219608 0.161514 0.173764 0.0905224 0.0382778 0.00680328 0.000381323 6.37353e-06 2.98175e-08 2.81792e-11 4.64992e-15 1.2629e-19 5.25352e-25 3.10998e-31 2.49024e-38
 1.22242e-41 1.69664e-33 2.84647e-26 5.77258e-20 1.41508e-14 4.19314e-10 1.50192e-06 0.000650278 0.0340336 0.215656 0.187861 0.200627 0.21145 0.109742 0.0352419 0.00448442 0.000247897 3.77778e-06 1.28547e-08 9.04851e-12 1.14659e-15 2.27563e-20 6.60549e-26 2.71748e-32 1.54439e-39
 1.48079e-41 2.05523e-33 3.44808e-26 6.99263e-20 1.71416e-14 5.07937e-10 1.81935e-06 0.000787715 0.0412266 0.261141 0.219199 0.161986 0.167762 0.110726 0.0335334 0.00349855 0.000136138 1.63099e-06 4.75141e-09 2.58515e-12 2.35101e-16 3.37778e-21 7.20967e-27 2.15795e-33 8.71621e-41
 1.45454e-41 2.0188e-33 3.38696e-26 6.86869e-20 1.68378e-14 4.98935e-10 1.7871e-06 0.000773754 0.0404963 0.25669 0.222868 0.193977 0.173286 0.084306 0.0247585 0.00275161 9.06714e-05 7.80298e-07 1.62122e-09 6.7827e-13 4.80211e-17 5.13382e-22 7.84634e-28 1.66718e-34 4.81692e-42
 1.28253e-41 1.78007e-33 2.98643e-26 6.05642e-20 1.48466e-14 4.39932e-10 1.57577e-06 0.000682253 0.0357081 0.226588 0.206308 0.214795 0.192884 0.0982566 0.0227597 0.00195634 5.93045e-05 4.48212e-07 6.97584e-10 2.03079e-13 1.01697e-17 7.98885e-23 9.1126e-29 1.43076e-35 2.9939e-43
 1.15999e-41 1.60999e-33 2.70109e-26 5.47776e-20 1.34281e-14 3.97899e-10 1.42521e-06 0.000617067 0.0322973 0.2052 0.194869 0.223071 0.20501 0.112443 0.0246258 0.00182428 4.12953e-05 2.4523e-07 3.15155e-10 7.15193e-14 2.58273e-18 1.40897e-23 1.11755e-29 1.24274e-36 1.87487e-44
 1.14342e-41 1.58699e-33 2.66251e-26 5.39952e-20 1.32363e-14 3.92216e-10 1.40485e-06 0.000608254 0.0318359 0.202246 0.191088 0.216167 0.209138 0.119783 0.0270622 0.00202834 4.19627e-05 2.05293e-07 2.11458e-10 4.00586e-14 1.23347e-18 5.62707e-24 3.60485e-30 3.15044e-37 3.68938e-45
#spawning biomass
 18962.9 20814.3 28093.8 37767.1 45200.2 51046.8 58663.4 66905.3 75083.4 98178.7 123009 146874 191784 219735 205719 187660 183425 178655 180839 178047 171817 181593 186892 201281 223322 231847 214651 198129 204186 93227.7 16352.2 11363.5 11197.1 11192.2 11192 11192 11192 11192 11192 11192 11192 11192 11192 11192 11192 11192 11192 11192 11192 11192 11192 11192 11192 11192 11192 11192 11192 11192 11192 11192 11192 11192 11192 11192 11192 11192 11192 11192 11192 11192 11192 11192 11192 11192 11192 11192 11192 11192 11192 11192 11192 11192 11192 11192 11192 11192 11192 11192 11192 11192 11192 11192 11192 11192 11192 11192 11192 11192 11192 11192 11192 11192 11192 11192 11192 11192 11192 11192 11192 11192 11192 11192 11192 11192 11192 11192 11192 11192 11192 11192 11192 11192 11192 11192 11192 11192 11192 11192 0 0 0 0 0 0 0 0 0 0 0 0 0 0 0 0 0 0 0 0 0 0 0 0 0
