SBPRF35
0.178135
Curr Bio
202390
B35
428147
F35
0.556909
FOFL
0.313687
OFL
54695.3
Bzero
50895.7
#pred survey bio
 26410 29321.1 19693.7 12986.9 21526.5 39866.8 68460.4 105904 136698 151473 155320 163719 202608 244052 210668 205941 211997 212200 215102 206060 191786 197207 196802 191639 236522 232186 221449 228027 9.666e+06 6.97461e+06 4.47313e+06 2.62686e+06 1.55859e+06 1.00394e+06 727780 590311 520062 482727 462066 450237 443295 439156 436658 435120 434204 433655 433326 433128 433008 432936 432893 432867 432851 432841 432835 432832 432830 432828 432828 432827 432827 432827 432827 432827 432827 432827 432827 432827 432827 432827 432827 432827 432827 432827 432827 432827 432827 432827 432827 432827 432827 432827 432827 432827 432827 432827 432827 432827 432827 432827 432827 432827 432827 432827 432827 432827 432827 432827 432827 432827 432827 432827 432827 432827 432827 432827 432827 432827 432827 432827 432827 432827 432827 432827 432827 432827 432827 432827 432827 432827 432827 432827 432827 432827 432827 432827 432827 432827 0 0 0 0 0 0 0 0 0 0 0 0 0 0 0 0 0 0 0 0 0 0 0 0 0
#obs survey bio
 22326.3 17868 9885.56 14651 17448.2 53840.9 94476.6 95386 144268 153147 144186 117705 233642 232742 173660 211936 224104 331792 221967 234799 232540 225217 194744 181453 265299 267335 276701 218822
#pred catch bio
 8679.97 13160.5 10001.7 6661.49 10329.5 19611 34164.7 61991.7 86272.8 99736.9 111499 119273 146134 200350 176513 177895 184476 183663 193680 193753 185263 196504 203262 199089 252245 251539 238392 208473 54695.3 109847 65771.1 35399.3 19162.9 11590.2 8344.3 7029.37 6517.29 6323.47 6251.63 6225.41 6215.96 6212.59 6211.39 6210.96 6210.81 6210.76 6210.74 6210.74 6210.74 6210.74 6210.74 6210.74 6210.74 6210.74 6210.74 6210.74 6210.74 6210.74 6210.74 6210.74 6210.74 6210.74 6210.74 6210.74 6210.74 6210.74 6210.74 6210.74 6210.74 6210.74 6210.74 6210.74 6210.74 6210.74 6210.74 6210.74 6210.74 6210.74 6210.74 6210.74 6210.74 6210.74 6210.74 6210.74 6210.74 6210.74 6210.74 6210.74 6210.74 6210.74 6210.74 6210.74 6210.74 6210.74 6210.74 6210.74 6210.74 6210.74 6210.74 6210.74 6210.74 6210.74 6210.74 6210.74 6210.74 6210.74 6210.74 6210.74 6210.74 6210.74 6210.74 6210.74 6210.74 6210.74 6210.74 6210.74 6210.74 6210.74 6210.74 6210.74 6210.74 6210.74 6210.74 6210.74 6210.74 6210.74 6210.74 6210.74 0 0 0 0 0 0 0 0 0 0 0 0 0 0 0 0 0 0 0 0 0 0 0 0 0
#obs catch bio
 17627 14927.7 13307.4 7681.89 10600.6 18803.2 30615.7 61189.2 81768.2 98403.3 111892 118161 136991 203195 191797 181456 179496 169082 186570 174909 169643 193163 186963 193751 214379 245889 193415 200727
#pred cpue bio
 24866.3 28304.1 19323.5 12316.2 19396.7 36604.6 62709.1 97758.1 125730 140023 143248 148954 183290 222057 190984 184948 189637 190179 192684 183673 169983 173570 172774 167240 205437 202028 192019 197928 8.61252e+06 6.9594e+06 4.45795e+06 2.61168e+06 1.54341e+06 988762 712598 575129 504880 467545 446884 435055 428113 423974 421476 419939 419022 418474 418144 417946 417826 417754 417711 417685 417669 417659 417653 417650 417648 417647 417646 417645 417645 417645 417645 417645 417645 417645 417645 417645 417645 417645 417645 417645 417645 417645 417645 417645 417645 417645 417645 417645 417645 417645 417645 417645 417645 417645 417645 417645 417645 417645 417645 417645 417645 417645 417645 417645 417645 417645 417645 417645 417645 417645 417645 417645 417645 417645 417645 417645 417645 417645 417645 417645 417645 417645 417645 417645 417645 417645 417645 417645 417645 417645 417645 417645 417645 417645 417645 417645 0 0 0 0 0 0 0 0 0 0 0 0 0 0 0 0 0 0 0 0 0 0 0 0 0
#obs cpue bio
 34028.8 19267.5 8193.96 10615.8 25820.2 48293.2 81216.3 82522.1 165006 128753 153368 217069 218635 208061 151177 181349 209333 175790 207861 253629 192477 155940 252533 185041 380931 181064 382015 216784
#pred surv len freq
 1.60087e-11 1.7376e-09 1.11206e-07 4.19656e-06 9.33788e-05 0.00122517 0.00947911 0.0432623 0.116676 0.187583 0.187577 0.137861 0.103114 0.0808471 0.0530545 0.0302057 0.0174236 0.0104202 0.00649316 0.00433034 0.00314801 0.00252666 0.00212633 0.00161367 0.000934441
 1.11535e-11 1.21061e-09 7.74789e-08 2.92382e-06 6.50589e-05 0.000853623 0.00660536 0.0301675 0.0816463 0.133581 0.144508 0.135197 0.138234 0.126278 0.0878244 0.0518288 0.0293223 0.0155542 0.00788952 0.00413625 0.00236701 0.0015425 0.00112835 0.000805485 0.00046199
 7.47381e-12 8.11211e-10 5.19174e-08 1.9592e-06 4.35952e-05 0.000572017 0.00442685 0.0202311 0.0549347 0.0913346 0.105596 0.115816 0.137782 0.140504 0.11614 0.0874304 0.0593791 0.0340677 0.017022 0.00779658 0.00346034 0.00165317 0.000928566 0.000570494 0.000308425
 1.58127e-11 1.71632e-09 1.09844e-07 4.14518e-06 9.22354e-05 0.00121016 0.00936263 0.0427227 0.11511 0.184181 0.180025 0.12162 0.0791789 0.0630714 0.0548198 0.0484026 0.0397066 0.0283731 0.0172841 0.00874446 0.00372005 0.00142949 0.000566123 0.000256924 0.000118726
 2.05698e-11 2.23265e-09 1.4289e-07 5.3922e-06 0.000119983 0.00157421 0.0121788 0.0555649 0.149599 0.238443 0.228655 0.142125 0.0731874 0.0416661 0.0234287 0.0121115 0.0073374 0.00546417 0.00401221 0.00250792 0.00126394 0.000509212 0.000172335 5.56427e-05 1.88393e-05
 1.81323e-11 1.96809e-09 1.25958e-07 4.75325e-06 0.000105766 0.00138768 0.0107363 0.0489945 0.132062 0.211727 0.208912 0.146002 0.0989927 0.0707341 0.0406513 0.0173978 0.00659461 0.00270389 0.0013483 0.000815653 0.000481027 0.000231309 8.57787e-05 2.51784e-05 6.40424e-06
 1.85279e-11 2.01102e-09 1.28705e-07 4.85694e-06 0.000108073 0.00141795 0.0109703 0.0500595 0.13489 0.215921 0.211446 0.143544 0.0921188 0.0646182 0.0395826 0.0201306 0.0093412 0.00379989 0.00130188 0.000436464 0.000177432 8.29698e-05 3.47119e-05 1.11934e-05 2.71904e-06
 1.7639e-11 1.91455e-09 1.22531e-07 4.62393e-06 0.000102888 0.00134993 0.0104442 0.0476628 0.128486 0.206104 0.20389 0.14395 0.099838 0.0735205 0.0449162 0.0221937 0.0102973 0.00457506 0.00180771 0.000610183 0.000176144 4.93879e-05 1.56858e-05 5.00401e-06 1.28732e-06
 1.80908e-11 1.96359e-09 1.25669e-07 4.74237e-06 0.000105523 0.00138451 0.0107116 0.0488809 0.131739 0.211076 0.207643 0.143499 0.0955237 0.0686677 0.0421446 0.0213348 0.010116 0.00448919 0.00178127 0.000635388 0.000197518 5.12617e-05 1.14245e-05 2.46221e-06 5.31763e-07
 1.74453e-11 1.89352e-09 1.21185e-07 4.57314e-06 0.000101758 0.00133511 0.0103295 0.0471405 0.127092 0.203981 0.202324 0.144264 0.101879 0.0757477 0.0460914 0.022395 0.0101519 0.00445263 0.00178897 0.000646239 0.000204558 5.50772e-05 1.22492e-05 2.22127e-06 3.4373e-07
 1.7749e-11 1.92648e-09 1.23294e-07 4.65274e-06 0.000103529 0.00135834 0.0105093 0.0479591 0.129277 0.20731 0.204783 0.143788 0.0987226 0.0723433 0.0443705 0.0221358 0.0102712 0.00446079 0.00173196 0.000610379 0.000193151 5.27391e-05 1.19682e-05 2.18133e-06 3.11935e-07
 1.91746e-11 2.08122e-09 1.33198e-07 5.02646e-06 0.000111845 0.00146744 0.0113531 0.051804 0.139561 0.223157 0.217388 0.144461 0.0882839 0.0590778 0.0346196 0.0164603 0.00728692 0.00312453 0.00122648 0.000432358 0.000134038 3.58449e-05 8.10227e-06 1.49135e-06 2.1447e-07
 1.96427e-11 2.13203e-09 1.3645e-07 5.14918e-06 0.000114575 0.00150327 0.0116302 0.0530671 0.142945 0.228415 0.221782 0.145388 0.0859505 0.0555145 0.031275 0.0137429 0.00541447 0.00210465 0.000774953 0.00026444 8.14186e-05 2.16827e-05 4.83361e-06 8.77229e-07 1.25638e-07
 1.90356e-11 2.06613e-09 1.32232e-07 4.99003e-06 0.000111034 0.00145681 0.0112709 0.0514302 0.138572 0.221722 0.216682 0.145842 0.0915415 0.0619875 0.0352662 0.0152635 0.00577181 0.00209128 0.000694853 0.000211667 5.98354e-05 1.52173e-05 3.32911e-06 5.98057e-07 8.46877e-08
 1.93928e-11 2.1049e-09 1.34714e-07 5.08367e-06 0.000113118 0.00148414 0.0114823 0.0523935 0.141147 0.22568 0.219777 0.145836 0.0886618 0.0584933 0.0329086 0.0140981 0.00524346 0.00185712 0.000594517 0.000169316 4.33016e-05 9.84025e-06 1.96411e-06 3.34099e-07 4.60778e-08
 2.02667e-11 2.19976e-09 1.40784e-07 5.31276e-06 0.000118215 0.00155102 0.0119995 0.0547501 0.147447 0.235356 0.227323 0.145751 0.0815002 0.0498389 0.0271017 0.0112767 0.00402351 0.00137335 0.000428626 0.000118864 2.91716e-05 6.18711e-06 1.11855e-06 1.70716e-07 2.15361e-08
 2.05814e-11 2.23392e-09 1.4297e-07 5.39526e-06 0.000120051 0.0015751 0.0121858 0.055599 0.149719 0.238864 0.230151 0.146025 0.0793883 0.0470388 0.0248964 0.00984465 0.00320171 0.000994552 0.000290896 7.6853e-05 1.8154e-05 3.71634e-06 6.40426e-07 9.08814e-08 1.04149e-08
 2.03983e-11 2.21404e-09 1.41698e-07 5.34724e-06 0.000118983 0.00156109 0.0120774 0.0551052 0.1484 0.236852 0.228645 0.146251 0.0812095 0.0490784 0.0260566 0.010172 0.00319685 0.000939027 0.000254235 6.09909e-05 1.31743e-05 2.52483e-06 4.14197e-07 5.61894e-08 6.09629e-09
 2.04493e-11 2.21958e-09 1.42053e-07 5.36062e-06 0.00011928 0.00156499 0.0121076 0.0552428 0.148767 0.23741 0.229049 0.146145 0.0806386 0.0484749 0.025768 0.0101563 0.00325164 0.000967126 0.000258563 5.93743e-05 1.19203e-05 2.08153e-06 3.106e-07 3.89581e-08 3.98026e-09
 2.08739e-11 2.26566e-09 1.45002e-07 5.47192e-06 0.000121757 0.00159748 0.0123589 0.0563876 0.151827 0.242105 0.232689 0.146031 0.0770464 0.0441868 0.0229569 0.00886867 0.00274991 0.000795068 0.000211469 4.89457e-05 9.79831e-06 1.6573e-06 2.31777e-07 2.66124e-08 2.47569e-09
 2.13308e-11 2.31525e-09 1.48176e-07 5.5917e-06 0.000124422 0.00163245 0.0126293 0.0576197 0.155121 0.247163 0.236625 0.145961 0.0732612 0.0396293 0.0199184 0.00741706 0.0021433 0.000568646 0.00014217 3.16149e-05 6.19143e-06 1.04129e-06 1.44764e-07 1.61889e-08 1.42421e-09
 2.18757e-11 2.37439e-09 1.51961e-07 5.73453e-06 0.0001276 0.00167414 0.0129518 0.0590889 0.159047 0.253182 0.241266 0.145733 0.0685285 0.0340497 0.0163572 0.00588954 0.00159982 0.000387685 8.87221e-05 1.80814e-05 3.26106e-06 5.16629e-07 6.93659e-08 7.62455e-09 6.62141e-10
 2.20599e-11 2.39439e-09 1.5324e-07 5.78282e-06 0.000128675 0.00168824 0.0130609 0.0595856 0.160375 0.255222 0.242858 0.145719 0.0670235 0.0322255 0.0151243 0.00528296 0.00133807 0.000289504 5.94644e-05 1.10165e-05 1.79738e-06 2.57793e-07 3.16247e-08 3.23437e-09 2.67821e-10
 2.24983e-11 2.44198e-09 1.56286e-07 5.89775e-06 0.000131232 0.00172179 0.0133204 0.0607678 0.163533 0.26006 0.246562 0.145449 0.0630822 0.0276461 0.0122923 0.00417333 0.00100953 0.000200912 3.74251e-05 6.25653e-06 9.06908e-07 1.15467e-07 1.26679e-08 1.16407e-09 8.745e-11
 2.28314e-11 2.47813e-09 1.586e-07 5.98507e-06 0.000133175 0.00174728 0.0135175 0.0616659 0.165933 0.263734 0.24937 0.145228 0.0600648 0.0241515 0.0101465 0.00335091 0.000778852 0.000143709 2.44932e-05 3.77121e-06 4.97412e-07 5.66973e-08 5.51574e-09 4.46881e-10 2.96836e-11
 2.2703e-11 2.46419e-09 1.57708e-07 5.9514e-06 0.000132426 0.00173745 0.0134415 0.0613196 0.165008 0.262321 0.248306 0.145366 0.061309 0.0255517 0.0109493 0.00359142 0.000801783 0.000134811 2.03973e-05 2.8469e-06 3.42913e-07 3.54927e-08 3.12565e-09 2.27119e-10 1.33703e-11
 2.29463e-11 2.4906e-09 1.59398e-07 6.01518e-06 0.000133845 0.00175607 0.0135855 0.0619757 0.16676 0.265002 0.250345 0.145172 0.0590537 0.0229656 0.00939761 0.0030395 0.000675285 0.000112665 1.66855e-05 2.21805e-06 2.44746e-07 2.25944e-08 1.77917e-09 1.16494e-10 6.17662e-12
 2.28733e-11 2.48268e-09 1.58891e-07 5.99606e-06 0.000133419 0.00175049 0.0135423 0.061779 0.166235 0.264199 0.249737 0.14524 0.0597443 0.0237503 0.00985825 0.00319107 0.000701319 0.000113806 1.62361e-05 2.10219e-06 2.27642e-07 2.03841e-08 1.5139e-09 9.05226e-11 4.29372e-12
#obs surv len freq
 4.59522e-11 4.25869e-09 2.3272e-07 7.49854e-06 0.000142466 0.00159606 0.0105453 0.0411266 0.0951165 0.133646 0.127578 0.113984 0.11826 0.114192 0.0938184 0.0690699 0.0438618 0.0228617 0.00974595 0.00334769 0.000893739 0.000178651 2.57815e-05 2.58843e-06 1.74623e-07
 3.25297e-11 2.90769e-09 1.53251e-07 4.76263e-06 8.72743e-05 0.000943117 0.00601327 0.0226845 0.0513758 0.0749984 0.0905224 0.122755 0.159774 0.160337 0.129317 0.0904354 0.0525975 0.0245807 0.009528 0.00308308 0.000790176 0.000150576 2.03438e-05 1.88306e-06 1.16239e-07
 1.72613e-11 1.48556e-09 7.53872e-08 2.25577e-06 3.98016e-05 0.000414202 0.0025453 0.00929375 0.0208181 0.0329152 0.051689 0.0911768 0.139953 0.174334 0.182434 0.149608 0.0886471 0.0383762 0.0130654 0.00367901 0.000840938 0.000147167 1.85468e-05 1.60273e-06 9.17406e-08
 2.6408e-10 2.18474e-08 1.06574e-06 3.06541e-05 0.000519892 0.00519906 0.0306568 0.106595 0.218589 0.264631 0.19021 0.0840731 0.0287685 0.0168346 0.0177116 0.0164109 0.0111996 0.00566705 0.002148 0.000605788 0.000126676 1.95724e-05 2.18898e-06 1.7083e-07 8.95106e-09
 1.84942e-10 1.46852e-08 6.87563e-07 1.89816e-05 0.000308993 0.00296618 0.0167987 0.0562622 0.11283 0.143967 0.145837 0.160104 0.166076 0.119358 0.05356 0.0157411 0.00401788 0.00138627 0.00054868 0.000173091 3.85969e-05 5.91134e-06 6.15341e-07 4.31592e-08 2.01434e-09
 4.55865e-10 3.46925e-08 1.55676e-06 4.11904e-05 0.000642625 0.00591173 0.0320702 0.102638 0.194234 0.219961 0.158246 0.0914238 0.0633453 0.0523088 0.0404483 0.0248589 0.0105058 0.00281666 0.00047984 5.88507e-05 6.88251e-06 8.41371e-07 8.38692e-08 5.70736e-09 2.51039e-10
 5.10784e-10 3.7205e-08 1.59791e-06 4.04663e-05 0.000604263 0.00532083 0.0276372 0.0848236 0.155212 0.177006 0.150227 0.132553 0.119918 0.082702 0.0405429 0.0158885 0.00550595 0.00160059 0.00035343 5.54553e-05 5.94432e-06 4.37311e-07 2.37523e-08 1.04611e-09 3.6858e-11
 7.82495e-10 5.44825e-08 2.23676e-06 5.41466e-05 0.000772884 0.00650541 0.0322981 0.0947282 0.165427 0.178929 0.141161 0.11486 0.102413 0.078192 0.0485293 0.0244269 0.00903564 0.00224503 0.000371706 4.38684e-05 4.03023e-06 2.91322e-07 1.53834e-08 5.53689e-10 1.32968e-11
 1.06774e-09 7.09793e-08 2.78219e-06 6.43027e-05 0.00087633 0.00704269 0.0333912 0.0936146 0.157037 0.166912 0.139036 0.125858 0.114467 0.0823659 0.0468426 0.0220093 0.00798972 0.00206517 0.000373474 4.78897e-05 4.35535e-06 2.77338e-07 1.23133e-08 3.82933e-10 8.28405e-12
 1.37221e-09 8.69945e-08 3.252e-06 7.16802e-05 0.00093164 0.00714095 0.0323017 0.0865411 0.139869 0.148496 0.135564 0.138252 0.129887 0.093296 0.0529585 0.0242583 0.00820587 0.00189132 0.000295707 3.29497e-05 2.74139e-06 1.69452e-07 7.44032e-09 2.2202e-10 4.38168e-12
 2.3249e-09 1.40418e-07 5.00071e-06 0.000105009 0.00130024 0.00949443 0.0409099 0.104344 0.160075 0.159228 0.13211 0.122832 0.110862 0.0804311 0.0473035 0.0219449 0.00722683 0.00157702 0.000228079 2.28241e-05 1.65356e-06 8.78149e-08 3.35674e-09 8.99659e-11 1.64765e-12
 3.90038e-09 2.24207e-07 7.59941e-06 0.00015188 0.00178986 0.012439 0.0510107 0.123815 0.180661 0.170426 0.132828 0.114856 0.095809 0.0631945 0.0334055 0.0141556 0.00438194 0.000921979 0.000131335 1.30799e-05 9.30934e-07 4.69196e-08 1.63637e-09 3.88192e-11 6.19894e-13
 5.13568e-09 2.80716e-07 9.04743e-06 0.000171939 0.00192677 0.0127344 0.0496891 0.11506 0.16223 0.155862 0.137825 0.133708 0.111245 0.0688374 0.0333355 0.0129025 0.0036611 0.000703311 9.05021e-05 8.09757e-06 5.24077e-07 2.46234e-08 8.16279e-10 1.8466e-11 2.77901e-13
 7.22811e-09 3.75366e-07 1.1494e-05 0.00020753 0.00220956 0.0138758 0.0514654 0.113504 0.15386 0.147173 0.13677 0.137154 0.114763 0.0729264 0.036895 0.0144499 0.00394605 0.000701138 8.05321e-05 6.20607e-06 3.38094e-07 1.34139e-08 3.83838e-10 7.69039e-12 1.04845e-13
 1.07136e-08 5.28191e-07 1.53545e-05 0.000263192 0.00266031 0.0158617 0.0558763 0.117247 0.152434 0.143774 0.136238 0.1367 0.112679 0.0714901 0.0362988 0.0140186 0.00372043 0.000643569 7.29214e-05 5.60489e-06 3.01281e-07 1.13446e-08 2.93492e-10 5.12429e-12 5.98674e-14
 1.81429e-08 8.48573e-07 2.34024e-05 0.000380562 0.00364931 0.0206419 0.0689797 0.137255 0.168881 0.149601 0.131771 0.123617 0.0962635 0.0579555 0.0278687 0.0101368 0.00252153 0.000407242 4.2952e-05 3.07498e-06 1.55199e-07 5.56171e-09 1.38398e-10 2.32478e-12 2.58053e-14
 2.53922e-08 1.12603e-06 2.94434e-05 0.000453966 0.00412757 0.0221411 0.0702318 0.133241 0.159463 0.146222 0.140321 0.133958 0.0993387 0.0554297 0.0245301 0.00826622 0.0019221 0.000291948 2.90593e-05 1.9638e-06 9.31617e-08 3.11629e-09 7.20187e-11 1.12317e-12 1.16214e-14
 3.7194e-08 1.56303e-06 3.87304e-05 0.000565895 0.00487603 0.0247904 0.0745748 0.134558 0.155052 0.141654 0.138435 0.132043 0.0987137 0.0572631 0.0262839 0.00884142 0.00199003 0.000289434 2.76099e-05 1.79411e-06 8.17125e-08 2.60386e-09 5.67669e-11 8.28094e-13 7.96261e-15
 5.68657e-08 2.26366e-06 5.31324e-05 0.000735378 0.00600231 0.0289112 0.082443 0.141388 0.156573 0.14128 0.137605 0.127741 0.0924167 0.0521842 0.0232423 0.0075309 0.00163582 0.000232692 2.21351e-05 1.45329e-06 6.65858e-08 2.09611e-09 4.42851e-11 6.17428e-13 5.62124e-15
 8.46277e-08 3.19004e-06 7.09039e-05 0.000929284 0.00718294 0.0327701 0.0885912 0.14465 0.155134 0.140866 0.138832 0.125942 0.0881152 0.0482376 0.0207176 0.00642186 0.00133449 0.000183215 1.70493e-05 1.10727e-06 5.03848e-08 1.5736e-09 3.28945e-11 4.51716e-13 4.0197e-15
 1.32669e-07 4.73451e-06 9.96257e-05 0.00123616 0.00904616 0.0390772 0.100077 0.155143 0.159299 0.140744 0.134828 0.117325 0.0787217 0.0413962 0.0169476 0.00495491 0.00096467 0.000123686 1.07484e-05 6.54759e-07 2.81866e-08 8.41019e-10 1.69308e-11 2.24998e-13 1.9411e-15
 1.78025e-07 6.01375e-06 0.000119786 0.00140696 0.00974755 0.0398875 0.0970412 0.144757 0.149965 0.1447 0.147615 0.125859 0.079814 0.0392202 0.0149563 0.00407183 0.000737396 8.7652e-05 7.02603e-06 3.93095e-07 1.55273e-08 4.26156e-10 7.92683e-12 9.78781e-14 7.89376e-16
 2.58772e-07 8.27394e-06 0.000155992 0.00173428 0.0113738 0.044074 0.101715 0.145021 0.147277 0.143964 0.146701 0.123011 0.0777851 0.0383967 0.0143702 0.00371714 0.000623931 6.73327e-05 4.80578e-06 2.36451e-07 8.22153e-09 2.00693e-10 3.35574e-12 3.7514e-14 2.75188e-16
 4.39565e-07 1.3303e-05 0.000237394 0.00249811 0.0155063 0.0568606 0.124056 0.166439 0.156446 0.138452 0.12965 0.102945 0.062841 0.0300808 0.0108238 0.00267323 0.000429217 4.46742e-05 3.098e-06 1.47464e-07 4.85834e-09 1.0921e-10 1.64231e-12 1.62995e-14 1.05842e-16
 5.48256e-07 1.57059e-05 0.000265305 0.00264286 0.0155342 0.054015 0.112478 0.148096 0.148656 0.151596 0.149959 0.113888 0.0636831 0.0276107 0.00910581 0.00209958 0.00031996 3.21057e-05 2.17605e-06 1.01895e-07 3.29155e-09 7.18834e-11 1.03859e-12 9.77906e-15 5.93722e-17
 7.74555e-07 2.10052e-05 0.000335896 0.00316771 0.0176291 0.0580772 0.11491 0.145439 0.144665 0.149066 0.146932 0.112488 0.0654929 0.0295722 0.00973018 0.00214098 0.000302347 2.75593e-05 1.67681e-06 7.0612e-08 2.08477e-09 4.24934e-11 5.82292e-13 5.24159e-15 3.04602e-17
 1.15434e-06 2.96384e-05 0.000448725 0.00400665 0.0211146 0.0659058 0.123859 0.150331 0.146573 0.148918 0.141725 0.103958 0.0581346 0.0251711 0.00790942 0.00166519 0.000227218 2.02941e-05 1.22026e-06 5.03586e-08 1.42089e-09 2.6914e-11 3.36478e-13 2.74771e-15 1.45451e-17
 1.48508e-06 3.61055e-05 0.000517621 0.00437692 0.0218537 0.0647646 0.116644 0.140514 0.145982 0.158615 0.150461 0.106562 0.0572621 0.023711 0.00708059 0.00141518 0.000184326 1.58708e-05 9.29267e-07 3.75487e-08 1.03697e-09 1.91444e-11 2.31611e-13 1.81069e-15 9.0511e-18
#pred catch len freq
 1.55967e-11 1.69288e-09 1.08344e-07 4.08856e-06 9.09756e-05 0.00119364 0.00923525 0.042151 0.113702 0.182995 0.183894 0.137549 0.105923 0.0844349 0.0556525 0.0317104 0.0182934 0.0109405 0.00681735 0.00454654 0.00330518 0.00265281 0.00223249 0.00169424 0.000981095
 1.09328e-11 1.18665e-09 7.59455e-08 2.86595e-06 6.37713e-05 0.000836731 0.0064747 0.0295721 0.0800534 0.131124 0.14254 0.135047 0.139773 0.128253 0.0892864 0.0527006 0.0298161 0.0158162 0.00802241 0.00420592 0.00240688 0.00156848 0.00114736 0.000819052 0.000469772
 7.39319e-12 8.0246e-10 5.13573e-08 1.93807e-06 4.31249e-05 0.000565848 0.00437913 0.0200136 0.0543521 0.090431 0.104848 0.11568 0.138219 0.141135 0.116693 0.08785 0.0596644 0.0342314 0.0171037 0.00783404 0.00347697 0.00166112 0.000933027 0.000573235 0.000309907
 1.57403e-11 1.70846e-09 1.09341e-07 4.1262e-06 9.18129e-05 0.00120462 0.00931976 0.0425272 0.114587 0.183364 0.179327 0.121427 0.0794559 0.063535 0.055281 0.048817 0.040047 0.0286163 0.0174323 0.00881943 0.00375194 0.00144175 0.000570977 0.000259127 0.000119744
 2.04945e-11 2.22448e-09 1.42366e-07 5.37246e-06 0.000119544 0.00156844 0.0121342 0.0553618 0.149055 0.237605 0.227987 0.142085 0.0737248 0.0423331 0.0238861 0.0123573 0.0074871 0.00557569 0.0040941 0.00255911 0.00128974 0.000519605 0.000175852 5.67784e-05 1.92238e-05
 1.80398e-11 1.95804e-09 1.25315e-07 4.72898e-06 0.000105226 0.0013806 0.0106815 0.0487449 0.131395 0.210704 0.20812 0.14603 0.0997801 0.0716667 0.0412499 0.0176596 0.00669418 0.00274474 0.00136866 0.000827974 0.000488293 0.000234803 8.70744e-05 2.55587e-05 6.50098e-06
 1.84507e-11 2.00265e-09 1.28169e-07 4.8367e-06 0.000107623 0.00141205 0.0109246 0.0498513 0.134334 0.215065 0.210774 0.143536 0.0927281 0.0653672 0.0401018 0.0204007 0.00946694 0.00385105 0.00131941 0.000442342 0.000179821 8.40871e-05 3.51793e-05 1.13442e-05 2.75566e-06
 1.77078e-11 1.92202e-09 1.23009e-07 4.64197e-06 0.000103289 0.0013552 0.0104849 0.0478483 0.128982 0.206867 0.204487 0.143951 0.0992874 0.0728498 0.04446 0.0219638 0.0101904 0.00452753 0.00178893 0.000603844 0.000174314 4.88749e-05 1.55229e-05 4.95202e-06 1.27395e-06
 1.82384e-11 1.9796e-09 1.26694e-07 4.78104e-06 0.000106384 0.0013958 0.0107989 0.0492787 0.132802 0.212711 0.208927 0.143514 0.0943601 0.0672407 0.0411613 0.0208264 0.00987423 0.00438188 0.00173869 0.000620199 0.000192796 5.00362e-05 1.11514e-05 2.40335e-06 5.19051e-07
 1.76583e-11 1.91664e-09 1.22665e-07 4.62898e-06 0.000103 0.00135141 0.0104556 0.0477149 0.128627 0.206341 0.204169 0.144259 0.100159 0.0736611 0.0446826 0.0216973 0.00983474 0.00431348 0.00173307 0.000626044 0.000198165 5.3356e-05 1.18664e-05 2.15185e-06 3.32988e-07
 1.80743e-11 1.96179e-09 1.25555e-07 4.73804e-06 0.000105427 0.00138324 0.0107018 0.0488365 0.131623 0.210916 0.20761 0.143805 0.096131 0.0691776 0.0422044 0.0210332 0.0097582 0.00423793 0.00164543 0.000579884 0.000183501 5.01042e-05 1.13703e-05 2.07235e-06 2.9635e-07
 1.9459e-11 2.11209e-09 1.35173e-07 5.10102e-06 0.000113504 0.00148921 0.0115214 0.052571 0.141612 0.226307 0.219846 0.144441 0.0859672 0.0562767 0.0327406 0.0155437 0.00687962 0.00294982 0.0011579 0.000408183 0.000126543 3.38406e-05 7.64923e-06 1.40796e-06 2.02478e-07
 1.9893e-11 2.1592e-09 1.38188e-07 5.21479e-06 0.000116035 0.00152242 0.0117783 0.053742 0.144749 0.231183 0.223927 0.145319 0.0838316 0.0529926 0.029635 0.0130018 0.00512117 0.0019906 0.000732955 0.000250109 7.70062e-05 2.05076e-05 4.57165e-06 8.29688e-07 1.1883e-07
 1.94904e-11 2.1155e-09 1.35392e-07 5.10926e-06 0.000113687 0.00149161 0.0115401 0.0526566 0.14185 0.22675 0.220571 0.145691 0.0876519 0.057374 0.0322851 0.0139409 0.00526968 0.00190927 0.000634375 0.000193244 5.46275e-05 1.38929e-05 3.03936e-06 5.46004e-07 7.73168e-08
 1.98497e-11 2.15449e-09 1.37887e-07 5.20344e-06 0.000115783 0.00151911 0.0117527 0.0536254 0.14444 0.23073 0.223679 0.145674 0.0847382 0.0538467 0.0299154 0.0127814 0.00475162 0.00168283 0.000538723 0.000153426 3.92378e-05 8.91676e-06 1.77979e-06 3.02744e-07 4.17535e-08
 2.06863e-11 2.2453e-09 1.43699e-07 5.42275e-06 0.000120663 0.00158313 0.0122479 0.0558815 0.150471 0.239993 0.230899 0.145579 0.0778606 0.0455469 0.0243613 0.0100991 0.00360112 0.00122909 0.000383599 0.000106377 2.61071e-05 5.53716e-06 1.00105e-06 1.52782e-07 1.92738e-08
 2.09784e-11 2.27701e-09 1.45728e-07 5.49932e-06 0.000122367 0.00160548 0.0124208 0.0566694 0.152579 0.243247 0.233518 0.145819 0.0758782 0.042933 0.0223199 0.00878984 0.00285657 0.000887261 0.000259513 6.85616e-05 1.61955e-05 3.3154e-06 5.71333e-07 8.10766e-08 9.29131e-09
 2.08069e-11 2.25839e-09 1.44537e-07 5.45436e-06 0.000121366 0.00159236 0.0123193 0.056207 0.151344 0.241363 0.232106 0.146025 0.0775751 0.0448367 0.0234075 0.00910307 0.00285895 0.000839698 0.000227341 5.45389e-05 1.17807e-05 2.25774e-06 3.7038e-07 5.02454e-08 5.45139e-09
 2.09022e-11 2.26874e-09 1.45199e-07 5.47935e-06 0.000121922 0.00159965 0.0123757 0.0564639 0.15203 0.242409 0.232888 0.145904 0.0766244 0.0437825 0.022827 0.00895759 0.00286561 0.000852223 0.000227842 5.23197e-05 1.0504e-05 1.83421e-06 2.73696e-07 3.43292e-08 3.50735e-09
 2.13297e-11 2.31514e-09 1.48168e-07 5.59141e-06 0.000124416 0.00163236 0.0126287 0.0576167 0.155111 0.247136 0.236547 0.145773 0.0729832 0.0394491 0.0200041 0.00768427 0.00238019 0.00068808 0.000183011 4.23589e-05 8.4797e-06 1.43427e-06 2.00586e-07 2.30311e-08 2.14253e-09
 2.17556e-11 2.36137e-09 1.51127e-07 5.70306e-06 0.0001269 0.00166496 0.0128808 0.0587652 0.158181 0.251849 0.240211 0.145693 0.0694326 0.035186 0.0171778 0.00635154 0.00183295 0.000486213 0.000121559 2.70314e-05 5.2938e-06 8.90322e-07 1.23776e-07 1.38419e-08 1.21773e-09
 2.22506e-11 2.41509e-09 1.54565e-07 5.83281e-06 0.000129787 0.00170283 0.0131737 0.0600998 0.161747 0.257317 0.244424 0.145478 0.0651218 0.0301098 0.0139458 0.00497449 0.00134879 0.00032676 7.47774e-05 1.52395e-05 2.7485e-06 4.35429e-07 5.84634e-08 6.42617e-09 5.5807e-10
 2.24366e-11 2.43528e-09 1.55857e-07 5.88157e-06 0.000130872 0.00171707 0.0132838 0.0606013 0.163088 0.259375 0.246025 0.145444 0.0635717 0.0282476 0.0127097 0.00439042 0.00110953 0.000239969 4.92879e-05 9.13115e-06 1.48978e-06 2.13675e-07 2.62125e-08 2.68084e-09 2.21986e-10
 2.28044e-11 2.4752e-09 1.58412e-07 5.97799e-06 0.000133017 0.00174522 0.0135015 0.0615931 0.165738 0.263434 0.249131 0.145217 0.0602643 0.0244053 0.0103342 0.00346043 0.000834695 0.000166036 3.09268e-05 5.17015e-06 7.49433e-07 9.54177e-08 1.04682e-08 9.61942e-10 7.22652e-11
 2.30946e-11 2.5067e-09 1.60428e-07 6.05406e-06 0.00013471 0.00176742 0.0136733 0.0623755 0.167828 0.266634 0.251577 0.145023 0.057633 0.0213592 0.00846568 0.00274655 0.000635975 0.000117267 1.99848e-05 3.07703e-06 4.05851e-07 4.62608e-08 4.50043e-09 3.64622e-10 2.42196e-11
 2.29995e-11 2.49638e-09 1.59768e-07 6.02914e-06 0.000134155 0.00176015 0.013617 0.0621192 0.167144 0.265589 0.250791 0.145128 0.0585576 0.0223978 0.00905839 0.0029207 0.000649674 0.000109163 1.6515e-05 2.30501e-06 2.77641e-07 2.87369e-08 2.5307e-09 1.83888e-10 1.08254e-11
 2.31932e-11 2.5174e-09 1.61113e-07 6.07991e-06 0.000135285 0.00177497 0.0137316 0.0626414 0.168539 0.267723 0.252414 0.144973 0.0567626 0.0203395 0.00782346 0.0024814 0.000548969 9.1519e-05 1.35522e-05 1.80151e-06 1.98784e-07 1.83513e-08 1.44505e-09 9.46172e-11 5.01668e-12
 2.30501e-11 2.50186e-09 1.60119e-07 6.04238e-06 0.00013445 0.00176401 0.0136469 0.0622554 0.167508 0.266146 0.251217 0.145096 0.0581029 0.0218698 0.0087322 0.00279334 0.000612353 9.93223e-05 1.41688e-05 1.8345e-06 1.98655e-07 1.77884e-08 1.32113e-09 7.89957e-11 3.74697e-12
#obs catch len freq
 4.53545e-11 4.2033e-09 2.29693e-07 7.40101e-06 0.000140613 0.00157529 0.010408 0.0405897 0.0938553 0.131735 0.125203 0.110875 0.115159 0.113776 0.0973049 0.0738693 0.0469857 0.0239925 0.00998081 0.00339847 0.000921897 0.000190581 2.85114e-05 2.9418e-06 2.01726e-07
 6.34548e-11 5.67195e-09 2.98942e-07 9.29028e-06 0.00017024 0.0018395 0.0117226 0.0441029 0.0984754 0.13412 0.126125 0.11421 0.119225 0.113787 0.0925329 0.0673525 0.0420223 0.0214575 0.00893351 0.002979 0.000766678 0.000146671 2.01114e-05 1.90588e-06 1.20698e-07
 4.61247e-11 3.96965e-09 2.01446e-07 6.02771e-06 0.000106352 0.00110658 0.00679398 0.0246905 0.0539892 0.0768445 0.0926818 0.126213 0.161449 0.158685 0.126229 0.086945 0.0495129 0.0226496 0.00859008 0.00270166 0.000666722 0.00012132 1.55446e-05 1.3566e-06 7.85648e-08
 2.51032e-11 2.07679e-09 1.01308e-07 2.91399e-06 4.94247e-05 0.000494447 0.00292139 0.0102656 0.0222297 0.0345459 0.0545047 0.0954631 0.143827 0.176449 0.181244 0.144494 0.0829671 0.0349287 0.0116024 0.00317785 0.000700669 0.000117169 1.39956e-05 1.13911e-06 6.11171e-08
 3.80593e-10 3.02208e-08 1.41494e-06 3.90621e-05 0.000635859 0.00610315 0.0345412 0.115273 0.22689 0.263682 0.182075 0.0777027 0.0265103 0.016297 0.0171378 0.0154368 0.0102146 0.00500943 0.00183521 0.00049856 0.000100067 1.47638e-05 1.56614e-06 1.15163e-07 5.6553e-09
 2.75051e-10 2.09321e-08 9.39288e-07 2.48527e-05 0.000387745 0.00356743 0.0193651 0.0621849 0.119754 0.147745 0.14738 0.160211 0.161215 0.111191 0.0478894 0.0136723 0.00351594 0.00123552 0.000478447 0.000144756 3.0751e-05 4.46836e-06 4.39589e-07 2.90186e-08 1.26931e-09
 6.76068e-10 4.92442e-08 2.11498e-06 5.35606e-05 0.000799783 0.00704199 0.036564 0.112009 0.202945 0.220335 0.152907 0.0868667 0.0601342 0.0492039 0.0372996 0.0221608 0.00896107 0.00229179 0.000374145 4.47037e-05 5.16754e-06 6.12118e-07 5.78006e-08 3.6932e-09 1.51945e-10
 7.72716e-10 5.38017e-08 2.20881e-06 5.347e-05 0.00076323 0.00642427 0.0318986 0.0936084 0.163937 0.17975 0.148764 0.129364 0.113684 0.0755746 0.0359722 0.0138425 0.0047051 0.00132739 0.000281988 4.23123e-05 4.32374e-06 3.03544e-07 1.57791e-08 6.6288e-10 2.20322e-11
 1.19207e-09 7.92444e-08 3.10616e-06 7.17903e-05 0.000978365 0.00786242 0.0372708 0.10439 0.174241 0.180858 0.138777 0.111374 0.0970707 0.0721958 0.0437956 0.0213926 0.00759424 0.00180284 0.000285923 3.25105e-05 2.88102e-06 1.9939e-07 9.99125e-09 3.3946e-10 7.67498e-12
 1.65613e-09 1.04994e-07 3.92486e-06 8.65112e-05 0.00112439 0.00861777 0.0389687 0.104219 0.166941 0.170179 0.137591 0.121594 0.107016 0.0746435 0.0414581 0.0189597 0.00663184 0.00164365 0.000284852 3.49628e-05 3.03442e-06 1.83838e-07 7.74759e-09 2.2805e-10 4.65016e-12
 2.16687e-09 1.30874e-07 4.66081e-06 9.7872e-05 0.00121187 0.00884953 0.0381391 0.0973807 0.150196 0.152984 0.135458 0.133986 0.121329 0.0844454 0.0467327 0.0207357 0.00672328 0.00147952 0.000221301 2.36633e-05 1.8873e-06 1.11207e-07 4.62573e-09 1.30162e-10 2.41463e-12
 3.67038e-09 2.10986e-07 7.15129e-06 0.000142924 0.00168432 0.0117057 0.0480073 0.116573 0.170444 0.162305 0.130234 0.117417 0.102364 0.0721379 0.0413058 0.018474 0.00580778 0.00120633 0.000166375 1.59223e-05 1.10332e-06 5.58554e-08 2.02593e-09 5.12931e-11 8.8375e-13
 6.15105e-09 3.36216e-07 1.08362e-05 0.000205931 0.00230764 0.0152499 0.0594693 0.137292 0.190709 0.171895 0.129073 0.107746 0.0864974 0.0552507 0.0284241 0.0116328 0.00344304 0.000690288 9.38087e-05 8.92337e-06 6.05477e-07 2.89784e-08 9.56112e-10 2.13923e-11 3.21272e-13
 8.25005e-09 4.28436e-07 1.31191e-05 0.000236871 0.00252191 0.015836 0.0587107 0.129204 0.173312 0.158959 0.134824 0.125199 0.0997097 0.059559 0.0280213 0.0104688 0.00283744 0.000518493 6.35492e-05 5.42971e-06 3.35456e-07 1.49854e-08 4.69958e-10 1.00153e-11 1.41518e-13
 1.17264e-08 5.78126e-07 1.68061e-05 0.000288073 0.00291176 0.0173597 0.0611308 0.128037 0.165007 0.150551 0.133891 0.128294 0.102921 0.0632851 0.0310417 0.0116671 0.00302792 0.000509657 5.55372e-05 4.07419e-06 2.11692e-07 7.99535e-09 2.16824e-10 4.09818e-12 5.25035e-14
 1.75725e-08 8.21899e-07 2.26668e-05 0.0003686 0.00353462 0.0199937 0.0668222 0.133049 0.164211 0.147148 0.132467 0.126451 0.0999301 0.0613829 0.0301545 0.0111442 0.00280706 0.000460011 4.94686e-05 3.61607e-06 1.84763e-07 6.59252e-09 1.61041e-10 2.6477e-12 2.90621e-14
 2.95567e-08 1.31071e-06 3.42723e-05 0.000528414 0.00480426 0.0257653 0.0816371 0.154029 0.179722 0.150903 0.125805 0.111995 0.0835227 0.048636 0.0225966 0.00785448 0.00185212 0.000283072 2.83118e-05 1.92721e-06 9.24965e-08 3.1421e-09 7.38e-11 1.16588e-12 1.21364e-14
 4.16289e-08 1.7494e-06 4.33485e-05 0.000633366 0.00545724 0.0277414 0.0833927 0.149944 0.170082 0.147669 0.133916 0.121153 0.0858967 0.0462863 0.0197839 0.00637234 0.00140456 0.000201824 1.90394e-05 1.2223e-06 5.50743e-08 1.74437e-09 3.80231e-11 5.57493e-13 5.40861e-15
 6.13278e-08 2.44128e-06 5.73015e-05 0.000793075 0.00647307 0.0311742 0.0888325 0.151818 0.165579 0.142746 0.131362 0.118777 0.0851485 0.0477491 0.0210859 0.00674923 0.00143662 0.000197499 1.78499e-05 1.1012e-06 4.7579e-08 1.43349e-09 2.94373e-11 4.03286e-13 3.63299e-15
 9.36554e-08 3.53034e-06 7.84674e-05 0.0010284 0.0079487 0.036255 0.0978966 0.158942 0.166391 0.14127 0.129213 0.113647 0.0788733 0.0430323 0.0184113 0.00567149 0.0011654 0.00015687 1.41509e-05 8.8156e-07 3.82341e-08 1.13511e-09 2.25445e-11 2.94766e-13 2.51143e-15
 1.4018e-07 5.00254e-06 0.000105266 0.00130613 0.00955789 0.0412811 0.105638 0.163151 0.164929 0.139907 0.128647 0.110361 0.0740541 0.0391311 0.0161164 0.00474455 0.000932704 0.000121249 1.07057e-05 6.5964e-07 2.83914e-08 8.35399e-10 1.63981e-11 2.10902e-13 1.75385e-15
 2.19464e-07 7.41358e-06 0.000147667 0.00173439 0.0120141 0.0491229 0.119049 0.174414 0.168274 0.137853 0.122384 0.100487 0.0646224 0.032755 0.0128342 0.00355852 0.000654791 7.94451e-05 6.54897e-06 3.78543e-07 1.54185e-08 4.33488e-10 8.19299e-12 1.01924e-13 8.21147e-16
 3.00381e-07 9.60433e-06 0.000181074 0.00201307 0.0132006 0.0511216 0.117635 0.165486 0.159859 0.141179 0.132724 0.106645 0.0647336 0.0306172 0.011163 0.00288009 0.000492584 5.53567e-05 4.20523e-06 2.2309e-07 8.33486e-09 2.15528e-10 3.76383e-12 4.35064e-14 3.27645e-16
 4.38056e-07 1.32573e-05 0.000236579 0.00248954 0.0154533 0.0566679 0.123655 0.166022 0.156464 0.139134 0.130554 0.103354 0.0626321 0.0296971 0.0105853 0.00258683 0.00040911 4.165e-05 2.81226e-06 1.31116e-07 4.31402e-09 9.92882e-11 1.55929e-12 1.63205e-14 1.11798e-16
 7.27374e-07 2.08371e-05 0.000351974 0.00350593 0.0205986 0.0714831 0.14747 0.186331 0.162498 0.130448 0.112026 0.0838825 0.0490538 0.0225235 0.00770767 0.00179762 0.000272034 2.67228e-05 1.75243e-06 7.88926e-08 2.45248e-09 5.1847e-11 7.31219e-13 6.79121e-15 4.11846e-17
 9.31342e-07 2.52571e-05 0.000403883 0.00380865 0.0211905 0.0697213 0.137135 0.169216 0.155458 0.142385 0.129489 0.0927882 0.0496316 0.0206332 0.00647718 0.00141182 0.000202993 1.92419e-05 1.2337e-06 5.46019e-08 1.66212e-09 3.40886e-11 4.61256e-13 4.05852e-15 2.29826e-17
 1.32579e-06 3.40405e-05 0.000515367 0.00460141 0.0242419 0.0755641 0.141122 0.166847 0.150636 0.138564 0.125694 0.0910737 0.050766 0.0218955 0.00682384 0.00141467 0.00018808 1.61704e-05 9.30193e-07 3.70513e-08 1.03226e-09 1.97796e-11 2.53914e-13 2.13528e-15 1.15664e-17
 1.96134e-06 4.76841e-05 0.000683594 0.00577944 0.028835 0.0851586 0.150985 0.17078 0.150358 0.136045 0.119237 0.0828053 0.0443045 0.0183028 0.00544476 0.00108047 0.000138929 1.17118e-05 6.65344e-07 2.59114e-08 6.87941e-10 1.22248e-11 1.43048e-13 1.09122e-15 5.38594e-18
#spawning biomass
 25091 28447.9 19374.4 12414.6 19711 37081.6 63552.2 98948.1 127335 141694 145013 151122 186130 225284 193874 188039 192932 193422 195986 186974 173202 177066 176329 170854 210045 206497 196383 202390 250509 319588 191327 102847 55546.3 33485 24029 20198.4 18706.6 18141.9 17932.6 17856.2 17828.7 17818.9 17815.4 17814.1 17813.7 17813.6 17813.5 17813.5 17813.5 17813.5 17813.5 17813.5 17813.5 17813.5 17813.5 17813.5 17813.5 17813.5 17813.5 17813.5 17813.5 17813.5 17813.5 17813.5 17813.5 17813.5 17813.5 17813.5 17813.5 17813.5 17813.5 17813.5 17813.5 17813.5 17813.5 17813.5 17813.5 17813.5 17813.5 17813.5 17813.5 17813.5 17813.5 17813.5 17813.5 17813.5 17813.5 17813.5 17813.5 17813.5 17813.5 17813.5 17813.5 17813.5 17813.5 17813.5 17813.5 17813.5 17813.5 17813.5 17813.5 17813.5 17813.5 17813.5 17813.5 17813.5 17813.5 17813.5 17813.5 17813.5 17813.5 17813.5 17813.5 17813.5 17813.5 17813.5 17813.5 17813.5 17813.5 17813.5 17813.5 17813.5 17813.5 17813.5 17813.5 17813.5 17813.5 17813.5 0 0 0 0 0 0 0 0 0 0 0 0 0 0 0 0 0 0 0 0 0 0 0 0 0
