SBPRF35
0.175648
Curr Bio
173519
B35
201259
F35
0.947323
FOFL
0.792039
OFL
47237.9
Bzero
50185.1
#pred survey bio
 3132.53 3899.32 6426.3 10802.4 16413 25210 35349.3 51883.9 72101.6 111705 142792 145828 169539 191383 174363 178863 186743 153073 152688 151921 155495 161240 183792 206240 180681 198623 201253 203857 7.00945e+06 4.17265e+06 2.49557e+06 1.34876e+06 855539 653288 563914 519726 495647 481693 473347 468286 465202 463322 462170 461461 461038 460785 460634 460543 460488 460455 460436 460424 460417 460412 460410 460408 460407 460407 460406 460406 460406 460406 460406 460406 460406 460406 460406 460406 460406 460406 460406 460406 460406 460406 460406 460406 460406 460406 460406 460406 460406 460406 460406 460406 460406 460406 460406 460406 460406 460406 460406 460406 460406 460406 460406 460406 460406 460406 460406 460406 460406 460406 460406 460406 460406 460406 460406 460406 460406 460406 460406 460406 460406 460406 460406 460406 460406 460406 460406 460406 460406 460406 460406 460406 460406 460406 460406 460406 0 0 0 0 0 0 0 0 0 0 0 0 0 0 0 0 0 0 0 0 0 0 0 0 0
#obs survey bio
 2650.69 2515.84 5707.75 10690.5 15873.2 24559.6 37655 57375.5 83565.2 103232 126892 109716 140106 114725 128428 154383 131241 108660 191909 202933 98834.7 127147 191322 134475 128649 166439 164867 128130
#pred catch bio
 1457.78 1408.39 2307.79 4196.9 5860.01 11078.9 13926.6 22769 28008.1 51141 78161.7 75926.4 84777 110028 96206.3 94628.7 117108 89069.2 89461.5 86916.4 91365.5 91864.5 98797.6 132843 105573 119871 119132 123843 47237.9 77497.5 46826.1 20701.6 10928.3 7910.66 7052.93 6821.4 6761.11 6745.82 6742.02 6741.09 6740.86 6740.81 6740.79 6740.79 6740.79 6740.79 6740.79 6740.79 6740.79 6740.79 6740.79 6740.79 6740.79 6740.79 6740.79 6740.79 6740.79 6740.79 6740.79 6740.79 6740.79 6740.79 6740.79 6740.79 6740.79 6740.79 6740.79 6740.79 6740.79 6740.79 6740.79 6740.79 6740.79 6740.79 6740.79 6740.79 6740.79 6740.79 6740.79 6740.79 6740.79 6740.79 6740.79 6740.79 6740.79 6740.79 6740.79 6740.79 6740.79 6740.79 6740.79 6740.79 6740.79 6740.79 6740.79 6740.79 6740.79 6740.79 6740.79 6740.79 6740.79 6740.79 6740.79 6740.79 6740.79 6740.79 6740.79 6740.79 6740.79 6740.79 6740.79 6740.79 6740.79 6740.79 6740.79 6740.79 6740.79 6740.79 6740.79 6740.79 6740.79 6740.79 6740.79 6740.79 6740.79 6740.79 6740.79 6740.79 0 0 0 0 0 0 0 0 0 0 0 0 0 0 0 0 0 0 0 0 0 0 0 0 0
#obs catch bio
 1178.4 1394.64 2225.68 4006.29 5256.39 9848.78 12395 19633.6 24273.6 46467.7 73737.1 71021.1 80608.4 108016 98678.6 92389.1 111263 84294.2 85583.1 77342.4 86223.8 84627.2 86324.7 115982 97082 109655 100022 118155
#pred cpue bio
 2116.16 1871.31 3119.21 5209.45 8093.18 12765.4 17119.3 25894.7 35136.3 54503.1 71175.9 72372.1 81700.7 96589.7 87937.4 87818.8 94202.4 74723.4 72871 72371.4 74545.2 74989.3 84029.2 99568.6 83203.8 90537.8 92880.2 95600.4 3.25281e+06 3.15716e+06 2.27102e+06 1.19809e+06 708722 506664 417301 373113 349035 335081 326734 321674 318590 316709 315558 314849 314426 314173 314021 313930 313876 313843 313823 313811 313804 313800 313797 313796 313795 313794 313794 313794 313794 313794 313794 313794 313794 313794 313794 313794 313794 313794 313794 313794 313794 313794 313794 313794 313794 313794 313794 313794 313794 313794 313794 313794 313794 313794 313794 313794 313794 313794 313794 313794 313794 313794 313794 313794 313794 313794 313794 313794 313794 313794 313794 313794 313794 313794 313794 313794 313794 313794 313794 313794 313794 313794 313794 313794 313794 313794 313794 313794 313794 313794 313794 313794 313794 313794 313794 313794 0 0 0 0 0 0 0 0 0 0 0 0 0 0 0 0 0 0 0 0 0 0 0 0 0
#obs cpue bio
 1534.13 2918.42 4952.82 6967.46 14907.9 22488.8 23610 48426.9 50013.3 67739.5 95175 120716 113913 161085 99813.8 125188 185221 118336 74203.8 98084.3 122953 142009 153532 251655 142496 170729 242058 158783
#pred surv len freq
 1.58834e-11 1.72475e-09 1.1042e-07 4.1678e-06 9.27483e-05 0.00121689 0.00941371 0.0429496 0.115733 0.185508 0.183161 0.128698 0.089326 0.0687379 0.0488091 0.0330609 0.0232856 0.0168002 0.0125352 0.00982179 0.00821006 0.00738897 0.00673407 0.00534615 0.00316657
 1.88889e-11 2.05111e-09 1.31314e-07 4.95643e-06 0.000110298 0.00144714 0.0111947 0.0510697 0.137538 0.219846 0.214154 0.142542 0.0876049 0.059245 0.0355965 0.0180349 0.00899084 0.00469266 0.00261045 0.00161981 0.00113308 0.000890996 0.000748728 0.000578695 0.000345094
 1.76573e-11 1.91737e-09 1.22752e-07 4.63326e-06 0.000103107 0.00135279 0.0104651 0.0477477 0.128678 0.206384 0.204356 0.144976 0.101391 0.0745826 0.0445503 0.0207253 0.00872433 0.00350489 0.00132374 0.000522127 0.000245275 0.000144841 0.000102505 7.32166e-05 4.26029e-05
 1.80348e-11 1.95836e-09 1.25376e-07 4.73233e-06 0.000105311 0.00138171 0.0106887 0.0487654 0.131387 0.210452 0.20708 0.143475 0.0961013 0.0694986 0.0429321 0.0218569 0.0101517 0.00413345 0.00138794 0.000408425 0.00011755 3.87831e-05 1.7581e-05 1.01057e-05 5.42422e-06
 1.74473e-11 1.89457e-09 1.21292e-07 4.57817e-06 0.00010188 0.0013367 0.0103407 0.0471806 0.127158 0.204012 0.202318 0.144377 0.102179 0.0760908 0.0463413 0.0224665 0.00996739 0.00408998 0.00144902 0.000439095 0.00011311 2.5396e-05 5.82592e-06 1.80503e-06 7.29118e-07
 1.72308e-11 1.87106e-09 1.19787e-07 4.52135e-06 0.000100616 0.00132012 0.0102124 0.0465954 0.125584 0.201513 0.19997 0.143081 0.101947 0.0769175 0.0483703 0.0250406 0.0118969 0.00499325 0.001748 0.000527727 0.000139119 3.09521e-05 5.73533e-06 9.60703e-07 1.8668e-07
 1.78322e-11 1.93637e-09 1.23968e-07 4.67917e-06 0.000104128 0.00136619 0.0105687 0.0482192 0.129932 0.208256 0.205557 0.14411 0.0986793 0.0720505 0.043875 0.0215322 0.00970466 0.00401892 0.00143324 0.000440746 0.000116119 2.56592e-05 4.69583e-06 7.00706e-07 8.71855e-08
 1.72523e-11 1.87339e-09 1.19936e-07 4.52699e-06 0.000100742 0.00132176 0.0102251 0.0466542 0.12575 0.201837 0.200563 0.1442 0.103484 0.0778592 0.047796 0.0234364 0.0104687 0.00424401 0.00146648 0.000440604 0.000116219 2.60409e-05 4.79902e-06 7.0866e-07 8.21897e-08
 1.76996e-11 1.92197e-09 1.23046e-07 4.64438e-06 0.000103354 0.00135604 0.0104902 0.0478614 0.128976 0.206789 0.204416 0.144137 0.0997995 0.0734371 0.0448734 0.0220527 0.00986578 0.00397322 0.00134661 0.000391755 9.95525e-05 2.16709e-05 3.95269e-06 5.85632e-07 6.78738e-08
 1.77283e-11 1.92508e-09 1.23245e-07 4.65189e-06 0.000103521 0.00135823 0.0105071 0.0479385 0.12918 0.207091 0.204593 0.143939 0.0992622 0.0729318 0.0447158 0.0221904 0.0100751 0.00412684 0.00142663 0.0004215 0.000106928 2.27879e-05 4.02937e-06 5.81307e-07 6.646e-08
 1.70656e-11 1.85312e-09 1.18639e-07 4.47802e-06 9.96517e-05 0.00130747 0.0101146 0.0461511 0.124412 0.199837 0.19927 0.145094 0.106353 0.0806207 0.0487293 0.0228727 0.00964408 0.00375062 0.0012579 0.000365337 9.23835e-05 1.97487e-05 3.47615e-06 4.92322e-07 5.48027e-08
 1.69483e-11 1.84038e-09 1.17823e-07 4.44722e-06 9.89665e-05 0.00129848 0.0100451 0.0458349 0.123573 0.198597 0.198538 0.14588 0.108513 0.0826499 0.0493525 0.0223189 0.0088335 0.00317887 0.000963083 0.000248179 5.70402e-05 1.15638e-05 1.99046e-06 2.7958e-07 3.08506e-08
 1.76429e-11 1.9158e-09 1.22651e-07 4.62948e-06 0.000103022 0.00135169 0.0104566 0.0477088 0.128576 0.206236 0.204286 0.145137 0.101804 0.0751113 0.045046 0.021037 0.00869992 0.00319594 0.000953189 0.0002328 4.88689e-05 8.84664e-06 1.37041e-06 1.79314e-07 1.90906e-08
 1.66443e-11 1.80737e-09 1.1571e-07 4.36746e-06 9.71914e-05 0.00127519 0.00986499 0.0450145 0.12138 0.195223 0.195873 0.145795 0.110824 0.0855351 0.0514143 0.0234649 0.00941665 0.00343549 0.00104912 0.0002657 5.66276e-05 9.94879e-06 1.42727e-06 1.68004e-07 1.61177e-08
 1.65948e-11 1.802e-09 1.15366e-07 4.35448e-06 9.69027e-05 0.0012714 0.0098357 0.0448812 0.121026 0.194693 0.195531 0.146034 0.111595 0.0862988 0.051718 0.0233601 0.00918376 0.00324546 0.000943989 0.000225735 4.64777e-05 8.15699e-06 1.17584e-06 1.35255e-07 1.217e-08
 1.72528e-11 1.87345e-09 1.1994e-07 4.52713e-06 0.000100745 0.00132181 0.0102255 0.0466564 0.125765 0.201933 0.200992 0.145374 0.105302 0.0791838 0.0475847 0.0220519 0.00900252 0.00326396 0.000957119 0.000227112 4.54721e-05 7.63959e-06 1.05862e-06 1.19427e-07 1.06545e-08
 1.66381e-11 1.8067e-09 1.15667e-07 4.36584e-06 9.71555e-05 0.00127472 0.00986135 0.0449979 0.121336 0.195158 0.195838 0.145847 0.110956 0.0856625 0.0514632 0.0234395 0.0093594 0.00338005 0.00101313 0.000249727 5.1631e-05 8.75963e-06 1.19584e-06 1.30524e-07 1.12285e-08
 1.70121e-11 1.84731e-09 1.18267e-07 4.46397e-06 9.93392e-05 0.00130337 0.0100829 0.0460079 0.124043 0.199383 0.199465 0.14691 0.109576 0.0830969 0.0485543 0.0207172 0.00745272 0.00244225 0.000673457 0.000152734 2.97898e-05 4.98347e-06 6.88004e-07 7.57343e-08 6.45886e-09
 1.75486e-11 1.90557e-09 1.21996e-07 4.60475e-06 0.000102472 0.00134447 0.0104008 0.0474553 0.127907 0.205278 0.203878 0.146262 0.104283 0.077206 0.0452718 0.0198401 0.00743642 0.00248667 0.000671209 0.000143066 2.55675e-05 3.91437e-06 5.03885e-07 5.3467e-08 4.5283e-09
 1.74544e-11 1.89534e-09 1.21342e-07 4.58004e-06 0.000101922 0.00133725 0.010345 0.0472016 0.127233 0.204279 0.203273 0.146843 0.10592 0.0786982 0.0456236 0.0193154 0.00686057 0.00221246 0.000595588 0.00012884 2.31003e-05 3.41959e-06 4.09697e-07 3.97721e-08 3.11392e-09
 1.74035e-11 1.88981e-09 1.20987e-07 4.56667e-06 0.000101625 0.00133335 0.0103148 0.0470638 0.126863 0.203693 0.202731 0.146566 0.105913 0.0789347 0.0461146 0.0199047 0.00727955 0.00238567 0.000635884 0.000133721 2.33644e-05 3.4333e-06 4.11263e-07 3.91785e-08 2.91316e-09
 1.79131e-11 1.94515e-09 1.24531e-07 4.7004e-06 0.000104601 0.00137239 0.0106167 0.0484393 0.130539 0.209339 0.207144 0.146557 0.101799 0.0739175 0.0426743 0.0181627 0.00651368 0.00210894 0.000563136 0.00011953 2.0949e-05 3.03725e-06 3.55302e-07 3.31941e-08 2.43865e-09
 1.81699e-11 1.97304e-09 1.26316e-07 4.76778e-06 0.0001061 0.00139206 0.0107689 0.0491322 0.132391 0.212188 0.209388 0.14661 0.0998165 0.0714523 0.0409238 0.0172096 0.00605375 0.00192566 0.000507868 0.000106685 1.85858e-05 2.69889e-06 3.16851e-07 2.9474e-08 2.13335e-09
 1.72337e-11 1.87137e-09 1.19807e-07 4.52211e-06 0.000100633 0.00132034 0.0102142 0.0466057 0.12564 0.201828 0.201338 0.146782 0.107605 0.0808136 0.047156 0.0201739 0.00727159 0.00235912 0.000627837 0.000132289 2.30369e-05 3.3349e-06 3.90251e-07 3.6289e-08 2.63092e-09
 1.79182e-11 1.9457e-09 1.24566e-07 4.70173e-06 0.00010463 0.00137278 0.0106198 0.0484534 0.130582 0.209448 0.207437 0.147241 0.102801 0.0745565 0.0423448 0.0171787 0.00565144 0.00168239 0.000422451 8.45008e-05 1.39884e-05 1.95163e-06 2.233e-07 2.04638e-08 1.46939e-09
 1.81709e-11 1.97314e-09 1.26322e-07 4.76803e-06 0.000106105 0.00139214 0.0107694 0.0491349 0.1324 0.212213 0.209465 0.146799 0.1001 0.0716459 0.0408602 0.0169604 0.00581344 0.00178522 0.000447573 8.66713e-05 1.36225e-05 1.79929e-06 1.95824e-07 1.72062e-08 1.1985e-09
 1.78541e-11 1.93874e-09 1.2412e-07 4.6849e-06 0.000104256 0.00136787 0.0105818 0.0482804 0.13012 0.208747 0.206929 0.147373 0.103518 0.0753203 0.042722 0.0172137 0.00558465 0.00163578 0.000403927 7.87123e-05 1.2461e-05 1.62577e-06 1.70329e-07 1.41721e-08 9.33041e-10
 1.76555e-11 1.91718e-09 1.22739e-07 4.6328e-06 0.000103096 0.00135266 0.0104641 0.0477443 0.128685 0.206526 0.205106 0.147092 0.10469 0.0769993 0.0442069 0.0183135 0.00623606 0.00189948 0.000471543 8.98677e-05 1.37931e-05 1.76759e-06 1.84691e-07 1.53011e-08 9.8571e-10
#obs surv len freq
 1.84563e-11 2.00413e-09 1.28306e-07 4.84293e-06 0.000107772 0.001414 0.0109384 0.0499019 0.134408 0.214934 0.209711 0.14039 0.0878596 0.0624767 0.0420108 0.0247715 0.0128995 0.00558649 0.00192912 0.0005259 0.00011091 1.75391e-05 2.01133e-06 1.61574e-07 8.80411e-09
 1.51611e-11 1.64632e-09 1.05399e-07 3.97829e-06 8.85313e-05 0.00116158 0.00898661 0.0410176 0.110741 0.179131 0.184058 0.147194 0.122948 0.0989144 0.0604741 0.0281076 0.0113261 0.0041433 0.00129805 0.000329741 6.50032e-05 9.5398e-06 1.00678e-06 7.41467e-08 3.70707e-09
 1.66201e-11 1.80475e-09 1.15541e-07 4.36111e-06 9.70505e-05 0.00127334 0.00985089 0.0449528 0.121231 0.195 0.195185 0.142841 0.10471 0.0812222 0.0541777 0.0297825 0.0134801 0.00468942 0.00121334 0.000243401 3.94477e-05 5.05082e-06 4.81282e-07 3.235e-08 1.47707e-09
 1.65122e-11 1.79303e-09 1.14791e-07 4.3328e-06 9.64207e-05 0.00126509 0.00978729 0.044668 0.120527 0.194302 0.196179 0.147051 0.11027 0.0834721 0.0514323 0.0253035 0.0106485 0.00373533 0.00101789 0.000206924 3.06947e-05 3.28942e-06 2.5518e-07 1.42793e-08 5.63013e-10
 1.55439e-11 1.68788e-09 1.08059e-07 4.07871e-06 9.07665e-05 0.00119091 0.00921388 0.0420598 0.113593 0.183847 0.188543 0.147866 0.117801 0.0920085 0.0577265 0.028845 0.0119859 0.00398471 0.00101229 0.000195387 2.83522e-05 2.98463e-06 2.19423e-07 1.09921e-08 3.70552e-10
 1.69828e-11 1.84413e-09 1.18063e-07 4.45629e-06 9.91687e-05 0.00130115 0.0100664 0.0459439 0.123979 0.19982 0.20104 0.147749 0.105892 0.0775751 0.0480215 0.024165 0.0100632 0.00329888 0.000811245 0.000148313 2.00332e-05 1.9577e-06 1.34844e-07 6.38156e-09 2.02412e-10
 1.61203e-11 1.75047e-09 1.12067e-07 4.22997e-06 9.41328e-05 0.00123509 0.00955597 0.0436259 0.117859 0.190864 0.195577 0.151336 0.115723 0.0857996 0.051039 0.0240184 0.00940808 0.00298483 0.000725672 0.00013135 1.7308e-05 1.61632e-06 1.04489e-07 4.59036e-09 1.34719e-10
 1.61008e-11 1.74836e-09 1.11932e-07 4.22487e-06 9.40193e-05 0.00123361 0.00954471 0.0435776 0.117755 0.190813 0.195689 0.151123 0.114641 0.0849501 0.0516201 0.0251185 0.00993968 0.00305729 0.000702013 0.000119617 1.49978e-05 1.34607e-06 8.36875e-08 3.50774e-09 9.70803e-11
 1.62942e-11 1.76936e-09 1.13276e-07 4.27562e-06 9.51487e-05 0.00124844 0.00965963 0.0441055 0.119207 0.193257 0.198217 0.152293 0.113534 0.0823744 0.0492718 0.023726 0.00934205 0.00287711 0.000661198 0.000111078 1.34054e-05 1.13656e-06 6.62874e-08 2.60981e-09 6.80628e-11
 1.564e-11 1.69832e-09 1.08728e-07 4.10397e-06 9.13294e-05 0.00119835 0.00927283 0.0423531 0.114616 0.186707 0.194658 0.155568 0.120798 0.0879198 0.0511781 0.0235639 0.0088119 0.00258568 0.000569864 9.23997e-05 1.08012e-05 8.8469e-07 4.93978e-08 1.84008e-09 4.49527e-11
 1.44037e-11 1.56407e-09 1.00133e-07 3.77956e-06 8.41108e-05 0.00110367 0.00854135 0.0390326 0.105846 0.173754 0.185896 0.157778 0.130789 0.0982604 0.0582034 0.0271203 0.0100511 0.00284364 0.000592547 9.00479e-05 9.86848e-06 7.61423e-07 4.02359e-08 1.42126e-09 3.28819e-11
 1.4927e-11 1.62089e-09 1.03771e-07 3.91687e-06 8.71666e-05 0.00114377 0.00885159 0.040447 0.109626 0.179475 0.189756 0.155685 0.123826 0.0923526 0.0565461 0.0277181 0.0106691 0.0030681 0.000638519 9.50898e-05 9.99625e-06 7.26982e-07 3.58559e-08 1.17861e-09 2.53979e-11
 1.49014e-11 1.61811e-09 1.03593e-07 3.91016e-06 8.70178e-05 0.00114184 0.00883754 0.0403963 0.109614 0.180115 0.192324 0.160209 0.127199 0.0915379 0.0526468 0.0240437 0.00878471 0.00246562 0.000509245 7.5333e-05 7.78992e-06 5.49527e-07 2.59127e-08 8.0373e-10 1.61745e-11
 1.24937e-11 1.35667e-09 8.68556e-08 3.27842e-06 7.29609e-05 0.000957491 0.00741364 0.0339385 0.0926055 0.155224 0.17621 0.166158 0.148237 0.111836 0.0647573 0.0291 0.010198 0.00269016 0.000519032 7.22916e-05 7.13624e-06 4.85491e-07 2.21318e-08 6.60908e-10 1.27075e-11
 1.33076e-11 1.44505e-09 9.25135e-08 3.49198e-06 7.77133e-05 0.00101984 0.00789553 0.0361268 0.0983635 0.163418 0.18 0.159435 0.135635 0.104548 0.065539 0.0321861 0.0118945 0.00317066 0.00059898 7.97976e-05 7.4145e-06 4.71581e-07 2.01217e-08 5.65266e-10 1.0275e-11
 1.42547e-11 1.54789e-09 9.90978e-08 3.74051e-06 8.32448e-05 0.00109244 0.00845781 0.0386997 0.10534 0.174638 0.190341 0.162978 0.130603 0.0940069 0.0551356 0.0258924 0.00952672 0.00261378 0.000512507 6.97459e-05 6.43837e-06 3.96023e-07 1.60151e-08 4.21008e-10 7.11575e-12
 1.37883e-11 1.49725e-09 9.58558e-08 3.61816e-06 8.05237e-05 0.00105681 0.00818396 0.0374774 0.102282 0.170939 0.190198 0.16833 0.137096 0.0966124 0.0537982 0.023483 0.00797965 0.0020416 0.000381186 5.05816e-05 4.62835e-06 2.83249e-07 1.13103e-08 2.89499e-10 4.69123e-12
 1.37723e-11 1.49551e-09 9.57444e-08 3.61397e-06 8.04315e-05 0.00105564 0.00817588 0.0374521 0.102291 0.171192 0.190657 0.168157 0.136164 0.0963403 0.05438 0.023835 0.00791298 0.00192338 0.000335161 4.13065e-05 3.53224e-06 2.04435e-07 7.81218e-09 1.92916e-10 3.02504e-12
 1.37697e-11 1.49523e-09 9.57269e-08 3.61334e-06 8.04189e-05 0.00105554 0.00817657 0.0374746 0.102493 0.172089 0.192693 0.170299 0.136473 0.0947312 0.0524067 0.0225564 0.00737025 0.00175994 0.000298189 3.51174e-05 2.82007e-06 1.5155e-07 5.35786e-09 1.22698e-10 1.79415e-12
 1.42978e-11 1.55258e-09 9.93982e-08 3.75194e-06 8.35046e-05 0.00109608 0.00849119 0.0389212 0.106448 0.178484 0.198338 0.171344 0.132539 0.0889349 0.0476507 0.0197805 0.00620499 0.00142068 0.000230917 2.60726e-05 1.99969e-06 1.01895e-07 3.38469e-09 7.21932e-11 9.7685e-13
 1.42041e-11 1.54241e-09 9.87475e-08 3.72741e-06 8.29615e-05 0.00108905 0.00843905 0.0387118 0.106094 0.178783 0.20056 0.174733 0.134167 0.0876499 0.0451356 0.0178673 0.00532741 0.00115787 0.000178329 1.904e-05 1.37903e-06 6.62989e-08 2.07514e-09 4.16089e-11 5.27458e-13
 1.4562e-11 1.58127e-09 1.01236e-07 3.82138e-06 8.50548e-05 0.00111659 0.00865357 0.0397065 0.108862 0.183397 0.204814 0.17562 0.131249 0.0833685 0.0416893 0.015876 0.0044947 0.000917805 0.00013196 1.31168e-05 8.84097e-07 3.95736e-08 1.15381e-09 2.15569e-11 2.54647e-13
 1.47867e-11 1.60567e-09 1.02799e-07 3.8804e-06 8.63709e-05 0.00113395 0.00878983 0.0403496 0.110723 0.186748 0.208361 0.176914 0.129275 0.0798325 0.0387476 0.0142727 0.00388936 0.000759692 0.000103608 9.6755e-06 6.07595e-07 2.51986e-08 6.78809e-10 1.17073e-11 1.27682e-13
 1.39262e-11 1.51224e-09 9.68177e-08 3.65475e-06 8.13559e-05 0.00106839 0.00828781 0.0381248 0.105217 0.180064 0.207214 0.1836 0.137221 0.0832607 0.0385031 0.0132863 0.00337031 0.000612205 7.76414e-05 6.73907e-06 3.92894e-07 1.50984e-08 3.75898e-10 5.97581e-12 5.99454e-14
 1.39186e-11 1.51142e-09 9.67661e-08 3.65286e-06 8.13172e-05 0.00106799 0.00828658 0.0381367 0.105328 0.180348 0.207183 0.182574 0.136196 0.0835943 0.0394043 0.013707 0.00341771 0.000594849 7.09719e-05 5.73224e-06 3.09244e-07 1.09696e-08 2.51832e-10 3.68919e-12 3.40782e-14
 1.49828e-11 1.62698e-09 1.04165e-07 3.93218e-06 8.75348e-05 0.00114961 0.00891821 0.0410125 0.112954 0.191616 0.214526 0.179678 0.126241 0.0742579 0.0342466 0.0118034 0.00293244 0.000507886 5.97464e-05 4.68428e-06 2.41045e-07 8.03334e-09 1.71414e-10 2.3186e-12 1.97052e-14
 1.31851e-11 1.43178e-09 9.16707e-08 3.46083e-06 7.70606e-05 0.00101271 0.00787013 0.0363638 0.101385 0.177165 0.210564 0.191237 0.141411 0.0822448 0.0359016 0.0115608 0.00270261 0.000446262 5.05627e-05 3.83563e-06 1.90814e-07 6.11691e-09 1.24572e-10 1.59387e-12 1.27024e-14
 1.40612e-11 1.52692e-09 9.77621e-08 3.69078e-06 8.21783e-05 0.00107983 0.00838791 0.0386963 0.107366 0.185079 0.213351 0.18541 0.133305 0.0780739 0.0348566 0.0112914 0.0025696 0.000401713 4.25126e-05 3.0083e-06 1.40289e-07 4.2406e-09 8.17632e-11 9.91909e-13 7.489e-15
#pred catch len freq
 1.0577e-11 1.14853e-09 7.35302e-08 2.7754e-06 6.17627e-05 0.000810363 0.00626955 0.02862 0.0773327 0.125673 0.132215 0.114822 0.109512 0.100859 0.0777315 0.0563221 0.0414843 0.0305285 0.0229633 0.0180475 0.0151004 0.0135936 0.0123894 0.00983599 0.00582595
 1.45285e-11 1.57762e-09 1.01001e-07 3.81228e-06 8.48368e-05 0.0011131 0.00861132 0.0393005 0.106062 0.171312 0.175307 0.139574 0.117865 0.097834 0.0636754 0.0343464 0.0181836 0.00981899 0.00554128 0.00345783 0.00242309 0.00190622 0.00160198 0.0012382 0.000738379
 1.29251e-11 1.40351e-09 8.98541e-08 3.39154e-06 7.54742e-05 0.000990268 0.00766152 0.0349766 0.0945411 0.153898 0.163087 0.144246 0.13826 0.120013 0.0761661 0.0373753 0.016713 0.00698274 0.00268664 0.00106989 0.000504733 0.00029842 0.000211244 0.000150891 8.78001e-05
 1.35648e-11 1.47297e-09 9.4301e-08 3.55939e-06 7.92093e-05 0.00103927 0.00804041 0.036701 0.0991289 0.160777 0.167644 0.141541 0.12906 0.111282 0.0735967 0.0396364 0.0193856 0.00812018 0.00276275 0.000819551 0.000237052 7.83925e-05 3.55625e-05 2.04444e-05 1.09737e-05
 1.26107e-11 1.36937e-09 8.76681e-08 3.30904e-06 7.36381e-05 0.000966178 0.0074752 0.0341272 0.0922614 0.150318 0.159909 0.143003 0.138917 0.12195 0.0790677 0.040576 0.0191072 0.00812482 0.00292521 0.000893792 0.000231254 5.20357e-05 1.19502e-05 3.70415e-06 1.49639e-06
 1.27884e-11 1.38866e-09 8.89035e-08 3.35567e-06 7.46757e-05 0.00097979 0.00758042 0.0346053 0.0935234 0.152128 0.160691 0.140918 0.134324 0.118152 0.0788535 0.0429704 0.0213965 0.00921222 0.0032631 0.00099185 0.00026247 5.84982e-05 1.08477e-05 1.81769e-06 3.53261e-07
 1.33448e-11 1.44908e-09 9.27717e-08 3.50167e-06 7.79248e-05 0.00102242 0.00791012 0.0361082 0.0975538 0.158433 0.166177 0.142745 0.132628 0.114507 0.0742736 0.038455 0.0182906 0.00781711 0.00282777 0.000876081 0.000231722 5.12985e-05 9.39577e-06 1.40254e-06 1.74539e-07
 1.28568e-11 1.3961e-09 8.93794e-08 3.37363e-06 7.50755e-05 0.000985036 0.00762104 0.0347915 0.0940365 0.153043 0.162029 0.14297 0.13691 0.119597 0.0776112 0.0399349 0.0187329 0.0078159 0.00273634 0.00082798 0.000219242 4.92115e-05 9.07579e-06 1.34062e-06 1.55505e-07
 1.31315e-11 1.42593e-09 9.12893e-08 3.44572e-06 7.66797e-05 0.00100608 0.00778379 0.0355327 0.0960158 0.156069 0.164327 0.142743 0.134365 0.116714 0.0759436 0.0393958 0.018603 0.00773106 0.00265813 0.000779496 0.000198983 4.34081e-05 7.92477e-06 1.17459e-06 1.36155e-07
 1.36155e-11 1.47848e-09 9.46534e-08 3.57269e-06 7.95054e-05 0.00104315 0.00807048 0.0368386 0.0995054 0.161427 0.1685 0.142687 0.130383 0.11188 0.0726519 0.0377699 0.0179431 0.00754338 0.00263855 0.000784522 0.000199718 4.26338e-05 7.54413e-06 1.08873e-06 1.24491e-07
 1.34173e-11 1.45695e-09 9.32755e-08 3.52069e-06 7.83481e-05 0.00102797 0.00795312 0.0363052 0.0980965 0.159397 0.16757 0.144855 0.135296 0.116083 0.073202 0.0355212 0.0155303 0.00618071 0.00209453 0.000611506 0.000155062 3.31899e-05 5.84531e-06 8.2806e-07 9.2185e-08
 1.30915e-11 1.42158e-09 9.10109e-08 3.43521e-06 7.64459e-05 0.00100302 0.00776016 0.0354269 0.0957586 0.155881 0.165194 0.146091 0.139829 0.120666 0.0751493 0.0351498 0.0144724 0.00534999 0.00164098 0.000425595 9.81906e-05 1.99436e-05 3.4355e-06 4.82698e-07 5.32705e-08
 1.38455e-11 1.50346e-09 9.6253e-08 3.63307e-06 8.08489e-05 0.00106078 0.00820686 0.0374611 0.101186 0.164148 0.171312 0.144947 0.132034 0.112155 0.0706443 0.0342581 0.0147502 0.00555765 0.00167653 0.000412013 8.68353e-05 1.57534e-05 2.44271e-06 3.19756e-07 3.40487e-08
 1.31078e-11 1.42335e-09 9.11243e-08 3.43949e-06 7.65412e-05 0.00100427 0.00776983 0.0354709 0.095875 0.156052 0.165288 0.145959 0.139493 0.12036 0.0750719 0.0352657 0.0146306 0.00545785 0.00168356 0.000428542 9.16027e-05 1.61179e-05 2.31395e-06 2.7247e-07 2.61441e-08
 1.2872e-11 1.39774e-09 8.94848e-08 3.37761e-06 7.5164e-05 0.0009862 0.00763012 0.0348347 0.0941773 0.153465 0.163369 0.146305 0.14193 0.123082 0.0766291 0.0356865 0.0145434 0.00526695 0.00154914 0.000372597 7.69957e-05 1.35391e-05 1.95337e-06 2.24778e-07 2.02285e-08
 1.35399e-11 1.47027e-09 9.41282e-08 3.55287e-06 7.90642e-05 0.00103737 0.0080258 0.0366365 0.0989854 0.160791 0.1688 0.145325 0.135069 0.115548 0.0725697 0.0347998 0.0147483 0.00547684 0.00162334 0.000387415 7.78565e-05 1.31071e-05 1.818e-06 2.05188e-07 1.83092e-08
 1.35338e-11 1.46961e-09 9.40858e-08 3.55127e-06 7.90286e-05 0.0010369 0.00802221 0.0366206 0.0989487 0.160782 0.169027 0.146093 0.13628 0.116344 0.0722029 0.0336688 0.013807 0.00507639 0.00153391 0.000379627 7.86757e-05 1.33647e-05 1.82559e-06 1.99318e-07 1.7149e-08
 1.36796e-11 1.48544e-09 9.50995e-08 3.58953e-06 7.98801e-05 0.00104807 0.00810864 0.0370152 0.100016 0.162528 0.170909 0.147797 0.137714 0.116679 0.0705878 0.0308523 0.0114458 0.00384205 0.00107165 0.000244389 4.78269e-05 8.01543e-06 1.10749e-06 1.21954e-07 1.04023e-08
 1.44084e-11 1.56458e-09 1.00166e-07 3.78077e-06 8.41357e-05 0.0011039 0.00854039 0.0389814 0.105264 0.170532 0.176889 0.146875 0.13046 0.108638 0.0661573 0.0297302 0.0114762 0.0039196 0.00106826 0.000228799 4.10219e-05 6.29273e-06 8.1081e-07 8.60707e-08 7.29095e-09
 1.41909e-11 1.54097e-09 9.8654e-08 3.7237e-06 8.28657e-05 0.00108724 0.00841157 0.0383951 0.103704 0.168193 0.175337 0.147788 0.133593 0.111667 0.0671776 0.0291417 0.0106761 0.00352834 0.00096098 0.000209041 3.76072e-05 5.57795e-06 6.68932e-07 6.49683e-08 5.08781e-09
 1.42358e-11 1.54583e-09 9.89657e-08 3.73546e-06 8.31275e-05 0.00109068 0.00843811 0.0385157 0.104023 0.168654 0.175557 0.147327 0.132535 0.110785 0.0671206 0.0296796 0.0111775 0.00374448 0.00100829 0.000213091 3.73546e-05 5.49998e-06 6.59459e-07 6.28503e-08 4.67428e-09
 1.479e-11 1.60601e-09 1.02819e-07 3.88089e-06 8.63637e-05 0.00113313 0.00876646 0.0400115 0.108021 0.174802 0.180394 0.147421 0.128221 0.105431 0.0633269 0.0276311 0.0102153 0.00338614 0.000914259 0.000195091 3.43071e-05 4.98381e-06 5.83587e-07 5.45476e-08 4.00835e-09
 1.49081e-11 1.61884e-09 1.0364e-07 3.91188e-06 8.70534e-05 0.00114218 0.00883644 0.0403303 0.108875 0.176124 0.181481 0.147595 0.127538 0.104449 0.0624587 0.0269821 0.00981585 0.00320706 0.00085672 0.000181069 3.16665e-05 4.60892e-06 5.41699e-07 5.04163e-08 3.65011e-09
 1.44837e-11 1.57275e-09 1.00689e-07 3.80051e-06 8.4575e-05 0.00110967 0.00858499 0.0391849 0.105813 0.171419 0.177792 0.147564 0.130902 0.108584 0.0653344 0.0284837 0.0105047 0.00346867 0.000930791 0.000196898 3.43738e-05 4.9835e-06 5.83601e-07 5.42873e-08 3.93645e-09
 1.49323e-11 1.62146e-09 1.03808e-07 3.91822e-06 8.71945e-05 0.00114403 0.00885078 0.0403961 0.109057 0.176459 0.182014 0.148485 0.128697 0.105106 0.0619104 0.0256416 0.00866887 0.00264437 0.000672284 0.000135236 2.24645e-05 3.14077e-06 3.59734e-07 3.29828e-08 2.36884e-09
 1.54173e-11 1.67413e-09 1.0718e-07 4.04549e-06 9.00267e-05 0.00118119 0.00913811 0.0417046 0.112549 0.18178 0.185965 0.147793 0.12375 0.0996707 0.0589825 0.0249925 0.00878561 0.0027546 0.000697576 0.000135711 2.13952e-05 2.8316e-06 3.08497e-07 2.71196e-08 1.88945e-09
 1.4908e-11 1.61883e-09 1.03639e-07 3.91185e-06 8.70527e-05 0.00114217 0.0088364 0.0403307 0.108884 0.176204 0.181868 0.148662 0.129162 0.105524 0.0620016 0.0254789 0.0084857 0.00254588 0.000636466 0.000124718 1.98104e-05 2.59002e-06 2.71647e-07 2.26141e-08 1.48924e-09
 1.47523e-11 1.60193e-09 1.02557e-07 3.87101e-06 8.6144e-05 0.00113025 0.00874419 0.0399104 0.107757 0.174441 0.180335 0.148157 0.12965 0.106565 0.0633085 0.02676 0.00934834 0.00290895 0.000729663 0.000139722 2.1512e-05 2.76259e-06 2.88977e-07 2.39535e-08 1.54349e-09
#obs catch len freq
 1.15652e-11 1.25584e-09 8.04e-08 3.03471e-06 6.75334e-05 0.000886083 0.00685563 0.0313006 0.084641 0.138025 0.147223 0.132524 0.131277 0.122753 0.0923754 0.0587034 0.0321397 0.014322 0.00508614 0.00144176 0.000317806 5.2193e-05 6.14419e-06 5.02069e-07 2.77007e-08
 1.71763e-11 1.86515e-09 1.19408e-07 4.50707e-06 0.000100298 0.00131595 0.0101802 0.0464496 0.125194 0.200844 0.198815 0.140337 0.0973234 0.0740632 0.0506563 0.0298589 0.0153845 0.00654269 0.00220688 0.00058413 0.000118811 1.79986e-05 1.96426e-06 1.49284e-07 7.65806e-09
 1.37811e-11 1.49646e-09 9.58047e-08 3.61616e-06 8.04729e-05 0.00105586 0.00816928 0.0372987 0.100846 0.164195 0.173267 0.149115 0.135196 0.111821 0.0683421 0.0316149 0.0126354 0.00454854 0.00139179 0.000342872 6.50883e-05 9.13798e-06 9.16857e-07 6.38345e-08 3.00229e-09
 1.55708e-11 1.69081e-09 1.08247e-07 4.0858e-06 9.09239e-05 0.00119297 0.0092295 0.0421255 0.113708 0.183628 0.18684 0.143825 0.113321 0.0908369 0.0607591 0.0331359 0.0147417 0.00500946 0.00126291 0.000245981 3.84395e-05 4.70736e-06 4.26046e-07 2.70474e-08 1.16097e-09
 1.55203e-11 1.68533e-09 1.07896e-07 4.07254e-06 9.06291e-05 0.00118911 0.00919999 0.0419972 0.113435 0.183672 0.188702 0.148734 0.119024 0.0924378 0.0569341 0.0278076 0.0115342 0.00395426 0.00104646 0.000205465 2.92903e-05 3.00212e-06 2.21492e-07 1.17125e-08 4.33913e-10
 1.47366e-11 1.60022e-09 1.02448e-07 3.8669e-06 8.6053e-05 0.00112909 0.00873603 0.0398883 0.107843 0.175313 0.182795 0.149701 0.125113 0.0991087 0.061909 0.0306141 0.012494 0.00405128 0.000999244 0.000186259 2.5931e-05 2.60351e-06 1.81674e-07 8.6012e-09 2.72848e-10
 1.62872e-11 1.7686e-09 1.13227e-07 4.27377e-06 9.51073e-05 0.00124787 0.00965471 0.0440736 0.119031 0.192496 0.196154 0.149382 0.112162 0.0836347 0.0516023 0.0256752 0.0104833 0.00334576 0.000797289 0.000140537 1.81959e-05 1.69479e-06 1.10683e-07 4.94334e-09 1.4739e-10
 1.54796e-11 1.68091e-09 1.07613e-07 4.06187e-06 9.03921e-05 0.00118603 0.00917692 0.0419058 0.113326 0.184252 0.191467 0.153415 0.121786 0.0911178 0.0538312 0.0250245 0.0096126 0.00296796 0.000698233 0.00012161 1.53306e-05 1.36254e-06 8.34365e-08 3.45685e-09 9.52986e-11
 1.55455e-11 1.68806e-09 1.08071e-07 4.07917e-06 9.07771e-05 0.00119109 0.00921628 0.0420886 0.113843 0.185158 0.192311 0.153124 0.119926 0.0894627 0.053935 0.0258675 0.0100076 0.00298951 0.000663633 0.000108744 1.30312e-05 1.11145e-06 6.53538e-08 2.58023e-09 6.70289e-11
 1.58926e-11 1.72575e-09 1.10484e-07 4.17024e-06 9.28039e-05 0.00121769 0.00942229 0.0430316 0.116405 0.189306 0.196148 0.154222 0.117529 0.08539 0.0505694 0.0239707 0.00921743 0.00275301 0.000610381 9.83938e-05 1.13313e-05 9.12088e-07 5.02683e-08 1.86227e-09 4.55333e-11
 1.53134e-11 1.66286e-09 1.06458e-07 4.01827e-06 8.94227e-05 0.00117335 0.00908007 0.0414836 0.112371 0.183661 0.193413 0.157689 0.124218 0.0900414 0.0517644 0.0234284 0.00854782 0.00243035 0.000516272 8.02316e-05 8.93637e-06 6.93817e-07 3.65607e-08 1.28035e-09 2.9307e-11
 1.41026e-11 1.53137e-09 9.804e-08 3.70055e-06 8.23531e-05 0.00108063 0.00836386 0.0382346 0.103807 0.171088 0.185098 0.160139 0.134064 0.100016 0.0584268 0.026708 0.00963575 0.00263712 0.000529054 7.69926e-05 8.03284e-06 5.86894e-07 2.92338e-08 9.69633e-10 2.09969e-11
 1.47674e-11 1.60357e-09 1.02662e-07 3.875e-06 8.62354e-05 0.00113157 0.00875793 0.0400303 0.108598 0.178309 0.189959 0.157722 0.125901 0.0930122 0.056084 0.0269074 0.0100583 0.00279256 0.000558432 7.94874e-05 7.94372e-06 5.46541e-07 2.53916e-08 7.83138e-10 1.57819e-11
 1.47936e-11 1.60641e-09 1.02844e-07 3.88188e-06 8.63892e-05 0.00113363 0.00877474 0.0401216 0.108975 0.179584 0.193082 0.162283 0.12871 0.0914568 0.0517286 0.0231236 0.00820635 0.00222214 0.000440306 6.21398e-05 6.09803e-06 4.06392e-07 1.80322e-08 5.24442e-10 9.86579e-12
 1.24075e-11 1.34731e-09 8.62567e-08 3.25582e-06 7.2459e-05 0.000950948 0.0073641 0.0337282 0.0921702 0.155135 0.177613 0.168719 0.149676 0.111227 0.0632396 0.0277606 0.00943333 0.00239849 0.000443766 5.89337e-05 5.51489e-06 3.53912e-07 1.51584e-08 4.23929e-10 7.61295e-12
 1.32847e-11 1.44257e-09 9.23548e-08 3.486e-06 7.75812e-05 0.00101814 0.00788342 0.0360855 0.0983645 0.163918 0.181654 0.161713 0.136775 0.103872 0.0638388 0.0305216 0.0109037 0.00279558 0.000505596 6.41411e-05 5.64487e-06 3.38438e-07 1.35565e-08 3.56262e-10 6.0409e-12
 1.4283e-11 1.55097e-09 9.92951e-08 3.74797e-06 8.34118e-05 0.00109467 0.00847614 0.0387977 0.105713 0.175695 0.192335 0.164978 0.13099 0.0926983 0.0532953 0.0243902 0.00867584 0.00228573 0.000427915 5.53119e-05 4.82764e-06 2.79635e-07 1.06101e-08 2.6083e-10 4.11067e-12
 1.38356e-11 1.50239e-09 9.61849e-08 3.63061e-06 8.08019e-05 0.00106051 0.0082139 0.0376309 0.102822 0.172307 0.19252 0.170383 0.137145 0.0948371 0.0516869 0.0219644 0.00721337 0.00177227 0.000315853 3.97643e-05 3.43371e-06 1.97483e-07 7.38671e-09 1.76635e-10 2.66792e-12
 1.38582e-11 1.50484e-09 9.63419e-08 3.63655e-06 8.09354e-05 0.00106231 0.00822886 0.0377114 0.103114 0.172989 0.193271 0.17015 0.135948 0.0942763 0.0519885 0.0221288 0.00708528 0.0016516 0.000274516 3.20839e-05 2.5875e-06 1.40585e-07 5.02475e-09 1.15728e-10 1.68882e-12
 1.38975e-11 1.50911e-09 9.66154e-08 3.6469e-06 8.11677e-05 0.00106543 0.00825461 0.0378493 0.103631 0.174368 0.195637 0.172161 0.135796 0.0922438 0.0498023 0.0207959 0.00654502 0.00149625 0.000241374 2.69207e-05 2.03731e-06 1.02736e-07 3.39563e-09 7.24725e-11 9.85195e-13
 1.44515e-11 1.56926e-09 1.00467e-07 3.79231e-06 8.44051e-05 0.00110796 0.00858476 0.0393671 0.107775 0.181026 0.201385 0.172981 0.131494 0.0862077 0.0450105 0.0181046 0.00546486 0.00119671 0.00018499 1.97556e-05 1.42614e-06 6.81244e-08 2.11433e-09 4.20186e-11 5.28493e-13
 1.43892e-11 1.56251e-09 1.00035e-07 3.77605e-06 8.40462e-05 0.00110337 0.00855164 0.0392464 0.107665 0.181708 0.203858 0.176208 0.13266 0.084536 0.0423673 0.016234 0.00465288 0.000966159 0.00014137 1.42624e-05 9.71359e-07 4.37372e-08 1.27795e-09 2.38574e-11 2.80973e-13
 1.47592e-11 1.60269e-09 1.02608e-07 3.8732e-06 8.62106e-05 0.00113185 0.00877358 0.0402758 0.110526 0.186447 0.208128 0.176921 0.12952 0.080143 0.038942 0.0143329 0.00389605 0.000759397 0.000103653 9.72828e-06 6.16117e-07 2.58091e-08 7.01939e-10 1.22016e-11 1.33819e-13
 1.50169e-11 1.63068e-09 1.044e-07 3.9409e-06 8.77204e-05 0.00115177 0.0089297 0.04101 0.112629 0.190137 0.211821 0.17797 0.127133 0.0763446 0.0359517 0.0127822 0.00334 0.000621934 8.04322e-05 7.08633e-06 4.17897e-07 1.62123e-08 4.07219e-10 6.53131e-12 6.61002e-14
 1.41672e-11 1.53841e-09 9.84944e-08 3.71811e-06 8.27701e-05 0.00108709 0.0084351 0.0388244 0.107255 0.183721 0.210932 0.184602 0.134702 0.079433 0.0356193 0.0118565 0.00288196 0.000498662 5.99213e-05 4.90294e-06 2.6824e-07 9.63678e-09 2.23613e-10 3.30494e-12 3.07586e-14
 1.41699e-11 1.53871e-09 9.85142e-08 3.71893e-06 8.27923e-05 0.0010875 0.00844031 0.0388667 0.107448 0.184124 0.210986 0.183625 0.133706 0.0796743 0.0363446 0.0121692 0.00290331 0.000480974 5.43474e-05 4.13632e-06 2.09314e-07 6.93808e-09 1.48383e-10 2.02004e-12 1.73061e-14
 1.5241e-11 1.65503e-09 1.05961e-07 4.00007e-06 8.90507e-05 0.00116965 0.009076 0.0417589 0.115099 0.195347 0.218097 0.180422 0.123663 0.0705162 0.0314238 0.0104098 0.00247052 0.000406525 4.52171e-05 3.33722e-06 1.61022e-07 5.01475e-09 9.96985e-11 1.25333e-12 9.87875e-15
 1.34651e-11 1.4622e-09 9.36193e-08 3.53452e-06 7.87081e-05 0.00103456 0.00804304 0.0371899 0.103796 0.181423 0.214639 0.191912 0.138203 0.0779376 0.0328905 0.0101809 0.00227217 0.000356017 3.80803e-05 2.71495e-06 1.26466e-07 3.78465e-09 7.17758e-11 8.53454e-13 6.30976e-15
#spawning biomass
 2844.62 3281.61 5489.74 9177.3 14075.7 21731.5 30120.4 44650.1 61571.7 95371.1 123137 125871 144711 166035 151343 153668 162012 131818 130354 129829 133045 136691 155042 176945 153018 167501 170616 173519 169918 188686 99981.9 45623.6 25958.5 19909.1 18190.3 17726.3 17605.5 17574.9 17567.3 17565.4 17564.9 17564.8 17564.8 17564.8 17564.8 17564.8 17564.8 17564.8 17564.8 17564.8 17564.8 17564.8 17564.8 17564.8 17564.8 17564.8 17564.8 17564.8 17564.8 17564.8 17564.8 17564.8 17564.8 17564.8 17564.8 17564.8 17564.8 17564.8 17564.8 17564.8 17564.8 17564.8 17564.8 17564.8 17564.8 17564.8 17564.8 17564.8 17564.8 17564.8 17564.8 17564.8 17564.8 17564.8 17564.8 17564.8 17564.8 17564.8 17564.8 17564.8 17564.8 17564.8 17564.8 17564.8 17564.8 17564.8 17564.8 17564.8 17564.8 17564.8 17564.8 17564.8 17564.8 17564.8 17564.8 17564.8 17564.8 17564.8 17564.8 17564.8 17564.8 17564.8 17564.8 17564.8 17564.8 17564.8 17564.8 17564.8 17564.8 17564.8 17564.8 17564.8 17564.8 17564.8 17564.8 17564.8 17564.8 17564.8 0 0 0 0 0 0 0 0 0 0 0 0 0 0 0 0 0 0 0 0 0 0 0 0 0
