SBPRF35
0.120047
Curr Bio
160524
B35
147289
F35
1.02183
FOFL
1.02183
OFL
79872.6
Bzero
34299.2
#pred survey bio
 7120.55 9072.32 11637.3 14081.1 23725.6 35133.7 33189 39230.9 52214.9 64620.6 80996.2 101466 139166 169982 161105 133833 133651 124803 118770 117772 121710 129422 136375 141923 160888 164569 163188 175076 4.47019e+06 3.24248e+06 1.55379e+06 791264 509566 400361 352754 329661 317708 311333 307896 306039 305037 304498 304208 304051 303968 303925 303902 303890 303884 303880 303878 303877 303877 303877 303877 303876 303876 303876 303876 303876 303876 303876 303876 303876 303876 303876 303876 303876 303876 303876 303876 303876 303876 303876 303876 303876 303876 303876 303876 303876 303876 303876 303876 303876 303876 303876 303876 303876 303876 303876 303876 303876 303876 303876 303876 303876 303876 303876 303876 303876 303876 303876 303876 303876 303876 303876 303876 303876 303876 303876 303876 303876 303876 303876 303876 303876 303876 303876 303876 303876 303876 303876 303876 303876 303876 303876 303876 303876 0 0 0 0 0 0 0 0 0 0 0 0 0 0 0 0 0 0 0 0 0 0 0 0 0
#obs survey bio
 5861.81 8503.05 9872.33 13318.8 30353.6 23232.1 35412.9 27441.4 28990.9 66879.1 64867.7 151125 99310.9 148892 118321 67734.1 138797 105228 89432.6 139549 121596 149417 106061 110198 164782 153558 141499 118800
#pred catch bio
 3014.94 4579.92 6078.79 7065.16 9680.45 19848.3 19124.3 21414.4 30011.3 36087.6 47246.9 53771.9 79934.5 107183 109280 86804.2 88220.5 81479.5 78349.8 77048 79772.6 85402.6 92794.6 95780.7 112454 114387 107811 103737 79872.6 70123 27919.1 11513.2 6932.69 5797.06 5535.08 5477.55 5465.35 5462.82 5462.31 5462.21 5462.19 5462.19 5462.19 5462.19 5462.19 5462.19 5462.19 5462.19 5462.19 5462.19 5462.19 5462.19 5462.19 5462.19 5462.19 5462.19 5462.19 5462.19 5462.19 5462.19 5462.19 5462.19 5462.19 5462.19 5462.19 5462.19 5462.19 5462.19 5462.19 5462.19 5462.19 5462.19 5462.19 5462.19 5462.19 5462.19 5462.19 5462.19 5462.19 5462.19 5462.19 5462.19 5462.19 5462.19 5462.19 5462.19 5462.19 5462.19 5462.19 5462.19 5462.19 5462.19 5462.19 5462.19 5462.19 5462.19 5462.19 5462.19 5462.19 5462.19 5462.19 5462.19 5462.19 5462.19 5462.19 5462.19 5462.19 5462.19 5462.19 5462.19 5462.19 5462.19 5462.19 5462.19 5462.19 5462.19 5462.19 5462.19 5462.19 5462.19 5462.19 5462.19 5462.19 5462.19 5462.19 5462.19 5462.19 5462.19 0 0 0 0 0 0 0 0 0 0 0 0 0 0 0 0 0 0 0 0 0 0 0 0 0
#obs catch bio
 4407.44 4662.06 6115.48 7121.56 9413.08 19654 19344.9 21359.7 30347.7 35604.4 46519.6 52252.9 79147.4 107960 110704 89440.1 87766.8 80573.1 78496.9 75457.9 77789.1 82802.1 90780.7 94079.1 110643 110882 105129 103068
#pred cpue bio
 5746.35 6707.82 8533.55 10430.8 16333.3 26648.4 25373.4 27912.2 37514.6 46384.5 58544.5 72111.5 100207 122370 119365 97914.4 95859.3 90881.1 86115.8 84183.3 86845.8 91680.4 96725.1 99453.7 111368 115052 114934 123797 3.27932e+06 3.11594e+06 1.50495e+06 739211 457067 347824 300214 277120 265168 258793 255356 253499 252497 251958 251667 251510 251428 251384 251362 251349 251343 251340 251338 251337 251337 251336 251336 251336 251336 251336 251336 251336 251336 251336 251336 251336 251336 251336 251336 251336 251336 251336 251336 251336 251336 251336 251336 251336 251336 251336 251336 251336 251336 251336 251336 251336 251336 251336 251336 251336 251336 251336 251336 251336 251336 251336 251336 251336 251336 251336 251336 251336 251336 251336 251336 251336 251336 251336 251336 251336 251336 251336 251336 251336 251336 251336 251336 251336 251336 251336 251336 251336 251336 251336 251336 251336 251336 251336 251336 251336 0 0 0 0 0 0 0 0 0 0 0 0 0 0 0 0 0 0 0 0 0 0 0 0 0
#obs cpue bio
 4899.6 5168.34 9037.33 10742.9 32978.5 26483.9 22601.4 38827.2 53043.4 70745.4 96918 84264.1 127420 113455 130992 105155 135796 126974 102304 120938 129222 136103 160058 164261 143849 218929 187605 188548
#pred surv len freq
 2.56931e-27 2.60487e-27 4.75961e-26 9.50081e-20 2.32901e-14 6.90127e-10 2.47192e-06 0.00107025 0.0560128 0.354352 0.271162 0.0367992 0.0895933 0.0826991 0.0213535 0.0281809 0.013151 0.0115392 0.00772764 0.00628253 0.0051735 0.00462263 0.00473787 0.00424135 0.00129803
 2.57108e-27 2.60939e-27 5.12117e-26 1.02634e-19 2.51595e-14 7.4552e-10 2.67033e-06 0.00115615 0.0605087 0.382795 0.292916 0.039019 0.0912044 0.0838716 0.0161089 0.0157093 0.00604881 0.00374486 0.00205707 0.00141189 0.00101047 0.000800193 0.000740952 0.00066956 0.000225084
 2.57089e-27 2.60879e-27 5.059e-26 1.01322e-19 2.48379e-14 7.35991e-10 2.63619e-06 0.00114137 0.0597353 0.377902 0.289195 0.0400131 0.101384 0.093176 0.0161922 0.0134981 0.00447162 0.00172779 0.000690159 0.000338488 0.00018991 0.000125427 0.000100298 8.66792e-05 3.03025e-05
 2.5705e-27 2.60774e-27 4.96615e-26 9.93633e-20 2.43577e-14 7.21763e-10 2.58523e-06 0.00111931 0.0585805 0.370596 0.283621 0.0402564 0.107153 0.0985253 0.0176222 0.0154025 0.0048908 0.00152483 0.000463431 0.00013877 4.9635e-05 2.36672e-05 1.50448e-05 1.16465e-05 4.0658e-06
 2.57276e-27 2.6139e-27 5.51283e-26 1.10896e-19 2.71848e-14 8.05535e-10 2.88529e-06 0.00124922 0.0653797 0.413609 0.316437 0.038504 0.0707602 0.0649717 0.012207 0.0114987 0.00370302 0.00122671 0.000346592 7.90435e-05 1.67631e-05 4.43919e-06 1.85035e-06 1.15705e-06 3.86691e-07
 2.56956e-27 2.60514e-27 4.73166e-26 9.44163e-20 2.3145e-14 6.85828e-10 2.45652e-06 0.00106358 0.0556639 0.352145 0.269549 0.0413429 0.125307 0.115182 0.0188316 0.0139767 0.00459521 0.0017023 0.000497788 0.000116259 1.99185e-05 2.97817e-06 5.81469e-07 2.33554e-07 6.99956e-08
 2.56939e-27 2.60477e-27 4.70816e-26 9.39208e-20 2.30236e-14 6.82229e-10 2.44363e-06 0.001058 0.0553718 0.350297 0.268127 0.0406438 0.120986 0.111388 0.0216603 0.0213695 0.00662457 0.00178396 0.000524693 0.000134897 2.39685e-05 3.03573e-06 2.92341e-07 4.79069e-08 1.09369e-08
 2.57186e-27 2.61145e-27 5.29746e-26 1.06353e-19 2.60711e-14 7.72532e-10 2.76708e-06 0.00119804 0.0627011 0.396664 0.303506 0.0390422 0.0839411 0.0771521 0.0146718 0.0140665 0.00467584 0.00177525 0.000484886 9.7094e-05 1.80841e-05 2.42798e-06 1.91987e-07 1.18288e-08 1.3002e-09
 2.57143e-27 2.61021e-27 5.1806e-26 1.03887e-19 2.54667e-14 7.54623e-10 2.70293e-06 0.00117027 0.0612476 0.387469 0.2965 0.039986 0.096046 0.0881874 0.0141808 0.0101581 0.00333122 0.00122798 0.000378782 9.71159e-05 1.5214e-05 1.87994e-06 1.5575e-07 6.75102e-09 2.4056e-10
 2.57146e-27 2.6103e-27 5.18866e-26 1.04057e-19 2.55083e-14 7.55858e-10 2.70736e-06 0.00117218 0.0613478 0.388103 0.296983 0.0399032 0.0950765 0.0873173 0.0144757 0.0110359 0.00338194 0.000868308 0.000252944 6.59314e-05 1.27717e-05 1.58336e-06 1.15652e-07 4.91615e-09 9.67796e-11
 2.57125e-27 2.60973e-27 5.13858e-26 1.03001e-19 2.52494e-14 7.48184e-10 2.67987e-06 0.00116028 0.0607249 0.384162 0.293976 0.0400226 0.098098 0.0901114 0.0150773 0.0117077 0.00363394 0.00100187 0.000260293 4.9968e-05 9.30894e-06 1.32783e-06 1.0457e-07 4.01197e-09 7.00445e-11
 2.57177e-27 2.61114e-27 5.26402e-26 1.05647e-19 2.58981e-14 7.67406e-10 2.74872e-06 0.00119009 0.062285 0.394032 0.301506 0.0396457 0.0899388 0.0825823 0.013745 0.0105644 0.00328663 0.000920489 0.000244951 4.80115e-05 7.03958e-06 8.53798e-07 7.39449e-08 3.07176e-09 4.96363e-11
 2.57137e-27 2.61005e-27 5.16725e-26 1.03605e-19 2.53976e-14 7.52577e-10 2.6956e-06 0.00116709 0.0610815 0.386418 0.295697 0.0399427 0.0962805 0.0884323 0.0147451 0.0113731 0.00353938 0.000993102 0.000265668 5.31568e-05 7.99902e-06 8.39129e-07 5.92022e-08 2.58472e-09 4.46192e-11
 2.57137e-27 2.61006e-27 5.16792e-26 1.0362e-19 2.54011e-14 7.5268e-10 2.69597e-06 0.00116725 0.0610899 0.386471 0.295738 0.039953 0.0963306 0.0884759 0.0147041 0.0112683 0.00350207 0.000975599 0.000260817 5.23156e-05 7.98337e-06 8.54817e-07 5.41671e-08 1.95634e-09 3.42291e-11
 2.57037e-27 2.60732e-27 4.92237e-26 9.84395e-20 2.41313e-14 7.15052e-10 2.5612e-06 0.0011089 0.0580358 0.367151 0.281 0.0409225 0.114062 0.104784 0.0166047 0.0114964 0.00355123 0.000964616 0.000256334 5.10564e-05 7.79476e-06 8.43286e-07 5.414e-08 1.77681e-09 2.64307e-11
 2.57082e-27 2.60856e-27 5.03368e-26 1.00788e-19 2.47069e-14 7.32108e-10 2.62229e-06 0.00113535 0.0594202 0.375908 0.28768 0.0404639 0.10588 0.097266 0.0158702 0.0117095 0.00354989 0.000845883 0.000218725 4.25604e-05 6.44041e-06 6.94698e-07 4.49798e-08 1.48189e-09 2.01581e-11
 2.57147e-27 2.61031e-27 5.18863e-26 1.04056e-19 2.55082e-14 7.55853e-10 2.70734e-06 0.00117217 0.0613474 0.3881 0.296982 0.039976 0.0956311 0.0878126 0.0142655 0.010432 0.00320096 0.000826685 0.00020853 3.62088e-05 5.28483e-06 5.60207e-07 3.609e-08 1.19651e-09 1.62004e-11
 2.57094e-27 2.60884e-27 5.05611e-26 1.01261e-19 2.48228e-14 7.35545e-10 2.6346e-06 0.00114068 0.0596991 0.377673 0.28903 0.0406033 0.105992 0.0973196 0.0149698 0.00964377 0.00294426 0.000748899 0.000192763 3.54576e-05 4.82749e-06 4.7177e-07 2.95975e-08 9.74014e-10 1.32358e-11
 2.57111e-27 2.60933e-27 5.10155e-26 1.02219e-19 2.50579e-14 7.4251e-10 2.65954e-06 0.00115148 0.0602644 0.381249 0.291755 0.0402917 0.101706 0.0934085 0.0150818 0.0108804 0.00326535 0.000723992 0.000181514 3.31739e-05 4.70446e-06 4.54049e-07 2.60393e-08 8.22877e-10 1.10702e-11
 2.57155e-27 2.61052e-27 5.20634e-26 1.0443e-19 2.55998e-14 7.58567e-10 2.71706e-06 0.00117638 0.0615676 0.389493 0.298047 0.0400202 0.0952192 0.0874104 0.0137928 0.0094538 0.00288382 0.000721956 0.000177961 2.88523e-05 3.98021e-06 3.91665e-07 2.25774e-08 6.61592e-10 8.46595e-12
 2.57158e-27 2.61061e-27 5.21312e-26 1.04573e-19 2.56348e-14 7.59605e-10 2.72078e-06 0.00117799 0.0616519 0.390027 0.298455 0.0400783 0.0953747 0.0875362 0.013496 0.00874349 0.00264199 0.000625629 0.0001579 2.81262e-05 3.64377e-06 3.31106e-07 1.91399e-08 5.63008e-10 6.78387e-12
 2.5718e-27 2.6112e-27 5.26568e-26 1.05682e-19 2.59066e-14 7.67659e-10 2.74963e-06 0.00119048 0.0623056 0.394162 0.30161 0.0399117 0.0918906 0.0843242 0.0129844 0.00838376 0.00251172 0.000558427 0.000137353 2.35398e-05 3.23083e-06 2.9742e-07 1.57974e-08 4.56318e-10 5.48906e-12
 2.57175e-27 2.61106e-27 5.25223e-26 1.05398e-19 2.58371e-14 7.65598e-10 2.74224e-06 0.00118729 0.0621383 0.393104 0.300803 0.0400144 0.0932387 0.0855535 0.0129359 0.00796362 0.00238161 0.000526096 0.000127189 2.05427e-05 2.71122e-06 2.52641e-07 1.38571e-08 3.76113e-10 4.37912e-12
 2.5721e-27 2.612e-27 5.33554e-26 1.07155e-19 2.62679e-14 7.78364e-10 2.78797e-06 0.00120708 0.0631744 0.399659 0.305805 0.0397729 0.0878872 0.0806138 0.0120361 0.00715399 0.00212199 0.00044197 0.000105557 1.68638e-05 2.138e-06 1.88663e-07 1.02703e-08 2.85503e-10 3.18912e-12
 2.57244e-27 2.61292e-27 5.41654e-26 1.08864e-19 2.66868e-14 7.90777e-10 2.83243e-06 0.00122633 0.0641819 0.406032 0.310667 0.0395429 0.0827197 0.0758424 0.0111389 0.00630849 0.00186109 0.000373779 8.74179e-05 1.32593e-05 1.65303e-06 1.41517e-07 7.28612e-09 1.98727e-10 2.24806e-12
 2.57213e-27 2.61206e-27 5.33949e-26 1.07239e-19 2.62883e-14 7.78969e-10 2.79014e-06 0.00120802 0.0632235 0.399969 0.306044 0.0399197 0.0888361 0.0814524 0.0115134 0.00574964 0.00167919 0.000317364 7.27088e-05 1.06304e-05 1.27295e-06 1.04741e-07 5.2336e-09 1.35617e-10 1.49513e-12
 2.57193e-27 2.61151e-27 5.2913e-26 1.06222e-19 2.60391e-14 7.71585e-10 2.76369e-06 0.00119657 0.0626242 0.396178 0.303151 0.0400251 0.0916707 0.084079 0.0121743 0.00659393 0.00190564 0.000318224 6.99772e-05 9.67084e-06 1.11896e-06 8.80685e-08 4.20005e-09 1.04935e-10 1.10404e-12
 2.57184e-27 2.61128e-27 5.27202e-26 1.05815e-19 2.59394e-14 7.6863e-10 2.75311e-06 0.00119199 0.0623844 0.394661 0.301991 0.0399694 0.0920615 0.0844662 0.0127263 0.00775611 0.0022693 0.000415988 9.11947e-05 1.12612e-05 1.22576e-06 9.14703e-08 4.16208e-09 9.89519e-11 9.98513e-13
#obs surv len freq
 1.76815e-41 2.45408e-33 4.11722e-26 8.34965e-20 2.04682e-14 6.0651e-10 2.17242e-06 0.000940583 0.0492263 0.31142 0.238532 0.0440518 0.151952 0.128709 0.0361068 0.0276398 0.00829118 0.00257258 0.000495982 5.72359e-05 2.87462e-06 4.57666e-08 1.73001e-10 1.25316e-13 1.50394e-17
 2.17349e-41 3.01665e-33 5.06106e-26 1.02637e-19 2.51603e-14 7.45547e-10 2.67043e-06 0.0011562 0.0605111 0.38281 0.293016 0.0420179 0.0973929 0.0779773 0.0224827 0.0162726 0.00472062 0.00137275 0.000241709 2.42559e-05 1.00771e-06 1.26077e-08 3.58206e-11 1.89026e-14 1.62332e-18
 1.72625e-41 2.39592e-33 4.01965e-26 8.15177e-20 1.99831e-14 5.92136e-10 2.12093e-06 0.000918291 0.0480597 0.30404 0.23309 0.0511956 0.181392 0.135476 0.0265132 0.0141032 0.00394799 0.00107373 0.000172659 1.4992e-05 5.09735e-07 4.96992e-09 1.06091e-11 4.09619e-15 2.52779e-19
 2.08875e-41 2.89905e-33 4.86376e-26 9.8636e-20 2.41795e-14 7.16482e-10 2.56632e-06 0.00111113 0.058152 0.367887 0.281745 0.0458395 0.113629 0.081507 0.0281152 0.0178616 0.00338166 0.000664532 9.60406e-05 7.19443e-06 1.99156e-07 1.50243e-09 2.39787e-12 6.77319e-16 3.01393e-20
 2.37276e-41 3.29324e-33 5.52509e-26 1.12048e-19 2.74672e-14 8.13903e-10 2.91527e-06 0.00126221 0.0660591 0.417909 0.319911 0.0442732 0.0789213 0.0519608 0.011571 0.00602751 0.00172065 0.000346496 3.23692e-05 1.89408e-06 4.23536e-08 2.4651e-10 2.93157e-13 6.04209e-17 1.93761e-21
 1.31837e-41 1.82982e-33 3.06989e-26 6.22569e-20 1.52615e-14 4.52227e-10 1.6198e-06 0.000701319 0.0367043 0.232205 0.178901 0.0712415 0.27246 0.166539 0.0280055 0.0107629 0.00203755 0.000396194 4.26939e-05 1.76212e-06 2.75264e-08 1.2067e-10 1.06749e-13 1.60431e-17 3.70419e-22
 2.20506e-41 3.06047e-33 5.13458e-26 1.04128e-19 2.55258e-14 7.56377e-10 2.70922e-06 0.001173 0.06139 0.388372 0.297497 0.0468034 0.0896961 0.0571381 0.0363469 0.0187023 0.00254174 0.000309506 2.59677e-05 1.04867e-06 1.22862e-08 3.60671e-11 2.25732e-14 2.4526e-18 4.07663e-23
 1.98885e-41 2.76039e-33 4.63112e-26 9.39182e-20 2.30229e-14 6.82212e-10 2.44357e-06 0.00105798 0.0553706 0.350293 0.268893 0.060914 0.154644 0.082362 0.015923 0.0073928 0.00273648 0.00038977 1.98956e-05 5.50606e-07 5.39654e-09 1.20498e-11 5.09888e-15 3.7484e-19 4.34977e-24
 2.03032e-41 2.81795e-33 4.72769e-26 9.58765e-20 2.3503e-14 6.96437e-10 2.49452e-06 0.00108004 0.0565251 0.357598 0.274562 0.0613883 0.1428 0.0733846 0.0226769 0.00842749 0.00128767 0.000248091 1.94521e-05 3.87986e-07 2.3981e-09 3.9608e-12 1.26221e-15 6.53247e-20 5.12074e-25
 1.98277e-41 2.75196e-33 4.61698e-26 9.36314e-20 2.29526e-14 6.80129e-10 2.43611e-06 0.00105475 0.0552015 0.349226 0.26846 0.0670056 0.154192 0.0736305 0.0217331 0.00788527 0.00143763 0.000160919 1.07527e-05 2.72606e-07 1.42572e-09 1.51076e-12 3.22778e-16 1.20167e-20 6.80346e-26
 2.09328e-41 2.90534e-33 4.87431e-26 9.885e-20 2.42319e-14 7.18036e-10 2.57189e-06 0.00111354 0.0582782 0.36869 0.283382 0.0659938 0.133891 0.0606436 0.0200616 0.0066688 0.00114211 0.000126938 6.14479e-06 1.16594e-07 6.14334e-10 5.86642e-13 8.95078e-17 2.1778e-21 8.27025e-27
 2.04066e-41 2.8323e-33 4.75178e-26 9.63651e-20 2.36228e-14 6.99986e-10 2.50723e-06 0.00108555 0.0568131 0.359425 0.276738 0.0732802 0.147212 0.0612127 0.0177754 0.00542291 0.000935264 9.37192e-05 4.03886e-06 5.7323e-08 2.15594e-10 1.72797e-13 2.31066e-17 4.49275e-22 1.21811e-27
 1.99582e-41 2.77006e-33 4.64735e-26 9.42474e-20 2.31036e-14 6.84603e-10 2.45214e-06 0.00106169 0.0555647 0.35153 0.27117 0.0795855 0.154226 0.0611904 0.0195595 0.00526439 0.00077321 7.05668e-05 2.67963e-06 3.13014e-08 8.77351e-11 4.92369e-14 4.86791e-18 7.52608e-23 1.65232e-28
 1.87334e-41 2.60008e-33 4.36217e-26 8.84639e-20 2.16859e-14 6.42593e-10 2.30166e-06 0.000996541 0.052155 0.329965 0.255517 0.0911809 0.174862 0.0662832 0.0224369 0.0057254 0.000811753 6.13004e-05 1.93451e-06 1.87061e-08 4.12342e-11 1.71728e-14 1.19822e-18 1.29478e-23 2.04674e-29
 1.68738e-41 2.34197e-33 3.92914e-26 7.96822e-20 1.95332e-14 5.78803e-10 2.07318e-06 0.000897615 0.0469776 0.297221 0.231695 0.106521 0.201542 0.0764504 0.0302195 0.00737673 0.00102531 7.01778e-05 1.80725e-06 1.35985e-08 2.33474e-11 7.42406e-15 3.83722e-19 2.98122e-24 3.31097e-30
 1.91395e-41 2.65644e-33 4.45673e-26 9.03815e-20 2.2156e-14 6.56522e-10 2.35155e-06 0.00101814 0.0532855 0.337127 0.261856 0.0954368 0.154596 0.0608145 0.0278577 0.00694198 0.000999358 6.33375e-05 1.40664e-06 8.35221e-09 1.07482e-11 2.54302e-15 9.76923e-20 5.59034e-25 4.51213e-31
 1.86405e-41 2.58718e-33 4.34053e-26 8.8025e-20 2.15783e-14 6.39404e-10 2.29024e-06 0.000991595 0.0518962 0.32835 0.25646 0.109452 0.168917 0.0569874 0.0207247 0.00534957 0.000817507 5.07535e-05 1.00377e-06 4.89281e-09 4.85054e-12 8.46825e-16 2.36015e-20 9.78458e-26 5.72958e-32
 1.84392e-41 2.55923e-33 4.29364e-26 8.70742e-20 2.13452e-14 6.32498e-10 2.2655e-06 0.000980885 0.0513357 0.324817 0.254815 0.116722 0.167714 0.0573672 0.0212715 0.00435471 0.000582654 3.58295e-05 6.54613e-07 2.71278e-09 2.13997e-12 2.84149e-16 5.83605e-21 1.74789e-26 7.32516e-33
 1.85789e-41 2.57863e-33 4.32619e-26 8.77342e-20 2.1507e-14 6.37292e-10 2.28268e-06 0.000988319 0.0517248 0.327294 0.257726 0.121656 0.160829 0.0548644 0.0203744 0.00405894 0.000458892 2.28373e-05 3.69751e-07 1.33002e-09 8.60074e-13 8.93684e-17 1.38951e-21 3.07834e-27 9.38617e-34
 1.94957e-41 2.70587e-33 4.53966e-26 9.20634e-20 2.25683e-14 6.68739e-10 2.39531e-06 0.00103709 0.0542772 0.343454 0.270684 0.120756 0.143395 0.0467548 0.016206 0.00309518 0.000324241 1.32963e-05 1.66576e-07 4.83214e-10 2.55124e-13 2.11406e-17 2.54694e-22 4.27023e-28 9.67896e-35
 1.93808e-41 2.68992e-33 4.5129e-26 9.15208e-20 2.24352e-14 6.64797e-10 2.3812e-06 0.00103098 0.0539573 0.341458 0.270877 0.130147 0.143113 0.0434203 0.0134432 0.00232373 0.00021903 7.78869e-06 7.71684e-08 1.67481e-10 6.67291e-14 4.25833e-18 3.96494e-23 5.09076e-29 8.72162e-36
 1.98144e-41 2.7501e-33 4.61387e-26 9.35684e-20 2.29372e-14 6.79671e-10 2.43447e-06 0.00105404 0.0551645 0.349121 0.27785 0.131541 0.13184 0.0399313 0.0116136 0.00173848 0.00013889 4.14797e-06 3.33285e-08 5.54935e-11 1.6257e-14 7.54431e-19 5.15366e-24 4.91154e-30 6.28497e-37
 1.91149e-41 2.65302e-33 4.45099e-26 9.02651e-20 2.21274e-14 6.55676e-10 2.34853e-06 0.00101683 0.0532172 0.336858 0.271471 0.147079 0.138395 0.0397797 0.010617 0.00146334 9.80238e-05 2.33073e-06 1.47217e-08 1.8933e-11 4.17053e-15 1.41741e-19 6.97207e-25 4.75859e-31 4.37289e-38
 1.95886e-41 2.71876e-33 4.56129e-26 9.2502e-20 2.26758e-14 6.71925e-10 2.40672e-06 0.00104203 0.054536 0.34524 0.27909 0.145603 0.125557 0.0379509 0.00971695 0.00119076 6.83368e-05 1.30056e-06 6.23567e-09 6.00889e-12 9.87148e-16 2.48092e-20 8.92092e-26 4.40003e-32 2.89555e-39
 1.93366e-41 2.68379e-33 4.50261e-26 9.13121e-20 2.23841e-14 6.63282e-10 2.37577e-06 0.00102863 0.0538348 0.340882 0.278852 0.156064 0.124541 0.0353375 0.00842295 0.000986438 4.85559e-05 7.42897e-07 2.72765e-09 1.94013e-12 2.31966e-16 4.23548e-21 1.1065e-26 3.95823e-33 1.8826e-40
 1.86888e-41 2.59389e-33 4.35178e-26 8.82533e-20 2.16342e-14 6.41062e-10 2.29618e-06 0.000994167 0.0520317 0.329587 0.274372 0.169881 0.127752 0.0365282 0.00798358 0.00083202 3.60286e-05 4.52795e-07 1.28025e-09 6.77761e-13 5.8991e-17 7.73981e-22 1.44597e-27 3.69853e-34 1.25944e-41
 1.79423e-41 2.49027e-33 4.17794e-26 8.47277e-20 2.077e-14 6.15454e-10 2.20445e-06 0.000954453 0.0499537 0.316589 0.26934 0.184088 0.131399 0.0388174 0.00806745 0.000760284 2.77271e-05 2.85147e-07 6.3398e-10 2.52909e-13 1.61518e-17 1.53235e-22 2.051e-28 3.73627e-35 9.03279e-43
 1.82644e-41 2.53498e-33 4.25295e-26 8.62489e-20 2.11429e-14 6.26503e-10 2.24403e-06 0.000971589 0.050851 0.322386 0.276202 0.182223 0.121877 0.0373319 0.00747874 0.000656868 2.04726e-05 1.68773e-07 2.91345e-10 8.84387e-14 4.20691e-18 2.91813e-23 2.82e-29 3.68054e-36 6.34414e-44
#pred catch len freq
 2.5669e-27 2.59845e-27 4.20536e-26 8.33163e-20 2.0424e-14 6.05199e-10 2.16772e-06 0.000938541 0.0491198 0.310746 0.237871 0.0371827 0.115901 0.107098 0.0278018 0.0368353 0.0171613 0.0150224 0.0100527 0.00816956 0.00672659 0.00601016 0.00615997 0.00551441 0.00168764
 2.56939e-27 2.6048e-27 4.71753e-26 9.41189e-20 2.30721e-14 6.83668e-10 2.44878e-06 0.00106023 0.0554886 0.351036 0.268681 0.0399977 0.115679 0.106477 0.0204602 0.0199645 0.00767679 0.00473775 0.00260038 0.00178395 0.00127658 0.00101089 0.000936048 0.000845857 0.000284349
 2.56924e-27 2.60431e-27 4.66246e-26 9.29566e-20 2.27872e-14 6.75225e-10 2.41854e-06 0.00104714 0.0548034 0.346701 0.26539 0.0411898 0.127064 0.116869 0.0203064 0.0169226 0.00560119 0.00215648 0.000860676 0.000421867 0.000236651 0.000156292 0.000124979 0.000108008 3.7759e-05
 2.5687e-27 2.60286e-27 4.53423e-26 9.02516e-20 2.21241e-14 6.55577e-10 2.34817e-06 0.00101667 0.0532086 0.336612 0.257691 0.0415254 0.135027 0.124251 0.0222358 0.0194521 0.00617257 0.00191763 0.000582365 0.000174261 6.23166e-05 2.97124e-05 1.88874e-05 1.46212e-05 5.10426e-06
 2.57115e-27 2.60953e-27 5.12675e-26 1.02751e-19 2.51882e-14 7.46372e-10 2.67338e-06 0.00115747 0.0605779 0.383232 0.293259 0.0395788 0.0952244 0.0875634 0.0165017 0.0156112 0.00502433 0.00165907 0.000468451 0.000106759 2.2636e-05 5.99395e-06 2.49837e-06 1.56226e-06 5.22116e-07
 2.56788e-27 2.60056e-27 4.32528e-26 8.58434e-20 2.10435e-14 6.23556e-10 2.23347e-06 0.000967008 0.0506097 0.320171 0.245155 0.0426309 0.152248 0.140023 0.0228699 0.0169377 0.00556365 0.00205343 0.000600061 0.000140045 2.39889e-05 3.58644e-06 7.00213e-07 2.81249e-07 8.42895e-08
 2.56773e-27 2.60026e-27 4.30949e-26 8.55107e-20 2.09619e-14 6.21139e-10 2.22482e-06 0.00096326 0.0504136 0.31893 0.244193 0.0417506 0.146225 0.134698 0.0261488 0.02574 0.00797425 0.00213916 0.000628613 0.000161501 2.86902e-05 3.63345e-06 3.49892e-07 5.73377e-08 1.30899e-08
 2.57048e-27 2.60771e-27 4.96714e-26 9.93842e-20 2.43628e-14 7.21915e-10 2.58578e-06 0.00111954 0.0585928 0.370674 0.283676 0.0399611 0.104867 0.0964749 0.018323 0.0175358 0.00582368 0.00220291 0.000601333 0.00012032 2.2405e-05 3.00787e-06 2.37835e-07 1.46535e-08 1.61069e-09
 2.57008e-27 2.60654e-27 4.8544e-26 9.70057e-20 2.37798e-14 7.04637e-10 2.52389e-06 0.00109275 0.0571905 0.361803 0.276919 0.0410355 0.11779 0.108233 0.0173763 0.0124032 0.00406355 0.00149223 0.000459957 0.000117847 1.84585e-05 2.28062e-06 1.88941e-07 8.18965e-09 2.91823e-10
 2.57005e-27 2.60647e-27 4.84926e-26 9.68972e-20 2.37532e-14 7.03849e-10 2.52107e-06 0.00109153 0.0571266 0.361398 0.276609 0.0409795 0.117581 0.10807 0.0178934 0.0136066 0.00416708 0.00106578 0.000310188 8.07953e-05 1.5648e-05 1.9398e-06 1.41683e-07 6.02267e-09 1.18562e-10
 2.5699e-27 2.60605e-27 4.81287e-26 9.61295e-20 2.3565e-14 6.98273e-10 2.5011e-06 0.00108288 0.056674 0.358535 0.274424 0.0410504 0.119656 0.109993 0.0183682 0.0142092 0.00440722 0.00121029 0.0003142 6.02699e-05 1.12255e-05 1.60108e-06 1.26087e-07 4.83744e-09 8.44563e-11
 2.57032e-27 2.6072e-27 4.91428e-26 9.82687e-20 2.40894e-14 7.13812e-10 2.55675e-06 0.00110698 0.0579352 0.366514 0.280511 0.0407464 0.113066 0.103911 0.0172848 0.0132698 0.00412556 0.00115115 0.000306102 5.99531e-05 8.78861e-06 1.06582e-06 9.23054e-08 3.83445e-09 6.19605e-11
 2.57e-27 2.60634e-27 4.8383e-26 9.6666e-20 2.36965e-14 7.0217e-10 2.51506e-06 0.00108892 0.0569903 0.360536 0.275951 0.0409817 0.11806 0.108518 0.0180632 0.0138856 0.00431819 0.00120691 0.000322612 6.45024e-05 9.70422e-06 1.01792e-06 7.18139e-08 3.13532e-09 5.41239e-11
 2.57022e-27 2.60694e-27 4.89108e-26 9.77794e-20 2.39694e-14 7.10257e-10 2.54402e-06 0.00110146 0.0576467 0.364689 0.279119 0.0408373 0.114735 0.105446 0.017468 0.0133006 0.00413034 0.00114588 0.000306088 6.13496e-05 9.35993e-06 1.00212e-06 6.34994e-08 2.29337e-09 4.01259e-11
 2.56929e-27 2.60437e-27 4.66017e-26 9.29081e-20 2.27753e-14 6.74873e-10 2.41728e-06 0.00104659 0.0547748 0.34652 0.265261 0.0417958 0.131767 0.121101 0.0191154 0.0131154 0.00404778 0.00109477 0.000290671 5.78509e-05 8.83013e-06 9.55209e-07 6.1324e-08 2.01256e-09 2.99376e-11
 2.56967e-27 2.60542e-27 4.7549e-26 9.49065e-20 2.32652e-14 6.89389e-10 2.46928e-06 0.0010691 0.0559529 0.353974 0.270946 0.0413716 0.124545 0.114473 0.018613 0.0136331 0.00413005 0.000980008 0.00025317 4.92249e-05 7.44727e-06 8.03227e-07 5.20053e-08 1.71334e-09 2.33065e-11
 2.57045e-27 2.60754e-27 4.94278e-26 9.88701e-20 2.42368e-14 7.1818e-10 2.5724e-06 0.00111375 0.0582897 0.368757 0.282224 0.0407797 0.112116 0.103009 0.0166698 0.01209 0.00370669 0.000953228 0.000240246 4.16831e-05 6.08235e-06 6.44684e-07 4.15311e-08 1.37689e-09 1.86427e-11
 2.56982e-27 2.60579e-27 4.78473e-26 9.55358e-20 2.34194e-14 6.9396e-10 2.48565e-06 0.00107619 0.0563239 0.356321 0.27274 0.0415219 0.124427 0.114307 0.0175276 0.011201 0.00341691 0.000865466 0.000222573 4.09092e-05 5.56848e-06 5.44127e-07 3.4136e-08 1.12336e-09 1.52653e-11
 2.57004e-27 2.60642e-27 4.84315e-26 9.67682e-20 2.37216e-14 7.02912e-10 2.51771e-06 0.00109007 0.0570505 0.360917 0.276244 0.041142 0.119075 0.109419 0.0176011 0.012595 0.00377727 0.000833953 0.000208878 3.81451e-05 5.4082e-06 5.21919e-07 2.99308e-08 9.45844e-10 1.27244e-11
 2.57052e-27 2.60772e-27 4.95754e-26 9.91813e-20 2.43131e-14 7.20441e-10 2.5805e-06 0.00111726 0.0584732 0.369917 0.283112 0.0408492 0.112021 0.102896 0.0161797 0.0109994 0.00335261 0.00083577 0.00020584 3.33459e-05 4.59896e-06 4.52507e-07 2.60839e-08 7.64337e-10 9.7807e-12
 2.57057e-27 2.60783e-27 4.96646e-26 9.93695e-20 2.43592e-14 7.21808e-10 2.58539e-06 0.00111938 0.0585841 0.370619 0.283649 0.0409134 0.112133 0.102978 0.015824 0.0101653 0.00306925 0.000723728 0.000182489 3.2481e-05 4.207e-06 3.82245e-07 2.20954e-08 6.4994e-10 7.83132e-12
 2.57083e-27 2.60856e-27 5.03081e-26 1.00727e-19 2.4692e-14 7.31669e-10 2.62071e-06 0.00113467 0.0593845 0.375682 0.287512 0.040709 0.107863 0.0990415 0.0151979 0.00972683 0.00291194 0.000644655 0.000158408 2.7127e-05 3.72228e-06 3.42628e-07 1.8198e-08 5.25658e-10 6.32314e-12
 2.57085e-27 2.60861e-27 5.0343e-26 1.00801e-19 2.47101e-14 7.32204e-10 2.62263e-06 0.0011355 0.0594279 0.375957 0.287722 0.0407651 0.108142 0.0992834 0.0149561 0.00911426 0.00272357 0.000599032 0.000144681 2.33493e-05 3.08088e-06 2.87056e-07 1.57443e-08 4.27333e-10 4.97547e-12
 2.57123e-27 2.60962e-27 5.12422e-26 1.02698e-19 2.51751e-14 7.45983e-10 2.67198e-06 0.00115687 0.0605463 0.383032 0.29312 0.0405063 0.102379 0.093964 0.0139799 0.00822584 0.00243808 0.00050562 0.000120635 1.92574e-05 2.44087e-06 2.15365e-07 1.17235e-08 3.25899e-10 3.64035e-12
 2.5717e-27 2.6109e-27 5.23719e-26 1.05081e-19 2.57593e-14 7.63293e-10 2.73399e-06 0.00118371 0.0619512 0.39192 0.299902 0.040174 0.0950863 0.0872325 0.0127622 0.00714294 0.00210558 0.000421024 9.83629e-05 1.49074e-05 1.85803e-06 1.59049e-07 8.18852e-09 2.23338e-10 2.52646e-12
 2.57134e-27 2.6099e-27 5.14646e-26 1.03167e-19 2.529e-14 7.49389e-10 2.68419e-06 0.00116215 0.0608227 0.384781 0.294458 0.0406135 0.102256 0.093809 0.0132163 0.00652212 0.00190326 0.00035815 8.19623e-05 1.19736e-05 1.43343e-06 1.17933e-07 5.89255e-09 1.5269e-10 1.68335e-12
 2.57098e-27 2.60893e-27 5.06093e-26 1.01362e-19 2.48477e-14 7.36283e-10 2.63724e-06 0.00114183 0.059759 0.378052 0.289323 0.040839 0.10758 0.0987314 0.0142542 0.0076478 0.00220881 0.000367322 8.06777e-05 1.11408e-05 1.28869e-06 1.01416e-07 4.83643e-09 1.20833e-10 1.27131e-12
 2.57063e-27 2.60798e-27 4.97818e-26 9.96167e-20 2.44198e-14 7.23603e-10 2.59183e-06 0.00112216 0.0587299 0.371541 0.284354 0.0409748 0.112104 0.102933 0.0154803 0.0093871 0.00274505 0.000501229 0.000109771 1.35446e-05 1.47387e-06 1.09973e-07 5.00383e-09 1.18963e-10 1.20044e-12
#obs catch len freq
 1.75392e-41 2.43433e-33 4.08409e-26 8.28245e-20 2.03034e-14 6.01628e-10 2.15493e-06 0.000933012 0.0488301 0.308914 0.23662 0.0441217 0.153651 0.130167 0.0366589 0.0281652 0.00859374 0.00273103 0.000544779 6.50538e-05 3.38764e-06 5.63161e-08 2.2312e-10 1.68759e-13 2.10116e-17
 1.77079e-41 2.45774e-33 4.12336e-26 8.36209e-20 2.04987e-14 6.07413e-10 2.17566e-06 0.000941984 0.0492997 0.311885 0.238946 0.0459973 0.155707 0.124851 0.035957 0.0260427 0.00764881 0.00226503 0.000411331 4.28597e-05 1.84913e-06 2.39789e-08 7.07051e-11 3.874e-14 3.44562e-18
 2.18181e-41 3.02821e-33 5.08045e-26 1.0303e-19 2.52567e-14 7.48402e-10 2.68065e-06 0.00116063 0.0607428 0.384276 0.294179 0.0433059 0.0987676 0.0746723 0.0221414 0.0150739 0.00428322 0.00118168 0.000194743 1.74937e-05 6.18398e-07 6.24874e-09 1.37668e-11 5.47623e-15 3.47885e-19
 1.74234e-41 2.41825e-33 4.05712e-26 8.22776e-20 2.01694e-14 5.97656e-10 2.14071e-06 0.000926852 0.0485077 0.306875 0.235346 0.0537131 0.18316 0.128523 0.0254238 0.0129215 0.00354486 0.000909403 0.000135923 1.04667e-05 2.99927e-07 2.34377e-09 3.8587e-12 1.11931e-15 5.10016e-20
 2.10852e-41 2.92649e-33 4.90979e-26 9.95695e-20 2.44083e-14 7.23263e-10 2.59061e-06 0.00112164 0.0587024 0.371369 0.284468 0.0474581 0.113463 0.07665 0.0273021 0.0159365 0.00290022 0.00054848 7.33091e-05 4.82415e-06 1.11464e-07 6.69001e-10 8.19442e-13 1.73357e-16 5.68527e-21
 2.38891e-41 3.31565e-33 5.56269e-26 1.1281e-19 2.76541e-14 8.19442e-10 2.93511e-06 0.0012708 0.0665086 0.420753 0.322132 0.0453622 0.0779178 0.0480168 0.0108954 0.00535552 0.00148772 0.000272322 2.35978e-05 1.21808e-06 2.25398e-08 1.03625e-10 9.41353e-14 1.44888e-17 3.41826e-22
 1.35198e-41 1.87646e-33 3.14814e-26 6.38437e-20 1.56505e-14 4.63754e-10 1.66109e-06 0.000719195 0.0376398 0.238125 0.183636 0.0757098 0.271655 0.154789 0.0261664 0.00946793 0.00173951 0.000318648 3.05601e-05 1.0912e-06 1.41787e-08 4.89056e-11 3.29043e-14 3.68266e-18 6.2448e-23
 2.23498e-41 3.102e-33 5.20425e-26 1.05541e-19 2.58722e-14 7.6664e-10 2.74598e-06 0.00118891 0.062223 0.393642 0.301596 0.0481914 0.0874765 0.0530357 0.0344922 0.0158522 0.00204548 0.000234618 1.79688e-05 6.1622e-07 5.8761e-09 1.35803e-11 6.46086e-15 5.21625e-19 6.35723e-24
 2.02596e-41 2.81191e-33 4.71755e-26 9.56711e-20 2.34526e-14 6.94944e-10 2.48918e-06 0.00107773 0.056404 0.356832 0.274035 0.0632474 0.150248 0.0744322 0.0146025 0.00654513 0.00227678 0.000283639 1.30604e-05 3.125e-07 2.47829e-09 4.29926e-12 1.37951e-15 7.53637e-20 6.40541e-25
 2.06992e-41 2.87292e-33 4.81991e-26 9.77469e-20 2.39615e-14 7.10023e-10 2.54319e-06 0.00110111 0.0576278 0.364575 0.280047 0.0635648 0.137765 0.0662738 0.0208024 0.00699084 0.00104957 0.000187531 1.24084e-05 2.06842e-07 1.0439e-09 1.34099e-12 3.22321e-16 1.2371e-20 7.10519e-26
 2.02588e-41 2.81179e-33 4.71737e-26 9.56673e-20 2.34517e-14 6.94917e-10 2.48908e-06 0.00107769 0.0564018 0.35682 0.274458 0.0694146 0.148087 0.0661405 0.0197662 0.00657344 0.00113523 0.000115555 6.91151e-06 1.42303e-07 5.87337e-10 4.82958e-13 7.80107e-17 2.15063e-21 8.911e-27
 2.13565e-41 2.96415e-33 4.97297e-26 1.00851e-19 2.47224e-14 7.3257e-10 2.62395e-06 0.00113608 0.0594578 0.376154 0.289276 0.0679758 0.127384 0.0541466 0.0180204 0.00546516 0.000889194 8.85133e-05 3.73111e-06 5.9095e-08 2.44185e-10 1.77475e-13 2.03358e-17 3.66621e-22 1.01848e-27
 2.08718e-41 2.89687e-33 4.86009e-26 9.85617e-20 2.41612e-14 7.15942e-10 2.56439e-06 0.00111029 0.0581082 0.36762 0.283246 0.0754311 0.139287 0.0542247 0.0157689 0.00441819 0.000716487 6.40074e-05 2.36936e-06 2.75842e-08 8.19399e-11 5.00024e-14 4.98126e-18 7.14166e-23 1.41729e-28
 2.0464e-41 2.84026e-33 4.76513e-26 9.66359e-20 2.36892e-14 7.01953e-10 2.51428e-06 0.0010886 0.0569729 0.360441 0.278282 0.0818211 0.145195 0.054178 0.0171759 0.00421252 0.000581766 4.7207e-05 1.52317e-06 1.44378e-08 3.16402e-11 1.35069e-14 9.94652e-19 1.1295e-23 1.80769e-29
 1.9294e-41 2.67788e-33 4.4927e-26 9.1111e-20 2.23348e-14 6.6182e-10 2.37053e-06 0.00102636 0.0537156 0.339842 0.26348 0.0938744 0.164397 0.0588626 0.0195901 0.00456834 0.000599617 3.9971e-05 1.06873e-06 8.318e-09 1.42284e-11 4.48313e-15 2.32498e-19 1.84375e-24 2.11952e-30
 1.7508e-41 2.42999e-33 4.07682e-26 8.26771e-20 2.02673e-14 6.00558e-10 2.1511e-06 0.000931352 0.0487433 0.308398 0.240823 0.109947 0.189583 0.0686144 0.0262881 0.00587534 0.00074931 4.47664e-05 9.65539e-07 5.82468e-09 7.72491e-12 1.85013e-15 7.08651e-20 4.03509e-25 3.25835e-31
 1.97345e-41 2.73902e-33 4.59527e-26 9.31911e-20 2.28447e-14 6.7693e-10 2.42465e-06 0.00104979 0.054942 0.347612 0.270363 0.0975436 0.143758 0.0546058 0.0238855 0.00548417 0.000714162 3.91636e-05 7.19741e-07 3.39473e-09 3.36043e-12 5.97276e-16 1.69615e-20 7.10037e-26 4.1628e-32
 1.92576e-41 2.67282e-33 4.48421e-26 9.09389e-20 2.22926e-14 6.60571e-10 2.36606e-06 0.00102442 0.0536142 0.339228 0.265413 0.111571 0.156244 0.0504089 0.0176487 0.00423483 0.00057875 3.07536e-05 4.97174e-07 1.90735e-09 1.44519e-12 1.88897e-16 3.88468e-21 1.17637e-26 4.9968e-33
 1.9071e-41 2.64693e-33 4.44077e-26 9.0058e-20 2.20767e-14 6.54172e-10 2.34314e-06 0.0010145 0.0530948 0.335958 0.26408 0.118662 0.154643 0.0509324 0.0178101 0.00337201 0.000408539 2.13297e-05 3.14673e-07 1.01616e-09 6.08601e-13 6.02512e-17 9.10966e-22 1.99042e-27 6.04592e-34
 1.92234e-41 2.66808e-33 4.47625e-26 9.07775e-20 2.2253e-14 6.59398e-10 2.36186e-06 0.0010226 0.0535191 0.33866 0.267243 0.123105 0.147496 0.0486322 0.0169 0.0030948 0.000311465 1.32251e-05 1.7217e-07 4.78205e-10 2.33155e-13 1.79807e-17 2.05225e-22 3.31154e-28 7.31233e-35
 2.01105e-41 2.7912e-33 4.68282e-26 9.49667e-20 2.328e-14 6.89828e-10 2.47085e-06 0.00106979 0.0559889 0.354301 0.279809 0.121407 0.130498 0.0411001 0.0132754 0.00232725 0.000214366 7.39594e-06 7.43734e-08 1.66223e-10 6.58274e-14 4.02985e-18 3.55275e-23 4.3298e-29 7.09864e-36
 2.00038e-41 2.77639e-33 4.65798e-26 9.44628e-20 2.31565e-14 6.86168e-10 2.45774e-06 0.00106412 0.0556919 0.352456 0.280252 0.130311 0.129609 0.0378686 0.0108782 0.00172068 0.000141799 4.19294e-06 3.30039e-08 5.49928e-11 1.64059e-14 7.71282e-19 5.23926e-24 4.87811e-30 6.03519e-37
 2.04247e-41 2.83482e-33 4.756e-26 9.64506e-20 2.36437e-14 7.00607e-10 2.50946e-06 0.00108651 0.0568639 0.3599 0.2871 0.131021 0.118789 0.0346393 0.00924872 0.00125934 8.75102e-05 2.15844e-06 1.36647e-08 1.73548e-11 3.7949e-15 1.29531e-19 6.44405e-25 4.44382e-31 4.09775e-38
 1.97553e-41 2.7419e-33 4.6001e-26 9.32892e-20 2.28687e-14 6.77643e-10 2.42721e-06 0.0010509 0.0550002 0.348177 0.281382 0.146111 0.124445 0.03434 0.0083876 0.00104221 6.00709e-05 1.17272e-06 5.80663e-09 5.66829e-12 9.28519e-16 2.31611e-20 8.28765e-26 4.08923e-32 2.7046e-39
 2.0215e-41 2.80572e-33 4.70717e-26 9.54604e-20 2.3401e-14 6.93414e-10 2.4837e-06 0.00107536 0.0562804 0.356322 0.288833 0.14392 0.112524 0.0326074 0.0075639 0.000830606 4.06359e-05 6.28765e-07 2.35134e-09 1.7143e-12 2.0885e-16 3.84394e-21 1.00406e-26 3.5775e-33 1.69388e-40
 1.9973e-41 2.77212e-33 4.65081e-26 9.43174e-20 2.31208e-14 6.85111e-10 2.45396e-06 0.00106248 0.0556068 0.352153 0.288927 0.153671 0.11122 0.0301417 0.0065109 0.000675924 2.80612e-05 3.4624e-07 9.85194e-10 5.28269e-13 4.67408e-17 6.23951e-22 1.18235e-27 3.05187e-34 1.04355e-41
 1.93516e-41 2.68587e-33 4.5061e-26 9.13829e-20 2.24014e-14 6.63795e-10 2.37761e-06 0.00102942 0.0538772 0.341344 0.285101 0.166864 0.1141 0.0310019 0.00609834 0.000560926 2.03042e-05 2.03742e-07 4.43799e-10 1.76453e-13 1.13398e-17 1.08629e-22 1.47055e-28 2.71141e-35 6.63161e-43
 1.86317e-41 2.58596e-33 4.33848e-26 8.79834e-20 2.15681e-14 6.39102e-10 2.28916e-06 0.000991128 0.0518736 0.328846 0.280785 0.180491 0.117555 0.0328301 0.0061068 0.000502694 1.52148e-05 1.24058e-07 2.11134e-10 6.30085e-14 2.96458e-18 2.05074e-23 1.98735e-29 2.60838e-36 4.52737e-44
#spawning biomass
 6744.27 8408.15 10794 13114.4 21482.6 33061.2 31264.5 35950.6 48117.4 59522.8 74796.7 93100.9 128330 156739 150307 124215 123100 115698 109868 108369 111947 118713 125174 129685 146353 150325 149457 160524 180633 147367 57159.4 24138.4 14952.9 12676.1 12150.9 12035.5 12011.1 12006 12005 12004.8 12004.7 12004.7 12004.7 12004.7 12004.7 12004.7 12004.7 12004.7 12004.7 12004.7 12004.7 12004.7 12004.7 12004.7 12004.7 12004.7 12004.7 12004.7 12004.7 12004.7 12004.7 12004.7 12004.7 12004.7 12004.7 12004.7 12004.7 12004.7 12004.7 12004.7 12004.7 12004.7 12004.7 12004.7 12004.7 12004.7 12004.7 12004.7 12004.7 12004.7 12004.7 12004.7 12004.7 12004.7 12004.7 12004.7 12004.7 12004.7 12004.7 12004.7 12004.7 12004.7 12004.7 12004.7 12004.7 12004.7 12004.7 12004.7 12004.7 12004.7 12004.7 12004.7 12004.7 12004.7 12004.7 12004.7 12004.7 12004.7 12004.7 12004.7 12004.7 12004.7 12004.7 12004.7 12004.7 12004.7 12004.7 12004.7 12004.7 12004.7 12004.7 12004.7 12004.7 12004.7 12004.7 12004.7 12004.7 12004.7 0 0 0 0 0 0 0 0 0 0 0 0 0 0 0 0 0 0 0 0 0 0 0 0 0
