SBPRF35
0.150056
Curr Bio
161478
B35
162944
F35
1.21101
FOFL
1.21101
OFL
71321.1
Bzero
42872.3
#pred survey bio
 11287.4 13983.3 14277 15789.7 18209.4 22004.7 24707.5 29745.8 40524.3 51416.4 60361 71376.4 103771 130337 125590 101726 91583.2 88446.4 90485.1 90365.3 90852.3 90210.5 94975 96039.3 105167 115854 110668 96299 95022.8 2.74669e+06 2.62646e+06 1.26282e+06 673865 456913 367459 324300 301134 288061 280551 276217 273720 272284 271462 270989 270717 270565 270480 270432 270406 270391 270382 270377 270375 270373 270372 270372 270371 270371 270371 270371 270371 270371 270371 270371 270371 270371 270371 270371 270371 270371 270371 270371 270371 270371 270371 270371 270371 270371 270371 270371 270371 270371 270371 270371 270371 270371 270371 270371 270371 270371 270371 270371 270371 270371 270371 270371 270371 270371 270371 270371 270371 270371 270371 270371 270371 270371 270371 270371 270371 270371 270371 270371 270371 270371 270371 270371 270371 270371 270371 270371 270371 270371 270371 270371 270371 270371 270371 270371 270371 0 0 0 0 0 0 0 0 0 0 0 0 0 0 0 0 0 0 0 0 0 0 0 0 0
#obs survey bio
 8854.15 10194.3 16236.6 12578.3 24147.1 21061.6 17853.6 41933.6 53376.3 50427.8 42755.9 110231 104307 122230 109270 74290.4 96140.2 91651.7 90430.1 109009 94209.9 120622 91747.9 81826.5 113181 160815 94847.4 92687.2 76894
#pred catch bio
 3727.93 7144.95 7403.29 8834.54 10467.7 13476.8 15599 19151.5 28290.3 36574.6 44895.8 50495.3 79795.4 104912 106112 87622.3 80506.8 75630.4 81041.7 82791.5 86815.1 85531.7 94237.1 95611.9 103575 115197 113714 96615 77113.6 71321.1 72541.8 24457.2 10527.3 7149.75 6414.35 6265.15 6236.32 6230.93 6229.95 6229.78 6229.75 6229.74 6229.74 6229.74 6229.74 6229.74 6229.74 6229.74 6229.74 6229.74 6229.74 6229.74 6229.74 6229.74 6229.74 6229.74 6229.74 6229.74 6229.74 6229.74 6229.74 6229.74 6229.74 6229.74 6229.74 6229.74 6229.74 6229.74 6229.74 6229.74 6229.74 6229.74 6229.74 6229.74 6229.74 6229.74 6229.74 6229.74 6229.74 6229.74 6229.74 6229.74 6229.74 6229.74 6229.74 6229.74 6229.74 6229.74 6229.74 6229.74 6229.74 6229.74 6229.74 6229.74 6229.74 6229.74 6229.74 6229.74 6229.74 6229.74 6229.74 6229.74 6229.74 6229.74 6229.74 6229.74 6229.74 6229.74 6229.74 6229.74 6229.74 6229.74 6229.74 6229.74 6229.74 6229.74 6229.74 6229.74 6229.74 6229.74 6229.74 6229.74 6229.74 6229.74 6229.74 6229.74 6229.74 6229.74 6229.74 0 0 0 0 0 0 0 0 0 0 0 0 0 0 0 0 0 0 0 0 0 0 0 0 0
#obs catch bio
 7124.88 7412.77 7523.53 9164.42 10640.7 13737.5 15866.5 19039.4 27844.3 35862.2 44723.7 49169.3 78345.7 105228 108595 88966.1 79919.4 73707.6 81088.4 80618.9 85544.9 83265.4 92796.7 93459.8 101874 109741 112348 94017.3 76194.3
#pred cpue bio
 11283.6 13864.9 14113.2 15556 17584.6 21589.7 24177.7 28206.1 38325.2 49333.2 58386.9 66849.9 96008.2 125654 124756 99419.9 87393.2 85063.7 85949.4 85802.1 85420 84404.6 88359.3 88782.6 95491.1 108107 104127 90245.6 87366.1 2.65087e+06 2.94579e+06 1.27897e+06 674697 457034 367543 324382 301216 288143 280632 276299 273802 272366 271543 271071 270799 270647 270562 270514 270487 270472 270464 270459 270456 270455 270454 270453 270453 270453 270453 270453 270453 270453 270453 270453 270453 270453 270453 270453 270453 270453 270453 270453 270453 270453 270453 270453 270453 270453 270453 270453 270453 270453 270453 270453 270453 270453 270453 270453 270453 270453 270453 270453 270453 270453 270453 270453 270453 270453 270453 270453 270453 270453 270453 270453 270453 270453 270453 270453 270453 270453 270453 270453 270453 270453 270453 270453 270453 270453 270453 270453 270453 270453 270453 270453 270453 270453 270453 270453 270453 0 0 0 0 0 0 0 0 0 0 0 0 0 0 0 0 0 0 0 0 0 0 0 0 0
#obs cpue bio
 13286.9 9584.7 9973.62 10153.8 12764.5 15774.1 29067.3 28124.9 39396.9 65942.1 75198.6 91295.3 91888.9 109146 95815.2 126432 94162 134815 71634.7 134576 92507.4 103432 109252 153906 109268 191214 125160 162059 119177
#pred surv len freq
 2.56261e-27 2.58665e-27 3.14102e-26 6.08623e-20 1.49197e-14 4.42096e-10 1.58351e-06 0.000685601 0.0358819 0.226999 0.174004 0.0422692 0.199482 0.184053 0.0384282 0.041601 0.0171049 0.0121702 0.0072314 0.00533758 0.00407945 0.00344512 0.00337859 0.00295147 0.000896052
 2.56245e-27 2.58661e-27 3.17027e-26 6.14805e-20 1.50712e-14 4.46587e-10 1.5996e-06 0.000692565 0.0362464 0.229305 0.17572 0.0394462 0.176796 0.163996 0.0509145 0.0750534 0.0260898 0.0118324 0.00529158 0.0029683 0.00184464 0.00132748 0.00114699 0.000996811 0.000330919
 2.56326e-27 2.58858e-27 3.31848e-26 6.46061e-20 1.58374e-14 4.69291e-10 1.68092e-06 0.000727775 0.0380891 0.240963 0.184653 0.0414378 0.185674 0.171559 0.0408004 0.0502624 0.0213471 0.0153424 0.00534268 0.00189674 0.000806029 0.000441593 0.00031356 0.000254184 8.71265e-05
 2.56366e-27 2.58958e-27 3.39864e-26 6.62968e-20 1.62519e-14 4.81572e-10 1.72491e-06 0.00074682 0.0390859 0.247268 0.189474 0.0418152 0.18516 0.171063 0.040385 0.049254 0.0181844 0.00996203 0.00464912 0.00205545 0.000541967 0.000179508 9.00799e-05 6.22124e-05 2.10227e-05
 2.56509e-27 2.59334e-27 3.72006e-26 7.3077e-20 1.7914e-14 5.30822e-10 1.90132e-06 0.000823198 0.0430832 0.272556 0.208783 0.0417878 0.171386 0.158188 0.0351589 0.0405346 0.0148987 0.00794349 0.00301629 0.00124702 0.000445213 0.000102099 2.70085e-05 1.32901e-05 4.18197e-06
 2.5644e-27 2.59135e-27 3.53291e-26 6.91285e-20 1.6946e-14 5.02141e-10 1.79858e-06 0.000778718 0.0407553 0.25783 0.197561 0.0432354 0.190286 0.175459 0.0351562 0.036136 0.0128816 0.00632246 0.0023611 0.000878756 0.000266851 7.26396e-05 1.279e-05 3.14591e-06 8.19853e-07
 2.56452e-27 2.59169e-27 3.56406e-26 6.97857e-20 1.71071e-14 5.06915e-10 1.81568e-06 0.000786122 0.0411428 0.260281 0.199429 0.0429749 0.186992 0.172489 0.0359112 0.0385727 0.0131126 0.00547289 0.00192479 0.000669291 0.00018697 4.42371e-05 7.94206e-06 1.03613e-06 1.66657e-07
 2.56633e-27 2.59654e-27 3.98829e-26 7.87348e-20 1.93009e-14 5.7192e-10 2.04852e-06 0.000886932 0.0464188 0.293658 0.224902 0.0421559 0.162862 0.150124 0.0301819 0.03113 0.0107624 0.00475155 0.00154808 0.000466104 0.000119339 2.55704e-05 4.067e-06 4.28773e-07 3.47715e-08
 2.56666e-27 2.59733e-27 4.04652e-26 7.9963e-20 1.9602e-14 5.80841e-10 2.08047e-06 0.000900766 0.0471429 0.298239 0.228412 0.0429185 0.166199 0.153004 0.0270923 0.0233271 0.00791703 0.00331156 0.00110479 0.000337237 7.51683e-05 1.42195e-05 2.00125e-06 1.81428e-07 9.39568e-09
 2.56605e-27 2.59559e-27 3.88714e-26 7.66004e-20 1.87777e-14 5.56416e-10 1.99299e-06 0.000862888 0.0451604 0.285698 0.21885 0.0438319 0.179869 0.165539 0.0278771 0.0219315 0.00703255 0.00232872 0.000739796 0.000218582 4.97172e-05 8.5045e-06 1.02546e-06 8.01964e-08 3.26521e-09
 2.56558e-27 2.59435e-27 3.77928e-26 7.43251e-20 1.82199e-14 5.39889e-10 1.93379e-06 0.000837257 0.043819 0.277212 0.212373 0.0439685 0.185459 0.170749 0.0297383 0.024858 0.00781491 0.00231142 0.000657897 0.000159441 3.42342e-05 5.82448e-06 6.4202e-07 4.24349e-08 1.44538e-09
 2.56719e-27 2.59871e-27 4.16425e-26 8.24464e-20 2.02107e-14 5.98881e-10 2.14509e-06 0.000928742 0.048607 0.307501 0.235484 0.0428689 0.160853 0.148029 0.0254529 0.0208067 0.00662989 0.00210525 0.00058148 0.000124137 2.19961e-05 3.30765e-06 3.53266e-07 2.11227e-08 6.04062e-10
 2.56779e-27 2.60031e-27 4.30288e-26 8.53707e-20 2.09276e-14 6.20122e-10 2.22117e-06 0.000961684 0.0503311 0.318408 0.24381 0.042748 0.154083 0.141715 0.0231393 0.0171131 0.00541468 0.00167539 0.000472854 0.000105748 1.71533e-05 2.12866e-06 1.93377e-07 1.08757e-08 2.77335e-10
 2.56599e-27 2.59534e-27 3.85477e-26 7.59173e-20 1.86102e-14 5.51454e-10 1.97521e-06 0.000855192 0.0447577 0.28315 0.216919 0.0447196 0.187981 0.172853 0.0260694 0.0159481 0.00492218 0.00135347 0.000372878 8.2242e-05 1.38508e-05 1.64831e-06 1.23611e-07 5.83723e-09 1.36434e-10
 2.56428e-27 2.59072e-27 3.44877e-26 6.73525e-20 1.65107e-14 4.8924e-10 1.75238e-06 0.000758712 0.0397083 0.251206 0.192542 0.0456689 0.212331 0.195395 0.0313674 0.0223463 0.00670746 0.00149322 0.000383366 7.63135e-05 1.24996e-05 1.5098e-06 1.09847e-07 4.32071e-09 8.46662e-11
 2.56513e-27 2.59306e-27 3.66024e-26 7.18137e-20 1.76043e-14 5.21646e-10 1.86845e-06 0.000808967 0.0423384 0.267845 0.205233 0.0447441 0.196378 0.180735 0.0298875 0.022673 0.00698051 0.00183253 0.000455438 7.47299e-05 1.09522e-05 1.23716e-06 8.98721e-08 3.39848e-09 5.6085e-11
 2.56645e-27 2.59663e-27 3.97155e-26 7.83809e-20 1.92141e-14 5.69349e-10 2.03931e-06 0.000882944 0.0462101 0.292338 0.223926 0.0441694 0.17887 0.164492 0.0254312 0.0165996 0.00515656 0.00145726 0.000382652 7.11294e-05 9.3436e-06 8.89578e-07 5.89741e-08 2.18662e-09 3.42529e-11
 2.56617e-27 2.5958e-27 3.89281e-26 7.67196e-20 1.88069e-14 5.57282e-10 1.99609e-06 0.000864231 0.0452307 0.286142 0.219206 0.0448645 0.187476 0.172331 0.0249632 0.0135491 0.00408126 0.000974618 0.000255392 5.11955e-05 7.43017e-06 7.06151e-07 3.92469e-08 1.29893e-09 1.96186e-11
 2.56671e-27 2.59731e-27 4.02976e-26 7.96088e-20 1.95151e-14 5.78268e-10 2.07126e-06 0.000896776 0.046934 0.296918 0.227423 0.0441512 0.176275 0.162072 0.0245466 0.0151751 0.00447325 0.000878035 0.000211561 3.69625e-05 5.52695e-06 5.778e-07 3.32061e-08 9.49704e-10 1.2649e-11
 2.56681e-27 2.59753e-27 4.04526e-26 7.99357e-20 1.95953e-14 5.80643e-10 2.07977e-06 0.00090046 0.0471268 0.298137 0.228359 0.044471 0.178051 0.16362 0.0231805 0.0116741 0.00348187 0.000781329 0.000184038 2.67092e-05 3.48612e-06 3.46331e-07 2.15986e-08 6.42245e-10 7.62095e-12
 2.56728e-27 2.59879e-27 4.15623e-26 8.22767e-20 2.01691e-14 5.97648e-10 2.14067e-06 0.00092683 0.0485069 0.306868 0.235022 0.044185 0.171193 0.157284 0.0219161 0.0103807 0.00301454 0.00054865 0.000128117 2.06122e-05 2.44978e-06 2.02507e-07 1.15608e-08 3.62339e-10 4.45573e-12
 2.56754e-27 2.59948e-27 4.21427e-26 8.35009e-20 2.04692e-14 6.0654e-10 2.17253e-06 0.000940621 0.0492287 0.311434 0.238509 0.0442189 0.169002 0.155212 0.0206492 0.00801277 0.00229807 0.000393272 8.63493e-05 1.16558e-05 1.42392e-06 1.17889e-07 5.64304e-09 1.58048e-10 1.9926e-12
 2.56778e-27 2.60013e-27 4.27271e-26 8.47338e-20 2.07715e-14 6.15496e-10 2.2046e-06 0.000954508 0.0499555 0.316033 0.242016 0.0439981 0.164857 0.1514 0.0202005 0.00794706 0.00224296 0.000318715 6.58223e-05 8.29536e-06 8.95186e-07 6.791e-08 3.28436e-09 7.9994e-11 8.92102e-13
 2.56808e-27 2.60092e-27 4.34124e-26 8.61795e-20 2.11259e-14 6.25997e-10 2.24222e-06 0.000970795 0.0508079 0.321425 0.246133 0.0439302 0.161448 0.14822 0.0190177 0.00605157 0.00169553 0.000243662 4.88714e-05 5.19381e-06 5.14234e-07 3.49117e-08 1.5002e-09 3.56084e-11 3.55685e-13
 2.56878e-27 2.60286e-27 4.51368e-26 8.98172e-20 2.20176e-14 6.52421e-10 2.33686e-06 0.00101177 0.0529525 0.334992 0.256482 0.0433132 0.149481 0.137201 0.0175014 0.00536685 0.00148092 0.000177087 3.34838e-05 3.56198e-06 3.24e-07 1.88258e-08 7.20478e-10 1.51166e-11 1.42543e-13
 2.5677e-27 2.59989e-27 4.24846e-26 8.42221e-20 2.0646e-14 6.11779e-10 2.19129e-06 0.000948744 0.0496539 0.314124 0.240564 0.0443427 0.168499 0.154696 0.0196054 0.00576004 0.00158307 0.000183458 3.33571e-05 3.00242e-06 2.57285e-07 1.42987e-08 4.7245e-10 8.60213e-12 7.16199e-14
 2.56733e-27 2.59889e-27 4.16002e-26 8.23563e-20 2.01887e-14 5.98226e-10 2.14275e-06 0.000927727 0.0485539 0.307165 0.235255 0.0446007 0.174193 0.159953 0.0205879 0.00667589 0.00183891 0.000205789 3.67465e-05 3.19336e-06 2.5043e-07 1.20518e-08 3.75787e-10 6.04545e-12 4.31296e-14
 2.56752e-27 2.5994e-27 4.20448e-26 8.32942e-20 2.04186e-14 6.05039e-10 2.16715e-06 0.000938292 0.0491068 0.310664 0.237925 0.0445216 0.171715 0.157652 0.019923 0.00574044 0.00158108 0.000191866 3.51952e-05 2.96155e-06 2.25762e-07 1.01597e-08 2.76526e-10 4.02622e-12 2.5716e-14
 2.56829e-27 2.60152e-27 4.39467e-26 8.73066e-20 2.14022e-14 6.34184e-10 2.27154e-06 0.000983491 0.0514724 0.325628 0.249339 0.0437356 0.157714 0.144784 0.0185807 0.00591814 0.00162733 0.000179312 3.20108e-05 2.89542e-06 2.24807e-07 9.76421e-09 2.51475e-10 3.24924e-12 1.83796e-14
#obs surv len freq
 1.24998e-41 1.73489e-33 2.91064e-26 5.90272e-20 1.44698e-14 4.28768e-10 1.53578e-06 0.000664938 0.0348002 0.220157 0.168843 0.0417515 0.170249 0.142522 0.0891744 0.0843309 0.032985 0.0118519 0.00239085 0.000266306 1.20707e-05 1.63448e-07 5.00162e-10 2.82097e-13 2.5654e-17
 1.55732e-41 2.16145e-33 3.62628e-26 7.35403e-20 1.80275e-14 5.34189e-10 1.91338e-06 0.000828426 0.0433565 0.274287 0.210209 0.0426622 0.142271 0.113378 0.074257 0.0647842 0.0244527 0.00795626 0.00141628 0.000134138 4.94995e-06 5.18967e-08 1.18201e-10 4.84144e-14 3.15133e-18
 1.29111e-41 1.79198e-33 3.00642e-26 6.09696e-20 1.4946e-14 4.42876e-10 1.58631e-06 0.000686818 0.0359453 0.227402 0.174648 0.0516579 0.203574 0.149724 0.0735764 0.0557562 0.0201193 0.00590975 0.00092438 7.27872e-05 2.13993e-06 1.72145e-08 2.91352e-11 8.66845e-15 4.04161e-19
 1.56022e-41 2.16548e-33 3.63304e-26 7.36774e-20 1.80612e-14 5.35185e-10 1.91695e-06 0.000829971 0.0434374 0.274799 0.210774 0.047408 0.14972 0.109508 0.0844542 0.0593317 0.0155306 0.003676 0.000496869 3.2222e-05 7.40676e-07 4.49346e-09 5.60731e-12 1.21022e-15 4.04554e-20
 1.53969e-41 2.13699e-33 3.58524e-26 7.2708e-20 1.78235e-14 5.28143e-10 1.89172e-06 0.000819051 0.0428659 0.271184 0.208256 0.0553962 0.180328 0.118881 0.0637117 0.0414462 0.0139662 0.00285997 0.000270742 1.36192e-05 2.41829e-07 1.09205e-09 9.921e-13 1.54157e-16 3.6848e-21
 1.35035e-41 1.8742e-33 3.14435e-26 6.37668e-20 1.56317e-14 4.63195e-10 1.65909e-06 0.000718329 0.0375945 0.237837 0.183036 0.0611852 0.205166 0.130973 0.0834951 0.0466517 0.0110169 0.00212148 0.000195448 6.96737e-06 8.70067e-08 2.8632e-10 1.87642e-13 2.08029e-17 3.5294e-22
 1.56462e-41 2.17159e-33 3.6433e-26 7.38853e-20 1.81121e-14 5.36695e-10 1.92235e-06 0.000832313 0.04356 0.275576 0.211826 0.0580927 0.165616 0.105004 0.0832126 0.0439762 0.010604 0.00158294 0.000111004 3.42773e-06 3.10981e-08 6.89104e-11 3.13621e-14 2.45161e-18 2.93278e-23
 1.73183e-41 2.40366e-33 4.03264e-26 8.17811e-20 2.00477e-14 5.94049e-10 2.12779e-06 0.000921258 0.048215 0.305026 0.234518 0.0628408 0.163472 0.0927733 0.0564296 0.0275534 0.00718436 0.00100492 5.74594e-05 1.28106e-06 8.90317e-09 1.43438e-11 4.40203e-15 2.31425e-19 1.90184e-24
 1.65549e-41 2.29771e-33 3.85489e-26 7.81764e-20 1.9164e-14 5.67865e-10 2.034e-06 0.000880652 0.0460898 0.291584 0.224656 0.0712367 0.184763 0.0980573 0.0553107 0.0224051 0.00442206 0.000561534 3.02179e-05 5.40273e-07 2.66945e-09 3.06345e-12 6.73552e-16 2.44891e-20 1.3555e-25
 1.53491e-41 2.13036e-33 3.57412e-26 7.24824e-20 1.77682e-14 5.26504e-10 1.88585e-06 0.000816509 0.0427328 0.270349 0.208881 0.0784794 0.199531 0.104634 0.0665092 0.0238058 0.00387812 0.00036564 1.51626e-05 2.31003e-07 9.02307e-10 7.38748e-13 1.12191e-16 2.8446e-21 1.1013e-26
 1.46709e-41 2.03622e-33 3.41618e-26 6.92795e-20 1.6983e-14 5.03239e-10 1.80252e-06 0.000780428 0.0408445 0.258406 0.200205 0.0843465 0.204272 0.107353 0.0746684 0.0248541 0.0039557 0.000303646 8.96869e-06 9.67238e-08 2.89087e-10 1.8205e-13 2.01147e-17 3.54923e-22 9.43572e-28
 1.88068e-41 2.61026e-33 4.37926e-26 8.88105e-20 2.17709e-14 6.4511e-10 2.31068e-06 0.00100044 0.0523593 0.33125 0.255435 0.0728794 0.140573 0.0738593 0.0530747 0.0166972 0.00267779 0.000186613 4.58289e-06 3.50719e-08 7.06258e-11 3.13537e-14 2.54292e-18 3.28894e-23 6.25571e-29
 1.56842e-41 2.17687e-33 3.65214e-26 7.40647e-20 1.81561e-14 5.37998e-10 1.92702e-06 0.000834334 0.0436658 0.276264 0.215153 0.102308 0.213926 0.090322 0.0431507 0.0123392 0.00190958 0.000122812 2.70589e-06 1.67931e-08 2.44283e-11 7.2728e-15 3.95437e-19 3.54437e-24 4.79967e-30
 1.26846e-41 1.76053e-33 2.95366e-26 5.98997e-20 1.46837e-14 4.35105e-10 1.55847e-06 0.000674766 0.0353146 0.223441 0.175906 0.113576 0.233225 0.119847 0.0787826 0.0173247 0.00180572 9.87935e-05 1.93294e-06 1.02204e-08 1.18867e-11 2.61757e-15 9.86022e-20 5.92125e-25 5.36679e-31
 1.14693e-41 1.59187e-33 2.67068e-26 5.4161e-20 1.32769e-14 3.9342e-10 1.40916e-06 0.00061012 0.0319313 0.202046 0.160333 0.117313 0.227141 0.135344 0.0982604 0.0240763 0.00283134 0.000110535 1.50798e-06 6.38698e-09 6.02738e-12 1.04237e-15 2.95758e-20 1.2823e-25 8.09934e-32
 1.55574e-41 2.15926e-33 3.62261e-26 7.34658e-20 1.80093e-14 5.33648e-10 1.91144e-06 0.000827587 0.0433127 0.274046 0.214627 0.100785 0.165547 0.104543 0.0743555 0.0193766 0.00247575 0.000101249 1.18126e-06 3.41864e-09 2.28795e-12 2.9998e-16 6.51745e-21 2.13288e-26 9.96602e-33
 1.40695e-41 1.95276e-33 3.27615e-26 6.64397e-20 1.62869e-14 4.82611e-10 1.72863e-06 0.000748439 0.0391704 0.24787 0.197646 0.135755 0.214872 0.0973092 0.0518266 0.0130883 0.00164162 6.85632e-05 7.9508e-07 2.03252e-09 1.0088e-12 9.01654e-17 1.36604e-21 3.24274e-27 1.11887e-33
 1.46244e-41 2.02977e-33 3.40535e-26 6.90599e-20 1.69292e-14 5.01644e-10 1.79681e-06 0.000777955 0.0407151 0.257653 0.205453 0.129889 0.189864 0.107691 0.0571277 0.00986741 0.000924535 3.51039e-05 3.81419e-07 9.02705e-10 3.91323e-13 2.78335e-17 3.05583e-22 4.99292e-28 1.18116e-34
 1.43939e-41 1.99777e-33 3.35168e-26 6.79714e-20 1.66624e-14 4.93737e-10 1.76849e-06 0.000765693 0.0400735 0.253623 0.204468 0.144334 0.195661 0.101686 0.0494193 0.00921688 0.000732026 1.8882e-05 1.59041e-07 3.21216e-10 1.19839e-13 7.19373e-18 6.42559e-23 8.14115e-29 1.42072e-35
 1.55586e-41 2.15944e-33 3.6229e-26 7.34717e-20 1.80107e-14 5.33691e-10 1.91159e-06 0.000827654 0.0433163 0.274157 0.220855 0.141379 0.175133 0.0952479 0.041899 0.00669187 0.000481255 1.09431e-05 6.62772e-08 9.36224e-11 2.6625e-14 1.27619e-18 9.17098e-24 9.27633e-30 1.27313e-36
 1.50595e-41 2.09016e-33 3.50668e-26 7.11148e-20 1.74329e-14 5.1657e-10 1.85027e-06 0.000801103 0.0419268 0.26542 0.217363 0.160567 0.184743 0.0894302 0.0343941 0.00504272 0.00030477 5.69565e-06 2.84076e-08 3.01557e-11 5.93643e-15 1.98748e-19 1.04405e-24 7.97834e-31 8.38953e-38
 1.55213e-41 2.15425e-33 3.6142e-26 7.32952e-20 1.79675e-14 5.32409e-10 1.907e-06 0.000825666 0.0432124 0.273591 0.224999 0.160177 0.172433 0.0897774 0.0310159 0.003774 0.000189731 2.90931e-06 1.13806e-08 9.36662e-12 1.39515e-15 3.36048e-20 1.22323e-25 6.45194e-32 4.76988e-39
 1.55658e-41 2.16042e-33 3.62456e-26 7.35054e-20 1.8019e-14 5.33935e-10 1.91247e-06 0.000828033 0.0433365 0.274446 0.228675 0.17117 0.17038 0.0824535 0.0256812 0.00290718 0.000120512 1.43192e-06 4.3198e-09 2.69762e-12 3.00113e-16 5.36294e-21 1.43166e-26 5.42514e-33 2.81974e-40
 1.59557e-41 2.21454e-33 3.71536e-26 7.53467e-20 1.84703e-14 5.4731e-10 1.96038e-06 0.000848776 0.0444223 0.281385 0.236281 0.174095 0.161918 0.0776495 0.0212628 0.0020628 7.27426e-05 7.06768e-07 1.6177e-09 7.44673e-13 6.08611e-17 7.9535e-22 1.54482e-27 4.24758e-34 1.59779e-41
 1.5865e-41 2.20195e-33 3.69423e-26 7.49183e-20 1.83653e-14 5.44198e-10 1.94923e-06 0.000843949 0.04417 0.279899 0.238925 0.184292 0.160052 0.0725011 0.0177389 0.00153049 4.45431e-05 3.46378e-07 6.21527e-10 2.157e-13 1.28345e-17 1.20452e-22 1.67793e-28 3.31101e-35 8.93479e-43
 1.37229e-41 1.90464e-33 3.19544e-26 6.48028e-20 1.58856e-14 4.70721e-10 1.68604e-06 0.00073 0.038207 0.242403 0.218694 0.216765 0.183181 0.0811876 0.0175008 0.00129793 3.14429e-05 1.96115e-07 2.70825e-10 7.09265e-14 3.13933e-18 2.15221e-23 2.15382e-29 3.02341e-36 5.78511e-44
 1.40203e-41 1.94593e-33 3.2647e-26 6.62076e-20 1.623e-14 4.80925e-10 1.72259e-06 0.000745824 0.0390357 0.247745 0.223762 0.205256 0.176566 0.0882971 0.0174457 0.00112281 2.21793e-05 1.09231e-07 1.16239e-10 2.28903e-14 7.47822e-19 3.74806e-24 2.72606e-30 2.7635e-37 3.79095e-45
 1.46769e-41 2.03705e-33 3.41758e-26 6.93079e-20 1.699e-14 5.03445e-10 1.80326e-06 0.000780749 0.0408635 0.259295 0.23204 0.202916 0.169006 0.0781761 0.0158489 0.00105278 1.90951e-05 8.08796e-08 7.1777e-11 1.16338e-14 3.10529e-19 1.26286e-24 7.40865e-31 6.03582e-38 6.64306e-46
 1.4677e-41 2.03707e-33 3.41761e-26 6.93085e-20 1.69902e-14 5.0345e-10 1.80328e-06 0.000780757 0.0408639 0.259298 0.232042 0.202921 0.169092 0.0783476 0.0156515 0.000985488 1.65929e-05 6.38716e-08 5.06722e-11 7.26295e-15 1.70142e-19 6.04295e-25 3.08516e-31 2.18165e-38 2.08014e-46
#pred catch len freq
 2.55977e-27 2.5789e-27 2.45227e-26 4.63324e-20 1.13578e-14 3.36553e-10 1.20548e-06 0.000521925 0.0273157 0.172807 0.132661 0.0445769 0.246091 0.22698 0.0445131 0.0446858 0.0182486 0.0128412 0.00761687 0.00561779 0.00429295 0.00362532 0.0035553 0.00310583 0.000942917
 2.56042e-27 2.58106e-27 2.67686e-26 5.10714e-20 1.25195e-14 3.70976e-10 1.32877e-06 0.000575308 0.0301096 0.190482 0.146102 0.041124 0.210373 0.194932 0.0555005 0.0777254 0.0269055 0.0120481 0.00537718 0.0030134 0.00187232 0.00134736 0.00116416 0.00101173 0.000335873
 2.56118e-27 2.58289e-27 2.81183e-26 5.39177e-20 1.32173e-14 3.91651e-10 1.40283e-06 0.000607371 0.0317876 0.201098 0.154242 0.0432613 0.220917 0.204005 0.0451664 0.0520564 0.0219566 0.0156136 0.00543032 0.00192552 0.000818057 0.000448162 0.000318223 0.000257964 8.8422e-05
 2.56176e-27 2.58437e-27 2.93385e-26 5.64915e-20 1.38482e-14 4.10347e-10 1.4698e-06 0.000636365 0.0333051 0.210697 0.161577 0.0435546 0.217996 0.201282 0.0442588 0.0504803 0.0185387 0.0100338 0.00467414 0.0020647 0.000544297 0.000180266 9.04598e-05 6.24748e-05 2.11114e-05
 2.56326e-27 2.58832e-27 3.27185e-26 6.36215e-20 1.5596e-14 4.62138e-10 1.6553e-06 0.000716683 0.0375086 0.23729 0.181881 0.0434529 0.202957 0.187245 0.0389178 0.0417922 0.0152792 0.00804828 0.00305104 0.00125998 0.000449748 0.000103134 2.72819e-05 1.34246e-05 4.2243e-06
 2.56272e-27 2.58672e-27 3.11784e-26 6.0372e-20 1.47995e-14 4.38535e-10 1.57076e-06 0.000680078 0.0355928 0.225171 0.17265 0.0448882 0.220366 0.203122 0.0383446 0.0364405 0.0129231 0.00626464 0.00233546 0.000868258 0.000263603 7.17512e-05 1.26335e-05 3.1074e-06 8.09816e-07
 2.56295e-27 2.58736e-27 3.17582e-26 6.15953e-20 1.50993e-14 4.4742e-10 1.60259e-06 0.000693858 0.036314 0.229733 0.176128 0.0445437 0.215301 0.198519 0.0388288 0.0386704 0.0130875 0.00539268 0.00189301 0.000657482 0.000183628 4.34436e-05 7.79952e-06 1.01753e-06 1.63665e-07
 2.56487e-27 2.59254e-27 3.62947e-26 7.11651e-20 1.74453e-14 5.16934e-10 1.85157e-06 0.00080166 0.041956 0.265426 0.203367 0.0435788 0.188821 0.173998 0.0329497 0.0314297 0.0108144 0.00471438 0.00153335 0.000461101 0.000118028 2.52877e-05 4.02198e-06 4.24027e-07 3.43866e-08
 2.56548e-27 2.59407e-27 3.75336e-26 7.37784e-20 1.80859e-14 5.35917e-10 1.91957e-06 0.000831098 0.0434967 0.275172 0.210818 0.0441528 0.187953 0.172997 0.0291486 0.0229805 0.00776105 0.00320495 0.00106728 0.0003254 7.25119e-05 1.37159e-05 1.93035e-06 1.75e-07 9.06279e-09
 2.56488e-27 2.59239e-27 3.59915e-26 7.0525e-20 1.72884e-14 5.12285e-10 1.83492e-06 0.000794449 0.0415786 0.263038 0.201567 0.0450641 0.201388 0.185311 0.0298255 0.0213951 0.00683062 0.00223208 0.000707568 0.000208804 4.74811e-05 8.12139e-06 9.79248e-07 7.65823e-08 3.11806e-09
 2.56461e-27 2.59166e-27 3.53671e-26 6.92078e-20 1.69655e-14 5.02717e-10 1.80065e-06 0.000779612 0.0408021 0.258126 0.197816 0.0450731 0.204092 0.187855 0.0311771 0.0238303 0.00746255 0.00217796 0.000618526 0.0001497 3.21334e-05 5.46663e-06 6.02566e-07 3.9827e-08 1.35655e-09
 2.56606e-27 2.59561e-27 3.88641e-26 7.65851e-20 1.87739e-14 5.56304e-10 1.99259e-06 0.000862715 0.0451514 0.28564 0.21881 0.0440376 0.181462 0.166968 0.0273882 0.0204505 0.00648926 0.00203344 0.0005605 0.000119497 2.11673e-05 3.18273e-06 3.39918e-07 2.03245e-08 5.81236e-10
 2.56703e-27 2.59822e-27 4.11411e-26 8.13883e-20 1.99514e-14 5.91195e-10 2.11756e-06 0.000916823 0.0479832 0.303555 0.232482 0.0436074 0.168582 0.155026 0.0242601 0.0163162 0.00514011 0.00156942 0.000442005 9.87186e-05 1.60084e-05 1.98639e-06 1.80449e-07 1.01485e-08 2.58792e-10
 2.56535e-27 2.59356e-27 3.69431e-26 7.25322e-20 1.77804e-14 5.26865e-10 1.88714e-06 0.00081706 0.042762 0.270524 0.207291 0.0454983 0.200671 0.184494 0.0268707 0.0148432 0.00456012 0.00123724 0.000340059 7.49034e-05 1.2611e-05 1.50064e-06 1.12534e-07 5.31412e-09 1.24208e-10
 2.5639e-27 2.58966e-27 3.35141e-26 6.52985e-20 1.60071e-14 4.7432e-10 1.69893e-06 0.000735574 0.0384973 0.243545 0.186702 0.0462984 0.221225 0.203522 0.0313626 0.0202885 0.00606746 0.00133282 0.000341235 6.78332e-05 1.11069e-05 1.34146e-06 9.75972e-08 3.83886e-09 7.52239e-11
 2.56489e-27 2.59239e-27 3.59658e-26 7.04706e-20 1.7275e-14 5.1189e-10 1.8335e-06 0.000793837 0.0415466 0.262835 0.201416 0.0452633 0.203011 0.186779 0.0295682 0.020421 0.00626287 0.00162229 0.000402263 6.59122e-05 9.65623e-06 1.09065e-06 7.92274e-08 2.99594e-09 4.94419e-11
 2.56632e-27 2.59623e-27 3.93365e-26 7.75812e-20 1.90181e-14 5.6354e-10 2.01851e-06 0.000873937 0.0457387 0.289356 0.221655 0.0445312 0.18322 0.168448 0.0250886 0.0148201 0.00458321 0.00127804 0.000334852 6.21593e-05 8.16263e-06 7.77049e-07 5.15127e-08 1.90996e-09 2.9919e-11
 2.56584e-27 2.59488e-27 3.80857e-26 7.49423e-20 1.83712e-14 5.44372e-10 1.94985e-06 0.00084421 0.0441829 0.279513 0.214152 0.045352 0.194737 0.178976 0.0251385 0.012275 0.00368016 0.000867143 0.000226634 4.5369e-05 6.58249e-06 6.25523e-07 3.47648e-08 1.15058e-09 1.7378e-11
 2.56668e-27 2.59718e-27 4.01594e-26 7.93171e-20 1.94436e-14 5.76149e-10 2.06367e-06 0.000893491 0.0467621 0.29583 0.226596 0.044406 0.178795 0.164346 0.0240273 0.013418 0.00394008 0.000763207 0.00018333 3.1985e-05 4.78096e-06 4.9976e-07 2.87205e-08 8.2141e-10 1.09402e-11
 2.56688e-27 2.59771e-27 4.05873e-26 8.02197e-20 1.96649e-14 5.82706e-10 2.08715e-06 0.000903658 0.0472942 0.299196 0.22917 0.0445848 0.178348 0.163858 0.0225611 0.0102012 0.00302781 0.000670426 0.000157502 2.28258e-05 2.97801e-06 2.95818e-07 1.84479e-08 5.48557e-10 6.50923e-12
 2.56759e-27 2.59963e-27 4.22948e-26 8.38219e-20 2.05479e-14 6.08872e-10 2.18088e-06 0.000944236 0.0494179 0.312631 0.23942 0.0440616 0.167164 0.153543 0.0208294 0.00884448 0.00255634 0.000459182 0.000106875 1.71704e-05 2.03997e-06 1.68609e-07 9.62537e-09 3.01678e-10 3.70976e-12
 2.56778e-27 2.60012e-27 4.27043e-26 8.46855e-20 2.07596e-14 6.15145e-10 2.20335e-06 0.000953965 0.0499271 0.315853 0.241881 0.04412 0.165879 0.152314 0.0198275 0.00686895 0.0019591 0.000330921 7.24129e-05 9.76064e-06 1.19188e-06 9.8666e-08 4.72275e-09 1.32272e-10 1.66762e-12
 2.56829e-27 2.60152e-27 4.39509e-26 8.73154e-20 2.14043e-14 6.34248e-10 2.27177e-06 0.00098359 0.0514776 0.325661 0.249363 0.0436513 0.157056 0.144196 0.0188193 0.00661149 0.00185629 0.000260468 5.35749e-05 6.74216e-06 7.27246e-07 5.51624e-08 2.66776e-09 6.49756e-11 7.24615e-13
 2.56858e-27 2.60229e-27 4.46221e-26 8.87314e-20 2.17514e-14 6.44534e-10 2.30861e-06 0.000999541 0.0523124 0.330943 0.253394 0.0435544 0.153487 0.140876 0.0177587 0.00503005 0.00140027 0.000198704 3.96968e-05 4.21282e-06 4.16887e-07 2.82988e-08 1.216e-09 2.88623e-11 2.883e-13
 2.56919e-27 2.60396e-27 4.61111e-26 9.18726e-20 2.25215e-14 6.67351e-10 2.39034e-06 0.00103493 0.0541643 0.342658 0.262331 0.0430154 0.143105 0.131318 0.0164686 0.00449329 0.00123189 0.000145546 2.73893e-05 2.90947e-06 2.64512e-07 1.5367e-08 5.88084e-10 1.23387e-11 1.16348e-13
 2.56821e-27 2.60127e-27 4.37062e-26 8.67992e-20 2.12778e-14 6.30499e-10 2.25834e-06 0.000977775 0.0511732 0.323736 0.247898 0.0439547 0.160394 0.147221 0.0183573 0.00479641 0.00130942 0.000149948 2.71319e-05 2.43869e-06 2.08852e-07 1.16053e-08 3.83439e-10 6.9814e-12 5.81259e-14
 2.56808e-27 2.60092e-27 4.34051e-26 8.6164e-20 2.11221e-14 6.25885e-10 2.24181e-06 0.000970619 0.0507987 0.321367 0.246089 0.0440078 0.162069 0.148776 0.018807 0.0054297 0.00148665 0.000164422 2.92125e-05 2.53513e-06 1.98688e-07 9.56024e-09 2.98083e-10 4.79535e-12 3.4211e-14
 2.56809e-27 2.60096e-27 4.34241e-26 8.62041e-20 2.11319e-14 6.26176e-10 2.24286e-06 0.000971071 0.0508224 0.321516 0.246205 0.0440728 0.162482 0.14914 0.0185496 0.00475221 0.0012999 0.000155849 2.84564e-05 2.39126e-06 1.82173e-07 8.19679e-09 2.23089e-10 3.24814e-12 2.07462e-14
 2.56771e-27 2.59992e-27 4.25022e-26 8.42591e-20 2.06551e-14 6.12048e-10 2.19225e-06 0.000949162 0.0496757 0.314262 0.24067 0.0443618 0.16857 0.154756 0.0195121 0.00553207 0.00151189 0.000164653 2.92436e-05 2.64142e-06 2.04966e-07 8.90105e-09 2.29233e-10 2.96183e-12 1.67538e-14
#obs catch len freq
 6.00496e-42 8.33449e-34 1.39828e-26 2.83569e-20 6.95136e-15 2.05982e-10 7.37792e-07 0.000319439 0.0167181 0.105765 0.0815289 0.0424066 0.226945 0.191593 0.13144 0.127099 0.0521477 0.0194557 0.00408598 0.000471565 2.22952e-05 3.15755e-07 1.0077e-09 5.90256e-13 5.55181e-17
 6.83932e-42 9.49252e-34 1.59257e-26 3.22969e-20 7.91722e-15 2.34602e-10 8.40305e-07 0.000363823 0.019041 0.120461 0.0928636 0.046235 0.230343 0.184932 0.129096 0.114209 0.0443704 0.0149734 0.00282093 0.000280439 1.07892e-05 1.17738e-07 2.78686e-10 1.18192e-13 7.93425e-18
 1.02774e-41 1.42643e-33 2.39314e-26 4.85323e-20 1.18971e-14 3.52533e-10 1.26272e-06 0.000546713 0.0286128 0.181014 0.139171 0.048182 0.202516 0.15458 0.110498 0.089535 0.0333963 0.0101303 0.00167202 0.000140171 4.34892e-06 3.64536e-08 6.38893e-11 1.96176e-14 9.40992e-19
 8.83537e-42 1.22629e-33 2.05736e-26 4.17228e-20 1.02279e-14 3.0307e-10 1.08555e-06 0.000470004 0.0245982 0.155618 0.12011 0.0599585 0.261499 0.182578 0.095942 0.0676814 0.0240064 0.00653212 0.000939037 6.48683e-05 1.59016e-06 1.01563e-08 1.31633e-11 2.92747e-15 1.0042e-19
 1.21901e-41 1.6919e-33 2.83852e-26 5.75645e-20 1.41113e-14 4.18143e-10 1.49772e-06 0.000648461 0.0339378 0.214703 0.165128 0.0540174 0.193472 0.135678 0.109848 0.0701968 0.0179038 0.00394975 0.000486917 2.74398e-05 5.21563e-07 2.49735e-09 2.37663e-12 3.82393e-16 9.38963e-21
 1.28349e-41 1.7814e-33 2.98866e-26 6.06095e-20 1.48577e-14 4.40261e-10 1.57694e-06 0.000682762 0.035733 0.226061 0.17412 0.063721 0.220635 0.137911 0.0768696 0.0462147 0.0150263 0.00277379 0.000239735 1.04558e-05 1.52327e-07 5.39849e-10 3.72701e-13 4.30734e-17 7.5515e-22
 1.17158e-41 1.62608e-33 2.72808e-26 5.53249e-20 1.35622e-14 4.01874e-10 1.43945e-06 0.000623231 0.0326174 0.206352 0.15935 0.0694955 0.235168 0.142932 0.0933061 0.0472913 0.0107972 0.00190462 0.000155209 4.73629e-06 4.85503e-08 1.24931e-10 6.2024e-14 5.10444e-18 6.34372e-23
 1.4556e-41 2.02027e-33 3.38942e-26 6.87368e-20 1.685e-14 4.99297e-10 1.7884e-06 0.000774315 0.0405246 0.256375 0.197474 0.0646284 0.184375 0.112209 0.0894679 0.0428989 0.00986328 0.00132308 8.30482e-05 2.16402e-06 1.58806e-08 2.7495e-11 9.47272e-15 5.48914e-19 4.80515e-24
 1.67579e-41 2.32589e-33 3.90216e-26 7.9135e-20 1.9399e-14 5.74829e-10 2.05894e-06 0.000891451 0.046655 0.295159 0.227305 0.068918 0.175461 0.0947458 0.0578109 0.0258511 0.00636901 0.000791653 3.97141e-05 7.46492e-07 4.17815e-09 5.21489e-12 1.2093e-15 4.71312e-20 2.83279e-25
 1.64325e-41 2.28073e-33 3.82639e-26 7.75985e-20 1.90224e-14 5.63667e-10 2.01896e-06 0.000874142 0.0457491 0.28943 0.223373 0.0770763 0.190122 0.0958825 0.0536795 0.0196919 0.00368105 0.000418097 1.9444e-05 2.88304e-07 1.14084e-09 1.01281e-12 1.67753e-16 4.51642e-21 1.82928e-26
 1.56062e-41 2.16604e-33 3.63399e-26 7.36966e-20 1.80658e-14 5.35324e-10 1.91744e-06 0.000830187 0.0434487 0.27488 0.212739 0.0838974 0.199034 0.099861 0.062021 0.0199772 0.00304501 0.000254734 9.1863e-06 1.15259e-07 3.56257e-10 2.2441e-13 2.5642e-17 4.80981e-22 1.36191e-27
 1.51885e-41 2.10806e-33 3.5367e-26 7.17237e-20 1.75822e-14 5.20993e-10 1.86611e-06 0.000807962 0.0422855 0.267526 0.207606 0.0893737 0.199834 0.101241 0.0677724 0.0203541 0.00299174 0.000200589 5.10346e-06 4.53923e-08 1.07202e-10 5.16324e-14 4.27599e-18 5.57607e-23 1.08393e-28
 1.9267e-41 2.67413e-33 4.4864e-26 9.09834e-20 2.23035e-14 6.60894e-10 2.36721e-06 0.00102492 0.0536403 0.339358 0.26196 0.0761203 0.135782 0.0692241 0.0472946 0.0134944 0.00197725 0.000119431 2.4848e-06 1.55158e-08 2.46676e-11 8.37637e-15 5.08085e-19 4.84599e-24 6.73526e-30
 1.62135e-41 2.25033e-33 3.7754e-26 7.65644e-20 1.87689e-14 5.56156e-10 1.99206e-06 0.000862493 0.0451395 0.285593 0.222888 0.107359 0.205874 0.0828734 0.0380227 0.00991759 0.00139007 7.71873e-05 1.42444e-06 7.12738e-09 8.11534e-12 1.84407e-15 7.49917e-20 4.95233e-25 4.89244e-31
 1.33242e-41 1.84931e-33 3.1026e-26 6.29201e-20 1.54241e-14 4.57045e-10 1.63706e-06 0.000708791 0.0370953 0.234715 0.185333 0.119904 0.225475 0.113074 0.0688138 0.0135274 0.00128876 6.10817e-05 9.93423e-07 4.19983e-09 3.79186e-12 6.33867e-16 1.7825e-20 7.88797e-26 5.2162e-32
 1.21744e-41 1.68972e-33 2.83486e-26 5.74905e-20 1.40931e-14 4.17605e-10 1.49579e-06 0.000647626 0.0338942 0.214475 0.170782 0.12405 0.220062 0.129341 0.0856767 0.0190325 0.00197138 6.55818e-05 7.49275e-07 2.53314e-09 1.84494e-12 2.40973e-16 5.08716e-21 1.62332e-26 7.48436e-33
 1.6326e-41 2.26595e-33 3.80159e-26 7.70955e-20 1.88991e-14 5.60014e-10 2.00588e-06 0.000868476 0.0454526 0.287594 0.225694 0.104632 0.157382 0.0981802 0.0633791 0.0150764 0.00168093 5.79418e-05 5.51841e-07 1.2699e-09 6.56863e-13 6.48779e-17 1.04533e-21 2.51179e-27 8.5568e-34
 1.48494e-41 2.061e-33 3.45776e-26 7.01227e-20 1.71898e-14 5.09364e-10 1.82446e-06 0.000789928 0.0413418 0.261624 0.209269 0.140399 0.202408 0.0891783 0.04375 0.0100971 0.00110188 3.86397e-05 3.61456e-07 7.2374e-10 2.75256e-13 1.85163e-17 2.07857e-22 3.61461e-28 9.07214e-35
 1.54554e-41 2.14511e-33 3.59887e-26 7.29844e-20 1.78913e-14 5.30151e-10 1.89892e-06 0.000822165 0.0430289 0.27231 0.217755 0.133644 0.178568 0.0989971 0.0469173 0.00733054 0.000606232 1.93125e-05 1.68322e-07 3.09401e-10 1.01866e-13 5.42016e-18 4.40135e-23 5.26912e-29 9.06144e-36
 1.52534e-41 2.11707e-33 3.55182e-26 7.20303e-20 1.76574e-14 5.2322e-10 1.87409e-06 0.000811416 0.0424665 0.268788 0.217369 0.1477 0.182815 0.0924286 0.040385 0.00676475 0.00046016 9.97361e-06 6.77175e-08 1.05814e-10 2.98095e-14 1.33119e-18 8.75822e-24 8.11568e-30 1.03005e-36
 1.64408e-41 2.28188e-33 3.82832e-26 7.76376e-20 1.90319e-14 5.63951e-10 2.01998e-06 0.000874582 0.0457724 0.289724 0.234015 0.143319 0.162293 0.0854318 0.0334745 0.00479388 0.000295027 5.53276e-06 2.67406e-08 2.92822e-11 6.28146e-15 2.23143e-19 1.17646e-24 8.67386e-31 8.63764e-38
 1.59544e-41 2.21437e-33 3.71507e-26 7.53408e-20 1.84689e-14 5.47268e-10 1.96022e-06 0.000848709 0.0444184 0.281223 0.231 0.162025 0.17028 0.0792885 0.0271847 0.00354502 0.000181797 2.79372e-06 1.10237e-08 8.99487e-12 1.3333e-15 3.30655e-20 1.27134e-25 7.05842e-32 5.36866e-39
 1.64381e-41 2.28149e-33 3.82768e-26 7.76246e-20 1.90287e-14 5.63857e-10 2.01964e-06 0.000874435 0.045765 0.289787 0.23896 0.160641 0.158488 0.0787588 0.0240254 0.00258698 0.000109914 1.37483e-06 4.23332e-09 2.66666e-12 2.97768e-16 5.30227e-21 1.41248e-26 5.40959e-33 2.88696e-40
 1.64886e-41 2.28851e-33 3.83945e-26 7.78632e-20 1.90872e-14 5.6559e-10 2.02585e-06 0.000877124 0.0459059 0.290762 0.242909 0.170677 0.155707 0.0714757 0.0196662 0.00194967 6.75937e-05 6.52113e-07 1.54143e-09 7.33708e-13 6.10175e-17 8.04145e-22 1.56853e-27 4.31498e-34 1.6203e-41
 1.6879e-41 2.34269e-33 3.93035e-26 7.97067e-20 1.95392e-14 5.78981e-10 2.07382e-06 0.000897891 0.046993 0.297722 0.250593 0.172582 0.147382 0.0664459 0.0159912 0.00135176 3.96424e-05 3.09846e-07 5.5259e-10 1.93319e-13 1.17808e-17 1.13311e-22 1.60558e-28 3.20057e-35 8.68936e-43
 1.67935e-41 2.33082e-33 3.91044e-26 7.93029e-20 1.94402e-14 5.76048e-10 2.06331e-06 0.000893342 0.0467554 0.296349 0.253519 0.18185 0.14512 0.0613444 0.0131627 0.000980486 2.35676e-05 1.46655e-07 2.03899e-10 5.35521e-14 2.37076e-18 1.63522e-23 1.65949e-29 2.37115e-36 4.61356e-44
 1.4679e-41 2.03735e-33 3.41807e-26 6.93179e-20 1.69925e-14 5.03518e-10 1.80352e-06 0.000780862 0.0408696 0.259391 0.234572 0.214705 0.167365 0.068572 0.0129056 0.000820824 1.63198e-05 8.09008e-08 8.61681e-11 1.702e-14 5.59022e-19 2.81235e-24 2.04902e-30 2.08181e-37 2.87045e-45
 1.49992e-41 2.08179e-33 3.49263e-26 7.08299e-20 1.73631e-14 5.14501e-10 1.84286e-06 0.000797894 0.0417607 0.264943 0.235157 0.197157 0.166867 0.0781669 0.0143028 0.000830359 1.43903e-05 6.07408e-08 5.42874e-11 8.85243e-15 2.37036e-19 9.66769e-25 5.69322e-31 4.65655e-38 5.14078e-46
 1.56171e-41 2.16755e-33 3.63652e-26 7.3748e-20 1.80784e-14 5.35697e-10 1.91878e-06 0.000830766 0.0434811 0.275813 0.242874 0.193993 0.157461 0.070733 0.0139305 0.000867009 1.44897e-05 5.54535e-08 4.38116e-11 6.26154e-15 1.46383e-19 5.1914e-25 2.64746e-31 1.87053e-38 1.78228e-46
#spawning biomass
 15619.1 19356.8 20378.8 22880.5 27493.8 32842.9 36988.8 46803.3 64745.5 81022.4 93852.4 116070 172092 206109 189493 156672 146552 140820 146049 146585 149450 149750 158755 162139 181378 193566 182868 160080 161478 189367 132473 47294.4 22618.5 16635.3 15332.6 15068.3 15017.2 15007.7 15006 15005.7 15005.6 15005.6 15005.6 15005.6 15005.6 15005.6 15005.6 15005.6 15005.6 15005.6 15005.6 15005.6 15005.6 15005.6 15005.6 15005.6 15005.6 15005.6 15005.6 15005.6 15005.6 15005.6 15005.6 15005.6 15005.6 15005.6 15005.6 15005.6 15005.6 15005.6 15005.6 15005.6 15005.6 15005.6 15005.6 15005.6 15005.6 15005.6 15005.6 15005.6 15005.6 15005.6 15005.6 15005.6 15005.6 15005.6 15005.6 15005.6 15005.6 15005.6 15005.6 15005.6 15005.6 15005.6 15005.6 15005.6 15005.6 15005.6 15005.6 15005.6 15005.6 15005.6 15005.6 15005.6 15005.6 15005.6 15005.6 15005.6 15005.6 15005.6 15005.6 15005.6 15005.6 15005.6 15005.6 15005.6 15005.6 15005.6 15005.6 15005.6 15005.6 15005.6 15005.6 15005.6 15005.6 15005.6 15005.6 15005.6 15005.6 0 0 0 0 0 0 0 0 0 0 0 0 0 0 0 0 0 0 0 0 0 0 0 0 0
