SBPRF35
1.24975
Curr Bio
124885
B35
865939
F35
0.191652
FOFL
0
OFL
0
Bzero
357070
#pred survey bio
 10720.8 9919.22 12781.9 18940.9 25818.6 30588.5 37748.2 42504.2 48963.1 67184.2 84971.8 90959.8 108308 126262 125596 112894 98994.3 104331 104049 102128 104936 109753 120187 119491 129758 137330 109733 101043 1.87838e+06 3.18179e+06 4.26686e+06 4.67753e+06 4.67611e+06 4.4729e+06 4.19448e+06 3.91083e+06 3.65572e+06 3.44154e+06 3.26927e+06 3.13456e+06 3.0312e+06 2.95284e+06 2.89281e+06 2.84581e+06 2.8116e+06 2.78657e+06 2.76814e+06 2.75449e+06 2.7443e+06 2.73663e+06 2.73081e+06 2.72635e+06 2.72291e+06 2.72022e+06 2.71811e+06 2.71643e+06 2.71508e+06 2.71399e+06 2.7131e+06 2.71237e+06 2.71177e+06 2.71127e+06 2.71085e+06 2.7105e+06 2.71021e+06 2.70996e+06 2.70975e+06 2.70957e+06 2.70942e+06 2.70929e+06 2.70918e+06 2.70909e+06 2.70901e+06 2.70894e+06 2.70888e+06 2.70883e+06 2.70879e+06 2.70875e+06 2.70872e+06 2.70869e+06 2.70867e+06 2.70865e+06 2.70863e+06 2.70861e+06 2.7086e+06 2.70859e+06 2.70858e+06 2.70857e+06 2.70857e+06 2.70856e+06 2.70855e+06 2.70855e+06 2.70855e+06 2.70854e+06 2.70854e+06 2.70854e+06 2.70854e+06 2.70853e+06 2.70853e+06 2.70853e+06 2.70853e+06 2.70853e+06 2.70853e+06 2.70853e+06 2.70853e+06 2.70853e+06 2.70853e+06 2.70853e+06 2.70853e+06 2.70853e+06 2.70853e+06 2.70853e+06 2.70853e+06 2.70852e+06 2.70852e+06 2.70852e+06 2.70852e+06 2.70852e+06 2.70852e+06 2.70852e+06 2.70852e+06 2.70852e+06 2.70852e+06 2.70852e+06 2.70852e+06 2.70852e+06 2.70852e+06 2.70852e+06 0 0 0 0 0 0 0 0 0 0 0 0 0 0 0 0 0 0 0 0 0 0 0 0 0
#obs survey bio
 9569.85 7865.77 16052.3 19373.6 28902.4 27401.6 40292.8 35211.8 34073.9 74475.2 95324 63813.8 80320.5 117484 107288 80180.6 68103.3 79450.3 128835 92473.1 75898.4 77339.2 106252 94493.8 83019.6 144422 73634.2 63759.1
#pred catch bio
 7092.47 6119.53 6973.48 10386.3 15210.5 17303.7 21533 26725.3 30464.4 38553.1 57849.9 62011.1 78646.3 98281.5 103431 98605.7 82585.4 89303.1 86547 83451.4 88975.3 91038.6 105052 101149 108596 127828 97140.6 98714.7 0 19831 31477.7 34914.2 34567.6 32689.3 30288.1 27896.8 25772.5 24006.5 22600 21512.6 20689.4 20075.5 19617.3 19272.7 19028.4 18855.2 18732.3 18645.2 18583.5 18539.7 18508.6 18486.6 18471 18459.9 18452.1 18446.5 18442.5 18439.7 18437.8 18436.4 18435.4 18434.6 18434.1 18433.8 18433.5 18433.4 18433.2 18433.1 18433.1 18433 18433 18433 18433 18432.9 18432.9 18432.9 18432.9 18432.9 18432.9 18432.9 18432.9 18432.9 18432.9 18432.9 18432.9 18432.9 18432.9 18432.9 18432.9 18432.9 18432.9 18432.9 18432.9 18432.9 18432.9 18432.9 18432.9 18432.9 18432.9 18432.9 18432.9 18432.9 18432.9 18432.9 18432.9 18432.9 18432.9 18432.9 18432.9 18432.9 18432.9 18432.9 18432.9 18432.9 18432.9 18432.9 18432.9 18432.9 18432.9 18432.9 18432.9 18432.9 18432.9 18432.9 18432.9 18432.9 18432.9 18432.9 0 0 0 0 0 0 0 0 0 0 0 0 0 0 0 0 0 0 0 0 0 0 0 0 0
#obs catch bio
 5922.68 6133.43 6908.27 10263.6 14993.7 17030.8 21066.2 26345.8 30457.1 37568.8 56709 61161.4 76377.4 95523 102991 98340.8 81513.1 89399.7 82602.3 80281.4 86966.4 87909 103110 97021.8 104053 121899 94393.7 98310.8
#pred cpue bio
 7931.9 6791.24 7686.91 11630.5 16455.7 18732.5 23037.9 25845.3 28479.4 36050.6 47884.2 50873.9 57712.6 70301.2 75342.2 67959.7 55235.8 58178.9 56696.4 56841.6 55996.5 56391.8 63207.2 60240.1 65191.2 72931.1 57437.5 55205.2 916594 2.51476e+06 4.06665e+06 4.54939e+06 4.53769e+06 4.32735e+06 4.04652e+06 3.76219e+06 3.5069e+06 3.29268e+06 3.1204e+06 2.98569e+06 2.88233e+06 2.80396e+06 2.74393e+06 2.69693e+06 2.66272e+06 2.63769e+06 2.61927e+06 2.60561e+06 2.59542e+06 2.58775e+06 2.58193e+06 2.57748e+06 2.57403e+06 2.57134e+06 2.56923e+06 2.56755e+06 2.5662e+06 2.56511e+06 2.56422e+06 2.56349e+06 2.56289e+06 2.56239e+06 2.56198e+06 2.56163e+06 2.56133e+06 2.56108e+06 2.56087e+06 2.56069e+06 2.56054e+06 2.56041e+06 2.5603e+06 2.56021e+06 2.56013e+06 2.56006e+06 2.56e+06 2.55995e+06 2.55991e+06 2.55987e+06 2.55984e+06 2.55981e+06 2.55979e+06 2.55977e+06 2.55975e+06 2.55974e+06 2.55972e+06 2.55971e+06 2.5597e+06 2.5597e+06 2.55969e+06 2.55968e+06 2.55968e+06 2.55967e+06 2.55967e+06 2.55967e+06 2.55966e+06 2.55966e+06 2.55966e+06 2.55966e+06 2.55966e+06 2.55965e+06 2.55965e+06 2.55965e+06 2.55965e+06 2.55965e+06 2.55965e+06 2.55965e+06 2.55965e+06 2.55965e+06 2.55965e+06 2.55965e+06 2.55965e+06 2.55965e+06 2.55965e+06 2.55965e+06 2.55965e+06 2.55965e+06 2.55965e+06 2.55965e+06 2.55965e+06 2.55965e+06 2.55965e+06 2.55965e+06 2.55965e+06 2.55965e+06 2.55965e+06 2.55965e+06 2.55965e+06 2.55965e+06 0 0 0 0 0 0 0 0 0 0 0 0 0 0 0 0 0 0 0 0 0 0 0 0 0
#obs cpue bio
 5458.91 8717.2 6681.7 11751.2 25002.7 21971.1 36520.1 33429.6 39128.6 59457.5 52807.5 99836.3 112159 113717 81852.1 125723 74063.3 90969.6 98812.8 118866 106397 121564 110586 151415 173240 163213 110493 124046
#pred surv len freq
 2.56086e-27 2.58224e-27 2.79141e-26 5.34885e-20 1.31121e-14 3.88534e-10 1.39166e-06 0.000602536 0.0315346 0.199497 0.152966 0.0398488 0.195843 0.181149 0.0459635 0.0597126 0.0256004 0.0195928 0.0120019 0.00909641 0.00712141 0.00615177 0.0061712 0.0054745 0.00167158
 2.56341e-27 2.58933e-27 3.42247e-26 6.68013e-20 1.63755e-14 4.85236e-10 1.73803e-06 0.000752503 0.0393833 0.24915 0.190845 0.0377 0.15288 0.142172 0.0514978 0.0818594 0.0278668 0.0117108 0.0052197 0.00296273 0.00188737 0.00139616 0.00124198 0.00110312 0.000369258
 2.56646e-27 2.59722e-27 4.08087e-26 8.06893e-20 1.978e-14 5.86117e-10 2.09937e-06 0.000908948 0.0475711 0.300948 0.230423 0.0392877 0.137156 0.126867 0.0344068 0.046807 0.0183831 0.0113055 0.00363288 0.00113571 0.000477338 0.000268184 0.000197498 0.000165029 5.72358e-05
 2.56468e-27 2.59226e-27 3.62866e-26 7.11489e-20 1.74413e-14 5.16817e-10 1.85115e-06 0.000801478 0.0419465 0.265365 0.20329 0.0416688 0.174339 0.16103 0.0377969 0.0458077 0.0160669 0.00748309 0.00292905 0.00107492 0.000244252 7.63586e-05 3.9606e-05 2.85123e-05 9.7986e-06
 2.56424e-27 2.5913e-27 3.56411e-26 6.9788e-20 1.71077e-14 5.06931e-10 1.81574e-06 0.000786147 0.0411441 0.260289 0.199389 0.0400483 0.164749 0.152635 0.0445541 0.0633181 0.0211522 0.0081227 0.00265658 0.000852277 0.00023761 4.55977e-05 1.11593e-05 5.73949e-06 1.85147e-06
 2.56541e-27 2.59435e-27 3.82436e-26 7.52778e-20 1.84535e-14 5.46809e-10 1.95858e-06 0.000847989 0.0443807 0.280765 0.215025 0.0401469 0.154514 0.142949 0.0384747 0.0519425 0.0185001 0.00885917 0.00270496 0.000692917 0.000157513 3.1963e-05 4.53142e-06 1.05286e-06 2.83312e-07
 2.56508e-27 2.59338e-27 3.73156e-26 7.33199e-20 1.79735e-14 5.32587e-10 1.90764e-06 0.000825934 0.0432264 0.273462 0.209463 0.0410261 0.165112 0.152613 0.0380985 0.0486074 0.0168087 0.00737816 0.00247454 0.00073537 0.00014061 2.26274e-05 2.88837e-06 2.98386e-07 4.67364e-08
 2.56522e-27 2.59379e-27 3.76773e-26 7.40829e-20 1.81605e-14 5.38129e-10 1.92749e-06 0.000834528 0.0436762 0.276308 0.211633 0.0408259 0.162064 0.149849 0.0384944 0.0501748 0.016801 0.00652398 0.00206914 0.000591694 0.000130387 1.95911e-05 1.95629e-06 1.40715e-07 9.25347e-09
 2.56618e-27 2.59627e-27 3.97678e-26 7.84926e-20 1.92415e-14 5.70161e-10 2.04222e-06 0.000884203 0.046276 0.292755 0.224196 0.0411056 0.155366 0.143475 0.033876 0.0412204 0.0136893 0.00513914 0.00153475 0.000386688 7.98927e-05 1.29295e-05 1.25196e-06 6.84915e-08 2.37472e-09
 2.56802e-27 2.60117e-27 4.40057e-26 8.74324e-20 2.1433e-14 6.35098e-10 2.27481e-06 0.000984908 0.0515465 0.326098 0.249648 0.0406414 0.133951 0.12355 0.0274034 0.0314363 0.0101378 0.00334485 0.000972657 0.000233271 4.2968e-05 6.33184e-06 6.32737e-07 3.29096e-08 7.97389e-10
 2.56616e-27 2.59603e-27 3.93801e-26 7.7674e-20 1.90408e-14 5.64214e-10 2.02092e-06 0.000874981 0.0457934 0.289702 0.221889 0.0426676 0.168873 0.155636 0.0305442 0.0305077 0.00963744 0.00287919 0.000790217 0.00016918 2.95828e-05 3.93327e-06 3.53444e-07 1.83998e-08 4.05503e-10
 2.56651e-27 2.597e-27 4.02641e-26 7.95391e-20 1.9498e-14 5.77762e-10 2.06945e-06 0.000895991 0.046893 0.296658 0.227193 0.0421494 0.161204 0.148642 0.0308254 0.0328791 0.00988532 0.00212079 0.000533262 0.000101199 1.58441e-05 1.91845e-06 1.55224e-07 7.28838e-09 1.56477e-10
 2.56769e-27 2.60019e-27 4.30474e-26 8.54106e-20 2.09374e-14 6.20412e-10 2.22221e-06 0.000962132 0.0503545 0.318557 0.243906 0.0416157 0.1454 0.133982 0.02685 0.0275102 0.00836738 0.00195912 0.000460487 6.4765e-05 8.77683e-06 9.29421e-07 6.67289e-08 2.79419e-09 5.44543e-11
 2.56589e-27 2.59519e-27 3.85271e-26 7.58741e-20 1.85996e-14 5.5114e-10 1.97409e-06 0.000854706 0.0447322 0.282989 0.216781 0.043806 0.181125 0.166757 0.0291857 0.0245755 0.00731315 0.00147823 0.000343892 5.02681e-05 5.68054e-06 4.64276e-07 2.83297e-08 1.03431e-09 1.78563e-11
 2.56392e-27 2.58993e-27 3.3971e-26 6.62632e-20 1.62436e-14 4.81327e-10 1.72403e-06 0.000746441 0.039066 0.247143 0.189417 0.0442687 0.203872 0.187981 0.0371633 0.037405 0.0108567 0.00167336 0.000354681 4.55739e-05 5.12369e-06 3.84862e-07 1.78323e-08 5.29776e-10 7.87344e-12
 2.5644e-27 2.59135e-27 3.53342e-26 6.91393e-20 1.69487e-14 5.02219e-10 1.79887e-06 0.00077884 0.0407617 0.25787 0.197588 0.0429734 0.188275 0.17379 0.0383182 0.0436254 0.0129572 0.00247569 0.000527248 5.28869e-05 5.12543e-06 3.53569e-07 1.53182e-08 3.54766e-10 4.1665e-12
 2.56609e-27 2.59579e-27 3.90999e-26 7.70827e-20 1.88959e-14 5.59919e-10 2.00554e-06 0.000868321 0.0454448 0.287496 0.220214 0.0432235 0.174281 0.160541 0.0298894 0.0277439 0.00825151 0.00163586 0.000361785 4.2356e-05 3.82085e-06 2.07215e-07 7.87911e-09 1.66717e-10 1.56597e-12
 2.5659e-27 2.59522e-27 3.85605e-26 7.59447e-20 1.86169e-14 5.51653e-10 1.97593e-06 0.000855501 0.0447738 0.283252 0.21698 0.0436859 0.180072 0.165821 0.0296733 0.02591 0.00751548 0.00117662 0.000248617 3.04912e-05 3.00237e-06 1.74067e-07 5.44434e-09 9.59993e-11 8.02351e-13
 2.56645e-27 2.59669e-27 3.98441e-26 7.86524e-20 1.92807e-14 5.71321e-10 2.04638e-06 0.000886003 0.0463702 0.293351 0.224689 0.0434904 0.173167 0.159407 0.0277564 0.0231499 0.00663328 0.00090277 0.000175963 1.73681e-05 1.63336e-06 1.01542e-07 3.4514e-09 5.42252e-11 3.70734e-13
 2.56574e-27 2.59476e-27 3.81144e-26 7.50035e-20 1.83862e-14 5.44816e-10 1.95144e-06 0.000844899 0.0442189 0.279742 0.214307 0.0441339 0.185359 0.170629 0.0292342 0.0236932 0.00676651 0.000886349 0.000167578 1.45334e-05 1.17157e-06 6.16243e-08 2.14607e-09 3.63959e-11 2.34251e-13
 2.56725e-27 2.59891e-27 4.18499e-26 8.2884e-20 2.0318e-14 6.02059e-10 2.15648e-06 0.000933671 0.048865 0.309133 0.236725 0.042535 0.157441 0.14498 0.0267545 0.0244952 0.00701475 0.000928954 0.000175623 1.47814e-05 1.11583e-06 4.97904e-08 1.44272e-09 2.34331e-11 1.60024e-13
 2.56759e-27 2.5997e-27 4.24346e-26 8.4117e-20 2.06203e-14 6.11015e-10 2.18855e-06 0.00094756 0.0495919 0.313732 0.240249 0.0433595 0.161239 0.148239 0.0228825 0.0148524 0.00422818 0.000561102 0.000105959 8.79286e-06 6.51285e-07 2.75029e-08 6.95625e-10 9.32678e-12 5.82799e-14
 2.56705e-27 2.59824e-27 4.1148e-26 8.14029e-20 1.99549e-14 5.91301e-10 2.11794e-06 0.000916987 0.0479918 0.303609 0.232525 0.0436647 0.168989 0.155416 0.0246139 0.016986 0.00474461 0.000457976 7.60461e-05 6.34419e-06 4.69334e-07 1.94661e-08 4.71721e-10 5.63404e-12 2.93083e-14
 2.56798e-27 2.60076e-27 4.33589e-26 8.60669e-20 2.10983e-14 6.25179e-10 2.23929e-06 0.000969525 0.0507415 0.321005 0.245799 0.0431601 0.155822 0.143226 0.0217089 0.0134338 0.00373364 0.000341567 5.32819e-05 3.31766e-06 2.07928e-07 8.57793e-09 2.05341e-10 2.36271e-12 1.11466e-14
 2.56799e-27 2.60079e-27 4.33697e-26 8.60897e-20 2.11039e-14 6.25345e-10 2.23988e-06 0.000969783 0.0507549 0.32109 0.245866 0.0432607 0.15654 0.143863 0.0213654 0.0124903 0.00345538 0.000295174 4.40713e-05 2.61651e-06 1.43601e-07 4.42136e-09 9.63474e-11 1.09565e-12 5.00868e-15
 2.56662e-27 2.59704e-27 4.00571e-26 7.91013e-20 1.93907e-14 5.74582e-10 2.05806e-06 0.00089106 0.0466349 0.295025 0.22598 0.0442611 0.178125 0.163784 0.0249355 0.0156129 0.00432447 0.000366747 5.42571e-05 3.05888e-06 1.58868e-07 4.47005e-09 7.71781e-11 7.17044e-13 3.14921e-15
 2.56678e-27 2.59745e-27 4.03803e-26 7.9783e-20 1.95578e-14 5.79534e-10 2.07579e-06 0.000898739 0.0470368 0.297568 0.227925 0.0445034 0.178603 0.16414 0.0234824 0.0122123 0.0033471 0.00024673 3.29785e-05 1.78398e-06 8.8173e-08 2.31646e-09 3.69348e-11 2.85544e-13 9.93524e-16
 2.56589e-27 2.59507e-27 3.83204e-26 7.54377e-20 1.84926e-14 5.4797e-10 1.96274e-06 0.00084979 0.0444749 0.281361 0.215552 0.0446831 0.188663 0.173536 0.0271706 0.0182495 0.00503263 0.000373014 4.96992e-05 2.4535e-06 1.09543e-07 2.73155e-09 4.09954e-11 2.91578e-13 8.76234e-16
#obs surv len freq
 1.08513e-41 1.50609e-33 2.52677e-26 5.12425e-20 1.25615e-14 3.7222e-10 1.33323e-06 0.000577243 0.0302106 0.191122 0.146649 0.0402001 0.173502 0.146814 0.103933 0.101739 0.0438428 0.0170808 0.003827 0.000477323 2.44291e-05 3.71908e-07 1.26297e-09 7.78395e-13 7.62656e-17
 1.6073e-41 2.23083e-33 3.74268e-26 7.59009e-20 1.86062e-14 5.51336e-10 1.97479e-06 0.000855018 0.0447482 0.283091 0.216892 0.0407315 0.126716 0.102238 0.0757574 0.0683544 0.028372 0.0100252 0.00199647 0.000212542 8.84316e-06 1.03803e-07 2.61461e-10 1.16799e-13 8.18559e-18
 1.53741e-41 2.13383e-33 3.57994e-26 7.26005e-20 1.77972e-14 5.27362e-10 1.88893e-06 0.00081784 0.0428025 0.270782 0.207722 0.05004 0.176812 0.128859 0.056363 0.0424429 0.0169212 0.00540177 0.000946515 8.42223e-05 2.79819e-06 2.51445e-08 4.68806e-11 1.51644e-14 7.5985e-19
 1.07853e-41 1.49693e-33 2.5114e-26 5.09308e-20 1.24851e-14 3.69956e-10 1.32512e-06 0.000573732 0.0300268 0.189961 0.146239 0.0565043 0.230174 0.163005 0.0977606 0.0655857 0.0157607 0.00379087 0.000574821 4.21803e-05 1.0984e-06 7.45208e-09 1.02286e-11 2.39366e-15 8.57779e-20
 1.49991e-41 2.08178e-33 3.49261e-26 7.08295e-20 1.7363e-14 5.14498e-10 1.84285e-06 0.00079789 0.0417584 0.264177 0.202711 0.0471947 0.14226 0.10426 0.104335 0.0694035 0.0191808 0.00357114 0.000329194 1.8252e-05 3.6697e-07 1.85501e-09 1.85561e-12 3.12594e-16 8.00075e-21
 1.20095e-41 1.66684e-33 2.79647e-26 5.6712e-20 1.39023e-14 4.1195e-10 1.47554e-06 0.000638856 0.0334352 0.211524 0.163064 0.0650046 0.23128 0.144032 0.078376 0.0496455 0.0189771 0.00371745 0.000292887 9.94992e-06 1.32932e-07 4.86406e-10 3.51051e-13 4.22416e-17 7.68136e-22
 1.37822e-41 1.91287e-33 3.20924e-26 6.50828e-20 1.59543e-14 4.72755e-10 1.69333e-06 0.000733154 0.0383703 0.242745 0.186781 0.057941 0.175055 0.116535 0.10958 0.0567996 0.0127605 0.00247035 0.000220718 6.32992e-06 5.36251e-08 1.2236e-10 6.0146e-14 5.09097e-18 6.53237e-23
 1.19756e-41 1.66214e-33 2.78858e-26 5.65519e-20 1.3863e-14 4.10787e-10 1.47137e-06 0.000637053 0.0333408 0.21093 0.163058 0.0724075 0.227677 0.133389 0.0931914 0.0488246 0.0144051 0.00200465 0.000130433 3.64898e-06 2.6053e-08 3.96746e-11 1.20313e-14 6.56431e-19 5.71005e-24
 1.51106e-41 2.09726e-33 3.51858e-26 7.13562e-20 1.74921e-14 5.18324e-10 1.85655e-06 0.000803823 0.0420689 0.266145 0.205034 0.0643475 0.16684 0.104154 0.0969048 0.0425542 0.00967832 0.00138508 8.02003e-05 1.58298e-06 9.31108e-09 1.16639e-11 2.5369e-15 8.95238e-20 4.92481e-25
 1.51832e-41 2.10732e-33 3.53547e-26 7.16986e-20 1.75761e-14 5.20811e-10 1.86546e-06 0.00080768 0.0422708 0.267426 0.20663 0.0778538 0.198109 0.103634 0.0664564 0.028745 0.00721026 0.000814891 3.93998e-05 6.63713e-07 2.83236e-09 2.62361e-12 4.44317e-16 1.1822e-20 4.57424e-26
 1.0938e-41 1.51813e-33 2.54697e-26 5.16521e-20 1.26619e-14 3.75195e-10 1.34389e-06 0.000581858 0.0304521 0.192664 0.150613 0.0970404 0.257813 0.136268 0.0959482 0.0323053 0.00568632 0.000600071 2.49869e-05 3.25514e-07 1.09359e-09 7.47204e-13 8.97593e-17 1.73566e-21 4.99325e-27
 1.66562e-41 2.31178e-33 3.87848e-26 7.86549e-20 1.92813e-14 5.71341e-10 2.04645e-06 0.000886042 0.0463719 0.293373 0.226512 0.0712093 0.144598 0.0939953 0.0895405 0.0285604 0.00459973 0.000340867 1.0609e-05 1.12429e-07 2.86132e-10 1.45407e-13 1.28415e-17 1.77233e-22 3.58731e-28
 1.33754e-41 1.85641e-33 3.11452e-26 6.31619e-20 1.54834e-14 4.58801e-10 1.64335e-06 0.000711514 0.0372378 0.235602 0.184581 0.110549 0.242897 0.106613 0.0573119 0.0202667 0.00395841 0.000263879 6.08989e-06 4.44487e-08 8.36599e-11 3.16176e-14 2.02926e-18 2.02177e-23 2.93967e-29
 1.11578e-41 1.54862e-33 2.59814e-26 5.26897e-20 1.29163e-14 3.82733e-10 1.37089e-06 0.000593546 0.0310639 0.19655 0.155355 0.111943 0.235405 0.137964 0.103955 0.0240064 0.0029538 0.000205163 4.59747e-06 2.56489e-08 3.28592e-11 8.55528e-15 3.92314e-19 2.81302e-24 2.92498e-30
 8.74941e-42 1.21436e-33 2.03734e-26 4.13169e-20 1.01283e-14 3.00121e-10 1.07499e-06 0.000465432 0.0243589 0.154145 0.124231 0.123286 0.248975 0.16001 0.12486 0.0347709 0.00468624 0.000206828 3.52254e-06 1.77671e-08 1.82535e-11 3.35521e-15 1.03858e-19 5.0806e-25 3.68628e-31
 1.41588e-41 1.96515e-33 3.29694e-26 6.68614e-20 1.63903e-14 4.85674e-10 1.73961e-06 0.000753189 0.0394189 0.249411 0.195508 0.0945903 0.159777 0.126278 0.101395 0.0286038 0.00406877 0.000191159 2.56124e-06 8.79476e-09 7.03015e-12 1.03711e-15 2.41152e-20 8.30206e-26 4.10572e-32
 9.73836e-42 1.35162e-33 2.26762e-26 4.59869e-20 1.12732e-14 3.34044e-10 1.19649e-06 0.00051804 0.0271122 0.171605 0.141503 0.162162 0.272889 0.12633 0.072285 0.022247 0.00319744 0.000148801 1.95026e-06 5.65378e-09 3.198e-12 3.2957e-16 5.69173e-21 1.48856e-26 5.47951e-33
 1.4333e-41 1.98933e-33 3.33751e-26 6.76841e-20 1.6592e-14 4.9165e-10 1.76101e-06 0.000762457 0.039904 0.252506 0.199877 0.107949 0.161491 0.136253 0.0842254 0.0152942 0.00166017 7.53305e-05 9.26228e-07 2.43474e-09 1.16843e-12 9.17988e-17 1.11482e-21 2.02095e-27 5.28773e-34
 1.00025e-41 1.38829e-33 2.32914e-26 4.72345e-20 1.1579e-14 3.43106e-10 1.22895e-06 0.000532093 0.0278478 0.176318 0.149059 0.183322 0.260984 0.121618 0.062756 0.0160251 0.00149226 4.35573e-05 4.32935e-07 9.95646e-10 4.0835e-13 2.658e-17 2.56101e-22 3.49035e-28 6.54539e-35
 1.28608e-41 1.78499e-33 2.9947e-26 6.07319e-20 1.48877e-14 4.4115e-10 1.58013e-06 0.00068414 0.0358054 0.226634 0.183933 0.132132 0.181187 0.152728 0.0744298 0.0114667 0.000970578 2.78476e-05 1.96243e-07 3.18459e-10 1.02588e-13 5.40317e-18 4.17453e-23 4.4894e-29 6.51602e-36
 1.41043e-41 1.95759e-33 3.28426e-26 6.66042e-20 1.63272e-14 4.83806e-10 1.73291e-06 0.000750292 0.0392676 0.248596 0.204464 0.159148 0.187291 0.101783 0.0481444 0.00987392 0.000665495 1.3633e-05 8.18721e-08 1.02495e-10 2.28748e-14 8.53892e-19 4.92683e-24 4.06127e-30 4.53741e-37
 1.12935e-41 1.56746e-33 2.62974e-26 5.33306e-20 1.30734e-14 3.87388e-10 1.38756e-06 0.000600766 0.0314422 0.199193 0.17276 0.196522 0.225183 0.12274 0.044669 0.00645179 0.00042928 8.2207e-06 3.61e-08 3.36673e-11 5.77301e-15 1.57064e-19 6.31131e-25 3.62234e-31 2.88592e-38
 1.36951e-41 1.90079e-33 3.18897e-26 6.46717e-20 1.58535e-14 4.69768e-10 1.68263e-06 0.000728522 0.0381285 0.24148 0.20225 0.159974 0.179242 0.127625 0.0447895 0.00551499 0.000263031 3.99307e-06 1.52471e-08 1.10873e-11 1.36768e-15 2.69833e-20 7.97273e-26 3.31964e-32 1.87256e-39
 1.35596e-41 1.88198e-33 3.15741e-26 6.40317e-20 1.56966e-14 4.65119e-10 1.66598e-06 0.000721313 0.0377515 0.239236 0.207146 0.193866 0.187961 0.096809 0.0321385 0.00419503 0.000171189 1.88792e-06 5.18257e-09 2.92693e-12 2.83101e-16 4.16486e-21 8.81507e-27 2.6083e-33 1.05365e-40
 1.19027e-41 1.65202e-33 2.7716e-26 5.62075e-20 1.37786e-14 4.08285e-10 1.46241e-06 0.000633174 0.0331391 0.210211 0.190784 0.214324 0.206638 0.112117 0.0292087 0.00283838 0.000104095 1.00382e-06 2.06844e-09 8.16925e-13 5.63339e-17 6.14012e-22 9.75066e-28 2.13537e-34 6.24415e-42
 1.06831e-41 1.48275e-33 2.48762e-26 5.04485e-20 1.23669e-14 3.66452e-10 1.31257e-06 0.000568299 0.0297443 0.188888 0.178833 0.221575 0.217139 0.128683 0.0317981 0.00269608 7.27493e-05 5.37231e-07 9.02163e-10 2.75962e-13 1.36889e-17 1.0383e-22 1.15311e-28 1.80135e-35 3.82181e-43
 1.04587e-41 1.45161e-33 2.43537e-26 4.93888e-20 1.21071e-14 3.58755e-10 1.285e-06 0.000556362 0.0291202 0.185094 0.179213 0.221365 0.217199 0.132554 0.032178 0.00265681 6.16791e-05 3.459e-07 4.19022e-10 9.56399e-14 3.61091e-18 2.04181e-23 1.63325e-29 1.79182e-36 2.6437e-44
 1.26917e-41 1.76153e-33 2.95533e-26 5.99335e-20 1.4692e-14 4.35351e-10 1.55936e-06 0.000675148 0.0353367 0.224317 0.204721 0.199911 0.19245 0.113151 0.0271557 0.00223062 5.06761e-05 2.62986e-07 2.69488e-10 4.88608e-14 1.44886e-18 6.56201e-24 4.28359e-30 3.85054e-37 4.61564e-45
#pred catch len freq
 2.55569e-27 2.56856e-27 1.62159e-26 2.88117e-20 7.06284e-15 2.09285e-10 7.49622e-07 0.000324558 0.0169862 0.10746 0.0826881 0.0398757 0.245421 0.227361 0.0623176 0.0855858 0.0366457 0.0279449 0.0170357 0.0128629 0.0100487 0.00867271 0.00869755 0.0077152 0.00235574
 2.55742e-27 2.57359e-27 2.08139e-26 3.8512e-20 9.44074e-15 2.79746e-10 1.002e-06 0.000433829 0.0227051 0.143639 0.110273 0.037295 0.206408 0.192474 0.0767837 0.126974 0.0432009 0.0180894 0.00802918 0.00453733 0.00288379 0.00213116 0.00189521 0.00168321 0.000563431
 2.56024e-27 2.58075e-27 2.6624e-26 5.07668e-20 1.24449e-14 3.68764e-10 1.32085e-06 0.000571878 0.02993 0.189346 0.145223 0.0403603 0.205178 0.190235 0.0563746 0.0811562 0.0318615 0.0195531 0.00626749 0.00194905 0.000816988 0.000458468 0.000337502 0.000281995 9.78017e-05
 2.55871e-27 2.57633e-27 2.24654e-26 4.1993e-20 1.02941e-14 3.05032e-10 1.09257e-06 0.000473043 0.0247573 0.156623 0.120285 0.0435048 0.246629 0.228208 0.0581519 0.0754119 0.0264563 0.0122987 0.00479785 0.0017538 0.000397602 0.000124091 6.43312e-05 4.63074e-05 1.5914e-05
 2.55841e-27 2.57582e-27 2.23149e-26 4.16767e-20 1.02165e-14 3.02734e-10 1.08434e-06 0.000469479 0.0245708 0.155443 0.119344 0.0409684 0.227989 0.211666 0.0671896 0.100156 0.0334413 0.0127904 0.00417035 0.00133122 0.000370269 7.09686e-05 1.73552e-05 8.9247e-06 2.87893e-06
 2.55946e-27 2.57855e-27 2.45996e-26 4.64959e-20 1.13979e-14 3.37741e-10 1.20973e-06 0.000523767 0.0274121 0.173417 0.133077 0.0414459 0.221974 0.205781 0.0600672 0.085486 0.0304286 0.0145199 0.00442224 0.00112704 0.000255549 5.17835e-05 7.33708e-06 1.70428e-06 4.58584e-07
 2.55931e-27 2.57801e-27 2.39909e-26 4.52112e-20 1.1083e-14 3.28409e-10 1.17631e-06 0.000509295 0.0266547 0.168625 0.129438 0.0427067 0.234126 0.216786 0.0582553 0.0785063 0.0271307 0.0118582 0.00396475 0.00117272 0.000223734 3.59469e-05 4.58553e-06 4.73591e-07 7.41736e-08
 2.5598e-27 2.5793e-27 2.51083e-26 4.75684e-20 1.16608e-14 3.45531e-10 1.23763e-06 0.000535848 0.0280444 0.177417 0.136148 0.0425029 0.22786 0.211021 0.0575561 0.0783054 0.0261847 0.0100931 0.00319025 0.000907486 0.000199496 2.99351e-05 2.98706e-06 2.14798e-07 1.41238e-08
 2.56083e-27 2.58194e-27 2.7278e-26 5.2145e-20 1.27827e-14 3.78775e-10 1.35671e-06 0.000587403 0.0307425 0.194486 0.149193 0.0432124 0.224094 0.207255 0.0516355 0.0657129 0.0217933 0.00811734 0.00241644 0.000605495 0.000124784 2.01653e-05 1.95138e-06 1.06725e-07 3.69996e-09
 2.56275e-27 2.58701e-27 3.16196e-26 6.13034e-20 1.50278e-14 4.45301e-10 1.59499e-06 0.000690571 0.036142 0.228644 0.175273 0.0430717 0.2047 0.189124 0.0442023 0.0532684 0.0171619 0.00561972 0.001629 0.000388562 7.13961e-05 1.05045e-05 1.04901e-06 5.45465e-08 1.32151e-09
 2.56146e-27 2.58334e-27 2.82154e-26 5.41214e-20 1.32672e-14 3.93131e-10 1.40813e-06 0.000609666 0.0319077 0.201858 0.154857 0.0454166 0.236889 0.218536 0.0441326 0.0456754 0.0144048 0.0042527 0.00116288 0.000247468 4.31586e-05 5.72912e-06 5.14445e-07 2.67738e-08 5.89995e-10
 2.56182e-27 2.58434e-27 2.91379e-26 5.60676e-20 1.37443e-14 4.07268e-10 1.45877e-06 0.00063159 0.0330551 0.209116 0.160389 0.0447628 0.228027 0.210482 0.0449674 0.0495617 0.0148849 0.00315514 0.000790047 0.000149014 2.32675e-05 2.81251e-06 2.27394e-07 1.06738e-08 2.29137e-10
 2.56349e-27 2.58882e-27 3.30412e-26 6.43018e-20 1.57628e-14 4.67081e-10 1.673e-06 0.000724347 0.0379097 0.239828 0.18383 0.0441681 0.207032 0.190964 0.0389081 0.0406657 0.0123465 0.00284797 0.000666793 9.31697e-05 1.25869e-05 1.33046e-06 9.54464e-08 3.99541e-09 7.7855e-11
 2.5618e-27 2.58407e-27 2.86908e-26 5.51238e-20 1.35129e-14 4.00412e-10 1.43421e-06 0.000620958 0.0324987 0.205596 0.157732 0.0467048 0.244672 0.225414 0.03987 0.0341723 0.0101532 0.00202024 0.00046779 6.79343e-05 7.65579e-06 6.24418e-07 3.80675e-08 1.38935e-09 2.39825e-11
 2.55997e-27 2.57923e-27 2.45419e-26 4.63717e-20 1.13675e-14 3.36838e-10 1.2065e-06 0.000522368 0.0273389 0.172954 0.132807 0.0467597 0.262601 0.242265 0.0483981 0.0493514 0.0143071 0.0021708 0.000457528 5.84007e-05 6.54575e-06 4.90735e-07 2.27172e-08 6.74609e-10 1.00244e-11
 2.56089e-27 2.58188e-27 2.69984e-26 5.15543e-20 1.26379e-14 3.74484e-10 1.34134e-06 0.000580748 0.0303943 0.192283 0.14754 0.0450487 0.239231 0.220919 0.0486113 0.0552297 0.0163695 0.00306948 0.000650475 6.48157e-05 6.25893e-06 4.30854e-07 1.86495e-08 4.31735e-10 5.06953e-12
 2.56242e-27 2.58582e-27 3.02873e-26 5.84918e-20 1.43386e-14 4.24877e-10 1.52184e-06 0.000658898 0.0344843 0.218158 0.167309 0.0457615 0.230765 0.212694 0.0396607 0.0368954 0.0109509 0.00213196 0.00046919 5.4566e-05 4.908e-06 2.65585e-07 1.0088e-08 2.1336e-10 2.00373e-12
 2.56246e-27 2.58586e-27 3.02772e-26 5.84704e-20 1.43333e-14 4.24721e-10 1.52128e-06 0.000658656 0.0344717 0.218078 0.167255 0.0461974 0.23412 0.215697 0.0385009 0.0334801 0.0096948 0.00149001 0.00031286 3.81085e-05 3.7412e-06 2.16463e-07 6.76402e-09 1.19206e-10 9.9611e-13
 2.56293e-27 2.58713e-27 3.13672e-26 6.07696e-20 1.48969e-14 4.41423e-10 1.5811e-06 0.000684557 0.0358273 0.226654 0.173801 0.0461026 0.2288 0.210734 0.0366735 0.0305573 0.00874402 0.00116948 0.000226457 2.22045e-05 2.08077e-06 1.29091e-07 4.38382e-09 6.88432e-11 4.70573e-13
 2.56204e-27 2.58469e-27 2.91915e-26 5.61797e-20 1.37718e-14 4.08083e-10 1.46168e-06 0.000632853 0.0331212 0.209535 0.160742 0.0468882 0.243953 0.224688 0.0386106 0.0314597 0.00897462 0.00115652 0.00021728 1.8726e-05 1.50404e-06 7.89352e-08 2.74611e-09 4.65516e-11 2.99558e-13
 2.56408e-27 2.5903e-27 3.42247e-26 6.67979e-20 1.63747e-14 4.85212e-10 1.73795e-06 0.000752465 0.0393813 0.249137 0.190949 0.0448229 0.207013 0.190732 0.034982 0.0317333 0.00907399 0.00117979 0.000221508 1.85243e-05 1.39321e-06 6.20273e-08 1.79531e-09 2.91444e-11 1.98987e-13
 2.56432e-27 2.59079e-27 3.45056e-26 6.739e-20 1.65198e-14 4.89513e-10 1.75335e-06 0.000759134 0.0397304 0.251346 0.192655 0.0460391 0.21507 0.197848 0.0304583 0.0196357 0.00558168 0.000727559 0.000136472 1.12536e-05 8.30477e-07 3.49919e-08 8.84079e-10 1.18468e-11 7.4009e-14
 2.56414e-27 2.59032e-27 3.40999e-26 6.65342e-20 1.631e-14 4.83296e-10 1.73108e-06 0.000749494 0.0392258 0.248154 0.190217 0.0460496 0.216862 0.199534 0.0313584 0.0212548 0.0059295 0.000562649 9.25289e-05 7.66888e-06 5.65231e-07 2.33913e-08 5.66222e-10 6.75895e-12 3.51511e-14
 2.56503e-27 2.59269e-27 3.61795e-26 7.09213e-20 1.73855e-14 5.15164e-10 1.84523e-06 0.000798914 0.0418123 0.264516 0.202705 0.0456401 0.204972 0.188508 0.0284138 0.0173194 0.00480801 0.000432753 6.68598e-05 4.13944e-06 2.58197e-07 1.06271e-08 2.54122e-10 2.92237e-12 1.37834e-14
 2.56491e-27 2.59236e-27 3.58659e-26 7.02596e-20 1.72233e-14 5.10357e-10 1.82801e-06 0.00079146 0.0414222 0.262048 0.200825 0.0458749 0.20808 0.191342 0.0283027 0.0163529 0.00451945 0.000380172 5.61932e-05 3.3179e-06 1.8125e-07 5.56739e-09 1.21158e-10 1.37701e-12 6.29332e-15
 2.56422e-27 2.59048e-27 3.42073e-26 6.67607e-20 1.63656e-14 4.84941e-10 1.73698e-06 0.000752045 0.0393593 0.248998 0.190867 0.0463317 0.218552 0.201018 0.0302373 0.0183261 0.00506831 0.000422548 6.1814e-05 3.46584e-06 1.79111e-07 5.02792e-09 8.66942e-11 8.04898e-13 3.53404e-15
 2.56385e-27 2.58944e-27 3.32377e-26 6.4715e-20 1.58641e-14 4.70081e-10 1.68375e-06 0.000729001 0.0381533 0.241369 0.185053 0.0470666 0.22823 0.209841 0.0298426 0.0152074 0.00416329 0.000302442 3.99388e-05 2.14909e-06 1.05687e-07 2.77022e-09 4.41096e-11 3.40783e-13 1.18534e-15
 2.56387e-27 2.58956e-27 3.34073e-26 6.5073e-20 1.59518e-14 4.72682e-10 1.69307e-06 0.000733033 0.0383643 0.242704 0.186062 0.0464421 0.222768 0.204943 0.0315609 0.0203516 0.0056039 0.000408667 5.37343e-05 2.63939e-06 1.17186e-07 2.91524e-09 4.3691e-11 3.10535e-13 9.329e-16
#obs catch len freq
 5.02998e-42 6.98128e-34 1.17125e-26 2.37528e-20 5.82272e-15 1.72538e-10 6.18003e-07 0.000267574 0.0140038 0.088593 0.0683752 0.040004 0.21924 0.187046 0.143423 0.142841 0.0638116 0.0256258 0.00595576 0.000770142 4.12008e-05 6.56265e-07 2.32102e-09 1.48185e-12 1.4967e-16
 5.75995e-42 7.99444e-34 1.34123e-26 2.71999e-20 6.66774e-15 1.97577e-10 7.0769e-07 0.000306405 0.016036 0.10145 0.0783033 0.0437411 0.223347 0.181684 0.142955 0.13074 0.0560963 0.0205352 0.00430403 0.00047972 2.08245e-05 2.54863e-07 6.67325e-10 3.08338e-13 2.22451e-17
 1.0871e-41 1.50882e-33 2.53136e-26 5.13355e-20 1.25843e-14 3.72895e-10 1.33565e-06 0.000578291 0.0302654 0.191469 0.147088 0.0452558 0.181603 0.140742 0.113415 0.0950225 0.0390577 0.0128862 0.00238294 0.000224723 7.85198e-06 7.35049e-08 1.42037e-10 4.74293e-14 2.44358e-18
 1.11897e-41 1.55305e-33 2.60557e-26 5.28404e-20 1.29532e-14 3.83827e-10 1.37481e-06 0.000595243 0.0311527 0.197083 0.151718 0.0584509 0.237796 0.164158 0.0764986 0.0539818 0.0211924 0.00627822 0.00101281 7.91144e-05 2.18796e-06 1.55679e-08 2.21624e-11 5.34418e-15 1.9656e-19
 7.84784e-42 1.08923e-33 1.82741e-26 3.70594e-20 9.08468e-15 2.69196e-10 9.64215e-07 0.000417472 0.0218488 0.138226 0.107041 0.0648819 0.274203 0.184781 0.116448 0.0711643 0.0166546 0.00377591 0.000523143 3.3379e-05 7.17457e-07 3.83056e-09 3.99794e-12 6.95674e-16 1.82726e-20
 1.25794e-41 1.74594e-33 2.92918e-26 5.94032e-20 1.4562e-14 4.31499e-10 1.54556e-06 0.000669173 0.0350219 0.221561 0.170403 0.0528625 0.172355 0.122173 0.125345 0.0757183 0.0201837 0.00340328 0.000289212 1.39719e-05 2.30084e-07 9.10123e-10 6.89818e-13 8.62137e-17 1.61512e-21
 1.03884e-41 1.44184e-33 2.41898e-26 4.90564e-20 1.20256e-14 3.56341e-10 1.27635e-06 0.000552617 0.0289218 0.182973 0.141639 0.0737397 0.26024 0.153537 0.0858451 0.0506269 0.0184635 0.00322751 0.000226206 6.64302e-06 7.31892e-08 2.08995e-10 1.13941e-13 1.01524e-17 1.34962e-22
 1.28198e-41 1.77931e-33 2.98516e-26 6.05384e-20 1.48403e-14 4.39744e-10 1.57509e-06 0.000681961 0.0356911 0.225797 0.174147 0.0643033 0.191866 0.123479 0.115876 0.0541377 0.011766 0.00208634 0.000161985 3.8955e-06 2.68978e-08 4.81196e-11 1.78825e-14 1.11947e-18 1.04904e-23
 1.15027e-41 1.5965e-33 2.67846e-26 5.43187e-20 1.33156e-14 3.94565e-10 1.41327e-06 0.000611897 0.0320242 0.202603 0.157112 0.0800164 0.239912 0.134363 0.0938642 0.0453125 0.0125353 0.00155187 9.02139e-05 2.09932e-06 1.19405e-08 1.41171e-11 3.24161e-15 1.31015e-19 8.31995e-25
 1.51087e-41 2.09699e-33 3.51813e-26 7.13469e-20 1.74899e-14 5.18256e-10 1.85631e-06 0.000803718 0.0420634 0.266113 0.205331 0.0695752 0.171326 0.103928 0.0941523 0.0375225 0.00809611 0.00103474 5.1627e-05 8.51741e-07 3.99457e-09 3.84136e-12 6.28666e-16 1.64414e-20 6.61524e-26
 1.549e-41 2.14991e-33 3.60692e-26 7.31475e-20 1.79313e-14 5.31336e-10 1.90316e-06 0.000824002 0.043125 0.272833 0.211149 0.083144 0.197137 0.098633 0.0620726 0.0247481 0.00573514 0.000572956 2.40192e-05 3.32046e-07 1.12239e-09 7.98679e-13 1.01376e-16 1.99259e-21 5.64238e-27
 1.15083e-41 1.59728e-33 2.67976e-26 5.4345e-20 1.3322e-14 3.94757e-10 1.41395e-06 0.000612193 0.0320398 0.202712 0.158859 0.103791 0.253655 0.129298 0.0875454 0.0266633 0.0043963 0.000410415 1.45265e-05 1.54942e-07 4.09477e-10 2.13583e-13 1.92018e-17 2.73792e-22 5.75068e-28
 1.72656e-41 2.39635e-33 4.02037e-26 8.15323e-20 1.99867e-14 5.92242e-10 2.12131e-06 0.000918456 0.0480684 0.304108 0.235058 0.0747895 0.140223 0.0901036 0.0799907 0.0231056 0.00340569 0.000221084 5.89733e-06 5.06907e-08 1.00865e-10 3.90106e-14 2.57025e-18 2.61179e-23 3.85626e-29
 1.39952e-41 1.94244e-33 3.25884e-26 6.60887e-20 1.62009e-14 4.80061e-10 1.7195e-06 0.000744484 0.0389634 0.246525 0.193628 0.116536 0.234377 0.0985184 0.0509649 0.0166732 0.00289885 0.000166368 3.23693e-06 1.9184e-08 2.81921e-11 8.07583e-15 3.85791e-19 2.82534e-24 2.99344e-30
 1.18517e-41 1.64493e-33 2.75971e-26 5.59664e-20 1.37195e-14 4.06534e-10 1.45614e-06 0.000630458 0.0329957 0.20878 0.165538 0.118747 0.228806 0.132035 0.0912398 0.0189438 0.00215101 0.000129051 2.37937e-06 1.06183e-08 1.05869e-11 2.08958e-15 7.12185e-20 3.74788e-25 2.83694e-31
 9.44189e-42 1.31047e-33 2.19859e-26 4.4587e-20 1.093e-14 3.23875e-10 1.16007e-06 0.000502269 0.0262868 0.166354 0.134664 0.131624 0.243688 0.155045 0.110348 0.0280472 0.00331135 0.000125524 1.79036e-06 7.14963e-09 5.64816e-12 7.83659e-16 1.80224e-20 6.46791e-26 3.41245e-32
 1.50246e-41 2.08531e-33 3.49855e-26 7.09498e-20 1.73925e-14 5.15372e-10 1.84598e-06 0.000799245 0.0418293 0.26467 0.207868 0.0987496 0.153242 0.120373 0.0870522 0.0225047 0.00279881 0.000110872 1.2126e-06 3.3125e-09 2.03652e-12 2.25428e-16 3.88097e-21 9.79924e-27 3.52633e-33
 1.0502e-41 1.4576e-33 2.44543e-26 4.95929e-20 1.21571e-14 3.60238e-10 1.29031e-06 0.000558661 0.0292382 0.185078 0.153391 0.170197 0.261143 0.117849 0.0626125 0.0176498 0.00219536 8.58794e-05 9.07357e-07 2.05693e-09 8.90167e-13 6.88571e-17 8.78474e-22 1.68033e-27 4.49703e-34
 1.52628e-41 2.11837e-33 3.55401e-26 7.20746e-20 1.76682e-14 5.23542e-10 1.87524e-06 0.000811915 0.0424925 0.268897 0.213304 0.111504 0.153752 0.127257 0.0693672 0.0114639 0.00110579 4.19131e-05 4.12009e-07 8.3973e-10 3.05464e-13 1.7917e-17 1.60576e-22 2.12754e-28 4.038e-35
 1.08325e-41 1.50347e-33 2.52239e-26 5.11535e-20 1.25397e-14 3.71574e-10 1.33092e-06 0.000576241 0.0301584 0.190973 0.162298 0.190335 0.247269 0.112132 0.0531333 0.0121405 0.000959892 2.3657e-05 1.89058e-07 3.34955e-10 1.03481e-13 5.00179e-18 3.54364e-23 3.5261e-29 4.80046e-36
 1.38373e-41 1.92052e-33 3.22207e-26 6.5343e-20 1.60181e-14 4.74645e-10 1.7001e-06 0.000736085 0.038524 0.243862 0.198469 0.135957 0.172847 0.140497 0.0600957 0.00838192 0.000614609 1.44346e-05 8.09169e-08 1.01599e-10 2.46063e-14 9.58225e-19 5.42318e-24 4.24579e-30 4.46587e-37
 1.50588e-41 2.09006e-33 3.50651e-26 7.11114e-20 1.74321e-14 5.16546e-10 1.85018e-06 0.000801065 0.0419249 0.265449 0.218959 0.161234 0.173757 0.0913462 0.0390738 0.00704648 0.000399681 6.78648e-06 3.21886e-08 3.0828e-11 5.16624e-15 1.42515e-19 6.00673e-25 3.59292e-31 2.90125e-38
 1.22207e-41 1.69615e-33 2.84564e-26 5.77089e-20 1.41467e-14 4.19191e-10 1.50148e-06 0.000650087 0.0340236 0.215593 0.187777 0.20034 0.211258 0.109982 0.0355227 0.0045899 0.000258038 3.98917e-06 1.37631e-08 9.8173e-12 1.25798e-15 2.52322e-20 7.40598e-26 3.08148e-32 1.76987e-39
 1.47087e-41 2.04147e-33 3.42498e-26 6.9458e-20 1.70268e-14 5.04535e-10 1.80716e-06 0.00078244 0.0409505 0.259393 0.217799 0.161448 0.168179 0.112726 0.0348042 0.00376364 0.000151188 1.86479e-06 5.5391e-09 3.05532e-12 2.81179e-16 4.08246e-21 8.79216e-27 2.65265e-33 1.07972e-40
 1.4544e-41 2.01862e-33 3.38665e-26 6.86806e-20 1.68362e-14 4.98888e-10 1.78694e-06 0.000773682 0.0404926 0.256666 0.222837 0.19389 0.173197 0.0843316 0.0249072 0.00280751 9.48701e-05 8.43465e-07 1.80342e-09 7.706e-13 5.53445e-17 5.97979e-22 9.22176e-28 1.9753e-34 5.74847e-42
 1.28805e-41 1.78773e-33 2.99929e-26 6.0825e-20 1.49105e-14 4.41826e-10 1.58255e-06 0.00068519 0.0358619 0.227562 0.207117 0.215183 0.192448 0.0970143 0.0221914 0.00187773 5.6913e-05 4.36132e-07 6.94415e-10 2.07201e-13 1.05969e-17 8.45914e-23 9.76376e-29 1.54681e-35 3.26052e-43
 1.16482e-41 1.61669e-33 2.71234e-26 5.50057e-20 1.3484e-14 3.99556e-10 1.43114e-06 0.000619636 0.0324318 0.206053 0.195599 0.223492 0.204644 0.111327 0.0240498 0.0017443 3.87223e-05 2.2747e-07 2.93341e-10 6.74138e-14 2.47613e-18 1.37514e-23 1.10865e-29 1.2499e-36 1.90673e-44
 1.14315e-41 1.58662e-33 2.66188e-26 5.39824e-20 1.32331e-14 3.92122e-10 1.40452e-06 0.000608108 0.0318283 0.202198 0.191076 0.216294 0.209246 0.119746 0.0269592 0.00200253 4.07832e-05 1.95841e-07 1.98869e-10 3.74589e-14 1.15631e-18 5.31673e-24 3.44308e-30 3.04591e-37 3.61135e-45
#spawning biomass
 12235.6 11640.5 15512.2 22835.5 30876.2 36946.9 45605.3 51409.6 59840.8 83618.7 104477 112080 134901 155525 152056 136695 121939 128485 128796 125780 130568 137512 149850 150297 163305 170798 136850 124885 99045.9 169570 213137 227551 224561 212890 198075 183330 170231 159341 150669 143964 138888 135102 132278 130153 128646 127578 126821 126284 125903 125633 125441 125305 125209 125141 125092 125058 125034 125017 125004 124996 124989 124985 124982 124980 124978 124977 124976 124976 124975 124975 124975 124975 124975 124975 124975 124975 124975 124975 124975 124975 124975 124975 124975 124975 124975 124975 124975 124975 124975 124975 124975 124975 124975 124975 124975 124975 124975 124975 124975 124975 124975 124975 124975 124975 124975 124975 124975 124975 124975 124975 124975 124975 124975 124975 124975 124975 124975 124975 124975 124975 124975 124975 124975 124975 124975 124975 124975 124975 0 0 0 0 0 0 0 0 0 0 0 0 0 0 0 0 0 0 0 0 0 0 0 0 0
