SBPRF35
0.819782
Curr Bio
214246
B35
916047
F35
0.233075
FOFL
0
OFL
0
Bzero
234224
#pred survey bio
 9131.65 8538.83 6609.14 6816.71 10797.1 18207 25266.6 33325.3 47536 73237.5 101827 128096 160424 185558 199385 172353 169148 169201 196407 221389 246672 226068 252643 275422 287623 296576 276872 265451 239730 3.99072e+06 5.85276e+06 6.45462e+06 6.21971e+06 5.58208e+06 4.83588e+06 4.14126e+06 3.56284e+06 3.11141e+06 2.77306e+06 2.52592e+06 2.34824e+06 2.22162e+06 2.13168e+06 2.06703e+06 2.01939e+06 1.98585e+06 1.96192e+06 1.94461e+06 1.93192e+06 1.92248e+06 1.91537e+06 1.90995e+06 1.90577e+06 1.90252e+06 1.89996e+06 1.89794e+06 1.89633e+06 1.89504e+06 1.89401e+06 1.89317e+06 1.89249e+06 1.89194e+06 1.8915e+06 1.89114e+06 1.89084e+06 1.8906e+06 1.8904e+06 1.89024e+06 1.89011e+06 1.89e+06 1.88991e+06 1.88984e+06 1.88978e+06 1.88973e+06 1.8897e+06 1.88966e+06 1.88964e+06 1.88961e+06 1.8896e+06 1.88958e+06 1.88957e+06 1.88956e+06 1.88955e+06 1.88955e+06 1.88954e+06 1.88954e+06 1.88953e+06 1.88953e+06 1.88953e+06 1.88953e+06 1.88952e+06 1.88952e+06 1.88952e+06 1.88952e+06 1.88952e+06 1.88952e+06 1.88952e+06 1.88952e+06 1.88952e+06 1.88952e+06 1.88952e+06 1.88952e+06 1.88952e+06 1.88952e+06 1.88952e+06 1.88952e+06 1.88952e+06 1.88952e+06 1.88952e+06 1.88952e+06 1.88952e+06 1.88952e+06 1.88952e+06 1.88952e+06 1.88952e+06 1.88952e+06 1.88952e+06 1.88952e+06 1.88952e+06 1.88952e+06 1.88952e+06 1.88952e+06 1.88952e+06 1.88952e+06 1.88952e+06 1.88952e+06 1.88952e+06 1.88952e+06 1.88952e+06 0 0 0 0 0 0 0 0 0 0 0 0 0 0 0 0 0 0 0 0 0 0 0 0 0
#obs survey bio
 8615.32 9580.51 6573.16 9214.2 14120.7 21744.6 27623.5 40308.2 58783.7 82818.4 134994 110567 191388 168095 146877 121084 166739 171324 181526 221479 213667 244217 310445 257067 195743 367331 239762 277767 264444
#pred catch bio
 3536.05 4104.02 3531.81 2815.57 5057.52 11514.9 16804.1 21981.1 29645.6 46942.2 68772 86028.5 111536 124412 149068 123508 124486 115756 138054 150796 186051 158708 178980 196136 206958 220736 205959 194544 204903 0 51031.2 56401.8 53700.4 47425.9 40298.6 33782 28445.2 24356.3 21358.8 19228 17746.4 16733 16048.3 15586.9 15274.3 15071.6 14940.2 14854.9 14799.7 14763.8 14740.6 14725.5 14715.7 14709.4 14705.3 14702.6 14700.9 14699.7 14699 14698.5 14698.2 14698 14697.9 14697.8 14697.8 14697.7 14697.7 14697.7 14697.7 14697.7 14697.7 14697.7 14697.7 14697.7 14697.7 14697.7 14697.7 14697.7 14697.7 14697.7 14697.7 14697.7 14697.7 14697.7 14697.7 14697.7 14697.7 14697.7 14697.7 14697.7 14697.7 14697.7 14697.7 14697.7 14697.7 14697.7 14697.7 14697.7 14697.7 14697.7 14697.7 14697.7 14697.7 14697.7 14697.7 14697.7 14697.7 14697.7 14697.7 14697.7 14697.7 14697.7 14697.7 14697.7 14697.7 14697.7 14697.7 14697.7 14697.7 14697.7 14697.7 14697.7 14697.7 14697.7 14697.7 14697.7 14697.7 14697.7 14697.7 0 0 0 0 0 0 0 0 0 0 0 0 0 0 0 0 0 0 0 0 0 0 0 0 0
#obs catch bio
 3957.21 4024.01 4111.5 2593.92 4126.16 9717.02 14288.4 17050.6 22701.3 41061.2 55000.9 75786.1 100842 102396 153487 123316 120964 108284 122391 128620 178147 131102 153764 171664 182617 214414 188467 163544 198127
#pred cpue bio
 7514.46 7806.85 5575.19 4214.26 6865.66 10105.1 13837.8 17704.1 23831.1 37497.6 55081.1 69351.8 88138.2 102767 127171 104825 101655 93849.2 111859 122416 147479 128032 141316 154944 166654 169386 160441 149893 149403 1.84959e+06 5.6716e+06 6.32962e+06 6.09404e+06 5.45638e+06 4.71018e+06 4.01556e+06 3.43714e+06 2.98571e+06 2.64737e+06 2.40022e+06 2.22254e+06 2.09592e+06 2.00598e+06 1.94133e+06 1.89369e+06 1.86015e+06 1.83622e+06 1.81891e+06 1.80622e+06 1.79678e+06 1.78967e+06 1.78425e+06 1.78008e+06 1.77682e+06 1.77427e+06 1.77224e+06 1.77063e+06 1.76934e+06 1.76831e+06 1.76747e+06 1.7668e+06 1.76625e+06 1.7658e+06 1.76544e+06 1.76514e+06 1.7649e+06 1.7647e+06 1.76454e+06 1.76441e+06 1.7643e+06 1.76422e+06 1.76414e+06 1.76408e+06 1.76404e+06 1.764e+06 1.76397e+06 1.76394e+06 1.76392e+06 1.7639e+06 1.76389e+06 1.76387e+06 1.76386e+06 1.76386e+06 1.76385e+06 1.76384e+06 1.76384e+06 1.76384e+06 1.76383e+06 1.76383e+06 1.76383e+06 1.76383e+06 1.76383e+06 1.76382e+06 1.76382e+06 1.76382e+06 1.76382e+06 1.76382e+06 1.76382e+06 1.76382e+06 1.76382e+06 1.76382e+06 1.76382e+06 1.76382e+06 1.76382e+06 1.76382e+06 1.76382e+06 1.76382e+06 1.76382e+06 1.76382e+06 1.76382e+06 1.76382e+06 1.76382e+06 1.76382e+06 1.76382e+06 1.76382e+06 1.76382e+06 1.76382e+06 1.76382e+06 1.76382e+06 1.76382e+06 1.76382e+06 1.76382e+06 1.76382e+06 1.76382e+06 1.76382e+06 1.76382e+06 1.76382e+06 1.76382e+06 1.76382e+06 0 0 0 0 0 0 0 0 0 0 0 0 0 0 0 0 0 0 0 0 0 0 0 0 0
#obs cpue bio
 10860 5571.21 5222.78 4560.63 11288.5 10362.2 24489.9 40204.3 46965.9 58927.3 107588 116317 128323 172864 180571 148446 137869 109657 197618 229293 232886 234213 232940 246874 376726 193711 240820 288029 191828
#pred surv len freq
 9.86058e-12 1.07074e-09 6.85498e-08 2.58742e-06 5.75795e-05 0.000755486 0.00584535 0.026692 0.0722399 0.118336 0.128884 0.122995 0.12928 0.123126 0.0942834 0.0654481 0.0435725 0.0267909 0.0158116 0.00946819 0.00596699 0.00410709 0.00303835 0.00212317 0.00117511
 5.48239e-12 5.95322e-10 3.81131e-08 1.43858e-06 3.20142e-05 0.000420074 0.00325116 0.0148685 0.0405492 0.0689099 0.0865807 0.110864 0.145265 0.150652 0.122515 0.0916923 0.0657231 0.0428539 0.0254498 0.013971 0.00740262 0.00410015 0.00250196 0.00156362 0.000832248
 9.98735e-12 1.08451e-09 6.94311e-08 2.62068e-06 5.83195e-05 0.000765182 0.00591983 0.0270196 0.0729545 0.118125 0.122297 0.101631 0.0944235 0.0946467 0.0909644 0.0840458 0.0693179 0.0497594 0.0320312 0.0184074 0.00940945 0.00446091 0.00214525 0.00109283 0.000521259
 1.61719e-11 1.75608e-09 1.12426e-07 4.2435e-06 9.4433e-05 0.00123899 0.00958482 0.0437325 0.117873 0.189184 0.187941 0.135039 0.0970578 0.0741113 0.0483733 0.0291688 0.0208341 0.0168474 0.0127036 0.00820509 0.00450164 0.00211743 0.000888044 0.000358478 0.000140316
 1.44708e-11 1.57135e-09 1.00599e-07 3.79713e-06 8.44998e-05 0.00110868 0.00857727 0.0391483 0.105696 0.171075 0.176724 0.144887 0.126652 0.104777 0.0639415 0.0294011 0.0126723 0.00618483 0.00369749 0.00249885 0.00156014 0.000807063 0.000341343 0.000122325 3.89645e-05
 1.62848e-11 1.76834e-09 1.1321e-07 4.27313e-06 9.50923e-05 0.00124765 0.00965197 0.0440435 0.118775 0.191138 0.192277 0.144463 0.111634 0.087493 0.0539274 0.026057 0.011432 0.00465484 0.00174047 0.000702835 0.000350911 0.000186611 8.56709e-05 3.12304e-05 9.05805e-06
 1.58909e-11 1.72556e-09 1.10472e-07 4.16977e-06 9.27924e-05 0.00121748 0.00941882 0.0429852 0.115999 0.187301 0.191361 0.151345 0.125332 0.0985177 0.0541025 0.0182169 0.00364524 0.000430748 3.00327e-05 1.23953e-06 3.18188e-08 1.08797e-09 2.62879e-10 9.55677e-11 2.7951e-11
 1.62619e-11 1.76585e-09 1.13051e-07 4.26713e-06 9.49588e-05 0.0012459 0.00963862 0.0439863 0.118672 0.191386 0.194458 0.151018 0.121853 0.0945522 0.0517517 0.0174131 0.00348385 0.000411626 2.86836e-05 1.17851e-06 2.85481e-08 4.07734e-10 3.43373e-12 1.70568e-14 5.02598e-17
 1.69124e-11 1.83648e-09 1.17573e-07 4.4378e-06 9.87569e-05 0.00129573 0.010024 0.0457412 0.123358 0.198549 0.199886 0.150446 0.115755 0.0875999 0.0476303 0.0160042 0.00320109 0.000378197 2.63538e-05 1.08278e-06 2.6229e-08 3.746e-10 3.15434e-12 1.56618e-14 4.58682e-17
 1.6684e-11 1.81169e-09 1.15986e-07 4.37788e-06 9.74235e-05 0.00127824 0.00988867 0.0451251 0.121712 0.196035 0.19798 0.150647 0.117896 0.0900407 0.0490772 0.0164988 0.00330036 0.000389933 2.71718e-05 1.1164e-06 2.7044e-08 3.86273e-10 3.25363e-12 1.61727e-14 4.75539e-17
 1.60446e-11 1.74225e-09 1.1154e-07 4.21009e-06 9.36896e-05 0.00122925 0.00950985 0.0433998 0.117106 0.188993 0.192644 0.15121 0.123891 0.0968754 0.0531289 0.0178839 0.00357834 0.000422797 2.94621e-05 1.21049e-06 2.93228e-08 4.1879e-10 3.52659e-12 1.75127e-14 5.13166e-17
 1.60337e-11 1.74107e-09 1.11465e-07 4.20725e-06 9.36263e-05 0.00122842 0.00950342 0.0433705 0.117028 0.188873 0.192553 0.151219 0.123993 0.0969914 0.0531976 0.0179074 0.00358306 0.000423354 2.95009e-05 1.21208e-06 2.93612e-08 4.1933e-10 3.53085e-12 1.75289e-14 5.13117e-17
 1.58512e-11 1.72125e-09 1.10196e-07 4.15934e-06 9.25602e-05 0.00121443 0.00939526 0.042878 0.115712 0.186863 0.191029 0.15138 0.125705 0.0989428 0.0543544 0.0183029 0.00366242 0.000432738 3.01549e-05 1.23895e-06 3.00121e-08 4.28627e-10 3.60918e-12 1.79186e-14 5.24604e-17
 1.57492e-11 1.71018e-09 1.09487e-07 4.13259e-06 9.1965e-05 0.00120662 0.00933487 0.0426029 0.114978 0.18574 0.190179 0.151469 0.12666 0.100032 0.0550003 0.0185237 0.00370674 0.000437977 3.052e-05 1.25395e-06 3.03754e-08 4.33813e-10 3.65277e-12 1.81335e-14 5.30742e-17
 1.36558e-11 1.48286e-09 9.49338e-08 3.58328e-06 7.9741e-05 0.00104625 0.00809469 0.0369547 0.0998969 0.162687 0.172707 0.15331 0.146288 0.122408 0.0682645 0.0230581 0.00461678 0.000545566 3.80181e-05 1.56204e-06 3.78388e-08 5.40424e-10 4.5511e-12 2.26047e-14 6.62838e-17
 1.44297e-11 1.56689e-09 1.00314e-07 3.78635e-06 8.42601e-05 0.00110554 0.00855317 0.0390428 0.105472 0.171209 0.179166 0.15263 0.139032 0.114136 0.0633609 0.0213818 0.00428035 0.000505791 3.52461e-05 1.44814e-06 3.50793e-08 5.00994e-10 4.21848e-12 2.09426e-14 6.13033e-17
 1.46122e-11 1.58671e-09 1.01583e-07 3.83424e-06 8.53258e-05 0.00111952 0.00866129 0.0395352 0.106787 0.173219 0.180689 0.152469 0.137321 0.112185 0.0622045 0.0209865 0.00420101 0.000496412 3.45924e-05 1.42128e-06 3.44289e-08 4.91713e-10 4.14056e-12 2.05597e-14 6.02253e-17
 1.57299e-11 1.70808e-09 1.09353e-07 4.12752e-06 9.1852e-05 0.00120514 0.00932341 0.0425507 0.114839 0.185527 0.190017 0.151486 0.126842 0.100239 0.0551229 0.0185656 0.00371515 0.000438971 3.05893e-05 1.2568e-06 3.04444e-08 4.34798e-10 3.66106e-12 1.81746e-14 5.31941e-17
 1.53809e-11 1.67018e-09 1.06927e-07 4.03595e-06 8.98145e-05 0.00117841 0.00911669 0.0416093 0.112325 0.181684 0.187105 0.151793 0.130113 0.103969 0.0573338 0.0193214 0.00386684 0.000456904 3.18391e-05 1.30815e-06 3.16884e-08 4.52566e-10 3.81072e-12 1.89186e-14 5.5382e-17
 1.57696e-11 1.71239e-09 1.09629e-07 4.13794e-06 9.20841e-05 0.00120819 0.00934696 0.042658 0.115125 0.185965 0.190349 0.151451 0.126469 0.0998142 0.054871 0.0184795 0.00369787 0.000436928 3.04469e-05 1.25095e-06 3.03027e-08 4.32775e-10 3.64404e-12 1.80903e-14 5.29495e-17
 1.46901e-11 1.59517e-09 1.02124e-07 3.85468e-06 8.57805e-05 0.00112549 0.00870743 0.0397454 0.107348 0.174077 0.181339 0.152401 0.13659 0.111353 0.0617111 0.0208178 0.00416715 0.000492409 3.43135e-05 1.40982e-06 3.41511e-08 4.87739e-10 4.10691e-12 2.03894e-14 5.96919e-17
 1.54564e-11 1.67838e-09 1.07452e-07 4.05576e-06 9.02553e-05 0.00118419 0.00916142 0.041813 0.112869 0.182516 0.187735 0.151727 0.129406 0.103162 0.0568555 0.0191579 0.00383402 0.000453024 3.15687e-05 1.29704e-06 3.14192e-08 4.4872e-10 3.77828e-12 1.87565e-14 5.4897e-17
 1.56208e-11 1.69624e-09 1.08595e-07 4.09891e-06 9.12154e-05 0.00119679 0.00925882 0.0422566 0.114053 0.184326 0.189107 0.151582 0.127864 0.101404 0.0558137 0.0188017 0.00376254 0.000444574 3.09798e-05 1.27285e-06 3.08331e-08 4.40349e-10 3.70781e-12 1.84069e-14 5.38755e-17
 1.55453e-11 1.68804e-09 1.0807e-07 4.07909e-06 9.07744e-05 0.001191 0.00921409 0.0420528 0.113509 0.183495 0.188477 0.151649 0.128572 0.102212 0.0562922 0.0189653 0.00379537 0.000448455 3.12503e-05 1.28396e-06 3.11023e-08 4.44194e-10 3.74017e-12 1.85673e-14 5.43435e-17
 1.51438e-11 1.64443e-09 1.05278e-07 3.97372e-06 8.84296e-05 0.00116024 0.0089762 0.0409694 0.110616 0.179073 0.185126 0.152002 0.132337 0.106504 0.0588365 0.0198351 0.00396993 0.000469093 3.26885e-05 1.34305e-06 3.25338e-08 4.64638e-10 3.91232e-12 1.94219e-14 5.68446e-17
 1.53426e-11 1.66602e-09 1.0666e-07 4.02589e-06 8.95906e-05 0.00117547 0.00909399 0.0415058 0.112049 0.181262 0.186785 0.151827 0.130473 0.104378 0.0575767 0.0194044 0.0038835 0.000458874 3.19764e-05 1.31379e-06 3.1825e-08 4.54515e-10 3.82708e-12 1.89988e-14 5.56065e-17
 1.51423e-11 1.64427e-09 1.05268e-07 3.97333e-06 8.84209e-05 0.00116013 0.00897531 0.0409654 0.110606 0.179056 0.185113 0.152003 0.132351 0.10652 0.058846 0.0198383 0.00397058 0.00046917 3.26939e-05 1.34327e-06 3.25391e-08 4.64714e-10 3.91295e-12 1.94251e-14 5.68537e-17
 1.54959e-11 1.68267e-09 1.07726e-07 4.06612e-06 9.04858e-05 0.00118722 0.00918481 0.0419195 0.113153 0.182951 0.188065 0.151692 0.129035 0.10274 0.0566053 0.0190724 0.00381686 0.000450995 3.14273e-05 1.29123e-06 3.12784e-08 4.4671e-10 3.76136e-12 1.86725e-14 5.4651e-17
 1.40426e-11 1.52486e-09 9.7623e-08 3.68478e-06 8.19997e-05 0.00107588 0.00832385 0.0379984 0.102684 0.166946 0.175936 0.15297 0.142661 0.118273 0.0658136 0.0222202 0.00444862 0.000525686 3.66326e-05 1.5051e-06 3.64592e-08 5.207e-10 4.38437e-12 2.17653e-14 6.37032e-17
#obs surv len freq
 8.19553e-12 8.89938e-10 5.69746e-08 2.15051e-06 4.78568e-05 0.000627912 0.00485813 0.0221806 0.0599823 0.0978838 0.104995 0.0971624 0.103467 0.111559 0.108434 0.0967812 0.0767879 0.0533641 0.0329826 0.0177469 0.00781052 0.00260487 0.000614357 9.72012e-05 9.94162e-06
 1.20741e-12 1.31111e-10 8.39384e-09 3.16832e-07 7.05128e-06 9.25575e-05 0.000717679 0.00331259 0.00944405 0.0192793 0.0385459 0.0802844 0.133349 0.162288 0.160744 0.141033 0.107432 0.0706548 0.0409434 0.020446 0.00827169 0.00252375 0.000544029 7.87024e-05 7.36417e-06
 1.48868e-11 1.61653e-09 1.03492e-07 3.9063e-06 8.69289e-05 0.00114052 0.00882234 0.0402374 0.108231 0.171912 0.162446 0.0959678 0.0496539 0.0515859 0.0754944 0.0845461 0.0681177 0.0429929 0.0230375 0.0105271 0.0038811 0.00107583 0.000210455 2.76487e-05 2.35315e-06
 1.41014e-11 1.53125e-09 9.80319e-08 3.70022e-06 8.23435e-05 0.0010804 0.00835887 0.0381585 0.103096 0.167276 0.173904 0.143221 0.122439 0.0971164 0.0584043 0.0316202 0.022127 0.0166279 0.00997924 0.0045089 0.00153515 0.000384682 6.78157e-05 8.03994e-06 6.18833e-07
 1.17354e-11 1.27432e-09 8.15833e-08 3.07937e-06 6.85275e-05 0.000899136 0.00695688 0.0317669 0.0859309 0.14017 0.148912 0.130888 0.125491 0.119076 0.0956188 0.0627993 0.0318898 0.0125636 0.00456427 0.00170166 0.000548256 0.000129176 2.08343e-05 2.23024e-06 1.546e-07
 1.16894e-11 1.26933e-09 8.12634e-08 3.0673e-06 6.82589e-05 0.000895613 0.00692966 0.0316428 0.0855885 0.139497 0.147437 0.127316 0.119855 0.115343 0.097531 0.0689238 0.0377615 0.0151986 0.00458467 0.00112538 0.000245058 4.61364e-05 6.60272e-06 6.44809e-07 4.07066e-08
 1.29588e-11 1.40717e-09 9.00883e-08 3.40039e-06 7.56715e-05 0.00099287 0.00768203 0.0350745 0.0948126 0.154028 0.160312 0.13169 0.115176 0.105228 0.0857868 0.058971 0.0319964 0.0130548 0.00400105 0.000928149 0.000163202 2.19997e-05 2.28891e-06 1.77619e-07 9.6119e-09
 1.27753e-11 1.38724e-09 8.88125e-08 3.35224e-06 7.46002e-05 0.000978827 0.00757384 0.0345894 0.0936003 0.1527 0.161293 0.137021 0.122563 0.109243 0.0839786 0.0539545 0.0276141 0.0107616 0.00319123 0.000721925 0.000121565 1.47332e-05 1.25744e-06 7.4884e-08 3.08845e-09
 1.18299e-11 1.28459e-09 8.22403e-08 3.10418e-06 6.90801e-05 0.000906418 0.00701418 0.0320451 0.0868441 0.142512 0.153665 0.137037 0.129016 0.118203 0.0920571 0.0584385 0.0285035 0.0102557 0.00276073 0.000569821 8.90945e-05 1.0122e-05 8.0055e-07 4.26998e-08 1.50476e-09
 1.24246e-11 1.34916e-09 8.63747e-08 3.26023e-06 7.2553e-05 0.000951986 0.00736674 0.0336533 0.0911591 0.149199 0.158938 0.136894 0.124044 0.113089 0.0892894 0.0566516 0.0268386 0.00911628 0.00225201 0.000416948 5.80385e-05 5.9122e-06 4.2451e-07 2.07329e-08 6.68611e-10
 1.11898e-11 1.21508e-09 7.77907e-08 2.93623e-06 6.53435e-05 0.000857427 0.00663622 0.0303387 0.0824275 0.13649 0.151249 0.141841 0.137731 0.125179 0.0944709 0.0567161 0.0254988 0.00821783 0.00190722 0.000325809 4.10429e-05 3.73152e-06 2.37872e-07 1.03406e-08 2.98892e-10
 1.19764e-11 1.3005e-09 8.32593e-08 3.14264e-06 6.99369e-05 0.000917692 0.00710228 0.0324605 0.0880744 0.144946 0.156835 0.139011 0.128911 0.118637 0.0929465 0.0564204 0.0245187 0.00734461 0.00153957 0.000234344 2.63335e-05 2.14562e-06 1.22565e-07 4.7571e-09 1.22386e-10
 1.10824e-11 1.20342e-09 7.70439e-08 2.90806e-06 6.47173e-05 0.000849251 0.00657408 0.0300727 0.0818691 0.136394 0.153341 0.14627 0.141884 0.126958 0.0931495 0.0529652 0.0218714 0.00627993 0.00125509 0.00017847 1.82467e-05 1.32696e-06 6.71752e-08 2.31278e-09 5.29543e-11
 8.82582e-12 9.58382e-10 6.13566e-08 2.31595e-06 5.15416e-05 0.000676421 0.00523823 0.0239975 0.0656955 0.111667 0.133394 0.142643 0.15375 0.147394 0.113441 0.0658173 0.026981 0.0075662 0.00146382 0.000199787 1.93671e-05 1.31409e-06 6.09913e-08 1.89606e-09 3.87984e-11
 8.39209e-12 9.11284e-10 5.83414e-08 2.20214e-06 4.90094e-05 0.000643212 0.0049816 0.0228294 0.0625554 0.106565 0.127879 0.138253 0.153399 0.153971 0.122527 0.0705471 0.0274316 0.00701349 0.00119792 0.000142186 1.21042e-05 7.38394e-07 3.13952e-08 9.0003e-10 1.69388e-11
 1.02691e-11 1.11511e-09 7.13903e-08 2.69468e-06 5.99701e-05 0.00078702 0.00609395 0.0278987 0.0761227 0.127524 0.144848 0.140239 0.140857 0.135207 0.106145 0.0614909 0.024652 0.00667916 0.00122688 0.000153784 1.3117e-05 7.54737e-07 2.90655e-08 7.44087e-10 1.25436e-11
 9.64063e-12 1.04686e-09 6.70214e-08 2.5298e-06 5.63029e-05 0.000738997 0.00572496 0.0262558 0.0720789 0.12317 0.147361 0.153582 0.156143 0.1394 0.0985864 0.0518431 0.0191979 0.00488394 0.0008596 0.000106002 9.10476e-06 5.31633e-07 2.05255e-08 5.12904e-10 8.1816e-12
 1.08006e-11 1.17282e-09 7.50853e-08 2.83417e-06 6.30761e-05 0.000827849 0.00641168 0.0293747 0.0803073 0.135132 0.154393 0.148632 0.144397 0.131059 0.0954445 0.0504428 0.0182451 0.00443885 0.000736298 8.49681e-05 6.85202e-06 3.80146e-07 1.41487e-08 3.44643e-10 5.3821e-12
 9.69651e-12 1.05293e-09 6.74103e-08 2.54451e-06 5.66331e-05 0.000743441 0.00576197 0.0264606 0.0729086 0.125688 0.152535 0.159765 0.159174 0.137022 0.0926045 0.0462934 0.0163027 0.00394594 0.000655406 7.48957e-05 5.85026e-06 3.07876e-07 1.07389e-08 2.44492e-10 3.58141e-12
 1.08911e-11 1.18265e-09 7.5715e-08 2.85797e-06 6.36085e-05 0.000834941 0.00646903 0.0296694 0.0813524 0.137879 0.159626 0.155179 0.148756 0.129881 0.0889779 0.0433854 0.0142775 0.00312919 0.000464494 4.78557e-05 3.44763e-06 1.70758e-07 5.65145e-09 1.21784e-10 1.67672e-12
 9.64409e-12 1.04724e-09 6.70466e-08 2.53084e-06 5.63329e-05 0.000739659 0.0057363 0.0263903 0.0730668 0.127391 0.157514 0.166772 0.163621 0.135704 0.0866861 0.0401648 0.012895 0.00280378 0.000412215 4.11642e-05 2.78801e-06 1.26915e-07 3.83316e-09 7.57163e-11 9.63619e-13
 1.04342e-11 1.13304e-09 7.25397e-08 2.73819e-06 6.09469e-05 0.00080018 0.00620369 0.0285051 0.0785618 0.134915 0.160551 0.161387 0.155955 0.132604 0.0863127 0.039357 0.0120038 0.00242103 0.000327042 3.01329e-05 1.9036e-06 8.13941e-08 2.30424e-09 4.22987e-11 4.95586e-13
 1.04764e-11 1.13762e-09 7.28336e-08 2.74934e-06 6.11993e-05 0.000803653 0.00623422 0.028693 0.0794402 0.137955 0.167432 0.169967 0.159055 0.126815 0.077428 0.033755 0.0100557 0.00200817 0.000268585 2.41387e-05 1.45432e-06 5.81928e-08 1.52703e-09 2.59349e-11 2.81461e-13
 9.34114e-12 1.01435e-09 6.49421e-08 2.45155e-06 5.45767e-05 0.000716926 0.00556688 0.0256939 0.0717048 0.127151 0.161374 0.174056 0.169747 0.136454 0.0817115 0.0341506 0.00958745 0.00178611 0.000222393 1.87123e-05 1.06455e-06 4.04206e-08 1.00467e-09 1.60511e-11 1.62508e-13
 9.82345e-12 1.06673e-09 6.82956e-08 2.57816e-06 5.73959e-05 0.000753961 0.00585392 0.027004 0.0751832 0.132232 0.164435 0.17256 0.166081 0.13347 0.0794023 0.032449 0.00876979 0.00155118 0.000180929 1.40906e-05 7.3659e-07 2.5681e-08 5.88581e-10 8.72099e-12 8.22655e-14
 9.60611e-12 1.04313e-09 6.6786e-08 2.52128e-06 5.61365e-05 0.000737659 0.00573241 0.0265046 0.0742197 0.132212 0.167757 0.178029 0.168348 0.130636 0.0754055 0.0304081 0.00826636 0.00149147 0.000177854 1.39799e-05 7.19886e-07 2.40667e-08 5.17416e-10 7.09146e-12 6.14575e-14
 9.67731e-12 1.05087e-09 6.72822e-08 2.5401e-06 5.656e-05 0.000743368 0.00577935 0.0267474 0.0750392 0.134051 0.170479 0.180604 0.169375 0.129025 0.0720093 0.0276503 0.00708693 0.0012036 0.000136056 1.02672e-05 5.13711e-07 1.67814e-08 3.51635e-10 4.65485e-12 3.84893e-14
 9.8788e-12 1.07276e-09 6.86848e-08 2.59316e-06 5.77479e-05 0.000759179 0.00590588 0.02737 0.076993 0.138115 0.176054 0.184856 0.168982 0.123947 0.0660642 0.0240607 0.00580722 0.000920973 9.64171e-05 6.70684e-06 3.09786e-07 9.40758e-09 1.84965e-10 2.31693e-12 1.82315e-14
 9.38469e-12 1.01911e-09 6.52523e-08 2.46377e-06 5.4878e-05 0.00072183 0.00562264 0.0261397 0.0740731 0.134929 0.176262 0.189127 0.173258 0.125121 0.0651542 0.0231478 0.00545255 0.000842794 8.54531e-05 5.68889e-06 2.47838e-07 7.00781e-09 1.27241e-10 1.46747e-12 1.06421e-14
#pred catch len freq
 4.03117e-13 4.37739e-11 2.80248e-09 1.05788e-07 2.35506e-06 3.09602e-05 0.000241917 0.00115992 0.00389701 0.0124841 0.0418568 0.108883 0.182899 0.197655 0.155524 0.10871 0.0725485 0.0446378 0.0263474 0.015777 0.00994282 0.00684365 0.00506279 0.00353785 0.00195808
 1.82746e-13 1.98442e-11 1.27048e-09 4.79619e-08 1.06818e-06 1.40723e-05 0.000111135 0.000559973 0.00223568 0.00946061 0.0371798 0.101196 0.172536 0.190233 0.156809 0.117877 0.0846417 0.0552165 0.0327935 0.0180023 0.00953855 0.00528318 0.00322386 0.00201478 0.00107238
 4.86621e-13 5.28413e-11 3.38298e-09 1.27696e-07 2.84227e-06 3.73308e-05 0.000290346 0.00136098 0.00416582 0.0107119 0.0297475 0.0732096 0.125722 0.151339 0.150803 0.140158 0.115719 0.0830825 0.053482 0.030734 0.0157105 0.00744814 0.0035818 0.00182464 0.000870317
 1.3911e-12 1.51057e-10 9.67085e-09 3.65034e-07 8.12423e-06 0.000106655 0.000827536 0.00383299 0.0111166 0.024188 0.0539932 0.118535 0.188536 0.192778 0.134775 0.0824248 0.0590615 0.0477904 0.0360384 0.0232766 0.0127704 0.00600681 0.00251924 0.00101694 0.000398054
 1.14474e-12 1.24305e-10 7.95816e-09 3.00391e-07 6.68596e-06 8.78016e-05 0.000682376 0.00318671 0.00959467 0.023522 0.0616937 0.146053 0.235165 0.234998 0.149529 0.0693704 0.0299823 0.0146492 0.00875987 0.00592017 0.0036962 0.00191205 0.000808689 0.000289806 9.23123e-05
 6.85946e-12 7.44856e-10 4.76864e-08 1.79993e-06 4.00556e-05 0.000525594 0.004068 0.0186081 0.0508014 0.0867574 0.110833 0.145087 0.188271 0.180245 0.116369 0.0566668 0.0248609 0.0101159 0.00378127 0.00152679 0.000762268 0.000405365 0.000186098 6.784e-05 1.96763e-05
 8.18248e-12 8.88519e-10 5.68839e-08 2.14709e-06 4.77811e-05 0.000626956 0.0048522 0.0221874 0.0604668 0.102413 0.127028 0.158123 0.197603 0.180909 0.102944 0.0349138 0.0069963 0.000826964 5.76609e-05 2.3798e-06 6.1075e-08 2.08339e-09 5.0257e-10 1.82695e-10 5.34332e-11
 8.8388e-12 9.59788e-10 6.14466e-08 2.31931e-06 5.16135e-05 0.000677236 0.00524102 0.0239582 0.065195 0.10964 0.132506 0.157546 0.19145 0.173894 0.0987857 0.0334919 0.00671079 0.000793131 5.52714e-05 2.27093e-06 5.50111e-08 7.85688e-10 6.61666e-12 3.28676e-14 9.68456e-17
 8.98516e-12 9.75681e-10 6.2464e-08 2.35771e-06 5.24681e-05 0.000688448 0.00532772 0.0243531 0.0662493 0.111252 0.133727 0.157417 0.190078 0.17233 0.0978583 0.0331749 0.00664717 0.000785609 5.47471e-05 2.24938e-06 5.44887e-08 7.78203e-10 6.55289e-12 3.25362e-14 9.52873e-17
 9.11492e-12 9.89771e-10 6.33661e-08 2.39176e-06 5.32258e-05 0.000698388 0.00540459 0.0247032 0.0671841 0.112681 0.13481 0.157303 0.188861 0.170943 0.0970362 0.0328939 0.00659076 0.00077894 5.42825e-05 2.23031e-06 5.40279e-08 7.71687e-10 6.50002e-12 3.23094e-14 9.49997e-17
 8.95849e-12 9.72786e-10 6.22787e-08 2.35071e-06 5.23124e-05 0.000686405 0.00531193 0.0242812 0.0660573 0.110958 0.133505 0.157441 0.190328 0.172615 0.0980273 0.0332327 0.00665876 0.000786979 5.48426e-05 2.25331e-06 5.4584e-08 7.79573e-10 6.5647e-12 3.25997e-14 9.55247e-17
 8.78423e-12 9.53862e-10 6.10672e-08 2.30499e-06 5.12948e-05 0.000673055 0.00520869 0.023811 0.0648018 0.109039 0.13205 0.157594 0.191961 0.174477 0.0991315 0.0336102 0.00673452 0.000795935 5.54668e-05 2.27895e-06 5.52048e-08 7.88422e-10 6.63869e-12 3.29578e-14 9.64759e-17
 9.28583e-12 1.00833e-09 6.45543e-08 2.43661e-06 5.42238e-05 0.000711481 0.00550585 0.0251643 0.0684154 0.114563 0.136236 0.157153 0.187259 0.169116 0.0959532 0.0325237 0.00651646 0.000770156 5.36702e-05 2.20513e-06 5.34167e-08 7.62887e-10 6.42376e-12 3.18922e-14 9.3371e-17
 8.07633e-12 8.76993e-10 5.6146e-08 2.11924e-06 4.71613e-05 0.000618825 0.00478932 0.0219011 0.0597021 0.101244 0.126142 0.158216 0.198598 0.182044 0.103617 0.0351435 0.00704225 0.000832317 5.80023e-05 2.38313e-06 5.77283e-08 8.24459e-10 6.94207e-12 3.44626e-14 1.00867e-16
 6.86121e-12 7.45046e-10 4.76985e-08 1.80039e-06 4.00659e-05 0.000525738 0.00406946 0.0186226 0.0509483 0.0878624 0.116001 0.159285 0.209991 0.195031 0.111316 0.0377755 0.00757048 0.000894767 6.23546e-05 2.56196e-06 6.2061e-08 8.86373e-10 7.46445e-12 3.70749e-14 1.08714e-16
 7.10941e-12 7.71997e-10 4.9424e-08 1.86552e-06 4.15152e-05 0.000544752 0.00421649 0.0192922 0.0527363 0.0905957 0.118072 0.159067 0.207664 0.192379 0.109743 0.0372379 0.00746258 0.000882011 6.14655e-05 2.52542e-06 6.11753e-08 8.73691e-10 7.35667e-12 3.6522e-14 1.06907e-16
 8.2642e-12 8.97393e-10 5.7452e-08 2.16853e-06 4.82583e-05 0.000633217 0.00490061 0.0224079 0.0610555 0.103313 0.12771 0.158051 0.196837 0.180036 0.102426 0.0347366 0.00696058 0.000822662 5.73294e-05 2.35548e-06 5.7059e-08 8.14915e-10 6.86213e-12 3.40736e-14 9.98107e-17
 8.59162e-12 9.32948e-10 5.97282e-08 2.25445e-06 5.01702e-05 0.0006583 0.00509459 0.0232913 0.0634143 0.106918 0.130443 0.157763 0.193767 0.176536 0.100352 0.0340273 0.00681824 0.000805834 5.61566e-05 2.30729e-06 5.58913e-08 7.98224e-10 6.72116e-12 3.33659e-14 9.76565e-17
 8.56573e-12 9.30137e-10 5.95482e-08 2.24765e-06 5.0019e-05 0.000656317 0.00507925 0.0232215 0.0632278 0.106633 0.130227 0.157786 0.19401 0.176813 0.100516 0.0340834 0.0068295 0.000807164 5.62494e-05 2.3111e-06 5.59837e-08 7.99547e-10 6.73239e-12 3.34234e-14 9.78431e-17
 8.56132e-12 9.29657e-10 5.95175e-08 2.2465e-06 4.99932e-05 0.000655978 0.00507663 0.0232096 0.063196 0.106585 0.13019 0.15779 0.194051 0.17686 0.100544 0.034093 0.00683142 0.000807391 5.62652e-05 2.31175e-06 5.59994e-08 7.99768e-10 6.73418e-12 3.34309e-14 9.78507e-17
 9.08364e-12 9.86374e-10 6.31486e-08 2.38355e-06 5.30432e-05 0.000695992 0.00538606 0.0246188 0.0669588 0.112337 0.134549 0.157331 0.189154 0.171277 0.0972344 0.0329616 0.00660436 0.000780547 5.43944e-05 2.23489e-06 5.41375e-08 7.73181e-10 6.51042e-12 3.2322e-14 9.46254e-17
 8.69409e-12 9.44075e-10 6.04406e-08 2.28133e-06 5.07685e-05 0.00066615 0.00515529 0.0235678 0.0641525 0.108047 0.131298 0.157673 0.192806 0.175441 0.0997026 0.0338054 0.0067737 0.000800568 5.57896e-05 2.29221e-06 5.5526e-08 7.93007e-10 6.67723e-12 3.31477e-14 9.70175e-17
 9.28122e-12 1.00783e-09 6.45222e-08 2.4354e-06 5.41969e-05 0.000711128 0.00550311 0.0251519 0.0683822 0.114512 0.136198 0.157157 0.187302 0.169165 0.0959825 0.0325336 0.00651847 0.000770393 5.36867e-05 2.20581e-06 5.3433e-08 7.63116e-10 6.42556e-12 3.18987e-14 9.3365e-17
 9.25919e-12 1.00544e-09 6.4369e-08 2.42961e-06 5.40682e-05 0.00070944 0.00549006 0.0250925 0.0682235 0.11427 0.136014 0.157176 0.187508 0.169401 0.0961221 0.0325814 0.00652805 0.000771525 5.37656e-05 2.20905e-06 5.35116e-08 7.64237e-10 6.43498e-12 3.19452e-14 9.34982e-17
 8.70794e-12 9.45579e-10 6.05369e-08 2.28497e-06 5.08494e-05 0.000667211 0.0051635 0.0236052 0.0642523 0.108199 0.131413 0.157661 0.192677 0.175293 0.0996148 0.0337754 0.00676768 0.000799856 5.574e-05 2.29017e-06 5.54767e-08 7.92302e-10 6.67129e-12 3.31183e-14 9.69316e-17
 9.96842e-12 1.08245e-09 6.92996e-08 2.61572e-06 5.82096e-05 0.000763773 0.00591023 0.027006 0.0733329 0.12208 0.141933 0.156553 0.180859 0.16182 0.0916282 0.0310451 0.00621973 0.000735075 5.12253e-05 2.10468e-06 5.09832e-08 7.28128e-10 6.13094e-12 3.04359e-14 8.90809e-17
 9.57628e-12 1.03987e-09 6.65734e-08 2.51282e-06 5.59198e-05 0.000733731 0.00567791 0.025948 0.0705078 0.117762 0.13866 0.156897 0.184535 0.166012 0.0941129 0.0318945 0.0063902 0.000755229 5.26299e-05 2.16239e-06 5.23812e-08 7.48093e-10 6.29904e-12 3.12703e-14 9.15226e-17
 9.88405e-12 1.07329e-09 6.8713e-08 2.59358e-06 5.7717e-05 0.000757309 0.00586024 0.0267784 0.072725 0.121151 0.141229 0.156627 0.18165 0.162722 0.0921628 0.0312279 0.00625641 0.000739411 5.15275e-05 2.11709e-06 5.1284e-08 7.32423e-10 6.1671e-12 3.06153e-14 8.96056e-17
 1.10565e-11 1.20061e-09 7.68641e-08 2.90124e-06 6.45634e-05 0.000847131 0.00655485 0.0299418 0.0811718 0.134063 0.151014 0.155596 0.170657 0.15019 0.0847337 0.0286882 0.00574671 0.000679152 4.73279e-05 1.94454e-06 4.71042e-08 6.72729e-10 5.66447e-12 2.81201e-14 8.23025e-17
#obs catch len freq
 6.30122e-12 6.84238e-10 4.38055e-08 1.65344e-06 3.67953e-05 0.000482786 0.00373559 0.0170624 0.0462369 0.0762264 0.0854045 0.088371 0.104846 0.118894 0.119241 0.108968 0.0882095 0.0631925 0.0408371 0.0230399 0.0105538 0.00362919 0.000875751 0.00014095 1.46053e-05
 5.59081e-12 6.07097e-10 3.88668e-08 1.46703e-06 3.26472e-05 0.000428368 0.00331491 0.0151491 0.0411585 0.0686629 0.0804502 0.0911059 0.114376 0.129565 0.126717 0.112408 0.0882807 0.0606474 0.0368845 0.0193464 0.00819865 0.00260112 0.000577846 8.54947e-05 8.13597e-06
 5.69624e-13 6.18546e-11 3.96002e-09 1.49478e-07 3.32719e-06 4.37039e-05 0.000340013 0.00159482 0.00487859 0.0123981 0.0334938 0.0806645 0.138142 0.168414 0.16618 0.144499 0.108761 0.0705933 0.0401745 0.0195162 0.00759098 0.0022011 0.000446629 6.03914e-05 5.25569e-06
 7.6314e-12 8.2868e-10 5.30528e-08 2.00248e-06 4.45623e-05 0.000584668 0.00452282 0.0206324 0.0555553 0.088713 0.0862381 0.0595976 0.0538529 0.0879217 0.135943 0.149985 0.118737 0.0737346 0.0387279 0.0171881 0.00608428 0.00160141 0.000294734 3.61809e-05 2.86336e-06
 1.08168e-11 1.17458e-09 7.51976e-08 2.83835e-06 6.31642e-05 0.000828786 0.00641337 0.0293029 0.0794937 0.131384 0.146906 0.144927 0.147912 0.124826 0.075889 0.0415213 0.0290674 0.0213525 0.0124258 0.00541886 0.00176718 0.000420131 6.96607e-05 7.71582e-06 5.52193e-07
 1.111e-11 1.20641e-09 7.72355e-08 2.91526e-06 6.48757e-05 0.000851234 0.00658665 0.0300845 0.0814747 0.133544 0.144374 0.132084 0.131021 0.125028 0.0995707 0.0642808 0.0319546 0.0123901 0.00444838 0.0016135 0.000496647 0.000110697 1.67747e-05 1.67743e-06 1.08125e-07
 1.13762e-11 1.23533e-09 7.90866e-08 2.98514e-06 6.64307e-05 0.000871635 0.00674446 0.0308033 0.0833851 0.136333 0.145638 0.128697 0.123334 0.11872 0.0994705 0.0690473 0.0369116 0.0144602 0.00424446 0.00101314 0.000212935 3.81258e-05 5.12709e-06 4.67367e-07 2.74295e-08
 1.25449e-11 1.36223e-09 8.72113e-08 3.2918e-06 7.32552e-05 0.000961178 0.00743719 0.0339637 0.0918871 0.149764 0.157648 0.132976 0.119196 0.109291 0.0883255 0.0596476 0.0315838 0.0125302 0.00371932 0.000831413 0.000140181 1.80105e-05 1.77028e-06 1.28563e-07 6.46804e-09
 1.25989e-11 1.36809e-09 8.75864e-08 3.30596e-06 7.35705e-05 0.00096533 0.00746977 0.0341207 0.0923995 0.151135 0.16092 0.138778 0.125171 0.111022 0.0844007 0.0532481 0.0265877 0.0100712 0.00289034 0.000628738 0.000101117 1.16355e-05 9.37684e-07 5.24192e-08 2.01673e-09
 1.18185e-11 1.28335e-09 8.21609e-08 3.10118e-06 6.90138e-05 0.00090556 0.00700791 0.0320226 0.086842 0.14282 0.154861 0.13909 0.130719 0.11861 0.091114 0.0566436 0.0268911 0.00939001 0.00244508 0.00048522 7.2401e-05 7.79691e-06 5.81307e-07 2.90948e-08 9.58208e-10
 1.25128e-11 1.35874e-09 8.69877e-08 3.28337e-06 7.30682e-05 0.000958758 0.00741948 0.0338996 0.0918739 0.150597 0.160958 0.138947 0.125116 0.11271 0.0875925 0.0542937 0.0249806 0.00821783 0.00196023 0.000348581 4.62876e-05 4.46816e-06 3.02252e-07 1.38411e-08 4.16951e-10
 1.13331e-11 1.23065e-09 7.87871e-08 2.97385e-06 6.61808e-05 0.00086843 0.0067218 0.0307362 0.0835607 0.138596 0.153991 0.144195 0.138449 0.12402 0.0920306 0.0539471 0.0235344 0.00733547 0.00164104 0.000268817 3.22669e-05 2.77838e-06 1.66829e-07 6.79889e-09 1.83512e-10
 1.2169e-11 1.32141e-09 8.45981e-08 3.19318e-06 7.10619e-05 0.000932468 0.00721702 0.0329905 0.0895565 0.147559 0.159901 0.141314 0.129462 0.117287 0.0901001 0.053223 0.0223872 0.00647514 0.00130722 0.000190712 2.04076e-05 1.57354e-06 8.46174e-08 3.0783e-09 7.39575e-11
 1.12613e-11 1.22285e-09 7.82879e-08 2.95502e-06 6.57628e-05 0.000862991 0.00668097 0.0305692 0.0832791 0.138969 0.156531 0.148749 0.142342 0.125279 0.0901252 0.0498794 0.0199274 0.00551773 0.00106015 0.000144245 1.40299e-05 9.65216e-07 4.59926e-08 1.48393e-09 3.17235e-11
 9.07866e-12 9.85837e-10 6.31144e-08 2.3823e-06 5.30189e-05 0.000695832 0.0053891 0.024696 0.0676592 0.115156 0.137498 0.145679 0.15436 0.145347 0.109425 0.0616405 0.024407 0.00659237 0.00122457 0.000159688 1.47058e-05 9.42935e-07 4.11732e-08 1.19949e-09 2.29232e-11
 8.60375e-12 9.34268e-10 5.9813e-08 2.2577e-06 5.02463e-05 0.000659472 0.00510817 0.0234179 0.0642282 0.109619 0.1317 0.14154 0.154812 0.152559 0.118392 0.06598 0.0247288 0.00608248 0.000997299 0.000113153 9.15119e-06 5.27088e-07 2.10574e-08 5.65157e-10 9.92909e-12
 1.05273e-11 1.14315e-09 7.31856e-08 2.76245e-06 6.1479e-05 0.000806848 0.00624807 0.028612 0.0781207 0.131029 0.148867 0.143186 0.141597 0.133282 0.101999 0.0571991 0.0220968 0.00575054 0.00101079 0.000120682 9.75982e-06 5.30211e-07 1.92003e-08 4.60346e-10 7.24166e-12
 9.87329e-12 1.07213e-09 6.8639e-08 2.59087e-06 5.76631e-05 0.000756889 0.00586444 0.0269065 0.0739381 0.126563 0.15145 0.156542 0.156423 0.136859 0.0944042 0.0480833 0.01716 0.00419342 0.000706154 8.28591e-05 6.73358e-06 3.70295e-07 1.34187e-08 3.13875e-10 4.67523e-12
 1.10446e-11 1.19931e-09 7.67816e-08 2.89821e-06 6.45024e-05 0.000846605 0.00655776 0.030054 0.0822298 0.138563 0.158395 0.151522 0.144842 0.128643 0.0911105 0.0465242 0.0161924 0.00378008 0.000599457 6.5789e-05 5.01631e-06 2.61805e-07 9.13034e-09 2.07768e-10 3.02423e-12
 9.95613e-12 1.08112e-09 6.92154e-08 2.61267e-06 5.81514e-05 0.000763423 0.00591794 0.0271898 0.0749953 0.129476 0.156975 0.162711 0.159011 0.13388 0.0880811 0.0425773 0.0144239 0.00334531 0.000530103 5.74968e-05 4.24137e-06 2.09858e-07 6.85612e-09 1.45724e-10 1.9875e-12
 1.11526e-11 1.21104e-09 7.7533e-08 2.92662e-06 6.51376e-05 0.000855063 0.00662596 0.0304012 0.0834314 0.141594 0.163906 0.158094 0.148806 0.126791 0.0842504 0.0396115 0.0125234 0.00262992 0.000372657 3.64473e-05 2.47725e-06 1.15166e-07 3.56467e-09 7.16481e-11 9.18093e-13
 9.90593e-12 1.07567e-09 6.88672e-08 2.5996e-06 5.78653e-05 0.000759851 0.00589434 0.0271333 0.0752134 0.13133 0.162134 0.169721 0.163142 0.132068 0.0819223 0.0366233 0.0112891 0.00234782 0.000328778 3.11189e-05 1.98774e-06 8.49525e-08 2.3994e-09 4.41744e-11 5.22614e-13
 1.07017e-11 1.16208e-09 7.43993e-08 2.80841e-06 6.2512e-05 0.000820797 0.0063649 0.0292607 0.0807277 0.138833 0.165106 0.164443 0.15577 0.128971 0.0812481 0.0356621 0.010433 0.00201248 0.000258971 2.26073e-05 1.34539e-06 5.39351e-08 1.42662e-09 2.44042e-11 2.65859e-13
 1.07473e-11 1.16704e-09 7.47173e-08 2.82049e-06 6.27857e-05 0.000824573 0.0063982 0.0294653 0.0816721 0.142019 0.172078 0.172727 0.158215 0.122828 0.0726286 0.0304845 0.00870412 0.00165974 0.000211054 1.79464e-05 1.01807e-06 3.81938e-08 9.363e-10 1.48111e-11 1.49351e-13
 9.61204e-12 1.04377e-09 6.68263e-08 2.52273e-06 5.61646e-05 0.000737892 0.00573166 0.0264744 0.0739848 0.131377 0.166343 0.177163 0.168945 0.132062 0.0764648 0.0307336 0.00826528 0.00147001 0.000173986 1.38406e-05 7.40435e-07 2.63225e-08 6.10619e-10 9.083e-12 8.54497e-14
 1.00772e-11 1.09429e-09 7.00608e-08 2.64486e-06 5.88844e-05 0.000773629 0.00600874 0.0277393 0.0773405 0.136261 0.169259 0.175741 0.165473 0.129134 0.0741516 0.0291052 0.00752865 0.00127047 0.000140801 1.03654e-05 5.09454e-07 1.66226e-08 3.55261e-10 4.8956e-12 4.28635e-14
 9.86773e-12 1.07155e-09 6.86061e-08 2.59007e-06 5.76727e-05 0.000757986 0.00589284 0.0272701 0.0764792 0.136442 0.172735 0.181048 0.167329 0.126088 0.0702626 0.0272046 0.00706927 0.00121424 0.000137239 1.01781e-05 4.92443e-07 1.5412e-08 3.09216e-10 3.94394e-12 3.17324e-14
 9.94738e-12 1.0802e-09 6.91614e-08 2.61113e-06 5.8147e-05 0.000764381 0.0059454 0.0275409 0.0773823 0.138428 0.175594 0.183612 0.168082 0.124112 0.0667705 0.024597 0.00602477 0.000973932 0.000104282 7.41418e-06 3.47838e-07 1.06164e-08 2.07315e-10 2.55274e-12 1.96024e-14
 1.01336e-11 1.10043e-09 7.04583e-08 2.66024e-06 5.92479e-05 0.000779085 0.00606386 0.0281307 0.0792653 0.142414 0.181097 0.187699 0.167426 0.118945 0.061063 0.0213204 0.00491461 0.000741572 7.35241e-05 4.8177e-06 2.08541e-07 5.91023e-09 1.08119e-10 1.25745e-12 9.1731e-15
#spawning biomass
 8682.35 8350.35 6315.3 6063.85 9678.19 15875.2 21998.4 28847.8 40715.3 62967.5 88446.7 111282 139759 161905 179078 153242 150020 147676 172312 193109 218543 198114 220864 241048 253205 260337 243745 232492 214246 140501 277038 302442 288161 254991 217314 182865 154652 133037 117191 105927 98095 92737.7 89117.9 86678.8 85026.6 83955.1 83260.3 82809.7 82517.4 82327.9 82205 82125.3 82073.6 82040.1 82018.3 82004.3 81995.1 81989.2 81985.3 81982.8 81981.2 81980.2 81979.5 81979.1 81978.8 81978.6 81978.5 81978.4 81978.3 81978.3 81978.3 81978.3 81978.3 81978.3 81978.2 81978.2 81978.2 81978.2 81978.2 81978.2 81978.2 81978.2 81978.2 81978.2 81978.2 81978.2 81978.2 81978.2 81978.2 81978.2 81978.2 81978.2 81978.2 81978.2 81978.2 81978.2 81978.2 81978.2 81978.2 81978.2 81978.2 81978.2 81978.2 81978.2 81978.2 81978.2 81978.2 81978.2 81978.2 81978.2 81978.2 81978.2 81978.2 81978.2 81978.2 81978.2 81978.2 81978.2 81978.2 81978.2 81978.2 81978.2 81978.2 81978.2 81978.2 81978.2 81978.2 81978.2 81978.2 0 0 0 0 0 0 0 0 0 0 0 0 0 0 0 0 0 0 0 0 0 0 0 0 0
