SBPRF35
0.819782
Curr Bio
119787
B35
711466
F35
0.233101
FOFL
0
OFL
0
Bzero
234224
#pred survey bio
 10620.7 9639.87 7114.1 7243.33 9970.38 16345.3 21977.5 29660.9 41282.2 60889.6 74441.6 90651.9 133627 153995 150951 130375 128449 114349 112795 114192 119045 124463 152162 144671 144585 143270 144315 134492 145901 3.63492e+06 5.53789e+06 6.17741e+06 5.99093e+06 5.40324e+06 4.7009e+06 4.04159e+06 3.49019e+06 3.05877e+06 2.73494e+06 2.49821e+06 2.32796e+06 2.20663e+06 2.12048e+06 2.0587e+06 2.01306e+06 1.98096e+06 1.95809e+06 1.94156e+06 1.92946e+06 1.92047e+06 1.9137e+06 1.90855e+06 1.90458e+06 1.9015e+06 1.89907e+06 1.89716e+06 1.89563e+06 1.89441e+06 1.89343e+06 1.89264e+06 1.892e+06 1.89148e+06 1.89106e+06 1.89071e+06 1.89044e+06 1.89021e+06 1.89002e+06 1.88987e+06 1.88974e+06 1.88964e+06 1.88956e+06 1.88949e+06 1.88944e+06 1.88939e+06 1.88935e+06 1.88932e+06 1.8893e+06 1.88928e+06 1.88926e+06 1.88925e+06 1.88924e+06 1.88923e+06 1.88922e+06 1.88921e+06 1.88921e+06 1.8892e+06 1.8892e+06 1.8892e+06 1.8892e+06 1.88919e+06 1.88919e+06 1.88919e+06 1.88919e+06 1.88919e+06 1.88919e+06 1.88919e+06 1.88919e+06 1.88919e+06 1.88919e+06 1.88919e+06 1.88919e+06 1.88919e+06 1.88919e+06 1.88919e+06 1.88919e+06 1.88919e+06 1.88919e+06 1.88919e+06 1.88919e+06 1.88919e+06 1.88919e+06 1.88919e+06 1.88919e+06 1.88919e+06 1.88919e+06 1.88919e+06 1.88919e+06 1.88919e+06 1.88919e+06 1.88919e+06 1.88919e+06 1.88919e+06 1.88919e+06 1.88919e+06 1.88919e+06 1.88919e+06 1.88919e+06 1.88919e+06 1.88919e+06 0 0 0 0 0 0 0 0 0 0 0 0 0 0 0 0 0 0 0 0 0 0 0 0 0
#obs survey bio
 10057 8357.71 5972.84 7080.06 9423.08 27523.3 24514.4 29655.2 34753.9 50227 51537.1 90463.8 173984 127963 139428 88598.9 148913 76770.8 80577.5 91284.6 136146 98270.3 119455 99639.2 100461 114899 135258 144398 137148
#pred catch bio
 4279.22 4802.5 3423.73 3108.88 4219.35 10760.4 14185 19946.9 26276.2 42418.9 54964.7 59671.6 96892.8 113620 117344 97730.8 100616 87689.1 87524.8 89136 94982.7 92906.5 123506 116434 118981 116400 122540 110508 119423 0 48033.9 53964.9 51723.9 45915.4 39190.7 32992.7 27894.3 23977.5 21101 19053.6 17628.7 16653.5 15994.2 15550.3 15248.9 15053.4 14926.6 14844.4 14791.1 14756.5 14734.1 14719.6 14710.2 14704 14700.1 14697.5 14695.8 14694.8 14694.1 14693.6 14693.3 14693.1 14693 14692.9 14692.9 14692.8 14692.8 14692.8 14692.8 14692.8 14692.8 14692.8 14692.8 14692.8 14692.8 14692.8 14692.8 14692.8 14692.8 14692.8 14692.8 14692.8 14692.8 14692.8 14692.8 14692.8 14692.8 14692.8 14692.8 14692.8 14692.8 14692.8 14692.8 14692.8 14692.8 14692.8 14692.8 14692.8 14692.8 14692.8 14692.8 14692.8 14692.8 14692.8 14692.8 14692.8 14692.8 14692.8 14692.8 14692.8 14692.8 14692.8 14692.8 14692.8 14692.8 14692.8 14692.8 14692.8 14692.8 14692.8 14692.8 14692.8 14692.8 14692.8 14692.8 14692.8 14692.8 14692.8 14692.8 0 0 0 0 0 0 0 0 0 0 0 0 0 0 0 0 0 0 0 0 0 0 0 0 0
#obs catch bio
 4115.76 4622.8 4186.79 3008.78 3453.66 7863.55 10392.7 15395.6 20041.5 38149.1 50478.6 48030 84396.5 106691 109876 94588.1 86024.7 77130.3 82880.7 83686.8 84678.6 84282.3 112725 104632 111090 107425 106697 97564 105559
#pred cpue bio
 8779.4 8796.62 6068.61 4935.3 6689.33 9617.17 11462.3 16247.9 20361 31496.6 39064.8 41847 65798.4 78678.8 86076 71838.8 69470.5 60140.2 57502.8 55022.7 55082.2 53764.4 69137.9 64559 63512 58640.7 61358.3 51488.7 55858.4 1.47107e+06 5.3325e+06 6.05186e+06 5.86465e+06 5.27693e+06 4.57458e+06 3.91528e+06 3.36388e+06 2.93245e+06 2.60863e+06 2.3719e+06 2.20165e+06 2.08032e+06 1.99417e+06 1.93239e+06 1.88675e+06 1.85465e+06 1.83177e+06 1.81525e+06 1.80315e+06 1.79416e+06 1.78739e+06 1.78224e+06 1.77827e+06 1.77519e+06 1.77276e+06 1.77085e+06 1.76932e+06 1.7681e+06 1.76712e+06 1.76633e+06 1.76569e+06 1.76517e+06 1.76475e+06 1.7644e+06 1.76412e+06 1.7639e+06 1.76371e+06 1.76356e+06 1.76343e+06 1.76333e+06 1.76325e+06 1.76318e+06 1.76312e+06 1.76308e+06 1.76304e+06 1.76301e+06 1.76299e+06 1.76297e+06 1.76295e+06 1.76294e+06 1.76292e+06 1.76292e+06 1.76291e+06 1.7629e+06 1.7629e+06 1.76289e+06 1.76289e+06 1.76289e+06 1.76288e+06 1.76288e+06 1.76288e+06 1.76288e+06 1.76288e+06 1.76288e+06 1.76288e+06 1.76288e+06 1.76288e+06 1.76288e+06 1.76288e+06 1.76288e+06 1.76288e+06 1.76287e+06 1.76287e+06 1.76287e+06 1.76287e+06 1.76287e+06 1.76287e+06 1.76287e+06 1.76287e+06 1.76287e+06 1.76287e+06 1.76287e+06 1.76287e+06 1.76287e+06 1.76287e+06 1.76287e+06 1.76287e+06 1.76287e+06 1.76287e+06 1.76287e+06 1.76287e+06 1.76287e+06 1.76287e+06 1.76287e+06 1.76287e+06 1.76287e+06 1.76287e+06 1.76287e+06 1.76287e+06 0 0 0 0 0 0 0 0 0 0 0 0 0 0 0 0 0 0 0 0 0 0 0 0 0
#obs cpue bio
 12397.8 9404.89 4107.24 7670.69 14762.8 18642.9 23413.2 51131.1 54574.9 67634.7 85470.6 88030.7 107018 99521.7 130551 113672 141897 122222 104860 92359.4 84592.1 84491.2 144553 133698 123574 101019 121917 77313.3 96322.2
#pred surv len freq
 9.663e-12 1.04929e-09 6.71763e-08 2.53557e-06 5.64258e-05 0.00074035 0.00572828 0.0261585 0.0708105 0.116112 0.127006 0.122531 0.130117 0.124401 0.0954046 0.0663539 0.0443285 0.0274005 0.0162577 0.00976036 0.00614597 0.0042162 0.00310673 0.00216464 0.00119606
 5.48189e-12 5.95268e-10 3.81096e-08 1.43845e-06 3.20112e-05 0.000420035 0.00325086 0.0148671 0.0405444 0.0688944 0.0865286 0.110731 0.145057 0.150482 0.122481 0.0917561 0.0657942 0.0429231 0.0255512 0.0140905 0.0074984 0.00415678 0.00252907 0.0015746 0.000835931
 9.47523e-12 1.0289e-09 6.58709e-08 2.4863e-06 5.53291e-05 0.000725949 0.00561641 0.0256372 0.0692561 0.112413 0.117675 0.101117 0.097714 0.0989646 0.0942411 0.0861211 0.0706341 0.0505831 0.0325302 0.0187076 0.00959126 0.0045656 0.00219948 0.00111816 0.000531693
 1.49235e-11 1.62052e-09 1.03747e-07 3.91593e-06 8.71433e-05 0.00114335 0.00884506 0.0403598 0.108819 0.174942 0.175169 0.129585 0.0983374 0.0788761 0.0549888 0.0369111 0.0285142 0.023419 0.0175983 0.0113332 0.00621454 0.0029282 0.00123193 0.000498203 0.000194788
 1.38168e-11 1.50034e-09 9.60533e-08 3.62553e-06 8.06812e-05 0.00105858 0.00818977 0.0373816 0.100952 0.163611 0.170018 0.14199 0.127275 0.107293 0.0675129 0.0334733 0.016441 0.00927728 0.00615709 0.00431416 0.00270341 0.00139705 0.000591264 0.000212346 6.77456e-05
 1.58461e-11 1.72069e-09 1.1016e-07 4.15801e-06 9.25304e-05 0.00121404 0.00939194 0.042857 0.115576 0.186001 0.187161 0.140832 0.109535 0.0877113 0.0575389 0.0317183 0.0162973 0.00755363 0.00325872 0.0015627 0.000877696 0.000485526 0.000224483 8.19288e-05 2.3796e-05
 1.64664e-11 1.78805e-09 1.14473e-07 4.32077e-06 9.61526e-05 0.00126156 0.00975973 0.0445378 0.120144 0.193637 0.196163 0.150837 0.119934 0.0923655 0.0504568 0.0169722 0.00339681 0.000402168 2.84043e-05 1.31894e-06 9.07349e-08 2.62339e-08 1.12629e-08 4.28624e-09 1.26288e-09
 1.58703e-11 1.72333e-09 1.10329e-07 4.16438e-06 9.26723e-05 0.0012159 0.00940664 0.0429297 0.115851 0.187074 0.19119 0.151363 0.125525 0.0987376 0.0542328 0.0182613 0.0036541 0.000431763 3.00891e-05 1.23656e-06 2.99819e-08 4.29646e-10 3.67021e-12 2.19892e-14 9.32555e-16
 1.70809e-11 1.85478e-09 1.18745e-07 4.48202e-06 9.97409e-05 0.00130864 0.0101238 0.0461959 0.124572 0.200405 0.201293 0.150298 0.114175 0.0857988 0.0465626 0.0156392 0.00312785 0.000369541 2.57514e-05 1.05815e-06 2.56428e-08 3.6677e-10 3.10483e-12 1.57099e-14 4.91114e-17
 1.65608e-11 1.79831e-09 1.15129e-07 4.34555e-06 9.67041e-05 0.0012688 0.00981568 0.0447927 0.120825 0.194678 0.196952 0.150756 0.119051 0.0913576 0.0498579 0.0167657 0.00335393 0.000396268 2.76136e-05 1.1346e-06 2.74897e-08 3.92879e-10 3.31656e-12 1.66159e-14 5.02304e-17
 1.63945e-11 1.78024e-09 1.13973e-07 4.3019e-06 9.57327e-05 0.00125605 0.00971713 0.0443438 0.119626 0.192846 0.195564 0.150902 0.120611 0.0931357 0.050912 0.0171261 0.00342624 0.000404815 2.82089e-05 1.159e-06 2.80753e-08 4.00964e-10 3.37621e-12 1.67612e-14 4.90639e-17
 1.77335e-11 1.92564e-09 1.23281e-07 4.65326e-06 0.000103551 0.00135863 0.0105104 0.0479565 0.129273 0.207591 0.206739 0.149724 0.108057 0.0788237 0.0424278 0.0142257 0.00284415 0.000335998 2.34129e-05 9.61943e-07 2.33018e-08 3.3279e-10 2.80213e-12 1.39106e-14 4.07139e-17
 1.70981e-11 1.85665e-09 1.18864e-07 4.48653e-06 9.98413e-05 0.00130995 0.010134 0.0462422 0.124695 0.200594 0.201436 0.150283 0.114014 0.0856151 0.0464538 0.015602 0.00312037 0.000368653 2.56887e-05 1.05545e-06 2.55669e-08 3.65141e-10 3.07457e-12 1.52637e-14 4.4681e-17
 1.67002e-11 1.81345e-09 1.16098e-07 4.38214e-06 9.75182e-05 0.00127948 0.00989827 0.0451688 0.121829 0.196213 0.198116 0.150633 0.117744 0.0898674 0.0489745 0.0164637 0.00329332 0.0003891 2.71137e-05 1.114e-06 2.69852e-08 3.85394e-10 3.24507e-12 1.61095e-14 4.71496e-17
 1.53392e-11 1.66565e-09 1.06636e-07 4.02499e-06 8.95706e-05 0.00117521 0.00909195 0.0414966 0.112024 0.181224 0.186756 0.15183 0.130505 0.104415 0.0575984 0.0194119 0.00388499 0.000459051 3.19887e-05 1.3143e-06 3.18372e-08 4.5469e-10 3.82855e-12 1.90061e-14 5.56273e-17
 1.57952e-11 1.71517e-09 1.09807e-07 4.14465e-06 9.22334e-05 0.00121014 0.00936211 0.042727 0.115309 0.186246 0.190562 0.151429 0.126229 0.0995409 0.054709 0.0184241 0.00368675 0.000435614 3.03553e-05 1.24719e-06 3.02115e-08 4.31472e-10 3.63306e-12 1.80356e-14 5.27869e-17
 1.60307e-11 1.74074e-09 1.11444e-07 4.20645e-06 9.36085e-05 0.00122818 0.00950162 0.0433623 0.117006 0.18884 0.192528 0.151222 0.124022 0.097024 0.0532169 0.017914 0.00358438 0.000423511 2.95119e-05 1.21253e-06 2.93721e-08 4.19483e-10 3.53211e-12 1.75344e-14 5.13202e-17
 1.63684e-11 1.77741e-09 1.13792e-07 4.29507e-06 9.55806e-05 0.00125406 0.0097017 0.0442735 0.119439 0.192559 0.195346 0.150925 0.120855 0.0934141 0.051077 0.0171825 0.00343756 0.000406154 2.83022e-05 1.16283e-06 2.81681e-08 4.02288e-10 3.38732e-12 1.68157e-14 4.92164e-17
 1.67246e-11 1.81609e-09 1.16268e-07 4.38853e-06 9.76604e-05 0.00128134 0.0099127 0.0452345 0.122005 0.196481 0.198319 0.150612 0.117516 0.0896071 0.0488202 0.016411 0.00328273 0.000387848 2.70264e-05 1.11041e-06 2.68983e-08 3.84154e-10 3.23463e-12 1.60577e-14 4.69979e-17
 1.73196e-11 1.8807e-09 1.20404e-07 4.54466e-06 0.000101135 0.00132693 0.0102652 0.0468399 0.126291 0.203034 0.203285 0.150088 0.111937 0.0832474 0.0450502 0.0151222 0.00302407 0.000357268 2.48953e-05 1.02285e-06 2.47772e-08 3.53861e-10 2.97956e-12 1.47914e-14 4.32918e-17
 1.77118e-11 1.92328e-09 1.2313e-07 4.64756e-06 0.000103425 0.00135697 0.0104975 0.0478979 0.129116 0.207352 0.206558 0.149744 0.108261 0.0790559 0.0425654 0.0142727 0.00285359 0.000337114 2.34907e-05 9.65139e-07 2.33792e-08 3.33895e-10 2.81144e-12 1.39568e-14 4.08492e-17
 1.83167e-11 1.98897e-09 1.27336e-07 4.80629e-06 0.000106957 0.00140331 0.0108559 0.0495301 0.133474 0.214014 0.211606 0.149212 0.102589 0.07259 0.0387324 0.0129624 0.00259062 0.000306024 2.13239e-05 8.76114e-07 2.12227e-08 3.03097e-10 2.55211e-12 1.26694e-14 3.70812e-17
 1.78787e-11 1.94141e-09 1.24291e-07 4.69136e-06 0.000104399 0.00136976 0.0105964 0.0483483 0.130319 0.20919 0.207951 0.149597 0.106695 0.0772716 0.0415077 0.0139112 0.00278103 0.000328535 2.28928e-05 9.40573e-07 2.27841e-08 3.25396e-10 2.73988e-12 1.36016e-14 3.98094e-17
 1.80393e-11 1.95886e-09 1.25408e-07 4.73352e-06 0.000105338 0.00138206 0.0106916 0.0487818 0.131476 0.21096 0.209292 0.149456 0.105189 0.0755544 0.0404897 0.0135632 0.00271119 0.000320278 2.23173e-05 9.1693e-07 2.22114e-08 3.17217e-10 2.67101e-12 1.32597e-14 3.88087e-17
 1.81757e-11 1.97366e-09 1.26356e-07 4.76929e-06 0.000106134 0.00139251 0.0107723 0.0491496 0.132458 0.212461 0.210429 0.149336 0.103911 0.0740973 0.039626 0.0132679 0.00265192 0.000313272 2.18291e-05 8.96868e-07 2.17254e-08 3.10276e-10 2.61257e-12 1.29696e-14 3.79596e-17
 1.87447e-11 2.03545e-09 1.30312e-07 4.91861e-06 0.000109456 0.0014361 0.0111095 0.050685 0.136558 0.218728 0.215179 0.148835 0.0985758 0.068015 0.0360204 0.0120353 0.00240455 0.000284026 1.97909e-05 8.13124e-07 1.96968e-08 2.81304e-10 2.36862e-12 1.17585e-14 3.44151e-17
 1.84467e-11 2.00309e-09 1.2824e-07 4.84041e-06 0.000107716 0.00141327 0.0109329 0.0498809 0.134411 0.215446 0.212691 0.149097 0.10137 0.0712002 0.0379086 0.0126808 0.00253409 0.000299341 2.08582e-05 8.56979e-07 2.07592e-08 2.96476e-10 2.49637e-12 1.23927e-14 3.62713e-17
 1.9226e-11 2.08771e-09 1.33657e-07 5.04488e-06 0.000112266 0.00147297 0.0113946 0.0519833 0.140025 0.224027 0.219195 0.148412 0.094064 0.0628714 0.0329712 0.0109929 0.00219535 0.000259293 1.80672e-05 7.42304e-07 1.79813e-08 2.56804e-10 2.16232e-12 1.07344e-14 3.14177e-17
 1.92257e-11 2.08769e-09 1.33656e-07 5.04483e-06 0.000112265 0.00147295 0.0113944 0.0519828 0.140023 0.224025 0.219193 0.148412 0.094066 0.0628736 0.0329726 0.0109934 0.00219544 0.000259304 1.80679e-05 7.42334e-07 1.7982e-08 2.56814e-10 2.16241e-12 1.07348e-14 3.1419e-17
#obs surv len freq
 2.31468e-11 2.23627e-09 1.27379e-07 4.27768e-06 8.46957e-05 0.00098871 0.00680617 0.0276536 0.0666367 0.0976901 0.0981017 0.0942779 0.106524 0.113055 0.105702 0.0925884 0.0739176 0.0525654 0.0333665 0.0183278 0.00818298 0.00275698 0.000654522 0.000103895 1.06335e-05
 4.31298e-12 4.01907e-10 2.20807e-08 7.15231e-07 1.366e-05 0.000153878 0.0010243 0.00406911 0.0101445 0.0193867 0.0401178 0.0844591 0.135269 0.160216 0.159394 0.140444 0.105252 0.0682202 0.0398242 0.0203329 0.00841037 0.00260825 0.000568413 8.28195e-05 7.78436e-06
 8.23347e-11 7.3874e-09 3.90786e-07 1.21878e-05 0.000224104 0.00242948 0.0155282 0.0585195 0.130075 0.170854 0.134196 0.0687571 0.0396441 0.0534659 0.0809916 0.088923 0.0707575 0.0447264 0.0241351 0.0111413 0.00417294 0.00117784 0.00023405 3.11105e-05 2.66975e-06
 1.23709e-10 1.06699e-08 5.42575e-07 1.62666e-05 0.000287524 0.00299642 0.0184136 0.0667702 0.143401 0.186018 0.159939 0.121677 0.104036 0.0781304 0.0438981 0.0247558 0.0193568 0.0151347 0.00914685 0.0041566 0.00142893 0.000362648 6.48292e-05 7.78852e-06 6.06314e-07
 1.23467e-10 1.02209e-08 4.98847e-07 1.43544e-05 0.000243526 0.00243596 0.0143708 0.0500743 0.103864 0.133484 0.12587 0.124312 0.134401 0.122431 0.0902235 0.0552774 0.0265586 0.0102616 0.00393448 0.00157183 0.00052323 0.000125029 2.03792e-05 2.20472e-06 1.54447e-07
 2.16121e-10 1.71468e-08 8.02065e-07 2.21194e-05 0.00035965 0.0034478 0.019491 0.0650363 0.128718 0.155029 0.128012 0.102106 0.0999837 0.0986609 0.086605 0.0621492 0.0329444 0.0125891 0.00367411 0.000913353 0.000209806 4.16333e-05 6.14495e-06 6.09892e-07 3.89019e-08
 2.68889e-10 2.0418e-08 9.14099e-07 2.41275e-05 0.000375471 0.00344518 0.0186453 0.059627 0.113767 0.135946 0.123541 0.121536 0.127301 0.111919 0.0830507 0.0542537 0.0292574 0.0122732 0.00391287 0.000932238 0.000166535 2.30063e-05 2.48878e-06 2.00893e-07 1.11887e-08
 4.66899e-10 3.3889e-08 1.45021e-06 3.65886e-05 0.000544254 0.00477333 0.0246896 0.075415 0.136997 0.153445 0.123982 0.104461 0.104154 0.0984635 0.0808345 0.0533267 0.0260079 0.00942684 0.00269864 0.000619654 0.000108167 1.35502e-05 1.18727e-06 7.25245e-08 3.07815e-09
 5.9562e-10 4.12738e-08 1.68624e-06 4.06165e-05 0.000576812 0.00483005 0.0238593 0.0697 0.121985 0.136286 0.122639 0.123862 0.127202 0.108264 0.078043 0.0478946 0.0232202 0.00857044 0.00241557 0.000517577 8.27062e-05 9.58192e-06 7.76618e-07 4.25405e-08 1.5373e-09
 9.65568e-10 6.38067e-08 2.48593e-06 5.71018e-05 0.000773318 0.00617515 0.029087 0.0809969 0.13488 0.142184 0.118079 0.110884 0.114064 0.104586 0.0809215 0.0484766 0.0206899 0.00632781 0.00148712 0.000280767 4.12061e-05 4.40946e-06 3.27703e-07 1.63933e-08 5.39369e-10
 1.45086e-09 9.13325e-08 3.38973e-06 7.4173e-05 0.000956919 0.00727947 0.0326708 0.0867585 0.138379 0.142487 0.121845 0.119149 0.11817 0.0992757 0.0703186 0.0397977 0.0165498 0.00496773 0.00110604 0.000185888 2.34127e-05 2.16488e-06 1.42545e-07 6.43876e-09 1.92735e-10
 2.07946e-09 1.24578e-07 4.40016e-06 9.16299e-05 0.00112502 0.008145 0.0347969 0.0880448 0.134455 0.135383 0.119222 0.121701 0.121899 0.102959 0.072398 0.03932 0.0152395 0.00420327 0.000861591 0.000134341 1.5591e-05 1.29653e-06 7.49365e-08 2.94366e-09 7.70667e-11
 2.98278e-09 1.69902e-07 5.70576e-06 0.000112972 0.00131882 0.00907888 0.0368899 0.0888923 0.130115 0.128979 0.118176 0.12545 0.125898 0.105833 0.0731181 0.0380452 0.0138245 0.0035094 0.00065118 9.11412e-05 9.51618e-06 7.16162e-07 3.75158e-08 1.32807e-09 3.1019e-11
 3.57219e-09 1.93298e-07 6.16681e-06 0.000115995 0.00128643 0.00841456 0.0325128 0.0748051 0.106629 0.110829 0.118588 0.139779 0.1433 0.120842 0.0825054 0.0416152 0.0145273 0.00353201 0.000622284 8.11444e-05 7.72521e-06 5.22446e-07 2.4468e-08 7.75382e-10 1.62631e-11
 4.88899e-09 2.51126e-07 7.60509e-06 0.000135788 0.00142954 0.00887694 0.0325738 0.0713075 0.0975567 0.100324 0.110525 0.134931 0.146643 0.133175 0.0943984 0.0473451 0.0161668 0.00384789 0.000663726 8.38491e-05 7.59623e-06 4.79654e-07 2.06232e-08 5.9222e-10 1.11642e-11
 9.03262e-09 4.40112e-07 1.26431e-05 0.000214134 0.00213842 0.0125953 0.0438284 0.0908626 0.116964 0.110701 0.110119 0.125333 0.131497 0.116701 0.0809529 0.0401308 0.0138525 0.0034051 0.000607243 7.76953e-05 6.9469e-06 4.23975e-07 1.73349e-08 4.66855e-10 8.15431e-12
 1.29247e-08 5.97013e-07 1.62587e-05 0.000261057 0.0024716 0.0138047 0.0456024 0.0902452 0.11369 0.113519 0.124708 0.141597 0.135819 0.107563 0.0674197 0.0306995 0.00984827 0.00228629 0.000394504 4.99476e-05 4.46283e-06 2.71071e-07 1.08906e-08 2.83859e-10 4.73241e-12
 1.91525e-08 8.38251e-07 2.16304e-05 0.000329083 0.00295219 0.0156254 0.0489343 0.0919958 0.111094 0.109131 0.120675 0.138805 0.137676 0.11226 0.0694493 0.0299697 0.00887587 0.00187358 0.00029349 3.41643e-05 2.8613e-06 1.65816e-07 6.43195e-09 1.62655e-10 2.62815e-12
 2.96685e-08 1.22984e-06 3.00569e-05 0.000433105 0.00368004 0.018451 0.0547755 0.0979401 0.114058 0.111766 0.124251 0.139191 0.132815 0.104207 0.0623462 0.02636 0.00777448 0.00163988 0.000251123 2.75935e-05 2.12652e-06 1.1252e-07 4.00523e-09 9.39051e-11 1.42122e-12
 4.71885e-08 1.85204e-06 4.28557e-05 0.000584683 0.00470386 0.0223329 0.0628169 0.106691 0.119252 0.11479 0.125899 0.137009 0.126528 0.0954802 0.0544038 0.0218424 0.00615578 0.00125581 0.000187908 2.01909e-05 1.50563e-06 7.57056e-08 2.51326e-09 5.42112e-11 7.50006e-13
 6.68478e-08 2.48348e-06 5.43973e-05 0.000702514 0.00535042 0.0240569 0.0641966 0.104325 0.115344 0.117072 0.134056 0.143099 0.126555 0.0908884 0.0492126 0.0188377 0.00508935 0.000997976 0.000143311 1.47486e-05 1.05313e-06 5.06915e-08 1.60615e-09 3.28542e-11 4.27267e-13
 1.01766e-07 3.57823e-06 7.41786e-05 0.000906678 0.0065358 0.0278187 0.0703313 0.108681 0.115823 0.116139 0.132045 0.14028 0.124507 0.0884747 0.0462548 0.0168678 0.00432921 0.000807064 0.000110166 1.07585e-05 7.2732e-07 3.30804e-08 9.89169e-10 1.90818e-11 2.33865e-13
 1.47071e-07 4.89391e-06 9.60131e-05 0.00111065 0.00757779 0.0305433 0.0732997 0.108685 0.115407 0.121199 0.139845 0.143458 0.120827 0.0808805 0.039652 0.0135272 0.00324345 0.000564539 7.19784e-05 6.57207e-06 4.1572e-07 1.76934e-08 4.94866e-10 8.92307e-12 1.02151e-13
 1.94342e-07 6.12009e-06 0.000113631 0.00124401 0.0080341 0.030676 0.0699969 0.100304 0.108411 0.122159 0.145713 0.149667 0.125557 0.0825238 0.0391603 0.0128869 0.00298249 0.00049822 6.0162e-05 5.13447e-06 3.01231e-07 1.18585e-08 3.06752e-10 5.11941e-12 5.42841e-14
 2.96313e-07 8.83129e-06 0.000155184 0.00160793 0.0098287 0.03553 0.076852 0.104938 0.109751 0.121639 0.143162 0.146596 0.122535 0.0783617 0.0353335 0.0109175 0.00236603 0.00037117 4.22462e-05 3.39869e-06 1.87131e-07 6.86701e-09 1.64533e-10 2.53218e-12 2.47038e-14
 3.87815e-07 1.09401e-05 0.000181959 0.00178464 0.0103294 0.0354095 0.0731375 0.0981316 0.10847 0.13061 0.154399 0.151261 0.119803 0.0729215 0.0316416 0.00953339 0.00202828 0.000309907 3.37409e-05 2.55567e-06 1.31392e-07 4.48871e-09 9.99816e-11 1.42788e-12 1.28944e-14
 5.70637e-07 1.52381e-05 0.000239916 0.00222751 0.0122061 0.0396332 0.0777003 0.0997662 0.107664 0.128519 0.151911 0.151013 0.12003 0.0706462 0.02869 0.0079451 0.0015488 0.000219192 2.24465e-05 1.6125e-06 7.85073e-08 2.52207e-09 5.24277e-11 6.94907e-13 5.80546e-15
 7.26405e-07 1.83645e-05 0.000273747 0.00240658 0.0124932 0.0385253 0.0725262 0.0931839 0.108619 0.13843 0.161424 0.153406 0.116566 0.0664089 0.0266204 0.00741549 0.0014581 0.000203632 1.99263e-05 1.33786e-06 6.04451e-08 1.8046e-09 3.49654e-11 4.32402e-13 3.36583e-15
 1.11745e-06 2.67494e-05 0.000377546 0.00314276 0.0154488 0.0451163 0.0804733 0.0981169 0.109167 0.135044 0.157002 0.151003 0.113619 0.0616136 0.0228321 0.00581096 0.00105222 0.000138351 1.2997e-05 8.41684e-07 3.63633e-08 1.02394e-09 1.84926e-11 2.1168e-13 1.52124e-15
#pred catch len freq
 5.18371e-13 5.6289e-11 3.60372e-09 1.3603e-07 3.02805e-06 3.97893e-05 0.000310191 0.00147078 0.00472588 0.0137417 0.0427634 0.108623 0.181541 0.196103 0.154528 0.108343 0.0726133 0.0449276 0.0266614 0.0160062 0.0100788 0.00691416 0.00509474 0.0035498 0.00196143
 2.44666e-13 2.65679e-11 1.70094e-09 6.42095e-08 1.42974e-06 1.88157e-05 0.000147813 0.000726941 0.00268045 0.010132 0.0376465 0.101002 0.171732 0.189384 0.156367 0.117791 0.0846688 0.055275 0.0329072 0.0181469 0.009657 0.0053534 0.00325711 0.00202788 0.00107657
 5.39649e-13 5.85995e-11 3.75162e-09 1.4161e-07 3.15192e-06 4.13943e-05 0.000321808 0.00150516 0.00456298 0.0114183 0.0307727 0.0747803 0.127773 0.152779 0.15055 0.138536 0.113812 0.0815322 0.052435 0.0301541 0.0154597 0.00735907 0.00354523 0.00180231 0.00085701
 1.39364e-12 1.51333e-10 9.68851e-09 3.657e-07 8.13896e-06 0.000106842 0.000828745 0.00383295 0.0110402 0.0234502 0.0503705 0.108397 0.172414 0.179618 0.133047 0.0905106 0.0701731 0.0576794 0.0433473 0.0279154 0.0153073 0.00721257 0.00303442 0.00122714 0.000479789
 1.16578e-12 1.2659e-10 8.10443e-09 3.05912e-07 6.80875e-06 8.94085e-05 0.000694646 0.00323895 0.0096841 0.0232509 0.0594763 0.139375 0.224373 0.226051 0.148003 0.0741075 0.0365602 0.0206691 0.0137228 0.00961557 0.00602544 0.00311378 0.00131783 0.000473284 0.000150993
 6.59598e-12 7.16245e-10 4.58547e-08 1.73079e-06 3.8517e-05 0.000505403 0.00391168 0.0178918 0.0488291 0.0832566 0.105788 0.137454 0.178568 0.174268 0.119589 0.0663793 0.0341007 0.0157972 0.00681358 0.00326716 0.00183496 0.00101507 0.000469315 0.000171284 4.97491e-05
 8.84013e-12 9.59933e-10 6.14558e-08 2.31966e-06 5.16213e-05 0.000677338 0.00524181 0.0239618 0.0652045 0.109655 0.132516 0.157542 0.191433 0.173877 0.0987781 0.0334928 0.00671382 0.000795127 5.61581e-05 2.60638e-06 1.7885e-07 5.16424e-08 2.21698e-08 8.43703e-09 2.48585e-09
 8.5222e-12 9.25409e-10 5.92456e-08 2.23623e-06 4.97648e-05 0.000652982 0.00505346 0.023104 0.0629142 0.106154 0.129863 0.157824 0.194418 0.177278 0.100792 0.0341778 0.00684847 0.000809423 5.64108e-05 2.31833e-06 5.62104e-08 8.05492e-10 6.88041e-12 4.11914e-14 1.74093e-15
 9.99452e-12 1.08529e-09 6.9481e-08 2.62256e-06 5.8362e-05 0.000765772 0.00592568 0.0270764 0.0735208 0.122367 0.142151 0.15653 0.180614 0.161541 0.0914629 0.0309886 0.00620841 0.000733742 5.11341e-05 2.10117e-06 5.09192e-08 7.28294e-10 6.16511e-12 3.11919e-14 9.74841e-17
 1.08844e-11 1.18192e-09 7.56675e-08 2.85607e-06 6.35583e-05 0.000833945 0.00645288 0.0294774 0.0799317 0.132167 0.149578 0.155747 0.172271 0.152029 0.0858244 0.0290611 0.00582154 0.000688002 4.79454e-05 1.97002e-06 4.77308e-08 6.8216e-10 5.75852e-12 2.88489e-14 8.7199e-17
 1.1784e-11 1.2796e-09 8.19213e-08 3.09212e-06 6.88112e-05 0.000902859 0.00698581 0.0319046 0.0864124 0.142074 0.157086 0.154956 0.163837 0.142414 0.0801244 0.0271125 0.00543047 0.000641765 4.47223e-05 1.83749e-06 4.45109e-08 6.35695e-10 5.35269e-12 2.65734e-14 7.77867e-17
 1.22283e-11 1.32784e-09 8.50098e-08 3.2087e-06 7.14054e-05 0.000936893 0.007249 0.0331032 0.0896129 0.146966 0.160793 0.154565 0.159671 0.137666 0.0773095 0.0261502 0.00523734 0.000618932 4.31311e-05 1.77211e-06 4.29271e-08 6.13073e-10 5.16216e-12 2.56265e-14 7.50042e-17
 1.27381e-11 1.3832e-09 8.8554e-08 3.34247e-06 7.43823e-05 0.000975948 0.00755102 0.0344787 0.0932856 0.15258 0.165048 0.154117 0.154892 0.132217 0.0740793 0.0250459 0.00501572 0.000592731 4.13051e-05 1.69708e-06 4.11098e-08 5.8712e-10 4.94369e-12 2.4543e-14 7.18438e-17
 1.23286e-11 1.33874e-09 8.57075e-08 3.23503e-06 7.19914e-05 0.000944581 0.00730846 0.033374 0.0903359 0.148071 0.161631 0.154477 0.15873 0.136593 0.0766736 0.0259328 0.00519371 0.000613774 4.27716e-05 1.75734e-06 4.25694e-08 6.07964e-10 5.11914e-12 2.54129e-14 7.43791e-17
 1.10031e-11 1.1948e-09 7.64925e-08 2.88721e-06 6.42513e-05 0.000843036 0.00652318 0.0297976 0.0807867 0.133474 0.150568 0.155643 0.171158 0.150761 0.0850724 0.028804 0.00576995 0.000681899 4.75194e-05 1.95241e-06 4.72948e-08 6.7545e-10 5.68738e-12 2.82339e-14 8.26355e-17
 1.10076e-11 1.1953e-09 7.65241e-08 2.88841e-06 6.42778e-05 0.000843384 0.00652587 0.0298099 0.0808194 0.133524 0.150606 0.155639 0.171116 0.150713 0.0850437 0.0287942 0.00576797 0.000681665 4.75031e-05 1.95174e-06 4.72786e-08 6.75219e-10 5.68544e-12 2.82242e-14 8.26072e-17
 1.23118e-11 1.33691e-09 8.55905e-08 3.23062e-06 7.18932e-05 0.000943293 0.00729849 0.0333286 0.0902147 0.147886 0.161491 0.154492 0.158888 0.136773 0.0767802 0.0259693 0.00520103 0.000614639 4.28319e-05 1.75982e-06 4.26293e-08 6.0882e-10 5.12635e-12 2.54487e-14 7.4484e-17
 1.24733e-11 1.35446e-09 8.67135e-08 3.27301e-06 7.28364e-05 0.000955667 0.00739418 0.0337644 0.0913784 0.149665 0.162839 0.15435 0.157374 0.135046 0.0757567 0.0256194 0.00513081 0.000606337 4.22533e-05 1.73604e-06 4.20535e-08 6.00596e-10 5.0571e-12 2.51049e-14 7.34777e-17
 1.32777e-11 1.4418e-09 9.23054e-08 3.48407e-06 7.75332e-05 0.00101729 0.0078707 0.0359346 0.0971731 0.158523 0.169552 0.153643 0.149832 0.126449 0.0706602 0.0238771 0.00478114 0.000564998 3.93723e-05 1.61767e-06 3.91861e-08 5.59644e-10 4.71228e-12 2.33932e-14 6.84676e-17
 1.43317e-11 1.55625e-09 9.96324e-08 3.76063e-06 8.36875e-05 0.00109803 0.00849509 0.0387783 0.104766 0.170129 0.178348 0.152716 0.139951 0.115184 0.0639822 0.0215942 0.00432297 0.000510831 3.55973e-05 1.46257e-06 3.54288e-08 5.05984e-10 4.26046e-12 2.11502e-14 6.19028e-17
 1.52449e-11 1.65542e-09 1.05981e-07 4.00026e-06 8.90203e-05 0.00116799 0.00903612 0.0412423 0.111345 0.180187 0.18597 0.151913 0.131389 0.105422 0.0581956 0.019616 0.00392596 0.000463894 3.23262e-05 1.32817e-06 3.21732e-08 4.59488e-10 3.86895e-12 1.92066e-14 5.62144e-17
 1.53355e-11 1.66525e-09 1.06611e-07 4.02404e-06 8.95493e-05 0.00117493 0.00908979 0.0414867 0.111998 0.181184 0.186726 0.151833 0.130539 0.104454 0.0576216 0.0194198 0.00388658 0.000459239 3.20018e-05 1.31484e-06 3.18502e-08 4.54876e-10 3.83012e-12 1.90138e-14 5.56501e-17
 1.57095e-11 1.70587e-09 1.09211e-07 4.12218e-06 9.17333e-05 0.00120358 0.00931137 0.0424959 0.114692 0.185303 0.189847 0.151504 0.127032 0.100456 0.0552517 0.0186096 0.00372399 0.000440016 3.06621e-05 1.25979e-06 3.05169e-08 4.35833e-10 3.66978e-12 1.82179e-14 5.33204e-17
 1.58408e-11 1.72013e-09 1.10124e-07 4.15664e-06 9.25e-05 0.00121364 0.00938916 0.0428502 0.115638 0.186749 0.190943 0.151389 0.125801 0.0990529 0.0544197 0.0183252 0.0036669 0.000433267 3.01918e-05 1.24047e-06 3.00488e-08 4.29148e-10 3.61348e-12 1.79384e-14 5.25025e-17
 1.62949e-11 1.76944e-09 1.13281e-07 4.27579e-06 9.51516e-05 0.00124843 0.00965817 0.0440753 0.11891 0.19175 0.194733 0.150989 0.121544 0.0941994 0.0515425 0.0173416 0.0034695 0.00040993 2.85653e-05 1.17364e-06 2.843e-08 4.06029e-10 3.41882e-12 1.6972e-14 4.96741e-17
 1.6962e-11 1.84187e-09 1.17918e-07 4.45082e-06 9.90466e-05 0.00129953 0.0100533 0.0458751 0.123715 0.199096 0.2003 0.150403 0.11529 0.0870696 0.047316 0.0158968 0.00317953 0.000375647 2.61761e-05 1.07548e-06 2.6052e-08 3.72068e-10 3.13286e-12 1.55524e-14 4.55192e-17
 1.69957e-11 1.84553e-09 1.18153e-07 4.45967e-06 9.92435e-05 0.00130211 0.0100733 0.045966 0.123958 0.199467 0.200582 0.150373 0.114974 0.0867092 0.0471023 0.0158237 0.00316487 0.000373914 2.60553e-05 1.07051e-06 2.59318e-08 3.70351e-10 3.1184e-12 1.54807e-14 4.53092e-17
 1.77389e-11 1.92624e-09 1.23319e-07 4.65469e-06 0.000103583 0.00135905 0.0105136 0.0479713 0.129312 0.207651 0.206784 0.14972 0.108006 0.0787654 0.0423932 0.0142139 0.00284178 0.000335717 2.33933e-05 9.6114e-07 2.32824e-08 3.32512e-10 2.7998e-12 1.3899e-14 4.06799e-17
 1.77051e-11 1.92256e-09 1.23084e-07 4.6458e-06 0.000103386 0.00135645 0.0104935 0.0478799 0.129068 0.207278 0.206502 0.149749 0.108323 0.0791275 0.0426079 0.0142873 0.00285651 0.000337458 2.35147e-05 9.66125e-07 2.34031e-08 3.34237e-10 2.81432e-12 1.39711e-14 4.08909e-17
#obs catch len freq
 1.77644e-11 1.71627e-09 9.77591e-08 3.28298e-06 6.50014e-05 0.000758815 0.00522397 0.0212333 0.0512722 0.075978 0.0798865 0.0851661 0.10489 0.117764 0.116947 0.107446 0.0879483 0.0638099 0.0417575 0.023866 0.0110617 0.00383155 0.000926602 0.000148962 1.53945e-05
 1.5822e-11 1.47438e-09 8.10021e-08 2.62375e-06 5.01068e-05 0.00056423 0.00374806 0.0147252 0.0346859 0.0524264 0.0650329 0.0914942 0.126682 0.139646 0.130694 0.11378 0.0898781 0.0631767 0.0394788 0.021154 0.00910187 0.00291918 0.000653137 9.69998e-05 9.24185e-06
 1.26679e-12 1.13662e-10 6.01269e-09 1.87542e-07 3.45032e-06 3.75145e-05 0.000243577 0.00099531 0.00314199 0.0107297 0.0362668 0.0884496 0.142922 0.16723 0.164739 0.143189 0.105666 0.0676413 0.0388877 0.0193494 0.00770115 0.00227109 0.000466152 6.35169e-05 5.55537e-06
 1.57449e-11 1.358e-09 6.90552e-08 2.0703e-06 3.65942e-05 0.000381374 0.00234392 0.00850532 0.0183376 0.0243207 0.023702 0.0292117 0.0589061 0.120619 0.184895 0.197202 0.153023 0.0949119 0.0502423 0.0225777 0.00813524 0.00218274 0.000408344 5.07447e-05 4.05128e-06
 6.73782e-11 5.57774e-09 2.7223e-07 7.8335e-06 0.000132901 0.00132959 0.00785 0.027468 0.0582394 0.0829551 0.10728 0.154152 0.185147 0.148456 0.0835193 0.0483305 0.0382596 0.0291867 0.0170499 0.00747013 0.00246151 0.000593446 9.98877e-05 1.12203e-05 8.12626e-07
 1.42493e-10 1.13052e-08 5.28818e-07 1.45838e-05 0.000237129 0.00227343 0.0128578 0.0430045 0.08618 0.110376 0.114392 0.132907 0.152944 0.138654 0.10058 0.0602628 0.0281874 0.0107455 0.00412162 0.00161243 0.000513356 0.00011607 1.77835e-05 1.79841e-06 1.17229e-07
 2.81679e-10 2.13892e-08 9.57578e-07 2.52751e-05 0.000393327 0.00360894 0.019529 0.0624079 0.118625 0.139149 0.118196 0.105281 0.110617 0.109799 0.094974 0.0662664 0.033923 0.0125369 0.00356204 0.000867983 0.000194308 3.68731e-05 5.12544e-06 4.75262e-07 2.81963e-08
 3.25376e-10 2.36168e-08 1.01063e-06 2.54982e-05 0.000379291 0.00332683 0.0172159 0.052718 0.0970241 0.115699 0.115675 0.13106 0.143337 0.124993 0.0915784 0.0587219 0.0308162 0.012521 0.00385121 0.000882317 0.000151386 2.00406e-05 2.06118e-06 1.5647e-07 8.12656e-09
 6.2636e-10 4.34039e-08 1.77326e-06 4.27126e-05 0.000606576 0.00507913 0.0250857 0.0732198 0.127578 0.139568 0.117277 0.109429 0.114145 0.107497 0.086605 0.0553999 0.0260875 0.00916227 0.0025459 0.000563804 9.40555e-05 1.11873e-05 9.26749e-07 5.3296e-08 2.11845e-09
 8.51276e-10 5.6254e-08 2.19167e-06 5.03429e-05 0.000681791 0.00544457 0.025653 0.0715405 0.120046 0.131106 0.121302 0.127826 0.130848 0.109375 0.0775142 0.046414 0.0217962 0.0077765 0.00211433 0.000435214 6.64508e-05 7.31068e-06 5.59234e-07 2.87653e-08 9.72285e-10
 1.42629e-09 8.97863e-08 3.33234e-06 7.29172e-05 0.000940717 0.00715613 0.0321153 0.085257 0.13577 0.138817 0.11645 0.112838 0.115893 0.104529 0.0788907 0.0455661 0.0186754 0.00550745 0.00125348 0.000228384 3.20552e-05 3.25382e-06 2.28026e-07 1.07068e-08 3.2939e-10
 2.17748e-09 1.3045e-07 4.60757e-06 9.59492e-05 0.00117804 0.00852882 0.0364345 0.0921599 0.140518 0.140478 0.121143 0.120442 0.117904 0.0971125 0.0672118 0.0367738 0.0146981 0.00424243 0.000908818 0.000146606 1.76446e-05 1.55044e-06 9.64217e-08 4.09038e-09 1.14479e-10
 3.20103e-09 1.82334e-07 6.12326e-06 0.000121238 0.00141531 0.00974286 0.0395821 0.0953089 0.138988 0.135564 0.119207 0.121641 0.119441 0.0987157 0.0675561 0.0353158 0.013118 0.00347531 0.000685527 0.000102535 1.13445e-05 8.94159e-07 4.87496e-08 1.79882e-09 4.40684e-11
 4.65741e-09 2.52022e-07 8.04027e-06 0.000151233 0.00167718 0.0109688 0.0423484 0.0970379 0.13558 0.130195 0.11862 0.124705 0.122272 0.100433 0.0673136 0.0336017 0.0116696 0.00283825 0.000505874 6.78791e-05 6.75742e-06 4.81987e-07 2.38044e-08 7.90962e-10 1.72774e-11
 5.66824e-09 2.91153e-07 8.81725e-06 0.000157431 0.00165738 0.0102914 0.0377581 0.0825879 0.112526 0.113821 0.120727 0.139362 0.139091 0.114425 0.0755694 0.0364869 0.0121586 0.00282856 0.000477611 5.95424e-05 5.39321e-06 3.4532e-07 1.52436e-08 4.53455e-10 8.89567e-12
 7.85625e-09 3.82793e-07 1.09965e-05 0.000186247 0.00185997 0.0109567 0.0381507 0.0793481 0.103724 0.103737 0.112925 0.134958 0.14316 0.126491 0.0862023 0.0412359 0.0134262 0.00305611 0.000504503 6.07914e-05 5.2268e-06 3.11806e-07 1.26164e-08 3.39757e-10 5.98793e-12
 1.46654e-08 6.77414e-07 1.84483e-05 0.000296212 0.0028043 0.0156594 0.0516689 0.101656 0.124652 0.113779 0.110733 0.122998 0.125916 0.108632 0.0724262 0.0342854 0.0113046 0.00265798 0.000452544 5.50332e-05 4.65571e-06 2.67817e-07 1.02857e-08 2.59395e-10 4.23106e-12
 2.10968e-08 9.23351e-07 2.38263e-05 0.000362491 0.00325187 0.0172107 0.0538872 0.101193 0.121555 0.117216 0.125242 0.137616 0.128236 0.0987118 0.0595425 0.0259077 0.0079449 0.00176728 0.000291705 3.51284e-05 2.96716e-06 1.69548e-07 6.38479e-09 1.55537e-10 2.41794e-12
 3.14609e-08 1.30414e-06 3.18728e-05 0.000459268 0.00390226 0.019563 0.058044 0.103499 0.119081 0.112734 0.120939 0.13478 0.129994 0.102589 0.060733 0.0249445 0.00704358 0.00142279 0.000213278 2.36468e-05 1.87464e-06 1.02268e-07 3.7178e-09 8.78077e-11 1.32156e-12
 4.89944e-08 1.92292e-06 4.44957e-05 0.000607056 0.00488378 0.0231853 0.0651876 0.110498 0.122455 0.115169 0.123437 0.133588 0.123849 0.0940147 0.0538508 0.021696 0.0061039 0.0012295 0.00017941 1.87058e-05 1.36209e-06 6.78299e-08 2.26376e-09 4.95894e-11 6.99168e-13
 7.79627e-08 2.89641e-06 6.34418e-05 0.000819307 0.00623942 0.0280426 0.074682 0.120196 0.12768 0.117525 0.123745 0.129913 0.116458 0.0848738 0.0462402 0.0176875 0.00475809 0.000927628 0.000132247 1.34651e-05 9.46587e-07 4.46892e-08 1.38847e-09 2.79531e-11 3.60118e-13
 1.11239e-07 3.91131e-06 8.10833e-05 0.000991068 0.00714389 0.030402 0.0768012 0.118227 0.12406 0.119868 0.131061 0.134652 0.11546 0.0800074 0.0414061 0.0151016 0.00389417 0.000729313 9.97007e-05 9.71609e-06 6.53675e-07 2.95199e-08 8.74471e-10 1.66761e-11 2.01729e-13
 1.71708e-07 5.7137e-06 0.000112096 0.00129666 0.00884576 0.0356316 0.0852489 0.12461 0.125353 0.118261 0.127362 0.130066 0.111738 0.0763323 0.0380426 0.0132036 0.00323289 0.000575324 7.47086e-05 6.90326e-06 4.39383e-07 1.87371e-08 5.23519e-10 9.4101e-12 1.07219e-13
 2.47787e-07 7.8031e-06 0.000144878 0.00158603 0.0102409 0.0390632 0.0887082 0.124371 0.124468 0.12273 0.134067 0.13215 0.107627 0.0691888 0.0323119 0.0104854 0.00239725 0.000398137 4.82731e-05 4.16904e-06 2.48185e-07 9.89939e-09 2.58591e-10 4.34269e-12 4.61996e-14
 3.35847e-07 1.00095e-05 0.000175888 0.00182241 0.0111386 0.0402455 0.0868469 0.117337 0.118385 0.123593 0.138855 0.136954 0.110887 0.0698087 0.0315155 0.00986165 0.00217452 0.00034599 3.965e-05 3.19606e-06 1.76326e-07 6.50264e-09 1.57058e-10 2.44066e-12 2.40435e-14
 5.11932e-07 1.44413e-05 0.000240189 0.00235553 0.0136278 0.0466185 0.0953396 0.122579 0.119186 0.121846 0.135044 0.132845 0.10691 0.0652714 0.0279438 0.00820288 0.00169341 0.000253032 2.73243e-05 2.07465e-06 1.07308e-07 3.68537e-09 8.23877e-11 1.18008e-12 1.06929e-14
 6.85215e-07 1.82977e-05 0.000288085 0.00267462 0.0146528 0.0475265 0.0927064 0.116516 0.118191 0.130023 0.144441 0.135782 0.103468 0.0601393 0.0247991 0.00710306 0.00143835 0.000208851 2.15224e-05 1.53622e-06 7.41367e-08 2.3692e-09 4.92162e-11 6.53874e-13 5.48188e-15
 9.98427e-07 2.52414e-05 0.000376243 0.00330712 0.0171551 0.0527093 0.0975888 0.117338 0.116248 0.12726 0.141975 0.135537 0.103292 0.0578237 0.0222602 0.0058542 0.00108669 0.000146341 1.41958e-05 9.6072e-07 4.38636e-08 1.31677e-09 2.55073e-11 3.14345e-13 2.4372e-15
 1.31288e-06 3.14275e-05 0.000443567 0.00369213 0.0181443 0.0529201 0.0938384 0.111772 0.117408 0.136002 0.14942 0.136217 0.099221 0.0538225 0.0204853 0.00542193 0.00101299 0.000134088 1.23888e-05 7.82437e-07 3.31391e-08 9.24486e-10 1.66893e-11 1.91829e-13 1.38519e-15
#spawning biomass
 10118.1 9429.73 6821.59 6581.82 9048.23 14421.8 18981.6 25857 35294.9 52509.2 64367.6 76623.3 114213 132499 132634 113784 111701 98915.3 97011.1 97230.5 100662 104067 128276 121599 121216 118793 120364 110419 119787 125365 262270 289567 277719 247016 211470 178709 151760 131056 115851 105029 97497.3 92342.3 88857.3 86510.9 84917.7 83884.4 83214.4 82779.9 82498.1 82315.4 82196.9 82120 82070.2 82037.9 82016.9 82003.3 81994.5 81988.8 81985.1 81982.7 81981.1 81980.1 81979.4 81979 81978.7 81978.6 81978.5 81978.4 81978.3 81978.3 81978.3 81978.3 81978.3 81978.2 81978.2 81978.2 81978.2 81978.2 81978.2 81978.2 81978.2 81978.2 81978.2 81978.2 81978.2 81978.2 81978.2 81978.2 81978.2 81978.2 81978.2 81978.2 81978.2 81978.2 81978.2 81978.2 81978.2 81978.2 81978.2 81978.2 81978.2 81978.2 81978.2 81978.2 81978.2 81978.2 81978.2 81978.2 81978.2 81978.2 81978.2 81978.2 81978.2 81978.2 81978.2 81978.2 81978.2 81978.2 81978.2 81978.2 81978.2 81978.2 81978.2 81978.2 81978.2 81978.2 81978.2 81978.2 81978.2 0 0 0 0 0 0 0 0 0 0 0 0 0 0 0 0 0 0 0 0 0 0 0 0 0
