SBPRF35
0.881492
Curr Bio
137593
B35
626150
F35
0.24811
FOFL
0
OFL
0
Bzero
251855
#pred survey bio
 12394.7 11158.4 14279.5 19523.2 24249.4 28842.6 36048 41213.1 44729.2 57578.1 76795.9 83596.5 103633 129558 133981 118986 111416 102224 98802 92184.7 95956 113554 110600 118369 131807 132842 133719 109466 2.69739e+06 4.04992e+06 4.91188e+06 4.88885e+06 4.46271e+06 3.93568e+06 3.44468e+06 3.03911e+06 2.72565e+06 2.493e+06 2.32467e+06 2.20473e+06 2.11996e+06 2.06011e+06 2.01718e+06 1.98578e+06 1.96376e+06 1.94808e+06 1.93674e+06 1.92841e+06 1.92219e+06 1.91749e+06 1.91388e+06 1.91108e+06 1.90888e+06 1.90714e+06 1.90574e+06 1.90462e+06 1.90372e+06 1.90298e+06 1.90239e+06 1.9019e+06 1.9015e+06 1.90117e+06 1.9009e+06 1.90068e+06 1.9005e+06 1.90035e+06 1.90022e+06 1.90012e+06 1.90004e+06 1.89997e+06 1.89991e+06 1.89986e+06 1.89982e+06 1.89979e+06 1.89977e+06 1.89974e+06 1.89973e+06 1.89971e+06 1.8997e+06 1.89969e+06 1.89968e+06 1.89967e+06 1.89967e+06 1.89966e+06 1.89966e+06 1.89966e+06 1.89965e+06 1.89965e+06 1.89965e+06 1.89965e+06 1.89965e+06 1.89964e+06 1.89964e+06 1.89964e+06 1.89964e+06 1.89964e+06 1.89964e+06 1.89964e+06 1.89964e+06 1.89964e+06 1.89964e+06 1.89964e+06 1.89964e+06 1.89964e+06 1.89964e+06 1.89964e+06 1.89964e+06 1.89964e+06 1.89964e+06 1.89964e+06 1.89964e+06 1.89964e+06 1.89964e+06 1.89964e+06 1.89964e+06 1.89964e+06 1.89964e+06 1.89964e+06 1.89964e+06 1.89964e+06 1.89964e+06 1.89964e+06 1.89964e+06 1.89964e+06 1.89964e+06 1.89964e+06 1.89964e+06 1.89964e+06 0 0 0 0 0 0 0 0 0 0 0 0 0 0 0 0 0 0 0 0 0 0 0 0 0
#obs survey bio
 11109.1 12174.5 24319.1 19885.8 25038.9 40693.4 34128.2 27705.5 43560.5 39407.9 77933.1 77683.6 80277 99185.8 131048 77251.1 81068.9 85385.5 108730 71590.9 88557.1 147226 79934.8 113217 132490 102200 114330 100144
#pred catch bio
 7785.2 6180.08 7437.86 10965 14958.1 17436.2 23577.3 29122.1 30725 37205.6 57320.6 62230 74531.7 95007.9 104982 94003.2 91192 83373.5 81845.6 76058.8 75918.6 97396.3 92998.2 99195.8 114621 112574 121459 89262.6 0 31909.1 44684.1 44694.7 40027.5 34540.4 29570.8 25545.6 22492.2 20274.1 18710.5 17632.1 16900.2 16408.9 16079.8 15859.3 15717.4 15625.9 15567 15529.1 15504.7 15489 15478.8 15472.3 15468.1 15465.4 15463.6 15462.5 15461.8 15461.3 15461 15460.8 15460.7 15460.6 15460.6 15460.6 15460.5 15460.5 15460.5 15460.5 15460.5 15460.5 15460.5 15460.5 15460.5 15460.5 15460.5 15460.5 15460.5 15460.5 15460.5 15460.5 15460.5 15460.5 15460.5 15460.5 15460.5 15460.5 15460.5 15460.5 15460.5 15460.5 15460.5 15460.5 15460.5 15460.5 15460.5 15460.5 15460.5 15460.5 15460.5 15460.5 15460.5 15460.5 15460.5 15460.5 15460.5 15460.5 15460.5 15460.5 15460.5 15460.5 15460.5 15460.5 15460.5 15460.5 15460.5 15460.5 15460.5 15460.5 15460.5 15460.5 15460.5 15460.5 15460.5 15460.5 15460.5 15460.5 15460.5 15460.5 0 0 0 0 0 0 0 0 0 0 0 0 0 0 0 0 0 0 0 0 0 0 0 0 0
#obs catch bio
 6797.37 6104.39 7209.18 10539.4 14802.6 16962.3 23512.1 29274.6 30472.7 36323 55420.2 61221.1 72823.2 93766.5 101923 94954.4 89185.3 81905.7 78631.4 74898 73775.9 94838 90012.4 94357.8 110339 109495 121473 87943.5
#pred cpue bio
 9090.35 7617.03 8878.9 12371.7 15658.6 17770.5 22122.4 25195.1 26310.9 31788.6 44287.5 47273.4 54827.5 71769.2 80675.8 70758.3 63700.2 57280.8 54392.8 51070 50092 59221.4 58181.6 60478.1 66919.3 67958.6 70674.9 57709.2 1.46596e+06 3.26327e+06 4.68646e+06 4.76208e+06 4.32665e+06 3.79177e+06 3.29811e+06 2.89181e+06 2.57816e+06 2.34546e+06 2.17712e+06 2.05718e+06 1.97241e+06 1.91256e+06 1.86963e+06 1.83823e+06 1.81621e+06 1.80053e+06 1.78919e+06 1.78086e+06 1.77464e+06 1.76994e+06 1.76633e+06 1.76353e+06 1.76133e+06 1.75958e+06 1.75819e+06 1.75707e+06 1.75617e+06 1.75543e+06 1.75483e+06 1.75435e+06 1.75395e+06 1.75362e+06 1.75335e+06 1.75313e+06 1.75294e+06 1.75279e+06 1.75267e+06 1.75257e+06 1.75249e+06 1.75242e+06 1.75236e+06 1.75231e+06 1.75227e+06 1.75224e+06 1.75221e+06 1.75219e+06 1.75217e+06 1.75216e+06 1.75215e+06 1.75214e+06 1.75213e+06 1.75212e+06 1.75212e+06 1.75211e+06 1.75211e+06 1.7521e+06 1.7521e+06 1.7521e+06 1.7521e+06 1.7521e+06 1.75209e+06 1.75209e+06 1.75209e+06 1.75209e+06 1.75209e+06 1.75209e+06 1.75209e+06 1.75209e+06 1.75209e+06 1.75209e+06 1.75209e+06 1.75209e+06 1.75209e+06 1.75209e+06 1.75209e+06 1.75209e+06 1.75209e+06 1.75209e+06 1.75209e+06 1.75209e+06 1.75209e+06 1.75209e+06 1.75209e+06 1.75209e+06 1.75209e+06 1.75209e+06 1.75209e+06 1.75209e+06 1.75209e+06 1.75209e+06 1.75209e+06 1.75209e+06 1.75209e+06 1.75209e+06 1.75209e+06 1.75209e+06 1.75209e+06 1.75209e+06 0 0 0 0 0 0 0 0 0 0 0 0 0 0 0 0 0 0 0 0 0 0 0 0 0
#obs cpue bio
 7492.43 10204.4 9916.69 18994.2 15839.2 20050.7 21177.6 32118.1 38604.2 64826 77067.9 69761 82874.6 105020 143167 87886.3 127217 102067 87854.4 80239.1 88800.6 70204.8 140683 146712 107879 114477 87529.1 104034
#pred surv len freq
 2.56128e-27 2.58337e-27 2.88957e-26 5.55592e-20 1.36197e-14 4.03575e-10 1.44554e-06 0.000625863 0.0327554 0.20722 0.15886 0.0396501 0.190189 0.175915 0.0447213 0.0581901 0.0250265 0.0192626 0.0118529 0.00902483 0.00709994 0.00616388 0.00621577 0.0055339 0.00169198
 2.56349e-27 2.58954e-27 3.44056e-26 6.71829e-20 1.64691e-14 4.88008e-10 1.74796e-06 0.000756801 0.0396082 0.250573 0.191931 0.0376209 0.151516 0.14091 0.0512214 0.0815546 0.0278986 0.0119324 0.00531031 0.00300875 0.00192212 0.00142926 0.00127961 0.00114228 0.000383103
 2.56591e-27 2.59586e-27 3.97127e-26 7.83776e-20 1.92133e-14 5.69325e-10 2.03923e-06 0.000882907 0.0462082 0.292326 0.22383 0.0387227 0.137488 0.127327 0.037246 0.0532389 0.0214455 0.0138884 0.00450654 0.00142428 0.000596317 0.00033573 0.000248993 0.000209475 7.28478e-05
 2.56404e-27 2.59064e-27 3.49723e-26 6.83768e-20 1.67617e-14 4.96681e-10 1.77903e-06 0.00077025 0.0403121 0.255026 0.195387 0.0411204 0.175718 0.162463 0.0409174 0.0526352 0.0192357 0.0101253 0.00412737 0.00157078 0.00036099 0.000112813 5.87364e-05 4.26461e-05 1.47115e-05
 2.56406e-27 2.59089e-27 3.53585e-26 6.91921e-20 1.69616e-14 5.02603e-10 1.80024e-06 0.000779434 0.0407928 0.258067 0.197683 0.0395038 0.161804 0.150026 0.0460484 0.0674269 0.023076 0.0097435 0.0033978 0.00120209 0.000351334 6.87103e-05 1.68746e-05 8.74726e-06 2.83652e-06
 2.56532e-27 2.59413e-27 3.80799e-26 7.49327e-20 1.83688e-14 5.44302e-10 1.9496e-06 0.000844101 0.0441772 0.279477 0.21404 0.0400021 0.154103 0.142596 0.038857 0.0529273 0.0191627 0.00964387 0.00304974 0.000849145 0.000213616 4.64923e-05 6.77051e-06 1.58798e-06 4.30108e-07
 2.56488e-27 2.59286e-27 3.68618e-26 7.23625e-20 1.77388e-14 5.25633e-10 1.88273e-06 0.000815149 0.042662 0.269892 0.206737 0.0410557 0.167252 0.154611 0.0388577 0.0498379 0.0172097 0.00752324 0.002562 0.00078832 0.000161441 2.89806e-05 4.03443e-06 4.31336e-07 6.83061e-08
 2.56486e-27 2.59277e-27 3.67644e-26 7.2157e-20 1.76884e-14 5.2414e-10 1.87738e-06 0.000812834 0.0425408 0.269125 0.206154 0.0411963 0.168732 0.15599 0.0393657 0.050603 0.0167276 0.00615819 0.00191452 0.000535457 0.000120862 1.93282e-05 2.17012e-06 1.71544e-07 1.17131e-08
 2.56574e-27 2.59508e-27 3.87067e-26 7.6254e-20 1.86927e-14 5.539e-10 1.98398e-06 0.000858986 0.0449562 0.284406 0.217825 0.0414254 0.162275 0.149865 0.0352696 0.0427727 0.0138898 0.00471729 0.00134918 0.000313933 6.24829e-05 1.01782e-05 1.05207e-06 6.4974e-08 2.48086e-09
 2.56741e-27 2.59953e-27 4.25719e-26 8.44078e-20 2.06915e-14 6.13128e-10 2.19612e-06 0.000950836 0.0497633 0.314817 0.241038 0.0408857 0.14186 0.130897 0.0295902 0.0345697 0.0110216 0.00342191 0.000943429 0.000200447 3.38798e-05 4.67837e-06 4.66528e-07 2.60283e-08 7.12558e-10
 2.56566e-27 2.5947e-27 3.82463e-26 7.52823e-20 1.84545e-14 5.46841e-10 1.95869e-06 0.00084804 0.0443833 0.280781 0.215077 0.042627 0.17335 0.159855 0.0328899 0.0348 0.0110081 0.00329458 0.00088042 0.000172653 2.69982e-05 3.18729e-06 2.64055e-07 1.36809e-08 3.24794e-10
 2.56635e-27 2.59661e-27 3.99469e-26 7.88699e-20 1.9334e-14 5.72902e-10 2.05204e-06 0.000888454 0.0464985 0.294162 0.225285 0.041999 0.1614 0.148879 0.0318781 0.0352246 0.010659 0.00239461 0.000601998 0.00011046 1.60771e-05 1.72216e-06 1.21372e-07 5.2074e-09 1.11402e-10
 2.56797e-27 2.60093e-27 4.37046e-26 8.67969e-20 2.12772e-14 6.30482e-10 2.25828e-06 0.00097775 0.0511719 0.323727 0.247851 0.0414373 0.14127 0.130166 0.0260872 0.0267312 0.00813655 0.0019155 0.000451823 6.40526e-05 8.46497e-06 8.3527e-07 5.27026e-08 1.90603e-09 3.38629e-11
 2.56624e-27 2.59617e-27 3.94283e-26 7.77755e-20 1.90657e-14 5.64951e-10 2.02356e-06 0.000876125 0.0458532 0.29008 0.222188 0.0432647 0.173207 0.159514 0.0290415 0.0260728 0.00780663 0.00164645 0.000385103 5.57641e-05 6.29994e-06 5.06684e-07 2.88191e-08 9.2223e-10 1.37302e-11
 2.56406e-27 2.59039e-27 3.44433e-26 6.72597e-20 1.64879e-14 4.88566e-10 1.74996e-06 0.000757667 0.0396536 0.25086 0.192244 0.0435558 0.196461 0.181271 0.0383284 0.0417604 0.0123176 0.00222264 0.000492758 6.52042e-05 7.32415e-06 5.45028e-07 2.48661e-08 6.88951e-10 8.9759e-12
 2.56512e-27 2.59337e-27 3.71716e-26 7.30155e-20 1.78989e-14 5.30376e-10 1.89972e-06 0.000822505 0.0430469 0.272327 0.208612 0.0419958 0.17309 0.159866 0.0374601 0.0451914 0.0137078 0.00309591 0.000695543 7.92679e-05 8.11361e-06 5.67808e-07 2.43736e-08 5.53719e-10 6.06721e-12
 2.56584e-27 2.59518e-27 3.86488e-26 7.61314e-20 1.86627e-14 5.53009e-10 1.98079e-06 0.000857604 0.0448839 0.283948 0.217495 0.0426216 0.17161 0.158238 0.0323933 0.0340556 0.0104898 0.00267116 0.00063696 8.70466e-05 8.66038e-06 5.24892e-07 2.06434e-08 4.35299e-10 3.999e-12
 2.56598e-27 2.59546e-27 3.8817e-26 7.6486e-20 1.87496e-14 5.55585e-10 1.99001e-06 0.000861599 0.045093 0.285271 0.218516 0.043287 0.175957 0.162095 0.0302953 0.0282749 0.00835646 0.00156855 0.000362216 5.44477e-05 6.08349e-06 4.06417e-07 1.42872e-08 2.68539e-10 2.25512e-12
 2.56653e-27 2.59697e-27 4.01485e-26 7.92949e-20 1.94382e-14 5.75988e-10 2.06309e-06 0.00089324 0.046749 0.295747 0.226509 0.0428754 0.167209 0.154031 0.0290281 0.027407 0.00797413 0.00127428 0.000266766 3.08605e-05 3.40796e-06 2.55646e-07 1.01053e-08 1.80824e-10 1.34288e-12
 2.56602e-27 2.59554e-27 3.88343e-26 7.65222e-20 1.87585e-14 5.55848e-10 1.99095e-06 0.000862007 0.0451143 0.285406 0.218626 0.0437196 0.179172 0.164963 0.0290207 0.0246379 0.00713363 0.0010981 0.000221687 2.1726e-05 1.96857e-06 1.24626e-07 5.31119e-09 1.06768e-10 7.89206e-13
 2.56795e-27 2.60081e-27 4.35371e-26 8.64433e-20 2.11905e-14 6.27913e-10 2.24908e-06 0.000973766 0.0509634 0.322408 0.246853 0.0419847 0.146138 0.134558 0.0250578 0.0232522 0.00668323 0.000926556 0.00018073 1.71138e-05 1.42153e-06 7.27654e-08 2.51913e-09 5.07752e-11 4.16529e-13
 2.56759e-27 2.59976e-27 4.25324e-26 8.43236e-20 2.06709e-14 6.12516e-10 2.19393e-06 0.000949888 0.0497137 0.314503 0.24083 0.0428842 0.157213 0.144631 0.0241585 0.0186726 0.00540768 0.00084889 0.000169281 1.46803e-05 1.16001e-06 5.55022e-08 1.60268e-09 2.58047e-11 2.00714e-13
 2.56708e-27 2.59832e-27 4.12151e-26 8.15445e-20 1.99897e-14 5.92329e-10 2.12162e-06 0.000918582 0.0480753 0.304138 0.232928 0.0436798 0.16882 0.15525 0.0243976 0.0165372 0.00464869 0.000505138 9.0031e-05 8.37598e-06 6.56898e-07 2.87471e-08 7.7374e-10 1.06503e-11 6.63803e-14
 2.56812e-27 2.60122e-27 4.38301e-26 8.70611e-20 2.1342e-14 6.32401e-10 2.26515e-06 0.000980725 0.0513276 0.324713 0.24862 0.0424529 0.148459 0.136569 0.0230382 0.018137 0.00509251 0.000516583 8.57927e-05 5.90214e-06 4.11327e-07 1.87956e-08 4.77788e-10 6.02568e-12 3.26641e-14
 2.56802e-27 2.60088e-27 4.34883e-26 8.63401e-20 2.11652e-14 6.27163e-10 2.24639e-06 0.000972603 0.0509025 0.322023 0.246574 0.0429635 0.153781 0.141379 0.0220436 0.0146638 0.00413389 0.000472496 8.20841e-05 5.26783e-06 3.14067e-07 1.08771e-08 2.66161e-10 3.2906e-12 1.6367e-14
 2.56769e-27 2.59997e-27 4.26541e-26 8.458e-20 2.07338e-14 6.14378e-10 2.2006e-06 0.000952776 0.0498648 0.315459 0.241569 0.0434194 0.160768 0.147778 0.0223178 0.0136757 0.00379626 0.000340604 5.32117e-05 3.70265e-06 2.27791e-07 7.01463e-09 1.34401e-10 1.42384e-12 6.91716e-15
 2.567e-27 2.59813e-27 4.10543e-26 8.12054e-20 1.99065e-14 5.89866e-10 2.1128e-06 0.000914761 0.0478753 0.302873 0.231962 0.0436369 0.169173 0.155601 0.0249172 0.0176292 0.00490731 0.000438212 6.69738e-05 3.86336e-06 2.14013e-07 7.07596e-09 1.30128e-10 1.12193e-12 4.44315e-15
 2.56685e-27 2.59767e-27 4.06082e-26 8.02641e-20 1.96758e-14 5.83028e-10 2.08831e-06 0.000904158 0.0473204 0.299362 0.229289 0.0441123 0.174668 0.160588 0.0242768 0.0149165 0.00413743 0.000364572 5.51472e-05 3.07956e-06 1.56796e-07 4.27211e-09 7.63447e-11 6.65104e-13 2.26785e-15
#obs surv len freq
 1.08416e-41 1.50474e-33 2.52452e-26 5.11967e-20 1.25503e-14 3.71888e-10 1.33204e-06 0.000576728 0.0301836 0.190951 0.146518 0.0402018 0.173591 0.146863 0.103767 0.101623 0.0440179 0.0172603 0.00392117 0.000498319 2.5812e-05 3.9267e-07 1.32455e-09 8.11361e-13 7.92114e-17
 1.60438e-41 2.22678e-33 3.73588e-26 7.5763e-20 1.85724e-14 5.50334e-10 1.97121e-06 0.000853465 0.0446669 0.282576 0.216498 0.0406703 0.126565 0.102169 0.076063 0.0687408 0.0286989 0.0102083 0.00205657 0.000222515 9.42581e-06 1.11803e-07 2.8189e-10 1.25419e-13 8.74642e-18
 1.53619e-41 2.13213e-33 3.5771e-26 7.25428e-20 1.7783e-14 5.26943e-10 1.88742e-06 0.00081719 0.0427684 0.270567 0.207557 0.0500288 0.176835 0.128884 0.0564253 0.042541 0.017047 0.00547027 0.000967268 8.71977e-05 2.9451e-06 2.68744e-08 5.05866e-11 1.64145e-14 8.21553e-19
 1.07719e-41 1.49506e-33 2.50828e-26 5.08674e-20 1.24696e-14 3.69496e-10 1.32347e-06 0.000573018 0.0299895 0.189724 0.14606 0.0565813 0.230673 0.163305 0.0976546 0.065433 0.0156356 0.00375399 0.000571557 4.23163e-05 1.1162e-06 7.6818e-09 1.06792e-11 2.52209e-15 9.08448e-20
 1.50129e-41 2.08369e-33 3.49583e-26 7.08946e-20 1.7379e-14 5.14971e-10 1.84454e-06 0.000798624 0.0417968 0.26442 0.202895 0.0471441 0.141925 0.104082 0.104436 0.0694539 0.0191487 0.00355374 0.000326334 1.81538e-05 3.68153e-07 1.88176e-09 1.90422e-12 3.24176e-16 8.36906e-21
 1.20119e-41 1.66718e-33 2.79704e-26 5.67233e-20 1.39051e-14 4.12032e-10 1.47583e-06 0.000638984 0.0334419 0.211567 0.163097 0.0650229 0.23135 0.144034 0.0782187 0.049592 0.0190114 0.00372217 0.000292382 9.90222e-06 1.32583e-07 4.88489e-10 3.55596e-13 4.31706e-17 7.91694e-22
 1.38181e-41 1.91787e-33 3.21762e-26 6.52527e-20 1.59959e-14 4.73988e-10 1.69775e-06 0.000735067 0.0384705 0.243379 0.187269 0.0580956 0.175519 0.116581 0.108808 0.0561519 0.0123945 0.00237826 0.000211579 6.04248e-06 5.10058e-08 1.16416e-10 5.74667e-14 4.89333e-18 6.31947e-23
 1.19295e-41 1.65574e-33 2.77784e-26 5.63341e-20 1.38096e-14 4.09205e-10 1.4657e-06 0.000634599 0.0332124 0.210117 0.162428 0.0720787 0.226619 0.133229 0.094425 0.049988 0.0150317 0.00209502 0.000135846 3.79146e-06 2.69999e-08 4.10085e-11 1.24243e-14 6.78977e-19 5.92656e-24
 1.51673e-41 2.10513e-33 3.53178e-26 7.16239e-20 1.75578e-14 5.20268e-10 1.86352e-06 0.000806838 0.0422267 0.267144 0.205801 0.0645014 0.167127 0.103889 0.0957162 0.0418783 0.00946563 0.00136198 7.91162e-05 1.55539e-06 9.11343e-09 1.13871e-11 2.47103e-15 8.70472e-20 4.78578e-25
 1.51797e-41 2.10684e-33 3.53466e-26 7.16822e-20 1.75721e-14 5.20692e-10 1.86503e-06 0.000807495 0.0422611 0.267365 0.206589 0.0779944 0.19859 0.103775 0.0662817 0.0284599 0.00704571 0.00079046 3.81611e-05 6.44491e-07 2.74597e-09 2.53487e-12 4.28156e-16 1.13697e-20 4.39184e-26
 1.0953e-41 1.52021e-33 2.55046e-26 5.17228e-20 1.26792e-14 3.75709e-10 1.34573e-06 0.000582654 0.0304938 0.192928 0.150817 0.0970991 0.257931 0.136218 0.0957019 0.0320652 0.00556122 0.000577482 2.37367e-05 3.07717e-07 1.03408e-09 7.06474e-13 8.47009e-17 1.63385e-21 4.69081e-27
 1.66612e-41 2.31247e-33 3.87964e-26 7.86784e-20 1.92871e-14 5.71512e-10 2.04706e-06 0.000886307 0.0463858 0.293461 0.226578 0.0711676 0.144465 0.09396 0.0895637 0.0285835 0.00459985 0.000337854 1.03407e-05 1.08093e-07 2.73164e-10 1.38553e-13 1.22363e-17 1.6882e-22 3.41287e-28
 1.33848e-41 1.85772e-33 3.11671e-26 6.32063e-20 1.54943e-14 4.59124e-10 1.64451e-06 0.000712015 0.037264 0.235768 0.184715 0.110702 0.243244 0.106527 0.056928 0.0199955 0.00387957 0.000257484 5.88823e-06 4.23428e-08 7.85703e-11 2.9428e-14 1.88032e-18 1.87036e-23 2.71858e-29
 1.11741e-41 1.5509e-33 2.60195e-26 5.2767e-20 1.29352e-14 3.83294e-10 1.3729e-06 0.000594417 0.0311094 0.196839 0.15558 0.112057 0.235604 0.137795 0.10357 0.0237681 0.00287973 0.000197664 4.39537e-06 2.43252e-08 3.08091e-11 7.92151e-15 3.59558e-19 2.56053e-24 2.65155e-30
 8.76509e-42 1.21654e-33 2.04099e-26 4.13909e-20 1.01465e-14 3.00659e-10 1.07691e-06 0.000466266 0.0244025 0.154421 0.124453 0.123497 0.249354 0.159832 0.12437 0.0344025 0.00459651 0.000200121 3.34993e-06 1.67257e-08 1.70613e-11 3.11155e-15 9.54345e-20 4.62514e-25 3.32865e-31
 1.41337e-41 1.96166e-33 3.29109e-26 6.67426e-20 1.63612e-14 4.84811e-10 1.73652e-06 0.000751851 0.0393489 0.248968 0.195158 0.0943755 0.159474 0.126629 0.102014 0.028955 0.00412808 0.000193122 2.56379e-06 8.68207e-09 6.8596e-12 1.00459e-15 2.32266e-20 7.94998e-26 3.90665e-32
 9.75898e-42 1.35448e-33 2.27242e-26 4.60843e-20 1.1297e-14 3.34752e-10 1.19903e-06 0.000519137 0.0271696 0.171968 0.141793 0.162362 0.273137 0.125976 0.0717686 0.0219964 0.00315949 0.000147077 1.92129e-06 5.53112e-09 3.0975e-12 3.15752e-16 5.40539e-21 1.40504e-26 5.14821e-33
 1.43675e-41 1.99411e-33 3.34554e-26 6.78469e-20 1.66319e-14 4.92833e-10 1.76525e-06 0.000764291 0.04 0.253114 0.200348 0.108086 0.161555 0.135747 0.0836593 0.0150385 0.00161311 7.28053e-05 8.93692e-07 2.34398e-09 1.12007e-12 8.746e-17 1.05415e-21 1.89581e-27 4.9246e-34
 1.00274e-41 1.39173e-33 2.33492e-26 4.73518e-20 1.16077e-14 3.43958e-10 1.232e-06 0.000533414 0.027917 0.176755 0.149412 0.183575 0.261229 0.121238 0.0621485 0.015701 0.00144732 4.16096e-05 4.09402e-07 9.38164e-10 3.84059e-13 2.49418e-17 2.39539e-22 3.25108e-28 6.06677e-35
 1.28696e-41 1.78621e-33 2.99674e-26 6.07733e-20 1.48979e-14 4.41451e-10 1.58121e-06 0.000684607 0.0358298 0.226789 0.184066 0.132302 0.181342 0.152514 0.0741657 0.0113311 0.000947112 2.68461e-05 1.86749e-07 2.99555e-10 9.59022e-14 5.03745e-18 3.88573e-23 4.1722e-29 6.04388e-36
 1.40786e-41 1.95402e-33 3.27827e-26 6.64826e-20 1.62974e-14 4.82923e-10 1.72975e-06 0.000748922 0.0391959 0.248143 0.204116 0.159104 0.187375 0.102181 0.0484826 0.00996878 0.000670122 1.36015e-05 8.07847e-08 1.0008e-10 2.21126e-14 8.18862e-19 4.70133e-24 3.8649e-30 4.31121e-37
 1.13072e-41 1.56937e-33 2.63295e-26 5.33956e-20 1.30893e-14 3.8786e-10 1.38925e-06 0.000601498 0.0314805 0.199436 0.172952 0.196599 0.22516 0.122458 0.044475 0.00640232 0.000425315 8.12227e-06 3.54263e-08 3.27301e-11 5.56225e-15 1.50111e-19 5.98717e-25 3.41427e-31 2.70669e-38
 1.37901e-41 1.91397e-33 3.21108e-26 6.51201e-20 1.59634e-14 4.73026e-10 1.6943e-06 0.000733574 0.0383928 0.243153 0.203589 0.160539 0.178995 0.12567 0.0434682 0.00521 0.000243718 3.65292e-06 1.3857e-08 1.00213e-11 1.22784e-15 2.4046e-20 7.05576e-26 2.91961e-32 1.63757e-39
 1.35367e-41 1.87881e-33 3.15209e-26 6.39237e-20 1.56702e-14 4.64335e-10 1.66317e-06 0.000720096 0.0376878 0.238833 0.206838 0.193847 0.188156 0.0972473 0.0323021 0.00419542 0.000168692 1.82509e-06 4.94103e-09 2.76815e-12 2.6644e-16 3.90318e-21 8.22284e-27 2.42076e-33 9.72914e-41
 1.18457e-41 1.6441e-33 2.75832e-26 5.59383e-20 1.37126e-14 4.0633e-10 1.45541e-06 0.000630141 0.0329804 0.209206 0.189978 0.214045 0.207011 0.113281 0.0298135 0.00294286 0.000108492 1.03993e-06 2.11508e-09 8.2425e-13 5.62877e-17 6.09699e-22 9.64246e-28 2.10491e-34 6.13642e-42
 1.06383e-41 1.47652e-33 2.47717e-26 5.02365e-20 1.23149e-14 3.64913e-10 1.30706e-06 0.000565911 0.0296193 0.188095 0.178132 0.221004 0.217361 0.129874 0.0324651 0.00280437 7.7069e-05 5.76756e-07 9.70222e-10 2.9497e-13 1.44939e-17 1.08885e-22 1.19968e-28 1.86307e-35 3.93606e-43
 1.05229e-41 1.46051e-33 2.4503e-26 4.96917e-20 1.21813e-14 3.60955e-10 1.29288e-06 0.000559774 0.0292988 0.186225 0.180129 0.221642 0.21656 0.131256 0.0316587 0.00260773 6.10108e-05 3.46686e-07 4.2519e-10 9.77087e-14 3.69061e-18 2.07889e-23 1.65289e-29 1.80104e-36 2.63975e-44
 1.26982e-41 1.76242e-33 2.95683e-26 5.99639e-20 1.46994e-14 4.35571e-10 1.56015e-06 0.00067549 0.0353546 0.224431 0.20485 0.200125 0.192434 0.112875 0.0269961 0.00220663 4.99795e-05 2.60076e-07 2.68741e-10 4.92337e-14 1.47326e-18 6.71227e-24 4.39231e-30 3.94644e-37 4.71901e-45
#pred catch len freq
 2.55625e-27 2.57009e-27 1.75628e-26 3.16532e-20 7.7594e-15 2.29925e-10 8.23553e-07 0.000356567 0.0186614 0.118058 0.0907744 0.0394917 0.236818 0.219411 0.0607137 0.0839268 0.0361067 0.0277625 0.017002 0.0128939 0.010119 0.0087753 0.00884583 0.00787484 0.0024077
 2.55759e-27 2.57408e-27 2.12832e-26 3.9502e-20 9.68345e-15 2.86938e-10 1.02776e-06 0.000444982 0.0232888 0.147332 0.113086 0.0368716 0.201209 0.187721 0.0767255 0.128059 0.0438511 0.018792 0.00833381 0.00470115 0.00299553 0.0022248 0.00199103 0.00177719 0.000596038
 2.55992e-27 2.58006e-27 2.61935e-26 4.98593e-20 1.22224e-14 3.62172e-10 1.29724e-06 0.000561655 0.029395 0.185961 0.142618 0.0390661 0.197159 0.18308 0.0594922 0.0901839 0.0363806 0.0236004 0.00764062 0.00240224 0.00100278 0.00056377 0.000417918 0.000351554 0.000122256
 2.55853e-27 2.57603e-27 2.23672e-26 4.17864e-20 1.02434e-14 3.03531e-10 1.0872e-06 0.000470715 0.0246356 0.155852 0.119677 0.0422433 0.237456 0.219957 0.060517 0.082987 0.0303519 0.0159786 0.00649111 0.00246049 0.000564004 0.000175909 9.1528e-05 6.64461e-05 2.29214e-05
 2.55871e-27 2.57675e-27 2.32259e-26 4.35988e-20 1.06877e-14 3.16696e-10 1.13435e-06 0.000491131 0.025704 0.162611 0.124803 0.0400048 0.216821 0.201468 0.0673051 0.103047 0.0352537 0.0148412 0.005158 0.00181537 0.000529197 0.000103348 2.53572e-05 1.31415e-05 4.26137e-06
 2.55997e-27 2.57995e-27 2.58447e-26 4.91225e-20 1.20418e-14 3.5682e-10 1.27807e-06 0.000553355 0.0289606 0.183213 0.140551 0.0410565 0.213759 0.198181 0.0583433 0.0834927 0.0302116 0.0151562 0.00477944 0.00132345 0.000331976 7.21385e-05 1.04978e-05 2.46129e-06 6.6662e-07
 2.55994e-27 2.57969e-27 2.54459e-26 4.82805e-20 1.18354e-14 3.50704e-10 1.25616e-06 0.00054387 0.0284642 0.180073 0.138177 0.0425428 0.226739 0.209913 0.0560122 0.0751078 0.0259017 0.0112514 0.00381731 0.00116835 0.000238629 4.2757e-05 5.94763e-06 6.35681e-07 1.00656e-07
 2.5603e-27 2.5806e-27 2.61894e-26 4.98489e-20 1.22198e-14 3.62096e-10 1.29697e-06 0.000561537 0.0293888 0.185922 0.142647 0.0427671 0.225305 0.208548 0.0550497 0.07318 0.0241442 0.00880099 0.00272523 0.000757519 0.000170494 2.72212e-05 3.05365e-06 2.41304e-07 1.64744e-08
 2.56116e-27 2.58278e-27 2.7984e-26 5.36342e-20 1.31478e-14 3.89592e-10 1.39545e-06 0.000604179 0.0316205 0.200041 0.153436 0.0433082 0.221843 0.205131 0.0504505 0.0635101 0.0205909 0.00692644 0.00197399 0.000456409 9.05665e-05 1.47264e-05 1.52101e-06 9.39007e-08 3.58488e-09
 2.56278e-27 2.58708e-27 3.16952e-26 6.14631e-20 1.50669e-14 4.4646e-10 1.59914e-06 0.000692369 0.0362361 0.22924 0.175726 0.0429744 0.203641 0.188175 0.0445578 0.0543062 0.017294 0.00532295 0.00146267 0.00030884 5.20485e-05 7.17305e-06 7.14674e-07 3.98593e-08 1.09105e-09
 2.5616e-27 2.58376e-27 2.86352e-26 5.50071e-20 1.34843e-14 3.99565e-10 1.43117e-06 0.000619644 0.0324299 0.205161 0.157371 0.0448806 0.231044 0.213238 0.0449393 0.0488524 0.0154205 0.00455306 0.00121188 0.000236027 3.67956e-05 4.33511e-06 3.58803e-07 1.85826e-08 4.41106e-10
 2.56235e-27 2.58581e-27 3.04632e-26 5.88637e-20 1.44297e-14 4.27579e-10 1.53151e-06 0.000663087 0.0347036 0.219545 0.168343 0.0441697 0.217926 0.201203 0.0440957 0.0499153 0.0150811 0.00334088 0.000836039 0.00015234 2.21048e-05 2.36289e-06 1.66367e-07 7.13479e-09 1.5261e-10
 2.56408e-27 2.59041e-27 3.44466e-26 6.72667e-20 1.64896e-14 4.88617e-10 1.75014e-06 0.000757745 0.0396576 0.250886 0.192267 0.0437525 0.197941 0.182573 0.0373849 0.0393048 0.0119445 0.00277277 0.00065149 9.17076e-05 1.20781e-05 1.18924e-06 7.49625e-08 2.70986e-09 4.81354e-11
 2.56222e-27 2.58527e-27 2.98003e-26 5.74644e-20 1.40867e-14 4.17414e-10 1.49511e-06 0.000647325 0.0338786 0.214326 0.164385 0.0459113 0.233959 0.215636 0.0400855 0.037129 0.011104 0.00231079 0.00053825 7.74053e-05 8.7181e-06 6.99493e-07 3.97428e-08 1.27121e-09 1.89223e-11
 2.56021e-27 2.58e-27 2.53208e-26 4.80153e-20 1.17704e-14 3.48777e-10 1.24926e-06 0.000540882 0.0283078 0.179084 0.137471 0.0456838 0.251137 0.231879 0.050054 0.0557542 0.0164254 0.00292183 0.00064472 8.47128e-05 9.48409e-06 7.04169e-07 3.20912e-08 8.88651e-10 1.15753e-11
 2.56132e-27 2.58314e-27 2.82204e-26 5.41327e-20 1.327e-14 3.93213e-10 1.40842e-06 0.000609794 0.0319144 0.2019 0.154864 0.0438514 0.224974 0.207945 0.049611 0.0607988 0.018407 0.00409282 0.000915882 0.000103645 1.05708e-05 7.38e-07 3.16445e-08 7.18515e-10 7.87106e-12
 2.56241e-27 2.58592e-27 3.0495e-26 5.89305e-20 1.44461e-14 4.28064e-10 1.53325e-06 0.00066384 0.034743 0.219794 0.168541 0.0447065 0.221871 0.204704 0.0421844 0.0446899 0.0137295 0.0034341 0.000815314 0.000110605 1.09707e-05 6.63257e-07 2.60541e-08 5.49088e-10 5.04318e-12
 2.56257e-27 2.58624e-27 3.06685e-26 5.9296e-20 1.45357e-14 4.30719e-10 1.54276e-06 0.000667958 0.0349585 0.221158 0.169596 0.0455888 0.227843 0.210014 0.0394834 0.0371612 0.0109633 0.0020219 0.000464273 6.92732e-05 7.71619e-06 5.14333e-07 1.80613e-08 3.39269e-10 2.84838e-12
 2.56332e-27 2.58826e-27 3.24487e-26 6.30514e-20 1.54563e-14 4.57998e-10 1.64047e-06 0.000710261 0.0371725 0.235164 0.180283 0.0450745 0.216421 0.199477 0.0376672 0.0356622 0.0103594 0.00162556 0.000338234 3.88343e-05 4.27208e-06 3.19743e-07 1.26261e-08 2.25811e-10 1.67653e-12
 2.56273e-27 2.58659e-27 3.09103e-26 5.98059e-20 1.46607e-14 4.34423e-10 1.55603e-06 0.000673701 0.0352591 0.223059 0.171057 0.046105 0.230746 0.21256 0.0375232 0.0320403 0.00926354 0.00140105 0.000281182 2.73588e-05 2.46919e-06 1.55913e-07 6.63687e-09 1.33351e-10 9.85484e-13
 2.56468e-27 2.59193e-27 3.56878e-26 6.98846e-20 1.71314e-14 5.07633e-10 1.81826e-06 0.000787236 0.0412011 0.26065 0.19973 0.0442328 0.196352 0.180928 0.0338659 0.0316581 0.00908835 0.00123888 0.000240129 2.25776e-05 1.86824e-06 9.53828e-08 3.29786e-09 6.64309e-11 5.44836e-13
 2.56485e-27 2.59231e-27 3.59193e-26 7.03726e-20 1.7251e-14 5.11178e-10 1.83095e-06 0.000792732 0.0414888 0.26247 0.201133 0.0450168 0.201334 0.185313 0.0307972 0.0235667 0.00681164 0.00104801 0.000207673 1.788e-05 1.40692e-06 6.71398e-08 1.93626e-09 3.11544e-11 2.42256e-13
 2.5641e-27 2.59021e-27 3.40092e-26 6.63428e-20 1.62631e-14 4.81906e-10 1.72611e-06 0.000747338 0.039113 0.24744 0.189673 0.0460825 0.217495 0.200115 0.0314031 0.021213 0.00595652 0.000636151 0.000112414 1.03821e-05 8.1115e-07 3.54046e-08 9.51676e-10 1.30908e-11 8.1566e-14
 2.56532e-27 2.59358e-27 3.70536e-26 7.27654e-20 1.78376e-14 5.28559e-10 1.89321e-06 0.000819687 0.0428995 0.271394 0.207941 0.0446169 0.193507 0.178114 0.0299445 0.0234214 0.00656921 0.000654992 0.000107812 7.36798e-06 5.10905e-07 2.32843e-08 5.91162e-10 7.45033e-12 4.03743e-14
 2.56549e-27 2.59397e-27 3.73379e-26 7.3365e-20 1.79845e-14 5.32914e-10 1.90881e-06 0.000826441 0.043253 0.27363 0.209655 0.0450579 0.195658 0.179967 0.0278784 0.0182516 0.00513739 0.000576066 9.92449e-05 6.32838e-06 3.75394e-07 1.29647e-08 3.16755e-10 3.9135e-12 1.94591e-14
 2.5649e-27 2.59233e-27 3.58591e-26 7.02452e-20 1.72198e-14 5.10252e-10 1.82764e-06 0.000791298 0.0414137 0.261995 0.200782 0.0457579 0.20722 0.190577 0.0286934 0.0174357 0.00483524 0.000426778 6.60012e-05 4.56199e-06 2.79387e-07 8.58087e-09 1.64156e-10 1.73764e-12 8.43876e-15
 2.56465e-27 2.59172e-27 3.53503e-26 6.9172e-20 1.69567e-14 5.02457e-10 1.79972e-06 0.000779209 0.040781 0.257992 0.197722 0.0455787 0.208006 0.191385 0.0303411 0.0209852 0.0058338 0.000511698 7.73547e-05 4.43476e-06 2.44286e-07 8.05475e-09 1.47921e-10 1.27432e-12 5.04464e-15
 2.56363e-27 2.58888e-27 3.27885e-26 6.37676e-20 1.56319e-14 4.632e-10 1.65911e-06 0.000718329 0.0375948 0.237835 0.18235 0.0467628 0.227817 0.209567 0.0317484 0.0196189 0.00543859 0.000472271 7.07896e-05 3.93092e-06 1.99089e-07 5.40998e-09 9.65199e-11 8.40226e-13 2.86393e-15
#obs catch len freq
 5.02466e-42 6.9739e-34 1.17002e-26 2.37277e-20 5.81657e-15 1.72356e-10 6.1735e-07 0.000267291 0.013989 0.0884994 0.0683014 0.0398816 0.218489 0.186464 0.143436 0.143077 0.0644003 0.0261496 0.00619158 0.000810159 4.3229e-05 6.82277e-07 2.39661e-09 1.52602e-12 1.54156e-16
 5.73013e-42 7.95304e-34 1.33429e-26 2.70591e-20 6.63321e-15 1.96554e-10 7.04025e-07 0.000304819 0.015953 0.100925 0.0779021 0.0437317 0.223515 0.181798 0.1429 0.130795 0.0564265 0.0208 0.00442344 0.000502316 2.20439e-05 2.69421e-07 7.00794e-10 3.21897e-13 2.31424e-17
 1.08388e-41 1.50436e-33 2.52387e-26 5.11835e-20 1.2547e-14 3.71792e-10 1.3317e-06 0.000576579 0.0301759 0.190902 0.146653 0.0451578 0.181273 0.140577 0.113825 0.0955297 0.0395034 0.0131246 0.00245629 0.000235524 8.37425e-06 7.91489e-08 1.5304e-10 5.09021e-14 2.60999e-18
 1.12085e-41 1.55566e-33 2.60995e-26 5.29293e-20 1.2975e-14 3.84473e-10 1.37712e-06 0.000596244 0.0312051 0.197415 0.15197 0.0583985 0.237392 0.163883 0.0763992 0.0539784 0.0213005 0.00634457 0.00103322 8.17975e-05 2.29958e-06 1.66062e-08 2.38546e-11 5.7692e-15 2.11966e-19
 7.83556e-42 1.08752e-33 1.82455e-26 3.70014e-20 9.07047e-15 2.68775e-10 9.62707e-07 0.000416819 0.0218146 0.138009 0.106878 0.0649767 0.274749 0.185075 0.116295 0.0709749 0.0165145 0.00373932 0.000520404 3.35146e-05 7.29751e-07 3.95119e-09 4.17496e-12 7.3292e-16 1.93478e-20
 1.25897e-41 1.74736e-33 2.93156e-26 5.94515e-20 1.45738e-14 4.31849e-10 1.54681e-06 0.000669717 0.0350503 0.221741 0.170538 0.0528005 0.172012 0.122024 0.125521 0.0757984 0.020155 0.00338699 0.000286839 1.39111e-05 2.31105e-07 9.24248e-10 7.08443e-13 8.94492e-17 1.68985e-21
 1.04382e-41 1.44875e-33 2.43058e-26 4.92917e-20 1.20833e-14 3.58049e-10 1.28247e-06 0.000555267 0.0290605 0.18385 0.142306 0.0736729 0.259688 0.153145 0.0854084 0.0504222 0.0184379 0.00322056 0.000225015 6.58949e-06 7.27885e-08 2.09296e-10 1.15069e-13 1.03417e-17 1.38611e-22
 1.27754e-41 1.77315e-33 2.97482e-26 6.03287e-20 1.47889e-14 4.38222e-10 1.56964e-06 0.000679599 0.0355675 0.225015 0.173561 0.0646109 0.193294 0.124109 0.115706 0.0537903 0.0114853 0.00201971 0.000156152 3.73955e-06 2.5734e-08 4.60619e-11 1.71902e-14 1.08241e-18 1.02067e-23
 1.15058e-41 1.59693e-33 2.67917e-26 5.43331e-20 1.33191e-14 3.9467e-10 1.41364e-06 0.000612059 0.0320327 0.202657 0.157137 0.0795418 0.238189 0.133915 0.0948467 0.0463117 0.0130445 0.00161624 9.36384e-05 2.17393e-06 1.23327e-08 1.45438e-11 3.33682e-15 1.35079e-19 8.6065e-25
 1.5172e-41 2.10578e-33 3.53288e-26 7.16461e-20 1.75632e-14 5.2043e-10 1.86409e-06 0.000807088 0.0422398 0.267229 0.206186 0.0697141 0.171505 0.103535 0.0929179 0.036882 0.00791375 0.00101725 5.08809e-05 8.35993e-07 3.90622e-09 3.74703e-12 6.11866e-16 1.59748e-20 6.42365e-26
 1.5498e-41 2.15102e-33 3.60878e-26 7.31853e-20 1.79405e-14 5.3161e-10 1.90414e-06 0.000824427 0.0431472 0.272973 0.211261 0.0832507 0.197428 0.0986555 0.0618314 0.0244528 0.005595 0.000554977 2.3245e-05 3.22082e-07 1.08676e-09 7.70741e-13 9.75806e-17 1.91432e-21 5.41184e-27
 1.15198e-41 1.59888e-33 2.68244e-26 5.43995e-20 1.33354e-14 3.95152e-10 1.41537e-06 0.000612806 0.0320718 0.202915 0.159017 0.103858 0.253797 0.129252 0.087322 0.026448 0.00429536 0.000394537 1.37939e-05 1.46486e-07 3.87262e-10 2.01958e-13 1.81216e-17 2.57774e-22 5.40349e-28
 1.72807e-41 2.39845e-33 4.02389e-26 8.16037e-20 2.00042e-14 5.92761e-10 2.12317e-06 0.00091926 0.0481104 0.304374 0.235257 0.0747111 0.139972 0.0899906 0.0799353 0.0231027 0.00340117 0.000218657 5.73573e-06 4.86572e-08 9.61822e-11 3.7135e-14 2.44669e-18 2.48537e-23 3.66535e-29
 1.40113e-41 1.94468e-33 3.2626e-26 6.61649e-20 1.62196e-14 4.80615e-10 1.72149e-06 0.000745344 0.0390083 0.24681 0.19385 0.116649 0.234573 0.0983525 0.0505777 0.0164293 0.00283851 0.000162147 3.12473e-06 1.82448e-08 2.64453e-11 7.51031e-15 3.57236e-19 2.61209e-24 2.76653e-30
 1.18732e-41 1.64792e-33 2.76472e-26 5.6068e-20 1.37444e-14 4.07272e-10 1.45878e-06 0.000631603 0.0330556 0.209159 0.165831 0.118831 0.2289 0.131794 0.0908454 0.0187302 0.00209406 0.000124193 2.27261e-06 1.00593e-08 9.91582e-12 1.93327e-15 6.5239e-20 3.41024e-25 2.57089e-31
 9.44976e-42 1.31156e-33 2.20042e-26 4.46241e-20 1.09391e-14 3.24145e-10 1.16103e-06 0.000502687 0.0263087 0.166493 0.134785 0.131869 0.244113 0.154893 0.109923 0.0277417 0.00324677 0.000121334 1.70178e-06 6.73002e-09 5.27945e-12 7.26846e-16 1.6566e-20 5.8913e-26 3.08354e-32
 1.50075e-41 2.08294e-33 3.49457e-26 7.08692e-20 1.73727e-14 5.14786e-10 1.84388e-06 0.000798337 0.0417818 0.264369 0.207623 0.0985117 0.152916 0.120691 0.0875761 0.0227805 0.0028379 0.000111907 1.21229e-06 3.26634e-09 1.98567e-12 2.18245e-16 3.73649e-21 9.38133e-27 3.35513e-33
 1.05271e-41 1.4611e-33 2.45129e-26 4.97118e-20 1.21863e-14 3.61101e-10 1.2934e-06 0.00056 0.0293083 0.185522 0.153739 0.17035 0.261264 0.117439 0.0621219 0.0174407 0.00216853 8.48344e-05 8.93145e-07 2.01046e-09 8.61472e-13 6.59312e-17 8.33959e-22 1.5856e-27 4.22428e-34
 1.53005e-41 2.12361e-33 3.5628e-26 7.22529e-20 1.77119e-14 5.24837e-10 1.87988e-06 0.000813924 0.0425976 0.269562 0.213817 0.111598 0.153712 0.126693 0.0688352 0.0112549 0.00107323 4.04787e-05 3.97268e-07 8.07816e-10 2.92599e-13 1.70588e-17 1.51763e-22 1.99519e-28 3.76003e-35
 1.08587e-41 1.50712e-33 2.5285e-26 5.12776e-20 1.25701e-14 3.72475e-10 1.33414e-06 0.000577638 0.0302315 0.191436 0.162669 0.19055 0.247416 0.111715 0.0525675 0.0118835 0.000929792 2.25717e-05 1.78678e-07 3.15499e-10 9.72922e-14 4.69205e-18 3.3137e-23 3.28402e-29 4.44967e-36
 1.38428e-41 1.92128e-33 3.22335e-26 6.53689e-20 1.60244e-14 4.74833e-10 1.70077e-06 0.000736376 0.0385392 0.243959 0.198561 0.136138 0.172999 0.140305 0.0598705 0.00827676 0.000599284 1.39056e-05 7.69544e-08 9.55489e-11 2.30041e-14 8.93488e-19 5.04884e-24 3.94663e-30 4.14347e-37
 1.50365e-41 2.08697e-33 3.50133e-26 7.10062e-20 1.74063e-14 5.15782e-10 1.84745e-06 0.00079988 0.0418629 0.265056 0.218657 0.161189 0.173844 0.091713 0.0393547 0.00711333 0.000402222 6.76523e-06 3.17401e-08 3.00871e-11 4.99285e-15 1.36662e-19 5.73195e-25 3.4193e-31 2.75668e-38
 1.22438e-41 1.69935e-33 2.85102e-26 5.78181e-20 1.41734e-14 4.19985e-10 1.50432e-06 0.000651317 0.034088 0.216 0.188081 0.200309 0.211083 0.109641 0.0353352 0.00455071 0.000255433 3.93711e-06 1.34898e-08 9.5338e-12 1.211e-15 2.40984e-20 7.02191e-26 2.90326e-32 1.6593e-39
 1.47971e-41 2.05374e-33 3.44557e-26 6.98755e-20 1.71291e-14 5.07568e-10 1.81803e-06 0.000787143 0.0411966 0.260951 0.219049 0.16194 0.167781 0.110891 0.0337121 0.00354931 0.000139905 1.7046e-06 5.0312e-09 2.7601e-12 2.52326e-16 3.63719e-21 7.78025e-27 2.33308e-33 9.44369e-41
 1.45179e-41 2.01499e-33 3.38057e-26 6.85572e-20 1.6806e-14 4.97992e-10 1.78373e-06 0.000772293 0.0404199 0.256206 0.222495 0.193939 0.173469 0.0847551 0.0250405 0.00280675 9.34136e-05 8.15067e-07 1.71946e-09 7.29027e-13 5.21093e-17 5.60695e-22 8.60776e-28 1.83473e-34 5.31286e-42
 1.28216e-41 1.77956e-33 2.98557e-26 6.05468e-20 1.48424e-14 4.39806e-10 1.57531e-06 0.000682057 0.0356979 0.226524 0.206299 0.215018 0.192967 0.0981157 0.0226857 0.00194898 5.93368e-05 4.51788e-07 7.10111e-10 2.09141e-13 1.05947e-17 8.40563e-23 9.66258e-29 1.52595e-35 3.20707e-43
 1.16063e-41 1.61088e-33 2.70259e-26 5.4808e-20 1.34355e-14 3.9812e-10 1.426e-06 0.00061741 0.0323152 0.205313 0.194936 0.222976 0.204968 0.11243 0.0245849 0.0018166 4.10643e-05 2.44283e-07 3.15459e-10 7.20589e-14 2.62244e-18 1.4428e-23 1.15412e-29 1.29352e-36 1.96488e-44
 1.14962e-41 1.59559e-33 2.67694e-26 5.42877e-20 1.3308e-14 3.9434e-10 1.41246e-06 0.000611549 0.0320084 0.203338 0.191982 0.216476 0.208545 0.118519 0.0265132 0.00196506 4.03276e-05 1.96175e-07 2.01648e-10 3.82446e-14 1.18144e-18 5.41341e-24 3.48565e-30 3.06329e-37 3.60834e-45
#spawning biomass
 14265.9 13192.5 17325.4 23528.2 29116.2 35056.4 43825.2 50153.9 54954.9 71842.5 94713.5 103639 130473 161206 163396 145744 137698 126862 123154 114659 121096 143214 139136 149986 167150 168131 168060 137593 140465 214989 243904 235122 210688 183221 158448 138394 123181 112131 104341 98968.3 95321.8 92874.4 91234.7 90136.4 89429 88973.4 88680 88491.1 88369.4 88291 88240.6 88208 88187.1 88173.6 88164.9 88159.4 88155.8 88153.4 88151.9 88151 88150.4 88150 88149.7 88149.5 88149.4 88149.4 88149.3 88149.3 88149.3 88149.3 88149.2 88149.2 88149.2 88149.2 88149.2 88149.2 88149.2 88149.2 88149.2 88149.2 88149.2 88149.2 88149.2 88149.2 88149.2 88149.2 88149.2 88149.2 88149.2 88149.2 88149.2 88149.2 88149.2 88149.2 88149.2 88149.2 88149.2 88149.2 88149.2 88149.2 88149.2 88149.2 88149.2 88149.2 88149.2 88149.2 88149.2 88149.2 88149.2 88149.2 88149.2 88149.2 88149.2 88149.2 88149.2 88149.2 88149.2 88149.2 88149.2 88149.2 88149.2 88149.2 88149.2 88149.2 88149.2 88149.2 88149.2 88149.2 0 0 0 0 0 0 0 0 0 0 0 0 0 0 0 0 0 0 0 0 0 0 0 0 0
