SBPRF35
0.234366
Curr Bio
159986
B35
215357
F35
0.936921
FOFL
0.643712
OFL
23712.9
Bzero
66961.4
#pred survey bio
 11340.3 14995.4 16257.7 17821.5 20576.2 24568 28160.3 32910.2 45273.3 64568.8 77769.4 90515.1 128337 153019 148199 122996 116370 109074 111794 104715 111155 113720 119280 118253 126590 144725 133104 124869 4.10751e+06 3.1347e+06 2.30578e+06 1.36877e+06 905009 702872 611004 564743 538843 523188 513302 506923 502769 500056 498271 497086 496327 495841 495528 495327 495197 495114 495060 495025 495002 494988 494979 494972 494969 494966 494964 494963 494963 494962 494962 494962 494962 494962 494962 494961 494961 494961 494961 494961 494961 494961 494961 494961 494961 494961 494961 494961 494961 494961 494961 494961 494961 494961 494961 494961 494961 494961 494961 494961 494961 494961 494961 494961 494961 494961 494961 494961 494961 494961 494961 494961 494961 494961 494961 494961 494961 494961 494961 494961 494961 494961 494961 494961 494961 494961 494961 494961 494961 494961 494961 494961 494961 494961 494961 494961 0 0 0 0 0 0 0 0 0 0 0 0 0 0 0 0 0 0 0 0 0 0 0 0 0
#obs survey bio
 7886.95 9771.67 12227.8 19659.3 15742.8 17087.4 25878.2 35573.1 32419.7 53830.1 61237.8 83937.3 120675 127657 70130.4 107668 102328 118477 71113.1 55727.3 125101 110142 110432 142143 112621 138067 114425 103534
#pred catch bio
 3678.09 7255.48 8124.69 9208.27 10722.1 13484.4 16847.4 18811.1 24458.4 38218.2 50772.7 55142.8 83974.1 103450 110592 89984.7 88473.6 77394.6 85551 77105.5 84933.3 86690.4 94579.6 92616.6 93695.2 118946 107760 103546 23712.9 62158.3 47241.5 23161.6 12884.6 9413.19 8338.85 8023.48 7934.24 7909.65 7903.01 7901.24 7900.78 7900.66 7900.63 7900.62 7900.62 7900.61 7900.61 7900.61 7900.61 7900.61 7900.61 7900.61 7900.61 7900.61 7900.61 7900.61 7900.61 7900.61 7900.61 7900.61 7900.61 7900.61 7900.61 7900.61 7900.61 7900.61 7900.61 7900.61 7900.61 7900.61 7900.61 7900.61 7900.61 7900.61 7900.61 7900.61 7900.61 7900.61 7900.61 7900.61 7900.61 7900.61 7900.61 7900.61 7900.61 7900.61 7900.61 7900.61 7900.61 7900.61 7900.61 7900.61 7900.61 7900.61 7900.61 7900.61 7900.61 7900.61 7900.61 7900.61 7900.61 7900.61 7900.61 7900.61 7900.61 7900.61 7900.61 7900.61 7900.61 7900.61 7900.61 7900.61 7900.61 7900.61 7900.61 7900.61 7900.61 7900.61 7900.61 7900.61 7900.61 7900.61 7900.61 7900.61 7900.61 7900.61 7900.61 7900.61 0 0 0 0 0 0 0 0 0 0 0 0 0 0 0 0 0 0 0 0 0 0 0 0 0
#obs catch bio
 6925.94 7449.35 8157.2 9238.39 10590.9 13615.9 17081.3 18453.8 23853 37412.6 49584.2 53008.9 81094.2 101922 113282 91399.1 86430.2 75558.3 83315.5 75364.8 81123.1 83269 91284.4 87060.2 88695.5 113460 104753 101719
#pred cpue bio
 7141.39 9589.88 9995.07 10801.7 11848.3 13915.6 15903.6 17220.4 22534.4 32926.7 41243.4 44831 60686.9 76669.4 80841.7 64364.6 58431.8 53361.5 56393.5 50733.6 52948.2 53408.6 55571.1 54487.6 56825.9 67078.3 61256.1 58035.8 1.84109e+06 2.39641e+06 2.1661e+06 1.2535e+06 782836 579116 486962 440647 414737 399080 389193 382814 378660 375947 374162 372977 372219 371732 371420 371218 371089 371005 370951 370916 370894 370879 370870 370864 370860 370857 370856 370855 370854 370853 370853 370853 370853 370853 370853 370853 370853 370853 370853 370853 370853 370853 370853 370853 370853 370853 370853 370853 370853 370853 370853 370853 370853 370853 370853 370853 370853 370853 370853 370853 370853 370853 370853 370853 370853 370853 370853 370853 370853 370853 370853 370853 370853 370853 370853 370853 370853 370853 370853 370853 370853 370853 370853 370853 370853 370853 370853 370853 370853 370853 370853 370853 370853 370853 370853 370853 0 0 0 0 0 0 0 0 0 0 0 0 0 0 0 0 0 0 0 0 0 0 0 0 0
#obs cpue bio
 9256.24 9061.68 13766.6 11717.9 19346.9 12605.4 18154.9 28368.4 39953.3 55215.1 81145.7 108259 87363.9 93427.5 99417.1 73196 106161 70218.2 135950 126909 117984 97218.2 106438 140304 132372 139447 101054 101468
#pred surv len freq
 2.56587e-27 2.59548e-27 3.91865e-26 7.72669e-20 1.8941e-14 5.61257e-10 2.01033e-06 0.000870395 0.0455534 0.288183 0.220692 0.0402716 0.151479 0.139738 0.0302919 0.0341653 0.0143059 0.0105224 0.00632237 0.00469632 0.00359175 0.00302411 0.00294946 0.00256467 0.000777149
 2.56497e-27 2.59329e-27 3.74445e-26 7.35927e-20 1.80404e-14 5.34568e-10 1.91473e-06 0.000829007 0.0433872 0.27448 0.210209 0.0390924 0.149872 0.138918 0.042299 0.0616392 0.0208246 0.00852601 0.00377753 0.00212074 0.00132123 0.000949137 0.000815351 0.0007043 0.000233198
 2.56538e-27 2.59428e-27 3.8187e-26 7.51584e-20 1.84242e-14 5.45941e-10 1.95547e-06 0.000846644 0.0443103 0.280319 0.214685 0.0401752 0.154967 0.143324 0.0377134 0.0501507 0.0185495 0.00989906 0.0031384 0.00097084 0.00040378 0.000220708 0.000155941 0.00012548 4.28603e-05
 2.56544e-27 2.59439e-27 3.82191e-26 7.52258e-20 1.84407e-14 5.46431e-10 1.95722e-06 0.000847404 0.04435 0.280571 0.214885 0.0406283 0.158275 0.146329 0.037426 0.048655 0.0168135 0.00738891 0.00264366 0.000873129 0.000194935 5.99205e-05 2.98057e-05 2.04183e-05 6.86855e-06
 2.56675e-27 2.59788e-27 4.12434e-26 8.16056e-20 2.00046e-14 5.92773e-10 2.12321e-06 0.000919271 0.0481113 0.304365 0.233048 0.0402566 0.142686 0.131849 0.0331761 0.0425739 0.0144541 0.00592456 0.00189805 0.000562179 0.000138458 2.52223e-05 5.96768e-06 2.88938e-06 9.04029e-07
 2.5666e-27 2.59735e-27 4.06589e-26 8.03723e-20 1.97023e-14 5.83814e-10 2.09112e-06 0.000905377 0.0473842 0.299765 0.229553 0.0413708 0.15362 0.14174 0.0313173 0.0358164 0.0119727 0.00463711 0.0014318 0.000384367 8.22639e-05 1.47627e-05 1.92901e-06 4.189e-07 1.07753e-07
 2.56657e-27 2.59724e-27 4.05431e-26 8.01278e-20 1.96424e-14 5.82038e-10 2.08476e-06 0.000902623 0.04724 0.298854 0.228859 0.0414991 0.155084 0.143098 0.0317031 0.0363165 0.0115414 0.00353968 0.00103896 0.000261563 5.13362e-05 8.02338e-06 9.04483e-07 8.37042e-08 1.21872e-08
 2.56816e-27 2.60149e-27 4.42225e-26 8.78896e-20 2.15451e-14 6.38419e-10 2.28671e-06 0.000990058 0.0518161 0.327803 0.250957 0.0410618 0.13623 0.125556 0.0259894 0.0276844 0.00866287 0.00243891 0.000649222 0.000131586 2.37462e-05 3.37493e-06 3.2814e-07 2.07657e-08 1.20135e-09
 2.56889e-27 2.60338e-27 4.5822e-26 9.12637e-20 2.23722e-14 6.62928e-10 2.3745e-06 0.00102807 0.0538053 0.340387 0.260568 0.0412047 0.130565 0.120188 0.0225231 0.0211173 0.00647794 0.00162756 0.000415908 7.61846e-05 1.13952e-05 1.37732e-06 1.19372e-07 6.20594e-09 1.87363e-10
 2.5683e-27 2.60177e-27 4.43872e-26 8.82366e-20 2.16301e-14 6.4094e-10 2.29574e-06 0.000993967 0.0520207 0.329097 0.251956 0.0417077 0.140444 0.129295 0.0239457 0.0220605 0.00662849 0.00143505 0.00034766 5.75076e-05 7.89891e-06 8.01592e-07 5.67523e-08 2.5395e-09 5.67702e-11
 2.56731e-27 2.59906e-27 4.19787e-26 8.31557e-20 2.03846e-14 6.04033e-10 2.16354e-06 0.000936732 0.0490252 0.310147 0.237498 0.0425082 0.156693 0.144275 0.0263497 0.0237662 0.00705286 0.00137878 0.000315541 4.49223e-05 5.5877e-06 5.06641e-07 3.01162e-08 1.0839e-09 2.00021e-11
 2.56885e-27 2.60324e-27 4.56751e-26 9.09537e-20 2.22962e-14 6.60676e-10 2.36643e-06 0.00102457 0.0536225 0.339231 0.259689 0.0414393 0.132968 0.122375 0.0223404 0.0201321 0.00589883 0.0010227 0.000222744 2.82916e-05 3.12382e-06 2.44494e-07 1.27375e-08 3.81128e-10 5.61524e-12
 2.56957e-27 2.60516e-27 4.73416e-26 9.4469e-20 2.31579e-14 6.86211e-10 2.45789e-06 0.00106417 0.055695 0.352342 0.269698 0.0412658 0.124616 0.114586 0.0195023 0.0156231 0.00458477 0.000821397 0.000176584 2.01593e-05 2.03111e-06 1.38584e-07 6.14431e-09 1.57326e-10 1.90906e-12
 2.56799e-27 2.6008e-27 4.3397e-26 8.61474e-20 2.1118e-14 6.25764e-10 2.24138e-06 0.000970432 0.0507889 0.321305 0.246028 0.043108 0.155265 0.142717 0.0217168 0.0135859 0.00387045 0.000524981 0.00010499 1.20042e-05 1.14561e-06 6.9361e-08 2.6717e-09 5.76007e-11 5.87554e-13
 2.56618e-27 2.59593e-27 3.91432e-26 7.71737e-20 1.89182e-14 5.6058e-10 2.0079e-06 0.000869346 0.0454984 0.287836 0.220484 0.043922 0.179406 0.165115 0.027884 0.0219983 0.00619521 0.000662058 0.000116283 1.04089e-05 9.13552e-07 5.37e-08 1.85607e-09 3.44365e-11 2.94141e-13
 2.56737e-27 2.59919e-27 4.2045e-26 8.32953e-20 2.04188e-14 6.05047e-10 2.16718e-06 0.000938305 0.0491075 0.310668 0.237902 0.042876 0.159209 0.146515 0.0252787 0.020744 0.00589755 0.000722394 0.000130164 9.25038e-06 6.4913e-07 3.08313e-08 1.00284e-09 1.69621e-11 1.24483e-13
 2.56811e-27 2.60115e-27 4.37446e-26 8.68807e-20 2.12978e-14 6.31091e-10 2.26046e-06 0.000978693 0.0512213 0.32404 0.24811 0.0427255 0.150891 0.138749 0.0222657 0.0158331 0.00449979 0.000569038 0.000105193 8.35983e-06 5.72055e-07 2.07433e-08 5.25113e-10 7.81277e-12 5.24431e-14
 2.56839e-27 2.60185e-27 4.43116e-26 8.80766e-20 2.15909e-14 6.39777e-10 2.29158e-06 0.000992165 0.0519263 0.3285 0.251521 0.0430047 0.15062 0.138391 0.0202387 0.0113014 0.00314298 0.000304967 5.05197e-05 4.0557e-06 2.90326e-07 1.12946e-08 2.41224e-10 2.69096e-12 1.51002e-14
 2.56789e-27 2.60053e-27 4.31668e-26 8.56617e-20 2.09989e-14 6.22236e-10 2.22874e-06 0.000964961 0.0505026 0.319493 0.244644 0.0430848 0.15606 0.143479 0.0223616 0.0148564 0.00412745 0.000363534 5.57405e-05 3.61825e-06 2.30816e-07 9.19914e-09 2.09196e-10 2.16675e-12 9.29626e-15
 2.56863e-27 2.60251e-27 4.48991e-26 8.9316e-20 2.18947e-14 6.4878e-10 2.32382e-06 0.00100613 0.052657 0.333123 0.255046 0.0427593 0.146275 0.134399 0.0198404 0.0113973 0.00316099 0.000286869 4.43087e-05 2.5927e-06 1.42536e-07 4.58355e-09 9.90997e-11 1.07411e-12 4.49756e-15
 2.56897e-27 2.60345e-27 4.57371e-26 9.10839e-20 2.23281e-14 6.61622e-10 2.36982e-06 0.00102604 0.0536993 0.339717 0.260077 0.0424844 0.140649 0.129212 0.0190201 0.0108323 0.00299198 0.000250384 3.696e-05 2.22506e-06 1.21444e-07 3.40157e-09 6.02034e-11 5.69521e-13 2.41071e-15
 2.56909e-27 2.60375e-27 4.5975e-26 9.15856e-20 2.24511e-14 6.65266e-10 2.38287e-06 0.00103169 0.0539951 0.341588 0.261508 0.04266 0.14098 0.129456 0.0179542 0.00834275 0.00228251 0.000173993 2.39085e-05 1.32517e-06 6.82582e-08 1.94078e-09 3.19343e-11 2.49938e-13 8.90264e-16
 2.56925e-27 2.60417e-27 4.63509e-26 9.23788e-20 2.26455e-14 6.71028e-10 2.40351e-06 0.00104063 0.0544627 0.344546 0.263765 0.0425339 0.138434 0.127111 0.017601 0.0081272 0.00221086 0.000146164 1.76829e-05 9.02209e-07 4.21501e-08 1.09372e-09 1.74985e-11 1.3251e-13 4.06117e-16
 2.56935e-27 2.60442e-27 4.65458e-26 9.27897e-20 2.27463e-14 6.74013e-10 2.4142e-06 0.00104526 0.0547049 0.346078 0.264937 0.0426495 0.13849 0.127119 0.0168149 0.00633469 0.00170683 0.000103968 1.14303e-05 5.11323e-07 2.01149e-08 4.66354e-10 6.72495e-12 4.75378e-14 1.41354e-16
 2.56987e-27 2.60585e-27 4.78236e-26 9.54855e-20 2.34071e-14 6.93595e-10 2.48434e-06 0.00107562 0.0562943 0.356133 0.272607 0.0421466 0.129275 0.118644 0.0158283 0.00621845 0.00167318 9.29767e-05 9.05913e-06 3.78522e-07 1.31705e-08 2.57302e-10 3.16092e-12 1.976e-14 5.37449e-17
 2.56931e-27 2.60433e-27 4.64834e-26 9.26582e-20 2.2714e-14 6.73057e-10 2.41078e-06 0.00104378 0.0546274 0.345588 0.264561 0.0425505 0.138001 0.126697 0.0172751 0.00748879 0.00202738 0.000123252 1.34079e-05 5.27898e-07 1.62388e-08 2.86868e-10 3.03244e-12 1.5693e-14 3.68829e-17
 2.56928e-27 2.60422e-27 4.63513e-26 9.23795e-20 2.26457e-14 6.71033e-10 2.40353e-06 0.00104064 0.0544631 0.344549 0.263773 0.0428589 0.140902 0.129308 0.0165268 0.00512839 0.00136647 7.50039e-05 7.17468e-06 2.95225e-07 9.77139e-09 1.59114e-10 1.48361e-12 6.68362e-15 1.31273e-17
 2.56913e-27 2.6038e-27 4.59879e-26 9.16127e-20 2.24578e-14 6.65463e-10 2.38358e-06 0.001032 0.0540111 0.341689 0.26159 0.0429278 0.14296 0.131217 0.0170607 0.00586372 0.00156392 7.60807e-05 5.89558e-06 2.23016e-07 6.51528e-09 1.11208e-10 1.06177e-12 4.29109e-15 7.35859e-18
#obs surv len freq
 1.24825e-41 1.73248e-33 2.9066e-26 5.89453e-20 1.44497e-14 4.28172e-10 1.53364e-06 0.000664015 0.0347519 0.219851 0.168609 0.0417228 0.170203 0.142504 0.089326 0.0845596 0.03322 0.0119247 0.00238702 0.00026369 1.18942e-05 1.61159e-07 4.96035e-10 2.82363e-13 2.59464e-17
 1.5604e-41 2.16573e-33 3.63347e-26 7.3686e-20 1.80633e-14 5.35247e-10 1.91717e-06 0.000830068 0.0434424 0.27483 0.210624 0.0426587 0.142016 0.113164 0.0740524 0.064577 0.024334 0.00792229 0.00140946 0.000132522 4.8501e-06 5.06204e-08 1.15284e-10 4.73838e-14 3.10237e-18
 1.29205e-41 1.79328e-33 3.0086e-26 6.10139e-20 1.49568e-14 4.43198e-10 1.58747e-06 0.000687317 0.0359715 0.227567 0.174773 0.0516311 0.203354 0.149562 0.073504 0.0557576 0.0202253 0.0059556 0.000933367 7.34657e-05 2.14723e-06 1.71536e-08 2.89075e-11 8.59006e-15 4.00984e-19
 1.55318e-41 2.15571e-33 3.61665e-26 7.33449e-20 1.79796e-14 5.32769e-10 1.90829e-06 0.000826225 0.0432413 0.273558 0.209827 0.0473929 0.150108 0.109862 0.0850837 0.0599005 0.0158541 0.00379258 0.000517353 3.36857e-05 7.74295e-07 4.67775e-09 5.80563e-12 1.24778e-15 4.16143e-20
 1.5405e-41 2.13811e-33 3.58713e-26 7.27462e-20 1.78329e-14 5.28421e-10 1.89272e-06 0.000819481 0.0428884 0.271326 0.208362 0.0552811 0.179708 0.118563 0.0639704 0.0417196 0.0141462 0.00291863 0.00028035 1.42613e-05 2.54511e-07 1.14995e-09 1.0421e-12 1.613e-16 3.84099e-21
 1.35116e-41 1.87532e-33 3.14624e-26 6.38051e-20 1.56411e-14 4.63473e-10 1.66009e-06 0.00071876 0.037617 0.237979 0.183146 0.0612221 0.205288 0.13097 0.083185 0.0464984 0.011032 0.00213549 0.00019838 7.1645e-06 9.05429e-08 2.99701e-10 1.96736e-13 2.17941e-17 3.68955e-22
 1.56483e-41 2.17188e-33 3.64378e-26 7.38951e-20 1.81145e-14 5.36766e-10 1.92261e-06 0.000832423 0.0435657 0.275613 0.211855 0.0581477 0.165839 0.105087 0.0830825 0.0438095 0.0104879 0.00156446 0.000110195 3.42919e-06 3.14555e-08 7.04657e-11 3.22901e-14 2.53206e-18 3.03171e-23
 1.72842e-41 2.39894e-33 4.02471e-26 8.16204e-20 2.00083e-14 5.92882e-10 2.12361e-06 0.000919449 0.0481203 0.304427 0.234058 0.062734 0.163224 0.0928351 0.0570702 0.0280673 0.00743611 0.00104486 5.99389e-05 1.34435e-06 9.41871e-09 1.53136e-11 4.74351e-15 2.51256e-19 2.07488e-24
 1.65358e-41 2.29507e-33 3.85045e-26 7.80863e-20 1.91419e-14 5.67211e-10 2.03166e-06 0.000879637 0.0460367 0.291248 0.224401 0.0712507 0.184901 0.0981606 0.0554543 0.0225446 0.00450859 0.000580846 3.16231e-05 5.68219e-07 2.82214e-09 3.26002e-12 7.21869e-16 2.64351e-20 1.4732e-25
 1.53331e-41 2.12814e-33 3.57039e-26 7.24069e-20 1.77497e-14 5.25956e-10 1.88389e-06 0.000815658 0.0426883 0.270068 0.208666 0.0784845 0.199618 0.104746 0.0667129 0.0239022 0.00390893 0.000372005 1.56849e-05 2.42146e-07 9.52559e-10 7.83491e-13 1.19561e-16 3.04734e-21 1.18609e-26
 1.46678e-41 2.03579e-33 3.41546e-26 6.92648e-20 1.69794e-14 5.03132e-10 1.80214e-06 0.000780263 0.0408359 0.258351 0.200158 0.0842223 0.203911 0.107354 0.0749881 0.0250539 0.00402249 0.000310687 9.27651e-06 1.01597e-07 3.07941e-10 1.95617e-13 2.17238e-17 3.84771e-22 1.02667e-27
 1.88372e-41 2.61448e-33 4.38633e-26 8.89538e-20 2.1806e-14 6.46151e-10 2.31441e-06 0.00100206 0.0524438 0.331785 0.255849 0.0730343 0.140878 0.0736023 0.0523331 0.0163123 0.00257514 0.000178779 4.39396e-06 3.38312e-08 6.88907e-11 3.0958e-14 2.53489e-18 3.29937e-23 6.30177e-29
 1.5722e-41 2.18211e-33 3.66095e-26 7.42433e-20 1.81999e-14 5.39296e-10 1.93167e-06 0.000836346 0.043771 0.27693 0.215657 0.10223 0.213595 0.0900668 0.0428393 0.0121161 0.00183863 0.000116255 2.52822e-06 1.56432e-08 2.28149e-11 6.83831e-15 3.7519e-19 3.39328e-24 4.62958e-30
 1.2717e-41 1.76503e-33 2.9612e-26 6.00526e-20 1.47212e-14 4.36215e-10 1.56245e-06 0.000676488 0.0354047 0.224012 0.176353 0.113828 0.233667 0.119371 0.0778755 0.0169853 0.00173194 9.24715e-05 1.76698e-06 9.19233e-09 1.06058e-11 2.33212e-15 8.80579e-20 5.31354e-25 4.84603e-31
 1.14707e-41 1.59206e-33 2.671e-26 5.41674e-20 1.32785e-14 3.93466e-10 1.40933e-06 0.000610192 0.0319351 0.20207 0.160354 0.117357 0.227234 0.135394 0.0982133 0.0239328 0.00278969 0.000107321 1.42722e-06 5.90161e-09 5.47199e-12 9.35868e-16 2.64036e-20 1.14277e-25 7.22367e-32
 1.55529e-41 2.15864e-33 3.62156e-26 7.34445e-20 1.80041e-14 5.33493e-10 1.91089e-06 0.000827348 0.0433001 0.273967 0.214551 0.100548 0.16513 0.104696 0.0747431 0.0196173 0.0025158 0.000102494 1.18412e-06 3.36551e-09 2.20399e-12 2.83805e-16 6.08573e-21 1.97381e-26 9.17057e-33
 1.40705e-41 1.95289e-33 3.27637e-26 6.64442e-20 1.6288e-14 4.82643e-10 1.72875e-06 0.000748489 0.039173 0.247887 0.197682 0.136094 0.215409 0.0970408 0.0513802 0.0129002 0.00161499 6.75082e-05 7.80768e-07 1.98185e-09 9.72283e-13 8.55494e-17 1.2748e-21 2.98315e-27 1.01778e-33
 1.46111e-41 2.02793e-33 3.40227e-26 6.89974e-20 1.69139e-14 5.0119e-10 1.79518e-06 0.000777251 0.0406783 0.25742 0.205275 0.129883 0.189926 0.107956 0.0572814 0.00984974 0.000917069 3.46917e-05 3.76724e-07 8.90641e-10 3.8469e-13 2.71903e-17 2.95912e-22 4.78259e-28 1.118e-34
 1.44305e-41 2.00286e-33 3.36021e-26 6.81443e-20 1.67048e-14 4.94993e-10 1.77298e-06 0.000767641 0.0401754 0.254268 0.204983 0.144632 0.19588 0.100977 0.0486664 0.00893172 0.000699353 1.77818e-05 1.48266e-07 2.98346e-10 1.11149e-13 6.6608e-18 5.93259e-23 7.48542e-29 1.29926e-35
 1.55867e-41 2.16333e-33 3.62944e-26 7.36043e-20 1.80432e-14 5.34654e-10 1.91504e-06 0.000829147 0.0433944 0.274651 0.221225 0.141327 0.174962 0.0949556 0.0416114 0.00656715 0.000464986 1.03917e-05 6.19912e-08 8.65409e-11 2.44487e-14 1.16856e-18 8.38605e-24 8.47224e-30 1.16094e-36
 1.50403e-41 2.0875e-33 3.50221e-26 7.10241e-20 1.74107e-14 5.15912e-10 1.84791e-06 0.000800082 0.0418734 0.265082 0.21711 0.160605 0.184874 0.089674 0.0345772 0.00508945 0.000306637 5.66481e-06 2.78463e-08 2.9156e-11 5.67419e-15 1.88354e-19 9.84122e-25 7.49809e-31 7.87195e-38
 1.54955e-41 2.15068e-33 3.6082e-26 7.31737e-20 1.79377e-14 5.31526e-10 1.90384e-06 0.000824296 0.0431407 0.273138 0.224638 0.160022 0.172473 0.0903254 0.0313776 0.00386114 0.000195947 3.01536e-06 1.17366e-08 9.5613e-12 1.40836e-15 3.35781e-20 1.21162e-25 6.34554e-32 4.6661e-39
 1.55598e-41 2.15959e-33 3.62317e-26 7.34771e-20 1.8012e-14 5.3373e-10 1.91173e-06 0.000827714 0.0433198 0.27434 0.228557 0.170873 0.170221 0.0827889 0.0259641 0.00298021 0.00012523 1.50833e-06 4.58692e-09 2.86677e-12 3.1747e-16 5.63166e-21 1.49141e-26 5.60837e-33 2.89473e-40
 1.59286e-41 2.21079e-33 3.70906e-26 7.5219e-20 1.8439e-14 5.46382e-10 1.95705e-06 0.000847337 0.0443469 0.280909 0.235925 0.174132 0.162118 0.0780257 0.0215023 0.00211568 7.57882e-05 7.4886e-07 1.73902e-09 8.09038e-13 6.64917e-17 8.69819e-22 1.68567e-27 4.61522e-34 1.72705e-41
 1.58397e-41 2.19844e-33 3.68835e-26 7.47989e-20 1.83361e-14 5.43331e-10 1.94612e-06 0.000842605 0.0440997 0.279454 0.238557 0.184103 0.160204 0.0730836 0.0180286 0.00157853 4.66919e-05 3.69901e-07 6.75151e-10 2.37705e-13 1.43066e-17 1.354e-22 1.89635e-28 3.75198e-35 1.01294e-42
 1.37464e-41 1.90791e-33 3.20091e-26 6.49138e-20 1.59129e-14 4.71527e-10 1.68893e-06 0.00073125 0.0382725 0.242817 0.219003 0.216731 0.182912 0.0808106 0.0173964 0.0012917 3.15263e-05 1.99157e-07 2.79108e-10 7.41731e-14 3.32596e-18 2.30535e-23 2.32821e-29 3.29241e-36 6.33602e-44
 1.40578e-41 1.95113e-33 3.27343e-26 6.63845e-20 1.62734e-14 4.8221e-10 1.7272e-06 0.000747818 0.0391401 0.248406 0.224311 0.205486 0.176177 0.0874815 0.0171363 0.00108969 2.13937e-05 1.05398e-07 1.12901e-10 2.2457e-14 7.41808e-19 3.75826e-24 2.7607e-30 2.8233e-37 3.90286e-45
 1.46544e-41 2.03394e-33 3.41235e-26 6.92018e-20 1.6964e-14 5.02674e-10 1.8005e-06 0.000779554 0.0408009 0.2589 0.231752 0.202988 0.169291 0.0784887 0.0159232 0.00105548 1.90237e-05 8.00291e-08 7.08175e-11 1.14966e-14 3.08404e-19 1.263e-24 7.46733e-31 6.1318e-38 6.80033e-46
#pred catch len freq
 2.55816e-27 2.57496e-27 2.15085e-26 3.99755e-20 9.7995e-15 2.90377e-10 1.04008e-06 0.000450315 0.0235679 0.149098 0.114509 0.0415692 0.235954 0.218209 0.0533534 0.067261 0.0282508 0.0208353 0.0124628 0.00922094 0.00703538 0.00591734 0.00576923 0.00501623 0.00152001
 2.558e-27 2.57486e-27 2.16341e-26 4.02411e-20 9.86463e-15 2.92307e-10 1.04699e-06 0.000453308 0.0237245 0.150088 0.115234 0.0396281 0.220676 0.205119 0.0696123 0.10737 0.0362593 0.0147869 0.00652031 0.00364206 0.00226299 0.00162381 0.00139438 0.00120437 0.00039877
 2.55865e-27 2.57639e-27 2.27457e-26 4.25851e-20 1.04392e-14 3.09333e-10 1.10798e-06 0.000479712 0.0251064 0.158831 0.121941 0.0415963 0.230942 0.214069 0.0617228 0.0872582 0.0322373 0.0171216 0.00541121 0.00166336 0.000689642 0.000376441 0.000265852 0.000213902 7.3062e-05
 2.55888e-27 2.57692e-27 2.31e-26 4.33321e-20 1.06224e-14 3.14759e-10 1.12741e-06 0.000488128 0.0255468 0.161617 0.124081 0.0423851 0.235442 0.218121 0.0606601 0.0836668 0.0288801 0.0126139 0.00449474 0.00147673 0.000328784 0.000100865 5.01418e-05 3.43453e-05 1.15533e-05
 2.56031e-27 2.58067e-27 2.63103e-26 5.01041e-20 1.22824e-14 3.6395e-10 1.30361e-06 0.000564412 0.0295393 0.186874 0.143366 0.0422835 0.22112 0.204753 0.0555726 0.0753763 0.0255558 0.0103978 0.00331873 0.000977066 0.000239973 4.36474e-05 1.03177e-05 4.99453e-06 1.56266e-06
 2.56048e-27 2.58092e-27 2.63094e-26 5.01014e-20 1.22818e-14 3.6393e-10 1.30354e-06 0.000564382 0.0295377 0.186864 0.143386 0.0440625 0.234643 0.216853 0.0508695 0.0615504 0.020543 0.00788516 0.00242546 0.000647124 0.000138104 2.47415e-05 3.2305e-06 7.01284e-07 1.80382e-07
 2.56084e-27 2.58183e-27 2.70657e-26 5.16968e-20 1.26728e-14 3.75519e-10 1.34505e-06 0.000582353 0.0304783 0.192815 0.147932 0.0442084 0.23256 0.214894 0.0498905 0.0597431 0.0189547 0.00574504 0.00167899 0.000419978 8.21909e-05 1.28231e-05 1.44441e-06 1.33626e-07 1.94539e-08
 2.56255e-27 2.58636e-27 3.0951e-26 5.98926e-20 1.46819e-14 4.35052e-10 1.55828e-06 0.000674677 0.0353102 0.223382 0.171271 0.0440846 0.21522 0.198668 0.0429335 0.0479351 0.0149782 0.00416696 0.00110492 0.00022243 4.00163e-05 5.67712e-06 5.51527e-07 3.48905e-08 2.01826e-09
 2.56329e-27 2.58825e-27 3.24942e-26 6.31476e-20 1.54799e-14 4.58696e-10 1.64297e-06 0.000711345 0.0372292 0.235523 0.180551 0.0446535 0.21303 0.196416 0.0383647 0.038061 0.0116656 0.00289853 0.000737904 0.000134266 2.00226e-05 2.41519e-06 2.09144e-07 1.08692e-08 3.2811e-10
 2.56298e-27 2.58736e-27 3.16773e-26 6.14242e-20 1.50574e-14 4.46178e-10 1.59813e-06 0.000691931 0.0362132 0.229095 0.17565 0.0451163 0.219995 0.202803 0.038771 0.0373642 0.0112155 0.00239634 0.000578059 9.49575e-05 1.30027e-05 1.31683e-06 9.31424e-08 4.16622e-09 9.31226e-11
 2.56229e-27 2.58548e-27 2.99862e-26 5.78566e-20 1.41828e-14 4.20263e-10 1.50531e-06 0.000651742 0.0341098 0.215789 0.165501 0.0458383 0.232619 0.214409 0.0400293 0.0373033 0.0110566 0.00212897 0.000484922 6.85446e-05 8.49797e-06 7.68875e-07 4.566e-08 1.64261e-09 3.03077e-11
 2.56384e-27 2.58967e-27 3.36916e-26 6.56734e-20 1.6099e-14 4.77043e-10 1.70869e-06 0.000739797 0.0387183 0.244943 0.187746 0.0447712 0.208871 0.192487 0.0360375 0.0337114 0.00986924 0.00168691 0.000365659 4.6119e-05 5.07533e-06 3.96339e-07 2.06273e-08 6.16925e-10 9.08764e-12
 2.56525e-27 2.59342e-27 3.69417e-26 7.25296e-20 1.77798e-14 5.26846e-10 1.88707e-06 0.000817031 0.0427605 0.270515 0.207266 0.0444273 0.192538 0.17726 0.0305227 0.0249733 0.00731857 0.00128917 0.000275728 3.12527e-05 3.13775e-06 2.13593e-07 9.4598e-09 2.421e-10 2.93717e-12
 2.56343e-27 2.58835e-27 3.2339e-26 6.28194e-20 1.53994e-14 4.56312e-10 1.63443e-06 0.000707648 0.0370357 0.234299 0.17965 0.0467773 0.229824 0.211443 0.0324953 0.0208582 0.00593843 0.000792819 0.000157543 1.78845e-05 1.70106e-06 1.02747e-07 3.95329e-09 8.51861e-11 8.68751e-13
 2.56189e-27 2.58425e-27 2.87924e-26 5.53378e-20 1.35654e-14 4.01967e-10 1.43978e-06 0.000623369 0.0326249 0.206395 0.158348 0.0471347 0.247511 0.227946 0.0387288 0.0309019 0.00869615 0.000914539 0.000159335 1.41628e-05 1.23791e-06 7.25938e-08 2.50637e-09 4.64759e-11 3.96884e-13
 2.56314e-27 2.58769e-27 3.18581e-26 6.18052e-20 1.51508e-14 4.48945e-10 1.60805e-06 0.000696223 0.0364378 0.230516 0.176749 0.0459896 0.225869 0.208024 0.0360922 0.0299103 0.0084951 0.00102308 0.000183076 1.29278e-05 9.02976e-07 4.27765e-08 1.38966e-09 2.34919e-11 1.72362e-13
 2.56438e-27 2.59098e-27 3.47068e-26 6.78146e-20 1.66239e-14 4.92597e-10 1.7644e-06 0.000763917 0.0399807 0.252929 0.193858 0.0456867 0.211542 0.194665 0.0312082 0.0221436 0.00628481 0.000780228 0.000143181 1.13017e-05 7.70257e-07 2.78588e-08 7.04242e-10 1.0471e-11 7.02683e-14
 2.56425e-27 2.59056e-27 3.42615e-26 6.68749e-20 1.63936e-14 4.85771e-10 1.73995e-06 0.000753332 0.0394267 0.249424 0.191195 0.046474 0.219405 0.201764 0.0296266 0.0167497 0.00465578 0.000444834 7.3049e-05 5.8248e-06 4.15287e-07 1.61165e-08 3.43787e-10 3.83229e-12 2.14979e-14
 2.56416e-27 2.59034e-27 3.4114e-26 6.6564e-20 1.63174e-14 4.83513e-10 1.73186e-06 0.00074983 0.0392434 0.248265 0.190304 0.046118 0.217322 0.199942 0.0311275 0.0206247 0.00572532 0.000496286 7.53319e-05 4.85923e-06 3.08447e-07 1.22617e-08 2.785e-10 2.88272e-12 1.23641e-14
 2.56482e-27 2.5921e-27 3.56394e-26 6.97817e-20 1.71061e-14 5.06886e-10 1.81558e-06 0.000786077 0.0411404 0.260266 0.199465 0.0459589 0.209675 0.192809 0.0284839 0.0163976 0.00454447 0.000405955 6.21127e-05 3.61339e-06 1.97627e-07 6.33841e-09 1.36842e-10 1.48221e-12 6.20457e-15
 2.56555e-27 2.5941e-27 3.74073e-26 7.35112e-20 1.80204e-14 5.33976e-10 1.91261e-06 0.000828089 0.0433392 0.274176 0.210077 0.0453902 0.197891 0.181943 0.0267089 0.0150856 0.00416292 0.000342876 5.00699e-05 2.99609e-06 1.62716e-07 4.54605e-09 8.03363e-11 7.59392e-13 3.21336e-15
 2.5657e-27 2.59447e-27 3.76936e-26 7.41152e-20 1.81684e-14 5.38363e-10 1.92833e-06 0.000834892 0.0436952 0.276428 0.211801 0.0456511 0.198665 0.182572 0.025263 0.011634 0.00318014 0.000238819 3.24331e-05 1.78733e-06 9.15694e-08 2.59692e-09 4.26695e-11 3.337e-13 1.18817e-15
 2.56621e-27 2.59587e-27 3.8939e-26 7.67424e-20 1.88125e-14 5.57447e-10 1.99668e-06 0.000864487 0.0452441 0.286227 0.219277 0.0452289 0.190199 0.174772 0.0240867 0.0109151 0.00296612 0.000193402 2.30735e-05 1.17073e-06 5.4381e-08 1.40742e-09 2.24824e-11 1.70123e-13 5.21205e-16
 2.56625e-27 2.59593e-27 3.89659e-26 7.67991e-20 1.88264e-14 5.57859e-10 1.99816e-06 0.000865126 0.0452776 0.286439 0.219442 0.0454683 0.191905 0.176284 0.0232396 0.00860559 0.00231628 0.00013933 1.5092e-05 6.71828e-07 2.62616e-08 6.07246e-10 8.74219e-12 6.17476e-14 1.83539e-16
 2.56653e-27 2.5967e-27 3.96611e-26 7.82657e-20 1.91859e-14 5.68512e-10 2.03631e-06 0.000881646 0.0461422 0.291908 0.223614 0.045156 0.186598 0.171412 0.0228356 0.00890994 0.00239602 0.000131729 1.26377e-05 5.2565e-07 1.81709e-08 3.54079e-10 4.34181e-12 2.71189e-14 7.373e-17
 2.56659e-27 2.59688e-27 3.9835e-26 7.86326e-20 1.92758e-14 5.71178e-10 2.04586e-06 0.00088578 0.0463585 0.293277 0.224656 0.0449993 0.184673 0.169661 0.0229891 0.00969986 0.00262255 0.00015737 1.68581e-05 6.61017e-07 2.0193e-08 3.55795e-10 3.75387e-12 1.94089e-14 4.55951e-17
 2.56643e-27 2.5964e-27 3.93627e-26 7.7636e-20 1.90315e-14 5.63938e-10 2.01993e-06 0.000874553 0.045771 0.28956 0.221826 0.0455097 0.190546 0.174989 0.0222785 0.00674235 0.00179387 9.73611e-05 9.15816e-06 3.75118e-07 1.23341e-08 2.00374e-10 1.86457e-12 8.39203e-15 1.64746e-17
 2.56643e-27 2.59641e-27 3.93806e-26 7.76738e-20 1.90408e-14 5.64213e-10 2.02092e-06 0.000874979 0.0457932 0.289701 0.221932 0.0454196 0.189785 0.174309 0.0225479 0.00752616 0.00200442 9.66135e-05 7.34562e-06 2.76655e-07 8.02529e-09 1.36625e-10 1.30201e-12 5.25741e-15 9.01099e-18
#obs catch len freq
 6.00184e-42 8.33015e-34 1.39756e-26 2.83422e-20 6.94775e-15 2.05874e-10 7.37409e-07 0.000319272 0.0167094 0.10571 0.081488 0.0424649 0.22735 0.191928 0.131619 0.127104 0.0516991 0.0191423 0.00398581 0.000457902 2.16659e-05 3.09214e-07 9.99241e-10 5.9318e-13 5.64501e-17
 6.83877e-42 9.49176e-34 1.59244e-26 3.22944e-20 7.91658e-15 2.34583e-10 8.40238e-07 0.000363794 0.0190395 0.120451 0.0928554 0.0461906 0.230077 0.184744 0.129147 0.114371 0.0446271 0.0150354 0.00281017 0.000277105 1.06139e-05 1.15941e-07 2.76048e-10 1.18131e-13 8.01009e-18
 1.02797e-41 1.42675e-33 2.39368e-26 4.85433e-20 1.18998e-14 3.52613e-10 1.263e-06 0.000546837 0.0286192 0.181055 0.139202 0.0481912 0.202552 0.154603 0.110485 0.0894895 0.0333273 0.0101171 0.00166806 0.000138782 4.27158e-06 3.56571e-08 6.24989e-11 1.92564e-14 9.28883e-19
 8.80238e-42 1.22171e-33 2.04968e-26 4.1567e-20 1.01897e-14 3.01938e-10 1.08149e-06 0.00046825 0.0245063 0.155037 0.119666 0.0599607 0.26173 0.182756 0.0961287 0.0679061 0.0242163 0.00660499 0.000951357 6.56641e-05 1.59993e-06 1.01503e-08 1.31021e-11 2.91048e-15 9.99492e-20
 1.21122e-41 1.6811e-33 2.82039e-26 5.7197e-20 1.40212e-14 4.15473e-10 1.48816e-06 0.00064432 0.0337212 0.213332 0.164082 0.0539923 0.193831 0.136037 0.110611 0.0708542 0.018281 0.00407598 0.000506936 2.86742e-05 5.44816e-07 2.59753e-09 2.45894e-12 3.94038e-16 9.65356e-21
 1.28479e-41 1.7832e-33 2.99168e-26 6.06707e-20 1.48727e-14 4.40706e-10 1.57854e-06 0.000683452 0.0357691 0.226289 0.17429 0.0635652 0.219844 0.137543 0.0771768 0.0465224 0.0152226 0.00283269 0.000248449 1.09523e-05 1.60298e-07 5.68283e-10 3.91346e-13 4.50577e-17 7.87041e-22
 1.17377e-41 1.62911e-33 2.73318e-26 5.54283e-20 1.35876e-14 4.02625e-10 1.44214e-06 0.000624396 0.0326784 0.206738 0.159645 0.0695162 0.235137 0.142804 0.092871 0.0471001 0.0108054 0.00191637 0.000157526 4.87077e-06 5.05018e-08 1.30662e-10 6.49672e-14 5.34249e-18 6.6257e-23
 1.45067e-41 2.01343e-33 3.37795e-26 6.85042e-20 1.6793e-14 4.97607e-10 1.78235e-06 0.000771695 0.0403875 0.255507 0.196818 0.0647912 0.185259 0.112691 0.0896849 0.0428959 0.00979353 0.00131341 8.28314e-05 2.17568e-06 1.61431e-08 2.82453e-11 9.79506e-15 5.6931e-19 4.98814e-24
 1.67199e-41 2.32062e-33 3.89332e-26 7.89557e-20 1.93551e-14 5.73526e-10 2.05428e-06 0.000889431 0.0465493 0.29449 0.226792 0.0688113 0.175254 0.0948756 0.0585034 0.0263698 0.0065981 0.000823589 4.14592e-05 7.8411e-07 4.42424e-09 5.57208e-12 1.30387e-15 5.11887e-20 3.09138e-25
 1.64114e-41 2.2778e-33 3.82147e-26 7.74988e-20 1.89979e-14 5.62943e-10 2.01637e-06 0.000873018 0.0456903 0.289058 0.223091 0.0771026 0.1903 0.0960065 0.0538346 0.0198311 0.00375751 0.000433057 2.03617e-05 3.0338e-07 1.2068e-09 1.07836e-12 1.79852e-16 4.87615e-21 1.98812e-26
 1.5581e-41 2.16253e-33 3.6281e-26 7.35771e-20 1.80366e-14 5.34457e-10 1.91434e-06 0.000828842 0.0433783 0.274435 0.212402 0.0839418 0.199271 0.100055 0.0622654 0.0200783 0.00307318 0.000259692 9.52208e-06 1.20997e-07 3.76524e-10 2.3825e-13 2.73524e-17 5.15686e-22 1.46775e-27
 1.52091e-41 2.11092e-33 3.5415e-26 7.1821e-20 1.76061e-14 5.217e-10 1.86864e-06 0.000809059 0.0423429 0.267889 0.207873 0.0891549 0.199154 0.101092 0.0679445 0.0204904 0.00303778 0.000204982 5.27416e-06 4.76398e-08 1.14044e-10 5.53872e-14 4.6096e-18 6.03337e-23 1.177e-28
 1.9303e-41 2.67913e-33 4.49479e-26 9.11534e-20 2.23452e-14 6.62129e-10 2.37164e-06 0.00102684 0.0537406 0.339992 0.262449 0.0762385 0.135939 0.0688708 0.0465719 0.0131542 0.00189863 0.000114292 2.38054e-06 1.49605e-08 2.40518e-11 8.26498e-15 5.05991e-19 4.85593e-24 6.77677e-30
 1.6264e-41 2.25733e-33 3.78714e-26 7.68025e-20 1.88272e-14 5.57885e-10 1.99825e-06 0.000865175 0.0452798 0.286481 0.223555 0.107184 0.205304 0.082522 0.0376854 0.00971189 0.00133508 7.28789e-05 1.32861e-06 6.63078e-09 7.57107e-12 1.73201e-15 7.10612e-20 4.73418e-25 4.71138e-31
 1.33552e-41 1.85361e-33 3.10982e-26 6.30665e-20 1.546e-14 4.58108e-10 1.64087e-06 0.00071044 0.0371816 0.235261 0.185763 0.120151 0.225851 0.112548 0.0679951 0.0132449 0.00123396 5.70575e-05 9.0683e-07 3.77447e-09 3.38232e-12 5.64683e-16 1.59169e-20 7.07662e-26 4.70797e-32
 1.21683e-41 1.68888e-33 2.83345e-26 5.74619e-20 1.40861e-14 4.17397e-10 1.49505e-06 0.000647304 0.0338774 0.214369 0.170706 0.124132 0.220242 0.129443 0.0856596 0.0189167 0.00194191 6.36034e-05 7.08289e-07 2.33913e-09 1.67485e-12 2.16423e-16 4.54379e-21 1.4474e-26 6.67786e-33
 1.63303e-41 2.26653e-33 3.80258e-26 7.71155e-20 1.8904e-14 5.60159e-10 2.0064e-06 0.000868701 0.0454644 0.287668 0.225731 0.104351 0.156909 0.0982878 0.0636904 0.0152614 0.00170678 5.85863e-05 5.52294e-07 1.24793e-09 6.31881e-13 6.13236e-17 9.75497e-22 2.32342e-27 7.87052e-34
 1.48488e-41 2.06092e-33 3.45761e-26 7.01197e-20 1.7189e-14 5.09342e-10 1.82438e-06 0.000789894 0.04134 0.261613 0.209287 0.140745 0.202895 0.0888979 0.0433595 0.00994886 0.00108411 3.80418e-05 3.54821e-07 7.05338e-10 2.65158e-13 1.75638e-17 1.93994e-22 3.32652e-28 8.2569e-35
 1.54537e-41 2.14488e-33 3.59848e-26 7.29764e-20 1.78893e-14 5.30093e-10 1.89871e-06 0.000822074 0.0430242 0.27228 0.217726 0.133565 0.178495 0.0991643 0.0469947 0.00730764 0.00060059 1.90673e-05 1.66098e-07 3.04952e-10 1.00033e-13 5.28968e-18 4.25868e-23 5.04466e-29 8.5754e-36
 1.52901e-41 2.12217e-33 3.56038e-26 7.22038e-20 1.76999e-14 5.2448e-10 1.8786e-06 0.000813371 0.0425688 0.269435 0.217884 0.147954 0.182919 0.0917074 0.039722 0.00654582 0.000439039 9.38077e-06 6.30859e-08 9.82351e-11 2.7636e-14 1.23206e-18 8.0835e-24 7.46046e-30 9.41984e-37
 1.64646e-41 2.28518e-33 3.83386e-26 7.775e-20 1.90595e-14 5.64768e-10 2.02291e-06 0.000875848 0.0458386 0.290143 0.234328 0.143275 0.162147 0.0851692 0.0332314 0.00470044 0.000284759 5.24944e-06 2.49971e-08 2.70624e-11 5.76849e-15 2.04357e-19 1.07596e-24 7.92369e-31 7.87872e-38
 1.59321e-41 2.21127e-33 3.70986e-26 7.52352e-20 1.8443e-14 5.46501e-10 1.95748e-06 0.00084752 0.0443562 0.280829 0.230712 0.162115 0.170477 0.0795471 0.0273483 0.00357937 0.000182871 2.77731e-06 1.08026e-08 8.69657e-12 1.27474e-15 3.13508e-20 1.19902e-25 6.63717e-32 5.0401e-39
 1.64108e-41 2.27771e-33 3.82134e-26 7.7496e-20 1.89972e-14 5.62923e-10 2.0163e-06 0.000872987 0.0456892 0.289307 0.238584 0.160542 0.158616 0.0792923 0.0243298 0.00264967 0.000113605 1.4253e-06 4.36553e-09 2.72222e-12 3.00672e-16 5.30076e-21 1.40003e-26 5.32454e-33 2.82642e-40
 1.64811e-41 2.28746e-33 3.83769e-26 7.78276e-20 1.90785e-14 5.65331e-10 2.02493e-06 0.000876723 0.0458849 0.290628 0.242772 0.170425 0.155628 0.0718072 0.0199038 0.00200093 7.0321e-05 6.87489e-07 1.63738e-09 7.79846e-13 6.45606e-17 8.44779e-22 1.63498e-27 4.46414e-34 1.66487e-41
 1.68505e-41 2.33873e-33 3.92371e-26 7.9572e-20 1.95061e-14 5.78003e-10 2.07031e-06 0.000896374 0.0469136 0.297219 0.250227 0.172675 0.147637 0.0668103 0.0161897 0.00138826 4.13599e-05 3.28683e-07 5.94528e-10 2.10136e-13 1.28753e-17 1.23969e-22 1.75292e-28 3.48018e-35 9.4011e-43
 1.67712e-41 2.32774e-33 3.90526e-26 7.91979e-20 1.94144e-14 5.75285e-10 2.06058e-06 0.00089216 0.0466935 0.295956 0.253191 0.18168 0.1453 0.0618597 0.0133885 0.0010122 2.47302e-05 1.56745e-07 2.21601e-10 5.90254e-14 2.64247e-18 1.83775e-23 1.87509e-29 2.68663e-36 5.23068e-44
 1.47041e-41 2.04083e-33 3.42391e-26 6.94362e-20 1.70215e-14 5.04377e-10 1.8066e-06 0.000782195 0.0409393 0.259832 0.234891 0.214616 0.167051 0.0682288 0.0128248 0.000816911 1.63684e-05 8.2181e-08 8.8812e-11 1.77954e-14 5.91967e-19 3.01037e-24 2.21308e-30 2.26499e-37 3.14099e-45
 1.50343e-41 2.08667e-33 3.50082e-26 7.09958e-20 1.74038e-14 5.15706e-10 1.84718e-06 0.000799764 0.0418586 0.265563 0.235667 0.197341 0.166473 0.0774301 0.0140455 0.000805791 1.38796e-05 5.8602e-08 5.27087e-11 8.67915e-15 2.34915e-19 9.68308e-25 5.75825e-31 4.75088e-38 5.28516e-46
#spawning biomass
 13622.1 18001.7 19704.8 21674.1 25327.7 30331.5 34790.4 41315.1 57374.9 81431.7 97285.1 114803 164143 193437 184175 154234 147091 138498 141151 133219 141862 145473 152810 151762 163226 185566 170829 159986 151331 164161 103507 53510 33224.7 26406.2 24296.9 23677.8 23502.6 23454.3 23441.3 23437.8 23436.9 23436.7 23436.6 23436.6 23436.6 23436.6 23436.6 23436.6 23436.6 23436.6 23436.6 23436.6 23436.6 23436.6 23436.6 23436.6 23436.6 23436.6 23436.6 23436.6 23436.6 23436.6 23436.6 23436.6 23436.6 23436.6 23436.6 23436.6 23436.6 23436.6 23436.6 23436.6 23436.6 23436.6 23436.6 23436.6 23436.6 23436.6 23436.6 23436.6 23436.6 23436.6 23436.6 23436.6 23436.6 23436.6 23436.6 23436.6 23436.6 23436.6 23436.6 23436.6 23436.6 23436.6 23436.6 23436.6 23436.6 23436.6 23436.6 23436.6 23436.6 23436.6 23436.6 23436.6 23436.6 23436.6 23436.6 23436.6 23436.6 23436.6 23436.6 23436.6 23436.6 23436.6 23436.6 23436.6 23436.6 23436.6 23436.6 23436.6 23436.6 23436.6 23436.6 23436.6 23436.6 23436.6 23436.6 23436.6 0 0 0 0 0 0 0 0 0 0 0 0 0 0 0 0 0 0 0 0 0 0 0 0 0
