SBPRF35
0.62225
Curr Bio
141978
B35
492738
F35
0.284854
FOFL
0.0877532
OFL
8472.19
Bzero
177786
#pred survey bio
 17206.8 14030.9 14070 18124.2 20899.5 21872.6 27316.4 38781.2 56764.4 70454.4 84823.9 106959 139232 165298 158981 127007 112097 114312 109251 126303 138906 140890 151511 178586 174465 191707 167801 161761 6.59944e+06 5.54269e+06 5.69153e+06 5.05936e+06 4.23661e+06 3.48197e+06 2.88055e+06 2.43678e+06 2.12416e+06 1.91001e+06 1.76557e+06 1.66875e+06 1.6038e+06 1.55986e+06 1.52951e+06 1.50805e+06 1.49326e+06 1.48285e+06 1.47539e+06 1.46995e+06 1.46592e+06 1.4629e+06 1.46062e+06 1.45887e+06 1.45752e+06 1.45648e+06 1.45567e+06 1.45504e+06 1.45454e+06 1.45415e+06 1.45385e+06 1.45361e+06 1.45342e+06 1.45328e+06 1.45316e+06 1.45307e+06 1.453e+06 1.45294e+06 1.4529e+06 1.45286e+06 1.45283e+06 1.45281e+06 1.45279e+06 1.45278e+06 1.45277e+06 1.45276e+06 1.45275e+06 1.45275e+06 1.45275e+06 1.45274e+06 1.45274e+06 1.45274e+06 1.45274e+06 1.45273e+06 1.45273e+06 1.45273e+06 1.45273e+06 1.45273e+06 1.45273e+06 1.45273e+06 1.45273e+06 1.45273e+06 1.45273e+06 1.45273e+06 1.45273e+06 1.45273e+06 1.45273e+06 1.45273e+06 1.45273e+06 1.45273e+06 1.45273e+06 1.45273e+06 1.45273e+06 1.45273e+06 1.45273e+06 1.45273e+06 1.45273e+06 1.45273e+06 1.45273e+06 1.45273e+06 1.45273e+06 1.45273e+06 1.45273e+06 1.45273e+06 1.45273e+06 1.45273e+06 1.45273e+06 1.45273e+06 1.45273e+06 1.45273e+06 1.45273e+06 1.45273e+06 1.45273e+06 1.45273e+06 1.45273e+06 1.45273e+06 1.45273e+06 1.45273e+06 1.45273e+06 1.45273e+06 0 0 0 0 0 0 0 0 0 0 0 0 0 0 0 0 0 0 0 0 0 0 0 0 0
#obs survey bio
 15145.9 16012.8 14034.4 15446.5 24396.2 17629.3 19570.3 26556.7 66110.2 53018.8 57586.3 87114.6 114883 134934 87327.5 87902.7 82627.4 115727 80343.9 110347 110679 139310 99580.1 206261 164418 186463 152030 105666
#pred catch bio
 10076.8 8013.17 7439.27 9527.87 12110.2 11898.3 14843.3 19783.8 33104.2 41445.2 48030.5 61496.5 82895 104340 108499 85782.9 71390.8 78041 67059.5 80460 93425.8 93989.8 94333.1 123210 112220 138161 114674 91428 8472.19 49030.9 56112.3 49808.6 40691.8 32426.2 25974.6 21331.5 18159.8 16069.7 14727.4 13881.5 13355.9 13032.4 12834.1 12712.8 12640.9 12598.2 12573 12558 12549.1 12543.8 12540.7 12538.9 12537.8 12537.1 12536.7 12536.5 12536.4 12536.3 12536.2 12536.2 12536.2 12536.2 12536.2 12536.2 12536.2 12536.2 12536.2 12536.2 12536.2 12536.2 12536.2 12536.2 12536.2 12536.2 12536.2 12536.2 12536.2 12536.2 12536.2 12536.2 12536.2 12536.2 12536.2 12536.2 12536.2 12536.2 12536.2 12536.2 12536.2 12536.2 12536.2 12536.2 12536.2 12536.2 12536.2 12536.2 12536.2 12536.2 12536.2 12536.2 12536.2 12536.2 12536.2 12536.2 12536.2 12536.2 12536.2 12536.2 12536.2 12536.2 12536.2 12536.2 12536.2 12536.2 12536.2 12536.2 12536.2 12536.2 12536.2 12536.2 12536.2 12536.2 12536.2 12536.2 12536.2 12536.2 12536.2 12536.2 0 0 0 0 0 0 0 0 0 0 0 0 0 0 0 0 0 0 0 0 0 0 0 0 0
#obs catch bio
 7771.13 8008.34 7380.76 9179.89 11934.2 11628 13991.4 18800.2 30715.7 39739.4 43900.9 56294.2 79705.4 98308.4 123314 91085.5 69954.8 71445.3 67302.5 74547.3 90884.6 82345.8 91346.9 101299 94423.1 124893 107665 86543.8
#pred cpue bio
 11985.4 9466.6 8720.28 10525 13026 13261.6 15870.6 21228 31960.2 39390.7 47882.2 60599.7 76774.5 93260.5 94688.5 75906 64384.4 65330.2 60007.8 70421.1 76687.6 76811.6 81076.9 97735.1 94293.2 105303 90647.9 89036.7 3.90925e+06 4.58356e+06 5.38647e+06 4.87813e+06 4.06961e+06 3.31638e+06 2.71509e+06 2.27132e+06 1.95871e+06 1.74456e+06 1.60012e+06 1.5033e+06 1.43835e+06 1.39441e+06 1.36406e+06 1.3426e+06 1.3278e+06 1.3174e+06 1.30994e+06 1.3045e+06 1.30047e+06 1.29745e+06 1.29516e+06 1.29342e+06 1.29207e+06 1.29103e+06 1.29022e+06 1.28958e+06 1.28909e+06 1.2887e+06 1.2884e+06 1.28816e+06 1.28797e+06 1.28783e+06 1.28771e+06 1.28762e+06 1.28755e+06 1.28749e+06 1.28744e+06 1.28741e+06 1.28738e+06 1.28736e+06 1.28734e+06 1.28733e+06 1.28732e+06 1.28731e+06 1.2873e+06 1.2873e+06 1.28729e+06 1.28729e+06 1.28729e+06 1.28729e+06 1.28728e+06 1.28728e+06 1.28728e+06 1.28728e+06 1.28728e+06 1.28728e+06 1.28728e+06 1.28728e+06 1.28728e+06 1.28728e+06 1.28728e+06 1.28728e+06 1.28728e+06 1.28728e+06 1.28728e+06 1.28728e+06 1.28728e+06 1.28728e+06 1.28728e+06 1.28728e+06 1.28728e+06 1.28728e+06 1.28728e+06 1.28728e+06 1.28728e+06 1.28728e+06 1.28728e+06 1.28728e+06 1.28728e+06 1.28728e+06 1.28728e+06 1.28728e+06 1.28728e+06 1.28728e+06 1.28728e+06 1.28728e+06 1.28728e+06 1.28728e+06 1.28728e+06 1.28728e+06 1.28728e+06 1.28728e+06 1.28728e+06 1.28728e+06 1.28728e+06 1.28728e+06 1.28728e+06 1.28728e+06 0 0 0 0 0 0 0 0 0 0 0 0 0 0 0 0 0 0 0 0 0 0 0 0 0
#obs cpue bio
 8974.35 7609.6 11154.9 11295.8 15034.5 15643.9 34318.4 30999.2 45409.4 54712.1 104807 108059 96541.1 144042 79293.4 103164 98955.4 108838 61311.5 133854 103098 150756 112472 258305 175574 149380 122933 179069
#pred surv len freq
 1.4222e-11 1.54366e-09 9.87939e-08 3.72818e-06 8.29566e-05 0.00108843 0.00842136 0.0384391 0.103727 0.167248 0.169523 0.130705 0.105964 0.0883717 0.0621457 0.0396245 0.025781 0.0170124 0.0115425 0.00826436 0.00636677 0.00535045 0.00464757 0.00359123 0.00209897
 1.19082e-11 1.29252e-09 8.27214e-08 3.12165e-06 6.94609e-05 0.000911378 0.00705213 0.0322046 0.0871138 0.142158 0.152073 0.138024 0.136556 0.122108 0.0823252 0.0459984 0.0246422 0.0126721 0.00641816 0.00349818 0.0021457 0.00150447 0.00116371 0.000857983 0.000500028
 1.54567e-11 1.67768e-09 1.07371e-07 4.05186e-06 9.01589e-05 0.00118293 0.0091523 0.0417716 0.112667 0.18123 0.181673 0.134852 0.103394 0.0851185 0.0621204 0.0410295 0.0245477 0.0121777 0.0051234 0.00204613 0.000864203 0.000429399 0.000261106 0.000170407 9.49931e-05
 1.59431e-11 1.73047e-09 1.1075e-07 4.17937e-06 9.29961e-05 0.00122015 0.00944038 0.0430877 0.116234 0.187114 0.188239 0.141315 0.109316 0.08682 0.0560287 0.0303477 0.0161024 0.00833134 0.00389634 0.00156787 0.000542631 0.000179601 6.90042e-05 3.32687e-05 1.62688e-05
 1.35452e-11 1.4702e-09 9.40926e-08 3.55076e-06 7.90091e-05 0.00103665 0.0080211 0.0366213 0.098948 0.160559 0.167518 0.141528 0.129054 0.111065 0.0730034 0.0390118 0.0193439 0.00871136 0.00350105 0.00132874 0.000468098 0.000143618 3.93164e-05 1.1397e-05 3.90692e-06
 1.51131e-11 1.64038e-09 1.04984e-07 3.96177e-06 8.81545e-05 0.00115663 0.00894901 0.0408474 0.110224 0.177706 0.180042 0.138584 0.111956 0.0927448 0.0638471 0.0380081 0.0207761 0.00962352 0.00368576 0.00123859 0.000378968 0.000106117 2.65734e-05 5.87458e-06 1.25176e-06
 1.58735e-11 1.72292e-09 1.10267e-07 4.16112e-06 9.25902e-05 0.00121483 0.00939918 0.0428998 0.11573 0.186323 0.187539 0.141062 0.10957 0.0875967 0.0573142 0.0316164 0.0165814 0.007999 0.00336287 0.00121166 0.000365317 9.26554e-05 2.03321e-05 3.89246e-06 6.46555e-07
 1.69749e-11 1.84246e-09 1.17917e-07 4.44984e-06 9.90144e-05 0.00129911 0.0100511 0.0458709 0.123685 0.198642 0.197639 0.142592 0.103107 0.0786379 0.0498824 0.0262616 0.0129275 0.00581916 0.00230625 0.000825447 0.000261979 6.9886e-05 1.51201e-05 2.63875e-06 3.76173e-07
 1.60527e-11 1.74237e-09 1.11511e-07 4.20808e-06 9.36352e-05 0.00122854 0.00950529 0.0433846 0.117045 0.188496 0.189988 0.143545 0.112003 0.0887399 0.0558404 0.0282168 0.0131636 0.0056441 0.00211328 0.000705642 0.000211485 5.55961e-05 1.23491e-05 2.20456e-06 3.04755e-07
 1.61952e-11 1.75784e-09 1.12501e-07 4.24545e-06 9.44667e-05 0.00123945 0.00958966 0.043769 0.118073 0.190075 0.191224 0.143548 0.110886 0.0874584 0.0551152 0.0279464 0.0129494 0.00536702 0.0018785 0.000575251 0.000158196 3.8442e-05 8.07033e-06 1.41383e-06 1.96913e-07
 1.58803e-11 1.72365e-09 1.10313e-07 4.16289e-06 9.26295e-05 0.00121534 0.00940325 0.0429199 0.115805 0.186609 0.188606 0.143861 0.113899 0.0908711 0.057108 0.028592 0.0130546 0.00536384 0.00185902 0.000553266 0.000143262 3.19229e-05 6.10249e-06 9.86499e-07 1.30346e-07
 1.59991e-11 1.73655e-09 1.11139e-07 4.19403e-06 9.33225e-05 0.00122444 0.00947354 0.0432396 0.116653 0.187853 0.189292 0.142912 0.111494 0.0887347 0.0566927 0.0295061 0.01406 0.00590397 0.00205593 0.000610427 0.000156565 3.39287e-05 6.12366e-06 9.10815e-07 1.09989e-07
 1.65859e-11 1.80024e-09 1.15215e-07 4.34785e-06 9.67451e-05 0.00126934 0.00982085 0.0448223 0.120887 0.194388 0.194536 0.143342 0.107417 0.0833721 0.0524982 0.0268471 0.0126395 0.00535613 0.00192039 0.000588983 0.000153852 3.3412e-05 5.95671e-06 8.58005e-07 9.78073e-08
 1.57295e-11 1.70729e-09 1.09266e-07 4.12337e-06 9.17501e-05 0.00120381 0.00931404 0.0425138 0.114725 0.184995 0.187566 0.144596 0.116235 0.0931001 0.0578168 0.0280736 0.0123594 0.00498323 0.00172718 0.000520695 0.000136976 3.04095e-05 5.52328e-06 7.98908e-07 8.98472e-08
 1.43042e-11 1.55258e-09 9.93648e-08 3.74972e-06 8.34361e-05 0.00109473 0.00847039 0.0386698 0.104444 0.169165 0.175035 0.144122 0.127001 0.106685 0.0677298 0.0337045 0.0151108 0.00599735 0.00196467 0.00054848 0.000135463 2.90812e-05 5.2533e-06 7.69062e-07 8.76861e-08
 1.4414e-11 1.5645e-09 1.00128e-07 3.77851e-06 8.40766e-05 0.00110313 0.00853535 0.0389652 0.105227 0.17031 0.175643 0.143176 0.124671 0.104636 0.0673673 0.0346455 0.016141 0.0065577 0.002164 0.000595824 0.000140558 2.81025e-05 4.73586e-06 6.63548e-07 7.45518e-08
 1.55547e-11 1.68832e-09 1.08052e-07 4.07755e-06 9.07307e-05 0.00119043 0.00921055 0.0420416 0.113452 0.182955 0.185561 0.143248 0.115588 0.093463 0.0595872 0.0305944 0.0143257 0.00592059 0.00201788 0.000577191 0.000139467 2.77831e-05 4.51548e-06 5.95235e-07 6.27576e-08
 1.55259e-11 1.68518e-09 1.07852e-07 4.06998e-06 9.05623e-05 0.00118822 0.00919349 0.0419643 0.113251 0.182692 0.185581 0.143991 0.116951 0.0944897 0.0594483 0.029628 0.0134356 0.00548416 0.00188406 0.000551499 0.000137853 2.85187e-05 4.7652e-06 6.29772e-07 6.45639e-08
 1.6269e-11 1.76585e-09 1.13014e-07 4.2648e-06 9.48971e-05 0.00124509 0.00963338 0.043969 0.118619 0.191006 0.1924 0.145029 0.112572 0.0883292 0.0541897 0.0257985 0.0109972 0.0042403 0.00137574 0.000381662 9.27773e-05 1.92604e-05 3.29697e-06 4.49509e-07 4.71873e-08
 1.60161e-11 1.73839e-09 1.11257e-07 4.19849e-06 9.34217e-05 0.00122574 0.00948365 0.0432866 0.11679 0.188164 0.19002 0.144515 0.113828 0.0903086 0.0561382 0.0274109 0.0120265 0.00468586 0.00150082 0.000402902 9.35314e-05 1.85251e-05 3.07444e-06 4.17207e-07 4.45293e-08
 1.62303e-11 1.76164e-09 1.12745e-07 4.25463e-06 9.4671e-05 0.00124213 0.00961042 0.0438642 0.118336 0.190547 0.191926 0.144648 0.112304 0.0883248 0.0546121 0.02647 0.0115401 0.00450715 0.00146034 0.000396482 9.16762e-05 1.76895e-05 2.81277e-06 3.64841e-07 3.77212e-08
 1.62927e-11 1.76842e-09 1.13179e-07 4.27101e-06 9.50353e-05 0.00124691 0.00964742 0.0440334 0.118796 0.191318 0.192839 0.145673 0.113369 0.0887777 0.0538182 0.0248691 0.0101593 0.00377484 0.00118079 0.000311869 7.11151e-05 1.36791e-05 2.15928e-06 2.73741e-07 2.7268e-08
 1.67298e-11 1.81586e-09 1.16215e-07 4.38558e-06 9.75846e-05 0.00128035 0.0099061 0.0452119 0.121945 0.196151 0.196583 0.145549 0.109672 0.0843987 0.0510102 0.0236267 0.00964503 0.00352652 0.00105985 0.000263819 5.6817e-05 1.04931e-05 1.61744e-06 2.02552e-07 1.99448e-08
 1.62818e-11 1.76723e-09 1.13103e-07 4.26814e-06 9.49716e-05 0.00124607 0.00964095 0.0440037 0.118713 0.191167 0.192605 0.14529 0.112879 0.0885207 0.0541011 0.0254894 0.0106561 0.00398176 0.00122041 0.000307863 6.56742e-05 1.16742e-05 1.70826e-06 2.04358e-07 1.9517e-08
 1.63947e-11 1.77948e-09 1.13887e-07 4.29773e-06 9.56299e-05 0.00125471 0.00970777 0.0443086 0.119534 0.192478 0.193868 0.146074 0.113168 0.0882137 0.0530251 0.0240144 0.00950151 0.00341045 0.00102205 0.000254294 5.39675e-05 9.58279e-06 1.38658e-06 1.60763e-07 1.4668e-08
 1.61901e-11 1.75728e-09 1.12466e-07 4.24411e-06 9.44367e-05 0.00123905 0.00958667 0.0437564 0.118052 0.190151 0.191807 0.145283 0.113613 0.0894405 0.054772 0.0258558 0.0107981 0.00399129 0.00119305 0.00029087 6.03897e-05 1.05688e-05 1.51884e-06 1.75364e-07 1.58278e-08
 1.62741e-11 1.76639e-09 1.13049e-07 4.26612e-06 9.49264e-05 0.00124548 0.0096364 0.0439837 0.11867 0.191186 0.193036 0.146662 0.115037 0.0900007 0.0536018 0.0236111 0.00895021 0.00310086 0.000905785 0.000219114 4.49173e-05 7.67558e-06 1.07167e-06 1.20829e-07 1.07462e-08
 1.59696e-11 1.73335e-09 1.10934e-07 4.18631e-06 9.31508e-05 0.00122218 0.00945621 0.0431624 0.11647 0.187765 0.190165 0.146026 0.116527 0.0923867 0.0559958 0.0256094 0.010199 0.00360341 0.00102546 0.000234686 4.57243e-05 7.60376e-06 1.04574e-06 1.15774e-07 1.00548e-08
#obs surv len freq
 1.16169e-11 1.2609e-09 8.06976e-08 3.04528e-06 6.77617e-05 0.000889086 0.00687972 0.0314185 0.0849912 0.138635 0.14765 0.131749 0.128766 0.120067 0.091671 0.059915 0.0338612 0.0156092 0.00572782 0.0016603 0.000370225 6.13308e-05 7.30012e-06 6.04881e-07 3.39034e-08
 8.30968e-12 9.01938e-10 5.7724e-08 2.17833e-06 4.84713e-05 0.000636009 0.00492248 0.0225035 0.0611784 0.102106 0.118952 0.130317 0.151605 0.149323 0.114794 0.074499 0.0414386 0.0186851 0.0066631 0.0018604 0.000395749 6.19671e-05 6.91568e-06 5.33815e-07 2.77373e-08
 1.84574e-11 2.00338e-09 1.28216e-07 4.83847e-06 0.000107662 0.00141256 0.0109286 0.0498671 0.134332 0.214628 0.207952 0.134652 0.0784435 0.0564777 0.045233 0.0331695 0.0196929 0.00894102 0.00311866 0.000840006 0.00017082 2.53623e-05 2.66315e-06 1.9209e-07 9.27472e-09
 8.45222e-12 9.1741e-10 5.87142e-08 2.2157e-06 4.93035e-05 0.000646964 0.00500848 0.0229214 0.0626088 0.10652 0.131795 0.157477 0.184305 0.162341 0.0965715 0.0424825 0.0170868 0.00689661 0.00245516 0.000675716 0.0001355 1.93064e-05 1.91643e-06 1.29572e-07 5.83096e-09
 1.41278e-11 1.53344e-09 9.81399e-08 3.7035e-06 8.24078e-05 0.00108125 0.0083662 0.0381946 0.103131 0.166538 0.168981 0.129036 0.104142 0.096037 0.0830386 0.0582481 0.0295721 0.0103244 0.00259624 0.000525026 8.97525e-05 1.20526e-05 1.15479e-06 7.46537e-08 3.16867e-09
 1.19959e-11 1.30204e-09 8.33303e-08 3.14464e-06 6.99732e-05 0.000918143 0.00710585 0.0324751 0.0881057 0.145259 0.15968 0.149192 0.143274 0.120321 0.0777111 0.042186 0.0211117 0.0089911 0.00285872 0.000631493 9.5661e-05 1.01985e-05 7.8893e-07 4.40757e-08 1.70615e-09
 1.64249e-11 1.78277e-09 1.14097e-07 4.30567e-06 9.58071e-05 0.00125706 0.00972666 0.0444064 0.119896 0.19343 0.194854 0.143171 0.103157 0.0793352 0.0553501 0.0325035 0.0152969 0.00554217 0.00156456 0.000346147 5.68973e-05 6.47645e-06 4.89661e-07 2.43061e-08 7.94796e-10
 1.34662e-11 1.46163e-09 9.35444e-08 3.53009e-06 7.85504e-05 0.00103069 0.00797704 0.0364565 0.0988748 0.162557 0.175883 0.155926 0.138528 0.108659 0.0648441 0.0307308 0.0125924 0.00437296 0.00119685 0.000245959 3.69745e-05 3.97554e-06 2.96509e-07 1.47886e-08 4.77829e-10
 1.42246e-11 1.54395e-09 9.88125e-08 3.72889e-06 8.29738e-05 0.00108873 0.00842573 0.0384969 0.104273 0.170398 0.179927 0.149763 0.125298 0.100203 0.0661829 0.0352384 0.0147259 0.0046031 0.00107133 0.000190273 2.5687e-05 2.52993e-06 1.73725e-07 8.04535e-09 2.45234e-10
 1.42367e-11 1.54526e-09 9.88966e-08 3.73207e-06 8.30449e-05 0.00108968 0.00843365 0.0385426 0.104491 0.171278 0.182442 0.153979 0.128458 0.0991987 0.0619725 0.0314844 0.0130978 0.00423482 0.00101342 0.000174929 2.144e-05 1.84724e-06 1.10841e-07 4.55611e-09 1.25256e-10
 1.28545e-11 1.39524e-09 8.92951e-08 3.36975e-06 7.49835e-05 0.000983945 0.00761673 0.0348345 0.0947044 0.156886 0.17298 0.157206 0.140569 0.111162 0.0693076 0.0345039 0.0137757 0.00423403 0.000972041 0.000163911 1.9773e-05 1.65135e-06 9.2975e-08 3.46821e-09 8.47238e-11
 1.41429e-11 1.53508e-09 9.82452e-08 3.7075e-06 8.24988e-05 0.00108254 0.00837925 0.0383062 0.10395 0.17082 0.182731 0.154199 0.12743 0.0987029 0.0632936 0.0327218 0.0132451 0.00400647 0.000885606 0.000141893 1.62069e-05 1.28654e-06 6.91583e-08 2.45971e-09 5.67534e-11
 1.35362e-11 1.46923e-09 9.40308e-08 3.54847e-06 7.89611e-05 0.00103617 0.00802174 0.0366959 0.0998176 0.16539 0.181336 0.160298 0.136251 0.102878 0.0619984 0.0300398 0.0117195 0.00351887 0.00077892 0.000123478 1.36683e-05 1.03298e-06 5.23132e-08 1.74603e-09 3.78031e-11
 1.1375e-11 1.23465e-09 7.9018e-08 2.98195e-06 6.63568e-05 0.000870865 0.00674477 0.0309017 0.0845314 0.14285 0.166037 0.163834 0.153439 0.121334 0.0747396 0.0361967 0.0136478 0.00386437 0.000804163 0.000121301 1.29419e-05 9.46328e-07 4.61123e-08 1.46598e-09 2.99331e-11
 9.25437e-12 1.00448e-09 6.42869e-08 2.42606e-06 5.39889e-05 0.000708655 0.00549144 0.0252086 0.0694351 0.12005 0.148371 0.161785 0.165018 0.139409 0.0921507 0.0474466 0.0184369 0.00521052 0.00105381 0.000151148 1.51328e-05 1.03552e-06 4.74054e-08 1.42293e-09 2.74977e-11
 1.21425e-11 1.31795e-09 8.43493e-08 3.18314e-06 7.0834e-05 0.000929614 0.00719913 0.0329662 0.0899428 0.15025 0.167793 0.152898 0.136459 0.113752 0.0794513 0.0437201 0.0179692 0.0053125 0.00110714 0.000159844 1.56851e-05 1.02796e-06 4.43398e-08 1.2423e-09 2.23273e-11
 1.17385e-11 1.27411e-09 8.15437e-08 3.0773e-06 6.84815e-05 0.000898863 0.00696427 0.0319419 0.0876161 0.148825 0.173316 0.1672 0.148912 0.112818 0.068674 0.0340886 0.0135634 0.00408328 0.000881053 0.000131022 1.30547e-05 8.53815e-07 3.60953e-08 9.74385e-10 1.6628e-11
 1.24198e-11 1.34806e-09 8.62763e-08 3.25591e-06 7.24562e-05 0.000951035 0.00736822 0.0337861 0.0925525 0.156316 0.178611 0.165969 0.143442 0.108415 0.0659258 0.0313783 0.0114038 0.00309285 0.00061597 8.77676e-05 8.61103e-06 5.6056e-07 2.35527e-08 6.26983e-10 1.04438e-11
 1.17077e-11 1.27077e-09 8.133e-08 3.06929e-06 6.83064e-05 0.000896702 0.00695068 0.031921 0.0878639 0.15046 0.177536 0.172361 0.151489 0.111891 0.0652238 0.0297354 0.0103682 0.00266752 0.000493017 6.41635e-05 5.75665e-06 3.47686e-07 1.37971e-08 3.51755e-10 5.65499e-12
 1.20676e-11 1.30983e-09 8.38306e-08 3.16367e-06 7.0408e-05 0.00092432 0.00716519 0.0329077 0.0905459 0.15463 0.180515 0.171364 0.147773 0.108997 0.0638257 0.0287698 0.00968179 0.00236265 0.00041013 4.97325e-05 4.12018e-06 2.27978e-07 8.26e-09 1.92732e-10 2.85486e-12
 1.27935e-11 1.38862e-09 8.88734e-08 3.354e-06 7.46449e-05 0.000979976 0.0075971 0.0348925 0.0959649 0.163379 0.188302 0.173071 0.142618 0.100797 0.0569221 0.024911 0.00817921 0.00194266 0.000324607 3.73299e-05 2.89456e-06 1.48474e-07 4.95361e-09 1.05923e-10 1.43328e-12
 1.20913e-11 1.31241e-09 8.39962e-08 3.17002e-06 7.05556e-05 0.000926499 0.00718734 0.0330751 0.0914732 0.158019 0.187842 0.179558 0.150127 0.103713 0.0558689 0.0230832 0.00715536 0.00161142 0.000256224 2.80471e-05 2.06244e-06 9.9663e-08 3.10836e-09 6.1689e-11 7.70267e-13
 1.28017e-11 1.38951e-09 8.89311e-08 3.35628e-06 7.47016e-05 0.000980941 0.00760913 0.035001 0.09661 0.165676 0.192831 0.177475 0.143577 0.0981152 0.052704 0.0214011 0.00636737 0.00135117 0.000200624 2.04725e-05 1.40577e-06 6.35494e-08 1.85489e-09 3.44055e-11 4.00454e-13
 1.20713e-11 1.31024e-09 8.38586e-08 3.16496e-06 7.04514e-05 0.000925423 0.0071849 0.0331318 0.0920636 0.160501 0.192948 0.184319 0.150485 0.100034 0.0513508 0.019933 0.00570398 0.00116438 0.000164903 1.58507e-05 1.01439e-06 4.24765e-08 1.14599e-09 1.96521e-11 2.11694e-13
 1.21469e-11 1.31845e-09 8.43849e-08 3.18489e-06 7.08985e-05 0.000931405 0.0072332 0.033371 0.0927925 0.161778 0.193847 0.183723 0.149268 0.0995897 0.0512145 0.019575 0.00540052 0.00104842 0.000140433 1.27409e-05 7.67519e-07 3.01128e-08 7.56904e-10 1.20296e-11 1.19632e-13
 1.0784e-11 1.17054e-09 7.49202e-08 2.8279e-06 6.29656e-05 0.000827696 0.00643852 0.0298376 0.0839327 0.150389 0.189723 0.191084 0.160432 0.106766 0.0538375 0.0200981 0.00540743 0.00101806 0.000130903 1.12715e-05 6.38656e-07 2.34366e-08 5.49262e-10 8.12189e-12 7.49968e-14
 1.09307e-11 1.18647e-09 7.59406e-08 2.86649e-06 6.38283e-05 0.000839128 0.00652855 0.0302579 0.0850594 0.151866 0.189759 0.188844 0.158458 0.106919 0.0546272 0.0203268 0.00534656 0.000971092 0.000119591 9.81521e-06 5.2747e-07 1.82558e-08 4.0124e-10 5.53691e-12 4.75347e-14
 1.12237e-11 1.21828e-09 7.79783e-08 2.94354e-06 6.55512e-05 0.000861987 0.00670986 0.0311293 0.0876419 0.156607 0.19475 0.190408 0.155181 0.101603 0.0506916 0.0185574 0.00481783 0.000860377 0.000103179 8.15204e-06 4.17557e-07 1.36748e-08 2.82964e-10 3.66234e-12 2.93953e-14
#pred catch len freq
 1.01072e-11 1.09704e-09 7.02104e-08 2.64952e-06 5.89555e-05 0.000773542 0.00598568 0.0273371 0.0739826 0.121017 0.130803 0.122207 0.12542 0.11701 0.0866342 0.0580078 0.0391447 0.0262805 0.0179637 0.0129006 0.00994849 0.00836276 0.0072646 0.0056135 0.00328093
 7.98263e-12 8.66438e-10 5.54519e-08 2.09259e-06 4.65633e-05 0.000610968 0.00472853 0.0216154 0.0587698 0.0983213 0.116416 0.133527 0.161074 0.155105 0.108493 0.0633868 0.0353706 0.0185894 0.00951376 0.00521181 0.00320286 0.00224688 0.00173816 0.00128155 0.00074688
 1.13387e-11 1.23071e-09 7.87653e-08 2.97236e-06 6.6139e-05 0.00086779 0.00671475 0.0306619 0.0829128 0.135079 0.143484 0.127988 0.125936 0.117984 0.0914003 0.0633817 0.0391236 0.0196927 0.00835419 0.00335527 0.00142134 0.000707007 0.000430035 0.00028067 0.00015646
 1.20604e-11 1.30904e-09 8.37785e-08 3.16154e-06 7.03486e-05 0.000923024 0.00714221 0.0326151 0.0882136 0.143865 0.153492 0.138311 0.135837 0.121234 0.0820232 0.0464975 0.0257346 0.0136151 0.00642753 0.0025974 0.000900768 0.000298449 0.000114721 5.53177e-05 2.70517e-05
 9.72972e-12 1.05607e-09 6.75882e-08 2.55057e-06 5.67539e-05 0.000744668 0.00576274 0.0263303 0.071415 0.118079 0.133471 0.138857 0.155631 0.145545 0.0991797 0.0551478 0.0283899 0.0130505 0.00529756 0.00202184 0.000714145 0.000219328 6.00658e-05 1.74147e-05 5.97009e-06
 1.1149e-11 1.21012e-09 7.74475e-08 2.92263e-06 6.50325e-05 0.000853277 0.00660265 0.0301545 0.0816029 0.133444 0.144059 0.134129 0.137006 0.126863 0.0917557 0.0571691 0.0323466 0.0152364 0.00588565 0.00198884 0.00061044 0.000171178 4.28902e-05 9.48373e-06 2.02095e-06
 1.20826e-11 1.31146e-09 8.3933e-08 3.16737e-06 7.04783e-05 0.000924725 0.00715536 0.0326749 0.0883711 0.14409 0.153583 0.138052 0.135399 0.12135 0.0831973 0.0479405 0.0261193 0.0128531 0.00545288 0.00197389 0.000596515 0.000151466 3.3256e-05 6.36825e-06 1.0579e-06
 1.32824e-11 1.44167e-09 9.22669e-08 3.48187e-06 7.74761e-05 0.00101654 0.00786551 0.0359118 0.097043 0.157565 0.16485 0.140452 0.129511 0.112477 0.0750736 0.0413172 0.0211803 0.00974788 0.00390403 0.00140534 0.000447287 0.000119461 2.58585e-05 4.51381e-06 6.43537e-07
 1.26164e-11 1.36939e-09 8.76405e-08 3.30728e-06 7.35914e-05 0.000965571 0.00747137 0.034117 0.0922582 0.150321 0.159718 0.142228 0.137619 0.120989 0.0791548 0.041433 0.0200215 0.00876072 0.00331119 0.00111121 0.000333907 8.78801e-05 1.95293e-05 3.48702e-06 4.82076e-07
 1.2824e-11 1.39192e-09 8.9083e-08 3.36172e-06 7.48027e-05 0.000981462 0.00759428 0.034677 0.0937557 0.152625 0.161535 0.14228 0.136068 0.119185 0.0781082 0.0409996 0.0196503 0.00830246 0.00293215 0.000902558 0.000248931 6.05722e-05 1.27233e-05 2.22949e-06 3.10541e-07
 1.23147e-11 1.33665e-09 8.55452e-08 3.22821e-06 7.18321e-05 0.000942489 0.00729286 0.0333039 0.0900873 0.147008 0.157244 0.142624 0.140693 0.124537 0.0813907 0.0422628 0.0200214 0.00840444 0.00294192 0.000880449 0.000228705 5.10402e-05 9.76381e-06 1.57885e-06 2.08637e-07
 1.24853e-11 1.35516e-09 8.67298e-08 3.27291e-06 7.28267e-05 0.000955538 0.00739375 0.0337628 0.0913032 0.148789 0.158207 0.141204 0.137151 0.12141 0.0808175 0.0436552 0.0215374 0.00921797 0.00323876 0.000966694 0.000248699 5.39746e-05 9.74825e-06 1.45037e-06 1.75168e-07
 1.33442e-11 1.44839e-09 9.26967e-08 3.49809e-06 7.78371e-05 0.00102127 0.00790218 0.0360797 0.0975041 0.158371 0.165961 0.142045 0.131508 0.113775 0.0745876 0.0394648 0.0191933 0.00828342 0.00299503 0.000922845 0.000241677 5.25491e-05 9.3739e-06 1.35058e-06 1.53976e-07
 1.25752e-11 1.36491e-09 8.73543e-08 3.29648e-06 7.33512e-05 0.00096242 0.00744704 0.0340071 0.0919775 0.149996 0.159987 0.14396 0.140639 0.123354 0.0791187 0.0395345 0.0179473 0.00737334 0.0025777 0.000780672 0.000205876 4.57587e-05 8.31538e-06 1.20304e-06 1.35311e-07
 1.12828e-11 1.22464e-09 7.83768e-08 2.9577e-06 6.58129e-05 0.000863521 0.0066821 0.0305215 0.0826536 0.135624 0.148535 0.143285 0.150037 0.135471 0.088307 0.0450723 0.0207448 0.00836133 0.00275853 0.000773253 0.000191447 4.11491e-05 7.43711e-06 1.089e-06 1.24176e-07
 1.13345e-11 1.23025e-09 7.87357e-08 2.97124e-06 6.61143e-05 0.000867474 0.00671264 0.0306599 0.0830134 0.136094 0.148495 0.141941 0.147568 0.133582 0.0884894 0.0467604 0.022367 0.00922188 0.00306377 0.00084693 0.000200285 4.00944e-05 6.76071e-06 9.47508e-07 1.06468e-07
 1.2374e-11 1.34308e-09 8.59569e-08 3.24375e-06 7.21778e-05 0.000947025 0.00732792 0.0334633 0.0905084 0.147615 0.157521 0.141975 0.139235 0.123337 0.0813492 0.0430565 0.0207575 0.00871974 0.00299426 0.000860164 0.000208364 4.15604e-05 6.75873e-06 8.91206e-07 9.39755e-08
 1.26895e-11 1.37732e-09 8.81484e-08 3.32645e-06 7.40179e-05 0.000971167 0.00751468 0.0343149 0.0927949 0.151208 0.160717 0.143243 0.138628 0.12152 0.0786878 0.0401928 0.0186847 0.00773845 0.00267616 0.000786179 0.000196908 4.07756e-05 6.81626e-06 9.01032e-07 9.23824e-08
 1.31231e-11 1.42438e-09 9.11604e-08 3.44011e-06 7.6547e-05 0.00100435 0.00777135 0.0354851 0.095934 0.156118 0.164982 0.14464 0.137294 0.118793 0.0754181 0.036964 0.0162629 0.00639623 0.00209426 0.000583919 0.000142359 2.95956e-05 5.06931e-06 6.91339e-07 7.25822e-08
 1.296e-11 1.40669e-09 9.00279e-08 3.39737e-06 7.55961e-05 0.000991873 0.00767484 0.035045 0.0947517 0.154255 0.163301 0.143903 0.137489 0.119674 0.0768769 0.0386037 0.0174358 0.0069125 0.00223163 0.000601801 0.000140092 2.77861e-05 4.61437e-06 6.2636e-07 6.68608e-08
 1.34786e-11 1.46298e-09 9.36302e-08 3.53332e-06 7.86209e-05 0.00103156 0.00798178 0.0364436 0.0984935 0.160026 0.167916 0.144228 0.133806 0.114891 0.0732166 0.0363528 0.0162496 0.00644337 0.00210209 0.00057287 0.000132756 2.5645e-05 4.07994e-06 5.29338e-07 5.4735e-08
 1.354e-11 1.46964e-09 9.40565e-08 3.5494e-06 7.89788e-05 0.00103625 0.00801814 0.0366101 0.0989497 0.160818 0.168978 0.145691 0.135552 0.115812 0.0722718 0.0341628 0.0143198 0.00541222 0.00170629 0.000452524 0.000103438 1.99206e-05 3.14626e-06 3.98967e-07 3.97467e-08
 1.3769e-11 1.49449e-09 9.5647e-08 3.60942e-06 8.03144e-05 0.00105378 0.00815366 0.0372274 0.100599 0.163341 0.170898 0.145513 0.13345 0.113439 0.0709197 0.033735 0.0141877 0.00528925 0.00160386 0.000401193 8.66719e-05 1.60332e-05 2.47327e-06 3.09832e-07 3.05129e-08
 1.36873e-11 1.48563e-09 9.50798e-08 3.58802e-06 7.98382e-05 0.00104753 0.00810532 0.037007 0.100007 0.162411 0.17007 0.145181 0.133597 0.113884 0.0715673 0.0344444 0.014735 0.00558688 0.00172374 0.000436392 9.32985e-05 1.66042e-05 2.43104e-06 2.90903e-07 2.77859e-08
 1.35062e-11 1.46597e-09 9.38219e-08 3.54055e-06 7.87819e-05 0.00103367 0.00799817 0.0365194 0.0987116 0.160487 0.168892 0.146262 0.136705 0.116767 0.0723467 0.0335557 0.0136553 0.00499711 0.00151101 0.000377715 8.03898e-05 1.42959e-05 2.07001e-06 2.40082e-07 2.19085e-08
 1.38154e-11 1.49952e-09 9.59694e-08 3.62159e-06 8.05851e-05 0.00105733 0.00818111 0.0373524 0.10093 0.163832 0.171191 0.145212 0.132621 0.112694 0.0707667 0.0340301 0.0144942 0.00542426 0.00163046 0.00039873 8.29474e-05 1.45322e-05 2.08948e-06 2.41307e-07 2.17819e-08
 1.36606e-11 1.48272e-09 9.48942e-08 3.58101e-06 7.96823e-05 0.00104548 0.00808956 0.0369363 0.0998325 0.162262 0.170536 0.147103 0.136747 0.116113 0.070977 0.0318706 0.0123707 0.00436108 0.00128434 0.000311961 6.41066e-05 1.09689e-05 1.53246e-06 1.72833e-07 1.53735e-08
 1.24784e-11 1.35441e-09 8.6682e-08 3.27111e-06 7.27867e-05 0.000955016 0.00738982 0.0337475 0.0912991 0.14908 0.159893 0.146022 0.144631 0.126693 0.0795033 0.0375165 0.0155039 0.00561466 0.00161603 0.000372186 7.28319e-05 1.21422e-05 1.6719e-06 1.85195e-07 1.60879e-08
#obs catch len freq
 9.8052e-12 1.06426e-09 6.81127e-08 2.57037e-06 5.71944e-05 0.000750447 0.0058074 0.0265319 0.0719135 0.118414 0.131176 0.129491 0.139775 0.135479 0.104748 0.0690103 0.0392839 0.0182575 0.00677346 0.00199116 0.000451324 7.60963e-05 9.2212e-06 7.77501e-07 4.43099e-08
 9.97675e-12 1.08288e-09 6.93044e-08 2.61534e-06 5.81951e-05 0.000763582 0.00590916 0.0269989 0.0731984 0.120614 0.133695 0.131392 0.140129 0.13433 0.103039 0.0671434 0.0375075 0.0169824 0.00608927 0.00171371 0.000368461 5.84575e-05 6.62095e-06 5.18993e-07 2.73822e-08
 7.0588e-12 7.66166e-10 4.90346e-08 1.85042e-06 4.11752e-05 0.000540295 0.00418241 0.0191356 0.0522142 0.0885361 0.108858 0.130924 0.160866 0.160191 0.123134 0.0794937 0.043629 0.019292 0.00671098 0.0018161 0.000371875 5.56818e-05 5.90544e-06 4.30772e-07 2.10515e-08
 1.75052e-11 1.90003e-09 1.21602e-07 4.58887e-06 0.000102108 0.0013397 0.0103651 0.0473008 0.127479 0.204105 0.199564 0.133717 0.0841518 0.064548 0.0525117 0.0382046 0.0222799 0.00989281 0.00335986 0.000875646 0.000171127 2.42594e-05 2.41755e-06 1.64608e-07 7.46854e-09
 7.50187e-12 8.14257e-10 5.21125e-08 1.96658e-06 4.37605e-05 0.000574258 0.00444661 0.0203699 0.0558755 0.0966775 0.125711 0.160807 0.193609 0.170073 0.100273 0.0438548 0.0175344 0.00695963 0.00240773 0.000639021 0.000122845 1.66842e-05 1.56971e-06 1.00077e-07 4.22833e-09
 1.32175e-11 1.43464e-09 9.18168e-08 3.46489e-06 7.70986e-05 0.0010116 0.0078277 0.0357441 0.0966062 0.156628 0.161418 0.128928 0.1105 0.104569 0.0901725 0.0621364 0.0307614 0.0104579 0.00256198 0.000502806 8.25896e-05 1.0555e-05 9.56496e-07 5.82236e-08 2.31815e-09
 1.11901e-11 1.21458e-09 7.7733e-08 2.93342e-06 6.52736e-05 0.000856501 0.00662953 0.0303126 0.0823994 0.136898 0.154349 0.151472 0.150502 0.126869 0.0815525 0.0439965 0.0216801 0.00898039 0.00275494 0.000584683 8.48505e-05 8.63073e-06 6.32835e-07 3.3275e-08 1.20604e-09
 1.58227e-11 1.7174e-09 1.09914e-07 4.14781e-06 9.22947e-05 0.00121099 0.00937062 0.0427892 0.11562 0.187099 0.190574 0.144341 0.108269 0.0846322 0.0588327 0.0340565 0.0156785 0.00553532 0.00151577 0.000322612 5.05955e-05 5.46556e-06 3.90761e-07 1.82773e-08 5.60776e-10
 1.29211e-11 1.40247e-09 8.9758e-08 3.38721e-06 7.53714e-05 0.000989007 0.00765515 0.034999 0.0950641 0.157156 0.172992 0.15847 0.143912 0.112701 0.0666162 0.0311984 0.0125491 0.00424079 0.00112162 0.000221413 3.17824e-05 3.24292e-06 2.28234e-07 1.06962e-08 3.23789e-10
 1.37933e-11 1.49713e-09 9.58164e-08 3.61583e-06 8.04585e-05 0.00105574 0.00817112 0.0373449 0.101267 0.16616 0.177688 0.151779 0.129605 0.103652 0.0677594 0.0354399 0.0144368 0.00437916 0.000985631 0.000168301 2.16816e-05 2.02429e-06 1.31078e-07 5.69929e-09 1.6251e-10
 1.38957e-11 1.50825e-09 9.6528e-08 3.64269e-06 8.10566e-05 0.00106361 0.00823263 0.0376359 0.10215 0.168103 0.181136 0.156159 0.132037 0.101548 0.0627281 0.0313377 0.012715 0.00398131 0.000917538 0.000151724 1.77247e-05 1.44814e-06 8.1958e-08 3.16161e-09 8.1242e-11
 1.25873e-11 1.36624e-09 8.74392e-08 3.29972e-06 7.34258e-05 0.000963535 0.00745959 0.0341297 0.0929194 0.154632 0.172553 0.159662 0.143664 0.112674 0.0693069 0.0338568 0.013164 0.00391637 0.000865608 0.000139658 1.60223e-05 1.26621e-06 6.71774e-08 2.35232e-09 5.37486e-11
 1.39477e-11 1.51389e-09 9.68893e-08 3.65633e-06 8.1361e-05 0.00106764 0.00826467 0.0377945 0.102672 0.169284 0.182682 0.156318 0.129888 0.0998085 0.0630813 0.0319218 0.0125521 0.00366811 0.000779439 0.000119361 1.29542e-05 9.72007e-07 4.91678e-08 1.63944e-09 3.53567e-11
 1.34061e-11 1.45511e-09 9.31271e-08 3.51437e-06 7.82032e-05 0.00102626 0.00794592 0.0363629 0.099033 0.164678 0.182067 0.162591 0.138083 0.103031 0.0611253 0.0290041 0.0109943 0.00318541 0.000676362 0.000102258 1.07385e-05 7.66301e-07 3.64887e-08 1.14083e-09 2.30653e-11
 1.13098e-11 1.22758e-09 7.85652e-08 2.96487e-06 6.59778e-05 0.000865936 0.00670772 0.0307486 0.0842505 0.143004 0.167653 0.166494 0.154937 0.120752 0.0730723 0.0345625 0.0126357 0.00344953 0.00068835 9.89517e-05 1.00013e-05 6.89391e-07 3.15421e-08 9.38485e-10 1.78843e-11
 9.23675e-12 1.00257e-09 6.41647e-08 2.42146e-06 5.38879e-05 0.000707382 0.00548288 0.0251877 0.0695243 0.120836 0.150636 0.164819 0.166602 0.138626 0.0898816 0.0450714 0.0169386 0.0046057 0.000891613 0.000121721 1.15358e-05 7.43589e-07 3.19318e-08 8.95961e-10 1.61408e-11
 1.21747e-11 1.32145e-09 8.45735e-08 3.19162e-06 7.10236e-05 0.000932144 0.00721974 0.0330743 0.090343 0.151356 0.169916 0.155334 0.137701 0.113118 0.07739 0.0413916 0.0164228 0.0046611 0.00092741 0.000127148 1.17911e-05 7.27201e-07 2.94056e-08 7.69786e-10 1.28902e-11
 1.18083e-11 1.28169e-09 8.20286e-08 3.09562e-06 6.88906e-05 0.000904292 0.00700769 0.0321588 0.0883387 0.150533 0.176058 0.169598 0.149141 0.111043 0.0663105 0.0320907 0.0123384 0.00356109 0.00073184 0.000103091 9.6859e-06 5.95076e-07 2.35546e-08 5.93677e-10 9.43633e-12
 1.25306e-11 1.36008e-09 8.70461e-08 3.28498e-06 7.31048e-05 0.000959607 0.00743596 0.0341134 0.0935638 0.158427 0.181565 0.168242 0.143414 0.10631 0.0631818 0.0292132 0.0102485 0.00266737 0.000506372 6.82976e-05 6.30682e-06 3.84832e-07 1.51102e-08 3.75008e-10 5.81228e-12
 1.18502e-11 1.28624e-09 8.23203e-08 3.10669e-06 6.91408e-05 0.00090773 0.00703775 0.03234 0.0891423 0.153046 0.180939 0.17465 0.15097 0.109217 0.0621853 0.0275168 0.00924488 0.00227757 0.000400716 4.93532e-05 4.16728e-06 2.35758e-07 8.7304e-09 2.07137e-10 3.09297e-12
 1.22385e-11 1.32838e-09 8.50179e-08 3.20851e-06 7.14081e-05 0.000937528 0.0072692 0.0334042 0.0920286 0.157504 0.184074 0.173574 0.147088 0.106118 0.0605629 0.0264372 0.00855939 0.00199788 0.000329774 3.78019e-05 2.94516e-06 1.52588e-07 5.15787e-09 1.11947e-10 1.5388e-12
 1.29907e-11 1.41002e-09 9.02433e-08 3.40574e-06 7.57987e-05 0.000995209 0.00771689 0.0354615 0.0976395 0.166516 0.191935 0.174979 0.141473 0.0976688 0.0537061 0.0227409 0.00717353 0.00162681 0.000258061 2.80221e-05 2.04185e-06 9.8019e-08 3.05004e-09 6.0655e-11 7.61564e-13
 1.23101e-11 1.33616e-09 8.55169e-08 3.22746e-06 7.18372e-05 0.000943432 0.00732072 0.0337105 0.0933488 0.161524 0.191812 0.181423 0.148526 0.100103 0.0524582 0.0209554 0.00623613 0.00133969 0.000201993 2.08515e-05 1.43925e-06 6.50352e-08 1.89086e-09 3.48928e-11 4.04247e-13
 1.30419e-11 1.41559e-09 9.06008e-08 3.41935e-06 7.61086e-05 0.000999524 0.00775528 0.0356936 0.0986279 0.169345 0.196808 0.179182 0.141835 0.0943987 0.0492129 0.019279 0.00549888 0.00111218 0.000156491 1.50489e-05 9.6914e-07 4.09306e-08 1.11277e-09 1.91791e-11 2.07033e-13
 1.2325e-11 1.33778e-09 8.56222e-08 3.2316e-06 7.19388e-05 0.000945097 0.00734008 0.0338712 0.0942335 0.164464 0.197186 0.185927 0.14831 0.0959674 0.0477986 0.0178893 0.00490132 0.000952093 0.000127605 1.1549e-05 6.92849e-07 2.7095e-08 6.80581e-10 1.08389e-11 1.08219e-13
 1.24178e-11 1.34787e-09 8.62684e-08 3.25606e-06 7.24875e-05 0.000952424 0.00739896 0.0341596 0.0950939 0.16593 0.198206 0.185338 0.147013 0.0953323 0.0474651 0.0174598 0.00460688 0.000850414 0.000107709 9.19207e-06 5.186e-07 1.89893e-08 4.4422e-10 6.5556e-12 6.04215e-14
 1.10658e-11 1.20113e-09 7.68792e-08 2.90196e-06 6.46208e-05 0.000849638 0.00661231 0.0306709 0.086394 0.154891 0.194485 0.192805 0.157885 0.102105 0.0498263 0.0178833 0.00459504 0.000821347 9.97384e-05 8.072e-06 4.28111e-07 1.4655e-08 3.19486e-10 4.38464e-12 3.75102e-14
 1.12249e-11 1.21841e-09 7.79865e-08 2.94384e-06 6.55574e-05 0.000862053 0.00671007 0.0311266 0.0876119 0.156494 0.194627 0.190682 0.155973 0.102099 0.0503694 0.0179871 0.00451302 0.000777509 9.03379e-05 6.96157e-06 3.49873e-07 1.12885e-08 2.30701e-10 2.95403e-12 2.34916e-14
#spawning biomass
 15811.7 13043.1 12576.8 16009.7 19015.9 19562 24142.6 33652.7 49902.3 61794 74720.2 94137.3 121425 145832 143020 114173 99253.3 101195 95562.8 110952 121618 123109 131486 156126 152135 167826 146512 141978 168842 261230 264430 230886 189214 151896 122807 101875 87576.9 78154.7 72103.4 68290 65920.3 64462.2 63568.1 63021.2 62697 62504.8 62390.8 62323.3 62283.3 62259.5 62245.5 62237.1 62232.2 62229.3 62227.5 62226.5 62225.9 62225.5 62225.3 62225.2 62225.1 62225.1 62225 62225 62225 62225 62225 62225 62225 62225 62225 62225 62225 62225 62225 62225 62225 62225 62225 62225 62225 62225 62225 62225 62225 62225 62225 62225 62225 62225 62225 62225 62225 62225 62225 62225 62225 62225 62225 62225 62225 62225 62225 62225 62225 62225 62225 62225 62225 62225 62225 62225 62225 62225 62225 62225 62225 62225 62225 62225 62225 62225 62225 62225 62225 62225 62225 62225 0 0 0 0 0 0 0 0 0 0 0 0 0 0 0 0 0 0 0 0 0 0 0 0 0
