SBPRF35
0.256306
Curr Bio
137574
B35
192055
F35
0.391654
FOFL
0.268803
OFL
37692.9
Bzero
73230.3
#pred survey bio
 26793.7 24154.7 18735.5 17053.9 24973.6 38219.8 50812.8 58149.6 73833.6 94900.3 125087 167213 204450 226381 224560 205303 219184 202697 200749 209471 198782 196174 209490 217571 240873 255233 231771 218691 207167 7.15733e+06 4.0518e+06 3.00328e+06 2.10532e+06 1.5116e+06 1.16221e+06 968295 863445 807024 776353 759331 749622 743917 740465 738318 736951 736072 735498 735120 734868 734700 734587 734511 734460 734426 734403 734387 734376 734369 734364 734361 734359 734357 734356 734355 734355 734355 734354 734354 734354 734354 734354 734354 734354 734354 734354 734354 734354 734354 734354 734354 734354 734354 734354 734354 734354 734354 734354 734354 734354 734354 734354 734354 734354 734354 734354 734354 734354 734354 734354 734354 734354 734354 734354 734354 734354 734354 734354 734354 734354 734354 734354 734354 734354 734354 734354 734354 734354 734354 734354 734354 734354 734354 734354 734354 734354 734354 734354 734354 734354 0 0 0 0 0 0 0 0 0 0 0 0 0 0 0 0 0 0 0 0 0 0 0 0 0
#obs survey bio
 22488.7 18776.5 12087.2 25816.7 28993.6 55553.9 49873.5 62346.8 82517.1 117842 128420 250583 245541 207083 199504 159223 196360 283992 182602 247896 242571 176603 203887 196086 257235 231599 171983 228122 240772
#pred catch bio
 3541.14 3997.09 3131.99 3386.24 5268.15 8476.06 14645.4 16509.6 21831.8 29532.7 38456.1 57314.8 80246 95268.6 100439 82646.5 101275 83717.4 79007.5 91335.7 81563.4 77118.3 92999.6 90853.8 98844.6 114869 101091 101378 95329 37692.9 50781.1 36482.8 24623.7 17073.2 12828.2 10607.2 9496.06 8955.99 8698.5 8577.31 8520.77 8494.55 8482.45 8476.87 8474.31 8473.13 8472.6 8472.35 8472.24 8472.19 8472.17 8472.16 8472.15 8472.15 8472.15 8472.15 8472.15 8472.15 8472.15 8472.15 8472.15 8472.15 8472.15 8472.15 8472.15 8472.15 8472.15 8472.15 8472.15 8472.15 8472.15 8472.15 8472.15 8472.15 8472.15 8472.15 8472.15 8472.15 8472.15 8472.15 8472.15 8472.15 8472.15 8472.15 8472.15 8472.15 8472.15 8472.15 8472.15 8472.15 8472.15 8472.15 8472.15 8472.15 8472.15 8472.15 8472.15 8472.15 8472.15 8472.15 8472.15 8472.15 8472.15 8472.15 8472.15 8472.15 8472.15 8472.15 8472.15 8472.15 8472.15 8472.15 8472.15 8472.15 8472.15 8472.15 8472.15 8472.15 8472.15 8472.15 8472.15 8472.15 8472.15 8472.15 8472.15 8472.15 8472.15 8472.15 8472.15 0 0 0 0 0 0 0 0 0 0 0 0 0 0 0 0 0 0 0 0 0 0 0 0 0
#obs catch bio
 3545.36 4147.74 3330.5 3477.78 5284.39 8052.09 13942.6 15697.2 21301.5 28626.6 36688.8 53281.8 73080.6 90679.7 104986 86034.7 106058 82432.1 79940.5 88462.2 77326.8 75461.5 99221.6 95835.8 99581.6 117163 104715 101263 95336.8
#pred cpue bio
 25921.8 23844.3 18572.8 16308.4 22777.5 35468.9 47825.4 54733.8 68562.4 88231.6 115634 154766 189856 210142 209852 191960 203242 188989 187703 195231 185659 183433 194669 200807 222742 237620 217139 204042 192010 6.62615e+06 4.00793e+06 2.97221e+06 2.07451e+06 1.4808e+06 1.1314e+06 937490 832639 776219 745548 728525 718817 713112 709659 707512 706146 705266 704693 704314 704063 703894 703782 703706 703655 703620 703597 703581 703571 703563 703559 703555 703553 703551 703550 703550 703549 703549 703549 703549 703549 703548 703548 703548 703548 703548 703548 703548 703548 703548 703548 703548 703548 703548 703548 703548 703548 703548 703548 703548 703548 703548 703548 703548 703548 703548 703548 703548 703548 703548 703548 703548 703548 703548 703548 703548 703548 703548 703548 703548 703548 703548 703548 703548 703548 703548 703548 703548 703548 703548 703548 703548 703548 703548 703548 703548 703548 703548 703548 703548 703548 0 0 0 0 0 0 0 0 0 0 0 0 0 0 0 0 0 0 0 0 0 0 0 0 0
#obs cpue bio
 29379 19236.8 10651.8 24768.9 24397 53953.2 53416.5 60062.3 53162.4 87084.5 143974 159913 237068 217687 137441 189330 226377 164489 168915 249747 198386 179612 119787 174675 250401 245467 222432 241003 159722
#pred surv len freq
 2.44888e-11 1.15184e-09 3.75146e-08 8.46048e-07 1.32123e-05 0.000142873 0.00106984 0.00554783 0.0199297 0.0496612 0.0862748 0.106568 0.100276 0.0858505 0.0812818 0.0810046 0.0750328 0.0653151 0.056136 0.0477964 0.0403352 0.0341574 0.028399 0.0215515 0.0136554
 1.06202e-11 4.99522e-10 1.62691e-08 3.66909e-07 5.72985e-06 6.19619e-05 0.000464013 0.002407 0.00865808 0.021686 0.0384369 0.0510667 0.0595051 0.0742765 0.0963442 0.110095 0.107028 0.0955046 0.0833203 0.0708846 0.0582027 0.0464015 0.0355902 0.0250447 0.0150159
 8.96999e-12 4.21906e-10 1.37412e-08 3.09898e-07 4.83952e-06 5.23332e-05 0.000391887 0.00203243 0.00730459 0.0182356 0.0319126 0.0405309 0.0418376 0.0442538 0.0549996 0.0722421 0.0918214 0.108662 0.114668 0.106704 0.0899193 0.0704556 0.0513195 0.0337137 0.0189371
 3.38138e-11 1.59044e-09 5.17996e-08 1.16821e-06 1.82432e-05 0.000197274 0.00147716 0.00765915 0.0275015 0.0684026 0.117972 0.141668 0.120405 0.0770198 0.0447863 0.0323713 0.0322937 0.0389977 0.0491272 0.0572737 0.0580567 0.0503798 0.0375714 0.0240013 0.0128193
 4.37258e-11 2.05665e-09 6.69838e-08 1.51065e-06 2.3591e-05 0.000255103 0.00191018 0.00990456 0.0355666 0.0884884 0.15279 0.184309 0.159288 0.107364 0.0684615 0.0479971 0.0334015 0.0213168 0.0149931 0.0143538 0.0158864 0.0160818 0.0135212 0.00916072 0.00492478
 3.60548e-11 1.69584e-09 5.52326e-08 1.24563e-06 1.94523e-05 0.00021035 0.0015751 0.00816766 0.029337 0.0730631 0.12666 0.155172 0.141854 0.112564 0.0949452 0.0834622 0.0643457 0.0412503 0.0236039 0.0135962 0.00908436 0.00745679 0.00635575 0.00463476 0.0026409
 3.20172e-11 1.50593e-09 4.90473e-08 1.10614e-06 1.7274e-05 0.000186794 0.00139872 0.00725313 0.0260536 0.0649001 0.112606 0.138417 0.128068 0.105068 0.0937751 0.0885481 0.0763912 0.0586696 0.0411616 0.0259486 0.0145449 0.00785027 0.0046248 0.00289335 0.00162269
 3.27699e-11 1.54134e-09 5.02004e-08 1.13214e-06 1.76801e-05 0.000191185 0.00143159 0.00742348 0.0266636 0.0664018 0.115089 0.140892 0.128518 0.101699 0.0867007 0.0803488 0.0704759 0.057157 0.0442177 0.0318474 0.0203359 0.0112889 0.00557178 0.00258173 0.00114605
 3.72039e-11 1.74989e-09 5.69929e-08 1.28533e-06 2.00723e-05 0.000217054 0.00162529 0.00842762 0.030267 0.075342 0.130356 0.158508 0.141123 0.104377 0.0800955 0.0685961 0.0574895 0.0451348 0.0346222 0.0258285 0.0178386 0.0109076 0.00572113 0.00254015 0.000961654
 3.61154e-11 1.6987e-09 5.53255e-08 1.24773e-06 1.94851e-05 0.000210704 0.00157775 0.00818125 0.0293841 0.0731643 0.126724 0.15473 0.139808 0.10767 0.0875526 0.0767237 0.062267 0.0452295 0.0316226 0.0221143 0.0150058 0.00942511 0.00522112 0.00243773 0.000929178
 3.77709e-11 1.77656e-09 5.78616e-08 1.30492e-06 2.03782e-05 0.000220362 0.00165006 0.00855612 0.0307289 0.0764966 0.132387 0.161129 0.143943 0.107456 0.0835221 0.0715981 0.0587126 0.0437576 0.030874 0.020854 0.0132367 0.00783204 0.00423779 0.00200253 0.000784157
 3.71548e-11 1.74759e-09 5.69178e-08 1.28364e-06 2.00458e-05 0.000216768 0.00162315 0.00841664 0.0302289 0.0752607 0.130308 0.158883 0.142845 0.108521 0.0865057 0.0749338 0.0607389 0.0441296 0.0304433 0.0203965 0.0128565 0.00741344 0.00384186 0.00174526 0.000670194
 3.61772e-11 1.7016e-09 5.54201e-08 1.24986e-06 1.95184e-05 0.000211064 0.00158044 0.00819524 0.0294344 0.0732897 0.126943 0.155005 0.140087 0.107983 0.0880613 0.0776713 0.0637511 0.046827 0.0324328 0.0215287 0.0133232 0.00752757 0.00381449 0.00168505 0.000627286
 3.63847e-11 1.71136e-09 5.5738e-08 1.25703e-06 1.96303e-05 0.000212275 0.00158951 0.00824222 0.0296028 0.0737057 0.127641 0.155753 0.140427 0.107552 0.0869299 0.0763813 0.062924 0.0466941 0.032792 0.0220268 0.0136974 0.00769866 0.00384348 0.00166205 0.000603691
 3.425e-11 1.61096e-09 5.24678e-08 1.18328e-06 1.84786e-05 0.000199821 0.00149626 0.00775881 0.0278685 0.0694061 0.120322 0.147419 0.134833 0.107293 0.0915326 0.083024 0.0687925 0.0507396 0.035403 0.0238003 0.0149165 0.00845892 0.00423849 0.001824 0.000654054
 3.4377e-11 1.61693e-09 5.26624e-08 1.18767e-06 1.85471e-05 0.000200562 0.0015018 0.00778752 0.027971 0.0696548 0.120709 0.147686 0.134423 0.105665 0.0888555 0.0805321 0.0679157 0.0517432 0.0373072 0.025533 0.0160773 0.00913082 0.0045912 0.00198368 0.000711862
 3.70601e-11 1.74313e-09 5.67726e-08 1.28036e-06 1.99947e-05 0.000216215 0.00161901 0.00839511 0.030151 0.0750607 0.129921 0.158219 0.141639 0.106378 0.0835394 0.072311 0.0599314 0.0455197 0.0331202 0.0231641 0.0149944 0.00871945 0.00444799 0.00193559 0.000697177
 3.48963e-11 1.64135e-09 5.34578e-08 1.20561e-06 1.88273e-05 0.000203591 0.00152449 0.00790519 0.028394 0.070712 0.122567 0.150078 0.136964 0.108326 0.0914763 0.0820014 0.0668365 0.0481598 0.0329602 0.0221911 0.0142555 0.00839618 0.00437489 0.00194318 0.000710581
 3.42999e-11 1.6133e-09 5.25443e-08 1.185e-06 1.85056e-05 0.000200112 0.00149844 0.00777008 0.0279085 0.0695008 0.120453 0.147425 0.134353 0.10596 0.0895099 0.0813208 0.0685283 0.0519539 0.037052 0.0249659 0.0155154 0.0088091 0.00450698 0.00200549 0.000742785
 3.55224e-11 1.6708e-09 5.4417e-08 1.22724e-06 1.91651e-05 0.000207244 0.00155184 0.00804689 0.0289015 0.0719614 0.124634 0.152146 0.137384 0.105696 0.0861523 0.076547 0.064178 0.0490476 0.035797 0.0249833 0.0160459 0.00923374 0.00467841 0.00204166 0.000745683
 3.46445e-11 1.62951e-09 5.30721e-08 1.19691e-06 1.86915e-05 0.000202122 0.00151349 0.00784813 0.0281888 0.0701983 0.121658 0.14888 0.135607 0.106745 0.0897256 0.0807101 0.0668462 0.0496223 0.0351667 0.0242762 0.0157672 0.00929582 0.00482191 0.00213003 0.00077726
 3.44073e-11 1.61835e-09 5.27087e-08 1.18871e-06 1.85635e-05 0.000200738 0.00150313 0.00779438 0.0279956 0.0697161 0.120815 0.147814 0.134532 0.105727 0.0888428 0.0803842 0.0675722 0.0512551 0.0368705 0.0253543 0.0162109 0.00945446 0.00491974 0.00220282 0.000815808
 3.64438e-11 1.71414e-09 5.58285e-08 1.25907e-06 1.96622e-05 0.000212619 0.00159209 0.00825555 0.0296502 0.0738186 0.127802 0.155787 0.139939 0.106116 0.084599 0.0740051 0.0615876 0.0468291 0.0340494 0.0237771 0.0154004 0.00901925 0.00467742 0.00208724 0.000774609
 3.8048e-11 1.78959e-09 5.82859e-08 1.31449e-06 2.05277e-05 0.000221978 0.00166216 0.00861888 0.0309544 0.0770592 0.133368 0.162358 0.145147 0.108534 0.0843957 0.0718609 0.0578956 0.0420645 0.0291988 0.0198608 0.0128151 0.00756521 0.0039601 0.0017767 0.00066043
 3.7204e-11 1.7499e-09 5.6993e-08 1.28533e-06 2.00723e-05 0.000217054 0.0016253 0.00842778 0.0302691 0.0753632 0.130501 0.159191 0.143355 0.109382 0.0877013 0.0760619 0.0612428 0.0437676 0.0294286 0.0191831 0.0118509 0.00677166 0.00349129 0.00156396 0.000583734
 3.5254e-11 1.65818e-09 5.40058e-08 1.21797e-06 1.90203e-05 0.000205678 0.00154012 0.00798619 0.0286845 0.0714317 0.123787 0.151447 0.137818 0.108216 0.0906099 0.0811875 0.0668168 0.0488244 0.0334344 0.0218105 0.013187 0.00726049 0.00359708 0.00156216 0.000572776
 3.35033e-11 1.57584e-09 5.1324e-08 1.15748e-06 1.80758e-05 0.000195465 0.00146364 0.00758971 0.0272615 0.0678983 0.117735 0.144377 0.132467 0.106307 0.0918813 0.084391 0.0709487 0.0533355 0.0377884 0.0254011 0.0156554 0.00864866 0.00422095 0.0017818 0.000633007
 3.52215e-11 1.65665e-09 5.39561e-08 1.21684e-06 1.90028e-05 0.000205489 0.00153869 0.00797875 0.0286569 0.0713536 0.123589 0.15091 0.136396 0.105224 0.08619 0.0770263 0.0650653 0.0501886 0.0368632 0.0257127 0.0164145 0.00934847 0.00465272 0.00197246 0.000693513
 3.70152e-11 1.74102e-09 5.67039e-08 1.27881e-06 1.99705e-05 0.000215953 0.00161705 0.00838499 0.030115 0.074975 0.129799 0.158192 0.142004 0.107435 0.0851751 0.0737453 0.0602607 0.0446112 0.0316893 0.0219922 0.0143525 0.00846546 0.00436498 0.00190341 0.000680871
#obs surv len freq
 2.14048e-11 1.00678e-09 3.27902e-08 7.39502e-07 1.15484e-05 0.000124881 0.000935123 0.00484943 0.0174237 0.0434449 0.0756685 0.0943746 0.091689 0.0843157 0.0860674 0.0885032 0.0819864 0.0710166 0.0617356 0.0540939 0.0465632 0.0384083 0.0291533 0.0192311 0.0104029
 8.85901e-16 4.17339e-14 1.3677e-12 3.16025e-11 5.405e-10 7.86267e-09 1.18893e-07 1.85259e-06 2.42831e-05 0.00023458 0.00159687 0.00757541 0.0250482 0.0581854 0.0970197 0.122 0.12662 0.120295 0.109643 0.0953473 0.0793288 0.0632896 0.046916 0.0305021 0.0163716
 1.15415e-11 5.42858e-10 1.76805e-08 3.98741e-07 6.2269e-06 6.73348e-05 0.000504189 0.00261417 0.00938555 0.0233333 0.0401709 0.0479281 0.0399341 0.025066 0.0193332 0.0332226 0.0658861 0.103045 0.126044 0.127701 0.113527 0.091396 0.0664279 0.0421677 0.0222392
 5.1422e-11 2.41864e-09 7.87736e-08 1.77654e-06 2.77432e-05 0.000300003 0.00224636 0.0116472 0.0418177 0.103973 0.179065 0.213825 0.177723 0.104376 0.0457594 0.0176865 0.00846186 0.00734059 0.0104541 0.0150083 0.0176625 0.0167556 0.0130606 0.00841048 0.00439655
 3.17523e-11 1.49348e-09 4.86415e-08 1.09699e-06 1.71311e-05 0.00018525 0.00138717 0.0071936 0.0258449 0.0644294 0.112126 0.139401 0.133905 0.11935 0.114724 0.105429 0.0768769 0.0415818 0.0178222 0.00866107 0.00748064 0.00804615 0.00737452 0.00527082 0.00289281
 4.13001e-11 1.94256e-09 6.32678e-08 1.42685e-06 2.22823e-05 0.000240951 0.00180422 0.00935519 0.0335951 0.0835938 0.144412 0.174559 0.15208 0.10553 0.0728843 0.0591749 0.0513317 0.0422263 0.0307441 0.0185246 0.00924632 0.00459493 0.00289804 0.00200878 0.00117148
 2.46221e-11 1.1581e-09 3.77187e-08 8.50653e-07 1.32842e-05 0.000143651 0.00107569 0.00557868 0.0200478 0.0500266 0.0873945 0.110222 0.110863 0.108877 0.116204 0.116099 0.0955248 0.0666452 0.0444128 0.0298602 0.0187886 0.0102052 0.00482893 0.00219035 0.000997628
 4.22683e-11 1.9881e-09 6.4751e-08 1.4603e-06 2.28047e-05 0.0002466 0.0018465 0.00957433 0.03438 0.0855268 0.147615 0.177784 0.152801 0.101542 0.0644275 0.0495602 0.0446983 0.0407019 0.0339894 0.0246193 0.0154235 0.00856174 0.00421252 0.00179969 0.000665968
 3.42134e-11 1.60924e-09 5.24117e-08 1.18202e-06 1.84589e-05 0.000199608 0.00149467 0.00775066 0.0278407 0.0693505 0.120319 0.147854 0.136599 0.111324 0.0971732 0.0870003 0.0676312 0.0448512 0.0290284 0.0204068 0.0144387 0.00908536 0.0047934 0.00208895 0.00074902
 3.89265e-11 1.83091e-09 5.96317e-08 1.34485e-06 2.10017e-05 0.000227103 0.00170053 0.00881774 0.0316673 0.0788192 0.136316 0.165488 0.146484 0.106557 0.0796589 0.067229 0.0562692 0.043488 0.0311664 0.0204824 0.0123654 0.00706283 0.00376723 0.001749 0.000661556
 3.90475e-11 1.83661e-09 5.98171e-08 1.34903e-06 2.1067e-05 0.00022781 0.00170583 0.00884526 0.0317672 0.0790778 0.136832 0.166435 0.148331 0.109902 0.0840568 0.0703283 0.0555682 0.0393663 0.026695 0.0178867 0.0113129 0.00644223 0.00324214 0.00142496 0.00053162
 3.80925e-11 1.79169e-09 5.8354e-08 1.31603e-06 2.05517e-05 0.000222238 0.00166411 0.00862899 0.0309913 0.0771544 0.133559 0.162715 0.145862 0.109897 0.0864203 0.0739672 0.0592324 0.0421263 0.0280257 0.0179255 0.0108008 0.00600261 0.00300397 0.00130512 0.000474627
 3.79572e-11 1.78532e-09 5.81467e-08 1.31136e-06 2.04787e-05 0.000221448 0.0016582 0.00859833 0.030881 0.0768789 0.133074 0.16209 0.145195 0.109189 0.0857078 0.0735406 0.059484 0.0431076 0.0293122 0.0189645 0.0113241 0.00611428 0.00295085 0.00124401 0.000442852
 3.75873e-11 1.76793e-09 5.75802e-08 1.29858e-06 2.02792e-05 0.000219291 0.00164204 0.00851459 0.0305807 0.0761346 0.13181 0.160664 0.144281 0.109261 0.086655 0.074759 0.0603777 0.0435473 0.0295635 0.0192586 0.0116425 0.00633581 0.00304038 0.00125643 0.000435289
 3.03183e-11 1.42603e-09 4.64448e-08 1.04745e-06 1.63574e-05 0.000176883 0.00132451 0.0068685 0.0246746 0.0614892 0.106855 0.132135 0.124745 0.10732 0.100871 0.0963706 0.0807148 0.0589453 0.0402207 0.0262328 0.0158687 0.00866469 0.00417946 0.00173038 0.000595886
 3.62324e-11 1.7042e-09 5.55045e-08 1.25177e-06 1.95481e-05 0.000211386 0.00158284 0.00820755 0.0294769 0.0733771 0.12697 0.154458 0.137754 0.102506 0.0799092 0.0704634 0.0618077 0.0509757 0.0395651 0.0280282 0.0175926 0.00973582 0.0047206 0.0019606 0.000676443
 3.69491e-11 1.73791e-09 5.66025e-08 1.27653e-06 1.99348e-05 0.000215567 0.00161416 0.00837001 0.0300615 0.0748433 0.129582 0.157982 0.141982 0.107733 0.0856411 0.0738758 0.0596285 0.0435094 0.0310051 0.0222213 0.0151195 0.00914484 0.00471715 0.0020237 0.000708184
 3.20807e-11 1.50892e-09 4.91446e-08 1.10833e-06 1.73082e-05 0.000187165 0.0014015 0.00726756 0.026106 0.0650355 0.112875 0.138907 0.12901 0.106729 0.0957912 0.0894521 0.0747137 0.054955 0.0380069 0.0254178 0.0161821 0.00961237 0.00513414 0.00233506 0.000862041
 3.62876e-11 1.70679e-09 5.55891e-08 1.25368e-06 1.95779e-05 0.000211708 0.00158526 0.00822011 0.0295225 0.0734951 0.127206 0.154893 0.138611 0.104079 0.0820442 0.0721451 0.0618379 0.04922 0.0370908 0.0260121 0.0165091 0.00944651 0.00485326 0.00217879 0.000818138
 3.52929e-11 1.66001e-09 5.40653e-08 1.21931e-06 1.90413e-05 0.000205905 0.00154181 0.00799495 0.0287157 0.071505 0.123887 0.151437 0.137386 0.106979 0.0884652 0.0785562 0.0644599 0.0475628 0.0338986 0.023908 0.0159288 0.00954237 0.00497898 0.002211 0.000816469
 3.54768e-11 1.66866e-09 5.4347e-08 1.22566e-06 1.91405e-05 0.000206978 0.00154984 0.00803658 0.0288648 0.0718721 0.124495 0.152051 0.137536 0.106303 0.0871876 0.077613 0.0647263 0.0487713 0.0348275 0.023839 0.0152918 0.00903412 0.0047839 0.00217508 0.000814749
 3.39286e-11 1.59584e-09 5.19754e-08 1.17218e-06 1.83052e-05 0.000197946 0.00148222 0.00768599 0.0276069 0.068753 0.11918 0.145977 0.13338 0.105889 0.0901729 0.0820649 0.0687934 0.0518429 0.0371682 0.0256346 0.0164583 0.00960183 0.00499464 0.00225007 0.000845783
 3.80823e-11 1.79121e-09 5.83385e-08 1.31568e-06 2.05462e-05 0.000222178 0.00166366 0.00862659 0.0309815 0.0771188 0.13342 0.162184 0.144236 0.106323 0.0810807 0.0689261 0.0570968 0.0437126 0.0320043 0.0223774 0.014463 0.00845892 0.00438925 0.00196244 0.000731251
 3.58109e-11 1.68437e-09 5.48589e-08 1.23721e-06 1.93208e-05 0.000208927 0.00156444 0.00811231 0.0291373 0.0725554 0.125711 0.153688 0.139488 0.108713 0.0898865 0.0794288 0.0642564 0.0460458 0.0314185 0.0211867 0.0136659 0.00807949 0.0042303 0.0018974 0.000705759
 3.71756e-11 1.74856e-09 5.69495e-08 1.28436e-06 2.00571e-05 0.000216889 0.00162405 0.0084213 0.0302453 0.0752972 0.130343 0.158792 0.142345 0.107313 0.0847605 0.0735849 0.0607998 0.0455579 0.0321552 0.0214856 0.0132817 0.00752818 0.00385851 0.0017248 0.000643569
 3.32984e-11 1.5662e-09 5.101e-08 1.1504e-06 1.79652e-05 0.000194269 0.00145469 0.00754333 0.0270956 0.0674904 0.117065 0.143731 0.132426 0.107367 0.0938521 0.0861927 0.0714102 0.0523541 0.0363405 0.0244254 0.0153413 0.00871258 0.00438118 0.00190641 0.000697017
 3.28343e-11 1.54437e-09 5.0299e-08 1.13437e-06 1.77148e-05 0.000191561 0.00143441 0.00743812 0.0267169 0.0665399 0.115367 0.141415 0.129574 0.1037 0.0896029 0.0831425 0.0717434 0.0562011 0.041528 0.0287552 0.0181301 0.010281 0.00516981 0.00224025 0.000809305
 3.71813e-11 1.74883e-09 5.69583e-08 1.28455e-06 2.00601e-05 0.000216922 0.0016243 0.00842253 0.030249 0.0752993 0.130298 0.158512 0.141368 0.105072 0.0812693 0.0699599 0.0586058 0.04566 0.0343616 0.0248247 0.0164903 0.00975218 0.00501494 0.0021885 0.000789768
 3.71984e-11 1.74963e-09 5.69843e-08 1.28514e-06 2.00693e-05 0.000217022 0.00162505 0.00842648 0.0302643 0.0753482 0.130456 0.159049 0.142945 0.108472 0.086242 0.0743785 0.05987 0.0431691 0.0298698 0.0205619 0.0136202 0.00828412 0.00443309 0.00200508 0.000741026
#pred catch len freq
 2.19737e-11 1.03354e-09 3.36617e-08 7.59155e-07 1.18553e-05 0.000128199 0.000959972 0.00497822 0.0178855 0.0445873 0.077596 0.096487 0.0928302 0.0836259 0.083783 0.0859297 0.0803515 0.07018 0.0604135 0.0514756 0.0434511 0.0367988 0.0305956 0.0232185 0.0147116
 9.18406e-12 4.31975e-10 1.40691e-08 3.17295e-07 4.95505e-06 5.35836e-05 0.00040128 0.00208177 0.00749084 0.0187886 0.0334788 0.0452981 0.0552126 0.072916 0.0976432 0.112805 0.11007 0.0984186 0.085975 0.07319 0.0601095 0.0479249 0.0367594 0.0258676 0.0155093
 7.7127e-12 3.62768e-10 1.18151e-08 2.66461e-07 4.16119e-06 4.4998e-05 0.000336963 0.00174766 0.00628237 0.0156959 0.0275515 0.0353846 0.0377669 0.0423641 0.0550852 0.0736085 0.0940254 0.111454 0.117691 0.109544 0.0923207 0.0723398 0.0526926 0.0346158 0.0194439
 3.13745e-11 1.47571e-09 4.80628e-08 1.08394e-06 1.69272e-05 0.000183043 0.0013706 0.00710668 0.0255183 0.0634752 0.10951 0.13168 0.112491 0.073276 0.0446723 0.0342844 0.0352293 0.0428505 0.0540552 0.063037 0.0639031 0.0554541 0.0413558 0.0264189 0.0141106
 4.1865e-11 1.96913e-09 6.41333e-08 1.44637e-06 2.25871e-05 0.000244247 0.0018289 0.00948318 0.0340546 0.0847379 0.146391 0.176955 0.154116 0.106457 0.0713632 0.0524689 0.0373179 0.0239908 0.0169284 0.0162325 0.0179737 0.0181961 0.015299 0.0103652 0.00557231
 3.37967e-11 1.58963e-09 5.17734e-08 1.16762e-06 1.82341e-05 0.000197176 0.00147646 0.00765632 0.0275025 0.0685154 0.11892 0.146365 0.135967 0.112359 0.0999263 0.0906117 0.0706146 0.0454303 0.026045 0.0150229 0.0100453 0.00824763 0.00703016 0.00512659 0.00292115
 2.98423e-11 1.40364e-09 4.57156e-08 1.031e-06 1.61006e-05 0.000174106 0.00130372 0.00676062 0.0242864 0.0605172 0.105132 0.129848 0.122115 0.104253 0.0976985 0.0947653 0.0824988 0.063554 0.0446531 0.0281709 0.0157961 0.00852676 0.00502361 0.00314291 0.00176266
 3.0587e-11 1.43866e-09 4.68564e-08 1.05673e-06 1.65023e-05 0.00017845 0.00133624 0.00692914 0.0248898 0.0620014 0.107579 0.132249 0.122405 0.100566 0.0901459 0.086065 0.0762718 0.0620674 0.0480879 0.0346588 0.0221371 0.01229 0.00606605 0.00281079 0.00124773
 3.51735e-11 1.65439e-09 5.38826e-08 1.21519e-06 1.89769e-05 0.000205208 0.00153659 0.00796782 0.0286171 0.0712493 0.123373 0.150478 0.135466 0.103383 0.0833714 0.0739279 0.0627688 0.049484 0.0380223 0.0283865 0.0196109 0.0119924 0.00629027 0.00279287 0.00105733
 3.40966e-11 1.60374e-09 5.22328e-08 1.17798e-06 1.83959e-05 0.000198926 0.00148956 0.00772407 0.0277438 0.0690964 0.119791 0.146794 0.13434 0.10703 0.0913307 0.0825068 0.0676946 0.0493497 0.034562 0.0241918 0.0164215 0.0103155 0.00571456 0.00266814 0.001017
 3.58011e-11 1.68391e-09 5.4844e-08 1.23687e-06 1.93155e-05 0.00020887 0.00156401 0.00811005 0.0291284 0.0725273 0.12562 0.153376 0.138576 0.106767 0.0871277 0.0772136 0.0641013 0.0479626 0.0338977 0.0229155 0.0145503 0.00861033 0.00465908 0.00220163 0.000862123
 3.52639e-11 1.65865e-09 5.4021e-08 1.21831e-06 1.90256e-05 0.000205736 0.00154055 0.00798843 0.0286925 0.0714507 0.123815 0.151456 0.137746 0.107975 0.0901336 0.080466 0.0659421 0.0480813 0.0332229 0.0222775 0.0140472 0.00810099 0.00419832 0.00190722 0.000732387
 3.44025e-11 1.61813e-09 5.27015e-08 1.18855e-06 1.85609e-05 0.000200711 0.00150292 0.00779336 0.0279925 0.0697139 0.120849 0.148032 0.13529 0.107447 0.0914368 0.0828508 0.0686605 0.0505914 0.0350898 0.0233096 0.0144299 0.00815374 0.00413193 0.0018253 0.000679498
 3.47041e-11 1.63232e-09 5.31635e-08 1.19897e-06 1.87236e-05 0.00020247 0.00151609 0.00786164 0.0282373 0.0703193 0.121869 0.149144 0.135867 0.107008 0.0900706 0.0812342 0.0675536 0.050282 0.035359 0.0237672 0.0147839 0.00831015 0.00414888 0.00179414 0.000651669
 3.26032e-11 1.5335e-09 4.99451e-08 1.12639e-06 1.75902e-05 0.000190213 0.00142432 0.0073859 0.0265305 0.066088 0.114667 0.140947 0.130376 0.106783 0.0946442 0.0878048 0.0733256 0.0542233 0.0378802 0.0254822 0.015975 0.00906002 0.00453981 0.00195369 0.000700561
 3.25851e-11 1.53265e-09 4.99173e-08 1.12576e-06 1.75804e-05 0.000190107 0.00142353 0.00738173 0.0265149 0.0660436 0.114551 0.140625 0.129516 0.104983 0.0920545 0.0855715 0.072808 0.0556318 0.0401635 0.0275059 0.0173243 0.00983999 0.00494794 0.00213783 0.000767184
 3.55307e-11 1.67119e-09 5.44297e-08 1.22752e-06 1.91696e-05 0.000207292 0.0015522 0.00804877 0.0289083 0.0719785 0.124665 0.152191 0.137446 0.105783 0.0862458 0.0765754 0.064062 0.0488015 0.0355519 0.0248793 0.0161085 0.009368 0.00477895 0.00207962 0.000749058
 3.31528e-11 1.55935e-09 5.07869e-08 1.14537e-06 1.78866e-05 0.000193419 0.00144833 0.00751037 0.0269774 0.0671993 0.116581 0.143234 0.132276 0.107851 0.0948612 0.0871294 0.0716223 0.0517543 0.0354689 0.023898 0.015357 0.00904589 0.00471357 0.00209362 0.000765598
 3.24784e-11 1.52763e-09 4.97539e-08 1.12207e-06 1.75228e-05 0.000189485 0.00141887 0.00735759 0.0264284 0.0658301 0.114195 0.140251 0.129376 0.105291 0.0928009 0.0864871 0.0735327 0.0559107 0.0399268 0.0269212 0.0167353 0.0095027 0.004862 0.00216349 0.000801305
 3.38643e-11 1.59282e-09 5.1877e-08 1.16996e-06 1.82706e-05 0.000197571 0.00147941 0.00767142 0.0275542 0.06862 0.118936 0.145609 0.132832 0.10504 0.0890704 0.0811592 0.0686608 0.0526262 0.0384572 0.0268563 0.0172531 0.00992927 0.00503093 0.00219553 0.000801881
 3.28843e-11 1.54672e-09 5.03757e-08 1.1361e-06 1.77418e-05 0.000191853 0.0014366 0.00744953 0.0267586 0.0666514 0.115612 0.141955 0.130821 0.10615 0.0929714 0.0857315 0.0716255 0.0533233 0.0378405 0.0261403 0.0169829 0.0100135 0.00519432 0.00229455 0.000837298
 3.25861e-11 1.53269e-09 4.99189e-08 1.12579e-06 1.75809e-05 0.000190113 0.00142357 0.00738196 0.0265158 0.066046 0.114557 0.140638 0.129546 0.105037 0.0920969 0.0855005 0.0725237 0.0551738 0.0397429 0.0273482 0.0174907 0.0102019 0.00530881 0.00237705 0.000880336
 3.48367e-11 1.63855e-09 5.33665e-08 1.20355e-06 1.87951e-05 0.000203243 0.00152188 0.00789161 0.0283443 0.0705798 0.122279 0.149452 0.135531 0.105487 0.0874373 0.0784814 0.0659266 0.0502783 0.0366036 0.0255763 0.0165698 0.00970491 0.00503314 0.00224599 0.000833525
 3.64133e-11 1.71271e-09 5.57818e-08 1.25802e-06 1.96458e-05 0.000212442 0.00159076 0.00824871 0.0296263 0.0737656 0.127755 0.155936 0.140732 0.108046 0.0875054 0.0766109 0.0623632 0.0454611 0.0316019 0.021511 0.0138841 0.00819711 0.004291 0.00192517 0.000715623
 3.5519e-11 1.67064e-09 5.44118e-08 1.22712e-06 1.91633e-05 0.000207224 0.00155169 0.00804622 0.0289001 0.0719686 0.124718 0.152583 0.138842 0.108966 0.0910415 0.0810974 0.0659323 0.0472671 0.0318269 0.0207623 0.0128308 0.00733241 0.00378053 0.00169354 0.000632103
 3.36395e-11 1.58224e-09 5.15326e-08 1.16219e-06 1.81493e-05 0.000196259 0.00146959 0.00762059 0.0273728 0.0681788 0.118244 0.145108 0.13347 0.107764 0.0937351 0.0859563 0.0713193 0.0522533 0.0358265 0.0233863 0.0141438 0.00778806 0.00385858 0.00167574 0.000614423
 3.1805e-11 1.49596e-09 4.87224e-08 1.09881e-06 1.71595e-05 0.000185557 0.00138946 0.00720512 0.0258816 0.0644761 0.111901 0.137695 0.127845 0.105726 0.0950122 0.0892622 0.0756301 0.0570016 0.040435 0.0271973 0.0167669 0.00926356 0.00452119 0.00190856 0.000678041
 3.3647e-11 1.58259e-09 5.15441e-08 1.16245e-06 1.81533e-05 0.000196303 0.00146991 0.00762219 0.0273775 0.0681803 0.118177 0.144699 0.132062 0.104576 0.0889266 0.0813812 0.0693277 0.0536215 0.0394303 0.0275186 0.0175713 0.0100081 0.00498112 0.0021117 0.000742469
 3.54798e-11 1.6688e-09 5.43517e-08 1.22577e-06 1.91421e-05 0.000206995 0.00154998 0.00803728 0.0288674 0.0718809 0.124524 0.152152 0.137829 0.106917 0.088006 0.0781222 0.0644226 0.0478322 0.0340204 0.0236249 0.015422 0.00909702 0.00469074 0.00204548 0.000731691
#obs catch len freq
 2.29813e-11 1.08093e-09 3.52052e-08 7.93967e-07 1.2399e-05 0.000134078 0.00100398 0.00520632 0.0187031 0.0466059 0.0809758 0.100066 0.0943119 0.0811372 0.0775908 0.0786958 0.0751966 0.0685303 0.0620728 0.0557298 0.0489643 0.0411698 0.0316155 0.0209386 0.011338
 1.92355e-11 9.04744e-10 2.94669e-08 6.64554e-07 1.0378e-05 0.000112224 0.000840358 0.00435813 0.0156606 0.0390687 0.0681835 0.0856826 0.0852761 0.0824164 0.0882485 0.0927599 0.0865572 0.0752035 0.0654888 0.0574323 0.049454 0.0407979 0.0309686 0.0204289 0.0110509
 7.53624e-16 3.5512e-14 1.16502e-12 2.70288e-11 4.68897e-10 7.08075e-09 1.1281e-07 1.81637e-06 2.40864e-05 0.000233433 0.0015904 0.00754645 0.0249551 0.0579778 0.0967065 0.121698 0.126474 0.120349 0.109826 0.0955689 0.0795358 0.0634623 0.0470463 0.0305874 0.0164175
 1.01493e-11 4.77376e-10 1.55478e-08 3.50643e-07 5.47578e-06 5.92125e-05 0.000443371 0.00229883 0.00825341 0.0205187 0.0353259 0.042154 0.0351791 0.0224144 0.0185617 0.0338361 0.0677645 0.106088 0.129786 0.131504 0.116918 0.0941318 0.0684185 0.043432 0.0229061
 5.04427e-11 2.37258e-09 7.72735e-08 1.74271e-06 2.72149e-05 0.000294289 0.00220358 0.0114254 0.0410216 0.101996 0.175672 0.209831 0.174595 0.102973 0.0458153 0.0184107 0.00931027 0.00833641 0.0119495 0.0171681 0.0202063 0.0191691 0.014942 0.00962205 0.00502991
 2.96067e-11 1.39256e-09 4.53547e-08 1.02286e-06 1.59735e-05 0.000172732 0.00129345 0.00670776 0.024102 0.0601108 0.104789 0.131116 0.128577 0.11974 0.120293 0.112894 0.0828653 0.0449098 0.0192733 0.00938805 0.00812433 0.00874245 0.00801316 0.00572733 0.00314336
 3.94828e-11 1.85708e-09 6.04839e-08 1.36407e-06 2.13018e-05 0.000230349 0.00172483 0.00894366 0.0321184 0.0799303 0.138159 0.167357 0.146972 0.104559 0.0757692 0.0641122 0.0565592 0.0467588 0.0341006 0.0205612 0.0102662 0.005103 0.00321902 0.0022314 0.00130133
 2.26169e-11 1.06379e-09 3.46469e-08 7.81377e-07 1.22024e-05 0.000131953 0.000988103 0.00512461 0.0184187 0.0459873 0.0805151 0.102373 0.10554 0.108483 0.120311 0.122162 0.101032 0.0706452 0.0471594 0.0317441 0.0199847 0.0108569 0.00513771 0.0023305 0.00106148
 4.05934e-11 1.90932e-09 6.21851e-08 1.40243e-06 2.1901e-05 0.000236828 0.00177334 0.009195 0.0330187 0.0821482 0.141838 0.171083 0.147886 0.10018 0.0663674 0.0533809 0.0491064 0.0449601 0.0376022 0.0272508 0.0170761 0.00948032 0.00466479 0.00199297 0.000737502
 3.23834e-11 1.52316e-09 4.96084e-08 1.11879e-06 1.74716e-05 0.000188931 0.00141473 0.00733626 0.026354 0.0656646 0.114044 0.140706 0.131789 0.111065 0.101052 0.0926008 0.0725614 0.048257 0.0312876 0.0220209 0.0155885 0.00981038 0.00517615 0.00225579 0.000808846
 3.72479e-11 1.75196e-09 5.70602e-08 1.28685e-06 2.00961e-05 0.00021731 0.00162721 0.00843762 0.0303034 0.0754362 0.130546 0.158865 0.141858 0.105856 0.0825785 0.071921 0.0609262 0.0472659 0.0339249 0.0223114 0.0134741 0.00769729 0.00410592 0.0019063 0.000721057
 3.74161e-11 1.75987e-09 5.73179e-08 1.29266e-06 2.01868e-05 0.000218292 0.00163456 0.00847582 0.0304417 0.0757911 0.131232 0.160038 0.143965 0.109505 0.0872931 0.0751851 0.0600607 0.042703 0.029006 0.0194528 0.0123084 0.00701016 0.00352815 0.0015507 0.000578534
 3.64355e-11 1.71375e-09 5.58156e-08 1.25878e-06 1.96577e-05 0.000212571 0.00159173 0.00825376 0.029645 0.0738162 0.127872 0.156219 0.141435 0.10951 0.089743 0.078964 0.0638824 0.0455861 0.0303747 0.0194448 0.011721 0.00651511 0.00326065 0.00141667 0.0005152
 3.64335e-11 1.71366e-09 5.58126e-08 1.25872e-06 1.96567e-05 0.000212559 0.00159164 0.00825329 0.0296431 0.0738091 0.127844 0.15611 0.141101 0.108784 0.0886908 0.0780741 0.0637509 0.0463414 0.0315538 0.0204294 0.0122029 0.00658958 0.00318038 0.00134081 0.000477312
 3.60971e-11 1.69783e-09 5.52973e-08 1.24709e-06 1.94752e-05 0.000210597 0.00157694 0.00817712 0.0293698 0.0731322 0.126694 0.154817 0.140282 0.108877 0.0895885 0.0792014 0.0645403 0.0466847 0.0317347 0.0206873 0.0125101 0.00680877 0.00326747 0.0013503 0.000467812
 2.85858e-11 1.34454e-09 4.37908e-08 9.87594e-07 1.54227e-05 0.000166776 0.00124884 0.00647618 0.0232669 0.0579987 0.100907 0.125334 0.120083 0.106844 0.104239 0.101499 0.0855467 0.0626159 0.0427798 0.027923 0.0168971 0.00922754 0.0044512 0.00184292 0.000634647
 3.46695e-11 1.63069e-09 5.31104e-08 1.19777e-06 1.8705e-05 0.000202268 0.00151457 0.00785363 0.0282069 0.0702263 0.121592 0.148261 0.133351 0.101638 0.0823021 0.0745169 0.0660018 0.0545978 0.0424248 0.0300691 0.0188776 0.0104479 0.00506604 0.0021041 0.000725957
 3.52835e-11 1.65956e-09 5.40509e-08 1.21898e-06 1.90362e-05 0.00020585 0.0015414 0.00799283 0.0287082 0.071487 0.123861 0.151433 0.137464 0.10719 0.0887302 0.0786101 0.0640739 0.0469062 0.0334777 0.0240132 0.0163443 0.00988681 0.00510009 0.00218801 0.000765689
 3.03906e-11 1.42943e-09 4.65555e-08 1.04994e-06 1.63964e-05 0.000177305 0.00132767 0.00688484 0.0247328 0.0616301 0.107071 0.132264 0.124434 0.106202 0.0989785 0.0943521 0.0793575 0.0585122 0.0405185 0.0271172 0.0172697 0.0102598 0.00548019 0.00249248 0.000920163
 3.45803e-11 1.62649e-09 5.29737e-08 1.19469e-06 1.86568e-05 0.000201747 0.00151068 0.00783348 0.0281352 0.0700537 0.121334 0.148141 0.133854 0.103249 0.0848272 0.0767115 0.0664314 0.0530505 0.0400319 0.0280929 0.0178347 0.0102062 0.00524383 0.00235417 0.000884003
 3.359e-11 1.57991e-09 5.14566e-08 1.16048e-06 1.81225e-05 0.00019597 0.00146742 0.00760932 0.027332 0.0680735 0.118037 0.144737 0.132756 0.106402 0.0915967 0.0833873 0.0690338 0.0510907 0.0364662 0.0257392 0.0171546 0.0102779 0.00536301 0.00238157 0.000879461
 3.37609e-11 1.58795e-09 5.17185e-08 1.16638e-06 1.82147e-05 0.000196967 0.00147489 0.007648 0.0274706 0.0684143 0.118599 0.145292 0.132845 0.105666 0.090272 0.0824501 0.0693953 0.0524491 0.0375069 0.025692 0.0164859 0.00974087 0.00515841 0.0023454 0.000878553
 3.22808e-11 1.51833e-09 4.9451e-08 1.11525e-06 1.74162e-05 0.000188332 0.00141023 0.00731283 0.026268 0.0654323 0.113519 0.139487 0.128878 0.105285 0.0931439 0.0867117 0.0732656 0.05536 0.0397404 0.0274271 0.0176143 0.0102774 0.00534629 0.00240852 0.000905347
 3.64684e-11 1.7153e-09 5.58662e-08 1.25992e-06 1.96755e-05 0.000212763 0.00159316 0.00826111 0.0296701 0.0738662 0.127873 0.155818 0.139793 0.105657 0.0838814 0.0733801 0.0614484 0.0472077 0.0346132 0.0242185 0.0156577 0.00915869 0.00475257 0.00212491 0.000791798
 3.41247e-11 1.60506e-09 5.22758e-08 1.17895e-06 1.8411e-05 0.00019909 0.00149079 0.00773046 0.0277672 0.0691581 0.119922 0.14707 0.134958 0.108263 0.0931724 0.0843952 0.0688784 0.0495048 0.0338286 0.022831 0.014732 0.00871101 0.00456118 0.00204585 0.000760979
 3.55578e-11 1.67247e-09 5.44711e-08 1.22846e-06 1.91842e-05 0.00020745 0.00155338 0.00805492 0.0289308 0.072037 0.124785 0.152424 0.137937 0.106749 0.0877286 0.0782153 0.0652604 0.0490555 0.0346718 0.0231836 0.0143359 0.00812677 0.00416552 0.00186207 0.000694793
 3.16295e-11 1.4877e-09 4.84534e-08 1.09275e-06 1.70648e-05 0.000184533 0.00138179 0.0071654 0.0257396 0.0641277 0.111334 0.137174 0.127918 0.106869 0.0970307 0.0910559 0.0760006 0.0558615 0.0388256 0.0261147 0.0164077 0.00931939 0.00468653 0.00203931 0.000745612
 3.11631e-11 1.46576e-09 4.77389e-08 1.07663e-06 1.68132e-05 0.000181811 0.00136141 0.00705966 0.025359 0.0631716 0.109621 0.134816 0.124953 0.102964 0.0924404 0.0877161 0.0762769 0.0599068 0.0443191 0.0307064 0.0193656 0.0109828 0.00552292 0.0023933 0.000864602
 3.56013e-11 1.67451e-09 5.45378e-08 1.22996e-06 1.92077e-05 0.000207704 0.00155528 0.00806471 0.0289651 0.0721146 0.124865 0.15227 0.136988 0.104351 0.0839041 0.0742076 0.0627948 0.0490819 0.0369864 0.0267377 0.0177657 0.0105075 0.00540353 0.00235811 0.000850978
#spawning biomass
 22801.9 22753.1 17997.5 13622.6 14869.7 25598.8 37120.4 42482.4 49622.9 64291.3 81675.1 110069 137469 151841 157098 144091 145979 139813 140898 144110 138576 137719 141449 140586 157637 174422 164670 151459 137574 134824 179383 128737 85081 57289.1 41664.2 33489.3 29399.4 27411.5 26463.8 26017.7 25809.6 25713.1 25668.5 25648 25638.6 25634.3 25632.3 25631.4 25631 25630.8 25630.7 25630.7 25630.6 25630.6 25630.6 25630.6 25630.6 25630.6 25630.6 25630.6 25630.6 25630.6 25630.6 25630.6 25630.6 25630.6 25630.6 25630.6 25630.6 25630.6 25630.6 25630.6 25630.6 25630.6 25630.6 25630.6 25630.6 25630.6 25630.6 25630.6 25630.6 25630.6 25630.6 25630.6 25630.6 25630.6 25630.6 25630.6 25630.6 25630.6 25630.6 25630.6 25630.6 25630.6 25630.6 25630.6 25630.6 25630.6 25630.6 25630.6 25630.6 25630.6 25630.6 25630.6 25630.6 25630.6 25630.6 25630.6 25630.6 25630.6 25630.6 25630.6 25630.6 25630.6 25630.6 25630.6 25630.6 25630.6 25630.6 25630.6 25630.6 25630.6 25630.6 25630.6 25630.6 25630.6 25630.6 25630.6 25630.6 0 0 0 0 0 0 0 0 0 0 0 0 0 0 0 0 0 0 0 0 0 0 0 0 0
