SBPRF35
0.374416
Curr Bio
28194.2
B35
101366
F35
0.362217
FOFL
0.107049
OFL
4361.68
Bzero
106976
#pred survey bio
 6094.94 6037.19 7149.45 9275.55 10976.6 13744.1 12925.2 12683.2 18863.8 30272.7 32694.2 38724.9 59188.4 69932.5 61113.4 52421.6 51651.7 54133.6 49946.5 48617.3 52582.1 57191.8 62101.4 63465.1 71877.1 72067.6 69077.3 68575.5 2.70248e+06 2.22627e+06 2.21614e+06 1.92086e+06 1.63785e+06 1.43671e+06 1.30872e+06 1.23146e+06 1.186e+06 1.15948e+06 1.14395e+06 1.13475e+06 1.12918e+06 1.12572e+06 1.12351e+06 1.12205e+06 1.12107e+06 1.12039e+06 1.11992e+06 1.11958e+06 1.11934e+06 1.11916e+06 1.11902e+06 1.11893e+06 1.11885e+06 1.1188e+06 1.11876e+06 1.11873e+06 1.11871e+06 1.11869e+06 1.11868e+06 1.11867e+06 1.11866e+06 1.11866e+06 1.11865e+06 1.11865e+06 1.11865e+06 1.11865e+06 1.11864e+06 1.11864e+06 1.11864e+06 1.11864e+06 1.11864e+06 1.11864e+06 1.11864e+06 1.11864e+06 1.11864e+06 1.11864e+06 1.11864e+06 1.11864e+06 1.11864e+06 1.11864e+06 1.11864e+06 1.11864e+06 1.11864e+06 1.11864e+06 1.11864e+06 1.11864e+06 1.11864e+06 1.11864e+06 1.11864e+06 1.11864e+06 1.11864e+06 1.11864e+06 1.11864e+06 1.11864e+06 1.11864e+06 1.11864e+06 1.11864e+06 1.11864e+06 1.11864e+06 1.11864e+06 1.11864e+06 1.11864e+06 1.11864e+06 1.11864e+06 1.11864e+06 1.11864e+06 1.11864e+06 1.11864e+06 1.11864e+06 1.11864e+06 1.11864e+06 1.11864e+06 1.11864e+06 1.11864e+06 1.11864e+06 1.11864e+06 1.11864e+06 1.11864e+06 1.11864e+06 1.11864e+06 1.11864e+06 1.11864e+06 1.11864e+06 1.11864e+06 1.11864e+06 1.11864e+06 1.11864e+06 1.11864e+06 0 0 0 0 0 0 0 0 0 0 0 0 0 0 0 0 0 0 0 0 0 0 0 0 0
#obs survey bio
 5262.09 7355.5 11444.2 9141 10562.6 13101.4 10359.7 20840.5 25656.9 31174 38705.2 85601.4 63852.4 85409.7 39362.2 59362.9 59405.2 42216.4 68257 35805.9 55038.7 78363.7 55739.7 64068.1 115835 85082 59827.4 91412.7
#pred catch bio
 3542.52 3321.19 3609.36 5454.77 5652.95 8411.34 8386.01 7934.53 8195.02 17961.6 22328.3 20782.2 34616.6 47687.9 42936.3 35811.9 32546.8 37689.4 34454.1 31768.6 34780.7 36038.7 42144.3 39634.7 46526.7 47979.1 47379.4 41782.5 4361.68 23560.4 25315 21508.8 17725.9 15108.8 13496.3 12559.3 12033.9 11746 11590.6 11507.6 11463.6 11440.3 11428.1 11421.6 11418.3 11416.5 11415.6 11415.1 11414.9 11414.7 11414.7 11414.6 11414.6 11414.6 11414.6 11414.6 11414.6 11414.6 11414.6 11414.6 11414.6 11414.6 11414.6 11414.6 11414.6 11414.6 11414.6 11414.6 11414.6 11414.6 11414.6 11414.6 11414.6 11414.6 11414.6 11414.6 11414.6 11414.6 11414.6 11414.6 11414.6 11414.6 11414.6 11414.6 11414.6 11414.6 11414.6 11414.6 11414.6 11414.6 11414.6 11414.6 11414.6 11414.6 11414.6 11414.6 11414.6 11414.6 11414.6 11414.6 11414.6 11414.6 11414.6 11414.6 11414.6 11414.6 11414.6 11414.6 11414.6 11414.6 11414.6 11414.6 11414.6 11414.6 11414.6 11414.6 11414.6 11414.6 11414.6 11414.6 11414.6 11414.6 11414.6 11414.6 11414.6 11414.6 11414.6 11414.6 0 0 0 0 0 0 0 0 0 0 0 0 0 0 0 0 0 0 0 0 0 0 0 0 0
#obs catch bio
 3402.96 3303.6 3473.9 5410.15 5546.59 8219.55 8439.82 8015.23 7892.78 17333.5 23010.3 20034.5 33370.5 47599.2 44039.8 36939.5 31665.7 38000.3 34565.8 32144.2 35695.1 35065.3 42066 39695.6 45529.8 47650.1 48293.8 42263.7
#pred cpue bio
 4324.91 3925.12 4540.4 5911.22 6760.19 8915.2 8709.9 7883.74 10126.9 18980.4 21122.9 21451.7 34864.5 44248.4 39668.9 33087.4 31491.5 34413.5 30874.7 29809.1 31983.9 34475.8 38894.8 38296.2 44314 45812.2 43510.6 41544 1.69619e+06 1.81632e+06 2.02216e+06 1.76073e+06 1.47857e+06 1.27694e+06 1.1488e+06 1.07151e+06 1.02605e+06 999525 984000 974795 969226 965770 963557 962095 961115 960441 959967 959628 959383 959204 959072 958975 958902 958848 958808 958778 958755 958738 958725 958716 958709 958704 958700 958697 958694 958693 958691 958690 958690 958689 958689 958688 958688 958688 958688 958688 958688 958688 958688 958688 958688 958688 958688 958688 958688 958688 958688 958688 958688 958688 958688 958688 958688 958688 958688 958688 958688 958688 958688 958688 958688 958688 958688 958688 958688 958688 958688 958688 958688 958688 958688 958688 958688 958688 958688 958688 958688 958688 958688 958688 958688 958688 958688 958688 958688 958688 958688 958688 0 0 0 0 0 0 0 0 0 0 0 0 0 0 0 0 0 0 0 0 0 0 0 0 0
#obs cpue bio
 3871.43 4345.88 6705.35 4915.98 9062.86 13364.6 7909.77 6251.34 15463.3 20817.2 12661.4 25142.6 39726.6 32111.9 29859.9 24844.9 47417.7 33169.6 23388.3 24598.7 24886.8 48181.8 40520.9 33220 45943.7 39366.5 32577 33628.2
#pred surv len freq
 2.1429e-27 2.16637e-27 5.90312e-27 1.27843e-21 7.60329e-17 1.03961e-12 3.26804e-09 2.36182e-06 0.000392414 0.0149899 0.131642 0.265791 0.123942 0.0283247 0.0929028 0.130678 0.0528369 0.0414961 0.0361006 0.0223671 0.017347 0.0135211 0.0125019 0.0107766 0.00438771
 2.14246e-27 2.16627e-27 5.93764e-27 1.29021e-21 7.67336e-17 1.04919e-12 3.29816e-09 2.38359e-06 0.00039603 0.0151281 0.132855 0.268241 0.125198 0.0316234 0.112307 0.157839 0.0604468 0.0377838 0.0296523 0.0122058 0.00668252 0.00390529 0.00280596 0.00209871 0.000828292
 2.14297e-27 2.16777e-27 6.11401e-27 1.35009e-21 8.02952e-17 1.09789e-12 3.45124e-09 2.49422e-06 0.000414411 0.0158302 0.139022 0.280691 0.130927 0.0309008 0.104145 0.146439 0.0579863 0.0418156 0.0327102 0.0114755 0.00465983 0.00166745 0.000743761 0.000418951 0.000150633
 2.14273e-27 2.16723e-27 6.05922e-27 1.33151e-21 7.91901e-17 1.08278e-12 3.40374e-09 2.45989e-06 0.000408708 0.0156124 0.137109 0.276828 0.129151 0.0311692 0.106947 0.150362 0.0589753 0.0409628 0.0324166 0.0126569 0.00537888 0.00150272 0.000370152 0.000114089 3.23389e-05
 2.14358e-27 2.16925e-27 6.26574e-27 1.40153e-21 8.33543e-17 1.13972e-12 3.58273e-09 2.58925e-06 0.0004302 0.0164333 0.144318 0.291384 0.135881 0.0311811 0.102633 0.144179 0.0554354 0.0352663 0.0273178 0.00994574 0.00409064 0.00120456 0.000250431 3.91191e-05 6.14827e-06
 2.14171e-27 2.16469e-27 5.78735e-27 1.23927e-21 7.37042e-17 1.00777e-12 3.16795e-09 2.28949e-06 0.000380395 0.0145308 0.12761 0.257652 0.12033 0.0323595 0.119994 0.16873 0.0651921 0.0423975 0.0328492 0.0117175 0.00464659 0.00130517 0.000266542 3.42283e-05 2.79163e-06
 2.14036e-27 2.16145e-27 5.45301e-27 1.1259e-21 6.69615e-17 9.15579e-13 2.87814e-09 2.08004e-06 0.000345595 0.0132015 0.115936 0.234082 0.109446 0.0326908 0.12912 0.181738 0.0717408 0.0510936 0.0398533 0.0137754 0.00524993 0.00141595 0.000273564 3.30216e-05 2.12991e-06
 2.14381e-27 2.1699e-27 6.34538e-27 1.42859e-21 8.4964e-17 1.16173e-12 3.65192e-09 2.63925e-06 0.000438508 0.0167507 0.147105 0.297011 0.138438 0.0299874 0.0936498 0.131674 0.0531648 0.0412742 0.0326777 0.011759 0.00461503 0.00120458 0.000220722 2.51445e-05 1.49162e-06
 2.14694e-27 2.1774e-27 7.11368e-27 1.6891e-21 1.00457e-16 1.37357e-12 4.31785e-09 3.12052e-06 0.00051847 0.0198052 0.17393 0.351169 0.163462 0.029617 0.0750658 0.105101 0.0386615 0.0194649 0.0146454 0.00552392 0.0022863 0.000618689 0.000114051 1.24382e-05 6.94428e-07
 2.14197e-27 2.16518e-27 5.81856e-27 1.24976e-21 7.43279e-17 1.0163e-12 3.19476e-09 2.30886e-06 0.000383614 0.0146538 0.12869 0.259833 0.1214 0.0339892 0.129286 0.181556 0.0660731 0.0310291 0.0225365 0.0071541 0.0025355 0.000719262 0.000142071 1.5917e-05 8.71173e-07
 2.14213e-27 2.16576e-27 5.90585e-27 1.2795e-21 7.60965e-17 1.04048e-12 3.27078e-09 2.3638e-06 0.000392742 0.0150025 0.131752 0.266014 0.124161 0.0314025 0.111632 0.157083 0.0630516 0.0478248 0.0368075 0.0107307 0.00322968 0.00076179 0.000134976 1.57038e-05 8.95087e-07
 2.14636e-27 2.17602e-27 6.97251e-27 1.64123e-21 9.76105e-17 1.33465e-12 4.19549e-09 3.03209e-06 0.000503777 0.019244 0.169001 0.341218 0.158864 0.0296759 0.0784242 0.109912 0.0414208 0.0238839 0.0182362 0.00654153 0.00245322 0.000533479 7.65123e-05 7.55237e-06 4.15096e-07
 2.14402e-27 2.17018e-27 6.34444e-27 1.42813e-21 8.49365e-17 1.16135e-12 3.65073e-09 2.6384e-06 0.000438366 0.0167453 0.147058 0.296916 0.138491 0.0325861 0.109543 0.153657 0.0552645 0.0239266 0.0171639 0.0055859 0.00200229 0.000524292 8.70049e-05 7.66571e-06 3.5155e-07
 2.14213e-27 2.16564e-27 5.87745e-27 1.26978e-21 7.5519e-17 1.03259e-12 3.24595e-09 2.34586e-06 0.000389761 0.0148886 0.130752 0.263996 0.123282 0.0328684 0.121189 0.170323 0.0645878 0.0383657 0.0285239 0.00795161 0.00224701 0.000531541 9.08798e-05 9.22334e-06 4.29593e-07
 2.14129e-27 2.1636e-27 5.66625e-27 1.19816e-21 7.12593e-17 9.74344e-13 3.06286e-09 2.21354e-06 0.000367776 0.0140488 0.123377 0.249106 0.116411 0.033213 0.12778 0.179665 0.0685471 0.0419906 0.0317442 0.00986869 0.00314079 0.000641683 8.73605e-05 8.32203e-06 4.15281e-07
 2.14259e-27 2.16681e-27 6.00749e-27 1.31393e-21 7.81442e-17 1.06848e-12 3.35879e-09 2.42741e-06 0.00040331 0.0154062 0.135298 0.273172 0.12749 0.0319478 0.112803 0.158566 0.0612655 0.0398039 0.0303525 0.00953368 0.00314414 0.000703506 9.89647e-05 8.02008e-06 3.47453e-07
 2.14345e-27 2.16887e-27 6.21637e-27 1.38474e-21 8.23558e-17 1.12607e-12 3.53981e-09 2.55823e-06 0.000425046 0.0162365 0.14259 0.287894 0.134299 0.0320223 0.10882 0.15281 0.0573001 0.032152 0.0241387 0.00786597 0.00271818 0.000623737 9.3019e-05 7.97919e-06 3.26937e-07
 2.14191e-27 2.16511e-27 5.82103e-27 1.25064e-21 7.43805e-17 1.01702e-12 3.19702e-09 2.31049e-06 0.000383885 0.0146641 0.128781 0.260016 0.121453 0.0331467 0.124087 0.174377 0.0655703 0.037328 0.02791 0.0086469 0.0028416 0.000674704 0.000106211 9.56587e-06 4.12747e-07
 2.14314e-27 2.16815e-27 6.14443e-27 1.36036e-21 8.09056e-17 1.10624e-12 3.47748e-09 2.51318e-06 0.000417562 0.0159506 0.140079 0.282825 0.131951 0.0318842 0.109505 0.153854 0.0587424 0.0361032 0.0272093 0.0082215 0.0025793 0.000579251 8.81785e-05 8.21533e-06 3.72755e-07
 2.14302e-27 2.16779e-27 6.09852e-27 1.34474e-21 7.99771e-17 1.09354e-12 3.43757e-09 2.48434e-06 0.00041277 0.0157675 0.138471 0.27958 0.130482 0.032734 0.115671 0.162421 0.0600744 0.0312024 0.0230325 0.00720291 0.00234965 0.000515389 7.41152e-05 6.58436e-06 2.98217e-07
 2.14356e-27 2.16914e-27 6.2457e-27 1.39469e-21 8.29478e-17 1.13416e-12 3.56526e-09 2.57662e-06 0.000428102 0.0163532 0.143615 0.289964 0.135249 0.0318292 0.107018 0.1503 0.0568505 0.0333536 0.0249023 0.00733 0.00222497 0.000499811 7.37456e-05 6.35015e-06 2.73911e-07
 2.14363e-27 2.16928e-27 6.25607e-27 1.39819e-21 8.31557e-17 1.13701e-12 3.57419e-09 2.58308e-06 0.000429175 0.0163942 0.143975 0.290691 0.135599 0.0322167 0.109165 0.153247 0.0567973 0.0298531 0.0220566 0.00683697 0.00219469 0.000470713 6.61126e-05 5.75075e-06 2.47283e-07
 2.14242e-27 2.16634e-27 5.94916e-27 1.2941e-21 7.6965e-17 1.05236e-12 3.30811e-09 2.39078e-06 0.000397224 0.0151737 0.133256 0.26905 0.125619 0.0328617 0.119624 0.168066 0.0630691 0.0355115 0.0264019 0.00789075 0.00244353 0.000546224 7.91542e-05 6.65491e-06 2.79944e-07
 2.14388e-27 2.16995e-27 6.33291e-27 1.42428e-21 8.47075e-17 1.15822e-12 3.64089e-09 2.63128e-06 0.000437184 0.0167001 0.146661 0.296115 0.138079 0.0314801 0.103033 0.144689 0.0549298 0.0328356 0.0246602 0.00746488 0.00232982 0.000504158 7.16667e-05 6.17886e-06 2.6028e-07
 2.14292e-27 2.16757e-27 6.07699e-27 1.33745e-21 7.95434e-17 1.08761e-12 3.41893e-09 2.47087e-06 0.000410531 0.015682 0.13772 0.278063 0.129778 0.0326443 0.115581 0.162318 0.0603689 0.0323756 0.0240883 0.00771155 0.00259274 0.000574596 8.1828e-05 6.91641e-06 2.91355e-07
 2.14203e-27 2.16541e-27 5.85427e-27 1.26193e-21 7.50518e-17 1.0262e-12 3.22587e-09 2.33135e-06 0.00038735 0.0147965 0.129944 0.262363 0.122526 0.0328405 0.121511 0.170784 0.0648316 0.038736 0.0290612 0.00873355 0.00274415 0.000634125 9.61942e-05 8.30738e-06 3.47981e-07
 2.14261e-27 2.16687e-27 6.01299e-27 1.31579e-21 7.8255e-17 1.07e-12 3.36355e-09 2.43085e-06 0.000403882 0.015428 0.13549 0.27356 0.127672 0.0320192 0.113122 0.158999 0.0611954 0.0390668 0.0297473 0.00939886 0.00310228 0.000683658 9.99232e-05 8.97588e-06 3.91846e-07
 2.14364e-27 2.16933e-27 6.26484e-27 1.40118e-21 8.33337e-17 1.13944e-12 3.58184e-09 2.58861e-06 0.000430093 0.0164293 0.144283 0.291313 0.135876 0.0319155 0.107138 0.150431 0.0563477 0.031434 0.0235437 0.00758035 0.00258676 0.000594208 8.83968e-05 7.68707e-06 3.34985e-07
#obs surv len freq
 8.68804e-40 4.2522e-33 4.78464e-27 1.23774e-21 7.36131e-17 1.00653e-12 3.16402e-09 2.28665e-06 0.000379929 0.0145128 0.127452 0.257332 0.120177 0.032197 0.119098 0.167482 0.0649367 0.0429139 0.0335502 0.0126032 0.00534124 0.00161422 0.000356386 4.8474e-05 3.37728e-06
 1.03889e-39 5.08463e-33 5.72131e-27 1.48005e-21 8.80241e-17 1.20357e-12 3.78343e-09 2.73429e-06 0.000454307 0.0173539 0.152402 0.307707 0.143407 0.0306328 0.0943663 0.132488 0.0507934 0.0318809 0.0246377 0.00892528 0.00363068 0.00106033 0.000225713 2.96724e-05 1.99598e-06
 9.69138e-40 4.74326e-33 5.33719e-27 1.38068e-21 8.21142e-17 1.12276e-12 3.52942e-09 2.55072e-06 0.000423805 0.0161888 0.14217 0.287049 0.133939 0.0328256 0.113979 0.159942 0.057897 0.0262492 0.0191679 0.00668084 0.00259393 0.000725137 0.000147093 1.855e-05 1.20243e-06
 1.04857e-39 5.13202e-33 5.77463e-27 1.49384e-21 8.88444e-17 1.21479e-12 3.81869e-09 2.75978e-06 0.000458541 0.0175157 0.153823 0.310574 0.144759 0.031337 0.0978015 0.13722 0.0510098 0.0272629 0.0200422 0.00582837 0.00179707 0.000467394 8.94461e-05 1.06939e-05 6.61783e-07
 9.84382e-40 4.81787e-33 5.42114e-27 1.4024e-21 8.34059e-17 1.14043e-12 3.58494e-09 2.59084e-06 0.000430472 0.0164435 0.144407 0.291564 0.136028 0.0328654 0.112861 0.158337 0.0569637 0.0247062 0.0176466 0.00550209 0.00178415 0.000390772 6.06865e-05 6.6011e-06 3.84781e-07
 8.14484e-40 3.98633e-33 4.48549e-27 1.16035e-21 6.90105e-17 9.43595e-13 2.9662e-09 2.14368e-06 0.000356175 0.0136054 0.119483 0.241244 0.112837 0.0348106 0.139902 0.196556 0.0718739 0.0347848 0.025052 0.00700302 0.00197359 0.000443434 6.6437e-05 6.00332e-06 2.9975e-07
 7.94824e-40 3.89011e-33 4.37722e-27 1.13234e-21 6.73448e-17 9.20818e-13 2.8946e-09 2.09193e-06 0.000347578 0.013277 0.116599 0.235421 0.110101 0.0336388 0.134504 0.189196 0.0726646 0.0459136 0.034596 0.0100893 0.00295625 0.00060483 8.17148e-05 7.13e-06 3.17786e-07
 1.32998e-39 6.50935e-33 7.32442e-27 1.89476e-21 1.12688e-16 1.54081e-12 4.84355e-09 3.50044e-06 0.000581604 0.0222165 0.195105 0.393922 0.183147 0.0274655 0.0490465 0.0684517 0.0261023 0.01596 0.0121666 0.00405916 0.00141999 0.00030717 4.13215e-05 3.29879e-06 1.35753e-07
 1.10893e-39 5.42746e-33 6.10707e-27 1.57984e-21 9.3959e-17 1.28472e-12 4.03853e-09 2.91865e-06 0.000484938 0.018524 0.162678 0.328453 0.153073 0.0326222 0.100258 0.140304 0.0469388 0.00926926 0.00504532 0.00161883 0.000565313 0.000138579 2.16727e-05 1.81129e-06 7.16738e-08
 6.3531e-40 3.1094e-33 3.49875e-27 9.05093e-22 5.38293e-17 7.36018e-13 2.31368e-09 1.6721e-06 0.000277822 0.0106124 0.0931985 0.188178 0.0884496 0.038707 0.179682 0.252429 0.0889248 0.0325717 0.0215862 0.00459215 0.000642291 0.000124564 2.0217e-05 1.91976e-06 8.37821e-08
 1.23427e-39 6.04089e-33 6.79731e-27 1.7584e-21 1.04579e-16 1.42992e-12 4.49498e-09 3.24853e-06 0.000539748 0.0206177 0.181064 0.365574 0.170057 0.0278841 0.0601467 0.0842935 0.0343967 0.0276457 0.0211036 0.00533628 0.00115481 0.000169072 1.29785e-05 9.34301e-07 4.29714e-08
 1.17946e-39 5.77264e-33 6.49547e-27 1.68032e-21 9.99347e-17 1.36643e-12 4.29537e-09 3.10428e-06 0.00051578 0.0197021 0.173024 0.349342 0.16268 0.0312874 0.0858138 0.119994 0.0404421 0.00900073 0.00532498 0.00197255 0.00074428 0.000139079 1.33179e-05 6.8446e-07 1.84055e-08
 8.83162e-40 4.32247e-33 4.86371e-27 1.2582e-21 7.48296e-17 1.02316e-12 3.21631e-09 2.32443e-06 0.000386208 0.0147527 0.129558 0.261586 0.122274 0.0356867 0.13912 0.195137 0.0670975 0.0193258 0.0119653 0.00259536 0.000407822 9.07572e-05 1.40881e-05 9.59356e-07 2.63775e-08
 9.23623e-40 4.52049e-33 5.08653e-27 1.31584e-21 7.82578e-17 1.07003e-12 3.36366e-09 2.43092e-06 0.000403902 0.0154285 0.135493 0.273568 0.127723 0.0332557 0.120668 0.169461 0.0625603 0.0320751 0.0229306 0.0053353 0.000946716 0.000135358 1.16508e-05 9.00002e-07 3.50849e-08
 7.37142e-40 3.6078e-33 4.05955e-27 1.05017e-21 6.24574e-17 8.53993e-13 2.68453e-09 1.94012e-06 0.000322353 0.0123135 0.108137 0.218338 0.102301 0.036239 0.155526 0.218523 0.0788686 0.0349791 0.0248873 0.00719336 0.00200862 0.000332794 2.74689e-05 1.37635e-06 4.00511e-08
 1.1227e-39 5.49483e-33 6.18287e-27 1.59945e-21 9.51252e-17 1.30067e-12 4.08865e-09 2.95488e-06 0.000490957 0.0187539 0.164697 0.332529 0.154854 0.0298524 0.0821213 0.115198 0.0443452 0.0283043 0.0211999 0.00577592 0.0015272 0.000308493 3.6806e-05 2.15024e-06 5.33475e-08
 8.69283e-40 4.25454e-33 4.78728e-27 1.23842e-21 7.36537e-17 1.00708e-12 3.16577e-09 2.28791e-06 0.000380139 0.0145208 0.127522 0.257475 0.120374 0.0356897 0.140377 0.19692 0.0678332 0.0199833 0.0129827 0.00420906 0.00141022 0.00028351 3.47105e-05 2.53032e-06 8.16211e-08
 9.52264e-40 4.66067e-33 5.24426e-27 1.35664e-21 8.06845e-17 1.10321e-12 3.46796e-09 2.50631e-06 0.000416426 0.0159069 0.139695 0.282051 0.131627 0.0327786 0.115199 0.16176 0.0599468 0.0314364 0.0225709 0.00530818 0.00104419 0.000222589 3.25481e-05 2.49683e-06 8.92668e-08
 1.01135e-39 4.94985e-33 5.56965e-27 1.44082e-21 8.56908e-17 1.17167e-12 3.68314e-09 2.66182e-06 0.000442264 0.0168939 0.148363 0.299551 0.139712 0.0326371 0.10906 0.152959 0.0547942 0.0230201 0.0162201 0.00474085 0.00134898 0.000230573 2.31364e-05 1.7994e-06 7.20302e-08
 8.67899e-40 4.24777e-33 4.77965e-27 1.23645e-21 7.35364e-17 1.00548e-12 3.16073e-09 2.28426e-06 0.000379534 0.0144977 0.127319 0.257065 0.12016 0.0350515 0.136604 0.191734 0.0678157 0.0257391 0.0175426 0.0046461 0.00117462 0.00023786 2.91391e-05 1.86789e-06 6.11723e-08
 1.1158e-39 5.46109e-33 6.1449e-27 1.58963e-21 9.45412e-17 1.29268e-12 4.06355e-09 2.93674e-06 0.000487943 0.0186388 0.163686 0.330488 0.153942 0.0306979 0.0878983 0.123215 0.0454644 0.0232521 0.0167564 0.00428081 0.000985861 0.000181278 2.14056e-05 1.57084e-06 5.34957e-08
 8.91089e-40 4.36127e-33 4.90737e-27 1.26949e-21 7.55013e-17 1.03234e-12 3.24518e-09 2.3453e-06 0.000389675 0.0148851 0.130721 0.263933 0.123346 0.0353227 0.13619 0.191036 0.0660127 0.0201081 0.0130236 0.00375006 0.00106321 0.000194939 2.08782e-05 1.4168e-06 4.9385e-08
 1.00489e-39 4.91824e-33 5.53409e-27 1.43162e-21 8.51435e-17 1.16418e-12 3.65962e-09 2.64482e-06 0.00043944 0.016786 0.147415 0.297638 0.138815 0.0323064 0.107619 0.151021 0.0554115 0.027372 0.0194714 0.00460884 0.00090056 0.000170997 2.12696e-05 1.43979e-06 4.63917e-08
 1.03455e-39 5.0634e-33 5.69742e-27 1.47387e-21 8.76564e-17 1.19854e-12 3.76763e-09 2.72288e-06 0.00045241 0.0172815 0.151766 0.306422 0.142886 0.0325701 0.106581 0.149419 0.0529331 0.0203686 0.0140336 0.00398922 0.00109117 0.000185365 1.77735e-05 1.20725e-06 4.18891e-08
 8.717e-40 4.26637e-33 4.80058e-27 1.24187e-21 7.38584e-17 1.00988e-12 3.17457e-09 2.29427e-06 0.000381196 0.0145612 0.127876 0.25819 0.12068 0.035032 0.136146 0.191084 0.0675394 0.0254816 0.0172927 0.0044458 0.00105488 0.000205975 2.44266e-05 1.52089e-06 4.57894e-08
 9.2549e-40 4.52963e-33 5.09681e-27 1.3185e-21 7.8416e-17 1.0722e-12 3.37046e-09 2.43584e-06 0.000404718 0.0154597 0.135767 0.274121 0.127978 0.0332326 0.120361 0.169016 0.0622436 0.0314629 0.0226222 0.00575883 0.0013091 0.00023282 2.58821e-05 1.81714e-06 5.98214e-08
 9.71037e-40 4.75255e-33 5.34765e-27 1.38339e-21 8.22751e-17 1.12496e-12 3.53633e-09 2.55572e-06 0.000424636 0.0162205 0.142449 0.287612 0.134207 0.0330325 0.115073 0.161469 0.0582692 0.0258195 0.0183546 0.00527862 0.00148764 0.000271184 2.84578e-05 1.84762e-06 6.10531e-08
 1.12967e-39 5.52896e-33 6.22128e-27 1.60939e-21 9.57162e-17 1.30875e-12 4.11406e-09 2.97324e-06 0.000494008 0.0188705 0.16572 0.334595 0.155854 0.0310569 0.0888513 0.124454 0.044468 0.018312 0.0127433 0.00345852 0.000910155 0.000183876 2.27984e-05 1.52423e-06 4.7676e-08
#pred catch len freq
 2.13896e-27 2.15626e-27 4.81959e-27 9.10893e-22 5.41742e-17 7.40736e-13 2.32851e-09 1.68282e-06 0.000279599 0.0106805 0.0937965 0.189381 0.0886416 0.0289935 0.120012 0.16918 0.0700227 0.0595484 0.0522463 0.0324588 0.0251705 0.0195805 0.018082 0.0155804 0.00634311
 2.13832e-27 2.15609e-27 4.86874e-27 9.2767e-22 5.51721e-17 7.54379e-13 2.3714e-09 1.71382e-06 0.000284748 0.0108772 0.0955241 0.192871 0.0904288 0.033632 0.147285 0.207369 0.0809213 0.0550309 0.0436656 0.0180242 0.00987807 0.00576205 0.00413417 0.00309062 0.00121965
 2.13853e-27 2.15699e-27 4.99121e-27 9.69307e-22 5.76484e-17 7.88239e-13 2.47784e-09 1.79074e-06 0.000297529 0.0113654 0.0998116 0.201527 0.0944014 0.0328514 0.139913 0.197163 0.0800239 0.0632762 0.0500098 0.0176089 0.00717155 0.00256307 0.00114134 0.000642457 0.000230964
 2.13874e-27 2.15754e-27 5.04948e-27 9.89066e-22 5.88235e-17 8.04306e-13 2.52835e-09 1.82724e-06 0.000303594 0.0115971 0.101846 0.205635 0.0963096 0.0330948 0.14016 0.197419 0.0788377 0.0588108 0.0469236 0.0183424 0.00779789 0.00217513 0.000534708 0.000164617 4.66476e-05
 2.13929e-27 2.15883e-27 5.17793e-27 1.0326e-21 6.14124e-17 8.39705e-13 2.63962e-09 1.90766e-06 0.000316956 0.0121075 0.106329 0.214685 0.100507 0.0334423 0.139554 0.196458 0.0770818 0.0535784 0.0419744 0.0153303 0.00631959 0.00185898 0.000385963 6.02275e-05 9.46054e-06
 2.13785e-27 2.15532e-27 4.80914e-27 9.07508e-22 5.3973e-17 7.37984e-13 2.31986e-09 1.67657e-06 0.00027856 0.0106408 0.093448 0.18868 0.08852 0.0344025 0.153254 0.215826 0.0847123 0.058961 0.046063 0.016441 0.00651931 0.00182818 0.000372706 4.78152e-05 3.89751e-06
 2.1367e-27 2.15255e-27 4.52649e-27 8.11676e-22 4.82735e-17 6.60053e-13 2.07489e-09 1.49953e-06 0.000249144 0.00951713 0.08358 0.168756 0.0793106 0.0344414 0.159497 0.224792 0.090148 0.0682398 0.053584 0.0185192 0.0070526 0.00189878 0.00036617 4.41549e-05 2.84647e-06
 2.14012e-27 2.16096e-27 5.41435e-27 1.11285e-21 6.61854e-17 9.04967e-13 2.84478e-09 2.05593e-06 0.000341589 0.0130485 0.114592 0.231369 0.108154 0.031677 0.123749 0.174347 0.07156 0.0588144 0.0468275 0.0168421 0.00660303 0.00172036 0.000314628 3.58044e-05 2.1228e-06
 2.14296e-27 2.16769e-27 6.09431e-27 1.34335e-21 7.98941e-17 1.09241e-12 3.434e-09 2.48176e-06 0.000412341 0.0157512 0.138327 0.279289 0.13033 0.0322543 0.11283 0.158466 0.0593079 0.0329804 0.0252269 0.0095588 0.00396934 0.00107338 0.000197629 2.15354e-05 1.20172e-06
 2.13815e-27 2.15584e-27 4.83586e-27 9.16438e-22 5.45041e-17 7.45246e-13 2.34269e-09 1.69307e-06 0.000281301 0.0107455 0.0943676 0.190537 0.0894646 0.0366939 0.166683 0.234383 0.0862704 0.043527 0.0320175 0.0101736 0.00360683 0.0010216 0.000201472 2.25517e-05 1.23365e-06
 2.1387e-27 2.15741e-27 5.0353e-27 9.84249e-22 5.8537e-17 8.00389e-13 2.51603e-09 1.81835e-06 0.000302115 0.0115406 0.10135 0.204633 0.0958483 0.0331376 0.140725 0.198313 0.0806281 0.064041 0.0495155 0.0144155 0.0043274 0.00101849 0.000180046 2.09238e-05 1.19198e-06
 2.14274e-27 2.16718e-27 6.04566e-27 1.32687e-21 7.8914e-17 1.07901e-12 3.39188e-09 2.45132e-06 0.000407283 0.0155579 0.136631 0.275863 0.128734 0.0319444 0.111971 0.157347 0.0601794 0.0373448 0.0288099 0.0103473 0.00388314 0.000843495 0.000120751 1.19054e-05 6.53948e-07
 2.14031e-27 2.16111e-27 5.38791e-27 1.10367e-21 6.56398e-17 8.97507e-13 2.82132e-09 2.03898e-06 0.000338773 0.0129409 0.113648 0.229463 0.107412 0.0354009 0.147057 0.206615 0.0750333 0.03475 0.0252571 0.00822448 0.00294767 0.000770652 0.000127687 1.12393e-05 5.15086e-07
 2.13877e-27 2.15745e-27 5.01769e-27 9.78174e-22 5.81757e-17 7.95449e-13 2.5005e-09 1.80712e-06 0.000300251 0.0114694 0.100725 0.203371 0.0953356 0.0350312 0.152665 0.214833 0.082254 0.0511999 0.0383028 0.0106638 0.00300498 0.000709242 0.000120998 1.22668e-05 5.71032e-07
 2.13802e-27 2.15563e-27 4.8306e-27 9.14735e-22 5.44027e-17 7.4386e-13 2.33833e-09 1.68992e-06 0.000280778 0.0107255 0.0941921 0.190182 0.089246 0.0352388 0.157907 0.222277 0.0855922 0.0547581 0.0416233 0.0129157 0.00409896 0.000835863 0.000113516 1.07987e-05 5.38524e-07
 2.13923e-27 2.15864e-27 5.15179e-27 1.0237e-21 6.08834e-17 8.32471e-13 2.61688e-09 1.89123e-06 0.000314225 0.0120032 0.105413 0.212836 0.0996702 0.0339348 0.143119 0.201462 0.0786476 0.0534556 0.0409803 0.0128497 0.00422642 0.0009438 0.000132488 1.07239e-05 4.64233e-07
 2.13987e-27 2.16014e-27 5.30053e-27 1.07411e-21 6.38814e-17 8.73464e-13 2.74575e-09 1.98436e-06 0.000329698 0.0125942 0.110603 0.223316 0.104531 0.034351 0.1425 0.200423 0.0759933 0.0451665 0.034189 0.0111348 0.00384312 0.00088041 0.00013104 1.12286e-05 4.59785e-07
 2.13865e-27 2.15713e-27 4.98299e-27 9.66397e-22 5.74753e-17 7.85872e-13 2.4704e-09 1.78536e-06 0.000296636 0.0113313 0.0995119 0.200923 0.094214 0.0353053 0.155076 0.218182 0.0827388 0.04919 0.0369993 0.0114412 0.00374851 0.000888089 0.000139503 1.25501e-05 5.41161e-07
 2.1399e-27 2.16024e-27 5.3151e-27 1.07907e-21 6.41763e-17 8.77497e-13 2.75842e-09 1.99352e-06 0.00033122 0.0126524 0.111114 0.224347 0.104992 0.0339411 0.139688 0.196537 0.0757062 0.0484982 0.0367411 0.0110796 0.00346473 0.000776396 0.000117917 1.09727e-05 4.97553e-07
 2.13958e-27 2.15937e-27 5.21291e-27 1.04436e-21 6.21119e-17 8.4927e-13 2.66969e-09 1.92939e-06 0.000320566 0.0122454 0.10754 0.217131 0.101701 0.0351366 0.149161 0.209737 0.0782886 0.0428375 0.0318779 0.00995866 0.00324248 0.000709966 0.000101878 9.03999e-06 4.09165e-07
 2.14019e-27 2.16091e-27 5.38203e-27 1.10175e-21 6.55255e-17 8.95945e-13 2.81641e-09 2.03543e-06 0.000338184 0.0129184 0.11345 0.229063 0.107176 0.0340282 0.138798 0.195233 0.0745712 0.0459104 0.0345001 0.0101418 0.00307087 0.000688456 0.000101366 8.71837e-06 3.75807e-07
 2.1401e-27 2.16065e-27 5.34856e-27 1.09038e-21 6.48488e-17 8.86691e-13 2.78733e-09 2.01441e-06 0.000334691 0.012785 0.112278 0.226697 0.106106 0.0346545 0.143334 0.201528 0.0754534 0.0419754 0.0312851 0.00969199 0.00310712 0.000665342 9.32537e-05 8.1021e-06 3.48168e-07
 2.13907e-27 2.15816e-27 5.08989e-27 1.00265e-21 5.96314e-17 8.15354e-13 2.56307e-09 1.85234e-06 0.000307764 0.0117564 0.103245 0.20846 0.0976907 0.0350956 0.151524 0.213157 0.0807165 0.047629 0.035645 0.0106376 0.00328553 0.00073297 0.00010599 8.90072e-06 3.74155e-07
 2.14031e-27 2.16124e-27 5.41895e-27 1.11429e-21 6.6271e-17 9.06137e-13 2.84845e-09 2.05859e-06 0.000342031 0.0130654 0.114741 0.231669 0.108369 0.033729 0.136186 0.191575 0.0736085 0.0466098 0.0352737 0.0106727 0.00332706 0.000718803 0.000101971 8.78157e-06 3.69682e-07
 2.13942e-27 2.15901e-27 5.17818e-27 1.03259e-21 6.14121e-17 8.39701e-13 2.63961e-09 1.90766e-06 0.000316954 0.0121074 0.106328 0.214684 0.100565 0.035014 0.149149 0.209758 0.0787895 0.04461 0.0334619 0.010703 0.00359275 0.00079486 0.000112964 9.53712e-06 4.01484e-07
 2.13856e-27 2.15694e-27 4.9665e-27 9.60823e-22 5.71438e-17 7.81339e-13 2.45615e-09 1.77507e-06 0.000294925 0.0112659 0.0989379 0.199764 0.0936673 0.035014 0.153647 0.216236 0.0829728 0.0522098 0.0394384 0.0118401 0.0037128 0.000856332 0.000129641 1.11836e-05 4.68152e-07
 2.13929e-27 2.15876e-27 5.16318e-27 1.02756e-21 6.11127e-17 8.35608e-13 2.62674e-09 1.89836e-06 0.000315409 0.0120484 0.10581 0.213637 0.100044 0.0340264 0.143436 0.201886 0.0784757 0.0523666 0.0400871 0.0126427 0.00416154 0.000915258 0.000133469 1.19747e-05 5.22427e-07
 2.13996e-27 2.16035e-27 5.32261e-27 1.0816e-21 6.43267e-17 8.79553e-13 2.76489e-09 1.99819e-06 0.000331997 0.012682 0.111374 0.224872 0.105249 0.0343056 0.141754 0.199369 0.0755857 0.0448966 0.033933 0.0109254 0.00372603 0.000854619 0.0001269 1.10235e-05 4.80067e-07
#obs catch len freq
 4.09215e-40 2.00283e-33 2.25361e-27 5.82988e-22 3.46725e-17 4.74083e-13 1.49029e-09 1.07703e-06 0.00017895 0.00683568 0.0600309 0.121213 0.0573853 0.0359066 0.182769 0.257681 0.102831 0.0764937 0.0608734 0.0235236 0.010268 0.00317793 0.000721926 0.000101463 7.3358e-06
 4.23789e-40 2.07415e-33 2.33387e-27 6.0375e-22 3.59073e-17 4.90967e-13 1.54336e-09 1.11539e-06 0.000185324 0.00707912 0.0621688 0.125529 0.0593937 0.0362473 0.183548 0.258703 0.102186 0.0730118 0.0576193 0.0216698 0.00918615 0.00277129 0.000610552 8.29047e-05 5.76888e-06
 5.75982e-40 2.81903e-33 3.17202e-27 8.20572e-22 4.88025e-17 6.67286e-13 2.09762e-09 1.51595e-06 0.000251878 0.00962141 0.0844952 0.170605 0.080195 0.03523 0.163752 0.230625 0.0899398 0.0609353 0.0475505 0.0172417 0.00701462 0.00204491 0.00043436 5.7004e-05 3.82963e-06
 5.17831e-40 2.53443e-33 2.85178e-27 7.37728e-22 4.38754e-17 5.99917e-13 1.88584e-09 1.3629e-06 0.000226448 0.00865004 0.0759647 0.153383 0.0723518 0.0383977 0.18828 0.264824 0.0969483 0.0473368 0.0350408 0.012222 0.00474481 0.00132398 0.000267966 3.37342e-05 2.18383e-06
 5.9931e-40 2.93321e-33 3.30049e-27 8.53806e-22 5.07791e-17 6.94312e-13 2.18258e-09 1.57735e-06 0.000262079 0.0100111 0.0879174 0.177515 0.0834395 0.036563 0.169808 0.23894 0.089975 0.0515787 0.0383221 0.0111472 0.00343549 0.000891817 0.00017027 2.03202e-05 1.25581e-06
 5.46159e-40 2.67307e-33 3.00778e-27 7.78085e-22 4.62756e-17 6.32735e-13 1.98901e-09 1.43746e-06 0.000238836 0.00912323 0.0801203 0.161773 0.0762353 0.0385212 0.186506 0.262261 0.0952407 0.0440931 0.0318934 0.00994371 0.00322193 0.000704461 0.000109108 1.18442e-05 6.89426e-07
 4.09398e-40 2.00372e-33 2.25462e-27 5.83249e-22 3.4688e-17 4.74296e-13 1.49095e-09 1.07751e-06 0.000179031 0.00683873 0.0600578 0.121268 0.0575554 0.039759 0.206271 0.290271 0.107217 0.0551988 0.0401732 0.0112267 0.0031598 0.000708593 0.00010591 9.55168e-06 4.76143e-07
 3.96778e-40 1.94195e-33 2.18512e-27 5.65269e-22 3.36187e-17 4.59675e-13 1.44499e-09 1.0443e-06 0.000173512 0.00662792 0.0582064 0.11753 0.0557503 0.0377146 0.194918 0.274649 0.106878 0.071621 0.054363 0.0158448 0.00463612 0.000946836 0.00012758 1.11102e-05 4.94457e-07
 9.86543e-40 4.82844e-33 5.43304e-27 1.40548e-21 8.35889e-17 1.14293e-12 3.5928e-09 2.59653e-06 0.000431417 0.0164796 0.144723 0.292203 0.136261 0.0312061 0.102539 0.144057 0.055567 0.0358492 0.0275168 0.00916939 0.00320174 0.000691275 9.27532e-05 7.39041e-06 3.0365e-07
 6.94364e-40 3.39843e-33 3.82397e-27 9.89225e-22 5.88329e-17 8.04433e-13 2.52874e-09 1.82753e-06 0.000303646 0.0115989 0.101862 0.205669 0.0965613 0.0393822 0.178532 0.250502 0.084034 0.0173609 0.00969145 0.00310823 0.00108334 0.000264992 4.13453e-05 3.44958e-06 1.36306e-07
 3.02664e-40 1.48133e-33 1.66681e-27 4.31189e-22 2.56444e-17 3.50641e-13 1.10224e-09 7.96594e-07 0.000132355 0.0050558 0.0444001 0.0896567 0.0430758 0.043358 0.23777 0.334349 0.118466 0.0455689 0.0305556 0.00649858 0.000906368 0.00017522 2.83601e-05 2.68814e-06 1.17164e-07
 8.57465e-40 4.1967e-33 4.72219e-27 1.22159e-21 7.26523e-17 9.93389e-13 3.12273e-09 2.2568e-06 0.000374971 0.0143234 0.125788 0.253973 0.11859 0.0312931 0.114593 0.161415 0.0667795 0.0561875 0.0430775 0.0108811 0.00234865 0.000343388 2.62793e-05 1.88565e-06 8.65872e-08
 7.93197e-40 3.88215e-33 4.36826e-27 1.13003e-21 6.72069e-17 9.18933e-13 2.88868e-09 2.08765e-06 0.000346866 0.0132498 0.11636 0.234941 0.110021 0.0374441 0.157878 0.221469 0.0748504 0.0173512 0.010461 0.00386896 0.00145675 0.000271799 2.59629e-05 1.33188e-06 3.57398e-08
 4.87085e-40 2.38395e-33 2.68245e-27 6.93926e-22 4.12703e-17 5.64297e-13 1.77387e-09 1.28198e-06 0.000213003 0.00813645 0.0714543 0.144278 0.0682668 0.0417176 0.211292 0.296829 0.102482 0.0308846 0.0194064 0.00420821 0.00065911 0.000146207 2.26476e-05 1.54021e-06 4.22933e-08
 5.21282e-40 2.55132e-33 2.87078e-27 7.42644e-22 4.41678e-17 6.03915e-13 1.89841e-09 1.37199e-06 0.000227958 0.00870768 0.0764709 0.154405 0.072818 0.0382306 0.186954 0.263062 0.0979192 0.0526529 0.0379278 0.00881823 0.00156046 0.000222727 1.91077e-05 1.47188e-06 5.73122e-08
 3.72682e-40 1.82402e-33 2.05242e-27 5.3094e-22 3.1577e-17 4.31759e-13 1.35724e-09 9.80878e-07 0.000162974 0.00622541 0.0546715 0.110394 0.0525718 0.0409255 0.21667 0.304814 0.110789 0.0515607 0.037017 0.0106854 0.0029765 0.000492456 4.05459e-05 2.02704e-06 5.88606e-08
 7.18396e-40 3.51605e-33 3.95632e-27 1.02346e-21 6.08692e-17 8.32276e-13 2.61627e-09 1.89078e-06 0.000314156 0.0120004 0.105387 0.212785 0.0996575 0.0342145 0.144841 0.203875 0.0793354 0.0531357 0.0400336 0.010894 0.00287264 0.000579042 6.89206e-05 4.02038e-06 9.96011e-08
 4.74717e-40 2.32341e-33 2.61434e-27 6.76304e-22 4.02223e-17 5.49968e-13 1.72883e-09 1.24943e-06 0.000207594 0.00792983 0.0696398 0.140615 0.0665674 0.041566 0.21147 0.297099 0.102776 0.031698 0.0208915 0.00676373 0.00226084 0.000453654 5.53872e-05 4.03004e-06 1.29837e-07
 5.46492e-40 2.6747e-33 3.00961e-27 7.78559e-22 4.63038e-17 6.33121e-13 1.99022e-09 1.43834e-06 0.000238982 0.00912879 0.080169 0.161872 0.0762513 0.0377364 0.181687 0.255656 0.0955536 0.0525657 0.0380223 0.00893494 0.00175209 0.000372459 5.43277e-05 4.1604e-06 1.48525e-07
 6.06188e-40 2.96687e-33 3.33837e-27 8.63605e-22 5.13619e-17 7.02281e-13 2.20762e-09 1.59545e-06 0.000265087 0.010126 0.0889264 0.179553 0.084438 0.0380677 0.178379 0.250747 0.0903964 0.0397741 0.0282849 0.00825524 0.00234289 0.000399806 3.99897e-05 3.10233e-06 1.24014e-07
 4.73921e-40 2.31951e-33 2.60995e-27 6.7517e-22 4.01549e-17 5.49046e-13 1.72593e-09 1.24733e-06 0.000207246 0.00791654 0.069523 0.140379 0.0664194 0.0405277 0.205203 0.288475 0.102626 0.0408383 0.0281346 0.00744357 0.00187651 0.000379149 4.63341e-05 2.96487e-06 9.6918e-08
 7.15166e-40 3.50024e-33 3.93853e-27 1.01886e-21 6.05954e-17 8.28534e-13 2.6045e-09 1.88228e-06 0.000312743 0.0119464 0.104913 0.211829 0.0992703 0.0356769 0.154057 0.216624 0.0805828 0.0431993 0.0313645 0.00800417 0.00183798 0.000337238 3.97063e-05 2.90802e-06 9.88991e-08
 4.95795e-40 2.42657e-33 2.73042e-27 7.06333e-22 4.20083e-17 5.74387e-13 1.80559e-09 1.30491e-06 0.000216812 0.00828193 0.072732 0.146857 0.0694399 0.0412003 0.207357 0.291326 0.1011 0.0322016 0.0211381 0.00607894 0.0017189 0.000314585 3.35976e-05 2.27501e-06 7.9172e-08
 5.96184e-40 2.91791e-33 3.28327e-27 8.49352e-22 5.05141e-17 6.9069e-13 2.17119e-09 1.56912e-06 0.000260712 0.00995886 0.0874587 0.176589 0.0830455 0.037468 0.175612 0.24701 0.091357 0.0473528 0.0339552 0.00803087 0.00156456 0.000296349 3.67667e-05 2.48439e-06 7.99229e-08
 6.2503e-40 3.05909e-33 3.44214e-27 8.90449e-22 5.29583e-17 7.24109e-13 2.27624e-09 1.64505e-06 0.000273327 0.0104407 0.0916905 0.185133 0.087025 0.0382513 0.177818 0.24988 0.0890566 0.0359655 0.0250483 0.00711199 0.00194069 0.000329164 3.14694e-05 2.13248e-06 7.38853e-08
 4.77981e-40 2.33939e-33 2.63232e-27 6.80955e-22 4.0499e-17 5.5375e-13 1.74072e-09 1.25802e-06 0.000209022 0.00798437 0.0701188 0.141581 0.0669754 0.040529 0.204849 0.28797 0.102365 0.0404699 0.0277605 0.0071299 0.0016868 0.00032863 3.88752e-05 2.41629e-06 7.26226e-08
 5.2254e-40 2.55747e-33 2.87771e-27 7.44436e-22 4.42744e-17 6.05372e-13 1.90299e-09 1.3753e-06 0.000228508 0.0087287 0.0766554 0.154778 0.0729897 0.0382158 0.186751 0.262759 0.0975573 0.0517307 0.0374826 0.0095321 0.00216079 0.000383513 4.25119e-05 2.9786e-06 9.79231e-08
 5.65151e-40 2.76602e-33 3.11237e-27 8.05141e-22 4.78848e-17 6.54737e-13 2.05817e-09 1.48745e-06 0.000247141 0.00944048 0.0829063 0.167398 0.0788291 0.0383422 0.183718 0.25833 0.093871 0.0436142 0.031281 0.00898405 0.00252533 0.00045952 4.8089e-05 3.11559e-06 1.02785e-07
#spawning biomass
 3453.25 2839.51 3238.44 4215.21 4695.47 6354.04 6357.72 5589.86 6410.48 12931 15131.7 13944.2 22907.6 30720 28003.4 23177.6 21456.4 23924 21292.6 20223.2 21787.7 23207.7 26799.2 26036.4 30236.3 31945.5 30408.3 28194.2 33527.7 69991.8 87238.4 75227.9 61137.1 51311.5 45256.9 41739.3 39766.8 38685.8 38102.4 37790.7 37625.4 37538.1 37492.1 37468 37455.4 37448.8 37445.3 37443.5 37442.6 37442.1 37441.8 37441.7 37441.6 37441.6 37441.6 37441.6 37441.6 37441.6 37441.6 37441.6 37441.6 37441.6 37441.6 37441.6 37441.6 37441.6 37441.6 37441.6 37441.6 37441.6 37441.6 37441.6 37441.6 37441.6 37441.6 37441.6 37441.6 37441.6 37441.6 37441.6 37441.6 37441.6 37441.6 37441.6 37441.6 37441.6 37441.6 37441.6 37441.6 37441.6 37441.6 37441.6 37441.6 37441.6 37441.6 37441.6 37441.6 37441.6 37441.6 37441.6 37441.6 37441.6 37441.6 37441.6 37441.6 37441.6 37441.6 37441.6 37441.6 37441.6 37441.6 37441.6 37441.6 37441.6 37441.6 37441.6 37441.6 37441.6 37441.6 37441.6 37441.6 37441.6 37441.6 37441.6 37441.6 37441.6 37441.6 37441.6 0 0 0 0 0 0 0 0 0 0 0 0 0 0 0 0 0 0 0 0 0 0 0 0 0
