SBPRF35
0.185482
Curr Bio
170446
B35
183850
F35
1.2412
FOFL
1.08217
OFL
41556.4
Bzero
52994.1
#pred survey bio
 14767.2 15429.7 16531.7 18912.7 23221.5 28203.8 31960.7 38482.6 53140.8 71193.2 82219.4 95783.3 131895 163577 151499 128715 125238 119658 112684 105596 109245 114657 122780 122152 135154 147909 142621 131823 4.34747e+06 2.80717e+06 1.75002e+06 950082 636262 514757 459282 429729 412547 402172 395822 391921 389524 388054 387150 386590 386254 386053 385931 385858 385814 385788 385772 385762 385756 385753 385751 385750 385749 385748 385748 385748 385748 385748 385748 385748 385748 385748 385748 385748 385748 385748 385748 385748 385748 385748 385748 385748 385748 385748 385748 385748 385748 385748 385748 385748 385748 385748 385748 385748 385748 385748 385748 385748 385748 385748 385748 385748 385748 385748 385748 385748 385748 385748 385748 385748 385748 385748 385748 385748 385748 385748 385748 385748 385748 385748 385748 385748 385748 385748 385748 385748 385748 385748 385748 385748 385748 385748 385748 385748 0 0 0 0 0 0 0 0 0 0 0 0 0 0 0 0 0 0 0 0 0 0 0 0 0
#obs survey bio
 11921.2 9410.3 16526.4 13100 20281.8 21471.6 28155.9 44159.4 49534.3 69218.3 86639.4 75132.8 170446 90665.3 107832 98814.7 117911 74162.9 83600.2 76475 72674.3 116595 90692 65226.7 88201.4 115515 128358 84686.2
#pred catch bio
 6200.81 7066.58 7525.89 8919.33 10998.8 14192.5 16792.9 19015.2 26447.5 39705.3 49390.6 55401.7 74862.6 105116 104786 88285 88490.8 85919.7 82597.4 74445.4 79005.8 83139.4 94249.5 89934.7 99676.8 115635 109963 102011 41556.4 65058.3 37837.4 15513.2 8881.89 7340.92 7013.73 6947.77 6934.93 6932.5 6932.05 6931.96 6931.95 6931.95 6931.95 6931.95 6931.95 6931.95 6931.95 6931.95 6931.95 6931.95 6931.95 6931.95 6931.95 6931.95 6931.95 6931.95 6931.95 6931.95 6931.95 6931.95 6931.95 6931.95 6931.95 6931.95 6931.95 6931.95 6931.95 6931.95 6931.95 6931.95 6931.95 6931.95 6931.95 6931.95 6931.95 6931.95 6931.95 6931.95 6931.95 6931.95 6931.95 6931.95 6931.95 6931.95 6931.95 6931.95 6931.95 6931.95 6931.95 6931.95 6931.95 6931.95 6931.95 6931.95 6931.95 6931.95 6931.95 6931.95 6931.95 6931.95 6931.95 6931.95 6931.95 6931.95 6931.95 6931.95 6931.95 6931.95 6931.95 6931.95 6931.95 6931.95 6931.95 6931.95 6931.95 6931.95 6931.95 6931.95 6931.95 6931.95 6931.95 6931.95 6931.95 6931.95 6931.95 6931.95 6931.95 6931.95 0 0 0 0 0 0 0 0 0 0 0 0 0 0 0 0 0 0 0 0 0 0 0 0 0
#obs catch bio
 7512.43 7215.74 7580.51 9219.53 11171.5 14244.4 16863.6 18585.5 25644.8 38293.2 48335.1 54025.4 71804.2 104247 104696 89443.4 87725.1 85647.3 82395.7 72483.1 76818.2 81117.2 93042 87985.6 95883.4 112984 108431 100602
#pred cpue bio
 9990.94 10204.6 10502.2 11722.9 13681 16859.2 19263.5 21843.5 29236.9 39931.3 46888.6 51679.1 67659.5 90453.5 88823.9 72857.5 67192.4 64126.4 59946.4 55357.9 56673.7 57934.5 61730.9 60470.2 66350.5 73065.4 70749 67599.6 2.17679e+06 2.17242e+06 1.6197e+06 846735 528997 406449 350764 321168 303976 293600 287249 283348 280951 279481 278577 278017 277681 277480 277359 277286 277242 277215 277199 277189 277184 277180 277178 277177 277176 277175 277175 277175 277175 277175 277175 277175 277175 277175 277175 277175 277175 277175 277175 277175 277175 277175 277175 277175 277175 277175 277175 277175 277175 277175 277175 277175 277175 277175 277175 277175 277175 277175 277175 277175 277175 277175 277175 277175 277175 277175 277175 277175 277175 277175 277175 277175 277175 277175 277175 277175 277175 277175 277175 277175 277175 277175 277175 277175 277175 277175 277175 277175 277175 277175 277175 277175 277175 277175 277175 277175 0 0 0 0 0 0 0 0 0 0 0 0 0 0 0 0 0 0 0 0 0 0 0 0 0
#obs cpue bio
 11022.7 8364 9827.5 7910.39 16544.8 23610.7 24036.1 39205.3 50208.8 71944.8 54672.9 108479 103140 117256 128606 79602.2 91503.1 100693 88694 134886 125908 85772.5 98717.4 161718 203163 117908 97634.2 150639
#pred surv len freq
 2.5651e-27 2.59346e-27 3.74722e-26 7.36507e-20 1.80546e-14 5.3499e-10 1.91624e-06 0.00082966 0.0434214 0.274696 0.210391 0.0401453 0.157755 0.145602 0.0326108 0.0380186 0.0161051 0.0120932 0.00734964 0.00551503 0.00425604 0.00361258 0.00355085 0.00310353 0.000942227
 2.5651e-27 2.59363e-27 3.7734e-26 7.42034e-20 1.81901e-14 5.39004e-10 1.93062e-06 0.000835885 0.0437472 0.276757 0.211948 0.0390925 0.148651 0.137773 0.0417578 0.0606905 0.0204914 0.00837151 0.00371484 0.00209664 0.00131909 0.000957395 0.00083092 0.000723074 0.000240079
 2.56603e-27 2.59608e-27 3.9814e-26 7.8591e-20 1.92656e-14 5.70875e-10 2.04478e-06 0.000885311 0.046334 0.293122 0.224449 0.0393919 0.142146 0.131543 0.0365331 0.0504498 0.0190308 0.0106627 0.00338059 0.00103941 0.000433096 0.000239219 0.000171293 0.00013929 4.77675e-05
 2.56638e-27 2.59694e-27 4.04829e-26 8.00016e-20 1.96114e-14 5.81122e-10 2.08148e-06 0.000901201 0.0471656 0.298383 0.228475 0.0399608 0.143647 0.132795 0.0343683 0.0451268 0.0163353 0.00831271 0.0030922 0.00105734 0.000234858 7.21208e-05 3.63775e-05 2.52934e-05 8.55824e-06
 2.56765e-27 2.6003e-27 4.3366e-26 8.60834e-20 2.11023e-14 6.25299e-10 2.23972e-06 0.000969712 0.0507512 0.321066 0.245793 0.0397644 0.129985 0.120079 0.0301701 0.0386962 0.0135113 0.00613617 0.0021293 0.000714441 0.000184445 3.3859e-05 8.02461e-06 3.95746e-06 1.24923e-06
 2.5667e-27 2.59765e-27 4.09426e-26 8.09709e-20 1.9849e-14 5.88162e-10 2.1067e-06 0.00091212 0.0477371 0.301998 0.231254 0.0411206 0.150521 0.138901 0.0311835 0.0362469 0.012426 0.00530141 0.00172629 0.000515797 0.000125583 2.44252e-05 3.25164e-06 7.14892e-07 1.86361e-07
 2.56667e-27 2.5976e-27 4.0958e-26 8.10035e-20 1.9857e-14 5.884e-10 2.10755e-06 0.000912488 0.0477563 0.30212 0.231339 0.0406293 0.146722 0.135534 0.0331068 0.0414537 0.0135836 0.00482045 0.00149745 0.000414652 8.9969e-05 1.61233e-05 2.01404e-06 1.92268e-07 2.84651e-08
 2.56826e-27 2.60187e-27 4.46735e-26 8.88414e-20 2.17784e-14 6.45333e-10 2.31147e-06 0.00100078 0.0523772 0.331352 0.253652 0.040056 0.126683 0.116914 0.0274882 0.0333301 0.011171 0.00434571 0.00126264 0.000295981 5.89781e-05 9.40189e-06 1.06005e-06 7.49496e-08 4.51537e-09
 2.56867e-27 2.60289e-27 4.54901e-26 9.05637e-20 2.22006e-14 6.57843e-10 2.35628e-06 0.00102018 0.0533926 0.337776 0.258564 0.040525 0.126801 0.116866 0.0246577 0.0268663 0.00890181 0.00332933 0.00100001 0.000247239 4.30363e-05 5.98021e-06 5.92989e-07 3.60392e-08 1.21851e-09
 2.56803e-27 2.60112e-27 4.39044e-26 8.72185e-20 2.13806e-14 6.33545e-10 2.26925e-06 0.000982499 0.0514204 0.3253 0.249047 0.0411236 0.138043 0.127227 0.0262602 0.0278918 0.00888788 0.00277557 0.000803991 0.00019413 3.54536e-05 4.59446e-06 3.86108e-07 2.02017e-08 5.29913e-10
 2.56751e-27 2.59972e-27 4.26614e-26 8.45962e-20 2.07377e-14 6.14496e-10 2.20102e-06 0.000952959 0.0498744 0.315519 0.241585 0.041506 0.146196 0.134757 0.0277193 0.0293137 0.00916092 0.0025617 0.000683995 0.000139312 2.42445e-05 3.18969e-06 2.55685e-07 1.13182e-08 2.48348e-10
 2.56892e-27 2.60352e-27 4.60025e-26 9.16445e-20 2.24655e-14 6.65694e-10 2.38441e-06 0.00103236 0.0540298 0.341807 0.261645 0.040686 0.125862 0.115956 0.0237156 0.0249077 0.00770602 0.00202463 0.000517296 9.29067e-05 1.38564e-05 1.6284e-06 1.2921e-07 5.42575e-09 1.01118e-10
 2.56979e-27 2.60582e-27 4.79794e-26 9.58147e-20 2.34878e-14 6.95986e-10 2.49291e-06 0.00107933 0.0564884 0.357361 0.27352 0.0406258 0.11706 0.107709 0.0200013 0.0185089 0.00570983 0.00148814 0.000373614 6.29511e-05 8.5218e-06 8.4965e-07 5.84089e-08 2.36248e-09 4.12723e-11
 2.56776e-27 2.60026e-27 4.30249e-26 8.53627e-20 2.09256e-14 6.20064e-10 2.22096e-06 0.000961593 0.0503263 0.318378 0.243781 0.0423788 0.151295 0.139245 0.024574 0.0209887 0.00630251 0.00137042 0.000333477 5.54264e-05 7.18338e-06 6.50116e-07 3.7787e-08 1.30942e-09 2.15339e-11
 2.56633e-27 2.59644e-27 3.97092e-26 7.83682e-20 1.9211e-14 5.69257e-10 2.03898e-06 0.000882802 0.0462027 0.292291 0.223869 0.0428034 0.168516 0.155282 0.0300523 0.0294338 0.00867681 0.00157871 0.000354284 4.94977e-05 6.12838e-06 5.34486e-07 2.82126e-08 8.26243e-10 1.16119e-11
 2.56756e-27 2.59983e-27 4.27318e-26 8.47448e-20 2.07742e-14 6.15576e-10 2.20489e-06 0.000954632 0.049962 0.316074 0.242011 0.0416878 0.14728 0.135729 0.0273851 0.0282815 0.00845965 0.00173811 0.000385661 4.50791e-05 4.79181e-06 3.67189e-07 1.84569e-08 4.91133e-10 5.85066e-12
 2.56865e-27 2.6027e-27 4.51977e-26 8.99466e-20 2.20493e-14 6.53361e-10 2.34023e-06 0.00101323 0.0530288 0.335475 0.256823 0.0415718 0.13599 0.125159 0.0227533 0.0203826 0.00612498 0.00132819 0.000304148 3.90631e-05 3.87976e-06 2.44564e-07 1.04628e-08 2.57018e-10 2.77788e-12
 2.56832e-27 2.60174e-27 4.42811e-26 8.80126e-20 2.15752e-14 6.39313e-10 2.28991e-06 0.000991444 0.0518886 0.328262 0.251329 0.0424114 0.146239 0.134489 0.0220869 0.0165041 0.0048003 0.000796981 0.000173888 2.31672e-05 2.43826e-06 1.56989e-07 5.6735e-09 1.15698e-10 1.12379e-12
 2.56855e-27 2.60237e-27 4.48553e-26 8.9224e-20 2.18722e-14 6.48112e-10 2.32143e-06 0.00100509 0.0526028 0.33278 0.254775 0.0421451 0.141792 0.130412 0.0218552 0.016996 0.00485354 0.000641895 0.0001252 1.31574e-05 1.31897e-06 8.92747e-08 3.35391e-09 6.06127e-11 4.85668e-13
 2.5688e-27 2.60303e-27 4.54111e-26 9.03963e-20 2.21596e-14 6.56628e-10 2.35193e-06 0.0010183 0.0532939 0.337152 0.258114 0.04216 0.13956 0.128307 0.0206682 0.0148208 0.00422744 0.000560779 0.000106049 8.96352e-06 7.32976e-07 4.14017e-08 1.57272e-09 2.95359e-11 2.1746e-13
 2.56912e-27 2.60391e-27 4.62047e-26 9.20705e-20 2.257e-14 6.68789e-10 2.39549e-06 0.00103716 0.054281 0.343396 0.262876 0.0417971 0.133452 0.122701 0.0202273 0.0152255 0.00433548 0.000555171 0.000103945 8.8323e-06 6.61989e-07 2.91048e-08 8.8826e-10 1.57918e-11 1.19531e-13
 2.56959e-27 2.60518e-27 4.73076e-26 9.43973e-20 2.31403e-14 6.8569e-10 2.45603e-06 0.00106337 0.0556527 0.352074 0.2695 0.0416558 0.127723 0.117367 0.0184218 0.0124534 0.00353969 0.000454617 8.47432e-05 6.92281e-06 5.10648e-07 2.16007e-08 5.39132e-10 7.44706e-12 5.07119e-14
 2.56962e-27 2.60523e-27 4.73345e-26 9.44538e-20 2.31542e-14 6.861e-10 2.4575e-06 0.001064 0.055686 0.352285 0.269663 0.0417845 0.128588 0.118133 0.017973 0.0112362 0.00316047 0.000356245 6.32551e-05 5.14929e-06 3.7367e-07 1.52373e-08 3.68202e-10 4.36496e-12 2.30933e-14
 2.56983e-27 2.60578e-27 4.78036e-26 9.54435e-20 2.33968e-14 6.9329e-10 2.48325e-06 0.00107515 0.0562695 0.355976 0.272482 0.0418302 0.126954 0.11658 0.0168786 0.00913201 0.00253525 0.000241517 3.90589e-05 2.78389e-06 1.88258e-07 7.56346e-09 1.77156e-10 2.0168e-12 9.4654e-15
 2.57007e-27 2.60646e-27 4.84212e-26 9.67464e-20 2.37162e-14 7.02754e-10 2.51715e-06 0.00108983 0.0570377 0.360836 0.276188 0.0415123 0.121932 0.111978 0.0166539 0.00977673 0.00271082 0.000242253 3.7308e-05 2.32147e-06 1.37501e-07 4.84565e-09 1.08374e-10 1.20113e-12 5.40506e-15
 2.56989e-27 2.60597e-27 4.79724e-26 9.57995e-20 2.34841e-14 6.95875e-10 2.49251e-06 0.00107916 0.0564794 0.357304 0.273495 0.0417395 0.125553 0.115297 0.0168285 0.00934026 0.00259407 0.000245813 3.88795e-05 2.2845e-06 1.24132e-07 3.72435e-09 7.19078e-11 7.26846e-13 3.16103e-15
 2.56971e-27 2.60543e-27 4.74766e-26 9.47535e-20 2.32277e-14 6.88278e-10 2.46529e-06 0.00106738 0.0558627 0.353403 0.270521 0.0420656 0.130123 0.119472 0.0167949 0.00821318 0.0022584 0.000186832 2.73918e-05 1.65819e-06 9.07688e-08 2.51438e-09 4.24469e-11 3.61625e-13 1.39501e-15
 2.569e-27 2.60351e-27 4.57756e-26 9.11651e-20 2.2348e-14 6.62212e-10 2.37193e-06 0.00102696 0.0537472 0.340019 0.260309 0.0425633 0.141086 0.129593 0.0186878 0.00997902 0.00274227 0.00021197 2.93732e-05 1.5954e-06 8.06533e-08 2.28637e-09 3.73284e-11 2.82254e-13 9.21773e-16
#obs surv len freq
 1.24754e-41 1.73151e-33 2.90497e-26 5.89121e-20 1.44416e-14 4.27931e-10 1.53278e-06 0.000663641 0.0347323 0.219727 0.168514 0.0417227 0.170259 0.142561 0.0894389 0.0846537 0.0331863 0.0118925 0.00237389 0.000260845 1.16579e-05 1.55717e-07 4.70909e-10 2.63411e-13 2.38425e-17
 1.55907e-41 2.16389e-33 3.63037e-26 7.36231e-20 1.80478e-14 5.34791e-10 1.91553e-06 0.00082936 0.0434054 0.274596 0.210445 0.0426418 0.142014 0.113181 0.0741853 0.0647358 0.0244513 0.0079623 0.00141413 0.000132555 4.82376e-06 4.99062e-08 1.12338e-10 4.55565e-14 2.94241e-18
 1.29405e-41 1.79606e-33 3.01326e-26 6.11084e-20 1.498e-14 4.43885e-10 1.58992e-06 0.000688382 0.0360272 0.22792 0.175043 0.0516871 0.203532 0.149644 0.0732429 0.0554297 0.0199457 0.00585045 0.000914314 7.17406e-05 2.08858e-06 1.65947e-08 2.77668e-11 8.18028e-15 3.78197e-19
 1.55738e-41 2.16154e-33 3.62643e-26 7.35432e-20 1.80283e-14 5.3421e-10 1.91345e-06 0.000828459 0.0433583 0.274298 0.210392 0.0474173 0.149958 0.109699 0.0846822 0.0595189 0.0156136 0.00369919 0.000499967 3.24e-05 7.42036e-07 4.46602e-09 5.51857e-12 1.17995e-15 3.912e-20
 1.54092e-41 2.1387e-33 3.5881e-26 7.2766e-20 1.78377e-14 5.28565e-10 1.89323e-06 0.000819704 0.0429001 0.2714 0.208419 0.0553038 0.179794 0.118593 0.0638608 0.0416265 0.0140962 0.00289578 0.000275122 1.38545e-05 2.4583e-07 1.10677e-09 9.99819e-13 1.54252e-16 3.66018e-21
 1.34945e-41 1.87295e-33 3.14226e-26 6.37244e-20 1.56213e-14 4.62887e-10 1.65799e-06 0.000717851 0.0375694 0.237678 0.182919 0.0613283 0.205874 0.131273 0.0830914 0.0463475 0.0109004 0.00209724 0.000193524 6.91489e-06 8.64481e-08 2.8432e-10 1.85958e-13 2.05448e-17 3.4696e-22
 1.56567e-41 2.17304e-33 3.64573e-26 7.39346e-20 1.81242e-14 5.37053e-10 1.92364e-06 0.000832869 0.043589 0.27576 0.211966 0.0580889 0.165545 0.104979 0.083241 0.0438685 0.0104638 0.00155209 0.00010832 3.34448e-06 3.03926e-08 6.74269e-11 3.0687e-14 2.39651e-18 2.86178e-23
 1.73002e-41 2.40116e-33 4.02844e-26 8.1696e-20 2.00268e-14 5.93431e-10 2.12557e-06 0.0009203 0.0481648 0.304709 0.234274 0.0627762 0.163309 0.0927862 0.0567585 0.0278616 0.00735054 0.00102794 5.84878e-05 1.29918e-06 9.02227e-09 1.45522e-11 4.47167e-15 2.35239e-19 1.93307e-24
 1.65653e-41 2.29915e-33 3.8573e-26 7.82254e-20 1.9176e-14 5.68221e-10 2.03527e-06 0.000881204 0.0461187 0.291766 0.224797 0.0712868 0.184894 0.0980203 0.055025 0.0222447 0.00437499 0.000557594 3.00713e-05 5.35484e-07 2.63423e-09 3.01706e-12 6.63365e-16 2.41386e-20 1.33722e-25
 1.53424e-41 2.12942e-33 3.57254e-26 7.24505e-20 1.77604e-14 5.26273e-10 1.88502e-06 0.00081615 0.042714 0.27023 0.208792 0.0785307 0.19973 0.104712 0.0664966 0.0237547 0.00384558 0.000361052 1.49638e-05 2.28393e-07 8.9059e-10 7.26533e-13 1.10034e-16 2.78652e-21 1.0787e-26
 1.46804e-41 2.03755e-33 3.41841e-26 6.93246e-20 1.69941e-14 5.03567e-10 1.80369e-06 0.000780937 0.0408712 0.258575 0.200327 0.084203 0.203802 0.107271 0.074881 0.0249797 0.00399229 0.000306145 9.01105e-06 9.70477e-08 2.90337e-10 1.82839e-13 2.01643e-17 3.54912e-22 9.41612e-28
 1.88238e-41 2.61262e-33 4.38321e-26 8.88907e-20 2.17905e-14 6.45693e-10 2.31277e-06 0.00100135 0.0524066 0.33155 0.255666 0.0729612 0.140729 0.0737009 0.0526508 0.0165097 0.00263405 0.000183362 4.49567e-06 3.42849e-08 6.88497e-11 3.05485e-14 2.47839e-18 3.20458e-23 6.08814e-29
 1.5686e-41 2.17711e-33 3.65256e-26 7.40732e-20 1.81582e-14 5.3806e-10 1.92724e-06 0.000834429 0.0436707 0.276295 0.215184 0.102457 0.214292 0.0902955 0.0428719 0.0121315 0.00184632 0.000117545 2.57115e-06 1.59043e-08 2.3064e-11 6.84576e-15 3.71504e-19 3.3278e-24 4.50645e-30
 1.27308e-41 1.76696e-33 2.96444e-26 6.01182e-20 1.47373e-14 4.36692e-10 1.56416e-06 0.000677227 0.0354434 0.224256 0.176527 0.113602 0.233115 0.119395 0.07812 0.0170321 0.00173541 9.28386e-05 1.78335e-06 9.33195e-09 1.07933e-11 2.36917e-15 8.90074e-20 5.33246e-25 4.82471e-31
 1.14624e-41 1.59091e-33 2.66908e-26 5.41283e-20 1.32689e-14 3.93182e-10 1.40831e-06 0.000609752 0.031912 0.201924 0.160244 0.117377 0.227294 0.13538 0.0982569 0.0240688 0.00282152 0.000108725 1.44933e-06 6.01824e-09 5.60811e-12 9.6284e-16 2.72045e-20 1.17632e-25 7.41439e-32
 1.55922e-41 2.1641e-33 3.63072e-26 7.36303e-20 1.80496e-14 5.34843e-10 1.91572e-06 0.000829441 0.0434097 0.27466 0.215095 0.100822 0.165496 0.104197 0.0738675 0.0190985 0.00242315 9.8517e-05 1.13722e-06 3.23219e-09 2.12025e-12 2.73874e-16 5.89292e-21 1.91665e-26 8.91999e-33
 1.40588e-41 1.95126e-33 3.27365e-26 6.6389e-20 1.62745e-14 4.82242e-10 1.72731e-06 0.000747867 0.0391405 0.247681 0.197506 0.135813 0.215005 0.0973947 0.051894 0.0131082 0.00163912 6.80317e-05 7.84309e-07 1.99021e-09 9.76616e-13 8.59951e-17 1.28347e-21 3.01019e-27 1.02956e-33
 1.45786e-41 2.02341e-33 3.3947e-26 6.88438e-20 1.68762e-14 5.00074e-10 1.79118e-06 0.00077552 0.0405877 0.256847 0.204832 0.129776 0.189894 0.1084 0.0578008 0.0100925 0.000956479 3.64514e-05 3.95216e-07 9.31338e-10 4.01754e-13 2.83942e-17 3.09105e-22 4.99859e-28 1.16957e-34
 1.44127e-41 2.00039e-33 3.35607e-26 6.80604e-20 1.66842e-14 4.94383e-10 1.7708e-06 0.000766696 0.0401259 0.253955 0.204729 0.144438 0.195706 0.101333 0.0490872 0.00911379 0.000724236 1.8802e-05 1.5906e-07 3.21148e-10 1.19481e-13 7.14702e-18 6.35937e-23 8.02171e-29 1.39246e-35
 1.56066e-41 2.16609e-33 3.63406e-26 7.3698e-20 1.80662e-14 5.35335e-10 1.91748e-06 0.000830203 0.0434497 0.275001 0.221508 0.141515 0.175059 0.094473 0.0412268 0.00646787 0.000458223 1.03378e-05 6.2609e-08 8.87231e-11 2.52672e-14 1.21014e-18 8.67907e-24 8.75719e-30 1.19871e-36
 1.5064e-41 2.09079e-33 3.50773e-26 7.11361e-20 1.74382e-14 5.16725e-10 1.85083e-06 0.000801344 0.0419394 0.265499 0.217424 0.160579 0.184742 0.0893868 0.0343203 0.00500131 0.000298754 5.49514e-06 2.71148e-08 2.86743e-11 5.64877e-15 1.89494e-19 9.96602e-25 7.61551e-31 8.00085e-38
 1.55293e-41 2.15536e-33 3.61606e-26 7.33331e-20 1.79767e-14 5.32683e-10 1.90799e-06 0.000826092 0.0432347 0.273733 0.225129 0.160378 0.172537 0.0894692 0.0307882 0.00371484 0.000185004 2.80166e-06 1.08014e-08 8.78047e-12 1.29819e-15 3.11754e-20 1.13454e-25 5.99021e-32 4.43369e-39
 1.5568e-41 2.16073e-33 3.62508e-26 7.35158e-20 1.80215e-14 5.34011e-10 1.91274e-06 0.000828151 0.0433426 0.274484 0.228671 0.170911 0.170223 0.0826813 0.0258087 0.00292642 0.000121001 1.42782e-06 4.26689e-09 2.63526e-12 2.89985e-16 5.13552e-21 1.36246e-26 5.14436e-33 2.66947e-40
 1.59822e-41 2.21822e-33 3.72153e-26 7.54719e-20 1.85011e-14 5.4822e-10 1.96364e-06 0.000850186 0.0444961 0.281852 0.23664 0.174125 0.161705 0.0771607 0.0210624 0.00203521 7.15849e-05 6.93248e-07 1.57801e-09 7.21101e-13 5.8453e-17 7.5743e-22 1.45919e-27 3.98302e-34 1.48932e-41
 1.58886e-41 2.20523e-33 3.69974e-26 7.50299e-20 1.83927e-14 5.45009e-10 1.95213e-06 0.000845207 0.0442358 0.280316 0.239269 0.184469 0.159917 0.0719584 0.0174585 0.00148585 4.28244e-05 3.30679e-07 5.90562e-10 2.04072e-13 1.2082e-17 1.1275e-22 1.56125e-28 3.06204e-35 8.21336e-43
 1.37098e-41 1.90284e-33 3.1924e-26 6.47413e-20 1.58706e-14 4.70274e-10 1.68444e-06 0.000729307 0.0381708 0.242175 0.218561 0.216998 0.183386 0.0812129 0.0174509 0.00128411 3.07671e-05 1.89683e-07 2.5976e-10 6.76526e-14 2.98266e-18 2.03784e-23 2.03221e-29 2.84191e-36 5.41598e-44
 1.40147e-41 1.94515e-33 3.2634e-26 6.6181e-20 1.62235e-14 4.80732e-10 1.7219e-06 0.000745526 0.0390201 0.247647 0.223727 0.205461 0.176675 0.0882191 0.017371 0.00111077 2.17638e-05 1.06044e-07 1.11616e-10 2.17776e-14 7.06683e-19 3.52515e-24 2.55509e-30 2.58302e-37 3.53456e-45
 1.46805e-41 2.03756e-33 3.41843e-26 6.93252e-20 1.69942e-14 5.03571e-10 1.80371e-06 0.000780944 0.0408737 0.259359 0.232052 0.202735 0.16897 0.0782797 0.0158754 0.0010533 1.90302e-05 8.00885e-08 7.05132e-11 1.133e-14 2.99897e-19 1.21081e-24 7.06196e-31 5.72744e-38 6.28179e-46
#pred catch len freq
 2.55924e-27 2.57787e-27 2.40599e-26 4.53577e-20 1.11189e-14 3.29473e-10 1.18012e-06 0.000510945 0.026741 0.169172 0.129828 0.040989 0.220776 0.204163 0.05014 0.0634581 0.0269434 0.0202688 0.01226 0.00916084 0.00705017 0.00597661 0.00587179 0.00513159 0.00155792
 2.55935e-27 2.57842e-27 2.46969e-26 4.67021e-20 1.14484e-14 3.39238e-10 1.21509e-06 0.000526089 0.0275336 0.174186 0.133632 0.0394612 0.206481 0.191863 0.0644308 0.0988713 0.033403 0.0136479 0.00603042 0.00338627 0.00212407 0.0015395 0.00133546 0.001162 0.000385808
 2.56033e-27 2.58099e-27 2.68398e-26 5.12221e-20 1.25565e-14 3.72071e-10 1.33269e-06 0.000577006 0.0301984 0.191044 0.146516 0.0401901 0.202975 0.188281 0.0574958 0.0841396 0.0317553 0.0177874 0.00562424 0.00171858 0.000713606 0.000393504 0.000281605 0.000228964 7.85184e-05
 2.56088e-27 2.58233e-27 2.78609e-26 5.33755e-20 1.30844e-14 3.87713e-10 1.38872e-06 0.000601264 0.031468 0.199076 0.152666 0.041212 0.206431 0.191239 0.0538721 0.0750108 0.0271556 0.0137962 0.00511301 0.0017396 0.000385236 0.000118024 5.94842e-05 4.13528e-05 1.39918e-05
 2.56235e-27 2.58618e-27 3.11349e-26 6.02819e-20 1.47774e-14 4.3788e-10 1.56841e-06 0.000679063 0.0355397 0.224834 0.172336 0.0412892 0.193199 0.178856 0.0485926 0.0659973 0.0230396 0.0104349 0.00360798 0.00120376 0.000309856 5.67808e-05 1.34417e-05 6.62716e-06 2.09191e-06
 2.56157e-27 2.58391e-27 2.89791e-26 5.57334e-20 1.36624e-14 4.04841e-10 1.45007e-06 0.000627826 0.0328581 0.20787 0.159411 0.0431278 0.216271 0.199905 0.0479528 0.0591943 0.0202849 0.00861993 0.00279715 0.000830791 0.00020164 3.91467e-05 5.20676e-06 1.14421e-06 2.9826e-07
 2.56162e-27 2.58412e-27 2.92351e-26 5.62737e-20 1.37948e-14 4.08765e-10 1.46413e-06 0.000633912 0.0331767 0.209885 0.160938 0.0423578 0.20934 0.193712 0.0505593 0.0666514 0.0218273 0.00770522 0.00238503 0.000656391 0.000141973 2.53926e-05 3.16906e-06 3.02404e-07 4.47648e-08
 2.56328e-27 2.58855e-27 3.3073e-26 6.43699e-20 1.57795e-14 4.67575e-10 1.67477e-06 0.000725113 0.0379498 0.240081 0.183988 0.0419382 0.189951 0.175642 0.0441367 0.0565638 0.0189481 0.00733736 0.00212555 0.000495102 9.83382e-05 1.56449e-05 1.76224e-06 1.24548e-07 7.50221e-09
 2.56389e-27 2.59003e-27 3.42376e-26 6.68261e-20 1.63816e-14 4.85416e-10 1.73868e-06 0.000752782 0.0393979 0.249242 0.190997 0.0428095 0.191657 0.17695 0.0395354 0.0457067 0.0151362 0.00563066 0.00168563 0.000414191 7.18808e-05 9.96644e-06 9.87258e-07 5.99758e-08 2.0275e-09
 2.56352e-27 2.58898e-27 3.3257e-26 6.47573e-20 1.58745e-14 4.70389e-10 1.68486e-06 0.000729478 0.0381782 0.241526 0.185116 0.0434667 0.200791 0.185321 0.0400026 0.0446255 0.0142058 0.00439842 0.00126916 0.000304416 5.54203e-05 7.16735e-06 6.01686e-07 3.14666e-08 8.25264e-10
 2.56321e-27 2.58812e-27 3.24815e-26 6.31213e-20 1.54734e-14 4.58506e-10 1.64229e-06 0.000711049 0.0372137 0.235425 0.180463 0.0438228 0.20677 0.190825 0.0407285 0.0448777 0.014007 0.00387518 0.00103069 0.000208422 3.6148e-05 4.74565e-06 3.8003e-07 1.68146e-08 3.68881e-10
 2.56477e-27 2.59232e-27 3.61654e-26 7.08926e-20 1.73785e-14 5.14955e-10 1.84448e-06 0.000798591 0.0417954 0.264409 0.202581 0.042974 0.184771 0.170472 0.0361792 0.0396147 0.0122423 0.00318253 0.00081014 0.00014446 2.14721e-05 2.51743e-06 1.99541e-07 8.37525e-09 1.56058e-10
 2.56586e-27 2.59519e-27 3.86046e-26 7.6038e-20 1.86398e-14 5.52331e-10 1.97836e-06 0.000856552 0.0448289 0.2836 0.217237 0.0430994 0.175428 0.16165 0.0309845 0.0299825 0.00923962 0.00238202 0.000595865 9.96778e-05 1.34484e-05 1.33759e-06 9.18451e-08 3.71302e-09 6.48543e-11
 2.56387e-27 2.58973e-27 3.37168e-26 6.57265e-20 1.61121e-14 4.77429e-10 1.71007e-06 0.000740396 0.0387497 0.245141 0.187901 0.045016 0.210624 0.194033 0.0349913 0.0309524 0.00928385 0.0019919 0.000482528 7.96008e-05 1.02818e-05 9.2824e-07 5.38881e-08 1.86632e-09 3.06858e-11
 2.56255e-27 2.58624e-27 3.07164e-26 5.93973e-20 1.45605e-14 4.31454e-10 1.5454e-06 0.000669098 0.0350182 0.221535 0.169878 0.0451494 0.224302 0.206851 0.0408142 0.0409893 0.012069 0.00216403 0.000483218 6.69896e-05 8.26307e-06 7.18882e-07 3.79009e-08 1.10934e-09 1.55867e-11
 2.56391e-27 2.58996e-27 3.40427e-26 6.64145e-20 1.62807e-14 4.82427e-10 1.72797e-06 0.000748146 0.0391553 0.247707 0.189842 0.0438703 0.200542 0.184984 0.0380153 0.0401221 0.011983 0.00242464 0.000535653 6.21332e-05 6.57855e-06 5.02739e-07 2.52388e-08 6.71215e-10 7.9939e-12
 2.56541e-27 2.59393e-27 3.74497e-26 7.36015e-20 1.80425e-14 5.34632e-10 1.91496e-06 0.000829106 0.0433924 0.274513 0.210309 0.0437876 0.185533 0.170905 0.0313687 0.0285132 0.00855148 0.00182272 0.000415401 5.29333e-05 5.23884e-06 3.29304e-07 1.40688e-08 3.45377e-10 3.73191e-12
 2.56513e-27 2.59306e-27 3.65873e-26 7.17818e-20 1.75964e-14 5.21414e-10 1.86762e-06 0.000808607 0.0423196 0.267726 0.205143 0.0448305 0.197098 0.181399 0.0299968 0.0227296 0.00660205 0.00107751 0.000233687 3.08864e-05 3.23908e-06 2.08003e-07 7.50738e-09 1.52987e-10 1.48555e-12
 2.56552e-27 2.59414e-27 3.7557e-26 7.38275e-20 1.80979e-14 5.36274e-10 1.92084e-06 0.000831652 0.0435257 0.275356 0.210963 0.0444255 0.189927 0.174815 0.029433 0.0230931 0.0065874 0.000856453 0.000165889 1.72953e-05 1.72631e-06 1.16534e-07 4.37256e-09 7.89709e-11 6.32564e-13
 2.56562e-27 2.59438e-27 3.77414e-26 7.42165e-20 1.81933e-14 5.39099e-10 1.93096e-06 0.000836033 0.043755 0.276806 0.212073 0.0446111 0.190559 0.175339 0.0284531 0.0207287 0.0059073 0.000771129 0.000144919 1.21591e-05 9.89684e-07 5.57361e-08 2.11429e-09 3.96816e-11 2.92075e-13
 2.56615e-27 2.59584e-27 3.90478e-26 7.69724e-20 1.88689e-14 5.59118e-10 2.00267e-06 0.000867078 0.0453798 0.287085 0.219913 0.0440625 0.180876 0.166441 0.0275665 0.0209455 0.0059581 0.000750196 0.000139505 1.17658e-05 8.78014e-07 3.84868e-08 1.17273e-09 2.08335e-11 1.57645e-13
 2.56677e-27 2.5975e-27 4.04856e-26 8.00054e-20 1.96124e-14 5.81149e-10 2.08158e-06 0.000901244 0.0471679 0.298397 0.228549 0.0439019 0.173587 0.159648 0.0251352 0.0171148 0.00485931 0.000613426 0.000113562 9.2086e-06 6.76176e-07 2.85193e-08 7.10746e-10 9.80916e-12 6.67725e-14
 2.56713e-27 2.59844e-27 4.12995e-26 8.17224e-20 2.00333e-14 5.93622e-10 2.12625e-06 0.000920586 0.0481802 0.304801 0.233438 0.04384 0.169681 0.155999 0.0236961 0.0147511 0.0041441 0.00045875 8.07743e-05 6.52553e-06 4.7137e-07 1.91644e-08 4.62396e-10 5.47716e-12 2.8966e-14
 2.56717e-27 2.59852e-27 4.13363e-26 8.17998e-20 2.00522e-14 5.94184e-10 2.12827e-06 0.000921458 0.0482258 0.30509 0.233662 0.0440895 0.171422 0.157543 0.0228331 0.0123947 0.00343848 0.000322377 5.16604e-05 3.65581e-06 2.45971e-07 9.85281e-09 2.30432e-10 2.62115e-12 1.22971e-14
 2.56749e-27 2.5994e-27 4.21397e-26 8.34948e-20 2.04677e-14 6.06496e-10 2.17237e-06 0.000940552 0.0492251 0.311412 0.238482 0.0436727 0.164864 0.151534 0.0225519 0.0132644 0.00367522 0.000323355 4.93194e-05 3.04848e-06 1.79567e-07 6.30871e-09 1.40863e-10 1.55993e-12 7.01692e-15
 2.56759e-27 2.59967e-27 4.23656e-26 8.39715e-20 2.05846e-14 6.09958e-10 2.18477e-06 0.000945921 0.0495061 0.313189 0.239841 0.0437088 0.164184 0.150881 0.0219565 0.0120732 0.00334928 0.000311922 4.88567e-05 2.85207e-06 1.54082e-07 4.60883e-09 8.88251e-11 8.97025e-13 3.89954e-15
 2.56728e-27 2.59878e-27 4.15538e-26 8.22587e-20 2.01647e-14 5.97517e-10 2.14021e-06 0.000926627 0.0484963 0.306801 0.23497 0.0441864 0.17124 0.157336 0.0220816 0.0107337 0.00294889 0.000240149 3.48261e-05 2.09421e-06 1.14009e-07 3.14883e-09 5.30612e-11 4.51613e-13 1.74135e-15
 2.56642e-27 2.59645e-27 3.94941e-26 7.79135e-20 1.90996e-14 5.65954e-10 2.02715e-06 0.00087768 0.0459346 0.290595 0.222605 0.0447767 0.184421 0.169508 0.0244152 0.0129874 0.00356642 0.000271618 3.72123e-05 2.00875e-06 1.00935e-07 2.85269e-09 4.64945e-11 3.51225e-13 1.14646e-15
#obs catch len freq
 5.99961e-42 8.32706e-34 1.39704e-26 2.83316e-20 6.94517e-15 2.05798e-10 7.37135e-07 0.000319154 0.0167032 0.105671 0.0814585 0.0424873 0.227512 0.192052 0.131598 0.127055 0.0516369 0.0190806 0.00395395 0.00045047 2.09874e-05 2.93267e-07 9.2803e-10 5.41623e-13 5.09082e-17
 6.82693e-42 9.47533e-34 1.58968e-26 3.22384e-20 7.90288e-15 2.34177e-10 8.38783e-07 0.000363164 0.0190066 0.120243 0.0926962 0.0461877 0.230149 0.184823 0.129344 0.114521 0.0445893 0.0149973 0.00279467 0.000274033 1.03965e-05 1.11944e-07 2.61967e-10 1.10222e-13 7.36552e-18
 1.03087e-41 1.43078e-33 2.40043e-26 4.86803e-20 1.19334e-14 3.53609e-10 1.26657e-06 0.000548381 0.0287001 0.181566 0.139591 0.0481499 0.20211 0.154277 0.110329 0.0894128 0.0333735 0.0101309 0.00166726 0.000138263 4.23059e-06 3.50042e-08 6.06525e-11 1.8445e-14 8.78116e-19
 8.8394e-42 1.22685e-33 2.0583e-26 4.17418e-20 1.02325e-14 3.03208e-10 1.08604e-06 0.000470219 0.0246094 0.155689 0.120165 0.0600287 0.261846 0.182756 0.0956895 0.0674204 0.0238477 0.00648039 0.00093074 6.40362e-05 1.55403e-06 9.80542e-09 1.25682e-11 2.76859e-15 9.41971e-20
 1.21461e-41 1.6858e-33 2.82828e-26 5.7357e-20 1.40604e-14 4.16635e-10 1.49232e-06 0.000646122 0.0338155 0.213929 0.164538 0.0540392 0.193853 0.135976 0.11022 0.0704719 0.0180145 0.00397758 0.000490302 2.76069e-05 5.22653e-07 2.48258e-09 2.33999e-12 3.73092e-16 9.08839e-21
 1.28768e-41 1.78721e-33 2.99842e-26 6.08074e-20 1.49062e-14 4.41698e-10 1.58209e-06 0.000684991 0.0358497 0.226799 0.174678 0.0635559 0.219634 0.137368 0.0769029 0.0463304 0.0151375 0.0028033 0.000243128 1.06135e-05 1.54491e-07 5.45803e-10 3.74712e-13 4.30063e-17 7.48643e-22
 1.17214e-41 1.62686e-33 2.72939e-26 5.53515e-20 1.35688e-14 4.02067e-10 1.44014e-06 0.000623531 0.0326331 0.206451 0.15943 0.0696422 0.23576 0.14309 0.0927393 0.0469208 0.0106687 0.00188081 0.000153527 4.69571e-06 4.81814e-08 1.23902e-10 6.13896e-14 5.03516e-18 6.22985e-23
 1.45325e-41 2.01701e-33 3.38396e-26 6.8626e-20 1.68229e-14 4.98492e-10 1.78552e-06 0.000773068 0.0404593 0.255962 0.197161 0.064688 0.184728 0.112459 0.0897398 0.04289 0.00975504 0.0013004 8.12606e-05 2.11768e-06 1.5566e-08 2.69799e-11 9.29497e-15 5.38105e-19 4.7025e-24
 1.67611e-41 2.32633e-33 3.9029e-26 7.91501e-20 1.94027e-14 5.74938e-10 2.05933e-06 0.00089162 0.0466639 0.295215 0.227343 0.0687892 0.174982 0.0946078 0.0580431 0.0261084 0.00650482 0.000807872 4.03296e-05 7.55418e-07 4.22571e-09 5.28034e-12 1.22598e-15 4.78109e-20 2.87353e-25
 1.64458e-41 2.28257e-33 3.82948e-26 7.76611e-20 1.90377e-14 5.64122e-10 2.02059e-06 0.000874847 0.045786 0.289664 0.223553 0.0771186 0.190203 0.0958023 0.0533812 0.01954 0.00364109 0.000415184 1.93395e-05 2.85557e-07 1.12524e-09 9.97142e-13 1.65166e-16 4.45033e-21 1.804e-26
 1.55914e-41 2.16399e-33 3.63054e-26 7.36267e-20 1.80487e-14 5.34816e-10 1.91563e-06 0.0008294 0.0434075 0.27462 0.212544 0.0839825 0.199351 0.0999933 0.0620479 0.0199413 0.0030205 0.000251662 9.07367e-06 1.14032e-07 3.518e-10 2.20822e-13 2.51655e-17 4.71487e-22 1.33486e-27
 1.52085e-41 2.11084e-33 3.54138e-26 7.18184e-20 1.76054e-14 5.21681e-10 1.86858e-06 0.00080903 0.0423414 0.267879 0.207867 0.0891812 0.199229 0.101107 0.0679144 0.0204459 0.00301702 0.000202021 5.12234e-06 4.55082e-08 1.0758e-10 5.18099e-14 4.28277e-18 5.57134e-23 1.08083e-28
 1.92938e-41 2.67785e-33 4.49264e-26 9.11099e-20 2.23345e-14 6.61813e-10 2.3705e-06 0.00102635 0.0537149 0.339829 0.262321 0.0761531 0.135761 0.0689619 0.0468485 0.0133195 0.00194206 0.000117183 2.43366e-06 1.51436e-08 2.4013e-11 8.15023e-15 4.94516e-19 4.71528e-24 6.54626e-30
 1.62278e-41 2.25231e-33 3.77871e-26 7.66315e-20 1.87853e-14 5.56643e-10 1.99381e-06 0.000863249 0.045179 0.285843 0.223083 0.107436 0.205997 0.0827343 0.0377189 0.00972667 0.00134137 7.37376e-05 1.35149e-06 6.74065e-09 7.65152e-12 1.73354e-15 7.03659e-20 4.64403e-25 4.58789e-31
 1.33658e-41 1.85509e-33 3.1123e-26 6.31168e-20 1.54724e-14 4.58474e-10 1.64218e-06 0.000711007 0.0372113 0.235449 0.185893 0.11993 0.225375 0.112624 0.0682261 0.013284 0.00123682 5.73171e-05 9.15871e-07 3.83368e-09 3.44292e-12 5.7374e-16 1.60921e-20 7.10471e-26 4.69014e-32
 1.21744e-41 1.68973e-33 2.83487e-26 5.74905e-20 1.40931e-14 4.17605e-10 1.49579e-06 0.000647627 0.0338943 0.214476 0.170784 0.124084 0.220121 0.129315 0.0856339 0.019016 0.00196247 6.43819e-05 7.18749e-07 2.38376e-09 1.7152e-12 2.22459e-16 4.67709e-21 1.48853e-26 6.84882e-33
 1.63567e-41 2.27021e-33 3.80875e-26 7.72406e-20 1.89346e-14 5.61068e-10 2.00965e-06 0.00087011 0.0455382 0.288135 0.226108 0.104669 0.157334 0.0978438 0.0629468 0.014852 0.00164478 5.63504e-05 5.30794e-07 1.19944e-09 6.08386e-13 5.92253e-17 9.45275e-22 2.25766e-27 7.66065e-34
 1.48304e-41 2.05836e-33 3.45333e-26 7.00328e-20 1.71677e-14 5.08711e-10 1.82212e-06 0.000788915 0.0412888 0.261289 0.209024 0.140527 0.202663 0.0893197 0.0438396 0.0101186 0.00110051 3.83516e-05 3.56676e-07 7.08839e-10 2.66539e-13 1.76686e-17 1.95455e-22 3.3589e-28 8.3575e-35
 1.54181e-41 2.13993e-33 3.59017e-26 7.2808e-20 1.7848e-14 5.28869e-10 1.89432e-06 0.000820177 0.0429249 0.271651 0.217244 0.13351 0.178572 0.0996506 0.0474749 0.00750232 0.000627235 2.00459e-05 1.74305e-07 3.19033e-10 1.04527e-13 5.52693e-18 4.45098e-23 5.27527e-29 8.97524e-36
 1.52793e-41 2.12067e-33 3.55786e-26 7.21528e-20 1.76874e-14 5.2411e-10 1.87728e-06 0.000812796 0.0425387 0.269244 0.217718 0.147725 0.182716 0.092022 0.0400728 0.00668305 0.000455091 9.92779e-06 6.76766e-08 1.05698e-10 2.96946e-14 1.32149e-18 8.66181e-24 7.99194e-30 1.00916e-36
 1.64855e-41 2.28808e-33 3.83873e-26 7.78487e-20 1.90837e-14 5.65484e-10 2.02547e-06 0.00087696 0.0458968 0.290511 0.234623 0.143426 0.162161 0.0846878 0.0329024 0.004627 0.000280665 5.22511e-06 2.52608e-08 2.77474e-11 5.95996e-15 2.11553e-19 1.11321e-24 8.1879e-31 8.13282e-38
 1.59618e-41 2.21539e-33 3.71678e-26 7.53755e-20 1.84774e-14 5.47519e-10 1.96113e-06 0.0008491 0.0444389 0.281352 0.231095 0.162003 0.170232 0.0792233 0.0271112 0.00351259 0.000177966 2.69241e-06 1.05161e-08 8.55057e-12 1.26838e-15 3.15162e-20 1.21317e-25 6.73557e-32 5.11886e-39
 1.64432e-41 2.28221e-33 3.82888e-26 7.76488e-20 1.90347e-14 5.64033e-10 2.02027e-06 0.000874709 0.0457793 0.289878 0.239056 0.160851 0.15858 0.0784837 0.0238419 0.00254524 0.000107111 1.32299e-06 4.0158e-09 2.49943e-12 2.77101e-16 4.91974e-21 1.31022e-26 5.02275e-33 2.68359e-40
 1.64934e-41 2.28918e-33 3.84057e-26 7.7886e-20 1.90928e-14 5.65755e-10 2.02644e-06 0.00087738 0.0459193 0.290846 0.242934 0.170402 0.155557 0.071669 0.0197628 0.00196207 6.78306e-05 6.4981e-07 1.52155e-09 7.16398e-13 5.89442e-17 7.70008e-22 1.49275e-27 4.09162e-34 1.5338e-41
 1.69068e-41 2.34655e-33 3.93683e-26 7.98381e-20 1.95714e-14 5.79935e-10 2.07723e-06 0.000899371 0.0470705 0.298211 0.25096 0.172555 0.147107 0.0659918 0.0158306 0.00133293 3.89902e-05 3.03723e-07 5.38677e-10 1.87094e-13 1.13101e-17 1.07887e-22 1.51654e-28 3.00151e-35 8.10061e-43
 1.68158e-41 2.33392e-33 3.91563e-26 7.94082e-20 1.9466e-14 5.76813e-10 2.06605e-06 0.000894528 0.0468175 0.296742 0.253842 0.181991 0.14494 0.0608544 0.0129424 0.000951142 2.26453e-05 1.39954e-07 1.93684e-10 5.06533e-14 2.23146e-18 1.53067e-23 1.54434e-29 2.19357e-36 4.24307e-44
 1.46668e-41 2.03565e-33 3.41522e-26 6.926e-20 1.69783e-14 5.03098e-10 1.80201e-06 0.00078021 0.0408355 0.259176 0.234453 0.214931 0.167546 0.0685844 0.0128637 0.000811595 1.59587e-05 7.82171e-08 8.26338e-11 1.62338e-14 5.3114e-19 2.66319e-24 1.93373e-30 1.95747e-37 2.68852e-45
 1.49931e-41 2.08095e-33 3.49122e-26 7.08012e-20 1.73561e-14 5.14292e-10 1.84211e-06 0.000797571 0.0417438 0.264837 0.235115 0.197355 0.166975 0.0780979 0.0142411 0.000821453 1.4121e-05 5.89794e-08 5.21458e-11 8.42579e-15 2.24095e-19 9.09647e-25 5.33825e-31 4.35417e-38 4.79522e-46
#spawning biomass
 17750.6 18741.5 20317.3 23397.6 29116.8 35213.8 39835.2 48696.7 67723.2 90301.5 103861 122615 170710 208045 189981 162884 160447 153267 144593 135928 140971 148784 159477 159155 176426 192809 185721 170446 161471 145022 73333.3 33245.1 21872.1 19244.9 18687.5 18575.1 18553.3 18549.1 18548.3 18548.2 18548.2 18548.2 18548.2 18548.2 18548.2 18548.2 18548.2 18548.2 18548.2 18548.2 18548.2 18548.2 18548.2 18548.2 18548.2 18548.2 18548.2 18548.2 18548.2 18548.2 18548.2 18548.2 18548.2 18548.2 18548.2 18548.2 18548.2 18548.2 18548.2 18548.2 18548.2 18548.2 18548.2 18548.2 18548.2 18548.2 18548.2 18548.2 18548.2 18548.2 18548.2 18548.2 18548.2 18548.2 18548.2 18548.2 18548.2 18548.2 18548.2 18548.2 18548.2 18548.2 18548.2 18548.2 18548.2 18548.2 18548.2 18548.2 18548.2 18548.2 18548.2 18548.2 18548.2 18548.2 18548.2 18548.2 18548.2 18548.2 18548.2 18548.2 18548.2 18548.2 18548.2 18548.2 18548.2 18548.2 18548.2 18548.2 18548.2 18548.2 18548.2 18548.2 18548.2 18548.2 18548.2 18548.2 18548.2 18548.2 0 0 0 0 0 0 0 0 0 0 0 0 0 0 0 0 0 0 0 0 0 0 0 0 0
