SBPRF35
0.256306
Curr Bio
300199
B35
418549
F35
0.377716
FOFL
0.235862
OFL
71458.2
Bzero
73230.3
#pred survey bio
 78405.8 71698.2 53921.4 42818.9 66615.1 100711 152554 215475 281277 308910 322353 299829 354592 389795 398842 371639 397029 389628 392551 443082 428808 375112 371546 442695 459143 429411 439304 453076 1.47605e+07 8.30379e+06 5.96708e+06 3.93441e+06 2.56903e+06 1.75408e+06 1.29597e+06 1.04544e+06 909337 834804 793232 769464 755492 747047 741808 738482 736348 734958 734044 733436 733031 732760 732577 732454 732371 732315 732278 732252 732235 732223 732215 732210 732206 732204 732202 732201 732200 732200 732199 732199 732199 732199 732199 732199 732199 732199 732199 732199 732199 732199 732199 732199 732199 732199 732199 732199 732199 732199 732199 732199 732199 732199 732199 732199 732199 732199 732199 732199 732199 732199 732199 732199 732199 732199 732199 732199 732199 732199 732199 732199 732199 732199 732199 732199 732199 732199 732199 732199 732199 732199 732199 732199 732199 732199 732199 732199 732199 732199 732199 732199 0 0 0 0 0 0 0 0 0 0 0 0 0 0 0 0 0 0 0 0 0 0 0 0 0
#obs survey bio
 68739.9 45259.6 25673.4 65615.3 88049.4 114075 168954 275542 334250 335735 308976 294338 355798 452938 457927 319918 493246 438731 356109 566007 425788 398530 487054 464046 670032 367200 641813 422060
#pred catch bio
 13426.8 15090.9 13004 9712.23 16847.3 23975.5 40505 61069.2 102107 122072 153881 121436 159066 178773 203236 170679 188688 185934 168340 205107 215220 174474 145175 198684 217205 185922 191604 228606 71458.2 101870 70772.8 44856.3 28077.5 18495.3 13406.4 10822.9 9549.15 8933.13 8639.08 8499.95 8434.53 8403.89 8389.58 8382.91 8379.82 8378.38 8377.71 8377.41 8377.26 8377.2 8377.17 8377.15 8377.14 8377.14 8377.14 8377.14 8377.14 8377.14 8377.14 8377.14 8377.14 8377.14 8377.14 8377.14 8377.14 8377.14 8377.14 8377.14 8377.14 8377.14 8377.14 8377.14 8377.14 8377.14 8377.14 8377.14 8377.14 8377.14 8377.14 8377.14 8377.14 8377.14 8377.14 8377.14 8377.14 8377.14 8377.14 8377.14 8377.14 8377.14 8377.14 8377.14 8377.14 8377.14 8377.14 8377.14 8377.14 8377.14 8377.14 8377.14 8377.14 8377.14 8377.14 8377.14 8377.14 8377.14 8377.14 8377.14 8377.14 8377.14 8377.14 8377.14 8377.14 8377.14 8377.14 8377.14 8377.14 8377.14 8377.14 8377.14 8377.14 8377.14 8377.14 8377.14 8377.14 8377.14 8377.14 8377.14 0 0 0 0 0 0 0 0 0 0 0 0 0 0 0 0 0 0 0 0 0 0 0 0 0
#obs catch bio
 16616.4 16089.7 14690.3 10223.8 16804.9 23183.9 38844.7 55906.9 94108.4 114110 151815 120371 158494 165419 202659 167667 180309 188366 179609 198648 213588 167388 139240 203502 204238 177808 177075 230429
#pred cpue bio
 76944.9 71059.9 53752.4 41940.1 63080.9 96929.2 146555 207381 271429 298430 310983 288257 339631 373584 383473 356291 380555 374700 376277 424970 413395 361067 356878 424791 441361 413867 422825 435811 1.41551e+07 8.29848e+06 5.95201e+06 3.91893e+06 2.55354e+06 1.73859e+06 1.28048e+06 1.02995e+06 893850 819316 777745 753977 740005 731559 726321 722995 720861 719471 718556 717949 717544 717272 717090 716967 716884 716828 716790 716765 716748 716736 716728 716723 716719 716717 716715 716714 716713 716713 716712 716712 716712 716712 716712 716712 716712 716711 716711 716711 716711 716711 716711 716711 716711 716711 716711 716711 716711 716711 716711 716711 716711 716711 716711 716711 716711 716711 716711 716711 716711 716711 716711 716711 716711 716711 716711 716711 716711 716711 716711 716711 716711 716711 716711 716711 716711 716711 716711 716711 716711 716711 716711 716711 716711 716711 716711 716711 716711 716711 716711 716711 0 0 0 0 0 0 0 0 0 0 0 0 0 0 0 0 0 0 0 0 0 0 0 0 0
#obs cpue bio
 55140.4 51862.5 35448.1 41286.7 107499 114225 175814 305928 267333 294301 288257 256000 373958 563151 266079 438493 423616 254973 238597 607985 399381 443353 299612 306861 547989 513763 453236 338582
#pred surv len freq
 2.62086e-11 1.23272e-09 4.01491e-08 9.05461e-07 1.41401e-05 0.000152906 0.00114497 0.00593736 0.0213284 0.0531409 0.0922806 0.1138 0.10648 0.0899026 0.0835633 0.0820011 0.074647 0.0633946 0.0528747 0.0435582 0.0354415 0.0289201 0.0233018 0.0173001 0.0108147
 1.53147e-11 7.20329e-10 2.34607e-08 5.29096e-07 8.26264e-06 8.93501e-05 0.000669089 0.00347026 0.0124748 0.0311686 0.0547191 0.0702764 0.0746957 0.0813723 0.0963343 0.106038 0.100994 0.0881591 0.0748999 0.0617536 0.0488043 0.0372391 0.0273571 0.0185914 0.0108843
 7.08265e-12 3.33134e-10 1.085e-08 2.44694e-07 3.82127e-06 4.13228e-05 0.000309455 0.00160529 0.00577473 0.0144686 0.0256765 0.034274 0.0405275 0.0522336 0.0717824 0.0913501 0.105548 0.113964 0.113225 0.101187 0.0821066 0.0616209 0.0428168 0.0269022 0.0145819
 3.10707e-11 1.46141e-09 4.75973e-08 1.07344e-06 1.67633e-05 0.000181271 0.00135733 0.00703779 0.0252703 0.0628523 0.108394 0.130145 0.110579 0.0708858 0.0423655 0.0341012 0.0393189 0.0506102 0.0618171 0.0673005 0.0638716 0.0524388 0.037197 0.02266 0.0115993
 4.66056e-11 2.19211e-09 7.13955e-08 1.61014e-06 2.51447e-05 0.000271904 0.00203598 0.0105567 0.0379061 0.0942872 0.162653 0.195501 0.166672 0.107355 0.0617369 0.0386503 0.0256649 0.0169126 0.0132738 0.0138015 0.0151557 0.0146074 0.0116171 0.00747484 0.00383967
 3.6089e-11 1.69746e-09 5.5285e-08 1.24682e-06 1.94708e-05 0.00021055 0.0015766 0.00817548 0.0293658 0.0731418 0.126843 0.155616 0.142952 0.114794 0.0981102 0.0861337 0.0648539 0.0394231 0.0208985 0.0114849 0.00789228 0.00670991 0.00565248 0.00397246 0.00217151
 3.76488e-11 1.77082e-09 5.76745e-08 1.3007e-06 2.03124e-05 0.000219649 0.00164472 0.00852844 0.0306294 0.0762479 0.131949 0.160565 0.143351 0.106917 0.0833285 0.0724856 0.0612316 0.0470584 0.0328449 0.0201994 0.0108411 0.00560244 0.00323377 0.0020011 0.00109984
 3.66715e-11 1.72485e-09 5.61774e-08 1.26694e-06 1.97851e-05 0.000213948 0.00160204 0.00830717 0.0298359 0.0742844 0.128632 0.156905 0.141282 0.107798 0.08655 0.0755109 0.0617826 0.0457009 0.0323903 0.0221401 0.0137664 0.00745558 0.00355585 0.00158463 0.000681071
 3.52973e-11 1.66022e-09 5.40722e-08 1.21946e-06 1.90437e-05 0.000205931 0.00154201 0.00799595 0.028719 0.0715123 0.12389 0.151401 0.137231 0.106651 0.0881355 0.0787266 0.0655384 0.0491607 0.0349645 0.0238358 0.0150836 0.00859655 0.00428887 0.00183178 0.000668472
 3.47944e-11 1.63656e-09 5.33018e-08 1.20209e-06 1.87723e-05 0.000202997 0.00152004 0.00788204 0.02831 0.0704952 0.122138 0.149305 0.13548 0.105621 0.0877616 0.0789038 0.0663201 0.05054 0.0366679 0.0254438 0.0163192 0.00943179 0.00479986 0.00208607 0.000751851
 3.56909e-11 1.67873e-09 5.46752e-08 1.23306e-06 1.9256e-05 0.000208227 0.0015592 0.00808506 0.0290384 0.0723007 0.12521 0.152797 0.137802 0.105657 0.0856724 0.0758297 0.0634376 0.0484123 0.0353671 0.0248605 0.01623 0.0095641 0.00495831 0.00219093 0.000798698
 3.74359e-11 1.7608e-09 5.73483e-08 1.29335e-06 2.01975e-05 0.000218407 0.00163542 0.00848024 0.0304567 0.0758218 0.131238 0.159822 0.143067 0.107402 0.0841469 0.0723355 0.0590772 0.0438357 0.0311692 0.0215986 0.0141072 0.00840414 0.00442966 0.0019934 0.000739044
 3.91549e-11 1.84166e-09 5.99817e-08 1.35274e-06 2.11249e-05 0.000228436 0.00171052 0.00886955 0.0318538 0.0792896 0.137169 0.166708 0.14814 0.108879 0.0823442 0.0687888 0.0551226 0.0400244 0.0276552 0.0185792 0.01181 0.00691443 0.00362921 0.00164447 0.000617623
 3.85586e-11 1.81361e-09 5.90681e-08 1.33213e-06 2.08032e-05 0.000224957 0.00168447 0.00873455 0.0313699 0.0780941 0.135163 0.164563 0.147176 0.110144 0.0856449 0.0725741 0.0576462 0.0406893 0.0270263 0.0174624 0.0107128 0.00606876 0.00310068 0.00138188 0.000516196
 3.68971e-11 1.73546e-09 5.6523e-08 1.27473e-06 1.99068e-05 0.000215264 0.00161189 0.00835831 0.0300199 0.0747455 0.129451 0.158002 0.142579 0.109423 0.0885434 0.0773694 0.0626367 0.0449507 0.0301451 0.0193009 0.0114994 0.00625636 0.00306852 0.0013212 0.000481263
 3.85451e-11 1.81298e-09 5.90475e-08 1.33167e-06 2.07959e-05 0.000224879 0.00168388 0.00873146 0.0313584 0.0780613 0.135078 0.164327 0.146547 0.108837 0.0837999 0.0710894 0.0575722 0.042144 0.0290728 0.0190675 0.0114957 0.00622362 0.00298453 0.00124208 0.000436405
 3.85376e-11 1.81262e-09 5.9036e-08 1.33141e-06 2.07918e-05 0.000224835 0.00168355 0.00872978 0.0313527 0.0780502 0.13508 0.164427 0.146946 0.109755 0.0851271 0.07216 0.0576309 0.0411489 0.0277448 0.0181147 0.011073 0.00611106 0.00296408 0.00122958 0.000424628
 3.67737e-11 1.72966e-09 5.63339e-08 1.27047e-06 1.98402e-05 0.000214544 0.0016065 0.00833036 0.0299196 0.0744971 0.129029 0.157527 0.142278 0.109455 0.0888628 0.0777577 0.0628829 0.0450333 0.0302044 0.0194432 0.0116882 0.00639098 0.00310685 0.00129964 0.000451358
 3.86667e-11 1.8187e-09 5.92338e-08 1.33587e-06 2.08615e-05 0.000225588 0.00168919 0.00875898 0.0314571 0.0783052 0.135488 0.16477 0.146762 0.108624 0.083203 0.0704166 0.0571557 0.0420691 0.0291891 0.0192124 0.0116117 0.00630819 0.00303471 0.00126003 0.000436807
 3.82309e-11 1.7982e-09 5.85662e-08 1.32081e-06 2.06264e-05 0.000223046 0.00167016 0.00866034 0.0311035 0.0774322 0.134026 0.16322 0.146108 0.10964 0.0856672 0.0729877 0.0583954 0.0417305 0.0281931 0.0184815 0.0113566 0.00629922 0.00306762 0.00127569 0.000440352
 3.5465e-11 1.6681e-09 5.43291e-08 1.22526e-06 1.91341e-05 0.000206909 0.00154933 0.00803399 0.0288562 0.0718593 0.124529 0.152356 0.138649 0.108857 0.0910543 0.0813146 0.0664299 0.0479513 0.0324082 0.0209824 0.0126658 0.00695455 0.00339685 0.00142747 0.000497461
 3.66236e-11 1.7226e-09 5.61039e-08 1.26528e-06 1.97592e-05 0.000213668 0.00159994 0.00829629 0.0297967 0.0741849 0.128447 0.156624 0.140854 0.107151 0.0858235 0.075236 0.0624355 0.0469547 0.0333036 0.0223001 0.0136362 0.00747011 0.00361674 0.0015096 0.000525707
 3.77315e-11 1.77471e-09 5.78011e-08 1.30356e-06 2.0357e-05 0.000220132 0.00164834 0.0085472 0.0306972 0.0764203 0.132272 0.161074 0.144161 0.108156 0.0846173 0.0725554 0.0589749 0.0433797 0.0304263 0.0206522 0.0130479 0.00739523 0.00365907 0.00153862 0.000535264
 3.8163e-11 1.79501e-09 5.84622e-08 1.31847e-06 2.05898e-05 0.000222649 0.00166719 0.00864494 0.031048 0.0772918 0.133768 0.162837 0.145546 0.108778 0.0845489 0.0720438 0.0581572 0.0422804 0.0291332 0.0194132 0.0121439 0.00692198 0.00349325 0.00150496 0.000533818
 3.71163e-11 1.74577e-09 5.68587e-08 1.2823e-06 2.0025e-05 0.000216543 0.00162146 0.00840792 0.0301978 0.0751854 0.130192 0.158811 0.143003 0.109103 0.0875038 0.0760183 0.0614664 0.0442642 0.0300334 0.0196717 0.0120927 0.00678917 0.00340098 0.00147055 0.000528232
 3.57532e-11 1.68166e-09 5.47706e-08 1.23521e-06 1.92896e-05 0.000208591 0.00156192 0.00809923 0.02909 0.0724363 0.125493 0.153367 0.139032 0.108063 0.0891996 0.0792806 0.0652167 0.0478666 0.0330312 0.0217458 0.0132591 0.00732738 0.00360941 0.00154105 0.000550476
 3.67229e-11 1.72727e-09 5.6256e-08 1.26871e-06 1.98128e-05 0.000214247 0.00160428 0.00831877 0.0298773 0.0743843 0.128784 0.156995 0.141059 0.107031 0.0853763 0.0746057 0.0618111 0.0465031 0.0331537 0.0224672 0.0139764 0.00779528 0.00383152 0.00161936 0.000571357
 3.70002e-11 1.74031e-09 5.66809e-08 1.2783e-06 1.99624e-05 0.000215866 0.00161639 0.00838161 0.030103 0.0749466 0.12976 0.158193 0.142159 0.107877 0.0859133 0.0745774 0.0608949 0.0448537 0.0314855 0.0214164 0.0136086 0.00779684 0.00391578 0.00167366 0.000591318
#obs surv len freq
 2.58926e-11 1.21786e-09 3.9665e-08 8.94546e-07 1.39696e-05 0.000151062 0.00113116 0.00586569 0.0210701 0.0524882 0.0910857 0.112041 0.103949 0.0861068 0.0787983 0.0784109 0.0749239 0.0681273 0.0601208 0.050819 0.040924 0.0313274 0.0221019 0.0136156 0.00692741
 5.31048e-12 2.49779e-10 8.13516e-09 1.83469e-07 2.86518e-06 3.09849e-05 0.000232073 0.00120461 0.0043439 0.0109872 0.0202013 0.0301919 0.0451076 0.0725125 0.105967 0.124522 0.120165 0.105909 0.0928502 0.0805871 0.0666048 0.0510526 0.0353974 0.0213896 0.0107402
 1.45213e-14 6.83027e-13 2.22479e-11 5.01943e-10 7.85069e-09 8.54152e-08 6.55087e-07 3.71624e-06 1.79073e-05 8.97545e-05 0.00046666 0.00206956 0.00697454 0.0177716 0.0363785 0.0646257 0.101756 0.136371 0.151433 0.14297 0.120838 0.0937593 0.0654629 0.0394236 0.0195871
 5.29213e-11 2.48916e-09 8.10704e-08 1.82834e-06 2.85522e-05 0.00030875 0.00231185 0.0119867 0.0430354 0.106989 0.184178 0.219546 0.181229 0.103658 0.0413659 0.0124956 0.00544426 0.00720515 0.01164 0.0156042 0.0168753 0.0149478 0.0110241 0.00675861 0.00336708
 3.29073e-11 1.5478e-09 5.04109e-08 1.13689e-06 1.77542e-05 0.000191988 0.00143763 0.00745517 0.0267836 0.0667593 0.116111 0.144027 0.137309 0.120313 0.113385 0.102705 0.0736789 0.0386569 0.0158188 0.0077283 0.00704292 0.00743264 0.00646798 0.00438371 0.00229315
 4.08534e-11 1.92155e-09 6.25835e-08 1.41142e-06 2.20413e-05 0.000238345 0.0017847 0.00925405 0.0332324 0.0826959 0.142893 0.172874 0.151105 0.10592 0.0745445 0.0613092 0.0530463 0.0431069 0.0308868 0.018271 0.00893237 0.00435674 0.00269521 0.00181167 0.00101758
 3.75952e-11 1.7683e-09 5.75923e-08 1.29885e-06 2.02834e-05 0.000219337 0.00164239 0.00851641 0.0305876 0.0761557 0.131873 0.160864 0.144845 0.110422 0.0881682 0.0756064 0.059611 0.0416265 0.0280538 0.018915 0.0117989 0.00630716 0.00291761 0.00128315 0.000564255
 3.98303e-11 1.87342e-09 6.10162e-08 1.37607e-06 2.14893e-05 0.000232376 0.00174002 0.00902247 0.0324025 0.0806487 0.139477 0.169309 0.1498 0.108745 0.0806807 0.0668212 0.0540126 0.0398521 0.0276119 0.0180673 0.0109264 0.00601283 0.00293549 0.0012343 0.0004453
 3.5565e-11 1.67281e-09 5.44823e-08 1.22871e-06 1.91881e-05 0.000207493 0.0015537 0.00805666 0.0289379 0.0720634 0.12489 0.152832 0.139185 0.10946 0.0916479 0.0815508 0.0659476 0.046901 0.0314182 0.0204839 0.0125573 0.00696077 0.00339929 0.00142584 0.00050058
 3.68091e-11 1.73132e-09 5.6388e-08 1.27169e-06 1.98593e-05 0.00021475 0.00160804 0.00833827 0.0299472 0.0745556 0.129063 0.157253 0.141034 0.106501 0.0844613 0.0738772 0.06185 0.0472441 0.0339316 0.0227802 0.0138932 0.00761495 0.00370788 0.00155797 0.000545315
 3.6408e-11 1.71246e-09 5.57736e-08 1.25784e-06 1.96429e-05 0.00021241 0.00159052 0.00824748 0.0296218 0.0737525 0.12772 0.155841 0.140476 0.10751 0.0867378 0.0759674 0.0622933 0.046094 0.0326224 0.0224147 0.014326 0.00818014 0.00406156 0.0017121 0.000597758
 3.85569e-11 1.81353e-09 5.90655e-08 1.33208e-06 2.08023e-05 0.000224947 0.00168439 0.0087341 0.0313677 0.0780806 0.135088 0.164229 0.146104 0.107771 0.0821335 0.069381 0.0565481 0.0421058 0.0298429 0.0203192 0.0128971 0.00743934 0.00379335 0.00164713 0.000587374
 3.99041e-11 1.8769e-09 6.11294e-08 1.37862e-06 2.15292e-05 0.000232807 0.00174325 0.00903923 0.032463 0.0808022 0.139762 0.169747 0.150475 0.109794 0.0819384 0.06753 0.053384 0.038084 0.0258373 0.0171338 0.0107667 0.00619046 0.00316289 0.00138759 0.000503695
 3.85814e-11 1.81468e-09 5.9103e-08 1.33292e-06 2.08155e-05 0.00022509 0.00168547 0.00873973 0.0313887 0.0781414 0.13525 0.164692 0.147365 0.110441 0.0860574 0.073 0.0579235 0.040712 0.0267885 0.0170504 0.0102663 0.00570201 0.00285458 0.00124349 0.000452447
 3.69952e-11 1.74008e-09 5.66732e-08 1.27812e-06 1.99597e-05 0.000215837 0.00161618 0.00838051 0.0300996 0.0749422 0.129781 0.158358 0.14275 0.109248 0.08807 0.076873 0.0624112 0.0450509 0.0303802 0.0194585 0.011509 0.00617098 0.0029678 0.00125009 0.000445134
 4.02277e-11 1.89212e-09 6.1625e-08 1.3898e-06 2.17037e-05 0.000234695 0.00175738 0.00911248 0.0327255 0.0814503 0.140847 0.170896 0.150954 0.109032 0.0801303 0.0657381 0.0527379 0.0387295 0.0269238 0.0177895 0.0107748 0.00583198 0.00277747 0.00114035 0.000393433
 3.77552e-11 1.77582e-09 5.78373e-08 1.30438e-06 2.03697e-05 0.00022027 0.00164937 0.00855263 0.0307176 0.0764782 0.132423 0.161497 0.145299 0.110554 0.0881279 0.0757597 0.0601139 0.0419955 0.0275786 0.0177152 0.0107952 0.00597688 0.00290706 0.0012043 0.000413134
 3.63191e-11 1.70827e-09 5.56374e-08 1.25476e-06 1.95949e-05 0.000211892 0.00158664 0.00822736 0.0295499 0.0735764 0.127436 0.155591 0.140567 0.10826 0.0882216 0.0778891 0.064111 0.0471627 0.032405 0.02098 0.0124641 0.00670454 0.00322468 0.00134371 0.000466057
 3.95468e-11 1.86009e-09 6.05819e-08 1.36628e-06 2.13364e-05 0.000230723 0.00172763 0.00895827 0.032172 0.0800757 0.13849 0.168134 0.148832 0.108195 0.080467 0.0667889 0.0541642 0.0403784 0.0286365 0.0193287 0.0119379 0.00656094 0.00315381 0.0012986 0.000446127
 3.55606e-11 1.6726e-09 5.44754e-08 1.22856e-06 1.91857e-05 0.000207467 0.00155351 0.00805565 0.0289343 0.0720548 0.124877 0.152825 0.139207 0.10953 0.0917384 0.0815692 0.0657956 0.0465984 0.0311361 0.0204069 0.0127072 0.00719273 0.00356927 0.00150162 0.000519995
 3.67493e-11 1.72851e-09 5.62964e-08 1.26963e-06 1.9827e-05 0.000214401 0.00160543 0.00832474 0.0298987 0.0744361 0.128865 0.157052 0.140981 0.106725 0.0849334 0.0743758 0.0621166 0.0471928 0.0336735 0.0224896 0.0136955 0.00754282 0.00371507 0.00158271 0.000559291
 3.732e-11 1.75535e-09 5.71706e-08 1.28934e-06 2.01349e-05 0.000217731 0.00163036 0.008454 0.0303628 0.0755899 0.130851 0.15942 0.142928 0.107761 0.0849816 0.0733273 0.059867 0.0442953 0.0313374 0.0214689 0.0136568 0.00776726 0.00385478 0.00163196 0.00057435
 3.91457e-11 1.84123e-09 5.99675e-08 1.35242e-06 2.112e-05 0.000228382 0.00171011 0.00886745 0.0318464 0.07927 0.137131 0.16664 0.148014 0.108656 0.0820544 0.0685928 0.0552044 0.0403907 0.0281127 0.0189176 0.01194 0.00686301 0.00348835 0.00151165 0.000539295
 3.78313e-11 1.7794e-09 5.79539e-08 1.30701e-06 2.04108e-05 0.000220714 0.0016527 0.00856984 0.0307791 0.076628 0.13266 0.161681 0.145131 0.109747 0.0867593 0.074435 0.0595349 0.0423052 0.0283407 0.0184719 0.0114002 0.00645632 0.00326534 0.00142411 0.000515303
 3.68851e-11 1.7349e-09 5.65045e-08 1.27432e-06 1.99003e-05 0.000215194 0.00161137 0.00835555 0.0300099 0.0747175 0.129384 0.157834 0.142157 0.108554 0.0872868 0.0762493 0.0622919 0.0455212 0.0312044 0.0203394 0.012268 0.00673113 0.003314 0.00142218 0.000511882
 3.66449e-11 1.7236e-09 5.61365e-08 1.26602e-06 1.97707e-05 0.000213793 0.00160087 0.00830113 0.0298144 0.0742304 0.128538 0.15679 0.141178 0.107742 0.0866148 0.0758326 0.0623901 0.0462658 0.0324374 0.0216872 0.0133478 0.00736882 0.00358812 0.00150712 0.000530929
 3.85977e-11 1.81545e-09 5.91279e-08 1.33349e-06 2.08243e-05 0.000225185 0.00168617 0.00874333 0.0314008 0.0781635 0.135233 0.164413 0.146292 0.107958 0.0823195 0.0695231 0.0565905 0.0420603 0.029763 0.0201982 0.0126839 0.00715783 0.00354498 0.00149804 0.000524783
 3.76525e-11 1.77099e-09 5.76801e-08 1.30083e-06 2.03144e-05 0.000219671 0.00164489 0.00852936 0.0306337 0.0762663 0.132036 0.160929 0.144485 0.109326 0.0865362 0.0743892 0.0597165 0.0427493 0.0289911 0.0191876 0.0120128 0.00685581 0.00345574 0.00148648 0.000527565
#pred catch len freq
 2.49573e-11 1.17387e-09 3.82323e-08 8.62233e-07 1.3465e-05 0.000145606 0.00109031 0.005654 0.0203116 0.0506176 0.0879691 0.108813 0.102869 0.0890054 0.0851306 0.0847832 0.0774984 0.0658425 0.0548955 0.0452099 0.036781 0.0300118 0.0241811 0.0179529 0.0112228
 1.44032e-11 6.77458e-10 2.20644e-08 4.97607e-07 7.77089e-06 8.40326e-05 0.000629274 0.00326384 0.0117341 0.0293306 0.051579 0.0666467 0.0720741 0.0807399 0.0975121 0.108113 0.103126 0.0900018 0.0764296 0.0629968 0.049781 0.0379827 0.0279031 0.0189623 0.0111014
 6.6116e-12 3.10978e-10 1.01284e-08 2.2842e-07 3.56713e-06 3.85746e-05 0.000288878 0.00149861 0.00539184 0.0135179 0.0240484 0.0323733 0.0390916 0.0517257 0.0721194 0.0921649 0.106538 0.114991 0.114208 0.102049 0.0828009 0.0621402 0.0431771 0.0271285 0.0147046
 2.99208e-11 1.40733e-09 4.58358e-08 1.03371e-06 1.61429e-05 0.000174562 0.00130709 0.00677735 0.0243354 0.0605293 0.104404 0.12543 0.106827 0.0690807 0.0422782 0.0350499 0.0408987 0.0527345 0.0644117 0.0701201 0.0665454 0.0546333 0.0387534 0.0236081 0.0120846
 4.5881e-11 2.15802e-09 7.02855e-08 1.58511e-06 2.47538e-05 0.000267676 0.00200432 0.0103926 0.0373173 0.0928265 0.16016 0.192631 0.164638 0.106955 0.062793 0.0403084 0.0271293 0.0179455 0.0140853 0.0146386 0.0160724 0.0154905 0.0123193 0.00792668 0.00407176
 3.49951e-11 1.646e-09 5.36092e-08 1.20902e-06 1.88806e-05 0.000204168 0.00152882 0.00792776 0.0284771 0.0709392 0.123098 0.151371 0.140169 0.114848 0.100747 0.0897939 0.0679445 0.0413433 0.0219103 0.0120333 0.00826546 0.00702612 0.00591868 0.00415952 0.00227377
 3.66426e-11 1.72349e-09 5.61331e-08 1.26594e-06 1.97695e-05 0.000213779 0.00160077 0.00830059 0.0298119 0.0742204 0.128493 0.156608 0.140622 0.106594 0.0852285 0.0754489 0.0641085 0.0493144 0.0344097 0.021155 0.0113519 0.00586589 0.00338567 0.00209506 0.00115148
 3.56794e-11 1.67819e-09 5.46576e-08 1.23266e-06 1.92498e-05 0.00020816 0.0015587 0.00808251 0.0290299 0.0722856 0.125226 0.153012 0.138618 0.107537 0.0884906 0.0784449 0.0645215 0.0477653 0.0338404 0.0231221 0.0143742 0.00778416 0.00371246 0.00165441 0.000711057
 3.44465e-11 1.6202e-09 5.27689e-08 1.19007e-06 1.85847e-05 0.000200967 0.00150484 0.00780329 0.0280278 0.0697981 0.120969 0.14806 0.134937 0.106407 0.0897716 0.0812226 0.0678889 0.0509473 0.0362188 0.0246808 0.0156152 0.00889886 0.00443957 0.00189613 0.00069195
 3.40081e-11 1.59958e-09 5.20973e-08 1.17492e-06 1.83481e-05 0.000198409 0.00148569 0.00770398 0.0276712 0.0689109 0.119438 0.146214 0.133349 0.105371 0.0892361 0.0811738 0.0684746 0.0521993 0.0378536 0.026256 0.0168369 0.00973029 0.00495164 0.00215202 0.000775615
 3.51035e-11 1.6511e-09 5.37753e-08 1.21277e-06 1.89391e-05 0.0002048 0.00153354 0.00795203 0.0285611 0.071117 0.123193 0.150488 0.13621 0.105471 0.0867746 0.0775233 0.06504 0.0496417 0.0362456 0.0254672 0.0166228 0.00979487 0.00507781 0.00224372 0.000817938
 3.67056e-11 1.72646e-09 5.62296e-08 1.26812e-06 1.98035e-05 0.000214147 0.00160352 0.00831487 0.0298634 0.0743505 0.128731 0.156955 0.1411 0.107196 0.0855548 0.0744734 0.0610762 0.0453418 0.032225 0.0223206 0.0145758 0.00868263 0.00457633 0.00205939 0.000763505
 3.8546e-11 1.81302e-09 5.90489e-08 1.3317e-06 2.07964e-05 0.000224884 0.00168392 0.00873166 0.0313591 0.0780629 0.135079 0.164321 0.146514 0.108739 0.0835659 0.0706182 0.0568126 0.0412711 0.0285027 0.0191398 0.0121636 0.00712084 0.00373744 0.00169349 0.000636034
 3.79613e-11 1.78552e-09 5.81531e-08 1.3115e-06 2.04809e-05 0.000221472 0.00165838 0.00859929 0.0308847 0.076891 0.133115 0.162228 0.1456 0.11005 0.0869075 0.0744292 0.0593297 0.0418944 0.0278124 0.0179614 0.0110162 0.00623999 0.00318806 0.0014208 0.000530735
 3.63974e-11 1.71196e-09 5.57575e-08 1.25747e-06 1.96372e-05 0.000212349 0.00159007 0.00824515 0.0296139 0.0737389 0.127737 0.156048 0.14126 0.109343 0.0895983 0.0789241 0.0640549 0.0459728 0.0308129 0.0197187 0.0117453 0.00638956 0.00313374 0.00134927 0.000491484
 3.79499e-11 1.78498e-09 5.81358e-08 1.31111e-06 2.04748e-05 0.000221406 0.00165788 0.00859669 0.0308749 0.0768624 0.133036 0.161996 0.144959 0.108706 0.0850038 0.0728937 0.0592463 0.0433857 0.0299144 0.0196107 0.0118205 0.00639892 0.0030685 0.00127701 0.000448675
 3.79774e-11 1.78628e-09 5.81779e-08 1.31206e-06 2.04897e-05 0.000221567 0.00165908 0.00860294 0.0308976 0.0769219 0.133158 0.162237 0.145464 0.109658 0.0862985 0.0738891 0.0592083 0.042289 0.0284983 0.0185975 0.0113654 0.00627186 0.00304197 0.00126188 0.000435779
 3.61953e-11 1.70246e-09 5.54479e-08 1.25049e-06 1.95282e-05 0.00021117 0.00158124 0.00819938 0.0294497 0.0733321 0.127045 0.155265 0.14075 0.109358 0.0900788 0.0795515 0.0645202 0.0462154 0.0309803 0.0199329 0.0119796 0.0065497 0.0031839 0.00133186 0.000462544
 3.80072e-11 1.78768e-09 5.82235e-08 1.31309e-06 2.05057e-05 0.000221741 0.00166038 0.00860965 0.0309213 0.0769767 0.133225 0.162185 0.144998 0.108467 0.0845203 0.0724012 0.059007 0.0434533 0.0301356 0.0198268 0.0119805 0.00650796 0.00313071 0.00129988 0.000450617
 3.76386e-11 1.77034e-09 5.76589e-08 1.30035e-06 2.03069e-05 0.00021959 0.00164428 0.00852622 0.0306223 0.0762391 0.131994 0.160903 0.14454 0.109535 0.0869019 0.0748115 0.0600604 0.0429354 0.028992 0.018996 0.0116699 0.00647241 0.00315186 0.0013107 0.000452437
 3.4933e-11 1.64308e-09 5.35142e-08 1.20688e-06 1.88471e-05 0.000203806 0.0015261 0.00791353 0.028424 0.0707878 0.122704 0.150275 0.137242 0.108765 0.0921685 0.0829606 0.0679344 0.0490399 0.0331247 0.0214357 0.0129363 0.00710239 0.00346894 0.00145775 0.000508011
 3.60167e-11 1.69405e-09 5.51742e-08 1.24432e-06 1.94318e-05 0.000210128 0.00157343 0.00815886 0.0293036 0.0729622 0.126364 0.154242 0.139222 0.106987 0.0870074 0.0770363 0.0641297 0.0482394 0.0341972 0.0228887 0.0139932 0.00766507 0.00371102 0.00154893 0.000539401
 3.69753e-11 1.73914e-09 5.66427e-08 1.27743e-06 1.9949e-05 0.00021572 0.00161531 0.00837596 0.0300828 0.0748967 0.129677 0.158108 0.142134 0.107966 0.0861093 0.0748052 0.061069 0.0449456 0.0315103 0.0213787 0.0135041 0.00765318 0.00378659 0.00159223 0.000553911
 3.75388e-11 1.76565e-09 5.7506e-08 1.2969e-06 2.0253e-05 0.000219008 0.00163992 0.00850359 0.0305409 0.0760344 0.131626 0.160391 0.143881 0.108641 0.0858104 0.0739297 0.0598987 0.0435637 0.0300024 0.0199831 0.0124976 0.00712298 0.00359458 0.0015486 0.000549294
 3.65325e-11 1.71832e-09 5.59644e-08 1.26214e-06 1.97101e-05 0.000213137 0.00159597 0.00827573 0.0297235 0.0740095 0.12819 0.156527 0.141455 0.108994 0.0887125 0.0778094 0.0631069 0.0454566 0.0308257 0.020181 0.0124027 0.00696261 0.00348775 0.00150806 0.0005417
 3.50614e-11 1.64912e-09 5.37108e-08 1.21131e-06 1.89164e-05 0.000204555 0.0015317 0.00794258 0.0285279 0.0710426 0.123119 0.150656 0.137187 0.107908 0.0905957 0.0813734 0.0671576 0.049305 0.0340065 0.0223779 0.0136414 0.00753803 0.00371305 0.00158529 0.000566274
 3.6051e-11 1.69567e-09 5.52268e-08 1.2455e-06 1.94503e-05 0.000210328 0.00157493 0.00816663 0.0293314 0.0730307 0.126477 0.154357 0.139249 0.106842 0.0866736 0.0765836 0.063675 0.0479211 0.0341478 0.0231312 0.0143866 0.0080234 0.00394353 0.00166669 0.000588051
 3.64905e-11 1.71634e-09 5.59e-08 1.26069e-06 1.96874e-05 0.000212892 0.00159413 0.00826618 0.0296888 0.0739197 0.12801 0.156195 0.140797 0.107758 0.0869333 0.0761062 0.062309 0.0459004 0.0322018 0.0218933 0.0139086 0.00796805 0.00400165 0.00171034 0.000604277
#obs catch len freq
 2.27376e-11 1.06947e-09 3.48318e-08 7.85546e-07 1.22674e-05 0.000132656 0.000993345 0.00515132 0.0185079 0.0461432 0.0803334 0.100029 0.0966643 0.0878487 0.0885068 0.0901541 0.0826215 0.0703397 0.0597149 0.0508767 0.0423037 0.0333341 0.0239073 0.0148413 0.0075826
 2.47325e-11 1.1633e-09 3.78879e-08 8.54467e-07 1.33437e-05 0.000144294 0.00108048 0.00560298 0.0201273 0.0501483 0.0870849 0.107401 0.100547 0.0851578 0.0800831 0.0808542 0.0775634 0.0705462 0.0622281 0.052581 0.0423327 0.0324009 0.0228573 0.0140804 0.00716368
 4.95477e-12 2.33049e-10 7.59024e-09 1.7118e-07 2.67327e-06 2.89097e-05 0.000216535 0.00112406 0.00405485 0.0102702 0.0189775 0.0287833 0.0441102 0.072323 0.106512 0.12541 0.121029 0.106605 0.0933982 0.0810274 0.0669525 0.051312 0.0355744 0.0214956 0.0107931
 1.35309e-14 6.36447e-13 2.07308e-11 4.67729e-10 7.31643e-09 7.96394e-08 6.11879e-07 3.49306e-06 1.71181e-05 8.7912e-05 0.000464305 0.00207063 0.00698812 0.0178083 0.0364389 0.0646927 0.101806 0.13639 0.15142 0.142931 0.120784 0.0937059 0.0654205 0.0393964 0.0195731
 5.25734e-11 2.4728e-09 8.05374e-08 1.81632e-06 2.83644e-05 0.00030672 0.00229665 0.0119079 0.0427525 0.106285 0.182967 0.218102 0.180038 0.102983 0.0411208 0.012504 0.00564587 0.00765326 0.0123932 0.016615 0.0179675 0.0159145 0.0117366 0.00719517 0.0035845
 3.18803e-11 1.4995e-09 4.88377e-08 1.10141e-06 1.72002e-05 0.000185997 0.00139277 0.00722263 0.0259494 0.0646926 0.112602 0.140073 0.134796 0.12058 0.116169 0.106386 0.0765837 0.040216 0.0164544 0.00802801 0.00730727 0.00770956 0.00670866 0.00454676 0.00237842
 4.00354e-11 1.88307e-09 6.13305e-08 1.38316e-06 2.16e-05 0.000233573 0.00174897 0.00906882 0.0325677 0.0810474 0.140081 0.169644 0.148843 0.105565 0.0759629 0.0636377 0.0554294 0.0450897 0.0322991 0.0191007 0.00933581 0.0045521 0.00281523 0.00189211 0.00106273
 3.67452e-11 1.72832e-09 5.62902e-08 1.26949e-06 1.98249e-05 0.000214378 0.00160526 0.00832393 0.029897 0.0744438 0.128959 0.157543 0.14261 0.110301 0.0899786 0.0782438 0.0619778 0.0433065 0.0291684 0.0196537 0.0122554 0.00654998 0.00302958 0.00133226 0.000585807
 3.90786e-11 1.83807e-09 5.98648e-08 1.3501e-06 2.10838e-05 0.000227991 0.00170718 0.00885226 0.0317918 0.0791344 0.136897 0.166361 0.147785 0.108556 0.08217 0.0690761 0.0561277 0.0414427 0.0286995 0.0187687 0.0113465 0.00624262 0.00304725 0.00128119 0.000462194
 3.48139e-11 1.63748e-09 5.33316e-08 1.20276e-06 1.87829e-05 0.000203111 0.0015209 0.00788657 0.0283276 0.0705505 0.122314 0.149895 0.137204 0.109342 0.0932357 0.0838834 0.068065 0.0484192 0.0324136 0.021119 0.0129415 0.00717213 0.00350205 0.00146882 0.000515646
 3.61619e-11 1.70088e-09 5.53966e-08 1.24933e-06 1.95101e-05 0.000210975 0.00157977 0.00819172 0.0294214 0.0732516 0.126841 0.154711 0.139286 0.106311 0.0857014 0.0757801 0.0636582 0.048633 0.0349065 0.0234215 0.0142793 0.00782489 0.00380957 0.00160057 0.000560197
 3.57012e-11 1.67921e-09 5.46908e-08 1.23342e-06 1.92616e-05 0.000208287 0.00155965 0.00808742 0.0290475 0.0723285 0.125294 0.153069 0.138583 0.107335 0.0881358 0.0780716 0.0642473 0.0475513 0.0336311 0.0230934 0.0147545 0.00842309 0.00418169 0.00176261 0.000615365
 3.79561e-11 1.78527e-09 5.81451e-08 1.31132e-06 2.04781e-05 0.000221442 0.00165815 0.00859804 0.0308795 0.0768701 0.133025 0.161871 0.144491 0.107614 0.0833109 0.0711634 0.0582142 0.0433574 0.0307092 0.0208961 0.0132583 0.00764605 0.00389825 0.00169255 0.000603546
 3.93087e-11 1.84889e-09 6.02172e-08 1.35805e-06 2.12079e-05 0.000229333 0.00171723 0.00890439 0.0319792 0.0796026 0.137719 0.167417 0.148898 0.109685 0.0831744 0.0693569 0.0550508 0.0392893 0.0266371 0.0176524 0.0110881 0.00637377 0.00325612 0.00142839 0.000518481
 3.80124e-11 1.78792e-09 5.82314e-08 1.31327e-06 2.05085e-05 0.000221771 0.00166061 0.00861088 0.0309265 0.0769953 0.133299 0.16247 0.145871 0.110367 0.0872845 0.0747916 0.0595409 0.0418581 0.0275229 0.0175056 0.0105358 0.00585021 0.00292835 0.00127552 0.000464079
 3.64612e-11 1.71496e-09 5.58551e-08 1.25967e-06 1.96716e-05 0.000212721 0.00159285 0.00825957 0.0296657 0.0738665 0.12795 0.15627 0.141341 0.109162 0.089199 0.0785375 0.0639315 0.0461484 0.031097 0.0199042 0.0117678 0.00630817 0.00303332 0.00127757 0.000454896
 3.96577e-11 1.86531e-09 6.07518e-08 1.37011e-06 2.13962e-05 0.000231369 0.00173248 0.0089834 0.0322624 0.080302 0.138891 0.168662 0.149433 0.108903 0.0812795 0.0674628 0.0543407 0.0399215 0.0277344 0.0183139 0.0110882 0.00600029 0.00285723 0.001173 0.000404676
 3.70951e-11 1.74477e-09 5.68261e-08 1.28157e-06 2.00136e-05 0.000216419 0.00162054 0.00840315 0.0301813 0.0751486 0.13016 0.15892 0.143567 0.110471 0.0895553 0.0778387 0.0619844 0.0433158 0.0284262 0.018247 0.0111145 0.00615224 0.00299195 0.00123937 0.000425144
 3.56928e-11 1.67882e-09 5.4678e-08 1.23313e-06 1.92571e-05 0.000208238 0.00155928 0.00808555 0.0290411 0.0723148 0.125287 0.153139 0.138901 0.108131 0.0895032 0.0798046 0.0658857 0.0484729 0.0332822 0.0215346 0.0127887 0.00687752 0.00330739 0.00137805 0.000477946
 3.89317e-11 1.83116e-09 5.96397e-08 1.34503e-06 2.10045e-05 0.000227134 0.00170076 0.00881897 0.0316723 0.0788364 0.136379 0.165721 0.147181 0.108034 0.0816737 0.0686177 0.0558787 0.0416726 0.0295355 0.0199238 0.012301 0.00675908 0.00324863 0.00133753 0.00045948
 3.49216e-11 1.64254e-09 5.34965e-08 1.20648e-06 1.8841e-05 0.000203739 0.0015256 0.00791095 0.0284151 0.0707677 0.122685 0.150328 0.137526 0.109438 0.0931017 0.0835633 0.0675959 0.0478776 0.031967 0.0209367 0.0130316 0.00737464 0.00365907 0.00153929 0.000533014
 3.61102e-11 1.69845e-09 5.53174e-08 1.24755e-06 1.94822e-05 0.000210673 0.00157751 0.00818001 0.0293795 0.0731485 0.12667 0.154542 0.139259 0.106545 0.0861694 0.0762652 0.0639052 0.0485586 0.0346253 0.023112 0.0140696 0.0077471 0.00381514 0.00162521 0.000574281
 3.66508e-11 1.72388e-09 5.61455e-08 1.26622e-06 1.97739e-05 0.000213827 0.00160113 0.00830246 0.0298191 0.0742417 0.128554 0.156796 0.141136 0.107595 0.0863056 0.0753207 0.0617194 0.0456776 0.0322935 0.0221103 0.0140596 0.00799472 0.00396718 0.00167942 0.000591025
 3.85483e-11 1.81313e-09 5.90524e-08 1.33178e-06 2.07977e-05 0.000224897 0.00168402 0.00873218 0.031361 0.0780665 0.13508 0.164299 0.146419 0.108519 0.0832544 0.0703911 0.0568686 0.0416215 0.0289499 0.0194684 0.012283 0.00705856 0.00358729 0.00155441 0.000554525
 3.72176e-11 1.75054e-09 5.70138e-08 1.28581e-06 2.00797e-05 0.000217134 0.00162589 0.00843087 0.0302804 0.0753918 0.130555 0.159282 0.143512 0.10965 0.0880561 0.0763407 0.061265 0.0435444 0.0291503 0.0189866 0.0117129 0.00663187 0.00335366 0.00146252 0.000529176
 3.62674e-11 1.70584e-09 5.55582e-08 1.25298e-06 1.9567e-05 0.00021159 0.00158438 0.00821566 0.029508 0.0734731 0.127264 0.155416 0.140515 0.10843 0.0885555 0.0781399 0.0640364 0.0468022 0.0320602 0.020884 0.0125915 0.00690703 0.00340011 0.00145901 0.000525112
 3.59399e-11 1.69044e-09 5.50564e-08 1.24166e-06 1.93903e-05 0.000209679 0.00157007 0.00814148 0.0292415 0.07281 0.126118 0.154025 0.139292 0.107571 0.0880184 0.0779475 0.0643614 0.0477397 0.0334491 0.0223502 0.0137509 0.00758973 0.0036952 0.00155197 0.000546702
 3.80094e-11 1.78778e-09 5.82267e-08 1.31316e-06 2.05069e-05 0.000221753 0.00166047 0.00861011 0.0309229 0.0769782 0.133213 0.162105 0.144715 0.107809 0.083481 0.0712768 0.0582265 0.0432862 0.0306094 0.0207597 0.0130317 0.00735251 0.00364093 0.00153847 0.00053892
#spawning biomass
 65141.6 65346.5 52066.7 35279.3 36248.4 66775.3 99641.9 143722 193619 215571 221451 197599 222989 246659 262416 236347 251640 257046 249203 283072 291298 250686 241974 284670 301497 291049 293397 300199 269219 374285 262305 164013 100363 64013.5 44708.8 34908.7 30076.6 27739.8 26624.3 26096.5 25848.3 25732.1 25677.8 25652.5 25640.8 25635.3 25632.8 25631.6 25631.1 25630.8 25630.7 25630.7 25630.6 25630.6 25630.6 25630.6 25630.6 25630.6 25630.6 25630.6 25630.6 25630.6 25630.6 25630.6 25630.6 25630.6 25630.6 25630.6 25630.6 25630.6 25630.6 25630.6 25630.6 25630.6 25630.6 25630.6 25630.6 25630.6 25630.6 25630.6 25630.6 25630.6 25630.6 25630.6 25630.6 25630.6 25630.6 25630.6 25630.6 25630.6 25630.6 25630.6 25630.6 25630.6 25630.6 25630.6 25630.6 25630.6 25630.6 25630.6 25630.6 25630.6 25630.6 25630.6 25630.6 25630.6 25630.6 25630.6 25630.6 25630.6 25630.6 25630.6 25630.6 25630.6 25630.6 25630.6 25630.6 25630.6 25630.6 25630.6 25630.6 25630.6 25630.6 25630.6 25630.6 25630.6 25630.6 25630.6 0 0 0 0 0 0 0 0 0 0 0 0 0 0 0 0 0 0 0 0 0 0 0 0 0
