SBPRF35
0.337243
Curr Bio
134708
B35
299201
F35
0.488807
FOFL
0.147722
OFL
6270.54
Bzero
96355.1
#pred survey bio
 11843 13834.2 14257.7 21447.2 24029.7 24736 28696.6 40076.2 59054.5 73667.4 105919 127073 153358 174218 165043 143299 146370 140192 129294 123289 139316 150591 170211 188032 217297 201739 198302 153092 4.1783e+06 3.40345e+06 3.0127e+06 2.27101e+06 1.69759e+06 1.33229e+06 1.11778e+06 996260 927870 888794 865786 851717 842778 836903 832904 830085 828163 826836 825912 825266 824811 824491 824266 824106 823994 823914 823858 823818 823790 823770 823755 823745 823738 823733 823730 823727 823726 823724 823723 823723 823722 823722 823722 823722 823721 823721 823721 823721 823721 823721 823721 823721 823721 823721 823721 823721 823721 823721 823721 823721 823721 823721 823721 823721 823721 823721 823721 823721 823721 823721 823721 823721 823721 823721 823721 823721 823721 823721 823721 823721 823721 823721 823721 823721 823721 823721 823721 823721 823721 823721 823721 823721 823721 823721 823721 823721 823721 823721 823721 823721 0 0 0 0 0 0 0 0 0 0 0 0 0 0 0 0 0 0 0 0 0 0 0 0 0
#obs survey bio
 8828.53 11447.7 19618.8 28657.1 26612 17992.6 30072.8 27853.1 50435.9 58772.7 84162.5 109581 123837 182498 114411 135430 122202 146300 78610.2 72257.3 167768 112050 122102 157409 237746 198946 153290 107952
#pred catch bio
 4505.32 7548.25 5576.34 10084.3 12887.3 13642.8 14717 17732.5 32108.9 34699.3 58428.2 71267.7 87682.4 103016 102477 82976.7 88576 87199.6 81742.3 72104.3 84827.6 90366.8 105722 111046 145326 126878 136959 114415 6270.54 42016.3 42123.2 30282 21021 15418.2 12359.8 10791.4 10020.5 9652.99 9481.61 9403.01 9367.4 9351.43 9344.3 9341.12 9339.74 9339.14 9338.88 9338.76 9338.72 9338.69 9338.68 9338.68 9338.68 9338.68 9338.68 9338.68 9338.68 9338.68 9338.68 9338.68 9338.68 9338.68 9338.68 9338.68 9338.68 9338.68 9338.68 9338.68 9338.68 9338.68 9338.68 9338.68 9338.68 9338.68 9338.68 9338.68 9338.68 9338.68 9338.68 9338.68 9338.68 9338.68 9338.68 9338.68 9338.68 9338.68 9338.68 9338.68 9338.68 9338.68 9338.68 9338.68 9338.68 9338.68 9338.68 9338.68 9338.68 9338.68 9338.68 9338.68 9338.68 9338.68 9338.68 9338.68 9338.68 9338.68 9338.68 9338.68 9338.68 9338.68 9338.68 9338.68 9338.68 9338.68 9338.68 9338.68 9338.68 9338.68 9338.68 9338.68 9338.68 9338.68 9338.68 9338.68 9338.68 9338.68 9338.68 9338.68 0 0 0 0 0 0 0 0 0 0 0 0 0 0 0 0 0 0 0 0 0 0 0 0 0
#obs catch bio
 6864.13 8445.56 5452.61 8616.82 11947.4 14075.8 14483.9 16130.1 30099.3 31231.2 57012.9 67936 81870.8 98097.2 105262 85126.8 86643.2 75174.5 76461.9 70280.7 75438.4 82232.2 101441 98632.1 129813 110837 128080 109668
#pred cpue bio
 7176.29 8666.13 7677.29 11492.4 14038.4 13673.9 14487.4 19346.8 30380.9 36281.1 53253.7 63436.8 75229.5 87243.2 89099 76518.3 76493.3 73037.1 66778.3 61311 68384.3 73027.5 81684 88392.7 104897 95927 98376.3 77099.5 1.8293e+06 2.58463e+06 2.77037e+06 2.09797e+06 1.52918e+06 1.16414e+06 949647 828128 759738 720663 697655 683586 674647 668772 664773 661954 660032 658705 657781 657134 656680 656360 656134 655975 655862 655783 655726 655686 655658 655638 655624 655614 655607 655602 655599 655596 655594 655593 655592 655591 655591 655591 655591 655590 655590 655590 655590 655590 655590 655590 655590 655590 655590 655590 655590 655590 655590 655590 655590 655590 655590 655590 655590 655590 655590 655590 655590 655590 655590 655590 655590 655590 655590 655590 655590 655590 655590 655590 655590 655590 655590 655590 655590 655590 655590 655590 655590 655590 655590 655590 655590 655590 655590 655590 655590 655590 655590 655590 655590 655590 0 0 0 0 0 0 0 0 0 0 0 0 0 0 0 0 0 0 0 0 0 0 0 0 0
#obs cpue bio
 10938.9 6084.44 9160.56 18801.3 16046.8 11606.3 19555 37582.5 50412.4 65512.3 63796.1 98022.4 120743 96588.1 96233.6 77235.4 113072 156952 115136 102666 121973 121186 130737 179472 162724 153962 157994 138928
#pred surv len freq
 1.60015e-11 1.73681e-09 1.11156e-07 4.19467e-06 9.33365e-05 0.00122461 0.00947475 0.0432408 0.116597 0.18729 0.186498 0.135025 0.0986161 0.0770109 0.0520856 0.0317099 0.0197403 0.0125918 0.00829973 0.0057938 0.00436047 0.00358563 0.00306065 0.00233853 0.00135814
 1.26274e-11 1.37059e-09 8.77175e-08 3.31019e-06 7.3656e-05 0.000966417 0.00747783 0.0341446 0.0923066 0.150188 0.158598 0.138831 0.132054 0.116122 0.0777085 0.0430436 0.0228313 0.0116183 0.00579716 0.00309329 0.00184807 0.00125921 0.000949599 0.00068824 0.000397258
 1.64698e-11 1.78764e-09 1.14409e-07 4.31744e-06 9.60683e-05 0.00126046 0.00975205 0.0445063 0.120007 0.192753 0.19187 0.138758 0.101282 0.079513 0.0544657 0.0328954 0.0182832 0.0086386 0.00347658 0.00133204 0.000543407 0.000260575 0.000152772 9.70229e-05 5.32537e-05
 1.58819e-11 1.72383e-09 1.10325e-07 4.16332e-06 9.26391e-05 0.00121547 0.00940417 0.042923 0.115798 0.186473 0.187885 0.141815 0.110636 0.0882136 0.05681 0.0303972 0.0155929 0.0075887 0.00329358 0.00124185 0.000407844 0.000128512 4.691e-05 2.1614e-05 1.02792e-05
 1.34763e-11 1.46272e-09 9.3614e-08 3.5327e-06 7.86073e-05 0.00103138 0.00798034 0.0364359 0.0984572 0.159843 0.167146 0.142152 0.130587 0.11249 0.0734463 0.0386234 0.0187413 0.00821688 0.00315324 0.00111351 0.000361639 0.000103049 2.63626e-05 7.12664e-06 2.30739e-06
 1.54858e-11 1.68083e-09 1.07573e-07 4.05948e-06 9.03285e-05 0.00118515 0.00916965 0.0418533 0.112923 0.181928 0.183712 0.139796 0.110841 0.0904689 0.0611477 0.0353348 0.0187092 0.00839417 0.00308327 0.000983096 0.000282481 7.31726e-05 1.68172e-05 3.41215e-06 6.66549e-07
 1.65274e-11 1.79389e-09 1.14809e-07 4.33252e-06 9.6404e-05 0.00126486 0.00978626 0.044665 0.120472 0.19379 0.194264 0.143986 0.108849 0.0845029 0.0524251 0.0259623 0.011926 0.00515274 0.00196582 0.000650648 0.000182843 4.33171e-05 8.80266e-06 1.54352e-06 2.32987e-07
 1.71569e-11 1.86222e-09 1.19182e-07 4.49755e-06 0.000100076 0.00131304 0.0101589 0.0463632 0.125016 0.200813 0.199951 0.144623 0.104801 0.0791796 0.0483557 0.0233099 0.0101393 0.00399272 0.00134013 0.000398622 0.000108491 2.58705e-05 5.12912e-06 8.25913e-07 1.08003e-07
 1.60477e-11 1.74182e-09 1.11476e-07 4.20676e-06 9.36058e-05 0.00122815 0.00950233 0.0433715 0.117015 0.18849 0.190182 0.144207 0.113094 0.0896403 0.0559624 0.0276511 0.0123652 0.00494029 0.00164283 0.000464326 0.000114767 2.47698e-05 4.63659e-06 7.27671e-07 9.11155e-08
 1.67837e-11 1.82171e-09 1.16589e-07 4.39971e-06 9.78991e-05 0.00128448 0.00993799 0.0453567 0.122326 0.196681 0.196729 0.144662 0.10787 0.0829027 0.0508849 0.0245659 0.0106771 0.00417141 0.00136065 0.000376185 9.00835e-05 1.83495e-05 3.141e-06 4.48901e-07 5.25164e-08
 1.65003e-11 1.79095e-09 1.14621e-07 4.32543e-06 9.62463e-05 0.00126279 0.00977026 0.0445922 0.120279 0.193506 0.194106 0.144205 0.10945 0.0852096 0.0529568 0.0261496 0.0116823 0.00464841 0.00153116 0.000424999 0.000101308 2.03084e-05 3.36454e-06 4.53923e-07 4.89764e-08
 1.63404e-11 1.7736e-09 1.1351e-07 4.28351e-06 9.53135e-05 0.00125056 0.00967565 0.0441619 0.119138 0.191833 0.193191 0.145503 0.112722 0.0881172 0.0535285 0.0249085 0.0103003 0.00388877 0.00124451 0.000338815 7.97887e-05 1.58693e-05 2.60173e-06 3.44075e-07 3.58114e-08
 1.66631e-11 1.80862e-09 1.15751e-07 4.36809e-06 9.71955e-05 0.00127525 0.00986662 0.045032 0.121464 0.195404 0.19597 0.145453 0.110061 0.0849537 0.0514929 0.0239818 0.00986457 0.00362961 0.00109816 0.000276856 6.10398e-05 1.16641e-05 1.87106e-06 2.4411e-07 2.50574e-08
 1.61035e-11 1.74788e-09 1.11864e-07 4.22141e-06 9.39318e-05 0.00123243 0.00953546 0.0435236 0.117437 0.189264 0.191399 0.146227 0.115747 0.0912359 0.0549329 0.0248028 0.00975145 0.00347089 0.0010276 0.000251499 5.26474e-05 9.36129e-06 1.3958e-06 1.72504e-07 1.7145e-08
 1.44731e-11 1.57092e-09 1.00538e-07 3.79401e-06 8.44216e-05 0.00110766 0.00857045 0.0391269 0.105683 0.171205 0.177299 0.146327 0.129032 0.107383 0.0659145 0.0302613 0.0120973 0.00430365 0.00124103 0.000289983 5.78186e-05 9.8315e-06 1.3901e-06 1.60591e-07 1.48732e-08
 1.51358e-11 1.64285e-09 1.05142e-07 3.96774e-06 8.82873e-05 0.00115838 0.00896266 0.0409128 0.110444 0.178411 0.182388 0.144519 0.120941 0.0990483 0.0622333 0.0305608 0.0133528 0.00504147 0.00149624 0.000354048 7.00813e-05 1.15459e-05 1.55678e-06 1.70628e-07 1.49288e-08
 1.56919e-11 1.7032e-09 1.09005e-07 4.1135e-06 9.15306e-05 0.00120093 0.00929175 0.0424121 0.11445 0.184552 0.187118 0.144265 0.116055 0.093236 0.0584182 0.0288662 0.0128454 0.00504778 0.00161375 0.000422141 9.10733e-05 1.5735e-05 2.14736e-06 2.31365e-07 1.94776e-08
 1.5395e-11 1.67098e-09 1.06943e-07 4.03568e-06 8.9799e-05 0.00117821 0.00911609 0.0416127 0.112325 0.181385 0.185125 0.145864 0.120886 0.0977851 0.0597656 0.0276471 0.0112859 0.00418758 0.00130625 0.000342759 7.69819e-05 1.43286e-05 2.12512e-06 2.43598e-07 2.10795e-08
 1.55544e-11 1.68828e-09 1.08049e-07 4.07745e-06 9.07285e-05 0.0011904 0.0092104 0.0420424 0.113474 0.183153 0.186518 0.145899 0.119672 0.0963186 0.0588053 0.0271673 0.0109893 0.0039569 0.00115902 0.000278518 5.81526e-05 1.05295e-05 1.59282e-06 1.93061e-07 1.79323e-08
 1.62306e-11 1.76167e-09 1.12747e-07 4.25471e-06 9.46727e-05 0.00124215 0.00961064 0.0438661 0.118353 0.190671 0.1925 0.146226 0.114727 0.0900098 0.054126 0.0244147 0.00955773 0.00335609 0.00096421 0.000224701 4.43517e-05 7.41623e-06 1.03711e-06 1.20136e-07 1.117e-08
 1.655e-11 1.79634e-09 1.14966e-07 4.33845e-06 9.6536e-05 0.0012666 0.00979971 0.0447273 0.120652 0.194183 0.195141 0.145872 0.111617 0.0865183 0.0521361 0.0238331 0.009514 0.00338342 0.00097499 0.000226466 4.42671e-05 7.23739e-06 9.67654e-07 1.04786e-07 9.07202e-09
 1.65756e-11 1.79913e-09 1.15144e-07 4.34517e-06 9.66855e-05 0.00126856 0.0098149 0.044797 0.120845 0.194534 0.19568 0.146744 0.112739 0.0871412 0.0515792 0.0225054 0.0083865 0.00283721 0.000800044 0.00018404 3.57153e-05 5.79036e-06 7.64015e-07 8.07833e-08 6.71371e-09
 1.68008e-11 1.82357e-09 1.16708e-07 4.4042e-06 9.7999e-05 0.00128579 0.00994818 0.0454042 0.122467 0.197013 0.197554 0.146528 0.110602 0.0847331 0.0502011 0.0220826 0.00830965 0.00279916 0.000766668 0.000167567 3.08899e-05 4.85081e-06 6.29984e-07 6.58928e-08 5.40152e-09
 1.70293e-11 1.84836e-09 1.18295e-07 4.46408e-06 9.93314e-05 0.00130327 0.0100834 0.0460205 0.124119 0.199585 0.199732 0.147073 0.109591 0.0830319 0.0484182 0.0205255 0.00728453 0.00234112 0.000625597 0.000134001 2.39426e-05 3.58806e-06 4.41438e-07 4.41149e-08 3.51315e-09
 1.66133e-11 1.80321e-09 1.15405e-07 4.35503e-06 9.69049e-05 0.00127144 0.00983717 0.0448986 0.121118 0.194963 0.196063 0.146902 0.112683 0.0869617 0.0513204 0.0222096 0.00812688 0.00266056 0.000706485 0.000147408 2.54839e-05 3.71052e-06 4.43179e-07 4.25727e-08 3.23113e-09
 1.66406e-11 1.80618e-09 1.15595e-07 4.3622e-06 9.70644e-05 0.00127353 0.00985338 0.044973 0.121325 0.195347 0.196687 0.147967 0.114083 0.0877558 0.0506561 0.0205922 0.00675703 0.00200583 0.000503143 0.000100576 1.66106e-05 2.30709e-06 2.63107e-07 2.42146e-08 1.76744e-09
 1.59781e-11 1.73427e-09 1.10993e-07 4.18854e-06 9.32003e-05 0.00122284 0.00946128 0.0431863 0.116545 0.187972 0.190777 0.14751 0.118727 0.0938342 0.0553697 0.0235459 0.00832754 0.00261682 0.000658414 0.000125991 1.94391e-05 2.53279e-06 2.74129e-07 2.40429e-08 1.67423e-09
 1.54865e-11 1.68091e-09 1.07578e-07 4.05967e-06 9.03329e-05 0.00118522 0.00917034 0.0418612 0.113009 0.182596 0.186852 0.148438 0.124096 0.0995826 0.0582425 0.0238772 0.00791848 0.00236036 0.000584154 0.00011248 1.74422e-05 2.22517e-06 2.28237e-07 1.86497e-08 1.21357e-09
#obs surv len freq
 1.15578e-11 1.25449e-09 8.0287e-08 3.02979e-06 6.74169e-05 0.000884563 0.00684472 0.0312586 0.0845589 0.137931 0.146908 0.131128 0.12831 0.120013 0.0922227 0.0608328 0.0347016 0.0161443 0.00597921 0.00174699 0.000391729 6.50924e-05 7.75419e-06 6.41835e-07 3.58875e-08
 8.35547e-12 9.06908e-10 5.8042e-08 2.19033e-06 4.87384e-05 0.000639514 0.0049496 0.0226274 0.0615138 0.102655 0.119541 0.130825 0.151956 0.149252 0.114156 0.0736513 0.0408406 0.0184276 0.00659538 0.00185207 0.000396575 6.24781e-05 7.00579e-06 5.42379e-07 2.82188e-08
 1.84834e-11 2.0062e-09 1.28397e-07 4.84529e-06 0.000107814 0.00141455 0.010944 0.0499373 0.134521 0.214929 0.20824 0.134824 0.078495 0.05641 0.0450331 0.0328862 0.019428 0.00876973 0.00304308 0.000817746 0.000166502 2.48169e-05 2.619e-06 1.89855e-07 9.20608e-09
 8.43739e-12 9.15799e-10 5.86111e-08 2.21181e-06 4.92169e-05 0.000645829 0.0049997 0.0228813 0.062501 0.106349 0.131635 0.157394 0.184305 0.162421 0.0967219 0.0426467 0.0172007 0.00694658 0.00246769 0.000676836 0.000135285 1.92421e-05 1.91075e-06 1.29481e-07 5.84694e-09
 1.4148e-11 1.53564e-09 9.82806e-08 3.70881e-06 8.2526e-05 0.0010828 0.00837819 0.0382493 0.103278 0.16677 0.169196 0.129139 0.104119 0.0958928 0.0828111 0.0580408 0.029459 0.0102861 0.00258687 0.000522748 8.91741e-05 1.19407e-05 1.14105e-06 7.36343e-08 3.12359e-09
 1.19938e-11 1.30182e-09 8.33162e-08 3.14411e-06 6.99614e-05 0.000917989 0.00710465 0.0324696 0.0880903 0.145231 0.159636 0.149126 0.143203 0.120296 0.0777594 0.0422705 0.0211815 0.00902799 0.00287192 0.00063467 9.6167e-05 1.02505e-05 7.92159e-07 4.41807e-08 1.70692e-09
 1.64661e-11 1.78724e-09 1.14383e-07 4.31646e-06 9.60473e-05 0.00126021 0.00975103 0.0445175 0.120195 0.1939 0.195278 0.14335 0.103075 0.0790446 0.0549402 0.0321337 0.0150736 0.00544622 0.00153345 0.000338561 5.55845e-05 6.32357e-06 4.77954e-07 2.37158e-08 7.74964e-10
 1.34629e-11 1.46127e-09 9.35211e-08 3.52921e-06 7.85308e-05 0.00103044 0.00797506 0.0364476 0.0988519 0.162529 0.17589 0.156007 0.138657 0.108742 0.0648284 0.0306536 0.0125162 0.00432849 0.00117983 0.000241573 3.62047e-05 3.88366e-06 2.89189e-07 1.44091e-08 4.6529e-10
 1.42281e-11 1.54433e-09 9.8837e-08 3.72982e-06 8.29944e-05 0.00108899 0.00842781 0.0385063 0.104297 0.170429 0.179925 0.149694 0.125198 0.100162 0.0662244 0.0353004 0.0147592 0.00461114 0.00107134 0.000189717 2.55215e-05 2.505e-06 1.71503e-07 7.92348e-09 2.4108e-10
 1.42133e-11 1.54272e-09 9.87339e-08 3.72593e-06 8.29083e-05 0.00108788 0.00841979 0.0384794 0.104321 0.171011 0.182206 0.153886 0.128515 0.0993649 0.0621944 0.0316851 0.0132231 0.00428844 0.00102892 0.000177892 2.18095e-05 1.87714e-06 1.12409e-07 4.60916e-09 1.26397e-10
 1.28663e-11 1.39651e-09 8.93769e-08 3.37284e-06 7.50522e-05 0.000984846 0.00762371 0.0348664 0.0947913 0.15703 0.173137 0.157332 0.140617 0.111075 0.0691149 0.0343235 0.0136772 0.00419972 0.000964104 0.000162681 1.9645e-05 1.64219e-06 9.24993e-08 3.44955e-09 8.41876e-11
 1.41441e-11 1.53521e-09 9.82533e-08 3.7078e-06 8.25056e-05 0.00108263 0.00837993 0.0383093 0.103958 0.170829 0.182726 0.154171 0.127399 0.0987039 0.063321 0.0327415 0.0132472 0.00400296 0.000883713 0.000141447 1.6149e-05 1.28216e-06 6.89622e-08 2.4545e-09 5.66686e-11
 1.35825e-11 1.47425e-09 9.43523e-08 3.5606e-06 7.92311e-05 0.00103971 0.00804913 0.0368207 0.100153 0.165915 0.1818 0.160469 0.136102 0.102495 0.0615339 0.0296733 0.0115241 0.00344679 0.00076033 0.000120161 1.32666e-05 1.00057e-06 5.05984e-08 1.68735e-09 3.65198e-11
 1.13659e-11 1.23366e-09 7.89546e-08 2.97956e-06 6.63036e-05 0.000870168 0.0067394 0.0308776 0.0844714 0.142783 0.166074 0.164055 0.153719 0.12144 0.0746287 0.0360176 0.0135232 0.00381037 0.000788664 0.000118344 1.257e-05 9.15809e-07 4.4496e-08 1.41133e-09 2.8765e-11
 9.21854e-12 1.00059e-09 6.4038e-08 2.41667e-06 5.37799e-05 0.000705912 0.0054702 0.0251114 0.0691703 0.119611 0.147903 0.161459 0.164993 0.139779 0.0927208 0.0478848 0.0186363 0.00526701 0.00106381 0.000152199 1.51864e-05 1.03526e-06 4.72171e-08 1.41253e-09 2.72187e-11
 1.21701e-11 1.32095e-09 8.45412e-08 3.19039e-06 7.09951e-05 0.000931728 0.00721548 0.0330406 0.0901417 0.150558 0.168047 0.152945 0.13629 0.113467 0.0791929 0.0435808 0.0179266 0.00530567 0.00110655 0.000159759 1.56626e-05 1.0247e-06 4.40931e-08 1.23193e-09 2.20752e-11
 1.17339e-11 1.2736e-09 8.15112e-08 3.07607e-06 6.84541e-05 0.000898503 0.00696148 0.031929 0.0875792 0.148755 0.173215 0.167086 0.148844 0.112859 0.0687995 0.0342138 0.0136389 0.00411354 0.00088916 0.000132436 1.32116e-05 8.64666e-07 3.6557e-08 9.86338e-10 1.68143e-11
 1.24459e-11 1.35088e-09 8.64572e-08 3.26273e-06 7.26082e-05 0.000953028 0.00738366 0.0338567 0.0927439 0.156627 0.178921 0.166137 0.143386 0.108138 0.0655811 0.0311353 0.0112948 0.00306008 0.000609238 8.68323e-05 8.52509e-06 5.55435e-07 2.33563e-08 6.22157e-10 1.03675e-11
 1.16826e-11 1.26804e-09 8.11557e-08 3.06271e-06 6.81602e-05 0.000894784 0.00693586 0.0318538 0.0876869 0.150201 0.177364 0.172416 0.151711 0.112122 0.0653628 0.0297823 0.0103723 0.00266456 0.000491763 6.39337e-05 5.73306e-06 3.46248e-07 1.37443e-08 3.50588e-10 5.63956e-12
 1.20958e-11 1.3129e-09 8.40264e-08 3.17106e-06 7.05724e-05 0.000926477 0.00718187 0.0329836 0.0907485 0.154943 0.180774 0.171419 0.147624 0.108739 0.0635765 0.0286062 0.00960723 0.00233908 0.000405035 4.89974e-05 4.05088e-06 2.23781e-07 8.09873e-09 1.88839e-10 2.79632e-12
 1.28326e-11 1.39286e-09 8.91447e-08 3.36424e-06 7.48727e-05 0.000982965 0.00762023 0.034998 0.0962482 0.163825 0.188696 0.173199 0.142436 0.10041 0.0565229 0.0246502 0.00806583 0.00190939 0.00031803 3.64633e-05 2.81951e-06 1.44263e-07 4.80262e-09 1.02506e-10 1.385e-12
 1.21213e-11 1.31567e-09 8.42046e-08 3.17789e-06 7.07306e-05 0.000928796 0.00720511 0.0331562 0.0916918 0.158366 0.188157 0.179676 0.15 0.10341 0.0555455 0.0228663 0.00705921 0.00158294 0.000250627 2.73265e-05 2.00242e-06 9.64651e-08 3.00048e-09 5.94059e-11 7.40196e-13
 1.27813e-11 1.3873e-09 8.87894e-08 3.35093e-06 7.45827e-05 0.000979383 0.00759711 0.0349467 0.0964688 0.165477 0.192719 0.177554 0.143772 0.0982834 0.052782 0.0214142 0.00636109 0.00134663 0.000199341 2.02717e-05 1.38708e-06 6.24924e-08 1.81836e-09 3.36336e-11 3.90497e-13
 1.20539e-11 1.30836e-09 8.37383e-08 3.16042e-06 7.03503e-05 0.000924095 0.0071746 0.0330845 0.0919335 0.160283 0.192723 0.184205 0.150565 0.100269 0.0515881 0.0200682 0.00575139 0.00117485 0.000166354 1.5974e-05 1.02056e-06 4.26416e-08 1.14762e-09 1.96298e-11 2.10922e-13
 1.22068e-11 1.32496e-09 8.48013e-08 3.20061e-06 7.12482e-05 0.000935994 0.00726872 0.0335333 0.0932305 0.162474 0.194466 0.183887 0.148878 0.0988959 0.0506188 0.0192649 0.00529702 0.00102569 0.000137115 1.24197e-05 7.47087e-07 2.92693e-08 7.34577e-10 1.16553e-11 1.15701e-13
 1.08386e-11 1.17645e-09 7.52989e-08 2.84219e-06 6.32837e-05 0.000831871 0.00647086 0.0299857 0.0843348 0.151039 0.190331 0.191305 0.160135 0.106127 0.0532254 0.0197451 0.00527822 0.000987691 0.000126323 1.08302e-05 6.11601e-07 2.23869e-08 5.23631e-10 7.7305e-12 7.12835e-14
 1.08712e-11 1.18001e-09 7.55272e-08 2.85089e-06 6.34813e-05 0.000834576 0.00649336 0.0300978 0.0846331 0.151216 0.189253 0.188844 0.158945 0.107548 0.0550629 0.0205068 0.00539082 0.00097724 0.000119992 9.81336e-06 5.25448e-07 1.81235e-08 3.9713e-10 5.46624e-12 4.68293e-14
 1.1229e-11 1.21885e-09 7.80145e-08 2.94491e-06 6.55815e-05 0.00086238 0.00671282 0.0311417 0.0876677 0.156615 0.194681 0.190275 0.155105 0.101648 0.050786 0.0186197 0.00483965 0.000864745 0.000103676 8.18246e-06 4.1836e-07 1.36693e-08 2.82112e-10 3.64145e-12 2.91507e-14
#pred catch len freq
 9.66031e-12 1.04853e-09 6.7106e-08 2.53238e-06 5.63489e-05 0.000739345 0.00572122 0.0261328 0.0707731 0.116164 0.127404 0.123543 0.131219 0.123488 0.0906691 0.0595274 0.0392513 0.0257073 0.0171199 0.0119961 0.00903872 0.00743464 0.00634647 0.00484915 0.00281623
 7.41632e-12 8.0497e-10 5.1518e-08 1.94414e-06 4.326e-05 0.000567631 0.00439335 0.0200883 0.0546878 0.0920529 0.111537 0.133616 0.165792 0.160865 0.112499 0.06548 0.0363199 0.0189121 0.00953008 0.00510708 0.00305575 0.00208285 0.00157083 0.0011385 0.000657155
 1.05183e-11 1.14166e-09 7.30658e-08 2.75728e-06 6.13533e-05 0.000805006 0.00622924 0.0284517 0.0770297 0.126248 0.137608 0.13141 0.13785 0.129912 0.0962997 0.0621806 0.0362437 0.0175075 0.00712202 0.00274669 0.00112417 0.000539655 0.000316474 0.000200995 0.000110322
 1.04485e-11 1.13408e-09 7.2581e-08 2.73898e-06 6.09462e-05 0.000799669 0.00618812 0.0282681 0.0765903 0.12599 0.13945 0.13814 0.148621 0.137191 0.0935359 0.052789 0.0284317 0.0141916 0.00622284 0.0023569 0.000775625 0.000244624 8.9327e-05 4.11619e-05 1.95761e-05
 8.28832e-12 8.99618e-10 5.75754e-08 2.17272e-06 4.83464e-05 0.000634365 0.00490962 0.0224435 0.061025 0.102124 0.121046 0.139063 0.167572 0.160018 0.109011 0.0600102 0.0304189 0.0136542 0.00529435 0.00187949 0.000611914 0.000174525 4.46628e-05 1.20752e-05 3.90973e-06
 1.05271e-11 1.14261e-09 7.31271e-08 2.75959e-06 6.14048e-05 0.000805683 0.00623457 0.0284781 0.0771307 0.126648 0.139122 0.135392 0.143986 0.134461 0.0958303 0.0579098 0.0317347 0.0144737 0.00535572 0.00171501 0.000493948 0.000128081 2.94478e-05 5.97564e-06 1.16736e-06
 1.16585e-11 1.26541e-09 8.09863e-08 3.05618e-06 6.80041e-05 0.000892268 0.00690442 0.0315341 0.0853554 0.139733 0.151537 0.142567 0.145821 0.130627 0.0852264 0.0440299 0.0211112 0.00934965 0.00360395 0.00119833 0.000337468 8.00238e-05 1.62685e-05 2.85311e-06 4.30689e-07
 1.19929e-11 1.30172e-09 8.33097e-08 3.14385e-06 6.9955e-05 0.000917863 0.00710241 0.0324367 0.0877761 0.143515 0.154799 0.143578 0.144758 0.128749 0.0833172 0.0421491 0.0192725 0.00781885 0.00265899 0.000796259 0.000217483 5.19369e-05 1.03026e-05 1.65928e-06 2.16998e-07
 1.13066e-11 1.22722e-09 7.85422e-08 2.96394e-06 6.59518e-05 0.000865343 0.00669619 0.0305856 0.082823 0.135869 0.148651 0.143034 0.149452 0.134936 0.0881606 0.0452659 0.0210377 0.00859409 0.00288527 0.000819447 0.000203081 4.38847e-05 8.21882e-06 1.29012e-06 1.61553e-07
 1.17074e-11 1.27072e-09 8.1326e-08 3.06899e-06 6.82893e-05 0.000896011 0.0069334 0.0316667 0.0857183 0.140359 0.15236 0.143681 0.147223 0.131698 0.0852794 0.0430718 0.0196182 0.00788143 0.00260211 0.000723843 0.000173923 3.54834e-05 6.07795e-06 8.68877e-07 1.0166e-07
 1.19541e-11 1.2975e-09 8.304e-08 3.13368e-06 6.97285e-05 0.000914892 0.00707942 0.0323317 0.0874923 0.143053 0.154311 0.143163 0.144444 0.128739 0.0838179 0.0429435 0.0198957 0.00808389 0.00268676 0.000749144 0.000179022 3.59294e-05 5.95547e-06 8.03642e-07 8.67172e-08
 1.18712e-11 1.2885e-09 8.24639e-08 3.11193e-06 6.92448e-05 0.000908547 0.0070304 0.0321096 0.0869155 0.142305 0.154405 0.145403 0.148536 0.131864 0.083515 0.0401535 0.017218 0.00665364 0.002151 0.00058842 0.000138921 2.76628e-05 4.53746e-06 6.00194e-07 6.24734e-08
 1.23908e-11 1.3449e-09 8.60737e-08 3.24816e-06 7.22758e-05 0.000948313 0.00733797 0.033511 0.090662 0.148064 0.158915 0.14542 0.144401 0.126875 0.0802098 0.0385369 0.0163935 0.00616211 0.00188176 0.000476585 0.000105355 2.01587e-05 3.23544e-06 4.22202e-07 4.33419e-08
 1.18565e-11 1.28691e-09 8.23623e-08 3.1081e-06 6.91595e-05 0.000907429 0.00702178 0.032071 0.0868216 0.142237 0.154722 0.146627 0.150545 0.13335 0.0833033 0.0386698 0.0157035 0.00571417 0.0017083 0.00042001 8.81501e-05 1.56945e-05 2.34144e-06 2.89442e-07 2.87702e-08
 1.01295e-11 1.09946e-09 7.03653e-08 2.65537e-06 5.90859e-05 0.000775267 0.00599959 0.0274136 0.074369 0.123089 0.139693 0.146478 0.164232 0.150214 0.0950798 0.0448428 0.018504 0.00672255 0.00195641 0.000459177 9.18021e-05 1.56326e-05 2.21173e-06 2.55575e-07 2.36728e-08
 1.04962e-11 1.13926e-09 7.29128e-08 2.75151e-06 6.12249e-05 0.000803328 0.00621655 0.0284006 0.0769853 0.126929 0.141813 0.143562 0.156836 0.143669 0.093865 0.0477151 0.0215957 0.00832162 0.0024912 0.000592182 0.000117566 1.94005e-05 2.61778e-06 2.87011e-07 2.51153e-08
 1.13918e-11 1.23647e-09 7.91339e-08 2.98627e-06 6.64486e-05 0.000871861 0.00674661 0.0308155 0.0834402 0.136838 0.149512 0.143374 0.149304 0.134528 0.0876171 0.0446653 0.0205019 0.00820168 0.00264197 0.000693735 0.000149989 2.59417e-05 3.54203e-06 3.81724e-07 3.21394e-08
 1.12275e-11 1.21864e-09 7.79927e-08 2.94321e-06 6.54904e-05 0.000859292 0.00664945 0.0303743 0.0822801 0.135215 0.14902 0.145943 0.15455 0.138769 0.087687 0.0416493 0.0175198 0.00662937 0.00208564 0.000549461 0.000123671 2.30422e-05 3.41893e-06 3.91976e-07 3.39219e-08
 1.15248e-11 1.25091e-09 8.00581e-08 3.02115e-06 6.72247e-05 0.000882045 0.00682544 0.0311761 0.0844247 0.138517 0.151636 0.146053 0.152347 0.136061 0.0858434 0.040663 0.0169144 0.00620202 0.00183103 0.000441699 9.24367e-05 1.6757e-05 2.53611e-06 3.07454e-07 2.85597e-08
 1.19643e-11 1.29861e-09 8.31108e-08 3.13635e-06 6.9788e-05 0.000915675 0.00708556 0.0323616 0.0875986 0.143432 0.155662 0.146646 0.149714 0.13235 0.0826491 0.0383475 0.0155122 0.00556975 0.00161598 0.00037835 7.48864e-05 1.25405e-05 1.75486e-06 2.03336e-07 1.8908e-08
 1.25924e-11 1.36678e-09 8.74739e-08 3.301e-06 7.34516e-05 0.000963739 0.00745729 0.034055 0.0921223 0.150354 0.160932 0.146163 0.143924 0.125698 0.0786419 0.0369005 0.0151605 0.0054946 0.00159646 0.000372282 7.29423e-05 1.19407e-05 1.59742e-06 1.73026e-07 1.49816e-08
 1.25749e-11 1.36488e-09 8.73522e-08 3.2964e-06 7.33494e-05 0.000962399 0.00744696 0.0340088 0.0920094 0.150269 0.161297 0.147585 0.14623 0.127297 0.0781337 0.0349384 0.0134121 0.00463767 0.00132074 0.000305188 5.93762e-05 9.63924e-06 1.27262e-06 1.34596e-07 1.11873e-08
 1.30687e-11 1.41848e-09 9.07828e-08 3.42586e-06 7.623e-05 0.00100019 0.00773926 0.0353403 0.095567 0.155717 0.165466 0.147276 0.14179 0.122168 0.0750153 0.0337568 0.0130414 0.00447666 0.00123649 0.000271305 5.01315e-05 7.88283e-06 1.02437e-06 1.0717e-07 8.78613e-09
 1.3116e-11 1.42362e-09 9.11114e-08 3.43827e-06 7.6506e-05 0.00100381 0.00776729 0.0354686 0.0959171 0.156314 0.166223 0.148231 0.142863 0.122658 0.0742696 0.0322322 0.0117793 0.00387411 0.00104647 0.000225229 4.03545e-05 6.05692e-06 7.45721e-07 7.45472e-08 5.93749e-09
 1.33001e-11 1.4436e-09 9.23903e-08 3.48652e-06 7.75798e-05 0.0010179 0.00787624 0.0359647 0.0972402 0.15832 0.167657 0.147784 0.140705 0.120419 0.0732626 0.0322709 0.0120533 0.00400683 0.00107138 0.000224237 3.88389e-05 5.66126e-06 6.76525e-07 6.50032e-08 4.93402e-09
 1.29743e-11 1.40824e-09 9.01269e-08 3.40111e-06 7.56793e-05 0.000992968 0.00768344 0.0350873 0.0949075 0.154842 0.165461 0.149515 0.145962 0.125351 0.0746804 0.030908 0.010388 0.00315111 0.000799067 0.000160476 2.65717e-05 3.69612e-06 4.21819e-07 3.88338e-08 2.8349e-09
 1.27091e-11 1.37945e-09 8.82845e-08 3.33158e-06 7.41323e-05 0.00097267 0.00752643 0.0343714 0.0929862 0.15183 0.162813 0.148559 0.14665 0.127034 0.0769599 0.033236 0.0119774 0.00381958 0.000967592 0.000185701 2.87047e-05 3.74461e-06 4.0554e-07 3.55782e-08 2.4778e-09
 1.27386e-11 1.38265e-09 8.84895e-08 3.33932e-06 7.43044e-05 0.00097493 0.00754393 0.0344517 0.0932091 0.152239 0.163457 0.149625 0.14803 0.12779 0.0762434 0.0315773 0.0106073 0.00319788 0.000795887 0.000153614 2.38525e-05 3.04542e-06 3.12501e-07 2.55402e-08 1.66209e-09
#obs catch len freq
 9.70833e-12 1.05375e-09 6.74398e-08 2.54497e-06 5.66293e-05 0.000743034 0.00575006 0.0262704 0.0712115 0.117311 0.130195 0.129102 0.139967 0.136039 0.105524 0.0698134 0.0398981 0.0186067 0.00692216 0.00203763 0.000461612 7.76501e-05 9.3739e-06 7.86598e-07 4.4592e-08
 9.96072e-12 1.08114e-09 6.9193e-08 2.61113e-06 5.81016e-05 0.000762354 0.00589965 0.0269552 0.0730759 0.120382 0.133311 0.130742 0.139305 0.133859 0.103323 0.0679375 0.0383002 0.0175001 0.00633249 0.0017961 0.000388277 6.17846e-05 7.00322e-06 5.48396e-07 2.88655e-08
 7.10966e-12 7.71687e-10 4.93879e-08 1.86376e-06 4.14718e-05 0.000544188 0.00421254 0.0192733 0.0525869 0.0891465 0.109513 0.131483 0.161234 0.160077 0.122408 0.0785691 0.0429955 0.0190269 0.00664361 0.00180821 0.000372676 5.61386e-05 5.98158e-06 4.37604e-07 2.14132e-08
 1.75203e-11 1.90166e-09 1.21706e-07 4.59282e-06 0.000102196 0.00134085 0.010374 0.0473416 0.12759 0.204287 0.19976 0.133892 0.0842904 0.0645857 0.0523874 0.0379589 0.022027 0.00972453 0.00328616 0.000854599 0.000167238 2.37993e-05 2.38347e-06 1.63088e-07 7.43078e-09
 7.49583e-12 8.13602e-10 5.20705e-08 1.965e-06 4.37253e-05 0.000573795 0.00444303 0.0203535 0.0558308 0.096602 0.125621 0.160711 0.193527 0.17007 0.100378 0.0440016 0.0176399 0.00700434 0.00241787 0.000639533 0.000122557 1.66172e-05 1.56403e-06 9.99355e-08 4.23649e-09
 1.32301e-11 1.43601e-09 9.19043e-08 3.46819e-06 7.71721e-05 0.00101256 0.00783515 0.0357782 0.0966981 0.156776 0.161565 0.129024 0.110522 0.104487 0.0900002 0.0619708 0.0306722 0.0104288 0.00255503 0.00050105 8.21261e-05 1.04661e-05 9.45998e-07 5.74844e-08 2.28735e-09
 1.1205e-11 1.21619e-09 7.78364e-08 2.93732e-06 6.53604e-05 0.00085764 0.00663833 0.0303526 0.0825053 0.137053 0.154443 0.151395 0.150297 0.126695 0.0815003 0.0440254 0.0217207 0.00900399 0.00276355 0.000586742 8.51694e-05 8.66128e-06 6.34448e-07 3.33041e-08 1.20481e-09
 1.58663e-11 1.72214e-09 1.10217e-07 4.15925e-06 9.25493e-05 0.00121433 0.00939646 0.042907 0.115936 0.187598 0.191023 0.144532 0.108178 0.0843145 0.0583912 0.0336672 0.0154493 0.00543938 0.00148564 0.00031556 4.94323e-05 5.33702e-06 3.81453e-07 1.78351e-08 5.46845e-10
 1.29142e-11 1.40172e-09 8.97097e-08 3.38539e-06 7.53309e-05 0.000988475 0.00765104 0.0349804 0.0950156 0.15709 0.172974 0.158562 0.144075 0.112813 0.0666147 0.0311256 0.0124751 0.00419838 0.00110589 0.000217519 3.113e-05 3.16905e-06 2.2268e-07 1.04256e-08 3.1541e-10
 1.37886e-11 1.49663e-09 9.57841e-08 3.61462e-06 8.04314e-05 0.00105539 0.00816837 0.0373323 0.101233 0.166101 0.177617 0.15171 0.129568 0.103689 0.0678598 0.0355327 0.0144814 0.0043903 0.000986391 0.000167938 2.15593e-05 2.00605e-06 1.29518e-07 5.61821e-09 1.59909e-10
 1.38817e-11 1.50672e-09 9.64303e-08 3.63901e-06 8.09746e-05 0.00106254 0.0082243 0.0375979 0.102047 0.167937 0.180972 0.156056 0.132019 0.101635 0.062898 0.0315091 0.0128246 0.00402775 0.000930597 0.000154123 1.80096e-05 1.46992e-06 8.30269e-08 3.19507e-09 8.19003e-11
 1.2597e-11 1.36728e-09 8.75061e-08 3.30224e-06 7.3482e-05 0.000964272 0.0074653 0.0341559 0.0929911 0.154754 0.172696 0.159793 0.143726 0.112598 0.0691216 0.0336848 0.0130726 0.00388557 0.000858769 0.000138647 1.59225e-05 1.25947e-06 6.68482e-08 2.34022e-09 5.34232e-11
 1.39588e-11 1.5151e-09 9.69665e-08 3.65925e-06 8.14258e-05 0.00106849 0.00827123 0.0378243 0.10275 0.169399 0.182753 0.156279 0.12978 0.0997239 0.0630473 0.0319076 0.0125403 0.00366082 0.00077692 0.000118858 1.28942e-05 9.67664e-07 4.89753e-08 1.63417e-09 3.52648e-11
 1.3455e-11 1.46041e-09 9.34667e-08 3.52719e-06 7.84884e-05 0.00103 0.00797486 0.0364948 0.0993866 0.165231 0.18255 0.162754 0.137903 0.102614 0.0606434 0.0286392 0.0108071 0.00311909 0.000660014 9.94833e-05 1.04204e-05 7.42105e-07 3.52858e-08 1.10227e-09 2.22777e-11
 1.12946e-11 1.22592e-09 7.84594e-08 2.96088e-06 6.58891e-05 0.000864773 0.00669876 0.0307082 0.0841477 0.142875 0.167651 0.166729 0.155261 0.120897 0.0729876 0.0344027 0.0125243 0.00340244 0.000675339 9.65829e-05 9.71891e-06 6.67532e-07 3.04546e-08 9.04054e-10 1.71972e-11
 9.20436e-12 9.9905e-10 6.39397e-08 2.41297e-06 5.36989e-05 0.000704902 0.00546367 0.0250997 0.0692836 0.120432 0.150192 0.164496 0.166572 0.138987 0.0904283 0.0454785 0.0171169 0.00465408 0.000899756 0.000122524 1.1573e-05 7.43216e-07 3.17989e-08 8.89286e-10 1.59751e-11
 1.21984e-11 1.32403e-09 8.47381e-08 3.19783e-06 7.11618e-05 0.000933958 0.00723376 0.0331382 0.0905138 0.15162 0.170136 0.155377 0.137554 0.112864 0.0771648 0.0412761 0.0163905 0.00465686 0.000927232 0.00012712 1.17779e-05 7.25143e-07 2.92538e-08 7.63716e-10 1.27515e-11
 1.18077e-11 1.28162e-09 8.20242e-08 3.09546e-06 6.88869e-05 0.000904243 0.00700729 0.0321567 0.0883303 0.150504 0.175984 0.169477 0.149046 0.111058 0.0664154 0.0322002 0.0124037 0.00358646 0.000738342 0.000104168 9.79861e-06 6.02404e-07 2.38468e-08 6.00749e-10 9.5392e-12
 1.25554e-11 1.36278e-09 8.72185e-08 3.29148e-06 7.32495e-05 0.000961506 0.00745067 0.0341807 0.0937467 0.158726 0.181865 0.168404 0.143352 0.106034 0.06285 0.0289877 0.0101513 0.00263935 0.000500894 6.75776e-05 6.24452e-06 3.81346e-07 1.49852e-08 3.72144e-10 5.77023e-12
 1.18279e-11 1.28381e-09 8.21652e-08 3.10084e-06 6.90106e-05 0.000906022 0.00702456 0.0322803 0.0889852 0.152816 0.18079 0.174704 0.151172 0.109421 0.0623028 0.0275524 0.00924588 0.00227441 0.000399598 4.91654e-05 4.14931e-06 2.3473e-07 8.69489e-09 2.06396e-10 3.08369e-12
 1.22686e-11 1.33165e-09 8.52268e-08 3.2164e-06 7.15834e-05 0.000939828 0.00728698 0.033485 0.0922442 0.157835 0.18434 0.173616 0.146913 0.105842 0.0603097 0.0262792 0.00849093 0.00197737 0.000325592 3.72347e-05 2.89506e-06 1.49752e-07 5.05629e-09 1.09666e-10 1.50695e-12
 1.30307e-11 1.41437e-09 9.05213e-08 3.41623e-06 7.60321e-05 0.000998271 0.00774057 0.0355694 0.097929 0.166969 0.192329 0.17509 0.141266 0.097267 0.0533136 0.0224963 0.00707215 0.00159855 0.000252778 2.73667e-05 1.98863e-06 9.52291e-08 2.95684e-09 5.86948e-11 7.35866e-13
 1.23394e-11 1.33933e-09 8.57199e-08 3.23512e-06 7.20077e-05 0.00094567 0.00733804 0.0337896 0.0935617 0.161862 0.192117 0.18153 0.14839 0.0998004 0.0521478 0.0207558 0.0061516 0.00131591 0.000197576 2.03164e-05 1.39747e-06 6.29557e-08 1.82551e-09 3.36074e-11 3.88543e-13
 1.30205e-11 1.41327e-09 9.04524e-08 3.41375e-06 7.59841e-05 0.000997893 0.0077427 0.0356369 0.0984807 0.169139 0.196694 0.179268 0.142038 0.0945687 0.0492896 0.019292 0.0054937 0.0011085 0.000155505 1.49035e-05 9.56453e-07 4.02604e-08 1.09119e-09 1.87553e-11 2.0196e-13
 1.2311e-11 1.33627e-09 8.55254e-08 3.22795e-06 7.18575e-05 0.000944028 0.00733177 0.0338328 0.0941266 0.16428 0.196984 0.185814 0.148375 0.096179 0.04801 0.0180062 0.0049406 0.000960345 0.000128685 1.16354e-05 6.9688e-07 2.71949e-08 6.81454e-10 1.08257e-11 1.07822e-13
 1.24789e-11 1.3545e-09 8.66929e-08 3.27208e-06 7.2844e-05 0.000957103 0.00743517 0.0343249 0.0955392 0.166633 0.198815 0.185465 0.146583 0.0946332 0.0468967 0.0171779 0.00451736 0.000831765 0.000105139 8.95824e-06 5.04684e-07 1.84537e-08 4.31048e-10 6.35089e-12 5.84326e-14
 1.11183e-11 1.20683e-09 7.7244e-08 2.91573e-06 6.49272e-05 0.000853661 0.00664348 0.0308137 0.0867819 0.155517 0.195067 0.193001 0.157571 0.101477 0.0492522 0.0175675 0.00448513 0.000796901 9.62631e-05 7.75744e-06 4.10064e-07 1.40017e-08 3.04644e-10 4.17428e-12 3.56613e-14
 1.11657e-11 1.21198e-09 7.75748e-08 2.92831e-06 6.52118e-05 0.00085752 0.00667504 0.0309673 0.0871886 0.155852 0.194141 0.190709 0.156475 0.102713 0.0507748 0.0181468 0.00455042 0.000782461 9.06504e-05 6.96159e-06 3.48625e-07 1.12103e-08 2.2842e-10 2.9174e-12 2.31515e-14
#spawning biomass
 10591.7 12740.6 12492.4 18899.4 21828.8 21941 24972.6 34481.8 51742.8 63772.1 92155.5 110690 132891 152193 147578 127163 128909 123824 113921 107485 120884 130492 146974 161635 188137 174388 173332 134708 100860 158607 135334 97068.3 68973.4 52063.8 42837.7 38106.4 35781.1 34672.4 34155.5 33918.4 33810.9 33762.8 33741.2 33731.7 33727.5 33725.7 33724.9 33724.6 33724.4 33724.3 33724.3 33724.3 33724.3 33724.3 33724.3 33724.3 33724.3 33724.3 33724.3 33724.3 33724.3 33724.3 33724.3 33724.3 33724.3 33724.3 33724.3 33724.3 33724.3 33724.3 33724.3 33724.3 33724.3 33724.3 33724.3 33724.3 33724.3 33724.3 33724.3 33724.3 33724.3 33724.3 33724.3 33724.3 33724.3 33724.3 33724.3 33724.3 33724.3 33724.3 33724.3 33724.3 33724.3 33724.3 33724.3 33724.3 33724.3 33724.3 33724.3 33724.3 33724.3 33724.3 33724.3 33724.3 33724.3 33724.3 33724.3 33724.3 33724.3 33724.3 33724.3 33724.3 33724.3 33724.3 33724.3 33724.3 33724.3 33724.3 33724.3 33724.3 33724.3 33724.3 33724.3 33724.3 33724.3 33724.3 33724.3 33724.3 0 0 0 0 0 0 0 0 0 0 0 0 0 0 0 0 0 0 0 0 0 0 0 0 0
