SBPRF35
0.166103
Curr Bio
254173
B35
192336
F35
1.263
FOFL
1.263
OFL
132796
Bzero
47456.8
#pred survey bio
 13249.4 10804.6 12832.8 18009.8 22148.6 26629.8 31661.5 36514.6 42395.9 52918.3 67469.8 78444.2 97896.3 122176 123636 102382 89293.3 85589 89970.6 85486 84111.3 93274.8 96773.6 99234.6 111121 107552 106476 100427 131046 4.94169e+06 4.71056e+06 2.41643e+06 1.14813e+06 685210 496812 405475 355517 326586 309472 299288 293226 289625 287489 286220 285465 285029 284775 284628 284543 284493 284464 284447 284437 284431 284428 284426 284425 284424 284424 284424 284423 284423 284423 284423 284423 284423 284423 284423 284423 284423 284423 284423 284423 284423 284423 284423 284423 284423 284423 284423 284423 284423 284423 284423 284423 284423 284423 284423 284423 284423 284423 284423 284423 284423 284423 284423 284423 284423 284423 284423 284423 284423 284423 284423 284423 284423 284423 284423 284423 284423 284423 284423 284423 284423 284423 284423 284423 284423 284423 284423 284423 284423 284423 284423 284423 284423 284423 284423 284423 0 0 0 0 0 0 0 0 0 0 0 0 0 0 0 0 0 0 0 0 0 0 0 0 0
#obs survey bio
 12379 9080.69 13839.2 17122.9 19659 19032.8 35423.8 39497.5 62747.9 43149.6 80871.9 104493 88011.9 110152 122580 85660.1 76768.8 88595.6 104040 98251.2 78722.6 125615 77019.8 127792 127369 83097.3 93621.2 116452 112272
#pred catch bio
 7442.47 5812.47 6844.59 10413.7 13708.4 17946 21813.2 25488 30675.2 40098.4 52439.8 62422.7 82290.7 104464 110564 95707.1 84967.6 77737.1 86051.9 81985.3 81509.3 92807.1 98854.5 99195.6 118571 113866 116907 97136.2 81673.8 132796 130239 48710.3 16461.5 8688 7028.27 6697.88 6635.2 6623.71 6621.65 6621.29 6621.23 6621.22 6621.22 6621.22 6621.22 6621.22 6621.22 6621.22 6621.22 6621.22 6621.22 6621.22 6621.22 6621.22 6621.22 6621.22 6621.22 6621.22 6621.22 6621.22 6621.22 6621.22 6621.22 6621.22 6621.22 6621.22 6621.22 6621.22 6621.22 6621.22 6621.22 6621.22 6621.22 6621.22 6621.22 6621.22 6621.22 6621.22 6621.22 6621.22 6621.22 6621.22 6621.22 6621.22 6621.22 6621.22 6621.22 6621.22 6621.22 6621.22 6621.22 6621.22 6621.22 6621.22 6621.22 6621.22 6621.22 6621.22 6621.22 6621.22 6621.22 6621.22 6621.22 6621.22 6621.22 6621.22 6621.22 6621.22 6621.22 6621.22 6621.22 6621.22 6621.22 6621.22 6621.22 6621.22 6621.22 6621.22 6621.22 6621.22 6621.22 6621.22 6621.22 6621.22 6621.22 6621.22 6621.22 6621.22 6621.22 0 0 0 0 0 0 0 0 0 0 0 0 0 0 0 0 0 0 0 0 0 0 0 0 0
#obs catch bio
 5622.1 5991.26 6918.61 10527.1 14131.9 18510.9 22327.7 25647.6 30594.9 39583.4 51284.3 61072.1 81060.4 104404 112644 98642.6 85367.3 77634.2 83653.8 80884.1 79889.8 88719.1 97291.6 94113.6 112827 112477 118607 95934.4 80558.6
#pred cpue bio
 12977.8 10189.9 11669.8 16815.3 20648.8 24515.2 29324.8 33823.6 38956.4 47501.8 61856.4 71481.1 86847.3 111459 115972 94768.1 81397.7 77706.2 81752 78257.9 74879.7 83529.8 86877 87756.6 99211.6 95762.6 95207.9 88464.7 113629 4.62078e+06 4.87241e+06 2.4419e+06 1.13947e+06 674516 486003 394658 344699 315769 298655 288470 282408 278807 276672 275402 274648 274211 273958 273811 273725 273675 273646 273629 273620 273614 273610 273609 273607 273607 273606 273606 273606 273606 273606 273606 273606 273606 273606 273606 273606 273606 273606 273606 273606 273606 273606 273606 273606 273606 273606 273606 273606 273606 273606 273606 273606 273606 273606 273606 273606 273606 273606 273606 273606 273606 273606 273606 273606 273606 273606 273606 273606 273606 273606 273606 273606 273606 273606 273606 273606 273606 273606 273606 273606 273606 273606 273606 273606 273606 273606 273606 273606 273606 273606 273606 273606 273606 273606 273606 273606 0 0 0 0 0 0 0 0 0 0 0 0 0 0 0 0 0 0 0 0 0 0 0 0 0
#obs cpue bio
 8362.86 6296.51 10003.9 13582.2 14537.4 18975.4 23555.2 30331 34455.8 69892.6 70220.1 94982.4 85092.5 112241 79970.4 83018.8 76465.4 91338.1 109174 86870.5 112527 129462 132290 187457 166933 110298 86778.1 110470 170501
#pred surv len freq
 2.55781e-27 2.57396e-27 2.05547e-26 3.7963e-20 9.30617e-15 2.75759e-10 9.87721e-07 0.000427645 0.0223814 0.141592 0.10879 0.0423366 0.245812 0.227247 0.0539098 0.0662177 0.0273643 0.0195929 0.0116156 0.00857412 0.00658342 0.00560538 0.00555869 0.00489855 0.00149237
 2.56125e-27 2.58363e-27 2.9351e-26 5.65203e-20 1.38553e-14 4.10557e-10 1.47055e-06 0.00063669 0.033322 0.210805 0.161567 0.0377649 0.173944 0.161847 0.0592377 0.0946459 0.0330863 0.0152493 0.00680161 0.00379529 0.00235411 0.00170393 0.00149007 0.00131001 0.000437011
 2.56405e-27 2.59067e-27 3.50047e-26 6.84452e-20 1.67785e-14 4.97178e-10 1.78081e-06 0.000771021 0.0403525 0.255281 0.195582 0.0411638 0.17591 0.162499 0.0383033 0.0468301 0.0200306 0.0145727 0.00508614 0.00180638 0.000762318 0.000416858 0.000298984 0.000245845 8.48194e-05
 2.56218e-27 2.58544e-27 3.02123e-26 5.83346e-20 1.43e-14 4.23735e-10 1.51775e-06 0.000657127 0.0343916 0.217571 0.16683 0.0438102 0.216251 0.199614 0.0429477 0.0478387 0.0166376 0.00766357 0.00353736 0.00156588 0.000412966 0.000135921 6.83391e-05 4.79208e-05 1.63317e-05
 2.56223e-27 2.58573e-27 3.06202e-26 5.91956e-20 1.45111e-14 4.29989e-10 1.54015e-06 0.000666826 0.0348993 0.220783 0.169259 0.0423566 0.203484 0.188186 0.0473495 0.060741 0.0203306 0.00790876 0.00264269 0.000947249 0.000334794 7.6737e-05 2.02086e-05 1.00509e-05 3.19597e-06
 2.56316e-27 2.58816e-27 3.26672e-26 6.35135e-20 1.55696e-14 4.61354e-10 1.65249e-06 0.000715467 0.0374449 0.236887 0.181561 0.0426361 0.196967 0.181937 0.0419611 0.0500675 0.0177492 0.00842948 0.00266088 0.000736787 0.000186225 4.7941e-05 8.41368e-06 2.07468e-06 5.46511e-07
 2.56277e-27 2.58694e-27 3.14516e-26 6.09486e-20 1.49408e-14 4.42723e-10 1.58576e-06 0.000686573 0.0359328 0.227321 0.17428 0.0441242 0.213407 0.196885 0.0405965 0.0431268 0.014644 0.00608138 0.00208925 0.000657701 0.000136634 2.51393e-05 4.1234e-06 5.3409e-07 8.65255e-08
 2.56275e-27 2.58692e-27 3.1459e-26 6.09643e-20 1.49447e-14 4.42837e-10 1.58617e-06 0.000686751 0.035942 0.22738 0.17432 0.0438283 0.211128 0.19488 0.0420509 0.0469148 0.0152717 0.00529689 0.00167231 0.000490329 0.000115401 1.89928e-05 2.24379e-06 2.12896e-07 1.71298e-08
 2.56331e-27 2.58841e-27 3.27589e-26 6.37066e-20 1.56169e-14 4.62757e-10 1.65752e-06 0.000717642 0.0375588 0.237608 0.182126 0.0436325 0.204152 0.188394 0.0399983 0.0438762 0.014502 0.00536068 0.00158125 0.000391223 8.31971e-05 1.44084e-05 1.55389e-06 1.04295e-07 4.86578e-09
 2.56479e-27 2.59235e-27 3.61555e-26 7.08716e-20 1.73733e-14 5.14803e-10 1.84394e-06 0.000798354 0.041783 0.264331 0.202528 0.043356 0.187715 0.173065 0.0343898 0.0349203 0.0114298 0.00407428 0.00122852 0.000311865 5.751e-05 8.67786e-06 9.3373e-07 5.51441e-08 1.69669e-09
 2.56349e-27 2.5887e-27 3.2806e-26 6.3805e-20 1.5641e-14 4.63472e-10 1.66008e-06 0.000718751 0.0376168 0.237975 0.182434 0.045323 0.216801 0.199696 0.0353188 0.0303091 0.00963461 0.00301963 0.000884389 0.0002196 4.15732e-05 5.72863e-06 5.29253e-07 2.98786e-08 7.63103e-10
 2.56387e-27 2.58979e-27 3.38443e-26 6.59958e-20 1.61781e-14 4.79385e-10 1.71708e-06 0.000743429 0.0389084 0.246146 0.188658 0.0443904 0.205332 0.189278 0.0364698 0.0355357 0.0108894 0.00271478 0.000735801 0.000163335 2.98263e-05 4.12102e-06 3.54011e-07 1.73048e-08 4.06157e-10
 2.56546e-27 2.59405e-27 3.75627e-26 7.38398e-20 1.81009e-14 5.36363e-10 1.92116e-06 0.00083179 0.0435329 0.275401 0.210987 0.0437567 0.18482 0.170228 0.0308829 0.0276007 0.00866153 0.00250945 0.000647464 0.000116518 1.88048e-05 2.41109e-06 2.03666e-07 9.23492e-09 1.89843e-10
 2.56382e-27 2.58948e-27 3.33945e-26 6.50463e-20 1.59453e-14 4.72488e-10 1.69237e-06 0.000732733 0.0383486 0.242604 0.18598 0.0460085 0.219527 0.202027 0.0323858 0.0230074 0.00702766 0.00177278 0.000469119 9.37677e-05 1.32174e-05 1.40768e-06 1.07463e-07 4.69521e-09 8.90504e-11
 2.56193e-27 2.58441e-27 2.8979e-26 5.57316e-20 1.36619e-14 4.04828e-10 1.45002e-06 0.000627805 0.0328571 0.207863 0.159462 0.0466772 0.243246 0.224086 0.0394073 0.0334484 0.00988641 0.00188551 0.000455788 8.1982e-05 1.23017e-05 1.26614e-06 7.91982e-08 3.05715e-09 5.48892e-11
 2.56285e-27 2.58696e-27 3.12935e-26 6.06145e-20 1.48589e-14 4.40297e-10 1.57707e-06 0.00068281 0.0357358 0.226075 0.173351 0.0455431 0.224858 0.207213 0.0381358 0.0348115 0.0105349 0.00240592 0.000562153 7.81649e-05 1.02946e-05 1.03905e-06 6.44838e-08 2.08578e-09 3.26514e-11
 2.56387e-27 2.58962e-27 3.35369e-26 6.53466e-20 1.60189e-14 4.7467e-10 1.70019e-06 0.000736116 0.0385257 0.243724 0.186832 0.0458133 0.217442 0.200142 0.0327529 0.0243175 0.00739584 0.00179627 0.000441662 7.04825e-05 8.146e-06 6.59504e-07 3.82304e-08 1.20647e-09 1.6221e-11
 2.56412e-27 2.59026e-27 3.40557e-26 6.64411e-20 1.62872e-14 4.8262e-10 1.72866e-06 0.000748445 0.0391709 0.247806 0.189952 0.0460478 0.217034 0.199682 0.0311681 0.0208044 0.00611155 0.00114609 0.000273106 4.64471e-05 5.92322e-06 4.8061e-07 2.23891e-08 6.30979e-10 8.0885e-12
 2.56406e-27 2.59015e-27 3.3995e-26 6.63131e-20 1.62559e-14 4.8169e-10 1.72533e-06 0.000747003 0.0390955 0.247329 0.189583 0.0457311 0.214884 0.197782 0.032355 0.0239848 0.00699858 0.00120296 0.000264772 3.61068e-05 4.57419e-06 4.05221e-07 1.96333e-08 4.66191e-10 5.1946e-12
 2.56361e-27 2.58886e-27 3.27963e-26 6.3784e-20 1.56359e-14 4.63319e-10 1.65953e-06 0.000718514 0.0376044 0.237896 0.182393 0.0465625 0.226262 0.208166 0.032095 0.0207823 0.00609847 0.00113513 0.000249965 3.09941e-05 3.34394e-06 2.60533e-07 1.3409e-08 3.32612e-10 3.25929e-12
 2.56526e-27 2.59337e-27 3.68218e-26 7.22765e-20 1.77177e-14 5.25007e-10 1.88049e-06 0.000814179 0.0426112 0.269571 0.206556 0.0450648 0.197889 0.182055 0.0287777 0.019785 0.00572752 0.000919544 0.000198727 2.63085e-05 2.74614e-06 1.84664e-07 8.09638e-09 2.03003e-10 2.06576e-12
 2.56493e-27 2.5924e-27 3.59047e-26 7.03414e-20 1.72433e-14 5.10951e-10 1.83014e-06 0.000792381 0.0414704 0.262353 0.201058 0.0458985 0.208096 0.191338 0.0279543 0.0155741 0.00451222 0.000766577 0.000163338 1.90311e-05 1.99002e-06 1.36506e-07 5.31173e-09 1.13087e-10 1.11772e-12
 2.56479e-27 2.59201e-27 3.55507e-26 6.95945e-20 1.70603e-14 5.05526e-10 1.81071e-06 0.000783968 0.0410301 0.259568 0.198934 0.0460711 0.210902 0.193915 0.0281984 0.0154762 0.00439297 0.000591553 0.000119428 1.45015e-05 1.43341e-06 9.08935e-08 3.58299e-09 6.99266e-11 5.92068e-13
 2.56562e-27 2.59426e-27 3.75354e-26 7.37814e-20 1.80866e-14 5.35939e-10 1.91964e-06 0.000831132 0.0434985 0.275184 0.210849 0.0455119 0.198275 0.182254 0.0259534 0.0132936 0.003757 0.000488018 9.36843e-05 9.24249e-06 8.74743e-07 5.52065e-08 2.00798e-09 3.83759e-11 3.03931e-13
 2.5651e-27 2.59284e-27 3.62663e-26 7.11043e-20 1.74304e-14 5.16493e-10 1.84999e-06 0.000800975 0.0419201 0.265199 0.203232 0.0459803 0.207191 0.190461 0.0270482 0.0137229 0.00386473 0.000479536 9.01648e-05 8.53701e-06 7.19844e-07 3.87611e-08 1.37887e-09 2.484e-11 1.88359e-13
 2.56525e-27 2.59322e-27 3.65676e-26 7.17398e-20 1.75861e-14 5.21109e-10 1.86652e-06 0.000808133 0.0422948 0.267569 0.205045 0.0461652 0.207324 0.190517 0.0258391 0.0109529 0.00305532 0.000356058 6.49694e-05 5.87629e-06 4.78422e-07 2.36473e-08 7.16117e-10 1.1966e-11 8.64656e-14
 2.56501e-27 2.59258e-27 3.60051e-26 7.05529e-20 1.72952e-14 5.12488e-10 1.83564e-06 0.000794764 0.0415951 0.263142 0.201667 0.0463237 0.210903 0.193824 0.0265051 0.0116368 0.00322133 0.000324552 5.51763e-05 4.70279e-06 3.66481e-07 1.72349e-08 4.85907e-10 7.02452e-12 4.55516e-14
 2.56582e-27 2.59476e-27 3.79302e-26 7.46141e-20 1.82907e-14 5.41988e-10 1.94131e-06 0.000840512 0.0439894 0.278289 0.213225 0.0458026 0.198817 0.182656 0.0242381 0.0092811 0.0025568 0.000256358 4.27341e-05 3.17943e-06 2.26405e-07 9.98196e-09 2.66813e-10 3.59138e-12 2.04958e-14
 2.56662e-27 2.59702e-27 4.00122e-26 7.90067e-20 1.93675e-14 5.73895e-10 2.05559e-06 0.000889994 0.0465791 0.294672 0.225714 0.0444969 0.180107 0.165556 0.0242235 0.0135477 0.00377185 0.000373117 6.17937e-05 4.58206e-06 3.09577e-07 1.18707e-08 2.91395e-10 3.67995e-12 1.95575e-14
#obs surv len freq
 1.08197e-41 1.5017e-33 2.51941e-26 5.10932e-20 1.25249e-14 3.71135e-10 1.32935e-06 0.000575561 0.0301226 0.190565 0.146223 0.0401499 0.173432 0.146765 0.103985 0.101946 0.0443405 0.0174274 0.00394698 0.000495162 2.53307e-05 3.83947e-07 1.29871e-09 7.98573e-13 7.81457e-17
 1.60352e-41 2.22558e-33 3.73387e-26 7.57222e-20 1.85624e-14 5.50038e-10 1.97015e-06 0.000853006 0.0446429 0.282424 0.216381 0.0406372 0.126429 0.102079 0.0761412 0.0688825 0.0288873 0.0103184 0.00208726 0.000225058 9.42465e-06 1.10639e-07 2.77842e-10 1.23717e-13 8.65016e-18
 1.53859e-41 2.13546e-33 3.58267e-26 7.26558e-20 1.78107e-14 5.27764e-10 1.89036e-06 0.000818463 0.0428351 0.270988 0.20788 0.0500745 0.176925 0.128905 0.0561516 0.0422162 0.016788 0.00537539 0.00095203 8.59882e-05 2.89219e-06 2.61456e-08 4.87937e-11 1.57574e-14 7.87668e-19
 1.07736e-41 1.4953e-33 2.50867e-26 5.08754e-20 1.24715e-14 3.69554e-10 1.32368e-06 0.000573108 0.0299942 0.189754 0.146082 0.0565355 0.230418 0.16317 0.0978154 0.0655827 0.0156965 0.00376237 0.000571434 4.23727e-05 1.11897e-06 7.67555e-09 1.05991e-11 2.48576e-15 8.90676e-20
 1.49698e-41 2.07772e-33 3.4858e-26 7.06913e-20 1.73291e-14 5.13494e-10 1.83925e-06 0.000796333 0.0416769 0.263662 0.202316 0.0471183 0.142064 0.104242 0.104849 0.0698673 0.0194304 0.00362386 0.000333738 1.85575e-05 3.76719e-07 1.927e-09 1.94642e-12 3.29979e-16 8.47525e-21
 1.20267e-41 1.66923e-33 2.80048e-26 5.67932e-20 1.39222e-14 4.1254e-10 1.47765e-06 0.000639772 0.0334831 0.211828 0.163294 0.0649726 0.231033 0.143865 0.0782386 0.0495959 0.0190074 0.00373528 0.000295324 1.00366e-05 1.34462e-07 4.95664e-10 3.61033e-13 4.38077e-17 8.01807e-22
 1.37658e-41 1.91061e-33 3.20544e-26 6.50057e-20 1.59354e-14 4.72195e-10 1.69132e-06 0.000732285 0.0383249 0.242458 0.186562 0.0579482 0.175173 0.116622 0.109694 0.0569107 0.0128432 0.00249829 0.00022427 6.45646e-06 5.4804e-08 1.25346e-10 6.19178e-14 5.27519e-18 6.8143e-23
 1.19233e-41 1.65487e-33 2.77639e-26 5.63047e-20 1.38024e-14 4.08991e-10 1.46494e-06 0.000634268 0.0331951 0.210008 0.162349 0.0722003 0.227126 0.133395 0.0941652 0.0497513 0.0149322 0.00209966 0.000138455 3.90336e-06 2.7994e-08 4.27487e-11 1.29907e-14 7.10804e-19 6.20776e-24
 1.51108e-41 2.09728e-33 3.51862e-26 7.13568e-20 1.74923e-14 5.18328e-10 1.85657e-06 0.000803829 0.0420692 0.266148 0.205036 0.0643437 0.166825 0.104115 0.0968202 0.0425849 0.00975444 0.00141367 8.29929e-05 1.65878e-06 9.84351e-09 1.23891e-11 2.70247e-15 9.5559e-20 5.26601e-25
 1.52127e-41 2.11143e-33 3.54236e-26 7.18383e-20 1.76103e-14 5.21826e-10 1.8691e-06 0.000809254 0.0423531 0.267947 0.207031 0.0779467 0.198287 0.103525 0.0659394 0.0283092 0.00701893 0.00079239 3.85941e-05 6.57955e-07 2.83967e-09 2.65352e-12 4.51829e-16 1.20612e-20 4.67708e-26
 1.09906e-41 1.52543e-33 2.55922e-26 5.19005e-20 1.27228e-14 3.77e-10 1.35035e-06 0.000584656 0.0305986 0.193591 0.151326 0.0972071 0.2581 0.135955 0.0949431 0.0316699 0.00543711 0.000562607 2.31831e-05 3.02711e-07 1.02574e-09 7.07449e-13 8.56746e-17 1.66686e-21 4.8155e-27
 1.66866e-41 2.31599e-33 3.88555e-26 7.87983e-20 1.93165e-14 5.72382e-10 2.05018e-06 0.000887657 0.0464564 0.293908 0.226924 0.0713058 0.144746 0.0937835 0.0889785 0.0282002 0.00447383 0.000324734 9.83704e-06 1.02724e-07 2.60754e-10 1.33107e-13 1.18362e-17 1.64484e-22 3.34952e-28
 1.33661e-41 1.85512e-33 3.11235e-26 6.31178e-20 1.54726e-14 4.58481e-10 1.6422e-06 0.000711018 0.0372118 0.235438 0.184457 0.110574 0.242997 0.106704 0.0574099 0.0202806 0.00394778 0.000260533 5.89826e-06 4.20192e-08 7.76728e-11 2.91361e-14 1.86916e-18 1.86832e-23 2.7294e-29
 1.11532e-41 1.54799e-33 2.59707e-26 5.26681e-20 1.2911e-14 3.82575e-10 1.37032e-06 0.000593302 0.0310511 0.196469 0.155293 0.111935 0.235404 0.13802 0.104037 0.0240306 0.00295585 0.000204676 4.55085e-06 2.50151e-08 3.14217e-11 8.0323e-15 3.63883e-19 2.59388e-24 2.69291e-30
 8.79761e-42 1.22105e-33 2.04857e-26 4.15445e-20 1.01841e-14 3.01775e-10 1.08091e-06 0.000467996 0.0244931 0.154994 0.124908 0.123833 0.24992 0.159384 0.123435 0.0338638 0.00449943 0.000196821 3.32005e-06 1.66092e-08 1.68842e-11 3.06041e-15 9.32876e-20 4.50064e-25 3.23141e-31
 1.4167e-41 1.96629e-33 3.29886e-26 6.69002e-20 1.63998e-14 4.85956e-10 1.74061e-06 0.000753626 0.0394418 0.249556 0.195629 0.0947661 0.16009 0.126276 0.101108 0.0282315 0.00396046 0.000183061 2.42191e-06 8.23456e-09 6.52857e-12 9.55958e-16 2.20391e-20 7.51135e-26 3.67424e-32
 9.7376e-42 1.35151e-33 2.26745e-26 4.59834e-20 1.12723e-14 3.34018e-10 1.1964e-06 0.000517999 0.0271101 0.171592 0.141481 0.161993 0.272624 0.126476 0.0725262 0.0223344 0.00319453 0.000146891 1.89809e-06 5.43365e-09 3.04368e-12 3.11229e-16 5.34058e-21 1.38876e-26 5.08232e-33
 1.4398e-41 1.99835e-33 3.35265e-26 6.7991e-20 1.66672e-14 4.9388e-10 1.769e-06 0.000765915 0.040085 0.253651 0.200753 0.108041 0.161351 0.135286 0.0833568 0.0150185 0.00161553 7.27188e-05 8.84499e-07 2.29648e-09 1.08962e-12 8.48033e-17 1.02204e-21 1.84121e-27 4.79222e-34
 1.00189e-41 1.39056e-33 2.33296e-26 4.73119e-20 1.1598e-14 3.43669e-10 1.23097e-06 0.000532965 0.0278935 0.176607 0.149306 0.183648 0.261346 0.121252 0.0621816 0.0157357 0.00145403 4.19646e-05 4.12877e-07 9.41065e-10 3.82358e-13 2.46591e-17 2.35613e-22 3.18796e-28 5.94156e-35
 1.28445e-41 1.78273e-33 2.9909e-26 6.06548e-20 1.48688e-14 4.4059e-10 1.57812e-06 0.000683272 0.0357599 0.226346 0.183726 0.132256 0.181422 0.152947 0.0744629 0.0114102 0.000957233 2.72227e-05 1.90012e-07 3.05311e-10 9.75623e-14 5.10239e-18 3.91521e-23 4.18252e-29 6.03262e-36
 1.41254e-41 1.96051e-33 3.28917e-26 6.67036e-20 1.63516e-14 4.84528e-10 1.7355e-06 0.000751412 0.0393262 0.248967 0.204769 0.159373 0.187438 0.101418 0.0476306 0.00966628 0.000645775 1.30605e-05 7.75641e-08 9.62541e-11 2.13034e-14 7.89204e-19 4.52489e-24 3.70989e-30 4.12427e-37
 1.13238e-41 1.57167e-33 2.6368e-26 5.34738e-20 1.31085e-14 3.88428e-10 1.39129e-06 0.000602379 0.0315266 0.199727 0.17316 0.196482 0.224997 0.122368 0.0443705 0.0063416 0.00041669 7.89122e-06 3.42686e-08 3.16115e-11 5.37445e-15 1.45219e-19 5.799e-25 3.30911e-31 2.62286e-38
 1.3722e-41 1.90452e-33 3.19522e-26 6.47985e-20 1.58846e-14 4.70689e-10 1.68593e-06 0.000729951 0.0382032 0.241954 0.202681 0.160542 0.179428 0.126713 0.0441365 0.00535572 0.000251543 3.75456e-06 1.41516e-08 1.01872e-11 1.24503e-15 2.43604e-20 7.14914e-26 2.96035e-32 1.6619e-39
 1.35548e-41 1.88132e-33 3.15631e-26 6.40092e-20 1.56911e-14 4.64956e-10 1.6654e-06 0.00072106 0.0377382 0.239152 0.207076 0.193821 0.188037 0.0970061 0.0321144 0.004163 0.0001681 1.82641e-06 4.93734e-09 2.75271e-12 2.63696e-16 3.84948e-21 8.09145e-27 2.37907e-33 9.55668e-41
 1.18867e-41 1.6498e-33 2.76788e-26 5.6132e-20 1.37601e-14 4.07737e-10 1.46045e-06 0.000632323 0.0330946 0.209929 0.190542 0.214146 0.206698 0.112528 0.0294448 0.0028768 0.00010533 1.00854e-06 2.05599e-09 8.02028e-13 5.46676e-17 5.90125e-22 9.29998e-28 2.02409e-34 5.88717e-42
 1.06623e-41 1.47985e-33 2.48276e-26 5.03499e-20 1.23427e-14 3.65736e-10 1.31001e-06 0.000567188 0.0296862 0.18852 0.178543 0.221512 0.21729 0.129059 0.0320142 0.00273251 7.41995e-05 5.49385e-07 9.19685e-10 2.79476e-13 1.37476e-17 1.03336e-22 1.13768e-28 1.76351e-35 3.71684e-43
 1.05108e-41 1.45883e-33 2.44749e-26 4.96345e-20 1.21673e-14 3.6054e-10 1.2914e-06 0.00055913 0.0292651 0.186012 0.17995 0.221566 0.216744 0.131546 0.0316958 0.00260006 6.0337e-05 3.39251e-07 4.11969e-10 9.40114e-14 3.53897e-18 1.99178e-23 1.58422e-29 1.72731e-36 2.53241e-44
 1.26609e-41 1.75725e-33 2.94815e-26 5.9788e-20 1.46563e-14 4.34293e-10 1.55557e-06 0.000673508 0.0352509 0.223774 0.204301 0.199874 0.192734 0.113685 0.0274005 0.00225468 5.11229e-05 2.65089e-07 2.72065e-10 4.94511e-14 1.46915e-18 6.65666e-24 4.3404e-30 3.89245e-37 4.65115e-45
 1.26612e-41 1.75729e-33 2.94821e-26 5.97892e-20 1.46566e-14 4.34302e-10 1.5556e-06 0.000673522 0.0352516 0.223779 0.204305 0.199883 0.192903 0.114038 0.0270177 0.00210339 4.41602e-05 2.07814e-07 1.90703e-10 3.06256e-14 7.96863e-19 3.14498e-24 1.78114e-30 1.38554e-37 1.43479e-45
#pred catch len freq
 2.55636e-27 2.56997e-27 1.69762e-26 3.04137e-20 7.45555e-15 2.20921e-10 7.91303e-07 0.000342604 0.0179307 0.113435 0.0873128 0.0437928 0.271983 0.251322 0.0568183 0.0667803 0.0273777 0.0193281 0.0114301 0.00842726 0.00646906 0.00550776 0.00546184 0.00481321 0.00146637
 2.55937e-27 2.57854e-27 2.48641e-26 4.70549e-20 1.15349e-14 3.41801e-10 1.22427e-06 0.000530064 0.0277416 0.175502 0.134628 0.0389107 0.201591 0.187398 0.064465 0.100141 0.0348312 0.0157966 0.00702614 0.00391481 0.00242753 0.00175698 0.00153644 0.00135078 0.000450612
 2.56201e-27 2.58514e-27 3.01096e-26 5.81185e-20 1.42471e-14 4.22166e-10 1.51213e-06 0.000654693 0.0342643 0.216766 0.166196 0.0426482 0.207853 0.191956 0.043166 0.0505231 0.021429 0.0153818 0.00535913 0.00189985 0.000801454 0.000438225 0.000314306 0.000258444 8.91661e-05
 2.56037e-27 2.58048e-27 2.57917e-26 4.90088e-20 1.20139e-14 3.55994e-10 1.27511e-06 0.000552074 0.0288936 0.182789 0.140296 0.0453907 0.246921 0.227856 0.0468553 0.0496402 0.0171703 0.00778063 0.00358121 0.00158318 0.000417396 0.000137363 6.9063e-05 4.84284e-05 1.65047e-05
 2.56063e-27 2.58136e-27 2.67176e-26 5.09628e-20 1.24929e-14 3.70187e-10 1.32595e-06 0.000574085 0.0300455 0.190077 0.145835 0.0437776 0.230755 0.213294 0.0507624 0.0622008 0.0207221 0.00792563 0.00264121 0.000944953 0.000333859 7.65167e-05 2.01502e-05 1.00218e-05 3.18672e-06
 2.56182e-27 2.58447e-27 2.93618e-26 5.65405e-20 1.38602e-14 4.10703e-10 1.47107e-06 0.000636916 0.0333339 0.21088 0.161723 0.0439643 0.221013 0.20405 0.04451 0.0503076 0.0177288 0.0082817 0.00260844 0.000720875 0.000182124 4.68795e-05 8.22725e-06 2.0287e-06 5.344e-07
 2.56147e-27 2.58337e-27 2.82477e-26 5.41895e-20 1.32839e-14 3.93626e-10 1.4099e-06 0.000610434 0.0319479 0.202112 0.155051 0.0454691 0.237151 0.218709 0.0428888 0.0428551 0.0144735 0.00590849 0.00202449 0.000636192 0.000132115 2.43046e-05 3.9864e-06 5.16342e-07 8.36502e-08
 2.56151e-27 2.5835e-27 2.83894e-26 5.44887e-20 1.33572e-14 3.95799e-10 1.41769e-06 0.000613804 0.0321243 0.203228 0.155898 0.0451397 0.23405 0.215944 0.044169 0.0464378 0.0150481 0.00512816 0.00161436 0.000472439 0.000111146 1.82903e-05 2.16073e-06 2.05014e-07 1.64956e-08
 2.5622e-27 2.58536e-27 3.00098e-26 5.79069e-20 1.41952e-14 4.20628e-10 1.50662e-06 0.000652309 0.0341395 0.215976 0.165629 0.0448601 0.225086 0.20762 0.0417477 0.0430199 0.0141493 0.00513905 0.00151192 0.000373317 7.93529e-05 1.37408e-05 1.48186e-06 9.946e-08 4.6402e-09
 2.56387e-27 2.5898e-27 3.38556e-26 6.60195e-20 1.61839e-14 4.79558e-10 1.7177e-06 0.000743696 0.0389224 0.246234 0.188726 0.044427 0.205562 0.189448 0.03572 0.0338247 0.0110164 0.00385724 0.00115986 0.000293857 5.41658e-05 8.172e-06 8.79275e-07 5.19278e-08 1.59773e-09
 2.56262e-27 2.58629e-27 3.06244e-26 5.92027e-20 1.45128e-14 4.30041e-10 1.54033e-06 0.000666906 0.0349034 0.220809 0.169343 0.0463782 0.234029 0.215502 0.0364458 0.0288962 0.00914166 0.00281346 0.00082149 0.000203575 3.85223e-05 5.30747e-06 4.90328e-07 2.7681e-08 7.06974e-10
 2.56314e-27 2.58776e-27 3.19955e-26 6.20955e-20 1.5222e-14 4.51054e-10 1.6156e-06 0.000699493 0.0366089 0.231599 0.177566 0.0453664 0.220552 0.203224 0.0371603 0.0335965 0.0102562 0.00251017 0.000677881 0.000150165 2.7408e-05 3.78634e-06 3.25251e-07 1.58989e-08 3.73158e-10
 2.565e-27 2.59276e-27 3.6371e-26 7.13256e-20 1.74846e-14 5.18101e-10 1.85575e-06 0.000803469 0.0420507 0.266024 0.203838 0.0444867 0.195398 0.179903 0.0310372 0.0255132 0.00796972 0.00226642 0.00058298 0.000104687 1.68857e-05 2.16468e-06 1.82846e-07 8.29082e-09 1.70435e-10
 2.56338e-27 2.58823e-27 3.22419e-26 6.26147e-20 1.53492e-14 4.54825e-10 1.62911e-06 0.000705341 0.036915 0.233535 0.179065 0.0467047 0.229682 0.211316 0.0325474 0.0210351 0.00639509 0.00158325 0.00041747 8.32689e-05 1.17317e-05 1.24921e-06 9.53622e-08 4.16648e-09 7.90223e-11
 2.56178e-27 2.58395e-27 2.85162e-26 5.47552e-20 1.34226e-14 3.97735e-10 1.42462e-06 0.000616806 0.0322814 0.204222 0.156691 0.0472757 0.249748 0.229976 0.0384657 0.0298177 0.00878199 0.00164387 0.000395566 7.09942e-05 1.0647e-05 1.09565e-06 6.8531e-08 2.64536e-09 4.74957e-11
 2.56301e-27 2.58734e-27 3.15672e-26 6.11917e-20 1.50004e-14 4.44489e-10 1.59208e-06 0.000689311 0.0360761 0.228228 0.175001 0.0459516 0.226807 0.208895 0.0363383 0.0302861 0.009129 0.00204535 0.00047613 6.60569e-05 8.69393e-06 8.77325e-07 5.4445e-08 1.76105e-09 2.75679e-11
 2.56407e-27 2.59013e-27 3.39425e-26 6.62022e-20 1.62287e-14 4.80885e-10 1.72245e-06 0.000745754 0.0390301 0.246916 0.189272 0.0460377 0.217436 0.200054 0.0312679 0.0209503 0.00634164 0.0015109 0.000370153 5.89419e-05 6.80828e-06 5.51082e-07 3.19438e-08 1.00807e-09 1.35534e-11
 2.564e-27 2.58989e-27 3.36912e-26 6.56719e-20 1.60987e-14 4.77032e-10 1.70865e-06 0.00073978 0.0387174 0.244938 0.187768 0.0464629 0.221728 0.20394 0.0306001 0.0184367 0.00539328 0.000992641 0.000235449 3.99552e-05 5.0925e-06 4.13126e-07 1.92445e-08 5.42348e-10 6.95234e-12
 2.56429e-27 2.59072e-27 3.44653e-26 6.73051e-20 1.6499e-14 4.88896e-10 1.75114e-06 0.000758178 0.0396803 0.251029 0.192411 0.0459206 0.214339 0.197199 0.0308064 0.0206003 0.00598808 0.00101015 0.000221244 3.01031e-05 3.81097e-06 3.37544e-07 1.63536e-08 3.8831e-10 4.32679e-12
 2.56383e-27 2.58941e-27 3.32506e-26 6.47423e-20 1.58708e-14 4.7028e-10 1.68446e-06 0.000729308 0.0381694 0.24147 0.185125 0.0467108 0.225472 0.207368 0.0307158 0.0178378 0.0052112 0.000951785 0.000208649 2.58138e-05 2.78301e-06 2.16782e-07 1.11566e-08 2.7674e-10 2.71179e-12
 2.56553e-27 2.59409e-27 3.7429e-26 7.35571e-20 1.80316e-14 5.3431e-10 1.91381e-06 0.000828606 0.0433662 0.274347 0.210204 0.0451471 0.195951 0.180203 0.0272862 0.0168511 0.00485902 0.000765739 0.000164617 2.17442e-05 2.26817e-06 1.52489e-07 6.68532e-09 1.67621e-10 1.70571e-12
 2.56534e-27 2.59351e-27 3.68596e-26 7.23558e-20 1.77372e-14 5.25584e-10 1.88255e-06 0.000815074 0.042658 0.269867 0.206793 0.0457946 0.203276 0.186845 0.0263533 0.0130546 0.00376381 0.00062748 0.000133041 1.54667e-05 1.61605e-06 1.10829e-07 4.31236e-09 9.18091e-11 9.07414e-13
 2.56538e-27 2.59361e-27 3.69475e-26 7.25412e-20 1.77826e-14 5.2693e-10 1.88738e-06 0.000817162 0.0427673 0.270558 0.207321 0.0458089 0.203013 0.186597 0.0261901 0.0127407 0.00360002 0.000476062 9.55085e-05 1.15709e-05 1.1429e-06 7.24554e-08 2.856e-09 5.57377e-11 4.71929e-13
 2.56603e-27 2.59537e-27 3.84981e-26 7.58123e-20 1.85845e-14 5.50691e-10 1.97248e-06 0.00085401 0.0446958 0.282758 0.21663 0.0453638 0.193086 0.17743 0.0244627 0.0111099 0.00312508 0.000398748 7.60611e-05 7.4873e-06 7.07991e-07 4.4672e-08 1.62473e-09 3.10507e-11 2.45916e-13
 2.56598e-27 2.59524e-27 3.83821e-26 7.55675e-20 1.85245e-14 5.48913e-10 1.96611e-06 0.000851252 0.0445515 0.281845 0.215934 0.0454315 0.19409 0.178349 0.0244897 0.0109397 0.00306581 0.000373659 6.97842e-05 6.59277e-06 5.554e-07 2.98987e-08 1.06353e-09 1.91589e-11 1.45279e-13
 2.56604e-27 2.59537e-27 3.84701e-26 7.57531e-20 1.857e-14 5.50261e-10 1.97094e-06 0.000853343 0.0446609 0.282537 0.216466 0.045633 0.19525 0.179364 0.0236618 0.0087975 0.00244013 0.000279429 5.06234e-05 4.56871e-06 3.71613e-07 1.83633e-08 5.56058e-10 9.29136e-12 6.71383e-14
 2.5661e-27 2.59553e-27 3.86171e-26 7.60632e-20 1.8646e-14 5.52514e-10 1.97901e-06 0.000856836 0.0448437 0.283694 0.217348 0.0455468 0.193974 0.178198 0.0236593 0.00908364 0.00250093 0.000247798 4.17781e-05 3.553e-06 2.76603e-07 1.30047e-08 3.66616e-10 5.29989e-12 3.43678e-14
 2.56598e-27 2.5952e-27 3.8307e-26 7.54091e-20 1.84856e-14 5.47762e-10 1.96199e-06 0.000849468 0.0444581 0.281254 0.215489 0.0457961 0.197177 0.181116 0.0234822 0.0079464 0.00217677 0.00021475 3.55103e-05 2.63648e-06 1.87531e-07 8.26578e-09 2.20923e-10 2.97363e-12 1.69702e-14
 2.56496e-27 2.59247e-27 3.59427e-26 7.04215e-20 1.7263e-14 5.11533e-10 1.83223e-06 0.000793284 0.0415176 0.262652 0.201289 0.0460703 0.209241 0.192358 0.027472 0.0142074 0.00394451 0.000384534 6.32114e-05 4.6778e-06 3.15705e-07 1.21024e-08 2.97054e-10 3.75134e-12 1.99368e-14
#obs catch len freq
 5.0068e-42 6.94911e-34 1.16586e-26 2.36434e-20 5.79589e-15 1.71743e-10 6.15155e-07 0.000266341 0.0139392 0.0881847 0.0680608 0.0398573 0.218475 0.186486 0.143711 0.14342 0.0645967 0.0260846 0.00608875 0.000786315 4.18288e-05 6.63308e-07 2.34076e-09 1.49288e-12 1.50719e-16
 5.70843e-42 7.92293e-34 1.32924e-26 2.69566e-20 6.6081e-15 1.9581e-10 7.0136e-07 0.000303665 0.0158926 0.100543 0.0776089 0.0436525 0.223198 0.181604 0.14318 0.131205 0.0568449 0.0209987 0.00444826 0.000498455 2.16184e-05 2.63426e-07 6.87149e-10 3.16794e-13 2.28277e-17
 1.08736e-41 1.50919e-33 2.53198e-26 5.13481e-20 1.25874e-14 3.72987e-10 1.33598e-06 0.000578433 0.0302728 0.191516 0.147121 0.0450987 0.180688 0.14014 0.113577 0.0954185 0.0396348 0.0132241 0.00248404 0.000237164 8.33522e-06 7.80124e-08 1.50296e-10 5.00314e-14 2.57179e-18
 1.12038e-41 1.55502e-33 2.60886e-26 5.29072e-20 1.29696e-14 3.84312e-10 1.37654e-06 0.000595996 0.0311921 0.197332 0.151909 0.0585018 0.237973 0.16422 0.0762045 0.0536885 0.0210264 0.0062517 0.00101994 8.08726e-05 2.26295e-06 1.61905e-08 2.30666e-11 5.55322e-15 2.03774e-19
 7.81442e-42 1.08459e-33 1.81962e-26 3.69016e-20 9.046e-15 2.6805e-10 9.6011e-07 0.000415694 0.0217558 0.137637 0.106593 0.0649419 0.274709 0.185122 0.116662 0.0712492 0.0166051 0.00375257 0.000521148 3.36193e-05 7.32654e-07 3.95295e-09 4.14924e-12 7.23499e-16 1.90017e-20
 1.25589e-41 1.74309e-33 2.92439e-26 5.93061e-20 1.45382e-14 4.30793e-10 1.54303e-06 0.000668079 0.0349646 0.221199 0.170124 0.0527559 0.171985 0.12208 0.125857 0.0761753 0.0204329 0.0034501 0.000292944 1.42015e-05 2.36184e-07 9.45133e-10 7.23076e-13 9.09252e-17 1.70921e-21
 1.03913e-41 1.44224e-33 2.41966e-26 4.90703e-20 1.2029e-14 3.56441e-10 1.27671e-06 0.000552773 0.0289299 0.183025 0.141678 0.073729 0.260179 0.153488 0.0857824 0.0506367 0.018516 0.00324752 0.00022835 6.70863e-06 7.41432e-08 2.13305e-10 1.17338e-13 1.05402e-17 1.41007e-22
 1.27552e-41 1.77034e-33 2.97011e-26 6.02333e-20 1.47655e-14 4.37528e-10 1.56716e-06 0.000678524 0.0355113 0.224659 0.173282 0.0643909 0.192533 0.123939 0.116391 0.0544385 0.0118874 0.00211814 0.000165223 3.98803e-06 2.75883e-08 4.94763e-11 1.84768e-14 1.16403e-18 1.09792e-23
 1.14622e-41 1.59088e-33 2.66903e-26 5.41273e-20 1.32687e-14 3.93175e-10 1.40829e-06 0.000609741 0.0319114 0.201889 0.15656 0.0797665 0.2392 0.134343 0.0948063 0.0461948 0.0129941 0.00162597 9.57695e-05 2.24497e-06 1.28237e-08 1.52016e-11 3.49781e-15 1.41765e-19 9.03734e-25
 1.51332e-41 2.10038e-33 3.52383e-26 7.14626e-20 1.75182e-14 5.19096e-10 1.85932e-06 0.000805021 0.0421316 0.266544 0.205657 0.0695137 0.171014 0.103698 0.0938885 0.0374871 0.00814975 0.0010552 5.33702e-05 8.91437e-07 4.21598e-09 4.07257e-12 6.68382e-16 1.75143e-20 7.05885e-26
 1.55417e-41 2.15709e-33 3.61897e-26 7.33919e-20 1.79912e-14 5.33111e-10 1.90952e-06 0.000826755 0.0432691 0.273744 0.211844 0.0831516 0.19695 0.0983141 0.0614493 0.0242997 0.0055698 0.000556159 2.35003e-05 3.28756e-07 1.12359e-09 8.0631e-13 1.02882e-16 2.02862e-21 5.7568e-27
 1.15661e-41 1.6053e-33 2.69322e-26 5.46179e-20 1.33889e-14 3.96739e-10 1.42105e-06 0.000615268 0.0322007 0.20373 0.15964 0.103921 0.253788 0.128871 0.0865532 0.0260858 0.00419461 0.000384091 1.34683e-05 1.44075e-07 3.84043e-10 2.02161e-13 1.83186e-17 2.62763e-22 5.54185e-28
 1.72911e-41 2.39989e-33 4.02631e-26 8.16527e-20 2.00162e-14 5.93117e-10 2.12445e-06 0.000919813 0.0481393 0.304557 0.235405 0.0748916 0.140383 0.0898896 0.0794894 0.022798 0.00330933 0.000210212 5.46128e-06 4.63051e-08 9.19516e-11 3.57259e-14 2.36971e-18 2.4242e-23 3.60057e-29
 1.39863e-41 1.94121e-33 3.25678e-26 6.60468e-20 1.61906e-14 4.79757e-10 1.71841e-06 0.000744012 0.0389387 0.246369 0.19351 0.116565 0.234475 0.0986079 0.0510506 0.0166819 0.0028896 0.00016406 3.12979e-06 1.81101e-08 2.61606e-11 7.44152e-15 3.55365e-19 2.61074e-24 2.77874e-30
 1.18651e-41 1.64679e-33 2.76284e-26 5.60298e-20 1.37351e-14 4.06995e-10 1.45779e-06 0.000631172 0.0330331 0.209017 0.165712 0.118656 0.228575 0.131947 0.091206 0.0189408 0.00214963 0.000128532 2.35037e-06 1.03317e-08 1.01022e-11 1.95869e-15 6.59756e-20 3.45198e-25 2.6087e-31
 9.49233e-42 1.31747e-33 2.21033e-26 4.48251e-20 1.09883e-14 3.25605e-10 1.16626e-06 0.000504952 0.0264272 0.167243 0.135372 0.132152 0.244474 0.154289 0.108972 0.0272675 0.00317609 0.000119308 1.68572e-06 6.67685e-09 5.21906e-12 7.14202e-16 1.618e-20 5.72848e-26 2.9912e-32
 1.50293e-41 2.08597e-33 3.49964e-26 7.0972e-20 1.7398e-14 5.15533e-10 1.84656e-06 0.000799495 0.0418424 0.264753 0.207943 0.0989363 0.153552 0.120371 0.0867792 0.0221927 0.00272146 0.000106081 1.14603e-06 3.10043e-09 1.89092e-12 2.07781e-16 3.54735e-21 8.8695e-27 3.15794e-33
 1.05088e-41 1.45855e-33 2.44702e-26 4.9625e-20 1.2165e-14 3.60471e-10 1.29115e-06 0.000559023 0.0292571 0.185198 0.153465 0.169975 0.260805 0.117956 0.0627997 0.0177083 0.0021907 8.46506e-05 8.81926e-07 1.97491e-09 8.46597e-13 6.49898e-17 8.23945e-22 1.56725e-27 4.17063e-34
 1.53286e-41 2.1275e-33 3.56933e-26 7.23853e-20 1.77444e-14 5.25799e-10 1.88333e-06 0.000815415 0.0426757 0.270056 0.214188 0.111548 0.153507 0.126258 0.0685928 0.0112429 0.00107485 4.04076e-05 3.92911e-07 7.91128e-10 2.84612e-13 1.6541e-17 1.47143e-22 1.93764e-28 3.65865e-35
 1.08484e-41 1.50569e-33 2.52611e-26 5.1229e-20 1.25582e-14 3.72122e-10 1.33288e-06 0.000577092 0.0302029 0.191255 0.16254 0.190645 0.247556 0.111743 0.0526082 0.0119131 0.00093449 2.27706e-05 1.80171e-07 3.16402e-10 9.68531e-14 4.63932e-18 3.26007e-23 3.22101e-29 4.3586e-36
 1.38262e-41 1.91898e-33 3.21949e-26 6.52906e-20 1.60052e-14 4.74264e-10 1.69874e-06 0.000735495 0.0384931 0.243667 0.198331 0.136057 0.173023 0.140649 0.0600902 0.00833284 0.00060555 1.40972e-05 7.82743e-08 9.73341e-11 2.33885e-14 9.04545e-19 5.08522e-24 3.95535e-30 4.13491e-37
 1.50805e-41 2.09307e-33 3.51156e-26 7.12138e-20 1.74572e-14 5.1729e-10 1.85285e-06 0.000802219 0.0419853 0.265831 0.21927 0.16142 0.173825 0.0909628 0.0386161 0.00689228 0.000387408 6.49431e-06 3.04706e-08 2.89327e-11 4.80912e-15 1.31681e-19 5.51584e-25 3.28192e-31 2.63727e-38
 1.22556e-41 1.701e-33 2.85377e-26 5.7874e-20 1.41871e-14 4.2039e-10 1.50577e-06 0.000651946 0.0341209 0.216208 0.188228 0.200222 0.210976 0.109582 0.0352503 0.00450527 0.000250146 3.82488e-06 1.3051e-08 9.21046e-12 1.17045e-15 2.33191e-20 6.80278e-26 2.81452e-32 1.6084e-39
 1.47334e-41 2.04489e-33 3.43073e-26 6.95746e-20 1.70554e-14 5.05383e-10 1.8102e-06 0.000783753 0.0410192 0.259829 0.218205 0.161981 0.16826 0.111862 0.0342622 0.00365079 0.000144395 1.75159e-06 5.13769e-09 2.806e-12 2.55899e-16 3.68537e-21 7.88433e-27 2.36588e-33 9.58471e-41
 1.45378e-41 2.01775e-33 3.3852e-26 6.86511e-20 1.6829e-14 4.98674e-10 1.78617e-06 0.00077335 0.0404752 0.256556 0.222749 0.193869 0.173305 0.084509 0.0248823 0.00278486 9.3092e-05 8.15424e-07 1.71736e-09 7.24672e-13 5.15583e-17 5.52868e-22 8.46863e-28 1.80276e-34 5.21739e-42
 1.28641e-41 1.78545e-33 2.99547e-26 6.07475e-20 1.48915e-14 4.41264e-10 1.58053e-06 0.000684317 0.0358162 0.227273 0.206872 0.215042 0.192563 0.097404 0.0223834 0.00190349 5.75765e-05 4.38036e-07 6.90052e-10 2.03416e-13 1.02858e-17 8.13349e-23 9.31751e-29 1.46712e-35 3.07631e-43
 1.16293e-41 1.61408e-33 2.70795e-26 5.49166e-20 1.34622e-14 3.98908e-10 1.42883e-06 0.000618633 0.0323792 0.20572 0.195336 0.223437 0.204807 0.111669 0.0242223 0.00176855 3.95029e-05 2.32588e-07 2.98975e-10 6.82643e-14 2.48695e-18 1.36903e-23 1.09438e-29 1.22442e-36 1.85567e-44
 1.14826e-41 1.59371e-33 2.67378e-26 5.42236e-20 1.32923e-14 3.93875e-10 1.4108e-06 0.000610827 0.0319706 0.203099 0.191789 0.216433 0.208753 0.118797 0.0265471 0.0019594 3.98874e-05 1.92022e-07 1.9546e-10 3.68134e-14 1.13326e-18 5.18756e-24 3.34117e-30 2.93813e-37 3.46215e-45
 1.36364e-41 1.89264e-33 3.1753e-26 6.43945e-20 1.57856e-14 4.67755e-10 1.67542e-06 0.000725401 0.0379666 0.240923 0.216047 0.193114 0.181045 0.103976 0.0242924 0.00186965 3.89692e-05 1.82439e-07 1.66813e-10 2.67179e-14 6.93804e-19 2.73424e-24 1.54687e-30 1.20238e-37 1.2444e-45
#spawning biomass
 18139.7 16379.2 21798.4 29297.2 35889.4 44578.9 52767.4 60771.4 71869.1 94565.6 116364 136484 180103 214282 203447 172887 156705 151899 159051 149316 154994 170596 176249 186045 204723 199572 195967 190205 254173 354750 245275 88820 33428.4 20142.1 17305.9 16741.3 16634.2 16614.5 16611 16610.4 16610.3 16610.3 16610.3 16610.3 16610.3 16610.3 16610.3 16610.3 16610.3 16610.3 16610.3 16610.3 16610.3 16610.3 16610.3 16610.3 16610.3 16610.3 16610.3 16610.3 16610.3 16610.3 16610.3 16610.3 16610.3 16610.3 16610.3 16610.3 16610.3 16610.3 16610.3 16610.3 16610.3 16610.3 16610.3 16610.3 16610.3 16610.3 16610.3 16610.3 16610.3 16610.3 16610.3 16610.3 16610.3 16610.3 16610.3 16610.3 16610.3 16610.3 16610.3 16610.3 16610.3 16610.3 16610.3 16610.3 16610.3 16610.3 16610.3 16610.3 16610.3 16610.3 16610.3 16610.3 16610.3 16610.3 16610.3 16610.3 16610.3 16610.3 16610.3 16610.3 16610.3 16610.3 16610.3 16610.3 16610.3 16610.3 16610.3 16610.3 16610.3 16610.3 16610.3 16610.3 16610.3 16610.3 16610.3 16610.3 16610.3 0 0 0 0 0 0 0 0 0 0 0 0 0 0 0 0 0 0 0 0 0 0 0 0 0
