SBPRF35
0.224663
Curr Bio
27254.7
B35
67707.4
F35
0.49175
FOFL
0.167261
OFL
4981.56
Bzero
64189.3
#pred survey bio
 7333.89 6747.19 7467.93 9766.94 12716.4 14928.5 14421.1 13679.3 22172.8 34521.3 35890.3 41936.7 66206.6 79090.8 60871.7 55724.7 53282.5 59154 56071.4 55638 55778.1 61620.7 71392.5 73347.7 78477.6 78843.1 68133.1 64026.6 2.15367e+06 1.61314e+06 1.45006e+06 1.17103e+06 978508 871679 816816 789359 775574 768486 764703 762592 761359 760610 760139 759835 759637 759507 759420 759362 759323 759297 759279 759267 759259 759254 759250 759248 759246 759245 759244 759244 759243 759243 759243 759243 759243 759243 759243 759242 759242 759242 759242 759242 759242 759242 759242 759242 759242 759242 759242 759242 759242 759242 759242 759242 759242 759242 759242 759242 759242 759242 759242 759242 759242 759242 759242 759242 759242 759242 759242 759242 759242 759242 759242 759242 759242 759242 759242 759242 759242 759242 759242 759242 759242 759242 759242 759242 759242 759242 759242 759242 759242 759242 759242 759242 759242 759242 759242 759242 0 0 0 0 0 0 0 0 0 0 0 0 0 0 0 0 0 0 0 0 0 0 0 0 0
#obs survey bio
 6302.52 5412.62 7638.09 9048.3 15547.9 19831.3 11175.7 16849.4 35794.4 41320.4 24913.8 46418.2 90532.1 63828.9 52599.3 55376.7 49370.6 63943.7 54250.8 56617.8 64882.4 72896.3 53504.7 81039.8 77561.6 74244.4 50137.7 72995.1
#pred catch bio
 4058.7 3594.29 3448.18 4711.7 6324.13 7959.99 8782.19 7296.42 8666.21 19048.6 23327.5 19523 33240.8 53429.8 37368.2 36559.7 30104.2 38134.5 34609.1 34463.6 33269.1 33199.9 44175.2 43532 45468.2 50856.1 42851 41021.6 4981.56 20595.3 19519.6 15088.1 12032.1 10422.6 9652.59 9302.27 9147.76 9080.97 9052.5 9040.47 9035.42 9033.31 9032.43 9032.07 9031.91 9031.85 9031.83 9031.81 9031.81 9031.81 9031.81 9031.81 9031.81 9031.81 9031.81 9031.81 9031.81 9031.81 9031.81 9031.81 9031.81 9031.81 9031.81 9031.81 9031.81 9031.81 9031.81 9031.81 9031.81 9031.81 9031.81 9031.81 9031.81 9031.81 9031.81 9031.81 9031.81 9031.81 9031.81 9031.81 9031.81 9031.81 9031.81 9031.81 9031.81 9031.81 9031.81 9031.81 9031.81 9031.81 9031.81 9031.81 9031.81 9031.81 9031.81 9031.81 9031.81 9031.81 9031.81 9031.81 9031.81 9031.81 9031.81 9031.81 9031.81 9031.81 9031.81 9031.81 9031.81 9031.81 9031.81 9031.81 9031.81 9031.81 9031.81 9031.81 9031.81 9031.81 9031.81 9031.81 9031.81 9031.81 9031.81 9031.81 9031.81 9031.81 9031.81 9031.81 0 0 0 0 0 0 0 0 0 0 0 0 0 0 0 0 0 0 0 0 0 0 0 0 0
#obs catch bio
 3393.07 3610.53 3423.27 4699.26 6298.08 7795.66 8895.02 7366.67 8453.2 18791.1 24497.3 19381.7 32208 54468.1 37532.7 37933.7 30219.8 39486.1 35218.5 34740.9 33550.9 32692.1 45003.1 43820.3 44993.6 51539.4 43178.2 41692.8
#pred cpue bio
 5203.85 4423.92 4713.92 6123.2 7864.83 9623 9824.59 8504.72 11951.9 21640.4 23292.5 23078.8 38934.7 50976.7 39537.7 35661.9 31984.2 37093.8 34466.6 34711.7 34380 37280 44860.2 44615 48535.5 50790.7 43391.6 40028.4 1.32259e+06 1.28428e+06 1.28207e+06 1.02503e+06 833037 725986 671065 643599 629811 622723 618940 616829 615596 614847 614376 614072 613874 613744 613657 613599 613560 613534 613516 613504 613496 613491 613487 613485 613483 613482 613481 613480 613480 613480 613480 613480 613480 613480 613479 613479 613479 613479 613479 613479 613479 613479 613479 613479 613479 613479 613479 613479 613479 613479 613479 613479 613479 613479 613479 613479 613479 613479 613479 613479 613479 613479 613479 613479 613479 613479 613479 613479 613479 613479 613479 613479 613479 613479 613479 613479 613479 613479 613479 613479 613479 613479 613479 613479 613479 613479 613479 613479 613479 613479 613479 613479 613479 613479 613479 613479 0 0 0 0 0 0 0 0 0 0 0 0 0 0 0 0 0 0 0 0 0 0 0 0 0
#obs cpue bio
 4808.94 5293.51 4828.99 6940.73 6793.62 11314.8 7959.99 8210.35 12137.7 14407 17407.3 25952.3 54354.3 34577.5 36468 23681.3 26944 20833.2 29681.2 29792.5 30893 38251.2 39210.8 40550.9 58061.7 42253.8 53528.9 34587.6
#pred surv len freq
 2.14314e-27 2.16702e-27 5.9743e-27 1.30258e-21 7.74691e-17 1.05925e-12 3.32977e-09 2.40644e-06 0.000399826 0.0152731 0.134129 0.270811 0.126265 0.028373 0.0916846 0.128936 0.051926 0.0401953 0.0348701 0.0214791 0.0165876 0.0128766 0.011857 0.0101907 0.00414385
 2.1426e-27 2.16661e-27 5.9741e-27 1.30257e-21 7.74691e-17 1.05925e-12 3.32977e-09 2.40643e-06 0.000399826 0.0152731 0.134129 0.270812 0.126384 0.0315538 0.111107 0.156142 0.0597671 0.0372713 0.0292381 0.0120236 0.00655937 0.00380578 0.00271497 0.0020208 0.000795904
 2.14366e-27 2.16945e-27 6.28985e-27 1.40973e-21 8.3842e-17 1.14639e-12 3.60369e-09 2.6044e-06 0.000432717 0.0165295 0.145163 0.293089 0.136644 0.0304944 0.097927 0.137643 0.0544493 0.0391124 0.0305946 0.010765 0.00438081 0.00156122 0.000689252 0.000384698 0.000137795
 2.1437e-27 2.16958e-27 6.30389e-27 1.41449e-21 8.4125e-17 1.15026e-12 3.61585e-09 2.61319e-06 0.000434177 0.0165853 0.145653 0.294078 0.137111 0.0307503 0.0991909 0.13936 0.0541538 0.0361604 0.0285401 0.0112937 0.00485712 0.00136373 0.000335486 0.000102156 2.87208e-05
 2.14404e-27 2.17039e-27 6.38697e-27 1.44266e-21 8.58004e-17 1.17317e-12 3.68787e-09 2.66523e-06 0.000442824 0.0169156 0.148554 0.299935 0.139817 0.0307067 0.0971596 0.136468 0.052767 0.0344478 0.0268699 0.0100465 0.00426094 0.00128598 0.000272183 4.25905e-05 6.62444e-06
 2.14234e-27 2.16621e-27 5.94398e-27 1.29238e-21 7.6863e-17 1.05096e-12 3.30372e-09 2.38761e-06 0.000396697 0.0151536 0.133079 0.268694 0.125429 0.0321993 0.115688 0.162594 0.0621144 0.0383363 0.0295829 0.0107701 0.00438578 0.00126898 0.000267862 3.51774e-05 2.88689e-06
 2.14054e-27 2.16191e-27 5.50444e-27 1.14336e-21 6.79998e-17 9.29777e-13 2.92276e-09 2.11229e-06 0.000350954 0.0134062 0.117734 0.237712 0.111109 0.0322909 0.125585 0.176789 0.0704635 0.0521202 0.0408566 0.0142136 0.00549289 0.0015266 0.000306837 3.84124e-05 2.54584e-06
 2.14437e-27 2.17128e-27 6.4916e-27 1.4782e-21 8.7914e-17 1.20207e-12 3.77872e-09 2.73089e-06 0.000453733 0.0173323 0.152213 0.307323 0.143188 0.0295149 0.0876572 0.123213 0.0499703 0.0394317 0.0314673 0.0118347 0.00484252 0.00128419 0.000241609 2.86041e-05 1.76356e-06
 2.14746e-27 2.1787e-27 7.25376e-27 1.73663e-21 1.03284e-16 1.41222e-12 4.43934e-09 3.20832e-06 0.000533058 0.0203624 0.178824 0.361049 0.168007 0.028999 0.0683149 0.0956006 0.0355039 0.0189236 0.0145161 0.00585887 0.00259881 0.0007441 0.000143863 1.6168e-05 9.35021e-07
 2.14248e-27 2.16642e-27 5.94819e-27 1.29373e-21 7.69428e-17 1.05206e-12 3.30715e-09 2.39009e-06 0.000397109 0.0151693 0.133218 0.268973 0.125615 0.0337079 0.124813 0.175216 0.063341 0.0284392 0.0206018 0.00687055 0.00263239 0.00080856 0.000172712 2.05018e-05 1.16821e-06
 2.14243e-27 2.16648e-27 5.98057e-27 1.30484e-21 7.76036e-17 1.06109e-12 3.33555e-09 2.41061e-06 0.00040052 0.0152996 0.134362 0.271282 0.126591 0.0312744 0.109262 0.153721 0.0615645 0.0463081 0.0355775 0.0102988 0.00310663 0.00077686 0.000151834 1.92981e-05 1.17544e-06
 2.14703e-27 2.17765e-27 7.14397e-27 1.69939e-21 1.01069e-16 1.38194e-12 4.34416e-09 3.13953e-06 0.000521629 0.0199259 0.17499 0.353309 0.164434 0.029154 0.071594 0.100273 0.0378574 0.0220391 0.0168769 0.0061204 0.00231541 0.000503507 7.43476e-05 7.98788e-06 4.82728e-07
 2.14463e-27 2.17168e-27 6.50356e-27 1.48211e-21 8.81466e-17 1.20525e-12 3.78871e-09 2.73811e-06 0.000454933 0.0173781 0.152616 0.308137 0.143659 0.0320582 0.102938 0.14434 0.051873 0.0223379 0.0160829 0.00543627 0.00204052 0.000545122 9.16586e-05 8.24372e-06 4.02361e-07
 2.14206e-27 2.16549e-27 5.86449e-27 1.2654e-21 7.52583e-17 1.02902e-12 3.23475e-09 2.33776e-06 0.000388415 0.0148372 0.130301 0.263084 0.122855 0.0327061 0.120473 0.169345 0.0646566 0.0397219 0.0297595 0.00854601 0.00255878 0.00063824 0.000114749 1.19265e-05 5.67121e-07
 2.14179e-27 2.16485e-27 5.797e-27 1.24251e-21 7.3897e-17 1.01041e-12 3.17624e-09 2.29548e-06 0.00038139 0.0145688 0.127944 0.258326 0.120661 0.0328623 0.12286 0.172709 0.0658066 0.0400605 0.030321 0.00959111 0.00313644 0.000662852 9.60857e-05 9.70481e-06 5.02718e-07
 2.14288e-27 2.16758e-27 6.09431e-27 1.3434e-21 7.98973e-17 1.09245e-12 3.43414e-09 2.48186e-06 0.000412358 0.0157518 0.138333 0.2793 0.130296 0.0312223 0.106527 0.149784 0.0590161 0.0416981 0.0323015 0.0106308 0.00372414 0.000862204 0.000126734 1.08451e-05 5.00826e-07
 2.14447e-27 2.17138e-27 6.48058e-27 1.47436e-21 8.76858e-17 1.19895e-12 3.76891e-09 2.7238e-06 0.000452555 0.0172873 0.151818 0.306526 0.142886 0.0313017 0.0988058 0.138654 0.0517372 0.028279 0.0213149 0.00739099 0.00275947 0.000668882 0.000106011 9.52276e-06 4.10292e-07
 2.14289e-27 2.16749e-27 6.06953e-27 1.33493e-21 7.93932e-17 1.08556e-12 3.41247e-09 2.4662e-06 0.000409756 0.0156524 0.13746 0.277538 0.129533 0.0325826 0.115362 0.162026 0.0604846 0.0331125 0.024652 0.00774852 0.00263708 0.000671611 0.000115205 1.10919e-05 5.05794e-07
 2.14376e-27 2.16964e-27 6.29961e-27 1.41298e-21 8.40355e-17 1.14904e-12 3.61201e-09 2.61041e-06 0.000433716 0.0165676 0.145498 0.293766 0.136999 0.0316182 0.104584 0.14687 0.0556367 0.0328977 0.0246664 0.00746506 0.00235699 0.000541992 8.75092e-05 8.85427e-06 4.33621e-07
 2.14307e-27 2.16793e-27 6.11633e-27 1.3508e-21 8.03373e-17 1.09847e-12 3.45305e-09 2.49553e-06 0.000414629 0.0158385 0.139095 0.280839 0.131054 0.032452 0.113571 0.159495 0.0595151 0.0325115 0.0242441 0.00772311 0.00258034 0.000572974 8.43174e-05 7.84763e-06 3.81967e-07
 2.14373e-27 2.16959e-27 6.2956e-27 1.41163e-21 8.3955e-17 1.14793e-12 3.60855e-09 2.60791e-06 0.0004333 0.0165518 0.145358 0.293484 0.136865 0.0315168 0.10405 0.146135 0.0556179 0.0336631 0.0253601 0.0077788 0.00250857 0.000579426 8.77042e-05 7.72162e-06 3.45648e-07
 2.14425e-27 2.17083e-27 6.42363e-27 1.45505e-21 8.65372e-17 1.18324e-12 3.71954e-09 2.68812e-06 0.000446627 0.0170609 0.149829 0.302511 0.141033 0.0313822 0.100508 0.141081 0.0529881 0.0299936 0.0225594 0.00738007 0.0025518 0.000578538 8.66442e-05 7.82026e-06 3.45336e-07
 2.14302e-27 2.16784e-27 6.11034e-27 1.34879e-21 8.02176e-17 1.09683e-12 3.44791e-09 2.49181e-06 0.000414011 0.0158149 0.138888 0.28042 0.130848 0.0321274 0.111715 0.156934 0.0593488 0.0348127 0.0262939 0.00854966 0.00298597 0.000721635 0.000114171 1.02967e-05 4.56996e-07
 2.1442e-27 2.17072e-27 6.41524e-27 1.45221e-21 8.63687e-17 1.18094e-12 3.7123e-09 2.68289e-06 0.000445758 0.0170276 0.149538 0.301922 0.140753 0.0311758 0.0994248 0.139597 0.0530536 0.0318946 0.0241167 0.00769323 0.00261821 0.000626206 0.000101312 9.63978e-06 4.40247e-07
 2.14335e-27 2.16862e-27 6.1879e-27 1.37507e-21 8.17808e-17 1.11821e-12 3.5151e-09 2.54037e-06 0.000422079 0.0161231 0.141594 0.285885 0.133381 0.0323154 0.111215 0.156153 0.0580252 0.0309687 0.02307 0.00751321 0.00260928 0.000615109 9.75368e-05 9.33226e-06 4.41488e-07
 2.14221e-27 2.16587e-27 5.90641e-27 1.27963e-21 7.61045e-17 1.04059e-12 3.27112e-09 2.36405e-06 0.000392783 0.015004 0.131766 0.266042 0.124212 0.032418 0.117823 0.165622 0.0634954 0.039799 0.0301548 0.0093384 0.00306874 0.000732712 0.000117658 1.11233e-05 5.23696e-07
 2.14272e-27 2.16712e-27 6.03878e-27 1.32454e-21 7.87752e-17 1.07711e-12 3.38591e-09 2.44701e-06 0.000406566 0.0155306 0.13639 0.275378 0.128511 0.0319815 0.112344 0.157887 0.0605875 0.0381616 0.0291271 0.00952115 0.00329203 0.000751906 0.000115329 1.09154e-05 5.13711e-07
 2.1433e-27 2.16854e-27 6.18673e-27 1.37471e-21 8.17592e-17 1.11791e-12 3.51417e-09 2.5397e-06 0.000421967 0.0161189 0.141557 0.285809 0.133325 0.031752 0.107799 0.151431 0.0576284 0.0348849 0.0265195 0.00876692 0.00311042 0.000746112 0.000117321 1.0722e-05 4.93045e-07
#obs surv len freq
 8.68642e-40 4.2514e-33 4.78374e-27 1.23751e-21 7.35993e-17 1.00634e-12 3.16343e-09 2.28622e-06 0.000379858 0.0145101 0.127428 0.257284 0.120156 0.0322298 0.119313 0.167781 0.0649809 0.0427346 0.0333837 0.0125236 0.00529607 0.00159549 0.00035168 4.79159e-05 3.34193e-06
 1.03756e-39 5.07813e-33 5.71399e-27 1.47816e-21 8.79114e-17 1.20203e-12 3.77859e-09 2.7308e-06 0.000453726 0.0173317 0.152207 0.307313 0.143223 0.0305871 0.0942062 0.132273 0.0508611 0.0323656 0.0250587 0.0090821 0.00369514 0.00107798 0.000228916 3.00329e-05 2.02091e-06
 9.68048e-40 4.73793e-33 5.33119e-27 1.37913e-21 8.20219e-17 1.1215e-12 3.52545e-09 2.54785e-06 0.000423329 0.0161706 0.14201 0.286726 0.133789 0.0328174 0.114026 0.16001 0.0579564 0.0263857 0.0193074 0.00679395 0.00266307 0.000745658 0.000151217 1.90354e-05 1.2315e-06
 1.04883e-39 5.1333e-33 5.77607e-27 1.49422e-21 8.88666e-17 1.21509e-12 3.81965e-09 2.76047e-06 0.000458656 0.0175201 0.153861 0.310652 0.144796 0.0313664 0.0979574 0.137434 0.0510058 0.0270073 0.0198243 0.00576413 0.0017812 0.000467304 9.00872e-05 1.07831e-05 6.66503e-07
 9.87381e-40 4.83254e-33 5.43765e-27 1.40667e-21 8.36599e-17 1.1439e-12 3.59585e-09 2.59873e-06 0.000431783 0.0164935 0.144846 0.292452 0.136438 0.0328489 0.112493 0.157814 0.0567265 0.024448 0.0174262 0.00539727 0.00173557 0.00037987 5.92822e-05 6.50022e-06 3.8039e-07
 8.14059e-40 3.98425e-33 4.48314e-27 1.15975e-21 6.89745e-17 9.43102e-13 2.96465e-09 2.14256e-06 0.000355989 0.0135983 0.11942 0.241118 0.112779 0.0348035 0.139897 0.196551 0.0719074 0.0349095 0.0251523 0.00702182 0.00197171 0.000440158 6.555e-05 5.93177e-06 2.981e-07
 7.92728e-40 3.87986e-33 4.36568e-27 1.12936e-21 6.71672e-17 9.1839e-13 2.88697e-09 2.08642e-06 0.000346661 0.013242 0.116291 0.2348 0.109813 0.0336185 0.134567 0.189293 0.0728112 0.0463278 0.034951 0.0102228 0.00300733 0.000614713 8.26546e-05 7.16748e-06 3.18756e-07
 1.33068e-39 6.51276e-33 7.32826e-27 1.89575e-21 1.12748e-16 1.54162e-12 4.84609e-09 3.50228e-06 0.000581909 0.0222282 0.195208 0.394129 0.183243 0.0274612 0.0489577 0.0683254 0.0260412 0.0158845 0.0121095 0.00405145 0.00142245 0.00030861 4.16122e-05 3.31451e-06 1.35683e-07
 1.10305e-39 5.39866e-33 6.07465e-27 1.57146e-21 9.34603e-17 1.2779e-12 4.01709e-09 2.90316e-06 0.000482365 0.0184257 0.161815 0.32671 0.15227 0.0326795 0.101133 0.141542 0.0474353 0.00964517 0.00534346 0.00172963 0.000610447 0.00015052 2.36732e-05 1.98548e-06 7.86133e-08
 6.36436e-40 3.11491e-33 3.50495e-27 9.06698e-22 5.39247e-17 7.37323e-13 2.31778e-09 1.67507e-06 0.000278314 0.0106313 0.0933637 0.188512 0.0886026 0.0386722 0.17937 0.251991 0.0888069 0.032646 0.0216651 0.00463771 0.000667097 0.000131871 2.16354e-05 2.06815e-06 9.06625e-08
 1.22712e-39 6.00592e-33 6.75796e-27 1.74822e-21 1.03973e-16 1.42164e-12 4.46895e-09 3.22972e-06 0.000536623 0.0204983 0.180016 0.363457 0.169077 0.0278364 0.0604934 0.0848087 0.0349397 0.0290019 0.0222243 0.00566149 0.00124572 0.000184441 1.45529e-05 1.07494e-06 4.99733e-08
 1.17986e-39 5.77462e-33 6.4977e-27 1.68089e-21 9.9969e-17 1.36689e-12 4.29685e-09 3.10534e-06 0.000515957 0.0197089 0.173083 0.349461 0.162735 0.0312659 0.0856463 0.119759 0.0403827 0.00905458 0.00539312 0.00204154 0.000785601 0.000148212 1.44133e-05 7.54392e-07 2.08677e-08
 8.79511e-40 4.3046e-33 4.8436e-27 1.25299e-21 7.45203e-17 1.01893e-12 3.20302e-09 2.31483e-06 0.000384611 0.0146917 0.129022 0.260504 0.121774 0.0356913 0.139473 0.195645 0.0673957 0.0198165 0.0123577 0.00269256 0.000432551 9.89656e-05 1.56708e-05 1.08133e-06 3.0212e-08
 9.23215e-40 4.5185e-33 5.08429e-27 1.31526e-21 7.82232e-17 1.06956e-12 3.36218e-09 2.42985e-06 0.000403723 0.0154217 0.135433 0.273448 0.127667 0.0332568 0.120711 0.169521 0.0625853 0.0320968 0.0229583 0.00537178 0.000968986 0.000139985 1.2358e-05 9.83405e-07 3.89945e-08
 7.37201e-40 3.60809e-33 4.05988e-27 1.05025e-21 6.24624e-17 8.5406e-13 2.68475e-09 1.94027e-06 0.000322379 0.0123145 0.108146 0.218355 0.102307 0.0362055 0.155316 0.218233 0.0788404 0.0352061 0.0250863 0.00726228 0.00203453 0.000339207 2.84152e-05 1.45098e-06 4.34675e-08
 1.12326e-39 5.4976e-33 6.18599e-27 1.60026e-21 9.51733e-17 1.30132e-12 4.09072e-09 2.95637e-06 0.000491206 0.0187634 0.16478 0.332697 0.154932 0.0298776 0.0822244 0.115337 0.0443115 0.0280274 0.0209707 0.00572103 0.00151663 0.000306953 3.6772e-05 2.16646e-06 5.45861e-08
 8.72038e-40 4.26802e-33 4.80245e-27 1.24235e-21 7.38871e-17 1.01027e-12 3.1758e-09 2.29516e-06 0.000381344 0.0145668 0.127926 0.258291 0.120751 0.03569 0.140133 0.19657 0.067627 0.0196408 0.012686 0.00407569 0.00135186 0.000271629 3.33157e-05 2.43557e-06 7.89884e-08
 9.5449e-40 4.67156e-33 5.25652e-27 1.35981e-21 8.08731e-17 1.10579e-12 3.47607e-09 2.51216e-06 0.0004174 0.0159441 0.140021 0.28271 0.131931 0.0327778 0.114995 0.161467 0.0597728 0.0311451 0.0223297 0.00522618 0.00101226 0.000213169 3.09142e-05 2.36929e-06 8.48841e-08
 1.0111e-39 4.94863e-33 5.56828e-27 1.44046e-21 8.56696e-17 1.17138e-12 3.68224e-09 2.66116e-06 0.000442155 0.0168898 0.148326 0.299477 0.139679 0.0326622 0.109236 0.153203 0.0548346 0.0228887 0.0160988 0.00468715 0.00132515 0.000225022 2.22272e-05 1.70547e-06 6.79005e-08
 8.62241e-40 4.22007e-33 4.74849e-27 1.22839e-21 7.30569e-17 9.98922e-13 3.14012e-09 2.26937e-06 0.000377059 0.0144032 0.126489 0.255389 0.119384 0.0350236 0.136939 0.192225 0.0682525 0.0267434 0.018368 0.00488039 0.00124014 0.000250688 3.05407e-05 1.93896e-06 6.2577e-08
 1.11722e-39 5.46804e-33 6.15273e-27 1.59165e-21 9.46615e-17 1.29433e-12 4.06872e-09 2.94047e-06 0.000488564 0.0186625 0.163894 0.330908 0.154136 0.0306822 0.0876757 0.1229 0.0453278 0.0231218 0.016672 0.00430399 0.00101321 0.000187625 2.22185e-05 1.62603e-06 5.49868e-08
 8.90015e-40 4.35601e-33 4.90145e-27 1.26796e-21 7.54102e-17 1.0311e-12 3.24127e-09 2.34247e-06 0.000389205 0.0148671 0.130563 0.263615 0.123199 0.0353298 0.136329 0.191234 0.0661019 0.0202028 0.0130989 0.0037729 0.00107234 0.000198755 2.16931e-05 1.48569e-06 5.18447e-08
 1.00514e-39 4.91944e-33 5.53544e-27 1.43197e-21 8.51643e-17 1.16447e-12 3.66052e-09 2.64546e-06 0.000439547 0.0167901 0.147451 0.297711 0.138849 0.0323036 0.10758 0.150965 0.0553889 0.0273541 0.0194592 0.00460956 0.000902666 0.000171652 2.1468e-05 1.47235e-06 4.81382e-08
 1.0357e-39 5.06902e-33 5.70374e-27 1.4755e-21 8.77537e-17 1.19987e-12 3.77181e-09 2.7259e-06 0.000452912 0.0173006 0.151934 0.306762 0.143044 0.032589 0.106593 0.14943 0.0528552 0.0200771 0.0137868 0.00390798 0.00106452 0.000180797 1.73604e-05 1.18326e-06 4.13962e-08
 8.73699e-40 4.27615e-33 4.81159e-27 1.24471e-21 7.40278e-17 1.0122e-12 3.18185e-09 2.29953e-06 0.00038207 0.0145946 0.12817 0.258783 0.120953 0.0350249 0.135924 0.190768 0.0673814 0.0252738 0.0171182 0.00437534 0.00102523 0.000199128 2.35302e-05 1.46451e-06 4.41916e-08
 9.27281e-40 4.5384e-33 5.10668e-27 1.32105e-21 7.85678e-17 1.07427e-12 3.37698e-09 2.44055e-06 0.000405501 0.0154896 0.13603 0.274652 0.128224 0.0332583 0.120357 0.169003 0.0621185 0.0310317 0.02226 0.00564557 0.00127197 0.000224414 2.46577e-05 1.71948e-06 5.64581e-08
 9.69809e-40 4.74654e-33 5.34089e-27 1.38164e-21 8.21711e-17 1.12354e-12 3.53186e-09 2.55249e-06 0.000424099 0.0162 0.142269 0.287248 0.134039 0.0330403 0.11523 0.161692 0.058379 0.0259588 0.0184574 0.00528468 0.00147839 0.000268165 2.78902e-05 1.792e-06 5.86417e-08
 1.1287e-39 5.5242e-33 6.21592e-27 1.608e-21 9.56338e-17 1.30762e-12 4.11051e-09 2.97068e-06 0.000493582 0.0188542 0.165578 0.334307 0.155721 0.0310416 0.0888452 0.12445 0.0445346 0.0185537 0.0129479 0.00352587 0.000932416 0.000187784 2.31259e-05 1.53528e-06 4.75748e-08
#pred catch len freq
 2.13936e-27 2.15733e-27 4.93726e-27 9.50814e-22 5.65485e-17 7.732e-13 2.43056e-09 1.75658e-06 0.000291852 0.0111486 0.0979073 0.197681 0.0924809 0.0290543 0.117882 0.166138 0.0684641 0.0573946 0.0502284 0.0310431 0.0239776 0.0185772 0.0170842 0.014677 0.00596765
 2.13868e-27 2.15697e-27 4.96195e-27 9.59287e-22 5.70525e-17 7.80091e-13 2.45223e-09 1.77223e-06 0.000294453 0.0112479 0.0987798 0.199444 0.0934612 0.0334596 0.144252 0.203075 0.0791654 0.053604 0.0425088 0.0175343 0.00957751 0.00554665 0.00395104 0.00293926 0.00115753
 2.13936e-27 2.15902e-27 5.20364e-27 1.04136e-21 6.19335e-17 8.4683e-13 2.66202e-09 1.92385e-06 0.000319645 0.0122102 0.107231 0.216506 0.101309 0.032381 0.132526 0.186708 0.0757597 0.059848 0.047321 0.0167272 0.00683362 0.00243295 0.00107236 0.000598098 0.000214201
 2.13954e-27 2.15946e-27 5.24989e-27 1.05703e-21 6.28658e-17 8.59578e-13 2.7021e-09 1.95281e-06 0.000324457 0.012394 0.108845 0.219765 0.102829 0.0327522 0.13381 0.188408 0.0748407 0.0547105 0.0436658 0.0173531 0.00748425 0.00209941 0.00051562 0.000156832 4.40796e-05
 2.14e-27 2.16058e-27 5.36398e-27 1.09571e-21 6.51662e-17 8.91031e-13 2.80097e-09 2.02427e-06 0.000336329 0.0128475 0.112828 0.227806 0.106548 0.032768 0.131483 0.185079 0.0730267 0.051952 0.0409613 0.015368 0.00653342 0.00196978 0.00041635 6.50797e-05 1.01163e-05
 2.13839e-27 2.15661e-27 4.9424e-27 9.52696e-22 5.66604e-17 7.74731e-13 2.43538e-09 1.76005e-06 0.00029243 0.0111706 0.0981011 0.198074 0.0928601 0.0343199 0.149918 0.211055 0.0820787 0.0549492 0.0428603 0.0156465 0.0063834 0.00184476 0.00038882 5.10158e-05 4.18425e-06
 2.13693e-27 2.15315e-27 4.59345e-27 8.34413e-22 4.96257e-17 6.78543e-13 2.13301e-09 1.54153e-06 0.000256123 0.00978373 0.0859212 0.173483 0.0814749 0.0338825 0.15466 0.218025 0.0884505 0.0698198 0.0551119 0.0191876 0.0074162 0.00205781 0.000412877 5.16352e-05 3.42032e-06
 2.14049e-27 2.16189e-27 5.51648e-27 1.14751e-21 6.82467e-17 9.33152e-13 2.93338e-09 2.11996e-06 0.000352228 0.0134549 0.118161 0.238574 0.111464 0.0311153 0.118148 0.166472 0.0690215 0.0586646 0.0471701 0.0177788 0.0072845 0.0019294 0.000362409 4.28636e-05 2.64128e-06
 2.14369e-27 2.16951e-27 6.29118e-27 1.41015e-21 8.3867e-17 1.14673e-12 3.60476e-09 2.60517e-06 0.000432846 0.0165344 0.145206 0.293176 0.136716 0.0313362 0.103039 0.144692 0.0547854 0.0323981 0.0252631 0.0102586 0.00456877 0.00130746 0.000252516 2.83565e-05 1.63906e-06
 2.13876e-27 2.15732e-27 4.99094e-27 9.69036e-22 5.76323e-17 7.88019e-13 2.47715e-09 1.79024e-06 0.000297446 0.0113622 0.0997837 0.201472 0.0945081 0.0363775 0.161456 0.226967 0.0829849 0.0401806 0.0295225 0.00986385 0.00378361 0.00116053 0.000247534 2.93576e-05 1.67196e-06
 2.13911e-27 2.15841e-27 5.13925e-27 1.0195e-21 6.06338e-17 8.2906e-13 2.60616e-09 1.88348e-06 0.000312937 0.011954 0.104981 0.211963 0.0992295 0.032941 0.137315 0.193479 0.0785453 0.0620574 0.0479171 0.0138588 0.00417243 0.00104114 0.000203033 2.57772e-05 1.56928e-06
 2.14348e-27 2.169e-27 6.23851e-27 1.39229e-21 8.28049e-17 1.13221e-12 3.55911e-09 2.57218e-06 0.000427364 0.016325 0.143367 0.289464 0.134998 0.0313055 0.103972 0.146066 0.0561186 0.035579 0.0275752 0.0100324 0.00380476 0.000826793 0.000121883 1.30806e-05 7.90038e-07
 2.14085e-27 2.16244e-27 5.53001e-27 1.15188e-21 6.85069e-17 9.36709e-13 2.94456e-09 2.12804e-06 0.000353571 0.0135062 0.118612 0.239485 0.112025 0.034866 0.140771 0.197755 0.0719162 0.0336289 0.0246091 0.00834131 0.00313763 0.000837383 0.000140617 1.26355e-05 6.16286e-07
 2.13895e-27 2.15791e-27 5.06871e-27 9.95493e-22 5.92057e-17 8.09533e-13 2.54478e-09 1.83912e-06 0.000305567 0.0116724 0.102508 0.206972 0.0969859 0.0346497 0.14925 0.210049 0.0809491 0.0519482 0.0391359 0.0112224 0.00335037 0.0008337 0.000149562 1.55279e-05 7.3794e-07
 2.1383e-27 2.15633e-27 4.90511e-27 9.40014e-22 5.59062e-17 7.64417e-13 2.40296e-09 1.73662e-06 0.000288537 0.0110219 0.0967952 0.195438 0.091664 0.034926 0.154413 0.217356 0.0839084 0.0543071 0.0414356 0.0131094 0.00428581 0.000904518 0.000130836 1.31982e-05 6.83264e-07
 2.13965e-27 2.15972e-27 5.27302e-27 1.06486e-21 6.33312e-17 8.65942e-13 2.7221e-09 1.96727e-06 0.000326859 0.0124858 0.109651 0.221392 0.103589 0.0329505 0.134531 0.189441 0.0755317 0.0559154 0.0435335 0.0143077 0.0050018 0.00115579 0.000169533 1.44897e-05 6.68612e-07
 2.14094e-27 2.16276e-27 5.57664e-27 1.16777e-21 6.94514e-17 9.49625e-13 2.98516e-09 2.15738e-06 0.000358446 0.0136924 0.120247 0.242786 0.113504 0.0335878 0.131973 0.185539 0.0701109 0.0409808 0.0311991 0.0108276 0.00404358 0.000978778 0.000154855 1.38962e-05 5.98343e-07
 2.13966e-27 2.15961e-27 5.24183e-27 1.05418e-21 6.26963e-17 8.5726e-13 2.69481e-09 1.94755e-06 0.000323582 0.0123606 0.108552 0.219173 0.10263 0.0347419 0.146135 0.20552 0.0774397 0.044565 0.0334213 0.010494 0.0035644 0.000905911 0.000155087 1.49155e-05 6.7972e-07
 2.14043e-27 2.16152e-27 5.44785e-27 1.12409e-21 6.68538e-17 9.14107e-13 2.87351e-09 2.07669e-06 0.000345039 0.0131803 0.11575 0.233706 0.109311 0.0337264 0.135556 0.19067 0.0730485 0.0456318 0.0344683 0.0104267 0.00328808 0.000754759 0.000121603 1.22898e-05 6.01507e-07
 2.13971e-27 2.15972e-27 5.25394e-27 1.05829e-21 6.29407e-17 8.60602e-13 2.70531e-09 1.95514e-06 0.000324843 0.0124088 0.108975 0.220027 0.103023 0.0346791 0.145494 0.20462 0.0771615 0.0445939 0.0335317 0.0106779 0.00356398 0.00079012 0.00011603 1.0786e-05 5.24627e-07
 2.14027e-27 2.16114e-27 5.41066e-27 1.11149e-21 6.61043e-17 9.03859e-13 2.84129e-09 2.05341e-06 0.000341171 0.0130325 0.114452 0.231086 0.108096 0.0336358 0.135793 0.191038 0.0736484 0.0473623 0.0359668 0.0110335 0.00355659 0.000820236 0.000123921 1.08981e-05 4.87501e-07
 2.14053e-27 2.16177e-27 5.47418e-27 1.13302e-21 6.73849e-17 9.21368e-13 2.89633e-09 2.09319e-06 0.00034778 0.013285 0.116669 0.235562 0.110169 0.033706 0.134872 0.189678 0.0722968 0.0440962 0.0335246 0.0109858 0.00380364 0.000861446 0.000128795 1.16127e-05 5.12491e-07
 2.13963e-27 2.15956e-27 5.24244e-27 1.05442e-21 6.27103e-17 8.57452e-13 2.69541e-09 1.94798e-06 0.000323654 0.0123634 0.108576 0.219222 0.102634 0.034241 0.143063 0.201268 0.076999 0.0478023 0.0363847 0.0118268 0.0041264 0.000995537 0.000157204 1.41622e-05 6.28135e-07
 2.14077e-27 2.16237e-27 5.54003e-27 1.15537e-21 6.87141e-17 9.39542e-13 2.95346e-09 2.13448e-06 0.00035464 0.013547 0.118971 0.240208 0.112301 0.033282 0.130883 0.184094 0.0708535 0.0452343 0.0344776 0.0109989 0.0037412 0.000893354 0.000144256 1.37111e-05 6.25795e-07
 2.13979e-27 2.15991e-27 5.27393e-27 1.06507e-21 6.3344e-17 8.66116e-13 2.72265e-09 1.96766e-06 0.000326925 0.0124883 0.109673 0.221437 0.103674 0.0346668 0.144995 0.2039 0.0766932 0.0437412 0.0329173 0.0107281 0.00372661 0.000877287 0.000138854 1.32712e-05 6.27443e-07
 2.1389e-27 2.15782e-27 5.06287e-27 9.93529e-22 5.90889e-17 8.07936e-13 2.53976e-09 1.83549e-06 0.000304964 0.0116494 0.102306 0.206563 0.0967871 0.0343833 0.147748 0.207964 0.0806401 0.0532264 0.0405907 0.0125601 0.00412069 0.000982016 0.000157369 1.48605e-05 6.99181e-07
 2.13934e-27 2.15889e-27 5.17721e-27 1.03232e-21 6.13959e-17 8.3948e-13 2.63892e-09 1.90715e-06 0.00031687 0.0121042 0.1063 0.214627 0.100499 0.0339598 0.142731 0.200887 0.0780289 0.0519131 0.0398955 0.0130343 0.00450161 0.00102644 0.000157108 1.48521e-05 6.98533e-07
 2.14006e-27 2.16063e-27 5.3573e-27 1.09339e-21 6.5028e-17 8.89141e-13 2.79503e-09 2.01997e-06 0.000335616 0.0128203 0.112588 0.227323 0.106361 0.0337536 0.137646 0.193644 0.0744721 0.0473894 0.0362596 0.0119738 0.00424055 0.00101526 0.000159314 1.4543e-05 6.68282e-07
#obs catch len freq
 4.09906e-40 2.0062e-33 2.25741e-27 5.83972e-22 3.4731e-17 4.74883e-13 1.4928e-09 1.07885e-06 0.000179252 0.00684721 0.0601322 0.121417 0.0574799 0.035909 0.182722 0.257614 0.102801 0.0764597 0.060818 0.0234309 0.010201 0.00315844 0.000719891 0.000101289 7.27863e-06
 4.21678e-40 2.06382e-33 2.32225e-27 6.00743e-22 3.57285e-17 4.88522e-13 1.53567e-09 1.10983e-06 0.000184401 0.00704386 0.0618592 0.124904 0.0591069 0.0363062 0.184096 0.259471 0.102404 0.0729207 0.0575161 0.0216048 0.00914021 0.00274881 0.000604635 8.22429e-05 5.72896e-06
 5.73703e-40 2.80788e-33 3.15947e-27 8.17325e-22 4.86094e-17 6.64645e-13 2.08932e-09 1.50996e-06 0.000250881 0.00958334 0.0841609 0.16993 0.0798794 0.0351356 0.16338 0.230121 0.0900433 0.0618752 0.048369 0.0175477 0.00714074 0.00207946 0.000440637 5.77113e-05 3.87845e-06
 5.18658e-40 2.53847e-33 2.85633e-27 7.38906e-22 4.39455e-17 6.00875e-13 1.88886e-09 1.36508e-06 0.00022681 0.00866385 0.0760859 0.153628 0.0724633 0.0383539 0.187939 0.264346 0.0968179 0.0474145 0.0351609 0.0123799 0.00485149 0.00135586 0.000274342 3.44739e-05 2.22737e-06
 6.01006e-40 2.94151e-33 3.30983e-27 8.56222e-22 5.09228e-17 6.96277e-13 2.18875e-09 1.58182e-06 0.000262821 0.0100394 0.0881662 0.178017 0.0836735 0.0366091 0.169938 0.239112 0.0898663 0.0509978 0.037833 0.0110026 0.00339809 0.000889759 0.000171126 2.04463e-05 1.26208e-06
 5.47622e-40 2.68023e-33 3.01584e-27 7.80169e-22 4.63996e-17 6.3443e-13 1.99434e-09 1.44131e-06 0.000239476 0.00914767 0.0803349 0.162207 0.0764364 0.0385411 0.186497 0.262242 0.0951563 0.0438113 0.0316322 0.00979752 0.00314836 0.000687916 0.000107068 1.17164e-05 6.84678e-07
 4.081e-40 1.99736e-33 2.24747e-27 5.81398e-22 3.45779e-17 4.72791e-13 1.48622e-09 1.0741e-06 0.000178462 0.00681704 0.0598672 0.120883 0.0573772 0.0397506 0.206336 0.290368 0.107321 0.0554626 0.0403853 0.0112716 0.00316121 0.00070437 0.000104646 9.45137e-06 4.742e-07
 3.95876e-40 1.93754e-33 2.18015e-27 5.63985e-22 3.35423e-17 4.5863e-13 1.44171e-09 1.04193e-06 0.000173117 0.00661286 0.0580742 0.117263 0.0556249 0.0376604 0.194667 0.274307 0.106905 0.072103 0.0547893 0.0160153 0.00470452 0.00095991 0.000128725 1.11407e-05 4.94717e-07
 9.80764e-40 4.80016e-33 5.40122e-27 1.39724e-21 8.30993e-17 1.13623e-12 3.57176e-09 2.58132e-06 0.00042889 0.016383 0.143876 0.290492 0.135472 0.0312621 0.103397 0.14527 0.0560492 0.0362032 0.0278036 0.00929398 0.0032582 0.000705605 9.49055e-05 7.54524e-06 3.08391e-07
 6.88933e-40 3.37185e-33 3.79406e-27 9.81487e-22 5.83727e-17 7.98141e-13 2.50896e-09 1.81323e-06 0.000301271 0.0115082 0.101065 0.20406 0.0958182 0.0393964 0.179104 0.251318 0.0844622 0.0179695 0.010199 0.00329951 0.00116221 0.000285943 4.48659e-05 3.75655e-06 1.48524e-07
 2.99384e-40 1.46528e-33 1.64875e-27 4.26516e-22 2.53665e-17 3.46841e-13 1.0903e-09 7.87961e-07 0.000130921 0.00500101 0.0439189 0.0886853 0.0426268 0.0433616 0.238084 0.3348 0.118724 0.0459845 0.0308987 0.00661317 0.000948928 0.000187032 3.06034e-05 2.92023e-06 1.27852e-07
 8.47658e-40 4.1487e-33 4.66818e-27 1.20761e-21 7.18213e-17 9.82027e-13 3.08701e-09 2.23099e-06 0.000370682 0.0141596 0.124349 0.251069 0.117242 0.0311501 0.114596 0.161469 0.0674764 0.0586139 0.0451026 0.0114771 0.00251882 0.000372417 2.92939e-05 2.15685e-06 1.00111e-07
 7.89467e-40 3.86389e-33 4.34771e-27 1.12471e-21 6.68909e-17 9.14612e-13 2.87509e-09 2.07783e-06 0.000345235 0.0131875 0.115813 0.233836 0.109512 0.03747 0.158369 0.222164 0.0751334 0.0175811 0.0106788 0.0040367 0.0015504 0.00029206 2.83334e-05 1.48026e-06 4.08609e-08
 4.84672e-40 2.37213e-33 2.66916e-27 6.90486e-22 4.10658e-17 5.61501e-13 1.76508e-09 1.27563e-06 0.000211948 0.00809612 0.0711002 0.143563 0.0679345 0.041672 0.211229 0.296755 0.102653 0.0315758 0.0199749 0.00435081 0.00069661 0.000158862 2.51029e-05 1.72989e-06 4.82697e-08
 5.19932e-40 2.54471e-33 2.86335e-27 7.40721e-22 4.40534e-17 6.02351e-13 1.8935e-09 1.36843e-06 0.000227367 0.00868513 0.0762729 0.154005 0.0726334 0.0382374 0.187116 0.263291 0.0980183 0.0527496 0.038021 0.00888962 0.00159926 0.000230646 2.02936e-05 1.61042e-06 6.3785e-08
 3.73736e-40 1.82918e-33 2.05822e-27 5.32442e-22 3.16663e-17 4.3298e-13 1.36108e-09 9.83652e-07 0.000163435 0.00624301 0.0548262 0.110706 0.0527139 0.040868 0.216224 0.304194 0.110666 0.0518198 0.037251 0.0107692 0.00300948 0.000501025 4.18646e-05 2.13292e-06 6.37598e-08
 7.21947e-40 3.53343e-33 3.97587e-27 1.02852e-21 6.117e-17 8.3639e-13 2.6292e-09 1.90013e-06 0.000315709 0.0120597 0.105908 0.213837 0.100145 0.0342428 0.144697 0.203657 0.0790616 0.0524051 0.039438 0.0107451 0.00284032 0.00057361 6.85511e-05 4.0326e-06 1.01456e-07
 4.77441e-40 2.33674e-33 2.62934e-27 6.80186e-22 4.04532e-17 5.53125e-13 1.73875e-09 1.2566e-06 0.000208786 0.00797535 0.0700395 0.141422 0.0669416 0.0415939 0.211397 0.296986 0.102597 0.0311832 0.0204361 0.00655649 0.00216954 0.000435089 5.32157e-05 3.88305e-06 1.25775e-07
 5.49117e-40 2.68755e-33 3.02407e-27 7.82299e-22 4.65262e-17 6.36162e-13 1.99978e-09 1.44525e-06 0.00024013 0.00917265 0.0805542 0.162649 0.0766114 0.0377519 0.181546 0.255449 0.0953606 0.0521096 0.0376385 0.00880227 0.0016995 0.0003569 5.16285e-05 3.94998e-06 1.41307e-07
 6.00768e-40 2.94034e-33 3.30852e-27 8.55883e-22 5.09025e-17 6.96001e-13 2.18788e-09 1.58119e-06 0.000262717 0.0100354 0.0881312 0.177947 0.0836995 0.0381656 0.17946 0.252268 0.0908969 0.0398434 0.0283016 0.00822984 0.00232134 0.000393582 3.87566e-05 2.96632e-06 1.17935e-07
 4.70541e-40 2.30297e-33 2.59134e-27 6.70355e-22 3.98685e-17 5.4513e-13 1.71362e-09 1.23844e-06 0.000205768 0.00786008 0.0690272 0.139377 0.0659519 0.0404061 0.204763 0.287885 0.102825 0.0422143 0.029291 0.00777389 0.00196959 0.000397255 4.82776e-05 3.05961e-06 9.85612e-08
 7.15649e-40 3.50261e-33 3.94119e-27 1.01955e-21 6.06363e-17 8.29092e-13 2.60626e-09 1.88355e-06 0.000312954 0.0119545 0.104984 0.211972 0.0993362 0.035673 0.15399 0.216528 0.0805168 0.0430755 0.031296 0.00807057 0.00189452 0.000350082 4.13377e-05 3.01926e-06 1.01963e-07
 4.95158e-40 2.42346e-33 2.72691e-27 7.05427e-22 4.19544e-17 5.7365e-13 1.80327e-09 1.30323e-06 0.000216534 0.0082713 0.0726386 0.146669 0.0693526 0.0411957 0.207385 0.291368 0.101146 0.0323204 0.0212366 0.00610905 0.00173166 0.000320359 3.48672e-05 2.38285e-06 8.30194e-08
 5.98556e-40 2.92951e-33 3.29634e-27 8.52731e-22 5.07151e-17 6.93438e-13 2.17983e-09 1.57537e-06 0.000261749 0.00999848 0.0878067 0.177292 0.0833694 0.0374444 0.175256 0.246506 0.0911497 0.0471814 0.0338269 0.00800638 0.00156298 0.000296474 3.69822e-05 2.53178e-06 8.26455e-08
 6.2713e-40 3.06937e-33 3.4537e-27 8.9344e-22 5.31362e-17 7.26542e-13 2.28389e-09 1.65057e-06 0.000274245 0.0104758 0.0919985 0.185755 0.0873138 0.0382864 0.177845 0.249906 0.0889143 0.035428 0.0245931 0.00696288 0.00189203 0.000320832 3.07165e-05 2.08863e-06 7.2963e-08
 4.80978e-40 2.35405e-33 2.64882e-27 6.85224e-22 4.07528e-17 5.57221e-13 1.75163e-09 1.26591e-06 0.000210332 0.00803442 0.0705583 0.142469 0.0673855 0.040525 0.204557 0.287552 0.102132 0.040111 0.0274578 0.00701096 0.00163785 0.000317397 3.74112e-05 2.32437e-06 7.00169e-08
 5.23386e-40 2.56161e-33 2.88237e-27 7.4564e-22 4.4346e-17 6.06352e-13 1.90607e-09 1.37752e-06 0.000228877 0.00874282 0.0767795 0.155028 0.073108 0.0382828 0.187085 0.263215 0.0975349 0.0511354 0.0369715 0.00936753 0.00210476 0.000370603 4.06037e-05 2.82565e-06 9.26511e-08
 5.62398e-40 2.75255e-33 3.09721e-27 8.0122e-22 4.76515e-17 6.51549e-13 2.04815e-09 1.4802e-06 0.000245938 0.0093945 0.0825025 0.166583 0.0784528 0.0383589 0.184066 0.258825 0.0941129 0.0439175 0.0315091 0.00901015 0.00251425 0.000455256 4.72194e-05 3.02758e-06 9.8914e-08
#spawning biomass
 4094.75 3158.17 3288.26 4236.05 5380.26 6695.56 7131.84 5927.74 7392.05 14434.8 16427 14517.6 24967.9 35206.8 27451.5 24907.6 21134.4 25068.6 23148.7 23388.8 23176.9 24772.2 30539.6 29865.5 32509.1 35188.3 29929.4 27254.7 25263.4 47598.2 53030.4 40951.4 31651.1 26723.7 24366.5 23294.1 22821.2 22616.8 22529.6 22492.8 22477.3 22470.9 22468.2 22467.1 22466.6 22466.4 22466.3 22466.3 22466.3 22466.3 22466.3 22466.3 22466.3 22466.3 22466.3 22466.3 22466.3 22466.3 22466.3 22466.3 22466.3 22466.3 22466.3 22466.3 22466.3 22466.3 22466.3 22466.3 22466.3 22466.3 22466.3 22466.3 22466.3 22466.3 22466.3 22466.3 22466.3 22466.3 22466.3 22466.3 22466.3 22466.3 22466.3 22466.3 22466.3 22466.3 22466.3 22466.3 22466.3 22466.3 22466.3 22466.3 22466.3 22466.3 22466.3 22466.3 22466.3 22466.3 22466.3 22466.3 22466.3 22466.3 22466.3 22466.3 22466.3 22466.3 22466.3 22466.3 22466.3 22466.3 22466.3 22466.3 22466.3 22466.3 22466.3 22466.3 22466.3 22466.3 22466.3 22466.3 22466.3 22466.3 22466.3 22466.3 22466.3 22466.3 22466.3 22466.3 0 0 0 0 0 0 0 0 0 0 0 0 0 0 0 0 0 0 0 0 0 0 0 0 0
