SBPRF35
0.224663
Curr Bio
29592.6
B35
70467.4
F35
0.50068
FOFL
0.48024
OFL
30129.6
Bzero
64189.3
#pred survey bio
 7466.85 7039.71 8123.55 10341.9 12761.8 15487.9 14833.3 13402.8 22276.9 35274.7 36806.1 42163.6 65620 76052.3 63786.6 53713.6 50475.5 58127.3 57504 57679.3 58366.4 61924.7 69168.7 67773.9 73093.2 74192.4 71715.7 70531 75677.2 4.43991e+06 2.76424e+06 2.18437e+06 1.57159e+06 1.18612e+06 978979 873700 820873 794001 779889 772154 767715 765055 763403 762347 761659 761207 760908 760708 760574 760484 760423 760382 760354 760335 760323 760314 760308 760304 760302 760300 760299 760298 760297 760297 760297 760296 760296 760296 760296 760296 760296 760296 760296 760296 760296 760296 760296 760296 760296 760296 760296 760296 760296 760296 760296 760296 760296 760296 760296 760296 760296 760296 760296 760296 760296 760296 760296 760296 760296 760296 760296 760296 760296 760296 760296 760296 760296 760296 760296 760296 760296 760296 760296 760296 760296 760296 760296 760296 760296 760296 760296 760296 760296 760296 760296 760296 760296 760296 760296 0 0 0 0 0 0 0 0 0 0 0 0 0 0 0 0 0 0 0 0 0 0 0 0 0
#obs survey bio
 6405.61 8766.77 11577 10900.4 19200.6 19516.4 10891 17039.7 27536.4 32294 40528.3 56216.2 59236 71586.2 52275.9 44784.4 55131.4 62772.7 72083.4 46629.2 60403.2 70993.5 73360.7 64849.2 111339 45716.7 82142.2 87277 92426.7
#pred catch bio
 4047.54 3622.71 3879.82 5324.68 6054.14 8289.8 9554.88 7352.76 8608.53 19346.9 23873 19587.6 35342 49470.8 41878.6 35991 27563.5 36292.3 35336.6 35636 36283.4 34537.4 44155.2 39968.4 42969.7 45276 45458 44068.4 9956.54 30129.6 37488.7 30524.5 20706.7 14676 11635 10216.3 9582.57 9307.18 9189.67 9140.14 9119.44 9110.84 9107.27 9105.8 9105.2 9104.95 9104.85 9104.81 9104.79 9104.78 9104.78 9104.78 9104.78 9104.78 9104.78 9104.78 9104.78 9104.78 9104.78 9104.78 9104.78 9104.78 9104.78 9104.78 9104.78 9104.78 9104.78 9104.78 9104.78 9104.78 9104.78 9104.78 9104.78 9104.78 9104.78 9104.78 9104.78 9104.78 9104.78 9104.78 9104.78 9104.78 9104.78 9104.78 9104.78 9104.78 9104.78 9104.78 9104.78 9104.78 9104.78 9104.78 9104.78 9104.78 9104.78 9104.78 9104.78 9104.78 9104.78 9104.78 9104.78 9104.78 9104.78 9104.78 9104.78 9104.78 9104.78 9104.78 9104.78 9104.78 9104.78 9104.78 9104.78 9104.78 9104.78 9104.78 9104.78 9104.78 9104.78 9104.78 9104.78 9104.78 9104.78 9104.78 9104.78 9104.78 9104.78 9104.78 9104.78 0 0 0 0 0 0 0 0 0 0 0 0 0 0 0 0 0 0 0 0 0 0 0 0 0
#obs catch bio
 3593.69 3592.47 3832.55 5305.4 5886.12 8088.67 9636.61 7536.75 8446.21 18742.6 24426.4 19112.5 34295.7 50820.1 43117.5 37540.9 27205.3 36822.9 35564.6 35751.2 36801.5 33984.7 44209.5 39863.4 41823 46225.2 45816.5 44760.1 9804.72
#pred cpue bio
 5263.49 4514.92 5002.17 6340.86 7686.33 9839.9 9976.94 7978.91 11312.1 21588.8 23505.1 22594.2 37730.9 47074.5 40516.7 33425.5 29342.6 35725.1 34581.8 35090.9 35066 36276.2 42614.5 40241.5 44163.5 46181.8 44237.1 42016.7 44025.9 3.10666e+06 2.34402e+06 2.01273e+06 1.42384e+06 1.03739e+06 829709 724323 671478 644603 630491 622756 618317 615657 614005 612949 612261 611809 611510 611310 611175 611085 611024 610983 610956 610937 610924 610916 610910 610906 610903 610902 610900 610899 610899 610899 610898 610898 610898 610898 610898 610898 610898 610898 610898 610898 610898 610898 610898 610898 610898 610898 610898 610898 610898 610898 610898 610898 610898 610898 610898 610898 610898 610898 610898 610898 610898 610898 610898 610898 610898 610898 610898 610898 610898 610898 610898 610898 610898 610898 610898 610898 610898 610898 610898 610898 610898 610898 610898 610898 610898 610898 610898 610898 610898 610898 610898 610898 610898 610898 610898 0 0 0 0 0 0 0 0 0 0 0 0 0 0 0 0 0 0 0 0 0 0 0 0 0
#obs cpue bio
 3481.2 5227.73 3721.45 6362.75 9951.8 9328.64 9754.2 4742.02 13543.2 34998.2 18313.6 26792.6 53410.9 24595.1 27296.2 27932 31422.8 26265.4 27175.9 35959.1 32377.1 39388.4 43474.6 40628.5 51246.2 34663.8 45915.2 35276.2 40157.2
#pred surv len freq
 2.14285e-27 2.16631e-27 5.89886e-27 1.27699e-21 7.59475e-17 1.03845e-12 3.26437e-09 2.35917e-06 0.000391973 0.0149731 0.131494 0.265492 0.123807 0.0284053 0.0934845 0.131496 0.0531157 0.0415651 0.0361022 0.022244 0.017164 0.013297 0.0122175 0.010486 0.00426167
 2.14272e-27 2.16691e-27 6.00599e-27 1.31339e-21 7.81125e-17 1.06805e-12 3.35743e-09 2.42642e-06 0.000403146 0.0153999 0.135243 0.273061 0.127419 0.0314231 0.109632 0.154065 0.0590718 0.0371324 0.0291622 0.0120037 0.0065722 0.00383451 0.00273833 0.00203546 0.000801033
 2.14361e-27 2.16932e-27 6.27499e-27 1.40468e-21 8.35418e-17 1.14228e-12 3.59079e-09 2.59507e-06 0.000431167 0.0164703 0.144643 0.29204 0.136167 0.030716 0.0995959 0.139967 0.054887 0.0380511 0.0296393 0.0104195 0.00424558 0.00152607 0.000680992 0.000381184 0.000136452
 2.14348e-27 2.169e-27 6.23885e-27 1.39241e-21 8.28118e-17 1.1323e-12 3.55941e-09 2.5724e-06 0.0004274 0.0163264 0.143379 0.289488 0.135006 0.0312136 0.103403 0.145267 0.0558549 0.0355492 0.0276895 0.0104451 0.00432018 0.00120905 0.000299862 9.24788e-05 2.6087e-05
 2.14389e-27 2.16999e-27 6.34108e-27 1.42707e-21 8.48735e-17 1.16049e-12 3.64803e-09 2.63644e-06 0.00043804 0.0167328 0.146949 0.296695 0.138335 0.0311323 0.100734 0.141476 0.0541302 0.0336435 0.0258475 0.00905371 0.00356271 0.00102087 0.000209489 3.2895e-05 5.17839e-06
 2.14214e-27 2.16574e-27 5.89517e-27 1.27583e-21 7.58786e-17 1.0375e-12 3.26141e-09 2.35703e-06 0.000391617 0.0149595 0.131375 0.265253 0.123841 0.0322633 0.117116 0.164632 0.0631935 0.0398789 0.0307232 0.0108035 0.00418493 0.0011315 0.000221737 2.78826e-05 2.26867e-06
 2.14033e-27 2.16136e-27 5.44473e-27 1.1231e-21 6.67948e-17 9.133e-13 2.87097e-09 2.07486e-06 0.000344734 0.0131686 0.115648 0.233499 0.109175 0.0326393 0.128982 0.181555 0.0718489 0.0516871 0.0403789 0.0139995 0.00534312 0.00142794 0.000268508 3.11583e-05 1.95322e-06
 2.14462e-27 2.17184e-27 6.54414e-27 1.49599e-21 8.89722e-17 1.21654e-12 3.8242e-09 2.76376e-06 0.000459194 0.0175409 0.154045 0.311022 0.144911 0.0298815 0.0887805 0.124719 0.0494767 0.0359434 0.0281875 0.0099674 0.00385143 0.00100566 0.000183602 2.05017e-05 1.17607e-06
 2.14765e-27 2.17913e-27 7.29554e-27 1.75078e-21 1.04126e-16 1.42373e-12 4.47552e-09 3.23447e-06 0.000537403 0.0205284 0.180282 0.363992 0.169374 0.0291662 0.0684487 0.0957487 0.0350262 0.0170318 0.0126935 0.00467086 0.00188793 0.00050592 9.28547e-05 1.01094e-05 5.57141e-07
 2.14235e-27 2.16607e-27 5.90826e-27 1.28017e-21 7.61365e-17 1.04103e-12 3.27249e-09 2.36504e-06 0.000392948 0.0150103 0.131822 0.266155 0.124326 0.0340908 0.128 0.179677 0.0644979 0.0275227 0.0195821 0.00610573 0.00210526 0.000583455 0.000113113 1.25756e-05 6.85725e-07
 2.1422e-27 2.1659e-27 5.91806e-27 1.28362e-21 7.6342e-17 1.04384e-12 3.28133e-09 2.37143e-06 0.000394009 0.0150509 0.132178 0.266872 0.124564 0.0315864 0.112496 0.158271 0.0630654 0.0465211 0.0355321 0.00991998 0.00278347 0.000639338 0.000110302 1.25594e-05 7.07248e-07
 2.1467e-27 2.17684e-27 7.05722e-27 1.66996e-21 9.93189e-17 1.35801e-12 4.26892e-09 3.08516e-06 0.000512595 0.0195808 0.171959 0.34719 0.161619 0.0295178 0.0756593 0.105996 0.0397879 0.022467 0.0170476 0.00597044 0.00216984 0.000452117 6.10735e-05 5.81838e-06 3.12147e-07
 2.14441e-27 2.17114e-27 6.44594e-27 1.46256e-21 8.69841e-17 1.18935e-12 3.73874e-09 2.702e-06 0.000448933 0.017149 0.150603 0.304073 0.141788 0.0322544 0.105361 0.147759 0.0531409 0.023001 0.016508 0.0053939 0.00193366 0.000497271 7.97844e-05 6.68844e-06 2.92022e-07
 2.14254e-27 2.16662e-27 5.97827e-27 1.30397e-21 7.75521e-17 1.06039e-12 3.33334e-09 2.40901e-06 0.000400254 0.0152894 0.134273 0.271103 0.126566 0.0328107 0.118695 0.166756 0.0626282 0.0353979 0.026133 0.0072919 0.00206847 0.000492627 8.39495e-05 8.31379e-06 3.72157e-07
 2.14166e-27 2.16447e-27 5.75294e-27 1.22754e-21 7.30067e-17 9.98236e-13 3.13797e-09 2.26782e-06 0.000376795 0.0143933 0.126403 0.255214 0.119242 0.0333938 0.127043 0.178549 0.0671168 0.0381341 0.0284079 0.00852335 0.0025927 0.000528373 7.25752e-05 6.93492e-06 3.41294e-07
 2.1427e-27 2.16708e-27 6.03358e-27 1.32277e-21 7.86699e-17 1.07567e-12 3.38139e-09 2.44374e-06 0.000406023 0.0155098 0.136208 0.27501 0.128344 0.0320672 0.112978 0.158784 0.0609583 0.0384502 0.0290785 0.0087854 0.00273817 0.000591467 8.07627e-05 6.53756e-06 2.84905e-07
 2.1444e-27 2.17118e-27 6.45604e-27 1.46602e-21 8.71897e-17 1.19216e-12 3.74758e-09 2.70839e-06 0.000449994 0.0171895 0.150959 0.304791 0.142098 0.0316591 0.101511 0.142434 0.052653 0.0272605 0.0201151 0.00629812 0.00205862 0.000451542 6.36863e-05 5.26353e-06 2.12057e-07
 2.14274e-27 2.16712e-27 6.02956e-27 1.32136e-21 7.85866e-17 1.07453e-12 3.3778e-09 2.44115e-06 0.000405593 0.0154934 0.136064 0.274719 0.128236 0.0327687 0.117348 0.164824 0.06146 0.0334292 0.0247585 0.00749172 0.00237008 0.000541982 8.1027e-05 6.93006e-06 2.8582e-07
 2.14363e-27 2.16932e-27 6.26547e-27 1.4014e-21 8.33467e-17 1.13962e-12 3.5824e-09 2.58901e-06 0.000430161 0.0164318 0.144305 0.291358 0.135891 0.0317607 0.10618 0.149117 0.0564001 0.0330857 0.0247513 0.007412 0.00228955 0.000504241 7.41005e-05 6.59789e-06 2.8475e-07
 2.143e-27 2.16773e-27 6.09278e-27 1.3428e-21 7.98614e-17 1.09196e-12 3.4326e-09 2.48075e-06 0.000412173 0.0157447 0.138271 0.279175 0.130295 0.032741 0.115836 0.162656 0.0601982 0.0313785 0.0231611 0.00720447 0.00233438 0.000510839 7.2775e-05 6.30385e-06 2.74525e-07
 2.14361e-27 2.16927e-27 6.25892e-27 1.39918e-21 8.32144e-17 1.13781e-12 3.57672e-09 2.5849e-06 0.000429478 0.0164058 0.144076 0.290896 0.135681 0.0318594 0.106922 0.150151 0.0566211 0.0327026 0.0243585 0.00716098 0.00216935 0.000486661 7.16946e-05 6.14237e-06 2.60526e-07
 2.14416e-27 2.17058e-27 6.39224e-27 1.44438e-21 8.59026e-17 1.17457e-12 3.69226e-09 2.66841e-06 0.000443352 0.0169357 0.148731 0.300293 0.140026 0.0318755 0.104188 0.14621 0.0540316 0.027917 0.0205451 0.00630596 0.00200045 0.000429555 6.05547e-05 5.27211e-06 2.26087e-07
 2.14269e-27 2.16699e-27 6.01724e-27 1.31719e-21 7.83381e-17 1.07113e-12 3.36712e-09 2.43343e-06 0.000404311 0.0154444 0.135633 0.27385 0.127834 0.032746 0.117471 0.16501 0.061696 0.0340599 0.0252658 0.00759749 0.00237145 0.000529857 7.67976e-05 6.48531e-06 2.73834e-07
 2.14396e-27 2.17013e-27 6.34916e-27 1.42978e-21 8.50347e-17 1.1627e-12 3.65496e-09 2.64145e-06 0.000438872 0.0167646 0.147228 0.297259 0.138614 0.0316251 0.103573 0.145417 0.0547372 0.0313242 0.0233468 0.00698058 0.00214795 0.000468314 6.73461e-05 5.82946e-06 2.46416e-07
 2.14324e-27 2.16834e-27 6.15686e-27 1.36454e-21 8.11542e-17 1.10964e-12 3.48817e-09 2.52091e-06 0.000418845 0.0159996 0.140509 0.283694 0.132376 0.0325161 0.113101 0.158802 0.0588466 0.0309017 0.0228377 0.00710748 0.00230484 0.000504561 7.15741e-05 6.10539e-06 2.59532e-07
 2.14251e-27 2.16659e-27 5.97857e-27 1.30409e-21 7.75591e-17 1.06048e-12 3.33364e-09 2.40923e-06 0.00040029 0.0152908 0.134285 0.271127 0.126567 0.0325394 0.117031 0.164448 0.0623021 0.036855 0.0276074 0.0082823 0.00258326 0.000584298 8.64726e-05 7.40155e-06 3.10953e-07
 2.14296e-27 2.16772e-27 6.09938e-27 1.34508e-21 7.9997e-17 1.09382e-12 3.43842e-09 2.48496e-06 0.000412872 0.0157714 0.138506 0.279649 0.130486 0.0319812 0.111055 0.15604 0.0595435 0.0365088 0.027657 0.00875049 0.00289606 0.000639757 9.28984e-05 8.18293e-06 3.51765e-07
 2.14379e-27 2.16969e-27 6.30154e-27 1.41362e-21 8.40736e-17 1.14956e-12 3.61365e-09 2.61159e-06 0.000433912 0.0165751 0.145564 0.293899 0.137072 0.0319252 0.106418 0.149395 0.0557014 0.0302908 0.0225521 0.00713734 0.00239107 0.000551964 8.28898e-05 7.21529e-06 3.11037e-07
 2.1443e-27 2.17091e-27 6.42575e-27 1.45574e-21 8.65782e-17 1.1838e-12 3.7213e-09 2.68939e-06 0.000446839 0.0170689 0.1499 0.302654 0.141118 0.0318782 0.103492 0.145213 0.0534501 0.0269604 0.0196844 0.00584512 0.00180366 0.000413387 6.36065e-05 5.74764e-06 2.51285e-07
#obs surv len freq
 8.65525e-40 4.23615e-33 4.76658e-27 1.23307e-21 7.33352e-17 1.00273e-12 3.15208e-09 2.27801e-06 0.000378495 0.014458 0.12697 0.256361 0.119727 0.0321728 0.119243 0.167696 0.0651357 0.0433871 0.0339892 0.0128658 0.00550418 0.00168041 0.00037415 5.11011e-05 3.56393e-06
 1.03615e-39 5.07123e-33 5.70623e-27 1.47615e-21 8.7792e-17 1.2004e-12 3.77346e-09 2.72709e-06 0.00045311 0.0173082 0.152001 0.306896 0.14303 0.0305826 0.0943044 0.132414 0.0509404 0.0324927 0.025193 0.00920658 0.00378441 0.00111655 0.000240631 3.19613e-05 2.16285e-06
 9.6956e-40 4.74532e-33 5.33951e-27 1.38128e-21 8.215e-17 1.12325e-12 3.53095e-09 2.55183e-06 0.00042399 0.0161959 0.142232 0.287174 0.133996 0.0328112 0.113853 0.159765 0.0578328 0.0262216 0.0191718 0.00674618 0.00265048 0.000748817 0.00015386 1.96543e-05 1.28829e-06
 1.05106e-39 5.14421e-33 5.78835e-27 1.49739e-21 8.90554e-17 1.21767e-12 3.82776e-09 2.76633e-06 0.00045963 0.0175573 0.154188 0.311312 0.145102 0.0313661 0.0977568 0.137146 0.0508333 0.0267162 0.0195807 0.00567574 0.00174588 0.000458138 8.88442e-05 1.07652e-05 6.75021e-07
 9.85884e-40 4.82522e-33 5.42941e-27 1.40454e-21 8.35331e-17 1.14216e-12 3.59041e-09 2.59479e-06 0.000431129 0.0164686 0.144627 0.292009 0.136234 0.0328725 0.112771 0.158206 0.0568653 0.0245015 0.0174568 0.00538929 0.00172477 0.000376167 5.85381e-05 6.44183e-06 3.80733e-07
 8.14714e-40 3.98746e-33 4.48676e-27 1.16068e-21 6.90301e-17 9.43861e-13 2.96704e-09 2.14428e-06 0.000356276 0.0136093 0.119517 0.241313 0.112868 0.0347967 0.139797 0.196409 0.0718531 0.0348753 0.0251247 0.00700838 0.00196378 0.000436738 6.47079e-05 5.83504e-06 2.93523e-07
 7.92647e-40 3.87946e-33 4.36523e-27 1.12924e-21 6.71603e-17 9.18296e-13 2.88667e-09 2.0862e-06 0.000346626 0.0132406 0.116279 0.234776 0.109801 0.0335966 0.134441 0.189119 0.0728019 0.0464913 0.0350946 0.0102745 0.0030262 0.000618135 8.28808e-05 7.15457e-06 3.16863e-07
 1.3281e-39 6.50012e-33 7.31404e-27 1.89207e-21 1.12529e-16 1.53862e-12 4.83668e-09 3.49548e-06 0.000580779 0.022185 0.194829 0.393363 0.182889 0.0274581 0.0491693 0.0686301 0.0262342 0.016231 0.0124068 0.00417614 0.00147615 0.000320988 4.33415e-05 3.44808e-06 1.40663e-07
 1.10677e-39 5.41685e-33 6.09513e-27 1.57675e-21 9.37754e-17 1.28221e-12 4.03063e-09 2.91295e-06 0.00048399 0.0184878 0.16236 0.327811 0.152777 0.0326391 0.100554 0.140724 0.0471152 0.00942538 0.00517504 0.0016776 0.000594009 0.00014719 2.32622e-05 1.95492e-06 7.74003e-08
 6.42273e-40 3.14348e-33 3.53709e-27 9.15013e-22 5.44192e-17 7.44085e-13 2.33904e-09 1.69043e-06 0.000280867 0.0107288 0.0942199 0.19024 0.0894042 0.0387383 0.179252 0.251798 0.0883648 0.0312884 0.0205584 0.00437152 0.000611827 0.000119707 1.96857e-05 1.89004e-06 8.31132e-08
 1.23317e-39 6.03554e-33 6.79128e-27 1.75684e-21 1.04486e-16 1.42866e-12 4.49099e-09 3.24565e-06 0.000539269 0.0205994 0.180904 0.365249 0.169908 0.0279139 0.060426 0.0846858 0.034518 0.0276343 0.0210642 0.00526669 0.00111213 0.000161932 1.2473e-05 9.08962e-07 4.23257e-08
 1.17902e-39 5.77046e-33 6.49302e-27 1.67968e-21 9.9897e-17 1.36591e-12 4.29375e-09 3.1031e-06 0.000515585 0.0196947 0.172959 0.34921 0.162619 0.0312847 0.0858371 0.120028 0.0404756 0.00908162 0.00539313 0.00199554 0.000750507 0.000138724 1.30355e-05 6.65296e-07 1.80032e-08
 8.80952e-40 4.31165e-33 4.85154e-27 1.25505e-21 7.46423e-17 1.0206e-12 3.20826e-09 2.31862e-06 0.000385242 0.0147157 0.129234 0.260931 0.121971 0.0356803 0.139278 0.195367 0.0672734 0.0196936 0.0122628 0.00266987 0.000425405 9.50107e-05 1.4672e-05 9.87296e-07 2.67919e-08
 9.20565e-40 4.50553e-33 5.06969e-27 1.31148e-21 7.79987e-17 1.06649e-12 3.35253e-09 2.42288e-06 0.000402565 0.0153774 0.135045 0.272663 0.127304 0.0332398 0.120844 0.169719 0.0627929 0.0326138 0.0233779 0.0054735 0.0009889 0.000142699 1.24278e-05 9.62916e-07 3.7286e-08
 7.32529e-40 3.58522e-33 4.03415e-27 1.0436e-21 6.20666e-17 8.48648e-13 2.66773e-09 1.92798e-06 0.000320336 0.0122364 0.10746 0.216971 0.101666 0.0361624 0.15547 0.218468 0.079167 0.0361088 0.025863 0.00756286 0.00214999 0.000359678 3.01808e-05 1.53399e-06 4.50713e-08
 1.12255e-39 5.49412e-33 6.18207e-27 1.59924e-21 9.5113e-17 1.3005e-12 4.08813e-09 2.9545e-06 0.000490894 0.0187515 0.164676 0.332486 0.154834 0.0298524 0.0821346 0.115216 0.0443372 0.0282576 0.0211845 0.00583533 0.00157596 0.000322999 3.91768e-05 2.31907e-06 5.84057e-08
 8.74024e-40 4.27774e-33 4.81339e-27 1.24518e-21 7.40554e-17 1.01257e-12 3.18303e-09 2.30038e-06 0.000382212 0.0146 0.128217 0.258879 0.121023 0.0356776 0.13988 0.19621 0.0674587 0.0194466 0.0125328 0.00403602 0.00134513 0.000273079 3.41022e-05 2.52891e-06 8.27638e-08
 9.55612e-40 4.67706e-33 5.2627e-27 1.36141e-21 8.09682e-17 1.10709e-12 3.48016e-09 2.51512e-06 0.000417891 0.0159629 0.140186 0.283043 0.132086 0.0327987 0.115022 0.161499 0.0596959 0.0308346 0.0220699 0.00514996 0.000989585 0.000208529 3.04584e-05 2.36571e-06 8.61157e-08
 1.01077e-39 4.94703e-33 5.56648e-27 1.44e-21 8.5642e-17 1.171e-12 3.68105e-09 2.6603e-06 0.000442012 0.0168843 0.148278 0.29938 0.139634 0.0326586 0.109243 0.153215 0.0548631 0.0229764 0.0161659 0.00469128 0.00131931 0.000223209 2.19354e-05 1.68723e-06 6.78186e-08
 8.65143e-40 4.23428e-33 4.76448e-27 1.23253e-21 7.33029e-17 1.00228e-12 3.15069e-09 2.27701e-06 0.000378328 0.0144517 0.126915 0.256249 0.119783 0.0350466 0.136821 0.192047 0.0680346 0.0261673 0.0178917 0.00474276 0.00119915 0.000241232 2.92083e-05 1.84527e-06 5.94282e-08
 1.11732e-39 5.4685e-33 6.15325e-27 1.59179e-21 9.46695e-17 1.29443e-12 4.06906e-09 2.94072e-06 0.000488605 0.0186641 0.163908 0.330936 0.154149 0.0306979 0.0877629 0.12302 0.0453377 0.0230208 0.0165748 0.00424771 0.000984749 0.000181323 2.13499e-05 1.55317e-06 5.22365e-08
 8.89644e-40 4.35419e-33 4.8994e-27 1.26743e-21 7.53788e-17 1.03067e-12 3.23992e-09 2.34149e-06 0.000389043 0.0148609 0.130509 0.263505 0.123149 0.0353484 0.136476 0.191439 0.0661466 0.0201312 0.0130305 0.00374056 0.00105634 0.000194155 2.09044e-05 1.41951e-06 4.92253e-08
 1.00566e-39 4.92199e-33 5.53831e-27 1.43271e-21 8.52085e-17 1.16507e-12 3.66241e-09 2.64683e-06 0.000439775 0.0167988 0.147527 0.297865 0.138919 0.0322779 0.107376 0.150682 0.0553348 0.0274801 0.0195663 0.00463159 0.000904581 0.000171308 2.12643e-05 1.44315e-06 4.6644e-08
 1.03569e-39 5.06896e-33 5.70368e-27 1.47549e-21 8.77528e-17 1.19986e-12 3.77177e-09 2.72587e-06 0.000452907 0.0173005 0.151933 0.306759 0.143042 0.0325841 0.106564 0.14939 0.0528497 0.0201031 0.013814 0.00392829 0.00107522 0.000182614 1.74801e-05 1.18425e-06 4.10765e-08
 8.73193e-40 4.27368e-33 4.80881e-27 1.24399e-21 7.3985e-17 1.01161e-12 3.18001e-09 2.2982e-06 0.000381849 0.0145861 0.128095 0.258633 0.120884 0.0350278 0.135987 0.190857 0.0674226 0.0253205 0.0171562 0.00438862 0.00103075 0.000200892 2.38262e-05 1.48243e-06 4.45439e-08
 9.25676e-40 4.53054e-33 5.09784e-27 1.31876e-21 7.84317e-17 1.07241e-12 3.37114e-09 2.43633e-06 0.000404799 0.0154628 0.135794 0.274176 0.128003 0.0332413 0.120397 0.169066 0.0622365 0.0313819 0.0225507 0.00573025 0.00129645 0.000229224 2.52721e-05 1.7692e-06 5.82117e-08
 9.73448e-40 4.76435e-33 5.36093e-27 1.38682e-21 8.24795e-17 1.12776e-12 3.54512e-09 2.56206e-06 0.00042569 0.0162608 0.142803 0.288326 0.134538 0.0330521 0.114977 0.161324 0.0580946 0.0253584 0.0179647 0.00514355 0.00143942 0.000261444 2.72646e-05 1.75664e-06 5.76781e-08
 1.12549e-39 5.50848e-33 6.19822e-27 1.60342e-21 9.53615e-17 1.3039e-12 4.09881e-09 2.96222e-06 0.000492177 0.0188005 0.165106 0.333355 0.155281 0.0310595 0.0892411 0.125014 0.0448079 0.0188929 0.0132116 0.00358128 0.000939594 0.0001891 2.33226e-05 1.5517e-06 4.82232e-08
 1.12549e-39 5.50848e-33 6.19822e-27 1.60342e-21 9.53615e-17 1.3039e-12 4.09881e-09 2.96222e-06 0.000492177 0.0188005 0.165106 0.333355 0.155281 0.0310595 0.0892411 0.125014 0.0448079 0.0188929 0.0132116 0.00358128 0.000939594 0.0001891 2.33226e-05 1.5517e-06 4.82232e-08
#pred catch len freq
 2.13838e-27 2.15484e-27 4.67235e-27 8.60958e-22 5.12044e-17 7.00129e-13 2.20086e-09 1.59057e-06 0.000264271 0.010095 0.0886546 0.179 0.0838506 0.0292188 0.124516 0.175564 0.0727296 0.0620209 0.0543428 0.0335245 0.0258397 0.0199648 0.0183154 0.0157122 0.00638508
 2.13805e-27 2.15542e-27 4.79897e-27 9.04012e-22 5.3765e-17 7.35141e-13 2.31092e-09 1.67011e-06 0.000277487 0.0105998 0.093088 0.187953 0.0881581 0.0337176 0.14929 0.210218 0.0822359 0.0565119 0.0448859 0.0185001 0.0101248 0.00589157 0.00419971 0.00311984 0.00122764
 2.13872e-27 2.15742e-27 5.03328e-27 9.83558e-22 5.84959e-17 7.99827e-13 2.51427e-09 1.81707e-06 0.000301903 0.0115325 0.101279 0.20449 0.0957792 0.0330661 0.140331 0.197693 0.0794123 0.0604927 0.0476277 0.0167754 0.00684215 0.00245401 0.00109257 0.000611033 0.000218695
 2.13881e-27 2.15766e-27 5.05449e-27 9.9073e-22 5.89225e-17 8.0566e-13 2.5326e-09 1.83032e-06 0.000304105 0.0116166 0.102018 0.205981 0.0964932 0.0337219 0.143884 0.202575 0.0794137 0.0550223 0.043312 0.0163523 0.00676345 0.00188906 0.000467369 0.000143939 4.05894e-05
 2.13905e-27 2.15823e-27 5.11192e-27 1.0102e-21 6.00802e-17 8.2149e-13 2.58236e-09 1.86628e-06 0.00031008 0.0118448 0.104022 0.210028 0.0983673 0.0338032 0.143161 0.201532 0.078755 0.0538078 0.0418434 0.0146841 0.00578425 0.00165465 0.000338902 5.31461e-05 8.36071e-06
 2.13754e-27 2.15455e-27 4.72677e-27 8.79564e-22 5.2311e-17 7.1526e-13 2.24843e-09 1.62495e-06 0.000269982 0.0103131 0.0905705 0.18287 0.0858476 0.0347592 0.157183 0.221357 0.0865797 0.0593798 0.0462259 0.0162654 0.00629983 0.00170002 0.000332444 4.17541e-05 3.39496e-06
 2.13634e-27 2.15169e-27 4.4366e-27 7.81193e-22 4.64605e-17 6.35264e-13 1.99696e-09 1.44321e-06 0.000239787 0.0091597 0.080441 0.162419 0.0763863 0.0345924 0.162329 0.22881 0.0919193 0.0700321 0.0550385 0.0190442 0.00724851 0.00193225 0.000362469 4.20082e-05 2.63157e-06
 2.14027e-27 2.16127e-27 5.44239e-27 1.12234e-21 6.67496e-17 9.12682e-13 2.86903e-09 2.07345e-06 0.000344501 0.0131597 0.115569 0.233341 0.109079 0.0320457 0.125405 0.17661 0.0713943 0.0556572 0.043974 0.0155401 0.00599696 0.00156252 0.000284626 3.17435e-05 1.81976e-06
 2.14331e-27 2.16852e-27 6.18046e-27 1.37256e-21 8.16314e-17 1.11616e-12 3.50868e-09 2.53573e-06 0.000421308 0.0160937 0.141335 0.285362 0.133134 0.0321594 0.11042 0.155042 0.0577306 0.0312031 0.0236753 0.00873975 0.00353975 0.000947286 0.000173554 1.88752e-05 1.03959e-06
 2.13799e-27 2.15541e-27 4.7845e-27 8.98986e-22 5.34661e-17 7.31054e-13 2.29808e-09 1.66083e-06 0.000275944 0.0105409 0.0925705 0.186909 0.087813 0.0373816 0.171974 0.241759 0.0877474 0.0404732 0.0292384 0.009118 0.00314119 0.000868696 0.000168068 1.86644e-05 1.01709e-06
 2.13827e-27 2.15635e-27 4.9204e-27 9.45264e-22 5.62184e-17 7.68687e-13 2.41638e-09 1.74632e-06 0.000290149 0.0110835 0.0973358 0.196529 0.0921212 0.0336675 0.146403 0.206305 0.0833187 0.0646085 0.0495992 0.0138197 0.00386241 0.000884695 0.000152208 1.73072e-05 9.73991e-07
 2.14243e-27 2.16642e-27 5.96446e-27 1.29932e-21 7.72758e-17 1.05661e-12 3.32146e-09 2.40043e-06 0.000398828 0.015235 0.133794 0.270137 0.126098 0.0322322 0.115454 0.16226 0.0619674 0.0381779 0.0293296 0.0102826 0.0037387 0.000777969 0.000104847 9.97416e-06 5.34701e-07
 2.14016e-27 2.16073e-27 5.34857e-27 1.09033e-21 6.48462e-17 8.86656e-13 2.78721e-09 2.01433e-06 0.000334677 0.0127845 0.112274 0.226689 0.106133 0.0354955 0.148471 0.208614 0.0758286 0.0353345 0.0257225 0.00840248 0.00300849 0.000772096 0.000123633 1.03523e-05 4.51608e-07
 2.13874e-27 2.15734e-27 5.00258e-27 9.73032e-22 5.78699e-17 7.91268e-13 2.48736e-09 1.79762e-06 0.000298672 0.0114091 0.100195 0.202302 0.0948547 0.0353821 0.155129 0.218254 0.0827455 0.0490968 0.0364915 0.0101603 0.00286963 0.000681439 0.000115821 1.14556e-05 5.12459e-07
 2.13785e-27 2.15518e-27 4.77694e-27 8.96503e-22 5.33184e-17 7.29034e-13 2.29173e-09 1.65624e-06 0.000275182 0.0105118 0.0923148 0.186392 0.0875191 0.035913 0.163165 0.229612 0.0871549 0.0520472 0.0390379 0.0116855 0.00354124 0.000719985 9.86046e-05 9.40703e-06 4.62616e-07
 2.13902e-27 2.15809e-27 5.09023e-27 1.00281e-21 5.96406e-17 8.15479e-13 2.56347e-09 1.85263e-06 0.000307811 0.0117582 0.103261 0.208492 0.0976784 0.0343753 0.147117 0.207069 0.0802405 0.0528 0.0401322 0.012089 0.00375044 0.000807993 0.000110031 8.89329e-06 3.87214e-07
 2.14015e-27 2.16078e-27 5.36251e-27 1.09511e-21 6.51303e-17 8.90541e-13 2.79943e-09 2.02315e-06 0.000336144 0.0128405 0.112766 0.227681 0.106559 0.0345979 0.142692 0.200623 0.0751218 0.041816 0.0312053 0.00976634 0.00318829 0.000698032 9.82222e-05 8.10727e-06 3.26375e-07
 2.13879e-27 2.15746e-27 5.01427e-27 9.76992e-22 5.81054e-17 7.94488e-13 2.49748e-09 1.80494e-06 0.000299888 0.0114555 0.100603 0.203125 0.0952381 0.0354578 0.155343 0.21852 0.0823301 0.0473427 0.0353477 0.0106759 0.00336647 0.000767962 0.000114526 9.7821e-06 4.03137e-07
 2.13967e-27 2.15966e-27 5.25146e-27 1.05747e-21 6.28919e-17 8.59934e-13 2.70321e-09 1.95362e-06 0.000324591 0.0123992 0.10889 0.219857 0.102931 0.0343319 0.143427 0.201779 0.0771848 0.0478592 0.0360683 0.010781 0.0033195 0.000729335 0.000106899 9.50503e-06 4.0991e-07
 2.13903e-27 2.15804e-27 5.0733e-27 9.97003e-22 5.92955e-17 8.10761e-13 2.54864e-09 1.84191e-06 0.00030603 0.0116901 0.102663 0.207286 0.0971634 0.0355096 0.154405 0.217149 0.0811749 0.0447764 0.0333373 0.0103506 0.00334367 0.000730042 0.000103734 8.97276e-06 3.90446e-07
 2.13971e-27 2.15973e-27 5.25744e-27 1.05949e-21 6.30119e-17 8.61576e-13 2.70838e-09 1.95735e-06 0.000325211 0.0124228 0.109098 0.220276 0.103129 0.0344427 0.143977 0.202535 0.0771926 0.0470281 0.0352828 0.0103521 0.00312496 0.000699288 0.000102757 8.79155e-06 3.72593e-07
 2.13994e-27 2.16027e-27 5.30843e-27 1.07676e-21 6.4039e-17 8.75619e-13 2.75252e-09 1.98925e-06 0.000330511 0.0126253 0.110876 0.223867 0.104803 0.0348047 0.145104 0.204023 0.0763329 0.0422969 0.031469 0.00965275 0.0030575 0.00065529 9.21501e-05 8.01196e-06 3.43327e-07
 2.13882e-27 2.15754e-27 5.02388e-27 9.80257e-22 5.82996e-17 7.97143e-13 2.50583e-09 1.81097e-06 0.00030089 0.0114938 0.100939 0.203804 0.0955487 0.0353716 0.154612 0.217501 0.08212 0.0477402 0.0356751 0.0107042 0.00332887 0.000741922 0.000107259 9.04502e-06 3.81604e-07
 2.13989e-27 2.16019e-27 5.3055e-27 1.07579e-21 6.39815e-17 8.74833e-13 2.75005e-09 1.98747e-06 0.000330215 0.012614 0.110777 0.223666 0.104691 0.0342978 0.142071 0.199842 0.0761463 0.0463381 0.0348308 0.0104003 0.00319212 0.000694451 9.96141e-05 8.61074e-06 3.63707e-07
 2.1391e-27 2.15822e-27 5.09381e-27 1.00396e-21 5.97096e-17 8.16422e-13 2.56643e-09 1.85477e-06 0.000308167 0.0117718 0.10338 0.208733 0.0978268 0.0353571 0.153038 0.215235 0.0806874 0.0451952 0.0337314 0.0104857 0.00339308 0.000741261 0.000104892 8.93516e-06 3.79527e-07
 2.13843e-27 2.15662e-27 4.9326e-27 9.49321e-22 5.64597e-17 7.71986e-13 2.42675e-09 1.75382e-06 0.000291394 0.0111311 0.0977535 0.197373 0.0925658 0.0351199 0.155014 0.218165 0.0836926 0.0526014 0.0397203 0.0118993 0.00370154 0.000835335 0.000123324 1.05418e-05 4.42536e-07
 2.13905e-27 2.15817e-27 5.09835e-27 1.00556e-21 5.98043e-17 8.17717e-13 2.5705e-09 1.85771e-06 0.000308656 0.0117904 0.103544 0.209064 0.0979445 0.0344186 0.147209 0.207175 0.0799448 0.0516437 0.0393786 0.0124305 0.00409998 0.000903553 0.000130856 1.15101e-05 4.94414e-07
 2.13994e-27 2.16029e-27 5.31299e-27 1.07832e-21 6.41318e-17 8.76888e-13 2.75651e-09 1.99214e-06 0.000330991 0.0126436 0.111037 0.224191 0.104944 0.0345681 0.143562 0.201881 0.0759973 0.0435245 0.0326476 0.0103081 0.00344104 0.000792366 0.00011869 1.03174e-05 4.44413e-07
 2.13808e-27 2.15574e-27 4.83733e-27 9.16991e-22 5.45369e-17 7.45695e-13 2.3441e-09 1.69409e-06 0.00028147 0.010752 0.0944244 0.190651 0.0894787 0.0356581 0.160325 0.225615 0.0858218 0.0517979 0.0389054 0.0116652 0.00364464 0.000836518 0.000128625 1.16145e-05 5.07503e-07
#obs catch len freq
 4.06345e-40 1.98878e-33 2.23781e-27 5.78899e-22 3.44293e-17 4.70759e-13 1.47983e-09 1.06948e-06 0.000177695 0.00678774 0.0596099 0.120363 0.0569888 0.0358133 0.182455 0.257256 0.102907 0.0772514 0.061622 0.024036 0.0105814 0.00328804 0.000749254 0.000105323 7.58703e-06
 4.1915e-40 2.05145e-33 2.30832e-27 5.97141e-22 3.55142e-17 4.85593e-13 1.52646e-09 1.10318e-06 0.000183295 0.00700162 0.0614883 0.124155 0.0587559 0.0361797 0.183549 0.258723 0.102431 0.073869 0.0584201 0.0221424 0.00947665 0.00288815 0.000641729 8.75012e-05 6.09498e-06
 5.7341e-40 2.80644e-33 3.15785e-27 8.16907e-22 4.85845e-17 6.64306e-13 2.08825e-09 1.50918e-06 0.000250753 0.00957844 0.0841179 0.169843 0.0798381 0.0351065 0.163228 0.229909 0.0899946 0.0619447 0.0484867 0.0177352 0.00729089 0.00214717 0.000461745 6.12261e-05 4.13798e-06
 5.20941e-40 2.54965e-33 2.8689e-27 7.42158e-22 4.41389e-17 6.0352e-13 1.89717e-09 1.37109e-06 0.000227808 0.00870198 0.0764208 0.154304 0.0727759 0.0383533 0.187732 0.264048 0.0966371 0.0471044 0.0349011 0.0122877 0.00482622 0.0013609 0.000278987 3.55753e-05 2.32883e-06
 6.02781e-40 2.95019e-33 3.31961e-27 8.58751e-22 5.10731e-17 6.98333e-13 2.19521e-09 1.58649e-06 0.000263597 0.0100691 0.0884265 0.178543 0.0839176 0.036638 0.169956 0.239128 0.0897524 0.0505716 0.0374651 0.0108623 0.00333955 0.000874631 0.000169214 2.04665e-05 1.28161e-06
 5.46791e-40 2.67616e-33 3.01126e-27 7.78985e-22 4.63292e-17 6.33467e-13 1.99131e-09 1.43912e-06 0.000239113 0.00913379 0.080213 0.161961 0.0763233 0.0385596 0.186684 0.262505 0.0952437 0.0438252 0.0316268 0.00976393 0.00312256 0.000679855 0.000105511 1.15876e-05 6.83898e-07
 4.07891e-40 1.99634e-33 2.24632e-27 5.81101e-22 3.45603e-17 4.72549e-13 1.48546e-09 1.07355e-06 0.000178371 0.00681355 0.0598367 0.120822 0.0573488 0.0397526 0.206367 0.290412 0.107343 0.0554885 0.0404028 0.0112678 0.00315364 0.000700056 0.000103474 9.31276e-06 4.67696e-07
 3.93672e-40 1.92675e-33 2.16801e-27 5.60845e-22 3.33556e-17 4.56077e-13 1.43368e-09 1.03612e-06 0.000172154 0.00657604 0.0577508 0.11661 0.0553221 0.0376357 0.194714 0.274382 0.107061 0.0725767 0.0551895 0.0161494 0.00475041 0.000968641 0.000129536 1.11603e-05 4.93537e-07
 9.81109e-40 4.80185e-33 5.40311e-27 1.39773e-21 8.31285e-17 1.13663e-12 3.57301e-09 2.58222e-06 0.00042904 0.0163888 0.143926 0.290594 0.135517 0.0311957 0.10296 0.144664 0.0559611 0.0365742 0.0281512 0.00946521 0.00333993 0.000724899 9.76317e-05 7.75245e-06 3.1576e-07
 6.98698e-40 3.41964e-33 3.84783e-27 9.95398e-22 5.92001e-17 8.09454e-13 2.54452e-09 1.83893e-06 0.000305541 0.0116713 0.102497 0.206952 0.0971509 0.0392821 0.177534 0.249101 0.0836169 0.0174532 0.00980856 0.00317706 0.00112238 0.00027748 4.37479e-05 3.67021e-06 1.45103e-07
 3.06524e-40 1.50022e-33 1.68807e-27 4.36688e-22 2.59715e-17 3.55113e-13 1.1163e-09 8.06753e-07 0.000134043 0.00512028 0.0449663 0.0908 0.0436093 0.0434886 0.238222 0.334953 0.118206 0.0439677 0.0292468 0.00621761 0.000867789 0.000169251 2.77567e-05 2.66014e-06 1.16828e-07
 8.55029e-40 4.18478e-33 4.70878e-27 1.21812e-21 7.24459e-17 9.90567e-13 3.11386e-09 2.25039e-06 0.000373906 0.0142827 0.125431 0.253252 0.118259 0.031351 0.115165 0.162219 0.067042 0.0562142 0.0430382 0.0107501 0.00226422 0.000329231 2.52819e-05 1.83642e-06 8.53758e-08
 7.89644e-40 3.86476e-33 4.34869e-27 1.12497e-21 6.69059e-17 9.14817e-13 2.87574e-09 2.0783e-06 0.000345313 0.0131905 0.115839 0.233888 0.109536 0.0374785 0.158405 0.222215 0.0751524 0.0175883 0.0106487 0.00393453 0.00147682 0.000272576 2.5551e-05 1.30162e-06 3.51481e-08
 4.83669e-40 2.36723e-33 2.66364e-27 6.89059e-22 4.09809e-17 5.6034e-13 1.76143e-09 1.27299e-06 0.000211509 0.00807938 0.0709531 0.143266 0.0677984 0.041701 0.211496 0.297128 0.102751 0.0315048 0.0199095 0.00433358 0.000688325 0.000153249 2.36163e-05 1.58711e-06 4.3013e-08
 5.14668e-40 2.51894e-33 2.83436e-27 7.33221e-22 4.36074e-17 5.96252e-13 1.87432e-09 1.35458e-06 0.000225065 0.0085972 0.0755006 0.152446 0.0719115 0.0382092 0.187414 0.26373 0.0984336 0.0537345 0.0388188 0.00908269 0.0016369 0.000235823 2.04714e-05 1.5818e-06 6.11806e-08
 3.70078e-40 1.81128e-33 2.03808e-27 5.27232e-22 3.13564e-17 4.28743e-13 1.34776e-09 9.74026e-07 0.000161836 0.00618192 0.0542896 0.109623 0.052209 0.0407588 0.215884 0.30374 0.110862 0.053035 0.0383152 0.0111888 0.00317296 0.000530045 4.43644e-05 2.24986e-06 6.59654e-08
 7.22461e-40 3.53594e-33 3.9787e-27 1.02925e-21 6.12135e-17 8.36984e-13 2.63107e-09 1.90148e-06 0.000315933 0.0120682 0.105983 0.213989 0.100213 0.0341796 0.144266 0.203057 0.0789524 0.0526958 0.0397288 0.0109284 0.00294279 0.000601807 7.28178e-05 4.30392e-06 1.08236e-07
 4.7995e-40 2.34902e-33 2.64316e-27 6.8376e-22 4.06657e-17 5.5603e-13 1.74789e-09 1.2632e-06 0.000209883 0.00801725 0.0704075 0.142165 0.0672848 0.0415868 0.21113 0.296604 0.102389 0.030872 0.0201866 0.00649155 0.00215825 0.000437293 5.44566e-05 4.03076e-06 1.31753e-07
 5.4953e-40 2.68957e-33 3.02634e-27 7.82887e-22 4.65612e-17 6.3664e-13 2.00128e-09 1.44633e-06 0.00024031 0.00917954 0.0806147 0.162771 0.0766698 0.0378036 0.181826 0.255833 0.09536 0.0516748 0.0372669 0.00868958 0.0016645 0.000349776 5.09609e-05 3.95124e-06 1.43621e-07
 6.03655e-40 2.95447e-33 3.32442e-27 8.59997e-22 5.11472e-17 6.99346e-13 2.1984e-09 1.58879e-06 0.000263979 0.0100837 0.0885548 0.178802 0.0840931 0.0381204 0.178927 0.251517 0.0906475 0.0397992 0.0282688 0.00819243 0.00229818 0.000388209 3.80301e-05 2.91777e-06 1.17115e-07
 4.73196e-40 2.31596e-33 2.60596e-27 6.74137e-22 4.00935e-17 5.48206e-13 1.72329e-09 1.24543e-06 0.000206929 0.00790443 0.0694167 0.140164 0.066318 0.0404718 0.204927 0.288098 0.102653 0.0413591 0.0285744 0.00756607 0.00190736 0.000382845 4.62406e-05 2.91611e-06 9.37402e-08
 7.16697e-40 3.50774e-33 3.94696e-27 1.02104e-21 6.07252e-17 8.30307e-13 2.61008e-09 1.88631e-06 0.000313413 0.011972 0.105138 0.212282 0.0994805 0.0356934 0.154021 0.216566 0.0804602 0.0428286 0.03107 0.00795389 0.00183862 0.000337823 3.96625e-05 2.87966e-06 9.67181e-08
 4.94185e-40 2.41869e-33 2.72155e-27 7.0404e-22 4.18719e-17 5.72522e-13 1.79973e-09 1.30067e-06 0.000216108 0.00825504 0.0724958 0.146381 0.0692205 0.0412297 0.207679 0.29178 0.101251 0.0322279 0.021144 0.00606217 0.00170744 0.00031325 3.36325e-05 2.27892e-06 7.89016e-08
 5.98507e-40 2.92928e-33 3.29607e-27 8.52662e-22 5.0711e-17 6.93381e-13 2.17965e-09 1.57524e-06 0.000261728 0.00999767 0.0877995 0.177277 0.0833615 0.037411 0.175057 0.246232 0.0911391 0.0474527 0.0340518 0.0080539 0.00156816 0.000296239 3.66761e-05 2.48462e-06 8.01783e-08
 6.26866e-40 3.06807e-33 3.45225e-27 8.93064e-22 5.31138e-17 7.26236e-13 2.28293e-09 1.64988e-06 0.000274129 0.0104714 0.0919597 0.185677 0.0872774 0.0382806 0.177833 0.249891 0.0889258 0.0354869 0.0246509 0.00700173 0.0019118 0.000324189 3.09413e-05 2.09127e-06 7.24309e-08
 4.79286e-40 2.34577e-33 2.6395e-27 6.82813e-22 4.06095e-17 5.55261e-13 1.74547e-09 1.26145e-06 0.000209592 0.00800615 0.0703101 0.141967 0.0671543 0.0405384 0.20479 0.287882 0.102275 0.0402462 0.0275648 0.0070443 0.00164962 0.00032079 3.79517e-05 2.35719e-06 7.07071e-08
 5.25102e-40 2.57001e-33 2.89182e-27 7.48086e-22 4.44915e-17 6.08341e-13 1.91232e-09 1.38204e-06 0.000229628 0.0087715 0.0770313 0.155537 0.0733403 0.0382097 0.186485 0.262378 0.097352 0.0514271 0.0372338 0.009451 0.00213197 0.000376174 4.13528e-05 2.88895e-06 9.49238e-08
 5.63161e-40 2.75628e-33 3.10141e-27 8.02307e-22 4.77162e-17 6.52432e-13 2.05093e-09 1.48221e-06 0.000246271 0.00940724 0.0826144 0.166809 0.0785605 0.0384453 0.184525 0.259456 0.0941021 0.0431683 0.0308736 0.00882929 0.00246504 0.000446958 4.64854e-05 2.9888e-06 9.79768e-08
 5.38338e-40 2.63479e-33 2.96471e-27 7.66942e-22 4.56129e-17 6.23674e-13 1.96052e-09 1.41688e-06 0.000235416 0.00899258 0.0789729 0.159457 0.075156 0.0382985 0.185845 0.261413 0.0961134 0.0481215 0.0347839 0.00950589 0.00252628 0.000509804 6.29064e-05 4.18423e-06 1.29957e-07
#spawning biomass
 4226.24 3290.3 3560.54 4472.44 5357.95 7013.95 7344.89 5608.86 7158.04 14653.6 16897.7 14818.2 25018 32691.1 28470.2 23514 19778.7 24711 23849.4 24107.6 24133.2 24515 29533.4 27550.8 30275.3 32314.8 30977.9 28733.4 29592.6 67734.4 92143.5 84527.8 57347.8 39274.9 30101.9 25820.6 23908.1 23077.1 22722.4 22573 22510.5 22484.5 22473.8 22469.4 22467.5 22466.8 22466.5 22466.4 22466.3 22466.3 22466.3 22466.3 22466.3 22466.3 22466.3 22466.3 22466.3 22466.3 22466.3 22466.3 22466.3 22466.3 22466.3 22466.3 22466.3 22466.3 22466.3 22466.3 22466.3 22466.3 22466.3 22466.3 22466.3 22466.3 22466.3 22466.3 22466.3 22466.3 22466.3 22466.3 22466.3 22466.3 22466.3 22466.3 22466.3 22466.3 22466.3 22466.3 22466.3 22466.3 22466.3 22466.3 22466.3 22466.3 22466.3 22466.3 22466.3 22466.3 22466.3 22466.3 22466.3 22466.3 22466.3 22466.3 22466.3 22466.3 22466.3 22466.3 22466.3 22466.3 22466.3 22466.3 22466.3 22466.3 22466.3 22466.3 22466.3 22466.3 22466.3 22466.3 22466.3 22466.3 22466.3 22466.3 22466.3 22466.3 22466.3 22466.3 22466.3 0 0 0 0 0 0 0 0 0 0 0 0 0 0 0 0 0 0 0 0 0 0 0 0 0
