SBPRF35
0.178135
Curr Bio
192718
B35
197265
F35
0.977163
FOFL
0.977163
OFL
92829.7
Bzero
50895.7
#pred survey bio
 4738.16 5580.58 8777.31 14845.2 27143.1 34249.7 29093.5 33639.6 54560.5 78278.9 94037 130408 168568 178802 171734 160567 142343 164229 163510 155654 156097 158379 165771 167602 183274 201875 202556 232145 7.1958e+06 5.94118e+06 3.33887e+06 1.70393e+06 1.02292e+06 744173 619182 556110 521127 500601 488222 480671 476049 473217 471474 470400 469756 469370 469137 468997 468913 468862 468831 468813 468801 468795 468790 468788 468786 468786 468785 468785 468785 468784 468784 468784 468784 468784 468784 468784 468784 468784 468784 468784 468784 468784 468784 468784 468784 468784 468784 468784 468784 468784 468784 468784 468784 468784 468784 468784 468784 468784 468784 468784 468784 468784 468784 468784 468784 468784 468784 468784 468784 468784 468784 468784 468784 468784 468784 468784 468784 468784 468784 468784 468784 468784 468784 468784 468784 468784 468784 468784 468784 468784 468784 468784 468784 468784 468784 468784 0 0 0 0 0 0 0 0 0 0 0 0 0 0 0 0 0 0 0 0 0 0 0 0 0
#obs survey bio
 3885.32 8583.85 7127.78 13964 28286.5 20149.2 24728 41638.7 83333.1 67567.1 67921.2 138598 142238 142983 90591.6 116139 164323 136032 123738 99775 155839 157376 131550 105339 178058 174807 142564 174888
#pred catch bio
 1977.53 2203.92 3416.13 5383.61 10079.8 17171.1 15056.4 14863.7 23301.7 39517.1 45247 65520.1 91734.8 100606 95237.6 99296.4 73029.3 93185.4 96732.7 91815.1 92799.2 93056.3 101219 100898 107547 122200 120061 91317.9 92829.7 115122 63592.3 25656.4 12323.3 8353.59 7258.84 6971.61 6898.85 6880.89 6876.54 6875.5 6875.26 6875.2 6875.19 6875.18 6875.18 6875.18 6875.18 6875.18 6875.18 6875.18 6875.18 6875.18 6875.18 6875.18 6875.18 6875.18 6875.18 6875.18 6875.18 6875.18 6875.18 6875.18 6875.18 6875.18 6875.18 6875.18 6875.18 6875.18 6875.18 6875.18 6875.18 6875.18 6875.18 6875.18 6875.18 6875.18 6875.18 6875.18 6875.18 6875.18 6875.18 6875.18 6875.18 6875.18 6875.18 6875.18 6875.18 6875.18 6875.18 6875.18 6875.18 6875.18 6875.18 6875.18 6875.18 6875.18 6875.18 6875.18 6875.18 6875.18 6875.18 6875.18 6875.18 6875.18 6875.18 6875.18 6875.18 6875.18 6875.18 6875.18 6875.18 6875.18 6875.18 6875.18 6875.18 6875.18 6875.18 6875.18 6875.18 6875.18 6875.18 6875.18 6875.18 6875.18 6875.18 6875.18 6875.18 6875.18 0 0 0 0 0 0 0 0 0 0 0 0 0 0 0 0 0 0 0 0 0 0 0 0 0
#obs catch bio
 2054.1 2123.55 3124.75 5023.22 8762.16 15826.8 15192 13409.9 19708.5 35438.8 43572.7 63557.3 80254.4 90841.2 102842 98243.5 67949.9 86972.7 87491.4 83450.4 81936.1 79339.9 89681.8 92729 94930.6 110358 110010 85001.2
#pred cpue bio
 3156.24 2820.71 3995.03 6579.39 11878.5 18598.6 16597.3 15337.8 23263.8 36598.3 43560 57560.3 75491.7 84173.9 82702.5 79546.3 64547.8 77127.4 76523 71677.2 70061.9 70251.9 73175.9 72522.5 77211.7 87140.3 89030 96637.4 3.65272e+06 4.67967e+06 3.1117e+06 1.54816e+06 869897 591253 466266 403194 368212 347685 335306 327755 323133 320301 318558 317484 316841 316454 316221 316081 315997 315946 315915 315897 315885 315879 315875 315872 315871 315870 315869 315869 315869 315869 315868 315868 315868 315868 315868 315868 315868 315868 315868 315868 315868 315868 315868 315868 315868 315868 315868 315868 315868 315868 315868 315868 315868 315868 315868 315868 315868 315868 315868 315868 315868 315868 315868 315868 315868 315868 315868 315868 315868 315868 315868 315868 315868 315868 315868 315868 315868 315868 315868 315868 315868 315868 315868 315868 315868 315868 315868 315868 315868 315868 315868 315868 315868 315868 315868 315868 0 0 0 0 0 0 0 0 0 0 0 0 0 0 0 0 0 0 0 0 0 0 0 0 0
#obs cpue bio
 2644.53 3291.45 6125.66 9547.74 24620.9 25787.7 22371.9 23781.3 32497 49285.3 54717.3 73821.6 170852 134652 80197.4 164757 72990.1 127766 157236 153902 127160 138047 136800 147204 144541 142176 178495 167619
#pred surv len freq
 1.5037e-11 1.63212e-09 1.04456e-07 3.94183e-06 8.77106e-05 0.0011508 0.00890372 0.0406362 0.109593 0.176197 0.176202 0.12961 0.0975697 0.0785215 0.0555188 0.0364452 0.0246627 0.0170355 0.0121503 0.00912827 0.00734735 0.00640645 0.00571124 0.0044792 0.00263806
 1.7741e-11 1.92561e-09 1.23239e-07 4.65066e-06 0.000103483 0.00135773 0.0105045 0.0479355 0.129191 0.206993 0.203626 0.140751 0.0939117 0.0682577 0.0433813 0.0238141 0.0128232 0.00685726 0.00373324 0.00221556 0.00147123 0.00110152 0.000892287 0.000675318 0.000398712
 1.811e-11 1.96567e-09 1.25802e-07 4.74739e-06 0.000105635 0.00138597 0.010723 0.0489332 0.131887 0.211367 0.208182 0.144525 0.0969349 0.0695198 0.0415712 0.0197656 0.00866747 0.00367827 0.00148246 0.000610061 0.000281976 0.000157048 0.000104691 7.20021e-05 4.11355e-05
 1.82973e-11 1.986e-09 1.27104e-07 4.7965e-06 0.000106728 0.00140031 0.0108339 0.0494387 0.133242 0.213478 0.209975 0.144999 0.0961989 0.06838 0.0405713 0.0189386 0.00792847 0.00304256 0.00100951 0.000304365 9.2085e-05 3.12249e-05 1.35829e-05 7.34257e-06 3.80203e-06
 1.84938e-11 2.00733e-09 1.28469e-07 4.848e-06 0.000107874 0.00141535 0.0109502 0.0499685 0.134657 0.215643 0.211622 0.144845 0.0943858 0.0663121 0.0393553 0.0185344 0.00784851 0.00301664 0.000977135 0.000270342 6.63424e-05 1.50057e-05 3.55939e-06 1.0904e-06 4.19323e-07
 1.44448e-11 1.56784e-09 1.00342e-07 3.78659e-06 8.42565e-05 0.00110549 0.00855368 0.0390502 0.105475 0.170861 0.176905 0.145914 0.128602 0.107123 0.0660388 0.030722 0.0126691 0.00479283 0.00154727 0.000426304 0.000101524 2.05682e-05 3.59225e-06 5.94518e-07 1.15129e-07
 1.41555e-11 1.53644e-09 9.83322e-08 3.71075e-06 8.2569e-05 0.00108335 0.00838233 0.0382672 0.103349 0.167328 0.172844 0.141642 0.12443 0.105694 0.0698968 0.0378061 0.018433 0.00753336 0.00240993 0.000634482 0.000145236 2.85779e-05 4.70223e-06 6.39479e-07 7.46661e-08
 1.84258e-11 1.99994e-09 1.27996e-07 4.83017e-06 0.000107477 0.00141014 0.0109098 0.0497835 0.134145 0.214719 0.210224 0.142612 0.0914964 0.0645752 0.040468 0.0216536 0.0107756 0.00472647 0.00171597 0.000516874 0.000126861 2.48879e-05 3.95059e-06 5.1041e-07 5.28539e-08
 1.86166e-11 2.02066e-09 1.29322e-07 4.8802e-06 0.00010859 0.00142475 0.0110229 0.0503005 0.135553 0.217087 0.213083 0.145933 0.0950439 0.0661546 0.0379639 0.0164902 0.00630486 0.00235708 0.000822241 0.000257564 6.95983e-05 1.53575e-05 2.6582e-06 3.52749e-07 3.5661e-08
 1.71754e-11 1.86422e-09 1.1931e-07 4.50239e-06 0.000100184 0.00131445 0.0101699 0.0464141 0.125166 0.201156 0.200767 0.146433 0.107435 0.080929 0.0476637 0.0208848 0.00785279 0.00268469 0.00077488 0.000192406 4.47675e-05 9.68467e-06 1.79166e-06 2.61861e-07 2.8688e-08
 1.73972e-11 1.8883e-09 1.20851e-07 4.56055e-06 0.000101478 0.00133143 0.0103012 0.0470122 0.126762 0.203584 0.202551 0.14605 0.105068 0.0783774 0.0463676 0.0207043 0.00800378 0.00277369 0.000784703 0.000179569 3.52003e-05 6.08214e-06 9.41122e-07 1.28965e-07 1.45782e-08
 1.81853e-11 1.97384e-09 1.26325e-07 4.76713e-06 0.000106074 0.00139174 0.0107676 0.049137 0.13244 0.212287 0.209246 0.14567 0.0981415 0.0702384 0.0412027 0.0185353 0.00728567 0.00257782 0.000749482 0.000177014 3.50244e-05 5.73991e-06 7.71521e-07 8.65808e-08 8.22508e-09
 1.77216e-11 1.92351e-09 1.23105e-07 4.64558e-06 0.00010337 0.00135626 0.0104932 0.0478875 0.129109 0.207243 0.205671 0.146895 0.103741 0.0760271 0.0437892 0.0183767 0.0064579 0.00209205 0.000583847 0.000135876 2.6958e-05 4.48144e-06 6.04483e-07 6.49007e-08 5.48159e-09
 1.68245e-11 1.82614e-09 1.16872e-07 4.4104e-06 9.8137e-05 0.0012876 0.00996221 0.0454686 0.122647 0.197351 0.19812 0.147521 0.111924 0.0855023 0.049615 0.0205988 0.00703229 0.00216964 0.000558932 0.000115432 2.02917e-05 3.13114e-06 4.11055e-07 4.40119e-08 3.6954e-09
 1.65388e-11 1.79513e-09 1.14888e-07 4.33552e-06 9.64708e-05 0.00126574 0.00979312 0.044698 0.120583 0.194152 0.195485 0.147087 0.113566 0.0878868 0.0517564 0.0222148 0.00800761 0.00257557 0.00066836 0.000134407 2.2136e-05 3.08011e-06 3.58338e-07 3.47054e-08 2.75345e-09
 1.61205e-11 1.74972e-09 1.11982e-07 4.22586e-06 9.40307e-05 0.00123373 0.00954551 0.0435696 0.117564 0.189489 0.191726 0.146725 0.116381 0.0916244 0.0547107 0.0241368 0.00909773 0.00305803 0.000828407 0.000175768 3.04369e-05 4.30069e-06 4.83415e-07 4.31626e-08 3.07222e-09
 1.74885e-11 1.89821e-09 1.21485e-07 4.58448e-06 0.00010201 0.00133842 0.0103552 0.0472591 0.12743 0.204677 0.203729 0.147114 0.105955 0.078561 0.0453112 0.0189045 0.00653591 0.00204896 0.000537334 0.000112803 1.96634e-05 2.85217e-06 3.32563e-07 3.04053e-08 2.13667e-09
 1.70455e-11 1.85013e-09 1.18408e-07 4.46835e-06 9.94264e-05 0.00130452 0.010093 0.0460641 0.124232 0.199734 0.199723 0.14666 0.108834 0.0824702 0.0485158 0.0210796 0.00777311 0.00256035 0.000681634 0.00014222 2.45017e-05 3.53553e-06 4.15342e-07 3.88079e-08 2.81185e-09
 1.69863e-11 1.8437e-09 1.17996e-07 4.45282e-06 9.90808e-05 0.00129998 0.010058 0.0459048 0.12381 0.19912 0.19941 0.14721 0.110146 0.0835927 0.0486488 0.0204786 0.00717871 0.00228085 0.000604283 0.000127996 2.24187e-05 3.24558e-06 3.77936e-07 3.49756e-08 2.53367e-09
 1.71716e-11 1.86381e-09 1.19284e-07 4.50139e-06 0.000100162 0.00131416 0.0101676 0.0464046 0.125149 0.201196 0.201126 0.147512 0.109116 0.0820844 0.0472873 0.0194337 0.00651747 0.0019716 0.000497385 9.9209e-05 1.63992e-05 2.30534e-06 2.67697e-07 2.48641e-08 1.79717e-09
 1.75644e-11 1.90644e-09 1.22012e-07 4.60436e-06 0.000102453 0.00134422 0.0104001 0.0474638 0.12798 0.205543 0.204507 0.147446 0.105855 0.078162 0.0446784 0.0181939 0.00600244 0.0017794 0.000437925 8.39267e-05 1.30778e-05 1.71738e-06 1.86883e-07 1.65407e-08 1.16791e-09
 1.76682e-11 1.91771e-09 1.22733e-07 4.63157e-06 0.000103058 0.00135217 0.0104616 0.047744 0.128732 0.206717 0.205518 0.147751 0.105481 0.0774439 0.0438389 0.0174015 0.00546539 0.00153992 0.000366403 6.81686e-05 1.0231e-05 1.28267e-06 1.31889e-07 1.09152e-08 7.19742e-10
 1.77484e-11 1.92642e-09 1.23291e-07 4.6526e-06 0.000103526 0.00135831 0.0105091 0.0479603 0.12931 0.207601 0.20619 0.147685 0.104736 0.076594 0.0433363 0.0172288 0.00542444 0.00152556 0.000358116 6.45966e-05 9.25517e-06 1.10566e-06 1.08769e-07 8.59127e-09 5.36518e-10
 1.79737e-11 1.95087e-09 1.24856e-07 4.71166e-06 0.00010484 0.00137555 0.0106424 0.048568 0.130936 0.210114 0.208223 0.147905 0.103256 0.0745945 0.0417107 0.0161377 0.00480926 0.00127311 0.000287697 5.05518e-05 7.02547e-06 8.07381e-07 7.5819e-08 5.68314e-09 3.36664e-10
 1.83605e-11 1.99286e-09 1.27543e-07 4.81307e-06 0.000107097 0.00140515 0.0108714 0.049611 0.133723 0.214384 0.211502 0.147699 0.0998286 0.070588 0.0391993 0.0151134 0.00447802 0.00117321 0.00026039 4.42455e-05 5.84118e-06 6.35843e-07 5.70997e-08 4.10929e-09 2.32857e-10
 1.7991e-11 1.95275e-09 1.24976e-07 4.71619e-06 0.000104941 0.00137687 0.0106526 0.0486147 0.131061 0.210311 0.208398 0.147974 0.103222 0.0744952 0.0415663 0.0159825 0.00469622 0.00121851 0.000269015 4.56054e-05 5.98901e-06 6.41143e-07 5.56586e-08 3.8174e-09 2.054e-10
 1.77111e-11 1.92237e-09 1.23032e-07 4.64283e-06 0.000103309 0.00135545 0.010487 0.0478601 0.129045 0.207223 0.206034 0.148145 0.105737 0.0774193 0.0433789 0.0166962 0.00490672 0.0012714 0.000279292 4.68166e-05 6.0386e-06 6.34551e-07 5.43053e-08 3.66906e-09 1.92646e-10
 1.85876e-11 2.01751e-09 1.2912e-07 4.87259e-06 0.000108421 0.00142252 0.0110057 0.0502231 0.135356 0.216871 0.213331 0.147314 0.0974154 0.0679751 0.0378497 0.0148952 0.00461303 0.00126844 0.000288971 4.94581e-05 6.4905e-06 6.89843e-07 5.89998e-08 3.94319e-09 2.03986e-10
#obs surv len freq
 1.28655e-11 1.39643e-09 8.93713e-08 3.3726e-06 7.50449e-05 0.000984641 0.00761887 0.0347882 0.0940292 0.152766 0.159902 0.135703 0.124715 0.111747 0.081886 0.0508048 0.0273192 0.0120208 0.00419656 0.00115433 0.00024413 3.83298e-05 4.3219e-06 3.39417e-07 1.80584e-08
 1.83619e-11 1.99301e-09 1.27552e-07 4.81343e-06 0.000107105 0.00140526 0.0108722 0.0496133 0.133699 0.214024 0.209308 0.140622 0.0879244 0.0623491 0.0425333 0.0257124 0.0134931 0.00576282 0.00193985 0.000510633 0.000102635 1.52224e-05 1.61276e-06 1.18447e-07 5.86873e-09
 1.56094e-11 1.69426e-09 1.08432e-07 4.0919e-06 9.10503e-05 0.00119464 0.00924364 0.0422025 0.113993 0.184486 0.189273 0.149293 0.120483 0.0935897 0.0557004 0.0253222 0.0100261 0.00362886 0.00112661 0.000280793 5.34787e-05 7.47687e-06 7.42624e-07 5.0899e-08 2.34514e-09
 1.81045e-11 1.96508e-09 1.25765e-07 4.74597e-06 0.000105604 0.00138558 0.0107203 0.0489272 0.131932 0.211759 0.209291 0.145351 0.0954331 0.06734 0.04232 0.0220001 0.0093958 0.00309694 0.000763589 0.000146857 2.29285e-05 2.82397e-06 2.56784e-07 1.63031e-08 6.96495e-10
 1.66144e-11 1.80333e-09 1.15413e-07 4.35534e-06 9.69122e-05 0.00127155 0.00983878 0.0449186 0.1213 0.195961 0.198969 0.150565 0.112568 0.0826788 0.0482093 0.0218019 0.00831446 0.00267535 0.000677945 0.000128855 1.79277e-05 1.80935e-06 1.32696e-07 7.02845e-09 2.61661e-10
 7.26186e-12 7.88207e-10 5.04453e-08 1.90367e-06 4.23608e-05 0.000555901 0.0043048 0.0197256 0.0541558 0.0939116 0.122427 0.156269 0.188315 0.170005 0.108456 0.0528433 0.0208305 0.00640033 0.00146785 0.000252277 3.271e-05 3.11857e-06 2.10172e-07 9.72676e-09 3.04409e-10
 1.59835e-11 1.73486e-09 1.11031e-07 4.18995e-06 9.3232e-05 0.00122326 0.00946475 0.0432025 0.116548 0.187338 0.185979 0.131172 0.0921806 0.0794435 0.0689099 0.0486412 0.0246958 0.00861118 0.00208441 0.000359331 4.44468e-05 3.90091e-06 2.39301e-07 1.01058e-08 2.88327e-10
 1.80245e-11 1.95639e-09 1.25209e-07 4.72499e-06 0.000105138 0.00137948 0.0106739 0.0487297 0.131544 0.211971 0.212118 0.151181 0.0997913 0.0657819 0.0368053 0.017544 0.00794397 0.00320573 0.000981239 0.000206601 2.88605e-05 2.65537e-06 1.61248e-07 6.46789e-09 1.70666e-10
 1.59628e-11 1.73262e-09 1.10887e-07 4.18456e-06 9.31129e-05 0.00122175 0.00945472 0.0431887 0.116869 0.190201 0.19762 0.156749 0.120535 0.0861291 0.0478772 0.020384 0.00706375 0.00202421 0.000478097 9.22864e-05 1.36432e-05 1.40893e-06 9.53934e-08 4.11018e-09 1.11444e-10
 1.46469e-11 1.58978e-09 1.01746e-07 3.8396e-06 8.54375e-05 0.00112107 0.00867651 0.0396506 0.107473 0.176018 0.186895 0.156322 0.128418 0.096892 0.057884 0.0271195 0.0100092 0.00277666 0.000561016 8.38173e-05 9.5155e-06 8.19143e-07 5.13446e-08 2.21193e-09 6.22532e-11
 1.42781e-11 1.54976e-09 9.91845e-08 3.74294e-06 8.32871e-05 0.00109287 0.00845889 0.0386659 0.104896 0.1723 0.184437 0.156504 0.129958 0.0988404 0.0602697 0.029238 0.0112236 0.00324004 0.000676097 0.000100433 1.05045e-05 7.65473e-07 3.86902e-08 1.35315e-09 3.23905e-11
 1.67537e-11 1.81845e-09 1.16381e-07 4.39187e-06 9.77264e-05 0.0012823 0.00992364 0.045333 0.122652 0.199189 0.204235 0.154092 0.109115 0.0757289 0.0450227 0.0218304 0.00842381 0.00245812 0.000522736 7.94041e-05 8.42715e-06 6.09492e-07 2.94376e-08 9.36687e-10 1.94655e-11
 1.52501e-11 1.65526e-09 1.05936e-07 3.99775e-06 8.89578e-05 0.00116731 0.00903578 0.0413125 0.112137 0.184302 0.196567 0.162606 0.126686 0.0881003 0.047979 0.0204869 0.00710413 0.00195143 0.000404107 6.07385e-05 6.41671e-06 4.62482e-07 2.21864e-08 6.94826e-10 1.39888e-11
 1.28862e-11 1.39867e-09 8.95152e-08 3.37808e-06 7.51708e-05 0.000986491 0.00763877 0.0349709 0.0953831 0.159472 0.179325 0.165665 0.144889 0.108406 0.062634 0.0279619 0.00961108 0.00245423 0.000456032 6.16264e-05 5.99929e-06 4.09033e-07 1.88825e-08 5.73601e-10 1.12233e-11
 1.22682e-11 1.3316e-09 8.52226e-08 3.2161e-06 7.15673e-05 0.000939241 0.00727395 0.0333163 0.0910022 0.15278 0.173495 0.162857 0.145449 0.113142 0.0698781 0.0336474 0.0122414 0.0032206 0.00059875 7.80057e-05 7.05209e-06 4.36383e-07 1.82187e-08 5.05446e-10 9.16171e-12
 1.36649e-11 1.4832e-09 9.49252e-08 3.58225e-06 7.97147e-05 0.00104614 0.00810081 0.0370828 0.101049 0.168028 0.184688 0.161212 0.133116 0.0996027 0.0611932 0.0298786 0.0111791 0.00305975 0.000593288 7.96693e-05 7.25242e-06 4.39267e-07 1.74548e-08 4.50199e-10 7.46774e-12
 1.35315e-11 1.46871e-09 9.39982e-08 3.54729e-06 7.89383e-05 0.00103602 0.00802429 0.0367597 0.100402 0.168096 0.187797 0.167448 0.13776 0.0985668 0.0563619 0.0255857 0.00910344 0.00243575 0.000471207 6.38444e-05 5.88219e-06 3.59103e-07 1.42355e-08 3.60934e-10 5.78665e-12
 1.40189e-11 1.52162e-09 9.73843e-08 3.67508e-06 8.17829e-05 0.00107338 0.00831403 0.0380896 0.104022 0.173883 0.192723 0.168032 0.134116 0.0938909 0.0526724 0.0230717 0.00772178 0.00191308 0.000343219 4.37678e-05 3.86531e-06 2.29434e-07 8.91286e-09 2.21942e-10 3.48776e-12
 1.41829e-11 1.53942e-09 9.85239e-08 3.71811e-06 8.27418e-05 0.00108602 0.00841326 0.0385607 0.105423 0.176633 0.196318 0.170578 0.133652 0.090813 0.0491758 0.0207259 0.00665936 0.00157443 0.000266315 3.16032e-05 2.5796e-06 1.41781e-07 5.13981e-09 1.20586e-10 1.80041e-12
 1.4187e-11 1.53987e-09 9.85528e-08 3.71923e-06 8.27687e-05 0.00108645 0.00841826 0.038605 0.105697 0.177677 0.198548 0.172908 0.134148 0.0892977 0.0470282 0.0190969 0.00585633 0.00131265 0.000209464 2.33314e-05 1.77685e-06 9.05383e-08 3.0271e-09 6.53398e-11 8.98179e-13
 1.4391e-11 1.56202e-09 9.99704e-08 3.77276e-06 8.39618e-05 0.00110218 0.00854149 0.0391854 0.107375 0.18072 0.20186 0.17429 0.132566 0.0861867 0.0442636 0.0174168 0.00512792 0.00109384 0.000164794 1.72105e-05 1.2224e-06 5.78621e-08 1.79138e-09 3.56979e-11 4.51805e-13
 1.48006e-11 1.60647e-09 1.02816e-07 3.88016e-06 8.63538e-05 0.00113363 0.00878628 0.0403177 0.110508 0.185882 0.206518 0.175128 0.129153 0.0812797 0.0404486 0.0153748 0.00435185 0.000888029 0.000127214 1.2543e-05 8.35169e-07 3.68413e-08 1.05813e-09 1.94972e-11 2.2763e-13
 1.45413e-11 1.57833e-09 1.01015e-07 3.81229e-06 8.48473e-05 0.00111401 0.00863751 0.0396764 0.109046 0.184624 0.207721 0.178621 0.131643 0.0810851 0.0389285 0.014151 0.00381389 0.000739425 0.000100382 9.34499e-06 5.85012e-07 2.41581e-08 6.46834e-10 1.10687e-11 1.19621e-13
 1.45298e-11 1.57709e-09 1.00937e-07 3.80937e-06 8.47861e-05 0.00111333 0.00863472 0.0396911 0.109255 0.185511 0.20943 0.179946 0.131402 0.0798122 0.0376416 0.0133104 0.00344177 0.000632596 8.07688e-05 7.03945e-06 4.11574e-07 1.5849e-08 3.95137e-10 6.28541e-12 6.30272e-14
 1.44118e-11 1.56428e-09 1.00118e-07 3.77855e-06 8.4105e-05 0.00110456 0.00857002 0.0394313 0.108779 0.185531 0.21086 0.18188 0.131958 0.0789242 0.0364905 0.0125917 0.00315861 0.000559293 6.8216e-05 5.62611e-06 3.08588e-07 1.1076e-08 2.5633e-10 3.7763e-12 3.50281e-14
 1.31721e-11 1.42974e-09 9.15085e-08 3.45383e-06 7.6889e-05 0.00101022 0.00784696 0.0362144 0.100698 0.175073 0.206865 0.188293 0.142095 0.0857312 0.0391279 0.0131609 0.00319149 0.000543186 6.3375e-05 4.97446e-06 2.58219e-07 8.72053e-09 1.88839e-10 2.59027e-12 2.22814e-14
 1.33044e-11 1.44411e-09 9.24289e-08 3.48864e-06 7.76682e-05 0.00102056 0.00792897 0.0366038 0.101788 0.176697 0.207493 0.186728 0.140013 0.0851228 0.0394097 0.0133286 0.003193 0.000528013 5.9147e-05 4.42162e-06 2.17357e-07 6.92131e-09 1.40802e-10 1.80836e-12 1.45189e-14
 1.34465e-11 1.45954e-09 9.34182e-08 3.52613e-06 7.85102e-05 0.00103186 0.00802081 0.0370673 0.103283 0.179787 0.211241 0.188348 0.137936 0.0812849 0.0365173 0.0120523 0.00283342 0.000460345 5.04122e-05 3.64974e-06 1.71925e-07 5.19809e-09 9.97084e-11 1.20155e-12 9.02031e-15
#pred catch len freq
 8.38958e-12 9.10608e-10 5.82788e-08 2.19926e-06 4.89367e-05 0.000642095 0.00496883 0.0226997 0.0615243 0.101377 0.113014 0.114094 0.126045 0.121947 0.093604 0.0660234 0.046934 0.0331062 0.0237963 0.0179257 0.0144394 0.0125925 0.0112263 0.00880461 0.00518555
 1.19887e-11 1.30125e-09 8.32801e-08 3.14274e-06 6.99301e-05 0.000917531 0.00709965 0.0324197 0.0876689 0.142849 0.151813 0.135356 0.131633 0.117692 0.0809381 0.0472568 0.0267916 0.0147011 0.00808674 0.00481839 0.00320353 0.00239916 0.00194354 0.00147096 0.000868465
 1.27185e-11 1.38047e-09 8.83502e-08 3.33406e-06 7.41874e-05 0.000973391 0.00753188 0.0343934 0.0930069 0.151551 0.161069 0.143501 0.138697 0.121089 0.0775221 0.0387933 0.0179447 0.00786729 0.00321476 0.00133078 0.00061652 0.000343595 0.000229074 0.00015755 9.00101e-05
 1.28314e-11 1.39273e-09 8.91344e-08 3.36366e-06 7.48458e-05 0.00098203 0.00759872 0.0346985 0.09383 0.152876 0.162402 0.144496 0.139413 0.121466 0.0773372 0.0380408 0.0168289 0.00668355 0.00225094 0.000683615 0.000207604 7.05001e-05 3.06799e-05 1.6586e-05 8.58837e-06
 1.3188e-11 1.43143e-09 9.16113e-08 3.45713e-06 7.69257e-05 0.00100932 0.00780976 0.0356599 0.0963984 0.156808 0.165406 0.144257 0.136187 0.117762 0.0751307 0.0372706 0.0166441 0.0066075 0.00217012 0.000604422 0.000148858 3.37257e-05 8.00516e-06 2.45287e-06 9.43306e-07
 8.99977e-12 9.76839e-10 6.25176e-08 2.35922e-06 5.24963e-05 0.000688814 0.0053309 0.0243665 0.0662154 0.110501 0.129564 0.145552 0.171868 0.160166 0.102648 0.0496098 0.0213979 0.00833324 0.00272399 0.000754816 0.000180284 3.65731e-05 6.39101e-06 1.05795e-06 2.0489e-07
 8.68731e-12 9.42924e-10 6.0347e-08 2.27731e-06 5.06736e-05 0.000664897 0.00514574 0.0235188 0.0638935 0.10648 0.1242 0.138247 0.163266 0.155933 0.108023 0.0611064 0.0309779 0.0129117 0.00416512 0.00110188 0.000252989 4.98539e-05 8.20786e-06 1.11648e-06 1.30373e-07
 1.35346e-11 1.46905e-09 9.40193e-08 3.548e-06 7.89476e-05 0.00103584 0.00801481 0.0365917 0.0988568 0.160319 0.166845 0.139931 0.126734 0.109684 0.0740439 0.0416652 0.0215935 0.00966712 0.0035397 0.00107071 0.000263363 5.17194e-05 8.21353e-06 1.06141e-06 1.09921e-07
 1.38751e-11 1.50601e-09 9.63845e-08 3.63725e-06 8.09337e-05 0.0010619 0.00821653 0.0375146 0.101376 0.164611 0.172259 0.146717 0.134383 0.113402 0.0692673 0.0312886 0.0125316 0.00484693 0.00171606 0.000540674 0.000146449 3.23456e-05 5.60074e-06 7.43344e-07 7.51532e-08
 1.24349e-11 1.34969e-09 8.63798e-08 3.25971e-06 7.25329e-05 0.000951687 0.0073641 0.0336311 0.0909974 0.148695 0.159974 0.147285 0.146897 0.128357 0.0791779 0.0358057 0.013979 0.00491046 0.00143474 0.000358282 8.36252e-05 1.81163e-05 3.35309e-06 4.90145e-07 5.37002e-08
 1.25246e-11 1.35942e-09 8.7003e-08 3.28323e-06 7.30562e-05 0.000958552 0.00741719 0.0338726 0.0916379 0.149638 0.16051 0.146618 0.145165 0.126831 0.0789204 0.036504 0.0146919 0.00523376 0.00149866 0.00034488 6.78319e-05 1.17415e-05 1.81825e-06 2.49233e-07 2.8176e-08
 1.38528e-11 1.50359e-09 9.62298e-08 3.63142e-06 8.08037e-05 0.0010602 0.00820333 0.0374541 0.101209 0.164319 0.171852 0.146138 0.133733 0.11327 0.0701382 0.0326156 0.013283 0.00481239 0.0014136 0.00033544 6.65472e-05 1.09209e-05 1.46882e-06 1.64877e-07 1.5665e-08
 1.36016e-11 1.47632e-09 9.44842e-08 3.56554e-06 7.9338e-05 0.00104097 0.00805466 0.0367779 0.0994176 0.161694 0.170433 0.148228 0.13894 0.117844 0.0709223 0.03051 0.0110513 0.00366848 0.00103559 0.000242184 4.81684e-05 8.01711e-06 1.08195e-06 1.1619e-07 9.81443e-09
 1.25273e-11 1.35971e-09 8.70216e-08 3.28393e-06 7.30718e-05 0.000958758 0.00741884 0.0338814 0.0916803 0.149854 0.16142 0.149062 0.148873 0.129293 0.0778958 0.0330804 0.0116292 0.00367703 0.000958474 0.000198953 3.50745e-05 5.42093e-06 7.12161e-07 7.6272e-08 6.40473e-09
 1.20446e-11 1.30732e-09 8.36686e-08 3.1574e-06 7.02564e-05 0.00092182 0.00713313 0.0325793 0.0881928 0.144445 0.156944 0.148262 0.151545 0.133256 0.0815451 0.035907 0.01336 0.00440187 0.00115483 0.000233352 3.8544e-05 5.37278e-06 6.25608e-07 6.06132e-08 4.80966e-09
 1.21113e-11 1.31456e-09 8.41319e-08 3.17488e-06 7.06454e-05 0.000926923 0.00717258 0.0327586 0.0886667 0.145128 0.157259 0.147536 0.149899 0.131851 0.0813718 0.0366737 0.014171 0.00484845 0.00132371 0.000281834 4.89036e-05 6.91809e-06 7.78055e-07 6.94879e-08 4.94659e-09
 1.29828e-11 1.40916e-09 9.01859e-08 3.40334e-06 7.57289e-05 0.000993617 0.00768844 0.0351096 0.0949602 0.154867 0.165206 0.14861 0.144514 0.124353 0.0750093 0.0321556 0.0115073 0.00371062 0.00098618 0.000208223 3.64131e-05 5.29108e-06 6.17443e-07 5.64711e-08 3.969e-09
 1.28488e-11 1.39461e-09 8.92551e-08 3.36821e-06 7.49473e-05 0.000983362 0.0076091 0.0347475 0.0939849 0.153308 0.163693 0.147643 0.144125 0.124717 0.0763717 0.0340176 0.0129144 0.00434549 0.00116797 0.000244723 4.22679e-05 6.10812e-06 7.18057e-07 6.71121e-08 4.86326e-09
 1.30274e-11 1.41399e-09 9.04955e-08 3.41502e-06 7.59888e-05 0.000997027 0.00771482 0.0352297 0.0952806 0.155354 0.165559 0.148517 0.144013 0.123818 0.074743 0.0321295 0.0115566 0.00374843 0.00100275 0.000213275 3.74401e-05 5.42696e-06 6.32315e-07 5.85318e-08 4.2406e-09
 1.32815e-11 1.44158e-09 9.22611e-08 3.48165e-06 7.74713e-05 0.00101648 0.00786527 0.0359154 0.0971181 0.158211 0.167957 0.149055 0.142789 0.121876 0.0728272 0.0305265 0.010495 0.0032433 0.00082675 0.000165631 2.74458e-05 3.86372e-06 4.48954e-07 4.17111e-08 3.01521e-09
 1.38883e-11 1.50745e-09 9.64763e-08 3.64072e-06 8.10108e-05 0.00106291 0.00822442 0.0375518 0.101492 0.164931 0.1732 0.149004 0.137827 0.115867 0.0687746 0.028539 0.00963585 0.00291512 0.00072467 0.000139464 2.17828e-05 2.86462e-06 3.11944e-07 2.76182e-08 1.95033e-09
 1.39805e-11 1.51745e-09 9.71164e-08 3.66487e-06 8.15482e-05 0.00106997 0.00827897 0.0378006 0.102162 0.165994 0.174197 0.149549 0.137913 0.115503 0.0679046 0.027442 0.00881711 0.00253911 0.000611103 0.000114235 1.7188e-05 2.15819e-06 2.22087e-07 1.83864e-08 1.21257e-09
 1.43277e-11 1.55513e-09 9.95281e-08 3.75588e-06 8.35733e-05 0.00109653 0.00848446 0.0387367 0.104663 0.169826 0.177138 0.149359 0.134831 0.111907 0.0656623 0.0265381 0.00852513 0.00244377 0.000579392 0.000104938 1.50684e-05 1.8027e-06 1.77476e-07 1.40228e-08 8.75842e-10
 1.45788e-11 1.58239e-09 1.01273e-07 3.82172e-06 8.50381e-05 0.00111575 0.00863311 0.0394143 0.106478 0.172641 0.17947 0.149785 0.133455 0.109856 0.0637651 0.0250601 0.00761426 0.00205715 0.000470255 8.30221e-05 1.15658e-05 1.33118e-06 1.2511e-07 9.38133e-09 5.55834e-10
 1.49996e-11 1.62806e-09 1.04195e-07 3.93201e-06 8.74924e-05 0.00114795 0.00888214 0.0405488 0.109509 0.177288 0.183044 0.149579 0.129754 0.105518 0.0610286 0.0239235 0.00723181 0.00193515 0.000434679 7.42245e-05 9.82348e-06 1.07113e-06 9.62816e-08 6.93215e-09 3.92894e-10
 1.464e-11 1.58903e-09 1.01698e-07 3.83775e-06 8.5395e-05 0.00112043 0.00866932 0.0395793 0.10692 0.173326 0.180036 0.149882 0.133111 0.109355 0.0633141 0.0247162 0.00739907 0.00195875 0.000437475 7.45169e-05 9.80903e-06 1.05173e-06 9.13844e-08 6.27036e-09 3.37451e-10
 1.41094e-11 1.53144e-09 9.80121e-08 3.69867e-06 8.23004e-05 0.00107983 0.00835531 0.0381488 0.103098 0.167471 0.175545 0.150181 0.137839 0.114873 0.0667623 0.0261061 0.00782995 0.00207405 0.000461422 7.77487e-05 1.00546e-05 1.05842e-06 9.06748e-08 6.12932e-09 3.21896e-10
 1.36362e-11 1.48008e-09 9.4725e-08 3.57463e-06 7.95402e-05 0.00104362 0.00807522 0.0368723 0.0996807 0.162185 0.17124 0.149626 0.140808 0.118985 0.0702298 0.0285419 0.0092387 0.00265125 0.000617682 0.000106698 1.40751e-05 1.50158e-06 1.28709e-07 8.61126e-09 4.45693e-10
#obs catch len freq
 1.08362e-11 1.17617e-09 7.52746e-08 2.84064e-06 6.32082e-05 0.000829348 0.00641773 0.0293147 0.0793812 0.130121 0.141473 0.133242 0.137161 0.129128 0.0966061 0.0609863 0.0333069 0.0148623 0.00526358 0.00146864 0.000314817 5.0076e-05 5.72057e-06 4.55303e-07 2.45614e-08
 1.11684e-11 1.21222e-09 7.75822e-08 2.92772e-06 6.51459e-05 0.000854775 0.00661458 0.0302151 0.0818281 0.134136 0.145565 0.135658 0.136985 0.126788 0.093415 0.057812 0.0307418 0.0132865 0.0045325 0.00121067 0.000246955 3.71512e-05 3.98879e-06 2.96603e-07 1.48688e-08
 1.71973e-11 1.8666e-09 1.19462e-07 4.50814e-06 0.000100312 0.00131614 0.010183 0.0464753 0.125327 0.201249 0.1995 0.140665 0.0964556 0.0727426 0.0503932 0.0303971 0.0157508 0.00659701 0.00216651 0.000552933 0.000107028 1.51881e-05 1.53023e-06 1.06289e-07 4.95733e-09
 1.44091e-11 1.56397e-09 1.00094e-07 3.77723e-06 8.40488e-05 0.00110279 0.00853351 0.0389719 0.105408 0.171595 0.180179 0.151393 0.131326 0.104593 0.0621887 0.0281219 0.0110362 0.00392729 0.00118918 0.000286969 5.25549e-05 7.0204e-06 6.62275e-07 4.28836e-08 1.85818e-09
 1.72101e-11 1.868e-09 1.19552e-07 4.51151e-06 0.000100387 0.00131714 0.0101911 0.04652 0.125533 0.202126 0.202361 0.146493 0.102998 0.0754927 0.0476697 0.0245833 0.0103177 0.00332119 0.000797569 0.000148834 2.23809e-05 2.63291e-06 2.27126e-07 1.36077e-08 5.46218e-10
 1.57588e-11 1.71047e-09 1.0947e-07 4.13106e-06 9.19219e-05 0.00120609 0.00933279 0.0426188 0.115207 0.186915 0.192894 0.15261 0.120489 0.0902299 0.0524493 0.0235122 0.00883459 0.00277753 0.000683154 0.000125338 1.67489e-05 1.6155e-06 1.12568e-07 5.62823e-09 1.96689e-10
 6.58505e-12 7.14745e-10 4.57437e-08 1.72625e-06 3.84135e-05 0.000504133 0.00390499 0.0179143 0.0494135 0.087173 0.118819 0.159539 0.19523 0.175199 0.110657 0.0532404 0.0205783 0.00615875 0.00137024 0.000227391 2.82866e-05 2.57137e-06 1.64402e-07 7.18619e-09 2.11479e-10
 1.5334e-11 1.66437e-09 1.06519e-07 4.01971e-06 8.94441e-05 0.00117357 0.00908062 0.0414555 0.111904 0.180322 0.180715 0.131272 0.0968993 0.0857172 0.0740071 0.05117 0.0252687 0.00854523 0.0020005 0.000332059 3.93392e-05 3.29005e-06 1.91379e-07 7.62706e-09 2.04495e-10
 1.75683e-11 1.90688e-09 1.2204e-07 4.60542e-06 0.000102477 0.00134459 0.0104044 0.0475077 0.128333 0.207332 0.20936 0.152836 0.104062 0.0693099 0.0386159 0.0182839 0.00815237 0.00319367 0.000940045 0.000189385 2.52287e-05 2.20636e-06 1.26885e-07 4.80119e-09 1.19059e-10
 1.55123e-11 1.68372e-09 1.07758e-07 4.06646e-06 9.04855e-05 0.0011873 0.00918876 0.0419854 0.113731 0.185792 0.195369 0.159031 0.125058 0.0893577 0.0491197 0.0205989 0.00699227 0.00195215 0.00044686 8.28685e-05 1.16602e-05 1.1393e-06 7.27458e-08 2.94902e-09 7.50643e-11
 1.42877e-11 1.5508e-09 9.92512e-08 3.74545e-06 8.33432e-05 0.00109361 0.00846475 0.0386953 0.105005 0.172661 0.185493 0.158599 0.132176 0.0993042 0.0585856 0.0269509 0.00969085 0.00260393 0.000507815 7.29254e-05 7.90802e-06 6.45413e-07 3.80988e-08 1.53867e-09 4.04922e-11
 1.39811e-11 1.51752e-09 9.71211e-08 3.66508e-06 8.15552e-05 0.00107018 0.00828399 0.0378793 0.102885 0.169661 0.18361 0.158774 0.133195 0.100679 0.0605806 0.028826 0.0107668 0.00300535 0.000603476 8.58391e-05 8.55444e-06 5.91187e-07 2.82002e-08 9.25854e-10 2.0702e-11
 1.65523e-11 1.7966e-09 1.14983e-07 4.33911e-06 9.65528e-05 0.00126692 0.00980527 0.0448022 0.121307 0.197477 0.203848 0.155815 0.111354 0.0768795 0.0450868 0.0214209 0.00803494 0.00226487 0.000462807 6.71785e-05 6.77723e-06 4.63864e-07 2.11207e-08 6.31303e-10 1.22813e-11
 1.50978e-11 1.63873e-09 1.04879e-07 3.95784e-06 8.80705e-05 0.0011557 0.00894676 0.0409187 0.111185 0.183306 0.197004 0.16472 0.128456 0.088271 0.0472928 0.0197931 0.00667869 0.00177192 0.000352203 5.05112e-05 5.06398e-06 3.44772e-07 1.55637e-08 4.57176e-10 8.60967e-12
 1.2794e-11 1.38867e-09 8.8875e-08 3.35393e-06 7.46344e-05 0.000979494 0.00758568 0.034744 0.094899 0.159287 0.180597 0.168128 0.146353 0.107915 0.061219 0.0266877 0.00889306 0.00218966 0.000390539 5.03721e-05 4.6511e-06 2.99148e-07 1.29728e-08 3.6899e-10 6.74273e-12
 1.22263e-11 1.32705e-09 8.49316e-08 3.20513e-06 7.13242e-05 0.000936097 0.00725075 0.0332263 0.0908871 0.153162 0.175196 0.165348 0.146733 0.11245 0.0681195 0.0319533 0.0112426 0.00284536 0.000506496 6.28611e-05 5.38635e-06 3.14427e-07 1.23296e-08 3.20031e-10 5.41007e-12
 1.36725e-11 1.48402e-09 9.4978e-08 3.58425e-06 7.97604e-05 0.00104678 0.00810687 0.0371252 0.101277 0.168875 0.186566 0.163356 0.133877 0.098613 0.0593867 0.0282309 0.0102065 0.00268301 0.000496931 6.34081e-05 5.4596e-06 3.11539e-07 1.16215e-08 2.80475e-10 4.34044e-12
 1.35874e-11 1.47479e-09 9.43869e-08 3.56197e-06 7.92665e-05 0.00104038 0.0080593 0.0369363 0.101002 0.169553 0.19018 0.169513 0.137825 0.0968178 0.0542177 0.0239686 0.00824148 0.00211656 0.000390604 5.01981e-05 4.3654e-06 2.50564e-07 9.30885e-09 2.20602e-10 3.29817e-12
 1.4107e-11 1.53119e-09 9.79967e-08 3.69821e-06 8.2299e-05 0.00108021 0.00836822 0.038354 0.104856 0.175679 0.195292 0.169939 0.133841 0.0918425 0.0503493 0.0214283 0.00692066 0.00164492 0.00028148 3.40275e-05 2.83304e-06 1.57837e-07 5.73575e-09 1.33262e-10 1.94993e-12
 1.43051e-11 1.55269e-09 9.93731e-08 3.75018e-06 8.34573e-05 0.00109548 0.00848789 0.0389196 0.106515 0.178823 0.19914 0.172323 0.132921 0.0883767 0.0467079 0.0191055 0.00591567 0.00133962 0.000215836 2.42607e-05 1.86598e-06 9.62058e-08 3.25935e-09 7.12504e-11 9.88976e-13
 1.43402e-11 1.5565e-09 9.96172e-08 3.75943e-06 8.36653e-05 0.00109829 0.00851152 0.0390502 0.107025 0.180232 0.201612 0.174524 0.133026 0.0865097 0.0443992 0.0174735 0.00515759 0.00110607 0.000167932 1.76991e-05 1.26899e-06 6.06171e-08 1.89327e-09 3.80632e-11 4.86159e-13
 1.45668e-11 1.58109e-09 1.01192e-07 3.81888e-06 8.49905e-05 0.00111576 0.00864838 0.0396938 0.108875 0.183527 0.205052 0.175747 0.131139 0.0831769 0.0415688 0.0158296 0.0044801 0.000913268 0.000130774 1.29113e-05 8.62686e-07 3.82561e-08 1.10581e-09 2.05164e-11 2.41199e-13
 1.49956e-11 1.62764e-09 1.04171e-07 3.93136e-06 8.74958e-05 0.00114871 0.00890485 0.0408799 0.11215 0.188881 0.209755 0.176368 0.127429 0.0781204 0.0377769 0.013879 0.00377181 0.000734645 9.99128e-05 9.30372e-06 5.8231e-07 2.40504e-08 6.44628e-10 1.10546e-11 1.19849e-13
 1.47589e-11 1.60196e-09 1.02528e-07 3.86942e-06 8.6122e-05 0.00113085 0.00876999 0.0403046 0.110875 0.187924 0.211157 0.179721 0.129545 0.0776319 0.0361767 0.012698 0.00328249 0.000606787 7.81208e-05 6.86169e-06 4.03435e-07 1.55875e-08 3.89277e-10 6.19722e-12 6.2176e-14
 1.47623e-11 1.60233e-09 1.02552e-07 3.87041e-06 8.61483e-05 0.00113134 0.00877644 0.040363 0.111206 0.188993 0.212961 0.180943 0.129103 0.0762029 0.0348318 0.0118749 0.00294171 0.000515061 6.23176e-05 5.12063e-06 2.80973e-07 1.01161e-08 2.35091e-10 3.4772e-12 3.23566e-14
 1.46606e-11 1.59129e-09 1.01847e-07 3.8439e-06 8.55639e-05 0.00112385 0.00872199 0.0401522 0.110867 0.189223 0.214505 0.182757 0.129418 0.0751445 0.0336325 0.0111751 0.0026822 0.000451869 5.21701e-05 4.05331e-06 2.08532e-07 6.99505e-09 1.50842e-10 2.06551e-12 1.77722e-14
 1.34416e-11 1.459e-09 9.33822e-08 3.52465e-06 7.84713e-05 0.00103117 0.00801257 0.0370042 0.103003 0.179176 0.21092 0.189231 0.139214 0.0815082 0.0359868 0.011644 0.00269887 0.000436565 4.81631e-05 3.55783e-06 1.7309e-07 5.45992e-09 1.10124e-10 1.40372e-12 1.11993e-14
 1.35872e-11 1.4748e-09 9.43949e-08 3.56297e-06 7.93289e-05 0.00104256 0.00810279 0.0374313 0.10419 0.18093 0.211623 0.187692 0.13713 0.0807906 0.0361096 0.0117254 0.00268121 0.000420991 4.45551e-05 3.13217e-06 1.44198e-07 4.28592e-09 8.11647e-11 9.68271e-13 7.20818e-15
#spawning biomass
 4313.12 4782.03 7396.99 12445.2 22668.6 30547 26126.4 28233.6 45382.5 66875.1 80052.4 109431 142484 153489 148212 139586 120804 140576 140017 132800 132227 133843 139886 140769 152780 169480 170943 192718 273665 267056 131025 54714.1 28502.7 20713.7 18566.1 18002.7 17859.9 17824.7 17816.2 17814.1 17813.7 17813.5 17813.5 17813.5 17813.5 17813.5 17813.5 17813.5 17813.5 17813.5 17813.5 17813.5 17813.5 17813.5 17813.5 17813.5 17813.5 17813.5 17813.5 17813.5 17813.5 17813.5 17813.5 17813.5 17813.5 17813.5 17813.5 17813.5 17813.5 17813.5 17813.5 17813.5 17813.5 17813.5 17813.5 17813.5 17813.5 17813.5 17813.5 17813.5 17813.5 17813.5 17813.5 17813.5 17813.5 17813.5 17813.5 17813.5 17813.5 17813.5 17813.5 17813.5 17813.5 17813.5 17813.5 17813.5 17813.5 17813.5 17813.5 17813.5 17813.5 17813.5 17813.5 17813.5 17813.5 17813.5 17813.5 17813.5 17813.5 17813.5 17813.5 17813.5 17813.5 17813.5 17813.5 17813.5 17813.5 17813.5 17813.5 17813.5 17813.5 17813.5 17813.5 17813.5 17813.5 17813.5 17813.5 17813.5 0 0 0 0 0 0 0 0 0 0 0 0 0 0 0 0 0 0 0 0 0 0 0 0 0
