SBPRF35
0.819782
Curr Bio
127638
B35
697782
F35
0.205805
FOFL
0.0918872
OFL
24849
Bzero
234224
#pred survey bio
 6522.73 6746.77 7750.05 11389.7 15700.1 17276.2 16437.9 21639.9 35664.8 48932.1 59746.7 79114.1 100984 121560 124871 107461 100268 104664 99068.5 97950.6 104679 102563 105991 112918 136492 137399 117684 105877 134784 1.18325e+07 9.8498e+06 1.02017e+07 9.49883e+06 8.30238e+06 7.00662e+06 5.82423e+06 4.83957e+06 4.06392e+06 3.4744e+06 3.03673e+06 2.71665e+06 2.48461e+06 2.31658e+06 2.19365e+06 2.10379e+06 2.03983e+06 1.99387e+06 1.96049e+06 1.93598e+06 1.9178e+06 1.90416e+06 1.89382e+06 1.88591e+06 1.8798e+06 1.87504e+06 1.87131e+06 1.86836e+06 1.86602e+06 1.86415e+06 1.86265e+06 1.86144e+06 1.86047e+06 1.85968e+06 1.85904e+06 1.85852e+06 1.8581e+06 1.85776e+06 1.85748e+06 1.85725e+06 1.85706e+06 1.85691e+06 1.85679e+06 1.85668e+06 1.8566e+06 1.85653e+06 1.85648e+06 1.85643e+06 1.8564e+06 1.85636e+06 1.85634e+06 1.85632e+06 1.8563e+06 1.85629e+06 1.85628e+06 1.85627e+06 1.85626e+06 1.85625e+06 1.85625e+06 1.85625e+06 1.85624e+06 1.85624e+06 1.85624e+06 1.85624e+06 1.85623e+06 1.85623e+06 1.85623e+06 1.85623e+06 1.85623e+06 1.85623e+06 1.85623e+06 1.85623e+06 1.85623e+06 1.85623e+06 1.85623e+06 1.85623e+06 1.85623e+06 1.85623e+06 1.85623e+06 1.85623e+06 1.85623e+06 1.85623e+06 1.85623e+06 1.85623e+06 1.85623e+06 1.85623e+06 1.85623e+06 1.85623e+06 1.85623e+06 1.85623e+06 1.85623e+06 1.85623e+06 1.85623e+06 1.85623e+06 1.85623e+06 1.85623e+06 1.85623e+06 1.85623e+06 1.85623e+06 1.85623e+06 0 0 0 0 0 0 0 0 0 0 0 0 0 0 0 0 0 0 0 0 0 0 0 0 0
#obs survey bio
 5818.11 9020.81 7643.96 17907.3 17784.2 13774.2 19835.4 26081 44190.8 66532.1 63002.5 96869.8 114586 144669 169177 96693.9 112288 98529.7 111979 88066.8 104790 149298 133602 118849 143764 147341 153972 110211 87617.3
#pred catch bio
 4323.66 4996.18 5380.41 8031.86 11413.9 13322.5 12384.5 15380.5 26679.9 38320.8 46122.3 61754 78576.9 95058.8 101964 88648.9 81964 89020.6 83318.4 80791.2 90401 87740.3 90979.5 93344.3 119619 125994 106862 87426.5 7555.51 24849 78736.7 80962.6 74618.9 64371.1 53477.9 43675.8 35628.3 29392.1 24744.5 21375.2 18981.2 17305 16141.7 15335.5 14782.2 14413.4 14167.7 14003.9 13894.8 13822 13773.6 13741.3 13719.7 13705.4 13695.8 13689.4 13685.2 13682.4 13680.5 13679.2 13678.4 13677.8 13677.5 13677.2 13677 13676.9 13676.9 13676.8 13676.8 13676.8 13676.7 13676.7 13676.7 13676.7 13676.7 13676.7 13676.7 13676.7 13676.7 13676.7 13676.7 13676.7 13676.7 13676.7 13676.7 13676.7 13676.7 13676.7 13676.7 13676.7 13676.7 13676.7 13676.7 13676.7 13676.7 13676.7 13676.7 13676.7 13676.7 13676.7 13676.7 13676.7 13676.7 13676.7 13676.7 13676.7 13676.7 13676.7 13676.7 13676.7 13676.7 13676.7 13676.7 13676.7 13676.7 13676.7 13676.7 13676.7 13676.7 13676.7 13676.7 13676.7 13676.7 13676.7 13676.7 13676.7 13676.7 13676.7 13676.7 0 0 0 0 0 0 0 0 0 0 0 0 0 0 0 0 0 0 0 0 0 0 0 0 0
#obs catch bio
 4793.53 4934.78 5292.13 7768.14 11018.3 13028.8 12155.8 14942.2 25915.2 36865.4 45907 59313.1 75585.6 91984.4 99219.4 88005.7 80367.1 89227.4 81096.9 78380 87312.3 84914.2 87125.2 90126.9 115377 123066 104681 85512.6 7361.2
#pred cpue bio
 5809.07 5760.69 6406.22 9343.27 13074.3 14908.8 13852.5 17385.9 28722.7 40275.4 48774.4 64170.9 82531.6 100416 106289 90767.2 82955.3 86259.2 81722.7 80519.3 85758.6 83419.6 86205.1 90992.7 110097 111290 95121.2 85493 107398 1.0874e+07 9.81296e+06 1.01649e+07 9.46198e+06 8.26554e+06 6.96977e+06 5.78738e+06 4.80273e+06 4.02708e+06 3.43756e+06 2.99989e+06 2.67981e+06 2.44776e+06 2.27974e+06 2.15681e+06 2.06694e+06 2.00299e+06 1.95703e+06 1.92364e+06 1.89914e+06 1.88095e+06 1.86731e+06 1.85697e+06 1.84906e+06 1.84295e+06 1.83819e+06 1.83446e+06 1.83151e+06 1.82917e+06 1.8273e+06 1.8258e+06 1.8246e+06 1.82362e+06 1.82284e+06 1.8222e+06 1.82168e+06 1.82126e+06 1.82091e+06 1.82063e+06 1.8204e+06 1.82022e+06 1.82007e+06 1.81994e+06 1.81984e+06 1.81976e+06 1.81969e+06 1.81963e+06 1.81959e+06 1.81955e+06 1.81952e+06 1.81949e+06 1.81947e+06 1.81946e+06 1.81944e+06 1.81943e+06 1.81942e+06 1.81942e+06 1.81941e+06 1.81941e+06 1.8194e+06 1.8194e+06 1.81939e+06 1.81939e+06 1.81939e+06 1.81939e+06 1.81939e+06 1.81939e+06 1.81939e+06 1.81939e+06 1.81938e+06 1.81938e+06 1.81938e+06 1.81938e+06 1.81938e+06 1.81938e+06 1.81938e+06 1.81938e+06 1.81938e+06 1.81938e+06 1.81938e+06 1.81938e+06 1.81938e+06 1.81938e+06 1.81938e+06 1.81938e+06 1.81938e+06 1.81938e+06 1.81938e+06 1.81938e+06 1.81938e+06 1.81938e+06 1.81938e+06 1.81938e+06 1.81938e+06 1.81938e+06 1.81938e+06 1.81938e+06 1.81938e+06 1.81938e+06 1.81938e+06 0 0 0 0 0 0 0 0 0 0 0 0 0 0 0 0 0 0 0 0 0 0 0 0 0
#obs cpue bio
 5588.46 6675.87 7583.74 12055.6 18880.2 23234.3 17472.1 21405.3 38092.5 53468.1 43063.4 119505 132106 126996 118699 107562 102582 81769.1 125738 145066 151443 95428.9 141648 141258 186035 143560 101625 151150 187453
#pred surv len freq
 2.56626e-27 2.59666e-27 4.04663e-26 7.99676e-20 1.96031e-14 5.80875e-10 2.0806e-06 0.000900819 0.0471456 0.298256 0.228341 0.0376214 0.125935 0.116343 0.0291636 0.0376122 0.0173723 0.0150433 0.0101178 0.00830143 0.00694376 0.00633075 0.00664693 0.00605652 0.00186627
 2.56772e-27 2.60031e-27 4.32556e-26 8.58502e-20 2.10451e-14 6.23605e-10 2.23365e-06 0.000967084 0.0506137 0.320196 0.245143 0.0406758 0.137377 0.126555 0.0249815 0.0252621 0.0099023 0.00636415 0.00347768 0.00238466 0.00172641 0.00139531 0.0013291 0.00123017 0.000417536
 2.56902e-27 2.60376e-27 4.61794e-26 9.20175e-20 2.2557e-14 6.68404e-10 2.39411e-06 0.00103656 0.0542497 0.343199 0.262712 0.0409764 0.127322 0.117164 0.0213881 0.0193381 0.0066798 0.00300819 0.00125816 0.000635871 0.000356491 0.000238937 0.000196985 0.000175606 6.21968e-05
 2.56931e-27 2.60451e-27 4.68127e-26 9.33535e-20 2.28845e-14 6.78108e-10 2.42887e-06 0.00105161 0.0550373 0.348181 0.266517 0.0410126 0.124924 0.11493 0.0206136 0.0181155 0.00602273 0.002326 0.000779351 0.000269443 0.000101699 4.90286e-05 3.19828e-05 2.57152e-05 9.13488e-06
 2.56851e-27 2.60233e-27 4.48714e-26 8.92581e-20 2.18806e-14 6.4836e-10 2.32232e-06 0.00100547 0.0526229 0.332907 0.254865 0.0417313 0.138579 0.127504 0.0223444 0.0188956 0.00622629 0.00231454 0.000721451 0.000203036 5.06628e-05 1.48019e-05 6.35516e-06 4.14036e-06 1.4158e-06
 2.56647e-27 2.59681e-27 4.00119e-26 7.90066e-20 1.93675e-14 5.73894e-10 2.05559e-06 0.000889993 0.046579 0.294672 0.225689 0.0429372 0.168255 0.154944 0.0282192 0.025392 0.00828515 0.00293702 0.000897198 0.000238707 4.95423e-05 9.1886e-06 2.05511e-06 8.71135e-07 2.68826e-07
 2.56794e-27 2.60088e-27 4.36817e-26 8.67486e-20 2.12654e-14 6.30131e-10 2.25702e-06 0.000977205 0.0511434 0.323547 0.247712 0.0413316 0.140564 0.129503 0.0257347 0.0261426 0.00869955 0.00332461 0.00100354 0.000255555 5.04312e-05 7.76133e-06 9.68216e-07 1.87849e-07 4.49386e-08
 2.57028e-27 2.60717e-27 4.9173e-26 9.83328e-20 2.41051e-14 7.14277e-10 2.55842e-06 0.0011077 0.057973 0.366753 0.280686 0.0402654 0.109282 0.100501 0.0181506 0.0161413 0.0055915 0.00249804 0.000788614 0.000211946 4.05203e-05 5.85777e-06 5.70835e-07 4.76814e-08 6.14809e-09
 2.5701e-27 2.60661e-27 4.86165e-26 9.71585e-20 2.38172e-14 7.05747e-10 2.52787e-06 0.00109447 0.0572806 0.362373 0.277352 0.0409288 0.116673 0.10722 0.0175004 0.0129442 0.00426936 0.00161573 0.000540643 0.000165998 3.3822e-05 4.88644e-06 4.38232e-07 2.39165e-08 1.19182e-09
 2.56905e-27 2.60373e-27 4.60578e-26 9.17606e-20 2.2494e-14 6.66538e-10 2.38743e-06 0.00103366 0.0540983 0.342241 0.261993 0.0418108 0.134176 0.123353 0.0200403 0.0146641 0.00461714 0.00139874 0.000422722 0.000116908 2.66855e-05 4.24256e-06 3.8579e-07 1.84746e-08 4.74227e-10
 2.56947e-27 2.60489e-27 4.71036e-26 9.39671e-20 2.30349e-14 6.82565e-10 2.44483e-06 0.00105852 0.0553991 0.35047 0.268269 0.0413204 0.126035 0.115884 0.0194969 0.0153054 0.00481502 0.00143575 0.00039817 8.92855e-05 1.78266e-05 2.94949e-06 2.99389e-07 1.45197e-08 2.98275e-10
 2.56976e-27 2.60569e-27 4.78059e-26 9.54485e-20 2.33981e-14 6.93326e-10 2.48338e-06 0.00107521 0.0562725 0.355995 0.272486 0.0411735 0.121954 0.112101 0.0185082 0.0140061 0.00447285 0.00144627 0.000403036 8.67322e-05 1.45001e-05 2.00248e-06 2.02868e-07 1.0836e-08 2.21499e-10
 2.56939e-27 2.60466e-27 4.68768e-26 9.34885e-20 2.29176e-14 6.79089e-10 2.43238e-06 0.00105313 0.055117 0.348685 0.266911 0.0415858 0.129009 0.118581 0.0191135 0.0137524 0.0043508 0.0013497 0.000385133 8.8478e-05 1.45325e-05 1.73948e-06 1.4434e-07 7.54442e-09 1.66021e-10
 2.56887e-27 2.60327e-27 4.56554e-26 9.09118e-20 2.22859e-14 6.60372e-10 2.36534e-06 0.0010241 0.0535978 0.339075 0.259577 0.0418504 0.136175 0.125219 0.0207499 0.0158122 0.00495457 0.00144994 0.000404677 9.06655e-05 1.56453e-05 1.89862e-06 1.38359e-07 5.97717e-09 1.27472e-10
 2.56725e-27 2.59888e-27 4.17836e-26 8.27441e-20 2.02837e-14 6.01043e-10 2.15283e-06 0.000932095 0.0487825 0.308611 0.236332 0.0429032 0.160518 0.147703 0.0250953 0.0200708 0.00637211 0.00198983 0.000548823 0.000116575 1.95206e-05 2.41572e-06 1.79568e-07 6.86877e-09 1.23411e-10
 2.56774e-27 2.60024e-27 4.30311e-26 8.53759e-20 2.09289e-14 6.2016e-10 2.22131e-06 0.000961742 0.0503341 0.318428 0.243816 0.0421698 0.149679 0.13778 0.024781 0.0218596 0.00702989 0.00232501 0.000660009 0.000147048 2.37922e-05 2.81978e-06 2.10499e-07 8.1146e-09 1.30074e-10
 2.56883e-27 2.60319e-27 4.56129e-26 9.08223e-20 2.2264e-14 6.59722e-10 2.36301e-06 0.00102309 0.0535451 0.338741 0.259318 0.0416348 0.134717 0.123913 0.0212338 0.0172639 0.00569224 0.00212023 0.000621968 0.000146354 2.48016e-05 2.93905e-06 2.09797e-07 8.04482e-09 1.28035e-10
 2.56899e-27 2.60359e-27 4.59349e-26 9.15014e-20 2.24305e-14 6.64655e-10 2.38068e-06 0.00103074 0.0539455 0.341274 0.261255 0.041806 0.134659 0.123803 0.0202057 0.014935 0.00480747 0.00162593 0.000495006 0.000129123 2.31257e-05 2.89269e-06 2.09552e-07 7.75418e-09 1.21917e-10
 2.56892e-27 2.60335e-27 4.57003e-26 9.10065e-20 2.23091e-14 6.6106e-10 2.36781e-06 0.00102517 0.0536537 0.339428 0.25985 0.0420951 0.137846 0.126699 0.0198982 0.0134964 0.00424301 0.00128196 0.000370521 9.08128e-05 1.76232e-05 2.39421e-06 1.84186e-07 6.95246e-09 1.06524e-10
 2.5691e-27 2.60385e-27 4.61502e-26 9.19556e-20 2.25418e-14 6.67954e-10 2.3925e-06 0.00103586 0.0542132 0.342968 0.26255 0.0418731 0.13426 0.123414 0.0197575 0.0139984 0.00433078 0.0011859 0.00032511 7.16369e-05 1.29291e-05 1.80643e-06 1.52693e-07 6.1512e-09 9.63445e-11
 2.56927e-27 2.60432e-27 4.65741e-26 9.28499e-20 2.2761e-14 6.7445e-10 2.41577e-06 0.00104593 0.0547404 0.346303 0.265094 0.0417012 0.131164 0.120566 0.0194199 0.0139476 0.00435244 0.0012497 0.000334016 6.68812e-05 1.09456e-05 1.39121e-06 1.1788e-07 5.17793e-09 8.66915e-11
 2.56959e-27 2.60517e-27 4.72954e-26 9.43714e-20 2.3134e-14 6.85502e-10 2.45535e-06 0.00106307 0.0556375 0.351978 0.269427 0.0416964 0.128082 0.117673 0.0180096 0.011458 0.00357642 0.00104339 0.000283734 5.85389e-05 8.96513e-06 1.01857e-06 7.766e-08 3.38377e-09 6.10145e-11
 2.56958e-27 2.60515e-27 4.72763e-26 9.43311e-20 2.31241e-14 6.85209e-10 2.4543e-06 0.00106262 0.0556137 0.351827 0.269313 0.0417297 0.128416 0.117979 0.0180133 0.0113844 0.00347494 0.000886789 0.00023801 4.99893e-05 7.86692e-06 8.67409e-07 5.8865e-08 2.30286e-09 4.09973e-11
 2.57001e-27 2.60631e-27 4.83071e-26 9.65056e-20 2.36572e-14 7.01005e-10 2.51088e-06 0.00108712 0.0568957 0.359938 0.2755 0.041395 0.121522 0.111623 0.0170065 0.0106877 0.00325852 0.000824268 0.000212002 3.98223e-05 6.23853e-06 7.04446e-07 4.69563e-08 1.64699e-09 2.64247e-11
 2.56997e-27 2.60621e-27 4.82192e-26 9.63202e-20 2.36117e-14 6.99658e-10 2.50606e-06 0.00108503 0.0567864 0.359246 0.274972 0.0413861 0.121825 0.111912 0.0172113 0.0110824 0.00337752 0.000849138 0.000217705 4.00739e-05 5.75821e-06 6.137e-07 4.15259e-08 1.43041e-09 2.07802e-11
 2.56976e-27 2.6056e-27 4.7656e-26 9.5132e-20 2.33205e-14 6.91027e-10 2.47514e-06 0.00107164 0.0560859 0.354815 0.271594 0.0417686 0.127109 0.116737 0.0171419 0.00970949 0.00296242 0.000764531 0.000196426 3.59428e-05 5.09827e-06 5.09654e-07 3.19529e-08 1.09735e-09 1.56e-11
 2.56983e-27 2.6058e-27 4.78167e-26 9.5471e-20 2.34036e-14 6.9349e-10 2.48396e-06 0.00107546 0.0562858 0.356079 0.272561 0.0418441 0.127005 0.116614 0.0166354 0.00858129 0.00256131 0.000577068 0.000146244 2.73417e-05 3.87631e-06 3.8261e-07 2.27115e-08 7.23597e-10 1.00947e-11
 2.56988e-27 2.60593e-27 4.79385e-26 9.57281e-20 2.34666e-14 6.95357e-10 2.49065e-06 0.00107836 0.0564373 0.357038 0.273292 0.0417734 0.125953 0.115653 0.0166422 0.00883672 0.00260804 0.000533335 0.000127994 2.13317e-05 3.00972e-06 3.00117e-07 1.75937e-08 5.32848e-10 6.93562e-12
 2.57051e-27 2.60769e-27 4.95392e-26 9.91049e-20 2.42944e-14 7.19885e-10 2.57851e-06 0.0011164 0.0584281 0.369632 0.282895 0.0409111 0.112645 0.103462 0.016126 0.0107292 0.00319446 0.000672074 0.000158395 2.39958e-05 3.06975e-06 2.87142e-07 1.69332e-08 5.07222e-10 6.29568e-12
#obs surv len freq
 1.64001e-41 2.27623e-33 3.81885e-26 7.74455e-20 1.89848e-14 5.62556e-10 2.01498e-06 0.000872418 0.0456589 0.288851 0.221305 0.0442677 0.164408 0.139752 0.0433925 0.035237 0.011438 0.00387644 0.000825723 0.000106397 6.06248e-06 1.09954e-07 4.67124e-10 3.71982e-13 4.81056e-17
 1.90421e-41 2.64292e-33 4.43404e-26 8.99215e-20 2.20432e-14 6.5318e-10 2.33959e-06 0.00101296 0.0530143 0.335384 0.256849 0.0440508 0.132316 0.106435 0.0337702 0.0257669 0.00819409 0.00262677 0.000517188 5.81817e-05 2.72473e-06 3.8415e-08 1.22081e-10 7.1035e-14 6.61551e-18
 1.92096e-41 2.66616e-33 4.47304e-26 9.07123e-20 2.22371e-14 6.58925e-10 2.36016e-06 0.00102187 0.0534805 0.338334 0.259185 0.0471014 0.141682 0.106662 0.0274545 0.0176651 0.00544475 0.00163812 0.000298604 2.93708e-05 1.12752e-06 1.23005e-08 2.90951e-11 1.2318e-14 8.24211e-19
 1.96473e-41 2.72691e-33 4.57496e-26 9.27792e-20 2.27437e-14 6.73938e-10 2.41394e-06 0.00104515 0.0546991 0.346043 0.265134 0.0487294 0.138926 0.0984962 0.0263805 0.0156401 0.00378562 0.000947524 0.000157063 1.34663e-05 4.2397e-07 3.57867e-09 6.29313e-12 1.93494e-15 9.2818e-20
 1.76407e-41 2.44841e-33 4.10771e-26 8.33035e-20 2.04209e-14 6.05108e-10 2.1674e-06 0.000938409 0.0491126 0.310702 0.238341 0.054905 0.175998 0.117091 0.0310692 0.016953 0.00395428 0.000822525 0.000103488 7.36186e-06 1.88948e-07 1.23625e-09 1.62044e-12 3.62397e-16 1.24675e-20
 1.45305e-41 2.01673e-33 3.38349e-26 6.86164e-20 1.68205e-14 4.98422e-10 1.78527e-06 0.00077296 0.0404536 0.255924 0.196786 0.0625141 0.220934 0.140097 0.0489048 0.0265981 0.0058053 0.00108966 0.000112549 5.84037e-06 1.1395e-07 5.71848e-10 5.60031e-13 9.14693e-17 2.26428e-21
 2.08708e-41 2.89673e-33 4.85987e-26 9.85572e-20 2.41601e-14 7.15909e-10 2.56427e-06 0.00111024 0.0581056 0.367594 0.281738 0.0502855 0.11248 0.0691914 0.034475 0.0190911 0.00494105 0.000902271 8.03776e-05 3.22496e-06 4.4299e-08 1.58986e-10 1.13997e-13 1.3588e-17 2.42929e-22
 1.98202e-41 2.75091e-33 4.61522e-26 9.35958e-20 2.29439e-14 6.7987e-10 2.43518e-06 0.00105435 0.0551805 0.34909 0.267958 0.0602955 0.152395 0.0820962 0.0193372 0.00896895 0.00297029 0.000595952 5.3378e-05 1.77364e-06 1.79348e-08 4.42807e-11 2.18694e-14 1.83919e-18 2.34942e-23
 2.01985e-41 2.80341e-33 4.70331e-26 9.53821e-20 2.33818e-14 6.92846e-10 2.48166e-06 0.00107447 0.0562337 0.355754 0.273166 0.0617201 0.144618 0.0742283 0.0226865 0.00867616 0.00151878 0.000291545 2.87917e-05 9.07391e-07 7.39537e-09 1.31764e-11 4.45565e-15 2.53804e-19 2.22359e-24
 1.726e-41 2.39557e-33 4.01907e-26 8.15058e-20 1.99802e-14 5.9205e-10 2.12063e-06 0.000918158 0.0480527 0.304002 0.234292 0.0762928 0.199568 0.0955472 0.0287158 0.0104364 0.00192214 0.000233685 1.7181e-05 5.29125e-07 3.867e-09 5.46818e-12 1.34444e-15 5.30935e-20 3.16198e-25
 2.01791e-41 2.80072e-33 4.69879e-26 9.52905e-20 2.33593e-14 6.9218e-10 2.47928e-06 0.00107344 0.0561797 0.355415 0.273289 0.0667026 0.139548 0.0664294 0.0292254 0.0101648 0.00176173 0.000198538 1.02656e-05 2.18207e-07 1.35251e-09 1.62509e-12 3.16277e-16 9.28266e-21 3.93545e-26
 1.84587e-41 2.56195e-33 4.2982e-26 8.71667e-20 2.13679e-14 6.3317e-10 2.26791e-06 0.000981927 0.0513902 0.325119 0.250934 0.0817608 0.180688 0.0757693 0.0233931 0.00805025 0.00172171 0.000181187 7.97827e-06 1.19745e-07 4.96499e-10 4.50365e-13 7.00068e-17 1.6157e-21 5.19981e-27
 1.91942e-41 2.66402e-33 4.46945e-26 9.06395e-20 2.22192e-14 6.58396e-10 2.35827e-06 0.00102105 0.0534376 0.338074 0.260983 0.0810463 0.161235 0.0675682 0.0274043 0.00778892 0.00129008 0.000142782 6.02646e-06 7.28145e-08 2.12993e-10 1.28031e-13 1.3805e-17 2.35373e-22 5.75758e-28
 1.617e-41 2.24429e-33 3.76527e-26 7.63589e-20 1.87185e-14 5.54663e-10 1.98671e-06 0.000860178 0.0450183 0.284821 0.221773 0.104525 0.217493 0.0840407 0.030893 0.00890705 0.00152991 0.000131639 4.94812e-06 5.38876e-08 1.24884e-10 5.3731e-14 3.90775e-18 4.45602e-23 7.49764e-29
 1.47793e-41 2.05127e-33 3.44142e-26 6.97914e-20 1.71085e-14 5.06957e-10 1.81584e-06 0.000786195 0.0411463 0.260334 0.203967 0.113242 0.224324 0.094468 0.0473131 0.0123055 0.00194716 0.000160161 4.85131e-06 4.24847e-08 8.19968e-11 2.78389e-14 1.49018e-18 1.18902e-23 1.35976e-29
 1.72236e-41 2.39053e-33 4.0106e-26 8.13342e-20 1.99381e-14 5.90803e-10 2.11616e-06 0.000916225 0.0479516 0.303387 0.23661 0.102883 0.176451 0.0759811 0.0412075 0.0123285 0.00212393 0.00015381 4.04459e-06 2.80952e-08 4.1266e-11 1.08788e-14 4.5146e-19 2.71335e-24 2.25848e-30
 1.68188e-41 2.33434e-33 3.91634e-26 7.94227e-20 1.94695e-14 5.76918e-10 2.06643e-06 0.000894691 0.0468246 0.296272 0.232652 0.11881 0.192311 0.070409 0.0305944 0.00933492 0.00176054 0.000132906 3.04635e-06 1.71453e-08 1.94527e-11 3.81007e-15 1.16941e-19 5.24833e-25 3.26977e-31
 1.69369e-41 2.35073e-33 3.94383e-26 7.99802e-20 1.96062e-14 5.80968e-10 2.08093e-06 0.000900971 0.0471533 0.298364 0.235209 0.123959 0.184969 0.0701272 0.0306121 0.00737149 0.00123621 9.45344e-05 2.07482e-06 9.89819e-09 8.79276e-12 1.30245e-15 2.95051e-20 9.62354e-26 4.34212e-32
 1.65786e-41 2.301e-33 3.86041e-26 7.82884e-20 1.91915e-14 5.68678e-10 2.03691e-06 0.000881913 0.0461559 0.292075 0.232021 0.135423 0.188112 0.0689304 0.0286871 0.00671975 0.00093204 5.87816e-05 1.17034e-06 4.9461e-09 3.62298e-12 4.16254e-16 7.06422e-21 1.69527e-26 5.56139e-33
 1.75606e-41 2.43729e-33 4.08906e-26 8.29252e-20 2.03282e-14 6.0236e-10 2.15756e-06 0.000934148 0.0488897 0.309384 0.245894 0.133538 0.167519 0.0624437 0.025209 0.00546682 0.000683352 3.48055e-05 5.42603e-07 1.89052e-09 1.14859e-12 1.06226e-16 1.39877e-21 2.52736e-27 6.11805e-34
 1.71112e-41 2.37492e-33 3.98442e-26 8.08032e-20 1.9808e-14 5.86946e-10 2.10235e-06 0.000910243 0.0476387 0.301507 0.242234 0.148094 0.172832 0.0597692 0.0219247 0.00455739 0.000509016 2.16954e-05 2.6127e-07 6.82789e-10 3.18438e-13 2.30392e-17 2.37068e-22 3.30348e-28 6.06386e-35
 1.72784e-41 2.39813e-33 4.02336e-26 8.15931e-20 2.00016e-14 5.92683e-10 2.12289e-06 0.00091914 0.0481044 0.304488 0.246197 0.152834 0.164457 0.0586589 0.0202692 0.003693 0.0003637 1.30693e-05 1.23944e-07 2.42251e-10 8.24426e-14 4.36947e-18 3.34199e-23 3.50007e-29 4.84641e-36
 1.72201e-41 2.39003e-33 4.00978e-26 8.13175e-20 1.9934e-14 5.90682e-10 2.11573e-06 0.000916037 0.0479421 0.303512 0.247838 0.161458 0.160512 0.0561092 0.0183056 0.00313606 0.000261703 7.68898e-06 5.77409e-08 8.56406e-11 2.1421e-14 8.1885e-19 4.4881e-24 3.37823e-30 3.38693e-37
 1.74888e-41 2.42733e-33 4.07235e-26 8.25863e-20 2.02451e-14 5.99898e-10 2.14874e-06 0.00093033 0.0486903 0.308301 0.253623 0.165475 0.151509 0.0527546 0.0160051 0.00252024 0.000184057 4.37085e-06 2.53434e-08 2.84692e-11 5.28705e-15 1.47372e-19 5.81319e-25 3.12315e-31 2.226e-38
 1.69005e-41 2.34568e-33 3.93537e-26 7.98085e-20 1.95641e-14 5.7972e-10 2.07647e-06 0.000899038 0.0470528 0.298041 0.249889 0.180837 0.154556 0.0519691 0.0145296 0.0020896 0.000131606 2.55613e-06 1.14484e-08 9.59568e-12 1.31199e-15 2.67238e-20 7.64489e-26 2.9569e-32 1.50794e-39
 1.60258e-41 2.22428e-33 3.73169e-26 7.56779e-20 1.85516e-14 5.49716e-10 1.96899e-06 0.000852507 0.044618 0.28277 0.243074 0.196539 0.159643 0.0559362 0.0145913 0.00187235 0.000100521 1.5829e-06 5.50396e-09 3.4619e-12 3.4712e-16 5.12493e-21 1.05762e-26 2.94388e-33 1.07798e-40
 1.59749e-41 2.21721e-33 3.71983e-26 7.54374e-20 1.84926e-14 5.47969e-10 1.96274e-06 0.000849797 0.0444766 0.282 0.245802 0.199588 0.153784 0.0571745 0.014521 0.00172338 7.79222e-05 9.81982e-07 2.63572e-09 1.24637e-12 9.21968e-17 9.90435e-22 1.47321e-27 2.93916e-34 7.69254e-42
 1.64439e-41 2.28231e-33 3.82904e-26 7.76522e-20 1.90355e-14 5.64057e-10 2.02036e-06 0.000874747 0.0457829 0.290403 0.255192 0.199073 0.142453 0.0519233 0.0127914 0.00144798 5.67812e-05 5.72762e-07 1.17647e-09 4.16186e-13 2.26993e-17 1.77946e-22 1.9166e-28 2.75217e-35 5.16041e-43
 1.64449e-41 2.28244e-33 3.82927e-26 7.76567e-20 1.90366e-14 5.6409e-10 2.02048e-06 0.000874799 0.0457856 0.29042 0.255214 0.199451 0.143845 0.0512152 0.011915 0.00123426 4.26677e-05 3.67553e-07 6.3003e-10 1.83215e-13 8.1373e-18 5.16312e-23 4.48276e-29 5.17431e-36 7.78276e-44
#pred catch len freq
 2.56517e-27 2.59376e-27 3.79534e-26 7.46667e-20 1.83036e-14 5.42369e-10 1.94268e-06 0.000841104 0.0440204 0.278485 0.213248 0.0378393 0.138197 0.127706 0.0320121 0.0412858 0.0190691 0.0165125 0.011106 0.00911224 0.00762196 0.00694908 0.00729615 0.00664807 0.00204855
 2.5671e-27 2.59864e-27 4.17932e-26 8.27651e-20 2.02889e-14 6.01196e-10 2.15338e-06 0.000932332 0.0487949 0.30869 0.236362 0.0410127 0.14611 0.134623 0.0265741 0.0268726 0.0105336 0.00676988 0.00369939 0.00253668 0.00183648 0.00148426 0.00141383 0.0013086 0.000444155
 2.56827e-27 2.60172e-27 4.43792e-26 8.822e-20 2.16261e-14 6.40819e-10 2.29531e-06 0.00099378 0.0520109 0.329035 0.251905 0.0414787 0.138737 0.127702 0.0233118 0.0210774 0.00728057 0.00327874 0.00137131 0.00069306 0.000388553 0.000260427 0.000214701 0.000191399 6.77907e-05
 2.56862e-27 2.60264e-27 4.51659e-26 8.98795e-20 2.20329e-14 6.52873e-10 2.33848e-06 0.00101247 0.0529892 0.335224 0.256631 0.0414902 0.135504 0.124695 0.022365 0.0196547 0.00653445 0.00252362 0.000845567 0.000292336 0.00011034 5.31943e-05 3.47002e-05 2.79e-05 9.91102e-06
 2.56788e-27 2.60061e-27 4.33504e-26 8.60495e-20 2.1094e-14 6.25053e-10 2.23883e-06 0.00096933 0.0507312 0.32094 0.245734 0.0421835 0.148436 0.136598 0.0239383 0.0202434 0.0066704 0.00247963 0.000772911 0.000217519 5.42765e-05 1.58577e-05 6.80847e-06 4.43569e-06 1.51678e-06
 2.56598e-27 2.59549e-27 3.88444e-26 7.65437e-20 1.87638e-14 5.56004e-10 1.99151e-06 0.000862249 0.045127 0.285486 0.21868 0.0432737 0.17574 0.161853 0.0294775 0.0265242 0.00865459 0.00306799 0.000937204 0.000249351 5.17514e-05 9.59832e-06 2.14675e-06 9.09979e-07 2.80813e-07
 2.56741e-27 2.59943e-27 4.24028e-26 8.40508e-20 2.0604e-14 6.10534e-10 2.18683e-06 0.000946814 0.0495528 0.313485 0.240034 0.0416691 0.148526 0.136859 0.0271966 0.0276277 0.00919373 0.00351346 0.00106055 0.000270072 5.3296e-05 8.20221e-06 1.02322e-06 1.9852e-07 4.74914e-08
 2.56968e-27 2.60553e-27 4.77291e-26 9.52867e-20 2.33584e-14 6.9215e-10 2.47917e-06 0.00107338 0.0561771 0.355392 0.272017 0.0406789 0.118519 0.109027 0.0196903 0.0175105 0.00606583 0.00270996 0.000855514 0.000229925 4.39577e-05 6.35469e-06 6.1926e-07 5.17263e-08 6.66964e-09
 2.56964e-27 2.60535e-27 4.75011e-26 9.48055e-20 2.32404e-14 6.88655e-10 2.46665e-06 0.00106796 0.0558934 0.353597 0.270657 0.0412802 0.124052 0.114023 0.0186109 0.0137655 0.00454026 0.00171825 0.000574949 0.000176531 3.59681e-05 5.1965e-06 4.66039e-07 2.54341e-08 1.26744e-09
 2.5687e-27 2.60277e-27 4.52073e-26 8.99665e-20 2.20542e-14 6.53506e-10 2.34075e-06 0.00101345 0.0530406 0.335549 0.256888 0.0420819 0.139826 0.128563 0.0208867 0.0152834 0.00481213 0.00145781 0.000440575 0.000121845 2.78125e-05 4.42173e-06 4.02083e-07 1.92548e-08 4.94255e-10
 2.56908e-27 2.60383e-27 4.61664e-26 9.199e-20 2.25502e-14 6.68204e-10 2.39339e-06 0.00103625 0.0542335 0.343096 0.262643 0.0416115 0.132203 0.121572 0.020454 0.0160567 0.00505139 0.00150623 0.000417716 9.36686e-05 1.87017e-05 3.09428e-06 3.14086e-07 1.52325e-08 3.12918e-10
 2.56942e-27 2.60477e-27 4.69856e-26 9.3718e-20 2.29738e-14 6.80756e-10 2.43835e-06 0.00105571 0.0552522 0.349541 0.267562 0.0414315 0.127377 0.117101 0.0193338 0.0146309 0.00467238 0.00151079 0.000421015 9.06013e-05 1.51469e-05 2.09181e-06 2.11918e-07 1.13194e-08 2.3138e-10
 2.56903e-27 2.60367e-27 4.59984e-26 9.16354e-20 2.24633e-14 6.65628e-10 2.38417e-06 0.00103225 0.0540244 0.341773 0.261638 0.0418675 0.134857 0.123973 0.0199826 0.0143778 0.00454864 0.00141107 0.000402646 9.25012e-05 1.51933e-05 1.81857e-06 1.50903e-07 7.88748e-09 1.73571e-10
 2.56851e-27 2.60228e-27 4.4779e-26 8.9063e-20 2.18327e-14 6.46942e-10 2.31724e-06 0.00100328 0.0525079 0.332179 0.254316 0.042126 0.141969 0.130562 0.0216353 0.0164869 0.00516598 0.00151181 0.000421944 9.4534e-05 1.63128e-05 1.97963e-06 1.44263e-07 6.23221e-09 1.32911e-10
 2.56703e-27 2.59827e-27 4.12444e-26 8.16064e-20 2.00048e-14 5.92779e-10 2.12324e-06 0.00091928 0.0481118 0.304369 0.233095 0.0430691 0.164055 0.150966 0.0256496 0.0205142 0.00651287 0.00203379 0.000560947 0.00011915 1.99518e-05 2.46909e-06 1.83535e-07 7.02051e-09 1.26138e-10
 2.56756e-27 2.59977e-27 4.26175e-26 8.45034e-20 2.0715e-14 6.13822e-10 2.19861e-06 0.000951913 0.0498197 0.315173 0.241333 0.0422908 0.152345 0.14024 0.0252235 0.0222499 0.00715541 0.00236652 0.000671794 0.000149674 2.4217e-05 2.87013e-06 2.14258e-07 8.25949e-09 1.32397e-10
 2.56864e-27 2.60266e-27 4.5145e-26 8.98352e-20 2.2022e-14 6.52552e-10 2.33733e-06 0.00101197 0.0529631 0.335059 0.256509 0.0417768 0.13777 0.12673 0.0217165 0.0176564 0.00582165 0.00216843 0.000636108 0.000149682 2.53654e-05 3.00587e-06 2.14567e-07 8.22771e-09 1.30946e-10
 2.56897e-27 2.60351e-27 4.58678e-26 9.136e-20 2.23958e-14 6.63628e-10 2.377e-06 0.00102915 0.0538621 0.340746 0.260853 0.0418273 0.135103 0.124213 0.0202725 0.0149844 0.00482338 0.00163131 0.000496644 0.000129551 2.32022e-05 2.90227e-06 2.10246e-07 7.77984e-09 1.2232e-10
 2.56884e-27 2.60315e-27 4.55169e-26 9.06196e-20 2.22143e-14 6.58249e-10 2.35774e-06 0.00102081 0.0534256 0.337985 0.258749 0.0421551 0.139076 0.127833 0.0200762 0.0136172 0.00428099 0.00129343 0.000373837 9.16256e-05 1.77809e-05 2.41563e-06 1.85834e-07 7.01468e-09 1.07477e-10
 2.56894e-27 2.60343e-27 4.57788e-26 9.11722e-20 2.23498e-14 6.62263e-10 2.37212e-06 0.00102704 0.0537513 0.340046 0.26032 0.0419932 0.13674 0.125701 0.0201236 0.0142578 0.00441102 0.00120787 0.000331133 7.29641e-05 1.31687e-05 1.8399e-06 1.55522e-07 6.26516e-09 9.81295e-11
 2.56931e-27 2.60442e-27 4.66646e-26 9.30408e-20 2.28078e-14 6.75837e-10 2.42073e-06 0.00104809 0.054853 0.347015 0.265637 0.0416721 0.130561 0.12001 0.0193303 0.0138832 0.00433237 0.00124393 0.000332476 6.65727e-05 1.08951e-05 1.38479e-06 1.17336e-07 5.15405e-09 8.62917e-11
 2.56959e-27 2.60516e-27 4.72891e-26 9.4358e-20 2.31307e-14 6.85405e-10 2.45501e-06 0.00106292 0.0556296 0.351928 0.269389 0.0416985 0.128125 0.117713 0.0180156 0.0114618 0.00357762 0.00104374 0.000283829 5.85585e-05 8.96814e-06 1.01891e-06 7.76861e-08 3.3849e-09 6.1035e-11
 2.56959e-27 2.60518e-27 4.73033e-26 9.4388e-20 2.31381e-14 6.85623e-10 2.45579e-06 0.00106326 0.0556473 0.35204 0.269475 0.0417206 0.128234 0.11781 0.0179876 0.0113682 0.00346998 0.000885524 0.00023767 4.9918e-05 7.85569e-06 8.66171e-07 5.8781e-08 2.29957e-09 4.09388e-11
 2.56988e-27 2.60595e-27 4.79887e-26 9.58341e-20 2.34926e-14 6.96127e-10 2.49341e-06 0.00107955 0.0564998 0.357433 0.273589 0.0415018 0.123678 0.11361 0.0173091 0.010878 0.00331651 0.000838937 0.000215775 4.0531e-05 6.34956e-06 7.16982e-07 4.7792e-08 1.6763e-09 2.6895e-11
 2.57006e-27 2.60646e-27 4.84459e-26 9.67985e-20 2.3729e-14 7.03133e-10 2.5185e-06 0.00109042 0.0570684 0.36103 0.276333 0.0413104 0.120294 0.1105 0.0169942 0.0109426 0.00333492 0.000838427 0.000214959 3.95684e-05 5.68558e-06 6.05959e-07 4.10022e-08 1.41237e-09 2.05181e-11
 2.57005e-27 2.6064e-27 4.83669e-26 9.66317e-20 2.36881e-14 7.01921e-10 2.51416e-06 0.00108854 0.0569701 0.360408 0.275861 0.041524 0.12225 0.11226 0.0164846 0.00933717 0.00284882 0.000735215 0.000188894 3.45645e-05 4.90277e-06 4.90111e-07 3.07276e-08 1.05527e-09 1.50018e-11
 2.57008e-27 2.60647e-27 4.84152e-26 9.67335e-20 2.37131e-14 7.0266e-10 2.51681e-06 0.00108968 0.0570301 0.360788 0.276153 0.041634 0.122882 0.112816 0.0160937 0.00830185 0.0024779 0.000558277 0.000141482 2.64514e-05 3.75009e-06 3.7015e-07 2.19719e-08 7.00034e-10 9.76599e-12
 2.56974e-27 2.60555e-27 4.76054e-26 9.50252e-20 2.32943e-14 6.90251e-10 2.47236e-06 0.00107044 0.0560229 0.354416 0.271292 0.0418898 0.128245 0.117763 0.0169459 0.00899799 0.00265563 0.000543068 0.00013033 2.1721e-05 3.06465e-06 3.05595e-07 1.79148e-08 5.42573e-10 7.06219e-12
 2.56798e-27 2.60079e-27 4.3412e-26 8.6179e-20 2.11257e-14 6.25993e-10 2.2422e-06 0.000970788 0.0508076 0.321423 0.246115 0.0429418 0.153939 0.141523 0.0220584 0.0146762 0.00436963 0.000919315 0.000216665 3.28232e-05 4.19903e-06 3.92775e-07 2.31625e-08 6.93818e-10 8.61171e-12
#obs catch len freq
 1.63475e-41 2.26893e-33 3.8066e-26 7.71971e-20 1.8924e-14 5.60751e-10 2.00852e-06 0.00086962 0.0455124 0.287925 0.220599 0.0443547 0.165456 0.140602 0.0432713 0.0350164 0.0114564 0.00394386 0.000867248 0.000116447 6.95896e-06 1.31874e-07 5.81286e-10 4.77901e-13 6.36236e-17
 1.6473e-41 2.28635e-33 3.83582e-26 7.77897e-20 1.90692e-14 5.65056e-10 2.02394e-06 0.000876296 0.0458618 0.290136 0.22235 0.0463512 0.167974 0.135249 0.0432734 0.0331474 0.010585 0.00342185 0.000688102 8.01972e-05 3.92651e-06 5.78718e-08 1.91078e-10 1.14712e-13 1.09668e-17
 1.91602e-41 2.65932e-33 4.46155e-26 9.04794e-20 2.218e-14 6.57233e-10 2.3541e-06 0.00101924 0.0533432 0.337465 0.258497 0.0458179 0.134244 0.102042 0.0334067 0.0239299 0.0074915 0.00227814 0.000420564 4.23873e-05 1.68819e-06 1.91842e-08 4.71258e-11 2.06029e-14 1.41561e-18
 1.93967e-41 2.69214e-33 4.51662e-26 9.15961e-20 2.24537e-14 6.65345e-10 2.38316e-06 0.00103182 0.0540016 0.34163 0.261773 0.0490216 0.142373 0.100876 0.0265955 0.0161467 0.00489903 0.00139198 0.000236223 2.061e-05 6.65839e-07 5.80819e-09 1.05655e-11 3.35072e-15 1.65108e-19
 1.98826e-41 2.75958e-33 4.62977e-26 9.38907e-20 2.30162e-14 6.82012e-10 2.44286e-06 0.00105767 0.0553544 0.350188 0.268378 0.0506646 0.138517 0.0922544 0.0253399 0.0140122 0.00331144 0.00078887 0.000121014 9.11567e-06 2.39017e-07 1.60051e-09 2.15382e-12 4.94655e-16 1.74457e-20
 1.79517e-41 2.49158e-33 4.18015e-26 8.47725e-20 2.0781e-14 6.15779e-10 2.20562e-06 0.000954957 0.0499786 0.316181 0.24264 0.057496 0.174841 0.109057 0.0296511 0.0150405 0.00341153 0.000663238 7.74021e-05 4.82108e-06 1.02097e-07 5.25921e-10 5.24979e-13 8.74512e-17 2.20852e-21
 1.49209e-41 2.07092e-33 3.47439e-26 7.046e-20 1.72724e-14 5.11814e-10 1.83323e-06 0.000793727 0.0415405 0.262801 0.202209 0.0661031 0.219495 0.130753 0.0469631 0.0234296 0.00496087 0.000863983 8.12932e-05 3.67909e-06 5.91211e-08 2.32235e-10 1.7241e-13 2.0916e-17 3.79473e-22
 2.12183e-41 2.94496e-33 4.94079e-26 1.00198e-19 2.45624e-14 7.27829e-10 2.60697e-06 0.00112873 0.059073 0.373715 0.286505 0.0519975 0.109692 0.0637893 0.0326441 0.0165557 0.00414896 0.000690885 5.54396e-05 1.91055e-06 2.15094e-08 6.03728e-11 3.27278e-14 2.8902e-18 3.78078e-23
 2.02207e-41 2.8065e-33 4.70849e-26 9.54873e-20 2.34076e-14 6.9361e-10 2.4844e-06 0.00107566 0.0562957 0.356146 0.27349 0.0625374 0.147676 0.0741722 0.0178006 0.00782008 0.00249367 0.00045331 3.58147e-05 1.00617e-06 8.24892e-09 1.58715e-11 5.9236e-15 3.68676e-19 3.44096e-24
 2.06164e-41 2.86142e-33 4.80063e-26 9.73558e-20 2.38656e-14 7.07182e-10 2.53301e-06 0.00109671 0.0573973 0.363116 0.278945 0.0638649 0.139226 0.0668768 0.020769 0.00722608 0.00123758 0.000221717 1.89991e-05 4.96761e-07 3.2349e-09 4.46058e-12 1.1375e-15 4.7943e-20 3.06763e-25
 1.77816e-41 2.46797e-33 4.14054e-26 8.39693e-20 2.05841e-14 6.09944e-10 2.18472e-06 0.000945908 0.049505 0.313192 0.241573 0.0795784 0.192372 0.0861768 0.0262164 0.00872812 0.00152892 0.000169811 1.12057e-05 2.83904e-07 1.63259e-09 1.76879e-12 3.26513e-16 9.53103e-21 4.14682e-26
 2.0658e-41 2.86719e-33 4.8103e-26 9.7552e-20 2.39137e-14 7.08607e-10 2.53812e-06 0.00109892 0.0575129 0.363851 0.279934 0.0687986 0.132763 0.0598292 0.0263623 0.00833143 0.00137147 0.00013882 6.28234e-06 1.11734e-07 5.44568e-10 4.96778e-13 7.21295e-17 1.56039e-21 4.83084e-27
 1.90013e-41 2.63725e-33 4.42454e-26 8.97287e-20 2.19959e-14 6.5178e-10 2.33457e-06 0.00101079 0.0529006 0.334677 0.25855 0.0846172 0.171672 0.0674967 0.0209158 0.00669538 0.00133276 0.000124409 4.71383e-06 5.82211e-08 1.90799e-10 1.31621e-13 1.51992e-17 2.57523e-22 6.03987e-28
 1.97462e-41 2.74064e-33 4.59799e-26 9.32462e-20 2.28582e-14 6.77331e-10 2.42609e-06 0.00105041 0.0549744 0.347799 0.268733 0.0834688 0.152007 0.0604307 0.0241771 0.00627014 0.000985829 9.68187e-05 3.43956e-06 3.36947e-08 7.71409e-11 3.52614e-14 2.82706e-18 3.5312e-23 6.27604e-29
 1.68107e-41 2.33322e-33 3.91446e-26 7.93844e-20 1.94601e-14 5.7664e-10 2.06543e-06 0.00089426 0.046802 0.296111 0.230945 0.108358 0.205801 0.0753325 0.0272561 0.00726066 0.00114745 8.76024e-05 2.78378e-06 2.42201e-08 4.34316e-11 1.41308e-14 7.63333e-19 6.37866e-24 7.78974e-30
 1.54682e-41 2.14689e-33 3.60185e-26 7.30449e-20 1.79061e-14 5.3059e-10 1.90049e-06 0.000822846 0.0430645 0.272476 0.213932 0.117634 0.212541 0.0864919 0.0415448 0.00993263 0.0014516 0.000104264 2.63937e-06 1.84795e-08 2.74098e-11 6.98826e-15 2.76908e-19 1.61821e-24 1.3442e-30
 1.78979e-41 2.48412e-33 4.16762e-26 8.45185e-20 2.07187e-14 6.13933e-10 2.19901e-06 0.000952095 0.0498289 0.315271 0.246283 0.105747 0.165174 0.0693249 0.0358149 0.00996269 0.00154074 9.69337e-05 2.10789e-06 1.15886e-08 1.30492e-11 2.57572e-15 7.88338e-20 3.46237e-25 2.09249e-31
 1.75021e-41 2.42917e-33 4.07544e-26 8.2649e-20 2.02604e-14 6.00354e-10 2.15037e-06 0.000931036 0.0487268 0.308316 0.242622 0.121763 0.179057 0.0632524 0.0264128 0.00755755 0.00127578 8.20527e-05 1.53398e-06 6.78198e-09 5.86139e-12 8.56894e-16 1.93589e-20 6.33484e-26 2.85991e-32
 1.76353e-41 2.44766e-33 4.10646e-26 8.32782e-20 2.04147e-14 6.04924e-10 2.16674e-06 0.000938123 0.0490977 0.310678 0.245474 0.12651 0.171458 0.063153 0.0259108 0.00583199 0.000887049 5.74608e-05 1.01286e-06 3.74978e-09 2.52227e-12 2.77828e-16 4.62191e-21 1.09762e-26 3.58396e-33
 1.72942e-41 2.40032e-33 4.02703e-26 8.16674e-20 2.00198e-14 5.93223e-10 2.12483e-06 0.000919978 0.0481481 0.304697 0.242694 0.137803 0.173785 0.0618969 0.0241344 0.00523576 0.000649159 3.49146e-05 5.55735e-07 1.804e-09 9.92469e-13 8.44055e-17 1.04931e-21 1.83061e-27 4.34188e-34
 1.82591e-41 2.53424e-33 4.25171e-26 8.62239e-20 2.11368e-14 6.26321e-10 2.24338e-06 0.000971307 0.0508345 0.321709 0.256343 0.134989 0.153748 0.0558187 0.0209129 0.00418913 0.000462583 1.98447e-05 2.47376e-07 6.6017e-10 2.99507e-13 2.04006e-17 1.96146e-22 2.57186e-28 4.49686e-35
 1.78262e-41 2.47415e-33 4.15091e-26 8.41796e-20 2.06356e-14 6.11472e-10 2.19019e-06 0.000948277 0.0496293 0.314129 0.253136 0.149206 0.158039 0.0530507 0.018064 0.00344724 0.000336749 1.19496e-05 1.14092e-07 2.27901e-10 7.92196e-14 4.20769e-18 3.15107e-23 3.17867e-29 4.20814e-36
 1.79947e-41 2.49755e-33 4.19015e-26 8.49755e-20 2.08307e-14 6.17253e-10 2.2109e-06 0.000957243 0.0500986 0.317141 0.257236 0.153302 0.149943 0.0518782 0.016457 0.00274367 0.000234842 6.94951e-06 5.18088e-08 7.69957e-11 1.94866e-14 7.5704e-19 4.20548e-24 3.18085e-30 3.16959e-37
 1.79415e-41 2.49016e-33 4.17776e-26 8.4724e-20 2.07691e-14 6.15426e-10 2.20436e-06 0.000954411 0.0499505 0.316265 0.259126 0.161283 0.145881 0.0493381 0.0147454 0.00228598 0.000164263 3.94794e-06 2.31344e-08 2.59533e-11 4.81289e-15 1.34642e-19 5.3543e-25 2.90714e-31 2.09418e-38
 1.82055e-41 2.52681e-33 4.23925e-26 8.5971e-20 2.10748e-14 6.24485e-10 2.2368e-06 0.000968458 0.0506859 0.320983 0.264961 0.164485 0.137209 0.0460461 0.0127402 0.00180392 0.000112196 2.15862e-06 9.71535e-09 8.22051e-12 1.12844e-15 2.29772e-20 6.56941e-26 2.54448e-32 1.30246e-39
 1.76318e-41 2.44718e-33 4.10565e-26 8.32618e-20 2.04107e-14 6.04805e-10 2.16631e-06 0.000937939 0.049089 0.311001 0.261762 0.179281 0.139813 0.0450986 0.0114653 0.00147004 7.81614e-05 1.21851e-06 4.20819e-09 2.64715e-12 2.66895e-16 3.96413e-21 8.20968e-27 2.28759e-33 8.37533e-41
 1.67769e-41 2.32852e-33 3.90657e-26 7.92245e-20 1.9421e-14 5.75478e-10 2.06127e-06 0.000892459 0.0467093 0.296106 0.255645 0.194641 0.144851 0.0483964 0.0114044 0.00129456 5.81596e-05 7.2917e-07 1.94329e-09 9.13688e-13 6.73999e-17 7.24549e-22 1.08124e-27 2.1662e-34 5.69084e-42
 1.67303e-41 2.32205e-33 3.89572e-26 7.90044e-20 1.9367e-14 5.7388e-10 2.05554e-06 0.00088998 0.0465801 0.295437 0.258618 0.19707 0.139709 0.0492374 0.0112472 0.00116633 4.37159e-05 4.35427e-07 8.91022e-10 3.13841e-13 1.70399e-17 1.33092e-22 1.43025e-28 2.05247e-35 3.85179e-43
 1.70655e-41 2.36858e-33 3.97378e-26 8.05875e-20 1.97551e-14 5.85379e-10 2.09673e-06 0.000907813 0.0475134 0.301316 0.262055 0.192073 0.136428 0.0475917 0.0109477 0.0011261 3.87749e-05 3.33243e-07 5.70423e-10 1.65736e-13 7.35682e-18 4.66605e-23 4.05002e-29 4.67378e-36 7.0287e-44
#spawning biomass
 6336.22 6489.04 7399.09 10855.3 15013.9 16656.2 15762.1 20530 33853 46670.6 56881.6 75213 96165.1 116036 120008 103096 95744.9 99856.1 94536.2 93396.9 99737 97563.6 100824 107195 129602 130581 111792 100555 127638 330855 466481 479729 442229 381651 317257 259313 211742 174877 147404 127487 113335 103426 96549.8 91783.7 88513 86333.2 84880.6 83912.5 83267.3 82837.3 82550.8 82359.8 82232.5 82147.7 82091.2 82053.5 82028.4 82011.7 82000.5 81993.1 81988.1 81984.8 81982.6 81981.2 81980.2 81979.5 81979.1 81978.8 81978.6 81978.5 81978.4 81978.4 81978.3 81978.3 81978.3 81978.3 81978.3 81978.3 81978.2 81978.2 81978.2 81978.2 81978.2 81978.2 81978.2 81978.2 81978.2 81978.2 81978.2 81978.2 81978.2 81978.2 81978.2 81978.2 81978.2 81978.2 81978.2 81978.2 81978.2 81978.2 81978.2 81978.2 81978.2 81978.2 81978.2 81978.2 81978.2 81978.2 81978.2 81978.2 81978.2 81978.2 81978.2 81978.2 81978.2 81978.2 81978.2 81978.2 81978.2 81978.2 81978.2 81978.2 81978.2 81978.2 81978.2 81978.2 81978.2 81978.2 81978.2 0 0 0 0 0 0 0 0 0 0 0 0 0 0 0 0 0 0 0 0 0 0 0 0 0
