SBPRF35
0.107853
Curr Bio
45740.2
B35
102455
F35
0.471931
FOFL
0.120963
OFL
10161.9
Bzero
30815.1
#pred survey bio
 8368.07 8056.51 8178.52 8054.5 10873.8 15168.1 16858.7 19614.5 33711.6 56676.5 77370 94651.8 124952 153462 154628 139204 132399 127303 128889 124895 140428 145865 155494 164145 182637 195845 181267 155998 4.50825e+06 2.75165e+06 1.79715e+06 1.11887e+06 766955 604171 532290 500837 486866 480470 477430 475931 475166 474765 474551 474435 474372 474337 474318 474307 474301 474298 474296 474295 474295 474294 474294 474294 474294 474294 474294 474294 474294 474294 474294 474294 474294 474294 474294 474294 474294 474294 474294 474294 474294 474294 474294 474294 474294 474294 474294 474294 474294 474294 474294 474294 474294 474294 474294 474294 474294 474294 474294 474294 474294 474294 474294 474294 474294 474294 474294 474294 474294 474294 474294 474294 474294 474294 474294 474294 474294 474294 474294 474294 474294 474294 474294 474294 474294 474294 474294 474294 474294 474294 474294 474294 474294 474294 474294 474294 0 0 0 0 0 0 0 0 0 0 0 0 0 0 0 0 0 0 0 0 0 0 0 0 0
#obs survey bio
 7673.15 7759.65 5648.03 10393.9 16614.2 14718.5 15016 28664.7 62275.5 89418.2 98634.9 92198 143690 154777 140567 180215 102785 91316.4 99726.4 89031.7 149455 136946 142884 167127 146996 214422 111275 178664
#pred catch bio
 4790.75 5099.19 5405.88 5028.61 6352.08 9749.87 11399.1 11145.2 17499.6 31775.4 47667.8 58958.6 79300.3 99334.2 102254 91790.4 89364.5 84033.6 87192.4 79731.4 92056.2 93675.3 99796.7 101346 111760 124333 120095 119230 10161.9 37773.4 23293 13867 9279.84 7313.6 6530.05 6231.64 6121.27 6081.23 6066.9 6061.82 6060.02 6059.39 6059.17 6059.1 6059.07 6059.06 6059.06 6059.06 6059.06 6059.06 6059.06 6059.06 6059.06 6059.06 6059.06 6059.06 6059.06 6059.06 6059.06 6059.06 6059.06 6059.06 6059.06 6059.06 6059.06 6059.06 6059.06 6059.06 6059.06 6059.06 6059.06 6059.06 6059.06 6059.06 6059.06 6059.06 6059.06 6059.06 6059.06 6059.06 6059.06 6059.06 6059.06 6059.06 6059.06 6059.06 6059.06 6059.06 6059.06 6059.06 6059.06 6059.06 6059.06 6059.06 6059.06 6059.06 6059.06 6059.06 6059.06 6059.06 6059.06 6059.06 6059.06 6059.06 6059.06 6059.06 6059.06 6059.06 6059.06 6059.06 6059.06 6059.06 6059.06 6059.06 6059.06 6059.06 6059.06 6059.06 6059.06 6059.06 6059.06 6059.06 6059.06 6059.06 6059.06 6059.06 6059.06 6059.06 0 0 0 0 0 0 0 0 0 0 0 0 0 0 0 0 0 0 0 0 0 0 0 0 0
#obs catch bio
 5347.7 5134.81 5519.81 5027.59 6170.19 9800.61 11579 10860.7 16800.1 30564.3 46101.1 58242.3 78522.7 99784.7 103670 92485.6 91859.6 85007.4 88787.6 82169.9 92261.1 94489.1 100524 101110 112944 125149 123510 120118
#pred cpue bio
 7912.22 7348.34 7485.51 7343.82 9779.44 13766.2 15343.5 17650.2 30239.3 51338.2 70492.7 85871.6 112750 139118 141751 127791 120946 115975 117506 113783 127624 132979 141747 149751 166772 179514 167086 143310 4.04814e+06 2.77799e+06 1.78563e+06 1.10152e+06 749154 586339 514457 483004 469032 462636 459597 458097 457333 456932 456718 456602 456538 456504 456484 456474 456468 456465 456463 456462 456461 456461 456461 456461 456461 456460 456460 456460 456460 456460 456460 456460 456460 456460 456460 456460 456460 456460 456460 456460 456460 456460 456460 456460 456460 456460 456460 456460 456460 456460 456460 456460 456460 456460 456460 456460 456460 456460 456460 456460 456460 456460 456460 456460 456460 456460 456460 456460 456460 456460 456460 456460 456460 456460 456460 456460 456460 456460 456460 456460 456460 456460 456460 456460 456460 456460 456460 456460 456460 456460 456460 456460 456460 456460 456460 456460 0 0 0 0 0 0 0 0 0 0 0 0 0 0 0 0 0 0 0 0 0 0 0 0 0
#obs cpue bio
 6263.92 7157.3 6875.29 6699.93 13030.2 9371.72 13307.2 25370.8 38762.3 54953.3 84041.2 86552.6 114102 116742 118262 93127.4 87120.2 150217 110729 84345.2 154287 112553 142096 161698 155626 158920 148920 137367
#pred surv len freq
 2.14632e-27 2.17439e-27 6.71867e-27 1.55496e-21 9.24794e-17 1.26449e-12 3.97494e-09 2.8727e-06 0.000477296 0.0182324 0.160118 0.323281 0.150449 0.0264168 0.0639279 0.0896932 0.0364406 0.029156 0.0259323 0.0175304 0.0147784 0.012812 0.0132513 0.0123232 0.00517813
 2.14888e-27 2.1819e-27 7.57383e-27 1.84515e-21 1.09738e-16 1.50047e-12 4.71675e-09 3.40881e-06 0.000566369 0.0216349 0.189999 0.383611 0.178389 0.0277135 0.0536659 0.0749056 0.0274466 0.0135371 0.0107192 0.00572141 0.00396839 0.00281188 0.00241695 0.00204248 0.0008479
 2.14814e-27 2.18025e-27 7.40387e-27 1.78749e-21 1.06309e-16 1.45358e-12 4.56936e-09 3.30229e-06 0.00054867 0.0209588 0.184062 0.371624 0.172909 0.0293406 0.0672128 0.0939059 0.0329949 0.0118516 0.00827544 0.00307109 0.0014887 0.000774646 0.000494929 0.00034792 0.000136722
 2.14846e-27 2.18109e-27 7.4972e-27 1.81916e-21 1.08193e-16 1.47934e-12 4.65033e-09 3.3608e-06 0.000558393 0.0213302 0.187323 0.378209 0.175935 0.0288798 0.0624157 0.0871883 0.0312544 0.0132014 0.0093491 0.00285468 0.000975646 0.000317357 0.000122547 6.08428e-05 2.10122e-05
 2.14969e-27 2.18412e-27 7.81807e-27 1.92801e-21 1.14666e-16 1.56786e-12 4.92857e-09 3.56189e-06 0.000591803 0.0226065 0.198531 0.400837 0.186359 0.0278514 0.0493173 0.0687106 0.0245263 0.0100384 0.00713888 0.00237346 0.000847243 0.000208986 4.39764e-05 1.12944e-05 2.87175e-06
 2.14887e-27 2.18206e-27 7.59772e-27 1.85325e-21 1.1022e-16 1.50706e-12 4.73746e-09 3.42377e-06 0.000568855 0.0217299 0.190833 0.385295 0.179211 0.0288591 0.0601535 0.0839426 0.0293318 0.010006 0.00679417 0.00222355 0.000798556 0.00020765 3.72669e-05 4.82306e-06 6.15679e-07
 2.14861e-27 2.18145e-27 7.53397e-27 1.83163e-21 1.08934e-16 1.48948e-12 4.68219e-09 3.38383e-06 0.000562219 0.0214764 0.188607 0.3808 0.177135 0.0289293 0.0619367 0.0864861 0.0306448 0.0118157 0.00817754 0.00242525 0.00076623 0.000194792 3.52884e-05 3.89797e-06 2.57543e-07
 2.14963e-27 2.18397e-27 7.801e-27 1.92221e-21 1.14321e-16 1.56314e-12 4.91375e-09 3.55118e-06 0.000590024 0.0225385 0.197934 0.399632 0.185807 0.0280083 0.0506385 0.0705587 0.0249898 0.00960373 0.00669033 0.00210905 0.000702982 0.000163083 2.66981e-05 2.84544e-06 1.58221e-07
 2.1499e-27 2.1846e-27 7.86717e-27 1.94466e-21 1.15656e-16 1.58139e-12 4.97113e-09 3.59265e-06 0.000596913 0.0228017 0.200245 0.404298 0.18796 0.0278806 0.0484525 0.0674601 0.0236601 0.00835332 0.00569986 0.00180053 0.000611433 0.000149338 2.44482e-05 2.38225e-06 1.21971e-07
 2.14904e-27 2.1825e-27 7.644e-27 1.86895e-21 1.11154e-16 1.51983e-12 4.77759e-09 3.45278e-06 0.000573674 0.021914 0.19245 0.388559 0.180713 0.0286773 0.0580597 0.0809986 0.0283973 0.00998598 0.00677194 0.0020474 0.000658198 0.000160982 2.71935e-05 2.70581e-06 1.32373e-07
 2.14851e-27 2.18121e-27 7.50957e-27 1.82335e-21 1.08442e-16 1.48275e-12 4.66104e-09 3.36855e-06 0.000559679 0.0213794 0.187755 0.37908 0.176341 0.0289448 0.0625498 0.0873618 0.0311086 0.0124846 0.00873661 0.0026334 0.000832758 0.000194734 3.16769e-05 3.18515e-06 1.58997e-07
 2.14892e-27 2.18221e-27 7.6166e-27 1.85967e-21 1.10601e-16 1.51228e-12 4.75387e-09 3.43563e-06 0.000570825 0.0218051 0.191494 0.386629 0.179815 0.028521 0.0576871 0.0805136 0.0287679 0.0118612 0.00841829 0.00271963 0.000936298 0.000219669 3.46787e-05 3.34849e-06 1.64965e-07
 2.1494e-27 2.18338e-27 7.73897e-27 1.90117e-21 1.1307e-16 1.54603e-12 4.85997e-09 3.51231e-06 0.000583565 0.0222918 0.195768 0.395258 0.183793 0.0282219 0.0532603 0.0742523 0.026263 0.00998441 0.00697086 0.00228836 0.000817439 0.000206004 3.45957e-05 3.32265e-06 1.58432e-07
 2.14897e-27 2.18233e-27 7.62556e-27 1.86269e-21 1.10781e-16 1.51474e-12 4.7616e-09 3.44122e-06 0.000571754 0.0218406 0.191805 0.387258 0.180114 0.028743 0.058853 0.0821149 0.0287615 0.0100293 0.00681506 0.00213816 0.000728273 0.000186837 3.31836e-05 3.40487e-06 1.66832e-07
 2.14791e-27 2.17971e-27 7.34934e-27 1.76899e-21 1.05209e-16 1.43854e-12 4.52208e-09 3.26812e-06 0.000542993 0.020742 0.182157 0.367779 0.171141 0.0296005 0.0699587 0.0977873 0.0345486 0.0130014 0.00895789 0.00268349 0.000850141 0.000207208 3.59032e-05 3.81336e-06 1.97904e-07
 2.14778e-27 2.17942e-27 7.3223e-27 1.75984e-21 1.04664e-16 1.4311e-12 4.49868e-09 3.25121e-06 0.000540183 0.0206346 0.181214 0.365876 0.170253 0.0293906 0.069251 0.0968399 0.0348937 0.0153053 0.010954 0.00341313 0.00112326 0.000261505 4.21098e-05 4.29106e-06 2.24233e-07
 2.14828e-27 2.18065e-27 7.45261e-27 1.80404e-21 1.07293e-16 1.46705e-12 4.61168e-09 3.33288e-06 0.000553752 0.021153 0.185766 0.375066 0.174485 0.0289341 0.0636941 0.089003 0.0320611 0.0140449 0.0101569 0.00345023 0.00126512 0.00030866 5.00833e-05 4.8294e-06 2.39105e-07
 2.14853e-27 2.18126e-27 7.515e-27 1.8252e-21 1.08552e-16 1.48425e-12 4.66576e-09 3.37196e-06 0.000560246 0.021401 0.187945 0.379464 0.176516 0.0288996 0.0621581 0.0868073 0.0308698 0.0122682 0.00868984 0.00295291 0.00110996 0.000296326 5.29283e-05 5.27885e-06 2.55423e-07
 2.14846e-27 2.18107e-27 7.49474e-27 1.81832e-21 1.08143e-16 1.47866e-12 4.64818e-09 3.35925e-06 0.000558135 0.0213204 0.187237 0.378034 0.17586 0.0290057 0.0632365 0.0883241 0.031366 0.0123232 0.00864636 0.00278132 0.000984841 0.000264224 4.99667e-05 5.4624e-06 2.80855e-07
 2.14852e-27 2.18124e-27 7.51216e-27 1.82423e-21 1.08494e-16 1.48347e-12 4.66329e-09 3.37018e-06 0.00055995 0.0213897 0.187845 0.379263 0.176426 0.0289538 0.0625497 0.0873554 0.0310158 0.0121655 0.00852545 0.00272016 0.000939604 0.000238514 4.34578e-05 4.90119e-06 2.70706e-07
 2.14875e-27 2.18181e-27 7.5732e-27 1.84494e-21 1.09726e-16 1.5003e-12 4.71623e-09 3.40843e-06 0.000566306 0.0216325 0.189978 0.383568 0.178407 0.0287025 0.0597179 0.0833709 0.0297066 0.0119873 0.00845438 0.00269827 0.000929967 0.000232508 4.06441e-05 4.38702e-06 2.42899e-07
 2.14845e-27 2.18106e-27 7.49341e-27 1.81787e-21 1.08116e-16 1.47829e-12 4.64702e-09 3.35842e-06 0.000557996 0.0213151 0.18719 0.37794 0.175818 0.0290641 0.0636218 0.088858 0.0314294 0.011948 0.00832813 0.00269762 0.000946279 0.000236849 4.09853e-05 4.29016e-06 2.28345e-07
 2.14847e-27 2.1811e-27 7.49875e-27 1.81969e-21 1.08224e-16 1.47977e-12 4.65167e-09 3.36177e-06 0.000558553 0.0213364 0.187377 0.378318 0.175988 0.0289377 0.0627365 0.0876301 0.0312707 0.0127636 0.00900582 0.00282665 0.000958616 0.000242365 4.24637e-05 4.42331e-06 2.30296e-07
 2.14839e-27 2.18092e-27 7.47921e-27 1.81306e-21 1.0783e-16 1.47438e-12 4.63472e-09 3.34953e-06 0.000556519 0.0212586 0.186694 0.37694 0.175354 0.029009 0.0635869 0.0888262 0.0316535 0.0127843 0.00904263 0.00294897 0.00103744 0.000256014 4.39667e-05 4.61138e-06 2.40515e-07
 2.14831e-27 2.18072e-27 7.45872e-27 1.80611e-21 1.07416e-16 1.46873e-12 4.61697e-09 3.33669e-06 0.000554387 0.0211772 0.185979 0.375496 0.174686 0.0290138 0.0640513 0.0894919 0.0320405 0.0134146 0.00955594 0.0031037 0.00109781 0.000280307 4.89527e-05 5.04854e-06 2.6161e-07
 2.14793e-27 2.1798e-27 7.36235e-27 1.77342e-21 1.05472e-16 1.44215e-12 4.53341e-09 3.2763e-06 0.000544353 0.0207939 0.182613 0.3687 0.171555 0.0292978 0.0678333 0.0948295 0.0340124 0.0144342 0.0103377 0.00342674 0.00123862 0.000317313 5.63939e-05 5.95449e-06 3.08764e-07
 2.14736e-27 2.1784e-27 7.21464e-27 1.72332e-21 1.02493e-16 1.4014e-12 4.40533e-09 3.18374e-06 0.000528974 0.0202064 0.177454 0.358284 0.166755 0.0297022 0.0734411 0.102751 0.0370316 0.0162767 0.0117509 0.00392532 0.00143854 0.000376332 6.81235e-05 7.29185e-06 3.85333e-07
 2.14772e-27 2.17929e-27 7.31033e-27 1.75579e-21 1.04423e-16 1.4278e-12 4.48832e-09 3.24372e-06 0.00053894 0.0205871 0.180797 0.365033 0.169859 0.029269 0.0687622 0.0961716 0.0349267 0.0161877 0.0118359 0.00403281 0.0015121 0.00040062 7.39222e-05 8.0809e-06 4.34294e-07
#obs surv len freq
 1.2423e-39 6.0802e-33 6.84154e-27 1.76984e-21 1.05259e-16 1.43923e-12 4.52423e-09 3.26967e-06 0.00054326 0.0207518 0.182243 0.367953 0.171206 0.0291774 0.0673237 0.0941317 0.0340353 0.015312 0.011192 0.00397544 0.00158589 0.000458033 9.59409e-05 1.23643e-05 8.16616e-07
 1.3159e-39 6.44042e-33 7.24686e-27 1.8747e-21 1.11495e-16 1.52449e-12 4.79226e-09 3.46338e-06 0.000575445 0.0219813 0.193039 0.389751 0.181249 0.0282519 0.055104 0.0768878 0.027685 0.0120931 0.00875816 0.00303153 0.00117606 0.00033508 6.89964e-05 8.68313e-06 5.5617e-07
 1.16153e-39 5.68488e-33 6.39672e-27 1.65477e-21 9.84154e-17 1.34565e-12 4.23007e-09 3.05708e-06 0.000507939 0.0194026 0.170394 0.344031 0.160207 0.0308086 0.0844916 0.118256 0.0415342 0.0148577 0.0102612 0.00348331 0.00131608 0.000364264 7.29992e-05 9.00892e-06 5.64171e-07
 1.34655e-39 6.59042e-33 7.41564e-27 1.91836e-21 1.14092e-16 1.56e-12 4.90387e-09 3.54404e-06 0.000588847 0.0224932 0.197535 0.398828 0.185418 0.0275351 0.0479926 0.0669185 0.0249187 0.0134534 0.00995683 0.00303228 0.0010009 0.000266411 5.1642e-05 6.17829e-06 3.77664e-07
 1.3857e-39 6.78204e-33 7.63126e-27 1.97413e-21 1.17409e-16 1.60536e-12 5.04646e-09 3.64708e-06 0.000605968 0.0231472 0.203279 0.410424 0.190783 0.0276343 0.0451033 0.0627241 0.0217723 0.00696841 0.00475416 0.00183143 0.000750384 0.000183717 3.17359e-05 3.60981e-06 2.13397e-07
 1.26392e-39 6.18599e-33 6.96057e-27 1.80064e-21 1.07091e-16 1.46427e-12 4.60294e-09 3.32656e-06 0.000552712 0.0211129 0.185413 0.374355 0.174182 0.0296337 0.0681798 0.0952194 0.0328193 0.00972457 0.00623702 0.0017945 0.000569871 0.000166441 3.23343e-05 3.39775e-06 1.85366e-07
 1.27734e-39 6.2517e-33 7.03451e-27 1.81976e-21 1.08228e-16 1.47982e-12 4.65184e-09 3.36189e-06 0.000558583 0.0213372 0.187383 0.378331 0.175994 0.0289075 0.0625482 0.087377 0.0313569 0.0133463 0.00936907 0.00258917 0.000710314 0.00015805 2.74337e-05 3.21281e-06 1.77465e-07
 1.41782e-39 6.93926e-33 7.80817e-27 2.0199e-21 1.20131e-16 1.64258e-12 5.16345e-09 3.73164e-06 0.000620017 0.0236838 0.207991 0.419939 0.195157 0.0269802 0.0382429 0.0530914 0.0188877 0.0075317 0.00532789 0.00177331 0.000617541 0.000132237 1.85211e-05 1.78477e-06 9.77218e-08
 1.42077e-39 6.9537e-33 7.82442e-27 2.0241e-21 1.20381e-16 1.64599e-12 5.17419e-09 3.7394e-06 0.000621306 0.0237331 0.208424 0.420812 0.195573 0.0273032 0.0399509 0.0554374 0.0188806 0.0048567 0.00299993 0.000962808 0.000338935 8.66868e-05 1.41155e-05 1.22982e-06 5.54557e-08
 1.3532e-39 6.62299e-33 7.4523e-27 1.92784e-21 1.14656e-16 1.56771e-12 4.92811e-09 3.56156e-06 0.000591758 0.0226044 0.198512 0.4008 0.186361 0.0283806 0.05256 0.0731978 0.0249843 0.00659983 0.00402426 0.00104251 0.000262829 6.31048e-05 1.10818e-05 1.11935e-06 5.1629e-08
 1.32388e-39 6.47945e-33 7.29078e-27 1.88606e-21 1.12171e-16 1.53373e-12 4.82131e-09 3.48437e-06 0.000578933 0.0221145 0.194209 0.392113 0.182354 0.0286035 0.0565386 0.0788424 0.0274764 0.00912468 0.00600259 0.00157121 0.000382911 7.32737e-05 9.878e-06 9.72452e-07 4.93836e-08
 1.35825e-39 6.64767e-33 7.48007e-27 1.93502e-21 1.15083e-16 1.57355e-12 4.94647e-09 3.57483e-06 0.000593963 0.0226886 0.199251 0.402293 0.187037 0.0279851 0.0496956 0.0692144 0.0243119 0.00869652 0.00590054 0.0017178 0.00050025 9.79679e-05 1.17971e-05 9.11148e-07 4.00878e-08
 1.3352e-39 6.53487e-33 7.35314e-27 1.90219e-21 1.1313e-16 1.54685e-12 4.86254e-09 3.51417e-06 0.000583884 0.0223036 0.19587 0.395467 0.183899 0.0284486 0.0545824 0.0760787 0.0264072 0.00843392 0.0055707 0.00168558 0.000531315 0.000117136 1.6128e-05 1.22108e-06 4.5372e-08
 1.28837e-39 6.30566e-33 7.09523e-27 1.83547e-21 1.09162e-16 1.4926e-12 4.69199e-09 3.39091e-06 0.000563404 0.0215213 0.189 0.381596 0.177509 0.0290559 0.0624703 0.0872114 0.0305356 0.0106062 0.00712664 0.00204018 0.000599909 0.000137359 2.09429e-05 1.79349e-06 7.07044e-08
 1.16521e-39 5.7029e-33 6.417e-27 1.66002e-21 9.87274e-17 1.34992e-12 4.24348e-09 3.06677e-06 0.000509549 0.0194641 0.170934 0.345121 0.160704 0.0306118 0.0829622 0.116134 0.0412641 0.0162735 0.0113321 0.00338163 0.00104039 0.000227939 3.36384e-05 3.06032e-06 1.3395e-07
 1.26507e-39 6.19166e-33 6.96695e-27 1.80229e-21 1.07189e-16 1.46561e-12 4.60716e-09 3.32961e-06 0.000553219 0.0211322 0.185583 0.374698 0.174302 0.028599 0.0617604 0.0863418 0.0320028 0.0168335 0.0124836 0.00399236 0.00135255 0.000311223 4.67321e-05 4.13671e-06 1.83685e-07
 1.23308e-39 6.03509e-33 6.79078e-27 1.75671e-21 1.04478e-16 1.42855e-12 4.49066e-09 3.24541e-06 0.000539229 0.0205979 0.180891 0.365223 0.169957 0.0295317 0.0703093 0.0982997 0.0349526 0.0138912 0.00999405 0.00379383 0.0015536 0.000392527 6.44482e-05 5.94742e-06 2.64226e-07
 1.27922e-39 6.2609e-33 7.04486e-27 1.82244e-21 1.08387e-16 1.482e-12 4.65868e-09 3.36684e-06 0.000559405 0.0213685 0.187659 0.378887 0.176244 0.0287324 0.0613116 0.0856496 0.0309445 0.0138366 0.00997596 0.00322091 0.00118205 0.00034919 6.83547e-05 7.01254e-06 3.32564e-07
 1.24327e-39 6.08495e-33 6.84688e-27 1.77122e-21 1.05341e-16 1.44035e-12 4.52776e-09 3.27222e-06 0.000543684 0.020768 0.182385 0.36824 0.171348 0.0294361 0.0688168 0.096194 0.0341924 0.0135411 0.00960022 0.0033001 0.00123797 0.000322795 6.27188e-05 7.49615e-06 4.06718e-07
 1.25574e-39 6.14597e-33 6.91555e-27 1.78899e-21 1.06398e-16 1.4548e-12 4.57317e-09 3.30504e-06 0.000549137 0.0209763 0.184214 0.371933 0.173042 0.0290776 0.0655148 0.0915739 0.0330331 0.0146083 0.0105077 0.00337831 0.00119787 0.000322654 6.07182e-05 6.92936e-06 4.05164e-07
 1.27757e-39 6.2528e-33 7.03575e-27 1.82008e-21 1.08247e-16 1.48008e-12 4.65265e-09 3.36248e-06 0.000558681 0.0213409 0.187416 0.378397 0.176022 0.0288439 0.0621402 0.0868002 0.0311106 0.0131376 0.00943647 0.00322389 0.00119954 0.000306967 5.59669e-05 6.32802e-06 3.59815e-07
 1.26346e-39 6.18374e-33 6.95804e-27 1.79998e-21 1.07052e-16 1.46374e-12 4.60127e-09 3.32535e-06 0.000552511 0.0211052 0.185346 0.374218 0.174101 0.0291343 0.0651724 0.0910607 0.0324329 0.0130481 0.00924363 0.0030793 0.00113483 0.000304917 5.63716e-05 6.14944e-06 3.41872e-07
 1.2676e-39 6.20404e-33 6.98089e-27 1.80589e-21 1.07403e-16 1.46854e-12 4.61638e-09 3.33627e-06 0.000554325 0.0211745 0.185955 0.375447 0.174664 0.029008 0.0640309 0.0894648 0.0320492 0.0134764 0.00960523 0.00311225 0.00110418 0.000290552 5.43493e-05 6.08423e-06 3.34536e-07
 1.26308e-39 6.18188e-33 6.95595e-27 1.79944e-21 1.07019e-16 1.4633e-12 4.59988e-09 3.32435e-06 0.000552345 0.0210989 0.18529 0.374106 0.174046 0.0290771 0.0648569 0.090627 0.0324308 0.0135298 0.00965769 0.00320677 0.00116024 0.000297071 5.36923e-05 5.97642e-06 3.33688e-07
 1.26091e-39 6.17128e-33 6.94402e-27 1.79635e-21 1.06836e-16 1.46079e-12 4.592e-09 3.31864e-06 0.000551398 0.0210627 0.184972 0.373464 0.173749 0.0290651 0.0649773 0.0908042 0.0325936 0.013911 0.00997188 0.0033 0.00119742 0.00031285 5.664e-05 6.13057e-06 3.36437e-07
 1.19806e-39 5.86368e-33 6.5979e-27 1.70682e-21 1.01511e-16 1.38798e-12 4.36311e-09 3.15323e-06 0.000523914 0.0200128 0.175753 0.35485 0.165176 0.029922 0.0758183 0.106092 0.0380855 0.0162696 0.0116839 0.0039166 0.00143982 0.000376681 6.88566e-05 7.51595e-06 4.07081e-07
 1.19343e-39 5.84103e-33 6.57242e-27 1.70022e-21 1.01119e-16 1.38261e-12 4.34626e-09 3.14105e-06 0.00052189 0.0199355 0.175074 0.353479 0.16453 0.0295903 0.0742065 0.103887 0.0382143 0.019219 0.0142303 0.00477935 0.00176561 0.000467793 8.64426e-05 9.50262e-06 5.18377e-07
 1.23331e-39 6.03618e-33 6.79201e-27 1.75703e-21 1.04497e-16 1.42881e-12 4.49147e-09 3.246e-06 0.000539327 0.0206016 0.180923 0.365289 0.16997 0.0290627 0.0674266 0.0943143 0.0346015 0.017136 0.0128241 0.00475071 0.00193075 0.000518828 9.67842e-05 1.077e-05 5.92924e-07
#pred catch len freq
 2.14614e-27 2.17393e-27 6.67033e-27 1.53856e-21 9.15039e-17 1.25115e-12 3.93302e-09 2.8424e-06 0.000472261 0.01804 0.158429 0.319871 0.148879 0.026589 0.0660069 0.0926216 0.037445 0.0294379 0.0261164 0.0176031 0.0148203 0.012843 0.0132819 0.0123515 0.00518999
 2.14882e-27 2.18174e-27 7.55612e-27 1.83914e-21 1.09381e-16 1.49558e-12 4.70139e-09 3.39771e-06 0.000564524 0.0215644 0.18938 0.382361 0.177815 0.0278116 0.0546417 0.076276 0.0278653 0.0134844 0.0106359 0.00566079 0.00392003 0.0027763 0.00238604 0.00201633 0.000837039
 2.1481e-27 2.18015e-27 7.3933e-27 1.7839e-21 1.06095e-16 1.45067e-12 4.56019e-09 3.29566e-06 0.000547569 0.0209168 0.183692 0.370878 0.172566 0.0294109 0.0678667 0.0948224 0.0332476 0.0117191 0.00814081 0.00301388 0.00145773 0.000758083 0.000484256 0.000340407 0.00013377
 2.14837e-27 2.18085e-27 7.47182e-27 1.81055e-21 1.0768e-16 1.47234e-12 4.62831e-09 3.3449e-06 0.000555749 0.0212292 0.186436 0.376418 0.175112 0.0289977 0.0636752 0.0889585 0.0318099 0.0131867 0.00930003 0.00283425 0.000966229 0.000314072 0.000121243 6.01922e-05 2.07874e-05
 2.14956e-27 2.18379e-27 7.78347e-27 1.91627e-21 1.13968e-16 1.55831e-12 4.89857e-09 3.54021e-06 0.000588201 0.0224689 0.197323 0.398397 0.185236 0.0279924 0.0509134 0.0709567 0.0252692 0.0101561 0.00719209 0.00238612 0.000849842 0.000209505 4.40702e-05 1.13173e-05 2.87752e-06
 2.1488e-27 2.1819e-27 7.58018e-27 1.84729e-21 1.09866e-16 1.50222e-12 4.72224e-09 3.41277e-06 0.000567027 0.0216601 0.19022 0.384057 0.178642 0.0289468 0.0610618 0.0852184 0.0297202 0.00995293 0.00672233 0.00219537 0.000786601 0.000204419 3.6676e-05 4.74608e-06 6.05832e-07
 2.1486e-27 2.18142e-27 7.53033e-27 1.83039e-21 1.08861e-16 1.48847e-12 4.67904e-09 3.38155e-06 0.00056184 0.0214619 0.18848 0.380544 0.177018 0.0289722 0.0622759 0.0869591 0.0307415 0.0116272 0.00800912 0.00237086 0.000747133 0.000189808 3.4375e-05 3.79669e-06 2.50843e-07
 2.14948e-27 2.18358e-27 7.7603e-27 1.9084e-21 1.135e-16 1.55191e-12 4.87846e-09 3.52568e-06 0.000585786 0.0223766 0.196513 0.396762 0.184486 0.0281712 0.052498 0.0731759 0.0258616 0.00976283 0.00677102 0.00213025 0.000708375 0.000164235 2.68776e-05 2.86425e-06 1.59262e-07
 2.14969e-27 2.18409e-27 7.81264e-27 1.92616e-21 1.14556e-16 1.56635e-12 4.92383e-09 3.55847e-06 0.000591234 0.0225847 0.19834 0.400452 0.186189 0.0280918 0.0509006 0.0709068 0.024823 0.00861557 0.00585124 0.00184467 0.000624949 0.000152547 2.49657e-05 2.43242e-06 1.24535e-07
 2.14886e-27 2.18205e-27 7.5958e-27 1.85259e-21 1.10181e-16 1.50653e-12 4.73579e-09 3.42257e-06 0.000568655 0.0217222 0.190766 0.385159 0.179148 0.0288709 0.0602665 0.0841046 0.0294303 0.0101694 0.00686309 0.00207102 0.000664153 0.000162334 2.74131e-05 2.72738e-06 1.33424e-07
 2.1484e-27 2.18094e-27 7.48062e-27 1.81353e-21 1.07858e-16 1.47476e-12 4.63593e-09 3.3504e-06 0.000556664 0.0212642 0.186743 0.377038 0.175402 0.029074 0.0639541 0.0893362 0.0317379 0.0125032 0.00871165 0.00262092 0.000826762 0.000193207 3.14182e-05 3.15878e-06 1.57676e-07
 2.14883e-27 2.18199e-27 7.59218e-27 1.85138e-21 1.10109e-16 1.50554e-12 4.73268e-09 3.42032e-06 0.000568282 0.021708 0.190641 0.384907 0.179023 0.028633 0.0588899 0.0822043 0.0293012 0.0118575 0.00837968 0.0027016 0.00092793 0.000217578 3.43374e-05 3.31516e-06 1.63317e-07
 2.14933e-27 2.18321e-27 7.72032e-27 1.89484e-21 1.12694e-16 1.54088e-12 4.84379e-09 3.50062e-06 0.000581623 0.0222176 0.195116 0.393942 0.183188 0.0283115 0.0542043 0.0755786 0.0266734 0.00995284 0.00691611 0.00226561 0.00080744 0.000203364 3.4142e-05 3.27874e-06 1.56333e-07
 2.14891e-27 2.18218e-27 7.61013e-27 1.85745e-21 1.1047e-16 1.51048e-12 4.74821e-09 3.43155e-06 0.000570146 0.0217792 0.191266 0.386169 0.179614 0.0288229 0.0596689 0.0832603 0.0291047 0.00996194 0.00673432 0.00210856 0.000716454 0.00018369 3.26147e-05 3.34617e-06 1.63951e-07
 2.14787e-27 2.17961e-27 7.33829e-27 1.76524e-21 1.04986e-16 1.43549e-12 4.5125e-09 3.26119e-06 0.000541843 0.020698 0.181771 0.366999 0.170783 0.0296718 0.0706292 0.0987268 0.0348035 0.0128511 0.00881186 0.00263474 0.0008326 0.000202799 3.51279e-05 3.73062e-06 1.93604e-07
 2.14774e-27 2.17932e-27 7.31112e-27 1.75604e-21 1.04439e-16 1.42801e-12 4.48898e-09 3.2442e-06 0.000539018 0.0205901 0.180824 0.365087 0.169891 0.029467 0.0699552 0.0978261 0.0351552 0.0151261 0.0107816 0.00335279 0.00110074 0.000256104 4.12262e-05 4.20055e-06 2.19496e-07
 2.14827e-27 2.18062e-27 7.44915e-27 1.80287e-21 1.07224e-16 1.46609e-12 4.60867e-09 3.3307e-06 0.000553391 0.0211392 0.185645 0.374821 0.174373 0.0289831 0.0640672 0.0895227 0.0321618 0.0138175 0.00995064 0.00337282 0.00123397 0.00030089 4.88071e-05 4.70583e-06 2.32978e-07
 2.14849e-27 2.18116e-27 7.50474e-27 1.82172e-21 1.08344e-16 1.48142e-12 4.65685e-09 3.36552e-06 0.000559176 0.0213602 0.187586 0.378739 0.176184 0.0289668 0.0627868 0.0876882 0.0311094 0.0121296 0.00855222 0.0028998 0.00108754 0.00029017 5.18139e-05 5.16721e-06 2.50012e-07
 2.14844e-27 2.18104e-27 7.49137e-27 1.81718e-21 1.08075e-16 1.47773e-12 4.64526e-09 3.35714e-06 0.000557784 0.021307 0.187119 0.377797 0.175751 0.0290496 0.0635766 0.088798 0.0314601 0.012124 0.00846695 0.00271797 0.000960115 0.000257431 4.86677e-05 5.3199e-06 2.7352e-07
 2.14845e-27 2.18105e-27 7.49251e-27 1.81757e-21 1.08098e-16 1.47804e-12 4.64625e-09 3.35786e-06 0.000557903 0.0213115 0.187159 0.377877 0.175789 0.0290519 0.0635664 0.0887833 0.0314507 0.0121065 0.00844552 0.00268917 0.000926694 0.000235092 4.28209e-05 4.82888e-06 2.66704e-07
 2.14871e-27 2.1817e-27 7.56136e-27 1.84092e-21 1.09487e-16 1.49704e-12 4.70595e-09 3.40101e-06 0.000565072 0.0215854 0.189564 0.382733 0.178023 0.0287736 0.0604037 0.0843325 0.0299772 0.0118681 0.00833289 0.00265408 0.00091256 0.000228017 3.98464e-05 4.30048e-06 2.381e-07
 2.14839e-27 2.18089e-27 7.47505e-27 1.81164e-21 1.07745e-16 1.47322e-12 4.6311e-09 3.34691e-06 0.000556084 0.021242 0.186549 0.376645 0.175223 0.0291579 0.0645847 0.0902102 0.0318373 0.011878 0.00824028 0.00266362 0.000932166 0.000233177 4.03373e-05 4.22189e-06 2.24704e-07
 2.1484e-27 2.18094e-27 7.48058e-27 1.81352e-21 1.07857e-16 1.47475e-12 4.63591e-09 3.35038e-06 0.000556661 0.0212641 0.186742 0.377036 0.175399 0.0290316 0.0636956 0.0889767 0.0316747 0.0126864 0.00891232 0.00279173 0.000944488 0.000238643 4.17988e-05 4.35361e-06 2.2666e-07
 2.14828e-27 2.18065e-27 7.45048e-27 1.80331e-21 1.0725e-16 1.46645e-12 4.6098e-09 3.33152e-06 0.000553527 0.0211443 0.185691 0.374913 0.174422 0.0291383 0.064987 0.0907946 0.0322792 0.0127972 0.0090123 0.00293297 0.00102942 0.000253887 4.35875e-05 4.57113e-06 2.38408e-07
 2.14819e-27 2.18043e-27 7.42754e-27 1.79553e-21 1.06787e-16 1.46012e-12 4.58992e-09 3.31715e-06 0.000551139 0.0210531 0.18489 0.373296 0.173674 0.0291516 0.0655555 0.0916071 0.032718 0.0134464 0.00953856 0.00309168 0.00109101 0.000278403 4.86054e-05 5.01222e-06 2.59719e-07
 2.14785e-27 2.1796e-27 7.34006e-27 1.76586e-21 1.05022e-16 1.436e-12 4.51407e-09 3.26233e-06 0.000542031 0.0207052 0.181834 0.367127 0.170832 0.029409 0.068986 0.0964486 0.0345062 0.0143699 0.0102485 0.00339 0.00122253 0.000313007 5.56116e-05 5.87131e-06 3.04441e-07
 2.14733e-27 2.17831e-27 7.20462e-27 1.71992e-21 1.0229e-16 1.39864e-12 4.39664e-09 3.17746e-06 0.000527931 0.0201666 0.177104 0.357577 0.166431 0.0297781 0.0741175 0.103697 0.0372729 0.0160697 0.0115537 0.0038512 0.00140815 0.000368164 6.66249e-05 7.13074e-06 3.76807e-07
 2.14788e-27 2.17969e-27 7.35184e-27 1.76987e-21 1.05261e-16 1.43925e-12 4.52431e-09 3.26973e-06 0.000543261 0.0207522 0.182247 0.36796 0.171209 0.0291829 0.0673544 0.0941779 0.0340981 0.0154788 0.0112703 0.00383159 0.00143337 0.000379541 7.00117e-05 7.65268e-06 4.11268e-07
#obs catch len freq
 1.21804e-39 5.96144e-33 6.70791e-27 1.73527e-21 1.03203e-16 1.41112e-12 4.43586e-09 3.2058e-06 0.000532649 0.0203465 0.178683 0.360766 0.167893 0.0294358 0.0710675 0.099423 0.0360931 0.0166904 0.0122726 0.00438528 0.00176489 0.000516912 0.000110808 1.47425e-05 1.00963e-06
 1.2328e-39 6.03372e-33 6.78924e-27 1.75631e-21 1.04454e-16 1.42823e-12 4.48964e-09 3.24467e-06 0.000539107 0.0205932 0.180849 0.36514 0.169911 0.0293383 0.0691541 0.0967079 0.0348921 0.015464 0.0112656 0.00398927 0.00158628 0.000457453 9.57052e-05 1.23252e-05 8.13666e-07
 1.30849e-39 6.40413e-33 7.20603e-27 1.86413e-21 1.10867e-16 1.5159e-12 4.76526e-09 3.44386e-06 0.000572203 0.0218574 0.191952 0.387555 0.180238 0.0283792 0.0565431 0.078913 0.0283552 0.0122003 0.00880557 0.00303876 0.00117498 0.000334261 6.87454e-05 8.64542e-06 5.53505e-07
 1.15149e-39 5.63573e-33 6.34141e-27 1.64046e-21 9.75645e-17 1.33402e-12 4.1935e-09 3.03065e-06 0.000503547 0.0192348 0.16892 0.341056 0.158839 0.0309867 0.0864754 0.121046 0.0424453 0.0149612 0.0102897 0.00348258 0.00131142 0.000362421 7.25416e-05 8.94606e-06 5.59982e-07
 1.33942e-39 6.55553e-33 7.37638e-27 1.9082e-21 1.13488e-16 1.55174e-12 4.87791e-09 3.52528e-06 0.00058573 0.0223741 0.19649 0.396717 0.184446 0.0276525 0.049346 0.0688238 0.0255601 0.0135932 0.0100336 0.0030478 0.00100235 0.000266368 5.15704e-05 6.16526e-06 3.76694e-07
 1.37984e-39 6.75335e-33 7.59898e-27 1.96578e-21 1.16912e-16 1.59857e-12 5.02511e-09 3.63166e-06 0.000603405 0.0230493 0.202419 0.408688 0.189984 0.0277372 0.0462549 0.0643442 0.022303 0.00703503 0.00477658 0.00183393 0.000749249 0.000183198 3.16043e-05 3.59205e-06 2.12247e-07
 1.25653e-39 6.14983e-33 6.91988e-27 1.79011e-21 1.06464e-16 1.45571e-12 4.57603e-09 3.30711e-06 0.000549481 0.0209895 0.184329 0.372166 0.173176 0.029767 0.0696535 0.0972922 0.0334904 0.00978159 0.00624246 0.00179162 0.000566718 0.000165238 3.20671e-05 3.36737e-06 1.83616e-07
 1.26987e-39 6.21513e-33 6.99336e-27 1.80912e-21 1.07595e-16 1.47117e-12 4.62462e-09 3.34222e-06 0.000555315 0.0212123 0.186287 0.376118 0.174975 0.0290391 0.0640186 0.0894457 0.0320341 0.0134295 0.00939573 0.00259073 0.000708029 0.000157282 2.72611e-05 3.19025e-06 1.76145e-07
 1.4135e-39 6.91813e-33 7.78438e-27 2.01375e-21 1.19765e-16 1.63757e-12 5.14772e-09 3.72027e-06 0.000618128 0.0236117 0.207358 0.418659 0.194569 0.0270575 0.0391003 0.0542975 0.0192803 0.00757199 0.00533613 0.00177089 0.000614698 0.000131459 1.83872e-05 1.7703e-06 9.68783e-08
 1.41634e-39 6.93201e-33 7.80001e-27 2.01779e-21 1.20005e-16 1.64086e-12 5.15805e-09 3.72773e-06 0.000619368 0.0236591 0.207774 0.419499 0.194969 0.0273831 0.0408342 0.0566798 0.0192831 0.0048917 0.00300387 0.000961287 0.000337223 8.61216e-05 1.40078e-05 1.2196e-06 5.49641e-08
 1.34761e-39 6.59562e-33 7.4215e-27 1.91987e-21 1.14182e-16 1.56123e-12 4.90775e-09 3.54684e-06 0.000589312 0.022511 0.197691 0.399143 0.185599 0.0284817 0.0536765 0.0747681 0.025492 0.00664019 0.00402643 0.00104092 0.000261355 6.2636e-05 1.09857e-05 1.1089e-06 5.11252e-08
 1.31756e-39 6.44854e-33 7.256e-27 1.87706e-21 1.11636e-16 1.52642e-12 4.7983e-09 3.46774e-06 0.00057617 0.022009 0.193283 0.390242 0.181493 0.0287167 0.0577937 0.0806078 0.0280495 0.00917844 0.00601164 0.00157036 0.000381214 7.28343e-05 9.80424e-06 9.6434e-07 4.89489e-08
 1.35264e-39 6.62024e-33 7.4492e-27 1.92704e-21 1.14608e-16 1.56706e-12 4.92606e-09 3.56008e-06 0.000591512 0.022595 0.198429 0.400633 0.186273 0.0280854 0.0508082 0.0707795 0.0248206 0.0087465 0.00591006 0.00171633 0.000498023 9.74011e-05 1.17134e-05 9.0389e-07 3.97444e-08
 1.32882e-39 6.50365e-33 7.31801e-27 1.8931e-21 1.1259e-16 1.53946e-12 4.83931e-09 3.49738e-06 0.000581095 0.0221971 0.194935 0.393578 0.183029 0.0285624 0.055846 0.0778562 0.0269858 0.00849357 0.00558413 0.00168521 0.00052931 0.000116529 1.60251e-05 1.21243e-06 4.50258e-08
 1.28119e-39 6.27055e-33 7.05572e-27 1.82525e-21 1.08554e-16 1.48428e-12 4.66586e-09 3.37203e-06 0.000560267 0.0214015 0.187948 0.379472 0.176531 0.0291839 0.0638922 0.0892115 0.0311864 0.0106728 0.00714122 0.00203943 0.00059744 0.000136581 2.07987e-05 1.77991e-06 7.01368e-08
 1.1565e-39 5.66027e-33 6.36902e-27 1.64761e-21 9.79893e-17 1.33983e-12 4.21176e-09 3.04385e-06 0.000505739 0.0193186 0.169656 0.342541 0.159517 0.0307699 0.0847046 0.118585 0.0420567 0.0163377 0.0113346 0.00337378 0.00103425 0.000226266 3.33475e-05 3.03155e-06 1.3263e-07
 1.2579e-39 6.15653e-33 6.92742e-27 1.79206e-21 1.0658e-16 1.4573e-12 4.58102e-09 3.31071e-06 0.00055008 0.0210123 0.18453 0.372572 0.173324 0.0287257 0.0631746 0.0883315 0.0326548 0.0169157 0.0125094 0.00398962 0.00134701 0.000309515 4.64178e-05 4.10582e-06 1.82222e-07
 1.22485e-39 5.99478e-33 6.74543e-27 1.74498e-21 1.0378e-16 1.41901e-12 4.46067e-09 3.22373e-06 0.000535628 0.0204603 0.179682 0.362784 0.168835 0.0296781 0.0719384 0.100591 0.035701 0.0139765 0.0100166 0.00378995 0.00154742 0.000390448 6.40309e-05 5.90482e-06 2.62208e-07
 1.27098e-39 6.22059e-33 6.9995e-27 1.81071e-21 1.07689e-16 1.47246e-12 4.62869e-09 3.34516e-06 0.000555803 0.021231 0.18645 0.376448 0.175122 0.0288736 0.0629087 0.0878971 0.0316888 0.0139573 0.01003 0.00322929 0.00118091 0.000348304 6.81095e-05 6.98299e-06 3.31016e-07
 1.23396e-39 6.03938e-33 6.79561e-27 1.75796e-21 1.04552e-16 1.42957e-12 4.49385e-09 3.24772e-06 0.000539613 0.0206125 0.181019 0.365483 0.170079 0.0295967 0.0706277 0.0987422 0.0350338 0.0136694 0.00965482 0.00330894 0.00123727 0.000322134 6.25094e-05 7.46605e-06 4.04928e-07
 1.24698e-39 6.10313e-33 6.86734e-27 1.77652e-21 1.05656e-16 1.44465e-12 4.54129e-09 3.282e-06 0.000545308 0.0208301 0.18293 0.36934 0.171849 0.0292279 0.0672139 0.0939649 0.0338243 0.0147347 0.0105636 0.00338683 0.0011967 0.000321843 6.04937e-05 6.89867e-06 4.03185e-07
 1.26874e-39 6.20962e-33 6.98716e-27 1.80751e-21 1.075e-16 1.46986e-12 4.62052e-09 3.33926e-06 0.000554823 0.0211935 0.186122 0.375784 0.174819 0.028994 0.0638439 0.0891979 0.0319067 0.0132739 0.00950093 0.00323629 0.00120024 0.0003067 5.58476e-05 6.30995e-06 3.58622e-07
 1.25426e-39 6.13875e-33 6.90742e-27 1.78689e-21 1.06273e-16 1.45309e-12 4.5678e-09 3.30116e-06 0.000548492 0.0209517 0.183998 0.371496 0.172848 0.0292914 0.0669518 0.0935648 0.0332626 0.0131844 0.00930601 0.00309109 0.00113533 0.000304597 5.62462e-05 6.13136e-06 3.40705e-07
 1.25773e-39 6.15573e-33 6.92652e-27 1.79183e-21 1.06567e-16 1.45711e-12 4.58043e-09 3.31028e-06 0.000550008 0.0210096 0.184506 0.372523 0.173318 0.0291733 0.0659215 0.0921258 0.032938 0.0136465 0.00969291 0.00313187 0.00110733 0.000290939 5.43553e-05 6.08063e-06 3.34188e-07
 1.25198e-39 6.12759e-33 6.89486e-27 1.78364e-21 1.0608e-16 1.45045e-12 4.55949e-09 3.29515e-06 0.000547494 0.0209136 0.183663 0.370821 0.172535 0.0292596 0.0669611 0.0935893 0.0334267 0.0137427 0.0097757 0.00323667 0.00116717 0.000298407 5.38666e-05 5.99146e-06 3.34376e-07
 1.25e-39 6.11786e-33 6.88392e-27 1.7808e-21 1.05911e-16 1.44814e-12 4.55225e-09 3.28992e-06 0.000546625 0.0208804 0.183371 0.370232 0.172262 0.0292448 0.0670483 0.0937197 0.0335738 0.0141204 0.0100877 0.0033288 0.00120382 0.000314058 5.67903e-05 6.14242e-06 3.36927e-07
 1.18483e-39 5.79892e-33 6.52504e-27 1.68797e-21 1.0039e-16 1.37265e-12 4.31493e-09 3.11841e-06 0.000518128 0.0197918 0.173812 0.350932 0.163372 0.0301381 0.0783188 0.109613 0.0392724 0.0165344 0.0118342 0.00395555 0.00144933 0.000378614 6.91261e-05 7.54003e-06 4.08197e-07
 1.18067e-39 5.77857e-33 6.50214e-27 1.68204e-21 1.00037e-16 1.36783e-12 4.29979e-09 3.10746e-06 0.00051631 0.0197224 0.173202 0.3497 0.16279 0.0297948 0.0765941 0.107249 0.0393573 0.0195051 0.0144008 0.00482274 0.00177574 0.000469782 8.67061e-05 9.52485e-06 5.19352e-07
#spawning biomass
 4240.01 2480.9 2277.17 2177.53 2592.77 3825.91 4410.96 4646.63 7667.28 14062.4 20556.8 24416.1 30385.1 38363.8 42810.6 39978.1 36678.7 33961.2 34445.2 33144 36652.9 38781.6 41695.7 44314.8 49959.3 55463.8 54038 45740.2 30070.4 65370.4 63783.9 37262 21823.6 15089.5 12401.4 11377.5 10998.8 10861.4 10812.2 10794.8 10788.6 10786.5 10785.7 10785.4 10785.3 10785.3 10785.3 10785.3 10785.3 10785.3 10785.3 10785.3 10785.3 10785.3 10785.3 10785.3 10785.3 10785.3 10785.3 10785.3 10785.3 10785.3 10785.3 10785.3 10785.3 10785.3 10785.3 10785.3 10785.3 10785.3 10785.3 10785.3 10785.3 10785.3 10785.3 10785.3 10785.3 10785.3 10785.3 10785.3 10785.3 10785.3 10785.3 10785.3 10785.3 10785.3 10785.3 10785.3 10785.3 10785.3 10785.3 10785.3 10785.3 10785.3 10785.3 10785.3 10785.3 10785.3 10785.3 10785.3 10785.3 10785.3 10785.3 10785.3 10785.3 10785.3 10785.3 10785.3 10785.3 10785.3 10785.3 10785.3 10785.3 10785.3 10785.3 10785.3 10785.3 10785.3 10785.3 10785.3 10785.3 10785.3 10785.3 10785.3 10785.3 10785.3 10785.3 10785.3 0 0 0 0 0 0 0 0 0 0 0 0 0 0 0 0 0 0 0 0 0 0 0 0 0
