SBPRF35
0.0209309
Curr Bio
202563
B35
81253.4
F35
13.3266
FOFL
13.3266
OFL
221620
Bzero
5980.26
#pred survey bio
 6286.13 6199.88 9815.94 14284.2 20254.7 24410 27535.7 33896.5 50000.5 73084.2 101440 130854 166715 182168 169736 148223 145811 142756 138464 142096 157222 167610 182226 198467 195332 182752 167458 130604 2.51575e+06 615919 147259 69546.6 52358.5 48916 48257.1 48132.9 48109.6 48105.2 48104.4 48104.2 48104.2 48104.2 48104.2 48104.2 48104.2 48104.2 48104.2 48104.2 48104.2 48104.2 48104.2 48104.2 48104.2 48104.2 48104.2 48104.2 48104.2 48104.2 48104.2 48104.2 48104.2 48104.2 48104.2 48104.2 48104.2 48104.2 48104.2 48104.2 48104.2 48104.2 48104.2 48104.2 48104.2 48104.2 48104.2 48104.2 48104.2 48104.2 48104.2 48104.2 48104.2 48104.2 48104.2 48104.2 48104.2 48104.2 48104.2 48104.2 48104.2 48104.2 48104.2 48104.2 48104.2 48104.2 48104.2 48104.2 48104.2 48104.2 48104.2 48104.2 48104.2 48104.2 48104.2 48104.2 48104.2 48104.2 48104.2 48104.2 48104.2 48104.2 48104.2 48104.2 48104.2 48104.2 48104.2 48104.2 48104.2 48104.2 48104.2 48104.2 48104.2 48104.2 48104.2 48104.2 48104.2 48104.2 48104.2 48104.2 0 0 0 0 0 0 0 0 0 0 0 0 0 0 0 0 0 0 0 0 0 0 0 0 0
#obs survey bio
 4557.19 6982.44 9148.42 17034.2 27153 35677.1 34934.7 33200.9 60552.4 81732.1 130777 112049 153796 198889 165641 147559 100522 123805 122544 102299 162533 151739 154265 191855 196737 198886 131164 138774
#pred catch bio
 2415.05 2557.31 4338.55 5795.83 8919.43 10731.1 11539.7 15017 23821.6 28393 44723.1 53314 85717.6 103011 110814 88137.1 90722.5 84214.2 77709.2 82109.6 91967.9 85357.8 99490.3 125542 117394 85868.4 109144 105549 221620 32184 4270.27 4195.73 4195.73 4195.73 4195.73 4195.73 4195.73 4195.73 4195.73 4195.73 4195.73 4195.73 4195.73 4195.73 4195.73 4195.73 4195.73 4195.73 4195.73 4195.73 4195.73 4195.73 4195.73 4195.73 4195.73 4195.73 4195.73 4195.73 4195.73 4195.73 4195.73 4195.73 4195.73 4195.73 4195.73 4195.73 4195.73 4195.73 4195.73 4195.73 4195.73 4195.73 4195.73 4195.73 4195.73 4195.73 4195.73 4195.73 4195.73 4195.73 4195.73 4195.73 4195.73 4195.73 4195.73 4195.73 4195.73 4195.73 4195.73 4195.73 4195.73 4195.73 4195.73 4195.73 4195.73 4195.73 4195.73 4195.73 4195.73 4195.73 4195.73 4195.73 4195.73 4195.73 4195.73 4195.73 4195.73 4195.73 4195.73 4195.73 4195.73 4195.73 4195.73 4195.73 4195.73 4195.73 4195.73 4195.73 4195.73 4195.73 4195.73 4195.73 4195.73 4195.73 4195.73 4195.73 4195.73 4195.73 0 0 0 0 0 0 0 0 0 0 0 0 0 0 0 0 0 0 0 0 0 0 0 0 0
#obs catch bio
 2721.81 2596.88 4347.31 5740.35 8653.95 10303.9 11136.5 14853.7 23937.5 27550.5 44336.1 51191.1 84971.7 100488 113696 89200.3 93929.6 85131.1 78616.2 84368.8 94275.9 84979.8 101401 132405 119270 84000.2 111275 108360
#pred cpue bio
 5518.06 4304.18 6700.45 10000.3 14288.6 17842.8 20345.6 24440.8 34441.3 50690.5 72316.1 93648.2 120316 134132 128921 111212 107485 105353 103239 104502 113222 122598 134126 144486 144228 137427 129917 100536 1.82783e+06 570758 145115 55675.5 36533.6 32919.6 32248.3 32123.3 32099.9 32095.5 32094.6 32094.5 32094.5 32094.5 32094.5 32094.5 32094.5 32094.5 32094.5 32094.5 32094.5 32094.5 32094.5 32094.5 32094.5 32094.5 32094.5 32094.5 32094.5 32094.5 32094.5 32094.5 32094.5 32094.5 32094.5 32094.5 32094.5 32094.5 32094.5 32094.5 32094.5 32094.5 32094.5 32094.5 32094.5 32094.5 32094.5 32094.5 32094.5 32094.5 32094.5 32094.5 32094.5 32094.5 32094.5 32094.5 32094.5 32094.5 32094.5 32094.5 32094.5 32094.5 32094.5 32094.5 32094.5 32094.5 32094.5 32094.5 32094.5 32094.5 32094.5 32094.5 32094.5 32094.5 32094.5 32094.5 32094.5 32094.5 32094.5 32094.5 32094.5 32094.5 32094.5 32094.5 32094.5 32094.5 32094.5 32094.5 32094.5 32094.5 32094.5 32094.5 32094.5 32094.5 32094.5 32094.5 32094.5 32094.5 32094.5 32094.5 0 0 0 0 0 0 0 0 0 0 0 0 0 0 0 0 0 0 0 0 0 0 0 0 0
#obs cpue bio
 2500.62 4790.49 6596.55 10360 16358.6 14858.4 15926.2 20464.9 28494.6 56686.8 58852.3 145441 106926 148088 89669.4 113258 117613 136216 103603 122419 108284 144236 125560 115456 177814 135685 144223 92870.5
#pred surv len freq
 3.37102e-11 1.58557e-09 5.16409e-08 1.16463e-06 1.81874e-05 0.000196671 0.00147267 0.00763632 0.0274262 0.0682816 0.118216 0.144102 0.12945 0.0982071 0.0784775 0.0691645 0.0586626 0.0465472 0.0367516 0.0296658 0.0245157 0.0208612 0.0177039 0.0137554 0.00888599
 4.76485e-11 2.24116e-09 7.29931e-08 1.64618e-06 2.57074e-05 0.000277988 0.00208154 0.010793 0.0387557 0.0964105 0.166385 0.200314 0.171852 0.113134 0.0687579 0.04652 0.0328804 0.0214941 0.0130654 0.00762495 0.00429635 0.00242978 0.00146266 0.000912948 0.000525425
 4.64552e-11 2.18503e-09 7.11651e-08 1.60495e-06 2.50636e-05 0.000271027 0.00202942 0.0105229 0.0377879 0.0940234 0.162405 0.196179 0.170429 0.116778 0.076951 0.0553686 0.0379988 0.021666 0.0103216 0.00443448 0.00178829 0.000668333 0.000234954 8.35334e-05 3.15448e-05
 4.5043e-11 2.11861e-09 6.90017e-08 1.55616e-06 2.43017e-05 0.000262788 0.00196773 0.0102031 0.0366405 0.0911788 0.157561 0.19066 0.16671 0.116582 0.0800299 0.059995 0.0424015 0.0249746 0.0123928 0.00543763 0.00208957 0.000667917 0.000173562 3.77331e-05 7.34065e-06
 4.48765e-11 2.11078e-09 6.87467e-08 1.55041e-06 2.42118e-05 0.000261817 0.00196046 0.0101654 0.036505 0.0908412 0.156975 0.189935 0.166033 0.116031 0.0796274 0.0598908 0.0428029 0.025838 0.0133631 0.00616428 0.00248028 0.00082405 0.000219807 4.70953e-05 8.14e-06
 4.22072e-11 1.98522e-09 6.46575e-08 1.45819e-06 2.27717e-05 0.000246244 0.00184386 0.00956095 0.0343367 0.0854683 0.147847 0.179629 0.159412 0.116547 0.0866673 0.0694794 0.0508332 0.0307503 0.0158197 0.0072689 0.00293602 0.000989147 0.000270141 5.96361e-05 1.06058e-05
 4.20484e-11 1.97776e-09 6.44142e-08 1.4527e-06 2.2686e-05 0.000245317 0.00183692 0.00952496 0.0342073 0.0851437 0.14727 0.178854 0.158495 0.115429 0.0854362 0.0687032 0.0511891 0.0322168 0.0175944 0.00857458 0.00359572 0.0012322 0.000338874 7.52295e-05 1.35056e-05
 4.39305e-11 2.06628e-09 6.72974e-08 1.51772e-06 2.37014e-05 0.000256297 0.00191913 0.00995114 0.0357361 0.0889325 0.153709 0.186138 0.163219 0.115183 0.0806268 0.0620223 0.0454249 0.028509 0.0156512 0.00773775 0.00333092 0.00118781 0.000343758 8.04729e-05 1.50992e-05
 4.65323e-11 2.18866e-09 7.12832e-08 1.60761e-06 2.51052e-05 0.000271477 0.00203279 0.0105403 0.03785 0.0941737 0.162636 0.196322 0.17012 0.115665 0.0751803 0.053838 0.0377179 0.0227305 0.0118639 0.0055854 0.00232745 0.000816769 0.000235436 5.55066e-05 1.06107e-05
 4.55626e-11 2.14304e-09 6.97976e-08 1.57411e-06 2.4582e-05 0.000265819 0.00199043 0.0103208 0.0370626 0.0922254 0.159344 0.192694 0.16809 0.116678 0.0789338 0.0583276 0.0407977 0.0237519 0.0116147 0.00505049 0.00195905 0.000646189 0.000175413 3.90462e-05 7.12236e-06
 4.40738e-11 2.07302e-09 6.7517e-08 1.52268e-06 2.37788e-05 0.000257134 0.00192539 0.00998362 0.035853 0.0892258 0.154232 0.186846 0.164076 0.116261 0.0818545 0.0628721 0.0452455 0.0272595 0.0140019 0.00640213 0.00255496 0.000843246 0.000224104 4.81531e-05 8.42239e-06
 4.39783e-11 2.06853e-09 6.73706e-08 1.51938e-06 2.37272e-05 0.000256576 0.00192122 0.00996199 0.0357753 0.0890322 0.153897 0.186435 0.163702 0.115979 0.0816695 0.0628454 0.0454684 0.0277087 0.0145058 0.00678801 0.00277181 0.0009363 0.000254988 5.59821e-05 9.89857e-06
 4.34752e-11 2.04487e-09 6.66e-08 1.502e-06 2.34558e-05 0.000253641 0.00189925 0.00984807 0.0353666 0.0880188 0.152171 0.184466 0.162365 0.115879 0.0827101 0.0644064 0.0469294 0.0288009 0.0152344 0.0072265 0.00299907 0.00103407 0.000289215 6.55255e-05 1.19685e-05
 4.17474e-11 1.9636e-09 6.39531e-08 1.4423e-06 2.25236e-05 0.000243561 0.00182377 0.00945682 0.0339631 0.0845419 0.146268 0.177824 0.158175 0.116424 0.0875767 0.070887 0.0522026 0.0318221 0.0165457 0.00768181 0.00312205 0.00105428 0.000288456 6.4031e-05 1.15339e-05
 3.94388e-11 1.85501e-09 6.04165e-08 1.36254e-06 2.12781e-05 0.000230092 0.00172293 0.00893405 0.0320876 0.0798923 0.138354 0.168819 0.152153 0.116223 0.0927452 0.0784559 0.0591465 0.0368052 0.0196152 0.00929667 0.00380131 0.00127044 0.000339417 7.29325e-05 1.26836e-05
 4.07449e-11 1.91645e-09 6.24174e-08 1.40767e-06 2.19828e-05 0.000237713 0.00177998 0.0092298 0.0331484 0.0825199 0.142811 0.173817 0.155248 0.115653 0.0888438 0.0733879 0.0551752 0.0347174 0.0188609 0.00910486 0.003762 0.00126004 0.000335107 7.12116e-05 1.21612e-05
 4.20385e-11 1.97729e-09 6.43991e-08 1.45236e-06 2.26807e-05 0.00024526 0.00183649 0.00952274 0.0341994 0.0851253 0.147246 0.178862 0.158618 0.115754 0.0859271 0.0691183 0.051254 0.031906 0.0171471 0.00823083 0.00341853 0.00116482 0.00031828 6.98045e-05 1.22643e-05
 4.15543e-11 1.95452e-09 6.36573e-08 1.43563e-06 2.24194e-05 0.000242435 0.00181534 0.00941311 0.0338063 0.0841533 0.145608 0.177078 0.157696 0.116463 0.088092 0.0715969 0.052812 0.0322068 0.0167331 0.00774393 0.00312415 0.00104113 0.000279115 6.02857e-05 1.05107e-05
 4.09783e-11 1.92742e-09 6.27749e-08 1.41573e-06 2.21087e-05 0.000239074 0.00179018 0.00928266 0.0333382 0.0829918 0.143624 0.174788 0.156054 0.116105 0.0889421 0.0731321 0.0545255 0.0337789 0.0179401 0.00847081 0.0034487 0.00114596 0.000303561 6.44401e-05 1.10293e-05
 4.2296e-11 1.9894e-09 6.47935e-08 1.46125e-06 2.28196e-05 0.000246762 0.00184773 0.00958103 0.0344085 0.085643 0.148123 0.179841 0.159208 0.115598 0.0850965 0.0680736 0.0504779 0.0315514 0.0170647 0.00823326 0.00342302 0.00116262 0.000315737 6.87586e-05 1.20109e-05
 4.35084e-11 2.04643e-09 6.66508e-08 1.50314e-06 2.34737e-05 0.000253835 0.0019007 0.00985558 0.0353936 0.0880864 0.15229 0.184622 0.162538 0.116074 0.0829154 0.0645399 0.046885 0.0285716 0.014933 0.00697621 0.002847 0.000962398 0.000262571 5.77849e-05 1.02378e-05
 4.2057e-11 1.97816e-09 6.44274e-08 1.453e-06 2.26907e-05 0.000245367 0.0018373 0.00952695 0.0342148 0.0851667 0.147338 0.179069 0.159105 0.116722 0.0872782 0.0702123 0.0513456 0.0309266 0.0157686 0.00714627 0.00283368 0.000931555 0.000246627 5.26442e-05 9.09649e-06
 4.2167e-11 1.98333e-09 6.45958e-08 1.4568e-06 2.275e-05 0.000246009 0.0018421 0.00955181 0.0343037 0.0853837 0.147684 0.179355 0.158929 0.115714 0.0855717 0.0686594 0.0509059 0.031728 0.017065 0.00816923 0.00336273 0.00112738 0.000301257 6.45187e-05 1.11287e-05
 4.28299e-11 2.01452e-09 6.56115e-08 1.4797e-06 2.31077e-05 0.000249877 0.00187106 0.00970195 0.0348424 0.0867197 0.149962 0.181966 0.160739 0.115948 0.0843355 0.0666742 0.0488954 0.0300795 0.0159212 0.00753724 0.0031079 0.00105844 0.000290419 6.41447e-05 1.13685e-05
 4.13023e-11 1.94266e-09 6.32713e-08 1.42692e-06 2.22835e-05 0.000240964 0.00180433 0.00935605 0.0336018 0.0836475 0.144756 0.176151 0.15722 0.11684 0.0892312 0.0728988 0.053628 0.0323597 0.016508 0.00747942 0.00296192 0.000971202 0.000256136 5.44204e-05 9.35984e-06
 4.03073e-11 1.89586e-09 6.1747e-08 1.39255e-06 2.17467e-05 0.00023516 0.00176087 0.00913072 0.0327931 0.0816408 0.141326 0.17218 0.154332 0.116109 0.0905359 0.0754126 0.0565652 0.0351795 0.0187495 0.00886379 0.003596 0.00118369 0.000308716 6.42094e-05 1.0748e-05
 3.83433e-11 1.80348e-09 5.87383e-08 1.3247e-06 2.0687e-05 0.000223701 0.00167507 0.00868594 0.0311971 0.077681 0.134565 0.164384 0.148771 0.114971 0.0935201 0.0806247 0.0621862 0.0402098 0.0226634 0.0113949 0.00490133 0.00171563 0.000480423 0.00010778 1.92776e-05
 3.8769e-11 1.82351e-09 5.93905e-08 1.3394e-06 2.09167e-05 0.000226185 0.00169367 0.00878236 0.0315432 0.0785402 0.136037 0.166103 0.15007 0.115422 0.0931671 0.079736 0.0609921 0.0389121 0.0215232 0.0106209 0.00450255 0.00155897 0.000433343 9.71289e-05 1.75358e-05
#obs surv len freq
 4.08007e-11 1.91907e-09 6.25028e-08 1.4096e-06 2.20129e-05 0.000238038 0.00178242 0.00924244 0.033194 0.0826337 0.143011 0.174077 0.155526 0.11593 0.0890395 0.0732582 0.0545092 0.0337273 0.018141 0.00902876 0.00413943 0.00168217 0.00059276 0.000178535 4.49624e-05
 4.92848e-11 2.31812e-09 7.54997e-08 1.70271e-06 2.65902e-05 0.000287535 0.00215302 0.0111636 0.040086 0.0997138 0.172047 0.206946 0.176935 0.1151 0.0678474 0.0438124 0.0292359 0.0174754 0.00927663 0.0045749 0.00207913 0.000836938 0.000291894 8.70222e-05 2.17149e-05
 4.16688e-11 1.9599e-09 6.38326e-08 1.43959e-06 2.24812e-05 0.000243103 0.00182034 0.00943909 0.0339005 0.0843944 0.146072 0.177864 0.159091 0.118876 0.0912587 0.0739376 0.0525255 0.0292833 0.0130775 0.00516586 0.00197089 0.000724413 0.00024329 7.12793e-05 1.75787e-05
 4.71945e-11 2.2198e-09 7.22974e-08 1.63049e-06 2.54624e-05 0.000275339 0.00206171 0.0106902 0.038388 0.0955066 0.1649 0.198883 0.171776 0.115569 0.0734871 0.051522 0.0357754 0.0215237 0.0112145 0.00523632 0.00214503 0.000739028 0.000213614 5.34239e-05 1.1754e-05
 4.44377e-11 2.09014e-09 6.80744e-08 1.53525e-06 2.39751e-05 0.000259257 0.00194129 0.0100661 0.0361494 0.0899641 0.155516 0.188439 0.165586 0.117519 0.0827736 0.0630182 0.0440911 0.0250158 0.0117045 0.00493521 0.00197262 0.000721927 0.000228371 6.00656e-05 1.28505e-05
 4.3367e-11 2.03978e-09 6.64342e-08 1.49826e-06 2.33975e-05 0.00025301 0.00189452 0.0098236 0.0352793 0.0878058 0.151833 0.184202 0.162596 0.116995 0.084564 0.0660659 0.0473453 0.027847 0.0137563 0.00608888 0.00243926 0.00085237 0.000254864 6.53334e-05 1.42016e-05
 4.32294e-11 2.0333e-09 6.62233e-08 1.4935e-06 2.33232e-05 0.000252207 0.00188851 0.00979242 0.0351674 0.0875274 0.151353 0.183628 0.162116 0.116715 0.0844749 0.066155 0.0476375 0.0283199 0.0142897 0.00653683 0.00272651 0.000992648 0.000305982 7.89668e-05 1.68689e-05
 4.60156e-11 2.16435e-09 7.04915e-08 1.58976e-06 2.48264e-05 0.000268462 0.00201022 0.0104233 0.0374306 0.0931358 0.160883 0.194395 0.169056 0.11624 0.077214 0.0562073 0.0392353 0.023097 0.0116213 0.00532777 0.00224434 0.000833503 0.000264647 7.07291e-05 1.56074e-05
 4.7018e-11 2.2115e-09 7.20272e-08 1.62439e-06 2.53672e-05 0.00027431 0.002054 0.0106503 0.0382452 0.0951563 0.16433 0.198356 0.171838 0.116697 0.0755082 0.0533864 0.0363246 0.0206275 0.00979268 0.00419103 0.00167735 0.000608449 0.00019257 5.19806e-05 1.16932e-05
 4.40434e-11 2.07159e-09 6.74703e-08 1.52163e-06 2.37624e-05 0.000256956 0.00192407 0.00997678 0.0358291 0.0891704 0.154167 0.186914 0.1646 0.117582 0.0838095 0.0644739 0.0453811 0.0258651 0.0121193 0.00504229 0.00193483 0.000665811 0.000199175 5.12634e-05 1.12037e-05
 4.52501e-11 2.12835e-09 6.93188e-08 1.56331e-06 2.44134e-05 0.000263996 0.00197678 0.01025 0.0368089 0.0915956 0.158269 0.19146 0.167226 0.116542 0.0794667 0.0591884 0.0416562 0.0244608 0.0121526 0.00542302 0.00218376 0.000760533 0.000223408 5.53321e-05 1.15214e-05
 4.55521e-11 2.14255e-09 6.97814e-08 1.57375e-06 2.45763e-05 0.000265758 0.00198997 0.0103184 0.0370543 0.0922048 0.159312 0.192673 0.168126 0.116814 0.0791374 0.0584607 0.0407227 0.0235022 0.011383 0.00497765 0.00201384 0.000724822 0.000223153 5.75396e-05 1.21989e-05
 4.35567e-11 2.0487e-09 6.67246e-08 1.50481e-06 2.34998e-05 0.000254116 0.00190281 0.00986655 0.0354335 0.0881892 0.152493 0.184991 0.16325 0.117361 0.084637 0.0658385 0.0467834 0.0270517 0.0130022 0.00560041 0.00222185 0.000784601 0.000238869 6.18546e-05 1.33885e-05
 4.02552e-11 1.89341e-09 6.16672e-08 1.39075e-06 2.17186e-05 0.000234856 0.00175859 0.00911896 0.0327515 0.0815409 0.141182 0.17214 0.154723 0.117257 0.0922778 0.0768264 0.0566337 0.0338823 0.0170905 0.00776828 0.00319659 0.00114224 0.000345841 8.83729e-05 1.8887e-05
 3.76773e-11 1.77216e-09 5.7718e-08 1.30169e-06 2.03277e-05 0.000219816 0.00164598 0.00853517 0.0306567 0.0763454 0.132321 0.16197 0.147627 0.116207 0.0968315 0.0841847 0.0640508 0.0400175 0.0215832 0.0106034 0.00467137 0.00176589 0.000560786 0.000148473 3.23333e-05
 4.19276e-11 1.97207e-09 6.4229e-08 1.44853e-06 2.26208e-05 0.000244612 0.00183164 0.00949757 0.034109 0.0848977 0.146837 0.178298 0.157903 0.114794 0.0847426 0.0681108 0.0509791 0.0325544 0.0184099 0.00960201 0.00450467 0.00182126 0.000621069 0.000176019 4.06212e-05
 4.08506e-11 1.92141e-09 6.25792e-08 1.41132e-06 2.20398e-05 0.000238329 0.0017846 0.00925375 0.0332348 0.0827363 0.143198 0.174344 0.155893 0.116454 0.0896633 0.0736681 0.0543475 0.033019 0.0173172 0.00847873 0.00391242 0.00162698 0.000585771 0.000177124 4.36912e-05
 4.01449e-11 1.88822e-09 6.14982e-08 1.38694e-06 2.16591e-05 0.000234212 0.00175377 0.00909395 0.0326614 0.081314 0.140771 0.171556 0.153937 0.116143 0.0909052 0.0757644 0.0565888 0.0349506 0.0186577 0.00914623 0.00410108 0.00162618 0.000562483 0.000168205 4.23728e-05
 4.00417e-11 1.88337e-09 6.134e-08 1.38337e-06 2.16034e-05 0.00023361 0.00174926 0.00907055 0.0325773 0.0811043 0.140406 0.171098 0.153488 0.115737 0.0905549 0.0755915 0.0567673 0.035487 0.0193352 0.00971316 0.00444628 0.00178154 0.000612738 0.000179249 4.39085e-05
 4.28149e-11 2.0138e-09 6.55883e-08 1.47918e-06 2.30995e-05 0.000249789 0.0018704 0.00969851 0.03483 0.0866871 0.149895 0.181835 0.160463 0.115412 0.0835417 0.0658691 0.0484315 0.0301508 0.0164772 0.00834714 0.0038746 0.00158196 0.000555132 0.000164857 4.05712e-05
 4.17073e-11 1.96171e-09 6.38916e-08 1.44092e-06 2.2502e-05 0.000243327 0.00182202 0.00944775 0.0339308 0.0844621 0.146137 0.177695 0.158159 0.116603 0.0878733 0.0710254 0.0519331 0.0312629 0.0161385 0.00771225 0.00345608 0.00139659 0.000492625 0.000148219 3.70562e-05
 4.06252e-11 1.91082e-09 6.2234e-08 1.40353e-06 2.19182e-05 0.000237014 0.00177475 0.00920271 0.0330516 0.0822815 0.142418 0.173432 0.155199 0.116208 0.0898724 0.0742493 0.0552105 0.0339639 0.0180232 0.00875981 0.00388162 0.00151299 0.00051132 0.000149037 3.67483e-05
 4.13551e-11 1.94514e-09 6.3352e-08 1.42875e-06 2.2312e-05 0.000241272 0.00180663 0.00936796 0.0336442 0.0837486 0.144901 0.17619 0.156815 0.115636 0.0873142 0.0710701 0.0528691 0.0329572 0.0179325 0.00899158 0.00410187 0.00163372 0.00055649 0.000160516 3.86092e-05
 4.08627e-11 1.92198e-09 6.25978e-08 1.41174e-06 2.20463e-05 0.0002384 0.00178513 0.00925647 0.0332444 0.0827588 0.143226 0.174329 0.155723 0.116015 0.0890136 0.073146 0.0543294 0.0335145 0.0179547 0.00891095 0.00408267 0.00165626 0.0005788 0.000171011 4.17652e-05
 4.0002e-11 1.8815e-09 6.12793e-08 1.382e-06 2.1582e-05 0.000233379 0.00174753 0.00906158 0.0325451 0.0810249 0.140273 0.170958 0.153432 0.115838 0.0907926 0.0758408 0.0568905 0.035454 0.019227 0.00962268 0.00440728 0.00177834 0.000619989 0.000184349 4.56914e-05
 3.95231e-11 1.85898e-09 6.05456e-08 1.36546e-06 2.13236e-05 0.000230584 0.00172661 0.00895311 0.0321559 0.0800592 0.138623 0.169049 0.152051 0.115502 0.0914298 0.0770183 0.0582057 0.0366858 0.0202418 0.0103285 0.0048083 0.00196329 0.000689323 0.000205505 5.09841e-05
 3.72607e-11 1.75256e-09 5.70798e-08 1.28729e-06 2.0103e-05 0.000217385 0.00162778 0.0084408 0.0303179 0.0755027 0.130868 0.16023 0.146166 0.115336 0.0965106 0.0843644 0.064802 0.0413015 0.0231054 0.0119852 0.00567724 0.00236089 0.000844265 0.00025571 6.41717e-05
 4.06008e-11 1.90967e-09 6.21966e-08 1.40269e-06 2.1905e-05 0.000236872 0.00177368 0.00919712 0.0330309 0.0822239 0.142277 0.173066 0.154254 0.114256 0.0870708 0.0718308 0.0546553 0.0355393 0.02062 0.0110958 0.00539985 0.00229148 0.000834785 0.00025754 6.57854e-05
#pred catch len freq
 2.7154e-11 1.27719e-09 4.15973e-08 9.38124e-07 1.46502e-05 0.000158422 0.00118627 0.00615158 0.0220983 0.0550627 0.0956424 0.118059 0.110815 0.0941879 0.0878825 0.0853753 0.0754526 0.0610461 0.0482748 0.0381088 0.0302417 0.0246422 0.0202508 0.0154519 0.00989561
 4.33529e-11 2.03911e-09 6.64126e-08 1.49777e-06 2.33898e-05 0.000252927 0.0018939 0.00982027 0.0352658 0.0877588 0.151659 0.183551 0.160622 0.112694 0.0782351 0.0603521 0.0454403 0.0304124 0.0186292 0.010782 0.00589977 0.00317849 0.0018165 0.00109379 0.000618381
 4.19561e-11 1.97341e-09 6.42728e-08 1.44951e-06 2.26362e-05 0.000244779 0.00183289 0.00950413 0.0341333 0.0849679 0.147022 0.178819 0.159306 0.117727 0.0889361 0.0716426 0.0515794 0.029903 0.0143601 0.0061835 0.0024707 0.000900422 0.000303638 0.000102514 3.70244e-05
 3.99916e-11 1.88101e-09 6.12634e-08 1.38164e-06 2.15763e-05 0.000233318 0.00174708 0.00905926 0.0325372 0.0810103 0.140281 0.171123 0.154074 0.117327 0.0930337 0.0779198 0.0576716 0.0346127 0.0174073 0.00771869 0.00297522 0.000944407 0.000241064 5.08886e-05 9.5148e-06
 3.99389e-11 1.87854e-09 6.11827e-08 1.37982e-06 2.15479e-05 0.00023301 0.00174477 0.00904731 0.0324941 0.080901 0.140078 0.170814 0.1536 0.11658 0.0920796 0.0771979 0.0577032 0.0354356 0.0185177 0.008593 0.00345211 0.00113536 0.000297499 6.22983e-05 1.05101e-05
 3.66987e-11 1.72613e-09 5.6219e-08 1.26788e-06 1.97998e-05 0.000214107 0.00160324 0.00831361 0.0298621 0.0743791 0.128997 0.158299 0.145549 0.117176 0.100582 0.0888028 0.0674506 0.0414328 0.0215441 0.00996516 0.00401906 0.00133941 0.000359004 7.74331e-05 1.34539e-05
 3.63765e-11 1.71098e-09 5.57254e-08 1.25675e-06 1.96259e-05 0.000212227 0.00158916 0.0082406 0.0295996 0.0737233 0.127846 0.156821 0.143993 0.115575 0.0990454 0.0880166 0.0682531 0.0437354 0.0242013 0.0118874 0.00497946 0.00168857 0.000455915 9.88943e-05 1.73406e-05
 3.87741e-11 1.82375e-09 5.93983e-08 1.33958e-06 2.09195e-05 0.000226215 0.00169389 0.0087835 0.0315472 0.0785502 0.136053 0.166116 0.150062 0.115376 0.0930818 0.0796383 0.0609205 0.0388939 0.0215639 0.0106997 0.00458124 0.00161025 0.000456233 0.000104282 1.91316e-05
 4.2187e-11 1.98427e-09 6.46265e-08 1.45749e-06 2.27608e-05 0.000246126 0.00184297 0.00955636 0.0343202 0.085426 0.147767 0.1795 0.159195 0.116185 0.0861894 0.0691036 0.0508179 0.0311209 0.0163413 0.00769308 0.00318042 0.00109774 0.000308998 7.09133e-05 1.32152e-05
 4.05703e-11 1.90823e-09 6.21499e-08 1.40163e-06 2.18885e-05 0.000236694 0.00177236 0.00919031 0.0330074 0.0821763 0.142268 0.173396 0.155636 0.11749 0.0918901 0.0761199 0.055877 0.0331794 0.0164573 0.00723669 0.00281436 0.000920525 0.000245444 5.33518e-05 9.49368e-06
 3.89545e-11 1.83223e-09 5.96746e-08 1.34581e-06 2.10168e-05 0.000227267 0.00170177 0.0088244 0.0316944 0.0789199 0.136715 0.167026 0.151201 0.116865 0.0948156 0.0808586 0.0607005 0.0371772 0.0192971 0.00888049 0.0035405 0.00115707 0.000301976 6.33403e-05 1.07971e-05
 3.86651e-11 1.81862e-09 5.92314e-08 1.33582e-06 2.08607e-05 0.000225579 0.00168913 0.00875887 0.0314592 0.0783354 0.13571 0.165838 0.150255 0.116419 0.0948525 0.0812896 0.0614793 0.0381824 0.0202626 0.0095675 0.00390727 0.00130725 0.000349801 7.51071e-05 1.29826e-05
 3.85949e-11 1.81532e-09 5.91238e-08 1.33339e-06 2.08228e-05 0.000225169 0.00168607 0.00874297 0.0314022 0.0781941 0.13547 0.165567 0.150081 0.116432 0.095032 0.0815225 0.0616535 0.0382718 0.0203128 0.00961854 0.00395864 0.00134344 0.00036729 8.10471e-05 1.44309e-05
 3.6813e-11 1.73151e-09 5.63941e-08 1.27183e-06 1.98614e-05 0.000214774 0.00160823 0.00833949 0.0299549 0.0746092 0.129389 0.158742 0.14584 0.117171 0.100306 0.0884175 0.067119 0.0412159 0.0214174 0.00989164 0.00397883 0.00132131 0.00035308 7.61989e-05 1.33458e-05
 3.46438e-11 1.62948e-09 5.3071e-08 1.19688e-06 1.86911e-05 0.000202118 0.00151347 0.00784827 0.0281926 0.0702404 0.121953 0.150285 0.140193 0.117006 0.1052 0.0955675 0.0736638 0.0458917 0.0242731 0.0113717 0.00458499 0.00150482 0.000392396 8.18721e-05 1.38149e-05
 3.58073e-11 1.68421e-09 5.48535e-08 1.23708e-06 1.93188e-05 0.000208907 0.0015643 0.00811173 0.0291375 0.0725799 0.125915 0.154696 0.142817 0.116206 0.101305 0.090711 0.0700969 0.0443328 0.0240168 0.0115158 0.00470913 0.00155307 0.000404117 8.36021e-05 1.38879e-05
 3.746e-11 1.76194e-09 5.73853e-08 1.29418e-06 2.02105e-05 0.000218549 0.00163649 0.00848598 0.0304802 0.0759087 0.131582 0.161151 0.147154 0.116407 0.0976817 0.0853416 0.0650989 0.0406727 0.0217279 0.0103198 0.00422681 0.00141362 0.000376954 8.03834e-05 1.37424e-05
 3.67166e-11 1.72697e-09 5.62464e-08 1.2685e-06 1.98094e-05 0.000214211 0.00160402 0.00831766 0.0298766 0.0744154 0.129061 0.158378 0.145626 0.117245 0.100644 0.0888451 0.0674465 0.0413709 0.0214405 0.00985352 0.00393139 0.00128869 0.000337637 7.09308e-05 1.20245e-05
 3.58926e-11 1.68821e-09 5.49841e-08 1.24003e-06 1.93648e-05 0.000209404 0.00156802 0.00813105 0.029207 0.0727538 0.126223 0.155101 0.143273 0.116727 0.101851 0.0910328 0.0698946 0.0436236 0.0231749 0.0109014 0.00440161 0.00144201 0.00037406 7.73473e-05 1.28812e-05
 3.75227e-11 1.76489e-09 5.74812e-08 1.29634e-06 2.02443e-05 0.000218914 0.00163923 0.00850015 0.030531 0.0760336 0.131789 0.161356 0.147191 0.116135 0.0971452 0.0848186 0.0648954 0.0408363 0.0220433 0.0105668 0.00434601 0.00145207 0.000385493 8.17247e-05 1.39007e-05
 3.89969e-11 1.83423e-09 5.97396e-08 1.34728e-06 2.10397e-05 0.000227514 0.00170362 0.008834 0.0317288 0.0790049 0.136857 0.167179 0.151271 0.116779 0.0945863 0.0805949 0.0605264 0.0371384 0.0193557 0.00897201 0.00361718 0.0012013 0.000320009 6.84874e-05 1.18062e-05
 3.68813e-11 1.73472e-09 5.64987e-08 1.27419e-06 1.98983e-05 0.000215172 0.00161121 0.00835497 0.0300105 0.0747481 0.129632 0.159053 0.146162 0.117493 0.100613 0.0885865 0.0669906 0.0407923 0.0208954 0.00947678 0.00373863 0.0012139 0.000315052 6.55658e-05 1.10328e-05
 3.71982e-11 1.74962e-09 5.69841e-08 1.28513e-06 2.00692e-05 0.000217021 0.00162505 0.00842668 0.0302674 0.0753806 0.13068 0.160106 0.146397 0.116222 0.0980411 0.0860314 0.0659099 0.0414466 0.0223201 0.0106522 0.00434992 0.00143781 0.000376225 7.85037e-05 1.31828e-05
 3.84413e-11 1.8081e-09 5.88885e-08 1.32808e-06 2.07399e-05 0.000224274 0.00167936 0.0087082 0.0312775 0.0778859 0.134951 0.165004 0.149796 0.116672 0.095744 0.0823391 0.0621738 0.0383787 0.0201708 0.00943446 0.00383109 0.0012792 0.000342213 7.34376e-05 1.26582e-05
 3.64807e-11 1.71588e-09 5.58851e-08 1.26035e-06 1.96821e-05 0.000212835 0.00159372 0.00826426 0.0296852 0.0739425 0.128267 0.157529 0.14524 0.117729 0.101899 0.0902177 0.0682256 0.0413818 0.0210446 0.00946367 0.00370597 0.00119566 0.000308269 6.36887e-05 1.06403e-05
 3.46198e-11 1.62835e-09 5.30343e-08 1.19605e-06 1.86781e-05 0.000201978 0.00151242 0.00784283 0.0281729 0.07019 0.121857 0.150125 0.139915 0.116533 0.104583 0.0951144 0.0737259 0.0464683 0.0249892 0.0118741 0.00480939 0.00156829 0.000402154 8.17646e-05 1.33534e-05
 3.34309e-11 1.57243e-09 5.1213e-08 1.15498e-06 1.80367e-05 0.000195042 0.00146049 0.00757358 0.0272066 0.0677915 0.117754 0.145355 0.136387 0.115484 0.105865 0.0978183 0.077033 0.0498199 0.0278481 0.0138308 0.00585864 0.00201011 0.000548769 0.000119693 2.08484e-05
 3.48212e-11 1.63782e-09 5.33429e-08 1.20301e-06 1.87868e-05 0.000203154 0.00152122 0.00788844 0.0283365 0.0705949 0.122542 0.150884 0.140354 0.116357 0.10384 0.0941739 0.0729961 0.0461202 0.0249562 0.0120044 0.00496623 0.00167567 0.000451812 9.79125e-05 1.71191e-05
#obs catch len freq
 3.55819e-11 1.6736e-09 5.4508e-08 1.22929e-06 1.91972e-05 0.000207591 0.00155445 0.00806067 0.0289544 0.0721256 0.125141 0.153811 0.142207 0.116111 0.101593 0.090955 0.0699633 0.0439984 0.0240356 0.0121547 0.00564805 0.0023203 0.000825052 0.000250344 6.34514e-05
 3.57982e-11 1.68377e-09 5.48394e-08 1.23677e-06 1.93139e-05 0.000208853 0.0015639 0.00810965 0.0291302 0.072562 0.125888 0.154679 0.142851 0.116307 0.101373 0.0904858 0.0693943 0.0434198 0.0235257 0.0117797 0.00542177 0.00220777 0.000778793 0.000234707 5.91301e-05
 4.6028e-11 2.16494e-09 7.05105e-08 1.59019e-06 2.48331e-05 0.000268534 0.00201076 0.0104261 0.0374403 0.093157 0.1609 0.194324 0.168702 0.115387 0.0759378 0.0550815 0.0389398 0.0237527 0.0127275 0.00631668 0.00288196 0.00116246 0.000405852 0.000121069 3.02214e-05
 3.68502e-11 1.73325e-09 5.64509e-08 1.27311e-06 1.98815e-05 0.000214991 0.00160986 0.00834799 0.0299865 0.0746973 0.129606 0.159313 0.147316 0.120194 0.104522 0.0916967 0.0670549 0.0377444 0.0169543 0.0067403 0.0025868 0.00095424 0.000321026 9.41289e-05 2.32231e-05
 4.33851e-11 2.04063e-09 6.64618e-08 1.49888e-06 2.34072e-05 0.000253115 0.00189531 0.00982765 0.0352935 0.0878377 0.151865 0.18413 0.162182 0.115987 0.0830818 0.0648513 0.0472369 0.0288955 0.0151807 0.00713057 0.00293211 0.00101228 0.000292944 7.33246e-05 1.61418e-05
 4.01026e-11 1.88623e-09 6.14333e-08 1.38548e-06 2.16362e-05 0.000233965 0.00175193 0.00908443 0.032628 0.0812391 0.140697 0.171724 0.154907 0.11852 0.0944395 0.0787755 0.0571375 0.0328131 0.0154575 0.00656007 0.00263576 0.000967465 0.000306472 8.0664e-05 1.72642e-05
 3.88608e-11 1.82782e-09 5.9531e-08 1.34257e-06 2.09662e-05 0.000226721 0.00169768 0.00880321 0.0316189 0.0787353 0.136421 0.166791 0.151378 0.117778 0.0963251 0.082162 0.0609162 0.0362539 0.0180335 0.00803028 0.003231 0.00113179 0.000338856 8.69332e-05 1.89062e-05
 3.8756e-11 1.8229e-09 5.93705e-08 1.33896e-06 2.09097e-05 0.000226109 0.0016931 0.00877947 0.0315336 0.0785227 0.136051 0.16633 0.150936 0.117395 0.0960061 0.0820042 0.0610697 0.0367345 0.0186649 0.00858918 0.00359741 0.00131266 0.000405096 0.000104616 2.23577e-05
 4.20692e-11 1.97873e-09 6.4446e-08 1.45342e-06 2.26972e-05 0.000245439 0.00183783 0.00952971 0.0342249 0.0851918 0.147383 0.179136 0.159198 0.116849 0.0873988 0.0701956 0.0510771 0.0305004 0.0154629 0.00713225 0.0030171 0.00112303 0.000356992 9.54717e-05 2.10756e-05
 4.3204e-11 2.03211e-09 6.61844e-08 1.49263e-06 2.33095e-05 0.000252059 0.0018874 0.0097867 0.0351471 0.0874798 0.15129 0.183641 0.162414 0.117514 0.0856824 0.0671806 0.0478059 0.0275616 0.0131851 0.00567994 0.00228459 0.000831065 0.000263398 7.11527e-05 1.60129e-05
 3.96597e-11 1.8654e-09 6.07549e-08 1.37018e-06 2.13973e-05 0.000231382 0.00173258 0.00898414 0.0322682 0.0803475 0.139182 0.17001 0.153796 0.118583 0.0955948 0.0804128 0.0586081 0.0337989 0.015942 0.00667393 0.00257361 0.000888204 0.000266103 6.85468e-05 1.49885e-05
 4.11076e-11 1.9335e-09 6.29729e-08 1.4202e-06 2.21784e-05 0.000239829 0.00179582 0.00931197 0.0334439 0.0832572 0.144101 0.17545 0.156902 0.117235 0.0902414 0.0739545 0.0541278 0.0322151 0.0161228 0.00723823 0.0029271 0.00102181 0.000300533 7.44901e-05 1.55182e-05
 4.15136e-11 1.9526e-09 6.35949e-08 1.43423e-06 2.23975e-05 0.000242197 0.00181356 0.00940392 0.0337739 0.0840763 0.145503 0.177081 0.158113 0.117604 0.0898009 0.0729779 0.052873 0.0309248 0.0150858 0.00663773 0.00269774 0.000973442 0.000300081 7.74292e-05 1.64225e-05
 3.90444e-11 1.83646e-09 5.98124e-08 1.34892e-06 2.10653e-05 0.000227792 0.0017057 0.00884481 0.0317683 0.0791073 0.137065 0.167575 0.152078 0.118277 0.0966025 0.0821056 0.0603753 0.0353229 0.0170942 0.00740921 0.0029535 0.0010458 0.000318835 8.26264e-05 1.7893e-05
 3.52435e-11 1.65769e-09 5.39897e-08 1.21761e-06 1.90147e-05 0.000205617 0.00153967 0.00798411 0.0286804 0.0714525 0.124038 0.15276 0.142196 0.118014 0.105194 0.0945866 0.0716974 0.0433295 0.0220025 0.0100613 0.00415779 0.00148918 0.000451446 0.000115444 2.46841e-05
 3.2408e-11 1.52431e-09 4.96459e-08 1.11964e-06 1.74848e-05 0.000189075 0.00141581 0.00734198 0.0263762 0.0657366 0.114283 0.141535 0.134264 0.116579 0.109794 0.102334 0.079792 0.050328 0.0273284 0.0135026 0.00597044 0.00226133 0.000718871 0.000190448 4.14911e-05
 3.70377e-11 1.74207e-09 5.67382e-08 1.27959e-06 1.99827e-05 0.000216085 0.00161804 0.00839029 0.0301365 0.0750516 0.13009 0.159293 0.145367 0.11484 0.0963327 0.0845625 0.065475 0.0423386 0.0241278 0.0126567 0.00595821 0.00241319 0.000823707 0.000233581 5.39242e-05
 3.5858e-11 1.68659e-09 5.49311e-08 1.23884e-06 1.93462e-05 0.000209203 0.00156651 0.00812323 0.0291792 0.0726856 0.126113 0.155009 0.143317 0.116992 0.102202 0.0910403 0.0691981 0.0425029 0.0224535 0.0110633 0.0051267 0.00213657 0.000770054 0.000232977 5.74866e-05
 3.49649e-11 1.64458e-09 5.3563e-08 1.20798e-06 1.88644e-05 0.000203992 0.0015275 0.00792098 0.0284534 0.0708853 0.123041 0.151476 0.140829 0.116572 0.103737 0.0936668 0.0720398 0.0449826 0.0241898 0.0119314 0.00537151 0.00213452 0.000739162 0.000221187 5.57413e-05
 3.48102e-11 1.6373e-09 5.33259e-08 1.20263e-06 1.87809e-05 0.000203089 0.00152074 0.00788593 0.0283275 0.0705715 0.122496 0.150801 0.140192 0.116041 0.103324 0.0935051 0.0723309 0.0457242 0.0251004 0.0126869 0.00583018 0.00234078 0.000805951 0.00023592 5.78131e-05
 3.80175e-11 1.78816e-09 5.82392e-08 1.31344e-06 2.05113e-05 0.000221801 0.00166084 0.00861218 0.0309328 0.0770281 0.133471 0.16322 0.148264 0.115677 0.0952284 0.0822702 0.0626829 0.0395311 0.0217741 0.0110985 0.0051716 0.00211571 0.000743204 0.00022084 5.4368e-05
 3.66479e-11 1.72374e-09 5.61411e-08 1.26612e-06 1.97723e-05 0.00021381 0.00160102 0.00830209 0.0298209 0.074277 0.128826 0.158113 0.145454 0.117235 0.100709 0.0887509 0.0670292 0.040826 0.0212361 0.0102165 0.00459935 0.00186306 0.000657959 0.000198092 4.95433e-05
 3.53589e-11 1.66311e-09 5.41665e-08 1.22159e-06 1.90769e-05 0.00020629 0.00154471 0.0080102 0.0287735 0.0716791 0.124394 0.153023 0.14189 0.116682 0.102974 0.092501 0.0709376 0.0441423 0.023604 0.0115463 0.00513804 0.00200725 0.000679185 0.000198107 4.88687e-05
 3.62111e-11 1.7032e-09 5.5472e-08 1.25103e-06 1.95367e-05 0.000211262 0.00158194 0.00820316 0.0294655 0.073392 0.127291 0.156234 0.143745 0.115943 0.099883 0.0886972 0.0681788 0.0430206 0.0235923 0.0119042 0.00545229 0.00217609 0.000742055 0.00021418 5.15377e-05
 3.56063e-11 1.67475e-09 5.45454e-08 1.23014e-06 1.92104e-05 0.000207734 0.00155551 0.0080662 0.0289744 0.0721762 0.125234 0.153951 0.142416 0.116434 0.102006 0.0912743 0.0699702 0.0436734 0.023581 0.0117803 0.0054203 0.00220378 0.000771011 0.000227947 5.56914e-05
 3.46365e-11 1.62913e-09 5.30598e-08 1.19663e-06 1.86872e-05 0.000202076 0.00151315 0.0078466 0.0281864 0.0702223 0.121905 0.150144 0.139808 0.116177 0.103928 0.0942446 0.0728537 0.0459218 0.0250971 0.0126411 0.00581353 0.0023508 0.000820499 0.000244129 6.05318e-05
 3.40368e-11 1.60093e-09 5.21411e-08 1.17591e-06 1.83636e-05 0.000198577 0.00148696 0.00771079 0.027699 0.0690128 0.119837 0.14775 0.138063 0.115725 0.104679 0.0956788 0.0744914 0.0474905 0.0264104 0.0135625 0.00633924 0.00259378 0.000911699 0.000271976 6.75012e-05
 3.16526e-11 1.48878e-09 4.84887e-08 1.09354e-06 1.70773e-05 0.000184668 0.00138281 0.00717089 0.025762 0.0642107 0.111663 0.138443 0.131821 0.115457 0.109897 0.103299 0.0814073 0.0524204 0.0295466 0.0154208 0.00733251 0.00305523 0.0010937 0.000331457 8.32106e-05
#spawning biomass
 8675.26 7609.01 12973.1 19586.5 27758.5 35719.6 40081.2 47183.4 65354.2 98935.7 142046 183200 235933 268902 261722 222022 212823 211658 207155 206029 222712 246437 265222 285180 291967 277064 260789 202563 157557 38509 2179.85 2093.09 2093.09 2093.09 2093.09 2093.09 2093.09 2093.09 2093.09 2093.09 2093.09 2093.09 2093.09 2093.09 2093.09 2093.09 2093.09 2093.09 2093.09 2093.09 2093.09 2093.09 2093.09 2093.09 2093.09 2093.09 2093.09 2093.09 2093.09 2093.09 2093.09 2093.09 2093.09 2093.09 2093.09 2093.09 2093.09 2093.09 2093.09 2093.09 2093.09 2093.09 2093.09 2093.09 2093.09 2093.09 2093.09 2093.09 2093.09 2093.09 2093.09 2093.09 2093.09 2093.09 2093.09 2093.09 2093.09 2093.09 2093.09 2093.09 2093.09 2093.09 2093.09 2093.09 2093.09 2093.09 2093.09 2093.09 2093.09 2093.09 2093.09 2093.09 2093.09 2093.09 2093.09 2093.09 2093.09 2093.09 2093.09 2093.09 2093.09 2093.09 2093.09 2093.09 2093.09 2093.09 2093.09 2093.09 2093.09 2093.09 2093.09 2093.09 2093.09 2093.09 2093.09 2093.09 2093.09 2093.09 0 0 0 0 0 0 0 0 0 0 0 0 0 0 0 0 0 0 0 0 0 0 0 0 0
