SBPRF35
0.0394947
Curr Bio
990818
B35
322453
F35
4.92939
FOFL
4.92939
OFL
835296
Bzero
11284.2
#pred survey bio
 86397.4 49387.3 43161.7 45908.9 85547.2 150787 201750 246391 288674 313071 347039 298498 423039 359141 343556 376403 349644 382203 426259 361871 459283 452128 405345 519562 494074 482486 514528 498989 1.15812e+07 3.61124e+06 1.05028e+06 350254 157412 93982.3 72686 65787.2 63612.2 62937 62729.1 62665.3 62645.8 62639.8 62638 62637.4 62637.2 62637.2 62637.2 62637.1 62637.1 62637.1 62637.1 62637.1 62637.1 62637.1 62637.1 62637.1 62637.1 62637.1 62637.1 62637.1 62637.1 62637.1 62637.1 62637.1 62637.1 62637.1 62637.1 62637.1 62637.1 62637.1 62637.1 62637.1 62637.1 62637.1 62637.1 62637.1 62637.1 62637.1 62637.1 62637.1 62637.1 62637.1 62637.1 62637.1 62637.1 62637.1 62637.1 62637.1 62637.1 62637.1 62637.1 62637.1 62637.1 62637.1 62637.1 62637.1 62637.1 62637.1 62637.1 62637.1 62637.1 62637.1 62637.1 62637.1 62637.1 62637.1 62637.1 62637.1 62637.1 62637.1 62637.1 62637.1 62637.1 62637.1 62637.1 62637.1 62637.1 62637.1 62637.1 62637.1 62637.1 62637.1 62637.1 62637.1 62637.1 62637.1 62637.1 62637.1 0 0 0 0 0 0 0 0 0 0 0 0 0 0 0 0 0 0 0 0 0 0 0 0 0
#obs survey bio
 91454.2 50724.5 39934 55686.9 96028 126101 186217 260486 258618 329695 355342 291100 463600 380915 255569 381641 324095 328051 427370 338285 571666 546028 360503 524922 424491 462598 596198 558260
#pred catch bio
 34649.9 13732.3 14106.7 8605.81 15374.8 26194.7 34386 62074.9 91745.3 113866 130660 133700 181607 175936 184060 183292 184211 190196 168998 184981 194004 176215 196972 183641 239698 186827 214141 234559 835296 211034 31769.9 6034.1 4462.35 4422.58 4422.12 4422.12 4422.12 4422.12 4422.12 4422.12 4422.12 4422.12 4422.12 4422.12 4422.12 4422.12 4422.12 4422.12 4422.12 4422.12 4422.12 4422.12 4422.12 4422.12 4422.12 4422.12 4422.12 4422.12 4422.12 4422.12 4422.12 4422.12 4422.12 4422.12 4422.12 4422.12 4422.12 4422.12 4422.12 4422.12 4422.12 4422.12 4422.12 4422.12 4422.12 4422.12 4422.12 4422.12 4422.12 4422.12 4422.12 4422.12 4422.12 4422.12 4422.12 4422.12 4422.12 4422.12 4422.12 4422.12 4422.12 4422.12 4422.12 4422.12 4422.12 4422.12 4422.12 4422.12 4422.12 4422.12 4422.12 4422.12 4422.12 4422.12 4422.12 4422.12 4422.12 4422.12 4422.12 4422.12 4422.12 4422.12 4422.12 4422.12 4422.12 4422.12 4422.12 4422.12 4422.12 4422.12 4422.12 4422.12 4422.12 4422.12 4422.12 4422.12 4422.12 4422.12 0 0 0 0 0 0 0 0 0 0 0 0 0 0 0 0 0 0 0 0 0 0 0 0 0
#obs catch bio
 14242.1 13388.6 14375.2 8541.21 15336.2 26283.3 33944.9 62351.7 91954.7 114042 130763 134049 181989 175991 185206 182859 184850 190989 167344 187022 193603 175309 199802 180524 244157 184836 213960 235486
#pred cpue bio
 87372.7 49721.4 44437.7 46624.7 79517.4 137266 183439 225238 265213 288794 320408 275081 386722 327384 313523 342055 317876 348300 389177 331015 420734 414357 370524 474462 451718 440195 470324 456170 1.05894e+07 3.49045e+06 1.08275e+06 368818 160258 89883.4 66291 58769 56444.4 55736 55521 55455.7 55435.9 55429.8 55428 55427.4 55427.2 55427.2 55427.2 55427.2 55427.2 55427.2 55427.2 55427.2 55427.2 55427.2 55427.2 55427.2 55427.2 55427.2 55427.2 55427.2 55427.2 55427.2 55427.2 55427.2 55427.2 55427.2 55427.2 55427.2 55427.2 55427.2 55427.2 55427.2 55427.2 55427.2 55427.2 55427.2 55427.2 55427.2 55427.2 55427.2 55427.2 55427.2 55427.2 55427.2 55427.2 55427.2 55427.2 55427.2 55427.2 55427.2 55427.2 55427.2 55427.2 55427.2 55427.2 55427.2 55427.2 55427.2 55427.2 55427.2 55427.2 55427.2 55427.2 55427.2 55427.2 55427.2 55427.2 55427.2 55427.2 55427.2 55427.2 55427.2 55427.2 55427.2 55427.2 55427.2 55427.2 55427.2 55427.2 55427.2 55427.2 55427.2 55427.2 55427.2 55427.2 55427.2 55427.2 55427.2 0 0 0 0 0 0 0 0 0 0 0 0 0 0 0 0 0 0 0 0 0 0 0 0 0
#obs cpue bio
 55852.1 53634.7 31525.9 41214.6 86964.2 170292 204068 212749 297989 261040 347670 221477 441118 289369 394926 364875 321186 393010 442328 292220 377469 358959 349263 553085 494349 453094 425250 396201
#pred surv len freq
 2.05161e-11 9.6498e-10 3.14288e-08 7.08797e-07 1.10689e-05 0.000119695 0.000896285 0.00464783 0.0166966 0.0416053 0.072282 0.0892969 0.0840829 0.0721987 0.0689881 0.0702584 0.0679601 0.0634077 0.0595481 0.0564872 0.054555 0.0537287 0.0512022 0.0429645 0.0290619
 1.51935e-11 7.1463e-10 2.3275e-08 5.2491e-07 8.19726e-06 8.8643e-05 0.000663788 0.00344267 0.0123742 0.0309036 0.0541607 0.0691259 0.0721537 0.0762875 0.0885479 0.0974653 0.09434 0.0848465 0.0749509 0.0647751 0.0543309 0.0445796 0.0353776 0.0257304 0.0158463
 6.62475e-12 3.11597e-10 1.01485e-08 2.28875e-07 3.57423e-06 3.86515e-05 0.000289454 0.00150162 0.00540299 0.013549 0.0241248 0.032573 0.039614 0.0528438 0.0738801 0.0941541 0.108137 0.115779 0.114024 0.100935 0.0810572 0.0602522 0.0415945 0.026081 0.0141644
 2.913e-11 1.37014e-09 4.46245e-08 1.00639e-06 1.57163e-05 0.000169949 0.00127255 0.00659826 0.0236925 0.0589316 0.101658 0.12218 0.104242 0.0679428 0.042853 0.0377581 0.0462817 0.0602554 0.0718189 0.0746805 0.0668314 0.0512143 0.0336312 0.0189367 0.0090341
 4.47481e-11 2.10474e-09 6.85499e-08 1.54597e-06 2.41425e-05 0.000261067 0.00195483 0.010136 0.0363964 0.0905403 0.156246 0.188067 0.161205 0.105774 0.0636367 0.0422482 0.0295009 0.020727 0.0174403 0.0181978 0.0188556 0.0166771 0.0119956 0.00692503 0.00318949
 3.81916e-11 1.79635e-09 5.85059e-08 1.31945e-06 2.06052e-05 0.000222816 0.00166844 0.00865155 0.0310733 0.0773696 0.134005 0.1636 0.147734 0.113443 0.0912395 0.0776029 0.0587366 0.0370368 0.0209643 0.0122677 0.00837911 0.00653465 0.0049044 0.00305991 0.00148564
 3.97934e-11 1.87169e-09 6.09597e-08 1.37479e-06 2.14694e-05 0.000232161 0.00173841 0.00901411 0.0323724 0.0805737 0.139346 0.169143 0.149639 0.108639 0.0807843 0.0674641 0.0554116 0.0415426 0.0284927 0.0174514 0.00934803 0.00463029 0.00235198 0.00122585 0.000577101
 3.81235e-11 1.79315e-09 5.84017e-08 1.3171e-06 2.05685e-05 0.000222419 0.00166547 0.00863602 0.0310162 0.0772146 0.133649 0.162756 0.145682 0.109315 0.0854785 0.0730726 0.058948 0.0427454 0.029315 0.0191914 0.0113772 0.00582962 0.00255076 0.000975363 0.000337839
 3.7162e-11 1.74792e-09 5.69287e-08 1.28388e-06 2.00497e-05 0.000216809 0.00162346 0.00841823 0.0302344 0.0752726 0.130316 0.158834 0.142619 0.108014 0.0858894 0.0748076 0.0616801 0.0459058 0.0320223 0.0209442 0.0123902 0.00645987 0.00290204 0.00109177 0.000336843
 3.63483e-11 1.70965e-09 5.56822e-08 1.25577e-06 1.96107e-05 0.000212062 0.00158791 0.00823395 0.029573 0.0736308 0.127506 0.155563 0.14018 0.107231 0.0866161 0.076371 0.0635298 0.0478326 0.0339155 0.0225791 0.0135428 0.00710649 0.00319642 0.00120248 0.000368618
 3.65357e-11 1.71846e-09 5.59693e-08 1.26225e-06 1.97118e-05 0.000213155 0.0015961 0.00827638 0.0297251 0.0740063 0.128135 0.15623 0.140461 0.106783 0.0855035 0.0751096 0.0627049 0.0476455 0.0341765 0.023012 0.0139599 0.00741053 0.00336599 0.00127359 0.000390799
 3.69574e-11 1.7383e-09 5.66154e-08 1.27682e-06 1.99393e-05 0.000215616 0.00161452 0.0083719 0.0300679 0.0748577 0.129594 0.157938 0.141765 0.107271 0.0852178 0.0742979 0.0615687 0.0463682 0.033015 0.0221843 0.0134976 0.00720416 0.00329163 0.0012521 0.000385735
 3.92009e-11 1.84382e-09 6.00522e-08 1.35433e-06 2.11498e-05 0.000228705 0.00171253 0.00887995 0.031891 0.0793796 0.137308 0.166801 0.147983 0.108292 0.0814663 0.0682336 0.0555515 0.0414106 0.0291968 0.019431 0.0117261 0.00622592 0.00284088 0.00108281 0.000334849
 3.85725e-11 1.81427e-09 5.90895e-08 1.33262e-06 2.08107e-05 0.000225039 0.00168508 0.00873771 0.0313812 0.0781213 0.135204 0.164585 0.147109 0.109934 0.0853707 0.0725212 0.0581065 0.0416026 0.027927 0.0178686 0.0104954 0.00545738 0.00244627 0.000918684 0.000280871
 3.81293e-11 1.79342e-09 5.84106e-08 1.3173e-06 2.05716e-05 0.000222453 0.00166572 0.00863733 0.0310209 0.0772265 0.133671 0.162789 0.145736 0.10943 0.0857452 0.0736178 0.0597684 0.0434734 0.0293992 0.0185394 0.0105072 0.00522389 0.00224606 0.000815894 0.000243095
 3.96661e-11 1.8657e-09 6.07647e-08 1.3704e-06 2.14007e-05 0.000231418 0.00173285 0.00898531 0.0322694 0.0803215 0.138938 0.168781 0.149739 0.109554 0.082301 0.0686091 0.0552385 0.0403057 0.0275007 0.0175213 0.00998908 0.00493933 0.00207962 0.000730403 0.000209313
 3.88172e-11 1.82577e-09 5.94643e-08 1.34107e-06 2.09427e-05 0.000226466 0.00169577 0.00879311 0.0315801 0.0786157 0.136055 0.165598 0.147938 0.110389 0.0855059 0.0724571 0.0578868 0.0412028 0.0273298 0.0171276 0.00974523 0.00484824 0.00205502 0.000722723 0.000205535
 3.83399e-11 1.80332e-09 5.87331e-08 1.32458e-06 2.06852e-05 0.000223681 0.00167492 0.00868501 0.031192 0.0776515 0.134398 0.16364 0.146382 0.109665 0.0856079 0.0732686 0.0593379 0.0430215 0.0289575 0.0181364 0.0101654 0.00496208 0.00207537 0.000726339 0.000206691
 3.81929e-11 1.79641e-09 5.8508e-08 1.3195e-06 2.06059e-05 0.000222824 0.00166849 0.00865172 0.0310724 0.0773535 0.133881 0.163003 0.145793 0.10919 0.0852308 0.0730488 0.0594192 0.0434761 0.0296898 0.0189259 0.0107908 0.0053287 0.00223397 0.000777592 0.00021949
 3.79278e-11 1.78394e-09 5.81019e-08 1.31034e-06 2.04629e-05 0.000221277 0.00165692 0.00859168 0.0308569 0.0768184 0.132964 0.161928 0.144964 0.108858 0.0853444 0.0734176 0.0599033 0.0440314 0.0302992 0.0195382 0.0113211 0.00570476 0.00244355 0.00086688 0.000248112
 3.75243e-11 1.76497e-09 5.74838e-08 1.2964e-06 2.02452e-05 0.000218923 0.00163929 0.00850031 0.0305291 0.0760052 0.131577 0.160337 0.143856 0.108697 0.0860524 0.0745389 0.0609941 0.0448986 0.0309356 0.0199815 0.0116126 0.00588438 0.00254304 0.000912969 0.000264871
 3.77585e-11 1.77598e-09 5.78424e-08 1.30449e-06 2.03715e-05 0.000220289 0.00164952 0.00855331 0.0307191 0.0764751 0.132368 0.161196 0.144291 0.108328 0.0849542 0.0732584 0.0601342 0.0446567 0.0311042 0.0202752 0.0118686 0.00605518 0.00263655 0.000954944 0.000279991
 3.85807e-11 1.81465e-09 5.9102e-08 1.3329e-06 2.08151e-05 0.000225086 0.00168543 0.00873951 0.0313872 0.0781323 0.135196 0.164445 0.146571 0.108698 0.0835476 0.0709321 0.0577298 0.0426146 0.0295969 0.0193494 0.0114203 0.00588893 0.00259133 0.000947558 0.000280321
 3.83026e-11 1.80157e-09 5.86761e-08 1.32329e-06 2.06651e-05 0.000223464 0.00167329 0.00867657 0.0311616 0.0775752 0.134262 0.163453 0.146146 0.109339 0.0851508 0.0727208 0.0588292 0.0427478 0.0291104 0.0187234 0.0109351 0.0056095 0.00246734 0.000905071 0.000269087
 3.8207e-11 1.79707e-09 5.85295e-08 1.31999e-06 2.06135e-05 0.000222906 0.00166911 0.00865489 0.0310837 0.0773803 0.133919 0.16301 0.145672 0.108838 0.0846569 0.0724554 0.0590611 0.0434518 0.0299285 0.0193159 0.0112334 0.00572409 0.00250686 0.000919707 0.000274655
 3.86022e-11 1.81566e-09 5.9135e-08 1.33364e-06 2.08267e-05 0.000225212 0.00168638 0.00874441 0.031405 0.0781782 0.135286 0.164608 0.146885 0.109277 0.08437 0.071701 0.0580563 0.0423633 0.0289472 0.0185861 0.0107632 0.00544354 0.00235363 0.000849173 0.000249231
 3.80674e-11 1.79051e-09 5.83157e-08 1.31516e-06 2.05382e-05 0.000222092 0.00166301 0.0086233 0.0309704 0.0771004 0.133448 0.162501 0.145423 0.109078 0.0853329 0.0732141 0.0595218 0.043521 0.0297886 0.0191636 0.0111321 0.00565785 0.0024612 0.000892764 0.000262775
 3.82103e-11 1.79723e-09 5.85346e-08 1.3201e-06 2.06153e-05 0.000222925 0.00166925 0.00865564 0.0310864 0.0773871 0.133931 0.163025 0.145687 0.108851 0.0846692 0.0724626 0.0590611 0.0434514 0.0299365 0.0193257 0.0112266 0.00569621 0.00247349 0.000896368 0.000263815
#obs surv len freq
 2.72919e-11 1.28368e-09 4.18086e-08 9.4289e-07 1.47246e-05 0.000159226 0.00119228 0.00618253 0.0222065 0.0553017 0.0958497 0.117344 0.107088 0.085062 0.0738097 0.0717745 0.0692425 0.0647868 0.0592449 0.0517383 0.0425248 0.0326672 0.0228601 0.0139285 0.00702166
 5.53861e-12 2.6051e-10 8.48464e-09 1.91351e-07 2.98827e-06 3.2316e-05 0.000242043 0.00125637 0.00453061 0.0114602 0.0210754 0.0315154 0.0471059 0.0756079 0.109833 0.127211 0.11937 0.101496 0.087279 0.0766019 0.0651516 0.0513144 0.0361142 0.0218724 0.0109277
 1.71953e-14 8.08803e-13 2.63445e-11 5.94338e-10 9.29409e-09 1.01046e-07 7.72782e-07 4.34004e-06 2.03406e-05 9.7724e-05 0.000493638 0.00216609 0.00727878 0.0185336 0.0379108 0.0671649 0.10501 0.138856 0.151096 0.139518 0.11655 0.0910677 0.0647437 0.0396307 0.0198573
 5.25234e-11 2.47045e-09 8.04609e-08 1.8146e-06 2.83375e-05 0.000306428 0.00229447 0.0118966 0.0427119 0.106184 0.182793 0.217895 0.179868 0.10289 0.0411031 0.0125607 0.00580805 0.00794844 0.0127578 0.0168681 0.0179705 0.0157484 0.0115969 0.00716145 0.00360573
 3.28987e-11 1.54739e-09 5.03976e-08 1.13659e-06 1.77496e-05 0.000191938 0.00143725 0.0074532 0.0267764 0.0667405 0.116071 0.143946 0.137129 0.119955 0.112843 0.102126 0.0732671 0.0385205 0.0159605 0.00810529 0.00755957 0.00794666 0.00687037 0.0046453 0.00243572
 4.26416e-11 2.00566e-09 6.53229e-08 1.4732e-06 2.30061e-05 0.000248778 0.00186282 0.00965901 0.0346855 0.0863005 0.149044 0.179948 0.156089 0.106778 0.0715472 0.0562664 0.0477446 0.0385535 0.0275725 0.0163384 0.00806631 0.00402975 0.00254884 0.00172371 0.000968446
 3.59354e-11 1.69023e-09 5.50496e-08 1.24151e-06 1.93879e-05 0.000209654 0.00156989 0.00814059 0.0292397 0.0728185 0.126222 0.154569 0.141097 0.11156 0.0937412 0.0826115 0.0648553 0.0440144 0.0284632 0.0185923 0.0114445 0.00611693 0.00285947 0.00128123 0.000572672
 3.91901e-11 1.84331e-09 6.00355e-08 1.35395e-06 2.11439e-05 0.000228641 0.00171205 0.00887746 0.0318818 0.0793535 0.137242 0.166623 0.147517 0.107344 0.0801904 0.0673686 0.0558405 0.0426518 0.0303742 0.0199231 0.0117965 0.00630926 0.00302031 0.00126354 0.00045907
 3.44851e-11 1.62201e-09 5.28279e-08 1.1914e-06 1.86055e-05 0.000201192 0.00150653 0.00781209 0.0280601 0.0698848 0.121163 0.148501 0.135981 0.108488 0.0926882 0.0836239 0.0682427 0.0491882 0.0337298 0.0226573 0.0142465 0.0079809 0.0038721 0.00159853 0.000553193
 3.73247e-11 1.75557e-09 5.71778e-08 1.2895e-06 2.01375e-05 0.000217758 0.00163056 0.008455 0.0303657 0.0755906 0.130808 0.159159 0.142036 0.105782 0.0821619 0.0711047 0.0598276 0.0464179 0.0340038 0.0232994 0.0145411 0.0081762 0.00406799 0.00172832 0.000604813
 3.53541e-11 1.66289e-09 5.41592e-08 1.22143e-06 1.90743e-05 0.000206262 0.00154449 0.00800884 0.0287657 0.0716301 0.124108 0.151732 0.137729 0.107406 0.0890101 0.0791438 0.0649235 0.0477325 0.0336583 0.0232845 0.0151352 0.00883848 0.00449594 0.00193865 0.000688946
 3.72519e-11 1.75215e-09 5.70664e-08 1.28699e-06 2.00982e-05 0.000217334 0.00162739 0.00843855 0.030307 0.0754474 0.130581 0.158979 0.14218 0.106502 0.0833325 0.0720617 0.0598463 0.0454751 0.0328082 0.0225387 0.0143629 0.0083465 0.00431851 0.00191256 0.000696486
 4.08411e-11 1.92097e-09 6.25646e-08 1.41099e-06 2.20346e-05 0.000238273 0.00178417 0.00925137 0.0332239 0.0826861 0.142953 0.173304 0.152602 0.10917 0.0787912 0.0634927 0.0502129 0.0364604 0.025425 0.0173323 0.0111358 0.00650619 0.00336433 0.00149349 0.00054984
 3.59179e-11 1.68941e-09 5.50228e-08 1.2409e-06 1.93785e-05 0.000209552 0.00156912 0.00813661 0.0292251 0.0727795 0.126136 0.154383 0.140673 0.110754 0.0927302 0.0820917 0.0654222 0.0452178 0.0291594 0.0184687 0.0112867 0.00642874 0.00329947 0.0014661 0.00054175
 3.97288e-11 1.86865e-09 6.08607e-08 1.37256e-06 2.14345e-05 0.000231784 0.00173558 0.00899947 0.0323198 0.0804415 0.13911 0.168824 0.149248 0.108105 0.0800071 0.0664377 0.0543215 0.0408539 0.0287896 0.0188426 0.0111552 0.00596874 0.00289316 0.00124058 0.000451109
 3.93438e-11 1.85054e-09 6.0271e-08 1.35926e-06 2.12268e-05 0.000229538 0.00171877 0.00891237 0.0320082 0.0796777 0.137869 0.167692 0.149438 0.110683 0.0845623 0.0705603 0.0553889 0.0386763 0.025598 0.0166744 0.0102799 0.0057031 0.00276154 0.00114503 0.000399066
 3.77659e-11 1.77633e-09 5.78537e-08 1.30475e-06 2.03755e-05 0.000220333 0.00164984 0.00855504 0.030726 0.0764975 0.132445 0.161467 0.145098 0.110066 0.0874641 0.0753793 0.0604667 0.0429283 0.0283938 0.0179436 0.0105972 0.00573157 0.00277879 0.0011642 0.000405395
 3.84222e-11 1.8072e-09 5.88592e-08 1.32742e-06 2.07296e-05 0.000224162 0.00167851 0.00870363 0.0312587 0.0778141 0.134658 0.163856 0.146251 0.108887 0.0841814 0.0716378 0.0581009 0.042533 0.0292607 0.0190535 0.011357 0.00606683 0.00287108 0.00117798 0.000405942
 3.76513e-11 1.77094e-09 5.76782e-08 1.30079e-06 2.03137e-05 0.000219664 0.00164484 0.00852907 0.0306326 0.0762628 0.132025 0.160892 0.144377 0.109104 0.0862539 0.0742655 0.0599831 0.0433691 0.0296228 0.0194896 0.0119149 0.00653527 0.0031366 0.0012842 0.000437026
 3.71949e-11 1.74947e-09 5.69791e-08 1.28502e-06 2.00675e-05 0.000217001 0.0016249 0.0084257 0.0302615 0.0753409 0.130442 0.159024 0.142903 0.10844 0.0863653 0.0749749 0.0611644 0.0448069 0.0309421 0.0204229 0.0124886 0.00689466 0.00335926 0.00139923 0.000481657
 3.70287e-11 1.74165e-09 5.67245e-08 1.27928e-06 1.99778e-05 0.000216032 0.00161764 0.00838806 0.0301263 0.0750046 0.129861 0.158323 0.142298 0.108037 0.0861388 0.0749105 0.0613179 0.0452176 0.0315519 0.0210829 0.0130407 0.00726362 0.00356485 0.00149765 0.000521203
 3.79003e-11 1.78265e-09 5.80597e-08 1.30939e-06 2.0448e-05 0.000221117 0.00165571 0.00858543 0.0308344 0.0767601 0.13285 0.16173 0.144594 0.108164 0.0842659 0.0721304 0.0587313 0.0433035 0.0303022 0.0203688 0.0127164 0.00716542 0.00355833 0.00151074 0.000530702
 3.8345e-11 1.80356e-09 5.87409e-08 1.32476e-06 2.0688e-05 0.000223711 0.00167514 0.00868615 0.031196 0.0776591 0.134397 0.163572 0.146103 0.108978 0.0844168 0.071706 0.0577234 0.0418296 0.0287352 0.0191005 0.0119012 0.00673746 0.00337497 0.00144815 0.000514246
 3.76131e-11 1.76914e-09 5.76198e-08 1.29947e-06 2.02931e-05 0.000219441 0.00164317 0.00852042 0.0306015 0.0761855 0.131891 0.16073 0.144238 0.109014 0.0862156 0.0742862 0.0600615 0.0434485 0.0296273 0.0194395 0.0119267 0.0066682 0.00332241 0.00142819 0.000510464
 3.82979e-11 1.80135e-09 5.86688e-08 1.32313e-06 2.06626e-05 0.000223437 0.00167308 0.00867549 0.0311578 0.0775639 0.134233 0.163376 0.145941 0.108895 0.0844434 0.0718993 0.0581253 0.0423368 0.0290996 0.0191489 0.0116959 0.00647084 0.00318345 0.00135433 0.000481488
 3.82108e-11 1.79725e-09 5.85353e-08 1.32012e-06 2.06156e-05 0.000222928 0.00166928 0.00865576 0.0310871 0.0773894 0.133942 0.163068 0.145819 0.109117 0.0849622 0.072432 0.0583705 0.0422514 0.0288898 0.0190084 0.0116517 0.0064612 0.00317026 0.00133877 0.000471597
 3.68214e-11 1.7319e-09 5.6407e-08 1.27212e-06 1.9866e-05 0.000214823 0.00160859 0.00834115 0.0299583 0.0745908 0.129176 0.157633 0.142142 0.108876 0.087878 0.076761 0.0623622 0.045162 0.0307839 0.0201547 0.0122965 0.00680137 0.00333559 0.00140776 0.000494535
 3.87586e-11 1.82302e-09 5.93744e-08 1.33904e-06 2.09111e-05 0.000226124 0.0016932 0.00877978 0.0315317 0.0784889 0.135794 0.165086 0.146863 0.108319 0.0825183 0.0696314 0.0566038 0.041895 0.029333 0.0195388 0.0119838 0.0066184 0.0032346 0.00136111 0.000477153
#pred catch len freq
 1.91472e-11 9.00592e-10 2.93317e-08 6.61503e-07 1.03303e-05 0.000111709 0.000836485 0.00433778 0.0155837 0.0388407 0.0675375 0.0837121 0.0797128 0.0702922 0.0693625 0.07219 0.0710192 0.0673848 0.0640292 0.0607917 0.0579198 0.0555112 0.0512374 0.0418345 0.0277437
 1.36308e-11 6.41129e-10 2.08812e-08 4.70922e-07 7.35416e-06 7.95261e-05 0.000595523 0.00308871 0.0111034 0.0277434 0.0487151 0.0626104 0.0667049 0.0730648 0.0873242 0.0978586 0.0964491 0.0886759 0.079908 0.0699191 0.0587989 0.0477954 0.0371855 0.0264238 0.0159481
 5.78754e-12 2.72218e-10 8.86598e-09 1.9995e-07 3.12254e-06 3.3767e-05 0.000252879 0.00131195 0.00472164 0.0118512 0.021175 0.0289299 0.0361983 0.0500082 0.0715584 0.0927902 0.108626 0.118452 0.11822 0.105505 0.0849264 0.0627494 0.0426474 0.0261554 0.0138833
 2.62564e-11 1.23497e-09 4.02223e-08 9.07112e-07 1.41659e-05 0.000153183 0.00114702 0.00594737 0.0213556 0.0531222 0.0916584 0.110268 0.0944424 0.0624749 0.0411554 0.0386138 0.0493756 0.0657922 0.0795747 0.0835825 0.0752238 0.0576638 0.0376463 0.0209496 0.00983859
 4.30554e-11 2.02512e-09 6.59569e-08 1.48749e-06 2.32293e-05 0.000251192 0.00188089 0.00975266 0.0350205 0.0871237 0.150392 0.18122 0.155986 0.103783 0.0644643 0.0444218 0.0318755 0.0231167 0.0202547 0.0216659 0.0226086 0.0199756 0.0142891 0.00817409 0.00371948
 3.65091e-11 1.71721e-09 5.59286e-08 1.26133e-06 1.96975e-05 0.000213001 0.00159495 0.00827054 0.0297061 0.0739784 0.128219 0.156952 0.143067 0.112663 0.0940093 0.0820349 0.0630034 0.040358 0.0233744 0.0140439 0.00978346 0.00768162 0.00574963 0.00356242 0.00171432
 3.80578e-11 1.79006e-09 5.83011e-08 1.31483e-06 2.0533e-05 0.000222036 0.00166259 0.00862107 0.0309619 0.0770731 0.133361 0.162208 0.144572 0.107291 0.0829007 0.0715587 0.0601146 0.0460483 0.0322321 0.0200472 0.0108562 0.00541395 0.00274876 0.00142209 0.000663285
 3.6461e-11 1.71495e-09 5.58548e-08 1.25966e-06 1.96715e-05 0.00021272 0.00159284 0.0082595 0.029665 0.0738616 0.127919 0.156126 0.140875 0.108117 0.0876081 0.076987 0.0632418 0.0467518 0.0327463 0.0218006 0.0130595 0.00672477 0.0029387 0.00111307 0.000378926
 3.5564e-11 1.67276e-09 5.44808e-08 1.22868e-06 1.91876e-05 0.000207487 0.00155366 0.00805635 0.0289358 0.0720498 0.124807 0.152453 0.13797 0.106802 0.0878583 0.0785315 0.0658588 0.0498661 0.0353939 0.0234508 0.0139803 0.00731451 0.00328452 0.00122992 0.000375888
 3.47934e-11 1.63651e-09 5.33002e-08 1.20205e-06 1.87718e-05 0.000202991 0.00151999 0.00788182 0.0283093 0.0704946 0.122145 0.149351 0.135644 0.106022 0.0884877 0.0799499 0.0675734 0.0517004 0.0372429 0.0250729 0.0151259 0.00794887 0.0035671 0.00133455 0.00040585
 3.50356e-11 1.64791e-09 5.36713e-08 1.21042e-06 1.89025e-05 0.000204404 0.00153057 0.00793666 0.028506 0.0709807 0.122963 0.150235 0.13608 0.105609 0.0872969 0.0785521 0.0666045 0.0513848 0.0373982 0.025428 0.015494 0.00822633 0.00372367 0.00139986 0.000425853
 3.55413e-11 1.67169e-09 5.44459e-08 1.22789e-06 1.91753e-05 0.000207354 0.00155266 0.00805118 0.028917 0.0720016 0.124713 0.152289 0.137662 0.106234 0.0870179 0.0776469 0.0652881 0.0498607 0.0359742 0.024378 0.0148767 0.00792907 0.0036048 0.00136056 0.000415093
 3.79064e-11 1.78294e-09 5.80691e-08 1.3096e-06 2.04513e-05 0.000221152 0.00165598 0.0085868 0.030839 0.0767692 0.132849 0.161648 0.144269 0.107425 0.0832324 0.0714107 0.0590035 0.044571 0.0318113 0.0213302 0.0128981 0.0068314 0.00309839 0.00117064 0.000358218
 3.73706e-11 1.75774e-09 5.72483e-08 1.29109e-06 2.01623e-05 0.000218027 0.00163258 0.00846552 0.0304045 0.0756984 0.131069 0.159825 0.143738 0.109302 0.0872708 0.0757135 0.0614071 0.0444483 0.0301529 0.0194143 0.0114103 0.00590872 0.002628 0.000976608 0.000294957
 3.69711e-11 1.73894e-09 5.66363e-08 1.27729e-06 1.99467e-05 0.000215696 0.00161512 0.00837503 0.0300797 0.0748916 0.129685 0.158201 0.142485 0.108818 0.087579 0.0767185 0.0630049 0.0462833 0.0315795 0.0200083 0.0113335 0.005606 0.0023892 0.000857915 0.00025225
 3.84925e-11 1.8105e-09 5.89669e-08 1.32985e-06 2.07675e-05 0.000224572 0.00168158 0.00871954 0.0313157 0.0779555 0.134899 0.164127 0.146429 0.108898 0.0841021 0.0716909 0.0584802 0.0431526 0.0297461 0.0190662 0.0108808 0.00536361 0.0022436 0.000780603 0.000221111
 3.76674e-11 1.7717e-09 5.7703e-08 1.30135e-06 2.03224e-05 0.000219758 0.00164554 0.00853274 0.0306458 0.0762982 0.132101 0.16105 0.144735 0.109834 0.0873994 0.0755891 0.061091 0.0439231 0.0294137 0.0185367 0.0105508 0.00522885 0.0022008 0.000766686 0.000215593
 3.71141e-11 1.74567e-09 5.68554e-08 1.28223e-06 2.00239e-05 0.00021653 0.00162137 0.00840743 0.030196 0.0751804 0.13018 0.15878 0.142929 0.10899 0.0875064 0.0765084 0.0627418 0.0460018 0.0312923 0.0197265 0.0110725 0.00539028 0.00224094 0.000777612 0.000219026
 3.6819e-11 1.73179e-09 5.64034e-08 1.27204e-06 1.98647e-05 0.000214809 0.00160848 0.00834059 0.029956 0.0745834 0.12915 0.157541 0.141872 0.108319 0.0871828 0.0765056 0.0631437 0.0468459 0.0324305 0.0208694 0.0119511 0.00590416 0.00246814 0.000854203 0.000239218
 3.66766e-11 1.72509e-09 5.61852e-08 1.26711e-06 1.97878e-05 0.000213978 0.00160226 0.00830833 0.0298402 0.0742957 0.128656 0.156959 0.141414 0.108109 0.0871897 0.0766307 0.063325 0.0470837 0.032747 0.0212512 0.012329 0.00619533 0.00263802 0.000928087 0.000262967
 3.61498e-11 1.70031e-09 5.53781e-08 1.24891e-06 1.95036e-05 0.000210904 0.00157925 0.00818903 0.0294121 0.0732336 0.126843 0.154868 0.139923 0.107801 0.0879687 0.0779597 0.0646977 0.0482701 0.0336978 0.0219579 0.012807 0.00648618 0.00279237 0.000995997 0.000286558
 3.63415e-11 1.70933e-09 5.56718e-08 1.25554e-06 1.9607e-05 0.000212023 0.00158762 0.00823243 0.0295676 0.0736177 0.127486 0.155551 0.140212 0.107349 0.0868465 0.0767054 0.0639171 0.0481549 0.0340128 0.0223833 0.0131595 0.00671535 0.00291476 0.00104944 0.000305262
 3.73071e-11 1.75475e-09 5.7151e-08 1.2889e-06 2.0128e-05 0.000217656 0.0016298 0.00845109 0.0303523 0.0755643 0.13081 0.159382 0.142941 0.107899 0.085369 0.0741423 0.0611732 0.0457173 0.0321191 0.0211461 0.0125021 0.00643056 0.00281309 0.00101996 0.000298665
 3.68468e-11 1.7331e-09 5.64459e-08 1.27299e-06 1.98797e-05 0.000214971 0.00160969 0.00834688 0.0299786 0.0746396 0.129247 0.15766 0.141978 0.108384 0.0871671 0.0763177 0.0627114 0.0462762 0.0320153 0.0208322 0.0122415 0.00629065 0.00276173 0.00100812 0.000297621
 3.69695e-11 1.73887e-09 5.66339e-08 1.27724e-06 1.99459e-05 0.000215687 0.00161505 0.00837466 0.0300781 0.0748855 0.129659 0.158096 0.142161 0.108098 0.0864841 0.0756361 0.0624484 0.0464718 0.0323468 0.0210047 0.0122259 0.00620788 0.00269969 0.000980902 0.000289616
 3.71985e-11 1.74964e-09 5.69847e-08 1.28515e-06 2.00694e-05 0.000217023 0.00162506 0.00842652 0.0302643 0.0753478 0.130452 0.159025 0.142872 0.10837 0.0863383 0.0751989 0.0618275 0.0457828 0.0317468 0.0205975 0.0119892 0.00606881 0.00261687 0.000938718 0.000273304
 3.67075e-11 1.72654e-09 5.62324e-08 1.26818e-06 1.98045e-05 0.000214158 0.00160361 0.00831532 0.0298653 0.0743583 0.128765 0.157094 0.141543 0.108217 0.0872664 0.0766307 0.0631927 0.0468342 0.0324854 0.0210877 0.0122953 0.00624557 0.00270592 0.000974809 0.000284376
 3.69381e-11 1.73739e-09 5.65857e-08 1.27615e-06 1.99289e-05 0.000215503 0.00161368 0.00836753 0.0300525 0.074822 0.129551 0.15797 0.142068 0.108072 0.0865188 0.0757036 0.0625273 0.0465594 0.0324419 0.0210885 0.0122716 0.00621068 0.0026809 0.000963183 0.000280529
#obs catch len freq
 2.10392e-11 9.89584e-10 3.22301e-08 7.2687e-07 1.13511e-05 0.000122747 0.000919152 0.00476663 0.0171266 0.042708 0.0744113 0.0929315 0.0906944 0.0842774 0.0872297 0.091073 0.0860422 0.0758492 0.0657482 0.055911 0.0458512 0.0356183 0.0252605 0.0155493 0.00789745
 2.61279e-11 1.22893e-09 4.00255e-08 9.02676e-07 1.40966e-05 0.000152435 0.00114144 0.00591892 0.0212605 0.0529534 0.0918328 0.112677 0.103636 0.0840224 0.0749623 0.0740808 0.071795 0.0672009 0.061427 0.0536253 0.0440659 0.0338463 0.0236833 0.0144294 0.00727401
 5.16944e-12 2.43146e-10 7.9191e-09 1.78597e-07 2.78909e-06 3.01622e-05 0.000225917 0.00117276 0.00423062 0.0107161 0.0198058 0.030056 0.0460789 0.0754289 0.110423 0.128152 0.120264 0.102195 0.0878169 0.0770372 0.0655052 0.051586 0.0363027 0.0219856 0.010984
 1.59703e-14 7.51185e-13 2.44679e-11 5.52017e-10 8.63321e-09 9.39006e-08 7.19323e-07 4.06372e-06 1.93607e-05 9.54085e-05 0.000490476 0.00216623 0.00729171 0.0185702 0.0379714 0.0672321 0.10506 0.138875 0.151084 0.13948 0.116498 0.0910148 0.0647008 0.0396028 0.0198429
 5.21542e-11 2.45308e-09 7.98953e-08 1.80184e-06 2.81383e-05 0.000304274 0.00227834 0.011813 0.0424116 0.105438 0.181508 0.216364 0.178605 0.102174 0.0408443 0.0125732 0.00603065 0.0084389 0.0135737 0.0179477 0.0191197 0.0167546 0.0123373 0.00761842 0.00383573
 3.18921e-11 1.50005e-09 4.88556e-08 1.10182e-06 1.72065e-05 0.000186065 0.00139328 0.00722528 0.0259588 0.0647147 0.112631 0.140068 0.13466 0.120205 0.115552 0.105712 0.0760989 0.0400435 0.0165884 0.00841243 0.00783696 0.0082362 0.00712038 0.00481426 0.00252429
 4.18565e-11 1.96873e-09 6.41201e-08 1.44607e-06 2.25825e-05 0.000244197 0.00182852 0.00948121 0.0340475 0.0847181 0.146345 0.176848 0.153917 0.106436 0.0729069 0.0584981 0.0500269 0.0404507 0.0289234 0.0171339 0.00845699 0.0042236 0.00267068 0.0018059 0.00101459
 3.50297e-11 1.64763e-09 5.36622e-08 1.21022e-06 1.88993e-05 0.00020437 0.00153032 0.00793551 0.0285039 0.0709945 0.123117 0.151038 0.13874 0.111487 0.0957528 0.0854968 0.0674024 0.0457683 0.0295792 0.0193081 0.0118805 0.00634873 0.00296747 0.00132948 0.000594198
 3.83495e-11 1.80377e-09 5.87477e-08 1.32491e-06 2.06904e-05 0.000223737 0.00167533 0.0086871 0.0311988 0.0776596 0.134355 0.163317 0.145239 0.107078 0.0817764 0.0698277 0.0582057 0.0444942 0.0316726 0.020765 0.012291 0.00657233 0.00314579 0.00131592 0.000478075
 3.37044e-11 1.58529e-09 5.1632e-08 1.16443e-06 1.81843e-05 0.000196638 0.00147243 0.0076353 0.0274259 0.0683122 0.118485 0.145446 0.133912 0.108342 0.0943022 0.0860108 0.0704214 0.050769 0.03479 0.0233545 0.0146794 0.00822168 0.00398844 0.00164644 0.000569743
 3.65942e-11 1.72122e-09 5.60589e-08 1.26427e-06 1.97434e-05 0.000213497 0.00159866 0.0082896 0.0297723 0.0741188 0.128299 0.156284 0.140047 0.105529 0.0835051 0.0731994 0.0618458 0.048001 0.0351433 0.0240676 0.0150156 0.00844123 0.00419931 0.00178398 0.000624261
 3.46218e-11 1.62844e-09 5.30373e-08 1.19612e-06 1.86792e-05 0.00020199 0.0015125 0.007843 0.0281706 0.0701547 0.121595 0.148861 0.13577 0.107231 0.0904674 0.0813281 0.0669408 0.0492254 0.034687 0.023981 0.0155822 0.00909764 0.00462724 0.00199512 0.000708984
 3.66347e-11 1.72312e-09 5.61209e-08 1.26567e-06 1.97652e-05 0.000213733 0.00160042 0.00829878 0.0298055 0.0742038 0.128461 0.156554 0.140513 0.106317 0.084509 0.0738639 0.0615506 0.0467773 0.0337248 0.0231548 0.0147501 0.00856967 0.0044334 0.0019633 0.000714933
 4.02932e-11 1.8952e-09 6.17254e-08 1.39206e-06 2.17391e-05 0.000235077 0.00176024 0.00912731 0.0327788 0.0815825 0.141073 0.171157 0.15114 0.109046 0.0798923 0.0651388 0.0517303 0.0375779 0.0261865 0.0178397 0.0114573 0.00669259 0.00346027 0.00153597 0.000565454
 3.53329e-11 1.66189e-09 5.41266e-08 1.22069e-06 1.90629e-05 0.000206139 0.00154357 0.00800413 0.0287498 0.0716013 0.124131 0.152101 0.139148 0.110701 0.0940253 0.0839608 0.0670868 0.0463707 0.0298798 0.0189107 0.0115515 0.00657785 0.00337551 0.00149977 0.000554168
 3.92564e-11 1.84643e-09 6.01371e-08 1.35624e-06 2.11797e-05 0.000229028 0.00171495 0.0088925 0.031936 0.0794898 0.137489 0.166972 0.147982 0.107987 0.0809439 0.0678578 0.0556569 0.041862 0.0294793 0.0192824 0.0114113 0.00610432 0.00295842 0.00126845 0.000461216
 3.88222e-11 1.82601e-09 5.94719e-08 1.34124e-06 2.09454e-05 0.000226495 0.00169599 0.00879426 0.0315844 0.0786271 0.13608 0.165656 0.148071 0.11062 0.0856925 0.0722033 0.0568631 0.0397137 0.0262646 0.017096 0.0105352 0.00584339 0.00282911 0.00117295 0.000408776
 3.71404e-11 1.74691e-09 5.68956e-08 1.28314e-06 2.00381e-05 0.000216684 0.00162252 0.00841341 0.0302179 0.0752377 0.1303 0.159023 0.143451 0.109976 0.0888007 0.0773413 0.0622502 0.0442051 0.0292185 0.0184526 0.0108933 0.00589021 0.00285528 0.00119614 0.000416498
 3.77806e-11 1.77702e-09 5.78763e-08 1.30526e-06 2.03835e-05 0.000220418 0.00165048 0.00855833 0.0307374 0.0765215 0.132457 0.161342 0.144543 0.108752 0.0854898 0.0735945 0.0599143 0.0438743 0.0301641 0.0196298 0.0116961 0.00624658 0.00295572 0.0012126 0.000417851
 3.70142e-11 1.74097e-09 5.67022e-08 1.27878e-06 1.99699e-05 0.000215947 0.001617 0.00838479 0.0301149 0.0749793 0.129839 0.158398 0.142687 0.108984 0.0875726 0.0762211 0.061777 0.0446767 0.030495 0.0200505 0.012253 0.00671921 0.00322445 0.00132006 0.000449208
 3.65551e-11 1.71938e-09 5.59989e-08 1.26292e-06 1.97223e-05 0.000213269 0.00159695 0.00828081 0.0297416 0.0740519 0.128246 0.156518 0.1412 0.108304 0.0876673 0.0769203 0.0629633 0.0461336 0.0318366 0.0210001 0.0128366 0.00708521 0.00345164 0.0014376 0.000494838
 3.63915e-11 1.71168e-09 5.57483e-08 1.25727e-06 1.9634e-05 0.000212314 0.0015898 0.00824375 0.0296086 0.0737208 0.127674 0.155826 0.140596 0.107891 0.0874206 0.076833 0.0631012 0.0465407 0.0324528 0.0216713 0.0133996 0.00746188 0.00366167 0.0015382 0.000535291
 3.72985e-11 1.75434e-09 5.71377e-08 1.2886e-06 2.01234e-05 0.000217606 0.00162942 0.00844914 0.0303455 0.0755478 0.130785 0.159371 0.142986 0.108024 0.0854725 0.0739413 0.0604112 0.0445506 0.0311532 0.0209276 0.0130603 0.00735756 0.00365327 0.00155093 0.000544793
 3.76905e-11 1.77278e-09 5.77382e-08 1.30214e-06 2.03348e-05 0.000219893 0.00164655 0.00853793 0.0306643 0.0763406 0.132152 0.161009 0.144362 0.108843 0.0857537 0.0736968 0.0595553 0.0431719 0.0296378 0.0196879 0.0122624 0.00694041 0.00347618 0.00149146 0.000529602
 3.70669e-11 1.74345e-09 5.6783e-08 1.2806e-06 1.99984e-05 0.000216255 0.00161931 0.00839673 0.0301577 0.0750852 0.130018 0.158593 0.142791 0.108916 0.0873525 0.0759687 0.0616013 0.0445656 0.0303665 0.0199109 0.012211 0.00682551 0.00340032 0.00146156 0.000522367
 3.76388e-11 1.77035e-09 5.76591e-08 1.30036e-06 2.0307e-05 0.000219591 0.00164429 0.00852624 0.0306223 0.0762362 0.131972 0.160794 0.144186 0.108757 0.0857871 0.0739051 0.059978 0.0437012 0.030018 0.0197411 0.0120529 0.00666689 0.00327945 0.00139505 0.000495943
 3.76268e-11 1.76978e-09 5.76407e-08 1.29994e-06 2.03005e-05 0.000219521 0.00164377 0.00852352 0.0306126 0.076213 0.131938 0.160783 0.14427 0.109007 0.0861697 0.0742235 0.0600143 0.0434497 0.0296881 0.0195208 0.011961 0.00663121 0.00325323 0.0013737 0.000483877
 3.62021e-11 1.70277e-09 5.54581e-08 1.25072e-06 1.95318e-05 0.000211209 0.00158153 0.00820089 0.0294551 0.0733431 0.127051 0.155209 0.140501 0.108762 0.089163 0.0786657 0.0641088 0.0464331 0.0316278 0.0206937 0.0126203 0.00697886 0.00342217 0.00144418 0.000507304
#spawning biomass
 155445 104278 93570.3 80477.6 128701 297699 386557 489887 583176 640155 704984 602173 816823 709486 686119 726133 690111 761287 849294 723271 924998 904235 796789 1.03091e+06 980876 951564 1.02571e+06 990818 1.00596e+06 395495 48665.4 6289.97 4003.9 3950.07 3949.47 3949.47 3949.47 3949.47 3949.47 3949.47 3949.47 3949.47 3949.47 3949.47 3949.47 3949.47 3949.47 3949.47 3949.47 3949.47 3949.47 3949.47 3949.47 3949.47 3949.47 3949.47 3949.47 3949.47 3949.47 3949.47 3949.47 3949.47 3949.47 3949.47 3949.47 3949.47 3949.47 3949.47 3949.47 3949.47 3949.47 3949.47 3949.47 3949.47 3949.47 3949.47 3949.47 3949.47 3949.47 3949.47 3949.47 3949.47 3949.47 3949.47 3949.47 3949.47 3949.47 3949.47 3949.47 3949.47 3949.47 3949.47 3949.47 3949.47 3949.47 3949.47 3949.47 3949.47 3949.47 3949.47 3949.47 3949.47 3949.47 3949.47 3949.47 3949.47 3949.47 3949.47 3949.47 3949.47 3949.47 3949.47 3949.47 3949.47 3949.47 3949.47 3949.47 3949.47 3949.47 3949.47 3949.47 3949.47 3949.47 3949.47 3949.47 3949.47 3949.47 3949.47 0 0 0 0 0 0 0 0 0 0 0 0 0 0 0 0 0 0 0 0 0 0 0 0 0
