SBPRF35
0.224663
Curr Bio
42761
B35
179802
F35
0.33241
FOFL
0
OFL
0
Bzero
64189.3
#pred survey bio
 10960.8 7680.83 8257.55 7856.82 10516.1 14541.8 15274.2 17661.5 30643.8 52244.5 71914.4 83178.9 118555 138809 162716 142990 123462 116579 129191 129382 124354 132464 141396 145887 164523 183428 178109 148049 3.3646e+06 3.46337e+06 2.81805e+06 2.11182e+06 1.58511e+06 1.24936e+06 1.0517e+06 940035 878135 843952 824947 814227 808062 804435 802250 800900 800056 799519 799172 798946 798796 798697 798631 798587 798557 798537 798523 798514 798508 798504 798501 798499 798498 798497 798496 798496 798496 798496 798496 798495 798495 798495 798495 798495 798495 798495 798495 798495 798495 798495 798495 798495 798495 798495 798495 798495 798495 798495 798495 798495 798495 798495 798495 798495 798495 798495 798495 798495 798495 798495 798495 798495 798495 798495 798495 798495 798495 798495 798495 798495 798495 798495 798495 798495 798495 798495 798495 798495 798495 798495 798495 798495 798495 798495 798495 798495 798495 798495 798495 798495 0 0 0 0 0 0 0 0 0 0 0 0 0 0 0 0 0 0 0 0 0 0 0 0 0
#obs survey bio
 10494.8 6842.38 8209.85 5205.11 15105.7 15772.3 14429 15572.7 38248.1 54021 76973 109227 122882 134197 139264 111459 114128 103138 132943 124814 134149 150468 169470 131208 152277 205062 176436 179912
#pred catch bio
 7800.05 4981.26 5749.13 5414.76 6718.42 9855.22 10653.7 11412.9 19068.9 33646.3 50806.4 54119.3 82198.6 87772.6 113834 103301 87738.4 77324 88344.9 90294.1 82644.9 87701.1 95903.1 96110.3 105230 119702 124167 101108 0 38163.6 30329.8 22128.5 16192.6 12529 10455.8 9342.25 8763.69 8469.56 8322.2 8249.09 8213.07 8195.4 8186.76 8182.53 8180.48 8179.49 8179.01 8178.77 8178.66 8178.6 8178.58 8178.56 8178.56 8178.56 8178.55 8178.55 8178.55 8178.55 8178.55 8178.55 8178.55 8178.55 8178.55 8178.55 8178.55 8178.55 8178.55 8178.55 8178.55 8178.55 8178.55 8178.55 8178.55 8178.55 8178.55 8178.55 8178.55 8178.55 8178.55 8178.55 8178.55 8178.55 8178.55 8178.55 8178.55 8178.55 8178.55 8178.55 8178.55 8178.55 8178.55 8178.55 8178.55 8178.55 8178.55 8178.55 8178.55 8178.55 8178.55 8178.55 8178.55 8178.55 8178.55 8178.55 8178.55 8178.55 8178.55 8178.55 8178.55 8178.55 8178.55 8178.55 8178.55 8178.55 8178.55 8178.55 8178.55 8178.55 8178.55 8178.55 8178.55 8178.55 8178.55 8178.55 8178.55 8178.55 8178.55 8178.55 0 0 0 0 0 0 0 0 0 0 0 0 0 0 0 0 0 0 0 0 0 0 0 0 0
#obs catch bio
 5226.78 5000.27 5774.78 5528.61 6557.65 9577.89 10615.2 11191.2 18682.9 32638 50162.6 53305.4 81825.7 87710.4 115248 105436 89663.6 77934.9 88581.3 91288.9 81513.6 86571.1 95438.3 96874.4 104783 120605 125349 101148
#pred cpue bio
 10125.8 6736.2 7265.87 6885.24 8980.84 12629.6 13399.1 15218.5 26043.7 44814.5 62342.1 71709.7 102165 120209 143332 126132 108077 101887 113039 113520 108917 116222 124066 127750 143821 161570 158128 131087 2.95752e+06 3.43145e+06 2.78612e+06 2.07989e+06 1.55318e+06 1.21744e+06 1.01977e+06 908109 846209 812026 793021 782302 776136 772509 770324 768974 768130 767593 767247 767020 766871 766771 766705 766661 766631 766611 766598 766588 766582 766578 766575 766573 766572 766571 766571 766570 766570 766570 766570 766570 766570 766569 766569 766569 766569 766569 766569 766569 766569 766569 766569 766569 766569 766569 766569 766569 766569 766569 766569 766569 766569 766569 766569 766569 766569 766569 766569 766569 766569 766569 766569 766569 766569 766569 766569 766569 766569 766569 766569 766569 766569 766569 766569 766569 766569 766569 766569 766569 766569 766569 766569 766569 766569 766569 766569 766569 766569 766569 766569 766569 0 0 0 0 0 0 0 0 0 0 0 0 0 0 0 0 0 0 0 0 0 0 0 0 0
#obs cpue bio
 4908.56 6983.08 7002.73 6673.79 12421.1 18433.3 12718 25588.3 29130.8 75638.7 63748.3 67533.9 104554 115441 136677 116051 80257.1 105155 111930 96099.7 143096 123801 107169 112607 182466 118060 144936 109209
#pred surv len freq
 2.14605e-27 2.17359e-27 6.62693e-27 1.52382e-21 9.06273e-17 1.23917e-12 3.89534e-09 2.81517e-06 0.000467737 0.0178672 0.156911 0.316807 0.147458 0.0264711 0.0662104 0.0929248 0.0377312 0.0301289 0.0268297 0.018243 0.0154703 0.0135241 0.0141302 0.0132407 0.00558258
 2.14885e-27 2.18181e-27 7.56212e-27 1.84117e-21 1.09501e-16 1.49724e-12 4.70658e-09 3.40146e-06 0.000565148 0.0215883 0.189589 0.382784 0.17801 0.0277959 0.0544185 0.0759549 0.0276549 0.0130992 0.0103608 0.00569536 0.00402741 0.0028893 0.0025171 0.00215001 0.000896949
 2.14805e-27 2.18003e-27 7.38129e-27 1.77983e-21 1.05853e-16 1.44736e-12 4.54978e-09 3.28814e-06 0.000546319 0.020869 0.183273 0.370032 0.172172 0.0293246 0.0675953 0.0944582 0.0333644 0.0125484 0.00886377 0.00330024 0.00162762 0.000876274 0.000573942 0.000409997 0.000162321
 2.14832e-27 2.18073e-27 7.46044e-27 1.8067e-21 1.07451e-16 1.4692e-12 4.61846e-09 3.33777e-06 0.000554566 0.021184 0.186039 0.375617 0.17474 0.028945 0.063595 0.0888577 0.0319357 0.0137542 0.00983515 0.00315153 0.00114621 0.000381781 0.000153486 7.87889e-05 2.75725e-05
 2.15016e-27 2.18528e-27 7.94143e-27 1.96986e-21 1.17155e-16 1.60188e-12 5.03555e-09 3.6392e-06 0.000604648 0.0230972 0.20284 0.409537 0.190365 0.0274273 0.0441062 0.0613636 0.0219094 0.0089879 0.00642464 0.00221616 0.000833335 0.000218069 4.90403e-05 1.33054e-05 3.49185e-06
 2.14892e-27 2.18219e-27 7.60939e-27 1.8572e-21 1.10455e-16 1.51027e-12 4.74756e-09 3.43108e-06 0.000570068 0.0217762 0.19124 0.386117 0.179594 0.0289403 0.0604014 0.0842704 0.029152 0.00899557 0.00595141 0.0019955 0.000744896 0.000203344 3.90713e-05 5.49281e-06 7.53777e-07
 2.14818e-27 2.18039e-27 7.42225e-27 1.79373e-21 1.0668e-16 1.45866e-12 4.58531e-09 3.31382e-06 0.000550586 0.021032 0.184704 0.372922 0.173507 0.0292971 0.0665567 0.0930027 0.033007 0.0128928 0.00892081 0.0025705 0.000784702 0.000204897 3.91623e-05 4.63632e-06 3.3558e-07
 2.14955e-27 2.18378e-27 7.78278e-27 1.91604e-21 1.13954e-16 1.55812e-12 4.89798e-09 3.53978e-06 0.00058813 0.0224662 0.197299 0.398349 0.185211 0.0279323 0.0505607 0.0704714 0.0252613 0.0106742 0.00762263 0.00247999 0.000851584 0.00019367 3.14342e-05 3.49419e-06 2.07949e-07
 2.15045e-27 2.18596e-27 8.01089e-27 1.99341e-21 1.18556e-16 1.62104e-12 5.09576e-09 3.68272e-06 0.000611878 0.0233733 0.205266 0.414434 0.192627 0.0273833 0.0423613 0.0588724 0.0205995 0.00712056 0.0048777 0.00166286 0.000620383 0.00015789 2.62922e-05 2.54496e-06 1.33136e-07
 2.1498e-27 2.18435e-27 7.83875e-27 1.935e-21 1.15082e-16 1.57354e-12 4.94645e-09 3.57481e-06 0.00059395 0.0226885 0.199251 0.402291 0.187042 0.0281554 0.0507345 0.0706472 0.0243857 0.00734571 0.00476833 0.00145376 0.000483633 0.000128685 2.37043e-05 2.44778e-06 1.20822e-07
 2.14907e-27 2.18255e-27 7.6489e-27 1.87061e-21 1.11252e-16 1.52117e-12 4.78183e-09 3.45584e-06 0.000574183 0.0219334 0.19262 0.388903 0.180873 0.0287036 0.0581165 0.0810736 0.0283579 0.00975716 0.00653404 0.00185583 0.000541028 0.000127594 2.21256e-05 2.43009e-06 1.28792e-07
 2.14948e-27 2.18358e-27 7.75952e-27 1.90814e-21 1.13484e-16 1.55169e-12 4.87777e-09 3.52518e-06 0.000585703 0.0223735 0.196485 0.396706 0.184462 0.0282238 0.0528361 0.0736454 0.0259337 0.00948847 0.0065038 0.00197344 0.000620632 0.00013605 2.04115e-05 2.03448e-06 1.08038e-07
 2.14951e-27 2.18365e-27 7.76637e-27 1.91046e-21 1.13622e-16 1.55358e-12 4.88371e-09 3.52947e-06 0.000586417 0.0224007 0.196724 0.397189 0.184686 0.028224 0.0526912 0.0734356 0.0257826 0.00918783 0.00628006 0.00197114 0.000657846 0.000154077 2.36322e-05 2.12989e-06 1.0078e-07
 2.14914e-27 2.18275e-27 7.67e-27 1.87776e-21 1.11678e-16 1.527e-12 4.80013e-09 3.46907e-06 0.00057638 0.0220173 0.193357 0.390392 0.181558 0.0286237 0.0571799 0.0797514 0.0278594 0.00947493 0.00638617 0.00197699 0.000654736 0.00015943 2.61552e-05 2.46084e-06 1.11958e-07
 2.14785e-27 2.17957e-27 7.33542e-27 1.76427e-21 1.04928e-16 1.43471e-12 4.51002e-09 3.2594e-06 0.000541545 0.0206866 0.181671 0.366798 0.170687 0.029587 0.0701722 0.0980984 0.0347971 0.0135378 0.00940993 0.00284377 0.000908666 0.00021817 3.62261e-05 3.5865e-06 1.71441e-07
 2.14777e-27 2.17942e-27 7.32226e-27 1.75983e-21 1.04664e-16 1.43109e-12 4.49865e-09 3.25119e-06 0.00054018 0.0206345 0.181213 0.365873 0.17025 0.0293471 0.0689863 0.0964715 0.0348217 0.0154687 0.0111554 0.00362587 0.00125814 0.000297745 4.79803e-05 4.74187e-06 2.33781e-07
 2.14839e-27 2.18094e-27 7.48284e-27 1.8143e-21 1.07903e-16 1.47539e-12 4.63789e-09 3.35182e-06 0.0005569 0.0212732 0.186822 0.377197 0.175467 0.0288645 0.0626267 0.0874902 0.0314126 0.0134401 0.00971645 0.0034164 0.00131275 0.000336628 5.72461e-05 5.58987e-06 2.72141e-07
 2.1485e-27 2.18118e-27 7.50688e-27 1.82245e-21 1.08388e-16 1.48201e-12 4.65872e-09 3.36687e-06 0.0005594 0.0213687 0.187661 0.378891 0.176253 0.0289332 0.0625355 0.0873372 0.0310284 0.0122378 0.00866757 0.00298505 0.00115018 0.000320768 6.06596e-05 6.36717e-06 3.16962e-07
 2.14842e-27 2.18098e-27 7.48637e-27 1.81549e-21 1.07974e-16 1.47636e-12 4.64094e-09 3.35402e-06 0.000557266 0.0212872 0.186945 0.377445 0.175585 0.0289382 0.0630021 0.0880087 0.0314567 0.0130047 0.00925048 0.00303811 0.00110647 0.00030418 5.99321e-05 6.91599e-06 3.74617e-07
 2.14819e-27 2.18044e-27 7.42862e-27 1.7959e-21 1.06809e-16 1.46042e-12 4.59086e-09 3.31783e-06 0.000551252 0.0210575 0.184928 0.373372 0.17371 0.0291452 0.0654933 0.0915174 0.0326552 0.0133275 0.00948624 0.0031967 0.00118103 0.000309983 5.85295e-05 6.86623e-06 3.98073e-07
 2.14834e-27 2.1808e-27 7.46707e-27 1.80895e-21 1.07585e-16 1.47103e-12 4.62421e-09 3.34193e-06 0.000555257 0.0212104 0.186271 0.376085 0.174957 0.0289804 0.0636701 0.0889534 0.0318302 0.0132745 0.00948326 0.00317448 0.00117267 0.000313417 5.85584e-05 6.60309e-06 3.80695e-07
 2.14821e-27 2.18047e-27 7.43265e-27 1.79727e-21 1.06891e-16 1.46154e-12 4.59437e-09 3.32036e-06 0.000551673 0.0210735 0.185069 0.373658 0.173839 0.0290717 0.0649588 0.0907736 0.032522 0.013692 0.0098168 0.00332709 0.00124294 0.000331555 6.2308e-05 7.02607e-06 3.95738e-07
 2.14821e-27 2.18048e-27 7.43423e-27 1.79781e-21 1.06923e-16 1.46198e-12 4.59574e-09 3.32135e-06 0.000551838 0.0210798 0.185124 0.373769 0.173888 0.0290208 0.0646143 0.0902952 0.0324499 0.0139751 0.010074 0.00343469 0.00129551 0.000349826 6.62671e-05 7.49377e-06 4.2223e-07
 2.14836e-27 2.18086e-27 7.47399e-27 1.81129e-21 1.07725e-16 1.47294e-12 4.63021e-09 3.34627e-06 0.000555978 0.021238 0.186513 0.376573 0.175181 0.0289244 0.0631806 0.0882668 0.0316304 0.013339 0.00959077 0.00331413 0.0012696 0.000345979 6.63427e-05 7.58281e-06 4.29511e-07
 2.1485e-27 2.18118e-27 7.50844e-27 1.82298e-21 1.0842e-16 1.48244e-12 4.66008e-09 3.36786e-06 0.000559564 0.021375 0.187716 0.379002 0.1763 0.02882 0.061811 0.0863347 0.0309281 0.0130104 0.00933445 0.00318694 0.0012108 0.000334201 6.50936e-05 7.53329e-06 4.31484e-07
 2.14789e-27 2.17969e-27 7.34993e-27 1.76921e-21 1.05222e-16 1.43872e-12 4.52263e-09 3.26852e-06 0.00054306 0.0207445 0.182179 0.367824 0.171152 0.0293469 0.0683971 0.0956208 0.0342429 0.0143672 0.0103003 0.00351037 0.00132665 0.000362504 7.06157e-05 8.28704e-06 4.81349e-07
 2.14724e-27 2.17812e-27 7.18631e-27 1.71372e-21 1.01921e-16 1.39359e-12 4.38077e-09 3.166e-06 0.000526026 0.0200938 0.176465 0.356287 0.165831 0.0296907 0.0739732 0.103517 0.0375228 0.0171683 0.0125202 0.00426197 0.00160717 0.000437585 8.45952e-05 9.88999e-06 5.78885e-07
 2.14749e-27 2.17875e-27 7.25408e-27 1.73671e-21 1.03289e-16 1.41229e-12 4.43956e-09 3.20848e-06 0.000533084 0.0203635 0.178833 0.361067 0.168029 0.0293647 0.0705418 0.0986917 0.0359678 0.0170688 0.0126194 0.00452486 0.00179486 0.000490721 9.45479e-05 1.09886e-05 6.4034e-07
#obs surv len freq
 1.23588e-39 6.04878e-33 6.80619e-27 1.7607e-21 1.04715e-16 1.43179e-12 4.50085e-09 3.25277e-06 0.000540453 0.0206446 0.181301 0.366052 0.17033 0.0292657 0.0684361 0.0957006 0.0346001 0.0155582 0.0113668 0.00402686 0.00160154 0.000462354 9.74603e-05 1.27127e-05 8.47638e-07
 1.31174e-39 6.42005e-33 7.22394e-27 1.86876e-21 1.11142e-16 1.51967e-12 4.7771e-09 3.45242e-06 0.000573625 0.0219117 0.192429 0.388518 0.180679 0.0282743 0.0556124 0.0776106 0.028025 0.0124912 0.00908248 0.00314342 0.00121825 0.000346141 7.11505e-05 8.99023e-06 5.81389e-07
 1.15437e-39 5.64984e-33 6.35729e-27 1.64457e-21 9.78088e-17 1.33736e-12 4.204e-09 3.03824e-06 0.000504807 0.019283 0.169343 0.34191 0.159229 0.0308737 0.0855286 0.119723 0.042125 0.0153133 0.0106357 0.00365478 0.00139807 0.000387315 7.7474e-05 9.54414e-06 5.99012e-07
 1.34636e-39 6.58948e-33 7.41459e-27 1.91808e-21 1.14076e-16 1.55978e-12 4.90318e-09 3.54354e-06 0.000588763 0.02249 0.197507 0.398771 0.185391 0.0275108 0.0478617 0.066738 0.0249093 0.0136244 0.0101134 0.00310691 0.00104079 0.000280805 5.49383e-05 6.57544e-06 4.014e-07
 1.39489e-39 6.827e-33 7.68185e-27 1.98722e-21 1.18188e-16 1.616e-12 5.07991e-09 3.67127e-06 0.000609986 0.0233007 0.204627 0.413145 0.192036 0.0275104 0.0435268 0.0605005 0.0209676 0.00660483 0.00449013 0.00174347 0.000720659 0.000178408 3.13368e-05 3.60912e-06 2.14324e-07
 1.26353e-39 6.1841e-33 6.95844e-27 1.80008e-21 1.07058e-16 1.46382e-12 4.60153e-09 3.32554e-06 0.000552543 0.0211064 0.185357 0.37424 0.174131 0.0296779 0.0684845 0.0956425 0.0328807 0.00946643 0.00600886 0.00171542 0.000539878 0.000158799 3.12045e-05 3.32842e-06 1.84212e-07
 1.27614e-39 6.24584e-33 7.02792e-27 1.81806e-21 1.08127e-16 1.47844e-12 4.64748e-09 3.35874e-06 0.00055806 0.0213172 0.187207 0.377977 0.17583 0.028921 0.0627375 0.0876452 0.0314713 0.0134507 0.00943761 0.00257374 0.000689109 0.000151639 2.62408e-05 3.10133e-06 1.7358e-07
 1.4217e-39 6.95825e-33 7.82953e-27 2.02543e-21 1.2046e-16 1.64707e-12 5.17757e-09 3.74184e-06 0.000621713 0.0237486 0.20856 0.421087 0.195686 0.0269297 0.0375881 0.0521675 0.018549 0.00736492 0.00520631 0.00173598 0.000603821 0.000127449 1.74617e-05 1.66653e-06 9.15709e-08
 1.4177e-39 6.93866e-33 7.80749e-27 2.01972e-21 1.20121e-16 1.64243e-12 5.163e-09 3.73131e-06 0.000619962 0.0236817 0.207973 0.419902 0.195154 0.0273569 0.0405531 0.0562847 0.0191586 0.00489313 0.00301311 0.000964971 0.000339042 8.67149e-05 1.40263e-05 1.20116e-06 5.33118e-08
 1.34996e-39 6.60712e-33 7.43444e-27 1.92322e-21 1.14381e-16 1.56395e-12 4.9163e-09 3.55302e-06 0.00059034 0.0225502 0.198036 0.399839 0.185919 0.0284191 0.0530848 0.0739391 0.0252683 0.00677699 0.00415476 0.00107331 0.000268854 6.43531e-05 1.12794e-05 1.13452e-06 5.17348e-08
 1.32608e-39 6.49023e-33 7.30291e-27 1.88919e-21 1.12357e-16 1.53629e-12 4.82933e-09 3.49016e-06 0.000579896 0.0221513 0.194532 0.392765 0.182654 0.0285617 0.0560871 0.0782075 0.0272729 0.00911455 0.00601037 0.00158347 0.000390411 7.46314e-05 1.00019e-05 9.81048e-07 4.96338e-08
 1.35854e-39 6.6491e-33 7.48167e-27 1.93544e-21 1.15108e-16 1.57389e-12 4.94754e-09 3.5756e-06 0.00059409 0.0226935 0.199294 0.402379 0.187077 0.0279889 0.0496926 0.0692087 0.0242891 0.00862182 0.00584035 0.00170567 0.000499737 9.85873e-05 1.19672e-05 9.22963e-07 4.04096e-08
 1.33863e-39 6.55166e-33 7.37204e-27 1.90708e-21 1.13421e-16 1.55083e-12 4.87504e-09 3.5232e-06 0.000585385 0.0223609 0.196374 0.396483 0.184367 0.0284017 0.0539894 0.0752425 0.0261074 0.00830697 0.00547819 0.00165086 0.000517988 0.000114543 1.58819e-05 1.21169e-06 4.51968e-08
 1.28181e-39 6.27358e-33 7.05914e-27 1.82613e-21 1.08607e-16 1.485e-12 4.66812e-09 3.37366e-06 0.000560538 0.0214118 0.188039 0.379655 0.176615 0.0291569 0.0636718 0.0889041 0.0311205 0.0107843 0.00724062 0.00206937 0.000606362 0.000138263 2.10385e-05 1.80937e-06 7.18203e-08
 1.16304e-39 5.69226e-33 6.40502e-27 1.65692e-21 9.85432e-17 1.3474e-12 4.23556e-09 3.06105e-06 0.000508598 0.0194278 0.170615 0.344477 0.160406 0.0306001 0.0830848 0.116314 0.041431 0.0166656 0.0116551 0.00347439 0.00106682 0.000233182 3.42706e-05 3.10804e-06 1.36173e-07
 1.26994e-39 6.21549e-33 6.99377e-27 1.80922e-21 1.07601e-16 1.47125e-12 4.62489e-09 3.34242e-06 0.000555348 0.0212136 0.186298 0.376139 0.174967 0.0285418 0.0609767 0.0852342 0.0315696 0.0165381 0.0122725 0.00396674 0.00136021 0.000313084 4.68975e-05 4.13727e-06 1.83078e-07
 1.22938e-39 6.01695e-33 6.77037e-27 1.75143e-21 1.04164e-16 1.42426e-12 4.47717e-09 3.23566e-06 0.000537609 0.020536 0.180347 0.364126 0.169452 0.0295999 0.0710565 0.0993505 0.0352907 0.0139122 0.00998728 0.00378302 0.00155092 0.000395864 6.5574e-05 6.05255e-06 2.68157e-07
 1.27734e-39 6.25169e-33 7.0345e-27 1.81976e-21 1.08228e-16 1.47982e-12 4.65183e-09 3.36189e-06 0.000558582 0.0213371 0.187383 0.37833 0.175987 0.0287374 0.06151 0.0859333 0.0311 0.0140713 0.0101628 0.0032667 0.00119184 0.000351676 6.91873e-05 7.16164e-06 3.41136e-07
 1.24238e-39 6.0806e-33 6.84199e-27 1.76996e-21 1.05266e-16 1.43932e-12 4.52452e-09 3.26988e-06 0.000543295 0.0207532 0.182255 0.367977 0.171227 0.0294377 0.0689057 0.0963208 0.0342563 0.0136272 0.00967994 0.00335062 0.00126412 0.000328305 6.35208e-05 7.60805e-06 4.15448e-07
 1.25809e-39 6.15747e-33 6.92848e-27 1.79233e-21 1.06597e-16 1.45752e-12 4.58172e-09 3.31122e-06 0.000550163 0.0210155 0.184558 0.372629 0.173362 0.0290462 0.0651138 0.091008 0.0328245 0.0145023 0.0104326 0.00336272 0.00119825 0.000324857 6.12774e-05 6.97064e-06 4.0745e-07
 1.26754e-39 6.20372e-33 6.98053e-27 1.8058e-21 1.07397e-16 1.46847e-12 4.61614e-09 3.33609e-06 0.000554296 0.0211734 0.185945 0.375428 0.174654 0.0289718 0.0638161 0.0891651 0.0319819 0.0135799 0.00976516 0.00333614 0.00124217 0.000318995 5.85258e-05 6.64652e-06 3.77815e-07
 1.26649e-39 6.19861e-33 6.97478e-27 1.80431e-21 1.07309e-16 1.46726e-12 4.61234e-09 3.33335e-06 0.00055384 0.021156 0.185792 0.375119 0.174514 0.0290519 0.0643981 0.0899756 0.0321356 0.0132115 0.0094072 0.00314353 0.00116224 0.000312514 5.79072e-05 6.34922e-06 3.54729e-07
 1.26193e-39 6.17626e-33 6.94963e-27 1.7978e-21 1.06922e-16 1.46197e-12 4.5957e-09 3.32133e-06 0.000551843 0.0210797 0.185122 0.373766 0.17389 0.0290893 0.0650341 0.090878 0.0325375 0.0136262 0.00971863 0.00318835 0.00114822 0.000303605 5.6956e-05 6.38987e-06 3.527e-07
 1.26367e-39 6.18481e-33 6.95924e-27 1.80029e-21 1.0707e-16 1.46399e-12 4.60206e-09 3.32592e-06 0.000552606 0.0211089 0.185378 0.374283 0.174127 0.0290445 0.064605 0.090276 0.0323625 0.0136819 0.00979053 0.00324435 0.0011752 0.000304709 5.57901e-05 6.24295e-06 3.49568e-07
 1.26972e-39 6.2144e-33 6.99255e-27 1.80891e-21 1.07582e-16 1.47099e-12 4.62408e-09 3.34184e-06 0.000555251 0.0212099 0.186265 0.376074 0.174952 0.0289631 0.0635681 0.0888131 0.0318273 0.0134221 0.00960643 0.00320178 0.00117027 0.000305924 5.57424e-05 6.11058e-06 3.38346e-07
 1.1923e-39 5.83547e-33 6.56616e-27 1.6986e-21 1.01022e-16 1.3813e-12 4.34212e-09 3.13806e-06 0.000521393 0.0199166 0.174907 0.353143 0.164391 0.0300373 0.0770371 0.107805 0.0386224 0.0162527 0.0116257 0.00387179 0.00141636 0.00037281 6.85603e-05 7.5214e-06 4.11307e-07
 1.19107e-39 5.82947e-33 6.55941e-27 1.69686e-21 1.00918e-16 1.37988e-12 4.33766e-09 3.13483e-06 0.000520857 0.0198961 0.174727 0.35278 0.164206 0.0295806 0.0743583 0.104109 0.0384055 0.0196495 0.014575 0.00485294 0.00177288 0.000466633 8.61481e-05 9.52466e-06 5.22721e-07
 1.22581e-39 5.99951e-33 6.75074e-27 1.74635e-21 1.03862e-16 1.42013e-12 4.46418e-09 3.22627e-06 0.00053605 0.0204764 0.179824 0.36307 0.168946 0.0291278 0.0684926 0.0958228 0.0352135 0.0176209 0.0132317 0.00495554 0.00202809 0.000540453 9.9758e-05 1.10554e-05 6.10172e-07
#pred catch len freq
 2.14584e-27 2.17303e-27 6.56555e-27 1.50299e-21 8.93889e-17 1.22223e-12 3.84211e-09 2.7767e-06 0.000461345 0.0176231 0.154767 0.312477 0.145459 0.0265365 0.0679143 0.0953376 0.0387109 0.0309112 0.0275264 0.0187167 0.015872 0.0138753 0.0144971 0.0135845 0.00572753
 2.14859e-27 2.18115e-27 7.49189e-27 1.81734e-21 1.08084e-16 1.47786e-12 4.64568e-09 3.35744e-06 0.000557834 0.0213089 0.187136 0.37783 0.175727 0.0279849 0.0570652 0.0796892 0.0290146 0.0137432 0.0108702 0.00597539 0.00422542 0.00303136 0.00264085 0.00225572 0.000941049
 2.14785e-27 2.17952e-27 7.32753e-27 1.76159e-21 1.04769e-16 1.43253e-12 4.50316e-09 3.25445e-06 0.000540722 0.0206552 0.181395 0.36624 0.170426 0.0295041 0.0698336 0.0976134 0.0344789 0.0129676 0.00915986 0.00341048 0.00168199 0.000905545 0.000593114 0.000423692 0.000167744
 2.1481e-27 2.18021e-27 7.40543e-27 1.78804e-21 1.06341e-16 1.45403e-12 4.57076e-09 3.3033e-06 0.000548839 0.0209653 0.184118 0.371738 0.172953 0.0291245 0.0658597 0.0920515 0.0330836 0.0142486 0.0101887 0.00326481 0.00118741 0.000395504 0.000159003 8.16208e-05 2.85635e-05
 2.14994e-27 2.18474e-27 7.88429e-27 1.95047e-21 1.16002e-16 1.58612e-12 4.986e-09 3.60339e-06 0.000598698 0.0228699 0.200844 0.405507 0.188509 0.0276166 0.0464761 0.0647052 0.0231026 0.00947736 0.00677452 0.00233684 0.000878717 0.000229944 5.1711e-05 1.403e-05 3.68201e-06
 2.14871e-27 2.18167e-27 7.55387e-27 1.83836e-21 1.09335e-16 1.49496e-12 4.69941e-09 3.39628e-06 0.000564287 0.0215554 0.1893 0.382201 0.177791 0.0291408 0.0628057 0.0876576 0.0303238 0.00935716 0.00619064 0.00207571 0.000774838 0.000211518 4.06419e-05 5.71361e-06 7.84077e-07
 2.14798e-27 2.1799e-27 7.37023e-27 1.77609e-21 1.05631e-16 1.44431e-12 4.54021e-09 3.28122e-06 0.00054517 0.0208251 0.182887 0.369253 0.171818 0.0294744 0.0687446 0.096087 0.0341016 0.0133204 0.00921666 0.00265574 0.000810726 0.000211693 4.04611e-05 4.79007e-06 3.46709e-07
 2.14932e-27 2.1832e-27 7.72108e-27 1.89511e-21 1.12709e-16 1.5411e-12 4.84447e-09 3.50111e-06 0.000581704 0.0222207 0.195143 0.393997 0.183207 0.0281356 0.0531136 0.0740713 0.0265518 0.0112195 0.00801204 0.00260669 0.000895088 0.000203564 3.30401e-05 3.6727e-06 2.18573e-07
 2.15022e-27 2.1854e-27 7.95196e-27 1.97342e-21 1.17367e-16 1.60478e-12 5.04465e-09 3.64578e-06 0.000605742 0.0231389 0.203207 0.410278 0.190713 0.0275896 0.0448738 0.0624131 0.0218385 0.00754883 0.00517107 0.00176287 0.000657696 0.000167387 2.78736e-05 2.69802e-06 1.41144e-07
 2.14957e-27 2.18379e-27 7.77876e-27 1.91465e-21 1.13872e-16 1.55699e-12 4.89443e-09 3.53722e-06 0.000587704 0.0224499 0.197156 0.398061 0.185095 0.0283742 0.0533457 0.0743257 0.0256555 0.00772821 0.00501662 0.00152946 0.000508816 0.000135386 2.49386e-05 2.57524e-06 1.27113e-07
 2.1489e-27 2.18216e-27 7.60693e-27 1.85637e-21 1.10405e-16 1.5096e-12 4.74543e-09 3.42954e-06 0.000569813 0.0217665 0.191154 0.385944 0.17951 0.0288522 0.059916 0.0836094 0.0292449 0.0100624 0.00673842 0.00191388 0.000557951 0.000131585 2.28177e-05 2.5061e-06 1.32821e-07
 2.14925e-27 2.18301e-27 7.69855e-27 1.88745e-21 1.12254e-16 1.53488e-12 4.8249e-09 3.48697e-06 0.000579355 0.022131 0.194355 0.392406 0.182483 0.0284354 0.0554235 0.0772922 0.027218 0.00995834 0.00682587 0.00207117 0.000651366 0.000142788 2.14223e-05 2.13522e-06 1.13388e-07
 2.14934e-27 2.18323e-27 7.72225e-27 1.89549e-21 1.12732e-16 1.54141e-12 4.84545e-09 3.50182e-06 0.000581823 0.0222252 0.195183 0.394078 0.183253 0.0283779 0.0545687 0.0760817 0.0267117 0.0095189 0.00650636 0.00204217 0.000681551 0.000159629 2.44838e-05 2.20664e-06 1.04411e-07
 2.14887e-27 2.18207e-27 7.59808e-27 1.85337e-21 1.10227e-16 1.50716e-12 4.73777e-09 3.424e-06 0.000568892 0.0217313 0.190845 0.38532 0.179223 0.028878 0.0602614 0.0840938 0.0293764 0.00999086 0.00673391 0.00208464 0.000690388 0.000168111 2.75794e-05 2.59484e-06 1.18054e-07
 2.14764e-27 2.17907e-27 7.28224e-27 1.74624e-21 1.03855e-16 1.42004e-12 4.46391e-09 3.22608e-06 0.000536008 0.0204752 0.179814 0.363048 0.16896 0.029768 0.0724074 0.101249 0.0359148 0.0139726 0.00971219 0.00293512 0.000937854 0.000225179 3.73897e-05 3.70171e-06 1.76948e-07
 2.14761e-27 2.17902e-27 7.28049e-27 1.74566e-21 1.03821e-16 1.41957e-12 4.46243e-09 3.22501e-06 0.000535831 0.0204684 0.179754 0.362928 0.168893 0.0294822 0.0706987 0.0988865 0.0356934 0.015856 0.0114347 0.00371664 0.00128963 0.000305199 4.91815e-05 4.86058e-06 2.39634e-07
 2.14822e-27 2.18052e-27 7.4386e-27 1.79929e-21 1.07011e-16 1.46318e-12 4.59953e-09 3.32409e-06 0.000552293 0.0210972 0.185277 0.374077 0.17403 0.0290086 0.0644471 0.0900574 0.0323344 0.0138345 0.0100016 0.00351665 0.00135127 0.000346506 5.89259e-05 5.7539e-06 2.80126e-07
 2.14825e-27 2.18056e-27 7.44149e-27 1.80026e-21 1.07069e-16 1.46397e-12 4.60202e-09 3.32589e-06 0.000552592 0.0211086 0.185377 0.37428 0.174129 0.0291527 0.0652654 0.0911859 0.0323958 0.0127771 0.00904954 0.0031166 0.00120087 0.000334904 6.33328e-05 6.64776e-06 3.3093e-07
 2.1482e-27 2.18045e-27 7.42965e-27 1.79625e-21 1.0683e-16 1.46071e-12 4.59175e-09 3.31847e-06 0.000551359 0.0210616 0.184964 0.373445 0.173742 0.0291262 0.0653556 0.0913272 0.0326428 0.0134951 0.00959929 0.00315267 0.00114819 0.00031565 6.2192e-05 7.17678e-06 3.88743e-07
 2.148e-27 2.17995e-27 7.37693e-27 1.77836e-21 1.05766e-16 1.44616e-12 4.54604e-09 3.28543e-06 0.00054587 0.0208519 0.183122 0.369727 0.172031 0.0293171 0.0676411 0.0945458 0.0337359 0.0137685 0.00980016 0.00330248 0.00122011 0.000320241 6.04663e-05 7.09344e-06 4.11246e-07
 2.14808e-27 2.18017e-27 7.4009e-27 1.7865e-21 1.0625e-16 1.45278e-12 4.56683e-09 3.30046e-06 0.000548366 0.0209472 0.18396 0.371418 0.172808 0.0291988 0.0664099 0.0928167 0.0332127 0.013851 0.00989515 0.00331236 0.00122361 0.00032703 6.11017e-05 6.88988e-06 3.9723e-07
 2.14794e-27 2.17982e-27 7.36415e-27 1.77403e-21 1.05509e-16 1.44264e-12 4.53496e-09 3.27743e-06 0.00054454 0.0208011 0.182676 0.368827 0.171614 0.0292968 0.0677891 0.0947646 0.033952 0.014294 0.0102484 0.00347338 0.00129759 0.000346134 6.50476e-05 7.33499e-06 4.13138e-07
 2.14797e-27 2.1799e-27 7.37332e-27 1.77715e-21 1.05694e-16 1.44517e-12 4.54292e-09 3.28318e-06 0.000545495 0.0208376 0.182996 0.369473 0.17191 0.0292192 0.06712 0.0938288 0.0337199 0.014522 0.0104682 0.0035691 0.0013462 0.000363516 6.88604e-05 7.78704e-06 4.38754e-07
 2.1481e-27 2.18021e-27 7.40542e-27 1.78803e-21 1.06341e-16 1.45403e-12 4.57075e-09 3.30329e-06 0.000548837 0.0209652 0.184118 0.371737 0.172954 0.0291492 0.0660106 0.0922574 0.0330605 0.0139421 0.0100244 0.00346397 0.001327 0.000361622 6.93423e-05 7.92565e-06 4.4893e-07
 2.1482e-27 2.18047e-27 7.43265e-27 1.79727e-21 1.06891e-16 1.46154e-12 4.59436e-09 3.32036e-06 0.000551673 0.0210735 0.185069 0.373657 0.173838 0.0290689 0.0649414 0.0907489 0.0325095 0.0136756 0.00981172 0.00334989 0.00127271 0.000351289 6.84219e-05 7.91847e-06 4.53546e-07
 2.1476e-27 2.17897e-27 7.27414e-27 1.7435e-21 1.03693e-16 1.41781e-12 4.45691e-09 3.22102e-06 0.000535168 0.0204431 0.179532 0.362479 0.16869 0.0295961 0.0715294 0.100038 0.0358247 0.0150309 0.0107761 0.00367252 0.00138793 0.00037925 7.38777e-05 8.66984e-06 5.03584e-07
 2.14702e-27 2.17757e-27 7.12822e-27 1.69401e-21 1.00749e-16 1.37757e-12 4.33041e-09 3.1296e-06 0.000519978 0.0198628 0.174436 0.352191 0.163944 0.0298755 0.0763356 0.106849 0.0387307 0.0177209 0.0129233 0.00439917 0.0016589 0.000451671 8.73184e-05 1.02084e-05 5.9752e-07
 2.14725e-27 2.17814e-27 7.19024e-27 1.71506e-21 1.02001e-16 1.39468e-12 4.3842e-09 3.16848e-06 0.000526437 0.0201096 0.176603 0.356566 0.165955 0.0295636 0.0731133 0.102319 0.03729 0.0176963 0.0130833 0.0046912 0.00186084 0.00050876 9.80235e-05 1.13926e-05 6.63879e-07
#obs catch len freq
 1.2211e-39 5.97646e-33 6.72481e-27 1.73964e-21 1.03463e-16 1.41467e-12 4.44703e-09 3.21388e-06 0.000533991 0.0203978 0.179133 0.361675 0.168312 0.0294063 0.0706129 0.09878 0.0358348 0.0164931 0.0121133 0.00432026 0.00174096 0.000515364 0.000111858 1.50014e-05 1.02961e-06
 1.22583e-39 5.99959e-33 6.75084e-27 1.74638e-21 1.03864e-16 1.42015e-12 4.46424e-09 3.22632e-06 0.000536058 0.0204767 0.179826 0.363075 0.16896 0.0294346 0.070364 0.0984142 0.0355057 0.0157288 0.0114535 0.00404515 0.00160363 0.000462256 9.73228e-05 1.26858e-05 8.45465e-07
 1.30361e-39 6.38026e-33 7.17917e-27 1.85718e-21 1.10454e-16 1.51026e-12 4.7475e-09 3.43103e-06 0.00057007 0.021776 0.191236 0.386111 0.179572 0.0284112 0.0571737 0.0798081 0.0287576 0.0126269 0.00915055 0.00315746 0.00121966 0.000346017 7.10398e-05 8.96985e-06 5.79809e-07
 1.14436e-39 5.60083e-33 6.30214e-27 1.6303e-21 9.69603e-17 1.32576e-12 4.16753e-09 3.01188e-06 0.000500428 0.0191157 0.167874 0.338944 0.157865 0.0310518 0.0875095 0.122509 0.043034 0.0154138 0.0106616 0.00365262 0.00139264 0.000385228 7.69628e-05 9.47439e-06 5.94364e-07
 1.34049e-39 6.56076e-33 7.38227e-27 1.90972e-21 1.13578e-16 1.55298e-12 4.88181e-09 3.52809e-06 0.000586198 0.022392 0.196646 0.397033 0.184591 0.0276127 0.049007 0.0683496 0.0254411 0.013704 0.0101455 0.00310859 0.00103756 0.000279481 5.46129e-05 6.5318e-06 3.98553e-07
 1.38912e-39 6.79876e-33 7.65007e-27 1.979e-21 1.17699e-16 1.60932e-12 5.0589e-09 3.65608e-06 0.000607462 0.0232043 0.20378 0.411436 0.19125 0.0276115 0.0446591 0.0620935 0.02149 0.00667188 0.00451359 0.0017467 0.000719931 0.000177992 3.12224e-05 3.59319e-06 2.13279e-07
 1.25605e-39 6.14747e-33 6.91724e-27 1.78942e-21 1.06424e-16 1.45515e-12 4.57428e-09 3.30584e-06 0.000549271 0.0209814 0.184259 0.372024 0.173112 0.0298128 0.0699759 0.0977402 0.0335602 0.00952503 0.00601521 0.00171302 0.000536987 0.000157676 3.09517e-05 3.2992e-06 1.82503e-07
 1.26937e-39 6.21269e-33 6.99062e-27 1.80841e-21 1.07553e-16 1.47059e-12 4.62281e-09 3.34092e-06 0.000555098 0.021204 0.186214 0.375971 0.174907 0.029043 0.064087 0.0895433 0.0320867 0.013506 0.00944451 0.00256999 0.00068545 0.000150582 2.602e-05 3.07295e-06 1.7192e-07
 1.41698e-39 6.93515e-33 7.80354e-27 2.0187e-21 1.2006e-16 1.6416e-12 5.16039e-09 3.72942e-06 0.000619649 0.0236698 0.207868 0.419689 0.195043 0.0270123 0.0385135 0.0534696 0.0189764 0.00742153 0.00522651 0.00173765 0.000602456 0.000127 1.73766e-05 1.65692e-06 9.09935e-08
 1.41297e-39 6.9155e-33 7.78144e-27 2.01298e-21 1.1972e-16 1.63695e-12 5.14577e-09 3.71886e-06 0.000617893 0.0236027 0.207279 0.418501 0.19451 0.0274416 0.0414926 0.0576062 0.0195877 0.00493401 0.00302045 0.000964534 0.000337708 8.62467e-05 1.39352e-05 1.19254e-06 5.28992e-08
 1.34455e-39 6.58062e-33 7.40462e-27 1.9155e-21 1.13922e-16 1.55768e-12 4.89658e-09 3.53877e-06 0.000587972 0.0224598 0.197242 0.398235 0.185181 0.0285176 0.0541692 0.0754642 0.0257602 0.00681204 0.00415341 0.00107075 0.000267117 6.38198e-05 1.1172e-05 1.12296e-06 5.11859e-08
 1.31985e-39 6.45977e-33 7.26864e-27 1.88033e-21 1.1183e-16 1.52908e-12 4.80666e-09 3.47378e-06 0.000577174 0.0220473 0.193619 0.390923 0.181806 0.0286734 0.0573243 0.0799478 0.0278375 0.00916662 0.00601849 0.00158232 0.000388616 7.4173e-05 9.92581e-06 9.72719e-07 4.91896e-08
 1.35322e-39 6.6231e-33 7.45242e-27 1.92787e-21 1.14658e-16 1.56774e-12 4.92819e-09 3.56161e-06 0.000591767 0.0226047 0.198515 0.400806 0.186353 0.028085 0.0507532 0.0707005 0.024772 0.00866218 0.00584329 0.00170229 0.000496953 9.79063e-05 1.1869e-05 9.14591e-07 4.00188e-08
 1.33164e-39 6.51748e-33 7.33357e-27 1.89712e-21 1.12829e-16 1.54273e-12 4.8496e-09 3.50482e-06 0.00058233 0.0222443 0.195349 0.394414 0.183415 0.0285243 0.0553616 0.077173 0.0267397 0.00838564 0.00550457 0.00165449 0.000517279 0.000114223 1.58186e-05 1.206e-06 4.49603e-08
 1.27435e-39 6.23709e-33 7.01807e-27 1.81551e-21 1.07975e-16 1.47636e-12 4.64096e-09 3.35403e-06 0.000557277 0.0212873 0.186945 0.377447 0.175599 0.0292895 0.0651469 0.0909791 0.0317966 0.0108568 0.0072586 0.00206953 0.000604135 0.000137541 2.09028e-05 1.79645e-06 7.12747e-08
 1.1551e-39 5.6534e-33 6.3613e-27 1.64561e-21 9.78704e-17 1.3382e-12 4.20665e-09 3.04015e-06 0.000505126 0.0192952 0.16945 0.342126 0.159324 0.0307475 0.0846929 0.118576 0.0421557 0.0167011 0.0116371 0.00346023 0.00105865 0.00023106 3.39141e-05 3.07337e-06 1.34592e-07
 1.2624e-39 6.17859e-33 6.95225e-27 1.79848e-21 1.06962e-16 1.46252e-12 4.59743e-09 3.32258e-06 0.000552051 0.0210876 0.185191 0.373907 0.173939 0.0286726 0.0624479 0.0873043 0.0322527 0.0166404 0.0123138 0.00396901 0.00135639 0.000311774 4.66433e-05 4.11177e-06 1.81858e-07
 1.2209e-39 5.97547e-33 6.72369e-27 1.73936e-21 1.03446e-16 1.41444e-12 4.4463e-09 3.21335e-06 0.000533902 0.0203944 0.179103 0.361615 0.168297 0.02975 0.0727295 0.101704 0.0360603 0.0140036 0.0100138 0.00378069 0.00154537 0.000393919 6.51756e-05 6.01163e-06 2.66216e-07
 1.26899e-39 6.21082e-33 6.98851e-27 1.80786e-21 1.0752e-16 1.47015e-12 4.62142e-09 3.33991e-06 0.00055493 0.0211976 0.186158 0.375857 0.174849 0.0288801 0.0631265 0.0882082 0.0318543 0.0141969 0.0102204 0.00327607 0.00119099 0.000350871 6.89557e-05 7.13318e-06 3.39633e-07
 1.23333e-39 6.03629e-33 6.79213e-27 1.75706e-21 1.04499e-16 1.42883e-12 4.49155e-09 3.24605e-06 0.000539336 0.020602 0.180926 0.365295 0.169993 0.0295947 0.0706721 0.0988063 0.0350754 0.0137463 0.00972794 0.00335709 0.00126248 0.000327397 6.32629e-05 7.57199e-06 4.13318e-07
 1.24816e-39 6.10888e-33 6.87381e-27 1.77819e-21 1.05756e-16 1.44602e-12 4.54556e-09 3.28509e-06 0.000545822 0.0208497 0.183102 0.369688 0.172009 0.029212 0.0670123 0.0936805 0.0337182 0.0146773 0.0105238 0.00338271 0.00120118 0.000325153 6.1261e-05 6.96369e-06 4.06855e-07
 1.25896e-39 6.16174e-33 6.93328e-27 1.79358e-21 1.06671e-16 1.45853e-12 4.5849e-09 3.31351e-06 0.000550545 0.0210301 0.184686 0.372887 0.173485 0.0291193 0.0654824 0.0915099 0.0327572 0.0137019 0.00981835 0.00334436 0.00124118 0.000318275 5.83199e-05 6.61835e-06 3.76042e-07
 1.25669e-39 6.15065e-33 6.92081e-27 1.79035e-21 1.06479e-16 1.4559e-12 4.57664e-09 3.30755e-06 0.000549554 0.0209923 0.184354 0.372216 0.173178 0.0292168 0.0662793 0.0926233 0.0330183 0.013375 0.00948971 0.00316191 0.00116511 0.00031282 5.78956e-05 6.34341e-06 3.54236e-07
 1.25212e-39 6.12826e-33 6.89562e-27 1.78383e-21 1.06091e-16 1.45061e-12 4.55999e-09 3.29551e-06 0.000547554 0.0209159 0.183683 0.370861 0.172553 0.0292543 0.0669167 0.0935278 0.0334209 0.0137901 0.00980132 0.00320635 0.00115078 0.000303823 5.69275e-05 6.3822e-06 3.52117e-07
 1.25355e-39 6.13524e-33 6.90347e-27 1.78586e-21 1.06212e-16 1.45226e-12 4.56518e-09 3.29927e-06 0.000548178 0.0209397 0.183892 0.371284 0.172747 0.0292135 0.0665406 0.0930006 0.0332738 0.0138606 0.00988428 0.00326604 0.0011791 0.000305266 5.58232e-05 6.24214e-06 3.49363e-07
 1.25828e-39 6.1584e-33 6.92953e-27 1.7926e-21 1.06613e-16 1.45774e-12 4.58241e-09 3.31172e-06 0.000550247 0.0210187 0.184586 0.372685 0.173392 0.0291496 0.0657277 0.0918536 0.0328534 0.0136544 0.00973936 0.00323677 0.00117913 0.000307786 5.60139e-05 6.13592e-06 3.3959e-07
 1.17874e-39 5.7691e-33 6.49149e-27 1.67929e-21 9.98735e-17 1.36559e-12 4.29274e-09 3.10237e-06 0.000515464 0.0196901 0.172918 0.349127 0.162543 0.0302589 0.0796003 0.111414 0.0398388 0.0165232 0.011779 0.00391163 0.00142618 0.00037484 6.88506e-05 7.54789e-06 4.12566e-07
 1.1774e-39 5.76255e-33 6.48411e-27 1.67738e-21 9.976e-17 1.36404e-12 4.28786e-09 3.09885e-06 0.000514878 0.0196677 0.172722 0.34873 0.162342 0.0297961 0.0768944 0.107681 0.0396275 0.0199814 0.0147799 0.00490721 0.00178675 0.000469587 8.65888e-05 9.5666e-06 5.24784e-07
#spawning biomass
 5585.15 2287.43 2241.64 2072.49 2261.62 3430.27 3967.27 4085.42 6181.14 11144.1 16847.5 18878.1 26769.6 32330.2 43526.8 39552.6 32339.7 29795.7 33442.8 34120.1 32492.8 35111.8 37645.5 38199.3 42512.6 49954.5 51872.8 42761 38405.4 87945.8 106805 80754.9 56292.7 40848 32089.1 27383.7 24938.9 23696 23073.3 22764.3 22612.1 22537.4 22500.9 22483.1 22474.4 22470.2 22468.2 22467.2 22466.7 22466.5 22466.4 22466.3 22466.3 22466.3 22466.3 22466.3 22466.3 22466.3 22466.3 22466.3 22466.3 22466.3 22466.3 22466.3 22466.3 22466.3 22466.3 22466.3 22466.3 22466.3 22466.3 22466.3 22466.3 22466.3 22466.3 22466.3 22466.3 22466.3 22466.3 22466.3 22466.3 22466.3 22466.3 22466.3 22466.3 22466.3 22466.3 22466.3 22466.3 22466.3 22466.3 22466.3 22466.3 22466.3 22466.3 22466.3 22466.3 22466.3 22466.3 22466.3 22466.3 22466.3 22466.3 22466.3 22466.3 22466.3 22466.3 22466.3 22466.3 22466.3 22466.3 22466.3 22466.3 22466.3 22466.3 22466.3 22466.3 22466.3 22466.3 22466.3 22466.3 22466.3 22466.3 22466.3 22466.3 22466.3 22466.3 22466.3 0 0 0 0 0 0 0 0 0 0 0 0 0 0 0 0 0 0 0 0 0 0 0 0 0
