SBPRF35
0.819782
Curr Bio
121754
B35
680789
F35
0.209226
FOFL
0
OFL
0
Bzero
234224
#pred survey bio
 8499.27 7112.85 8338.5 11655.2 16520.7 18677.5 18329.5 23834.6 36724 53247.4 62078.2 82168.8 107275 128679 140194 110828 105721 109872 105165 103283 101415 114704 117106 123815 131534 135845 135640 130334 3.89944e+06 5.44378e+06 6.16217e+06 6.00954e+06 5.45143e+06 4.77038e+06 4.11903e+06 3.5636e+06 3.12038e+06 2.78115e+06 2.52847e+06 2.34351e+06 2.20956e+06 2.11297e+06 2.04274e+06 1.99082e+06 1.95407e+06 1.92781e+06 1.90883e+06 1.89497e+06 1.88473e+06 1.87708e+06 1.87131e+06 1.8669e+06 1.86351e+06 1.86087e+06 1.85881e+06 1.85718e+06 1.85589e+06 1.85486e+06 1.85404e+06 1.85337e+06 1.85284e+06 1.8524e+06 1.85205e+06 1.85177e+06 1.85154e+06 1.85135e+06 1.85119e+06 1.85107e+06 1.85097e+06 1.85088e+06 1.85081e+06 1.85076e+06 1.85071e+06 1.85068e+06 1.85064e+06 1.85062e+06 1.8506e+06 1.85058e+06 1.85057e+06 1.85056e+06 1.85055e+06 1.85054e+06 1.85053e+06 1.85053e+06 1.85053e+06 1.85052e+06 1.85052e+06 1.85052e+06 1.85052e+06 1.85051e+06 1.85051e+06 1.85051e+06 1.85051e+06 1.85051e+06 1.85051e+06 1.85051e+06 1.85051e+06 1.85051e+06 1.85051e+06 1.85051e+06 1.85051e+06 1.85051e+06 1.85051e+06 1.85051e+06 1.85051e+06 1.85051e+06 1.85051e+06 1.85051e+06 1.85051e+06 1.85051e+06 1.85051e+06 1.85051e+06 1.85051e+06 1.85051e+06 1.85051e+06 1.85051e+06 1.85051e+06 1.85051e+06 1.85051e+06 1.85051e+06 1.85051e+06 1.85051e+06 1.85051e+06 1.85051e+06 1.85051e+06 1.85051e+06 1.85051e+06 1.85051e+06 0 0 0 0 0 0 0 0 0 0 0 0 0 0 0 0 0 0 0 0 0 0 0 0 0
#obs survey bio
 7751.81 5888.45 6591.58 11593 18007.2 20376.7 13980.6 40209.8 71545.3 41604.3 56001.2 84940.9 94417.6 135180 145961 103331 134792 68325.2 142272 116759 110177 98741.5 118046 134886 156412 141616 125080 95435.5
#pred catch bio
 6143.52 5060.1 5766.69 7859.93 11552.6 14111.5 13531.3 16318.1 24168.5 39909 45446.1 61025.3 81062.2 93431.2 114454 87453.9 82223.5 88970.4 84381.8 84812 80241.9 96052.1 98307.7 103892 110430 114061 115446 90663.2 0 43539.8 49626.6 47852.2 42845.6 36942.8 31394.4 26733.1 23072.7 20323.4 18321.3 16895.5 15896.5 15204.4 14726.3 14395.3 14175.5 14029.5 13932.5 13868.1 13825.3 13796.9 13778.1 13765.5 13757.2 13751.7 13748 13745.6 13743.9 13742.9 13742.1 13741.7 13741.4 13741.1 13741 13740.9 13740.9 13740.8 13740.8 13740.8 13740.8 13740.8 13740.7 13740.7 13740.7 13740.7 13740.7 13740.7 13740.7 13740.7 13740.7 13740.7 13740.7 13740.7 13740.7 13740.7 13740.7 13740.7 13740.7 13740.7 13740.7 13740.7 13740.7 13740.7 13740.7 13740.7 13740.7 13740.7 13740.7 13740.7 13740.7 13740.7 13740.7 13740.7 13740.7 13740.7 13740.7 13740.7 13740.7 13740.7 13740.7 13740.7 13740.7 13740.7 13740.7 13740.7 13740.7 13740.7 13740.7 13740.7 13740.7 13740.7 13740.7 13740.7 13740.7 13740.7 13740.7 13740.7 13740.7 13740.7 0 0 0 0 0 0 0 0 0 0 0 0 0 0 0 0 0 0 0 0 0 0 0 0 0
#obs catch bio
 4861.73 5011.38 5695.27 7684.84 11253.1 13902.6 13684.7 15529.5 22804.7 38371 44280.5 59183.4 79080.8 90016.7 110849 85694.4 79153.1 88614.9 80712.6 80743.7 77724.4 94240.2 96519.2 101234 105930 110424 111960 89865.7
#pred cpue bio
 7390.79 5831.99 6597.53 9097.02 13062.6 15383.3 14735.5 18268.1 28453.8 42395.2 48759.8 63637.1 83286.7 101084 114879 89841.1 84028.8 87095.9 83090.8 81733.8 78920.7 89017.1 89930.5 94630.3 100684 104578 104985 100531 3.16917e+06 5.31739e+06 6.12577e+06 5.96429e+06 5.40279e+06 4.72113e+06 4.06969e+06 3.51425e+06 3.07102e+06 2.7318e+06 2.47911e+06 2.29416e+06 2.16021e+06 2.06362e+06 1.99338e+06 1.94146e+06 1.90472e+06 1.87845e+06 1.85948e+06 1.84562e+06 1.83538e+06 1.82773e+06 1.82195e+06 1.81755e+06 1.81415e+06 1.81152e+06 1.80945e+06 1.80783e+06 1.80654e+06 1.80551e+06 1.80468e+06 1.80402e+06 1.80348e+06 1.80305e+06 1.8027e+06 1.80241e+06 1.80218e+06 1.80199e+06 1.80184e+06 1.80171e+06 1.80161e+06 1.80153e+06 1.80146e+06 1.8014e+06 1.80136e+06 1.80132e+06 1.80129e+06 1.80126e+06 1.80124e+06 1.80123e+06 1.80121e+06 1.8012e+06 1.80119e+06 1.80119e+06 1.80118e+06 1.80117e+06 1.80117e+06 1.80117e+06 1.80116e+06 1.80116e+06 1.80116e+06 1.80116e+06 1.80116e+06 1.80116e+06 1.80116e+06 1.80115e+06 1.80115e+06 1.80115e+06 1.80115e+06 1.80115e+06 1.80115e+06 1.80115e+06 1.80115e+06 1.80115e+06 1.80115e+06 1.80115e+06 1.80115e+06 1.80115e+06 1.80115e+06 1.80115e+06 1.80115e+06 1.80115e+06 1.80115e+06 1.80115e+06 1.80115e+06 1.80115e+06 1.80115e+06 1.80115e+06 1.80115e+06 1.80115e+06 1.80115e+06 1.80115e+06 1.80115e+06 1.80115e+06 1.80115e+06 1.80115e+06 1.80115e+06 1.80115e+06 1.80115e+06 1.80115e+06 0 0 0 0 0 0 0 0 0 0 0 0 0 0 0 0 0 0 0 0 0 0 0 0 0
#obs cpue bio
 6562.86 9118.3 9810.69 14207.6 17895 15807.2 15557 36382.3 38720.3 74419 79855.2 98103 137512 173279 178805 128106 130039 123344 155797 158910 106215 134407 118833 136666 173737 156409 190266 150084
#pred surv len freq
 2.56663e-27 2.59769e-27 4.14226e-26 8.19853e-20 2.00977e-14 5.95531e-10 2.13309e-06 0.000923548 0.0483351 0.305781 0.234076 0.0369168 0.116543 0.107722 0.0284437 0.0381608 0.0178502 0.0157333 0.0106766 0.00882253 0.00742555 0.0068074 0.00718462 0.00656849 0.00202652
 2.56823e-27 2.6017e-27 4.44875e-26 8.8449e-20 2.16822e-14 6.42482e-10 2.30126e-06 0.000996359 0.0521459 0.329889 0.252538 0.0402753 0.129134 0.11897 0.0240438 0.0250196 0.00962547 0.00593649 0.00326508 0.00226119 0.00165224 0.00134574 0.001291 0.00120073 0.000408267
 2.56947e-27 2.60504e-27 4.73733e-26 9.45365e-20 2.31745e-14 6.86701e-10 2.45965e-06 0.00106493 0.0557348 0.352594 0.269872 0.040096 0.115591 0.106464 0.0217564 0.0228717 0.00775034 0.00322767 0.00129339 0.000632655 0.000358143 0.000242815 0.000202207 0.000181528 6.44571e-05
 2.56992e-27 2.60621e-27 4.83599e-26 9.66176e-20 2.36846e-14 7.01818e-10 2.5138e-06 0.00108838 0.0569618 0.360356 0.275801 0.0402404 0.112524 0.103553 0.0197817 0.0190938 0.00649819 0.00272284 0.000880878 0.000279588 0.000100216 4.83735e-05 3.20214e-05 2.60153e-05 9.27545e-06
 2.56931e-27 2.60456e-27 4.68909e-26 9.35186e-20 2.2925e-14 6.79308e-10 2.43317e-06 0.00105347 0.0551347 0.348797 0.266983 0.0407348 0.122482 0.112738 0.0213475 0.020343 0.00672672 0.00252339 0.000813228 0.000238272 5.50082e-05 1.49503e-05 6.40462e-06 4.23814e-06 1.45739e-06
 2.5673e-27 2.59914e-27 4.21252e-26 8.3465e-20 2.04604e-14 6.06279e-10 2.17159e-06 0.000940216 0.0492075 0.3113 0.238369 0.0418668 0.151201 0.139305 0.0272245 0.0270685 0.00891192 0.00326481 0.000999301 0.000268396 5.81396e-05 1.02944e-05 2.12152e-06 9.01703e-07 2.80775e-07
 2.56867e-27 2.60292e-27 4.55307e-26 9.06495e-20 2.22216e-14 6.58467e-10 2.35852e-06 0.00102115 0.0534432 0.338096 0.258806 0.0403583 0.125362 0.115571 0.0250076 0.0279961 0.00933031 0.00357124 0.00108723 0.000281391 5.58593e-05 8.85453e-06 1.06348e-06 1.92268e-07 4.62028e-08
 2.57067e-27 2.60826e-27 5.01799e-26 1.00457e-19 2.46259e-14 7.29708e-10 2.61369e-06 0.00113163 0.0592254 0.374676 0.286726 0.0396721 0.100523 0.0924832 0.0179021 0.0175994 0.00612869 0.00277183 0.000871947 0.000233054 4.51401e-05 6.6041e-06 6.56346e-07 5.2171e-08 6.4231e-09
 2.57013e-27 2.60672e-27 4.87643e-26 9.74706e-20 2.38937e-14 7.08014e-10 2.53599e-06 0.00109799 0.0574646 0.363537 0.278235 0.0405347 0.113054 0.103958 0.0183324 0.0156695 0.00519818 0.00199418 0.000668689 0.000205191 4.15229e-05 6.03607e-06 5.49835e-07 3.02684e-08 1.42257e-09
 2.56898e-27 2.60365e-27 4.60903e-26 9.18296e-20 2.25109e-14 6.67039e-10 2.38922e-06 0.00103444 0.054139 0.342498 0.262176 0.0409566 0.127547 0.117427 0.0224543 0.0216742 0.00693622 0.00223394 0.000680829 0.000188766 4.30628e-05 6.81243e-06 6.21574e-07 3.02209e-08 7.71415e-10
 2.56961e-27 2.60537e-27 4.76065e-26 9.50283e-20 2.3295e-14 6.90274e-10 2.47244e-06 0.00107047 0.0560248 0.354428 0.271279 0.0404985 0.117666 0.108304 0.0207332 0.0200564 0.00660904 0.00242615 0.000700197 0.00016361 3.28826e-05 5.43936e-06 5.50101e-07 2.67716e-08 5.56596e-10
 2.57018e-27 2.6069e-27 4.89394e-26 9.784e-20 2.39843e-14 7.10698e-10 2.5456e-06 0.00110215 0.0576824 0.364915 0.279283 0.0402809 0.110387 0.101545 0.0187956 0.0173342 0.00571599 0.00211668 0.00064339 0.000163508 2.88392e-05 4.07521e-06 4.13352e-07 2.20242e-08 4.52026e-10
 2.57003e-27 2.60645e-27 4.85135e-26 9.69415e-20 2.3764e-14 7.04171e-10 2.52222e-06 0.00109203 0.0571527 0.361563 0.276729 0.0406389 0.114905 0.105666 0.0186392 0.0159324 0.00516992 0.00179336 0.000543131 0.000141345 2.70081e-05 3.60993e-06 3.10567e-07 1.63096e-08 3.58483e-10
 2.56952e-27 2.60506e-27 4.72889e-26 9.4358e-20 2.31307e-14 6.85404e-10 2.455e-06 0.00106292 0.0556295 0.351928 0.269377 0.0409909 0.122749 0.112912 0.0200692 0.0173642 0.00552255 0.00173388 0.000505947 0.000124965 2.41133e-05 3.41923e-06 2.86378e-07 1.30247e-08 2.80106e-10
 2.56753e-27 2.59971e-27 4.25993e-26 8.44651e-20 2.07056e-14 6.13544e-10 2.19761e-06 0.000951482 0.0497971 0.31503 0.241219 0.0419715 0.149995 0.138149 0.026243 0.0251025 0.00803377 0.002579 0.000727657 0.000164186 2.99214e-05 4.18531e-06 3.66566e-07 1.62361e-08 3.10552e-10
 2.56815e-27 2.60144e-27 4.41646e-26 8.77674e-20 2.15151e-14 6.37532e-10 2.28353e-06 0.000988682 0.051744 0.327347 0.250612 0.0412451 0.137868 0.127009 0.0252033 0.0255482 0.00836529 0.00297914 0.000856375 0.000194224 3.29248e-05 4.25585e-06 3.63204e-07 1.65652e-08 3.07092e-10
 2.5691e-27 2.60399e-27 4.64078e-26 9.24995e-20 2.26751e-14 6.71905e-10 2.40665e-06 0.00104199 0.0545339 0.344996 0.264081 0.040734 0.124516 0.114646 0.022248 0.021924 0.00732229 0.00284375 0.000857356 0.000212335 3.66489e-05 4.52042e-06 3.53448e-07 1.56082e-08 2.93598e-10
 2.56916e-27 2.60413e-27 4.64885e-26 9.26696e-20 2.27168e-14 6.73141e-10 2.41108e-06 0.0010439 0.0546342 0.345631 0.26457 0.0410124 0.126291 0.116218 0.0213329 0.0194319 0.00642523 0.00241166 0.000751049 0.000202108 3.78898e-05 4.9104e-06 3.70884e-07 1.50795e-08 2.73752e-10
 2.56927e-27 2.60439e-27 4.66997e-26 9.3115e-20 2.2826e-14 6.76376e-10 2.42266e-06 0.00104892 0.0548967 0.347292 0.26584 0.041135 0.126331 0.116221 0.0207102 0.0179986 0.00579897 0.00194397 0.00058943 0.000156142 3.13447e-05 4.44764e-06 3.57972e-07 1.41861e-08 2.39267e-10
 2.56919e-27 2.60419e-27 4.65224e-26 9.27411e-20 2.27344e-14 6.7366e-10 2.41294e-06 0.00104471 0.0546763 0.345897 0.264776 0.0411747 0.127381 0.117196 0.0210071 0.0184266 0.00587041 0.00185585 0.000534765 0.00012855 2.50636e-05 3.70964e-06 3.28459e-07 1.38912e-08 2.29917e-10
 2.56992e-27 2.60615e-27 4.82452e-26 9.63754e-20 2.36253e-14 7.00059e-10 2.50749e-06 0.00108565 0.056819 0.359452 0.275119 0.0407403 0.116808 0.107422 0.0189541 0.0162027 0.00516544 0.0016402 0.000463042 0.000104433 1.859e-05 2.59181e-06 2.36393e-07 1.09375e-08 1.92497e-10
 2.57002e-27 2.6064e-27 4.84618e-26 9.68324e-20 2.37373e-14 7.03379e-10 2.51938e-06 0.0010908 0.0570884 0.361157 0.276421 0.0407587 0.116034 0.106689 0.0184975 0.0153435 0.00486721 0.00151043 0.000426108 9.58347e-05 1.62402e-05 2.06709e-06 1.75079e-07 8.28447e-09 1.58006e-10
 2.5704e-27 2.60742e-27 4.93365e-26 9.86775e-20 2.41896e-14 7.16781e-10 2.56739e-06 0.00111158 0.0581762 0.368038 0.281675 0.0407157 0.112014 0.102932 0.0169593 0.0127756 0.00400644 0.00117897 0.000327686 7.22728e-05 1.22057e-05 1.49793e-06 1.15735e-07 5.08544e-09 9.87155e-11
 2.57057e-27 2.60786e-27 4.97152e-26 9.94764e-20 2.43854e-14 7.22584e-10 2.58817e-06 0.00112058 0.0586472 0.371018 0.28395 0.0406948 0.110257 0.101293 0.0163457 0.0117834 0.00362099 0.000948509 0.000254985 5.36335e-05 8.85638e-06 1.07296e-06 8.00703e-08 3.22041e-09 5.839e-11
 2.5705e-27 2.60767e-27 4.95353e-26 9.90968e-20 2.42924e-14 7.19827e-10 2.5783e-06 0.0011163 0.0584234 0.369602 0.28287 0.0407897 0.111738 0.102651 0.0164395 0.0116536 0.00355251 0.000883408 0.000227382 4.30903e-05 6.75216e-06 7.87985e-07 5.76256e-08 2.22887e-09 3.72041e-11
 2.57027e-27 2.60705e-27 4.89893e-26 9.7945e-20 2.401e-14 7.1146e-10 2.54833e-06 0.00110333 0.0577443 0.365306 0.279592 0.0409483 0.115248 0.105892 0.0170455 0.0122192 0.00371532 0.00090593 0.000229119 4.10703e-05 5.90769e-06 6.32747e-07 4.40935e-08 1.65881e-09 2.65083e-11
 2.57006e-27 2.60648e-27 4.84931e-26 9.68981e-20 2.37534e-14 7.03856e-10 2.52109e-06 0.00109154 0.0571271 0.361402 0.276613 0.0410474 0.118095 0.108531 0.0177204 0.0130948 0.00399143 0.000985765 0.000248477 4.36037e-05 6.02134e-06 5.93464e-07 3.74314e-08 1.3269e-09 2.04894e-11
 2.5702e-27 2.60688e-27 4.88441e-26 9.76387e-20 2.3935e-14 7.09236e-10 2.54036e-06 0.00109988 0.0575638 0.364164 0.27872 0.0409317 0.115734 0.106354 0.0173638 0.0128309 0.00392901 0.00100061 0.000254252 4.50291e-05 6.14239e-06 5.83019e-07 3.38849e-08 1.08382e-09 1.56459e-11
#obs surv len freq
 1.64564e-41 2.28404e-33 3.83195e-26 7.77113e-20 1.905e-14 5.64486e-10 2.0219e-06 0.000875412 0.0458156 0.289843 0.222062 0.0442905 0.164082 0.139429 0.0428861 0.0346722 0.0112645 0.00383671 0.000826489 0.000107314 6.12796e-06 1.10738e-07 4.67289e-10 3.69729e-13 4.75974e-17
 1.89828e-41 2.63469e-33 4.42023e-26 8.96414e-20 2.19745e-14 6.51146e-10 2.3323e-06 0.0010098 0.0528492 0.334339 0.256052 0.04406 0.132854 0.106907 0.0342207 0.0261895 0.0082816 0.00264836 0.00052417 5.9596e-05 2.81306e-06 3.97373e-08 1.25959e-10 7.29387e-14 6.75827e-18
 1.92837e-41 2.67646e-33 4.49031e-26 9.10626e-20 2.23229e-14 6.61469e-10 2.36928e-06 0.00102581 0.053687 0.33964 0.260181 0.0470403 0.140747 0.105928 0.027069 0.0173629 0.00537658 0.0016163 0.000293451 2.89975e-05 1.12381e-06 1.23458e-08 2.92695e-11 1.23788e-14 8.25872e-19
 1.96219e-41 2.72339e-33 4.56905e-26 9.26595e-20 2.27144e-14 6.73069e-10 2.41082e-06 0.0010438 0.0546285 0.345596 0.264794 0.0487764 0.139375 0.0988105 0.0264343 0.0156542 0.00377055 0.000943306 0.000156555 1.33967e-05 4.23467e-07 3.60187e-09 6.37266e-12 1.96534e-15 9.43274e-20
 1.76841e-41 2.45444e-33 4.11784e-26 8.35089e-20 2.04712e-14 6.066e-10 2.17274e-06 0.000940722 0.0492336 0.311468 0.238925 0.0548653 0.175496 0.116724 0.0307859 0.0167502 0.00389434 0.000806612 0.000101184 7.19917e-06 1.84712e-07 1.2122e-09 1.59781e-12 3.59226e-16 1.24036e-20
 1.44938e-41 2.01165e-33 3.37495e-26 6.84434e-20 1.67781e-14 4.97166e-10 1.78077e-06 0.00077101 0.0403516 0.255279 0.196295 0.0625658 0.221417 0.140431 0.0491455 0.0267293 0.00580927 0.0010862 0.000111684 5.77678e-06 1.12638e-07 5.65356e-10 5.54687e-13 9.09209e-17 2.26001e-21
 2.08546e-41 2.89448e-33 4.8561e-26 9.84807e-20 2.41414e-14 7.15353e-10 2.56228e-06 0.00110938 0.0580604 0.367308 0.28152 0.0502896 0.112593 0.0692913 0.0346477 0.0192068 0.0049795 0.000907504 8.04469e-05 3.21285e-06 4.39885e-08 1.57698e-10 1.13074e-13 1.34889e-17 2.41593e-22
 1.98639e-41 2.75698e-33 4.62541e-26 9.38023e-20 2.29945e-14 6.8137e-10 2.44056e-06 0.00105668 0.0553023 0.349861 0.268542 0.0601708 0.15163 0.0816785 0.0192223 0.00892126 0.00296234 0.000595193 5.32514e-05 1.76189e-06 1.77365e-08 4.36526e-11 2.15256e-14 1.80947e-18 2.31176e-23
 2.00926e-41 2.78873e-33 4.67867e-26 9.48824e-20 2.32593e-14 6.89216e-10 2.46866e-06 0.00106884 0.0559391 0.35389 0.271753 0.0619727 0.146138 0.075114 0.0232811 0.0089373 0.00157046 0.000302635 2.99442e-05 9.42986e-07 7.66095e-09 1.3598e-11 4.58428e-15 2.60617e-19 2.28088e-24
 1.7306e-41 2.40196e-33 4.02979e-26 8.17232e-20 2.00335e-14 5.93629e-10 2.12628e-06 0.000920607 0.0481809 0.304813 0.234903 0.0760884 0.198618 0.0951247 0.0286836 0.0104635 0.00194681 0.000237937 1.7572e-05 5.42231e-07 3.96137e-09 5.59013e-12 1.37056e-15 5.39781e-20 3.20763e-25
 2.01755e-41 2.80023e-33 4.69797e-26 9.52739e-20 2.33553e-14 6.92059e-10 2.47885e-06 0.00107325 0.0561698 0.355353 0.273244 0.0667673 0.139775 0.0664591 0.0290711 0.0101135 0.00176071 0.000200042 1.04266e-05 2.227e-07 1.38337e-09 1.66255e-12 3.23253e-16 9.47121e-21 4.0073e-26
 1.84591e-41 2.562e-33 4.29828e-26 8.71683e-20 2.13683e-14 6.33182e-10 2.26795e-06 0.000981946 0.0513911 0.325125 0.250938 0.0817474 0.180647 0.0757764 0.0234376 0.00804846 0.0017156 0.000181089 8.03469e-06 1.21549e-07 5.06618e-10 4.60736e-13 7.16847e-17 1.65433e-21 5.32053e-27
 1.9248e-41 2.6715e-33 4.48199e-26 9.08938e-20 2.22816e-14 6.60243e-10 2.36488e-06 0.00102391 0.0535876 0.339022 0.2617 0.0809209 0.16068 0.0671233 0.0269009 0.00763238 0.00126102 0.000139122 5.88057e-06 7.14816e-08 2.1054e-10 1.27228e-13 1.3763e-17 2.35056e-22 5.75416e-28
 1.61826e-41 2.24604e-33 3.76819e-26 7.64182e-20 1.8733e-14 5.55093e-10 1.98825e-06 0.000860846 0.0450532 0.285042 0.221941 0.104524 0.217444 0.0839492 0.0307425 0.00880709 0.00150008 0.000128659 4.82332e-06 5.25588e-08 1.22287e-10 5.28942e-14 3.86586e-18 4.42493e-23 7.46456e-29
 1.47831e-41 2.05179e-33 3.4423e-26 6.98092e-20 1.71129e-14 5.07087e-10 1.8163e-06 0.000786396 0.0411569 0.2604 0.204018 0.113246 0.224319 0.0944437 0.0472696 0.0122676 0.00192864 0.00015733 4.74229e-06 4.14283e-08 7.99347e-11 2.7191e-14 1.46038e-18 1.16972e-23 1.34256e-29
 1.71645e-41 2.38232e-33 3.99684e-26 8.10551e-20 1.98697e-14 5.88776e-10 2.1089e-06 0.00091308 0.047787 0.302346 0.235829 0.103064 0.177032 0.0765139 0.0417146 0.012491 0.00214933 0.000154774 4.03968e-06 2.79147e-08 4.08892e-11 1.0768e-14 4.46992e-19 2.69028e-24 2.24413e-30
 1.68158e-41 2.33392e-33 3.91564e-26 7.94084e-20 1.9466e-14 5.76814e-10 2.06605e-06 0.00089453 0.0468162 0.296218 0.2326 0.118639 0.192013 0.0705449 0.0308671 0.00947445 0.00179252 0.000135179 3.08433e-06 1.72528e-08 1.94775e-11 3.80291e-15 1.16515e-19 5.22502e-25 3.25509e-31
 1.68916e-41 2.34444e-33 3.93329e-26 7.97664e-20 1.95538e-14 5.79415e-10 2.07537e-06 0.000898563 0.0470273 0.297566 0.234619 0.124194 0.185511 0.0704642 0.0308669 0.00748596 0.00126569 9.71574e-05 2.13133e-06 1.01352e-08 8.96282e-12 1.32188e-15 2.98437e-20 9.71069e-26 4.37451e-32
 1.65839e-41 2.30173e-33 3.86163e-26 7.83131e-20 1.91975e-14 5.68858e-10 2.03756e-06 0.000882192 0.0461705 0.292167 0.23208 0.135275 0.187882 0.0689821 0.0287859 0.00676691 0.000945225 6.01026e-05 1.20134e-06 5.07861e-09 3.71349e-12 4.25437e-16 7.1966e-21 1.72167e-26 5.6329e-33
 1.7497e-41 2.42847e-33 4.07426e-26 8.26251e-20 2.02546e-14 6.0018e-10 2.14975e-06 0.000930767 0.0487127 0.308265 0.245072 0.133869 0.168203 0.0630373 0.0255935 0.00557731 0.000700845 3.59527e-05 5.64496e-07 1.97474e-09 1.20124e-12 1.1105e-16 1.46029e-21 2.63347e-27 6.36099e-34
 1.70826e-41 2.37096e-33 3.97777e-26 8.06684e-20 1.97749e-14 5.85967e-10 2.09884e-06 0.000908724 0.0475592 0.301004 0.24185 0.14807 0.172943 0.0602013 0.022253 0.00466213 0.0005241 2.24721e-05 2.7235e-07 7.15973e-10 3.35288e-13 2.43108e-17 2.50349e-22 3.48821e-28 6.39868e-35
 1.72646e-41 2.39621e-33 4.02014e-26 8.15276e-20 1.99855e-14 5.92207e-10 2.12119e-06 0.000918402 0.0480658 0.304243 0.246012 0.152838 0.164524 0.05883 0.0204223 0.00375653 0.00037335 1.35119e-05 1.2887e-07 2.53197e-10 8.65825e-14 4.60702e-18 3.53369e-23 3.70752e-29 5.13882e-36
 1.72018e-41 2.3875e-33 4.00553e-26 8.12314e-20 1.99129e-14 5.90056e-10 2.11348e-06 0.000915065 0.0478912 0.30319 0.24759 0.16142 0.160596 0.056432 0.0184975 0.00318919 0.000268665 7.96742e-06 6.0238e-08 8.97959e-11 2.25555e-14 8.65505e-19 4.76008e-24 3.59352e-30 3.61143e-37
 1.73975e-41 2.41467e-33 4.0511e-26 8.21555e-20 2.01395e-14 5.96769e-10 2.13753e-06 0.000925477 0.0484363 0.306695 0.252486 0.166099 0.152504 0.053637 0.0164114 0.00260625 0.000191838 4.59627e-06 2.68697e-08 3.03709e-11 5.6659e-15 1.58501e-19 6.27151e-25 3.37878e-31 2.41436e-38
 1.68933e-41 2.34468e-33 3.93369e-26 7.97744e-20 1.95557e-14 5.79472e-10 2.07558e-06 0.000898653 0.0470327 0.297913 0.249758 0.180597 0.154488 0.0522863 0.0147412 0.00214418 0.000136314 2.66888e-06 1.20432e-08 1.0163e-11 1.39728e-15 2.85836e-20 8.20455e-26 3.18216e-32 1.62669e-39
 1.59992e-41 2.22058e-33 3.72548e-26 7.5552e-20 1.85207e-14 5.48802e-10 1.96572e-06 0.000851088 0.0445437 0.2823 0.242722 0.196566 0.159868 0.0563275 0.0147939 0.00191935 0.000104233 1.65679e-06 5.80263e-09 3.67217e-12 3.70219e-16 5.49223e-21 1.13804e-26 3.17842e-33 1.16713e-40
 1.5913e-41 2.20862e-33 3.70543e-26 7.51453e-20 1.8421e-14 5.45847e-10 1.95514e-06 0.000846507 0.0443044 0.280913 0.24504 0.199954 0.154451 0.0578463 0.0147906 0.00177169 8.09831e-05 1.03135e-06 2.79147e-09 1.32846e-12 9.87747e-17 1.0658e-21 1.59161e-27 3.18674e-34 8.36728e-42
 1.64244e-41 2.27959e-33 3.82449e-26 7.75599e-20 1.90129e-14 5.63387e-10 2.01796e-06 0.000873708 0.0457286 0.290059 0.254908 0.198964 0.142627 0.0523157 0.0129813 0.0014824 5.86691e-05 5.97508e-07 1.23814e-09 4.41187e-13 2.42014e-17 1.90596e-22 2.06073e-28 2.96905e-35 5.58383e-43
#pred catch len freq
 2.56535e-27 2.59428e-27 3.84675e-26 7.57515e-20 1.85696e-14 5.50249e-10 1.9709e-06 0.000853325 0.0446599 0.282531 0.216327 0.0371817 0.131028 0.121146 0.031798 0.0424747 0.0198241 0.0174205 0.0118118 0.00975659 0.00821067 0.00752693 0.00794398 0.00726272 0.00224071
 2.56703e-27 2.59846e-27 4.16388e-26 8.24395e-20 2.02091e-14 5.9883e-10 2.14491e-06 0.000928664 0.0486029 0.307476 0.235434 0.0409602 0.146362 0.134884 0.0271325 0.028073 0.0107828 0.00662654 0.00364152 0.00252066 0.00184158 0.00149991 0.00143889 0.00133827 0.000455036
 2.56831e-27 2.60189e-27 4.46002e-26 8.86864e-20 2.17404e-14 6.44207e-10 2.30744e-06 0.000999034 0.0522858 0.330775 0.253222 0.0408183 0.132785 0.122349 0.0248938 0.026035 0.00881259 0.00365586 0.00146373 0.000715541 0.000404998 0.00027457 0.00022865 0.000205267 7.28864e-05
 2.56874e-27 2.60302e-27 4.55401e-26 9.0669e-20 2.22264e-14 6.58608e-10 2.35903e-06 0.00102137 0.0534547 0.338169 0.258872 0.0410288 0.130418 0.120074 0.0228559 0.0219528 0.00746297 0.00311529 0.00100713 0.000319436 0.000114476 5.52537e-05 3.65756e-05 2.97153e-05 1.05946e-05
 2.56817e-27 2.60145e-27 4.4145e-26 8.7726e-20 2.1505e-14 6.3723e-10 2.28245e-06 0.000988215 0.0517196 0.327192 0.250498 0.0415209 0.140047 0.128952 0.0243158 0.0230352 0.00760919 0.0028432 0.000915595 0.000268081 6.18783e-05 1.68161e-05 7.20382e-06 4.76699e-06 1.63925e-06
 2.56625e-27 2.59627e-27 3.95942e-26 7.81258e-20 1.91516e-14 5.67496e-10 2.03268e-06 0.000880071 0.0460597 0.291387 0.223175 0.0425917 0.167393 0.154252 0.0299682 0.0295666 0.00972402 0.00354759 0.00108503 0.00029121 6.30689e-05 1.11664e-05 2.30116e-06 9.78054e-07 3.0455e-07
 2.56763e-27 2.6001e-27 4.30465e-26 8.5409e-20 2.0937e-14 6.204e-10 2.22217e-06 0.000962114 0.0503536 0.318551 0.243891 0.0409978 0.140707 0.129752 0.0279015 0.0310314 0.0103308 0.00393811 0.00119804 0.000309849 6.14961e-05 9.74726e-06 1.17068e-06 2.11647e-07 5.08597e-08
 2.56962e-27 2.6054e-27 4.76575e-26 9.5136e-20 2.33214e-14 6.91056e-10 2.47525e-06 0.00107169 0.0560882 0.354829 0.271583 0.0403689 0.116466 0.107204 0.0206664 0.0202051 0.00702751 0.00316636 0.000995405 0.000265866 5.14856e-05 7.53184e-06 7.48533e-07 5.94983e-08 7.32521e-09
 2.56892e-27 2.60344e-27 4.58535e-26 9.13299e-20 2.23884e-14 6.63409e-10 2.37622e-06 0.00102881 0.0538443 0.340634 0.26076 0.0414094 0.131988 0.121426 0.021354 0.0181677 0.0060209 0.00230107 0.000771006 0.000236434 4.78368e-05 6.95336e-06 6.33379e-07 3.48672e-08 1.63871e-09
 2.56801e-27 2.60102e-27 4.3761e-26 8.69158e-20 2.13064e-14 6.31345e-10 2.26137e-06 0.000979088 0.051242 0.324171 0.248193 0.0416369 0.142549 0.131274 0.0249565 0.0238973 0.00764042 0.00245039 0.000746168 0.000206732 4.71521e-05 7.45883e-06 6.80538e-07 3.30875e-08 8.44588e-10
 2.56862e-27 2.60268e-27 4.52352e-26 9.00258e-20 2.20687e-14 6.53936e-10 2.34229e-06 0.00101412 0.0530755 0.33577 0.257043 0.0411813 0.132864 0.122333 0.0232937 0.0223678 0.00736289 0.00269186 0.000776332 0.000181264 3.64229e-05 6.0245e-06 6.09266e-07 2.96509e-08 6.16456e-10
 2.56929e-27 2.60447e-27 4.679e-26 9.33057e-20 2.28728e-14 6.77761e-10 2.42763e-06 0.00105107 0.0550092 0.348003 0.26638 0.0409195 0.124312 0.114395 0.021057 0.01926 0.00634404 0.00233953 0.000710594 0.000180457 3.18225e-05 4.49637e-06 4.56061e-07 2.42997e-08 4.98727e-10
 2.56917e-27 2.60411e-27 4.64444e-26 9.25764e-20 2.2694e-14 6.72464e-10 2.40865e-06 0.00104285 0.0545792 0.345283 0.264308 0.0412818 0.128524 0.118227 0.020741 0.0175656 0.00569383 0.00196676 0.000595171 0.000154776 2.95687e-05 3.95186e-06 3.39975e-07 1.78538e-08 3.92425e-10
 2.5685e-27 2.60229e-27 4.4831e-26 8.91729e-20 2.18597e-14 6.47741e-10 2.3201e-06 0.00100451 0.0525726 0.332589 0.254623 0.0417449 0.138853 0.127768 0.0226053 0.0194101 0.00616756 0.0019284 0.000562253 0.00013877 2.67718e-05 3.79589e-06 3.17918e-07 1.44591e-08 3.10953e-10
 2.56678e-27 2.59766e-27 4.07894e-26 8.06469e-20 1.97696e-14 5.85809e-10 2.09827e-06 0.000908471 0.0475461 0.30079 0.230354 0.0425294 0.161874 0.149107 0.0281048 0.0265913 0.00850135 0.00271693 0.000765943 0.000172692 3.14647e-05 4.40081e-06 3.85431e-07 1.70716e-08 3.26533e-10
 2.5673e-27 2.59913e-27 4.21247e-26 8.34641e-20 2.04602e-14 6.06273e-10 2.17157e-06 0.000940206 0.049207 0.311297 0.238366 0.0418364 0.150971 0.139104 0.027401 0.0275183 0.00900045 0.00319154 0.000916742 0.000207758 3.52118e-05 4.55104e-06 3.88387e-07 1.77137e-08 3.28383e-10
 2.56826e-27 2.60171e-27 4.43919e-26 8.82469e-20 2.16327e-14 6.41014e-10 2.29601e-06 0.000994083 0.0520267 0.329135 0.251979 0.0413205 0.137481 0.126613 0.0244011 0.0238254 0.00794791 0.00307368 0.000925994 0.000229166 3.95463e-05 4.87736e-06 3.81347e-07 1.68401e-08 3.1677e-10
 2.56847e-27 2.60224e-27 4.48135e-26 8.91361e-20 2.18506e-14 6.47473e-10 2.31914e-06 0.0010041 0.0525509 0.332452 0.254514 0.0415332 0.137319 0.126389 0.0230288 0.0207411 0.00684977 0.00255972 0.000796522 0.000214191 4.01472e-05 5.20252e-06 3.92938e-07 1.5976e-08 2.90028e-10
 2.56855e-27 2.60243e-27 4.49572e-26 8.94391e-20 2.19249e-14 6.49675e-10 2.32703e-06 0.00100751 0.0527296 0.333582 0.25538 0.0416868 0.137879 0.126869 0.0224534 0.0192948 0.00620977 0.00207248 0.000627865 0.000166202 3.33575e-05 4.73288e-06 3.80921e-07 1.50954e-08 2.54604e-10
 2.56855e-27 2.60244e-27 4.49705e-26 8.94672e-20 2.19318e-14 6.49879e-10 2.32776e-06 0.00100783 0.0527462 0.333687 0.25546 0.0416725 0.137714 0.126724 0.0225456 0.0195377 0.00621771 0.00195676 0.000563361 0.000135321 2.63781e-05 3.90388e-06 3.4565e-07 1.46181e-08 2.41949e-10
 2.56919e-27 2.60418e-27 4.64969e-26 9.26872e-20 2.27212e-14 6.73269e-10 2.41154e-06 0.0010441 0.0546446 0.345697 0.264624 0.0412947 0.1284 0.118111 0.0207052 0.0175065 0.00557529 0.00176255 0.000497175 0.000112045 1.99408e-05 2.7799e-06 2.53543e-07 1.17309e-08 2.0646e-10
 2.56949e-27 2.60498e-27 4.71937e-26 9.41571e-20 2.30815e-14 6.83946e-10 2.44978e-06 0.00106066 0.0555112 0.351179 0.268808 0.0411798 0.124586 0.114572 0.0197133 0.0161322 0.00511177 0.00157901 0.000445072 0.000100023 1.69463e-05 2.15677e-06 1.82669e-07 8.64361e-09 1.64855e-10
 2.56991e-27 2.60607e-27 4.8137e-26 9.61469e-20 2.35693e-14 6.98399e-10 2.50155e-06 0.00108308 0.0566843 0.3586 0.274474 0.0411261 0.120197 0.11047 0.0180743 0.013421 0.00420423 0.00123144 0.000341963 7.53628e-05 1.27248e-05 1.5615e-06 1.20644e-07 5.30107e-09 1.02901e-10
 2.57008e-27 2.60653e-27 4.85327e-26 9.69817e-20 2.37739e-14 7.04463e-10 2.52327e-06 0.00109248 0.0571764 0.361713 0.276851 0.0411042 0.11836 0.108757 0.0174329 0.0123838 0.00380167 0.000991201 0.000266206 5.59494e-05 9.23676e-06 1.11894e-06 8.34995e-08 3.35831e-09 6.08903e-11
 2.57001e-27 2.60633e-27 4.83459e-26 9.65875e-20 2.36773e-14 7.016e-10 2.51301e-06 0.00108804 0.056944 0.360243 0.27573 0.0412035 0.119903 0.110173 0.0175281 0.0122426 0.00372842 0.000922838 0.0002373 4.49337e-05 7.03936e-06 8.21423e-07 6.00694e-08 2.32338e-09 3.87815e-11
 2.56977e-27 2.60568e-27 4.77686e-26 9.53698e-20 2.33787e-14 6.92754e-10 2.48133e-06 0.00107432 0.0562261 0.355702 0.272265 0.0413722 0.123622 0.113605 0.0181659 0.0128324 0.00389804 0.000946065 0.000239036 4.28135e-05 6.15696e-06 6.59379e-07 4.5948e-08 1.72857e-09 2.7623e-11
 2.56959e-27 2.60521e-27 4.73638e-26 9.45157e-20 2.31694e-14 6.86551e-10 2.45911e-06 0.0010647 0.0557226 0.352516 0.269834 0.0414409 0.125852 0.115676 0.0187528 0.0136504 0.00415675 0.00102177 0.000257304 4.51163e-05 6.22872e-06 6.13839e-07 3.87154e-08 1.37241e-09 2.11921e-11
 2.56914e-27 2.60397e-27 4.62646e-26 9.21969e-20 2.2601e-14 6.69707e-10 2.39878e-06 0.00103858 0.0543555 0.343868 0.263235 0.0417717 0.133006 0.122276 0.0198978 0.0146018 0.00446797 0.00113327 0.00028772 5.09174e-05 6.94401e-06 6.59039e-07 3.83021e-08 1.22509e-09 1.76853e-11
#obs catch len freq
 1.63394e-41 2.2678e-33 3.8047e-26 7.71586e-20 1.89145e-14 5.60472e-10 2.00752e-06 0.000869187 0.0454898 0.287782 0.220489 0.0443242 0.165316 0.140498 0.0433711 0.0351815 0.0116205 0.00403617 0.00089322 0.000120164 7.15128e-06 1.34371e-07 5.87866e-10 4.81148e-13 6.39002e-17
 1.65143e-41 2.29207e-33 3.84543e-26 7.79845e-20 1.9117e-14 5.66471e-10 2.02901e-06 0.00087849 0.0459766 0.290862 0.222905 0.0463814 0.167837 0.135086 0.0428049 0.0326585 0.0104397 0.00339365 0.000690153 8.10233e-05 3.97354e-06 5.83372e-08 1.9134e-10 1.14159e-13 1.08661e-17
 1.91141e-41 2.65291e-33 4.4508e-26 9.02613e-20 2.21265e-14 6.55649e-10 2.34843e-06 0.00101679 0.0532146 0.336651 0.257876 0.045822 0.13462 0.102371 0.0338182 0.0242851 0.00755816 0.00229408 0.000425975 4.33928e-05 1.741e-06 1.9815e-08 4.85458e-11 2.11243e-14 1.44429e-18
 1.94646e-41 2.70156e-33 4.53242e-26 9.19166e-20 2.25323e-14 6.67673e-10 2.39149e-06 0.00103543 0.0541905 0.342825 0.262684 0.0489539 0.141504 0.100227 0.0262273 0.0158816 0.00484137 0.00137365 0.000232304 2.0375e-05 6.64464e-07 5.83423e-09 1.06348e-11 3.36909e-15 1.6555e-19
 1.98649e-41 2.75711e-33 4.62563e-26 9.38069e-20 2.29957e-14 6.81403e-10 2.44068e-06 0.00105673 0.055305 0.349876 0.26814 0.0507055 0.138853 0.0924731 0.0253683 0.0140105 0.00329445 0.000784853 0.00012049 9.06166e-06 2.38657e-07 1.61015e-09 2.17945e-12 5.01989e-16 1.77141e-20
 1.79896e-41 2.49684e-33 4.18897e-26 8.49514e-20 2.08248e-14 6.17078e-10 2.21027e-06 0.000956972 0.0500841 0.316848 0.243148 0.0574565 0.174411 0.10875 0.0293858 0.0148656 0.00336033 0.000650471 7.57137e-05 4.71633e-06 9.98634e-08 5.1607e-10 5.17979e-13 8.67267e-17 2.19803e-21
 1.48844e-41 2.06586e-33 3.46591e-26 7.0288e-20 1.72303e-14 5.10565e-10 1.82876e-06 0.00079179 0.0414391 0.262159 0.201722 0.0661651 0.219991 0.131078 0.0472003 0.0235434 0.00496305 0.000861027 8.06452e-05 3.63891e-06 5.84435e-08 2.29627e-10 1.70793e-13 2.07923e-17 3.78742e-22
 2.1204e-41 2.94297e-33 4.93744e-26 1.0013e-19 2.45458e-14 7.27336e-10 2.6052e-06 0.00112796 0.059033 0.373461 0.286312 0.052002 0.109788 0.063879 0.0328056 0.0166553 0.0041806 0.000694545 5.5458e-05 1.90249e-06 2.1353e-08 5.98745e-11 3.24584e-14 2.86871e-18 3.75917e-23
 2.02531e-41 2.811e-33 4.71604e-26 9.56403e-20 2.34451e-14 6.94721e-10 2.48838e-06 0.00107738 0.0563859 0.356717 0.273922 0.0624317 0.1471 0.0738777 0.017716 0.00778945 0.00249044 0.00045331 3.57639e-05 1.00039e-06 8.16587e-09 1.56643e-11 5.8377e-15 3.63171e-19 3.39e-24
 2.05183e-41 2.8478e-33 4.77778e-26 9.68924e-20 2.3752e-14 7.03816e-10 2.52096e-06 0.00109149 0.0571241 0.361388 0.277637 0.0641351 0.140657 0.0676776 0.0213152 0.00744254 0.00127976 0.00023014 1.97543e-05 5.15994e-07 3.34924e-09 4.60122e-12 1.16993e-15 4.92157e-20 3.14581e-25
 1.78271e-41 2.47428e-33 4.15111e-26 8.41837e-20 2.06367e-14 6.11502e-10 2.1903e-06 0.000948324 0.0496315 0.313992 0.242175 0.0793533 0.191432 0.0857906 0.0261871 0.00875452 0.00154909 0.000172946 1.14622e-05 2.90906e-07 1.67204e-09 1.80777e-12 3.3279e-16 9.68865e-21 4.2064e-26
 2.06541e-41 2.86666e-33 4.80941e-26 9.75339e-20 2.39093e-14 7.08476e-10 2.53765e-06 0.00109871 0.0575023 0.363783 0.279886 0.068867 0.132983 0.0598456 0.0262226 0.00829133 0.00137143 0.000139982 6.38417e-06 1.14067e-07 5.57042e-10 5.08236e-13 7.37211e-17 1.59216e-21 4.91957e-27
 1.90067e-41 2.638e-33 4.4258e-26 8.97543e-20 2.20022e-14 6.51966e-10 2.33524e-06 0.00101108 0.0529157 0.334773 0.258621 0.0845772 0.171542 0.0674705 0.0209428 0.00668774 0.00132734 0.000124334 4.74761e-06 5.90912e-08 1.94613e-10 1.3458e-13 1.55543e-17 2.63523e-22 6.17663e-28
 1.97974e-41 2.74774e-33 4.60991e-26 9.34881e-20 2.29175e-14 6.79087e-10 2.43238e-06 0.00105314 0.055117 0.348701 0.269413 0.0833268 0.151461 0.0599947 0.0237264 0.00614275 0.000963218 9.43206e-05 3.35726e-06 3.30911e-08 7.62703e-11 3.50416e-14 2.8182e-18 3.52598e-23 6.27148e-29
 1.68229e-41 2.3349e-33 3.91728e-26 7.94417e-20 1.94742e-14 5.77056e-10 2.06692e-06 0.000894905 0.0468358 0.296324 0.231107 0.108352 0.205745 0.0752368 0.0271159 0.00717346 0.00112471 8.55927e-05 2.71327e-06 2.3627e-08 4.25391e-11 1.39128e-14 7.55158e-19 6.33362e-24 7.7544e-30
 1.54693e-41 2.14704e-33 3.60211e-26 7.305e-20 1.79074e-14 5.30628e-10 1.90062e-06 0.000822904 0.0430675 0.272495 0.213947 0.117652 0.212574 0.0864834 0.0415125 0.00990051 0.0014371 0.000102389 2.57997e-06 1.80224e-08 2.6728e-11 6.82778e-15 2.71438e-19 1.59217e-24 1.32728e-30
 1.78398e-41 2.47605e-33 4.15408e-26 8.4244e-20 2.06514e-14 6.11939e-10 2.19187e-06 0.000949003 0.0496671 0.314247 0.245518 0.10596 0.165773 0.0698592 0.0362688 0.010097 0.00155911 9.75073e-05 2.10492e-06 1.15149e-08 1.29329e-11 2.55023e-15 7.80778e-20 3.43384e-25 2.07958e-31
 1.74982e-41 2.42863e-33 4.07453e-26 8.26306e-20 2.02559e-14 6.0022e-10 2.14989e-06 0.000930828 0.0487159 0.308247 0.242559 0.121602 0.178813 0.0634098 0.0266614 0.00767494 0.00129918 8.34443e-05 1.5526e-06 6.82311e-09 5.86878e-12 8.55375e-16 1.92915e-20 6.30779e-26 2.84749e-32
 1.75915e-41 2.44158e-33 4.09626e-26 8.30713e-20 2.03639e-14 6.03421e-10 2.16135e-06 0.000935792 0.0489757 0.309907 0.244908 0.126768 0.17199 0.0634781 0.0261386 0.00592785 0.000908779 5.90674e-05 1.0404e-06 3.83907e-09 2.5709e-12 2.8199e-16 4.67565e-21 1.10777e-26 3.61146e-33
 1.72972e-41 2.40074e-33 4.02774e-26 8.16817e-20 2.00233e-14 5.93327e-10 2.1252e-06 0.000920139 0.0481565 0.30475 0.242723 0.137672 0.173611 0.0619668 0.0242267 0.00527611 0.000659004 3.57245e-05 5.70636e-07 1.85259e-09 1.01738e-12 8.6281e-17 1.06922e-21 1.85969e-27 4.39929e-34
 1.81968e-41 2.52559e-33 4.2372e-26 8.59297e-20 2.10646e-14 6.24184e-10 2.23573e-06 0.000967992 0.050661 0.320612 0.255545 0.135361 0.154441 0.0563913 0.021245 0.00427703 0.000474853 2.05196e-05 2.57548e-07 6.89901e-10 3.13344e-13 2.13338e-17 2.04846e-22 2.68096e-28 4.67769e-35
 1.77984e-41 2.4703e-33 4.14444e-26 8.40485e-20 2.06035e-14 6.10519e-10 2.18678e-06 0.0009468 0.049552 0.31364 0.252765 0.149204 0.158186 0.0534692 0.0183465 0.00352908 0.000346962 1.23859e-05 1.19005e-07 2.39082e-10 8.34333e-14 4.44072e-18 3.32812e-23 3.35702e-29 4.44151e-36
 1.79803e-41 2.49555e-33 4.1868e-26 8.49076e-20 2.08141e-14 6.16759e-10 2.20913e-06 0.000956478 0.0500586 0.316887 0.257047 0.153327 0.150036 0.0520496 0.0165937 0.00279358 0.000241277 7.18958e-06 5.38973e-08 8.05107e-11 2.04715e-14 7.98357e-19 4.44732e-24 3.36979e-30 3.36128e-37
 1.79221e-41 2.48746e-33 4.17323e-26 8.46323e-20 2.07466e-14 6.1476e-10 2.20197e-06 0.000953377 0.0498965 0.315923 0.258867 0.161283 0.146015 0.0496509 0.0149097 0.00232703 0.000168825 4.09453e-06 2.41507e-08 2.72263e-11 5.06981e-15 1.42356e-19 5.68003e-25 3.09292e-31 2.23328e-38
 1.81175e-41 2.51459e-33 4.21874e-26 8.55552e-20 2.09729e-14 6.21464e-10 2.22598e-06 0.000963775 0.0504408 0.319435 0.263882 0.165158 0.138198 0.0468577 0.013076 0.0018673 0.000117064 2.27224e-06 1.03084e-08 8.77458e-12 1.20983e-15 2.47208e-20 7.08926e-26 2.75331e-32 1.41288e-39
 1.76242e-41 2.44613e-33 4.10388e-26 8.3226e-20 2.04019e-14 6.04545e-10 2.16538e-06 0.000937535 0.0490679 0.310866 0.261627 0.179068 0.139796 0.0453996 0.0116433 0.00150985 8.10234e-05 1.27315e-06 4.42928e-09 2.80468e-12 2.84304e-16 4.24046e-21 8.81102e-27 2.46182e-33 9.03437e-41
 1.67502e-41 2.32481e-33 3.90035e-26 7.90983e-20 1.939e-14 5.74562e-10 2.05799e-06 0.000891038 0.0466349 0.295635 0.255299 0.194704 0.145109 0.0487612 0.0115734 0.00132855 6.0367e-05 7.6376e-07 2.04983e-09 9.69552e-13 7.19024e-17 7.76573e-22 1.16349e-27 2.33875e-34 6.16114e-42
 1.66698e-41 2.31365e-33 3.88163e-26 7.87187e-20 1.9297e-14 5.71804e-10 2.04811e-06 0.000886762 0.0464117 0.294373 0.25789 0.197485 0.140392 0.0498476 0.0114662 0.00120033 4.54831e-05 4.57705e-07 9.44229e-10 3.34647e-13 1.82606e-17 1.43243e-22 1.54531e-28 2.22537e-35 4.18941e-43
#spawning biomass
 8211.08 6779.81 7846.72 10916.9 15570 17926 17371.2 22140.6 34328.1 50345.7 58327.8 76750.8 100384 121054 134327 105581 99837.4 103718 99181.9 97477.2 95009.7 107352 109155 115199 122480 126816 126912 121754 155160 265930 291841 280699 251488 217107 184793 157646 136328 120316 108656 100351 94533.2 90502.7 87718.2 85790.5 84510.2 83659.9 83095.1 82720 82470.9 82305.5 82195.6 82122.6 82074.1 82041.9 82020.5 82006.3 81996.9 81990.6 81986.5 81983.7 81981.9 81980.7 81979.8 81979.3 81978.9 81978.7 81978.6 81978.4 81978.4 81978.3 81978.3 81978.3 81978.3 81978.3 81978.3 81978.2 81978.2 81978.2 81978.2 81978.2 81978.2 81978.2 81978.2 81978.2 81978.2 81978.2 81978.2 81978.2 81978.2 81978.2 81978.2 81978.2 81978.2 81978.2 81978.2 81978.2 81978.2 81978.2 81978.2 81978.2 81978.2 81978.2 81978.2 81978.2 81978.2 81978.2 81978.2 81978.2 81978.2 81978.2 81978.2 81978.2 81978.2 81978.2 81978.2 81978.2 81978.2 81978.2 81978.2 81978.2 81978.2 81978.2 81978.2 81978.2 81978.2 81978.2 81978.2 81978.2 0 0 0 0 0 0 0 0 0 0 0 0 0 0 0 0 0 0 0 0 0 0 0 0 0
