SBPRF35
0.0418793
Curr Bio
208508
B35
92246.8
F35
39.0013
FOFL
39.0013
OFL
279299
Bzero
10911.8
#pred survey bio
 7607.19 8334.78 10740 13344.5 22662 34156.1 33706.2 37491.2 50879.2 63540.8 77868.6 101599 127859 154181 156917 126699 115847 117156 105365 100326 106648 120073 124084 131754 136327 134490 131185 135683 3.44855e+06 690332 220996 113133 81796.6 72724.6 70142.6 69419.6 69219.9 69165.4 69150.6 69146.6 69145.5 69145.3 69145.2 69145.2 69145.2 69145.2 69145.2 69145.2 69145.2 69145.2 69145.2 69145.2 69145.2 69145.2 69145.2 69145.2 69145.2 69145.2 69145.2 69145.2 69145.2 69145.2 69145.2 69145.2 69145.2 69145.2 69145.2 69145.2 69145.2 69145.2 69145.2 69145.2 69145.2 69145.2 69145.2 69145.2 69145.2 69145.2 69145.2 69145.2 69145.2 69145.2 69145.2 69145.2 69145.2 69145.2 69145.2 69145.2 69145.2 69145.2 69145.2 69145.2 69145.2 69145.2 69145.2 69145.2 69145.2 69145.2 69145.2 69145.2 69145.2 69145.2 69145.2 69145.2 69145.2 69145.2 69145.2 69145.2 69145.2 69145.2 69145.2 69145.2 69145.2 69145.2 69145.2 69145.2 69145.2 69145.2 69145.2 69145.2 69145.2 69145.2 69145.2 69145.2 69145.2 69145.2 69145.2 69145.2 0 0 0 0 0 0 0 0 0 0 0 0 0 0 0 0 0 0 0 0 0 0 0 0 0
#obs survey bio
 5465.03 6873.43 7871.54 12667.6 23759.4 29508.1 31494.2 41236 62186.8 63685 78929.3 108288 147832 139605 207392 115911 123893 118780 105886 136292 110280 135722 107622 125113 141296 151478 136945 93674.8
#pred catch bio
 2238.66 3965.33 5555.69 6636.88 9858.14 19366.1 20627 20370.2 28881.7 39128.4 47261.9 62822.2 75915.4 95256.8 114069 89983.3 78858.2 89058.1 80033.6 73883.9 77448.8 95552.4 96845.1 102305 109632 111796 107296 95584.7 279299 5816.31 5808.36 5808.36 5808.36 5808.36 5808.36 5808.36 5808.36 5808.36 5808.36 5808.36 5808.36 5808.36 5808.36 5808.36 5808.36 5808.36 5808.36 5808.36 5808.36 5808.36 5808.36 5808.36 5808.36 5808.36 5808.36 5808.36 5808.36 5808.36 5808.36 5808.36 5808.36 5808.36 5808.36 5808.36 5808.36 5808.36 5808.36 5808.36 5808.36 5808.36 5808.36 5808.36 5808.36 5808.36 5808.36 5808.36 5808.36 5808.36 5808.36 5808.36 5808.36 5808.36 5808.36 5808.36 5808.36 5808.36 5808.36 5808.36 5808.36 5808.36 5808.36 5808.36 5808.36 5808.36 5808.36 5808.36 5808.36 5808.36 5808.36 5808.36 5808.36 5808.36 5808.36 5808.36 5808.36 5808.36 5808.36 5808.36 5808.36 5808.36 5808.36 5808.36 5808.36 5808.36 5808.36 5808.36 5808.36 5808.36 5808.36 5808.36 5808.36 5808.36 5808.36 5808.36 5808.36 5808.36 5808.36 5808.36 0 0 0 0 0 0 0 0 0 0 0 0 0 0 0 0 0 0 0 0 0 0 0 0 0
#obs catch bio
 4579.92 4052.07 5618.49 6752.28 9807.7 19435.5 21322.4 20169.1 28917.5 39050.4 47245.1 62265.3 75211.2 94700.2 114809 90568.6 78378.1 89678.8 80036.8 73238.8 76705.8 94385.8 95656.7 100188 106204 109953 106111 95264.2
#pred cpue bio
 7434.25 7857.11 10205.9 12696.9 20669.1 32924.3 32651.1 35049.4 48148.1 60142.9 73218.3 95320.8 120593 146513 151593 122009 110193 111688 100305 94867.7 100268 112688 116391 123628 128490 126392 123049 126789 3.27972e+06 748609 214342 105501 74146.1 65073.7 62491.7 61768.8 61569.1 61514.5 61499.7 61495.7 61494.7 61494.4 61494.3 61494.3 61494.3 61494.3 61494.3 61494.3 61494.3 61494.3 61494.3 61494.3 61494.3 61494.3 61494.3 61494.3 61494.3 61494.3 61494.3 61494.3 61494.3 61494.3 61494.3 61494.3 61494.3 61494.3 61494.3 61494.3 61494.3 61494.3 61494.3 61494.3 61494.3 61494.3 61494.3 61494.3 61494.3 61494.3 61494.3 61494.3 61494.3 61494.3 61494.3 61494.3 61494.3 61494.3 61494.3 61494.3 61494.3 61494.3 61494.3 61494.3 61494.3 61494.3 61494.3 61494.3 61494.3 61494.3 61494.3 61494.3 61494.3 61494.3 61494.3 61494.3 61494.3 61494.3 61494.3 61494.3 61494.3 61494.3 61494.3 61494.3 61494.3 61494.3 61494.3 61494.3 61494.3 61494.3 61494.3 61494.3 61494.3 61494.3 61494.3 61494.3 61494.3 61494.3 61494.3 61494.3 0 0 0 0 0 0 0 0 0 0 0 0 0 0 0 0 0 0 0 0 0 0 0 0 0
#obs cpue bio
 4045.43 7661.25 10493.3 10887.7 29379 23633.1 25758.1 45691.5 33706.6 67829.3 68820.1 117157 114857 163300 101561 123175 116676 92288.6 107215 87416 107145 133695 151394 205025 223212 122275 135523 181098
#pred surv len freq
 2.56646e-27 2.59724e-27 4.09506e-26 8.09892e-20 1.98535e-14 5.88295e-10 2.10718e-06 0.000912326 0.0477479 0.302066 0.231256 0.037975 0.126578 0.116933 0.0292689 0.0376838 0.0170855 0.014349 0.00928635 0.00731056 0.00582343 0.00503497 0.0049914 0.00436914 0.00132606
 2.57019e-27 2.60695e-27 4.902e-26 9.80102e-20 2.4026e-14 7.11934e-10 2.55003e-06 0.00110406 0.0577828 0.36555 0.279762 0.0399519 0.107545 0.0989008 0.0178677 0.0159327 0.00604897 0.0036223 0.00191067 0.0012544 0.000859232 0.000652248 0.000578294 0.000506121 0.0001681
 2.5699e-27 2.60598e-27 4.79954e-26 9.5848e-20 2.3496e-14 6.96228e-10 2.49377e-06 0.00107971 0.056508 0.357485 0.273632 0.0416768 0.124979 0.114755 0.0164961 0.00874482 0.00281504 0.000999592 0.000388882 0.000183225 9.70279e-05 6.05801e-05 4.57633e-05 3.78166e-05 1.29956e-05
 2.56981e-27 2.60574e-27 4.7778e-26 9.53893e-20 2.33835e-14 6.92896e-10 2.48184e-06 0.00107454 0.0562376 0.355774 0.272327 0.0417581 0.126515 0.116186 0.0170103 0.00954082 0.00280354 0.000549225 0.000150442 4.18795e-05 1.42744e-05 6.34387e-06 3.7357e-06 2.71591e-06 9.25124e-07
 2.57226e-27 2.61243e-27 5.37422e-26 1.07972e-19 2.64679e-14 7.84292e-10 2.8092e-06 0.00121628 0.0636555 0.402702 0.308127 0.0396491 0.085313 0.0782403 0.0116505 0.00687207 0.00203577 0.000419676 9.74122e-05 1.47627e-05 2.74053e-06 6.71528e-07 2.54128e-07 1.45197e-07 4.67955e-08
 2.569e-27 2.60348e-27 4.57347e-26 9.10786e-20 2.23268e-14 6.61584e-10 2.36968e-06 0.00102598 0.0536962 0.339697 0.260066 0.0427589 0.142745 0.131071 0.0179613 0.00796483 0.00235672 0.000512167 0.000121518 1.828e-05 2.19113e-06 2.41005e-07 4.12153e-08 1.45417e-08 4.11401e-09
 2.56856e-27 2.60232e-27 4.47418e-26 8.89842e-20 2.18134e-14 6.4637e-10 2.31519e-06 0.00100239 0.0524614 0.331885 0.254101 0.0427641 0.146976 0.135049 0.0200256 0.0116641 0.00337 0.000551505 0.000124837 1.971e-05 2.39117e-06 1.93174e-07 1.24804e-08 1.62582e-09 3.34686e-10
 2.57091e-27 2.60874e-27 5.04437e-26 1.01013e-19 2.47621e-14 7.33746e-10 2.62815e-06 0.00113789 0.0595531 0.376749 0.288329 0.0408618 0.108452 0.0995396 0.0144629 0.00792431 0.00235477 0.000504207 0.000113704 1.40256e-05 1.65395e-06 1.36957e-07 6.5666e-09 2.46011e-10 2.06676e-11
 2.57021e-27 2.6068e-27 4.86942e-26 9.7322e-20 2.38573e-14 7.06935e-10 2.53212e-06 0.00109631 0.0573771 0.362983 0.27783 0.0416633 0.121927 0.11191 0.0154735 0.00711362 0.00208748 0.000420452 9.92726e-05 1.52788e-05 1.64514e-06 1.16034e-07 5.52744e-09 1.37579e-10 2.70233e-12
 2.57018e-27 2.60673e-27 4.86419e-26 9.72117e-20 2.38303e-14 7.06134e-10 2.52925e-06 0.00109507 0.057312 0.362571 0.277515 0.0416212 0.121828 0.111834 0.0157481 0.00775629 0.00223869 0.000378906 8.49336e-05 1.25803e-05 1.52955e-06 1.16975e-07 4.76696e-09 1.09507e-10 1.15839e-12
 2.57061e-27 2.60789e-27 4.96638e-26 9.93676e-20 2.43588e-14 7.21794e-10 2.58534e-06 0.00111936 0.058583 0.370612 0.28365 0.0413538 0.115482 0.105968 0.0145176 0.0064284 0.00186216 0.000336527 7.38467e-05 9.33792e-06 1.06527e-06 8.50568e-08 3.86731e-09 8.09625e-11 7.35787e-13
 2.57075e-27 2.60827e-27 4.99941e-26 1.00064e-19 2.45296e-14 7.26855e-10 2.60347e-06 0.0011272 0.0589938 0.373211 0.285633 0.0412683 0.113438 0.104079 0.0141354 0.00603124 0.00172745 0.000281907 6.11968e-05 8.12149e-06 8.57689e-07 6.02667e-08 2.74893e-09 6.28229e-11 5.45644e-13
 2.57044e-27 2.60741e-27 4.92297e-26 9.84518e-20 2.41343e-14 7.15142e-10 2.56152e-06 0.00110904 0.0580431 0.367197 0.281046 0.0415831 0.119057 0.109244 0.0146876 0.00598981 0.00170759 0.00026896 5.67226e-05 6.89493e-06 7.31704e-07 5.07189e-08 2.045e-09 4.52279e-11 4.17733e-13
 2.56995e-27 2.60609e-27 4.80587e-26 9.59814e-20 2.35287e-14 6.97197e-10 2.49724e-06 0.00108121 0.0565867 0.357983 0.274016 0.0419174 0.126541 0.116155 0.0160069 0.00725755 0.00206843 0.00031241 6.47361e-05 7.58184e-06 7.59024e-07 4.99219e-08 1.9974e-09 4.018e-11 3.51664e-13
 2.56884e-27 2.60305e-27 4.53467e-26 9.02603e-20 2.21262e-14 6.5564e-10 2.34839e-06 0.00101676 0.0532137 0.336645 0.257738 0.0428769 0.14528 0.133412 0.0184344 0.00844963 0.00243073 0.000405238 8.5513e-05 9.63278e-06 9.35624e-07 5.82864e-08 2.18826e-09 4.28513e-11 3.48805e-13
 2.56909e-27 2.60373e-27 4.5944e-26 9.15202e-20 2.24351e-14 6.64791e-10 2.38117e-06 0.00103096 0.0539565 0.341344 0.261324 0.0427966 0.142148 0.130498 0.0174754 0.00699678 0.00200603 0.00033811 7.28206e-05 8.94733e-06 8.73841e-07 5.22782e-08 1.86591e-09 3.42518e-11 2.67319e-13
 2.56991e-27 2.60596e-27 4.79359e-26 9.57224e-20 2.34652e-14 6.95316e-10 2.4905e-06 0.00107829 0.056434 0.357017 0.27328 0.0420527 0.128087 0.117558 0.0158242 0.00648785 0.00184048 0.000273451 5.71142e-05 7.1147e-06 7.29372e-07 4.62285e-08 1.60822e-09 2.80344e-11 2.05458e-13
 2.56977e-27 2.60558e-27 4.75923e-26 9.49976e-20 2.32875e-14 6.90051e-10 2.47165e-06 0.00107013 0.0560066 0.354313 0.271218 0.0422037 0.130685 0.119944 0.016037 0.00637285 0.0018093 0.000274517 5.63808e-05 6.27442e-06 6.26989e-07 4.10693e-08 1.51812e-09 2.64814e-11 1.84963e-13
 2.56989e-27 2.60591e-27 4.78638e-26 9.55702e-20 2.34279e-14 6.9421e-10 2.48654e-06 0.00107658 0.0563443 0.356449 0.27285 0.04225 0.12989 0.11918 0.0153373 0.00497031 0.00139661 0.000205958 4.21198e-05 4.74924e-06 4.49817e-07 2.70832e-08 1.01249e-09 1.862e-11 1.3235e-13
 2.57032e-27 2.60706e-27 4.88944e-26 9.77443e-20 2.39608e-14 7.10003e-10 2.54311e-06 0.00110107 0.057626 0.364558 0.279036 0.0418706 0.122657 0.112522 0.0144704 0.00466837 0.00129379 0.000159593 3.0682e-05 3.37106e-06 3.19106e-07 1.88463e-08 6.49446e-10 1.17154e-11 8.6821e-14
 2.57066e-27 2.60801e-27 4.97421e-26 9.95327e-20 2.43992e-14 7.22993e-10 2.58964e-06 0.00112122 0.0586804 0.371228 0.284124 0.0415481 0.116629 0.106975 0.0137783 0.00448663 0.00124362 0.000152703 2.85187e-05 2.66029e-06 2.34829e-07 1.36087e-08 4.62864e-10 7.83402e-12 5.59287e-14
 2.57077e-27 2.6083e-27 5.00032e-26 1.00084e-19 2.45343e-14 7.26994e-10 2.60397e-06 0.00112742 0.0590051 0.373282 0.285691 0.0414626 0.114877 0.10536 0.0135193 0.00430284 0.00119214 0.000147531 2.76141e-05 2.54918e-06 2.0803e-07 1.04308e-08 3.38997e-10 5.63399e-12 3.8274e-14
 2.57082e-27 2.60843e-27 5.0108e-26 1.00305e-19 2.45884e-14 7.286e-10 2.60972e-06 0.00112991 0.0591354 0.374107 0.286321 0.0415264 0.114919 0.105376 0.0130976 0.00333804 0.000913552 0.000110902 2.06373e-05 1.91822e-06 1.56355e-07 7.49414e-09 2.13532e-10 3.25365e-12 2.14918e-14
 2.5708e-27 2.60837e-27 5.00545e-26 1.00192e-19 2.45608e-14 7.2778e-10 2.60678e-06 0.00112864 0.0590688 0.373686 0.286 0.0415289 0.115164 0.105605 0.0132089 0.00353298 0.000958766 9.73857e-05 1.67824e-05 1.53062e-06 1.24275e-07 5.97768e-09 1.65472e-10 2.26442e-12 1.34406e-14
 2.57053e-27 2.60765e-27 4.94062e-26 9.88239e-20 2.42255e-14 7.17845e-10 2.5712e-06 0.00111323 0.0582625 0.368584 0.282109 0.0417686 0.119723 0.109801 0.0137599 0.0037333 0.00101607 0.00010708 1.83497e-05 1.4203e-06 1.06223e-07 5.02262e-09 1.39005e-10 1.86442e-12 1.01523e-14
 2.57071e-27 2.60813e-27 4.98346e-26 9.97278e-20 2.44471e-14 7.2441e-10 2.59472e-06 0.00112341 0.0587954 0.371956 0.28468 0.0416263 0.116833 0.107137 0.0133412 0.00344926 0.000936986 9.98681e-05 1.72751e-05 1.37696e-06 9.79559e-08 3.96706e-09 1.04273e-10 1.38717e-12 7.43443e-15
 2.57083e-27 2.60845e-27 5.01219e-26 1.00334e-19 2.45956e-14 7.28813e-10 2.61048e-06 0.00113024 0.0591527 0.374216 0.286405 0.0415601 0.115116 0.105549 0.0129669 0.00299609 0.000806846 8.28242e-05 1.41052e-05 1.13664e-06 8.22225e-08 3.32777e-09 7.77404e-11 9.35256e-13 4.90013e-15
 2.57105e-27 2.60904e-27 5.06508e-26 1.0145e-19 2.48691e-14 7.36917e-10 2.63951e-06 0.00114281 0.0598105 0.378377 0.28958 0.0413472 0.111267 0.102009 0.0125758 0.00299496 0.000804283 7.58368e-05 1.23289e-05 9.5902e-07 6.84986e-08 2.81282e-09 6.62511e-11 7.3964e-13 3.45553e-15
#obs surv len freq
 1.77493e-41 2.46349e-33 4.13301e-26 8.38167e-20 2.05467e-14 6.08836e-10 2.18075e-06 0.000944189 0.0494151 0.312614 0.239443 0.0440292 0.151216 0.128062 0.0357266 0.0272661 0.00818283 0.00254421 0.000493992 5.76619e-05 2.93269e-06 4.73401e-08 1.80997e-10 1.31765e-13 1.58049e-17
 2.1747e-41 3.01833e-33 5.06388e-26 1.02695e-19 2.51743e-14 7.45962e-10 2.67191e-06 0.00115685 0.0605448 0.383023 0.293179 0.0420351 0.0974064 0.0779692 0.0223278 0.0160987 0.00464638 0.00134699 0.000237677 2.40253e-05 1.00967e-06 1.27862e-08 3.67536e-11 1.95845e-14 1.69225e-18
 1.72385e-41 2.39259e-33 4.01407e-26 8.14046e-20 1.99554e-14 5.91315e-10 2.11799e-06 0.000917018 0.0479931 0.303619 0.232768 0.0512171 0.181705 0.135722 0.0266453 0.0142012 0.00395423 0.00106935 0.000171197 1.48893e-05 5.09931e-07 5.02288e-09 1.08336e-11 4.22291e-15 2.62775e-19
 2.08673e-41 2.89624e-33 4.85905e-26 9.85405e-20 2.41561e-14 7.15788e-10 2.56384e-06 0.00111005 0.0580957 0.367531 0.281473 0.0458345 0.113745 0.0816197 0.0283381 0.0180457 0.0034275 0.00067359 9.67099e-05 7.21298e-06 1.99918e-07 1.51737e-09 2.44147e-12 6.95368e-16 3.1181e-20
 2.372e-41 3.29218e-33 5.52331e-26 1.12012e-19 2.74583e-14 8.13641e-10 2.91433e-06 0.0012618 0.0660378 0.417774 0.319809 0.0442813 0.0790159 0.0520269 0.0116065 0.00605805 0.00173958 0.000351588 3.28868e-05 1.91477e-06 4.26417e-08 2.48318e-10 2.96528e-13 6.14731e-17 1.98373e-21
 1.3233e-41 1.83665e-33 3.08136e-26 6.24894e-20 1.53185e-14 4.53917e-10 1.62586e-06 0.000703939 0.0368414 0.233073 0.179561 0.0711598 0.27175 0.166072 0.027765 0.0106243 0.00201217 0.000392724 4.25233e-05 1.75735e-06 2.73581e-08 1.19506e-10 1.05656e-13 1.59109e-17 3.68678e-22
 2.2133e-41 3.07192e-33 5.15378e-26 1.04518e-19 2.56213e-14 7.59205e-10 2.71935e-06 0.00117738 0.0616196 0.389824 0.298605 0.0467879 0.0891465 0.0566108 0.0353335 0.0181252 0.00244541 0.000296034 2.48981e-05 1.00974e-06 1.18487e-08 3.47162e-11 2.16638e-14 2.35001e-18 3.90654e-23
 1.98487e-41 2.75486e-33 4.62185e-26 9.37302e-20 2.29769e-14 6.80846e-10 2.43868e-06 0.00105586 0.0552598 0.349592 0.268362 0.0610526 0.155447 0.0827865 0.0159832 0.00736693 0.0026904 0.000381067 1.93125e-05 5.34333e-07 5.25467e-09 1.17551e-11 4.97204e-15 3.64826e-19 4.22532e-24
 2.02893e-41 2.81602e-33 4.72445e-26 9.58109e-20 2.34869e-14 6.9596e-10 2.49282e-06 0.0010793 0.0564865 0.357353 0.274376 0.0614065 0.142941 0.0734927 0.0228202 0.00848763 0.00129021 0.000245349 1.90837e-05 3.78348e-07 2.33283e-09 3.86011e-12 1.2326e-15 6.38415e-20 5.00223e-25
 1.9896e-41 2.76144e-33 4.63289e-26 9.39541e-20 2.30317e-14 6.82472e-10 2.4445e-06 0.00105839 0.0553917 0.350429 0.269371 0.0668068 0.153157 0.0730669 0.0213838 0.00774912 0.00141522 0.000157849 1.04178e-05 2.61841e-07 1.36197e-09 1.43833e-12 3.07224e-16 1.14535e-20 6.49328e-26
 2.10033e-41 2.91511e-33 4.89071e-26 9.91826e-20 2.43135e-14 7.20452e-10 2.58054e-06 0.00111729 0.0584743 0.369931 0.284323 0.0658669 0.133164 0.0601031 0.0194048 0.0064019 0.00108564 0.000120428 5.81048e-06 1.09147e-07 5.70207e-10 5.41689e-13 8.23535e-17 1.99966e-21 7.59111e-27
 2.04093e-41 2.83268e-33 4.75241e-26 9.63779e-20 2.36259e-14 7.00079e-10 2.50757e-06 0.00108569 0.0568207 0.359472 0.276776 0.0733129 0.147299 0.0612075 0.0176811 0.00534563 0.000903109 8.94947e-05 3.83555e-06 5.42391e-08 2.02505e-10 1.61071e-13 2.14246e-17 4.15061e-22 1.12234e-27
 2.0012e-41 2.77753e-33 4.65989e-26 9.45016e-20 2.3166e-14 6.8645e-10 2.45875e-06 0.00106455 0.0557145 0.352478 0.271884 0.0794011 0.15351 0.0607729 0.0192086 0.00514693 0.000747378 6.69725e-05 2.505e-06 2.90523e-08 8.11032e-11 4.52927e-14 4.45143e-18 6.84574e-23 1.49693e-28
 1.87371e-41 2.60059e-33 4.36302e-26 8.84813e-20 2.16901e-14 6.42719e-10 2.30211e-06 0.000996735 0.0521652 0.33003 0.255566 0.0911676 0.174817 0.0662686 0.0224264 0.00569871 0.000800461 5.97989e-05 1.85544e-06 1.76755e-08 3.86316e-11 1.60162e-14 1.11364e-18 1.19878e-23 1.88702e-29
 1.69106e-41 2.34708e-33 3.93771e-26 7.98559e-20 1.95757e-14 5.80065e-10 2.0777e-06 0.000899571 0.04708 0.297869 0.232186 0.106495 0.201346 0.0760672 0.0297418 0.00724175 0.00100167 6.79569e-05 1.72983e-06 1.28304e-08 2.17337e-11 6.84646e-15 3.51875e-19 2.72416e-24 3.01724e-30
 1.90561e-41 2.64486e-33 4.43731e-26 8.99877e-20 2.20594e-14 6.53661e-10 2.34131e-06 0.0010137 0.0530533 0.335658 0.260751 0.0956561 0.15535 0.0616539 0.0286573 0.00711943 0.00101979 6.43446e-05 1.41805e-06 8.33511e-09 1.06047e-11 2.481e-15 9.44187e-20 5.36581e-25 4.3103e-31
 1.86384e-41 2.58688e-33 4.34003e-26 8.8015e-20 2.15758e-14 6.39332e-10 2.28998e-06 0.000991483 0.0518903 0.328313 0.256429 0.109421 0.168864 0.0569872 0.0207876 0.00542819 0.000833582 5.15216e-05 1.01397e-06 4.91186e-09 4.83193e-12 8.36442e-16 2.31112e-20 9.50303e-26 5.52477e-32
 1.83765e-41 2.55054e-33 4.27906e-26 8.67786e-20 2.12727e-14 6.3035e-10 2.25781e-06 0.000977555 0.0511614 0.323715 0.253995 0.116979 0.168369 0.0579712 0.0217186 0.0044691 0.000604463 3.7424e-05 6.82524e-07 2.81664e-09 2.21156e-12 2.92087e-16 5.96378e-21 1.77516e-26 7.39343e-33
 1.86485e-41 2.58828e-33 4.34238e-26 8.80625e-20 2.15875e-14 6.39677e-10 2.29122e-06 0.000992019 0.0519184 0.328518 0.258622 0.121207 0.159907 0.0542682 0.0200594 0.00402325 0.000458459 2.30324e-05 3.75353e-07 1.35078e-09 8.71256e-13 9.02311e-17 1.39794e-21 3.08518e-27 9.36877e-34
 1.94805e-41 2.70376e-33 4.53612e-26 9.19917e-20 2.25507e-14 6.68218e-10 2.39345e-06 0.00103628 0.0542349 0.343187 0.270501 0.120983 0.143739 0.0467654 0.0161463 0.00306946 0.000322468 1.33347e-05 1.68479e-07 4.91763e-10 2.60239e-13 2.15536e-17 2.59197e-22 4.33579e-28 9.80356e-35
 1.94277e-41 2.69644e-33 4.52384e-26 9.17426e-20 2.24896e-14 6.66408e-10 2.38697e-06 0.00103347 0.0540881 0.342285 0.271468 0.129756 0.142476 0.0430974 0.0132864 0.00228453 0.000214295 7.62904e-06 7.60737e-08 1.66287e-10 6.66353e-14 4.26773e-18 3.97984e-23 5.11012e-29 8.7473e-36
 1.98853e-41 2.75996e-33 4.6304e-26 9.39035e-20 2.30193e-14 6.82105e-10 2.44319e-06 0.00105782 0.0553621 0.350371 0.278753 0.131105 0.131054 0.0392152 0.0112688 0.00167437 0.000132844 3.94852e-06 3.17223e-08 5.30261e-11 1.56173e-14 7.28403e-19 4.99619e-24 4.77544e-30 6.12195e-37
 1.91708e-41 2.66078e-33 4.46401e-26 9.05292e-20 2.21922e-14 6.57594e-10 2.3554e-06 0.00101981 0.0533729 0.337842 0.272183 0.146787 0.137836 0.0391631 0.0103012 0.00139653 9.24856e-05 2.18259e-06 1.3722e-08 1.76227e-11 3.88751e-15 1.32537e-19 6.54374e-25 4.4826e-31 4.1327e-38
 1.96387e-41 2.72572e-33 4.57296e-26 9.27388e-20 2.27338e-14 6.73645e-10 2.41289e-06 0.0010447 0.0546757 0.346123 0.279727 0.145349 0.125056 0.0373724 0.00944761 0.00113669 6.40642e-05 1.20344e-06 5.72514e-09 5.49074e-12 8.99782e-16 2.26001e-20 8.13356e-26 4.01904e-32 2.65107e-39
 1.93827e-41 2.69019e-33 4.51336e-26 9.153e-20 2.24375e-14 6.64864e-10 2.38143e-06 0.00103108 0.0539632 0.341693 0.279429 0.155799 0.124062 0.0348303 0.00819877 0.000943983 4.56083e-05 6.85501e-07 2.48476e-09 1.75296e-12 2.0851e-16 3.79464e-21 9.8937e-27 3.53591e-33 1.68159e-40
 1.87203e-41 2.59826e-33 4.35912e-26 8.8402e-20 2.16707e-14 6.42143e-10 2.30005e-06 0.000995843 0.0521194 0.330141 0.274761 0.169679 0.127419 0.0362027 0.00784097 0.000804648 3.42465e-05 4.22949e-07 1.17737e-09 6.15759e-13 5.31352e-17 6.93041e-22 1.28945e-27 3.28859e-34 1.11752e-41
 1.78487e-41 2.47728e-33 4.15616e-26 8.42861e-20 2.06617e-14 6.12245e-10 2.19296e-06 0.000949477 0.0496933 0.314946 0.268254 0.185018 0.132552 0.0395545 0.00823273 0.000769907 2.76972e-05 2.80409e-07 6.14331e-10 2.41888e-13 1.5279e-17 1.43687e-22 1.91028e-28 3.46216e-35 8.33761e-43
 1.83046e-41 2.54056e-33 4.26232e-26 8.6439e-20 2.11895e-14 6.27884e-10 2.24898e-06 0.00097373 0.0509631 0.323091 0.276595 0.181496 0.121366 0.0373079 0.00752075 0.000662936 2.05415e-05 1.67455e-07 2.85445e-10 8.56188e-14 4.02936e-18 2.76863e-23 2.65357e-29 3.43903e-36 5.89294e-44
#pred catch len freq
 2.56562e-27 2.59494e-27 3.88894e-26 7.66409e-20 1.87876e-14 5.5671e-10 1.99404e-06 0.000863344 0.0451843 0.285848 0.218885 0.0387945 0.141506 0.130663 0.0308753 0.0378896 0.0171219 0.0143208 0.00926401 0.00729189 0.00580844 0.005022 0.00497854 0.00435789 0.00132265
 2.57006e-27 2.60657e-27 4.86611e-26 9.72529e-20 2.38404e-14 7.06433e-10 2.53033e-06 0.00109553 0.0573363 0.362725 0.277611 0.0402635 0.111428 0.102445 0.0177882 0.0148526 0.00562176 0.00335037 0.00176631 0.00115941 0.000794149 0.000602842 0.000534489 0.000467783 0.000155367
 2.56985e-27 2.60584e-27 4.7856e-26 9.5554e-20 2.34239e-14 6.94092e-10 2.48612e-06 0.0010764 0.0563347 0.356389 0.272797 0.041827 0.126709 0.116327 0.0163375 0.00798573 0.00256204 0.000904872 0.000351768 0.0001657 8.77449e-05 5.47839e-05 4.13848e-05 3.41984e-05 1.17522e-05
 2.56968e-27 2.60538e-27 4.74487e-26 9.46947e-20 2.32133e-14 6.8785e-10 2.46376e-06 0.00106672 0.0558281 0.353184 0.270352 0.0419753 0.129555 0.118963 0.0169916 0.00879913 0.00257879 0.000502469 0.000137467 3.82562e-05 1.30388e-05 5.7947e-06 3.41231e-06 2.4808e-06 8.4504e-07
 2.57199e-27 2.61169e-27 5.30719e-26 1.06557e-19 2.61213e-14 7.7402e-10 2.77241e-06 0.00120035 0.0628219 0.397428 0.304104 0.0399551 0.0904676 0.0829721 0.0120376 0.00656347 0.0019394 0.000397647 9.2198e-05 1.3968e-05 2.59278e-06 6.35318e-07 2.40425e-07 1.37367e-07 4.42721e-08
 2.56914e-27 2.60385e-27 4.6055e-26 9.17545e-20 2.24925e-14 6.66493e-10 2.38727e-06 0.0010336 0.0540947 0.342218 0.261991 0.0427279 0.141157 0.12959 0.0174177 0.00709784 0.00209298 0.000452381 0.000107222 1.61242e-05 1.93258e-06 2.12563e-07 3.63513e-08 1.28256e-08 3.6285e-09
 2.56891e-27 2.60328e-27 4.5581e-26 9.07546e-20 2.22474e-14 6.5923e-10 2.36125e-06 0.00102233 0.0535052 0.338488 0.259141 0.042593 0.142133 0.13056 0.0188684 0.0101562 0.00292722 0.000476518 0.000107712 1.70007e-05 2.06234e-06 1.66606e-07 1.0764e-08 1.40222e-09 2.88655e-10
 2.57095e-27 2.60885e-27 5.05298e-26 1.01194e-19 2.48066e-14 7.35064e-10 2.63288e-06 0.00113993 0.0596601 0.377426 0.288846 0.040916 0.1085 0.0995653 0.0141218 0.00713994 0.00211581 0.000450584 0.000101506 1.2517e-05 1.47591e-06 1.22212e-07 5.85962e-09 2.19525e-10 1.84425e-11
 2.57033e-27 2.60714e-27 4.89882e-26 9.79422e-20 2.40094e-14 7.1144e-10 2.54826e-06 0.0011033 0.0577427 0.365296 0.279595 0.0416327 0.120454 0.110536 0.0149792 0.00633232 0.00185217 0.000371041 8.75073e-05 1.34637e-05 1.4496e-06 1.02241e-07 4.87036e-09 1.21225e-10 2.38108e-12
 2.57049e-27 2.60757e-27 4.93781e-26 9.87649e-20 2.4211e-14 7.17416e-10 2.56966e-06 0.00111257 0.0582277 0.368364 0.281935 0.0414383 0.117331 0.107674 0.0148382 0.00672882 0.00193648 0.000326019 7.29804e-05 1.08063e-05 1.31376e-06 1.00471e-07 4.09436e-09 9.40561e-11 9.94948e-13
 2.57087e-27 2.60859e-27 5.02792e-26 1.00666e-19 2.4677e-14 7.31224e-10 2.61912e-06 0.00113398 0.0593484 0.375454 0.287345 0.0411975 0.111698 0.102468 0.0137692 0.0056028 0.00161765 0.000290777 6.37281e-05 8.05582e-06 9.18926e-07 7.33706e-08 3.33596e-09 6.98387e-11 6.34693e-13
 2.57104e-27 2.60906e-27 5.06921e-26 1.01537e-19 2.48905e-14 7.37551e-10 2.64178e-06 0.00114379 0.0598619 0.378703 0.289824 0.0410761 0.109032 0.100008 0.013332 0.00522419 0.00149127 0.000242081 5.24783e-05 6.96219e-06 7.35196e-07 5.16587e-08 2.35629e-09 5.38496e-11 4.67707e-13
 2.57065e-27 2.60799e-27 4.97345e-26 9.95167e-20 2.43953e-14 7.22877e-10 2.58922e-06 0.00112103 0.0586709 0.371168 0.284077 0.0414602 0.115993 0.106409 0.0140545 0.00526021 0.00149434 0.000234138 4.93081e-05 5.9917e-06 6.35791e-07 4.40699e-08 1.7769e-09 3.92986e-11 3.62969e-13
 2.57027e-27 2.60696e-27 4.88237e-26 9.75952e-20 2.39243e-14 7.08919e-10 2.53923e-06 0.00109939 0.0575381 0.364002 0.278608 0.0417152 0.121775 0.11175 0.0150975 0.00629298 0.00178795 0.000268643 5.55839e-05 6.50781e-06 6.51439e-07 4.28451e-08 1.71425e-09 3.44841e-11 3.01812e-13
 2.56966e-27 2.60528e-27 4.73322e-26 9.44488e-20 2.3153e-14 6.86064e-10 2.45737e-06 0.00106395 0.0556831 0.352266 0.269656 0.0422448 0.132095 0.121254 0.0164217 0.00692112 0.00198479 0.000329143 6.93623e-05 7.81093e-06 7.58594e-07 4.72571e-08 1.77418e-09 3.47426e-11 2.82801e-13
 2.56982e-27 2.60571e-27 4.77009e-26 9.52266e-20 2.33436e-14 6.91714e-10 2.4776e-06 0.00107271 0.0561416 0.355167 0.271871 0.0422218 0.130364 0.119635 0.0157439 0.00578348 0.00165218 0.000276994 5.9578e-05 7.31787e-06 7.14635e-07 4.27527e-08 1.52592e-09 2.80108e-11 2.18611e-13
 2.57046e-27 2.60748e-27 4.92814e-26 9.85608e-20 2.4161e-14 7.15933e-10 2.56435e-06 0.00111027 0.0581074 0.367603 0.281357 0.041625 0.119158 0.109323 0.0144552 0.00543955 0.00153777 0.000227292 4.7401e-05 5.90278e-06 6.05076e-07 3.83498e-08 1.33413e-09 2.32564e-11 1.70441e-13
 2.57064e-27 2.60795e-27 4.97023e-26 9.94488e-20 2.43787e-14 7.22384e-10 2.58746e-06 0.00112027 0.0586309 0.370915 0.283884 0.0414905 0.116359 0.106742 0.0140272 0.00511378 0.00144665 0.00021835 4.47789e-05 4.98166e-06 4.97755e-07 3.26036e-08 1.20518e-09 2.10226e-11 1.46836e-13
 2.57074e-27 2.60822e-27 4.99264e-26 9.99214e-20 2.44945e-14 7.25817e-10 2.59975e-06 0.00112559 0.0589095 0.372678 0.28523 0.0415246 0.115672 0.106084 0.0134626 0.0039925 0.0011169 0.000163855 3.34584e-05 3.77139e-06 3.57166e-07 2.15044e-08 8.03926e-10 1.47844e-11 1.05087e-13
 2.57104e-27 2.60904e-27 5.06551e-26 1.01459e-19 2.48714e-14 7.36984e-10 2.63975e-06 0.00114291 0.0598159 0.378412 0.289604 0.0412549 0.110547 0.101366 0.0128557 0.00379528 0.00104726 0.000128541 2.46669e-05 2.70928e-06 2.56435e-07 1.51447e-08 5.21886e-10 9.41432e-12 6.97681e-14
 2.57132e-27 2.60981e-27 5.13437e-26 1.02911e-19 2.52275e-14 7.47536e-10 2.67755e-06 0.00115928 0.0606723 0.38383 0.293737 0.040991 0.105635 0.0968472 0.0122999 0.00366548 0.00101164 0.000123604 2.30419e-05 2.1487e-06 1.89647e-07 1.09901e-08 3.73798e-10 6.32656e-12 4.51667e-14
 2.57165e-27 2.61071e-27 5.21506e-26 1.04614e-19 2.56448e-14 7.599e-10 2.72183e-06 0.00117845 0.0616758 0.390178 0.29858 0.0406964 0.09999 0.0916503 0.0116 0.00337804 0.00093179 0.00011474 2.14373e-05 1.97834e-06 1.61426e-07 8.09388e-09 2.63046e-10 4.37171e-12 2.96988e-14
 2.57164e-27 2.61068e-27 5.21081e-26 1.04524e-19 2.56228e-14 7.59249e-10 2.7195e-06 0.00117744 0.061623 0.389844 0.298326 0.0407939 0.100911 0.0924791 0.0113707 0.00264698 0.000720387 8.70199e-05 1.61632e-05 1.50187e-06 1.22403e-07 5.86671e-09 1.6716e-10 2.54707e-12 1.68245e-14
 2.57161e-27 2.61059e-27 5.203e-26 1.04359e-19 2.55824e-14 7.58053e-10 2.71522e-06 0.00117559 0.0615259 0.38923 0.297858 0.0408096 0.10136 0.0928959 0.0114873 0.0028073 0.000757857 7.66218e-05 1.31748e-05 1.20119e-06 9.7516e-08 4.69045e-09 1.29839e-10 1.77679e-12 1.05463e-14
 2.57147e-27 2.6102e-27 5.16842e-26 1.0363e-19 2.54036e-14 7.52753e-10 2.69624e-06 0.00116737 0.0610958 0.386509 0.295782 0.0409366 0.103785 0.095128 0.0117838 0.00292143 0.000791013 8.297e-05 1.41878e-05 1.09781e-06 8.20921e-08 3.88154e-09 1.07424e-10 1.44084e-12 7.84576e-15
 2.57171e-27 2.61087e-27 5.2278e-26 1.04882e-19 2.57107e-14 7.61853e-10 2.72883e-06 0.00118148 0.0618343 0.391181 0.299346 0.0407254 0.099673 0.0913415 0.0112496 0.00265688 0.000717816 7.61465e-05 1.3144e-05 1.04734e-06 7.44967e-08 3.01693e-09 7.9299e-11 1.05493e-12 5.65381e-15
 2.57177e-27 2.61102e-27 5.24158e-26 1.05173e-19 2.57819e-14 7.63964e-10 2.73639e-06 0.00118475 0.0620057 0.392265 0.300174 0.0407061 0.0989442 0.0906635 0.0110299 0.00232677 0.000622772 6.36308e-05 1.08128e-05 8.7104e-07 6.30009e-08 2.54976e-09 5.95649e-11 7.16595e-13 3.75449e-15
 2.57159e-27 2.61054e-27 5.19868e-26 1.04268e-19 2.55601e-14 7.57391e-10 2.71285e-06 0.00117456 0.0614722 0.38889 0.297599 0.0408634 0.10195 0.093431 0.0114026 0.00247958 0.000661964 6.21374e-05 1.00776e-05 7.83645e-07 5.59643e-08 2.29806e-09 5.41265e-11 6.04278e-13 2.82313e-15
#obs catch len freq
 1.74804e-41 2.42617e-33 4.0704e-26 8.25469e-20 2.02354e-14 5.99612e-10 2.14771e-06 0.000929886 0.0486665 0.307879 0.23583 0.044144 0.154307 0.130738 0.0369358 0.0284362 0.00870994 0.00278774 0.000562488 6.78984e-05 3.5903e-06 6.04632e-08 2.4035e-10 1.81135e-13 2.24232e-17
 1.77767e-41 2.46729e-33 4.13939e-26 8.3946e-20 2.05784e-14 6.09775e-10 2.18411e-06 0.000945646 0.0494913 0.313097 0.239871 0.0459635 0.154932 0.124203 0.035564 0.0256871 0.00754829 0.00224047 0.000409949 4.32157e-05 1.88817e-06 2.48205e-08 7.39853e-11 4.07289e-14 3.62073e-18
 2.18266e-41 3.02939e-33 5.08243e-26 1.03071e-19 2.52666e-14 7.48695e-10 2.6817e-06 0.00116108 0.0607666 0.384427 0.294294 0.0433265 0.0988282 0.0746966 0.0219932 0.0149186 0.00421651 0.00116017 0.000191672 1.73515e-05 6.20501e-07 6.34526e-09 1.41389e-11 5.67724e-15 3.6282e-19
 1.73959e-41 2.41443e-33 4.05071e-26 8.21477e-20 2.01375e-14 5.96712e-10 2.13732e-06 0.000925388 0.0484311 0.30639 0.234977 0.0537458 0.183542 0.128805 0.0255651 0.0130146 0.00355033 0.0009057 0.000134818 1.04039e-05 3.00383e-07 2.37121e-09 3.94343e-12 1.15448e-15 5.30301e-20
 2.10651e-41 2.9237e-33 4.90511e-26 9.94746e-20 2.4385e-14 7.22573e-10 2.58814e-06 0.00112058 0.0586465 0.371015 0.284198 0.0474564 0.113588 0.0767681 0.0275269 0.0161034 0.00294046 0.000555759 7.37913e-05 4.83664e-06 1.11941e-07 6.76022e-10 8.34669e-13 1.78002e-16 5.88118e-21
 2.38854e-41 3.31514e-33 5.56183e-26 1.12793e-19 2.76498e-14 8.19315e-10 2.93465e-06 0.0012706 0.0664983 0.420688 0.322083 0.0453638 0.0779489 0.04804 0.0109207 0.00537923 0.00150329 0.000276139 2.39478e-05 1.22976e-06 2.26715e-08 1.04313e-10 9.51526e-14 1.47288e-17 3.49599e-22
 1.35788e-41 1.88465e-33 3.16188e-26 6.41224e-20 1.57188e-14 4.65778e-10 1.66834e-06 0.000722334 0.0378041 0.239164 0.184426 0.0755864 0.270748 0.154234 0.025912 0.00933834 0.00171669 0.00031573 3.04194e-05 1.08716e-06 1.40758e-08 4.83885e-11 3.25415e-14 3.64929e-18 6.20951e-23
 2.24261e-41 3.11259e-33 5.22202e-26 1.05901e-19 2.59605e-14 7.69257e-10 2.75535e-06 0.00119297 0.0624355 0.394986 0.302621 0.0481672 0.0869611 0.0525291 0.0335305 0.0153646 0.00196731 0.000224482 1.72403e-05 5.93653e-07 5.66818e-09 1.30734e-11 6.20196e-15 4.9995e-19 6.09357e-24
 2.0221e-41 2.80655e-33 4.70857e-26 9.54888e-20 2.3408e-14 6.9362e-10 2.48444e-06 0.00107568 0.0562966 0.356152 0.273521 0.0633991 0.151036 0.0748186 0.0146557 0.00651563 0.00223752 0.000277174 1.2675e-05 3.03356e-07 2.41369e-09 4.19438e-12 1.34519e-15 7.33533e-20 6.22269e-25
 2.06902e-41 2.87166e-33 4.81781e-26 9.77043e-20 2.3951e-14 7.09713e-10 2.54208e-06 0.00110063 0.0576027 0.364416 0.279926 0.063571 0.13783 0.0663431 0.0209245 0.00703611 0.00105003 0.000185194 1.21605e-05 2.01521e-07 1.01497e-09 1.3063e-12 3.14589e-16 1.20832e-20 6.93698e-26
 2.0332e-41 2.82194e-33 4.73439e-26 9.60125e-20 2.35363e-14 6.97425e-10 2.49806e-06 0.00108157 0.0566053 0.358108 0.27543 0.0691638 0.146942 0.0655538 0.0194234 0.00645346 0.00111624 0.000113125 6.6826e-06 1.36468e-07 5.60298e-10 4.59263e-13 7.41704e-17 2.04753e-21 8.49493e-27
 2.14231e-41 2.97339e-33 4.98847e-26 1.01165e-19 2.47995e-14 7.34853e-10 2.63213e-06 0.00113962 0.0596431 0.377327 0.290164 0.0678317 0.126675 0.0536227 0.0174192 0.00524273 0.000844882 8.39593e-05 3.5253e-06 5.52716e-08 2.26539e-10 1.63831e-13 1.87075e-17 3.36601e-22 9.34743e-28
 2.08782e-41 2.89776e-33 4.86159e-26 9.85922e-20 2.41687e-14 7.16163e-10 2.56518e-06 0.00111063 0.0581262 0.367733 0.283333 0.0754428 0.139295 0.0541836 0.0156716 0.00434684 0.000690744 6.10479e-05 2.24824e-06 2.60729e-08 7.68811e-11 4.65698e-14 4.61557e-18 6.59403e-23 1.30519e-28
 2.05138e-41 2.84718e-33 4.77673e-26 9.68711e-20 2.37468e-14 7.03661e-10 2.5204e-06 0.00109125 0.0571115 0.361318 0.27894 0.0816275 0.144528 0.0537914 0.0168651 0.00411664 0.000561673 4.47388e-05 1.42298e-06 1.33974e-08 2.92439e-11 1.24232e-14 9.09549e-19 1.02753e-23 1.63804e-29
 1.93014e-41 2.6789e-33 4.49442e-26 9.11459e-20 2.23433e-14 6.62074e-10 2.37144e-06 0.00102675 0.0537361 0.339972 0.263577 0.0938352 0.164284 0.0588241 0.0195695 0.00454204 0.000590604 3.89235e-05 1.02317e-06 7.85014e-09 1.332e-11 4.17868e-15 2.15974e-19 1.70632e-24 1.95352e-30
 1.75366e-41 2.43396e-33 4.08347e-26 8.2812e-20 2.03004e-14 6.01537e-10 2.15461e-06 0.000932871 0.0488228 0.308901 0.241206 0.109952 0.189486 0.0682674 0.0258834 0.00576971 0.00073204 4.33374e-05 9.23748e-07 5.49347e-09 7.19115e-12 1.70684e-15 6.50201e-20 3.68953e-25 2.9714e-31
 1.96563e-41 2.72816e-33 4.57705e-26 9.28217e-20 2.27542e-14 6.74247e-10 2.41504e-06 0.00104563 0.0547242 0.346235 0.26933 0.097785 0.144491 0.0554227 0.0245727 0.00562243 0.000728628 3.9769e-05 7.25126e-07 3.38566e-09 3.314e-12 5.82594e-16 1.63941e-20 6.81664e-26 3.97771e-32
 1.92522e-41 2.67208e-33 4.48297e-26 9.09136e-20 2.22864e-14 6.60387e-10 2.3654e-06 0.00102414 0.0535993 0.339134 0.265341 0.111569 0.156254 0.050432 0.0177196 0.00430238 0.000590208 3.122e-05 5.0223e-07 1.91471e-09 1.43971e-12 1.86619e-16 3.80553e-21 1.14321e-26 4.82181e-33
 1.90143e-41 2.63906e-33 4.42757e-26 8.97902e-20 2.2011e-14 6.52226e-10 2.33617e-06 0.00101148 0.0529369 0.33496 0.263341 0.118919 0.155239 0.051496 0.0181852 0.00346248 0.000424119 2.22751e-05 3.27931e-07 1.05458e-09 6.28707e-13 6.1915e-17 9.30738e-22 2.02144e-27 6.10313e-34
 1.92896e-41 2.67727e-33 4.49168e-26 9.10903e-20 2.23297e-14 6.6167e-10 2.37e-06 0.00102613 0.0537035 0.339826 0.268088 0.122631 0.146614 0.0480745 0.0166409 0.00306901 0.000311345 1.33455e-05 1.74778e-07 4.85528e-10 2.36116e-13 1.81501e-17 2.0644e-22 3.31875e-28 7.29929e-35
 2.00971e-41 2.78935e-33 4.67971e-26 9.49036e-20 2.32645e-14 6.8937e-10 2.46921e-06 0.00106908 0.0559517 0.354066 0.27965 0.121625 0.130791 0.0410958 0.0132206 0.00230751 0.000213302 7.42151e-06 7.52531e-08 1.69174e-10 6.71377e-14 4.10789e-18 3.61512e-23 4.39603e-29 7.19014e-36
 2.0051e-41 2.78294e-33 4.66897e-26 9.46857e-20 2.32111e-14 6.87787e-10 2.46354e-06 0.00106663 0.0558233 0.353286 0.280837 0.129877 0.12897 0.0375607 0.0107434 0.00169007 0.000138654 4.10684e-06 3.25367e-08 5.45932e-11 1.63773e-14 7.72626e-19 5.25635e-24 4.89441e-30 6.05054e-37
 2.04936e-41 2.84438e-33 4.77204e-26 9.67759e-20 2.37235e-14 7.0297e-10 2.51792e-06 0.00109017 0.0570557 0.361113 0.287964 0.130538 0.117999 0.0339742 0.00896604 0.00121162 8.36203e-05 2.05337e-06 1.30024e-08 1.65794e-11 3.64433e-15 1.25003e-19 6.24363e-25 4.31808e-31 3.98911e-38
 1.981e-41 2.74949e-33 4.61284e-26 9.35476e-20 2.29321e-14 6.7952e-10 2.43393e-06 0.00105381 0.0551525 0.34914 0.282069 0.145773 0.123864 0.0337668 0.00812657 0.000993211 5.66167e-05 1.09726e-06 5.40925e-09 5.27398e-12 8.65207e-16 2.16481e-20 7.77447e-26 3.84974e-32 2.55436e-39
 2.02638e-41 2.81248e-33 4.71851e-26 9.56905e-20 2.34574e-14 6.95086e-10 2.48968e-06 0.00107795 0.056416 0.357179 0.289441 0.143626 0.112007 0.0320769 0.00734395 0.000791475 3.80382e-05 5.81233e-07 2.15736e-09 1.56571e-12 1.90293e-16 3.50038e-21 9.15064e-27 3.2661e-33 1.54995e-40
 2.00172e-41 2.77826e-33 4.6611e-26 9.45262e-20 2.3172e-14 6.86629e-10 2.45939e-06 0.00106483 0.0557299 0.352931 0.289471 0.153378 0.110738 0.029683 0.00632961 0.00064582 2.63151e-05 3.1911e-07 8.96822e-10 4.77101e-13 4.20029e-17 5.58895e-22 1.05699e-27 2.72568e-34 9.31881e-42
 1.93798e-41 2.68979e-33 4.51269e-26 9.15164e-20 2.24342e-14 6.64765e-10 2.38108e-06 0.00103093 0.0539559 0.341841 0.285445 0.166672 0.113791 0.0307158 0.00598457 0.000541865 1.92776e-05 1.9014e-07 4.07932e-10 1.6029e-13 1.02151e-17 9.72901e-23 1.31172e-28 2.41158e-35 5.88601e-43
 1.8542e-41 2.57351e-33 4.3176e-26 8.75601e-20 2.14643e-14 6.36027e-10 2.27815e-06 0.000986359 0.051624 0.327272 0.279775 0.181452 0.118663 0.0334705 0.00623137 0.000508761 1.51864e-05 1.21926e-07 2.04536e-10 6.02668e-14 2.80534e-18 1.92398e-23 1.85215e-29 2.41863e-36 4.18177e-44
#spawning biomass
 9892.33 12284 15972.2 19824.2 35769.9 49898.2 48676 57193.9 76407.7 95330 118101 154649 193222 230200 228418 185631 172895 174317 157369 151340 162207 183117 189605 201190 206839 204947 200555 208508 224307 4196.17 4187.93 4187.93 4187.93 4187.93 4187.93 4187.93 4187.93 4187.93 4187.93 4187.93 4187.93 4187.93 4187.93 4187.93 4187.93 4187.93 4187.93 4187.93 4187.93 4187.93 4187.93 4187.93 4187.93 4187.93 4187.93 4187.93 4187.93 4187.93 4187.93 4187.93 4187.93 4187.93 4187.93 4187.93 4187.93 4187.93 4187.93 4187.93 4187.93 4187.93 4187.93 4187.93 4187.93 4187.93 4187.93 4187.93 4187.93 4187.93 4187.93 4187.93 4187.93 4187.93 4187.93 4187.93 4187.93 4187.93 4187.93 4187.93 4187.93 4187.93 4187.93 4187.93 4187.93 4187.93 4187.93 4187.93 4187.93 4187.93 4187.93 4187.93 4187.93 4187.93 4187.93 4187.93 4187.93 4187.93 4187.93 4187.93 4187.93 4187.93 4187.93 4187.93 4187.93 4187.93 4187.93 4187.93 4187.93 4187.93 4187.93 4187.93 4187.93 4187.93 4187.93 4187.93 4187.93 4187.93 4187.93 4187.93 0 0 0 0 0 0 0 0 0 0 0 0 0 0 0 0 0 0 0 0 0 0 0 0 0
