SBPRF35
0.178135
Curr Bio
161240
B35
206708
F35
0.627214
FOFL
0.627214
OFL
75753.3
Bzero
50895.7
#pred survey bio
 6703.35 7579.74 9975.45 11543.1 18729.6 30966.2 29958 33421.5 43248.8 52468.5 71864.1 87683.6 110335 136544 141138 113511 103251 99972.1 101924 101512 100649 109907 125675 129105 131355 141373 142858 162669 5.07282e+06 5.02537e+06 3.04602e+06 1.76744e+06 1.08777e+06 754998 595124 516584 476202 454343 441973 434745 430436 427836 426251 425276 424693 424343 424133 424006 423930 423884 423856 423840 423829 423823 423820 423817 423816 423815 423815 423814 423814 423814 423814 423814 423814 423814 423814 423814 423814 423814 423814 423814 423814 423814 423814 423814 423814 423814 423814 423814 423814 423814 423814 423814 423814 423814 423814 423814 423814 423814 423814 423814 423814 423814 423814 423814 423814 423814 423814 423814 423814 423814 423814 423814 423814 423814 423814 423814 423814 423814 423814 423814 423814 423814 423814 423814 423814 423814 423814 423814 423814 423814 423814 423814 423814 423814 423814 423814 0 0 0 0 0 0 0 0 0 0 0 0 0 0 0 0 0 0 0 0 0 0 0 0 0
#obs survey bio
 5884.26 9653.34 10084.8 9847.8 35077 30303.4 22385.9 55187.8 39403.1 48587.2 90197.6 84249.9 102951 118202 103334 101370 116055 80601.1 113785 134260 98665.3 123684 142514 147077 165574 118780 123848 150909
#pred catch bio
 3598.09 4509.76 6583.37 7399.65 9441.08 20387.8 20660.3 22636.8 30219.3 34240.5 52127.8 63258.8 77638.9 99682.6 113455 89559.3 81250.8 77772.2 81258.1 83508.3 82160.4 87509.8 104738 109443 108868 121166 119008 102124 75753.3 85934.5 47878.5 25069.4 14054.9 9349.73 7490.42 6793.46 6541.76 6453.28 6422.79 6412.45 6408.97 6407.82 6407.44 6407.31 6407.27 6407.26 6407.25 6407.25 6407.25 6407.25 6407.25 6407.25 6407.25 6407.25 6407.25 6407.25 6407.25 6407.25 6407.25 6407.25 6407.25 6407.25 6407.25 6407.25 6407.25 6407.25 6407.25 6407.25 6407.25 6407.25 6407.25 6407.25 6407.25 6407.25 6407.25 6407.25 6407.25 6407.25 6407.25 6407.25 6407.25 6407.25 6407.25 6407.25 6407.25 6407.25 6407.25 6407.25 6407.25 6407.25 6407.25 6407.25 6407.25 6407.25 6407.25 6407.25 6407.25 6407.25 6407.25 6407.25 6407.25 6407.25 6407.25 6407.25 6407.25 6407.25 6407.25 6407.25 6407.25 6407.25 6407.25 6407.25 6407.25 6407.25 6407.25 6407.25 6407.25 6407.25 6407.25 6407.25 6407.25 6407.25 6407.25 6407.25 6407.25 6407.25 6407.25 6407.25 0 0 0 0 0 0 0 0 0 0 0 0 0 0 0 0 0 0 0 0 0 0 0 0 0
#obs catch bio
 4178.63 4502.47 6544.13 7472.1 9120.24 19524.7 20799.6 21969 29902.3 33529.3 50652 62251.2 75514.9 98560.8 115489 89734.6 79626.4 78445.7 80644.9 82162 81429.9 85341.1 101463 106983 103644 118654 118059 101380
#pred cpue bio
 6080.42 6490.07 8532.75 9874.77 15268.1 26949.4 26208.2 27948.2 36553.1 44168 60486.8 73124.1 92240.5 115135 120752 96594.9 87104.7 84107.2 85563.1 84875.5 83395.6 90562.8 104147 106497 108097 116601 117145 133078 4.39223e+06 4.9984e+06 3.01905e+06 1.74047e+06 1.0608e+06 728026 568153 489613 449230 427371 415001 407774 403464 400864 399280 398304 397721 397372 397161 397035 396959 396912 396885 396868 396858 396852 396848 396846 396844 396844 396843 396843 396843 396842 396842 396842 396842 396842 396842 396842 396842 396842 396842 396842 396842 396842 396842 396842 396842 396842 396842 396842 396842 396842 396842 396842 396842 396842 396842 396842 396842 396842 396842 396842 396842 396842 396842 396842 396842 396842 396842 396842 396842 396842 396842 396842 396842 396842 396842 396842 396842 396842 396842 396842 396842 396842 396842 396842 396842 396842 396842 396842 396842 396842 396842 396842 396842 396842 396842 396842 0 0 0 0 0 0 0 0 0 0 0 0 0 0 0 0 0 0 0 0 0 0 0 0 0
#obs cpue bio
 8110.37 6133.24 8472.58 9611.62 23991.5 39422.4 28068.2 31788.7 40999.8 69030.8 84789.3 84267.5 167001 135263 112868 116871 116390 74321.8 99372.3 88080.2 91747.5 131542 155051 128872 210722 163825 147515 161754
#pred surv len freq
 2.56694e-27 2.59853e-27 4.21258e-26 8.34686e-20 2.04613e-14 6.06305e-10 2.17168e-06 0.000940256 0.0492096 0.311314 0.238303 0.0370901 0.114892 0.106152 0.0273368 0.0360137 0.0169271 0.0150213 0.010205 0.0084222 0.00705745 0.00642455 0.00671706 0.00609644 0.00187545
 2.56983e-27 2.60601e-27 4.82511e-26 9.63884e-20 2.36285e-14 7.00153e-10 2.50783e-06 0.0010858 0.0568266 0.359501 0.275138 0.0396356 0.108387 0.0997398 0.0191122 0.0185948 0.00739511 0.00491639 0.00275762 0.00193041 0.00141098 0.00114282 0.0010851 0.000999599 0.000338526
 2.5694e-27 2.60473e-27 4.69834e-26 9.37136e-20 2.29728e-14 6.80724e-10 2.43824e-06 0.00105566 0.0552496 0.349524 0.267545 0.0411703 0.125401 0.115305 0.0194853 0.01545 0.00524901 0.00225143 0.000960657 0.000503367 0.000290893 0.000197494 0.000162932 0.000144548 5.10564e-05
 2.56932e-27 2.6045e-27 4.67682e-26 9.32596e-20 2.28615e-14 6.77426e-10 2.42643e-06 0.00105055 0.054982 0.347831 0.266254 0.0413129 0.127394 0.117154 0.0200266 0.0162003 0.00519021 0.00170828 0.000549662 0.000184827 7.24883e-05 3.62828e-05 2.39896e-05 1.92372e-05 6.81256e-06
 2.572e-27 2.61181e-27 5.32541e-26 1.06942e-19 2.62156e-14 7.76814e-10 2.78242e-06 0.00120468 0.0630487 0.398863 0.305189 0.0392667 0.0844669 0.0775721 0.0135659 0.011426 0.00368204 0.00123511 0.000357417 8.75608e-05 2.08476e-05 6.25474e-06 2.80125e-06 1.83872e-06 6.27104e-07
 2.56811e-27 2.60118e-27 4.37777e-26 8.69505e-20 2.13149e-14 6.31598e-10 2.26228e-06 0.00097948 0.0512624 0.3243 0.248308 0.0426457 0.150145 0.138046 0.0218677 0.0151428 0.00491386 0.00173046 0.000507431 0.000121532 2.20912e-05 3.74422e-06 8.57038e-07 3.76343e-07 1.16323e-07
 2.56783e-27 2.60051e-27 4.32988e-26 8.59407e-20 2.10673e-14 6.24262e-10 2.236e-06 0.000968104 0.0506671 0.320534 0.245419 0.0418486 0.146109 0.134551 0.0254019 0.0240762 0.00751296 0.00211027 0.000614172 0.000153358 2.77093e-05 3.71198e-06 4.14311e-07 8.24272e-08 2.00764e-08
 2.57071e-27 2.60832e-27 5.01955e-26 1.0049e-19 2.46339e-14 7.29945e-10 2.61454e-06 0.001132 0.0592446 0.374798 0.286824 0.0399768 0.102774 0.0945005 0.0171948 0.0154616 0.00522468 0.00212387 0.000593486 0.000123728 2.25994e-05 3.03708e-06 2.55426e-07 1.91341e-08 2.51507e-09
 2.57e-27 2.60631e-27 4.83279e-26 9.65497e-20 2.3668e-14 7.01325e-10 2.51203e-06 0.00108761 0.0569217 0.360102 0.275623 0.0412525 0.120351 0.11056 0.0171231 0.0112401 0.00371158 0.0014211 0.00045553 0.000125019 2.03759e-05 2.53811e-06 2.09868e-07 9.84233e-09 4.46242e-10
 2.57024e-27 2.60698e-27 4.89312e-26 9.78225e-20 2.398e-14 7.1057e-10 2.54514e-06 0.00110195 0.0576721 0.364849 0.279243 0.0409321 0.11537 0.106009 0.0171488 0.0124284 0.00382364 0.00101385 0.000302794 8.31438e-05 1.72308e-05 2.25486e-06 1.68266e-07 7.21157e-09 1.58614e-10
 2.57026e-27 2.60704e-27 4.89987e-26 9.79649e-20 2.40149e-14 7.11605e-10 2.54885e-06 0.00110355 0.057756 0.36538 0.279647 0.0408273 0.114289 0.105028 0.0172889 0.013 0.00407886 0.00120096 0.000318669 6.39578e-05 1.25415e-05 1.91796e-06 1.60982e-07 6.3568e-09 1.13636e-10
 2.57076e-27 2.60836e-27 5.0141e-26 1.00375e-19 2.46056e-14 7.29109e-10 2.61155e-06 0.0011307 0.0591767 0.374368 0.286508 0.0406842 0.10838 0.0995286 0.0154593 0.0102107 0.00322054 0.0009904 0.000273336 5.74192e-05 8.78204e-06 1.13134e-06 1.05568e-07 4.68289e-09 7.83048e-11
 2.5706e-27 2.60793e-27 4.97519e-26 9.95537e-20 2.44044e-14 7.23146e-10 2.59019e-06 0.00112145 0.0586928 0.371306 0.284173 0.0409008 0.111668 0.102543 0.0156355 0.00984831 0.00302501 0.000804673 0.000221148 4.86651e-05 7.82348e-06 8.73859e-07 6.59709e-08 3.11562e-09 5.73511e-11
 2.57012e-27 2.60663e-27 4.86022e-26 9.71282e-20 2.38098e-14 7.05527e-10 2.52708e-06 0.00109413 0.0572628 0.36226 0.27727 0.0411962 0.118766 0.109106 0.0170324 0.0113809 0.00347236 0.000875577 0.000227831 4.45866e-05 7.28822e-06 8.53001e-07 5.82868e-08 2.27207e-09 4.30503e-11
 2.56924e-27 2.60422e-27 4.64657e-26 9.26211e-20 2.2705e-14 6.72788e-10 2.40982e-06 0.00104336 0.0546056 0.34545 0.264445 0.0418711 0.132913 0.12215 0.0191609 0.0129544 0.0039936 0.00107328 0.000277545 5.1147e-05 7.56302e-06 8.45884e-07 5.97926e-08 2.13749e-09 3.45322e-11
 2.56956e-27 2.6051e-27 4.72379e-26 9.42501e-20 2.31043e-14 6.84621e-10 2.4522e-06 0.00106171 0.055566 0.351526 0.269082 0.0417076 0.128411 0.11798 0.0181273 0.0116469 0.00359425 0.00097927 0.000258541 5.00639e-05 7.16792e-06 7.30514e-07 4.81122e-08 1.73384e-09 2.58477e-11
 2.57009e-27 2.60652e-27 4.85008e-26 9.69144e-20 2.37574e-14 7.03974e-10 2.52152e-06 0.00109172 0.0571367 0.361462 0.276663 0.0412913 0.119916 0.110152 0.0169313 0.0108875 0.00333005 0.000858183 0.000225724 4.44692e-05 6.62067e-06 6.76994e-07 4.09838e-08 1.36844e-09 2.00827e-11
 2.57023e-27 2.60692e-27 4.88399e-26 9.76296e-20 2.39327e-14 7.09169e-10 2.54012e-06 0.00109978 0.0575584 0.36413 0.278699 0.0412716 0.118336 0.108674 0.0163219 0.00986932 0.00301507 0.0007772 0.000201047 3.78275e-05 5.65532e-06 5.96923e-07 3.66505e-08 1.14062e-09 1.55211e-11
 2.57036e-27 2.60726e-27 4.91428e-26 9.82686e-20 2.40894e-14 7.13811e-10 2.55675e-06 0.00110698 0.0579351 0.366513 0.280517 0.041166 0.116255 0.106759 0.0160716 0.00977865 0.00295844 0.000713868 0.000182871 3.42344e-05 4.94497e-06 5.11679e-07 3.22165e-08 1.01582e-09 1.30452e-11
 2.57058e-27 2.60784e-27 4.9651e-26 9.93407e-20 2.43522e-14 7.21598e-10 2.58464e-06 0.00111905 0.0585671 0.370512 0.283569 0.0410756 0.113423 0.104131 0.0153395 0.00877064 0.00265226 0.000643772 0.000162018 2.86636e-05 4.09016e-06 4.13297e-07 2.53243e-08 8.10978e-10 1.05118e-11
 2.57106e-27 2.60914e-27 5.07967e-26 1.01758e-19 2.49446e-14 7.39154e-10 2.64753e-06 0.00114628 0.0599921 0.379526 0.290448 0.0407841 0.106372 0.0976124 0.0139791 0.00730728 0.00218471 0.000496727 0.000123915 2.19077e-05 3.00466e-06 2.92429e-07 1.75189e-08 5.46851e-10 7.13937e-12
 2.57134e-27 2.60991e-27 5.14779e-26 1.03195e-19 2.52969e-14 7.49594e-10 2.68492e-06 0.00116247 0.0608394 0.384886 0.294538 0.0405942 0.102053 0.0936247 0.0132301 0.0066014 0.00194821 0.000403791 9.7386e-05 1.62762e-05 2.21102e-06 2.09957e-07 1.20252e-08 3.64926e-10 4.6566e-12
 2.57104e-27 2.60909e-27 5.07467e-26 1.01652e-19 2.49188e-14 7.38389e-10 2.64479e-06 0.00114509 0.05993 0.379133 0.290149 0.040846 0.107053 0.0982315 0.0139195 0.00701302 0.00205891 0.000406979 9.50833e-05 1.45822e-05 1.87536e-06 1.71643e-07 9.61073e-09 2.7941e-10 3.45049e-12
 2.57128e-27 2.60974e-27 5.13176e-26 1.02856e-19 2.5214e-14 7.47136e-10 2.67612e-06 0.00115866 0.0606399 0.383624 0.293576 0.0406887 0.103448 0.094901 0.0132645 0.00635799 0.00186611 0.0003723 8.62044e-05 1.25999e-05 1.51951e-06 1.28362e-07 6.83524e-09 1.92945e-10 2.28993e-12
 2.57139e-27 2.61004e-27 5.15819e-26 1.03414e-19 2.53507e-14 7.51186e-10 2.69062e-06 0.00116494 0.0609686 0.385704 0.295163 0.0406557 0.102081 0.0936296 0.0128443 0.00571917 0.0016656 0.000316339 7.26807e-05 1.0676e-05 1.25292e-06 9.91586e-08 4.84408e-09 1.28552e-10 1.47126e-12
 2.57128e-27 2.60974e-27 5.13124e-26 1.02845e-19 2.52113e-14 7.47057e-10 2.67583e-06 0.00115853 0.0606334 0.383584 0.293545 0.0407242 0.103739 0.0951631 0.0131837 0.00610613 0.00176701 0.000312374 6.98998e-05 9.83435e-06 1.14701e-06 8.95555e-08 4.11863e-09 1.00206e-10 1.07044e-12
 2.57157e-27 2.61053e-27 5.20152e-26 1.04328e-19 2.55748e-14 7.57827e-10 2.71441e-06 0.00117523 0.0615076 0.389113 0.297764 0.0405193 0.0992158 0.0909869 0.0124068 0.0053864 0.00156181 0.000286619 6.3712e-05 8.3871e-06 9.38421e-07 7.11578e-08 3.22883e-09 7.44668e-11 7.31038e-13
 2.57169e-27 2.61086e-27 5.23123e-26 1.04955e-19 2.57284e-14 7.6238e-10 2.73072e-06 0.0011823 0.0618771 0.391451 0.299547 0.0403955 0.0970211 0.0889703 0.012207 0.00543792 0.00156799 0.00027053 5.97688e-05 8.0994e-06 8.79221e-07 6.26305e-08 2.73299e-09 6.16957e-11 5.77112e-13
#obs surv len freq
 1.75794e-41 2.4399e-33 4.09344e-26 8.30141e-20 2.03499e-14 6.03006e-10 2.15987e-06 0.000935148 0.0489419 0.309621 0.237158 0.0440231 0.152629 0.129346 0.0368445 0.0284779 0.00867214 0.00274332 0.000539786 6.27945e-05 3.16438e-06 5.07616e-08 1.93871e-10 1.41645e-13 1.70968e-17
 2.17131e-41 3.01364e-33 5.056e-26 1.02535e-19 2.51352e-14 7.44801e-10 2.66776e-06 0.00115505 0.0604505 0.382427 0.292723 0.0419989 0.0974453 0.0780413 0.0226777 0.0164993 0.00485555 0.00143646 0.000258806 2.65292e-05 1.11399e-06 1.40025e-08 4.00274e-11 2.12873e-14 1.84155e-18
 1.72365e-41 2.39232e-33 4.01361e-26 8.13952e-20 1.99531e-14 5.91246e-10 2.11775e-06 0.000916912 0.0479875 0.303584 0.232741 0.0512082 0.181666 0.135694 0.0266497 0.0142296 0.00401696 0.00110636 0.000181735 1.61681e-05 5.61388e-07 5.53518e-09 1.18782e-11 4.6073e-15 2.85863e-19
 2.09203e-41 2.90361e-33 4.8714e-26 9.8791e-20 2.42175e-14 7.17608e-10 2.57035e-06 0.00111287 0.0582434 0.368465 0.282186 0.0458205 0.113288 0.0812348 0.0278578 0.0176686 0.00335266 0.000663389 9.73009e-05 7.45002e-06 2.11236e-07 1.6241e-09 2.62145e-12 7.44853e-16 3.32718e-20
 2.3742e-41 3.29523e-33 5.52844e-26 1.12116e-19 2.74838e-14 8.14396e-10 2.91703e-06 0.00126298 0.0660991 0.418162 0.320104 0.0442597 0.0787541 0.0518399 0.0114863 0.00596153 0.00169261 0.000340547 3.20356e-05 1.90438e-06 4.34911e-08 2.58516e-10 3.12642e-13 6.5175e-17 2.10472e-21
 1.31868e-41 1.83023e-33 3.0706e-26 6.22711e-20 1.5265e-14 4.52331e-10 1.62018e-06 0.00070148 0.0367127 0.232258 0.178942 0.0712488 0.272477 0.166538 0.0279488 0.0107185 0.00201873 0.000390112 4.1934e-05 1.74138e-06 2.76166e-08 1.23293e-10 1.10989e-13 1.69279e-17 3.95308e-22
 2.20562e-41 3.06125e-33 5.13588e-26 1.04155e-19 2.55323e-14 7.56569e-10 2.70991e-06 0.0011733 0.0614056 0.38847 0.297573 0.0468097 0.0896923 0.0571151 0.0362528 0.0186446 0.00252787 0.000306321 2.55203e-05 1.0277e-06 1.20974e-08 3.59381e-11 2.28227e-14 2.51485e-18 4.23303e-23
 1.98643e-41 2.75703e-33 4.62549e-26 9.3804e-20 2.29949e-14 6.81382e-10 2.4406e-06 0.0010567 0.0553032 0.349867 0.26857 0.0609775 0.155044 0.082585 0.0160019 0.00743288 0.00274786 0.000390843 1.98571e-05 5.45848e-07 5.33272e-09 1.19372e-11 5.08954e-15 3.78083e-19 4.43572e-24
 2.02358e-41 2.8086e-33 4.712e-26 9.55585e-20 2.3425e-14 6.94127e-10 2.48625e-06 0.00107646 0.0563376 0.356411 0.273661 0.0614949 0.143555 0.0739083 0.0232568 0.0086848 0.00133345 0.000257264 2.0145e-05 4.00336e-07 2.45987e-09 4.04753e-12 1.28991e-15 6.69865e-20 5.28233e-25
 1.97629e-41 2.74296e-33 4.60189e-26 9.33254e-20 2.28776e-14 6.77906e-10 2.42815e-06 0.0010513 0.0550211 0.348084 0.267593 0.0671114 0.154876 0.0741096 0.0222903 0.0081635 0.00151481 0.000170908 1.146e-05 2.90337e-07 1.51446e-09 1.5978e-12 3.39986e-16 1.26322e-20 7.1535e-26
 2.09808e-41 2.912e-33 4.88548e-26 9.90766e-20 2.42875e-14 7.19682e-10 2.57778e-06 0.00111609 0.0584118 0.369535 0.28402 0.0658341 0.133155 0.0602458 0.0197936 0.00660115 0.00114874 0.000129706 6.35656e-06 1.21183e-07 6.38708e-10 6.08979e-13 9.26679e-17 2.24724e-21 8.50881e-27
 2.04405e-41 2.83701e-33 4.75967e-26 9.65251e-20 2.3662e-14 7.01148e-10 2.5114e-06 0.00108735 0.0569075 0.360022 0.27719 0.0732048 0.146845 0.060949 0.0174787 0.00530558 0.000911654 9.23542e-05 4.04824e-06 5.81933e-08 2.20253e-10 1.76825e-13 2.3636e-17 4.58975e-22 1.24207e-27
 1.99972e-41 2.77548e-33 4.65644e-26 9.44318e-20 2.31488e-14 6.85942e-10 2.45693e-06 0.00106377 0.0556734 0.352217 0.271687 0.0794491 0.1537 0.0608954 0.0193198 0.00517033 0.000750216 6.81441e-05 2.60569e-06 3.08789e-08 8.76221e-11 4.95457e-14 4.9156e-18 7.60789e-23 1.67009e-28
 1.8672e-41 2.59155e-33 4.34786e-26 8.81738e-20 2.16148e-14 6.40485e-10 2.29411e-06 0.000993271 0.0519839 0.328883 0.254705 0.0914176 0.175682 0.0667782 0.0228444 0.00582683 0.000821417 6.14292e-05 1.92617e-06 1.86969e-08 4.16412e-11 1.75303e-14 1.23327e-18 1.33982e-23 2.12435e-29
 1.68361e-41 2.33674e-33 3.92036e-26 7.95042e-20 1.94895e-14 5.7751e-10 2.06855e-06 0.000895609 0.0468726 0.296557 0.231195 0.106622 0.201906 0.0767697 0.0305546 0.00750331 0.00104953 7.15631e-05 1.82748e-06 1.36621e-08 2.34644e-11 7.50465e-15 3.90983e-19 3.06112e-24 3.42141e-30
 1.9094e-41 2.65012e-33 4.44612e-26 9.01666e-20 2.21033e-14 6.5496e-10 2.34596e-06 0.00101572 0.0531587 0.336325 0.261249 0.0954873 0.154866 0.0612852 0.0283882 0.00712155 0.00103461 6.60002e-05 1.46454e-06 8.64215e-09 1.10545e-11 2.60888e-15 1.00362e-19 5.76662e-25 4.67945e-31
 1.86087e-41 2.58276e-33 4.33312e-26 8.78747e-20 2.15415e-14 6.38313e-10 2.28633e-06 0.000989903 0.0518076 0.32779 0.256041 0.10957 0.169242 0.0572355 0.0209575 0.00546653 0.000844495 5.29134e-05 1.0533e-06 5.14008e-09 5.07843e-12 8.82349e-16 2.44962e-20 1.01362e-25 5.93653e-32
 1.83208e-41 2.54281e-33 4.2661e-26 8.65156e-20 2.12083e-14 6.2844e-10 2.25097e-06 0.000974592 0.0510063 0.322734 0.253265 0.117201 0.16894 0.0585105 0.0221296 0.0045765 0.000621083 3.86656e-05 7.12875e-07 2.97265e-09 2.35131e-12 3.12035e-16 6.39206e-21 1.90808e-26 7.97225e-33
 1.85438e-41 2.57375e-33 4.318e-26 8.75681e-20 2.14663e-14 6.36086e-10 2.27836e-06 0.00098645 0.0516269 0.326675 0.257254 0.121623 0.160921 0.0553349 0.0208325 0.00423195 0.000487194 2.46108e-05 4.03307e-07 1.46302e-09 9.51657e-13 9.9251e-17 1.54572e-21 3.42416e-27 1.04271e-33
 1.94122e-41 2.69428e-33 4.52021e-26 9.1669e-20 2.24716e-14 6.65874e-10 2.38505e-06 0.00103264 0.0540446 0.341983 0.269611 0.121263 0.144377 0.0474515 0.0166443 0.0032305 0.000345654 1.44641e-05 1.83973e-07 5.39674e-10 2.87185e-13 2.3932e-17 2.89516e-22 4.86813e-28 1.1054e-34
 1.93694e-41 2.68835e-33 4.51026e-26 9.14672e-20 2.24221e-14 6.64408e-10 2.3798e-06 0.00103037 0.0539257 0.341258 0.270704 0.129914 0.14293 0.0438224 0.0137589 0.00241383 0.00023179 8.41763e-06 8.49869e-08 1.87112e-10 7.53292e-14 4.84381e-18 4.53563e-23 5.84876e-29 1.00544e-35
 1.98092e-41 2.74939e-33 4.61267e-26 9.35441e-20 2.29312e-14 6.79494e-10 2.43384e-06 0.00105377 0.0551502 0.349031 0.277792 0.131642 0.131938 0.0398619 0.0116164 0.00176445 0.000143442 4.36529e-06 3.57324e-08 6.04759e-11 1.7949e-14 8.41286e-19 5.79081e-24 5.55141e-30 7.13702e-37
 1.90645e-41 2.64603e-33 4.43926e-26 9.00272e-20 2.20691e-14 6.53948e-10 2.34234e-06 0.00101415 0.053077 0.335971 0.270843 0.14747 0.139002 0.0402331 0.0107914 0.0014917 0.000101166 2.44814e-06 1.57277e-08 2.05428e-11 4.58727e-15 1.57717e-19 7.83209e-25 5.38709e-31 4.9817e-38
 1.96797e-41 2.73141e-33 4.5825e-26 9.29322e-20 2.27812e-14 6.7505e-10 2.41792e-06 0.00104687 0.0547897 0.346843 0.280203 0.144796 0.124424 0.0371882 0.00947425 0.00116478 6.71108e-05 1.29e-06 6.27462e-09 6.13281e-12 1.02033e-15 2.59326e-20 9.41775e-26 4.68565e-32 3.10691e-39
 1.93868e-41 2.69076e-33 4.51431e-26 9.15493e-20 2.24422e-14 6.65004e-10 2.38194e-06 0.0010313 0.0539746 0.341765 0.279482 0.155782 0.124015 0.0347671 0.00818408 0.000949183 4.67152e-05 7.17706e-07 2.65465e-09 1.90777e-12 2.30623e-16 4.25452e-21 1.12182e-26 4.04661e-33 1.93921e-40
 1.87418e-41 2.60123e-33 4.36411e-26 8.85033e-20 2.16955e-14 6.42878e-10 2.30269e-06 0.000996984 0.0521791 0.330518 0.275021 0.169514 0.12717 0.0359937 0.0077734 0.000797157 3.41435e-05 4.27949e-07 1.21298e-09 6.45228e-13 5.65245e-17 7.47244e-22 1.40697e-27 3.62594e-34 1.24338e-41
 1.79742e-41 2.4947e-33 4.18538e-26 8.48788e-20 2.0807e-14 6.1655e-10 2.20838e-06 0.000956154 0.0500427 0.317153 0.26978 0.184153 0.13108 0.0382288 0.00784998 0.000728298 2.61455e-05 2.6586e-07 5.88377e-10 2.34715e-13 1.5025e-17 1.43051e-22 1.92309e-28 3.52069e-35 8.55673e-43
 1.82945e-41 2.53915e-33 4.25995e-26 8.63909e-20 2.11777e-14 6.27534e-10 2.24773e-06 0.000973189 0.0509347 0.322913 0.276535 0.18188 0.121566 0.037158 0.00737854 0.000638527 1.96007e-05 1.59296e-07 2.72052e-10 8.20672e-14 3.8938e-18 2.70046e-23 2.61282e-29 3.41704e-36 5.90492e-44
#pred catch len freq
 2.56618e-27 2.5965e-27 4.03712e-26 7.97672e-20 1.9554e-14 5.79419e-10 2.07538e-06 0.000898561 0.0470275 0.297509 0.227764 0.0372139 0.123239 0.11389 0.0293296 0.0386392 0.0181611 0.0161164 0.0109489 0.00903618 0.00757194 0.00689291 0.00720673 0.00654088 0.00201217
 2.56942e-27 2.6049e-27 4.72721e-26 9.43232e-20 2.31222e-14 6.85152e-10 2.4541e-06 0.00106253 0.0556091 0.351798 0.269261 0.0398672 0.114279 0.105181 0.0201549 0.0196093 0.00779858 0.00518462 0.00290807 0.00203573 0.00148796 0.00120517 0.0011443 0.00105414 0.000356996
 2.56921e-27 2.60422e-27 4.65361e-26 9.27699e-20 2.27414e-14 6.73869e-10 2.41369e-06 0.00104503 0.0546933 0.346005 0.26486 0.0413048 0.128312 0.11799 0.019939 0.0158098 0.00537123 0.00230385 0.000983025 0.000515088 0.000297667 0.000202092 0.000166726 0.000147914 5.22452e-05
 2.56906e-27 2.6038e-27 4.61484e-26 9.1952e-20 2.25409e-14 6.67928e-10 2.3924e-06 0.00103582 0.0542111 0.342954 0.262533 0.0415018 0.131446 0.120892 0.0206656 0.0167173 0.00535581 0.00176279 0.000567201 0.000190724 7.48012e-05 3.74405e-05 2.4755e-05 1.9851e-05 7.02993e-06
 2.57145e-27 2.61032e-27 5.19319e-26 1.04153e-19 2.55318e-14 7.56553e-10 2.70985e-06 0.00117326 0.0614042 0.38846 0.297252 0.0396626 0.0930569 0.0854979 0.014952 0.0125934 0.00405825 0.00136131 0.000393936 9.65073e-05 2.29777e-05 6.89381e-06 3.08746e-06 2.02659e-06 6.91178e-07
 2.5679e-27 2.6006e-27 4.3268e-26 8.58754e-20 2.10513e-14 6.23788e-10 2.23431e-06 0.000967369 0.0506286 0.320291 0.245249 0.0428106 0.153549 0.141185 0.0223648 0.0154871 0.00502557 0.0017698 0.000518967 0.000124295 2.25934e-05 3.82934e-06 8.76521e-07 3.84898e-07 1.18967e-07
 2.56774e-27 2.60028e-27 4.30989e-26 8.5519e-20 2.0964e-14 6.212e-10 2.22503e-06 0.000963354 0.0504185 0.318961 0.244219 0.041905 0.147381 0.135726 0.0256236 0.0242863 0.00757854 0.0021287 0.000619533 0.000154696 2.79512e-05 3.74438e-06 4.17928e-07 8.31467e-08 2.02517e-08
 2.57061e-27 2.60804e-27 4.99433e-26 9.99578e-20 2.45034e-14 7.26081e-10 2.6007e-06 0.001126 0.058931 0.372813 0.28531 0.0400491 0.104387 0.0959901 0.0174658 0.0157053 0.00530704 0.00215735 0.000602841 0.000125679 2.29556e-05 3.08495e-06 2.59452e-07 1.94358e-08 2.55471e-09
 2.56997e-27 2.60621e-27 4.82397e-26 9.63635e-20 2.36224e-14 6.99973e-10 2.50718e-06 0.00108551 0.0568119 0.359408 0.275094 0.0412814 0.120943 0.111106 0.0172077 0.0112956 0.00372991 0.00142812 0.00045778 0.000125636 2.04766e-05 2.55065e-06 2.10905e-07 9.89094e-09 4.48446e-10
 2.57005e-27 2.60644e-27 4.84584e-26 9.68249e-20 2.37355e-14 7.03324e-10 2.51919e-06 0.00109071 0.057084 0.361129 0.276405 0.0410839 0.118519 0.108912 0.0176186 0.0127688 0.00392838 0.00104162 0.000311088 8.54212e-05 1.77028e-05 2.31663e-06 1.72875e-07 7.40911e-09 1.62958e-10
 2.57032e-27 2.6072e-27 4.91411e-26 9.82652e-20 2.40885e-14 7.13786e-10 2.55666e-06 0.00110694 0.0579331 0.366501 0.280502 0.0407823 0.113346 0.104159 0.0171458 0.0128924 0.00404509 0.00119102 0.000316031 6.34283e-05 1.24377e-05 1.90208e-06 1.59649e-07 6.30416e-09 1.12695e-10
 2.5708e-27 2.60847e-27 5.02436e-26 1.00591e-19 2.46586e-14 7.3068e-10 2.61717e-06 0.00113314 0.0593042 0.375175 0.287123 0.0406504 0.10769 0.098893 0.0153605 0.0101455 0.00319997 0.000984076 0.00027159 5.70526e-05 8.72596e-06 1.12411e-06 1.04894e-07 4.65299e-09 7.78047e-11
 2.57059e-27 2.60789e-27 4.97098e-26 9.94649e-20 2.43826e-14 7.22501e-10 2.58788e-06 0.00112045 0.0586404 0.370975 0.28392 0.0409149 0.111953 0.102806 0.0156755 0.00987353 0.00303276 0.000806734 0.000221714 4.87897e-05 7.84352e-06 8.76096e-07 6.61398e-08 3.1236e-09 5.74979e-11
 2.5702e-27 2.60684e-27 4.87881e-26 9.75204e-20 2.3906e-14 7.08376e-10 2.53728e-06 0.00109855 0.057494 0.363723 0.278386 0.0411349 0.117515 0.107953 0.0168524 0.0112607 0.00343567 0.000866324 0.000225423 4.41154e-05 7.2112e-06 8.43986e-07 5.76708e-08 2.24806e-09 4.25953e-11
 2.56962e-27 2.60527e-27 4.74013e-26 9.45948e-20 2.31888e-14 6.87125e-10 2.46117e-06 0.00106559 0.0557692 0.352811 0.270061 0.0415638 0.126629 0.116358 0.0182523 0.0123401 0.00380422 0.00102238 0.000264383 4.87215e-05 7.20437e-06 8.05771e-07 5.69571e-08 2.03613e-09 3.28946e-11
 2.56988e-27 2.60595e-27 4.79978e-26 9.58533e-20 2.34973e-14 6.96266e-10 2.49391e-06 0.00107977 0.0565111 0.357505 0.273643 0.0414544 0.123279 0.11325 0.0174007 0.01118 0.00345016 0.000940014 0.000248177 4.8057e-05 6.88058e-06 7.0123e-07 4.61835e-08 1.66433e-09 2.48115e-11
 2.57037e-27 2.60731e-27 4.92002e-26 9.83898e-20 2.41191e-14 7.14691e-10 2.5599e-06 0.00110834 0.0580066 0.366965 0.280861 0.0410581 0.115192 0.105798 0.016262 0.0104572 0.00319843 0.000824262 0.000216802 4.27115e-05 6.35898e-06 6.50234e-07 3.93638e-08 1.31435e-09 1.92889e-11
 2.57048e-27 2.6076e-27 4.94469e-26 9.89102e-20 2.42466e-14 7.18471e-10 2.57344e-06 0.0011142 0.0583133 0.368906 0.282343 0.0410659 0.114211 0.104873 0.015751 0.00952412 0.00290961 0.000750015 0.000194014 3.65044e-05 5.45751e-06 5.76044e-07 3.53685e-08 1.10072e-09 1.49782e-11
 2.57068e-27 2.60812e-27 4.99123e-26 9.9892e-20 2.44873e-14 7.25603e-10 2.59899e-06 0.00112526 0.0588922 0.372568 0.285137 0.0409054 0.111026 0.101941 0.0153463 0.00933735 0.00282493 0.000681652 0.000174618 3.26895e-05 4.72181e-06 4.88587e-07 3.07626e-08 9.69976e-10 1.24565e-11
 2.57098e-27 2.60893e-27 5.06225e-26 1.0139e-19 2.48546e-14 7.36486e-10 2.63797e-06 0.00114214 0.0597755 0.378156 0.289401 0.0407418 0.106785 0.0980155 0.0144387 0.00825558 0.0024965 0.000605967 0.000152504 2.69803e-05 3.84997e-06 3.89026e-07 2.38372e-08 7.63353e-10 9.89446e-12
 2.57141e-27 2.6101e-27 5.1656e-26 1.0357e-19 2.5389e-14 7.52323e-10 2.69469e-06 0.0011667 0.0610609 0.386288 0.295606 0.0404832 0.100457 0.0921648 0.013199 0.00689947 0.00206278 0.000469006 0.000116999 2.0685e-05 2.83698e-06 2.76109e-07 1.65412e-08 5.16332e-10 6.74093e-12
 2.57162e-27 2.61066e-27 5.2146e-26 1.04604e-19 2.56424e-14 7.59831e-10 2.72159e-06 0.00117834 0.0616702 0.390142 0.298548 0.040358 0.0974384 0.0893748 0.0126296 0.00630175 0.00185978 0.000385461 9.29653e-05 1.55374e-05 2.11065e-06 2.00426e-07 1.14793e-08 3.48361e-10 4.44522e-12
 2.57145e-27 2.61022e-27 5.17492e-26 1.03767e-19 2.54372e-14 7.5375e-10 2.69981e-06 0.00116891 0.0611767 0.38702 0.296166 0.0404921 0.100132 0.0918573 0.0130163 0.00655795 0.00192531 0.00038057 8.89133e-05 1.3636e-05 1.75367e-06 1.60505e-07 8.98709e-09 2.61279e-10 3.22659e-12
 2.57172e-27 2.61095e-27 5.24006e-26 1.05141e-19 2.57741e-14 7.63733e-10 2.73556e-06 0.00118439 0.0619869 0.392146 0.300077 0.040303 0.0959454 0.0879923 0.0122989 0.00589512 0.00173026 0.000345196 7.99287e-05 1.16826e-05 1.40889e-06 1.19017e-07 6.33764e-09 1.78898e-10 2.12322e-12
 2.57177e-27 2.61107e-27 5.24986e-26 1.05348e-19 2.58248e-14 7.65234e-10 2.74094e-06 0.00118672 0.0621088 0.392917 0.300666 0.0403254 0.0957021 0.0877557 0.0120385 0.00536038 0.00156111 0.000296493 6.8121e-05 1.00062e-05 1.17431e-06 9.29378e-08 4.54018e-09 1.20487e-10 1.37896e-12
 2.57176e-27 2.61103e-27 5.24706e-26 1.05289e-19 2.58103e-14 7.64805e-10 2.7394e-06 0.00118606 0.062074 0.392697 0.300497 0.0403091 0.0956965 0.0877571 0.0121577 0.00563092 0.00162949 0.000288064 6.44599e-05 9.069e-06 1.05775e-06 8.25859e-08 3.7981e-09 9.24075e-11 9.87136e-13
 2.57195e-27 2.61157e-27 5.29394e-26 1.06278e-19 2.60527e-14 7.71989e-10 2.76514e-06 0.0011972 0.062657 0.396385 0.303312 0.0401851 0.0927748 0.0850565 0.0115981 0.00503532 0.00146002 0.000267937 5.95593e-05 7.84043e-06 8.77255e-07 6.65198e-08 3.01838e-09 6.96132e-11 6.8339e-13
 2.57146e-27 2.61023e-27 5.17454e-26 1.03759e-19 2.54353e-14 7.53693e-10 2.6996e-06 0.00116882 0.061172 0.386991 0.296145 0.0405999 0.100967 0.0926034 0.0127055 0.00565998 0.00163202 0.000281577 6.22095e-05 8.43014e-06 9.15125e-07 6.5188e-08 2.8446e-09 6.42151e-11 6.00678e-13
#obs catch len freq
 1.74659e-41 2.42415e-33 4.06701e-26 8.24782e-20 2.02186e-14 5.99113e-10 2.14592e-06 0.000929111 0.048626 0.307622 0.235633 0.0440733 0.153946 0.130476 0.0372681 0.0289013 0.00897735 0.00289446 0.000579282 6.92816e-05 3.63903e-06 6.126e-08 2.44983e-10 1.8631e-13 2.32815e-17
 1.76052e-41 2.44349e-33 4.09945e-26 8.31362e-20 2.03798e-14 6.03892e-10 2.16304e-06 0.000936523 0.0490139 0.310076 0.237565 0.0459802 0.156426 0.125501 0.0367246 0.0268454 0.00801216 0.00241913 0.000448172 4.70415e-05 2.03676e-06 2.66176e-08 7.92794e-11 4.37989e-14 3.91724e-18
 2.17942e-41 3.02489e-33 5.07488e-26 1.02918e-19 2.5229e-14 7.47582e-10 2.67772e-06 0.00115936 0.0606763 0.383856 0.293857 0.0432915 0.0988613 0.0747687 0.0223512 0.0152958 0.00441293 0.00123882 0.000208999 1.9165e-05 6.84187e-07 6.9454e-09 1.5395e-11 6.17034e-15 3.9477e-19
 1.74048e-41 2.41568e-33 4.0528e-26 8.21899e-20 2.01479e-14 5.97019e-10 2.13842e-06 0.000925864 0.048456 0.306548 0.235097 0.0537188 0.183325 0.128653 0.0255441 0.0130314 0.00360707 0.000937658 0.000143242 1.13023e-05 3.30459e-07 2.60956e-09 4.31805e-12 1.25816e-15 5.76288e-20
 2.11189e-41 2.93116e-33 4.91764e-26 9.97287e-20 2.44473e-14 7.24419e-10 2.59475e-06 0.00112344 0.0587962 0.371962 0.284921 0.0474306 0.113092 0.0763691 0.0270396 0.0157606 0.00287544 0.000547862 7.43697e-05 5.00428e-06 1.18384e-07 7.23573e-10 8.95835e-13 1.90594e-16 6.27378e-21
 2.39033e-41 3.31761e-33 5.56599e-26 1.12877e-19 2.76705e-14 8.19927e-10 2.93685e-06 0.00127155 0.066548 0.421002 0.322322 0.0453453 0.0777462 0.0478991 0.0108119 0.00529528 0.00146299 0.000267695 2.33769e-05 1.22662e-06 2.31808e-08 1.0878e-10 1.0043e-13 1.56284e-17 3.71226e-22
 1.35242e-41 1.87707e-33 3.14917e-26 6.38646e-20 1.56556e-14 4.63905e-10 1.66163e-06 0.00071943 0.0376521 0.238202 0.183696 0.0757131 0.271645 0.15477 0.0261072 0.00942644 0.00172243 0.000313607 3.00187e-05 1.07932e-06 1.4242e-08 5.0013e-11 3.42249e-14 3.88552e-18 6.66193e-23
 2.23539e-41 3.10257e-33 5.2052e-26 1.0556e-19 2.58769e-14 7.6678e-10 2.74648e-06 0.00118913 0.0622344 0.393714 0.301652 0.0481996 0.0874889 0.0530209 0.0344087 0.0158056 0.00203418 0.000232133 1.76554e-05 6.04107e-07 5.7909e-09 1.35448e-11 6.53646e-15 5.34989e-19 6.6003e-24
 2.02285e-41 2.80758e-33 4.71029e-26 9.55238e-20 2.34165e-14 6.93875e-10 2.48535e-06 0.00107607 0.0563172 0.356282 0.273619 0.0633445 0.150784 0.0747091 0.0146914 0.00658703 0.00228854 0.00028466 1.30422e-05 3.10008e-07 2.4517e-09 4.26493e-12 1.37883e-15 7.60972e-20 6.53685e-25
 2.06289e-41 2.86315e-33 4.80353e-26 9.74145e-20 2.388e-14 7.07609e-10 2.53454e-06 0.00109737 0.0574319 0.363335 0.279107 0.0637094 0.138615 0.0668295 0.0213637 0.00721228 0.0010882 0.000194632 1.28599e-05 2.13537e-07 1.07144e-09 1.37155e-12 3.29723e-16 1.26974e-20 7.3346e-26
 2.02019e-41 2.8039e-33 4.70412e-26 9.53985e-20 2.33858e-14 6.92964e-10 2.48209e-06 0.00107466 0.0562433 0.355818 0.273698 0.0695169 0.148674 0.0665651 0.0202731 0.00680836 0.00119644 0.000122711 7.36213e-06 1.51452e-07 6.23397e-10 5.10394e-13 8.21183e-17 2.25952e-21 9.36374e-27
 2.1405e-41 2.97087e-33 4.98424e-26 1.01079e-19 2.47784e-14 7.3423e-10 2.62989e-06 0.00113865 0.0595926 0.377007 0.289919 0.0677897 0.126624 0.0537558 0.0177703 0.00541154 0.000894974 9.05089e-05 3.85995e-06 6.1397e-08 2.53731e-10 1.84123e-13 2.10419e-17 3.78129e-22 1.04742e-27
 2.09056e-41 2.90156e-33 4.86797e-26 9.87214e-20 2.42004e-14 7.17102e-10 2.56854e-06 0.00111209 0.0582024 0.368215 0.283696 0.0753372 0.138898 0.0539568 0.015496 0.00431949 0.000698491 6.31446e-05 2.37696e-06 2.80117e-08 8.36988e-11 5.11519e-14 5.09367e-18 7.29364e-23 1.44483e-28
 2.04964e-41 2.84477e-33 4.77269e-26 9.67892e-20 2.37267e-14 7.03067e-10 2.51827e-06 0.00109032 0.0570632 0.361013 0.278711 0.081699 0.144771 0.053931 0.016971 0.0041364 0.000564445 4.56215e-05 1.48361e-06 1.42652e-08 3.16342e-11 1.36018e-14 1.00499e-18 1.14242e-23 1.8282e-29
 1.92343e-41 2.66959e-33 4.47879e-26 9.0829e-20 2.22657e-14 6.59772e-10 2.3632e-06 0.00102318 0.0535493 0.33879 0.262694 0.0941392 0.16521 0.0593423 0.0199526 0.00464901 0.000606511 4.00335e-05 1.06442e-06 8.32126e-09 1.43813e-11 4.57905e-15 2.39376e-19 1.90824e-24 2.20024e-30
 1.7468e-41 2.42444e-33 4.06751e-26 8.24882e-20 2.0221e-14 5.99186e-10 2.14619e-06 0.000929224 0.0486319 0.307693 0.240295 0.110087 0.190011 0.0689546 0.0265982 0.00598282 0.000767305 4.56431e-05 9.76187e-07 5.85385e-09 7.76917e-12 1.87158e-15 7.22459e-20 4.14473e-25 3.36782e-31
 1.96903e-41 2.73288e-33 4.58497e-26 9.29823e-20 2.27935e-14 6.75414e-10 2.41922e-06 0.00104744 0.0548188 0.346834 0.269775 0.0976173 0.144056 0.0550822 0.0243542 0.00563161 0.000740021 4.08281e-05 7.49269e-07 3.51198e-09 3.45649e-12 6.1292e-16 1.74304e-20 7.32563e-26 4.31724e-32
 1.92213e-41 2.66779e-33 4.47577e-26 9.07677e-20 2.22506e-14 6.59327e-10 2.3616e-06 0.00102249 0.0535132 0.338589 0.26494 0.11175 0.156663 0.0506826 0.0178699 0.0043351 0.000598802 3.21096e-05 5.2225e-07 2.00507e-09 1.51398e-12 1.96959e-16 4.03522e-21 1.21966e-26 5.18121e-33
 1.89563e-41 2.63101e-33 4.41406e-26 8.95162e-20 2.19439e-14 6.50236e-10 2.32904e-06 0.00100839 0.0527754 0.333938 0.262587 0.119206 0.155882 0.0520431 0.0185476 0.00354955 0.000436222 2.30504e-05 3.4306e-07 1.11439e-09 6.69084e-13 6.61975e-17 9.98309e-22 2.17424e-27 6.58459e-34
 1.91875e-41 2.6631e-33 4.4679e-26 9.06082e-20 2.22115e-14 6.58168e-10 2.35745e-06 0.0010207 0.0534192 0.338029 0.266764 0.123113 0.14766 0.0491086 0.0173045 0.00323336 0.000331235 1.42747e-05 1.88014e-07 5.26473e-10 2.58144e-13 1.99788e-17 2.28398e-22 3.68531e-28 8.12771e-35
 2.00291e-41 2.77991e-33 4.66387e-26 9.45823e-20 2.31858e-14 6.87036e-10 2.46085e-06 0.00106546 0.0557623 0.352868 0.278773 0.121966 0.131475 0.0417637 0.0136526 0.00243421 0.000229052 8.06067e-06 8.2259e-08 1.85838e-10 7.41568e-14 4.5647e-18 4.04051e-23 4.93829e-29 8.11087e-36
 1.9994e-41 2.77503e-33 4.65569e-26 9.44165e-20 2.31451e-14 6.85832e-10 2.45654e-06 0.0010636 0.0556646 0.352283 0.280098 0.130084 0.129467 0.0382518 0.0111423 0.00178985 0.000150316 4.53872e-06 3.63872e-08 6.14759e-11 1.85253e-14 8.77371e-19 5.9929e-24 5.60355e-30 6.95599e-37
 2.04183e-41 2.83393e-33 4.75451e-26 9.64204e-20 2.36363e-14 7.00388e-10 2.50868e-06 0.00108617 0.0568461 0.359788 0.287028 0.131139 0.118894 0.0345837 0.00925991 0.00128011 9.05326e-05 2.27534e-06 1.46701e-08 1.89301e-11 4.19203e-15 1.4448e-19 7.24133e-25 5.02264e-31 4.65287e-38
 1.971e-41 2.73562e-33 4.58957e-26 9.30755e-20 2.28164e-14 6.76091e-10 2.42165e-06 0.00104849 0.0548742 0.347381 0.280827 0.146486 0.124991 0.034739 0.0085243 0.00106295 6.20687e-05 1.23313e-06 6.20837e-09 6.15295e-12 1.02139e-15 2.57663e-20 9.30605e-26 4.62674e-32 3.07915e-39
 2.03026e-41 2.81787e-33 4.72757e-26 9.58741e-20 2.35024e-14 6.9642e-10 2.49446e-06 0.00108002 0.0565243 0.357863 0.28988 0.143072 0.111429 0.0319228 0.00737314 0.000812293 3.99121e-05 6.23983e-07 2.36693e-09 1.74975e-12 2.15816e-16 4.01588e-21 1.05918e-26 3.80617e-33 1.8156e-40
 2.00216e-41 2.77887e-33 4.66213e-26 9.45471e-20 2.31771e-14 6.8678e-10 2.45994e-06 0.00106507 0.0557422 0.353009 0.289526 0.153351 0.110683 0.0296252 0.00631934 0.000650066 2.69951e-05 3.34525e-07 9.58996e-10 5.19475e-13 4.64598e-17 6.2646e-22 1.1979e-27 3.11732e-34 1.07384e-41
 1.94033e-41 2.69305e-33 4.51815e-26 9.16273e-20 2.24613e-14 6.65571e-10 2.38397e-06 0.00103218 0.0540212 0.342254 0.28572 0.166454 0.113511 0.0305197 0.0059296 0.00053671 1.92282e-05 1.92512e-07 4.20412e-10 1.6795e-13 1.08621e-17 1.04821e-22 1.42984e-28 2.65578e-35 6.54014e-43
 1.8662e-41 2.59016e-33 4.34553e-26 8.81265e-20 2.16032e-14 6.40141e-10 2.29288e-06 0.00099274 0.051958 0.32938 0.281199 0.180523 0.117206 0.032308 0.00593568 0.000480928 1.43319e-05 1.15609e-07 1.95915e-10 5.84706e-14 2.75735e-18 1.91397e-23 1.86266e-29 2.45648e-36 4.28559e-44
#spawning biomass
 6672.93 7526.86 9905.08 11461.7 18563 30768.4 29773.5 33156.6 42923 52065.2 71311.4 86977.8 109457 135502 140141 112685 102465 99200.5 101129 100704 99813.7 108971 124632 128011 130230 140174 141615 161240 219102 229466 128227 67499.9 38174.7 25647.6 20697.3 18841.7 18171.6 17936 17854.9 17827.3 17818.1 17815 17814 17813.6 17813.5 17813.5 17813.5 17813.5 17813.5 17813.5 17813.5 17813.5 17813.5 17813.5 17813.5 17813.5 17813.5 17813.5 17813.5 17813.5 17813.5 17813.5 17813.5 17813.5 17813.5 17813.5 17813.5 17813.5 17813.5 17813.5 17813.5 17813.5 17813.5 17813.5 17813.5 17813.5 17813.5 17813.5 17813.5 17813.5 17813.5 17813.5 17813.5 17813.5 17813.5 17813.5 17813.5 17813.5 17813.5 17813.5 17813.5 17813.5 17813.5 17813.5 17813.5 17813.5 17813.5 17813.5 17813.5 17813.5 17813.5 17813.5 17813.5 17813.5 17813.5 17813.5 17813.5 17813.5 17813.5 17813.5 17813.5 17813.5 17813.5 17813.5 17813.5 17813.5 17813.5 17813.5 17813.5 17813.5 17813.5 17813.5 17813.5 17813.5 17813.5 17813.5 17813.5 17813.5 0 0 0 0 0 0 0 0 0 0 0 0 0 0 0 0 0 0 0 0 0 0 0 0 0
