SBPRF35
0.178135
Curr Bio
186544
B35
464613
F35
0.575024
FOFL
0.206285
OFL
25165.3
Bzero
50895.7
#pred survey bio
 34661.4 36554.6 23345.3 16030.2 26252.2 41345.7 65304.6 98302 143635 193110 168956 181178 199952 214022 238786 225948 227759 231530 212377 196403 204386 210716 197603 239913 246226 223900 170737 196374 6.69902e+06 6.05538e+06 3.91781e+06 2.31648e+06 1.39167e+06 914357 678038 560771 500832 468875 451107 440883 434857 431252 429075 427727 426924 426442 426153 425979 425874 425811 425773 425750 425736 425727 425722 425719 425717 425716 425716 425715 425715 425715 425715 425715 425715 425715 425715 425715 425715 425715 425715 425715 425715 425715 425715 425715 425715 425715 425715 425715 425715 425715 425715 425715 425715 425715 425715 425715 425715 425715 425715 425715 425715 425715 425715 425715 425715 425715 425715 425715 425715 425715 425715 425715 425715 425715 425715 425715 425715 425715 425715 425715 425715 425715 425715 425715 425715 425715 425715 425715 425715 425715 425715 425715 425715 425715 425715 425715 0 0 0 0 0 0 0 0 0 0 0 0 0 0 0 0 0 0 0 0 0 0 0 0 0
#obs survey bio
 30021.6 23751.5 9460.49 22471.5 24756.3 55474.5 64943 130466 143928 161792 212035 182927 210525 220814 170818 182802 241225 191474 235692 174134 248381 177621 190288 365756 280968 229162 238869 165853
#pred catch bio
 13392.4 17908.4 11470.5 7916.06 14750.2 22780.3 38715 57438.2 80622.5 142411 129005 147460 160613 168243 214679 212247 210310 221647 211540 196309 209932 230965 213360 263311 281974 268513 203803 244090 25165.3 98111.7 59126 31976 17541 10882.6 8067.5 6944.27 6513.82 6353.58 6295.19 6274.25 6266.83 6264.22 6263.32 6263 6262.89 6262.86 6262.84 6262.84 6262.84 6262.84 6262.84 6262.84 6262.84 6262.84 6262.84 6262.84 6262.84 6262.84 6262.84 6262.84 6262.84 6262.84 6262.84 6262.84 6262.84 6262.84 6262.84 6262.84 6262.84 6262.84 6262.84 6262.84 6262.84 6262.84 6262.84 6262.84 6262.84 6262.84 6262.84 6262.84 6262.84 6262.84 6262.84 6262.84 6262.84 6262.84 6262.84 6262.84 6262.84 6262.84 6262.84 6262.84 6262.84 6262.84 6262.84 6262.84 6262.84 6262.84 6262.84 6262.84 6262.84 6262.84 6262.84 6262.84 6262.84 6262.84 6262.84 6262.84 6262.84 6262.84 6262.84 6262.84 6262.84 6262.84 6262.84 6262.84 6262.84 6262.84 6262.84 6262.84 6262.84 6262.84 6262.84 6262.84 6262.84 6262.84 6262.84 6262.84 0 0 0 0 0 0 0 0 0 0 0 0 0 0 0 0 0 0 0 0 0 0 0 0 0
#obs catch bio
 14360.5 21479.6 15255.9 8843.05 14792.7 21656.7 37734.8 53120.2 74556.9 147309 124026 149094 147175 162932 219995 212796 201491 223889 209504 191941 194637 216104 209855 221362 271012 260617 178251 249606
#pred cpue bio
 32723.7 35321.5 22946.7 15239.1 23804.3 38228.9 59924.4 90289.7 132360 179554 156101 164658 181319 195198 217197 202799 203543 208107 189740 174433 181074 185900 172686 209729 215567 194551 147748 169226 5.74883e+06 6.04127e+06 3.9037e+06 2.30237e+06 1.37757e+06 900251 663932 546665 486726 454769 437000 426777 420751 417146 414969 413621 412818 412336 412047 411873 411768 411705 411667 411644 411630 411621 411616 411613 411611 411610 411609 411609 411609 411609 411609 411609 411608 411608 411608 411608 411608 411608 411608 411608 411608 411608 411608 411608 411608 411608 411608 411608 411608 411608 411608 411608 411608 411608 411608 411608 411608 411608 411608 411608 411608 411608 411608 411608 411608 411608 411608 411608 411608 411608 411608 411608 411608 411608 411608 411608 411608 411608 411608 411608 411608 411608 411608 411608 411608 411608 411608 411608 411608 411608 411608 411608 411608 411608 411608 411608 0 0 0 0 0 0 0 0 0 0 0 0 0 0 0 0 0 0 0 0 0 0 0 0 0
#obs cpue bio
 40891 15849.3 12179.6 14119.8 33064.7 43574.4 58649.8 112253 161386 161341 159911 146753 276717 188956 275251 255253 232017 233603 182942 211559 207392 289597 179148 302892 207184 219437 173837 180951
#pred surv len freq
 1.55547e-11 1.68831e-09 1.08052e-07 4.07753e-06 9.07302e-05 0.00119042 0.00921035 0.0420376 0.113399 0.182529 0.183531 0.137553 0.10626 0.084817 0.0558571 0.0317552 0.0182929 0.0109541 0.00685 0.00458982 0.00335324 0.0027032 0.0022819 0.00173471 0.00100539
 1.08162e-11 1.174e-09 7.51358e-08 2.83539e-06 6.30914e-05 0.000827812 0.00640574 0.0292585 0.0792236 0.129918 0.141934 0.136168 0.142448 0.130658 0.0898567 0.0517882 0.0286629 0.0150406 0.00760229 0.00399026 0.00229416 0.00150431 0.00110624 0.000792199 0.00045507
 6.77731e-12 7.35612e-10 4.70791e-08 1.77662e-06 3.95326e-05 0.000518719 0.00401466 0.0183541 0.0499301 0.083754 0.100208 0.117628 0.146262 0.149662 0.121043 0.0882027 0.0582839 0.0326299 0.0159243 0.00717954 0.00316898 0.00151792 0.000858305 0.000530304 0.000287555
 1.53474e-11 1.66582e-09 1.06612e-07 4.02321e-06 8.95212e-05 0.00117455 0.00908717 0.0414667 0.11174 0.178895 0.175374 0.119926 0.0803618 0.0660165 0.0588642 0.0526196 0.0426943 0.0296815 0.0175366 0.00863122 0.00358673 0.00135735 0.000535755 0.000244377 0.00011352
 1.99466e-11 2.16501e-09 1.3856e-07 5.22884e-06 0.000116348 0.00152652 0.0118099 0.0538842 0.145103 0.231519 0.223164 0.141876 0.0777642 0.04727 0.0271846 0.0140722 0.00856895 0.0064216 0.00466833 0.00284698 0.00139333 0.000546164 0.000180899 5.77933e-05 1.95823e-05
 1.72302e-11 1.87017e-09 1.1969e-07 4.51675e-06 0.000100503 0.00131864 0.0102023 0.0465618 0.125561 0.20176 0.201229 0.146382 0.106827 0.0799444 0.0464783 0.0198426 0.00745041 0.00302674 0.0015062 0.000908647 0.000527921 0.0002477 8.93807e-05 2.55986e-05 6.40702e-06
 1.82602e-11 1.98197e-09 1.26846e-07 4.78678e-06 0.000106512 0.00139747 0.0108119 0.0493377 0.13296 0.212955 0.209123 0.143537 0.0942632 0.0672434 0.041392 0.021057 0.009756 0.00395404 0.00134476 0.000446339 0.000179855 8.30808e-05 3.40785e-05 1.07253e-05 2.54284e-06
 1.80739e-11 1.96175e-09 1.25552e-07 4.73794e-06 0.000105425 0.00138321 0.0107016 0.0488361 0.131629 0.210985 0.207954 0.144759 0.0975863 0.0701337 0.0417816 0.0196955 0.00862038 0.00370044 0.00144477 0.000484957 0.00013896 3.8502e-05 1.2037e-05 3.76804e-06 9.48736e-07
 1.77084e-11 1.92208e-09 1.23013e-07 4.64211e-06 0.000103293 0.00135524 0.0104853 0.0478502 0.128992 0.206919 0.204714 0.144567 0.100253 0.0736014 0.0444581 0.0213129 0.0093641 0.00388132 0.00144827 0.000492213 0.000149152 3.82544e-05 8.43353e-06 1.78782e-06 3.78246e-07
 1.66543e-11 1.80767e-09 1.15691e-07 4.3658e-06 9.71445e-05 0.00127458 0.0098614 0.0450074 0.121387 0.1952 0.195384 0.14404 0.107918 0.0833468 0.051619 0.0255099 0.0116429 0.00496526 0.00187121 0.000625596 0.000184684 4.71685e-05 1.01559e-05 1.80751e-06 2.75055e-07
 1.74184e-11 1.8906e-09 1.20998e-07 4.56609e-06 0.000101601 0.00133305 0.0103136 0.0470681 0.1269 0.203696 0.202151 0.144432 0.102364 0.0762376 0.0463153 0.02236 0.00999372 0.00427689 0.00165593 0.000570855 0.00017096 4.33411e-05 9.16236e-06 1.58217e-06 2.18356e-07
 1.91589e-11 2.07951e-09 1.33088e-07 5.02234e-06 0.000111753 0.00146624 0.0113438 0.0517621 0.139453 0.223026 0.217456 0.145025 0.0892843 0.059862 0.0346042 0.0158272 0.00660276 0.00267979 0.00100672 0.0003447 0.000104938 2.72611e-05 5.84182e-06 1.00383e-06 1.35127e-07
 1.9267e-11 2.09124e-09 1.33839e-07 5.05068e-06 0.000112384 0.00147451 0.0114078 0.0520544 0.140244 0.224315 0.218827 0.146224 0.0902603 0.0600924 0.0335288 0.0139211 0.00494475 0.00173603 0.000590648 0.000188379 5.49785e-05 1.41016e-05 3.05102e-06 5.33312e-07 7.24317e-08
 1.86649e-11 2.0259e-09 1.29657e-07 4.89286e-06 0.000108872 0.00142844 0.0110515 0.050431 0.135906 0.217664 0.2137 0.146483 0.0955115 0.0663157 0.0375649 0.0156949 0.00553596 0.0018432 0.000555655 0.000151143 3.84868e-05 9.01769e-06 1.85618e-06 3.18962e-07 4.34917e-08
 1.89818e-11 2.06029e-09 1.31858e-07 4.97591e-06 0.00011072 0.00145269 0.011239 0.0512851 0.138185 0.221133 0.216249 0.145936 0.0921275 0.0626515 0.0356697 0.0153928 0.00574459 0.00200243 0.000610469 0.000160138 3.68749e-05 7.44773e-06 1.32588e-06 2.05648e-07 2.65306e-08
 2.02145e-11 2.19409e-09 1.40421e-07 5.29906e-06 0.00011791 0.00154702 0.0119686 0.0546094 0.147074 0.234805 0.227 0.146108 0.0824651 0.0507145 0.0273046 0.0109558 0.00365926 0.00118039 0.000359736 9.80098e-05 2.30888e-05 4.5411e-06 7.38845e-07 9.99294e-08 1.12204e-08
 2.05563e-11 2.23119e-09 1.42796e-07 5.38866e-06 0.000119904 0.00157318 0.0121709 0.0555314 0.149541 0.238614 0.230065 0.14639 0.0801487 0.0476634 0.0249282 0.0094325 0.00278341 0.000766201 0.000203343 4.98422e-05 1.11925e-05 2.21396e-06 3.64881e-07 4.81324e-08 4.983e-09
 2.00286e-11 2.17391e-09 1.3913e-07 5.25034e-06 0.000116826 0.0015328 0.0118586 0.0541086 0.14574 0.232795 0.225624 0.146758 0.0849597 0.0532285 0.0283395 0.010727 0.00312451 0.000827354 0.000201837 4.30547e-05 8.23439e-06 1.43018e-06 2.18974e-07 2.82396e-08 2.90618e-09
 2.05797e-11 2.23373e-09 1.42958e-07 5.3948e-06 0.000120041 0.00157497 0.0121848 0.0555945 0.14971 0.238873 0.230267 0.146386 0.0799572 0.0474415 0.024796 0.00937993 0.00275229 0.000734535 0.000178655 3.71322e-05 6.64023e-06 1.02364e-06 1.34513e-07 1.50739e-08 1.41463e-09
 2.10703e-11 2.28697e-09 1.46366e-07 5.5234e-06 0.000122902 0.00161251 0.0124751 0.0569173 0.153245 0.2443 0.234479 0.146273 0.075835 0.0425052 0.0215392 0.00786492 0.00214894 0.000524649 0.000121305 2.49126e-05 4.44115e-06 6.71415e-07 8.34173e-08 8.42446e-09 6.88114e-10
 2.1268e-11 2.30843e-09 1.47739e-07 5.57522e-06 0.000124055 0.00162764 0.0125922 0.0574504 0.15467 0.246486 0.236173 0.146217 0.0741584 0.0405085 0.0202375 0.00727476 0.00191814 0.000440518 9.47569e-05 1.79411e-05 2.96241e-06 4.27939e-07 5.21344e-08 5.15359e-09 4.00974e-10
 2.16011e-11 2.3446e-09 1.50054e-07 5.66256e-06 0.000125999 0.00165313 0.0127893 0.0583488 0.157071 0.250165 0.239001 0.146049 0.07122 0.0370657 0.0180686 0.00637821 0.00162215 0.00035106 7.11756e-05 1.27259e-05 1.95803e-06 2.60629e-07 2.93019e-08 2.72062e-09 2.03563e-10
 2.23162e-11 2.42221e-09 1.55021e-07 5.85001e-06 0.00013017 0.00170785 0.0132126 0.0602768 0.162222 0.258055 0.245045 0.145622 0.0648123 0.0296092 0.0134408 0.00454653 0.00106997 0.000201593 3.56411e-05 5.81369e-06 8.31691e-07 1.03327e-07 1.08159e-08 9.2769e-10 6.402e-11
 2.22887e-11 2.41922e-09 1.5483e-07 5.8428e-06 0.000130009 0.00170575 0.0131963 0.0602026 0.162024 0.257754 0.244826 0.145674 0.0651127 0.0299315 0.0136032 0.00456664 0.00104691 0.000185602 2.99804e-05 4.38089e-06 5.46854e-07 5.93536e-08 5.5939e-09 4.41511e-10 2.82156e-11
 2.21772e-11 2.40712e-09 1.54055e-07 5.81357e-06 0.000129359 0.00169722 0.0131303 0.059902 0.161221 0.256526 0.243895 0.145773 0.0661614 0.0311267 0.0143101 0.0048056 0.0010925 0.000189585 2.96258e-05 4.1458e-06 4.83775e-07 4.75076e-08 3.94887e-09 2.71586e-10 1.52708e-11
 2.27221e-11 2.46626e-09 1.57841e-07 5.95641e-06 0.000132537 0.00173892 0.0134528 0.0613712 0.165146 0.262532 0.24847 0.145361 0.0611461 0.0253578 0.010823 0.00353449 0.000780126 0.000127536 1.8454e-05 2.44498e-06 2.74899e-07 2.59288e-08 2.03954e-09 1.29448e-10 6.5226e-12
 2.30043e-11 2.4969e-09 1.59801e-07 6.0304e-06 0.000134183 0.00176051 0.0136198 0.0621322 0.167179 0.265645 0.250846 0.145164 0.0585746 0.0223866 0.00900822 0.00285067 0.000596762 8.56156e-05 1.00225e-05 1.10513e-06 1.10667e-07 9.59042e-09 7.08015e-10 4.28088e-11 2.05153e-12
 2.32849e-11 2.52735e-09 1.6175e-07 6.10395e-06 0.00013582 0.00178199 0.0137859 0.0628886 0.169199 0.268736 0.253194 0.144932 0.0559621 0.0193968 0.00722248 0.00222531 0.000460598 6.48106e-05 7.25253e-06 7.37542e-07 6.47698e-08 4.65716e-09 2.84609e-10 1.49638e-11 6.52319e-13
#obs surv len freq
 4.85329e-11 4.49786e-09 2.45789e-07 7.91967e-06 0.000150467 0.00168568 0.0111373 0.0434303 0.100385 0.140619 0.132457 0.114548 0.115818 0.111311 0.091354 0.0660506 0.0400448 0.0195567 0.00790191 0.00266151 0.000713808 0.000143704 2.06884e-05 2.05165e-06 1.36096e-07
 2.89118e-11 2.5843e-09 1.36207e-07 4.23294e-06 7.75683e-05 0.000838254 0.00534547 0.0201813 0.0458951 0.0682863 0.0871843 0.12565 0.166734 0.166364 0.132016 0.0911551 0.0528226 0.0245005 0.0092339 0.00285649 0.00070387 0.000131462 1.76756e-05 1.63605e-06 1.0075e-07
 1.43519e-11 1.23517e-09 6.26808e-08 1.87557e-06 3.30933e-05 0.000344401 0.00211669 0.00773485 0.0173956 0.0279607 0.0455061 0.0830833 0.132475 0.174126 0.19127 0.160867 0.0961868 0.0417395 0.0141741 0.00393995 0.000876891 0.000148394 1.81612e-05 1.53988e-06 8.73095e-08
 2.64917e-10 2.19166e-08 1.06911e-06 3.07512e-05 0.000521538 0.00521553 0.0307539 0.106931 0.219268 0.265384 0.190483 0.0835551 0.0276373 0.0155372 0.0167864 0.0163315 0.011826 0.00633949 0.00250233 0.000719404 0.000150683 2.30081e-05 2.51959e-06 1.91832e-07 9.82313e-09
 1.83741e-10 1.45899e-08 6.83098e-07 1.88583e-05 0.000306987 0.00294692 0.0166897 0.0558997 0.112128 0.143221 0.145573 0.160512 0.166776 0.119807 0.0536491 0.0157622 0.00415917 0.00157971 0.000681052 0.00022717 5.24542e-05 8.18043e-06 8.55243e-07 5.96153e-08 2.74568e-09
 4.36528e-10 3.32209e-08 1.49073e-06 3.94431e-05 0.000615366 0.00566099 0.0307107 0.0982981 0.186132 0.211443 0.154397 0.0937214 0.0693388 0.0590364 0.0461495 0.0284968 0.0120694 0.00324576 0.000560532 7.26071e-05 9.50968e-06 1.27778e-06 1.33334e-07 9.26482e-09 4.11038e-10
 5.11634e-10 3.7267e-08 1.60057e-06 4.05336e-05 0.000605269 0.00532967 0.0276828 0.0849578 0.155404 0.17693 0.149274 0.130568 0.11809 0.0825788 0.0420114 0.0175399 0.00648131 0.00197302 0.000450066 7.23984e-05 7.95537e-06 6.09534e-07 3.56461e-08 1.72214e-09 6.51075e-11
 8.2669e-10 5.75597e-08 2.3631e-06 5.72047e-05 0.000816534 0.00687273 0.0341197 0.100039 0.174418 0.18715 0.143145 0.109896 0.0945096 0.0714517 0.0442857 0.0223548 0.0083442 0.00211745 0.000366342 4.6569e-05 4.66784e-06 3.61314e-07 1.99486e-08 7.44449e-10 1.86762e-11
 1.02493e-09 6.81337e-08 2.67065e-06 6.17248e-05 0.0008412 0.00676046 0.0320556 0.0899071 0.151134 0.162213 0.139425 0.131336 0.120832 0.0858121 0.0474836 0.0217842 0.00785998 0.00205468 0.000380946 5.06015e-05 4.80952e-06 3.23515e-07 1.53412e-08 5.1129e-10 1.17547e-11
 1.28779e-09 8.16423e-08 3.05193e-06 6.72703e-05 0.000874327 0.0067018 0.0303185 0.0812743 0.131734 0.141644 0.133854 0.14157 0.13575 0.0995355 0.0579683 0.0270526 0.00919027 0.00210051 0.000322345 3.51048e-05 2.88083e-06 1.79087e-07 8.04981e-09 2.4881e-10 5.1273e-12
 2.47076e-09 1.49228e-07 5.31445e-06 0.000111597 0.00138181 0.0100897 0.0434684 0.110783 0.169283 0.165395 0.130053 0.113915 0.101742 0.0757854 0.046363 0.0221997 0.00747753 0.0016707 0.000249458 2.593e-05 1.9388e-06 1.0446e-07 3.99233e-09 1.06606e-10 1.95711e-12
 3.88444e-09 2.23291e-07 7.56836e-06 0.000151259 0.00178255 0.0123883 0.0508052 0.123348 0.180204 0.170934 0.135248 0.118326 0.0974848 0.0617049 0.0306632 0.0123359 0.00371817 0.000774849 0.000110334 1.10716e-05 8.0116e-07 4.13775e-08 1.48391e-09 3.61091e-11 5.8715e-13
 4.9298e-09 2.69463e-07 8.68473e-06 0.000165046 0.00184954 0.0122243 0.0477058 0.110549 0.156436 0.152536 0.139432 0.138799 0.116275 0.0718127 0.034538 0.0132155 0.00367993 0.000683605 8.30445e-05 6.83544e-06 4.03947e-07 1.77208e-08 5.68186e-10 1.27821e-11 1.94326e-13
 7.40149e-09 3.84369e-07 1.17697e-05 0.000212508 0.00226254 0.0142081 0.052689 0.116105 0.156752 0.147623 0.133125 0.131594 0.111672 0.0736596 0.0389953 0.0157891 0.00440176 0.000796398 9.35531e-05 7.39472e-06 4.09037e-07 1.60455e-08 4.40442e-10 8.31171e-12 1.06677e-13
 1.08817e-08 5.36478e-07 1.55954e-05 0.000267322 0.00270204 0.0161105 0.0567514 0.119071 0.154726 0.145632 0.13731 0.136695 0.111039 0.0687103 0.0339657 0.0129155 0.00341799 0.000595346 6.8545e-05 5.40045e-06 2.99158e-07 1.16081e-08 3.08068e-10 5.4711e-12 6.41749e-14
 1.96482e-08 9.18982e-07 2.53442e-05 0.000412138 0.00395203 0.0223525 0.0746675 0.148287 0.180797 0.154692 0.127347 0.113878 0.0868125 0.0513448 0.0242427 0.00868541 0.00212914 0.00033683 3.43855e-05 2.35415e-06 1.13531e-07 3.94884e-09 9.75326e-11 1.65444e-12 1.87075e-14
 2.32931e-08 1.03294e-06 2.70095e-05 0.000416441 0.00378651 0.0203149 0.0644919 0.122844 0.149698 0.145272 0.150087 0.146911 0.106772 0.0564921 0.0234112 0.00750821 0.00169134 0.000249501 2.38556e-05 1.52244e-06 6.74038e-08 2.10558e-09 4.58551e-11 6.81252e-13 6.79248e-15
 3.77184e-08 1.58507e-06 3.92765e-05 0.000573871 0.00494468 0.0251375 0.0755891 0.136127 0.155543 0.138556 0.131787 0.126731 0.0993729 0.0620011 0.0302854 0.0105273 0.00239825 0.000349347 3.31488e-05 2.12666e-06 9.47497e-08 2.92402e-09 6.11457e-11 8.49009e-13 7.73926e-15
 5.73349e-08 2.28233e-06 5.35709e-05 0.000741445 0.00605184 0.0291498 0.0831237 0.142558 0.157871 0.142401 0.138357 0.127504 0.0908546 0.0502478 0.0220707 0.0071662 0.00158715 0.000234342 2.34871e-05 1.62982e-06 7.79638e-08 2.51295e-09 5.3409e-11 7.39318e-13 6.61922e-15
 8.5487e-08 3.22243e-06 7.16238e-05 0.000938719 0.00725582 0.0331017 0.0894753 0.145998 0.156148 0.140755 0.137717 0.124691 0.0873652 0.0479458 0.0206211 0.00638816 0.00132466 0.000181499 1.69247e-05 1.11249e-06 5.19203e-08 1.6811e-09 3.65866e-11 5.21619e-13 4.78097e-15
 1.2051e-07 4.30061e-06 9.04957e-05 0.00112289 0.00821776 0.0355095 0.0910762 0.142185 0.150207 0.14215 0.144882 0.12857 0.086177 0.0449936 0.018303 0.00533113 0.00103541 0.000132417 1.14677e-05 6.95893e-07 2.98827e-08 8.92762e-10 1.81019e-11 2.44007e-13 2.14948e-15
 2.04841e-07 6.91962e-06 0.000137828 0.00161884 0.0112141 0.0458612 0.111249 0.163717 0.160883 0.13817 0.128911 0.108939 0.07189 0.0374366 0.0149363 0.00416565 0.000763768 9.1607e-05 7.40946e-06 4.18061e-07 1.66089e-08 4.56865e-10 8.49556e-12 1.04785e-13 8.44859e-16
 2.65148e-07 8.47781e-06 0.000159836 0.00177701 0.0116541 0.0451607 0.104229 0.148641 0.15102 0.147338 0.148407 0.120724 0.0721227 0.0332455 0.0118858 0.00304199 0.000520472 5.88048e-05 4.49928e-06 2.39788e-07 8.94075e-09 2.28982e-10 3.93754e-12 4.46858e-14 3.30338e-16
 3.8603e-07 1.16828e-05 0.000208483 0.00219395 0.0136203 0.049979 0.109399 0.148953 0.147565 0.143865 0.143914 0.117009 0.072237 0.0348426 0.0125648 0.00309056 0.00049105 5.02691e-05 3.42147e-06 1.61191e-07 5.36259e-09 1.24592e-10 1.96899e-12 2.06552e-14 1.41193e-16
 5.21644e-07 1.49436e-05 0.000252428 0.00251461 0.0147811 0.0514076 0.10716 0.141738 0.144371 0.150722 0.152384 0.119182 0.0698227 0.0318485 0.0108492 0.00252774 0.000383194 3.77994e-05 2.49466e-06 1.13186e-07 3.54732e-09 7.55964e-11 1.07477e-12 1.00636e-14 6.15128e-17
 7.79759e-07 2.11464e-05 0.000338152 0.00318897 0.0177469 0.0584575 0.115591 0.145923 0.144084 0.147265 0.145216 0.112269 0.0664841 0.0305639 0.010208 0.00228029 0.000328804 3.08985e-05 1.95315e-06 8.52416e-08 2.57086e-09 5.25483e-11 7.11883e-13 6.2881e-15 3.57929e-17
 1.15266e-06 2.95953e-05 0.000448072 0.00400082 0.021084 0.065811 0.123688 0.150162 0.14651 0.148973 0.141823 0.104045 0.0582231 0.0252666 0.00797986 0.00169643 0.000235471 2.16052e-05 1.34713e-06 5.79311e-08 1.70267e-09 3.34915e-11 4.32868e-13 3.63079e-15 1.95701e-17
 1.54168e-06 3.74816e-05 0.000537347 0.00454364 0.0226842 0.0671991 0.120812 0.14452 0.147602 0.157502 0.147549 0.102956 0.0541944 0.0219755 0.00644657 0.00126473 0.000160651 1.33739e-05 7.54725e-07 2.9654e-08 8.10957e-10 1.51012e-11 1.86641e-13 1.50036e-15 7.72628e-18
#pred catch len freq
 1.53029e-11 1.66099e-09 1.06303e-07 4.01154e-06 8.92618e-05 0.00117116 0.00906134 0.0413586 0.111582 0.179726 0.18128 0.137364 0.107977 0.0870097 0.0574429 0.0326715 0.0188218 0.0112708 0.00704806 0.00472253 0.00345019 0.00278136 0.00234788 0.00178487 0.00103446
 1.07834e-11 1.17043e-09 7.49074e-08 2.82678e-06 6.28997e-05 0.000825296 0.00638629 0.0291699 0.0789864 0.129552 0.141642 0.136148 0.142682 0.130955 0.0900739 0.0519146 0.028733 0.0150774 0.00762087 0.00400002 0.00229977 0.00150799 0.00110895 0.000794136 0.000456183
 6.75289e-12 7.32961e-10 4.69095e-08 1.77022e-06 3.93901e-05 0.00051685 0.0040002 0.0182882 0.0497537 0.0834807 0.0999834 0.117591 0.146401 0.149859 0.121211 0.0883258 0.0583653 0.0326754 0.0159466 0.00718957 0.00317341 0.00152004 0.000859503 0.000531044 0.000287956
 1.53261e-11 1.6635e-09 1.06464e-07 4.01761e-06 8.93966e-05 0.00117292 0.00907453 0.0414091 0.111585 0.178654 0.175168 0.119868 0.0804421 0.0661531 0.0590028 0.0527455 0.0427966 0.0297526 0.0175786 0.0086519 0.00359533 0.0013606 0.000537039 0.000244963 0.000113792
 2.00287e-11 2.17393e-09 1.39131e-07 5.25037e-06 0.000116827 0.0015328 0.0118586 0.0541057 0.145696 0.232432 0.223891 0.141919 0.0771757 0.0465411 0.0266865 0.0138056 0.00840588 0.00629936 0.00457946 0.00279279 0.00136681 0.000535767 0.000177455 5.66931e-05 1.92095e-05
 1.73268e-11 1.88066e-09 1.20362e-07 4.54208e-06 0.000101067 0.00132604 0.0102595 0.0468224 0.126257 0.202828 0.202055 0.14635 0.106003 0.0789691 0.0458534 0.0195709 0.00734806 0.00298514 0.0014855 0.000896159 0.000520666 0.000244296 8.81522e-05 2.52468e-05 6.31897e-06
 1.84245e-11 1.99981e-09 1.27987e-07 4.82985e-06 0.00010747 0.00141004 0.0109091 0.0497808 0.134145 0.214777 0.210553 0.143552 0.0929652 0.0656482 0.0402866 0.0204823 0.00948896 0.00384578 0.00130794 0.000434118 0.000174931 8.08061e-05 3.31455e-05 1.04317e-05 2.47322e-06
 1.82255e-11 1.9782e-09 1.26605e-07 4.77766e-06 0.000106309 0.00139481 0.0107913 0.0492448 0.132721 0.212663 0.209262 0.144743 0.0963437 0.0686359 0.0407831 0.0192148 0.00840931 0.00360981 0.00140939 0.000473079 0.000135557 3.7559e-05 1.17422e-05 3.67575e-06 9.25498e-07
 1.78208e-11 1.93427e-09 1.23793e-07 4.67157e-06 0.000103948 0.00136384 0.0105518 0.0481533 0.129802 0.208164 0.205685 0.144559 0.099337 0.0724932 0.0437131 0.0209485 0.00920355 0.00381476 0.00142344 0.000483772 0.000146594 3.75983e-05 8.2889e-06 1.75716e-06 3.7176e-07
 1.71956e-11 1.86642e-09 1.1945e-07 4.50769e-06 0.000100302 0.001316 0.0101818 0.0464671 0.12529 0.201198 0.200079 0.144046 0.103573 0.0780553 0.0480182 0.0236995 0.0108146 0.00461195 0.00173806 0.000581081 0.000171542 4.38122e-05 9.43325e-06 1.67889e-06 2.55483e-07
 1.79807e-11 1.95163e-09 1.24904e-07 4.71349e-06 0.000104881 0.00137608 0.0106464 0.0485844 0.130953 0.209924 0.207017 0.144406 0.0978024 0.070711 0.0425928 0.0205281 0.00917272 0.00392545 0.00151985 0.000523946 0.000156912 3.97796e-05 8.40946e-06 1.45216e-06 2.00413e-07
 1.96936e-11 2.13755e-09 1.36803e-07 5.16252e-06 0.000114872 0.00150716 0.0116603 0.053204 0.143307 0.228943 0.222057 0.144929 0.0848374 0.0545297 0.031084 0.0141755 0.00591105 0.00239894 0.000901215 0.000308574 9.394e-05 2.4404e-05 5.22958e-06 8.98627e-07 1.20966e-07
 1.97707e-11 2.14592e-09 1.37339e-07 5.18274e-06 0.000115322 0.00151306 0.011706 0.0534127 0.143874 0.229881 0.223118 0.146011 0.0858817 0.0549366 0.030249 0.0125236 0.00444622 0.00156091 0.000531067 0.000169376 4.94326e-05 1.26791e-05 2.74325e-06 4.79515e-07 6.51252e-08
 1.9186e-11 2.08246e-09 1.33277e-07 5.02946e-06 0.000111912 0.00146832 0.0113599 0.0518361 0.139661 0.223421 0.218138 0.146262 0.0909806 0.0609769 0.0341614 0.0142398 0.00502071 0.00167157 0.000503913 0.000137069 3.4903e-05 8.17797e-06 1.68334e-06 2.8926e-07 3.94419e-08
 1.9702e-11 2.13846e-09 1.36861e-07 5.16471e-06 0.000114921 0.0015078 0.0116653 0.053227 0.143375 0.229094 0.222403 0.145687 0.0859514 0.0553301 0.0309422 0.0133022 0.00496129 0.00172927 0.000527191 0.000138292 3.18446e-05 6.43173e-06 1.145e-06 1.77594e-07 2.29114e-08
 2.08404e-11 2.26203e-09 1.44769e-07 5.46314e-06 0.000121561 0.00159492 0.0123391 0.0562972 0.151584 0.241716 0.232314 0.145799 0.0769567 0.0442593 0.0232382 0.00927161 0.00309366 0.000997819 0.000304092 8.28497e-05 1.95175e-05 3.83869e-06 6.2456e-07 8.44723e-08 9.48484e-09
 2.1108e-11 2.29107e-09 1.46628e-07 5.53328e-06 0.000123122 0.0016154 0.0124975 0.0570189 0.153515 0.2447 0.234725 0.146051 0.0751906 0.0419033 0.0213672 0.00803796 0.00236932 0.000652113 0.000173063 4.242e-05 9.52578e-06 1.88427e-06 3.10545e-07 4.09648e-08 4.24097e-09
 2.07105e-11 2.24793e-09 1.43867e-07 5.4291e-06 0.000120804 0.00158498 0.0122622 0.0559473 0.150652 0.240318 0.231381 0.146331 0.07882 0.0460995 0.023937 0.00900955 0.00262152 0.000694061 0.000169317 3.61177e-05 6.90767e-06 1.19975e-06 1.83693e-07 2.36896e-08 2.43794e-09
 2.12326e-11 2.30459e-09 1.47494e-07 5.56595e-06 0.000123849 0.00162493 0.0125712 0.0573549 0.154413 0.246076 0.235781 0.145983 0.0740863 0.0406207 0.0205786 0.00772841 0.00226464 0.000604277 0.000146971 3.05468e-05 5.46259e-06 8.42102e-07 1.10657e-07 1.24006e-08 1.16374e-09
 2.16422e-11 2.34905e-09 1.50339e-07 5.67332e-06 0.000126238 0.00165628 0.0128136 0.0584594 0.157365 0.250607 0.239297 0.145886 0.0706402 0.0364964 0.0178604 0.0064673 0.00176423 0.000430619 9.95622e-05 2.04471e-05 3.64509e-06 5.51067e-07 6.84651e-08 6.91442e-09 5.64773e-10
 2.18372e-11 2.37022e-09 1.51694e-07 5.72445e-06 0.000127376 0.0016712 0.0129291 0.0589853 0.158771 0.252763 0.240963 0.145817 0.0689651 0.0345122 0.0165815 0.00590399 0.00155382 0.000356744 7.67345e-05 1.45288e-05 2.39897e-06 3.46546e-07 4.22185e-08 4.17339e-09 3.24709e-10
 2.21787e-11 2.40729e-09 1.54066e-07 5.81397e-06 0.000129368 0.00169733 0.0131312 0.059906 0.161231 0.256532 0.243856 0.145628 0.0659292 0.0309677 0.0143657 0.00500796 0.0012705 0.000274845 5.57209e-05 9.96263e-06 1.53287e-06 2.04036e-07 2.29393e-08 2.12987e-09 1.59362e-10
 2.27262e-11 2.46671e-09 1.57869e-07 5.95748e-06 0.000132561 0.00173923 0.0134552 0.0613822 0.165175 0.262573 0.248485 0.145304 0.0610264 0.0252607 0.0108213 0.00360233 0.000844968 0.000159108 2.81277e-05 4.58809e-06 6.56361e-07 8.15443e-08 8.53581e-09 7.32121e-10 5.05238e-11
 2.27178e-11 2.4658e-09 1.57811e-07 5.95528e-06 0.000132512 0.00173858 0.0134502 0.0613595 0.165114 0.262482 0.248423 0.145334 0.0611406 0.0253742 0.0108649 0.00358793 0.000819741 0.000145239 2.34586e-05 3.42787e-06 4.27891e-07 4.64418e-08 4.37699e-09 3.45464e-10 2.20776e-11
 2.2668e-11 2.46039e-09 1.57465e-07 5.94223e-06 0.000132222 0.00173477 0.0134208 0.0612253 0.164756 0.261934 0.248008 0.145382 0.061614 0.0259112 0.0111789 0.00368971 0.000835816 0.000144948 2.26485e-05 3.16937e-06 3.69835e-07 3.63185e-08 3.01882e-09 2.07621e-10 1.16742e-11
 2.31141e-11 2.50881e-09 1.60564e-07 6.05917e-06 0.000134824 0.00176891 0.0136848 0.062428 0.167969 0.266851 0.251753 0.145042 0.0575058 0.0211868 0.00832491 0.00265147 0.0005821 9.50677e-05 1.37539e-05 1.82223e-06 2.04881e-07 1.93246e-08 1.52005e-09 9.64765e-11 4.86125e-12
 2.33215e-11 2.53132e-09 1.62004e-07 6.11353e-06 0.000136033 0.00178478 0.0138075 0.0629871 0.169462 0.269138 0.253499 0.144899 0.0556171 0.0190043 0.00699141 0.00214845 0.000446855 6.40282e-05 7.49375e-06 8.26281e-07 8.27427e-08 7.17052e-09 5.29365e-10 3.2007e-11 1.53388e-12
 2.35474e-11 2.55585e-09 1.63574e-07 6.17276e-06 0.000137351 0.00180207 0.0139413 0.0635964 0.17109 0.271627 0.25539 0.144711 0.0535128 0.0165962 0.0055533 0.0016451 0.000337453 4.73988e-05 5.30246e-06 5.3921e-07 4.73524e-08 3.40479e-09 2.08074e-10 1.09398e-11 4.76902e-13
#obs catch len freq
 4.57074e-11 4.236e-09 2.3148e-07 7.4586e-06 0.000141707 0.00158756 0.0104892 0.0409096 0.0946357 0.133121 0.127696 0.115364 0.120463 0.1157 0.0936913 0.0678495 0.0425623 0.0220294 0.00939826 0.00326056 0.000883898 0.000179277 2.61395e-05 2.64148e-06 1.79159e-07
 6.68938e-11 5.97934e-09 3.15143e-07 9.79377e-06 0.000179466 0.00193918 0.0123576 0.0464861 0.103729 0.140809 0.130566 0.114506 0.11683 0.111118 0.090206 0.0643464 0.0382523 0.0183023 0.00724024 0.0023731 0.0006139 0.000118217 1.61621e-05 1.51277e-06 9.4227e-08
 4.09103e-11 3.52088e-09 1.78672e-07 5.34628e-06 9.43293e-05 0.00098152 0.00602719 0.0219238 0.0481653 0.0700339 0.0896544 0.12957 0.168619 0.164611 0.128816 0.087673 0.049753 0.0225574 0.00830348 0.00249664 0.000593282 0.000105958 1.35178e-05 1.1797e-06 6.81546e-08
 2.08052e-11 1.72122e-09 8.39629e-08 2.41508e-06 4.09628e-05 0.000409808 0.00242174 0.00851782 0.0185313 0.0293413 0.0480903 0.0872598 0.136791 0.177195 0.190723 0.155672 0.0901315 0.0380213 0.0125887 0.00339992 0.000729435 0.000117995 1.36993e-05 1.09483e-06 5.8209e-08
 3.81597e-10 3.03005e-08 1.41867e-06 3.91651e-05 0.000637537 0.00611925 0.0346323 0.115576 0.227474 0.264286 0.182216 0.0771332 0.0254189 0.0151172 0.0163888 0.0155185 0.0108989 0.00565517 0.00215317 0.000595276 0.000119537 1.74175e-05 1.80896e-06 1.29817e-07 6.23311e-09
 2.73078e-10 2.07819e-08 9.32551e-07 2.46745e-05 0.000384964 0.00354185 0.0192265 0.061743 0.118936 0.146924 0.147146 0.160728 0.162016 0.111686 0.0479998 0.0137148 0.00366796 0.00142207 0.000597976 0.000190838 4.19065e-05 6.1928e-06 6.11415e-07 4.00995e-08 1.73095e-09
 6.48037e-10 4.72024e-08 2.02729e-06 5.13398e-05 0.000766623 0.00675006 0.0350491 0.107382 0.194692 0.21211 0.149636 0.0896144 0.0662731 0.0558531 0.0427831 0.025532 0.0103462 0.00265525 0.000440324 5.58467e-05 7.23913e-06 9.3826e-07 9.24963e-08 6.02818e-09 2.5004e-10
 7.73183e-10 5.38342e-08 2.21015e-06 5.35023e-05 0.00076369 0.00642813 0.0319174 0.0936573 0.163967 0.179492 0.14773 0.127512 0.112185 0.0757462 0.0375085 0.0153969 0.0055734 0.00164415 0.0003605 5.5434e-05 5.80983e-06 4.2553e-07 2.38525e-08 1.09779e-09 3.90605e-11
 1.25437e-09 8.33862e-08 3.2685e-06 7.55423e-05 0.0010295 0.00827322 0.0392156 0.1098 0.182957 0.188317 0.139996 0.106183 0.0895109 0.0659894 0.0399931 0.019601 0.00702723 0.00170644 0.000283471 3.4778e-05 3.35922e-06 2.48372e-07 1.29945e-08 4.57613e-10 1.08087e-11
 1.59398e-09 1.01054e-07 3.77757e-06 8.32646e-05 0.00108219 0.00829453 0.0375102 0.100362 0.161118 0.165923 0.138483 0.127178 0.113024 0.0776937 0.0419696 0.0187667 0.00653564 0.00164032 0.000291713 3.71129e-05 3.36814e-06 2.15667e-07 9.70794e-09 3.05978e-10 6.62223e-12
 2.03621e-09 1.22982e-07 4.37975e-06 9.19701e-05 0.0011388 0.00831613 0.0358446 0.0915801 0.141696 0.146328 0.134383 0.137979 0.127614 0.0907517 0.0515248 0.023263 0.00756555 0.00164937 0.000242003 2.53006e-05 1.99325e-06 1.18292e-07 5.04105e-09 1.46962e-10 2.8464e-12
 3.89294e-09 2.2378e-07 7.58492e-06 0.00015159 0.00178643 0.012415 0.0509079 0.123511 0.17982 0.167984 0.12745 0.108235 0.0935341 0.0677777 0.0403569 0.0186082 0.00598159 0.00127279 0.000181351 1.80236e-05 1.28724e-06 6.602e-08 2.39278e-09 6.03692e-11 1.04308e-12
 6.14114e-09 3.35674e-07 1.08187e-05 0.000205599 0.00230393 0.0152255 0.0593769 0.13711 0.190675 0.17272 0.131398 0.110611 0.0874382 0.0534507 0.0258403 0.0100629 0.00290583 0.000577604 7.85182e-05 7.53091e-06 5.19873e-07 2.55042e-08 8.65126e-10 1.98439e-11 3.03267e-13
 7.91595e-09 4.11086e-07 1.25878e-05 0.000227279 0.0024198 0.0151953 0.0563447 0.124101 0.167145 0.15584 0.137032 0.130793 0.104918 0.0625405 0.0292135 0.0107843 0.00286544 0.000505405 5.83455e-05 4.58021e-06 2.58725e-07 1.08243e-08 3.29179e-10 6.9858e-12 9.97698e-14
 1.20002e-08 5.91623e-07 1.71985e-05 0.000294799 0.00297971 0.0177642 0.0625443 0.130881 0.167959 0.150785 0.130056 0.122917 0.100171 0.0640267 0.0328407 0.0127414 0.00337365 0.000578352 6.44805e-05 4.84977e-06 2.55389e-07 9.51358e-09 2.47095e-10 4.39843e-12 5.31006e-14
 1.78613e-08 8.35404e-07 2.30393e-05 0.000374657 0.00359269 0.0203221 0.0679175 0.135207 0.166743 0.148952 0.133155 0.125892 0.0979046 0.0586044 0.0280484 0.0102197 0.00256948 0.00042434 4.6405e-05 3.47897e-06 1.83196e-07 6.73322e-09 1.68617e-10 2.8174e-12 3.10193e-14
 3.18318e-08 1.4116e-06 3.69104e-05 0.000569087 0.00517397 0.0277458 0.0878769 0.16547 0.19125 0.154914 0.120398 0.101935 0.0743235 0.042487 0.0193834 0.00663748 0.00154188 0.000230616 2.22995e-05 1.45096e-06 6.66083e-08 2.20036e-09 5.13786e-11 8.20284e-13 8.69965e-15
 3.82719e-08 1.60833e-06 3.98529e-05 0.000582295 0.00501737 0.0255099 0.0767515 0.138593 0.160229 0.147631 0.144593 0.134201 0.0930787 0.0474697 0.0190182 0.00584266 0.00124867 0.000174153 1.57596e-05 9.5431e-07 4.01261e-08 1.18794e-09 2.44295e-11 3.41587e-13 3.19675e-15
 6.2105e-08 2.47221e-06 5.80276e-05 0.000803122 0.00655496 0.0315661 0.0899143 0.153377 0.165904 0.139552 0.125161 0.114375 0.0862584 0.052045 0.0243901 0.00804694 0.00173142 0.000238232 2.14042e-05 1.30274e-06 5.50181e-08 1.60423e-09 3.15857e-11 4.1184e-13 3.5182e-15
 9.42625e-08 3.55322e-06 7.89761e-05 0.00103507 0.00800024 0.0364902 0.0985329 0.159984 0.167516 0.142245 0.129833 0.113316 0.0774005 0.0413689 0.017481 0.00540563 0.00113453 0.000158762 1.50995e-05 9.93335e-07 4.48983e-08 1.36246e-09 2.71893e-11 3.52705e-13 2.95403e-15
 1.41525e-07 5.05057e-06 0.000106276 0.00131867 0.00964959 0.0416759 0.106633 0.164577 0.165902 0.139672 0.12744 0.109097 0.0733121 0.0388319 0.0160122 0.00471018 0.000923917 0.000119892 1.06159e-05 6.62796e-07 2.92884e-08 8.93798e-10 1.82611e-11 2.43668e-13 2.08533e-15
 2.01223e-07 6.79741e-06 0.000135394 0.00159026 0.0110164 0.0450572 0.109355 0.161315 0.160033 0.140455 0.133018 0.111542 0.0716681 0.0360723 0.0140487 0.00388148 0.00071252 8.6223e-05 7.08293e-06 4.07863e-07 1.65758e-08 4.66821e-10 8.89092e-12 1.12237e-13 9.23494e-16
 3.38011e-07 1.08075e-05 0.000203757 0.0022652 0.0148522 0.057486 0.13193 0.183333 0.168758 0.133462 0.114798 0.0914848 0.0578873 0.0290055 0.0110427 0.00291457 0.000504449 5.72013e-05 4.3847e-06 2.3454e-07 8.8105e-09 2.28281e-10 3.98494e-12 4.60126e-14 3.46467e-16
 4.46064e-07 1.34997e-05 0.000240904 0.00253505 0.0157359 0.0577056 0.125935 0.169166 0.159647 0.141927 0.131673 0.100937 0.0576794 0.0255684 0.00873532 0.00211852 0.000342375 3.65749e-05 2.65092e-06 1.33807e-07 4.71182e-09 1.13548e-10 1.83147e-12 1.9446e-14 1.34191e-16
 6.54008e-07 1.87354e-05 0.000316474 0.00315241 0.0185239 0.0643218 0.133074 0.170309 0.155642 0.136977 0.125875 0.0966552 0.0571788 0.0264418 0.00906216 0.00210353 0.000314818 3.04058e-05 1.95784e-06 8.73653e-08 2.74782e-09 6.01264e-11 8.91541e-13 8.74833e-15 5.57993e-17
 8.91659e-07 2.41809e-05 0.000386675 0.00364642 0.0202887 0.0667681 0.131455 0.162903 0.15182 0.142566 0.132855 0.0982675 0.0551436 0.0240943 0.00779697 0.00171465 0.000244981 2.28086e-05 1.42323e-06 6.10368e-08 1.80354e-09 3.61203e-11 4.81312e-13 4.21492e-15 2.40463e-17
 1.32981e-06 3.41437e-05 0.000516929 0.00461534 0.0243148 0.0757844 0.141473 0.166967 0.149961 0.137125 0.124579 0.091231 0.051748 0.022722 0.00718815 0.00151353 0.000205628 1.82405e-05 1.09018e-06 4.49572e-08 1.27746e-09 2.45159e-11 3.10943e-13 2.56565e-15 1.36155e-17
 1.97564e-06 4.80319e-05 0.000688579 0.00582157 0.0290447 0.0857711 0.152016 0.171688 0.150484 0.13535 0.118261 0.0820509 0.0439126 0.0181797 0.00543668 0.00108995 0.00014267 1.2365e-05 7.28741e-07 2.95705e-08 8.1747e-10 1.50776e-11 1.82286e-13 1.42731e-15 7.16839e-18
#spawning biomass
 33953.7 36098.7 23195.7 15742.3 25363.2 40208.6 63345.9 95383.6 139526 188162 164269 175170 193175 207169 230931 217538 218964 223018 204156 188429 195926 201714 188571 228972 235111 213266 162410 186544 181573 278765 168083 90906.4 49873.1 30945.6 22943.5 19750.5 18526.9 18071.4 17905.4 17845.9 17824.8 17817.4 17814.9 17813.9 17813.6 17813.5 17813.5 17813.5 17813.5 17813.5 17813.5 17813.5 17813.5 17813.5 17813.5 17813.5 17813.5 17813.5 17813.5 17813.5 17813.5 17813.5 17813.5 17813.5 17813.5 17813.5 17813.5 17813.5 17813.5 17813.5 17813.5 17813.5 17813.5 17813.5 17813.5 17813.5 17813.5 17813.5 17813.5 17813.5 17813.5 17813.5 17813.5 17813.5 17813.5 17813.5 17813.5 17813.5 17813.5 17813.5 17813.5 17813.5 17813.5 17813.5 17813.5 17813.5 17813.5 17813.5 17813.5 17813.5 17813.5 17813.5 17813.5 17813.5 17813.5 17813.5 17813.5 17813.5 17813.5 17813.5 17813.5 17813.5 17813.5 17813.5 17813.5 17813.5 17813.5 17813.5 17813.5 17813.5 17813.5 17813.5 17813.5 17813.5 17813.5 17813.5 17813.5 17813.5 0 0 0 0 0 0 0 0 0 0 0 0 0 0 0 0 0 0 0 0 0 0 0 0 0
