SBPRF35
0.819782
Curr Bio
138493
B35
707733
F35
0.213096
FOFL
0.0577951
OFL
9421.3
Bzero
234224
#pred survey bio
 16132.3 17095.9 18728.7 22416.4 27605.1 36071.6 41859.6 52675.2 57540.5 63797.1 67987.1 80562.9 90768.4 101367 108072 118869 127747 155460 142845 127623 126740 130899 132682 126647 130075 117381 114326 135033 7.50086e+06 7.39496e+06 7.911e+06 7.52261e+06 6.68519e+06 5.73049e+06 4.84217e+06 4.09647e+06 3.50757e+06 3.06018e+06 2.72874e+06 2.4871e+06 2.31258e+06 2.18693e+06 2.09543e+06 2.02816e+06 1.98047e+06 1.94629e+06 1.92151e+06 1.90335e+06 1.88988e+06 1.87977e+06 1.87211e+06 1.86623e+06 1.86169e+06 1.85814e+06 1.85536e+06 1.85315e+06 1.8514e+06 1.84999e+06 1.84887e+06 1.84796e+06 1.84722e+06 1.84663e+06 1.84615e+06 1.84575e+06 1.84544e+06 1.84518e+06 1.84496e+06 1.84479e+06 1.84465e+06 1.84453e+06 1.84444e+06 1.84436e+06 1.8443e+06 1.84425e+06 1.8442e+06 1.84417e+06 1.84414e+06 1.84412e+06 1.8441e+06 1.84408e+06 1.84407e+06 1.84406e+06 1.84405e+06 1.84404e+06 1.84404e+06 1.84403e+06 1.84403e+06 1.84403e+06 1.84402e+06 1.84402e+06 1.84402e+06 1.84402e+06 1.84402e+06 1.84402e+06 1.84402e+06 1.84402e+06 1.84402e+06 1.84401e+06 1.84401e+06 1.84401e+06 1.84401e+06 1.84401e+06 1.84401e+06 1.84401e+06 1.84401e+06 1.84401e+06 1.84401e+06 1.84401e+06 1.84401e+06 1.84401e+06 1.84401e+06 1.84401e+06 1.84401e+06 1.84401e+06 1.84401e+06 1.84401e+06 1.84401e+06 1.84401e+06 1.84401e+06 1.84401e+06 1.84401e+06 1.84401e+06 1.84401e+06 1.84401e+06 1.84401e+06 1.84401e+06 1.84401e+06 1.84401e+06 0 0 0 0 0 0 0 0 0 0 0 0 0 0 0 0 0 0 0 0 0 0 0 0 0
#obs survey bio
 14304.1 18536.1 22037 25772.2 40258.8 40248.5 30056.7 46980.2 69067.2 63153.9 61034 97745.4 109925 118139 105300 126465 157259 145412 144023 142521 118695 152443 152030 114591 156750 92568.7 184793 169852
#pred catch bio
 10239.9 11736 12402.6 14844.4 17703.8 26021 28733.8 39059.4 42072.3 47984.7 49490.6 61283.6 68607.2 77706.6 81853 93264.5 93688.2 130074 121129 105000 103913 107609 114304 109163 117166 102841 97216.7 82398.8 9421.3 60921.3 64705 60893.3 53399.8 45057.4 37415.9 31097.1 26190.8 22537.9 19897.3 18028.5 16726.6 15829.4 15211.8 14787.9 14507.5 14321.9 14199.2 14118 14064.3 14028.7 14005.2 13989.6 13979.4 13972.5 13968 13965.1 13963.1 13961.8 13960.9 13960.3 13960 13959.7 13959.6 13959.4 13959.4 13959.3 13959.3 13959.3 13959.3 13959.2 13959.2 13959.2 13959.2 13959.2 13959.2 13959.2 13959.2 13959.2 13959.2 13959.2 13959.2 13959.2 13959.2 13959.2 13959.2 13959.2 13959.2 13959.2 13959.2 13959.2 13959.2 13959.2 13959.2 13959.2 13959.2 13959.2 13959.2 13959.2 13959.2 13959.2 13959.2 13959.2 13959.2 13959.2 13959.2 13959.2 13959.2 13959.2 13959.2 13959.2 13959.2 13959.2 13959.2 13959.2 13959.2 13959.2 13959.2 13959.2 13959.2 13959.2 13959.2 13959.2 13959.2 13959.2 13959.2 13959.2 13959.2 13959.2 0 0 0 0 0 0 0 0 0 0 0 0 0 0 0 0 0 0 0 0 0 0 0 0 0
#obs catch bio
 12848.6 11751.6 11981.9 13730.4 16116.7 24943 28995.4 38783.3 41229.1 46179.1 45821.2 57891.3 61247.2 67510.8 72477.2 86999.9 83312.2 125852 116018 95069.9 96318.7 97111.1 103217 106767 119855 100130 88921 79685.6
#pred cpue bio
 14222.4 14643.7 15962.9 18976 23298.1 30315.5 34798.8 44215.2 48241.3 53748.9 56750.5 66676.2 75239.4 84541 90204.7 98745.1 105061 129014 118539 105782 103841 107546 109176 102081 104781 95120 91897.3 105040 6.45109e+06 7.35425e+06 7.87029e+06 7.48189e+06 6.64448e+06 5.68978e+06 4.80146e+06 4.05576e+06 3.46685e+06 3.01946e+06 2.68802e+06 2.44639e+06 2.27187e+06 2.14622e+06 2.05472e+06 1.98745e+06 1.93975e+06 1.90557e+06 1.8808e+06 1.86264e+06 1.84917e+06 1.83906e+06 1.83139e+06 1.82552e+06 1.82098e+06 1.81743e+06 1.81464e+06 1.81244e+06 1.81068e+06 1.80928e+06 1.80815e+06 1.80725e+06 1.80651e+06 1.80592e+06 1.80544e+06 1.80504e+06 1.80472e+06 1.80446e+06 1.80425e+06 1.80408e+06 1.80394e+06 1.80382e+06 1.80373e+06 1.80365e+06 1.80359e+06 1.80353e+06 1.80349e+06 1.80346e+06 1.80343e+06 1.80341e+06 1.80339e+06 1.80337e+06 1.80336e+06 1.80335e+06 1.80334e+06 1.80333e+06 1.80333e+06 1.80332e+06 1.80332e+06 1.80332e+06 1.80331e+06 1.80331e+06 1.80331e+06 1.80331e+06 1.80331e+06 1.80331e+06 1.8033e+06 1.8033e+06 1.8033e+06 1.8033e+06 1.8033e+06 1.8033e+06 1.8033e+06 1.8033e+06 1.8033e+06 1.8033e+06 1.8033e+06 1.8033e+06 1.8033e+06 1.8033e+06 1.8033e+06 1.8033e+06 1.8033e+06 1.8033e+06 1.8033e+06 1.8033e+06 1.8033e+06 1.8033e+06 1.8033e+06 1.8033e+06 1.8033e+06 1.8033e+06 1.8033e+06 1.8033e+06 1.8033e+06 1.8033e+06 1.8033e+06 1.8033e+06 1.8033e+06 1.8033e+06 0 0 0 0 0 0 0 0 0 0 0 0 0 0 0 0 0 0 0 0 0 0 0 0 0
#obs cpue bio
 14337.3 15201.4 17107.6 23437.1 23928.2 29073.5 37786.1 58456 43327.6 66850.1 86274.4 67860.4 105390 130668 138189 118329 135194 150112 137624 151311 139569 142598 146810 106630 80691.1 135036 92051.7 89040.9
#pred surv len freq
 1.28437e-11 1.39467e-09 8.92882e-08 3.37019e-06 7.49988e-05 0.000984021 0.00761284 0.0347461 0.0938048 0.151788 0.156624 0.128163 0.11297 0.0981397 0.0698106 0.0447816 0.029372 0.0196302 0.0135622 0.00992934 0.0078429 0.00675531 0.00598187 0.00467551 0.00274806
 1.30139e-11 1.41316e-09 9.04717e-08 3.41486e-06 7.59929e-05 0.000997071 0.00771406 0.0352139 0.0951486 0.154613 0.162571 0.140632 0.131601 0.113541 0.0729906 0.0377089 0.0193595 0.0106371 0.00612851 0.00371738 0.00243579 0.00178549 0.00142535 0.00107095 0.000630065
 1.28649e-11 1.39698e-09 8.94357e-08 3.37575e-06 7.51228e-05 0.000985656 0.00762583 0.0348131 0.0940923 0.153111 0.161996 0.142662 0.136235 0.118579 0.0763621 0.0388984 0.0185345 0.00849194 0.00374859 0.00172894 0.000874957 0.000500889 0.00032978 0.000223626 0.000126841
 1.3195e-11 1.43281e-09 9.17301e-08 3.46235e-06 7.70499e-05 0.00101094 0.00782133 0.0357032 0.0964647 0.156704 0.164553 0.141835 0.132361 0.114685 0.0748973 0.039474 0.0194945 0.00894612 0.00367215 0.00139398 0.000517099 0.000206394 9.78227e-05 5.34734e-05 2.74431e-05
 1.33045e-11 1.44471e-09 9.24916e-08 3.4911e-06 7.76896e-05 0.00101933 0.00788624 0.0359992 0.0972605 0.157964 0.16572 0.142432 0.13238 0.114169 0.0738263 0.0382162 0.0186637 0.00867971 0.00365562 0.00137971 0.000461149 0.000140508 4.36081e-05 1.58692e-05 6.42145e-06
 1.35193e-11 1.46804e-09 9.39851e-08 3.54747e-06 7.8944e-05 0.00103579 0.00801351 0.0365788 0.098807 0.16032 0.16747 0.142126 0.130198 0.111804 0.0726111 0.037994 0.0186942 0.00864816 0.00361126 0.00136823 0.000460102 0.000133473 3.365e-05 8.02405e-06 2.07268e-06
 1.38722e-11 1.50635e-09 9.6438e-08 3.64005e-06 8.10044e-05 0.00106282 0.00822262 0.0375326 0.101374 0.16441 0.171385 0.144491 0.130995 0.110862 0.0695009 0.0337232 0.0152344 0.00676482 0.00280564 0.00106089 0.000355373 0.000102685 2.50229e-05 5.09768e-06 9.10133e-07
 1.34323e-11 1.45859e-09 9.338e-08 3.52463e-06 7.84358e-05 0.00102912 0.00796201 0.0363453 0.0981986 0.159513 0.16746 0.144185 0.134099 0.115019 0.0728965 0.0359341 0.0162771 0.00694493 0.00267723 0.000952059 0.000310488 8.89967e-05 2.15231e-05 4.251e-06 6.73859e-07
 1.34419e-11 1.45963e-09 9.34466e-08 3.52714e-06 7.84917e-05 0.00102986 0.0079677 0.0363717 0.0982749 0.159677 0.16782 0.144948 0.135186 0.115702 0.0725259 0.0348651 0.0153579 0.006487 0.00248936 0.000859224 0.000264 7.13315e-05 1.66572e-05 3.23092e-06 4.98017e-07
 1.3222e-11 1.43575e-09 9.19181e-08 3.46945e-06 7.72078e-05 0.00101301 0.00783743 0.0357781 0.0966868 0.157223 0.165828 0.144711 0.136601 0.11766 0.0741867 0.0360205 0.0159814 0.00669032 0.00251115 0.000849324 0.000256338 6.69853e-05 1.48385e-05 2.73107e-06 4.05466e-07
 1.36387e-11 1.481e-09 9.48152e-08 3.5788e-06 7.96413e-05 0.00104494 0.00808433 0.0369029 0.0996946 0.161857 0.169521 0.144936 0.133595 0.113806 0.0713015 0.034299 0.0150778 0.0063067 0.00237595 0.000800268 0.00023758 6.07095e-05 1.30901e-05 2.31851e-06 3.27906e-07
 1.40226e-11 1.52268e-09 9.74836e-08 3.67952e-06 8.18826e-05 0.00107434 0.00831173 0.0379387 0.102462 0.166103 0.172812 0.144841 0.130372 0.109975 0.0688215 0.0331754 0.0146038 0.00608606 0.00227629 0.000763083 0.000226215 5.74736e-05 1.22032e-05 2.11044e-06 2.89219e-07
 1.38748e-11 1.50664e-09 9.64566e-08 3.64075e-06 8.102e-05 0.00106303 0.00822425 0.0375409 0.101409 0.164564 0.171997 0.146123 0.133522 0.112755 0.0693425 0.0319461 0.0132359 0.00531605 0.00196557 0.000656002 0.000193411 4.88806e-05 1.03285e-05 1.77064e-06 2.3866e-07
 1.36092e-11 1.4778e-09 9.46098e-08 3.57105e-06 7.94688e-05 0.00104268 0.00806686 0.0368239 0.0994906 0.161603 0.169611 0.145894 0.135323 0.115198 0.0713647 0.0332999 0.0139204 0.00549141 0.0019387 0.000616787 0.000176984 4.42365e-05 9.28849e-06 1.58312e-06 2.11891e-07
 1.35775e-11 1.47436e-09 9.43897e-08 3.56274e-06 7.92839e-05 0.00104025 0.0080481 0.0367384 0.0992618 0.161248 0.169318 0.14584 0.135491 0.115433 0.0715596 0.0334536 0.0140537 0.0055923 0.00198808 0.000626216 0.000173576 4.15332e-05 8.44487e-06 1.41534e-06 1.87778e-07
 1.38096e-11 1.49956e-09 9.60031e-08 3.62364e-06 8.06391e-05 0.00105803 0.00818559 0.0373645 0.100933 0.163796 0.171215 0.145528 0.133149 0.112836 0.0701207 0.0330887 0.0140854 0.00565898 0.00202517 0.000642429 0.000178722 4.23219e-05 8.35664e-06 1.34883e-06 1.73501e-07
 1.41918e-11 1.54106e-09 9.86599e-08 3.72392e-06 8.28707e-05 0.00108731 0.00841203 0.0383964 0.103697 0.168096 0.174839 0.146387 0.13139 0.109974 0.0672243 0.0306116 0.0124298 0.004867 0.00174185 0.000557918 0.000156635 3.73332e-05 7.37409e-06 1.17566e-06 1.47316e-07
 1.38374e-11 1.50258e-09 9.61962e-08 3.63093e-06 8.08013e-05 0.00106016 0.00820205 0.0374396 0.101135 0.164118 0.171525 0.145719 0.133229 0.112809 0.0699571 0.0328173 0.0137952 0.00542747 0.00188784 0.000585067 0.000162045 3.87492e-05 7.7153e-06 1.23644e-06 1.54574e-07
 1.3715e-11 1.48929e-09 9.53458e-08 3.59883e-06 8.0087e-05 0.00105079 0.00812964 0.0371109 0.100272 0.162924 0.171229 0.147824 0.137419 0.116137 0.0698939 0.0302905 0.0113729 0.00419196 0.00145443 0.000454941 0.000124448 2.90169e-05 5.68213e-06 9.08506e-07 1.14081e-07
 1.37469e-11 1.49275e-09 9.55672e-08 3.60718e-06 8.02729e-05 0.00105323 0.00814851 0.0371969 0.100504 0.163289 0.171566 0.147996 0.13745 0.116104 0.0698165 0.0301257 0.011092 0.00387454 0.00122847 0.00035211 9.24194e-05 2.1359e-05 4.14122e-06 6.50495e-07 8.0519e-08
 1.42823e-11 1.55089e-09 9.92894e-08 3.74768e-06 8.33994e-05 0.00109424 0.00846569 0.0386413 0.104358 0.169162 0.175925 0.147223 0.131971 0.110082 0.066568 0.0294107 0.0112486 0.0040321 0.00127332 0.000350336 8.52155e-05 1.81255e-05 3.32376e-06 5.09034e-07 6.21088e-08
 1.41416e-11 1.53561e-09 9.83113e-08 3.71076e-06 8.25779e-05 0.00108347 0.00838236 0.038262 0.103348 0.167639 0.174873 0.147682 0.133795 0.111899 0.0672649 0.0291984 0.0108975 0.00387956 0.00124927 0.000353097 8.63952e-05 1.78026e-05 3.05677e-06 4.34217e-07 5.00052e-08
 1.40794e-11 1.52885e-09 9.78785e-08 3.69443e-06 8.22143e-05 0.0010787 0.00834547 0.0380939 0.102898 0.166945 0.174315 0.147632 0.134223 0.112477 0.0677424 0.0295135 0.0110486 0.00391023 0.00123904 0.000345777 8.50621e-05 1.78225e-05 3.07296e-06 4.24957e-07 4.62685e-08
 1.48807e-11 1.61586e-09 1.03449e-07 3.90468e-06 8.68933e-05 0.00114008 0.00882021 0.0402567 0.108682 0.17586 0.181434 0.148115 0.128522 0.10512 0.062176 0.0261233 0.00922157 0.00311728 0.000970903 0.000268986 6.54666e-05 1.35786e-05 2.341e-06 3.26066e-07 3.54469e-08
 1.48662e-11 1.61429e-09 1.03348e-07 3.90089e-06 8.68087e-05 0.00113897 0.00881165 0.040218 0.108583 0.17574 0.181502 0.148648 0.129457 0.105833 0.0621133 0.025483 0.00857448 0.00273351 0.000802738 0.000210379 4.93416e-05 1.00507e-05 1.7136e-06 2.36778e-07 2.56816e-08
 1.45812e-11 1.58334e-09 1.01367e-07 3.8261e-06 8.51446e-05 0.00111714 0.00864283 0.0394495 0.106535 0.172646 0.179333 0.149476 0.133014 0.10948 0.063708 0.0253196 0.00797768 0.00235851 0.00065052 0.000160117 3.5163e-05 6.74566e-06 1.09953e-06 1.47891e-07 1.58068e-08
 1.49407e-11 1.62238e-09 1.03866e-07 3.92043e-06 8.72437e-05 0.00114468 0.00885577 0.040419 0.10912 0.176569 0.182162 0.148692 0.128935 0.10519 0.061681 0.0252458 0.00840267 0.00258609 0.000702437 0.000162596 3.30839e-05 5.89767e-06 8.96236e-07 1.13198e-07 1.1526e-08
 1.61677e-11 1.75562e-09 1.12397e-07 4.24241e-06 9.44087e-05 0.00123868 0.00958271 0.0437298 0.117962 0.1901 0.192493 0.147859 0.117801 0.0923017 0.0537577 0.0222038 0.00756822 0.00241151 0.000683963 0.000165422 3.41231e-05 5.87375e-06 8.33439e-07 9.73772e-08 9.21047e-09
#obs surv len freq
 1.40732e-11 1.52818e-09 9.78354e-08 3.6928e-06 8.21782e-05 0.00107822 0.00834155 0.0380707 0.102756 0.166039 0.170073 0.135665 0.115824 0.100849 0.0735833 0.0458328 0.025 0.0112771 0.00406482 0.00115836 0.000254226 4.14876e-05 4.86704e-06 3.97364e-07 2.19185e-08
 1.20526e-11 1.30877e-09 8.37886e-08 3.16261e-06 7.03798e-05 0.000923434 0.00714478 0.032624 0.0882546 0.144129 0.154381 0.139538 0.13646 0.122599 0.0855629 0.0490032 0.024486 0.0102407 0.00344192 0.000917226 0.000188653 2.88167e-05 3.15274e-06 2.3925e-07 1.22427e-08
 1.41562e-11 1.5372e-09 9.84128e-08 3.7146e-06 8.26634e-05 0.00108459 0.00839107 0.0383007 0.103416 0.167312 0.171867 0.137204 0.115901 0.100147 0.0737188 0.0458025 0.0235902 0.00944316 0.00289484 0.000692646 0.00012862 1.7916e-05 1.79959e-06 1.25778e-07 5.93252e-09
 1.28896e-11 1.39966e-09 8.96077e-08 3.38225e-06 7.52677e-05 0.000987573 0.00764117 0.0348922 0.0943917 0.154015 0.163702 0.1432 0.132618 0.114257 0.077617 0.0434635 0.0211601 0.0085294 0.00268253 0.000637008 0.000111412 1.40883e-05 1.26832e-06 7.96333e-08 3.39729e-09
 1.38332e-11 1.50212e-09 9.61671e-08 3.62984e-06 8.07774e-05 0.00105986 0.00820023 0.0374391 0.101196 0.164398 0.171316 0.141265 0.122009 0.103799 0.0735877 0.0434383 0.021167 0.00805584 0.00235251 0.00052966 8.9927e-05 1.10306e-05 9.41586e-07 5.45359e-08 2.10574e-09
 1.34945e-11 1.46534e-09 9.38127e-08 3.54097e-06 7.88e-05 0.00103393 0.00800007 0.0365343 0.0988537 0.161278 0.170644 0.14573 0.129085 0.107704 0.0723402 0.0401128 0.0188565 0.0071364 0.00207439 0.000452492 7.24279e-05 8.3062e-06 6.66302e-07 3.64223e-08 1.32198e-09
 1.30196e-11 1.41377e-09 9.0511e-08 3.41635e-06 7.6027e-05 0.000997559 0.00771911 0.0352597 0.0954974 0.156384 0.167537 0.146944 0.133094 0.111798 0.075365 0.0415057 0.0188364 0.00671261 0.00182772 0.000377567 5.78126e-05 6.32533e-06 4.78536e-07 2.44154e-08 8.2347e-10
 1.28327e-11 1.39348e-09 8.92118e-08 3.36732e-06 7.4936e-05 0.000983256 0.00760881 0.0347625 0.0942163 0.154653 0.166788 0.147813 0.134312 0.112618 0.0761985 0.0421609 0.019024 0.00664484 0.00174347 0.000340521 4.86604e-05 4.95556e-06 3.50068e-07 1.67169e-08 5.26998e-10
 1.25803e-11 1.36608e-09 8.74574e-08 3.3011e-06 7.34628e-05 0.000963943 0.00745987 0.034091 0.0924873 0.152338 0.165947 0.149609 0.136998 0.114244 0.0766762 0.0419966 0.0186835 0.00641916 0.00165036 0.000312763 4.27385e-05 4.09993e-06 2.69635e-07 1.19092e-08 3.46626e-10
 1.29281e-11 1.40384e-09 8.98754e-08 3.39237e-06 7.54941e-05 0.000990602 0.0076663 0.0350352 0.0950408 0.156373 0.169229 0.149327 0.13301 0.109962 0.0747032 0.0416051 0.0186278 0.00637919 0.00162488 0.00030284 4.03051e-05 3.72492e-06 2.33293e-07 9.70241e-09 2.63316e-10
 1.31502e-11 1.42796e-09 9.14194e-08 3.45065e-06 7.67915e-05 0.00100764 0.00779865 0.0356473 0.0967654 0.159509 0.173256 0.152907 0.134104 0.107571 0.0702771 0.0375897 0.0163275 0.00549045 0.00137951 0.000252714 3.2821e-05 2.93733e-06 1.76807e-07 7.01372e-09 1.80203e-10
 1.30889e-11 1.4213e-09 9.09929e-08 3.43456e-06 7.64338e-05 0.00100297 0.0077632 0.0354962 0.0964557 0.159516 0.174684 0.155843 0.136536 0.10785 0.068733 0.0354195 0.0146379 0.00465466 0.0011076 0.000193455 2.4112e-05 2.07587e-06 1.19982e-07 4.551e-09 1.11257e-10
 1.29436e-11 1.40552e-09 8.9983e-08 3.39645e-06 7.55863e-05 0.000991884 0.00767821 0.0351212 0.0955604 0.158673 0.175531 0.158816 0.139384 0.108583 0.0676165 0.0336704 0.0132726 0.00397742 0.000882836 0.000143014 1.65399e-05 1.32748e-06 7.19327e-08 2.56928e-09 5.92773e-11
 1.27765e-11 1.38738e-09 8.88213e-08 3.35261e-06 7.46114e-05 0.00097912 0.00758017 0.034684 0.0944645 0.157279 0.174963 0.159167 0.139721 0.109188 0.0687979 0.0345785 0.0135526 0.00397233 0.000849263 0.000130452 1.41092e-05 1.04922e-06 5.24634e-08 1.72903e-09 3.68916e-11
 1.2069e-11 1.31056e-09 8.39032e-08 3.16699e-06 7.04819e-05 0.000924993 0.00716289 0.0328029 0.0896041 0.150607 0.171857 0.16298 0.146733 0.114141 0.0705389 0.0346094 0.0132477 0.00379622 0.000790583 0.000117173 1.20772e-05 8.4553e-07 3.93931e-08 1.20034e-09 2.35632e-11
 1.27235e-11 1.38163e-09 8.84534e-08 3.33875e-06 7.43045e-05 0.000975162 0.00755124 0.0345757 0.094356 0.157868 0.177083 0.161555 0.140062 0.108008 0.0675284 0.0333758 0.0126343 0.0035272 0.000710282 0.000101386 1.00235e-05 6.6928e-07 2.95241e-08 8.45162e-10 1.54722e-11
 1.19409e-11 1.29664e-09 8.30128e-08 3.13341e-06 6.97369e-05 0.000915313 0.00709034 0.0325042 0.0890526 0.150813 0.17447 0.166887 0.148317 0.112759 0.0682094 0.0326708 0.0121272 0.00334604 0.000663858 9.23408e-05 8.79119e-06 5.60293e-07 2.34531e-08 6.34245e-10 1.09245e-11
 1.23707e-11 1.34332e-09 8.6001e-08 3.24622e-06 7.22482e-05 0.000948298 0.00734623 0.0336794 0.0922529 0.155902 0.178626 0.166882 0.144632 0.108809 0.0655225 0.0308165 0.0110001 0.00288426 0.000543715 7.22286e-05 6.58961e-06 4.01996e-07 1.6033e-08 4.10786e-10 6.66937e-12
 1.11272e-11 1.20829e-09 7.73567e-08 2.91998e-06 6.49912e-05 0.00085321 0.00661376 0.0303832 0.0837622 0.144279 0.173082 0.172981 0.156158 0.117175 0.0688787 0.0314795 0.0109314 0.00278128 0.000504171 6.36919e-05 5.48437e-06 3.14965e-07 1.18292e-08 2.8559e-10 4.3677e-12
 1.2497e-11 1.35703e-09 8.68795e-08 3.27942e-06 7.29899e-05 0.000958142 0.00742475 0.0340659 0.0934726 0.158398 0.181535 0.167701 0.142687 0.106594 0.0641515 0.0297197 0.0102023 0.00251812 0.00043856 5.29322e-05 4.33079e-06 2.34888e-07 8.28416e-09 1.87041e-10 2.66908e-12
 1.17985e-11 1.28118e-09 8.20241e-08 3.09621e-06 6.89171e-05 0.000904871 0.00701658 0.0322579 0.0890391 0.153357 0.182121 0.175843 0.150839 0.108178 0.061371 0.0271847 0.00914415 0.00223842 0.000384667 4.51635e-05 3.54392e-06 1.82458e-07 6.06745e-09 1.28558e-10 1.71518e-12
 1.1348e-11 1.23227e-09 7.88931e-08 2.97809e-06 6.62916e-05 0.000870543 0.00675359 0.0310895 0.0861144 0.149581 0.18059 0.177967 0.154846 0.11168 0.0627827 0.0268422 0.00850996 0.00194905 0.000315587 3.52885e-05 2.65271e-06 1.30714e-07 4.13812e-09 8.29185e-11 1.03996e-12
 1.21714e-11 1.32169e-09 8.46179e-08 3.1942e-06 7.11028e-05 0.000933726 0.00724327 0.0333292 0.0921307 0.158794 0.187379 0.17698 0.147678 0.104016 0.0577227 0.0242958 0.0074979 0.00164603 0.000251541 2.62661e-05 1.83795e-06 8.44994e-08 2.50622e-09 4.71963e-11 5.56875e-13
 1.16979e-11 1.27027e-09 8.13271e-08 3.07008e-06 6.83468e-05 0.000897782 0.00696982 0.0321387 0.0893335 0.156023 0.188694 0.182727 0.15246 0.104348 0.0555463 0.0224474 0.00669105 0.00142192 0.000209323 2.08471e-05 1.37579e-06 5.90973e-08 1.62776e-09 2.83902e-11 3.10202e-13
 1.08639e-11 1.17972e-09 7.55309e-08 2.85142e-06 6.34875e-05 0.000834265 0.00648331 0.0299768 0.0839116 0.149 0.185918 0.186936 0.159633 0.109586 0.057438 0.022408 0.00634433 0.00127062 0.000176135 1.65458e-05 1.03041e-06 4.16788e-08 1.07652e-09 1.75202e-11 1.77806e-13
 1.13835e-11 1.23614e-09 7.91438e-08 2.98786e-06 6.65272e-05 0.000874247 0.0067941 0.0314044 0.0877545 0.154787 0.189697 0.185307 0.154638 0.105319 0.0550269 0.0212073 0.00584073 0.00112023 0.000146765 1.29105e-05 7.49292e-07 2.82042e-08 6.78022e-10 1.02735e-11 9.70436e-14
 1.12047e-11 1.21674e-09 7.79036e-08 2.9412e-06 6.54975e-05 0.000861021 0.0066972 0.0310218 0.087098 0.155061 0.192474 0.189087 0.155779 0.103305 0.0524171 0.0196942 0.00530565 0.000993289 0.000125974 1.06028e-05 5.8197e-07 2.05234e-08 4.59224e-10 6.45105e-12 5.6383e-14
 1.32842e-11 1.44254e-09 9.23599e-08 3.48687e-06 7.76402e-05 0.00102028 0.00792701 0.0365919 0.101699 0.176139 0.205573 0.183598 0.138356 0.0866887 0.0422997 0.0152839 0.00394344 0.000705846 8.55918e-05 6.88346e-06 3.60031e-07 1.20418e-08 2.54055e-10 3.3451e-12 2.7258e-14
#pred catch len freq
 1.10567e-11 1.20063e-09 7.68653e-08 2.90128e-06 6.45641e-05 0.000847122 0.00655408 0.0299219 0.0808933 0.131803 0.140255 0.12569 0.123322 0.112087 0.0805703 0.0517746 0.0339652 0.0227003 0.0156833 0.0114822 0.00906948 0.00781179 0.00691739 0.00540673 0.00317784
 1.15632e-11 1.25563e-09 8.03865e-08 3.03419e-06 6.75219e-05 0.000885935 0.00685458 0.0312987 0.0846816 0.138507 0.149847 0.140201 0.142534 0.12702 0.0822675 0.0425603 0.0218542 0.012008 0.00691837 0.00419648 0.00274972 0.0020156 0.00160905 0.00120897 0.00071127
 1.1283e-11 1.2252e-09 7.84387e-08 2.96067e-06 6.58858e-05 0.000864472 0.00668865 0.0305441 0.0826815 0.135571 0.148224 0.14248 0.148643 0.133784 0.0868132 0.0442842 0.0211049 0.00966976 0.00426852 0.00196874 0.000996313 0.000570362 0.00037552 0.000254643 0.000144433
 1.16246e-11 1.2623e-09 8.08134e-08 3.05031e-06 6.78805e-05 0.000890641 0.006891 0.0314652 0.0851362 0.139283 0.150837 0.141532 0.144497 0.129675 0.0853734 0.0450615 0.0222583 0.0102146 0.00419282 0.00159163 0.000590418 0.000235658 0.000111693 6.10553e-05 3.13343e-05
 1.16243e-11 1.26226e-09 8.08111e-08 3.05022e-06 6.78785e-05 0.000890615 0.00689082 0.0314648 0.08514 0.13933 0.151076 0.142196 0.145497 0.13029 0.0849833 0.0440616 0.0215231 0.0100097 0.00421576 0.00159111 0.000531808 0.000162038 5.029e-05 1.83007e-05 7.40538e-06
 1.23128e-11 1.33702e-09 8.55974e-08 3.23087e-06 7.18988e-05 0.000943358 0.0072987 0.0333226 0.090103 0.146937 0.15694 0.141918 0.139561 0.123346 0.0806467 0.0422505 0.0207919 0.00961873 0.00401655 0.00152178 0.000511739 0.000148453 3.74265e-05 8.92459e-06 2.30529e-06
 1.24778e-11 1.35494e-09 8.67443e-08 3.27417e-06 7.28621e-05 0.000955999 0.00739652 0.0337696 0.0913179 0.148966 0.159328 0.14456 0.14229 0.124527 0.0786857 0.0382367 0.0172771 0.00767201 0.00318189 0.00120316 0.000403031 0.000116456 2.83786e-05 5.78131e-06 1.03219e-06
 1.23535e-11 1.34144e-09 8.58806e-08 3.24156e-06 7.21366e-05 0.000946481 0.0073229 0.0334341 0.0904183 0.147562 0.15812 0.144205 0.142791 0.125577 0.0800518 0.0395042 0.017897 0.00763622 0.00294372 0.00104683 0.000341393 9.78553e-05 2.36655e-05 4.67413e-06 7.40934e-07
 1.22992e-11 1.33555e-09 8.5503e-08 3.22731e-06 7.18195e-05 0.00094232 0.00729075 0.0332881 0.0900346 0.147025 0.157956 0.145051 0.144516 0.126967 0.0800725 0.0385372 0.0169783 0.00717155 0.00275205 0.000949894 0.000291859 7.88588e-05 1.8415e-05 3.57187e-06 5.50571e-07
 1.2205e-11 1.32532e-09 8.4848e-08 3.20259e-06 7.12693e-05 0.000935102 0.00723492 0.0330336 0.0893525 0.14596 0.15704 0.144778 0.14487 0.127667 0.0809227 0.0393302 0.0174523 0.00730618 0.00274231 0.000927507 0.000279934 7.31515e-05 1.62044e-05 2.98248e-06 4.42791e-07
 1.24847e-11 1.35569e-09 8.67923e-08 3.27598e-06 7.29024e-05 0.000956528 0.00740062 0.0337886 0.0913721 0.149079 0.159559 0.14504 0.14302 0.125187 0.0789317 0.038015 0.0167143 0.00699131 0.00263387 0.00088714 0.000263371 6.72998e-05 1.45111e-05 2.57019e-06 3.63502e-07
 1.30958e-11 1.42205e-09 9.10411e-08 3.43635e-06 7.64712e-05 0.00100335 0.00776271 0.0354379 0.095779 0.155841 0.16481 0.144919 0.137933 0.119111 0.0749539 0.0361695 0.0159243 0.00663645 0.00248214 0.000832092 0.000246673 6.26712e-05 1.33068e-05 2.3013e-06 3.15375e-07
 1.2912e-11 1.40209e-09 8.97628e-08 3.3881e-06 7.53976e-05 0.000989264 0.00765381 0.0349426 0.0944661 0.153911 0.163726 0.146322 0.141557 0.122369 0.0756717 0.034899 0.0144617 0.00580845 0.00214763 0.000716765 0.000211326 5.34083e-05 1.12852e-05 1.93465e-06 2.60766e-07
 1.27051e-11 1.37963e-09 8.83249e-08 3.33383e-06 7.41898e-05 0.000973418 0.00753126 0.0343842 0.0929717 0.151599 0.161836 0.146056 0.142832 0.124207 0.0773307 0.0361181 0.0151006 0.00595709 0.00210311 0.000669091 0.000191993 4.79878e-05 1.00762e-05 1.71737e-06 2.29859e-07
 1.26113e-11 1.36943e-09 8.76725e-08 3.3092e-06 7.36418e-05 0.000966228 0.00747566 0.0341309 0.0922944 0.150555 0.161006 0.146009 0.143508 0.125055 0.0779349 0.0364706 0.0153234 0.00609766 0.00216774 0.000682806 0.000189261 4.52864e-05 9.20801e-06 1.54324e-06 2.04747e-07
 1.30345e-11 1.41539e-09 9.06146e-08 3.42025e-06 7.6113e-05 0.00099865 0.00772638 0.0352728 0.0953433 0.155216 0.16454 0.145643 0.139549 0.120533 0.0752417 0.0355355 0.0151289 0.00607831 0.00217523 0.000690033 0.000191965 4.54579e-05 8.97587e-06 1.44877e-06 1.86358e-07
 1.3103e-11 1.42282e-09 9.10905e-08 3.43821e-06 7.65128e-05 0.00100389 0.00776697 0.0354582 0.0958466 0.156052 0.165499 0.146647 0.140532 0.120887 0.0743778 0.0339115 0.0137724 0.00539282 0.00193004 0.000618194 0.000173557 4.13666e-05 8.17077e-06 1.30268e-06 1.63232e-07
 1.34342e-11 1.4588e-09 9.33935e-08 3.52514e-06 7.84471e-05 0.00102927 0.0079632 0.0363516 0.0982277 0.159656 0.168056 0.145786 0.13657 0.116822 0.0726215 0.0340829 0.0143282 0.00563721 0.00196079 0.000607676 0.000168307 4.02467e-05 8.01345e-06 1.28422e-06 1.60547e-07
 1.33954e-11 1.45458e-09 9.31236e-08 3.51495e-06 7.82204e-05 0.0010263 0.00794026 0.0362483 0.097968 0.159391 0.168502 0.147941 0.140165 0.119383 0.0719799 0.0312058 0.0117172 0.00431891 0.00149848 0.000468719 0.000128217 2.98957e-05 5.85422e-06 9.3602e-07 1.17536e-07
 1.32415e-11 1.43786e-09 9.20534e-08 3.47456e-06 7.73216e-05 0.00101451 0.00784907 0.0358331 0.0968601 0.157704 0.167257 0.148189 0.141805 0.12125 0.0731213 0.0315694 0.0116246 0.00406064 0.00128748 0.000369023 9.68585e-05 2.23849e-05 4.34013e-06 6.81739e-07 8.43865e-08
 1.37724e-11 1.49552e-09 9.57443e-08 3.61387e-06 8.04217e-05 0.00105518 0.00816359 0.0372653 0.100682 0.163525 0.171566 0.147389 0.136321 0.115246 0.0699151 0.0309088 0.0118228 0.00423797 0.00133834 0.000368223 8.95664e-05 1.90509e-05 3.49346e-06 5.35024e-07 6.52799e-08
 1.36431e-11 1.48148e-09 9.48455e-08 3.57995e-06 7.96668e-05 0.00104527 0.008087 0.0369167 0.0997537 0.162129 0.170619 0.147865 0.138078 0.116966 0.070526 0.0306323 0.0114338 0.00407052 0.00131077 0.000370478 9.06478e-05 1.86789e-05 3.20723e-06 4.5559e-07 5.24666e-08
 1.38682e-11 1.50592e-09 9.64105e-08 3.63902e-06 8.09813e-05 0.00106252 0.00822037 0.0375241 0.101376 0.164611 0.172513 0.147707 0.136035 0.114623 0.0691252 0.0301237 0.0112775 0.00399126 0.00126472 0.000352942 8.68248e-05 1.81918e-05 3.13664e-06 4.33763e-07 4.72273e-08
 1.46855e-11 1.59467e-09 1.02092e-07 3.85348e-06 8.57538e-05 0.00112513 0.0087046 0.0397301 0.107275 0.173705 0.179774 0.148201 0.130221 0.107118 0.0634472 0.0266648 0.00941317 0.00318207 0.000991082 0.000274576 6.68272e-05 1.38608e-05 2.38965e-06 3.32843e-07 3.61836e-08
 1.4954e-11 1.62383e-09 1.03959e-07 3.92393e-06 8.73215e-05 0.0011457 0.00886367 0.0404549 0.109216 0.17671 0.182247 0.148604 0.128685 0.104928 0.0615427 0.0252456 0.00849443 0.00270798 0.000795242 0.000208414 4.88808e-05 9.95685e-06 1.6976e-06 2.34567e-07 2.54417e-08
 1.44862e-11 1.57302e-09 1.00706e-07 3.80117e-06 8.45897e-05 0.00110986 0.00858653 0.039193 0.10585 0.171597 0.178529 0.14953 0.133859 0.110466 0.064323 0.0255673 0.00805591 0.00238164 0.000656901 0.000161687 3.55079e-05 6.81182e-06 1.11032e-06 1.49342e-07 1.59618e-08
 1.46653e-11 1.59247e-09 1.01952e-07 3.84816e-06 8.56355e-05 0.00112358 0.00869261 0.0396759 0.107135 0.173528 0.179827 0.148831 0.131361 0.108031 0.0634721 0.0259891 0.00865066 0.00266243 0.000723174 0.000167396 3.40606e-05 6.07178e-06 9.22694e-07 1.1654e-07 1.18663e-08
 1.45656e-11 1.58165e-09 1.01259e-07 3.82202e-06 8.50537e-05 0.00111595 0.00863358 0.0394069 0.106415 0.172409 0.178889 0.148627 0.131846 0.108781 0.0641875 0.026581 0.0090642 0.00288834 0.000819206 0.000198131 4.08704e-05 7.03519e-06 9.98239e-07 1.16632e-07 1.10317e-08
#obs catch len freq
 1.04599e-11 1.13582e-09 7.27162e-08 2.74468e-06 6.10793e-05 0.000801406 0.0062007 0.0283153 0.076634 0.125492 0.13628 0.128764 0.13446 0.129766 0.10096 0.0670411 0.0383748 0.0178351 0.00658043 0.00191867 0.000430822 7.17721e-05 8.55469e-06 7.06187e-07 3.93072e-08
 1.25862e-11 1.36672e-09 8.74983e-08 3.30263e-06 7.34956e-05 0.00096431 0.00746078 0.0340608 0.0920599 0.149708 0.157504 0.135637 0.126616 0.114046 0.0836495 0.0519406 0.0280027 0.0124013 0.00436574 0.00120744 0.000255427 3.99092e-05 4.45393e-06 3.43948e-07 1.7858e-08
 1.07693e-11 1.16942e-09 7.48673e-08 2.82588e-06 6.28865e-05 0.000825133 0.00638478 0.029166 0.0790524 0.130216 0.144163 0.140689 0.146819 0.1341 0.0935085 0.0532743 0.0262903 0.0107843 0.00353633 0.000913595 0.000180885 2.64187e-05 2.74641e-06 1.96931e-07 9.47677e-09
 1.29967e-11 1.41128e-09 9.03517e-08 3.41033e-06 7.58926e-05 0.000995766 0.00770434 0.0351758 0.0950975 0.154704 0.162449 0.137764 0.124703 0.11051 0.0814631 0.0501986 0.025412 0.00994435 0.00296941 0.000688312 0.000122964 1.63639e-05 1.56038e-06 1.02956e-07 4.56302e-09
 1.18498e-11 1.28675e-09 8.23786e-08 3.10939e-06 6.91959e-05 0.000907923 0.00702549 0.0320928 0.086963 0.142896 0.155887 0.14483 0.141403 0.12339 0.0835936 0.046468 0.0222821 0.00877659 0.00268047 0.000614436 0.000103151 1.24502e-05 1.06364e-06 6.30176e-08 2.52468e-09
 1.29645e-11 1.4078e-09 9.01283e-08 3.4019e-06 7.57053e-05 0.000993325 0.00768598 0.0351016 0.0949981 0.155144 0.164846 0.142613 0.129244 0.111472 0.078781 0.0459938 0.0219808 0.00815959 0.00231414 0.000502851 8.18122e-05 9.55676e-06 7.72859e-07 4.22134e-08 1.53059e-09
 1.27836e-11 1.38815e-09 8.88704e-08 3.35443e-06 7.46491e-05 0.000979483 0.00757937 0.0346242 0.0938104 0.153866 0.165839 0.147602 0.135475 0.113747 0.0759629 0.0416588 0.019212 0.00708248 0.001994 0.00041879 6.41582e-05 7.00168e-06 5.31531e-07 2.73639e-08 9.31707e-10
 1.24267e-11 1.34939e-09 8.63892e-08 3.26078e-06 7.25653e-05 0.000952157 0.00736841 0.0336694 0.091316 0.150329 0.163884 0.148996 0.138682 0.116736 0.0780809 0.0424184 0.0188403 0.00653187 0.00172182 0.000342215 5.00767e-05 5.20512e-06 3.72216e-07 1.78709e-08 5.6501e-10
 1.235e-11 1.34107e-09 8.58562e-08 3.24066e-06 7.2118e-05 0.0009463 0.00732349 0.0334706 0.0908381 0.149855 0.164166 0.149951 0.139088 0.11652 0.0781157 0.0425644 0.0187619 0.00636328 0.00161319 0.000302667 4.12929e-05 3.99177e-06 2.66274e-07 1.19528e-08 3.529e-10
 1.21214e-11 1.31624e-09 8.42672e-08 3.18069e-06 7.07837e-05 0.000928813 0.00718875 0.032865 0.0892945 0.147865 0.163676 0.151906 0.141631 0.117839 0.0782957 0.042189 0.0183159 0.00610285 0.00151357 0.000275048 3.58251e-05 3.25823e-06 2.0217e-07 8.3884e-09 2.28509e-10
 1.25862e-11 1.36671e-09 8.74982e-08 3.30265e-06 7.34979e-05 0.000964433 0.0074645 0.0341252 0.0926926 0.153189 0.16792 0.151536 0.136724 0.112563 0.0756075 0.0413525 0.0180375 0.00598182 0.00146747 0.000261807 3.31568e-05 2.90076e-06 1.71197e-07 6.68262e-09 1.69648e-10
 1.29046e-11 1.40129e-09 8.97122e-08 3.38622e-06 7.53581e-05 0.000988861 0.00765405 0.0349989 0.0951229 0.157434 0.172864 0.155189 0.13704 0.109118 0.0703812 0.0369481 0.0156269 0.00508349 0.00122827 0.000215032 2.65326e-05 2.24451e-06 1.27144e-07 4.72865e-09 1.1355e-10
 1.29478e-11 1.40598e-09 9.00124e-08 3.39756e-06 7.5611e-05 0.000992206 0.00768065 0.0351314 0.095577 0.158633 0.175249 0.158154 0.138635 0.108328 0.068015 0.0343365 0.0137976 0.00424031 0.000969587 0.000161691 1.91228e-05 1.55399e-06 8.44119e-08 2.99832e-09 6.84389e-11
 1.28123e-11 1.39127e-09 8.90703e-08 3.36201e-06 7.48207e-05 0.000981872 0.00760164 0.0347852 0.09477 0.157967 0.176315 0.16123 0.141367 0.10882 0.0666786 0.0324805 0.0124308 0.0035952 0.000765963 0.000118373 1.2981e-05 9.8261e-07 4.99916e-08 1.6703e-09 3.59425e-11
 1.27277e-11 1.38208e-09 8.84823e-08 3.33982e-06 7.43277e-05 0.000975434 0.00755259 0.0345719 0.0942755 0.157497 0.176444 0.161535 0.141083 0.108729 0.067305 0.0330256 0.0125432 0.003542 0.000725609 0.000106173 1.08769e-05 7.62302e-07 3.57662e-08 1.10195e-09 2.19135e-11
 1.20601e-11 1.30959e-09 8.38415e-08 3.16468e-06 7.04314e-05 0.000924376 0.00715923 0.032802 0.0897276 0.151359 0.173853 0.165474 0.147739 0.113136 0.0686175 0.0328386 0.0121686 0.00335491 0.000668384 9.42142e-05 9.18573e-06 6.05481e-07 2.64518e-08 7.53171e-10 1.37756e-11
 1.27483e-11 1.38432e-09 8.86261e-08 3.34528e-06 7.4451e-05 0.000977131 0.00756761 0.0346659 0.0947196 0.158958 0.179249 0.163897 0.140823 0.106834 0.0654503 0.0314878 0.01152 0.00309044 0.000594634 8.0621e-05 7.52967e-06 4.7279e-07 1.95382e-08 5.22287e-10 8.90497e-12
 1.20277e-11 1.30607e-09 8.36162e-08 3.15621e-06 7.02457e-05 0.000922047 0.00714379 0.0327662 0.0898921 0.152687 0.177323 0.169279 0.148443 0.110784 0.0656153 0.0305802 0.0109612 0.00290157 0.000549041 7.24228e-05 6.50538e-06 3.89484e-07 1.52586e-08 3.8501e-10 6.17204e-12
 1.24859e-11 1.35583e-09 8.68023e-08 3.27649e-06 7.29234e-05 0.000957221 0.00741669 0.0340194 0.0933002 0.158079 0.181649 0.169165 0.144519 0.106599 0.0627272 0.028646 0.0098608 0.00247878 0.000445335 5.60417e-05 4.81759e-06 2.75732e-07 1.02817e-08 2.45596e-10 3.70877e-12
 1.12675e-11 1.22352e-09 7.83323e-08 2.95683e-06 6.58135e-05 0.000864082 0.00669969 0.030798 0.0850368 0.146893 0.176595 0.175435 0.155736 0.114456 0.0657028 0.0291343 0.00974442 0.00237312 0.000409369 4.8936e-05 3.96714e-06 2.13575e-07 7.49258e-09 1.68485e-10 2.3946e-12
 1.26604e-11 1.37477e-09 8.80156e-08 3.32234e-06 7.39471e-05 0.000970779 0.0075242 0.03454 0.0948855 0.161134 0.184947 0.169918 0.142227 0.103952 0.0609504 0.0273289 0.00902111 0.0021288 0.000352422 4.02021e-05 3.09331e-06 1.57132e-07 5.17305e-09 1.08725e-10 1.44105e-12
 1.1998e-11 1.30285e-09 8.34119e-08 3.14864e-06 7.00867e-05 0.000920319 0.00713822 0.0328376 0.0907592 0.156627 0.185988 0.177937 0.14968 0.104908 0.0580017 0.0248725 0.0080369 0.0018773 0.000306048 3.39112e-05 2.49993e-06 1.20453e-07 3.73648e-09 7.36546e-11 9.12277e-13
 1.15719e-11 1.25659e-09 8.04504e-08 3.03692e-06 6.76043e-05 0.000887886 0.00689016 0.0317398 0.0880347 0.153186 0.184756 0.180137 0.153505 0.108028 0.0590488 0.0243938 0.0074235 0.001622 0.000249005 2.62457e-05 1.85088e-06 8.52462e-08 2.51519e-09 4.68617e-11 5.4543e-13
 1.24096e-11 1.34755e-09 8.62744e-08 3.25679e-06 7.24993e-05 0.000952175 0.00738845 0.0340184 0.0941469 0.162496 0.191486 0.17892 0.146145 0.100319 0.0540457 0.0219432 0.00648919 0.00135707 0.000196433 1.93239e-05 1.26784e-06 5.44398e-08 1.50338e-09 2.62972e-11 2.87689e-13
 1.19573e-11 1.29844e-09 8.31316e-08 3.13828e-06 6.9869e-05 0.00091791 0.00712848 0.0328937 0.091546 0.160066 0.193061 0.184527 0.150455 0.100269 0.0517895 0.0201752 0.0057561 0.00116348 0.000161992 1.51816e-05 9.38735e-07 3.76455e-08 9.65154e-10 1.56304e-11 1.58267e-13
 1.11377e-11 1.20945e-09 7.74357e-08 2.92342e-06 6.50956e-05 0.000855553 0.00665149 0.0307802 0.0862771 0.153339 0.190607 0.188855 0.15743 0.105114 0.0533713 0.0200431 0.00542676 0.00103307 0.000135332 1.19508e-05 6.96595e-07 2.62826e-08 6.31517e-10 9.54033e-12 8.97142e-14
 1.16671e-11 1.26695e-09 8.11177e-08 3.06248e-06 6.81942e-05 0.000896319 0.00696844 0.0322358 0.0901886 0.159194 0.194361 0.187137 0.152382 0.1008 0.0509234 0.0188581 0.0049594 0.000903085 0.000111719 9.23317e-06 5.01295e-07 1.75904e-08 3.93118e-10 5.52551e-12 4.83356e-14
 1.14988e-11 1.24868e-09 7.995e-08 3.01859e-06 6.72275e-05 0.000883959 0.00687879 0.0318905 0.0896475 0.159662 0.197242 0.190744 0.153202 0.0986155 0.0483497 0.017437 0.00447886 0.000794756 9.50393e-05 7.50795e-06 3.85299e-07 1.26632e-08 2.63365e-10 3.43127e-12 2.77652e-14
#spawning biomass
 16352.1 17377.3 19045.9 22811.4 28099.5 36732.9 42670.9 53646.4 58607.7 64949.7 69277.4 82159.1 92552.1 103299 110123 121180 130355 158498 145635 130130 129372 133582 135382 129474 132985 119940 116907 138493 217738 350912 372678 350842 307915 260126 216351 180153 152047 131122 115995 105289 97831.4 92691.7 89153.4 86725.3 85118.9 84056.1 83352.9 82887.7 82580 82376.3 82241.6 82152.5 82093.5 82054.5 82028.7 82011.6 82000.3 81992.9 81987.9 81984.6 81982.5 81981 81980.1 81979.5 81979.1 81978.8 81978.6 81978.5 81978.4 81978.3 81978.3 81978.3 81978.3 81978.3 81978.3 81978.2 81978.2 81978.2 81978.2 81978.2 81978.2 81978.2 81978.2 81978.2 81978.2 81978.2 81978.2 81978.2 81978.2 81978.2 81978.2 81978.2 81978.2 81978.2 81978.2 81978.2 81978.2 81978.2 81978.2 81978.2 81978.2 81978.2 81978.2 81978.2 81978.2 81978.2 81978.2 81978.2 81978.2 81978.2 81978.2 81978.2 81978.2 81978.2 81978.2 81978.2 81978.2 81978.2 81978.2 81978.2 81978.2 81978.2 81978.2 81978.2 81978.2 81978.2 81978.2 81978.2 0 0 0 0 0 0 0 0 0 0 0 0 0 0 0 0 0 0 0 0 0 0 0 0 0
