SBPRF35
0.819782
Curr Bio
99105.4
B35
654537
F35
0.232456
FOFL
0
OFL
0
Bzero
234224
#pred survey bio
 8370.26 8575.6 7187.64 7903.14 11054.1 17510.2 22884.9 29369.6 38774.5 51604.8 69267.1 88168.4 97913.1 115165 117922 115462 103239 100066 118799 117965 104463 112296 147256 132510 148238 159951 153422 131904 120155 2.73162e+06 4.343e+06 4.92204e+06 4.85693e+06 4.46222e+06 3.96196e+06 3.482e+06 3.07617e+06 2.75666e+06 2.51599e+06 2.33972e+06 2.21288e+06 2.12251e+06 2.05842e+06 2.0126e+06 1.97866e+06 1.95487e+06 1.93799e+06 1.92584e+06 1.91699e+06 1.91044e+06 1.90553e+06 1.9018e+06 1.89895e+06 1.89673e+06 1.89499e+06 1.89362e+06 1.89254e+06 1.89167e+06 1.89097e+06 1.89041e+06 1.88996e+06 1.88959e+06 1.88929e+06 1.88905e+06 1.88885e+06 1.88869e+06 1.88856e+06 1.88845e+06 1.88836e+06 1.88829e+06 1.88823e+06 1.88818e+06 1.88814e+06 1.88811e+06 1.88808e+06 1.88806e+06 1.88804e+06 1.88803e+06 1.88802e+06 1.88801e+06 1.888e+06 1.88799e+06 1.88799e+06 1.88798e+06 1.88798e+06 1.88798e+06 1.88798e+06 1.88797e+06 1.88797e+06 1.88797e+06 1.88797e+06 1.88797e+06 1.88797e+06 1.88797e+06 1.88797e+06 1.88797e+06 1.88797e+06 1.88797e+06 1.88797e+06 1.88797e+06 1.88797e+06 1.88797e+06 1.88797e+06 1.88797e+06 1.88797e+06 1.88797e+06 1.88797e+06 1.88797e+06 1.88797e+06 1.88797e+06 1.88797e+06 1.88797e+06 1.88797e+06 1.88797e+06 1.88797e+06 1.88797e+06 1.88797e+06 1.88797e+06 1.88797e+06 1.88797e+06 1.88797e+06 1.88797e+06 1.88797e+06 1.88797e+06 1.88797e+06 1.88797e+06 1.88797e+06 1.88797e+06 1.88797e+06 0 0 0 0 0 0 0 0 0 0 0 0 0 0 0 0 0 0 0 0 0 0 0 0 0
#obs survey bio
 7572.94 10827.3 6167.24 7692.01 10322.3 21051.6 18800 27382.5 56299.8 50779.2 78352.7 92015.7 87460.2 118193 64221.2 89745.5 76866.7 90207.6 91327.4 113112 94685 94046.5 200993 127201 119351 146664 123108 111224 99409.9
#pred catch bio
 2812.47 3870.07 3357.59 3405.52 4984.26 11733.8 15433.9 20043.1 26315 35678.4 47857.7 65549.5 69388 85223.7 88100 90805.7 81408.5 71896.8 91981 95036.1 82571.5 82225.1 123241 106314 120100 131688 130714 113110 104437 0 37870.4 42728.7 41699 37736.8 32910.7 28371.7 24597 21677.3 19522.9 17984.2 16910.5 16174.1 15675.4 15339.4 15110.3 14961.6 14865.2 14802.6 14761.9 14735.6 14718.5 14707.4 14700.2 14695.5 14692.5 14690.5 14689.2 14688.4 14687.8 14687.5 14687.3 14687.1 14687 14687 14686.9 14686.9 14686.9 14686.9 14686.9 14686.9 14686.9 14686.9 14686.9 14686.8 14686.8 14686.8 14686.8 14686.8 14686.8 14686.8 14686.8 14686.8 14686.8 14686.8 14686.8 14686.8 14686.8 14686.8 14686.8 14686.8 14686.8 14686.8 14686.8 14686.8 14686.8 14686.8 14686.8 14686.8 14686.8 14686.8 14686.8 14686.8 14686.8 14686.8 14686.8 14686.8 14686.8 14686.8 14686.8 14686.8 14686.8 14686.8 14686.8 14686.8 14686.8 14686.8 14686.8 14686.8 14686.8 14686.8 14686.8 14686.8 14686.8 14686.8 14686.8 14686.8 14686.8 14686.8 14686.8 0 0 0 0 0 0 0 0 0 0 0 0 0 0 0 0 0 0 0 0 0 0 0 0 0
#obs catch bio
 3719.82 3691.02 3820.71 3294.2 4379.91 10002.3 13002.4 17718.7 21500.5 27970.1 40545.8 54393.9 59611.3 71510.8 80931.5 91331.4 80358.6 59806 84380.8 83142.9 65519.5 69698.9 104268 91199.3 111799 117195 118923 103075 94213
#pred cpue bio
 6872.07 7828.1 5993.32 5308.9 7523.84 10389.9 12281.5 16087.7 20165.9 27036.3 34688.6 46714 49917.6 62395.1 65695.4 65374.7 54885.7 49113.1 62035.8 59978.7 52309.2 49783.8 67298.7 57161.8 61067.7 66249.4 67113.8 55330.2 46524.9 964620 4.21935e+06 4.80162e+06 4.73571e+06 4.34097e+06 3.8407e+06 3.36074e+06 2.95491e+06 2.6354e+06 2.39473e+06 2.21847e+06 2.09162e+06 2.00125e+06 1.93716e+06 1.89134e+06 1.8574e+06 1.83361e+06 1.81673e+06 1.80459e+06 1.79573e+06 1.78918e+06 1.78427e+06 1.78055e+06 1.77769e+06 1.77547e+06 1.77373e+06 1.77237e+06 1.77128e+06 1.77041e+06 1.76971e+06 1.76915e+06 1.7687e+06 1.76833e+06 1.76803e+06 1.76779e+06 1.76759e+06 1.76743e+06 1.7673e+06 1.76719e+06 1.7671e+06 1.76703e+06 1.76697e+06 1.76692e+06 1.76688e+06 1.76685e+06 1.76683e+06 1.7668e+06 1.76679e+06 1.76677e+06 1.76676e+06 1.76675e+06 1.76674e+06 1.76674e+06 1.76673e+06 1.76673e+06 1.76672e+06 1.76672e+06 1.76672e+06 1.76672e+06 1.76671e+06 1.76671e+06 1.76671e+06 1.76671e+06 1.76671e+06 1.76671e+06 1.76671e+06 1.76671e+06 1.76671e+06 1.76671e+06 1.76671e+06 1.76671e+06 1.76671e+06 1.76671e+06 1.76671e+06 1.76671e+06 1.76671e+06 1.76671e+06 1.76671e+06 1.76671e+06 1.76671e+06 1.76671e+06 1.76671e+06 1.76671e+06 1.76671e+06 1.76671e+06 1.76671e+06 1.76671e+06 1.76671e+06 1.76671e+06 1.76671e+06 1.76671e+06 1.76671e+06 1.76671e+06 1.76671e+06 1.76671e+06 1.76671e+06 1.76671e+06 1.76671e+06 1.76671e+06 1.76671e+06 0 0 0 0 0 0 0 0 0 0 0 0 0 0 0 0 0 0 0 0 0 0 0 0 0
#obs cpue bio
 9108.41 6381.26 7014.28 5278.85 11329.3 18382 19784.3 30380.4 36228.3 63012.9 63768.7 97250.8 86767.6 134755 133960 105350 81495.1 96504.4 128459 121578 136276 100908 123998 94888.5 98746.5 119143 120553 96973.7 84749.7
#pred surv len freq
 1.01995e-11 1.10754e-09 7.09057e-08 2.67634e-06 5.95583e-05 0.000781446 0.0060461 0.0276061 0.0746781 0.122043 0.131594 0.122367 0.125569 0.119039 0.0920108 0.0649312 0.043835 0.0272151 0.0161502 0.00965979 0.00604278 0.00411417 0.00301209 0.00209011 0.00115237
 5.92951e-12 6.43874e-10 4.12214e-08 1.55591e-06 3.4625e-05 0.000454326 0.00351604 0.0160747 0.0437678 0.0738132 0.0902131 0.110179 0.140515 0.14508 0.118773 0.090082 0.0656431 0.0436365 0.0263935 0.0146697 0.0078057 0.00430071 0.00259422 0.00160416 0.000848348
 1.05345e-11 1.14392e-09 7.3235e-08 2.76426e-06 6.15146e-05 0.000807101 0.00624407 0.028498 0.0769261 0.124392 0.128005 0.104298 0.0941309 0.0921557 0.0864958 0.0786535 0.0649301 0.047274 0.0310604 0.0182342 0.00948977 0.0045429 0.00218004 0.00109913 0.00051926
 1.50563e-11 1.63494e-09 1.0467e-07 3.95078e-06 8.79189e-05 0.00115353 0.00892383 0.0407202 0.109804 0.176631 0.177357 0.132475 0.101879 0.0814016 0.0547349 0.0342228 0.0249685 0.0202022 0.0152972 0.0100289 0.00561923 0.00269782 0.00114683 0.00046361 0.000180113
 1.36302e-11 1.48008e-09 9.47561e-08 3.57657e-06 7.95916e-05 0.00104429 0.00807924 0.0368786 0.0996145 0.161611 0.168719 0.14288 0.130219 0.110415 0.0692198 0.0337501 0.0159246 0.00841883 0.00526634 0.00361828 0.00228613 0.00120359 0.000519322 0.000188958 6.04743e-05
 1.57532e-11 1.71061e-09 1.09515e-07 4.13364e-06 9.19882e-05 0.00120692 0.00933696 0.0426071 0.114916 0.185047 0.186712 0.141816 0.111806 0.0897329 0.0579984 0.030941 0.0153538 0.00693071 0.00287759 0.00129398 0.00068968 0.000376753 0.000176092 6.53668e-05 1.92464e-05
 1.62812e-11 1.76794e-09 1.13185e-07 4.27218e-06 9.50713e-05 0.00124738 0.00965003 0.0440382 0.118811 0.191598 0.194618 0.151002 0.121673 0.0943463 0.0516296 0.0173714 0.00347548 0.000410637 2.86149e-05 1.1758e-06 2.8526e-08 4.24889e-10 1.10616e-11 2.91745e-12 8.64555e-13
 1.60363e-11 1.74135e-09 1.11483e-07 4.20792e-06 9.36412e-05 0.00122861 0.00950493 0.0433774 0.117046 0.188901 0.192574 0.151217 0.123969 0.0969641 0.0531814 0.0179019 0.00358195 0.000423223 2.94918e-05 1.21171e-06 2.93521e-08 4.19198e-10 3.5297e-12 1.75225e-14 5.12853e-17
 1.66388e-11 1.80678e-09 1.15672e-07 4.36602e-06 9.71596e-05 0.00127477 0.00986189 0.0450031 0.121387 0.195537 0.197603 0.150687 0.11832 0.0905238 0.0493636 0.0165967 0.00332001 0.000392256 2.73336e-05 1.12304e-06 2.72041e-08 3.88521e-10 3.2714e-12 1.62402e-14 4.75322e-17
 1.65571e-11 1.7979e-09 1.15103e-07 4.34458e-06 9.66823e-05 0.00126851 0.00981347 0.0447826 0.120798 0.194637 0.196921 0.150759 0.119086 0.0913974 0.0498815 0.0167738 0.00335554 0.000396457 2.76264e-05 1.13506e-06 2.74955e-08 3.92682e-10 3.30644e-12 1.64141e-14 4.80412e-17
 1.7043e-11 1.85066e-09 1.18481e-07 4.47207e-06 9.95194e-05 0.00130573 0.0101013 0.0460935 0.124298 0.199987 0.200976 0.150332 0.114531 0.0862042 0.046803 0.0157214 0.00314433 0.000371486 2.58861e-05 1.06356e-06 2.57634e-08 3.67945e-10 3.09815e-12 1.53801e-14 4.50149e-17
 1.64298e-11 1.78408e-09 1.14219e-07 4.31118e-06 9.59392e-05 0.00125876 0.00973808 0.0444392 0.119881 0.193235 0.195859 0.150871 0.120279 0.0927577 0.0506879 0.0170494 0.00341087 0.000402997 2.80822e-05 1.15379e-06 2.79491e-08 3.99162e-10 3.36099e-12 1.6685e-14 4.88339e-17
 1.68555e-11 1.83031e-09 1.17178e-07 4.42288e-06 9.84248e-05 0.00129137 0.00999026 0.0455878 0.122948 0.197923 0.199412 0.150497 0.116288 0.0882078 0.0479907 0.0161274 0.00322582 0.00038112 2.65575e-05 1.09115e-06 2.64316e-08 3.77489e-10 3.17851e-12 1.57791e-14 4.61825e-17
 1.61687e-11 1.75573e-09 1.12403e-07 4.24266e-06 9.44144e-05 0.00123876 0.00958338 0.0437347 0.118 0.19036 0.19368 0.1511 0.122728 0.0955487 0.0523424 0.0176151 0.00352438 0.000416418 2.90175e-05 1.19222e-06 2.888e-08 4.12456e-10 3.47294e-12 1.72407e-14 5.04604e-17
 1.58266e-11 1.71858e-09 1.10025e-07 4.15289e-06 9.24168e-05 0.00121255 0.00938071 0.0428117 0.115536 0.186592 0.190824 0.151401 0.125935 0.0992053 0.05451 0.0183561 0.0036731 0.000434 3.02428e-05 1.24257e-06 3.00996e-08 4.29874e-10 3.61959e-12 1.79687e-14 5.25913e-17
 1.56195e-11 1.69609e-09 1.08585e-07 4.09854e-06 9.12073e-05 0.00119668 0.009258 0.0422528 0.114043 0.184311 0.189096 0.151583 0.127877 0.101419 0.0558225 0.0188047 0.00376315 0.000444646 3.09848e-05 1.27305e-06 3.0838e-08 4.4042e-10 3.70839e-12 1.84096e-14 5.38815e-17
 1.63906e-11 1.77982e-09 1.13946e-07 4.30088e-06 9.57099e-05 0.00125575 0.00971482 0.0443333 0.119598 0.192803 0.195531 0.150905 0.120647 0.0931773 0.0509367 0.0171345 0.00342793 0.000405015 2.82228e-05 1.15957e-06 2.80891e-08 4.01161e-10 3.37783e-12 1.67685e-14 4.90785e-17
 1.72474e-11 1.87286e-09 1.19902e-07 4.5257e-06 0.000100713 0.00132139 0.0102224 0.046645 0.125771 0.202238 0.202682 0.150152 0.112615 0.0840196 0.0455079 0.0152786 0.00305548 0.000360981 2.5154e-05 1.03348e-06 2.50348e-08 3.57539e-10 3.01053e-12 1.49452e-14 4.37418e-17
 1.65939e-11 1.8019e-09 1.15359e-07 4.35423e-06 9.68971e-05 0.00127133 0.00983527 0.0448819 0.121063 0.195042 0.197228 0.150727 0.118741 0.0910042 0.0496484 0.0166941 0.00333955 0.000394566 2.74946e-05 1.12965e-06 2.73643e-08 3.90809e-10 3.29067e-12 1.63358e-14 4.78121e-17
 1.68842e-11 1.83342e-09 1.17377e-07 4.4304e-06 9.85923e-05 0.00129357 0.0100072 0.0456651 0.123154 0.198239 0.199651 0.150471 0.11602 0.0879014 0.0478091 0.0160653 0.00321335 0.000379646 2.64548e-05 1.08693e-06 2.63294e-08 3.76029e-10 3.16622e-12 1.5718e-14 4.60039e-17
 1.7044e-11 1.85077e-09 1.18488e-07 4.47233e-06 9.95253e-05 0.00130581 0.0101019 0.0460962 0.124306 0.199998 0.200984 0.150331 0.114521 0.0861935 0.0467966 0.0157192 0.00314389 0.000371434 2.58825e-05 1.06341e-06 2.57598e-08 3.67894e-10 3.09772e-12 1.5378e-14 4.50086e-17
 1.81767e-11 1.97377e-09 1.26363e-07 4.76957e-06 0.00010614 0.00139259 0.010773 0.0491525 0.132466 0.212473 0.210438 0.149335 0.103901 0.0740861 0.0396193 0.0132656 0.00265147 0.000313217 2.18253e-05 8.96713e-07 2.17217e-08 3.10223e-10 2.61212e-12 1.29673e-14 3.7953e-17
 1.79157e-11 1.94543e-09 1.24548e-07 4.70107e-06 0.000104616 0.00137259 0.0106183 0.0484482 0.130586 0.209598 0.20826 0.149564 0.106348 0.076876 0.0412732 0.013831 0.00276494 0.000326633 2.27602e-05 9.35127e-07 2.26522e-08 3.23512e-10 2.72402e-12 1.35228e-14 3.95789e-17
 1.84001e-11 1.99803e-09 1.27916e-07 4.82818e-06 0.000107444 0.0014097 0.0109053 0.0497552 0.134075 0.214933 0.212303 0.149138 0.101807 0.0716983 0.0382039 0.0127817 0.00255435 0.000301736 2.10251e-05 8.63837e-07 2.09253e-08 2.98849e-10 2.51635e-12 1.24919e-14 3.65616e-17
 1.87547e-11 2.03653e-09 1.30381e-07 4.92122e-06 0.000109515 0.00143686 0.0111154 0.0507118 0.13663 0.218837 0.215262 0.148827 0.0984824 0.0679085 0.0359572 0.0120137 0.00240022 0.000283514 1.97552e-05 8.11657e-07 1.96613e-08 2.80797e-10 2.36435e-12 1.17373e-14 3.43531e-17
 1.87145e-11 2.03217e-09 1.30102e-07 4.91069e-06 0.00010928 0.00143379 0.0110916 0.0506035 0.13634 0.218395 0.214927 0.148862 0.0988589 0.0683377 0.0362117 0.0121007 0.00241767 0.000285577 1.9899e-05 8.17566e-07 1.98045e-08 2.82841e-10 2.38156e-12 1.18228e-14 3.46032e-17
 1.82871e-11 1.98576e-09 1.2713e-07 4.79853e-06 0.000106784 0.00140104 0.0108384 0.0494503 0.133261 0.213688 0.211359 0.149238 0.102866 0.0729061 0.0389198 0.0130265 0.00260348 0.000307544 2.14299e-05 8.80467e-07 2.13281e-08 3.04602e-10 2.56479e-12 1.27324e-14 3.72654e-17
 1.86186e-11 2.02176e-09 1.29435e-07 4.88552e-06 0.00010872 0.00142644 0.0110348 0.0503448 0.13565 0.217339 0.214126 0.148946 0.0997579 0.0693627 0.0368193 0.0123084 0.00245936 0.000290506 2.02424e-05 8.31679e-07 2.01463e-08 2.87724e-10 2.42267e-12 1.20269e-14 3.52005e-17
 1.9192e-11 2.08403e-09 1.33421e-07 5.03598e-06 0.000112068 0.00147037 0.0113745 0.0518918 0.13978 0.223654 0.218912 0.148442 0.094382 0.0632339 0.0331861 0.0110664 0.00221009 0.000261036 1.81887e-05 7.47295e-07 1.81022e-08 2.58531e-10 2.17686e-12 1.08066e-14 3.16289e-17
#obs surv len freq
 2.32631e-11 2.24751e-09 1.28019e-07 4.29918e-06 8.51214e-05 0.000993678 0.0068403 0.0277907 0.0669475 0.0979955 0.0977503 0.0924475 0.103165 0.109291 0.103046 0.0923948 0.0764089 0.0560984 0.0361559 0.0198999 0.00886975 0.0029837 0.000707256 0.000112033 1.1435e-05
 4.45229e-12 4.14889e-10 2.2794e-08 7.38333e-07 1.41012e-05 0.000158846 0.00105732 0.00419916 0.0104547 0.0198835 0.0408319 0.0855323 0.136314 0.159948 0.157096 0.137354 0.103445 0.0684939 0.0412034 0.0215211 0.00899158 0.0027944 0.000608568 8.85551e-05 8.31109e-06
 9.2793e-11 8.32576e-09 4.40424e-07 1.37359e-05 0.00025257 0.00273807 0.0175006 0.0659511 0.146577 0.192408 0.150545 0.0751631 0.0383561 0.0462088 0.0681679 0.0732631 0.0565297 0.0346664 0.018524 0.00866367 0.00330812 0.00094634 0.00018923 2.52011e-05 2.16257e-06
 1.09135e-10 9.41289e-09 4.78653e-07 1.43502e-05 0.000253651 0.00264345 0.0162458 0.0589352 0.126869 0.166558 0.150918 0.130516 0.124074 0.0956851 0.0523885 0.0269767 0.0193028 0.0145066 0.00855469 0.0038328 0.00131799 0.0003379 6.11084e-05 7.40405e-06 5.79214e-07
 1.27458e-10 1.05513e-08 5.14971e-07 1.48183e-05 0.000251396 0.00251466 0.0148341 0.05167 0.106971 0.136178 0.123793 0.114872 0.122586 0.118088 0.0957535 0.0633557 0.0312024 0.0116514 0.00410222 0.00152864 0.000494222 0.000117145 1.91299e-05 2.0829e-06 1.46983e-07
 2.15966e-10 1.71345e-08 8.0149e-07 2.21036e-05 0.000359393 0.00344534 0.0194774 0.0649965 0.128698 0.155362 0.1295 0.10512 0.10258 0.0977518 0.0826713 0.0590915 0.032452 0.0131583 0.00403963 0.00100587 0.000220197 4.15987e-05 5.98476e-06 5.88838e-07 3.75398e-08
 2.69736e-10 2.04824e-08 9.16979e-07 2.42035e-05 0.000376654 0.00345603 0.0187039 0.0598121 0.114098 0.136211 0.123379 0.120904 0.126901 0.11252 0.0840791 0.0544207 0.0285907 0.0117007 0.00372321 0.000906936 0.000165952 2.29395e-05 2.41815e-06 1.88941e-07 1.0279e-08
 4.37459e-10 3.17521e-08 1.35877e-06 3.42815e-05 0.000509938 0.00447241 0.0231344 0.0706853 0.128603 0.145154 0.120842 0.107517 0.110481 0.104895 0.0859544 0.0566444 0.0275847 0.00992857 0.00279932 0.000633033 0.000110071 1.39e-05 1.23083e-06 7.53415e-08 3.16351e-09
 6.40642e-10 4.43937e-08 1.8137e-06 4.36866e-05 0.000620409 0.005195 0.0256591 0.0749102 0.130674 0.143734 0.122855 0.116152 0.117364 0.102382 0.0766669 0.0482888 0.0236443 0.00873895 0.00245546 0.000522331 8.25956e-05 9.47537e-06 7.64208e-07 4.19006e-08 1.52049e-09
 9.15114e-10 6.04726e-08 2.35603e-06 5.41181e-05 0.000732914 0.00585264 0.0275711 0.0768223 0.128331 0.137291 0.119512 0.118478 0.121872 0.10734 0.0797555 0.0472247 0.0205656 0.00658445 0.00163517 0.00032135 4.79513e-05 5.13751e-06 3.79783e-07 1.88708e-08 6.17551e-10
 1.47016e-09 9.25478e-08 3.43483e-06 7.51599e-05 0.000969649 0.00737621 0.0331026 0.0878731 0.139896 0.142824 0.119115 0.113896 0.114409 0.100054 0.0737442 0.0424455 0.0175939 0.00522978 0.00116462 0.000199897 2.61084e-05 2.50225e-06 1.68792e-07 7.71015e-09 2.31315e-10
 1.93144e-09 1.1571e-07 4.08694e-06 8.51076e-05 0.00104494 0.00756554 0.0323272 0.0818735 0.125631 0.129178 0.120103 0.128457 0.129229 0.107355 0.0745018 0.0406741 0.0161645 0.00463747 0.000989619 0.000158699 1.87459e-05 1.58667e-06 9.3861e-08 3.78605e-09 1.01564e-10
 2.80291e-09 1.59656e-07 5.36169e-06 0.00010616 0.00123929 0.00853152 0.0346681 0.0835675 0.122535 0.122407 0.114541 0.125041 0.129839 0.113842 0.0811383 0.0425812 0.01533 0.00381999 0.000698446 9.79998e-05 1.04317e-05 8.04772e-07 4.30975e-08 1.55399e-09 3.69268e-11
 3.82509e-09 2.06983e-07 6.6034e-06 0.000124206 0.00137748 0.00900966 0.0348021 0.0799531 0.113146 0.114413 0.11644 0.133591 0.137237 0.117376 0.0814319 0.0417509 0.014873 0.00370484 0.000666577 8.77814e-05 8.36109e-06 5.65511e-07 2.66597e-08 8.56327e-10 1.8269e-11
 4.97709e-09 2.55651e-07 7.74213e-06 0.000138235 0.00145531 0.00903717 0.0331659 0.0726496 0.0996857 0.103514 0.115284 0.139482 0.146971 0.128426 0.0883531 0.0433469 0.014474 0.00336121 0.000568563 7.13705e-05 6.49925e-06 4.14e-07 1.7918e-08 5.16408e-10 9.76374e-12
 8.98926e-09 4.37999e-07 1.25824e-05 0.000213106 0.00212815 0.0125349 0.0436191 0.0904375 0.116474 0.110466 0.110445 0.126587 0.13373 0.118598 0.0807995 0.0383872 0.0123216 0.00274612 0.000443013 5.2436e-05 4.4665e-06 2.6587e-07 1.07694e-08 2.89966e-10 5.08446e-12
 1.38922e-08 6.417e-07 1.74757e-05 0.000280597 0.00265655 0.0148364 0.0489896 0.0967398 0.120668 0.116648 0.122579 0.136448 0.130506 0.103492 0.0648967 0.0294446 0.00931868 0.00209335 0.000340843 3.99352e-05 3.28309e-06 1.84882e-07 6.99649e-09 1.7487e-10 2.83969e-12
 1.80058e-08 7.88064e-07 2.03354e-05 0.000309382 0.00277553 0.0146922 0.0460416 0.0868342 0.106354 0.10883 0.125544 0.144737 0.140314 0.112031 0.0691998 0.0304763 0.00938509 0.00207575 0.000336175 3.92755e-05 3.20299e-06 1.76933e-07 6.47108e-09 1.53954e-10 2.3496e-12
 3.11936e-08 1.29306e-06 3.1602e-05 0.000455366 0.00386909 0.0193964 0.0575449 0.102567 0.117805 0.11104 0.118975 0.13389 0.131412 0.105317 0.0628301 0.0258552 0.00729379 0.00147006 0.000219566 2.41714e-05 1.89155e-06 1.01223e-07 3.5932e-09 8.2712e-11 1.2139e-12
 4.77426e-08 1.87379e-06 4.33589e-05 0.000591549 0.00475914 0.0225962 0.0635687 0.108061 0.121204 0.117561 0.128973 0.137811 0.123448 0.091025 0.0517371 0.021085 0.00607165 0.00125484 0.000186664 1.96509e-05 1.43367e-06 7.11607e-08 2.35788e-09 5.11035e-11 7.10701e-13
 6.49232e-08 2.41198e-06 5.28312e-05 0.00068229 0.00519645 0.0233658 0.0623692 0.101486 0.112793 0.115923 0.134382 0.144704 0.129071 0.0933098 0.0506955 0.0194576 0.00528868 0.00104965 0.000153114 1.59566e-05 1.1439e-06 5.47577e-08 1.71485e-09 3.46253e-11 4.4567e-13
 1.04365e-07 3.66961e-06 7.60728e-05 0.000929828 0.00670257 0.0285263 0.0720925 0.1112 0.117669 0.116225 0.130872 0.13915 0.123784 0.0874743 0.0448738 0.0157913 0.00385077 0.000679988 8.92737e-05 8.5753e-06 5.79546e-07 2.65279e-08 7.9823e-10 1.54415e-11 1.88958e-13
 1.48677e-07 4.94736e-06 9.70617e-05 0.00112278 0.00766054 0.0308768 0.0740987 0.10986 0.116596 0.12221 0.140347 0.142769 0.119075 0.079273 0.0388885 0.013311 0.0031888 0.000547573 6.78063e-05 5.95798e-06 3.6326e-07 1.50463e-08 4.14473e-10 7.43302e-12 8.51365e-14
 2.096e-07 6.60058e-06 0.000122552 0.00134165 0.00866408 0.0330697 0.0753294 0.107115 0.112774 0.121886 0.142038 0.144876 0.121076 0.0791407 0.0372167 0.0120835 0.00275048 0.000452121 5.38444e-05 4.52962e-06 2.60803e-07 1.00227e-08 2.5235e-10 4.10222e-12 4.25347e-14
 3.06107e-07 9.1232e-06 0.000160314 0.00166108 0.0101536 0.0367046 0.0793931 0.108402 0.113265 0.124812 0.144634 0.144281 0.117292 0.0736519 0.0329128 0.0101131 0.00217657 0.000337836 3.79274e-05 3.00689e-06 1.63265e-07 5.91297e-09 1.39797e-10 2.12019e-12 2.03461e-14
 3.7902e-07 1.0692e-05 0.000177833 0.00174419 0.0100958 0.0346163 0.0715747 0.0964602 0.107929 0.131727 0.156518 0.153251 0.120801 0.0727818 0.0310256 0.00910258 0.00187469 0.00027772 2.95287e-05 2.19909e-06 1.11556e-07 3.76514e-09 8.28997e-11 1.17091e-12 1.04629e-14
 4.92098e-07 1.31408e-05 0.000206898 0.00192106 0.0105295 0.0342311 0.0674916 0.0886919 0.101646 0.129237 0.157493 0.15938 0.128781 0.0771315 0.0320164 0.00911315 0.00182471 0.00026205 2.67598e-05 1.89334e-06 9.04191e-08 2.85302e-09 5.84309e-11 7.65128e-13 6.32644e-15
 8.75003e-07 2.21212e-05 0.000329736 0.00289844 0.015038 0.0462468 0.085988 0.105232 0.109491 0.127188 0.147471 0.145279 0.114054 0.0657321 0.0262045 0.00720549 0.00140251 0.00019585 1.93367e-05 1.31248e-06 5.96613e-08 1.77872e-09 3.41943e-11 4.17978e-13 3.21214e-15
 9.94516e-07 2.38068e-05 0.000336023 0.00279756 0.013762 0.0403288 0.073042 0.0940914 0.116103 0.151236 0.169181 0.150148 0.105744 0.0558395 0.0207986 0.00541339 0.00100562 0.000134542 1.27309e-05 8.26602e-07 3.58248e-08 1.01402e-09 1.84221e-11 2.11857e-13 1.52542e-15
#pred catch len freq
 3.40671e-13 3.69929e-11 2.36836e-09 8.94016e-08 1.9904e-06 2.61751e-05 0.000204873 0.000990284 0.00343134 0.0116686 0.0407279 0.10725 0.180817 0.196199 0.155774 0.110359 0.0745214 0.046263 0.0274517 0.0164188 0.0102708 0.00699279 0.0051196 0.00355253 0.00195866
 1.65106e-13 1.79287e-11 1.14785e-09 4.33331e-08 9.65159e-07 1.27198e-05 0.000100638 0.000511298 0.00209374 0.00914602 0.0364585 0.099599 0.170045 0.187916 0.155788 0.118336 0.0862258 0.0573122 0.0346628 0.0192652 0.0102508 0.00564789 0.00340684 0.00210665 0.00111409
 4.1428e-13 4.49859e-11 2.88007e-09 1.08714e-07 2.41987e-06 3.17904e-05 0.000247545 0.00116709 0.00366238 0.0100583 0.0298209 0.0751206 0.129115 0.153529 0.149489 0.136508 0.112704 0.0820492 0.0539053 0.0316446 0.0164689 0.0078839 0.0037833 0.00190746 0.00090114
 9.46202e-13 1.02746e-10 6.57796e-09 2.48293e-07 5.52633e-06 7.25695e-05 0.000563853 0.00262991 0.00787412 0.0189863 0.0488417 0.114929 0.186378 0.192435 0.137029 0.086485 0.0631311 0.0510705 0.0386682 0.0253507 0.0142039 0.00681937 0.00289889 0.00117188 0.000455278
 7.67434e-13 8.33343e-11 5.33519e-09 2.01387e-07 4.48275e-06 5.8894e-05 0.000458714 0.00216545 0.00683168 0.019004 0.0568186 0.141594 0.231163 0.233119 0.151678 0.0744309 0.0351301 0.0185653 0.0116114 0.00797729 0.00504022 0.00265354 0.00114494 0.000416594 0.000133327
 6.84457e-12 7.43239e-10 4.75829e-08 1.79602e-06 3.99685e-05 0.000524449 0.00405902 0.0185642 0.0506426 0.0861775 0.108733 0.139643 0.179965 0.174317 0.117581 0.063124 0.0313065 0.0141212 0.00586131 0.00263539 0.00140459 0.000767286 0.000358623 0.000133124 3.91967e-05
 9.39456e-12 1.02014e-09 6.53101e-08 2.46514e-06 5.48587e-05 0.000719811 0.00557026 0.0254577 0.0691987 0.115761 0.137144 0.157057 0.186239 0.167954 0.0952643 0.0322881 0.0064692 0.000764569 5.32814e-05 2.18937e-06 5.3116e-08 7.90974e-10 2.05183e-11 5.40245e-12 1.60091e-12
 9.14469e-12 9.93004e-10 6.35731e-08 2.39957e-06 5.33997e-05 0.000700669 0.00542223 0.0247835 0.0673986 0.113009 0.135058 0.157277 0.188582 0.170625 0.0968475 0.0328294 0.00657782 0.00077741 5.41757e-05 2.2259e-06 5.39197e-08 7.70066e-10 6.48406e-12 3.21888e-14 9.4211e-17
 1.03563e-11 1.12457e-09 7.19958e-08 2.71749e-06 6.04743e-05 0.000793484 0.00613999 0.0280524 0.0761269 0.126351 0.14517 0.156211 0.177223 0.157675 0.0891708 0.030205 0.00605113 0.000715142 4.98361e-05 2.0476e-06 4.96006e-08 7.08382e-10 5.96467e-12 2.96104e-14 8.66644e-17
 1.06088e-11 1.15199e-09 7.37512e-08 2.78375e-06 6.19488e-05 0.000812828 0.00628958 0.0287337 0.077946 0.129132 0.147277 0.155989 0.174855 0.154976 0.0875709 0.0296581 0.00594136 0.000702164 4.89317e-05 2.01044e-06 4.87004e-08 6.95526e-10 5.85642e-12 2.9073e-14 8.50915e-17
 1.16226e-11 1.26207e-09 8.0799e-08 3.04976e-06 6.78685e-05 0.000890492 0.00689017 0.031469 0.0852494 0.140296 0.155738 0.155098 0.16535 0.14414 0.0811473 0.0274622 0.00550065 0.000650062 4.53006e-05 1.86125e-06 4.50864e-08 6.43911e-10 5.42182e-12 2.69155e-14 7.87769e-17
 1.19175e-11 1.2941e-09 8.28496e-08 3.12716e-06 6.95909e-05 0.000913088 0.00706491 0.0322648 0.0873743 0.143544 0.1582 0.154839 0.162585 0.140987 0.0792784 0.0268233 0.00537243 0.000634902 4.42441e-05 1.81784e-06 4.40349e-08 6.28894e-10 5.29537e-12 2.62878e-14 7.69397e-17
 1.17605e-11 1.27706e-09 8.17583e-08 3.08597e-06 6.86743e-05 0.000901062 0.00697191 0.0318413 0.0862435 0.141816 0.15689 0.154977 0.164057 0.142665 0.0802731 0.0271633 0.00544067 0.00064297 4.48064e-05 1.84094e-06 4.45945e-08 6.36886e-10 5.36267e-12 2.66219e-14 7.79175e-17
 1.13387e-11 1.23124e-09 7.88253e-08 2.97527e-06 6.62108e-05 0.000868743 0.00672198 0.030703 0.0832041 0.13717 0.153369 0.155348 0.168012 0.147174 0.0829462 0.0280771 0.00562407 0.000664653 4.63175e-05 1.90303e-06 4.60985e-08 6.58366e-10 5.54353e-12 2.75197e-14 8.05453e-17
 1.09115e-11 1.18486e-09 7.58556e-08 2.86317e-06 6.37163e-05 0.000836017 0.00646891 0.0295504 0.0801267 0.132465 0.149804 0.155723 0.172017 0.15174 0.0856529 0.0290024 0.00580977 0.000686607 4.78475e-05 1.96589e-06 4.76213e-08 6.80115e-10 5.72666e-12 2.84288e-14 8.32061e-17
 1.16538e-11 1.26546e-09 8.10162e-08 3.05796e-06 6.80509e-05 0.000892885 0.00690868 0.0315533 0.0854744 0.14064 0.155999 0.155071 0.165057 0.143806 0.0809494 0.0273945 0.00548707 0.000648456 4.51887e-05 1.85665e-06 4.4975e-08 6.42321e-10 5.40843e-12 2.6849e-14 7.85824e-17
 1.29661e-11 1.40796e-09 9.01392e-08 3.40231e-06 7.57138e-05 0.000993416 0.00768611 0.0350939 0.0949283 0.155092 0.166951 0.153917 0.152754 0.12978 0.0726345 0.024552 0.0049166 0.000581012 4.04884e-05 1.66353e-06 4.02969e-08 5.75508e-10 4.84586e-12 2.40563e-14 7.04084e-17
 1.27903e-11 1.38888e-09 8.89172e-08 3.35618e-06 7.46874e-05 0.000979951 0.00758197 0.0346197 0.093662 0.153156 0.165484 0.154071 0.154402 0.131658 0.0737482 0.0249328 0.00499301 0.000590046 4.1118e-05 1.6894e-06 4.09235e-08 5.84458e-10 4.92121e-12 2.44304e-14 7.15033e-17
 1.29728e-11 1.40869e-09 9.01856e-08 3.40406e-06 7.57528e-05 0.000993928 0.00769007 0.035112 0.0949765 0.155165 0.167007 0.153911 0.152691 0.129708 0.0725922 0.0245375 0.00491369 0.000580668 4.04644e-05 1.66254e-06 4.0273e-08 5.75168e-10 4.84299e-12 2.40421e-14 7.03668e-17
 1.40958e-11 1.53064e-09 9.79927e-08 3.69874e-06 8.23103e-05 0.00107996 0.00835536 0.0381419 0.103067 0.167532 0.17638 0.152923 0.142162 0.117705 0.0654766 0.022105 0.0044255 0.000522952 3.64421e-05 1.49728e-06 3.62696e-08 5.17993e-10 4.36157e-12 2.16521e-14 6.33719e-17
 1.40467e-11 1.5253e-09 9.76514e-08 3.68586e-06 8.20237e-05 0.0010762 0.00832628 0.0380095 0.102713 0.166992 0.17597 0.152966 0.142622 0.118229 0.0657876 0.0222114 0.00444684 0.000525475 3.66179e-05 1.5045e-06 3.64446e-08 5.20492e-10 4.38261e-12 2.17566e-14 6.36776e-17
 1.47959e-11 1.60665e-09 1.02859e-07 3.88243e-06 8.63981e-05 0.00113359 0.00877009 0.0400307 0.10811 0.175241 0.182222 0.152308 0.135599 0.110222 0.0610409 0.0205887 0.00412117 0.000486973 3.39347e-05 1.39425e-06 3.3774e-08 4.82351e-10 4.06146e-12 2.01623e-14 5.90114e-17
 1.61012e-11 1.7484e-09 1.11934e-07 4.22495e-06 9.40202e-05 0.00123359 0.00954339 0.0435526 0.117514 0.189616 0.193116 0.15116 0.12336 0.0962703 0.0527702 0.0177613 0.00355373 0.000419887 2.92593e-05 1.20216e-06 2.91207e-08 4.15893e-10 3.50188e-12 1.73843e-14 5.08809e-17
 1.6307e-11 1.77075e-09 1.13365e-07 4.27895e-06 9.5222e-05 0.00124935 0.00966532 0.0441079 0.118996 0.191883 0.194834 0.150979 0.121431 0.0940704 0.0514661 0.0173155 0.00346426 0.000409309 2.85221e-05 1.17187e-06 2.8387e-08 4.05414e-10 3.41364e-12 1.69463e-14 4.95989e-17
 1.69255e-11 1.83791e-09 1.17665e-07 4.44126e-06 9.88338e-05 0.00129674 0.0100317 0.0457767 0.123452 0.198694 0.199996 0.150435 0.115632 0.0874593 0.047547 0.0159757 0.00319537 0.000377521 2.63067e-05 1.08084e-06 2.6182e-08 3.73924e-10 3.14849e-12 1.563e-14 4.57463e-17
 1.70303e-11 1.84928e-09 1.18393e-07 4.46874e-06 9.94453e-05 0.00130476 0.0100938 0.0460593 0.124207 0.199847 0.20087 0.150343 0.11465 0.0863399 0.0468834 0.0157489 0.00314984 0.000372138 2.59316e-05 1.06543e-06 2.58086e-08 3.68591e-10 3.10359e-12 1.54071e-14 4.50939e-17
 1.67986e-11 1.82412e-09 1.16782e-07 4.40794e-06 9.80924e-05 0.00128701 0.00995653 0.0454341 0.122538 0.197296 0.198936 0.150547 0.116822 0.0888164 0.0483515 0.0162507 0.00325057 0.000384046 2.67615e-05 1.09953e-06 2.66346e-08 3.80388e-10 3.20292e-12 1.59002e-14 4.65371e-17
 1.72974e-11 1.87829e-09 1.2025e-07 4.53884e-06 0.000101005 0.00132523 0.0102521 0.0467801 0.126131 0.202789 0.2031 0.150108 0.112145 0.0834843 0.0451906 0.0151702 0.00303371 0.000358408 2.49747e-05 1.02611e-06 2.48562e-08 3.5499e-10 2.98906e-12 1.48386e-14 4.34299e-17
 1.81488e-11 1.97074e-09 1.26169e-07 4.76224e-06 0.000105977 0.00139045 0.0107564 0.0490772 0.132265 0.212165 0.210205 0.149359 0.104163 0.0743843 0.0397961 0.013326 0.0026636 0.000314652 2.19252e-05 9.0082e-07 2.18212e-08 3.11644e-10 2.62408e-12 1.30267e-14 3.81269e-17
#obs catch len freq
 1.67179e-11 1.61516e-09 9.20002e-08 3.08959e-06 6.11722e-05 0.000714114 0.00491623 0.0199824 0.0482504 0.0714937 0.0751702 0.0803674 0.100327 0.11629 0.120661 0.114068 0.0938455 0.0677261 0.0441136 0.0251728 0.0116603 0.00403278 0.000972383 0.000155667 1.60067e-05
 1.59974e-11 1.49072e-09 8.19001e-08 2.65284e-06 5.06622e-05 0.00057048 0.00378945 0.0148852 0.0350299 0.0527084 0.0644431 0.089058 0.122438 0.13505 0.127638 0.113897 0.0932283 0.0675741 0.0428133 0.0229743 0.00986814 0.00316011 0.000705963 0.000104632 9.94243e-06
 1.35887e-12 1.21924e-10 6.44975e-09 2.01173e-07 3.70099e-06 4.02336e-05 0.00026101 0.00106212 0.00330372 0.0110349 0.0368816 0.0895766 0.144042 0.166915 0.162349 0.140151 0.104086 0.0681529 0.0403671 0.0205215 0.00824225 0.002435 0.000499431 6.79652e-05 5.93589e-06
 2.0568e-11 1.77399e-09 9.02089e-08 2.7045e-06 4.7804e-05 0.000498193 0.00306168 0.0111058 0.0238976 0.0313642 0.029113 0.032086 0.0606237 0.121982 0.184485 0.192601 0.144862 0.0872879 0.0458681 0.020906 0.00767578 0.00208565 0.000392455 4.88557e-05 3.90027e-06
 5.26834e-11 4.36126e-09 2.12858e-07 6.12507e-06 0.000103918 0.00103973 0.00614183 0.0215498 0.0463359 0.0700461 0.103728 0.165353 0.204581 0.163626 0.0888164 0.0466919 0.0339775 0.0249701 0.0142468 0.00616297 0.00203362 0.000495376 8.43238e-05 9.54945e-06 6.94877e-07
 1.47932e-10 1.17368e-08 5.49004e-07 1.51405e-05 0.00024618 0.00236016 0.0133467 0.0446128 0.0891193 0.112423 0.110915 0.121624 0.140235 0.135392 0.108132 0.0696819 0.0332458 0.0121801 0.00428444 0.00157008 0.000486806 0.000109299 1.67841e-05 1.70826e-06 1.12151e-07
 2.82686e-10 2.14657e-08 9.61001e-07 2.53654e-05 0.000394734 0.00362186 0.0195993 0.0626394 0.119133 0.140139 0.120265 0.108599 0.112907 0.107956 0.0901531 0.0628937 0.0334497 0.0131214 0.00390838 0.000948878 0.00020213 3.65967e-05 4.9674e-06 4.56944e-07 2.71009e-08
 3.27033e-10 2.37371e-08 1.01578e-06 2.5628e-05 0.000381223 0.00334377 0.0173033 0.0529818 0.0974735 0.116038 0.115457 0.130296 0.142917 0.125726 0.0926574 0.0587565 0.0300207 0.0119197 0.00366862 0.000860128 0.000150935 1.99461e-05 1.99746e-06 1.46883e-07 7.45807e-09
 5.82786e-10 4.03845e-08 1.6499e-06 3.97413e-05 0.000564381 0.00472588 0.0233429 0.0681619 0.119028 0.131615 0.114774 0.112973 0.120605 0.113816 0.0915091 0.0584784 0.0274866 0.00957856 0.00262033 0.000571966 9.5159e-05 1.14154e-05 9.55274e-07 5.50125e-08 2.16261e-09
 9.12996e-10 6.03326e-08 2.35057e-06 5.39929e-05 0.000731218 0.00583912 0.0275079 0.0766546 0.128121 0.137406 0.120436 0.119802 0.121663 0.104566 0.0769617 0.0472166 0.0223696 0.00798805 0.00216432 0.00044214 6.68018e-05 7.27999e-06 5.5442e-07 2.85531e-08 9.69173e-10
 1.34712e-09 8.48024e-08 3.14737e-06 6.88697e-05 0.000888504 0.00675913 0.0303381 0.0806009 0.128861 0.134138 0.118597 0.120982 0.123596 0.106909 0.0776608 0.0444841 0.0186548 0.00576855 0.00138628 0.000262292 3.73629e-05 3.79425e-06 2.64442e-07 1.23345e-08 3.77492e-10
 2.2011e-09 1.31865e-07 4.65754e-06 9.69897e-05 0.00119082 0.00862115 0.036826 0.0931116 0.141672 0.14032 0.118035 0.115292 0.114799 0.0985683 0.0708589 0.0393339 0.0156523 0.00447584 0.000960798 0.000158572 1.97969e-05 1.80128e-06 1.14621e-07 4.91309e-09 1.37765e-10
 2.98593e-09 1.70081e-07 5.71178e-06 0.000113091 0.00132022 0.00908859 0.0369315 0.0890204 0.130503 0.130175 0.120816 0.128492 0.126289 0.102594 0.0693972 0.0365441 0.0139425 0.00384436 0.00078868 0.000121158 1.36376e-05 1.09435e-06 6.1078e-08 2.31366e-09 5.80473e-11
 4.38314e-09 2.3718e-07 7.56678e-06 0.000142327 0.00157842 0.0103231 0.0398583 0.0913678 0.12791 0.123882 0.115394 0.124844 0.126819 0.108631 0.0749406 0.03765 0.0129385 0.00308859 0.000543192 7.32037e-05 7.4357e-06 5.43555e-07 2.74295e-08 9.28005e-10 2.06193e-11
 6.10705e-09 3.13692e-07 9.49983e-06 0.000169618 0.00178566 0.0110872 0.0406631 0.0887807 0.119915 0.117465 0.117939 0.132454 0.132547 0.11061 0.0742157 0.0364314 0.0123942 0.002954 0.000508864 6.39919e-05 5.7968e-06 3.71349e-07 1.65098e-08 4.97917e-10 9.93449e-12
 8.09103e-09 3.94233e-07 1.13251e-05 0.000191813 0.00191556 0.0112843 0.0392947 0.0817604 0.107071 0.107654 0.117507 0.13837 0.14194 0.120681 0.0798968 0.0373927 0.0119017 0.00264367 0.000428475 5.13709e-05 4.44234e-06 2.67309e-07 1.08839e-08 2.94113e-10 5.19878e-12
 1.46083e-08 6.74778e-07 1.83765e-05 0.000295059 0.00279339 0.0155985 0.051469 0.101272 0.124237 0.11362 0.111117 0.124289 0.12806 0.110225 0.0719993 0.0325641 0.00995397 0.00211965 0.000327071 3.6914e-05 2.98325e-06 1.67677e-07 6.38629e-09 1.61088e-10 2.63805e-12
 2.23867e-08 9.79804e-07 2.5283e-05 0.000384652 0.00345062 0.0182612 0.057153 0.107111 0.127493 0.119435 0.122892 0.132914 0.123657 0.0953441 0.0575293 0.0249242 0.00752803 0.00161627 0.00025117 2.79683e-05 2.17525e-06 1.15437e-07 4.10256e-09 9.59914e-11 1.45517e-12
 2.99142e-08 1.24003e-06 3.03059e-05 0.000436693 0.00371054 0.0186041 0.0552332 0.0987859 0.115176 0.113169 0.12585 0.139999 0.131826 0.102023 0.0604454 0.0253912 0.00746497 0.00157889 0.000244002 2.70623e-05 2.08425e-06 1.08272e-07 3.71121e-09 8.25154e-11 1.17414e-12
 5.12356e-08 2.01088e-06 4.65311e-05 0.000634822 0.00510702 0.0242419 0.0681137 0.115089 0.125796 0.113941 0.118106 0.128774 0.122841 0.0950332 0.054128 0.0211784 0.00569439 0.00109774 0.000156708 1.64032e-05 1.21298e-06 6.1022e-08 2.0283e-09 4.35838e-11 5.95668e-13
 7.84456e-08 2.91435e-06 6.38348e-05 0.000824383 0.00627814 0.028218 0.0751668 0.121112 0.129236 0.12015 0.12672 0.130555 0.113545 0.081036 0.0441411 0.0171602 0.00471496 0.000929497 0.000131487 1.31091e-05 9.02283e-07 4.2098e-08 1.30649e-09 2.64345e-11 3.42262e-13
 1.09703e-07 3.8573e-06 7.99636e-05 0.000977383 0.00704527 0.0299829 0.0757493 0.116659 0.122639 0.119058 0.130961 0.135458 0.117055 0.0815894 0.0423515 0.0154899 0.00402069 0.000762537 0.000105875 1.04396e-05 7.04423e-07 3.16148e-08 9.25478e-10 1.74246e-11 2.08691e-13
 1.7533e-07 5.83425e-06 0.000114461 0.00132401 0.00903222 0.0363801 0.0870094 0.126976 0.126925 0.118147 0.126184 0.129031 0.111044 0.0753419 0.0367815 0.0122966 0.00285804 0.000482319 6.03873e-05 5.49985e-06 3.50286e-07 1.50353e-08 4.22625e-10 7.6152e-12 8.66113e-14
 2.50956e-07 7.90292e-06 0.000146731 0.00160632 0.0103719 0.0395622 0.0898349 0.125907 0.125824 0.123589 0.134155 0.131029 0.105682 0.0676073 0.0316065 0.0102887 0.00234758 0.000383993 4.5162e-05 3.7532e-06 2.15554e-07 8.37779e-09 2.15761e-10 3.60601e-12 3.83915e-14
 3.59837e-07 1.07245e-05 0.000188451 0.00195255 0.0119332 0.0431019 0.0928587 0.12454 0.122513 0.122684 0.134547 0.131728 0.106221 0.0664793 0.0297282 0.00917404 0.00198946 0.000311574 3.52196e-05 2.79762e-06 1.51409e-07 5.44976e-09 1.28136e-10 1.94036e-12 1.87013e-14
 5.28441e-07 1.49071e-05 0.000247934 0.00243149 0.0140672 0.0481212 0.0984062 0.126474 0.122714 0.124464 0.135531 0.129735 0.101592 0.0609634 0.0258786 0.0075541 0.00154812 0.000228787 2.43655e-05 1.82328e-06 9.30158e-08 3.15314e-09 6.95579e-11 9.81825e-13 8.75123e-15
 6.63221e-07 1.77104e-05 0.000278839 0.00258881 0.0141836 0.0460185 0.0898913 0.113651 0.117256 0.131615 0.147436 0.138632 0.105135 0.0604574 0.0244719 0.00682058 0.00133697 0.000188365 1.89737e-05 1.33231e-06 6.34574e-08 2.00378e-09 4.1152e-11 5.40801e-13 4.48695e-15
 8.82235e-07 2.2304e-05 0.000332461 0.00292242 0.0151627 0.0466351 0.0867503 0.106356 0.111084 0.129096 0.148492 0.144315 0.11179 0.0636976 0.0250775 0.0067799 0.00129139 0.000176143 1.70124e-05 1.13329e-06 5.07593e-08 1.49718e-09 2.85834e-11 3.48089e-13 2.67156e-15
 1.552e-06 3.71512e-05 0.00052434 0.00436398 0.0214351 0.0623685 0.109389 0.124733 0.117587 0.12365 0.134733 0.127222 0.0955568 0.0523386 0.0197915 0.00517095 0.000957265 0.000126838 1.18291e-05 7.55001e-07 3.21512e-08 8.95158e-10 1.60286e-11 1.82099e-13 1.29835e-15
#spawning biomass
 7953.73 8376.83 6851.08 7166.59 10062.6 15491.2 19883.3 25613.6 33499.4 44642.4 59450.2 76426.7 84296.5 100234 103165 101323 89545 85589.5 102711 101512 89656 94479.8 124487 111020 123349 133201 128815 110050 99105.4 92735.7 205584 230569 225113 204118 178545 154493 134491 119020 107604 99450.5 93761.3 89859.1 87216.5 85436.1 84222.1 83434.3 82923.1 82591.4 82376.1 82236.4 82145.8 82087 82048.8 82024 82007.9 81997.5 81990.7 81986.4 81983.5 81981.7 81980.5 81979.7 81979.2 81978.8 81978.6 81978.5 81978.4 81978.3 81978.3 81978.3 81978.3 81978.3 81978.3 81978.2 81978.2 81978.2 81978.2 81978.2 81978.2 81978.2 81978.2 81978.2 81978.2 81978.2 81978.2 81978.2 81978.2 81978.2 81978.2 81978.2 81978.2 81978.2 81978.2 81978.2 81978.2 81978.2 81978.2 81978.2 81978.2 81978.2 81978.2 81978.2 81978.2 81978.2 81978.2 81978.2 81978.2 81978.2 81978.2 81978.2 81978.2 81978.2 81978.2 81978.2 81978.2 81978.2 81978.2 81978.2 81978.2 81978.2 81978.2 81978.2 81978.2 81978.2 81978.2 81978.2 81978.2 81978.2 81978.2 0 0 0 0 0 0 0 0 0 0 0 0 0 0 0 0 0 0 0 0 0 0 0 0 0
