SBPRF35
0.0418769
Curr Bio
236359
B35
100528
F35
107.871
FOFL
107.871
OFL
332019
Bzero
10183.1
#pred survey bio
 9786.44 9121.72 11477.4 13555.7 22020.5 33740.1 32301 37276 47464.3 54740.6 70648.7 97583.2 128243 156078 154354 127997 114246 112543 109594 104468 103288 111548 121448 131501 140648 141498 138917 142732 3.57273e+06 660043 208641 101646 72337.2 64422.6 62325.1 61778.5 61638 61602.3 61593.3 61591 61590.4 61590.3 61590.3 61590.3 61590.3 61590.3 61590.3 61590.3 61590.3 61590.3 61590.3 61590.3 61590.3 61590.3 61590.3 61590.3 61590.3 61590.3 61590.3 61590.3 61590.3 61590.3 61590.3 61590.3 61590.3 61590.3 61590.3 61590.3 61590.3 61590.3 61590.3 61590.3 61590.3 61590.3 61590.3 61590.3 61590.3 61590.3 61590.3 61590.3 61590.3 61590.3 61590.3 61590.3 61590.3 61590.3 61590.3 61590.3 61590.3 61590.3 61590.3 61590.3 61590.3 61590.3 61590.3 61590.3 61590.3 61590.3 61590.3 61590.3 61590.3 61590.3 61590.3 61590.3 61590.3 61590.3 61590.3 61590.3 61590.3 61590.3 61590.3 61590.3 61590.3 61590.3 61590.3 61590.3 61590.3 61590.3 61590.3 61590.3 61590.3 61590.3 61590.3 61590.3 61590.3 61590.3 61590.3 61590.3 0 0 0 0 0 0 0 0 0 0 0 0 0 0 0 0 0 0 0 0 0 0 0 0 0
#obs survey bio
 7413.84 6627.92 10315.9 11204.3 32674.2 26689.8 27628.8 35464 59292.3 49300.5 63538.3 89109.5 118656 155414 155874 104210 125112 106433 92396.5 108734 111620 176116 112709 171230 168999 151048 170927 133048
#pred catch bio
 3159.06 4338.2 6469.57 7353.53 9033.45 20180.5 19514.7 21812.9 29186.4 32961.5 43982.8 64007.3 82176.3 102138 109075 94563.9 84315.2 82912.2 80495 77982.5 77986.4 83609.7 90316.8 100485 113831 114941 112013 102695 332019 6244.31 6244.31 6244.31 6244.31 6244.31 6244.31 6244.31 6244.31 6244.31 6244.31 6244.31 6244.31 6244.31 6244.31 6244.31 6244.31 6244.31 6244.31 6244.31 6244.31 6244.31 6244.31 6244.31 6244.31 6244.31 6244.31 6244.31 6244.31 6244.31 6244.31 6244.31 6244.31 6244.31 6244.31 6244.31 6244.31 6244.31 6244.31 6244.31 6244.31 6244.31 6244.31 6244.31 6244.31 6244.31 6244.31 6244.31 6244.31 6244.31 6244.31 6244.31 6244.31 6244.31 6244.31 6244.31 6244.31 6244.31 6244.31 6244.31 6244.31 6244.31 6244.31 6244.31 6244.31 6244.31 6244.31 6244.31 6244.31 6244.31 6244.31 6244.31 6244.31 6244.31 6244.31 6244.31 6244.31 6244.31 6244.31 6244.31 6244.31 6244.31 6244.31 6244.31 6244.31 6244.31 6244.31 6244.31 6244.31 6244.31 6244.31 6244.31 6244.31 6244.31 6244.31 6244.31 6244.31 6244.31 6244.31 6244.31 0 0 0 0 0 0 0 0 0 0 0 0 0 0 0 0 0 0 0 0 0 0 0 0 0
#obs catch bio
 4593.42 4412.54 6597.15 7505.19 8955.23 20409.6 20052.1 21788.3 28972.4 32985.8 44215 64066.3 82438.8 102069 108606 95154.8 84751.1 83383.3 80265.9 76324.8 77468 81963 88480.9 98103.6 111086 112129 109408 102318
#pred cpue bio
 9946.57 9022.42 11445 13568.5 21084.2 34201.4 32890.2 36549.7 47448.2 54578.3 69468.7 95661.5 126366 155535 157341 129961 114133 112537 109831 104893 102632 110155 120598 130262 139278 140264 138102 140716 3.5758e+06 753226 206130 97158.1 67802.8 59887.1 57789.6 57243 57102.5 57066.8 57057.8 57055.5 57055 57054.8 57054.8 57054.8 57054.8 57054.8 57054.8 57054.8 57054.8 57054.8 57054.8 57054.8 57054.8 57054.8 57054.8 57054.8 57054.8 57054.8 57054.8 57054.8 57054.8 57054.8 57054.8 57054.8 57054.8 57054.8 57054.8 57054.8 57054.8 57054.8 57054.8 57054.8 57054.8 57054.8 57054.8 57054.8 57054.8 57054.8 57054.8 57054.8 57054.8 57054.8 57054.8 57054.8 57054.8 57054.8 57054.8 57054.8 57054.8 57054.8 57054.8 57054.8 57054.8 57054.8 57054.8 57054.8 57054.8 57054.8 57054.8 57054.8 57054.8 57054.8 57054.8 57054.8 57054.8 57054.8 57054.8 57054.8 57054.8 57054.8 57054.8 57054.8 57054.8 57054.8 57054.8 57054.8 57054.8 57054.8 57054.8 57054.8 57054.8 57054.8 57054.8 57054.8 57054.8 57054.8 57054.8 57054.8 0 0 0 0 0 0 0 0 0 0 0 0 0 0 0 0 0 0 0 0 0 0 0 0 0
#obs cpue bio
 6629.22 10439.2 7379.3 14594.2 22307.3 21183.4 34416 41303 53490.1 45413.4 70972.8 109862 119935 172041 179299 137748 89321.9 108863 154019 179448 82865.1 119342 167782 155394 169050 190352 161149 130412
#pred surv len freq
 2.56555e-27 2.59485e-27 3.89291e-26 7.6725e-20 1.88082e-14 5.57321e-10 1.99623e-06 0.000864292 0.0452339 0.286162 0.219108 0.0377513 0.13341 0.123327 0.0319714 0.0422907 0.0192989 0.0163622 0.0106464 0.00842332 0.00674499 0.00586284 0.00584415 0.0051349 0.00156067
 2.56999e-27 2.6064e-27 4.85567e-26 9.70329e-20 2.37864e-14 7.04835e-10 2.5246e-06 0.00109306 0.0572066 0.361904 0.276978 0.0399199 0.109258 0.100507 0.0186163 0.0172451 0.00659085 0.00400513 0.00212556 0.00140426 0.000968147 0.000739808 0.000660575 0.000581227 0.00019344
 2.57001e-27 2.6063e-27 4.8286e-26 9.64611e-20 2.36463e-14 7.00682e-10 2.50972e-06 0.00108661 0.0568695 0.359772 0.275375 0.0415157 0.122528 0.112509 0.0163888 0.00906674 0.00293273 0.00105947 0.00041569 0.000197806 0.000105593 6.64745e-05 5.067e-05 4.21822e-05 1.45378e-05
 2.56984e-27 2.6058e-27 4.78192e-26 9.54763e-20 2.34049e-14 6.93528e-10 2.4841e-06 0.00107552 0.0562888 0.356099 0.272576 0.0418428 0.126985 0.116596 0.016658 0.0086345 0.00253554 0.000502734 0.000138699 3.9107e-05 1.34915e-05 6.06184e-06 3.61079e-06 2.65192e-06 9.07053e-07
 2.57234e-27 2.61264e-27 5.39149e-26 1.08336e-19 2.65572e-14 7.86939e-10 2.81868e-06 0.00122038 0.0638704 0.404061 0.309164 0.039643 0.0845378 0.077515 0.0113429 0.00635162 0.00185562 0.00034224 7.78026e-05 1.18783e-05 2.23187e-06 5.55691e-07 2.13616e-07 1.23783e-07 4.01347e-08
 2.56905e-27 2.60363e-27 4.58686e-26 9.13612e-20 2.23961e-14 6.63636e-10 2.37703e-06 0.00102916 0.0538628 0.340751 0.260869 0.0426541 0.141384 0.129831 0.0180445 0.00846506 0.00248295 0.000494909 0.000112636 1.52949e-05 1.7988e-06 2.00363e-07 3.50121e-08 1.26162e-08 3.60279e-09
 2.56864e-27 2.60255e-27 4.49342e-26 8.93902e-20 2.19129e-14 6.49319e-10 2.32575e-06 0.00100696 0.0527007 0.333399 0.255258 0.0427555 0.146098 0.134227 0.0196571 0.0110316 0.00319134 0.000533914 0.000118949 1.72145e-05 1.92972e-06 1.45229e-07 9.42996e-09 1.26673e-09 2.65265e-10
 2.57105e-27 2.60912e-27 5.07877e-26 1.01739e-19 2.494e-14 7.39018e-10 2.64704e-06 0.00114607 0.059981 0.379456 0.290393 0.0406905 0.105698 0.0970157 0.0143268 0.0082479 0.00243306 0.000485762 0.000108476 1.3508e-05 1.51512e-06 1.14192e-07 5.03236e-09 1.86843e-10 1.62202e-11
 2.56999e-27 2.6062e-27 4.81563e-26 9.61874e-20 2.35792e-14 6.98693e-10 2.5026e-06 0.00108353 0.0567081 0.358751 0.274602 0.0419281 0.12621 0.115837 0.015719 0.00668509 0.00196153 0.000402558 9.37355e-05 1.35243e-05 1.44401e-06 9.9475e-08 4.33031e-09 9.84408e-11 1.90156e-12
 2.57012e-27 2.60657e-27 4.84909e-26 9.68932e-20 2.37522e-14 7.0382e-10 2.52096e-06 0.00109148 0.0571242 0.361383 0.276609 0.0417071 0.123119 0.113016 0.0157984 0.00757208 0.00216308 0.000329985 7.22703e-05 1.07768e-05 1.26103e-06 9.24285e-08 3.6874e-09 7.83297e-11 7.55234e-13
 2.57095e-27 2.60883e-27 5.05064e-26 1.01145e-19 2.47945e-14 7.34706e-10 2.63159e-06 0.00113938 0.059631 0.377242 0.288707 0.0409825 0.109105 0.100111 0.014002 0.00672592 0.00194174 0.000331057 7.02876e-05 8.06378e-06 8.99372e-07 7.04903e-08 3.05676e-09 6.19927e-11 5.26004e-13
 2.57117e-27 2.60941e-27 5.10068e-26 1.02201e-19 2.50533e-14 7.42373e-10 2.65906e-06 0.00115127 0.0602533 0.381179 0.291712 0.0409372 0.106648 0.0978185 0.0131301 0.0053155 0.00152667 0.000261015 5.65959e-05 7.06558e-06 6.98199e-07 4.55297e-08 2.02999e-09 4.45066e-11 3.71561e-13
 2.5709e-27 2.60867e-27 5.03384e-26 1.00791e-19 2.47076e-14 7.32131e-10 2.62237e-06 0.00113539 0.059422 0.37592 0.287701 0.0412533 0.111872 0.102612 0.0134958 0.00494146 0.0013938 0.000202967 4.2227e-05 5.30851e-06 5.50049e-07 3.54573e-08 1.31666e-09 2.78962e-11 2.4818e-13
 2.57021e-27 2.6068e-27 4.86782e-26 9.72883e-20 2.38491e-14 7.0669e-10 2.53125e-06 0.00109593 0.0573572 0.362857 0.277736 0.041808 0.123094 0.112956 0.0151104 0.00601787 0.00169066 0.000224915 4.42377e-05 4.81203e-06 4.7972e-07 3.1765e-08 1.19524e-09 2.21072e-11 1.82711e-13
 2.56871e-27 2.60268e-27 4.5015e-26 8.95605e-20 2.19547e-14 6.50556e-10 2.33018e-06 0.00100888 0.0528012 0.334035 0.255748 0.0430791 0.148216 0.136099 0.0184887 0.00789526 0.00223631 0.00032045 6.35849e-05 6.33028e-06 5.69094e-07 3.36752e-08 1.26717e-09 2.37349e-11 1.78187e-13
 2.56895e-27 2.60336e-27 4.5623e-26 9.08431e-20 2.22691e-14 6.59873e-10 2.36355e-06 0.00102333 0.0535573 0.338819 0.259396 0.0427794 0.143372 0.131657 0.0182015 0.00835924 0.00238586 0.000364535 7.45137e-05 7.91099e-06 6.98035e-07 3.69704e-08 1.22937e-09 2.21526e-11 1.67097e-13
 2.57005e-27 2.60636e-27 4.82887e-26 9.64667e-20 2.36476e-14 7.00722e-10 2.50987e-06 0.00108668 0.0568728 0.359793 0.275398 0.0419277 0.125648 0.115311 0.0154935 0.00630062 0.00180243 0.000294964 6.20355e-05 7.00057e-06 6.48744e-07 3.55316e-08 1.08877e-09 1.72686e-11 1.22025e-13
 2.57003e-27 2.60629e-27 4.82165e-26 9.63144e-20 2.36103e-14 6.99615e-10 2.50591e-06 0.00108496 0.056783 0.359225 0.274966 0.0420612 0.126967 0.116502 0.0152259 0.00538983 0.00151882 0.000222022 4.58659e-05 5.51643e-06 5.36288e-07 3.13205e-08 1.00286e-09 1.51926e-11 9.52495e-14
 2.56989e-27 2.60591e-27 4.78761e-26 9.55961e-20 2.34342e-14 6.94398e-10 2.48722e-06 0.00107687 0.0563595 0.356546 0.272922 0.0421805 0.129311 0.118662 0.0155501 0.00558454 0.00155961 0.00020148 3.92719e-05 4.2771e-06 4.16988e-07 2.59739e-08 8.8644e-10 1.41383e-11 8.6793e-14
 2.56977e-27 2.60557e-27 4.75704e-26 9.49512e-20 2.32761e-14 6.89714e-10 2.47044e-06 0.00106961 0.0559793 0.35414 0.271087 0.0422752 0.131321 0.120516 0.0158692 0.00584535 0.00163553 0.000213822 4.10516e-05 3.97748e-06 3.54422e-07 2.07324e-08 7.40227e-10 1.26272e-11 8.18679e-14
 2.57041e-27 2.60733e-27 4.91471e-26 9.82776e-20 2.40916e-14 7.13876e-10 2.55698e-06 0.00110708 0.0579404 0.366547 0.280551 0.0417028 0.120315 0.110383 0.0144899 0.00525149 0.00147088 0.000196604 3.80882e-05 3.71444e-06 3.14521e-07 1.62675e-08 5.34278e-10 9.21198e-12 6.36452e-14
 2.5708e-27 2.60839e-27 5.00801e-26 1.00246e-19 2.4574e-14 7.28173e-10 2.60819e-06 0.00112925 0.0591008 0.373888 0.286152 0.0414248 0.114265 0.104798 0.0134795 0.00435387 0.00121249 0.000159798 3.09185e-05 3.07752e-06 2.63384e-07 1.33443e-08 3.94836e-10 6.14216e-12 4.1762e-14
 2.57048e-27 2.60752e-27 4.93027e-26 9.86058e-20 2.4172e-14 7.1626e-10 2.56552e-06 0.00111077 0.0581339 0.367771 0.281487 0.0417387 0.119931 0.110009 0.014063 0.00437215 0.00120715 0.000144207 2.69007e-05 2.6437e-06 2.27338e-07 1.17335e-08 3.44256e-10 4.94104e-12 3.01719e-14
 2.57062e-27 2.60788e-27 4.9631e-26 9.92983e-20 2.43418e-14 7.21291e-10 2.58354e-06 0.00111858 0.0585422 0.370354 0.283457 0.0415796 0.117337 0.107629 0.0139087 0.00461879 0.00127624 0.000147663 2.68341e-05 2.40928e-06 1.98966e-07 1.01953e-08 3.03243e-10 4.34992e-12 2.49811e-14
 2.57065e-27 2.60797e-27 4.97032e-26 9.94506e-20 2.43791e-14 7.22397e-10 2.5875e-06 0.00112029 0.0586319 0.370922 0.28389 0.0415945 0.117146 0.107444 0.0137076 0.0042077 0.00116292 0.000142116 2.6253e-05 2.283e-06 1.78922e-07 8.44625e-09 2.45253e-10 3.53854e-12 2.03724e-14
 2.57061e-27 2.60786e-27 4.95965e-26 9.92254e-20 2.43239e-14 7.20761e-10 2.58165e-06 0.00111775 0.0584992 0.370082 0.283251 0.0416989 0.11839 0.108574 0.0135908 0.00365707 0.000999925 0.000114494 2.07869e-05 1.89753e-06 1.49824e-07 6.75153e-09 1.81516e-10 2.49401e-12 1.43076e-14
 2.57044e-27 2.6074e-27 4.91841e-26 9.83554e-20 2.41106e-14 7.14442e-10 2.55901e-06 0.00110795 0.0579863 0.366837 0.280776 0.041856 0.121324 0.111274 0.0139331 0.0037573 0.00102094 0.000105233 1.81065e-05 1.5583e-06 1.22547e-07 5.72842e-09 1.50257e-10 1.92485e-12 1.03887e-14
 2.57092e-27 2.6087e-27 5.03534e-26 1.00822e-19 2.47154e-14 7.32361e-10 2.62319e-06 0.00113574 0.0594407 0.376038 0.287794 0.0413932 0.112871 0.1035 0.0130358 0.00366821 0.000998998 0.000103111 1.75249e-05 1.36682e-06 1.002e-07 4.47886e-09 1.19864e-10 1.53284e-12 7.80682e-15
#obs surv len freq
 1.76757e-41 2.45327e-33 4.11588e-26 8.34692e-20 2.04615e-14 6.06311e-10 2.17171e-06 0.000940274 0.0492102 0.311318 0.238454 0.0440441 0.151948 0.128712 0.0361672 0.0277182 0.00833783 0.00259193 0.000497039 5.63675e-05 2.78999e-06 4.43795e-08 1.68364e-10 1.2196e-13 1.45877e-17
 2.17282e-41 3.01573e-33 5.05951e-26 1.02606e-19 2.51526e-14 7.45318e-10 2.66961e-06 0.00115585 0.0604925 0.382693 0.292927 0.0420182 0.0974485 0.0780257 0.022526 0.0163171 0.00474208 0.00138251 0.000243967 2.43411e-05 9.95781e-07 1.23038e-08 3.48576e-11 1.84286e-14 1.58463e-18
 1.71616e-41 2.38192e-33 3.99616e-26 8.10413e-20 1.98663e-14 5.88675e-10 2.10854e-06 0.000912925 0.0477788 0.302264 0.231735 0.0512588 0.182543 0.136393 0.0270933 0.0145945 0.00410657 0.00112142 0.000180944 1.57353e-05 5.31849e-07 5.12146e-09 1.0816e-11 4.15626e-15 2.56402e-19
 2.08714e-41 2.89682e-33 4.86001e-26 9.85601e-20 2.41608e-14 7.1593e-10 2.56434e-06 0.00111027 0.0581073 0.367604 0.281528 0.0458274 0.113675 0.0815653 0.0282953 0.0180293 0.00345798 0.000689585 0.000100276 7.53997e-06 2.08888e-07 1.56815e-09 2.47999e-12 6.94181e-16 3.06994e-20
 2.36834e-41 3.2871e-33 5.51479e-26 1.11839e-19 2.7416e-14 8.12386e-10 2.90983e-06 0.00125986 0.0659359 0.41713 0.319318 0.0443165 0.0794466 0.05234 0.0118339 0.00622299 0.00179261 0.000364524 3.46567e-05 2.04872e-06 4.5998e-08 2.67918e-10 3.17662e-13 6.50844e-17 2.07265e-21
 1.31763e-41 1.82879e-33 3.06817e-26 6.22219e-20 1.5253e-14 4.51973e-10 1.6189e-06 0.000700926 0.0366837 0.232075 0.178801 0.0712329 0.272463 0.166559 0.0280999 0.010844 0.00208194 0.000410506 4.47623e-05 1.87645e-06 2.96723e-08 1.30701e-10 1.15776e-13 1.73814e-17 4.001e-22
 2.20872e-41 3.06556e-33 5.14311e-26 1.04301e-19 2.55682e-14 7.57633e-10 2.71372e-06 0.00117495 0.0614921 0.389017 0.297989 0.0467892 0.0894182 0.0568883 0.0359108 0.0184649 0.00251554 0.000309273 2.64037e-05 1.081e-06 1.284e-08 3.81398e-11 2.40175e-14 2.61586e-18 4.35024e-23
 1.99212e-41 2.76494e-33 4.63875e-26 9.4073e-20 2.30609e-14 6.83336e-10 2.4476e-06 0.00105973 0.0554619 0.35087 0.269332 0.0608616 0.154246 0.0821136 0.0157365 0.00725068 0.00266584 0.000379795 1.95465e-05 5.49965e-07 5.4687e-09 1.2356e-11 5.28328e-15 3.91288e-19 4.5595e-24
 2.02714e-41 2.81353e-33 4.72028e-26 9.57264e-20 2.34662e-14 6.95346e-10 2.49062e-06 0.00107835 0.0564366 0.357038 0.274138 0.0614804 0.143319 0.0736694 0.0228165 0.00847393 0.00128312 0.000244965 1.91803e-05 3.84961e-07 2.41299e-09 4.0402e-12 1.30109e-15 6.79329e-20 5.36528e-25
 1.9776e-41 2.74478e-33 4.60494e-26 9.33873e-20 2.28928e-14 6.78355e-10 2.42976e-06 0.001052 0.0550576 0.348315 0.267768 0.0670832 0.154713 0.0740197 0.0222251 0.00810412 0.00148297 0.000165251 1.09308e-05 2.76435e-07 1.45134e-09 1.55285e-12 3.35673e-16 1.26208e-20 7.2019e-26
 2.10428e-41 2.9206e-33 4.89991e-26 9.93692e-20 2.43592e-14 7.21807e-10 2.5854e-06 0.00111939 0.0585843 0.370626 0.284846 0.0656768 0.132365 0.0597617 0.019349 0.00642759 0.00111128 0.000124014 5.98657e-06 1.12657e-07 5.91351e-10 5.65433e-13 8.67098e-17 2.12632e-21 8.14428e-27
 2.04192e-41 2.83405e-33 4.75471e-26 9.64246e-20 2.36373e-14 7.00418e-10 2.50878e-06 0.00108622 0.0568482 0.359647 0.276909 0.0733214 0.147283 0.0611212 0.0175019 0.00528733 0.000898269 9.03238e-05 3.91503e-06 5.54999e-08 2.07528e-10 1.65582e-13 2.21178e-17 4.307e-22 1.17185e-27
 1.98906e-41 2.76069e-33 4.63163e-26 9.39284e-20 2.30255e-14 6.82287e-10 2.44384e-06 0.0010581 0.0553766 0.35034 0.270274 0.0798305 0.155161 0.0617324 0.019999 0.00537287 0.000779241 7.01805e-05 2.65788e-06 3.11812e-08 8.74638e-11 4.89284e-14 4.8174e-18 7.42708e-23 1.62894e-28
 1.86361e-41 2.58657e-33 4.33951e-26 8.80044e-20 2.15732e-14 6.39255e-10 2.28971e-06 0.000991364 0.051884 0.328251 0.254224 0.0914282 0.175844 0.0671036 0.0233263 0.00601648 0.000862401 6.46477e-05 2.01453e-06 1.93794e-08 4.27869e-11 1.78525e-14 1.24496e-18 1.34214e-23 2.11552e-29
 1.69618e-41 2.35418e-33 3.94963e-26 8.00977e-20 1.9635e-14 5.81821e-10 2.08399e-06 0.000902295 0.0472226 0.29877 0.232854 0.106124 0.200325 0.0757035 0.029667 0.00731814 0.00103763 7.18036e-05 1.84544e-06 1.37485e-08 2.34482e-11 7.44612e-15 3.85307e-19 2.99671e-24 3.328e-30
 1.90616e-41 2.64563e-33 4.43859e-26 9.00138e-20 2.20658e-14 6.53851e-10 2.34199e-06 0.001014 0.0530687 0.335755 0.26083 0.0957498 0.155514 0.0614983 0.0284124 0.00706577 0.00102211 6.59357e-05 1.48354e-06 8.82462e-09 1.12904e-11 2.65363e-15 1.01544e-19 5.80394e-25 4.68626e-31
 1.85114e-41 2.56926e-33 4.31047e-26 8.74156e-20 2.14289e-14 6.34977e-10 2.27438e-06 0.00098473 0.0515369 0.326078 0.254765 0.109987 0.170353 0.0580874 0.0216303 0.00565127 0.00086893 5.42159e-05 1.08668e-06 5.36389e-09 5.34509e-12 9.32039e-16 2.5864e-20 1.06733e-25 6.22864e-32
 1.83364e-41 2.54498e-33 4.26973e-26 8.65891e-20 2.12263e-14 6.28974e-10 2.25288e-06 0.000975421 0.0510497 0.323008 0.253459 0.116984 0.168531 0.0584562 0.0222076 0.00464978 0.000636597 3.95267e-05 7.26563e-07 3.03968e-09 2.42314e-12 3.24114e-16 6.67724e-21 1.99916e-26 8.35855e-33
 1.86167e-41 2.58387e-33 4.33498e-26 8.79126e-20 2.15507e-14 6.38588e-10 2.28732e-06 0.000990329 0.05183 0.327959 0.258202 0.121269 0.160119 0.0546138 0.0203655 0.0041429 0.000481256 2.45367e-05 4.02168e-07 1.45581e-09 9.47554e-13 9.92083e-17 1.5537e-21 3.46122e-27 1.05894e-33
 1.94444e-41 2.69876e-33 4.52772e-26 9.18213e-20 2.25089e-14 6.66981e-10 2.38902e-06 0.00103436 0.0541345 0.342552 0.270034 0.121166 0.14412 0.0470946 0.0163699 0.00314315 0.000335297 1.41294e-05 1.81137e-07 5.32627e-10 2.83182e-13 2.3581e-17 2.85497e-22 4.81199e-28 1.09644e-34
 1.93976e-41 2.69226e-33 4.51683e-26 9.16003e-20 2.24547e-14 6.65375e-10 2.38326e-06 0.00103187 0.0540042 0.341755 0.271077 0.12988 0.142754 0.0434313 0.0134943 0.00234022 0.000222073 8.02749e-06 8.13763e-08 1.80286e-10 7.28568e-14 4.68918e-18 4.38894e-23 5.65671e-29 9.72474e-36
 1.98347e-41 2.75292e-33 4.6186e-26 9.36642e-20 2.29607e-14 6.80367e-10 2.43696e-06 0.00105512 0.0552211 0.349479 0.278109 0.131424 0.131616 0.0397027 0.011519 0.00172964 0.000138758 4.17425e-06 3.39863e-08 5.758e-11 1.71593e-14 8.07532e-19 5.57313e-24 5.3489e-30 6.87783e-37
 1.92134e-41 2.66669e-33 4.47393e-26 9.07304e-20 2.22415e-14 6.59056e-10 2.36063e-06 0.00102207 0.0534915 0.338592 0.272695 0.146291 0.137203 0.0389379 0.010264 0.00140513 9.41111e-05 2.24661e-06 1.42792e-08 1.85364e-11 4.13209e-15 1.4225e-19 7.08305e-25 4.88596e-31 4.52918e-38
 1.95557e-41 2.7142e-33 4.55364e-26 9.23469e-20 2.26378e-14 6.70798e-10 2.40269e-06 0.00104028 0.0544446 0.344663 0.278723 0.146156 0.126116 0.0379721 0.00964849 0.00116585 6.63119e-05 1.25978e-06 6.0561e-09 5.8623e-12 9.68826e-16 2.45289e-20 8.89468e-26 4.42634e-32 2.93872e-39
 1.93752e-41 2.68915e-33 4.51161e-26 9.14946e-20 2.24288e-14 6.64607e-10 2.38051e-06 0.00103068 0.0539423 0.341561 0.279308 0.155653 0.124062 0.0350989 0.00832812 0.000966253 4.69563e-05 7.1137e-07 2.60287e-09 1.85259e-12 2.22072e-16 4.06914e-21 1.06753e-26 3.83736e-33 1.83498e-40
 1.87706e-41 2.60524e-33 4.37082e-26 8.86394e-20 2.17289e-14 6.43867e-10 2.30623e-06 0.000998517 0.0522594 0.331025 0.275361 0.169235 0.126797 0.0357474 0.00773914 0.000800331 3.43237e-05 4.26549e-07 1.19493e-09 6.29381e-13 5.46937e-17 7.17963e-22 1.34348e-27 3.44397e-34 1.17579e-41
 1.79627e-41 2.4931e-33 4.18269e-26 8.48241e-20 2.07936e-14 6.16153e-10 2.20696e-06 0.000955538 0.0500105 0.316949 0.269625 0.184157 0.13122 0.0384255 0.00789489 0.000733818 2.65101e-05 2.70226e-07 5.9539e-10 2.35601e-13 1.49566e-17 1.41381e-22 1.88912e-28 3.4401e-35 8.32082e-43
 1.82548e-41 2.53365e-33 4.25072e-26 8.62037e-20 2.11318e-14 6.26175e-10 2.24286e-06 0.00097108 0.0508244 0.322218 0.276111 0.182409 0.122026 0.0373391 0.00743448 0.000644931 1.98399e-05 1.61934e-07 2.77392e-10 8.36103e-14 3.95115e-18 2.72495e-23 2.62104e-29 3.40903e-36 5.86236e-44
#pred catch len freq
 2.5649e-27 2.59301e-27 3.72333e-26 7.31473e-20 1.79312e-14 5.31333e-10 1.90314e-06 0.000823989 0.0431246 0.272818 0.208937 0.0388695 0.149066 0.137677 0.0327723 0.0404792 0.0183536 0.0154324 0.0100305 0.00793272 0.00635171 0.00552093 0.00550334 0.00483545 0.00146966
 2.56982e-27 2.60591e-27 4.80808e-26 9.60287e-20 2.35403e-14 6.97541e-10 2.49847e-06 0.00108174 0.0566146 0.358159 0.274126 0.0403818 0.114777 0.10554 0.0184246 0.0155299 0.00590227 0.0035521 0.00188279 0.00124326 0.000857078 0.000654926 0.000584784 0.00051454 0.000171245
 2.57006e-27 2.6064e-27 4.83586e-26 9.66143e-20 2.36838e-14 7.01794e-10 2.51371e-06 0.00108834 0.0569598 0.360343 0.275814 0.0416409 0.123173 0.113072 0.0159078 0.0078254 0.00251729 0.000899543 0.000352358 0.000167563 8.94396e-05 5.63045e-05 4.29179e-05 3.57287e-05 1.23136e-05
 2.56979e-27 2.60565e-27 4.76739e-26 9.51697e-20 2.33297e-14 6.91301e-10 2.47612e-06 0.00107207 0.0561081 0.354955 0.271706 0.0420265 0.128994 0.118417 0.0163761 0.00753316 0.00220197 0.00043183 0.000118835 3.34788e-05 1.15482e-05 5.18856e-06 3.09061e-06 2.26987e-06 7.7638e-07
 2.57194e-27 2.61155e-27 5.29359e-26 1.0627e-19 2.60509e-14 7.71935e-10 2.76494e-06 0.00119711 0.0626526 0.396357 0.303289 0.0400853 0.092032 0.0843953 0.0119214 0.00593879 0.00172776 0.000315213 7.14757e-05 1.09027e-05 2.04806e-06 5.09906e-07 1.96015e-07 1.13584e-07 3.68277e-08
 2.56921e-27 2.60406e-27 4.62385e-26 9.21415e-20 2.25874e-14 6.69304e-10 2.39733e-06 0.00103795 0.0543228 0.343661 0.263091 0.0426486 0.13978 0.128326 0.0173195 0.00719053 0.00209842 0.000413705 9.39348e-05 1.27444e-05 1.49846e-06 1.66899e-07 2.91643e-08 1.0509e-08 3.00104e-09
 2.56885e-27 2.6031e-27 4.54092e-26 9.03921e-20 2.21585e-14 6.56597e-10 2.35182e-06 0.00101825 0.0532915 0.337136 0.258111 0.0427526 0.144071 0.132322 0.0187044 0.00933917 0.00269083 0.000445371 9.89437e-05 1.43067e-05 1.6034e-06 1.20663e-07 7.83477e-09 1.05245e-09 2.20391e-10
 2.57115e-27 2.60939e-27 5.10132e-26 1.02214e-19 2.50566e-14 7.42473e-10 2.65941e-06 0.00115142 0.0602614 0.38123 0.291748 0.0407359 0.105091 0.0964284 0.0137321 0.0070395 0.0020679 0.00040836 9.09806e-05 1.13195e-05 1.26931e-06 9.56602e-08 4.21563e-09 1.56518e-10 1.35877e-11
 2.5702e-27 2.60675e-27 4.86314e-26 9.71896e-20 2.38249e-14 7.05973e-10 2.52868e-06 0.00109482 0.057299 0.362489 0.277456 0.0418555 0.123653 0.113461 0.014994 0.00562994 0.00164267 0.000333437 7.74628e-05 1.11668e-05 1.19203e-06 8.21116e-08 3.57441e-09 8.12567e-11 1.56961e-12
 2.57028e-27 2.607e-27 4.88605e-26 9.7673e-20 2.39434e-14 7.09485e-10 2.54125e-06 0.00110027 0.057584 0.364292 0.27883 0.0416864 0.1214 0.111408 0.015113 0.0064143 0.0018239 0.000275315 6.01103e-05 8.95562e-06 1.0477e-06 7.67876e-08 3.06338e-09 6.50736e-11 6.27422e-13
 2.57116e-27 2.6094e-27 5.10053e-26 1.02198e-19 2.50525e-14 7.42351e-10 2.65898e-06 0.00115124 0.0602515 0.381168 0.291703 0.0409028 0.106393 0.0975917 0.013245 0.0056342 0.00161886 0.000273052 5.78157e-05 6.62715e-06 7.38927e-07 5.79117e-08 2.51127e-09 5.09298e-11 4.32135e-13
 2.57147e-27 2.61023e-27 5.17305e-26 1.03727e-19 2.54275e-14 7.53463e-10 2.69878e-06 0.00116847 0.0611534 0.386873 0.296057 0.0407495 0.102167 0.0936758 0.0122615 0.00437788 0.00125032 0.000211477 4.57297e-05 5.70404e-06 5.63512e-07 3.67443e-08 1.63826e-09 3.5918e-11 2.99859e-13
 2.57116e-27 2.60937e-27 5.09569e-26 1.02095e-19 2.50274e-14 7.41608e-10 2.65631e-06 0.00115008 0.0601912 0.380786 0.291415 0.0410959 0.108065 0.0990917 0.0127408 0.00410636 0.0011513 0.000165906 3.44059e-05 4.32145e-06 4.47659e-07 2.88552e-08 1.07149e-09 2.27016e-11 2.01966e-13
 2.57055e-27 2.60771e-27 4.94762e-26 9.89718e-20 2.42617e-14 7.18919e-10 2.57505e-06 0.0011149 0.0583497 0.369136 0.282527 0.0416013 0.118156 0.10839 0.0141451 0.00496681 0.00138782 0.000182743 3.5818e-05 3.89272e-06 3.87956e-07 2.56872e-08 9.6653e-10 1.7877e-11 1.47749e-13
 2.56932e-27 2.60434e-27 4.64775e-26 9.26457e-20 2.2711e-14 6.72967e-10 2.41045e-06 0.00104363 0.0546201 0.345542 0.264527 0.0426583 0.138845 0.127446 0.0168583 0.0063567 0.00179131 0.000254019 5.02418e-05 4.99757e-06 4.49138e-07 2.65752e-08 9.99985e-10 1.87304e-11 1.40615e-13
 2.56968e-27 2.60535e-27 4.73848e-26 9.45598e-20 2.31802e-14 6.86871e-10 2.46026e-06 0.0010652 0.0557486 0.352681 0.269973 0.0422613 0.131998 0.121157 0.0162757 0.0066117 0.00187799 0.00028392 5.78605e-05 6.13763e-06 5.41399e-07 2.86724e-08 9.53426e-10 1.71801e-11 1.29589e-13
 2.5707e-27 2.60811e-27 4.98425e-26 9.97446e-20 2.44512e-14 7.24532e-10 2.59515e-06 0.0011236 0.0588053 0.372018 0.284725 0.0414472 0.115438 0.105892 0.0138727 0.004976 0.00141562 0.000229197 4.80676e-05 5.41962e-06 5.02096e-07 2.74979e-08 8.42587e-10 1.33639e-11 9.44334e-14
 2.57067e-27 2.60802e-27 4.97478e-26 9.95446e-20 2.44022e-14 7.2308e-10 2.58995e-06 0.00112135 0.0586874 0.371272 0.284158 0.0415671 0.116749 0.10708 0.0136917 0.00426384 0.00119405 0.000172727 3.55687e-05 4.27419e-06 4.15412e-07 2.42595e-08 7.76758e-10 1.17673e-11 7.37746e-14
 2.57053e-27 2.60764e-27 4.9412e-26 9.88363e-20 2.42285e-14 7.17934e-10 2.57152e-06 0.00111337 0.0582698 0.36863 0.282142 0.0416876 0.119082 0.109229 0.0139996 0.00442413 0.00122813 0.00015705 3.05021e-05 3.31903e-06 3.23487e-07 2.01485e-08 6.8762e-10 1.09672e-11 6.73259e-14
 2.57046e-27 2.60745e-27 4.92387e-26 9.84707e-20 2.41389e-14 7.15279e-10 2.56201e-06 0.00110925 0.0580543 0.367267 0.281102 0.0417379 0.120196 0.110257 0.014191 0.00460174 0.00128003 0.000165645 3.16903e-05 3.06779e-06 2.73272e-07 1.59843e-08 5.70694e-10 9.73518e-12 6.31176e-14
 2.57108e-27 2.60916e-27 5.07674e-26 1.01696e-19 2.49294e-14 7.38704e-10 2.64591e-06 0.00114558 0.0599555 0.379295 0.290277 0.0411739 0.109457 0.100372 0.0128837 0.00410945 0.00114414 0.000151367 2.92234e-05 2.84746e-06 2.41031e-07 1.24656e-08 4.09404e-10 7.0589e-12 4.87696e-14
 2.57141e-27 2.61006e-27 5.157e-26 1.03389e-19 2.53445e-14 7.51004e-10 2.68997e-06 0.00116465 0.0609538 0.38561 0.295096 0.0409258 0.104184 0.0955076 0.0120429 0.0034172 0.000945255 0.000123309 2.37751e-05 2.36443e-06 2.02291e-07 1.02483e-08 3.03225e-10 4.71703e-12 3.20722e-14
 2.5711e-27 2.60921e-27 5.08017e-26 1.01768e-19 2.49472e-14 7.3923e-10 2.6478e-06 0.0011464 0.0599982 0.379565 0.290485 0.0412345 0.109773 0.100647 0.012623 0.00344584 0.000944844 0.000111754 2.07662e-05 2.03904e-06 1.75285e-07 9.04623e-09 2.65409e-10 3.80936e-12 2.32614e-14
 2.57129e-27 2.60973e-27 5.12772e-26 1.02771e-19 2.51931e-14 7.46517e-10 2.6739e-06 0.0011577 0.0605896 0.383306 0.293338 0.0410263 0.106183 0.0973499 0.0123255 0.00359721 0.000987603 0.000113147 2.048e-05 1.83719e-06 1.51667e-07 7.77107e-09 2.31133e-10 3.31552e-12 1.90407e-14
 2.57147e-27 2.61021e-27 5.16994e-26 1.03662e-19 2.54115e-14 7.52987e-10 2.69707e-06 0.00116773 0.0611148 0.386629 0.295873 0.0408986 0.103431 0.0948095 0.0118701 0.00319877 0.000877881 0.000106213 1.9547e-05 1.69839e-06 1.33057e-07 6.28064e-09 1.82367e-10 2.63121e-12 1.51486e-14
 2.57144e-27 2.61013e-27 5.16179e-26 1.0349e-19 2.53693e-14 7.51738e-10 2.6926e-06 0.00116579 0.0610134 0.385987 0.295384 0.0409782 0.10438 0.0956719 0.0117812 0.00277908 0.000753813 8.547e-05 1.5455e-05 1.40958e-06 1.11259e-07 5.01328e-09 1.3478e-10 1.85186e-12 1.06237e-14
 2.57127e-27 2.60966e-27 5.12001e-26 1.02608e-19 2.51532e-14 7.45334e-10 2.66966e-06 0.00115586 0.0604936 0.382699 0.292876 0.0411386 0.107363 0.0984165 0.0121224 0.00286583 0.000772593 7.88865e-05 1.35127e-05 1.16193e-06 9.13422e-08 4.26943e-09 1.11985e-10 1.43457e-12 7.7426e-15
 2.57142e-27 2.61008e-27 5.15749e-26 1.03399e-19 2.53471e-14 7.51079e-10 2.69024e-06 0.00116477 0.0609599 0.385649 0.295126 0.0409802 0.104577 0.0958569 0.0118675 0.0029288 0.000791634 8.09401e-05 1.36956e-05 1.06726e-06 7.82074e-08 3.49554e-09 9.35462e-11 1.19628e-12 6.09271e-15
#obs catch len freq
 1.751e-41 2.43027e-33 4.07728e-26 8.26864e-20 2.02696e-14 6.00625e-10 2.15134e-06 0.000931457 0.0487487 0.308399 0.236226 0.0441259 0.15393 0.130419 0.0368566 0.0283716 0.00865666 0.00273276 0.000534348 6.29079e-05 3.28267e-06 5.48581e-08 2.16918e-10 1.63132e-13 2.02056e-17
 1.77009e-41 2.45677e-33 4.12174e-26 8.3588e-20 2.04906e-14 6.07175e-10 2.1748e-06 0.000941614 0.0492803 0.311762 0.238852 0.0459908 0.155722 0.124871 0.0360247 0.0261216 0.00769452 0.00228212 0.000411822 4.21509e-05 1.79425e-06 2.32611e-08 6.8824e-11 3.77068e-14 3.34289e-18
 2.17975e-41 3.02535e-33 5.07565e-26 1.02933e-19 2.52328e-14 7.47695e-10 2.67812e-06 0.00115953 0.0606854 0.383914 0.293902 0.0433234 0.0990308 0.0748767 0.0222346 0.01515 0.00431318 0.00119305 0.000196984 1.75762e-05 6.11747e-07 6.10984e-09 1.3428e-11 5.35126e-15 3.40375e-19
 1.73263e-41 2.40477e-33 4.03451e-26 8.1819e-20 2.0057e-14 5.94324e-10 2.12877e-06 0.000921685 0.0482373 0.305164 0.234042 0.0537908 0.184295 0.129384 0.0260003 0.0133713 0.00368791 0.000949836 0.000142453 1.09813e-05 3.12614e-07 2.41295e-09 3.9322e-12 1.13549e-15 5.17219e-20
 2.10586e-41 2.92279e-33 4.90359e-26 9.94439e-20 2.43775e-14 7.2235e-10 2.58734e-06 0.00112023 0.0586283 0.3709 0.284111 0.0474653 0.113678 0.0768252 0.0275263 0.0161167 0.0029742 0.000570386 7.66944e-05 5.0651e-06 1.17078e-07 6.99066e-10 8.48589e-13 1.77951e-16 5.80092e-21
 2.38472e-41 3.30983e-33 5.55293e-26 1.12612e-19 2.76056e-14 8.18004e-10 2.92996e-06 0.00126857 0.0663919 0.420014 0.32157 0.0454125 0.0784273 0.0483677 0.01115 0.00553036 0.00155069 0.00028677 2.52905e-05 1.31793e-06 2.44795e-08 1.12598e-10 1.01973e-13 1.56044e-17 3.65663e-22
 1.35181e-41 1.87622e-33 3.14775e-26 6.38357e-20 1.56486e-14 4.63696e-10 1.66088e-06 0.000719105 0.0376351 0.238095 0.183613 0.0756872 0.271562 0.154756 0.0262501 0.00953927 0.00177878 0.000330311 3.20633e-05 1.16293e-06 1.5285e-08 5.29557e-11 3.56719e-14 3.98819e-18 6.74317e-23
 2.23877e-41 3.10727e-33 5.21309e-26 1.0572e-19 2.59161e-14 7.67942e-10 2.75064e-06 0.00119093 0.0623287 0.39431 0.302105 0.0481648 0.0871585 0.0527627 0.0340555 0.0156428 0.00202402 0.0002346 1.82825e-05 6.35517e-07 6.14311e-09 1.43586e-11 6.87101e-15 5.5603e-19 6.78013e-24
 2.02887e-41 2.81593e-33 4.72431e-26 9.58081e-20 2.34862e-14 6.9594e-10 2.49274e-06 0.00107927 0.0564848 0.357343 0.274423 0.0631951 0.149899 0.0742198 0.0144287 0.00641755 0.00221835 0.000276545 1.285e-05 3.12619e-07 2.51424e-09 4.41223e-12 1.43016e-15 7.86936e-20 6.71567e-25
 2.06625e-41 2.86782e-33 4.81137e-26 9.75735e-20 2.3919e-14 7.08764e-10 2.53868e-06 0.00109916 0.0575256 0.363928 0.279559 0.0636883 0.138381 0.0665897 0.0209498 0.00703377 0.00104586 0.000185275 1.22492e-05 2.05598e-07 1.05234e-09 1.36986e-12 3.32629e-16 1.28765e-20 7.44978e-26
 2.02202e-41 2.80643e-33 4.70837e-26 9.54848e-20 2.3407e-14 6.93591e-10 2.48433e-06 0.00107563 0.0562942 0.35614 0.273941 0.0694615 0.148412 0.0664342 0.0201959 0.00674856 0.00116941 0.000118401 7.01345e-06 1.44127e-07 5.97378e-10 4.96007e-13 8.10378e-17 2.25564e-21 9.41802e-27
 2.14623e-41 2.97882e-33 4.99759e-26 1.0135e-19 2.48448e-14 7.36196e-10 2.63693e-06 0.0011417 0.0597521 0.378016 0.290681 0.0676223 0.125884 0.0533082 0.0173679 0.00526842 0.000865275 8.64443e-05 3.63134e-06 5.70521e-08 2.34962e-10 1.71025e-13 1.96957e-17 3.57808e-22 1.00233e-27
 2.08787e-41 2.89783e-33 4.86171e-26 9.85946e-20 2.41693e-14 7.16181e-10 2.56524e-06 0.00111066 0.0581276 0.367742 0.283342 0.0754953 0.139435 0.0541561 0.0155294 0.00430559 0.000688516 6.17681e-05 2.29846e-06 2.67146e-08 7.88993e-11 4.79419e-14 4.77132e-18 6.85079e-23 1.36415e-28
 2.03925e-41 2.83035e-33 4.7485e-26 9.62985e-20 2.36065e-14 6.99502e-10 2.5055e-06 0.0010848 0.0567739 0.359183 0.277338 0.0821291 0.146229 0.0547406 0.0175833 0.00430122 0.000586321 4.69711e-05 1.51302e-06 1.44011e-08 3.15737e-11 1.34351e-14 9.85381e-19 1.11591e-23 1.78411e-29
 1.92066e-41 2.66575e-33 4.47234e-26 9.06983e-20 2.22336e-14 6.58822e-10 2.35979e-06 0.00102171 0.0534722 0.338303 0.262322 0.0941209 0.165272 0.0596336 0.0203696 0.00480346 0.000636652 4.20893e-05 1.11171e-06 8.61396e-09 1.476e-11 4.65861e-15 2.41458e-19 1.91043e-24 2.19006e-30
 1.75875e-41 2.44102e-33 4.09532e-26 8.30523e-20 2.03593e-14 6.03283e-10 2.16086e-06 0.000935578 0.0489645 0.309797 0.241865 0.109549 0.188487 0.0679306 0.0258233 0.0058397 0.000759413 4.58322e-05 9.85592e-07 5.88767e-09 7.76009e-12 1.85639e-15 7.11859e-20 4.05756e-25 3.27645e-31
 1.96546e-41 2.72793e-33 4.57668e-26 9.28141e-20 2.27523e-14 6.74192e-10 2.41484e-06 0.00104554 0.0547197 0.346206 0.269317 0.0979242 0.144741 0.0553014 0.0243817 0.00558681 0.000732004 4.08632e-05 7.601e-07 3.589e-09 3.53192e-12 6.23739e-16 1.76464e-20 7.37849e-26 4.32729e-32
 1.91292e-41 2.65501e-33 4.45433e-26 9.03329e-20 2.2144e-14 6.56168e-10 2.35029e-06 0.00101759 0.0532569 0.336968 0.263739 0.1122 0.157737 0.0514978 0.0184505 0.00448152 0.000615879 3.29149e-05 5.3936e-07 2.09407e-09 1.59412e-12 2.08088e-16 4.26121e-21 1.28459e-26 5.43809e-33
 1.89744e-41 2.63352e-33 4.41828e-26 8.96019e-20 2.19648e-14 6.50859e-10 2.33127e-06 0.00100936 0.0528259 0.334258 0.262811 0.118957 0.155455 0.0519858 0.018616 0.00360888 0.000446921 2.35459e-05 3.49538e-07 1.13958e-09 6.89511e-13 6.87434e-17 1.04243e-21 2.27704e-27 6.90108e-34
 1.92582e-41 2.67291e-33 4.48436e-26 9.0942e-20 2.22934e-14 6.60593e-10 2.36614e-06 0.00102446 0.053616 0.339274 0.267676 0.122718 0.146855 0.0484169 0.0169102 0.00316575 0.000327402 1.42297e-05 1.87381e-07 5.23673e-10 2.56973e-13 1.99653e-17 2.29489e-22 3.72328e-28 8.24941e-35
 2.00616e-41 2.78442e-33 4.67144e-26 9.4736e-20 2.32234e-14 6.88152e-10 2.46485e-06 0.00106719 0.0558528 0.353441 0.279196 0.121836 0.131182 0.0414129 0.013414 0.00236612 0.000222195 7.87697e-06 8.09846e-08 1.83335e-10 7.30918e-14 4.49607e-18 3.98286e-23 4.87897e-29 8.04012e-36
 2.00207e-41 2.77874e-33 4.66192e-26 9.45428e-20 2.3176e-14 6.86749e-10 2.45982e-06 0.00106502 0.055739 0.352753 0.280449 0.130033 0.129274 0.0378818 0.01092 0.00173329 0.000143902 4.32853e-06 3.48527e-08 5.92409e-11 1.79158e-14 8.49245e-19 5.79836e-24 5.41891e-30 6.72688e-37
 2.04465e-41 2.83784e-33 4.76107e-26 9.65535e-20 2.3669e-14 7.01355e-10 2.51214e-06 0.00108767 0.0569245 0.360284 0.287373 0.130865 0.118531 0.0344186 0.00917085 0.00125276 8.74287e-05 2.17305e-06 1.39437e-08 1.80152e-11 4.00549e-15 1.38593e-19 6.96425e-25 4.83609e-31 4.48098e-38
 1.98487e-41 2.75487e-33 4.62187e-26 9.37306e-20 2.2977e-14 6.80849e-10 2.43869e-06 0.00105587 0.0552604 0.349822 0.282525 0.145292 0.123304 0.0335768 0.00810259 0.00100029 5.7672e-05 1.13052e-06 5.63346e-09 5.55085e-12 9.19987e-16 2.32377e-20 8.41473e-26 4.19539e-32 2.79875e-39
 2.01844e-41 2.80147e-33 4.70004e-26 9.5316e-20 2.33656e-14 6.92365e-10 2.47994e-06 0.00107373 0.0561952 0.355785 0.288502 0.14446 0.113012 0.032614 0.0075039 0.000812512 3.94192e-05 6.09099e-07 2.28406e-09 1.67277e-12 2.04991e-16 3.80018e-21 1.00079e-26 3.59684e-33 1.71778e-40
 2.00116e-41 2.77747e-33 4.65979e-26 9.44995e-20 2.31655e-14 6.86435e-10 2.4587e-06 0.00106453 0.0557142 0.352831 0.289371 0.153227 0.110747 0.0299216 0.00643205 0.00066125 2.71034e-05 3.31315e-07 9.39779e-10 5.04287e-13 4.47327e-17 5.99198e-22 1.14009e-27 2.95659e-34 1.01625e-41
 1.943e-41 2.69676e-33 4.52438e-26 9.17535e-20 2.24923e-14 6.66487e-10 2.38725e-06 0.0010336 0.0540956 0.342724 0.286028 0.166178 0.113163 0.0303108 0.00590686 0.000539024 1.9321e-05 1.91742e-07 4.13959e-10 1.63792e-13 1.05101e-17 1.00729e-22 1.36571e-28 2.52344e-35 6.18721e-43
 1.86509e-41 2.58863e-33 4.34296e-26 8.80744e-20 2.15904e-14 6.39763e-10 2.29153e-06 0.000992152 0.0519272 0.329186 0.281053 0.180539 0.117353 0.0324782 0.00596995 0.000484809 1.45371e-05 1.17494e-07 1.98195e-10 5.86841e-14 2.74506e-18 1.8921e-23 1.83044e-29 2.40139e-36 4.1698e-44
#spawning biomass
 13142.2 14350.6 18451.7 21751.7 37737.6 53165.2 50334.5 61643.1 76590 88553.2 116727 162339 211991 253418 241522 201301 184707 182021 176634 167824 168636 184042 198803 215915 231208 232505 227295 236359 251104 4187.69 4187.69 4187.69 4187.69 4187.69 4187.69 4187.69 4187.69 4187.69 4187.69 4187.69 4187.69 4187.69 4187.69 4187.69 4187.69 4187.69 4187.69 4187.69 4187.69 4187.69 4187.69 4187.69 4187.69 4187.69 4187.69 4187.69 4187.69 4187.69 4187.69 4187.69 4187.69 4187.69 4187.69 4187.69 4187.69 4187.69 4187.69 4187.69 4187.69 4187.69 4187.69 4187.69 4187.69 4187.69 4187.69 4187.69 4187.69 4187.69 4187.69 4187.69 4187.69 4187.69 4187.69 4187.69 4187.69 4187.69 4187.69 4187.69 4187.69 4187.69 4187.69 4187.69 4187.69 4187.69 4187.69 4187.69 4187.69 4187.69 4187.69 4187.69 4187.69 4187.69 4187.69 4187.69 4187.69 4187.69 4187.69 4187.69 4187.69 4187.69 4187.69 4187.69 4187.69 4187.69 4187.69 4187.69 4187.69 4187.69 4187.69 4187.69 4187.69 4187.69 4187.69 4187.69 4187.69 4187.69 4187.69 4187.69 0 0 0 0 0 0 0 0 0 0 0 0 0 0 0 0 0 0 0 0 0 0 0 0 0
