SBPRF35
0.224663
Curr Bio
30398.9
B35
70169.4
F35
0.513277
FOFL
0.513277
OFL
34879.3
Bzero
64189.3
#pred survey bio
 8802.77 6905.79 8129.24 10356.5 13282.6 16406.7 15583.3 15195.9 24005 36978.9 38098.7 45978.3 71410.5 82128.9 70077 59241.3 56412.1 63778 58166.8 56468.6 61224.3 66091.2 71939.1 74746.6 79865.2 78383 71249.4 72491.7 92420.4 3.58301e+06 3.38961e+06 2.57971e+06 1.7904e+06 1.31714e+06 1.06708e+06 940905 877747 845574 828594 819216 813786 810505 808451 807131 806268 805699 805321 805068 804898 804784 804707 804655 804620 804596 804580 804570 804562 804557 804554 804552 804550 804549 804548 804548 804548 804547 804547 804547 804547 804547 804547 804547 804547 804547 804547 804547 804547 804547 804547 804547 804547 804547 804547 804547 804547 804547 804547 804547 804547 804547 804547 804547 804547 804547 804547 804547 804547 804547 804547 804547 804547 804547 804547 804547 804547 804547 804547 804547 804547 804547 804547 804547 804547 804547 804547 804547 804547 804547 804547 804547 804547 804547 804547 804547 804547 804547 804547 804547 804547 0 0 0 0 0 0 0 0 0 0 0 0 0 0 0 0 0 0 0 0 0 0 0 0 0
#obs survey bio
 7814.55 6699.77 9592.42 14389.1 10235.4 18246.7 8875.17 17879.8 32470 33425.7 40218 64910.4 83634.7 52861.5 56222.1 55266.4 63484.4 66287.8 62987.2 51927.7 63736.3 71020.3 70075.9 79714.6 61651.9 63755.7 67866 90374.4 81419.5
#pred catch bio
 5119.92 3373.66 3708.88 4845.52 5906.98 8580.02 8975.78 8083.22 8844.18 19466.9 22843.7 19893.3 35373.8 49064.5 43143.5 37270 28583.3 38888 34723.2 31028.5 35115.5 36218.9 41741.3 42330.7 45670.7 47212.4 41851.8 39148.6 13522.4 34879.3 45574 36346.4 23465.3 15989.6 12293.7 10591.4 9840 9517.42 9381.45 9324.85 9301.48 9291.89 9287.97 9286.38 9285.73 9285.46 9285.35 9285.31 9285.29 9285.29 9285.28 9285.28 9285.28 9285.28 9285.28 9285.28 9285.28 9285.28 9285.28 9285.28 9285.28 9285.28 9285.28 9285.28 9285.28 9285.28 9285.28 9285.28 9285.28 9285.28 9285.28 9285.28 9285.28 9285.28 9285.28 9285.28 9285.28 9285.28 9285.28 9285.28 9285.28 9285.28 9285.28 9285.28 9285.28 9285.28 9285.28 9285.28 9285.28 9285.28 9285.28 9285.28 9285.28 9285.28 9285.28 9285.28 9285.28 9285.28 9285.28 9285.28 9285.28 9285.28 9285.28 9285.28 9285.28 9285.28 9285.28 9285.28 9285.28 9285.28 9285.28 9285.28 9285.28 9285.28 9285.28 9285.28 9285.28 9285.28 9285.28 9285.28 9285.28 9285.28 9285.28 9285.28 9285.28 9285.28 9285.28 9285.28 9285.28 0 0 0 0 0 0 0 0 0 0 0 0 0 0 0 0 0 0 0 0 0 0 0 0 0
#obs catch bio
 3406.71 3402.56 3662.66 4727.55 5760.4 8524.39 9210.92 8227.86 8467.67 18814.1 24000.7 19012.1 33679.6 49884 43833.9 39785.6 27823.9 39335.5 35081.3 30751.3 35695.4 35399.4 42763.3 41846.7 46525.2 48821.2 42151.8 39112.1 13320
#pred cpue bio
 6170.03 3940.04 4335.6 5548.08 6965.61 9158.67 9273.37 7974.56 10090.5 20011.4 21373.3 20435.8 35405.5 45465.8 39797.1 32480.4 28095.4 35140.9 30831.7 29644.8 32187.3 33575.1 38117.9 38450.9 41549.4 42772.6 38458.3 37228 44320.8 2.24505e+06 2.80315e+06 2.36869e+06 1.60096e+06 1.12768e+06 877535 751343 688183 656010 639030 629652 624222 620941 618888 617568 616704 616135 615757 615505 615335 615221 615144 615092 615057 615033 615017 615006 614999 614994 614990 614988 614986 614985 614985 614984 614984 614984 614984 614983 614983 614983 614983 614983 614983 614983 614983 614983 614983 614983 614983 614983 614983 614983 614983 614983 614983 614983 614983 614983 614983 614983 614983 614983 614983 614983 614983 614983 614983 614983 614983 614983 614983 614983 614983 614983 614983 614983 614983 614983 614983 614983 614983 614983 614983 614983 614983 614983 614983 614983 614983 614983 614983 614983 614983 614983 614983 614983 614983 614983 614983 0 0 0 0 0 0 0 0 0 0 0 0 0 0 0 0 0 0 0 0 0 0 0 0 0
#obs cpue bio
 4076.89 3916.5 4911.15 7680.04 9770.98 8009.05 8977.05 9094.09 15961.1 21982.2 13371.1 39892.7 47572.3 39281 34330.8 16340 36690.8 30539.7 24285.7 31102.9 29257.1 41066.1 24934.7 52798.4 26238.7 36174.9 43622.3 43026.3 44664.5
#pred surv len freq
 2.14139e-27 2.16249e-27 5.48709e-27 1.13731e-21 6.764e-17 9.24857e-13 2.9073e-09 2.10111e-06 0.000349097 0.0133353 0.117111 0.236453 0.11039 0.028629 0.103602 0.145863 0.0594909 0.0481695 0.0420562 0.0261114 0.020265 0.0157981 0.0146205 0.0126154 0.00513888
 2.1434e-27 2.16856e-27 6.1752e-27 1.37077e-21 8.15247e-17 1.11471e-12 3.50409e-09 2.53242e-06 0.000420757 0.0160726 0.141151 0.284989 0.132933 0.0314048 0.105925 0.148761 0.0561453 0.0326524 0.0252912 0.0102122 0.00560109 0.00337905 0.00246948 0.00185608 0.000733399
 2.14411e-27 2.17045e-27 6.38021e-27 1.44031e-21 8.56605e-17 1.17125e-12 3.68185e-09 2.66089e-06 0.000442102 0.016888 0.148311 0.299446 0.139625 0.0316224 0.102897 0.144423 0.0538031 0.0291301 0.0217522 0.00713683 0.00271177 0.000984666 0.000460664 0.000266348 9.62519e-05
 2.14383e-27 2.16977e-27 6.30841e-27 1.41594e-21 8.42116e-17 1.15144e-12 3.61958e-09 2.61588e-06 0.000434624 0.0166024 0.145803 0.294381 0.137299 0.0320401 0.106974 0.150153 0.0556204 0.0291461 0.0215693 0.00682408 0.00233048 0.000608838 0.000148409 4.82153e-05 1.40083e-05
 2.14431e-27 2.17097e-27 6.43519e-27 1.45895e-21 8.67694e-17 1.18642e-12 3.72951e-09 2.69533e-06 0.000447825 0.0171066 0.150231 0.303322 0.141417 0.0316104 0.101656 0.142661 0.0530248 0.0283289 0.0209709 0.00647729 0.00212431 0.000513046 9.04433e-05 1.36751e-05 2.23862e-06
 2.14281e-27 2.16727e-27 6.04426e-27 1.32634e-21 7.88826e-17 1.07858e-12 3.39053e-09 2.45034e-06 0.000407121 0.0155517 0.136576 0.275754 0.128718 0.032866 0.11763 0.16519 0.0611526 0.0319289 0.0236069 0.00743889 0.00248677 0.000585411 9.46517e-05 1.00227e-05 7.52749e-07
 2.14109e-27 2.16307e-27 5.60287e-27 1.17663e-21 6.99786e-17 9.56833e-13 3.00782e-09 2.17376e-06 0.000361167 0.0137963 0.12116 0.244629 0.114373 0.0340486 0.134231 0.188655 0.0703381 0.0382305 0.0282807 0.00848135 0.00266998 0.000631141 0.00010156 9.84784e-06 5.1432e-07
 2.14454e-27 2.17157e-27 6.5035e-27 1.48215e-21 8.81491e-17 1.20528e-12 3.78882e-09 2.73819e-06 0.000454946 0.0173786 0.15262 0.308145 0.143621 0.0309313 0.0960571 0.134849 0.0513776 0.0312542 0.0235008 0.00704484 0.0021877 0.000491894 7.55475e-05 7.2176e-06 3.48755e-07
 2.14767e-27 2.17913e-27 7.28852e-27 1.74837e-21 1.03982e-16 1.42177e-12 4.46935e-09 3.23001e-06 0.000536662 0.0205001 0.180033 0.363491 0.169164 0.029755 0.0721941 0.100946 0.0357597 0.0137656 0.0095886 0.00300938 0.000993617 0.000223897 3.33494e-05 3.03348e-06 1.41235e-07
 2.14277e-27 2.16705e-27 6.00399e-27 1.3126e-21 7.80654e-17 1.06741e-12 3.3554e-09 2.42496e-06 0.000402903 0.0153906 0.135161 0.272898 0.127456 0.0344217 0.127988 0.17956 0.0631218 0.022723 0.0153179 0.00414205 0.00111392 0.000255998 4.01488e-05 3.63229e-06 1.62827e-07
 2.14272e-27 2.16707e-27 6.02474e-27 1.31973e-21 7.84892e-17 1.0732e-12 3.37362e-09 2.43812e-06 0.000405091 0.0154742 0.135895 0.274379 0.128078 0.0327382 0.117265 0.164739 0.0619135 0.0351024 0.0256852 0.00651017 0.00148521 0.000285984 3.85153e-05 3.49713e-06 1.59773e-07
 2.14694e-27 2.17735e-27 7.10218e-27 1.68517e-21 1.00223e-16 1.37037e-12 4.30779e-09 3.11325e-06 0.000517262 0.0197591 0.173525 0.350351 0.163106 0.0302019 0.0788827 0.110412 0.03964 0.016928 0.0119645 0.0034919 0.00100749 0.000186624 2.07423e-05 1.56114e-06 6.55524e-08
 2.14471e-27 2.17183e-27 6.51062e-27 1.48446e-21 8.82867e-17 1.20716e-12 3.79473e-09 2.74246e-06 0.000455656 0.0174058 0.152858 0.308627 0.143911 0.0327327 0.106909 0.149835 0.0524561 0.0181927 0.0121643 0.00333313 0.000900797 0.00018968 2.48531e-05 1.75628e-06 6.14017e-08
 2.14254e-27 2.16655e-27 5.9589e-27 1.29734e-21 7.71579e-17 1.055e-12 3.3164e-09 2.39677e-06 0.00039822 0.0152117 0.13359 0.269725 0.12597 0.033905 0.12579 0.17659 0.063828 0.0285752 0.0200609 0.00500328 0.0011069 0.000213035 2.77044e-05 2.20142e-06 8.17488e-08
 2.14193e-27 2.16505e-27 5.80164e-27 1.244e-21 7.39855e-17 1.01162e-12 3.18004e-09 2.29823e-06 0.000381847 0.0145863 0.128098 0.258636 0.120858 0.0343023 0.131558 0.184741 0.0669931 0.0306839 0.0217538 0.00573582 0.0013947 0.000246902 2.67385e-05 1.95862e-06 7.54459e-08
 2.14294e-27 2.16755e-27 6.06717e-27 1.33408e-21 7.93431e-17 1.08488e-12 3.41032e-09 2.46465e-06 0.000409498 0.0156425 0.137373 0.277363 0.129479 0.0333024 0.11981 0.168194 0.0613294 0.0291364 0.0208032 0.00550673 0.00136294 0.000254064 2.85977e-05 1.892e-06 6.38482e-08
 2.1447e-27 2.17182e-27 6.51088e-27 1.48456e-21 8.82925e-17 1.20724e-12 3.79498e-09 2.74264e-06 0.000455686 0.0174069 0.152868 0.308647 0.143914 0.032574 0.105934 0.148493 0.0524145 0.0195521 0.0132556 0.00346619 0.00084042 0.000156735 1.80904e-05 1.24519e-06 4.11996e-08
 2.1426e-27 2.16668e-27 5.9706e-27 1.3013e-21 7.73936e-17 1.05822e-12 3.32652e-09 2.40409e-06 0.000399436 0.0152582 0.133998 0.270549 0.126354 0.0339937 0.126084 0.176978 0.0636236 0.0274123 0.0191357 0.00486803 0.00111382 0.000204383 2.34787e-05 1.63461e-06 5.56168e-08
 2.14357e-27 2.16907e-27 6.22499e-27 1.3876e-21 8.2526e-17 1.1284e-12 3.54713e-09 2.56352e-06 0.000425925 0.01627 0.142884 0.28849 0.134616 0.0331152 0.115313 0.161795 0.0582351 0.0253118 0.017719 0.00455479 0.001058 0.000188521 2.0498e-05 1.39426e-06 4.74539e-08
 2.14358e-27 2.16905e-27 6.21788e-27 1.38517e-21 8.23812e-17 1.12642e-12 3.5409e-09 2.55902e-06 0.000425177 0.0162415 0.142634 0.287983 0.134397 0.0335359 0.118034 0.16556 0.0585983 0.0223655 0.0152201 0.00391016 0.000910203 0.000163553 1.77922e-05 1.1693e-06 3.8224e-08
 2.14385e-27 2.16977e-27 6.30054e-27 1.41324e-21 8.40507e-17 1.14924e-12 3.61266e-09 2.61088e-06 0.000433794 0.0165706 0.145524 0.293819 0.137064 0.0327008 0.111177 0.155994 0.0565766 0.0259329 0.0183147 0.00463591 0.00104486 0.000187175 2.05451e-05 1.35855e-06 4.38461e-08
 2.14437e-27 2.17102e-27 6.4281e-27 1.45649e-21 8.66229e-17 1.18441e-12 3.72322e-09 2.69078e-06 0.000447069 0.0170777 0.149978 0.30281 0.141221 0.032709 0.108517 0.15216 0.0540626 0.0212979 0.0146514 0.0039012 0.00097013 0.000174323 1.86362e-05 1.22565e-06 3.97791e-08
 2.14342e-27 2.16868e-27 6.17986e-27 1.37228e-21 8.16146e-17 1.11593e-12 3.50795e-09 2.53521e-06 0.000421221 0.0160904 0.141306 0.285304 0.133159 0.0335513 0.118935 0.166851 0.0593517 0.0235938 0.0161872 0.00410978 0.00094007 0.000174648 2.0101e-05 1.33566e-06 4.27335e-08
 2.14419e-27 2.17058e-27 6.3836e-27 1.4414e-21 8.57255e-17 1.17214e-12 3.68465e-09 2.66291e-06 0.000442438 0.0169008 0.148424 0.299674 0.13977 0.0326884 0.109336 0.15335 0.0549715 0.02319 0.0161051 0.00406028 0.000905661 0.000160023 1.74807e-05 1.19659e-06 4.00108e-08
 2.14379e-27 2.16958e-27 6.27443e-27 1.40435e-21 8.35222e-17 1.14202e-12 3.58994e-09 2.59446e-06 0.000431066 0.0164664 0.144609 0.291972 0.136234 0.033329 0.115569 0.162086 0.0573947 0.0219882 0.0149809 0.00385985 0.000900624 0.000159077 1.67965e-05 1.09366e-06 3.58641e-08
 2.14273e-27 2.16699e-27 6.00153e-27 1.31178e-21 7.80169e-17 1.06674e-12 3.35332e-09 2.42345e-06 0.000402653 0.0153811 0.135077 0.272728 0.127365 0.0340876 0.126 0.176826 0.0631057 0.0257348 0.0177238 0.00441382 0.000961271 0.000170887 1.86188e-05 1.20551e-06 3.80961e-08
 2.14315e-27 2.16803e-27 6.11496e-27 1.35028e-21 8.03061e-17 1.09804e-12 3.45171e-09 2.49456e-06 0.000414468 0.0158324 0.139041 0.28073 0.131041 0.0334551 0.119727 0.168026 0.0605637 0.02659 0.0186209 0.00470517 0.00105014 0.00018154 1.88288e-05 1.22024e-06 3.90656e-08
 2.14426e-27 2.17077e-27 6.40388e-27 1.44828e-21 8.61348e-17 1.17774e-12 3.70224e-09 2.67562e-06 0.00044455 0.0169815 0.149133 0.301105 0.140427 0.0325646 0.108149 0.151683 0.0544706 0.0232865 0.0162738 0.0042553 0.00102143 0.000181606 1.90396e-05 1.20042e-06 3.73782e-08
 2.14559e-27 2.17401e-27 6.74666e-27 1.56456e-21 9.30502e-17 1.2723e-12 3.99948e-09 2.89044e-06 0.000480242 0.0183449 0.161106 0.325278 0.151563 0.0315032 0.0943842 0.132257 0.0472844 0.0195574 0.0135862 0.00358661 0.00088332 0.000163722 1.8324e-05 1.19386e-06 3.71235e-08
#obs surv len freq
 8.68793e-40 4.25214e-33 4.78458e-27 1.23772e-21 7.36121e-17 1.00651e-12 3.16398e-09 2.28662e-06 0.000379924 0.0145126 0.12745 0.257329 0.120177 0.0322484 0.119412 0.167918 0.0649921 0.0426175 0.033265 0.012442 0.00525863 0.00159285 0.000351611 4.76701e-05 3.31186e-06
 1.03807e-39 5.08063e-33 5.71681e-27 1.47888e-21 8.79548e-17 1.20262e-12 3.78045e-09 2.73214e-06 0.000453949 0.0173403 0.152282 0.307464 0.143294 0.0306028 0.0942564 0.132341 0.0508426 0.0322224 0.024924 0.00900435 0.00364939 0.00106212 0.000225895 2.97105e-05 1.99477e-06
 9.69977e-40 4.74736e-33 5.34181e-27 1.38188e-21 8.21853e-17 1.12374e-12 3.53247e-09 2.55293e-06 0.000424172 0.0162028 0.142293 0.287297 0.134055 0.0328454 0.114025 0.160001 0.0578404 0.0259811 0.0189468 0.00662517 0.00257824 0.000718428 0.000145071 1.82497e-05 1.18232e-06
 1.05096e-39 5.14373e-33 5.78781e-27 1.49725e-21 8.90472e-17 1.21756e-12 3.82741e-09 2.76608e-06 0.000459587 0.0175556 0.154174 0.311283 0.145088 0.0313599 0.0977275 0.137106 0.0508453 0.0268029 0.0196454 0.00567159 0.00173118 0.000450421 8.61543e-05 1.02589e-05 6.32714e-07
 9.85436e-40 4.82302e-33 5.42694e-27 1.4039e-21 8.34951e-17 1.14165e-12 3.58877e-09 2.59361e-06 0.000430932 0.0164611 0.144561 0.291876 0.136172 0.0328662 0.112772 0.15821 0.0568936 0.0245987 0.0175434 0.00542886 0.00174106 0.000378119 5.82671e-05 6.32704e-06 3.67866e-07
 8.17453e-40 4.00086e-33 4.50184e-27 1.16458e-21 6.92621e-17 9.47034e-13 2.97701e-09 2.15149e-06 0.000357473 0.013655 0.119918 0.242124 0.113244 0.0348341 0.139781 0.196374 0.0716588 0.0342222 0.0245786 0.00684345 0.00191271 0.000425677 6.29981e-05 5.63789e-06 2.79968e-07
 7.94795e-40 3.88997e-33 4.37706e-27 1.1323e-21 6.73424e-17 9.20785e-13 2.8945e-09 2.09186e-06 0.000347565 0.0132765 0.116595 0.235413 0.110097 0.0336448 0.134543 0.189252 0.0726876 0.0459314 0.0345886 0.0100307 0.00291264 0.000592453 7.92526e-05 6.83347e-06 3.0119e-07
 1.32914e-39 6.5052e-33 7.31975e-27 1.89355e-21 1.12617e-16 1.53983e-12 4.84046e-09 3.49821e-06 0.000581233 0.0222024 0.194981 0.393671 0.183031 0.0274594 0.0490846 0.0685084 0.026163 0.0161128 0.012298 0.00411031 0.00143885 0.000309621 4.12875e-05 3.26695e-06 1.32953e-07
 1.10482e-39 5.40735e-33 6.08443e-27 1.57399e-21 9.36108e-17 1.27996e-12 4.02356e-09 2.90784e-06 0.000483141 0.0184554 0.162075 0.327236 0.152512 0.0326517 0.100805 0.141079 0.0472752 0.00959567 0.00531351 0.0017269 0.000612075 0.00015071 2.35719e-05 1.95846e-06 7.68332e-08
 6.34593e-40 3.10589e-33 3.4948e-27 9.04072e-22 5.37685e-17 7.35188e-13 2.31107e-09 1.67021e-06 0.000277508 0.0106005 0.0930933 0.187966 0.088351 0.0386943 0.179669 0.252414 0.0889687 0.0327458 0.021738 0.00465356 0.000670083 0.000133017 2.18838e-05 2.08558e-06 9.07882e-08
 1.23367e-39 6.03795e-33 6.794e-27 1.75754e-21 1.04528e-16 1.42923e-12 4.49279e-09 3.24695e-06 0.000539484 0.0206076 0.180976 0.365396 0.169974 0.027878 0.0601631 0.0843191 0.0344385 0.0277664 0.0212069 0.00537435 0.00116973 0.000172702 1.3625e-05 1.0086e-06 4.68624e-08
 1.18108e-39 5.78058e-33 6.5044e-27 1.68263e-21 1.00072e-16 1.36831e-12 4.30128e-09 3.10855e-06 0.000516489 0.0197292 0.173262 0.349822 0.162902 0.0312719 0.0855747 0.119655 0.0403057 0.00889547 0.00524048 0.00193929 0.000731454 0.000136963 1.31959e-05 6.87801e-07 1.90263e-08
 8.8235e-40 4.31849e-33 4.85924e-27 1.25704e-21 7.47608e-17 1.02222e-12 3.21335e-09 2.3223e-06 0.000385853 0.0147391 0.129439 0.261345 0.122163 0.035695 0.139243 0.195312 0.0671694 0.0193855 0.012009 0.0026009 0.000406169 9.01609e-05 1.40035e-05 9.56855e-07 2.65376e-08
 9.24898e-40 4.52674e-33 5.09355e-27 1.31765e-21 7.83659e-17 1.07151e-12 3.3683e-09 2.43428e-06 0.000404459 0.0154498 0.13568 0.273946 0.127898 0.0332786 0.120694 0.16949 0.0624683 0.0317152 0.0226347 0.00526191 0.00093126 0.000132796 1.13632e-05 8.75174e-07 3.41663e-08
 7.40929e-40 3.62633e-33 4.08041e-27 1.05556e-21 6.27783e-17 8.5838e-13 2.69833e-09 1.95009e-06 0.000324009 0.0123767 0.108693 0.219459 0.10282 0.0362512 0.155262 0.21814 0.0785874 0.0344054 0.0243972 0.00700084 0.00193373 0.000319438 2.628e-05 1.31093e-06 3.79519e-08
 1.12234e-39 5.49309e-33 6.18092e-27 1.59894e-21 9.50952e-17 1.30026e-12 4.08736e-09 2.95395e-06 0.000490802 0.018748 0.164645 0.332424 0.154807 0.0298944 0.0824094 0.115598 0.0444088 0.028079 0.0209919 0.00568267 0.00148349 0.000296939 3.50937e-05 2.04081e-06 5.0439e-08
 8.75997e-40 4.2874e-33 4.82425e-27 1.24799e-21 7.42225e-17 1.01486e-12 3.19022e-09 2.30558e-06 0.000383075 0.014633 0.128507 0.259464 0.121292 0.0356653 0.139628 0.195853 0.0673043 0.0192967 0.0124034 0.00396721 0.00130701 0.000260133 3.1387e-05 2.26202e-06 7.24033e-08
 9.58263e-40 4.69003e-33 5.2773e-27 1.36519e-21 8.11928e-17 1.11017e-12 3.48981e-09 2.5221e-06 0.00041905 0.0160072 0.140575 0.283828 0.13245 0.032831 0.114983 0.161431 0.0595011 0.0302169 0.0215609 0.00501339 0.000952152 0.000198373 2.8485e-05 2.15481e-06 7.60132e-08
 1.00888e-39 4.93778e-33 5.55607e-27 1.4373e-21 8.54817e-17 1.16881e-12 3.67416e-09 2.65532e-06 0.000441186 0.0168527 0.148001 0.29882 0.139375 0.0326753 0.109514 0.153599 0.0550332 0.0231486 0.0162903 0.00469653 0.00130732 0.000219959 2.1349e-05 1.61459e-06 6.35391e-08
 8.68205e-40 4.24926e-33 4.78134e-27 1.23689e-21 7.35622e-17 1.00583e-12 3.16184e-09 2.28507e-06 0.000379667 0.0145028 0.127364 0.257155 0.120201 0.0350321 0.136459 0.191532 0.067781 0.0258431 0.0176331 0.00467143 0.00117817 0.000235325 2.82018e-05 1.7644e-06 5.59515e-08
 1.11561e-39 5.46015e-33 6.14385e-27 1.58936e-21 9.4525e-17 1.29246e-12 4.06285e-09 2.93623e-06 0.000487859 0.0186356 0.163658 0.330431 0.153916 0.0306967 0.087908 0.123229 0.0454767 0.0232802 0.0167825 0.00429625 0.000993659 0.000182768 2.14405e-05 1.5472e-06 5.15284e-08
 8.90728e-40 4.35949e-33 4.90537e-27 1.26897e-21 7.54706e-17 1.03192e-12 3.24386e-09 2.34435e-06 0.000389517 0.014879 0.130668 0.263826 0.123296 0.0353223 0.136219 0.191079 0.0660403 0.0201582 0.0130658 0.00376561 0.00106946 0.000196538 2.11165e-05 1.43005e-06 4.93157e-08
 1.00514e-39 4.91947e-33 5.53547e-27 1.43197e-21 8.51649e-17 1.16448e-12 3.66054e-09 2.64548e-06 0.00043955 0.0167903 0.147452 0.297713 0.13885 0.0323129 0.107636 0.151043 0.0553938 0.0272843 0.0193996 0.0045927 0.000898027 0.00017069 2.1272e-05 1.4435e-06 4.65443e-08
 1.03517e-39 5.06646e-33 5.70086e-27 1.47476e-21 8.77094e-17 1.19927e-12 3.76991e-09 2.72452e-06 0.000452683 0.0172919 0.151858 0.306607 0.142971 0.0325683 0.106514 0.149323 0.0528841 0.0203007 0.0139763 0.00396566 0.00108174 0.000183708 1.76268e-05 1.19902e-06 4.16865e-08
 8.70946e-40 4.26268e-33 4.79643e-27 1.24079e-21 7.37945e-17 1.00901e-12 3.17182e-09 2.29228e-06 0.000380866 0.0145486 0.127766 0.257967 0.120577 0.0350284 0.136191 0.191151 0.0675985 0.0256175 0.0174033 0.00447434 0.0010613 0.000206909 2.44907e-05 1.52452e-06 4.59452e-08
 9.25796e-40 4.53113e-33 5.0985e-27 1.31893e-21 7.84419e-17 1.07255e-12 3.37157e-09 2.43664e-06 0.000404852 0.0154648 0.135812 0.274212 0.12802 0.0332412 0.120385 0.169049 0.0622218 0.0313488 0.0225297 0.00574068 0.00130754 0.000232589 2.58314e-05 1.81046e-06 5.95286e-08
 9.73462e-40 4.76442e-33 5.361e-27 1.38684e-21 8.24806e-17 1.12777e-12 3.54517e-09 2.5621e-06 0.000425696 0.016261 0.142805 0.28833 0.134539 0.033044 0.114927 0.161255 0.0580883 0.0254146 0.0180132 0.00515844 0.00144478 0.000263237 2.76444e-05 1.7943e-06 5.92117e-08
 1.12753e-39 5.51846e-33 6.20946e-27 1.60633e-21 9.55344e-17 1.30626e-12 4.10624e-09 2.96759e-06 0.000493069 0.0188346 0.165406 0.33396 0.155561 0.0310635 0.0890836 0.124786 0.0446476 0.0185779 0.0129533 0.00350572 0.000917275 0.000184497 2.27783e-05 1.52177e-06 4.76132e-08
 1.12753e-39 5.51846e-33 6.20946e-27 1.60633e-21 9.55344e-17 1.30626e-12 4.10624e-09 2.96759e-06 0.000493069 0.0188346 0.165406 0.33396 0.155561 0.0310635 0.0890836 0.124786 0.0446476 0.0185779 0.0129533 0.00350572 0.000917275 0.000184497 2.27783e-05 1.52177e-06 4.76132e-08
#pred catch len freq
 2.13494e-27 2.14591e-27 3.70967e-27 5.34402e-22 3.17829e-17 4.34574e-13 1.36609e-09 9.87276e-07 0.000164035 0.00626601 0.0550284 0.11111 0.0524821 0.0297054 0.147945 0.208846 0.0876353 0.0778127 0.0685616 0.0426546 0.0331173 0.0258044 0.0238749 0.0205994 0.00839111
 2.13596e-27 2.15024e-27 4.24641e-27 7.16558e-22 4.26164e-17 5.82703e-13 1.83173e-09 1.3238e-06 0.000219947 0.00840184 0.0737854 0.148982 0.070212 0.0356025 0.172542 0.242986 0.0936924 0.0604331 0.0474821 0.0192168 0.0105534 0.00636406 0.00464964 0.00349445 0.00138076
 2.13648e-27 2.1518e-27 4.421e-27 7.75779e-22 4.61385e-17 6.30862e-13 1.98312e-09 1.43321e-06 0.000238125 0.00909622 0.0798835 0.161294 0.0759413 0.0365936 0.174884 0.24618 0.093612 0.0564398 0.042822 0.0140809 0.00536072 0.00194604 0.000910066 0.000526125 0.000190126
 2.1363e-27 2.15136e-27 4.37393e-27 7.59801e-22 4.51882e-17 6.17868e-13 1.94228e-09 1.40369e-06 0.000233221 0.00890887 0.0782382 0.157972 0.0744261 0.0371376 0.179206 0.252232 0.0952408 0.055412 0.0416717 0.0132105 0.00452002 0.0011807 0.000287669 9.34394e-05 2.71466e-05
 2.13663e-27 2.15219e-27 4.46293e-27 7.89995e-22 4.6984e-17 6.42422e-13 2.01946e-09 1.45947e-06 0.000242489 0.00926291 0.0813474 0.16425 0.0773137 0.0367531 0.174968 0.246279 0.0934474 0.0557162 0.0419294 0.0129792 0.00426623 0.00103032 0.00018156 2.74457e-05 4.49248e-06
 2.13569e-27 2.14987e-27 4.21534e-27 7.06e-22 4.19885e-17 5.74117e-13 1.80475e-09 1.30429e-06 0.000216707 0.00827805 0.0726982 0.146788 0.0692779 0.037744 0.186279 0.262196 0.0986799 0.0564455 0.0423277 0.0133561 0.00447005 0.00105206 0.000170024 1.79997e-05 1.35171e-06
 2.13448e-27 2.14692e-27 3.90631e-27 6.01186e-22 3.57548e-17 4.88883e-13 1.53681e-09 1.11066e-06 0.000184534 0.00704907 0.0619053 0.124997 0.0592307 0.0384621 0.197231 0.277706 0.105158 0.0620497 0.046463 0.0139463 0.00439348 0.00103823 0.000166987 1.61885e-05 8.4538e-07
 2.13759e-27 2.15461e-27 4.72443e-27 8.7873e-22 5.22614e-17 7.14581e-13 2.2463e-09 1.6234e-06 0.000269726 0.0103034 0.0904846 0.182697 0.0857901 0.0353628 0.16092 0.226572 0.087777 0.0576952 0.0438235 0.0131455 0.00408418 0.000918007 0.00014092 1.34599e-05 6.50316e-07
 2.1405e-27 2.16153e-27 5.42753e-27 1.11709e-21 6.64378e-17 9.08418e-13 2.85562e-09 2.06377e-06 0.000342892 0.0130982 0.115029 0.232252 0.108711 0.0356436 0.147698 0.20746 0.0745562 0.0320853 0.0229041 0.00720701 0.00238518 0.000537482 8.00269e-05 7.2778e-06 3.3881e-07
 2.13587e-27 2.15011e-27 4.21148e-27 7.04547e-22 4.19021e-17 5.72936e-13 1.80103e-09 1.30161e-06 0.000216261 0.00826101 0.0725487 0.146486 0.0692337 0.0402786 0.201843 0.283725 0.10076 0.039543 0.0272162 0.0073684 0.00198382 0.00045583 7.14572e-05 6.46338e-06 2.89707e-07
 2.13627e-27 2.15129e-27 4.36534e-27 7.56881e-22 4.50146e-17 6.15494e-13 1.93481e-09 1.3983e-06 0.000232325 0.00887464 0.0779376 0.157366 0.0741476 0.0371945 0.179738 0.253033 0.0963084 0.0582319 0.0429999 0.0109002 0.00248614 0.00047851 6.4405e-05 5.8462e-06 2.67066e-07
 2.13998e-27 2.16028e-27 5.29868e-27 1.0734e-21 6.38392e-17 8.72888e-13 2.74393e-09 1.98305e-06 0.000329481 0.0125859 0.11053 0.223169 0.104515 0.0357416 0.151034 0.212234 0.0772351 0.0362432 0.0260923 0.00762659 0.00220369 0.000408195 4.53469e-05 3.41197e-06 1.43251e-07
 2.13773e-27 2.15466e-27 4.69208e-27 8.6757e-22 5.15977e-17 7.05506e-13 2.21777e-09 1.60279e-06 0.000266301 0.0101725 0.0893355 0.180378 0.0848472 0.0388074 0.182647 0.256632 0.09071 0.0342421 0.0233905 0.00641702 0.00173608 0.000365505 4.78692e-05 3.38198e-06 1.18222e-07
 2.13617e-27 2.15093e-27 4.30884e-27 7.37628e-22 4.38695e-17 5.99837e-13 1.8856e-09 1.36273e-06 0.000226415 0.0086489 0.0759551 0.153363 0.072363 0.0389453 0.191632 0.269522 0.0983687 0.0469981 0.0333971 0.00833134 0.00184279 0.000354514 4.60765e-05 3.66028e-06 1.35907e-07
 2.1357e-27 2.14979e-27 4.19093e-27 6.97641e-22 4.14913e-17 5.6732e-13 1.78338e-09 1.28885e-06 0.000214141 0.00818003 0.0718375 0.14505 0.0685273 0.0391493 0.195382 0.274837 0.10062 0.0490524 0.0351728 0.00927511 0.00225454 0.000398963 4.31796e-05 3.16187e-06 1.21779e-07
 2.13689e-27 2.15272e-27 4.50208e-27 8.03197e-22 4.77691e-17 6.53158e-13 2.05321e-09 1.48386e-06 0.000246541 0.00941771 0.0827068 0.166995 0.0786297 0.0380046 0.181781 0.255675 0.0939951 0.0470239 0.0338786 0.00896552 0.00221685 0.000413011 4.64603e-05 3.07281e-06 1.0368e-07
 2.1378e-27 2.15485e-27 4.71485e-27 8.75309e-22 5.20579e-17 7.118e-13 2.23755e-09 1.61708e-06 0.000268676 0.0102632 0.0901324 0.181987 0.0855775 0.0384482 0.17997 0.252914 0.0901724 0.0365051 0.025221 0.00660136 0.00160201 0.000298728 3.44619e-05 2.37143e-06 7.84533e-08
 2.13636e-27 2.15137e-27 4.35354e-27 7.52778e-22 4.47705e-17 6.12157e-13 1.92432e-09 1.39071e-06 0.000231065 0.00882653 0.077515 0.156513 0.0738226 0.0390383 0.19125 0.268937 0.0975131 0.0446128 0.0315106 0.00801682 0.00183337 0.000336265 3.86057e-05 2.68695e-06 9.14096e-08
 2.1373e-27 2.15369e-27 4.59878e-27 8.35971e-22 4.97183e-17 6.7981e-13 2.13699e-09 1.54441e-06 0.000256601 0.009802 0.0860816 0.173808 0.0817869 0.0381936 0.18088 0.254318 0.0923109 0.0425421 0.0301202 0.00774281 0.00179749 0.000320144 3.47882e-05 2.36549e-06 8.04987e-08
 2.13689e-27 2.15263e-27 4.48044e-27 7.95795e-22 4.7329e-17 6.47139e-13 2.03429e-09 1.47019e-06 0.000244269 0.00933093 0.0819447 0.165456 0.0779627 0.0391817 0.18943 0.266266 0.0951217 0.0391022 0.0270581 0.00695594 0.00161987 0.000291008 3.16405e-05 2.07879e-06 6.79452e-08
 2.13736e-27 2.15386e-27 4.62041e-27 8.43325e-22 5.01557e-17 6.8579e-13 2.15579e-09 1.558e-06 0.000258859 0.00988823 0.0868389 0.175337 0.082479 0.0378021 0.17803 0.250358 0.0917188 0.0448882 0.0320805 0.00812229 0.00183032 0.000327764 3.5956e-05 2.37688e-06 7.67007e-08
 2.13778e-27 2.15482e-27 4.7138e-27 8.74965e-22 5.20375e-17 7.1152e-13 2.23667e-09 1.61645e-06 0.000268571 0.0102592 0.0900969 0.181915 0.0855364 0.0382351 0.17869 0.251148 0.0900443 0.0380426 0.0265709 0.00707836 0.00176045 0.000316247 3.37898e-05 2.22157e-06 7.2092e-08
 2.137e-27 2.1529e-27 4.51053e-27 8.06009e-22 4.79364e-17 6.55445e-13 2.0604e-09 1.48906e-06 0.000247405 0.00945069 0.0829964 0.16758 0.0789349 0.0389308 0.187258 0.263232 0.094429 0.0400471 0.0278606 0.00707556 0.00161815 0.000300506 3.45671e-05 2.29624e-06 7.34561e-08
 2.13772e-27 2.1547e-27 4.70445e-27 8.71808e-22 5.18497e-17 7.08953e-13 2.2286e-09 1.61062e-06 0.000267602 0.0102222 0.0897719 0.181259 0.0852237 0.037988 0.177379 0.249357 0.090204 0.0406165 0.0285781 0.0072068 0.00160723 0.000283884 3.09928e-05 2.12085e-06 7.0906e-08
 2.13735e-27 2.15374e-27 4.59778e-27 8.35598e-22 4.96961e-17 6.79506e-13 2.13604e-09 1.54372e-06 0.000256487 0.00979762 0.0860432 0.173731 0.0817743 0.0388111 0.184674 0.259555 0.0926573 0.0378787 0.0261873 0.00674932 0.00157459 0.000278025 2.93388e-05 1.90971e-06 6.26154e-08
 2.13646e-27 2.15158e-27 4.37138e-27 7.58813e-22 4.51295e-17 6.17065e-13 1.93975e-09 1.40186e-06 0.000232918 0.00889729 0.0781365 0.157768 0.0744124 0.0392948 0.192438 0.270557 0.0973531 0.042213 0.0294474 0.00733462 0.00159675 0.000283737 3.08959e-05 1.9998e-06 6.31879e-08
 2.13673e-27 2.15228e-27 4.45094e-27 7.85824e-22 4.67359e-17 6.39031e-13 2.0088e-09 1.45177e-06 0.000241209 0.00921401 0.0809179 0.163383 0.0769823 0.0385965 0.186483 0.262237 0.0954191 0.0446957 0.0316895 0.00800925 0.00178722 0.000308851 3.20143e-05 2.07408e-06 6.63915e-08
 2.13754e-27 2.15426e-27 4.66011e-27 8.56775e-22 5.09556e-17 6.96727e-13 2.19017e-09 1.58284e-06 0.000262987 0.0100459 0.0882238 0.178133 0.0837786 0.0379844 0.1783 0.250677 0.0909778 0.0418959 0.0297097 0.00777302 0.00186652 0.000331787 3.47659e-05 2.19128e-06 6.82214e-08
 2.1363e-27 2.15126e-27 4.34887e-27 7.51227e-22 4.46783e-17 6.10896e-13 1.92036e-09 1.38785e-06 0.000230589 0.00880835 0.0773554 0.156191 0.073651 0.0384368 0.187675 0.264001 0.0971695 0.0489608 0.0353277 0.00937784 0.00232965 0.000432512 4.84081e-05 3.15361e-06 9.80537e-08
#obs catch len freq
 4.11108e-40 2.01209e-33 2.26404e-27 5.85685e-22 3.48329e-17 4.76277e-13 1.49718e-09 1.08201e-06 0.000179778 0.0068673 0.0603086 0.121773 0.0576454 0.0359281 0.182731 0.257619 0.102681 0.0760299 0.0605084 0.0234691 0.0102653 0.00316784 0.00071718 0.000100558 7.25878e-06
 4.22572e-40 2.0682e-33 2.32717e-27 6.02017e-22 3.58042e-17 4.89557e-13 1.53893e-09 1.11219e-06 0.000184791 0.00705879 0.0619903 0.125169 0.0592304 0.0363364 0.184201 0.259613 0.102373 0.0726499 0.0572535 0.021441 0.00906538 0.00274112 0.000603825 8.17274e-05 5.67086e-06
 5.76831e-40 2.82319e-33 3.1767e-27 8.21781e-22 4.88744e-17 6.68269e-13 2.10071e-09 1.51819e-06 0.000252249 0.00963559 0.0846197 0.170857 0.0803085 0.035156 0.163225 0.229893 0.0898358 0.0613892 0.0479356 0.017332 0.00702476 0.00204074 0.00043308 5.68628e-05 3.81292e-06
 5.20991e-40 2.54989e-33 2.86918e-27 7.42229e-22 4.41431e-17 6.03578e-13 1.89735e-09 1.37122e-06 0.00022783 0.00870282 0.0764281 0.154319 0.0727853 0.0384224 0.188149 0.264627 0.0967109 0.0467125 0.0345276 0.0120803 0.00469991 0.00130717 0.000263354 3.30708e-05 2.13971e-06
 6.0199e-40 2.94632e-33 3.31525e-27 8.57624e-22 5.10061e-17 6.97416e-13 2.19233e-09 1.5844e-06 0.000263251 0.0100559 0.0883105 0.178309 0.083809 0.036631 0.169984 0.239172 0.0898264 0.0507854 0.0376264 0.0108655 0.00331503 0.000860858 0.000164277 1.95263e-05 1.20264e-06
 5.49233e-40 2.68811e-33 3.02471e-27 7.82464e-22 4.65361e-17 6.36296e-13 2.0002e-09 1.44555e-06 0.00024018 0.00917458 0.0805712 0.162684 0.076656 0.0385146 0.186191 0.261812 0.0950164 0.0437969 0.0316252 0.00978511 0.00313529 0.000679721 0.000104457 1.13196e-05 6.57208e-07
 4.11188e-40 2.01248e-33 2.26447e-27 5.85798e-22 3.48396e-17 4.76369e-13 1.49747e-09 1.08222e-06 0.000179813 0.00686862 0.0603203 0.121798 0.0578032 0.0398332 0.206564 0.290668 0.107131 0.0544442 0.0395234 0.0110016 0.00307108 0.000682181 0.000100718 8.99616e-06 4.46e-07
 3.95759e-40 1.93697e-33 2.17951e-27 5.63818e-22 3.35324e-17 4.58494e-13 1.44128e-09 1.04162e-06 0.000173066 0.0066109 0.058057 0.117228 0.0556114 0.0377283 0.195092 0.274897 0.106995 0.0717533 0.0544354 0.0157781 0.00457541 0.000929052 0.000123951 1.06668e-05 4.69454e-07
 9.79174e-40 4.79238e-33 5.39246e-27 1.39498e-21 8.29646e-17 1.13439e-12 3.56597e-09 2.57713e-06 0.000428194 0.0163565 0.143642 0.290021 0.135253 0.0312377 0.10339 0.145269 0.0561618 0.0366067 0.0281423 0.00939713 0.00328449 0.000705498 9.38417e-05 7.41133e-06 3.01142e-07
 6.90044e-40 3.37729e-33 3.80018e-27 9.83069e-22 5.84668e-17 7.99429e-13 2.51301e-09 1.81616e-06 0.000301757 0.0115267 0.101228 0.204389 0.0959697 0.0393801 0.178905 0.251038 0.0843602 0.0179224 0.01017 0.00330359 0.00116865 0.000287132 4.4804e-05 3.71627e-06 1.45584e-07
 3.01926e-40 1.47772e-33 1.66275e-27 4.30138e-22 2.55819e-17 3.49786e-13 1.09956e-09 7.94652e-07 0.000132033 0.00504347 0.0442918 0.0894382 0.0429739 0.0433349 0.237694 0.334248 0.118503 0.0458156 0.0307721 0.00658573 0.000945619 0.000187122 3.0701e-05 2.92064e-06 1.26976e-07
 8.58558e-40 4.20205e-33 4.72821e-27 1.22314e-21 7.27449e-17 9.94656e-13 3.12671e-09 2.25968e-06 0.000375449 0.0143417 0.125949 0.254297 0.118739 0.0312647 0.114322 0.161035 0.0666684 0.0562206 0.0431208 0.0109157 0.00236941 0.000349327 2.74734e-05 2.02721e-06 9.40397e-08
 7.94307e-40 3.88758e-33 4.37437e-27 1.13161e-21 6.73009e-17 9.20219e-13 2.89271e-09 2.09057e-06 0.000347351 0.0132684 0.116523 0.235269 0.110173 0.0374465 0.157794 0.221347 0.0747671 0.0171915 0.0103248 0.00381494 0.00143592 0.00026846 2.58017e-05 1.34234e-06 3.70541e-08
 4.88057e-40 2.3887e-33 2.68781e-27 6.9531e-22 4.13527e-17 5.65423e-13 1.77741e-09 1.28454e-06 0.000213428 0.00815268 0.0715968 0.144566 0.0683991 0.041699 0.211092 0.296548 0.102396 0.0308931 0.0194163 0.00420382 0.000654279 0.000144758 2.24355e-05 1.53098e-06 4.24047e-08
 5.24357e-40 2.56636e-33 2.88771e-27 7.47024e-22 4.44283e-17 6.07477e-13 1.90961e-09 1.38008e-06 0.000229302 0.00875904 0.0769219 0.155316 0.0732402 0.0382628 0.186876 0.262938 0.0976855 0.0519598 0.0373619 0.0086788 0.00153159 0.000218021 1.85937e-05 1.42799e-06 5.56823e-08
 3.75985e-40 1.84018e-33 2.0706e-27 5.35646e-22 3.18569e-17 4.35585e-13 1.36927e-09 9.89571e-07 0.000164419 0.00628058 0.0551561 0.111372 0.053026 0.0409783 0.216697 0.304837 0.110578 0.0507781 0.0363356 0.010413 0.00286913 0.000473279 3.8839e-05 1.93305e-06 5.58439e-08
 7.23796e-40 3.54248e-33 3.98606e-27 1.03115e-21 6.13267e-17 8.38531e-13 2.63593e-09 1.90499e-06 0.000316517 0.0120905 0.106179 0.214384 0.100398 0.0342423 0.144529 0.203417 0.0789384 0.0522333 0.0392694 0.010616 0.00276297 0.000551823 6.50578e-05 3.77751e-06 9.32252e-08
 4.83671e-40 2.36724e-33 2.66365e-27 6.89061e-22 4.09811e-17 5.60342e-13 1.76144e-09 1.273e-06 0.00021151 0.00807941 0.0709534 0.143267 0.0677935 0.0415637 0.210657 0.295933 0.102095 0.0305795 0.0199368 0.00636711 0.00209234 0.000415628 5.0007e-05 3.59707e-06 1.14991e-07
 5.50942e-40 2.69648e-33 3.03412e-27 7.84898e-22 4.66808e-17 6.38276e-13 2.00643e-09 1.45005e-06 0.000240928 0.00920312 0.0808219 0.16319 0.0768666 0.0378939 0.182251 0.256413 0.0952989 0.0508036 0.0365344 0.00848905 0.00160733 0.000333959 4.7835e-05 3.61235e-06 1.27242e-07
 6.03805e-40 2.95521e-33 3.32524e-27 8.60209e-22 5.11599e-17 6.99519e-13 2.19894e-09 1.58918e-06 0.000264045 0.0100862 0.0885768 0.178847 0.0841131 0.038107 0.178832 0.251386 0.0906434 0.0399304 0.0283601 0.0081648 0.0022668 0.000380787 3.6842e-05 2.77919e-06 1.09215e-07
 4.73866e-40 2.31925e-33 2.60965e-27 6.75093e-22 4.01503e-17 5.48983e-13 1.72573e-09 1.24719e-06 0.000207222 0.00791563 0.0695151 0.140362 0.066411 0.0405038 0.205062 0.288281 0.102618 0.0410292 0.0282973 0.00748882 0.00188343 0.000375373 4.48754e-05 2.80262e-06 8.87106e-08
 7.14592e-40 3.49743e-33 3.93537e-27 1.01804e-21 6.05468e-17 8.27868e-13 2.60241e-09 1.88077e-06 0.000312492 0.0119368 0.104829 0.211659 0.0991916 0.0356764 0.154105 0.216694 0.0806243 0.0432696 0.0314271 0.00803657 0.00185337 0.000340171 3.97911e-05 2.86576e-06 9.53123e-08
 4.95985e-40 2.4275e-33 2.73147e-27 7.06605e-22 4.20244e-17 5.74608e-13 1.80629e-09 1.30541e-06 0.000216895 0.00828512 0.0727599 0.146914 0.0694655 0.041189 0.207271 0.291206 0.101076 0.0322525 0.0211848 0.00609774 0.00172714 0.000316818 3.39437e-05 2.29379e-06 7.89764e-08
 5.9684e-40 2.92112e-33 3.28689e-27 8.50288e-22 5.05698e-17 6.9145e-13 2.17358e-09 1.57085e-06 0.000260999 0.00996983 0.0875551 0.176784 0.0831358 0.0374776 0.175612 0.247006 0.0913076 0.0471806 0.0338151 0.00799916 0.00155942 0.000295673 3.67526e-05 2.48955e-06 8.01468e-08
 6.24746e-40 3.0577e-33 3.44057e-27 8.90043e-22 5.29342e-17 7.2378e-13 2.27521e-09 1.6443e-06 0.000273202 0.010436 0.0916488 0.185049 0.0869866 0.0382659 0.177932 0.250039 0.0890915 0.0359098 0.024994 0.0070839 0.00192778 0.000326881 3.12731e-05 2.12228e-06 7.36785e-08
 4.77962e-40 2.33929e-33 2.63221e-27 6.80927e-22 4.04973e-17 5.53727e-13 1.74065e-09 1.25797e-06 0.000209013 0.00798404 0.0701159 0.141575 0.0669719 0.040508 0.204723 0.287795 0.102355 0.0406327 0.0278978 0.00716518 0.00169451 0.000329621 3.89179e-05 2.41836e-06 7.27579e-08
 5.24817e-40 2.56862e-33 2.89025e-27 7.4768e-22 4.44673e-17 6.0801e-13 1.91128e-09 1.38129e-06 0.000229503 0.00876673 0.0769894 0.155452 0.0733014 0.0382143 0.186539 0.262454 0.0973695 0.0514055 0.0372242 0.00947463 0.00215172 0.000381965 4.22981e-05 2.95848e-06 9.71422e-08
 5.653e-40 2.76675e-33 3.11319e-27 8.05354e-22 4.78974e-17 6.5491e-13 2.05872e-09 1.48784e-06 0.000247207 0.00944297 0.0829282 0.167443 0.0788521 0.0384094 0.184115 0.258879 0.0939091 0.0431304 0.0308535 0.00882453 0.00246544 0.000448406 4.69621e-05 3.04176e-06 1.00216e-07
 5.57023e-40 2.72624e-33 3.06761e-27 7.93562e-22 4.71961e-17 6.45322e-13 2.02857e-09 1.46606e-06 0.000243587 0.00930471 0.081714 0.164991 0.0777115 0.0382181 0.183686 0.258336 0.0945724 0.0460934 0.0331548 0.00903657 0.0023907 0.000481885 5.95013e-05 3.9734e-06 1.24231e-07
#spawning biomass
 5139.24 2926.46 3103.37 3942.43 4944.73 6519.87 6645.5 5727.26 6843.76 13693.6 15233.1 14005.9 24031.2 31657.6 27846.4 22755 19158.8 24389.6 21366.3 20311.6 22388.4 23032.6 26212.5 26514.6 28461.7 29515.1 26694.3 25718.7 30398.9 72907.5 106029 97753.4 64116.7 42292 31369.2 26331.7 24108 23153.3 22750.9 22583.4 22514.2 22485.8 22474.2 22469.5 22467.6 22466.8 22466.5 22466.4 22466.3 22466.3 22466.3 22466.3 22466.3 22466.3 22466.3 22466.3 22466.3 22466.3 22466.3 22466.3 22466.3 22466.3 22466.3 22466.3 22466.3 22466.3 22466.3 22466.3 22466.3 22466.3 22466.3 22466.3 22466.3 22466.3 22466.3 22466.3 22466.3 22466.3 22466.3 22466.3 22466.3 22466.3 22466.3 22466.3 22466.3 22466.3 22466.3 22466.3 22466.3 22466.3 22466.3 22466.3 22466.3 22466.3 22466.3 22466.3 22466.3 22466.3 22466.3 22466.3 22466.3 22466.3 22466.3 22466.3 22466.3 22466.3 22466.3 22466.3 22466.3 22466.3 22466.3 22466.3 22466.3 22466.3 22466.3 22466.3 22466.3 22466.3 22466.3 22466.3 22466.3 22466.3 22466.3 22466.3 22466.3 22466.3 22466.3 22466.3 22466.3 0 0 0 0 0 0 0 0 0 0 0 0 0 0 0 0 0 0 0 0 0 0 0 0 0
