SBPRF35
0.384013
Curr Bio
177814
B35
593991
F35
0.360235
FOFL
0.087165
OFL
8636.53
Bzero
109718
#pred survey bio
 9609.32 7691.69 5923.1 6838 10709.8 17268.4 23845.9 34096.7 47962.3 71482.5 95567.8 118922 137434 173555 187284 169568 174926 173064 192582 189479 209893 224902 236290 279592 306708 340183 340861 272750 214779 7.11383e+06 5.98467e+06 5.34489e+06 4.20789e+06 3.15651e+06 2.36555e+06 1.82958e+06 1.48689e+06 1.27446e+06 1.14441e+06 1.06472e+06 1.01533e+06 984182 964103 950783 941582 935393 931149 928195 926115 924637 923581 922823 922277 921882 921597 921390 921240 921131 921052 920995 920954 920923 920901 920886 920874 920866 920859 920855 920852 920849 920848 920847 920846 920845 920845 920844 920844 920844 920844 920844 920843 920843 920843 920843 920843 920843 920843 920843 920843 920843 920843 920843 920843 920843 920843 920843 920843 920843 920843 920843 920843 920843 920843 920843 920843 920843 920843 920843 920843 920843 920843 920843 920843 920843 920843 920843 920843 920843 920843 920843 920843 920843 920843 920843 920843 920843 920843 920843 920843 0 0 0 0 0 0 0 0 0 0 0 0 0 0 0 0 0 0 0 0 0 0 0 0 0
#obs survey bio
 8486.06 4763.41 6224.8 7046.1 16632 13634.3 25626.4 36931.5 53042.8 62053.6 101238 95366.3 147970 196577 129388 131022 166057 129577 128778 87593.8 158535 161381 174694 232720 238153 271340 183405 221452 152746
#pred catch bio
 5319.9 4618.12 3578.55 3696.5 5362.44 10152.1 13926.4 21255.9 27144.2 45210.9 62142.5 82445.2 88803.7 113603 139325 118454 126018 119024 141344 138513 150351 167495 174270 210060 226083 254991 274988 216701 165407 8636.53 71996.8 63177.5 47969.5 34460 24660.5 18295.2 14437.2 12205.6 10956.5 10273.9 9907.36 9713.16 9611.3 9558.15 9530.37 9516.3 9509.17 9505.56 9503.73 9502.8 9502.33 9502.09 9501.97 9501.91 9501.88 9501.86 9501.85 9501.85 9501.85 9501.85 9501.85 9501.85 9501.85 9501.85 9501.85 9501.85 9501.85 9501.85 9501.85 9501.85 9501.85 9501.85 9501.85 9501.85 9501.85 9501.85 9501.85 9501.85 9501.85 9501.85 9501.85 9501.85 9501.85 9501.85 9501.85 9501.85 9501.85 9501.85 9501.85 9501.85 9501.85 9501.85 9501.85 9501.85 9501.85 9501.85 9501.85 9501.85 9501.85 9501.85 9501.85 9501.85 9501.85 9501.85 9501.85 9501.85 9501.85 9501.85 9501.85 9501.85 9501.85 9501.85 9501.85 9501.85 9501.85 9501.85 9501.85 9501.85 9501.85 9501.85 9501.85 9501.85 9501.85 9501.85 9501.85 9501.85 9501.85 9501.85 9501.85 0 0 0 0 0 0 0 0 0 0 0 0 0 0 0 0 0 0 0 0 0 0 0 0 0
#obs catch bio
 3794.09 4931.14 3949 3466.55 4613.66 9568.29 12782 18764.2 25558.9 41243.5 60068.5 78627.1 82507.1 102456 143658 119234 110628 117210 143956 147169 150470 157857 171050 203725 217352 255568 286638 207221 160618
#pred cpue bio
 7441.54 6272.39 4549.9 4392.79 6798.85 11298.4 15193.2 21612 29300.2 45763.2 58913.7 74553.5 83573.4 108984 124152 104232 111395 107601 120230 115959 123305 138149 138632 159551 177186 199823 203948 159816 130602 4.17482e+06 5.82903e+06 5.2601e+06 4.12325e+06 3.07186e+06 2.2809e+06 1.74492e+06 1.40224e+06 1.18981e+06 1.05976e+06 980062 930678 899528 879449 866129 856929 850739 846495 843541 841461 839984 838927 838169 837623 837228 836943 836736 836586 836477 836399 836341 836300 836270 836248 836232 836220 836212 836206 836201 836198 836196 836194 836193 836192 836191 836191 836190 836190 836190 836190 836190 836190 836190 836190 836190 836190 836190 836190 836190 836190 836190 836190 836190 836190 836190 836190 836190 836190 836190 836190 836190 836190 836190 836190 836190 836190 836190 836190 836190 836190 836190 836190 836190 836190 836190 836190 836190 836190 836190 836190 836190 836190 836190 836190 836190 836190 836190 836190 836190 836190 0 0 0 0 0 0 0 0 0 0 0 0 0 0 0 0 0 0 0 0 0 0 0 0 0
#obs cpue bio
 9007.63 5917.66 3917.01 6358.02 9962.44 13036.2 21993.4 35025.8 27381.9 82654.2 60733.9 111251 111938 133318 156045 126767 235972 124008 173834 184033 176837 259722 195934 222298 262963 234027 348368 241501 205218
#pred surv len freq
 1.54926e-11 1.68231e-09 1.07703e-07 4.06526e-06 9.04664e-05 0.00118695 0.00918229 0.0418973 0.112946 0.181432 0.180986 0.132109 0.0981267 0.0780944 0.0545078 0.0349749 0.0228856 0.0151047 0.0102064 0.00725711 0.00554395 0.00462078 0.00398774 0.00306793 0.00178781
 1.22349e-11 1.32856e-09 8.50558e-08 3.21043e-06 7.14438e-05 0.00093739 0.00725252 0.0331119 0.0895344 0.146019 0.156 0.14113 0.138636 0.121751 0.0781711 0.0398789 0.0201162 0.0108913 0.00617876 0.00366273 0.00231968 0.00163065 0.00125305 0.000918194 0.00053293
 1.44584e-11 1.57001e-09 1.00513e-07 3.79388e-06 8.44273e-05 0.00110772 0.00856969 0.0391092 0.105528 0.170308 0.173625 0.136659 0.114241 0.0967094 0.0678187 0.0414933 0.0234501 0.0114862 0.0050457 0.00226611 0.00111235 0.000610937 0.00038281 0.000249646 0.000138486
 1.83684e-11 1.99459e-09 1.27695e-07 4.81986e-06 0.000107259 0.00140727 0.0108863 0.0496651 0.133784 0.214079 0.209642 0.142546 0.0918517 0.0646193 0.0397301 0.0207633 0.0107597 0.00560078 0.00269023 0.00113262 0.000429662 0.000166532 7.48473e-05 3.87353e-05 1.91626e-05
 1.82369e-11 1.98031e-09 1.26781e-07 4.78535e-06 0.000106491 0.00139719 0.0108085 0.0493124 0.132866 0.212867 0.209668 0.145773 0.0979402 0.0696752 0.0402665 0.0176106 0.00692659 0.00282419 0.00118242 0.000490167 0.000187434 6.30491e-05 1.99479e-05 6.92682e-06 2.65032e-06
 1.7682e-11 1.92005e-09 1.22924e-07 4.63975e-06 0.000103251 0.00135468 0.0104798 0.0478146 0.12886 0.206688 0.204711 0.145369 0.101823 0.0748716 0.0444991 0.020394 0.00831947 0.00315527 0.00106241 0.000336659 0.000107583 3.34846e-05 9.4447e-06 2.41821e-06 6.18892e-07
 1.81393e-11 1.96971e-09 1.26103e-07 4.75974e-06 0.000105921 0.00138972 0.0107507 0.049049 0.132163 0.211789 0.20884 0.145828 0.0988432 0.0708384 0.0412109 0.0181865 0.00708623 0.00265108 0.000899148 0.000269682 7.17219e-05 1.73773e-05 3.99845e-06 8.59025e-07 1.66526e-07
 1.81988e-11 1.97617e-09 1.26516e-07 4.77535e-06 0.000106268 0.00139427 0.0107859 0.0492097 0.132595 0.212474 0.209479 0.146168 0.0988904 0.0706329 0.0407367 0.0175673 0.00656457 0.00234076 0.000758261 0.000219811 5.69129e-05 1.27614e-05 2.4513e-06 4.12596e-07 6.23052e-08
 1.87976e-11 2.0412e-09 1.30679e-07 4.93249e-06 0.000109765 0.00144015 0.0111407 0.0508261 0.136917 0.219129 0.21476 0.14642 0.0944683 0.0650422 0.0366584 0.0152189 0.00533382 0.00178496 0.000548679 0.000150729 3.70265e-05 7.93141e-06 1.44287e-06 2.17899e-07 2.70734e-08
 1.79753e-11 1.9519e-09 1.24963e-07 4.71671e-06 0.000104964 0.00137715 0.0106536 0.048607 0.130987 0.210033 0.207705 0.146618 0.101382 0.0733197 0.0421295 0.0177725 0.00634496 0.00212199 0.000629323 0.000162547 3.73835e-05 7.53114e-06 1.29303e-06 1.84229e-07 2.11553e-08
 1.8646e-11 2.02474e-09 1.29625e-07 4.89271e-06 0.00010888 0.00142854 0.0110509 0.050417 0.135823 0.217451 0.213453 0.146441 0.0957208 0.0665615 0.0376929 0.0157305 0.00554209 0.0018425 0.000549248 0.000142092 3.19437e-05 6.11133e-06 9.81564e-07 1.30756e-07 1.40778e-08
 1.82932e-11 1.98642e-09 1.27172e-07 4.80012e-06 0.00010682 0.00140151 0.0108419 0.0494652 0.133286 0.213602 0.210687 0.147243 0.0997795 0.0708343 0.0397286 0.015811 0.00508084 0.00154553 0.00043931 0.000111386 2.48911e-05 4.74098e-06 7.46209e-07 9.50602e-08 9.61766e-09
 1.87988e-11 2.04133e-09 1.30688e-07 4.93281e-06 0.000109772 0.00144024 0.0111415 0.0508299 0.136933 0.219201 0.215051 0.147193 0.0956432 0.0658437 0.0363888 0.0141893 0.00436638 0.00124437 0.000326106 7.51973e-05 1.55193e-05 2.82923e-06 4.37173e-07 5.50367e-08 5.44893e-09
 1.82536e-11 1.98212e-09 1.26897e-07 4.78974e-06 0.000106589 0.00139847 0.0108185 0.0493585 0.133001 0.213171 0.210375 0.147329 0.100235 0.0713355 0.0400108 0.0158725 0.00503104 0.0014679 0.000381278 8.39327e-05 1.60371e-05 2.66531e-06 3.77914e-07 4.48335e-08 4.29844e-09
 1.72255e-11 1.87048e-09 1.1975e-07 4.51996e-06 0.000100585 0.00131971 0.0102094 0.0465842 0.125589 0.201801 0.201566 0.147603 0.108914 0.08169 0.0467964 0.0189889 0.00626481 0.00191142 0.00051428 0.000116376 2.24191e-05 3.62414e-06 4.81711e-07 5.24044e-08 4.61214e-09
 1.8614e-11 2.02126e-09 1.29403e-07 4.8843e-06 0.000108693 0.00142608 0.011032 0.0503311 0.135601 0.217163 0.213497 0.147326 0.0973297 0.0677852 0.0375651 0.0146259 0.00448662 0.00128108 0.000339551 7.87859e-05 1.57563e-05 2.6274e-06 3.53908e-07 3.78699e-08 3.16748e-09
 1.79579e-11 1.95002e-09 1.24842e-07 4.71216e-06 0.000104862 0.00137583 0.0106433 0.0485611 0.130875 0.20994 0.208028 0.14792 0.103509 0.0748254 0.0417363 0.0160417 0.00474777 0.00128362 0.000319476 6.92954e-05 1.32321e-05 2.19727e-06 3.03428e-07 3.34421e-08 2.84242e-09
 1.84041e-11 1.99847e-09 1.27944e-07 4.82924e-06 0.000107468 0.00141001 0.0109076 0.0497649 0.134089 0.214855 0.211758 0.147545 0.0993535 0.0700786 0.0389108 0.0150588 0.00453157 0.00124172 0.000305952 6.3795e-05 1.14509e-05 1.77665e-06 2.32471e-07 2.50478e-08 2.14573e-09
 1.83412e-11 1.99163e-09 1.27506e-07 4.81272e-06 0.0001071 0.00140518 0.0108703 0.049595 0.133634 0.214152 0.211185 0.14747 0.099745 0.0706194 0.0393642 0.0153779 0.00472213 0.00132743 0.000334225 7.08952e-05 1.27748e-05 1.93774e-06 2.4124e-07 2.44048e-08 1.97751e-09
 1.86536e-11 2.02555e-09 1.29678e-07 4.89469e-06 0.000108924 0.00142912 0.0110554 0.0504382 0.13589 0.217629 0.21397 0.147683 0.0975577 0.0677636 0.0371578 0.0139973 0.00397862 0.00102449 0.000247546 5.26136e-05 9.66199e-06 1.49284e-06 1.87271e-07 1.87004e-08 1.45979e-09
 1.93108e-11 2.09692e-09 1.34247e-07 5.06715e-06 0.000112762 0.00147947 0.0114448 0.0522116 0.140627 0.224885 0.219539 0.147337 0.0917489 0.0609753 0.032901 0.0122534 0.00340317 0.000840497 0.000191377 3.76362e-05 6.43172e-06 9.60601e-07 1.20636e-07 1.22158e-08 9.62194e-10
 1.85676e-11 2.01622e-09 1.29081e-07 4.87214e-06 0.000108422 0.00142253 0.0110045 0.0502065 0.135273 0.2167 0.21333 0.147973 0.0986903 0.0689029 0.0376212 0.0138913 0.00374796 0.00088615 0.000194157 3.67668e-05 5.95822e-06 8.29594e-07 9.68955e-08 9.31936e-09 7.19912e-10
 1.93238e-11 2.09833e-09 1.34337e-07 5.07055e-06 0.000112838 0.00148046 0.0114525 0.0522466 0.140721 0.225033 0.219675 0.147401 0.0917421 0.0609144 0.0327907 0.0121231 0.00330369 0.000789661 0.000172167 3.17188e-05 4.92455e-06 6.54274e-07 7.25179e-08 6.54294e-09 4.71899e-10
 1.97253e-11 2.14193e-09 1.37129e-07 5.17591e-06 0.000115182 0.00151122 0.0116904 0.0533302 0.143616 0.229473 0.223111 0.147281 0.0883311 0.0568516 0.0301349 0.0109145 0.00283952 0.00063523 0.000132713 2.42083e-05 3.75498e-06 4.92208e-07 5.28265e-08 4.55483e-09 3.11564e-10
 1.95282e-11 2.12053e-09 1.35758e-07 5.1242e-06 0.000114031 0.00149612 0.0115736 0.0527985 0.142197 0.227313 0.221515 0.147589 0.090384 0.0590928 0.0313234 0.0111491 0.00275704 0.000563804 0.000107683 1.82571e-05 2.6567e-06 3.33989e-07 3.52062e-08 2.99718e-09 2.00277e-10
 1.92838e-11 2.09399e-09 1.34059e-07 5.06007e-06 0.000112604 0.0014774 0.0114288 0.052139 0.140435 0.22461 0.219421 0.147656 0.0924519 0.0615622 0.0329469 0.0118969 0.00304621 0.000657027 0.000128796 2.11575e-05 2.8484e-06 3.26962e-07 3.18666e-08 2.55958e-09 1.64966e-10
 1.89895e-11 2.06203e-09 1.32013e-07 4.98284e-06 0.000110886 0.00145485 0.0112545 0.0513449 0.138314 0.221366 0.216952 0.147878 0.0951556 0.0646707 0.0348265 0.0125851 0.00322007 0.00069594 0.000138271 2.34173e-05 3.27124e-06 3.79456e-07 3.56006e-08 2.65248e-09 1.57213e-10
 1.93e-11 2.09575e-09 1.34172e-07 5.06431e-06 0.000112699 0.00147864 0.0114384 0.0521828 0.140554 0.224807 0.219646 0.147889 0.092675 0.0616306 0.0327229 0.0114998 0.00273247 0.000517389 9.13106e-05 1.46458e-05 2.02125e-06 2.37226e-07 2.28261e-08 1.73467e-09 1.0186e-10
 1.86971e-11 2.03028e-09 1.29981e-07 4.90612e-06 0.000109179 0.00143245 0.0110813 0.0505562 0.13621 0.218164 0.214592 0.148357 0.0982342 0.068016 0.0365768 0.0128991 0.00307053 0.000579433 9.95574e-05 1.48742e-05 1.83409e-06 1.93185e-07 1.75043e-08 1.31085e-09 7.77902e-11
#obs surv len freq
 1.28412e-11 1.39441e-09 8.9271e-08 3.36954e-06 7.49845e-05 0.000983838 0.00761162 0.0347451 0.0938639 0.152388 0.15964 0.136911 0.1281 0.113801 0.0787671 0.0455808 0.0251548 0.0130943 0.00601101 0.00232737 0.000730287 0.000176928 3.1335e-05 3.85759e-06 3.17185e-07
 6.2793e-12 6.81859e-10 4.36532e-08 1.6477e-06 3.6668e-05 0.000481149 0.00372425 0.0170404 0.0465759 0.0798973 0.103324 0.137264 0.180058 0.17736 0.123853 0.0692704 0.0351048 0.016189 0.00662332 0.00234319 0.000676378 0.000149327 2.39203e-05 2.6617e-06 1.98325e-07
 1.7243e-11 1.87239e-09 1.19872e-07 4.52457e-06 0.000100688 0.00132105 0.0102195 0.0466237 0.125597 0.200969 0.19658 0.132912 0.0861121 0.0671074 0.0536601 0.0387743 0.0232351 0.0109498 0.00413839 0.00129199 0.000328355 6.46768e-05 9.32091e-06 9.34481e-07 6.27186e-08
 1.639e-11 1.77976e-09 1.13941e-07 4.30073e-06 9.57069e-05 0.00125572 0.00971487 0.0443389 0.119664 0.193159 0.196351 0.150872 0.117219 0.0877576 0.0487802 0.0194417 0.00695915 0.00281408 0.00111732 0.000354934 8.43127e-05 1.47661e-05 1.87058e-06 1.65845e-07 9.92374e-09
 1.67009e-11 1.81352e-09 1.16103e-07 4.38231e-06 9.75223e-05 0.00127954 0.00989922 0.0451807 0.121935 0.196755 0.199444 0.151237 0.114493 0.0844816 0.0474726 0.0192467 0.00619916 0.0017233 0.000427473 9.95985e-05 2.09745e-05 3.46871e-06 4.0688e-07 3.24261e-08 1.7192e-09
 1.55137e-11 1.68461e-09 1.0785e-07 4.0708e-06 9.05905e-05 0.00118861 0.00919634 0.0419853 0.113464 0.184168 0.191118 0.154858 0.127085 0.0960036 0.0526982 0.0202152 0.00601127 0.00152417 0.000324543 5.5959e-05 7.9259e-06 9.39687e-07 8.96818e-08 6.31721e-09 3.03766e-10
 1.66273e-11 1.80553e-09 1.15591e-07 4.36301e-06 9.70931e-05 0.00127393 0.00985621 0.0449928 0.121516 0.196605 0.200973 0.154871 0.117497 0.0841655 0.044949 0.0168873 0.00487213 0.00117006 0.000229111 3.49813e-05 4.11425e-06 3.70375e-07 2.52328e-08 1.28577e-09 4.78679e-11
 1.67131e-11 1.81484e-09 1.16188e-07 4.38552e-06 9.75942e-05 0.00128051 0.00990741 0.0452309 0.122203 0.197951 0.202996 0.15703 0.118298 0.0827451 0.0424722 0.0149125 0.00387312 0.00082848 0.000147818 2.08458e-05 2.236e-06 1.7778e-07 1.02052e-08 4.14067e-10 1.17061e-11
 1.59284e-11 1.72964e-09 1.10733e-07 4.17963e-06 9.30127e-05 0.00122042 0.00944315 0.0431244 0.116655 0.189898 0.198206 0.160241 0.126548 0.0893814 0.0451492 0.0153664 0.00378623 0.000746826 0.000120039 1.50181e-05 1.42228e-06 1.00471e-07 5.1509e-09 1.85291e-10 4.54737e-12
 1.53776e-11 1.66983e-09 1.06904e-07 4.0351e-06 8.97969e-05 0.00117825 0.00911757 0.0416509 0.112812 0.184527 0.195707 0.163868 0.133188 0.0935478 0.0457631 0.0146515 0.00324984 0.000557053 7.81592e-05 8.68192e-06 7.2987e-07 4.53399e-08 2.0335e-09 6.40826e-11 1.38412e-12
 1.69003e-11 1.83518e-09 1.1749e-07 4.43467e-06 9.86886e-05 0.0012949 0.0100197 0.0457591 0.123772 0.201201 0.208014 0.161779 0.118539 0.0778583 0.0369289 0.0116643 0.00257054 0.000432722 5.74867e-05 5.78462e-06 4.25867e-07 2.28301e-08 8.85432e-10 2.42857e-11 4.58129e-13
 1.51256e-11 1.64246e-09 1.05152e-07 3.96899e-06 8.83264e-05 0.00115899 0.00896979 0.0409959 0.11123 0.18297 0.197003 0.168594 0.136809 0.09291 0.043259 0.0129657 0.00260506 0.000386505 4.56018e-05 4.2191e-06 2.90841e-07 1.44582e-08 5.07267e-10 1.22909e-11 2.01858e-13
 1.72836e-11 1.8768e-09 1.20154e-07 4.53526e-06 0.000100928 0.00132431 0.0102479 0.0468105 0.126687 0.206181 0.213192 0.163822 0.115336 0.0718266 0.0323904 0.00971808 0.00200882 0.000309448 3.66505e-05 3.21274e-06 2.00547e-07 8.85912e-09 2.77399e-10 6.07394e-12 9.06961e-14
 1.2735e-11 1.38287e-09 8.85327e-08 3.34172e-06 7.43697e-05 0.000975984 0.00755714 0.0346042 0.0945454 0.159409 0.184648 0.180474 0.161348 0.110415 0.0493451 0.0137828 0.0024755 0.000310129 2.98876e-05 2.29335e-06 1.34329e-07 5.69955e-09 1.69023e-10 3.41181e-12 4.59702e-14
 1.52416e-11 1.65506e-09 1.05959e-07 3.99947e-06 8.90064e-05 0.001168 0.00904152 0.0413546 0.112461 0.186137 0.202721 0.173822 0.135928 0.0866176 0.0377548 0.0106179 0.00198844 0.000266511 2.67512e-05 1.96604e-06 1.01285e-07 3.61012e-09 9.01022e-11 1.58379e-12 1.92871e-14
 1.52854e-11 1.65981e-09 1.06263e-07 4.01096e-06 8.92629e-05 0.0011714 0.00906877 0.0414924 0.112941 0.18738 0.204936 0.175804 0.135607 0.0842789 0.0356344 0.00964388 0.00171311 0.00021489 2.03241e-05 1.44937e-06 7.45484e-08 2.66876e-09 6.52226e-11 1.07072e-12 1.16239e-14
 1.49148e-11 1.61957e-09 1.03687e-07 3.91374e-06 8.71008e-05 0.00114309 0.00885125 0.0405222 0.110519 0.184446 0.204648 0.179211 0.139169 0.0852781 0.0351595 0.00920287 0.00155958 0.000182733 1.58479e-05 1.03161e-06 4.867e-08 1.61156e-09 3.69024e-11 5.76779e-13 6.03457e-15
 1.47628e-11 1.60306e-09 1.0263e-07 3.87387e-06 8.62151e-05 0.00113152 0.00876321 0.0401402 0.109645 0.183729 0.2055 0.181237 0.139982 0.0845294 0.0344487 0.00902975 0.00156527 0.000191054 1.71384e-05 1.11419e-06 5.04701e-08 1.55822e-09 3.26873e-11 4.64782e-13 4.42991e-15
 1.45805e-11 1.58327e-09 1.01363e-07 3.82608e-06 8.51532e-05 0.00111766 0.00865767 0.0396818 0.108591 0.182824 0.206397 0.183576 0.141102 0.0838633 0.0336364 0.00873983 0.00151902 0.000187773 1.70941e-05 1.12455e-06 5.14667e-08 1.60065e-09 3.34456e-11 4.64072e-13 4.21444e-15
 1.56509e-11 1.6995e-09 1.08805e-07 4.10697e-06 9.14046e-05 0.0011997 0.00929252 0.0425763 0.116319 0.194514 0.214626 0.181188 0.130335 0.0734066 0.0281814 0.0069829 0.00114006 0.000130251 1.09582e-05 6.78913e-07 2.99276e-08 9.10332e-10 1.8735e-11 2.56387e-13 2.29204e-15
 1.51528e-11 1.64543e-09 1.05343e-07 3.97635e-06 8.85007e-05 0.00116172 0.00900134 0.0412844 0.113128 0.190717 0.214247 0.18531 0.1346 0.0747862 0.0279033 0.00663501 0.00102001 0.000106947 8.09281e-06 4.49278e-07 1.78566e-08 4.93579e-10 9.32152e-12 1.18572e-13 9.98634e-16
 1.48826e-11 1.61608e-09 1.03465e-07 3.90549e-06 8.69269e-05 0.00114119 0.00884514 0.0406055 0.111545 0.189195 0.214984 0.188029 0.13625 0.0745417 0.0273004 0.00639169 0.000972031 0.000100833 7.45773e-06 3.95092e-07 1.45964e-08 3.66988e-10 6.21596e-12 7.05527e-14 5.31524e-16
 1.68034e-11 1.82466e-09 1.16818e-07 4.40952e-06 9.81426e-05 0.00128829 0.00998138 0.0457565 0.125069 0.208663 0.2263 0.180298 0.117157 0.0592609 0.0206836 0.0046767 0.00068832 6.88551e-05 4.8895e-06 2.48416e-07 8.80782e-09 2.12061e-10 3.41179e-12 3.62983e-14 2.52506e-16
 1.5719e-11 1.70691e-09 1.0928e-07 4.12509e-06 9.18188e-05 0.00120554 0.00934627 0.042925 0.117951 0.199576 0.223447 0.187074 0.1264 0.0643373 0.0220583 0.00483319 0.00068091 6.42703e-05 4.25829e-06 2.01541e-07 6.6934e-09 1.51789e-10 2.30646e-12 2.3188e-14 1.52307e-16
 1.56864e-11 1.70338e-09 1.09055e-07 4.11665e-06 9.16355e-05 0.00120329 0.00933186 0.0428936 0.118084 0.200517 0.225479 0.188526 0.125557 0.0623885 0.0208227 0.0044365 0.000605757 5.49825e-05 3.4614e-06 1.53775e-07 4.74956e-09 9.95178e-11 1.39156e-12 1.28638e-14 7.78768e-17
 1.31853e-11 1.4318e-09 9.16702e-08 3.46069e-06 7.70515e-05 0.00101245 0.00786669 0.0363524 0.101552 0.178956 0.217355 0.202416 0.146778 0.0757018 0.0255661 0.00551178 0.000772331 7.29955e-05 4.77999e-06 2.16232e-07 6.60597e-09 1.33569e-10 1.77024e-12 1.53111e-14 8.5923e-17
 1.65503e-11 1.79719e-09 1.15062e-07 4.34352e-06 9.66912e-05 0.00126983 0.00985023 0.0452885 0.124625 0.210688 0.232587 0.185558 0.115207 0.0536068 0.0171067 0.00357185 0.000490577 4.57334e-05 2.96549e-06 1.33336e-07 4.06548e-09 8.2225e-11 1.08695e-12 9.29051e-15 5.08173e-17
 1.30195e-11 1.41382e-09 9.05223e-08 3.41768e-06 7.61131e-05 0.00100074 0.0077876 0.0361147 0.10165 0.181484 0.223352 0.206911 0.144654 0.0702215 0.0219201 0.00426244 0.00051892 4.08153e-05 2.17373e-06 8.15559e-08 2.17317e-09 4.02479e-11 5.0278e-13 4.13086e-15 2.18964e-17
 1.42681e-11 1.5494e-09 9.92035e-08 3.74543e-06 8.34096e-05 0.00109653 0.00852841 0.0394765 0.110449 0.193876 0.229617 0.200367 0.131983 0.0615169 0.0188378 0.00366855 0.000456825 3.73217e-05 2.05126e-06 7.63358e-08 1.89955e-09 3.11008e-11 3.32432e-13 2.32059e-15 1.05929e-17
#pred catch len freq
 1.15236e-11 1.25132e-09 8.0111e-08 3.02379e-06 6.72903e-05 0.000882889 0.0068307 0.0311825 0.0842692 0.137044 0.14463 0.126624 0.121162 0.109209 0.0786861 0.0508562 0.0333482 0.0220229 0.0148826 0.010582 0.00808395 0.00673781 0.00581474 0.00447351 0.0026069
 8.45549e-12 9.18165e-10 5.87818e-08 2.21872e-06 4.93751e-05 0.000647858 0.00501341 0.0229119 0.062267 0.104072 0.122905 0.140154 0.167355 0.157075 0.102407 0.0524656 0.0265238 0.0143744 0.00815645 0.00483517 0.00306221 0.00215262 0.00165415 0.0012121 0.000703518
 1.07748e-11 1.17001e-09 7.49053e-08 2.8273e-06 6.29179e-05 0.000825529 0.00638728 0.0291665 0.078934 0.129279 0.140683 0.133831 0.139446 0.129567 0.0929242 0.0571487 0.0323505 0.0158541 0.00696521 0.00312821 0.00153551 0.000843347 0.000528436 0.000344614 0.000191168
 1.52421e-11 1.65511e-09 1.05962e-07 3.99953e-06 8.90037e-05 0.00116777 0.00903415 0.0412277 0.111229 0.179381 0.182267 0.141748 0.115668 0.0940591 0.0602492 0.031776 0.0165088 0.00860033 0.00413171 0.00173952 0.000659891 0.000255765 0.000114953 5.94908e-05 2.94305e-05
 1.48537e-11 1.61293e-09 1.03261e-07 3.8976e-06 8.67356e-05 0.00113801 0.00880418 0.0401829 0.108475 0.175458 0.180709 0.146751 0.126589 0.103693 0.0622884 0.0274857 0.0108451 0.0044287 0.00185506 0.000769062 0.000294079 9.89225e-05 3.12977e-05 1.0868e-05 4.15828e-06
 1.46621e-11 1.59213e-09 1.0193e-07 3.84733e-06 8.5617e-05 0.00112334 0.00869066 0.0396654 0.107085 0.173276 0.178767 0.145986 0.127023 0.105063 0.0644423 0.0297419 0.012159 0.00461559 0.00155454 0.000492624 0.000157423 4.89965e-05 1.382e-05 3.53845e-06 9.05594e-07
 1.52545e-11 1.65645e-09 1.06048e-07 4.00277e-06 8.90761e-05 0.00116872 0.00904163 0.0412645 0.111365 0.179892 0.184154 0.146682 0.123318 0.0999377 0.0601333 0.0267363 0.0104412 0.00390998 0.00132652 0.000397881 0.000105816 2.56377e-05 5.89911e-06 1.26736e-06 2.45684e-07
 1.56085e-11 1.6949e-09 1.08509e-07 4.09567e-06 9.11433e-05 0.00119584 0.00925139 0.0422202 0.113922 0.183846 0.187369 0.147092 0.121109 0.0969348 0.0576894 0.0250484 0.00937752 0.00334627 0.00108424 0.000314316 8.13813e-05 1.82478e-05 3.50514e-06 5.89975e-07 8.90907e-08
 1.60532e-11 1.74319e-09 1.11601e-07 4.21237e-06 9.37402e-05 0.00122991 0.00951488 0.0434208 0.117135 0.188815 0.19142 0.147633 0.118368 0.0931552 0.0545405 0.0228351 0.00802314 0.00268808 0.000826635 0.000227106 5.57884e-05 1.19503e-05 2.17398e-06 3.28308e-07 4.07913e-08
 1.53783e-11 1.6699e-09 1.06908e-07 4.03525e-06 8.97988e-05 0.0011782 0.00911499 0.0415992 0.112267 0.181341 0.185594 0.147698 0.123898 0.0998642 0.0590977 0.0250904 0.00897321 0.00300318 0.000890884 0.000230115 5.29223e-05 1.06614e-05 1.83047e-06 2.60802e-07 2.99483e-08
 1.64038e-11 1.78126e-09 1.14038e-07 4.30436e-06 9.57873e-05 0.00125677 0.00972257 0.0443667 0.119661 0.192683 0.194379 0.147418 0.115227 0.0895219 0.0523197 0.0219829 0.0077574 0.00258045 0.000769361 0.000199039 4.47453e-05 8.56039e-06 1.37491e-06 1.83154e-07 1.97192e-08
 1.62485e-11 1.76439e-09 1.12958e-07 4.26361e-06 9.48805e-05 0.00124487 0.00963059 0.0439482 0.11855 0.191034 0.193375 0.148359 0.11791 0.0919998 0.0529743 0.0211994 0.00682036 0.00207536 0.000589961 0.000149582 3.3426e-05 6.36653e-06 1.00206e-06 1.27653e-07 1.29152e-08
 1.65916e-11 1.80165e-09 1.15343e-07 4.35363e-06 9.68837e-05 0.00127115 0.00983384 0.0448741 0.121025 0.194845 0.196394 0.148487 0.115354 0.0887895 0.0506628 0.0198918 0.00613135 0.00174853 0.000458348 0.000105696 2.18135e-05 3.97663e-06 6.14465e-07 7.73563e-08 7.65869e-09
 1.59157e-11 1.72826e-09 1.10645e-07 4.17628e-06 9.29371e-05 0.00121938 0.00943343 0.0430503 0.116152 0.187367 0.190588 0.148628 0.121002 0.09557 0.0551674 0.0220204 0.00699047 0.00204089 0.000530239 0.00011673 2.23033e-05 3.70667e-06 5.25566e-07 6.23498e-08 5.97783e-09
 1.52847e-11 1.65974e-09 1.06258e-07 4.01071e-06 8.92527e-05 0.00117104 0.00905961 0.0413475 0.111601 0.180374 0.185112 0.148603 0.126035 0.101728 0.05941 0.0242013 0.00798957 0.00243774 0.000655871 0.000148411 2.85894e-05 4.62152e-06 6.14276e-07 6.68257e-08 5.88136e-09
 1.67105e-11 1.81456e-09 1.1617e-07 4.38484e-06 9.75782e-05 0.00128026 0.0099043 0.0451951 0.121883 0.19616 0.197412 0.148452 0.114342 0.0875816 0.0498672 0.0195268 0.00599686 0.00171277 0.000453998 0.00010534 2.10663e-05 3.5128e-06 4.73166e-07 5.0631e-08 4.23483e-09
 1.6025e-11 1.74012e-09 1.11404e-07 4.20496e-06 9.35753e-05 0.00122775 0.00949819 0.0433455 0.116945 0.188616 0.191717 0.149127 0.120883 0.0949954 0.0542076 0.020934 0.00620131 0.00167688 0.000417363 9.05254e-05 1.72855e-05 2.8703e-06 3.96366e-07 4.36851e-08 3.71302e-09
 1.63577e-11 1.77625e-09 1.13717e-07 4.29225e-06 9.55178e-05 0.00125323 0.00969527 0.0442431 0.119341 0.192276 0.194476 0.148788 0.117695 0.0914004 0.0521338 0.0202913 0.00611367 0.00167587 0.000412979 8.61126e-05 1.54565e-05 2.39809e-06 3.13781e-07 3.38085e-08 2.89622e-09
 1.66169e-11 1.8044e-09 1.15519e-07 4.36027e-06 9.70315e-05 0.00127309 0.00984883 0.0449424 0.121208 0.195125 0.196613 0.148486 0.115152 0.088553 0.0505182 0.0198299 0.00609402 0.00171313 0.000431314 9.14855e-05 1.64845e-05 2.50037e-06 3.11283e-07 3.14905e-08 2.55167e-09
 1.69994e-11 1.84593e-09 1.18178e-07 4.46063e-06 9.92649e-05 0.00130239 0.0100754 0.0459748 0.123969 0.199385 0.200033 0.148776 0.112516 0.0850839 0.0478038 0.0180994 0.00514906 0.00132592 0.000320358 6.80854e-05 1.25028e-05 1.93172e-06 2.42324e-07 2.41978e-08 1.88893e-09
 1.77525e-11 1.92771e-09 1.23414e-07 4.65826e-06 0.000103663 0.00136009 0.0105216 0.0480071 0.129398 0.207701 0.20642 0.148393 0.105882 0.0773202 0.0429212 0.0160821 0.00447135 0.00110442 0.000251459 4.94497e-05 8.45021e-06 1.26204e-06 1.5849e-07 1.60489e-08 1.26411e-09
 1.69915e-11 1.84507e-09 1.18123e-07 4.45856e-06 9.92189e-05 0.00130179 0.0100708 0.0459538 0.123915 0.199321 0.200074 0.149078 0.113042 0.0854726 0.04774 0.0177112 0.00478225 0.00113063 0.00024769 4.69005e-05 7.60006e-06 1.05817e-06 1.23591e-07 1.18869e-08 9.18247e-10
 1.79091e-11 1.94472e-09 1.24503e-07 4.69936e-06 0.000104577 0.00137209 0.0106144 0.0484297 0.130527 0.209435 0.207772 0.148381 0.104605 0.0757747 0.0418793 0.01557 0.00424684 0.00101504 0.000221273 4.07625e-05 6.32833e-06 8.40755e-07 9.31856e-08 8.40764e-09 6.06387e-10
 1.85128e-11 2.01027e-09 1.287e-07 4.85776e-06 0.000108102 0.00141834 0.0109721 0.0500587 0.134879 0.216107 0.212925 0.148163 0.0994197 0.0696299 0.0379042 0.0138071 0.00359524 0.000804152 0.000167962 3.06341e-05 4.7514e-06 6.22801e-07 6.68415e-08 5.76321e-09 3.9422e-10
 1.81731e-11 1.97338e-09 1.26338e-07 4.76861e-06 0.000106118 0.00139231 0.0107708 0.0491421 0.132433 0.212378 0.210147 0.148621 0.102848 0.0734211 0.0399859 0.0143155 0.00354358 0.000724619 0.000138372 2.34576e-05 3.41324e-06 4.29083e-07 4.52294e-08 3.85046e-09 2.57293e-10
 1.7939e-11 1.94796e-09 1.2471e-07 4.70718e-06 0.000104751 0.00137437 0.0106321 0.0485103 0.130745 0.209786 0.208128 0.148649 0.104774 0.0757514 0.0415603 0.0150864 0.00386614 0.000833771 0.000163407 2.68401e-05 3.61322e-06 4.14737e-07 4.04207e-08 3.24662e-09 2.09245e-10
 1.79581e-11 1.95003e-09 1.24843e-07 4.71219e-06 0.000104863 0.00137583 0.0106434 0.0485619 0.130882 0.209997 0.208291 0.148642 0.104609 0.0755548 0.0414309 0.0150279 0.0038465 0.000830922 0.000165012 2.79399e-05 3.90267e-06 4.52682e-07 4.24698e-08 3.16425e-09 1.87545e-10
 1.8255e-11 1.98227e-09 1.26907e-07 4.79011e-06 0.000106597 0.00139858 0.0108193 0.0493633 0.133025 0.213292 0.21089 0.148712 0.102328 0.0727064 0.0393901 0.0139021 0.00330525 0.000625611 0.000110354 1.76954e-05 2.44183e-06 2.86576e-07 2.7574e-08 2.09547e-09 1.23046e-10
 1.73432e-11 1.88326e-09 1.20568e-07 4.55084e-06 0.000101272 0.00132873 0.0102791 0.046903 0.126455 0.203244 0.203247 0.149422 0.110738 0.0823651 0.0452172 0.0160156 0.00381498 0.000719776 0.00012363 1.84674e-05 2.27695e-06 2.39821e-07 2.17293e-08 1.62723e-09 9.65652e-11
#obs catch len freq
 1.24777e-11 1.35493e-09 8.67439e-08 3.27415e-06 7.28618e-05 0.000955986 0.00739607 0.0337595 0.0911794 0.147853 0.15409 0.130353 0.121188 0.11103 0.0837073 0.0548146 0.0328939 0.0175845 0.0082825 0.00337076 0.00112032 0.00028518 5.249e-05 6.65464e-06 5.59522e-07
 1.252e-11 1.35953e-09 8.7038e-08 3.28526e-06 7.3109e-05 0.000959236 0.00742149 0.0338815 0.0915829 0.149048 0.157581 0.138083 0.131314 0.116502 0.0801956 0.0461958 0.0252873 0.0129785 0.00584014 0.00220134 0.000666782 0.000154478 2.59327e-05 3.00419e-06 2.31141e-07
 6.11556e-12 6.64078e-10 4.25148e-08 1.60473e-06 3.5712e-05 0.000468614 0.00362756 0.0166046 0.0454618 0.0784931 0.103267 0.139534 0.182811 0.178413 0.123554 0.0685846 0.0343712 0.0156099 0.00626066 0.00215415 0.000599137 0.00012632 1.91677e-05 2.00625e-06 1.39831e-07
 1.71701e-11 1.86447e-09 1.19365e-07 4.50544e-06 0.000100262 0.00131547 0.0101764 0.046429 0.125093 0.20029 0.196363 0.133607 0.0872596 0.0680289 0.054097 0.038621 0.0227256 0.0104908 0.00387399 0.00117487 0.000287628 5.40788e-05 7.37773e-06 6.95464e-07 4.36538e-08
 1.63629e-11 1.77682e-09 1.13753e-07 4.29363e-06 9.5549e-05 0.00125366 0.00969907 0.04427 0.119513 0.193119 0.196948 0.152171 0.118054 0.0872953 0.0478492 0.0188863 0.00672325 0.00268027 0.00103504 0.000317426 7.23926e-05 1.20916e-05 1.4501e-06 1.20885e-07 6.76435e-09
 1.67621e-11 1.82017e-09 1.16529e-07 4.3984e-06 9.78804e-05 0.00128425 0.00993577 0.0453504 0.122421 0.19769 0.200772 0.152444 0.114533 0.0831779 0.0460075 0.0183822 0.00582136 0.00158512 0.000384704 8.71987e-05 1.76402e-05 2.77427e-06 3.07512e-07 2.30374e-08 1.14263e-09
 1.56493e-11 1.69933e-09 1.08793e-07 4.10639e-06 9.13826e-05 0.00119901 0.00927698 0.0423568 0.114497 0.185984 0.193236 0.156218 0.126473 0.0937228 0.0505561 0.0190898 0.00557537 0.00137981 0.000285298 4.76106e-05 6.4963e-06 7.35974e-07 6.64661e-08 4.39687e-09 1.97618e-10
 1.67877e-11 1.82295e-09 1.16707e-07 4.40511e-06 9.80302e-05 0.00128623 0.00995157 0.0454311 0.122725 0.198667 0.203196 0.156017 0.116532 0.0817073 0.0428182 0.0158144 0.00447385 0.0010467 0.000198594 2.92607e-05 3.30407e-06 2.839e-07 1.83472e-08 8.80701e-10 3.06734e-11
 1.69023e-11 1.83539e-09 1.17503e-07 4.43516e-06 9.86992e-05 0.00129501 0.0100198 0.0457472 0.123622 0.200343 0.20547 0.158109 0.116956 0.0799036 0.0401774 0.0138489 0.00352486 0.000734266 0.00012677 1.72183e-05 1.76986e-06 1.34115e-07 7.29975e-09 2.79438e-10 7.41536e-12
 1.61807e-11 1.75703e-09 1.12487e-07 4.24583e-06 9.44861e-05 0.00123976 0.00959302 0.0438121 0.118539 0.193028 0.201299 0.161336 0.12457 0.0857626 0.0423918 0.014148 0.0034115 0.000654327 0.000101623 1.22335e-05 1.10954e-06 7.46361e-08 3.62454e-09 1.22958e-10 2.83458e-12
 1.56485e-11 1.69924e-09 1.08787e-07 4.10619e-06 9.13792e-05 0.00119902 0.00927858 0.0423903 0.114842 0.187911 0.199053 0.164995 0.130926 0.0895679 0.0428344 0.013433 0.00291424 0.000485663 6.57719e-05 7.01786e-06 5.64318e-07 3.33616e-08 1.41686e-09 4.20939e-11 8.53752e-13
 1.716e-11 1.86337e-09 1.19295e-07 4.5028e-06 0.000100205 0.00131481 0.010174 0.0464672 0.125711 0.204397 0.211061 0.162602 0.116263 0.0742169 0.0343586 0.0106181 0.00228532 0.000373327 4.7799e-05 4.6167e-06 3.25059e-07 1.65819e-08 6.08682e-10 1.57309e-11 2.7859e-13
 1.54237e-11 1.67484e-09 1.07225e-07 4.04723e-06 9.00681e-05 0.00118186 0.00914714 0.0418113 0.113473 0.186711 0.200641 0.16962 0.134075 0.0885342 0.0402324 0.0117914 0.00231343 0.000333221 3.78659e-05 3.35598e-06 2.20801e-07 1.04327e-08 3.46398e-10 7.91243e-12 1.22072e-13
 1.75596e-11 1.90677e-09 1.22073e-07 4.60767e-06 0.00010254 0.00134547 0.0104119 0.0475638 0.128749 0.20956 0.216312 0.164434 0.11273 0.0680664 0.0298984 0.00876057 0.0017651 0.000263304 2.99875e-05 2.51767e-06 1.50064e-07 6.30149e-09 1.86586e-10 3.84652e-12 5.39039e-14
 1.30854e-11 1.42092e-09 9.0969e-08 3.43369e-06 7.6417e-05 0.00100288 0.00776597 0.0355675 0.0972172 0.163933 0.189125 0.181696 0.157846 0.105019 0.045778 0.0124887 0.00218831 0.000266095 2.46737e-05 1.8082e-06 1.00751e-07 4.0534e-09 1.13589e-10 2.15981e-12 2.73314e-14
 1.55669e-11 1.69038e-09 1.0822e-07 4.08483e-06 9.09066e-05 0.00119295 0.00923524 0.0422469 0.114921 0.190229 0.206564 0.174555 0.132628 0.0819873 0.0348051 0.00954977 0.00174125 0.000225786 2.17604e-05 1.52874e-06 7.51055e-08 2.54369e-09 5.99925e-11 9.91062e-13 1.13006e-14
 1.56151e-11 1.69562e-09 1.08555e-07 4.09749e-06 9.11895e-05 0.00119671 0.0092653 0.0423985 0.115443 0.19154 0.208801 0.176417 0.132135 0.0796107 0.0327593 0.00864451 0.00149472 0.000181397 1.64598e-05 1.11957e-06 5.47566e-08 1.85835e-09 4.29048e-11 6.63269e-13 6.76218e-15
 1.52465e-11 1.6556e-09 1.05993e-07 4.00081e-06 8.90395e-05 0.00116856 0.00904924 0.0414368 0.113054 0.188688 0.208602 0.17979 0.135544 0.0805146 0.0322957 0.00823824 0.00135844 0.000153972 1.28081e-05 7.94532e-07 3.56048e-08 1.11633e-09 2.4108e-11 3.54025e-13 3.47066e-15
 1.50957e-11 1.63922e-09 1.04945e-07 3.96127e-06 8.81612e-05 0.00115711 0.00896216 0.0410607 0.112205 0.188024 0.20949 0.181758 0.136269 0.0797616 0.0316157 0.00807069 0.00135905 0.000160072 1.37484e-05 8.51667e-07 3.66673e-08 1.07265e-09 2.12282e-11 2.83535e-13 2.53016e-15
 1.4921e-11 1.62025e-09 1.03731e-07 3.91546e-06 8.71437e-05 0.00114384 0.00886137 0.0406257 0.111221 0.18724 0.21046 0.184002 0.137222 0.0790341 0.0308202 0.00779374 0.00131426 0.00015651 1.36215e-05 8.52727e-07 3.70347e-08 1.08957e-09 2.14579e-11 2.79723e-13 2.38071e-15
 1.59756e-11 1.73477e-09 1.11063e-07 4.19222e-06 9.33034e-05 0.00122467 0.00948692 0.043477 0.118824 0.198682 0.218334 0.18134 0.12655 0.0689747 0.0257133 0.00619649 0.000981503 0.000108053 8.68549e-06 5.11099e-07 2.1329e-08 6.1232e-10 1.18539e-11 1.5215e-13 1.27295e-15
 1.54847e-11 1.68146e-09 1.0765e-07 4.06347e-06 9.04414e-05 0.00118725 0.0092004 0.0422092 0.115711 0.195035 0.218077 0.18538 0.130588 0.0702235 0.0254388 0.00588169 0.000877352 8.8693e-05 6.41419e-06 3.37977e-07 1.27023e-08 3.31e-10 5.87187e-12 6.99197e-14 5.49846e-16
 1.52186e-11 1.65257e-09 1.05801e-07 3.99374e-06 8.88932e-05 0.00116707 0.00904716 0.0415461 0.114182 0.193611 0.218868 0.188002 0.132096 0.0699433 0.0248648 0.00565708 0.00083388 8.32922e-05 5.88265e-06 2.95828e-07 1.03423e-08 2.45367e-10 3.90659e-12 4.15107e-14 2.91818e-16
 1.71008e-11 1.85695e-09 1.18886e-07 4.48761e-06 9.98826e-05 0.0013112 0.0101601 0.0465874 0.127385 0.212475 0.229488 0.180012 0.113502 0.05546 0.0187528 0.00411529 0.000586608 5.64668e-05 3.82607e-06 1.84315e-07 6.17612e-09 1.40172e-10 2.11917e-12 2.11173e-14 1.37223e-16
 1.60394e-11 1.7417e-09 1.11508e-07 4.20925e-06 9.3695e-05 0.00123027 0.00953956 0.0438271 0.120481 0.203771 0.226958 0.186701 0.122318 0.0601844 0.0200009 0.00425393 0.000580492 5.27395e-05 3.3341e-06 1.4949e-07 4.68516e-09 1.00009e-10 1.42623e-12 1.34159e-14 8.22432e-17
 1.60018e-11 1.73763e-09 1.11248e-07 4.19951e-06 9.34833e-05 0.00122766 0.00952269 0.0437867 0.120597 0.204687 0.228924 0.188044 0.12145 0.0583343 0.0188656 0.00389998 0.000515556 4.50282e-05 2.70442e-06 1.13805e-07 3.31651e-09 6.54007e-11 8.58084e-13 7.41761e-15 4.18692e-17
 1.35322e-11 1.46947e-09 9.40832e-08 3.55188e-06 7.90871e-05 0.00103936 0.00807836 0.0373524 0.104412 0.183822 0.221519 0.20199 0.141987 0.0709095 0.0232297 0.00485711 0.000657634 5.9638e-05 3.71853e-06 1.5934e-07 4.59832e-09 8.76107e-11 1.09057e-12 8.82709e-15 4.62122e-17
 1.68509e-11 1.82984e-09 1.17153e-07 4.42255e-06 9.84546e-05 0.00129312 0.0100329 0.0461445 0.127028 0.214613 0.235646 0.184822 0.11131 0.0500047 0.0154322 0.00311854 0.000413194 3.69024e-05 2.27475e-06 9.67074e-08 2.77966e-09 5.28692e-11 6.55497e-13 5.24125e-15 2.67624e-17
 1.33637e-11 1.4512e-09 9.29174e-08 3.50826e-06 7.81379e-05 0.00102759 0.00799984 0.0371249 0.10456 0.186414 0.227379 0.206077 0.139633 0.0656155 0.0198627 0.00374798 0.000441872 3.34638e-05 1.69985e-06 6.02113e-08 1.50431e-09 2.60419e-11 3.03643e-13 2.32562e-15 1.14781e-17
#spawning biomass
 8664.7 7096.92 5331.88 5761.76 8993.7 14656.6 20051.4 28621.2 39751.6 60221.1 79454.7 99467.6 113750 145250 159790 140870 147138 144348 160854 157186 171717 186823 193233 226554 249549 278322 280622 222980 177814 166240 280984 243786 185572 133887 96395.6 72043.1 57283.2 48745.4 43966.6 41355 39952.7 39209.8 38820 38616.7 38510.4 38456.6 38429.3 38415.5 38408.5 38404.9 38403.1 38402.2 38401.8 38401.5 38401.4 38401.4 38401.3 38401.3 38401.3 38401.3 38401.3 38401.3 38401.3 38401.3 38401.3 38401.3 38401.3 38401.3 38401.3 38401.3 38401.3 38401.3 38401.3 38401.3 38401.3 38401.3 38401.3 38401.3 38401.3 38401.3 38401.3 38401.3 38401.3 38401.3 38401.3 38401.3 38401.3 38401.3 38401.3 38401.3 38401.3 38401.3 38401.3 38401.3 38401.3 38401.3 38401.3 38401.3 38401.3 38401.3 38401.3 38401.3 38401.3 38401.3 38401.3 38401.3 38401.3 38401.3 38401.3 38401.3 38401.3 38401.3 38401.3 38401.3 38401.3 38401.3 38401.3 38401.3 38401.3 38401.3 38401.3 38401.3 38401.3 38401.3 38401.3 38401.3 38401.3 38401.3 38401.3 0 0 0 0 0 0 0 0 0 0 0 0 0 0 0 0 0 0 0 0 0 0 0 0 0
