SBPRF35
0.0879215
Curr Bio
179244
B35
122405
F35
2.25582
FOFL
2.25582
OFL
108296
Bzero
25117.5
#pred survey bio
 20374.2 20177.4 21793 26525.7 31366.8 35589.3 42090 49178.7 56258.3 63673.7 72870.6 86057.6 87428.2 92477.4 112758 119820 120723 122097 119446 124532 134809 119062 122773 132277 124123 126332 131821 129550 3.09991e+06 2.31903e+06 700166 369972 263736 216670 194040 183037 177707 175141 173913 173328 173052 172921 172859 172830 172817 172811 172808 172807 172806 172806 172806 172805 172805 172805 172805 172805 172805 172805 172805 172805 172805 172805 172805 172805 172805 172805 172805 172805 172805 172805 172805 172805 172805 172805 172805 172805 172805 172805 172805 172805 172805 172805 172805 172805 172805 172805 172805 172805 172805 172805 172805 172805 172805 172805 172805 172805 172805 172805 172805 172805 172805 172805 172805 172805 172805 172805 172805 172805 172805 172805 172805 172805 172805 172805 172805 172805 172805 172805 172805 172805 172805 172805 172805 172805 172805 172805 172805 172805 0 0 0 0 0 0 0 0 0 0 0 0 0 0 0 0 0 0 0 0 0 0 0 0 0
#obs survey bio
 16680.3 16372.5 15915.8 23893.2 29620.2 36323.3 47671.4 61339.4 54572.2 56273.6 84607.4 102179 82789.4 87350.8 151081 78643 127260 105131 93845.2 131623 170371 116442 117366 146348 135864 141214 151137 142770
#pred catch bio
 8748.38 11698.1 11854.5 15878.7 19047.1 19689.3 23784.7 28275.8 34084.1 42472.4 46950.1 60642.6 61495.1 57805.8 80004.9 88612.6 90396.5 96365.6 93223.9 92485.2 114365 93857 94700 115239 105791 104666 111714 107050 108296 71961.2 10585 5541.89 5191.51 5169.56 5168.28 5168.2 5168.2 5168.2 5168.2 5168.2 5168.2 5168.2 5168.2 5168.2 5168.2 5168.2 5168.2 5168.2 5168.2 5168.2 5168.2 5168.2 5168.2 5168.2 5168.2 5168.2 5168.2 5168.2 5168.2 5168.2 5168.2 5168.2 5168.2 5168.2 5168.2 5168.2 5168.2 5168.2 5168.2 5168.2 5168.2 5168.2 5168.2 5168.2 5168.2 5168.2 5168.2 5168.2 5168.2 5168.2 5168.2 5168.2 5168.2 5168.2 5168.2 5168.2 5168.2 5168.2 5168.2 5168.2 5168.2 5168.2 5168.2 5168.2 5168.2 5168.2 5168.2 5168.2 5168.2 5168.2 5168.2 5168.2 5168.2 5168.2 5168.2 5168.2 5168.2 5168.2 5168.2 5168.2 5168.2 5168.2 5168.2 5168.2 5168.2 5168.2 5168.2 5168.2 5168.2 5168.2 5168.2 5168.2 5168.2 5168.2 5168.2 5168.2 5168.2 5168.2 0 0 0 0 0 0 0 0 0 0 0 0 0 0 0 0 0 0 0 0 0 0 0 0 0
#obs catch bio
 8557.62 12663.2 12299.9 17243.5 20390.9 19753.8 23846.8 26523.9 33473.1 44047.7 47800 59312.8 60491.6 56204.6 76008.9 89709.9 88618.5 97848.6 99272.1 91689.9 108990 86896.8 89149.1 113219 102736 98839.8 101448 107772
#pred cpue bio
 19858.5 19213.3 20955.4 25186.4 29952.1 34238.4 40298.7 47153.5 54067.3 60458.8 68732.2 82466.7 83615.7 87733.5 106959 114403 115030 116237 113062 117436 128533 112873 115831 124688 116639 118054 124617 121329 2.92419e+06 2.5385e+06 697755 364186 257871 210803 188172 177170 171840 169273 168045 167461 167184 167054 166992 166963 166949 166943 166940 166939 166939 166938 166938 166938 166938 166938 166938 166938 166938 166938 166938 166938 166938 166938 166938 166938 166938 166938 166938 166938 166938 166938 166938 166938 166938 166938 166938 166938 166938 166938 166938 166938 166938 166938 166938 166938 166938 166938 166938 166938 166938 166938 166938 166938 166938 166938 166938 166938 166938 166938 166938 166938 166938 166938 166938 166938 166938 166938 166938 166938 166938 166938 166938 166938 166938 166938 166938 166938 166938 166938 166938 166938 166938 166938 166938 166938 166938 166938 166938 166938 0 0 0 0 0 0 0 0 0 0 0 0 0 0 0 0 0 0 0 0 0 0 0 0 0
#obs cpue bio
 18909.7 18353.2 24731.7 18742.1 26448.2 36643 38101.3 58348.6 48854 55215.8 50384.2 100659 81874.1 101539 111917 134720 132390 113505 102196 127547 155662 143189 147792 120258 116328 139446 167285 96747.6
#pred surv len freq
 1.12411e-11 1.22065e-09 7.81474e-08 2.94967e-06 6.5641e-05 0.00086125 0.00666337 0.0304203 0.0822333 0.133926 0.142233 0.126766 0.123658 0.112165 0.0806099 0.0516922 0.0335813 0.021993 0.0147916 0.0105246 0.00807389 0.00675948 0.00584909 0.00450434 0.00262535
 1.32371e-11 1.43739e-09 9.20229e-08 3.47341e-06 7.72958e-05 0.00101416 0.0078462 0.0358149 0.0967421 0.156957 0.163897 0.138962 0.127271 0.109706 0.0722966 0.0394395 0.0212522 0.011659 0.00648082 0.0037671 0.00236739 0.00166667 0.00128593 0.000944638 0.00054878
 1.28083e-11 1.39083e-09 8.90421e-08 3.3609e-06 7.47922e-05 0.000981321 0.00759237 0.0346623 0.0937109 0.152702 0.162538 0.145511 0.141066 0.122173 0.0758808 0.0354844 0.0152654 0.00667267 0.00293019 0.00132753 0.000641366 0.000346447 0.00021628 0.00014138 7.85827e-05
 1.34787e-11 1.46363e-09 9.37028e-08 3.53681e-06 7.87069e-05 0.00103268 0.00798951 0.0364704 0.0985315 0.160011 0.167786 0.143979 0.133442 0.114486 0.072928 0.0362851 0.0164202 0.00677613 0.00245176 0.000836673 0.000292956 0.000111357 4.92946e-05 2.53119e-05 1.25209e-05
 1.32269e-11 1.43629e-09 9.19524e-08 3.47074e-06 7.72367e-05 0.00101339 0.00784039 0.0357923 0.0967346 0.157376 0.166339 0.146002 0.138536 0.11895 0.0736789 0.0342706 0.0143949 0.00584155 0.00215801 0.00070733 0.000205068 5.5166e-05 1.55347e-05 5.18101e-06 1.95887e-06
 1.27764e-11 1.38737e-09 8.88206e-08 3.35254e-06 7.46061e-05 0.00097888 0.0075735 0.0345765 0.0934845 0.152377 0.162397 0.1459 0.142028 0.123378 0.0769727 0.0361434 0.0151833 0.00596444 0.00207573 0.000648978 0.000183218 4.51679e-05 9.72171e-06 1.99577e-06 4.5418e-07
 1.29918e-11 1.41075e-09 9.03175e-08 3.40904e-06 7.58634e-05 0.000995374 0.00770101 0.0351564 0.0950206 0.154626 0.163617 0.14412 0.137574 0.119423 0.0761944 0.0378414 0.0170983 0.00704035 0.00248472 0.000762908 0.000205758 4.80635e-05 9.60555e-06 1.62586e-06 2.41799e-07
 1.29324e-11 1.4043e-09 8.99049e-08 3.39346e-06 7.55169e-05 0.000990828 0.00766587 0.0349967 0.0945984 0.154015 0.163323 0.144723 0.138945 0.1205 0.076106 0.0369884 0.0164504 0.00690689 0.00257445 0.000838169 0.000232879 5.39417e-05 1.03524e-05 1.63191e-06 2.09108e-07
 1.2796e-11 1.3895e-09 8.89568e-08 3.35768e-06 7.47206e-05 0.000980381 0.00758508 0.0346287 0.093616 0.152514 0.162187 0.14485 0.140243 0.122007 0.0770515 0.0373393 0.0164712 0.00681431 0.00250505 0.000821645 0.000237204 5.77355e-05 1.14239e-05 1.79118e-06 2.1918e-07
 1.35234e-11 1.46848e-09 9.40133e-08 3.54853e-06 7.89677e-05 0.0010361 0.008016 0.0365918 0.0988656 0.160603 0.168634 0.145248 0.135014 0.11532 0.072083 0.0343831 0.0148685 0.00606619 0.00220713 0.000714981 0.000204477 5.01468e-05 1.02259e-05 1.66614e-06 2.08667e-07
 1.39566e-11 1.51552e-09 9.70252e-08 3.66222e-06 8.14976e-05 0.00106929 0.00827273 0.0377623 0.102008 0.165545 0.173059 0.147097 0.13437 0.113031 0.0685702 0.0304751 0.0118988 0.00450151 0.00157439 0.000498316 0.000140276 3.39869e-05 6.89452e-06 1.13399e-06 1.45566e-07
 1.30701e-11 1.41926e-09 9.08621e-08 3.42959e-06 7.63209e-05 0.00100138 0.00774752 0.0353701 0.0956163 0.155741 0.165468 0.147353 0.141905 0.12207 0.0745948 0.0332985 0.0129294 0.00471085 0.00152363 0.000439884 0.000115808 2.70325e-05 5.37031e-06 8.72891e-07 1.11799e-07
 1.31926e-11 1.43256e-09 9.17139e-08 3.46174e-06 7.70364e-05 0.00101076 0.00782012 0.0357008 0.0965018 0.157114 0.166602 0.147552 0.141224 0.121073 0.0736953 0.032615 0.0125087 0.00451947 0.00144911 0.000406268 0.000100248 2.14842e-05 3.9627e-06 6.1441e-07 7.67168e-08
 1.36484e-11 1.48206e-09 9.48827e-08 3.58135e-06 7.9698e-05 0.00104568 0.00809016 0.0369309 0.0997888 0.162159 0.170528 0.147487 0.137466 0.116554 0.070693 0.031181 0.0118899 0.0042615 0.00135214 0.00037452 9.0986e-05 1.8888e-05 3.28206e-06 4.70813e-07 5.47304e-08
 1.36215e-11 1.47913e-09 9.46955e-08 3.57429e-06 7.95408e-05 0.00104362 0.00807419 0.0368576 0.0995855 0.161788 0.169947 0.146529 0.136222 0.115847 0.0712745 0.0326142 0.0131272 0.00488142 0.00156477 0.000431655 0.000103819 2.12598e-05 3.61938e-06 5.00911e-07 5.50111e-08
 1.33121e-11 1.44553e-09 9.25442e-08 3.49309e-06 7.77338e-05 0.00101992 0.0078909 0.0360236 0.0973686 0.158481 0.167843 0.148117 0.141119 0.120449 0.0726075 0.0313748 0.0116284 0.00414109 0.00134863 0.000386945 9.5576e-05 1.96852e-05 3.32706e-06 4.53689e-07 4.8663e-08
 1.34346e-11 1.45884e-09 9.33964e-08 3.52525e-06 7.84496e-05 0.00102931 0.00796353 0.0363545 0.0982545 0.159853 0.168973 0.148307 0.14044 0.119508 0.0718395 0.0308081 0.0111873 0.00382146 0.0011673 0.000315059 7.62925e-05 1.6011e-05 2.77568e-06 3.82946e-07 4.09369e-08
 1.34925e-11 1.46512e-09 9.37983e-08 3.54042e-06 7.87872e-05 0.00103373 0.00799778 0.0365107 0.0986736 0.160511 0.169557 0.148535 0.140324 0.119181 0.0713769 0.0303147 0.0108212 0.00363094 0.00108698 0.000283107 6.48578e-05 1.2857e-05 2.16089e-06 2.98684e-07 3.24564e-08
 1.38295e-11 1.50171e-09 9.61411e-08 3.62885e-06 8.0755e-05 0.00105955 0.00819745 0.0374205 0.101109 0.164287 0.172675 0.149079 0.138448 0.116438 0.0689033 0.0284198 0.00962552 0.00307303 0.00089177 0.000226821 5.06483e-05 9.68587e-06 1.54887e-06 2.0344e-07 2.13939e-08
 1.40281e-11 1.52328e-09 9.75221e-08 3.68097e-06 8.1915e-05 0.00107477 0.00831514 0.0379566 0.102542 0.166485 0.174382 0.149041 0.136798 0.114475 0.0676322 0.0278385 0.00936588 0.00293655 0.000822085 0.00019881 4.23483e-05 7.81764e-06 1.21124e-06 1.53225e-07 1.53944e-08
 1.34201e-11 1.45726e-09 9.32954e-08 3.52144e-06 7.83648e-05 0.00102819 0.00795493 0.0363157 0.0981552 0.159737 0.169058 0.148888 0.141452 0.120286 0.071791 0.0301359 0.0104892 0.00338572 0.000956272 0.000228946 4.73838e-05 8.36797e-06 1.2347e-06 1.49622e-07 1.44783e-08
 1.37765e-11 1.49596e-09 9.57729e-08 3.61495e-06 8.04458e-05 0.0010555 0.0081661 0.0372782 0.100736 0.163767 0.172534 0.149954 0.140208 0.117848 0.068903 0.0273857 0.00861718 0.00254689 0.000702513 0.00017106 3.6069e-05 6.36897e-06 9.19458e-07 1.07187e-07 9.90388e-09
 1.40053e-11 1.52081e-09 9.73637e-08 3.67499e-06 8.17819e-05 0.00107302 0.00830164 0.0378951 0.102378 0.166238 0.174211 0.149116 0.137102 0.114802 0.0678078 0.0278585 0.00930237 0.00285346 0.000762381 0.00017158 3.39206e-05 5.88278e-06 8.55618e-07 1.00014e-07 9.10079e-09
 1.40484e-11 1.52549e-09 9.76635e-08 3.68631e-06 8.20337e-05 0.00107633 0.00832719 0.0380114 0.102688 0.166707 0.174545 0.149004 0.136579 0.114242 0.0675209 0.0278317 0.00938491 0.00294267 0.000816731 0.000191727 3.82131e-05 6.3503e-06 8.69873e-07 9.79494e-08 8.8247e-09
 1.42526e-11 1.54767e-09 9.9083e-08 3.73989e-06 8.32261e-05 0.00109197 0.0084482 0.0385633 0.104172 0.169063 0.176757 0.150223 0.136792 0.113459 0.0656071 0.0253998 0.00755175 0.00208176 0.000544782 0.000127584 2.61041e-05 4.48861e-06 6.25072e-07 6.90339e-08 5.95446e-09
 1.45261e-11 1.57736e-09 1.00984e-07 3.81166e-06 8.48231e-05 0.00111292 0.00861022 0.0393011 0.106142 0.172067 0.179004 0.149886 0.134088 0.11047 0.0639778 0.0249976 0.00754627 0.00206924 0.000509064 0.000106542 1.96265e-05 3.21872e-06 4.49615e-07 5.08219e-08 4.45477e-09
 1.39322e-11 1.51287e-09 9.68557e-08 3.65582e-06 8.13552e-05 0.00106743 0.00825838 0.0376986 0.10186 0.165502 0.173929 0.150081 0.139158 0.116489 0.0678833 0.0267481 0.00821465 0.00230251 0.000576438 0.000121157 2.16191e-05 3.2712e-06 4.13775e-07 4.36038e-08 3.73545e-09
 1.44107e-11 1.56483e-09 1.00182e-07 3.78137e-06 8.41493e-05 0.00110408 0.00854185 0.0389896 0.105308 0.17078 0.177963 0.149772 0.134841 0.111481 0.0647923 0.0255443 0.00786846 0.0022192 0.000561767 0.000120176 2.1866e-05 3.33689e-06 4.1394e-07 4.11456e-08 3.24507e-09
#obs surv len freq
 1.40424e-11 1.52484e-09 9.76216e-08 3.68473e-06 8.19986e-05 0.00107586 0.0083232 0.0379847 0.102492 0.165361 0.168233 0.131416 0.109751 0.0970461 0.0753036 0.0512097 0.0301033 0.0143078 0.00534559 0.00155394 0.000343809 5.63481e-05 6.64246e-06 5.45282e-07 3.02392e-08
 1.26033e-11 1.36857e-09 8.7617e-08 3.30711e-06 7.35955e-05 0.000965623 0.00747108 0.0341111 0.0922397 0.15034 0.159684 0.140989 0.134074 0.118021 0.0803651 0.0448175 0.0223846 0.00973957 0.00348458 0.000985784 0.000211613 3.31565e-05 3.67623e-06 2.80898e-07 1.44377e-08
 1.35322e-11 1.46944e-09 9.40746e-08 3.55085e-06 7.90195e-05 0.00103678 0.00802138 0.0366169 0.098917 0.160398 0.16641 0.136946 0.120404 0.105939 0.0781556 0.0483836 0.0247862 0.00990001 0.00306901 0.000760352 0.000149091 2.20005e-05 2.3173e-06 1.67393e-07 8.05927e-09
 1.32544e-11 1.43928e-09 9.21437e-08 3.47797e-06 7.73978e-05 0.00101552 0.00785723 0.0358754 0.097008 0.157955 0.166454 0.142277 0.128609 0.110339 0.0758803 0.0433071 0.0213236 0.00858155 0.00267759 0.000632676 0.000111358 1.44044e-05 1.34619e-06 8.83354e-08 3.92993e-09
 1.31557e-11 1.42856e-09 9.14575e-08 3.45207e-06 7.68216e-05 0.00100796 0.00779895 0.0356122 0.0963238 0.156975 0.165703 0.141636 0.127547 0.110069 0.0776649 0.0455166 0.0222359 0.0085817 0.00255246 0.000582412 9.94192e-05 1.22242e-05 1.05001e-06 6.17006e-08 2.43879e-09
 1.23058e-11 1.33626e-09 8.55488e-08 3.22905e-06 7.18589e-05 0.000942865 0.00729585 0.0333265 0.0902758 0.148029 0.159797 0.143877 0.13559 0.117624 0.0817569 0.0469904 0.0226116 0.0086317 0.00252051 0.000554481 8.98915e-05 1.04436e-05 8.46093e-07 4.65666e-08 1.70061e-09
 1.3802e-11 1.49873e-09 9.595e-08 3.62164e-06 8.05954e-05 0.00105749 0.00818231 0.0373649 0.101069 0.164579 0.172504 0.143038 0.122442 0.102723 0.0726371 0.042925 0.02079 0.00781687 0.00222726 0.000476211 7.45771e-05 8.28575e-06 6.3497e-07 3.27855e-08 1.11752e-09
 1.28212e-11 1.39223e-09 8.9132e-08 3.36431e-06 7.48691e-05 0.000982382 0.00760218 0.0347348 0.0941723 0.154796 0.167779 0.150276 0.137125 0.113075 0.0737369 0.039335 0.0176834 0.00640549 0.0017844 0.000371209 5.59778e-05 5.94031e-06 4.32255e-07 2.10749e-08 6.74409e-10
 1.27554e-11 1.38508e-09 8.86743e-08 3.34703e-06 7.44849e-05 0.000977349 0.00756344 0.0345608 0.0937209 0.15409 0.166768 0.148186 0.134218 0.112532 0.0768615 0.0427848 0.0190877 0.00651784 0.00167751 0.000324933 4.63417e-05 4.68826e-06 3.24877e-07 1.50062e-08 4.52464e-10
 1.38779e-11 1.50697e-09 9.64778e-08 3.64158e-06 8.10397e-05 0.00106335 0.00822876 0.0375948 0.101859 0.166749 0.177165 0.149353 0.126229 0.101405 0.0679547 0.0376616 0.0169471 0.00586898 0.00151078 0.000283554 3.80247e-05 3.56718e-06 2.29272e-07 9.87511e-09 2.78772e-10
 1.21272e-11 1.31687e-09 8.43075e-08 3.18222e-06 7.08181e-05 0.000929289 0.00719313 0.0328966 0.0894904 0.148778 0.166356 0.156286 0.144847 0.117092 0.0744809 0.0383594 0.0162016 0.00538021 0.0013504 0.000248825 3.25977e-05 2.94382e-06 1.78849e-07 7.17474e-09 1.87144e-10
 1.36441e-11 1.48159e-09 9.48527e-08 3.58024e-06 7.96755e-05 0.00104549 0.00809156 0.0369844 0.100354 0.165032 0.177337 0.151891 0.128853 0.103003 0.0686144 0.0369391 0.0155232 0.00488795 0.00113893 0.000195389 2.41418e-05 2.07754e-06 1.20622e-07 4.60628e-09 1.13467e-10
 1.17822e-11 1.27941e-09 8.19092e-08 3.09171e-06 6.88053e-05 0.000902937 0.00699085 0.0319986 0.0872946 0.146397 0.167156 0.161083 0.149289 0.118132 0.0733019 0.0366436 0.0148304 0.00463692 0.00107139 0.000177676 2.06571e-05 1.64954e-06 8.87678e-08 3.15733e-09 7.28103e-11
 1.32965e-11 1.44385e-09 9.24367e-08 3.48907e-06 7.76477e-05 0.00101894 0.00788752 0.0360745 0.0980854 0.162294 0.177051 0.154978 0.13243 0.104997 0.0690046 0.0361533 0.0145224 0.0043171 0.000939125 0.000148086 1.65079e-05 1.25986e-06 6.4052e-08 2.12612e-09 4.53903e-11
 1.24234e-11 1.34903e-09 8.63666e-08 3.25997e-06 7.25511e-05 0.000952143 0.00737297 0.0337622 0.0921954 0.154778 0.175899 0.165073 0.145886 0.110361 0.0658289 0.0314403 0.0120028 0.00349974 0.000746189 0.000112954 1.18583e-05 8.45791e-07 4.0207e-08 1.25027e-09 2.49887e-11
 1.19491e-11 1.29753e-09 8.30695e-08 3.13553e-06 6.97827e-05 0.000915857 0.0070931 0.0324964 0.0888668 0.149771 0.171671 0.163229 0.146906 0.114913 0.071682 0.0349898 0.0130032 0.0035652 0.000710918 0.000101757 1.01914e-05 6.92575e-07 3.11097e-08 9.05941e-10 1.68569e-11
 1.26178e-11 1.37015e-09 8.77186e-08 3.31102e-06 7.36885e-05 0.000967121 0.00748999 0.0343087 0.0937277 0.15721 0.177057 0.161786 0.139779 0.107879 0.0681206 0.0341038 0.0130249 0.00363693 0.000722275 0.00010005 9.48735e-06 6.04676e-07 2.54475e-08 6.95032e-10 1.21234e-11
 1.12588e-11 1.22258e-09 7.82712e-08 2.95447e-06 6.5757e-05 0.00086319 0.00668946 0.0307095 0.0845081 0.144975 0.172851 0.172192 0.15567 0.116607 0.0683102 0.0315238 0.011317 0.00303952 0.000588896 7.98192e-05 7.35671e-06 4.50049e-07 1.79349e-08 4.58909e-10 7.45165e-12
 1.19096e-11 1.29324e-09 8.27956e-08 3.12525e-06 6.95579e-05 0.000913067 0.00707519 0.0324625 0.0891218 0.151517 0.175878 0.1674 0.147486 0.112661 0.0686579 0.0321606 0.011194 0.00282098 0.000508257 6.45227e-05 5.63236e-06 3.2872e-07 1.25146e-08 3.04892e-10 4.68559e-12
 1.18023e-11 1.28159e-09 8.20501e-08 3.09715e-06 6.89347e-05 0.000904981 0.00701471 0.0322138 0.0886556 0.151626 0.17789 0.170521 0.148613 0.110884 0.0663124 0.0310049 0.0109347 0.00278857 0.00049837 6.10384e-05 5.02942e-06 2.74248e-07 9.74366e-09 2.22169e-10 3.2055e-12
 1.2677e-11 1.37658e-09 8.81312e-08 3.32671e-06 7.40454e-05 0.000972105 0.0075354 0.034605 0.0951822 0.162213 0.187638 0.173661 0.143893 0.101642 0.0571205 0.0249031 0.00820222 0.0019746 0.000337574 3.98725e-05 3.16541e-06 1.64894e-07 5.53336e-09 1.17988e-10 1.5819e-12
 1.16327e-11 1.26318e-09 8.0872e-08 3.05278e-06 6.79543e-05 0.000892377 0.00692294 0.0318686 0.0882641 0.153241 0.184571 0.180373 0.153969 0.10773 0.0584258 0.0241958 0.00749172 0.0016838 0.000267952 2.95174e-05 2.1971e-06 1.0789e-07 3.42283e-09 6.89745e-11 8.71196e-13
 1.22121e-11 1.3261e-09 8.49008e-08 3.20488e-06 7.13403e-05 0.00093684 0.0072673 0.0334379 0.0924158 0.159215 0.187708 0.177118 0.14775 0.103945 0.0573374 0.0238026 0.00719441 0.00154178 0.000230165 2.35523e-05 1.62078e-06 7.35178e-08 2.15795e-09 4.03475e-11 4.74213e-13
 1.17875e-11 1.28e-09 8.19503e-08 3.0936e-06 6.88697e-05 0.000904627 0.00702238 0.0323729 0.0899191 0.15674 0.188776 0.181851 0.15144 0.104018 0.0557567 0.0226816 0.00677889 0.00143578 0.000209367 2.05592e-05 1.33476e-06 5.63995e-08 1.53016e-09 2.63394e-11 2.84633e-13
 1.16637e-11 1.26657e-09 8.10908e-08 3.06125e-06 6.81549e-05 0.000895425 0.00695462 0.032102 0.0894294 0.156797 0.190414 0.184319 0.152771 0.103489 0.0541185 0.0211913 0.00604123 0.00121903 0.000169917 1.5988e-05 9.92918e-07 3.98969e-08 1.02086e-09 1.64329e-11 1.64863e-13
 1.22089e-11 1.32577e-09 8.48819e-08 3.20442e-06 7.13451e-05 0.000937406 0.00728147 0.0336111 0.0935579 0.163334 0.195604 0.184168 0.147948 0.0978333 0.0501029 0.0191194 0.00526431 0.00101624 0.000134432 1.19439e-05 6.9901e-07 2.64633e-08 6.37948e-10 9.66545e-12 9.10639e-14
 1.04176e-11 1.13127e-09 7.24325e-08 2.73476e-06 6.09083e-05 0.000800982 0.00623654 0.0289692 0.0819442 0.148518 0.190608 0.194503 0.163024 0.106979 0.0528813 0.0193164 0.00508829 0.00093892 0.000118272 9.94912e-06 5.48147e-07 1.9448e-08 4.38087e-10 6.19249e-12 5.43984e-14
 1.20766e-11 1.31141e-09 8.39655e-08 3.17008e-06 7.05942e-05 0.000927968 0.00721577 0.0333845 0.0933539 0.164226 0.198333 0.187064 0.148922 0.0966101 0.0476806 0.0170703 0.00429796 0.000745257 8.75995e-05 6.86888e-06 3.52986e-07 1.16823e-08 2.45248e-10 3.2258e-12 2.63259e-14
#pred catch len freq
 9.75923e-12 1.05974e-09 6.78453e-08 2.56082e-06 5.69878e-05 0.000747725 0.00578543 0.0264214 0.0715488 0.117535 0.129528 0.127132 0.136079 0.126861 0.0899787 0.0557508 0.0351737 0.0227446 0.0152334 0.0108252 0.00830188 0.0069499 0.0060138 0.00463117 0.00269927
 1.23855e-11 1.34492e-09 8.61032e-08 3.24997e-06 7.23236e-05 0.000948931 0.00734175 0.0335176 0.0906096 0.147595 0.156864 0.139917 0.135581 0.119064 0.0777039 0.0410991 0.0214012 0.0115322 0.00637105 0.00369626 0.00232165 0.00163429 0.00126092 0.000926262 0.000538105
 1.16816e-11 1.26849e-09 8.12097e-08 3.06526e-06 6.82134e-05 0.000895011 0.00692492 0.0316225 0.0855946 0.140297 0.153145 0.146528 0.151671 0.134251 0.0830251 0.0379041 0.0157251 0.00670325 0.0029149 0.00131646 0.000635422 0.000343158 0.000214218 0.000140031 7.78329e-05
 1.26636e-11 1.37512e-09 8.80363e-08 3.32293e-06 7.39474e-05 0.000970237 0.00750663 0.0342714 0.0926613 0.15105 0.161056 0.144897 0.141392 0.12341 0.0780259 0.0377866 0.0165268 0.00667983 0.00239651 0.000814902 0.000284905 0.000108245 4.79118e-05 2.46014e-05 1.21695e-05
 1.24262e-11 1.34934e-09 8.63859e-08 3.26064e-06 7.25611e-05 0.000952051 0.00736604 0.0336321 0.0909682 0.148574 0.159731 0.146912 0.14636 0.127728 0.0786875 0.0357358 0.0144852 0.00573453 0.00209742 0.000685027 0.000198332 5.33264e-05 1.5014e-05 5.00711e-06 1.89311e-06
 1.16898e-11 1.26937e-09 8.12662e-08 3.0674e-06 6.82609e-05 0.000895634 0.00692974 0.0316447 0.0856566 0.140414 0.153347 0.146908 0.152297 0.13505 0.0838445 0.0384316 0.0155902 0.00598001 0.00206063 0.000641781 0.000180901 4.45712e-05 9.59148e-06 1.96892e-06 4.4806e-07
 1.19898e-11 1.30195e-09 8.3352e-08 3.14613e-06 7.00128e-05 0.000918618 0.00710744 0.0324531 0.0878034 0.143599 0.155287 0.145091 0.147107 0.130229 0.0825167 0.039896 0.0174211 0.00702516 0.00245866 0.000752326 0.000202598 4.72974e-05 9.45049e-06 1.59951e-06 2.37874e-07
 1.1973e-11 1.30013e-09 8.32355e-08 3.14173e-06 6.99149e-05 0.000917334 0.00709753 0.0324083 0.0876882 0.14346 0.155363 0.145696 0.148138 0.130893 0.0821481 0.0389012 0.0167054 0.00685947 0.00253435 0.000822407 0.000228201 5.28315e-05 1.01375e-05 1.59792e-06 2.04748e-07
 1.19946e-11 1.30247e-09 8.33852e-08 3.14738e-06 7.00407e-05 0.000918984 0.00711029 0.0324665 0.0878446 0.143707 0.15559 0.145808 0.148147 0.130842 0.0820461 0.0387408 0.016503 0.00667659 0.0024325 0.000795112 0.00022923 5.57666e-05 1.10325e-05 1.72971e-06 2.11653e-07
 1.30627e-11 1.41845e-09 9.08107e-08 3.42765e-06 7.62778e-05 0.00100081 0.00774311 0.0353492 0.095551 0.155563 0.164945 0.146084 0.139993 0.120696 0.0748521 0.0348058 0.0145312 0.00579296 0.00208809 0.000674035 0.000192496 4.7184e-05 9.62003e-06 1.56734e-06 1.96289e-07
 1.3354e-11 1.45008e-09 9.28356e-08 3.50408e-06 7.79786e-05 0.00102313 0.00791572 0.0361365 0.0976687 0.158927 0.168118 0.147873 0.140396 0.119729 0.0723024 0.0314519 0.0118545 0.00436408 0.00150858 0.000475504 0.000133647 3.23632e-05 6.56393e-06 1.07955e-06 1.38575e-07
 1.2789e-11 1.38873e-09 8.89079e-08 3.35583e-06 7.46795e-05 0.000979844 0.007581 0.0346119 0.0935955 0.152681 0.16329 0.148062 0.145245 0.125547 0.0761934 0.0332716 0.012477 0.00442686 0.00141521 0.000406746 0.000106883 2.49319e-05 4.95189e-06 8.04825e-07 1.03079e-07
 1.29018e-11 1.40098e-09 8.9692e-08 3.38543e-06 7.53381e-05 0.000988485 0.00764783 0.0349164 0.0944107 0.153945 0.164333 0.148243 0.144615 0.124627 0.0753659 0.0326451 0.0120923 0.00425219 0.00134725 0.000376004 9.2607e-05 1.98319e-05 3.65696e-06 5.66955e-07 7.07894e-08
 1.29312e-11 1.40417e-09 8.98964e-08 3.39314e-06 7.55098e-05 0.000990737 0.00766525 0.0349958 0.0946234 0.154276 0.164613 0.148312 0.144487 0.12442 0.0751622 0.0324683 0.0119597 0.00417139 0.00130769 0.000360547 8.74237e-05 1.81347e-05 3.1503e-06 4.5187e-07 5.25266e-08
 1.33832e-11 1.45325e-09 9.30384e-08 3.51174e-06 7.81489e-05 0.00102536 0.00793299 0.0362148 0.097873 0.159201 0.168138 0.147235 0.139213 0.118902 0.0725856 0.0324437 0.0126119 0.00457429 0.00145079 0.000398529 9.56728e-05 1.95767e-05 3.33191e-06 4.61081e-07 5.06352e-08
 1.32248e-11 1.43605e-09 9.19373e-08 3.47018e-06 7.72241e-05 0.00101323 0.00783919 0.0357883 0.0967443 0.157556 0.16729 0.148677 0.142676 0.121879 0.072974 0.0309013 0.0110625 0.00382748 0.00123045 0.000351391 8.6639e-05 1.78322e-05 3.01312e-06 4.10841e-07 4.40655e-08
 1.33984e-11 1.4549e-09 9.31442e-08 3.51573e-06 7.82378e-05 0.00102653 0.00794205 0.0362569 0.0979977 0.159491 0.168845 0.148819 0.141512 0.120383 0.0718716 0.0302181 0.0106053 0.00351941 0.00106073 0.000284833 6.8828e-05 1.44327e-05 2.50137e-06 3.4507e-07 3.68868e-08
 1.36949e-11 1.4871e-09 9.52058e-08 3.59355e-06 7.99694e-05 0.00104925 0.00811774 0.0370573 0.100137 0.162783 0.171448 0.148911 0.13927 0.117578 0.0698626 0.0291009 0.0100421 0.00327166 0.000965956 0.000250263 5.72084e-05 1.13306e-05 1.90373e-06 2.6311e-07 2.85897e-08
 1.39646e-11 1.51639e-09 9.70807e-08 3.66431e-06 8.15443e-05 0.00106991 0.00827754 0.0377855 0.102087 0.165809 0.173963 0.149402 0.137853 0.115439 0.0678606 0.0275077 0.00901626 0.0027897 0.00079704 0.000201542 4.48986e-05 8.5783e-06 1.3713e-06 1.80094e-07 1.8938e-08
 1.39419e-11 1.51393e-09 9.69231e-08 3.65837e-06 8.14119e-05 0.00106817 0.00826411 0.0377243 0.101924 0.165563 0.17379 0.149467 0.13814 0.115748 0.0680263 0.0275296 0.00896627 0.00272499 0.000751015 0.000180529 3.8357e-05 7.07336e-06 1.0955e-06 1.38565e-07 1.39209e-08
 1.39856e-11 1.51867e-09 9.72268e-08 3.66983e-06 8.16669e-05 0.00107152 0.00828997 0.0378419 0.102235 0.166015 0.174018 0.149053 0.137158 0.114906 0.0679188 0.0279729 0.00941756 0.00295027 0.00082134 0.00019554 4.03706e-05 7.1218e-06 1.05039e-06 1.27268e-07 1.23145e-08
 1.39448e-11 1.51424e-09 9.69431e-08 3.65912e-06 8.14286e-05 0.00106839 0.00826583 0.0377326 0.101952 0.165648 0.174071 0.150171 0.139185 0.116416 0.0676807 0.0265079 0.00808943 0.00231176 0.000626046 0.000151395 3.184e-05 5.61648e-06 8.10511e-07 9.44723e-08 8.7286e-09
 1.40834e-11 1.52929e-09 9.79064e-08 3.69548e-06 8.22378e-05 0.00107901 0.0083479 0.038106 0.102944 0.167128 0.175009 0.14945 0.136982 0.114368 0.0671326 0.0271156 0.00876787 0.00260761 0.000685868 0.000153404 3.02424e-05 5.23829e-06 7.61522e-07 8.90005e-08 8.0982e-09
 1.47243e-11 1.59888e-09 1.02362e-07 3.86365e-06 8.598e-05 0.0011281 0.00872758 0.0398352 0.107563 0.174197 0.18041 0.149029 0.131185 0.10764 0.0629678 0.0254904 0.00831924 0.00252879 0.000691067 0.000161264 3.20606e-05 5.32198e-06 7.28685e-07 8.20371e-08 7.3906e-09
 1.47821e-11 1.60516e-09 1.02764e-07 3.87882e-06 8.63178e-05 0.00113253 0.00876188 0.0399921 0.10799 0.174922 0.181312 0.150131 0.132397 0.108175 0.0620892 0.0237231 0.00685501 0.00182479 0.000467666 0.000108653 2.21661e-05 3.8072e-06 5.29958e-07 5.85203e-08 5.04731e-09
 1.49102e-11 1.61907e-09 1.03654e-07 3.91243e-06 8.70657e-05 0.00114235 0.00883775 0.0403376 0.108912 0.176324 0.182339 0.149903 0.131027 0.106717 0.0613811 0.0236556 0.00693745 0.00183935 0.000443717 9.21369e-05 1.6916e-05 2.77005e-06 3.86723e-07 4.37047e-08 3.83068e-09
 1.44495e-11 1.56905e-09 1.00452e-07 3.79156e-06 8.43759e-05 0.00110706 0.00856485 0.0390946 0.105591 0.171232 0.178401 0.150053 0.134957 0.111384 0.0644106 0.0250153 0.00745818 0.00202193 0.000496726 0.000103627 1.84328e-05 2.78506e-06 3.52072e-07 3.7093e-08 3.17742e-09
 1.47885e-11 1.60585e-09 1.02808e-07 3.8805e-06 8.6355e-05 0.00113302 0.00876565 0.0400091 0.108033 0.174969 0.181254 0.14982 0.131877 0.107822 0.0622261 0.0241814 0.00723036 0.00197232 0.000489965 0.000104043 1.88723e-05 2.87607e-06 3.56575e-07 3.54358e-08 2.79451e-09
#obs catch len freq
 9.17083e-12 9.95845e-10 6.37548e-08 2.40643e-06 5.35522e-05 0.000702653 0.00543693 0.0248348 0.0673125 0.111009 0.124144 0.126106 0.140923 0.140275 0.111375 0.0751094 0.0430455 0.0197871 0.00721989 0.00210015 0.000473513 7.92416e-05 9.48144e-06 7.87008e-07 4.4155e-08
 1.26463e-11 1.37324e-09 8.7916e-08 3.3184e-06 7.38465e-05 0.000968909 0.0074962 0.0342191 0.0924423 0.149974 0.156192 0.130786 0.11909 0.109097 0.0851877 0.0576984 0.033473 0.0156036 0.0056886 0.00160392 0.000342 5.3666e-05 6.01794e-06 4.67221e-07 2.43862e-08
 1.12043e-11 1.21666e-09 7.78916e-08 2.94003e-06 6.54268e-05 0.000858461 0.00664256 0.030341 0.0822042 0.135153 0.148494 0.142203 0.145398 0.130563 0.0889125 0.0494083 0.0244306 0.0104399 0.00364351 0.000998303 0.000206111 3.08625e-05 3.25079e-06 2.34694e-07 1.13437e-08
 1.24115e-11 1.34774e-09 8.62833e-08 3.25677e-06 7.24754e-05 0.000950935 0.00735766 0.033597 0.0908811 0.148238 0.157392 0.137634 0.129027 0.115964 0.0855633 0.0525127 0.0264409 0.0103297 0.00312234 0.000749946 0.000141428 1.99201e-05 1.9901e-06 1.35645e-07 6.13565e-09
 1.21741e-11 1.32196e-09 8.46332e-08 3.19449e-06 7.10897e-05 0.000932767 0.00721756 0.0329665 0.0892839 0.146365 0.158204 0.143735 0.137552 0.119865 0.0822858 0.0466152 0.022595 0.0088836 0.00269231 0.000614416 0.000103861 1.28256e-05 1.13694e-06 7.03427e-08 2.93673e-09
 1.22662e-11 1.33196e-09 8.52734e-08 3.21866e-06 7.16275e-05 0.000939829 0.00727234 0.0332188 0.0899803 0.147518 0.159142 0.143127 0.135024 0.117882 0.0828811 0.0480641 0.0230424 0.00867549 0.00250519 0.000551473 9.02015e-05 1.05637e-05 8.59713e-07 4.76296e-08 1.7668e-09
 1.15205e-11 1.25099e-09 8.00894e-08 3.02299e-06 6.72735e-05 0.00088272 0.0068311 0.0312161 0.0847005 0.139814 0.154393 0.145762 0.142506 0.124364 0.0859674 0.0488487 0.0230469 0.00856946 0.00242434 0.000513589 7.96813e-05 8.80721e-06 6.75148e-07 3.49935e-08 1.19874e-09
 1.32164e-11 1.43515e-09 9.18793e-08 3.468e-06 7.71765e-05 0.00101264 0.00783589 0.035793 0.0969272 0.158528 0.168667 0.144679 0.127717 0.107763 0.0757145 0.0441242 0.0209021 0.00764251 0.00210684 0.000433118 6.48005e-05 6.83885e-06 4.95305e-07 2.40615e-08 7.68692e-10
 1.22799e-11 1.33346e-09 8.53692e-08 3.22228e-06 7.1709e-05 0.000940939 0.00728218 0.0332856 0.090379 0.14939 0.164775 0.152585 0.142385 0.117331 0.0758445 0.0399216 0.0175699 0.00618581 0.00166458 0.000332374 4.78129e-05 4.81327e-06 3.30601e-07 1.51489e-08 4.53962e-10
 1.22914e-11 1.33471e-09 8.54491e-08 3.2253e-06 7.17763e-05 0.000941832 0.00728931 0.0333208 0.0904875 0.149538 0.164384 0.150385 0.138866 0.116273 0.0786198 0.0430238 0.0187227 0.00620314 0.00154166 0.000286531 3.89432e-05 3.7322e-06 2.43795e-07 1.05719e-08 2.98232e-10
 1.35326e-11 1.46949e-09 9.40779e-08 3.551e-06 7.90243e-05 0.00103693 0.00802497 0.0366752 0.0994805 0.163492 0.175726 0.151416 0.129866 0.104031 0.0689685 0.0375588 0.0164702 0.00552288 0.0013689 0.000245945 3.13922e-05 2.78803e-06 1.68797e-07 6.81878e-09 1.79909e-10
 1.18648e-11 1.28838e-09 8.24833e-08 3.11337e-06 6.92867e-05 0.000909224 0.00703869 0.0322046 0.0877435 0.146602 0.166047 0.158855 0.147971 0.11856 0.0744299 0.0376475 0.0154956 0.00498052 0.00120243 0.000211737 2.63508e-05 2.24911e-06 1.2858e-07 4.83512e-09 1.17825e-10
 1.34628e-11 1.4619e-09 9.35924e-08 3.53268e-06 7.86176e-05 0.00103163 0.00798508 0.0365096 0.0991736 0.163648 0.177415 0.154056 0.131318 0.10411 0.0683356 0.035991 0.0146892 0.00446937 0.00100118 0.00016408 1.92424e-05 1.56304e-06 8.52767e-08 3.04904e-09 7.01156e-11
 1.165e-11 1.26505e-09 8.099e-08 3.05702e-06 6.80341e-05 0.000892857 0.00691384 0.0316619 0.0865143 0.14576 0.168131 0.163725 0.151316 0.118228 0.0722287 0.0353652 0.0139056 0.00419406 0.000929138 0.000146882 1.61908e-05 1.2197e-06 6.16388e-08 2.05088e-09 4.41054e-11
 1.32699e-11 1.44096e-09 9.22516e-08 3.48209e-06 7.74931e-05 0.00101694 0.00787292 0.03602 0.0980385 0.162678 0.17854 0.157195 0.133737 0.104618 0.067511 0.0344921 0.0134198 0.00384456 0.000801647 0.000120393 1.27046e-05 9.13313e-07 4.35618e-08 1.35196e-09 2.69076e-11
 1.24029e-11 1.34681e-09 8.62245e-08 3.25462e-06 7.24331e-05 0.000950641 0.00736249 0.0337304 0.0922383 0.155412 0.177805 0.167511 0.146812 0.109316 0.0640334 0.0298715 0.0110491 0.0030994 0.000631913 9.09508e-05 9.03105e-06 6.06348e-07 2.70192e-08 7.8481e-10 1.46114e-11
 1.19459e-11 1.29718e-09 8.30475e-08 3.13472e-06 6.97658e-05 0.000915686 0.00709302 0.0325132 0.0890453 0.150628 0.173777 0.165781 0.147941 0.113872 0.0695983 0.0330655 0.0118787 0.00313146 0.000596998 8.11799e-05 7.67908e-06 4.90555e-07 2.06361e-08 5.61024e-10 9.7198e-12
 1.27139e-11 1.38058e-09 8.83868e-08 3.33626e-06 7.42515e-05 0.000974559 0.00754873 0.0345927 0.0946105 0.15909 0.179796 0.164064 0.140021 0.106132 0.065586 0.031915 0.0117607 0.00314947 0.000596501 7.83707e-05 7.01319e-06 4.19911e-07 1.65362e-08 4.21253e-10 6.83611e-12
 1.13749e-11 1.23518e-09 7.90785e-08 2.98497e-06 6.64375e-05 0.000872192 0.00676075 0.031056 0.0855929 0.147286 0.176129 0.17464 0.155401 0.114117 0.065397 0.0293456 0.0101655 0.00261662 0.000482815 6.19619e-05 5.38047e-06 3.08844e-07 1.15088e-08 2.74559e-10 4.14631e-12
 1.20312e-11 1.30646e-09 8.36417e-08 3.15722e-06 7.02712e-05 0.000922499 0.00714979 0.0328233 0.0902356 0.153828 0.179069 0.169825 0.147452 0.110364 0.0656131 0.0297847 0.00998339 0.00240965 0.000413382 4.96603e-05 4.07974e-06 2.23114e-07 7.93269e-09 1.80013e-10 2.57132e-12
 1.1994e-11 1.30241e-09 8.3383e-08 3.1475e-06 7.00575e-05 0.000919798 0.00713114 0.0327668 0.0902887 0.154731 0.181635 0.172762 0.147851 0.107924 0.0629436 0.0285048 0.00966438 0.00235439 0.000399695 4.62595e-05 3.58504e-06 1.831e-07 6.07125e-09 1.28824e-10 1.72585e-12
 1.28788e-11 1.39849e-09 8.95347e-08 3.37973e-06 7.52278e-05 0.000987713 0.00765809 0.0351874 0.0968945 0.165416 0.191339 0.175581 0.142682 0.0984297 0.0538661 0.0227295 0.00719492 0.00165394 0.000268322 2.99037e-05 2.22946e-06 1.0866e-07 3.40116e-09 6.74739e-11 8.39829e-13
 1.18501e-11 1.2868e-09 8.23844e-08 3.10993e-06 6.92295e-05 0.00090923 0.00705578 0.0325024 0.0901427 0.156781 0.188645 0.18237 0.152424 0.104056 0.0548952 0.021977 0.00653256 0.00140074 0.000211389 2.19574e-05 1.53351e-06 7.03782e-08 2.08032e-09 3.89664e-11 4.56631e-13
 1.2444e-11 1.35129e-09 8.65138e-08 3.26582e-06 7.27003e-05 0.000954809 0.00740876 0.0341102 0.0943875 0.162853 0.191774 0.179072 0.146251 0.100258 0.0536711 0.0214886 0.00622483 0.00127124 0.000179826 1.73403e-05 1.11908e-06 4.74155e-08 1.29593e-09 2.25051e-11 2.45199e-13
 1.20448e-11 1.30794e-09 8.37397e-08 3.16122e-06 7.03791e-05 0.000924584 0.00717967 0.0331213 0.0921114 0.160745 0.19311 0.183667 0.149503 0.0999933 0.0520011 0.0203867 0.00583049 0.00117447 0.000161998 1.49739e-05 9.11198e-07 3.59569e-08 9.0824e-10 1.45185e-11 1.45399e-13
 1.19335e-11 1.29587e-09 8.29678e-08 3.13219e-06 6.97391e-05 0.000916387 0.00712004 0.0328901 0.0917384 0.160995 0.194886 0.186075 0.1506 0.0992105 0.0502561 0.0189429 0.00516371 0.000990201 0.000130411 1.15351e-05 6.70619e-07 2.51428e-08 5.98699e-10 8.94908e-12 8.32162e-14
 1.24919e-11 1.35651e-09 8.68512e-08 3.27887e-06 7.30078e-05 0.000959413 0.00745512 0.0344371 0.0959632 0.16764 0.200043 0.185714 0.145564 0.0934762 0.0462975 0.0169806 0.00446452 0.0008181 0.000102162 8.52576e-06 4.66715e-07 1.64716e-08 3.69195e-10 5.19013e-12 4.52992e-14
 1.07132e-11 1.16338e-09 7.44898e-08 2.81258e-06 6.26486e-05 0.000824082 0.00641985 0.0298502 0.0845507 0.153271 0.19556 0.196149 0.160196 0.10207 0.048781 0.0171134 0.00429974 0.000752164 8.93358e-05 7.05223e-06 3.63174e-07 1.20052e-08 2.5131e-10 3.29434e-12 2.67934e-14
#spawning biomass
 24658.6 26270.3 28779.9 35441.9 41896.9 47118.3 55734.4 65113.3 74316.1 85419 99098.3 115013 117192 125114 152117 161207 162937 165086 162875 170531 182175 162525 168086 181203 171321 175296 180627 179244 185051 102887 16426.9 9318.85 8825.01 8794.07 8792.26 8792.16 8792.15 8792.15 8792.15 8792.15 8792.15 8792.15 8792.15 8792.15 8792.15 8792.15 8792.15 8792.15 8792.15 8792.15 8792.15 8792.15 8792.15 8792.15 8792.15 8792.15 8792.15 8792.15 8792.15 8792.15 8792.15 8792.15 8792.15 8792.15 8792.15 8792.15 8792.15 8792.15 8792.15 8792.15 8792.15 8792.15 8792.15 8792.15 8792.15 8792.15 8792.15 8792.15 8792.15 8792.15 8792.15 8792.15 8792.15 8792.15 8792.15 8792.15 8792.15 8792.15 8792.15 8792.15 8792.15 8792.15 8792.15 8792.15 8792.15 8792.15 8792.15 8792.15 8792.15 8792.15 8792.15 8792.15 8792.15 8792.15 8792.15 8792.15 8792.15 8792.15 8792.15 8792.15 8792.15 8792.15 8792.15 8792.15 8792.15 8792.15 8792.15 8792.15 8792.15 8792.15 8792.15 8792.15 8792.15 8792.15 8792.15 8792.15 8792.15 8792.15 0 0 0 0 0 0 0 0 0 0 0 0 0 0 0 0 0 0 0 0 0 0 0 0 0
