SBPRF35
0.305497
Curr Bio
207586
B35
330437
F35
0.425396
FOFL
0.425396
OFL
91332.1
Bzero
87284.8
#pred survey bio
 8887.62 10308.2 8985.99 8916.44 11774.1 16694.6 23957.6 33080.8 43596.1 54085.5 65238.8 86801.6 106895 123165 135187 131189 137715 104028 124464 124150 114267 122678 131191 128685 115431 123268 106993 121326 209366 8.50613e+06 1.02542e+07 7.91174e+06 5.48397e+06 3.65369e+06 2.45989e+06 1.73809e+06 1.31774e+06 1.07589e+06 935873 853256 803202 771988 751978 738742 729770 723810 719800 717077 715215 713937 713057 712449 712029 711739 711538 711399 711302 711235 711189 711157 711135 711119 711109 711101 711096 711092 711090 711088 711087 711086 711086 711085 711085 711085 711085 711085 711085 711085 711085 711084 711084 711084 711084 711084 711084 711084 711084 711084 711084 711084 711084 711084 711084 711084 711084 711084 711084 711084 711084 711084 711084 711084 711084 711084 711084 711084 711084 711084 711084 711084 711084 711084 711084 711084 711084 711084 711084 711084 711084 711084 711084 711084 711084 711084 711084 711084 711084 711084 711084 0 0 0 0 0 0 0 0 0 0 0 0 0 0 0 0 0 0 0 0 0 0 0 0 0
#obs survey bio
 6105.76 7553.63 6575.44 7900.22 16715.8 14092 23020.6 45456.4 37742 47573.1 67416.7 82806.2 112465 160839 112445 109147 191219 124192 127134 103786 150827 117287 160724 145200 140030 162054 110343 120948 186292
#pred catch bio
 1625.34 3474.44 3459.39 2732.01 3935.86 7273.39 11709.5 16381.9 23550.5 32244.5 38692.5 55892.8 69649.6 79397.8 97110.7 93249.4 115429 70627.4 93731.6 101427 93128.3 102706 116513 120379 102489 120557 100890 103550 118031 91332.1 140223 103956 68423.5 42821.4 26971 18009.2 13234.7 10793.7 9581.93 8993.28 8711.91 8579.04 8516.87 8487.92 8474.48 8468.39 8465.64 8464.39 8463.82 8463.56 8463.45 8463.4 8463.37 8463.36 8463.36 8463.35 8463.35 8463.35 8463.35 8463.35 8463.35 8463.35 8463.35 8463.35 8463.35 8463.35 8463.35 8463.35 8463.35 8463.35 8463.35 8463.35 8463.35 8463.35 8463.35 8463.35 8463.35 8463.35 8463.35 8463.35 8463.35 8463.35 8463.35 8463.35 8463.35 8463.35 8463.35 8463.35 8463.35 8463.35 8463.35 8463.35 8463.35 8463.35 8463.35 8463.35 8463.35 8463.35 8463.35 8463.35 8463.35 8463.35 8463.35 8463.35 8463.35 8463.35 8463.35 8463.35 8463.35 8463.35 8463.35 8463.35 8463.35 8463.35 8463.35 8463.35 8463.35 8463.35 8463.35 8463.35 8463.35 8463.35 8463.35 8463.35 8463.35 8463.35 8463.35 8463.35 8463.35 0 0 0 0 0 0 0 0 0 0 0 0 0 0 0 0 0 0 0 0 0 0 0 0 0
#obs catch bio
 3880.09 3659.07 4140.96 2884.16 3924.17 7388.64 12039.3 15545.5 22653.8 32174.9 37982 54721.6 66772.9 73614.8 97417.5 96127.8 105760 64205.1 86133.5 92767.6 86870.7 93954.8 99520.2 117985 90447.6 107298 96381.3 91591.8 111897
#pred cpue bio
 8112.55 9866.87 8268.52 7841.18 10235.6 14125.8 19554.4 27424.8 36269.7 44550.7 52666.9 68932.6 85338.1 99815.8 110755 104458 110248 81859.1 98599.6 97912.3 87358 91818.9 97930.8 93965.6 83742.8 89754.1 74619.4 84576.8 140759 6.92815e+06 1.021e+07 7.86763e+06 5.43986e+06 3.60958e+06 2.41579e+06 1.69399e+06 1.27364e+06 1.03179e+06 891768 809150 759096 727883 707872 694636 685664 679705 675694 672971 671109 669831 668951 668343 667924 667633 667432 667293 667197 667130 667083 667051 667029 667014 667003 666996 666990 666987 666984 666983 666982 666981 666980 666980 666979 666979 666979 666979 666979 666979 666979 666979 666979 666979 666979 666979 666979 666979 666979 666979 666979 666979 666979 666979 666979 666979 666979 666979 666979 666979 666979 666979 666979 666979 666979 666979 666979 666979 666979 666979 666979 666979 666979 666979 666979 666979 666979 666979 666979 666979 666979 666979 666979 666979 666979 666979 666979 666979 666979 666979 666979 0 0 0 0 0 0 0 0 0 0 0 0 0 0 0 0 0 0 0 0 0 0 0 0 0
#obs cpue bio
 11119.2 9063.86 5255.52 6812.47 12452 16547 17474.7 32620.2 44145.4 46045 56830.6 79907.8 96596.1 105743 117481 102999 156754 84541.3 143978 163205 85609.5 138661 157951 81569.4 118271 112432 78973.4 151246 174925
#pred surv len freq
 9.7211e-12 1.0556e-09 6.75802e-08 2.55082e-06 5.67651e-05 0.000744803 0.00576281 0.0263179 0.0712645 0.117039 0.128853 0.126262 0.135528 0.128464 0.0952641 0.0629235 0.0404355 0.0244863 0.0143068 0.00844146 0.00520205 0.00348074 0.00250578 0.00171773 0.000940304
 5.87259e-12 6.37693e-10 4.08257e-08 1.54097e-06 3.42925e-05 0.000449962 0.00348218 0.0159179 0.0433142 0.0728352 0.0880744 0.105678 0.134278 0.14181 0.122553 0.0981181 0.0717287 0.0456695 0.0262313 0.0140702 0.00731681 0.00394898 0.0023312 0.00141594 0.000740476
 1.0339e-11 1.1227e-09 7.1876e-08 2.71296e-06 6.03731e-05 0.000792124 0.00612819 0.0279688 0.0754933 0.122041 0.125427 0.101792 0.0914503 0.0896555 0.0851338 0.0796263 0.0689052 0.0526044 0.0349549 0.0198921 0.0098848 0.00454945 0.00211609 0.00103965 0.000482515
 1.27291e-11 1.38223e-09 8.84917e-08 3.34012e-06 7.43297e-05 0.000975242 0.00754491 0.0344358 0.0929633 0.150396 0.155045 0.126458 0.110739 0.0951438 0.0666097 0.0438649 0.0337849 0.028653 0.022743 0.0154165 0.00863455 0.00401317 0.00163061 0.000632321 0.000238396
 1.27518e-11 1.38469e-09 8.86491e-08 3.34606e-06 7.4462e-05 0.00097698 0.00755847 0.0345003 0.0931741 0.151032 0.157083 0.131713 0.119689 0.105173 0.0743554 0.0462734 0.0284406 0.0177542 0.0122375 0.00896188 0.00590043 0.00315081 0.00133666 0.000467485 0.000143194
 1.38899e-11 1.50828e-09 9.65615e-08 3.64471e-06 8.1108e-05 0.00106417 0.00823283 0.0375731 0.101401 0.163786 0.167632 0.133652 0.113812 0.0974088 0.0691058 0.043766 0.0270393 0.0156879 0.00868922 0.00498312 0.00305068 0.00177786 0.000850973 0.000313708 8.96181e-05
 1.50816e-11 1.63768e-09 1.04846e-07 3.9574e-06 8.80662e-05 0.00115547 0.00893896 0.0407926 0.110046 0.177397 0.179901 0.139038 0.112675 0.0922051 0.0610124 0.0345331 0.0195143 0.0109996 0.00592078 0.00300683 0.00148385 0.000745232 0.000357624 0.000142082 4.24796e-05
 1.4117e-11 1.53294e-09 9.81404e-08 3.70431e-06 8.24343e-05 0.00108158 0.00836762 0.0381917 0.103116 0.16693 0.172587 0.141939 0.125019 0.105354 0.0678293 0.0352995 0.0176618 0.00877522 0.00424243 0.00200284 0.000900142 0.000382386 0.000156355 5.88673e-05 1.80748e-05
 1.40102e-11 1.52135e-09 9.73979e-08 3.67629e-06 8.18106e-05 0.0010734 0.0083043 0.0379024 0.102331 0.165624 0.171081 0.140351 0.123515 0.105048 0.0697487 0.0384627 0.0200046 0.00957272 0.00414222 0.0017006 0.000673201 0.000253396 8.91134e-05 2.88446e-05 8.16176e-06
 1.4401e-11 1.56377e-09 1.00114e-07 3.77881e-06 8.40922e-05 0.00110333 0.00853581 0.0389575 0.105158 0.170023 0.174797 0.141257 0.121734 0.102047 0.0665849 0.0357725 0.0184185 0.0090445 0.00403187 0.00161142 0.000574338 0.000186391 5.60676e-05 1.54519e-05 3.77157e-06
 1.50898e-11 1.63858e-09 1.04903e-07 3.95957e-06 8.81147e-05 0.0011561 0.00894399 0.0408178 0.110144 0.177804 0.181472 0.14321 0.119235 0.0975324 0.0616639 0.0311638 0.0149119 0.00696439 0.00304147 0.00122457 0.000439119 0.000136071 3.63336e-05 8.48349e-06 1.73769e-06
 1.5631e-11 1.69734e-09 1.08666e-07 4.10158e-06 9.12748e-05 0.00119756 0.00926465 0.042279 0.114056 0.183869 0.18649 0.144122 0.116328 0.0933842 0.0581247 0.0284976 0.012981 0.00569476 0.00231193 0.000875203 0.000304415 9.35244e-05 2.43983e-05 5.26421e-06 9.35078e-07
 1.53149e-11 1.66302e-09 1.06468e-07 4.01863e-06 8.94289e-05 0.00117335 0.0090774 0.0414269 0.111791 0.180487 0.184324 0.145704 0.121308 0.0982078 0.0598356 0.027607 0.0115323 0.00471217 0.00180038 0.00063589 0.000205255 5.92785e-05 1.48977e-05 3.12299e-06 5.24623e-07
 1.47313e-11 1.59964e-09 1.02411e-07 3.86549e-06 8.6021e-05 0.00112864 0.00873164 0.0398519 0.107581 0.174013 0.17923 0.145606 0.125869 0.103917 0.0639729 0.0298982 0.0125544 0.00497853 0.00177275 0.000574484 0.000171031 4.56471e-05 1.06379e-05 2.099e-06 3.36942e-07
 1.43436e-11 1.55755e-09 9.97155e-08 3.76376e-06 8.37573e-05 0.00109894 0.00850194 0.0388051 0.104777 0.169654 0.175567 0.144769 0.127698 0.106825 0.0668392 0.0323204 0.0142155 0.00582929 0.00210019 0.000667035 0.00018699 4.57787e-05 9.73841e-06 1.76401e-06 2.6284e-07
 1.5403e-11 1.67258e-09 1.0708e-07 4.04174e-06 8.99431e-05 0.00118009 0.00912957 0.0416646 0.112427 0.181466 0.1851 0.145742 0.120667 0.0974247 0.0593172 0.0273495 0.0113838 0.00459242 0.00169719 0.000558689 0.000159245 3.82684e-05 7.68235e-06 1.27792e-06 1.73611e-07
 1.51288e-11 1.64281e-09 1.05174e-07 3.9698e-06 8.83423e-05 0.00115909 0.00896718 0.0409254 0.110459 0.178504 0.183081 0.146728 0.124393 0.101194 0.0609122 0.0270504 0.0105586 0.00398192 0.00138789 0.000441639 0.000126418 3.11123e-05 6.31909e-06 1.02892e-06 1.31966e-07
 1.56176e-11 1.69588e-09 1.08572e-07 4.09805e-06 9.11962e-05 0.00119654 0.0092568 0.0422457 0.114002 0.184063 0.187999 0.148609 0.123352 0.0983909 0.0570087 0.0229071 0.00747098 0.00237294 0.00073932 0.000216218 5.78872e-05 1.3698e-05 2.76301e-06 4.54593e-07 5.84022e-08
 1.55243e-11 1.68576e-09 1.07924e-07 4.07359e-06 9.06519e-05 0.00118939 0.0092015 0.0419925 0.113307 0.182852 0.186349 0.146295 0.120595 0.0970538 0.0587889 0.0266303 0.0104879 0.0037173 0.00109358 0.000272539 6.22676e-05 1.315e-05 2.45867e-06 3.87684e-07 4.91175e-08
 1.56214e-11 1.69629e-09 1.08598e-07 4.09904e-06 9.12183e-05 0.00119682 0.009259 0.0422551 0.114018 0.184013 0.187598 0.147414 0.121492 0.0971147 0.05743 0.0245282 0.00897902 0.0031867 0.00104127 0.00029451 6.90465e-05 1.31739e-05 2.11304e-06 2.9244e-07 3.40267e-08
 1.66077e-11 1.8034e-09 1.15455e-07 4.35785e-06 9.69778e-05 0.00127239 0.00984337 0.0449173 0.121137 0.194987 0.196361 0.148011 0.114489 0.0881116 0.0506786 0.0204347 0.00670184 0.00210364 0.000626851 0.000171126 4.20334e-05 8.76014e-06 1.46155e-06 1.90425e-07 1.95361e-08
 1.72363e-11 1.87165e-09 1.19825e-07 4.5228e-06 0.000100648 0.00132054 0.0102158 0.0466137 0.125671 0.201957 0.201834 0.148084 0.109557 0.0820546 0.0464889 0.0182472 0.00564712 0.00162987 0.000438613 0.000105857 2.32666e-05 4.59009e-06 7.77246e-07 1.06737e-07 1.12595e-08
 1.7281e-11 1.87651e-09 1.20136e-07 4.53452e-06 0.000100909 0.00132396 0.0102423 0.0467345 0.125997 0.202484 0.202372 0.148499 0.109832 0.082042 0.0460248 0.0175231 0.00506188 0.00133478 0.000331639 7.35109e-05 1.45192e-05 2.53392e-06 3.83518e-07 4.9322e-08 5.16501e-09
 1.78867e-11 1.94228e-09 1.24347e-07 4.69346e-06 0.000104446 0.00137037 0.0106011 0.0483692 0.130366 0.209195 0.207621 0.1485 0.104965 0.076106 0.0419602 0.0154613 0.00413342 0.000971048 0.000217003 4.36591e-05 7.80958e-06 1.23275e-06 1.66943e-07 1.90132e-08 1.78495e-09
 1.80354e-11 1.95843e-09 1.25381e-07 4.73249e-06 0.000105315 0.00138176 0.0106893 0.0487708 0.131442 0.210864 0.20901 0.148776 0.104189 0.0749231 0.0408382 0.0145617 0.0035624 0.000716204 0.000136932 2.41694e-05 3.80629e-06 5.32885e-07 6.4488e-08 6.56403e-09 5.48288e-10
 1.79529e-11 1.94947e-09 1.24807e-07 4.71083e-06 0.000104833 0.00137544 0.0106403 0.0485479 0.130845 0.209936 0.208232 0.148602 0.10459 0.0755682 0.0414888 0.015107 0.00390337 0.00085292 0.000168957 2.79604e-05 3.81754e-06 4.53733e-07 4.72398e-08 4.19226e-09 3.08454e-10
 1.90393e-11 2.06744e-09 1.3236e-07 4.99591e-06 0.000111177 0.00145867 0.011284 0.0514796 0.138676 0.221941 0.217492 0.148176 0.0952068 0.0644729 0.034345 0.0119785 0.0027738 0.000498977 8.41758e-05 1.34669e-05 1.90116e-06 2.26136e-07 2.16981e-08 1.66566e-09 1.04099e-10
 1.90527e-11 2.06889e-09 1.32452e-07 4.99941e-06 0.000111254 0.00145969 0.0112919 0.0515155 0.138772 0.222085 0.217591 0.148133 0.0950341 0.0643021 0.0342817 0.0120011 0.00280688 0.000511054 8.42893e-05 1.22102e-05 1.46984e-06 1.53058e-07 1.39915e-08 1.06586e-09 6.39737e-11
 1.9908e-11 2.16177e-09 1.38399e-07 5.22386e-06 0.000116249 0.00152522 0.0117986 0.0538232 0.144933 0.231491 0.224661 0.147192 0.0867281 0.0549747 0.0289541 0.0104244 0.00266969 0.00057406 0.000110524 1.72972e-05 2.12063e-06 2.12189e-07 1.74658e-08 1.16353e-09 6.29335e-11
#obs surv len freq
 2.32122e-11 2.24259e-09 1.27739e-07 4.28977e-06 8.4935e-05 0.000991497 0.00682511 0.0277251 0.0667378 0.0973 0.0953959 0.0868083 0.0957159 0.106235 0.107894 0.100165 0.0809446 0.0573106 0.0365355 0.0202942 0.00911618 0.00306604 0.000724342 0.000114554 1.17139e-05
 5.38483e-12 5.01787e-10 2.75681e-08 8.92973e-07 1.70544e-05 0.000192097 0.00127806 0.00506364 0.0124564 0.022656 0.0432398 0.0868937 0.13585 0.15597 0.150271 0.132714 0.103951 0.0711996 0.0430253 0.0222933 0.00929709 0.00289781 0.00063229 9.19789e-05 8.62362e-06
 9.19029e-11 8.2459e-09 4.362e-07 1.36041e-05 0.000250147 0.00271181 0.0173327 0.0653196 0.145185 0.190662 0.149518 0.0754834 0.0395649 0.0472615 0.068416 0.072935 0.056454 0.0353249 0.0194594 0.00928886 0.00356592 0.00101973 0.000203921 2.71813e-05 2.33393e-06
 1.08168e-10 9.32947e-09 4.74411e-07 1.4223e-05 0.000251403 0.00262003 0.016102 0.0584158 0.125778 0.165309 0.150492 0.131541 0.126138 0.0977179 0.0535543 0.0269451 0.0183644 0.0134764 0.00797174 0.00363539 0.00127415 0.00033052 6.00522e-05 7.28528e-06 5.70137e-07
 1.29439e-10 1.07153e-08 5.22975e-07 1.50486e-05 0.000255303 0.00255374 0.0150644 0.0524683 0.108582 0.137956 0.124419 0.113697 0.120417 0.116404 0.0951724 0.063453 0.031426 0.0117771 0.00414507 0.00154645 0.000504453 0.000121129 2.00128e-05 2.1962e-06 1.55636e-07
 2.21134e-10 1.75445e-08 8.20667e-07 2.26325e-05 0.000367992 0.00352777 0.0199432 0.0665471 0.131728 0.158771 0.131438 0.10493 0.100771 0.0949428 0.0796701 0.057043 0.03173 0.013128 0.00411667 0.00104172 0.000230294 4.38416e-05 6.36188e-06 6.31589e-07 4.05879e-08
 3.07869e-10 2.33779e-08 1.04661e-06 2.76251e-05 0.000429899 0.00394451 0.0213453 0.0682204 0.129753 0.152646 0.130861 0.116731 0.11602 0.100699 0.0739751 0.0470763 0.0243552 0.00985289 0.00312818 0.000768706 0.000142782 2.00392e-05 2.13828e-06 1.68617e-07 9.24338e-09
 4.23882e-10 3.07667e-08 1.3166e-06 3.32176e-05 0.000494113 0.00433368 0.0224184 0.068524 0.124923 0.142398 0.122859 0.11519 0.118711 0.107296 0.0826342 0.0524734 0.0252936 0.00912889 0.00258518 0.000585669 0.000102084 1.29761e-05 1.16109e-06 7.19328e-08 3.05465e-09
 6.28209e-10 4.35321e-08 1.7785e-06 4.28388e-05 0.000608368 0.00509417 0.0251609 0.073453 0.128108 0.140796 0.120101 0.113798 0.116989 0.105645 0.0818187 0.0518466 0.024778 0.00879438 0.00238083 0.000495802 7.78429e-05 8.92798e-06 7.21937e-07 3.97688e-08 1.45285e-09
 8.62213e-10 5.69768e-08 2.21983e-06 5.09897e-05 0.000690548 0.00551442 0.02598 0.0724217 0.121261 0.131143 0.118066 0.121815 0.127167 0.112145 0.0833473 0.0495539 0.0217401 0.00699404 0.00172334 0.000330935 4.80139e-05 5.03172e-06 3.67275e-07 1.81568e-08 5.93901e-10
 1.47186e-09 9.26545e-08 3.4388e-06 7.52465e-05 0.000970765 0.00738465 0.0331392 0.0879535 0.139886 0.142169 0.116989 0.110603 0.112323 0.101065 0.076635 0.0448704 0.0187831 0.00563341 0.00126645 0.000218629 2.84586e-05 2.69145e-06 1.78163e-07 7.98756e-09 2.36117e-10
 2.06163e-09 1.23509e-07 4.36242e-06 9.08442e-05 0.00111537 0.00807527 0.0345011 0.0873252 0.133576 0.135467 0.121452 0.12531 0.123747 0.101327 0.0695341 0.0378477 0.015118 0.00438516 0.00094873 0.000154134 1.83922e-05 1.56598e-06 9.26715e-08 3.71719e-09 9.86872e-11
 2.76293e-09 1.57379e-07 5.28522e-06 0.000104646 0.00122162 0.00841002 0.0341774 0.082422 0.121128 0.122127 0.116572 0.128411 0.131605 0.112725 0.0791466 0.0416848 0.0153622 0.00399684 0.000772475 0.000114017 1.25668e-05 9.9015e-07 5.37147e-08 1.95229e-09 4.6581e-11
 3.7249e-09 2.01562e-07 6.43044e-06 0.000120953 0.0013414 0.00877375 0.033892 0.0778761 0.110304 0.111944 0.114881 0.13316 0.138663 0.120548 0.0846159 0.043593 0.0155618 0.00389817 0.000712811 9.67885e-05 9.61212e-06 6.79673e-07 3.33069e-08 1.10126e-09 2.39614e-11
 5.50182e-09 2.82604e-07 8.55838e-06 0.000152809 0.00160871 0.00998892 0.036643 0.0800907 0.108754 0.108761 0.113906 0.133516 0.14006 0.122726 0.0846119 0.0415137 0.013838 0.00320414 0.000540784 6.80204e-05 6.25439e-06 4.05951e-07 1.80481e-08 5.37018e-10 1.04935e-11
 9.62013e-09 4.68738e-07 1.34654e-05 0.000228062 0.00227749 0.0134142 0.0466731 0.0967083 0.124164 0.116301 0.113106 0.125349 0.127336 0.109246 0.0738483 0.0358386 0.0120641 0.00287116 0.000493999 6.11625e-05 5.33372e-06 3.21024e-07 1.31066e-08 3.56477e-10 6.34047e-12
 1.29028e-08 5.95999e-07 1.62311e-05 0.000260614 0.00246741 0.0137817 0.0455328 0.0901697 0.11395 0.11488 0.127589 0.144777 0.137146 0.106272 0.064617 0.0280956 0.00837711 0.00175906 0.000273073 3.1756e-05 2.67659e-06 1.56261e-07 6.104e-09 1.55993e-10 2.56927e-12
 1.93559e-08 8.47154e-07 2.18601e-05 0.000332577 0.00298352 0.0157905 0.0494409 0.0928501 0.111596 0.108078 0.117669 0.135346 0.135992 0.113169 0.0719172 0.0322173 0.0100044 0.0022 0.000347298 3.89757e-05 3.0535e-06 1.64362e-07 5.9767e-09 1.43792e-10 2.23995e-12
 2.99612e-08 1.24198e-06 3.03535e-05 0.000437378 0.00371634 0.0186329 0.0553134 0.0988837 0.115057 0.112408 0.124254 0.138079 0.130591 0.102336 0.0621676 0.0272617 0.00853222 0.00193901 0.000319203 3.70226e-05 2.93175e-06 1.54826e-07 5.36334e-09 1.20354e-10 1.73161e-12
 4.02791e-08 1.58087e-06 3.65808e-05 0.000499081 0.00401545 0.0190709 0.0537318 0.0920062 0.106415 0.111701 0.132792 0.148384 0.137402 0.103401 0.0587157 0.0235302 0.00666569 0.00138876 0.000216594 2.46063e-05 1.94526e-06 1.02935e-07 3.54763e-09 7.81539e-11 1.08632e-12
 7.2019e-08 2.67559e-06 5.86051e-05 0.000756847 0.00576383 0.0259068 0.0690174 0.111263 0.119067 0.112079 0.122172 0.133725 0.125769 0.0950552 0.0526154 0.0201521 0.00538704 0.00104328 0.000149118 1.54909e-05 1.13326e-06 5.65238e-08 1.86675e-09 3.98176e-11 5.37927e-13
 1.00544e-07 3.53528e-06 7.32882e-05 0.000895804 0.00645769 0.0274921 0.069578 0.10804 0.117262 0.121645 0.13946 0.143057 0.120118 0.0820965 0.0427074 0.0159273 0.0042405 0.000818248 0.000113958 1.11976e-05 7.57589e-07 3.45733e-08 1.04431e-09 2.05017e-11 2.57266e-13
 1.43771e-07 4.78409e-06 9.38585e-05 0.00108573 0.00740771 0.0298573 0.0716475 0.1062 0.112679 0.118493 0.138143 0.144842 0.125153 0.0849702 0.0415447 0.0139543 0.0032794 0.00056412 7.22902e-05 6.7157e-06 4.32888e-07 1.86781e-08 5.26465e-10 9.53358e-12 1.09569e-13
 2.00839e-07 6.32467e-06 0.000117429 0.00128559 0.00830239 0.0316962 0.072278 0.103273 0.110531 0.122624 0.144879 0.14805 0.123485 0.0804744 0.0376682 0.0121219 0.00271616 0.000436993 5.10221e-05 4.25736e-06 2.47481e-07 9.76393e-09 2.54921e-10 4.30449e-12 4.61408e-14
 2.84216e-07 8.47076e-06 0.000148849 0.0015423 0.00942811 0.0340911 0.0738346 0.101389 0.107946 0.122535 0.145388 0.148376 0.123795 0.0798377 0.0367899 0.0117611 0.00264822 0.000426873 4.88627e-05 3.87987e-06 2.08964e-07 7.50065e-09 1.76703e-10 2.69279e-12 2.61875e-14
 4.26717e-07 1.20375e-05 0.00020021 0.00196356 0.0113629 0.0389169 0.0800393 0.105469 0.11075 0.125832 0.146375 0.145133 0.117151 0.0724748 0.0319444 0.00983321 0.00215774 0.000342408 3.87055e-05 3.02073e-06 1.58099e-07 5.42817e-09 1.20249e-10 1.69696e-12 1.51047e-14
 5.49139e-07 1.4664e-05 0.00023088 0.0021437 0.0117491 0.0381839 0.0751735 0.09816 0.110388 0.13605 0.158795 0.151507 0.115551 0.0663484 0.0266625 0.00736787 0.00144352 0.000207105 2.16856e-05 1.60186e-06 8.03178e-08 2.65143e-09 5.63586e-11 7.58934e-13 6.39787e-15
 7.9381e-07 2.00686e-05 0.000299143 0.00262967 0.013647 0.0420199 0.0785654 0.0983179 0.108105 0.132117 0.154917 0.151252 0.117153 0.0665255 0.0259958 0.00694141 0.00130084 0.000174729 1.67407e-05 1.11956e-06 5.10069e-08 1.54715e-09 3.05738e-11 3.861e-13 3.06728e-15
 1.10133e-06 2.63635e-05 0.000372102 0.00309758 0.0152297 0.0445177 0.0797335 0.0986832 0.112951 0.141005 0.159881 0.147882 0.108461 0.0588105 0.0222564 0.00584695 0.00108696 0.000143819 1.33144e-05 8.41152e-07 3.5497e-08 9.83808e-10 1.76482e-11 2.02253e-13 1.46375e-15
#pred catch len freq
 6.50679e-12 7.0656e-10 4.52346e-08 1.70739e-06 3.7996e-05 0.000498559 0.0038584 0.0176409 0.0480451 0.0811296 0.0995936 0.122348 0.155137 0.154867 0.116088 0.0768105 0.0493685 0.0298961 0.0174677 0.0103065 0.00635137 0.00424976 0.0030594 0.00209724 0.00114805
 3.8518e-12 4.1826e-10 2.67774e-08 1.01072e-06 2.24927e-05 0.000295151 0.00228485 0.0104616 0.0287001 0.0501269 0.0690481 0.101471 0.143889 0.156403 0.135903 0.108888 0.0796073 0.0506859 0.0291126 0.0156157 0.00812051 0.00438274 0.00258727 0.00157147 0.000821812
 7.57971e-12 8.23065e-10 5.26934e-08 1.98891e-06 4.42607e-05 0.000580732 0.0044932 0.0205167 0.055514 0.0908379 0.0985157 0.0934364 0.100299 0.105639 0.101796 0.0953848 0.0825529 0.0630239 0.0418786 0.0238322 0.0118427 0.00545057 0.00253523 0.00124557 0.000578089
 9.54939e-12 1.03695e-09 6.63865e-08 2.50576e-06 5.57624e-05 0.000731646 0.00566095 0.0258515 0.0699853 0.114805 0.125772 0.121631 0.128363 0.118889 0.0846832 0.0559321 0.0430926 0.0365475 0.0290092 0.0196641 0.0110136 0.00511889 0.00207988 0.00080654 0.000304079
 9.67751e-12 1.05086e-09 6.72771e-08 2.53938e-06 5.65106e-05 0.000741465 0.00573705 0.0262017 0.0709708 0.116723 0.12927 0.12844 0.139151 0.130853 0.0939312 0.0586061 0.0360309 0.0224929 0.0155038 0.0113539 0.0074753 0.00399179 0.00169342 0.00059226 0.000181414
 1.1227e-11 1.21911e-09 7.80487e-08 2.94595e-06 6.55582e-05 0.000860167 0.00665508 0.0303849 0.0821695 0.13408 0.143604 0.131003 0.131011 0.1201 0.0865752 0.0549769 0.0339756 0.0197126 0.0109184 0.00626154 0.00383334 0.00223397 0.00106929 0.00039419 0.00011261
 1.27487e-11 1.38435e-09 8.86277e-08 3.34525e-06 7.4444e-05 0.000976748 0.00755682 0.0344961 0.0932085 0.151455 0.159236 0.137785 0.129407 0.113341 0.0762462 0.0432838 0.0244682 0.0137923 0.00742405 0.00377025 0.0018606 0.000934443 0.000448423 0.000178156 5.3265e-05
 1.17509e-11 1.27601e-09 8.16911e-08 3.08343e-06 6.86177e-05 0.000900312 0.00696579 0.0318059 0.0860464 0.140678 0.151914 0.141464 0.143255 0.127819 0.0834013 0.0435104 0.0217773 0.0108203 0.00523114 0.00246961 0.00110992 0.000471503 0.000192794 7.25866e-05 2.22873e-05
 1.18521e-11 1.287e-09 8.23948e-08 3.11e-06 6.92088e-05 0.000908066 0.00702571 0.0320778 0.0867585 0.141655 0.152105 0.139588 0.139658 0.125261 0.0842075 0.0465391 0.024212 0.0115863 0.00501354 0.00205832 0.000814809 0.000306698 0.000107859 3.49121e-05 9.8786e-06
 1.25586e-11 1.36371e-09 8.73063e-08 3.29538e-06 7.33342e-05 0.000962189 0.0074443 0.0339852 0.0918651 0.149572 0.15865 0.140749 0.135728 0.119425 0.0788263 0.0424381 0.0218565 0.0107329 0.00478456 0.00191225 0.000681558 0.000221188 6.65345e-05 1.83365e-05 4.47566e-06
 1.32923e-11 1.44338e-09 9.24065e-08 3.48789e-06 7.76181e-05 0.00101839 0.00787901 0.0359666 0.0971781 0.157876 0.165843 0.14306 0.133424 0.114876 0.0735404 0.0372529 0.0178314 0.00832812 0.00363704 0.00146436 0.000525106 0.000162716 4.34483e-05 1.01447e-05 2.07795e-06
 1.41662e-11 1.53828e-09 9.84819e-08 3.7172e-06 8.27211e-05 0.00108534 0.00839679 0.0383258 0.103491 0.167641 0.173806 0.144146 0.128122 0.1077 0.0678091 0.0333184 0.0151818 0.00666041 0.00270397 0.00102361 0.000356034 0.000109383 2.85355e-05 6.15685e-06 1.09364e-06
 1.3868e-11 1.5059e-09 9.64089e-08 3.63896e-06 8.09799e-05 0.0010625 0.00822018 0.0375223 0.101358 0.164477 0.171888 0.145983 0.133351 0.112628 0.0693402 0.0320567 0.0133952 0.00547355 0.00209129 0.000738636 0.000238419 6.88566e-05 1.73048e-05 3.6276e-06 6.0939e-07
 1.31957e-11 1.43289e-09 9.17351e-08 3.46254e-06 7.70542e-05 0.001011 0.00782188 0.0357079 0.0965079 0.157019 0.166019 0.145868 0.138603 0.119205 0.074109 0.0347006 0.0145751 0.00578001 0.00205814 0.000666971 0.000198565 5.29959e-05 1.23505e-05 2.43692e-06 3.91187e-07
 1.32262e-11 1.43621e-09 9.19474e-08 3.47056e-06 7.72325e-05 0.00101334 0.00783994 0.0357896 0.0967186 0.15728 0.165917 0.144858 0.136808 0.117842 0.0742495 0.0359512 0.0158155 0.0064855 0.00233662 0.000742124 0.000208039 5.09321e-05 1.08347e-05 1.96259e-06 2.92428e-07
 1.43133e-11 1.55425e-09 9.95047e-08 3.75581e-06 8.35803e-05 0.00109662 0.00848401 0.0387241 0.10457 0.169409 0.175737 0.145958 0.129748 0.108296 0.0664824 0.0307022 0.0127824 0.00515678 0.00190576 0.000627347 0.000178815 4.29712e-05 8.62645e-06 1.43497e-06 1.94946e-07
 1.48707e-11 1.61479e-09 1.0338e-07 3.90208e-06 8.68353e-05 0.00113932 0.00881429 0.040229 0.108598 0.17565 0.180873 0.146805 0.126584 0.103798 0.0626033 0.0278122 0.0108566 0.00409434 0.00142708 0.000454108 0.000129987 3.19906e-05 6.4975e-06 1.05797e-06 1.35691e-07
 1.43642e-11 1.55978e-09 9.98585e-08 3.76916e-06 8.38774e-05 0.00110052 0.00851425 0.0388637 0.104968 0.170227 0.177382 0.149281 0.134445 0.111346 0.0651204 0.0262157 0.00855285 0.00271668 0.000846419 0.00024754 6.62729e-05 1.56823e-05 3.16327e-06 5.20446e-07 6.68624e-08
 1.47091e-11 1.59724e-09 1.02257e-07 3.85968e-06 8.58917e-05 0.00112694 0.00871854 0.0397927 0.10743 0.173836 0.179364 0.146511 0.127476 0.105265 0.0641745 0.0291063 0.0114652 0.0040638 0.00119552 0.000297944 6.80718e-05 1.43757e-05 2.68785e-06 4.23821e-07 5.36959e-08
 1.52312e-11 1.65393e-09 1.05886e-07 3.99666e-06 8.89401e-05 0.00116694 0.00902786 0.0412023 0.111205 0.179702 0.184274 0.147569 0.124863 0.101092 0.0599751 0.0256317 0.00938397 0.00333046 0.00108824 0.000307796 7.21614e-05 1.37682e-05 2.20837e-06 3.05633e-07 3.55617e-08
 1.62439e-11 1.7639e-09 1.12926e-07 4.2624e-06 9.48536e-05 0.00124452 0.00962786 0.0439357 0.118515 0.190971 0.193278 0.148202 0.117704 0.0918694 0.0530366 0.0214017 0.00701989 0.00220351 0.000656611 0.00017925 4.4029e-05 9.17604e-06 1.53094e-06 1.99466e-07 2.04636e-08
 1.70262e-11 1.84885e-09 1.18365e-07 4.46768e-06 9.94218e-05 0.00130445 0.0100913 0.0460469 0.124158 0.199639 0.200059 0.148207 0.111432 0.0842374 0.047847 0.0187901 0.00581569 0.00167854 0.000451712 0.000109018 2.39614e-05 4.72717e-06 8.00457e-07 1.09924e-07 1.15957e-08
 1.73647e-11 1.8856e-09 1.20718e-07 4.55649e-06 0.000101398 0.00133038 0.0102919 0.0469604 0.126601 0.203407 0.203078 0.148445 0.109076 0.0811665 0.0454856 0.017314 0.00500128 0.00131879 0.000327666 7.26303e-05 1.43453e-05 2.50357e-06 3.78924e-07 4.87312e-08 5.10314e-09
 1.82118e-11 1.97759e-09 1.26607e-07 4.77878e-06 0.000106345 0.00139528 0.0107937 0.0492465 0.132709 0.21278 0.210355 0.14827 0.102001 0.0726857 0.0398744 0.0146772 0.00392301 0.000921589 0.00020595 4.14353e-05 7.41178e-06 1.16996e-06 1.5844e-07 1.80447e-08 1.69403e-09
 1.81089e-11 1.96641e-09 1.25891e-07 4.75177e-06 0.000105744 0.00138739 0.0107328 0.048969 0.131971 0.211674 0.209626 0.148719 0.103512 0.0741458 0.0403689 0.014391 0.00352046 0.000707766 0.000135319 2.38847e-05 3.76144e-06 5.26606e-07 6.37282e-08 6.4867e-09 5.41829e-10
 1.84925e-11 2.00806e-09 1.28558e-07 4.85242e-06 0.000107984 0.00141678 0.01096 0.0500038 0.134733 0.215885 0.212764 0.148207 0.0996515 0.0698785 0.0380313 0.0138223 0.00357017 0.00078007 0.000154525 2.55721e-05 3.49145e-06 4.14975e-07 4.32046e-08 3.83417e-09 2.82106e-10
 1.93353e-11 2.09958e-09 1.34417e-07 5.07357e-06 0.000112905 0.00148134 0.0114593 0.0522781 0.140809 0.225202 0.21997 0.147939 0.0924664 0.0613319 0.032459 0.0113046 0.00261701 0.000470749 7.94132e-05 1.27049e-05 1.79359e-06 2.13341e-07 2.04705e-08 1.57141e-09 9.82089e-11
 1.8966e-11 2.05948e-09 1.3185e-07 4.97667e-06 0.000110748 0.00145305 0.0112405 0.0512817 0.138148 0.221131 0.216866 0.148202 0.0958357 0.0652213 0.0348343 0.0121993 0.00285345 0.000519542 8.56893e-05 1.2413e-05 1.49426e-06 1.55601e-07 1.42239e-08 1.08356e-09 6.50363e-11
 1.87715e-11 2.03836e-09 1.30498e-07 4.92564e-06 0.000109613 0.00143815 0.0111253 0.0507567 0.136743 0.218963 0.215117 0.148029 0.0971384 0.0669643 0.0362346 0.0131229 0.00336459 0.000723617 0.000139322 2.18041e-05 2.67317e-06 2.67476e-07 2.20166e-08 1.46669e-09 7.93311e-11
#obs catch len freq
 1.4381e-11 1.38939e-09 7.91402e-08 2.65772e-06 5.26216e-05 0.000614308 0.00422958 0.0172013 0.0416636 0.0627083 0.0701305 0.0838274 0.110137 0.124624 0.122511 0.111969 0.0925371 0.0685849 0.0456967 0.026179 0.0120279 0.00413007 0.000995694 0.000160416 1.66639e-05
 1.59512e-11 1.48642e-09 8.16634e-08 2.64517e-06 5.05157e-05 0.000568822 0.00377816 0.0148348 0.0348363 0.0518788 0.0613605 0.0817562 0.113252 0.131909 0.134179 0.123346 0.0984032 0.0688948 0.0432781 0.0234442 0.0101408 0.00324561 0.000722697 0.000106953 1.01815e-05
 1.62886e-12 1.46148e-10 7.73122e-09 2.4114e-07 4.43592e-06 4.82027e-05 0.000312011 0.00125566 0.00374986 0.011731 0.0378492 0.0907966 0.144251 0.163721 0.156501 0.136879 0.105803 0.0714889 0.0424542 0.0214181 0.00859165 0.00254559 0.00052301 7.11469e-05 6.20737e-06
 2.08767e-11 1.80062e-09 9.15627e-08 2.74508e-06 4.85215e-05 0.000505674 0.00310778 0.0112755 0.0242901 0.0320627 0.0304331 0.0344331 0.0631148 0.122206 0.181245 0.187853 0.141939 0.087397 0.0473266 0.0219805 0.00810709 0.00220199 0.000414407 5.16329e-05 4.12438e-06
 5.0523e-11 4.18242e-09 2.0413e-07 5.87391e-06 9.96572e-05 0.000997122 0.00589072 0.0206801 0.0445892 0.0681703 0.103299 0.167281 0.208088 0.166949 0.0905909 0.0463689 0.0321684 0.0231547 0.0132762 0.00584821 0.00196556 0.000484074 8.27521e-05 9.38233e-06 6.82963e-07
 1.49475e-10 1.18592e-08 5.54731e-07 1.52985e-05 0.000248748 0.00238477 0.0134857 0.0450733 0.0899977 0.113278 0.110908 0.120382 0.138504 0.134425 0.108282 0.070301 0.0337249 0.0123964 0.00435847 0.00160027 0.000500844 0.000113902 1.7689e-05 1.81393e-06 1.19571e-07
 2.9116e-10 2.21092e-08 9.89809e-07 2.61258e-05 0.000406567 0.00373042 0.0201864 0.0645096 0.122628 0.143882 0.122231 0.108193 0.110749 0.104745 0.0868525 0.060759 0.0327571 0.0131155 0.00398902 0.000983598 0.000211517 3.85904e-05 5.28288e-06 4.90259e-07 2.93037e-08
 3.76968e-10 2.73615e-08 1.17088e-06 2.95411e-05 0.000439428 0.00385418 0.0199413 0.0610073 0.111741 0.13027 0.121344 0.126196 0.133363 0.115379 0.0836428 0.0521584 0.0262499 0.0103102 0.00316954 0.000750209 0.000133648 1.79269e-05 1.81655e-06 1.34776e-07 6.89428e-09
 5.62134e-10 3.89534e-08 1.59143e-06 3.8333e-05 0.000544383 0.00455852 0.0225186 0.0657924 0.115227 0.129181 0.117696 0.121636 0.129011 0.115471 0.0873759 0.0539626 0.0251491 0.00879201 0.0024152 0.000528095 8.80993e-05 1.06411e-05 8.999e-07 5.24422e-08 2.08441e-09
 8.971e-10 5.92822e-08 2.30965e-06 5.30528e-05 0.000718487 0.00573744 0.0270286 0.0753137 0.125837 0.134756 0.117691 0.117257 0.121282 0.107984 0.0820308 0.0504664 0.0232851 0.00798259 0.00208678 0.000417998 6.27589e-05 6.83978e-06 5.22315e-07 2.70276e-08 9.23549e-10
 1.26621e-09 7.97091e-08 2.95834e-06 6.47335e-05 0.000835144 0.00635334 0.0285198 0.0758133 0.121559 0.12821 0.117657 0.124725 0.12903 0.111699 0.0811855 0.0467136 0.0197356 0.00612658 0.00145851 0.000269424 3.73315e-05 3.71159e-06 2.55615e-07 1.18673e-08 3.63079e-10
 2.20934e-09 1.32359e-07 4.67499e-06 9.73529e-05 0.00119527 0.00865334 0.0369617 0.0934309 0.141974 0.139811 0.115764 0.111808 0.112742 0.0996565 0.0736279 0.0415331 0.0166861 0.00481469 0.00104319 0.000173035 2.15096e-05 1.93019e-06 1.20532e-07 5.07271e-09 1.40212e-10
 3.15236e-09 1.79561e-07 6.03016e-06 0.000119395 0.0013938 0.00959492 0.0389846 0.0939137 0.13727 0.135205 0.121635 0.125688 0.121576 0.0974082 0.0652153 0.0342731 0.0131524 0.00366809 0.000762951 0.00011871 1.34931e-05 1.08869e-06 6.07565e-08 2.28795e-09 5.68054e-11
 4.31083e-09 2.33268e-07 7.44195e-06 0.000139979 0.00155238 0.010153 0.039206 0.0899223 0.126229 0.123584 0.117624 0.128311 0.128494 0.107553 0.0732278 0.0369978 0.0130413 0.00325574 0.000605301 8.56825e-05 8.99713e-06 6.71041e-07 3.42843e-08 1.16877e-09 2.60685e-11
 5.96783e-09 3.06541e-07 9.28328e-06 0.000165752 0.00174495 0.0108345 0.0397376 0.0867728 0.117289 0.115237 0.116517 0.132125 0.134059 0.113685 0.0771121 0.0380168 0.012962 0.00310924 0.000545092 7.07629e-05 6.68597e-06 4.47536e-07 2.06618e-08 6.40816e-10 1.30307e-11
 8.80556e-09 4.29048e-07 1.23252e-05 0.000208752 0.00208469 0.0122796 0.0427427 0.0887469 0.115068 0.111742 0.115611 0.132695 0.135782 0.115815 0.0768362 0.035958 0.0114241 0.00253021 0.000409301 4.92038e-05 4.29973e-06 2.63803e-07 1.1037e-08 3.07894e-10 5.62248e-12
 1.57287e-08 7.26533e-07 1.97859e-05 0.000317689 0.00300761 0.0167942 0.0554045 0.108918 0.13304 0.119639 0.112973 0.121573 0.120254 0.100308 0.0652103 0.0302137 0.00970752 0.00220862 0.000362853 4.27314e-05 3.52958e-06 2.00465e-07 7.69544e-09 1.96113e-10 3.25816e-12
 2.06867e-08 9.05402e-07 2.33632e-05 0.000355445 0.0031887 0.0168773 0.0528577 0.0993946 0.120123 0.117977 0.128722 0.141872 0.130607 0.0983369 0.0574821 0.023826 0.00677039 0.00136022 0.000202331 2.24506e-05 1.79325e-06 9.86369e-08 3.61502e-09 8.64095e-11 1.32786e-12
 3.152e-08 1.30659e-06 3.19327e-05 0.00046013 0.00390956 0.0195989 0.0581409 0.103585 0.118747 0.111248 0.118158 0.132105 0.129272 0.104218 0.0634487 0.0270887 0.00802141 0.00168351 0.000253137 2.69579e-05 1.99687e-06 1.01275e-07 3.45712e-09 7.77982e-11 1.13012e-12
 4.94825e-08 1.94208e-06 4.4939e-05 0.000613104 0.00493242 0.023416 0.0658334 0.111568 0.123513 0.115761 0.12328 0.132279 0.121593 0.0923321 0.0538193 0.0225466 0.0067452 0.00146434 0.000229326 2.5169e-05 1.87758e-06 9.30875e-08 3.01881e-09 6.32651e-11 8.48243e-13
 6.73263e-08 2.50126e-06 5.47866e-05 0.000707541 0.00538864 0.0242272 0.0646318 0.104883 0.115308 0.115637 0.131673 0.141754 0.127347 0.0925393 0.0502459 0.0191935 0.00519711 0.00103703 0.000154374 1.66265e-05 1.23824e-06 6.14342e-08 1.97839e-09 4.06208e-11 5.25205e-13
 1.19472e-07 4.2008e-06 8.70843e-05 0.0010644 0.00767196 0.0326378 0.0823061 0.125662 0.127555 0.114286 0.119221 0.125987 0.114893 0.0835293 0.0440698 0.0160577 0.00409483 0.000757802 0.000103252 1.01726e-05 7.01969e-07 3.28655e-08 1.01467e-09 2.01666e-11 2.53244e-13
 1.69384e-07 5.63639e-06 0.000110579 0.00127913 0.00872654 0.0351591 0.0842083 0.123699 0.12676 0.123756 0.134258 0.132119 0.107435 0.0708402 0.0352495 0.0125374 0.00318547 0.000585975 7.75e-05 7.19889e-06 4.58555e-07 1.96305e-08 5.54354e-10 1.01441e-11 1.18353e-13
 2.45339e-07 7.72603e-06 0.000143447 0.00157036 0.0101396 0.0386745 0.0878005 0.122942 0.122524 0.120222 0.13223 0.133142 0.111111 0.0722952 0.0336137 0.0107299 0.00240533 0.000395462 4.82685e-05 4.24319e-06 2.57282e-07 1.03967e-08 2.73564e-10 4.61307e-12 4.92697e-14
 3.41538e-07 1.01792e-05 0.000178868 0.00185328 0.0113272 0.0409244 0.0882856 0.119122 0.11964 0.123959 0.138532 0.136099 0.109595 0.0684013 0.0304397 0.00930514 0.00198508 0.000304259 3.37511e-05 2.66377e-06 1.45795e-07 5.39277e-09 1.315e-10 2.06739e-12 2.05839e-14
 4.90323e-07 1.38318e-05 0.000230051 0.00225614 0.0130535 0.0446668 0.0914722 0.11831 0.117257 0.123149 0.137863 0.135273 0.108794 0.0670869 0.0293956 0.00893568 0.00191533 0.000293445 3.17987e-05 2.38019e-06 1.20411e-07 4.04697e-09 8.90147e-11 1.26323e-12 1.14146e-14
 7.50719e-07 2.00468e-05 0.000315621 0.00293016 0.0160499 0.052013 0.101048 0.124827 0.120346 0.124474 0.135714 0.129066 0.100191 0.0591724 0.0247959 0.00726295 0.00151822 0.00022899 2.44833e-05 1.79842e-06 8.82376e-08 2.83103e-09 5.84551e-11 7.67269e-13 6.34097e-15
 9.67912e-07 2.447e-05 0.000364747 0.00320619 0.0166343 0.0511495 0.0950456 0.11597 0.119238 0.134473 0.147892 0.135397 0.0991254 0.0542144 0.0206702 0.00542801 0.00101347 0.000138483 1.37439e-05 9.56564e-07 4.49654e-08 1.38634e-09 2.74425e-11 3.43388e-13 2.68527e-15
 1.41146e-06 3.37871e-05 0.000476866 0.00396907 0.0195001 0.0568038 0.100157 0.11669 0.116388 0.129561 0.143251 0.134158 0.099437 0.0536468 0.019868 0.00503596 0.000897288 0.000114441 1.03724e-05 6.53399e-07 2.79272e-08 7.91774e-10 1.4578e-11 1.7108e-13 1.26046e-15
#spawning biomass
 8865.94 10295.1 8966.75 8887.55 11732.6 16625.9 23840.4 32928.6 43399 53829.8 64903.1 86326.1 106319 122538 134529 130475 136979 103435 123774 123450 113554 121864 130314 127772 114599 122387 106149 120367 207586 367974 478775 355513 234596 147471 93531.9 63034.4 46786.7 38479.8 34356.2 32353 31395.5 30943.4 30731.8 30633.3 30587.5 30566.8 30557.4 30553.2 30551.3 30550.4 30550 30549.8 30549.7 30549.7 30549.7 30549.7 30549.7 30549.7 30549.7 30549.7 30549.7 30549.7 30549.7 30549.7 30549.7 30549.7 30549.7 30549.7 30549.7 30549.7 30549.7 30549.7 30549.7 30549.7 30549.7 30549.7 30549.7 30549.7 30549.7 30549.7 30549.7 30549.7 30549.7 30549.7 30549.7 30549.7 30549.7 30549.7 30549.7 30549.7 30549.7 30549.7 30549.7 30549.7 30549.7 30549.7 30549.7 30549.7 30549.7 30549.7 30549.7 30549.7 30549.7 30549.7 30549.7 30549.7 30549.7 30549.7 30549.7 30549.7 30549.7 30549.7 30549.7 30549.7 30549.7 30549.7 30549.7 30549.7 30549.7 30549.7 30549.7 30549.7 30549.7 30549.7 30549.7 30549.7 30549.7 30549.7 30549.7 0 0 0 0 0 0 0 0 0 0 0 0 0 0 0 0 0 0 0 0 0 0 0 0 0
