SBPRF35
0.124951
Curr Bio
159207
B35
154529
F35
1.42697
FOFL
1.38038
OFL
60048.6
Bzero
35700.2
#pred survey bio
 2551.3 4287.74 6954.99 10263.4 17047.4 25493.8 38945.8 58793.8 81916.8 100815 136905 174191 190558 187025 167977 177921 150312 155830 162014 169495 183360 186858 178669 194830 219334 227451 216807 192110 6.39345e+06 3.21844e+06 1.50448e+06 751393 517068 430681 391005 370430 359268 353134 349758 347904 346889 346334 346031 345865 345776 345729 345703 345690 345683 345679 345677 345676 345675 345675 345674 345674 345674 345674 345674 345674 345674 345674 345674 345674 345674 345674 345674 345674 345674 345674 345674 345674 345674 345674 345674 345674 345674 345674 345674 345674 345674 345674 345674 345674 345674 345674 345674 345674 345674 345674 345674 345674 345674 345674 345674 345674 345674 345674 345674 345674 345674 345674 345674 345674 345674 345674 345674 345674 345674 345674 345674 345674 345674 345674 345674 345674 345674 345674 345674 345674 345674 345674 345674 345674 345674 345674 345674 345674 0 0 0 0 0 0 0 0 0 0 0 0 0 0 0 0 0 0 0 0 0 0 0 0 0
#obs survey bio
 1899.91 4169.69 9818.12 5869.89 15317.6 23862.4 33102.9 47802.2 84690.3 76797.1 91999.9 170489 136645 105604 112829 134838 119540 128974 130864 125990 107170 150880 163602 172538 145374 208504 139967 191838
#pred catch bio
 731.105 1317.61 2555.2 3492.68 6438.66 8805.74 13463.6 21042.5 33944.9 38086.6 56645.5 81946.8 93045.9 96700.8 75567.9 98213.9 73154.5 78839.4 83227 87497.9 98146.5 107942 97089.9 103351 122493 132240 135007 120710 60048.6 71495.2 29106 10373.6 6532.92 5882.56 5780.97 5765.88 5763.71 5763.41 5763.37 5763.36 5763.36 5763.36 5763.36 5763.36 5763.36 5763.36 5763.36 5763.36 5763.36 5763.36 5763.36 5763.36 5763.36 5763.36 5763.36 5763.36 5763.36 5763.36 5763.36 5763.36 5763.36 5763.36 5763.36 5763.36 5763.36 5763.36 5763.36 5763.36 5763.36 5763.36 5763.36 5763.36 5763.36 5763.36 5763.36 5763.36 5763.36 5763.36 5763.36 5763.36 5763.36 5763.36 5763.36 5763.36 5763.36 5763.36 5763.36 5763.36 5763.36 5763.36 5763.36 5763.36 5763.36 5763.36 5763.36 5763.36 5763.36 5763.36 5763.36 5763.36 5763.36 5763.36 5763.36 5763.36 5763.36 5763.36 5763.36 5763.36 5763.36 5763.36 5763.36 5763.36 5763.36 5763.36 5763.36 5763.36 5763.36 5763.36 5763.36 5763.36 5763.36 5763.36 5763.36 5763.36 5763.36 5763.36 5763.36 5763.36 0 0 0 0 0 0 0 0 0 0 0 0 0 0 0 0 0 0 0 0 0 0 0 0 0
#obs catch bio
 1104.06 1310.67 2480.52 3413.57 6441.46 8411.3 12612.1 19854.2 31381.6 34795.4 54100.7 76456.3 89656.5 101471 72136.8 100636 65402.4 77440.1 81767 80095.9 95253.6 105089 98925.3 96545.4 121902 123349 136528 118973
#pred cpue bio
 1566.71 2063.88 3426.9 4999.68 8068.05 12239.4 19101.2 28962.7 41455.1 50955.1 68625.8 86719 95552 96662.6 86983 92787.6 76181.5 78421.5 79444.7 82170.4 87264.6 89292.7 82728.3 89420 101013 104684 100315 86158.1 2.76649e+06 2.38611e+06 1.32585e+06 617013 384560 298265 258593 238020 226857 220723 217347 215493 214478 213923 213620 213454 213365 213318 213293 213279 213272 213268 213266 213265 213264 213264 213264 213264 213264 213264 213264 213263 213263 213263 213263 213263 213263 213263 213263 213263 213263 213263 213263 213263 213263 213263 213263 213263 213263 213263 213263 213263 213263 213263 213263 213263 213263 213263 213263 213263 213263 213263 213263 213263 213263 213263 213263 213263 213263 213263 213263 213263 213263 213263 213263 213263 213263 213263 213263 213263 213263 213263 213263 213263 213263 213263 213263 213263 213263 213263 213263 213263 213263 213263 213263 213263 213263 213263 213263 213263 0 0 0 0 0 0 0 0 0 0 0 0 0 0 0 0 0 0 0 0 0 0 0 0 0
#obs cpue bio
 1685.22 2576.34 3402.67 7152.64 9732.36 17989.2 31577.4 40982.2 64038.8 90022.6 100512 136343 128412 120948 174490 118046 173341 83013.6 111894 179522 140041 127382 78176.1 153975 135614 174134 131206 102622
#pred surv len freq
 1.74892e-11 1.89912e-09 1.21584e-07 4.58917e-06 0.000102125 0.00133991 0.0103652 0.0472869 0.127367 0.203716 0.199057 0.134244 0.0854424 0.0611574 0.0411799 0.0261388 0.0173058 0.0118689 0.00846938 0.00638101 0.00514706 0.00448646 0.00398968 0.0031194 0.00183207
 1.92785e-11 2.09342e-09 1.34022e-07 5.05867e-06 0.000112573 0.00147699 0.0114255 0.0521211 0.140347 0.224152 0.217475 0.142392 0.0842658 0.0553672 0.0332489 0.0171704 0.0087508 0.00458972 0.00250855 0.0015 0.00100133 0.000751671 0.000608542 0.000459395 0.000270454
 1.79529e-11 1.94947e-09 1.24807e-07 4.71083e-06 0.000104833 0.00137544 0.0106402 0.0485453 0.130809 0.209647 0.206858 0.144811 0.0987554 0.0714789 0.0425562 0.019878 0.00848026 0.00350367 0.0013805 0.000561894 0.000260747 0.000146365 9.79143e-05 6.72951e-05 3.83551e-05
 1.82527e-11 1.98203e-09 1.26891e-07 4.78951e-06 0.000106584 0.00139841 0.0108179 0.0493539 0.132964 0.212905 0.209153 0.143984 0.0951248 0.0678781 0.041258 0.0204032 0.00918051 0.00368004 0.00123823 0.000371942 0.000110929 3.72213e-05 1.62192e-05 8.79696e-06 4.5532e-06
 1.87377e-11 2.03469e-09 1.30262e-07 4.91676e-06 0.000109415 0.00143556 0.0111051 0.0506626 0.136461 0.21828 0.213362 0.144001 0.0912435 0.0630934 0.0379001 0.0186553 0.00845511 0.00349802 0.00123421 0.000372063 9.63123e-05 2.20946e-05 5.19755e-06 1.58089e-06 6.0789e-07
 1.82768e-11 1.98464e-09 1.27058e-07 4.79581e-06 0.000106724 0.00140025 0.0108321 0.0494194 0.133146 0.21325 0.209733 0.145006 0.0964849 0.0686547 0.0406242 0.0188601 0.00789725 0.00309132 0.00106211 0.000319795 8.39309e-05 1.85804e-05 3.45531e-06 5.86809e-07 1.13558e-07
 1.80996e-11 1.9654e-09 1.25827e-07 4.74933e-06 0.000105689 0.00138668 0.0107271 0.0489407 0.13186 0.211218 0.20787 0.144103 0.0965395 0.0695091 0.0422567 0.020786 0.00929062 0.00370606 0.00123234 0.000351737 8.87766e-05 1.93722e-05 3.53751e-06 5.27878e-07 6.59548e-08
 1.80853e-11 1.96385e-09 1.25727e-07 4.74557e-06 0.000105606 0.00138558 0.0107186 0.048902 0.131755 0.211043 0.207668 0.143887 0.0963103 0.0693654 0.0423135 0.0210249 0.00959918 0.00397422 0.0013945 0.000416341 0.000105354 2.22123e-05 3.89693e-06 5.61749e-07 6.46868e-08
 1.7562e-11 1.90702e-09 1.22089e-07 4.60826e-06 0.00010255 0.00134549 0.0104086 0.0474898 0.127982 0.205256 0.203186 0.144031 0.100731 0.0746225 0.0457288 0.0225674 0.0102129 0.0042218 0.00149739 0.000459705 0.000121435 2.66492e-05 4.73503e-06 6.69161e-07 7.41524e-08
 1.75401e-11 1.90465e-09 1.21937e-07 4.60252e-06 0.000102422 0.00134382 0.0103957 0.047431 0.127826 0.205026 0.203057 0.144198 0.101169 0.0750398 0.0458732 0.0224679 0.0100323 0.00406745 0.00140483 0.000420859 0.000110438 2.46406e-05 4.5238e-06 6.60002e-07 7.40694e-08
 1.78263e-11 1.93573e-09 1.23927e-07 4.67762e-06 0.000104094 0.00136574 0.0105652 0.0482029 0.129885 0.208153 0.205326 0.143619 0.0979837 0.071638 0.0441754 0.0222891 0.0103219 0.0042812 0.00149257 0.000446221 0.000115476 2.5324e-05 4.62091e-06 6.82633e-07 7.85924e-08
 1.77597e-11 1.92849e-09 1.23464e-07 4.66013e-06 0.000103704 0.00136063 0.0105257 0.0480236 0.129412 0.207482 0.205069 0.144502 0.0998641 0.0731813 0.0442448 0.0212728 0.00932424 0.0037743 0.00132166 0.000400725 0.000104625 2.28994e-05 4.13046e-06 6.02038e-07 6.89856e-08
 1.74244e-11 1.89208e-09 1.21133e-07 4.57215e-06 0.000101747 0.00133495 0.0103271 0.0471194 0.127002 0.20383 0.202464 0.14533 0.103838 0.0773804 0.0462961 0.0213858 0.00879332 0.00331963 0.00107483 0.000302438 7.57749e-05 1.64372e-05 2.96931e-06 4.31664e-07 4.90239e-08
 1.68172e-11 1.82615e-09 1.16912e-07 4.41284e-06 9.82014e-05 0.00128844 0.00996744 0.045481 0.122623 0.197105 0.197211 0.145353 0.108762 0.083394 0.0504396 0.0234922 0.00969471 0.00360213 0.00111225 0.000289047 6.59328e-05 1.31349e-05 2.24077e-06 3.17665e-07 3.58204e-08
 1.68231e-11 1.82678e-09 1.16952e-07 4.41437e-06 9.82354e-05 0.00128888 0.00997088 0.0454965 0.122663 0.197154 0.197186 0.145146 0.108399 0.0831304 0.0504958 0.0237726 0.0099491 0.00372589 0.0011481 0.000293262 6.40906e-05 1.18616e-05 1.84241e-06 2.38916e-07 2.52768e-08
 1.69746e-11 1.84323e-09 1.18006e-07 4.45412e-06 9.91199e-05 0.00130049 0.0100606 0.0459044 0.123744 0.198733 0.198028 0.143848 0.105196 0.0802942 0.0499479 0.0250086 0.0113438 0.00452125 0.00146585 0.000393132 8.87424e-05 1.64796e-05 2.48383e-06 3.02323e-07 2.93859e-08
 1.70876e-11 1.85551e-09 1.18792e-07 4.48379e-06 9.97803e-05 0.00130915 0.0101277 0.0462111 0.124579 0.200145 0.199763 0.145928 0.107455 0.0812866 0.0483076 0.0217008 0.00857332 0.00315178 0.00100507 0.000274002 6.37556e-05 1.22558e-05 1.89783e-06 2.32208e-07 2.20065e-08
 1.74504e-11 1.8949e-09 1.21314e-07 4.57898e-06 0.000101898 0.00133694 0.0103425 0.0471892 0.127185 0.20408 0.202506 0.144826 0.102875 0.0766775 0.0464584 0.0221178 0.00937964 0.00351257 0.00106661 0.000268695 5.93303e-05 1.13483e-05 1.80157e-06 2.2791e-07 2.21789e-08
 1.77904e-11 1.93182e-09 1.23677e-07 4.66819e-06 0.000103884 0.00136299 0.010544 0.0481072 0.129643 0.207897 0.205688 0.145476 0.101125 0.0739662 0.0438304 0.0199875 0.00806069 0.0029729 0.000925573 0.000240685 5.27621e-05 9.58078e-06 1.43721e-06 1.77348e-07 1.74113e-08
 1.78891e-11 1.94254e-09 1.24363e-07 4.69409e-06 0.00010446 0.00137055 0.0106025 0.0483738 0.130359 0.209023 0.206698 0.145902 0.100987 0.0734575 0.0430446 0.0191024 0.00737009 0.00259304 0.000767989 0.000190537 4.0961e-05 7.48464e-06 1.12049e-06 1.34006e-07 1.25858e-08
 1.8188e-11 1.975e-09 1.26441e-07 4.77253e-06 0.000106206 0.00139345 0.0107796 0.0491806 0.132515 0.212337 0.209301 0.145936 0.09864 0.0705755 0.041051 0.0180617 0.00686903 0.00236908 0.000680019 0.000160596 3.25211e-05 5.62816e-06 8.13687e-07 9.60201e-08 8.93544e-09
 1.79936e-11 1.95389e-09 1.2509e-07 4.72151e-06 0.00010507 0.00137856 0.0106644 0.0486563 0.131118 0.210227 0.207826 0.146515 0.101085 0.0730698 0.0421179 0.0179169 0.00644454 0.00211746 0.000587261 0.000133778 2.59126e-05 4.2505e-06 5.77904e-07 6.43063e-08 5.73159e-09
 1.8455e-11 2.00399e-09 1.28298e-07 4.84259e-06 0.000107765 0.0014139 0.0109378 0.0499017 0.134448 0.215354 0.21189 0.146696 0.0976555 0.0687393 0.0389623 0.0161074 0.00550962 0.00171103 0.0004466 9.40259e-05 1.67378e-05 2.56003e-06 3.27867e-07 3.43518e-08 2.87641e-09
 1.86198e-11 2.02188e-09 1.29443e-07 4.88582e-06 0.000108727 0.00142653 0.0110354 0.0503462 0.135635 0.217168 0.213264 0.146547 0.0961053 0.0669785 0.0379293 0.0157648 0.00544314 0.00169742 0.000438849 8.98396e-05 1.52227e-05 2.17385e-06 2.56689e-07 2.48116e-08 1.93481e-09
 1.85684e-11 2.01631e-09 1.29086e-07 4.87235e-06 0.000108427 0.00142259 0.011005 0.0502077 0.135265 0.216599 0.212819 0.146547 0.0965173 0.0674796 0.03827 0.0159364 0.00552257 0.00173202 0.000451728 9.35746e-05 1.59649e-05 2.2555e-06 2.57084e-07 2.34154e-08 1.69243e-09
 1.85163e-11 2.01065e-09 1.28723e-07 4.85866e-06 0.000108122 0.0014186 0.0109741 0.0500671 0.134891 0.216043 0.212472 0.146836 0.0973762 0.0682804 0.0384927 0.0157035 0.005242 0.00158687 0.000404798 8.24868e-05 1.39061e-05 1.95731e-06 2.23139e-07 2.01687e-08 1.42003e-09
 1.83731e-11 1.9951e-09 1.27728e-07 4.8211e-06 0.000107287 0.00140763 0.0108893 0.049681 0.133862 0.214479 0.211335 0.147121 0.0989613 0.0699744 0.0393389 0.0157958 0.00510473 0.00148832 0.000365845 7.11035e-05 1.13518e-05 1.52919e-06 1.69613e-07 1.51055e-08 1.05565e-09
 1.88156e-11 2.04314e-09 1.30804e-07 4.9372e-06 0.00010987 0.00144153 0.0111514 0.050875 0.137053 0.219388 0.215202 0.147212 0.0955427 0.0657236 0.0363194 0.0141519 0.00431466 0.00117738 0.000274174 5.0196e-05 7.42892e-06 9.25493e-07 9.56321e-08 8.01745e-09 5.36059e-10
#obs surv len freq
 1.78463e-11 1.9379e-09 1.24066e-07 4.68286e-06 0.00010421 0.00136727 0.010577 0.0482551 0.129999 0.208095 0.204037 0.139321 0.0912037 0.0676557 0.0469174 0.0283958 0.0148857 0.00633808 0.0021325 0.000570626 0.000119293 1.87161e-05 2.11786e-06 1.67124e-07 8.93903e-09
 1.55335e-11 1.68676e-09 1.07988e-07 4.076e-06 9.07058e-05 0.0011901 0.0092072 0.0420218 0.113417 0.183182 0.186963 0.146392 0.118867 0.0946631 0.0583616 0.0278205 0.0116203 0.00437804 0.0013901 0.00035169 6.82171e-05 9.82607e-06 1.02136e-06 7.43297e-08 3.67377e-09
 1.66379e-11 1.80668e-09 1.15665e-07 4.3658e-06 9.71548e-05 0.00127471 0.0098615 0.0450018 0.121371 0.195282 0.195719 0.143817 0.105895 0.0816508 0.0533118 0.0284019 0.0125571 0.00434504 0.00113547 0.000231873 3.81148e-05 4.89135e-06 4.6213e-07 3.0637e-08 1.37895e-09
 1.67525e-11 1.81913e-09 1.16462e-07 4.39586e-06 9.78239e-05 0.0012835 0.00992964 0.0453161 0.122255 0.196935 0.198163 0.146877 0.10822 0.0811881 0.050021 0.0246478 0.0103214 0.00356605 0.000952167 0.000190473 2.81137e-05 3.03024e-06 2.37502e-07 1.33871e-08 5.28037e-10
 1.62933e-11 1.76926e-09 1.13269e-07 4.27536e-06 9.51425e-05 0.00124832 0.00965785 0.0440819 0.118998 0.192173 0.195242 0.148646 0.113154 0.0854995 0.0520634 0.0249939 0.0099696 0.0032099 0.000792184 0.000148167 2.08346e-05 2.1369e-06 1.544e-07 7.67214e-09 2.58421e-10
 1.6138e-11 1.7524e-09 1.1219e-07 4.23463e-06 9.42362e-05 0.00123644 0.0095661 0.0436668 0.117914 0.190629 0.194288 0.14875 0.113471 0.0858435 0.053096 0.0262829 0.0107204 0.00344151 0.000826972 0.00014734 1.93816e-05 1.84521e-06 1.23912e-07 5.72937e-09 1.78273e-10
 1.64066e-11 1.78156e-09 1.14057e-07 4.30509e-06 9.58043e-05 0.00125702 0.00972544 0.0443959 0.119895 0.193845 0.19732 0.149749 0.111707 0.082632 0.0504157 0.0247585 0.0100449 0.00322137 0.00077615 0.000137842 1.7757e-05 1.61937e-06 1.02196e-07 4.38403e-09 1.25759e-10
 1.57573e-11 1.71106e-09 1.09544e-07 4.13474e-06 9.20137e-05 0.0012073 0.00934132 0.0426527 0.1153 0.187145 0.193187 0.152003 0.118124 0.088192 0.0531187 0.0255093 0.0100778 0.0031525 0.000744518 0.000130107 1.65011e-05 1.47582e-06 9.05346e-08 3.7269e-09 1.01146e-10
 1.53279e-11 1.66443e-09 1.06558e-07 4.02205e-06 8.95061e-05 0.00117441 0.00908735 0.0415015 0.112276 0.182753 0.190392 0.152899 0.121203 0.0912548 0.0555435 0.0270223 0.0106576 0.00325899 0.000742386 0.000124503 1.51587e-05 1.30466e-06 7.71449e-08 3.05901e-09 7.97067e-11
 1.58587e-11 1.72207e-09 1.10248e-07 4.16135e-06 9.26062e-05 0.00121509 0.00940212 0.0429382 0.116137 0.188767 0.195206 0.15278 0.11619 0.0853733 0.0520205 0.0256589 0.01023 0.00313948 0.000712778 0.000117758 1.39067e-05 1.14608e-06 6.44284e-08 2.42271e-09 5.9848e-11
 1.51143e-11 1.64124e-09 1.05074e-07 3.96603e-06 8.82601e-05 0.0011581 0.00896207 0.0409455 0.110924 0.181372 0.191306 0.156706 0.124528 0.0914981 0.0538769 0.0253159 0.0096666 0.00288512 0.000644232 0.000104911 1.21534e-05 9.74202e-07 5.27418e-08 1.89142e-09 4.42056e-11
 1.53633e-11 1.66827e-09 1.06804e-07 4.03135e-06 8.9714e-05 0.00117719 0.00911009 0.0416255 0.112789 0.184447 0.194199 0.157412 0.122489 0.088598 0.0518879 0.0241391 0.00891399 0.00250874 0.000521562 7.92555e-05 8.6619e-06 6.61819e-07 3.43132e-08 1.17772e-09 2.62432e-11
 1.39658e-11 1.51652e-09 9.70891e-08 3.66467e-06 8.15551e-05 0.00107019 0.00828377 0.0378801 0.102948 0.170183 0.185441 0.161864 0.135346 0.0999725 0.0579068 0.0263409 0.00947921 0.0025949 0.000520782 7.52597e-05 7.70047e-06 5.45986e-07 2.6255e-08 8.39535e-10 1.75233e-11
 1.27287e-11 1.38219e-09 8.84891e-08 3.34007e-06 7.43326e-05 0.000975473 0.0075523 0.0345629 0.0942016 0.157246 0.176295 0.162601 0.143442 0.110052 0.0664192 0.0313816 0.0114293 0.00307612 0.000596417 8.2513e-05 8.02839e-06 5.37141e-07 2.41593e-08 7.16868e-10 1.38152e-11
 1.3301e-11 1.44433e-09 9.24677e-08 3.49025e-06 7.76749e-05 0.00101933 0.00789174 0.0361111 0.0983372 0.163468 0.18035 0.160115 0.136027 0.104051 0.06468 0.0318232 0.0119895 0.00330703 0.000650041 8.96122e-05 8.50959e-06 5.45919e-07 2.32588e-08 6.48417e-10 1.16683e-11
 1.3984e-11 1.5185e-09 9.72161e-08 3.66949e-06 8.16645e-05 0.00107172 0.00829785 0.0379759 0.10345 0.171975 0.189009 0.164593 0.133863 0.0963049 0.0556452 0.0255287 0.00917169 0.00247318 0.000482196 6.61377e-05 6.21869e-06 3.91375e-07 1.61699e-08 4.3195e-10 7.36857e-12
 1.35745e-11 1.47403e-09 9.43691e-08 3.56205e-06 7.92749e-05 0.00104042 0.00805715 0.0368981 0.100716 0.168413 0.187748 0.167091 0.137674 0.0989057 0.0565624 0.025345 0.00874641 0.00224384 0.000416724 5.49015e-05 5.00373e-06 3.0684e-07 1.23548e-08 3.20428e-10 5.2747e-12
 1.36495e-11 1.48218e-09 9.48914e-08 3.58178e-06 7.97153e-05 0.00104625 0.00810347 0.0371254 0.101446 0.17004 0.190185 0.169008 0.137532 0.0970626 0.054418 0.0237422 0.007894 0.00193039 0.000338399 4.1791e-05 3.56389e-06 2.05105e-07 7.79281e-09 1.91742e-10 3.00567e-12
 1.45064e-11 1.57523e-09 1.00848e-07 3.80664e-06 8.47199e-05 0.00111194 0.008612 0.0394473 0.107675 0.179625 0.197497 0.168462 0.130248 0.0888087 0.0488189 0.0209092 0.00678436 0.00160738 0.000270713 3.17983e-05 2.55376e-06 1.3735e-07 4.8548e-09 1.10966e-10 1.61735e-12
 1.51108e-11 1.64086e-09 1.0505e-07 3.96526e-06 8.82512e-05 0.00115832 0.00897185 0.0411007 0.112193 0.186957 0.20415 0.170148 0.126102 0.0818877 0.042835 0.0174876 0.00544389 0.00124523 0.000202626 2.28849e-05 1.7537e-06 8.92658e-08 2.96373e-09 6.32278e-11 8.55987e-13
 1.45639e-11 1.58148e-09 1.01249e-07 3.82183e-06 8.50624e-05 0.0011166 0.00865202 0.0396802 0.108671 0.182717 0.203683 0.175071 0.131837 0.0841755 0.0421792 0.0162247 0.0047225 0.00100923 0.000153861 1.63484e-05 1.1826e-06 5.68786e-08 1.7815e-09 3.57342e-11 4.53011e-13
 1.30529e-11 1.4174e-09 9.07453e-08 3.42543e-06 7.62456e-05 0.0010011 0.00776247 0.0356754 0.0983083 0.168152 0.195221 0.179386 0.143863 0.0956082 0.0491332 0.019057 0.00545481 0.00111923 0.000161072 1.5998e-05 1.07725e-06 4.82065e-08 1.40647e-09 2.63152e-11 3.11414e-13
 1.46423e-11 1.58999e-09 1.01795e-07 3.8425e-06 8.55266e-05 0.00112284 0.00870293 0.0399404 0.109516 0.184343 0.204897 0.173764 0.129 0.0831027 0.0428469 0.016768 0.00479076 0.000966797 0.000134762 1.27638e-05 8.08252e-07 3.36649e-08 9.08568e-10 1.56809e-11 1.7108e-13
 1.42892e-11 1.55165e-09 9.93408e-08 3.74996e-06 8.34728e-05 0.0010961 0.00850047 0.0390718 0.107576 0.182911 0.20738 0.179742 0.132744 0.0817636 0.0395389 0.0146274 0.00403849 0.000801328 0.000110275 1.02403e-05 6.28069e-07 2.50095e-08 6.37776e-10 1.03011e-11 1.04405e-13
 1.41952e-11 1.54145e-09 9.86885e-08 3.72543e-06 8.29321e-05 0.00108918 0.00845054 0.038885 0.107341 0.183512 0.209881 0.182997 0.133998 0.0802683 0.0369476 0.0126955 0.00319427 0.000574739 7.2348e-05 6.24169e-06 3.60774e-07 1.365e-08 3.31303e-10 5.07851e-12 4.86012e-14
 1.36955e-11 1.4872e-09 9.52166e-08 3.59449e-06 8.00249e-05 0.00105126 0.0081616 0.0376166 0.10425 0.179806 0.208994 0.185839 0.137691 0.0825276 0.0376645 0.0126675 0.00306305 0.000519076 6.04364e-05 4.76383e-06 2.5055e-07 8.65297e-09 1.93077e-10 2.74212e-12 2.44652e-14
 1.41464e-11 1.53617e-09 9.83525e-08 3.71294e-06 8.26647e-05 0.00108601 0.00843217 0.0388635 0.107629 0.184957 0.21246 0.184437 0.133005 0.0783979 0.0354921 0.0118259 0.00280971 0.000462748 5.16998e-05 3.85497e-06 1.89087e-07 6.01821e-09 1.22761e-10 1.58759e-12 1.28937e-14
 1.41885e-11 1.54074e-09 9.86471e-08 3.72421e-06 8.29239e-05 0.00108967 0.00846524 0.0390637 0.108455 0.187176 0.215928 0.186764 0.131945 0.0751011 0.0326451 0.0104554 0.0023981 0.000382462 4.13344e-05 2.96572e-06 1.38864e-07 4.18095e-09 7.9946e-11 9.61061e-13 7.20322e-15
#pred catch len freq
 1.20609e-11 1.30967e-09 8.38462e-08 3.16478e-06 7.04277e-05 0.000924047 0.00714889 0.0326295 0.0881029 0.142662 0.147688 0.122146 0.109531 0.097224 0.0722327 0.0497563 0.0349183 0.024602 0.0177537 0.0134342 0.0108514 0.00946219 0.00841512 0.0065796 0.00386431
 1.5103e-11 1.64e-09 1.04994e-07 3.96301e-06 8.81912e-05 0.00115711 0.00895165 0.0408505 0.110202 0.17765 0.180159 0.139233 0.112764 0.0920148 0.0603111 0.0333094 0.0180522 0.00979547 0.00543373 0.0032692 0.00218688 0.00164252 0.00132991 0.00100398 0.000591062
 1.36833e-11 1.48585e-09 9.51253e-08 3.59051e-06 7.99018e-05 0.00104836 0.00811074 0.0370228 0.100009 0.162289 0.169611 0.144115 0.131953 0.112385 0.0710077 0.0348697 0.0157331 0.00674026 0.0027013 0.00110882 0.000516439 0.000290218 0.000194195 0.000133472 7.60734e-05
 1.39125e-11 1.51073e-09 9.67186e-08 3.65064e-06 8.124e-05 0.00106591 0.00824647 0.0376401 0.101646 0.164705 0.17101 0.142512 0.127745 0.108858 0.0708565 0.03709 0.017634 0.00729584 0.00249166 0.000755214 0.00022646 7.6171e-05 3.32167e-05 1.80188e-05 9.32648e-06
 1.48256e-11 1.60988e-09 1.03066e-07 3.89022e-06 8.65714e-05 0.00113586 0.0087874 0.0401043 0.108234 0.174844 0.179032 0.142812 0.120842 0.100117 0.064421 0.0334272 0.015942 0.00679287 0.00242918 0.000737594 0.000191691 4.40622e-05 1.03753e-05 3.15697e-06 1.21403e-06
 1.40199e-11 1.52239e-09 9.7465e-08 3.67882e-06 8.1867e-05 0.00107414 0.00831015 0.0379313 0.10244 0.16605 0.172678 0.14454 0.129962 0.109814 0.0692023 0.0338304 0.0149992 0.00609122 0.00212863 0.000646531 0.000170463 3.78161e-05 7.03904e-06 1.19595e-06 2.31482e-07
 1.37365e-11 1.49162e-09 9.54947e-08 3.60445e-06 8.0212e-05 0.00105242 0.00814218 0.0371652 0.100379 0.162771 0.169564 0.142731 0.129497 0.110824 0.0719921 0.0374448 0.0176816 0.00728124 0.00245721 0.000707413 0.000179459 3.92552e-05 7.17565e-06 1.07123e-06 1.33868e-07
 1.37775e-11 1.49607e-09 9.57797e-08 3.61521e-06 8.04514e-05 0.00105556 0.00816645 0.0372756 0.100671 0.163197 0.169784 0.142354 0.128564 0.109912 0.0716173 0.0376098 0.0181228 0.007739 0.00275438 0.00082876 0.000210618 4.44985e-05 7.81453e-06 1.12699e-06 1.29801e-07
 1.34156e-11 1.45677e-09 9.3264e-08 3.52025e-06 7.83383e-05 0.00102784 0.00795207 0.0362992 0.0980645 0.159217 0.16679 0.142743 0.13206 0.113835 0.0738463 0.0382559 0.0181747 0.00772935 0.00277733 0.000858625 0.000227663 5.00476e-05 8.8993e-06 1.2581e-06 1.39438e-07
 1.31698e-11 1.43009e-09 9.15554e-08 3.45576e-06 7.69032e-05 0.00100901 0.00780647 0.0356361 0.0962933 0.156506 0.164716 0.142899 0.134287 0.116458 0.0755437 0.038974 0.0183461 0.0076732 0.00268859 0.000811873 0.000213984 4.78412e-05 8.79092e-06 1.28304e-06 1.44013e-07
 1.37523e-11 1.49333e-09 9.56045e-08 3.60859e-06 8.03042e-05 0.00105363 0.00815151 0.0372073 0.100486 0.162894 0.169453 0.142046 0.128303 0.109872 0.0719653 0.0381656 0.0185281 0.00789149 0.00278511 0.000838404 0.000217811 4.78543e-05 8.7392e-06 1.29148e-06 1.48711e-07
 1.40641e-11 1.5272e-09 9.77726e-08 3.69043e-06 8.21253e-05 0.00107753 0.00833633 0.0380502 0.102752 0.166485 0.172803 0.143827 0.128512 0.108625 0.0691403 0.0346242 0.0158311 0.00657504 0.0023294 0.000710528 0.000186101 4.07927e-05 7.36282e-06 1.07349e-06 1.23024e-07
 1.37663e-11 1.49486e-09 9.57022e-08 3.61228e-06 8.03863e-05 0.00105471 0.00815993 0.0372474 0.100617 0.163292 0.170727 0.145221 0.133061 0.113091 0.0708243 0.0339252 0.0145283 0.00563249 0.00184617 0.000522838 0.000131469 2.85663e-05 5.16397e-06 7.5093e-07 8.52931e-08
 1.31763e-11 1.43079e-09 9.16003e-08 3.45745e-06 7.69409e-05 0.00100951 0.00781036 0.0356551 0.0963615 0.156752 0.165601 0.145188 0.137769 0.118909 0.0749353 0.0361067 0.0154747 0.00589119 0.00183937 0.000480901 0.0001101 2.19745e-05 3.75183e-06 5.32062e-07 6.00042e-08
 1.27218e-11 1.38144e-09 8.84408e-08 3.3382e-06 7.42871e-05 0.000974694 0.0075411 0.0344283 0.0930788 0.151677 0.161478 0.144681 0.140648 0.122855 0.0782099 0.0383784 0.0168111 0.00647843 0.00202251 0.000520366 0.000114237 2.11923e-05 3.29531e-06 4.27535e-07 4.52419e-08
 1.35866e-11 1.47534e-09 9.44528e-08 3.56512e-06 7.93368e-05 0.00104094 0.00805339 0.0367608 0.0992992 0.161123 0.168325 0.142897 0.130967 0.112512 0.0730319 0.0378261 0.0177243 0.00719585 0.00235249 0.000633916 0.000143507 2.66886e-05 4.02536e-06 4.9012e-07 4.76472e-08
 1.33328e-11 1.44778e-09 9.26884e-08 3.49853e-06 7.78549e-05 0.0010215 0.00790313 0.0360782 0.0974996 0.15856 0.167308 0.14615 0.137962 0.118283 0.0733497 0.0341113 0.01405 0.00531713 0.00171849 0.000471623 0.000110137 2.1209e-05 3.28689e-06 4.0232e-07 3.81349e-08
 1.39077e-11 1.51021e-09 9.66848e-08 3.64937e-06 8.12116e-05 0.00106554 0.00824365 0.0376283 0.101629 0.164796 0.171659 0.144421 0.130731 0.111003 0.070427 0.0347615 0.0153053 0.00586456 0.00179938 0.000455994 0.000101076 1.93718e-05 3.07795e-06 3.89519e-07 3.79117e-08
 1.44406e-11 1.56807e-09 1.0039e-07 3.7892e-06 8.43234e-05 0.00110637 0.0085594 0.0390673 0.105484 0.17079 0.1767 0.145583 0.128205 0.106893 0.0662398 0.0312159 0.0130616 0.00493712 0.00155445 0.000406542 8.94158e-05 1.62641e-05 2.44177e-06 3.01426e-07 2.95979e-08
 1.46079e-11 1.58624e-09 1.01553e-07 3.8331e-06 8.53003e-05 0.00111918 0.00865854 0.0395193 0.106697 0.172699 0.178413 0.14631 0.12798 0.106038 0.0649061 0.0297079 0.0118833 0.0042886 0.00128526 0.000320813 6.92193e-05 1.26718e-05 1.89861e-06 2.2715e-07 2.13374e-08
 1.51541e-11 1.64556e-09 1.0535e-07 3.97644e-06 8.84901e-05 0.00116103 0.00898217 0.0409935 0.110638 0.17876 0.18319 0.146428 0.123775 0.100825 0.0612352 0.0277242 0.0108988 0.00384877 0.00111693 0.000265259 5.39034e-05 9.34622e-06 1.3524e-06 1.59653e-07 1.48595e-08
 1.5213e-11 1.65195e-09 1.05759e-07 3.99188e-06 8.88336e-05 0.00116554 0.00901705 0.0411529 0.111071 0.179478 0.184011 0.147285 0.124608 0.101118 0.0604858 0.0263286 0.00974048 0.00327145 0.000916887 0.000209936 4.07903e-05 6.70227e-06 9.11979e-07 1.01518e-07 9.04974e-09
 1.56079e-11 1.69483e-09 1.08505e-07 4.09551e-06 9.11397e-05 0.00119579 0.00925103 0.0422189 0.113923 0.183885 0.187583 0.147699 0.122069 0.0976823 0.0576941 0.0244328 0.00861563 0.00274461 0.00072543 0.000153651 2.74557e-05 4.2087e-06 5.39592e-07 5.65618e-08 4.73714e-09
 1.57451e-11 1.70973e-09 1.09459e-07 4.13151e-06 9.19409e-05 0.0012063 0.00933232 0.0425891 0.114911 0.185391 0.188703 0.147508 0.120678 0.0961538 0.0568715 0.0242493 0.00864235 0.00276594 0.000724186 0.000149152 2.5372e-05 3.63198e-06 4.29389e-07 4.15286e-08 3.23929e-09
 1.58668e-11 1.72295e-09 1.10305e-07 4.16345e-06 9.26516e-05 0.00121563 0.00940442 0.0429175 0.115788 0.186735 0.189738 0.147455 0.119618 0.0949018 0.0560665 0.0239005 0.00852387 0.0027367 0.000721935 0.000150361 2.57417e-05 3.6443e-06 4.15817e-07 3.78924e-08 2.73951e-09
 1.59652e-11 1.73363e-09 1.10989e-07 4.18927e-06 9.32262e-05 0.00122317 0.00946273 0.0431833 0.116502 0.187856 0.190735 0.147853 0.119432 0.094334 0.0552263 0.0229961 0.00787664 0.00243851 0.000629098 0.000128869 2.1796e-05 3.07385e-06 3.5077e-07 3.17196e-08 2.2338e-09
 1.60772e-11 1.74579e-09 1.11767e-07 4.21865e-06 9.388e-05 0.00123174 0.00952907 0.0434857 0.117312 0.18912 0.191816 0.148157 0.118995 0.0935453 0.0543499 0.0221913 0.00732518 0.00217771 0.000540737 0.00010558 1.69044e-05 2.28129e-06 2.53268e-07 2.25654e-08 1.57731e-09
 1.67197e-11 1.81555e-09 1.16233e-07 4.38723e-06 9.76315e-05 0.00128096 0.00990971 0.0452196 0.121947 0.196251 0.197442 0.148319 0.114077 0.0874027 0.0499512 0.0197607 0.00614013 0.00170809 0.000402032 7.39563e-05 1.09766e-05 1.37004e-06 1.41712e-07 1.18864e-08 7.94922e-10
#obs catch len freq
 1.1537e-11 1.25278e-09 8.02041e-08 3.02731e-06 6.73689e-05 0.000883927 0.00683905 0.0312272 0.0844729 0.137992 0.148281 0.136008 0.136542 0.125881 0.0905509 0.0541358 0.0284962 0.0125834 0.0044653 0.00125193 0.00026974 4.31562e-05 4.96605e-06 3.98541e-07 2.16644e-08
 1.65186e-11 1.79373e-09 1.14836e-07 4.33449e-06 9.64579e-05 0.00126556 0.00979053 0.044674 0.120441 0.193473 0.192695 0.139148 0.100856 0.0796265 0.0560327 0.0338524 0.0175343 0.00732773 0.0024092 0.000626216 0.00012626 1.89731e-05 2.04335e-06 1.52599e-07 7.6869e-09
 1.42367e-11 1.54594e-09 9.89722e-08 3.73571e-06 8.31334e-05 0.00109077 0.00843916 0.0385271 0.104118 0.16914 0.176789 0.148108 0.13025 0.106734 0.0658248 0.0312384 0.0129352 0.00479152 0.00148463 0.000364075 6.80079e-05 9.37397e-06 9.26558e-07 6.37536e-08 2.96481e-09
 1.55844e-11 1.69229e-09 1.08342e-07 4.08936e-06 9.10033e-05 0.00119401 0.00923761 0.0421633 0.11382 0.18388 0.187407 0.144958 0.114708 0.0913226 0.0597632 0.0315988 0.0137441 0.00464843 0.00118386 0.000234672 3.7177e-05 4.56208e-06 4.09437e-07 2.56441e-08 1.08536e-09
 1.58917e-11 1.72566e-09 1.10478e-07 4.17e-06 9.27978e-05 0.00121756 0.00941998 0.0429987 0.116105 0.187735 0.19175 0.148456 0.115885 0.0889373 0.0547206 0.0267451 0.0110285 0.00372228 0.000965363 0.000186598 2.6475e-05 2.72899e-06 2.03365e-07 1.0831e-08 4.01466e-10
 1.54484e-11 1.67751e-09 1.07396e-07 4.05367e-06 9.02092e-05 0.00118361 0.00915768 0.0418088 0.112975 0.183219 0.189173 0.150526 0.120846 0.0929895 0.0564296 0.0268221 0.0105158 0.00330336 0.000791547 0.000143002 1.93006e-05 1.88885e-06 1.29573e-07 6.08496e-09 1.92836e-10
 1.54038e-11 1.67267e-09 1.07086e-07 4.04196e-06 8.99488e-05 0.0011802 0.00913152 0.0416929 0.112695 0.182923 0.18921 0.150609 0.120182 0.0922043 0.0567604 0.0277729 0.0111073 0.00347134 0.00080831 0.000138873 1.75139e-05 1.58961e-06 1.01246e-07 4.41933e-09 1.2929e-10
 1.57746e-11 1.71294e-09 1.09664e-07 4.13928e-06 9.21146e-05 0.00120862 0.00935153 0.0426988 0.115419 0.187294 0.193172 0.151636 0.117579 0.087951 0.0533452 0.0258696 0.010281 0.00320625 0.000747372 0.000127729 1.57445e-05 1.36686e-06 8.17347e-08 3.30779e-09 8.9161e-11
 1.52169e-11 1.65238e-09 1.05787e-07 3.99294e-06 8.88584e-05 0.00116592 0.00902173 0.0412042 0.111498 0.181674 0.19 0.154096 0.123332 0.0924999 0.05524 0.026157 0.0101106 0.00307252 0.000701225 0.000117761 1.42683e-05 1.21273e-06 7.03816e-08 2.73005e-09 6.9571e-11
 1.48391e-11 1.61135e-09 1.0316e-07 3.8938e-06 8.66526e-05 0.00113699 0.00879846 0.0401938 0.108857 0.177901 0.18775 0.155072 0.125989 0.0950148 0.0572667 0.0274226 0.0105603 0.00313217 0.000688669 0.000110869 1.28809e-05 1.05218e-06 5.87758e-08 2.193e-09 5.35875e-11
 1.54898e-11 1.68201e-09 1.07684e-07 4.06455e-06 9.04525e-05 0.00118686 0.00918426 0.0419539 0.113581 0.185222 0.193505 0.154771 0.119918 0.0880529 0.0530691 0.0257262 0.00999872 0.00297165 0.000650033 0.000102899 1.15779e-05 9.04506e-07 4.79854e-08 1.69602e-09 3.92461e-11
 1.48672e-11 1.6144e-09 1.03356e-07 3.90119e-06 8.68177e-05 0.0011392 0.0088165 0.040292 0.109263 0.179244 0.190809 0.158844 0.127281 0.0928312 0.0539176 0.0248729 0.00925313 0.00267221 0.000574116 8.94344e-05 9.85476e-06 7.47686e-07 3.81504e-08 1.28467e-09 2.81026e-11
 1.51741e-11 1.64773e-09 1.0549e-07 3.98174e-06 8.86106e-05 0.00116274 0.00899897 0.0411293 0.111551 0.182968 0.194182 0.159471 0.124723 0.0893957 0.0515643 0.0234988 0.00843615 0.00229422 0.00045862 6.66306e-05 6.92037e-06 4.99829e-07 2.43902e-08 7.85058e-10 1.63564e-11
 1.38334e-11 1.50215e-09 9.61689e-08 3.62994e-06 8.0783e-05 0.00106009 0.00820653 0.0375408 0.102147 0.169452 0.186174 0.164172 0.137131 0.100003 0.056958 0.0253513 0.00885889 0.00233981 0.000450735 6.2182e-05 6.04038e-06 4.04584e-07 1.82981e-08 5.48195e-10 1.06867e-11
 1.26362e-11 1.37214e-09 8.78462e-08 3.31582e-06 7.37937e-05 0.000968442 0.00749892 0.0343343 0.0937101 0.15704 0.177539 0.165091 0.14505 0.109738 0.0650437 0.0299972 0.0105843 0.00274435 0.000510115 6.72893e-05 6.20803e-06 3.91939e-07 1.65667e-08 4.60331e-10 8.28213e-12
 1.33088e-11 1.44518e-09 9.25223e-08 3.49232e-06 7.7722e-05 0.00101999 0.0078978 0.0361525 0.0985582 0.164301 0.182242 0.162341 0.136869 0.10307 0.0628344 0.0301201 0.0109746 0.00291092 0.000547384 7.18048e-05 6.45587e-06 3.90418e-07 1.56192e-08 4.07487e-10 6.84215e-12
 1.39883e-11 1.51897e-09 9.72462e-08 3.67064e-06 8.16912e-05 0.00107211 0.00830202 0.0380102 0.103661 0.172813 0.190905 0.166698 0.134414 0.0950927 0.0538613 0.0240853 0.0083696 0.00216858 0.000403898 5.26232e-05 4.67666e-06 2.77027e-07 1.07348e-08 2.68137e-10 4.26595e-12
 1.36445e-11 1.48164e-09 9.48566e-08 3.58047e-06 7.96861e-05 0.00104587 0.00810054 0.0371126 0.101415 0.170016 0.190237 0.169156 0.137648 0.0970162 0.0542833 0.0236629 0.00788748 0.00194276 0.000344442 4.30639e-05 3.70456e-06 2.13481e-07 8.04952e-09 1.94954e-10 2.98997e-12
 1.37425e-11 1.49228e-09 9.55382e-08 3.60622e-06 8.02606e-05 0.00105347 0.00816068 0.0374042 0.102324 0.171926 0.192877 0.170997 0.137222 0.0948977 0.0519863 0.0220329 0.00706587 0.00165678 0.000276958 3.24317e-05 2.60859e-06 1.40959e-07 5.00988e-09 1.14966e-10 1.67686e-12
 1.46197e-11 1.58754e-09 1.01637e-07 3.83641e-06 8.53842e-05 0.00112072 0.00868133 0.0397811 0.108694 0.181688 0.200198 0.170208 0.129666 0.0865342 0.0464151 0.0192841 0.00602716 0.00136736 0.000219303 2.43963e-05 1.8463e-06 9.31729e-08 3.07896e-09 6.55967e-11 8.88968e-13
 1.52538e-11 1.65639e-09 1.06045e-07 4.00282e-06 8.9089e-05 0.00116938 0.00905892 0.0415157 0.113427 0.189321 0.206965 0.171611 0.125046 0.0793267 0.0404394 0.0160028 0.00479442 0.00104881 0.00016229 1.7336e-05 1.25047e-06 5.96718e-08 1.85108e-09 3.67931e-11 4.62996e-13
 1.47184e-11 1.59826e-09 1.02324e-07 3.86243e-06 8.59684e-05 0.00112858 0.00874648 0.0401324 0.110024 0.185312 0.206728 0.176517 0.13048 0.0812958 0.039658 0.014773 0.00413508 0.0008445 0.000122334 1.22825e-05 8.35414e-07 3.76287e-08 1.10019e-09 2.05468e-11 2.42002e-13
 1.32543e-11 1.43928e-09 9.21464e-08 3.47837e-06 7.74269e-05 0.00101671 0.0078855 0.0362621 0.100044 0.171405 0.1989 0.181029 0.142187 0.0921179 0.0460159 0.0172482 0.00473963 0.000928278 0.000126831 1.18953e-05 7.52662e-07 3.15202e-08 8.57799e-10 1.49311e-11 1.64039e-13
 1.48484e-11 1.61237e-09 1.03228e-07 3.89664e-06 8.67346e-05 0.00113879 0.00882838 0.0405348 0.111247 0.187482 0.208263 0.175111 0.127362 0.0798754 0.03995 0.015079 0.00412905 0.000794204 0.000104966 9.37901e-06 5.57774e-07 2.17347e-08 5.47009e-10 8.78014e-12 8.88933e-14
 1.45355e-11 1.5784e-09 1.01054e-07 3.8147e-06 8.49174e-05 0.00111518 0.00865053 0.0397818 0.109629 0.186552 0.211044 0.180771 0.130399 0.0780824 0.0366214 0.013066 0.00345408 0.000652079 8.49204e-05 7.42773e-06 4.27381e-07 1.59113e-08 3.78278e-10 5.68199e-12 5.34454e-14
 1.44489e-11 1.56901e-09 1.00454e-07 3.79215e-06 8.44218e-05 0.00110888 0.00860572 0.0396211 0.109474 0.187285 0.213608 0.183879 0.131373 0.0763973 0.0340502 0.0112704 0.00271418 0.000464643 5.53334e-05 4.49202e-06 2.43218e-07 8.59064e-09 1.94149e-10 2.76558e-12 2.45534e-14
 1.39633e-11 1.51628e-09 9.70797e-08 3.66492e-06 8.15982e-05 0.00107209 0.00832594 0.0383981 0.10652 0.183817 0.212923 0.186718 0.134874 0.0784144 0.0346053 0.0111935 0.00258711 0.000416758 4.58883e-05 3.40349e-06 1.67663e-07 5.40285e-09 1.12148e-10 1.47825e-12 1.22197e-14
 1.44222e-11 1.56612e-09 1.00272e-07 3.7855e-06 8.4286e-05 0.00110748 0.00860157 0.039668 0.109952 0.18901 0.216327 0.185186 0.130129 0.0743038 0.0324721 0.0103887 0.00235585 0.00036835 3.88779e-05 2.72605e-06 1.25226e-07 3.71968e-09 7.06039e-11 8.47552e-13 6.37651e-15
#spawning biomass
 2243.74 3565.83 5891.1 8647.63 14227.9 21439.2 32902 49704.7 69907.4 86044.2 116335 148031 162723 161367 144951 153378 129020 133071 137397 143386 154217 157620 149303 162295 182900 189789 181355 159207 149736 140198 51822.4 20113.4 13763.8 12691.6 12524.1 12499.3 12495.7 12495.2 12495.1 12495.1 12495.1 12495.1 12495.1 12495.1 12495.1 12495.1 12495.1 12495.1 12495.1 12495.1 12495.1 12495.1 12495.1 12495.1 12495.1 12495.1 12495.1 12495.1 12495.1 12495.1 12495.1 12495.1 12495.1 12495.1 12495.1 12495.1 12495.1 12495.1 12495.1 12495.1 12495.1 12495.1 12495.1 12495.1 12495.1 12495.1 12495.1 12495.1 12495.1 12495.1 12495.1 12495.1 12495.1 12495.1 12495.1 12495.1 12495.1 12495.1 12495.1 12495.1 12495.1 12495.1 12495.1 12495.1 12495.1 12495.1 12495.1 12495.1 12495.1 12495.1 12495.1 12495.1 12495.1 12495.1 12495.1 12495.1 12495.1 12495.1 12495.1 12495.1 12495.1 12495.1 12495.1 12495.1 12495.1 12495.1 12495.1 12495.1 12495.1 12495.1 12495.1 12495.1 12495.1 12495.1 12495.1 12495.1 12495.1 12495.1 0 0 0 0 0 0 0 0 0 0 0 0 0 0 0 0 0 0 0 0 0 0 0 0 0
