SBPRF35
0.684575
Curr Bio
122807
B35
732623
F35
0.224381
FOFL
0
OFL
0
Bzero
195593
#pred survey bio
 41097.6 35140.4 23830.4 16752.1 18782.6 25878.7 33478 42401.2 52604.7 62047.8 58637.1 66890.1 67508.6 74657.9 84468.8 79203 84203.1 92890.5 97763.4 87716.7 105635 103865 91437.8 102573 107629 116662 116997 129126 4.35264e+06 7.2725e+06 7.85923e+06 7.39961e+06 6.44868e+06 5.39649e+06 4.44596e+06 3.67138e+06 3.07751e+06 2.63932e+06 2.32379e+06 2.09997e+06 1.94251e+06 1.83205e+06 1.754e+06 1.69724e+06 1.65778e+06 1.62999e+06 1.61018e+06 1.59587e+06 1.58541e+06 1.57766e+06 1.57187e+06 1.56749e+06 1.56415e+06 1.56158e+06 1.55959e+06 1.55805e+06 1.55684e+06 1.55589e+06 1.55514e+06 1.55455e+06 1.55408e+06 1.55371e+06 1.55341e+06 1.55318e+06 1.55299e+06 1.55284e+06 1.55273e+06 1.55263e+06 1.55256e+06 1.5525e+06 1.55245e+06 1.55241e+06 1.55238e+06 1.55235e+06 1.55233e+06 1.55232e+06 1.55231e+06 1.5523e+06 1.55229e+06 1.55228e+06 1.55228e+06 1.55227e+06 1.55227e+06 1.55227e+06 1.55226e+06 1.55226e+06 1.55226e+06 1.55226e+06 1.55226e+06 1.55226e+06 1.55226e+06 1.55226e+06 1.55226e+06 1.55226e+06 1.55226e+06 1.55226e+06 1.55226e+06 1.55226e+06 1.55226e+06 1.55226e+06 1.55226e+06 1.55226e+06 1.55226e+06 1.55226e+06 1.55226e+06 1.55226e+06 1.55226e+06 1.55226e+06 1.55226e+06 1.55226e+06 1.55226e+06 1.55226e+06 1.55226e+06 1.55226e+06 1.55226e+06 1.55226e+06 1.55226e+06 1.55226e+06 1.55226e+06 1.55226e+06 1.55226e+06 1.55226e+06 1.55226e+06 1.55226e+06 1.55226e+06 1.55226e+06 1.55226e+06 1.55226e+06 0 0 0 0 0 0 0 0 0 0 0 0 0 0 0 0 0 0 0 0 0 0 0 0 0
#obs survey bio
 39170.4 25768.7 15048.1 16115.9 20121.3 25212 37224.6 38360.7 45476 78577.3 51895.1 67035 66515.7 79769 97216.6 74552.4 68575.1 140015 100619 85278.9 105252 97858.6 99217.8 128175 100443 111599 135597 149633
#pred catch bio
 24545.4 21081.2 14237.7 11424.7 12151.5 16537.2 22943.2 30575.9 40275.2 52888.4 48018.1 58974.8 59337.3 66508.3 81722 77364.6 81802.2 90848.4 101693 89222.9 113573 115844 101252 117205 125456 140155 141945 129769 0 62185.5 66607.1 61959.1 53186.3 43726.2 35334.6 28619.7 23577.4 19948.7 17414 15681.2 14515.5 13740.5 13227.8 12885.8 12667.4 12528 12438.9 12382.1 12345.8 12322.6 12307.8 12298.4 12292.3 12288.5 12286 12284.5 12283.5 12282.8 12282.4 12282.1 12282 12281.9 12281.8 12281.8 12281.7 12281.7 12281.7 12281.7 12281.7 12281.7 12281.7 12281.7 12281.7 12281.7 12281.7 12281.7 12281.7 12281.7 12281.7 12281.7 12281.7 12281.7 12281.7 12281.7 12281.7 12281.7 12281.7 12281.7 12281.7 12281.7 12281.7 12281.7 12281.7 12281.7 12281.7 12281.7 12281.7 12281.7 12281.7 12281.7 12281.7 12281.7 12281.7 12281.7 12281.7 12281.7 12281.7 12281.7 12281.7 12281.7 12281.7 12281.7 12281.7 12281.7 12281.7 12281.7 12281.7 12281.7 12281.7 12281.7 12281.7 12281.7 12281.7 12281.7 12281.7 12281.7 12281.7 12281.7 0 0 0 0 0 0 0 0 0 0 0 0 0 0 0 0 0 0 0 0 0 0 0 0 0
#obs catch bio
 22484.7 23238 16825.6 14062.6 12083.5 16088.8 20987.5 28774.9 41745.3 53220.1 46776.8 61391.6 57305.9 61519.9 77926.7 78886.5 79890.7 83735.6 91759.2 82659.6 109862 107166 93304.9 102532 112474 130166 127290 123973
#pred cpue bio
 38771 33809.3 23338.7 15805.2 16754.3 23856.5 30493.9 38535.7 47500.5 55870.9 52705 59597.5 60024.4 65865.3 74454.9 69065.2 72883.5 80753.6 84873.3 75260.3 90077.9 88352 77125.2 85944.4 89690.9 96485.8 96224.9 105620 3.78848e+06 7.25208e+06 7.83881e+06 7.37919e+06 6.42827e+06 5.37607e+06 4.42555e+06 3.65097e+06 3.05709e+06 2.6189e+06 2.30337e+06 2.07956e+06 1.92209e+06 1.81163e+06 1.73358e+06 1.67682e+06 1.63736e+06 1.60958e+06 1.58977e+06 1.57546e+06 1.56499e+06 1.55725e+06 1.55145e+06 1.54707e+06 1.54373e+06 1.54116e+06 1.53918e+06 1.53763e+06 1.53642e+06 1.53547e+06 1.53472e+06 1.53413e+06 1.53366e+06 1.53329e+06 1.533e+06 1.53276e+06 1.53258e+06 1.53243e+06 1.53231e+06 1.53221e+06 1.53214e+06 1.53208e+06 1.53203e+06 1.53199e+06 1.53196e+06 1.53194e+06 1.53192e+06 1.5319e+06 1.53189e+06 1.53188e+06 1.53187e+06 1.53187e+06 1.53186e+06 1.53186e+06 1.53185e+06 1.53185e+06 1.53185e+06 1.53185e+06 1.53185e+06 1.53184e+06 1.53184e+06 1.53184e+06 1.53184e+06 1.53184e+06 1.53184e+06 1.53184e+06 1.53184e+06 1.53184e+06 1.53184e+06 1.53184e+06 1.53184e+06 1.53184e+06 1.53184e+06 1.53184e+06 1.53184e+06 1.53184e+06 1.53184e+06 1.53184e+06 1.53184e+06 1.53184e+06 1.53184e+06 1.53184e+06 1.53184e+06 1.53184e+06 1.53184e+06 1.53184e+06 1.53184e+06 1.53184e+06 1.53184e+06 1.53184e+06 1.53184e+06 1.53184e+06 1.53184e+06 1.53184e+06 1.53184e+06 1.53184e+06 1.53184e+06 1.53184e+06 1.53184e+06 1.53184e+06 0 0 0 0 0 0 0 0 0 0 0 0 0 0 0 0 0 0 0 0 0 0 0 0 0
#obs cpue bio
 36165.3 23147.7 14608.6 9692.38 19833.7 31135.3 44532.5 47812.5 40676.3 48497 64656.3 49151.6 74358.2 88305.4 76044.6 64131.3 100609 78076.6 128257 97268.6 103795 132153 94923.8 120995 143927 134512 130903 103946
#pred surv len freq
 1.25311e-11 1.36013e-09 8.70484e-08 3.28494e-06 7.30942e-05 0.000959043 0.00742071 0.0338821 0.0915742 0.148814 0.156297 0.134712 0.126048 0.110658 0.0753158 0.0437975 0.0255786 0.0152558 0.00938056 0.00614401 0.0043787 0.00344893 0.00286174 0.002154 0.00124216
 9.24916e-12 1.00391e-09 6.42499e-08 2.4246e-06 5.39507e-05 0.000707886 0.00547804 0.0250282 0.0678657 0.11207 0.126045 0.12979 0.145108 0.138566 0.100951 0.0638918 0.0384339 0.0211057 0.0108854 0.0057011 0.00320753 0.00203924 0.00145847 0.00102633 0.000584372
 6.04384e-12 6.56001e-10 4.1984e-08 1.58435e-06 3.52543e-05 0.000462586 0.00358038 0.0163724 0.0445902 0.0752065 0.0918441 0.112021 0.143097 0.1489 0.123656 0.0940246 0.0658028 0.0398864 0.0212396 0.010189 0.00461013 0.00218484 0.00119578 0.000717363 0.000382656
 1.36183e-11 1.47813e-09 9.46003e-08 3.56992e-06 7.94351e-05 0.00104222 0.00806356 0.0367999 0.0992208 0.159312 0.158362 0.114281 0.085161 0.0750084 0.0681219 0.0615062 0.0510375 0.0370104 0.0232775 0.0124025 0.00559366 0.00224231 0.000895543 0.000398279 0.000180069
 1.8001e-11 1.95383e-09 1.25045e-07 4.7188e-06 0.000104999 0.00137763 0.0106583 0.0486364 0.131063 0.209855 0.205785 0.140434 0.0909942 0.063885 0.0387068 0.0204405 0.0126395 0.00962968 0.00720585 0.00461302 0.00241601 0.00102491 0.000364611 0.000120648 4.05269e-05
 1.42464e-11 1.54631e-09 9.89634e-08 3.73457e-06 8.30991e-05 0.00109031 0.00843622 0.0385146 0.104038 0.168605 0.174913 0.145141 0.12886 0.107569 0.0661484 0.0307009 0.0130585 0.00584675 0.00305265 0.00190369 0.00115343 0.000573377 0.00022212 6.83644e-05 1.79714e-05
 1.57528e-11 1.70982e-09 1.09428e-07 4.12947e-06 9.18859e-05 0.00120559 0.00932768 0.0425732 0.114846 0.184875 0.185974 0.139646 0.108441 0.0875981 0.0592024 0.0343651 0.0182878 0.00827283 0.00315953 0.00118949 0.000525036 0.000256932 0.000111385 3.73518e-05 9.46639e-06
 1.58174e-11 1.71683e-09 1.09877e-07 4.1464e-06 9.22627e-05 0.00121053 0.00936599 0.0427494 0.115339 0.185809 0.187564 0.142467 0.112119 0.0893768 0.0567097 0.0294781 0.0149153 0.00746882 0.00338992 0.00130634 0.000428844 0.000137197 4.80712e-05 1.62021e-05 4.33907e-06
 1.63479e-11 1.7744e-09 1.13562e-07 4.28546e-06 9.53568e-05 0.00125112 0.00967997 0.0441803 0.119169 0.191732 0.192382 0.143083 0.108869 0.0851397 0.0535694 0.0273738 0.0131874 0.00608531 0.00261573 0.00105388 0.000377521 0.000113329 2.93665e-05 7.29629e-06 1.73392e-06
 1.65015e-11 1.79108e-09 1.14629e-07 4.32574e-06 9.62531e-05 0.00126288 0.00977095 0.0445954 0.120287 0.193521 0.194124 0.144215 0.109385 0.0848972 0.0523113 0.0255259 0.0116136 0.005125 0.00209402 0.000789678 0.000271951 8.29459e-05 2.13775e-05 4.54454e-06 8.27341e-07
 1.65569e-11 1.79709e-09 1.15014e-07 4.34025e-06 9.65761e-05 0.00126712 0.00980376 0.0447456 0.120698 0.194224 0.195031 0.145395 0.110771 0.0856907 0.0517297 0.023952 0.0100737 0.00412955 0.00157896 0.000559378 0.000181164 5.21913e-05 1.30128e-05 2.70092e-06 4.5022e-07
 1.73084e-11 1.87866e-09 1.20234e-07 4.53726e-06 0.00010096 0.00132463 0.0102485 0.0467718 0.126111 0.202517 0.201384 0.144949 0.104062 0.0779472 0.0470476 0.0221965 0.00950203 0.00382706 0.00137651 0.000448907 0.000134105 3.58883e-05 8.37313e-06 1.64674e-06 2.62454e-07
 1.73817e-11 1.88662e-09 1.20743e-07 4.55648e-06 0.000101387 0.00133024 0.010292 0.0469704 0.126651 0.20342 0.202453 0.146144 0.105297 0.078453 0.0460853 0.0203074 0.00791564 0.00302204 0.00107688 0.000346367 9.83895e-05 2.42977e-05 5.19502e-06 9.43499e-07 1.40556e-07
 1.79797e-11 1.95153e-09 1.24897e-07 4.71324e-06 0.000104875 0.00137601 0.0106459 0.0485829 0.130961 0.210034 0.20758 0.145987 0.100261 0.0724947 0.0422805 0.0186286 0.00719478 0.00263796 0.000872894 0.000260956 7.11068e-05 1.70311e-05 3.4549e-06 5.80256e-07 7.92915e-08
 1.80093e-11 1.95474e-09 1.25103e-07 4.721e-06 0.000105048 0.00137827 0.0106635 0.048663 0.131179 0.210396 0.207998 0.14643 0.100699 0.0726599 0.0419112 0.0179248 0.0066056 0.00233646 0.000756576 0.000218449 5.59511e-05 1.24865e-05 2.39355e-06 3.83148e-07 4.93311e-08
 1.87409e-11 2.03414e-09 1.30185e-07 4.91277e-06 0.000109315 0.00143426 0.0110965 0.0506361 0.136456 0.218524 0.214446 0.146721 0.0952605 0.0658004 0.036934 0.0150862 0.0051287 0.00167114 0.000508543 0.000139758 3.44299e-05 7.3676e-06 1.33228e-06 1.99442e-07 2.41346e-08
 1.92188e-11 2.08601e-09 1.33504e-07 5.03804e-06 0.000112103 0.00147082 0.0113793 0.0519248 0.139902 0.223824 0.218615 0.146793 0.0915298 0.0612029 0.0337359 0.0134004 0.00431092 0.00130709 0.000367671 9.25227e-05 2.10153e-05 4.22149e-06 7.25466e-07 1.03262e-07 1.17864e-08
 1.8911e-11 2.0526e-09 1.31366e-07 4.95736e-06 0.000110307 0.00144727 0.0111971 0.0510949 0.137685 0.220437 0.216054 0.14709 0.0944618 0.0645343 0.0356954 0.0140442 0.00440784 0.00128817 0.000345372 8.11995e-05 1.69374e-05 3.10255e-06 4.88172e-07 6.4543e-08 6.93616e-09
 1.90103e-11 2.06339e-09 1.32057e-07 4.9834e-06 0.000110887 0.00145487 0.0112559 0.0513628 0.138401 0.221528 0.216871 0.146967 0.0934745 0.0634381 0.0350897 0.0138894 0.00441141 0.001299 0.00034499 7.8755e-05 1.56582e-05 2.68354e-06 3.87903e-07 4.66668e-08 4.57915e-09
 1.97537e-11 2.14407e-09 1.3722e-07 5.17826e-06 0.000115223 0.00151176 0.0116959 0.0533673 0.143759 0.229759 0.22329 0.146895 0.0873805 0.0560606 0.0301151 0.0114561 0.00337276 0.000916499 0.000234654 5.32901e-05 1.05476e-05 1.76877e-06 2.44716e-07 2.75863e-08 2.49244e-09
 2.01301e-11 2.18493e-09 1.39835e-07 5.27694e-06 0.000117418 0.00154056 0.0119187 0.0543822 0.146471 0.233916 0.226488 0.146715 0.0840771 0.0521883 0.0276757 0.0104429 0.00302465 0.000795252 0.000192801 4.06721e-05 7.54435e-06 1.22412e-06 1.6691e-07 1.84363e-08 1.60183e-09
 2.02544e-11 2.19842e-09 1.40698e-07 5.30951e-06 0.000118143 0.00155007 0.0119922 0.0547175 0.147369 0.235307 0.227632 0.146898 0.0833557 0.0511499 0.0267558 0.00975628 0.0026074 0.000614241 0.000137793 2.77305e-05 4.89122e-06 7.43656e-07 9.48475e-08 9.97502e-09 8.41749e-10
 2.07383e-11 2.25094e-09 1.4406e-07 5.43636e-06 0.000120966 0.0015871 0.0122787 0.0560223 0.150856 0.240653 0.231751 0.146688 0.0791395 0.0461855 0.0235952 0.00841011 0.00213502 0.000459748 9.32722e-05 1.69109e-05 2.68798e-06 3.76865e-07 4.51464e-08 4.45915e-09 3.52952e-10
 2.11083e-11 2.29111e-09 1.4663e-07 5.53337e-06 0.000123124 0.00161542 0.0124977 0.0570201 0.153521 0.244734 0.23487 0.146441 0.0757852 0.0423027 0.0212146 0.00750106 0.00188058 0.000394813 7.69224e-05 1.30781e-05 1.89006e-06 2.36937e-07 2.53922e-08 2.27307e-09 1.66153e-10
 2.13937e-11 2.32208e-09 1.48613e-07 5.60817e-06 0.000124788 0.00163726 0.0126666 0.0577895 0.155577 0.247887 0.237301 0.146321 0.0733046 0.0393767 0.0193434 0.00669652 0.00159758 0.000306555 5.48476e-05 8.86315e-06 1.22944e-06 1.45824e-07 1.44163e-08 1.16222e-09 7.58099e-11
 2.17832e-11 2.36436e-09 1.51319e-07 5.7103e-06 0.000127061 0.00166707 0.0128971 0.0588399 0.158384 0.252184 0.240586 0.146067 0.0697807 0.0352929 0.0168324 0.00573008 0.00132364 0.000237504 3.89858e-05 5.78918e-06 7.33651e-07 8.00685e-08 7.43484e-09 5.661e-10 3.43816e-11
 2.20579e-11 2.39417e-09 1.53227e-07 5.7823e-06 0.000128663 0.00168809 0.0130597 0.0595804 0.160362 0.255214 0.242907 0.145901 0.067317 0.0324268 0.0150547 0.00502791 0.00111346 0.000181724 2.63129e-05 3.53186e-06 4.10153e-07 4.0776e-08 3.44292e-09 2.39322e-10 1.34166e-11
 2.23235e-11 2.423e-09 1.55072e-07 5.85193e-06 0.000130212 0.00170841 0.0132169 0.0602966 0.162275 0.258142 0.245138 0.145702 0.064875 0.0296166 0.0133544 0.00440613 0.000959025 0.000150158 2.02809e-05 2.50909e-06 2.63461e-07 2.32175e-08 1.74829e-09 1.09721e-10 5.57174e-12
#obs surv len freq
 4.02399e-11 3.72929e-09 2.0379e-07 6.5664e-06 0.000124756 0.00139766 0.00923472 0.0360205 0.0833704 0.117602 0.114228 0.106752 0.116837 0.120185 0.107489 0.0844658 0.0547577 0.0286889 0.0125802 0.00459893 0.00132692 0.00028485 4.34762e-05 4.55693e-06 3.18831e-07
 2.76327e-11 2.46996e-09 1.3018e-07 4.04566e-06 7.41363e-05 0.000801159 0.0051087 0.019283 0.043801 0.0648255 0.0815628 0.116159 0.15538 0.160438 0.135802 0.101275 0.0635074 0.0323014 0.0135081 0.0046258 0.00124906 0.000252551 3.6321e-05 3.56085e-06 2.30671e-07
 1.34397e-11 1.15667e-09 5.86967e-08 1.75635e-06 3.099e-05 0.000322518 0.0019824 0.00724797 0.0163441 0.0265482 0.0440734 0.0813514 0.129649 0.169858 0.18731 0.1608 0.100865 0.0477468 0.0183091 0.00579644 0.00145185 0.000271813 3.62051e-05 3.2937e-06 1.98052e-07
 2.42332e-10 2.00482e-08 9.7797e-07 2.81296e-05 0.000477077 0.00477091 0.0281324 0.0978209 0.20064 0.243184 0.175938 0.0808354 0.0337393 0.0276962 0.0327834 0.0317559 0.0227818 0.0123199 0.00507419 0.0015807 0.000368783 6.32198e-05 7.70198e-06 6.42034e-07 3.54414e-08
 1.49595e-10 1.18785e-08 5.56153e-07 1.53538e-05 0.00024994 0.00239942 0.0135926 0.0455891 0.0920993 0.121579 0.136565 0.169381 0.185117 0.135695 0.0629966 0.0210257 0.0075723 0.00367949 0.00169286 0.000582675 0.000141157 2.36096e-05 2.68933e-06 2.05398e-07 1.03263e-08
 3.26482e-10 2.48461e-08 1.11492e-06 2.94998e-05 0.000460238 0.00423402 0.0229725 0.073583 0.139861 0.162005 0.12924 0.100641 0.0978886 0.0975381 0.0842387 0.0550476 0.0240374 0.00669837 0.00127254 0.000208734 3.64273e-05 5.70272e-06 6.39128e-07 4.70779e-08 2.22336e-09
 4.73157e-10 3.44643e-08 1.4802e-06 3.74854e-05 0.000559751 0.00492889 0.0256018 0.0785829 0.143853 0.164403 0.14077 0.126976 0.119765 0.0910698 0.0550811 0.0291646 0.0131862 0.00461665 0.00116898 0.000205795 2.51833e-05 2.28875e-06 1.69249e-07 1.00716e-08 4.31894e-10
 6.12033e-10 4.26139e-08 1.7495e-06 4.23512e-05 0.000604525 0.00508861 0.0252716 0.0742371 0.130702 0.146975 0.132739 0.132586 0.131407 0.103519 0.0654192 0.0337972 0.0131339 0.00361564 0.000729184 0.000115545 1.43914e-05 1.30966e-06 8.19179e-08 3.47757e-09 1.02249e-10
 1.01109e-09 6.72135e-08 2.63458e-06 6.08911e-05 0.000829836 0.00666902 0.0316193 0.0886437 0.148672 0.157916 0.131515 0.120426 0.114558 0.091155 0.0599243 0.0317365 0.0122734 0.0032842 0.000618842 8.57707e-05 8.94929e-06 6.97694e-07 3.95597e-08 1.56869e-09 4.1768e-11
 1.25613e-09 7.96352e-08 2.9769e-06 6.56165e-05 0.000852835 0.00653713 0.0295755 0.0793079 0.128756 0.139416 0.134124 0.144042 0.138283 0.100633 0.0582268 0.0274835 0.00975772 0.0024414 0.000433307 5.64594e-05 5.44861e-06 3.80897e-07 1.87779e-08 6.40022e-10 1.48239e-11
 2.12095e-09 1.281e-07 4.56202e-06 9.57974e-05 0.00118618 0.00866182 0.0373277 0.0952776 0.146713 0.148411 0.129317 0.1275 0.119823 0.0909098 0.0562213 0.0270574 0.00911563 0.00203537 0.000306287 3.2957e-05 2.66898e-06 1.62713e-07 7.18297e-09 2.20138e-10 4.53954e-12
 2.9623e-09 1.70283e-07 5.77168e-06 0.000115352 0.00135942 0.00944891 0.0387763 0.0944634 0.140354 0.143129 0.136384 0.143095 0.128845 0.0877753 0.0476524 0.0205853 0.00643439 0.00136063 0.000194915 1.96362e-05 1.43054e-06 7.51413e-08 2.79434e-09 7.23693e-11 1.28439e-12
 4.45237e-09 2.43367e-07 7.84366e-06 0.000149062 0.00167043 0.0110408 0.0430923 0.099921 0.141838 0.140133 0.132438 0.13802 0.124345 0.0876671 0.0498776 0.021751 0.00655974 0.00130052 0.000171637 1.57839e-05 1.04982e-06 5.04803e-08 1.70806e-09 3.95504e-11 6.14204e-13
 7.42122e-09 3.85394e-07 1.18011e-05 0.000213075 0.00226858 0.014246 0.0528302 0.116422 0.157215 0.148184 0.133794 0.13209 0.111422 0.0726828 0.0380536 0.0153537 0.00431032 0.000795681 9.72033e-05 8.1903e-06 4.94132e-07 2.14313e-08 6.53368e-10 1.36493e-11 1.91516e-13
 8.88347e-09 4.37965e-07 1.27316e-05 0.000218235 0.00220598 0.0131556 0.0463939 0.0978784 0.130501 0.134333 0.146101 0.157346 0.130519 0.0811271 0.0401395 0.0152537 0.00402854 0.000699267 8.02068e-05 6.31903e-06 3.53792e-07 1.41065e-08 3.91759e-10 7.39986e-12 9.3432e-14
 1.70196e-08 7.96036e-07 2.19535e-05 0.000357002 0.0034234 0.0193647 0.0647221 0.128888 0.159203 0.143158 0.130157 0.126696 0.103996 0.0677187 0.0350837 0.0132853 0.0033345 0.00053195 5.44312e-05 3.7252e-06 1.79307e-07 6.22395e-09 1.53798e-10 2.62508e-12 3.012e-14
 1.9463e-08 8.63096e-07 2.25683e-05 0.00034797 0.0031641 0.0169804 0.0539806 0.103521 0.12995 0.137442 0.157323 0.162428 0.122704 0.0686689 0.0304041 0.0102618 0.0023952 0.000366269 3.68042e-05 2.50934e-06 1.19201e-07 3.9403e-09 8.88395e-11 1.34217e-12 1.34689e-14
 3.52411e-08 1.48096e-06 3.66968e-05 0.000536181 0.00461997 0.0234879 0.0706458 0.127377 0.146345 0.132821 0.130489 0.130269 0.107829 0.0718661 0.0369224 0.0131952 0.00305725 0.000453318 4.41622e-05 2.94398e-06 1.37672e-07 4.48465e-09 9.92474e-11 1.45853e-12 1.4017e-14
 4.82872e-08 1.92217e-06 4.51173e-05 0.000624454 0.00509731 0.0245613 0.0701679 0.121408 0.139603 0.139412 0.151 0.145699 0.10565 0.0592818 0.0264287 0.00871508 0.00196982 0.000299577 3.12089e-05 2.25785e-06 1.12248e-07 3.74585e-09 8.2381e-11 1.18281e-12 1.10185e-14
 7.57616e-08 2.85583e-06 6.34757e-05 0.000831935 0.00643072 0.029344 0.0794039 0.130237 0.142362 0.136025 0.142243 0.135374 0.100761 0.0593996 0.0269318 0.00854265 0.00177964 0.00024269 2.24787e-05 1.47668e-06 6.97151e-08 2.30965e-09 5.176e-11 7.6099e-13 7.18434e-15
 1.02163e-07 3.64586e-06 7.67184e-05 0.000951958 0.00696752 0.0301223 0.0774482 0.1223 0.135074 0.140841 0.155739 0.143994 0.100219 0.054685 0.0230898 0.00691004 0.00137775 0.00018223 1.64474e-05 1.03866e-06 4.58778e-08 1.39149e-09 2.84456e-11 3.86596e-13 3.44729e-15
 1.53032e-07 5.16951e-06 0.00010297 0.00120946 0.00837996 0.0343044 0.0836141 0.125809 0.134668 0.139224 0.151921 0.138757 0.0975837 0.0540998 0.0225346 0.00643111 0.00119677 0.000145931 1.20886e-05 7.04487e-07 2.90607e-08 8.30631e-10 1.60005e-11 2.03219e-13 1.67471e-15
 2.33817e-07 7.47605e-06 0.00014095 0.00156706 0.0102778 0.039839 0.0920765 0.13216 0.13752 0.140956 0.150142 0.132023 0.0896275 0.0480144 0.0192537 0.00530301 0.000964782 0.000117121 9.75681e-06 5.65596e-07 2.25756e-08 6.07779e-10 1.08592e-11 1.27396e-13 9.71594e-16
 3.38161e-07 1.02341e-05 0.000182632 0.00192196 0.0119334 0.043818 0.0962154 0.132843 0.137951 0.145401 0.153498 0.129419 0.0835217 0.0423498 0.015996 0.00414146 0.000709569 8.15995e-05 6.50218e-06 3.64576e-07 1.41964e-08 3.73896e-10 6.50557e-12 7.35007e-14 5.32126e-16
 4.71994e-07 1.35213e-05 0.000228403 0.00227534 0.0133761 0.0465453 0.097261 0.130001 0.136785 0.149793 0.157362 0.128676 0.0804156 0.0392267 0.0140408 0.00339972 0.000539467 5.70065e-05 4.15685e-06 2.13865e-07 7.70759e-09 1.89843e-10 3.11785e-12 3.34835e-14 2.31407e-16
 6.44115e-07 1.74679e-05 0.000279334 0.00263446 0.0146661 0.0483889 0.0964106 0.125604 0.135517 0.154292 0.161058 0.128671 0.0788309 0.0374095 0.0128064 0.00293005 0.000436828 4.31995e-05 2.93097e-06 1.3917e-07 4.59301e-09 1.03115e-10 1.54278e-12 1.51412e-14 9.61491e-17
 9.17662e-07 2.35616e-05 0.000356731 0.00318555 0.0167954 0.0525396 0.0997385 0.126075 0.136774 0.156774 0.160075 0.124584 0.0746949 0.0343629 0.0112207 0.00242429 0.000340039 3.15992e-05 2.01086e-06 8.9204e-08 2.73546e-09 5.67288e-11 7.79668e-13 6.99518e-15 4.0466e-17
 1.09047e-06 2.6512e-05 0.000380101 0.0032147 0.0160656 0.0478146 0.0877651 0.113425 0.136954 0.169676 0.172639 0.130388 0.0755618 0.033326 0.0103384 0.00211561 0.000281688 2.49429e-05 1.51358e-06 6.37198e-08 1.83926e-09 3.5624e-11 4.5453e-13 3.76899e-15 2.00792e-17
#pred catch len freq
 1.23202e-11 1.33724e-09 8.55832e-08 3.22965e-06 7.18639e-05 0.000942902 0.00729586 0.0333132 0.090052 0.146464 0.154408 0.134543 0.127472 0.112487 0.0766518 0.0445838 0.0260385 0.0155301 0.00954924 0.00625449 0.00445744 0.00351094 0.00291319 0.00219273 0.00126449
 9.05337e-12 9.82657e-10 6.28899e-08 2.37327e-06 5.28087e-05 0.000692904 0.00536216 0.0245001 0.0664525 0.109887 0.12428 0.129604 0.146389 0.140256 0.102254 0.0647242 0.0389352 0.021381 0.0110274 0.00577546 0.00324936 0.00206583 0.00147749 0.00103971 0.000591994
 5.8802e-12 6.3824e-10 4.08473e-08 1.54145e-06 3.42998e-05 0.000450063 0.00348351 0.0159309 0.0434077 0.0733714 0.0903213 0.111733 0.143961 0.150157 0.124758 0.0948686 0.0663939 0.0402447 0.0214304 0.0102805 0.00465154 0.00220446 0.00120652 0.000723807 0.000386094
 1.36704e-11 1.48379e-09 9.49621e-08 3.58357e-06 7.97389e-05 0.00104621 0.00809439 0.0369404 0.0995976 0.1599 0.158866 0.114427 0.0849735 0.0746853 0.0677935 0.0612056 0.0507878 0.0368293 0.0231636 0.0123419 0.00556629 0.00223133 0.000891161 0.00039633 0.000179188
 1.79581e-11 1.94918e-09 1.24747e-07 4.70756e-06 0.000104749 0.00137435 0.010633 0.0485208 0.130754 0.209378 0.205405 0.140409 0.0912965 0.0642611 0.038965 0.0205801 0.012726 0.00969564 0.00725521 0.00464462 0.00243256 0.00103193 0.000367108 0.000121475 4.08045e-05
 1.41664e-11 1.53762e-09 9.84078e-08 3.7136e-06 8.26325e-05 0.00108419 0.00838888 0.038299 0.103461 0.16772 0.174223 0.145149 0.129515 0.108357 0.0666686 0.0309456 0.0131628 0.00589345 0.00307703 0.0019189 0.00116264 0.000577957 0.000223894 6.89105e-05 1.81149e-05
 1.58079e-11 1.7158e-09 1.09811e-07 4.14392e-06 9.22074e-05 0.0012098 0.0093603 0.0427219 0.115244 0.185488 0.186462 0.139675 0.108042 0.0870888 0.0588255 0.0341429 0.0181694 0.00821925 0.00313906 0.00118179 0.000521635 0.000255268 0.000110664 3.71098e-05 9.40508e-06
 1.59759e-11 1.73403e-09 1.10977e-07 4.18795e-06 9.3187e-05 0.00122266 0.00945979 0.0431767 0.116482 0.187567 0.188949 0.142498 0.110894 0.087868 0.0556645 0.0289262 0.0146354 0.00732865 0.00332631 0.00128182 0.000420796 0.000134622 4.7169e-05 1.58981e-05 4.25764e-06
 1.66286e-11 1.80487e-09 1.15512e-07 4.35905e-06 9.69944e-05 0.00127261 0.00984614 0.0449374 0.121193 0.194845 0.19483 0.143119 0.106669 0.0824378 0.0517049 0.026405 0.0127197 0.00586943 0.00252293 0.00101649 0.000364128 0.000109308 2.83246e-05 7.03744e-06 1.6724e-06
 1.7044e-11 1.84996e-09 1.18397e-07 4.46794e-06 9.94171e-05 0.00130439 0.010092 0.0460582 0.124198 0.19953 0.198824 0.144207 0.105014 0.0795902 0.0487254 0.0237462 0.0108019 0.00476673 0.00194763 0.000734474 0.00025294 7.71474e-05 1.9883e-05 4.22684e-06 7.69504e-07
 1.69902e-11 1.84412e-09 1.18024e-07 4.45384e-06 9.91036e-05 0.00130028 0.0100602 0.045914 0.123821 0.19902 0.198762 0.145323 0.107176 0.0813763 0.0488773 0.0226087 0.00950723 0.00389729 0.00149016 0.000527917 0.000170975 4.92558e-05 1.22809e-05 2.54901e-06 4.24898e-07
 1.78918e-11 1.94199e-09 1.24287e-07 4.6902e-06 0.000104363 0.00136928 0.0105939 0.0483451 0.130317 0.208976 0.206417 0.144879 0.0992616 0.07216 0.0431848 0.0203395 0.0087049 0.00350592 0.001261 0.000411237 0.000122852 3.28767e-05 7.67051e-06 1.50855e-06 2.4043e-07
 1.79505e-11 1.94836e-09 1.24695e-07 4.70559e-06 0.000104705 0.00137377 0.0106287 0.0485042 0.130751 0.20971 0.207324 0.145976 0.100465 0.0727086 0.0423585 0.0186338 0.00726133 0.00277216 0.000987837 0.000317727 9.0254e-05 2.22886e-05 4.76546e-06 8.65484e-07 1.28934e-07
 1.85389e-11 2.01222e-09 1.28782e-07 4.85983e-06 0.000108137 0.0014188 0.0109769 0.0500908 0.134991 0.216217 0.212368 0.14582 0.095506 0.0668403 0.0386068 0.0169762 0.00655448 0.00240312 0.000795183 0.000237724 6.47764e-05 1.55149e-05 3.14732e-06 5.28598e-07 7.22324e-08
 1.87823e-11 2.03864e-09 1.30473e-07 4.92363e-06 0.000109557 0.00143742 0.011121 0.0507473 0.136749 0.218939 0.214595 0.146143 0.0940416 0.0647867 0.0368548 0.0157169 0.00578921 0.00204758 0.000663032 0.000191439 4.90332e-05 1.09427e-05 2.09761e-06 3.35775e-07 4.32317e-08
 1.9453e-11 2.11144e-09 1.35132e-07 5.09945e-06 0.000113469 0.00148875 0.0115179 0.0525562 0.141587 0.226389 0.220498 0.146384 0.0890159 0.0584707 0.0323003 0.0131488 0.00446743 0.00145557 0.00044294 0.000121728 2.99883e-05 6.41716e-06 1.16041e-06 1.73713e-07 2.10211e-08
 1.98597e-11 2.15558e-09 1.37957e-07 5.20605e-06 0.000115841 0.00151987 0.0117586 0.0536528 0.144519 0.2309 0.224048 0.146453 0.0858513 0.0545654 0.029577 0.0117057 0.00376332 0.00114096 0.000320938 8.07627e-05 1.83442e-05 3.68492e-06 6.33256e-07 9.01373e-08 1.02883e-08
 1.96045e-11 2.12788e-09 1.36184e-07 5.13917e-06 0.000114353 0.00150035 0.0116076 0.052965 0.142682 0.228092 0.221927 0.146704 0.08829 0.0573327 0.0311995 0.0122323 0.00383677 0.00112118 0.000300598 7.0673e-05 1.47417e-05 2.70034e-06 4.24887e-07 5.61758e-08 6.03697e-09
 1.98473e-11 2.15423e-09 1.37871e-07 5.20281e-06 0.000115769 0.00151892 0.0117513 0.0536196 0.144431 0.230767 0.223962 0.146511 0.0860431 0.0547577 0.0296582 0.0116862 0.00370865 0.00109194 0.000289998 6.62013e-05 1.31622e-05 2.25578e-06 3.26071e-07 3.9228e-08 3.84922e-09
 2.04245e-11 2.21688e-09 1.4188e-07 5.35411e-06 0.000119135 0.00156309 0.0120929 0.055176 0.148591 0.23716 0.228955 0.146481 0.0813492 0.0490542 0.0257844 0.00976123 0.0028712 0.000780111 0.000199732 4.53593e-05 8.97789e-06 1.50553e-06 2.08297e-07 2.34808e-08 2.12151e-09
 2.08593e-11 2.26407e-09 1.449e-07 5.46808e-06 0.000121671 0.00159636 0.0123503 0.0563483 0.151724 0.24196 0.232643 0.146255 0.0775067 0.0445618 0.0229698 0.00861152 0.00249123 0.00065489 0.000158769 3.34929e-05 6.21267e-06 1.00804e-06 1.37448e-07 1.5182e-08 1.31909e-09
 2.10384e-11 2.28352e-09 1.46145e-07 5.51504e-06 0.000122716 0.00161007 0.0124563 0.0568314 0.153016 0.243953 0.234232 0.146353 0.0762129 0.0428985 0.0217189 0.00786041 0.0020977 0.000494058 0.00011083 2.23042e-05 3.9341e-06 5.98137e-07 7.62876e-08 8.0231e-09 6.77034e-10
 2.14124e-11 2.32411e-09 1.48743e-07 5.6131e-06 0.000124898 0.00163869 0.0126777 0.05784 0.155712 0.248085 0.237418 0.146195 0.0729608 0.0390657 0.0192739 0.00681356 0.00172694 0.000371775 7.54223e-05 1.36745e-05 2.17356e-06 3.04742e-07 3.65064e-08 3.60578e-09 2.85405e-10
 2.17631e-11 2.36218e-09 1.51179e-07 5.70502e-06 0.000126944 0.00166553 0.0128852 0.0587855 0.158237 0.251952 0.240372 0.145957 0.0697764 0.0353824 0.0170194 0.00595722 0.00149055 0.000312827 6.09465e-05 1.03619e-05 1.49751e-06 1.87728e-07 2.01185e-08 1.80097e-09 1.31644e-10
 2.20186e-11 2.3899e-09 1.52953e-07 5.77198e-06 0.000128433 0.00168508 0.0130364 0.0594743 0.160078 0.254774 0.242544 0.14584 0.0675402 0.0327528 0.0153492 0.00525191 0.00125 0.000239762 4.2895e-05 6.93162e-06 9.61507e-07 1.14045e-07 1.12745e-08 9.08941e-10 5.92888e-11
 2.2362e-11 2.42718e-09 1.55339e-07 5.862e-06 0.000130436 0.00171136 0.0132396 0.0604002 0.162552 0.258561 0.245438 0.14561 0.064426 0.0291478 0.0131383 0.00440759 0.00101512 0.000182048 2.98806e-05 4.43709e-06 5.62302e-07 6.1368e-08 5.69839e-09 4.33884e-10 2.63516e-11
 2.25825e-11 2.45112e-09 1.56871e-07 5.91983e-06 0.000131723 0.00172824 0.0133702 0.0609949 0.164141 0.260995 0.247301 0.145475 0.0624442 0.026844 0.0117115 0.00384674 0.000848952 0.000138465 2.00473e-05 2.69083e-06 3.12485e-07 3.10662e-08 2.62307e-09 1.82333e-10 1.02218e-11
 2.26026e-11 2.45329e-09 1.5701e-07 5.92508e-06 0.00013184 0.00172977 0.0133821 0.0610489 0.164285 0.261217 0.247474 0.145473 0.0622796 0.0266448 0.0115773 0.0037813 0.000821288 0.000128541 1.73601e-05 2.14773e-06 2.25518e-07 1.98737e-08 1.4965e-09 9.39193e-11 4.76929e-12
#obs catch len freq
 3.74451e-11 3.47028e-09 1.89636e-07 6.11034e-06 0.000116092 0.0013006 0.00859391 0.0335308 0.0777293 0.110516 0.11091 0.110919 0.12571 0.126258 0.107311 0.0821107 0.0544492 0.0299905 0.013674 0.0050528 0.00145446 0.000313562 4.86842e-05 5.23381e-06 3.76085e-07
 5.55147e-11 4.96221e-09 2.61535e-07 8.12778e-06 0.000148938 0.00160933 0.0102561 0.0385921 0.086246 0.117992 0.113128 0.107387 0.118295 0.120484 0.10667 0.0825972 0.0524924 0.0269728 0.0115848 0.00411812 0.00114481 0.000234823 3.40024e-05 3.3603e-06 2.20512e-07
 3.90896e-11 3.36418e-09 1.7072e-07 5.10834e-06 9.01311e-05 0.000937828 0.00575862 0.0209416 0.0459479 0.0664267 0.0837803 0.119818 0.157477 0.159478 0.133366 0.0980639 0.0602738 0.0300062 0.012258 0.00407619 0.00105996 0.000204613 2.788e-05 2.57377e-06 1.56238e-07
 1.96254e-11 1.62361e-09 7.92017e-08 2.27813e-06 3.86401e-05 0.000386578 0.00228469 0.00803986 0.0175356 0.0280328 0.0467254 0.0854783 0.133806 0.172795 0.186926 0.156042 0.0950646 0.0438925 0.0164351 0.00505082 0.00121715 0.000217366 2.74124e-05 2.34659e-06 1.32128e-07
 3.50192e-10 2.78068e-08 1.30192e-06 3.5942e-05 0.000585069 0.00561566 0.0317825 0.106072 0.208829 0.243006 0.169027 0.0753463 0.0319326 0.0273765 0.0320658 0.0301876 0.0210284 0.0110375 0.0043996 0.00132121 0.000295674 4.8303e-05 5.56886e-06 4.36621e-07 2.25595e-08
 2.23713e-10 1.70252e-08 7.63973e-07 2.02141e-05 0.000315377 0.00290178 0.0157564 0.0506759 0.0983751 0.125884 0.139683 0.170901 0.180577 0.12703 0.0568258 0.0186952 0.00688571 0.00335223 0.00149425 0.000492456 0.000113625 1.80202e-05 1.93752e-06 1.3904e-07 6.54017e-09
 4.90055e-10 3.56952e-08 1.53307e-06 3.8824e-05 0.000579736 0.00510467 0.0265095 0.0812833 0.147986 0.164688 0.127771 0.0989729 0.095827 0.0941634 0.0794136 0.049997 0.0208731 0.00556593 0.00102472 0.000166342 2.84914e-05 4.25901e-06 4.49669e-07 3.10398e-08 1.36932e-09
 7.19742e-10 5.01133e-08 2.05739e-06 4.98043e-05 0.000710906 0.00598387 0.0297123 0.0871988 0.152771 0.167831 0.140039 0.124399 0.114246 0.0843977 0.0500893 0.026083 0.011485 0.00388039 0.000942353 0.000158558 1.85628e-05 1.62012e-06 1.14751e-07 6.4631e-09 2.59531e-10
 9.43983e-10 6.27526e-08 2.45972e-06 5.68499e-05 0.000774765 0.00622662 0.0295262 0.0828396 0.139485 0.15089 0.133117 0.130634 0.125781 0.0963743 0.0595551 0.0299036 0.0111915 0.00296375 0.000577605 8.84915e-05 1.05713e-05 9.1443e-07 5.40958e-08 2.16669e-09 5.99404e-11
 1.57389e-09 9.97808e-08 3.72997e-06 8.22154e-05 0.00106855 0.00818983 0.0370333 0.0990385 0.15861 0.161565 0.13061 0.116947 0.108111 0.0838478 0.0538537 0.0276143 0.0102499 0.00262853 0.000475705 6.33775e-05 6.34031e-06 4.71631e-07 2.53646e-08 9.48383e-10 2.36974e-11
 1.9971e-09 1.2062e-07 4.29564e-06 9.0204e-05 0.00111693 0.00815653 0.0351587 0.0898537 0.139226 0.144666 0.134886 0.140181 0.129602 0.0914284 0.0516226 0.023635 0.00806341 0.0019334 0.000329333 4.11798e-05 3.79942e-06 2.52664e-07 1.17962e-08 3.79231e-10 8.25267e-12
 3.38764e-09 1.94734e-07 6.60041e-06 0.000131914 0.00155458 0.0108044 0.0443169 0.107688 0.158017 0.15289 0.12842 0.12226 0.11092 0.081826 0.049227 0.0228001 0.00732851 0.00155893 0.000224231 2.31463e-05 1.797e-06 1.04468e-07 4.36992e-09 1.26247e-10 2.44425e-12
 4.77402e-09 2.60948e-07 8.4103e-06 0.000159831 0.0017911 0.0118381 0.0461985 0.107059 0.151517 0.147858 0.135698 0.136799 0.118295 0.0780503 0.0412241 0.0171814 0.00513137 0.00103381 0.000141333 1.361e-05 9.46398e-07 4.7273e-08 1.66522e-09 4.07006e-11 6.79123e-13
 7.27582e-09 3.77843e-07 1.15699e-05 0.0002089 0.00222413 0.0139668 0.0517941 0.114131 0.15407 0.145073 0.130999 0.130497 0.113007 0.0773032 0.0426548 0.0178426 0.00511949 0.000964303 0.00012122 1.06456e-05 6.75647e-07 3.08748e-08 9.88166e-10 2.15591e-11 3.14442e-13
 1.20842e-08 5.95764e-07 1.73188e-05 0.000296862 0.00300057 0.0178885 0.0629812 0.131789 0.169084 0.15164 0.130439 0.122748 0.0992963 0.0627309 0.0318328 0.012318 0.00328792 0.000575946 6.69108e-05 5.37534e-06 3.09089e-07 1.27316e-08 3.67024e-10 7.2229e-12 9.51615e-14
 1.49049e-08 6.9713e-07 1.92259e-05 0.000312648 0.0029982 0.0169629 0.0567524 0.11359 0.143624 0.139907 0.143629 0.146597 0.116354 0.0699416 0.0334954 0.0121939 0.00305903 0.000503388 5.48507e-05 4.11487e-06 2.19268e-07 8.29217e-09 2.17523e-10 3.86767e-12 4.5834e-14
 2.81362e-08 1.24772e-06 3.26252e-05 0.00050302 0.0045734 0.0245278 0.0777249 0.146733 0.171684 0.145748 0.124601 0.114836 0.0904548 0.0570227 0.0284568 0.0102602 0.00243543 0.000367036 3.55624e-05 2.31268e-06 1.05955e-07 3.49334e-09 8.16343e-11 1.31203e-12 1.41262e-14
 3.273e-08 1.37544e-06 3.40822e-05 0.000497984 0.00429113 0.0218232 0.0657458 0.119482 0.14204 0.141868 0.153049 0.149636 0.108052 0.0583878 0.0249683 0.00805586 0.00178279 0.000257972 2.45698e-05 1.59064e-06 7.16923e-08 2.24145e-09 4.76358e-11 6.76615e-13 6.37015e-15
 5.88828e-08 2.34395e-06 5.5017e-05 0.000761455 0.00621493 0.0299297 0.085268 0.145578 0.158102 0.134895 0.124339 0.117906 0.0940163 0.0605456 0.0297643 0.0100794 0.002205 0.000309001 2.85314e-05 1.80602e-06 8.00916e-08 2.4651e-09 5.13519e-11 7.08305e-13 6.37401e-15
 8.15749e-08 3.07497e-06 6.83462e-05 0.000895767 0.00692402 0.0315922 0.0854513 0.139871 0.151569 0.141347 0.14289 0.130352 0.0905945 0.0491203 0.0210616 0.00661545 0.00141796 0.000204563 2.02306e-05 1.38709e-06 6.51192e-08 2.04515e-09 4.22279e-11 5.68159e-13 4.95053e-15
 1.28207e-07 4.57527e-06 9.62751e-05 0.00119459 0.00874192 0.0377629 0.096712 0.149932 0.15402 0.136558 0.132655 0.119486 0.0854637 0.0485787 0.0210495 0.00632488 0.0012449 0.000160713 1.4139e-05 8.83089e-07 3.95166e-08 1.23464e-09 2.59758e-11 3.57337e-13 3.14882e-15
 1.75642e-07 5.93327e-06 0.000118182 0.00138812 0.00961696 0.0393509 0.0957098 0.142597 0.147089 0.140967 0.144341 0.126179 0.0842751 0.0443117 0.0178879 0.0050751 0.000956844 0.000119844 1.02611e-05 6.14292e-07 2.56433e-08 7.32506e-10 1.40619e-11 1.79003e-13 1.49121e-15
 2.62704e-07 8.39966e-06 0.000158362 0.00176061 0.0115459 0.0447301 0.10311 0.146247 0.145808 0.13811 0.139614 0.120864 0.0816827 0.0435241 0.0172605 0.0046562 0.00081786 9.4335e-05 7.41144e-06 4.09681e-07 1.59802e-08 4.30085e-10 7.77255e-12 9.23495e-14 7.10276e-16
 4.01761e-07 1.21589e-05 0.000216978 0.0022833 0.0141739 0.0519908 0.113599 0.153438 0.147872 0.137751 0.135463 0.112847 0.0735855 0.0378426 0.0144373 0.00376058 0.000646602 7.43166e-05 5.86617e-06 3.21617e-07 1.20997e-08 3.06067e-10 5.12542e-12 5.62335e-14 4.00206e-16
 5.8624e-07 1.67941e-05 0.000283683 0.00282584 0.0166069 0.0576983 0.119693 0.155029 0.147722 0.140098 0.136179 0.108698 0.0673023 0.0327102 0.0117422 0.00287388 0.000465373 5.06878e-05 3.82912e-06 2.03121e-07 7.45366e-09 1.84299e-10 3.00148e-12 3.16644e-14 2.13621e-16
 8.27219e-07 2.24334e-05 0.000358732 0.00338296 0.0188243 0.0619723 0.122228 0.152634 0.145851 0.142724 0.138127 0.107006 0.0641034 0.029906 0.0101529 0.00232065 0.000347643 3.47625e-05 2.4022e-06 1.16953e-07 3.97393e-09 9.19265e-11 1.41331e-12 1.41705e-14 9.12264e-17
 1.14766e-06 2.94668e-05 0.000446127 0.00398341 0.0209913 0.0655091 0.123012 0.148812 0.143895 0.145431 0.140008 0.10607 0.0622305 0.028175 0.00913045 0.00197001 0.000277088 2.59089e-05 1.664e-06 7.46797e-08 2.3217e-09 4.89309e-11 6.85274e-13 6.27969e-15 3.71506e-17
 1.64566e-06 4.00094e-05 0.00057358 0.0048497 0.024205 0.0716042 0.127925 0.149317 0.143692 0.14568 0.137355 0.101433 0.0581627 0.0254692 0.00786007 0.00160026 0.000211675 1.85897e-05 1.11902e-06 4.68782e-08 1.35297e-09 2.63199e-11 3.3839e-13 2.83351e-15 1.52662e-17
#spawning biomass
 40464 34774.3 23693.3 16496.1 18235.2 25328.9 32670 41354 51223 60375.8 57031.2 64918.3 65484.8 72282.4 81763.2 76466.5 81149.4 89614.9 94285 84358.4 101443 99685 87583.3 98097 102801 111235 111411 122807 175013 344338 368928 343220 294698 242375 195962 158822 130934 110863 96843.9 87260.3 80812.6 76526.1 73690.7 71798.9 70591 69819.7 69327.3 69012.9 68812.1 68683.9 68602.1 68549.8 68516.4 68495.1 68481.5 68472.9 68467.3 68463.8 68461.5 68460.1 68459.1 68458.5 68458.2 68457.9 68457.8 68457.7 68457.6 68457.6 68457.6 68457.5 68457.5 68457.5 68457.5 68457.5 68457.5 68457.5 68457.5 68457.5 68457.5 68457.5 68457.5 68457.5 68457.5 68457.5 68457.5 68457.5 68457.5 68457.5 68457.5 68457.5 68457.5 68457.5 68457.5 68457.5 68457.5 68457.5 68457.5 68457.5 68457.5 68457.5 68457.5 68457.5 68457.5 68457.5 68457.5 68457.5 68457.5 68457.5 68457.5 68457.5 68457.5 68457.5 68457.5 68457.5 68457.5 68457.5 68457.5 68457.5 68457.5 68457.5 68457.5 68457.5 68457.5 68457.5 68457.5 68457.5 68457.5 68457.5 0 0 0 0 0 0 0 0 0 0 0 0 0 0 0 0 0 0 0 0 0 0 0 0 0
