SBPRF35
0.819782
Curr Bio
169336
B35
715164
F35
0.205853
FOFL
0.0760365
OFL
17359.3
Bzero
234224
#pred survey bio
 5695.81 6604.75 7981.48 10804.1 14632.3 16686.4 17277.8 21078.3 33384.7 49551.6 61086 78186.4 93900.7 117028 128492 101802 97153.2 100770 94911.5 92452.1 97340.5 99499.8 104266 103173 116637 121244 129482 173597 1.01857e+07 9.62968e+06 1.02699e+07 9.72089e+06 8.57501e+06 7.26963e+06 6.05035e+06 5.02137e+06 4.20395e+06 3.57918e+06 3.11353e+06 2.77206e+06 2.52407e+06 2.3446e+06 2.21346e+06 2.11678e+06 2.04801e+06 1.99861e+06 1.96275e+06 1.93645e+06 1.91693e+06 1.9023e+06 1.89122e+06 1.88274e+06 1.8762e+06 1.87111e+06 1.86711e+06 1.86396e+06 1.86145e+06 1.85945e+06 1.85785e+06 1.85656e+06 1.85552e+06 1.85468e+06 1.85399e+06 1.85344e+06 1.85299e+06 1.85262e+06 1.85232e+06 1.85208e+06 1.85188e+06 1.85172e+06 1.85158e+06 1.85148e+06 1.85139e+06 1.85131e+06 1.85125e+06 1.85121e+06 1.85117e+06 1.85113e+06 1.85111e+06 1.85109e+06 1.85107e+06 1.85105e+06 1.85104e+06 1.85103e+06 1.85102e+06 1.85102e+06 1.85101e+06 1.85101e+06 1.851e+06 1.851e+06 1.851e+06 1.851e+06 1.85099e+06 1.85099e+06 1.85099e+06 1.85099e+06 1.85099e+06 1.85099e+06 1.85099e+06 1.85099e+06 1.85099e+06 1.85099e+06 1.85099e+06 1.85099e+06 1.85099e+06 1.85099e+06 1.85099e+06 1.85099e+06 1.85099e+06 1.85099e+06 1.85099e+06 1.85099e+06 1.85099e+06 1.85099e+06 1.85099e+06 1.85099e+06 1.85099e+06 1.85099e+06 1.85099e+06 1.85099e+06 1.85099e+06 1.85099e+06 1.85099e+06 1.85099e+06 1.85099e+06 1.85099e+06 1.85099e+06 1.85099e+06 0 0 0 0 0 0 0 0 0 0 0 0 0 0 0 0 0 0 0 0 0 0 0 0 0
#obs survey bio
 5003.87 5296.32 7323.28 15844.5 16492.4 17327.9 18983.8 24414.3 38709.7 70678.7 86095.1 71440.2 91681.8 143650 133392 100060 89563 84367.3 101009 91456.9 129675 98544.4 109226 149207 86587.5 127180 118770 169046
#pred catch bio
 3733.85 5065.78 6094.66 7871.69 10773.8 12807.5 13858.5 15816.6 24322.1 38769.3 48129.4 64640.9 75050.5 92030.1 111389 85853.9 81783.7 88698.7 83483.4 80118 85459.7 87231.3 95123.6 91217 105564 108153 107281 95659 17359.3 77063.8 81616.6 76488.8 66611 55602 45471.2 37045.3 30461.2 25526.4 21934.5 19374.9 17579 16332.4 15468.4 14871.3 14473.4 14208.3 14031.6 13913.8 13835.3 13783 13748.2 13724.9 13709.5 13699.2 13692.3 13687.7 13684.7 13682.6 13681.3 13680.4 13679.8 13679.4 13679.1 13678.9 13678.8 13678.7 13678.7 13678.6 13678.6 13678.6 13678.6 13678.6 13678.6 13678.6 13678.6 13678.6 13678.6 13678.6 13678.6 13678.6 13678.6 13678.6 13678.6 13678.6 13678.6 13678.6 13678.6 13678.6 13678.6 13678.6 13678.6 13678.6 13678.6 13678.6 13678.6 13678.6 13678.6 13678.6 13678.6 13678.6 13678.6 13678.6 13678.6 13678.6 13678.6 13678.6 13678.6 13678.6 13678.6 13678.6 13678.6 13678.6 13678.6 13678.6 13678.6 13678.6 13678.6 13678.6 13678.6 13678.6 13678.6 13678.6 13678.6 13678.6 13678.6 13678.6 13678.6 13678.6 0 0 0 0 0 0 0 0 0 0 0 0 0 0 0 0 0 0 0 0 0 0 0 0 0
#obs catch bio
 5032.09 5178.31 6116.78 7504.44 10216.8 12740.6 13738.9 15322 23348.3 36917.7 46359.5 62456.1 72467.9 88836 110523 85578.7 79879.5 89220.7 81811.8 78944.4 82239.8 84190.4 92841.1 87731.3 103612 105144 104433 94733.3
#pred cpue bio
 5108.26 5701.38 6697.57 9080.36 12512.6 14598.7 14850.8 17388.7 27645.4 41948.5 51534.9 65396.6 78395.6 98658.1 111506 87410.4 82378.2 85003.2 79983.1 77457.9 81385.5 83222.2 86795.1 85102.5 96266.4 100316 107274 142609 9.10115e+06 9.59797e+06 1.02382e+07 9.68917e+06 8.54329e+06 7.23792e+06 6.01864e+06 4.98965e+06 4.17224e+06 3.54747e+06 3.08182e+06 2.74034e+06 2.49235e+06 2.31288e+06 2.18175e+06 2.08506e+06 2.0163e+06 1.9669e+06 1.93104e+06 1.90473e+06 1.88522e+06 1.87059e+06 1.85951e+06 1.85103e+06 1.84449e+06 1.83939e+06 1.8354e+06 1.83224e+06 1.82974e+06 1.82774e+06 1.82613e+06 1.82484e+06 1.8238e+06 1.82296e+06 1.82228e+06 1.82173e+06 1.82128e+06 1.82091e+06 1.82061e+06 1.82037e+06 1.82017e+06 1.82e+06 1.81987e+06 1.81976e+06 1.81967e+06 1.8196e+06 1.81954e+06 1.81949e+06 1.81945e+06 1.81942e+06 1.81939e+06 1.81937e+06 1.81935e+06 1.81934e+06 1.81933e+06 1.81932e+06 1.81931e+06 1.8193e+06 1.8193e+06 1.81929e+06 1.81929e+06 1.81929e+06 1.81928e+06 1.81928e+06 1.81928e+06 1.81928e+06 1.81928e+06 1.81928e+06 1.81928e+06 1.81928e+06 1.81927e+06 1.81927e+06 1.81927e+06 1.81927e+06 1.81927e+06 1.81927e+06 1.81927e+06 1.81927e+06 1.81927e+06 1.81927e+06 1.81927e+06 1.81927e+06 1.81927e+06 1.81927e+06 1.81927e+06 1.81927e+06 1.81927e+06 1.81927e+06 1.81927e+06 1.81927e+06 1.81927e+06 1.81927e+06 1.81927e+06 1.81927e+06 1.81927e+06 1.81927e+06 1.81927e+06 1.81927e+06 1.81927e+06 1.81927e+06 0 0 0 0 0 0 0 0 0 0 0 0 0 0 0 0 0 0 0 0 0 0 0 0 0
#obs cpue bio
 5265.61 5117.68 7269.02 19585.5 23895.6 10388.8 19385 25109.5 49803.2 61500.6 65324.4 112313 142460 129219 111986 93102.1 136381 82667.8 115695 95992.8 125489 140929 118329 114708 156334 156344 183811 161377
#pred surv len freq
 2.56645e-27 2.59718e-27 4.089e-26 8.08612e-20 1.98222e-14 5.87366e-10 2.10385e-06 0.000910885 0.0476724 0.301589 0.23089 0.0378825 0.126131 0.116496 0.0287196 0.0365405 0.0167316 0.0142971 0.00950071 0.00770157 0.00635561 0.00571228 0.00590684 0.00532592 0.00163469
 2.56794e-27 2.60089e-27 4.3754e-26 8.69015e-20 2.13029e-14 6.31242e-10 2.261e-06 0.000978928 0.0512336 0.324118 0.248138 0.0407226 0.135629 0.124919 0.0243041 0.0241164 0.00936458 0.00589288 0.00317666 0.0021456 0.00152806 0.00121375 0.00113412 0.00103439 0.000349116
 2.56918e-27 2.60417e-27 4.6509e-26 9.27129e-20 2.27275e-14 6.73455e-10 2.4122e-06 0.00104439 0.0546597 0.345792 0.264695 0.0411327 0.127117 0.116926 0.0204535 0.0172575 0.00591256 0.00259561 0.00106767 0.000528201 0.000290238 0.000190446 0.000153281 0.000133932 4.70665e-05
 2.56899e-27 2.6036e-27 4.59686e-26 9.15727e-20 2.24479e-14 6.65173e-10 2.38254e-06 0.00103155 0.0539875 0.34154 0.261456 0.0416451 0.133293 0.122573 0.0205172 0.01596 0.0051911 0.00184094 0.000604209 0.000203473 7.47797e-05 3.50932e-05 2.22143e-05 1.73841e-05 6.10849e-06
 2.56798e-27 2.60089e-27 4.35955e-26 8.65665e-20 2.12207e-14 6.28808e-10 2.25229e-06 0.000975154 0.051036 0.322868 0.247206 0.0421266 0.146969 0.135251 0.0238319 0.0203266 0.00648963 0.00208149 0.000616696 0.000161252 3.89307e-05 1.09863e-05 4.5366e-06 2.8485e-06 9.5908e-07
 2.56651e-27 2.59695e-27 4.01552e-26 7.93091e-20 1.94417e-14 5.76092e-10 2.06346e-06 0.000893401 0.0467574 0.2958 0.226547 0.0427558 0.166272 0.153146 0.0284817 0.0264468 0.00865496 0.00309242 0.000892969 0.000208127 3.98287e-05 6.973e-06 1.48438e-06 5.96966e-07 1.79966e-07
 2.56775e-27 2.60035e-27 4.32112e-26 8.5756e-20 2.10221e-14 6.22921e-10 2.2312e-06 0.000966024 0.0505582 0.319845 0.244888 0.0414963 0.143801 0.13248 0.026083 0.026193 0.0088019 0.00349917 0.00106405 0.000267468 4.71655e-05 6.46572e-06 7.43926e-07 1.3395e-07 3.07819e-08
 2.57002e-27 2.60643e-27 4.85034e-26 9.69202e-20 2.37588e-14 7.04016e-10 2.52167e-06 0.00109179 0.0571401 0.361484 0.276669 0.0406568 0.115083 0.105812 0.0183267 0.0152015 0.00523623 0.00230611 0.000739898 0.000205417 3.91691e-05 5.20579e-06 4.42784e-07 3.3072e-08 3.94538e-09
 2.56977e-27 2.60568e-27 4.779e-26 9.54149e-20 2.33898e-14 6.93082e-10 2.4825e-06 0.00107483 0.0562527 0.35587 0.272392 0.0412621 0.122695 0.11276 0.0181899 0.0131167 0.00424106 0.00147415 0.000485508 0.000148332 3.11115e-05 4.53037e-06 3.76996e-07 1.77959e-08 7.73032e-10
 2.56856e-27 2.60242e-27 4.49108e-26 8.93411e-20 2.19009e-14 6.48962e-10 2.32447e-06 0.00100641 0.0526718 0.333216 0.255106 0.0419967 0.14043 0.129162 0.0217522 0.0171066 0.0053651 0.00157662 0.000458579 0.00011807 2.65473e-05 4.29643e-06 3.94283e-07 1.75124e-08 3.84536e-10
 2.56878e-27 2.60303e-27 4.54724e-26 9.0526e-20 2.21914e-14 6.57569e-10 2.3553e-06 0.00101976 0.0533704 0.337636 0.258475 0.0416784 0.13564 0.124773 0.0215337 0.017721 0.00566988 0.00183678 0.00050928 0.000110053 2.05262e-05 3.26428e-06 3.34646e-07 1.62562e-08 3.08241e-10
 2.56925e-27 2.60431e-27 4.65944e-26 9.28929e-20 2.27716e-14 6.74763e-10 2.41689e-06 0.00104642 0.0547658 0.346464 0.265212 0.0414328 0.129038 0.118658 0.0200308 0.0158341 0.00511948 0.00175248 0.000505955 0.000116246 1.90908e-05 2.47222e-06 2.37699e-07 1.27172e-08 2.57773e-10
 2.56931e-27 2.60444e-27 4.66772e-26 9.30673e-20 2.28143e-14 6.76029e-10 2.42142e-06 0.00104838 0.0548686 0.347114 0.265713 0.0417082 0.130782 0.1202 0.0190954 0.0133059 0.00424921 0.00138808 0.000406941 9.88983e-05 1.72547e-05 2.10077e-06 1.64167e-07 8.12913e-09 1.77796e-10
 2.56878e-27 2.603e-27 4.54085e-26 9.0391e-20 2.21583e-14 6.56589e-10 2.35179e-06 0.00101824 0.0532908 0.337132 0.258096 0.0420016 0.138367 0.127224 0.0208005 0.0154203 0.00479873 0.00135561 0.000383619 9.03249e-05 1.6404e-05 2.12227e-06 1.59496e-07 6.54929e-09 1.32689e-10
 2.56701e-27 2.59821e-27 4.11925e-26 8.1497e-20 1.9978e-14 5.91984e-10 2.12039e-06 0.000918047 0.0480472 0.30396 0.232783 0.0430794 0.164353 0.151243 0.0257564 0.0206855 0.00652842 0.00197411 0.000536157 0.000111214 1.92974e-05 2.53082e-06 2.01208e-07 7.94966e-09 1.37025e-10
 2.56771e-27 2.60013e-27 4.28984e-26 8.50959e-20 2.08602e-14 6.18126e-10 2.21402e-06 0.000958588 0.050169 0.317383 0.243024 0.0425048 0.152785 0.140578 0.0240458 0.0194752 0.00626106 0.00207998 0.000584237 0.000126278 1.99547e-05 2.39631e-06 1.90178e-07 7.84356e-09 1.29589e-10
 2.56847e-27 2.6022e-27 4.47263e-26 8.89519e-20 2.18055e-14 6.46135e-10 2.31435e-06 0.00100202 0.0524423 0.331765 0.253997 0.0419937 0.141186 0.129867 0.022001 0.0175066 0.00563783 0.00189438 0.000550895 0.000129614 2.14596e-05 2.47204e-06 1.77275e-07 7.20282e-09 1.22337e-10
 2.56875e-27 2.60293e-27 4.53493e-26 9.0266e-20 2.21276e-14 6.55681e-10 2.34854e-06 0.00101683 0.0532171 0.336666 0.25774 0.0420048 0.138641 0.127475 0.0207828 0.0153258 0.00490739 0.00161505 0.000470474 0.000112967 2.00514e-05 2.46899e-06 1.73743e-07 6.44747e-09 1.0687e-10
 2.56877e-27 2.60295e-27 4.53392e-26 9.02448e-20 2.21224e-14 6.55527e-10 2.34799e-06 0.00101659 0.0532046 0.336587 0.257684 0.0422786 0.140764 0.129375 0.0200572 0.013185 0.00414053 0.00124716 0.000356799 8.43333e-05 1.51547e-05 1.97245e-06 1.49323e-07 5.49377e-09 8.44501e-11
 2.5691e-27 2.60384e-27 4.61252e-26 9.19027e-20 2.25288e-14 6.6757e-10 2.39112e-06 0.00103527 0.054182 0.342771 0.262401 0.0420143 0.135439 0.124472 0.0193976 0.0129091 0.00396652 0.00104933 0.000286029 6.26506e-05 1.09975e-05 1.43563e-06 1.14257e-07 4.49769e-09 6.89355e-11
 2.56921e-27 2.60414e-27 4.63956e-26 9.24732e-20 2.26687e-14 6.71713e-10 2.40596e-06 0.00104169 0.0545183 0.344898 0.264025 0.0419342 0.133689 0.122857 0.019107 0.0126532 0.0038962 0.00104301 0.000273302 5.31207e-05 8.61845e-06 1.06979e-06 8.49583e-08 3.50235e-09 5.69434e-11
 2.56918e-27 2.60405e-27 4.63054e-26 9.22828e-20 2.2622e-14 6.70331e-10 2.40101e-06 0.00103955 0.0544061 0.344188 0.263484 0.042042 0.134888 0.123945 0.0189589 0.012041 0.00370116 0.000985612 0.000259066 5.02109e-05 7.45253e-06 8.28828e-07 6.15991e-08 2.52147e-09 4.27481e-11
 2.56944e-27 2.60476e-27 4.69359e-26 9.3613e-20 2.29481e-14 6.79993e-10 2.43562e-06 0.00105453 0.0551903 0.349149 0.267269 0.0418176 0.130521 0.119925 0.018422 0.0118267 0.00361026 0.000918557 0.000239483 4.62564e-05 6.86479e-06 7.19404e-07 4.74015e-08 1.7971e-09 3.01402e-11
 2.5699e-27 2.60598e-27 4.79969e-26 9.58513e-20 2.34968e-14 6.96252e-10 2.49386e-06 0.00107974 0.0565099 0.357497 0.273641 0.0416612 0.124855 0.114657 0.016797 0.00944605 0.00288008 0.000740977 0.000190923 3.5456e-05 5.21383e-06 5.44236e-07 3.41228e-08 1.15264e-09 1.78266e-11
 2.56987e-27 2.60591e-27 4.7933e-26 9.57165e-20 2.34637e-14 6.95272e-10 2.49035e-06 0.00107823 0.0564305 0.356995 0.273257 0.0416481 0.125024 0.114824 0.0170156 0.00989889 0.00296056 0.000662063 0.000167416 3.12488e-05 4.47172e-06 4.54934e-07 2.82599e-08 9.08962e-10 1.26355e-11
 2.56973e-27 2.60552e-27 4.75824e-26 9.49768e-20 2.32824e-14 6.899e-10 2.4711e-06 0.00106989 0.0559944 0.354236 0.271153 0.0418444 0.127996 0.117544 0.0170965 0.00939938 0.00282083 0.000652534 0.000159741 2.64526e-05 3.72252e-06 3.7325e-07 2.24934e-08 7.1106e-10 9.40185e-12
 2.56967e-27 2.60537e-27 4.74525e-26 9.47028e-20 2.32152e-14 6.87909e-10 2.46398e-06 0.00106681 0.0558329 0.353214 0.270373 0.0418118 0.128297 0.11784 0.0174767 0.0101908 0.00303888 0.000663184 0.000162191 2.73457e-05 3.55805e-06 3.31322e-07 1.96227e-08 6.03018e-10 7.78435e-12
 2.57014e-27 2.60667e-27 4.86438e-26 9.72161e-20 2.38313e-14 7.06166e-10 2.52937e-06 0.00109512 0.0573146 0.362588 0.27752 0.0411571 0.118293 0.108678 0.0171124 0.0116685 0.00351989 0.000816076 0.00019866 3.19291e-05 4.17344e-06 3.74405e-07 2.03078e-08 6.03426e-10 7.58519e-12
#obs surv len freq
 1.6412e-41 2.27787e-33 3.8216e-26 7.75013e-20 1.89985e-14 5.62961e-10 2.01644e-06 0.000873047 0.0456918 0.28906 0.221465 0.0442957 0.164499 0.139809 0.0432241 0.0350114 0.0113097 0.0038269 0.000819844 0.000106225 6.02918e-06 1.07985e-07 4.52743e-10 3.57026e-13 4.58862e-17
 1.90721e-41 2.64708e-33 4.44102e-26 9.00631e-20 2.20779e-14 6.54208e-10 2.34327e-06 0.00101455 0.0530977 0.335912 0.257252 0.0440349 0.131971 0.106152 0.033641 0.0256438 0.00812039 0.00259053 0.000508516 5.74555e-05 2.70156e-06 3.7945e-08 1.19428e-10 6.87645e-14 6.34861e-18
 1.93111e-41 2.68025e-33 4.49668e-26 9.11918e-20 2.23546e-14 6.62408e-10 2.37264e-06 0.00102727 0.0537632 0.340122 0.26055 0.0470727 0.140736 0.105876 0.0267371 0.0170204 0.00521918 0.0015621 0.000282981 2.77558e-05 1.06869e-06 1.16896e-08 2.75841e-11 1.16036e-14 7.70363e-19
 1.96272e-41 2.72412e-33 4.57028e-26 9.26845e-20 2.27205e-14 6.7325e-10 2.41147e-06 0.00104408 0.0546432 0.345689 0.264865 0.0487695 0.139298 0.0987611 0.0264537 0.0156554 0.00373071 0.000922178 0.000151813 1.29371e-05 4.06298e-07 3.43549e-09 6.05335e-12 1.86008e-15 8.8932e-20
 1.76072e-41 2.44376e-33 4.09991e-26 8.31455e-20 2.03821e-14 6.0396e-10 2.16329e-06 0.000936628 0.0490194 0.310112 0.237892 0.0549361 0.176386 0.117378 0.0313005 0.0171151 0.00399047 0.000822959 0.000101801 7.17326e-06 1.83052e-07 1.19482e-09 1.56707e-12 3.50987e-16 1.20831e-20
 1.44883e-41 2.01088e-33 3.37368e-26 6.84175e-20 1.67717e-14 4.96977e-10 1.78009e-06 0.000770718 0.0403363 0.255182 0.19622 0.0624966 0.221109 0.140306 0.049443 0.0269798 0.00592171 0.00111379 0.00011421 5.83609e-06 1.12632e-07 5.62109e-10 5.49053e-13 8.9632e-17 2.22036e-21
 2.08499e-41 2.89383e-33 4.855e-26 9.84584e-20 2.41359e-14 7.15192e-10 2.5617e-06 0.00110913 0.0580473 0.367225 0.281457 0.0502997 0.112666 0.069326 0.0346259 0.0192181 0.00501592 0.000921214 8.23309e-05 3.28309e-06 4.45153e-08 1.58084e-10 1.12689e-13 1.33904e-17 2.39043e-22
 1.98611e-41 2.7566e-33 4.62476e-26 9.37892e-20 2.29913e-14 6.81275e-10 2.44022e-06 0.00105653 0.0552946 0.349812 0.268506 0.0601919 0.151735 0.0817226 0.019186 0.00889164 0.00295085 0.000595611 5.37366e-05 1.79086e-06 1.803e-08 4.40809e-11 2.15645e-14 1.80182e-18 2.29263e-23
 2.01198e-41 2.7925e-33 4.685e-26 9.50108e-20 2.32908e-14 6.90149e-10 2.472e-06 0.00107029 0.0560147 0.354369 0.272116 0.0618992 0.145714 0.0748813 0.0231635 0.00888351 0.00155636 0.000299575 2.97544e-05 9.43849e-07 7.71649e-09 1.37204e-11 4.61088e-15 2.60661e-19 2.26846e-24
 1.72671e-41 2.39656e-33 4.02072e-26 8.15395e-20 1.99884e-14 5.92294e-10 2.1215e-06 0.000918537 0.0480725 0.304127 0.234385 0.0762179 0.199265 0.095453 0.0288291 0.0105179 0.00195499 0.000238448 1.75866e-05 5.44403e-07 3.99971e-09 5.67451e-12 1.39549e-15 5.49615e-20 3.25811e-25
 2.02043e-41 2.80422e-33 4.70466e-26 9.54097e-20 2.33886e-14 6.93046e-10 2.48238e-06 0.00107478 0.0562499 0.355859 0.273626 0.066669 0.139326 0.0662286 0.0289359 0.010066 0.00175263 0.000198955 1.03499e-05 2.20835e-07 1.37469e-09 1.65865e-12 3.23862e-16 9.52208e-21 4.03726e-26
 1.84901e-41 2.5663e-33 4.3055e-26 8.73146e-20 2.14042e-14 6.34244e-10 2.27176e-06 0.000983593 0.0514774 0.325671 0.251351 0.08168 0.180316 0.0755384 0.0231682 0.00793674 0.00168895 0.000178215 7.90095e-06 1.19337e-07 4.96916e-10 4.52333e-13 7.05441e-17 1.63282e-21 5.26703e-27
 1.92252e-41 2.66833e-33 4.47667e-26 9.0786e-20 2.22551e-14 6.5946e-10 2.36208e-06 0.0010227 0.053524 0.33862 0.261397 0.0809945 0.160972 0.0673161 0.0270801 0.00766744 0.00125938 0.000138616 5.85466e-06 7.11173e-08 2.09226e-10 1.26309e-13 1.36624e-17 2.33559e-22 5.72686e-28
 1.62068e-41 2.2494e-33 3.77383e-26 7.65326e-20 1.87611e-14 5.55925e-10 1.99123e-06 0.000862135 0.0451207 0.285469 0.222261 0.104424 0.217105 0.0837573 0.0305974 0.00877456 0.00149476 0.000127599 4.76626e-06 5.18764e-08 1.20622e-10 5.2133e-14 3.80696e-18 4.35484e-23 7.34544e-29
 1.48235e-41 2.05741e-33 3.45173e-26 7.00004e-20 1.71598e-14 5.08475e-10 1.82128e-06 0.000788549 0.0412696 0.261113 0.204559 0.113214 0.224098 0.0940352 0.0467557 0.012105 0.0018995 0.000154896 4.65333e-06 4.05055e-08 7.80251e-11 2.65224e-14 1.42369e-18 1.13966e-23 1.30727e-29
 1.71656e-41 2.38247e-33 3.99709e-26 8.10602e-20 1.9871e-14 5.88813e-10 2.10903e-06 0.000913138 0.04779 0.302365 0.235849 0.103171 0.177246 0.0764702 0.0415474 0.0123716 0.00211791 0.000152149 3.96639e-06 2.73445e-08 3.99359e-11 1.04955e-14 4.35224e-19 2.61795e-24 2.18287e-30
 1.67893e-41 2.33024e-33 3.90947e-26 7.92832e-20 1.94354e-14 5.75905e-10 2.0628e-06 0.00089312 0.0467424 0.295751 0.232247 0.118671 0.192172 0.0708583 0.0311745 0.00955133 0.00179834 0.00013491 3.06948e-06 1.71441e-08 1.93237e-11 3.76503e-15 1.15123e-19 5.15492e-25 3.20837e-31
 1.69416e-41 2.35139e-33 3.94494e-26 8.00025e-20 1.96117e-14 5.8113e-10 2.08151e-06 0.000901223 0.0471665 0.298447 0.235274 0.123977 0.184967 0.0699653 0.0305217 0.00742509 0.00125515 9.59111e-05 2.09438e-06 9.93024e-09 8.76718e-12 1.29146e-15 2.91187e-20 9.46092e-26 4.25576e-32
 1.66036e-41 2.30448e-33 3.86623e-26 7.84065e-20 1.92204e-14 5.69536e-10 2.03999e-06 0.000883244 0.0462255 0.292515 0.232352 0.135372 0.187937 0.0686376 0.028439 0.00664801 0.000928027 5.89965e-05 1.17516e-06 4.94945e-09 3.60904e-12 4.12725e-16 6.97325e-21 1.66667e-26 5.44802e-33
 1.74674e-41 2.42436e-33 4.06737e-26 8.24855e-20 2.02204e-14 5.99166e-10 2.14612e-06 0.000929194 0.0486304 0.307744 0.244681 0.133922 0.168415 0.0634824 0.025855 0.00560147 0.000699791 3.58274e-05 5.62132e-07 1.96202e-09 1.19016e-12 1.09755e-16 1.44053e-21 2.59423e-27 6.25985e-34
 1.71132e-41 2.37519e-33 3.98488e-26 8.08126e-20 1.98103e-14 5.87014e-10 2.10259e-06 0.000910348 0.0476442 0.301541 0.242245 0.14793 0.172634 0.0598323 0.0220799 0.00463928 0.000519583 2.21521e-05 2.67771e-07 7.03227e-10 3.2888e-13 2.3802e-17 2.44631e-22 3.40252e-28 6.23216e-35
 1.7218e-41 2.38975e-33 4.0093e-26 8.13079e-20 1.99317e-14 5.90612e-10 2.11548e-06 0.000915928 0.0479363 0.303425 0.245424 0.153159 0.165075 0.0592796 0.0206084 0.00378494 0.000376559 1.35959e-05 1.29099e-07 2.52925e-10 8.63749e-14 4.59195e-18 3.51855e-23 3.68708e-29 5.10368e-36
 1.72015e-41 2.38746e-33 4.00546e-26 8.12298e-20 1.99125e-14 5.90045e-10 2.11344e-06 0.000915049 0.0478904 0.303184 0.247571 0.161296 0.160503 0.0565472 0.0185959 0.00321539 0.000270821 8.03027e-06 6.06169e-08 9.00833e-11 2.25654e-14 8.64355e-19 4.74886e-24 3.58252e-30 3.598e-37
 1.75215e-41 2.43187e-33 4.07997e-26 8.27409e-20 2.0283e-14 6.01021e-10 2.15276e-06 0.000932071 0.0487814 0.308877 0.254046 0.165361 0.151176 0.0522628 0.015854 0.00251739 0.000185595 4.44807e-06 2.59941e-08 2.93532e-11 5.4661e-15 1.52581e-19 6.02557e-25 3.24153e-31 2.31392e-38
 1.67874e-41 2.32998e-33 3.90902e-26 7.92742e-20 1.94331e-14 5.75839e-10 2.06256e-06 0.000893018 0.0467378 0.29605 0.248474 0.181507 0.155796 0.0532641 0.0149782 0.00215748 0.000136939 2.68432e-06 1.21203e-08 1.02271e-11 1.40545e-15 2.87265e-20 8.23547e-26 3.18955e-32 1.62811e-39
 1.59158e-41 2.209e-33 3.70606e-26 7.51583e-20 1.84242e-14 5.45941e-10 1.95547e-06 0.000846653 0.0443116 0.280833 0.24164 0.196763 0.160678 0.0575379 0.015289 0.00199002 0.000107385 1.70187e-06 5.96252e-09 3.77581e-12 3.80758e-16 5.64806e-21 1.16998e-26 3.26605e-33 1.19851e-40
 1.5949e-41 2.21362e-33 3.71381e-26 7.53152e-20 1.84626e-14 5.47082e-10 1.95956e-06 0.000848422 0.0444046 0.281545 0.245447 0.199531 0.153913 0.0575692 0.0148538 0.00180315 8.27578e-05 1.05038e-06 2.83401e-09 1.34765e-12 1.0023e-16 1.08193e-21 1.61605e-27 3.2358e-34 8.49529e-42
 1.64604e-41 2.28459e-33 3.83287e-26 7.77299e-20 1.90546e-14 5.64622e-10 2.02238e-06 0.000875623 0.0458288 0.290692 0.255382 0.198915 0.142208 0.0517551 0.0128096 0.00147249 5.8912e-05 6.02938e-07 1.24825e-09 4.43674e-13 2.42964e-17 1.91228e-22 2.0676e-28 2.97964e-35 5.60509e-43
#pred catch len freq
 2.56566e-27 2.59507e-27 3.90612e-26 7.70034e-20 1.88765e-14 5.59343e-10 2.00347e-06 0.000867428 0.045398 0.2872 0.219906 0.0380625 0.135218 0.124915 0.0307951 0.0391814 0.0179408 0.0153303 0.0101873 0.00825817 0.00681493 0.00612511 0.00633374 0.00571083 0.00175283
 2.56772e-27 2.6003e-27 4.32367e-26 8.58103e-20 2.10354e-14 6.23315e-10 2.23261e-06 0.000966635 0.0505902 0.320047 0.245032 0.0408455 0.138746 0.127799 0.0248643 0.0246724 0.00958045 0.00602872 0.00324988 0.00219506 0.00156329 0.00124173 0.00116026 0.00105823 0.000357163
 2.56898e-27 2.6036e-27 4.60091e-26 9.16582e-20 2.24689e-14 6.65794e-10 2.38476e-06 0.00103251 0.0540379 0.341858 0.261693 0.0412785 0.130336 0.119896 0.020973 0.0176958 0.00606273 0.00266154 0.00109479 0.000541616 0.000297609 0.000195283 0.000157174 0.000137334 4.82619e-05
 2.56864e-27 2.60263e-27 4.51077e-26 8.97565e-20 2.20027e-14 6.5198e-10 2.33528e-06 0.00101109 0.0529167 0.334766 0.256288 0.0419113 0.13895 0.12779 0.0213905 0.0166394 0.00541205 0.0019193 0.000629927 0.000212134 7.79626e-05 3.65869e-05 2.31598e-05 1.8124e-05 6.36849e-06
 2.56763e-27 2.59994e-27 4.275e-26 8.47829e-20 2.07835e-14 6.15852e-10 2.20588e-06 0.000955061 0.0499845 0.316216 0.24213 0.0423786 0.152452 0.140312 0.0247235 0.0210871 0.00673243 0.00215936 0.000639768 0.000167285 4.03872e-05 1.13973e-05 4.70633e-06 2.95507e-06 9.94961e-07
 2.56628e-27 2.59633e-27 3.96041e-26 7.81464e-20 1.91567e-14 5.67646e-10 2.03321e-06 0.000880304 0.0460719 0.291464 0.223239 0.0429117 0.169783 0.156387 0.0290846 0.0270066 0.00883815 0.00315787 0.00091187 0.000212532 4.06718e-05 7.12059e-06 1.5158e-06 6.09601e-07 1.83776e-07
 2.5677e-27 2.60022e-27 4.30949e-26 8.55107e-20 2.09619e-14 6.21139e-10 2.22482e-06 0.00096326 0.0504136 0.31893 0.24419 0.0415272 0.144527 0.13315 0.026215 0.0263256 0.00884643 0.00351688 0.00106944 0.000268821 4.74041e-05 6.49843e-06 7.4769e-07 1.34628e-07 3.09376e-08
 2.56978e-27 2.60578e-27 4.79214e-26 9.56924e-20 2.34578e-14 6.95098e-10 2.48972e-06 0.00107796 0.0564163 0.356905 0.273175 0.04083 0.118856 0.109293 0.0189296 0.0157016 0.00540849 0.00238198 0.000764238 0.000212174 4.04576e-05 5.37704e-06 4.5735e-07 3.41599e-08 4.07517e-09
 2.56943e-27 2.60478e-27 4.69868e-26 9.37205e-20 2.29744e-14 6.80774e-10 2.43842e-06 0.00105574 0.0552537 0.34955 0.26757 0.0415183 0.128032 0.117681 0.0189837 0.0136891 0.00442613 0.00153848 0.000506696 0.000154805 3.24692e-05 4.72807e-06 3.93448e-07 1.85725e-08 8.06767e-10
 2.56842e-27 2.60205e-27 4.45855e-26 8.86549e-20 2.17327e-14 6.43978e-10 2.30662e-06 0.000998679 0.0522673 0.330657 0.253153 0.0420977 0.14257 0.131136 0.0220846 0.017368 0.00544709 0.00160072 0.000465587 0.000119874 2.6953e-05 4.36209e-06 4.00308e-07 1.778e-08 3.90413e-10
 2.56867e-27 2.60273e-27 4.52117e-26 8.9976e-20 2.20565e-14 6.53574e-10 2.34099e-06 0.00101356 0.0530461 0.335584 0.25691 0.0417575 0.137342 0.126343 0.0218047 0.017944 0.00574121 0.00185989 0.000515687 0.000111438 2.07845e-05 3.30535e-06 3.38856e-07 1.64607e-08 3.12119e-10
 2.56932e-27 2.60449e-27 4.67516e-26 9.32245e-20 2.28529e-14 6.77171e-10 2.42551e-06 0.00105015 0.0549613 0.3477 0.266156 0.0413844 0.128007 0.117706 0.0198702 0.0157071 0.00507843 0.00173843 0.000501897 0.000115313 1.89377e-05 2.45239e-06 2.35793e-07 1.26153e-08 2.55706e-10
 2.56926e-27 2.60429e-27 4.65452e-26 9.2789e-20 2.27461e-14 6.74008e-10 2.41418e-06 0.00104525 0.0547046 0.346076 0.264921 0.0417509 0.131663 0.121012 0.0192245 0.0133959 0.00427793 0.00139746 0.000409692 9.95668e-05 1.73714e-05 2.11497e-06 1.65277e-07 8.18409e-09 1.78998e-10
 2.56866e-27 2.60269e-27 4.51316e-26 8.98069e-20 2.20151e-14 6.52346e-10 2.33659e-06 0.00101166 0.0529464 0.334954 0.256434 0.0420897 0.140205 0.128919 0.0210776 0.0156257 0.00486265 0.00137367 0.00038873 9.15281e-05 1.66225e-05 2.15054e-06 1.6162e-07 6.63653e-09 1.34457e-10
 2.5673e-27 2.59902e-27 4.19083e-26 8.3007e-20 2.03482e-14 6.02953e-10 2.15967e-06 0.000935057 0.0489375 0.309592 0.23708 0.0428593 0.159659 0.146913 0.0250191 0.0200933 0.00634151 0.00191759 0.000520807 0.00010803 1.87449e-05 2.45836e-06 1.95448e-07 7.72207e-09 1.33102e-10
 2.56787e-27 2.60056e-27 4.32816e-26 8.59043e-20 2.10584e-14 6.23998e-10 2.23506e-06 0.000967694 0.0506456 0.320398 0.245324 0.0423878 0.150278 0.138266 0.0236502 0.0191549 0.00615808 0.00204577 0.000574627 0.000124201 1.96265e-05 2.3569e-06 1.8705e-07 7.71455e-09 1.27458e-10
 2.56862e-27 2.60258e-27 4.50691e-26 8.9675e-20 2.19828e-14 6.51388e-10 2.33316e-06 0.00101017 0.0528687 0.334462 0.256055 0.0418883 0.138938 0.127793 0.0216497 0.017227 0.0055478 0.00186413 0.000542099 0.000127545 2.1117e-05 2.43257e-06 1.74444e-07 7.08781e-09 1.20384e-10
 2.56908e-27 2.60381e-27 4.61312e-26 9.19156e-20 2.2532e-14 6.67663e-10 2.39146e-06 0.00103541 0.0541896 0.342819 0.262434 0.0417568 0.133455 0.122693 0.0200032 0.0147509 0.00472331 0.00155447 0.000452826 0.000108729 1.92992e-05 2.37638e-06 1.67225e-07 6.20561e-09 1.02862e-10
 2.56909e-27 2.60382e-27 4.61126e-26 9.18763e-20 2.25224e-14 6.67378e-10 2.39044e-06 0.00103497 0.0541665 0.342672 0.262326 0.0420232 0.135559 0.124577 0.0193134 0.0126961 0.00398698 0.00120091 0.000343568 8.12059e-05 1.45927e-05 1.89931e-06 1.43785e-07 5.29004e-09 8.13184e-11
 2.56935e-27 2.60452e-27 4.67264e-26 9.31711e-20 2.28398e-14 6.76783e-10 2.42412e-06 0.00104955 0.0549298 0.347501 0.26601 0.0418159 0.131393 0.120743 0.0188165 0.0125224 0.0038477 0.0010179 0.00027746 6.07738e-05 1.06681e-05 1.39262e-06 1.10834e-07 4.36296e-09 6.68704e-11
 2.56951e-27 2.60496e-27 4.71179e-26 9.39969e-20 2.30422e-14 6.82782e-10 2.44561e-06 0.00105886 0.0554167 0.350581 0.26836 0.0416956 0.128826 0.118375 0.0184099 0.0121916 0.00375407 0.00100496 0.000263331 5.11828e-05 8.30404e-06 1.03077e-06 8.18589e-08 3.37458e-09 5.4866e-11
 2.56947e-27 2.60485e-27 4.70158e-26 9.37817e-20 2.29894e-14 6.81218e-10 2.44001e-06 0.00105643 0.0552898 0.349778 0.267749 0.0418044 0.130084 0.119517 0.0182817 0.0116109 0.00356895 0.000950403 0.000249812 4.84173e-05 7.18631e-06 7.99221e-07 5.93986e-08 2.43139e-09 4.12211e-11
 2.56989e-27 2.60599e-27 4.80268e-26 9.59145e-20 2.35123e-14 6.96711e-10 2.4955e-06 0.00108046 0.0565472 0.357733 0.273818 0.0414536 0.12315 0.113131 0.0173784 0.0111568 0.00340575 0.000866522 0.000225917 4.36361e-05 6.47591e-06 6.78652e-07 4.47163e-08 1.6953e-09 2.84329e-11
 2.5702e-27 2.60681e-27 4.87327e-26 9.74036e-20 2.38773e-14 7.07527e-10 2.53424e-06 0.00109723 0.0574251 0.363287 0.278058 0.0414077 0.119822 0.110021 0.0161178 0.0090641 0.00276363 0.000711016 0.000183203 3.40224e-05 5.00301e-06 5.2223e-07 3.27431e-08 1.10604e-09 1.71058e-11
 2.57026e-27 2.60699e-27 4.88943e-26 9.77444e-20 2.39609e-14 7.10003e-10 2.54311e-06 0.00110107 0.0576261 0.364558 0.279027 0.0413187 0.118464 0.10878 0.0161199 0.0093778 0.00280471 0.000627211 0.000158603 2.96038e-05 4.23632e-06 4.30986e-07 2.67723e-08 8.61113e-10 1.19704e-11
 2.57007e-27 2.60646e-27 4.84178e-26 9.67391e-20 2.37144e-14 7.027e-10 2.51696e-06 0.00108975 0.0570333 0.360809 0.276168 0.0415547 0.122269 0.112269 0.0163291 0.00897751 0.00269422 0.000623247 0.000152571 2.52654e-05 3.55545e-06 3.56498e-07 2.14838e-08 6.79147e-10 8.97987e-12
 2.56974e-27 2.60556e-27 4.76218e-26 9.50599e-20 2.33028e-14 6.90503e-10 2.47327e-06 0.00107083 0.0560434 0.354546 0.271389 0.0417538 0.127141 0.116776 0.0173189 0.0100987 0.00301143 0.000657194 0.000160726 2.70987e-05 3.52592e-06 3.2833e-07 1.94454e-08 5.97571e-10 7.71404e-12
 2.56921e-27 2.60413e-27 4.63892e-26 9.24597e-20 2.26654e-14 6.71616e-10 2.40561e-06 0.00104154 0.0545104 0.344848 0.263986 0.0418978 0.133439 0.122639 0.0193107 0.0131675 0.00397207 0.000920912 0.000224181 3.60308e-05 4.70958e-06 4.22502e-07 2.29166e-08 6.80944e-10 8.55961e-12
#obs catch len freq
 1.63758e-41 2.27285e-33 3.81318e-26 7.73305e-20 1.89567e-14 5.61721e-10 2.01199e-06 0.000871123 0.0455911 0.288423 0.22098 0.0443656 0.165289 0.140435 0.0429923 0.0347137 0.0113964 0.00394521 0.000872956 0.000116702 6.87341e-06 1.28265e-07 5.59451e-10 4.57252e-13 6.06886e-17
 1.64859e-41 2.28813e-33 3.83881e-26 7.78503e-20 1.90841e-14 5.65497e-10 2.02552e-06 0.000876979 0.0458976 0.290362 0.222523 0.0463786 0.168048 0.135285 0.0430921 0.0329273 0.0104616 0.00337866 0.000683491 8.00595e-05 3.90112e-06 5.67768e-08 1.85084e-10 1.10076e-13 1.04606e-17
 1.92072e-41 2.66583e-33 4.47249e-26 9.07012e-20 2.22343e-14 6.58844e-10 2.35987e-06 0.00102174 0.0534739 0.338292 0.259127 0.0457782 0.133645 0.101579 0.0332112 0.0237649 0.00740644 0.00224135 0.000412738 4.17929e-05 1.6703e-06 1.89005e-08 4.59873e-11 1.99016e-14 1.35595e-18
 1.94892e-41 2.70498e-33 4.53816e-26 9.2033e-20 2.25608e-14 6.68518e-10 2.39452e-06 0.00103675 0.0542591 0.343259 0.263015 0.0489874 0.141519 0.100188 0.0258957 0.0155668 0.00469787 0.00132781 0.000223946 1.9494e-05 6.31778e-07 5.5238e-09 1.00225e-11 3.15864e-15 1.54472e-19
 1.98609e-41 2.75656e-33 4.62469e-26 9.37878e-20 2.2991e-14 6.81265e-10 2.44018e-06 0.00105651 0.0552937 0.349805 0.268086 0.0507135 0.138923 0.0925258 0.0254164 0.0140238 0.00326037 0.00076757 0.000116936 8.75665e-06 2.2913e-07 1.53713e-09 2.07238e-12 4.75644e-16 1.67221e-20
 1.7914e-41 2.48634e-33 4.17135e-26 8.45942e-20 2.07373e-14 6.14483e-10 2.20098e-06 0.000952948 0.0498735 0.315516 0.242134 0.0575446 0.175317 0.109386 0.0298942 0.0151929 0.00344377 0.000663104 7.61073e-05 4.69752e-06 9.89386e-08 5.08574e-10 5.08e-13 8.47467e-17 2.14167e-21
 1.48795e-41 2.06518e-33 3.46477e-26 7.02648e-20 1.72246e-14 5.10396e-10 1.82816e-06 0.000791528 0.0414254 0.262073 0.201653 0.0660925 0.219686 0.130976 0.0474965 0.0237722 0.00506238 0.000882962 8.24013e-05 3.6725e-06 5.84113e-08 2.28249e-10 1.69036e-13 2.04973e-17 3.7213e-22
 2.12011e-41 2.94257e-33 4.93677e-26 1.00117e-19 2.45424e-14 7.27238e-10 2.60485e-06 0.00112781 0.059025 0.373411 0.286274 0.0520095 0.109836 0.0638949 0.0327773 0.016666 0.00421226 0.000705402 5.67542e-05 1.94236e-06 2.15869e-08 5.99835e-11 3.2336e-14 2.84706e-18 3.71895e-23
 2.02517e-41 2.81081e-33 4.71571e-26 9.56337e-20 2.34435e-14 6.94673e-10 2.48821e-06 0.00107731 0.056382 0.356692 0.273904 0.0624499 0.147178 0.0739034 0.0176778 0.00776154 0.00248081 0.00045384 3.61089e-05 1.01691e-06 8.29664e-09 1.58085e-11 5.84605e-15 3.61572e-19 3.3617e-24
 2.05423e-41 2.85114e-33 4.78337e-26 9.70058e-20 2.37798e-14 7.0464e-10 2.52391e-06 0.00109276 0.0571909 0.361811 0.277957 0.0640612 0.140279 0.0674798 0.0212113 0.00739865 0.00126832 0.000227907 1.96452e-05 5.16892e-07 3.37517e-09 4.6434e-12 1.17684e-15 4.92366e-20 3.12995e-25
 1.77916e-41 2.46935e-33 4.14286e-26 8.40163e-20 2.05956e-14 6.10285e-10 2.18594e-06 0.000946438 0.0495328 0.313367 0.241704 0.0794873 0.192028 0.0860771 0.0263164 0.00879816 0.00155517 0.000173251 1.14715e-05 2.92144e-07 1.68857e-09 1.83509e-12 3.38793e-16 9.86351e-21 4.27234e-26
 2.06838e-41 2.87077e-33 4.81631e-26 9.76738e-20 2.39436e-14 7.09492e-10 2.54129e-06 0.00110029 0.0575848 0.364305 0.280279 0.0687508 0.132511 0.0596156 0.0260911 0.00824956 0.00136461 0.000139153 6.33391e-06 1.13082e-07 5.5348e-10 5.06962e-13 7.38399e-17 1.60013e-21 4.95443e-27
 1.90338e-41 2.64177e-33 4.43212e-26 8.98825e-20 2.20336e-14 6.52897e-10 2.33857e-06 0.00101252 0.0529913 0.335251 0.258982 0.0845129 0.17126 0.0672557 0.0207028 0.00659542 0.00130696 0.000122384 4.66911e-06 5.80228e-08 1.90932e-10 1.32167e-13 1.53111e-17 2.60151e-22 6.1153e-28
 1.97772e-41 2.74494e-33 4.60521e-26 9.33928e-20 2.28941e-14 6.78395e-10 2.4299e-06 0.00105206 0.0550608 0.348346 0.269146 0.0833991 0.151718 0.060169 0.0238805 0.00616754 0.000961559 9.39541e-05 3.3418e-06 3.29148e-08 7.57771e-11 3.47823e-14 2.7972e-18 3.50293e-23 6.24029e-29
 1.68487e-41 2.33849e-33 3.92331e-26 7.95639e-20 1.95042e-14 5.77944e-10 2.0701e-06 0.000896282 0.0469079 0.29678 0.231448 0.108226 0.205369 0.0750364 0.0269808 0.00714582 0.00112008 8.48285e-05 2.68005e-06 2.33125e-08 4.19461e-11 1.37082e-14 7.43433e-19 6.23155e-24 7.62841e-30
 1.55094e-41 2.15261e-33 3.61144e-26 7.32394e-20 1.79538e-14 5.32003e-10 1.90555e-06 0.000825036 0.0431792 0.273201 0.214481 0.1176 0.21232 0.086058 0.0410491 0.00976547 0.00141515 0.000100767 2.53027e-06 1.76151e-08 2.60836e-11 6.65858e-15 2.64571e-19 1.551e-24 1.29219e-30
 1.78385e-41 2.47587e-33 4.15378e-26 8.42378e-20 2.06499e-14 6.11895e-10 2.19171e-06 0.000948933 0.0496634 0.314224 0.245508 0.106082 0.166 0.0698182 0.0361215 0.00999743 0.00153626 9.58634e-05 2.06686e-06 1.12797e-08 1.26324e-11 2.48612e-15 7.60375e-20 3.34223e-25 2.02326e-31
 1.74752e-41 2.42544e-33 4.06917e-26 8.2522e-20 2.02293e-14 5.99431e-10 2.14706e-06 0.000929605 0.0486519 0.307842 0.242253 0.121627 0.178945 0.0637073 0.0269215 0.00773336 0.00130252 8.32386e-05 1.54467e-06 6.77834e-09 5.8209e-12 8.46661e-16 1.90577e-20 6.22228e-26 2.80625e-32
 1.76413e-41 2.44849e-33 4.10785e-26 8.33063e-20 2.04216e-14 6.05129e-10 2.16747e-06 0.00093844 0.0491143 0.310783 0.245555 0.126515 0.171425 0.0629862 0.025842 0.00587883 0.000900615 5.82658e-05 1.02176e-06 3.75981e-09 2.51385e-12 2.75406e-16 4.56064e-21 1.07899e-26 3.51259e-33
 1.73139e-41 2.40306e-33 4.03162e-26 8.17605e-20 2.00426e-14 5.939e-10 2.12725e-06 0.000921027 0.048203 0.305044 0.242955 0.137778 0.173666 0.0616356 0.0239293 0.00518296 0.000647166 3.50629e-05 5.58104e-07 1.80537e-09 9.8881e-13 8.37125e-17 1.03619e-21 1.80058e-27 4.25572e-34
 1.81702e-41 2.5219e-33 4.23101e-26 8.58041e-20 2.10339e-14 6.23272e-10 2.23246e-06 0.000966578 0.050587 0.320144 0.255195 0.135413 0.154645 0.0568064 0.0214541 0.00429285 0.000473963 2.04458e-05 2.56412e-07 6.85281e-10 3.10393e-13 2.10826e-17 2.0206e-22 2.6409e-28 4.60318e-35
 1.78263e-41 2.47417e-33 4.15093e-26 8.41801e-20 2.06358e-14 6.11475e-10 2.1902e-06 0.000948283 0.0496296 0.314131 0.253122 0.149064 0.157894 0.053131 0.0182095 0.00351157 0.000343803 1.22066e-05 1.17002e-07 2.34825e-10 8.18384e-14 4.34793e-18 3.2524e-23 3.27497e-29 4.32658e-36
 1.79354e-41 2.48932e-33 4.17634e-26 8.46954e-20 2.07621e-14 6.15219e-10 2.20361e-06 0.000954089 0.0499335 0.316097 0.256487 0.153671 0.150578 0.0524662 0.0167451 0.00281539 0.000243374 7.2328e-06 5.39889e-08 8.04304e-11 2.04252e-14 7.95868e-19 4.42906e-24 3.35195e-30 3.33916e-37
 1.79255e-41 2.48794e-33 4.17404e-26 8.46487e-20 2.07506e-14 6.14879e-10 2.2024e-06 0.000953562 0.0499061 0.315984 0.258892 0.16112 0.145892 0.0497434 0.0149872 0.00234529 0.000170113 4.12497e-06 2.42886e-08 2.72991e-11 5.06984e-15 1.42113e-19 5.66459e-25 3.08237e-31 2.22424e-38
 1.82334e-41 2.53068e-33 4.24573e-26 8.61026e-20 2.1107e-14 6.2544e-10 2.24023e-06 0.00096994 0.0507635 0.321474 0.26532 0.164394 0.136908 0.0456191 0.0126297 0.00180372 0.000113251 2.19874e-06 9.97123e-09 8.47921e-12 1.16701e-15 2.37957e-20 6.81104e-26 2.64143e-32 1.35409e-39
 1.75199e-41 2.43165e-33 4.07959e-26 8.27334e-20 2.02811e-14 6.00967e-10 2.15256e-06 0.000931986 0.0487775 0.309032 0.260391 0.180054 0.141102 0.0462798 0.0118273 0.00151964 8.14477e-05 1.28131e-06 4.46012e-09 2.8239e-12 2.86123e-16 4.26407e-21 8.84959e-27 2.46916e-33 9.04849e-41
 1.66704e-41 2.31374e-33 3.88178e-26 7.87217e-20 1.92977e-14 5.71826e-10 2.04819e-06 0.000886795 0.0464129 0.294232 0.254277 0.194959 0.145962 0.0498578 0.0119699 0.00137716 6.21862e-05 7.84739e-07 2.10691e-09 9.9717e-13 7.39672e-17 7.98805e-22 1.19646e-27 2.40392e-34 6.32882e-42
 1.67058e-41 2.31866e-33 3.89003e-26 7.8889e-20 1.93387e-14 5.73041e-10 2.05254e-06 0.00088868 0.0465121 0.295006 0.258285 0.197034 0.139861 0.0496166 0.0115251 0.00122207 4.64616e-05 4.65942e-07 9.58375e-10 3.39416e-13 1.85259e-17 1.4538e-22 1.56871e-28 2.25917e-35 4.25271e-43
#spawning biomass
 5614.82 6480.23 7804.75 10566.6 14339.8 16397.4 16943 20571.1 32595.2 48503.5 59770 76425.6 91765.9 114496 126142 99814.6 95116.2 98596.9 92853.7 90386.5 95143.1 97257.6 101861 100687 113835 118363 126425 169336 286712 456473 483500 453195 394816 329751 269877 220079 181166 152000 130772 115644 105030 97662.9 92556.7 89027.8 86676.1 85108.9 84064.6 83368.6 82904.8 82595.7 82389.7 82252.5 82161 82100 82059.4 82032.3 82014.3 82002.3 81994.2 81988.9 81985.3 81983 81981.4 81980.3 81979.6 81979.2 81978.9 81978.7 81978.5 81978.4 81978.4 81978.3 81978.3 81978.3 81978.3 81978.3 81978.3 81978.2 81978.2 81978.2 81978.2 81978.2 81978.2 81978.2 81978.2 81978.2 81978.2 81978.2 81978.2 81978.2 81978.2 81978.2 81978.2 81978.2 81978.2 81978.2 81978.2 81978.2 81978.2 81978.2 81978.2 81978.2 81978.2 81978.2 81978.2 81978.2 81978.2 81978.2 81978.2 81978.2 81978.2 81978.2 81978.2 81978.2 81978.2 81978.2 81978.2 81978.2 81978.2 81978.2 81978.2 81978.2 81978.2 81978.2 81978.2 81978.2 81978.2 81978.2 0 0 0 0 0 0 0 0 0 0 0 0 0 0 0 0 0 0 0 0 0 0 0 0 0
