SBPRF35
0.256306
Curr Bio
91556.3
B35
188435
F35
0.481615
FOFL
0.186944
OFL
14091
Bzero
73230.3
#pred survey bio
 4875.56 5768.21 8010.82 11193.9 15695.7 21122.1 24116 31780.9 44542.2 66594.9 80961.6 109117 153970 154955 158920 149756 145693 158607 151028 124097 148451 152450 144260 183401 189100 188489 187798 151501 4.85026e+06 3.14887e+06 2.36671e+06 1.6771e+06 1.24603e+06 1.00759e+06 882604 818089 784444 766400 756345 750503 746975 744773 743362 742439 741833 741431 741163 740983 740862 740780 740725 740688 740663 740646 740634 740626 740621 740617 740615 740613 740612 740612 740611 740611 740610 740610 740610 740610 740610 740610 740610 740610 740610 740610 740610 740610 740610 740610 740610 740610 740610 740610 740610 740610 740610 740610 740610 740610 740610 740610 740610 740610 740610 740610 740610 740610 740610 740610 740610 740610 740610 740610 740610 740610 740610 740610 740610 740610 740610 740610 740610 740610 740610 740610 740610 740610 740610 740610 740610 740610 740610 740610 740610 740610 740610 740610 740610 740610 0 0 0 0 0 0 0 0 0 0 0 0 0 0 0 0 0 0 0 0 0 0 0 0 0
#obs survey bio
 4267.36 8218.3 7245.64 15147.4 13898.5 27347.9 28231.9 39468.7 64813.9 106923 66209.1 138069 139604 197649 118478 101199 114315 157956 179978 138474 151746 203205 121123 197470 230118 164855 166602 140346
#pred catch bio
 2609.6 3127.39 4227.44 6109.54 8606.45 12583.5 13076.2 17625.9 22833 38525.3 46521.9 56730.8 94449.6 87893.4 94878.5 90629.2 80777.6 92667.2 99625.7 69038.2 88960.3 95901.8 74414.4 105872 108429 103860 117585 92813.4 14091 44301 32613.4 21770.3 15306.1 11954.2 10343.2 9604.25 9275.34 9131.82 9070.02 9043.66 9032.48 9027.76 9025.78 9024.94 9024.59 9024.45 9024.39 9024.36 9024.35 9024.35 9024.34 9024.34 9024.34 9024.34 9024.34 9024.34 9024.34 9024.34 9024.34 9024.34 9024.34 9024.34 9024.34 9024.34 9024.34 9024.34 9024.34 9024.34 9024.34 9024.34 9024.34 9024.34 9024.34 9024.34 9024.34 9024.34 9024.34 9024.34 9024.34 9024.34 9024.34 9024.34 9024.34 9024.34 9024.34 9024.34 9024.34 9024.34 9024.34 9024.34 9024.34 9024.34 9024.34 9024.34 9024.34 9024.34 9024.34 9024.34 9024.34 9024.34 9024.34 9024.34 9024.34 9024.34 9024.34 9024.34 9024.34 9024.34 9024.34 9024.34 9024.34 9024.34 9024.34 9024.34 9024.34 9024.34 9024.34 9024.34 9024.34 9024.34 9024.34 9024.34 9024.34 9024.34 9024.34 9024.34 9024.34 9024.34 0 0 0 0 0 0 0 0 0 0 0 0 0 0 0 0 0 0 0 0 0 0 0 0 0
#obs catch bio
 2784.83 2937.3 3861.26 5722.79 8044.43 12146.2 12150.2 16019.8 20400.9 33927.6 44756.2 53062.8 90926.9 80532.8 100857 96714.7 78179.8 90688.3 95430.7 67335.2 91806 96278.6 76139.2 107910 104685 103363 125410 93798.1
#pred cpue bio
 3873.61 3841.63 5303.5 7497.58 10331.6 14106.2 16266.8 21377.4 29096.4 44250.8 54389 71010.1 103768 107025 113544 106156 101444 111989 108416 85984.2 101341 105759 99440.4 127026 133421 134527 136616 109564 3.40617e+06 2.92761e+06 2.25962e+06 1.57449e+06 1.14356e+06 905121 780131 715616 681971 663927 653872 648030 644502 642300 640889 639966 639360 638958 638690 638510 638389 638307 638252 638215 638190 638173 638161 638153 638148 638144 638142 638140 638139 638139 638138 638138 638137 638137 638137 638137 638137 638137 638137 638137 638137 638137 638137 638137 638137 638137 638137 638137 638137 638137 638137 638137 638137 638137 638137 638137 638137 638137 638137 638137 638137 638137 638137 638137 638137 638137 638137 638137 638137 638137 638137 638137 638137 638137 638137 638137 638137 638137 638137 638137 638137 638137 638137 638137 638137 638137 638137 638137 638137 638137 638137 638137 638137 638137 638137 638137 0 0 0 0 0 0 0 0 0 0 0 0 0 0 0 0 0 0 0 0 0 0 0 0 0
#obs cpue bio
 3531.39 4988.88 7426.45 7470.51 14111.4 12609.1 19242.1 27659.2 31769.4 46571.8 61503.6 77987.7 133305 125140 87490.2 130356 165604 122201 121117 72801.7 83211.9 88029 84844.1 130792 138731 137361 116816 121113
#pred surv len freq
 3.71609e-11 1.74787e-09 5.6927e-08 1.28385e-06 2.00491e-05 0.000216803 0.0016234 0.00841781 0.030231 0.0752449 0.130138 0.158001 0.139889 0.101752 0.075765 0.0630218 0.05146 0.0393157 0.029905 0.0235916 0.0194948 0.0169857 0.0149491 0.0120165 0.00796
 4.54728e-11 2.13882e-09 6.96601e-08 1.57101e-06 2.45335e-05 0.000265295 0.0019865 0.0103003 0.0369884 0.0920321 0.158951 0.19194 0.166535 0.113695 0.074553 0.0539376 0.0382517 0.0237944 0.0136622 0.00810235 0.00523757 0.00370151 0.00277248 0.00201035 0.00125812
 4.42674e-11 2.08213e-09 6.78136e-08 1.52936e-06 2.38832e-05 0.000258263 0.00193385 0.0100275 0.0360107 0.0896191 0.154919 0.187711 0.164931 0.117034 0.082444 0.0628848 0.044252 0.0254585 0.01227 0.0054762 0.00245426 0.00115717 0.000603759 0.000342502 0.000186876
 4.36141e-11 2.0514e-09 6.68127e-08 1.50679e-06 2.35307e-05 0.000254452 0.00190531 0.00987954 0.0354798 0.0883019 0.15267 0.185118 0.163086 0.116677 0.0835143 0.0648244 0.0464979 0.0275762 0.0138532 0.00628437 0.00260222 0.000963899 0.000329571 0.000114109 4.22756e-05
 4.4654e-11 2.10031e-09 6.84058e-08 1.54272e-06 2.40918e-05 0.000260518 0.00195074 0.010115 0.0363244 0.0903948 0.156225 0.189126 0.165642 0.116422 0.0806872 0.0609997 0.0433168 0.025679 0.0129859 0.00597968 0.00252473 0.000938251 0.000299686 8.28404e-05 2.04368e-05
 4.36995e-11 2.05541e-09 6.69435e-08 1.50974e-06 2.35768e-05 0.00025495 0.00190904 0.00989888 0.0355492 0.0884751 0.152971 0.185492 0.16344 0.11697 0.0837277 0.0648597 0.0462373 0.0270745 0.0133514 0.00597543 0.00247871 0.000918111 0.000293959 8.00866e-05 1.83007e-05
 4.30557e-11 2.02513e-09 6.59573e-08 1.4875e-06 2.32295e-05 0.000251194 0.00188092 0.00975311 0.0350264 0.0871798 0.150773 0.18302 0.16189 0.117199 0.0855826 0.0673196 0.048233 0.028204 0.0138145 0.00610072 0.00248041 0.000895945 0.000279526 7.45527e-05 1.67397e-05
 4.34403e-11 2.04322e-09 6.65465e-08 1.50079e-06 2.3437e-05 0.000253438 0.00189772 0.00984018 0.0353385 0.0879508 0.152066 0.184403 0.162512 0.116395 0.0835173 0.0650697 0.0469724 0.0282139 0.0144856 0.00674575 0.00284419 0.00104118 0.000323665 8.50917e-05 1.87251e-05
 4.50846e-11 2.12057e-09 6.90655e-08 1.5576e-06 2.43241e-05 0.000263031 0.00196955 0.0102125 0.0366743 0.0912617 0.157698 0.190792 0.166721 0.116363 0.0795816 0.0594662 0.0419959 0.0248322 0.0125456 0.00579422 0.00247034 0.000932002 0.000300967 8.16908e-05 1.82846e-05
 4.40404e-11 2.07145e-09 6.74657e-08 1.52152e-06 2.37607e-05 0.000256938 0.00192393 0.00997607 0.0358261 0.0891607 0.154133 0.186789 0.164223 0.116768 0.0826326 0.0634715 0.045188 0.0265746 0.0132238 0.00598389 0.00250486 0.000934533 0.000301645 8.29142e-05 1.89968e-05
 4.33221e-11 2.03766e-09 6.63654e-08 1.49671e-06 2.33732e-05 0.000252748 0.00189256 0.00981343 0.0352427 0.0877158 0.151683 0.184042 0.162529 0.117099 0.0848077 0.0662965 0.0474085 0.0277438 0.0136306 0.00605282 0.00248032 0.000904839 0.000285503 7.70003e-05 1.74576e-05
 4.52422e-11 2.12798e-09 6.93069e-08 1.56304e-06 2.44091e-05 0.00026395 0.00197643 0.0102482 0.0368023 0.0915794 0.158241 0.191419 0.167172 0.116467 0.0793693 0.0590955 0.0416095 0.0244841 0.012239 0.0055406 0.00229178 0.000832514 0.000258854 6.84032e-05 1.51751e-05
 4.31502e-11 2.02958e-09 6.6102e-08 1.49076e-06 2.32804e-05 0.000251745 0.00188505 0.0097745 0.035103 0.0873694 0.151092 0.183368 0.162067 0.117054 0.0851468 0.0668136 0.0479002 0.0281224 0.0138955 0.00622151 0.00257165 0.000943906 0.000297695 7.9405e-05 1.76068e-05
 4.15364e-11 1.95367e-09 6.36298e-08 1.43501e-06 2.24098e-05 0.00024233 0.00181456 0.00940908 0.0337922 0.0841217 0.145578 0.177155 0.158123 0.117497 0.0895965 0.0727836 0.0528058 0.0309969 0.0152065 0.00672325 0.00273546 0.000987665 0.000307308 8.14346e-05 1.80782e-05
 3.9517e-11 1.85869e-09 6.05364e-08 1.36525e-06 2.13203e-05 0.000230549 0.00172635 0.00895178 0.0321513 0.0800516 0.138634 0.169178 0.152529 0.1166 0.0930677 0.0785064 0.0587006 0.0359807 0.0188705 0.00897183 0.00383439 0.00141213 0.000439705 0.000115539 2.53681e-05
 4.02677e-11 1.894e-09 6.16863e-08 1.39118e-06 2.17253e-05 0.000234928 0.00175913 0.00912174 0.0327609 0.0815604 0.141187 0.172008 0.154171 0.115964 0.0903579 0.075138 0.0562003 0.0348939 0.0187971 0.00929989 0.00417639 0.00162829 0.000537113 0.000147803 3.33372e-05
 4.13906e-11 1.94682e-09 6.34066e-08 1.42998e-06 2.23311e-05 0.00024148 0.00180819 0.00937604 0.0336733 0.083823 0.145042 0.176418 0.157196 0.116274 0.0881499 0.0717111 0.0528557 0.0322597 0.0169956 0.00826695 0.00371584 0.00148003 0.000507105 0.000146443 3.47656e-05
 4.04699e-11 1.90351e-09 6.1996e-08 1.39816e-06 2.18344e-05 0.000236108 0.00176797 0.00916753 0.0329252 0.0819687 0.141887 0.172832 0.154812 0.116231 0.0902649 0.0747721 0.0556246 0.0342006 0.018157 0.00886476 0.00396856 0.00156778 0.000535155 0.000155848 3.7851e-05
 3.92864e-11 1.84785e-09 6.01832e-08 1.35728e-06 2.11959e-05 0.000229204 0.00171627 0.00889956 0.0319639 0.0795862 0.137837 0.168245 0.151821 0.116336 0.093204 0.0788615 0.059139 0.0364699 0.0194093 0.00950767 0.00427252 0.00169256 0.000577822 0.000167871 4.07007e-05
 4.1604e-11 1.95685e-09 6.37334e-08 1.43735e-06 2.24463e-05 0.000242725 0.00181751 0.00942436 0.0338468 0.0842541 0.145783 0.177295 0.157899 0.116616 0.0881464 0.0714296 0.0523257 0.0315534 0.0162856 0.00772372 0.00339264 0.00132779 0.00045071 0.000130611 3.16258e-05
 4.2671e-11 2.00704e-09 6.5368e-08 1.47421e-06 2.30219e-05 0.00024895 0.00186412 0.00966597 0.0347134 0.0864003 0.149422 0.181368 0.160393 0.116077 0.0848596 0.067223 0.0491112 0.0299635 0.015789 0.00762508 0.0033615 0.00130148 0.000434143 0.000123792 2.96445e-05
 4.13655e-11 1.94564e-09 6.33681e-08 1.42911e-06 2.23176e-05 0.000241333 0.00180709 0.00937038 0.0336533 0.0837764 0.144983 0.176447 0.157543 0.117181 0.0895271 0.0729174 0.0531434 0.0315136 0.0157943 0.00724305 0.00310132 0.00119344 0.000399029 0.000113634 2.69878e-05
 4.18126e-11 1.96666e-09 6.40529e-08 1.44455e-06 2.25588e-05 0.000243941 0.00182662 0.0094716 0.0340163 0.0846756 0.146508 0.178154 0.158592 0.116966 0.088176 0.0712093 0.05188 0.0309258 0.0156041 0.0071422 0.00299613 0.00111086 0.000356336 9.82838e-05 2.29333e-05
 4.18297e-11 1.96747e-09 6.40791e-08 1.44514e-06 2.2568e-05 0.000244041 0.00182736 0.00947544 0.0340297 0.0847051 0.146533 0.178061 0.158118 0.115827 0.0864885 0.069771 0.051618 0.0319583 0.017165 0.00841661 0.00371375 0.00141417 0.000456523 0.000124459 2.83353e-05
 4.03883e-11 1.89967e-09 6.18711e-08 1.39535e-06 2.17904e-05 0.000235632 0.00176441 0.00914908 0.0328592 0.0818067 0.141623 0.172584 0.154827 0.116726 0.0911656 0.0756204 0.0559118 0.033858 0.0175645 0.00840229 0.00373176 0.00147304 0.000499131 0.000141983 3.31651e-05
 3.97551e-11 1.86989e-09 6.09011e-08 1.37347e-06 2.14487e-05 0.000231938 0.00173674 0.00900567 0.0323445 0.0805288 0.139435 0.170033 0.152913 0.116093 0.0917569 0.0770286 0.05777 0.0358243 0.0192155 0.00944411 0.00421737 0.00164793 0.000554181 0.000159019 3.8106e-05
 3.85284e-11 1.81219e-09 5.9022e-08 1.33109e-06 2.07869e-05 0.000224782 0.00168316 0.00872789 0.0313478 0.0780564 0.135217 0.165188 0.149516 0.115546 0.0938419 0.0804249 0.0611988 0.0386896 0.0213836 0.0109006 0.00504469 0.00203417 0.000700193 0.000203344 4.89378e-05
 3.88347e-11 1.8266e-09 5.94911e-08 1.34167e-06 2.09522e-05 0.000226568 0.00169654 0.00879725 0.0315968 0.0786755 0.136282 0.166455 0.150549 0.116086 0.0938913 0.0800148 0.0603159 0.0374824 0.0202327 0.0101322 0.00468779 0.00192255 0.000680072 0.000203456 5.02543e-05
#obs surv len freq
 4.07563e-11 1.91698e-09 6.24347e-08 1.40806e-06 2.19889e-05 0.000237779 0.00178048 0.00923237 0.0331579 0.0825441 0.142859 0.173904 0.155414 0.115937 0.0891554 0.0734226 0.0546576 0.0338287 0.0181937 0.00904358 0.00413314 0.00167093 0.000584961 0.000175029 4.38445e-05
 4.93345e-11 2.32046e-09 7.55758e-08 1.70443e-06 2.6617e-05 0.000287825 0.00215519 0.0111748 0.0401264 0.0998139 0.172217 0.207139 0.177061 0.115096 0.0677244 0.043641 0.0290883 0.0173801 0.00922445 0.00454853 0.00206644 0.000830983 0.000289153 8.58728e-05 2.13185e-05
 4.161e-11 1.95713e-09 6.37426e-08 1.43756e-06 2.24495e-05 0.00024276 0.00181777 0.00942579 0.0338528 0.0842762 0.145872 0.177638 0.15895 0.118897 0.0914275 0.07416 0.0527035 0.0293818 0.013118 0.00517961 0.00197532 0.000725825 0.00024367 7.13285e-05 1.75607e-05
 4.71864e-11 2.21942e-09 7.22851e-08 1.63021e-06 2.54581e-05 0.000275293 0.00206136 0.0106884 0.0383815 0.0954904 0.164873 0.198851 0.171752 0.115561 0.0734945 0.0515397 0.035799 0.0215488 0.0112357 0.0052498 0.00215129 0.000741157 0.000214162 5.35348e-05 1.17711e-05
 4.46124e-11 2.09835e-09 6.83419e-08 1.54128e-06 2.40693e-05 0.000260275 0.00194892 0.0101056 0.0362912 0.0903157 0.156114 0.189116 0.166029 0.117507 0.0823448 0.0624177 0.0435702 0.0246743 0.0115136 0.00483808 0.00192858 0.00070492 0.000222911 5.86227e-05 1.25394e-05
 4.35431e-11 2.04806e-09 6.67039e-08 1.50434e-06 2.34924e-05 0.000254037 0.00190221 0.00986347 0.0354224 0.0881607 0.152438 0.184897 0.163083 0.117072 0.0842594 0.0655659 0.0468327 0.0274158 0.01344 0.00589395 0.00234269 0.000814021 0.000242351 6.1919e-05 1.343e-05
 4.34399e-11 2.04321e-09 6.65459e-08 1.50078e-06 2.34368e-05 0.000253435 0.00189771 0.0098401 0.0353384 0.0879517 0.152077 0.184456 0.162688 0.116785 0.08408 0.0655364 0.0470328 0.0278386 0.013947 0.00632127 0.00261202 0.000942444 0.000287931 7.36975e-05 1.56372e-05
 4.60546e-11 2.16619e-09 7.05513e-08 1.59111e-06 2.48474e-05 0.00026869 0.00201192 0.0104322 0.0374624 0.0932145 0.161018 0.194554 0.169182 0.116296 0.0772043 0.0561484 0.0391377 0.0229746 0.0115014 0.00523639 0.00218916 0.000806402 0.000253719 6.71584e-05 1.46817e-05
 4.69459e-11 2.20811e-09 7.19167e-08 1.6219e-06 2.53283e-05 0.00027389 0.00205085 0.010634 0.0381866 0.0950111 0.164083 0.198076 0.171654 0.1167 0.0756833 0.0536346 0.0365446 0.0207761 0.00987673 0.00423081 0.00169144 0.00061123 0.000192259 5.14976e-05 1.14868e-05
 4.42961e-11 2.08348e-09 6.78575e-08 1.53036e-06 2.38987e-05 0.000258431 0.00193511 0.010034 0.0360343 0.0896792 0.155032 0.187895 0.165242 0.117567 0.0831918 0.0636056 0.0446239 0.0253648 0.0118389 0.00490202 0.00187381 0.000643435 0.000192167 4.93297e-05 1.0734e-05
 4.52838e-11 2.12993e-09 6.93704e-08 1.56448e-06 2.44316e-05 0.000264193 0.00197825 0.0102576 0.0368363 0.0916637 0.158387 0.1916 0.167343 0.116609 0.0794851 0.0591573 0.0415687 0.0243295 0.0120191 0.00532573 0.00213097 0.0007383 0.000215881 5.32503e-05 1.10505e-05
 4.55025e-11 2.14022e-09 6.97055e-08 1.57204e-06 2.45496e-05 0.000265469 0.0019878 0.0103072 0.0370141 0.0921051 0.159142 0.19248 0.167999 0.116815 0.0792558 0.0586312 0.0408769 0.0236094 0.0114442 0.00500468 0.00202093 0.000724371 0.000221757 5.68359e-05 1.19833e-05
 4.34568e-11 2.044e-09 6.65717e-08 1.50136e-06 2.34459e-05 0.000253534 0.00189844 0.00984393 0.0353524 0.087988 0.152151 0.1846 0.162986 0.117346 0.084851 0.0661562 0.0470781 0.0272682 0.013142 0.00568021 0.00226007 0.000799345 0.000243353 6.29029e-05 1.35682e-05
 4.03323e-11 1.89704e-09 6.17852e-08 1.39341e-06 2.17602e-05 0.000235305 0.00176196 0.00913641 0.0328141 0.081696 0.141445 0.172436 0.154909 0.11723 0.0920565 0.0765327 0.0563953 0.033747 0.0170345 0.00775238 0.00319563 0.00114449 0.000347427 8.89852e-05 1.90428e-05
 3.79167e-11 1.78342e-09 5.80848e-08 1.30996e-06 2.04569e-05 0.000221213 0.00165644 0.00858939 0.0308513 0.0768281 0.133145 0.162919 0.1483 0.116335 0.0964518 0.0835336 0.0633579 0.0394081 0.021119 0.0103108 0.00452512 0.00170825 0.000542588 0.000143821 3.1374e-05
 4.19076e-11 1.97113e-09 6.41985e-08 1.44784e-06 2.26101e-05 0.000244496 0.00183077 0.00949306 0.0340928 0.0848578 0.146771 0.178229 0.15788 0.114855 0.0848804 0.0682615 0.051069 0.0325588 0.0183574 0.00953511 0.00445148 0.0017902 0.000607455 0.000171543 3.95168e-05
 4.09687e-11 1.92697e-09 6.27602e-08 1.4154e-06 2.21035e-05 0.000239018 0.00178976 0.00928051 0.0333308 0.0829744 0.143604 0.174808 0.156211 0.116487 0.0894345 0.073318 0.0540153 0.0327642 0.0171387 0.00836206 0.00384368 0.00159157 0.000570262 0.000171562 4.21168e-05
 4.02047e-11 1.89104e-09 6.15898e-08 1.38901e-06 2.16913e-05 0.000234561 0.00175638 0.00910749 0.03271 0.0814347 0.140978 0.171796 0.154116 0.1162 0.0908482 0.0756367 0.0564288 0.0347845 0.018512 0.00904195 0.00404027 0.0015964 0.000549951 0.000163716 4.10483e-05
 4.0333e-11 1.89707e-09 6.17863e-08 1.39344e-06 2.17605e-05 0.000235309 0.00176199 0.00913652 0.032814 0.0816914 0.141407 0.172247 0.15429 0.115856 0.0900409 0.0747634 0.0559368 0.0348031 0.018833 0.00939092 0.00427242 0.00170324 0.000583062 0.000169789 4.14055e-05
 4.30035e-11 2.02268e-09 6.58773e-08 1.4857e-06 2.32013e-05 0.000250889 0.00187864 0.00974124 0.0349834 0.0870677 0.150546 0.18259 0.161016 0.115564 0.0833198 0.0654313 0.0479215 0.0296531 0.0160546 0.00804691 0.00369965 0.00149775 0.000521469 0.000153786 3.76241e-05
 4.1837e-11 1.96781e-09 6.40904e-08 1.4454e-06 2.2572e-05 0.000244084 0.00182769 0.00947713 0.0340363 0.0847236 0.146583 0.17821 0.158524 0.116674 0.087673 0.0706879 0.0515851 0.0309625 0.0158996 0.00754001 0.00334807 0.00133919 0.000467324 0.000139173 3.44827e-05
 4.06481e-11 1.91189e-09 6.2269e-08 1.40432e-06 2.19305e-05 0.000237148 0.00177575 0.00920788 0.0330702 0.0823277 0.142498 0.173529 0.155285 0.116268 0.0899074 0.0742519 0.0551663 0.0338762 0.0179208 0.00867367 0.00382436 0.0014812 0.000496409 0.000143255 3.49526e-05
 4.14491e-11 1.94957e-09 6.34961e-08 1.432e-06 2.23627e-05 0.000241821 0.00181074 0.00938925 0.0337206 0.0839381 0.145225 0.176562 0.157075 0.115677 0.0871545 0.0708103 0.0526075 0.0327396 0.0177686 0.00888122 0.00403763 0.00160171 0.000542854 0.000155611 3.71512e-05
 4.08878e-11 1.92317e-09 6.26363e-08 1.41261e-06 2.20599e-05 0.000238546 0.00178622 0.00926216 0.0332648 0.0828095 0.143313 0.174433 0.155806 0.116055 0.089014 0.0731148 0.0542704 0.0334352 0.0178736 0.00884644 0.00404151 0.0016345 0.000569164 0.000167477 4.07109e-05
 4.00625e-11 1.88435e-09 6.13719e-08 1.38409e-06 2.16146e-05 0.000233731 0.00175017 0.00907526 0.0325942 0.0811468 0.140481 0.171196 0.153597 0.11586 0.0906824 0.0756678 0.0567224 0.0353202 0.0191296 0.00955726 0.00436829 0.0017582 0.00061114 0.000181112 4.47299e-05
 3.94718e-11 1.85656e-09 6.0467e-08 1.36368e-06 2.12959e-05 0.000230285 0.00172437 0.0089415 0.0321142 0.0799558 0.138447 0.16885 0.151919 0.115503 0.0915532 0.0771939 0.0583619 0.0367923 0.020303 0.0103582 0.00481917 0.00196539 0.000688841 0.000204895 5.06974e-05
 3.72796e-11 1.75345e-09 5.71088e-08 1.28795e-06 2.01132e-05 0.000217496 0.00162861 0.00844509 0.0303333 0.0755408 0.130933 0.160301 0.146205 0.115313 0.0964325 0.0842727 0.064741 0.0412844 0.023115 0.0119998 0.00568679 0.00236501 0.000845417 0.000255835 6.41145e-05
 4.04417e-11 1.90218e-09 6.19529e-08 1.39719e-06 2.18192e-05 0.000235944 0.00176673 0.00916109 0.0329016 0.0819033 0.141731 0.172441 0.153825 0.114209 0.0873782 0.072305 0.0551112 0.0358943 0.0208682 0.0112518 0.00548443 0.00233026 0.000849705 0.000262278 6.69966e-05
#pred catch len freq
 3.04293e-11 1.43125e-09 4.66149e-08 1.05128e-06 1.64173e-05 0.00017753 0.00132935 0.00689335 0.0247605 0.0616714 0.106952 0.131223 0.12062 0.097274 0.0846864 0.0783486 0.0667007 0.0518511 0.0398554 0.0316255 0.0261957 0.0228412 0.0201064 0.0161629 0.0107068
 4.07999e-11 1.91903e-09 6.25017e-08 1.40957e-06 2.20124e-05 0.000238033 0.00178238 0.00924219 0.0331922 0.0826214 0.142936 0.173729 0.154394 0.113361 0.0849853 0.0688235 0.0512338 0.0324421 0.0188246 0.0112527 0.00730501 0.00517038 0.0038742 0.00280947 0.00175825
 3.92428e-11 1.8458e-09 6.01164e-08 1.35577e-06 2.11724e-05 0.00022895 0.00171437 0.00888974 0.0319292 0.0795056 0.137737 0.168307 0.152456 0.117973 0.0956336 0.0808339 0.0592318 0.0345628 0.0168041 0.00756324 0.00341135 0.00161366 0.000842936 0.000478341 0.000261011
 3.86039e-11 1.81574e-09 5.91376e-08 1.3337e-06 2.08276e-05 0.000225222 0.00168646 0.00874503 0.0314099 0.0782165 0.135531 0.165744 0.150562 0.117431 0.0964206 0.0825711 0.0615464 0.0370077 0.0187511 0.00856984 0.00356687 0.00132475 0.000453506 0.000157108 5.82197e-05
 3.99272e-11 1.87799e-09 6.11648e-08 1.37942e-06 2.15416e-05 0.000232942 0.00174427 0.00904469 0.0324848 0.0808799 0.140055 0.170845 0.153816 0.11711 0.0928278 0.0777059 0.0574942 0.0345858 0.0176434 0.00818464 0.003473 0.00129388 0.000413724 0.000114419 2.82339e-05
 3.92467e-11 1.84598e-09 6.01223e-08 1.35591e-06 2.11745e-05 0.000228972 0.00171454 0.00889061 0.0319323 0.0795124 0.137743 0.168288 0.152358 0.117749 0.0953529 0.0807531 0.0596112 0.0353359 0.0175549 0.00790874 0.0032961 0.00122381 0.00039224 0.000106909 2.44349e-05
 3.78873e-11 1.78204e-09 5.80398e-08 1.30894e-06 2.0441e-05 0.000221041 0.00165516 0.00858279 0.0308281 0.0767767 0.133097 0.163056 0.14904 0.118131 0.0991174 0.085808 0.0637768 0.0377848 0.0186625 0.00830545 0.00339569 0.00123013 0.000384277 0.000102548 2.30316e-05
 3.84733e-11 1.8096e-09 5.89375e-08 1.32919e-06 2.07572e-05 0.00022446 0.00168075 0.00871545 0.0313036 0.0779519 0.135072 0.16518 0.150044 0.11703 0.0961497 0.082528 0.0618738 0.0376777 0.0195105 0.00915141 0.00387691 0.00142262 0.000442704 0.000116444 2.56304e-05
 4.01213e-11 1.88711e-09 6.14621e-08 1.38612e-06 2.16463e-05 0.000234074 0.00175274 0.00908862 0.0326424 0.0812705 0.140719 0.171596 0.154304 0.117087 0.0923307 0.0770045 0.0568709 0.0341698 0.0174291 0.00811553 0.00347912 0.00131618 0.000425521 0.000115556 2.58705e-05
 3.94787e-11 1.85689e-09 6.04778e-08 1.36392e-06 2.12996e-05 0.000230326 0.00172468 0.00894314 0.0321207 0.0799786 0.138531 0.169158 0.15285 0.117519 0.0944727 0.0796955 0.0588802 0.0350827 0.0175957 0.00801738 0.00337229 0.00126124 0.000407528 0.000112069 2.56818e-05
 3.85566e-11 1.81352e-09 5.90651e-08 1.33207e-06 2.08021e-05 0.000224946 0.0016844 0.00873434 0.0313717 0.0781236 0.135385 0.165633 0.150676 0.117948 0.0972718 0.0833286 0.0617337 0.0365819 0.0181128 0.00810001 0.00333603 0.0012202 0.000385446 0.000104006 2.35857e-05
 4.03968e-11 1.90007e-09 6.18842e-08 1.39564e-06 2.1795e-05 0.000235682 0.00176478 0.00915102 0.0328664 0.081826 0.141666 0.172687 0.155075 0.117229 0.091898 0.0762963 0.0561666 0.0335762 0.0169408 0.0077301 0.00321491 0.00117109 0.000364573 9.63926e-05 2.13901e-05
 3.87713e-11 1.82362e-09 5.9394e-08 1.33948e-06 2.0918e-05 0.000226199 0.00169377 0.00878296 0.0315461 0.0785554 0.136116 0.166449 0.151167 0.117814 0.0965701 0.0824377 0.0610557 0.0362586 0.0180412 0.00812834 0.00337475 0.00124149 0.000391933 0.000104585 2.31946e-05
 3.63092e-11 1.70781e-09 5.56223e-08 1.25442e-06 1.95896e-05 0.000211834 0.00158622 0.00822544 0.0295462 0.0736002 0.127701 0.156962 0.145125 0.118434 0.103277 0.0914754 0.0685256 0.0406923 0.0201181 0.00895992 0.00366486 0.00132689 0.000413357 0.000109595 2.43356e-05
 3.42371e-11 1.61035e-09 5.24481e-08 1.18284e-06 1.84717e-05 0.000199746 0.00149571 0.0077562 0.0278623 0.0694223 0.120565 0.148725 0.139216 0.117141 0.106304 0.0969054 0.0745211 0.0461709 0.0243984 0.0116757 0.00501107 0.00184932 0.000576372 0.000151516 3.32747e-05
 3.51976e-11 1.65553e-09 5.39194e-08 1.21602e-06 1.89899e-05 0.000205349 0.00153766 0.00797366 0.0286422 0.0713527 0.123831 0.152346 0.141315 0.116326 0.102833 0.0925909 0.0713167 0.0447765 0.024305 0.0121004 0.00545523 0.0021308 0.000703427 0.000193638 4.3683e-05
 3.5963e-11 1.69153e-09 5.50919e-08 1.24246e-06 1.94028e-05 0.000209815 0.0015711 0.008147 0.0292642 0.0728961 0.126467 0.15539 0.143499 0.116805 0.101708 0.0905559 0.0690403 0.0426772 0.0226795 0.0111137 0.00501915 0.00200365 0.000687161 0.00019852 4.71372e-05
 3.51977e-11 1.65553e-09 5.39196e-08 1.21602e-06 1.89899e-05 0.00020535 0.00153767 0.0079737 0.0286425 0.0713546 0.123843 0.152399 0.141484 0.116696 0.103365 0.0930243 0.0713517 0.0443827 0.0237519 0.0116751 0.00524926 0.002078 0.000709937 0.000206827 5.02413e-05
 3.47364e-11 1.63383e-09 5.32129e-08 1.20008e-06 1.87411e-05 0.000202659 0.00151752 0.00786924 0.0282677 0.0704259 0.122264 0.150611 0.140319 0.116738 0.10451 0.0946123 0.072708 0.0452527 0.0242362 0.0119357 0.00538183 0.00213546 0.000729521 0.000212007 5.14086e-05
 3.62491e-11 1.70499e-09 5.55303e-08 1.25235e-06 1.95572e-05 0.000211484 0.0015836 0.00821181 0.0294969 0.0734743 0.127461 0.156567 0.144444 0.117269 0.101713 0.0901867 0.0683313 0.0417245 0.0217183 0.0103772 0.00458071 0.00179708 0.000610623 0.000177028 4.28733e-05
 3.80057e-11 1.78761e-09 5.82212e-08 1.31303e-06 2.05049e-05 0.000221732 0.00166033 0.00860955 0.0309235 0.0770081 0.133456 0.163293 0.148621 0.116537 0.0965232 0.0834403 0.063052 0.0389455 0.020681 0.0100509 0.00444882 0.00172581 0.000576174 0.000164352 3.93644e-05
 3.68072e-11 1.73123e-09 5.63852e-08 1.27163e-06 1.98583e-05 0.00021474 0.00160798 0.0083382 0.0299505 0.0746008 0.129391 0.158826 0.146165 0.117904 0.101316 0.0890865 0.0668007 0.040019 0.0201918 0.00931625 0.00400599 0.00154484 0.000516978 0.000147277 3.49836e-05
 3.60812e-11 1.69709e-09 5.5273e-08 1.24654e-06 1.94666e-05 0.000210504 0.00157626 0.00817379 0.0293607 0.0731384 0.126901 0.155988 0.144253 0.117804 0.102903 0.0914741 0.0690786 0.0417292 0.0212469 0.00980509 0.00413657 0.0015381 0.000494003 0.00013633 3.18193e-05
 3.67349e-11 1.72784e-09 5.62745e-08 1.26913e-06 1.98193e-05 0.000214318 0.00160482 0.00832178 0.0298911 0.0744478 0.129093 0.158305 0.145205 0.116201 0.0990431 0.0873351 0.0668367 0.0419082 0.0226954 0.0112024 0.00496336 0.00189375 0.000611878 0.00016688 3.80009e-05
 3.49883e-11 1.64568e-09 5.35988e-08 1.20879e-06 1.8877e-05 0.000204129 0.00152852 0.00792631 0.0284727 0.0709359 0.123145 0.151678 0.141248 0.117358 0.104806 0.0944959 0.0720338 0.0441263 0.0230776 0.0111193 0.00496197 0.00196311 0.000665816 0.000189474 4.42662e-05
 3.39778e-11 1.59815e-09 5.20509e-08 1.17388e-06 1.83318e-05 0.000198233 0.00148438 0.00769746 0.0276514 0.0688974 0.119659 0.14763 0.138268 0.116515 0.105986 0.0969314 0.0750048 0.0470833 0.0254756 0.0126131 0.00565854 0.00221596 0.000745918 0.00021413 5.13226e-05
 3.34228e-11 1.57205e-09 5.12006e-08 1.1547e-06 1.80324e-05 0.000194995 0.00146014 0.00757176 0.0272002 0.0677765 0.117735 0.145364 0.136492 0.115739 0.106153 0.0977796 0.0763645 0.0487732 0.0271526 0.0139226 0.00646597 0.00261154 0.000899559 0.000261324 6.29009e-05
 3.36194e-11 1.5813e-09 5.15018e-08 1.16149e-06 1.81384e-05 0.000196142 0.00146873 0.00761629 0.0273602 0.0681754 0.118429 0.146228 0.137319 0.116444 0.106697 0.0979267 0.075815 0.0476061 0.02589 0.0130475 0.00606035 0.00249 0.000881466 0.000263791 6.51667e-05
#obs catch len freq
 3.56252e-11 1.67564e-09 5.45745e-08 1.23079e-06 1.92206e-05 0.000207844 0.00155634 0.0080705 0.0289897 0.0722136 0.125294 0.153999 0.142381 0.116251 0.101699 0.0909948 0.0698897 0.0438113 0.0238019 0.0119529 0.00551538 0.00225163 0.000797027 0.000241423 6.12491e-05
 3.57652e-11 1.68222e-09 5.47889e-08 1.23563e-06 1.92961e-05 0.000208661 0.00156246 0.00810219 0.0291034 0.0724957 0.125775 0.154552 0.142769 0.116313 0.101462 0.0906139 0.0695134 0.0435038 0.0235677 0.0117853 0.00540708 0.00219038 0.000767621 0.000229822 5.75907e-05
 4.60779e-11 2.16728e-09 7.0587e-08 1.59192e-06 2.486e-05 0.000268826 0.00201294 0.0104374 0.0374809 0.0932575 0.161071 0.194517 0.168829 0.115383 0.075815 0.0549101 0.0387918 0.0236569 0.0126749 0.00628992 0.00286884 0.00115601 0.000402675 0.000119658 2.97166e-05
 3.67903e-11 1.73044e-09 5.63593e-08 1.27104e-06 1.98492e-05 0.000214642 0.00160724 0.00833444 0.0299379 0.0745768 0.129402 0.159084 0.147172 0.120217 0.104696 0.0919248 0.0672365 0.0378438 0.016994 0.00675303 0.00259058 0.000955349 0.000321273 9.41194e-05 2.3181e-05
 4.3421e-11 2.04231e-09 6.65168e-08 1.50012e-06 2.34266e-05 0.000253325 0.00189688 0.00983578 0.0353227 0.08791 0.151987 0.184267 0.162268 0.115972 0.0829748 0.0647124 0.0471281 0.0288383 0.0151599 0.00712491 0.00293057 0.00101167 0.000292669 7.32189e-05 1.61084e-05
 4.03777e-11 1.89917e-09 6.18548e-08 1.39498e-06 2.17846e-05 0.00023557 0.00176394 0.00914673 0.0328515 0.081793 0.141638 0.172791 0.155603 0.118497 0.0937571 0.0778236 0.0563161 0.0322798 0.0151635 0.00641239 0.00256924 0.000941823 0.000298236 7.8486e-05 1.67947e-05
 3.91249e-11 1.84025e-09 5.99357e-08 1.3517e-06 2.11088e-05 0.000228262 0.00170922 0.00886303 0.0318335 0.0792676 0.137329 0.167832 0.152101 0.117876 0.0958441 0.0813919 0.0601444 0.0356229 0.0175821 0.00775633 0.00309633 0.00107852 0.000321521 8.22113e-05 1.78401e-05
 3.90159e-11 1.83512e-09 5.97687e-08 1.34794e-06 2.105e-05 0.000227626 0.00170446 0.00883834 0.0317448 0.0790466 0.136944 0.167354 0.151648 0.117491 0.0955345 0.0812541 0.0603259 0.0361309 0.0182271 0.00831033 0.00344829 0.00124702 0.000381433 9.76969e-05 2.07384e-05
 4.20822e-11 1.97935e-09 6.4466e-08 1.45387e-06 2.27043e-05 0.000245515 0.0018384 0.00953266 0.0342355 0.0852184 0.14743 0.179198 0.159268 0.11693 0.0874875 0.0702561 0.0510641 0.0304099 0.01534 0.0070273 0.00295049 0.00108937 0.000343161 9.08949e-05 1.9879e-05
 4.32034e-11 2.03208e-09 6.61835e-08 1.49261e-06 2.33092e-05 0.000252056 0.00188738 0.00978656 0.0351466 0.0874785 0.151288 0.183637 0.162405 0.117498 0.0856613 0.0671665 0.0478117 0.0275859 0.0132119 0.00569533 0.00228787 0.000829007 0.000261115 6.9992e-05 1.56187e-05
 3.99673e-11 1.87987e-09 6.12261e-08 1.3808e-06 2.15632e-05 0.000233176 0.00174602 0.00905379 0.0325181 0.0809668 0.140235 0.171205 0.154581 0.118572 0.0948528 0.0793642 0.0576873 0.0331831 0.0155909 0.00649567 0.00249536 0.000859381 0.00025705 6.60408e-05 1.43774e-05
 4.11237e-11 1.93426e-09 6.29975e-08 1.42075e-06 2.21871e-05 0.000239922 0.00179653 0.00931561 0.033457 0.08329 0.144159 0.175526 0.156987 0.117331 0.0903419 0.0740166 0.0540981 0.0320935 0.0159714 0.00712036 0.00286142 0.000993758 0.00029095 7.18226e-05 1.49121e-05
 4.1427e-11 1.94853e-09 6.34622e-08 1.43123e-06 2.23508e-05 0.000241692 0.00180978 0.00938431 0.0337035 0.083902 0.145206 0.176745 0.157893 0.117607 0.0900118 0.073278 0.0531403 0.0311063 0.0151874 0.00668305 0.00271108 0.000974228 0.000298633 7.65934e-05 1.61559e-05
 3.89488e-11 1.83196e-09 5.96659e-08 1.34562e-06 2.10137e-05 0.000227234 0.00170153 0.00882315 0.0316906 0.0789146 0.136737 0.1672 0.15182 0.11825 0.0967878 0.0823933 0.0606551 0.0355431 0.017247 0.00750094 0.00299859 0.00106338 0.000324181 8.38602e-05 1.80971e-05
 3.54119e-11 1.66561e-09 5.42477e-08 1.22342e-06 1.91055e-05 0.0002066 0.00154703 0.00802224 0.0288171 0.0717914 0.124613 0.153408 0.142609 0.117971 0.104734 0.093966 0.0711829 0.0430229 0.0218596 0.0100069 0.00414212 0.00148684 0.000451898 0.000115826 2.47981e-05
 3.26408e-11 1.53527e-09 5.00026e-08 1.12769e-06 1.76105e-05 0.000190433 0.00142598 0.00739471 0.0265654 0.0662062 0.115086 0.142464 0.13494 0.116751 0.109493 0.101757 0.0791255 0.0496897 0.026811 0.0131657 0.00579979 0.00219379 0.000697553 0.000185016 4.03771e-05
 3.70657e-11 1.74339e-09 5.67811e-08 1.28056e-06 1.99978e-05 0.000216248 0.00161926 0.00839664 0.0301593 0.0751083 0.130188 0.159413 0.145476 0.114921 0.0963869 0.0845795 0.0654328 0.0422352 0.0239939 0.0125336 0.0058713 0.00236534 0.000803369 0.000226997 5.23094e-05
 3.60051e-11 1.69351e-09 5.51564e-08 1.24392e-06 1.94255e-05 0.00021006 0.00157294 0.00815653 0.0292986 0.0729819 0.126618 0.155587 0.143716 0.117038 0.101924 0.0906106 0.0687864 0.0421824 0.0222254 0.0109126 0.00503732 0.00209037 0.000749778 0.000225695 5.54235e-05
 3.51274e-11 1.65222e-09 5.38118e-08 1.21359e-06 1.8952e-05 0.00020494 0.0015346 0.00795777 0.0285854 0.0712127 0.1236 0.152118 0.141278 0.116643 0.103458 0.0932117 0.0715798 0.0446 0.0239059 0.0117468 0.00526966 0.00208655 0.000719613 0.000214362 5.37675e-05
 3.51979e-11 1.65554e-09 5.39198e-08 1.21603e-06 1.899e-05 0.000205351 0.00153768 0.00797372 0.0286425 0.0713528 0.123828 0.15233 0.14126 0.116201 0.102643 0.0924059 0.071226 0.0448118 0.0244289 0.0122555 0.00559734 0.00223597 0.000766251 0.000223274 5.44696e-05
 3.82617e-11 1.79965e-09 5.86133e-08 1.32188e-06 2.0643e-05 0.000223226 0.00167151 0.0086675 0.0311314 0.0775208 0.134313 0.164198 0.148984 0.115883 0.0949546 0.0817151 0.0620256 0.0388794 0.0212149 0.0106991 0.00493822 0.00200321 0.000698191 0.000206027 5.04232e-05
 3.68073e-11 1.73124e-09 5.63852e-08 1.27163e-06 1.98583e-05 0.00021474 0.00160798 0.00833819 0.0299504 0.0745984 0.129374 0.158746 0.145907 0.117333 0.100479 0.0883505 0.0666062 0.0404499 0.0209293 0.00999184 0.00445728 0.00178721 0.000624427 0.000186082 4.61229e-05
 3.54211e-11 1.66604e-09 5.42617e-08 1.22374e-06 1.91105e-05 0.000206653 0.00154743 0.00802428 0.0288241 0.0718047 0.124609 0.153276 0.142085 0.11676 0.102942 0.0923946 0.0707838 0.0439637 0.0234334 0.0114143 0.005054 0.00196186 0.000658293 0.000190107 4.64043e-05
 3.63238e-11 1.7085e-09 5.56447e-08 1.25493e-06 1.95975e-05 0.00021192 0.00158686 0.00822868 0.0295571 0.0736192 0.127679 0.15668 0.14406 0.116001 0.0997027 0.0883957 0.067868 0.0427543 0.0233862 0.0117629 0.00536917 0.00213437 0.000724186 0.000207726 4.96132e-05
 3.56486e-11 1.67674e-09 5.46103e-08 1.2316e-06 1.92332e-05 0.000207981 0.00155737 0.0080758 0.0290088 0.0722617 0.125381 0.154123 0.142549 0.116488 0.101985 0.0912024 0.0698651 0.0435503 0.0234629 0.0116891 0.00536294 0.00217373 0.000757794 0.000223125 5.42583e-05
 3.46821e-11 1.63128e-09 5.31296e-08 1.19821e-06 1.87118e-05 0.000202342 0.00151514 0.00785692 0.0282235 0.0703142 0.122062 0.150326 0.139939 0.116208 0.103867 0.0941341 0.0727336 0.0458118 0.0250055 0.0125736 0.00577075 0.00232772 0.000810028 0.000240212 5.93495e-05
 3.39828e-11 1.59839e-09 5.20584e-08 1.17405e-06 1.83345e-05 0.000198262 0.0014846 0.00769856 0.0276552 0.0689041 0.119652 0.14754 0.137925 0.115725 0.104808 0.095863 0.0746566 0.0476045 0.0264767 0.0135945 0.00635021 0.00259517 0.000910574 0.000271024 6.70857e-05
 3.16329e-11 1.48786e-09 4.84586e-08 1.09286e-06 1.70666e-05 0.000184553 0.00138195 0.00716642 0.025746 0.0641709 0.111594 0.138362 0.131757 0.115427 0.109901 0.103329 0.0814592 0.0524866 0.0296108 0.0154676 0.00735843 0.00306627 0.00109725 0.000332243 8.32933e-05
#spawning biomass
 3418.07 2913.13 4041.18 5787.29 7809.69 10860.6 12674.1 16568.9 21789.7 33853.4 42172 52954.8 80740.9 85632.4 93876.9 86941.2 81611 91403.5 89994.9 68874.1 79779.1 84941.5 79290.7 101522 108934 110972 114695 91556.3 78907.6 137595 99196.5 65298.4 45178.5 34747.8 29734.7 27435.2 26411.7 25965.1 25772.8 25690.7 25655.9 25641.3 25635.1 25632.5 25631.4 25630.9 25630.8 25630.7 25630.6 25630.6 25630.6 25630.6 25630.6 25630.6 25630.6 25630.6 25630.6 25630.6 25630.6 25630.6 25630.6 25630.6 25630.6 25630.6 25630.6 25630.6 25630.6 25630.6 25630.6 25630.6 25630.6 25630.6 25630.6 25630.6 25630.6 25630.6 25630.6 25630.6 25630.6 25630.6 25630.6 25630.6 25630.6 25630.6 25630.6 25630.6 25630.6 25630.6 25630.6 25630.6 25630.6 25630.6 25630.6 25630.6 25630.6 25630.6 25630.6 25630.6 25630.6 25630.6 25630.6 25630.6 25630.6 25630.6 25630.6 25630.6 25630.6 25630.6 25630.6 25630.6 25630.6 25630.6 25630.6 25630.6 25630.6 25630.6 25630.6 25630.6 25630.6 25630.6 25630.6 25630.6 25630.6 25630.6 25630.6 25630.6 25630.6 25630.6 0 0 0 0 0 0 0 0 0 0 0 0 0 0 0 0 0 0 0 0 0 0 0 0 0
