SBPRF35
0.175648
Curr Bio
230374
B35
318944
F35
0.77191
FOFL
0.390352
OFL
26253.6
Bzero
50185.1
#pred survey bio
 7892.35 7802.34 5716.65 6869.87 10195.6 15483 21252.8 33468.1 54026.3 82349.4 99155.2 137491 181933 198345 200274 211894 219958 233999 209664 220005 248030 231469 283699 291631 316748 344695 332510 348179 278662 7.6202e+06 5.2897e+06 3.05278e+06 1.69192e+06 1.03854e+06 742888 606791 540163 505028 485309 473774 466869 462689 460148 458598 457638 457066 456723 456518 456395 456321 456277 456250 456234 456225 456219 456215 456213 456212 456211 456211 456210 456210 456210 456210 456210 456210 456210 456210 456210 456210 456210 456210 456210 456210 456210 456210 456210 456210 456210 456210 456210 456210 456210 456210 456210 456210 456210 456210 456210 456210 456210 456210 456210 456210 456210 456210 456210 456210 456210 456210 456210 456210 456210 456210 456210 456210 456210 456210 456210 456210 456210 456210 456210 456210 456210 456210 456210 456210 456210 456210 456210 456210 456210 456210 456210 456210 456210 456210 456210 0 0 0 0 0 0 0 0 0 0 0 0 0 0 0 0 0 0 0 0 0 0 0 0 0
#obs survey bio
 6121.23 4701.55 4785.45 5524.6 10097.5 12453.9 16465.2 23948.3 40822.1 75561.8 83768.5 114868 153028 120209 121661 139588 218463 160114 139140 168723 186668 185686 251476 236742 271982 232280 243533 338290 263921
#pred catch bio
 2853.28 4146.89 2920.66 3412.51 4861.17 8031.79 10209 16605.5 26807.3 48213.7 54287.8 75927.6 110974 126898 128520 136727 136188 158728 138298 137345 171072 143172 189366 200570 206042 245335 225358 252697 231125 26253.6 103109 53447.1 25165.2 13279.4 8879.92 7376.38 6889.51 6737.73 6691.7 6678.02 6674.01 6672.85 6672.52 6672.43 6672.4 6672.39 6672.39 6672.39 6672.39 6672.39 6672.39 6672.39 6672.39 6672.39 6672.39 6672.39 6672.39 6672.39 6672.39 6672.39 6672.39 6672.39 6672.39 6672.39 6672.39 6672.39 6672.39 6672.39 6672.39 6672.39 6672.39 6672.39 6672.39 6672.39 6672.39 6672.39 6672.39 6672.39 6672.39 6672.39 6672.39 6672.39 6672.39 6672.39 6672.39 6672.39 6672.39 6672.39 6672.39 6672.39 6672.39 6672.39 6672.39 6672.39 6672.39 6672.39 6672.39 6672.39 6672.39 6672.39 6672.39 6672.39 6672.39 6672.39 6672.39 6672.39 6672.39 6672.39 6672.39 6672.39 6672.39 6672.39 6672.39 6672.39 6672.39 6672.39 6672.39 6672.39 6672.39 6672.39 6672.39 6672.39 6672.39 6672.39 6672.39 6672.39 6672.39 6672.39 6672.39 0 0 0 0 0 0 0 0 0 0 0 0 0 0 0 0 0 0 0 0 0 0 0 0 0
#obs catch bio
 4713.68 4492.2 3120.85 3489.57 4667.04 7794.46 9432.62 15939.9 25087.2 47630.8 50958 68329.1 104827 133032 134435 143555 124828 158268 142431 134594 168266 134830 178994 185316 201774 240661 221444 221927 234261
#pred cpue bio
 5537.92 6128.47 4160.84 4030.53 5806.46 8973.03 12321.6 18907.5 29766.9 46886.1 56549.3 76793.2 103774 114797 114710 118396 123881 135535 119310 119998 139110 127086 153895 159713 163047 190200 172883 186711 154576 3.33221e+06 5.07886e+06 2.95918e+06 1.59869e+06 945303 649650 513554 446925 411791 392071 380536 373631 369451 366910 365360 364401 363828 363486 363280 363157 363083 363039 363012 362996 362987 362981 362977 362975 362974 362973 362973 362973 362972 362972 362972 362972 362972 362972 362972 362972 362972 362972 362972 362972 362972 362972 362972 362972 362972 362972 362972 362972 362972 362972 362972 362972 362972 362972 362972 362972 362972 362972 362972 362972 362972 362972 362972 362972 362972 362972 362972 362972 362972 362972 362972 362972 362972 362972 362972 362972 362972 362972 362972 362972 362972 362972 362972 362972 362972 362972 362972 362972 362972 362972 362972 362972 362972 362972 362972 362972 0 0 0 0 0 0 0 0 0 0 0 0 0 0 0 0 0 0 0 0 0 0 0 0 0
#obs cpue bio
 8205.36 6360.99 4944.82 4275.73 8147.71 12064.2 23264.7 28566.8 52471.3 51543.4 94520.2 145059 142715 133111 165419 149359 212413 180773 148805 183099 204586 199260 228793 277827 182147 323055 249659 361592 144462
#pred surv len freq
 1.68482e-11 1.82952e-09 1.17127e-07 4.42097e-06 9.83821e-05 0.0012908 0.0099855 0.0455577 0.122752 0.196685 0.193843 0.135207 0.0922174 0.0691133 0.0466021 0.0288127 0.0182641 0.0118182 0.00788173 0.00555312 0.00421133 0.00348631 0.00299127 0.00229216 0.00133259
 1.25063e-11 1.35804e-09 8.69429e-08 3.28166e-06 7.3029e-05 0.000958186 0.00741335 0.0338444 0.0914917 0.149021 0.158328 0.141075 0.136425 0.11928 0.076889 0.0395901 0.0199849 0.0105796 0.00580027 0.0033455 0.00208213 0.00144648 0.00110192 0.000802781 0.000464364
 1.48384e-11 1.61127e-09 1.03155e-07 3.89359e-06 8.66462e-05 0.00113684 0.00879485 0.0401356 0.108282 0.174622 0.177413 0.138026 0.113295 0.094479 0.0649338 0.0385647 0.0213154 0.0103612 0.00451735 0.00198042 0.000937621 0.000499417 0.000306996 0.000198122 0.000109311
 1.87349e-11 2.03439e-09 1.30243e-07 4.91603e-06 0.000109399 0.00143534 0.0111035 0.0506544 0.136431 0.218168 0.212952 0.14292 0.0895098 0.0615535 0.0374131 0.0192714 0.00974275 0.0049118 0.00229022 0.000945192 0.000351781 0.000131925 5.69689e-05 2.86923e-05 1.402e-05
 1.87752e-11 2.03876e-09 1.30524e-07 4.92661e-06 0.000109634 0.00143843 0.0111275 0.0507656 0.136755 0.218883 0.214577 0.146448 0.0946631 0.0651706 0.0365526 0.015015 0.00529477 0.00195383 0.000769423 0.00030517 0.000112707 3.6849e-05 1.12666e-05 3.74419e-06 1.38624e-06
 1.85058e-11 2.00951e-09 1.2865e-07 4.85591e-06 0.000108061 0.00141779 0.0109678 0.0500385 0.134812 0.215898 0.212245 0.14646 0.0968785 0.0679629 0.0386391 0.0161855 0.0057146 0.00188699 0.000561152 0.000156312 4.50659e-05 1.31617e-05 3.55508e-06 8.73263e-07 2.13279e-07
 1.84739e-11 2.00604e-09 1.28429e-07 4.84754e-06 0.000107875 0.00141535 0.0109489 0.0499526 0.134585 0.215566 0.212071 0.146743 0.0975649 0.0685576 0.038728 0.0158993 0.00542862 0.00174962 0.00051022 0.000129894 2.94036e-05 6.12975e-06 1.24705e-06 2.46964e-07 4.52094e-08
 1.88911e-11 2.05135e-09 1.31329e-07 4.95702e-06 0.000110311 0.00144731 0.0111961 0.0510782 0.137588 0.220141 0.215457 0.146111 0.0932518 0.0638407 0.0362173 0.0153859 0.00557563 0.0018749 0.000547468 0.000136218 2.96057e-05 5.54802e-06 8.9039e-07 1.26593e-07 1.66777e-08
 1.91941e-11 2.08424e-09 1.33435e-07 5.03651e-06 0.00011208 0.00147052 0.0113756 0.0518959 0.139776 0.223522 0.218198 0.146428 0.091297 0.0611753 0.0340164 0.01388 0.00472006 0.00152696 0.000452484 0.000117203 2.608e-05 4.83451e-06 7.36097e-07 9.18215e-08 9.41847e-09
 1.87152e-11 2.03225e-09 1.30106e-07 4.91086e-06 0.000109284 0.00143384 0.0110919 0.0506039 0.136326 0.21825 0.214211 0.146878 0.0958342 0.0663384 0.0370695 0.0149035 0.00488777 0.0015036 0.000421145 0.000103648 2.265e-05 4.27074e-06 6.63872e-07 8.21912e-08 7.93212e-09
 1.86367e-11 2.02372e-09 1.2956e-07 4.89026e-06 0.000108825 0.00142782 0.0110454 0.0503925 0.135766 0.217427 0.213751 0.147484 0.0973878 0.0677224 0.0373461 0.0143266 0.00425384 0.0011678 0.000301861 6.96525e-05 1.42713e-05 2.54593e-06 3.83958e-07 4.74707e-08 4.61843e-09
 1.89691e-11 2.05982e-09 1.31872e-07 4.97749e-06 0.000110767 0.00145329 0.0112424 0.0512892 0.138158 0.221065 0.216418 0.146895 0.0938237 0.0638878 0.0354012 0.0140546 0.00447582 0.00130282 0.00033165 7.03965e-05 1.29953e-05 2.12157e-06 2.97551e-07 3.47101e-08 3.25641e-09
 1.86496e-11 2.02513e-09 1.2965e-07 4.89365e-06 0.000108901 0.00142881 0.0110531 0.0504273 0.135857 0.217557 0.213799 0.147309 0.0970185 0.0674241 0.0373443 0.0145387 0.00445298 0.00126071 0.000326546 7.26709e-05 1.37402e-05 2.15695e-06 2.77135e-07 2.93445e-08 2.53566e-09
 1.83974e-11 1.99774e-09 1.27897e-07 4.82748e-06 0.000107429 0.0014095 0.0109037 0.0497471 0.134044 0.214803 0.211806 0.147836 0.0998484 0.0704297 0.0388159 0.0146582 0.00418012 0.00107888 0.000260194 5.5234e-05 1.02705e-05 1.6401e-06 2.15087e-07 2.24055e-08 1.8178e-09
 1.85379e-11 2.013e-09 1.28874e-07 4.86435e-06 0.000108249 0.00142026 0.0109869 0.0501263 0.135058 0.216365 0.213047 0.147902 0.0988213 0.0691234 0.0378523 0.0140933 0.00388153 0.000946618 0.000213403 4.16522e-05 7.06536e-06 1.051e-06 1.3293e-07 1.37841e-08 1.1266e-09
 1.88883e-11 2.05104e-09 1.3131e-07 4.95628e-06 0.000110295 0.0014471 0.0111945 0.0510717 0.137583 0.220234 0.216021 0.147732 0.0957465 0.0655172 0.0355725 0.0131395 0.00355731 0.000843629 0.000184002 3.43279e-05 5.45133e-06 7.46189e-07 8.61881e-08 8.24656e-09 6.3973e-10
 1.87615e-11 2.03727e-09 1.30428e-07 4.92301e-06 0.000109554 0.00143738 0.0111194 0.0507296 0.136671 0.218847 0.215009 0.147971 0.0971294 0.0669995 0.0363178 0.0132311 0.00345357 0.00077425 0.000161152 2.90648e-05 4.45356e-06 5.82749e-07 6.33797e-08 5.61062e-09 3.98806e-10
 1.83706e-11 1.99483e-09 1.27711e-07 4.82045e-06 0.000107272 0.00140744 0.0108878 0.0496748 0.133852 0.214518 0.211632 0.147996 0.100311 0.0708659 0.0389509 0.0145446 0.00401917 0.000973648 0.000211027 3.75709e-05 5.51262e-06 6.88232e-07 7.17603e-08 6.07129e-09 4.0791e-10
 1.8605e-11 2.02028e-09 1.2934e-07 4.88193e-06 0.00010864 0.00142539 0.0110266 0.0503073 0.135543 0.217127 0.213721 0.148158 0.0986716 0.0687201 0.0372841 0.013497 0.00346069 0.000755813 0.000155232 2.81437e-05 4.33091e-06 5.54585e-07 5.6973e-08 4.6322e-09 2.97184e-10
 1.92036e-11 2.08528e-09 1.33502e-07 5.03902e-06 0.000112136 0.00147125 0.0113813 0.0519226 0.139856 0.223722 0.218728 0.147661 0.0931046 0.0623542 0.0334843 0.0121637 0.00316253 0.000700735 0.000141689 2.41917e-05 3.44654e-06 4.23624e-07 4.39494e-08 3.66921e-09 2.37153e-10
 1.88239e-11 2.04405e-09 1.30862e-07 4.93939e-06 0.000109919 0.00144217 0.0111564 0.050898 0.13712 0.219533 0.215521 0.147891 0.0965061 0.0663094 0.0359385 0.0131365 0.00345751 0.000781646 0.000161289 2.80054e-05 4.01047e-06 4.80658e-07 4.71958e-08 3.73262e-09 2.35719e-10
 1.90921e-11 2.07317e-09 1.32726e-07 5.00976e-06 0.000111485 0.00146271 0.0113152 0.0516218 0.139055 0.222511 0.217879 0.147983 0.0944886 0.0637644 0.0340816 0.0120786 0.00293381 0.00058046 0.000107671 1.79918e-05 2.57847e-06 3.12921e-07 3.09803e-08 2.42719e-09 1.48207e-10
 1.92867e-11 2.09431e-09 1.34079e-07 5.06083e-06 0.000112621 0.00147762 0.0114305 0.0521467 0.140454 0.224629 0.219385 0.147487 0.0921731 0.0613697 0.0330115 0.0121351 0.00325113 0.000749225 0.000153021 2.51006e-05 3.28421e-06 3.64695e-07 3.46151e-08 2.69647e-09 1.65531e-10
 1.91277e-11 2.07704e-09 1.32974e-07 5.0191e-06 0.000111693 0.00146544 0.0113363 0.0517178 0.139311 0.222902 0.218173 0.147943 0.0941422 0.0633752 0.0338587 0.0120125 0.00292904 0.000584873 0.000110121 1.87327e-05 2.70875e-06 3.21822e-07 3.00624e-08 2.18466e-09 1.25491e-10
 1.99069e-11 2.16165e-09 1.38391e-07 5.22355e-06 0.000116242 0.00152513 0.0117979 0.0538202 0.144926 0.231494 0.224727 0.1474 0.0870531 0.0551891 0.0288588 0.0101225 0.0024129 0.000458245 7.97559e-05 1.22071e-05 1.57077e-06 1.75172e-07 1.67503e-08 1.29563e-09 7.69011e-11
 1.90184e-11 2.06517e-09 1.32214e-07 4.99043e-06 0.000111055 0.00145707 0.0112716 0.0514231 0.138525 0.221703 0.21728 0.148092 0.0952478 0.0645986 0.0345327 0.0121782 0.00290971 0.000553353 9.58056e-05 1.43444e-05 1.75387e-06 1.79455e-07 1.543e-08 1.09065e-09 6.24516e-11
 1.97788e-11 2.14774e-09 1.375e-07 5.18995e-06 0.000115495 0.00151532 0.0117221 0.0534747 0.144004 0.230089 0.223683 0.14758 0.0883557 0.056624 0.0296382 0.0103025 0.00238511 0.00042612 6.90957e-05 9.98491e-06 1.20064e-06 1.20591e-07 1.00054e-08 6.63793e-10 3.47731e-11
 1.93916e-11 2.1057e-09 1.34809e-07 5.08835e-06 0.000113234 0.00148566 0.0114927 0.0524301 0.141215 0.225822 0.220438 0.147883 0.0919291 0.0607263 0.0321109 0.0111969 0.00259976 0.000466022 7.52134e-05 1.05998e-05 1.2137e-06 1.15162e-07 9.16401e-09 5.91708e-10 3.01036e-11
 1.89253e-11 2.05506e-09 1.31567e-07 4.966e-06 0.000110511 0.00144993 0.0112164 0.051172 0.137856 0.220694 0.216577 0.148378 0.0964302 0.0657935 0.0350233 0.0120818 0.00269655 0.000442141 6.4046e-05 8.465e-06 9.44439e-07 8.78376e-08 6.76311e-09 4.16442e-10 2.01484e-11
#obs surv len freq
 1.21473e-11 1.31906e-09 8.4447e-08 3.18746e-06 7.09326e-05 0.000930679 0.00720052 0.0328723 0.0888571 0.144683 0.153555 0.136758 0.133639 0.121149 0.0845619 0.048725 0.0259434 0.012676 0.00549034 0.00206036 0.00063934 0.000154121 2.71582e-05 3.32414e-06 2.7179e-07
 6.69997e-12 7.27538e-10 4.65776e-08 1.75808e-06 3.91243e-05 0.000513375 0.00397345 0.0181751 0.0496029 0.084505 0.106732 0.136659 0.175846 0.172843 0.121566 0.0689263 0.0352784 0.0161189 0.00635561 0.00212991 0.000585931 0.00012557 1.9823e-05 2.18972e-06 1.62342e-07
 1.68998e-11 1.83512e-09 1.17486e-07 4.43451e-06 9.86837e-05 0.00129476 0.0100161 0.0456974 0.123119 0.197144 0.193483 0.132532 0.0882332 0.0699708 0.0559907 0.0404045 0.0243175 0.0115577 0.00438287 0.00134891 0.000331224 6.24907e-05 8.6717e-06 8.46881e-07 5.595e-08
 1.57817e-11 1.7137e-09 1.09713e-07 4.14111e-06 9.21549e-05 0.00120912 0.00935453 0.0426981 0.115286 0.186478 0.191293 0.151287 0.122493 0.0937476 0.0525226 0.0210737 0.00761499 0.00310253 0.00123759 0.000394088 9.31712e-05 1.60455e-05 1.97688e-06 1.69703e-07 9.85586e-09
 1.66865e-11 1.81195e-09 1.16003e-07 4.37853e-06 9.74383e-05 0.00127844 0.00989067 0.0451416 0.121827 0.196568 0.199196 0.150923 0.114186 0.0844324 0.0477992 0.0197007 0.00650246 0.001849 0.000466045 0.000109766 2.32418e-05 3.84249e-06 4.47738e-07 3.52013e-08 1.83025e-09
 1.59164e-11 1.72834e-09 1.1065e-07 4.17648e-06 9.29421e-05 0.00121946 0.00943485 0.0430707 0.116352 0.18852 0.194186 0.153963 0.122878 0.0917821 0.050606 0.0197804 0.00608314 0.00160239 0.000352752 6.26203e-05 9.08911e-06 1.09567e-06 1.054e-07 7.43199e-09 3.5591e-10
 1.6342e-11 1.77455e-09 1.13608e-07 4.28814e-06 9.54271e-05 0.00125207 0.00968725 0.0442241 0.119473 0.193538 0.19885 0.155587 0.120516 0.0870883 0.0463151 0.0171326 0.0048285 0.00114246 0.000225386 3.53362e-05 4.30233e-06 4.00491e-07 2.80598e-08 1.45991e-09 5.50573e-11
 1.68485e-11 1.82955e-09 1.17129e-07 4.42106e-06 9.83851e-05 0.00129089 0.00998759 0.0455952 0.123165 0.199353 0.203789 0.156206 0.116313 0.0812285 0.042247 0.0153477 0.00421885 0.00095299 0.000174395 2.46648e-05 2.64812e-06 2.12959e-07 1.25012e-08 5.21573e-10 1.51606e-11
 1.6769e-11 1.82091e-09 1.16576e-07 4.40019e-06 9.79209e-05 0.00128481 0.00994089 0.0453881 0.122668 0.198904 0.20444 0.158318 0.118175 0.0811833 0.0409367 0.0141518 0.00361113 0.000749846 0.000127591 1.68833e-05 1.67708e-06 1.22215e-07 6.36517e-09 2.3116e-10 5.73738e-12
 1.47779e-11 1.60471e-09 1.02735e-07 3.87775e-06 8.62955e-05 0.00113232 0.00876254 0.0400369 0.108532 0.178156 0.191435 0.165544 0.139383 0.0993087 0.0484658 0.0152649 0.00327096 0.000535802 7.31902e-05 8.21171e-06 7.17496e-07 4.69031e-08 2.21202e-09 7.26931e-11 1.61912e-12
 1.69255e-11 1.83791e-09 1.17665e-07 4.44128e-06 9.88357e-05 0.00129683 0.0100346 0.0458271 0.123955 0.201491 0.208283 0.161906 0.118494 0.0776476 0.0366312 0.0114237 0.00245311 0.000397081 5.05209e-05 4.87636e-06 3.4537e-07 1.80145e-08 6.95184e-10 1.94251e-11 3.78931e-13
 1.6464e-11 1.7878e-09 1.14457e-07 4.32019e-06 9.61415e-05 0.00126151 0.0097621 0.0445967 0.12077 0.197152 0.206573 0.165326 0.123968 0.0806364 0.0367536 0.0107364 0.00205143 0.000279856 2.99848e-05 2.56438e-06 1.66579e-07 7.87317e-09 2.64052e-10 6.15858e-12 9.8331e-14
 1.55053e-11 1.6837e-09 1.07792e-07 4.06864e-06 9.05445e-05 0.00118811 0.00919545 0.0420309 0.114056 0.187585 0.201265 0.169516 0.133401 0.087808 0.0397501 0.0115503 0.00221913 0.000305731 3.21998e-05 2.55923e-06 1.46498e-07 5.93059e-09 1.70593e-10 3.47243e-12 4.89265e-14
 1.43471e-11 1.55793e-09 9.974e-08 3.76473e-06 8.37825e-05 0.00109945 0.00851107 0.0389347 0.105976 0.176175 0.195259 0.175176 0.145161 0.0962629 0.0427893 0.0120453 0.00220728 0.00028473 2.79139e-05 2.09351e-06 1.14697e-07 4.43071e-09 1.18881e-10 2.18586e-12 2.70818e-14
 1.54182e-11 1.67424e-09 1.07186e-07 4.0458e-06 9.00376e-05 0.00118152 0.00914603 0.0418293 0.113718 0.188009 0.204022 0.173534 0.134434 0.085043 0.0367388 0.0101528 0.00183867 0.000234691 2.2508e-05 1.61659e-06 8.31605e-08 2.97969e-09 7.39286e-11 1.26177e-12 1.4565e-14
 1.49657e-11 1.6251e-09 1.04041e-07 3.92709e-06 8.73968e-05 0.00114692 0.00887975 0.0406354 0.110688 0.184121 0.203 0.177065 0.138871 0.0869302 0.0367386 0.00987528 0.00172637 0.000210431 1.91428e-05 1.30869e-06 6.45289e-08 2.219e-09 5.24656e-11 8.43045e-13 9.05469e-15
 1.54782e-11 1.68075e-09 1.07604e-07 4.06157e-06 9.03903e-05 0.00118623 0.00918443 0.0420327 0.11449 0.190208 0.208168 0.177281 0.133747 0.080623 0.03291 0.00849977 0.00140414 0.000157473 1.29074e-05 7.96281e-07 3.5921e-08 1.14152e-09 2.50733e-11 3.75953e-13 3.78367e-15
 1.47229e-11 1.59873e-09 1.02353e-07 3.86341e-06 8.59822e-05 0.00112847 0.00873962 0.0400333 0.109364 0.183321 0.205247 0.181362 0.140353 0.0848607 0.0346213 0.00908909 0.00157874 0.000192828 1.72166e-05 1.10387e-06 4.87742e-08 1.45319e-09 2.92008e-11 3.97031e-13 3.62821e-15
 1.42182e-11 1.54393e-09 9.88448e-08 3.73103e-06 8.30383e-05 0.00108994 0.00844374 0.0387152 0.106077 0.179317 0.20469 0.185625 0.144984 0.0864183 0.0342876 0.0086602 0.00142705 0.000163435 1.37767e-05 8.5831e-07 3.80888e-08 1.16282e-09 2.39118e-11 3.25701e-13 2.89079e-15
 1.62769e-11 1.76748e-09 1.13157e-07 4.27123e-06 9.50592e-05 0.00124762 0.00966226 0.0442484 0.120683 0.200707 0.218061 0.178558 0.124311 0.0686945 0.0261363 0.00642807 0.00103659 0.000115779 9.39817e-06 5.54783e-07 2.30653e-08 6.583e-10 1.27563e-11 1.66256e-13 1.43519e-15
 1.39738e-11 1.5174e-09 9.71467e-08 3.667e-06 8.16183e-05 0.00107149 0.00830544 0.0381413 0.104954 0.179245 0.208221 0.190744 0.146003 0.0832506 0.0312929 0.00742749 0.00113211 0.000116887 8.66586e-06 4.70561e-07 1.82675e-08 4.90937e-10 8.94939e-12 1.09096e-13 8.76352e-16
 1.59075e-11 1.72738e-09 1.1059e-07 4.1744e-06 9.29093e-05 0.0012196 0.00944962 0.0433315 0.118603 0.198967 0.219769 0.182828 0.126308 0.0676233 0.0248169 0.00593454 0.000940538 0.00010335 8.09297e-06 4.45548e-07 1.67193e-08 4.19749e-10 7.0266e-12 7.8378e-14 5.78365e-16
 1.5163e-11 1.64653e-09 1.05414e-07 3.97913e-06 8.85685e-05 0.00116282 0.00901449 0.0414002 0.113816 0.193167 0.218837 0.188588 0.132737 0.0701004 0.0247007 0.00551607 0.00078685 7.5095e-05 5.0862e-06 2.52043e-07 8.99013e-09 2.22518e-10 3.70523e-12 4.05943e-14 2.87707e-16
 1.62878e-11 1.76868e-09 1.13235e-07 4.27433e-06 9.51385e-05 0.00124904 0.00968131 0.0444327 0.121834 0.204884 0.225928 0.184159 0.12109 0.0606907 0.0207047 0.00453968 0.000641833 6.07858e-05 4.01773e-06 1.87528e-07 6.06564e-09 1.32944e-10 1.95456e-12 1.921e-14 1.25279e-16
 1.49242e-11 1.62061e-09 1.03757e-07 3.9167e-06 8.7188e-05 0.00114502 0.00888326 0.0408768 0.112899 0.193452 0.222184 0.192338 0.132517 0.0672468 0.0227217 0.00489764 0.000679993 6.32343e-05 4.0966e-06 1.86785e-07 5.87591e-09 1.24321e-10 1.74057e-12 1.5975e-14 9.52826e-17
 1.44301e-11 1.56697e-09 1.00323e-07 3.78723e-06 8.43139e-05 0.00110757 0.00859861 0.0396384 0.109971 0.190336 0.222487 0.196086 0.135586 0.0680057 0.0225837 0.00479004 0.000656751 6.04145e-05 3.85712e-06 1.71856e-07 5.23922e-09 1.06825e-10 1.43621e-12 1.262e-14 7.18102e-17
 1.65111e-11 1.79294e-09 1.1479e-07 4.33327e-06 9.64633e-05 0.00126686 0.00982755 0.0451893 0.124391 0.210461 0.232729 0.186091 0.115588 0.0535399 0.0168774 0.00344116 0.000454242 4.00616e-05 2.44129e-06 1.03777e-07 3.02747e-09 5.92343e-11 7.64351e-13 6.43069e-15 3.49051e-17
 1.43765e-11 1.56116e-09 9.99545e-08 3.77359e-06 8.40262e-05 0.0011043 0.00858291 0.0396679 0.110645 0.193245 0.227767 0.199153 0.132848 0.0629993 0.0195588 0.00382717 0.000473475 3.81641e-05 2.08645e-06 7.94439e-08 2.10244e-09 3.78845e-11 4.55002e-13 3.58459e-15 1.82846e-17
 1.27976e-11 1.38973e-09 8.8983e-08 3.35981e-06 7.48376e-05 0.000984403 0.00766832 0.0356444 0.100813 0.181495 0.225437 0.209125 0.144472 0.068747 0.021009 0.00400759 0.000479607 3.6981e-05 1.9022e-06 6.68396e-08 1.60469e-09 2.5907e-11 2.76759e-13 1.93696e-15 8.81998e-18
#pred catch len freq
 1.11849e-11 1.21455e-09 7.77565e-08 2.93492e-06 6.53127e-05 0.000856944 0.0066301 0.0302696 0.0818414 0.133412 0.142269 0.128221 0.126429 0.114646 0.0813629 0.0509912 0.0324885 0.0210567 0.0140476 0.00989766 0.00750613 0.00621388 0.00533153 0.00408546 0.00237515
 7.63774e-12 8.29367e-10 5.30969e-08 2.00415e-06 4.46e-05 0.000585212 0.00452893 0.0207048 0.0563647 0.0949768 0.115653 0.139702 0.173261 0.164738 0.10831 0.0561299 0.0284482 0.0150878 0.00827558 0.00477349 0.00297086 0.0020639 0.00157226 0.00114544 0.000662574
 9.88015e-12 1.07287e-09 6.86859e-08 2.59255e-06 5.7694e-05 0.000756994 0.00585729 0.0267528 0.07249 0.119435 0.133253 0.134718 0.14799 0.139245 0.0985905 0.0590307 0.0327366 0.0159326 0.00694857 0.00304643 0.00144232 0.000768238 0.000472243 0.000304765 0.00016815
 1.49269e-11 1.62088e-09 1.0377e-07 3.91681e-06 8.7163e-05 0.00114362 0.00884741 0.0403773 0.108959 0.175917 0.17967 0.142124 0.118805 0.097661 0.0624723 0.032568 0.0165295 0.008345 0.00389229 0.00160645 0.000597888 0.00022422 9.68241e-05 4.87653e-05 2.38284e-05
 1.48968e-11 1.61762e-09 1.03561e-07 3.90892e-06 8.69875e-05 0.00114132 0.00882977 0.0403003 0.108799 0.176043 0.181593 0.148159 0.128415 0.104812 0.061649 0.0256081 0.00907065 0.00335615 0.00132294 0.000524797 0.000193823 6.33696e-05 1.93754e-05 6.43891e-06 2.38393e-06
 1.48315e-11 1.61052e-09 1.03107e-07 3.89178e-06 8.66062e-05 0.00113632 0.00879108 0.0401239 0.108326 0.175307 0.180971 0.148014 0.128774 0.105545 0.0626362 0.0264997 0.00939091 0.00310729 0.000924786 0.000257653 7.42845e-05 2.1695e-05 5.86e-06 1.43944e-06 3.51557e-07
 1.44783e-11 1.57217e-09 1.00652e-07 3.7991e-06 8.45436e-05 0.00110926 0.00858183 0.0391711 0.105785 0.17144 0.178129 0.148617 0.132529 0.10961 0.064742 0.0268591 0.00920977 0.00297601 0.000868787 0.000221239 5.0083e-05 1.04408e-05 2.12409e-06 4.2065e-07 7.70044e-08
 1.52259e-11 1.65335e-09 1.05849e-07 3.99527e-06 8.8909e-05 0.00116653 0.00902471 0.0411879 0.111166 0.17964 0.184213 0.147534 0.124875 0.101206 0.0602208 0.025869 0.00941265 0.00317195 0.000926954 0.000230685 5.01385e-05 9.39576e-06 1.5079e-06 2.14389e-07 2.82441e-08
 1.57e-11 1.70483e-09 1.09145e-07 4.11966e-06 9.16773e-05 0.00120285 0.00930559 0.0424676 0.114591 0.184936 0.188525 0.148092 0.121909 0.0970953 0.0567459 0.0234219 0.00799735 0.00259312 0.000769129 0.000199265 4.43416e-05 8.21968e-06 1.25152e-06 1.56115e-07 1.60133e-08
 1.57146e-11 1.70642e-09 1.09246e-07 4.12351e-06 9.17628e-05 0.00120397 0.00931428 0.0425074 0.1147 0.185124 0.188775 0.148433 0.122317 0.0973215 0.0565527 0.0229354 0.00754218 0.00232344 0.00065115 0.000160276 3.5025e-05 6.60404e-06 1.02657e-06 1.27095e-07 1.22657e-08
 1.52838e-11 1.65964e-09 1.06251e-07 4.01046e-06 8.92472e-05 0.00117097 0.00905908 0.0413456 0.111603 0.180437 0.185451 0.149558 0.127493 0.102685 0.0589778 0.022832 0.00680027 0.00187069 0.000484042 0.000111722 2.28919e-05 4.08378e-06 6.15884e-07 7.61447e-08 7.40812e-09
 1.58147e-11 1.71729e-09 1.09942e-07 4.14977e-06 9.23472e-05 0.00121164 0.00937357 0.0427776 0.115423 0.186247 0.189709 0.148617 0.121801 0.0965611 0.0558725 0.0223987 0.00715551 0.0020865 0.000531562 0.000112854 2.08337e-05 3.40121e-06 4.77019e-07 5.56453e-08 5.2205e-09
 1.58384e-11 1.71986e-09 1.10107e-07 4.15598e-06 9.24855e-05 0.00121345 0.00938761 0.0428418 0.115597 0.186536 0.190041 0.148967 0.122139 0.0966603 0.0555211 0.0217884 0.00668887 0.00189604 0.000491374 0.000109368 2.06788e-05 3.24613e-06 4.17075e-07 4.4162e-08 3.81604e-09
 1.5749e-11 1.71015e-09 1.09486e-07 4.13253e-06 9.19637e-05 0.0012066 0.00933469 0.042601 0.114958 0.185592 0.189487 0.149571 0.123778 0.098148 0.0558674 0.0212451 0.00606982 0.00156813 0.000378369 8.03303e-05 1.4937e-05 2.38527e-06 3.12809e-07 3.25851e-08 2.64369e-09
 1.59677e-11 1.7339e-09 1.11006e-07 4.18992e-06 9.32407e-05 0.00122336 0.00946426 0.0431913 0.116537 0.188022 0.191413 0.149658 0.122154 0.0960974 0.0543732 0.0203878 0.00562536 0.00137318 0.000309718 6.04598e-05 1.02557e-05 1.52556e-06 1.9295e-07 2.00077e-08 1.63527e-09
 1.64981e-11 1.7915e-09 1.14693e-07 4.32909e-06 9.63378e-05 0.00126399 0.00977848 0.0446225 0.12036 0.193879 0.195914 0.149397 0.117493 0.0906344 0.0509237 0.0189493 0.00513946 0.00121986 0.000266178 4.96654e-05 7.88699e-06 1.07957e-06 1.24693e-07 1.19307e-08 9.25528e-10
 1.60919e-11 1.74739e-09 1.1187e-07 4.22252e-06 9.39662e-05 0.00123288 0.00953788 0.0435268 0.117435 0.189417 0.192579 0.149903 0.121528 0.0951238 0.0534297 0.0196159 0.00513051 0.00115155 0.000239853 4.327e-05 6.63045e-06 8.67585e-07 9.43573e-08 8.35284e-09 5.93724e-10
 1.60653e-11 1.7445e-09 1.11685e-07 4.21553e-06 9.38107e-05 0.00123084 0.00952209 0.0434546 0.11724 0.189096 0.192225 0.149565 0.121229 0.095056 0.0537776 0.0202047 0.00559113 0.0013552 0.0002938 5.23111e-05 7.6753e-06 9.58211e-07 9.99089e-08 8.45276e-09 5.67911e-10
 1.62263e-11 1.76198e-09 1.12804e-07 4.25778e-06 9.47508e-05 0.00124317 0.00961748 0.0438894 0.118404 0.190907 0.193746 0.149912 0.12046 0.093811 0.0525152 0.0191385 0.00491498 0.00107422 0.000220721 4.00224e-05 6.15892e-06 7.88652e-07 8.1018e-08 6.58714e-09 4.22605e-10
 1.67779e-11 1.82188e-09 1.16639e-07 4.40253e-06 9.79719e-05 0.00128543 0.00994428 0.0453777 0.122378 0.196981 0.198349 0.149422 0.115283 0.0879163 0.0490329 0.0179592 0.00467885 0.00103777 0.000209966 3.58568e-05 5.10859e-06 6.27901e-07 6.51416e-08 5.43845e-09 3.51505e-10
 1.67932e-11 1.82355e-09 1.16745e-07 4.40654e-06 9.80612e-05 0.0012866 0.00995334 0.0454189 0.122488 0.197145 0.198455 0.149349 0.115049 0.0876932 0.0489622 0.0180107 0.00474666 0.0010735 0.000221545 3.84692e-05 5.50881e-06 6.60217e-07 6.48256e-08 5.12689e-09 3.23768e-10
 1.65708e-11 1.79939e-09 1.15199e-07 4.34818e-06 9.67625e-05 0.00126956 0.00982158 0.0448191 0.120889 0.194725 0.196739 0.149931 0.11772 0.0904491 0.0501855 0.0179305 0.00436382 0.000864333 0.000160454 2.68207e-05 3.84401e-06 4.66502e-07 4.61848e-08 3.61839e-09 2.20943e-10
 1.72509e-11 1.87324e-09 1.19927e-07 4.52664e-06 0.000100734 0.00132166 0.0102245 0.0466538 0.125785 0.202183 0.202265 0.14892 0.110718 0.0827797 0.046085 0.0170669 0.00457977 0.00105598 0.000215725 3.53886e-05 4.63026e-06 5.14152e-07 4.87999e-08 3.80142e-09 2.33361e-10
 1.71988e-11 1.86758e-09 1.19564e-07 4.51295e-06 0.000100429 0.00131767 0.0101936 0.0465134 0.125413 0.201644 0.201998 0.14943 0.11191 0.0837869 0.0461801 0.0164938 0.00402725 0.000804465 0.00015149 2.57711e-05 3.72643e-06 4.4272e-07 4.13552e-08 3.00529e-09 1.72629e-10
 1.80097e-11 1.95564e-09 1.25202e-07 4.72575e-06 0.000105165 0.00137979 0.010674 0.0487015 0.131257 0.210588 0.208828 0.148888 0.104566 0.07529 0.0409674 0.0144957 0.00346176 0.000657856 0.00011454 1.75335e-05 2.25619e-06 2.51604e-07 2.40585e-08 1.86089e-09 1.10452e-10
 1.72483e-11 1.87296e-09 1.19909e-07 4.52596e-06 0.000100719 0.00132147 0.010223 0.0466472 0.125772 0.202197 0.202446 0.149479 0.111586 0.0833524 0.0458311 0.0162601 0.0038895 0.000739816 0.000128089 1.91775e-05 2.34471e-06 2.39901e-07 2.06267e-08 1.45796e-09 8.34837e-11
 1.80295e-11 1.95779e-09 1.25339e-07 4.73093e-06 0.00010528 0.00138131 0.0106857 0.0487549 0.131401 0.210814 0.209034 0.148983 0.104552 0.0751895 0.0407884 0.0142894 0.00331336 0.000592195 9.60415e-05 1.38797e-05 1.66895e-06 1.67622e-07 1.39073e-08 9.22648e-10 4.83331e-11
 1.78612e-11 1.93951e-09 1.24169e-07 4.68676e-06 0.000104297 0.00136841 0.010586 0.0483007 0.130188 0.208959 0.207621 0.149108 0.106096 0.0769675 0.0418675 0.0146882 0.0034142 0.00061205 9.87671e-05 1.39178e-05 1.59351e-06 1.51193e-07 1.20309e-08 7.76806e-10 3.95204e-11
 1.80522e-11 1.96025e-09 1.25497e-07 4.73688e-06 0.000105412 0.00138305 0.0106992 0.0488162 0.131565 0.211074 0.209273 0.149098 0.104544 0.0750794 0.0405794 0.0140434 0.00313568 0.000513923 7.43906e-05 9.82748e-06 1.09623e-06 1.01946e-07 7.84913e-09 4.83306e-10 2.33833e-11
#obs catch len freq
 1.21449e-11 1.3188e-09 8.44305e-08 3.18683e-06 7.09187e-05 0.000930495 0.00719903 0.0328641 0.0888161 0.144464 0.152618 0.134219 0.129676 0.118048 0.0844139 0.0510562 0.0289987 0.0152626 0.00718216 0.00291742 0.000965174 0.000244003 4.45611e-05 5.61404e-06 4.70598e-07
 1.18525e-11 1.28705e-09 8.23979e-08 3.11011e-06 6.92115e-05 0.000908103 0.00702606 0.0320803 0.0867693 0.141653 0.151784 0.138044 0.136756 0.123637 0.0857709 0.0491291 0.025905 0.0124787 0.00530516 0.00194025 0.000581346 0.000134011 2.23845e-05 2.57853e-06 1.97303e-07
 6.51025e-12 7.06937e-10 4.52587e-08 1.7083e-06 3.80167e-05 0.000498851 0.00386136 0.0176691 0.0482994 0.0827993 0.106402 0.138843 0.178749 0.174187 0.121531 0.0683874 0.0345888 0.0155424 0.00600126 0.00195668 0.000519266 0.00010637 1.5912e-05 1.65355e-06 1.14683e-07
 1.68326e-11 1.82782e-09 1.17019e-07 4.41688e-06 9.82914e-05 0.00128962 0.00997643 0.0455182 0.122657 0.196536 0.193343 0.13328 0.0893821 0.0708484 0.0563723 0.0402024 0.023764 0.0110611 0.00409448 0.00122281 0.000289162 5.21093e-05 6.85132e-06 6.29476e-07 3.89022e-08
 1.57594e-11 1.71129e-09 1.09558e-07 4.13528e-06 9.20251e-05 0.00120743 0.00934158 0.0426424 0.115172 0.18651 0.19199 0.152678 0.123332 0.0931878 0.0514848 0.0204596 0.00735241 0.00295309 0.00114563 0.000352053 7.98651e-05 1.3114e-05 1.53003e-06 1.23579e-07 6.7158e-09
 1.67309e-11 1.81677e-09 1.16311e-07 4.39018e-06 9.76977e-05 0.00128185 0.00991722 0.0452657 0.122192 0.197318 0.200386 0.152148 0.114388 0.083316 0.0464471 0.0188698 0.00612326 0.00170538 0.00042057 9.63533e-05 1.95937e-05 3.07989e-06 3.39104e-07 2.50673e-08 1.21988e-09
 1.60526e-11 1.74312e-09 1.11596e-07 4.2122e-06 9.37372e-05 0.0012299 0.0095158 0.0434433 0.117386 0.190323 0.196257 0.155252 0.122248 0.0895685 0.0485363 0.018678 0.00564154 0.00145033 0.000310029 5.32617e-05 7.44569e-06 8.57468e-07 7.80435e-08 5.16805e-09 2.3137e-10
 1.64862e-11 1.79021e-09 1.14611e-07 4.326e-06 9.62698e-05 0.00126314 0.00977304 0.044619 0.120568 0.195438 0.200986 0.156809 0.119705 0.0847304 0.044223 0.0160828 0.0044466 0.00102565 0.000196121 2.96692e-05 3.4671e-06 3.07955e-07 2.04618e-08 1.00269e-09 3.53757e-11
 1.70227e-11 1.84847e-09 1.1834e-07 4.46677e-06 9.94025e-05 0.00130424 0.0100911 0.0460709 0.124476 0.201575 0.206128 0.157295 0.11514 0.0785942 0.040063 0.0142919 0.00384801 0.000845798 0.000149758 2.04084e-05 2.10055e-06 1.60992e-07 8.95755e-09 3.52426e-10 9.61171e-12
 1.70096e-11 1.84704e-09 1.18249e-07 4.46333e-06 9.93262e-05 0.00130325 0.0100838 0.0460436 0.12446 0.201865 0.207323 0.159279 0.116284 0.0778206 0.0383889 0.0130146 0.00325005 0.00065617 0.000107875 1.37297e-05 1.30542e-06 9.05745e-08 4.46924e-09 1.53076e-10 3.56806e-12
 1.50675e-11 1.63615e-09 1.04748e-07 3.95373e-06 8.79866e-05 0.00115452 0.00893463 0.0408272 0.110702 0.181773 0.19501 0.166739 0.136941 0.0950321 0.0453392 0.0139869 0.00293236 0.000467394 6.16518e-05 6.64253e-06 5.54792e-07 3.44898e-08 1.53938e-09 4.76777e-11 9.9721e-13
 1.71961e-11 1.8673e-09 1.19546e-07 4.51229e-06 0.000100416 0.00131758 0.0101954 0.0465648 0.125972 0.204803 0.211403 0.162691 0.116095 0.0738962 0.0340162 0.0103774 0.00217654 0.000341991 4.19406e-05 3.88614e-06 2.63333e-07 1.30729e-08 4.77243e-10 1.25519e-11 2.29618e-13
 1.67465e-11 1.81847e-09 1.1642e-07 4.39431e-06 9.77914e-05 0.00128317 0.00993003 0.0453679 0.122884 0.200639 0.209869 0.16611 0.121331 0.0766266 0.0340522 0.00972239 0.00181447 0.000240574 2.48451e-05 2.03491e-06 1.26125e-07 5.66666e-09 1.79908e-10 3.95643e-12 5.93317e-14
 1.58206e-11 1.71793e-09 1.09984e-07 4.15138e-06 9.23861e-05 0.00121229 0.00938299 0.042893 0.116424 0.191504 0.20497 0.170356 0.130383 0.0833212 0.0367724 0.0104383 0.00195644 0.000261437 2.64984e-05 2.01663e-06 1.10235e-07 4.24545e-09 1.15565e-10 2.21509e-12 2.92864e-14
 1.46847e-11 1.59459e-09 1.02087e-07 3.85334e-06 8.57548e-05 0.00112535 0.00871209 0.0398605 0.10853 0.180441 0.199344 0.176112 0.141805 0.0913226 0.0395696 0.0108767 0.0019436 0.000243138 2.29249e-05 1.64364e-06 8.58208e-08 3.14954e-09 7.99588e-11 1.38585e-12 1.61341e-14
 1.57421e-11 1.70941e-09 1.09438e-07 4.1308e-06 9.19297e-05 0.00120637 0.00933892 0.0427176 0.116166 0.192073 0.207821 0.174224 0.131123 0.0804449 0.0338385 0.00912316 0.00160945 0.000198948 1.83284e-05 1.25759e-06 6.16329e-08 2.09722e-09 4.91976e-11 7.90537e-13 8.56456e-15
 1.53044e-11 1.66188e-09 1.06395e-07 4.01597e-06 8.93756e-05 0.00117292 0.00908163 0.0415663 0.11326 0.188401 0.206986 0.177705 0.135292 0.0821117 0.0337763 0.00885289 0.00150676 0.000177775 1.5523e-05 1.01245e-06 4.74846e-08 1.54857e-09 3.45891e-11 5.23111e-13 5.2729e-15
 1.5799e-11 1.71559e-09 1.09834e-07 4.14577e-06 9.22649e-05 0.00121086 0.00937583 0.0429164 0.116936 0.194286 0.211935 0.17778 0.130234 0.076066 0.0301963 0.00759973 0.00122203 0.000132708 1.04429e-05 6.13991e-07 2.63019e-08 7.91562e-10 1.64051e-11 2.3122e-13 2.18106e-15
 1.50624e-11 1.6356e-09 1.04713e-07 3.95252e-06 8.79666e-05 0.00115455 0.00894246 0.0409715 0.111971 0.187686 0.209284 0.181866 0.136577 0.0800342 0.0317571 0.00811909 0.00136983 0.000161434 1.38017e-05 8.43518e-07 3.54496e-08 1.00176e-09 1.90094e-11 2.42937e-13 2.07909e-15
 1.45644e-11 1.58153e-09 1.01252e-07 3.82191e-06 8.50625e-05 0.00111655 0.00865095 0.0396759 0.108758 0.183832 0.208863 0.186067 0.140978 0.0814403 0.0314189 0.00772576 0.00123657 0.000136664 1.10218e-05 6.52983e-07 2.74699e-08 7.92885e-10 1.53679e-11 1.96754e-13 1.63787e-15
 1.65891e-11 1.80139e-09 1.15328e-07 4.35318e-06 9.68846e-05 0.00127162 0.00984906 0.0451131 0.123083 0.20468 0.221557 0.178646 0.120687 0.0645022 0.0238187 0.00569611 0.00089124 9.59585e-05 7.44689e-06 4.17876e-07 1.64647e-08 4.43979e-10 8.09657e-12 9.89396e-14 7.98667e-16
 1.43191e-11 1.55489e-09 9.95474e-08 3.75765e-06 8.3638e-05 0.00109808 0.00851285 0.0391072 0.107668 0.183839 0.212402 0.190957 0.141746 0.0783013 0.0285971 0.00660246 0.000976811 9.72846e-05 6.89579e-06 3.55456e-07 1.30509e-08 3.30843e-10 5.67073e-12 6.47897e-14 4.86518e-16
 1.62282e-11 1.7622e-09 1.12819e-07 4.25859e-06 9.47851e-05 0.00124428 0.00964211 0.0442258 0.121097 0.203101 0.223334 0.182727 0.122442 0.0633892 0.0225632 0.00523929 0.000803819 8.4915e-05 6.34543e-06 3.31868e-07 1.18014e-08 2.79946e-10 4.40954e-12 4.60814e-14 3.17511e-16
 1.54941e-11 1.68249e-09 1.07717e-07 4.06609e-06 9.05065e-05 0.00118835 0.00921391 0.0423302 0.116426 0.197521 0.222581 0.188376 0.128545 0.065667 0.0224469 0.0048702 0.000673705 6.19719e-05 4.00787e-06 1.8807e-07 6.32432e-09 1.47246e-10 2.30164e-12 2.36234e-14 1.56561e-16
 1.65951e-11 1.80204e-09 1.15371e-07 4.35503e-06 9.69374e-05 0.00127274 0.00986652 0.0452962 0.124251 0.208874 0.22924 0.183773 0.117209 0.0567632 0.0187613 0.00399173 0.0005465 4.98104e-05 3.14227e-06 1.39073e-07 4.25067e-09 8.77935e-11 1.21175e-12 1.11322e-14 6.7625e-17
 1.52548e-11 1.65652e-09 1.06056e-07 4.00357e-06 8.91254e-05 0.00117058 0.00908352 0.0418154 0.115549 0.197876 0.225887 0.191893 0.128173 0.062908 0.0206067 0.00431003 0.000579128 5.17797e-05 3.1982e-06 1.38123e-07 4.10173e-09 8.17328e-11 1.07469e-12 9.23425e-15 5.14197e-17
 1.47666e-11 1.60351e-09 1.02664e-07 3.87566e-06 8.62874e-05 0.00113363 0.00880329 0.0406013 0.112702 0.19491 0.226283 0.195534 0.13106 0.0635903 0.0204703 0.00421067 0.000558144 4.93026e-05 2.99783e-06 1.26437e-07 3.6367e-09 6.97883e-11 8.80474e-13 7.23732e-15 3.84229e-17
 1.68108e-11 1.82549e-09 1.16875e-07 4.41205e-06 9.82214e-05 0.00129008 0.0100097 0.0460435 0.126791 0.214384 0.235785 0.185334 0.111665 0.0499412 0.0152287 0.00300713 0.000383473 3.24605e-05 1.88277e-06 7.56763e-08 2.07979e-09 3.82408e-11 4.625e-13 3.63692e-15 1.84077e-17
 1.4711e-11 1.59749e-09 1.02282e-07 3.86159e-06 8.59922e-05 0.00113033 0.00878815 0.0406391 0.113413 0.197851 0.231413 0.198254 0.128175 0.058778 0.017679 0.00335412 0.000401442 3.11182e-05 1.62161e-06 5.83532e-08 1.45164e-09 2.45193e-11 2.75424e-13 2.02465e-15 9.61611e-18
#spawning biomass
 6979.02 7188.05 5126.19 5760.89 8486.37 12952.9 17783.4 27791.5 44551.3 68550.8 82596.2 113831 151548 165942 167056 175498 182600 195824 174577 180986 205656 190786 233017 240202 256484 284518 269984 285112 230374 169172 243500 125019 60038.4 32739.5 22635 19181.7 18063.5 17714.9 17609.1 17577.7 17568.5 17565.9 17565.1 17564.9 17564.8 17564.8 17564.8 17564.8 17564.8 17564.8 17564.8 17564.8 17564.8 17564.8 17564.8 17564.8 17564.8 17564.8 17564.8 17564.8 17564.8 17564.8 17564.8 17564.8 17564.8 17564.8 17564.8 17564.8 17564.8 17564.8 17564.8 17564.8 17564.8 17564.8 17564.8 17564.8 17564.8 17564.8 17564.8 17564.8 17564.8 17564.8 17564.8 17564.8 17564.8 17564.8 17564.8 17564.8 17564.8 17564.8 17564.8 17564.8 17564.8 17564.8 17564.8 17564.8 17564.8 17564.8 17564.8 17564.8 17564.8 17564.8 17564.8 17564.8 17564.8 17564.8 17564.8 17564.8 17564.8 17564.8 17564.8 17564.8 17564.8 17564.8 17564.8 17564.8 17564.8 17564.8 17564.8 17564.8 17564.8 17564.8 17564.8 17564.8 17564.8 17564.8 17564.8 17564.8 17564.8 0 0 0 0 0 0 0 0 0 0 0 0 0 0 0 0 0 0 0 0 0 0 0 0 0
