SBPRF35
0.827133
Curr Bio
131989
B35
591006
F35
0.221879
FOFL
0
OFL
0
Bzero
236324
#pred survey bio
 9244.32 9572.05 11470.5 16306.4 20752.2 25013.6 29487.4 34875 37694.7 46983 59604.3 68551 84865.4 112464 121494 106885 93501.3 89625.2 88517.9 85593.4 80070 82772.6 85156.3 100214 113855 112559 104089 93478.1 2.21192e+06 3.92128e+06 4.54227e+06 4.47583e+06 4.11687e+06 3.66795e+06 3.23743e+06 2.87191e+06 2.58239e+06 2.36276e+06 2.20071e+06 2.08325e+06 1.99897e+06 1.93879e+06 1.89528e+06 1.8632e+06 1.84065e+06 1.8246e+06 1.81305e+06 1.80462e+06 1.7984e+06 1.79376e+06 1.79024e+06 1.78755e+06 1.78548e+06 1.78386e+06 1.78258e+06 1.78158e+06 1.78078e+06 1.78013e+06 1.77962e+06 1.7792e+06 1.77887e+06 1.77859e+06 1.77837e+06 1.77819e+06 1.77805e+06 1.77793e+06 1.77783e+06 1.77775e+06 1.77768e+06 1.77763e+06 1.77759e+06 1.77755e+06 1.77752e+06 1.7775e+06 1.77748e+06 1.77746e+06 1.77745e+06 1.77744e+06 1.77743e+06 1.77742e+06 1.77742e+06 1.77741e+06 1.77741e+06 1.77741e+06 1.7774e+06 1.7774e+06 1.7774e+06 1.7774e+06 1.7774e+06 1.7774e+06 1.7774e+06 1.7774e+06 1.77739e+06 1.77739e+06 1.77739e+06 1.77739e+06 1.77739e+06 1.77739e+06 1.77739e+06 1.77739e+06 1.77739e+06 1.77739e+06 1.77739e+06 1.77739e+06 1.77739e+06 1.77739e+06 1.77739e+06 1.77739e+06 1.77739e+06 1.77739e+06 1.77739e+06 1.77739e+06 1.77739e+06 1.77739e+06 1.77739e+06 1.77739e+06 1.77739e+06 1.77739e+06 1.77739e+06 1.77739e+06 1.77739e+06 1.77739e+06 1.77739e+06 1.77739e+06 1.77739e+06 1.77739e+06 1.77739e+06 1.77739e+06 0 0 0 0 0 0 0 0 0 0 0 0 0 0 0 0 0 0 0 0 0 0 0 0 0
#obs survey bio
 8874.85 10371.1 12319.9 17645.5 20185.6 32631.6 36865.5 32780.7 47673.8 67287.6 49095.4 78079.5 116562 106783 126259 63351.1 69898.1 74416 77040.1 116945 91960.4 76728.4 62634.3 103938 107267 133845 77010.9 76974.7
#pred catch bio
 5281.16 5860.89 6676.23 9999.9 13590.6 17284.6 20390.7 26480.9 28944.1 37786.7 48733.4 56912.7 68524 91160 103096 96490.2 86635 84048.2 84594.6 81378.8 76724.8 80231.2 80503.9 99161.8 115724 114036 106419 92531.8 0 35211.3 38795.4 37723.2 34266.6 30113.9 26208.3 22945.5 20404.8 18515.1 17153.7 16195.1 15531.2 15077 14766.8 14554.3 14415 14323.6 14263.7 14224.4 14198.6 14181.7 14170.6 14163.3 14158.6 14155.4 14153.4 14152 14151.2 14150.6 14150.2 14150 14149.8 14149.7 14149.6 14149.6 14149.5 14149.5 14149.5 14149.5 14149.5 14149.5 14149.5 14149.5 14149.5 14149.5 14149.5 14149.5 14149.5 14149.5 14149.5 14149.5 14149.5 14149.5 14149.5 14149.5 14149.5 14149.5 14149.5 14149.5 14149.5 14149.5 14149.5 14149.5 14149.5 14149.5 14149.5 14149.5 14149.5 14149.5 14149.5 14149.5 14149.5 14149.5 14149.5 14149.5 14149.5 14149.5 14149.5 14149.5 14149.5 14149.5 14149.5 14149.5 14149.5 14149.5 14149.5 14149.5 14149.5 14149.5 14149.5 14149.5 14149.5 14149.5 14149.5 14149.5 14149.5 14149.5 14149.5 14149.5 0 0 0 0 0 0 0 0 0 0 0 0 0 0 0 0 0 0 0 0 0 0 0 0 0
#obs catch bio
 5464.87 5974.35 6577.2 9946.18 13811.5 16943.8 20286.9 26298.4 28566.6 37300.4 47590.3 56096.4 65477.4 88446.3 101609 97991 87609.1 85322.9 85850.7 79851.3 73772.9 76912.2 78807.4 96596.8 112309 110921 108145 93260.3
#pred cpue bio
 9080.02 9088.84 10578.2 15423.6 19587.5 23470 27718.9 32838 35027 42294.6 55243 62911.9 75894.1 104071 115675 100363 85971.4 82364.1 80194.4 79308 72342.5 74846.1 76534.7 88236.6 101355 101753 94148.8 84526.6 1.99292e+06 4.09686e+06 4.5496e+06 4.46896e+06 4.10905e+06 3.66008e+06 3.22956e+06 2.86404e+06 2.57451e+06 2.35488e+06 2.19284e+06 2.07537e+06 1.9911e+06 1.93092e+06 1.88741e+06 1.85533e+06 1.83277e+06 1.81672e+06 1.80517e+06 1.79675e+06 1.79053e+06 1.78588e+06 1.78236e+06 1.77968e+06 1.7776e+06 1.77598e+06 1.77471e+06 1.7737e+06 1.7729e+06 1.77226e+06 1.77174e+06 1.77133e+06 1.77099e+06 1.77072e+06 1.7705e+06 1.77032e+06 1.77017e+06 1.77005e+06 1.76995e+06 1.76987e+06 1.76981e+06 1.76975e+06 1.76971e+06 1.76968e+06 1.76965e+06 1.76962e+06 1.7696e+06 1.76959e+06 1.76957e+06 1.76956e+06 1.76956e+06 1.76955e+06 1.76954e+06 1.76954e+06 1.76953e+06 1.76953e+06 1.76953e+06 1.76953e+06 1.76952e+06 1.76952e+06 1.76952e+06 1.76952e+06 1.76952e+06 1.76952e+06 1.76952e+06 1.76952e+06 1.76952e+06 1.76952e+06 1.76952e+06 1.76952e+06 1.76952e+06 1.76952e+06 1.76952e+06 1.76952e+06 1.76952e+06 1.76952e+06 1.76952e+06 1.76952e+06 1.76952e+06 1.76952e+06 1.76952e+06 1.76952e+06 1.76952e+06 1.76952e+06 1.76952e+06 1.76952e+06 1.76952e+06 1.76952e+06 1.76952e+06 1.76952e+06 1.76952e+06 1.76952e+06 1.76952e+06 1.76952e+06 1.76952e+06 1.76952e+06 1.76952e+06 1.76952e+06 1.76952e+06 1.76952e+06 0 0 0 0 0 0 0 0 0 0 0 0 0 0 0 0 0 0 0 0 0 0 0 0 0
#obs cpue bio
 8293.53 6860.6 14352.4 12086.4 16485.8 29988.2 22155.4 38490.8 38161.8 33478.4 89362.9 84104.1 106184 151001 126635 142625 76579.4 92850.8 59998.4 106119 123302 136085 140864 134422 164111 126063 87555.8 114347
#pred surv len freq
 2.55892e-27 2.57674e-27 2.2798e-26 4.26948e-20 1.04661e-14 3.1013e-10 1.11083e-06 0.000480948 0.0251711 0.15924 0.122283 0.0434613 0.244891 0.226121 0.0487734 0.05469 0.0223809 0.0157745 0.00939044 0.0069868 0.00542942 0.00468971 0.004728 0.00421651 0.00129046
 2.56101e-27 2.58298e-27 2.87758e-26 5.5307e-20 1.35578e-14 4.01743e-10 1.43898e-06 0.000623022 0.0326067 0.206279 0.158114 0.0378963 0.17737 0.164968 0.0590137 0.0933935 0.0333811 0.0165058 0.00741129 0.00415704 0.00260808 0.00191776 0.00171085 0.00152901 0.000513394
 2.56354e-27 2.58937e-27 3.39394e-26 6.61981e-20 1.62277e-14 4.80855e-10 1.72234e-06 0.000745708 0.0390277 0.2469 0.189179 0.0409303 0.178632 0.165016 0.0387705 0.0473997 0.0223198 0.0187834 0.00691992 0.00263943 0.00112822 0.000626279 0.000459611 0.000386273 0.000134473
 2.56196e-27 2.58494e-27 2.98654e-26 5.76031e-20 1.41207e-14 4.18422e-10 1.49872e-06 0.000648887 0.0339604 0.214843 0.164738 0.0432343 0.213338 0.196984 0.0434744 0.0497853 0.0185131 0.0105058 0.00571268 0.00286922 0.00082387 0.000281679 0.000145091 0.000104645 3.6109e-05
 2.56192e-27 2.58496e-27 3.00282e-26 5.79471e-20 1.4205e-14 4.20921e-10 1.50767e-06 0.000652762 0.0341632 0.216126 0.165697 0.0419547 0.202927 0.187702 0.0477548 0.0618941 0.0223278 0.0112762 0.00435881 0.00199672 0.000849174 0.000215954 6.04389e-05 3.11686e-05 1.0085e-05
 2.56242e-27 2.58625e-27 3.10797e-26 6.0165e-20 1.47487e-14 4.37031e-10 1.56537e-06 0.000677746 0.0354708 0.224399 0.172021 0.0424176 0.202007 0.186638 0.0436485 0.0528554 0.0204881 0.0123875 0.00455978 0.00165514 0.000547998 0.000178135 3.56753e-05 9.51154e-06 2.57434e-06
 2.56241e-27 2.5861e-27 3.0837e-26 5.96526e-20 1.46231e-14 4.33309e-10 1.55204e-06 0.000671974 0.0351687 0.222487 0.170576 0.0433361 0.210011 0.193877 0.0422971 0.0478709 0.0177514 0.00975109 0.00400023 0.00161405 0.000443044 0.00011313 2.43604e-05 3.6982e-06 6.40368e-07
 2.56227e-27 2.58575e-27 3.05361e-26 5.90178e-20 1.44675e-14 4.28698e-10 1.53552e-06 0.000664823 0.0347944 0.22012 0.168768 0.0433014 0.211018 0.194866 0.0435732 0.0505027 0.0180928 0.0089845 0.0034278 0.00135073 0.000421442 9.44033e-05 1.64214e-05 2.09788e-06 1.97723e-07
 2.56324e-27 2.58825e-27 3.26294e-26 6.34334e-20 1.55499e-14 4.60773e-10 1.65041e-06 0.000714564 0.0373977 0.236589 0.181349 0.0436646 0.204943 0.189051 0.0387683 0.0409845 0.0148451 0.00760284 0.00274366 0.000976643 0.000287293 6.94523e-05 1.07834e-05 1.10733e-06 6.98667e-08
 2.56511e-27 2.59322e-27 3.69248e-26 7.24946e-20 1.77712e-14 5.26592e-10 1.88616e-06 0.000816637 0.0427398 0.270384 0.207147 0.0432041 0.183313 0.168948 0.0326397 0.0320015 0.0111033 0.0050081 0.00182437 0.000649392 0.000172705 3.88757e-05 6.20463e-06 5.56387e-07 2.652e-08
 2.56364e-27 2.58905e-27 3.30757e-26 6.43739e-20 1.57805e-14 4.67604e-10 1.67488e-06 0.000725159 0.0379522 0.240097 0.184058 0.0456008 0.217774 0.200485 0.0334585 0.0258942 0.00870466 0.00353976 0.00119308 0.000388205 0.000103376 2.14781e-05 3.17861e-06 2.79943e-07 1.1236e-08
 2.56411e-27 2.59042e-27 3.43703e-26 6.71054e-20 1.64501e-14 4.87445e-10 1.74595e-06 0.000755928 0.0395626 0.250284 0.19182 0.0445342 0.204204 0.188148 0.0346505 0.0316894 0.0100124 0.00303469 0.000945142 0.00027617 6.59918e-05 1.32025e-05 1.81542e-06 1.48864e-07 5.62244e-09
 2.56552e-27 2.5942e-27 3.76683e-26 7.40625e-20 1.81555e-14 5.37981e-10 1.92696e-06 0.000834299 0.0436642 0.276232 0.211625 0.0439735 0.186023 0.17126 0.0296565 0.0245664 0.00808953 0.00298743 0.000846892 0.000191398 4.02922e-05 7.13888e-06 9.15359e-07 6.94841e-08 2.44715e-09
 2.56374e-27 2.5893e-27 3.32807e-26 6.48063e-20 1.58865e-14 4.70745e-10 1.68613e-06 0.000730029 0.0382071 0.241709 0.185291 0.0456853 0.217551 0.200269 0.0332481 0.0254411 0.00814266 0.00267069 0.000806494 0.000206037 3.53373e-05 5.09483e-06 5.68078e-07 3.94633e-08 1.28327e-09
 2.56184e-27 2.58427e-27 2.89376e-26 5.56445e-20 1.36406e-14 4.04195e-10 1.44776e-06 0.000626824 0.0328057 0.207539 0.159204 0.0460446 0.238613 0.219929 0.0407957 0.0377076 0.0118891 0.00354273 0.00100913 0.000239994 4.56995e-05 6.02297e-06 5.25154e-07 3.10816e-08 9.16269e-10
 2.56268e-27 2.5866e-27 3.10647e-26 6.0132e-20 1.47406e-14 4.36792e-10 1.56451e-06 0.000677375 0.0354514 0.224276 0.171966 0.0449034 0.220962 0.203732 0.0395568 0.0390012 0.0129181 0.00483423 0.00136534 0.000295315 5.18339e-05 7.04511e-06 5.8447e-07 2.71962e-08 6.75351e-10
 2.56409e-27 2.59028e-27 3.41652e-26 6.66724e-20 1.63439e-14 4.843e-10 1.73468e-06 0.000751051 0.0393073 0.248669 0.1906 0.0453279 0.211101 0.194319 0.0322272 0.0246365 0.00829881 0.00338696 0.00105087 0.000270914 4.52061e-05 5.58984e-06 4.5849e-07 2.00548e-08 3.98394e-10
 2.5642e-27 2.59048e-27 3.42466e-26 6.68437e-20 1.63859e-14 4.85545e-10 1.73914e-06 0.000752981 0.0394083 0.249308 0.191099 0.0460218 0.216031 0.198728 0.0304733 0.0194852 0.00610102 0.00182311 0.000568374 0.000161528 3.1648e-05 4.09004e-06 3.06517e-07 1.29307e-08 2.36276e-10
 2.56496e-27 2.59254e-27 3.60642e-26 7.06781e-20 1.73259e-14 5.13397e-10 1.8389e-06 0.000796174 0.0416689 0.263609 0.202011 0.0455185 0.204535 0.18812 0.0286209 0.0179179 0.005429 0.0013206 0.00035386 7.90233e-05 1.63164e-05 2.43752e-06 1.98793e-07 7.85168e-09 1.36068e-10
 2.5638e-27 2.58933e-27 3.31622e-26 6.45558e-20 1.58251e-14 4.68925e-10 1.67961e-06 0.000727207 0.0380594 0.240775 0.184596 0.046885 0.227169 0.208891 0.0301973 0.0162823 0.0049005 0.00116243 0.000291753 5.25117e-05 8.48578e-06 1.18897e-06 1.10644e-07 4.77389e-09 7.92532e-11
 2.5651e-27 2.59291e-27 3.63944e-26 7.13746e-20 1.74966e-14 5.18456e-10 1.85702e-06 0.00080402 0.0420795 0.266207 0.203992 0.0454011 0.202249 0.186022 0.0284504 0.0180494 0.00534404 0.00108425 0.00026309 4.5448e-05 6.26828e-06 6.7159e-07 5.52298e-08 2.63847e-09 4.74978e-11
 2.5651e-27 2.59286e-27 3.63029e-26 7.11814e-20 1.74493e-14 5.17053e-10 1.852e-06 0.000801844 0.0419656 0.265486 0.203449 0.0458442 0.206002 0.189382 0.0271637 0.0142754 0.00430267 0.00103362 0.000248464 3.73998e-05 4.89696e-06 4.61894e-07 2.89648e-08 1.19898e-09 2.3161e-11
 2.5654e-27 2.59369e-27 3.70313e-26 7.2718e-20 1.78259e-14 5.28214e-10 1.89197e-06 0.000819153 0.0428715 0.271217 0.207822 0.0456612 0.201537 0.185258 0.0263629 0.0134806 0.00395863 0.000782658 0.00018965 3.26808e-05 4.02359e-06 3.40106e-07 1.87616e-08 5.99421e-10 1.00109e-11
 2.56636e-27 2.5963e-27 3.93734e-26 7.7659e-20 1.90372e-14 5.64105e-10 2.02053e-06 0.000874812 0.0457845 0.289646 0.221879 0.0447175 0.18448 0.169575 0.0246352 0.0134881 0.00395571 0.000759613 0.000174379 2.56648e-05 3.34656e-06 2.93741e-07 1.44787e-08 3.98286e-10 5.2182e-12
 2.56589e-27 2.59498e-27 3.81381e-26 7.50527e-20 1.83983e-14 5.45174e-10 1.95272e-06 0.000845453 0.044248 0.279925 0.214471 0.0456251 0.196591 0.180622 0.0242398 0.00980725 0.00287376 0.000591111 0.000136687 1.93478e-05 2.25746e-06 1.87411e-07 9.71715e-09 2.45488e-10 2.72798e-12
 2.56516e-27 2.59297e-27 3.63364e-26 7.12519e-20 1.74665e-14 5.17565e-10 1.85383e-06 0.000802638 0.0420072 0.265749 0.203658 0.0463713 0.209867 0.192827 0.0255892 0.00980645 0.00278277 0.000427208 9.39106e-05 1.40805e-05 1.62939e-06 1.24254e-07 5.8979e-09 1.51694e-10 1.58135e-12
 2.56512e-27 2.59288e-27 3.62658e-26 7.1103e-20 1.743e-14 5.16483e-10 1.84996e-06 0.00080096 0.0419194 0.265194 0.203233 0.0462677 0.209377 0.192407 0.0260802 0.0110303 0.00312763 0.000456174 9.31874e-05 1.08081e-05 1.21444e-06 9.50492e-08 4.23033e-09 9.94386e-11 1.02316e-12
 2.56514e-27 2.59293e-27 3.63029e-26 7.11812e-20 1.74492e-14 5.17052e-10 1.85199e-06 0.000801842 0.0419655 0.265486 0.203456 0.0463235 0.209645 0.192636 0.025805 0.0103471 0.0029518 0.000471093 9.77781e-05 1.067e-05 1.01991e-06 6.72078e-08 3.00783e-09 6.76516e-11 6.40291e-13
#obs surv len freq
 1.08255e-41 1.50251e-33 2.52078e-26 5.11208e-20 1.25317e-14 3.71336e-10 1.33007e-06 0.000575873 0.0301389 0.190668 0.146301 0.0401051 0.173093 0.146502 0.103982 0.102021 0.0445188 0.0175604 0.00400045 0.000505326 2.60303e-05 3.96498e-07 1.34553e-09 8.29916e-13 8.14994e-17
 1.60339e-41 2.2254e-33 3.73357e-26 7.5716e-20 1.85609e-14 5.49993e-10 1.96998e-06 0.000852935 0.0446392 0.282401 0.216364 0.0406799 0.126699 0.102258 0.076007 0.0687099 0.0287764 0.0102856 0.00208798 0.000226473 9.54987e-06 1.128e-07 2.84516e-10 1.27067e-13 8.90582e-18
 1.53861e-41 2.13549e-33 3.58273e-26 7.2657e-20 1.7811e-14 5.27773e-10 1.8904e-06 0.000818477 0.0428358 0.270993 0.207882 0.0500288 0.176663 0.128748 0.0563029 0.0423826 0.0168818 0.005411 0.000960295 8.71138e-05 2.94811e-06 2.68183e-08 5.03132e-11 1.63123e-14 8.17711e-19
 1.07597e-41 1.49338e-33 2.50545e-26 5.081e-20 1.24555e-14 3.69078e-10 1.32198e-06 0.000572371 0.0299556 0.18951 0.145895 0.056509 0.230369 0.163161 0.0979496 0.0657578 0.0158638 0.00382701 0.000583553 4.34143e-05 1.15178e-06 7.94377e-09 1.10268e-11 2.59759e-15 9.34068e-20
 1.50176e-41 2.08434e-33 3.49692e-26 7.09168e-20 1.73844e-14 5.15132e-10 1.84512e-06 0.000798873 0.0418098 0.264503 0.20296 0.0472231 0.142287 0.104242 0.104152 0.0691698 0.0189835 0.00352635 0.000325374 1.81413e-05 3.6935e-07 1.89642e-09 1.92367e-12 3.27467e-16 8.44182e-21
 1.20169e-41 1.66787e-33 2.7982e-26 5.67469e-20 1.39108e-14 4.12204e-10 1.47645e-06 0.00063925 0.0334558 0.211655 0.163161 0.0649314 0.230901 0.143839 0.078457 0.0498012 0.0191139 0.00373936 0.000293844 9.99501e-06 1.34341e-07 4.96659e-10 3.62841e-13 4.41672e-17 8.10954e-22
 1.37511e-41 1.90856e-33 3.20201e-26 6.49361e-20 1.59183e-14 4.71689e-10 1.68951e-06 0.000731501 0.0382838 0.242198 0.186363 0.0579193 0.17513 0.116651 0.109901 0.0570954 0.0129613 0.00253056 0.000226851 6.50074e-06 5.5126e-08 1.26383e-10 6.2593e-14 5.34517e-18 6.9206e-23
 1.19143e-41 1.65362e-33 2.7743e-26 5.62622e-20 1.3792e-14 4.08682e-10 1.46383e-06 0.00063379 0.03317 0.209849 0.162225 0.0721243 0.226873 0.133338 0.0943956 0.0500099 0.0150994 0.00213484 0.000141784 4.0004e-06 2.86091e-08 4.36087e-11 1.32623e-14 7.27086e-19 6.36233e-24
 1.51198e-41 2.09853e-33 3.52072e-26 7.13994e-20 1.75027e-14 5.18638e-10 1.85768e-06 0.00080431 0.0420944 0.266307 0.205157 0.0643486 0.166799 0.10405 0.0966586 0.0425201 0.00975387 0.00141942 8.38258e-05 1.68595e-06 1.00291e-08 1.26073e-11 2.74498e-15 9.69866e-20 5.34759e-25
 1.52232e-41 2.11288e-33 3.54479e-26 7.18876e-20 1.76224e-14 5.22184e-10 1.87038e-06 0.000809809 0.0423822 0.268131 0.207172 0.0779647 0.198302 0.103476 0.0657834 0.0281864 0.00696671 0.000786281 3.84009e-05 6.58014e-07 2.85523e-09 2.67707e-12 4.56093e-16 1.21633e-20 4.7109e-26
 1.09914e-41 1.52553e-33 2.55939e-26 5.1904e-20 1.27236e-14 3.77025e-10 1.35044e-06 0.000584695 0.0306006 0.193604 0.15134 0.0973077 0.2584 0.135974 0.0947222 0.0315159 0.00537385 0.000553107 2.27284e-05 2.9713e-07 1.01056e-09 6.99986e-13 8.50768e-17 1.65871e-21 4.79478e-27
 1.66162e-41 2.30622e-33 3.86917e-26 7.8466e-20 1.9235e-14 5.69969e-10 2.04154e-06 0.000883914 0.0462606 0.292668 0.225974 0.0711619 0.144627 0.094345 0.0902252 0.0288522 0.00465069 0.000339216 1.0283e-05 1.07279e-07 2.72516e-10 1.39463e-13 1.24421e-17 1.73466e-22 3.54212e-28
 1.33518e-41 1.85315e-33 3.10904e-26 6.30506e-20 1.54561e-14 4.57993e-10 1.64046e-06 0.000710261 0.0371723 0.235187 0.18426 0.110439 0.242708 0.106776 0.0577694 0.0206275 0.0040698 0.000272509 6.24757e-06 4.46811e-08 8.26138e-11 3.09916e-14 1.99034e-18 1.99329e-23 2.91872e-29
 1.11917e-41 1.55334e-33 2.60604e-26 5.285e-20 1.29556e-14 3.83897e-10 1.37506e-06 0.000595352 0.0311584 0.197148 0.155811 0.111968 0.235332 0.13758 0.103418 0.0238436 0.00293396 0.000205143 4.6178e-06 2.56859e-08 3.24873e-11 8.3218e-15 3.77085e-19 2.68835e-24 2.79266e-30
 8.77008e-42 1.21723e-33 2.04215e-26 4.14145e-20 1.01523e-14 3.0083e-10 1.07753e-06 0.000466531 0.0244164 0.154509 0.124521 0.123516 0.249369 0.159719 0.124246 0.0344142 0.00461367 0.000203155 3.46825e-06 1.75655e-08 1.80512e-11 3.2998e-15 1.01091e-19 4.8876e-25 3.51157e-31
 1.41259e-41 1.96058e-33 3.28928e-26 6.6706e-20 1.63522e-14 4.84545e-10 1.73556e-06 0.000751439 0.0393273 0.248832 0.195072 0.0946589 0.160026 0.126638 0.101737 0.0286911 0.00407257 0.00019056 2.54616e-06 8.74731e-09 7.01285e-12 1.03677e-15 2.40956e-20 8.26566e-26 4.0621e-32
 9.72978e-42 1.35043e-33 2.26563e-26 4.59464e-20 1.12632e-14 3.3375e-10 1.19544e-06 0.000517584 0.0270884 0.171454 0.141377 0.162003 0.272665 0.126534 0.0725938 0.0223932 0.00322134 0.000149757 1.95729e-06 5.65837e-09 3.19718e-12 3.29812e-16 5.70726e-21 1.49501e-26 5.50555e-33
 1.4339e-41 1.99016e-33 3.3389e-26 6.77122e-20 1.65989e-14 4.91854e-10 1.76174e-06 0.000762774 0.0399206 0.252611 0.199948 0.107846 0.161312 0.136205 0.0842754 0.0153644 0.00167571 7.62055e-05 9.36936e-07 2.45883e-09 1.17741e-12 9.23435e-17 1.12063e-21 2.03228e-27 5.32338e-34
 1.0058e-41 1.39598e-33 2.34205e-26 4.74963e-20 1.16432e-14 3.45008e-10 1.23576e-06 0.000535042 0.0280022 0.177294 0.149845 0.18385 0.261454 0.120663 0.0614583 0.0154287 0.0014258 4.14547e-05 4.11462e-07 9.45678e-10 3.87408e-13 2.51766e-17 2.42172e-22 3.29582e-28 6.17467e-35
 1.28095e-41 1.77788e-33 2.98276e-26 6.04898e-20 1.48284e-14 4.39391e-10 1.57383e-06 0.000681413 0.0356626 0.225731 0.183242 0.132071 0.181396 0.153628 0.0750132 0.0115718 0.000973413 2.77248e-05 1.94685e-07 3.155e-10 1.01591e-13 5.34831e-18 4.12905e-23 4.43603e-29 6.4313e-36
 1.41133e-41 1.95884e-33 3.28636e-26 6.66467e-20 1.63376e-14 4.84114e-10 1.73402e-06 0.00075077 0.0392926 0.248754 0.204564 0.158952 0.187063 0.101814 0.0482223 0.00990504 0.00066773 1.36229e-05 8.12619e-08 1.01258e-10 2.25448e-14 8.40678e-19 4.84833e-24 3.99523e-30 4.46176e-37
 1.12608e-41 1.56293e-33 2.62214e-26 5.31764e-20 1.30356e-14 3.86268e-10 1.38355e-06 0.000599029 0.0313512 0.198618 0.172293 0.196255 0.22514 0.123406 0.0452438 0.00663844 0.000446431 8.58857e-06 3.77103e-08 3.50412e-11 5.98329e-15 1.62282e-19 6.50861e-25 3.7316e-31 2.97127e-38
 1.37691e-41 1.91105e-33 3.20619e-26 6.50209e-20 1.59391e-14 4.72305e-10 1.69172e-06 0.000732456 0.0383343 0.242783 0.203319 0.160618 0.179162 0.125889 0.0436381 0.00526869 0.000249887 3.80334e-06 1.45596e-08 1.05925e-11 1.30443e-15 2.56568e-20 7.55625e-26 3.13772e-32 1.76637e-39
 1.35652e-41 1.88276e-33 3.15872e-26 6.40581e-20 1.57031e-14 4.65311e-10 1.66667e-06 0.00072161 0.0377671 0.239335 0.207249 0.194067 0.188106 0.0966552 0.0318344 0.00409619 0.000164498 1.79143e-06 4.90564e-09 2.77527e-12 2.68818e-16 3.95575e-21 8.36507e-27 2.47083e-33 9.95949e-41
 1.18378e-41 1.643e-33 2.75648e-26 5.59008e-20 1.37034e-14 4.06058e-10 1.45443e-06 0.000629719 0.0329583 0.209065 0.189798 0.213585 0.206933 0.113839 0.0300967 0.00298274 0.000109729 1.05048e-06 2.14438e-09 8.42228e-13 5.8031e-17 6.33274e-22 1.00694e-27 2.20679e-34 6.45365e-42
 1.06039e-41 1.47175e-33 2.46916e-26 5.00742e-20 1.22751e-14 3.63733e-10 1.30283e-06 0.000564083 0.0295236 0.187489 0.177621 0.220713 0.217512 0.130634 0.0329723 0.00288871 8.01659e-05 6.0263e-07 1.01424e-09 3.08723e-13 1.5225e-17 1.15021e-22 1.27541e-28 1.99265e-35 4.2312e-43
 1.05253e-41 1.46085e-33 2.45087e-26 4.97032e-20 1.21842e-14 3.61039e-10 1.29318e-06 0.000559904 0.0293056 0.186268 0.180137 0.221515 0.216482 0.1313 0.0317381 0.00263072 6.22201e-05 3.57488e-07 4.4144e-10 1.01722e-13 3.84539e-18 2.16814e-23 1.72726e-29 1.88791e-36 2.77791e-44
 1.27074e-41 1.7637e-33 2.95898e-26 6.00075e-20 1.47101e-14 4.35888e-10 1.56128e-06 0.000675981 0.0353803 0.224593 0.204941 0.199959 0.192281 0.112859 0.0270408 0.00221695 5.04736e-05 2.64834e-07 2.7628e-10 5.10277e-14 1.5351e-18 7.01375e-24 4.59542e-30 4.13175e-37 4.94429e-45
#pred catch len freq
 2.55696e-27 2.5714e-27 1.80623e-26 3.27043e-20 8.01706e-15 2.3756e-10 8.509e-07 0.000368407 0.0192811 0.121978 0.0938548 0.0449551 0.276232 0.254998 0.0530767 0.0572491 0.0233748 0.0164184 0.00976993 0.00726816 0.00564796 0.00487846 0.0049183 0.00438622 0.0013424
 2.55901e-27 2.57758e-27 2.40474e-26 4.53322e-20 1.11126e-14 3.29287e-10 1.17945e-06 0.000510658 0.026726 0.169076 0.129722 0.0389083 0.205019 0.190552 0.0647987 0.100167 0.0357492 0.0176084 0.00790273 0.00443192 0.00278047 0.00204451 0.00182392 0.00163007 0.000547327
 2.56127e-27 2.58322e-27 2.85224e-26 5.47706e-20 1.34264e-14 3.97847e-10 1.42502e-06 0.00061698 0.0322905 0.204279 0.156657 0.0423604 0.212364 0.196147 0.0443331 0.0522982 0.024561 0.0206077 0.00758996 0.00289439 0.00123716 0.000686749 0.000503989 0.00042357 0.000147457
 2.55989e-27 2.5793e-27 2.48734e-26 4.70721e-20 1.15392e-14 3.41926e-10 1.22472e-06 0.000530258 0.0277518 0.175566 0.134771 0.0447774 0.246136 0.227223 0.048351 0.0533081 0.0197853 0.0111857 0.00607974 0.00305315 0.000876664 0.000299728 0.000154388 0.00011135 3.84227e-05
 2.56007e-27 2.57996e-27 2.55987e-26 4.86027e-20 1.19144e-14 3.53044e-10 1.26454e-06 0.0005475 0.0286541 0.181275 0.139106 0.0432755 0.231661 0.214209 0.052287 0.0655691 0.023614 0.0118802 0.00459033 0.00210235 0.000894073 0.000227371 6.36342e-05 3.28165e-05 1.06182e-05
 2.56076e-27 2.58174e-27 2.70811e-26 5.17296e-20 1.26809e-14 3.75758e-10 1.3459e-06 0.000582724 0.0304976 0.192937 0.148017 0.0436859 0.228523 0.21108 0.047496 0.0554888 0.0214656 0.012932 0.0047585 0.00172692 0.000571743 0.000185853 3.72209e-05 9.92361e-06 2.68587e-06
 2.56074e-27 2.58156e-27 2.68073e-26 5.11516e-20 1.25392e-14 3.71559e-10 1.33086e-06 0.000576212 0.0301569 0.190781 0.146387 0.0446679 0.237142 0.218877 0.0460597 0.0501665 0.0185673 0.0101612 0.00416675 0.00168093 0.000461389 0.000117813 2.53689e-05 3.8513e-06 6.66879e-07
 2.56104e-27 2.58237e-27 2.75223e-26 5.26599e-20 1.29089e-14 3.82515e-10 1.37011e-06 0.000593203 0.0310461 0.196407 0.150678 0.0443931 0.232035 0.214215 0.0461606 0.0515346 0.0184303 0.00911697 0.00347684 0.00136978 0.000427373 9.57313e-05 1.66524e-05 2.12739e-06 2.00504e-07
 2.56204e-27 2.58497e-27 2.97036e-26 5.72612e-20 1.40369e-14 4.15938e-10 1.48982e-06 0.000645035 0.0337588 0.213568 0.163788 0.0447411 0.225473 0.207948 0.0412319 0.0418477 0.0151293 0.00771896 0.00278442 0.000990945 0.000291491 7.04667e-05 1.09409e-05 1.12351e-06 7.08871e-08
 2.56419e-27 2.59069e-27 3.46571e-26 6.77105e-20 1.65984e-14 4.91841e-10 1.76169e-06 0.000762745 0.0399193 0.252541 0.193536 0.0440823 0.199559 0.183893 0.0344357 0.0323352 0.011199 0.00503145 0.00183203 0.000651985 0.000173389 3.90294e-05 6.22916e-06 5.58586e-07 2.66249e-08
 2.56274e-27 2.58658e-27 3.08664e-26 5.97131e-20 1.4638e-14 4.33749e-10 1.55362e-06 0.000672656 0.0352044 0.222713 0.170799 0.0465044 0.233966 0.21537 0.0350728 0.0258274 0.0086653 0.00350964 0.00118235 0.000384628 0.00010242 2.12794e-05 3.14919e-06 2.77352e-07 1.1132e-08
 2.56334e-27 2.58828e-27 3.24509e-26 6.3056e-20 1.54574e-14 4.58031e-10 1.64059e-06 0.000710313 0.0371752 0.235181 0.180301 0.0453386 0.218419 0.201212 0.0359932 0.0314618 0.0099261 0.00299605 0.00093252 0.00027242 6.50931e-05 1.30226e-05 1.79068e-06 1.46836e-07 5.54582e-09
 2.5646e-27 2.59168e-27 3.54084e-26 6.92951e-20 1.69868e-14 5.03351e-10 1.80292e-06 0.000780594 0.0408535 0.258451 0.198061 0.0448605 0.202302 0.186233 0.0314128 0.0248022 0.00815277 0.00299857 0.000849632 0.000191969 4.04105e-05 7.15978e-06 9.18038e-07 6.96875e-08 2.45431e-09
 2.56279e-27 2.58669e-27 3.09397e-26 5.98676e-20 1.46758e-14 4.34871e-10 1.55763e-06 0.000674396 0.0352955 0.223289 0.171241 0.0466295 0.234608 0.215952 0.034993 0.0254719 0.00813828 0.00265826 0.000802279 0.000204912 3.51429e-05 5.06675e-06 5.64947e-07 3.92458e-08 1.27619e-09
 2.5612e-27 2.58248e-27 2.73219e-26 5.2236e-20 1.2805e-14 3.79436e-10 1.35907e-06 0.000588427 0.0307962 0.194826 0.149509 0.0468008 0.25118 0.231462 0.0416898 0.0368418 0.0115995 0.0034421 0.000979866 0.000232976 4.43612e-05 5.84653e-06 5.09769e-07 3.01711e-08 8.89426e-10
 2.5625e-27 2.58609e-27 3.0576e-26 5.9101e-20 1.44879e-14 4.29303e-10 1.53769e-06 0.000665761 0.0348435 0.22043 0.169037 0.0453357 0.22631 0.208602 0.0392501 0.0370709 0.0122593 0.00456915 0.00128985 0.000278917 4.89534e-05 6.65353e-06 5.51984e-07 2.56845e-08 6.37813e-10
 2.56408e-27 2.59021e-27 3.40791e-26 6.64905e-20 1.62994e-14 4.82979e-10 1.72995e-06 0.000749002 0.0392001 0.247991 0.190085 0.0455531 0.213176 0.19619 0.0317597 0.0230951 0.00776422 0.00315612 0.000978788 0.000252272 4.20939e-05 5.20495e-06 4.2692e-07 1.86739e-08 3.70962e-10
 2.56425e-27 2.59059e-27 3.43306e-26 6.70208e-20 1.64293e-14 4.86831e-10 1.74375e-06 0.000754975 0.0395127 0.249969 0.191605 0.0461462 0.216622 0.199239 0.0299418 0.0181426 0.00566967 0.00168718 0.000525659 0.000149354 2.92618e-05 3.78163e-06 2.83403e-07 1.19557e-08 2.18459e-10
 2.56516e-27 2.59306e-27 3.6508e-26 7.16142e-20 1.75554e-14 5.20197e-10 1.86326e-06 0.000806719 0.0422208 0.267101 0.204676 0.0455047 0.202557 0.186267 0.0277849 0.0164772 0.00498341 0.00120716 0.000323222 7.21629e-05 1.48992e-05 2.22578e-06 1.81524e-07 7.16962e-09 1.24248e-10
 2.56395e-27 2.58971e-27 3.34852e-26 6.52373e-20 1.59921e-14 4.73875e-10 1.69734e-06 0.000734884 0.0384612 0.243317 0.186537 0.0468969 0.225895 0.20769 0.0295196 0.0150387 0.00451687 0.00106697 0.000267594 4.81507e-05 7.78061e-06 1.09015e-06 1.01448e-07 4.37712e-09 7.26662e-11
 2.56531e-27 2.59348e-27 3.68878e-26 7.24155e-20 1.77518e-14 5.26017e-10 1.88411e-06 0.000815746 0.0426932 0.270089 0.206956 0.0453693 0.199924 0.183848 0.0275606 0.0165671 0.00489694 0.000989427 0.000239873 4.14265e-05 5.71328e-06 6.12119e-07 5.0339e-08 2.40482e-09 4.32917e-11
 2.56539e-27 2.59365e-27 3.69923e-26 7.26357e-20 1.78058e-14 5.27617e-10 1.88983e-06 0.000818226 0.042823 0.27091 0.207589 0.0457108 0.202078 0.185744 0.0262062 0.0130072 0.00391208 0.00093588 0.000224806 3.38297e-05 4.42921e-06 4.1777e-07 2.61978e-08 1.08444e-09 2.09484e-11
 2.56549e-27 2.5939e-27 3.72058e-26 7.30861e-20 1.79162e-14 5.30889e-10 1.90155e-06 0.0008233 0.0430886 0.27259 0.208872 0.0457018 0.201109 0.18484 0.0258851 0.0124961 0.00366195 0.000721014 0.000174557 3.00719e-05 3.70218e-06 3.12933e-07 1.72626e-08 5.51529e-10 9.21111e-12
 2.56679e-27 2.59748e-27 4.04123e-26 7.98507e-20 1.95744e-14 5.80026e-10 2.07756e-06 0.000899502 0.0470767 0.29782 0.228117 0.0444544 0.178095 0.163671 0.0233719 0.0120935 0.00353993 0.000676974 0.000155267 2.28459e-05 2.97878e-06 2.61456e-07 1.28873e-08 3.5451e-10 4.64465e-12
 2.56655e-27 2.59677e-27 3.97275e-26 7.84058e-20 1.92202e-14 5.6953e-10 2.03996e-06 0.000883225 0.0462248 0.292431 0.224012 0.0451164 0.186016 0.17087 0.0226445 0.00862403 0.00252041 0.000516284 0.000119284 1.68799e-05 1.96937e-06 1.63492e-07 8.47693e-09 2.14156e-10 2.3798e-12
 2.56582e-27 2.59476e-27 3.79233e-26 7.45997e-20 1.82872e-14 5.41883e-10 1.94093e-06 0.00084035 0.0439809 0.278235 0.213184 0.0458578 0.199266 0.183053 0.0240049 0.00865463 0.00244949 0.000374541 8.22391e-05 1.23272e-05 1.4264e-06 1.08773e-07 5.16306e-09 1.32794e-10 1.38432e-12
 2.56587e-27 2.59492e-27 3.80785e-26 7.49272e-20 1.83675e-14 5.44262e-10 1.94945e-06 0.000844039 0.0441739 0.279457 0.214114 0.0456868 0.197312 0.18128 0.0242502 0.00965911 0.00273242 0.000396958 8.09946e-05 9.39133e-06 1.05516e-06 8.25818e-08 3.67544e-09 8.63952e-11 8.8895e-13
 2.56559e-27 2.59415e-27 3.73847e-26 7.34634e-20 1.80087e-14 5.33629e-10 1.91137e-06 0.00082755 0.043311 0.273998 0.209951 0.0460032 0.202644 0.186174 0.0246304 0.00929561 0.00264516 0.000420459 8.71747e-05 9.51032e-06 9.08987e-07 5.98971e-08 2.68063e-09 6.02924e-11 5.7064e-13
#obs catch len freq
 4.99336e-42 6.93046e-34 1.16273e-26 2.35799e-20 5.78034e-15 1.71282e-10 6.13504e-07 0.000265626 0.0139018 0.0879481 0.0678796 0.0398266 0.218384 0.186417 0.143724 0.143513 0.0648461 0.0262777 0.00617064 0.000802243 4.28882e-05 6.82307e-07 2.41714e-09 1.54904e-12 1.57156e-16
 5.72207e-42 7.94186e-34 1.33241e-26 2.7021e-20 6.62389e-15 1.96278e-10 7.03036e-07 0.00030439 0.0159306 0.100783 0.0777911 0.0435947 0.222742 0.181262 0.143109 0.13124 0.0570504 0.0211533 0.00450788 0.000508658 2.22106e-05 2.71916e-07 7.11522e-10 3.29014e-13 2.37888e-17
 1.08518e-41 1.50615e-33 2.52689e-26 5.12447e-20 1.2562e-14 3.72236e-10 1.33329e-06 0.000577268 0.0302119 0.191131 0.146828 0.045168 0.181239 0.140509 0.113531 0.095317 0.0395433 0.0132056 0.00248993 0.000239177 8.46392e-06 7.96889e-08 1.54174e-10 5.14695e-14 2.65187e-18
 1.11822e-41 1.55202e-33 2.60383e-26 5.28052e-20 1.29446e-14 3.83572e-10 1.37389e-06 0.000594847 0.031132 0.196952 0.151618 0.0584586 0.237886 0.164222 0.0765393 0.0539933 0.0211817 0.00630466 0.00103088 8.21141e-05 2.31188e-06 1.66418e-08 2.38302e-11 5.75892e-15 2.11902e-19
 7.85329e-42 1.08998e-33 1.82868e-26 3.70852e-20 9.091e-15 2.69383e-10 9.64885e-07 0.000417762 0.021864 0.138322 0.107114 0.0648522 0.274023 0.18467 0.116432 0.0712049 0.0167306 0.00380427 0.00053036 3.43293e-05 7.51628e-07 4.0771e-09 4.30126e-12 7.53239e-16 1.98513e-20
 1.25746e-41 1.74527e-33 2.92806e-26 5.93804e-20 1.45564e-14 4.31333e-10 1.54497e-06 0.000668917 0.0350084 0.221476 0.170339 0.052919 0.172643 0.122335 0.12535 0.0755822 0.0200081 0.0033671 0.000286483 1.39259e-05 2.32287e-07 9.33023e-10 7.16768e-13 9.04927e-17 1.70718e-21
 1.0373e-41 1.4397e-33 2.41539e-26 4.89836e-20 1.20078e-14 3.55812e-10 1.27446e-06 0.000551797 0.0288789 0.182702 0.14143 0.0736955 0.260135 0.153537 0.0860736 0.0508818 0.0186274 0.00325106 0.000227313 6.68632e-06 7.41342e-08 2.13888e-10 1.18004e-13 1.06328e-17 1.42683e-22
 1.27287e-41 1.76666e-33 2.96393e-26 6.0108e-20 1.47348e-14 4.36618e-10 1.56389e-06 0.000677112 0.0354373 0.224192 0.172925 0.0643774 0.192613 0.124065 0.116709 0.0546731 0.0120111 0.00214742 0.000167203 4.01791e-06 2.7777e-08 4.99343e-11 1.8695e-14 1.18045e-18 1.11589e-23
 1.1458e-41 1.59029e-33 2.66804e-26 5.41073e-20 1.32638e-14 3.9303e-10 1.40777e-06 0.000609515 0.0318996 0.201815 0.1565 0.0796724 0.23888 0.134268 0.0950204 0.0464402 0.0131402 0.00165376 9.80687e-05 2.29972e-06 1.30996e-08 1.5503e-11 3.57009e-15 1.4497e-19 9.25915e-25
 1.51469e-41 2.10228e-33 3.52702e-26 7.15272e-20 1.7534e-14 5.19566e-10 1.861e-06 0.000805749 0.0421697 0.266785 0.205841 0.0695061 0.170929 0.103589 0.0936947 0.037417 0.00814786 0.00105954 5.39117e-05 9.0596e-07 4.2936e-09 4.14225e-12 6.78603e-16 1.77688e-20 7.16504e-26
 1.55581e-41 2.15937e-33 3.62278e-26 7.34693e-20 1.80101e-14 5.33673e-10 1.91153e-06 0.000827627 0.0433147 0.274033 0.212064 0.0831455 0.196864 0.0982085 0.0612659 0.0241747 0.0055248 0.000551622 2.33778e-05 3.2873e-07 1.12939e-09 8.13048e-13 1.03792e-16 2.04463e-21 5.79531e-27
 1.15449e-41 1.60236e-33 2.68829e-26 5.4518e-20 1.33644e-14 3.96013e-10 1.41845e-06 0.000614141 0.0321417 0.203357 0.159364 0.104109 0.254385 0.129035 0.0864652 0.0259852 0.00414995 0.000378018 1.3223e-05 1.41651e-07 3.78991e-10 2.00344e-13 1.82174e-17 2.61847e-22 5.52586e-28
 1.72184e-41 2.38981e-33 4.0094e-26 8.13097e-20 1.99321e-14 5.90625e-10 2.11552e-06 0.000915949 0.0479371 0.303278 0.234426 0.074781 0.140381 0.0905514 0.0806874 0.0233704 0.00344455 0.000219791 5.71291e-06 4.83965e-08 9.6186e-11 3.74658e-14 2.4931e-18 2.55849e-23 3.81026e-29
 1.39811e-41 1.94049e-33 3.25557e-26 6.60223e-20 1.61846e-14 4.79579e-10 1.71777e-06 0.000743737 0.0389242 0.246277 0.193432 0.116388 0.23409 0.0986484 0.0513631 0.0169764 0.00298 0.000171703 3.3147e-06 1.92476e-08 2.7809e-11 7.91122e-15 3.782e-19 2.78372e-24 2.96953e-30
 1.18894e-41 1.65016e-33 2.76849e-26 5.61445e-20 1.37632e-14 4.07828e-10 1.46077e-06 0.000632464 0.0331007 0.209444 0.166042 0.118738 0.228645 0.131593 0.0907283 0.0188054 0.00213663 0.000129049 2.38898e-06 1.06229e-08 1.04547e-11 2.03094e-15 6.84244e-20 3.58058e-25 2.70741e-31
 9.46e-42 1.31299e-33 2.20281e-26 4.46725e-20 1.09509e-14 3.24496e-10 1.16229e-06 0.000503232 0.0263372 0.166673 0.134921 0.131863 0.244057 0.154729 0.109783 0.0277467 0.00325945 0.000123301 1.76339e-06 7.06946e-09 5.58476e-12 7.70545e-16 1.75417e-20 6.22381e-26 3.25204e-32
 1.4991e-41 2.08066e-33 3.49073e-26 7.07914e-20 1.73537e-14 5.14221e-10 1.84186e-06 0.00079746 0.0417359 0.264079 0.207425 0.0988393 0.153518 0.12075 0.0873648 0.0225763 0.00280126 0.000110521 1.20568e-06 3.29587e-09 2.0322e-12 2.25406e-16 3.87864e-21 9.75965e-27 3.49094e-33
 1.04925e-41 1.45629e-33 2.44322e-26 4.9548e-20 1.21461e-14 3.59911e-10 1.28914e-06 0.000558155 0.0292117 0.18491 0.153253 0.170051 0.260972 0.118076 0.0628975 0.0177704 0.00221202 8.64278e-05 9.10573e-07 2.05871e-09 8.90084e-13 6.892e-17 8.80988e-22 1.6878e-27 4.51912e-34
 1.52808e-41 2.12087e-33 3.5582e-26 7.21595e-20 1.76891e-14 5.24159e-10 1.87745e-06 0.000812872 0.0425426 0.269214 0.21353 0.111333 0.15345 0.127096 0.0693516 0.0115096 0.0011153 4.236e-05 4.16324e-07 8.47103e-10 3.07486e-13 1.80053e-17 1.61255e-22 2.13729e-28 4.0609e-35
 1.08808e-41 1.51019e-33 2.53365e-26 5.1382e-20 1.25957e-14 3.73233e-10 1.33686e-06 0.000578815 0.0302931 0.191826 0.162994 0.190866 0.247666 0.11118 0.0519755 0.0116806 0.000916915 2.25131e-05 1.79687e-07 3.18149e-10 9.81761e-14 4.73792e-18 3.35119e-23 3.32994e-29 4.52906e-36
 1.37875e-41 1.91362e-33 3.21049e-26 6.51081e-20 1.59605e-14 4.72938e-10 1.69399e-06 0.000733438 0.0383855 0.242986 0.197801 0.135926 0.173118 0.141372 0.0605874 0.00845829 0.000616138 1.43695e-05 8.02829e-08 1.00674e-10 2.4372e-14 9.48686e-19 5.36529e-24 4.19637e-30 4.40907e-37
 1.50623e-41 2.09054e-33 3.50732e-26 7.11277e-20 1.74361e-14 5.16664e-10 1.85061e-06 0.000801249 0.0419346 0.265509 0.218988 0.161086 0.173621 0.0914193 0.0391586 0.0070723 0.000401138 6.78135e-06 3.19533e-08 3.04663e-11 5.09388e-15 1.40373e-19 5.91373e-25 3.53614e-31 2.85426e-38
 1.21984e-41 1.69305e-33 2.84045e-26 5.76037e-20 1.41209e-14 4.18427e-10 1.49874e-06 0.000648902 0.0339616 0.2152 0.187438 0.200018 0.211175 0.110565 0.0359954 0.00472484 0.000268336 4.16601e-06 1.43679e-08 1.02115e-11 1.30313e-15 2.60588e-20 7.63426e-26 3.17307e-32 1.82142e-39
 1.47803e-41 2.05141e-33 3.44167e-26 6.97964e-20 1.71098e-14 5.06994e-10 1.81597e-06 0.000786252 0.04115 0.260656 0.218835 0.162002 0.167913 0.111071 0.0338482 0.00359133 0.000143575 1.77556e-06 5.28673e-09 2.91725e-12 2.68021e-16 3.87982e-21 8.32933e-27 2.5063e-33 1.0181e-40
 1.45422e-41 2.01836e-33 3.38622e-26 6.86719e-20 1.68341e-14 4.98825e-10 1.78671e-06 0.000773584 0.0404875 0.256635 0.222853 0.194152 0.173394 0.0842102 0.0246614 0.00273991 9.11214e-05 8.00565e-07 1.70801e-09 7.31055e-13 5.25772e-17 5.68228e-22 8.75571e-28 1.87236e-34 5.43747e-42
 1.2812e-41 1.77822e-33 2.98334e-26 6.05015e-20 1.48312e-14 4.39476e-10 1.57413e-06 0.000681546 0.0356711 0.226354 0.206097 0.214611 0.192987 0.0986458 0.022915 0.00197575 6.00201e-05 4.5655e-07 7.20335e-10 2.13795e-13 1.09253e-17 8.73133e-23 1.00906e-28 1.59979e-35 3.37272e-43
 1.15722e-41 1.60614e-33 2.69463e-26 5.46465e-20 1.3396e-14 3.96947e-10 1.4218e-06 0.000615591 0.03222 0.20471 0.194432 0.222743 0.205204 0.113162 0.024997 0.00187287 4.27385e-05 2.55307e-07 3.29856e-10 7.54407e-14 2.75527e-18 1.52415e-23 1.22678e-29 1.38311e-36 2.11158e-44
 1.14986e-41 1.59593e-33 2.6775e-26 5.42992e-20 1.33108e-14 3.94423e-10 1.41276e-06 0.000611677 0.0320151 0.20338 0.191991 0.216356 0.208474 0.118565 0.0265825 0.00198268 4.11281e-05 2.02261e-07 2.09324e-10 3.98129e-14 1.23096e-18 5.64528e-24 3.64154e-30 3.20951e-37 3.79462e-45
#spawning biomass
 11017.8 11867.1 15144 20977 26625.1 32480.1 38388.8 45288.9 50128.4 65448.4 80591.8 93562.3 119984 152575 157627 140929 127823 123193 123987 116787 112542 116511 120820 145573 163756 159043 146859 131989 130501 199066 218865 212942 193847 170906 149330 131305 117270 106831 99309.8 94013.7 90346.3 87837.3 86123.4 84949.7 84179.9 83675.2 83344.1 83127 82984.6 82891.2 82830 82789.8 82763.5 82746.2 82734.9 82727.5 82722.6 82719.4 82717.3 82715.9 82715 82714.4 82714.1 82713.8 82713.6 82713.5 82713.5 82713.4 82713.4 82713.4 82713.3 82713.3 82713.3 82713.3 82713.3 82713.3 82713.3 82713.3 82713.3 82713.3 82713.3 82713.3 82713.3 82713.3 82713.3 82713.3 82713.3 82713.3 82713.3 82713.3 82713.3 82713.3 82713.3 82713.3 82713.3 82713.3 82713.3 82713.3 82713.3 82713.3 82713.3 82713.3 82713.3 82713.3 82713.3 82713.3 82713.3 82713.3 82713.3 82713.3 82713.3 82713.3 82713.3 82713.3 82713.3 82713.3 82713.3 82713.3 82713.3 82713.3 82713.3 82713.3 82713.3 82713.3 82713.3 82713.3 82713.3 82713.3 0 0 0 0 0 0 0 0 0 0 0 0 0 0 0 0 0 0 0 0 0 0 0 0 0
