SBPRF35
0.224663
Curr Bio
40537.9
B35
179312
F35
0.341441
FOFL
0
OFL
0
Bzero
64189.3
#pred survey bio
 8367.14 7754.47 7690.37 7270.94 9337.97 13145.5 14691.8 16902.3 26779.7 46270.6 65763.3 80230.4 102869 129473 145312 119176 115174 111242 115171 110643 118535 123005 131524 141965 155756 164933 155905 135868 2.80186e+06 3.19093e+06 2.69104e+06 2.02676e+06 1.52263e+06 1.20149e+06 1.01322e+06 907390 849006 816897 799098 789075 783311 779917 777869 776599 775803 775295 774967 774751 774609 774515 774451 774409 774380 774361 774348 774340 774334 774330 774327 774325 774324 774323 774323 774322 774322 774322 774322 774322 774322 774321 774321 774321 774321 774321 774321 774321 774321 774321 774321 774321 774321 774321 774321 774321 774321 774321 774321 774321 774321 774321 774321 774321 774321 774321 774321 774321 774321 774321 774321 774321 774321 774321 774321 774321 774321 774321 774321 774321 774321 774321 774321 774321 774321 774321 774321 774321 774321 774321 774321 774321 774321 774321 774321 774321 774321 774321 774321 774321 0 0 0 0 0 0 0 0 0 0 0 0 0 0 0 0 0 0 0 0 0 0 0 0 0
#obs survey bio
 7714.53 12066.4 6967.1 6105.01 13068.8 15996.7 15872.3 23880.2 39578.2 51984.1 95395.5 81512 128959 152517 145095 119343 100913 106553 102112 109131 95156.5 181009 93727.8 191228 147388 156913 146606 145673
#pred catch bio
 5675.42 5706.1 5848.66 5404.05 6520.99 9558.53 10905.5 11728.5 16812.4 31583 49281.8 60119.1 75160.2 91884.4 114094 89865.6 88382.3 83347.5 88515 81272.4 88302.4 89806.4 96093.6 101841 111086 120423 117801 111343 0 36790.9 29891.6 21866 16033.4 12446.5 10428.8 9352.87 8798.23 8518.58 8379.66 8311.34 8277.97 8261.75 8253.88 8250.07 8248.24 8247.36 8246.94 8246.73 8246.63 8246.59 8246.56 8246.55 8246.55 8246.55 8246.54 8246.54 8246.54 8246.54 8246.54 8246.54 8246.54 8246.54 8246.54 8246.54 8246.54 8246.54 8246.54 8246.54 8246.54 8246.54 8246.54 8246.54 8246.54 8246.54 8246.54 8246.54 8246.54 8246.54 8246.54 8246.54 8246.54 8246.54 8246.54 8246.54 8246.54 8246.54 8246.54 8246.54 8246.54 8246.54 8246.54 8246.54 8246.54 8246.54 8246.54 8246.54 8246.54 8246.54 8246.54 8246.54 8246.54 8246.54 8246.54 8246.54 8246.54 8246.54 8246.54 8246.54 8246.54 8246.54 8246.54 8246.54 8246.54 8246.54 8246.54 8246.54 8246.54 8246.54 8246.54 8246.54 8246.54 8246.54 8246.54 8246.54 8246.54 8246.54 8246.54 8246.54 0 0 0 0 0 0 0 0 0 0 0 0 0 0 0 0 0 0 0 0 0 0 0 0 0
#obs catch bio
 4686.19 5660.33 5868.51 5373.43 6295.42 9386.49 10552.6 11268.9 15918.4 30557.6 48092.1 59554.9 73379.9 91324.9 115397 90292.4 90278.6 83765.5 89451.8 81424.6 87999.9 88133.7 96841.6 99899.9 109643 120994 118640 111890
#pred cpue bio
 7885.24 6992.17 6978.95 6573.22 8276.7 11770 13287.8 15120.1 23703.4 41346.1 58899.5 71548.6 91514.9 116015 131974 108293 104054 100338 103890 99901.2 107005 111029 118911 128126 140985 149798 142253 123657 2.50048e+06 3.22368e+06 2.68213e+06 2.00889e+06 1.5038e+06 1.18258e+06 994292 888465 830081 797972 780173 770150 764386 760992 758944 757674 756878 756370 756042 755826 755684 755590 755526 755484 755455 755436 755423 755415 755409 755405 755402 755400 755399 755398 755398 755397 755397 755397 755397 755397 755396 755396 755396 755396 755396 755396 755396 755396 755396 755396 755396 755396 755396 755396 755396 755396 755396 755396 755396 755396 755396 755396 755396 755396 755396 755396 755396 755396 755396 755396 755396 755396 755396 755396 755396 755396 755396 755396 755396 755396 755396 755396 755396 755396 755396 755396 755396 755396 755396 755396 755396 755396 755396 755396 755396 755396 755396 755396 755396 755396 0 0 0 0 0 0 0 0 0 0 0 0 0 0 0 0 0 0 0 0 0 0 0 0 0
#obs cpue bio
 7714.08 6021.88 6502.57 9123.43 12561.5 11189.1 22962.5 21698.2 45374.9 47118 56240.1 73863.6 118649 94180.3 108294 100587 77707.6 105095 98336.7 99738.9 148830 110391 123424 156646 173036 130819 136405 109375
#pred surv len freq
 2.14583e-27 2.17299e-27 6.56163e-27 1.50167e-21 8.93101e-17 1.22116e-12 3.83872e-09 2.77425e-06 0.000460938 0.0176075 0.15463 0.312202 0.145326 0.0263917 0.0671131 0.0942238 0.0385121 0.0314656 0.0281035 0.0191576 0.0162506 0.0141806 0.0147665 0.0137967 0.00580895
 2.1487e-27 2.18143e-27 7.52297e-27 1.82789e-21 1.08712e-16 1.48644e-12 4.67264e-09 3.37693e-06 0.000561071 0.0214325 0.188222 0.380023 0.176736 0.0278694 0.0556991 0.0777686 0.0284095 0.0137474 0.0108804 0.00589105 0.00413345 0.00295887 0.00256854 0.00218584 0.000910162
 2.1477e-27 2.17915e-27 7.28606e-27 1.74752e-21 1.03932e-16 1.42108e-12 4.46719e-09 3.22845e-06 0.000536402 0.0204902 0.179946 0.363315 0.169086 0.0298392 0.0727615 0.101712 0.0355401 0.0121293 0.00833974 0.00305124 0.00146999 0.000776871 0.000504497 0.000358684 0.000141638
 2.14798e-27 2.17991e-27 7.37238e-27 1.77682e-21 1.05674e-16 1.44491e-12 4.54209e-09 3.28258e-06 0.000545396 0.0208338 0.182963 0.369406 0.171883 0.0293266 0.067796 0.094771 0.0339182 0.0141521 0.00996476 0.00295632 0.000967553 0.000309833 0.000120759 6.11384e-05 2.13041e-05
 2.14958e-27 2.18383e-27 7.78758e-27 1.91766e-21 1.14051e-16 1.55944e-12 4.90213e-09 3.54278e-06 0.000588628 0.0224852 0.197466 0.398687 0.185369 0.0279896 0.0508087 0.0708077 0.0251985 0.0100709 0.00711589 0.00234103 0.000820013 0.000195521 3.96258e-05 1.02124e-05 2.63797e-06
 2.14876e-27 2.18181e-27 7.56931e-27 1.8436e-21 1.09646e-16 1.49922e-12 4.71281e-09 3.40596e-06 0.000565895 0.0216168 0.18984 0.38329 0.178291 0.0290461 0.0618994 0.0863891 0.0299999 0.00962957 0.00641491 0.00206529 0.000726144 0.000185747 3.23671e-05 4.03129e-06 5.10759e-07
 2.14792e-27 2.17974e-27 7.35238e-27 1.77002e-21 1.0527e-16 1.43938e-12 4.52471e-09 3.27002e-06 0.000543309 0.020754 0.182263 0.367993 0.171241 0.0296308 0.0700792 0.0979522 0.0345409 0.0127843 0.00873161 0.00250748 0.000752868 0.000186696 3.30167e-05 3.54749e-06 2.26129e-07
 2.14886e-27 2.18207e-27 7.60069e-27 1.85427e-21 1.10281e-16 1.50789e-12 4.74007e-09 3.42566e-06 0.000569169 0.0217419 0.190938 0.385507 0.179299 0.0285942 0.0584722 0.0816196 0.0291538 0.0119871 0.00845497 0.00260439 0.000836354 0.000186484 2.90798e-05 3.00292e-06 1.62244e-07
 2.14967e-27 2.18405e-27 7.80949e-27 1.92509e-21 1.14493e-16 1.56548e-12 4.92111e-09 3.5565e-06 0.000590908 0.0225723 0.198231 0.400231 0.186085 0.0280305 0.0505933 0.0704847 0.0248219 0.00909013 0.0062871 0.00205549 0.000721737 0.000172441 2.70182e-05 2.50839e-06 1.23146e-07
 2.14893e-27 2.18222e-27 7.61345e-27 1.85858e-21 1.10537e-16 1.5114e-12 4.7511e-09 3.43363e-06 0.000570493 0.0217924 0.191382 0.386404 0.179722 0.0288241 0.0596057 0.0831698 0.0290541 0.00988241 0.00665577 0.00204833 0.000680299 0.000172218 2.95008e-05 2.84783e-06 1.33059e-07
 2.14875e-27 2.18179e-27 7.56927e-27 1.8436e-21 1.09646e-16 1.49921e-12 4.7128e-09 3.40595e-06 0.000565894 0.0216168 0.18984 0.383289 0.178283 0.0288538 0.0607257 0.0847716 0.0299357 0.0112189 0.00771095 0.00227977 0.000705687 0.000168071 2.83699e-05 2.92322e-06 1.44623e-07
 2.14909e-27 2.18262e-27 7.65702e-27 1.87337e-21 1.11416e-16 1.52342e-12 4.78889e-09 3.46094e-06 0.000575031 0.0219658 0.192905 0.389477 0.181135 0.0286106 0.0573756 0.0800374 0.0280975 0.010002 0.00682488 0.00211512 0.000690068 0.000158016 2.47621e-05 2.4522e-06 1.24262e-07
 2.14927e-27 2.18306e-27 7.70339e-27 1.88909e-21 1.12351e-16 1.53621e-12 4.82908e-09 3.48999e-06 0.000579857 0.0221501 0.194524 0.392746 0.182643 0.0285208 0.0558424 0.077865 0.0271797 0.00917512 0.00615374 0.00185755 0.000592986 0.000141167 2.25729e-05 2.12609e-06 1.02251e-07
 2.1487e-27 2.18165e-27 7.55313e-27 1.83812e-21 1.0932e-16 1.49475e-12 4.69878e-09 3.39582e-06 0.00056421 0.0215525 0.189275 0.382149 0.177764 0.0290678 0.0623758 0.0870703 0.030378 0.0102045 0.0068146 0.0020023 0.000611868 0.00014178 2.26349e-05 2.18063e-06 1.03299e-07
 2.14755e-27 2.17884e-27 7.25727e-27 1.73776e-21 1.03351e-16 1.41315e-12 4.44225e-09 3.21042e-06 0.000533407 0.0203758 0.178941 0.361286 0.168151 0.0299076 0.0737901 0.103191 0.0365025 0.0138775 0.00956351 0.00280568 0.000848744 0.000190687 2.91995e-05 2.7636e-06 1.31797e-07
 2.14752e-27 2.17877e-27 7.25128e-27 1.73574e-21 1.03231e-16 1.4115e-12 4.43708e-09 3.20669e-06 0.000532786 0.0203521 0.178733 0.360866 0.167951 0.0297609 0.0730216 0.102133 0.0364689 0.0149566 0.0105595 0.00329558 0.00108129 0.000244583 3.67072e-05 3.34983e-06 1.55234e-07
 2.14804e-27 2.18006e-27 7.38888e-27 1.78242e-21 1.06008e-16 1.44946e-12 4.55641e-09 3.29293e-06 0.000547116 0.0208994 0.18354 0.370571 0.172417 0.0292201 0.0667949 0.0933649 0.033485 0.014202 0.0101508 0.00331093 0.00116249 0.000281808 4.4969e-05 4.11085e-06 1.85459e-07
 2.14817e-27 2.18036e-27 7.41946e-27 1.79279e-21 1.06624e-16 1.45789e-12 4.5829e-09 3.31208e-06 0.000550296 0.0210209 0.184607 0.372725 0.173416 0.0292948 0.0666018 0.0930609 0.0329435 0.0126135 0.00883483 0.0029368 0.00106641 0.000272789 4.7035e-05 4.60478e-06 2.14431e-07
 2.14816e-27 2.18034e-27 7.41745e-27 1.7921e-21 1.06583e-16 1.45734e-12 4.58116e-09 3.31082e-06 0.000550087 0.021013 0.184537 0.372584 0.17335 0.029293 0.0666334 0.0931099 0.0330255 0.0128456 0.00896822 0.00281998 0.000965678 0.000251224 4.5481e-05 4.77089e-06 2.38367e-07
 2.14808e-27 2.18013e-27 7.39442e-27 1.78429e-21 1.06118e-16 1.45098e-12 4.56118e-09 3.29638e-06 0.000547688 0.0209213 0.183732 0.370959 0.172604 0.0294106 0.0678414 0.0948059 0.0335332 0.0127454 0.00885884 0.00280358 0.000953303 0.00023541 4.12303e-05 4.45837e-06 2.362e-07
 2.1481e-27 2.1802e-27 7.40245e-27 1.78702e-21 1.06281e-16 1.4532e-12 4.56816e-09 3.30142e-06 0.000548526 0.0209533 0.184013 0.371526 0.172861 0.0292861 0.0669099 0.0935101 0.0333103 0.0134105 0.00943166 0.00295283 0.000992083 0.000244522 4.1704e-05 4.33711e-06 2.30238e-07
 2.14811e-27 2.18021e-27 7.40396e-27 1.78753e-21 1.06311e-16 1.45362e-12 4.56946e-09 3.30236e-06 0.000548682 0.0209593 0.184066 0.371632 0.172911 0.0293123 0.0670378 0.0936833 0.0332733 0.0130858 0.00918976 0.00296665 0.001031 0.000252647 4.26099e-05 4.35453e-06 2.2432e-07
 2.14797e-27 2.17987e-27 7.36829e-27 1.77543e-21 1.05592e-16 1.44378e-12 4.53854e-09 3.28001e-06 0.000544969 0.0208175 0.18282 0.369117 0.171752 0.0294026 0.0683474 0.0955352 0.0340094 0.0136228 0.00959179 0.00306079 0.00105795 0.00026657 4.59556e-05 4.66895e-06 2.36788e-07
 2.14812e-27 2.18026e-27 7.40942e-27 1.78939e-21 1.06422e-16 1.45513e-12 4.57421e-09 3.3058e-06 0.000549253 0.0209811 0.184257 0.372018 0.173087 0.029227 0.0664007 0.0927967 0.033114 0.0135173 0.00956882 0.00308384 0.00107495 0.00026911 4.67447e-05 4.85792e-06 2.48147e-07
 2.14787e-27 2.17963e-27 7.34236e-27 1.76664e-21 1.05069e-16 1.43663e-12 4.51606e-09 3.26377e-06 0.00054227 0.0207143 0.181914 0.367289 0.170909 0.0294697 0.0693082 0.096892 0.0345198 0.0139164 0.00983776 0.00320597 0.00113492 0.000287059 5.00876e-05 5.22049e-06 2.70454e-07
 2.14757e-27 2.1789e-27 7.26635e-27 1.74086e-21 1.03535e-16 1.41566e-12 4.45015e-09 3.21614e-06 0.000534356 0.0204121 0.17926 0.361929 0.168437 0.0296338 0.0719251 0.100597 0.0360563 0.0152203 0.0108569 0.00351578 0.00123913 0.00031701 5.61655e-05 5.90601e-06 3.07495e-07
 2.14714e-27 2.17787e-27 7.15767e-27 1.70399e-21 1.01343e-16 1.38569e-12 4.35592e-09 3.14804e-06 0.000523042 0.0199798 0.175464 0.354266 0.164906 0.0299368 0.0760844 0.10647 0.0382632 0.0164758 0.011838 0.00393159 0.00142274 0.000363453 6.4533e-05 6.87381e-06 3.62108e-07
 2.14739e-27 2.17846e-27 7.22158e-27 1.72568e-21 1.02633e-16 1.40332e-12 4.41135e-09 3.1881e-06 0.000529697 0.0202341 0.177697 0.358774 0.16698 0.0296621 0.0730491 0.1022 0.0368682 0.0163151 0.0118024 0.00396387 0.00146173 0.000383164 6.93353e-05 7.41401e-06 3.93679e-07
#obs surv len freq
 1.24292e-39 6.08324e-33 6.84496e-27 1.77073e-21 1.05312e-16 1.43995e-12 4.52649e-09 3.2713e-06 0.000543532 0.0207622 0.182334 0.368137 0.17129 0.0291689 0.0672162 0.0939808 0.0339889 0.0153159 0.0111875 0.0039458 0.00156464 0.00045305 9.54876e-05 1.24197e-05 8.27687e-07
 1.31649e-39 6.44331e-33 7.25011e-27 1.87554e-21 1.11545e-16 1.52518e-12 4.79441e-09 3.46493e-06 0.000575703 0.0219911 0.193126 0.389926 0.181329 0.0282467 0.0550196 0.0767682 0.0276354 0.0120508 0.00872569 0.00302255 0.00117101 0.000331518 6.80742e-05 8.60789e-06 5.55857e-07
 1.15747e-39 5.66503e-33 6.37439e-27 1.64899e-21 9.80718e-17 1.34095e-12 4.2153e-09 3.04641e-06 0.000506165 0.0193348 0.169799 0.342829 0.159654 0.0308634 0.085188 0.119238 0.0418897 0.0150185 0.0103771 0.00351981 0.00132899 0.000367699 7.34193e-05 9.02534e-06 5.66261e-07
 1.34802e-39 6.59763e-33 7.42376e-27 1.92046e-21 1.14217e-16 1.56171e-12 4.90924e-09 3.54792e-06 0.000589492 0.0225178 0.197752 0.399264 0.185619 0.027506 0.0476837 0.0664843 0.0247827 0.0134578 0.00997025 0.00303961 0.00100448 0.000267208 5.17471e-05 6.17596e-06 3.76294e-07
 1.39364e-39 6.82093e-33 7.67501e-27 1.98545e-21 1.18082e-16 1.61456e-12 5.07539e-09 3.668e-06 0.000609443 0.0232799 0.204444 0.412777 0.191867 0.0275316 0.0437673 0.060839 0.0210821 0.00663113 0.00450287 0.00174004 0.000714999 0.000175268 3.02918e-05 3.44253e-06 2.03117e-07
 1.27241e-39 6.22756e-33 7.00735e-27 1.81273e-21 1.0781e-16 1.47411e-12 4.63387e-09 3.34891e-06 0.000556426 0.0212548 0.186659 0.37687 0.175342 0.0295473 0.0668947 0.0934019 0.0320948 0.00918874 0.00582093 0.00165975 0.000520618 0.000152227 2.96457e-05 3.11831e-06 1.70068e-07
 1.27482e-39 6.23936e-33 7.02062e-27 1.81617e-21 1.08014e-16 1.4769e-12 4.64265e-09 3.35525e-06 0.00055748 0.021295 0.187013 0.377584 0.175651 0.0289745 0.0631824 0.0882664 0.0316102 0.0132458 0.00925353 0.00251709 0.000670875 0.000147227 2.53354e-05 2.96868e-06 1.64219e-07
 1.42004e-39 6.95013e-33 7.8204e-27 2.02306e-21 1.20319e-16 1.64515e-12 5.17153e-09 3.73748e-06 0.000620987 0.0237209 0.208317 0.420596 0.19546 0.0269466 0.0378395 0.0525235 0.0186962 0.00748832 0.0052963 0.00174644 0.000599792 0.000126051 1.71891e-05 1.6317e-06 8.89515e-08
 1.41685e-39 6.93452e-33 7.80283e-27 2.01852e-21 1.20049e-16 1.64145e-12 5.15991e-09 3.72908e-06 0.000619592 0.0236676 0.207849 0.419651 0.195039 0.0273652 0.0406796 0.0564636 0.0192296 0.00494502 0.00305516 0.000983039 0.000346174 8.76227e-05 1.40188e-05 1.19344e-06 5.26667e-08
 1.34202e-39 6.56827e-33 7.39072e-27 1.91191e-21 1.13708e-16 1.55476e-12 4.88739e-09 3.53213e-06 0.000586868 0.0224176 0.196872 0.397488 0.184836 0.0285319 0.0544815 0.0759083 0.02597 0.00705967 0.00435095 0.00112784 0.000284706 6.84612e-05 1.19674e-05 1.19177e-06 5.38917e-08
 1.32358e-39 6.478e-33 7.28915e-27 1.88563e-21 1.12146e-16 1.53339e-12 4.82023e-09 3.48359e-06 0.000578803 0.0221095 0.194166 0.392026 0.182312 0.0285679 0.0563475 0.0785797 0.0274749 0.00941568 0.00625545 0.00165818 0.000413707 7.95753e-05 1.07427e-05 1.0552e-06 5.30653e-08
 1.35769e-39 6.64495e-33 7.47701e-27 1.93423e-21 1.15036e-16 1.57291e-12 4.94445e-09 3.57337e-06 0.00059372 0.0226793 0.19917 0.402128 0.186961 0.0279922 0.0497886 0.0693451 0.0243521 0.00869354 0.00590586 0.00174689 0.000521803 0.000103913 1.27545e-05 9.91823e-07 4.3616e-08
 1.33261e-39 6.52221e-33 7.3389e-27 1.8985e-21 1.12911e-16 1.54386e-12 4.85312e-09 3.50736e-06 0.000582753 0.0222604 0.195491 0.394701 0.183546 0.0284805 0.0550076 0.076679 0.026632 0.00855918 0.00566327 0.0017127 0.000541586 0.000121465 1.7143e-05 1.32384e-06 4.98835e-08
 1.28446e-39 6.28655e-33 7.07373e-27 1.82991e-21 1.08831e-16 1.48807e-12 4.67777e-09 3.38063e-06 0.000561697 0.0214561 0.188427 0.38044 0.176976 0.0290982 0.063077 0.088069 0.0308707 0.010835 0.00730282 0.00209734 0.000619595 0.000142135 2.18759e-05 1.91174e-06 7.70226e-08
 1.16615e-39 5.70748e-33 6.42214e-27 1.66135e-21 9.88066e-17 1.351e-12 4.24688e-09 3.06923e-06 0.000509957 0.0194797 0.171071 0.345398 0.160831 0.0305786 0.0826758 0.115733 0.0411637 0.0163678 0.0114257 0.00342795 0.00106316 0.000233952 3.46881e-05 3.17743e-06 1.41092e-07
 1.26412e-39 6.187e-33 6.96172e-27 1.80093e-21 1.07108e-16 1.46451e-12 4.6037e-09 3.3271e-06 0.000552803 0.0211164 0.185444 0.374416 0.174172 0.0286143 0.0619383 0.086592 0.0320818 0.0168339 0.0124859 0.00401166 0.00136837 0.000316915 4.79544e-05 4.26898e-06 1.90784e-07
 1.2297e-39 6.01855e-33 6.77216e-27 1.75189e-21 1.04192e-16 1.42463e-12 4.47835e-09 3.23651e-06 0.000537751 0.0205414 0.180395 0.364222 0.169495 0.0295662 0.0708219 0.0990245 0.0352395 0.0140977 0.0101554 0.00385034 0.0015771 0.000400513 6.62663e-05 6.16214e-06 2.75659e-07
 1.26991e-39 6.21531e-33 6.99357e-27 1.80917e-21 1.07598e-16 1.47121e-12 4.62476e-09 3.34233e-06 0.000555332 0.021213 0.186292 0.376129 0.174972 0.0288216 0.0626878 0.0875967 0.0317312 0.0144486 0.0104588 0.00339068 0.00124972 0.000369231 7.24639e-05 7.48211e-06 3.57519e-07
 1.2501e-39 6.11838e-33 6.8845e-27 1.78095e-21 1.0592e-16 1.44827e-12 4.55263e-09 3.2902e-06 0.000546671 0.0208821 0.183387 0.370263 0.172279 0.0293115 0.0674461 0.0942656 0.0335617 0.0134664 0.00958837 0.00333103 0.00126419 0.000331353 6.4602e-05 7.73822e-06 4.21775e-07
 1.25152e-39 6.1253e-33 6.89229e-27 1.78297e-21 1.0604e-16 1.4499e-12 4.55778e-09 3.29392e-06 0.00054729 0.0209058 0.183594 0.370682 0.172467 0.0291574 0.0663794 0.0927887 0.0334095 0.014582 0.0104711 0.00339247 0.00121744 0.000331873 6.3128e-05 7.24354e-06 4.24871e-07
 1.27698e-39 6.24993e-33 7.03252e-27 1.81925e-21 1.08197e-16 1.4794e-12 4.65052e-09 3.36094e-06 0.000558425 0.0213311 0.18733 0.378224 0.175941 0.0288332 0.062127 0.0867851 0.0311551 0.0133128 0.00957612 0.00324739 0.00120155 0.000310041 5.73301e-05 6.56316e-06 3.76175e-07
 1.26099e-39 6.17166e-33 6.94445e-27 1.79646e-21 1.06842e-16 1.46088e-12 4.59228e-09 3.31885e-06 0.000551431 0.021064 0.184984 0.373487 0.173764 0.0291601 0.0655503 0.0915945 0.0326381 0.0131788 0.00935199 0.00313647 0.00116184 0.00031052 5.74112e-05 6.33369e-06 3.56758e-07
 1.26453e-39 6.189e-33 6.96397e-27 1.80151e-21 1.07143e-16 1.46498e-12 4.60519e-09 3.32818e-06 0.000552981 0.0211232 0.185504 0.374537 0.174244 0.0290336 0.0644614 0.0900745 0.032305 0.0137016 0.00978592 0.00317827 0.0011327 0.000299873 5.61945e-05 6.28426e-06 3.47719e-07
 1.26259e-39 6.17949e-33 6.95326e-27 1.79874e-21 1.06978e-16 1.46273e-12 4.59811e-09 3.32306e-06 0.000552131 0.0210907 0.185219 0.373961 0.173979 0.0290692 0.0648523 0.0906228 0.0324585 0.0136342 0.00975231 0.00325448 0.00118466 0.00030449 5.53482e-05 6.18613e-06 3.45775e-07
 1.26827e-39 6.20729e-33 6.98455e-27 1.80684e-21 1.07459e-16 1.46931e-12 4.61879e-09 3.33801e-06 0.000554615 0.0211856 0.186052 0.375644 0.174754 0.0289766 0.06378 0.0891131 0.031953 0.0135321 0.00968915 0.00321821 0.00117411 0.000308533 5.62087e-05 6.11717e-06 3.37289e-07
 1.20011e-39 5.8737e-33 6.60918e-27 1.70973e-21 1.01684e-16 1.39035e-12 4.37057e-09 3.15862e-06 0.00052481 0.0200471 0.176053 0.355457 0.165457 0.0299393 0.0757411 0.105976 0.0379419 0.0158875 0.0113558 0.00378938 0.00138789 0.000364462 6.706e-05 7.36873e-06 4.01489e-07
 1.20039e-39 5.87507e-33 6.61072e-27 1.71013e-21 1.01708e-16 1.39067e-12 4.37159e-09 3.15936e-06 0.000524931 0.0200517 0.176094 0.355539 0.16548 0.0295293 0.0732134 0.102482 0.0376454 0.0187714 0.013858 0.00459957 0.0016756 0.000441516 8.1513e-05 9.00644e-06 4.94568e-07
 1.2289e-39 6.01462e-33 6.76774e-27 1.75075e-21 1.04124e-16 1.4237e-12 4.47543e-09 3.2344e-06 0.0005374 0.020528 0.180277 0.363984 0.169369 0.029145 0.0683219 0.0955738 0.0350122 0.0171804 0.0128274 0.00472587 0.00190497 0.000505404 9.31285e-05 1.0323e-05 5.69629e-07
#pred catch len freq
 2.14572e-27 2.17274e-27 6.5349e-27 1.4926e-21 8.87707e-17 1.21378e-12 3.81554e-09 2.7575e-06 0.000458155 0.0175012 0.153696 0.310317 0.144461 0.0265587 0.0687009 0.0964544 0.0392054 0.0314211 0.0279872 0.0190185 0.0161102 0.0140519 0.0146307 0.0136696 0.00575542
 2.1487e-27 2.18143e-27 7.52194e-27 1.82754e-21 1.08691e-16 1.48615e-12 4.67174e-09 3.37628e-06 0.000560964 0.0214284 0.188186 0.37995 0.176705 0.027929 0.056085 0.078306 0.0285144 0.0135138 0.0106491 0.00574819 0.00402639 0.00288078 0.00250038 0.00212779 0.00088599
 2.14773e-27 2.17922e-27 7.29324e-27 1.74995e-21 1.04076e-16 1.42306e-12 4.4734e-09 3.23294e-06 0.000537148 0.0205187 0.180196 0.36382 0.16932 0.0298521 0.0726872 0.101601 0.035426 0.0118461 0.00809691 0.00295488 0.00142015 0.000750051 0.000486984 0.000346222 0.000136716
 2.14798e-27 2.1799e-27 7.3709e-27 1.77632e-21 1.05644e-16 1.4445e-12 4.5408e-09 3.28165e-06 0.000545241 0.0208278 0.182911 0.369301 0.171836 0.029371 0.0680986 0.0951909 0.0339764 0.013886 0.00973225 0.00288163 0.000940516 0.000300939 0.000117256 5.9361e-05 2.06846e-05
 2.14951e-27 2.18366e-27 7.76859e-27 1.91122e-21 1.13668e-16 1.5542e-12 4.88565e-09 3.53088e-06 0.00058665 0.0224096 0.196802 0.397347 0.184754 0.0280814 0.0517734 0.072163 0.0256168 0.0100352 0.00705686 0.00231643 0.00080943 0.000192877 3.90749e-05 1.00692e-05 2.60094e-06
 2.14873e-27 2.18172e-27 7.55935e-27 1.84022e-21 1.09445e-16 1.49647e-12 4.70417e-09 3.39971e-06 0.000564857 0.0215772 0.189492 0.382587 0.177968 0.0291082 0.0624899 0.0872167 0.0302291 0.00951363 0.0062991 0.00202348 0.000709657 0.000181412 3.16015e-05 3.93547e-06 4.98599e-07
 2.14791e-27 2.17972e-27 7.34959e-27 1.76908e-21 1.05214e-16 1.43861e-12 4.52229e-09 3.26827e-06 0.000543019 0.0207429 0.182166 0.367796 0.171151 0.0296751 0.0704093 0.0984114 0.0346219 0.0125555 0.00853048 0.00244507 0.00073209 0.000181407 3.20704e-05 3.44545e-06 2.19616e-07
 2.14877e-27 2.18185e-27 7.5774e-27 1.84637e-21 1.09811e-16 1.50146e-12 4.71987e-09 3.41106e-06 0.000566743 0.0216492 0.190124 0.383864 0.178544 0.0287048 0.0596424 0.0832639 0.0296647 0.0119555 0.00839418 0.00258034 0.000826505 0.000184168 2.87078e-05 2.96412e-06 1.60142e-07
 2.1495e-27 2.18363e-27 7.76437e-27 1.90978e-21 1.13582e-16 1.55303e-12 4.88198e-09 3.52822e-06 0.000586209 0.0223928 0.196654 0.397048 0.18462 0.0282109 0.0526537 0.0733847 0.025788 0.00926696 0.00637741 0.00208041 0.000728714 0.000174 2.72534e-05 2.52991e-06 1.24197e-07
 2.14882e-27 2.18195e-27 7.58464e-27 1.84881e-21 1.09956e-16 1.50345e-12 4.7261e-09 3.41557e-06 0.000567492 0.0216778 0.190375 0.384371 0.178787 0.0289526 0.0610025 0.0851338 0.0296803 0.00990179 0.00663186 0.0020367 0.000674679 0.000170679 2.92277e-05 2.82116e-06 1.31808e-07
 2.14876e-27 2.1818e-27 7.57013e-27 1.84389e-21 1.09663e-16 1.49945e-12 4.71354e-09 3.40649e-06 0.000565983 0.0216202 0.189869 0.38335 0.178312 0.0288816 0.0608772 0.0849799 0.0299379 0.0109916 0.00751548 0.00221757 0.000684582 0.000162928 2.74921e-05 2.83244e-06 1.40128e-07
 2.14909e-27 2.18263e-27 7.65761e-27 1.87356e-21 1.11428e-16 1.52358e-12 4.7894e-09 3.46131e-06 0.000575091 0.0219681 0.192925 0.389519 0.181155 0.0286361 0.0575191 0.0802349 0.028104 0.00980244 0.00665179 0.00205711 0.000669414 0.000153186 2.39965e-05 2.37608e-06 1.20401e-07
 2.14925e-27 2.183e-27 7.69581e-27 1.88652e-21 1.12199e-16 1.53412e-12 4.82251e-09 3.48524e-06 0.000579068 0.02212 0.194259 0.392212 0.182398 0.0285725 0.0563192 0.0785327 0.0273563 0.00905226 0.00603642 0.00181839 0.00057895 0.00013773 2.20159e-05 2.07339e-06 9.97118e-08
 2.14863e-27 2.18149e-27 7.53525e-27 1.83205e-21 1.08959e-16 1.48982e-12 4.68327e-09 3.38461e-06 0.000562349 0.0214813 0.18865 0.380888 0.177185 0.0291586 0.0633101 0.0883823 0.0307735 0.0101361 0.0067304 0.00197365 0.000601491 0.000139276 2.22273e-05 2.14111e-06 1.01423e-07
 2.14764e-27 2.17904e-27 7.27822e-27 1.74487e-21 1.03774e-16 1.41892e-12 4.46041e-09 3.22355e-06 0.000535588 0.0204591 0.179673 0.362763 0.168832 0.029874 0.0731402 0.102268 0.0360864 0.0134331 0.0092088 0.0026963 0.000813441 0.000182626 2.79549e-05 2.64548e-06 1.26158e-07
 2.14754e-27 2.17881e-27 7.25552e-27 1.73718e-21 1.03317e-16 1.41267e-12 4.44075e-09 3.20934e-06 0.000533227 0.0203689 0.178881 0.361164 0.16809 0.0297886 0.0731009 0.102238 0.0364089 0.0146244 0.0102757 0.00320024 0.00104732 0.000236746 3.55181e-05 3.2409e-06 1.5018e-07
 2.14808e-27 2.18017e-27 7.40003e-27 1.7862e-21 1.06232e-16 1.45254e-12 4.56607e-09 3.29991e-06 0.000548275 0.0209437 0.183929 0.371356 0.17278 0.029224 0.066582 0.0930577 0.0332814 0.0138215 0.00983264 0.00320003 0.00112077 0.000271523 4.33132e-05 3.95902e-06 1.78602e-07
 2.14818e-27 2.18038e-27 7.42063e-27 1.79318e-21 1.06647e-16 1.45821e-12 4.58391e-09 3.3128e-06 0.000550417 0.0210256 0.184648 0.372807 0.173455 0.0293267 0.0667717 0.0932944 0.0329456 0.0123571 0.00861065 0.00285575 0.00103445 0.000264447 4.5582e-05 4.46204e-06 2.07776e-07
 2.14821e-27 2.18045e-27 7.42846e-27 1.79584e-21 1.06805e-16 1.46037e-12 4.5907e-09 3.31771e-06 0.000551233 0.0210567 0.184921 0.373359 0.173709 0.0292918 0.0663925 0.0927642 0.0328199 0.0125016 0.00868358 0.00272461 0.000930607 0.000241937 4.37856e-05 4.59257e-06 2.29449e-07
 2.14805e-27 2.18008e-27 7.38805e-27 1.78213e-21 1.0599e-16 1.44922e-12 4.55565e-09 3.29238e-06 0.000547024 0.020896 0.183509 0.370509 0.172398 0.0294679 0.0683263 0.0954835 0.033692 0.0125475 0.00867666 0.00274001 0.000929318 0.000229336 4.01527e-05 4.34136e-06 2.29993e-07
 2.1481e-27 2.18019e-27 7.40165e-27 1.78675e-21 1.06265e-16 1.45298e-12 4.56746e-09 3.30092e-06 0.000548443 0.0209501 0.183985 0.37147 0.172837 0.0293263 0.0671722 0.0938736 0.0333532 0.0131533 0.00920602 0.00287607 0.000963808 0.000237394 4.04748e-05 4.20879e-06 2.23418e-07
 2.14808e-27 2.18014e-27 7.39562e-27 1.7847e-21 1.06143e-16 1.45131e-12 4.56223e-09 3.29713e-06 0.000547814 0.0209261 0.183774 0.371044 0.172642 0.0293771 0.0676109 0.0944851 0.0334745 0.0128991 0.00901396 0.0029035 0.00100654 0.000246496 4.15582e-05 4.24657e-06 2.18751e-07
 2.14794e-27 2.1798e-27 7.36016e-27 1.77267e-21 1.05428e-16 1.44154e-12 4.53148e-09 3.27492e-06 0.000544123 0.0207851 0.182536 0.368544 0.171489 0.029468 0.0689196 0.0963355 0.0342068 0.0134247 0.00940659 0.00299518 0.00103266 0.000260027 4.48128e-05 4.55234e-06 2.30865e-07
 2.14807e-27 2.18013e-27 7.39504e-27 1.7845e-21 1.06131e-16 1.45116e-12 4.56173e-09 3.29677e-06 0.000547754 0.0209238 0.183754 0.371003 0.172621 0.0293128 0.0672304 0.0939601 0.0334425 0.013377 0.00942499 0.00303085 0.00105384 0.000263655 4.57819e-05 4.75733e-06 2.43e-07
 2.1478e-27 2.17947e-27 7.32535e-27 1.76086e-21 1.04725e-16 1.43193e-12 4.5013e-09 3.2531e-06 0.000540498 0.0206467 0.18132 0.366089 0.170358 0.0295657 0.0702554 0.0982209 0.0349044 0.0137897 0.00970186 0.00315469 0.001114 0.000281589 4.91168e-05 5.11875e-06 2.65174e-07
 2.14754e-27 2.17883e-27 7.25795e-27 1.738e-21 1.03366e-16 1.41334e-12 4.44286e-09 3.21087e-06 0.000533481 0.0203786 0.178966 0.361336 0.168166 0.0297044 0.0725345 0.101449 0.0362629 0.0149963 0.0106482 0.00344062 0.00120961 0.000309259 5.47743e-05 5.75909e-06 2.99835e-07
 2.14717e-27 2.17793e-27 7.16345e-27 1.70595e-21 1.01459e-16 1.38728e-12 4.36092e-09 3.15165e-06 0.000523642 0.0200028 0.175665 0.354673 0.165095 0.0299651 0.0761349 0.106533 0.0381776 0.0160985 0.011514 0.00381534 0.0013773 0.000351623 6.24119e-05 6.64716e-06 3.50156e-07
 2.14755e-27 2.17887e-27 7.26437e-27 1.74019e-21 1.03496e-16 1.41512e-12 4.44845e-09 3.2149e-06 0.000534152 0.0204042 0.179191 0.36179 0.168371 0.029572 0.0715894 0.100133 0.0360124 0.0155912 0.0112266 0.00376176 0.0013838 0.00036251 6.55766e-05 7.01136e-06 3.72286e-07
#obs catch len freq
 1.21784e-39 5.96049e-33 6.70683e-27 1.73499e-21 1.03187e-16 1.41089e-12 4.43515e-09 3.20529e-06 0.000532564 0.0203432 0.178654 0.360708 0.167867 0.0294638 0.0712555 0.0996836 0.0361246 0.0165088 0.0121162 0.00434035 0.00175357 0.000516854 0.000111913 1.50212e-05 1.03231e-06
 1.23345e-39 6.03688e-33 6.7928e-27 1.75723e-21 1.04509e-16 1.42897e-12 4.49199e-09 3.24637e-06 0.000539389 0.020604 0.180944 0.365332 0.169999 0.0293294 0.0690418 0.0965502 0.0348435 0.0154674 0.0112607 0.0039595 0.00156498 0.00045246 9.52494e-05 1.23799e-05 8.24667e-07
 1.30874e-39 6.40536e-33 7.20741e-27 1.86449e-21 1.10888e-16 1.51619e-12 4.76617e-09 3.44452e-06 0.000572312 0.0218616 0.191988 0.387629 0.180272 0.0283785 0.0565166 0.078875 0.0283352 0.0121716 0.00878305 0.00303325 0.00117129 0.000331094 6.79054e-05 8.58044e-06 5.53834e-07
 1.14774e-39 5.61739e-33 6.32078e-27 1.63512e-21 9.7247e-17 1.32968e-12 4.17985e-09 3.02079e-06 0.000501908 0.0191722 0.168371 0.339946 0.158327 0.0310373 0.0871189 0.121954 0.0427739 0.0151102 0.010397 0.00351604 0.00132313 0.000365522 7.2896e-05 8.95459e-06 5.61566e-07
 1.34199e-39 6.56809e-33 7.39052e-27 1.91186e-21 1.13705e-16 1.55471e-12 4.88726e-09 3.53203e-06 0.000586852 0.022417 0.196866 0.397477 0.184796 0.0276098 0.0488561 0.0681342 0.0253289 0.013546 0.0100089 0.00304349 0.00100208 0.00026614 5.14769e-05 6.13928e-06 3.73887e-07
 1.38862e-39 6.79634e-33 7.64736e-27 1.9783e-21 1.17657e-16 1.60874e-12 5.0571e-09 3.65478e-06 0.000607247 0.023196 0.203708 0.41129 0.191183 0.0276217 0.0447654 0.062243 0.0215385 0.00667614 0.0045111 0.00173737 0.00071185 0.000174266 3.00787e-05 3.41566e-06 2.01437e-07
 1.26475e-39 6.19009e-33 6.96519e-27 1.80183e-21 1.07162e-16 1.46524e-12 4.60599e-09 3.32876e-06 0.000553078 0.0211269 0.185536 0.374603 0.174299 0.0296844 0.0684149 0.0955403 0.0327892 0.00925502 0.00583292 0.0016591 0.000518355 0.000151304 2.94354e-05 3.09408e-06 1.68661e-07
 1.26774e-39 6.20469e-33 6.98161e-27 1.80608e-21 1.07414e-16 1.46869e-12 4.61685e-09 3.33661e-06 0.000554382 0.0211767 0.185974 0.375486 0.174685 0.029101 0.0645872 0.0902425 0.0322531 0.0133114 0.00926745 0.00251539 0.000667833 0.000146315 2.51419e-05 2.94381e-06 1.62777e-07
 1.41519e-39 6.92638e-33 7.79366e-27 2.01615e-21 1.19908e-16 1.63952e-12 5.15386e-09 3.7247e-06 0.000618865 0.0236398 0.207605 0.419158 0.194798 0.0270312 0.0387889 0.0538592 0.0191355 0.00754931 0.00531953 0.00174907 0.000598741 0.000125671 1.71138e-05 1.6231e-06 8.84352e-08
 1.41133e-39 6.90746e-33 7.77239e-27 2.01064e-21 1.1958e-16 1.63505e-12 5.13979e-09 3.71453e-06 0.000617175 0.0235753 0.207038 0.418014 0.194285 0.0274625 0.0417669 0.0579932 0.0197297 0.00500457 0.00307411 0.000986288 0.00034612 8.74817e-05 1.39807e-05 1.18938e-06 5.24577e-08
 1.33633e-39 6.54042e-33 7.35938e-27 1.9038e-21 1.13226e-16 1.54816e-12 4.86667e-09 3.51715e-06 0.00058438 0.0223225 0.196037 0.395803 0.184061 0.028635 0.0556191 0.0775083 0.0264867 0.00709896 0.0043516 0.00112568 0.000283 6.79265e-05 1.18592e-05 1.18021e-06 5.33461e-08
 1.31726e-39 6.44708e-33 7.25435e-27 1.87663e-21 1.1161e-16 1.52607e-12 4.79721e-09 3.46696e-06 0.00057604 0.022004 0.193239 0.390154 0.181451 0.028681 0.0576025 0.080345 0.0280482 0.00947048 0.00626527 0.0016573 0.000411893 7.91039e-05 1.06633e-05 1.04648e-06 5.26027e-08
 1.35169e-39 6.61559e-33 7.44397e-27 1.92568e-21 1.14528e-16 1.56596e-12 4.9226e-09 3.55758e-06 0.000591096 0.0225791 0.19829 0.400351 0.186144 0.0280983 0.050972 0.0710099 0.0248959 0.00875617 0.00592395 0.00174782 0.000520226 0.000103461 1.26824e-05 9.85367e-07 4.33061e-08
 1.3259e-39 6.48936e-33 7.30194e-27 1.88894e-21 1.12342e-16 1.53608e-12 4.82868e-09 3.4897e-06 0.000579818 0.0221483 0.194506 0.392713 0.182631 0.0285993 0.0563321 0.0785423 0.0272402 0.00862781 0.00568251 0.00171401 0.00054007 0.000120952 1.70501e-05 1.31574e-06 4.95517e-08
 1.27736e-39 6.25178e-33 7.0346e-27 1.81979e-21 1.08229e-16 1.47984e-12 4.6519e-09 3.36194e-06 0.00055859 0.0213374 0.187385 0.378336 0.176008 0.0292254 0.0644875 0.0900531 0.0315154 0.0108979 0.00731466 0.00209565 0.000616781 0.00014127 2.17159e-05 1.89642e-06 7.63709e-08
 1.15737e-39 5.66453e-33 6.37382e-27 1.64885e-21 9.80631e-17 1.34084e-12 4.21493e-09 3.04614e-06 0.00050612 0.0193331 0.169784 0.342799 0.159635 0.0307374 0.0844286 0.118199 0.0419619 0.0164352 0.0114305 0.00342063 0.0010571 0.000232281 3.43953e-05 3.14821e-06 1.3973e-07
 1.25653e-39 6.14985e-33 6.91991e-27 1.79012e-21 1.06465e-16 1.45571e-12 4.57605e-09 3.30712e-06 0.000549483 0.0209896 0.18433 0.372168 0.173138 0.0287462 0.0634214 0.0886788 0.0327698 0.0169347 0.0125255 0.00401329 0.00136428 0.000315525 4.76849e-05 4.24183e-06 1.89475e-07
 1.22027e-39 5.97237e-33 6.72021e-27 1.73846e-21 1.03392e-16 1.4137e-12 4.44399e-09 3.21168e-06 0.000533626 0.0203838 0.179011 0.361428 0.16821 0.0297293 0.0726596 0.10161 0.0360926 0.0142253 0.0102084 0.00385782 0.00157551 0.000399574 6.60331e-05 6.1362e-06 2.74368e-07
 1.26244e-39 6.17878e-33 6.95246e-27 1.79854e-21 1.06966e-16 1.46256e-12 4.59758e-09 3.32268e-06 0.000552068 0.0210883 0.185197 0.373918 0.173955 0.0289532 0.0641573 0.0896642 0.0324087 0.0145341 0.0104865 0.00339007 0.00124505 0.000367274 7.20034e-05 7.42986e-06 3.54867e-07
 1.24028e-39 6.07033e-33 6.83043e-27 1.76697e-21 1.05088e-16 1.43689e-12 4.51688e-09 3.26436e-06 0.000542378 0.0207181 0.181947 0.367356 0.170941 0.0294783 0.0693407 0.096932 0.0344471 0.0136185 0.00966086 0.0033461 0.00126583 0.000331296 6.45078e-05 7.7217e-06 4.20711e-07
 1.24273e-39 6.08228e-33 6.84388e-27 1.77045e-21 1.05295e-16 1.43972e-12 4.52577e-09 3.27079e-06 0.000543446 0.0207589 0.182305 0.368079 0.171269 0.0293088 0.0680878 0.0951929 0.0342041 0.014706 0.0105246 0.00340022 0.00121598 0.000330966 6.28812e-05 7.20997e-06 4.22708e-07
 1.2678e-39 6.20503e-33 6.982e-27 1.80618e-21 1.0742e-16 1.46878e-12 4.61711e-09 3.33679e-06 0.000554413 0.0211779 0.185984 0.375507 0.174691 0.0289879 0.0638902 0.0892668 0.0319819 0.0134639 0.00965141 0.0032633 0.00120348 0.000310085 5.7266e-05 6.55109e-06 3.75312e-07
 1.25146e-39 6.12502e-33 6.89197e-27 1.78289e-21 1.06035e-16 1.44984e-12 4.55758e-09 3.29377e-06 0.000547265 0.0209048 0.183586 0.370665 0.172465 0.029322 0.067389 0.0941823 0.0334974 0.0133267 0.00942251 0.0031509 0.00116328 0.000310444 5.73291e-05 6.32006e-06 3.55822e-07
 1.25461e-39 6.14045e-33 6.90933e-27 1.78738e-21 1.06302e-16 1.45349e-12 4.56906e-09 3.30207e-06 0.000548643 0.0209575 0.184048 0.371599 0.172892 0.0291996 0.0663607 0.0927479 0.033198 0.0138733 0.00987461 0.00319808 0.00113585 0.000300252 5.61973e-05 6.28015e-06 3.47333e-07
 1.25235e-39 6.1294e-33 6.8969e-27 1.78416e-21 1.06111e-16 1.45088e-12 4.56084e-09 3.29613e-06 0.000547656 0.0209198 0.183717 0.37093 0.172584 0.0292398 0.0668076 0.093375 0.0333792 0.0138153 0.0098476 0.0032768 0.00118882 0.000305112 5.53924e-05 6.18658e-06 3.45643e-07
 1.25768e-39 6.15549e-33 6.92626e-27 1.79176e-21 1.06563e-16 1.45705e-12 4.58025e-09 3.31016e-06 0.000549987 0.0210088 0.184499 0.372509 0.173311 0.0291513 0.0657915 0.0919449 0.0329038 0.0137313 0.00979814 0.00324508 0.00117995 0.000309609 5.63371e-05 6.12674e-06 3.37657e-07
 1.18767e-39 5.8128e-33 6.54066e-27 1.69201e-21 1.0063e-16 1.37593e-12 4.32526e-09 3.12587e-06 0.000519368 0.0198392 0.174228 0.351771 0.163761 0.0301452 0.078109 0.109309 0.0390602 0.0161184 0.011481 0.00382016 0.00139451 0.000365659 6.71988e-05 7.37876e-06 4.01852e-07
 1.1871e-39 5.81003e-33 6.53754e-27 1.6912e-21 1.00582e-16 1.37528e-12 4.3232e-09 3.12438e-06 0.000519121 0.0198297 0.174145 0.351604 0.163668 0.0297402 0.075687 0.105966 0.0388339 0.0190834 0.014048 0.00464942 0.00168811 0.000444152 8.19009e-05 9.04288e-06 4.96343e-07
#spawning biomass
 4420.66 2434.67 2201.3 2041.61 2247.48 3320.74 4050.1 4376.38 6295.31 11579.1 16931.9 19889.9 24836.5 32959.5 41415.5 34577.8 32337 30427.9 31512.8 30380.3 32761.5 33901.2 36757.7 39312.1 43984.2 48030.2 47074.4 40537.9 29608.5 79803.4 102428 78049.8 54589.6 39811.3 31479.6 27035.8 24744.9 23589.9 23016.1 22733.9 22596.1 22529.1 22496.6 22480.8 22473.3 22469.6 22467.9 22467 22466.6 22466.4 22466.4 22466.3 22466.3 22466.3 22466.3 22466.3 22466.3 22466.3 22466.3 22466.3 22466.3 22466.3 22466.3 22466.3 22466.3 22466.3 22466.3 22466.3 22466.3 22466.3 22466.3 22466.3 22466.3 22466.3 22466.3 22466.3 22466.3 22466.3 22466.3 22466.3 22466.3 22466.3 22466.3 22466.3 22466.3 22466.3 22466.3 22466.3 22466.3 22466.3 22466.3 22466.3 22466.3 22466.3 22466.3 22466.3 22466.3 22466.3 22466.3 22466.3 22466.3 22466.3 22466.3 22466.3 22466.3 22466.3 22466.3 22466.3 22466.3 22466.3 22466.3 22466.3 22466.3 22466.3 22466.3 22466.3 22466.3 22466.3 22466.3 22466.3 22466.3 22466.3 22466.3 22466.3 22466.3 22466.3 22466.3 22466.3 0 0 0 0 0 0 0 0 0 0 0 0 0 0 0 0 0 0 0 0 0 0 0 0 0
