SBPRF35
0.819782
Curr Bio
108649
B35
845011
F35
0.199111
FOFL
0
OFL
0
Bzero
234224
#pred survey bio
 30775.2 28698.6 22130.8 16177.8 17680.6 23571.2 27925.5 33409.1 49612 61429.4 64532.4 69661.7 82161.2 83580.6 80912.5 87576.8 89346.1 93067.6 98993.2 97352.2 97161.3 90266.2 112118 103532 102497 90208.1 87092.8 113855 4.33737e+06 7.18159e+06 8.06134e+06 7.89911e+06 7.15768e+06 6.20896e+06 5.2765e+06 4.46556e+06 3.80804e+06 3.29783e+06 2.9131e+06 2.62836e+06 2.42009e+06 2.26875e+06 2.15815e+06 2.07544e+06 2.01659e+06 1.97435e+06 1.94373e+06 1.92132e+06 1.90476e+06 1.89238e+06 1.88305e+06 1.87594e+06 1.87047e+06 1.86624e+06 1.86293e+06 1.86033e+06 1.85828e+06 1.85664e+06 1.85534e+06 1.85429e+06 1.85345e+06 1.85276e+06 1.85221e+06 1.85177e+06 1.8514e+06 1.85111e+06 1.85087e+06 1.85067e+06 1.85051e+06 1.85038e+06 1.85028e+06 1.85019e+06 1.85012e+06 1.85006e+06 1.85001e+06 1.84997e+06 1.84994e+06 1.84991e+06 1.84989e+06 1.84988e+06 1.84986e+06 1.84985e+06 1.84984e+06 1.84983e+06 1.84983e+06 1.84982e+06 1.84982e+06 1.84981e+06 1.84981e+06 1.84981e+06 1.84981e+06 1.8498e+06 1.8498e+06 1.8498e+06 1.8498e+06 1.8498e+06 1.8498e+06 1.8498e+06 1.8498e+06 1.8498e+06 1.8498e+06 1.8498e+06 1.8498e+06 1.8498e+06 1.8498e+06 1.8498e+06 1.8498e+06 1.8498e+06 1.8498e+06 1.8498e+06 1.8498e+06 1.8498e+06 1.8498e+06 1.8498e+06 1.8498e+06 1.8498e+06 1.8498e+06 1.8498e+06 1.8498e+06 1.8498e+06 1.8498e+06 1.8498e+06 1.8498e+06 1.8498e+06 1.8498e+06 1.8498e+06 1.8498e+06 1.8498e+06 0 0 0 0 0 0 0 0 0 0 0 0 0 0 0 0 0 0 0 0 0 0 0 0 0
#obs survey bio
 29644 19328.8 12811.9 23085.3 16117.7 21420 39177 48633.7 56915.3 80451.3 50931.8 60609.7 76609.1 63035.2 63247.3 93736.5 89247 121419 93090.8 84348.8 98494.6 90624 118253 110320 109890 105590 80096.1 123312
#pred catch bio
 17763.5 15830.9 12911.1 10724.6 11355.7 16121.7 20407.6 21596.2 36850 51014.6 55353.2 60079.2 75904.7 79324.5 76758.5 87400 88575.6 91282.6 102498 104265 108150 98363.2 128085 118235 123366 111759 106757 106972 0 55877.7 62326 60524 54213.4 46384.3 38818.1 32334.6 27160.4 23218.7 20310.9 18214.8 16729 15689.1 14963.8 14453.9 14111.7 13882.2 13728.2 13624.8 13555.5 13509 13477.8 13456.9 13442.8 13433.4 13427.1 13422.8 13420 13418.1 13416.8 13415.9 13415.4 13415 13414.7 13414.5 13414.4 13414.4 13414.3 13414.3 13414.2 13414.2 13414.2 13414.2 13414.2 13414.2 13414.2 13414.2 13414.2 13414.2 13414.2 13414.2 13414.2 13414.2 13414.2 13414.2 13414.2 13414.2 13414.2 13414.2 13414.2 13414.2 13414.2 13414.2 13414.2 13414.2 13414.2 13414.2 13414.2 13414.2 13414.2 13414.2 13414.2 13414.2 13414.2 13414.2 13414.2 13414.2 13414.2 13414.2 13414.2 13414.2 13414.2 13414.2 13414.2 13414.2 13414.2 13414.2 13414.2 13414.2 13414.2 13414.2 13414.2 13414.2 13414.2 13414.2 13414.2 13414.2 13414.2 13414.2 0 0 0 0 0 0 0 0 0 0 0 0 0 0 0 0 0 0 0 0 0 0 0 0 0
#obs catch bio
 16921.9 16716.6 15352.5 11330.6 10865.6 16003.2 18759.2 19742 37189.3 48726.6 56675.4 58178.2 72752.6 79886.2 75787.6 84549.8 85014.1 79014.4 99260 97254 101963 93163.1 118589 101326 111510 107090 99151.4 102046
#pred cpue bio
 29512.1 27964.1 21828.9 15575 16468 22344.4 26195.9 31258.7 46397.7 57301.7 59931 64345.4 75614.9 76802 74192 79819.3 81050.6 84814.3 90004.9 87729.1 87227.6 80555.7 99781.6 92275.7 90954 79164.8 76086.5 99275.1 3.98746e+06 7.16746e+06 8.04722e+06 7.88498e+06 7.14356e+06 6.19483e+06 5.26237e+06 4.45143e+06 3.79391e+06 3.2837e+06 2.89897e+06 2.61424e+06 2.40597e+06 2.25462e+06 2.14403e+06 2.06131e+06 2.00247e+06 1.96022e+06 1.92961e+06 1.9072e+06 1.89063e+06 1.87825e+06 1.86892e+06 1.86181e+06 1.85635e+06 1.85211e+06 1.84881e+06 1.84621e+06 1.84415e+06 1.84252e+06 1.84121e+06 1.84016e+06 1.83932e+06 1.83864e+06 1.83808e+06 1.83764e+06 1.83728e+06 1.83698e+06 1.83674e+06 1.83654e+06 1.83638e+06 1.83625e+06 1.83615e+06 1.83606e+06 1.83599e+06 1.83593e+06 1.83588e+06 1.83584e+06 1.83581e+06 1.83579e+06 1.83577e+06 1.83575e+06 1.83573e+06 1.83572e+06 1.83571e+06 1.8357e+06 1.8357e+06 1.83569e+06 1.83569e+06 1.83569e+06 1.83568e+06 1.83568e+06 1.83568e+06 1.83568e+06 1.83568e+06 1.83567e+06 1.83567e+06 1.83567e+06 1.83567e+06 1.83567e+06 1.83567e+06 1.83567e+06 1.83567e+06 1.83567e+06 1.83567e+06 1.83567e+06 1.83567e+06 1.83567e+06 1.83567e+06 1.83567e+06 1.83567e+06 1.83567e+06 1.83567e+06 1.83567e+06 1.83567e+06 1.83567e+06 1.83567e+06 1.83567e+06 1.83567e+06 1.83567e+06 1.83567e+06 1.83567e+06 1.83567e+06 1.83567e+06 1.83567e+06 1.83567e+06 1.83567e+06 1.83567e+06 1.83567e+06 1.83567e+06 0 0 0 0 0 0 0 0 0 0 0 0 0 0 0 0 0 0 0 0 0 0 0 0 0
#obs cpue bio
 32995.9 25522.3 13491.6 16172.6 21480.4 25931.4 31034.7 28445.3 32870.2 59069.7 62417 88261.2 100414 93103 100638 88932.6 95632 123033 100322 136095 109326 94383.6 136760 159845 124681 78110 111363 107907
#pred surv len freq
 1.28743e-11 1.39738e-09 8.9432e-08 3.37489e-06 7.50956e-05 0.000985301 0.0076238 0.0348076 0.0940501 0.152632 0.159349 0.134929 0.123644 0.10763 0.07318 0.042623 0.0249324 0.0148724 0.00913163 0.00596401 0.00423488 0.00332363 0.00275041 0.00206708 0.00119115
 9.07549e-12 9.85058e-10 6.30436e-08 2.37907e-06 5.29378e-05 0.000694596 0.00537524 0.0245594 0.0666072 0.110093 0.124288 0.129093 0.145416 0.139449 0.102171 0.0652157 0.0395072 0.0217809 0.0112575 0.0058967 0.0033098 0.00209544 0.00149239 0.00104736 0.000595537
 5.91088e-12 6.41569e-10 4.10603e-08 1.54949e-06 3.44787e-05 0.000452407 0.00350155 0.0160107 0.0435897 0.0733945 0.0890811 0.107558 0.137183 0.144896 0.124814 0.0991657 0.0713472 0.0438747 0.0235768 0.0113728 0.00515746 0.00244113 0.00133033 0.000794653 0.000422819
 1.33651e-11 1.45066e-09 9.28418e-08 3.50356e-06 7.79585e-05 0.00102285 0.00791366 0.0361155 0.0973725 0.156319 0.15527 0.111755 0.0830075 0.0734419 0.0678184 0.0628927 0.0541028 0.0408865 0.026577 0.0144413 0.00658476 0.00265439 0.0010607 0.00047003 0.000211681
 1.73422e-11 1.88233e-09 1.20469e-07 4.54613e-06 0.000101157 0.00132722 0.0102684 0.046859 0.126299 0.202436 0.199504 0.138833 0.0936628 0.067875 0.041997 0.022974 0.0149466 0.0119106 0.00928743 0.00618219 0.00333828 0.00144396 0.000519123 0.000172358 5.77841e-05
 1.40131e-11 1.52099e-09 9.73429e-08 3.67342e-06 8.17384e-05 0.00107246 0.0082981 0.0378844 0.10234 0.165895 0.172293 0.143483 0.128132 0.107833 0.0676641 0.0329645 0.015063 0.00722339 0.00403804 0.00267486 0.00169657 0.000873751 0.000347254 0.000108599 2.87564e-05
 1.58104e-11 1.71607e-09 1.09828e-07 4.14457e-06 9.22218e-05 0.00120999 0.00936174 0.0427282 0.115257 0.185479 0.186308 0.139183 0.107224 0.086356 0.0585818 0.0343879 0.0186796 0.0087718 0.00357536 0.00147286 0.000712508 0.000372869 0.000168807 5.83008e-05 1.50699e-05
 1.59777e-11 1.73423e-09 1.1099e-07 4.18843e-06 9.31978e-05 0.0012228 0.00946087 0.0431817 0.116494 0.187582 0.188941 0.142429 0.110762 0.0877239 0.055561 0.0288836 0.0146638 0.00741876 0.00344035 0.00137993 0.000486709 0.000173105 6.69546e-05 2.39945e-05 6.65992e-06
 1.60554e-11 1.74266e-09 1.1153e-07 4.2088e-06 9.3651e-05 0.00122874 0.00950685 0.0433908 0.117048 0.188394 0.189382 0.141798 0.109241 0.086608 0.0558636 0.0299585 0.0151935 0.00720187 0.0031315 0.00127899 0.000470663 0.000148823 4.22182e-05 1.17392e-05 3.03936e-06
 1.63247e-11 1.77189e-09 1.13401e-07 4.27938e-06 9.52217e-05 0.00124935 0.00966625 0.0441177 0.119 0.191465 0.192132 0.142942 0.108823 0.0851487 0.0536392 0.0275439 0.0134587 0.00634675 0.0027474 0.00108003 0.000381124 0.000118957 3.19017e-05 7.28724e-06 1.47144e-06
 1.67905e-11 1.82244e-09 1.16636e-07 4.40149e-06 9.79386e-05 0.001285 0.00994198 0.0453747 0.122371 0.196724 0.196635 0.14423 0.107083 0.0820798 0.0503716 0.0245255 0.0111453 0.00493368 0.00203832 0.000780711 0.000270176 8.16957e-05 2.10897e-05 4.54179e-06 8.01891e-07
 1.73892e-11 1.88743e-09 1.20795e-07 4.55844e-06 0.000101431 0.00133082 0.0102964 0.0469897 0.126694 0.203408 0.202067 0.144897 0.103314 0.0770256 0.0463748 0.0218499 0.00943054 0.0039277 0.0015094 0.000537089 0.000175636 5.11618e-05 1.28107e-05 2.65724e-06 4.42582e-07
 1.77695e-11 1.92871e-09 1.23437e-07 4.65813e-06 0.000103649 0.00135992 0.0105215 0.0480155 0.129439 0.207656 0.205528 0.145352 0.100964 0.0738269 0.0437816 0.0200684 0.00830324 0.00330602 0.00120518 0.000400773 0.000121226 3.27096e-05 7.70246e-06 1.52763e-06 2.44432e-07
 1.78814e-11 1.94086e-09 1.24214e-07 4.68747e-06 0.000104302 0.00136848 0.0105877 0.0483179 0.130253 0.208953 0.206766 0.14609 0.101201 0.0735287 0.0428256 0.0187525 0.00721802 0.00269384 0.000931933 0.000293601 8.34793e-05 2.09181e-05 4.53854e-06 8.33467e-07 1.25303e-07
 1.80953e-11 1.96407e-09 1.257e-07 4.74354e-06 0.00010555 0.00138485 0.0107143 0.0488948 0.131797 0.211338 0.208691 0.146288 0.0997913 0.0716747 0.0413986 0.0178347 0.006647 0.00236613 0.000767624 0.000224455 5.95446e-05 1.39742e-05 2.82383e-06 4.78901e-07 6.63293e-08
 1.874e-11 2.03404e-09 1.30179e-07 4.91253e-06 0.00010931 0.00143418 0.0110959 0.0506332 0.136444 0.218471 0.214234 0.14616 0.0944119 0.0652338 0.0371598 0.0158614 0.00583044 0.00203692 0.000642391 0.000179387 4.46067e-05 9.69651e-06 1.81212e-06 2.8481e-07 3.64895e-08
 1.91736e-11 2.08111e-09 1.33191e-07 5.02621e-06 0.000111839 0.00146737 0.0113526 0.0518029 0.139574 0.223307 0.21814 0.146561 0.0915345 0.0613922 0.0341001 0.0138471 0.00467199 0.00151229 0.000457978 0.000124585 3.00283e-05 6.22883e-06 1.09019e-06 1.58452e-07 1.87062e-08
 1.86859e-11 2.02817e-09 1.29803e-07 4.89835e-06 0.000108994 0.00143004 0.0110639 0.0504878 0.136061 0.21793 0.214044 0.14693 0.0960273 0.0665749 0.0372606 0.0150204 0.00494986 0.00153341 0.000434031 0.000108783 2.45249e-05 4.86869e-06 8.19565e-07 1.13309e-07 1.25252e-08
 1.89499e-11 2.05683e-09 1.31637e-07 4.96756e-06 0.000110534 0.00145025 0.0112202 0.0511995 0.137961 0.220826 0.216192 0.146541 0.0933109 0.0635952 0.0356643 0.0146829 0.00503543 0.00161078 0.000456172 0.000110739 2.3502e-05 4.31883e-06 6.75261e-07 8.81168e-08 9.27745e-09
 1.97982e-11 2.1489e-09 1.37529e-07 5.18993e-06 0.000115482 0.00151516 0.0117222 0.0534871 0.144076 0.230223 0.223536 0.146511 0.0864353 0.0552264 0.0299608 0.0118289 0.00378576 0.00114615 0.000323145 8.03782e-05 1.73025e-05 3.12221e-06 4.63765e-07 5.63337e-08 5.51016e-09
 2.01179e-11 2.18361e-09 1.3975e-07 5.27374e-06 0.000117347 0.00153963 0.0119115 0.0543494 0.146383 0.233779 0.226371 0.146684 0.0841273 0.05227 0.0277558 0.0105138 0.0030817 0.000834223 0.000214264 4.96234e-05 1.02934e-05 1.85665e-06 2.78113e-07 3.33857e-08 3.13254e-09
 2.06346e-11 2.23968e-09 1.43339e-07 5.40918e-06 0.000120361 0.00157917 0.0122173 0.0557425 0.150107 0.239493 0.230803 0.146553 0.0797688 0.0470676 0.0243491 0.00895202 0.00246088 0.000604829 0.000140451 2.91424e-05 5.39826e-06 8.89505e-07 1.26159e-07 1.48395e-08 1.38647e-09
 2.08711e-11 2.26536e-09 1.44982e-07 5.47118e-06 0.00012174 0.00159727 0.0123573 0.0563803 0.151811 0.242103 0.2328 0.146406 0.077641 0.0445987 0.0228282 0.00836115 0.00228519 0.000552401 0.000123333 2.37705e-05 3.96438e-06 5.8029e-07 7.31047e-08 7.76894e-09 6.77736e-10
 2.07298e-11 2.25002e-09 1.44001e-07 5.43414e-06 0.000120916 0.00158645 0.0122736 0.0559994 0.150794 0.240557 0.23167 0.146666 0.079175 0.0462468 0.0236607 0.00846875 0.00217493 0.000478713 9.97113e-05 1.85456e-05 2.987e-06 4.11834e-07 4.72817e-08 4.47099e-09 3.45527e-10
 2.11045e-11 2.29069e-09 1.46604e-07 5.53238e-06 0.000123102 0.00161513 0.0124954 0.0570098 0.153493 0.244687 0.234815 0.146379 0.0757204 0.0422779 0.0212695 0.00760479 0.00196449 0.0004336 8.82907e-05 1.54563e-05 2.29437e-06 2.95491e-07 3.22582e-08 2.88157e-09 2.05198e-10
 2.19779e-11 2.38549e-09 1.52671e-07 5.76131e-06 0.000128196 0.00168196 0.0130123 0.0593646 0.159785 0.254325 0.242203 0.145874 0.0679193 0.0331862 0.0156072 0.00534162 0.00126966 0.000243514 4.40316e-05 7.33246e-06 1.06407e-06 1.31843e-07 1.34899e-08 1.11914e-09 7.45893e-11
 2.23093e-11 2.42146e-09 1.54973e-07 5.8482e-06 0.000130129 0.00170733 0.0132085 0.0602582 0.162173 0.257983 0.245009 0.145686 0.0649648 0.0297403 0.0134579 0.00447828 0.00100093 0.000167792 2.53995e-05 3.60177e-06 4.51729e-07 5.00029e-08 4.80035e-09 3.81471e-10 2.41304e-11
 2.24497e-11 2.4367e-09 1.55949e-07 5.88502e-06 0.000130949 0.00171807 0.0132916 0.0606369 0.163184 0.259531 0.246186 0.145574 0.0636643 0.0282487 0.0125624 0.00415884 0.000926734 0.000154006 2.26562e-05 2.9954e-06 3.29663e-07 3.05949e-08 2.4663e-09 1.69629e-10 9.67769e-12
#obs surv len freq
 3.86564e-11 3.58254e-09 1.95771e-07 6.30801e-06 0.000119847 0.00134267 0.00887167 0.0346104 0.0801797 0.113626 0.112509 0.109462 0.122123 0.123157 0.106145 0.0821503 0.0546396 0.0301159 0.0138342 0.0051978 0.00152249 0.000330248 5.07217e-05 5.31946e-06 3.7034e-07
 2.70998e-11 2.42233e-09 1.2767e-07 3.96764e-06 7.27065e-05 0.000785706 0.00501008 0.0189091 0.0429325 0.0634116 0.0793488 0.112619 0.151685 0.159867 0.139314 0.105622 0.0660203 0.033422 0.0141936 0.00503345 0.00140898 0.000292274 4.26933e-05 4.22423e-06 2.74994e-07
 1.33572e-11 1.14957e-09 5.83365e-08 1.74557e-06 3.07998e-05 0.000320537 0.00197019 0.00720267 0.0162345 0.0263217 0.0435419 0.0801742 0.127655 0.167386 0.185582 0.161405 0.103531 0.0504113 0.0198208 0.00640489 0.00164272 0.000316372 4.32951e-05 4.02291e-06 2.45462e-07
 2.45081e-10 2.02756e-08 9.89065e-07 2.84487e-05 0.000482489 0.00482503 0.0284515 0.0989297 0.202905 0.245871 0.177646 0.0810106 0.0327254 0.0258559 0.0305099 0.0298093 0.0217281 0.0120263 0.00509294 0.00163221 0.000390878 6.86219e-05 8.55491e-06 7.29432e-07 4.11152e-08
 1.39335e-10 1.10638e-08 5.1801e-07 1.43008e-05 0.000232799 0.00223492 0.0126621 0.0424946 0.0861192 0.115308 0.134694 0.173782 0.192591 0.141325 0.065086 0.0210081 0.00701609 0.00325207 0.00149839 0.00052541 0.000130305 2.2325e-05 2.60167e-06 2.0293e-07 1.04031e-08
 3.32543e-10 2.53074e-08 1.13562e-06 3.00475e-05 0.000468783 0.00431261 0.0233983 0.0749369 0.142336 0.164298 0.129173 0.0975251 0.0939005 0.0956593 0.0848104 0.0562164 0.024629 0.00681466 0.00125815 0.000193879 3.21208e-05 4.99466e-06 5.67424e-07 4.25517e-08 2.04609e-09
 4.67793e-10 3.40736e-08 1.46342e-06 3.70604e-05 0.000553406 0.00487305 0.0253125 0.0777066 0.142361 0.163315 0.141714 0.130341 0.123397 0.0922392 0.0537053 0.0271959 0.011923 0.00409967 0.0010242 0.000177588 2.11965e-05 1.84832e-06 1.30537e-07 7.57241e-09 3.23895e-10
 6.2625e-10 4.36037e-08 1.79014e-06 4.3335e-05 0.000618565 0.00520675 0.025857 0.0759365 0.133512 0.149185 0.13205 0.128763 0.127237 0.101929 0.06622 0.035 0.0137493 0.00379348 0.000762127 0.00011968 1.47246e-05 1.32051e-06 8.10294e-08 3.34967e-09 9.52956e-11
 9.69402e-10 6.44423e-08 2.52595e-06 5.83806e-05 0.000795625 0.00639418 0.0303185 0.0850307 0.142901 0.153229 0.131569 0.125243 0.120404 0.0946567 0.0610312 0.0319383 0.0123518 0.00333718 0.000638756 8.99224e-05 9.46625e-06 7.37979e-07 4.15591e-08 1.63032e-09 4.28308e-11
 1.34042e-09 8.4979e-08 3.17666e-06 7.00195e-05 0.000910055 0.00697549 0.0315528 0.0845298 0.136578 0.144831 0.131928 0.134971 0.129143 0.096862 0.0588224 0.0289612 0.0105782 0.00271343 0.000495951 6.67548e-05 6.6333e-06 4.74177e-07 2.37275e-08 8.15062e-10 1.89051e-11
 2.10873e-09 1.27362e-07 4.53574e-06 9.52458e-05 0.00117936 0.00861211 0.0371166 0.0947801 0.146263 0.149344 0.133231 0.133371 0.123005 0.0885493 0.0512351 0.0235015 0.00772565 0.00170187 0.00025348 2.71093e-05 2.20494e-06 1.3667e-07 6.17448e-09 1.93626e-10 4.06979e-12
 3.05709e-09 1.75732e-07 5.95638e-06 0.000119043 0.00140292 0.00975095 0.0400101 0.0973987 0.144202 0.144924 0.133685 0.137283 0.124421 0.0872069 0.0491763 0.0218282 0.00689731 0.00145883 0.00020766 2.06972e-05 1.48957e-06 7.74548e-08 2.86617e-09 7.44036e-11 1.33342e-12
 4.85993e-09 2.65644e-07 8.56164e-06 0.000162707 0.00182332 0.0120509 0.0470259 0.108938 0.153913 0.149163 0.134855 0.134551 0.116373 0.077227 0.0409585 0.0169476 0.00493145 0.000942115 0.000117891 1.00857e-05 6.21489e-07 2.81388e-08 9.16699e-10 2.07665e-11 3.18386e-13
 6.0691e-09 3.15177e-07 9.65099e-06 0.000174255 0.00185533 0.011653 0.0432543 0.095764 0.132219 0.135401 0.142372 0.154258 0.13219 0.0848098 0.0432685 0.0170917 0.00471763 0.000852651 0.000100663 8.04812e-06 4.53668e-07 1.82662e-08 5.17364e-10 1.00931e-11 1.3353e-13
 1.05204e-08 5.18665e-07 1.50776e-05 0.000258445 0.00261232 0.0155754 0.0548645 0.115091 0.149434 0.140329 0.132395 0.134209 0.11456 0.0771794 0.0415924 0.0165969 0.00443597 0.000759581 8.40799e-05 6.26345e-06 3.27588e-07 1.21977e-08 3.17748e-10 5.64294e-12 6.70013e-14
 1.52064e-08 7.11232e-07 1.96148e-05 0.000318971 0.00305883 0.0173055 0.0578913 0.115796 0.145994 0.140868 0.142634 0.144549 0.114465 0.0687174 0.0328736 0.0119593 0.00299835 0.000492618 5.34096e-05 3.95561e-06 2.05398e-07 7.44886e-09 1.84445e-10 3.05598e-12 3.34732e-14
 2.28e-08 1.01108e-06 2.64377e-05 0.000407626 0.00370632 0.0198839 0.0631102 0.12009 0.145695 0.139654 0.143039 0.142864 0.11078 0.0659015 0.0310655 0.0108317 0.00252935 0.000377135 3.61002e-05 2.30887e-06 1.03663e-07 3.3485e-09 7.67033e-11 1.20559e-12 1.26199e-14
 3.07813e-08 1.29355e-06 3.2053e-05 0.000468335 0.00403563 0.0205235 0.0618257 0.112321 0.133373 0.133108 0.14517 0.14778 0.116889 0.072764 0.0356476 0.0125858 0.00296625 0.00045868 4.75342e-05 3.38216e-06 1.65344e-07 5.44305e-09 1.18272e-10 1.683e-12 1.56959e-14
 5.1073e-08 2.03307e-06 4.77201e-05 0.000660473 0.0053911 0.0259714 0.0741192 0.127607 0.143711 0.136134 0.14091 0.136741 0.104134 0.062721 0.0294648 0.00984993 0.00218357 0.000317837 3.13224e-05 2.16619e-06 1.06018e-07 3.59115e-09 8.1607e-11 1.21322e-12 1.15886e-14
 7.27161e-08 2.74103e-06 6.09242e-05 0.0007985 0.0061725 0.0281707 0.0762949 0.125652 0.139637 0.138664 0.149246 0.141136 0.101604 0.0573679 0.0252798 0.00797221 0.00168155 0.00023531 2.24787e-05 1.50731e-06 7.10238e-08 2.3032e-09 5.02264e-11 7.23704e-13 6.78884e-15
 1.06971e-07 3.81745e-06 8.0329e-05 0.000996751 0.00729506 0.0315319 0.0809919 0.127308 0.138172 0.139092 0.150312 0.139161 0.098421 0.0547662 0.0233563 0.00695916 0.00136224 0.000174562 1.51469e-05 9.24799e-07 4.01929e-08 1.22004e-09 2.51312e-11 3.42949e-13 3.04465e-15
 1.58647e-07 5.35916e-06 0.000106747 0.00125383 0.00868715 0.035558 0.0866222 0.130009 0.137877 0.139932 0.150326 0.135634 0.0939607 0.0513573 0.0212686 0.00609603 0.00115005 0.000143331 1.21677e-05 7.2078e-07 2.97317e-08 8.37433e-10 1.58006e-11 1.9707e-13 1.60649e-15
 2.25567e-07 7.21226e-06 0.000135977 0.00151179 0.00991582 0.0384457 0.0889642 0.128388 0.136101 0.143776 0.155269 0.135557 0.090175 0.0471698 0.0185503 0.00502267 0.000895339 0.00010591 8.58987e-06 4.88895e-07 1.94225e-08 5.25972e-10 9.48295e-12 1.11872e-13 8.52174e-16
 2.85674e-07 8.64566e-06 0.000154286 0.00162374 0.010084 0.0370679 0.0818148 0.115513 0.128592 0.149441 0.166337 0.143315 0.093981 0.0482239 0.0182655 0.00469327 0.000789144 8.7957e-05 6.72389e-06 3.60695e-07 1.35042e-08 3.44868e-10 5.8717e-12 6.54972e-14 4.71857e-16
 4.81729e-07 1.38002e-05 0.000233113 0.00232223 0.0136508 0.0474868 0.0990864 0.131643 0.136108 0.146088 0.153324 0.127725 0.0822492 0.0411142 0.0148122 0.00354077 0.000543496 5.42806e-05 3.66606e-06 1.73621e-07 5.81401e-09 1.35029e-10 2.11633e-12 2.1877e-14 1.46543e-16
 6.46933e-07 1.75443e-05 0.000280556 0.002646 0.0147306 0.0486046 0.0968686 0.126344 0.136671 0.155765 0.161827 0.12775 0.0769418 0.0360082 0.0122625 0.00281255 0.000422462 4.2132e-05 2.86371e-06 1.34147e-07 4.28391e-09 9.15269e-11 1.29055e-12 1.19146e-14 7.14944e-17
 9.31573e-07 2.39188e-05 0.000362138 0.00323381 0.0170493 0.053326 0.101163 0.127533 0.137446 0.156474 0.159135 0.123381 0.0736004 0.0336646 0.0109183 0.00233594 0.000322722 2.93662e-05 1.82578e-06 7.94669e-08 2.40855e-09 4.95745e-11 6.74963e-13 5.95907e-15 3.36271e-17
 1.2348e-06 3.00208e-05 0.000430398 0.00363973 0.0181811 0.0539934 0.0981599 0.122541 0.138126 0.1626 0.163013 0.123233 0.071837 0.0318926 0.00996141 0.00205645 0.00027717 2.49043e-05 1.53027e-06 6.47424e-08 1.86053e-09 3.56317e-11 4.48348e-13 3.66954e-15 1.93431e-17
#pred catch len freq
 1.29541e-11 1.40605e-09 8.99868e-08 3.39582e-06 7.55615e-05 0.000991413 0.00767108 0.035023 0.0946265 0.153522 0.160065 0.134994 0.123105 0.106938 0.0726739 0.0423245 0.0247576 0.0147681 0.00906758 0.00592218 0.00420518 0.00330032 0.00273112 0.00205258 0.0011828
 9.09261e-12 9.86916e-10 6.31625e-08 2.38356e-06 5.30376e-05 0.000695906 0.00538537 0.0246056 0.0667307 0.110284 0.124442 0.12911 0.145305 0.139302 0.102057 0.0651423 0.0394627 0.0217563 0.0112448 0.00589006 0.00330607 0.00209308 0.00149071 0.00104617 0.000594866
 5.98488e-12 6.49601e-10 4.15744e-08 1.56889e-06 3.49103e-05 0.000458071 0.00354535 0.0162104 0.0441246 0.0742257 0.0897758 0.107706 0.136818 0.144348 0.124314 0.0987661 0.0710595 0.0436978 0.0234817 0.0113269 0.00513667 0.00243128 0.00132496 0.000791449 0.000421114
 1.36686e-11 1.48359e-09 9.49497e-08 3.58311e-06 7.97286e-05 0.00104607 0.00809329 0.0369345 0.0995687 0.15975 0.158225 0.112656 0.0820006 0.0716466 0.065958 0.0611431 0.0525961 0.0397478 0.0258368 0.0140391 0.00640138 0.00258047 0.00103116 0.000456939 0.000205786
 1.75332e-11 1.90307e-09 1.21796e-07 4.5962e-06 0.000102271 0.00134183 0.0103815 0.0473742 0.127678 0.204564 0.201212 0.138979 0.0923705 0.0662492 0.0408656 0.0223416 0.0145341 0.0115818 0.00903104 0.00601152 0.00324612 0.0014041 0.000504792 0.0001676 5.61889e-05
 1.4359e-11 1.55853e-09 9.9746e-08 3.7641e-06 8.37562e-05 0.00109893 0.00850285 0.0388173 0.104834 0.16973 0.1753 0.143505 0.125389 0.104496 0.0654143 0.031854 0.0145546 0.00697956 0.00390173 0.00258457 0.0016393 0.000844256 0.000335532 0.000104933 2.77857e-05
 1.62405e-11 1.76275e-09 1.12816e-07 4.25731e-06 9.47304e-05 0.0012429 0.00961631 0.0438882 0.11836 0.190263 0.190127 0.139434 0.104152 0.0824183 0.0556521 0.0326413 0.0177291 0.00832539 0.0033934 0.0013979 0.000676246 0.000353893 0.000160216 5.53337e-05 1.4303e-05
 1.61999e-11 1.75834e-09 1.12534e-07 4.24667e-06 9.44937e-05 0.0012398 0.00959237 0.0437808 0.118096 0.190047 0.190883 0.142474 0.109048 0.0856119 0.054098 0.0281108 0.0142706 0.00721978 0.00334808 0.00134292 0.000473655 0.000168462 6.51588e-05 2.3351e-05 6.4813e-06
 1.65064e-11 1.79161e-09 1.14663e-07 4.32701e-06 9.62814e-05 0.00126325 0.00977376 0.0446069 0.120301 0.1934 0.193337 0.141925 0.105813 0.082342 0.0528493 0.0283158 0.0143586 0.00680609 0.00295941 0.0012087 0.000444797 0.000140644 3.9898e-05 1.10941e-05 2.87233e-06
 1.69912e-11 1.84423e-09 1.1803e-07 4.4541e-06 9.91091e-05 0.00130035 0.0100607 0.045915 0.123806 0.198857 0.197945 0.14304 0.103619 0.0787525 0.04922 0.0252365 0.0123287 0.00581378 0.00251668 0.000989332 0.000349119 0.000108967 2.92227e-05 6.67528e-06 1.34788e-06
 1.74979e-11 1.89923e-09 1.21551e-07 4.58694e-06 0.000102065 0.00133913 0.0103607 0.0472824 0.127471 0.204561 0.202764 0.144219 0.10138 0.0751576 0.0456976 0.0222094 0.0100901 0.00446647 0.00184529 0.000706779 0.000244591 7.39593e-05 1.90925e-05 4.11169e-06 7.25954e-07
 1.80626e-11 1.96052e-09 1.25473e-07 4.73497e-06 0.000105359 0.00138235 0.0106949 0.0488056 0.131548 0.210864 0.207877 0.14482 0.0977816 0.0703579 0.0419299 0.0197154 0.00850668 0.00354283 0.00136149 0.000484458 0.000158425 4.61483e-05 1.15554e-05 2.39685e-06 3.99213e-07
 1.85595e-11 2.01445e-09 1.28925e-07 4.86522e-06 0.000108257 0.00142037 0.010989 0.0501458 0.135133 0.216398 0.212322 0.145201 0.094379 0.0659358 0.0385772 0.0176345 0.00729312 0.00290371 0.00105852 0.000352002 0.000106473 2.87291e-05 6.76513e-06 1.34173e-06 2.14686e-07
 1.87207e-11 2.03195e-09 1.30044e-07 4.90747e-06 0.000109197 0.00143271 0.0110845 0.0505809 0.136302 0.218232 0.213948 0.14583 0.0940516 0.0650375 0.0373254 0.0162945 0.00626883 0.00233947 0.000809336 0.000254978 7.24975e-05 1.81663e-05 3.94149e-06 7.23824e-07 1.08819e-07
 1.89084e-11 2.05232e-09 1.31348e-07 4.95667e-06 0.000110292 0.00144707 0.0111956 0.0510872 0.137656 0.220325 0.215637 0.146001 0.0928106 0.0634076 0.0360733 0.0154918 0.00577083 0.00205412 0.0006664 0.000194857 5.16926e-05 1.21314e-05 2.45146e-06 4.1575e-07 5.75827e-08
 1.95852e-11 2.12578e-09 1.3605e-07 5.1341e-06 0.00011424 0.00149886 0.0115961 0.0529122 0.142534 0.227812 0.221449 0.145847 0.0871315 0.0566225 0.0316266 0.0134436 0.00493829 0.0017251 0.000544051 0.000151926 3.77781e-05 8.21212e-06 1.53471e-06 2.4121e-07 3.09035e-08
 1.99423e-11 2.16454e-09 1.3853e-07 5.22771e-06 0.000116323 0.00152619 0.0118075 0.0538755 0.145112 0.231795 0.22467 0.146191 0.0847838 0.0534737 0.0291014 0.0117652 0.00396652 0.00128381 0.000388784 0.000105762 2.54914e-05 5.28774e-06 9.25476e-07 1.34512e-07 1.58799e-08
 1.94984e-11 2.11636e-09 1.35447e-07 5.11134e-06 0.000113734 0.00149222 0.0115448 0.0526786 0.141915 0.226902 0.22094 0.146519 0.0888607 0.0581813 0.0319782 0.0128412 0.00422886 0.00130994 0.000370776 9.2929e-05 2.09506e-05 4.15913e-06 7.00122e-07 9.67956e-08 1.06997e-08
 1.98461e-11 2.15411e-09 1.37862e-07 5.2025e-06 0.000115762 0.00151883 0.0117506 0.0536161 0.144418 0.230725 0.223814 0.146131 0.0854715 0.0543795 0.0298175 0.0122167 0.00418617 0.00133898 0.000379195 9.20522e-05 1.95362e-05 3.59005e-06 5.61314e-07 7.32476e-08 7.71193e-09
 2.06225e-11 2.23837e-09 1.43255e-07 5.40601e-06 0.00012029 0.00157824 0.0122101 0.0557096 0.150015 0.239322 0.230522 0.146068 0.0791248 0.0466853 0.0246147 0.00965663 0.00308705 0.000934475 0.000263462 6.55328e-05 1.41068e-05 2.54555e-06 3.7811e-07 4.59292e-08 4.49246e-09
 2.09572e-11 2.2747e-09 1.45581e-07 5.49376e-06 0.000122243 0.00160386 0.0124082 0.0566124 0.152429 0.243038 0.233459 0.146163 0.0765767 0.0435011 0.0223389 0.00839766 0.00245797 0.000665245 0.00017086 3.9571e-05 8.20821e-06 1.48055e-06 2.21775e-07 2.66227e-08 2.49798e-09
 2.13336e-11 2.31556e-09 1.48195e-07 5.59242e-06 0.000124438 0.00163266 0.012631 0.0576273 0.155142 0.247203 0.236693 0.146082 0.0734243 0.0397264 0.0198514 0.00723952 0.00198705 0.000488258 0.000113379 2.35251e-05 4.35772e-06 7.1805e-07 1.01841e-07 1.19791e-08 1.11922e-09
 2.15994e-11 2.3444e-09 1.50041e-07 5.66209e-06 0.000125988 0.001653 0.0127883 0.0583439 0.157056 0.250134 0.238936 0.145913 0.071027 0.0369473 0.0181422 0.00657947 0.00179484 0.000433743 9.68381e-05 1.86639e-05 3.11272e-06 4.55628e-07 5.73997e-08 6.09995e-09 5.32139e-10
 2.14876e-11 2.33227e-09 1.49265e-07 5.63279e-06 0.000125336 0.00164444 0.0127221 0.0580426 0.156252 0.248912 0.238041 0.146118 0.072239 0.03825 0.0188011 0.00666592 0.00170877 0.000375997 7.8314e-05 1.45658e-05 2.346e-06 3.23456e-07 3.71353e-08 3.51154e-09 2.71379e-10
 2.18641e-11 2.37313e-09 1.5188e-07 5.73148e-06 0.000127532 0.00167325 0.012945 0.0590576 0.158964 0.253061 0.241202 0.145833 0.0687745 0.0342663 0.016396 0.00579121 0.00149244 0.000329282 6.70464e-05 1.17372e-05 1.7423e-06 2.2439e-07 2.44962e-08 2.18821e-09 1.55823e-10
 2.25567e-11 2.44831e-09 1.56692e-07 5.91305e-06 0.000131572 0.00172626 0.0133549 0.0609252 0.163954 0.260705 0.24706 0.145427 0.0625788 0.0270501 0.011908 0.00400459 0.000948458 0.000181795 3.28691e-05 5.47357e-06 7.94314e-07 9.84185e-08 1.007e-08 8.35417e-10 5.56797e-11
 2.27918e-11 2.47383e-09 1.58325e-07 5.97468e-06 0.000132944 0.00174425 0.013494 0.061559 0.165647 0.2633 0.249051 0.145297 0.0604877 0.0246089 0.0103821 0.00338798 0.000754156 0.000126329 1.9121e-05 2.71141e-06 3.40062e-07 3.76422e-08 3.6137e-09 2.87172e-10 1.81653e-11
 2.26962e-11 2.46345e-09 1.57661e-07 5.94962e-06 0.000132386 0.00173693 0.0134375 0.0613013 0.164959 0.262246 0.24825 0.145375 0.0613772 0.0256274 0.0109913 0.00360222 0.000801009 0.000133061 1.95738e-05 2.58787e-06 2.84811e-07 2.64323e-08 2.13075e-09 1.4655e-10 8.36099e-12
#obs catch len freq
 4.06242e-11 3.76491e-09 2.05737e-07 6.62912e-06 0.000125948 0.00141101 0.00932291 0.0363643 0.0841638 0.118703 0.115206 0.107336 0.1166 0.118247 0.104122 0.0820777 0.0549765 0.0303242 0.0139098 0.00520472 0.0015149 0.000327269 5.0412e-05 5.3467e-06 3.78801e-07
 5.32829e-11 4.76272e-09 2.51021e-07 7.80103e-06 0.00014295 0.00154465 0.00984426 0.0370497 0.0828862 0.113997 0.111645 0.110408 0.123619 0.123173 0.105145 0.0804381 0.0525889 0.0284399 0.0127772 0.00466206 0.00131498 0.000272453 3.96844e-05 3.92325e-06 2.56184e-07
 3.82658e-11 3.29328e-09 1.67122e-07 5.00068e-06 8.82314e-05 0.000918059 0.00563714 0.020498 0.0449551 0.0648658 0.0814193 0.116208 0.153981 0.15934 0.137146 0.102348 0.0626578 0.0310868 0.012922 0.00445197 0.00119906 0.000237228 3.28106e-05 3.05587e-06 1.86388e-07
 1.94684e-11 1.61062e-09 7.8568e-08 2.2599e-06 3.83309e-05 0.000383483 0.00226636 0.00797475 0.0173868 0.0277528 0.0461306 0.084234 0.131766 0.170361 0.185403 0.156923 0.0978272 0.0464597 0.0178283 0.00559264 0.00138045 0.00025355 3.28311e-05 2.86872e-06 1.63836e-07
 3.5426e-10 2.81298e-08 1.31704e-06 3.63594e-05 0.000591865 0.00568088 0.0321516 0.107302 0.211241 0.245745 0.17067 0.0754188 0.0308192 0.0254395 0.0297373 0.0282553 0.0200119 0.0107563 0.00440889 0.00136177 0.000312697 5.22983e-05 6.16803e-06 4.94449e-07 2.60745e-08
 2.08791e-10 1.58896e-08 7.13015e-07 1.88658e-05 0.000294343 0.00270831 0.0147078 0.0473351 0.0922045 0.119784 0.138318 0.175736 0.188061 0.132361 0.0586676 0.0185993 0.00634571 0.00296253 0.00132559 0.000445305 0.000105178 1.70814e-05 1.87818e-06 1.37592e-07 6.5968e-09
 5.00211e-10 3.64349e-08 1.56484e-06 3.96286e-05 0.00059175 0.00521043 0.027058 0.082952 0.150903 0.167258 0.127639 0.0956397 0.091736 0.0922204 0.0797619 0.0508779 0.0212933 0.00563072 0.00100473 0.000153021 2.49781e-05 3.7175e-06 3.97993e-07 2.79629e-08 1.25555e-09
 7.10001e-10 4.94351e-08 2.02954e-06 4.91303e-05 0.000701286 0.00590293 0.0293114 0.0860382 0.15088 0.166502 0.141081 0.128017 0.117977 0.0855521 0.0488163 0.0243303 0.0104031 0.00345428 0.000827732 0.000137109 1.56398e-05 1.30874e-06 8.86299e-08 4.87453e-09 1.95376e-10
 9.65486e-10 6.4182e-08 2.51575e-06 5.81448e-05 0.000792411 0.00636837 0.0301966 0.0846959 0.142399 0.15299 0.132169 0.126689 0.121782 0.0950049 0.0603602 0.0309735 0.0117071 0.00310537 0.000602604 9.14618e-05 1.07916e-05 9.19793e-07 5.33677e-08 2.08118e-09 5.57223e-11
 1.50705e-09 9.55432e-08 3.57157e-06 7.87238e-05 0.00102318 0.00784218 0.0354644 0.0948858 0.15231 0.156812 0.131089 0.12224 0.114156 0.0874159 0.0550897 0.0279457 0.0103838 0.00269044 0.000494691 6.6913e-05 6.74864e-06 5.01693e-07 2.67905e-08 9.90919e-10 2.4432e-11
 2.13196e-09 1.28765e-07 4.58571e-06 9.6295e-05 0.00119235 0.00870689 0.0375234 0.0957962 0.147658 0.149997 0.132023 0.130609 0.120509 0.0877798 0.0520261 0.0248099 0.0087011 0.00213938 0.000375421 4.84825e-05 4.60289e-06 3.12776e-07 1.48128e-08 4.79713e-10 1.04512e-11
 3.35862e-09 1.93065e-07 6.54387e-06 0.000130784 0.00154127 0.010712 0.0439424 0.106831 0.157144 0.15364 0.132406 0.12805 0.113789 0.0794772 0.0447745 0.0198165 0.00622446 0.00130693 0.000186109 1.91082e-05 1.49152e-06 8.82151e-08 3.77637e-09 1.11591e-10 2.20117e-12
 4.95197e-09 2.70675e-07 8.72379e-06 0.000165788 0.00185784 0.0122788 0.0479104 0.110929 0.156331 0.149954 0.132536 0.130362 0.113484 0.0771143 0.0422808 0.0180746 0.00545005 0.00109746 0.000149016 1.41939e-05 9.75145e-07 4.82362e-08 1.69162e-09 4.14619e-11 6.98779e-13
 7.88291e-09 4.0937e-07 1.25353e-05 0.00022633 0.00240969 0.0151315 0.0561025 0.123504 0.165937 0.153259 0.132391 0.12617 0.104646 0.0672334 0.0346141 0.013767 0.00381337 0.000691425 8.22718e-05 6.71608e-06 3.95342e-07 1.70464e-08 5.26162e-10 1.12412e-11 1.61944e-13
 1.00582e-08 4.95878e-07 1.44152e-05 0.000247092 0.0024976 0.0148927 0.0524826 0.110335 0.144733 0.140942 0.140871 0.145167 0.119119 0.0739355 0.0365651 0.0138606 0.00363718 0.00062323 6.98677e-05 5.31835e-06 2.85559e-07 1.09222e-08 2.92731e-10 5.38521e-12 6.69777e-14
 1.73836e-08 8.1306e-07 2.2423e-05 0.000364636 0.00349659 0.0197783 0.0660964 0.131546 0.162032 0.144213 0.128751 0.124022 0.101678 0.0663858 0.0345351 0.0131485 0.003329 0.000539312 5.66062e-05 4.01024e-06 1.99601e-07 7.05379e-09 1.73682e-10 2.90489e-12 3.23888e-14
 2.54373e-08 1.12803e-06 2.94958e-05 0.000454773 0.00413489 0.0221798 0.0703462 0.133379 0.159206 0.144765 0.137545 0.1317 0.0997301 0.0578733 0.026753 0.00930592 0.00221334 0.000344435 3.54381e-05 2.49511e-06 1.23042e-07 4.22309e-09 9.86074e-11 1.5363e-12 1.57869e-14
 3.77193e-08 1.58511e-06 3.92775e-05 0.000573887 0.00494487 0.02514 0.0756195 0.136382 0.156842 0.142397 0.137964 0.130844 0.0972721 0.05596 0.0254217 0.00844488 0.00186485 0.000262544 2.37799e-05 1.44408e-06 6.16663e-08 1.89054e-09 4.09168e-11 6.0496e-13 5.9365e-15
 5.21907e-08 2.07756e-06 4.87644e-05 0.000674925 0.00550901 0.0265383 0.07572 0.130223 0.145983 0.136541 0.13939 0.13447 0.102202 0.0615247 0.0289432 0.00971362 0.00216694 0.00031734 3.11968e-05 2.10484e-06 9.72895e-08 3.01763e-09 6.16301e-11 8.2305e-13 7.1936e-15
 8.59136e-08 3.23851e-06 7.19812e-05 0.000943399 0.00729189 0.0332638 0.0898805 0.146404 0.155457 0.137603 0.132931 0.12215 0.0893797 0.0519958 0.0234057 0.00742592 0.00155698 0.00021464 2.00872e-05 1.3198e-06 6.11816e-08 1.95415e-09 4.17096e-11 5.80691e-13 5.18255e-15
 1.23854e-07 4.41995e-06 9.30069e-05 0.00115404 0.0084455 0.0364884 0.0935221 0.14553 0.151772 0.139491 0.139253 0.124436 0.0859552 0.046825 0.0197633 0.00591553 0.00118055 0.000156515 1.41941e-05 9.03177e-07 4.02546e-08 1.23e-09 2.51913e-11 3.39976e-13 2.97975e-15
 1.82444e-07 6.16305e-06 0.000122759 0.00144187 0.00998895 0.0408656 0.0993066 0.147356 0.149656 0.138866 0.13913 0.121887 0.0827801 0.0443653 0.0180654 0.00509604 0.000942052 0.000114205 9.40203e-06 5.44998e-07 2.24255e-08 6.41708e-10 1.24123e-11 1.58561e-13 1.3144e-15
 2.72292e-07 8.70624e-06 0.000164142 0.00182486 0.011967 0.0463555 0.106794 0.151061 0.149073 0.13823 0.137149 0.117099 0.0779066 0.0409454 0.0161588 0.00438176 0.000780891 9.2101e-05 7.41194e-06 4.15864e-07 1.61967e-08 4.29246e-10 7.599e-12 8.87131e-14 6.75337e-16
 3.90258e-07 1.18108e-05 0.000210766 0.00221795 0.0137689 0.0505161 0.110491 0.149936 0.146865 0.140681 0.140182 0.115854 0.0739763 0.037153 0.0139047 0.00355967 0.000599375 6.71072e-05 5.16004e-06 2.78105e-07 1.04253e-08 2.65387e-10 4.48384e-12 4.94463e-14 3.51324e-16
 5.13208e-07 1.47019e-05 0.000248345 0.00247393 0.0145414 0.0505661 0.105328 0.138888 0.140266 0.14546 0.14906 0.121659 0.0765224 0.0375959 0.0135171 0.00327953 0.000520549 5.48919e-05 3.97624e-06 2.01869e-07 7.12803e-09 1.71045e-10 2.72801e-12 2.84327e-14 1.90963e-16
 8.42816e-07 2.28563e-05 0.000365494 0.00344669 0.0191778 0.0631188 0.124331 0.154421 0.14515 0.139124 0.134428 0.106155 0.0655246 0.0312799 0.0106691 0.00240322 0.000347551 3.27823e-05 2.09636e-06 9.40145e-08 2.9727e-09 6.49283e-11 9.53569e-13 9.20993e-15 5.75032e-17
 1.1553e-06 2.96629e-05 0.000449096 0.00400993 0.0211312 0.0659471 0.123847 0.149879 0.145027 0.146421 0.14012 0.104808 0.0604392 0.0270014 0.00871045 0.00188495 0.000267165 2.51825e-05 1.61837e-06 7.15392e-08 2.14912e-09 4.3074e-11 5.68531e-13 4.9038e-15 2.74366e-17
 1.6573e-06 4.02923e-05 0.000577635 0.00488398 0.0243758 0.0721053 0.128787 0.150163 0.144088 0.145551 0.136836 0.10069 0.0574534 0.0250158 0.00766678 0.00154507 0.000201202 1.72976e-05 1.01759e-06 4.18545e-08 1.1946e-09 2.30661e-11 2.93692e-13 2.41899e-15 1.27099e-17
#spawning biomass
 30318.2 28429.6 22018.9 15961.2 17245.5 23127.7 27303.2 32635.1 48455.4 59944.5 62878 67751.9 79810.7 81146.8 78500.2 84794.9 86372.9 90107.3 95770.7 93905.9 93605 86792 107705 99505 98369.4 86263.2 83162.5 108649 175484 340502 379902 368926 330487 282800 236714 197223 165707 141698 123987 111219 102169 95834.6 91417 88310.8 86226.9 84828.7 83890.7 83261.3 82839.1 82555.8 82365.7 82238.2 82152.7 82095.3 82056.8 82030.9 82013.6 82002 81994.1 81988.9 81985.4 81983 81981.5 81980.4 81979.7 81979.2 81978.9 81978.7 81978.5 81978.4 81978.4 81978.3 81978.3 81978.3 81978.3 81978.3 81978.3 81978.2 81978.2 81978.2 81978.2 81978.2 81978.2 81978.2 81978.2 81978.2 81978.2 81978.2 81978.2 81978.2 81978.2 81978.2 81978.2 81978.2 81978.2 81978.2 81978.2 81978.2 81978.2 81978.2 81978.2 81978.2 81978.2 81978.2 81978.2 81978.2 81978.2 81978.2 81978.2 81978.2 81978.2 81978.2 81978.2 81978.2 81978.2 81978.2 81978.2 81978.2 81978.2 81978.2 81978.2 81978.2 81978.2 81978.2 81978.2 81978.2 81978.2 81978.2 0 0 0 0 0 0 0 0 0 0 0 0 0 0 0 0 0 0 0 0 0 0 0 0 0
