SBPRF35
0.175648
Curr Bio
129776
B35
197075
F35
0.971341
FOFL
0.591139
OFL
25560.8
Bzero
50185.1
#pred survey bio
 2438.53 3462.74 6015.55 9423.58 15655.2 24504.9 38801.3 59202 76564 107683 131541 163278 174365 182223 187120 178326 146069 153321 158785 169711 174251 186025 190033 185613 196295 177950 155518 152550 5.13085e+06 3.19682e+06 1.97179e+06 1.11235e+06 747329 599611 534766 502716 485208 475035 468939 465238 462982 461605 460763 460243 459933 459747 459636 459569 459529 459505 459491 459482 459477 459474 459472 459471 459470 459470 459470 459469 459469 459469 459469 459469 459469 459469 459469 459469 459469 459469 459469 459469 459469 459469 459469 459469 459469 459469 459469 459469 459469 459469 459469 459469 459469 459469 459469 459469 459469 459469 459469 459469 459469 459469 459469 459469 459469 459469 459469 459469 459469 459469 459469 459469 459469 459469 459469 459469 459469 459469 459469 459469 459469 459469 459469 459469 459469 459469 459469 459469 459469 459469 459469 459469 459469 459469 459469 459469 0 0 0 0 0 0 0 0 0 0 0 0 0 0 0 0 0 0 0 0 0 0 0 0 0
#obs survey bio
 2023.87 3815.64 5050.73 10294.6 15871.2 31024 38165.6 47461 71611.9 52613.2 77680.8 113412 119123 139030 109134 149321 102449 105548 96149 129702 139715 141158 180712 169520 175795 129783 123013 98275.8
#pred catch bio
 1045.23 1174.41 2565.26 3621.23 6290.62 9332.39 15509 30319.8 33079.8 55396 66040 88536.9 96400.8 101376 105253 108793 79406.8 86711 87409.9 98080.6 99714.2 110970 118589 109880 125020 117524 97213.1 98698.7 25560.8 59284.6 37153.2 17189.6 9825.18 7600.72 6982.91 6820.01 6778.58 6768.32 6765.83 6765.23 6765.09 6765.06 6765.05 6765.05 6765.05 6765.05 6765.05 6765.05 6765.05 6765.05 6765.05 6765.05 6765.05 6765.05 6765.05 6765.05 6765.05 6765.05 6765.05 6765.05 6765.05 6765.05 6765.05 6765.05 6765.05 6765.05 6765.05 6765.05 6765.05 6765.05 6765.05 6765.05 6765.05 6765.05 6765.05 6765.05 6765.05 6765.05 6765.05 6765.05 6765.05 6765.05 6765.05 6765.05 6765.05 6765.05 6765.05 6765.05 6765.05 6765.05 6765.05 6765.05 6765.05 6765.05 6765.05 6765.05 6765.05 6765.05 6765.05 6765.05 6765.05 6765.05 6765.05 6765.05 6765.05 6765.05 6765.05 6765.05 6765.05 6765.05 6765.05 6765.05 6765.05 6765.05 6765.05 6765.05 6765.05 6765.05 6765.05 6765.05 6765.05 6765.05 6765.05 6765.05 6765.05 6765.05 6765.05 6765.05 0 0 0 0 0 0 0 0 0 0 0 0 0 0 0 0 0 0 0 0 0 0 0 0 0
#obs catch bio
 1017.19 1134.57 2587.96 3340.7 5856.19 8199.88 13648.6 28676.2 30465.1 52735.6 67457.7 90296.6 93643 101876 111218 108250 69086.3 83423.8 83408.3 84658.7 90275.6 106219 110338 96253.1 111277 108987 89705.5 94734.6
#pred cpue bio
 1584.96 1603.79 2857.75 4314.99 7293.39 11547.2 18578.1 28298.3 34872.6 51958.9 61414.8 77062 84190.3 87375.3 90194.8 88570.5 72490.9 74128.5 75123.9 80871.8 81315 86000 86661.9 82959.7 88847.9 80868.4 68981.2 68089.3 2.23003e+06 2.35127e+06 1.75912e+06 959691 597757 450192 385355 353306 335798 325624 319528 315828 313572 312195 311352 310833 310522 310337 310226 310159 310119 310095 310081 310072 310067 310064 310062 310061 310060 310060 310059 310059 310059 310059 310059 310059 310059 310059 310059 310059 310059 310059 310059 310059 310059 310059 310059 310059 310059 310059 310059 310059 310059 310059 310059 310059 310059 310059 310059 310059 310059 310059 310059 310059 310059 310059 310059 310059 310059 310059 310059 310059 310059 310059 310059 310059 310059 310059 310059 310059 310059 310059 310059 310059 310059 310059 310059 310059 310059 310059 310059 310059 310059 310059 310059 310059 310059 310059 310059 310059 0 0 0 0 0 0 0 0 0 0 0 0 0 0 0 0 0 0 0 0 0 0 0 0 0
#obs cpue bio
 1422.79 1875.22 3235.65 6959.81 9395.88 19047.7 27973.8 35416.3 52348.6 111524 80502.6 110720 153990 100880 114017 138208 205955 102319 152898 232610 129090 124636 137669 159470 154140 139645 118497 124758
#pred surv len freq
 1.61625e-11 1.75505e-09 1.1236e-07 4.24104e-06 9.4378e-05 0.00123827 0.00957911 0.043704 0.117763 0.188733 0.186212 0.130473 0.0899858 0.0686849 0.0481063 0.0318646 0.0219226 0.0154724 0.0113007 0.00867997 0.00712069 0.00630012 0.005667 0.00446261 0.0026314
 1.90685e-11 2.07062e-09 1.32563e-07 5.00358e-06 0.000111347 0.0014609 0.0113011 0.0515545 0.138834 0.221836 0.215707 0.142535 0.0861705 0.057569 0.0345932 0.017666 0.00885498 0.00457999 0.00248952 0.00150104 0.00102066 0.00078225 0.000644298 0.000491768 0.000291263
 1.76276e-11 1.91415e-09 1.22546e-07 4.62548e-06 0.000102933 0.00135052 0.0104475 0.0476677 0.128465 0.206062 0.204128 0.145055 0.10175 0.0749512 0.0447127 0.0207176 0.00868564 0.00349318 0.00132408 0.000518284 0.000236636 0.000134403 9.19875e-05 6.43377e-05 3.70259e-05
 1.8284e-11 1.98543e-09 1.27109e-07 4.79773e-06 0.000106766 0.00140081 0.0108364 0.0494388 0.133194 0.213291 0.209607 0.144489 0.095652 0.0681231 0.040919 0.0196685 0.00850998 0.00328207 0.00105231 0.000295847 8.20853e-05 2.60735e-05 1.12354e-05 6.20125e-06 3.25958e-06
 1.7957e-11 1.94991e-09 1.24835e-07 4.7119e-06 0.000104856 0.00137575 0.0106426 0.0485563 0.130837 0.209684 0.206857 0.144717 0.0986193 0.0715223 0.0429461 0.0204075 0.00875573 0.00342388 0.00113236 0.000316835 7.59965e-05 1.6038e-05 3.45363e-06 9.981e-07 3.83915e-07
 1.77931e-11 1.93212e-09 1.23696e-07 4.6689e-06 0.0001039 0.00136319 0.0105456 0.0481139 0.129654 0.207858 0.205388 0.144583 0.0997359 0.0730063 0.0441271 0.0211724 0.00916644 0.00358009 0.00117267 0.000326676 7.86953e-05 1.59746e-05 2.71169e-06 4.15756e-07 7.33618e-08
 1.76374e-11 1.91521e-09 1.22613e-07 4.62804e-06 0.00010299 0.00135127 0.0104533 0.0476933 0.128526 0.206095 0.203858 0.144086 0.100224 0.0740053 0.0453337 0.0223581 0.0100307 0.00402981 0.00134998 0.000382582 9.2778e-05 1.88152e-05 3.13687e-06 4.24793e-07 4.76997e-08
 1.7656e-11 1.91723e-09 1.22743e-07 4.63292e-06 0.000103099 0.00135269 0.0104643 0.0477436 0.128661 0.206307 0.204047 0.144161 0.100184 0.0738769 0.0451317 0.0221475 0.0099092 0.0040109 0.00137112 0.000399566 9.94716e-05 2.05665e-05 3.46207e-06 4.656e-07 4.90125e-08
 1.80724e-11 1.96245e-09 1.25638e-07 4.74219e-06 0.000105531 0.00138459 0.0107111 0.0488685 0.13168 0.211043 0.208236 0.14576 0.09929 0.0714807 0.0417994 0.0186087 0.0072669 0.00263581 0.000830281 0.000226665 5.45812e-05 1.12728e-05 1.9247e-06 2.62696e-07 2.77876e-08
 1.72036e-11 1.86811e-09 1.19598e-07 4.51422e-06 0.000100457 0.00131804 0.0101963 0.0465235 0.125409 0.201378 0.200522 0.145254 0.10551 0.0795284 0.0479334 0.0223573 0.00922506 0.00339374 0.00102177 0.000255577 5.60476e-05 1.07599e-05 1.76059e-06 2.37414e-07 2.52842e-08
 1.7736e-11 1.92592e-09 1.23299e-07 4.65392e-06 0.000103566 0.00135882 0.0105117 0.0479604 0.12925 0.207291 0.205203 0.145438 0.101509 0.0744849 0.0442605 0.0202696 0.00818736 0.00298458 0.000901287 0.000224718 4.75417e-05 8.44703e-06 1.25343e-06 1.55237e-07 1.56707e-08
 1.74493e-11 1.89478e-09 1.21306e-07 4.57868e-06 0.000101892 0.00133686 0.0103419 0.0471869 0.127187 0.204148 0.202878 0.145878 0.104487 0.0777486 0.0460141 0.02064 0.00807398 0.002865 0.000847793 0.000207773 4.34861e-05 7.64582e-06 1.1003e-06 1.27777e-07 1.18257e-08
 1.69237e-11 1.83772e-09 1.17652e-07 4.44078e-06 9.88232e-05 0.0012966 0.0100306 0.045769 0.123401 0.198364 0.198508 0.146385 0.109488 0.0834333 0.0493694 0.0217547 0.00824278 0.00282332 0.000800971 0.000185845 3.68758e-05 6.23992e-06 8.75835e-07 9.95473e-08 8.91168e-09
 1.71465e-11 1.8619e-09 1.19201e-07 4.49923e-06 0.000100124 0.00131366 0.0101625 0.0463698 0.125003 0.200798 0.200279 0.145947 0.107034 0.0808224 0.0480896 0.0216385 0.00844684 0.00293781 0.0008258 0.000185705 3.51519e-05 5.62541e-06 7.45655e-07 8.07533e-08 6.97986e-09
 1.69746e-11 1.84324e-09 1.18006e-07 4.45413e-06 9.91203e-05 0.00130049 0.0100607 0.0459063 0.123767 0.198921 0.198916 0.146296 0.108942 0.0828465 0.0490714 0.0217135 0.00827887 0.00284603 0.00080514 0.000183916 3.50672e-05 5.52561e-06 7.04488e-07 7.22973e-08 5.90007e-09
 1.6379e-11 1.77856e-09 1.13865e-07 4.29785e-06 9.56424e-05 0.00125487 0.00970784 0.044299 0.119472 0.19233 0.193796 0.14641 0.113906 0.0888143 0.05305 0.0236064 0.00904542 0.00310352 0.000866963 0.000194213 3.65359e-05 5.75861e-06 7.37384e-07 7.50735e-08 5.95389e-09
 1.63142e-11 1.77153e-09 1.13415e-07 4.28085e-06 9.52643e-05 0.0012499 0.00966948 0.0441245 0.119009 0.191639 0.193359 0.14675 0.114946 0.0897974 0.0533496 0.023357 0.0087193 0.00292112 0.000798768 0.000174137 3.17125e-05 4.84544e-06 6.05616e-07 6.08551e-08 4.80166e-09
 1.7194e-11 1.86706e-09 1.19531e-07 4.5117e-06 0.000100401 0.0013173 0.0101906 0.0464975 0.125338 0.201258 0.200376 0.145082 0.105336 0.079494 0.0481601 0.0227132 0.00945339 0.00343065 0.000979451 0.000219984 4.08298e-05 6.24376e-06 7.68236e-07 7.53766e-08 5.81217e-09
 1.72878e-11 1.87724e-09 1.20183e-07 4.5363e-06 0.000100949 0.00132448 0.0102462 0.0467514 0.126027 0.202398 0.201667 0.146396 0.106573 0.079854 0.0468778 0.0204631 0.00767905 0.00264178 0.00076841 0.000183927 3.65506e-05 5.86164e-06 7.40668e-07 7.33051e-08 5.60998e-09
 1.71811e-11 1.86566e-09 1.19441e-07 4.50831e-06 0.000100326 0.00131631 0.010183 0.0464635 0.125256 0.201207 0.200698 0.146275 0.107255 0.080814 0.0477175 0.0210585 0.00798302 0.00271151 0.000750979 0.000167494 3.18608e-05 5.18553e-06 6.91275e-07 7.2379e-08 5.75901e-09
 1.74849e-11 1.89865e-09 1.21553e-07 4.58803e-06 0.0001021 0.00133958 0.010363 0.0472835 0.12745 0.204592 0.20342 0.146521 0.105186 0.0780783 0.0455631 0.0196705 0.00721459 0.00238835 0.000651617 0.000142473 2.60222e-05 3.98625e-06 5.0309e-07 5.17749e-08 4.22379e-09
 1.76075e-11 1.91197e-09 1.22406e-07 4.62021e-06 0.000102816 0.00134898 0.0104357 0.0476145 0.128335 0.205961 0.204531 0.146656 0.104407 0.0770168 0.044691 0.0190704 0.00685719 0.00222286 0.000593149 0.000125997 2.2302e-05 3.31625e-06 4.03335e-07 3.94729e-08 3.06142e-09
 1.7736e-11 1.92592e-09 1.23299e-07 4.65392e-06 0.000103566 0.00135882 0.0105118 0.0479615 0.129266 0.207415 0.205789 0.147053 0.10398 0.0761576 0.0436566 0.0180708 0.00616395 0.0019002 0.000487948 9.94126e-05 1.67712e-05 2.38225e-06 2.7795e-07 2.61526e-08 1.94736e-09
 1.79698e-11 1.9513e-09 1.24924e-07 4.71526e-06 0.000104931 0.00137673 0.0106503 0.0485926 0.130955 0.210031 0.207938 0.147392 0.102617 0.0742067 0.0419409 0.0167964 0.00538326 0.00155126 0.000375513 7.1265e-05 1.10358e-05 1.44786e-06 1.58055e-07 1.40291e-08 9.92597e-10
 1.78115e-11 1.93411e-09 1.23824e-07 4.67373e-06 0.000104007 0.00136461 0.0105565 0.0481654 0.129812 0.208264 0.206506 0.147226 0.103639 0.0756025 0.0430969 0.0175887 0.00583035 0.00172798 0.000419492 7.77817e-05 1.14957e-05 1.41459e-06 1.42966e-07 1.16749e-08 7.64167e-10
 1.7621e-11 1.91343e-09 1.225e-07 4.62375e-06 0.000102895 0.00135001 0.0104437 0.0476517 0.128443 0.206198 0.205063 0.147798 0.106038 0.0780358 0.0441115 0.0174152 0.00541116 0.00150481 0.000353317 6.44911e-05 9.38673e-06 1.12627e-06 1.09147e-07 8.38143e-09 5.08008e-10
 1.80014e-11 1.95474e-09 1.25144e-07 4.72357e-06 0.000105116 0.00137916 0.0106691 0.0486783 0.131187 0.210409 0.208344 0.147753 0.102913 0.0742609 0.0415741 0.0161797 0.00488355 0.00130722 0.000294302 5.05718e-05 6.78044e-06 7.54254e-07 6.95557e-08 5.15494e-09 3.00387e-10
 1.79448e-11 1.94859e-09 1.24751e-07 4.70871e-06 0.000104785 0.00137482 0.0106355 0.0485254 0.130777 0.209769 0.207792 0.147584 0.103112 0.0746519 0.042039 0.0166216 0.00517994 0.00143448 0.000328831 5.67534e-05 7.54868e-06 8.16526e-07 7.13986e-08 4.93441e-09 2.68948e-10
#obs surv len freq
 1.78953e-11 1.94322e-09 1.24407e-07 4.69573e-06 0.000104497 0.00137103 0.010606 0.0483868 0.130344 0.208572 0.204151 0.138493 0.0896198 0.0665159 0.0470888 0.0293447 0.0156703 0.00670205 0.0022594 0.000611335 0.000130726 2.1087e-05 2.44759e-06 1.96857e-07 1.06575e-08
 1.52743e-11 1.65861e-09 1.06186e-07 4.00799e-06 8.91923e-05 0.00117025 0.00905365 0.0413226 0.111551 0.180331 0.184795 0.146557 0.121113 0.0971881 0.059876 0.0284647 0.0119447 0.00458086 0.00148851 0.000383608 7.53751e-05 1.10017e-05 1.16395e-06 8.65165e-08 4.36734e-09
 1.69222e-11 1.83756e-09 1.17642e-07 4.4404e-06 9.88148e-05 0.00129649 0.0100299 0.0457683 0.123413 0.198371 0.197932 0.143233 0.102885 0.0785539 0.051771 0.0281166 0.0126459 0.00442328 0.00116823 0.000242699 4.08317e-05 5.36054e-06 5.16002e-07 3.47516e-08 1.58821e-09
 1.658e-11 1.80039e-09 1.15263e-07 4.3506e-06 9.68167e-05 0.00127028 0.00982748 0.0448514 0.121021 0.195097 0.19697 0.147587 0.110482 0.0832099 0.0506539 0.0243746 0.00998983 0.00342774 0.0009196 0.00018567 2.76982e-05 3.02454e-06 2.41016e-07 1.38409e-08 5.55804e-10
 1.67561e-11 1.81952e-09 1.16487e-07 4.39681e-06 9.78451e-05 0.00128378 0.00993197 0.0453292 0.122316 0.197165 0.198733 0.147533 0.108219 0.0806348 0.0497616 0.0246069 0.0100937 0.00329583 0.00081694 0.000153305 2.17115e-05 2.25154e-06 1.6483e-07 8.30676e-09 2.84016e-10
 1.61822e-11 1.7572e-09 1.12497e-07 4.24623e-06 9.44942e-05 0.00123983 0.00959231 0.0437866 0.11824 0.191174 0.194912 0.149345 0.113857 0.0856165 0.0522142 0.0253658 0.0102492 0.00332055 0.000816525 0.000149321 2.00421e-05 1.93261e-06 1.3096e-07 6.10888e-09 1.91974e-10
 1.67955e-11 1.82379e-09 1.16761e-07 4.40715e-06 9.80753e-05 0.00128681 0.0099558 0.0454445 0.12269 0.198101 0.200553 0.149631 0.108719 0.079114 0.047902 0.0233392 0.00935963 0.00295739 0.000702369 0.000123836 1.60229e-05 1.48163e-06 9.51397e-08 4.14652e-09 1.20437e-10
 1.60863e-11 1.74679e-09 1.11831e-07 4.22107e-06 9.39347e-05 0.0012325 0.0095362 0.0435402 0.117671 0.190794 0.196136 0.152422 0.116225 0.0853834 0.0505195 0.0236947 0.00914995 0.00281389 0.000654998 0.000112771 1.40998e-05 1.24775e-06 7.62117e-08 3.14549e-09 8.6067e-11
 1.62304e-11 1.76243e-09 1.12832e-07 4.25886e-06 9.47759e-05 0.00124355 0.00962187 0.0439345 0.118762 0.192648 0.198041 0.153113 0.11498 0.0833233 0.0491778 0.0230613 0.00874866 0.00257767 0.000565525 9.14315e-05 1.07892e-05 9.06126e-07 5.25713e-08 2.0544e-09 5.29839e-11
 1.47476e-11 1.60141e-09 1.02524e-07 3.86978e-06 8.61182e-05 0.00112999 0.00874438 0.0399496 0.108229 0.177096 0.187741 0.156718 0.128433 0.0961639 0.0564957 0.0260444 0.00967445 0.00278935 0.00059677 9.30143e-05 1.04126e-05 8.19274e-07 4.42954e-08 1.61337e-09 3.88612e-11
 1.5341e-11 1.66585e-09 1.06649e-07 4.02549e-06 8.95833e-05 0.00117545 0.00909611 0.0415528 0.112513 0.183595 0.192254 0.154768 0.121063 0.089616 0.0543277 0.0263034 0.0100537 0.00288622 0.000602064 9.05954e-05 9.73361e-06 7.30238e-07 3.73286e-08 1.27391e-09 2.85395e-11
 1.37436e-11 1.49239e-09 9.55443e-08 3.60635e-06 8.02569e-05 0.00105314 0.00815129 0.0372677 0.101235 0.16719 0.182148 0.160135 0.136436 0.102869 0.0607248 0.028326 0.0105878 0.00304134 0.000642234 9.71605e-05 1.02989e-05 7.47845e-07 3.65043e-08 1.17934e-09 2.48564e-11
 1.46839e-11 1.5945e-09 1.02081e-07 3.8531e-06 8.5748e-05 0.00112518 0.00870854 0.0398061 0.108006 0.177442 0.189413 0.158015 0.126794 0.0938234 0.0564489 0.0269347 0.00999399 0.00275831 0.000552237 7.96296e-05 8.1459e-06 5.75398e-07 2.72944e-08 8.50376e-10 1.71126e-11
 1.32909e-11 1.44324e-09 9.23975e-08 3.48759e-06 7.76153e-05 0.00101853 0.00788513 0.0360762 0.0982223 0.163316 0.180811 0.162344 0.139076 0.104571 0.0623069 0.02947 0.0109962 0.00309342 0.000630826 9.10068e-05 9.09281e-06 6.16698e-07 2.79059e-08 8.29352e-10 1.59403e-11
 1.37437e-11 1.4924e-09 9.55453e-08 3.60641e-06 8.02599e-05 0.00105325 0.00815404 0.0373066 0.101544 0.168498 0.184796 0.161697 0.134387 0.100044 0.0600632 0.028479 0.0104228 0.00282945 0.000556045 7.79135e-05 7.6125e-06 5.04569e-07 2.21399e-08 6.3121e-10 1.15283e-11
 1.28671e-11 1.39722e-09 8.94516e-08 3.37643e-06 7.51433e-05 0.000986183 0.00763694 0.0349741 0.095502 0.160115 0.180574 0.165783 0.142518 0.106064 0.0626109 0.0291523 0.0105364 0.0028356 0.000549938 7.5171e-05 7.08556e-06 4.50548e-07 1.89471e-08 5.17808e-10 9.05456e-12
 1.45731e-11 1.58247e-09 1.01312e-07 3.82409e-06 8.51052e-05 0.00111687 0.00864724 0.0395681 0.107689 0.178281 0.192957 0.162015 0.126951 0.0911466 0.0541046 0.0254117 0.00910807 0.00239673 0.000452129 6.00394e-05 5.48536e-06 3.36402e-07 1.35553e-08 3.52804e-10 5.84988e-12
 1.3744e-11 1.49244e-09 9.55483e-08 3.60658e-06 8.02673e-05 0.0010535 0.00815975 0.0373855 0.102176 0.171363 0.191889 0.170482 0.137615 0.0952405 0.0521179 0.0224895 0.00760314 0.00193558 0.000356173 4.59265e-05 4.04273e-06 2.37474e-07 9.13176e-09 2.26166e-10 3.55798e-12
 1.44314e-11 1.56708e-09 1.00327e-07 3.78695e-06 8.42819e-05 0.0011062 0.00856786 0.0392497 0.107179 0.179028 0.197542 0.169579 0.131636 0.0893093 0.0483495 0.0202225 0.00638578 0.00147876 0.0002466 2.91987e-05 2.39971e-06 1.33016e-07 4.8433e-09 1.1349e-10 1.68542e-12
 1.4496e-11 1.5741e-09 1.00776e-07 3.80395e-06 8.46623e-05 0.00111127 0.00860882 0.0394593 0.107909 0.180862 0.200684 0.172525 0.131899 0.0866901 0.045104 0.0181149 0.00550559 0.0012226 0.000192659 2.11303e-05 1.58539e-06 7.99209e-08 2.65879e-09 5.73731e-11 7.90254e-13
 1.38501e-11 1.50397e-09 9.62869e-08 3.63454e-06 8.08951e-05 0.00106195 0.00822987 0.0377641 0.103601 0.175128 0.198119 0.175397 0.137114 0.0907634 0.047124 0.0186905 0.00553686 0.00118624 0.000179124 1.86985e-05 1.32309e-06 6.21989e-08 1.90858e-09 3.76811e-11 4.73003e-13
 1.37146e-11 1.48925e-09 9.53451e-08 3.59904e-06 8.0108e-05 0.00105173 0.00815309 0.0374416 0.102924 0.17478 0.199267 0.177492 0.138186 0.090336 0.0461034 0.0178482 0.00511409 0.00105096 0.000151124 1.49289e-05 9.94584e-07 4.38377e-08 1.25607e-09 2.30509e-11 2.6762e-13
 1.46317e-11 1.58884e-09 1.01721e-07 3.83972e-06 8.54653e-05 0.00112205 0.00869733 0.0399215 0.109521 0.184612 0.205834 0.175155 0.129626 0.082325 0.0415763 0.015968 0.0045088 0.000905349 0.000126091 1.19517e-05 7.57132e-07 3.14908e-08 8.46437e-10 1.45076e-11 1.5678e-13
 1.4582e-11 1.58345e-09 1.01377e-07 3.8268e-06 8.51827e-05 0.00111852 0.00867375 0.0398594 0.109671 0.186105 0.209919 0.180046 0.130915 0.0789909 0.0371155 0.0132276 0.0035039 0.000668227 8.89346e-05 8.05552e-06 4.85974e-07 1.91576e-08 4.85621e-10 7.81249e-12 7.89163e-14
 1.41428e-11 1.53576e-09 9.83243e-08 3.71168e-06 8.2626e-05 0.00108516 0.00841935 0.0387415 0.106946 0.182851 0.209218 0.182732 0.134372 0.08105 0.0375982 0.0129819 0.00325991 0.000580364 7.17215e-05 6.04496e-06 3.40992e-07 1.26182e-08 3.00712e-10 4.54567e-12 4.30661e-14
 1.36459e-11 1.48181e-09 9.48716e-08 3.58147e-06 7.97347e-05 0.00104744 0.00813181 0.0374774 0.103852 0.179072 0.208096 0.185224 0.137862 0.0834302 0.0386271 0.0132155 0.00325094 0.000559154 6.57725e-05 5.2039e-06 2.7277e-07 9.33076e-09 2.05359e-10 2.87104e-12 2.52123e-14
 1.38778e-11 1.507e-09 9.64856e-08 3.64249e-06 8.10984e-05 0.00106551 0.0082746 0.0381583 0.105834 0.182565 0.211431 0.185779 0.135271 0.0799454 0.0361467 0.0120402 0.00287012 0.000476054 5.36972e-05 4.04501e-06 2.00215e-07 6.41383e-09 1.31228e-10 1.69589e-12 1.37155e-14
 1.42254e-11 1.54475e-09 9.89035e-08 3.73388e-06 8.31386e-05 0.00109247 0.00848652 0.0391562 0.108671 0.187384 0.215815 0.186349 0.131682 0.0751592 0.0327754 0.0105093 0.00240687 0.000382839 4.13038e-05 2.96527e-06 1.39281e-07 4.21492e-09 8.10865e-11 9.80716e-13 7.3896e-15
#pred catch len freq
 1.05804e-11 1.1489e-09 7.35537e-08 2.77629e-06 6.17824e-05 0.000810622 0.0062716 0.0286303 0.0773734 0.125843 0.132877 0.116602 0.112431 0.103674 0.0792334 0.0565191 0.040903 0.0295306 0.0217703 0.0167808 0.0137817 0.0121971 0.010972 0.00864025 0.00509478
 1.45394e-11 1.57881e-09 1.01077e-07 3.81515e-06 8.49007e-05 0.00111394 0.0086178 0.0393298 0.106138 0.171412 0.175303 0.139305 0.117391 0.0975589 0.0639435 0.0349653 0.0186878 0.0100187 0.00553071 0.00335573 0.00228642 0.00175324 0.00144419 0.00110232 0.000652878
 1.31896e-11 1.43223e-09 9.16928e-08 3.46095e-06 7.70187e-05 0.00101053 0.00781823 0.0356906 0.0964517 0.156852 0.165491 0.144554 0.136607 0.117748 0.0742983 0.0360944 0.0159688 0.00665272 0.00256347 0.00101167 0.00046358 0.000263585 0.00018044 0.000126207 7.26313e-05
 1.38155e-11 1.5002e-09 9.60443e-08 3.62519e-06 8.06736e-05 0.00105848 0.00818904 0.0373791 0.100956 0.163706 0.170533 0.143514 0.130071 0.110907 0.0712576 0.0361787 0.0165465 0.00659587 0.00214718 0.000609073 0.000169938 5.41195e-05 2.33397e-05 1.2884e-05 6.77237e-06
 1.34755e-11 1.46328e-09 9.36803e-08 3.53596e-06 7.8688e-05 0.00103243 0.00798759 0.0364617 0.0985076 0.159971 0.167738 0.143931 0.133421 0.114587 0.0732229 0.0366465 0.0166085 0.00671627 0.00225522 0.000636097 0.000153271 3.24206e-05 6.9894e-06 2.02087e-06 7.77398e-07
 1.31062e-11 1.42318e-09 9.11132e-08 3.43907e-06 7.65318e-05 0.00100414 0.00776881 0.0354649 0.0958406 0.15585 0.164396 0.143541 0.1358 0.117835 0.0759106 0.0384857 0.0176468 0.00713453 0.00237408 0.000667123 0.000161517 3.28663e-05 5.58509e-06 8.56741e-07 1.5121e-07
 1.29911e-11 1.41068e-09 9.03132e-08 3.40887e-06 7.58598e-05 0.000995326 0.00770061 0.0351537 0.0950018 0.154503 0.163059 0.142603 0.135284 0.117967 0.0769847 0.0401116 0.0190039 0.00787884 0.00267747 0.000764858 0.000186335 3.78727e-05 6.32052e-06 8.56312e-07 9.61742e-08
 1.38117e-11 1.49978e-09 9.60176e-08 3.62419e-06 8.06512e-05 0.00105819 0.00818675 0.0373685 0.100926 0.163644 0.170407 0.143256 0.12968 0.110563 0.071159 0.0363629 0.0169332 0.00701598 0.00242359 0.000710175 0.000177332 3.67171e-05 6.18479e-06 8.32012e-07 8.75951e-08
 1.38885e-11 1.50812e-09 9.65513e-08 3.64433e-06 8.10996e-05 0.00106407 0.00823232 0.0375776 0.101506 0.164709 0.172086 0.146051 0.13335 0.112757 0.0697022 0.0323904 0.0133098 0.00500234 0.00160191 0.000440944 0.000106662 2.20759e-05 3.77259e-06 5.15102e-07 5.44954e-08
 1.32597e-11 1.43985e-09 9.21803e-08 3.47935e-06 7.74281e-05 0.0010159 0.00785979 0.0358802 0.096962 0.157666 0.166277 0.145061 0.136913 0.118002 0.0745069 0.0360709 0.0155008 0.00585127 0.00178222 0.000448614 9.87735e-05 1.90014e-05 3.11186e-06 4.19785e-07 4.47128e-08
 1.39e-11 1.50937e-09 9.66312e-08 3.64735e-06 8.11667e-05 0.00106495 0.00823912 0.0376083 0.101584 0.164792 0.171978 0.145482 0.132405 0.112132 0.0699941 0.0332709 0.0140074 0.00524668 0.00160394 0.000402469 8.5476e-05 1.52178e-05 2.26026e-06 2.80056e-07 2.82762e-08
 1.3829e-11 1.50166e-09 9.61379e-08 3.62873e-06 8.07523e-05 0.00105951 0.00819709 0.0374173 0.101079 0.164063 0.171633 0.146226 0.134112 0.113593 0.0701831 0.0324914 0.0131837 0.00479736 0.00143598 0.000353974 7.43436e-05 1.30949e-05 1.88604e-06 2.19105e-07 2.02816e-08
 1.32261e-11 1.43619e-09 9.19465e-08 3.47052e-06 7.72317e-05 0.00101333 0.00783992 0.0357907 0.0967374 0.157439 0.166674 0.146956 0.140078 0.120276 0.0739919 0.0335814 0.0131902 0.00463624 0.00133105 0.00031069 6.1878e-05 1.04919e-05 1.474e-06 1.67604e-07 1.50069e-08
 1.35348e-11 1.46971e-09 9.40924e-08 3.55152e-06 7.90342e-05 0.00103697 0.00802278 0.0366233 0.0989574 0.160808 0.169106 0.146288 0.136585 0.116601 0.0722518 0.0335126 0.0135483 0.00482566 0.0013711 0.000310043 5.89025e-05 9.44598e-06 1.25332e-06 1.35794e-07 1.17397e-08
 1.3367e-11 1.4515e-09 9.29264e-08 3.50751e-06 7.80549e-05 0.00102413 0.00792343 0.036171 0.0977528 0.15899 0.167847 0.146825 0.138745 0.118765 0.0731093 0.0332948 0.0131418 0.00463021 0.00132469 0.0003043 5.82239e-05 9.19234e-06 1.17308e-06 1.2044e-07 9.83109e-09
 1.29908e-11 1.41065e-09 9.03111e-08 3.4088e-06 7.58581e-05 0.000995306 0.00770055 0.0351558 0.0950403 0.154828 0.164616 0.146903 0.141893 0.122552 0.0756396 0.0344986 0.0136148 0.00476935 0.00134495 0.00030272 5.71221e-05 9.01887e-06 1.1558e-06 1.17717e-07 9.33749e-09
 1.23769e-11 1.34399e-09 8.60432e-08 3.2477e-06 7.22733e-05 0.000948275 0.00733685 0.0334994 0.0906171 0.148064 0.159478 0.147405 0.147594 0.12909 0.0795751 0.0359079 0.0139268 0.0047977 0.00132888 0.000291574 5.33226e-05 8.16732e-06 1.02202e-06 1.02753e-07 8.10962e-09
 1.36427e-11 1.48143e-09 9.48427e-08 3.57984e-06 7.96644e-05 0.00104524 0.00808668 0.0369136 0.0997227 0.161897 0.169535 0.144897 0.133602 0.114155 0.0721526 0.035133 0.0151193 0.00560093 0.00161355 0.000364183 6.7823e-05 1.03922e-05 1.27991e-06 1.25639e-07 9.69005e-09
 1.36934e-11 1.48694e-09 9.51952e-08 3.59315e-06 7.99605e-05 0.00104913 0.00811678 0.0370519 0.100109 0.162624 0.17076 0.147055 0.136465 0.115759 0.0707405 0.0317894 0.012363 0.00436633 0.00128558 0.000309529 6.17181e-05 9.91532e-06 1.25396e-06 1.2416e-07 9.50396e-09
 1.37671e-11 1.49494e-09 9.57075e-08 3.61248e-06 8.03908e-05 0.00105477 0.00816043 0.0372506 0.100638 0.163424 0.171319 0.146839 0.135557 0.114878 0.0704546 0.0319427 0.0125028 0.00434451 0.00121585 0.000272606 5.20333e-05 8.48512e-06 1.13213e-06 1.18584e-07 9.437e-09
 1.41398e-11 1.53541e-09 9.82983e-08 3.71027e-06 8.2567e-05 0.00108332 0.00838124 0.0382567 0.10333 0.167588 0.174714 0.147296 0.133255 0.111677 0.0677431 0.0300194 0.0113673 0.00385418 0.00106331 0.00023375 4.28397e-05 6.57541e-06 8.30654e-07 8.55241e-08 6.97846e-09
 1.45103e-11 1.57564e-09 1.00874e-07 3.80749e-06 8.47305e-05 0.00111171 0.00860075 0.0392567 0.106005 0.17171 0.178004 0.147512 0.130609 0.108269 0.0651736 0.0284616 0.010528 0.00348813 0.000940376 0.000200739 3.56427e-05 5.30976e-06 6.4637e-07 6.32842e-08 4.90911e-09
 1.49277e-11 1.62097e-09 1.03776e-07 3.91704e-06 8.71682e-05 0.00114369 0.0088481 0.0403837 0.109021 0.17638 0.181834 0.148099 0.128146 0.104764 0.0621131 0.0262075 0.00915722 0.00288063 0.00074707 0.000152902 2.5868e-05 3.6807e-06 4.29812e-07 4.04574e-08 3.01307e-09
 1.4997e-11 1.62849e-09 1.04257e-07 3.9352e-06 8.75724e-05 0.00114899 0.00888912 0.040571 0.109527 0.177196 0.182668 0.148742 0.12857 0.104736 0.0613774 0.0250693 0.00824791 0.00243541 0.000597049 0.000113953 1.77078e-05 2.32846e-06 2.54483e-07 2.26004e-08 1.59943e-09
 1.51443e-11 1.64449e-09 1.05282e-07 3.97386e-06 8.84326e-05 0.00116028 0.0089764 0.0409683 0.110585 0.178797 0.183797 0.148336 0.126771 0.102896 0.0605876 0.0251616 0.00852587 0.00257574 0.000631277 0.000117549 1.74206e-05 2.14771e-06 2.17283e-07 1.77526e-08 1.16225e-09
 1.51046e-11 1.64018e-09 1.05006e-07 3.96344e-06 8.82009e-05 0.00115724 0.0089529 0.0408617 0.110306 0.178414 0.183721 0.149073 0.128209 0.104012 0.0605045 0.0242279 0.00766983 0.00217257 0.000515193 9.44482e-05 1.37823e-05 1.65648e-06 1.6068e-07 1.23443e-08 7.48371e-10
 1.53213e-11 1.66371e-09 1.06513e-07 4.02032e-06 8.94665e-05 0.00117384 0.00908132 0.0414467 0.11187 0.180825 0.185642 0.149191 0.126647 0.102007 0.0590019 0.0233261 0.00718992 0.00196678 0.00044817 7.74136e-05 1.04111e-05 1.16072e-06 1.0718e-07 7.94841e-09 4.63305e-10
 1.54209e-11 1.67452e-09 1.07205e-07 4.04644e-06 9.00477e-05 0.00118147 0.00914028 0.0417151 0.112585 0.181901 0.18638 0.14885 0.125329 0.100695 0.0584944 0.023481 0.00746217 0.00210608 0.000487677 8.45337e-05 1.12732e-05 1.22177e-06 1.06959e-07 7.39636e-09 4.03256e-10
#obs catch len freq
 1.07752e-11 1.17006e-09 7.49083e-08 2.82742e-06 6.29207e-05 0.000825569 0.00638773 0.0291713 0.0789765 0.12953 0.141558 0.135621 0.141972 0.13269 0.0954346 0.0569922 0.0302572 0.0136677 0.00501322 0.00145501 0.000322442 5.25404e-05 6.1012e-06 4.91198e-07 2.67218e-08
 1.65618e-11 1.79841e-09 1.15136e-07 4.34581e-06 9.67099e-05 0.00126887 0.00981606 0.0447896 0.120741 0.193863 0.192669 0.138104 0.0990481 0.0784475 0.0564157 0.0350818 0.0184967 0.00776348 0.00255862 0.000672808 0.000138762 2.14307e-05 2.36637e-06 1.80064e-07 9.17977e-09
 1.39248e-11 1.51207e-09 9.68042e-08 3.65389e-06 8.13125e-05 0.00106688 0.00825443 0.0376859 0.101874 0.165718 0.174205 0.14834 0.132958 0.109739 0.0676216 0.0320164 0.0133294 0.00502787 0.00159393 0.000398055 7.53218e-05 1.0521e-05 1.05832e-06 7.4348e-08 3.5299e-09
 1.59262e-11 1.7294e-09 1.10717e-07 4.17904e-06 9.29988e-05 0.00122019 0.00944003 0.0430845 0.116272 0.187584 0.190044 0.144239 0.11113 0.0876811 0.0579458 0.0312255 0.01381 0.00472089 0.00121538 0.000245134 3.97401e-05 4.98723e-06 4.55923e-07 2.90035e-08 1.24611e-09
 1.56172e-11 1.69585e-09 1.0857e-07 4.09797e-06 9.11949e-05 0.00119654 0.00925741 0.0422591 0.11414 0.184794 0.189768 0.149334 0.119087 0.0919183 0.0558971 0.0266945 0.0107847 0.00361743 0.00094283 0.000183942 2.63786e-05 2.75466e-06 2.08674e-07 1.13197e-08 4.27049e-10
 1.59123e-11 1.72789e-09 1.10621e-07 4.1754e-06 9.29181e-05 0.00121915 0.00943241 0.0430585 0.116296 0.188193 0.192567 0.149221 0.115755 0.0881566 0.0542983 0.0265882 0.0107137 0.00341197 0.000821179 0.000148873 2.02381e-05 2.00238e-06 1.39152e-07 6.62629e-09 2.13102e-10
 1.54685e-11 1.6797e-09 1.07536e-07 4.05895e-06 9.0327e-05 0.00118516 0.00916991 0.0418683 0.11317 0.1837 0.190033 0.151252 0.120447 0.0917578 0.0556722 0.0267429 0.0106032 0.00334581 0.000797161 0.000140514 1.80758e-05 1.66153e-06 1.06785e-07 4.70188e-09 1.38898e-10
 1.61915e-11 1.75821e-09 1.12562e-07 4.24866e-06 9.45487e-05 0.00124056 0.00959843 0.0438225 0.118412 0.191842 0.196593 0.151447 0.114347 0.0842013 0.0506883 0.0243835 0.00957676 0.00294282 0.000676414 0.000114816 1.42169e-05 1.2512e-06 7.61034e-08 3.12841e-09 8.53751e-11
 1.56146e-11 1.69557e-09 1.08552e-07 4.0973e-06 9.11808e-05 0.00119639 0.00925731 0.0422767 0.114361 0.186064 0.193484 0.154443 0.120867 0.0890485 0.0521999 0.0241353 0.00911966 0.00272451 0.000612827 0.000101403 1.21148e-05 1.01906e-06 5.88887e-08 2.28984e-09 5.88133e-11
 1.58373e-11 1.71975e-09 1.101e-07 4.15573e-06 9.24812e-05 0.00121346 0.00938962 0.0428839 0.116023 0.188803 0.196079 0.155096 0.118937 0.0862229 0.0503501 0.0232312 0.0086045 0.0024588 0.000520749 8.08512e-05 9.10741e-06 7.26129e-07 3.98065e-08 1.46392e-09 3.54077e-11
 1.44102e-11 1.56478e-09 1.00179e-07 3.78127e-06 8.41488e-05 0.00110417 0.0085453 0.0390522 0.105916 0.17398 0.186539 0.159022 0.132013 0.0983047 0.0570123 0.0258261 0.00935538 0.00261258 0.00053867 8.04895e-05 8.59015e-06 6.4105e-07 3.2723e-08 1.12065e-09 2.529e-11
 1.5078e-11 1.63729e-09 1.04821e-07 3.95649e-06 8.80482e-05 0.00115533 0.00894109 0.0408558 0.110731 0.181263 0.191547 0.156825 0.123964 0.0912368 0.0545649 0.0258999 0.00962844 0.00267248 0.000536556 7.73039e-05 7.90746e-06 5.61938e-07 2.70918e-08 8.68658e-10 1.82229e-11
 1.35861e-11 1.47529e-09 9.44493e-08 3.56503e-06 7.93379e-05 0.00104111 0.00805902 0.0368588 0.100242 0.166147 0.182626 0.162466 0.1385 0.103206 0.0599766 0.0274155 0.00996448 0.00276443 0.000560736 8.10429e-05 8.16429e-06 5.60864e-07 2.57948e-08 7.8228e-10 1.54276e-11
 1.45037e-11 1.57493e-09 1.00828e-07 3.80581e-06 8.46963e-05 0.00111141 0.00860283 0.0393361 0.106848 0.176126 0.189602 0.160201 0.129022 0.0945354 0.055965 0.0261067 0.00939803 0.00250236 0.000481022 6.62233e-05 6.43052e-06 4.2903e-07 1.91454e-08 5.59279e-10 1.05229e-11
 1.32215e-11 1.4357e-09 9.19148e-08 3.46938e-06 7.72109e-05 0.00101327 0.00784534 0.0359088 0.0978885 0.163323 0.182144 0.164679 0.140403 0.104069 0.0609239 0.028156 0.010185 0.00275957 0.000539012 7.40793e-05 7.01563e-06 4.48996e-07 1.9095e-08 5.31475e-10 9.53878e-12
 1.36996e-11 1.48762e-09 9.52392e-08 3.59487e-06 8.0004e-05 0.00104993 0.00812939 0.0372085 0.101395 0.168777 0.186284 0.163924 0.135508 0.0993953 0.0585468 0.0270659 0.00958745 0.00250468 0.000471152 6.28234e-05 5.80888e-06 3.62713e-07 1.4938e-08 3.98487e-10 6.7917e-12
 1.28662e-11 1.39712e-09 8.94454e-08 3.37621e-06 7.51397e-05 0.000986186 0.00763818 0.0349965 0.0956927 0.160973 0.182616 0.168131 0.143237 0.104835 0.0606636 0.0275213 0.00961806 0.00248715 0.000460882 5.98577e-05 5.33337e-06 3.19145e-07 1.25821e-08 3.21336e-10 5.23756e-12
 1.462e-11 1.58756e-09 1.01638e-07 3.8364e-06 8.53804e-05 0.00112053 0.00867662 0.0397167 0.108197 0.179531 0.195051 0.163948 0.127242 0.0897545 0.0521289 0.0238027 0.00823579 0.00208002 0.000374491 4.71878e-05 4.06944e-06 2.34551e-07 8.85083e-09 2.15084e-10 3.32157e-12
 1.38528e-11 1.50425e-09 9.63044e-08 3.63514e-06 8.09044e-05 0.00106192 0.0082263 0.0377069 0.103168 0.17342 0.194684 0.172368 0.137036 0.092887 0.0496993 0.0208597 0.0068067 0.00166096 0.000291201 3.55756e-05 2.95239e-06 1.62816e-07 5.85705e-09 1.35308e-10 1.98081e-12
 1.4561e-11 1.58116e-09 1.01228e-07 3.82101e-06 8.50416e-05 0.00111623 0.00864689 0.0396278 0.108317 0.181273 0.200375 0.171285 0.130858 0.0868278 0.0458456 0.0185992 0.00565938 0.00125578 0.000199543 2.23767e-05 1.73199e-06 9.00146e-08 3.06257e-09 6.68745e-11 9.23452e-13
 1.46345e-11 1.58914e-09 1.01739e-07 3.84034e-06 8.5474e-05 0.00112199 0.00869342 0.0398647 0.109129 0.183249 0.203609 0.174115 0.130852 0.0840283 0.0426082 0.016586 0.00485127 0.00103049 0.000154493 1.60353e-05 1.13286e-06 5.35357e-08 1.66328e-09 3.34161e-11 4.27517e-13
 1.40366e-11 1.52422e-09 9.75835e-08 3.68352e-06 8.19877e-05 0.00107638 0.00834333 0.0383033 0.10519 0.1781 0.201502 0.176962 0.135634 0.0875862 0.0442512 0.0169835 0.00483546 0.000989823 0.000142032 1.40141e-05 9.32804e-07 4.10846e-08 1.17718e-09 2.16394e-11 2.52301e-13
 1.3911e-11 1.51059e-09 9.67115e-08 3.65066e-06 8.12598e-05 0.00106695 0.00827293 0.0380121 0.104606 0.177911 0.202767 0.179004 0.136533 0.0869983 0.0431553 0.0161457 0.00444095 0.000871001 0.000118895 1.10913e-05 6.94507e-07 2.86589e-08 7.66307e-10 1.30888e-11 1.41126e-13
 1.48546e-11 1.61305e-09 1.03271e-07 3.89828e-06 8.67716e-05 0.0011393 0.00883279 0.0405617 0.111373 0.18793 0.209295 0.176381 0.127733 0.0789319 0.0386729 0.0143298 0.00387857 0.000742279 9.80107e-05 8.76338e-06 5.21343e-07 2.02875e-08 5.08617e-10 8.11019e-12 8.13672e-14
 1.48139e-11 1.60864e-09 1.0299e-07 3.88776e-06 8.65431e-05 0.0011365 0.00881526 0.0405303 0.111618 0.18958 0.213433 0.181006 0.128588 0.0754127 0.0343612 0.0118121 0.0029973 0.000544166 6.85711e-05 5.85172e-06 3.31185e-07 1.22049e-08 2.88385e-10 4.31426e-12 4.04454e-14
 1.43909e-11 1.56271e-09 1.00051e-07 3.77692e-06 8.40827e-05 0.00110443 0.0085712 0.0394626 0.10904 0.186575 0.212936 0.183678 0.131833 0.0772074 0.0346753 0.0115303 0.00277088 0.000469393 5.48981e-05 4.35622e-06 2.30301e-07 7.95833e-09 1.76618e-10 2.48078e-12 2.18003e-14
 1.39175e-11 1.51131e-09 9.67611e-08 3.65289e-06 8.13301e-05 0.00106856 0.00829835 0.0382687 0.106146 0.183121 0.212064 0.186149 0.135079 0.0792964 0.0354979 0.0116781 0.00274521 0.000448721 4.99081e-05 3.71582e-06 1.82496e-07 5.82806e-09 1.19393e-10 1.54997e-12 1.26152e-14
 1.41575e-11 1.53738e-09 9.84317e-08 3.71607e-06 8.27425e-05 0.00108728 0.0084465 0.0389753 0.108197 0.186697 0.215378 0.186538 0.132326 0.075774 0.0330818 0.0105824 0.00240771 0.000379073 4.0384e-05 2.86004e-06 1.32559e-07 3.96324e-09 7.54721e-11 9.05716e-13 6.78908e-15
#spawning biomass
 2207.7 2918.63 5167.31 8000.82 13367.2 20987 33341.9 50853.9 65147 93070.2 112639 140438 151206 157513 162147 155975 127845 132549 136868 146560 149662 159406 162390 157872 167473 152238 132135 129776 123793 144688 79180.7 38190.8 23602.3 19213 17994.5 17673.2 17591.5 17571.3 17566.3 17565.2 17564.9 17564.8 17564.8 17564.8 17564.8 17564.8 17564.8 17564.8 17564.8 17564.8 17564.8 17564.8 17564.8 17564.8 17564.8 17564.8 17564.8 17564.8 17564.8 17564.8 17564.8 17564.8 17564.8 17564.8 17564.8 17564.8 17564.8 17564.8 17564.8 17564.8 17564.8 17564.8 17564.8 17564.8 17564.8 17564.8 17564.8 17564.8 17564.8 17564.8 17564.8 17564.8 17564.8 17564.8 17564.8 17564.8 17564.8 17564.8 17564.8 17564.8 17564.8 17564.8 17564.8 17564.8 17564.8 17564.8 17564.8 17564.8 17564.8 17564.8 17564.8 17564.8 17564.8 17564.8 17564.8 17564.8 17564.8 17564.8 17564.8 17564.8 17564.8 17564.8 17564.8 17564.8 17564.8 17564.8 17564.8 17564.8 17564.8 17564.8 17564.8 17564.8 17564.8 17564.8 17564.8 17564.8 17564.8 17564.8 0 0 0 0 0 0 0 0 0 0 0 0 0 0 0 0 0 0 0 0 0 0 0 0 0
