SBPRF35
0.175648
Curr Bio
93639.6
B35
208813
F35
0.727587
FOFL
0.398976
OFL
20670.2
Bzero
50185.1
#pred survey bio
 8378.39 7276.07 5011.67 5682.81 9157.08 12984 16507.9 22634.5 31877.3 42461.3 59225.8 88609.9 107823 123034 116016 115122 115106 91892.3 101674 108938 104540 107049 113966 125855 132699 142929 155072 121019 128452 5.38682e+06 3.75338e+06 2.27867e+06 1.34425e+06 878741 663082 562953 514180 488789 474735 466604 461772 458860 457094 456018 455352 454955 454717 454575 454489 454438 454407 454389 454378 454371 454367 454365 454363 454362 454362 454361 454361 454361 454361 454361 454361 454361 454361 454361 454361 454361 454361 454361 454361 454361 454361 454361 454361 454361 454361 454361 454361 454361 454361 454361 454361 454361 454361 454361 454361 454361 454361 454361 454361 454361 454361 454361 454361 454361 454361 454361 454361 454361 454361 454361 454361 454361 454361 454361 454361 454361 454361 454361 454361 454361 454361 454361 454361 454361 454361 454361 454361 454361 454361 454361 454361 454361 454361 454361 454361 0 0 0 0 0 0 0 0 0 0 0 0 0 0 0 0 0 0 0 0 0 0 0 0 0
#obs survey bio
 6889.68 5154.82 4981.49 5267.25 10898.9 8593.03 17121 25095.1 35492.3 34929.7 45971.2 67825.2 115204 93884.9 133609 79129 93523.6 85533.9 91192.9 80831 97863.1 89727.4 141915 134656 114784 113067 171521 111841 75397.2
#pred catch bio
 3597.86 4156.85 2780.72 2822.41 4823.8 7958.79 10282.9 13716 20475.6 28291.7 39403.8 65713.1 76787.2 94766.9 90347.8 92809.6 98563.6 76847.7 84303.8 95057.5 89778.5 94542.7 101010 115325 119956 132885 150519 115336 101771 20670.2 70325.9 38546.4 19806.3 11523.1 8306.75 7155.22 6764.87 6637.53 6597.14 6584.58 6580.74 6579.57 6579.23 6579.12 6579.09 6579.08 6579.08 6579.08 6579.08 6579.08 6579.08 6579.08 6579.08 6579.08 6579.08 6579.08 6579.08 6579.08 6579.08 6579.08 6579.08 6579.08 6579.08 6579.08 6579.08 6579.08 6579.08 6579.08 6579.08 6579.08 6579.08 6579.08 6579.08 6579.08 6579.08 6579.08 6579.08 6579.08 6579.08 6579.08 6579.08 6579.08 6579.08 6579.08 6579.08 6579.08 6579.08 6579.08 6579.08 6579.08 6579.08 6579.08 6579.08 6579.08 6579.08 6579.08 6579.08 6579.08 6579.08 6579.08 6579.08 6579.08 6579.08 6579.08 6579.08 6579.08 6579.08 6579.08 6579.08 6579.08 6579.08 6579.08 6579.08 6579.08 6579.08 6579.08 6579.08 6579.08 6579.08 6579.08 6579.08 6579.08 6579.08 6579.08 6579.08 6579.08 6579.08 6579.08 6579.08 0 0 0 0 0 0 0 0 0 0 0 0 0 0 0 0 0 0 0 0 0 0 0 0 0
#obs catch bio
 4843.65 4494.64 2827.48 2708.67 4579.31 7369.65 10182 12210.4 18061.9 26225.1 36254.6 63771.4 67020.9 84671.1 78687.8 87083.6 93541.5 69027.5 79552.4 84212.4 76763.2 78728.1 80786.2 94101.7 105419 110028 123510 98780.8 95854
#pred cpue bio
 6344.87 5755.24 3707.27 3477.34 5385.83 7890.51 9472.92 12572.5 17955.7 23352.7 31186.2 45810.6 54055.5 66036.8 60174 58054.8 55342.1 42839.4 45480.1 49852.9 45321.8 47110.2 47623.6 52136.8 52669.2 57885.2 60064.9 45287.7 48276.1 2.56637e+06 3.62001e+06 2.19509e+06 1.26063e+06 795120 579460 479331 430558 405168 391114 382982 378150 375238 373472 372397 371730 371333 371095 370953 370868 370816 370786 370767 370756 370749 370745 370743 370741 370741 370740 370740 370740 370739 370739 370739 370739 370739 370739 370739 370739 370739 370739 370739 370739 370739 370739 370739 370739 370739 370739 370739 370739 370739 370739 370739 370739 370739 370739 370739 370739 370739 370739 370739 370739 370739 370739 370739 370739 370739 370739 370739 370739 370739 370739 370739 370739 370739 370739 370739 370739 370739 370739 370739 370739 370739 370739 370739 370739 370739 370739 370739 370739 370739 370739 370739 370739 370739 370739 370739 370739 0 0 0 0 0 0 0 0 0 0 0 0 0 0 0 0 0 0 0 0 0 0 0 0 0
#obs cpue bio
 5775.1 5376.94 5025.23 3842.75 6279.27 15111.9 9298.87 20880.8 25936.9 35371.9 54190.7 68261 96084.3 127928 94083.3 99481.4 87581.4 69204.9 62004.6 113582 90628.8 115001 93580.2 107018 98256.8 154588 122968 88020 99380.2
#pred surv len freq
 1.60635e-11 1.7443e-09 1.11672e-07 4.21506e-06 9.37999e-05 0.00123069 0.00952052 0.0434384 0.11707 0.187812 0.186194 0.132839 0.0947169 0.0735274 0.0509869 0.0327031 0.0214366 0.0141883 0.00960949 0.00683534 0.00521293 0.00433119 0.00372543 0.00285921 0.00166375
 1.33868e-11 1.45365e-09 9.30639e-08 3.5127e-06 7.81702e-05 0.00102564 0.00793495 0.03622 0.0978354 0.158724 0.165707 0.140377 0.128237 0.109728 0.0708176 0.0370765 0.0193091 0.0106458 0.00608528 0.00362228 0.00229807 0.0016133 0.00123562 0.000902623 0.000522841
 1.52541e-11 1.65641e-09 1.06045e-07 4.00268e-06 8.90738e-05 0.00116869 0.00904122 0.0412591 0.111301 0.179398 0.181823 0.140249 0.113355 0.0927101 0.0613235 0.0341383 0.0179037 0.00861885 0.00385995 0.0017754 0.000882649 0.000486878 0.000304848 0.000198222 0.000109681
 1.89969e-11 2.06284e-09 1.32065e-07 4.98478e-06 0.000110929 0.00145541 0.0112587 0.0513618 0.138326 0.221116 0.215439 0.143523 0.0883641 0.0597742 0.0357602 0.0178612 0.00858065 0.0040682 0.00179615 0.00072549 0.000276095 0.000109149 4.96447e-05 2.57327e-05 1.27047e-05
 1.93511e-11 2.10129e-09 1.34527e-07 5.07771e-06 0.000112997 0.00148255 0.0114686 0.0523192 0.140903 0.225223 0.219377 0.145926 0.0892441 0.0590181 0.0329495 0.0138312 0.00507709 0.0019117 0.000733176 0.000275171 9.66675e-05 3.11168e-05 9.8206e-06 3.45478e-06 1.32932e-06
 1.87631e-11 2.03745e-09 1.30439e-07 4.92343e-06 0.000109564 0.00143751 0.0111203 0.0507331 0.13667 0.21877 0.214575 0.146735 0.0952263 0.0657061 0.0367721 0.0149045 0.0049841 0.00158703 0.000475702 0.00013562 3.87255e-05 1.08214e-05 2.81501e-06 6.93785e-07 1.77044e-07
 1.9614e-11 2.12985e-09 1.36355e-07 5.14671e-06 0.000114532 0.00150269 0.0116244 0.0530294 0.142807 0.228193 0.221924 0.146668 0.0882907 0.0573161 0.0311259 0.0121394 0.00377359 0.00109702 0.000296752 7.18021e-05 1.59343e-05 3.33063e-06 6.69973e-07 1.28523e-07 2.31394e-08
 2.00335e-11 2.1754e-09 1.39271e-07 5.25679e-06 0.000116982 0.00153483 0.0118729 0.0541616 0.145834 0.232851 0.225608 0.146802 0.0851249 0.0533436 0.0282609 0.0105298 0.00296424 0.000756605 0.000183368 3.99751e-05 7.81369e-06 1.36173e-06 2.10373e-07 2.94329e-08 3.81181e-09
 1.98337e-11 2.1537e-09 1.37882e-07 5.20434e-06 0.000115815 0.00151952 0.0117545 0.0536224 0.144394 0.230651 0.223945 0.146992 0.0870219 0.0555011 0.0295351 0.0109552 0.00303242 0.000745436 0.000168852 3.30477e-05 5.65442e-06 8.61665e-07 1.1451e-07 1.30272e-08 1.26465e-09
 2.01503e-11 2.18808e-09 1.40083e-07 5.28743e-06 0.000117664 0.00154378 0.0119421 0.0544768 0.146677 0.234152 0.22665 0.146888 0.0843176 0.0522896 0.0274494 0.0100201 0.00267863 0.000626069 0.000135994 2.56193e-05 4.13278e-06 5.7313e-07 6.70243e-08 6.56348e-09 5.34529e-10
 2.06898e-11 2.24666e-09 1.43833e-07 5.42898e-06 0.000120814 0.0015851 0.0122617 0.0559324 0.150566 0.240111 0.231243 0.146662 0.0796373 0.0467699 0.0239166 0.00849411 0.00213474 0.000451478 8.96846e-05 1.58394e-05 2.41399e-06 3.17502e-07 3.49709e-08 3.14314e-09 2.27074e-10
 2.09006e-11 2.26956e-09 1.45299e-07 5.48432e-06 0.000122045 0.00160126 0.0123867 0.0565015 0.152086 0.242443 0.233045 0.146592 0.0778354 0.0446307 0.0225283 0.00787233 0.00189935 0.00037148 6.74107e-05 1.08762e-05 1.49906e-06 1.79428e-07 1.83338e-08 1.54605e-09 1.04646e-10
 2.12351e-11 2.30587e-09 1.47624e-07 5.57207e-06 0.000123998 0.00162688 0.0125848 0.057404 0.154497 0.246141 0.235908 0.146497 0.0750019 0.0412516 0.0203138 0.00685853 0.00150665 0.000240131 3.38834e-05 4.57328e-06 5.56679e-07 5.95177e-08 5.45327e-09 4.14522e-10 2.56129e-11
 2.0423e-11 2.2177e-09 1.41979e-07 5.35899e-06 0.000119256 0.00156467 0.0121037 0.055213 0.148646 0.237193 0.229109 0.14715 0.0825231 0.0498726 0.0254908 0.00870826 0.00193507 0.000314446 4.45084e-05 5.6014e-06 5.74759e-07 4.87882e-08 3.63979e-09 2.3726e-10 1.29328e-11
 2.08426e-11 2.26326e-09 1.44896e-07 5.4691e-06 0.000121707 0.00159682 0.0123523 0.0563452 0.15167 0.241819 0.232631 0.146836 0.0786722 0.0454408 0.0228045 0.00771839 0.00168448 0.000262413 3.50545e-05 4.26014e-06 4.32848e-07 3.58722e-08 2.44799e-09 1.34475e-10 5.91331e-12
 2.11646e-11 2.29822e-09 1.47134e-07 5.55359e-06 0.000123587 0.00162148 0.0125431 0.0572139 0.15399 0.245368 0.235336 0.146603 0.0757291 0.0420481 0.0207398 0.00694783 0.00148259 0.000217896 2.64053e-05 2.93511e-06 2.79452e-07 2.18813e-08 1.42986e-09 7.61559e-11 3.18543e-12
 2.16731e-11 2.35344e-09 1.5067e-07 5.68702e-06 0.000126556 0.00166044 0.0128443 0.0585859 0.157654 0.250972 0.239599 0.146207 0.07104 0.0366634 0.0174922 0.00577031 0.00119728 0.000162884 1.69402e-05 1.5941e-06 1.34328e-07 9.4594e-09 5.58939e-10 2.74492e-11 1.07962e-12
 2.19766e-11 2.3864e-09 1.52779e-07 5.76665e-06 0.000128328 0.00168369 0.0130241 0.0594048 0.15984 0.254317 0.242145 0.145977 0.0682501 0.0334552 0.015551 0.00505911 0.00101998 0.00012699 1.05491e-05 6.98207e-07 4.31482e-08 2.42952e-09 1.1838e-10 4.94634e-12 1.71277e-13
 2.23608e-11 2.42811e-09 1.5545e-07 5.86746e-06 0.000130571 0.00171312 0.0132517 0.0604413 0.162608 0.258548 0.245352 0.14564 0.0646487 0.0293493 0.0131165 0.00422635 0.000852435 0.000106977 9.08271e-06 6.18978e-07 3.75127e-08 1.84876e-09 6.90955e-11 2.07098e-12 5.33924e-14
 2.21526e-11 2.40551e-09 1.54003e-07 5.81284e-06 0.000129356 0.00169717 0.0131284 0.0598797 0.161109 0.256255 0.243615 0.145823 0.0666014 0.0315749 0.0144352 0.00467632 0.000942153 0.000117335 9.74322e-06 6.37562e-07 3.73322e-08 1.82728e-09 6.89306e-11 2.03818e-12 4.77439e-14
 2.26314e-11 2.4575e-09 1.57332e-07 5.93848e-06 0.000132152 0.00173385 0.013412 0.0611716 0.164558 0.261529 0.247614 0.145411 0.0621256 0.0264656 0.0113968 0.00362604 0.00072298 8.78387e-05 6.77953e-06 3.78196e-07 1.82832e-08 7.90718e-10 2.78679e-11 7.85262e-13 1.78608e-14
 2.25033e-11 2.44359e-09 1.56441e-07 5.90485e-06 0.000131403 0.00172403 0.0133361 0.0608258 0.163635 0.260118 0.246544 0.145524 0.0633273 0.0278355 0.0122089 0.00390363 0.000778666 9.44092e-05 7.23224e-06 3.95233e-07 1.83683e-08 7.47722e-10 2.38139e-11 5.75551e-13 1.11378e-14
 2.29313e-11 2.49007e-09 1.59416e-07 6.01717e-06 0.000133903 0.00175682 0.0135897 0.0619807 0.166719 0.264832 0.250118 0.14515 0.0593187 0.0232633 0.00949511 0.00297186 0.00058874 7.07069e-05 5.2656e-06 2.67317e-07 1.10356e-08 4.07717e-10 1.23196e-11 2.85591e-13 5.21604e-15
 2.29993e-11 2.49745e-09 1.59889e-07 6.035e-06 0.0001343 0.00176203 0.0136299 0.062164 0.167208 0.26558 0.250686 0.145092 0.0586836 0.0225383 0.00906399 0.00282285 0.000557656 6.65288e-05 4.84743e-06 2.31073e-07 8.43171e-09 2.72921e-10 7.48273e-12 1.57936e-13 2.59334e-15
 2.33194e-11 2.53221e-09 1.62114e-07 6.119e-06 0.000136169 0.00178655 0.0138196 0.0630277 0.169514 0.269106 0.253358 0.144812 0.0556843 0.0191179 0.00703485 0.00212736 0.000416762 4.93116e-05 3.50648e-06 1.5494e-07 4.7147e-09 1.18288e-10 2.66487e-12 4.9209e-14 7.07581e-16
 2.31715e-11 2.51615e-09 1.61086e-07 6.08019e-06 0.000135305 0.00177522 0.013732 0.0626286 0.168449 0.267476 0.252123 0.144942 0.057071 0.020699 0.0079722 0.00244793 0.00048119 5.69677e-05 4.04984e-06 1.78693e-07 5.40981e-09 1.3368e-10 2.90154e-12 4.93476e-14 6.07043e-16
 2.34917e-11 2.55091e-09 1.63312e-07 6.1642e-06 0.000137175 0.00179975 0.0139216 0.0634925 0.170755 0.271003 0.254796 0.144661 0.0540698 0.0172771 0.0059432 0.00175368 0.000341404 4.02486e-05 2.83614e-06 1.21629e-07 3.39598e-09 7.19557e-11 1.34307e-12 2.11098e-14 2.5079e-16
 2.37229e-11 2.57602e-09 1.64919e-07 6.22488e-06 0.000138525 0.00181746 0.0140586 0.0641164 0.172421 0.273549 0.256726 0.144458 0.0519023 0.0148059 0.00447791 0.00125236 0.000240503 2.81962e-05 1.96519e-06 8.12466e-08 2.01436e-09 3.1173e-11 3.36929e-13 3.07707e-15 2.59402e-17
 2.36948e-11 2.57297e-09 1.64724e-07 6.2175e-06 0.000138361 0.00181531 0.014042 0.0640405 0.172218 0.273239 0.256491 0.144482 0.052166 0.0151064 0.00465612 0.00131331 0.000252752 2.96521e-05 2.06859e-06 8.57801e-08 2.14899e-09 3.43592e-11 4.00964e-13 4.00484e-15 3.34557e-17
#obs surv len freq
 3.73682e-11 3.61024e-09 2.05641e-07 6.9059e-06 0.000136733 0.00159615 0.010987 0.0446239 0.107316 0.155692 0.149075 0.125799 0.121868 0.108653 0.075659 0.0458924 0.0269386 0.0147055 0.00704403 0.00283303 0.00090916 0.000220749 3.8623e-05 4.67569e-06 3.79049e-07
 2.90082e-11 2.70314e-09 1.4851e-07 4.81041e-06 9.18657e-05 0.00103443 0.00687068 0.0269754 0.0633191 0.0940749 0.110012 0.141264 0.17785 0.163581 0.106357 0.0568487 0.0288199 0.0138106 0.00598675 0.0022409 0.000676084 0.00015377 2.49982e-05 2.78638e-06 2.06206e-07
 9.90112e-11 8.88369e-09 4.69938e-07 1.46564e-05 0.000269496 0.00292161 0.0186751 0.0704077 0.156845 0.208442 0.173576 0.110776 0.0792662 0.0647205 0.049048 0.0331674 0.0187988 0.00851068 0.00319193 0.00102767 0.000274816 5.68619e-05 8.50738e-06 8.73987e-07 5.94371e-08
 1.25294e-10 1.08066e-08 5.49525e-07 1.64749e-05 0.000291207 0.00303481 0.01865 0.0676359 0.145359 0.189221 0.165275 0.131025 0.116278 0.0877116 0.0458977 0.0180205 0.00696668 0.00298066 0.00116909 0.000363275 8.62495e-05 1.54795e-05 2.03712e-06 1.87673e-07 1.15872e-08
 1.99219e-10 1.64919e-08 8.04909e-07 2.31613e-05 0.000392934 0.00393032 0.0231814 0.0806749 0.166245 0.206621 0.169135 0.120841 0.0975817 0.0708591 0.0376018 0.0153309 0.0053712 0.00163615 0.000437234 0.000107953 2.32562e-05 3.85317e-06 4.54247e-07 3.68043e-08 2.00133e-09
 2.52132e-10 2.00039e-08 9.35709e-07 2.58051e-05 0.000419578 0.00402236 0.0227408 0.0759097 0.15055 0.18321 0.157475 0.133476 0.121913 0.0874449 0.0422981 0.0147092 0.00432203 0.00115647 0.000265806 5.02416e-05 7.8186e-06 9.96055e-07 9.88665e-08 7.08153e-09 3.43648e-10
 4.11717e-10 3.12636e-08 1.39965e-06 3.69434e-05 0.000574906 0.00527491 0.0285412 0.0911617 0.172811 0.199898 0.159764 0.121779 0.10193 0.0695613 0.03287 0.0114445 0.00333381 0.000825479 0.000163176 2.54406e-05 3.16885e-06 3.1009e-07 2.30886e-08 1.27063e-09 4.99579e-11
 6.09082e-10 4.4209e-08 1.89184e-06 4.77307e-05 0.000709992 0.00622688 0.0322067 0.0983561 0.178476 0.198744 0.156215 0.120662 0.100266 0.0657472 0.0293939 0.00958025 0.00261384 0.000616542 0.000117116 1.71393e-05 1.90018e-06 1.56328e-07 9.36297e-09 4.02265e-10 1.21842e-11
 8.63184e-10 5.98148e-08 2.44373e-06 5.88621e-05 0.000835918 0.0069994 0.034567 0.10085 0.175312 0.189531 0.151617 0.125562 0.106619 0.0676929 0.0287462 0.00879632 0.00222726 0.000484644 8.48298e-05 1.14686e-05 1.17952e-06 8.95549e-08 4.83968e-09 1.81113e-10 4.6063e-12
 1.34692e-09 8.90074e-08 3.46775e-06 7.96544e-05 0.00107874 0.00861379 0.0405683 0.112888 0.187287 0.193786 0.14963 0.120177 0.0975555 0.0581896 0.0225997 0.00601139 0.00126151 0.000230358 3.52019e-05 4.23338e-06 3.89855e-07 2.66916e-08 1.3094e-09 4.45843e-11 1.02701e-12
 1.94484e-09 1.2243e-07 4.54387e-06 9.94273e-05 0.00128272 0.00975761 0.0437855 0.116172 0.184451 0.185801 0.147124 0.125208 0.101588 0.0578281 0.0208902 0.00497398 0.000883556 0.000132248 1.65656e-05 1.62841e-06 1.23079e-07 7.08287e-09 3.00344e-10 9.013e-12 1.85128e-13
 2.98453e-09 1.78799e-07 6.31528e-06 0.000131511 0.00161465 0.0116892 0.0499228 0.126114 0.191006 0.185042 0.144029 0.121358 0.0950886 0.0515465 0.0176823 0.0039955 0.000669656 9.2663e-05 1.03549e-05 8.6775e-07 5.35394e-08 2.46168e-09 8.37195e-11 2.04883e-12 3.50622e-14
 4.49851e-09 2.56239e-07 8.6052e-06 0.00017038 0.00198895 0.0136909 0.055604 0.133665 0.193276 0.181324 0.141599 0.120519 0.0917308 0.0472933 0.0153138 0.00324122 0.000503171 6.40938e-05 6.61057e-06 5.10293e-07 2.8557e-08 1.15882e-09 3.36994e-11 6.8555e-13 9.57088e-15
 5.67333e-09 3.06995e-07 9.79409e-06 0.000184221 0.00204304 0.013362 0.0515963 0.118326 0.165965 0.161548 0.148892 0.14619 0.113068 0.0564989 0.0178107 0.00379557 0.000618746 8.24103e-05 8.43626e-06 6.17387e-07 3.19377e-08 1.18367e-09 3.1242e-11 5.72359e-13 7.1016e-15
 9.34601e-09 4.80064e-07 1.45382e-05 0.000259577 0.00273264 0.016965 0.0621841 0.135358 0.180111 0.16587 0.143767 0.132671 0.0968836 0.0459273 0.0138525 0.0028714 0.000463605 6.1387e-05 6.23307e-06 4.55036e-07 2.35832e-08 8.65096e-10 2.20056e-11 3.78122e-13 4.31549e-15
 1.40245e-08 6.83339e-07 1.96302e-05 0.000332474 0.00332015 0.0195544 0.0680197 0.140752 0.179484 0.163021 0.144617 0.132912 0.0927953 0.0412732 0.0114584 0.00211169 0.000292462 3.35421e-05 3.09061e-06 2.1274e-07 1.0615e-08 3.78484e-10 9.39284e-12 1.57536e-13 1.74863e-15
 2.00173e-08 9.24627e-07 2.51807e-05 0.000404311 0.00382774 0.0213755 0.0705489 0.138986 0.171387 0.158395 0.15007 0.139781 0.093751 0.0393223 0.0101786 0.00171401 0.00021016 2.08818e-05 1.66326e-06 9.8576e-08 4.21698e-09 1.30616e-10 2.9e-12 4.48124e-14 4.67494e-16
 3.16403e-08 1.38481e-06 3.57339e-05 0.000543647 0.00487682 0.0258061 0.0807231 0.150868 0.177205 0.157779 0.14496 0.129417 0.0829728 0.0338597 0.00896749 0.00169793 0.00025391 2.95989e-05 2.45874e-06 1.38422e-07 5.32491e-09 1.43811e-10 2.74672e-12 3.6441e-14 3.28079e-16
 4.67337e-08 1.93724e-06 4.73455e-05 0.000682218 0.00579646 0.0290556 0.0861573 0.15316 0.173635 0.155401 0.146542 0.128718 0.0792438 0.0312979 0.0083012 0.00165601 0.0002675 3.33749e-05 2.98189e-06 1.85641e-07 8.01987e-09 2.36597e-10 4.63885e-12 5.9194e-14 4.87946e-16
 7.24164e-08 2.84218e-06 6.5767e-05 0.000897256 0.00721818 0.0342617 0.0962462 0.162434 0.17637 0.154439 0.143149 0.120563 0.0702012 0.0261483 0.00654694 0.00123899 0.000192134 2.34805e-05 2.10959e-06 1.35423e-07 6.12238e-09 1.90004e-10 3.93239e-12 5.31439e-14 4.62627e-16
 1.12156e-07 4.16672e-06 9.1266e-05 0.00117863 0.0089755 0.0403325 0.107315 0.17194 0.178854 0.153118 0.138878 0.111593 0.0610018 0.0210444 0.00476413 0.00079037 0.000106782 1.16622e-05 9.61471e-07 5.77411e-08 2.4882e-09 7.5041e-11 1.53546e-12 2.07822e-14 1.82643e-16
 1.53305e-07 5.39042e-06 0.000111746 0.00136585 0.00984518 0.0418935 0.105776 0.162396 0.168186 0.15472 0.149911 0.118867 0.0618106 0.020094 0.0042689 0.000659423 8.17433e-05 8.04064e-06 5.8571e-07 3.06709e-08 1.15536e-09 3.09919e-11 5.76237e-13 7.2201e-15 5.96381e-17
 2.47443e-07 8.23384e-06 0.000161537 0.00186855 0.0127465 0.051331 0.122652 0.178155 0.174241 0.15055 0.136656 0.101933 0.0501924 0.0156512 0.00327092 0.000511417 6.39861e-05 6.12423e-06 4.18687e-07 2.00524e-08 6.7738e-10 1.60625e-11 2.61831e-13 2.87082e-15 2.08486e-17
 3.53602e-07 1.11354e-05 0.000206746 0.0022633 0.0146128 0.0557198 0.12631 0.175592 0.169587 0.151728 0.139601 0.100449 0.0468687 0.0138315 0.00275083 0.000412605 4.97928e-05 4.61817e-06 3.08262e-07 1.44745e-08 4.75255e-10 1.07281e-11 1.62549e-13 1.62343e-15 1.05794e-17
 4.95395e-07 1.47647e-05 0.000259444 0.0026881 0.0164282 0.0593303 0.127743 0.170759 0.165097 0.154824 0.143956 0.0996764 0.0441097 0.012369 0.00235927 0.000342135 3.97297e-05 3.50527e-06 2.21237e-07 9.82829e-09 3.06539e-10 6.60291e-12 9.57299e-14 9.14049e-16 5.66295e-18
 6.4607e-07 1.82253e-05 0.000303126 0.00297286 0.0172019 0.0588889 0.12085 0.157596 0.158883 0.163015 0.155295 0.104475 0.0448568 0.012621 0.00255943 0.000407769 5.0188e-05 4.43576e-06 2.71494e-07 1.15371e-08 3.41393e-10 6.92861e-12 9.42138e-14 8.42427e-16 4.89157e-18
 1.07706e-06 2.87612e-05 0.00045282 0.00420382 0.0230244 0.0745859 0.144619 0.176976 0.164056 0.152314 0.133281 0.0832824 0.0330352 0.00840814 0.00149667 0.000208556 2.35073e-05 2.01857e-06 1.24911e-07 5.42566e-09 1.61696e-10 3.2224e-12 4.20972e-14 3.56492e-16 1.94354e-18
 1.30798e-06 3.30674e-05 0.000492901 0.00433273 0.0224803 0.0691435 0.128617 0.157341 0.160664 0.169145 0.151804 0.0914423 0.0344834 0.00837412 0.00143301 0.000190911 2.00328e-05 1.5552e-06 8.5793e-08 3.35191e-09 9.23707e-11 1.75558e-12 2.23393e-14 1.85662e-16 9.89807e-19
 1.58525e-06 3.79477e-05 0.000535608 0.00445879 0.0219246 0.0641171 0.115044 0.142908 0.161414 0.184112 0.164353 0.0954953 0.0351138 0.008651 0.00157993 0.000226534 2.44213e-05 1.85514e-06 9.72071e-08 3.53249e-09 8.88834e-11 1.52241e-12 1.73931e-14 1.30562e-16 6.36846e-19
#pred catch len freq
 1.15334e-11 1.25239e-09 8.01789e-08 3.02636e-06 6.73474e-05 0.000883638 0.00683649 0.0312088 0.0843389 0.137147 0.144686 0.126544 0.12095 0.108985 0.0785588 0.0508392 0.0334126 0.0221308 0.0149905 0.010663 0.00813202 0.00675652 0.00581156 0.00446027 0.0025954
 9.51486e-12 1.0332e-09 6.61464e-08 2.4967e-06 5.5561e-05 0.000729013 0.005641 0.02577 0.069897 0.115724 0.131676 0.139028 0.157113 0.145498 0.0956579 0.0503139 0.0262538 0.0144854 0.00828124 0.00492944 0.00312735 0.00219547 0.00168149 0.00122834 0.00071151
 1.14669e-11 1.24517e-09 7.9717e-08 3.00892e-06 6.69595e-05 0.000878556 0.00679747 0.0310376 0.0839713 0.137314 0.148419 0.138623 0.141231 0.127826 0.0866749 0.048525 0.0254949 0.0122807 0.00550062 0.00253003 0.0012578 0.000693812 0.000434415 0.00028247 0.000156297
 1.59522e-11 1.73222e-09 1.10898e-07 4.18586e-06 9.31503e-05 0.00122217 0.0094549 0.0431451 0.116365 0.187361 0.188953 0.143231 0.112332 0.0890825 0.055832 0.0281729 0.0135704 0.00643924 0.00284349 0.00114853 0.000437085 0.000172793 7.8592e-05 4.07371e-05 2.01126e-05
 1.66867e-11 1.81197e-09 1.16004e-07 4.37857e-06 9.74389e-05 0.00127843 0.00989012 0.0451297 0.121697 0.195783 0.196669 0.14697 0.112232 0.0861217 0.0502527 0.0213011 0.00783935 0.00295479 0.00113356 0.000425451 0.000149459 4.811e-05 1.51837e-05 5.34146e-06 2.05528e-06
 1.64394e-11 1.78512e-09 1.14285e-07 4.31369e-06 9.5995e-05 0.00125949 0.00974366 0.044463 0.119922 0.193113 0.19486 0.147895 0.115666 0.0896478 0.0518632 0.0211703 0.00709049 0.00225885 0.000677169 0.000193056 5.51245e-05 1.54037e-05 4.007e-06 9.87562e-07 2.52011e-07
 1.76843e-11 1.9203e-09 1.22939e-07 4.64034e-06 0.000103264 0.00135486 0.0104812 0.0478224 0.128899 0.206897 0.205606 0.147782 0.105497 0.0773579 0.0436081 0.0171447 0.00533806 0.0015524 0.000419972 0.000101614 2.25494e-05 4.71325e-06 9.48088e-07 1.81874e-07 3.27448e-08
 1.81731e-11 1.97339e-09 1.26338e-07 4.76862e-06 0.000106119 0.00139231 0.0107708 0.0491419 0.132428 0.212334 0.209937 0.148042 0.101965 0.0728338 0.0402276 0.0151258 0.0042661 0.00108946 0.00026408 5.75714e-05 1.12528e-05 1.96103e-06 3.02956e-07 4.23858e-08 5.48933e-09
 1.8114e-11 1.96696e-09 1.25927e-07 4.75311e-06 0.000105774 0.00138778 0.0107358 0.0489824 0.132003 0.211688 0.209468 0.148161 0.102623 0.0735423 0.0405918 0.0151758 0.00420698 0.00103442 0.000234314 4.58584e-05 7.84595e-06 1.19559e-06 1.58885e-07 1.80754e-08 1.75471e-09
 1.86899e-11 2.0295e-09 1.29931e-07 4.90423e-06 0.000109137 0.0014319 0.011077 0.0505365 0.136154 0.21805 0.214371 0.14792 0.097627 0.06765 0.0368208 0.0135473 0.00362655 0.000847663 0.000184105 3.46798e-05 5.59405e-06 7.75749e-07 9.0718e-08 8.88367e-09 7.23484e-10
 1.94187e-11 2.10864e-09 1.34997e-07 5.09546e-06 0.000113392 0.00148773 0.0115087 0.052503 0.141407 0.226102 0.220576 0.147616 0.0913053 0.060194 0.0320481 0.0114851 0.0028911 0.000611472 0.000121445 2.14463e-05 3.26827e-06 4.29845e-07 4.73439e-08 4.25517e-09 3.07411e-10
 2.00638e-11 2.17869e-09 1.39482e-07 5.26473e-06 0.000117159 0.00153715 0.0118909 0.0542436 0.146056 0.23322 0.22603 0.147242 0.0855518 0.0534916 0.027872 0.00980956 0.0023693 0.000463208 8.40065e-05 1.35496e-05 1.86728e-06 2.23488e-07 2.28352e-08 1.92563e-09 1.30337e-10
 2.03648e-11 2.21138e-09 1.41574e-07 5.34372e-06 0.000118917 0.00156021 0.0120692 0.055056 0.148227 0.236554 0.22863 0.14722 0.0830967 0.0505117 0.0258485 0.00880537 0.0019375 0.00030878 4.35467e-05 5.8751e-06 7.1501e-07 7.64397e-08 7.0035e-09 5.32352e-10 3.28934e-11
 1.96071e-11 2.12909e-09 1.36307e-07 5.14489e-06 0.000114492 0.00150216 0.0116203 0.0530115 0.142768 0.228205 0.222283 0.147823 0.0901067 0.0585512 0.0306826 0.0105401 0.00234418 0.000380782 5.38573e-05 6.7744e-06 6.94964e-07 5.89856e-08 4.40031e-09 2.86827e-10 1.56346e-11
 2.01584e-11 2.18896e-09 1.40139e-07 5.28956e-06 0.000117711 0.0015444 0.011947 0.0544991 0.146741 0.234282 0.22691 0.147407 0.0850411 0.0527246 0.027155 0.00924512 0.00201963 0.000314517 4.19805e-05 5.09866e-06 5.17903e-07 4.29162e-08 2.92853e-09 1.60868e-10 7.07383e-12
 2.06553e-11 2.24291e-09 1.43593e-07 5.41993e-06 0.000120612 0.00158246 0.0122413 0.0558396 0.15032 0.239758 0.231079 0.147034 0.0804791 0.047476 0.0239756 0.00807586 0.00172488 0.000253423 3.06829e-05 3.40784e-06 3.24337e-07 2.5392e-08 1.65915e-09 8.83659e-11 3.6961e-12
 2.14035e-11 2.32417e-09 1.48795e-07 5.61628e-06 0.000124982 0.00163978 0.0126846 0.0578586 0.155712 0.248003 0.237347 0.146439 0.0735594 0.0395396 0.0192029 0.00636203 0.00132105 0.000179673 1.86692e-05 1.75488e-06 1.47784e-07 1.04045e-08 6.14721e-10 3.01874e-11 1.18729e-12
 2.1689e-11 2.35517e-09 1.5078e-07 5.69118e-06 0.000126649 0.00166165 0.0128537 0.0586288 0.157769 0.25115 0.239744 0.146228 0.0709435 0.0365273 0.0173743 0.00568502 0.00114748 0.000142873 1.18631e-05 7.84397e-07 4.84259e-08 2.72528e-09 1.32765e-10 5.54703e-12 1.92071e-13
 2.21084e-11 2.40071e-09 1.53696e-07 5.80125e-06 0.000129098 0.00169379 0.0131022 0.0597605 0.16079 0.255769 0.243245 0.145859 0.0670115 0.0320444 0.0147164 0.00477597 0.00096468 0.000121076 1.02746e-05 6.99515e-07 4.23548e-08 2.08647e-09 7.79657e-11 2.33664e-12 6.02382e-14
 2.19728e-11 2.38599e-09 1.52753e-07 5.76566e-06 0.000128306 0.0016834 0.0130219 0.0593946 0.159813 0.254275 0.242114 0.14598 0.0682851 0.0334953 0.0155749 0.00506758 0.00102185 0.000127259 1.05619e-05 6.90407e-07 4.0384e-08 1.97558e-09 7.45094e-11 2.20293e-12 5.16007e-14
 2.24703e-11 2.44001e-09 1.56211e-07 5.8962e-06 0.000131211 0.00172151 0.0133166 0.0607368 0.163397 0.259754 0.246269 0.145552 0.0636355 0.0281873 0.0124181 0.00397599 0.00079379 9.64572e-05 7.44262e-06 4.14851e-07 2.00323e-08 8.65685e-10 3.05001e-11 8.59323e-13 1.95441e-14
 2.23742e-11 2.42957e-09 1.55543e-07 5.87098e-06 0.00013065 0.00171414 0.0132596 0.0604775 0.162705 0.258696 0.245467 0.145637 0.0645369 0.0292149 0.013027 0.0041839 0.000835337 0.000101289 7.75702e-06 4.23571e-07 1.96622e-08 7.99717e-10 2.54608e-11 6.15268e-13 1.19055e-14
 2.2839e-11 2.48004e-09 1.58775e-07 5.99295e-06 0.000133364 0.00174975 0.013535 0.0617316 0.166053 0.263815 0.249347 0.145231 0.060184 0.0242499 0.0100802 0.00317216 0.000629145 7.55717e-05 5.62681e-06 2.8547e-07 1.17715e-08 4.34467e-10 1.31216e-11 3.04127e-13 5.55412e-15
 2.29489e-11 2.49197e-09 1.59538e-07 6.02177e-06 0.000134005 0.00175817 0.0136001 0.062028 0.166845 0.265025 0.250265 0.145136 0.0591562 0.0230772 0.00938349 0.00293217 0.000579667 6.91615e-05 5.03853e-06 2.40061e-07 8.75031e-09 2.82897e-10 7.75108e-12 1.63558e-13 2.68537e-15
 2.3271e-11 2.52695e-09 1.61778e-07 6.1063e-06 0.000135886 0.00178284 0.0137909 0.0628971 0.169165 0.268572 0.252954 0.144854 0.0561382 0.0196354 0.00734168 0.0022323 0.000437853 5.18188e-05 3.68465e-06 1.62772e-07 4.94947e-09 1.24029e-10 2.7914e-12 5.15216e-14 7.40704e-16
 2.31416e-11 2.51291e-09 1.60879e-07 6.07236e-06 0.000135131 0.00177294 0.0137143 0.0625481 0.168234 0.267148 0.251874 0.144968 0.0573507 0.0210178 0.00816125 0.00251258 0.000494183 5.85114e-05 4.15934e-06 1.83476e-07 5.55059e-09 1.3699e-10 2.97032e-12 5.04933e-14 6.21028e-16
 2.34979e-11 2.55159e-09 1.63355e-07 6.16583e-06 0.000137211 0.00180022 0.0139253 0.0635092 0.1708 0.271071 0.254847 0.144655 0.0540117 0.0172109 0.00590395 0.00174025 0.000338706 3.99279e-05 2.81337e-06 1.20631e-07 3.36635e-09 7.12476e-11 1.32815e-12 2.086e-14 2.47752e-16
 2.37193e-11 2.57563e-09 1.64895e-07 6.22394e-06 0.000138504 0.00181719 0.0140565 0.0641067 0.172395 0.27351 0.256696 0.144461 0.0519359 0.0148441 0.00450061 0.00126012 0.00024206 2.83803e-05 1.97803e-06 8.17755e-08 2.02728e-09 3.13633e-11 3.38709e-13 3.08925e-15 2.60157e-17
 2.35978e-11 2.56244e-09 1.6405e-07 6.19206e-06 0.000137795 0.00180788 0.0139845 0.0637789 0.17152 0.272172 0.255682 0.144568 0.0530749 0.0161426 0.00527039 0.00152331 0.000294908 3.46395e-05 2.41708e-06 1.00233e-07 2.51083e-09 4.01317e-11 4.67979e-13 4.66963e-15 3.89847e-17
#obs catch len freq
 3.43495e-11 3.3186e-09 1.89028e-07 6.34802e-06 0.000125687 0.00146721 0.0100996 0.0410231 0.0986999 0.143521 0.138897 0.120861 0.121583 0.112926 0.084551 0.0563752 0.0351319 0.0195999 0.00954698 0.00391795 0.00128224 0.000318561 5.7503e-05 7.22506e-06 6.07831e-07
 5.02592e-11 4.68343e-09 2.57306e-07 8.33442e-06 0.000159163 0.0017921 0.0118986 0.0466219 0.108264 0.152368 0.144382 0.125713 0.125032 0.110433 0.0758633 0.0458175 0.0267489 0.0144189 0.00677679 0.00265386 0.000821988 0.000190928 3.16993e-05 3.61631e-06 2.74682e-07
 3.92228e-11 3.51923e-09 1.86164e-07 5.80607e-06 0.000106762 0.00115754 0.00740373 0.0280071 0.0635197 0.092387 0.10978 0.145409 0.181668 0.162782 0.103646 0.0549387 0.0276916 0.0131224 0.00559158 0.00203883 0.000593064 0.000128845 1.98491e-05 2.08284e-06 1.44345e-07
 1.39224e-10 1.20081e-08 6.10619e-07 1.83065e-05 0.000323581 0.00337213 0.0207207 0.0751026 0.160912 0.206146 0.167298 0.107758 0.0798499 0.0656374 0.0493637 0.0329335 0.0182713 0.00808975 0.00297269 0.000933694 0.000241172 4.76894e-05 6.75842e-06 6.53182e-07 4.15741e-08
 1.78573e-10 1.47827e-08 7.21493e-07 2.0761e-05 0.000352214 0.00352307 0.0207809 0.0723503 0.149414 0.187783 0.161454 0.130472 0.116671 0.0858545 0.043603 0.0168875 0.00656523 0.00279232 0.00106765 0.000320638 7.32354e-05 1.25651e-05 1.56818e-06 1.35993e-07 7.85852e-09
 2.90078e-10 2.30145e-08 1.07653e-06 2.96888e-05 0.000482723 0.0046276 0.0261594 0.0872657 0.172487 0.206311 0.164827 0.118376 0.0957835 0.0678709 0.0350142 0.0140018 0.00482602 0.00144237 0.000379152 9.17331e-05 1.90785e-05 3.01403e-06 3.36305e-07 2.56457e-08 1.30593e-09
 3.73732e-10 2.83793e-08 1.27052e-06 3.3535e-05 0.000521868 0.00478835 0.025911 0.082801 0.157369 0.184421 0.155374 0.131868 0.118522 0.0820569 0.0383088 0.0130005 0.00376499 0.000989142 0.000221567 4.06743e-05 6.12731e-06 7.50188e-07 7.08207e-08 4.78037e-09 2.17251e-10
 6.14327e-10 4.45898e-08 1.90813e-06 4.81417e-05 0.000716106 0.00628049 0.0324836 0.0991952 0.179937 0.200025 0.156139 0.118971 0.0981747 0.0647261 0.0295463 0.0100394 0.00286808 0.000691962 0.000132611 2.00207e-05 2.40631e-06 2.25805e-07 1.60185e-08 8.34323e-10 3.08373e-11
 9.19725e-10 6.37328e-08 2.60379e-06 6.27176e-05 0.000890669 0.00745773 0.0368274 0.107397 0.186268 0.199121 0.152615 0.117116 0.0952207 0.0600916 0.0258918 0.00822275 0.00220068 0.000506033 9.30233e-05 1.31221e-05 1.3964e-06 1.09754e-07 6.25189e-09 2.54263e-10 7.25357e-12
 1.32746e-09 8.77213e-08 3.41764e-06 7.85034e-05 0.00106315 0.00848934 0.0399827 0.111266 0.184658 0.19138 0.148682 0.120763 0.0991367 0.0602872 0.0246131 0.00732246 0.0018154 0.000384624 6.50987e-05 8.48e-06 8.36528e-07 6.0566e-08 3.10502e-09 1.09761e-10 2.627e-12
 2.08856e-09 1.31476e-07 4.87963e-06 0.000106774 0.0013775 0.0104783 0.0470131 0.124648 0.197189 0.195221 0.145727 0.113904 0.0888949 0.0506009 0.018804 0.0048336 0.000991039 0.000176657 2.61447e-05 3.02955e-06 2.6759e-07 1.74716e-08 8.1296e-10 2.61346e-11 5.66129e-13
 3.0498e-09 1.82709e-07 6.45339e-06 0.000134387 0.00164995 0.0119447 0.0510116 0.128832 0.194872 0.187663 0.14333 0.117886 0.0914247 0.0495067 0.0170513 0.00390222 0.00067378 9.82933e-05 1.19146e-05 1.12771e-06 8.18487e-08 4.50169e-09 1.81343e-10 5.14185e-12 9.9351e-14
 4.70994e-09 2.68282e-07 9.00963e-06 0.000178387 0.00208242 0.0143339 0.0582085 0.139838 0.201556 0.186364 0.139358 0.112786 0.0841609 0.0433262 0.0141542 0.00307031 0.000499133 6.70764e-05 7.22071e-06 5.79965e-07 3.42623e-08 1.50522e-09 4.8694e-11 1.12795e-12 1.81899e-14
 7.13143e-09 3.85895e-07 1.23112e-05 0.000231566 0.00256802 0.016793 0.0647945 0.148 0.2035 0.182075 0.136361 0.111094 0.0803319 0.0392726 0.0120929 0.00245271 0.0003687 4.5576e-05 4.5252e-06 3.3426e-07 1.78649e-08 6.90713e-10 1.90624e-11 3.66575e-13 4.82219e-15
 9.21988e-09 4.73585e-07 1.4342e-05 0.000256073 0.00269576 0.0167363 0.0613494 0.133582 0.178013 0.16492 0.144768 0.13483 0.0986874 0.0467291 0.0140263 0.00287267 0.000453828 5.83863e-05 5.72206e-06 3.99298e-07 1.96883e-08 6.94441e-10 1.73785e-11 3.00636e-13 3.5108e-15
 1.51922e-08 7.40235e-07 2.12647e-05 0.000360155 0.00359653 0.0211805 0.0736455 0.152075 0.191974 0.167631 0.137369 0.119565 0.0824456 0.0370078 0.01063 0.00211926 0.000331591 4.23618e-05 4.11526e-06 2.86399e-07 1.41292e-08 4.91913e-10 1.18286e-11 1.91496e-13 2.05415e-15
 2.29865e-08 1.06178e-06 2.89158e-05 0.00046428 0.00439534 0.024541 0.0809258 0.158732 0.191721 0.164353 0.136688 0.117803 0.077467 0.0325585 0.00858048 0.00151418 0.000202809 2.24998e-05 1.98961e-06 1.30753e-07 6.21207e-09 2.10138e-10 4.92618e-12 7.77652e-14 8.10247e-16
 3.30383e-08 1.446e-06 3.73127e-05 0.000567666 0.00509223 0.0269444 0.0842594 0.15725 0.183472 0.159649 0.141459 0.123488 0.0779652 0.0308672 0.0075702 0.0012168 0.000143794 1.37985e-05 1.05371e-06 5.95477e-08 2.42557e-09 7.14026e-11 1.50064e-12 2.18528e-14 2.14059e-16
 5.20113e-08 2.15601e-06 5.26921e-05 0.000759253 0.00645076 0.0323294 0.0957756 0.169476 0.188153 0.157346 0.134776 0.112614 0.0679857 0.0262513 0.00662661 0.0012071 0.000174009 1.93914e-05 1.52872e-06 8.15531e-08 2.9763e-09 7.62501e-11 1.37773e-12 1.72276e-14 1.45716e-16
 7.74284e-08 3.03889e-06 7.03188e-05 0.000959349 0.00771748 0.0366263 0.102814 0.1729 0.184783 0.154198 0.13447 0.11022 0.0638857 0.0239136 0.00606626 0.00116743 0.000181597 2.16351e-05 1.83695e-06 1.08512e-07 4.43807e-09 1.23502e-10 2.27629e-12 2.72458e-14 2.10396e-16
 1.20232e-07 4.46677e-06 9.7838e-05 0.00126349 0.0096214 0.0432269 0.114911 0.183294 0.18701 0.151355 0.128498 0.100582 0.0550681 0.0194268 0.00464955 0.000848666 0.000126812 1.4821e-05 1.26764e-06 7.72822e-08 3.30671e-09 9.67193e-11 1.88008e-12 2.38043e-14 1.93749e-16
 1.85838e-07 6.53433e-06 0.000135459 0.00165564 0.0119326 0.0507444 0.127732 0.19326 0.188315 0.147851 0.121927 0.0907842 0.0465906 0.0151909 0.00327641 0.000522799 6.80845e-05 7.12268e-06 5.59661e-07 3.19527e-08 1.30459e-09 3.71135e-11 7.1351e-13 9.04581e-15 7.42815e-17
 2.58232e-07 8.59286e-06 0.000168581 0.00195001 0.0133018 0.0535585 0.127875 0.185056 0.178307 0.148619 0.13049 0.0959929 0.0468762 0.0143975 0.00291099 0.00043159 5.14263e-05 4.83211e-06 3.34733e-07 1.66503e-08 5.94751e-10 1.50716e-11 2.63618e-13 3.09635e-15 2.39071e-17
 4.11403e-07 1.29556e-05 0.00024054 0.00263317 0.0169985 0.064771 0.14633 0.200228 0.181749 0.141406 0.115566 0.0797718 0.0368805 0.0108763 0.00216687 0.000325157 3.89699e-05 3.54853e-06 2.30017e-07 1.04404e-08 3.33832e-10 7.4697e-12 1.14489e-13 1.17687e-15 7.99317e-18
 5.9298e-07 1.76731e-05 0.000310547 0.00321743 0.019659 0.0709244 0.151942 0.198517 0.176468 0.140415 0.115933 0.0772294 0.0338407 0.00944546 0.00179053 0.000257606 2.97588e-05 2.62556e-06 1.66169e-07 7.38778e-09 2.29123e-10 4.86837e-12 6.92153e-14 6.47158e-16 3.94075e-18
 8.36241e-07 2.35899e-05 0.000392343 0.00384752 0.0222542 0.0760394 0.154637 0.193743 0.170977 0.141602 0.118496 0.0761471 0.0316711 0.00840287 0.00152773 0.000212273 2.35515e-05 1.97397e-06 1.18059e-07 4.9649e-09 1.4625e-10 2.96457e-12 4.03114e-14 3.60058e-16 2.08235e-18
 1.12723e-06 3.0101e-05 0.000473913 0.00439955 0.0240943 0.0780177 0.150964 0.183104 0.164987 0.146909 0.125927 0.078789 0.0318626 0.00850897 0.00164869 0.000251068 2.93689e-05 2.45704e-06 1.42255e-07 5.71588e-09 1.59566e-10 3.04482e-12 3.88083e-14 3.2449e-16 1.75835e-18
 1.82415e-06 4.61166e-05 0.000687386 0.00604133 0.031321 0.0959813 0.175517 0.199874 0.165559 0.132545 0.103596 0.0600106 0.0223759 0.00539141 0.000914916 0.000121993 1.31149e-05 1.06921e-06 6.26441e-08 2.56914e-09 7.20409e-11 1.34658e-12 1.64617e-14 1.30216e-16 6.62033e-19
 2.30171e-06 5.50976e-05 0.000777625 0.00647187 0.0317849 0.0924293 0.161655 0.181812 0.162046 0.146834 0.119105 0.0668366 0.0237229 0.00545465 0.000888853 0.000112962 1.1265e-05 8.28362e-07 4.32522e-08 1.59798e-09 4.1522e-11 7.41208e-13 8.82789e-15 6.84878e-17 3.40117e-19
#spawning biomass
 7521.6 6654.57 4469.05 4744.35 7552.05 10824.6 13511.2 18339.5 25941.7 34300.4 47217.3 70261.2 84735.4 98663.1 92086.1 90627.1 89388.8 70754 77414.9 83455.7 78944.1 81156.5 85252.8 93940.5 98004.5 106084 113855 88133 93639.6 119219 172303 94107.4 49231.8 29401.1 21701 18944.1 18009.6 17704.7 17608 17578 17568.8 17566 17565.1 17564.9 17564.8 17564.8 17564.8 17564.8 17564.8 17564.8 17564.8 17564.8 17564.8 17564.8 17564.8 17564.8 17564.8 17564.8 17564.8 17564.8 17564.8 17564.8 17564.8 17564.8 17564.8 17564.8 17564.8 17564.8 17564.8 17564.8 17564.8 17564.8 17564.8 17564.8 17564.8 17564.8 17564.8 17564.8 17564.8 17564.8 17564.8 17564.8 17564.8 17564.8 17564.8 17564.8 17564.8 17564.8 17564.8 17564.8 17564.8 17564.8 17564.8 17564.8 17564.8 17564.8 17564.8 17564.8 17564.8 17564.8 17564.8 17564.8 17564.8 17564.8 17564.8 17564.8 17564.8 17564.8 17564.8 17564.8 17564.8 17564.8 17564.8 17564.8 17564.8 17564.8 17564.8 17564.8 17564.8 17564.8 17564.8 17564.8 17564.8 17564.8 17564.8 17564.8 17564.8 17564.8 17564.8 0 0 0 0 0 0 0 0 0 0 0 0 0 0 0 0 0 0 0 0 0 0 0 0 0
