SBPRF35
0.175648
Curr Bio
66991.3
B35
189176
F35
0.52192
FOFL
0.167237
OFL
9732.78
Bzero
50185.1
#pred survey bio
 7928.7 7511.67 5146.91 5428.13 8503.96 12209.2 15328.5 20828.8 29100.4 38183 52383.4 78085.9 94771.5 109819 102756 100322 100368 79314.6 84752 92069.2 86462.2 89145.3 93854.1 103658 106490 116888 128222 98176.5 91873.3 3.21739e+06 2.27659e+06 1.64461e+06 1.12036e+06 799074 626350 538637 494682 472322 460588 454201 450605 448526 447302 446572 446123 445857 445699 445605 445548 445515 445494 445482 445475 445470 445468 445466 445465 445464 445464 445464 445464 445464 445464 445464 445464 445464 445464 445464 445464 445464 445464 445464 445464 445464 445464 445464 445464 445464 445464 445464 445464 445464 445464 445464 445464 445464 445464 445464 445464 445464 445464 445464 445464 445464 445464 445464 445464 445464 445464 445464 445464 445464 445464 445464 445464 445464 445464 445464 445464 445464 445464 445464 445464 445464 445464 445464 445464 445464 445464 445464 445464 445464 445464 445464 445464 445464 445464 445464 445464 0 0 0 0 0 0 0 0 0 0 0 0 0 0 0 0 0 0 0 0 0 0 0 0 0
#obs survey bio
 6889.68 5154.82 4981.49 5267.25 10898.9 8593.03 17121 25095.1 35492.3 34929.7 45971.2 67825.2 115204 93884.9 133609 79129 93523.6 85533.9 91192.9 80831 97863.1 89727.4 141915 134656 114784 113067 171521 111841 75397.2
#pred catch bio
 3055.15 3988.08 2697.39 2597.68 4460.12 7217.76 9592.44 12629.5 18864.1 26287.6 36597.4 61055 71311.9 87403 84345.4 85811.6 90764.9 70807.2 77891.3 88065.1 83350.1 87342.8 93237.3 105378 109970 121780 135421 104057 97086 9732.78 33956.1 23183.8 14872.5 10133.8 7813.14 6776.03 6339.62 6163.47 6094.47 6068.03 6058.06 6054.35 6052.98 6052.48 6052.29 6052.23 6052.2 6052.19 6052.19 6052.19 6052.19 6052.19 6052.19 6052.19 6052.19 6052.19 6052.19 6052.19 6052.19 6052.19 6052.19 6052.19 6052.19 6052.19 6052.19 6052.19 6052.19 6052.19 6052.19 6052.19 6052.19 6052.19 6052.19 6052.19 6052.19 6052.19 6052.19 6052.19 6052.19 6052.19 6052.19 6052.19 6052.19 6052.19 6052.19 6052.19 6052.19 6052.19 6052.19 6052.19 6052.19 6052.19 6052.19 6052.19 6052.19 6052.19 6052.19 6052.19 6052.19 6052.19 6052.19 6052.19 6052.19 6052.19 6052.19 6052.19 6052.19 6052.19 6052.19 6052.19 6052.19 6052.19 6052.19 6052.19 6052.19 6052.19 6052.19 6052.19 6052.19 6052.19 6052.19 6052.19 6052.19 6052.19 6052.19 6052.19 6052.19 6052.19 6052.19 0 0 0 0 0 0 0 0 0 0 0 0 0 0 0 0 0 0 0 0 0 0 0 0 0
#obs catch bio
 4843.65 4494.64 2827.48 2708.67 4579.31 7369.65 10182 12210.4 18061.9 26225.1 36254.6 63771.4 67020.9 84671.1 78687.8 87083.6 93541.5 69027.5 79552.4 84212.4 76763.2 78728.1 80786.2 94101.7 105419 110028 123510 98780.8 95854
#pred cpue bio
 7392.8 7200.99 4869.93 4985.61 7737.9 11124.5 13921.9 18736 26278.4 34321.8 46711.4 69382.6 83721.1 97832.3 91336.4 88582.5 88028.5 69308.6 73810.2 79823.6 74667.2 76851.6 80721.9 88985.8 91217.7 99974.7 109606 83884.4 78472.9 2.7484e+06 2.25875e+06 1.62692e+06 1.10267e+06 781385 608661 520948 476993 454634 442900 436512 432916 430838 429613 428883 428434 428168 428010 427916 427860 427826 427805 427793 427786 427781 427779 427777 427776 427776 427775 427775 427775 427775 427775 427775 427775 427775 427775 427775 427775 427775 427775 427775 427775 427775 427775 427775 427775 427775 427775 427775 427775 427775 427775 427775 427775 427775 427775 427775 427775 427775 427775 427775 427775 427775 427775 427775 427775 427775 427775 427775 427775 427775 427775 427775 427775 427775 427775 427775 427775 427775 427775 427775 427775 427775 427775 427775 427775 427775 427775 427775 427775 427775 427775 427775 427775 427775 427775 427775 427775 0 0 0 0 0 0 0 0 0 0 0 0 0 0 0 0 0 0 0 0 0 0 0 0 0
#obs cpue bio
 5775.1 5376.94 5025.23 3842.75 6279.27 15111.9 9298.87 20880.8 25936.9 35371.9 54190.7 68261 96084.3 127928 94083.3 99481.4 87581.4 69204.9 62004.6 113582 90628.8 115001 93580.2 107018 98256.8 154588 122968 88020 99380.2
#pred surv len freq
 1.80079e-11 1.95544e-09 1.25189e-07 4.72526e-06 0.000105154 0.00137964 0.0106726 0.0486882 0.13113 0.209643 0.204415 0.136667 0.0852404 0.0597487 0.0393179 0.0240422 0.0151894 0.00988037 0.0066523 0.00473431 0.00362682 0.00303299 0.00262506 0.00202347 0.00118047
 1.27795e-11 1.3877e-09 8.8842e-08 3.35334e-06 7.46241e-05 0.000979111 0.00757512 0.0345799 0.0934387 0.151861 0.159806 0.138612 0.130389 0.113725 0.0752758 0.0412209 0.022268 0.0122172 0.00679886 0.00396863 0.00250329 0.00176344 0.00136002 0.000999359 0.000580989
 1.55809e-11 1.6919e-09 1.08317e-07 4.08843e-06 9.09821e-05 0.00119372 0.00923455 0.0421342 0.113563 0.18225 0.180999 0.130148 0.0950972 0.0782376 0.0612124 0.0450088 0.0295292 0.0160571 0.00768963 0.00360747 0.00176782 0.00096145 0.000601785 0.000393577 0.000218841
 1.91045e-11 2.07452e-09 1.32813e-07 5.01301e-06 0.000111557 0.00146365 0.0113223 0.0516493 0.139062 0.221984 0.214828 0.139222 0.0806233 0.0529599 0.0339875 0.0208145 0.013583 0.00889555 0.00517301 0.00250441 0.00104584 0.000424835 0.000192139 9.92593e-05 4.91688e-05
 1.96337e-11 2.13198e-09 1.36491e-07 5.15187e-06 0.000114647 0.0015042 0.011636 0.0530801 0.142917 0.228151 0.220859 0.143246 0.0827726 0.0530196 0.0310981 0.0154943 0.00766298 0.00405336 0.00224806 0.00121931 0.000575807 0.00022528 7.8495e-05 2.83953e-05 1.0949e-05
 1.93676e-11 2.1031e-09 1.34642e-07 5.08206e-06 0.000113094 0.00148382 0.0114784 0.0523626 0.141004 0.225254 0.218793 0.143917 0.0860185 0.0566845 0.0333921 0.0162823 0.00745432 0.00330084 0.0014017 0.000611399 0.000274406 0.000114128 3.99528e-05 1.18657e-05 3.29575e-06
 1.96753e-11 2.1365e-09 1.36781e-07 5.16279e-06 0.00011489 0.00150739 0.0116606 0.0531928 0.143223 0.22866 0.221447 0.143886 0.0835161 0.0537118 0.0314999 0.0154652 0.00712156 0.00309982 0.00121695 0.000441208 0.000153767 5.32982e-05 1.77105e-05 5.10823e-06 1.21844e-06
 2.05497e-11 2.23145e-09 1.4286e-07 5.39223e-06 0.000119996 0.00157437 0.0121787 0.0555528 0.149532 0.238373 0.229146 0.144225 0.0770156 0.0455316 0.0255881 0.0121139 0.00538165 0.00230485 0.000900621 0.00031768 0.000100077 2.83596e-05 7.5011e-06 1.86059e-06 4.05026e-07
 2.01314e-11 2.18603e-09 1.39951e-07 5.28246e-06 0.000117553 0.00154233 0.0119309 0.0544243 0.146522 0.233789 0.225762 0.144889 0.0813982 0.0503388 0.0281854 0.0126696 0.00519286 0.00208025 0.000776345 0.00026581 8.17958e-05 2.19243e-05 5.06106e-06 1.01904e-06 1.81536e-07
 2.05687e-11 2.23352e-09 1.42992e-07 5.39722e-06 0.000120107 0.00157583 0.0121899 0.0556044 0.149673 0.238613 0.229448 0.144607 0.0774626 0.0458098 0.0254576 0.0116599 0.00487801 0.00192308 0.000675677 0.000214401 6.20727e-05 1.59355e-05 3.50758e-06 6.43606e-07 9.7387e-08
 2.1232e-11 2.30554e-09 1.47603e-07 5.57127e-06 0.00012398 0.00162664 0.0125829 0.0573946 0.154459 0.245979 0.235273 0.144819 0.0724574 0.0395322 0.0209364 0.00912644 0.00360574 0.0013832 0.000486795 0.000153111 4.23538e-05 1.01403e-05 2.08706e-06 3.60896e-07 5.0644e-08
 2.14927e-11 2.33385e-09 1.49415e-07 5.63967e-06 0.000125502 0.00164661 0.0127374 0.0580982 0.156342 0.248886 0.237627 0.145081 0.070769 0.0372701 0.0191307 0.00791978 0.0028764 0.00101494 0.000334236 0.000100411 2.71864e-05 6.38187e-06 1.25815e-06 2.04013e-07 2.67006e-08
 2.19337e-11 2.38174e-09 1.52481e-07 5.7554e-06 0.000128078 0.0016804 0.0129987 0.0592885 0.159523 0.253777 0.241464 0.145123 0.067293 0.0330079 0.0161896 0.00639356 0.00214895 0.000693849 0.000209198 5.72574e-05 1.42808e-05 3.16429e-06 6.01573e-07 9.4449e-08 1.18073e-08
 2.12317e-11 2.30551e-09 1.47601e-07 5.57119e-06 0.000123978 0.00162662 0.0125828 0.0573943 0.154465 0.246036 0.23556 0.145617 0.0736891 0.0403956 0.0207074 0.0081034 0.00260776 0.000792083 0.00022225 5.55383e-05 1.25085e-05 2.50515e-06 4.35717e-07 6.40129e-08 7.63797e-09
 2.14398e-11 2.32811e-09 1.49047e-07 5.62579e-06 0.000125194 0.00164256 0.012706 0.0579556 0.155962 0.248316 0.237243 0.145286 0.0715137 0.0380279 0.0194643 0.00787234 0.00270202 0.000863302 0.000241768 5.76305e-05 1.20403e-05 2.19538e-06 3.43213e-07 4.53327e-08 4.93277e-09
 2.19656e-11 2.3852e-09 1.52703e-07 5.76376e-06 0.000128264 0.00168284 0.0130175 0.0593745 0.159753 0.254132 0.241751 0.145154 0.0670852 0.0327324 0.0159745 0.00625357 0.00206368 0.000647227 0.000185932 4.64812e-05 9.94993e-06 1.77084e-06 2.58956e-07 3.11327e-08 3.04353e-09
 2.24605e-11 2.43894e-09 1.56143e-07 5.89363e-06 0.000131154 0.00172076 0.0133108 0.06071 0.163322 0.259609 0.246009 0.145071 0.0629818 0.0278 0.0126931 0.00468991 0.00140844 0.000398035 0.000106607 2.56869e-05 5.49322e-06 1.00476e-06 1.50429e-07 1.78796e-08 1.65545e-09
 2.27158e-11 2.46667e-09 1.57918e-07 5.96062e-06 0.000132644 0.00174031 0.013462 0.061399 0.165163 0.262436 0.248216 0.145055 0.0609063 0.0252833 0.0109898 0.00384633 0.0010371 0.000252132 5.90384e-05 1.26479e-05 2.45191e-06 4.22517e-07 6.2079e-08 7.45154e-09 6.99673e-10
 2.29557e-11 2.49271e-09 1.59586e-07 6.02356e-06 0.000134045 0.00175869 0.0136041 0.0620463 0.166892 0.265084 0.250244 0.144916 0.0587664 0.0227924 0.00944112 0.00322764 0.000843483 0.000193684 4.16123e-05 7.86152e-06 1.30658e-06 1.94838e-07 2.55045e-08 2.83516e-09 2.56954e-10
 2.32647e-11 2.52627e-09 1.61734e-07 6.10465e-06 0.00013585 0.00178236 0.0137872 0.0628801 0.169119 0.268493 0.252855 0.144733 0.0560042 0.0195774 0.00744178 0.00243016 0.000598588 0.000125643 2.49069e-05 4.41549e-06 6.78012e-07 9.0221e-08 1.02051e-08 9.72682e-10 7.73691e-11
 2.35281e-11 2.55487e-09 1.63565e-07 6.17376e-06 0.000137388 0.00180254 0.0139432 0.0635907 0.171017 0.271399 0.255077 0.144568 0.0536361 0.0168281 0.00574172 0.00176334 0.000401124 7.31301e-05 1.24623e-05 1.96849e-06 2.73606e-07 3.32873e-08 3.45027e-09 2.95318e-10 2.04994e-11
 2.3641e-11 2.56713e-09 1.6435e-07 6.20339e-06 0.000138047 0.00181119 0.0140101 0.0638954 0.171831 0.272644 0.256029 0.144493 0.0526144 0.0156453 0.00501486 0.00148361 0.000321781 5.31315e-05 7.88222e-06 1.08325e-06 1.29447e-07 1.34991e-08 1.22796e-09 9.42601e-11 5.91724e-12
 2.37937e-11 2.58371e-09 1.65411e-07 6.24344e-06 0.000138938 0.00182288 0.0141005 0.0643072 0.172931 0.274326 0.257308 0.144374 0.0512064 0.0140287 0.00404032 0.00113072 0.000236461 3.65935e-05 4.91585e-06 6.09723e-07 6.4907e-08 5.85565e-09 4.54059e-10 2.96394e-11 1.59741e-12
 2.39148e-11 2.59687e-09 1.66254e-07 6.27524e-06 0.000139646 0.00183217 0.0141723 0.0646342 0.173804 0.275662 0.258323 0.144278 0.0500861 0.0127436 0.00326732 0.000852907 0.000170804 2.44952e-05 2.90141e-06 3.18961e-07 3.07847e-08 2.50036e-09 1.72192e-10 9.83105e-12 4.54171e-13
 2.40533e-11 2.6119e-09 1.67216e-07 6.31158e-06 0.000140454 0.00184278 0.0142544 0.0650079 0.174801 0.277187 0.259482 0.144163 0.0487983 0.0112702 0.0023864 0.000542701 0.00010195 1.34858e-05 1.37331e-06 1.26818e-07 1.06399e-08 7.57734e-10 4.58051e-11 2.3231e-12 9.54494e-14
 2.41474e-11 2.62211e-09 1.6787e-07 6.33625e-06 0.000141004 0.00184998 0.0143101 0.0652616 0.175479 0.278223 0.260268 0.144083 0.0479211 0.010268 0.00178912 0.000334689 5.74211e-05 7.01972e-06 6.09409e-07 4.43158e-08 3.00378e-09 1.78746e-10 9.02584e-12 3.87941e-13 1.37742e-14
 2.4183e-11 2.62598e-09 1.68118e-07 6.34561e-06 0.000141212 0.00185271 0.0143312 0.0653577 0.175736 0.278616 0.260565 0.144053 0.0475881 0.0098878 0.00156289 0.000256349 4.09726e-05 4.76286e-06 3.71706e-07 2.18209e-08 1.14606e-09 5.45007e-11 2.18295e-12 7.39144e-14 2.12006e-15
 2.42112e-11 2.62905e-09 1.68314e-07 6.35301e-06 0.000141377 0.00185487 0.0143479 0.0654339 0.175939 0.278927 0.260801 0.144028 0.0473238 0.00958632 0.00138389 0.000194809 2.83703e-05 3.1653e-06 2.32969e-07 1.19172e-08 5.03601e-10 1.93955e-11 6.3162e-13 1.67193e-14 3.69622e-16
 2.42316e-11 2.63126e-09 1.68456e-07 6.35836e-06 0.000141496 0.00185643 0.01436 0.0654889 0.176086 0.279151 0.260971 0.14401 0.0471329 0.00936857 0.00125471 0.000150527 1.93963e-05 2.06722e-06 1.47054e-07 6.97153e-09 2.54043e-10 8.26638e-12 2.3141e-13 5.11881e-15 9.07757e-17
#obs surv len freq
 3.73682e-11 3.61024e-09 2.05641e-07 6.9059e-06 0.000136733 0.00159615 0.010987 0.0446239 0.107316 0.155692 0.149075 0.125799 0.121868 0.108653 0.075659 0.0458924 0.0269386 0.0147055 0.00704403 0.00283303 0.00090916 0.000220749 3.8623e-05 4.67569e-06 3.79049e-07
 2.90082e-11 2.70314e-09 1.4851e-07 4.81041e-06 9.18657e-05 0.00103443 0.00687068 0.0269754 0.0633191 0.0940749 0.110012 0.141264 0.17785 0.163581 0.106357 0.0568487 0.0288199 0.0138106 0.00598675 0.0022409 0.000676084 0.00015377 2.49982e-05 2.78638e-06 2.06206e-07
 9.90112e-11 8.88369e-09 4.69938e-07 1.46564e-05 0.000269496 0.00292161 0.0186751 0.0704077 0.156845 0.208442 0.173576 0.110776 0.0792662 0.0647205 0.049048 0.0331674 0.0187988 0.00851068 0.00319193 0.00102767 0.000274816 5.68619e-05 8.50738e-06 8.73987e-07 5.94371e-08
 1.25294e-10 1.08066e-08 5.49525e-07 1.64749e-05 0.000291207 0.00303481 0.01865 0.0676359 0.145359 0.189221 0.165275 0.131025 0.116278 0.0877116 0.0458977 0.0180205 0.00696668 0.00298066 0.00116909 0.000363275 8.62495e-05 1.54795e-05 2.03712e-06 1.87673e-07 1.15872e-08
 1.99219e-10 1.64919e-08 8.04909e-07 2.31613e-05 0.000392934 0.00393032 0.0231814 0.0806749 0.166245 0.206621 0.169135 0.120841 0.0975817 0.0708591 0.0376018 0.0153309 0.0053712 0.00163615 0.000437234 0.000107953 2.32562e-05 3.85317e-06 4.54247e-07 3.68043e-08 2.00133e-09
 2.52132e-10 2.00039e-08 9.35709e-07 2.58051e-05 0.000419578 0.00402236 0.0227408 0.0759097 0.15055 0.18321 0.157475 0.133476 0.121913 0.0874449 0.0422981 0.0147092 0.00432203 0.00115647 0.000265806 5.02416e-05 7.8186e-06 9.96055e-07 9.88665e-08 7.08153e-09 3.43648e-10
 4.11717e-10 3.12636e-08 1.39965e-06 3.69434e-05 0.000574906 0.00527491 0.0285412 0.0911617 0.172811 0.199898 0.159764 0.121779 0.10193 0.0695613 0.03287 0.0114445 0.00333381 0.000825479 0.000163176 2.54406e-05 3.16885e-06 3.1009e-07 2.30886e-08 1.27063e-09 4.99579e-11
 6.09082e-10 4.4209e-08 1.89184e-06 4.77307e-05 0.000709992 0.00622688 0.0322067 0.0983561 0.178476 0.198744 0.156215 0.120662 0.100266 0.0657472 0.0293939 0.00958025 0.00261384 0.000616542 0.000117116 1.71393e-05 1.90018e-06 1.56328e-07 9.36297e-09 4.02265e-10 1.21842e-11
 8.63184e-10 5.98148e-08 2.44373e-06 5.88621e-05 0.000835918 0.0069994 0.034567 0.10085 0.175312 0.189531 0.151617 0.125562 0.106619 0.0676929 0.0287462 0.00879632 0.00222726 0.000484644 8.48298e-05 1.14686e-05 1.17952e-06 8.95549e-08 4.83968e-09 1.81113e-10 4.6063e-12
 1.34692e-09 8.90074e-08 3.46775e-06 7.96544e-05 0.00107874 0.00861379 0.0405683 0.112888 0.187287 0.193786 0.14963 0.120177 0.0975555 0.0581896 0.0225997 0.00601139 0.00126151 0.000230358 3.52019e-05 4.23338e-06 3.89855e-07 2.66916e-08 1.3094e-09 4.45843e-11 1.02701e-12
 1.94484e-09 1.2243e-07 4.54387e-06 9.94273e-05 0.00128272 0.00975761 0.0437855 0.116172 0.184451 0.185801 0.147124 0.125208 0.101588 0.0578281 0.0208902 0.00497398 0.000883556 0.000132248 1.65656e-05 1.62841e-06 1.23079e-07 7.08287e-09 3.00344e-10 9.013e-12 1.85128e-13
 2.98453e-09 1.78799e-07 6.31528e-06 0.000131511 0.00161465 0.0116892 0.0499228 0.126114 0.191006 0.185042 0.144029 0.121358 0.0950886 0.0515465 0.0176823 0.0039955 0.000669656 9.2663e-05 1.03549e-05 8.6775e-07 5.35394e-08 2.46168e-09 8.37195e-11 2.04883e-12 3.50622e-14
 4.49851e-09 2.56239e-07 8.6052e-06 0.00017038 0.00198895 0.0136909 0.055604 0.133665 0.193276 0.181324 0.141599 0.120519 0.0917308 0.0472933 0.0153138 0.00324122 0.000503171 6.40938e-05 6.61057e-06 5.10293e-07 2.8557e-08 1.15882e-09 3.36994e-11 6.8555e-13 9.57088e-15
 5.67333e-09 3.06995e-07 9.79409e-06 0.000184221 0.00204304 0.013362 0.0515963 0.118326 0.165965 0.161548 0.148892 0.14619 0.113068 0.0564989 0.0178107 0.00379557 0.000618746 8.24103e-05 8.43626e-06 6.17387e-07 3.19377e-08 1.18367e-09 3.1242e-11 5.72359e-13 7.1016e-15
 9.34601e-09 4.80064e-07 1.45382e-05 0.000259577 0.00273264 0.016965 0.0621841 0.135358 0.180111 0.16587 0.143767 0.132671 0.0968836 0.0459273 0.0138525 0.0028714 0.000463605 6.1387e-05 6.23307e-06 4.55036e-07 2.35832e-08 8.65096e-10 2.20056e-11 3.78122e-13 4.31549e-15
 1.40245e-08 6.83339e-07 1.96302e-05 0.000332474 0.00332015 0.0195544 0.0680197 0.140752 0.179484 0.163021 0.144617 0.132912 0.0927953 0.0412732 0.0114584 0.00211169 0.000292462 3.35421e-05 3.09061e-06 2.1274e-07 1.0615e-08 3.78484e-10 9.39284e-12 1.57536e-13 1.74863e-15
 2.00173e-08 9.24627e-07 2.51807e-05 0.000404311 0.00382774 0.0213755 0.0705489 0.138986 0.171387 0.158395 0.15007 0.139781 0.093751 0.0393223 0.0101786 0.00171401 0.00021016 2.08818e-05 1.66326e-06 9.8576e-08 4.21698e-09 1.30616e-10 2.9e-12 4.48124e-14 4.67494e-16
 3.16403e-08 1.38481e-06 3.57339e-05 0.000543647 0.00487682 0.0258061 0.0807231 0.150868 0.177205 0.157779 0.14496 0.129417 0.0829728 0.0338597 0.00896749 0.00169793 0.00025391 2.95989e-05 2.45874e-06 1.38422e-07 5.32491e-09 1.43811e-10 2.74672e-12 3.6441e-14 3.28079e-16
 4.67337e-08 1.93724e-06 4.73455e-05 0.000682218 0.00579646 0.0290556 0.0861573 0.15316 0.173635 0.155401 0.146542 0.128718 0.0792438 0.0312979 0.0083012 0.00165601 0.0002675 3.33749e-05 2.98189e-06 1.85641e-07 8.01987e-09 2.36597e-10 4.63885e-12 5.9194e-14 4.87946e-16
 7.24164e-08 2.84218e-06 6.5767e-05 0.000897256 0.00721818 0.0342617 0.0962462 0.162434 0.17637 0.154439 0.143149 0.120563 0.0702012 0.0261483 0.00654694 0.00123899 0.000192134 2.34805e-05 2.10959e-06 1.35423e-07 6.12238e-09 1.90004e-10 3.93239e-12 5.31439e-14 4.62627e-16
 1.12156e-07 4.16672e-06 9.1266e-05 0.00117863 0.0089755 0.0403325 0.107315 0.17194 0.178854 0.153118 0.138878 0.111593 0.0610018 0.0210444 0.00476413 0.00079037 0.000106782 1.16622e-05 9.61471e-07 5.77411e-08 2.4882e-09 7.5041e-11 1.53546e-12 2.07822e-14 1.82643e-16
 1.53305e-07 5.39042e-06 0.000111746 0.00136585 0.00984518 0.0418935 0.105776 0.162396 0.168186 0.15472 0.149911 0.118867 0.0618106 0.020094 0.0042689 0.000659423 8.17433e-05 8.04064e-06 5.8571e-07 3.06709e-08 1.15536e-09 3.09919e-11 5.76237e-13 7.2201e-15 5.96381e-17
 2.47443e-07 8.23384e-06 0.000161537 0.00186855 0.0127465 0.051331 0.122652 0.178155 0.174241 0.15055 0.136656 0.101933 0.0501924 0.0156512 0.00327092 0.000511417 6.39861e-05 6.12423e-06 4.18687e-07 2.00524e-08 6.7738e-10 1.60625e-11 2.61831e-13 2.87082e-15 2.08486e-17
 3.53602e-07 1.11354e-05 0.000206746 0.0022633 0.0146128 0.0557198 0.12631 0.175592 0.169587 0.151728 0.139601 0.100449 0.0468687 0.0138315 0.00275083 0.000412605 4.97928e-05 4.61817e-06 3.08262e-07 1.44745e-08 4.75255e-10 1.07281e-11 1.62549e-13 1.62343e-15 1.05794e-17
 4.95395e-07 1.47647e-05 0.000259444 0.0026881 0.0164282 0.0593303 0.127743 0.170759 0.165097 0.154824 0.143956 0.0996764 0.0441097 0.012369 0.00235927 0.000342135 3.97297e-05 3.50527e-06 2.21237e-07 9.82829e-09 3.06539e-10 6.60291e-12 9.57299e-14 9.14049e-16 5.66295e-18
 6.4607e-07 1.82253e-05 0.000303126 0.00297286 0.0172019 0.0588889 0.12085 0.157596 0.158883 0.163015 0.155295 0.104475 0.0448568 0.012621 0.00255943 0.000407769 5.0188e-05 4.43576e-06 2.71494e-07 1.15371e-08 3.41393e-10 6.92861e-12 9.42138e-14 8.42427e-16 4.89157e-18
 1.07706e-06 2.87612e-05 0.00045282 0.00420382 0.0230244 0.0745859 0.144619 0.176976 0.164056 0.152314 0.133281 0.0832824 0.0330352 0.00840814 0.00149667 0.000208556 2.35073e-05 2.01857e-06 1.24911e-07 5.42566e-09 1.61696e-10 3.2224e-12 4.20972e-14 3.56492e-16 1.94354e-18
 1.30798e-06 3.30674e-05 0.000492901 0.00433273 0.0224803 0.0691435 0.128617 0.157341 0.160664 0.169145 0.151804 0.0914423 0.0344834 0.00837412 0.00143301 0.000190911 2.00328e-05 1.5552e-06 8.5793e-08 3.35191e-09 9.23707e-11 1.75558e-12 2.23393e-14 1.85662e-16 9.89807e-19
 1.58525e-06 3.79477e-05 0.000535608 0.00445879 0.0219246 0.0641171 0.115044 0.142908 0.161414 0.184112 0.164353 0.0954953 0.0351138 0.008651 0.00157993 0.000226534 2.44213e-05 1.85514e-06 9.72071e-08 3.53249e-09 8.88834e-11 1.52241e-12 1.73931e-14 1.30562e-16 6.36846e-19
#pred catch len freq
 1.76009e-11 1.91124e-09 1.2236e-07 4.61846e-06 0.000102777 0.00134846 0.0104314 0.0475895 0.12819 0.205098 0.200718 0.136191 0.08774 0.0630494 0.0418078 0.0256009 0.016177 0.010523 0.00708496 0.00504223 0.00386271 0.00323025 0.00279579 0.00215507 0.00125724
 1.24628e-11 1.35331e-09 8.66403e-08 3.27024e-06 7.27748e-05 0.000954849 0.00738748 0.0337251 0.0911532 0.148341 0.157009 0.138463 0.132693 0.116611 0.0773228 0.0423558 0.0228823 0.0125544 0.0069865 0.00407816 0.00257237 0.00181211 0.00139755 0.00102694 0.000597023
 1.52805e-11 1.65928e-09 1.06229e-07 4.00961e-06 8.9228e-05 0.0011707 0.00905656 0.0413231 0.111392 0.178885 0.178223 0.129669 0.096767 0.0806321 0.0632939 0.0465633 0.0305507 0.0166127 0.0079557 0.0037323 0.00182899 0.000994718 0.000622607 0.000407196 0.000226414
 1.88417e-11 2.04598e-09 1.30986e-07 4.94405e-06 0.000110023 0.00144352 0.0111666 0.0509399 0.137165 0.219054 0.212464 0.138979 0.0823448 0.055198 0.0356651 0.0218703 0.0142743 0.0093484 0.00543636 0.00263191 0.00109909 0.000446463 0.000201921 0.000104312 5.1672e-05
 1.94371e-11 2.11063e-09 1.35125e-07 5.10028e-06 0.000113499 0.00148913 0.0115195 0.0525495 0.141498 0.22597 0.219145 0.143215 0.0842988 0.0548878 0.0323739 0.0161486 0.00798804 0.00422538 0.00234348 0.00127106 0.000600247 0.000234841 8.18266e-05 2.96005e-05 1.14137e-05
 1.92334e-11 2.08851e-09 1.33709e-07 5.04683e-06 0.00011231 0.00147353 0.0113988 0.0520003 0.140036 0.223766 0.217629 0.143915 0.0870932 0.0579916 0.034279 0.0167266 0.00765862 0.00339136 0.00144014 0.000628167 0.000281932 0.000117258 4.10485e-05 1.21911e-05 3.38614e-06
 1.95846e-11 2.12665e-09 1.3615e-07 5.13899e-06 0.000114361 0.00150044 0.0116069 0.0529481 0.142569 0.227655 0.22066 0.143884 0.0842412 0.0545951 0.0321018 0.0157693 0.00726225 0.0031611 0.00124101 0.000449931 0.000156807 5.4352e-05 1.80606e-05 5.20923e-06 1.24253e-06
 2.04562e-11 2.2213e-09 1.4221e-07 5.36771e-06 0.00011945 0.00156721 0.0121233 0.0553006 0.148859 0.237339 0.228338 0.144231 0.0777751 0.0464502 0.0262054 0.0124167 0.0055169 0.00236281 0.000923274 0.00032567 0.000102594 2.90729e-05 7.68978e-06 1.90739e-06 4.15214e-07
 2.00708e-11 2.17945e-09 1.39531e-07 5.26658e-06 0.0001172 0.00153769 0.011895 0.054261 0.146085 0.23312 0.225242 0.144903 0.0819046 0.050944 0.028583 0.0128541 0.00526889 0.00211074 0.000787727 0.000269707 8.2995e-05 2.22458e-05 5.13526e-06 1.03398e-06 1.84198e-07
 2.05516e-11 2.23166e-09 1.42873e-07 5.39273e-06 0.000120007 0.00157452 0.0121798 0.0555582 0.14955 0.238424 0.229301 0.144609 0.0776044 0.0459801 0.0255707 0.0117136 0.00490065 0.00193202 0.000678821 0.000215398 6.23615e-05 1.60096e-05 3.5239e-06 6.46601e-07 9.78402e-08
 2.12259e-11 2.30488e-09 1.47561e-07 5.56968e-06 0.000123945 0.00162618 0.0125793 0.0573782 0.154415 0.245911 0.235221 0.14482 0.0725088 0.0395935 0.0209764 0.00914468 0.00361304 0.00138601 0.000487785 0.000153422 4.244e-05 1.01609e-05 2.09131e-06 3.6163e-07 5.07471e-08
 2.15522e-11 2.34031e-09 1.49829e-07 5.65529e-06 0.00012585 0.00165117 0.0127726 0.0582588 0.156771 0.249544 0.238134 0.145057 0.0702547 0.0366633 0.0187424 0.00775152 0.00281484 0.000993204 0.000327079 9.82616e-05 2.66043e-05 6.24523e-06 1.23121e-06 1.99645e-07 2.61289e-08
 2.19643e-11 2.38506e-09 1.52694e-07 5.76342e-06 0.000128256 0.00168274 0.0130168 0.0593709 0.159743 0.254114 0.241723 0.145108 0.0670248 0.0326935 0.0159912 0.0063109 0.00212092 0.000684795 0.000206469 5.65104e-05 1.40945e-05 3.12301e-06 5.93725e-07 9.32169e-08 1.16533e-08
 2.13088e-11 2.31388e-09 1.48137e-07 5.59142e-06 0.000124429 0.00163253 0.0126284 0.0576023 0.15502 0.246887 0.236213 0.145576 0.0730062 0.039598 0.0202077 0.00789953 0.00254169 0.000772001 0.000216615 5.41303e-05 1.21914e-05 2.44165e-06 4.24671e-07 6.23901e-08 7.44434e-09
 2.15333e-11 2.33826e-09 1.49697e-07 5.65032e-06 0.000125739 0.00164972 0.0127614 0.0582079 0.156636 0.249349 0.238037 0.145243 0.0706965 0.0370677 0.0188548 0.00761457 0.00261289 0.000834802 0.000233786 5.5728e-05 1.16428e-05 2.12291e-06 3.31883e-07 4.38362e-08 4.76993e-09
 2.20675e-11 2.39627e-09 1.53411e-07 5.7905e-06 0.000128859 0.00169065 0.0130779 0.0596494 0.160488 0.255257 0.242615 0.145102 0.0661869 0.0316811 0.0153129 0.00598003 0.00197256 0.000618617 0.000177712 4.44265e-05 9.5101e-06 1.69256e-06 2.47509e-07 2.97565e-08 2.90899e-09
 2.25701e-11 2.45084e-09 1.56905e-07 5.92238e-06 0.000131794 0.00172915 0.0133757 0.0610057 0.164112 0.260818 0.246935 0.145005 0.0620002 0.026659 0.0119857 0.00440999 0.00132332 0.000373939 0.000100153 2.41317e-05 5.16065e-06 9.43933e-07 1.41321e-07 1.67971e-08 1.55522e-09
 2.28043e-11 2.47628e-09 1.58533e-07 5.98384e-06 0.000133161 0.00174709 0.0135144 0.0616378 0.165801 0.263412 0.24896 0.144994 0.0601014 0.0243536 0.0104216 0.00363114 0.0009782 0.00023778 5.56772e-05 1.19279e-05 2.31231e-06 3.98463e-07 5.85447e-08 7.02731e-09 6.59839e-10
 2.30423e-11 2.50212e-09 1.60188e-07 6.04628e-06 0.000134551 0.00176532 0.0136554 0.0622799 0.167516 0.266038 0.250972 0.144854 0.0579764 0.0218811 0.00888581 0.00301946 0.000788095 0.00018093 3.88716e-05 7.34373e-06 1.22052e-06 1.82005e-07 2.38246e-08 2.64842e-09 2.40029e-10
 2.33438e-11 2.53486e-09 1.62284e-07 6.12541e-06 0.000136312 0.00178842 0.0138341 0.0630935 0.169689 0.269365 0.253519 0.144673 0.0552777 0.0187417 0.00693569 0.00224419 0.000551684 0.000115759 2.29469e-05 4.068e-06 6.24655e-07 8.31209e-08 9.40202e-09 8.96135e-10 7.12804e-11
 2.35885e-11 2.56143e-09 1.63985e-07 6.18961e-06 0.00013774 0.00180717 0.013979 0.0637537 0.171452 0.272065 0.255583 0.14452 0.0530773 0.0161874 0.00535657 0.00162524 0.000368678 6.71807e-05 1.14477e-05 1.80823e-06 2.5133e-07 3.05771e-08 3.16936e-09 2.71274e-10 1.88304e-11
 2.36956e-11 2.57306e-09 1.6473e-07 6.21771e-06 0.000138366 0.00181537 0.0140425 0.0640427 0.172224 0.273246 0.256485 0.144448 0.0521075 0.015065 0.00466747 0.00136071 0.000294087 4.85264e-05 7.19834e-06 9.89256e-07 1.18215e-07 1.23278e-08 1.12141e-09 8.60812e-11 5.4038e-12
 2.38372e-11 2.58843e-09 1.65714e-07 6.25486e-06 0.000139192 0.00182622 0.0141263 0.0644247 0.173244 0.274806 0.257672 0.144338 0.0508013 0.0135654 0.00376351 0.00103353 0.000215091 3.32547e-05 4.46666e-06 5.54001e-07 5.89752e-08 5.32051e-09 4.12563e-10 2.69307e-11 1.45143e-12
 2.395e-11 2.60068e-09 1.66498e-07 6.28446e-06 0.000139851 0.00183486 0.0141931 0.064729 0.174057 0.276049 0.258617 0.144248 0.0497584 0.0123693 0.00304421 0.000775207 0.000154171 2.20784e-05 2.61452e-06 2.87415e-07 2.77399e-08 2.25307e-09 1.55161e-10 8.85871e-12 4.09252e-13
 2.40758e-11 2.61435e-09 1.67373e-07 6.31749e-06 0.000140586 0.0018445 0.0142677 0.0650686 0.174964 0.277435 0.25967 0.144144 0.0485879 0.01103 0.00224355 0.000493307 9.16306e-05 1.20908e-05 1.2307e-06 1.13642e-07 9.53434e-09 6.79001e-10 4.10457e-11 2.08172e-12 8.55317e-14
 2.41604e-11 2.62353e-09 1.67961e-07 6.33968e-06 0.00014108 0.00185098 0.0143178 0.0652969 0.175573 0.278367 0.260377 0.144072 0.0477987 0.0101284 0.00170621 0.00030618 5.15795e-05 6.27765e-06 5.4451e-07 3.95907e-08 2.68346e-09 1.59685e-10 8.06335e-12 3.46572e-13 1.23054e-14
 2.41926e-11 2.62703e-09 1.68185e-07 6.34813e-06 0.000141268 0.00185345 0.0143369 0.0653837 0.175805 0.278722 0.260646 0.144044 0.047498 0.00978509 0.00150196 0.000235458 3.67359e-05 4.24316e-06 3.30711e-07 1.94097e-08 1.01939e-09 4.84766e-11 1.94167e-12 6.57445e-14 1.88573e-15
 2.42178e-11 2.62976e-09 1.6836e-07 6.35473e-06 0.000141415 0.00185538 0.0143518 0.0654516 0.175986 0.278999 0.260856 0.144023 0.0472624 0.00951632 0.00134237 0.000180594 2.55012e-05 2.81912e-06 2.07081e-07 1.0589e-08 4.47443e-10 1.72326e-11 5.61183e-13 1.48548e-14 3.28402e-16
 2.42359e-11 2.63172e-09 1.68485e-07 6.35948e-06 0.00014152 0.00185676 0.0143625 0.0655004 0.176116 0.279198 0.261007 0.144007 0.0470931 0.00932318 0.00122779 0.000141316 1.7541e-05 1.84506e-06 1.30861e-07 6.20019e-09 2.25912e-10 7.35093e-12 2.05782e-13 4.55193e-15 8.07228e-17
#obs catch len freq
 3.43495e-11 3.3186e-09 1.89028e-07 6.34802e-06 0.000125687 0.00146721 0.0100996 0.0410231 0.0986999 0.143521 0.138897 0.120861 0.121583 0.112926 0.084551 0.0563752 0.0351319 0.0195999 0.00954698 0.00391795 0.00128224 0.000318561 5.7503e-05 7.22506e-06 6.07831e-07
 5.02592e-11 4.68343e-09 2.57306e-07 8.33442e-06 0.000159163 0.0017921 0.0118986 0.0466219 0.108264 0.152368 0.144382 0.125713 0.125032 0.110433 0.0758633 0.0458175 0.0267489 0.0144189 0.00677679 0.00265386 0.000821988 0.000190928 3.16993e-05 3.61631e-06 2.74682e-07
 3.92228e-11 3.51923e-09 1.86164e-07 5.80607e-06 0.000106762 0.00115754 0.00740373 0.0280071 0.0635197 0.092387 0.10978 0.145409 0.181668 0.162782 0.103646 0.0549387 0.0276916 0.0131224 0.00559158 0.00203883 0.000593064 0.000128845 1.98491e-05 2.08284e-06 1.44345e-07
 1.39224e-10 1.20081e-08 6.10619e-07 1.83065e-05 0.000323581 0.00337213 0.0207207 0.0751026 0.160912 0.206146 0.167298 0.107758 0.0798499 0.0656374 0.0493637 0.0329335 0.0182713 0.00808975 0.00297269 0.000933694 0.000241172 4.76894e-05 6.75842e-06 6.53182e-07 4.15741e-08
 1.78573e-10 1.47827e-08 7.21493e-07 2.0761e-05 0.000352214 0.00352307 0.0207809 0.0723503 0.149414 0.187783 0.161454 0.130472 0.116671 0.0858545 0.043603 0.0168875 0.00656523 0.00279232 0.00106765 0.000320638 7.32354e-05 1.25651e-05 1.56818e-06 1.35993e-07 7.85852e-09
 2.90078e-10 2.30145e-08 1.07653e-06 2.96888e-05 0.000482723 0.0046276 0.0261594 0.0872657 0.172487 0.206311 0.164827 0.118376 0.0957835 0.0678709 0.0350142 0.0140018 0.00482602 0.00144237 0.000379152 9.17331e-05 1.90785e-05 3.01403e-06 3.36305e-07 2.56457e-08 1.30593e-09
 3.73732e-10 2.83793e-08 1.27052e-06 3.3535e-05 0.000521868 0.00478835 0.025911 0.082801 0.157369 0.184421 0.155374 0.131868 0.118522 0.0820569 0.0383088 0.0130005 0.00376499 0.000989142 0.000221567 4.06743e-05 6.12731e-06 7.50188e-07 7.08207e-08 4.78037e-09 2.17251e-10
 6.14327e-10 4.45898e-08 1.90813e-06 4.81417e-05 0.000716106 0.00628049 0.0324836 0.0991952 0.179937 0.200025 0.156139 0.118971 0.0981747 0.0647261 0.0295463 0.0100394 0.00286808 0.000691962 0.000132611 2.00207e-05 2.40631e-06 2.25805e-07 1.60185e-08 8.34323e-10 3.08373e-11
 9.19725e-10 6.37328e-08 2.60379e-06 6.27176e-05 0.000890669 0.00745773 0.0368274 0.107397 0.186268 0.199121 0.152615 0.117116 0.0952207 0.0600916 0.0258918 0.00822275 0.00220068 0.000506033 9.30233e-05 1.31221e-05 1.3964e-06 1.09754e-07 6.25189e-09 2.54263e-10 7.25357e-12
 1.32746e-09 8.77213e-08 3.41764e-06 7.85034e-05 0.00106315 0.00848934 0.0399827 0.111266 0.184658 0.19138 0.148682 0.120763 0.0991367 0.0602872 0.0246131 0.00732246 0.0018154 0.000384624 6.50987e-05 8.48e-06 8.36528e-07 6.0566e-08 3.10502e-09 1.09761e-10 2.627e-12
 2.08856e-09 1.31476e-07 4.87963e-06 0.000106774 0.0013775 0.0104783 0.0470131 0.124648 0.197189 0.195221 0.145727 0.113904 0.0888949 0.0506009 0.018804 0.0048336 0.000991039 0.000176657 2.61447e-05 3.02955e-06 2.6759e-07 1.74716e-08 8.1296e-10 2.61346e-11 5.66129e-13
 3.0498e-09 1.82709e-07 6.45339e-06 0.000134387 0.00164995 0.0119447 0.0510116 0.128832 0.194872 0.187663 0.14333 0.117886 0.0914247 0.0495067 0.0170513 0.00390222 0.00067378 9.82933e-05 1.19146e-05 1.12771e-06 8.18487e-08 4.50169e-09 1.81343e-10 5.14185e-12 9.9351e-14
 4.70994e-09 2.68282e-07 9.00963e-06 0.000178387 0.00208242 0.0143339 0.0582085 0.139838 0.201556 0.186364 0.139358 0.112786 0.0841609 0.0433262 0.0141542 0.00307031 0.000499133 6.70764e-05 7.22071e-06 5.79965e-07 3.42623e-08 1.50522e-09 4.8694e-11 1.12795e-12 1.81899e-14
 7.13143e-09 3.85895e-07 1.23112e-05 0.000231566 0.00256802 0.016793 0.0647945 0.148 0.2035 0.182075 0.136361 0.111094 0.0803319 0.0392726 0.0120929 0.00245271 0.0003687 4.5576e-05 4.5252e-06 3.3426e-07 1.78649e-08 6.90713e-10 1.90624e-11 3.66575e-13 4.82219e-15
 9.21988e-09 4.73585e-07 1.4342e-05 0.000256073 0.00269576 0.0167363 0.0613494 0.133582 0.178013 0.16492 0.144768 0.13483 0.0986874 0.0467291 0.0140263 0.00287267 0.000453828 5.83863e-05 5.72206e-06 3.99298e-07 1.96883e-08 6.94441e-10 1.73785e-11 3.00636e-13 3.5108e-15
 1.51922e-08 7.40235e-07 2.12647e-05 0.000360155 0.00359653 0.0211805 0.0736455 0.152075 0.191974 0.167631 0.137369 0.119565 0.0824456 0.0370078 0.01063 0.00211926 0.000331591 4.23618e-05 4.11526e-06 2.86399e-07 1.41292e-08 4.91913e-10 1.18286e-11 1.91496e-13 2.05415e-15
 2.29865e-08 1.06178e-06 2.89158e-05 0.00046428 0.00439534 0.024541 0.0809258 0.158732 0.191721 0.164353 0.136688 0.117803 0.077467 0.0325585 0.00858048 0.00151418 0.000202809 2.24998e-05 1.98961e-06 1.30753e-07 6.21207e-09 2.10138e-10 4.92618e-12 7.77652e-14 8.10247e-16
 3.30383e-08 1.446e-06 3.73127e-05 0.000567666 0.00509223 0.0269444 0.0842594 0.15725 0.183472 0.159649 0.141459 0.123488 0.0779652 0.0308672 0.0075702 0.0012168 0.000143794 1.37985e-05 1.05371e-06 5.95477e-08 2.42557e-09 7.14026e-11 1.50064e-12 2.18528e-14 2.14059e-16
 5.20113e-08 2.15601e-06 5.26921e-05 0.000759253 0.00645076 0.0323294 0.0957756 0.169476 0.188153 0.157346 0.134776 0.112614 0.0679857 0.0262513 0.00662661 0.0012071 0.000174009 1.93914e-05 1.52872e-06 8.15531e-08 2.9763e-09 7.62501e-11 1.37773e-12 1.72276e-14 1.45716e-16
 7.74284e-08 3.03889e-06 7.03188e-05 0.000959349 0.00771748 0.0366263 0.102814 0.1729 0.184783 0.154198 0.13447 0.11022 0.0638857 0.0239136 0.00606626 0.00116743 0.000181597 2.16351e-05 1.83695e-06 1.08512e-07 4.43807e-09 1.23502e-10 2.27629e-12 2.72458e-14 2.10396e-16
 1.20232e-07 4.46677e-06 9.7838e-05 0.00126349 0.0096214 0.0432269 0.114911 0.183294 0.18701 0.151355 0.128498 0.100582 0.0550681 0.0194268 0.00464955 0.000848666 0.000126812 1.4821e-05 1.26764e-06 7.72822e-08 3.30671e-09 9.67193e-11 1.88008e-12 2.38043e-14 1.93749e-16
 1.85838e-07 6.53433e-06 0.000135459 0.00165564 0.0119326 0.0507444 0.127732 0.19326 0.188315 0.147851 0.121927 0.0907842 0.0465906 0.0151909 0.00327641 0.000522799 6.80845e-05 7.12268e-06 5.59661e-07 3.19527e-08 1.30459e-09 3.71135e-11 7.1351e-13 9.04581e-15 7.42815e-17
 2.58232e-07 8.59286e-06 0.000168581 0.00195001 0.0133018 0.0535585 0.127875 0.185056 0.178307 0.148619 0.13049 0.0959929 0.0468762 0.0143975 0.00291099 0.00043159 5.14263e-05 4.83211e-06 3.34733e-07 1.66503e-08 5.94751e-10 1.50716e-11 2.63618e-13 3.09635e-15 2.39071e-17
 4.11403e-07 1.29556e-05 0.00024054 0.00263317 0.0169985 0.064771 0.14633 0.200228 0.181749 0.141406 0.115566 0.0797718 0.0368805 0.0108763 0.00216687 0.000325157 3.89699e-05 3.54853e-06 2.30017e-07 1.04404e-08 3.33832e-10 7.4697e-12 1.14489e-13 1.17687e-15 7.99317e-18
 5.9298e-07 1.76731e-05 0.000310547 0.00321743 0.019659 0.0709244 0.151942 0.198517 0.176468 0.140415 0.115933 0.0772294 0.0338407 0.00944546 0.00179053 0.000257606 2.97588e-05 2.62556e-06 1.66169e-07 7.38778e-09 2.29123e-10 4.86837e-12 6.92153e-14 6.47158e-16 3.94075e-18
 8.36241e-07 2.35899e-05 0.000392343 0.00384752 0.0222542 0.0760394 0.154637 0.193743 0.170977 0.141602 0.118496 0.0761471 0.0316711 0.00840287 0.00152773 0.000212273 2.35515e-05 1.97397e-06 1.18059e-07 4.9649e-09 1.4625e-10 2.96457e-12 4.03114e-14 3.60058e-16 2.08235e-18
 1.12723e-06 3.0101e-05 0.000473913 0.00439955 0.0240943 0.0780177 0.150964 0.183104 0.164987 0.146909 0.125927 0.078789 0.0318626 0.00850897 0.00164869 0.000251068 2.93689e-05 2.45704e-06 1.42255e-07 5.71588e-09 1.59566e-10 3.04482e-12 3.88083e-14 3.2449e-16 1.75835e-18
 1.82415e-06 4.61166e-05 0.000687386 0.00604133 0.031321 0.0959813 0.175517 0.199874 0.165559 0.132545 0.103596 0.0600106 0.0223759 0.00539141 0.000914916 0.000121993 1.31149e-05 1.06921e-06 6.26441e-08 2.56914e-09 7.20409e-11 1.34658e-12 1.64617e-14 1.30216e-16 6.62033e-19
 2.30171e-06 5.50976e-05 0.000777625 0.00647187 0.0317849 0.0924293 0.161655 0.181812 0.162046 0.146834 0.119105 0.0668366 0.0237229 0.00545465 0.000888853 0.000112962 1.1265e-05 8.28362e-07 4.32522e-08 1.59798e-09 4.1522e-11 7.41208e-13 8.82789e-15 6.84878e-17 3.40117e-19
#spawning biomass
 6932.82 6933.4 4632.01 4605.9 7080.58 10193.5 12715 16940.8 23857.2 31009.7 41846.9 61918.9 74246.1 87551.7 81543.1 78516.3 77450.2 60731.1 64431.3 69328.3 64558.8 66316.3 69468.5 76413.4 78131.6 85482.6 93655.2 71638.6 66991.3 67044.8 103161 70143.6 44635.5 30091.8 22969.4 19786.4 18446.9 17906.3 17694.6 17613.4 17582.8 17571.4 17567.2 17565.7 17565.1 17564.9 17564.8 17564.8 17564.8 17564.8 17564.8 17564.8 17564.8 17564.8 17564.8 17564.8 17564.8 17564.8 17564.8 17564.8 17564.8 17564.8 17564.8 17564.8 17564.8 17564.8 17564.8 17564.8 17564.8 17564.8 17564.8 17564.8 17564.8 17564.8 17564.8 17564.8 17564.8 17564.8 17564.8 17564.8 17564.8 17564.8 17564.8 17564.8 17564.8 17564.8 17564.8 17564.8 17564.8 17564.8 17564.8 17564.8 17564.8 17564.8 17564.8 17564.8 17564.8 17564.8 17564.8 17564.8 17564.8 17564.8 17564.8 17564.8 17564.8 17564.8 17564.8 17564.8 17564.8 17564.8 17564.8 17564.8 17564.8 17564.8 17564.8 17564.8 17564.8 17564.8 17564.8 17564.8 17564.8 17564.8 17564.8 17564.8 17564.8 17564.8 17564.8 17564.8 17564.8 0 0 0 0 0 0 0 0 0 0 0 0 0 0 0 0 0 0 0 0 0 0 0 0 0
