SBPRF35
0.571314
Curr Bio
242341
B35
1.31714e+06
F35
0.30022
FOFL
0.0748795
OFL
13633.2
Bzero
163232
#pred survey bio
 24896.4 31561.8 22067.5 15730.4 30548.2 43093.8 76818 128237 172890 185843 176202 213468 270824 266841 252813 237430 249527 243677 273736 251014 269798 294495 296449 303650 266352 296673 297491 311004 1.56087e+07 1.44714e+07 1.40219e+07 1.18345e+07 9.28092e+06 7.02475e+06 5.27473e+06 4.01328e+06 3.1428e+06 2.55702e+06 2.16767e+06 1.90961e+06 1.73779e+06 1.62224e+06 1.54272e+06 1.48621e+06 1.44711e+06 1.4195e+06 1.39964e+06 1.38512e+06 1.37436e+06 1.3663e+06 1.3602e+06 1.35556e+06 1.35201e+06 1.34929e+06 1.34719e+06 1.34556e+06 1.3443e+06 1.34333e+06 1.34257e+06 1.34199e+06 1.34153e+06 1.34118e+06 1.3409e+06 1.34069e+06 1.34052e+06 1.34039e+06 1.34029e+06 1.34021e+06 1.34015e+06 1.3401e+06 1.34007e+06 1.34004e+06 1.34002e+06 1.34e+06 1.33999e+06 1.33998e+06 1.33997e+06 1.33996e+06 1.33996e+06 1.33995e+06 1.33995e+06 1.33995e+06 1.33995e+06 1.33994e+06 1.33994e+06 1.33994e+06 1.33994e+06 1.33994e+06 1.33994e+06 1.33994e+06 1.33994e+06 1.33994e+06 1.33994e+06 1.33994e+06 1.33994e+06 1.33994e+06 1.33994e+06 1.33994e+06 1.33994e+06 1.33994e+06 1.33994e+06 1.33994e+06 1.33994e+06 1.33994e+06 1.33994e+06 1.33994e+06 1.33994e+06 1.33994e+06 1.33994e+06 1.33994e+06 1.33994e+06 1.33994e+06 1.33994e+06 1.33994e+06 1.33994e+06 1.33994e+06 1.33994e+06 1.33994e+06 1.33994e+06 1.33994e+06 1.33994e+06 1.33994e+06 1.33994e+06 1.33994e+06 1.33994e+06 1.33994e+06 1.33994e+06 1.33994e+06 0 0 0 0 0 0 0 0 0 0 0 0 0 0 0 0 0 0 0 0 0 0 0 0 0
#obs survey bio
 18829.6 25495.5 13461.4 22187.4 24828.2 49547.8 77431.1 102439 148830 179452 148508 163519 279338 192071 197772 174561 241579 233201 307465 180392 289827 328954 191020 232443 211242 261944 289146 270372
#pred catch bio
 8878.86 17962.5 14619.3 8493.98 20643 28691.7 50831 90963.1 128111 147261 136192 163662 220041 215282 213502 193379 208288 199362 232538 212748 229196 249836 254375 268269 230900 257849 268322 210483 13633.2 156605 149470 123183 93706.3 68335.4 49170.5 35781.6 26896.4 21206.5 17654.9 15479.4 14165.4 13380.3 12913 12634.4 12473.9 12381.4 12328.1 12297.4 12279.7 12269.5 12263.6 12260.2 12258.3 12257.1 12256.5 12256.1 12255.9 12255.8 12255.7 12255.7 12255.7 12255.6 12255.6 12255.6 12255.6 12255.6 12255.6 12255.6 12255.6 12255.6 12255.6 12255.6 12255.6 12255.6 12255.6 12255.6 12255.6 12255.6 12255.6 12255.6 12255.6 12255.6 12255.6 12255.6 12255.6 12255.6 12255.6 12255.6 12255.6 12255.6 12255.6 12255.6 12255.6 12255.6 12255.6 12255.6 12255.6 12255.6 12255.6 12255.6 12255.6 12255.6 12255.6 12255.6 12255.6 12255.6 12255.6 12255.6 12255.6 12255.6 12255.6 12255.6 12255.6 12255.6 12255.6 12255.6 12255.6 12255.6 12255.6 12255.6 12255.6 12255.6 12255.6 12255.6 12255.6 12255.6 12255.6 12255.6 0 0 0 0 0 0 0 0 0 0 0 0 0 0 0 0 0 0 0 0 0 0 0 0 0
#obs catch bio
 16272.3 19444.4 17239.9 8024.33 14416.1 21629.4 40098.5 76947 117658 131484 123511 151361 198892 196121 188661 192642 178179 165272 201302 185045 194320 201762 216007 239459 187995 217351 216801 174462
#pred cpue bio
 16625.4 24724.4 19925.8 9389.2 13418.9 20544.1 30214.7 54663.9 78259.5 93464.7 81625.6 85825.3 107783 111667 111972 88552.6 98074.1 93016.2 99558.6 94911.4 89083.8 95993.5 104545 99762.2 87709.5 86911.5 95299.1 78585.3 7.45371e+06 1.43104e+07 1.39044e+07 1.1715e+07 9.16129e+06 6.90512e+06 5.1551e+06 3.89365e+06 3.02317e+06 2.43739e+06 2.04804e+06 1.78998e+06 1.61816e+06 1.50261e+06 1.42309e+06 1.36658e+06 1.32748e+06 1.29987e+06 1.28001e+06 1.26549e+06 1.25473e+06 1.24667e+06 1.24057e+06 1.23593e+06 1.23238e+06 1.22966e+06 1.22755e+06 1.22593e+06 1.22467e+06 1.2237e+06 1.22294e+06 1.22236e+06 1.2219e+06 1.22155e+06 1.22127e+06 1.22106e+06 1.22089e+06 1.22076e+06 1.22066e+06 1.22058e+06 1.22052e+06 1.22047e+06 1.22044e+06 1.22041e+06 1.22039e+06 1.22037e+06 1.22036e+06 1.22035e+06 1.22034e+06 1.22033e+06 1.22033e+06 1.22032e+06 1.22032e+06 1.22032e+06 1.22031e+06 1.22031e+06 1.22031e+06 1.22031e+06 1.22031e+06 1.22031e+06 1.22031e+06 1.22031e+06 1.22031e+06 1.22031e+06 1.22031e+06 1.22031e+06 1.22031e+06 1.22031e+06 1.22031e+06 1.22031e+06 1.22031e+06 1.22031e+06 1.22031e+06 1.22031e+06 1.22031e+06 1.22031e+06 1.22031e+06 1.22031e+06 1.22031e+06 1.22031e+06 1.22031e+06 1.22031e+06 1.22031e+06 1.22031e+06 1.22031e+06 1.22031e+06 1.22031e+06 1.22031e+06 1.22031e+06 1.22031e+06 1.22031e+06 1.22031e+06 1.22031e+06 1.22031e+06 1.22031e+06 1.22031e+06 1.22031e+06 1.22031e+06 1.22031e+06 1.22031e+06 0 0 0 0 0 0 0 0 0 0 0 0 0 0 0 0 0 0 0 0 0 0 0 0 0
#obs cpue bio
 22974.7 26589.7 13053.6 21053.9 33378.5 69931.4 65791.6 120732 127173 167864 142967 144436 174222 206893 244481 115280 210848 195243 165842 211221 170086 206195 278332 215333 247302 194273 239259 174150
#pred surv len freq
 1.52176e-11 1.65172e-09 1.0571e-07 3.98917e-06 8.87639e-05 0.00116462 0.00901074 0.0411265 0.110941 0.178571 0.179545 0.134595 0.104278 0.0843057 0.0576132 0.0351062 0.0216208 0.0134456 0.00857756 0.0058119 0.00427449 0.00346165 0.00293122 0.00223235 0.00129503
 1.07074e-11 1.16219e-09 7.438e-08 2.80687e-06 6.24568e-05 0.000819488 0.00634144 0.0289672 0.0784674 0.128941 0.142076 0.139151 0.147846 0.13463 0.0890856 0.0477206 0.0250471 0.0133758 0.00716832 0.00395561 0.00233747 0.00155339 0.00115006 0.000826346 0.000475455
 5.5354e-12 6.00814e-10 3.84521e-08 1.45107e-06 3.22888e-05 0.000423694 0.00328011 0.0150169 0.0411391 0.0713092 0.0956941 0.13493 0.18314 0.181579 0.126564 0.0723791 0.0389492 0.0192154 0.00871033 0.00389587 0.00179969 0.000906066 0.000526554 0.000328738 0.000178917
 1.672e-11 1.81479e-09 1.16147e-07 4.38301e-06 9.75273e-05 0.00127959 0.00989987 0.0451755 0.121737 0.194927 0.191198 0.13089 0.0870003 0.0678965 0.0536933 0.0408669 0.0277005 0.0154301 0.00727095 0.00303424 0.0011579 0.000435163 0.00017942 8.51268e-05 4.01739e-05
 1.85935e-11 2.01814e-09 1.29161e-07 4.87413e-06 0.000108455 0.00142297 0.0110092 0.0502393 0.135404 0.216981 0.213598 0.147896 0.0981901 0.0682206 0.0369851 0.0135151 0.00385707 0.00137147 0.000681428 0.00032461 0.000128159 4.28876e-05 1.3198e-05 4.24734e-06 1.49098e-06
 1.77278e-11 1.92418e-09 1.23147e-07 4.64719e-06 0.000103406 0.00135673 0.0104969 0.0479061 0.12918 0.207532 0.206771 0.149776 0.108077 0.0788542 0.0424729 0.0142538 0.00285279 0.000337416 2.35419e-05 9.68604e-07 2.35046e-08 3.38207e-10 3.44308e-12 1.67152e-13 3.67107e-14
 1.92966e-11 2.09446e-09 1.34045e-07 5.05846e-06 0.000112557 0.00147678 0.0114254 0.0521359 0.140478 0.224811 0.21988 0.148416 0.0933752 0.0620756 0.0325176 0.0108472 0.00216838 0.00025641 1.78897e-05 7.36129e-07 1.78673e-08 2.56015e-10 2.17242e-12 1.10383e-14 3.48545e-17
 1.87009e-11 2.0298e-09 1.29907e-07 4.90228e-06 0.000109082 0.00143119 0.0110728 0.0505296 0.136188 0.218249 0.214902 0.148932 0.0989582 0.0684473 0.0362981 0.0121409 0.00242828 0.00028717 2.00356e-05 8.24325e-07 1.99988e-08 2.86086e-10 2.41329e-12 1.20073e-14 3.52609e-17
 1.82016e-11 1.97561e-09 1.26439e-07 4.77141e-06 0.00010617 0.00139299 0.0107774 0.0491837 0.132593 0.212751 0.210731 0.149365 0.103636 0.0737862 0.0394659 0.0132248 0.00264606 0.000312947 2.18343e-05 8.98331e-07 2.17941e-08 3.11759e-10 2.6296e-12 1.30789e-14 3.83583e-17
 1.71912e-11 1.86594e-09 1.1942e-07 4.50653e-06 0.000100276 0.00131567 0.0101793 0.0464594 0.125316 0.201622 0.202288 0.150241 0.113105 0.0845929 0.0458779 0.0154189 0.00308687 0.000365124 2.54753e-05 1.04814e-06 2.54285e-08 3.63748e-10 3.06808e-12 1.52594e-14 4.47491e-17
 1.79953e-11 1.95322e-09 1.25006e-07 4.71733e-06 0.000104966 0.0013772 0.0106553 0.0486274 0.131107 0.210479 0.209007 0.149544 0.10557 0.0759928 0.0407751 0.0136728 0.00273607 0.000323601 2.25778e-05 9.28919e-07 2.25362e-08 3.22374e-10 2.7191e-12 1.35237e-14 3.96583e-17
 1.91417e-11 2.07765e-09 1.32969e-07 5.01785e-06 0.000111653 0.00146493 0.0113338 0.0517182 0.139363 0.223105 0.218585 0.14855 0.0948268 0.0637323 0.0335005 0.0111836 0.00223595 0.000264405 1.8447e-05 7.58962e-07 1.84129e-08 2.63391e-10 2.22161e-12 1.10493e-14 3.24022e-17
 1.92143e-11 2.08553e-09 1.33473e-07 5.03687e-06 0.000112077 0.00147048 0.0113767 0.0519139 0.139886 0.223904 0.219192 0.148487 0.0941468 0.0629562 0.03304 0.011026 0.00220429 0.000260658 1.81855e-05 7.48203e-07 1.81519e-08 2.59658e-10 2.19011e-12 1.08927e-14 3.19429e-17
 1.88445e-11 2.04539e-09 1.30905e-07 4.93993e-06 0.000109919 0.00144218 0.0111578 0.0509168 0.137222 0.219831 0.216102 0.148808 0.0976123 0.0669112 0.0353867 0.011829 0.00236562 0.000279753 1.9518e-05 8.03029e-07 1.9482e-08 2.78685e-10 2.3506e-12 1.16909e-14 3.42836e-17
 1.83885e-11 1.99589e-09 1.27737e-07 4.82039e-06 0.00010726 0.00140729 0.010888 0.0496874 0.133939 0.214809 0.212292 0.149203 0.101885 0.071788 0.0382803 0.0128191 0.00256455 0.000303299 2.11611e-05 8.70632e-07 2.11221e-08 3.02146e-10 2.54849e-12 1.26751e-14 3.71698e-17
 1.96505e-11 2.13287e-09 1.36504e-07 5.15122e-06 0.000114621 0.00150386 0.0116349 0.05309 0.143027 0.228709 0.222836 0.148109 0.090059 0.058291 0.030272 0.0100788 0.002014 0.000238133 1.66137e-05 6.83533e-07 1.65829e-08 2.37214e-10 2.00081e-12 9.95119e-15 2.91819e-17
 1.93017e-11 2.09502e-09 1.34081e-07 5.05979e-06 0.000112587 0.00147717 0.0114285 0.0521496 0.140515 0.224868 0.219922 0.148411 0.0933274 0.062021 0.0324852 0.0108361 0.00216615 0.000256143 1.78705e-05 7.3524e-07 1.78374e-08 2.55159e-10 2.15217e-12 1.0704e-14 3.13895e-17
 1.94997e-11 2.1165e-09 1.35456e-07 5.11168e-06 0.000113741 0.00149232 0.0115456 0.0526833 0.141941 0.227048 0.221576 0.14824 0.0914724 0.059904 0.0312291 0.0104063 0.00207979 0.000245921 1.71572e-05 7.05894e-07 1.71254e-08 2.44974e-10 2.06627e-12 1.02767e-14 3.01366e-17
 1.9808e-11 2.14996e-09 1.37597e-07 5.19249e-06 0.000115539 0.00151591 0.0117281 0.0535145 0.144161 0.230443 0.224152 0.147972 0.0885836 0.0566071 0.0292729 0.00973695 0.00194531 0.000230003 1.60464e-05 6.60192e-07 1.60166e-08 2.29114e-10 1.93249e-12 9.61136e-15 2.81854e-17
 1.95621e-11 2.12327e-09 1.35889e-07 5.12803e-06 0.000114105 0.0014971 0.0115825 0.0528515 0.14239 0.227735 0.222097 0.148186 0.090888 0.059237 0.0308333 0.0102709 0.00205259 0.000242701 1.69325e-05 6.96647e-07 1.69011e-08 2.41765e-10 2.0392e-12 1.01421e-14 2.97418e-17
 2.03604e-11 2.20992e-09 1.41435e-07 5.33731e-06 0.000118762 0.00155819 0.012055 0.0550039 0.148139 0.236527 0.228768 0.147493 0.0834068 0.050699 0.0257674 0.00853742 0.00170432 0.000201478 1.40559e-05 5.78292e-07 1.40297e-08 2.00691e-10 1.69275e-12 8.41902e-15 2.46889e-17
 2.04282e-11 2.21728e-09 1.41906e-07 5.35508e-06 0.000119157 0.00156338 0.0120951 0.0551866 0.148627 0.237274 0.229334 0.147435 0.0827715 0.049974 0.0253372 0.00839022 0.00167474 0.000197977 1.38116e-05 5.68242e-07 1.37859e-08 1.97203e-10 1.66333e-12 8.2727e-15 2.42598e-17
 1.9993e-11 2.17004e-09 1.38882e-07 5.24099e-06 0.000116618 0.00153007 0.0118376 0.0540132 0.145493 0.23248 0.225698 0.147812 0.0868501 0.0546287 0.028099 0.00933526 0.00186461 0.000220451 1.53799e-05 6.32766e-07 1.53513e-08 2.19596e-10 1.85221e-12 9.21208e-15 2.70145e-17
 2.03868e-11 2.21279e-09 1.41618e-07 5.34423e-06 0.000118916 0.00156021 0.0120706 0.055075 0.148329 0.236818 0.228988 0.147471 0.0831594 0.0504167 0.0255999 0.0084801 0.0016928 0.000200115 1.39608e-05 5.74379e-07 1.39347e-08 1.99333e-10 1.6813e-12 8.36204e-15 2.45218e-17
 2.03747e-11 2.21147e-09 1.41534e-07 5.34105e-06 0.000118845 0.00155928 0.0120635 0.0550423 0.148242 0.236684 0.228887 0.147481 0.0832732 0.0505465 0.0256769 0.00850646 0.0016981 0.000200742 1.40045e-05 5.76178e-07 1.39784e-08 1.99957e-10 1.68656e-12 8.38824e-15 2.45986e-17
 2.0944e-11 2.27326e-09 1.45489e-07 5.49029e-06 0.000122165 0.00160284 0.0124004 0.0565772 0.152341 0.242955 0.233644 0.146988 0.0779383 0.044458 0.0220644 0.0072703 0.00144974 0.000171345 1.19532e-05 4.91778e-07 1.19308e-08 1.70666e-10 1.43951e-12 7.15949e-15 2.09953e-17
 2.05177e-11 2.227e-09 1.42527e-07 5.37854e-06 0.000119679 0.00157022 0.0121481 0.0554279 0.149272 0.23826 0.230082 0.147357 0.0819329 0.0490169 0.0247694 0.00819591 0.0016357 0.000193356 1.34892e-05 5.54975e-07 1.3464e-08 1.92599e-10 1.6245e-12 8.07955e-15 2.36933e-17
 2.15421e-11 2.33819e-09 1.49644e-07 5.64709e-06 0.000125654 0.00164862 0.0127544 0.0581899 0.156649 0.249543 0.238642 0.146469 0.072333 0.0380608 0.0182687 0.00597149 0.0011888 0.000140458 9.79788e-06 4.03099e-07 9.77938e-09 1.39891e-10 1.17993e-12 5.86846e-15 1.72093e-17
#obs surv len freq
 4.81843e-11 4.46555e-09 2.44024e-07 7.86278e-06 0.000149386 0.00167358 0.0110574 0.0431206 0.0996909 0.139804 0.132334 0.115758 0.117753 0.112263 0.0906513 0.0649828 0.0397297 0.0196738 0.0079295 0.00259839 0.000670672 0.000130727 1.84413e-05 1.8101e-06 1.19598e-07
 2.916e-11 2.60648e-09 1.37376e-07 4.26927e-06 7.82341e-05 0.000845448 0.00539131 0.0203538 0.0462806 0.0688139 0.087693 0.126155 0.167363 0.167075 0.132403 0.0906546 0.0515624 0.0233247 0.00860606 0.00262603 0.000637034 0.000116153 1.51833e-05 1.37044e-06 8.28503e-08
 1.49381e-11 1.28563e-09 6.5241e-08 1.95217e-06 3.44449e-05 0.00035846 0.0022029 0.00804606 0.0180524 0.0287401 0.0458976 0.0828036 0.131717 0.173324 0.190796 0.160872 0.0964166 0.0418134 0.0140778 0.00384704 0.000839764 0.000139583 1.67784e-05 1.39472e-06 7.74448e-08
 2.66577e-10 2.2054e-08 1.07581e-06 3.09439e-05 0.000524807 0.00524821 0.0309466 0.107601 0.220642 0.267043 0.191651 0.0839774 0.0274846 0.0148579 0.0156119 0.0149723 0.0107103 0.0056825 0.00222602 0.000635384 0.000131727 1.9828e-05 2.13596e-06 1.59969e-07 8.06198e-09
 1.81154e-10 1.43844e-08 6.7348e-07 1.85928e-05 0.000302665 0.00290544 0.0164551 0.0551191 0.110616 0.141613 0.145004 0.16142 0.168433 0.121128 0.0542675 0.0159568 0.00420949 0.00158812 0.00067808 0.000224231 5.13787e-05 7.94966e-06 8.23413e-07 5.67583e-08 2.58145e-09
 4.37839e-10 3.33207e-08 1.4952e-06 3.95616e-05 0.000617214 0.00567799 0.0308029 0.0985938 0.186696 0.212106 0.154949 0.0941148 0.0694278 0.0585596 0.045259 0.0277306 0.0116923 0.00312696 0.000531194 6.54097e-05 7.86867e-06 1.0005e-06 1.02322e-07 7.04382e-09 3.10117e-10
 5.66749e-10 4.12815e-08 1.77299e-06 4.49e-05 0.000670467 0.00590364 0.0306605 0.0940397 0.171479 0.19226 0.153002 0.120361 0.102163 0.0704031 0.0359391 0.0151726 0.00567769 0.00174651 0.000401292 6.46694e-05 7.04651e-06 5.25056e-07 2.90743e-08 1.31856e-09 4.77687e-11
 7.45531e-10 5.19089e-08 2.1311e-06 5.15889e-05 0.000736378 0.00619823 0.0307758 0.0903059 0.158088 0.173007 0.14241 0.123872 0.112518 0.0824296 0.0472416 0.0221117 0.00790495 0.00196483 0.000335317 4.20834e-05 4.17601e-06 3.21265e-07 1.76179e-08 6.48443e-10 1.58425e-11
 9.75452e-10 6.48445e-08 2.54172e-06 5.8745e-05 0.000800592 0.00643414 0.0305092 0.0855821 0.14397 0.155075 0.134946 0.129939 0.123279 0.0927279 0.0559288 0.0275223 0.0101259 0.0025819 0.000453707 5.65661e-05 5.09343e-06 3.30162e-07 1.53039e-08 5.03078e-10 1.14609e-11
 1.37112e-09 8.69255e-08 3.24942e-06 7.16233e-05 0.0009309 0.00713523 0.0322747 0.0864533 0.139602 0.147635 0.133424 0.135157 0.128131 0.0946402 0.056034 0.0266588 0.00926386 0.00218946 0.000352976 4.06085e-05 3.44544e-06 2.13267e-07 9.29582e-09 2.76654e-10 5.5155e-12
 2.49402e-09 1.50633e-07 5.36448e-06 0.000112648 0.00139482 0.0101848 0.0438792 0.111847 0.171037 0.167668 0.133057 0.117076 0.102507 0.0726877 0.0417314 0.0190275 0.00621496 0.00135262 0.000195881 1.9743e-05 1.45294e-06 7.89427e-08 3.08992e-09 8.4284e-11 1.55676e-12
 3.71432e-09 2.13512e-07 7.23689e-06 0.000144635 0.00170448 0.011846 0.0485856 0.118013 0.172812 0.165632 0.135038 0.122362 0.103066 0.0668472 0.0343278 0.0142071 0.00434951 0.000912711 0.000130203 1.30113e-05 9.30018e-07 4.71285e-08 1.6569e-09 3.97788e-11 6.45261e-13
 5.23461e-09 2.86124e-07 9.22171e-06 0.000175251 0.00196388 0.0129795 0.0506413 0.117218 0.164948 0.157195 0.136455 0.130602 0.10875 0.0680503 0.0334749 0.0130675 0.00368539 0.000691574 8.51115e-05 7.13742e-06 4.30947e-07 1.922e-08 6.2003e-10 1.38954e-11 2.09078e-13
 7.54946e-09 3.92054e-07 1.2005e-05 0.000216757 0.00230778 0.0144921 0.0537428 0.118431 0.15991 0.150627 0.135619 0.132824 0.109953 0.0692231 0.0346921 0.0135155 0.00369168 0.000659182 7.63735e-05 5.93779e-06 3.2344e-07 1.25912e-08 3.46587e-10 6.60894e-12 8.59002e-14
 1.06012e-08 5.2265e-07 1.51934e-05 0.000260432 0.00263241 0.0156957 0.0552984 0.116106 0.151382 0.144248 0.138956 0.140019 0.113855 0.070135 0.0344094 0.0129603 0.00338238 0.000575356 6.37205e-05 4.75695e-06 2.48496e-07 9.17322e-09 2.34934e-10 4.076e-12 4.71418e-14
 1.70458e-08 7.97264e-07 2.19874e-05 0.000357553 0.00342871 0.0193953 0.0648349 0.129215 0.160194 0.145881 0.134983 0.130733 0.103222 0.0628422 0.0305053 0.0111354 0.0027608 0.000441071 4.55625e-05 3.15821e-06 1.53097e-07 5.26691e-09 1.2643e-10 2.0616e-12 2.23584e-14
 2.63461e-08 1.16833e-06 3.05495e-05 0.000471019 0.00428257 0.0229712 0.0728436 0.137996 0.164068 0.147183 0.136809 0.128801 0.0957982 0.0540843 0.0242343 0.00821001 0.00190194 0.000285081 2.7676e-05 1.80147e-06 8.1678e-08 2.61177e-09 5.79391e-11 8.70291e-13 8.69203e-15
 3.75126e-08 1.57642e-06 3.90622e-05 0.000570742 0.00491779 0.0250028 0.075214 0.135714 0.156395 0.142865 0.139359 0.132075 0.0973344 0.0552338 0.0248497 0.00827242 0.0018575 0.000270773 2.5946e-05 1.69147e-06 7.68144e-08 2.41687e-09 5.15058e-11 7.28863e-13 6.77116e-15
 5.61021e-08 2.23326e-06 5.24189e-05 0.000725503 0.00592174 0.0285239 0.0813486 0.139596 0.154997 0.140934 0.138539 0.129221 0.0937618 0.0530958 0.0236887 0.00767153 0.00166143 0.000235016 2.2181e-05 1.44446e-06 6.58015e-08 2.06644e-09 4.36295e-11 6.07289e-13 5.5007e-15
 8.43592e-08 3.17992e-06 7.0679e-05 0.000926337 0.00716018 0.0326669 0.0883191 0.144261 0.154963 0.141281 0.139715 0.126616 0.088119 0.0478293 0.0203528 0.00624743 0.00128088 0.00017223 1.55679e-05 9.78594e-07 4.327e-08 1.32352e-09 2.72891e-11 3.71477e-13 3.28806e-15
 1.31846e-07 4.70514e-06 9.90079e-05 0.0012285 0.00899012 0.0388362 0.0994736 0.154305 0.158852 0.141249 0.136033 0.1183 0.0789278 0.0411355 0.0166829 0.00482902 0.000926885 0.000116141 9.75331e-06 5.69506e-07 2.34826e-08 6.74161e-10 1.31315e-11 1.69738e-13 1.43181e-15
 2.03236e-07 6.8654e-06 0.000136749 0.00160617 0.0111265 0.0455075 0.110444 0.162896 0.161488 0.141404 0.133264 0.110671 0.0698248 0.0342926 0.0130648 0.00354603 0.000637992 7.49269e-05 5.88977e-06 3.20755e-07 1.22714e-08 3.25388e-10 5.84054e-12 6.95976e-14 5.42633e-16
 2.31587e-07 7.40476e-06 0.000139606 0.00155215 0.0101808 0.039478 0.0914078 0.132257 0.141331 0.150546 0.160649 0.133969 0.0817118 0.0385205 0.0139798 0.00358795 0.000608822 6.74992e-05 5.01637e-06 2.57985e-07 9.2748e-09 2.29543e-10 3.82151e-12 4.2027e-14 3.01316e-16
 4.06338e-07 1.22974e-05 0.00021945 0.00230931 0.0143351 0.0525786 0.114846 0.154902 0.148531 0.137128 0.134226 0.111962 0.073186 0.0375082 0.0140805 0.00353992 0.000570988 5.93854e-05 4.1156e-06 1.96894e-07 6.584e-09 1.51693e-10 2.35145e-12 2.40484e-14 1.59943e-16
 6.01492e-07 1.7231e-05 0.000291064 0.00289938 0.0170394 0.0592067 0.122877 0.159456 0.152755 0.145275 0.138631 0.104921 0.0593302 0.0261498 0.00875348 0.00204573 0.000316881 3.25086e-05 2.26258e-06 1.08624e-07 3.57302e-09 7.89024e-11 1.14898e-12 1.09132e-14 6.70737e-17
 7.44735e-07 2.01966e-05 0.000322966 0.00304585 0.0169531 0.0558832 0.110872 0.141926 0.145718 0.155514 0.153843 0.114542 0.0633785 0.0271678 0.00864938 0.00187422 0.000263022 2.39282e-05 1.45853e-06 6.18666e-08 1.85155e-09 3.84354e-11 5.37164e-13 4.92372e-15 2.90388e-17
 1.07824e-06 2.76846e-05 0.000419147 0.00374263 0.0197256 0.0616037 0.116065 0.142339 0.142869 0.150609 0.147181 0.111043 0.0643303 0.0286905 0.00914277 0.00192587 0.000260324 2.28427e-05 1.34187e-06 5.41052e-08 1.50022e-09 2.81523e-11 3.51303e-13 2.88076e-15 1.53839e-17
 1.54074e-06 3.74588e-05 0.00053702 0.00454083 0.0226692 0.0671411 0.1206 0.143776 0.145755 0.154932 0.146307 0.104353 0.0567832 0.0237811 0.00714876 0.00143316 0.00018686 1.60753e-05 9.37623e-07 3.75795e-08 1.02482e-09 1.86202e-11 2.21384e-13 1.70236e-15 8.39377e-18
#pred catch len freq
 2.02752e-12 2.20067e-10 1.40843e-08 5.31506e-07 1.18276e-05 0.000155243 0.00120347 0.00554765 0.0157175 0.0313779 0.060206 0.120685 0.187983 0.19413 0.140164 0.0862405 0.0531834 0.0330778 0.0211011 0.0142971 0.010515 0.00851546 0.00721064 0.00549146 0.00318569
 1.25327e-12 1.36031e-10 8.70599e-09 3.28547e-07 7.31166e-06 9.60047e-05 0.000745653 0.00346992 0.0102752 0.0239296 0.0588782 0.13571 0.218321 0.222296 0.150517 0.0809412 0.0424951 0.0226905 0.0121592 0.00670935 0.00396467 0.00263475 0.00195065 0.00140159 0.000806434
 4.93391e-13 5.3553e-11 3.42744e-09 1.29351e-07 2.87932e-06 3.78523e-05 0.000295801 0.00141848 0.00476549 0.0152573 0.0510962 0.132482 0.219873 0.228078 0.160364 0.0918212 0.0494072 0.0243713 0.0110464 0.00494046 0.00228219 0.00114898 0.000667719 0.00041687 0.000226883
 4.30259e-12 4.67005e-10 2.98883e-08 1.1279e-06 2.50977e-05 0.000329334 0.00254969 0.0116747 0.032009 0.0556911 0.0757005 0.109209 0.153245 0.165006 0.140415 0.10794 0.0731983 0.0407678 0.0192087 0.00801559 0.00305878 0.00114954 0.000473963 0.000224874 0.000106125
 1.4491e-11 1.57286e-09 1.00663e-07 3.7987e-06 8.4526e-05 0.00110903 0.00858117 0.0391781 0.105853 0.171736 0.179028 0.150646 0.135365 0.111112 0.0630219 0.0232395 0.00663549 0.00235501 0.00116902 0.000556793 0.000219821 7.35617e-05 2.26375e-05 7.28511e-06 2.55735e-06
 1.25797e-11 1.36541e-09 8.73859e-08 3.29768e-06 7.33778e-05 0.000962776 0.00745004 0.0340265 0.0921075 0.150832 0.163757 0.154239 0.156319 0.133911 0.0751402 0.025432 0.0050986 0.000603242 4.20915e-05 1.73183e-06 4.20254e-08 6.04684e-10 6.15054e-12 2.97458e-13 6.53012e-14
 1.56811e-11 1.70203e-09 1.0893e-07 4.11067e-06 9.14677e-05 0.00120011 0.00928558 0.042388 0.114442 0.18499 0.18967 0.151551 0.127256 0.100743 0.0554603 0.0186978 0.00374566 0.000443105 3.0918e-05 1.27224e-06 3.08796e-08 4.42462e-10 3.75441e-12 1.90746e-14 6.02092e-17
 1.54171e-11 1.67338e-09 1.07096e-07 4.04148e-06 8.99281e-05 0.00117991 0.00912935 0.0416764 0.112541 0.182083 0.187465 0.151779 0.12973 0.103566 0.0571353 0.019271 0.0038608 0.000456729 3.18676e-05 1.31115e-06 3.18096e-08 4.55041e-10 3.83852e-12 1.90985e-14 5.60846e-17
 1.5112e-11 1.64027e-09 1.04977e-07 3.9615e-06 8.81485e-05 0.00115656 0.00894878 0.0408538 0.110344 0.178723 0.184915 0.152044 0.132589 0.106829 0.0590713 0.0199334 0.00399389 0.000472483 3.29669e-05 1.35637e-06 3.29066e-08 4.70721e-10 3.97039e-12 1.97476e-14 5.79166e-17
 1.44173e-11 1.56486e-09 1.00151e-07 3.77938e-06 8.40961e-05 0.00110339 0.0085376 0.0389807 0.10534 0.171071 0.179111 0.152646 0.139099 0.114259 0.0634798 0.021442 0.00429697 0.000508357 3.54702e-05 1.45937e-06 3.54054e-08 5.06465e-10 4.27185e-12 2.12464e-14 6.23066e-17
 1.53233e-11 1.66319e-09 1.06444e-07 4.01687e-06 8.93806e-05 0.00117272 0.00907381 0.0414233 0.111865 0.181049 0.18668 0.151861 0.130609 0.10457 0.0577308 0.0194748 0.00390174 0.000461575 3.22058e-05 1.32506e-06 3.21468e-08 4.59851e-10 3.87867e-12 1.92909e-14 5.65706e-17
 1.70107e-11 1.84635e-09 1.18166e-07 4.45922e-06 9.92232e-05 0.00130185 0.0100725 0.0459728 0.124017 0.199634 0.20078 0.150398 0.114797 0.0865231 0.0470232 0.0158108 0.00316561 0.000374443 2.61256e-05 1.07489e-06 2.60776e-08 3.73033e-10 3.1464e-12 1.56488e-14 4.58904e-17
 1.76533e-11 1.9161e-09 1.2263e-07 4.62768e-06 0.000102972 0.00135103 0.0104529 0.0477054 0.128644 0.206712 0.206149 0.149841 0.108774 0.0796503 0.0429453 0.0144154 0.00288526 0.00034126 2.381e-05 9.7962e-07 2.37662e-08 3.3997e-10 2.86752e-12 1.42618e-14 4.18228e-17
 1.70687e-11 1.85264e-09 1.18569e-07 4.47442e-06 9.95616e-05 0.00130629 0.0101068 0.0461292 0.124434 0.200273 0.201264 0.150347 0.114253 0.0859027 0.046655 0.0156848 0.0031403 0.000371448 2.59166e-05 1.06629e-06 2.5869e-08 3.70048e-10 3.12122e-12 1.55236e-14 4.55231e-17
 1.68935e-11 1.83363e-09 1.17352e-07 4.42851e-06 9.85399e-05 0.00129289 0.0100032 0.0456569 0.123173 0.198344 0.199801 0.150499 0.115894 0.087776 0.0477665 0.0160652 0.00321671 0.000380492 2.65477e-05 1.09226e-06 2.6499e-08 3.79061e-10 3.19723e-12 1.59017e-14 4.66318e-17
 1.82758e-11 1.98366e-09 1.26954e-07 4.79084e-06 0.000106602 0.00139866 0.0108212 0.0493835 0.133127 0.213567 0.21135 0.149301 0.102942 0.0729936 0.0389956 0.0130639 0.00261373 0.00030912 2.15673e-05 8.87344e-07 2.15276e-08 3.07946e-10 2.59741e-12 1.29184e-14 3.78833e-17
 1.80004e-11 1.95377e-09 1.25041e-07 4.71865e-06 0.000104996 0.00137759 0.0106582 0.048641 0.131144 0.210534 0.209049 0.14954 0.105522 0.0759388 0.0407431 0.0136618 0.00273386 0.00032334 2.25596e-05 9.28171e-07 2.2518e-08 3.22114e-10 2.71691e-12 1.35128e-14 3.96263e-17
 1.81047e-11 1.96509e-09 1.25765e-07 4.74599e-06 0.000105604 0.00138557 0.01072 0.0489222 0.131895 0.211683 0.20992 0.149449 0.104545 0.0748234 0.0400813 0.0134354 0.00268837 0.000317955 2.21838e-05 9.12708e-07 2.21429e-08 3.16748e-10 2.67165e-12 1.32876e-14 3.89661e-17
 1.87925e-11 2.03974e-09 1.30543e-07 4.92629e-06 0.000109616 0.0014382 0.011127 0.0507766 0.136848 0.219259 0.215667 0.148853 0.0980997 0.0674675 0.0357168 0.0119419 0.00238832 0.000282439 1.97055e-05 8.10741e-07 1.96691e-08 2.81361e-10 2.37317e-12 1.18031e-14 3.46128e-17
 1.84601e-11 2.00366e-09 1.28234e-07 4.83916e-06 0.000107677 0.00141277 0.0109303 0.0498804 0.134454 0.215598 0.21289 0.149141 0.101215 0.0710225 0.037826 0.0126637 0.00253332 0.000299603 2.09032e-05 8.60019e-07 2.08646e-08 2.98463e-10 2.51742e-12 1.25206e-14 3.67167e-17
 1.94958e-11 2.11608e-09 1.35429e-07 5.11067e-06 0.000113719 0.00149203 0.0115433 0.0526729 0.141913 0.227005 0.221544 0.148243 0.0915086 0.0599453 0.0312536 0.0104147 0.00208148 0.000246121 1.71711e-05 7.06466e-07 1.71393e-08 2.45173e-10 2.06794e-12 1.02851e-14 3.0161e-17
 1.95738e-11 2.12455e-09 1.35971e-07 5.13112e-06 0.000114174 0.001498 0.0115895 0.0528832 0.142475 0.227864 0.222196 0.148175 0.0907776 0.0591111 0.0307586 0.0102453 0.00204745 0.000242093 1.68901e-05 6.94902e-07 1.68587e-08 2.4116e-10 2.03409e-12 1.01167e-14 2.96673e-17
 1.90942e-11 2.07249e-09 1.32639e-07 5.00539e-06 0.000111376 0.00146129 0.0113056 0.0515901 0.139021 0.222582 0.218188 0.148591 0.095272 0.0642404 0.033802 0.0112867 0.00225668 0.000266858 1.86182e-05 7.66005e-07 1.85838e-08 2.65836e-10 2.24222e-12 1.11519e-14 3.27029e-17
 1.97511e-11 2.14379e-09 1.37202e-07 5.17758e-06 0.000115207 0.00151156 0.0116944 0.0533611 0.143751 0.229816 0.223677 0.148022 0.0891168 0.0572156 0.0296339 0.00986049 0.00197013 0.000232941 1.62514e-05 6.68627e-07 1.62213e-08 2.32041e-10 1.95718e-12 9.73416e-15 2.85455e-17
 1.96305e-11 2.1307e-09 1.36365e-07 5.14598e-06 0.000114504 0.00150233 0.011623 0.0530361 0.142883 0.228489 0.222669 0.148126 0.0902464 0.0585048 0.0303989 0.0101222 0.00202272 0.000239166 1.66858e-05 6.86497e-07 1.66548e-08 2.38243e-10 2.00949e-12 9.99434e-15 2.93085e-17
 2.03392e-11 2.20762e-09 1.41287e-07 5.33175e-06 0.000118638 0.00155656 0.0120425 0.0549467 0.147986 0.236294 0.22859 0.147512 0.0836057 0.0509259 0.0259021 0.00858349 0.00171357 0.000202574 1.41323e-05 5.81438e-07 1.4106e-08 2.01783e-10 1.70196e-12 8.46482e-15 2.48231e-17
 2.00149e-11 2.17242e-09 1.39035e-07 5.24674e-06 0.000116746 0.00153175 0.0118505 0.0540724 0.145651 0.232722 0.225881 0.147793 0.0866445 0.0543941 0.0279598 0.00928763 0.00185504 0.000219318 1.53008e-05 6.29514e-07 1.52724e-08 2.18467e-10 1.84269e-12 9.16473e-15 2.68757e-17
 1.99667e-11 2.1672e-09 1.387e-07 5.23412e-06 0.000116465 0.00152806 0.011822 0.0539426 0.145304 0.232192 0.225479 0.147835 0.0870956 0.0549089 0.0282653 0.00939215 0.00187604 0.000221804 1.54743e-05 6.36651e-07 1.54455e-08 2.20944e-10 1.86358e-12 9.26864e-15 2.71803e-17
#obs catch len freq
 4.71416e-11 4.36892e-09 2.38743e-07 7.69263e-06 0.000146153 0.00163736 0.0108181 0.0421877 0.0975359 0.136797 0.129566 0.113644 0.116506 0.11303 0.0938478 0.0688106 0.0423126 0.0209133 0.00847746 0.00283346 0.000752664 0.000151349 2.20233e-05 2.2283e-06 1.51552e-07
 6.65745e-11 5.9508e-09 3.13639e-07 9.74702e-06 0.000178609 0.00192993 0.0122987 0.0462665 0.103262 0.140329 0.130724 0.115784 0.118566 0.111717 0.0892273 0.0631821 0.0379099 0.0183771 0.00723702 0.0023049 0.000574044 0.000107138 1.43648e-05 1.33138e-06 8.26144e-08
 4.12039e-11 3.54615e-09 1.79954e-07 5.38465e-06 9.50064e-05 0.000988564 0.00607042 0.0220805 0.0485041 0.0704902 0.0901163 0.130089 0.169303 0.165364 0.129182 0.0871135 0.0484883 0.0214409 0.00773189 0.00229346 0.000536262 9.34794e-05 1.15991e-05 9.87718e-07 5.60478e-08
 2.17132e-11 1.79633e-09 8.76272e-08 2.52048e-06 4.27503e-05 0.000427682 0.00252709 0.00888334 0.0192722 0.0301823 0.0484798 0.0869333 0.135984 0.176361 0.190235 0.155664 0.0903262 0.0380592 0.0124838 0.00331349 0.000697354 0.000110822 1.26389e-05 9.90494e-07 5.15924e-08
 3.83812e-10 3.04764e-08 1.42691e-06 3.93925e-05 0.000641238 0.00615477 0.0348333 0.116247 0.228794 0.265816 0.183251 0.0774844 0.0252454 0.0144449 0.0152613 0.0142503 0.00988836 0.00507955 0.00191966 0.000526841 0.000104688 1.50359e-05 1.53639e-06 1.08487e-07 5.12813e-09
 2.70488e-10 2.05848e-08 9.23707e-07 2.44405e-05 0.000381313 0.00350827 0.0190444 0.0611628 0.117861 0.145844 0.146837 0.161426 0.163165 0.11256 0.0483964 0.0138389 0.00369828 0.00142329 0.000592743 0.000187568 4.0876e-05 5.99302e-06 5.86206e-07 3.80218e-08 1.62107e-09
 6.49356e-10 4.72985e-08 2.03142e-06 5.14444e-05 0.000768184 0.0067638 0.0351205 0.107602 0.195097 0.212591 0.150095 0.0900289 0.0664311 0.0554645 0.0420165 0.0248905 0.0100421 0.00256175 0.000417116 5.01106e-05 5.9692e-06 7.34788e-07 7.10951e-08 4.59189e-09 1.89038e-10
 8.54169e-10 5.9473e-08 2.44165e-06 5.91063e-05 0.000843677 0.00710123 0.035255 0.103382 0.180367 0.194152 0.150134 0.116382 0.0963233 0.0641705 0.0319051 0.013247 0.00485529 0.00144693 0.000319433 4.91753e-05 5.10497e-06 3.63028e-07 1.92499e-08 8.32689e-10 2.84381e-11
 1.13585e-09 7.55074e-08 2.95968e-06 6.84048e-05 0.000932232 0.00749182 0.0355176 0.0995322 0.166585 0.175166 0.140675 0.120753 0.106858 0.0759766 0.0425162 0.019372 0.00666942 0.00158798 0.000260251 3.1528e-05 3.01596e-06 2.21663e-07 1.15165e-08 3.99826e-10 9.19421e-12
 1.52018e-09 9.63754e-08 3.60268e-06 7.94096e-05 0.00103209 0.00791056 0.0357749 0.0957342 0.153815 0.159022 0.134499 0.126426 0.116128 0.0848335 0.0499793 0.0238718 0.0084387 0.00205964 0.000346702 4.14221e-05 3.56683e-06 2.20402e-07 9.70649e-09 3.01904e-10 6.4763e-12
 2.17015e-09 1.31072e-07 4.66786e-06 9.80201e-05 0.00121371 0.00886283 0.0381948 0.097502 0.150222 0.152306 0.133301 0.130875 0.11969 0.0857932 0.0495346 0.022802 0.00759048 0.00171335 0.000264342 2.91629e-05 2.36821e-06 1.39588e-07 5.76403e-09 1.61865e-10 3.03516e-12
 3.91448e-09 2.25018e-07 7.6269e-06 0.000152429 0.00179632 0.0124838 0.051192 0.124225 0.181033 0.169836 0.130349 0.111383 0.0942459 0.0648851 0.0362792 0.0159627 0.00498065 0.00103217 0.000142602 1.37542e-05 9.68749e-07 5.01846e-08 1.8631e-09 4.7975e-11 8.33178e-13
 5.89396e-09 3.22164e-07 1.03833e-05 0.000197324 0.00221121 0.014613 0.0569936 0.13167 0.18355 0.168045 0.131764 0.114863 0.0928829 0.0582479 0.0291061 0.0116471 0.00341264 0.000682687 9.29304e-05 8.8705e-06 6.04496e-07 2.90922e-08 9.67784e-10 2.19174e-11 3.34368e-13
 8.39238e-09 4.35828e-07 1.33454e-05 0.000240957 0.00256541 0.0161089 0.0597176 0.131366 0.175864 0.160008 0.133292 0.122222 0.0974963 0.0589302 0.0281565 0.0105959 0.00285005 0.000507835 5.94181e-05 4.7539e-06 2.74302e-07 1.16575e-08 3.56396e-10 7.53086e-12 1.06429e-13
 1.22306e-08 6.0298e-07 1.75286e-05 0.000300457 0.00303691 0.0181052 0.063745 0.133395 0.171187 0.153646 0.132159 0.123543 0.0979915 0.0596741 0.0290002 0.0108479 0.00281724 0.000476714 5.24091e-05 3.87703e-06 2.01154e-07 7.44258e-09 1.93975e-10 3.48981e-12 4.26603e-14
 1.74058e-08 8.14098e-07 2.24517e-05 0.000365102 0.00350109 0.0198045 0.0661982 0.131887 0.163241 0.147761 0.135155 0.129444 0.100774 0.060038 0.0285144 0.0102882 0.00254911 0.000410623 4.31347e-05 3.062e-06 1.52143e-07 5.32707e-09 1.28897e-10 2.10584e-12 2.28745e-14
 2.80187e-08 1.2425e-06 3.24889e-05 0.000500919 0.00455434 0.0244265 0.0774187 0.146293 0.171918 0.148156 0.129407 0.118783 0.0898162 0.0528889 0.0247924 0.00864219 0.00202972 0.000306612 3.00051e-05 1.97595e-06 9.10726e-08 2.97134e-09 6.73677e-11 1.03378e-12 1.05203e-14
 4.30493e-08 1.8091e-06 4.48276e-05 0.000654976 0.00564336 0.0286859 0.0862061 0.154777 0.174408 0.148153 0.130155 0.116156 0.0826415 0.0450708 0.0194954 0.00630714 0.00138381 0.000196028 1.80165e-05 1.11314e-06 4.79333e-08 1.45203e-09 3.03983e-11 4.29453e-13 4.02328e-15
 6.1752e-08 2.45816e-06 5.76978e-05 0.00079856 0.00651783 0.0313899 0.0894481 0.152878 0.16677 0.143813 0.132139 0.118671 0.0837934 0.0459553 0.0199085 0.00631226 0.00134113 0.000184843 1.67814e-05 1.03824e-06 4.46942e-08 1.32851e-09 2.66533e-11 3.54149e-13 3.08273e-15
 9.28788e-08 3.50106e-06 7.78167e-05 0.00101988 0.00788282 0.0359551 0.0970949 0.157702 0.165378 0.141119 0.129887 0.11465 0.0797809 0.0436432 0.0186987 0.00575527 0.00117878 0.000157746 1.41169e-05 8.72425e-07 3.76328e-08 1.11482e-09 2.21272e-11 2.88785e-13 2.4473e-15
 1.40207e-07 5.00353e-06 0.000105287 0.00130639 0.00955982 0.0412897 0.105664 0.163219 0.165117 0.14031 0.129145 0.110549 0.0737424 0.0386227 0.0157585 0.00459272 0.000890218 0.000113249 9.70801e-06 5.79085e-07 2.42373e-08 6.98982e-10 1.35402e-11 1.72688e-13 1.42872e-15
 2.18502e-07 7.38109e-06 0.00014702 0.00172679 0.0119615 0.0489091 0.118544 0.173766 0.168009 0.138375 0.123395 0.101203 0.0646877 0.03249 0.0126104 0.00346063 0.00062734 7.43094e-05 5.91443e-06 3.27626e-07 1.27875e-08 3.46148e-10 6.33386e-12 7.66845e-14 6.04377e-16
 3.34965e-07 1.07101e-05 0.000201921 0.0022448 0.0147188 0.0569753 0.130822 0.182203 0.169219 0.136567 0.118795 0.0929449 0.0561329 0.0265385 0.00966679 0.00248597 0.000422236 4.68537e-05 3.48813e-06 1.80045e-07 6.51422e-09 1.62751e-10 2.74314e-12 3.06101e-14 2.22953e-16
 3.9572e-07 1.19761e-05 0.000213716 0.00224902 0.0139622 0.0512337 0.112147 0.152697 0.151206 0.146841 0.144919 0.114158 0.066674 0.030221 0.0104698 0.00254355 0.000407284 4.26543e-05 3.00084e-06 1.46147e-07 4.96356e-09 1.1563e-10 1.80616e-12 1.85887e-14 1.24444e-16
 6.83128e-07 1.95696e-05 0.000330564 0.0032927 0.0193466 0.067152 0.138668 0.175985 0.156116 0.130328 0.117111 0.092379 0.0579253 0.0284226 0.0101209 0.00239909 0.000364488 3.57733e-05 2.34528e-06 1.06196e-07 3.35343e-09 7.26967e-11 1.05682e-12 1.01095e-14 6.27495e-17
 1.01007e-06 2.73921e-05 0.000438021 0.00413046 0.0229778 0.0755526 0.148153 0.180396 0.158539 0.135133 0.118022 0.0841649 0.0455271 0.0192376 0.00612829 0.00135409 0.000197989 1.91966e-05 1.26385e-06 5.73159e-08 1.77532e-09 3.68008e-11 5.01832e-13 4.45477e-15 2.55412e-17
 1.27744e-06 3.2799e-05 0.000496574 0.00443372 0.0233612 0.0728588 0.136413 0.162992 0.1518 0.145038 0.132316 0.093165 0.0493271 0.0202256 0.00610989 0.0012486 0.000165035 1.41657e-05 8.16697e-07 3.27845e-08 9.2626e-10 1.8078e-11 2.36651e-13 2.02585e-15 1.11333e-17
 1.86147e-06 4.5256e-05 0.000648788 0.00548528 0.0273698 0.0808653 0.143649 0.163799 0.14774 0.13839 0.124675 0.0891588 0.0494168 0.0209997 0.00632686 0.00125499 0.000159737 1.3222e-05 7.33747e-07 2.79305e-08 7.29221e-10 1.28458e-11 1.501e-13 1.15012e-15 5.72742e-18
#spawning biomass
 22488.8 29631.1 21512.8 13871 25529.6 36510.7 63138.1 106683 145215 158931 148564 176018 222978 221359 211597 193680 205069 199424 222527 205154 216581 236028 239997 243603 213742 234801 237922 242341 377946 686220 651668 537768 410049 300119 217080 159067 120568 95914.6 80525.9 71099.7 65406.4 62004.3 59979.6 58772.6 58077.1 57676.3 57445.4 57312.3 57235.6 57191.4 57166 57151.3 57142.9 57138 57135.2 57133.6 57132.6 57132.1 57131.8 57131.6 57131.5 57131.4 57131.4 57131.4 57131.4 57131.4 57131.4 57131.4 57131.4 57131.4 57131.4 57131.4 57131.4 57131.4 57131.4 57131.4 57131.4 57131.4 57131.4 57131.4 57131.4 57131.4 57131.4 57131.4 57131.4 57131.4 57131.4 57131.4 57131.4 57131.4 57131.4 57131.4 57131.4 57131.4 57131.4 57131.4 57131.4 57131.4 57131.4 57131.4 57131.4 57131.4 57131.4 57131.4 57131.4 57131.4 57131.4 57131.4 57131.4 57131.4 57131.4 57131.4 57131.4 57131.4 57131.4 57131.4 57131.4 57131.4 57131.4 57131.4 57131.4 57131.4 57131.4 57131.4 57131.4 57131.4 57131.4 57131.4 0 0 0 0 0 0 0 0 0 0 0 0 0 0 0 0 0 0 0 0 0 0 0 0 0
