SBPRF35
0.256306
Curr Bio
109869
B35
194065
F35
0.467477
FOFL
0.26141
OFL
27149.9
Bzero
73230.3
#pred survey bio
 4608.88 5135.26 8343.92 10609.3 15868.9 19879.5 22813.8 30259.4 40666.9 64935.8 86773.2 112178 163067 171674 167523 139863 126759 144257 137605 141617 146905 161265 173485 195379 182202 199011 191615 180273 6.41241e+06 3.91741e+06 2.87014e+06 1.97095e+06 1.40824e+06 1.09512e+06 929753 843793 798720 774470 760945 753097 748368 745425 743544 742318 741514 740981 740626 740388 740228 740120 740047 739998 739965 739942 739927 739917 739910 739905 739902 739900 739898 739897 739897 739896 739896 739896 739896 739896 739895 739895 739895 739895 739895 739895 739895 739895 739895 739895 739895 739895 739895 739895 739895 739895 739895 739895 739895 739895 739895 739895 739895 739895 739895 739895 739895 739895 739895 739895 739895 739895 739895 739895 739895 739895 739895 739895 739895 739895 739895 739895 739895 739895 739895 739895 739895 739895 739895 739895 739895 739895 739895 739895 739895 739895 739895 739895 739895 739895 0 0 0 0 0 0 0 0 0 0 0 0 0 0 0 0 0 0 0 0 0 0 0 0 0
#obs survey bio
 4228.07 5973.69 8761.89 10311.9 13715.4 27314.2 20043.5 44162.4 46473.8 79913.9 141952 124838 203830 109375 131067 101639 168898 104518 176241 113943 236840 167995 150288 256881 146001 183310 203840 198106
#pred catch bio
 2628.89 2489.63 4617.79 5269.67 8757.1 11400.7 12557.5 17205.5 19006.7 34913.2 48239.3 54978 96385.2 99198.1 104988 89359 69291.9 87583.1 80610.9 85213.5 82660.8 91902.5 95671.1 117372 97062.8 112024 108035 94969.8 27149.9 54157.1 38952.4 25252.8 17048.8 12758.3 10673.8 9706.07 9269.76 9076.84 8992.65 8956.23 8940.58 8933.87 8931.01 8929.79 8929.28 8929.06 8928.96 8928.92 8928.91 8928.9 8928.9 8928.9 8928.9 8928.9 8928.9 8928.9 8928.9 8928.9 8928.9 8928.9 8928.9 8928.9 8928.9 8928.9 8928.9 8928.9 8928.9 8928.9 8928.9 8928.9 8928.9 8928.9 8928.9 8928.9 8928.9 8928.9 8928.9 8928.9 8928.9 8928.9 8928.9 8928.9 8928.9 8928.9 8928.9 8928.9 8928.9 8928.9 8928.9 8928.9 8928.9 8928.9 8928.9 8928.9 8928.9 8928.9 8928.9 8928.9 8928.9 8928.9 8928.9 8928.9 8928.9 8928.9 8928.9 8928.9 8928.9 8928.9 8928.9 8928.9 8928.9 8928.9 8928.9 8928.9 8928.9 8928.9 8928.9 8928.9 8928.9 8928.9 8928.9 8928.9 8928.9 8928.9 8928.9 8928.9 8928.9 8928.9 0 0 0 0 0 0 0 0 0 0 0 0 0 0 0 0 0 0 0 0 0 0 0 0 0
#obs catch bio
 2549.27 2445.6 4293.15 4848.02 8114.81 10381.6 12206.9 16611.4 16781.3 31688.7 44534.4 48969.2 92402.5 102378 108269 98164.6 69370.7 96323.4 81358.9 90589.3 77388.1 92993.9 97322.7 120212 92450.7 118382 106675 95090.4
#pred cpue bio
 3752.43 3526.3 5727.62 7460.25 11030.1 14022.8 16187.4 20942.5 27821 45343 60656.8 78112.1 114941 123188 123967 103042 90102.3 104615 99633 102137 104372 116768 125107 141146 133761 146670 143287 135178 4.83285e+06 3.67336e+06 2.76768e+06 1.87577e+06 1.31335e+06 1.00024e+06 834874 748914 703841 679591 666066 658218 653489 650546 648665 647439 646635 646102 645747 645509 645349 645241 645168 645119 645086 645063 645048 645038 645031 645026 645023 645021 645019 645018 645018 645017 645017 645017 645017 645016 645016 645016 645016 645016 645016 645016 645016 645016 645016 645016 645016 645016 645016 645016 645016 645016 645016 645016 645016 645016 645016 645016 645016 645016 645016 645016 645016 645016 645016 645016 645016 645016 645016 645016 645016 645016 645016 645016 645016 645016 645016 645016 645016 645016 645016 645016 645016 645016 645016 645016 645016 645016 645016 645016 645016 645016 645016 645016 645016 645016 0 0 0 0 0 0 0 0 0 0 0 0 0 0 0 0 0 0 0 0 0 0 0 0 0
#obs cpue bio
 4306.67 3566.76 8463.24 10752.2 16815.5 15614.8 16590 18789.3 48440.2 48283.9 50611.4 115718 94145 136219 151975 91385 70861.1 88887.3 87075.2 91942.7 108378 87530.3 129857 108544 210916 106214 168410 117780
#pred surv len freq
 3.68833e-11 1.73481e-09 5.65018e-08 1.27426e-06 1.98993e-05 0.000215183 0.00161128 0.00835494 0.0300054 0.0746851 0.129181 0.156893 0.13908 0.101535 0.0760793 0.06359 0.0520298 0.0397887 0.0302909 0.0239222 0.0197982 0.0172828 0.0152383 0.0122661 0.00813281
 4.63267e-11 2.17898e-09 7.09681e-08 1.60051e-06 2.49942e-05 0.000270277 0.0020238 0.0104937 0.0376821 0.0937508 0.161871 0.195237 0.168656 0.11354 0.0723268 0.050925 0.0357735 0.0223276 0.0129457 0.00774766 0.00502828 0.00355718 0.002667 0.00193644 0.00121328
 4.48951e-11 2.11165e-09 6.8775e-08 1.55105e-06 2.42218e-05 0.000261925 0.00196127 0.0101696 0.0365203 0.0908805 0.157052 0.190071 0.166285 0.116464 0.0801327 0.0600616 0.0422298 0.0246579 0.0122654 0.00571473 0.00266452 0.00129196 0.00068508 0.000391333 0.000214059
 4.31051e-11 2.02746e-09 6.6033e-08 1.48921e-06 2.32561e-05 0.000251482 0.00188308 0.00976429 0.0350663 0.0872774 0.150929 0.183151 0.161817 0.116758 0.0848253 0.0666062 0.0479739 0.0284685 0.0143143 0.00653223 0.00274867 0.00104841 0.000373514 0.000134871 5.13809e-05
 4.42614e-11 2.08185e-09 6.78044e-08 1.52916e-06 2.388e-05 0.000258228 0.00193359 0.0100261 0.0360051 0.0896002 0.154852 0.187467 0.164203 0.115474 0.0802437 0.0611773 0.0443244 0.0273744 0.0147647 0.0072762 0.00322061 0.00122993 0.00040138 0.000114026 2.92132e-05
 4.29713e-11 2.02117e-09 6.5828e-08 1.48459e-06 2.31839e-05 0.000250702 0.00187724 0.00973398 0.0349575 0.087007 0.150464 0.182599 0.16137 0.116526 0.0847869 0.0667074 0.0482027 0.0288324 0.0147785 0.00699645 0.00309512 0.00122458 0.000417267 0.000119704 2.84589e-05
 4.26178e-11 2.00454e-09 6.52865e-08 1.47237e-06 2.29932e-05 0.000248639 0.00186179 0.00965393 0.0346702 0.086294 0.149246 0.181188 0.160344 0.116269 0.0852637 0.0676407 0.049318 0.029905 0.0155897 0.00743329 0.00324202 0.00124681 0.000415073 0.000118568 2.84477e-05
 4.44899e-11 2.09259e-09 6.81544e-08 1.53705e-06 2.40033e-05 0.000259561 0.00194357 0.0100778 0.0361908 0.0900612 0.155641 0.188386 0.164889 0.11569 0.0800084 0.0606375 0.0436173 0.0266358 0.0141651 0.00692845 0.00309124 0.00120707 0.000403552 0.00011439 2.70581e-05
 4.50218e-11 2.11761e-09 6.89693e-08 1.55543e-06 2.42902e-05 0.000262664 0.00196681 0.0101983 0.0366233 0.0911354 0.157484 0.190553 0.166576 0.116396 0.0797708 0.0596888 0.0421303 0.0248601 0.0125404 0.00582003 0.00252678 0.000986564 0.000334637 9.64354e-05 2.30604e-05
 4.37787e-11 2.05914e-09 6.70649e-08 1.51248e-06 2.36195e-05 0.000255412 0.0019125 0.00991679 0.0356132 0.0886307 0.153216 0.185674 0.163236 0.116073 0.0822459 0.0635144 0.0458495 0.027764 0.0144941 0.00691475 0.00300687 0.00114785 0.000378067 0.000106832 2.54379e-05
 4.37019e-11 2.05553e-09 6.69473e-08 1.50983e-06 2.35781e-05 0.000254964 0.00190915 0.00989941 0.0355509 0.0884764 0.152955 0.185382 0.16306 0.116119 0.0824852 0.0637972 0.046027 0.0278144 0.0145035 0.00695173 0.00306344 0.00119022 0.000396866 0.000112032 2.63234e-05
 4.39355e-11 2.06652e-09 6.73051e-08 1.5179e-06 2.37041e-05 0.000256327 0.00191935 0.0099523 0.0357406 0.0889471 0.153757 0.186302 0.163699 0.116204 0.0820584 0.0631192 0.0453542 0.0272673 0.0141068 0.00670179 0.00293485 0.00113869 0.000381365 0.000108639 2.57739e-05
 4.32056e-11 2.03218e-09 6.61869e-08 1.49268e-06 2.33103e-05 0.000252068 0.00188747 0.009787 0.0351475 0.0874758 0.151247 0.183417 0.161672 0.115869 0.0832958 0.0651684 0.0474701 0.0290642 0.015439 0.00753201 0.00335178 0.00130729 0.000437805 0.000124662 2.96312e-05
 4.16967e-11 1.96121e-09 6.38755e-08 1.44055e-06 2.24963e-05 0.000243266 0.00182156 0.00944536 0.0339221 0.0844411 0.146103 0.177663 0.15816 0.116667 0.0880003 0.0711741 0.0520476 0.0313066 0.0161033 0.00761835 0.00334639 0.00131083 0.000444098 0.000127739 3.05302e-05
 3.94212e-11 1.85419e-09 6.03897e-08 1.36194e-06 2.12686e-05 0.00022999 0.00172216 0.00893008 0.0320733 0.0798568 0.138293 0.168742 0.152078 0.116144 0.0926206 0.0782219 0.0587925 0.0364749 0.0195524 0.00958783 0.00426105 0.00165224 0.000550334 0.000156578 3.73814e-05
 3.99532e-11 1.87921e-09 6.12046e-08 1.38032e-06 2.15556e-05 0.000233094 0.0017454 0.00905052 0.0325053 0.0809258 0.1401 0.17074 0.153214 0.115633 0.0906126 0.0757625 0.0570127 0.0357671 0.0195904 0.00989108 0.00453878 0.00181549 0.000619493 0.000178208 4.24792e-05
 4.26652e-11 2.00677e-09 6.53591e-08 1.47401e-06 2.30188e-05 0.000248916 0.00186386 0.00966463 0.0347085 0.0863872 0.149393 0.181302 0.160239 0.115765 0.0844054 0.0668009 0.0489451 0.0301274 0.0161693 0.00804469 0.00369202 0.00149964 0.000524907 0.000155403 3.8008e-05
 4.10858e-11 1.93248e-09 6.29397e-08 1.41945e-06 2.21667e-05 0.000239702 0.00179487 0.00930701 0.0334256 0.0832084 0.143992 0.175204 0.156318 0.116063 0.0885625 0.0724746 0.0537123 0.0330566 0.0176328 0.00868866 0.00394583 0.00158926 0.000554983 0.000165479 4.11341e-05
 4.12164e-11 1.93862e-09 6.31397e-08 1.42396e-06 2.22371e-05 0.000240463 0.00180058 0.00933658 0.0335316 0.083471 0.144438 0.175704 0.15663 0.116013 0.088186 0.0719905 0.0533454 0.0328748 0.017564 0.00864924 0.00390772 0.00155861 0.000537668 0.000158569 3.9175e-05
 4.15836e-11 1.95589e-09 6.37022e-08 1.43664e-06 2.24353e-05 0.000242606 0.00181662 0.00941972 0.0338298 0.0842094 0.145689 0.177099 0.157468 0.115782 0.0869861 0.0704751 0.0522053 0.0323426 0.0174466 0.00868238 0.00395293 0.00158259 0.00054575 0.00016021 3.92718e-05
 4.26258e-11 2.00491e-09 6.52987e-08 1.47265e-06 2.29975e-05 0.000248686 0.00186214 0.00965572 0.0346766 0.0863089 0.149265 0.181181 0.160241 0.115993 0.0848322 0.0672249 0.0491345 0.030027 0.0159142 0.00779706 0.00352713 0.00141514 0.000490883 0.000144864 3.55908e-05
 4.1156e-11 1.93578e-09 6.30471e-08 1.42187e-06 2.22045e-05 0.000240111 0.00179794 0.0093229 0.0334826 0.0833502 0.144237 0.175496 0.156561 0.116204 0.0886061 0.0724287 0.0535672 0.0328256 0.0173746 0.00846972 0.00379777 0.00150737 0.000518082 0.000152204 3.7409e-05
 4.16504e-11 1.95904e-09 6.38046e-08 1.43895e-06 2.24713e-05 0.000242995 0.00181954 0.00943485 0.033884 0.0843431 0.145911 0.17733 0.157544 0.115572 0.0865275 0.0700075 0.051991 0.0324298 0.0176684 0.00886384 0.00404231 0.00161171 0.000552014 0.000160961 3.92382e-05
 4.1522e-11 1.953e-09 6.36079e-08 1.43452e-06 2.2402e-05 0.000242246 0.00181393 0.00940577 0.0337797 0.0840847 0.145473 0.176835 0.15723 0.115604 0.0868638 0.070432 0.0522905 0.0325634 0.0177394 0.00895827 0.00415242 0.00169479 0.000594307 0.000176193 4.32553e-05
 4.00671e-11 1.88457e-09 6.13791e-08 1.38425e-06 2.16171e-05 0.000233759 0.00175038 0.00907634 0.0325981 0.0811579 0.140509 0.171271 0.153793 0.116262 0.091247 0.0761168 0.0567384 0.0348856 0.018548 0.00912655 0.00415854 0.0016875 0.000594446 0.000178516 4.45833e-05
 4.01998e-11 1.89081e-09 6.15824e-08 1.38884e-06 2.16887e-05 0.000234533 0.00175617 0.00910634 0.0327052 0.0814184 0.140917 0.171568 0.153424 0.1147 0.0886831 0.0738074 0.0561109 0.0361372 0.0205696 0.0107597 0.00504805 0.0020512 0.000715072 0.000212765 5.30235e-05
 3.88666e-11 1.8281e-09 5.954e-08 1.34278e-06 2.09694e-05 0.000226755 0.00169793 0.00880446 0.0316224 0.078736 0.136366 0.166457 0.150233 0.115206 0.0925217 0.0787611 0.0599013 0.0380683 0.0213423 0.0111835 0.00539786 0.00229594 0.000836579 0.00025596 6.44149e-05
 3.88312e-11 1.82644e-09 5.94858e-08 1.34155e-06 2.09503e-05 0.000226548 0.00169639 0.00879643 0.0315933 0.0786616 0.136223 0.166218 0.149814 0.114484 0.0915681 0.078031 0.0599195 0.0388524 0.0223703 0.0119572 0.00581037 0.00247948 0.000914989 0.000287367 7.47606e-05
#obs surv len freq
 4.08238e-11 1.92016e-09 6.25382e-08 1.41039e-06 2.20253e-05 0.000238173 0.00178343 0.00924767 0.0332128 0.0826804 0.143092 0.174175 0.155614 0.115995 0.0890828 0.0732731 0.0544796 0.0336505 0.018038 0.00892919 0.0040638 0.00163621 0.000570641 0.000170222 4.25478e-05
 4.94804e-11 2.32732e-09 7.57993e-08 1.70946e-06 2.66957e-05 0.000288676 0.00216156 0.0112079 0.0402449 0.100108 0.172718 0.207713 0.177457 0.115143 0.067449 0.0432113 0.0286703 0.0170496 0.00899071 0.00440146 0.00198721 0.000794857 0.000275172 8.13227e-05 2.01014e-05
 4.16061e-11 1.95695e-09 6.37367e-08 1.43742e-06 2.24474e-05 0.000242737 0.00181761 0.00942491 0.0338497 0.0842685 0.14586 0.177629 0.158959 0.118939 0.091498 0.0742273 0.0527301 0.0293589 0.0130686 0.00513182 0.00194255 0.000708103 0.000235899 6.85765e-05 1.6782e-05
 4.72471e-11 2.22227e-09 7.2378e-08 1.63231e-06 2.54908e-05 0.000275647 0.00206401 0.0107022 0.0384308 0.0956125 0.165081 0.199087 0.17191 0.115565 0.0733576 0.0513419 0.0356213 0.0214247 0.0111595 0.00520659 0.00212919 0.000731137 0.000210146 5.21398e-05 1.13677e-05
 4.46088e-11 2.09818e-09 6.83365e-08 1.54116e-06 2.40674e-05 0.000260255 0.00194877 0.0101048 0.0362884 0.0903087 0.156102 0.189105 0.166027 0.117522 0.0823753 0.0624485 0.0435845 0.0246684 0.0114973 0.00482287 0.00191898 0.00070021 0.000220994 5.79664e-05 1.23522e-05
 4.34389e-11 2.04316e-09 6.65443e-08 1.50074e-06 2.34362e-05 0.00025343 0.00189766 0.00983988 0.0353377 0.0879508 0.152081 0.18449 0.162808 0.117056 0.0844831 0.0658989 0.0471434 0.0276451 0.0135868 0.00597485 0.00237899 0.000826864 0.000245969 6.27494e-05 1.35847e-05
 4.32396e-11 2.03378e-09 6.6239e-08 1.49386e-06 2.33287e-05 0.000252267 0.00188896 0.00979474 0.0351757 0.0875481 0.151389 0.18367 0.162148 0.116729 0.084471 0.0661406 0.0476171 0.0282951 0.0142624 0.00651123 0.00270705 0.000981079 0.000300712 7.71369e-05 1.63825e-05
 4.61667e-11 2.17146e-09 7.0723e-08 1.59498e-06 2.49079e-05 0.000269343 0.00201681 0.0104575 0.0375534 0.0934401 0.161401 0.194986 0.169457 0.116269 0.0768992 0.055735 0.0387923 0.022766 0.0114032 0.00520054 0.00218127 0.00080737 0.00025549 6.80074e-05 1.49356e-05
 4.69261e-11 2.20718e-09 7.18864e-08 1.62122e-06 2.53177e-05 0.000273774 0.00204999 0.0106295 0.0381705 0.0949713 0.164016 0.198002 0.171612 0.116718 0.0757567 0.0537231 0.0366056 0.0207972 0.00987359 0.00422269 0.00168668 0.000609804 0.0001922 5.16613e-05 1.15755e-05
 4.41831e-11 2.07816e-09 6.76843e-08 1.52645e-06 2.38377e-05 0.000257771 0.00193017 0.0100084 0.0359425 0.0894515 0.154645 0.187454 0.164949 0.11756 0.0834484 0.0639781 0.0449616 0.0256032 0.0119842 0.00497952 0.00190831 0.000655872 0.000195867 5.02822e-05 1.09517e-05
 4.5321e-11 2.13168e-09 6.94275e-08 1.56577e-06 2.44517e-05 0.00026441 0.00197988 0.0102661 0.0368666 0.0917387 0.158514 0.191742 0.16743 0.11659 0.0793689 0.0590074 0.0414517 0.0242695 0.0120006 0.00532552 0.00213504 0.000741433 0.000217349 5.37326e-05 1.11671e-05
 4.54531e-11 2.1379e-09 6.96299e-08 1.57033e-06 2.45229e-05 0.000265181 0.00198565 0.010296 0.036974 0.0920057 0.158974 0.19229 0.167878 0.116828 0.0793907 0.0588119 0.0410247 0.0236956 0.0114843 0.00502187 0.00202856 0.000727774 0.000223133 5.73006e-05 1.21079e-05
 4.33633e-11 2.0396e-09 6.64284e-08 1.49813e-06 2.33954e-05 0.000252988 0.00189436 0.00982276 0.0352764 0.0877997 0.15183 0.184233 0.162735 0.117322 0.0850372 0.0664422 0.0473535 0.0274814 0.0132866 0.00576469 0.00230053 0.000814991 0.000248349 6.4251e-05 1.3875e-05
 4.03344e-11 1.89714e-09 6.17885e-08 1.39349e-06 2.17613e-05 0.000235318 0.00176205 0.00913688 0.0328158 0.0817001 0.141451 0.172439 0.154899 0.117197 0.0920033 0.0764836 0.0563786 0.0337688 0.0170757 0.00779046 0.00322037 0.00115688 0.000352317 9.05012e-05 1.94101e-05
 3.76965e-11 1.77306e-09 5.77475e-08 1.30235e-06 2.03381e-05 0.000219928 0.00164682 0.00853952 0.0306724 0.0763844 0.132388 0.162053 0.147703 0.116265 0.0968687 0.0841859 0.0639956 0.0399146 0.0214756 0.0105302 0.00463811 0.0017563 0.000559591 0.000148815 3.25697e-05
 4.17999e-11 1.96607e-09 6.40334e-08 1.44412e-06 2.25519e-05 0.000243867 0.00182606 0.00946866 0.0340052 0.0846404 0.146399 0.177795 0.157552 0.114742 0.0849697 0.0684797 0.0513543 0.0328661 0.0186343 0.00973659 0.00456901 0.00184594 0.000629106 0.000178369 4.12357e-05
 4.09136e-11 1.92438e-09 6.26758e-08 1.4135e-06 2.20738e-05 0.000238697 0.00178735 0.00926802 0.033286 0.0828631 0.143413 0.174586 0.156043 0.116426 0.0894748 0.0734204 0.0541488 0.0329101 0.0172776 0.00847345 0.00391787 0.0016323 0.000588427 0.000178014 4.39129e-05
 4.00949e-11 1.88587e-09 6.14216e-08 1.38521e-06 2.16321e-05 0.000233921 0.00175159 0.00908262 0.0326207 0.0812133 0.1406 0.171362 0.153809 0.116145 0.0910267 0.075934 0.0567345 0.0350449 0.0187109 0.00917568 0.00411746 0.00163482 0.000566487 0.000169729 4.28255e-05
 4.01751e-11 1.88965e-09 6.15445e-08 1.38798e-06 2.16754e-05 0.000234389 0.00175509 0.00910078 0.0326857 0.0813732 0.140864 0.171621 0.153845 0.115767 0.0902833 0.0751801 0.0563777 0.0351912 0.0191363 0.00959473 0.00438665 0.00175679 0.000604304 0.000176906 4.33867e-05
 4.29429e-11 2.01983e-09 6.57845e-08 1.48361e-06 2.31686e-05 0.000250536 0.00187599 0.00972751 0.0349341 0.0869454 0.150336 0.182345 0.160832 0.115502 0.0833707 0.0655522 0.048076 0.0298177 0.0162052 0.00816151 0.00377138 0.00153495 0.000537414 0.000159364 3.91947e-05
 4.16501e-11 1.95902e-09 6.3804e-08 1.43894e-06 2.24712e-05 0.000242994 0.00181952 0.0094348 0.0338844 0.084347 0.145941 0.177475 0.158018 0.116616 0.0880292 0.0712398 0.0521175 0.0313791 0.0161934 0.00772716 0.00345193 0.00138862 0.000487393 0.00014601 3.63865e-05
 4.08931e-11 1.92341e-09 6.26443e-08 1.41279e-06 2.20627e-05 0.000238577 0.00178645 0.00926336 0.0332692 0.082821 0.143338 0.174483 0.155916 0.116273 0.0893342 0.0734289 0.0544284 0.0333656 0.0176192 0.00851979 0.00376078 0.00146157 0.000492351 0.000142929 3.50828e-05
 4.15351e-11 1.95361e-09 6.36279e-08 1.43497e-06 2.24091e-05 0.000242323 0.0018145 0.00940874 0.0337906 0.0841118 0.145523 0.176912 0.157347 0.115789 0.0871142 0.0706596 0.0523774 0.0324662 0.0175131 0.00869786 0.00393622 0.00155763 0.000527616 0.000151457 3.62781e-05
 4.08153e-11 1.91975e-09 6.25251e-08 1.4101e-06 2.20207e-05 0.000238123 0.00178305 0.00924573 0.0332059 0.0826635 0.143065 0.17415 0.155619 0.116054 0.0891848 0.0733643 0.0545013 0.0336006 0.0179691 0.00888578 0.00404752 0.00162938 0.000564541 0.000165457 4.01334e-05
 3.99361e-11 1.8784e-09 6.11783e-08 1.37973e-06 2.15464e-05 0.000232994 0.00174465 0.00904665 0.0324916 0.0808921 0.140046 0.170697 0.153246 0.115801 0.0908952 0.0760196 0.0570842 0.0356276 0.0193605 0.00970543 0.00444566 0.00179029 0.000621548 0.000183683 4.51963e-05
 3.95526e-11 1.86036e-09 6.05908e-08 1.36648e-06 2.13395e-05 0.000230757 0.0017279 0.0089598 0.0321799 0.0801185 0.138723 0.169162 0.152121 0.11549 0.0913423 0.0769018 0.0581099 0.0366309 0.0202211 0.0103272 0.00481375 0.00196803 0.000691412 0.00020596 5.09631e-05
 3.73408e-11 1.75633e-09 5.72025e-08 1.29006e-06 2.01462e-05 0.000217853 0.00163128 0.00845894 0.030383 0.0756642 0.131144 0.160546 0.146387 0.115367 0.0963675 0.084134 0.0645701 0.0411102 0.0229663 0.0118986 0.0056334 0.00234319 0.000838543 0.000254195 6.38253e-05
 4.03945e-11 1.89996e-09 6.18805e-08 1.39556e-06 2.17937e-05 0.000235668 0.00176467 0.0091504 0.0328633 0.0818082 0.141569 0.172256 0.153701 0.114203 0.0874811 0.0724594 0.0552576 0.0360037 0.0209362 0.0112846 0.00549462 0.00233116 0.000848938 0.000261891 6.6918e-05
#pred catch len freq
 3.16148e-11 1.48701e-09 4.84309e-08 1.09224e-06 1.70569e-05 0.000184446 0.00138113 0.00716181 0.0257238 0.0640611 0.111031 0.135919 0.123949 0.0979179 0.082891 0.075415 0.0638622 0.0496029 0.0381492 0.0303066 0.0251447 0.0219685 0.0193745 0.0155963 0.010341
 4.22346e-11 1.98652e-09 6.46995e-08 1.45914e-06 2.27865e-05 0.000246404 0.00184505 0.00956707 0.0343576 0.0855094 0.147843 0.179274 0.15797 0.113127 0.0812826 0.0637951 0.047079 0.0299596 0.0175909 0.0106309 0.0069362 0.00491656 0.00368826 0.00267832 0.00167815
 4.10911e-11 1.93273e-09 6.29477e-08 1.41963e-06 2.21695e-05 0.000239732 0.00179511 0.00930823 0.0334303 0.0832231 0.144039 0.175359 0.156768 0.117016 0.0898861 0.0734472 0.053518 0.0316685 0.0158948 0.00746929 0.00350419 0.00170439 0.000904865 0.000517071 0.000282863
 3.84662e-11 1.80927e-09 5.89267e-08 1.32894e-06 2.07534e-05 0.000224419 0.00168045 0.00871386 0.0312981 0.0779393 0.135059 0.165206 0.1502 0.11741 0.0967064 0.0829734 0.0618812 0.0372237 0.0189023 0.00870583 0.00368716 0.00141119 0.000503579 0.000181978 6.93495e-05
 4.02921e-11 1.89515e-09 6.17237e-08 1.39202e-06 2.17385e-05 0.000235071 0.0017602 0.00912727 0.0327806 0.0816085 0.141263 0.172066 0.154114 0.115705 0.089938 0.074789 0.056171 0.0351832 0.0191561 0.00951228 0.0042303 0.00161928 0.000529025 0.000150374 3.85374e-05
 3.89595e-11 1.83247e-09 5.96823e-08 1.34598e-06 2.10195e-05 0.000227296 0.00170199 0.00882554 0.0316986 0.0789308 0.136737 0.167071 0.151294 0.117024 0.0949615 0.0807626 0.0601804 0.0364289 0.0188329 0.00898593 0.00399636 0.0015853 0.000540789 0.000155218 3.69111e-05
 3.83306e-11 1.80289e-09 5.8719e-08 1.32426e-06 2.06802e-05 0.000223628 0.00167452 0.00868313 0.0311876 0.0776632 0.134574 0.16458 0.14953 0.116701 0.0959976 0.0825583 0.062135 0.0381534 0.0200715 0.00964734 0.00423007 0.00163114 0.000543679 0.000155396 3.72945e-05
 4.07145e-11 1.91502e-09 6.23708e-08 1.40662e-06 2.19664e-05 0.000237535 0.00177865 0.00922292 0.0331239 0.0824602 0.142718 0.173748 0.155327 0.115985 0.0893344 0.0736642 0.0548781 0.0339702 0.0182294 0.00898326 0.00402708 0.00157615 0.000527501 0.0001496 3.5396e-05
 4.05682e-11 1.90813e-09 6.21467e-08 1.40156e-06 2.18874e-05 0.000236682 0.00177226 0.00918983 0.0330055 0.0821702 0.142247 0.173324 0.155421 0.117017 0.091165 0.0753791 0.0554501 0.0332409 0.0169508 0.00794523 0.00347316 0.00136075 0.000462252 0.000133301 3.18859e-05
 3.96034e-11 1.86275e-09 6.06687e-08 1.36823e-06 2.13669e-05 0.000231053 0.00173012 0.00897133 0.0322214 0.080225 0.138927 0.169498 0.152701 0.116487 0.0926892 0.0780361 0.0583359 0.0358106 0.0188726 0.00907758 0.00396862 0.00151908 0.000500959 0.000141644 3.37373e-05
 3.96676e-11 1.86577e-09 6.07671e-08 1.37045e-06 2.14015e-05 0.000231428 0.00173292 0.00898588 0.0322737 0.0803546 0.139148 0.169755 0.152888 0.116532 0.0925918 0.0778344 0.0580756 0.0355578 0.0187108 0.00903971 0.00400435 0.0015598 0.000520699 0.000147069 3.45651e-05
 3.94049e-11 1.85342e-09 6.03646e-08 1.36137e-06 2.12598e-05 0.000229895 0.00172145 0.00892639 0.0320603 0.0798263 0.138253 0.168757 0.152289 0.1167 0.0934555 0.0789236 0.0588926 0.0359341 0.0187859 0.00900765 0.00396901 0.00154468 0.000518047 0.00014767 3.50448e-05
 3.93821e-11 1.85235e-09 6.03297e-08 1.36058e-06 2.12475e-05 0.000229762 0.00172045 0.00892121 0.0320415 0.0797781 0.13816 0.168594 0.151991 0.116174 0.0927502 0.0783698 0.0588775 0.0364879 0.0195461 0.0096036 0.00429308 0.00167817 0.000562584 0.000160271 3.81046e-05
 3.7503e-11 1.76396e-09 5.74512e-08 1.29567e-06 2.02337e-05 0.0002188 0.00163837 0.00849575 0.0305155 0.0759987 0.131753 0.161428 0.147617 0.117166 0.0986062 0.0858461 0.0645762 0.0392803 0.0203751 0.00971413 0.00428937 0.0016846 0.000571384 0.000164437 3.93112e-05
 3.53591e-11 1.66312e-09 5.41668e-08 1.2216e-06 1.9077e-05 0.000206292 0.00154472 0.00801023 0.0287734 0.0716783 0.124387 0.152986 0.14177 0.116416 0.102591 0.0921893 0.0709115 0.0444201 0.0239906 0.011841 0.00528437 0.00205326 0.000684559 0.000194859 4.65316e-05
 3.60774e-11 1.69691e-09 5.52672e-08 1.24641e-06 1.94646e-05 0.000210482 0.0015761 0.00817288 0.0293567 0.0731221 0.126829 0.155693 0.143333 0.115791 0.099976 0.0889534 0.0685318 0.0434155 0.0239557 0.0121701 0.00560592 0.00224646 0.000767192 0.000220786 5.26393e-05
 3.83415e-11 1.8034e-09 5.87356e-08 1.32463e-06 2.06861e-05 0.000223691 0.00167499 0.00868557 0.0311961 0.0776822 0.134592 0.164532 0.149265 0.116049 0.0950037 0.0816381 0.0617992 0.0385408 0.0208815 0.0104732 0.00483105 0.0019671 0.000689272 0.000204167 4.99464e-05
 3.70604e-11 1.74314e-09 5.67731e-08 1.28037e-06 1.99949e-05 0.000216217 0.00161904 0.00839549 0.0301555 0.075104 0.130213 0.159595 0.146117 0.116363 0.0984824 0.0863361 0.0656955 0.0408661 0.0219736 0.0109032 0.00497366 0.00200759 0.000701748 0.000209334 5.20467e-05
 3.70056e-11 1.74057e-09 5.66892e-08 1.27848e-06 1.99654e-05 0.000215898 0.00161664 0.00838309 0.030111 0.0749935 0.130024 0.159375 0.145953 0.116314 0.0985455 0.0864791 0.0658861 0.0410648 0.0221262 0.0109761 0.0049823 0.00199176 0.0006878 0.000202944 5.01501e-05
 3.75785e-11 1.76751e-09 5.75668e-08 1.29827e-06 2.02744e-05 0.00021924 0.00164167 0.0085128 0.0305763 0.0761457 0.131977 0.161561 0.147293 0.116023 0.0967732 0.0841994 0.0641227 0.0401731 0.0218488 0.0109488 0.0050066 0.00200869 0.000693346 0.00020363 4.99266e-05
 3.84421e-11 1.80813e-09 5.88898e-08 1.32811e-06 2.07404e-05 0.000224278 0.00167939 0.00870837 0.031278 0.0778861 0.134945 0.164963 0.149653 0.116336 0.0951875 0.0816692 0.0615943 0.0381143 0.0203833 0.010065 0.00457602 0.00184046 0.000639113 0.000188703 4.63725e-05
 3.679e-11 1.73043e-09 5.63589e-08 1.27103e-06 1.9849e-05 0.00021464 0.00160723 0.00833427 0.029936 0.0745604 0.129293 0.158571 0.145514 0.116565 0.0994187 0.0875118 0.0665813 0.0412739 0.0220383 0.0108264 0.00487884 0.00194123 0.000667934 0.00019633 4.82664e-05
 3.71846e-11 1.74899e-09 5.69633e-08 1.28467e-06 2.00619e-05 0.000216942 0.00162446 0.00842359 0.0302562 0.0753515 0.130621 0.159994 0.146166 0.115771 0.0973417 0.0852306 0.0652733 0.041233 0.0226753 0.0114647 0.00525374 0.00209963 0.000719898 0.000210024 5.12118e-05
 3.74936e-11 1.76352e-09 5.74368e-08 1.29534e-06 2.02286e-05 0.000218745 0.00163796 0.00849357 0.0305072 0.0759739 0.13168 0.1612 0.146973 0.115796 0.0966338 0.0841671 0.0642504 0.0404665 0.0222284 0.0113034 0.00526204 0.0021521 0.000755359 0.000224036 5.50122e-05
 3.51913e-11 1.65523e-09 5.39098e-08 1.2158e-06 1.89865e-05 0.000205313 0.00153739 0.00797224 0.0286372 0.0713414 0.123819 0.152365 0.141439 0.116629 0.103267 0.0929072 0.0712446 0.0443305 0.0237955 0.0118091 0.00541064 0.00220149 0.00077642 0.000233289 5.82776e-05
 3.55899e-11 1.67398e-09 5.45204e-08 1.22957e-06 1.92015e-05 0.000207638 0.0015548 0.00806245 0.0289602 0.0721353 0.125124 0.153633 0.141548 0.114618 0.0994294 0.0891698 0.0697621 0.0454849 0.0261299 0.0137676 0.00648688 0.00264122 0.000921643 0.000274361 6.83907e-05
 3.40891e-11 1.60339e-09 5.22214e-08 1.17772e-06 1.83918e-05 0.000198882 0.00148924 0.00772262 0.0277412 0.0691161 0.120003 0.147886 0.13798 0.115236 0.103815 0.0947844 0.0739979 0.04757 0.0269163 0.0142132 0.00689186 0.00293766 0.0010714 0.000327946 8.2548e-05
 3.36909e-11 1.58466e-09 5.16113e-08 1.16396e-06 1.8177e-05 0.000196559 0.00147185 0.00763243 0.0274173 0.0683101 0.118611 0.146206 0.136529 0.114295 0.103402 0.0950119 0.0750597 0.0492928 0.0286687 0.0154467 0.00754101 0.00322501 0.00119128 0.000374316 9.7403e-05
#obs catch len freq
 3.57641e-11 1.68217e-09 5.47872e-08 1.23559e-06 1.92955e-05 0.000208654 0.00156241 0.00810194 0.0291025 0.0724935 0.125772 0.154551 0.142778 0.116339 0.101499 0.090638 0.0694995 0.043456 0.0235193 0.0117644 0.00541302 0.00220604 0.000780015 0.000236046 5.98141e-05
 3.59245e-11 1.68972e-09 5.5033e-08 1.24113e-06 1.93821e-05 0.00020959 0.00156942 0.00813827 0.0292329 0.0728168 0.126323 0.155182 0.143211 0.116387 0.101195 0.0901766 0.0690698 0.0431312 0.0232847 0.0115942 0.00529678 0.00213689 0.000746033 0.000222673 5.56779e-05
 4.62608e-11 2.17588e-09 7.08671e-08 1.59823e-06 2.49587e-05 0.000269892 0.00202092 0.0104788 0.0376295 0.0936261 0.161699 0.195238 0.169329 0.115452 0.0754835 0.0543832 0.0382703 0.0232346 0.0123691 0.00609449 0.00276261 0.0011073 0.000383749 0.00011348 2.80602e-05
 3.68042e-11 1.73109e-09 5.63806e-08 1.27152e-06 1.98567e-05 0.000214723 0.00160785 0.00833759 0.0299492 0.074605 0.129451 0.159145 0.147231 0.120267 0.104736 0.0919435 0.0672142 0.0377801 0.0169136 0.00668381 0.00254493 0.000931063 0.000310714 9.03974e-05 2.2131e-05
 4.3494e-11 2.04575e-09 6.66287e-08 1.50265e-06 2.3466e-05 0.000253751 0.00190007 0.00985232 0.035382 0.088057 0.152238 0.184552 0.162458 0.115979 0.0828134 0.0644771 0.046915 0.0286872 0.0150652 0.00707016 0.00290208 0.00099855 0.000287341 7.13509e-05 1.55652e-05
 4.03331e-11 1.89708e-09 6.17865e-08 1.39344e-06 2.17606e-05 0.00023531 0.001762 0.00913663 0.0328153 0.0817033 0.141487 0.172621 0.155502 0.118526 0.0939044 0.0780091 0.0564551 0.032344 0.0151768 0.00640741 0.00256274 0.000937879 0.000296422 7.7805e-05 1.65861e-05
 3.89379e-11 1.83145e-09 5.96492e-08 1.34524e-06 2.10078e-05 0.000227171 0.00170105 0.00882067 0.0316815 0.078891 0.136688 0.167102 0.151615 0.117863 0.0962662 0.0820063 0.0607034 0.0360196 0.0178252 0.00788626 0.00315389 0.00109892 0.000327333 8.35736e-05 1.81021e-05
 3.88379e-11 1.82675e-09 5.9496e-08 1.34178e-06 2.09539e-05 0.000226587 0.00169668 0.00879802 0.0316001 0.0786876 0.136332 0.16665 0.15115 0.117403 0.0958265 0.0817444 0.0608377 0.0365721 0.0185605 0.00852275 0.0035577 0.0012922 0.000396527 0.000101782 2.16258e-05
 4.22012e-11 1.98494e-09 6.46481e-08 1.45798e-06 2.27684e-05 0.000246208 0.00184359 0.00955959 0.0343321 0.0854577 0.147837 0.179656 0.159559 0.116899 0.0871605 0.0698139 0.0506951 0.0301881 0.0152377 0.0069927 0.00294564 0.00109284 0.000346241 9.22264e-05 2.02627e-05
 4.31399e-11 2.02909e-09 6.60862e-08 1.49041e-06 2.32749e-05 0.000251685 0.0018846 0.00977218 0.035095 0.0873508 0.151071 0.183394 0.162257 0.11753 0.0858579 0.0674183 0.0480048 0.0276818 0.0132412 0.00569932 0.00228763 0.000829367 0.000261767 7.0412e-05 1.57836e-05
 3.98561e-11 1.87464e-09 6.10557e-08 1.37696e-06 2.15032e-05 0.000232527 0.00174116 0.00902861 0.0324278 0.0807428 0.139853 0.17077 0.154287 0.118553 0.0950878 0.0797163 0.0580182 0.0334299 0.015751 0.00658493 0.00253596 0.000874103 0.000261429 6.71686e-05 1.46369e-05
 4.11585e-11 1.9359e-09 6.3051e-08 1.42196e-06 2.22059e-05 0.000240126 0.00179805 0.0093235 0.0334853 0.08336 0.144277 0.175659 0.157066 0.117308 0.0902257 0.0738697 0.0539868 0.0320411 0.0159608 0.00712648 0.00286948 0.000998885 0.000293195 7.25391e-05 1.50832e-05
 4.13326e-11 1.94409e-09 6.33177e-08 1.42797e-06 2.22998e-05 0.000241141 0.00180566 0.00936294 0.0336269 0.083712 0.144884 0.176381 0.15766 0.117629 0.0902658 0.0736206 0.0534231 0.0312746 0.0152682 0.00671867 0.00272663 0.000980748 0.000301087 7.7375e-05 1.63568e-05
 3.88413e-11 1.82691e-09 5.95011e-08 1.3419e-06 2.09557e-05 0.000226607 0.00169683 0.0087988 0.0316032 0.0786979 0.136367 0.166776 0.151527 0.118214 0.0969902 0.0827125 0.0609707 0.0357964 0.0174249 0.00760719 0.00305002 0.00108336 0.000330579 8.55907e-05 1.84918e-05
 3.53473e-11 1.66257e-09 5.41488e-08 1.22119e-06 1.90707e-05 0.000206223 0.00154421 0.00800762 0.0287647 0.0716612 0.124391 0.153153 0.142428 0.117937 0.104836 0.0941391 0.0713632 0.0431792 0.0219808 0.0100886 0.004188 0.00150797 0.0004598 0.000118197 2.53618e-05
 3.23788e-11 1.52294e-09 4.96013e-08 1.11863e-06 1.74691e-05 0.000188905 0.00141453 0.00733538 0.0263525 0.0656782 0.114185 0.141432 0.134224 0.116655 0.109973 0.102519 0.0798817 0.0503024 0.0272508 0.0134396 0.0059418 0.00225442 0.000719065 0.000191348 4.18957e-05
 3.69173e-11 1.73641e-09 5.65538e-08 1.27543e-06 1.99177e-05 0.000215382 0.00161278 0.00836303 0.0300387 0.0748089 0.129675 0.158815 0.145027 0.114771 0.096517 0.0848862 0.0658273 0.0426545 0.0243689 0.0128053 0.00602946 0.00244023 0.000832424 0.000236148 5.46122e-05
 3.59058e-11 1.68883e-09 5.50042e-08 1.24048e-06 1.9372e-05 0.000209481 0.0015686 0.00813404 0.0292179 0.0727816 0.126276 0.15519 0.143426 0.116961 0.102043 0.0908372 0.0690414 0.0424262 0.022437 0.0110742 0.00514219 0.00214707 0.000774813 0.000234531 5.78729e-05
 3.49581e-11 1.64426e-09 5.35526e-08 1.20775e-06 1.88607e-05 0.000203953 0.0015272 0.00791945 0.0284479 0.0708717 0.123018 0.15145 0.140812 0.116571 0.103751 0.0936866 0.0720556 0.044992 0.0241961 0.0119379 0.00537829 0.00213995 0.000742363 0.00022257 5.61798e-05
 3.50087e-11 1.64664e-09 5.363e-08 1.20949e-06 1.8888e-05 0.000204247 0.00152941 0.00793088 0.0284888 0.0709714 0.123177 0.151578 0.14072 0.116082 0.102914 0.0928886 0.0717507 0.0452879 0.0248099 0.0125151 0.0057439 0.00230498 0.000793718 0.000232502 5.70434e-05
 3.81284e-11 1.79338e-09 5.84091e-08 1.31727e-06 2.05711e-05 0.000222448 0.00166569 0.00863731 0.031023 0.077252 0.133854 0.163669 0.148605 0.115801 0.0951479 0.0820537 0.062387 0.039203 0.021476 0.010884 0.00504929 0.00205925 0.00072175 0.000214157 5.269e-05
 3.66856e-11 1.72551e-09 5.61989e-08 1.26743e-06 1.97927e-05 0.000214031 0.00160266 0.00831064 0.0298516 0.0743531 0.128955 0.15826 0.145553 0.11724 0.10063 0.088639 0.0669351 0.0407642 0.0211927 0.0101786 0.00456728 0.00184159 0.000647142 0.000193989 4.83608e-05
 3.57193e-11 1.68006e-09 5.47185e-08 1.23404e-06 1.92713e-05 0.000208393 0.00156045 0.0080918 0.0290663 0.0724051 0.125631 0.154437 0.142856 0.116772 0.102253 0.0914001 0.0698856 0.0433348 0.0230568 0.0112204 0.00497378 0.00193734 0.000653409 0.000189818 4.6612e-05
 3.63857e-11 1.71141e-09 5.57394e-08 1.25707e-06 1.96309e-05 0.000212281 0.00158956 0.00824269 0.0296074 0.0737444 0.127895 0.156942 0.144288 0.116154 0.0997784 0.0883762 0.0677186 0.0424931 0.0231034 0.0115481 0.00524758 0.00208102 0.000705705 0.000202714 4.85756e-05
 3.55351e-11 1.6714e-09 5.44364e-08 1.22768e-06 1.9172e-05 0.000207318 0.00155241 0.00805009 0.0289166 0.0720331 0.124992 0.153681 0.142256 0.116486 0.102252 0.0915912 0.0702227 0.0438047 0.0236103 0.0117524 0.00537624 0.0021691 0.000752408 0.000220662 5.35447e-05
 3.45774e-11 1.62635e-09 5.29693e-08 1.19459e-06 1.86553e-05 0.000201731 0.00151057 0.00783322 0.0281384 0.0701031 0.121701 0.149908 0.139633 0.116126 0.103994 0.0943845 0.0730263 0.0460969 0.0252432 0.0127351 0.00585711 0.00236371 0.000821547 0.000242946 5.98018e-05
 3.40835e-11 1.60312e-09 5.22127e-08 1.17753e-06 1.83888e-05 0.00019885 0.001489 0.00772136 0.027737 0.0691067 0.119997 0.147929 0.138177 0.11571 0.104546 0.0954998 0.074342 0.0474019 0.0263732 0.0135553 0.00634373 0.00259891 0.000914056 0.000272456 6.74427e-05
 3.16745e-11 1.48982e-09 4.85223e-08 1.0943e-06 1.70891e-05 0.000184796 0.00138377 0.00717585 0.0257798 0.064255 0.111739 0.138534 0.131896 0.115499 0.109906 0.103276 0.0813491 0.0523354 0.0294612 0.0153595 0.00730029 0.00304263 0.00109 0.000330624 8.30457e-05
#spawning biomass
 3249.85 2507.21 4125.65 5584.85 8080 10537.7 12260.6 15249.5 19939.8 33515.9 44912.7 57513.7 86107.1 94929.5 99488.1 82090.1 68306.8 81668.7 77600.9 79063.5 79128.3 91001.5 96771.4 109451 106236 116608 116254 109869 112797 172704 121569 77657.6 51505.6 37833.2 31190.9 28107.1 26716.8 26102.1 25833.8 25717.7 25667.8 25646.5 25637.4 25633.5 25631.8 25631.1 25630.8 25630.7 25630.7 25630.6 25630.6 25630.6 25630.6 25630.6 25630.6 25630.6 25630.6 25630.6 25630.6 25630.6 25630.6 25630.6 25630.6 25630.6 25630.6 25630.6 25630.6 25630.6 25630.6 25630.6 25630.6 25630.6 25630.6 25630.6 25630.6 25630.6 25630.6 25630.6 25630.6 25630.6 25630.6 25630.6 25630.6 25630.6 25630.6 25630.6 25630.6 25630.6 25630.6 25630.6 25630.6 25630.6 25630.6 25630.6 25630.6 25630.6 25630.6 25630.6 25630.6 25630.6 25630.6 25630.6 25630.6 25630.6 25630.6 25630.6 25630.6 25630.6 25630.6 25630.6 25630.6 25630.6 25630.6 25630.6 25630.6 25630.6 25630.6 25630.6 25630.6 25630.6 25630.6 25630.6 25630.6 25630.6 25630.6 25630.6 25630.6 25630.6 0 0 0 0 0 0 0 0 0 0 0 0 0 0 0 0 0 0 0 0 0 0 0 0 0
