SBPRF35
0.827133
Curr Bio
170499
B35
642111
F35
0.222758
FOFL
0.0674032
OFL
8947.31
Bzero
236324
#pred survey bio
 8893.64 9425.25 11892.5 17633.9 22278.3 26844.3 30859.8 34776.4 39964.6 51804.3 63056.1 82970.6 102766 122337 135022 114364 102686 96102.1 97150 96423.1 93901.4 101496 102441 112250 118365 126630 115965 126932 6.04976e+06 6.4394e+06 6.9238e+06 6.58297e+06 5.85676e+06 5.03676e+06 4.28077e+06 3.65183e+06 3.15946e+06 2.78852e+06 2.51589e+06 2.31857e+06 2.17701e+06 2.07569e+06 2.00221e+06 1.9483e+06 1.91017e+06 1.88288e+06 1.8631e+06 1.84858e+06 1.83779e+06 1.82967e+06 1.82349e+06 1.81874e+06 1.81505e+06 1.81216e+06 1.80987e+06 1.80806e+06 1.80661e+06 1.80545e+06 1.80452e+06 1.80376e+06 1.80315e+06 1.80265e+06 1.80225e+06 1.80192e+06 1.80165e+06 1.80144e+06 1.80126e+06 1.80111e+06 1.80099e+06 1.8009e+06 1.80082e+06 1.80075e+06 1.8007e+06 1.80065e+06 1.80062e+06 1.80059e+06 1.80057e+06 1.80055e+06 1.80053e+06 1.80052e+06 1.80051e+06 1.8005e+06 1.80049e+06 1.80048e+06 1.80048e+06 1.80048e+06 1.80047e+06 1.80047e+06 1.80047e+06 1.80047e+06 1.80046e+06 1.80046e+06 1.80046e+06 1.80046e+06 1.80046e+06 1.80046e+06 1.80046e+06 1.80046e+06 1.80046e+06 1.80046e+06 1.80046e+06 1.80046e+06 1.80046e+06 1.80046e+06 1.80046e+06 1.80046e+06 1.80046e+06 1.80046e+06 1.80046e+06 1.80046e+06 1.80046e+06 1.80046e+06 1.80046e+06 1.80046e+06 1.80046e+06 1.80046e+06 1.80046e+06 1.80046e+06 1.80046e+06 1.80046e+06 1.80046e+06 1.80046e+06 1.80046e+06 1.80046e+06 1.80046e+06 1.80046e+06 1.80046e+06 1.80046e+06 0 0 0 0 0 0 0 0 0 0 0 0 0 0 0 0 0 0 0 0 0 0 0 0 0
#obs survey bio
 8495.27 10166.2 15892.3 15923.9 21273 23671 31634.1 32137.1 37265 62489 51820.7 85384.1 128042 123108 115964 134726 100272 84599.7 103458 119394 108500 93180.2 133951 145437 140887 101137 76449.5 121314
#pred catch bio
 4763.21 5465.46 6504.73 10257.6 13805.3 18165.8 21382 24833.7 28663.6 40612 45495.6 65334.8 83842 92550.5 110488 95876.4 87963.2 82182.7 84775.8 85598.8 84565.7 94559.2 92731.2 106479 111456 122291 105379 94430.4 8947.31 55147.5 58898 55378.7 48583 41102.1 34319.2 28765.6 24495.5 21347 19093 17513.2 16423.2 15679.4 15172.4 14827.7 14601.8 14453.8 14356.8 14293.3 14251.7 14224.4 14206.5 14194.8 14187.1 14182.1 14178.8 14176.6 14175.2 14174.3 14173.7 14173.3 14173 14172.9 14172.7 14172.7 14172.6 14172.6 14172.6 14172.6 14172.5 14172.5 14172.5 14172.5 14172.5 14172.5 14172.5 14172.5 14172.5 14172.5 14172.5 14172.5 14172.5 14172.5 14172.5 14172.5 14172.5 14172.5 14172.5 14172.5 14172.5 14172.5 14172.5 14172.5 14172.5 14172.5 14172.5 14172.5 14172.5 14172.5 14172.5 14172.5 14172.5 14172.5 14172.5 14172.5 14172.5 14172.5 14172.5 14172.5 14172.5 14172.5 14172.5 14172.5 14172.5 14172.5 14172.5 14172.5 14172.5 14172.5 14172.5 14172.5 14172.5 14172.5 14172.5 14172.5 14172.5 14172.5 14172.5 14172.5 0 0 0 0 0 0 0 0 0 0 0 0 0 0 0 0 0 0 0 0 0 0 0 0 0
#obs catch bio
 5827.7 5605.45 6523.32 10202.7 13891.9 18238.2 21629.9 24939.6 28905.8 40000.6 44630.8 65330.6 81077.4 89503.7 111634 96506.3 85243 82312.1 82838.1 85158.1 81918.6 93304.6 90454.6 102093 109211 122163 106258 93874.2
#pred cpue bio
 8268.99 8501.95 10265.2 15677.4 19858.4 23651.2 27206.8 30539 34495.6 43785.3 53910.2 70690.2 85828.6 105043 119810 100024 88780.9 82261.7 82397.3 82539.3 78287.2 84418.7 85321.3 92636.1 96671.4 105558 96363.3 104896 5.27454e+06 6.3946e+06 6.88977e+06 6.54888e+06 5.82266e+06 5.00266e+06 4.24668e+06 3.61774e+06 3.12536e+06 2.75443e+06 2.48179e+06 2.28448e+06 2.14292e+06 2.04159e+06 1.96811e+06 1.9142e+06 1.87608e+06 1.84878e+06 1.82901e+06 1.81449e+06 1.8037e+06 1.79558e+06 1.7894e+06 1.78465e+06 1.78095e+06 1.77806e+06 1.77578e+06 1.77397e+06 1.77252e+06 1.77136e+06 1.77042e+06 1.76967e+06 1.76906e+06 1.76856e+06 1.76816e+06 1.76783e+06 1.76756e+06 1.76734e+06 1.76716e+06 1.76702e+06 1.7669e+06 1.7668e+06 1.76672e+06 1.76666e+06 1.7666e+06 1.76656e+06 1.76652e+06 1.7665e+06 1.76647e+06 1.76645e+06 1.76644e+06 1.76642e+06 1.76641e+06 1.7664e+06 1.7664e+06 1.76639e+06 1.76639e+06 1.76638e+06 1.76638e+06 1.76638e+06 1.76637e+06 1.76637e+06 1.76637e+06 1.76637e+06 1.76637e+06 1.76637e+06 1.76637e+06 1.76637e+06 1.76637e+06 1.76637e+06 1.76637e+06 1.76636e+06 1.76636e+06 1.76636e+06 1.76636e+06 1.76636e+06 1.76636e+06 1.76636e+06 1.76636e+06 1.76636e+06 1.76636e+06 1.76636e+06 1.76636e+06 1.76636e+06 1.76636e+06 1.76636e+06 1.76636e+06 1.76636e+06 1.76636e+06 1.76636e+06 1.76636e+06 1.76636e+06 1.76636e+06 1.76636e+06 1.76636e+06 1.76636e+06 1.76636e+06 1.76636e+06 1.76636e+06 1.76636e+06 0 0 0 0 0 0 0 0 0 0 0 0 0 0 0 0 0 0 0 0 0 0 0 0 0
#obs cpue bio
 7814.11 5321.62 7351.89 19347.3 21149.2 22269.2 23984.7 29359.8 33331.5 56356.4 66580.1 85886.1 115807 158204 98269.1 96015 135868 90473.9 102177 78401.5 122380 93284.6 110821 147202 91276.6 128041 116718 156642
#pred surv len freq
 2.55901e-27 2.57695e-27 2.29084e-26 4.29273e-20 1.05231e-14 3.11819e-10 1.11688e-06 0.000483567 0.0253082 0.160107 0.122955 0.0440345 0.248782 0.229621 0.047778 0.0515113 0.0209931 0.014689 0.00871158 0.00645584 0.00499329 0.00429032 0.00429996 0.00381873 0.00116687
 2.56131e-27 2.58373e-27 2.93748e-26 5.65704e-20 1.38676e-14 4.1092e-10 1.47185e-06 0.000637254 0.0333516 0.210992 0.161718 0.0383216 0.178074 0.165509 0.0571626 0.0890079 0.0316272 0.0153638 0.00686823 0.00383484 0.00239367 0.00174947 0.00154946 0.00137675 0.000461221
 2.56407e-27 2.59072e-27 3.5057e-26 6.85554e-20 1.68055e-14 4.97978e-10 1.78367e-06 0.000772263 0.0404174 0.255692 0.195897 0.0412066 0.176015 0.162501 0.0365471 0.042911 0.0201768 0.0169487 0.0061957 0.00233463 0.000991884 0.000546904 0.000397903 0.000331804 0.000115146
 2.56194e-27 2.5848e-27 2.96567e-26 5.71624e-20 1.40127e-14 4.15221e-10 1.48725e-06 0.000643923 0.0337006 0.2132 0.163494 0.0439718 0.219824 0.202841 0.0422063 0.0453883 0.0167113 0.00926089 0.00503457 0.00252244 0.000715126 0.000242057 0.000123424 8.81011e-05 3.02668e-05
 2.56177e-27 2.58454e-27 2.96074e-26 5.70592e-20 1.39874e-14 4.14471e-10 1.48456e-06 0.00064276 0.0336397 0.212815 0.163175 0.0424 0.208088 0.192416 0.0477272 0.0606148 0.0214837 0.0102911 0.00391314 0.00176697 0.000749869 0.000188578 5.1995e-05 2.64444e-05 8.50273e-06
 2.56257e-27 2.58662e-27 3.13769e-26 6.07917e-20 1.49024e-14 4.41584e-10 1.58168e-06 0.000684806 0.0358403 0.226736 0.173808 0.0425587 0.201825 0.186427 0.0428398 0.0510547 0.0197993 0.0119662 0.00428692 0.00149141 0.000483702 0.000156152 3.08805e-05 8.06622e-06 2.1616e-06
 2.56244e-27 2.58608e-27 3.07294e-26 5.94252e-20 1.45674e-14 4.31657e-10 1.54612e-06 0.000669412 0.0350346 0.221639 0.169941 0.0441207 0.216428 0.199641 0.0404579 0.0422025 0.0156821 0.00868548 0.00357447 0.00143001 0.000375529 9.29399e-05 1.97697e-05 2.94501e-06 5.00846e-07
 2.56266e-27 2.58667e-27 3.12368e-26 6.04957e-20 1.48298e-14 4.39433e-10 1.57397e-06 0.000681471 0.0356657 0.225632 0.172988 0.0440255 0.213564 0.197037 0.0407398 0.0434422 0.0151517 0.00694896 0.0026546 0.00105604 0.000328135 7.07952e-05 1.1847e-05 1.48603e-06 1.36939e-07
 2.56368e-27 2.58938e-27 3.3568e-26 6.54131e-20 1.60352e-14 4.75153e-10 1.70192e-06 0.000736865 0.0385649 0.243972 0.18699 0.0438785 0.202607 0.186813 0.036884 0.0372109 0.0130933 0.00614738 0.00211633 0.000712942 0.000210949 5.08452e-05 7.61267e-06 7.50948e-07 4.62792e-08
 2.5648e-27 2.59233e-27 3.609e-26 7.07332e-20 1.73394e-14 5.13797e-10 1.84034e-06 0.000796795 0.0417014 0.263815 0.202141 0.043811 0.191449 0.176383 0.0326474 0.0301354 0.0103542 0.00451763 0.0015684 0.000516059 0.000128502 2.84817e-05 4.51758e-06 3.89992e-07 1.78821e-08
 2.56408e-27 2.59021e-27 3.40681e-26 6.64674e-20 1.62937e-14 4.82811e-10 1.72935e-06 0.000748741 0.0391864 0.247904 0.19002 0.045616 0.2137 0.196663 0.0316461 0.0227093 0.00753035 0.00291662 0.000965113 0.000301544 7.40287e-05 1.42456e-05 2.04442e-06 1.77458e-07 6.85108e-09
 2.56432e-27 2.591e-27 3.4891e-26 6.82038e-20 1.67193e-14 4.95424e-10 1.77453e-06 0.000768302 0.0402102 0.254381 0.194945 0.0443143 0.200335 0.184598 0.0343919 0.0319876 0.010012 0.00287255 0.000871038 0.000244252 5.61343e-05 1.03793e-05 1.30955e-06 1.03397e-07 3.81773e-09
 2.56532e-27 2.5936e-27 3.7093e-26 7.28488e-20 1.7858e-14 5.29165e-10 1.89538e-06 0.000820626 0.0429486 0.271705 0.208176 0.0445002 0.192453 0.17711 0.0291616 0.0219658 0.00731173 0.00283817 0.000794937 0.000170937 3.44357e-05 5.80895e-06 6.85285e-07 4.76901e-08 1.61257e-09
 2.56379e-27 2.58937e-27 3.32636e-26 6.477e-20 1.58776e-14 4.70481e-10 1.68518e-06 0.00072962 0.0381857 0.241574 0.185198 0.0463494 0.22267 0.204846 0.0314061 0.0200737 0.00629866 0.00190211 0.000582192 0.000154345 2.56047e-05 3.49184e-06 3.66058e-07 2.32573e-08 6.96589e-10
 2.56184e-27 2.58424e-27 2.88825e-26 5.55283e-20 1.36121e-14 4.03351e-10 1.44474e-06 0.000625515 0.0327372 0.207105 0.158877 0.0462933 0.240735 0.221849 0.040447 0.036407 0.0111554 0.00280028 0.00075771 0.000170064 3.32963e-05 4.35627e-06 3.57417e-07 1.96417e-08 5.28314e-10
 2.5628e-27 2.58685e-27 3.12064e-26 6.04308e-20 1.48139e-14 4.38962e-10 1.57229e-06 0.00068074 0.0356275 0.22539 0.172827 0.0454944 0.224856 0.207183 0.0376181 0.0336989 0.0111339 0.00413613 0.0011087 0.000206186 3.36789e-05 4.53677e-06 3.76457e-07 1.64963e-08 3.77033e-10
 2.56345e-27 2.58852e-27 3.25913e-26 6.3352e-20 1.553e-14 4.60181e-10 1.64829e-06 0.000713647 0.0373497 0.236285 0.181152 0.0458801 0.221941 0.204312 0.0338084 0.0257162 0.00845569 0.00313669 0.000963759 0.000243623 3.63221e-05 3.98212e-06 3.16037e-07 1.37194e-08 2.56873e-10
 2.56398e-27 2.58991e-27 3.37641e-26 6.58259e-20 1.61364e-14 4.78151e-10 1.71266e-06 0.000741516 0.0388083 0.245512 0.188199 0.0459748 0.217711 0.200321 0.0315438 0.0215291 0.00677635 0.00206318 0.000619254 0.00016352 3.1392e-05 3.73997e-06 2.44923e-07 9.79771e-09 1.75729e-10
 2.56447e-27 2.59121e-27 3.4904e-26 6.82305e-20 1.67259e-14 4.95618e-10 1.77522e-06 0.000768603 0.0402259 0.254481 0.195044 0.0457462 0.211162 0.19426 0.0301412 0.0198461 0.00611077 0.0016402 0.000449446 0.000100895 1.94802e-05 2.77563e-06 2.10207e-07 7.30752e-09 1.18494e-10
 2.56394e-27 2.58974e-27 3.35524e-26 6.5379e-20 1.60269e-14 4.74905e-10 1.70103e-06 0.000736481 0.0385448 0.243845 0.186935 0.0465324 0.222842 0.20495 0.0304507 0.0178568 0.00544937 0.0014021 0.000366913 7.22676e-05 1.19398e-05 1.60087e-06 1.39729e-07 5.57682e-09 8.24022e-11
 2.56532e-27 2.5935e-27 3.68967e-26 7.24343e-20 1.77564e-14 5.26153e-10 1.88459e-06 0.000815957 0.0427042 0.270159 0.20701 0.0453957 0.200087 0.183989 0.0273951 0.0161589 0.00484375 0.00109911 0.000278589 5.22492e-05 7.78935e-06 8.84748e-07 7.05999e-08 3.1507e-09 5.2272e-11
 2.5654e-27 2.59367e-27 3.70045e-26 7.26615e-20 1.78121e-14 5.27804e-10 1.89051e-06 0.000818517 0.0428382 0.271007 0.207663 0.0457759 0.202522 0.186137 0.0259994 0.0124346 0.00371005 0.000845249 0.00020716 3.4737e-05 4.91257e-06 5.07745e-07 3.42185e-08 1.39097e-09 2.51291e-11
 2.56532e-27 2.5934e-27 3.67336e-26 7.20899e-20 1.7672e-14 5.23652e-10 1.87563e-06 0.000812077 0.0425012 0.268875 0.206041 0.0461138 0.206233 0.189505 0.0255589 0.0105766 0.00306168 0.00056279 0.000132581 2.20694e-05 2.88868e-06 2.71866e-07 1.65844e-08 5.72174e-10 9.4645e-12
 2.56577e-27 2.59468e-27 3.78983e-26 7.4547e-20 1.82743e-14 5.415e-10 1.93956e-06 0.000839757 0.0439498 0.278039 0.213028 0.0454773 0.19648 0.180576 0.0252665 0.0121541 0.00348775 0.000558647 0.000121218 1.6706e-05 2.09511e-06 1.87222e-07 1.0276e-08 3.16006e-10 4.47561e-12
 2.56623e-27 2.59587e-27 3.89195e-26 7.67012e-20 1.88024e-14 5.57148e-10 1.99561e-06 0.000864023 0.0452198 0.286073 0.219163 0.0454731 0.192138 0.176494 0.0231744 0.00841501 0.00242592 0.000446717 9.75122e-05 1.17282e-05 1.26475e-06 9.88273e-08 5.12298e-09 1.42053e-10 1.77303e-12
 2.56526e-27 2.59322e-27 3.65522e-26 7.1707e-20 1.75781e-14 5.20871e-10 1.86567e-06 0.000807765 0.0422755 0.267447 0.204954 0.0463543 0.208826 0.191856 0.0252203 0.00920874 0.00259159 0.000367791 7.72364e-05 1.04342e-05 1.07882e-06 7.13184e-08 3.13745e-09 7.97212e-11 8.99068e-13
 2.56541e-27 2.59363e-27 3.69121e-26 7.24662e-20 1.77642e-14 5.26386e-10 1.88543e-06 0.000816317 0.0427231 0.270278 0.207115 0.0462634 0.206617 0.189813 0.0247788 0.00871686 0.00245024 0.000348166 6.97053e-05 7.50571e-06 7.76537e-07 5.37395e-08 2.0584e-09 4.37274e-11 4.40357e-13
 2.5657e-27 2.59448e-27 3.77193e-26 7.41694e-20 1.81817e-14 5.38757e-10 1.92974e-06 0.000835503 0.0437272 0.276631 0.211955 0.0455796 0.198013 0.18198 0.0253426 0.0119714 0.00339123 0.000468304 9.29796e-05 9.90281e-06 9.06575e-07 5.43968e-08 2.1495e-09 4.16022e-11 3.50396e-13
#obs surv len freq
 1.08512e-41 1.50607e-33 2.52675e-26 5.12419e-20 1.25613e-14 3.72216e-10 1.33322e-06 0.000577236 0.0302102 0.191119 0.146646 0.0401392 0.173108 0.146511 0.103957 0.101894 0.0441723 0.0172714 0.00388168 0.000485671 2.49141e-05 3.7974e-07 1.29315e-09 8.00333e-13 7.87203e-17
 1.60177e-41 2.22316e-33 3.7298e-26 7.56397e-20 1.85422e-14 5.49439e-10 1.968e-06 0.000852076 0.0445943 0.282117 0.216147 0.0406681 0.12675 0.102307 0.076096 0.0688553 0.0289601 0.0103392 0.00208069 0.000222791 9.30521e-06 1.09483e-07 2.76165e-10 1.23604e-13 8.6865e-18
 1.53881e-41 2.13577e-33 3.58319e-26 7.26665e-20 1.78133e-14 5.27841e-10 1.89064e-06 0.000818583 0.0428414 0.271028 0.20791 0.0500452 0.176743 0.128798 0.0562699 0.0423167 0.0168 0.00538517 0.000954368 8.57901e-05 2.86815e-06 2.58645e-08 4.83263e-11 1.56534e-14 7.85341e-19
 1.0772e-41 1.49508e-33 2.5083e-26 5.08679e-20 1.24697e-14 3.69499e-10 1.32348e-06 0.000573023 0.0299897 0.189726 0.146059 0.0564942 0.230209 0.163051 0.0979033 0.0657206 0.015837 0.00381136 0.000580053 4.30378e-05 1.13231e-06 7.73008e-09 1.06471e-11 2.49685e-15 8.95989e-20
 1.49925e-41 2.08086e-33 3.49108e-26 7.07985e-20 1.73554e-14 5.14272e-10 1.84204e-06 0.00079754 0.04174 0.264061 0.202622 0.0471726 0.142192 0.104244 0.104463 0.0695191 0.0192461 0.00359021 0.000331868 1.84884e-05 3.7528e-07 1.91433e-09 1.92648e-12 3.25707e-16 8.35518e-21
 1.20048e-41 1.66619e-33 2.79537e-26 5.66896e-20 1.38968e-14 4.11787e-10 1.47495e-06 0.000638604 0.033422 0.211441 0.162999 0.0649438 0.231028 0.14392 0.0785072 0.0498548 0.0191688 0.00376707 0.000298006 1.01649e-05 1.36566e-07 5.03572e-10 3.66216e-13 4.43235e-17 8.09203e-22
 1.38025e-41 1.91569e-33 3.21398e-26 6.51788e-20 1.59778e-14 4.73452e-10 1.69583e-06 0.000734235 0.0384269 0.243103 0.187058 0.0580572 0.175439 0.116589 0.109012 0.0563718 0.0125574 0.00242586 0.000217052 6.24132e-06 5.30642e-08 1.21651e-10 6.01434e-14 5.12132e-18 6.60636e-23
 1.19249e-41 1.65509e-33 2.77676e-26 5.63121e-20 1.38043e-14 4.09045e-10 1.46513e-06 0.000634353 0.0331995 0.210036 0.162367 0.0720982 0.226719 0.133273 0.0944158 0.0499751 0.0150351 0.00210515 0.000137727 3.86901e-06 2.77166e-08 4.2356e-11 1.28946e-14 7.06562e-19 6.17381e-24
 1.51274e-41 2.09958e-33 3.52248e-26 7.14353e-20 1.75115e-14 5.18899e-10 1.85861e-06 0.000804714 0.0421155 0.26644 0.205261 0.0643932 0.166924 0.104033 0.0964417 0.0423928 0.00970203 0.00140609 8.22852e-05 1.63298e-06 9.64301e-09 1.21151e-11 2.64212e-15 9.34989e-20 5.1589e-25
 1.52144e-41 2.11166e-33 3.54275e-26 7.18463e-20 1.76123e-14 5.21884e-10 1.8693e-06 0.000809344 0.0423578 0.267977 0.207053 0.0779355 0.198244 0.103518 0.0659627 0.0283018 0.00700927 0.000791125 3.85273e-05 6.55331e-07 2.81384e-09 2.61638e-12 4.44286e-16 1.18468e-20 4.59298e-26
 1.09447e-41 1.51905e-33 2.54852e-26 5.16835e-20 1.26696e-14 3.75423e-10 1.3447e-06 0.000582211 0.0304706 0.192781 0.150702 0.0970266 0.257746 0.136241 0.0959323 0.0322584 0.00564476 0.00058957 2.44142e-05 3.19405e-07 1.08172e-09 7.43897e-13 8.97406e-17 1.74024e-21 5.0169e-27
 1.66921e-41 2.31676e-33 3.88684e-26 7.88243e-20 1.93229e-14 5.72571e-10 2.05086e-06 0.00088795 0.0464718 0.294005 0.226999 0.0713348 0.144802 0.0937179 0.0888144 0.0281494 0.00447702 0.0003284 1.0079e-05 1.05905e-07 2.69493e-10 1.37623e-13 1.22233e-17 1.69477e-22 3.44176e-28
 1.33582e-41 1.85403e-33 3.11053e-26 6.30809e-20 1.54635e-14 4.58213e-10 1.64124e-06 0.000710602 0.0371901 0.2353 0.184353 0.110585 0.243054 0.10677 0.0574948 0.0203166 0.00395677 0.000261731 5.973e-06 4.30691e-08 8.02933e-11 3.02354e-14 1.94265e-18 1.94225e-23 2.83552e-29
 1.1179e-41 1.55157e-33 2.60307e-26 5.27898e-20 1.29408e-14 3.8346e-10 1.37349e-06 0.000594674 0.0311229 0.196924 0.155642 0.111993 0.235439 0.137738 0.103586 0.0238429 0.00291133 0.0002009 4.4672e-06 2.46692e-08 3.12569e-11 8.05994e-15 3.67237e-19 2.62581e-24 2.73016e-30
 8.78123e-42 1.21878e-33 2.04475e-26 4.14671e-20 1.01652e-14 3.01213e-10 1.0789e-06 0.000467124 0.0244475 0.154705 0.124679 0.123664 0.249635 0.159592 0.123898 0.0341548 0.00455411 0.000198914 3.34702e-06 1.67391e-08 1.70574e-11 3.10783e-15 9.53768e-20 4.6314e-25 3.34186e-31
 1.41258e-41 1.96057e-33 3.28926e-26 6.67055e-20 1.63521e-14 4.84542e-10 1.73555e-06 0.000751433 0.0393271 0.24883 0.195065 0.0945752 0.159876 0.126696 0.101863 0.0287473 0.00407524 0.000189872 2.52025e-06 8.56406e-09 6.7854e-12 9.94274e-16 2.29735e-20 7.85817e-26 3.86153e-32
 9.73049e-42 1.35053e-33 2.26579e-26 4.59498e-20 1.1264e-14 3.33774e-10 1.19553e-06 0.000517621 0.0270903 0.171466 0.141392 0.162082 0.272786 0.126455 0.0724845 0.0223576 0.00321603 0.000149336 1.94541e-06 5.59498e-09 3.13809e-12 3.2076e-16 5.50226e-21 1.43133e-26 5.24413e-33
 1.43198e-41 1.9875e-33 3.33444e-26 6.76217e-20 1.65767e-14 4.91197e-10 1.75939e-06 0.000761754 0.0398672 0.252273 0.199685 0.107758 0.161268 0.136538 0.084599 0.0154752 0.00169425 7.71875e-05 9.48979e-07 2.486e-09 1.1866e-12 9.26541e-17 1.11811e-21 2.01459e-27 5.24253e-34
 1.00372e-41 1.3931e-33 2.33721e-26 4.73982e-20 1.16191e-14 3.44296e-10 1.23321e-06 0.000533938 0.0279444 0.176928 0.149539 0.18351 0.261084 0.121059 0.0621181 0.0157701 0.0014682 4.30386e-05 4.29329e-07 9.88072e-10 4.0461e-13 2.62548e-17 2.51962e-22 3.41894e-28 6.38259e-35
 1.28938e-41 1.78958e-33 3.00239e-26 6.08878e-20 1.49259e-14 4.42282e-10 1.58418e-06 0.000685897 0.0358973 0.227216 0.184403 0.132445 0.181374 0.152023 0.0737725 0.0112178 0.000937155 2.6747e-05 1.88626e-07 3.06945e-10 9.90389e-14 5.21645e-18 4.02568e-23 4.32084e-29 6.25566e-36
 1.41488e-41 1.96376e-33 3.29461e-26 6.6814e-20 1.63787e-14 4.8533e-10 1.73837e-06 0.000752655 0.0393912 0.249379 0.205082 0.159384 0.187353 0.101133 0.0473264 0.00955023 0.000634379 1.27524e-05 7.57419e-08 9.45502e-11 2.1117e-14 7.89537e-19 4.56054e-24 3.76051e-30 4.19988e-37
 1.1271e-41 1.56434e-33 2.62451e-26 5.32244e-20 1.30473e-14 3.86617e-10 1.3848e-06 0.00059957 0.0313796 0.198797 0.172471 0.196619 0.225408 0.12305 0.044796 0.00644569 0.000424077 8.009e-06 3.46432e-08 3.18985e-11 5.43414e-15 1.47543e-19 5.92952e-25 3.40646e-31 2.71669e-38
 1.36994e-41 1.90139e-33 3.18997e-26 6.46919e-20 1.58585e-14 4.69915e-10 1.68316e-06 0.000728751 0.0381404 0.241555 0.202312 0.160013 0.179256 0.127552 0.0446938 0.00548382 0.000260176 3.90911e-06 1.47423e-08 1.05892e-11 1.29117e-15 2.52409e-20 7.41545e-26 3.07885e-32 1.73493e-39
 1.35138e-41 1.87563e-33 3.14675e-26 6.38155e-20 1.56436e-14 4.63549e-10 1.66036e-06 0.000718878 0.037624 0.238429 0.2065 0.193618 0.188127 0.0977032 0.0327717 0.00432692 0.000177381 1.95649e-06 5.34319e-09 2.99192e-12 2.8673e-16 4.1806e-21 8.77411e-27 2.57705e-33 1.03496e-40
 1.18646e-41 1.64673e-33 2.76273e-26 5.60275e-20 1.37345e-14 4.06978e-10 1.45773e-06 0.000631147 0.033033 0.209539 0.190204 0.213876 0.206762 0.113089 0.0297941 0.00295888 0.000110521 1.07749e-06 2.22911e-09 8.79678e-13 6.04051e-17 6.54435e-22 1.03252e-27 2.24671e-34 6.52923e-42
 1.06354e-41 1.47612e-33 2.4765e-26 5.02229e-20 1.23116e-14 3.64814e-10 1.3067e-06 0.000565758 0.0296113 0.188043 0.178012 0.220549 0.217221 0.130289 0.0327709 0.00285675 7.92553e-05 6.01076e-07 1.02617e-09 3.16479e-13 1.57496e-17 1.19466e-22 1.32397e-28 2.06111e-35 4.35476e-43
 1.04809e-41 1.45468e-33 2.44054e-26 4.94936e-20 1.21328e-14 3.59516e-10 1.28773e-06 0.000557543 0.029182 0.185486 0.179533 0.221461 0.216837 0.132047 0.03215 0.00268223 6.35194e-05 3.65341e-07 4.53402e-10 1.05458e-13 4.02976e-18 2.2944e-23 1.84197e-29 2.02383e-36 2.98596e-44
 1.2658e-41 1.75685e-33 2.94748e-26 5.97744e-20 1.4653e-14 4.34195e-10 1.55522e-06 0.000673355 0.0352429 0.223723 0.204222 0.199672 0.192729 0.113883 0.0275193 0.00228126 5.24416e-05 2.76764e-07 2.89419e-10 5.35821e-14 1.61897e-18 7.4442e-24 4.91378e-30 4.45094e-37 5.36249e-45
#pred catch len freq
 2.55692e-27 2.5713e-27 1.79709e-26 3.25114e-20 7.96978e-15 2.36159e-10 8.45881e-07 0.000366234 0.0191674 0.121259 0.0933065 0.0450272 0.277166 0.255859 0.0532163 0.0573485 0.0233717 0.0163529 0.0096984 0.00718714 0.00555892 0.00477631 0.00478704 0.00425131 0.00129905
 2.55909e-27 2.57782e-27 2.42752e-26 4.58129e-20 1.12305e-14 3.32779e-10 1.19196e-06 0.000516073 0.0270094 0.170869 0.131088 0.0387404 0.202781 0.18852 0.0650477 0.10124 0.0359731 0.0174746 0.00781181 0.00436168 0.00272252 0.00198981 0.00176233 0.00156589 0.000524585
 2.56165e-27 2.58426e-27 2.94155e-26 5.66546e-20 1.38882e-14 4.11532e-10 1.47404e-06 0.000638202 0.0334012 0.211306 0.162021 0.0422678 0.207891 0.191994 0.0431537 0.0506378 0.0238094 0.0199998 0.00731103 0.0027549 0.00117044 0.000645356 0.000469532 0.000391535 0.000135874
 2.55981e-27 2.57905e-27 2.46082e-26 4.65125e-20 1.1402e-14 3.37861e-10 1.21016e-06 0.000523954 0.0274218 0.173479 0.133183 0.045166 0.250209 0.230926 0.0480169 0.0515963 0.0189966 0.0105271 0.00572292 0.00286732 0.0008129 0.000275152 0.000140299 0.000100147 3.4405e-05
 2.55983e-27 2.57932e-27 2.50483e-26 4.74417e-20 1.16298e-14 3.44611e-10 1.23434e-06 0.000534421 0.0279697 0.176944 0.135799 0.0432863 0.234067 0.216481 0.0536401 0.0680671 0.0241246 0.0115559 0.00439404 0.00198412 0.000842023 0.000211753 5.83849e-05 2.96942e-05 9.54766e-06
 2.56096e-27 2.58231e-27 2.7605e-26 5.2835e-20 1.29519e-14 3.83787e-10 1.37466e-06 0.000595175 0.0311493 0.19706 0.15116 0.0433509 0.223766 0.20673 0.0474418 0.0564693 0.0218985 0.0132346 0.00474132 0.00164949 0.000534972 0.000172704 3.41537e-05 8.9212e-06 2.39072e-06
 2.56096e-27 2.5821e-27 2.723e-26 5.20431e-20 1.27577e-14 3.78035e-10 1.35406e-06 0.000586255 0.0306825 0.194106 0.148931 0.0449963 0.237853 0.219437 0.0444138 0.0462593 0.0171891 0.00951984 0.00391784 0.00156737 0.000411602 0.000101868 2.16688e-05 3.22791e-06 5.48957e-07
 2.56133e-27 2.58309e-27 2.80834e-26 5.38433e-20 1.3199e-14 3.91111e-10 1.40089e-06 0.000606533 0.0317438 0.20082 0.154055 0.0448197 0.232909 0.214914 0.0443737 0.0472406 0.0164761 0.00755611 0.00288653 0.00114831 0.000356804 7.69806e-05 1.28821e-05 1.61586e-06 1.48904e-07
 2.56239e-27 2.58588e-27 3.04839e-26 5.89071e-20 1.44404e-14 4.27894e-10 1.53264e-06 0.000663577 0.0347292 0.219707 0.168475 0.0446945 0.221825 0.204564 0.0403335 0.0406202 0.0142925 0.00671019 0.00231009 0.000778212 0.000230261 5.55001e-05 8.30962e-06 8.19698e-07 5.05161e-08
 2.56405e-27 2.59028e-27 3.42809e-26 6.69167e-20 1.64038e-14 4.86075e-10 1.74104e-06 0.000753803 0.0394513 0.24958 0.19128 0.0443307 0.203035 0.187077 0.0345714 0.0318361 0.0109381 0.00477222 0.00165679 0.00054514 0.000135743 3.00867e-05 4.77216e-06 4.11968e-07 1.88898e-08
 2.56284e-27 2.58684e-27 3.10818e-26 6.01675e-20 1.47493e-14 4.37049e-10 1.56544e-06 0.000677774 0.0354723 0.224408 0.172094 0.0465751 0.233594 0.215003 0.0345629 0.0247484 0.00820611 0.00317826 0.00105168 0.000328593 8.06692e-05 1.55234e-05 2.22781e-06 1.93376e-07 7.46562e-09
 2.56359e-27 2.58901e-27 3.31248e-26 6.44779e-20 1.5806e-14 4.68359e-10 1.67758e-06 0.00072633 0.0380135 0.240484 0.184342 0.0448315 0.21172 0.195106 0.0362909 0.0336741 0.0105394 0.00302378 0.000916892 0.00025711 5.90893e-05 1.09257e-05 1.37849e-06 1.0884e-07 4.0187e-09
 2.56484e-27 2.5923e-27 3.59353e-26 7.04065e-20 1.72593e-14 5.11424e-10 1.83183e-06 0.000793114 0.0415087 0.262596 0.201227 0.0448734 0.200176 0.184229 0.0302906 0.0227497 0.00757223 0.00293919 0.000823228 0.00017702 3.56612e-05 6.01569e-06 7.09673e-07 4.93874e-08 1.66996e-09
 2.56282e-27 2.5867e-27 3.08904e-26 5.97635e-20 1.46503e-14 4.34114e-10 1.55492e-06 0.000673223 0.0352341 0.222901 0.170952 0.0471474 0.238752 0.219665 0.0336444 0.0214491 0.00672982 0.00203225 0.000622021 0.000164904 2.73564e-05 3.73073e-06 3.91101e-07 2.48484e-08 7.44245e-10
 2.56135e-27 2.58289e-27 2.76876e-26 5.30075e-20 1.29941e-14 3.8504e-10 1.37915e-06 0.000597118 0.031251 0.197703 0.151704 0.0466589 0.248557 0.229065 0.0416919 0.0374298 0.0114683 0.00287872 0.000778931 0.000174827 3.42288e-05 4.47827e-06 3.67427e-07 2.01918e-08 5.4311e-10
 2.56248e-27 2.58599e-27 3.04482e-26 5.88312e-20 1.44218e-14 4.27342e-10 1.53067e-06 0.000662721 0.0346844 0.219424 0.168275 0.0457301 0.229847 0.211787 0.038385 0.0342902 0.0113286 0.00420835 0.00112806 0.000209785 3.42668e-05 4.61596e-06 3.83028e-07 1.67842e-08 3.83615e-10
 2.56331e-27 2.58813e-27 3.2245e-26 6.26215e-20 1.53509e-14 4.54875e-10 1.62928e-06 0.000705418 0.036919 0.23356 0.179074 0.0460018 0.224328 0.20651 0.0341175 0.0258681 0.00850509 0.0031549 0.000969351 0.000245037 3.65328e-05 4.00523e-06 3.1787e-07 1.3799e-08 2.58364e-10
 2.56383e-27 2.58949e-27 3.33884e-26 6.50333e-20 1.59421e-14 4.72394e-10 1.69204e-06 0.000732587 0.0383409 0.242556 0.185944 0.0461087 0.220314 0.202718 0.0318757 0.0216827 0.00682418 0.00207767 0.0006236 0.000164668 3.16124e-05 3.76621e-06 2.46642e-07 9.86647e-09 1.76962e-10
 2.56447e-27 2.59123e-27 3.492e-26 6.82642e-20 1.67341e-14 4.95863e-10 1.7761e-06 0.000768982 0.0402458 0.254606 0.19514 0.0457515 0.211135 0.194233 0.0300936 0.0197444 0.00607897 0.00163161 0.000447089 0.000100366 1.9378e-05 2.76107e-06 2.09105e-07 7.26919e-09 1.17872e-10
 2.56409e-27 2.59015e-27 3.3917e-26 6.61482e-20 1.62154e-14 4.80492e-10 1.72104e-06 0.000745146 0.0389983 0.246714 0.189124 0.0464178 0.220432 0.202728 0.0300805 0.0175721 0.00536197 0.00137956 0.000361013 7.11055e-05 1.17478e-05 1.57513e-06 1.37482e-07 5.48714e-09 8.10771e-11
 2.56558e-27 2.5942e-27 3.75229e-26 7.37552e-20 1.80802e-14 5.35749e-10 1.91896e-06 0.000830837 0.043483 0.275086 0.210769 0.0451908 0.195887 0.180117 0.0267819 0.0157352 0.00471628 0.00107015 0.000271246 5.0872e-05 7.58402e-06 8.61427e-07 6.8739e-08 3.06765e-09 5.08942e-11
 2.56595e-27 2.59516e-27 3.83273e-26 7.54521e-20 1.84962e-14 5.48075e-10 1.96311e-06 0.000849953 0.0444834 0.281415 0.215604 0.0453125 0.193416 0.177751 0.0247989 0.0118079 0.00352259 0.00080251 0.000196684 3.29804e-05 4.66414e-06 4.82068e-07 3.2488e-08 1.32063e-09 2.38583e-11
 2.56561e-27 2.59421e-27 3.7458e-26 7.3618e-20 1.80466e-14 5.34752e-10 1.91539e-06 0.000829292 0.0434021 0.274574 0.210389 0.045856 0.201216 0.184885 0.0249119 0.0102642 0.0029708 0.000546064 0.000128639 2.14133e-05 2.80281e-06 2.63784e-07 1.60914e-08 5.55164e-10 9.18314e-12
 2.56646e-27 2.59656e-27 3.95715e-26 7.80768e-20 1.91396e-14 5.6714e-10 2.0314e-06 0.000879519 0.0460308 0.291204 0.223072 0.0448879 0.184939 0.169946 0.0237501 0.0113727 0.00326308 0.000522641 0.000113404 1.56291e-05 1.96005e-06 1.75153e-07 9.61357e-09 2.95635e-10 4.18711e-12
 2.56682e-27 2.59751e-27 4.03824e-26 7.97873e-20 1.95589e-14 5.79565e-10 2.07591e-06 0.000898788 0.0470393 0.297584 0.227944 0.0449372 0.181891 0.16706 0.0219161 0.00792045 0.00228293 0.000420368 9.17599e-05 1.10363e-05 1.19014e-06 9.29974e-08 4.82077e-09 1.33673e-10 1.66844e-12
 2.56613e-27 2.59562e-27 3.86896e-26 7.62161e-20 1.86835e-14 5.53624e-10 1.98299e-06 0.000858558 0.0449339 0.284264 0.217783 0.0455691 0.193838 0.178059 0.0233844 0.00849606 0.00239056 0.000339249 7.12417e-05 9.62436e-06 9.95083e-07 6.5783e-08 2.89393e-09 7.35336e-11 8.29286e-13
 2.56574e-27 2.59452e-27 3.77087e-26 7.41469e-20 1.81762e-14 5.38594e-10 1.92915e-06 0.000835249 0.0437139 0.276547 0.211897 0.0459724 0.201043 0.184681 0.0240892 0.00843629 0.00237094 0.000336886 6.74464e-05 7.26247e-06 7.51371e-07 5.19979e-08 1.99169e-09 4.23103e-11 4.26086e-13
 2.56469e-27 2.59171e-27 3.5244e-26 6.89476e-20 1.69017e-14 5.00826e-10 1.79388e-06 0.00077668 0.0406486 0.257155 0.197097 0.04647 0.215227 0.197832 0.0275301 0.0129689 0.00367349 0.000507267 0.000100714 1.07266e-05 9.81991e-07 5.8922e-08 2.32832e-09 4.50629e-11 3.79544e-13
#obs catch len freq
 5.01546e-42 6.96113e-34 1.16787e-26 2.36843e-20 5.80592e-15 1.7204e-10 6.16219e-07 0.000266802 0.0139633 0.0883373 0.0681797 0.0399893 0.219262 0.18708 0.14357 0.143004 0.0638832 0.0256675 0.00597995 0.000774861 4.14635e-05 6.62859e-07 2.35751e-09 1.51161e-12 1.5302e-16
 5.72339e-42 7.94369e-34 1.33272e-26 2.70273e-20 6.62541e-15 1.96323e-10 7.03198e-07 0.00030446 0.0159342 0.100806 0.0778097 0.0436385 0.222999 0.18148 0.143327 0.131296 0.0566891 0.0208265 0.00437887 0.000489614 2.13e-05 2.61002e-07 6.85321e-10 3.17942e-13 2.30245e-17
 1.08554e-41 1.50665e-33 2.52773e-26 5.12618e-20 1.25662e-14 3.7236e-10 1.33373e-06 0.00057746 0.030222 0.191194 0.146876 0.0451448 0.18108 0.14039 0.113467 0.0953616 0.0397259 0.013243 0.00247396 0.000234607 8.22762e-06 7.71917e-08 1.4937e-10 4.9972e-14 2.58143e-18
 1.11846e-41 1.55235e-33 2.60438e-26 5.28163e-20 1.29473e-14 3.83652e-10 1.37418e-06 0.000594972 0.0311385 0.196993 0.15165 0.0584826 0.237999 0.164286 0.0764923 0.0539018 0.0210774 0.00627497 0.00102397 8.07827e-05 2.24738e-06 1.60447e-08 2.28878e-11 5.52634e-15 2.03506e-19
 7.83439e-42 1.08736e-33 1.82428e-26 3.69959e-20 9.06912e-15 2.68735e-10 9.62564e-07 0.000416757 0.0218114 0.137989 0.10686 0.0648671 0.274214 0.184819 0.116614 0.0713129 0.0167365 0.0037963 0.000528297 3.40889e-05 7.39986e-07 3.97421e-09 4.16164e-12 7.25632e-16 1.9085e-20
 1.25555e-41 1.74262e-33 2.92361e-26 5.92901e-20 1.45343e-14 4.30677e-10 1.54262e-06 0.000667899 0.0349552 0.221139 0.170081 0.0528482 0.172428 0.122279 0.125648 0.0759402 0.0202796 0.00342632 0.000291995 1.41803e-05 2.3576e-07 9.40764e-10 7.17151e-13 8.99423e-17 1.68868e-21
 1.0417e-41 1.44581e-33 2.42564e-26 4.91915e-20 1.20587e-14 3.57322e-10 1.27987e-06 0.000554139 0.0290014 0.183477 0.142019 0.0736054 0.259515 0.153156 0.0858108 0.0507464 0.0186123 0.00326412 0.000229703 6.77353e-06 7.50565e-08 2.15968e-10 1.18615e-13 1.06285e-17 1.41839e-22
 1.27657e-41 1.77179e-33 2.97255e-26 6.02826e-20 1.47776e-14 4.37887e-10 1.56844e-06 0.00067908 0.0355403 0.224843 0.173428 0.0645578 0.193134 0.124079 0.115878 0.0539973 0.0116376 0.00206014 0.000160197 3.863e-06 2.67701e-08 4.81166e-11 1.79829e-14 1.13233e-18 1.06659e-23
 1.14737e-41 1.59247e-33 2.6717e-26 5.41814e-20 1.32819e-14 3.93568e-10 1.4097e-06 0.00061035 0.0319433 0.202091 0.156709 0.0796295 0.238654 0.134169 0.0950084 0.0463846 0.013074 0.00162818 9.51694e-05 2.22354e-06 1.26888e-08 1.50537e-11 3.46993e-15 1.40831e-19 8.98235e-25
 1.51461e-41 2.10218e-33 3.52685e-26 7.15238e-20 1.75332e-14 5.19541e-10 1.86091e-06 0.000805711 0.0421677 0.266772 0.205833 0.0695724 0.17115 0.103619 0.093541 0.0373245 0.008108 0.00104969 5.29011e-05 8.77376e-07 4.13047e-09 3.98337e-12 6.53623e-16 1.71409e-20 6.9167e-26
 1.55168e-41 2.15363e-33 3.61316e-26 7.32742e-20 1.79623e-14 5.32256e-10 1.90645e-06 0.000825429 0.0431997 0.273305 0.211513 0.0832338 0.1973 0.0985127 0.0616077 0.0243462 0.00557464 0.000556541 2.35111e-05 3.28089e-07 1.11555e-09 7.96731e-13 1.01393e-16 1.99711e-21 5.66619e-27
 1.15284e-41 1.60007e-33 2.68445e-26 5.44401e-20 1.33454e-14 3.95447e-10 1.41643e-06 0.000613264 0.0320958 0.203067 0.159127 0.103722 0.25339 0.129166 0.0874496 0.0265937 0.00435718 0.000402573 1.41822e-05 1.51978e-07 4.04825e-10 2.1248e-13 1.91809e-17 2.74253e-22 5.77217e-28
 1.72944e-41 2.40035e-33 4.02709e-26 8.16685e-20 2.00201e-14 5.93231e-10 2.12486e-06 0.00091999 0.0481487 0.304616 0.235452 0.0749264 0.140455 0.0898312 0.0793546 0.0227618 0.00331391 0.000212853 5.59993e-06 4.77575e-08 9.50535e-11 3.6943e-14 2.44753e-18 2.49825e-23 3.70071e-29
 1.39863e-41 1.94121e-33 3.25678e-26 6.60469e-20 1.61906e-14 4.79757e-10 1.71841e-06 0.000744013 0.0389387 0.246369 0.193509 0.116538 0.234414 0.0986217 0.0510982 0.0167025 0.00289477 0.000164788 3.17029e-06 1.85643e-08 2.70344e-11 7.71833e-15 3.69125e-19 2.71249e-24 2.88525e-30
 1.18827e-41 1.64924e-33 2.76695e-26 5.61131e-20 1.37555e-14 4.076e-10 1.45996e-06 0.000632111 0.0330822 0.209327 0.165954 0.118741 0.22868 0.131706 0.0908384 0.0187918 0.00211744 0.000126203 2.30863e-06 1.0198e-08 1.00579e-11 1.96664e-15 6.66133e-20 3.49583e-25 2.64581e-31
 9.46875e-42 1.3142e-33 2.20484e-26 4.47138e-20 1.09611e-14 3.24796e-10 1.16337e-06 0.000503698 0.0263616 0.166827 0.135049 0.132021 0.244317 0.154594 0.10946 0.0275272 0.00321631 0.000120617 1.70019e-06 6.73331e-09 5.27649e-12 7.2578e-16 1.65516e-20 5.89734e-26 3.09452e-32
 1.49922e-41 2.08082e-33 3.49101e-26 7.07971e-20 1.73551e-14 5.14262e-10 1.842e-06 0.000797524 0.0417393 0.2641 0.207435 0.0987491 0.15337 0.120805 0.0874712 0.0226187 0.00280216 0.000110071 1.19258e-06 3.22436e-09 1.96536e-12 2.16121e-16 3.69781e-21 9.27824e-27 3.31816e-33
 1.04898e-41 1.45592e-33 2.44261e-26 4.95356e-20 1.21431e-14 3.59821e-10 1.28882e-06 0.000558015 0.0292044 0.184864 0.153225 0.170153 0.261124 0.118014 0.062814 0.0177455 0.0022087 8.61844e-05 9.04945e-07 2.03533e-09 8.73518e-13 6.70309e-17 8.49544e-22 1.61649e-27 4.30636e-34
 1.52564e-41 2.11749e-33 3.55253e-26 7.20447e-20 1.76609e-14 5.23325e-10 1.87447e-06 0.000811579 0.0424749 0.268786 0.213201 0.111286 0.153504 0.127492 0.0696676 0.011603 0.00112851 4.29329e-05 4.21888e-07 8.56841e-10 3.10027e-13 1.80752e-17 1.60995e-22 2.12042e-28 4.00307e-35
 1.08714e-41 1.50888e-33 2.53146e-26 5.13375e-20 1.25848e-14 3.7291e-10 1.3357e-06 0.000578313 0.0302669 0.191659 0.162829 0.190454 0.24723 0.111529 0.0525453 0.0119397 0.000944193 2.33715e-05 1.87411e-07 3.32229e-10 1.02475e-13 4.938e-18 3.48488e-23 3.45287e-29 4.68015e-36
 1.38752e-41 1.92578e-33 3.2309e-26 6.5522e-20 1.60619e-14 4.75945e-10 1.70476e-06 0.000738101 0.0386295 0.24453 0.199001 0.136208 0.17288 0.139728 0.0594918 0.00818573 0.000592717 1.38543e-05 7.77375e-08 9.78701e-11 2.37393e-14 9.24484e-19 5.22646e-24 4.08404e-30 4.28537e-37
 1.50992e-41 2.09567e-33 3.51592e-26 7.13021e-20 1.74789e-14 5.17931e-10 1.85514e-06 0.000803213 0.0420373 0.26616 0.219522 0.161447 0.173762 0.0907092 0.0383619 0.00680836 0.000380466 6.34147e-06 2.97685e-08 2.84361e-11 4.76895e-15 1.31761e-19 5.55948e-25 3.3265e-31 2.68529e-38
 1.21995e-41 1.69321e-33 2.84071e-26 5.76091e-20 1.41222e-14 4.18466e-10 1.49888e-06 0.000648963 0.0339648 0.215221 0.187508 0.200445 0.211485 0.110266 0.0356204 0.00458246 0.000254666 3.88288e-06 1.31981e-08 9.29908e-12 1.18412e-15 2.37032e-20 6.95787e-26 2.89767e-32 1.66596e-39
 1.47082e-41 2.0414e-33 3.42487e-26 6.94557e-20 1.70262e-14 5.04519e-10 1.8071e-06 0.000782414 0.0409491 0.259384 0.217803 0.161522 0.168238 0.112691 0.0347345 0.00374262 0.00014951 1.82482e-06 5.3544e-09 2.91803e-12 2.65519e-16 3.82062e-21 8.18178e-27 2.46137e-33 1.00075e-40
 1.44965e-41 2.01201e-33 3.37557e-26 6.84558e-20 1.67811e-14 4.97256e-10 1.78109e-06 0.000771151 0.0403601 0.255828 0.222178 0.193739 0.173492 0.0851989 0.0254342 0.00289851 9.83658e-05 8.74406e-07 1.85969e-09 7.87969e-13 5.60837e-17 6.00683e-22 9.18743e-28 1.95367e-34 5.65248e-42
 1.28386e-41 1.78191e-33 2.98952e-26 6.06269e-20 1.4862e-14 4.40387e-10 1.5774e-06 0.000682958 0.0357451 0.226822 0.206497 0.214854 0.192739 0.0979577 0.0226778 0.00196117 6.05115e-05 4.68548e-07 7.48811e-10 2.23236e-13 1.13698e-17 9.02313e-23 1.0349e-28 1.62929e-35 3.41369e-43
 1.16024e-41 1.61033e-33 2.70166e-26 5.47892e-20 1.34309e-14 3.97983e-10 1.42551e-06 0.000617197 0.0323041 0.205241 0.194799 0.22256 0.204907 0.112841 0.0248349 0.00185181 4.22666e-05 2.54808e-07 3.33862e-10 7.7338e-14 2.8497e-18 1.58281e-23 1.27358e-29 1.43111e-36 2.17446e-44
 1.14524e-41 1.58951e-33 2.66674e-26 5.40809e-20 1.32573e-14 3.92838e-10 1.40708e-06 0.000609219 0.0318865 0.202566 0.191376 0.216374 0.208892 0.119292 0.026939 0.00202213 4.20022e-05 2.06785e-07 2.15048e-10 4.12721e-14 1.28955e-18 5.97134e-24 3.88177e-30 3.43979e-37 4.0791e-45
#spawning biomass
 10131.8 11251.7 15109.5 21505.9 27067 33161.2 38088.2 43160.5 50781.7 67659.9 81146.9 107256 136252 156552 165140 142742 130196 123481 126328 123890 124775 135263 136296 151028 161251 168300 154727 170499 216684 309804 328923 309544 272135 230954 193616 163045 139539 122207 109799 101103 95102.9 91008.5 88217.3 86319.8 85076.4 84261.7 83727.9 83378.1 83148.9 82998.7 82900.3 82835.9 82793.6 82765.9 82747.8 82735.9 82728.1 82723 82719.7 82717.5 82716 82715.1 82714.5 82714.1 82713.8 82713.7 82713.5 82713.5 82713.4 82713.4 82713.4 82713.3 82713.3 82713.3 82713.3 82713.3 82713.3 82713.3 82713.3 82713.3 82713.3 82713.3 82713.3 82713.3 82713.3 82713.3 82713.3 82713.3 82713.3 82713.3 82713.3 82713.3 82713.3 82713.3 82713.3 82713.3 82713.3 82713.3 82713.3 82713.3 82713.3 82713.3 82713.3 82713.3 82713.3 82713.3 82713.3 82713.3 82713.3 82713.3 82713.3 82713.3 82713.3 82713.3 82713.3 82713.3 82713.3 82713.3 82713.3 82713.3 82713.3 82713.3 82713.3 82713.3 82713.3 82713.3 82713.3 82713.3 0 0 0 0 0 0 0 0 0 0 0 0 0 0 0 0 0 0 0 0 0 0 0 0 0
