SBPRF35
0.224663
Curr Bio
32950.2
B35
69823.2
F35
0.491451
FOFL
0.254003
OFL
10766.5
Bzero
64189.3
#pred survey bio
 9137.47 6978.75 7959.95 10178.9 12968.3 15465.2 14228.1 14220.8 21770.9 33814.1 35469.2 39835 61641.8 76066.9 66056 57619.9 56059.1 59530.3 54352.9 58667.4 60362.9 63014.2 64613.6 66273.6 76288.5 80643 72786.6 78841.4 3.04404e+06 2.17117e+06 1.84841e+06 1.39985e+06 1.09954e+06 934011 848897 806041 784306 772987 766856 763383 761329 760067 759267 758748 758409 758185 758036 757936 757869 757824 757793 757772 757759 757749 757743 757738 757736 757734 757732 757731 757731 757730 757730 757730 757730 757730 757730 757730 757730 757729 757729 757729 757729 757729 757729 757729 757729 757729 757729 757729 757729 757729 757729 757729 757729 757729 757729 757729 757729 757729 757729 757729 757729 757729 757729 757729 757729 757729 757729 757729 757729 757729 757729 757729 757729 757729 757729 757729 757729 757729 757729 757729 757729 757729 757729 757729 757729 757729 757729 757729 757729 757729 757729 757729 757729 757729 757729 757729 0 0 0 0 0 0 0 0 0 0 0 0 0 0 0 0 0 0 0 0 0 0 0 0 0
#obs survey bio
 8147.08 6669.26 9565.16 8727.67 15307.4 17449.8 13211.6 22158.5 32165.3 35015.6 38035.1 41192.2 79448.8 77380.1 56363.5 52916.6 59311 53036.6 70658.9 56366.5 90439.7 62263 80837.7 68392.4 79471.6 86047.3 51968.2 115346
#pred catch bio
 5803.47 3700.38 3805.58 4991.45 6209.06 8736.31 8338.18 7676.11 7897.96 17782.5 23026.6 19572.5 31778.8 48404.5 42410.4 36949.6 31911.8 38921.1 31109.5 35278.9 36843.1 38072.4 40966.5 38207.5 43303.1 52026.4 42591.3 43715.2 10766.5 28377.9 25385.4 18284.6 13586.4 11141.9 9978.41 9450.56 9218.12 9117.75 9074.97 9056.91 9049.33 9046.16 9044.84 9044.29 9044.06 9043.97 9043.93 9043.91 9043.9 9043.9 9043.9 9043.9 9043.9 9043.9 9043.9 9043.9 9043.9 9043.9 9043.9 9043.9 9043.9 9043.9 9043.9 9043.9 9043.9 9043.9 9043.9 9043.9 9043.9 9043.9 9043.9 9043.9 9043.9 9043.9 9043.9 9043.9 9043.9 9043.9 9043.9 9043.9 9043.9 9043.9 9043.9 9043.9 9043.9 9043.9 9043.9 9043.9 9043.9 9043.9 9043.9 9043.9 9043.9 9043.9 9043.9 9043.9 9043.9 9043.9 9043.9 9043.9 9043.9 9043.9 9043.9 9043.9 9043.9 9043.9 9043.9 9043.9 9043.9 9043.9 9043.9 9043.9 9043.9 9043.9 9043.9 9043.9 9043.9 9043.9 9043.9 9043.9 9043.9 9043.9 9043.9 9043.9 9043.9 9043.9 9043.9 9043.9 0 0 0 0 0 0 0 0 0 0 0 0 0 0 0 0 0 0 0 0 0 0 0 0 0
#obs catch bio
 3651.34 3762.06 3787.91 4968.45 6080.3 8593.53 8413.25 7743.77 7603.72 17037.4 23478.3 19307.2 31208.4 49576.5 43128.2 38183.9 31482.4 39467.5 30702.6 35410.9 36848.8 37584.5 41466 38607.3 43493.8 52709.1 43285.1 44187.3
#pred cpue bio
 6697.46 4540.41 5011.45 6412.55 8098.05 10114.1 9665.1 8922.46 11977.1 21733.6 23563.5 22270.8 35979.4 48128 43123.7 36834.7 34243.3 38153.7 33713.3 37010.9 37646.5 38790.3 40558.6 40024.7 46782.1 51839.7 45831.8 48785.5 1.93479e+06 1.77932e+06 1.68032e+06 1.25784e+06 957327 791363 706151 663277 641540 630220 624088 620616 618562 617300 616500 615981 615642 615418 615269 615169 615102 615056 615026 615005 614991 614982 614976 614971 614968 614966 614965 614964 614963 614963 614963 614963 614962 614962 614962 614962 614962 614962 614962 614962 614962 614962 614962 614962 614962 614962 614962 614962 614962 614962 614962 614962 614962 614962 614962 614962 614962 614962 614962 614962 614962 614962 614962 614962 614962 614962 614962 614962 614962 614962 614962 614962 614962 614962 614962 614962 614962 614962 614962 614962 614962 614962 614962 614962 614962 614962 614962 614962 614962 614962 614962 614962 614962 614962 614962 614962 0 0 0 0 0 0 0 0 0 0 0 0 0 0 0 0 0 0 0 0 0 0 0 0 0
#obs cpue bio
 4198.34 3044.09 5165.47 8453.82 10906.8 10029 7306.77 7708 21061.4 26201.6 16449 24265.8 32268.2 27128.6 35968.5 29520.5 41761 34332.7 36638.5 27990.1 34206 40554 26196.2 29203.1 39658.2 46372.1 42356.1 42081
#pred surv len freq
 2.14221e-27 2.16461e-27 5.71598e-27 1.21496e-21 7.2258e-17 9.88e-13 3.10579e-09 2.24456e-06 0.000372931 0.0142457 0.125107 0.252595 0.117843 0.0283772 0.0971996 0.136791 0.0557029 0.0448589 0.0391619 0.0243547 0.0188969 0.014685 0.0135069 0.01159 0.00470882
 2.14288e-27 2.16731e-27 6.04612e-27 1.327e-21 7.89215e-17 1.07911e-12 3.3922e-09 2.45155e-06 0.000407322 0.0155594 0.136644 0.275889 0.128733 0.0315857 0.109772 0.154226 0.0586476 0.0354249 0.0275809 0.0111024 0.00595981 0.00345368 0.00246244 0.00182984 0.000719882
 2.14373e-27 2.16962e-27 6.30589e-27 1.41516e-21 8.41649e-17 1.1508e-12 3.61757e-09 2.61443e-06 0.000434383 0.0165931 0.145722 0.294218 0.137172 0.0306669 0.0986401 0.138616 0.054364 0.0377024 0.0292958 0.0100993 0.00400327 0.00139744 0.000610797 0.000340391 0.000121778
 2.14353e-27 2.16914e-27 6.25565e-27 1.39811e-21 8.31511e-17 1.13694e-12 3.574e-09 2.58294e-06 0.000429151 0.0163933 0.143967 0.290674 0.135549 0.0310721 0.102182 0.143558 0.0554044 0.0358758 0.0280654 0.0107357 0.00446738 0.00122218 0.000291385 8.72204e-05 2.44418e-05
 2.14383e-27 2.16988e-27 6.33402e-27 1.4247e-21 8.47322e-17 1.15856e-12 3.64195e-09 2.63205e-06 0.000437311 0.016705 0.146704 0.296201 0.138095 0.0308242 0.0990024 0.139082 0.0539114 0.0355785 0.0276973 0.0101067 0.00415329 0.00121019 0.000246835 3.72391e-05 5.66182e-06
 2.14209e-27 2.16563e-27 5.88627e-27 1.27282e-21 7.56997e-17 1.03506e-12 3.25372e-09 2.35147e-06 0.000390693 0.0149242 0.131065 0.264627 0.123546 0.0321126 0.116384 0.163618 0.0630583 0.0405596 0.0315469 0.0116857 0.00480453 0.0013602 0.000276858 3.49133e-05 2.74835e-06
 2.14079e-27 2.16249e-27 5.5622e-27 1.16294e-21 6.91642e-17 9.45697e-13 2.97281e-09 2.14846e-06 0.000356963 0.0136358 0.11975 0.241782 0.112994 0.0323871 0.124946 0.175836 0.0694225 0.0494807 0.0386734 0.0135783 0.00531918 0.00149768 0.000299625 3.6348e-05 2.31118e-06
 2.14418e-27 2.17083e-27 6.44388e-27 1.46202e-21 8.69517e-17 1.18891e-12 3.73735e-09 2.70099e-06 0.000448766 0.0171426 0.150547 0.303959 0.141636 0.0296076 0.0892371 0.125453 0.0509444 0.0403783 0.0321871 0.0119811 0.00487844 0.00131336 0.000252066 2.99649e-05 1.81006e-06
 2.14701e-27 2.17759e-27 7.13673e-27 1.69693e-21 1.00923e-16 1.37994e-12 4.33786e-09 3.13499e-06 0.000520873 0.019897 0.174737 0.352797 0.164204 0.0293324 0.0728371 0.101985 0.0378923 0.0202496 0.0155395 0.00626989 0.00277384 0.000789773 0.000153435 1.75463e-05 1.02445e-06
 2.14195e-27 2.16515e-27 5.81958e-27 1.25013e-21 7.43497e-17 1.0166e-12 3.19569e-09 2.30954e-06 0.000383726 0.0146581 0.128728 0.259909 0.121424 0.0336891 0.12743 0.17898 0.0656744 0.0325286 0.0240392 0.00815119 0.00318277 0.000983415 0.000210178 2.50137e-05 1.4419e-06
 2.14201e-27 2.16552e-27 5.88651e-27 1.27297e-21 7.57081e-17 1.03517e-12 3.25408e-09 2.35173e-06 0.000390737 0.0149259 0.13108 0.264656 0.123516 0.0309463 0.109256 0.153811 0.0629143 0.0510456 0.0398065 0.0122833 0.00407051 0.00105524 0.000211174 2.70349e-05 1.65252e-06
 2.14674e-27 2.17696e-27 7.07294e-27 1.6753e-21 9.96368e-17 1.36236e-12 4.28258e-09 3.09504e-06 0.000514236 0.0196434 0.17251 0.348301 0.162123 0.0292579 0.0737379 0.10331 0.0391258 0.0231535 0.0179132 0.00687013 0.00277044 0.000648446 0.000105085 1.18077e-05 7.25689e-07
 2.14494e-27 2.17244e-27 6.58314e-27 1.5091e-21 8.97522e-17 1.2272e-12 3.85772e-09 2.78799e-06 0.00046322 0.0176947 0.155396 0.313749 0.146245 0.031832 0.0998656 0.140001 0.0502296 0.021366 0.0153384 0.00517616 0.00197082 0.000557745 0.000101391 9.96187e-06 5.22441e-07
 2.14274e-27 2.16714e-27 6.03318e-27 1.3226e-21 7.86602e-17 1.07554e-12 3.38097e-09 2.44343e-06 0.000405973 0.0155079 0.136191 0.274976 0.128348 0.0325901 0.116181 0.163216 0.0614115 0.0350533 0.0259558 0.00735312 0.00215619 0.000539349 0.00010067 1.12305e-05 5.7974e-07
 2.14173e-27 2.16469e-27 5.7796e-27 1.2366e-21 7.35456e-17 1.0056e-12 3.16113e-09 2.28456e-06 0.000379576 0.0144995 0.127336 0.257098 0.120098 0.0329963 0.124049 0.174374 0.066271 0.0398337 0.030032 0.00932855 0.00297903 0.000623629 9.01253e-05 9.34292e-06 5.12339e-07
 2.1429e-27 2.16759e-27 6.09128e-27 1.34236e-21 7.98352e-17 1.0916e-12 3.43147e-09 2.47993e-06 0.000412037 0.0157395 0.138226 0.279083 0.130208 0.0315404 0.108534 0.152565 0.0593629 0.0397889 0.0305386 0.00980435 0.00332421 0.000752566 0.000108137 9.18199e-06 4.30212e-07
 2.14406e-27 2.17037e-27 6.37534e-27 1.43867e-21 8.5563e-17 1.16992e-12 3.67766e-09 2.65786e-06 0.000441599 0.0168688 0.148143 0.299105 0.139464 0.0315249 0.102405 0.143753 0.0538993 0.0302396 0.0228184 0.00774259 0.00281372 0.000666608 0.000102676 9.01278e-06 3.82942e-07
 2.14233e-27 2.16613e-27 5.92848e-27 1.28709e-21 7.65481e-17 1.04666e-12 3.29019e-09 2.37783e-06 0.000395073 0.0150915 0.132534 0.267593 0.124944 0.0328359 0.119906 0.168469 0.0632681 0.0357839 0.0268171 0.00854587 0.00294226 0.000736131 0.000122846 1.15122e-05 5.11994e-07
 2.14368e-27 2.16946e-27 6.28273e-27 1.40727e-21 8.36956e-17 1.14439e-12 3.5974e-09 2.59985e-06 0.000431961 0.0165006 0.144909 0.292578 0.136445 0.0315 0.104221 0.146386 0.0558439 0.0341871 0.0257998 0.00792719 0.00256237 0.000598993 9.71426e-05 9.63338e-06 4.59526e-07
 2.14304e-27 2.16789e-27 6.11597e-27 1.3507e-21 8.03312e-17 1.09839e-12 3.45279e-09 2.49534e-06 0.000414597 0.0158373 0.139084 0.280817 0.131031 0.0321047 0.111456 0.156567 0.0591704 0.0345984 0.0262161 0.00876284 0.00310719 0.000711893 0.000108401 1.02542e-05 4.95956e-07
 2.14353e-27 2.16909e-27 6.24402e-27 1.39414e-21 8.29149e-17 1.13371e-12 3.56384e-09 2.5756e-06 0.000427932 0.0163467 0.143558 0.289848 0.135186 0.031582 0.105544 0.148251 0.0565035 0.0344489 0.026126 0.00841353 0.0029184 0.000716528 0.000115683 1.06178e-05 4.88103e-07
 2.14376e-27 2.16963e-27 6.29679e-27 1.41202e-21 8.39781e-17 1.14825e-12 3.60954e-09 2.60863e-06 0.000433419 0.0165563 0.145398 0.293565 0.136913 0.0318094 0.105812 0.148558 0.0556425 0.0310319 0.0232793 0.00759817 0.00265211 0.000633923 0.000103067 9.99145e-06 4.65953e-07
 2.14304e-27 2.16785e-27 6.10852e-27 1.34815e-21 8.01798e-17 1.09632e-12 3.44628e-09 2.49064e-06 0.000413816 0.0158075 0.138822 0.280288 0.130798 0.032414 0.113504 0.159415 0.0596737 0.0331618 0.024723 0.0077033 0.00255288 0.00061151 9.90922e-05 9.55141e-06 4.57612e-07
 2.14442e-27 2.17127e-27 6.47019e-27 1.47084e-21 8.74767e-17 1.19609e-12 3.75992e-09 2.7173e-06 0.000451476 0.0172461 0.151456 0.305795 0.142544 0.0311903 0.0983464 0.138048 0.0521211 0.0303045 0.0227027 0.0069618 0.00223392 0.000509521 7.90485e-05 7.55492e-06 3.60947e-07
 2.14375e-27 2.1696e-27 6.29045e-27 1.40986e-21 8.38496e-17 1.14649e-12 3.60402e-09 2.60463e-06 0.000432756 0.016531 0.145176 0.293116 0.136715 0.0320536 0.107438 0.150815 0.0559609 0.0296197 0.0220075 0.00708745 0.00240974 0.000546122 8.16393e-05 7.44847e-06 3.46495e-07
 2.14234e-27 2.16618e-27 5.93606e-27 1.28967e-21 7.67018e-17 1.04876e-12 3.29679e-09 2.3826e-06 0.000395866 0.0151218 0.1328 0.26813 0.125183 0.0325681 0.118109 0.165983 0.0630378 0.0377582 0.0284324 0.00879795 0.00288299 0.000680777 0.00010619 9.55513e-06 4.2716e-07
 2.1432e-27 2.16829e-27 6.16058e-27 1.36584e-21 8.12317e-17 1.1107e-12 3.4915e-09 2.52331e-06 0.000419245 0.0160149 0.140643 0.283965 0.132474 0.0317844 0.108553 0.15251 0.0582443 0.0358556 0.0271962 0.00865965 0.00290596 0.000661654 0.000101017 9.36845e-06 4.24201e-07
 2.14382e-27 2.1698e-27 6.31922e-27 1.41965e-21 8.4432e-17 1.15446e-12 3.62905e-09 2.62273e-06 0.000435762 0.0166458 0.146184 0.295152 0.137629 0.0313505 0.102532 0.143996 0.0548602 0.0333936 0.0254407 0.00850062 0.0030376 0.000717426 0.000110999 1.00905e-05 4.5815e-07
#obs surv len freq
 8.64278e-40 4.23004e-33 4.75971e-27 1.23129e-21 7.32296e-17 1.00128e-12 3.14754e-09 2.27473e-06 0.00037795 0.0144372 0.126788 0.255992 0.119556 0.0321768 0.119378 0.167891 0.065256 0.0435955 0.0341433 0.0128653 0.00546879 0.00165481 0.000364976 4.94449e-05 3.42465e-06
 1.03548e-39 5.06798e-33 5.70257e-27 1.4752e-21 8.77357e-17 1.19963e-12 3.77104e-09 2.72534e-06 0.000452819 0.0172971 0.151903 0.306698 0.142938 0.0305441 0.0941288 0.132174 0.0509535 0.0328122 0.0254862 0.00935055 0.00385231 0.0011311 0.000241641 3.1773e-05 2.13113e-06
 9.70364e-40 4.74926e-33 5.34394e-27 1.38243e-21 8.22181e-17 1.12418e-12 3.53388e-09 2.55394e-06 0.000424341 0.0162093 0.14235 0.287412 0.134107 0.0328412 0.113964 0.159914 0.0577861 0.025887 0.0188903 0.00666543 0.00262834 0.000744612 0.000152778 1.93668e-05 1.25706e-06
 1.05119e-39 5.14485e-33 5.78907e-27 1.49758e-21 8.90665e-17 1.21782e-12 3.82824e-09 2.76668e-06 0.000459687 0.0175595 0.154207 0.311351 0.14512 0.0313696 0.0977665 0.137159 0.0508344 0.0267042 0.0195582 0.00563684 0.00172038 0.000452239 8.80149e-05 1.06662e-05 6.65267e-07
 9.86279e-40 4.82716e-33 5.43159e-27 1.4051e-21 8.35667e-17 1.14262e-12 3.59184e-09 2.59583e-06 0.000431301 0.0164752 0.144685 0.292126 0.136288 0.0328627 0.112675 0.158072 0.0568283 0.0245203 0.0174755 0.00539511 0.00172445 0.00037405 5.79163e-05 6.38395e-06 3.77731e-07
 8.143e-40 3.98543e-33 4.48447e-27 1.16009e-21 6.8995e-17 9.43382e-13 2.96553e-09 2.14319e-06 0.000356095 0.0136024 0.119456 0.24119 0.112812 0.0348041 0.139879 0.196525 0.0718892 0.0348733 0.0251226 0.00701274 0.00196725 0.000437382 6.46125e-05 5.79691e-06 2.91067e-07
 7.93957e-40 3.88587e-33 4.37244e-27 1.13111e-21 6.72713e-17 9.19813e-13 2.89144e-09 2.08965e-06 0.000347198 0.0132625 0.116472 0.235164 0.109981 0.0336177 0.134453 0.18913 0.0727152 0.0461696 0.0348192 0.0101764 0.00299021 0.000610812 8.19188e-05 7.05955e-06 3.11452e-07
 1.32853e-39 6.50222e-33 7.3164e-27 1.89268e-21 1.12565e-16 1.53912e-12 4.83824e-09 3.49661e-06 0.000580966 0.0221922 0.194892 0.39349 0.182948 0.0274653 0.0491752 0.0686363 0.0262109 0.0161398 0.0123225 0.00412995 0.00145258 0.000315119 4.24639e-05 3.37688e-06 1.37637e-07
 1.10612e-39 5.41367e-33 6.09155e-27 1.57583e-21 9.37203e-17 1.28146e-12 4.02827e-09 2.91124e-06 0.000483706 0.018477 0.162265 0.327619 0.152688 0.0326425 0.100633 0.140836 0.0471691 0.00949103 0.00522778 0.00169337 0.000598385 0.000147683 2.32389e-05 1.94808e-06 7.70268e-08
 6.37112e-40 3.11822e-33 3.50867e-27 9.07661e-22 5.3982e-17 7.38106e-13 2.32024e-09 1.67684e-06 0.00027861 0.0106425 0.0934628 0.188712 0.0886962 0.0387022 0.179493 0.252157 0.0887688 0.0323228 0.0213954 0.00456707 0.000649403 0.000127877 2.09984e-05 2.00869e-06 8.80542e-08
 1.23175e-39 6.02855e-33 6.78342e-27 1.75481e-21 1.04365e-16 1.427e-12 4.48579e-09 3.24189e-06 0.000538645 0.0205756 0.180694 0.364827 0.169712 0.0278807 0.0603511 0.0845888 0.0345998 0.0280369 0.021419 0.00541468 0.00117177 0.000172271 1.34475e-05 9.87278e-07 4.58946e-08
 1.18046e-39 5.77755e-33 6.50099e-27 1.68175e-21 1.0002e-16 1.36759e-12 4.29903e-09 3.10692e-06 0.000516219 0.0197189 0.173171 0.349639 0.162817 0.0312717 0.0856287 0.119733 0.0403509 0.00896995 0.0053067 0.00197323 0.000746907 0.00013959 1.33803e-05 6.9277e-07 1.89744e-08
 8.82211e-40 4.31781e-33 4.85847e-27 1.25684e-21 7.4749e-17 1.02206e-12 3.21285e-09 2.32193e-06 0.000385792 0.0147368 0.129418 0.261304 0.122144 0.0356866 0.139204 0.195259 0.0671751 0.0194656 0.012077 0.00262126 0.000413242 9.24008e-05 1.43861e-05 9.80761e-07 2.70588e-08
 9.26372e-40 4.53395e-33 5.10167e-27 1.31975e-21 7.84908e-17 1.07322e-12 3.37367e-09 2.43816e-06 0.000405104 0.0154744 0.135897 0.274383 0.1281 0.0332728 0.120527 0.169252 0.0623436 0.0315388 0.0224969 0.00523382 0.000928611 0.000132837 1.14683e-05 8.89602e-07 3.47554e-08
 7.3628e-40 3.60358e-33 4.05481e-27 1.04894e-21 6.23844e-17 8.52994e-13 2.68139e-09 1.93785e-06 0.000321977 0.0122991 0.108011 0.218083 0.102183 0.0362394 0.155606 0.218638 0.0789477 0.0351307 0.0249979 0.00719025 0.0019933 0.000329888 2.72389e-05 1.36692e-06 3.9923e-08
 1.12507e-39 5.50645e-33 6.19595e-27 1.60283e-21 9.53265e-17 1.30342e-12 4.0973e-09 2.96113e-06 0.000491996 0.0187936 0.165045 0.333233 0.15518 0.0298847 0.0821067 0.115166 0.0441764 0.0277385 0.0207277 0.00563522 0.00148283 0.000297744 3.52859e-05 2.05713e-06 5.10544e-08
 8.71116e-40 4.26351e-33 4.79737e-27 1.24103e-21 7.3809e-17 1.0092e-12 3.17244e-09 2.29273e-06 0.000380941 0.0145514 0.127791 0.258018 0.120625 0.0356889 0.140208 0.196679 0.0677013 0.0197831 0.0128012 0.0041052 0.0013578 0.000271772 3.30697e-05 2.39463e-06 7.68761e-08
 9.58246e-40 4.68995e-33 5.27721e-27 1.36516e-21 8.11914e-17 1.11015e-12 3.48975e-09 2.52205e-06 0.000419043 0.0160069 0.140572 0.283823 0.132447 0.0328145 0.114884 0.161294 0.059486 0.030319 0.0216565 0.00506218 0.000976554 0.000204828 2.95617e-05 2.25147e-06 7.99609e-08
 1.01111e-39 4.94866e-33 5.56831e-27 1.44047e-21 8.56701e-17 1.17138e-12 3.68226e-09 2.66118e-06 0.000442158 0.0168899 0.148327 0.299479 0.13968 0.0326646 0.10925 0.153224 0.0548481 0.0229121 0.0161011 0.00464371 0.00129456 0.000219036 2.15443e-05 1.64448e-06 6.51106e-08
 8.6614e-40 4.23915e-33 4.76996e-27 1.23394e-21 7.33873e-17 1.00344e-12 3.15432e-09 2.27963e-06 0.000378764 0.0144683 0.127061 0.256544 0.119919 0.0350345 0.136658 0.191817 0.0679496 0.0261231 0.0178578 0.00472836 0.00119142 0.000238195 2.86477e-05 1.80721e-06 5.80061e-08
 1.11441e-39 5.45428e-33 6.13724e-27 1.58765e-21 9.44233e-17 1.29107e-12 4.05848e-09 2.93307e-06 0.000487335 0.0186156 0.163482 0.330076 0.153752 0.0307052 0.0880672 0.123455 0.0455748 0.0233759 0.0168617 0.00432932 0.0010073 0.000185411 2.17446e-05 1.57219e-06 5.2637e-08
 8.8831e-40 4.34766e-33 4.89206e-27 1.26553e-21 7.52657e-17 1.02912e-12 3.23506e-09 2.33798e-06 0.000388459 0.0148386 0.130313 0.26311 0.122965 0.0353078 0.136347 0.191267 0.0662196 0.0205861 0.0134256 0.00388788 0.0011125 0.000205385 2.21926e-05 1.50596e-06 5.1994e-08
 1.00335e-39 4.91072e-33 5.52562e-27 1.42942e-21 8.50132e-17 1.1624e-12 3.65402e-09 2.64077e-06 0.000438768 0.0167604 0.147189 0.297182 0.138603 0.0322652 0.107504 0.15087 0.0555045 0.0278737 0.0198987 0.00474951 0.000949915 0.000182542 2.29404e-05 1.56625e-06 5.07321e-08
 1.03391e-39 5.06028e-33 5.69391e-27 1.47296e-21 8.76025e-17 1.19781e-12 3.76531e-09 2.7212e-06 0.000452131 0.0172708 0.151672 0.306233 0.142799 0.0325791 0.106692 0.149575 0.0529806 0.0203621 0.0140363 0.00401934 0.00111341 0.000191181 1.87169e-05 1.29164e-06 4.52681e-08
 8.74767e-40 4.28138e-33 4.81747e-27 1.24624e-21 7.41183e-17 1.01343e-12 3.18574e-09 2.30234e-06 0.000382537 0.0146124 0.128326 0.259099 0.1211 0.0350351 0.135891 0.190717 0.0672963 0.0250288 0.0169218 0.0043367 0.00102395 0.000201077 2.41394e-05 1.52553e-06 4.68015e-08
 9.22448e-40 4.51475e-33 5.08006e-27 1.31416e-21 7.81583e-17 1.06867e-12 3.35938e-09 2.42783e-06 0.000403388 0.0154089 0.135321 0.273221 0.127561 0.0332404 0.120679 0.169473 0.0625 0.0318618 0.0229345 0.00581963 0.00131323 0.000232676 2.58402e-05 1.828e-06 6.09553e-08
 9.70632e-40 4.75057e-33 5.34542e-27 1.38281e-21 8.22408e-17 1.12449e-12 3.53486e-09 2.55465e-06 0.000424459 0.0162138 0.142389 0.287491 0.13415 0.0330054 0.114943 0.161291 0.0582784 0.0260528 0.0185625 0.0053647 0.00152199 0.000276885 2.88759e-05 1.86827e-06 6.18851e-08
 1.12893e-39 5.52534e-33 6.2172e-27 1.60833e-21 9.56535e-17 1.30789e-12 4.11136e-09 2.97129e-06 0.000493684 0.0188581 0.165612 0.334376 0.155753 0.0310555 0.0889091 0.124537 0.0445218 0.0184104 0.0128292 0.00349838 0.000929202 0.000188881 2.35287e-05 1.56974e-06 4.88749e-08
#pred catch len freq
 2.13872e-27 2.15567e-27 4.75984e-27 8.90635e-22 5.29694e-17 7.24263e-13 2.27673e-09 1.6454e-06 0.000273381 0.010443 0.0917105 0.18517 0.0866967 0.0290496 0.121624 0.171469 0.0710511 0.0606459 0.0532258 0.0330554 0.0255895 0.0198281 0.0182075 0.0156157 0.00634381
 2.13883e-27 2.15735e-27 4.99933e-27 9.71954e-22 5.78058e-17 7.90391e-13 2.4846e-09 1.79563e-06 0.000298341 0.0113964 0.100084 0.202078 0.094688 0.0337064 0.144964 0.204034 0.0789162 0.0516153 0.040616 0.0163743 0.00878884 0.00508052 0.003616 0.00268543 0.00105636
 2.1394e-27 2.15908e-27 5.20663e-27 1.04235e-21 6.19926e-17 8.47639e-13 2.66456e-09 1.92569e-06 0.00031995 0.0122219 0.107333 0.216713 0.101418 0.0327521 0.13473 0.18976 0.0761186 0.0576727 0.0452725 0.0156479 0.00621436 0.00216537 0.00094442 0.000525867 0.000188101
 2.13926e-27 2.15876e-27 5.17245e-27 1.03075e-21 6.13025e-17 8.38202e-13 2.6349e-09 1.90425e-06 0.000316388 0.0120858 0.106138 0.2143 0.100322 0.0332692 0.138613 0.19515 0.0768495 0.0542536 0.042902 0.0164521 0.00685605 0.0018729 0.000445571 0.000133194 3.73121e-05
 2.13952e-27 2.15941e-27 5.24222e-27 1.05442e-21 6.27101e-17 8.57449e-13 2.6954e-09 1.94798e-06 0.000323653 0.0123633 0.108575 0.219221 0.102588 0.0330172 0.135592 0.190906 0.0755803 0.0544845 0.0428745 0.0156866 0.00645742 0.00187895 0.000382606 5.76505e-05 8.75912e-06
 2.13815e-27 2.15604e-27 4.88519e-27 9.33306e-22 5.55073e-17 7.58963e-13 2.38581e-09 1.72423e-06 0.000286478 0.0109433 0.0961045 0.194043 0.0909921 0.034206 0.150438 0.211834 0.0829823 0.0573067 0.0449651 0.0166647 0.00684975 0.0019355 0.000393179 4.95265e-05 3.89601e-06
 2.13692e-27 2.15311e-27 4.58578e-27 8.31795e-22 4.947e-17 6.76414e-13 2.12632e-09 1.53669e-06 0.000255319 0.00975303 0.0856516 0.172939 0.0812348 0.0341905 0.156704 0.220856 0.088759 0.0677303 0.053335 0.0187306 0.00733405 0.00206095 0.000411497 4.98634e-05 3.16859e-06
 2.14017e-27 2.16111e-27 5.43439e-27 1.11967e-21 6.65909e-17 9.10512e-13 2.86221e-09 2.06852e-06 0.000343682 0.0131284 0.115295 0.232786 0.108795 0.0312975 0.121005 0.170518 0.0707158 0.0601422 0.0482755 0.017982 0.0073217 0.0019676 0.000376872 4.47511e-05 2.7016e-06
 2.14281e-27 2.16736e-27 6.06531e-27 1.33354e-21 7.93105e-17 1.08443e-12 3.40892e-09 2.46364e-06 0.000409329 0.0156361 0.137317 0.277249 0.129374 0.0319149 0.111373 0.156469 0.0593421 0.0353846 0.0276214 0.0112076 0.00497615 0.00141561 0.000274654 3.13791e-05 1.83104e-06
 2.13791e-27 2.15529e-27 4.78426e-27 8.98963e-22 5.34647e-17 7.31035e-13 2.29802e-09 1.66078e-06 0.000275937 0.0105406 0.0925681 0.186904 0.0877727 0.0363698 0.165799 0.233206 0.0867573 0.0466166 0.0349204 0.01186 0.00463456 0.00142956 0.000305023 3.62655e-05 2.08929e-06
 2.13849e-27 2.15699e-27 4.99876e-27 9.71897e-22 5.78024e-17 7.90345e-13 2.48446e-09 1.79553e-06 0.000298324 0.0113958 0.100078 0.202065 0.0946384 0.0325367 0.13783 0.19434 0.0806527 0.0686362 0.0537586 0.0165601 0.00547189 0.00141487 0.000282436 3.61145e-05 2.20627e-06
 2.1431e-27 2.16809e-27 6.14427e-27 1.36033e-21 8.09041e-17 1.10622e-12 3.47741e-09 2.51314e-06 0.000417554 0.0159503 0.140076 0.28282 0.131932 0.0314512 0.106863 0.15016 0.0577795 0.0369098 0.0288551 0.0110796 0.00446982 0.00104466 0.000168932 1.89574e-05 1.16435e-06
 2.14113e-27 2.16313e-27 5.60153e-27 1.17614e-21 6.99495e-17 9.56435e-13 3.00656e-09 2.17285e-06 0.000361016 0.0137906 0.12111 0.244528 0.114352 0.034725 0.13839 0.194382 0.0704834 0.0323174 0.0235484 0.00795464 0.00302909 0.000855741 0.000155299 1.52419e-05 7.98755e-07
 2.13932e-27 2.15877e-27 5.15412e-27 1.02444e-21 6.09272e-17 8.33071e-13 2.61877e-09 1.89259e-06 0.000314451 0.0120118 0.105489 0.212989 0.0997758 0.0348583 0.14871 0.209202 0.0794918 0.0477003 0.0355661 0.0100613 0.00294131 0.000733823 0.000136635 1.52246e-05 7.85447e-07
 2.13827e-27 2.15625e-27 4.89431e-27 9.3634e-22 5.56877e-17 7.6143e-13 2.39357e-09 1.72984e-06 0.00028741 0.0109789 0.0964169 0.194674 0.091319 0.0351418 0.155961 0.219512 0.0843255 0.0533556 0.0404958 0.0125598 0.00400109 0.000835886 0.000120472 1.24699e-05 6.83337e-07
 2.13945e-27 2.15921e-27 5.21468e-27 1.04505e-21 6.2153e-17 8.49832e-13 2.67146e-09 1.93067e-06 0.000320778 0.0122535 0.107611 0.217274 0.101706 0.033502 0.139139 0.195884 0.077099 0.0542296 0.0418504 0.0134108 0.00453425 0.00102425 0.000146825 1.24496e-05 5.82798e-07
 2.14035e-27 2.16132e-27 5.42609e-27 1.1167e-21 6.64146e-17 9.08102e-13 2.85463e-09 2.06305e-06 0.000342773 0.0130937 0.114989 0.232171 0.108608 0.0339066 0.137118 0.19283 0.0732088 0.0438073 0.0333617 0.0113168 0.00410872 0.000971644 0.000149341 1.30933e-05 5.55912e-07
 2.13898e-27 2.15795e-27 5.06958e-27 9.95771e-22 5.92223e-17 8.09759e-13 2.54549e-09 1.83963e-06 0.000305652 0.0116757 0.102537 0.207029 0.0970274 0.0350419 0.151627 0.213309 0.0808327 0.0478948 0.0361244 0.0114879 0.00394242 0.0009839 0.00016381 1.5332e-05 6.81382e-07
 2.13993e-27 2.16031e-27 5.3239e-27 1.08206e-21 6.43544e-17 8.79932e-13 2.76608e-09 1.99905e-06 0.00033214 0.0126875 0.111422 0.224969 0.105273 0.0337701 0.138456 0.19482 0.0753621 0.0492129 0.0374507 0.0115047 0.00371535 0.000866909 0.000140278 1.3894e-05 6.6233e-07
 2.1394e-27 2.15902e-27 5.18644e-27 1.03543e-21 6.15807e-17 8.42007e-13 2.64686e-09 1.91289e-06 0.000317824 0.0121407 0.10662 0.215273 0.100814 0.0343728 0.145057 0.204085 0.0780551 0.0484063 0.0369715 0.012347 0.00437127 0.000999577 0.000151852 1.43454e-05 6.93325e-07
 2.13998e-27 2.16044e-27 5.33781e-27 1.08678e-21 6.46349e-17 8.83767e-13 2.77813e-09 2.00776e-06 0.000333587 0.0127428 0.111908 0.225949 0.105726 0.0337599 0.138098 0.194298 0.074925 0.0482582 0.0368576 0.0118548 0.00410326 0.00100524 0.000161936 1.48446e-05 6.81893e-07
 2.14023e-27 2.16101e-27 5.39137e-27 1.10492e-21 6.57136e-17 8.98517e-13 2.8245e-09 2.04127e-06 0.000339155 0.0129555 0.113776 0.22972 0.107484 0.0341351 0.139252 0.195827 0.0741364 0.0437224 0.0330614 0.0107783 0.00375462 0.00089554 0.000145263 1.40642e-05 6.55438e-07
 2.13962e-27 2.1595e-27 5.23174e-27 1.05076e-21 6.2493e-17 8.5448e-13 2.68607e-09 1.94123e-06 0.000322532 0.0123205 0.108199 0.218462 0.1023 0.0346991 0.146088 0.20547 0.0776462 0.0453557 0.0340543 0.0105929 0.00350059 0.000836552 0.000135235 1.30182e-05 6.23255e-07
 2.14081e-27 2.16244e-27 5.54375e-27 1.15662e-21 6.87884e-17 9.40558e-13 2.95666e-09 2.13678e-06 0.000355024 0.0135617 0.119099 0.240468 0.112429 0.0335093 0.132193 0.185907 0.0710643 0.0439274 0.0331851 0.0101708 0.00325919 0.000741947 0.000114843 1.09619e-05 5.23349e-07
 2.14002e-27 2.16048e-27 5.33318e-27 1.08517e-21 6.4539e-17 8.82456e-13 2.77401e-09 2.00479e-06 0.000333092 0.0127239 0.111742 0.225615 0.105602 0.0345647 0.143112 0.201232 0.0755618 0.0427089 0.0320528 0.0103212 0.00350642 0.000793289 0.000118327 1.07819e-05 5.01193e-07
 2.13892e-27 2.15784e-27 5.06162e-27 9.93086e-22 5.90626e-17 8.07576e-13 2.53862e-09 1.83467e-06 0.000304828 0.0116442 0.10226 0.206471 0.0967572 0.0347187 0.149822 0.210832 0.0808878 0.0508747 0.0385531 0.0119086 0.00389092 0.000916632 0.000142641 1.28184e-05 5.72602e-07
 2.13947e-27 2.1592e-27 5.20835e-27 1.04287e-21 6.20237e-17 8.48064e-13 2.6659e-09 1.92665e-06 0.000320111 0.012228 0.107387 0.216822 0.101516 0.0340138 0.1424 0.200398 0.0775774 0.0508419 0.038874 0.0123728 0.00414737 0.000942581 0.000143581 1.32991e-05 6.01757e-07
 2.13997e-27 2.16042e-27 5.33743e-27 1.08666e-21 6.46278e-17 8.8367e-13 2.77783e-09 2.00755e-06 0.000333551 0.0127414 0.111896 0.225925 0.10571 0.0336359 0.137348 0.193255 0.0747245 0.0487357 0.0374656 0.0125216 0.00447284 0.00105463 0.000162833 1.47848e-05 6.70802e-07
#obs catch len freq
 4.07489e-40 1.99437e-33 2.2441e-27 5.80528e-22 3.45262e-17 4.72083e-13 1.484e-09 1.07249e-06 0.000178195 0.00680683 0.0597776 0.120701 0.057149 0.0359119 0.182955 0.257947 0.102963 0.0766649 0.0610254 0.0236055 0.0103047 0.00318092 0.00071944 0.000100489 7.2035e-06
 4.16932e-40 2.04059e-33 2.29611e-27 5.93981e-22 3.53263e-17 4.83023e-13 1.51839e-09 1.09734e-06 0.000182325 0.00696457 0.0611629 0.123498 0.0584521 0.0361769 0.18373 0.258986 0.102635 0.0742994 0.0587495 0.0221679 0.00942788 0.00284794 0.000626839 8.47799e-05 5.86473e-06
 5.74801e-40 2.81325e-33 3.16552e-27 8.1889e-22 4.87025e-17 6.65918e-13 2.09332e-09 1.51285e-06 0.000251361 0.00960168 0.084322 0.170255 0.0800253 0.0350168 0.162556 0.228972 0.0898028 0.0623202 0.0488545 0.017938 0.00739008 0.00216583 0.000461681 6.06017e-05 4.0596e-06
 5.21827e-40 2.55398e-33 2.87378e-27 7.43419e-22 4.42139e-17 6.04546e-13 1.90039e-09 1.37342e-06 0.000228196 0.00871678 0.0765508 0.154567 0.0728995 0.0384153 0.188031 0.264457 0.0966024 0.04652 0.0344069 0.0121471 0.00478839 0.00135396 0.000277173 3.50738e-05 2.27361e-06
 6.02653e-40 2.94957e-33 3.3189e-27 8.58568e-22 5.10623e-17 6.98184e-13 2.19475e-09 1.58615e-06 0.000263541 0.0100669 0.0884077 0.178505 0.0839005 0.0366483 0.17003 0.239232 0.0897868 0.0505753 0.0374426 0.0107939 0.00329267 0.000863867 0.000167732 2.02904e-05 1.26385e-06
 5.47088e-40 2.67762e-33 3.0129e-27 7.79409e-22 4.63543e-17 6.33812e-13 1.99239e-09 1.43991e-06 0.000239243 0.00913876 0.0802566 0.162049 0.0763636 0.0385475 0.186584 0.262365 0.0952135 0.0438755 0.0316721 0.00977806 0.00312315 0.000676291 0.00010443 1.14877e-05 6.7876e-07
 4.08546e-40 1.99955e-33 2.24993e-27 5.82035e-22 3.46158e-17 4.73308e-13 1.48785e-09 1.07527e-06 0.000178658 0.0068245 0.0599328 0.121016 0.0574385 0.0397523 0.206306 0.290325 0.107288 0.0553915 0.0403268 0.0112539 0.00315312 0.000699723 0.000103119 9.23373e-06 4.62864e-07
 3.95177e-40 1.93412e-33 2.1763e-27 5.62988e-22 3.3483e-17 4.5782e-13 1.43916e-09 1.04008e-06 0.000172812 0.00660118 0.0579716 0.117055 0.0555298 0.0376784 0.19484 0.274549 0.106975 0.0720793 0.0547606 0.0159959 0.00469395 0.000957164 0.000128031 1.1012e-05 4.85104e-07
 9.80486e-40 4.7988e-33 5.39969e-27 1.39685e-21 8.30758e-17 1.13591e-12 3.57075e-09 2.58059e-06 0.000428768 0.0163784 0.143835 0.290409 0.135433 0.0312264 0.103204 0.145004 0.0560426 0.0364801 0.0280494 0.00939112 0.00329755 0.000714032 9.59768e-05 7.61797e-06 3.10011e-07
 6.93078e-40 3.39214e-33 3.81689e-27 9.87393e-22 5.87239e-17 8.02944e-13 2.52406e-09 1.82414e-06 0.000303084 0.0115774 0.101673 0.205288 0.0963842 0.0393552 0.178482 0.250439 0.0841082 0.0176979 0.00998804 0.00323345 0.00114029 0.000280809 4.40826e-05 3.68913e-06 1.45658e-07
 3.02567e-40 1.48086e-33 1.66628e-27 4.31052e-22 2.56363e-17 3.5053e-13 1.10189e-09 7.96341e-07 0.000132313 0.00505419 0.044386 0.0896283 0.0430637 0.0433846 0.23794 0.334585 0.118478 0.0453493 0.0303813 0.00648369 0.000919425 0.000180486 2.95564e-05 2.82227e-06 1.2356e-07
 8.55028e-40 4.18477e-33 4.70877e-27 1.21811e-21 7.24458e-17 9.90565e-13 3.11385e-09 2.25039e-06 0.000373905 0.0142827 0.125431 0.253251 0.118255 0.0312628 0.114626 0.161473 0.0669621 0.0567728 0.0435562 0.010999 0.00237395 0.000348521 2.71216e-05 1.98475e-06 9.21155e-08
 7.92907e-40 3.88073e-33 4.36666e-27 1.12961e-21 6.71823e-17 9.18597e-13 2.88762e-09 2.08689e-06 0.000346739 0.013245 0.116318 0.234854 0.109982 0.0374483 0.15793 0.221541 0.0748718 0.017347 0.0104619 0.00388424 0.00146727 0.000273803 2.61812e-05 1.35302e-06 3.69799e-08
 4.88448e-40 2.39062e-33 2.68996e-27 6.95867e-22 4.13858e-17 5.65876e-13 1.77884e-09 1.28557e-06 0.000213599 0.00815921 0.0716542 0.144682 0.0684519 0.041677 0.210923 0.296312 0.102351 0.0309968 0.0195081 0.00423272 0.00066501 0.000148205 2.30255e-05 1.56767e-06 4.31947e-08
 5.2275e-40 2.5585e-33 2.87886e-27 7.44735e-22 4.42922e-17 6.05615e-13 1.90376e-09 1.37585e-06 0.000228599 0.0087322 0.0766862 0.15484 0.0730215 0.0382955 0.187219 0.263419 0.0978306 0.0519352 0.0373353 0.00867978 0.0015359 0.000219337 1.88738e-05 1.45996e-06 5.69726e-08
 3.74324e-40 1.83205e-33 2.06146e-27 5.3328e-22 3.17161e-17 4.33661e-13 1.36322e-09 9.85199e-07 0.000163692 0.00625284 0.0549124 0.11088 0.0527955 0.0408972 0.21635 0.304365 0.110656 0.0515904 0.0370302 0.0106363 0.00294097 0.000486014 4.00286e-05 2.00418e-06 5.84102e-08
 7.2247e-40 3.53599e-33 3.97875e-27 1.02927e-21 6.12143e-17 8.36994e-13 2.6311e-09 1.9015e-06 0.000315937 0.0120684 0.105985 0.213992 0.100218 0.0342843 0.144903 0.20394 0.0790547 0.0520604 0.0391338 0.0106261 0.00278834 0.000558691 6.60521e-05 3.84494e-06 9.52857e-08
 4.80086e-40 2.34969e-33 2.64391e-27 6.83953e-22 4.06773e-17 5.56188e-13 1.74838e-09 1.26356e-06 0.000209942 0.00801952 0.0704274 0.142205 0.0673015 0.0415372 0.210816 0.296169 0.102356 0.0312429 0.0204977 0.00656314 0.00216519 0.000432523 5.24815e-05 3.79304e-06 1.21617e-07
 5.51938e-40 2.70135e-33 3.0396e-27 7.86317e-22 4.67652e-17 6.3943e-13 2.01005e-09 1.45267e-06 0.000241363 0.00921976 0.0809679 0.163485 0.0770015 0.0378567 0.181934 0.25597 0.0951854 0.050899 0.036637 0.00855739 0.00164566 0.000344222 4.95554e-05 3.76769e-06 1.33613e-07
 6.04037e-40 2.95634e-33 3.32653e-27 8.60541e-22 5.11796e-17 6.99789e-13 2.19979e-09 1.58979e-06 0.000264146 0.0100901 0.0886109 0.178916 0.084146 0.0381338 0.178975 0.251582 0.0906389 0.0396937 0.0281604 0.0081109 0.00225546 0.000381012 3.73586e-05 2.84439e-06 1.12462e-07
 4.72275e-40 2.31146e-33 2.60089e-27 6.72825e-22 4.00154e-17 5.47139e-13 1.71993e-09 1.243e-06 0.000206526 0.00788904 0.0692816 0.139891 0.0661922 0.040483 0.205078 0.288311 0.102736 0.041417 0.0286151 0.00756873 0.00190173 0.000379375 4.55154e-05 2.8662e-06 9.18265e-08
 7.1016e-40 3.47574e-33 3.91096e-27 1.01173e-21 6.01712e-17 8.22733e-13 2.58627e-09 1.8691e-06 0.000310554 0.0118628 0.104179 0.210346 0.098586 0.0357114 0.154714 0.217558 0.080995 0.0436185 0.0317068 0.00813279 0.00188713 0.000346638 4.05377e-05 2.92523e-06 9.78041e-08
 4.91389e-40 2.40501e-33 2.70616e-27 7.00057e-22 4.1635e-17 5.69284e-13 1.78955e-09 1.29331e-06 0.000214885 0.00820834 0.0720857 0.145553 0.0688355 0.0411695 0.207562 0.291631 0.101423 0.0330121 0.0218208 0.00631153 0.00180144 0.000331973 3.57712e-05 2.42224e-06 8.34967e-08
 5.94879e-40 2.91152e-33 3.27609e-27 8.47494e-22 5.04036e-17 6.89179e-13 2.16644e-09 1.56569e-06 0.000260142 0.00993708 0.0872674 0.176203 0.0828636 0.0373795 0.175188 0.246431 0.0913986 0.0481549 0.0346467 0.00826287 0.00164766 0.00031585 3.95911e-05 2.69826e-06 8.72619e-08
 6.27076e-40 3.0691e-33 3.4534e-27 8.93363e-22 5.31316e-17 7.26479e-13 2.28369e-09 1.65043e-06 0.000274221 0.0104749 0.0919905 0.185739 0.0873041 0.0382285 0.177496 0.249424 0.0888641 0.0357946 0.0249343 0.00713088 0.00197034 0.000337773 3.29706e-05 2.26992e-06 7.94382e-08
 4.78714e-40 2.34297e-33 2.63635e-27 6.81999e-22 4.0561e-17 5.54599e-13 1.74339e-09 1.25995e-06 0.000209342 0.00799661 0.0702262 0.141798 0.067078 0.0405894 0.205152 0.288384 0.102343 0.0399262 0.0272967 0.00698921 0.0016456 0.00032244 3.86132e-05 2.43599e-06 7.4606e-08
 5.19123e-40 2.54075e-33 2.85889e-27 7.39568e-22 4.39849e-17 6.01414e-13 1.89055e-09 1.3663e-06 0.000227013 0.00867162 0.0761542 0.153766 0.0725214 0.0382044 0.186987 0.263102 0.0978376 0.0523416 0.037967 0.00962462 0.00216589 0.000382974 4.24095e-05 2.99399e-06 9.96988e-08
 5.63968e-40 2.76023e-33 3.10586e-27 8.03457e-22 4.77846e-17 6.53368e-13 2.05387e-09 1.48433e-06 0.000246624 0.00942073 0.0827328 0.167048 0.0786656 0.0383005 0.183569 0.25813 0.0939287 0.0440473 0.0316628 0.00913864 0.00258606 0.000469635 4.88432e-05 3.15346e-06 1.04286e-07
#spawning biomass
 5356.66 3203.91 3466.91 4417.02 5553.6 7087.31 6948.19 6236.59 7525.68 14736.6 16888.9 14215.5 22913.4 32574 29828.2 25479 22825.8 26049 22757.9 25163.5 25512.5 25924.3 27342.2 26519.6 31056.7 35581.8 31223.3 32950.2 37774.3 66662.4 70176.7 50666 36376.3 28891.3 25328.1 23711.6 22999.8 22692.4 22561.4 22506.1 22482.9 22473.2 22469.1 22467.5 22466.8 22466.5 22466.3 22466.3 22466.3 22466.3 22466.3 22466.3 22466.3 22466.3 22466.3 22466.3 22466.3 22466.3 22466.3 22466.3 22466.3 22466.3 22466.3 22466.3 22466.3 22466.3 22466.3 22466.3 22466.3 22466.3 22466.3 22466.3 22466.3 22466.3 22466.3 22466.3 22466.3 22466.3 22466.3 22466.3 22466.3 22466.3 22466.3 22466.3 22466.3 22466.3 22466.3 22466.3 22466.3 22466.3 22466.3 22466.3 22466.3 22466.3 22466.3 22466.3 22466.3 22466.3 22466.3 22466.3 22466.3 22466.3 22466.3 22466.3 22466.3 22466.3 22466.3 22466.3 22466.3 22466.3 22466.3 22466.3 22466.3 22466.3 22466.3 22466.3 22466.3 22466.3 22466.3 22466.3 22466.3 22466.3 22466.3 22466.3 22466.3 22466.3 22466.3 22466.3 0 0 0 0 0 0 0 0 0 0 0 0 0 0 0 0 0 0 0 0 0 0 0 0 0
