SBPRF35
0.0542336
Curr Bio
231201
B35
100193
F35
6.19588
FOFL
6.19588
OFL
232155
Bzero
15487.3
#pred survey bio
 4163.1 5124 7577.63 12437.4 22445.6 30249.7 25857.6 29832 52758.4 73643.1 83448.1 100575 130140 163060 139690 128011 123544 111916 129621 115930 120687 128433 141713 143032 141569 155451 172699 165518 4.70126e+06 1.63848e+06 417064 220732 148676 121249 110884 107015 105588 105066 104876 104808 104784 104775 104772 104771 104770 104770 104770 104770 104770 104770 104770 104770 104770 104770 104770 104770 104770 104770 104770 104770 104770 104770 104770 104770 104770 104770 104770 104770 104770 104770 104770 104770 104770 104770 104770 104770 104770 104770 104770 104770 104770 104770 104770 104770 104770 104770 104770 104770 104770 104770 104770 104770 104770 104770 104770 104770 104770 104770 104770 104770 104770 104770 104770 104770 104770 104770 104770 104770 104770 104770 104770 104770 104770 104770 104770 104770 104770 104770 104770 104770 104770 104770 104770 104770 104770 104770 104770 104770 0 0 0 0 0 0 0 0 0 0 0 0 0 0 0 0 0 0 0 0 0 0 0 0 0
#obs survey bio
 2828.7 4329.9 7483.43 14271.1 22464.1 21953.5 17216.2 40160.2 75759.3 73689 77773.5 100900 164086 169644 121027 116708 89929.5 120287 156765 103558 147732 153443 154776 129827 151731 152226 184369 146704
#pred catch bio
 1070.97 2305.75 3798.53 5554.15 9486.87 15741.5 13828.5 13305.8 26646.9 41308.5 46651.2 60212.3 72234.5 113497 87145.6 78798.1 92485.1 68965.6 98965.6 83603.4 87925.6 89835.2 106335 114166 108992 110970 137682 92259 232155 38402.4 4637.74 4596.82 4596.77 4596.77 4596.77 4596.77 4596.77 4596.77 4596.77 4596.77 4596.77 4596.77 4596.77 4596.77 4596.77 4596.77 4596.77 4596.77 4596.77 4596.77 4596.77 4596.77 4596.77 4596.77 4596.77 4596.77 4596.77 4596.77 4596.77 4596.77 4596.77 4596.77 4596.77 4596.77 4596.77 4596.77 4596.77 4596.77 4596.77 4596.77 4596.77 4596.77 4596.77 4596.77 4596.77 4596.77 4596.77 4596.77 4596.77 4596.77 4596.77 4596.77 4596.77 4596.77 4596.77 4596.77 4596.77 4596.77 4596.77 4596.77 4596.77 4596.77 4596.77 4596.77 4596.77 4596.77 4596.77 4596.77 4596.77 4596.77 4596.77 4596.77 4596.77 4596.77 4596.77 4596.77 4596.77 4596.77 4596.77 4596.77 4596.77 4596.77 4596.77 4596.77 4596.77 4596.77 4596.77 4596.77 4596.77 4596.77 4596.77 4596.77 4596.77 4596.77 4596.77 4596.77 4596.77 4596.77 0 0 0 0 0 0 0 0 0 0 0 0 0 0 0 0 0 0 0 0 0 0 0 0 0
#obs catch bio
 2016.79 2497.85 3894.29 5647.97 9282.25 16318.1 15862.5 13334.8 25033.2 39764.4 46057.2 60694.2 67936.3 114431 87960.9 77932 98253.7 69848.3 94931.4 83810.2 84597.7 84764.1 97390.2 109191 103769 106474 131303 89080.4
#pred cpue bio
 3885.25 4568.75 6562.47 10726.1 19287.8 28488.1 24367.7 25467.5 45726.3 66385 75374.8 89031 113826 148043 128589 117188 112198 98790.9 116952 103171 106885 113303 125772 126566 123919 135645 154018 144860 4.2938e+06 1.75053e+06 404190 206621 134541 107113 96748.6 92879.7 91451.9 90929.9 90740.7 90672.4 90648 90639.2 90636.1 90635 90634.6 90634.5 90634.5 90634.4 90634.4 90634.4 90634.4 90634.4 90634.4 90634.4 90634.4 90634.4 90634.4 90634.4 90634.4 90634.4 90634.4 90634.4 90634.4 90634.4 90634.4 90634.4 90634.4 90634.4 90634.4 90634.4 90634.4 90634.4 90634.4 90634.4 90634.4 90634.4 90634.4 90634.4 90634.4 90634.4 90634.4 90634.4 90634.4 90634.4 90634.4 90634.4 90634.4 90634.4 90634.4 90634.4 90634.4 90634.4 90634.4 90634.4 90634.4 90634.4 90634.4 90634.4 90634.4 90634.4 90634.4 90634.4 90634.4 90634.4 90634.4 90634.4 90634.4 90634.4 90634.4 90634.4 90634.4 90634.4 90634.4 90634.4 90634.4 90634.4 90634.4 90634.4 90634.4 90634.4 90634.4 90634.4 90634.4 90634.4 90634.4 90634.4 90634.4 90634.4 0 0 0 0 0 0 0 0 0 0 0 0 0 0 0 0 0 0 0 0 0 0 0 0 0
#obs cpue bio
 4563.53 5068.83 5909.38 9172.78 24057.7 24223.7 21731.8 23681.2 55782.4 65483.6 74174.8 92066.7 124467 124878 127452 145062 117158 75544 168928 87910.9 120610 119766 177369 149403 141062 146836 211403 159252
#pred surv len freq
 1.37384e-11 1.49118e-09 9.5435e-08 3.60142e-06 8.01363e-05 0.00105143 0.00813518 0.0371354 0.100245 0.161922 0.165481 0.131123 0.110519 0.0936564 0.0654639 0.040977 0.0261889 0.0170819 0.0114986 0.00817955 0.00624873 0.00518747 0.00444626 0.00340034 0.00197444
 1.60034e-11 1.73701e-09 1.11169e-07 4.19516e-06 9.33475e-05 0.00122476 0.00947604 0.0432502 0.11667 0.187795 0.18882 0.141461 0.108946 0.0858833 0.0544419 0.0284441 0.0146228 0.00777204 0.00424738 0.00245454 0.00154032 0.00107914 0.000825026 0.0006009 0.000347243
 1.71103e-11 1.85716e-09 1.18858e-07 4.48532e-06 9.98041e-05 0.00130947 0.0101313 0.0462385 0.124695 0.200418 0.200124 0.146204 0.107539 0.0810269 0.0475593 0.0207842 0.00809341 0.00324307 0.00134075 0.000582862 0.000275459 0.00014741 9.13239e-05 5.91723e-05 3.26697e-05
 1.72395e-11 1.87118e-09 1.19755e-07 4.5192e-06 0.000100558 0.00131936 0.0102078 0.0465876 0.125637 0.201932 0.201634 0.147286 0.108204 0.0810967 0.0467378 0.0193399 0.00667953 0.00221417 0.000695609 0.000212107 6.8126e-05 2.45423e-05 1.05741e-05 5.35737e-06 2.6283e-06
 1.73771e-11 1.88611e-09 1.20711e-07 4.55526e-06 0.00010136 0.00132989 0.0102893 0.0469584 0.126625 0.203425 0.202681 0.146886 0.106497 0.079384 0.0460729 0.0195261 0.00698926 0.00232657 0.000679178 0.000172387 4.0382e-05 9.28756e-06 2.33978e-06 7.32658e-07 2.7009e-07
 1.29951e-11 1.41049e-09 9.02714e-08 3.40656e-06 7.58006e-05 0.000994559 0.00769572 0.0351427 0.0950479 0.154996 0.165276 0.148506 0.144234 0.124027 0.0747706 0.0320811 0.0116316 0.00394839 0.00118229 0.00030339 6.71518e-05 1.27273e-05 2.1401e-06 3.59323e-07 7.17815e-08
 1.28705e-11 1.39697e-09 8.94062e-08 3.37391e-06 7.50741e-05 0.000985025 0.0076219 0.0348043 0.0941158 0.15334 0.162886 0.144897 0.139731 0.121584 0.077107 0.0375543 0.0163286 0.00630111 0.00199383 0.000525868 0.000118942 2.2579e-05 3.52038e-06 4.53048e-07 5.12443e-08
 1.76601e-11 1.91684e-09 1.22677e-07 4.62946e-06 0.000103011 0.00135155 0.0104567 0.0477202 0.128645 0.206395 0.204342 0.144696 0.100841 0.0742188 0.0447601 0.0213471 0.00932754 0.00384271 0.00138937 0.00042684 0.000107456 2.15499e-05 3.44163e-06 4.359e-07 4.32972e-08
 1.70459e-11 1.85017e-09 1.18411e-07 4.46845e-06 9.94286e-05 0.00130455 0.0100933 0.0460656 0.124241 0.199788 0.199961 0.147301 0.109771 0.0829535 0.0479168 0.0198799 0.00697885 0.00244143 0.000838121 0.000266837 7.44591e-05 1.70721e-05 3.06338e-06 4.17347e-07 4.2584e-08
 1.5326e-11 1.66349e-09 1.06463e-07 4.01759e-06 8.93964e-05 0.00117293 0.0090753 0.0414281 0.111849 0.180794 0.18535 0.148133 0.124907 0.100781 0.0593089 0.0247199 0.00854024 0.00276257 0.0008053 0.000211765 5.27834e-05 1.21013e-05 2.3508e-06 3.58684e-07 4.07327e-08
 1.52246e-11 1.65249e-09 1.05759e-07 3.99101e-06 8.88052e-05 0.00116517 0.00901529 0.0411543 0.111112 0.179623 0.184246 0.147513 0.124778 0.101153 0.0602643 0.0259528 0.00948121 0.00320961 0.000941706 0.00023484 5.12927e-05 9.90277e-06 1.70052e-06 2.53177e-07 3.03803e-08
 1.61553e-11 1.7535e-09 1.12224e-07 4.23499e-06 9.42338e-05 0.00123639 0.00956613 0.0436638 0.117818 0.189902 0.192157 0.147077 0.116616 0.0915468 0.0541452 0.0233606 0.00861754 0.00298247 0.000909942 0.000237811 5.31012e-05 9.87455e-06 1.51797e-06 1.9488e-07 2.08699e-08
 1.66673e-11 1.80907e-09 1.1578e-07 4.36919e-06 9.722e-05 0.00127557 0.00986917 0.0450449 0.121516 0.195632 0.196868 0.147825 0.113636 0.0872794 0.0503934 0.0205719 0.0069016 0.00220699 0.000655324 0.000172875 3.98088e-05 7.69188e-06 1.20623e-06 1.50228e-07 1.46767e-08
 1.49816e-11 1.62611e-09 1.04071e-07 3.92731e-06 8.73877e-05 0.00114658 0.00887148 0.0404996 0.10937 0.177008 0.182504 0.14852 0.128272 0.104568 0.0614886 0.0253759 0.00858773 0.00270467 0.000758251 0.000184289 3.99783e-05 7.61434e-06 1.21623e-06 1.55873e-07 1.54325e-08
 1.42894e-11 1.55098e-09 9.92623e-08 3.74585e-06 8.33501e-05 0.00109361 0.00846181 0.0386336 0.104388 0.169408 0.176835 0.149435 0.135238 0.112284 0.0657354 0.0264263 0.00850067 0.00255745 0.000703848 0.000168771 3.52126e-05 6.27891e-06 9.4249e-07 1.17268e-07 1.16503e-08
 1.45555e-11 1.57986e-09 1.01111e-07 3.8156e-06 8.49021e-05 0.00111397 0.00861925 0.03935 0.106291 0.172234 0.178562 0.147839 0.13067 0.108089 0.06469 0.0278268 0.0100845 0.00333745 0.000934559 0.000217096 4.36502e-05 7.56528e-06 1.09453e-06 1.28992e-07 1.21236e-08
 1.49621e-11 1.62399e-09 1.03935e-07 3.9222e-06 8.72739e-05 0.00114508 0.00885992 0.0404465 0.109222 0.176735 0.182066 0.147776 0.127287 0.103971 0.0618631 0.0264281 0.0095599 0.00325231 0.000979986 0.000251159 5.39631e-05 9.42535e-06 1.32744e-06 1.51035e-07 1.36435e-08
 1.62777e-11 1.76679e-09 1.13074e-07 4.26707e-06 9.49477e-05 0.00124576 0.00963862 0.0439951 0.118718 0.191397 0.193875 0.148886 0.118391 0.0921859 0.0525764 0.0204161 0.00616744 0.00176012 0.000488938 0.000124746 2.81135e-05 5.30875e-06 8.02509e-07 9.42365e-08 8.44363e-09
 1.52841e-11 1.65894e-09 1.06172e-07 4.00661e-06 8.91521e-05 0.00116973 0.00905053 0.0413155 0.111553 0.180376 0.185205 0.148737 0.126174 0.101845 0.0594215 0.0240947 0.00785365 0.0023398 0.000607136 0.000132712 2.59798e-05 4.63603e-06 7.14186e-07 8.89074e-08 8.47816e-09
 1.59208e-11 1.72805e-09 1.10595e-07 4.17352e-06 9.28661e-05 0.00121845 0.00942742 0.043033 0.116149 0.187477 0.190944 0.149334 0.121952 0.0961649 0.0548268 0.0210369 0.00614947 0.00165349 0.000420618 9.4665e-05 1.83056e-05 2.96366e-06 4.01017e-07 4.59191e-08 4.3266e-09
 1.61326e-11 1.75104e-09 1.12066e-07 4.22904e-06 9.41014e-05 0.00123466 0.00955276 0.0436039 0.117673 0.189802 0.192677 0.149051 0.11982 0.0938211 0.0535685 0.0207546 0.00617566 0.00166338 0.000403173 8.29965e-05 1.49155e-05 2.3583e-06 3.13603e-07 3.36693e-08 2.86659e-09
 1.63006e-11 1.76928e-09 1.13233e-07 4.27308e-06 9.50814e-05 0.00124751 0.0096522 0.044057 0.118885 0.191666 0.194145 0.149082 0.118514 0.0921965 0.0524147 0.0201305 0.00588418 0.00155724 0.000376323 7.76333e-05 1.36533e-05 2.0332e-06 2.51402e-07 2.56119e-08 2.10021e-09
 1.60401e-11 1.741e-09 1.11424e-07 4.20479e-06 9.35618e-05 0.00122758 0.009498 0.0433545 0.117006 0.188778 0.191883 0.149073 0.120599 0.0947528 0.0541817 0.0210388 0.00628921 0.00170361 0.000413938 8.45229e-05 1.46866e-05 2.16978e-06 2.63689e-07 2.57513e-08 1.98684e-09
 1.61702e-11 1.75512e-09 1.12328e-07 4.23889e-06 9.43208e-05 0.00123754 0.00957502 0.0437055 0.117947 0.190238 0.193094 0.149301 0.119896 0.0936956 0.0531923 0.0202603 0.00580924 0.00150245 0.000358947 7.40268e-05 1.3048e-05 1.93248e-06 2.32983e-07 2.24847e-08 1.70342e-09
 1.66276e-11 1.80477e-09 1.15505e-07 4.3588e-06 9.69888e-05 0.00127254 0.00984575 0.044939 0.121245 0.19531 0.197081 0.149359 0.116302 0.0892605 0.0500909 0.0186217 0.00504165 0.00120004 0.000267191 5.21959e-05 8.84945e-06 1.29305e-06 1.56643e-07 1.52063e-08 1.14951e-09
 1.67558e-11 1.81868e-09 1.16395e-07 4.39239e-06 9.77362e-05 0.00128234 0.00992159 0.0452845 0.122167 0.196718 0.198135 0.149204 0.115037 0.0878529 0.0493096 0.0184165 0.00503882 0.0012082 0.000264097 4.88359e-05 7.65731e-06 1.04024e-06 1.1959e-07 1.12803e-08 8.45663e-10
 1.58255e-11 1.71771e-09 1.09933e-07 4.14853e-06 9.23101e-05 0.00121116 0.009371 0.0427761 0.115463 0.186432 0.190171 0.149483 0.122953 0.0972795 0.0554589 0.0211988 0.00610209 0.0015652 0.000358326 6.76493e-05 1.05951e-05 1.39462e-06 1.5078e-07 1.32191e-08 9.30965e-10
 1.66343e-11 1.80549e-09 1.15551e-07 4.36055e-06 9.70277e-05 0.00127305 0.0098497 0.044957 0.121292 0.195377 0.197106 0.149269 0.116112 0.0891051 0.0500865 0.018728 0.00514429 0.00125061 0.000282687 5.52842e-05 9.1506e-06 1.2563e-06 1.37869e-07 1.19078e-08 8.02562e-10
#obs surv len freq
 1.28635e-11 1.39621e-09 8.93574e-08 3.37207e-06 7.50331e-05 0.000984487 0.00761768 0.0347829 0.0940161 0.152755 0.159936 0.135841 0.12494 0.111917 0.0818866 0.0506708 0.0271548 0.0118935 0.00412434 0.00112466 0.000235608 3.66683e-05 4.10707e-06 3.21309e-07 1.70769e-08
 1.83558e-11 1.99235e-09 1.2751e-07 4.81185e-06 0.000107069 0.00140479 0.0108686 0.049597 0.133654 0.213951 0.209229 0.140552 0.0878741 0.0623572 0.0426206 0.0258293 0.0135752 0.00579745 0.00194809 0.000510925 0.000102114 1.50359e-05 1.58044e-06 1.15206e-07 5.67286e-09
 1.56231e-11 1.69574e-09 1.08527e-07 4.09549e-06 9.11302e-05 0.00119569 0.00925174 0.0422394 0.114092 0.184639 0.189398 0.149312 0.120404 0.0934718 0.0555924 0.0252459 0.00998619 0.00361402 0.00112231 0.000279598 5.31532e-05 7.40605e-06 7.32047e-07 4.9882e-08 2.28385e-09
 1.80817e-11 1.9626e-09 1.25606e-07 4.73998e-06 0.000105471 0.00138383 0.0107067 0.0488655 0.131767 0.211505 0.209086 0.145324 0.0955723 0.0675389 0.0424963 0.022121 0.00945827 0.00312009 0.000769952 0.000148249 2.31705e-05 2.85453e-06 2.59315e-07 1.64276e-08 6.99534e-10
 1.66144e-11 1.80333e-09 1.15413e-07 4.35534e-06 9.69122e-05 0.00127155 0.00983877 0.0449186 0.1213 0.195959 0.198962 0.150547 0.112545 0.082668 0.0482206 0.0218236 0.00833123 0.00268341 0.0006806 0.000129469 1.80279e-05 1.82099e-06 1.33653e-07 7.08192e-09 2.63578e-10
 7.23329e-12 7.85105e-10 5.02468e-08 1.89617e-06 4.21941e-05 0.000553713 0.00428787 0.0196484 0.0539475 0.0935778 0.122101 0.156068 0.188275 0.17017 0.1088 0.0531965 0.0210504 0.00649099 0.00149428 0.000257875 3.35607e-05 3.20863e-06 2.16668e-07 1.0042e-08 3.14632e-10
 1.60049e-11 1.73718e-09 1.11179e-07 4.19557e-06 9.3357e-05 0.0012249 0.00947743 0.0432603 0.116703 0.187579 0.186184 0.131228 0.0920854 0.0792545 0.0686983 0.0484866 0.0246288 0.00859725 0.00208479 0.000360277 4.4693e-05 3.93489e-06 2.4215e-07 1.02555e-08 2.93286e-10
 1.80504e-11 1.9592e-09 1.25388e-07 4.73178e-06 0.000105289 0.00138146 0.0106892 0.0487995 0.131731 0.212261 0.212363 0.151246 0.099691 0.0656036 0.0366074 0.0173635 0.00781678 0.00314246 0.000960277 0.000202116 2.82483e-05 2.60206e-06 1.58277e-07 6.36195e-09 1.68258e-10
 1.59585e-11 1.73214e-09 1.10857e-07 4.18341e-06 9.30873e-05 0.00122141 0.00945213 0.043177 0.116838 0.190159 0.197608 0.156806 0.120633 0.0861895 0.0478678 0.0203414 0.00702773 0.00200513 0.000470882 9.03894e-05 1.33144e-05 1.37272e-06 9.29042e-08 4.00426e-09 1.0866e-10
 1.46721e-11 1.59252e-09 1.01921e-07 3.8462e-06 8.55845e-05 0.001123 0.00869142 0.0397185 0.107654 0.176296 0.187118 0.156349 0.128271 0.0966788 0.0576892 0.0269848 0.00993994 0.00275061 0.000553772 8.23142e-05 9.28626e-06 7.94433e-07 4.95511e-08 2.1279e-09 5.97865e-11
 1.42611e-11 1.54791e-09 9.9066e-08 3.73847e-06 8.31877e-05 0.00109157 0.0084488 0.03862 0.104774 0.172115 0.184299 0.156511 0.130086 0.0989938 0.0603853 0.0293027 0.0112499 0.00324702 0.000677124 0.000100456 1.0484e-05 7.61468e-07 3.83203e-08 1.33352e-09 3.17652e-11
 1.67639e-11 1.81956e-09 1.16452e-07 4.39455e-06 9.7786e-05 0.00128308 0.0099297 0.0453607 0.122726 0.199307 0.204343 0.15414 0.109095 0.0756476 0.0449115 0.0217372 0.00837252 0.00243892 0.000517776 7.85232e-05 8.32087e-06 6.00847e-07 2.8966e-08 9.19547e-10 1.90545e-11
 1.52754e-11 1.658e-09 1.06112e-07 4.00437e-06 8.91051e-05 0.00116924 0.00905071 0.0413803 0.112317 0.18457 0.196754 0.162565 0.126475 0.0878842 0.047842 0.0204179 0.00707385 0.00194053 0.000401189 6.01942e-05 6.34845e-06 4.56845e-07 2.18841e-08 6.84408e-10 1.37598e-11
 1.29199e-11 1.40233e-09 8.97494e-08 3.38692e-06 7.53675e-05 0.000989071 0.00765875 0.0350623 0.0956319 0.159884 0.179766 0.165982 0.14494 0.108087 0.0621014 0.0275283 0.00939822 0.00238548 0.000440658 5.92069e-05 5.73484e-06 3.89459e-07 1.79248e-08 5.43238e-10 1.06092e-11
 1.2285e-11 1.33342e-09 8.53392e-08 3.2205e-06 7.16652e-05 0.000940526 0.0072839 0.0333618 0.0911257 0.152982 0.173706 0.163004 0.145485 0.113029 0.0696522 0.033422 0.0121014 0.00316439 0.000584107 7.55337e-05 6.7808e-06 4.16955e-07 1.73117e-08 4.7804e-10 8.6321e-12
 1.3663e-11 1.48299e-09 9.49115e-08 3.58173e-06 7.97031e-05 0.00104599 0.00809963 0.0370774 0.101034 0.168001 0.184653 0.161181 0.133112 0.0996419 0.0612477 0.0299086 0.0111819 0.00305474 0.000590455 7.8947e-05 7.14921e-06 4.30528e-07 1.70069e-08 4.36155e-10 7.19679e-12
 1.35479e-11 1.4705e-09 9.41126e-08 3.5516e-06 7.90344e-05 0.00103728 0.00803406 0.0368044 0.100523 0.168294 0.187998 0.167569 0.137745 0.0984044 0.0561364 0.0254126 0.00901835 0.00240727 0.000464572 6.27761e-05 5.76594e-06 3.50762e-07 1.38499e-08 3.49652e-10 5.58067e-12
 1.39866e-11 1.51812e-09 9.71604e-08 3.66663e-06 8.15948e-05 0.00107091 0.00829493 0.0380024 0.103787 0.173507 0.192373 0.167881 0.134232 0.0942267 0.0530502 0.0233222 0.00782741 0.00194264 0.000348826 4.44867e-05 3.92634e-06 2.32772e-07 9.02709e-09 2.24316e-10 3.51657e-12
 1.41969e-11 1.54095e-09 9.86214e-08 3.72179e-06 8.28237e-05 0.0010871 0.00842159 0.0385989 0.105527 0.176805 0.196495 0.170678 0.133614 0.0906394 0.0489749 0.0206002 0.00661188 0.00156295 0.000264449 3.13918e-05 2.56261e-06 1.40818e-07 5.10218e-09 1.19604e-10 1.78383e-12
 1.41965e-11 1.54091e-09 9.86189e-08 3.72172e-06 8.28242e-05 0.00108718 0.00842388 0.0386305 0.105764 0.177775 0.198616 0.172898 0.134084 0.0892281 0.0469716 0.0190582 0.00583691 0.00130633 0.000208177 2.31679e-05 1.76378e-06 8.98708e-08 3.00507e-09 6.48666e-11 8.91579e-13
 1.43594e-11 1.55859e-09 9.97508e-08 3.76447e-06 8.37773e-05 0.00109976 0.00852277 0.0391001 0.107146 0.180359 0.201543 0.174195 0.132732 0.0865168 0.0445846 0.01761 0.005203 0.00111302 0.000168032 1.7571e-05 1.24874e-06 5.91202e-08 1.83043e-09 3.64789e-11 4.61751e-13
 1.47723e-11 1.60341e-09 1.0262e-07 3.87277e-06 8.61892e-05 0.00113147 0.00876958 0.0402415 0.110303 0.185561 0.206238 0.175047 0.1293 0.0815666 0.0407295 0.0155485 0.00442247 0.000907034 0.000130583 1.29319e-05 8.64096e-07 3.82152e-08 1.09949e-09 2.02814e-11 2.36938e-13
 1.45786e-11 1.58238e-09 1.01275e-07 3.82207e-06 8.5065e-05 0.00111687 0.00865955 0.0397762 0.109309 0.185011 0.207987 0.178568 0.131344 0.0807504 0.0387038 0.0140531 0.00378679 0.000734906 9.99764e-05 9.33411e-06 5.8627e-07 2.42917e-08 6.52446e-10 1.11948e-11 1.2125e-13
 1.44931e-11 1.5731e-09 1.00681e-07 3.79974e-06 8.45717e-05 0.00111052 0.00861299 0.0395922 0.108991 0.185107 0.209106 0.179913 0.131659 0.0801865 0.0379419 0.0134633 0.00349281 0.000643946 8.24644e-05 7.20898e-06 4.22782e-07 1.63314e-08 4.08438e-10 6.517e-12 6.55425e-14
 1.44171e-11 1.56486e-09 1.00155e-07 3.77994e-06 8.4136e-05 0.00110497 0.00857319 0.039446 0.108821 0.185603 0.21094 0.181922 0.131922 0.0788328 0.0364107 0.0125551 0.00314921 0.000557978 6.81353e-05 5.62811e-06 3.09248e-07 1.11213e-08 2.57909e-10 3.8077e-12 3.53969e-14
 1.31947e-11 1.43219e-09 9.16651e-08 3.45973e-06 7.70205e-05 0.00101194 0.0078603 0.0362753 0.100861 0.175328 0.207079 0.188331 0.141941 0.0854865 0.038926 0.0130577 0.00315786 0.000536155 6.24357e-05 4.89486e-06 2.5397e-07 8.5786e-09 1.85888e-10 2.55231e-12 2.1981e-14
 1.33483e-11 1.44887e-09 9.27339e-08 3.50015e-06 7.79244e-05 0.00102393 0.00795506 0.0367235 0.102115 0.177231 0.207996 0.186893 0.139716 0.08456 0.0389293 0.0130856 0.00311564 0.00051217 5.70536e-05 4.24419e-06 2.07795e-07 6.59659e-09 1.33907e-10 1.71742e-12 1.37784e-14
 1.35052e-11 1.46591e-09 9.38258e-08 3.54151e-06 7.88525e-05 0.00103635 0.00805553 0.0372255 0.103706 0.180442 0.211779 0.188417 0.137518 0.0806637 0.0360214 0.0118038 0.00275342 0.000443787 4.8222e-05 3.46594e-06 1.62209e-07 4.87657e-09 9.30898e-11 1.11727e-12 8.36012e-15
#pred catch len freq
 1.16544e-11 1.26498e-09 8.09584e-08 3.05512e-06 6.79805e-05 0.000891951 0.00690169 0.0315149 0.0852112 0.138755 0.147052 0.130107 0.12559 0.112406 0.078433 0.0478539 0.0298748 0.0192889 0.0129441 0.00920001 0.00702689 0.00583325 0.00499974 0.00382362 0.00222022
 1.48446e-11 1.61124e-09 1.03119e-07 3.8914e-06 8.65886e-05 0.00113609 0.00879021 0.0401257 0.10832 0.174986 0.17892 0.141861 0.118863 0.0975786 0.0618726 0.0316196 0.0158126 0.00827819 0.00450141 0.00259771 0.0016296 0.00114161 0.000872774 0.000635676 0.000367339
 1.62249e-11 1.76105e-09 1.12707e-07 4.25322e-06 9.46395e-05 0.00124172 0.00960729 0.0438512 0.118317 0.190654 0.192668 0.146812 0.11559 0.0903255 0.0532272 0.0229127 0.00867397 0.00339821 0.00139205 0.000603534 0.000285025 0.000152506 9.44782e-05 6.12159e-05 3.3798e-05
 1.61145e-11 1.74907e-09 1.1194e-07 4.22428e-06 9.39956e-05 0.00123327 0.00954199 0.0435543 0.117533 0.189525 0.192159 0.148055 0.118432 0.0929178 0.0539609 0.0220697 0.0074267 0.00240243 0.000745954 0.000226518 7.26525e-05 2.61624e-05 1.12712e-05 5.71049e-06 2.80154e-06
 1.61689e-11 1.75498e-09 1.12318e-07 4.23855e-06 9.4313e-05 0.00123743 0.00957419 0.0437008 0.117922 0.190097 0.192486 0.147659 0.117401 0.0920293 0.0538586 0.0225377 0.00785814 0.00255707 0.000738665 0.000186751 4.3676e-05 1.00387e-05 2.52851e-06 7.91723e-07 2.91862e-07
 1.19808e-11 1.3004e-09 8.32255e-08 3.14067e-06 6.98843e-05 0.00091694 0.00709541 0.032408 0.0877432 0.143822 0.156788 0.149348 0.153682 0.134838 0.0812249 0.0343382 0.0121209 0.00402248 0.00119216 0.000304785 6.7361e-05 1.27594e-05 2.14503e-06 3.60122e-07 7.19396e-08
 1.19637e-11 1.29854e-09 8.31064e-08 3.13618e-06 6.97843e-05 0.000915626 0.00708516 0.0323592 0.0875849 0.143351 0.155304 0.145671 0.148211 0.131272 0.0828705 0.0395441 0.0167395 0.00635258 0.00199669 0.000525199 0.000118639 2.25092e-05 3.5088e-06 4.51525e-07 5.10708e-08
 1.66056e-11 1.80238e-09 1.15352e-07 4.35302e-06 9.68602e-05 0.00127085 0.00983259 0.0448768 0.121047 0.194751 0.195391 0.145224 0.110131 0.0850955 0.0515949 0.0241623 0.010272 0.00415743 0.00149289 0.000457545 0.00011508 2.30707e-05 3.684e-06 4.66571e-07 4.63427e-08
 1.61598e-11 1.75399e-09 1.12255e-07 4.23616e-06 9.42599e-05 0.00123674 0.0095688 0.0436765 0.117859 0.19002 0.192517 0.147957 0.117904 0.0923152 0.0535824 0.0219566 0.00750469 0.00256079 0.000869157 0.00027573 7.68572e-05 1.76159e-05 3.16061e-06 4.30578e-07 4.39334e-08
 1.45971e-11 1.58437e-09 1.014e-07 3.82651e-06 8.51449e-05 0.00111715 0.00864391 0.0394629 0.1066 0.172767 0.179262 0.148771 0.131746 0.108582 0.063933 0.0262957 0.00885109 0.00279555 0.000805596 0.000210941 5.24919e-05 1.20275e-05 2.33609e-06 3.56424e-07 4.04756e-08
 1.44888e-11 1.57262e-09 1.00648e-07 3.79813e-06 8.45134e-05 0.00110887 0.00857982 0.0391706 0.105814 0.17152 0.178099 0.148154 0.131678 0.109026 0.0649333 0.0275471 0.00979793 0.00324418 0.000942363 0.000234129 5.10579e-05 9.85106e-06 1.69125e-06 2.51779e-07 3.0212e-08
 1.56595e-11 1.69969e-09 1.0878e-07 4.10501e-06 9.13417e-05 0.00119845 0.00927268 0.0423271 0.114248 0.184448 0.188043 0.147585 0.121382 0.0969302 0.0572602 0.0243283 0.00873527 0.00295693 0.000893278 0.000232624 5.187e-05 9.64021e-06 1.48164e-06 1.90201e-07 2.03684e-08
 1.59774e-11 1.7342e-09 1.10988e-07 4.18835e-06 9.31962e-05 0.00122278 0.00946088 0.043185 0.116548 0.188033 0.191097 0.148405 0.120073 0.0946388 0.0547798 0.0220969 0.00722572 0.00225332 0.000660857 0.000173582 3.99107e-05 7.7073e-06 1.20842e-06 1.50491e-07 1.4702e-08
 1.49581e-11 1.62355e-09 1.03907e-07 3.92114e-06 8.72503e-05 0.00114477 0.00885755 0.0404363 0.109203 0.176769 0.182406 0.148812 0.128907 0.105094 0.0615202 0.0250423 0.00825879 0.00253859 0.000703238 0.000170162 3.68491e-05 7.01351e-06 1.11999e-06 1.43529e-07 1.42101e-08
 1.38507e-11 1.50336e-09 9.6215e-08 3.63086e-06 8.07913e-05 0.00106004 0.00820218 0.037451 0.10123 0.164586 0.173215 0.149939 0.139537 0.1171 0.0684664 0.0272047 0.00853764 0.00250317 0.000679685 0.000162178 3.37758e-05 6.01846e-06 9.03166e-07 1.12366e-07 1.1163e-08
 1.40939e-11 1.52976e-09 9.79045e-08 3.69461e-06 8.221e-05 0.00107865 0.00834609 0.0381058 0.102969 0.167162 0.17476 0.14839 0.135224 0.113176 0.0675531 0.0286156 0.0100982 0.00326915 0.000906274 0.000209716 4.20942e-05 7.29007e-06 1.05441e-06 1.24253e-07 1.16778e-08
 1.5242e-11 1.65437e-09 1.05879e-07 3.99556e-06 8.89064e-05 0.0011665 0.00902558 0.0412014 0.111242 0.179852 0.18457 0.147991 0.125362 0.101443 0.0598972 0.02518 0.00886541 0.00294805 0.000879176 0.000224491 4.81643e-05 8.40766e-06 1.18384e-06 1.34686e-07 1.21662e-08
 1.58502e-11 1.72039e-09 1.10105e-07 4.15501e-06 9.24544e-05 0.00121305 0.00938563 0.0428427 0.11564 0.186694 0.190327 0.149319 0.122493 0.0968215 0.0552633 0.0212569 0.00627548 0.00174208 0.000476329 0.00012085 2.71868e-05 5.13065e-06 7.7543e-07 9.10503e-08 8.15794e-09
 1.56235e-11 1.69579e-09 1.0853e-07 4.09559e-06 9.11321e-05 0.0011957 0.00925144 0.042231 0.114001 0.184142 0.188171 0.148797 0.123533 0.0985686 0.0571061 0.0228486 0.00726339 0.00211088 0.000540775 0.000117626 2.29782e-05 4.09671e-06 6.30908e-07 7.85331e-08 7.48867e-09
 1.60109e-11 1.73783e-09 1.11221e-07 4.19713e-06 9.33916e-05 0.00122535 0.00948074 0.043276 0.116799 0.188483 0.191761 0.149434 0.121379 0.0953805 0.0541769 0.020588 0.00588749 0.00153983 0.00038517 8.61426e-05 1.66215e-05 2.68881e-06 3.63715e-07 4.1643e-08 3.92354e-09
 1.62601e-11 1.76487e-09 1.12952e-07 4.26245e-06 9.48448e-05 0.00124441 0.00962819 0.0439477 0.118593 0.191221 0.193813 0.149136 0.118924 0.0926528 0.0526696 0.0201959 0.00587579 0.00154083 0.000367618 7.52118e-05 1.34837e-05 2.12972e-06 2.83099e-07 3.03904e-08 2.58733e-09
 1.62802e-11 1.76706e-09 1.13091e-07 4.26772e-06 9.49622e-05 0.00124595 0.0096401 0.044002 0.118739 0.191452 0.194028 0.149247 0.11893 0.0925619 0.0524771 0.0199631 0.00570912 0.00147042 0.000349517 7.1642e-05 1.25692e-05 1.86987e-06 2.31115e-07 2.35417e-08 1.93036e-09
 1.62803e-11 1.76707e-09 1.13092e-07 4.26774e-06 9.49626e-05 0.00124596 0.00964014 0.0440021 0.118738 0.191441 0.193972 0.149093 0.118696 0.0924113 0.0525529 0.0201888 0.00589982 0.00155603 0.000372227 7.55471e-05 1.30958e-05 1.93277e-06 2.34789e-07 2.29256e-08 1.76873e-09
 1.66437e-11 1.80651e-09 1.15617e-07 4.36301e-06 9.70825e-05 0.00127377 0.00985525 0.0449822 0.121359 0.195471 0.197138 0.149133 0.115828 0.0888733 0.0500771 0.0188839 0.00530022 0.00133362 0.000313136 6.41425e-05 1.12777e-05 1.6686e-06 2.01091e-07 1.94041e-08 1.46996e-09
 1.69386e-11 1.83852e-09 1.17665e-07 4.44031e-06 9.88025e-05 0.00129633 0.0100298 0.0457775 0.123486 0.198747 0.199737 0.149249 0.113632 0.086094 0.0480435 0.0177153 0.00470617 0.00108955 0.000237848 4.60858e-05 7.79047e-06 1.137e-06 1.37677e-07 1.33632e-08 1.01013e-09
 1.67987e-11 1.82334e-09 1.16693e-07 4.40364e-06 9.79866e-05 0.00128563 0.009947 0.0454003 0.122478 0.1972 0.198537 0.149286 0.114816 0.0875119 0.0489809 0.0181499 0.00487108 0.00113641 0.000243728 4.4715e-05 6.98998e-06 9.48331e-07 1.08965e-07 1.02761e-08 7.70333e-10
 1.63107e-11 1.77037e-09 1.13303e-07 4.27572e-06 9.51402e-05 0.00124829 0.00965817 0.0440844 0.11896 0.191796 0.194318 0.149319 0.118795 0.0923435 0.0522597 0.0197746 0.0055715 0.00139102 0.000313125 5.87192e-05 9.17197e-06 1.20582e-06 1.30298e-07 1.14211e-08 8.0428e-10
 1.59368e-11 1.72979e-09 1.10706e-07 4.17771e-06 9.29594e-05 0.00121967 0.00943689 0.0430765 0.116269 0.187695 0.191275 0.149866 0.122637 0.0965576 0.0545161 0.020253 0.00545743 0.00129056 0.000286208 5.55406e-05 9.16724e-06 1.25716e-06 1.37901e-07 1.19085e-08 8.02552e-10
#obs catch len freq
 1.09006e-11 1.18315e-09 7.57218e-08 2.85751e-06 6.35836e-05 0.000834274 0.00645584 0.0294885 0.0798487 0.130862 0.142162 0.1336 0.137194 0.128899 0.0961323 0.0603768 0.0327521 0.0144907 0.00508126 0.00140475 0.000299183 4.74531e-05 5.42424e-06 4.33128e-07 2.34762e-08
 1.11552e-11 1.21079e-09 7.74905e-08 2.92426e-06 6.50689e-05 0.000853765 0.00660678 0.0301797 0.0817348 0.134003 0.145509 0.135812 0.137316 0.127076 0.0934861 0.0577042 0.0305802 0.0131549 0.00445732 0.00118031 0.000238508 3.5572e-05 3.79434e-06 2.81078e-07 1.40752e-08
 1.71965e-11 1.86652e-09 1.19457e-07 4.50795e-06 0.000100308 0.00131608 0.0101826 0.0464733 0.125321 0.201234 0.199463 0.140584 0.0963519 0.072698 0.0504554 0.0305075 0.0158306 0.00662933 0.00217312 0.000552551 0.000106349 1.49836e-05 1.4979e-06 1.0328e-07 4.78759e-09
 1.44136e-11 1.56446e-09 1.00125e-07 3.77842e-06 8.40753e-05 0.00110314 0.0085362 0.0389842 0.105441 0.171647 0.180229 0.151421 0.131327 0.104564 0.062135 0.028069 0.0110057 0.00391617 0.00118611 0.000286087 5.22951e-05 6.9619e-06 6.53628e-07 4.20817e-08 1.8122e-09
 1.71871e-11 1.86549e-09 1.19391e-07 4.50546e-06 0.000100253 0.00131537 0.0101775 0.0464578 0.125367 0.201869 0.202153 0.146465 0.103135 0.0756922 0.0478501 0.0247083 0.0103817 0.00334453 0.000803865 0.000150178 2.26063e-05 2.66004e-06 2.29246e-07 1.37051e-08 5.48387e-10
 1.57436e-11 1.70882e-09 1.09364e-07 4.12708e-06 9.18335e-05 0.00120493 0.00932381 0.0425779 0.115098 0.186748 0.192762 0.152604 0.120593 0.0903633 0.0525559 0.0235801 0.00886975 0.00279146 0.000687208 0.000126189 1.68765e-05 1.62916e-06 1.13606e-07 5.68237e-09 1.98531e-10
 6.56374e-12 7.12433e-10 4.55958e-08 1.72066e-06 3.82892e-05 0.000502502 0.00389237 0.0178566 0.0492572 0.0869172 0.118548 0.159325 0.195126 0.175303 0.110968 0.053576 0.0207867 0.00624324 0.00139427 0.000232322 2.90065e-05 2.64411e-06 1.69382e-07 7.41458e-09 2.18446e-10
 1.53656e-11 1.6678e-09 1.06739e-07 4.028e-06 8.96284e-05 0.00117599 0.00909933 0.0415408 0.112133 0.180677 0.181013 0.131344 0.0967471 0.0854369 0.0737082 0.0509577 0.0251759 0.00852334 0.00199898 0.000332615 3.95184e-05 3.31533e-06 1.93452e-07 7.73157e-09 2.0778e-10
 1.75974e-11 1.91004e-09 1.22242e-07 4.61305e-06 0.000102647 0.00134682 0.0104216 0.0475861 0.128543 0.207657 0.209631 0.152902 0.10394 0.0691035 0.0383936 0.0180873 0.00801869 0.00312975 0.000919761 0.000185238 2.4689e-05 2.16164e-06 1.2452e-07 4.72131e-09 1.17342e-10
 1.55133e-11 1.68382e-09 1.07764e-07 4.06671e-06 9.0491e-05 0.00118737 0.00918932 0.041988 0.113739 0.185808 0.195401 0.159084 0.125111 0.0893665 0.0490756 0.02054 0.00695079 0.00193198 0.000439718 8.10998e-05 1.1371e-05 1.10925e-06 7.07984e-08 2.87098e-09 7.31348e-11
 1.43095e-11 1.55316e-09 9.94022e-08 3.75116e-06 8.34701e-05 0.00109528 0.00847762 0.0387539 0.105161 0.172902 0.185688 0.15863 0.132057 0.0991211 0.0584107 0.0268274 0.00962749 0.00258044 0.000501427 7.16418e-05 7.72055e-06 6.26245e-07 3.6788e-08 1.48106e-09 3.89092e-11
 1.39699e-11 1.51631e-09 9.70436e-08 3.66216e-06 8.14901e-05 0.00106932 0.00827739 0.0378493 0.102805 0.169539 0.183519 0.158776 0.133276 0.10078 0.0606593 0.0288709 0.0107846 0.00300968 0.000603951 8.57944e-05 8.53128e-06 5.87671e-07 2.79124e-08 9.11915e-10 2.02924e-11
 1.65625e-11 1.79771e-09 1.15053e-07 4.34178e-06 9.66121e-05 0.0012677 0.00981129 0.0448297 0.12138 0.197594 0.203956 0.155864 0.111333 0.0767954 0.0449739 0.0213288 0.00798587 0.00224716 0.000458416 6.64344e-05 6.69195e-06 4.57304e-07 2.07838e-08 6.19823e-10 1.20242e-11
 1.51352e-11 1.64279e-09 1.05139e-07 3.96764e-06 8.82886e-05 0.00115856 0.00896888 0.0410192 0.111451 0.1837 0.197273 0.164649 0.128137 0.0879521 0.0470961 0.019699 0.00664057 0.00175941 0.000349139 4.99847e-05 5.0028e-06 3.40078e-07 1.53297e-08 4.49688e-10 8.45702e-12
 1.28304e-11 1.39262e-09 8.91277e-08 3.36347e-06 7.48466e-05 0.000982278 0.00760725 0.0348426 0.0951672 0.159729 0.18106 0.168438 0.146364 0.107551 0.0606685 0.0262619 0.00869253 0.00212747 0.000377234 4.83796e-05 4.44499e-06 2.84774e-07 1.23126e-08 3.49401e-10 6.37283e-12
 1.22413e-11 1.32868e-09 8.50358e-08 3.20906e-06 7.14118e-05 0.000937246 0.00725965 0.0332671 0.0909982 0.153347 0.175395 0.165497 0.146777 0.112342 0.067899 0.0317377 0.0111132 0.00279552 0.00049411 6.08748e-05 5.18006e-06 3.00504e-07 1.17194e-08 3.02787e-10 5.09927e-12
 1.36744e-11 1.48423e-09 9.4991e-08 3.58474e-06 7.97713e-05 0.00104693 0.00810796 0.0371301 0.101289 0.168888 0.186559 0.16332 0.133845 0.0986214 0.0594177 0.0282471 0.0102041 0.00267719 0.000494291 6.28014e-05 5.37955e-06 3.05237e-07 1.13205e-08 2.71683e-10 4.1826e-12
 1.3598e-11 1.47594e-09 9.44605e-08 3.56475e-06 7.93283e-05 0.00104119 0.00806559 0.0369652 0.101082 0.169691 0.19034 0.169643 0.13785 0.0966963 0.0540245 0.0238179 0.00816863 0.0020929 0.000385308 4.93852e-05 4.28162e-06 2.44901e-07 9.06317e-09 2.1388e-10 3.18366e-12
 1.40791e-11 1.52816e-09 9.78031e-08 3.69091e-06 8.21365e-05 0.00107808 0.0083517 0.0382785 0.104652 0.175349 0.194973 0.169788 0.133936 0.092151 0.0506967 0.0216534 0.00701252 0.00166961 0.000285945 3.457e-05 2.87642e-06 1.60062e-07 5.80691e-09 1.3464e-10 1.96547e-12
 1.43189e-11 1.55418e-09 9.94687e-08 3.75379e-06 8.35375e-05 0.00109653 0.00849605 0.038957 0.106617 0.178992 0.199314 0.172417 0.132875 0.0882008 0.0465144 0.0189895 0.00587365 0.00132989 0.000214326 2.40984e-05 1.85368e-06 9.55522e-08 3.23555e-09 7.06736e-11 9.79947e-13
 1.4346e-11 1.55713e-09 9.96577e-08 3.76096e-06 8.36993e-05 0.00109874 0.00851496 0.0390658 0.107066 0.180293 0.201655 0.174522 0.132993 0.0864692 0.0443605 0.0174438 0.00514228 0.00110116 0.000166969 1.75826e-05 1.26019e-06 6.0195e-08 1.88025e-09 3.78029e-11 4.82789e-13
 1.45336e-11 1.57749e-09 1.00961e-07 3.81019e-06 8.4797e-05 0.00111322 0.00862875 0.0396044 0.108635 0.183153 0.204732 0.17567 0.131333 0.0835224 0.0418851 0.0160104 0.00454703 0.000929525 0.000133375 1.31847e-05 8.81483e-07 3.90976e-08 1.1302e-09 2.09705e-11 2.46569e-13
 1.49696e-11 1.62482e-09 1.03991e-07 3.92455e-06 8.73442e-05 0.00114672 0.00888947 0.0408097 0.111961 0.188584 0.209494 0.176291 0.127569 0.0783934 0.0380381 0.0140352 0.00383274 0.000750274 0.000102538 9.5897e-06 6.02302e-07 2.49398e-08 6.69631e-10 1.14961e-11 1.24718e-13
 1.47928e-11 1.60563e-09 1.02763e-07 3.8783e-06 8.63196e-05 0.00113344 0.00878998 0.0403951 0.111113 0.188274 0.211396 0.179669 0.12927 0.0773283 0.0359777 0.0126143 0.00326038 0.000603305 7.78325e-05 6.85574e-06 4.04396e-07 1.56764e-08 3.92704e-10 6.26852e-12 6.30294e-14
 1.47274e-11 1.59854e-09 1.0231e-07 3.86128e-06 8.59451e-05 0.00112867 0.00875584 0.0402693 0.110956 0.188611 0.212657 0.180919 0.129356 0.0765601 0.0351089 0.0120107 0.00298508 0.000524248 6.36173e-05 5.24305e-06 2.88562e-07 1.04212e-08 2.42923e-10 3.60392e-12 3.36332e-14
 1.46668e-11 1.59197e-09 1.01891e-07 3.84554e-06 8.56004e-05 0.00112433 0.00872572 0.0401694 0.110915 0.189304 0.214588 0.18279 0.12937 0.0750477 0.0335548 0.0111415 0.00267396 0.000450759 5.21015e-05 4.05407e-06 2.08935e-07 7.02191e-09 1.51726e-10 2.08196e-12 1.79522e-14
 1.34661e-11 1.46166e-09 9.35523e-08 3.53107e-06 7.86141e-05 0.00103305 0.00802704 0.0370701 0.103179 0.179446 0.211137 0.189249 0.139034 0.0812525 0.0357901 0.0115493 0.00266972 0.000430812 4.7439e-05 3.50014e-06 1.70201e-07 5.36953e-09 1.08367e-10 1.38261e-12 1.10435e-14
 1.3632e-11 1.47967e-09 9.47063e-08 3.57472e-06 7.95905e-05 0.001046 0.00812943 0.0375535 0.104523 0.181468 0.212115 0.187821 0.136798 0.0802274 0.0356567 0.011508 0.00261557 0.000408283 4.29736e-05 3.00635e-06 1.37852e-07 4.08475e-09 7.71857e-11 9.19483e-13 6.83942e-15
#spawning biomass
 5142.29 6857.94 10597.1 17524.3 31702.7 39051 33067.5 42138.3 73984 99568.5 112417 138119 181186 219061 185363 170196 165600 154854 175376 159302 166531 177917 195143 197657 197765 217733 236912 231201 273010 44953.6 5471.29 5423.41 5423.36 5423.36 5423.36 5423.36 5423.36 5423.36 5423.36 5423.36 5423.36 5423.36 5423.36 5423.36 5423.36 5423.36 5423.36 5423.36 5423.36 5423.36 5423.36 5423.36 5423.36 5423.36 5423.36 5423.36 5423.36 5423.36 5423.36 5423.36 5423.36 5423.36 5423.36 5423.36 5423.36 5423.36 5423.36 5423.36 5423.36 5423.36 5423.36 5423.36 5423.36 5423.36 5423.36 5423.36 5423.36 5423.36 5423.36 5423.36 5423.36 5423.36 5423.36 5423.36 5423.36 5423.36 5423.36 5423.36 5423.36 5423.36 5423.36 5423.36 5423.36 5423.36 5423.36 5423.36 5423.36 5423.36 5423.36 5423.36 5423.36 5423.36 5423.36 5423.36 5423.36 5423.36 5423.36 5423.36 5423.36 5423.36 5423.36 5423.36 5423.36 5423.36 5423.36 5423.36 5423.36 5423.36 5423.36 5423.36 5423.36 5423.36 5423.36 5423.36 5423.36 5423.36 5423.36 5423.36 0 0 0 0 0 0 0 0 0 0 0 0 0 0 0 0 0 0 0 0 0 0 0 0 0
