SBPRF35
0.0418769
Curr Bio
2.96197e+06
B35
1.66881e+06
F35
1.29953e+08
FOFL
1.29953e+08
OFL
4.67657e+06
Bzero
4489.04
#pred survey bio
 29019.2 20478.1 14588.8 18252.9 31607.8 59363.2 85404.9 112992 166020 154420 137367 186111 198199 227584 205237 202984 240645 181550 231418 308408 281325 235958 260690 261753 261564 225466 215720 245396 5.86374e+06 276406 22385 7724.86 7352.89 7345.28 7345.13 7345.13 7345.13 7345.13 7345.13 7345.13 7345.13 7345.13 7345.13 7345.13 7345.13 7345.13 7345.13 7345.13 7345.13 7345.13 7345.13 7345.13 7345.13 7345.13 7345.13 7345.13 7345.13 7345.13 7345.13 7345.13 7345.13 7345.13 7345.13 7345.13 7345.13 7345.13 7345.13 7345.13 7345.13 7345.13 7345.13 7345.13 7345.13 7345.13 7345.13 7345.13 7345.13 7345.13 7345.13 7345.13 7345.13 7345.13 7345.13 7345.13 7345.13 7345.13 7345.13 7345.13 7345.13 7345.13 7345.13 7345.13 7345.13 7345.13 7345.13 7345.13 7345.13 7345.13 7345.13 7345.13 7345.13 7345.13 7345.13 7345.13 7345.13 7345.13 7345.13 7345.13 7345.13 7345.13 7345.13 7345.13 7345.13 7345.13 7345.13 7345.13 7345.13 7345.13 7345.13 7345.13 7345.13 7345.13 7345.13 7345.13 7345.13 7345.13 7345.13 7345.13 0 0 0 0 0 0 0 0 0 0 0 0 0 0 0 0 0 0 0 0 0 0 0 0 0
#obs survey bio
 24314.9 27367 11156.2 20008.9 37375.2 62212.6 93067.8 93240 202508 144585 146714 170588 176711 224652 234266 268225 250116 192879 228406 213540 316872 208737 238491 258341 263219 201811 228270 171821
#pred catch bio
 29790.6 18843.5 14703.9 7947.02 12519.2 25454 38112.5 74648.4 98315.8 129776 126650 133071 141371 171761 215831 202929 196253 170096 173704 195186 181849 198904 202525 207471 264885 210450 199336 261933 4.67657e+06 6611.8 6611.8 6611.8 6611.8 6611.8 6611.8 6611.8 6611.8 6611.8 6611.8 6611.8 6611.8 6611.8 6611.8 6611.8 6611.8 6611.8 6611.8 6611.8 6611.8 6611.8 6611.8 6611.8 6611.8 6611.8 6611.8 6611.8 6611.8 6611.8 6611.8 6611.8 6611.8 6611.8 6611.8 6611.8 6611.8 6611.8 6611.8 6611.8 6611.8 6611.8 6611.8 6611.8 6611.8 6611.8 6611.8 6611.8 6611.8 6611.8 6611.8 6611.8 6611.8 6611.8 6611.8 6611.8 6611.8 6611.8 6611.8 6611.8 6611.8 6611.8 6611.8 6611.8 6611.8 6611.8 6611.8 6611.8 6611.8 6611.8 6611.8 6611.8 6611.8 6611.8 6611.8 6611.8 6611.8 6611.8 6611.8 6611.8 6611.8 6611.8 6611.8 6611.8 6611.8 6611.8 6611.8 6611.8 6611.8 6611.8 6611.8 6611.8 6611.8 6611.8 6611.8 6611.8 6611.8 6611.8 6611.8 6611.8 0 0 0 0 0 0 0 0 0 0 0 0 0 0 0 0 0 0 0 0 0 0 0 0 0
#obs catch bio
 16405.7 18406 15331.8 8252.22 12297.3 25647.1 37720.1 75351.6 96655.1 130131 127692 132475 140555 169356 218333 202571 194457 171219 172692 194324 180476 199684 202015 205801 267679 210142 198482 262474
#pred cpue bio
 29297.6 20727.6 14848.9 18253.5 30434.6 57544.6 82184.7 109059 160706 150275 133514 179512 189767 217998 196861 193892 229551 172772 219298 291189 264719 222145 245080 244821 244040 210000 200565 228078 5.46879e+06 280129 22416.1 7203.07 6826.15 6818.52 6818.37 6818.36 6818.36 6818.36 6818.36 6818.36 6818.36 6818.36 6818.36 6818.36 6818.36 6818.36 6818.36 6818.36 6818.36 6818.36 6818.36 6818.36 6818.36 6818.36 6818.36 6818.36 6818.36 6818.36 6818.36 6818.36 6818.36 6818.36 6818.36 6818.36 6818.36 6818.36 6818.36 6818.36 6818.36 6818.36 6818.36 6818.36 6818.36 6818.36 6818.36 6818.36 6818.36 6818.36 6818.36 6818.36 6818.36 6818.36 6818.36 6818.36 6818.36 6818.36 6818.36 6818.36 6818.36 6818.36 6818.36 6818.36 6818.36 6818.36 6818.36 6818.36 6818.36 6818.36 6818.36 6818.36 6818.36 6818.36 6818.36 6818.36 6818.36 6818.36 6818.36 6818.36 6818.36 6818.36 6818.36 6818.36 6818.36 6818.36 6818.36 6818.36 6818.36 6818.36 6818.36 6818.36 6818.36 6818.36 6818.36 6818.36 6818.36 6818.36 6818.36 6818.36 0 0 0 0 0 0 0 0 0 0 0 0 0 0 0 0 0 0 0 0 0 0 0 0 0
#obs cpue bio
 33679.1 25004.6 10058 16873 29058.2 54628.6 79892.7 126457 147874 160421 111348 208271 216669 240653 164602 142251 244312 148150 224328 452433 244890 239364 272269 255761 240677 231095 188873 328646
#pred surv len freq
 4.74401e-12 5.14917e-10 3.29546e-08 1.24361e-06 2.76722e-05 0.000363095 0.00281021 0.0128478 0.0349531 0.0586512 0.0702926 0.083067 0.105484 0.114757 0.106625 0.0948778 0.0793853 0.0615698 0.0463241 0.0349061 0.0272765 0.0227668 0.0194969 0.0148845 0.00863235
 6.75273e-12 7.32944e-10 4.69083e-08 1.77018e-06 3.93892e-05 0.000516837 0.00400007 0.018287 0.0497415 0.0833902 0.0995696 0.116542 0.145318 0.151056 0.126192 0.0939038 0.0594484 0.0291707 0.0118354 0.00482917 0.00236285 0.00147378 0.00108649 0.000783911 0.000451682
 4.32908e-12 4.69881e-10 3.00723e-08 1.13484e-06 2.52523e-05 0.000331365 0.00256548 0.0117488 0.0322357 0.0562745 0.0773202 0.113184 0.159985 0.172688 0.146554 0.109961 0.0690193 0.0323443 0.0113698 0.00323488 0.000799098 0.000206387 8.07552e-05 4.58135e-05 2.46963e-05
 1.29928e-11 1.41024e-09 9.02551e-08 3.40595e-06 7.57866e-05 0.000994354 0.00769335 0.0351134 0.0947155 0.152419 0.153144 0.115128 0.093192 0.0895147 0.0874164 0.0777499 0.0535498 0.0262579 0.00953513 0.00274001 0.000624379 0.000111543 1.74237e-05 3.55269e-06 1.2231e-06
 1.92215e-11 2.08631e-09 1.33524e-07 5.03877e-06 0.000112119 0.00147103 0.0113808 0.0519292 0.139879 0.22351 0.216996 0.142242 0.0844068 0.0558675 0.034245 0.0185614 0.0101291 0.00544823 0.00256084 0.000943531 0.00025477 5.01837e-05 7.43301e-06 8.73109e-07 1.00365e-07
 1.74814e-11 1.89744e-09 1.21436e-07 4.58262e-06 0.000101969 0.00133787 0.010351 0.0472392 0.12737 0.20452 0.203295 0.146087 0.104438 0.0775485 0.0457027 0.0202796 0.00780775 0.00275539 0.000843261 0.000235673 6.37557e-05 1.51143e-05 2.75283e-06 3.62296e-07 3.45614e-08
 1.90569e-11 2.06844e-09 1.3238e-07 4.99561e-06 0.000111158 0.00145843 0.0112834 0.0514865 0.138711 0.221837 0.216291 0.144263 0.0889988 0.0603348 0.0361008 0.0176935 0.0077035 0.00279717 0.000748957 0.000148178 2.41541e-05 3.63012e-06 5.29513e-07 7.11394e-08 7.68683e-09
 1.83213e-11 1.9886e-09 1.2727e-07 4.80277e-06 0.000106868 0.00140214 0.0108481 0.0495038 0.133421 0.213803 0.210467 0.145787 0.097232 0.069051 0.0402989 0.0179624 0.00693011 0.00237202 0.000647213 0.00013648 2.28389e-05 2.982e-06 2.982e-07 2.4367e-08 1.82488e-09
 1.78129e-11 1.93342e-09 1.23738e-07 4.6695e-06 0.000103902 0.00136324 0.0105472 0.0481327 0.129755 0.20816 0.206014 0.145664 0.101149 0.0739727 0.0438729 0.0199543 0.00784277 0.00264716 0.000672676 0.000123649 1.7593e-05 2.05561e-06 1.94231e-07 1.43631e-08 8.22507e-10
 1.68047e-11 1.82399e-09 1.16735e-07 4.40522e-06 9.80217e-05 0.00128609 0.00995045 0.0454139 0.122484 0.19697 0.197181 0.145413 0.108887 0.0836417 0.0507981 0.0237726 0.00968579 0.00335661 0.00086774 0.000161929 2.31006e-05 2.59844e-06 2.23346e-07 1.44396e-08 7.21022e-10
 1.70648e-11 1.85222e-09 1.18542e-07 4.47339e-06 9.95386e-05 0.00130599 0.0101044 0.0461151 0.124359 0.199848 0.199419 0.145366 0.106725 0.0810526 0.049096 0.0229774 0.00934608 0.00320904 0.000809089 0.000143414 1.89617e-05 1.97868e-06 1.60118e-07 9.70962e-09 4.41626e-10
 1.85029e-11 2.00831e-09 1.28531e-07 4.85037e-06 0.000107927 0.00141604 0.0109555 0.0499932 0.134726 0.215781 0.21188 0.145344 0.0951086 0.0668764 0.0393786 0.018066 0.00719339 0.00243539 0.000609555 0.000107277 1.40044e-05 1.4279e-06 1.11116e-07 6.3427e-09 2.66496e-10
 1.96766e-11 2.1357e-09 1.36685e-07 5.15806e-06 0.000114773 0.00150586 0.0116502 0.0531586 0.143191 0.228809 0.222167 0.145647 0.0861121 0.0556165 0.031286 0.0135845 0.00503934 0.00162827 0.00040231 7.14003e-05 9.51543e-06 9.9207e-07 7.84408e-08 4.51484e-09 1.89232e-10
 1.95226e-11 2.11899e-09 1.35615e-07 5.11768e-06 0.000113875 0.00149407 0.0115591 0.0527437 0.142087 0.227149 0.221051 0.14625 0.088269 0.0577287 0.032044 0.0132398 0.00452078 0.00136077 0.000321791 5.47916e-05 6.93329e-06 6.90085e-07 5.34025e-08 3.08342e-09 1.315e-10
 1.92902e-11 2.09377e-09 1.34001e-07 5.05677e-06 0.000112519 0.00147629 0.0114216 0.0521172 0.140413 0.224583 0.21908 0.14637 0.0903246 0.06014 0.0335696 0.0138732 0.00472153 0.00140765 0.000325127 5.25378e-05 6.05977e-06 5.38213e-07 3.77084e-08 2.01032e-09 8.00259e-11
 1.99297e-11 2.16318e-09 1.38443e-07 5.22442e-06 0.00011625 0.00152523 0.0118001 0.0538418 0.145024 0.23167 0.224628 0.146379 0.0851868 0.0538545 0.029241 0.0116636 0.00374117 0.00105164 0.000232185 3.54093e-05 3.68168e-06 2.80263e-07 1.66261e-08 7.5637e-10 2.53992e-11
 2.01312e-11 2.18505e-09 1.39843e-07 5.27724e-06 0.000117425 0.00154065 0.0119194 0.0543851 0.146476 0.233904 0.226379 0.14639 0.0835799 0.0518806 0.0278704 0.0109532 0.00342265 0.000937638 0.000204129 3.08951e-05 3.18343e-06 2.38381e-07 1.37443e-08 5.95978e-10 1.84412e-11
 2.04984e-11 2.22491e-09 1.42394e-07 5.37349e-06 0.000119567 0.00156875 0.0121367 0.0553752 0.149122 0.237956 0.229489 0.146186 0.0803123 0.048065 0.0254833 0.00998745 0.00312051 0.00085533 0.000186383 2.82639e-05 2.92405e-06 2.20375e-07 1.27923e-08 5.57112e-10 1.72449e-11
 2.11043e-11 2.29067e-09 1.46602e-07 5.53232e-06 0.000123101 0.00161511 0.0124953 0.0570089 0.153488 0.244655 0.23467 0.145986 0.0751275 0.0419023 0.0214771 0.0081934 0.00245209 0.000642718 0.000136509 2.04174e-05 2.08205e-06 1.53797e-07 8.745e-09 3.75476e-10 1.15299e-11
 2.16114e-11 2.34571e-09 1.50125e-07 5.66525e-06 0.000126059 0.00165392 0.0127954 0.0583763 0.157142 0.250254 0.238973 0.145727 0.0706496 0.0366548 0.0181683 0.00682521 0.00200613 0.000516561 0.00010898 1.6396e-05 1.7049e-06 1.30141e-07 7.6643e-09 3.37675e-10 1.05546e-11
 2.20514e-11 2.39346e-09 1.53181e-07 5.78059e-06 0.000128625 0.00168759 0.0130558 0.0595626 0.160312 0.255115 0.242722 0.145546 0.0668316 0.0321456 0.0152766 0.00557397 0.00156437 0.000381885 7.80451e-05 1.15959e-05 1.19957e-06 9.13421e-08 5.38934e-09 2.39811e-10 7.65423e-12
 2.19678e-11 2.38439e-09 1.52601e-07 5.75867e-06 0.000128137 0.00168119 0.0130063 0.0593372 0.15971 0.2542 0.242051 0.145697 0.0677337 0.0331163 0.0157689 0.00564099 0.00150369 0.000342177 6.64759e-05 9.56224e-06 9.52626e-07 6.87014e-08 3.82889e-09 1.63763e-10 5.1161e-12
 2.21497e-11 2.40414e-09 1.53865e-07 5.80637e-06 0.000129199 0.00169512 0.013114 0.0598279 0.161022 0.25621 0.243598 0.14561 0.0661351 0.0312389 0.0145797 0.00514269 0.00133666 0.000292909 5.49603e-05 7.62076e-06 7.11571e-07 4.56815e-08 2.18623e-09 8.14881e-11 2.28596e-12
 2.27943e-11 2.47411e-09 1.58343e-07 5.97535e-06 0.000132959 0.00174444 0.0134956 0.0615659 0.165665 0.263319 0.249028 0.145174 0.0602812 0.0244649 0.0104276 0.00356142 0.000902512 0.000191464 3.50275e-05 4.78603e-06 4.40284e-07 2.75366e-08 1.26295e-09 4.45522e-11 1.16621e-12
 2.30829e-11 2.50542e-09 1.60347e-07 6.05099e-06 0.000134642 0.00176652 0.0136663 0.0623439 0.167744 0.266504 0.251476 0.145025 0.057731 0.0214778 0.00854591 0.00278535 0.000650725 0.000120493 1.95322e-05 2.50753e-06 2.2281e-07 1.33895e-08 5.80017e-10 1.92587e-11 4.80272e-13
 2.32795e-11 2.52676e-09 1.61713e-07 6.10253e-06 0.000135788 0.00178157 0.0137827 0.062874 0.16916 0.268674 0.253139 0.14491 0.0559727 0.019429 0.00727052 0.00227661 0.000496052 7.96459e-05 1.09018e-05 1.24979e-06 1.02398e-07 5.46793e-09 1.92e-10 4.78388e-12 9.13209e-14
 2.34858e-11 2.54915e-09 1.63146e-07 6.1566e-06 0.000136992 0.00179736 0.0139048 0.0634302 0.170646 0.270947 0.254868 0.144747 0.0540633 0.0172381 0.00595365 0.00180559 0.000386639 6.03746e-05 7.95672e-06 8.86872e-07 7.13821e-08 3.72621e-09 1.24903e-10 2.85323e-12 4.83409e-14
 2.35236e-11 2.55326e-09 1.63408e-07 6.16651e-06 0.000137212 0.00180025 0.0139272 0.0635321 0.170918 0.271364 0.255187 0.144722 0.0537215 0.0168417 0.00570947 0.00171114 0.000359777 5.38283e-05 6.65079e-06 7.06223e-07 5.5658e-08 2.88178e-09 9.60278e-11 2.17419e-12 3.63462e-14
#obs surv len freq
 4.46156e-11 4.13482e-09 2.25951e-07 7.28045e-06 0.000138322 0.00154964 0.0102389 0.0399372 0.0924333 0.130363 0.12645 0.117181 0.124512 0.119373 0.0953641 0.0678603 0.0417231 0.0208878 0.00842752 0.00271796 0.000684644 0.000130925 1.83386e-05 1.80506e-06 1.20089e-07
 2.7492e-11 2.45739e-09 1.29518e-07 4.02506e-06 7.3759e-05 0.000797089 0.00508299 0.0191909 0.0436501 0.0649989 0.083229 0.120696 0.162239 0.166602 0.138209 0.0985497 0.0571529 0.0260392 0.00966147 0.00296069 0.000715962 0.000128968 1.65889e-05 1.47707e-06 8.86248e-08
 1.464e-11 1.25997e-09 6.39391e-08 1.91322e-06 3.37576e-05 0.000351307 0.00215894 0.00788552 0.0176924 0.0281685 0.044996 0.0812399 0.129491 0.171144 0.189839 0.162143 0.0993437 0.0445031 0.0155157 0.00434928 0.000961787 0.000160459 1.9227e-05 1.58521e-06 8.7091e-08
 2.67054e-10 2.20935e-08 1.07774e-06 3.09993e-05 0.000525747 0.00525761 0.031002 0.107794 0.221035 0.267509 0.191946 0.0840037 0.0272993 0.0145186 0.0151831 0.0145999 0.0105241 0.00566665 0.00227056 0.000666666 0.000142231 2.19055e-05 2.39306e-06 1.80266e-07 9.08308e-09
 1.8877e-10 1.49892e-08 7.01795e-07 1.93745e-05 0.000315389 0.00302756 0.0171459 0.0574181 0.115075 0.14639 0.146834 0.159075 0.16395 0.117468 0.0524032 0.0151231 0.00371762 0.00127964 0.000531912 0.000177165 4.13328e-05 6.53709e-06 6.92134e-07 4.86199e-08 2.24235e-09
 4.40137e-10 3.34955e-08 1.50305e-06 3.97692e-05 0.000620453 0.00570779 0.0309646 0.0991113 0.187676 0.213222 0.155758 0.0945073 0.0693105 0.057721 0.0439552 0.0266655 0.0111885 0.00298061 0.000501362 5.98509e-05 6.82619e-06 8.44159e-07 8.66316e-08 6.04731e-09 2.70513e-10
 5.40549e-10 3.93731e-08 1.69103e-06 4.28243e-05 0.000639473 0.00563079 0.029245 0.0897227 0.163841 0.184991 0.15129 0.125329 0.109862 0.076253 0.0387825 0.0161773 0.00593685 0.00178355 0.000400272 6.32286e-05 6.76735e-06 4.92824e-07 2.63668e-08 1.15381e-09 4.10573e-11
 7.76878e-10 5.40915e-08 2.22071e-06 5.37579e-05 0.000767337 0.00645875 0.0320672 0.0940639 0.164381 0.178394 0.142462 0.118087 0.105284 0.0783026 0.046488 0.0225299 0.00820999 0.00205245 0.000348992 4.32037e-05 4.19283e-06 3.1507e-07 1.69287e-08 6.11198e-10 1.4609e-11
 1.05337e-09 7.00242e-08 2.74475e-06 6.34375e-05 0.000864539 0.00694795 0.0329427 0.092367 0.155027 0.165194 0.138765 0.127098 0.116325 0.0839627 0.0477961 0.0223202 0.00795207 0.00198506 0.000341717 4.1667e-05 3.67321e-06 2.33604e-07 1.06253e-08 3.42401e-10 7.64852e-12
 1.29869e-09 8.23339e-08 3.07778e-06 6.78401e-05 0.000881734 0.00675857 0.0305756 0.0819662 0.132879 0.142976 0.135295 0.142932 0.135984 0.0979071 0.055549 0.0253916 0.00854904 0.00195033 0.00029853 3.20317e-05 2.52875e-06 1.4788e-07 6.20293e-09 1.79838e-10 3.51443e-12
 2.32895e-09 1.40663e-07 5.00943e-06 0.000105192 0.00130251 0.0095109 0.0409793 0.1045 0.160153 0.1586 0.129987 0.119749 0.10925 0.0817863 0.050062 0.0239258 0.00801924 0.00177485 0.00026099 2.65952e-05 1.94833e-06 1.02937e-07 3.84326e-09 9.92816e-11 1.74398e-12
 3.62567e-09 2.08416e-07 7.06418e-06 0.000141183 0.00166381 0.0115634 0.0474285 0.115227 0.168912 0.162664 0.134427 0.123809 0.10567 0.0698437 0.0368485 0.0156566 0.00490504 0.00105774 0.000156683 1.63861e-05 1.22253e-06 6.39202e-08 2.28514e-09 5.49441e-11 8.79113e-13
 5.6772e-09 3.10316e-07 1.00014e-05 0.000190068 0.00212989 0.0140759 0.0549041 0.126904 0.177334 0.164074 0.132389 0.118985 0.0978638 0.0623199 0.0316248 0.0127109 0.00367303 0.000710023 9.16457e-05 8.26153e-06 5.44666e-07 2.63893e-08 9.08586e-10 2.13532e-11 3.32241e-13
 7.03859e-09 3.65523e-07 1.11926e-05 0.000202089 0.00215165 0.0135127 0.0501291 0.110674 0.150781 0.146996 0.141418 0.1439 0.118144 0.0714142 0.0338795 0.012686 0.00341221 0.000610527 7.18725e-05 5.76432e-06 3.29077e-07 1.36015e-08 4.01063e-10 8.23045e-12 1.14954e-13
 1.14866e-08 5.66299e-07 1.64623e-05 0.00028218 0.0028522 0.0170047 0.0598825 0.125441 0.16178 0.148055 0.132672 0.128598 0.10526 0.0669537 0.0340602 0.0130866 0.00341736 0.000572144 6.13175e-05 4.36089e-06 2.16233e-07 7.69987e-09 1.95574e-10 3.45347e-12 4.14097e-14
 1.75519e-08 8.20933e-07 2.26402e-05 0.000368167 0.00353048 0.0199705 0.0667497 0.132951 0.164359 0.148126 0.134473 0.128241 0.0997884 0.05956 0.0284198 0.0103481 0.00260753 0.000432639 4.7576e-05 3.57378e-06 1.86665e-07 6.71033e-09 1.62286e-10 2.60004e-12 2.74635e-14
 2.3417e-08 1.03844e-06 2.71532e-05 0.000418656 0.00380661 0.0204217 0.0648139 0.123299 0.149407 0.142589 0.144761 0.142522 0.107438 0.0610536 0.0275164 0.00937216 0.00218553 0.000331368 3.28752e-05 2.222e-06 1.0648e-07 3.64381e-09 8.68224e-11 1.39354e-12 1.46779e-14
 3.87871e-08 1.62998e-06 4.03893e-05 0.000590131 0.00508477 0.0258496 0.0777285 0.139963 0.159825 0.141964 0.133845 0.126195 0.0951987 0.0562691 0.0262488 0.00888558 0.00199405 0.000286719 2.67929e-05 1.69225e-06 7.48141e-08 2.32968e-09 5.01658e-11 7.30693e-13 7.08285e-15
 5.90496e-08 2.35059e-06 5.51729e-05 0.000763617 0.00623273 0.0300194 0.0855783 0.14656 0.161307 0.142897 0.135867 0.124036 0.0881542 0.0486599 0.0212838 0.00685188 0.00149404 0.000215028 2.08003e-05 1.38749e-06 6.40666e-08 2.00949e-09 4.18906e-11 5.73069e-13 5.11467e-15
 8.9066e-08 3.35734e-06 7.46223e-05 0.000978015 0.00755944 0.034484 0.0931741 0.15174 0.160956 0.141811 0.135123 0.120363 0.0830011 0.0446688 0.0188979 0.00579554 0.00119306 0.000161981 1.48844e-05 9.57108e-07 4.3429e-08 1.3625e-09 2.8716e-11 3.97259e-13 3.54687e-15
 1.23576e-07 4.41e-06 9.27976e-05 0.00115145 0.00842673 0.0364115 0.0933772 0.145684 0.153492 0.144203 0.145376 0.126825 0.0823435 0.0410958 0.0160327 0.00452158 0.000849666 0.000103758 8.42204e-06 4.73996e-07 1.90111e-08 5.39875e-10 1.05615e-11 1.38409e-13 1.18851e-15
 1.67815e-07 5.66889e-06 0.000112916 0.00132628 0.00918889 0.0376066 0.0915528 0.136992 0.143618 0.142244 0.14914 0.131116 0.0873151 0.0455504 0.0181544 0.00504265 0.000916475 0.000108105 8.5012e-06 4.60428e-07 1.73755e-08 4.50975e-10 7.89041e-12 9.17377e-14 7.0188e-16
 2.86192e-07 9.15066e-06 0.000172521 0.00191799 0.0125772 0.0487101 0.112115 0.15792 0.153363 0.137487 0.132698 0.111716 0.073435 0.0381418 0.0149198 0.00401805 0.000710282 8.27484e-05 6.53859e-06 3.57928e-07 1.35104e-08 3.44171e-10 5.79766e-12 6.37361e-14 4.53069e-16
 3.68307e-07 1.11465e-05 0.000198913 0.00209328 0.0129966 0.0477137 0.104681 0.143981 0.147494 0.151238 0.153695 0.12123 0.0698949 0.0311149 0.0106333 0.00256648 0.000410423 4.31383e-05 3.06904e-06 1.52869e-07 5.37492e-09 1.3073e-10 2.13646e-12 2.28992e-14 1.5811e-16
 5.90679e-07 1.69212e-05 0.000285832 0.00284725 0.0167329 0.0581393 0.120638 0.156427 0.149554 0.142308 0.137595 0.107764 0.0645078 0.0300819 0.0103303 0.00238434 0.000351581 3.30364e-05 2.03854e-06 8.62125e-08 2.57115e-09 5.39403e-11 7.77835e-13 7.518e-15 4.771e-17
 8.3168e-07 2.25544e-05 0.000360667 0.00340125 0.018927 0.0623256 0.123062 0.154392 0.149488 0.148108 0.141572 0.104769 0.0582176 0.0251726 0.00810924 0.00178768 0.000257595 2.43043e-05 1.53843e-06 6.65189e-08 1.95663e-09 3.84427e-11 4.96516e-13 4.18503e-15 2.29569e-17
 1.04118e-06 2.6733e-05 0.000404743 0.00361414 0.0190514 0.0595435 0.112571 0.139963 0.145426 0.158136 0.153782 0.111552 0.0606982 0.0255292 0.00784507 0.00162024 0.000216052 1.87222e-05 1.08883e-06 4.38167e-08 1.22673e-09 2.34319e-11 2.97373e-13 2.45397e-15 1.29644e-17
 1.63789e-06 3.98207e-05 0.000570876 0.00482689 0.0240925 0.0712896 0.12751 0.149506 0.14546 0.148678 0.139219 0.100536 0.0558265 0.0237123 0.00712858 0.00140782 0.000177848 1.4559e-05 7.974e-07 3.0007e-08 7.78252e-10 1.36823e-11 1.59811e-13 1.22143e-15 6.03771e-18
#pred catch len freq
 6.50859e-12 7.06445e-10 4.52124e-08 1.70618e-06 3.7965e-05 0.000498145 0.00385522 0.0176203 0.0478677 0.0797632 0.0930295 0.103875 0.125006 0.127415 0.104994 0.0809109 0.0606579 0.0432407 0.0305989 0.0222971 0.0171719 0.0142595 0.0121946 0.00930697 0.00539733
 7.75756e-12 8.42009e-10 5.38885e-08 2.03359e-06 4.52504e-05 0.000593739 0.00459509 0.0210033 0.0570771 0.0952616 0.111786 0.126223 0.152187 0.15186 0.117167 0.0787722 0.046402 0.0216602 0.00830089 0.00318748 0.00150132 0.000923683 0.000678796 0.000489487 0.000282014
 5.07529e-12 5.50874e-10 3.52559e-08 1.33045e-06 2.9605e-05 0.000388476 0.00300745 0.0137683 0.0377144 0.0653421 0.0875864 0.123655 0.170045 0.176414 0.138025 0.0935131 0.0547379 0.0245434 0.00824179 0.00223023 0.000528633 0.000132526 5.10053e-05 2.88222e-05 1.55298e-05
 1.33584e-11 1.44993e-09 9.27951e-08 3.5018e-06 7.79194e-05 0.00102234 0.00790987 0.0361019 0.0973859 0.156747 0.157628 0.118756 0.0958396 0.0898563 0.083943 0.0718581 0.0484031 0.0232875 0.00824831 0.00230754 0.000515435 9.0895e-05 1.40553e-05 2.84267e-06 9.7577e-07
 1.92393e-11 2.08824e-09 1.33647e-07 5.04343e-06 0.000112222 0.00147239 0.0113914 0.0519776 0.140014 0.223761 0.217409 0.142961 0.0853921 0.0565606 0.0341007 0.0177368 0.00917886 0.00473091 0.00215913 0.000781417 0.000208796 4.0822e-05 6.00974e-06 7.02631e-07 8.04844e-08
 1.74787e-11 1.89714e-09 1.21417e-07 4.58189e-06 0.000101953 0.00133766 0.0103494 0.0472321 0.127354 0.204527 0.20345 0.14658 0.105214 0.0780849 0.0455355 0.0196189 0.00720079 0.00243311 0.000718195 0.000193218 5.07386e-05 1.18551e-05 2.14646e-06 2.81714e-07 2.68304e-08
 1.90963e-11 2.07272e-09 1.32654e-07 5.00594e-06 0.000111388 0.00146145 0.0113068 0.0515932 0.139 0.222315 0.216828 0.144799 0.0894968 0.0604818 0.0355924 0.0167906 0.0069748 0.00245373 0.000643289 0.000124121 1.95963e-05 2.8623e-06 4.10188e-07 5.46548e-08 5.88722e-09
 1.85378e-11 2.0121e-09 1.28774e-07 4.85953e-06 0.00010813 0.00141871 0.0109762 0.0500881 0.134988 0.216244 0.212546 0.146341 0.0963321 0.0674803 0.0386 0.0164387 0.00590832 0.00190591 0.000499939 0.000101633 1.64223e-05 2.09116e-06 2.05807e-07 1.66153e-08 1.23305e-09
 1.79965e-11 1.95334e-09 1.25014e-07 4.71763e-06 0.000104973 0.00137729 0.0106558 0.0486283 0.131085 0.210241 0.207829 0.146278 0.100604 0.0727741 0.0423452 0.0184363 0.00679876 0.00218597 0.000539835 9.65511e-05 1.32731e-05 1.50173e-06 1.3891e-07 1.01448e-08 5.76531e-10
 1.73059e-11 1.87839e-09 1.20217e-07 4.5366e-06 0.000100945 0.00132444 0.0102471 0.0467661 0.126107 0.2026 0.20189 0.146413 0.10637 0.0797007 0.046946 0.020609 0.00767926 0.00249229 0.000620511 0.000111849 1.53168e-05 1.66166e-06 1.39513e-07 8.88735e-09 4.39062e-10
 1.7623e-11 1.9128e-09 1.22419e-07 4.61972e-06 0.000102794 0.00134871 0.0104348 0.0476211 0.128393 0.20611 0.204624 0.146369 0.103752 0.0765478 0.0448431 0.0196006 0.00724989 0.00232384 0.000564595 9.69117e-05 1.22995e-05 1.23187e-06 9.68818e-08 5.77481e-09 2.59659e-10
 1.88079e-11 2.04142e-09 1.30651e-07 4.93035e-06 0.000109706 0.00143938 0.0111361 0.0508163 0.136932 0.21921 0.214759 0.145987 0.0936276 0.0645075 0.0370094 0.0160832 0.00592995 0.00189682 0.000460235 7.88226e-05 9.93791e-06 9.78482e-07 7.43166e-08 4.18032e-09 1.73848e-10
 1.99136e-11 2.16143e-09 1.38331e-07 5.22018e-06 0.000116155 0.00152399 0.0117905 0.0537979 0.144904 0.231464 0.224362 0.146031 0.0847874 0.0536639 0.0295019 0.0122126 0.00420086 0.00127478 0.000303879 5.23511e-05 6.73209e-06 6.78304e-07 5.2411e-08 2.97515e-09 1.23494e-10
 1.9791e-11 2.14812e-09 1.37479e-07 5.18804e-06 0.00011544 0.00151461 0.011718 0.0534676 0.144024 0.230144 0.223479 0.146526 0.086527 0.055359 0.030096 0.0119145 0.00376962 0.00105526 0.000239209 3.94979e-05 4.82068e-06 4.62165e-07 3.48096e-08 1.97738e-09 8.34322e-11
 1.98052e-11 2.14967e-09 1.37578e-07 5.19178e-06 0.000115523 0.0015157 0.0117264 0.0535062 0.144128 0.230311 0.223644 0.14664 0.0865849 0.0553331 0.0299508 0.0117052 0.00360595 0.000976876 0.000213927 3.34523e-05 3.71557e-06 3.15305e-07 2.12604e-08 1.10658e-09 4.34014e-11
 2.03375e-11 2.20744e-09 1.41276e-07 5.33131e-06 0.000118628 0.00155643 0.0120414 0.0549414 0.147965 0.236199 0.228216 0.146522 0.0821183 0.049978 0.0264075 0.0100482 0.00294637 0.000753437 0.000157599 2.33651e-05 2.36091e-06 1.72679e-07 9.82257e-09 4.33696e-10 1.43038e-11
 2.0413e-11 2.21564e-09 1.41801e-07 5.35111e-06 0.000119069 0.00156222 0.0120862 0.0551451 0.148509 0.237036 0.228868 0.146514 0.0814985 0.0492268 0.0258992 0.00979865 0.00284117 0.000717115 0.000148793 2.19603e-05 2.20666e-06 1.59544e-07 8.86412e-09 3.74389e-10 1.14078e-11
 2.08243e-11 2.26028e-09 1.44657e-07 5.45892e-06 0.000121467 0.00159369 0.0123296 0.056254 0.151472 0.241575 0.232349 0.146281 0.0778314 0.0449484 0.0232279 0.00872398 0.00250864 0.000627512 0.000129561 1.91034e-05 1.92269e-06 1.39511e-07 7.7836e-09 3.29671e-10 1.00413e-11
 2.12834e-11 2.31011e-09 1.47846e-07 5.57926e-06 0.000124145 0.00162882 0.0126013 0.0574919 0.15478 0.246644 0.236247 0.146055 0.07379 0.0402063 0.0202293 0.00747415 0.00209481 0.000508142 0.000102855 1.5004e-05 1.49412e-06 1.0678e-07 5.85902e-09 2.45166e-10 7.41571e-12
 2.17156e-11 2.35702e-09 1.50849e-07 5.69256e-06 0.000126666 0.00166189 0.0128571 0.0586572 0.157893 0.251413 0.239898 0.145788 0.0699037 0.035689 0.0174323 0.00637589 0.00177196 0.000426239 8.60873e-05 1.26483e-05 1.28492e-06 9.50564e-08 5.42335e-09 2.33787e-10 7.21484e-12
 2.21434e-11 2.40345e-09 1.53821e-07 5.80471e-06 0.000129162 0.00169463 0.0131103 0.0598107 0.160975 0.256137 0.24353 0.145577 0.0661359 0.0312687 0.0146383 0.00521259 0.0013876 0.000315659 6.14315e-05 8.88886e-06 8.97447e-07 6.61871e-08 3.78035e-09 1.64463e-10 5.17984e-12
 2.21376e-11 2.40283e-09 1.53781e-07 5.8032e-06 0.000129128 0.00169419 0.0131069 0.0597953 0.160935 0.25608 0.243514 0.145669 0.066322 0.0314154 0.0146317 0.00509693 0.00128169 0.000267125 4.84835e-05 6.73048e-06 6.52513e-07 4.54374e-08 2.43565e-09 1.01163e-10 3.10557e-12
 2.22857e-11 2.4189e-09 1.54809e-07 5.84202e-06 0.000129992 0.00170552 0.0131945 0.0601946 0.162002 0.257714 0.244767 0.145584 0.0649998 0.0298739 0.0136708 0.00471201 0.00116328 0.000235024 4.13062e-05 5.54391e-06 5.07107e-07 3.17049e-08 1.46323e-09 5.26973e-11 1.44517e-12
 2.28954e-11 2.48507e-09 1.59044e-07 6.00184e-06 0.000133548 0.00175218 0.0135554 0.0618383 0.166393 0.264436 0.249894 0.145145 0.0594241 0.0234419 0.00975681 0.00325468 0.00078488 0.000153474 2.62025e-05 3.45762e-06 3.11649e-07 1.90128e-08 8.41947e-10 2.86821e-11 7.33361e-13
 2.32084e-11 2.51905e-09 1.61219e-07 6.0839e-06 0.000135374 0.00177613 0.0137406 0.0626824 0.168648 0.26789 0.252539 0.144954 0.0566117 0.0201717 0.00773016 0.00245687 0.000548958 9.31034e-05 1.37031e-05 1.66263e-06 1.43598e-07 8.40141e-09 3.5053e-10 1.11724e-11 2.70466e-13
 2.33705e-11 2.53664e-09 1.62345e-07 6.12638e-06 0.000136319 0.00178853 0.0138365 0.0631193 0.169815 0.269677 0.253905 0.144848 0.0551461 0.0184727 0.00668447 0.00205359 0.000434966 6.54593e-05 8.15392e-06 8.7251e-07 6.92846e-08 3.63699e-09 1.25021e-10 3.01079e-12 5.52159e-14
 2.35564e-11 2.55682e-09 1.63636e-07 6.17511e-06 0.000137403 0.00180276 0.0139466 0.0636206 0.171154 0.271726 0.255463 0.144698 0.0534197 0.0164945 0.00549949 0.00163454 0.000340948 5.01305e-05 6.02176e-06 6.24691e-07 4.86599e-08 2.50102e-09 8.24653e-11 1.83203e-12 2.98703e-14
 2.36075e-11 2.56236e-09 1.63991e-07 6.1885e-06 0.000137701 0.00180667 0.0139768 0.0637583 0.171522 0.272289 0.255892 0.14466 0.0529513 0.0159548 0.00517202 0.00151368 0.000310298 4.37833e-05 4.89334e-06 4.7592e-07 3.59336e-08 1.82493e-09 5.97286e-11 1.31335e-12 2.10806e-14
#obs catch len freq
 4.88116e-11 4.52369e-09 2.47201e-07 7.96515e-06 0.000151331 0.00169536 0.0112011 0.0436775 0.100934 0.141226 0.132365 0.11311 0.113625 0.110176 0.0921972 0.067739 0.0411091 0.0197359 0.00771695 0.00251286 0.000663254 0.000134542 1.98284e-05 2.02293e-06 1.37721e-07
 6.15688e-11 5.50337e-09 2.90057e-07 9.01416e-06 0.00016518 0.00178484 0.0113746 0.0428005 0.0956478 0.130826 0.125225 0.11773 0.125592 0.118786 0.0938373 0.0660208 0.0398665 0.0195294 0.0076885 0.00240783 0.000585387 0.000107283 1.42922e-05 1.32864e-06 8.30074e-08
 3.88737e-11 3.3456e-09 1.69778e-07 5.08013e-06 8.96335e-05 0.000932661 0.00572721 0.0208335 0.04578 0.0666357 0.0856057 0.12458 0.164401 0.165427 0.135346 0.0949068 0.0537907 0.0239488 0.00868456 0.00258585 0.000602314 0.000103695 1.26637e-05 1.06423e-06 5.99527e-08
 2.12865e-11 1.76103e-09 8.59052e-08 2.47095e-06 4.19102e-05 0.000419277 0.00247743 0.00870876 0.0188934 0.0295893 0.0475359 0.0853082 0.133733 0.174248 0.189468 0.157153 0.0933046 0.0406305 0.0137932 0.00375125 0.000799098 0.000127393 1.44787e-05 1.12538e-06 5.8007e-08
 3.84677e-10 3.05451e-08 1.43012e-06 3.94813e-05 0.000642683 0.00616865 0.0349118 0.116509 0.229307 0.266398 0.183601 0.0775009 0.0250088 0.0140265 0.0147443 0.0138087 0.00966108 0.00504005 0.00194929 0.000550341 0.000112483 1.6517e-05 1.7104e-06 1.21427e-07 5.7379e-09
 2.81238e-10 2.14029e-08 9.60417e-07 2.54118e-05 0.000396467 0.00364766 0.0198 0.0635719 0.122329 0.150372 0.148279 0.158855 0.15877 0.109143 0.0467039 0.0130726 0.00323843 0.00114198 0.000465106 0.000148434 3.2946e-05 4.93684e-06 4.93428e-07 3.25998e-08 1.40887e-09
 6.53e-10 4.75639e-08 2.04282e-06 5.1733e-05 0.000772495 0.00680176 0.0353176 0.108205 0.19619 0.213774 0.150884 0.0903205 0.0661608 0.0544958 0.0406827 0.0238744 0.00958744 0.00243579 0.000392286 4.55849e-05 5.15096e-06 6.18547e-07 6.01174e-08 3.93736e-09 1.64652e-10
 8.16105e-10 5.68227e-08 2.33284e-06 5.64723e-05 0.000806082 0.00678486 0.0336863 0.0988115 0.172663 0.187282 0.149067 0.121729 0.103899 0.0696607 0.0344862 0.0141372 0.00507897 0.00147807 0.000318819 4.8128e-05 4.9075e-06 3.4088e-07 1.74587e-08 7.29381e-10 2.44938e-11
 1.18594e-09 7.88367e-08 3.09017e-06 7.14208e-05 0.000973332 0.00782201 0.0370802 0.10387 0.173493 0.180675 0.14025 0.114381 0.0993952 0.0718471 0.0416722 0.0196349 0.00688045 0.0016462 0.000268596 3.20704e-05 2.99956e-06 2.15408e-07 1.09688e-08 3.73607e-10 8.40575e-12
 1.63699e-09 1.03781e-07 3.8795e-06 8.55113e-05 0.00111139 0.00851821 0.0385193 0.103027 0.165118 0.168729 0.137491 0.122799 0.108691 0.0760332 0.0422496 0.0191834 0.0065763 0.00157191 0.000259179 3.02865e-05 2.554e-06 1.54865e-07 6.69302e-09 2.04105e-10 4.29423e-12
 2.05271e-09 1.23979e-07 4.41525e-06 9.27157e-05 0.00114803 0.00838356 0.0361355 0.0923266 0.142877 0.147651 0.13576 0.139168 0.1276 0.0890138 0.0492335 0.0217962 0.00703151 0.00153043 0.000223831 2.30166e-05 1.74107e-06 9.71284e-08 3.86476e-09 1.05805e-10 1.94552e-12
 3.67328e-09 2.11153e-07 7.15694e-06 0.000143037 0.00168564 0.0117149 0.0480429 0.116636 0.170365 0.161521 0.128113 0.114647 0.101234 0.0737267 0.0439199 0.0202089 0.00646194 0.00136141 0.000190952 1.86026e-05 1.30198e-06 6.5482e-08 2.31762e-09 5.65436e-11 9.3476e-13
 5.74889e-09 3.14234e-07 1.01277e-05 0.000192468 0.00215679 0.0142535 0.0555944 0.128471 0.179323 0.165117 0.131554 0.116842 0.0958794 0.0613508 0.03151 0.0129406 0.00388053 0.000798394 0.000112945 1.12827e-05 8.0179e-07 3.97632e-08 1.34349e-09 3.04419e-11 4.57784e-13
 9.04486e-09 4.69712e-07 1.4383e-05 0.00025969 0.00276482 0.01736 0.0643372 0.14132 0.187827 0.1658 0.128345 0.110656 0.087322 0.0537868 0.0265179 0.0102685 0.00283013 0.000520108 6.39522e-05 5.50949e-06 3.4709e-07 1.59988e-08 5.21088e-10 1.15308e-11 1.68343e-13
 1.14775e-08 5.65853e-07 1.64493e-05 0.000281958 0.00284997 0.016992 0.0598481 0.125477 0.162482 0.150905 0.138501 0.134229 0.105349 0.0614691 0.0282922 0.0101964 0.00261263 0.000443572 4.96103e-05 3.79082e-06 2.06346e-07 8.11031e-09 2.26449e-10 4.38255e-12 5.75162e-14
 1.86448e-08 8.7205e-07 2.40499e-05 0.00039109 0.00375024 0.021212 0.0708712 0.140884 0.172568 0.150338 0.128511 0.118853 0.093369 0.0575136 0.0282953 0.0103942 0.00257275 0.0004073 4.13434e-05 2.79395e-06 1.31897e-07 4.46473e-09 1.07372e-10 1.7878e-12 2.0145e-14
 2.86926e-08 1.27239e-06 3.32704e-05 0.000512967 0.00466386 0.0250133 0.0792705 0.149714 0.175506 0.14989 0.128734 0.11645 0.086739 0.0500666 0.0230979 0.00804619 0.00192441 0.000302574 3.15817e-05 2.25421e-06 1.11691e-07 3.79537e-09 8.64867e-11 1.30272e-12 1.29141e-14
 3.88297e-08 1.63177e-06 4.04337e-05 0.000590781 0.00509042 0.0258795 0.0778365 0.140316 0.161026 0.145147 0.138817 0.129388 0.0932846 0.051208 0.0222763 0.00724546 0.00160066 0.000229531 2.15851e-05 1.38687e-06 6.31904e-08 2.04912e-09 4.60517e-11 6.94403e-13 6.85066e-15
 6.36486e-08 2.53366e-06 5.94699e-05 0.000823083 0.00671788 0.0323505 0.0921468 0.157169 0.16991 0.142528 0.126659 0.113297 0.0820281 0.0468768 0.0210201 0.00676415 0.00143437 0.000194787 1.72323e-05 1.03301e-06 4.33448e-08 1.27733e-09 2.59325e-11 3.54994e-13 3.22536e-15
 9.68753e-08 3.65171e-06 8.11651e-05 0.00106376 0.00822185 0.0374987 0.101226 0.164119 0.170771 0.142356 0.127054 0.109797 0.0747868 0.0398842 0.0167761 0.00514024 0.00106117 0.000144607 1.32665e-05 8.39182e-07 3.6643e-08 1.08296e-09 2.12121e-11 2.72113e-13 2.27333e-15
 1.47637e-07 5.26866e-06 0.000110865 0.00137561 0.010066 0.0434703 0.111172 0.171198 0.170933 0.14008 0.123783 0.103927 0.0686336 0.0356362 0.0144606 0.00421243 0.000820216 0.00010542 9.1922e-06 5.61093e-07 2.40986e-08 7.12593e-10 1.41028e-11 1.82676e-13 1.52363e-15
 2.05331e-07 6.93616e-06 0.000138158 0.00162272 0.0112412 0.0459757 0.111574 0.16451 0.162873 0.142096 0.133174 0.109671 0.0681499 0.0327787 0.0122553 0.00327962 0.000581958 6.71334e-05 5.16215e-06 2.75772e-07 1.04854e-08 2.81168e-10 5.17186e-12 6.35045e-14 5.09483e-16
 2.82455e-07 9.03118e-06 0.000170268 0.00189296 0.0124134 0.0480812 0.11073 0.156373 0.153327 0.140043 0.136349 0.113478 0.0725322 0.0364151 0.0138475 0.00363889 0.000623928 6.95146e-05 5.17499e-06 2.65471e-07 9.46812e-09 2.31458e-10 3.80293e-12 4.14226e-14 2.96254e-16
 4.79605e-07 1.45148e-05 0.000259017 0.00272559 0.0169167 0.0620016 0.134954 0.179129 0.161721 0.13173 0.11651 0.092518 0.0583294 0.0290888 0.0108295 0.00275707 0.000460127 5.06926e-05 3.79339e-06 1.96436e-07 6.9915e-09 1.67363e-10 2.64219e-12 2.71651e-14 1.80249e-16
 6.2985e-07 1.80434e-05 0.000304786 0.00303603 0.0178416 0.0619785 0.128478 0.165855 0.156085 0.143993 0.134318 0.0998301 0.055036 0.0235198 0.00766332 0.0017499 0.000264069 2.62279e-05 1.76735e-06 8.33952e-08 2.76979e-09 6.33721e-11 9.70649e-13 9.72252e-15 6.25916e-17
 9.92435e-07 2.69138e-05 0.000430374 0.00405834 0.0225765 0.0742318 0.145552 0.177179 0.155662 0.133133 0.118141 0.0874174 0.0501189 0.0223635 0.00728359 0.0015842 0.000219769 1.94572e-05 1.13436e-06 4.54064e-08 1.28033e-09 2.53094e-11 3.42593e-13 3.09816e-15 1.83462e-17
 1.40964e-06 3.61934e-05 0.000547959 0.00489231 0.0257723 0.0803022 0.149691 0.17556 0.154447 0.136279 0.119418 0.083421 0.0443432 0.018341 0.00560808 0.00116677 0.00015849 1.41145e-05 8.44095e-07 3.44427e-08 9.53368e-10 1.75756e-11 2.12545e-13 1.6747e-15 8.57378e-18
 1.81067e-06 4.40211e-05 0.000631087 0.00533578 0.0266274 0.0787203 0.14023 0.161723 0.150367 0.145167 0.130108 0.0893054 0.0464637 0.0186482 0.00542615 0.00105596 0.000132599 1.08402e-05 5.9588e-07 2.26593e-08 5.97791e-10 1.072e-11 1.27314e-13 9.80737e-16 4.82709e-18
#spawning biomass
 65391 76240.7 48609.6 91372.6 276051 488280 760479 975514 1.38925e+06 1.21511e+06 1.0971e+06 1.61883e+06 1.85943e+06 2.12693e+06 1.89256e+06 1.94948e+06 2.3416e+06 1.80555e+06 2.39066e+06 3.288e+06 3.08531e+06 2.57697e+06 2.88054e+06 3.01226e+06 3.06792e+06 2.67898e+06 2.59729e+06 2.96197e+06 2.99912e+06 4187.69 4187.69 4187.69 4187.69 4187.69 4187.69 4187.69 4187.69 4187.69 4187.69 4187.69 4187.69 4187.69 4187.69 4187.69 4187.69 4187.69 4187.69 4187.69 4187.69 4187.69 4187.69 4187.69 4187.69 4187.69 4187.69 4187.69 4187.69 4187.69 4187.69 4187.69 4187.69 4187.69 4187.69 4187.69 4187.69 4187.69 4187.69 4187.69 4187.69 4187.69 4187.69 4187.69 4187.69 4187.69 4187.69 4187.69 4187.69 4187.69 4187.69 4187.69 4187.69 4187.69 4187.69 4187.69 4187.69 4187.69 4187.69 4187.69 4187.69 4187.69 4187.69 4187.69 4187.69 4187.69 4187.69 4187.69 4187.69 4187.69 4187.69 4187.69 4187.69 4187.69 4187.69 4187.69 4187.69 4187.69 4187.69 4187.69 4187.69 4187.69 4187.69 4187.69 4187.69 4187.69 4187.69 4187.69 4187.69 4187.69 4187.69 4187.69 4187.69 4187.69 4187.69 4187.69 4187.69 4187.69 4187.69 4187.69 0 0 0 0 0 0 0 0 0 0 0 0 0 0 0 0 0 0 0 0 0 0 0 0 0
