SBPRF35
0.046294
Curr Bio
403861
B35
160581
F35
11.2478
FOFL
11.2478
OFL
419423
Bzero
13182.1
#pred survey bio
 12715 7665.47 5007.41 5291.68 8887.34 14726.6 22570.9 30008 41318.4 59148.3 80213.4 109531 162061 191164 185383 159092 153823 165437 160939 168431 164819 161258 196957 239721 259833 240970 244375 241412 242900 6.03434e+06 1.84468e+06 491416 218654 125014 93049.2 82299.5 78737.5 77571.9 77194.4 77073.1 77034.4 77022.1 77018.2 77017 77016.6 77016.5 77016.5 77016.5 77016.5 77016.5 77016.5 77016.5 77016.5 77016.5 77016.5 77016.5 77016.5 77016.5 77016.5 77016.5 77016.5 77016.5 77016.5 77016.5 77016.5 77016.5 77016.5 77016.5 77016.5 77016.5 77016.5 77016.5 77016.5 77016.5 77016.5 77016.5 77016.5 77016.5 77016.5 77016.5 77016.5 77016.5 77016.5 77016.5 77016.5 77016.5 77016.5 77016.5 77016.5 77016.5 77016.5 77016.5 77016.5 77016.5 77016.5 77016.5 77016.5 77016.5 77016.5 77016.5 77016.5 77016.5 77016.5 77016.5 77016.5 77016.5 77016.5 77016.5 77016.5 77016.5 77016.5 77016.5 77016.5 77016.5 77016.5 77016.5 77016.5 77016.5 77016.5 77016.5 77016.5 77016.5 77016.5 77016.5 77016.5 77016.5 77016.5 77016.5 77016.5 0 0 0 0 0 0 0 0 0 0 0 0 0 0 0 0 0 0 0 0 0 0 0 0 0
#obs survey bio
 10603.6 4025.48 3072.49 7494.04 10386.4 16888.9 31092.8 30319.9 51741 35574.6 97052.8 90541.4 120645 160686 235584 170131 136825 143400 167919 198496 133852 166248 189896 269555 338267 290014 245869 323235 200639
#pred catch bio
 5224.25 4090.76 3123.93 2942.93 5088.59 7998.79 14786.2 21033.2 27054.6 43107.7 63360.8 80162.3 135727 171776 178117 144380 133647 156445 142629 157379 164579 146387 175001 228230 273863 247494 264495 251284 217858 419423 29448.3 4698.4 4698.22 4698.22 4698.22 4698.22 4698.22 4698.22 4698.22 4698.22 4698.22 4698.22 4698.22 4698.22 4698.22 4698.22 4698.22 4698.22 4698.22 4698.22 4698.22 4698.22 4698.22 4698.22 4698.22 4698.22 4698.22 4698.22 4698.22 4698.22 4698.22 4698.22 4698.22 4698.22 4698.22 4698.22 4698.22 4698.22 4698.22 4698.22 4698.22 4698.22 4698.22 4698.22 4698.22 4698.22 4698.22 4698.22 4698.22 4698.22 4698.22 4698.22 4698.22 4698.22 4698.22 4698.22 4698.22 4698.22 4698.22 4698.22 4698.22 4698.22 4698.22 4698.22 4698.22 4698.22 4698.22 4698.22 4698.22 4698.22 4698.22 4698.22 4698.22 4698.22 4698.22 4698.22 4698.22 4698.22 4698.22 4698.22 4698.22 4698.22 4698.22 4698.22 4698.22 4698.22 4698.22 4698.22 4698.22 4698.22 4698.22 4698.22 4698.22 4698.22 4698.22 4698.22 4698.22 4698.22 4698.22 0 0 0 0 0 0 0 0 0 0 0 0 0 0 0 0 0 0 0 0 0 0 0 0 0
#obs catch bio
 4944 4611.23 3883.32 2891.24 5196.34 7626.56 14476.2 21172.2 25488.5 43327.9 62092.3 78093.6 135737 177262 190147 137442 133730 156593 138116 148102 157834 141423 163820 207737 259426 235469 258580 228397 210925
#pred cpue bio
 13083.2 8076.37 5094.2 4925.65 8301.82 13804.3 21749.5 28503.8 38873.9 56341.9 75102.9 102043 151138 183566 179730 154308 147385 157757 154039 161196 157680 150531 183339 225195 244373 227087 227092 223757 228569 5.80151e+06 2.22146e+06 493246 211410 117429 85451.5 74701.4 71139.3 69973.8 69596.2 69475 69436.3 69424 69420.1 69418.9 69418.5 69418.4 69418.3 69418.3 69418.3 69418.3 69418.3 69418.3 69418.3 69418.3 69418.3 69418.3 69418.3 69418.3 69418.3 69418.3 69418.3 69418.3 69418.3 69418.3 69418.3 69418.3 69418.3 69418.3 69418.3 69418.3 69418.3 69418.3 69418.3 69418.3 69418.3 69418.3 69418.3 69418.3 69418.3 69418.3 69418.3 69418.3 69418.3 69418.3 69418.3 69418.3 69418.3 69418.3 69418.3 69418.3 69418.3 69418.3 69418.3 69418.3 69418.3 69418.3 69418.3 69418.3 69418.3 69418.3 69418.3 69418.3 69418.3 69418.3 69418.3 69418.3 69418.3 69418.3 69418.3 69418.3 69418.3 69418.3 69418.3 69418.3 69418.3 69418.3 69418.3 69418.3 69418.3 69418.3 69418.3 69418.3 69418.3 69418.3 69418.3 69418.3 69418.3 69418.3 69418.3 0 0 0 0 0 0 0 0 0 0 0 0 0 0 0 0 0 0 0 0 0 0 0 0 0
#obs cpue bio
 13412.4 6570.61 4277.71 5268.83 5716.44 17963.6 16284.2 26033.7 44316 72336.3 85287.1 112067 221848 158795 135072 185773 147517 192800 171403 195822 217040 155474 275820 302194 224826 210371 262681 264799 263336
#pred surv len freq
 1.11004e-11 1.20537e-09 7.71687e-08 2.91274e-06 6.4819e-05 0.000850466 0.00657995 0.0300401 0.0812133 0.132328 0.140836 0.126289 0.124132 0.113379 0.0824716 0.0537849 0.0351663 0.0227534 0.0149063 0.0102469 0.00756682 0.00610846 0.00513997 0.0038917 0.00224785
 1.09617e-11 1.19031e-09 7.62046e-08 2.87635e-06 6.40093e-05 0.00083985 0.00649812 0.0296735 0.0803189 0.131648 0.14371 0.137656 0.143481 0.130313 0.087349 0.0482597 0.0262466 0.014374 0.00786877 0.00443795 0.00266962 0.0017874 0.00132015 0.000943021 0.000539791
 1.36232e-11 1.47932e-09 9.47071e-08 3.57472e-06 7.95505e-05 0.00104374 0.00807503 0.0368587 0.0995507 0.161428 0.168163 0.141549 0.128438 0.109994 0.0716981 0.0378832 0.0188807 0.00891343 0.00395512 0.00175971 0.000821315 0.000420737 0.000247039 0.000154129 8.34965e-05
 1.77528e-11 1.92775e-09 1.23416e-07 4.65834e-06 0.000103665 0.00136011 0.0105217 0.0480062 0.129376 0.207511 0.205508 0.145868 0.101981 0.0745419 0.0435326 0.0191937 0.00758415 0.00302706 0.00118065 0.000440199 0.000158876 5.88145e-05 2.44678e-05 1.17297e-05 5.54197e-06
 1.77201e-11 1.92419e-09 1.23188e-07 4.64974e-06 0.000103473 0.0013576 0.0105024 0.0479188 0.129155 0.20727 0.205802 0.147467 0.104721 0.0766578 0.0434399 0.0174056 0.00566753 0.00177184 0.000535873 0.000156304 4.51981e-05 1.28382e-05 3.67492e-06 1.16401e-06 4.10529e-07
 1.76075e-11 1.91196e-09 1.22406e-07 4.6202e-06 0.000102816 0.00134898 0.0104357 0.0476151 0.128344 0.206032 0.204869 0.147585 0.105816 0.0779263 0.0442377 0.0177102 0.00569848 0.0016929 0.000449292 0.000103638 2.21541e-05 4.60153e-06 9.43055e-07 1.95459e-07 4.3432e-08
 1.66187e-11 1.80459e-09 1.15532e-07 4.36075e-06 9.70421e-05 0.00127323 0.0098499 0.0449469 0.121215 0.195096 0.196395 0.147844 0.114159 0.0878878 0.0507821 0.0207298 0.0068924 0.00210991 0.000563637 0.000125804 2.41184e-05 4.01665e-06 5.92612e-07 8.16875e-08 1.11193e-08
 1.71565e-11 1.863e-09 1.19271e-07 4.50187e-06 0.000100183 0.00131443 0.0101685 0.0463983 0.125094 0.201056 0.201062 0.147862 0.109861 0.0826214 0.0471386 0.0188507 0.00604877 0.00180111 0.000482125 0.000110072 2.1457e-05 3.49476e-06 4.65825e-07 5.11964e-08 4.77763e-09
 1.75141e-11 1.90182e-09 1.21756e-07 4.59569e-06 0.00010227 0.00134182 0.0103804 0.0473634 0.127676 0.205041 0.20427 0.148163 0.107447 0.0794211 0.0446107 0.0172095 0.00512428 0.00139854 0.00035207 7.71925e-05 1.4753e-05 2.41124e-06 3.24106e-07 3.48073e-08 2.92816e-09
 1.7081e-11 1.85479e-09 1.18745e-07 4.48204e-06 9.97414e-05 0.00130864 0.0101238 0.0461947 0.124553 0.200251 0.200561 0.148283 0.111114 0.0838032 0.0474972 0.0185417 0.00563479 0.00155441 0.000380807 7.80259e-05 1.37465e-05 2.11014e-06 2.73906e-07 2.90713e-08 2.43373e-09
 1.76818e-11 1.92003e-09 1.22922e-07 4.63969e-06 0.00010325 0.00135467 0.0104797 0.0478159 0.128885 0.2069 0.20573 0.148182 0.10613 0.0778019 0.043487 0.0166206 0.00484325 0.00127773 0.000307838 6.32675e-05 1.10581e-05 1.62758e-06 1.971e-07 1.95145e-08 1.55667e-09
 1.78677e-11 1.94022e-09 1.24215e-07 4.68849e-06 0.000104335 0.00136891 0.0105899 0.048318 0.13023 0.208985 0.207459 0.148505 0.105126 0.0763003 0.0420916 0.0155243 0.0041557 0.000973631 0.000213923 4.13617e-05 6.93557e-06 1.00049e-06 1.19575e-07 1.14893e-08 8.68352e-10
 1.78233e-11 1.93539e-09 1.23906e-07 4.67682e-06 0.000104076 0.00136551 0.0105635 0.0481979 0.129907 0.208479 0.207009 0.14833 0.105218 0.0765708 0.0424886 0.0159438 0.00444079 0.0010878 0.000238309 4.30346e-05 6.48821e-06 8.50072e-07 9.52355e-08 8.80862e-09 6.49707e-10
 1.68613e-11 1.83094e-09 1.17218e-07 4.4244e-06 9.84588e-05 0.00129182 0.00999367 0.0456027 0.12298 0.197908 0.199084 0.149457 0.114664 0.0871267 0.0484433 0.0176132 0.00450953 0.000980526 0.000200289 3.61057e-05 5.53133e-06 7.09327e-07 7.38662e-08 6.2069e-09 4.21452e-10
 1.65188e-11 1.79375e-09 1.14837e-07 4.33454e-06 9.6459e-05 0.00126558 0.00979078 0.0446787 0.120513 0.194138 0.196234 0.149783 0.117913 0.0908164 0.0506125 0.0183291 0.00462687 0.000973932 0.000188235 3.1188e-05 4.32828e-06 5.196e-07 5.30135e-08 4.39204e-09 2.85192e-10
 1.65176e-11 1.79361e-09 1.14828e-07 4.3342e-06 9.64515e-05 0.00126548 0.00979003 0.0446754 0.120506 0.19414 0.196302 0.149999 0.118252 0.0910417 0.0505177 0.0180192 0.00435996 0.000850266 0.000152937 2.41863e-05 3.20291e-06 3.5908e-07 3.35702e-08 2.56036e-09 1.57469e-10
 1.69418e-11 1.83968e-09 1.17778e-07 4.44554e-06 9.8929e-05 0.00129799 0.0100414 0.04582 0.123561 0.198799 0.199777 0.149443 0.113997 0.08633 0.0479224 0.0173706 0.0044019 0.000928112 0.000176347 2.76633e-05 3.46132e-06 3.6147e-07 3.1733e-08 2.27035e-09 1.29378e-10
 1.7103e-11 1.85718e-09 1.18898e-07 4.48781e-06 9.98697e-05 0.00131033 0.0101368 0.0462546 0.124721 0.200567 0.201095 0.149229 0.112376 0.0845346 0.0469318 0.017123 0.00442256 0.000965768 0.000191441 3.16155e-05 4.21097e-06 4.59453e-07 4.01094e-08 2.73352e-09 1.45789e-10
 1.69946e-11 1.84541e-09 1.18145e-07 4.45938e-06 9.92371e-05 0.00130203 0.0100726 0.0459626 0.123943 0.199399 0.200307 0.149645 0.113879 0.0860061 0.0474611 0.0168881 0.00407111 0.000790186 0.000142532 2.29535e-05 3.12685e-06 3.56935e-07 3.28972e-08 2.35892e-09 1.29131e-10
 1.69815e-11 1.84399e-09 1.18054e-07 4.45594e-06 9.91605e-05 0.00130102 0.0100649 0.045927 0.123846 0.199235 0.200105 0.149402 0.113616 0.0859 0.0476747 0.0172945 0.00439269 0.000929384 0.000176897 2.77165e-05 3.46462e-06 3.64175e-07 3.25389e-08 2.37368e-09 1.35546e-10
 1.70071e-11 1.84677e-09 1.18232e-07 4.46266e-06 9.93101e-05 0.00130299 0.0100801 0.0459963 0.124033 0.199532 0.200391 0.149578 0.113676 0.085818 0.0474106 0.0169446 0.00413565 0.000820397 0.000150199 2.4007e-05 3.17512e-06 3.46324e-07 3.02404e-08 2.06688e-09 1.11296e-10
 1.78376e-11 1.93694e-09 1.24005e-07 4.68057e-06 0.000104159 0.0013666 0.010572 0.048237 0.130018 0.208699 0.207424 0.149129 0.106317 0.0772188 0.0420146 0.014737 0.00342446 0.000615293 0.000100803 1.48339e-05 1.84329e-06 1.94721e-07 1.72083e-08 1.21623e-09 6.6391e-11
 1.79174e-11 1.94562e-09 1.2456e-07 4.70153e-06 0.000104626 0.00137272 0.0106193 0.0484524 0.130592 0.209566 0.208031 0.148895 0.10532 0.0762065 0.0415918 0.0148064 0.00359281 0.000700701 0.000122989 1.80411e-05 2.08549e-06 1.98461e-07 1.59968e-08 1.06478e-09 5.67981e-11
 1.76212e-11 1.91345e-09 1.22501e-07 4.6238e-06 0.000102896 0.00135003 0.0104438 0.0476531 0.128457 0.206298 0.205531 0.149078 0.10798 0.0792954 0.043504 0.0155593 0.0038186 0.000762641 0.000138524 2.13054e-05 2.62727e-06 2.63712e-07 2.12157e-08 1.32701e-09 6.46534e-11
 1.75919e-11 1.91027e-09 1.22297e-07 4.61611e-06 0.000102725 0.00134778 0.0104265 0.0475741 0.128247 0.205987 0.205341 0.149254 0.108482 0.079755 0.0436155 0.0154024 0.00364484 0.000679953 0.000116111 1.75069e-05 2.19046e-06 2.28027e-07 1.92964e-08 1.27376e-09 6.413e-11
 1.754e-11 1.90463e-09 1.21936e-07 4.60248e-06 0.000102421 0.00134381 0.0103957 0.0474342 0.127875 0.205433 0.204993 0.149536 0.109328 0.0805424 0.0438302 0.0151698 0.00337304 0.000547335 7.84437e-05 1.04185e-05 1.19597e-06 1.17138e-07 9.67383e-09 6.45995e-10 3.36967e-11
 1.79854e-11 1.95299e-09 1.25032e-07 4.71935e-06 0.000105022 0.00137793 0.0106596 0.0486359 0.131084 0.210335 0.208698 0.14911 0.105101 0.0757495 0.0410273 0.0142572 0.00322165 0.000541519 8.00552e-05 1.0351e-05 1.06883e-06 8.94575e-08 6.3906e-09 3.86048e-10 1.90063e-11
 1.80724e-11 1.96244e-09 1.25637e-07 4.74218e-06 0.00010553 0.00138459 0.0107111 0.0488707 0.131712 0.211303 0.20947 0.14916 0.104475 0.0749415 0.040413 0.0138837 0.00302807 0.000467536 6.16734e-05 7.46737e-06 7.66528e-07 6.46611e-08 4.46761e-09 2.44586e-10 1.04724e-11
 1.75881e-11 1.90986e-09 1.22271e-07 4.61512e-06 0.000102703 0.0013475 0.0104243 0.0475642 0.128222 0.205964 0.205396 0.149496 0.108879 0.0800303 0.0435268 0.0150654 0.00334981 0.00054144 7.57142e-05 9.31354e-06 9.11172e-07 7.04361e-08 4.52176e-09 2.39666e-10 1.0072e-11
#obs surv len freq
 1.24477e-11 1.35167e-09 8.65349e-08 3.26627e-06 7.26864e-05 0.000953685 0.00737836 0.0336806 0.0909931 0.147766 0.154995 0.133543 0.126223 0.114437 0.0827386 0.0510722 0.0294734 0.0155104 0.00716756 0.00282375 0.00090298 0.000221027 3.91792e-05 4.80375e-06 3.93266e-07
 6.30937e-12 6.85123e-10 4.38622e-08 1.65559e-06 3.68435e-05 0.000483451 0.003742 0.0171201 0.0467731 0.0800739 0.10285 0.135249 0.176644 0.174457 0.123293 0.0710139 0.0378219 0.0185065 0.00795666 0.00289881 0.000851733 0.000190903 3.09584e-05 3.4693e-06 2.59003e-07
 1.77016e-11 1.92218e-09 1.2306e-07 4.6449e-06 0.000103365 0.00135618 0.0104912 0.0478618 0.128912 0.206116 0.200881 0.133826 0.0837585 0.0632385 0.0497328 0.035718 0.0215812 0.0104553 0.00414428 0.00136792 0.000364284 7.40414e-05 1.0885e-05 1.10622e-06 7.49654e-08
 1.57506e-11 1.71032e-09 1.09496e-07 4.13295e-06 9.19732e-05 0.00120674 0.00933612 0.0426145 0.115066 0.186172 0.191196 0.15173 0.123367 0.0944256 0.0525539 0.0206502 0.00715845 0.00282292 0.00112649 0.000368116 9.12356e-05 1.67319e-05 2.2054e-06 2.0131e-07 1.22875e-08
 1.74062e-11 1.89011e-09 1.21006e-07 4.56739e-06 0.000101641 0.00133358 0.010317 0.0470831 0.12701 0.204497 0.205316 0.150835 0.10855 0.0776155 0.0429585 0.0171168 0.00536982 0.00144612 0.000346467 7.85252e-05 1.65036e-05 2.7884e-06 3.37968e-07 2.79025e-08 1.52794e-09
 1.59807e-11 1.73532e-09 1.11097e-07 4.19335e-06 9.33176e-05 0.00122439 0.00947297 0.0432446 0.116821 0.189271 0.194921 0.154429 0.123 0.0914497 0.0498391 0.0189543 0.00555285 0.0013799 0.000286973 4.8063e-05 6.58641e-06 7.6082e-07 7.2076e-08 5.13197e-09 2.52061e-10
 1.54647e-11 1.67928e-09 1.07509e-07 4.05794e-06 9.03043e-05 0.00118487 0.00916763 0.0418592 0.113174 0.18399 0.191825 0.156594 0.128339 0.0956398 0.0515859 0.0193672 0.00555678 0.00132318 0.000256189 3.85026e-05 4.43256e-06 3.88689e-07 2.57343e-08 1.27854e-09 4.68791e-11
 1.70368e-11 1.85e-09 1.18438e-07 4.47047e-06 9.94846e-05 0.00130531 0.0100991 0.0461017 0.124504 0.201315 0.20494 0.155172 0.113679 0.0791356 0.0418138 0.0158207 0.0046425 0.00111913 0.000213736 3.08607e-05 3.31533e-06 2.61324e-07 1.47797e-08 5.88106e-10 1.62575e-11
 1.60804e-11 1.74614e-09 1.11789e-07 4.2195e-06 9.39e-05 0.00123206 0.00953314 0.0435338 0.117744 0.191543 0.199399 0.16004 0.12519 0.0879023 0.0442186 0.0149786 0.00369207 0.000746911 0.0001283 1.76786e-05 1.84282e-06 1.39375e-07 7.39805e-09 2.68973e-10 6.58211e-12
 1.58707e-11 1.72337e-09 1.10332e-07 4.16449e-06 9.26761e-05 0.00121602 0.00940951 0.042978 0.11633 0.189757 0.19918 0.162401 0.127996 0.0887909 0.043619 0.0142446 0.00328917 0.000594719 8.73283e-05 1.00534e-05 8.83696e-07 5.85798e-08 2.84136e-09 9.65655e-11 2.21464e-12
 1.7082e-11 1.8549e-09 1.18753e-07 4.48234e-06 9.97494e-05 0.00130882 0.0101273 0.0462486 0.125076 0.20318 0.209511 0.161737 0.117186 0.0761972 0.0356622 0.0109584 0.00229244 0.000360833 4.57845e-05 4.58711e-06 3.46769e-07 1.93414e-08 7.82999e-10 2.2492e-11 4.47213e-13
 1.60778e-11 1.74586e-09 1.11771e-07 4.21884e-06 9.38863e-05 0.00123193 0.00953348 0.0435577 0.118018 0.193065 0.203832 0.166313 0.127719 0.084183 0.0385907 0.0113337 0.00218563 0.0003021 3.26622e-05 2.78586e-06 1.79406e-07 8.47972e-09 2.90129e-10 7.03925e-12 1.18018e-13
 1.69153e-11 1.8368e-09 1.17594e-07 4.4386e-06 9.87768e-05 0.0012961 0.0100299 0.0458216 0.124083 0.202411 0.211025 0.165619 0.119666 0.0751141 0.0333097 0.00949834 0.00176606 0.000231036 2.3031e-05 1.76578e-06 9.95829e-08 4.01352e-09 1.15117e-10 2.33465e-12 3.28628e-14
 1.21116e-11 1.31518e-09 8.41991e-08 3.17815e-06 7.07299e-05 0.000928243 0.00718826 0.0329291 0.0901189 0.152885 0.180398 0.182234 0.167354 0.115931 0.0521744 0.0147157 0.00268912 0.000344092 3.32132e-05 2.43163e-06 1.28961e-07 4.79612e-09 1.24089e-10 2.21951e-12 2.70398e-14
 1.57003e-11 1.70487e-09 1.09147e-07 4.11982e-06 9.16845e-05 0.00120312 0.00931286 0.0425859 0.115707 0.190883 0.205695 0.172303 0.131395 0.0826711 0.0358906 0.0100857 0.00189037 0.000254132 2.56685e-05 1.90368e-06 9.88996e-08 3.52198e-09 8.59115e-11 1.43109e-12 1.60554e-14
 1.3944e-11 1.51416e-09 9.6938e-08 3.659e-06 8.14314e-05 0.00106869 0.00827543 0.0378946 0.103475 0.17363 0.196569 0.180642 0.148938 0.0955029 0.0407169 0.0110015 0.00193831 0.0002398 2.23473e-05 1.57854e-06 8.09738e-08 2.90566e-09 7.13828e-11 1.17824e-12 1.28189e-14
 1.546e-11 1.67878e-09 1.07477e-07 4.0568e-06 9.02842e-05 0.00118484 0.00917368 0.0419839 0.114361 0.190017 0.208038 0.177315 0.1339 0.080782 0.0330115 0.00854547 0.00141846 0.000160457 1.331e-05 8.31801e-07 3.80411e-08 1.22977e-09 2.7637e-11 4.2642e-13 4.43143e-15
 1.45634e-11 1.58142e-09 1.01244e-07 3.82157e-06 8.50513e-05 0.00111626 0.00864541 0.039607 0.108252 0.18175 0.20443 0.182189 0.142054 0.086052 0.0349789 0.00908852 0.0015477 0.000183733 1.59508e-05 1.0045e-06 4.40963e-08 1.31595e-09 2.66192e-11 3.6548e-13 3.38061e-15
 1.47103e-11 1.59737e-09 1.02266e-07 3.86014e-06 8.59111e-05 0.0011276 0.00873445 0.0400303 0.109511 0.184186 0.207339 0.183385 0.140052 0.082715 0.0328598 0.00838053 0.00140809 0.000165745 1.43193e-05 9.01164e-07 3.97672e-08 1.19613e-09 2.41902e-11 3.25198e-13 2.86509e-15
 1.569e-11 1.70375e-09 1.09077e-07 4.11723e-06 9.16329e-05 0.00120269 0.00931553 0.0426793 0.116578 0.19483 0.214626 0.180686 0.129769 0.0732822 0.028392 0.00717364 0.00121155 0.000144606 1.26047e-05 7.89346e-07 3.42974e-08 1.01196e-09 2.00792e-11 2.65123e-13 2.29475e-15
 1.543e-11 1.67552e-09 1.0727e-07 4.04906e-06 9.01185e-05 0.00118292 0.00916485 0.042022 0.115038 0.193354 0.215489 0.183769 0.131783 0.0729385 0.0273674 0.00661873 0.00105254 0.000116516 9.42711e-06 5.58189e-07 2.34163e-08 6.75074e-10 1.31105e-11 1.68688e-13 1.41469e-15
 1.52797e-11 1.65921e-09 1.06225e-07 4.00969e-06 8.92451e-05 0.00117157 0.00907942 0.0416625 0.114287 0.193014 0.216931 0.186146 0.132454 0.0717753 0.026206 0.00613741 0.000936519 9.79685e-05 7.36606e-06 4.00884e-07 1.53908e-08 4.0637e-10 7.27306e-12 8.71794e-14 6.891e-16
 1.62541e-11 1.76501e-09 1.12999e-07 4.2654e-06 9.49366e-05 0.00124628 0.00965764 0.0442982 0.121305 0.203496 0.22386 0.183156 0.122406 0.0628364 0.0219485 0.00491082 0.000706567 6.82525e-05 4.65898e-06 2.29502e-07 8.01477e-09 1.92913e-10 3.14016e-12 3.41326e-14 2.44545e-16
 1.54788e-11 1.68083e-09 1.07611e-07 4.06207e-06 9.0417e-05 0.00118717 0.00920465 0.0422861 0.116293 0.197244 0.22216 0.187991 0.128546 0.0661107 0.0229364 0.00512257 0.000744892 7.34606e-05 5.0872e-06 2.47591e-07 8.26403e-09 1.85023e-10 2.75265e-12 2.71074e-14 1.75506e-16
 1.53763e-11 1.66971e-09 1.06899e-07 4.03531e-06 8.98261e-05 0.00117958 0.00914934 0.0420729 0.115973 0.197634 0.224114 0.190045 0.128378 0.0643874 0.0216257 0.00464166 0.000641621 5.9443e-05 3.85368e-06 1.77391e-07 5.69191e-09 1.23845e-10 1.79045e-12 1.69598e-14 1.03967e-16
 1.34751e-11 1.46327e-09 9.36848e-08 3.53671e-06 7.87423e-05 0.00103459 0.00803705 0.0371169 0.103508 0.181589 0.218509 0.200893 0.144163 0.0739509 0.0249192 0.00536793 0.0007522 7.11886e-05 4.67946e-06 2.13289e-07 6.59691e-09 1.35784e-10 1.84193e-12 1.63757e-14 9.46689e-17
 1.66469e-11 1.80768e-09 1.15734e-07 4.36887e-06 9.7255e-05 0.00127722 0.00990723 0.0455461 0.125299 0.211667 0.233222 0.185345 0.114381 0.0527666 0.0166088 0.00338747 0.000448132 3.97244e-05 2.44344e-06 1.05345e-07 3.12948e-09 6.24942e-11 8.23015e-13 7.05053e-15 3.88313e-17
 1.43644e-11 1.55985e-09 9.98704e-08 3.77042e-06 8.39559e-05 0.00110339 0.00857606 0.0396394 0.110588 0.193237 0.227949 0.199453 0.132957 0.0628358 0.0193571 0.00373087 0.000449261 3.46956e-05 1.79348e-06 6.45299e-08 1.63652e-09 2.88089e-11 3.43428e-13 2.71358e-15 1.39689e-17
 1.28266e-11 1.39288e-09 8.91846e-08 3.36742e-06 7.50066e-05 0.000986611 0.0076852 0.0357189 0.100995 0.181706 0.225448 0.208883 0.144233 0.06868 0.0210326 0.00402806 0.000485077 3.76954e-05 1.95065e-06 6.8452e-08 1.62187e-09 2.55163e-11 2.6303e-13 1.76845e-15 7.75223e-18
#pred catch len freq
 9.44414e-12 1.02552e-09 6.56548e-08 2.47814e-06 5.51479e-05 0.000723588 0.00559879 0.0255719 0.0692873 0.114134 0.127226 0.128338 0.14062 0.13193 0.0932413 0.0571186 0.0353957 0.0223183 0.0144647 0.00990132 0.00730158 0.00589221 0.00495763 0.0037536 0.00216808
 9.67936e-12 1.05106e-09 6.729e-08 2.53987e-06 5.65215e-05 0.000741616 0.00573848 0.0262146 0.0710922 0.117617 0.133441 0.139984 0.157387 0.145466 0.0954534 0.0498642 0.0254746 0.013471 0.00726851 0.00407578 0.00244679 0.00163725 0.00120909 0.000863672 0.000494369
 1.27613e-11 1.38572e-09 8.87152e-08 3.34856e-06 7.45176e-05 0.000977717 0.00756445 0.0345339 0.0933508 0.152011 0.161326 0.143293 0.138043 0.120298 0.0769388 0.0385648 0.0180715 0.00822503 0.00358978 0.00158474 0.000737296 0.000377315 0.000221488 0.000138181 7.48562e-05
 1.67261e-11 1.81626e-09 1.16278e-07 4.38893e-06 9.76693e-05 0.00128146 0.0099135 0.0452361 0.121981 0.196214 0.196983 0.146892 0.111796 0.0856524 0.0500131 0.0212716 0.00788015 0.00298312 0.00113542 0.000419205 0.000150695 5.57018e-05 2.31615e-05 1.11022e-05 5.24539e-06
 1.67129e-11 1.81482e-09 1.16187e-07 4.38546e-06 9.75921e-05 0.00128045 0.00990571 0.0452015 0.1219 0.196186 0.19743 0.148442 0.114302 0.0875168 0.0497893 0.0194664 0.00599356 0.00176276 0.000515052 0.000147983 4.25117e-05 1.20452e-05 3.44513e-06 1.09097e-06 3.84746e-07
 1.6463e-11 1.78769e-09 1.1445e-07 4.3199e-06 9.61331e-05 0.00126131 0.00975769 0.0445273 0.1201 0.193433 0.195338 0.148646 0.116629 0.0902144 0.0514674 0.0201139 0.00612809 0.00171654 0.000440661 0.000100089 2.12169e-05 4.38867e-06 8.98001e-07 1.86026e-07 4.133e-08
 1.58797e-11 1.72434e-09 1.10394e-07 4.16682e-06 9.27267e-05 0.00121661 0.00941208 0.0429531 0.115893 0.186976 0.190317 0.148739 0.121461 0.0960335 0.0553571 0.0219821 0.00690727 0.00199748 0.000517426 0.000113864 2.16592e-05 3.59203e-06 5.28929e-07 7.28469e-08 9.9127e-09
 1.66488e-11 1.80786e-09 1.15741e-07 4.36864e-06 9.72178e-05 0.00127554 0.00986774 0.0450286 0.121439 0.195485 0.196918 0.148564 0.115011 0.0883057 0.0502447 0.0195886 0.00595026 0.00166955 0.000432139 9.71826e-05 1.87996e-05 3.05015e-06 4.05839e-07 4.45664e-08 4.15729e-09
 1.68159e-11 1.826e-09 1.16902e-07 4.41247e-06 9.81933e-05 0.00128833 0.00996672 0.0454797 0.122647 0.197363 0.198496 0.148923 0.114215 0.0870303 0.048971 0.0185153 0.0052462 0.00134532 0.000325639 7.01471e-05 1.32914e-05 2.16317e-06 2.9022e-07 3.11428e-08 2.61894e-09
 1.66821e-11 1.81148e-09 1.15972e-07 4.37737e-06 9.74122e-05 0.00127809 0.00988747 0.0451186 0.121682 0.195878 0.197321 0.14888 0.115228 0.0883111 0.0499121 0.0190527 0.00550181 0.00142862 0.000337398 6.79827e-05 1.18693e-05 1.81298e-06 2.34801e-07 2.4897e-08 2.08344e-09
 1.75547e-11 1.90623e-09 1.22039e-07 4.60635e-06 0.000102508 0.00134494 0.0104045 0.0474734 0.127972 0.20552 0.204758 0.148537 0.10769 0.0794016 0.0441812 0.0165472 0.00459552 0.00113911 0.000263552 5.31816e-05 9.21096e-06 1.34928e-06 1.63031e-07 1.61246e-08 1.28564e-09
 1.74961e-11 1.89987e-09 1.21631e-07 4.59098e-06 0.000102166 0.00134045 0.0103697 0.0473155 0.127554 0.204904 0.204407 0.148967 0.108815 0.0804059 0.0443839 0.0161352 0.00414933 0.000912976 0.000191114 3.61147e-05 5.99127e-06 8.59627e-07 1.02486e-07 9.83674e-09 7.43095e-10
 1.78824e-11 1.94181e-09 1.24317e-07 4.69233e-06 0.000104421 0.00137004 0.0105986 0.0483575 0.130335 0.209148 0.207588 0.148511 0.105018 0.0761686 0.0420031 0.0154771 0.0041249 0.000949953 0.000199327 3.52823e-05 5.26386e-06 6.85332e-07 7.6537e-08 7.06951e-09 5.21134e-10
 1.71867e-11 1.86627e-09 1.1948e-07 4.50979e-06 0.000100359 0.00131674 0.0101864 0.0464808 0.125326 0.201507 0.201878 0.149386 0.11194 0.0838607 0.0462806 0.0165977 0.00410091 0.000838691 0.00016251 2.85422e-05 4.32134e-06 5.5086e-07 5.71978e-08 4.79962e-09 3.25675e-10
 1.71388e-11 1.86107e-09 1.19148e-07 4.49722e-06 0.000100079 0.00131308 0.0101581 0.0463516 0.124982 0.200984 0.201496 0.149477 0.112464 0.084425 0.0465684 0.0166367 0.00405921 0.000804963 0.000147544 2.37982e-05 3.26079e-06 3.88624e-07 3.95036e-08 3.26748e-09 2.12021e-10
 1.68882e-11 1.83386e-09 1.17405e-07 4.43147e-06 9.86159e-05 0.00129388 0.0100096 0.0456756 0.123178 0.198235 0.199457 0.149841 0.115031 0.0872446 0.0480878 0.0169713 0.00399001 0.000735389 0.000124878 1.9139e-05 2.49859e-06 2.77986e-07 2.58853e-08 1.97055e-09 1.21088e-10
 1.71318e-11 1.86031e-09 1.19099e-07 4.49539e-06 0.000100038 0.00131254 0.0101539 0.0463328 0.124931 0.200905 0.201431 0.149464 0.112501 0.0844834 0.0466267 0.0166838 0.0040855 0.000811845 0.000146494 2.23965e-05 2.76789e-06 2.86823e-07 2.50657e-08 1.78943e-09 1.01871e-10
 1.76208e-11 1.9134e-09 1.22498e-07 4.62368e-06 0.000102893 0.00135 0.0104436 0.0476519 0.128453 0.206288 0.205504 0.149016 0.107889 0.0792376 0.0435338 0.0156483 0.00389634 0.000800891 0.000150979 2.43298e-05 3.20273e-06 3.47035e-07 3.01803e-08 2.05296e-09 1.09386e-10
 1.72523e-11 1.87339e-09 1.19936e-07 4.52699e-06 0.000100742 0.00132177 0.0102253 0.0466579 0.125801 0.202248 0.202511 0.149565 0.111685 0.0833961 0.045758 0.0161165 0.00377673 0.000692861 0.00011789 1.83866e-05 2.46908e-06 2.79802e-07 2.56942e-08 1.83927e-09 1.006e-10
 1.74562e-11 1.89554e-09 1.21354e-07 4.58051e-06 0.000101933 0.00133739 0.0103461 0.0472081 0.127268 0.20448 0.204148 0.149206 0.1095 0.0810421 0.0445584 0.0159423 0.0039113 0.000779853 0.00014101 2.15374e-05 2.65924e-06 2.77336e-07 2.46662e-08 1.79549e-09 1.02432e-10
 1.77456e-11 1.92696e-09 1.23366e-07 4.65645e-06 0.000103622 0.00135956 0.0105176 0.0479889 0.129355 0.20768 0.206628 0.14913 0.107057 0.0781215 0.0426342 0.0150519 0.00356479 0.000667721 0.000115512 1.79128e-05 2.33687e-06 2.53037e-07 2.201e-08 1.5015e-09 8.07734e-11
 1.81478e-11 1.97064e-09 1.26162e-07 4.76199e-06 0.000105971 0.00139037 0.0107559 0.0490743 0.132254 0.212124 0.210053 0.148963 0.10357 0.0740069 0.0399964 0.0139086 0.00315676 0.000538771 8.30464e-05 1.17776e-05 1.43924e-06 1.50732e-07 1.32608e-08 9.35275e-10 5.10063e-11
 1.81554e-11 1.97146e-09 1.26215e-07 4.76398e-06 0.000106015 0.00139095 0.0107603 0.0490946 0.132307 0.212197 0.210067 0.148821 0.103294 0.0737948 0.0400172 0.0140925 0.00332135 0.000612472 0.000101682 1.44777e-05 1.65069e-06 1.55755e-07 1.24877e-08 8.28983e-10 4.41666e-11
 1.81227e-11 1.96791e-09 1.25987e-07 4.75539e-06 0.000105824 0.00138845 0.010741 0.0490063 0.132071 0.211834 0.20978 0.148811 0.103542 0.0741056 0.0402412 0.014218 0.00338387 0.000638132 0.000109683 1.63871e-05 1.99393e-06 1.986e-07 1.59069e-08 9.92726e-10 4.83109e-11
 1.84795e-11 2.00665e-09 1.28468e-07 4.84902e-06 0.000107908 0.00141578 0.0109523 0.0499691 0.134643 0.215774 0.21281 0.148641 0.100415 0.070432 0.0379095 0.0132344 0.00305039 0.000539166 8.67654e-05 1.26444e-05 1.55795e-06 1.6087e-07 1.35542e-08 8.92853e-10 4.49068e-11
 1.83255e-11 1.98993e-09 1.27397e-07 4.8086e-06 0.000107008 0.00140398 0.0108611 0.0495537 0.133535 0.214091 0.211584 0.148942 0.10211 0.0722406 0.0388056 0.0133269 0.00291173 0.000452626 6.09166e-05 7.7291e-06 8.68601e-07 8.42142e-08 6.91837e-09 4.60856e-10 2.40127e-11
 1.89145e-11 2.05389e-09 1.31492e-07 4.96316e-06 0.000110448 0.00144911 0.0112101 0.0511429 0.137779 0.220576 0.216495 0.148409 0.0965645 0.0659308 0.0350823 0.0120744 0.0026741 0.000429288 5.971e-05 7.4132e-06 7.51425e-07 6.22589e-08 4.41835e-09 2.6596e-10 1.30731e-11
 1.88444e-11 2.04627e-09 1.31004e-07 4.94475e-06 0.000110038 0.00144373 0.0111685 0.0509537 0.137274 0.21981 0.21594 0.148554 0.0973488 0.0667618 0.035485 0.0121034 0.00260104 0.000386702 4.79738e-05 5.52708e-06 5.53925e-07 4.61993e-08 3.17204e-09 1.73093e-10 7.39929e-12
 1.78606e-11 1.93945e-09 1.24165e-07 4.68662e-06 0.000104294 0.00136837 0.0105857 0.0482994 0.130186 0.20897 0.207697 0.14933 0.106436 0.0771897 0.0417637 0.0143669 0.00314 0.000486519 6.4008e-05 7.53599e-06 7.22534e-07 5.52692e-08 3.52317e-09 1.85977e-10 7.80047e-12
#obs catch len freq
 1.1543e-11 1.25343e-09 8.02455e-08 3.02887e-06 6.74035e-05 0.000884376 0.00684228 0.0312371 0.0844405 0.137521 0.146108 0.130663 0.129061 0.120033 0.0889847 0.0569184 0.034126 0.0186923 0.00905328 0.0037402 0.00124414 0.000314286 5.7354e-05 7.24696e-06 6.11681e-07
 1.21124e-11 1.31527e-09 8.42044e-08 3.1783e-06 7.07289e-05 0.000928008 0.0071799 0.032779 0.0886091 0.144259 0.152765 0.134606 0.129454 0.117327 0.0844353 0.0518559 0.0296443 0.0153814 0.00697292 0.00267463 0.000825131 0.000193033 3.24285e-05 3.7419e-06 2.86677e-07
 6.14785e-12 6.67585e-10 4.27394e-08 1.61321e-06 3.59006e-05 0.000471087 0.00364662 0.0166902 0.0456734 0.0786838 0.102776 0.137457 0.179345 0.175541 0.123097 0.0704316 0.0371225 0.0178854 0.00753102 0.00266695 0.000754944 0.000161553 2.48079e-05 2.6145e-06 1.82582e-07
 1.76301e-11 1.91442e-09 1.22563e-07 4.62614e-06 0.000102948 0.00135071 0.0104489 0.0476707 0.128417 0.205445 0.200651 0.134476 0.0848435 0.0641056 0.0501514 0.0356092 0.0211469 0.0100461 0.00389271 0.00124751 0.000319714 6.19833e-05 8.62264e-06 8.23721e-07 5.21971e-08
 1.57623e-11 1.7116e-09 1.09578e-07 4.13605e-06 9.20422e-05 0.00120765 0.00934334 0.0426507 0.115198 0.186579 0.19218 0.153098 0.123897 0.0935039 0.0512863 0.0199456 0.00687552 0.0026761 0.00103984 0.000328251 7.80968e-05 1.36492e-05 1.7017e-06 1.45968e-07 8.32927e-09
 1.74504e-11 1.89491e-09 1.21314e-07 4.57899e-06 0.000101899 0.00133697 0.0103435 0.0472063 0.127369 0.205223 0.206432 0.151944 0.108681 0.0765275 0.0416869 0.0163663 0.00504783 0.00133129 0.000312075 6.88827e-05 1.3921e-05 2.23698e-06 2.56084e-07 1.986e-08 1.01673e-09
 1.61046e-11 1.74877e-09 1.11958e-07 4.22586e-06 9.40412e-05 0.00123389 0.00954667 0.0435842 0.117767 0.190941 0.196893 0.155722 0.122455 0.0893236 0.0478318 0.0179035 0.00515108 0.0012493 0.000252242 4.08839e-05 5.3989e-06 5.96325e-07 5.3475e-08 3.57476e-09 1.64011e-10
 1.56069e-11 1.69473e-09 1.08498e-07 4.09527e-06 9.11352e-05 0.00119578 0.00925226 0.0422493 0.114261 0.185905 0.194054 0.157982 0.12762 0.0932168 0.0493678 0.0182241 0.0051275 0.00118948 0.000223136 3.23594e-05 3.57674e-06 2.99416e-07 1.88112e-08 8.80691e-10 3.02089e-11
 1.722e-11 1.86989e-09 1.19712e-07 4.51854e-06 0.000100554 0.00131935 0.0102079 0.0466014 0.125877 0.203622 0.207318 0.15622 0.112453 0.0764948 0.0396228 0.0147246 0.00423014 0.000991543 0.000183163 2.54747e-05 2.62294e-06 1.9707e-07 1.05704e-08 3.96963e-10 1.03046e-11
 1.63166e-11 1.77179e-09 1.13432e-07 4.28149e-06 9.52798e-05 0.00125017 0.00967352 0.0441782 0.119513 0.194493 0.202351 0.161137 0.123351 0.0844511 0.0415736 0.0138124 0.00333427 0.000656512 0.000108988 1.44366e-05 1.43933e-06 1.03596e-07 5.20965e-09 1.78705e-10 4.10998e-12
 1.61442e-11 1.75307e-09 1.12233e-07 4.23625e-06 9.42733e-05 0.00123698 0.009572 0.0437237 0.118373 0.193139 0.202467 0.163431 0.125715 0.0848944 0.0407653 0.0130405 0.00294416 0.000517245 7.33111e-05 8.11134e-06 6.82087e-07 4.29993e-08 1.97258e-09 6.31419e-11 1.35949e-12
 1.73457e-11 1.88354e-09 1.20586e-07 4.55154e-06 0.00010129 0.00132904 0.010284 0.0469675 0.127041 0.20641 0.212556 0.1625 0.114831 0.0725211 0.0331125 0.00995305 0.00203453 0.000311117 3.80616e-05 3.65814e-06 2.64256e-07 1.40166e-08 5.36848e-10 1.45223e-11 2.70809e-13
 1.63766e-11 1.77831e-09 1.13849e-07 4.29726e-06 9.56317e-05 0.00125484 0.00971112 0.0443735 0.120253 0.19675 0.207308 0.167132 0.124934 0.079958 0.0357435 0.0102609 0.00193249 0.00025952 2.70413e-05 2.2096e-06 1.35837e-07 6.10313e-09 1.97509e-10 4.51253e-12 7.0982e-14
 1.71972e-11 1.86741e-09 1.19553e-07 4.51258e-06 0.000100424 0.00131772 0.0101976 0.0465916 0.126194 0.205881 0.214249 0.166262 0.116944 0.0711826 0.0307435 0.00856084 0.00155323 0.000197267 1.89368e-05 1.38975e-06 7.47934e-08 2.86657e-09 7.7805e-11 1.48605e-12 1.96249e-14
 1.24656e-11 1.35362e-09 8.666e-08 3.27105e-06 7.2798e-05 0.00095541 0.00739925 0.0339031 0.0928259 0.157494 0.185017 0.183581 0.163832 0.110389 0.04847 0.013353 0.00237968 0.000295315 2.74192e-05 1.91955e-06 9.70707e-08 3.4318e-09 8.40399e-11 1.41662e-12 1.62086e-14
 1.60176e-11 1.73933e-09 1.11354e-07 4.2031e-06 9.35384e-05 0.00122747 0.00950185 0.043456 0.118103 0.194856 0.209397 0.172968 0.128178 0.078204 0.0330573 0.00906232 0.00165373 0.000215082 2.08568e-05 1.47831e-06 7.3225e-08 2.4783e-09 5.71992e-11 8.97686e-13 9.45824e-15
 1.4297e-11 1.55249e-09 9.9392e-08 3.75164e-06 8.34939e-05 0.00109579 0.00848595 0.0388663 0.106168 0.178147 0.200853 0.18144 0.145197 0.0903452 0.0375111 0.00988506 0.00169564 0.000203017 1.81545e-05 1.22298e-06 5.96378e-08 2.02828e-09 4.70619e-11 7.31437e-13 7.4751e-15
 1.57837e-11 1.71393e-09 1.09728e-07 4.14176e-06 9.21758e-05 0.00120969 0.0093668 0.0428754 0.116828 0.194126 0.211826 0.177808 0.130362 0.0761994 0.0302828 0.00763884 0.00123412 0.000135154 1.07608e-05 6.40883e-07 2.78312e-08 8.51799e-10 1.80519e-11 2.61623e-13 2.54653e-15
 1.49031e-11 1.6183e-09 1.03606e-07 3.91072e-06 8.70365e-05 0.00114236 0.00884837 0.0405462 0.110863 0.186133 0.208501 0.182714 0.138251 0.0811793 0.0320957 0.00812219 0.00134405 0.000154053 1.28102e-05 7.68762e-07 3.20819e-08 9.0763e-10 1.73309e-11 2.23582e-13 1.93609e-15
 1.50449e-11 1.63371e-09 1.04592e-07 3.94798e-06 8.78673e-05 0.00115333 0.00893466 0.0409581 0.112097 0.188532 0.211338 0.183793 0.136207 0.077948 0.0301038 0.00747305 0.00121904 0.000138374 1.14352e-05 6.84742e-07 2.86712e-08 8.15953e-10 1.55586e-11 1.96573e-13 1.6236e-15
 1.60109e-11 1.7386e-09 1.11308e-07 4.20148e-06 9.35094e-05 0.00122737 0.00950765 0.0435696 0.119055 0.198954 0.218309 0.180867 0.126053 0.0688968 0.0259213 0.00636814 0.0010426 0.000119782 9.97389e-06 5.93872e-07 2.44656e-08 6.82218e-10 1.27441e-11 1.57887e-13 1.27913e-15
 1.57568e-11 1.71101e-09 1.09542e-07 4.13486e-06 9.20297e-05 0.00120807 0.00936082 0.042932 0.117577 0.197589 0.219232 0.183831 0.12787 0.0684861 0.0249456 0.00586453 0.000904186 9.63722e-05 7.44349e-06 4.18222e-07 1.65934e-08 4.51113e-10 8.23531e-12 9.93215e-14 7.79023e-16
 1.56112e-11 1.6952e-09 1.0853e-07 4.09672e-06 9.11842e-05 0.0011971 0.00927855 0.0425888 0.116877 0.197334 0.220696 0.186075 0.128387 0.0673075 0.0238473 0.00542656 0.000802528 8.08197e-05 5.80018e-06 2.99422e-07 1.08664e-08 2.70366e-10 4.54305e-12 5.09485e-14 3.75817e-16
 1.65614e-11 1.79838e-09 1.15136e-07 4.34609e-06 9.67348e-05 0.00126995 0.00984248 0.0451586 0.12371 0.207476 0.227227 0.182895 0.118577 0.0588323 0.0199193 0.00432774 0.000603538 5.61649e-05 3.66096e-06 1.70939e-07 5.63583e-09 1.27719e-10 1.95117e-12 1.98385e-14 1.32586e-16
 1.58031e-11 1.71605e-09 1.09866e-07 4.14727e-06 9.23163e-05 0.0012122 0.00940037 0.0432 0.118859 0.201509 0.225754 0.187656 0.124421 0.0618726 0.0208097 0.00451004 0.000634623 6.01587e-05 3.97257e-06 1.83332e-07 5.78539e-09 1.2214e-10 1.70725e-12 1.5733e-14 9.50055e-17
 1.56976e-11 1.7046e-09 1.09134e-07 4.11972e-06 9.17087e-05 0.00120442 0.00934384 0.0429837 0.118539 0.201904 0.227664 0.189582 0.124181 0.0602192 0.0196026 0.00408232 0.000546172 4.86554e-05 3.00666e-06 1.30998e-07 3.96353e-09 8.11268e-11 1.10054e-12 9.75598e-15 5.5844e-17
 1.38221e-11 1.50095e-09 9.60984e-08 3.62792e-06 8.07782e-05 0.0010615 0.00824859 0.0381149 0.106356 0.186409 0.222597 0.200428 0.139415 0.0692313 0.0226254 0.00472651 0.000639949 5.81084e-05 3.63632e-06 1.56942e-07 4.58268e-09 8.88096e-11 1.13038e-12 9.39533e-15 5.06307e-17
 1.69456e-11 1.84012e-09 1.17812e-07 4.44739e-06 9.90073e-05 0.00130036 0.0100887 0.0463965 0.127685 0.215559 0.236238 0.184578 0.110491 0.0492074 0.0149801 0.00295864 0.00037807 3.2159e-05 1.88201e-06 7.66781e-08 2.1446e-09 4.02252e-11 4.96368e-13 3.97459e-15 2.04181e-17
 1.46983e-11 1.59611e-09 1.02194e-07 3.85826e-06 8.59185e-05 0.00112938 0.00878099 0.0406094 0.113353 0.197841 0.231588 0.198537 0.128268 0.0586218 0.0174981 0.00327161 0.00038158 2.83964e-05 1.40203e-06 4.77028e-08 1.1357e-09 1.87e-11 2.08082e-13 1.53183e-15 7.33419e-18
#spawning biomass
 16519.6 10428.8 7310.25 8689.86 14698.2 24298.5 36304.9 48962.3 68165.9 96488.7 132968 182775 269901 311501 299738 257441 251192 271101 263400 275296 269768 269593 329698 398243 431618 400176 410248 406374 403861 427520 31946.3 4629.59 4629.4 4629.4 4629.4 4629.4 4629.4 4629.4 4629.4 4629.4 4629.4 4629.4 4629.4 4629.4 4629.4 4629.4 4629.4 4629.4 4629.4 4629.4 4629.4 4629.4 4629.4 4629.4 4629.4 4629.4 4629.4 4629.4 4629.4 4629.4 4629.4 4629.4 4629.4 4629.4 4629.4 4629.4 4629.4 4629.4 4629.4 4629.4 4629.4 4629.4 4629.4 4629.4 4629.4 4629.4 4629.4 4629.4 4629.4 4629.4 4629.4 4629.4 4629.4 4629.4 4629.4 4629.4 4629.4 4629.4 4629.4 4629.4 4629.4 4629.4 4629.4 4629.4 4629.4 4629.4 4629.4 4629.4 4629.4 4629.4 4629.4 4629.4 4629.4 4629.4 4629.4 4629.4 4629.4 4629.4 4629.4 4629.4 4629.4 4629.4 4629.4 4629.4 4629.4 4629.4 4629.4 4629.4 4629.4 4629.4 4629.4 4629.4 4629.4 4629.4 4629.4 4629.4 4629.4 4629.4 4629.4 0 0 0 0 0 0 0 0 0 0 0 0 0 0 0 0 0 0 0 0 0 0 0 0 0
