SBPRF35
0.224663
Curr Bio
42428.4
B35
184702
F35
0.341826
FOFL
0.22277
OFL
41694.4
Bzero
64189.3
#pred survey bio
 5060.21 7480.24 8147.12 7469.01 9079.77 13853.7 14847.5 16875.1 28626.7 45925.9 65440.9 78885.5 109022 147632 148234 123444 118967 109431 117010 117694 123920 127682 135591 144498 160672 169746 167084 154906 132780 9.06058e+06 5.23676e+06 3.92852e+06 2.73387e+06 1.91525e+06 1.41759e+06 1.13301e+06 975225 888779 841351 815042 800184 791605 786526 783444 781532 780328 779557 779056 778727 778509 778365 778268 778203 778159 778129 778110 778096 778087 778081 778077 778074 778072 778071 778070 778069 778069 778069 778069 778068 778068 778068 778068 778068 778068 778068 778068 778068 778068 778068 778068 778068 778068 778068 778068 778068 778068 778068 778068 778068 778068 778068 778068 778068 778068 778068 778068 778068 778068 778068 778068 778068 778068 778068 778068 778068 778068 778068 778068 778068 778068 778068 778068 778068 778068 778068 778068 778068 778068 778068 778068 778068 778068 778068 778068 778068 778068 778068 778068 778068 0 0 0 0 0 0 0 0 0 0 0 0 0 0 0 0 0 0 0 0 0 0 0 0 0
#obs survey bio
 4366.27 8674.58 6754.3 9760.27 16325.5 14659.3 16394.4 19468.5 50882.9 54389.5 95982.1 88086.5 119810 123112 142206 155858 119062 113244 90850.3 101759 117551 122338 155224 155298 165190 194686 147904 154477 151781
#pred catch bio
 2633.98 5220.15 6215.79 5630.11 5801.5 10043.7 11216.1 11720.3 19559 31672.9 48822 55456.7 74850.4 109420 114958 91272.1 91177.5 80123.9 87830 87274.4 92571.2 92532.2 96955.6 101718 114667 121792 118474 111303 1.2249 41694.4 59785 43405.3 29285.9 19931.4 14437.4 11427.8 9849.09 9043.96 8640.93 8441.71 8344.07 8296.5 8273.42 8262.24 8256.84 8254.25 8253 8252.4 8252.11 8251.97 8251.9 8251.87 8251.86 8251.85 8251.85 8251.84 8251.84 8251.84 8251.84 8251.84 8251.84 8251.84 8251.84 8251.84 8251.84 8251.84 8251.84 8251.84 8251.84 8251.84 8251.84 8251.84 8251.84 8251.84 8251.84 8251.84 8251.84 8251.84 8251.84 8251.84 8251.84 8251.84 8251.84 8251.84 8251.84 8251.84 8251.84 8251.84 8251.84 8251.84 8251.84 8251.84 8251.84 8251.84 8251.84 8251.84 8251.84 8251.84 8251.84 8251.84 8251.84 8251.84 8251.84 8251.84 8251.84 8251.84 8251.84 8251.84 8251.84 8251.84 8251.84 8251.84 8251.84 8251.84 8251.84 8251.84 8251.84 8251.84 8251.84 8251.84 8251.84 8251.84 8251.84 8251.84 8251.84 8251.84 8251.84 8251.84 8251.84 0 0 0 0 0 0 0 0 0 0 0 0 0 0 0 0 0 0 0 0 0 0 0 0 0
#obs catch bio
 5712.27 5230.31 6274.73 5613.64 5580.85 9751.19 11055.5 11434.9 18710.9 30726.3 47801.5 54053.9 72528 109708 116075 91157.3 91205.5 80253.9 89051.8 88274.2 93284.9 91693.2 95287.9 100461 114586 123570 120792 117025 1.12104
#pred cpue bio
 4677.49 6642.7 7295.42 6652.27 7919.58 12278.8 13245.1 14789.8 24794.2 40192.7 57620.1 69305.7 95801.4 130516 132557 110627 106267 97406.6 103959 104655 109992 113450 120940 129023 143252 151771 150170 140237 120440 8.68441e+06 5.25961e+06 3.91356e+06 2.71178e+06 1.89246e+06 1.39473e+06 1.11015e+06 952369 865922 818494 792185 777328 768748 763670 760588 758675 757471 756700 756199 755870 755653 755508 755411 755346 755302 755273 755253 755240 755231 755224 755220 755218 755216 755214 755213 755213 755212 755212 755212 755212 755212 755212 755212 755212 755212 755212 755212 755212 755212 755212 755212 755212 755212 755212 755212 755212 755212 755212 755212 755212 755212 755212 755212 755212 755212 755212 755212 755212 755212 755212 755212 755212 755212 755212 755212 755212 755212 755212 755212 755212 755212 755212 755212 755212 755212 755212 755212 755212 755212 755212 755212 755212 755212 755212 755212 755212 755212 755212 755212 755212 0 0 0 0 0 0 0 0 0 0 0 0 0 0 0 0 0 0 0 0 0 0 0 0 0
#obs cpue bio
 7999.01 6669.52 6959.45 5860.19 10275.9 16521.3 13676.4 19904.1 33524.9 47048.1 52753.6 95109.5 148623 121954 119106 92817.7 105994 87859.8 102165 101733 107152 149294 146740 138977 131985 95928.6 123906 166595 180349
#pred surv len freq
 2.14672e-27 2.17556e-27 6.85401e-27 1.60089e-21 9.52111e-17 1.30184e-12 4.09236e-09 2.95756e-06 0.000491394 0.0187709 0.164847 0.33283 0.154867 0.0265073 0.0616033 0.0863782 0.0348353 0.0271402 0.0239933 0.0160003 0.0133462 0.0114353 0.0116798 0.0107655 0.00450612
 2.1488e-27 2.18173e-27 7.557e-27 1.83944e-21 1.09399e-16 1.49583e-12 4.70217e-09 3.39827e-06 0.000564617 0.021568 0.189411 0.382424 0.177844 0.0277892 0.0544857 0.0760623 0.0278796 0.0137758 0.0108762 0.00570752 0.00389719 0.00271558 0.0022934 0.00191288 0.00078952
 2.14772e-27 2.1792e-27 7.2921e-27 1.74957e-21 1.04053e-16 1.42275e-12 4.47242e-09 3.23223e-06 0.00053703 0.0205142 0.180157 0.36374 0.169281 0.0298019 0.0724049 0.101212 0.0353983 0.0121889 0.00842053 0.00312914 0.00150782 0.000768142 0.000478427 0.000329579 0.00012834
 2.1481e-27 2.1802e-27 7.40215e-27 1.78692e-21 1.06275e-16 1.45312e-12 4.5679e-09 3.30123e-06 0.000548495 0.0209521 0.184003 0.371505 0.172851 0.0292687 0.0668103 0.0933736 0.0333145 0.0135746 0.0095165 0.00284226 0.000943437 0.000304597 0.000114884 5.52564e-05 1.87807e-05
 2.14963e-27 2.18395e-27 7.79941e-27 1.92167e-21 1.14289e-16 1.5627e-12 4.91238e-09 3.55019e-06 0.000589859 0.0225322 0.197879 0.39952 0.185756 0.0280101 0.0506828 0.0706204 0.0249985 0.00956758 0.00668402 0.0021736 0.000753161 0.000180959 3.6989e-05 9.19023e-06 2.27031e-06
 2.14845e-27 2.18103e-27 7.4879e-27 1.81599e-21 1.08004e-16 1.47676e-12 4.64222e-09 3.35495e-06 0.000557419 0.021293 0.186997 0.377549 0.175646 0.0292846 0.0650856 0.0908881 0.0316967 0.0106093 0.0071351 0.00225145 0.000770394 0.000194505 3.37476e-05 4.20274e-06 5.13838e-07
 2.14795e-27 2.17983e-27 7.36232e-27 1.7734e-21 1.05471e-16 1.44213e-12 4.53334e-09 3.27626e-06 0.000544345 0.0207936 0.182611 0.368695 0.171561 0.0295268 0.0692328 0.0967702 0.034273 0.0131632 0.00909261 0.00267027 0.00082396 0.000200972 3.46861e-05 3.6858e-06 2.32799e-07
 2.14929e-27 2.18313e-27 7.71305e-27 1.89238e-21 1.12547e-16 1.53888e-12 4.83749e-09 3.49607e-06 0.000580867 0.0221887 0.194862 0.39343 0.18295 0.028273 0.0541231 0.075477 0.026816 0.0105737 0.00740827 0.00233173 0.000773656 0.000176906 2.79504e-05 2.83708e-06 1.50616e-07
 2.15008e-27 2.18505e-27 7.91461e-27 1.96074e-21 1.16613e-16 1.59448e-12 5.01225e-09 3.62237e-06 0.000601851 0.0229903 0.201902 0.407643 0.189502 0.0277628 0.0467251 0.0650171 0.0226864 0.00763428 0.00515115 0.00164858 0.000568584 0.000138794 2.24906e-05 2.13262e-06 1.04519e-07
 2.14936e-27 2.18327e-27 7.7231e-27 1.89577e-21 1.12749e-16 1.54164e-12 4.84615e-09 3.50233e-06 0.000581907 0.0222284 0.195211 0.394135 0.183288 0.0285965 0.0558863 0.0779027 0.0268651 0.00800893 0.00516186 0.00151927 0.00047319 0.000116692 1.99201e-05 1.97197e-06 9.45539e-08
 2.14894e-27 2.18224e-27 7.61572e-27 1.85935e-21 1.10583e-16 1.51202e-12 4.75306e-09 3.43505e-06 0.000570728 0.0218014 0.191461 0.386563 0.179796 0.0288217 0.0595429 0.0830846 0.0290744 0.0100446 0.00671753 0.00186349 0.000518242 0.000115933 1.84803e-05 1.86774e-06 9.33482e-08
 2.1491e-27 2.18264e-27 7.65842e-27 1.87384e-21 1.11444e-16 1.5238e-12 4.79009e-09 3.46181e-06 0.000575175 0.0219713 0.192953 0.389575 0.181182 0.0286591 0.0576424 0.0804059 0.0281291 0.00969647 0.00653055 0.00194156 0.000590717 0.00012508 1.76581e-05 1.62736e-06 7.93827e-08
 2.14909e-27 2.18261e-27 7.65592e-27 1.87299e-21 1.11394e-16 1.52311e-12 4.78792e-09 3.46025e-06 0.000574915 0.0219613 0.192866 0.389399 0.1811 0.0286406 0.0575827 0.0803263 0.0281617 0.00990266 0.00670458 0.00199625 0.000618678 0.000139953 2.05925e-05 1.7591e-06 7.73347e-08
 2.14865e-27 2.18153e-27 7.54098e-27 1.834e-21 1.09075e-16 1.49141e-12 4.68826e-09 3.38822e-06 0.000562947 0.0215042 0.188851 0.381293 0.177367 0.0290169 0.0623226 0.0870104 0.0305623 0.0109313 0.00744251 0.00223986 0.000704662 0.000161055 2.46127e-05 2.20819e-06 9.55585e-08
 2.14775e-27 2.17933e-27 7.30786e-27 1.75492e-21 1.04372e-16 1.4271e-12 4.4861e-09 3.24212e-06 0.000538673 0.020577 0.180708 0.364853 0.169796 0.0298072 0.0721021 0.100797 0.0354552 0.0128429 0.00877946 0.0026623 0.000848242 0.000196355 3.05152e-05 2.81017e-06 1.26422e-07
 2.14759e-27 2.17893e-27 7.26831e-27 1.74151e-21 1.03575e-16 1.4162e-12 4.45184e-09 3.21735e-06 0.000534559 0.0204198 0.179328 0.362066 0.168506 0.0297673 0.0726986 0.101668 0.0361707 0.0144145 0.0100855 0.00307734 0.000989672 0.000231364 3.64884e-05 3.41739e-06 1.57235e-07
 2.14787e-27 2.17964e-27 7.34433e-27 1.76731e-21 1.05109e-16 1.43717e-12 4.51777e-09 3.26501e-06 0.000542476 0.0207222 0.181984 0.367429 0.17097 0.0293774 0.0687025 0.0960539 0.0344387 0.0145713 0.0103924 0.00334334 0.00114897 0.000272858 4.35343e-05 4.13308e-06 1.93301e-07
 2.14814e-27 2.18029e-27 7.41188e-27 1.79021e-21 1.06471e-16 1.4558e-12 4.57633e-09 3.30733e-06 0.000549507 0.0209908 0.184342 0.372191 0.173169 0.0293003 0.0667966 0.093339 0.0330893 0.0128201 0.00900539 0.00299551 0.00108438 0.000273069 4.60363e-05 4.46331e-06 2.11615e-07
 2.14828e-27 2.18065e-27 7.44969e-27 1.80304e-21 1.07234e-16 1.46623e-12 4.60912e-09 3.33102e-06 0.000553445 0.0211412 0.185663 0.374857 0.174397 0.029165 0.0651667 0.0910449 0.0323289 0.0126897 0.00888755 0.0028203 0.000976726 0.000254263 4.5616e-05 4.69662e-06 2.31425e-07
 2.14821e-27 2.18046e-27 7.42942e-27 1.79616e-21 1.06825e-16 1.46064e-12 4.59153e-09 3.31831e-06 0.000551333 0.0210605 0.184955 0.373427 0.173741 0.0293117 0.0664935 0.0929018 0.0328045 0.012293 0.00852344 0.00271871 0.000935622 0.000233597 4.12529e-05 4.44229e-06 2.32196e-07
 2.14835e-27 2.18082e-27 7.46741e-27 1.80905e-21 1.07591e-16 1.47112e-12 4.62448e-09 3.34212e-06 0.000555289 0.0212117 0.186282 0.376107 0.174973 0.0291416 0.0646476 0.090308 0.0319998 0.0123444 0.00859254 0.00267449 0.000894351 0.000222334 3.84436e-05 4.03921e-06 2.1468e-07
 2.14827e-27 2.18061e-27 7.44436e-27 1.80123e-21 1.07126e-16 1.46476e-12 4.60449e-09 3.32768e-06 0.000552888 0.02112 0.185477 0.374481 0.174227 0.0292706 0.0659248 0.0920991 0.0325066 0.0121343 0.00839613 0.00265206 0.000897373 0.00021822 3.68348e-05 3.80589e-06 1.9831e-07
 2.14797e-27 2.17988e-27 7.36802e-27 1.77533e-21 1.05586e-16 1.4437e-12 4.53829e-09 3.27983e-06 0.00054494 0.0208163 0.18281 0.369097 0.171745 0.0294602 0.0687052 0.0960316 0.0340771 0.0133023 0.00928291 0.00288452 0.000959915 0.000235622 3.97345e-05 4.01619e-06 2.04893e-07
 2.14789e-27 2.1797e-27 7.34991e-27 1.7692e-21 1.05221e-16 1.43871e-12 4.52261e-09 3.2685e-06 0.000543056 0.0207444 0.182178 0.367822 0.171153 0.0294152 0.0688148 0.0962031 0.0343672 0.0141465 0.010018 0.00318971 0.00108843 0.000264201 4.41628e-05 4.46729e-06 2.25221e-07
 2.14802e-27 2.18001e-27 7.38329e-27 1.78053e-21 1.05895e-16 1.44792e-12 4.55156e-09 3.28942e-06 0.000546533 0.0208772 0.183345 0.370176 0.172236 0.0292605 0.0671605 0.093876 0.0336083 0.0140663 0.0100333 0.00329324 0.00117114 0.000292077 4.95139e-05 4.97429e-06 2.49545e-07
 2.14779e-27 2.17943e-27 7.32174e-27 1.75964e-21 1.04653e-16 1.43094e-12 4.49818e-09 3.25085e-06 0.000540123 0.0206323 0.181194 0.365835 0.170239 0.0295248 0.0700827 0.0979853 0.0349243 0.0141286 0.0100159 0.00331944 0.00120338 0.00031067 5.48623e-05 5.64154e-06 2.84228e-07
 2.14736e-27 2.17838e-27 7.21145e-27 1.72223e-21 1.02428e-16 1.40052e-12 4.40254e-09 3.18173e-06 0.00052864 0.0201937 0.177342 0.358057 0.166655 0.0298255 0.0742626 0.103891 0.0372051 0.0156053 0.0111221 0.00361716 0.00128739 0.00033607 6.11163e-05 6.53532e-06 3.39558e-07
 2.14674e-27 2.17687e-27 7.05356e-27 1.66868e-21 9.9243e-17 1.35697e-12 4.26566e-09 3.0828e-06 0.000512203 0.0195658 0.171828 0.346925 0.161521 0.0301722 0.0797339 0.111635 0.0403646 0.0181507 0.0131526 0.00436631 0.00158113 0.00040676 7.34538e-05 8.01682e-06 4.30849e-07
 2.14657e-27 2.17649e-27 7.01576e-27 1.65587e-21 9.84811e-17 1.34655e-12 4.23291e-09 3.05913e-06 0.000508271 0.0194156 0.170509 0.344261 0.160287 0.0300972 0.080079 0.112152 0.0409556 0.0196843 0.0145165 0.00502034 0.00190751 0.00050214 9.13089e-05 9.8965e-06 5.36558e-07
#obs surv len freq
 1.23758e-39 6.05711e-33 6.81555e-27 1.76312e-21 1.04859e-16 1.43376e-12 4.50704e-09 3.25725e-06 0.000541196 0.020673 0.18155 0.366555 0.170561 0.0292154 0.0679768 0.0950577 0.0344328 0.0156864 0.0114871 0.00406451 0.00161577 0.000467481 9.86258e-05 1.28293e-05 8.49916e-07
 1.31121e-39 6.41745e-33 7.22102e-27 1.86801e-21 1.11097e-16 1.51906e-12 4.77517e-09 3.45103e-06 0.000573393 0.0219029 0.192351 0.388361 0.180607 0.0282865 0.0557344 0.0777813 0.0280677 0.0124522 0.00905521 0.00315838 0.00123312 0.000350386 7.20678e-05 9.11603e-06 5.88536e-07
 1.15547e-39 5.65521e-33 6.36333e-27 1.64613e-21 9.79018e-17 1.33863e-12 4.208e-09 3.04113e-06 0.000505288 0.0193013 0.169504 0.342235 0.159379 0.0308573 0.0853303 0.119443 0.0420299 0.0152883 0.0106162 0.00363866 0.0013914 0.000388236 7.80799e-05 9.62902e-06 6.04723e-07
 1.34921e-39 6.60345e-33 7.43031e-27 1.92215e-21 1.14318e-16 1.56309e-12 4.91357e-09 3.55105e-06 0.000590012 0.0225377 0.197926 0.399617 0.185781 0.0274873 0.0474635 0.0661735 0.0246686 0.0134018 0.00993808 0.00305332 0.00102228 0.000275414 5.40401e-05 6.5072e-06 3.98456e-07
 1.38785e-39 6.79254e-33 7.64307e-27 1.97719e-21 1.17591e-16 1.60784e-12 5.05427e-09 3.65273e-06 0.000606907 0.023183 0.203594 0.411059 0.191076 0.0276129 0.0447813 0.0622685 0.0215886 0.00682688 0.00464375 0.00179619 0.000740171 0.000183157 3.21497e-05 3.70746e-06 2.21139e-07
 1.26303e-39 6.18166e-33 6.9557e-27 1.79937e-21 1.07016e-16 1.46324e-12 4.59972e-09 3.32423e-06 0.000552325 0.0210981 0.185284 0.374093 0.174062 0.0296553 0.0683906 0.0955153 0.0329059 0.00969949 0.00620648 0.00177539 0.000559622 0.000164082 3.21644e-05 3.4285e-06 1.89886e-07
 1.2791e-39 6.26031e-33 7.0442e-27 1.82227e-21 1.08377e-16 1.48186e-12 4.65824e-09 3.36652e-06 0.000559352 0.0213665 0.187641 0.378852 0.176233 0.0288838 0.0622466 0.0869516 0.0312044 0.0132815 0.00932118 0.0025693 0.000700871 0.00015495 2.68088e-05 3.1604e-06 1.76642e-07
 1.41904e-39 6.9452e-33 7.81485e-27 2.02163e-21 1.20234e-16 1.64398e-12 5.16787e-09 3.73483e-06 0.000620547 0.0237041 0.208169 0.420297 0.195323 0.0269695 0.0380688 0.0528449 0.0187856 0.00744507 0.00525933 0.00175025 0.00060906 0.000129998 1.80876e-05 1.73426e-06 9.51886e-08
 1.41736e-39 6.93699e-33 7.80561e-27 2.01924e-21 1.20092e-16 1.64204e-12 5.16175e-09 3.73041e-06 0.000619813 0.023676 0.207923 0.4198 0.195107 0.0273565 0.0405815 0.0563256 0.0191856 0.00494328 0.00305421 0.000977138 0.000342696 8.75724e-05 1.4232e-05 1.23404e-06 5.53387e-08
 1.35112e-39 6.61278e-33 7.4408e-27 1.92487e-21 1.14479e-16 1.56529e-12 4.92051e-09 3.55606e-06 0.000590845 0.0225695 0.198205 0.400181 0.186076 0.0284002 0.0528657 0.0736306 0.0251635 0.00675073 0.00414057 0.0010736 0.000270845 6.48368e-05 1.13499e-05 1.1442e-06 5.25989e-08
 1.32454e-39 6.48269e-33 7.29443e-27 1.887e-21 1.12227e-16 1.5345e-12 4.82372e-09 3.48611e-06 0.000579222 0.0221255 0.194306 0.392309 0.182444 0.028587 0.0563791 0.0786186 0.0274109 0.00914363 0.00602652 0.00158805 0.000392006 7.52416e-05 1.01366e-05 9.94878e-07 5.03878e-08
 1.36018e-39 6.65716e-33 7.49074e-27 1.93778e-21 1.15247e-16 1.5758e-12 4.95354e-09 3.57993e-06 0.000594811 0.022721 0.199536 0.402867 0.187302 0.0279627 0.0493854 0.068776 0.0241424 0.00858619 0.00581843 0.00169757 0.000496665 9.80066e-05 1.19245e-05 9.23885e-07 4.0583e-08
 1.33571e-39 6.53737e-33 7.35596e-27 1.90292e-21 1.13174e-16 1.54744e-12 4.8644e-09 3.51551e-06 0.000584108 0.0223122 0.195945 0.395618 0.183968 0.0284468 0.0545258 0.075998 0.0263669 0.00838083 0.00552591 0.00166709 0.000523742 0.000115727 1.60328e-05 1.2245e-06 4.58242e-08
 1.29246e-39 6.3257e-33 7.11777e-27 1.8413e-21 1.09509e-16 1.49734e-12 4.7069e-09 3.40168e-06 0.000565195 0.0215897 0.189601 0.382809 0.178067 0.0290055 0.0617972 0.0862611 0.0301801 0.0104097 0.00697965 0.0019929 0.000583293 0.000133104 2.0265e-05 1.74189e-06 6.91507e-08
 1.16973e-39 5.72503e-33 6.44189e-27 1.66646e-21 9.91104e-17 1.35516e-12 4.25994e-09 3.07867e-06 0.000511525 0.0195396 0.171597 0.34646 0.161322 0.0305789 0.0823573 0.115276 0.0408881 0.0158993 0.0110314 0.00327937 0.00100313 0.000218951 3.21599e-05 2.91794e-06 1.27854e-07
 1.26555e-39 6.19398e-33 6.96957e-27 1.80296e-21 1.07229e-16 1.46616e-12 4.60889e-09 3.33086e-06 0.000553426 0.0211402 0.185653 0.374838 0.174368 0.0286169 0.0618268 0.0864319 0.0319864 0.0166723 0.0123342 0.00391379 0.00131244 0.000300385 4.48426e-05 3.95044e-06 1.74778e-07
 1.23178e-39 6.02872e-33 6.78361e-27 1.75486e-21 1.04368e-16 1.42704e-12 4.48592e-09 3.24198e-06 0.00053866 0.0205761 0.180699 0.364838 0.169779 0.0295494 0.0705338 0.0986168 0.0350736 0.0139647 0.0100425 0.00378955 0.00154075 0.000385899 6.2749e-05 5.75266e-06 2.54193e-07
 1.28136e-39 6.27138e-33 7.05665e-27 1.82549e-21 1.08569e-16 1.48448e-12 4.66648e-09 3.37247e-06 0.000560341 0.0214043 0.187973 0.379522 0.176536 0.0287012 0.0609301 0.0851119 0.0307554 0.0137684 0.00993023 0.00320865 0.00117637 0.00034522 6.69768e-05 6.80575e-06 3.20157e-07
 1.24774e-39 6.10682e-33 6.87149e-27 1.77759e-21 1.0572e-16 1.44553e-12 4.54403e-09 3.28398e-06 0.000545638 0.0208427 0.18304 0.369564 0.171958 0.0293914 0.0681448 0.0952434 0.0338122 0.0132564 0.00937763 0.00322519 0.00121077 0.000315669 6.10834e-05 7.24133e-06 3.89407e-07
 1.25608e-39 6.14764e-33 6.91742e-27 1.78947e-21 1.06427e-16 1.45519e-12 4.5744e-09 3.30593e-06 0.000549285 0.020982 0.184264 0.372034 0.173089 0.0290961 0.0655975 0.0916868 0.0330243 0.0144488 0.0103639 0.00331347 0.00116741 0.000314364 5.91658e-05 6.7337e-06 3.91195e-07
 1.27615e-39 6.24584e-33 7.02792e-27 1.81806e-21 1.08127e-16 1.47844e-12 4.64748e-09 3.35874e-06 0.00055806 0.0213172 0.187207 0.377977 0.175828 0.0288617 0.0623759 0.0871332 0.0312404 0.0132246 0.00949608 0.00322387 0.00118993 0.00030258 5.4904e-05 6.20213e-06 3.51991e-07
 1.26474e-39 6.19004e-33 6.96513e-27 1.80181e-21 1.07161e-16 1.46523e-12 4.60596e-09 3.32874e-06 0.000553074 0.0211267 0.185535 0.3746 0.174276 0.0291112 0.0649166 0.0907009 0.0323158 0.0130362 0.00924228 0.00308259 0.00113543 0.000303027 5.55462e-05 6.02222e-06 3.33801e-07
 1.26256e-39 6.17934e-33 6.95309e-27 1.7987e-21 1.06975e-16 1.46269e-12 4.59799e-09 3.32298e-06 0.000552118 0.0210902 0.185214 0.373952 0.173975 0.0290729 0.0648777 0.0906595 0.0324875 0.0136931 0.00976658 0.00317015 0.00112736 0.000296821 5.53264e-05 6.14559e-06 3.35516e-07
 1.25861e-39 6.16005e-33 6.93138e-27 1.79308e-21 1.06641e-16 1.45813e-12 4.58364e-09 3.3126e-06 0.000550394 0.0210243 0.184636 0.372785 0.173437 0.029107 0.0654381 0.0914519 0.0327988 0.0139132 0.00996791 0.00331517 0.00120206 0.00030843 5.58383e-05 6.20377e-06 3.44385e-07
 1.26291e-39 6.18108e-33 6.95505e-27 1.79921e-21 1.07005e-16 1.46311e-12 4.59929e-09 3.32391e-06 0.000552273 0.0210961 0.185266 0.374057 0.174022 0.029021 0.064529 0.0901742 0.0323972 0.0139215 0.0100052 0.00334257 0.00122592 0.000321276 5.83122e-05 6.3232e-06 3.46812e-07
 1.19669e-39 5.85695e-33 6.59033e-27 1.70486e-21 1.01394e-16 1.38638e-12 4.35811e-09 3.14961e-06 0.000523313 0.0199899 0.175551 0.354443 0.164989 0.0299487 0.0761043 0.106494 0.0382055 0.0162453 0.0116613 0.00392546 0.00145342 0.000384124 7.08634e-05 7.76445e-06 4.21418e-07
 1.20245e-39 5.88515e-33 6.62207e-27 1.71307e-21 1.01882e-16 1.39306e-12 4.37909e-09 3.16478e-06 0.000525832 0.0200861 0.176396 0.35615 0.16576 0.0294905 0.0727927 0.101889 0.0374442 0.0187228 0.0138438 0.00463587 0.00170933 0.000455164 8.49209e-05 9.43046e-06 5.17725e-07
 1.23122e-39 6.02596e-33 6.78051e-27 1.75405e-21 1.0432e-16 1.42639e-12 4.48387e-09 3.2405e-06 0.000538414 0.0205667 0.180617 0.364671 0.169686 0.0291313 0.0680316 0.095161 0.0348193 0.0169574 0.0126473 0.00466815 0.00188968 0.000506476 9.45963e-05 1.06074e-05 5.89641e-07
 1.23122e-39 6.02596e-33 6.78051e-27 1.75405e-21 1.0432e-16 1.42639e-12 4.48387e-09 3.2405e-06 0.000538414 0.0205667 0.180617 0.364671 0.169686 0.0291313 0.0680316 0.095161 0.0348193 0.0169574 0.0126473 0.00466815 0.00188968 0.000506476 9.45963e-05 1.06074e-05 5.89641e-07
#pred catch len freq
 2.14622e-27 2.17428e-27 6.71481e-27 1.55367e-21 9.24024e-17 1.26344e-12 3.97164e-09 2.87031e-06 0.000476898 0.0182172 0.159984 0.323012 0.150338 0.0267733 0.0661856 0.0928522 0.0372923 0.0286179 0.0252434 0.0167914 0.0139903 0.011983 0.0122381 0.01128 0.00472145
 2.14868e-27 2.18142e-27 7.52365e-27 1.82813e-21 1.08726e-16 1.48663e-12 4.67324e-09 3.37737e-06 0.000561144 0.0214353 0.188246 0.380072 0.176761 0.0279266 0.0560335 0.0782403 0.0285974 0.0138809 0.0109198 0.00571619 0.00389759 0.00271478 0.00229247 0.00191207 0.000789185
 2.14769e-27 2.17914e-27 7.28604e-27 1.74751e-21 1.03931e-16 1.42107e-12 4.46717e-09 3.22843e-06 0.0005364 0.0204901 0.179945 0.363313 0.169086 0.0298563 0.0728658 0.101856 0.035556 0.0120247 0.0082643 0.00306455 0.00147385 0.000750461 0.000467343 0.000321935 0.000125363
 2.14806e-27 2.1801e-27 7.39182e-27 1.78341e-21 1.06066e-16 1.45027e-12 4.55893e-09 3.29476e-06 0.000547419 0.020911 0.183642 0.370776 0.172516 0.029337 0.0674471 0.0942655 0.0335544 0.0134245 0.00937193 0.00279444 0.000925471 0.000298613 0.0001126 5.41553e-05 1.84064e-05
 2.14942e-27 2.18344e-27 7.74491e-27 1.90318e-21 1.1319e-16 1.54767e-12 4.86511e-09 3.51603e-06 0.000584183 0.0223154 0.195975 0.395677 0.183986 0.0282188 0.0531155 0.0740457 0.0261589 0.009845 0.00684905 0.00222323 0.000768812 0.000184626 3.77275e-05 9.37291e-06 2.31541e-06
 2.14835e-27 2.1808e-27 7.46259e-27 1.8074e-21 1.07493e-16 1.46978e-12 4.62027e-09 3.33908e-06 0.000554783 0.0211923 0.186112 0.375764 0.174825 0.0294002 0.066329 0.0926359 0.0322486 0.0106074 0.0070975 0.00223556 0.000763348 0.000192624 3.34128e-05 4.16068e-06 5.08682e-07
 2.14792e-27 2.17974e-27 7.35229e-27 1.77e-21 1.05268e-16 1.43936e-12 4.52464e-09 3.26997e-06 0.000543301 0.0207537 0.18226 0.367987 0.171237 0.0295932 0.0698516 0.0976369 0.0345049 0.0130133 0.00894905 0.00262384 0.000807817 0.00019692 3.39778e-05 3.61023e-06 2.2802e-07
 2.14916e-27 2.18281e-27 7.67842e-27 1.88063e-21 1.11848e-16 1.52933e-12 4.80746e-09 3.47437e-06 0.000577261 0.022051 0.193653 0.390988 0.181826 0.0284158 0.0557314 0.07774 0.0275607 0.0106788 0.00745054 0.00234092 0.000775091 0.000177143 2.798e-05 2.83982e-06 1.50757e-07
 2.14995e-27 2.18473e-27 7.88012e-27 1.94904e-21 1.15917e-16 1.58496e-12 4.98234e-09 3.60075e-06 0.000598259 0.0228531 0.200697 0.40521 0.188382 0.0279033 0.0483162 0.0672561 0.0234266 0.0077506 0.00520386 0.00166243 0.000572179 0.0001396 2.26155e-05 2.14427e-06 1.05087e-07
 2.14922e-27 2.18292e-27 7.68564e-27 1.88306e-21 1.11993e-16 1.5313e-12 4.81367e-09 3.47885e-06 0.000578006 0.0220794 0.193903 0.391493 0.182072 0.0287522 0.0576328 0.08036 0.027671 0.00811324 0.00519995 0.00152794 0.000474833 0.000117029 1.99726e-05 1.97701e-06 9.47928e-08
 2.14889e-27 2.18211e-27 7.60203e-27 1.8547e-21 1.10306e-16 1.50824e-12 4.74118e-09 3.42647e-06 0.000569302 0.021747 0.190983 0.385598 0.179352 0.028894 0.0602751 0.0841124 0.0293785 0.00997055 0.00663514 0.00183787 0.000509926 0.000114001 1.81673e-05 1.83593e-06 9.17558e-08
 2.14898e-27 2.18233e-27 7.62572e-27 1.86274e-21 1.10785e-16 1.51478e-12 4.76173e-09 3.44132e-06 0.00057177 0.0218412 0.191811 0.387269 0.180121 0.0287976 0.0591828 0.0825729 0.0288344 0.00976938 0.00654787 0.00194348 0.000590017 0.000124864 1.76225e-05 1.6239e-06 7.92117e-08
 2.14894e-27 2.18224e-27 7.61602e-27 1.85945e-21 1.10589e-16 1.5121e-12 4.75332e-09 3.43524e-06 0.00057076 0.0218026 0.191472 0.386585 0.179805 0.0288042 0.0594294 0.0829249 0.0290189 0.0100308 0.00675954 0.00200929 0.00062136 0.000140482 2.06647e-05 1.76511e-06 7.7596e-08
 2.14859e-27 2.18137e-27 7.5245e-27 1.82841e-21 1.08742e-16 1.48686e-12 4.67396e-09 3.37788e-06 0.00056123 0.0214386 0.188275 0.380131 0.176832 0.0291009 0.0631863 0.0882233 0.0309274 0.0108662 0.00736293 0.00221217 0.000694435 0.000158631 2.42355e-05 2.17415e-06 9.40827e-08
 2.14776e-27 2.17934e-27 7.30871e-27 1.75521e-21 1.04389e-16 1.42733e-12 4.48683e-09 3.24265e-06 0.000538761 0.0205803 0.180737 0.364912 0.169824 0.0298358 0.0722593 0.101013 0.0354585 0.0126111 0.00857937 0.00259717 0.000825691 0.000191031 2.96797e-05 2.73298e-06 1.22945e-07
 2.14752e-27 2.17876e-27 7.249e-27 1.73496e-21 1.03185e-16 1.41087e-12 4.43509e-09 3.20525e-06 0.000532547 0.0203429 0.178653 0.360704 0.16788 0.0298678 0.0737231 0.103106 0.0366001 0.0143245 0.00997995 0.00303994 0.000975538 0.000227936 3.59382e-05 3.36555e-06 1.54846e-07
 2.14786e-27 2.17961e-27 7.34097e-27 1.76617e-21 1.05041e-16 1.43624e-12 4.51485e-09 3.2629e-06 0.000542125 0.0207088 0.181866 0.367191 0.170862 0.0294253 0.0690662 0.0965606 0.0345352 0.014344 0.0101885 0.00327179 0.00112206 0.000266332 4.24818e-05 4.03279e-06 1.88605e-07
 2.14806e-27 2.18009e-27 7.39003e-27 1.7828e-21 1.0603e-16 1.44977e-12 4.55738e-09 3.29363e-06 0.000547232 0.0209039 0.183579 0.370649 0.17246 0.0294065 0.0679092 0.0949021 0.0335709 0.0127757 0.00893464 0.00296637 0.00107168 0.000269739 4.54634e-05 4.4074e-06 2.08958e-07
 2.14824e-27 2.18054e-27 7.43779e-27 1.799e-21 1.06994e-16 1.46295e-12 4.59879e-09 3.32356e-06 0.000552204 0.0210938 0.185247 0.374017 0.174011 0.0292369 0.065859 0.0920155 0.0326011 0.012566 0.00876237 0.00277559 0.000959219 0.000249573 4.47636e-05 4.6085e-06 2.27077e-07
 2.14815e-27 2.18031e-27 7.41241e-27 1.79039e-21 1.06481e-16 1.45594e-12 4.57677e-09 3.30765e-06 0.00054956 0.0209928 0.18436 0.372227 0.173189 0.0294006 0.0673979 0.0941716 0.0331837 0.0122136 0.00842972 0.00268396 0.000921741 0.000230011 4.06091e-05 4.3726e-06 2.28548e-07
 2.1483e-27 2.18069e-27 7.45365e-27 1.80438e-21 1.07313e-16 1.46732e-12 4.61254e-09 3.3335e-06 0.000553855 0.0211569 0.185801 0.375136 0.174527 0.0292191 0.0654128 0.0913815 0.03231 0.0122405 0.00848241 0.00263558 0.000879463 0.000218515 3.77735e-05 3.96848e-06 2.10915e-07
 2.14817e-27 2.18037e-27 7.41881e-27 1.79256e-21 1.0661e-16 1.45771e-12 4.58232e-09 3.31166e-06 0.000550227 0.0210183 0.184584 0.372678 0.173398 0.0293883 0.0671866 0.0938726 0.0330647 0.0121256 0.00835205 0.00263344 0.000889209 0.000216122 3.64709e-05 3.76797e-06 1.96329e-07
 2.14785e-27 2.17959e-27 7.3366e-27 1.76468e-21 1.04952e-16 1.43503e-12 4.51104e-09 3.26014e-06 0.000541668 0.0206913 0.181712 0.366881 0.170726 0.0295994 0.0702226 0.0981652 0.0347594 0.0133303 0.0092626 0.00287321 0.00095412 0.000234074 3.94632e-05 3.98844e-06 2.03472e-07
 2.14775e-27 2.17935e-27 7.31268e-27 1.75657e-21 1.0447e-16 1.42844e-12 4.49032e-09 3.24516e-06 0.000539179 0.0205963 0.180878 0.365196 0.169945 0.0295739 0.0705753 0.0986794 0.0351716 0.0142239 0.0100323 0.00318857 0.00108579 0.000263424 4.40213e-05 4.45259e-06 2.24474e-07
 2.1479e-27 2.17971e-27 7.35181e-27 1.76984e-21 1.05259e-16 1.43923e-12 4.52425e-09 3.26969e-06 0.000543254 0.0207519 0.182244 0.367955 0.171215 0.0293995 0.0686785 0.0960107 0.0342922 0.0140989 0.0100163 0.00328162 0.00116465 0.000290314 4.92023e-05 4.94257e-06 2.47947e-07
 2.14767e-27 2.17915e-27 7.29121e-27 1.74928e-21 1.04037e-16 1.42252e-12 4.4717e-09 3.23171e-06 0.000536944 0.0205109 0.180128 0.363682 0.169249 0.0296621 0.0715697 0.100076 0.0355892 0.0141433 0.00998462 0.00330289 0.00119497 0.000308346 5.44383e-05 5.59749e-06 2.82002e-07
 2.14722e-27 2.17804e-27 7.17487e-27 1.70982e-21 1.0169e-16 1.39043e-12 4.37082e-09 3.1588e-06 0.000524831 0.0200482 0.176064 0.355477 0.165468 0.029985 0.0760136 0.106354 0.037998 0.0156573 0.0111148 0.0036082 0.00128158 0.00033438 6.07939e-05 6.50034e-06 3.37732e-07
 2.14661e-27 2.17657e-27 7.02078e-27 1.65756e-21 9.85815e-17 1.34793e-12 4.23722e-09 3.06225e-06 0.000508789 0.0194354 0.170683 0.344613 0.160457 0.0303229 0.0813512 0.113908 0.0410813 0.0181441 0.0130989 0.00434041 0.0015686 0.000403333 7.28166e-05 7.94664e-06 4.27067e-07
 2.14521e-27 2.17315e-27 6.66217e-27 1.53593e-21 9.13476e-17 1.24902e-12 3.9263e-09 2.83754e-06 0.000471454 0.0180092 0.158158 0.319326 0.148801 0.0312325 0.0945255 0.132528 0.0483163 0.0229737 0.0169059 0.00583637 0.00221357 0.00058244 0.000105885 1.14754e-05 6.22148e-07
#obs catch len freq
 1.21477e-39 5.94544e-33 6.6899e-27 1.73061e-21 1.02926e-16 1.40733e-12 4.42395e-09 3.1972e-06 0.000531219 0.0202919 0.178203 0.359798 0.167447 0.0294938 0.0717132 0.100331 0.0363864 0.0167124 0.0122739 0.00438866 0.00177236 0.000524185 0.000113399 1.50941e-05 1.0239e-06
 1.22743e-39 6.0074e-33 6.75962e-27 1.74865e-21 1.03999e-16 1.422e-12 4.47006e-09 3.23052e-06 0.000536755 0.0205034 0.180061 0.363547 0.169177 0.0293852 0.0699198 0.0977926 0.0353472 0.0158646 0.0115797 0.00408476 0.00161857 0.000467584 9.85297e-05 1.28078e-05 8.48112e-07
 1.30319e-39 6.37819e-33 7.17685e-27 1.85658e-21 1.10418e-16 1.50976e-12 4.74596e-09 3.42992e-06 0.000569885 0.0217689 0.191174 0.385986 0.179514 0.0284221 0.0572779 0.0799538 0.028791 0.0125826 0.00911937 0.00317113 0.00123405 0.000350119 7.19266e-05 9.0917e-06 5.86701e-07
 1.14598e-39 5.6088e-33 6.31111e-27 1.63262e-21 9.70983e-17 1.32764e-12 4.17346e-09 3.01617e-06 0.00050114 0.0191429 0.168113 0.339426 0.158087 0.0310277 0.0872172 0.122098 0.0428922 0.0153717 0.0106301 0.00363246 0.00138443 0.000385703 7.74769e-05 9.54784e-06 5.99353e-07
 1.34238e-39 6.57002e-33 7.39269e-27 1.91242e-21 1.13739e-16 1.55517e-12 4.8887e-09 3.53307e-06 0.000587025 0.0224236 0.196924 0.397594 0.18485 0.0276007 0.0487654 0.0680063 0.0252838 0.0135299 0.0100065 0.00306633 0.00102291 0.00027514 5.39205e-05 6.48814e-06 3.97108e-07
 1.38194e-39 6.76365e-33 7.61056e-27 1.96878e-21 1.17091e-16 1.601e-12 5.03277e-09 3.6372e-06 0.000604325 0.0230844 0.202727 0.409311 0.190271 0.0277164 0.04594 0.0638987 0.022123 0.00689503 0.00466733 0.00179928 0.000739315 0.000182702 3.20276e-05 3.69054e-06 2.20027e-07
 1.2559e-39 6.14678e-33 6.91646e-27 1.78922e-21 1.06412e-16 1.45499e-12 4.57377e-09 3.30547e-06 0.000549209 0.0209791 0.184238 0.371982 0.173091 0.0297846 0.0698165 0.0975207 0.0335536 0.00974886 0.00620689 0.00177114 0.000556073 0.000162761 3.18722e-05 3.39502e-06 1.87937e-07
 1.27181e-39 6.2246e-33 7.00402e-27 1.81188e-21 1.07759e-16 1.47341e-12 4.63168e-09 3.34732e-06 0.000556162 0.0212447 0.186571 0.376691 0.175239 0.0290128 0.0636853 0.0889757 0.0318658 0.0133587 0.0093438 0.0025698 0.000698327 0.000154134 2.66289e-05 3.13686e-06 1.75254e-07
 1.41435e-39 6.92226e-33 7.78903e-27 2.01495e-21 1.19837e-16 1.63855e-12 5.15079e-09 3.72249e-06 0.000618497 0.0236258 0.207482 0.418909 0.194684 0.0270518 0.03899 0.054141 0.0192104 0.00749904 0.00527739 0.00175116 0.000607407 0.00012948 1.79911e-05 1.72348e-06 9.45461e-08
 1.41265e-39 6.91395e-33 7.77969e-27 2.01253e-21 1.19693e-16 1.63658e-12 5.14461e-09 3.71802e-06 0.000617755 0.0235974 0.207233 0.418407 0.194466 0.0274409 0.0415164 0.0576406 0.0196125 0.00498365 0.00306122 0.000976565 0.000341302 8.70875e-05 1.41375e-05 1.225e-06 5.49025e-08
 1.34557e-39 6.58565e-33 7.41028e-27 1.91697e-21 1.14009e-16 1.55887e-12 4.90032e-09 3.54148e-06 0.000588421 0.0224769 0.197392 0.39854 0.185321 0.0285006 0.0539735 0.0751887 0.0256667 0.00678935 0.00414152 0.00107163 0.000269244 6.43357e-05 1.12482e-05 1.13318e-06 5.20699e-08
 1.31853e-39 6.4533e-33 7.26136e-27 1.87845e-21 1.11718e-16 1.52754e-12 4.80185e-09 3.4703e-06 0.000576596 0.0220252 0.193426 0.390531 0.181626 0.0286955 0.0575775 0.0803042 0.0279562 0.00918826 0.00602954 0.00158554 0.00038987 7.4715e-05 1.00509e-05 9.85588e-07 4.98941e-08
 1.35454e-39 6.62956e-33 7.45968e-27 1.92975e-21 1.14769e-16 1.56926e-12 4.933e-09 3.56509e-06 0.000592344 0.0226268 0.198708 0.401197 0.186533 0.0280634 0.0505036 0.0703491 0.0246541 0.00863805 0.00582938 0.00169656 0.000494584 9.74645e-05 1.18429e-05 9.16774e-07 4.02463e-08
 1.32986e-39 6.50872e-33 7.32372e-27 1.89458e-21 1.12678e-16 1.54066e-12 4.84308e-09 3.50011e-06 0.000581548 0.0222144 0.195087 0.393884 0.183171 0.0285527 0.0556945 0.0776418 0.0268989 0.0084252 0.0055292 0.00166371 0.000520813 0.000114916 1.59012e-05 1.21359e-06 4.53911e-08
 1.2857e-39 6.2926e-33 7.08053e-27 1.83167e-21 1.08936e-16 1.4895e-12 4.68227e-09 3.38388e-06 0.000562237 0.0214767 0.188609 0.380806 0.177146 0.0291272 0.063144 0.0881555 0.0307944 0.0104647 0.00698678 0.00199014 0.000580296 0.000132215 2.01046e-05 1.7269e-06 6.85242e-08
 1.16113e-39 5.68294e-33 6.39454e-27 1.65421e-21 9.83818e-17 1.34519e-12 4.22863e-09 3.05604e-06 0.000507765 0.019396 0.170335 0.343913 0.16015 0.030735 0.0840783 0.117696 0.0416705 0.0159611 0.0110326 0.00327143 0.000997102 0.000217319 3.18781e-05 2.89017e-06 1.26578e-07
 1.25823e-39 6.15815e-33 6.92925e-27 1.79253e-21 1.06609e-16 1.45768e-12 4.58223e-09 3.31159e-06 0.000550225 0.0210179 0.184579 0.37267 0.17337 0.0287454 0.0632652 0.0884556 0.0326508 0.0167605 0.0123646 0.00391275 0.00130759 0.000298855 4.45586e-05 3.92249e-06 1.73454e-07
 1.22374e-39 5.98936e-33 6.73933e-27 1.7434e-21 1.03687e-16 1.41773e-12 4.45664e-09 3.22082e-06 0.000535144 0.0204418 0.17952 0.362456 0.168684 0.0296933 0.0721296 0.100862 0.0358049 0.0140424 0.0100594 0.00378355 0.00153375 0.000383636 6.23069e-05 5.70814e-06 2.52105e-07
 1.27358e-39 6.23331e-33 7.01382e-27 1.81441e-21 1.0791e-16 1.47547e-12 4.63815e-09 3.352e-06 0.00055694 0.0212744 0.186832 0.377218 0.175476 0.0288361 0.0624479 0.0872476 0.0314595 0.013872 0.00997202 0.0032131 0.00117382 0.000343929 6.66559e-05 6.76888e-06 3.18281e-07
 1.23856e-39 6.06191e-33 6.82095e-27 1.76452e-21 1.04942e-16 1.4349e-12 4.51061e-09 3.25983e-06 0.000541625 0.0206894 0.181694 0.366846 0.170708 0.0295498 0.0699312 0.0977571 0.0346417 0.0133811 0.00942993 0.00323346 0.00120994 0.000314987 6.0873e-05 7.2115e-06 3.87652e-07
 1.24713e-39 6.10386e-33 6.86816e-27 1.77673e-21 1.05669e-16 1.44483e-12 4.54183e-09 3.28239e-06 0.000545374 0.0208326 0.182952 0.369385 0.17187 0.0292491 0.06733 0.0941249 0.0338322 0.0145817 0.0104243 0.00332358 0.00116687 0.000313734 5.89771e-05 6.70733e-06 3.89484e-07
 1.26739e-39 6.20301e-33 6.97973e-27 1.80559e-21 1.07385e-16 1.4683e-12 4.61561e-09 3.33571e-06 0.000554233 0.021171 0.185924 0.375385 0.174635 0.0290109 0.0640677 0.0895142 0.0320303 0.0133576 0.00955804 0.00323534 0.00119026 0.000302226 5.47701e-05 6.1825e-06 3.50715e-07
 1.25494e-39 6.14208e-33 6.91117e-27 1.78785e-21 1.0633e-16 1.45388e-12 4.57027e-09 3.30294e-06 0.000548789 0.020963 0.184097 0.371698 0.172941 0.0292766 0.0668007 0.0933527 0.0331987 0.0131959 0.00932156 0.00310002 0.00113802 0.000303267 5.55247e-05 6.01556e-06 3.33273e-07
 1.25218e-39 6.12855e-33 6.89594e-27 1.78391e-21 1.06096e-16 1.45067e-12 4.5602e-09 3.29567e-06 0.00054758 0.0209168 0.183692 0.370878 0.172561 0.0292455 0.0668577 0.0934466 0.0334208 0.0138802 0.00986609 0.00319349 0.00113177 0.000297532 5.53916e-05 6.14853e-06 3.35524e-07
 1.24773e-39 6.10675e-33 6.87141e-27 1.77757e-21 1.05719e-16 1.44551e-12 4.54398e-09 3.28395e-06 0.000545632 0.0208424 0.183038 0.36956 0.171952 0.0292867 0.0675069 0.0943642 0.033777 0.0141191 0.0100809 0.00334314 0.00120818 0.000309545 5.59705e-05 6.21395e-06 3.44793e-07
 1.25187e-39 6.12702e-33 6.89422e-27 1.78347e-21 1.0607e-16 1.45031e-12 4.55907e-09 3.29485e-06 0.000547443 0.0209116 0.183646 0.370786 0.172516 0.029202 0.0666202 0.0931183 0.0333885 0.0141385 0.010127 0.00337351 0.00123315 0.000322697 5.84998e-05 6.33899e-06 3.47514e-07
 1.18456e-39 5.79761e-33 6.52357e-27 1.68758e-21 1.00367e-16 1.37234e-12 4.31395e-09 3.1177e-06 0.000518011 0.0197873 0.173773 0.350852 0.163336 0.0301501 0.0784161 0.109748 0.0392957 0.0164652 0.0117789 0.0039535 0.00145896 0.000385021 7.09433e-05 7.76773e-06 4.21402e-07
 1.18944e-39 5.82149e-33 6.55044e-27 1.69454e-21 1.0078e-16 1.37799e-12 4.33172e-09 3.13055e-06 0.000520145 0.0198689 0.174488 0.352297 0.163987 0.0296975 0.0752173 0.105304 0.0386079 0.0190242 0.0140265 0.00468357 0.00172118 0.000457641 8.52807e-05 9.46375e-06 5.19318e-07
 1.15957e-39 5.67531e-33 6.38595e-27 1.65198e-21 9.82496e-17 1.34339e-12 4.22295e-09 3.05193e-06 0.000507083 0.0193699 0.170107 0.343451 0.159911 0.0300742 0.0801833 0.112303 0.0410533 0.0198738 0.0148015 0.00544951 0.00220049 0.000589046 0.000109897 1.2315e-05 6.84272e-07
#spawning biomass
 2446.23 2293.03 2316.29 2056.62 2142.68 3592.56 4082.7 4135.34 6295.83 10729.5 16204.4 19273.1 26748.8 37875.7 41105.9 35204.9 33614.3 29871 31542 31690.3 33067.6 34167.6 37430.2 40538.1 44828 48022.7 49102.7 48220.4 42428.4 123588 172904 158592 108636 70624.4 47988.2 35571.2 29057.1 25734.8 24071.8 23249.7 22846.8 22650.5 22555.3 22509.2 22486.9 22476.2 22471 22468.6 22467.4 22466.8 22466.5 22466.4 22466.3 22466.3 22466.3 22466.3 22466.3 22466.3 22466.3 22466.3 22466.3 22466.3 22466.3 22466.3 22466.3 22466.3 22466.3 22466.3 22466.3 22466.3 22466.3 22466.3 22466.3 22466.3 22466.3 22466.3 22466.3 22466.3 22466.3 22466.3 22466.3 22466.3 22466.3 22466.3 22466.3 22466.3 22466.3 22466.3 22466.3 22466.3 22466.3 22466.3 22466.3 22466.3 22466.3 22466.3 22466.3 22466.3 22466.3 22466.3 22466.3 22466.3 22466.3 22466.3 22466.3 22466.3 22466.3 22466.3 22466.3 22466.3 22466.3 22466.3 22466.3 22466.3 22466.3 22466.3 22466.3 22466.3 22466.3 22466.3 22466.3 22466.3 22466.3 22466.3 22466.3 22466.3 22466.3 22466.3 22466.3 0 0 0 0 0 0 0 0 0 0 0 0 0 0 0 0 0 0 0 0 0 0 0 0 0
