SBPRF35
0.0271545
Curr Bio
205882
B35
73382.3
F35
7.7269
FOFL
7.7269
OFL
203821
Bzero
7758.42
#pred survey bio
 5599.59 6514.58 9475.17 13540.6 18806.5 23050.4 26583.7 32738.4 46436 66407.7 89305.4 115801 150566 167882 150463 136788 127965 122212 127990 122053 146049 169621 182898 197649 206567 202725 185108 162789 3.29168e+06 926200 224431 109414 81175 74219.7 72562.7 72173.3 72082.2 72060.8 72055.8 72054.7 72054.4 72054.3 72054.3 72054.3 72054.3 72054.3 72054.3 72054.3 72054.3 72054.3 72054.3 72054.3 72054.3 72054.3 72054.3 72054.3 72054.3 72054.3 72054.3 72054.3 72054.3 72054.3 72054.3 72054.3 72054.3 72054.3 72054.3 72054.3 72054.3 72054.3 72054.3 72054.3 72054.3 72054.3 72054.3 72054.3 72054.3 72054.3 72054.3 72054.3 72054.3 72054.3 72054.3 72054.3 72054.3 72054.3 72054.3 72054.3 72054.3 72054.3 72054.3 72054.3 72054.3 72054.3 72054.3 72054.3 72054.3 72054.3 72054.3 72054.3 72054.3 72054.3 72054.3 72054.3 72054.3 72054.3 72054.3 72054.3 72054.3 72054.3 72054.3 72054.3 72054.3 72054.3 72054.3 72054.3 72054.3 72054.3 72054.3 72054.3 72054.3 72054.3 72054.3 72054.3 72054.3 72054.3 72054.3 72054.3 0 0 0 0 0 0 0 0 0 0 0 0 0 0 0 0 0 0 0 0 0 0 0 0 0
#obs survey bio
 3770.47 8219.56 8603.32 19224.5 25707 21170.3 33652.1 25125.3 63374.8 75780.4 101624 109249 146071 163639 132620 143374 98739.5 99274.3 94566.6 126615 144703 148151 173182 225168 239308 172155 182821 165977
#pred catch bio
 1975.04 3172.25 4110.24 5400.72 7927.49 11523.8 13124.9 17567.9 22837.5 30187.2 43815.3 53779.4 76494.2 106129 94325.6 88149.1 83183.8 66440.5 94593.9 62854 70252.5 92456.8 95613.8 98196.3 103547 105215 96478 104163 203821 42532.5 4848.04 4292.41 4292.04 4292.04 4292.04 4292.04 4292.04 4292.04 4292.04 4292.04 4292.04 4292.04 4292.04 4292.04 4292.04 4292.04 4292.04 4292.04 4292.04 4292.04 4292.04 4292.04 4292.04 4292.04 4292.04 4292.04 4292.04 4292.04 4292.04 4292.04 4292.04 4292.04 4292.04 4292.04 4292.04 4292.04 4292.04 4292.04 4292.04 4292.04 4292.04 4292.04 4292.04 4292.04 4292.04 4292.04 4292.04 4292.04 4292.04 4292.04 4292.04 4292.04 4292.04 4292.04 4292.04 4292.04 4292.04 4292.04 4292.04 4292.04 4292.04 4292.04 4292.04 4292.04 4292.04 4292.04 4292.04 4292.04 4292.04 4292.04 4292.04 4292.04 4292.04 4292.04 4292.04 4292.04 4292.04 4292.04 4292.04 4292.04 4292.04 4292.04 4292.04 4292.04 4292.04 4292.04 4292.04 4292.04 4292.04 4292.04 4292.04 4292.04 4292.04 4292.04 4292.04 4292.04 4292.04 4292.04 0 0 0 0 0 0 0 0 0 0 0 0 0 0 0 0 0 0 0 0 0 0 0 0 0
#obs catch bio
 2848.53 3245.9 4077.55 5265.84 7494.79 11157 12780.3 17648.5 22475 29319.2 42990.6 52039.2 75234.3 105288 96212.1 93103.8 84765.4 66834.5 105584 63517.6 69470.7 95811.6 96556.2 99193 102359 107005 95243.5 106033
#pred cpue bio
 4696.43 4450.43 6431.96 9404.16 13198.7 16626.9 19005.5 23056.3 31322.1 45572 62619.9 80902.5 105826 121815 111644 100420 92923.6 88424.5 92992.9 86070.5 103614 122161 131812 143187 152017 151228 139910 123905 2.40437e+06 853119 219071 89246.5 58064.4 50763.2 49072.3 48679.7 48588.3 48566.9 48561.9 48560.8 48560.5 48560.4 48560.4 48560.4 48560.4 48560.4 48560.4 48560.4 48560.4 48560.4 48560.4 48560.4 48560.4 48560.4 48560.4 48560.4 48560.4 48560.4 48560.4 48560.4 48560.4 48560.4 48560.4 48560.4 48560.4 48560.4 48560.4 48560.4 48560.4 48560.4 48560.4 48560.4 48560.4 48560.4 48560.4 48560.4 48560.4 48560.4 48560.4 48560.4 48560.4 48560.4 48560.4 48560.4 48560.4 48560.4 48560.4 48560.4 48560.4 48560.4 48560.4 48560.4 48560.4 48560.4 48560.4 48560.4 48560.4 48560.4 48560.4 48560.4 48560.4 48560.4 48560.4 48560.4 48560.4 48560.4 48560.4 48560.4 48560.4 48560.4 48560.4 48560.4 48560.4 48560.4 48560.4 48560.4 48560.4 48560.4 48560.4 48560.4 48560.4 48560.4 48560.4 48560.4 48560.4 48560.4 48560.4 48560.4 0 0 0 0 0 0 0 0 0 0 0 0 0 0 0 0 0 0 0 0 0 0 0 0 0
#obs cpue bio
 4342.21 5486.76 5705.17 10534 14678.3 15964.4 15352.1 25106.1 29236.7 44029.2 62278.5 97765.6 100483 137535 89524 75087.9 134273 84278.2 77448 95304.9 123767 96402 160645 115808 165054 135256 173866 110469
#pred surv len freq
 3.66351e-11 1.72314e-09 5.61216e-08 1.26568e-06 1.97655e-05 0.000213735 0.00160044 0.00829876 0.0298039 0.0741865 0.128338 0.155964 0.138561 0.101815 0.0771507 0.0650852 0.0535432 0.0411114 0.031328 0.0245479 0.0198517 0.0166571 0.014034 0.010872 0.00701605
 4.73022e-11 2.22487e-09 7.24626e-08 1.63421e-06 2.55206e-05 0.000275968 0.00206642 0.0107146 0.0384746 0.0957149 0.16521 0.199018 0.171128 0.113496 0.070092 0.0480967 0.0339237 0.0217871 0.0129266 0.00743207 0.00420368 0.00242385 0.00149309 0.000946634 0.000548816
 4.55651e-11 2.14317e-09 6.98015e-08 1.5742e-06 2.45834e-05 0.000265834 0.00199054 0.0103214 0.0370649 0.0922323 0.159365 0.192759 0.168275 0.117068 0.0794719 0.0587165 0.0407113 0.0232053 0.0109775 0.00465692 0.00184908 0.000682045 0.000239566 8.70185e-05 3.39928e-05
 4.45626e-11 2.09601e-09 6.82657e-08 1.53956e-06 2.40424e-05 0.000259985 0.00194674 0.0100943 0.0362501 0.0902102 0.155908 0.188755 0.165357 0.116319 0.080786 0.0613017 0.0438037 0.0262157 0.0133358 0.00602229 0.00237257 0.000774719 0.00020613 4.62478e-05 9.40359e-06
 4.41299e-11 2.07566e-09 6.76028e-08 1.52461e-06 2.3809e-05 0.000257461 0.00192784 0.00999631 0.0358984 0.0893371 0.154414 0.187016 0.164062 0.115912 0.081211 0.0622379 0.0449708 0.0274275 0.0144052 0.00678863 0.00280629 0.000965695 0.000269534 6.08772e-05 1.11123e-05
 4.21667e-11 1.98332e-09 6.45954e-08 1.45679e-06 2.27498e-05 0.000246007 0.00184209 0.00955176 0.0343036 0.0853849 0.147696 0.179413 0.159119 0.11613 0.086155 0.069092 0.0508411 0.0311836 0.0164303 0.00778336 0.00324953 0.00113749 0.000325916 7.61874e-05 1.44192e-05
 4.30334e-11 2.02409e-09 6.59232e-08 1.48673e-06 2.32174e-05 0.000251064 0.00187995 0.00974801 0.0350076 0.0871282 0.150651 0.182717 0.161132 0.115663 0.0834417 0.0656376 0.0482214 0.0299155 0.0160639 0.0077354 0.00324565 0.0011289 0.000319387 7.37711e-05 1.38908e-05
 4.39266e-11 2.0661e-09 6.72915e-08 1.51759e-06 2.36994e-05 0.000256275 0.00191897 0.00995029 0.0357333 0.0889278 0.153717 0.186221 0.163525 0.115879 0.0816394 0.0628691 0.0455465 0.0278442 0.0146814 0.006965 0.00291009 0.00101845 0.000291522 6.80718e-05 1.28843e-05
 4.64806e-11 2.18622e-09 7.12039e-08 1.60583e-06 2.50773e-05 0.000271175 0.00203053 0.0105286 0.0378081 0.0940709 0.162468 0.196165 0.17013 0.11598 0.0757612 0.0544048 0.0379512 0.0225625 0.0114962 0.00525006 0.00212022 0.000719963 0.00020018 4.5551e-05 8.46713e-06
 4.50437e-11 2.11864e-09 6.90028e-08 1.55618e-06 2.43021e-05 0.000262792 0.00196776 0.0102033 0.0366412 0.0911812 0.157571 0.190694 0.166815 0.116805 0.0803408 0.0602245 0.0423657 0.0246846 0.0120569 0.00523449 0.00202846 0.000668782 0.000181347 4.02308e-05 7.28817e-06
 4.3952e-11 2.06729e-09 6.73303e-08 1.51847e-06 2.3713e-05 0.000256423 0.00192007 0.00995604 0.0357541 0.0889808 0.153817 0.186383 0.163797 0.116338 0.0822512 0.0633702 0.0456149 0.0274267 0.0140378 0.0063969 0.00254954 0.000842593 0.0002248 4.85977e-05 8.56473e-06
 4.43198e-11 2.08459e-09 6.78937e-08 1.53117e-06 2.39115e-05 0.000258568 0.00193614 0.0100393 0.0360528 0.0897203 0.15507 0.187779 0.164632 0.116094 0.0810273 0.0618253 0.0444491 0.026883 0.0139301 0.00645742 0.00262557 0.000888309 0.000243448 5.39731e-05 9.66005e-06
 4.3894e-11 2.06456e-09 6.72415e-08 1.51646e-06 2.36818e-05 0.000256085 0.00191754 0.00994291 0.0357069 0.0888634 0.153614 0.186135 0.163575 0.116175 0.0821465 0.0633446 0.0457123 0.0276481 0.0143155 0.0066442 0.00271725 0.000930333 0.000259734 5.89886e-05 1.08475e-05
 4.14916e-11 1.95157e-09 6.35613e-08 1.43347e-06 2.23856e-05 0.000242069 0.0018126 0.00939892 0.0337555 0.0840276 0.145397 0.176852 0.157592 0.116585 0.0884106 0.0719319 0.0529738 0.0321671 0.0166177 0.00767196 0.00311446 0.00105631 0.000291765 6.56598e-05 1.20271e-05
 3.98007e-11 1.87204e-09 6.0971e-08 1.37505e-06 2.14734e-05 0.000232204 0.00173874 0.00901603 0.0323818 0.0806228 0.139605 0.170276 0.153243 0.116576 0.0923969 0.077648 0.058096 0.0356995 0.0186789 0.00869307 0.00351324 0.00116853 0.000312257 6.74095e-05 1.18359e-05
 4.11107e-11 1.93365e-09 6.29778e-08 1.42031e-06 2.21801e-05 0.000239847 0.00179596 0.00931264 0.0334456 0.0832567 0.144065 0.175243 0.1562 0.115677 0.0880104 0.0721667 0.0540488 0.0339082 0.0183753 0.00887199 0.00368517 0.00124875 0.000338262 7.3621e-05 1.29137e-05
 4.15686e-11 1.95519e-09 6.36792e-08 1.43612e-06 2.24271e-05 0.000242518 0.00181596 0.00941633 0.0338179 0.0841815 0.145653 0.177116 0.157676 0.116336 0.0878709 0.0713794 0.0527149 0.0322631 0.0168803 0.00789694 0.0032335 0.00109956 0.000302573 6.72809e-05 1.20506e-05
 4.17516e-11 1.9638e-09 6.39596e-08 1.44245e-06 2.25259e-05 0.000243586 0.00182396 0.00945779 0.0339666 0.0845507 0.146284 0.177847 0.158207 0.116472 0.0876393 0.0709442 0.0522253 0.0317973 0.0164846 0.00760937 0.00306241 0.00101858 0.000272912 5.91075e-05 1.03927e-05
 4.17796e-11 1.96511e-09 6.40025e-08 1.44341e-06 2.2541e-05 0.000243749 0.00182518 0.00946411 0.0339891 0.0846044 0.146362 0.177871 0.158004 0.115866 0.086699 0.0701212 0.0520397 0.0323188 0.0172962 0.00826958 0.00342817 0.00116911 0.00032084 7.10258e-05 1.26815e-05
 4.33179e-11 2.03747e-09 6.6359e-08 1.49656e-06 2.3371e-05 0.000252724 0.00189238 0.00981248 0.0352392 0.0877062 0.15166 0.183988 0.162395 0.116836 0.0844642 0.0660943 0.0475751 0.0282241 0.0140948 0.00624694 0.00243746 0.000794263 0.000209345 4.45903e-05 7.70262e-06
 4.33113e-11 2.03716e-09 6.63489e-08 1.49633e-06 2.33674e-05 0.000252685 0.00189209 0.00981095 0.0352335 0.0876896 0.151615 0.183859 0.162044 0.1161 0.0834225 0.0652497 0.0475072 0.0289791 0.0151424 0.00705174 0.00285476 0.000951654 0.000254688 5.48792e-05 9.554e-06
 4.2293e-11 1.98926e-09 6.4789e-08 1.46115e-06 2.2818e-05 0.000246744 0.00184761 0.00958037 0.0344063 0.0856392 0.148127 0.179899 0.159426 0.116093 0.0858076 0.0686388 0.0504905 0.0309985 0.0163464 0.00772877 0.00320262 0.00110437 0.000309037 6.99824e-05 1.27502e-05
 4.22591e-11 1.98767e-09 6.47371e-08 1.45998e-06 2.27997e-05 0.000246547 0.00184613 0.0095727 0.0343787 0.0855708 0.14801 0.179763 0.159325 0.116063 0.0858467 0.0687267 0.0506061 0.0311164 0.0164343 0.00776974 0.00320972 0.00110076 0.000306457 6.93918e-05 1.27596e-05
 4.19471e-11 1.97299e-09 6.42591e-08 1.4492e-06 2.26314e-05 0.000244726 0.0018325 0.00950204 0.0341252 0.0849421 0.146939 0.178535 0.158475 0.115955 0.0864266 0.0696441 0.0515146 0.0318494 0.0169557 0.00808837 0.00336867 0.00116402 0.000326476 7.44066e-05 1.37442e-05
 4.0884e-11 1.92299e-09 6.26305e-08 1.41247e-06 2.20578e-05 0.000238524 0.00178606 0.0092613 0.0332615 0.0828006 0.143292 0.174376 0.155664 0.115778 0.0886783 0.0730033 0.0546494 0.0341718 0.018467 0.00895449 0.00378477 0.00132658 0.000377967 8.76022e-05 1.64418e-05
 4.00324e-11 1.88293e-09 6.13259e-08 1.38305e-06 2.15984e-05 0.000233556 0.00174886 0.00906845 0.0325695 0.0810842 0.140364 0.171013 0.153306 0.115401 0.0901433 0.0754131 0.0571244 0.0362598 0.0200057 0.00990807 0.00425927 0.00151433 0.000437808 0.000103082 1.96605e-05
 3.90656e-11 1.83746e-09 5.98449e-08 1.34965e-06 2.10767e-05 0.000227915 0.00170662 0.00884951 0.031784 0.0791365 0.137046 0.167227 0.150736 0.115208 0.0921428 0.0784231 0.0599582 0.0383901 0.0214203 0.0107383 0.00466974 0.00168052 0.000492649 0.000117744 2.27874e-05
 3.87206e-11 1.82123e-09 5.93164e-08 1.33773e-06 2.08906e-05 0.000225903 0.00169156 0.00877139 0.0315036 0.07844 0.135851 0.165822 0.149644 0.114755 0.0923009 0.0790335 0.0609027 0.0395146 0.0224587 0.0114637 0.00505496 0.00184031 0.000545925 0.000132166 2.59232e-05
#obs surv len freq
 4.09973e-11 1.92832e-09 6.2804e-08 1.41639e-06 2.21189e-05 0.000239185 0.00179101 0.00928696 0.0333538 0.0830298 0.143687 0.174852 0.156066 0.116008 0.0886923 0.0727055 0.0539649 0.0332865 0.0178141 0.00880661 0.00400639 0.00161366 0.000563042 0.000167958 4.19547e-05
 4.92706e-11 2.31745e-09 7.5478e-08 1.70222e-06 2.65826e-05 0.000287452 0.0021524 0.0111604 0.0400745 0.0996854 0.171999 0.206895 0.176912 0.115129 0.0679243 0.0438992 0.0292905 0.0174847 0.00925705 0.00454835 0.00205773 0.000823602 0.000285164 8.42929e-05 2.08422e-05
 4.14051e-11 1.9475e-09 6.34287e-08 1.43048e-06 2.2339e-05 0.000241565 0.00180883 0.0093794 0.0336864 0.0838636 0.14517 0.17684 0.15842 0.118889 0.0918987 0.0748383 0.0533119 0.0298047 0.0133733 0.00531778 0.00203972 0.000750687 0.000251532 7.33555e-05 1.79804e-05
 4.72528e-11 2.22254e-09 7.23868e-08 1.6325e-06 2.54939e-05 0.00027568 0.00206426 0.0107035 0.0384354 0.0956238 0.165099 0.199103 0.171904 0.115521 0.073279 0.0512659 0.0355902 0.0214482 0.0112113 0.00525575 0.00216176 0.000748042 0.000217249 5.45476e-05 1.20173e-05
 4.46324e-11 2.09929e-09 6.83726e-08 1.54198e-06 2.40802e-05 0.000260393 0.0019498 0.0101102 0.0363075 0.0903562 0.156184 0.189199 0.166096 0.117543 0.0823483 0.0623917 0.0435142 0.0245973 0.0114392 0.00478703 0.00190336 0.000695863 0.000220555 5.8203e-05 1.24993e-05
 4.36282e-11 2.05206e-09 6.68342e-08 1.50728e-06 2.35384e-05 0.000254534 0.00190593 0.00988273 0.0354915 0.088332 0.15273 0.185228 0.1633 0.117069 0.0840553 0.0652785 0.0465822 0.0272494 0.0133438 0.00584156 0.00231636 0.000802524 0.000238202 6.07298e-05 1.31678e-05
 4.3261e-11 2.03479e-09 6.62717e-08 1.4946e-06 2.33402e-05 0.000252392 0.00188989 0.00979958 0.0351931 0.0875914 0.151463 0.18376 0.162227 0.11678 0.0844957 0.0661331 0.0475666 0.0282074 0.0141672 0.00643795 0.00266453 0.000961611 0.000293516 7.49953e-05 1.58776e-05
 4.58776e-11 2.15786e-09 7.028e-08 1.58499e-06 2.47519e-05 0.000267657 0.00200419 0.0103921 0.0373185 0.0928578 0.16041 0.193858 0.168701 0.116239 0.0775391 0.0566731 0.0396522 0.0233843 0.0117899 0.00541279 0.00227852 0.000843287 0.000266181 7.05969e-05 1.54445e-05
 4.69719e-11 2.20933e-09 7.19564e-08 1.6228e-06 2.53423e-05 0.000274041 0.00205199 0.0106399 0.0382077 0.0950631 0.164171 0.198171 0.171703 0.11666 0.0755644 0.0534968 0.0364542 0.0207539 0.00989767 0.00426183 0.00171502 0.000624289 0.000197854 5.33584e-05 1.19642e-05
 4.40231e-11 2.07064e-09 6.74392e-08 1.52093e-06 2.37514e-05 0.000256838 0.00192318 0.00997218 0.0358126 0.0891295 0.154098 0.186834 0.164544 0.117574 0.083845 0.0645301 0.0454359 0.0259092 0.0121529 0.00506639 0.00195019 0.00067399 0.000202659 5.24181e-05 1.14956e-05
 4.53542e-11 2.13324e-09 6.94783e-08 1.56691e-06 2.44695e-05 0.000264603 0.00198132 0.0102736 0.0368934 0.0918052 0.158626 0.191866 0.1675 0.116556 0.0792421 0.0588551 0.0413461 0.0242329 0.0120071 0.0053426 0.00214752 0.000747778 0.000219957 5.46263e-05 1.14177e-05
 4.55212e-11 2.1411e-09 6.97342e-08 1.57268e-06 2.45597e-05 0.000265578 0.00198862 0.0103114 0.0370293 0.0921428 0.159207 0.192555 0.168053 0.116828 0.0792308 0.0585827 0.0408196 0.0235541 0.0114011 0.00497967 0.00201119 0.000722373 0.000221952 5.71529e-05 1.21147e-05
 4.33221e-11 2.03766e-09 6.63654e-08 1.49671e-06 2.33732e-05 0.000252748 0.00189256 0.00981344 0.035243 0.0877169 0.15169 0.184076 0.162639 0.117342 0.0851634 0.0666052 0.0474807 0.027547 0.013308 0.00576733 0.00229873 0.000813473 0.000247717 6.40913e-05 1.38542e-05
 4.02989e-11 1.89547e-09 6.17341e-08 1.39226e-06 2.17421e-05 0.000235111 0.0017605 0.00912885 0.0327869 0.0816286 0.14133 0.1723 0.154805 0.117189 0.0920762 0.0765945 0.0564849 0.0338502 0.0171295 0.0078203 0.00323329 0.00116101 0.000353261 9.06469e-05 1.94238e-05
 3.76875e-11 1.77264e-09 5.77337e-08 1.30204e-06 2.03332e-05 0.000219876 0.00164643 0.00853748 0.030665 0.076366 0.132356 0.162012 0.147661 0.116224 0.0968305 0.0841658 0.0640135 0.0399697 0.0215426 0.0105829 0.00466824 0.00176955 0.000564193 0.000150076 3.28382e-05
 4.17488e-11 1.96366e-09 6.39552e-08 1.44235e-06 2.25244e-05 0.000243569 0.00182383 0.00945709 0.0339637 0.0845375 0.146223 0.177594 0.157414 0.114727 0.0850667 0.068629 0.0514969 0.0329768 0.0187136 0.00978968 0.00460055 0.00186178 0.000635595 0.000180478 4.17683e-05
 4.08022e-11 1.91914e-09 6.25051e-08 1.40965e-06 2.20137e-05 0.000238047 0.00178248 0.00924278 0.0331954 0.0826385 0.14303 0.174146 0.155735 0.116378 0.0896663 0.0737321 0.0544637 0.0331723 0.017473 0.00860122 0.00398868 0.00166533 0.000601415 0.000182257 4.50341e-05
 4.01083e-11 1.8865e-09 6.14422e-08 1.38568e-06 2.16393e-05 0.000233999 0.00175217 0.00908567 0.0326316 0.0812402 0.140645 0.171409 0.153827 0.116108 0.0909401 0.0758395 0.0566791 0.0350428 0.0187419 0.00921291 0.00414587 0.00165143 0.000574203 0.000172571 4.36501e-05
 4.01316e-11 1.8876e-09 6.14778e-08 1.38648e-06 2.16519e-05 0.000234135 0.00175319 0.00909091 0.0326504 0.0812856 0.140715 0.171452 0.153733 0.115767 0.0903854 0.0753236 0.0565013 0.0352723 0.0191843 0.00962421 0.00440516 0.00176749 0.000609556 0.000178994 4.40419e-05
 4.30176e-11 2.02334e-09 6.58989e-08 1.48619e-06 2.32089e-05 0.000250972 0.00187926 0.00974444 0.0349948 0.0870958 0.150592 0.182637 0.161027 0.115507 0.083202 0.0653078 0.0478556 0.0296628 0.0161096 0.00810793 0.00374532 0.0015245 0.000534111 0.000158594 3.90817e-05
 4.18474e-11 1.9683e-09 6.41063e-08 1.44576e-06 2.25776e-05 0.000244145 0.00182814 0.00947949 0.0340447 0.0847446 0.146619 0.178253 0.158559 0.116692 0.0876743 0.070672 0.0515509 0.0309164 0.0158577 0.0075153 0.00334012 0.00133967 0.000469469 0.000140542 3.50256e-05
 4.07685e-11 1.91755e-09 6.24535e-08 1.40848e-06 2.19955e-05 0.00023785 0.00178101 0.00923516 0.033168 0.0825703 0.142911 0.174 0.155603 0.116287 0.0896508 0.0738716 0.0548145 0.0336182 0.0177528 0.00857483 0.0037742 0.00146013 0.000489274 0.000141379 3.45937e-05
 4.14127e-11 1.94785e-09 6.34402e-08 1.43074e-06 2.2343e-05 0.000241608 0.00180915 0.009381 0.0336911 0.0838649 0.145101 0.176426 0.157 0.115718 0.0872999 0.0709841 0.0527275 0.0327799 0.0177577 0.00885649 0.00401822 0.00159098 0.00053825 0.000154071 3.67596e-05
 4.06209e-11 1.91061e-09 6.22274e-08 1.40339e-06 2.19159e-05 0.000236989 0.00177456 0.00920172 0.033048 0.0822717 0.142396 0.173381 0.155074 0.115953 0.0894958 0.0738873 0.0550444 0.0340692 0.0183309 0.0091291 0.00418471 0.00169344 0.000589148 0.000173102 4.20133e-05
 4.00589e-11 1.88418e-09 6.13665e-08 1.38397e-06 2.16127e-05 0.000233711 0.00175002 0.00907446 0.0325913 0.0811392 0.140466 0.171169 0.153544 0.115762 0.0905473 0.0755518 0.0566953 0.0353968 0.0192598 0.00967931 0.00445144 0.0018024 0.000629695 0.000187216 4.62923e-05
 3.94962e-11 1.85771e-09 6.05045e-08 1.36453e-06 2.13091e-05 0.000230428 0.00172544 0.00894704 0.0321341 0.0800051 0.138531 0.168947 0.151988 0.115516 0.0915113 0.0771191 0.0582764 0.0367139 0.0202484 0.0103353 0.00481967 0.00197397 0.000695749 0.000208193 5.17911e-05
 3.74703e-11 1.76242e-09 5.7401e-08 1.29454e-06 2.02161e-05 0.000218608 0.00163694 0.00848827 0.0304882 0.0759252 0.131589 0.161056 0.14674 0.115413 0.0961296 0.0837588 0.0642014 0.0408141 0.0227522 0.0117608 0.00555786 0.00230894 0.000825959 0.000250574 6.30467e-05
 4.03536e-11 1.89804e-09 6.18179e-08 1.39415e-06 2.17717e-05 0.00023543 0.00176289 0.00914115 0.0328301 0.081726 0.14143 0.172102 0.15361 0.114236 0.0876262 0.0726407 0.0553933 0.0360645 0.0209433 0.0112696 0.00547738 0.00231929 0.00084298 0.000259657 6.62958e-05
#pred catch len freq
 2.97761e-11 1.40053e-09 4.56143e-08 1.02872e-06 1.60649e-05 0.00017372 0.00130082 0.00674545 0.0242299 0.0603572 0.104722 0.128719 0.119068 0.0976017 0.0869236 0.0818229 0.0706517 0.0556652 0.0428636 0.033191 0.0260312 0.0210724 0.017264 0.013157 0.008422
 4.32685e-11 2.03514e-09 6.62834e-08 1.49485e-06 2.33443e-05 0.000252435 0.00189021 0.00980119 0.0351976 0.0875919 0.151389 0.183316 0.160707 0.113357 0.079387 0.0614136 0.0457607 0.0298978 0.017772 0.0100981 0.0055474 0.00305876 0.00179933 0.00110548 0.000630844
 4.07751e-11 1.91786e-09 6.24636e-08 1.40871e-06 2.1999e-05 0.000237889 0.0017813 0.00923671 0.033174 0.0825913 0.142987 0.174276 0.156431 0.118076 0.0922279 0.0760379 0.0551656 0.0319721 0.0152768 0.00652154 0.00258009 0.000934066 0.000316797 0.000109999 4.13628e-05
 3.9304e-11 1.84867e-09 6.021e-08 1.35789e-06 2.12054e-05 0.000229306 0.00171704 0.00890355 0.0319784 0.0796239 0.137913 0.168391 0.152119 0.116911 0.0940579 0.0797426 0.0596745 0.0364306 0.0188143 0.00859887 0.00340207 0.00110502 0.000289657 6.33984e-05 1.24644e-05
 3.88833e-11 1.82888e-09 5.95656e-08 1.34335e-06 2.09784e-05 0.000226852 0.00169866 0.00880827 0.0316364 0.0787744 0.136455 0.166676 0.150781 0.116341 0.0942185 0.0804354 0.0607628 0.0377566 0.0200911 0.00955017 0.00394934 0.00134778 0.000370592 8.21723e-05 1.47184e-05
 3.69641e-11 1.73862e-09 5.66256e-08 1.27705e-06 1.9943e-05 0.000215655 0.00161483 0.0083737 0.0300775 0.0749113 0.129892 0.159261 0.146004 0.116674 0.0992229 0.0872754 0.0665137 0.0413058 0.0219007 0.0103934 0.00431728 0.00149239 0.000419691 9.60225e-05 1.78034e-05
 3.79557e-11 1.78525e-09 5.81446e-08 1.3113e-06 2.04779e-05 0.00022144 0.00165814 0.00859821 0.0308827 0.0769053 0.13327 0.16303 0.148271 0.116061 0.0960066 0.0832331 0.0635112 0.0399381 0.0215938 0.0104213 0.00435302 0.00149614 0.000415577 9.39017e-05 1.73019e-05
 3.92869e-11 1.84787e-09 6.01839e-08 1.3573e-06 2.11961e-05 0.000229207 0.00171629 0.00889967 0.0319643 0.0795875 0.137841 0.168259 0.151863 0.11644 0.0934028 0.0791759 0.0595351 0.0367976 0.019454 0.00920886 0.00381702 0.00131672 0.000369412 8.43191e-05 1.56158e-05
 4.22043e-11 1.98509e-09 6.4653e-08 1.45809e-06 2.27701e-05 0.000246227 0.00184373 0.00956029 0.0343344 0.0854627 0.147839 0.179625 0.159429 0.116602 0.0867538 0.0695584 0.0508578 0.0307105 0.0157475 0.00720339 0.00289573 0.000971726 0.000265244 5.90222e-05 1.07292e-05
 4.02177e-11 1.89165e-09 6.16098e-08 1.38945e-06 2.16983e-05 0.000234637 0.00175695 0.00911048 0.032721 0.0814672 0.141066 0.172051 0.154812 0.117669 0.0929796 0.0775164 0.0569487 0.033714 0.0166244 0.0072635 0.0028141 0.000919885 0.00024549 5.33563e-05 9.46378e-06
 3.90582e-11 1.83711e-09 5.98335e-08 1.3494e-06 2.10728e-05 0.000227872 0.0017063 0.0088479 0.0317788 0.0791294 0.137074 0.167448 0.151528 0.116998 0.0947604 0.0806593 0.0603926 0.0368165 0.0189793 0.00867891 0.00345106 0.00112999 0.000296673 6.28068e-05 1.08262e-05
 3.936e-11 1.85131e-09 6.02958e-08 1.35982e-06 2.12356e-05 0.000229633 0.00171949 0.00891622 0.0320238 0.0797356 0.138098 0.168573 0.152148 0.116655 0.093548 0.0792151 0.0594045 0.0364996 0.0190886 0.00889399 0.00360997 0.00120991 0.000326341 7.09391e-05 1.24469e-05
 3.9086e-11 1.83842e-09 5.98761e-08 1.35035e-06 2.10877e-05 0.000228034 0.00170752 0.00885418 0.0318013 0.0791845 0.137163 0.167528 0.15151 0.116799 0.0943993 0.0802956 0.0602164 0.0368858 0.0192011 0.00892053 0.00362949 0.00122772 0.000336564 7.4807e-05 1.3469e-05
 3.69664e-11 1.73872e-09 5.66291e-08 1.27713e-06 1.99442e-05 0.000215669 0.00161493 0.00837423 0.0300796 0.074919 0.129921 0.159371 0.146337 0.117396 0.100264 0.0881533 0.0666619 0.0406487 0.0209057 0.00956599 0.00383622 0.00127986 0.000345951 7.59296e-05 1.35707e-05
 3.4993e-11 1.6459e-09 5.3606e-08 1.20895e-06 1.88795e-05 0.000204156 0.00152873 0.00792737 0.0284764 0.0709451 0.12316 0.15169 0.141244 0.117344 0.104859 0.0947789 0.0726378 0.0448141 0.0233685 0.0107993 0.00432137 0.00141732 0.000371445 7.82936e-05 1.34108e-05
 3.66073e-11 1.72183e-09 5.6079e-08 1.26472e-06 1.97504e-05 0.000213574 0.00159924 0.00829288 0.0297874 0.074191 0.128657 0.157817 0.144904 0.116274 0.0995079 0.0880707 0.0676599 0.0425745 0.0229435 0.0109762 0.00450707 0.00150435 0.000399415 8.48968e-05 1.45423e-05
 3.71669e-11 1.74815e-09 5.69362e-08 1.28405e-06 2.00524e-05 0.000216838 0.00162369 0.00841963 0.0302424 0.0753215 0.130599 0.160109 0.14672 0.117105 0.099373 0.0871365 0.0660298 0.0405357 0.0210799 0.00975882 0.00394357 0.00131872 0.000355226 7.71017e-05 1.34903e-05
 3.67335e-11 1.72777e-09 5.62723e-08 1.26908e-06 1.98185e-05 0.00021431 0.00160476 0.00832148 0.0298903 0.074449 0.129116 0.158431 0.14563 0.117159 0.10048 0.0886854 0.0673833 0.0414204 0.0215403 0.00993739 0.00397796 0.00130831 0.000344498 7.30007e-05 1.25487e-05
 3.79698e-11 1.78592e-09 5.81663e-08 1.31179e-06 2.04856e-05 0.000221523 0.00165876 0.00860143 0.0308944 0.0769363 0.133335 0.163165 0.148566 0.116632 0.0967998 0.0838824 0.0635853 0.0393878 0.0207929 0.00976641 0.0039764 0.00132973 0.000356453 7.68565e-05 1.33759e-05
 3.84327e-11 1.80769e-09 5.88754e-08 1.32779e-06 2.07353e-05 0.000224223 0.00167898 0.00870628 0.031271 0.0778729 0.134952 0.16511 0.150226 0.117667 0.0971971 0.0835535 0.0623448 0.0374223 0.018785 0.00834045 0.00324352 0.00104672 0.00027148 5.66361e-05 9.57146e-06
 3.82213e-11 1.79775e-09 5.85515e-08 1.32048e-06 2.06212e-05 0.00022299 0.00166975 0.00865838 0.0310988 0.0774427 0.134197 0.164144 0.149215 0.116639 0.0962209 0.083059 0.0628624 0.0388974 0.0204923 0.00958479 0.00387318 0.00127974 0.000337273 7.12547e-05 1.21524e-05
 3.73804e-11 1.7582e-09 5.72633e-08 1.29143e-06 2.01676e-05 0.000218084 0.00163302 0.00846797 0.0304157 0.0757497 0.131318 0.160881 0.147079 0.116687 0.0982646 0.0859091 0.0653092 0.040486 0.0214021 0.0100998 0.00415479 0.00141369 0.000388209 8.60264e-05 1.53495e-05
 3.72065e-11 1.75002e-09 5.69969e-08 1.28542e-06 2.00737e-05 0.00021707 0.00162542 0.00842858 0.0302743 0.0753992 0.13072 0.160195 0.146598 0.116614 0.098573 0.08642 0.0658429 0.0409376 0.0217195 0.0102715 0.0042198 0.00142957 0.000390728 8.65431e-05 1.55699e-05
 3.66814e-11 1.72532e-09 5.61925e-08 1.26728e-06 1.97904e-05 0.000214006 0.00160248 0.00830967 0.0298477 0.0743409 0.128916 0.158126 0.145162 0.116422 0.0995345 0.0879552 0.0673777 0.0421896 0.0226145 0.0108147 0.00448569 0.0015324 0.000422262 9.42244e-05 1.70454e-05
 3.54587e-11 1.66781e-09 5.43195e-08 1.22504e-06 1.91308e-05 0.000206873 0.00154907 0.00803279 0.0288543 0.0718778 0.12472 0.153335 0.141903 0.116159 0.102039 0.0917495 0.0709787 0.0449238 0.0244382 0.0118744 0.00499516 0.00172977 0.000483943 0.000109803 2.01874e-05
 3.45803e-11 1.62649e-09 5.29738e-08 1.19469e-06 1.86568e-05 0.000201748 0.0015107 0.00783386 0.0281404 0.0701068 0.121697 0.149852 0.139426 0.115673 0.103411 0.0941221 0.0735216 0.0471767 0.0261627 0.0129624 0.00553775 0.00194288 0.000551043 0.000126933 2.37075e-05
 3.34911e-11 1.57526e-09 5.13052e-08 1.15706e-06 1.80692e-05 0.000195393 0.00146312 0.0075872 0.0272554 0.0679123 0.117958 0.145579 0.136506 0.115402 0.105586 0.0974505 0.0767099 0.0496336 0.0278338 0.0139555 0.00602852 0.00213975 0.00061513 0.000143824 2.72621e-05
 3.38781e-11 1.59346e-09 5.18981e-08 1.17043e-06 1.8278e-05 0.000197651 0.00148002 0.00767483 0.0275697 0.0686905 0.119275 0.147046 0.137378 0.115133 0.104283 0.0958191 0.0754982 0.0490903 0.0277411 0.0140196 0.00609747 0.00217874 0.000631346 0.000149045 2.85631e-05
#obs catch len freq
 3.57154e-11 1.67988e-09 5.47127e-08 1.23391e-06 1.92693e-05 0.000208371 0.00156028 0.00809092 0.029063 0.0723954 0.125604 0.154358 0.142638 0.116306 0.101566 0.0907614 0.0696387 0.0435865 0.0236243 0.0118329 0.00544762 0.00221917 0.000783616 0.000236702 5.98796e-05
 3.60017e-11 1.69335e-09 5.51512e-08 1.2438e-06 1.94237e-05 0.000210041 0.00157279 0.00815575 0.0292956 0.0729723 0.126588 0.155486 0.143422 0.116416 0.101054 0.0899505 0.0688425 0.0429452 0.0231526 0.0115157 0.00525962 0.00212282 0.000741499 0.000221329 5.53066e-05
 4.59397e-11 2.16078e-09 7.03752e-08 1.58714e-06 2.47854e-05 0.000268019 0.0020069 0.0104061 0.0373686 0.0929794 0.160599 0.193987 0.168496 0.115433 0.0762133 0.055438 0.0392198 0.0238991 0.0127747 0.00631785 0.00286987 0.00115107 0.000398983 0.000118011 2.91901e-05
 3.6581e-11 1.7206e-09 5.60387e-08 1.26381e-06 1.97363e-05 0.000213421 0.0015981 0.00828705 0.0297679 0.0741553 0.128684 0.158266 0.146622 0.120189 0.105149 0.0925942 0.067855 0.0382949 0.0172824 0.00691595 0.00266811 0.000985419 0.000330735 9.65288e-05 2.36699e-05
 4.35342e-11 2.04764e-09 6.66902e-08 1.50403e-06 2.34876e-05 0.000253985 0.00190182 0.00986142 0.0354146 0.0881377 0.152373 0.1847 0.162533 0.115915 0.0826257 0.0642609 0.0467752 0.0286557 0.0151009 0.00712024 0.0029394 0.00101915 0.000296323 7.44609e-05 1.64136e-05
 4.04121e-11 1.90079e-09 6.19075e-08 1.39617e-06 2.18032e-05 0.000235771 0.00176545 0.00915453 0.0328795 0.0818625 0.141758 0.172931 0.155713 0.118542 0.0937413 0.0777612 0.0562182 0.0321631 0.0150573 0.00634116 0.00253429 0.000929248 0.000294936 7.78851e-05 1.67325e-05
 3.9156e-11 1.84171e-09 5.99832e-08 1.35277e-06 2.11255e-05 0.000228443 0.00171058 0.00887006 0.0318587 0.0793302 0.137435 0.167954 0.152186 0.117887 0.0957877 0.0813035 0.0600587 0.0355546 0.0175316 0.00772157 0.00307545 0.00106819 0.000317486 8.10092e-05 1.75739e-05
 3.87508e-11 1.82265e-09 5.93625e-08 1.33878e-06 2.09069e-05 0.000226079 0.00169288 0.00877829 0.0315294 0.0785126 0.136036 0.166323 0.150965 0.117487 0.0961544 0.0821415 0.0611171 0.0366746 0.0185494 0.00848031 0.00352469 0.00127497 0.00038963 9.96222e-05 2.11007e-05
 4.18753e-11 1.96961e-09 6.4149e-08 1.44672e-06 2.25926e-05 0.000244308 0.00182936 0.0094858 0.0340674 0.0848014 0.146719 0.178382 0.158699 0.116847 0.0878548 0.0708492 0.051662 0.0309039 0.0157 0.00725217 0.00306567 0.00113719 0.000359371 9.53764e-05 2.08739e-05
 4.31458e-11 2.02937e-09 6.60953e-08 1.49062e-06 2.32781e-05 0.00025172 0.00188486 0.00977352 0.0350998 0.0873624 0.151089 0.183408 0.162242 0.117463 0.0857458 0.0673137 0.0479682 0.0277256 0.0133245 0.00577502 0.00233544 0.000852498 0.000270556 7.30191e-05 1.63796e-05
 3.96864e-11 1.86665e-09 6.07957e-08 1.3711e-06 2.14117e-05 0.000231537 0.00173374 0.00899018 0.0322899 0.0804011 0.139272 0.170111 0.153855 0.11856 0.0954984 0.080293 0.0585191 0.03376 0.0159391 0.0066855 0.00258596 0.000896264 0.000269891 6.98647e-05 1.53292e-05
 4.12072e-11 1.93819e-09 6.31255e-08 1.42364e-06 2.22322e-05 0.00024041 0.00180018 0.00933452 0.0335248 0.0834578 0.144443 0.175841 0.15717 0.117262 0.0900451 0.0736506 0.0538325 0.0319837 0.015965 0.00714718 0.0028853 0.00100708 0.000296605 7.37185e-05 1.5416e-05
 4.14041e-11 1.94745e-09 6.34272e-08 1.43044e-06 2.23384e-05 0.000241559 0.00180878 0.00937913 0.033685 0.083856 0.145129 0.17666 0.157846 0.117635 0.0901043 0.0733849 0.0532076 0.0311207 0.0151742 0.0066697 0.00270641 0.00097462 0.000299851 7.72676e-05 1.63856e-05
 3.87949e-11 1.82472e-09 5.943e-08 1.3403e-06 2.09307e-05 0.000226336 0.0016948 0.0087883 0.0315655 0.0786046 0.136209 0.166599 0.151419 0.118238 0.0971354 0.0828989 0.0611145 0.0358686 0.0174462 0.0076077 0.00304645 0.00108093 0.000329614 8.53458e-05 1.84573e-05
 3.52899e-11 1.65986e-09 5.40607e-08 1.21921e-06 1.90397e-05 0.000205888 0.0015417 0.0079946 0.028718 0.0715455 0.124194 0.152928 0.142276 0.117928 0.104959 0.0943227 0.0715354 0.0433071 0.0220629 0.0101334 0.0042074 0.0015143 0.000461322 0.000118462 2.5396e-05
 3.23577e-11 1.52195e-09 4.95689e-08 1.11791e-06 1.74577e-05 0.000188782 0.00141361 0.0073306 0.0263354 0.0656355 0.114112 0.141343 0.134146 0.116603 0.109947 0.102526 0.079933 0.0503919 0.0273474 0.0135128 0.00598297 0.0022724 0.000725287 0.000193051 4.22591e-05
 3.68207e-11 1.73187e-09 5.64058e-08 1.27209e-06 1.98656e-05 0.000214819 0.00160856 0.00834115 0.0299602 0.0746142 0.129344 0.158437 0.144769 0.114748 0.0967116 0.0851793 0.0661016 0.0428607 0.0245101 0.0128957 0.00608096 0.00246521 0.000842401 0.000239336 5.54095e-05
 3.57874e-11 1.68326e-09 5.48228e-08 1.23639e-06 1.93081e-05 0.00020879 0.00156343 0.00810723 0.0291217 0.0725428 0.125868 0.15472 0.143091 0.116893 0.102223 0.0911483 0.0693717 0.0427182 0.022666 0.0112286 0.00522904 0.00218791 0.000790966 0.000239833 5.92791e-05
 3.49652e-11 1.6446e-09 5.35634e-08 1.20799e-06 1.88645e-05 0.000203994 0.00152751 0.00792105 0.0284536 0.0708857 0.123041 0.151471 0.140808 0.116524 0.103664 0.0935993 0.0720144 0.0450095 0.0242478 0.0119921 0.00541802 0.00216273 0.000752832 0.000226404 5.72883e-05
 3.49854e-11 1.64554e-09 5.35943e-08 1.20869e-06 1.88754e-05 0.000204111 0.00152839 0.0079256 0.0284698 0.0709244 0.123097 0.151487 0.14066 0.11608 0.102966 0.0929609 0.0718123 0.0453282 0.0248358 0.0125346 0.00575932 0.00231545 0.000799372 0.000234878 5.78142e-05
 3.82919e-11 1.80106e-09 5.86595e-08 1.32292e-06 2.06593e-05 0.000223401 0.00167283 0.00867432 0.0311558 0.0775812 0.134414 0.164305 0.149027 0.115806 0.0947704 0.0815122 0.061904 0.0388697 0.0212751 0.0107735 0.00499589 0.0020376 0.000714619 0.000212318 5.23395e-05
 3.68449e-11 1.73301e-09 5.64429e-08 1.27293e-06 1.98787e-05 0.00021496 0.00160962 0.00834672 0.029981 0.0746744 0.129504 0.158896 0.146014 0.117355 0.100421 0.0882462 0.0664896 0.0403431 0.0208491 0.00994674 0.00444111 0.00178559 0.000626496 0.000187673 4.67889e-05
 3.55486e-11 1.67203e-09 5.44571e-08 1.22814e-06 1.91793e-05 0.000207397 0.001553 0.00805316 0.0289277 0.0720615 0.125047 0.153775 0.142426 0.116789 0.102684 0.0920037 0.0704138 0.0436826 0.0232429 0.0112987 0.00499424 0.00193651 0.000649699 0.000187871 4.59896e-05
 3.61839e-11 1.70192e-09 5.54304e-08 1.2501e-06 1.9522e-05 0.000211104 0.00158075 0.008197 0.0294435 0.0733377 0.127202 0.156144 0.143727 0.116058 0.100116 0.0889373 0.0682993 0.042989 0.0234755 0.0117844 0.00536875 0.0021303 0.000721534 0.000206675 4.93308e-05
 3.53587e-11 1.6631e-09 5.41661e-08 1.22158e-06 1.90768e-05 0.000206289 0.0015447 0.00801013 0.0287732 0.0716772 0.124383 0.152976 0.141739 0.116345 0.102462 0.0920027 0.0707005 0.0442699 0.0240047 0.0120323 0.00553857 0.00224617 0.000782317 0.000230003 5.5845e-05
 3.46886e-11 1.63159e-09 5.31397e-08 1.19844e-06 1.87153e-05 0.00020238 0.00151543 0.0078584 0.0282287 0.0703269 0.12208 0.150334 0.139898 0.116079 0.103661 0.0939427 0.0726644 0.0458905 0.0251644 0.012728 0.00587747 0.00238489 0.000834133 0.00024816 6.13853e-05
 3.40759e-11 1.60277e-09 5.22011e-08 1.17727e-06 1.83847e-05 0.000198805 0.00148867 0.00771964 0.0277308 0.0690916 0.119972 0.147904 0.138171 0.115741 0.104608 0.0955597 0.0743636 0.0473797 0.0263338 0.0135262 0.00633264 0.00259895 0.00091702 0.000274577 6.83309e-05
 3.17953e-11 1.4955e-09 4.87074e-08 1.09848e-06 1.71543e-05 0.0001855 0.00138904 0.00720321 0.025878 0.0644986 0.112155 0.139013 0.132234 0.115561 0.109713 0.102951 0.0810111 0.0520435 0.0292356 0.0152077 0.00721511 0.00300351 0.00107557 0.000326501 8.21812e-05
#spawning biomass
 6553.37 6506.31 10261.7 15049.2 21101.3 27231.7 30663.6 36925.8 48612.2 72976 100945 129394 170268 202069 188035 165324 153545 146143 152444 140680 167699 199763 215556 234554 250986 250435 233059 205882 170549 55896.2 3401.16 2715.89 2715.45 2715.45 2715.45 2715.45 2715.45 2715.45 2715.45 2715.45 2715.45 2715.45 2715.45 2715.45 2715.45 2715.45 2715.45 2715.45 2715.45 2715.45 2715.45 2715.45 2715.45 2715.45 2715.45 2715.45 2715.45 2715.45 2715.45 2715.45 2715.45 2715.45 2715.45 2715.45 2715.45 2715.45 2715.45 2715.45 2715.45 2715.45 2715.45 2715.45 2715.45 2715.45 2715.45 2715.45 2715.45 2715.45 2715.45 2715.45 2715.45 2715.45 2715.45 2715.45 2715.45 2715.45 2715.45 2715.45 2715.45 2715.45 2715.45 2715.45 2715.45 2715.45 2715.45 2715.45 2715.45 2715.45 2715.45 2715.45 2715.45 2715.45 2715.45 2715.45 2715.45 2715.45 2715.45 2715.45 2715.45 2715.45 2715.45 2715.45 2715.45 2715.45 2715.45 2715.45 2715.45 2715.45 2715.45 2715.45 2715.45 2715.45 2715.45 2715.45 2715.45 2715.45 2715.45 2715.45 0 0 0 0 0 0 0 0 0 0 0 0 0 0 0 0 0 0 0 0 0 0 0 0 0
