SBPRF35
0.0418769
Curr Bio
203206
B35
105863
F35
338.428
FOFL
338.428
OFL
261384
Bzero
9481.33
#pred survey bio
 9396.11 9006.83 11398.8 14278.5 22928.5 34473.9 33972 37767.4 47230 58461.3 72841.4 93861.1 122853 143250 140319 120121 114986 105737 103690 98833.8 103261 115846 114141 114657 125613 141863 123594 111621 112247 2.19312e+06 472154 154837 80192.3 61044.8 56255.8 55082.9 54800.7 54733.7 54718 54714.4 54713.5 54713.3 54713.3 54713.3 54713.3 54713.3 54713.3 54713.3 54713.3 54713.3 54713.3 54713.3 54713.3 54713.3 54713.3 54713.3 54713.3 54713.3 54713.3 54713.3 54713.3 54713.3 54713.3 54713.3 54713.3 54713.3 54713.3 54713.3 54713.3 54713.3 54713.3 54713.3 54713.3 54713.3 54713.3 54713.3 54713.3 54713.3 54713.3 54713.3 54713.3 54713.3 54713.3 54713.3 54713.3 54713.3 54713.3 54713.3 54713.3 54713.3 54713.3 54713.3 54713.3 54713.3 54713.3 54713.3 54713.3 54713.3 54713.3 54713.3 54713.3 54713.3 54713.3 54713.3 54713.3 54713.3 54713.3 54713.3 54713.3 54713.3 54713.3 54713.3 54713.3 54713.3 54713.3 54713.3 54713.3 54713.3 54713.3 54713.3 54713.3 54713.3 54713.3 54713.3 54713.3 54713.3 54713.3 54713.3 54713.3 0 0 0 0 0 0 0 0 0 0 0 0 0 0 0 0 0 0 0 0 0 0 0 0 0
#obs survey bio
 6853.21 9454.64 12834.3 11887.4 32444.4 23494.7 40172.1 55918.2 40891.8 57213.2 89121.6 83912.1 140604 144905 93780.1 126517 140978 101662 68872.8 103919 105876 143483 135168 86082.5 129656 127669 147945 98596.9 106085
#pred catch bio
 2865.08 4351.86 5546.2 7205.32 9052.55 19195.2 19896.5 22697.5 28938.8 36078.7 43653.3 55512.9 79464.4 97993.8 106612 87179.5 89714 81174.5 87982.2 79924.6 76493.8 95360.6 93907 96070.1 99290.1 130000 113207 100000 134436 261384 6465.63 6465.63 6465.63 6465.63 6465.63 6465.63 6465.63 6465.63 6465.63 6465.63 6465.63 6465.63 6465.63 6465.63 6465.63 6465.63 6465.63 6465.63 6465.63 6465.63 6465.63 6465.63 6465.63 6465.63 6465.63 6465.63 6465.63 6465.63 6465.63 6465.63 6465.63 6465.63 6465.63 6465.63 6465.63 6465.63 6465.63 6465.63 6465.63 6465.63 6465.63 6465.63 6465.63 6465.63 6465.63 6465.63 6465.63 6465.63 6465.63 6465.63 6465.63 6465.63 6465.63 6465.63 6465.63 6465.63 6465.63 6465.63 6465.63 6465.63 6465.63 6465.63 6465.63 6465.63 6465.63 6465.63 6465.63 6465.63 6465.63 6465.63 6465.63 6465.63 6465.63 6465.63 6465.63 6465.63 6465.63 6465.63 6465.63 6465.63 6465.63 6465.63 6465.63 6465.63 6465.63 6465.63 6465.63 6465.63 6465.63 6465.63 6465.63 6465.63 6465.63 6465.63 6465.63 6465.63 6465.63 6465.63 6465.63 0 0 0 0 0 0 0 0 0 0 0 0 0 0 0 0 0 0 0 0 0 0 0 0 0
#obs catch bio
 4422.23 4446.92 5571.16 7301.58 8968.24 19276.4 20277.5 22513.1 29154.3 36115.6 43248.1 54985.5 79178.7 97766.3 107899 87836.6 89509.5 81297.1 89606.4 79589.5 75595.2 93799.1 91906.9 94996.2 97781.1 127269 110578 99064.7 135960
#pred cpue bio
 9828.05 9239.53 11864.9 14975.4 22962 36548.9 36220.6 38906.4 49092.5 60519.3 75500.9 96965.6 127031 149551 148889 126511 120562 110905 107960 102434 106854 120085 118759 118667 128449 147053 128917 115209 115420 2.17509e+06 567424 154928 78028.2 58823.8 54033.3 52860.4 52578.2 52511.3 52495.5 52491.9 52491 52490.8 52490.8 52490.8 52490.8 52490.8 52490.8 52490.8 52490.8 52490.8 52490.8 52490.8 52490.8 52490.8 52490.8 52490.8 52490.8 52490.8 52490.8 52490.8 52490.8 52490.8 52490.8 52490.8 52490.8 52490.8 52490.8 52490.8 52490.8 52490.8 52490.8 52490.8 52490.8 52490.8 52490.8 52490.8 52490.8 52490.8 52490.8 52490.8 52490.8 52490.8 52490.8 52490.8 52490.8 52490.8 52490.8 52490.8 52490.8 52490.8 52490.8 52490.8 52490.8 52490.8 52490.8 52490.8 52490.8 52490.8 52490.8 52490.8 52490.8 52490.8 52490.8 52490.8 52490.8 52490.8 52490.8 52490.8 52490.8 52490.8 52490.8 52490.8 52490.8 52490.8 52490.8 52490.8 52490.8 52490.8 52490.8 52490.8 52490.8 52490.8 52490.8 52490.8 52490.8 52490.8 52490.8 52490.8 52490.8 0 0 0 0 0 0 0 0 0 0 0 0 0 0 0 0 0 0 0 0 0 0 0 0 0
#obs cpue bio
 6072.67 6973.32 9286.83 16761 24691.2 28941.5 33913.5 32794.1 38491.7 70869.9 87030.6 111312 111738 145720 164424 116849 115224 97896.3 111983 135317 123746 146232 137748 168203 159248 260141 151232 121126 105831
#pred surv len freq
 2.5657e-27 2.59526e-27 3.92837e-26 7.7473e-20 1.89916e-14 5.62754e-10 2.01569e-06 0.000872718 0.0456749 0.288952 0.221239 0.037765 0.132018 0.122044 0.0317746 0.0421571 0.019134 0.0160803 0.0103709 0.00813509 0.00645652 0.00556391 0.00549904 0.0048043 0.00145714
 2.57021e-27 2.607e-27 4.90813e-26 9.81396e-20 2.40577e-14 7.12874e-10 2.5534e-06 0.00110552 0.0578591 0.366032 0.280128 0.0398005 0.106136 0.0976275 0.0181296 0.0168547 0.00639046 0.00380676 0.00199451 0.00130033 0.000885499 0.000668964 0.000590597 0.000515422 0.000171015
 2.57008e-27 2.60649e-27 4.845e-26 9.68072e-20 2.37311e-14 7.03195e-10 2.51873e-06 0.00109051 0.0570735 0.361063 0.276361 0.041525 0.121907 0.111924 0.0160766 0.00850014 0.00273292 0.000964715 0.000371666 0.000172694 9.04797e-05 5.60522e-05 4.20795e-05 3.4626e-05 1.18813e-05
 2.56958e-27 2.60514e-27 4.72509e-26 9.42775e-20 2.3111e-14 6.8482e-10 2.45291e-06 0.00106202 0.0555821 0.351628 0.269162 0.0418586 0.129504 0.118959 0.0177739 0.0105826 0.0030934 0.00057001 0.000153227 4.19242e-05 1.40308e-05 6.14443e-06 3.58141e-06 2.58687e-06 8.79169e-07
 2.57218e-27 2.61223e-27 5.3567e-26 1.07602e-19 2.63773e-14 7.81608e-10 2.79959e-06 0.00121211 0.0634377 0.401324 0.307075 0.0396654 0.0861764 0.0790457 0.0119514 0.00735539 0.00218197 0.000451108 0.000103192 1.46427e-05 2.63832e-06 6.31013e-07 2.34169e-07 1.32309e-07 4.24859e-08
 2.56901e-27 2.60353e-27 4.57887e-26 9.11927e-20 2.23548e-14 6.62413e-10 2.37265e-06 0.00102727 0.0537635 0.340122 0.260389 0.0426258 0.141506 0.129955 0.0182733 0.00895698 0.00265341 0.000568615 0.00013436 1.99992e-05 2.29964e-06 2.38129e-07 3.93168e-08 1.35578e-08 3.80938e-09
 2.56846e-27 2.60206e-27 4.45192e-26 8.85148e-20 2.16983e-14 6.4296e-10 2.30298e-06 0.000997101 0.0521847 0.330135 0.252764 0.0427489 0.147799 0.135828 0.020515 0.0125847 0.00365374 0.000621374 0.000141147 2.18137e-05 2.61779e-06 2.04988e-07 1.23575e-08 1.52655e-09 3.08861e-10
 2.57066e-27 2.60808e-27 4.98745e-26 9.98122e-20 2.44677e-14 7.25023e-10 2.59691e-06 0.00112436 0.0588451 0.37227 0.28491 0.0409237 0.111325 0.102217 0.0154119 0.00941433 0.00280323 0.000597803 0.000135442 1.71137e-05 2.00277e-06 1.62658e-07 7.57482e-09 2.62645e-10 2.07876e-11
 2.57031e-27 2.60706e-27 4.89256e-26 9.78102e-20 2.3977e-14 7.10481e-10 2.54482e-06 0.00110181 0.0576649 0.364804 0.279219 0.0416236 0.120649 0.110722 0.0151219 0.00661176 0.00195006 0.000414677 9.85711e-05 1.50094e-05 1.63263e-06 1.16252e-07 5.43584e-09 1.30894e-10 2.35065e-12
 2.57053e-27 2.60768e-27 4.94762e-26 9.89719e-20 2.42618e-14 7.1892e-10 2.57505e-06 0.0011149 0.0583497 0.369136 0.282524 0.0413878 0.116533 0.106944 0.0148154 0.00685936 0.00195743 0.000298558 6.58473e-05 1.01239e-05 1.23139e-06 9.40475e-08 3.8742e-09 8.78789e-11 8.94124e-13
 2.57047e-27 2.60752e-27 4.93324e-26 9.86685e-20 2.41874e-14 7.16716e-10 2.56716e-06 0.00111148 0.0581709 0.368005 0.281661 0.0414787 0.11783 0.108129 0.0148109 0.00655147 0.00187606 0.000301319 6.29894e-05 7.20463e-06 8.17309e-07 6.65972e-08 3.0241e-09 6.37342e-11 5.74218e-13
 2.57065e-27 2.608e-27 4.97623e-26 9.95755e-20 2.44097e-14 7.23304e-10 2.59075e-06 0.0011217 0.0587056 0.371388 0.284241 0.0412827 0.114526 0.105097 0.0145702 0.00676548 0.00193271 0.000297441 6.20605e-05 7.30742e-06 7.09238e-07 4.65765e-08 2.15207e-09 4.94309e-11 4.30906e-13
 2.5706e-27 2.60787e-27 4.96445e-26 9.93269e-20 2.43488e-14 7.21499e-10 2.58429e-06 0.0011189 0.0585591 0.370461 0.283534 0.0413355 0.115425 0.105921 0.014634 0.00670393 0.00192226 0.000309616 6.48805e-05 7.37057e-06 7.19611e-07 4.42647e-08 1.63928e-09 3.5812e-11 3.33387e-13
 2.57008e-27 2.60643e-27 4.83556e-26 9.66078e-20 2.36822e-14 7.01747e-10 2.51354e-06 0.00108827 0.0569559 0.360319 0.275799 0.0418963 0.125127 0.114833 0.0154618 0.00634814 0.00181178 0.000288168 6.06794e-05 7.16694e-06 6.94873e-07 4.18491e-08 1.48542e-09 2.702e-11 2.28872e-13
 2.56906e-27 2.60365e-27 4.58718e-26 9.1368e-20 2.23978e-14 6.63686e-10 2.37721e-06 0.00102924 0.0538668 0.340776 0.260891 0.0428053 0.142518 0.130844 0.0176197 0.00723689 0.00204746 0.000294166 6.00986e-05 7.02921e-06 6.93347e-07 4.26566e-08 1.48502e-09 2.5842e-11 1.88717e-13
 2.56956e-27 2.60501e-27 4.70838e-26 9.39247e-20 2.30245e-14 6.82258e-10 2.44373e-06 0.00105804 0.0553741 0.350312 0.268166 0.0424059 0.134368 0.123331 0.0164314 0.00641907 0.00181302 0.000260432 5.22953e-05 5.57773e-06 5.32068e-07 3.27952e-08 1.16751e-09 2.01618e-11 1.4071e-13
 2.56983e-27 2.60575e-27 4.77431e-26 9.53156e-20 2.33655e-14 6.92361e-10 2.47992e-06 0.00107371 0.0561941 0.355499 0.272123 0.0421449 0.129602 0.118948 0.0159315 0.00638185 0.00179763 0.000246845 4.88983e-05 5.19119e-06 4.72653e-07 2.69823e-08 9.4725e-10 1.66158e-11 1.15958e-13
 2.56987e-27 2.60585e-27 4.78131e-26 9.54633e-20 2.34017e-14 6.93434e-10 2.48376e-06 0.00107537 0.0562812 0.356051 0.272546 0.0422518 0.130118 0.119393 0.0154402 0.00515047 0.00144328 0.000202637 4.01293e-05 4.09054e-06 3.66716e-07 2.03779e-08 6.65182e-10 1.12488e-11 7.9066e-14
 2.5703e-27 2.60702e-27 4.88646e-26 9.76815e-20 2.39454e-14 7.09546e-10 2.54148e-06 0.00110036 0.057589 0.364324 0.278856 0.0418384 0.122539 0.112423 0.0146389 0.00507695 0.00140847 0.000168703 3.17839e-05 3.29647e-06 2.91818e-07 1.56597e-08 4.98557e-10 7.93476e-12 5.31098e-14
 2.57063e-27 2.60791e-27 4.964e-26 9.93173e-20 2.43464e-14 7.21429e-10 2.58404e-06 0.00111879 0.0585534 0.370425 0.283513 0.041699 0.118206 0.108401 0.0134969 0.00348679 0.000956216 0.00011827 2.20298e-05 1.97944e-06 1.67475e-07 9.02279e-09 2.79015e-10 4.30109e-12 2.73448e-14
 2.5707e-27 2.60811e-27 4.98262e-26 9.97101e-20 2.44427e-14 7.24282e-10 2.59426e-06 0.00112321 0.0587849 0.37189 0.28463 0.0415953 0.116632 0.106961 0.0134645 0.0037744 0.00102452 0.000100057 1.69396e-05 1.55569e-06 1.2479e-07 5.96374e-09 1.80968e-10 2.73712e-12 1.68162e-14
 2.57057e-27 2.60775e-27 4.95123e-26 9.90479e-20 2.42804e-14 7.19472e-10 2.57703e-06 0.00111575 0.0583946 0.36942 0.282744 0.0416264 0.118194 0.108418 0.0140076 0.00464531 0.00127515 0.000132501 2.24404e-05 1.66214e-06 1.21796e-07 5.74626e-09 1.57446e-10 2.24095e-12 1.35132e-14
 2.5704e-27 2.60729e-27 4.9085e-26 9.81463e-20 2.40594e-14 7.12923e-10 2.55357e-06 0.0011056 0.057863 0.366057 0.280181 0.0418936 0.122028 0.111922 0.0140067 0.0037627 0.00103139 0.000122783 2.21554e-05 1.72915e-06 1.19713e-07 4.64341e-09 1.20615e-10 1.59524e-12 8.88277e-15
 2.5707e-27 2.60809e-27 4.9806e-26 9.96674e-20 2.44323e-14 7.23972e-10 2.59315e-06 0.00112273 0.0587598 0.37173 0.284508 0.0416061 0.1168 0.107114 0.0134692 0.00374655 0.00101823 0.000102432 1.75039e-05 1.54683e-06 1.15653e-07 4.55632e-09 1.02354e-10 1.1977e-12 6.23764e-15
 2.57136e-27 2.60991e-27 5.14301e-26 1.03094e-19 2.52722e-14 7.4886e-10 2.68229e-06 0.00116133 0.0607798 0.384509 0.294257 0.0410244 0.105524 0.0967308 0.0120213 0.00305944 0.00082886 8.56087e-05 1.45071e-05 1.10302e-06 8.06855e-08 3.58696e-09 8.45825e-11 9.10721e-13 4.11172e-15
 2.57062e-27 2.60788e-27 4.96153e-26 9.92652e-20 2.43337e-14 7.2105e-10 2.58268e-06 0.0011182 0.0585227 0.37023 0.283364 0.0417044 0.118352 0.108537 0.0135426 0.00355594 0.000961384 9.27818e-05 1.52617e-05 1.18286e-06 8.24701e-08 3.2579e-09 8.14958e-11 9.51815e-13 4.14199e-15
 2.57031e-27 2.60702e-27 4.88355e-26 9.762e-20 2.39304e-14 7.091e-10 2.53988e-06 0.00109967 0.0575527 0.364094 0.278685 0.042102 0.124665 0.114323 0.013848 0.00279664 0.000744899 7.35834e-05 1.2153e-05 8.85758e-07 6.02093e-08 2.36019e-09 5.37513e-11 6.17892e-13 2.90616e-15
 2.57089e-27 2.60862e-27 5.02655e-26 1.00637e-19 2.46699e-14 7.31013e-10 2.61837e-06 0.00113365 0.0593313 0.375346 0.287268 0.0415342 0.114314 0.104804 0.0127622 0.00271663 0.000719428 5.88483e-05 8.75148e-06 6.48906e-07 4.36157e-08 1.61585e-09 3.61589e-11 3.91209e-13 1.75242e-15
 2.5711e-27 2.60918e-27 5.07668e-26 1.01694e-19 2.49292e-14 7.38696e-10 2.64588e-06 0.00114557 0.0599548 0.37929 0.290277 0.0413461 0.110768 0.101541 0.0123425 0.00258105 0.000683839 5.79678e-05 8.65328e-06 5.39733e-07 3.27873e-08 1.22004e-09 2.62887e-11 2.73676e-13 1.17295e-15
#obs surv len freq
 1.76521e-41 2.45e-33 4.11039e-26 8.33578e-20 2.04342e-14 6.05502e-10 2.16881e-06 0.00093902 0.0491446 0.310903 0.238136 0.0440161 0.151957 0.128742 0.0363707 0.027987 0.00852238 0.00269094 0.000525764 6.04708e-05 3.00621e-06 4.76177e-08 1.79998e-10 1.30558e-13 1.56892e-17
 2.17658e-41 3.02095e-33 5.06827e-26 1.02784e-19 2.51962e-14 7.46609e-10 2.67423e-06 0.00115785 0.0605973 0.383356 0.293432 0.0420107 0.0970963 0.0777187 0.022246 0.0160524 0.00468064 0.00137615 0.000247323 2.51681e-05 1.0446e-06 1.29665e-08 3.66576e-11 1.93221e-14 1.66032e-18
 1.72676e-41 2.39662e-33 4.02083e-26 8.15416e-20 1.9989e-14 5.9231e-10 2.12156e-06 0.000918561 0.0480738 0.30413 0.233158 0.0512147 0.18147 0.135518 0.0264025 0.0139809 0.00388761 0.00105638 0.000171869 1.52149e-05 5.24384e-07 5.11708e-09 1.08654e-11 4.17532e-15 2.57059e-19
 2.09427e-41 2.90671e-33 4.87661e-26 9.88967e-20 2.42433e-14 7.18375e-10 2.5731e-06 0.00111406 0.0583057 0.368859 0.282486 0.0457991 0.113007 0.0810278 0.0277561 0.0175865 0.00331143 0.000645183 9.29588e-05 7.03728e-06 1.98216e-07 1.51368e-09 2.42319e-12 6.82752e-16 3.02635e-20
 2.37257e-41 3.29297e-33 5.52464e-26 1.12039e-19 2.74649e-14 8.13836e-10 2.91503e-06 0.00126211 0.0660536 0.417875 0.319885 0.0442887 0.079017 0.0520157 0.0115361 0.00599008 0.0016997 0.000340573 3.15408e-05 1.83931e-06 4.14892e-08 2.44891e-10 2.94473e-13 6.1014e-17 1.95788e-21
 1.31993e-41 1.83197e-33 3.07352e-26 6.23303e-20 1.52795e-14 4.52761e-10 1.62171e-06 0.000702147 0.0367476 0.232479 0.17911 0.0712227 0.27227 0.166408 0.0279111 0.0106997 0.00201542 0.000389245 4.16648e-05 1.70666e-06 2.65661e-08 1.17138e-10 1.04698e-13 1.58894e-17 3.69397e-22
 2.20848e-41 3.06522e-33 5.14254e-26 1.0429e-19 2.55654e-14 7.5755e-10 2.71342e-06 0.00117482 0.0614853 0.388974 0.297956 0.046791 0.0894405 0.0569103 0.0359539 0.0184787 0.00250284 0.000303025 2.52222e-05 1.01112e-06 1.17674e-08 3.44145e-11 2.15877e-14 2.36057e-18 3.95359e-23
 1.98301e-41 2.75229e-33 4.61753e-26 9.36427e-20 2.29554e-14 6.8021e-10 2.4364e-06 0.00105488 0.0552081 0.349265 0.268114 0.0610656 0.155602 0.0828983 0.0161205 0.0074922 0.00276375 0.000392799 1.99367e-05 5.47258e-07 5.32462e-09 1.18203e-11 4.98154e-15 3.65891e-19 4.25598e-24
 2.02863e-41 2.81561e-33 4.72376e-26 9.5797e-20 2.34835e-14 6.95859e-10 2.49245e-06 0.00107915 0.0564782 0.357301 0.274336 0.0614006 0.142932 0.0735028 0.022869 0.00851909 0.00130752 0.000251707 1.96827e-05 3.90747e-07 2.39713e-09 3.93215e-12 1.24653e-15 6.42544e-20 5.02345e-25
 1.98655e-41 2.7572e-33 4.62577e-26 9.38097e-20 2.29963e-14 6.81423e-10 2.44075e-06 0.00105676 0.0553066 0.34989 0.268962 0.0668643 0.153508 0.0733009 0.0216327 0.00786151 0.00144155 0.00016201 1.08387e-05 2.74178e-07 1.42872e-09 1.50543e-12 3.19694e-16 1.18428e-20 6.67901e-26
 2.10027e-41 2.91503e-33 4.89057e-26 9.91798e-20 2.43127e-14 7.20431e-10 2.58047e-06 0.00111725 0.0584726 0.36992 0.284314 0.0658472 0.133102 0.0600986 0.01946 0.00643806 0.00109994 0.000122627 5.96354e-06 1.13352e-07 5.96499e-10 5.68191e-13 8.63842e-17 2.09247e-21 7.91052e-27
 2.04788e-41 2.84232e-33 4.76859e-26 9.6706e-20 2.37063e-14 7.02462e-10 2.51611e-06 0.00108939 0.0570142 0.360696 0.2777 0.0730956 0.146359 0.0606621 0.0172234 0.00518917 0.00087705 8.73591e-05 3.76854e-06 5.36884e-08 2.02374e-10 1.62179e-13 2.16568e-17 4.20244e-22 1.13649e-27
 1.99756e-41 2.77248e-33 4.65141e-26 9.43296e-20 2.31238e-14 6.852e-10 2.45428e-06 0.00106262 0.0556131 0.351836 0.271404 0.0795985 0.154193 0.061048 0.0192936 0.00514278 0.000737713 6.59808e-05 2.47776e-06 2.89124e-08 8.12375e-11 4.56986e-14 4.52247e-18 6.99033e-23 1.53331e-28
 1.86867e-41 2.59359e-33 4.35128e-26 8.82431e-20 2.16318e-14 6.40988e-10 2.29592e-06 0.000994053 0.0520248 0.329141 0.254898 0.0913376 0.175429 0.0666827 0.0228085 0.00580611 0.000813823 6.02406e-05 1.85943e-06 1.77522e-08 3.89831e-11 1.62457e-14 1.13561e-18 1.22908e-23 1.94454e-29
 1.69946e-41 2.35874e-33 3.95728e-26 8.02529e-20 1.9673e-14 5.82948e-10 2.08803e-06 0.000904043 0.047314 0.299349 0.233292 0.106094 0.200139 0.0754055 0.0292824 0.00715294 0.000994787 6.74041e-05 1.70403e-06 1.2566e-08 2.12782e-11 6.72163e-15 3.4674e-19 2.69477e-24 2.99625e-30
 1.91164e-41 2.65323e-33 4.45135e-26 9.02724e-20 2.21292e-14 6.55729e-10 2.34872e-06 0.00101691 0.0532212 0.33672 0.261556 0.0956048 0.155023 0.0610031 0.0279176 0.0068887 0.000983323 6.22781e-05 1.37283e-06 8.03238e-09 1.01662e-11 2.37237e-15 9.03133e-20 5.14225e-25 4.14114e-31
 1.85459e-41 2.57405e-33 4.3185e-26 8.75784e-20 2.14688e-14 6.3616e-10 2.27862e-06 0.000986564 0.0516329 0.326685 0.255226 0.109972 0.170201 0.0577119 0.0212131 0.00548412 0.000833414 5.12942e-05 1.01086e-06 4.90166e-09 4.81126e-12 8.29672e-16 2.2846e-20 9.37594e-26 5.4488e-32
 1.84671e-41 2.56311e-33 4.30015e-26 8.72061e-20 2.13776e-14 6.33456e-10 2.26894e-06 0.000982372 0.0514134 0.325309 0.255161 0.116317 0.166966 0.0573551 0.0214347 0.00442568 0.000595695 3.64926e-05 6.62118e-07 2.73122e-09 2.14638e-12 2.83389e-16 5.77562e-21 1.71468e-26 7.12317e-33
 1.87131e-41 2.59725e-33 4.35743e-26 8.83677e-20 2.16623e-14 6.41894e-10 2.29916e-06 0.000995457 0.0520983 0.329656 0.259478 0.121089 0.159465 0.0534458 0.0194304 0.00387569 0.000441022 2.20719e-05 3.56737e-07 1.27673e-09 8.21931e-13 8.5125e-17 1.31934e-21 2.91132e-27 8.83301e-34
 1.94745e-41 2.70294e-33 4.53474e-26 9.19635e-20 2.25438e-14 6.68014e-10 2.39272e-06 0.00103596 0.0542183 0.343082 0.270432 0.121109 0.143931 0.0467877 0.0160705 0.00300563 0.000312261 1.28672e-05 1.61995e-07 4.70055e-10 2.47455e-13 2.04315e-17 2.45384e-22 4.1037e-28 9.28038e-35
 1.941e-41 2.69398e-33 4.51971e-26 9.16589e-20 2.24691e-14 6.658e-10 2.38479e-06 0.00103253 0.0540387 0.341973 0.271237 0.129819 0.142637 0.0433291 0.0134124 0.00229825 0.000212845 7.48415e-06 7.42348e-08 1.6175e-10 6.4564e-14 4.11754e-18 3.82611e-23 4.9005e-29 8.37591e-36
 1.97954e-41 2.74747e-33 4.60945e-26 9.34787e-20 2.29152e-14 6.79019e-10 2.43214e-06 0.00105303 0.0551117 0.348787 0.277617 0.131741 0.132118 0.0400286 0.0116526 0.00174534 0.000138437 4.0739e-06 3.23766e-08 5.37759e-11 1.57852e-14 7.3428e-19 5.02214e-24 4.78603e-30 6.11864e-37
 1.90664e-41 2.64629e-33 4.4397e-26 9.00361e-20 2.20713e-14 6.54013e-10 2.34257e-06 0.00101425 0.0530822 0.336004 0.27086 0.147399 0.13894 0.0402735 0.0108255 0.00149623 0.000100286 2.37073e-06 1.48084e-08 1.88548e-11 4.13153e-15 1.40265e-19 6.90695e-25 4.72176e-31 4.34475e-38
 1.96099e-41 2.72173e-33 4.56626e-26 9.26029e-20 2.27005e-14 6.72657e-10 2.40935e-06 0.00104317 0.0545956 0.345616 0.279351 0.145414 0.12528 0.0377523 0.00967908 0.00119495 6.88602e-05 1.31115e-06 6.26203e-09 5.98907e-12 9.75829e-16 2.43646e-20 8.72584e-26 4.29626e-32 2.82675e-39
 1.93469e-41 2.68522e-33 4.50501e-26 9.13608e-20 2.2396e-14 6.63635e-10 2.37703e-06 0.00102917 0.0538635 0.341063 0.278976 0.155972 0.124421 0.0352548 0.00838649 0.000982179 4.86036e-05 7.47114e-07 2.74648e-09 1.95014e-12 2.32196e-16 4.21622e-21 1.09514e-26 3.89763e-33 1.84638e-40
 1.87479e-41 2.60209e-33 4.36554e-26 8.85323e-20 2.17027e-14 6.43089e-10 2.30344e-06 0.000997311 0.0521962 0.330626 0.275084 0.169394 0.127056 0.0359824 0.0078153 0.000811339 3.51084e-05 4.42706e-07 1.25679e-09 6.66779e-13 5.8043e-17 7.60431e-22 1.41685e-27 3.61136e-34 1.22496e-41
 1.79548e-41 2.49201e-33 4.18086e-26 8.4787e-20 2.07845e-14 6.15884e-10 2.20599e-06 0.00095512 0.0499886 0.316811 0.269532 0.184225 0.1313 0.0384885 0.00793015 0.00074035 2.68685e-05 2.75959e-07 6.14569e-10 2.45883e-13 1.57432e-17 1.4958e-22 2.00291e-28 3.64692e-35 8.80633e-43
 1.82665e-41 2.53527e-33 4.25344e-26 8.62589e-20 2.11454e-14 6.26576e-10 2.24429e-06 0.000971702 0.0508569 0.322422 0.276217 0.182162 0.121884 0.0373635 0.00745078 0.000648226 2.00237e-05 1.64167e-07 2.82797e-10 8.58549e-14 4.09e-18 2.84266e-23 2.75224e-29 3.59733e-36 6.20642e-44
 1.82672e-41 2.53537e-33 4.25361e-26 8.62623e-20 2.11462e-14 6.266e-10 2.24438e-06 0.00097174 0.0508589 0.322435 0.276234 0.182432 0.122851 0.0367573 0.00689327 0.000549092 1.49805e-05 1.05197e-07 1.51675e-10 3.79598e-14 1.47633e-18 8.32273e-24 6.50622e-30 6.84398e-37 9.48049e-45
#pred catch len freq
 2.56499e-27 2.59324e-27 3.73977e-26 7.34941e-20 1.80162e-14 5.33852e-10 1.91217e-06 0.000827896 0.0433291 0.274112 0.209929 0.0391611 0.150588 0.139051 0.0324842 0.0394564 0.0177374 0.0147175 0.00947424 0.00742604 0.00589295 0.00507814 0.00501892 0.00438484 0.00132992
 2.57001e-27 2.60643e-27 4.8531e-26 9.69785e-20 2.37731e-14 7.0444e-10 2.52319e-06 0.00109244 0.0571745 0.361702 0.276831 0.0403586 0.1127 0.10361 0.0178507 0.0146989 0.00552834 0.00324435 0.00169627 0.00110488 0.000752285 0.000568311 0.000501733 0.000437869 0.000145283
 2.56976e-27 2.60558e-27 4.76175e-26 9.50507e-20 2.33005e-14 6.90436e-10 2.47303e-06 0.00107073 0.0560379 0.354511 0.271366 0.0419979 0.129014 0.118433 0.0163166 0.00740645 0.00236258 0.000820172 0.000315126 0.000146252 7.66105e-05 4.74587e-05 3.5628e-05 2.93173e-05 1.00597e-05
 2.56932e-27 2.60438e-27 4.65545e-26 9.28082e-20 2.27508e-14 6.74147e-10 2.41468e-06 0.00104547 0.0547159 0.346148 0.264985 0.0423041 0.135828 0.124739 0.0177762 0.00913281 0.00265526 0.0004812 0.000128804 3.51899e-05 1.17736e-05 5.15568e-06 3.00509e-06 2.17058e-06 7.37691e-07
 2.57168e-27 2.61085e-27 5.23183e-26 1.04968e-19 2.57315e-14 7.62471e-10 2.73104e-06 0.00118244 0.0618845 0.391498 0.299581 0.0402414 0.0958247 0.0879014 0.0126552 0.00673076 0.00198572 0.000403701 9.2024e-05 1.30375e-05 2.34797e-06 5.61521e-07 2.08378e-07 1.17737e-07 3.78066e-08
 2.56891e-27 2.60324e-27 4.55096e-26 9.06038e-20 2.22104e-14 6.58135e-10 2.35733e-06 0.00102063 0.0534162 0.337926 0.258716 0.0428991 0.144761 0.132913 0.0179817 0.00754687 0.0022205 0.000467903 0.000110184 1.63755e-05 1.88219e-06 1.94877e-07 3.21748e-08 1.1095e-08 3.11739e-09
 2.5685e-27 2.60215e-27 4.45728e-26 8.86277e-20 2.1726e-14 6.43781e-10 2.30591e-06 0.000998373 0.0522512 0.330556 0.253089 0.042966 0.149223 0.137086 0.0197183 0.0104519 0.00301911 0.000505072 0.000114232 1.76267e-05 2.11449e-06 1.65557e-07 9.98022e-09 1.23287e-09 2.49441e-10
 2.57075e-27 2.60829e-27 5.00408e-26 1.00163e-19 2.45537e-14 7.27572e-10 2.60604e-06 0.00112832 0.059052 0.373579 0.285911 0.0410445 0.111541 0.102376 0.0147038 0.00775919 0.00229744 0.000481774 0.000108786 1.37245e-05 1.60536e-06 1.30366e-07 6.07087e-09 2.10497e-10 1.66602e-11
 2.5704e-27 2.60731e-27 4.91311e-26 9.82437e-20 2.40832e-14 7.1363e-10 2.5561e-06 0.00110669 0.0579204 0.36642 0.280455 0.0416751 0.120173 0.110256 0.0145513 0.00542768 0.00158884 0.000332225 7.8698e-05 1.1965e-05 1.30097e-06 9.26245e-08 4.33092e-09 1.04287e-10 1.87283e-12
 2.57064e-27 2.60797e-27 4.9719e-26 9.94841e-20 2.43873e-14 7.2264e-10 2.58838e-06 0.00112067 0.0586517 0.371047 0.283983 0.0414279 0.115813 0.106252 0.0141936 0.00561622 0.00159238 0.000238987 5.24551e-05 8.05222e-06 9.79016e-07 7.47642e-08 3.07977e-09 6.98582e-11 7.10772e-13
 2.57052e-27 2.60764e-27 4.94212e-26 9.88558e-20 2.42333e-14 7.18076e-10 2.57203e-06 0.00111359 0.0582813 0.368703 0.282196 0.0415696 0.118146 0.108393 0.0143408 0.00541373 0.00153969 0.000243297 5.0634e-05 5.78244e-06 6.55621e-07 5.34159e-08 2.42549e-09 5.11181e-11 4.60551e-13
 2.57067e-27 2.60805e-27 4.97923e-26 9.96387e-20 2.44252e-14 7.23763e-10 2.5924e-06 0.00112241 0.0587429 0.371623 0.284423 0.041399 0.115283 0.105765 0.0141374 0.00561079 0.00159254 0.000241158 5.00827e-05 5.88791e-06 5.7118e-07 3.75049e-08 1.73286e-09 3.98019e-11 3.46967e-13
 2.57081e-27 2.60842e-27 5.01268e-26 1.00344e-19 2.45982e-14 7.28889e-10 2.61076e-06 0.00113036 0.0591589 0.374255 0.286431 0.041285 0.113006 0.103666 0.0138163 0.0054074 0.00154027 0.000244077 5.092e-05 5.77568e-06 5.63605e-07 3.46638e-08 1.28368e-09 2.80434e-11 2.61066e-13
 2.57042e-27 2.60737e-27 4.9173e-26 9.83321e-20 2.41049e-14 7.14272e-10 2.5584e-06 0.00110769 0.0579725 0.36675 0.280707 0.0417126 0.120281 0.110346 0.0143886 0.00503096 0.00142536 0.000223047 4.67552e-05 5.51376e-06 5.34324e-07 3.21757e-08 1.14203e-09 2.07734e-11 1.75961e-13
 2.56974e-27 2.60549e-27 4.75015e-26 9.48058e-20 2.32405e-14 6.88658e-10 2.46666e-06 0.00106797 0.0558936 0.353598 0.270674 0.0423358 0.132072 0.121199 0.0158053 0.00552856 0.00155299 0.000219592 4.4639e-05 5.21288e-06 5.13929e-07 3.16142e-08 1.10056e-09 1.91516e-11 1.39859e-13
 2.57008e-27 2.60641e-27 4.83189e-26 9.65303e-20 2.36632e-14 7.01184e-10 2.51152e-06 0.00108739 0.0569103 0.36003 0.275581 0.0420653 0.126566 0.116124 0.0150072 0.00498645 0.00139783 0.000197615 3.94847e-05 4.20485e-06 4.00886e-07 2.47062e-08 8.79513e-10 1.51882e-11 1.05999e-13
 2.57053e-27 2.60765e-27 4.94272e-26 9.88684e-20 2.42364e-14 7.18168e-10 2.57236e-06 0.00111373 0.0582887 0.36875 0.282233 0.0416372 0.118635 0.108827 0.0141272 0.00481636 0.00134685 0.000182048 3.58753e-05 3.80273e-06 3.46046e-07 1.97519e-08 6.93393e-10 1.21628e-11 8.48815e-14
 2.57051e-27 2.60759e-27 4.93577e-26 9.87217e-20 2.42004e-14 7.17102e-10 2.56854e-06 0.00111208 0.0582022 0.368203 0.281817 0.0417638 0.11989 0.10996 0.0138582 0.00391847 0.00108846 0.000150412 2.96364e-05 3.0163e-06 2.70257e-07 1.50157e-08 4.9013e-10 8.28845e-12 5.82581e-14
 2.57118e-27 2.60943e-27 5.10025e-26 1.02192e-19 2.5051e-14 7.42307e-10 2.65882e-06 0.00115117 0.0602479 0.381145 0.291689 0.041126 0.108101 0.0991153 0.0125638 0.00369628 0.00101707 0.000119984 2.24706e-05 2.32688e-06 2.05872e-07 1.1046e-08 3.51659e-10 5.59677e-12 3.74608e-14
 2.57134e-27 2.60984e-27 5.13545e-26 1.02934e-19 2.5233e-14 7.477e-10 2.67814e-06 0.00115953 0.0606857 0.383914 0.293803 0.0411037 0.106446 0.0975669 0.0119113 0.00259902 0.000704865 8.58517e-05 1.59e-05 1.42649e-06 1.20613e-07 6.49714e-09 2.00906e-10 3.097e-12 1.96896e-14
 2.57119e-27 2.60943e-27 5.09966e-26 1.02179e-19 2.5048e-14 7.42216e-10 2.65849e-06 0.00115103 0.0602405 0.381098 0.291655 0.0412162 0.108812 0.0997499 0.0122902 0.00291253 0.000782758 7.53776e-05 1.26687e-05 1.16162e-06 9.31227e-08 4.44967e-09 1.35019e-10 2.04212e-12 1.25463e-14
 2.57134e-27 2.60985e-27 5.13756e-26 1.02979e-19 2.5244e-14 7.48024e-10 2.6793e-06 0.00116003 0.060712 0.38408 0.293929 0.0410065 0.105618 0.0968257 0.0121932 0.00342726 0.000932925 9.55504e-05 1.6073e-05 1.18877e-06 8.70415e-08 4.10592e-09 1.12496e-10 1.60116e-12 9.65518e-15
 2.57118e-27 2.6094e-27 5.09657e-26 1.02114e-19 2.5032e-14 7.41742e-10 2.6568e-06 0.00115029 0.0602021 0.380855 0.29147 0.0412409 0.10913 0.100039 0.0122655 0.00278409 0.000755064 8.85324e-05 1.58809e-05 1.23764e-06 8.5623e-08 3.32059e-09 8.62497e-11 1.14072e-12 6.35185e-15
 2.57149e-27 2.61026e-27 5.17373e-26 1.03742e-19 2.5431e-14 7.53567e-10 2.69915e-06 0.00116863 0.0611618 0.386926 0.296101 0.0409347 0.103545 0.0949041 0.0116825 0.00274686 0.000739069 7.32965e-05 1.24369e-05 1.09735e-06 8.19942e-08 3.22979e-09 7.2551e-11 8.48955e-13 4.42135e-15
 2.57195e-27 2.61151e-27 5.28495e-26 1.06088e-19 2.60062e-14 7.7061e-10 2.7602e-06 0.00119506 0.0625451 0.395677 0.302777 0.0405338 0.0958044 0.087776 0.0106992 0.00229954 0.000616137 6.27262e-05 1.05571e-05 8.01502e-07 5.85855e-08 2.60407e-09 6.14029e-11 6.61134e-13 2.98488e-15
 2.57167e-27 2.61074e-27 5.21636e-26 1.04641e-19 2.56515e-14 7.601e-10 2.72255e-06 0.00117876 0.0616921 0.390281 0.29866 0.0407894 0.100642 0.0922286 0.0112796 0.00250196 0.000669279 6.36932e-05 1.04004e-05 8.04874e-07 5.60759e-08 2.21486e-09 5.54017e-11 6.47048e-13 2.81573e-15
 2.57139e-27 2.60997e-27 5.14681e-26 1.03174e-19 2.52918e-14 7.49442e-10 2.68437e-06 0.00116223 0.060827 0.384808 0.294487 0.0411275 0.106147 0.0972771 0.0116064 0.00197695 0.000519253 5.05717e-05 8.293e-06 6.03539e-07 4.09938e-08 1.60668e-09 3.65891e-11 4.20602e-13 1.97823e-15
 2.57183e-27 2.61119e-27 5.2559e-26 1.05475e-19 2.5856e-14 7.66158e-10 2.74425e-06 0.00118816 0.0621838 0.393391 0.301034 0.040692 0.0982327 0.0899999 0.0107855 0.00193667 0.000506225 4.08817e-05 6.02729e-06 4.46225e-07 2.997e-08 1.11013e-09 2.48408e-11 2.68754e-13 1.20388e-15
 2.57281e-27 2.61387e-27 5.49603e-26 1.10541e-19 2.70978e-14 8.02957e-10 2.87606e-06 0.00124522 0.0651705 0.412286 0.315446 0.0397616 0.0810264 0.0741713 0.00887521 0.00156552 0.000409284 3.42432e-05 5.06949e-06 3.15754e-07 1.91639e-08 7.1298e-10 1.53621e-11 1.59924e-13 6.85417e-16
#obs catch len freq
 1.74564e-41 2.42283e-33 4.06481e-26 8.24334e-20 2.02076e-14 5.98788e-10 2.14476e-06 0.000928607 0.0485996 0.307455 0.235505 0.0440703 0.154006 0.130538 0.0373802 0.0290176 0.00898012 0.00287741 0.000569498 6.72454e-05 3.48596e-06 5.8018e-08 2.30262e-10 1.74432e-13 2.17492e-17
 1.76884e-41 2.45503e-33 4.11882e-26 8.35288e-20 2.04761e-14 6.06744e-10 2.17326e-06 0.000940946 0.0492454 0.311541 0.238683 0.0459535 0.155581 0.124783 0.0361996 0.0263536 0.00786484 0.00236949 0.000435713 4.52014e-05 1.93084e-06 2.49235e-08 7.34988e-11 4.03231e-14 3.59098e-18
 2.18507e-41 3.03273e-33 5.08803e-26 1.03184e-19 2.52944e-14 7.49519e-10 2.68466e-06 0.00116236 0.0608335 0.38485 0.294616 0.0432919 0.0984349 0.0743965 0.0218939 0.0148663 0.00424778 0.00118572 0.000199484 1.81515e-05 6.40435e-07 6.42169e-09 1.40823e-11 5.59579e-15 3.55681e-19
 1.74345e-41 2.4198e-33 4.05972e-26 8.23302e-20 2.01823e-14 5.98038e-10 2.14208e-06 0.000927444 0.0485387 0.307071 0.235496 0.0537225 0.183134 0.128486 0.0252949 0.0127989 0.00348711 0.000894641 0.000135411 1.06312e-05 3.08462e-07 2.41098e-09 3.94859e-12 1.14017e-15 5.18333e-20
 2.11384e-41 2.93387e-33 4.92218e-26 9.98208e-20 2.44699e-14 7.25088e-10 2.59715e-06 0.00112447 0.0588505 0.372306 0.285182 0.0474085 0.112845 0.0761961 0.0269481 0.01569 0.00283845 0.00053228 7.09936e-05 4.72561e-06 1.11071e-07 6.74285e-10 8.28098e-13 1.7475e-16 5.70944e-21
 2.3889e-41 3.31563e-33 5.56266e-26 1.1281e-19 2.7654e-14 8.19437e-10 2.93509e-06 0.00127079 0.0665082 0.420751 0.322131 0.0453748 0.0779809 0.0480465 0.0108556 0.00531874 0.00146842 0.000267416 2.29701e-05 1.18282e-06 2.20926e-08 1.02977e-10 9.45412e-14 1.4625e-17 3.45264e-22
 1.35391e-41 1.87913e-33 3.15264e-26 6.39348e-20 1.56729e-14 4.64416e-10 1.66346e-06 0.000720222 0.0376935 0.238465 0.183895 0.0756764 0.27139 0.154621 0.0260662 0.00940813 0.00171925 0.000312796 2.97974e-05 1.05597e-06 1.36826e-08 4.74844e-11 3.2273e-14 3.64636e-18 6.22483e-23
 2.23781e-41 3.10593e-33 5.21085e-26 1.05675e-19 2.5905e-14 7.67612e-10 2.74946e-06 0.00119042 0.0623019 0.394141 0.301977 0.0481819 0.0872831 0.0528477 0.0341397 0.0156724 0.00201488 0.000229745 1.74542e-05 5.94257e-07 5.62982e-09 1.29674e-11 6.18421e-15 5.0242e-19 6.16846e-24
 2.02029e-41 2.80403e-33 4.70434e-26 9.54031e-20 2.33869e-14 6.92998e-10 2.48221e-06 0.00107471 0.056246 0.355832 0.273278 0.0634175 0.151198 0.0749313 0.0147889 0.00663223 0.00229943 0.000285796 1.30811e-05 3.10446e-07 2.44454e-09 4.21687e-12 1.34785e-15 7.3573e-20 6.26731e-25
 2.06837e-41 2.87077e-33 4.81631e-26 9.76737e-20 2.39436e-14 7.09491e-10 2.54128e-06 0.00110029 0.0575847 0.364302 0.27984 0.0635787 0.137888 0.0663867 0.0209814 0.00706777 0.00106584 0.000190211 1.25515e-05 2.08197e-07 1.04292e-09 1.33086e-12 3.18265e-16 1.21677e-20 6.97013e-26
 2.03025e-41 2.81786e-33 4.72754e-26 9.58735e-20 2.35023e-14 6.96415e-10 2.49445e-06 0.00108001 0.0565234 0.357589 0.275038 0.0692305 0.14729 0.0657809 0.0196554 0.00654887 0.00113751 0.000116246 6.95852e-06 1.42942e-07 5.8778e-10 4.80618e-13 7.71754e-17 2.11733e-21 8.73981e-27
 2.14287e-41 2.97416e-33 4.98977e-26 1.01191e-19 2.48059e-14 7.35044e-10 2.63281e-06 0.00113992 0.0596586 0.377425 0.290237 0.0677839 0.126508 0.0535764 0.0174545 0.00526963 0.000855552 8.54533e-05 3.61818e-06 5.73892e-08 2.36817e-10 1.71691e-13 1.9604e-17 3.51897e-22 9.73306e-28
 2.09422e-41 2.90664e-33 4.87649e-26 9.88942e-20 2.42428e-14 7.18357e-10 2.57304e-06 0.00111404 0.0583043 0.36886 0.284182 0.0752155 0.138423 0.0536831 0.0152631 0.00422015 0.000671107 5.96344e-05 2.2105e-06 2.58303e-08 7.68858e-11 4.69079e-14 4.66659e-18 6.67749e-23 1.32191e-28
 2.04765e-41 2.84201e-33 4.76806e-26 9.66952e-20 2.37037e-14 7.02384e-10 2.51582e-06 0.00108927 0.0570078 0.360662 0.278451 0.0818518 0.145224 0.0540555 0.0169441 0.0041115 0.000554415 4.41032e-05 1.40873e-06 1.33442e-08 2.93158e-11 1.25431e-14 9.24516e-19 1.04961e-23 1.67837e-29
 1.92569e-41 2.67273e-33 4.48405e-26 9.09357e-20 2.22918e-14 6.60547e-10 2.36597e-06 0.00102438 0.0536122 0.339188 0.262989 0.094 0.164817 0.0592003 0.0198996 0.00462617 0.000599914 3.9171e-05 1.02507e-06 7.88398e-09 1.34405e-11 4.23791e-15 2.20176e-19 1.74873e-24 2.01202e-30
 1.76221e-41 2.44584e-33 4.1034e-26 8.32161e-20 2.03995e-14 6.04473e-10 2.16513e-06 0.000937424 0.0490611 0.310408 0.242326 0.109486 0.188234 0.0676074 0.025469 0.00569815 0.000726607 4.29384e-05 9.08872e-07 5.37612e-09 7.03681e-12 1.67485e-15 6.4033e-20 3.64718e-25 2.94835e-31
 1.97096e-41 2.73556e-33 4.58947e-26 9.30735e-20 2.28159e-14 6.76076e-10 2.42159e-06 0.00104847 0.0548726 0.347174 0.270042 0.0977396 0.144207 0.0547968 0.0239372 0.00543898 0.000702962 3.85104e-05 7.02027e-07 3.26243e-09 3.17732e-12 5.57247e-16 1.56862e-20 6.5343e-26 3.82227e-32
 1.91666e-41 2.66019e-33 4.46302e-26 9.05093e-20 2.21873e-14 6.5745e-10 2.35488e-06 0.00101958 0.0533608 0.337626 0.264234 0.112134 0.15749 0.0510971 0.0180732 0.00434185 0.000589714 3.10789e-05 5.00704e-07 1.91034e-09 1.43312e-12 1.85068e-16 3.76139e-21 1.12781e-26 4.75486e-33
 1.91048e-41 2.65162e-33 4.44865e-26 9.02176e-20 2.21158e-14 6.55331e-10 2.34729e-06 0.0010163 0.0531889 0.336554 0.264496 0.118188 0.153845 0.0509048 0.0179387 0.00342656 0.000417279 2.1693e-05 3.17877e-07 1.02198e-09 6.09771e-13 6.00287e-17 9.00765e-22 1.95139e-27 5.8768e-34
 1.93506e-41 2.68574e-33 4.50589e-26 9.13785e-20 2.24004e-14 6.63764e-10 2.37749e-06 0.00102937 0.0538734 0.340901 0.268892 0.122487 0.146155 0.0472826 0.0161105 0.00295523 0.000299419 1.27779e-05 1.65993e-07 4.58751e-10 2.22706e-13 1.71201e-17 1.94797e-22 3.1312e-28 6.88109e-35
 2.00902e-41 2.78839e-33 4.6781e-26 9.48709e-20 2.32565e-14 6.89132e-10 2.46836e-06 0.00106872 0.0559324 0.353944 0.279571 0.121763 0.130983 0.0411153 0.0131493 0.00225723 0.000206504 7.16089e-06 7.23389e-08 1.61676e-10 6.38408e-14 3.89458e-18 3.42304e-23 4.16138e-29 6.80741e-36
 2.00312e-41 2.7802e-33 4.66436e-26 9.45922e-20 2.31882e-14 6.87108e-10 2.46111e-06 0.00106557 0.0557682 0.352938 0.280584 0.129982 0.129178 0.0377912 0.0108496 0.00169967 0.000137614 4.02853e-06 3.17584e-08 5.31186e-11 1.58734e-14 7.45756e-19 5.05593e-24 4.69623e-30 5.79681e-37
 2.0405e-41 2.83209e-33 4.75141e-26 9.63576e-20 2.36209e-14 6.99932e-10 2.50704e-06 0.00108546 0.0568091 0.359554 0.286863 0.131244 0.119071 0.0347343 0.00928326 0.0012643 8.71521e-05 2.11827e-06 1.32741e-08 1.68238e-11 3.68612e-15 1.26107e-19 6.28128e-25 4.33158e-31 3.99079e-38
 1.97102e-41 2.73565e-33 4.58962e-26 9.30767e-20 2.28166e-14 6.76099e-10 2.42168e-06 0.0010485 0.0548749 0.347385 0.280824 0.146437 0.124961 0.0347847 0.00855398 0.00106581 6.14426e-05 1.19195e-06 5.83692e-09 5.64337e-12 9.1983e-16 2.29208e-20 8.21013e-26 4.05735e-32 2.68703e-39
 2.02354e-41 2.80853e-33 4.7119e-26 9.55563e-20 2.34245e-14 6.94111e-10 2.48619e-06 0.00107644 0.0563369 0.35668 0.289076 0.143724 0.112259 0.0324327 0.0075374 0.000833802 4.09492e-05 6.3373e-07 2.36018e-09 1.70795e-12 2.06416e-16 3.77498e-21 9.82135e-27 3.49308e-33 1.65348e-40
 1.99842e-41 2.77367e-33 4.6534e-26 9.43701e-20 2.31337e-14 6.85494e-10 2.45533e-06 0.00106307 0.0556379 0.352349 0.289058 0.153558 0.111087 0.0300619 0.00648064 0.000673073 2.80943e-05 3.48177e-07 9.91722e-10 5.30808e-13 4.67735e-17 6.2102e-22 1.1702e-27 3.00539e-34 1.02358e-41
 1.94085e-41 2.69377e-33 4.51936e-26 9.16518e-20 2.24674e-14 6.65749e-10 2.3846e-06 0.00103245 0.0540356 0.342345 0.28577 0.166346 0.113417 0.0305182 0.00596657 0.000546748 1.97836e-05 1.99201e-07 4.35599e-10 1.73546e-13 1.11542e-17 1.067e-22 1.44073e-28 2.64749e-35 6.45086e-43
 1.86432e-41 2.58756e-33 4.34116e-26 8.80379e-20 2.15815e-14 6.39498e-10 2.29058e-06 0.000991742 0.0519057 0.32905 0.280964 0.180612 0.117434 0.0325368 0.00599865 0.000489289 1.47408e-05 1.20064e-07 2.04687e-10 6.12592e-14 2.88941e-18 2.00167e-23 1.94066e-29 2.54607e-36 4.41441e-44
 1.90261e-41 2.6407e-33 4.43032e-26 8.9846e-20 2.20247e-14 6.52632e-10 2.33762e-06 0.00101211 0.0529716 0.335753 0.284371 0.172283 0.113668 0.0332746 0.0061637 0.000487176 1.32319e-05 9.26714e-08 1.33404e-10 3.33542e-14 1.29636e-18 7.30486e-24 5.70858e-30 6.00338e-37 8.31437e-45
#spawning biomass
 13425.2 15413.5 19910.1 24618.7 42554.3 58679.7 56871.9 67042.8 83304.4 103725 129088 167073 218409 251292 239651 207924 200424 184724 183217 176475 184699 206263 202507 205043 228958 253232 218971 200910 203206 182366 4187.69 4187.69 4187.69 4187.69 4187.69 4187.69 4187.69 4187.69 4187.69 4187.69 4187.69 4187.69 4187.69 4187.69 4187.69 4187.69 4187.69 4187.69 4187.69 4187.69 4187.69 4187.69 4187.69 4187.69 4187.69 4187.69 4187.69 4187.69 4187.69 4187.69 4187.69 4187.69 4187.69 4187.69 4187.69 4187.69 4187.69 4187.69 4187.69 4187.69 4187.69 4187.69 4187.69 4187.69 4187.69 4187.69 4187.69 4187.69 4187.69 4187.69 4187.69 4187.69 4187.69 4187.69 4187.69 4187.69 4187.69 4187.69 4187.69 4187.69 4187.69 4187.69 4187.69 4187.69 4187.69 4187.69 4187.69 4187.69 4187.69 4187.69 4187.69 4187.69 4187.69 4187.69 4187.69 4187.69 4187.69 4187.69 4187.69 4187.69 4187.69 4187.69 4187.69 4187.69 4187.69 4187.69 4187.69 4187.69 4187.69 4187.69 4187.69 4187.69 4187.69 4187.69 4187.69 4187.69 4187.69 4187.69 4187.69 0 0 0 0 0 0 0 0 0 0 0 0 0 0 0 0 0 0 0 0 0 0 0 0 0
