SBPRF35
0.233101
Curr Bio
174650
B35
182146
F35
0.417412
FOFL
0.417412
OFL
74122.3
Bzero
66600.2
#pred survey bio
 30653 25486 18481.4 16046.7 24248.1 36596 52257.8 62637.2 93895.9 123611 151957 174895 201066 218464 200649 181209 187258 178781 189406 208002 206269 205463 230744 235552 256758 249704 260956 240704 265331 6.42766e+06 5.19878e+06 3.61784e+06 2.37647e+06 1.60457e+06 1.17262e+06 942937 823131 760503 727196 708995 698725 692738 689141 686924 685528 684642 684072 683703 683462 683304 683201 683133 683088 683058 683039 683026 683017 683012 683008 683006 683004 683003 683002 683002 683001 683001 683001 683001 683001 683001 683001 683001 683001 683001 683001 683001 683001 683001 683001 683001 683001 683001 683001 683001 683001 683001 683001 683001 683001 683001 683001 683001 683001 683001 683001 683001 683001 683001 683001 683001 683001 683001 683001 683001 683001 683001 683001 683001 683001 683001 683001 683001 683001 683001 683001 683001 683001 683001 683001 683001 683001 683001 683001 683001 683001 683001 683001 683001 683001 0 0 0 0 0 0 0 0 0 0 0 0 0 0 0 0 0 0 0 0 0 0 0 0 0
#obs survey bio
 27676.4 17941.7 8260.82 25504.3 24877.5 34723.3 56752.9 83662.3 100846 124735 248469 167067 170870 220977 233637 140436 169923 222644 221831 275815 176035 185086 269062 194527 333449 226009 240328 186961 316907
#pred catch bio
 5101.66 4966.63 3654.78 2979.9 5450.47 6806.97 14886.7 13539 27183.4 40149.9 54778.1 61679.9 72714 93669.9 92281 77878.9 81985 64856.7 67238.5 84299.3 83948.5 72513 95385.2 89804.4 104998 88593 113719 91915.7 106113 74122.3 67549.4 45464.5 28539.1 18448.4 13097.8 10448 9190.72 8610.55 8347.75 8230.19 8178.04 8155.05 8144.95 8140.53 8138.59 8137.75 8137.39 8137.23 8137.16 8137.13 8137.11 8137.11 8137.1 8137.1 8137.1 8137.1 8137.1 8137.1 8137.1 8137.1 8137.1 8137.1 8137.1 8137.1 8137.1 8137.1 8137.1 8137.1 8137.1 8137.1 8137.1 8137.1 8137.1 8137.1 8137.1 8137.1 8137.1 8137.1 8137.1 8137.1 8137.1 8137.1 8137.1 8137.1 8137.1 8137.1 8137.1 8137.1 8137.1 8137.1 8137.1 8137.1 8137.1 8137.1 8137.1 8137.1 8137.1 8137.1 8137.1 8137.1 8137.1 8137.1 8137.1 8137.1 8137.1 8137.1 8137.1 8137.1 8137.1 8137.1 8137.1 8137.1 8137.1 8137.1 8137.1 8137.1 8137.1 8137.1 8137.1 8137.1 8137.1 8137.1 8137.1 8137.1 8137.1 8137.1 8137.1 8137.1 8137.1 0 0 0 0 0 0 0 0 0 0 0 0 0 0 0 0 0 0 0 0 0 0 0 0 0
#obs catch bio
 3959 5188.44 4000.69 2997.97 5485.2 6621.31 14990.2 12975.4 26902.3 39428.6 50279.4 57455.6 71164.6 90956.2 92400.8 79743.3 86728.8 65179.2 67140.8 83013.1 84653.5 72142.6 93711.3 91408.9 98991.2 86022.7 114544 95586.9 106440
#pred cpue bio
 29549.3 25061.4 18267.8 15217.4 21811.4 33486 48473.1 57993.7 85621.4 113472 139453 160521 184920 201846 185906 166514 171064 165049 175381 191710 190486 189454 212454 216338 236027 231323 242186 221947 243072 5.91098e+06 5.12479e+06 3.581e+06 2.34105e+06 1.5692e+06 1.13725e+06 907565 787758 725130 691823 673622 663353 657365 653768 651551 650155 649269 648699 648330 648089 647931 647828 647760 647715 647685 647666 647653 647644 647639 647635 647633 647631 647630 647629 647629 647628 647628 647628 647628 647628 647628 647628 647628 647628 647628 647628 647628 647628 647628 647628 647628 647628 647628 647628 647628 647628 647628 647628 647628 647628 647628 647628 647628 647628 647628 647628 647628 647628 647628 647628 647628 647628 647628 647628 647628 647628 647628 647628 647628 647628 647628 647628 647628 647628 647628 647628 647628 647628 647628 647628 647628 647628 647628 647628 647628 647628 647628 647628 647628 647628 0 0 0 0 0 0 0 0 0 0 0 0 0 0 0 0 0 0 0 0 0 0 0 0 0
#obs cpue bio
 16298.4 19616.6 13605.2 26460.1 27349.8 38893.6 46582.4 56302.2 75085 120596 181309 193537 170799 249772 137919 170906 144415 141201 156138 180598 189228 203446 239216 185956 369961 214831 253775 180018 262622
#pred surv len freq
 2.38914e-11 1.12374e-09 3.65994e-08 8.25409e-07 1.289e-05 0.000139387 0.00104374 0.0054125 0.0194437 0.0484519 0.0841853 0.104041 0.0980744 0.0843495 0.080392 0.0806973 0.0754953 0.0665966 0.0579616 0.0497726 0.0421718 0.0357005 0.0295819 0.0223573 0.014118
 1.10486e-11 5.19675e-10 1.69255e-08 3.81712e-07 5.96102e-06 6.44615e-05 0.000482729 0.00250402 0.00900595 0.0225468 0.0398907 0.0526668 0.0603871 0.0737669 0.094477 0.107575 0.104689 0.0938713 0.0826305 0.0711453 0.0591263 0.0475338 0.0365639 0.0256996 0.0153666
 9.83391e-12 4.6254e-10 1.50646e-08 3.39745e-07 5.30563e-06 5.73735e-05 0.000429628 0.00222813 0.00800742 0.0199851 0.0349395 0.0442095 0.0450955 0.0465605 0.0563673 0.0723901 0.090153 0.105204 0.110465 0.103082 0.0876193 0.0694331 0.0510679 0.0337293 0.0189708
 3.48796e-11 1.64057e-09 5.34323e-08 1.20503e-06 1.88183e-05 0.000203493 0.00152372 0.00790058 0.0283684 0.0705597 0.121697 0.146166 0.124306 0.0796678 0.0464538 0.0333478 0.0323791 0.0377458 0.0462775 0.0531557 0.0536436 0.046708 0.0351074 0.0226156 0.0121524
 4.408e-11 2.07331e-09 6.75264e-08 1.52289e-06 2.37821e-05 0.000257169 0.00192565 0.00998479 0.0358547 0.0892047 0.154024 0.185782 0.160514 0.108088 0.068793 0.048155 0.0334948 0.0212928 0.0146698 0.0135459 0.0146074 0.0146273 0.0122835 0.00835441 0.00451661
 3.68297e-11 1.73229e-09 5.64196e-08 1.2724e-06 1.98704e-05 0.000214871 0.00160895 0.00834313 0.0299666 0.0746251 0.129325 0.158237 0.144016 0.112955 0.0937372 0.0815488 0.0625902 0.0400009 0.0227787 0.0129639 0.00842533 0.00668941 0.00559201 0.00405215 0.00230939
 3.36325e-11 1.58191e-09 5.15219e-08 1.16195e-06 1.81455e-05 0.000196218 0.00146928 0.00761895 0.0273663 0.0681573 0.11817 0.144846 0.132697 0.106139 0.0915578 0.0845904 0.0721496 0.0548941 0.0381775 0.0238871 0.0132578 0.00701182 0.00400332 0.00244002 0.00135099
 3.48529e-11 1.63931e-09 5.33914e-08 1.20411e-06 1.88039e-05 0.000203338 0.00152259 0.00789524 0.0283569 0.0706067 0.122295 0.14933 0.134972 0.104163 0.0854824 0.0768304 0.0657256 0.0517988 0.0389629 0.0274909 0.017302 0.00947656 0.00459365 0.00207446 0.000896271
 3.90241e-11 1.83551e-09 5.97813e-08 1.34822e-06 2.10543e-05 0.000227673 0.0017048 0.00883985 0.0317465 0.0790158 0.136651 0.165866 0.146718 0.106447 0.078969 0.0656475 0.0537951 0.0411191 0.030512 0.0220026 0.0147353 0.00878094 0.00450932 0.00196254 0.000726637
 3.64138e-11 1.71273e-09 5.57825e-08 1.25803e-06 1.9646e-05 0.000212444 0.00159078 0.00824885 0.0296272 0.0737716 0.127791 0.156104 0.141271 0.109232 0.0892285 0.0780767 0.0626274 0.0443667 0.0298983 0.0200736 0.0130809 0.00790591 0.00423424 0.0019224 0.000715549
 3.67418e-11 1.72816e-09 5.62851e-08 1.26937e-06 1.9823e-05 0.000214358 0.00160511 0.00832308 0.0298929 0.0744244 0.128862 0.157129 0.141308 0.107487 0.0860492 0.0753067 0.0622271 0.0463809 0.0324523 0.021467 0.0131572 0.00744223 0.00384473 0.00174426 0.000660578
 3.66537e-11 1.72401e-09 5.615e-08 1.26632e-06 1.97754e-05 0.000213844 0.00160126 0.00830313 0.0298215 0.0742488 0.128573 0.156849 0.141282 0.107911 0.0867999 0.075862 0.062101 0.0457408 0.031991 0.0215479 0.0134749 0.007597 0.00379931 0.00165323 0.00060819
 3.60994e-11 1.69794e-09 5.5301e-08 1.24717e-06 1.94764e-05 0.00021061 0.00157705 0.00817762 0.0293711 0.0731316 0.126667 0.154656 0.139734 0.107638 0.0877175 0.0774073 0.0637074 0.0470759 0.0329186 0.0221038 0.0138161 0.00782914 0.00393092 0.00169795 0.000612001
 3.48741e-11 1.64031e-09 5.34238e-08 1.20484e-06 1.88153e-05 0.000203462 0.00152352 0.00790012 0.0283753 0.0706609 0.122447 0.149785 0.13624 0.106862 0.0894449 0.0804297 0.0669004 0.0499208 0.0352568 0.023842 0.0149496 0.00847816 0.00425892 0.00184003 0.000661378
 3.41863e-11 1.60796e-09 5.23702e-08 1.18108e-06 1.84443e-05 0.000199449 0.00149347 0.00774435 0.0278162 0.0692726 0.120068 0.147001 0.134116 0.106063 0.0898626 0.0815876 0.0684253 0.0516149 0.03693 0.025279 0.016013 0.00915278 0.00462067 0.00200104 0.000719567
 3.66771e-11 1.72512e-09 5.61859e-08 1.26713e-06 1.97881e-05 0.000213981 0.00160228 0.0083084 0.0298399 0.0742904 0.128615 0.156756 0.140741 0.106571 0.0847463 0.0739215 0.0612801 0.0462982 0.0333695 0.0230801 0.0148014 0.00856891 0.00437453 0.00191033 0.000690641
 3.78766e-11 1.78154e-09 5.80235e-08 1.30857e-06 2.04353e-05 0.000220979 0.00165468 0.00858009 0.0308153 0.0767146 0.132784 0.161705 0.144749 0.108631 0.0849584 0.0726237 0.0585683 0.0425047 0.0293956 0.0198569 0.0126861 0.00740006 0.00382255 0.0016895 0.000617154
 3.46314e-11 1.62889e-09 5.3052e-08 1.19646e-06 1.86844e-05 0.000202046 0.00151292 0.00784522 0.028179 0.0701808 0.121675 0.149119 0.136521 0.108872 0.0929962 0.0839535 0.068534 0.0491349 0.0330236 0.0214663 0.0131867 0.00746866 0.00380678 0.00168313 0.000619445
 3.44204e-11 1.61897e-09 5.27288e-08 1.18917e-06 1.85705e-05 0.000200815 0.0015037 0.00779734 0.0280061 0.0697412 0.120851 0.147822 0.134433 0.105458 0.0885218 0.0803966 0.0682806 0.0524854 0.0378962 0.0255698 0.0156577 0.00862319 0.00424684 0.00182715 0.000662394
 3.59786e-11 1.69226e-09 5.51158e-08 1.243e-06 1.94112e-05 0.000209905 0.00157176 0.00815019 0.0292721 0.0728802 0.126198 0.153926 0.138576 0.105739 0.0851228 0.0750121 0.0627318 0.0480061 0.0352302 0.0248046 0.0160496 0.00922825 0.00461208 0.00196277 0.000695832
 3.50844e-11 1.6502e-09 5.37461e-08 1.21211e-06 1.89288e-05 0.000204689 0.00153271 0.00794776 0.0285463 0.0710857 0.123175 0.15064 0.136897 0.107102 0.089219 0.0797184 0.0657069 0.0485102 0.0341961 0.0235547 0.0153296 0.00907542 0.00471668 0.00207395 0.000747135
 3.5619e-11 1.67535e-09 5.4565e-08 1.23058e-06 1.92172e-05 0.000207807 0.00155606 0.0080688 0.0289803 0.0721596 0.12499 0.152639 0.138014 0.106555 0.0872346 0.0775148 0.0645222 0.048509 0.034557 0.0235512 0.0149527 0.00868487 0.00451458 0.00202155 0.000747317
 3.60387e-11 1.69509e-09 5.52079e-08 1.24508e-06 1.94437e-05 0.000210256 0.00157439 0.00816384 0.0293214 0.0730056 0.126433 0.154299 0.139185 0.106754 0.0865106 0.0762676 0.063174 0.0473722 0.0338403 0.023259 0.0148691 0.00861388 0.00443084 0.00196712 0.000727951
 3.65645e-11 1.71982e-09 5.60134e-08 1.26324e-06 1.97273e-05 0.000213323 0.00159736 0.00828292 0.0297489 0.0740682 0.128261 0.15647 0.140945 0.107667 0.0866274 0.0757468 0.0620554 0.0457689 0.0321055 0.0218025 0.0138881 0.00805933 0.00415304 0.00184087 0.0006785
 3.62297e-11 1.70407e-09 5.55006e-08 1.25168e-06 1.95467e-05 0.000211371 0.00158274 0.00820713 0.029477 0.0733947 0.127117 0.155183 0.140135 0.107784 0.0876177 0.0771307 0.0633085 0.0466112 0.0324826 0.0217941 0.0136765 0.00783433 0.00400694 0.00177117 0.000652147
 3.39767e-11 1.5981e-09 5.20491e-08 1.17384e-06 1.83312e-05 0.000198226 0.00148432 0.00769692 0.0276464 0.0688548 0.119379 0.146323 0.134022 0.107054 0.0918371 0.0836739 0.0695984 0.0515391 0.0360253 0.0241541 0.0150693 0.00854062 0.00431233 0.00188442 0.000688343
 3.39558e-11 1.59712e-09 5.20171e-08 1.17312e-06 1.83199e-05 0.000198104 0.0014834 0.00769211 0.0276283 0.0688022 0.119235 0.145902 0.132864 0.104605 0.0882768 0.0805143 0.0686753 0.0532416 0.0390947 0.0270872 0.0171465 0.00974526 0.0048989 0.00212206 0.000767215
 3.58649e-11 1.68691e-09 5.49416e-08 1.23907e-06 1.93499e-05 0.000209242 0.0015668 0.00812445 0.0291798 0.0726519 0.125813 0.153506 0.138353 0.105883 0.0855742 0.0754652 0.0628664 0.0477753 0.0348847 0.0246385 0.0161664 0.00951733 0.00489371 0.00213832 0.000772418
 3.73877e-11 1.75854e-09 5.72745e-08 1.29168e-06 2.01715e-05 0.000218126 0.00163332 0.00846933 0.0304176 0.0757255 0.131078 0.159656 0.143013 0.107558 0.0845027 0.0727451 0.059361 0.0439049 0.0310519 0.0213942 0.013921 0.00828416 0.00436421 0.00195848 0.000721883
#obs surv len freq
 2.20118e-11 1.03533e-09 3.37199e-08 7.6047e-07 1.18759e-05 0.000128421 0.000961633 0.00498681 0.017916 0.0446599 0.0776982 0.0965017 0.0924872 0.0826042 0.0820126 0.0838289 0.078751 0.0701552 0.0629181 0.0563749 0.048838 0.0398663 0.0296904 0.0192688 0.0103391
 1.07043e-15 5.04149e-14 1.65068e-12 3.80062e-11 6.41851e-10 9.01658e-09 1.29256e-07 1.9418e-06 2.51091e-05 0.000241619 0.00164295 0.00778941 0.025732 0.0596421 0.0989211 0.122971 0.125223 0.11681 0.10621 0.0939547 0.0801252 0.0649702 0.0482092 0.0310521 0.0164779
 1.34419e-11 6.32243e-10 2.05917e-08 4.64395e-07 7.25219e-06 7.84218e-05 0.000587206 0.0030446 0.0109309 0.0271752 0.0467846 0.0558112 0.0464357 0.0287485 0.0206314 0.0330081 0.0642672 0.0994495 0.120202 0.120678 0.107394 0.0874827 0.0644419 0.0411667 0.0216744
 5.17167e-11 2.43251e-09 7.92251e-08 1.78673e-06 2.79023e-05 0.000301722 0.00225924 0.011714 0.0420576 0.104571 0.180103 0.215103 0.178914 0.105365 0.0466322 0.0184289 0.00889333 0.00727319 0.00977291 0.0137248 0.016021 0.0151806 0.0118888 0.00771219 0.00405413
 3.31351e-11 1.55851e-09 5.07598e-08 1.14476e-06 1.78771e-05 0.000193317 0.00144757 0.00750672 0.0269682 0.0672135 0.116861 0.144771 0.137436 0.119326 0.111513 0.101091 0.0734927 0.0398258 0.0170893 0.00810504 0.0066653 0.00700411 0.00638553 0.00457006 0.0025175
 4.04808e-11 1.90402e-09 6.20127e-08 1.39854e-06 2.18402e-05 0.000236171 0.00176843 0.00916968 0.0329297 0.0819462 0.141621 0.171443 0.150203 0.106031 0.0755492 0.0625685 0.0539441 0.0435521 0.0311866 0.0186016 0.00918508 0.004442 0.00269896 0.00183524 0.00106538
 2.57332e-11 1.21037e-09 3.94209e-08 8.89041e-07 1.38837e-05 0.000150134 0.00112423 0.00583027 0.0209501 0.0522605 0.0911765 0.11443 0.113352 0.108088 0.112494 0.111605 0.0924599 0.0655759 0.0444045 0.0299224 0.0186413 0.0099714 0.00461713 0.00203184 0.000900091
 4.33123e-11 2.0372e-09 6.63503e-08 1.49637e-06 2.33679e-05 0.00025269 0.00189211 0.00981078 0.0352288 0.0876354 0.151234 0.182048 0.156148 0.10301 0.0640929 0.0478548 0.0419305 0.0373493 0.030893 0.0224369 0.0141719 0.00790227 0.00386803 0.00162744 0.000588348
 3.62492e-11 1.70499e-09 5.55304e-08 1.25235e-06 1.95573e-05 0.000211485 0.0015836 0.00821168 0.0294951 0.0734547 0.127326 0.155927 0.142346 0.112501 0.0942207 0.0821405 0.0628919 0.0408819 0.0255755 0.0173494 0.012028 0.00752179 0.00396876 0.00172816 0.000615634
 3.72757e-11 1.75327e-09 5.71029e-08 1.28781e-06 2.01111e-05 0.000217473 0.00162843 0.00844397 0.0303267 0.0754989 0.130686 0.159187 0.142628 0.10741 0.0848261 0.073967 0.0616732 0.0464601 0.0322432 0.0205395 0.0119973 0.00662523 0.00344647 0.00157948 0.00059389
 3.82974e-11 1.80132e-09 5.8668e-08 1.32311e-06 2.06623e-05 0.000223433 0.00167306 0.00867536 0.0311572 0.077562 0.134226 0.163347 0.145852 0.108688 0.084081 0.0714187 0.0576647 0.0421409 0.029365 0.0197454 0.0122372 0.00674483 0.00327515 0.00139355 0.000507413
 3.88029e-11 1.8251e-09 5.94424e-08 1.34058e-06 2.0935e-05 0.000226383 0.00169514 0.00878986 0.0315683 0.0785837 0.135983 0.165433 0.147542 0.109567 0.0842273 0.0710305 0.0567693 0.0406995 0.0275612 0.0180662 0.0111324 0.00624105 0.00309071 0.00130985 0.000462219
 3.47952e-11 1.6366e-09 5.33029e-08 1.20212e-06 1.87728e-05 0.000203001 0.00152007 0.00788231 0.0283123 0.0705115 0.122241 0.149785 0.137037 0.109093 0.0929682 0.0838236 0.0684131 0.0490275 0.0328498 0.0211519 0.0127453 0.00700456 0.00343683 0.00145808 0.000515471
 3.53263e-11 1.66158e-09 5.41166e-08 1.22047e-06 1.90593e-05 0.0002061 0.00154327 0.0080025 0.0287424 0.071568 0.123972 0.151429 0.137034 0.106071 0.087305 0.0782243 0.0659679 0.0504274 0.0362269 0.0243339 0.0148058 0.0080528 0.00388123 0.00161998 0.000566724
 3.3151e-11 1.55926e-09 5.07842e-08 1.14531e-06 1.78857e-05 0.000193409 0.00144825 0.0075099 0.0269752 0.067187 0.116515 0.142946 0.131359 0.105831 0.0919019 0.0845373 0.0709914 0.0534496 0.0383786 0.0265704 0.0170046 0.00968963 0.00479009 0.00200657 0.00069592
 3.95315e-11 1.85937e-09 6.05586e-08 1.36575e-06 2.13281e-05 0.000230633 0.00172696 0.00895475 0.0321588 0.0800371 0.138385 0.167823 0.147972 0.106361 0.077747 0.0642144 0.0530169 0.0410156 0.0303997 0.0214097 0.0138686 0.00808572 0.00413844 0.00179528 0.00063788
 3.49319e-11 1.64303e-09 5.35124e-08 1.20684e-06 1.88465e-05 0.000203799 0.00152605 0.0079133 0.0284238 0.0707909 0.122738 0.150447 0.137804 0.109977 0.0937907 0.0839285 0.0671421 0.0467013 0.0307778 0.020358 0.0131128 0.007787 0.00407985 0.00181586 0.000663172
 3.24612e-11 1.52682e-09 4.97274e-08 1.12148e-06 1.75135e-05 0.000189384 0.00141811 0.00735366 0.0264143 0.0657932 0.11412 0.140113 0.129105 0.10481 0.0922246 0.0862552 0.0740701 0.0570299 0.0408743 0.0271775 0.0164607 0.00913112 0.00462195 0.00205551 0.000763202
 3.53816e-11 1.66418e-09 5.42012e-08 1.22237e-06 1.90891e-05 0.000206422 0.00154568 0.00801494 0.0287864 0.0716698 0.124096 0.151338 0.136176 0.103812 0.0836819 0.0744453 0.0636821 0.0504899 0.0383612 0.0275256 0.0178599 0.0102188 0.00509525 0.00218533 0.000788767
 3.67202e-11 1.72714e-09 5.62518e-08 1.26862e-06 1.98113e-05 0.000214232 0.00160416 0.00831815 0.0298751 0.0743781 0.128769 0.156956 0.140952 0.106766 0.0848139 0.0735844 0.0603152 0.0449834 0.0324613 0.0230994 0.0155356 0.00942047 0.0049545 0.00218794 0.000791208
 3.36762e-11 1.58396e-09 5.15887e-08 1.16346e-06 1.8169e-05 0.000196473 0.00147119 0.00762886 0.0274023 0.0682491 0.118346 0.145139 0.133197 0.106921 0.0922873 0.0842589 0.069892 0.0514755 0.0359086 0.0243538 0.0156979 0.0093754 0.00501912 0.00229947 0.000862504
 3.66557e-11 1.72411e-09 5.61531e-08 1.26639e-06 1.97766e-05 0.000213856 0.00160134 0.00830352 0.0298222 0.0742427 0.12851 0.156524 0.140204 0.105514 0.0832814 0.0727589 0.0612258 0.0473732 0.034772 0.0240722 0.015289 0.00882597 0.00458279 0.00207576 0.000785802
 3.53725e-11 1.66375e-09 5.41873e-08 1.22206e-06 1.90842e-05 0.00020637 0.00154529 0.008013 0.0287806 0.0716672 0.124172 0.151807 0.13779 0.107438 0.089018 0.0791351 0.0648874 0.0476364 0.0334886 0.0230977 0.0150296 0.00885791 0.00459764 0.0020489 0.000762469
 3.79577e-11 1.78535e-09 5.81476e-08 1.31138e-06 2.0479e-05 0.000221452 0.00165822 0.0085984 0.0308807 0.0768718 0.13302 0.161826 0.144329 0.10725 0.0827831 0.0707245 0.0581458 0.0436632 0.0311167 0.0211771 0.0134137 0.0077762 0.004038 0.00181027 0.000673883
 3.47449e-11 1.63423e-09 5.32259e-08 1.20038e-06 1.87456e-05 0.000202708 0.00151788 0.00787091 0.0282711 0.0704074 0.12205 0.149496 0.136599 0.108384 0.0919449 0.0826884 0.0675302 0.0487226 0.0332895 0.0222165 0.014027 0.00808943 0.004151 0.00184019 0.000681253
 3.42775e-11 1.61225e-09 5.25099e-08 1.18423e-06 1.84935e-05 0.000199981 0.00149746 0.00776498 0.0278901 0.0694533 0.12036 0.14726 0.134041 0.105397 0.0887434 0.0806926 0.0684531 0.0525011 0.0378873 0.0256923 0.015946 0.00897063 0.00452152 0.0019814 0.000726781
 3.35237e-11 1.57679e-09 5.13552e-08 1.15819e-06 1.80868e-05 0.000195583 0.00146453 0.00759427 0.0272775 0.0679334 0.117764 0.144262 0.131881 0.104863 0.0895848 0.0819612 0.0693856 0.0531913 0.0389776 0.0273968 0.0177385 0.0102585 0.0051908 0.00224794 0.000811926
 3.7094e-11 1.74472e-09 5.68245e-08 1.28154e-06 2.0013e-05 0.000216413 0.00162049 0.00840277 0.0301783 0.0751256 0.130013 0.15824 0.141364 0.105571 0.0822499 0.0710513 0.059319 0.0457191 0.0338229 0.0240173 0.015814 0.00939479 0.00489925 0.00216924 0.000790155
 3.57721e-11 1.68255e-09 5.47994e-08 1.23587e-06 1.92998e-05 0.000208701 0.00156275 0.0081035 0.0291054 0.0724739 0.125555 0.153428 0.139034 0.107921 0.0887908 0.0784348 0.0638797 0.0464241 0.0322569 0.0221177 0.0144832 0.00869942 0.00462484 0.00209567 0.00078055
#pred catch len freq
 2.1261e-11 1.00001e-09 3.25698e-08 7.3453e-07 1.14708e-05 0.000124041 0.000928835 0.00481677 0.0173057 0.0431444 0.0751019 0.0934664 0.0901852 0.0817943 0.0826606 0.0855066 0.0808798 0.0717226 0.0626212 0.0538589 0.0456622 0.0386634 0.0320391 0.0242148 0.0152911
 9.48086e-12 4.45934e-10 1.45238e-08 3.27548e-07 5.11518e-06 5.5315e-05 0.000414243 0.00214895 0.0077316 0.0193827 0.0344718 0.0463399 0.0556052 0.0720665 0.0955662 0.110204 0.107825 0.0970664 0.0856891 0.0738883 0.0614416 0.049405 0.0380058 0.0267135 0.015973
 8.38918e-12 3.94587e-10 1.28514e-08 2.89832e-07 4.52616e-06 4.89447e-05 0.000366515 0.00190091 0.00683278 0.0170664 0.0299255 0.0382832 0.0403759 0.0442942 0.0563182 0.0738053 0.0925827 0.108387 0.113978 0.10643 0.0904913 0.0717185 0.0527516 0.034842 0.0195967
 3.21802e-11 1.5136e-09 4.9297e-08 1.11177e-06 1.73619e-05 0.000187744 0.0014058 0.00728918 0.0261737 0.065107 0.112335 0.13512 0.115568 0.0755739 0.0464099 0.0355661 0.0357188 0.0420535 0.0516959 0.0594239 0.0599823 0.0522307 0.0392594 0.0252906 0.0135898
 4.21198e-11 1.98111e-09 6.45235e-08 1.45517e-06 2.27245e-05 0.000245733 0.00184002 0.00954088 0.0342618 0.0852537 0.147283 0.178037 0.155073 0.10715 0.0718827 0.0529133 0.0376787 0.024168 0.0167451 0.0155174 0.016752 0.0167785 0.0140904 0.00958344 0.00518107
 3.43258e-11 1.61452e-09 5.25839e-08 1.1859e-06 1.85195e-05 0.000200263 0.00149958 0.00777615 0.0279325 0.0695823 0.120742 0.148469 0.137478 0.112705 0.0992303 0.0894584 0.0695577 0.0446867 0.0255454 0.0145857 0.00949791 0.00754652 0.00630961 0.0045723 0.00260585
 3.12844e-11 1.47147e-09 4.79249e-08 1.08082e-06 1.68787e-05 0.000182519 0.00136671 0.00708722 0.0254584 0.0634253 0.110101 0.13559 0.126256 0.105226 0.0957489 0.0912693 0.078749 0.0602134 0.0420064 0.0263307 0.0146272 0.00773937 0.00441961 0.00269396 0.00149162
 3.23295e-11 1.52062e-09 4.95257e-08 1.11693e-06 1.74425e-05 0.000188616 0.00141236 0.00732379 0.0263064 0.0655202 0.113616 0.139348 0.127936 0.102922 0.0895692 0.08354 0.0724761 0.0574566 0.0433692 0.0306578 0.019311 0.0105804 0.0051294 0.00231654 0.00100089
 3.68807e-11 1.73469e-09 5.64978e-08 1.27417e-06 1.98979e-05 0.000215168 0.00161117 0.00835446 0.0300048 0.0746957 0.12928 0.157399 0.140777 0.105468 0.0825385 0.071398 0.0594564 0.045735 0.0340567 0.0246057 0.016492 0.00983072 0.00504897 0.0021975 0.000813644
 3.4272e-11 1.61199e-09 5.25016e-08 1.18404e-06 1.84905e-05 0.000199949 0.00149722 0.00776385 0.027887 0.0694565 0.120438 0.147695 0.135505 0.108634 0.0933608 0.0843426 0.0684712 0.0487529 0.0329672 0.0221834 0.0144707 0.00874911 0.00468644 0.00212779 0.000792011
 3.4715e-11 1.63283e-09 5.31802e-08 1.19935e-06 1.87295e-05 0.000202534 0.00151657 0.0078641 0.028246 0.0703401 0.121898 0.149147 0.13577 0.106744 0.0897153 0.0810652 0.0678119 0.0507989 0.0356523 0.0236265 0.0144932 0.00820073 0.00423716 0.0019224 0.000728054
 3.46009e-11 1.62746e-09 5.30054e-08 1.1954e-06 1.86679e-05 0.000201868 0.00151159 0.00783827 0.0281535 0.0701124 0.121522 0.148771 0.135693 0.107202 0.0905693 0.0817217 0.0677183 0.0501319 0.0351741 0.0237373 0.014857 0.00837906 0.00419096 0.00182374 0.000670932
 3.4055e-11 1.60179e-09 5.21691e-08 1.17654e-06 1.83734e-05 0.000198683 0.00148774 0.00771465 0.0277099 0.0690119 0.119643 0.146609 0.134162 0.106919 0.0914546 0.0832334 0.0693089 0.0514672 0.0361012 0.0242863 0.0151934 0.00861251 0.0043248 0.00186817 0.000673369
 3.30121e-11 1.55273e-09 5.05715e-08 1.14051e-06 1.78108e-05 0.000192599 0.00144218 0.00747847 0.0268624 0.0669087 0.116049 0.14245 0.131148 0.106169 0.0927906 0.0856829 0.0719839 0.0539446 0.038204 0.0258779 0.0162385 0.00921185 0.004628 0.00199958 0.000718738
 3.24149e-11 1.52464e-09 4.96566e-08 1.11988e-06 1.74886e-05 0.000189115 0.00141609 0.00734321 0.0263769 0.0657027 0.11398 0.140017 0.12925 0.105356 0.0929741 0.0865173 0.0732316 0.0554623 0.0397856 0.0272755 0.0172898 0.00988526 0.00499097 0.00216149 0.000777278
 3.48682e-11 1.64003e-09 5.34148e-08 1.20464e-06 1.88122e-05 0.000203427 0.00152326 0.00789876 0.0283701 0.0706447 0.122397 0.149621 0.135763 0.105829 0.0878927 0.0789216 0.0661633 0.0502194 0.0362968 0.0251451 0.0161373 0.00934489 0.00477118 0.00208363 0.000753306
 3.61434e-11 1.70001e-09 5.53684e-08 1.24869e-06 1.95002e-05 0.000210867 0.00157897 0.0081876 0.029407 0.0732222 0.126831 0.154889 0.140048 0.108069 0.0881905 0.0776057 0.0632975 0.0461497 0.0320085 0.02166 0.0138492 0.00808093 0.00417471 0.00184522 0.000674048
 3.25533e-11 1.53115e-09 4.98686e-08 1.12466e-06 1.75632e-05 0.000189922 0.00142214 0.00737463 0.0264906 0.0659939 0.11454 0.14096 0.130924 0.10829 0.0970142 0.0900758 0.0742971 0.0535075 0.0360745 0.0234969 0.0144481 0.00818614 0.00417306 0.00184517 0.000679094
 3.23015e-11 1.51931e-09 4.94829e-08 1.11596e-06 1.74274e-05 0.000188453 0.00141114 0.0073175 0.0262844 0.0654706 0.113567 0.139459 0.128584 0.10455 0.0921633 0.0862497 0.0740796 0.0572161 0.0414336 0.028004 0.0171616 0.00945449 0.00465687 0.00200367 0.000726401
 3.40639e-11 1.6022e-09 5.21827e-08 1.17685e-06 1.83782e-05 0.000198735 0.00148812 0.0077166 0.0277163 0.0690212 0.119615 0.146367 0.133283 0.104898 0.0883694 0.0802211 0.0678585 0.052177 0.0384013 0.0270813 0.0175352 0.0100852 0.00504088 0.00214535 0.000760568
 3.3155e-11 1.55945e-09 5.07903e-08 1.14545e-06 1.78878e-05 0.000193432 0.00144842 0.00751083 0.0269786 0.0671975 0.116546 0.143042 0.131628 0.106399 0.0927013 0.0851529 0.0709192 0.0525928 0.0371829 0.0256579 0.0167119 0.0098967 0.00514407 0.00226197 0.000814879
 3.35286e-11 1.57703e-09 5.13627e-08 1.15836e-06 1.80894e-05 0.000195612 0.00146474 0.00759541 0.0272818 0.0679468 0.117805 0.144398 0.132275 0.105728 0.0909183 0.0833444 0.070199 0.0530395 0.0379014 0.0258775 0.0164433 0.00955374 0.00496685 0.00222417 0.000822236
 3.41559e-11 1.60653e-09 5.23237e-08 1.18003e-06 1.84279e-05 0.000199272 0.00149215 0.00773747 0.0277915 0.0692113 0.119963 0.146878 0.134019 0.106015 0.0898348 0.0815156 0.0682692 0.0514298 0.0368444 0.0253664 0.0162286 0.00940422 0.00483791 0.00214793 0.000794875
 3.45973e-11 1.62729e-09 5.29998e-08 1.19528e-06 1.8666e-05 0.000201847 0.00151143 0.00783744 0.0281505 0.070104 0.121502 0.148725 0.13558 0.106966 0.0902065 0.0813259 0.0674101 0.0499611 0.0351537 0.0239164 0.0152475 0.00885103 0.00456155 0.00202203 0.000745285
 3.43417e-11 1.61527e-09 5.26083e-08 1.18645e-06 1.85281e-05 0.000200356 0.00150026 0.00777958 0.0279429 0.0695901 0.120632 0.147753 0.134995 0.10713 0.0910827 0.0825207 0.0684779 0.050649 0.0353994 0.0237931 0.0149431 0.00856261 0.00437995 0.00193614 0.0007129
 3.18524e-11 1.49818e-09 4.87949e-08 1.10045e-06 1.71851e-05 0.000185833 0.00139152 0.00721586 0.0259203 0.064574 0.112081 0.13796 0.12823 0.106302 0.0957129 0.0897213 0.0754176 0.0561066 0.0393388 0.0264255 0.0165008 0.00935514 0.00472421 0.00206451 0.000754139
 3.20911e-11 1.50941e-09 4.91605e-08 1.10869e-06 1.73138e-05 0.000187225 0.00140195 0.00726983 0.0261131 0.0650436 0.112823 0.138534 0.127692 0.10375 0.0913914 0.0855653 0.0737048 0.057383 0.0422459 0.029314 0.0185686 0.0105563 0.00530717 0.00229901 0.000831203
 3.3871e-11 1.59313e-09 5.18872e-08 1.17018e-06 1.82741e-05 0.000197609 0.0014797 0.00767292 0.0275596 0.0686334 0.118958 0.145636 0.132849 0.105025 0.088977 0.0809009 0.0681879 0.052074 0.0381379 0.0269826 0.0177179 0.0104336 0.00536542 0.00234453 0.000846919
 3.55088e-11 1.67016e-09 5.43962e-08 1.22677e-06 1.91578e-05 0.000207165 0.00155125 0.00804385 0.028891 0.0719391 0.124622 0.152256 0.137876 0.106859 0.0878726 0.07802 0.0644346 0.0478926 0.0339745 0.0234497 0.0152707 0.00909007 0.0047893 0.00214932 0.00079224
#obs catch len freq
 2.15213e-11 1.01226e-09 3.29685e-08 7.43524e-07 1.16112e-05 0.000125559 0.000940201 0.00487563 0.017516 0.0436568 0.0759127 0.0940971 0.0896117 0.0790253 0.0779098 0.0807943 0.0787369 0.0732035 0.0670195 0.0597156 0.0512043 0.0418641 0.0315884 0.0208439 0.0113464
 1.98287e-11 9.32647e-10 3.03757e-08 6.85049e-07 1.06981e-05 0.000115685 0.00086627 0.00449241 0.0161417 0.0402555 0.0701623 0.0877377 0.0859777 0.0805665 0.0840129 0.0879148 0.0832381 0.0743845 0.0668228 0.0599215 0.0519267 0.0423924 0.0315731 0.020491 0.010995
 9.1256e-16 4.29894e-14 1.4088e-12 3.25484e-11 5.56445e-10 8.08546e-09 1.22059e-07 1.89984e-06 2.48923e-05 0.000240427 0.00163643 0.00776057 0.0256396 0.059436 0.0986095 0.122668 0.125072 0.116856 0.106388 0.0941752 0.0803361 0.0651486 0.0483437 0.0311393 0.0165242
 1.18912e-11 5.59307e-10 1.82163e-08 4.10822e-07 6.41557e-06 6.9375e-05 0.000519465 0.00269337 0.00966992 0.0240402 0.041388 0.0493798 0.0411399 0.0257974 0.0197811 0.0337144 0.0663947 0.102861 0.124347 0.124851 0.111117 0.0905211 0.0666822 0.0425984 0.0224283
 5.0764e-11 2.38769e-09 7.77656e-08 1.75381e-06 2.73882e-05 0.000296164 0.00221762 0.0114982 0.0412831 0.102647 0.176803 0.211228 0.175907 0.104081 0.0468135 0.0192707 0.0098169 0.00827542 0.0111951 0.0157356 0.0183705 0.0174072 0.0136327 0.0088435 0.00464884
 3.09896e-11 1.4576e-09 4.74731e-08 1.07064e-06 1.67196e-05 0.0001808 0.00135386 0.0070209 0.0252254 0.0628952 0.109525 0.136489 0.132119 0.119739 0.117121 0.108605 0.0795275 0.0431899 0.0185576 0.00882148 0.00726886 0.0076421 0.00696763 0.0049867 0.00274702
 3.86174e-11 1.81637e-09 5.91581e-08 1.33416e-06 2.08349e-05 0.0002253 0.00168703 0.0087477 0.0314155 0.07819 0.135211 0.164072 0.145008 0.105131 0.0786461 0.0677502 0.0593311 0.0481278 0.0345206 0.0206051 0.0101779 0.00492335 0.00299195 0.0020346 0.00118113
 2.36969e-11 1.11459e-09 3.63013e-08 8.18688e-07 1.2785e-05 0.000138253 0.00103528 0.00536913 0.0192956 0.0481581 0.0841883 0.10645 0.10792 0.107629 0.116581 0.117698 0.0980562 0.0697097 0.0472845 0.0318989 0.0198828 0.0106375 0.00492592 0.00216782 0.000960345
 4.17602e-11 1.9642e-09 6.39727e-08 1.44275e-06 2.25305e-05 0.000243635 0.00182431 0.00945929 0.0339674 0.084505 0.145883 0.175849 0.151625 0.101817 0.0659885 0.0514715 0.0460142 0.0412185 0.0341467 0.0248137 0.0156768 0.00874244 0.00427953 0.00180063 0.000650967
 3.44136e-11 1.61865e-09 5.27183e-08 1.18893e-06 1.85669e-05 0.000200775 0.00150341 0.00779601 0.0280037 0.0697577 0.121034 0.148768 0.137557 0.112324 0.0982389 0.0878858 0.0679058 0.0442801 0.0277535 0.0188512 0.0130766 0.00817904 0.00431577 0.00187929 0.00066948
 3.56103e-11 1.67493e-09 5.45515e-08 1.23028e-06 1.92125e-05 0.000207756 0.00155568 0.00806681 0.0289734 0.0721428 0.124965 0.152632 0.138091 0.106834 0.0879014 0.0787881 0.0663594 0.0501528 0.0348545 0.0222187 0.0129826 0.00717045 0.00373034 0.00170962 0.000642829
 3.6671e-11 1.72483e-09 5.61766e-08 1.26692e-06 1.97848e-05 0.000213945 0.00160202 0.00830707 0.0298358 0.0742851 0.128641 0.156958 0.14146 0.108205 0.0871831 0.0761634 0.0621457 0.0455721 0.0318049 0.0214032 0.0132692 0.00731469 0.00355205 0.0015114 0.000550328
 3.7204e-11 1.7499e-09 5.6993e-08 1.28534e-06 2.00724e-05 0.000217055 0.0016253 0.00842779 0.0302692 0.0753623 0.130494 0.15916 0.143252 0.109155 0.0873731 0.075789 0.0612175 0.0440403 0.0298698 0.0195958 0.0120795 0.00677301 0.00335434 0.00142161 0.000501659
 3.31766e-11 1.56047e-09 5.08234e-08 1.1462e-06 1.78995e-05 0.000193559 0.00144937 0.00751579 0.0269972 0.0672507 0.116686 0.143439 0.132708 0.108706 0.0961982 0.0886885 0.0729472 0.0524134 0.0351642 0.0226591 0.0136582 0.00750729 0.00368368 0.00156284 0.000552508
 3.37469e-11 1.58729e-09 5.1697e-08 1.1659e-06 1.82072e-05 0.000196885 0.00147428 0.00764482 0.0274591 0.068385 0.118544 0.145206 0.13271 0.105474 0.0901374 0.082694 0.0703264 0.0539064 0.0387731 0.0260601 0.0158604 0.00862732 0.00415831 0.00173566 0.000607195
 3.15048e-11 1.48183e-09 4.82623e-08 1.08844e-06 1.69975e-05 0.000183805 0.00137634 0.00713711 0.0256376 0.0638696 0.11086 0.136465 0.126867 0.10524 0.094888 0.0891947 0.0754639 0.0569614 0.0409513 0.0283705 0.0181619 0.0103502 0.00511685 0.00214348 0.000743408
 3.80916e-11 1.79165e-09 5.83527e-08 1.316e-06 2.05512e-05 0.000222233 0.00166406 0.00862867 0.0309888 0.0771349 0.133434 0.162137 0.143991 0.10573 0.0801926 0.0681425 0.0568894 0.0441641 0.0327765 0.0230974 0.0149656 0.00872608 0.00446635 0.00193755 0.000688432
 3.3156e-11 1.5595e-09 5.07918e-08 1.14548e-06 1.78884e-05 0.000193438 0.00144847 0.00751115 0.0269809 0.0672134 0.116644 0.143493 0.133084 0.109615 0.0974155 0.0893018 0.0720447 0.0502572 0.0331734 0.0219638 0.0141534 0.00840635 0.00440459 0.00196044 0.000715977
 3.07071e-11 1.44431e-09 4.70403e-08 1.06088e-06 1.65672e-05 0.000179151 0.00134149 0.00695644 0.024989 0.0622582 0.108092 0.133198 0.124291 0.104122 0.0953356 0.0911966 0.0789193 0.0609232 0.0437202 0.0290894 0.0176242 0.00977783 0.00494957 0.00220127 0.000817327
 3.36834e-11 1.58431e-09 5.15998e-08 1.16371e-06 1.8173e-05 0.000196515 0.0014715 0.00763039 0.0274065 0.0682469 0.118256 0.144624 0.13145 0.102997 0.0864575 0.0789733 0.0682041 0.0542435 0.0412683 0.0296305 0.0192309 0.0110044 0.00548718 0.00235347 0.00084946
 3.50317e-11 1.64772e-09 5.36653e-08 1.21029e-06 1.89004e-05 0.000204381 0.0015304 0.00793579 0.0285032 0.0709755 0.122967 0.150306 0.136338 0.106143 0.0878442 0.0783074 0.0648278 0.0485084 0.0350581 0.0249668 0.0167972 0.0101866 0.00535768 0.00236602 0.000855613
 3.19923e-11 1.50476e-09 4.90091e-08 1.10528e-06 1.72605e-05 0.000186649 0.00139763 0.00724753 0.0260341 0.0648561 0.112563 0.138518 0.128631 0.10638 0.0954367 0.0891085 0.0744901 0.0550072 0.0384232 0.0260785 0.0168152 0.010044 0.00537729 0.00246359 0.00092407
 3.5008e-11 1.64661e-09 5.36289e-08 1.20947e-06 1.88876e-05 0.000204243 0.00152936 0.00793037 0.0284833 0.0709217 0.122845 0.150021 0.135659 0.104813 0.0861128 0.0772925 0.0656893 0.0509895 0.0374774 0.0259624 0.0164943 0.00952287 0.00494488 0.00223981 0.000847909
 3.36895e-11 1.58459e-09 5.16091e-08 1.16392e-06 1.81762e-05 0.000196551 0.00147177 0.00763187 0.0274131 0.068276 0.118392 0.14519 0.133229 0.106901 0.0921665 0.0839714 0.069457 0.0511413 0.0360039 0.0248519 0.0161765 0.00953507 0.00494934 0.00220566 0.000820812
 3.63489e-11 1.70968e-09 5.56831e-08 1.25579e-06 1.9611e-05 0.000212066 0.00158794 0.00823407 0.0295734 0.0736298 0.127492 0.155491 0.139935 0.106664 0.0856943 0.0752817 0.0625417 0.0471225 0.0336304 0.0229044 0.0145124 0.00841421 0.00436951 0.00195893 0.000729225
 3.30181e-11 1.55301e-09 5.05805e-08 1.14072e-06 1.7814e-05 0.000192633 0.00144244 0.00747986 0.0268681 0.0669282 0.116121 0.142718 0.131956 0.107916 0.0953028 0.0877784 0.0722887 0.0523047 0.0357889 0.0239043 0.0150984 0.00870852 0.00446892 0.00198117 0.000733448
 3.26271e-11 1.53462e-09 4.99817e-08 1.12721e-06 1.76031e-05 0.000190353 0.00142536 0.00739125 0.0265491 0.0661273 0.114688 0.140754 0.129513 0.10475 0.091665 0.0853215 0.0729763 0.0561224 0.0405511 0.0275163 0.0170829 0.00961133 0.00484468 0.00212304 0.000778742
 3.18504e-11 1.49809e-09 4.87918e-08 1.10038e-06 1.7184e-05 0.000185821 0.00139143 0.00721535 0.0259179 0.0645611 0.112013 0.137663 0.127282 0.104187 0.0925081 0.0865913 0.0738909 0.0567971 0.041673 0.0293107 0.018983 0.0109794 0.0055558 0.00240605 0.000869036
 3.54626e-11 1.66799e-09 5.43253e-08 1.22517e-06 1.91328e-05 0.000206895 0.00154922 0.00803332 0.0288526 0.0718375 0.124405 0.1518 0.13686 0.104867 0.0850335 0.0755023 0.0636815 0.0492433 0.0364811 0.0259225 0.0170734 0.0101441 0.00529021 0.00234238 0.000853226
#spawning biomass
 26268.8 23960.4 17674.7 12591.9 14153 24009.5 37003.8 43805.4 59997.4 82485.9 101115 116482 135550 151245 141100 121416 121261 123389 132682 141795 142391 140529 156477 157476 172613 175584 185093 164513 174650 188416 231259 155092 95313.2 59700.2 40817 31465.5 27028.4 24981 24053.5 23638.6 23454.6 23373.4 23337.8 23322.2 23315.3 23312.4 23311.1 23310.5 23310.3 23310.2 23310.1 23310.1 23310.1 23310.1 23310.1 23310.1 23310.1 23310.1 23310.1 23310.1 23310.1 23310.1 23310.1 23310.1 23310.1 23310.1 23310.1 23310.1 23310.1 23310.1 23310.1 23310.1 23310.1 23310.1 23310.1 23310.1 23310.1 23310.1 23310.1 23310.1 23310.1 23310.1 23310.1 23310.1 23310.1 23310.1 23310.1 23310.1 23310.1 23310.1 23310.1 23310.1 23310.1 23310.1 23310.1 23310.1 23310.1 23310.1 23310.1 23310.1 23310.1 23310.1 23310.1 23310.1 23310.1 23310.1 23310.1 23310.1 23310.1 23310.1 23310.1 23310.1 23310.1 23310.1 23310.1 23310.1 23310.1 23310.1 23310.1 23310.1 23310.1 23310.1 23310.1 23310.1 23310.1 23310.1 23310.1 23310.1 23310.1 0 0 0 0 0 0 0 0 0 0 0 0 0 0 0 0 0 0 0 0 0 0 0 0 0
