SBPRF35
0.0751622
Curr Bio
145585
B35
89773.5
F35
1.68752
FOFL
1.68752
OFL
124849
Bzero
21474.9
#pred survey bio
 55759.7 45575.6 47014 54365.4 55317.8 61640 72053.6 75270.3 69603.8 83633.2 81543.8 87533.1 99158.8 111505 111999 110765 122027 134945 140868 145805 162927 164803 145554 136321 161960 162455 164660 201019 5.15127e+06 2.76096e+06 1.01936e+06 463092 320928 273982 255312 247391 243966 242475 241824 241539 241414 241359 241335 241325 241320 241318 241317 241317 241316 241316 241316 241316 241316 241316 241316 241316 241316 241316 241316 241316 241316 241316 241316 241316 241316 241316 241316 241316 241316 241316 241316 241316 241316 241316 241316 241316 241316 241316 241316 241316 241316 241316 241316 241316 241316 241316 241316 241316 241316 241316 241316 241316 241316 241316 241316 241316 241316 241316 241316 241316 241316 241316 241316 241316 241316 241316 241316 241316 241316 241316 241316 241316 241316 241316 241316 241316 241316 241316 241316 241316 241316 241316 241316 241316 241316 241316 241316 241316 0 0 0 0 0 0 0 0 0 0 0 0 0 0 0 0 0 0 0 0 0 0 0 0 0
#obs survey bio
 46319.1 38056.5 48587.8 59280.3 85268.4 57531.6 100213 71651.9 58146.1 67008 71786.4 108373 129655 97987.9 131098 113429 117042 104728 165737 111942 155792 183758 101771 141580 161602 120184 201961 256446
#pred catch bio
 30780.3 27633.1 24750.1 34559.6 33059.1 33325.4 40067.2 48609.4 36930 54556.1 48396.5 49830.4 55307.7 69413.2 67573.3 59940.7 65498.6 75299.2 82056.1 75102.9 90622.7 98758 88261.2 65501.6 91334.1 98595.6 77727.8 90476.3 124849 75375.8 20649 7372.34 5759.69 5599.5 5584.75 5583.45 5583.33 5583.33 5583.32 5583.32 5583.32 5583.32 5583.32 5583.32 5583.32 5583.32 5583.32 5583.32 5583.32 5583.32 5583.32 5583.32 5583.32 5583.32 5583.32 5583.32 5583.32 5583.32 5583.32 5583.32 5583.32 5583.32 5583.32 5583.32 5583.32 5583.32 5583.32 5583.32 5583.32 5583.32 5583.32 5583.32 5583.32 5583.32 5583.32 5583.32 5583.32 5583.32 5583.32 5583.32 5583.32 5583.32 5583.32 5583.32 5583.32 5583.32 5583.32 5583.32 5583.32 5583.32 5583.32 5583.32 5583.32 5583.32 5583.32 5583.32 5583.32 5583.32 5583.32 5583.32 5583.32 5583.32 5583.32 5583.32 5583.32 5583.32 5583.32 5583.32 5583.32 5583.32 5583.32 5583.32 5583.32 5583.32 5583.32 5583.32 5583.32 5583.32 5583.32 5583.32 5583.32 5583.32 5583.32 5583.32 5583.32 5583.32 5583.32 5583.32 0 0 0 0 0 0 0 0 0 0 0 0 0 0 0 0 0 0 0 0 0 0 0 0 0
#obs catch bio
 25832.8 29413.7 24359.1 35376.7 32627.9 32892.2 38047.1 49165.7 35770.7 58100.7 49766.7 49943.8 53418.3 68803.8 67115.8 56062.5 64495.9 74960.8 80565.8 75172.9 91108.2 95590.8 92035 63958.5 92607.2 106505 78129.1 89760.5
#pred cpue bio
 45351.2 31208 31579.6 37244.6 36803 41137.5 48885.8 52328.7 47230.8 56278.2 54731 59147.7 66633.3 75721.5 75679.8 76299.2 83682.5 92720.7 97428.3 99421.6 113175 114976 103458 93839.7 111988 113245 111058 139127 3.70317e+06 2.54067e+06 985571 405285 258104 210363 191562 183619 180190 178699 178048 177763 177638 177583 177559 177548 177544 177541 177541 177540 177540 177540 177540 177540 177540 177540 177540 177540 177540 177540 177540 177540 177540 177540 177540 177540 177540 177540 177540 177540 177540 177540 177540 177540 177540 177540 177540 177540 177540 177540 177540 177540 177540 177540 177540 177540 177540 177540 177540 177540 177540 177540 177540 177540 177540 177540 177540 177540 177540 177540 177540 177540 177540 177540 177540 177540 177540 177540 177540 177540 177540 177540 177540 177540 177540 177540 177540 177540 177540 177540 177540 177540 177540 177540 177540 177540 177540 177540 177540 177540 0 0 0 0 0 0 0 0 0 0 0 0 0 0 0 0 0 0 0 0 0 0 0 0 0
#obs cpue bio
 23710.4 32051.8 33938.8 32987.1 26645.9 43044.3 51172.6 46550.2 60656.6 49835.4 55604.1 52743.4 65304.6 82005.4 70073.5 107150 81369.2 108959 110201 96892.4 134439 131753 100461 110308 97888.5 102616 97651.6 120864
#pred surv len freq
 3.54478e-11 1.66729e-09 5.43027e-08 1.22466e-06 1.91248e-05 0.000206808 0.00154857 0.00802983 0.0288384 0.0717869 0.124212 0.151066 0.134591 0.0997312 0.0767036 0.0656338 0.0547194 0.0427629 0.0332899 0.0266805 0.0221616 0.0192169 0.0167373 0.0133139 0.0087494
 4.2968e-11 2.02101e-09 6.58229e-08 1.48447e-06 2.31821e-05 0.000250682 0.00187709 0.00973316 0.0349538 0.0869908 0.150388 0.18228 0.16036 0.114276 0.0813543 0.0632627 0.0462438 0.0288791 0.0162538 0.00910037 0.00535039 0.00341011 0.00236453 0.00164156 0.00100474
 4.24929e-11 1.99866e-09 6.50952e-08 1.46806e-06 2.29259e-05 0.000247911 0.00185634 0.00962568 0.0345692 0.086047 0.148848 0.180844 0.160481 0.117278 0.0870149 0.0692705 0.049843 0.0291521 0.0142587 0.00630385 0.00261376 0.00102913 0.000414867 0.000187632 9.01894e-05
 4.15293e-11 1.95334e-09 6.36189e-08 1.43477e-06 2.24059e-05 0.000242289 0.00181424 0.00940743 0.033786 0.0841029 0.145523 0.176982 0.157636 0.116471 0.0881532 0.071655 0.052816 0.0321656 0.0167067 0.00777334 0.00319353 0.00111079 0.000327135 8.66628e-05 2.28388e-05
 4.32036e-11 2.03209e-09 6.61839e-08 1.49261e-06 2.33093e-05 0.000252057 0.00188738 0.00978659 0.0351464 0.087476 0.151269 0.183544 0.162102 0.116833 0.0847166 0.0664239 0.0478137 0.0283474 0.0141916 0.00637846 0.00257789 0.000894745 0.000259072 6.2427e-05 1.26061e-05
 4.29031e-11 2.01795e-09 6.57235e-08 1.48223e-06 2.31471e-05 0.000250303 0.00187426 0.00971854 0.0349023 0.086872 0.150247 0.182413 0.161454 0.117107 0.0858237 0.0677756 0.0487791 0.0287213 0.0141766 0.00624645 0.00247033 0.000838646 0.000237488 5.59613e-05 1.09415e-05
 4.20648e-11 1.97853e-09 6.44394e-08 1.45327e-06 2.26949e-05 0.000245413 0.00183764 0.00952872 0.0342212 0.0851823 0.147363 0.179094 0.159107 0.116679 0.0871874 0.0700943 0.0512357 0.0308641 0.0157838 0.00723218 0.00294085 0.00101145 0.000287101 6.73096e-05 1.30147e-05
 4.04456e-11 1.90237e-09 6.19589e-08 1.39733e-06 2.18213e-05 0.000235967 0.00176691 0.00916206 0.0329058 0.0819221 0.141819 0.172808 0.154979 0.116746 0.0910996 0.0756014 0.0560387 0.0340492 0.0176054 0.00819227 0.00339701 0.001197 0.000349462 8.41765e-05 1.65997e-05
 4.20284e-11 1.97682e-09 6.43837e-08 1.45201e-06 2.26753e-05 0.000245201 0.00183605 0.00952048 0.0341916 0.0851094 0.147241 0.178964 0.159049 0.116757 0.087382 0.0702955 0.0513275 0.0308305 0.015705 0.00718386 0.00293433 0.00102184 0.000295911 7.11286e-05 1.4109e-05
 4.27895e-11 2.01261e-09 6.55495e-08 1.4783e-06 2.30859e-05 0.000249641 0.00186929 0.0096928 0.0348096 0.0866393 0.14983 0.18184 0.160735 0.116166 0.0847319 0.0670222 0.0489542 0.0298446 0.0156204 0.00737064 0.00308787 0.00109568 0.000322144 7.83814e-05 1.56826e-05
 4.23897e-11 1.99381e-09 6.49371e-08 1.46449e-06 2.28702e-05 0.000247309 0.00185183 0.00960231 0.0344855 0.0858402 0.148502 0.180479 0.160336 0.117545 0.0876616 0.0700062 0.0503382 0.0292963 0.0141598 0.0061052 0.00239361 0.000819684 0.00023703 5.72628e-05 1.14368e-05
 4.22248e-11 1.98605e-09 6.46844e-08 1.45879e-06 2.27812e-05 0.000246346 0.00184463 0.00956494 0.0343512 0.0855053 0.147918 0.179746 0.159616 0.116897 0.0871293 0.0698338 0.0508239 0.0303609 0.0152989 0.00687022 0.00273074 0.000915689 0.000252944 5.79346e-05 1.10694e-05
 4.27053e-11 2.00865e-09 6.54205e-08 1.47539e-06 2.30404e-05 0.000249149 0.00186561 0.00967374 0.0347414 0.0864714 0.149554 0.18157 0.160704 0.116573 0.0855204 0.067802 0.0492871 0.0296425 0.0151621 0.00696442 0.00284742 0.000986942 0.000282169 6.62746e-05 1.27203e-05
 4.19731e-11 1.97421e-09 6.42989e-08 1.4501e-06 2.26454e-05 0.000244878 0.00183363 0.00950795 0.0341467 0.084998 0.147052 0.178752 0.158919 0.116782 0.0875457 0.0705022 0.0514794 0.0309011 0.0157308 0.00720228 0.00295336 0.0010354 0.000302074 7.29327e-05 1.44397e-05
 4.21747e-11 1.9837e-09 6.46078e-08 1.45707e-06 2.27542e-05 0.000246054 0.00184244 0.00955362 0.0343106 0.0854052 0.147751 0.179573 0.159554 0.117042 0.0874482 0.070146 0.0509384 0.0302605 0.0151337 0.00677504 0.00271824 0.000934133 0.00026762 6.37693e-05 1.25779e-05
 4.08912e-11 1.92333e-09 6.26415e-08 1.41272e-06 2.20617e-05 0.000238566 0.00178637 0.00926298 0.033268 0.0828212 0.143358 0.174598 0.156311 0.11716 0.0906491 0.0746156 0.0548094 0.0327818 0.0165101 0.00743394 0.00298436 0.00101928 0.000288443 6.76073e-05 1.31023e-05
 4.1684e-11 1.96062e-09 6.3856e-08 1.44011e-06 2.24894e-05 0.000243191 0.001821 0.00944246 0.0339115 0.0844122 0.146037 0.177509 0.157789 0.115931 0.0870057 0.0704764 0.0522499 0.0323569 0.0172819 0.00830324 0.00350525 0.00123916 0.00035985 8.59915e-05 1.68456e-05
 4.14291e-11 1.94863e-09 6.34655e-08 1.4313e-06 2.23519e-05 0.000241704 0.00180987 0.00938474 0.0337045 0.0839004 0.145174 0.176569 0.157299 0.11629 0.0881106 0.0717066 0.0529532 0.0324037 0.0170368 0.00812919 0.00347962 0.00127493 0.000389464 9.8189e-05 2.01383e-05
 4.09253e-11 1.92493e-09 6.26937e-08 1.4139e-06 2.20801e-05 0.000238765 0.00178786 0.00927067 0.0332953 0.0828867 0.143453 0.174631 0.156075 0.116445 0.0895272 0.073606 0.0545188 0.0333178 0.0174312 0.0082441 0.00348661 0.00126152 0.000382561 9.69713e-05 2.03232e-05
 4.18929e-11 1.97044e-09 6.41761e-08 1.44733e-06 2.26021e-05 0.00024441 0.00183013 0.00948978 0.0340814 0.0848347 0.146765 0.178379 0.158514 0.116344 0.0871011 0.0702396 0.0516341 0.0314689 0.0164282 0.0077433 0.00325614 0.00116749 0.000349557 8.7317e-05 1.80706e-05
 4.07107e-11 1.91484e-09 6.23651e-08 1.40649e-06 2.19643e-05 0.000237513 0.00177849 0.00922208 0.0331209 0.0824538 0.142713 0.17377 0.155436 0.11625 0.0897525 0.0740927 0.0551244 0.0339385 0.0179595 0.00859873 0.00366906 0.00133315 0.000403944 0.000101752 2.11126e-05
 4.04433e-11 1.90226e-09 6.19554e-08 1.39725e-06 2.182e-05 0.000235953 0.00176681 0.00916152 0.0329036 0.081915 0.141794 0.17272 0.154717 0.11618 0.0902806 0.0749043 0.0559048 0.034543 0.0183732 0.00884651 0.00379365 0.00138519 0.000422239 0.000107158 2.24171e-05
 3.88815e-11 1.8288e-09 5.95629e-08 1.34329e-06 2.09774e-05 0.000226842 0.00169859 0.00880788 0.0316351 0.0787726 0.136462 0.166727 0.150962 0.116744 0.09478 0.0808357 0.0606578 0.0371778 0.0194487 0.00919322 0.0038872 0.00140595 0.000425676 0.00010755 2.24622e-05
 4.14892e-11 1.95145e-09 6.35575e-08 1.43338e-06 2.23843e-05 0.000242055 0.00181249 0.00939834 0.0337531 0.0840194 0.145366 0.176735 0.157236 0.115814 0.0872929 0.0709747 0.0527776 0.032825 0.0176574 0.00856932 0.00366662 0.00132202 0.000395413 9.84304e-05 2.02939e-05
 4.12589e-11 1.94062e-09 6.32047e-08 1.42542e-06 2.22601e-05 0.000240711 0.00180243 0.00934618 0.033566 0.0835551 0.144574 0.175824 0.156593 0.115696 0.0876489 0.071546 0.0533264 0.0332785 0.0180509 0.00891593 0.0039296 0.00147631 0.000462504 0.000119832 2.53292e-05
 4.0365e-11 1.89858e-09 6.18354e-08 1.39454e-06 2.17778e-05 0.000235496 0.00176339 0.0091438 0.0328402 0.0817588 0.141537 0.172465 0.154676 0.116531 0.0909654 0.0755643 0.0561462 0.0343098 0.0179528 0.00852933 0.00365277 0.00135056 0.000421572 0.000110301 2.38326e-05
 4.26093e-11 2.00414e-09 6.52735e-08 1.47208e-06 2.29887e-05 0.00024859 0.00186142 0.00965201 0.0346633 0.0862769 0.149216 0.181154 0.160319 0.116267 0.0853018 0.0677434 0.0494944 0.030096 0.0156826 0.00737265 0.00308996 0.00110464 0.00033074 8.31513e-05 1.74642e-05
 4.10066e-11 1.92875e-09 6.28183e-08 1.41671e-06 2.21239e-05 0.000239239 0.00179141 0.00928907 0.0333612 0.083049 0.143723 0.174904 0.156144 0.116136 0.0888869 0.0729527 0.0542094 0.0334328 0.017762 0.00854999 0.00367009 0.0013421 0.000409322 0.000103714 2.16329e-05
#obs surv len freq
 4.03524e-11 1.89798e-09 6.18161e-08 1.39411e-06 2.1771e-05 0.000235423 0.00176284 0.00914092 0.0328297 0.0817298 0.141468 0.172294 0.154247 0.115648 0.0896859 0.0744111 0.0557684 0.0348733 0.0190532 0.00963802 0.00447002 0.00182859 0.000647038 0.000195816 4.9753e-05
 4.33462e-11 2.0388e-09 6.64023e-08 1.49754e-06 2.33862e-05 0.000252889 0.00189361 0.00981885 0.035262 0.0877599 0.151734 0.183993 0.162126 0.116071 0.0832445 0.064893 0.0469923 0.0284804 0.0149415 0.00726068 0.00328168 0.00132645 0.000466539 0.000140246 3.52291e-05
 4.04955e-11 1.90471e-09 6.20352e-08 1.39905e-06 2.18482e-05 0.000236257 0.00176909 0.00917335 0.0329464 0.0820227 0.141991 0.173009 0.15513 0.116789 0.0910116 0.075364 0.0556555 0.0336316 0.0173564 0.00821944 0.003603 0.0014098 0.000481058 0.000141301 3.49647e-05
 4.28805e-11 2.01689e-09 6.56889e-08 1.48145e-06 2.3135e-05 0.000250172 0.00187327 0.00971339 0.0348836 0.086821 0.150131 0.182145 0.160809 0.115807 0.083976 0.0661975 0.0484494 0.0298054 0.0159196 0.00779097 0.00345962 0.00134079 0.000446197 0.00012693 3.0423e-05
 4.31415e-11 2.02917e-09 6.60886e-08 1.49047e-06 2.32758e-05 0.000251694 0.00188467 0.00977251 0.035096 0.0873507 0.151054 0.183297 0.161925 0.116787 0.0847671 0.0664688 0.0477777 0.0282797 0.0142279 0.0065762 0.00284561 0.0011076 0.000373974 0.000107108 2.54706e-05
 4.29673e-11 2.02098e-09 6.58218e-08 1.48445e-06 2.31818e-05 0.000250678 0.00187706 0.00973308 0.0349546 0.0870009 0.150464 0.182646 0.161564 0.116982 0.0854738 0.0673426 0.0484342 0.0285601 0.0142048 0.00640585 0.0026649 0.000988215 0.000318979 8.87676e-05 2.0891e-05
 4.17665e-11 1.96449e-09 6.39823e-08 1.44296e-06 2.25339e-05 0.000243673 0.00182461 0.00946116 0.0339789 0.0845817 0.146342 0.177938 0.158354 0.116703 0.0879066 0.0710523 0.051982 0.031282 0.016034 0.00746475 0.00316261 0.00117101 0.000370555 9.97269e-05 2.25813e-05
 4.14508e-11 1.94964e-09 6.34986e-08 1.43205e-06 2.23636e-05 0.000241831 0.00181081 0.00938965 0.0337223 0.0839448 0.145253 0.176677 0.157433 0.116458 0.08829 0.0717899 0.0528245 0.0320942 0.0167275 0.00796894 0.00346416 0.00131692 0.000426583 0.000116355 2.63008e-05
 4.29393e-11 2.01966e-09 6.5779e-08 1.48348e-06 2.31667e-05 0.000250515 0.00187584 0.00972672 0.0349315 0.0869412 0.150345 0.182432 0.161149 0.116223 0.0844365 0.0664918 0.0483265 0.0292717 0.015269 0.00730721 0.00320738 0.00123874 0.000409957 0.00011457 2.64982e-05
 4.23433e-11 1.99162e-09 6.48659e-08 1.46289e-06 2.28451e-05 0.000247038 0.0018498 0.00959178 0.0344478 0.0857455 0.148334 0.18026 0.16009 0.117261 0.0873407 0.0697449 0.0502793 0.0294937 0.014536 0.00652311 0.00273618 0.00103533 0.000341413 9.60671e-05 2.25263e-05
 4.11359e-11 1.93483e-09 6.30162e-08 1.42118e-06 2.21937e-05 0.000239993 0.00179706 0.00931835 0.0334666 0.0833115 0.14418 0.175478 0.156706 0.116641 0.089308 0.0731091 0.0538716 0.0326408 0.0168739 0.00791141 0.0033579 0.00124119 0.000392924 0.000106486 2.44126e-05
 4.19628e-11 1.97373e-09 6.42831e-08 1.44975e-06 2.26399e-05 0.000244818 0.00183318 0.0095056 0.0341382 0.0849748 0.147 0.178631 0.158629 0.116196 0.0867012 0.0697451 0.0512399 0.0312904 0.0164785 0.00795026 0.00349498 0.00134021 0.000436803 0.000119584 2.70997e-05
 4.37055e-11 2.0557e-09 6.69527e-08 1.50995e-06 2.35801e-05 0.000254985 0.00190931 0.00990023 0.0355541 0.0884852 0.152978 0.185448 0.163238 0.11649 0.0830133 0.0642331 0.0460804 0.0274543 0.0139827 0.00653466 0.00283276 0.00109399 0.000364569 0.000102782 2.39553e-05
 4.16469e-11 1.95887e-09 6.37992e-08 1.43883e-06 2.24694e-05 0.000242975 0.00181939 0.00943411 0.0338822 0.0843446 0.145957 0.177591 0.158426 0.117538 0.0893871 0.0724354 0.0524336 0.0306781 0.014993 0.00663165 0.00272986 0.00101194 0.000327618 9.11199e-05 2.12985e-05
 4.34053e-11 2.04158e-09 6.64928e-08 1.49958e-06 2.34181e-05 0.000253233 0.00189619 0.00983225 0.0353102 0.0878807 0.151949 0.184282 0.162471 0.116503 0.0837576 0.0653235 0.0471061 0.0281928 0.0143785 0.00663771 0.00277516 0.00100981 0.000313752 8.32404e-05 1.86958e-05
 4.00608e-11 1.88427e-09 6.13693e-08 1.38403e-06 2.16137e-05 0.000233721 0.0017501 0.00907492 0.0325934 0.0811486 0.140511 0.171358 0.154141 0.117071 0.0924522 0.0771967 0.0570647 0.0343263 0.0175317 0.00816356 0.00348939 0.00131185 0.000420598 0.000113301 2.52428e-05
 4.47664e-11 2.1056e-09 6.85779e-08 1.54661e-06 2.41525e-05 0.000261174 0.00195565 0.0101404 0.0364156 0.0906183 0.156589 0.189469 0.165625 0.115749 0.0794496 0.0598085 0.0428603 0.0260813 0.0137796 0.0066599 0.00291749 0.00111156 0.000360839 9.8961e-05 2.25314e-05
 3.7889e-11 1.78212e-09 5.80424e-08 1.309e-06 2.0442e-05 0.000221051 0.00165523 0.00858317 0.0308296 0.0767803 0.133104 0.163068 0.149062 0.118165 0.0991421 0.0857658 0.0636248 0.0375818 0.0185482 0.00835183 0.00353428 0.00135359 0.000450558 0.000126944 2.9545e-05
 4.46835e-11 2.1017e-09 6.84509e-08 1.54374e-06 2.41077e-05 0.00026069 0.00195202 0.0101216 0.0363479 0.090448 0.156283 0.18904 0.165069 0.114996 0.0785685 0.0592205 0.043057 0.0270481 0.0149507 0.00750027 0.003323 0.00125282 0.000400356 0.000109314 2.52378e-05
 3.90692e-11 1.83763e-09 5.98503e-08 1.34978e-06 2.10787e-05 0.000227937 0.00170679 0.0088504 0.0317882 0.0791548 0.137134 0.167594 0.151888 0.117711 0.0956881 0.0811984 0.0599284 0.0355108 0.0177386 0.0081836 0.00358644 0.00142655 0.000489424 0.000140066 3.26901e-05
 4.21891e-11 1.98437e-09 6.46298e-08 1.45756e-06 2.2762e-05 0.000246138 0.00184307 0.00955681 0.0343215 0.085425 0.147737 0.179334 0.158635 0.114933 0.0843576 0.067513 0.0504427 0.0321221 0.0179769 0.00913835 0.00410933 0.00158128 0.000520301 0.000147166 3.51411e-05
 3.97738e-11 1.87077e-09 6.09297e-08 1.37412e-06 2.14589e-05 0.000232047 0.00173756 0.00900994 0.0323603 0.0805712 0.139531 0.170258 0.153451 0.117167 0.0932381 0.0781643 0.0577144 0.0345733 0.0176426 0.00835636 0.00374256 0.00151199 0.000526103 0.00015312 3.65211e-05
 3.90975e-11 1.83896e-09 5.98937e-08 1.35075e-06 2.1094e-05 0.000228102 0.00170802 0.00885675 0.0318102 0.0792019 0.137163 0.167386 0.15093 0.115448 0.0923827 0.078486 0.0596642 0.0378156 0.0209006 0.0105369 0.00475436 0.00185688 0.000624324 0.000180567 4.39715e-05
 4.28123e-11 2.01368e-09 6.55843e-08 1.47909e-06 2.30981e-05 0.000249774 0.00187028 0.00969791 0.0348278 0.0866805 0.149877 0.181781 0.160313 0.115096 0.083084 0.0654712 0.0483366 0.0304083 0.0169097 0.00873898 0.00412301 0.00169827 0.000595158 0.000174735 4.22787e-05
 3.86969e-11 1.82012e-09 5.928e-08 1.33691e-06 2.08778e-05 0.000225764 0.00169052 0.00876608 0.0314855 0.0784031 0.135844 0.16608 0.150718 0.117239 0.0958823 0.0818692 0.0609269 0.0366682 0.0187931 0.008928 0.00401027 0.00163789 0.00058579 0.000178206 4.47494e-05
 4.0773e-11 1.91777e-09 6.24604e-08 1.40864e-06 2.19979e-05 0.000237877 0.00178121 0.00923615 0.0331713 0.0825757 0.142902 0.173901 0.155237 0.115457 0.0884436 0.0728659 0.0546772 0.0344147 0.0189003 0.00947884 0.00426541 0.00166534 0.000561401 0.000163778 4.06197e-05
 4.15876e-11 1.95608e-09 6.37082e-08 1.43678e-06 2.24374e-05 0.000242629 0.00181679 0.00942062 0.0338332 0.0842176 0.145703 0.177119 0.157493 0.115812 0.0870084 0.0704564 0.0521197 0.0322246 0.0173774 0.00870112 0.00401771 0.00163543 0.000569605 0.000166834 4.04244e-05
 3.84243e-11 1.80729e-09 5.88624e-08 1.3275e-06 2.07308e-05 0.000224174 0.00167861 0.00870432 0.0312636 0.0778501 0.134883 0.164891 0.149597 0.116314 0.095197 0.0817003 0.061638 0.038162 0.0204249 0.0100963 0.00460003 0.00185938 0.000651487 0.000194525 4.82532e-05
#pred catch len freq
 2.93385e-11 1.37994e-09 4.49438e-08 1.0136e-06 1.58288e-05 0.000171166 0.0012817 0.00664631 0.0238738 0.0594696 0.10318 0.126814 0.117273 0.0960586 0.0854503 0.0803464 0.0693323 0.0547475 0.0426245 0.033881 0.0277594 0.023744 0.0204856 0.0162137 0.01063
 3.85194e-11 1.81177e-09 5.90082e-08 1.33078e-06 2.07821e-05 0.000224729 0.00168277 0.00872582 0.03134 0.078034 0.135157 0.165014 0.149033 0.11448 0.092097 0.078287 0.059165 0.0372316 0.0209096 0.0116052 0.00672221 0.004208 0.00287478 0.00197897 0.00120658
 3.72146e-11 1.7504e-09 5.70093e-08 1.2857e-06 2.00781e-05 0.000217117 0.00162577 0.00843046 0.0302816 0.0754227 0.130798 0.160463 0.147385 0.118289 0.100923 0.0882227 0.0657226 0.0388666 0.0191037 0.00846433 0.00350065 0.00136527 0.000541527 0.000240934 0.000114684
 3.70624e-11 1.74324e-09 5.67762e-08 1.28044e-06 1.9996e-05 0.000216229 0.00161913 0.00839597 0.0301575 0.0751115 0.130243 0.159713 0.146483 0.117174 0.0997104 0.0875386 0.0662876 0.0406037 0.0210624 0.00976182 0.00398911 0.00137738 0.000401429 0.000104874 2.72129e-05
 3.8703e-11 1.82041e-09 5.92895e-08 1.33712e-06 2.08811e-05 0.0002258 0.00169079 0.00876749 0.0314906 0.0784173 0.135878 0.166163 0.150926 0.117675 0.0965512 0.0825782 0.0613905 0.036702 0.0183891 0.00824706 0.00331872 0.00114444 0.000328597 7.84431e-05 1.56944e-05
 3.78329e-11 1.77948e-09 5.79565e-08 1.30706e-06 2.04117e-05 0.000220724 0.00165278 0.00857047 0.0307839 0.0766668 0.132909 0.162833 0.148864 0.118056 0.0991577 0.0859785 0.0640809 0.0381398 0.0189067 0.0083464 0.00329741 0.00111449 0.000313318 7.31906e-05 1.41904e-05
 3.69524e-11 1.73806e-09 5.66076e-08 1.27664e-06 1.99366e-05 0.000215587 0.00161432 0.00837106 0.0300682 0.0748911 0.129875 0.159325 0.146329 0.117456 0.100375 0.0882386 0.0666458 0.0405444 0.020808 0.00954401 0.00387416 0.00132612 0.000373673 8.68542e-05 1.66549e-05
 3.58988e-11 1.68851e-09 5.49936e-08 1.24024e-06 1.93682e-05 0.00020944 0.00156829 0.00813248 0.0292123 0.0727697 0.126267 0.155235 0.143646 0.117504 0.102923 0.0918134 0.0697459 0.0425855 0.021978 0.01018 0.00419596 0.00146757 0.000424653 0.000101333 1.98139e-05
 3.66799e-11 1.72525e-09 5.61902e-08 1.26723e-06 1.97896e-05 0.000213997 0.00160242 0.00830936 0.029847 0.0743429 0.128945 0.158281 0.145678 0.117562 0.101166 0.0892634 0.0674392 0.0409561 0.0209687 0.00961626 0.00392487 0.00136078 0.000391231 9.32503e-05 1.83501e-05
 3.87119e-11 1.82082e-09 5.9303e-08 1.33743e-06 2.08859e-05 0.000225852 0.00169118 0.00876946 0.0314973 0.0784312 0.135882 0.166076 0.150554 0.116808 0.0952816 0.0815174 0.0612421 0.0375367 0.0195936 0.00919334 0.00382554 0.00134671 0.000392275 9.45177e-05 1.87452e-05
 3.7691e-11 1.7728e-09 5.7739e-08 1.30216e-06 2.03351e-05 0.000219896 0.00164658 0.00853834 0.0306688 0.0763832 0.132438 0.162355 0.148738 0.11858 0.100241 0.087055 0.0645307 0.0378612 0.0183216 0.00788684 0.00307982 0.00104792 0.000300467 7.19183e-05 1.42421e-05
 3.72662e-11 1.75282e-09 5.70884e-08 1.28749e-06 2.01059e-05 0.000217418 0.00162803 0.00844214 0.0303233 0.0755243 0.130958 0.160585 0.147266 0.117744 0.100055 0.0875468 0.0657919 0.0396678 0.0200447 0.00900484 0.00357217 0.00119222 0.000326908 7.41961e-05 1.4048e-05
 3.77388e-11 1.77505e-09 5.78123e-08 1.30381e-06 2.03609e-05 0.000220175 0.00164867 0.00854914 0.0307071 0.0764741 0.132565 0.162366 0.148294 0.117334 0.0983395 0.0854326 0.0642523 0.0390345 0.0200325 0.00920735 0.00375651 0.00129555 0.000367704 8.56488e-05 1.63097e-05
 3.74611e-11 1.76199e-09 5.73869e-08 1.29422e-06 2.02111e-05 0.000218555 0.00163654 0.00848626 0.0304816 0.075916 0.131621 0.16132 0.147692 0.117577 0.0993401 0.0866402 0.0650851 0.0393265 0.020008 0.00912847 0.00372342 0.00129614 0.000374849 8.96652e-05 1.76037e-05
 3.75215e-11 1.76483e-09 5.74794e-08 1.2963e-06 2.02437e-05 0.000218907 0.00163918 0.00849995 0.0305308 0.0760391 0.131838 0.161603 0.148002 0.117919 0.0996945 0.086859 0.0649821 0.0388979 0.0194661 0.00869606 0.00347447 0.00118645 0.000337052 7.95612e-05 1.55555e-05
 3.54237e-11 1.66616e-09 5.42658e-08 1.22383e-06 1.91119e-05 0.000206668 0.00154754 0.00802491 0.0288266 0.0718155 0.124656 0.153465 0.142676 0.118057 0.104848 0.0940981 0.0712975 0.0430674 0.0217895 0.00983436 0.00394534 0.00134192 0.000377097 8.76428e-05 1.68461e-05
 3.63108e-11 1.70789e-09 5.56247e-08 1.25448e-06 1.95905e-05 0.000211844 0.00158629 0.00822575 0.0295466 0.0735948 0.127647 0.156689 0.144223 0.116446 0.100432 0.0891872 0.0684011 0.0428243 0.0229836 0.0110653 0.00466544 0.00164175 0.00047337 0.000112191 2.18074e-05
 3.62079e-11 1.70305e-09 5.54671e-08 1.25092e-06 1.9535e-05 0.000211244 0.0015818 0.00820246 0.0294632 0.0733897 0.127309 0.156358 0.144181 0.116932 0.101355 0.0900388 0.0686362 0.0424035 0.022368 0.010677 0.00455731 0.00165997 0.000503093 0.000125791 2.56105e-05
 3.58428e-11 1.68587e-09 5.49078e-08 1.23831e-06 1.9338e-05 0.000209113 0.00156585 0.00811978 0.0291667 0.0726553 0.126064 0.154965 0.143331 0.117127 0.102504 0.091526 0.0698056 0.0430079 0.0225436 0.0106526 0.00448897 0.00161376 0.000485172 0.000121851 2.53283e-05
 3.63726e-11 1.71079e-09 5.57195e-08 1.25661e-06 1.96238e-05 0.000212205 0.00158899 0.00823976 0.0295971 0.0737217 0.127875 0.157007 0.144634 0.117 0.101075 0.0896037 0.0682276 0.0420789 0.0221006 0.0104513 0.00439244 0.00156778 0.000465945 0.000115409 2.36967e-05
 3.53405e-11 1.66225e-09 5.41384e-08 1.22095e-06 1.9067e-05 0.000206183 0.00154391 0.00800604 0.0287585 0.0716428 0.124336 0.152975 0.14192 0.116858 0.103301 0.0928915 0.071258 0.0442857 0.0235194 0.0112698 0.00479716 0.00173319 0.000520979 0.000130098 2.6782e-05
 3.54371e-11 1.66679e-09 5.42864e-08 1.22429e-06 1.91191e-05 0.000206747 0.00154813 0.00802792 0.028837 0.071837 0.124665 0.15334 0.142133 0.116782 0.102963 0.0924722 0.0709507 0.0441542 0.0235056 0.0112959 0.00482296 0.00174901 0.000528491 0.000132893 2.75734e-05
 3.37086e-11 1.58549e-09 5.16384e-08 1.16457e-06 1.81865e-05 0.000196662 0.00147262 0.00763652 0.027433 0.0683593 0.118764 0.146715 0.138006 0.117468 0.108032 0.0991112 0.0762219 0.0470119 0.0246104 0.011611 0.00488845 0.0017561 0.000527041 0.000131926 2.7324e-05
 3.55698e-11 1.67303e-09 5.44896e-08 1.22888e-06 1.91907e-05 0.000207521 0.00155392 0.00805795 0.0289445 0.0721018 0.125103 0.153779 0.142227 0.116241 0.101878 0.0914118 0.0705369 0.0444804 0.0241305 0.0117743 0.00504203 0.00181122 0.000538055 0.000132864 2.71856e-05
 3.60555e-11 1.69588e-09 5.52337e-08 1.24566e-06 1.94528e-05 0.000210355 0.00157514 0.00816794 0.0293391 0.0730796 0.126764 0.155657 0.143437 0.116152 0.100583 0.0895927 0.0689193 0.0434121 0.0236155 0.0116617 0.00512211 0.00191206 0.00059411 0.000152638 3.20246e-05
 3.5423e-11 1.66613e-09 5.42648e-08 1.22381e-06 1.91115e-05 0.000206665 0.00154751 0.00802475 0.0288258 0.0718107 0.12463 0.153349 0.142303 0.117233 0.103639 0.0930293 0.071004 0.0436805 0.0228637 0.0108344 0.0046165 0.00169411 0.000523925 0.000135792 2.91016e-05
 3.68644e-11 1.73392e-09 5.64728e-08 1.2736e-06 1.98891e-05 0.000215074 0.00161047 0.00835112 0.0299965 0.0747115 0.129557 0.158906 0.145854 0.116906 0.0997809 0.0878441 0.0667588 0.0411829 0.0216476 0.0102373 0.00429617 0.00153048 0.000455085 0.000113465 2.3644e-05
 3.47327e-11 1.63366e-09 5.32072e-08 1.19996e-06 1.8739e-05 0.000202637 0.00151736 0.0078684 0.0282647 0.0704179 0.122248 0.150582 0.140262 0.116644 0.104425 0.0946702 0.0730184 0.0457067 0.0245348 0.0118979 0.00511785 0.00186577 0.000565448 0.000142211 2.94549e-05
#obs catch len freq
 3.50967e-11 1.65078e-09 5.37647e-08 1.21253e-06 1.89354e-05 0.000204761 0.00153325 0.0079508 0.0285602 0.0711482 0.123477 0.151913 0.140924 0.116031 0.102627 0.0925014 0.0714134 0.0450691 0.0247101 0.0125154 0.00581193 0.00239235 0.00086012 0.000266909 6.97148e-05
 3.54062e-11 1.66534e-09 5.4239e-08 1.22323e-06 1.91025e-05 0.000206567 0.00154678 0.00802089 0.0288116 0.0717712 0.124534 0.153102 0.141671 0.115925 0.101741 0.0913263 0.070463 0.0445404 0.024507 0.0124677 0.00580327 0.00237845 0.00084243 0.000255094 6.48363e-05
 3.81494e-11 1.79436e-09 5.84413e-08 1.318e-06 2.05825e-05 0.00022257 0.00166661 0.00864209 0.0310405 0.0772979 0.13395 0.163864 0.149027 0.116613 0.0962732 0.0829707 0.062482 0.0384083 0.0203284 0.00995163 0.00452004 0.0018317 0.000645095 0.000194063 4.87688e-05
 3.52255e-11 1.65684e-09 5.39621e-08 1.21698e-06 1.90049e-05 0.000205512 0.00153888 0.00798001 0.0286655 0.0714138 0.12396 0.152611 0.141895 0.117445 0.104382 0.0938399 0.0714117 0.0436313 0.022685 0.010814 0.0047619 0.0018678 0.000638145 0.000187575 4.64346e-05
 3.81903e-11 1.79629e-09 5.8504e-08 1.31941e-06 2.06045e-05 0.000222809 0.00166839 0.00865135 0.0310735 0.0773785 0.134078 0.163964 0.148942 0.116199 0.0956014 0.0824179 0.0624538 0.0389028 0.020935 0.0103066 0.00459428 0.00178416 0.00059439 0.000169198 4.05702e-05
 3.85999e-11 1.81555e-09 5.91314e-08 1.33356e-06 2.08255e-05 0.000225199 0.00168629 0.00874413 0.0314068 0.0782088 0.135519 0.165738 0.150583 0.117493 0.0964931 0.0825581 0.0613737 0.0367567 0.0186237 0.00866146 0.00376434 0.00146863 0.000496449 0.000142275 3.38456e-05
 3.79579e-11 1.78536e-09 5.81479e-08 1.31138e-06 2.04791e-05 0.000221453 0.00165824 0.00859877 0.0308854 0.0769175 0.13333 0.163286 0.149076 0.117811 0.098485 0.0851691 0.0634774 0.0379041 0.018999 0.00862764 0.00360723 0.00134138 0.000433602 0.000120765 2.84354e-05
 3.66913e-11 1.72578e-09 5.62077e-08 1.26762e-06 1.97958e-05 0.000214064 0.00160291 0.00831194 0.0298563 0.0743651 0.128978 0.1583 0.145625 0.117375 0.100846 0.0889135 0.0672016 0.0409183 0.021131 0.00990183 0.0042139 0.00156404 0.000495562 0.000133472 3.02367e-05
 3.6405e-11 1.71232e-09 5.5769e-08 1.25773e-06 1.96413e-05 0.000212394 0.00159041 0.00824709 0.0296235 0.0737871 0.127987 0.157139 0.144735 0.117031 0.101015 0.0894237 0.0679213 0.041745 0.0219196 0.0105087 0.00458761 0.00174795 0.000566872 0.000154727 3.49893e-05
 3.85879e-11 1.81499e-09 5.91129e-08 1.33315e-06 2.0819e-05 0.000225128 0.00168576 0.00874137 0.0313967 0.0781812 0.135455 0.165583 0.150201 0.116722 0.0954159 0.0816999 0.0613368 0.0375788 0.0197347 0.00949665 0.00418369 0.00161894 0.000536322 0.000149972 3.46979e-05
 3.72978e-11 1.75431e-09 5.71367e-08 1.28858e-06 2.0123e-05 0.000217602 0.00162941 0.0084493 0.0303493 0.0755897 0.131079 0.160767 0.147537 0.118151 0.100522 0.0877549 0.0654196 0.0388312 0.0192814 0.00871284 0.00367338 0.00139386 0.000460293 0.000129616 3.04065e-05
 3.60002e-11 1.69328e-09 5.51489e-08 1.24375e-06 1.94229e-05 0.000210032 0.00157273 0.00815544 0.0292948 0.0729731 0.126608 0.155598 0.143801 0.117268 0.102325 0.0911225 0.069271 0.0424505 0.0221076 0.0104312 0.00444655 0.00164744 0.000522193 0.000141627 3.24847e-05
 3.72186e-11 1.75058e-09 5.70153e-08 1.28584e-06 2.00803e-05 0.00021714 0.00162595 0.00843131 0.0302843 0.0754238 0.130764 0.160253 0.146666 0.116681 0.0985877 0.0862579 0.0654198 0.0404094 0.0214327 0.0104014 0.00459021 0.00176379 0.00057547 0.000157645 3.57389e-05
 3.93815e-11 1.85231e-09 6.03286e-08 1.36056e-06 2.12472e-05 0.000229758 0.00172042 0.00892109 0.0320416 0.0797809 0.138185 0.168722 0.152413 0.117104 0.094094 0.0794856 0.0590242 0.0355911 0.0182536 0.00858082 0.0037348 0.00144546 0.000482224 0.000136033 3.17165e-05
 3.69389e-11 1.73743e-09 5.65869e-08 1.27618e-06 1.99294e-05 0.000215508 0.00161373 0.00836803 0.0300578 0.0748682 0.129857 0.159409 0.146734 0.118416 0.101757 0.0893044 0.0665816 0.039359 0.01936 0.00861496 0.00356228 0.00132384 0.000429144 0.000119441 2.79297e-05
 3.84002e-11 1.80616e-09 5.88254e-08 1.32666e-06 2.07178e-05 0.000224034 0.00167756 0.00869889 0.0312444 0.0778053 0.134826 0.164918 0.149928 0.117189 0.0965531 0.0829722 0.0621326 0.0376887 0.0193787 0.00900798 0.00378403 0.00138049 0.000429521 0.000114051 2.56296e-05
 3.5046e-11 1.64839e-09 5.36871e-08 1.21078e-06 1.89081e-05 0.000204465 0.00153104 0.00793937 0.0285198 0.0710537 0.123354 0.151958 0.141577 0.117764 0.105277 0.0948714 0.0720911 0.0438025 0.0225224 0.0105508 0.00452866 0.0017064 0.000547731 0.000147646 3.29079e-05
 4.01446e-11 1.88821e-09 6.14976e-08 1.38693e-06 2.16589e-05 0.00023421 0.00175376 0.00909386 0.0326611 0.0813135 0.140771 0.171561 0.153957 0.116192 0.0909876 0.0758647 0.0566799 0.0350045 0.0186505 0.0090737 0.00399188 0.00152434 0.000495439 0.000135973 3.09722e-05
 3.25641e-11 1.53166e-09 4.98851e-08 1.12504e-06 1.75691e-05 0.000189986 0.00142263 0.00737741 0.0265041 0.066062 0.114893 0.142496 0.135812 0.1191 0.113045 0.104762 0.0795906 0.0474273 0.0235581 0.0106756 0.00453918 0.00174299 0.000580918 0.000163783 3.81339e-05
 3.98637e-11 1.875e-09 6.10675e-08 1.37723e-06 2.15074e-05 0.000232572 0.00174149 0.00903024 0.0324325 0.0807435 0.139779 0.170324 0.152768 0.115165 0.0901816 0.0756269 0.0574484 0.0366637 0.0204472 0.0103243 0.00459224 0.00173498 0.000555108 0.000151688 3.50387e-05
 3.32788e-11 1.56528e-09 5.098e-08 1.14973e-06 1.79547e-05 0.000194155 0.00145385 0.00753924 0.0270846 0.0674992 0.117328 0.145212 0.137445 0.118648 0.110686 0.101739 0.0772372 0.0462508 0.0232826 0.0108231 0.00476951 0.00190268 0.000653684 0.000187209 4.37108e-05
 3.74122e-11 1.75969e-09 5.73119e-08 1.29253e-06 2.01847e-05 0.000218269 0.0016344 0.0084751 0.0304408 0.0758064 0.131378 0.160774 0.146411 0.115031 0.0957651 0.0836838 0.0646826 0.0417043 0.023513 0.0120181 0.00542229 0.00209021 0.000688463 0.000194859 4.65487e-05
 3.40737e-11 1.60266e-09 5.21977e-08 1.17719e-06 1.83835e-05 0.000198793 0.00148857 0.00771922 0.02773 0.0690968 0.12003 0.148206 0.139172 0.117955 0.107806 0.0982165 0.0747189 0.0452612 0.0232816 0.0111102 0.00500212 0.00202638 0.000706018 0.000205625 4.90643e-05
 3.34452e-11 1.5731e-09 5.12349e-08 1.15548e-06 1.80444e-05 0.000195126 0.00146112 0.00757683 0.0272184 0.0678212 0.117808 0.145437 0.136504 0.115646 0.105998 0.0977085 0.0765046 0.0490491 0.027325 0.0138636 0.00628038 0.00245811 0.000827467 0.000239499 5.83492e-05
 3.78416e-11 1.77989e-09 5.79697e-08 1.30737e-06 2.04164e-05 0.000220775 0.00165316 0.00857235 0.0307898 0.0766722 0.132856 0.162478 0.147623 0.115258 0.0950288 0.0823208 0.0630664 0.0402164 0.0225498 0.0117278 0.00555458 0.00229246 0.000804219 0.000236256 5.71853e-05
 3.3336e-11 1.56796e-09 5.10675e-08 1.1517e-06 1.79855e-05 0.000194489 0.00145635 0.00755216 0.0271307 0.0676113 0.117503 0.145337 0.137277 0.117954 0.109546 0.100699 0.0769188 0.0467459 0.0241267 0.0115372 0.00520611 0.00213144 0.00076321 0.000232324 5.83592e-05
 3.53048e-11 1.66057e-09 5.40836e-08 1.21972e-06 1.90477e-05 0.000205975 0.00154235 0.00799792 0.0287291 0.0715659 0.124179 0.152675 0.141304 0.115699 0.101687 0.0915218 0.0709757 0.0452326 0.0250452 0.0126424 0.0057122 0.00223507 0.000754384 0.000220245 5.46499e-05
 3.60916e-11 1.69758e-09 5.52889e-08 1.24691e-06 1.94722e-05 0.000210565 0.00157672 0.00817611 0.0293686 0.0731525 0.12689 0.155806 0.143558 0.116203 0.100522 0.0893476 0.068455 0.0428824 0.0233255 0.0117633 0.00545665 0.00222641 0.000776381 0.000227554 5.51602e-05
#spawning biomass
 46662.9 31417.9 32537.5 38768.4 37442.2 42103.4 50555.6 55313.4 48885.3 57442.6 56562.7 61093.4 68230.2 78442.6 78272.9 80354.3 86701.9 96546.5 102207 102897 118949 121211 111387 97428.7 116550 119687 113715 145585 172755 135599 32511.6 10419.4 7801.45 7542.37 7518.52 7516.42 7516.23 7516.22 7516.22 7516.22 7516.22 7516.22 7516.22 7516.22 7516.22 7516.22 7516.22 7516.22 7516.22 7516.22 7516.22 7516.22 7516.22 7516.22 7516.22 7516.22 7516.22 7516.22 7516.22 7516.22 7516.22 7516.22 7516.22 7516.22 7516.22 7516.22 7516.22 7516.22 7516.22 7516.22 7516.22 7516.22 7516.22 7516.22 7516.22 7516.22 7516.22 7516.22 7516.22 7516.22 7516.22 7516.22 7516.22 7516.22 7516.22 7516.22 7516.22 7516.22 7516.22 7516.22 7516.22 7516.22 7516.22 7516.22 7516.22 7516.22 7516.22 7516.22 7516.22 7516.22 7516.22 7516.22 7516.22 7516.22 7516.22 7516.22 7516.22 7516.22 7516.22 7516.22 7516.22 7516.22 7516.22 7516.22 7516.22 7516.22 7516.22 7516.22 7516.22 7516.22 7516.22 7516.22 7516.22 7516.22 7516.22 7516.22 7516.22 7516.22 0 0 0 0 0 0 0 0 0 0 0 0 0 0 0 0 0 0 0 0 0 0 0 0 0
