SBPRF35
0.106487
Curr Bio
146806
B35
134161
F35
1.57688
FOFL
1.53914
OFL
61931.7
Bzero
30423.9
#pred survey bio
 16201.7 13272 12503.6 17407.5 21528.5 22400.2 24406.9 32753.9 44249.3 58056.3 76123.8 97342.7 106345 134336 148396 118527 103007 101798 103816 99070.5 107001 112169 130702 128380 143685 149433 134723 110756 3.37794e+06 2.19382e+06 834605 439749 316985 267041 242931 230541 224075 220700 218944 218035 217566 217326 217202 217138 217106 217090 217082 217078 217076 217075 217075 217074 217074 217074 217074 217074 217074 217074 217074 217074 217074 217074 217074 217074 217074 217074 217074 217074 217074 217074 217074 217074 217074 217074 217074 217074 217074 217074 217074 217074 217074 217074 217074 217074 217074 217074 217074 217074 217074 217074 217074 217074 217074 217074 217074 217074 217074 217074 217074 217074 217074 217074 217074 217074 217074 217074 217074 217074 217074 217074 217074 217074 217074 217074 217074 217074 217074 217074 217074 217074 217074 217074 217074 217074 217074 217074 217074 217074 0 0 0 0 0 0 0 0 0 0 0 0 0 0 0 0 0 0 0 0 0 0 0 0 0
#obs survey bio
 14145 9082.12 15784 16996.8 21026.3 19079.5 26683.1 28927 40732.7 59796.7 67492.2 129204 109917 108076 134447 116241 151138 122848 115612 97937.8 103766 101842 114920 133415 139144 182451 136933 103882
#pred catch bio
 7994.15 7830.75 6825.21 10009.5 13111 15091 15660.6 22110.7 30776.1 40440.9 49111.6 71706.7 70941 90629.7 117630 92846.3 77032.1 74959.4 82522.5 75085.9 87285.4 86080 113624 106038 123268 135420 127706 107534 61931.7 63860 15625.7 7003.57 5708.92 5534.1 5512.08 5509.44 5509.14 5509.1 5509.1 5509.1 5509.1 5509.1 5509.1 5509.1 5509.1 5509.1 5509.1 5509.1 5509.1 5509.1 5509.1 5509.1 5509.1 5509.1 5509.1 5509.1 5509.1 5509.1 5509.1 5509.1 5509.1 5509.1 5509.1 5509.1 5509.1 5509.1 5509.1 5509.1 5509.1 5509.1 5509.1 5509.1 5509.1 5509.1 5509.1 5509.1 5509.1 5509.1 5509.1 5509.1 5509.1 5509.1 5509.1 5509.1 5509.1 5509.1 5509.1 5509.1 5509.1 5509.1 5509.1 5509.1 5509.1 5509.1 5509.1 5509.1 5509.1 5509.1 5509.1 5509.1 5509.1 5509.1 5509.1 5509.1 5509.1 5509.1 5509.1 5509.1 5509.1 5509.1 5509.1 5509.1 5509.1 5509.1 5509.1 5509.1 5509.1 5509.1 5509.1 5509.1 5509.1 5509.1 5509.1 5509.1 5509.1 5509.1 5509.1 5509.1 0 0 0 0 0 0 0 0 0 0 0 0 0 0 0 0 0 0 0 0 0 0 0 0 0
#obs catch bio
 7365.93 9073.55 7483.3 10081.5 14254.1 15797.5 15354.1 21661.9 31405.8 41064.4 47049.7 67480.4 65944.5 88959.2 130363 102872 72479.1 68617.8 77646.5 70999.3 84393.2 80047.8 108680 97320.8 117642 126445 128258 110117
#pred cpue bio
 15778.9 12908.5 11517.9 16010.3 20698.8 21062.7 22555 29685.9 40555.5 52688.1 69957.2 90802.6 97755.3 124439 141744 112750 96795.2 95423.9 97193.9 92120.7 98771.7 102552 120343 117225 130811 137526 124543 102189 3.027e+06 2.37415e+06 830518 431915 309066 259118 235009 222619 216153 212777 211022 210113 209644 209403 209279 209216 209184 209168 209160 209156 209154 209153 209152 209152 209152 209152 209152 209152 209152 209152 209152 209152 209152 209152 209152 209152 209152 209152 209152 209152 209152 209152 209152 209152 209152 209152 209152 209152 209152 209152 209152 209152 209152 209152 209152 209152 209152 209152 209152 209152 209152 209152 209152 209152 209152 209152 209152 209152 209152 209152 209152 209152 209152 209152 209152 209152 209152 209152 209152 209152 209152 209152 209152 209152 209152 209152 209152 209152 209152 209152 209152 209152 209152 209152 209152 209152 209152 209152 209152 209152 0 0 0 0 0 0 0 0 0 0 0 0 0 0 0 0 0 0 0 0 0 0 0 0 0
#obs cpue bio
 12184.3 7701.27 8538.35 14683 17372 21261.6 28069.3 30474.3 39158.3 49388.4 97739.3 109628 110883 133534 97229.7 81241.7 108015 114104 105705 107662 120891 144240 174288 154718 153742 154112 110679 102541
#pred surv len freq
 1.02863e-11 1.11648e-09 7.14543e-08 2.69647e-06 6.00001e-05 0.00078725 0.00609184 0.027824 0.0753285 0.123445 0.134474 0.128123 0.133512 0.123534 0.0878431 0.0546611 0.0342844 0.0216937 0.0140975 0.00972841 0.00727396 0.00596885 0.00509807 0.00390041 0.00226766
 1.05862e-11 1.14903e-09 7.35376e-08 2.77509e-06 6.17495e-05 0.000810206 0.00626958 0.0286382 0.0775667 0.127383 0.140005 0.136328 0.144432 0.132578 0.0902753 0.0511986 0.028366 0.0154473 0.00830119 0.00462121 0.00278191 0.00188811 0.00142065 0.00102996 0.000595076
 1.39896e-11 1.51844e-09 9.71799e-08 3.66727e-06 8.16015e-05 0.00107066 0.00828415 0.0378197 0.10215 0.165469 0.1713 0.141312 0.125028 0.105954 0.0690114 0.03668 0.0186292 0.00913083 0.00423736 0.00193117 0.000900883 0.00046112 0.000274317 0.000174276 9.56711e-05
 1.41e-11 1.53042e-09 9.79464e-08 3.6962e-06 8.22452e-05 0.00107911 0.00834957 0.0381199 0.102982 0.166985 0.173654 0.145181 0.130164 0.109346 0.0678004 0.0320763 0.0139821 0.00605645 0.00251231 0.000995246 0.000379454 0.00014505 6.11208e-05 2.9715e-05 1.42628e-05
 1.16568e-11 1.26524e-09 8.0975e-08 3.05575e-06 6.79946e-05 0.000892145 0.00690356 0.0315321 0.0853774 0.139988 0.152822 0.146153 0.151365 0.134547 0.0842646 0.039454 0.0165375 0.00656187 0.00236291 0.00079538 0.000257088 7.94043e-05 2.41794e-05 7.94846e-06 2.86286e-06
 1.28729e-11 1.39723e-09 8.94228e-08 3.37454e-06 7.5088e-05 0.000985206 0.00762326 0.0348096 0.0941169 0.153236 0.162285 0.143177 0.13704 0.1196 0.0773747 0.0395509 0.0184605 0.00773609 0.00275049 0.000855804 0.000239927 6.1288e-05 1.45871e-05 3.35875e-06 7.98391e-07
 1.38705e-11 1.50551e-09 9.63523e-08 3.63604e-06 8.09066e-05 0.00106155 0.00821378 0.0375018 0.101338 0.164528 0.172069 0.1463 0.133757 0.112906 0.0692356 0.0316762 0.0130733 0.00532234 0.00201342 0.000672421 0.000190434 4.51532e-05 9.14687e-06 1.6309e-06 2.67159e-07
 1.47994e-11 1.60633e-09 1.02805e-07 3.87955e-06 8.63249e-05 0.00113263 0.00876358 0.0400069 0.108037 0.174832 0.180177 0.146458 0.126565 0.104141 0.0633232 0.0286463 0.0114238 0.00430957 0.00146667 0.000456432 0.000130414 3.22832e-05 6.54817e-06 1.06638e-06 1.4145e-07
 1.42969e-11 1.55179e-09 9.93146e-08 3.74783e-06 8.3394e-05 0.00109418 0.00846622 0.0386529 0.104428 0.169377 0.176357 0.147936 0.132871 0.110605 0.0661432 0.0283475 0.0103626 0.00363905 0.00117656 0.000341703 8.91197e-05 2.05703e-05 4.10541e-06 6.75179e-07 8.70035e-08
 1.47497e-11 1.60094e-09 1.0246e-07 3.86652e-06 8.60352e-05 0.00112883 0.00873422 0.0398738 0.10769 0.174371 0.180174 0.147637 0.128785 0.105916 0.0633476 0.0273381 0.0100423 0.00345375 0.00105175 0.000281249 6.77526e-05 1.44441e-05 2.65175e-06 4.0906e-07 5.11871e-08
 1.41706e-11 1.53808e-09 9.84369e-08 3.71471e-06 8.26571e-05 0.00108451 0.00839145 0.0383124 0.10352 0.168 0.175369 0.148234 0.134355 0.112201 0.0669732 0.028457 0.0101843 0.00343864 0.00104059 0.000274161 6.31048e-05 1.24751e-05 2.09783e-06 2.9645e-07 3.42456e-08
 1.33976e-11 1.45418e-09 9.30676e-08 3.51209e-06 7.81486e-05 0.00102536 0.00793393 0.0362272 0.0979372 0.159352 0.168274 0.147151 0.138929 0.118709 0.0726514 0.0326283 0.0127074 0.00454456 0.00138687 0.000359746 8.13899e-05 1.57474e-05 2.53674e-06 3.34179e-07 3.54127e-08
 1.41524e-11 1.53611e-09 9.83107e-08 3.70994e-06 8.2551e-05 0.00108312 0.00838068 0.0382631 0.103385 0.167767 0.175061 0.147817 0.133856 0.111915 0.0671873 0.0290312 0.010742 0.00378918 0.00120646 0.000333712 7.85252e-05 1.52488e-05 2.41831e-06 3.10118e-07 3.14417e-08
 1.37628e-11 1.49382e-09 9.56044e-08 3.60782e-06 8.02787e-05 0.00105331 0.00815009 0.0372122 0.100573 0.163419 0.171534 0.147408 0.136376 0.115362 0.0700471 0.0309875 0.0118304 0.00420396 0.00130505 0.000351909 8.37746e-05 1.70043e-05 2.81214e-06 3.66491e-07 3.68326e-08
 1.20992e-11 1.31326e-09 8.40482e-08 3.17172e-06 7.05751e-05 0.000926002 0.00716546 0.0327262 0.0885811 0.145005 0.157201 0.147656 0.150137 0.131908 0.0810354 0.0362161 0.0140586 0.00510683 0.00162631 0.000446505 0.000105861 2.11854e-05 3.51609e-06 4.71342e-07 4.90015e-08
 1.23662e-11 1.34223e-09 8.59029e-08 3.24171e-06 7.21325e-05 0.000946434 0.00732351 0.0334468 0.0905142 0.148029 0.159829 0.14852 0.149303 0.130158 0.0788718 0.0340897 0.0125719 0.00441205 0.00140053 0.000390921 9.48795e-05 1.9341e-05 3.2253e-06 4.30818e-07 4.49746e-08
 1.30365e-11 1.41499e-09 9.05593e-08 3.41743e-06 7.60424e-05 0.00099773 0.00772024 0.0352543 0.0953444 0.155437 0.165548 0.148264 0.143527 0.123361 0.0745658 0.0322519 0.0118651 0.00409529 0.00125416 0.00033593 7.97974e-05 1.63374e-05 2.77348e-06 3.76831e-07 3.96793e-08
 1.3163e-11 1.42871e-09 9.14374e-08 3.45057e-06 7.67797e-05 0.0010074 0.00779506 0.035595 0.0962538 0.156821 0.166569 0.148057 0.142194 0.12191 0.0738043 0.0321159 0.0119364 0.00415386 0.00127353 0.000337396 7.79832e-05 1.54094e-05 2.55089e-06 3.45061e-07 3.67232e-08
 1.3226e-11 1.43556e-09 9.18755e-08 3.4671e-06 7.71475e-05 0.00101223 0.00783238 0.035765 0.0967072 0.15751 0.167067 0.147923 0.141482 0.121148 0.0734221 0.0320761 0.0120086 0.00421406 0.00130371 0.000348515 8.08397e-05 1.58433e-05 2.5649e-06 3.36835e-07 3.50147e-08
 1.36037e-11 1.47655e-09 9.44988e-08 3.56609e-06 7.93503e-05 0.00104113 0.00805593 0.0367841 0.0994394 0.161771 0.170706 0.148927 0.139972 0.118458 0.0704666 0.0293878 0.0101808 0.00335869 0.00101736 0.000272403 6.37229e-05 1.25943e-05 2.04578e-06 2.66832e-07 2.72354e-08
 1.39552e-11 1.5147e-09 9.69408e-08 3.65825e-06 8.14008e-05 0.00106803 0.00826398 0.0377317 0.101969 0.165625 0.173555 0.148381 0.136321 0.114498 0.0684234 0.0290388 0.0103203 0.00341206 0.000991594 0.000248869 5.54991e-05 1.07917e-05 1.75671e-06 2.30593e-07 2.35952e-08
 1.44326e-11 1.56652e-09 1.00257e-07 3.78339e-06 8.41853e-05 0.00110456 0.00854655 0.0390196 0.105419 0.170982 0.178019 0.149275 0.133837 0.1107 0.0648084 0.0261359 0.00848536 0.00260288 0.000740685 0.000185927 4.06082e-05 7.52394e-06 1.16567e-06 1.48795e-07 1.51195e-08
 1.40911e-11 1.52945e-09 9.78848e-08 3.69387e-06 8.21934e-05 0.00107843 0.00834443 0.0380986 0.102954 0.167179 0.174967 0.149026 0.136215 0.113839 0.0672837 0.0277126 0.00930742 0.00288912 0.000789468 0.000184152 3.79482e-05 6.8441e-06 1.03654e-06 1.27443e-07 1.24071e-08
 1.4502e-11 1.57405e-09 1.00739e-07 3.80158e-06 8.45902e-05 0.00110988 0.00858766 0.0392073 0.105926 0.171806 0.178879 0.149987 0.134368 0.110754 0.0640719 0.0249267 0.00748873 0.00208917 0.000549873 0.000128484 2.6078e-05 4.47341e-06 6.38285e-07 7.50846e-08 7.07696e-09
 1.46302e-11 1.58796e-09 1.01629e-07 3.83518e-06 8.53378e-05 0.00111968 0.0086635 0.0395526 0.106846 0.173191 0.179827 0.149538 0.132658 0.109074 0.063468 0.0251825 0.00784859 0.0022324 0.000563269 0.000120027 2.24065e-05 3.69268e-06 5.1493e-07 5.83343e-08 5.22463e-09
 1.4137e-11 1.53443e-09 9.82034e-08 3.70589e-06 8.2461e-05 0.00108194 0.00837161 0.0382231 0.103297 0.167783 0.175817 0.15027 0.137742 0.114643 0.0664403 0.0258003 0.00768729 0.00209479 0.000524799 0.000113365 2.09549e-05 3.26109e-06 4.2025e-07 4.47339e-08 3.84776e-09
 1.39311e-11 1.51209e-09 9.67734e-08 3.65193e-06 8.12603e-05 0.00106619 0.00824979 0.0376683 0.101818 0.165541 0.174217 0.15078 0.140177 0.117184 0.0676151 0.0257885 0.0073611 0.0018892 0.000448142 9.22685e-05 1.65045e-05 2.54163e-06 3.2409e-07 3.32158e-08 2.68254e-09
 1.40319e-11 1.52303e-09 9.74739e-08 3.67836e-06 8.18484e-05 0.00107391 0.00830948 0.0379405 0.102548 0.166684 0.175215 0.151121 0.139884 0.116537 0.0667911 0.0249649 0.00678265 0.00161918 0.00036003 6.98335e-05 1.1724e-05 1.70396e-06 2.08088e-07 2.07755e-08 1.64537e-09
#obs surv len freq
 1.16466e-11 1.26413e-09 8.09042e-08 3.05308e-06 6.79351e-05 0.000891362 0.00689733 0.0314987 0.0852059 0.138967 0.147923 0.131791 0.128584 0.119787 0.0914021 0.0597265 0.0337829 0.0156078 0.00574718 0.00167281 0.000374558 6.22724e-05 7.43287e-06 6.17084e-07 3.46316e-08
 8.37562e-12 9.09095e-10 5.8182e-08 2.19561e-06 4.88559e-05 0.000641056 0.00496154 0.0226819 0.0616621 0.102902 0.119827 0.131127 0.15226 0.149421 0.114046 0.0732926 0.0404019 0.0180828 0.00641083 0.00178427 0.000379443 5.95131e-05 6.65856e-06 5.15308e-07 2.68366e-08
 1.84971e-11 2.00769e-09 1.28492e-07 4.84888e-06 0.000107893 0.0014156 0.0109521 0.0499743 0.134621 0.215087 0.208386 0.134901 0.0785041 0.0563667 0.0449427 0.0327666 0.0193107 0.00868138 0.00299321 0.000797631 0.000160924 2.37805e-05 2.49224e-06 1.7978e-07 8.69141e-09
 8.44592e-12 9.16726e-10 5.86704e-08 2.21405e-06 4.92667e-05 0.000646482 0.00500475 0.0229044 0.0625632 0.106449 0.131734 0.157462 0.184338 0.162409 0.0966551 0.0425464 0.017105 0.0068807 0.00243417 0.000664357 0.000131963 1.86298e-05 1.8353e-06 1.23434e-07 5.5379e-09
 1.41684e-11 1.53784e-09 9.84217e-08 3.71413e-06 8.26445e-05 0.00108435 0.00839021 0.0383041 0.103425 0.167002 0.169402 0.12922 0.104073 0.0957544 0.0826221 0.0578677 0.0293502 0.0102353 0.00256734 0.000516461 8.7615e-05 1.16665e-05 1.10851e-06 7.11045e-08 2.99751e-09
 1.19932e-11 1.30175e-09 8.33117e-08 3.14393e-06 6.99576e-05 0.000917938 0.00710426 0.0324679 0.0880863 0.145229 0.159652 0.149181 0.143281 0.120344 0.0777424 0.0422109 0.0211225 0.00899241 0.00285754 0.000630625 9.53431e-05 1.01269e-05 7.78913e-07 4.32149e-08 1.66105e-09
 1.64883e-11 1.78965e-09 1.14538e-07 4.3223e-06 9.61772e-05 0.00126191 0.00976422 0.0445777 0.120357 0.194156 0.195516 0.143469 0.10306 0.0789069 0.0547157 0.0319126 0.0149271 0.0053755 0.00150762 0.000331642 5.42993e-05 6.16415e-06 4.64892e-07 2.30059e-08 7.49221e-10
 1.34865e-11 1.46384e-09 9.36855e-08 3.53542e-06 7.86688e-05 0.00103225 0.00798908 0.0365116 0.0990246 0.162807 0.176164 0.156184 0.138706 0.108629 0.0645667 0.0303595 0.0123054 0.00422449 0.00114371 0.00023274 3.4689e-05 3.7036e-06 2.74753e-07 1.36509e-08 4.39791e-10
 1.42496e-11 1.54666e-09 9.89861e-08 3.73544e-06 8.31196e-05 0.00109064 0.00844052 0.0385643 0.104454 0.170679 0.180165 0.149831 0.125207 0.100031 0.0659881 0.0350644 0.0146041 0.00453854 0.00104649 0.000183605 2.44771e-05 2.38432e-06 1.62242e-07 7.45849e-09 2.26026e-10
 1.42541e-11 1.54715e-09 9.90176e-08 3.73664e-06 8.31466e-05 0.00109101 0.00844397 0.0385897 0.104617 0.171479 0.18263 0.154074 0.128443 0.0990801 0.0617868 0.0313103 0.0129889 0.00418659 0.000997829 0.000171266 2.08292e-05 1.77714e-06 1.05478e-07 4.28976e-09 1.16831e-10
 1.28532e-11 1.39509e-09 8.9286e-08 3.3694e-06 7.49759e-05 0.000983844 0.00761595 0.0348309 0.0946947 0.156869 0.17296 0.157187 0.140563 0.111181 0.0693425 0.0345279 0.0137807 0.004231 0.00096954 0.000163061 1.96031e-05 1.62997e-06 9.12608e-08 3.38121e-09 8.19579e-11
 1.41673e-11 1.53773e-09 9.84147e-08 3.71389e-06 8.26411e-05 0.00108441 0.00839369 0.0383721 0.104127 0.171098 0.18298 0.154299 0.127361 0.0985024 0.0630399 0.0325189 0.0131373 0.00396678 0.000875154 0.000139915 1.59424e-05 1.26214e-06 6.76406e-08 2.39746e-09 5.5101e-11
 1.3526e-11 1.46812e-09 9.39597e-08 3.54579e-06 7.89015e-05 0.00103539 0.00801569 0.0366684 0.0997448 0.165281 0.181262 0.16032 0.136347 0.102978 0.0620592 0.0300592 0.0117178 0.00351414 0.000776729 0.000122936 1.35858e-05 1.02495e-06 5.18086e-08 1.72565e-09 3.72794e-11
 1.13455e-11 1.23145e-09 7.88133e-08 2.97422e-06 6.61849e-05 0.000868611 0.00672734 0.0308224 0.0843203 0.142529 0.165789 0.16382 0.15363 0.121594 0.0749632 0.0363346 0.0137075 0.003882 0.00080764 0.000121745 1.29761e-05 9.47669e-07 4.61165e-08 1.46409e-09 2.98521e-11
 9.23511e-12 1.00239e-09 6.41531e-08 2.42101e-06 5.38765e-05 0.00070718 0.00548001 0.025156 0.06929 0.119798 0.148062 0.161496 0.164892 0.139588 0.0925408 0.0477956 0.0186232 0.00527568 0.00106919 0.000153596 1.53919e-05 1.05355e-06 4.8221e-08 1.44661e-09 2.79341e-11
 1.2193e-11 1.32344e-09 8.47003e-08 3.19639e-06 7.11288e-05 0.000933482 0.00722908 0.033103 0.0903134 0.150852 0.168391 0.153241 0.136399 0.113264 0.0787767 0.0432038 0.0177212 0.00523399 0.00109047 0.000157471 1.54603e-05 1.01383e-06 4.37511e-08 1.22613e-09 2.20372e-11
 1.17582e-11 1.27624e-09 8.168e-08 3.08245e-06 6.85959e-05 0.000900364 0.00697587 0.0319947 0.0877561 0.149036 0.173478 0.167217 0.148821 0.112697 0.0685442 0.0339649 0.0134802 0.00404777 0.000871622 0.000129455 1.28911e-05 8.43028e-07 3.56468e-08 9.62638e-10 1.64344e-11
 1.24581e-11 1.35221e-09 8.65422e-08 3.26594e-06 7.26795e-05 0.000953965 0.00739091 0.03389 0.0928351 0.156781 0.17909 0.166262 0.143408 0.108027 0.0653954 0.0309733 0.0112017 0.00302287 0.000599049 8.49882e-05 8.31106e-06 5.39819e-07 2.2649e-08 6.0243e-10 1.00307e-11
 1.17217e-11 1.27228e-09 8.14272e-08 3.07295e-06 6.83881e-05 0.000897775 0.006959 0.0319594 0.0879713 0.150652 0.177779 0.17259 0.151586 0.111758 0.0649335 0.0294658 0.0102166 0.00261224 0.000479733 6.20563e-05 5.53743e-06 3.32913e-07 1.31623e-08 3.34631e-10 5.36867e-12
 1.20504e-11 1.30796e-09 8.37108e-08 3.15915e-06 7.03074e-05 0.000923 0.00715496 0.0328606 0.0904162 0.154409 0.18027 0.171203 0.147806 0.109239 0.0641149 0.0289475 0.00974376 0.00237445 0.000410984 4.96356e-05 4.09308e-06 2.25399e-07 8.12944e-09 1.88907e-10 2.78822e-12
 1.28063e-11 1.39001e-09 8.89621e-08 3.35735e-06 7.47194e-05 0.000980954 0.00760466 0.0349269 0.0960565 0.163519 0.188411 0.173075 0.142518 0.100659 0.0568219 0.0248703 0.00817055 0.0019417 0.000324448 3.72772e-05 2.88493e-06 1.47573e-07 4.90727e-09 1.04555e-10 1.40963e-12
 1.21127e-11 1.31473e-09 8.41449e-08 3.17563e-06 7.06805e-05 0.000928137 0.00720001 0.0331329 0.0916284 0.158263 0.188055 0.179622 0.150016 0.103492 0.0556529 0.022951 0.00710291 0.00159774 0.000253871 2.77784e-05 2.04191e-06 9.86083e-08 3.07223e-09 6.08798e-11 7.58697e-13
 1.27978e-11 1.38909e-09 8.89043e-08 3.35527e-06 7.46792e-05 0.000980648 0.00760689 0.0349912 0.0965874 0.165658 0.192865 0.17757 0.143658 0.0981133 0.0526439 0.0213448 0.00633962 0.00134278 0.000199018 2.02776e-05 1.3908e-06 6.28226e-08 1.83263e-09 3.39756e-11 3.95232e-13
 1.20853e-11 1.31176e-09 8.39561e-08 3.16864e-06 7.05332e-05 0.000926497 0.00719319 0.0331695 0.092164 0.160654 0.193072 0.184338 0.150405 0.0999059 0.0512317 0.0198581 0.00567237 0.00115556 0.000163301 1.56635e-05 1.00046e-06 4.18221e-08 1.12675e-09 1.93008e-11 2.07732e-13
 1.22275e-11 1.3272e-09 8.4945e-08 3.20603e-06 7.13689e-05 0.000937578 0.007281 0.0335897 0.0933842 0.162726 0.194714 0.184 0.148788 0.0986502 0.0503611 0.0191042 0.00523312 0.00100925 0.000134385 1.21303e-05 7.27687e-07 2.84538e-08 7.13247e-10 1.13103e-11 1.1227e-13
 1.08127e-11 1.17365e-09 7.51191e-08 2.83541e-06 6.31328e-05 0.000829895 0.00645563 0.029917 0.0841565 0.150787 0.190187 0.191395 0.160371 0.106336 0.0533286 0.0197701 0.00527751 0.000985479 0.000125703 1.07444e-05 6.04865e-07 2.20746e-08 5.14957e-10 7.58552e-12 6.98229e-14
 1.09098e-11 1.1842e-09 7.57955e-08 2.86101e-06 6.37065e-05 0.00083753 0.0065162 0.0302018 0.0849103 0.151642 0.189596 0.18888 0.158674 0.107154 0.0547477 0.0203448 0.00533577 0.000964851 0.000118158 9.63703e-06 5.1458e-07 1.76997e-08 3.86794e-10 5.31008e-12 4.53799e-14
 1.12535e-11 1.22151e-09 7.8185e-08 2.95134e-06 6.57247e-05 0.000864263 0.00672745 0.0312092 0.0878542 0.156929 0.194998 0.190412 0.154959 0.101312 0.0504733 0.0184492 0.00478114 0.000851852 0.00010185 8.01725e-06 4.08883e-07 1.33273e-08 2.74414e-10 3.53412e-12 2.82301e-14
#pred catch len freq
 8.78515e-12 9.53543e-10 6.10267e-08 2.30296e-06 5.12442e-05 0.000672377 0.00520337 0.0237762 0.0645101 0.106845 0.121611 0.128537 0.146186 0.138516 0.097376 0.0587587 0.0358593 0.0224132 0.0145061 0.00999793 0.00747311 0.00613187 0.00523725 0.00400688 0.00232957
 9.48212e-12 1.02919e-09 6.58683e-08 2.48567e-06 5.53097e-05 0.00072572 0.00561615 0.0256616 0.0696161 0.115224 0.130785 0.137301 0.154806 0.144421 0.0973153 0.053616 0.0288401 0.0154741 0.00827199 0.00459685 0.00276582 0.00187697 0.00141223 0.00102386 0.00059155
 1.26547e-11 1.37354e-09 8.79066e-08 3.31732e-06 7.38149e-05 0.000968502 0.00749404 0.0342202 0.0925325 0.150729 0.159973 0.141992 0.136802 0.119714 0.0776147 0.0401794 0.0197912 0.00953883 0.00439924 0.00200051 0.000932533 0.000477223 0.000283885 0.000180354 9.90072e-05
 1.28761e-11 1.39757e-09 8.94445e-08 3.37536e-06 7.51063e-05 0.000985448 0.0076252 0.03482 0.0941666 0.15349 0.163353 0.146035 0.141316 0.122217 0.0756377 0.0350085 0.0147718 0.00626035 0.00257488 0.00101712 0.00038742 0.000148052 6.23809e-05 3.03272e-05 1.45567e-05
 1.05494e-11 1.14504e-09 7.32825e-08 2.76546e-06 6.15354e-05 0.000807403 0.00624816 0.0285466 0.077403 0.127794 0.14358 0.147145 0.161792 0.146427 0.0912871 0.0418223 0.0169812 0.00659188 0.00235221 0.000789032 0.000254694 7.86301e-05 2.39407e-05 7.86977e-06 2.83451e-06
 1.21785e-11 1.32186e-09 8.45986e-08 3.19249e-06 7.10372e-05 0.000932062 0.00721224 0.0329374 0.0891183 0.145607 0.156579 0.144047 0.143958 0.127308 0.0816882 0.0407008 0.0184292 0.00758801 0.00267889 0.000831038 0.000232667 5.94021e-05 1.41358e-05 3.25466e-06 7.73639e-07
 1.29811e-11 1.40898e-09 9.01744e-08 3.4029e-06 7.57192e-05 0.000993489 0.00768742 0.0351041 0.0949342 0.154736 0.164654 0.147116 0.14216 0.122467 0.0748708 0.0335544 0.0134054 0.00533123 0.0019979 0.000665122 0.000188152 4.45932e-05 9.03197e-06 1.61032e-06 2.63783e-07
 1.41244e-11 1.53307e-09 9.81163e-08 3.70261e-06 8.23879e-05 0.00108098 0.0083641 0.0381872 0.103177 0.167406 0.17458 0.147159 0.133068 0.111482 0.0675655 0.0299565 0.0115737 0.00426519 0.00143707 0.000445513 0.000127102 3.14469e-05 6.37751e-06 1.03854e-06 1.37754e-07
 1.37013e-11 1.48714e-09 9.51769e-08 3.59168e-06 7.99197e-05 0.0010486 0.00811369 0.0370471 0.10014 0.162829 0.171437 0.148607 0.13869 0.117136 0.0698648 0.0294297 0.0104285 0.00356635 0.0011392 0.000329403 8.57677e-05 1.97843e-05 3.94771e-06 6.49202e-07 8.36545e-08
 1.41762e-11 1.53869e-09 9.84759e-08 3.71618e-06 8.26898e-05 0.00108494 0.00839477 0.0383275 0.103561 0.168066 0.175436 0.148283 0.134386 0.112202 0.0669273 0.0283775 0.0101072 0.00338803 0.00101967 0.000271433 6.52621e-05 1.39026e-05 2.55168e-06 3.93591e-07 4.925e-08
 1.32861e-11 1.44208e-09 9.22929e-08 3.48285e-06 7.7498e-05 0.00101683 0.00786798 0.0359278 0.097151 0.158261 0.167991 0.149033 0.142693 0.121694 0.0725747 0.0303344 0.0105295 0.00346161 0.00103455 0.000271291 6.23245e-05 1.23113e-05 2.06968e-06 2.92444e-07 3.37817e-08
 1.30389e-11 1.41525e-09 9.0576e-08 3.41806e-06 7.60564e-05 0.000997913 0.00772165 0.0352604 0.0953575 0.155429 0.165405 0.147814 0.142827 0.122902 0.0747816 0.0329153 0.0124245 0.00434072 0.00131119 0.000338721 7.6489e-05 1.47873e-05 2.38136e-06 3.13677e-07 3.32389e-08
 1.33939e-11 1.45378e-09 9.30417e-08 3.51111e-06 7.81268e-05 0.00102508 0.00793177 0.0362182 0.0979237 0.15942 0.168756 0.148566 0.141103 0.120122 0.071967 0.0305546 0.0109585 0.00376659 0.00118534 0.000326469 7.66911e-05 1.48826e-05 2.35962e-06 3.02562e-07 3.06744e-08
 1.30413e-11 1.41551e-09 9.05922e-08 3.41867e-06 7.607e-05 0.000998093 0.00772305 0.035267 0.0953777 0.155482 0.165554 0.148167 0.143341 0.123215 0.0745733 0.0323704 0.0119785 0.00415428 0.00127579 0.000342567 8.14019e-05 1.65106e-05 2.72978e-06 3.55725e-07 3.57495e-08
 1.20918e-11 1.31245e-09 8.39964e-08 3.16977e-06 7.05317e-05 0.000925432 0.00716106 0.0327065 0.0885331 0.144968 0.157355 0.148258 0.151115 0.132597 0.0808447 0.0354079 0.0133179 0.00472304 0.00148844 0.000407017 9.63343e-05 1.92655e-05 3.19662e-06 4.28476e-07 4.45436e-08
 1.2283e-11 1.33321e-09 8.5325e-08 3.2199e-06 7.16473e-05 0.000940069 0.00727429 0.0332228 0.0899196 0.147149 0.159306 0.149065 0.150806 0.131533 0.0792124 0.0336161 0.0120159 0.00410864 0.00128893 0.000358206 8.67899e-05 1.76801e-05 2.94761e-06 3.93692e-07 4.10975e-08
 1.27291e-11 1.38162e-09 8.84237e-08 3.33684e-06 7.42492e-05 0.000974204 0.0075383 0.0344256 0.0931338 0.152077 0.163104 0.148874 0.146932 0.126998 0.0763765 0.0324415 0.0115706 0.00389235 0.0011781 0.000314137 7.448e-05 1.52373e-05 2.58604e-06 3.51333e-07 3.69933e-08
 1.27881e-11 1.38802e-09 8.88333e-08 3.3523e-06 7.45931e-05 0.000978717 0.0075732 0.0345845 0.0935572 0.152717 0.163551 0.148697 0.146188 0.12624 0.0760548 0.0324914 0.0117063 0.00397191 0.00120388 0.000317543 7.32578e-05 1.44646e-05 2.39381e-06 3.23781e-07 3.44573e-08
 1.32232e-11 1.43526e-09 9.18562e-08 3.46637e-06 7.71314e-05 0.00101202 0.00783075 0.0357578 0.096692 0.157517 0.167224 0.148421 0.142263 0.121682 0.0732377 0.0313928 0.0113911 0.00389815 0.00119244 0.000317395 7.34872e-05 1.43916e-05 2.32924e-06 3.05857e-07 3.17933e-08
 1.33527e-11 1.44931e-09 9.27554e-08 3.5003e-06 7.78864e-05 0.00102192 0.0079074 0.0361076 0.0976348 0.159029 0.168715 0.149437 0.142771 0.121441 0.071941 0.0295263 0.00992453 0.00318383 0.000951456 0.000253496 5.91865e-05 1.1689e-05 1.89822e-06 2.47562e-07 2.52677e-08
 1.40717e-11 1.52735e-09 9.77502e-08 3.68879e-06 8.20804e-05 0.00107695 0.00833295 0.0380461 0.102812 0.166942 0.174693 0.148735 0.135921 0.11371 0.0674902 0.0281456 0.00970262 0.00312393 0.000896545 0.000223916 4.98286e-05 9.68057e-06 1.57534e-06 2.06765e-07 2.11562e-08
 1.42376e-11 1.54536e-09 9.89026e-08 3.73228e-06 8.30481e-05 0.00108964 0.00843117 0.0384942 0.104017 0.168853 0.176476 0.149681 0.136025 0.113024 0.0659467 0.0262278 0.00827488 0.00246397 0.00069036 0.000172298 3.75492e-05 6.95114e-06 1.07658e-06 1.37407e-07 1.39617e-08
 1.45351e-11 1.57765e-09 1.00969e-07 3.81026e-06 8.47833e-05 0.00111241 0.00860723 0.039296 0.106157 0.172108 0.178858 0.149139 0.132813 0.10959 0.0642461 0.0260394 0.00849205 0.00256317 0.000690601 0.000160202 3.29329e-05 5.93335e-06 8.98261e-07 1.10428e-07 1.07501e-08
 1.46471e-11 1.5898e-09 1.01747e-07 3.83962e-06 8.54365e-05 0.00112098 0.00867354 0.0395987 0.106973 0.173424 0.180188 0.150128 0.133414 0.109471 0.0630359 0.0242348 0.00709292 0.00191755 0.000495491 0.000114967 2.32741e-05 3.98834e-06 5.6885e-07 6.69069e-08 6.30585e-09
 1.49735e-11 1.62523e-09 1.04014e-07 3.92518e-06 8.73403e-05 0.00114595 0.0088667 0.0404785 0.109321 0.177 0.182824 0.149595 0.12998 0.105755 0.0611278 0.0239279 0.00725666 0.0020035 0.00049724 0.000105262 1.9594e-05 3.225e-06 4.49492e-07 5.09125e-08 4.55965e-09
 1.4795e-11 1.60585e-09 1.02774e-07 3.87839e-06 8.62992e-05 0.0011323 0.00876108 0.0399975 0.108039 0.17506 0.181456 0.150089 0.132168 0.107994 0.0620899 0.0238149 0.00691446 0.00182648 0.000449193 9.63304e-05 1.77552e-05 2.75977e-06 3.55469e-07 3.78311e-08 3.25378e-09
 1.48676e-11 1.61374e-09 1.03279e-07 3.89743e-06 8.6723e-05 0.00113786 0.00880409 0.0401936 0.108566 0.175886 0.182185 0.150363 0.132 0.107561 0.0614918 0.0231881 0.00646083 0.00160662 0.000373446 7.62578e-05 1.35964e-05 2.0909e-06 2.66471e-07 2.73051e-08 2.20502e-09
 1.5105e-11 1.63951e-09 1.04928e-07 3.95967e-06 8.81077e-05 0.00115602 0.0089446 0.0408339 0.110279 0.17853 0.184307 0.150536 0.130353 0.105403 0.0598212 0.0221361 0.00588392 0.00136074 0.000295794 5.68265e-05 9.50489e-06 1.37925e-06 1.68327e-07 1.68019e-08 1.33056e-09
#obs catch len freq
 9.75441e-12 1.05875e-09 6.77599e-08 2.55705e-06 5.68981e-05 0.00074656 0.00577733 0.0263946 0.071543 0.117817 0.130575 0.129055 0.139529 0.135536 0.105209 0.0696938 0.0398845 0.0186295 0.00694505 0.00204993 0.000466001 7.87218e-05 9.55068e-06 8.05826e-07 4.59393e-08
 1.00497e-11 1.0908e-09 6.98112e-08 2.63446e-06 5.86207e-05 0.000769165 0.00595234 0.0271957 0.0737249 0.121428 0.134359 0.131485 0.139684 0.133677 0.102446 0.0667321 0.0373063 0.0169288 0.00609103 0.00172125 0.000371591 5.91628e-05 6.71917e-06 5.27704e-07 2.7877e-08
 7.13257e-12 7.74174e-10 4.95471e-08 1.86976e-06 4.16055e-05 0.000545941 0.00422611 0.0193353 0.0527555 0.0894275 0.109836 0.131817 0.161558 0.160242 0.122265 0.0781601 0.0425144 0.0186611 0.00645461 0.0017414 0.000356497 5.3468e-05 5.68473e-06 4.15733e-07 2.0362e-08
 1.75407e-11 1.90388e-09 1.21848e-07 4.59817e-06 0.000102315 0.00134242 0.0103861 0.0473968 0.127738 0.20452 0.199973 0.133989 0.0842769 0.0644968 0.052244 0.0377906 0.0218746 0.00961693 0.00322881 0.000832676 0.000161475 2.27859e-05 2.26644e-06 1.54331e-07 7.01087e-09
 7.50596e-12 8.14702e-10 5.21409e-08 1.96765e-06 4.37844e-05 0.000574571 0.00444903 0.0203809 0.0559046 0.09672 0.125735 0.160783 0.193553 0.170045 0.100297 0.0438899 0.0175373 0.00693591 0.00238425 0.000627512 0.000119503 1.60838e-05 1.50202e-06 9.52651e-08 4.01284e-09
 1.32516e-11 1.43834e-09 9.20535e-08 3.47382e-06 7.72974e-05 0.00101421 0.00784787 0.0358362 0.0968538 0.15702 0.161783 0.129111 0.110473 0.104337 0.0897971 0.0617878 0.0305592 0.0103769 0.00253547 0.000494956 8.06807e-05 1.02251e-05 9.19015e-07 5.55149e-08 2.19552e-09
 1.12161e-11 1.2174e-09 7.79134e-08 2.94023e-06 6.54251e-05 0.000858489 0.0066449 0.0303825 0.0825858 0.137181 0.154559 0.151451 0.15029 0.126638 0.0814044 0.043918 0.0216371 0.00895884 0.00274671 0.000582352 8.43436e-05 8.54725e-06 6.23172e-07 3.25439e-08 1.17138e-09
 1.59039e-11 1.72622e-09 1.10478e-07 4.16911e-06 9.27686e-05 0.00121721 0.00941872 0.0430085 0.116208 0.188023 0.191395 0.14466 0.108061 0.0840378 0.0580503 0.0333744 0.0152703 0.00535836 0.00145781 0.000308532 4.82007e-05 5.19299e-06 3.70359e-07 1.72708e-08 5.27793e-10
 1.29457e-11 1.40513e-09 8.99284e-08 3.39364e-06 7.55145e-05 0.000990884 0.00766969 0.0350654 0.0952445 0.157454 0.173315 0.15874 0.144065 0.112624 0.066293 0.0307989 0.0122534 0.00409366 0.00107108 0.000209389 2.98035e-05 3.01997e-06 2.11425e-07 9.87083e-09 2.97947e-10
 1.38226e-11 1.50032e-09 9.60201e-08 3.62352e-06 8.06296e-05 0.00105799 0.00818848 0.0374239 0.101479 0.166487 0.177961 0.151845 0.129482 0.10344 0.0675329 0.035248 0.0143089 0.00431465 0.000962015 0.000162286 2.06485e-05 1.90695e-06 1.22376e-07 5.28242e-09 1.49758e-10
 1.39105e-11 1.50986e-09 9.66307e-08 3.64657e-06 8.11428e-05 0.00106474 0.00824138 0.0376759 0.102258 0.168276 0.181305 0.156259 0.132043 0.101448 0.0625531 0.0311711 0.012612 0.00393666 0.000903548 0.000148564 1.72221e-05 1.39354e-06 7.80254e-08 2.97851e-09 7.58313e-11
 1.25918e-11 1.36672e-09 8.74704e-08 3.3009e-06 7.3452e-05 0.000963879 0.00746225 0.0341417 0.0929511 0.154677 0.172577 0.159636 0.143611 0.112643 0.069307 0.0338617 0.0131609 0.00391107 0.00086281 0.000138841 1.58741e-05 1.24903e-06 6.59029e-08 2.29237e-09 5.19815e-11
 1.39703e-11 1.51635e-09 9.70465e-08 3.66227e-06 8.14929e-05 0.00106937 0.00827806 0.0378556 0.102836 0.169543 0.182918 0.156418 0.129829 0.0996168 0.0628362 0.0317287 0.012452 0.00363237 0.000770369 0.000117718 1.27453e-05 9.53779e-07 4.81015e-08 1.59848e-09 3.43416e-11
 1.33951e-11 1.45391e-09 9.30504e-08 3.51148e-06 7.81388e-05 0.00102541 0.00793939 0.0363333 0.0989546 0.164562 0.181989 0.162616 0.138187 0.103137 0.0611881 0.0290237 0.0109929 0.00318115 0.000674472 0.000101812 1.06742e-05 7.60397e-07 3.61401e-08 1.12766e-09 2.27499e-11
 1.12766e-11 1.22397e-09 7.83346e-08 2.95617e-06 6.57843e-05 0.000863397 0.0066881 0.0306593 0.0840132 0.142644 0.16738 0.166491 0.155163 0.121047 0.0733141 0.0347052 0.0126949 0.00346629 0.000691526 9.93421e-05 1.00307e-05 6.90587e-07 3.15557e-08 9.37619e-10 1.78429e-11
 9.22533e-12 1.00133e-09 6.40854e-08 2.41847e-06 5.38212e-05 0.000706506 0.00547608 0.0251562 0.0694345 0.120665 0.150383 0.164525 0.166431 0.138756 0.0902262 0.0453822 0.0171012 0.00466083 0.000904116 0.000123617 1.1726e-05 7.56066e-07 3.24612e-08 9.10335e-10 1.63875e-11
 1.22235e-11 1.32675e-09 8.49126e-08 3.20442e-06 7.13084e-05 0.000935882 0.00724867 0.0332066 0.0907018 0.151939 0.1705 0.155667 0.137628 0.112621 0.0767304 0.040905 0.0161979 0.00459285 0.000913586 0.00012528 1.16237e-05 7.17293e-07 2.90187e-08 7.59863e-10 1.27245e-11
 1.18334e-11 1.28441e-09 8.22027e-08 3.10219e-06 6.90368e-05 0.000906209 0.0070225 0.032226 0.0885169 0.1508 0.176256 0.169602 0.149003 0.110874 0.0661486 0.0319544 0.0122551 0.00352807 0.000723618 0.000101807 9.5597e-06 5.87262e-07 2.32499e-08 5.86208e-10 9.32146e-12
 1.25712e-11 1.36449e-09 8.73281e-08 3.29562e-06 7.33415e-05 0.000962714 0.00746002 0.0342235 0.093863 0.158917 0.182058 0.168518 0.143336 0.105885 0.0626447 0.028823 0.0100622 0.00260584 0.000492271 6.61141e-05 6.08554e-06 3.70507e-07 1.45272e-08 3.60238e-10 5.58104e-12
 1.18609e-11 1.2874e-09 8.23948e-08 3.1095e-06 6.92034e-05 0.000908551 0.00704414 0.0323697 0.089227 0.153205 0.181161 0.174879 0.151077 0.109095 0.0619111 0.0272679 0.00910995 0.00223052 0.000389971 4.77427e-05 4.00978e-06 2.25822e-07 8.33207e-09 1.97136e-10 2.9376e-12
 1.22224e-11 1.32663e-09 8.4906e-08 3.20429e-06 7.13141e-05 0.000936293 0.00725962 0.0333601 0.0919066 0.157294 0.183838 0.173419 0.147128 0.106358 0.0608361 0.0265979 0.00861276 0.00200745 0.000330397 3.77228e-05 2.92559e-06 1.50864e-07 5.0768e-09 1.09741e-10 1.50315e-12
 1.30044e-11 1.41152e-09 9.0339e-08 3.40935e-06 7.5879e-05 0.000996262 0.00772502 0.0354984 0.0977377 0.166665 0.192049 0.174976 0.141362 0.0975247 0.0536066 0.0227019 0.00716523 0.00162579 0.000257891 2.79777e-05 2.03478e-06 9.74176e-08 3.02154e-09 5.98776e-11 7.49125e-13
 1.23317e-11 1.33851e-09 8.56669e-08 3.23312e-06 7.19631e-05 0.000945085 0.00733351 0.0337688 0.0935051 0.161768 0.192023 0.181477 0.148403 0.0998781 0.0522491 0.0208333 0.00618992 0.00132824 0.000200128 2.06505e-05 1.42483e-06 6.43437e-08 1.86885e-09 3.44366e-11 3.98221e-13
 1.30387e-11 1.41525e-09 9.05787e-08 3.41852e-06 7.60902e-05 0.000999284 0.00775345 0.0356858 0.0986106 0.169336 0.196846 0.179272 0.141904 0.0943866 0.0491508 0.0192259 0.00547425 0.00110516 0.000155228 1.49049e-05 9.5878e-07 4.04609e-08 1.09937e-09 1.89387e-11 2.0433e-13
 1.2343e-11 1.33974e-09 8.57475e-08 3.23633e-06 7.2044e-05 0.000946476 0.00735073 0.0339195 0.0943613 0.164656 0.197328 0.185928 0.148191 0.0958084 0.047667 0.017814 0.00487188 0.000944453 0.000126311 1.14081e-05 6.83082e-07 2.66683e-08 6.68931e-10 1.06415e-11 1.06158e-13
 1.24991e-11 1.35669e-09 8.6833e-08 3.27737e-06 7.29616e-05 0.000958648 0.00744715 0.0343798 0.0956892 0.166879 0.199055 0.185566 0.146483 0.0943879 0.0466523 0.0170327 0.00446247 0.000818398 0.000103048 8.75022e-06 4.91632e-07 1.79416e-08 4.18567e-10 6.16319e-12 5.66994e-14
 1.10936e-11 1.20415e-09 7.70728e-08 2.90927e-06 6.47834e-05 0.000851778 0.00662898 0.0307484 0.0866129 0.155281 0.194936 0.193093 0.157797 0.10167 0.0493427 0.0175875 0.00448395 0.000795029 9.57841e-05 7.69596e-06 4.05571e-07 1.38078e-08 2.99639e-10 4.0966e-12 3.49354e-14
 1.12048e-11 1.21622e-09 7.78467e-08 2.93857e-06 6.54401e-05 0.000860515 0.00669818 0.0310726 0.0874687 0.156279 0.194476 0.190725 0.156186 0.102319 0.0504748 0.0180001 0.0045032 0.000772435 8.92563e-05 6.83616e-06 3.41415e-07 1.09488e-08 2.22499e-10 2.83451e-12 2.24394e-14
#spawning biomass
 19013.9 16012.3 16141.2 22755.2 27057.9 28563.1 31873.2 43567 58499 77387 100481 126365 140175 175640 188508 151507 133164 131841 134566 129584 140722 149178 172600 171267 191983 198080 178086 146806 131111 104014 26843.6 13041.1 10968.6 10688.7 10653.5 10649.2 10648.7 10648.7 10648.7 10648.7 10648.7 10648.7 10648.7 10648.7 10648.7 10648.7 10648.7 10648.7 10648.7 10648.7 10648.7 10648.7 10648.7 10648.7 10648.7 10648.7 10648.7 10648.7 10648.7 10648.7 10648.7 10648.7 10648.7 10648.7 10648.7 10648.7 10648.7 10648.7 10648.7 10648.7 10648.7 10648.7 10648.7 10648.7 10648.7 10648.7 10648.7 10648.7 10648.7 10648.7 10648.7 10648.7 10648.7 10648.7 10648.7 10648.7 10648.7 10648.7 10648.7 10648.7 10648.7 10648.7 10648.7 10648.7 10648.7 10648.7 10648.7 10648.7 10648.7 10648.7 10648.7 10648.7 10648.7 10648.7 10648.7 10648.7 10648.7 10648.7 10648.7 10648.7 10648.7 10648.7 10648.7 10648.7 10648.7 10648.7 10648.7 10648.7 10648.7 10648.7 10648.7 10648.7 10648.7 10648.7 10648.7 10648.7 10648.7 10648.7 0 0 0 0 0 0 0 0 0 0 0 0 0 0 0 0 0 0 0 0 0 0 0 0 0
