SBPRF35
0.347682
Curr Bio
216528
B35
540670
F35
0.38648
FOFL
0.0827139
OFL
5923.92
Bzero
99337.7
#pred survey bio
 10593.2 7819.09 5678.96 6957.26 10786.6 15031.2 22097.6 34825.9 51464.7 73751.1 94690.7 126277 183355 210410 201101 185804 182046 194119 197169 167556 171502 191837 241101 252755 261856 288993 285299 305308 258772 6.28289e+06 5.69204e+06 5.01181e+06 3.85212e+06 2.8259e+06 2.08458e+06 1.60099e+06 1.30243e+06 1.12301e+06 1.016e+06 951749 912531 888043 872365 862055 854935 850177 846942 844712 843161 842074 841309 840769 840386 840114 839921 839784 839687 839617 839568 839533 839507 839490 839477 839468 839461 839457 839454 839451 839450 839448 839448 839447 839447 839446 839446 839446 839446 839446 839446 839446 839446 839446 839446 839446 839445 839445 839445 839445 839445 839445 839445 839445 839445 839445 839445 839445 839445 839445 839445 839445 839445 839445 839445 839445 839445 839445 839445 839445 839445 839445 839445 839445 839445 839445 839445 839445 839445 839445 839445 839445 839445 839445 839445 839445 839445 839445 839445 839445 839445 0 0 0 0 0 0 0 0 0 0 0 0 0 0 0 0 0 0 0 0 0 0 0 0 0
#obs survey bio
 9489.84 5994.58 4299.79 7806.81 10797.4 14803.4 24754.2 29879 43359.8 72441.4 100311 108823 173268 170690 170162 129100 148696 104815 166717 131817 160306 219131 227962 224316 222267 311477 268484 321106 169774
#pred catch bio
 5962.57 4711.68 3239.3 3501.81 6089.4 8459.6 12178.2 20438 30135.2 46970.7 59315.3 75672.4 119027 144835 144297 132223 125978 135817 150050 127292 127164 133549 177717 187530 189715 225204 214748 231737 235345 5923.92 71548.1 62052.7 45761.2 31954.3 22387.7 16450 13011.1 11110.3 10093.8 9563.08 9290.82 9153.01 9083.96 9049.59 9032.4 9024.08 9020.06 9018.11 9017.17 9016.71 9016.49 9016.38 9016.33 9016.31 9016.29 9016.29 9016.28 9016.28 9016.28 9016.28 9016.28 9016.28 9016.28 9016.28 9016.28 9016.28 9016.28 9016.28 9016.28 9016.28 9016.28 9016.28 9016.28 9016.28 9016.28 9016.28 9016.28 9016.28 9016.28 9016.28 9016.28 9016.28 9016.28 9016.28 9016.28 9016.28 9016.28 9016.28 9016.28 9016.28 9016.28 9016.28 9016.28 9016.28 9016.28 9016.28 9016.28 9016.28 9016.28 9016.28 9016.28 9016.28 9016.28 9016.28 9016.28 9016.28 9016.28 9016.28 9016.28 9016.28 9016.28 9016.28 9016.28 9016.28 9016.28 9016.28 9016.28 9016.28 9016.28 9016.28 9016.28 9016.28 9016.28 9016.28 9016.28 9016.28 9016.28 9016.28 9016.28 0 0 0 0 0 0 0 0 0 0 0 0 0 0 0 0 0 0 0 0 0 0 0 0 0
#obs catch bio
 5246.22 5022.18 3333.53 3303.82 5705.29 7750.09 11178.1 20057 28471.1 43222.1 54575.6 70849.3 109128 135879 144994 128532 122057 137200 158520 131093 139274 131587 174303 170384 167025 221055 217543 203924 247162
#pred cpue bio
 8363.76 6445.45 4406.24 4512.88 7135.32 9782.6 14135.8 21972.2 32257.9 46955.2 59369.7 79164.9 114421 136804 132857 118566 115355 122441 125638 103736 99671 112238 143736 151912 156689 173435 163583 178865 163828 3.02193e+06 5.49693e+06 4.92773e+06 3.76898e+06 2.74275e+06 2.00143e+06 1.51784e+06 1.21928e+06 1.03986e+06 932851 868604 829386 804898 789220 778909 771790 767032 763796 761567 760016 758929 758164 757624 757241 756969 756776 756639 756541 756472 756422 756387 756362 756344 756332 756323 756316 756312 756308 756306 756304 756303 756302 756302 756301 756301 756301 756301 756300 756300 756300 756300 756300 756300 756300 756300 756300 756300 756300 756300 756300 756300 756300 756300 756300 756300 756300 756300 756300 756300 756300 756300 756300 756300 756300 756300 756300 756300 756300 756300 756300 756300 756300 756300 756300 756300 756300 756300 756300 756300 756300 756300 756300 756300 756300 756300 756300 756300 756300 756300 756300 0 0 0 0 0 0 0 0 0 0 0 0 0 0 0 0 0 0 0 0 0 0 0 0 0
#obs cpue bio
 8001.34 5111.75 7139.3 5036.14 9992.28 13985.4 17576.5 23762.9 51217.1 71525.1 78123.1 105912 199587 179865 164988 183411 165058 194436 128483 120977 67347.8 115904 169340 275318 295077 164240 161272 309668 196606
#pred surv len freq
 1.50333e-11 1.63244e-09 1.0451e-07 3.94474e-06 8.77844e-05 0.00115176 0.00891016 0.0406574 0.109629 0.176308 0.176838 0.131641 0.101075 0.0819886 0.0575047 0.0368939 0.0240679 0.0157915 0.0105919 0.00747821 0.00567912 0.00471292 0.00405675 0.00311716 0.00181553
 1.19818e-11 1.30108e-09 8.32963e-08 3.14402e-06 6.99659e-05 0.000918 0.00710254 0.032428 0.0876975 0.143122 0.153367 0.139914 0.138772 0.122803 0.0799677 0.0420143 0.0218907 0.0120076 0.00679461 0.00399507 0.0025066 0.00174765 0.00133565 0.00097606 0.000565868
 1.43986e-11 1.56352e-09 1.00098e-07 3.7782e-06 8.40784e-05 0.00110314 0.00853426 0.0389473 0.105088 0.169573 0.172764 0.135705 0.113224 0.0961338 0.0682167 0.0426334 0.0246595 0.0123835 0.00559624 0.00255972 0.00125653 0.00068342 0.00042389 0.000274746 0.000152002
 1.85437e-11 2.01362e-09 1.28914e-07 4.86585e-06 0.000108282 0.00142069 0.0109901 0.0501375 0.135041 0.215956 0.21085 0.141683 0.0890969 0.0618928 0.0386406 0.0211087 0.0115335 0.00623517 0.00308164 0.00133389 0.000519921 0.000204658 9.17053e-05 4.69972e-05 2.3106e-05
 1.77394e-11 1.92629e-09 1.23323e-07 4.65481e-06 0.000103586 0.00135908 0.0105138 0.0479696 0.129275 0.207332 0.205245 0.145459 0.101435 0.0741247 0.0435134 0.0195228 0.00804399 0.00347578 0.00154506 0.000673744 0.00026749 9.28382e-05 3.00937e-05 1.05271e-05 4.00579e-06
 1.80278e-11 1.9576e-09 1.25328e-07 4.73049e-06 0.00010527 0.00138118 0.0106846 0.0487479 0.131355 0.210522 0.20772 0.145402 0.0990883 0.071496 0.0421263 0.0191333 0.00774198 0.00295319 0.00102466 0.000343446 0.000117344 3.86898e-05 1.13972e-05 3.0132e-06 7.84196e-07
 1.8335e-11 1.99096e-09 1.27463e-07 4.8111e-06 0.000107064 0.00140471 0.0108666 0.049577 0.133572 0.213939 0.210447 0.145582 0.0968972 0.0686777 0.0400131 0.0178743 0.0070883 0.00267333 0.000904167 0.00027176 7.4139e-05 1.89925e-05 4.68884e-06 1.07121e-06 2.17155e-07
 1.85777e-11 2.01731e-09 1.2915e-07 4.87477e-06 0.000108481 0.0014233 0.0110104 0.0502319 0.135323 0.216633 0.212577 0.145657 0.095065 0.066393 0.0383899 0.0169772 0.0066231 0.00245146 0.000812866 0.000238813 6.2158e-05 1.40549e-05 2.78074e-06 4.95985e-07 8.03726e-08
 1.8642e-11 2.0243e-09 1.29598e-07 4.89166e-06 0.000108857 0.00142823 0.0110486 0.050406 0.135792 0.217388 0.213333 0.146204 0.095384 0.0663302 0.0377585 0.0160204 0.00584368 0.00204494 0.000655966 0.000187911 4.76954e-05 1.04213e-05 1.91914e-06 2.94763e-07 3.79846e-08
 1.8344e-11 1.99194e-09 1.27526e-07 4.81347e-06 0.000107117 0.0014054 0.010872 0.0496019 0.133645 0.214099 0.21081 0.146367 0.0980331 0.0694403 0.0397384 0.0168495 0.00609378 0.00207768 0.000633933 0.000170524 4.10856e-05 8.65479e-06 1.54137e-06 2.25261e-07 2.63662e-08
 1.85987e-11 2.01959e-09 1.29296e-07 4.88028e-06 0.000108604 0.00142491 0.0110229 0.0502892 0.135483 0.216936 0.213093 0.146579 0.0963105 0.0671627 0.0379482 0.0156943 0.00544231 0.00178792 0.000533004 0.000139548 3.21468e-05 6.38423e-06 1.07378e-06 1.49775e-07 1.67583e-08
 1.85927e-11 2.01895e-09 1.29255e-07 4.87873e-06 0.000108569 0.00142446 0.0110194 0.0502733 0.135441 0.216876 0.213067 0.146648 0.0964672 0.067303 0.0379818 0.0156371 0.0053625 0.00172667 0.000498757 0.000125464 2.78513e-05 5.34076e-06 8.59185e-07 1.13372e-07 1.19824e-08
 1.87012e-11 2.03072e-09 1.30009e-07 4.90718e-06 0.000109202 0.00143276 0.0110836 0.0505657 0.13622 0.218053 0.21389 0.146328 0.0951087 0.0659199 0.0373963 0.0157241 0.0055965 0.00185679 0.000540205 0.000134296 2.90242e-05 5.36271e-06 8.2832e-07 1.04858e-07 1.05816e-08
 1.78646e-11 1.93988e-09 1.24193e-07 4.68766e-06 0.000104317 0.00136867 0.010588 0.0483087 0.130195 0.208859 0.206998 0.147312 0.103328 0.0751026 0.0425713 0.0171693 0.00565257 0.0017638 0.000508607 0.000129059 2.83605e-05 5.2254e-06 7.8988e-07 9.66165e-08 9.36234e-09
 1.75408e-11 1.90472e-09 1.21942e-07 4.60269e-06 0.000102426 0.00134387 0.0103961 0.0474349 0.127861 0.205276 0.204216 0.147379 0.106037 0.078366 0.0447611 0.0182171 0.00606032 0.00187395 0.00051621 0.000122679 2.58205e-05 4.73314e-06 7.22755e-07 8.85003e-08 8.43981e-09
 1.82247e-11 1.97899e-09 1.26697e-07 4.78217e-06 0.00010642 0.00139626 0.0108014 0.0492806 0.132792 0.212841 0.210076 0.147194 0.100257 0.0714697 0.0402385 0.0161404 0.00524641 0.00159135 0.000435834 0.000102857 2.10219e-05 3.6605e-06 5.3313e-07 6.3864e-08 6.07693e-09
 1.83297e-11 1.99039e-09 1.27427e-07 4.80972e-06 0.000107033 0.00140431 0.0108636 0.0495641 0.133552 0.214023 0.211077 0.147444 0.0997946 0.0706946 0.0394311 0.0154347 0.00477332 0.00136928 0.00036067 8.28389e-05 1.66251e-05 2.85334e-06 4.05279e-07 4.66099e-08 4.24974e-09
 1.84288e-11 2.00114e-09 1.28115e-07 4.8357e-06 0.000107611 0.00141189 0.0109222 0.0498312 0.134264 0.215105 0.211862 0.147243 0.098695 0.0695307 0.038871 0.015397 0.00487065 0.00141777 0.000367509 8.07769e-05 1.54123e-05 2.54402e-06 3.51897e-07 3.96249e-08 3.52248e-09
 1.82237e-11 1.97888e-09 1.2669e-07 4.7819e-06 0.000106414 0.00139619 0.0108008 0.049278 0.132788 0.212852 0.210175 0.147491 0.10072 0.0717859 0.0401318 0.0157377 0.00487682 0.00139537 0.000362148 8.05088e-05 1.53478e-05 2.4661e-06 3.26324e-07 3.51743e-08 3.02338e-09
 1.87124e-11 2.03194e-09 1.30087e-07 4.91012e-06 0.000109268 0.00143362 0.0110903 0.0505969 0.136314 0.218281 0.214481 0.147687 0.0970898 0.0671896 0.0367602 0.0137911 0.00388442 0.000988577 0.000237418 5.06553e-05 9.47417e-06 1.51785e-06 2.00406e-07 2.12233e-08 1.76202e-09
 1.97515e-11 2.14477e-09 1.3731e-07 5.18278e-06 0.000115335 0.00151322 0.0117059 0.0534007 0.143803 0.229751 0.22328 0.147124 0.0878823 0.0564386 0.0300295 0.0110491 0.00299465 0.00071404 0.000157846 3.03353e-05 5.08872e-06 7.54853e-07 9.58077e-08 9.98662e-09 8.22335e-10
 1.96304e-11 2.13163e-09 1.36469e-07 5.15101e-06 0.000114628 0.00150395 0.0116341 0.0530742 0.142932 0.228429 0.222323 0.147377 0.0892413 0.0578796 0.0307308 0.0111015 0.00286388 0.000631325 0.000129955 2.34394e-05 3.63027e-06 4.86806e-07 5.53994e-08 5.26027e-09 4.07872e-10
 1.93555e-11 2.10177e-09 1.34557e-07 5.07887e-06 0.000113023 0.00148289 0.0114713 0.0523321 0.140948 0.225376 0.219909 0.14729 0.0913204 0.0604974 0.0326351 0.0121794 0.00339187 0.00083009 0.000180516 3.1964e-05 4.64477e-06 5.76644e-07 6.04212e-08 5.21063e-09 3.63514e-10
 1.92066e-11 2.0856e-09 1.33522e-07 5.0398e-06 0.000112153 0.00147148 0.011383 0.0519305 0.139877 0.223746 0.218713 0.147549 0.0929089 0.0622097 0.0335085 0.0123088 0.00329934 0.000773146 0.000168068 3.14372e-05 4.92224e-06 6.34256e-07 6.49741e-08 5.2551e-09 3.3736e-10
 1.92812e-11 2.09371e-09 1.34041e-07 5.05938e-06 0.000112589 0.0014772 0.0114273 0.0521319 0.140414 0.224568 0.219335 0.147482 0.092208 0.0614132 0.0330408 0.0121526 0.00326734 0.00076518 0.00016385 2.97236e-05 4.54006e-06 5.92072e-07 6.36337e-08 5.40011e-09 3.50582e-10
 1.92408e-11 2.08932e-09 1.3376e-07 5.04879e-06 0.000112353 0.0014741 0.0114033 0.0520228 0.140123 0.224116 0.218964 0.147423 0.0924431 0.0617515 0.0333412 0.012377 0.00340273 0.000822522 0.000180154 3.29817e-05 5.0218e-06 6.43911e-07 6.77463e-08 5.71959e-09 3.79736e-10
 1.99341e-11 2.1646e-09 1.3858e-07 5.2307e-06 0.000116401 0.00152721 0.011814 0.0538935 0.145121 0.231782 0.224899 0.147223 0.0865644 0.0547438 0.0287526 0.0102803 0.00259259 0.000551747 0.000110913 1.99289e-05 3.07579e-06 4.00509e-07 4.23334e-08 3.54651e-09 2.32023e-10
 1.95995e-11 2.12828e-09 1.36254e-07 5.14291e-06 0.000114448 0.00150158 0.0116159 0.0529909 0.14271 0.228096 0.222099 0.147497 0.0896713 0.0583031 0.0308881 0.0110394 0.00276209 0.000574519 0.00010997 1.81479e-05 2.51933e-06 3.03921e-07 3.13435e-08 2.63815e-09 1.73959e-10
 1.82544e-11 1.98222e-09 1.26903e-07 4.78996e-06 0.000106594 0.00139854 0.010819 0.0493616 0.133018 0.213266 0.21079 0.148452 0.101937 0.0724571 0.0395218 0.0142859 0.00362991 0.000772862 0.00015029 2.47031e-05 3.32897e-06 3.7729e-07 3.55904e-08 2.7413e-09 1.7071e-10
#obs surv len freq
 1.24293e-11 1.34968e-09 8.64073e-08 3.26145e-06 7.25792e-05 0.000952279 0.0073675 0.0336315 0.0908662 0.147608 0.15505 0.134129 0.127266 0.115255 0.0828037 0.0506537 0.0290307 0.0151004 0.00675145 0.00250708 0.000747473 0.000172249 2.93128e-05 3.51072e-06 2.83807e-07
 6.31519e-12 6.85756e-10 4.39027e-08 1.65712e-06 3.68775e-05 0.000483899 0.0037455 0.0171369 0.04683 0.0802571 0.103455 0.136751 0.178861 0.175965 0.122928 0.0693241 0.036075 0.0173278 0.00731586 0.00259364 0.000730071 0.000154893 2.37554e-05 2.5402e-06 1.83273e-07
 1.7802e-11 1.93309e-09 1.23758e-07 4.67124e-06 0.000103952 0.00136387 0.0105506 0.0481323 0.129631 0.207185 0.201555 0.133333 0.0823066 0.0620301 0.0495664 0.0361428 0.0218607 0.0104547 0.0040569 0.00130726 0.000338884 6.66193e-05 9.40504e-06 9.14465e-07 5.93677e-08
 1.54683e-11 1.67967e-09 1.07534e-07 4.05889e-06 9.03251e-05 0.00118512 0.00916892 0.0418533 0.113037 0.183084 0.188903 0.152061 0.126 0.0972846 0.0541831 0.021233 0.00735365 0.00291291 0.00116184 0.000375456 9.12625e-05 1.63353e-05 2.09494e-06 1.85539e-07 1.09622e-08
 1.64521e-11 1.7865e-09 1.14373e-07 4.31703e-06 9.60697e-05 0.00126049 0.00975182 0.044509 0.120135 0.19395 0.197046 0.150557 0.115509 0.0864624 0.0497224 0.0210699 0.00718897 0.00207423 0.000515477 0.000118588 2.49433e-05 4.17417e-06 4.97819e-07 4.02839e-08 2.15734e-09
 1.60276e-11 1.7404e-09 1.11422e-07 4.20564e-06 9.3591e-05 0.00122798 0.00950072 0.0433711 0.11716 0.189803 0.195391 0.1546 0.122851 0.091052 0.0493229 0.0185441 0.00537404 0.00135037 0.000293524 5.23062e-05 7.57465e-06 9.03522e-07 8.63998e-08 6.12558e-09 2.97616e-10
 1.65115e-11 1.79295e-09 1.14786e-07 4.33262e-06 9.64169e-05 0.00126506 0.00978765 0.0446812 0.120691 0.195391 0.200243 0.155479 0.119123 0.0855039 0.045262 0.0165997 0.00459016 0.00105075 0.000198226 2.96178e-05 3.4736e-06 3.17153e-07 2.2044e-08 1.14066e-09 4.28343e-11
 1.64087e-11 1.78179e-09 1.14072e-07 4.30564e-06 9.58167e-05 0.00125719 0.00972708 0.0444096 0.120007 0.194567 0.200249 0.156622 0.120066 0.0854111 0.0449647 0.0166229 0.00468618 0.00108077 0.000198484 2.76475e-05 2.87909e-06 2.22678e-07 1.25807e-08 5.09278e-10 1.45154e-11
 1.63918e-11 1.77996e-09 1.13955e-07 4.30123e-06 9.57188e-05 0.00125592 0.00971756 0.0443721 0.119966 0.194834 0.201522 0.158902 0.121604 0.0847679 0.0430553 0.0150171 0.00389319 0.00082654 0.000143986 1.9456e-05 1.95886e-06 1.42875e-07 7.34603e-09 2.6055e-10 6.27967e-12
 1.60921e-11 1.74742e-09 1.11871e-07 4.2226e-06 9.39691e-05 0.00123298 0.00954065 0.0435747 0.117918 0.192157 0.200947 0.162203 0.126168 0.0867292 0.0422197 0.0135539 0.00303799 0.000532651 7.76502e-05 9.11927e-06 8.23183e-07 5.52206e-08 2.65512e-09 8.82464e-11 1.9702e-12
 1.66664e-11 1.80977e-09 1.15863e-07 4.37328e-06 9.73225e-05 0.00127698 0.00988122 0.0451302 0.122112 0.198776 0.206566 0.162871 0.121372 0.0801005 0.0375674 0.0114735 0.00236183 0.000361391 4.42823e-05 4.2921e-06 3.16274e-07 1.74345e-08 7.08496e-10 2.05913e-11 4.13034e-13
 1.52001e-11 1.65055e-09 1.0567e-07 3.98853e-06 8.87613e-05 0.0011647 0.00901389 0.0411964 0.111762 0.183768 0.197568 0.168481 0.136167 0.0922373 0.0428372 0.0127697 0.00253202 0.000365395 4.11728e-05 3.57712e-06 2.28865e-07 1.05789e-08 3.52108e-10 8.33859e-12 1.37614e-13
 1.77275e-11 1.925e-09 1.2324e-07 4.65172e-06 0.000103519 0.0013583 0.0105106 0.0480045 0.129852 0.210897 0.216447 0.162966 0.111366 0.0678174 0.03 0.00871202 0.00169362 0.000238853 2.59733e-05 2.14056e-06 1.27449e-07 5.36103e-09 1.58503e-10 3.25843e-12 4.57371e-14
 1.19864e-11 1.30158e-09 8.33285e-08 3.14529e-06 6.99987e-05 0.000918653 0.0071142 0.0325935 0.0892395 0.151635 0.179763 0.183019 0.168946 0.116986 0.0523106 0.0145072 0.00255623 0.000307702 2.78113e-05 1.97273e-06 1.06376e-07 4.16253e-09 1.1482e-10 2.18227e-12 2.7943e-14
 1.61652e-11 1.75535e-09 1.1238e-07 4.24181e-06 9.4399e-05 0.00123872 0.00958792 0.043834 0.118996 0.195686 0.20868 0.170706 0.126755 0.0786861 0.0340598 0.00959287 0.00180774 0.000244233 2.45932e-05 1.79262e-06 9.01751e-08 3.08007e-09 7.23108e-11 1.18157e-12 1.33522e-14
 1.41262e-11 1.53394e-09 9.82044e-08 3.7068e-06 8.24951e-05 0.00108264 0.00838329 0.0383851 0.104779 0.17561 0.198088 0.180689 0.147687 0.0938078 0.0393207 0.0102281 0.00166094 0.000177537 1.3672e-05 8.18744e-07 3.80649e-08 1.30016e-09 3.09929e-11 4.97753e-13 5.25771e-15
 1.56003e-11 1.69401e-09 1.08453e-07 4.09362e-06 9.11034e-05 0.00119558 0.00925659 0.042359 0.11534 0.191393 0.208721 0.176491 0.1323 0.0797347 0.0327986 0.00863873 0.00148374 0.000176501 1.52941e-05 9.57931e-07 4.14744e-08 1.20743e-09 2.37598e-11 3.22088e-13 3.02608e-15
 1.44221e-11 1.56608e-09 1.00262e-07 3.7845e-06 8.42264e-05 0.00110544 0.00856178 0.0392268 0.10724 0.180214 0.203241 0.182127 0.143017 0.0874004 0.0360925 0.00968588 0.00175069 0.000226555 2.15526e-05 1.46442e-06 6.81884e-08 2.12941e-09 4.42573e-11 6.06988e-13 5.42233e-15
 1.35785e-11 1.47447e-09 9.43975e-08 3.56317e-06 7.93036e-05 0.00104096 0.00806563 0.0370024 0.101583 0.172822 0.200731 0.187688 0.150863 0.091595 0.0369909 0.00962898 0.00167646 0.00020856 1.92958e-05 1.30598e-06 6.21595e-08 2.02195e-09 4.4114e-11 6.33994e-13 5.89594e-15
 1.64092e-11 1.78185e-09 1.14076e-07 4.30593e-06 9.58312e-05 0.00125773 0.00974014 0.0445978 0.12157 0.201826 0.218213 0.177096 0.122518 0.0681385 0.0266073 0.0069263 0.00123535 0.000158642 1.48873e-05 9.9361e-07 4.57565e-08 1.43357e-09 3.03238e-11 4.27643e-13 3.9508e-15
 1.41881e-11 1.54067e-09 9.86362e-08 3.72322e-06 8.28691e-05 0.00108789 0.00843196 0.0387133 0.106447 0.181369 0.209429 0.189924 0.14401 0.0816107 0.0305081 0.00718225 0.0010812 0.00011033 8.23266e-06 4.6753e-07 1.97672e-08 5.93201e-10 1.21409e-11 1.64813e-13 1.45529e-15
 1.57325e-11 1.70838e-09 1.09373e-07 4.12849e-06 9.18879e-05 0.00120621 0.00934636 0.0428652 0.117391 0.197261 0.218848 0.183567 0.127941 0.0688986 0.0253887 0.00610047 0.000973313 0.000107737 8.47619e-06 4.66878e-07 1.75072e-08 4.41868e-10 7.55149e-12 8.79222e-14 6.92095e-16
 1.51324e-11 1.64321e-09 1.05202e-07 3.97112e-06 8.83902e-05 0.00116048 0.00899642 0.0413181 0.113598 0.192834 0.218578 0.188577 0.132963 0.0704128 0.0249384 0.0056265 0.000818255 8.05572e-05 5.67138e-06 2.91176e-07 1.06484e-08 2.6756e-10 4.49303e-12 4.94665e-14 3.52107e-16
 1.67383e-11 1.8176e-09 1.16366e-07 4.39252e-06 9.77676e-05 0.00128349 0.0099467 0.0456276 0.124917 0.209124 0.227987 0.181974 0.11692 0.0577087 0.0195121 0.00424377 0.000593412 5.53913e-05 3.61252e-06 1.67804e-07 5.47007e-09 1.22196e-10 1.84333e-12 1.8606e-14 1.24145e-16
 1.53233e-11 1.66395e-09 1.06531e-07 4.0214e-06 8.95168e-05 0.00117553 0.00911819 0.0419333 0.115618 0.197167 0.223949 0.190391 0.128885 0.0646642 0.0216792 0.00463077 0.000633831 5.76948e-05 3.64105e-06 1.61826e-07 4.9843e-09 1.03773e-10 1.43715e-12 1.31283e-14 7.84926e-17
 1.40802e-11 1.52897e-09 9.7891e-08 3.69544e-06 8.22723e-05 0.00108082 0.0083926 0.0387109 0.107575 0.187005 0.220719 0.197482 0.138667 0.0704982 0.0237929 0.00517597 0.000738065 7.14229e-05 4.79072e-06 2.20855e-07 6.83153e-09 1.39163e-10 1.85203e-12 1.60439e-14 8.99618e-17
 1.6491e-11 1.79075e-09 1.1465e-07 4.32798e-06 9.63456e-05 0.00126532 0.00981561 0.045135 0.124246 0.210239 0.232555 0.186086 0.115751 0.0537564 0.0170292 0.00350476 0.000470529 4.26405e-05 2.69649e-06 1.19679e-07 3.65251e-09 7.46633e-11 1.00166e-12 8.68706e-15 4.80933e-17
 1.4177e-11 1.53949e-09 9.85674e-08 3.72125e-06 8.28624e-05 0.00108907 0.00846597 0.0391457 0.109324 0.191525 0.22714 0.200317 0.134584 0.064038 0.0198838 0.00388158 0.000477955 3.82782e-05 2.0812e-06 7.92566e-08 2.11792e-09 3.89291e-11 4.80876e-13 3.91681e-15 2.06989e-17
 1.25458e-11 1.36239e-09 8.72327e-08 3.29376e-06 7.3369e-05 0.000965176 0.00752047 0.0349812 0.0991125 0.179172 0.224278 0.21019 0.146645 0.0704462 0.0217991 0.00424347 0.000524825 4.24356e-05 2.30926e-06 8.55074e-08 2.13262e-09 3.52239e-11 3.81145e-13 2.69225e-15 1.23866e-17
#pred catch len freq
 1.13396e-11 1.23134e-09 7.88316e-08 2.9755e-06 6.62157e-05 0.000868791 0.00672167 0.0306858 0.0829409 0.134998 0.142999 0.126526 0.122502 0.110964 0.080078 0.0517706 0.0338704 0.0222432 0.014922 0.0105356 0.00800094 0.00663972 0.00571529 0.00439157 0.00255779
 8.48165e-12 9.21006e-10 5.89637e-08 2.22559e-06 4.95278e-05 0.000649861 0.00502887 0.0229814 0.0624412 0.104245 0.122577 0.138619 0.164761 0.155068 0.102467 0.0541046 0.0282788 0.0155334 0.00879268 0.00517012 0.00324386 0.00226169 0.0017285 0.00126315 0.000732306
 1.07638e-11 1.16882e-09 7.48292e-08 2.82443e-06 6.2854e-05 0.00082469 0.00638075 0.029136 0.0788426 0.129057 0.14011 0.132504 0.137451 0.128064 0.0930055 0.0585017 0.0339259 0.0170526 0.0077081 0.00352583 0.00173078 0.000941367 0.000583881 0.000378445 0.000209373
 1.54867e-11 1.68167e-09 1.07662e-07 4.06372e-06 9.04322e-05 0.00118651 0.00917904 0.041887 0.112981 0.181987 0.183891 0.140375 0.111561 0.0900569 0.0587438 0.0324401 0.0177924 0.00963164 0.00476176 0.00206123 0.000803426 0.000316254 0.000141711 7.26239e-05 3.57054e-05
 1.48089e-11 1.60806e-09 1.0295e-07 3.88584e-06 8.64739e-05 0.00113458 0.0087776 0.0400615 0.108145 0.17491 0.180079 0.146083 0.1259 0.103323 0.0625966 0.0283044 0.0117026 0.00506574 0.00225305 0.00098256 0.000390099 0.000135392 4.38877e-05 1.53524e-05 5.84191e-06
 1.51822e-11 1.6486e-09 1.05545e-07 3.9838e-06 8.86538e-05 0.00116318 0.00899877 0.0410689 0.110837 0.17904 0.183284 0.146012 0.122878 0.0999653 0.0608843 0.0278778 0.011318 0.00432449 0.00150131 0.000503272 0.000171954 5.66953e-05 1.67012e-05 4.41548e-06 1.14914e-06
 1.55254e-11 1.68588e-09 1.07931e-07 4.07387e-06 9.06582e-05 0.00118948 0.00920215 0.0419955 0.113315 0.182866 0.186365 0.146306 0.12057 0.096911 0.0584899 0.0263534 0.0104876 0.00396248 0.00134101 0.000403112 0.000109975 2.81729e-05 6.95527e-06 1.589e-06 3.2212e-07
 1.60696e-11 1.74496e-09 1.11714e-07 4.21665e-06 9.38355e-05 0.00123116 0.00952451 0.0434639 0.11724 0.188899 0.191103 0.146371 0.116302 0.091672 0.0548697 0.0244646 0.00957331 0.00354883 0.00117735 0.000345935 9.00406e-05 2.03596e-05 4.02811e-06 7.1847e-07 1.16426e-07
 1.61544e-11 1.75418e-09 1.12304e-07 4.23892e-06 9.43311e-05 0.00123766 0.00957482 0.0436935 0.11786 0.1899 0.192127 0.147166 0.116837 0.0916663 0.0540098 0.0231024 0.008453 0.00296302 0.000951056 0.000272482 6.91623e-05 1.51118e-05 2.78291e-06 4.2743e-07 5.50807e-08
 1.60788e-11 1.74597e-09 1.11779e-07 4.21908e-06 9.38896e-05 0.00123187 0.00953003 0.0434895 0.117316 0.18907 0.191507 0.147264 0.117602 0.0925431 0.0545485 0.0232872 0.00844234 0.00288203 0.000879765 0.000236675 5.70246e-05 1.20123e-05 2.13933e-06 3.12648e-07 3.65945e-08
 1.63522e-11 1.77565e-09 1.13679e-07 4.29081e-06 9.54859e-05 0.00125281 0.009692 0.0442275 0.11929 0.192124 0.193996 0.147595 0.11591 0.0902031 0.0525853 0.0219047 0.00761522 0.00250525 0.000747259 0.000195669 4.50755e-05 8.95178e-06 1.50563e-06 2.1001e-07 2.34979e-08
 1.61762e-11 1.75655e-09 1.12456e-07 4.24464e-06 9.44584e-05 0.00123933 0.00958775 0.0437528 0.118023 0.190188 0.192534 0.147768 0.117593 0.0921197 0.0537256 0.0222888 0.0076656 0.00247234 0.000714631 0.000179798 3.99138e-05 7.65385e-06 1.2313e-06 1.62474e-07 1.71719e-08
 1.66306e-11 1.80588e-09 1.15614e-07 4.36386e-06 9.71114e-05 0.00127414 0.0098569 0.0449785 0.121294 0.195177 0.196261 0.14719 0.113062 0.0870868 0.0509303 0.0215634 0.0076921 0.00255491 0.000743624 0.000184883 3.99576e-05 7.38281e-06 1.14034e-06 1.44356e-07 1.45676e-08
 1.58136e-11 1.71717e-09 1.09935e-07 4.14949e-06 9.23409e-05 0.00121155 0.00937293 0.0427745 0.115413 0.186216 0.189611 0.148372 0.121424 0.0962729 0.0558821 0.0226573 0.00747226 0.00233384 0.000673247 0.000170851 3.75444e-05 6.91749e-06 1.04565e-06 1.27902e-07 1.2394e-08
 1.56172e-11 1.69584e-09 1.08569e-07 4.09794e-06 9.11939e-05 0.0011965 0.00925655 0.0422444 0.113996 0.184038 0.187899 0.148345 0.122968 0.0982 0.0572702 0.0234148 0.00780016 0.0024136 0.000665048 0.00015806 3.32671e-05 6.0981e-06 9.31183e-07 1.14022e-07 1.08737e-08
 1.64354e-11 1.78469e-09 1.14257e-07 4.31264e-06 9.59716e-05 0.00125919 0.00974129 0.0444523 0.119895 0.193088 0.194915 0.148141 0.116081 0.0899676 0.0518518 0.0209054 0.00680511 0.00206556 0.000565865 0.000133552 2.72953e-05 4.75281e-06 6.92217e-07 8.29209e-08 7.89027e-09
 1.64369e-11 1.78485e-09 1.14268e-07 4.31303e-06 9.59804e-05 0.0012593 0.00974219 0.0444567 0.11991 0.193135 0.195074 0.148543 0.116681 0.090361 0.0516761 0.0203397 0.0063007 0.00180907 0.000476705 0.000109501 2.19761e-05 3.77169e-06 5.35716e-07 6.16109e-08 5.61748e-09
 1.66146e-11 1.80415e-09 1.15503e-07 4.35967e-06 9.70182e-05 0.00127292 0.00984748 0.0449361 0.121189 0.195082 0.196508 0.148252 0.114813 0.0883378 0.0506318 0.0201659 0.0063893 0.00186131 0.000482646 0.000106092 2.02425e-05 3.34127e-06 4.62174e-07 5.20424e-08 4.62634e-09
 1.67866e-11 1.82283e-09 1.16699e-07 4.40481e-06 9.80226e-05 0.00128609 0.00994939 0.0454004 0.12243 0.196993 0.198025 0.148325 0.11354 0.086718 0.0494307 0.019464 0.00603674 0.00172768 0.000448426 9.96892e-05 1.90039e-05 3.05352e-06 4.04051e-07 4.35523e-08 3.7435e-09
 1.73832e-11 1.88761e-09 1.20846e-07 4.56135e-06 0.000101506 0.0013318 0.0103028 0.0470105 0.126736 0.203622 0.203285 0.148573 0.109123 0.0811157 0.0453101 0.0170741 0.00481346 0.0012253 0.000294291 6.27896e-05 1.17434e-05 1.88137e-06 2.48401e-07 2.6306e-08 2.184e-09
 1.85709e-11 2.01657e-09 1.29103e-07 4.87299e-06 0.000108441 0.00142278 0.0110064 0.0502152 0.135296 0.216733 0.213348 0.147945 0.0986225 0.0688437 0.0376116 0.0139192 0.00377703 0.000900878 0.00019917 3.82778e-05 6.42094e-06 9.52455e-07 1.20887e-07 1.26007e-08 1.03759e-09
 1.81575e-11 1.97169e-09 1.2623e-07 4.76453e-06 0.000106028 0.00139112 0.0107616 0.0491001 0.132319 0.212193 0.209952 0.148455 0.102721 0.0734084 0.0401662 0.0146067 0.0037742 0.00083265 0.000171475 3.09332e-05 4.791e-06 6.42448e-07 7.31113e-08 6.94202e-09 5.38271e-10
 1.80435e-11 1.95931e-09 1.25437e-07 4.7346e-06 0.000105362 0.00138238 0.010694 0.0487921 0.131494 0.210907 0.208861 0.148174 0.103211 0.0742555 0.041078 0.0154143 0.00429786 0.00105222 0.000228859 4.05256e-05 5.88879e-06 7.31074e-07 7.66016e-08 6.60597e-09 4.60857e-10
 1.78863e-11 1.94224e-09 1.24344e-07 4.69337e-06 0.000104444 0.00137034 0.0106009 0.0483682 0.130363 0.20919 0.207611 0.148479 0.104937 0.0760937 0.0419821 0.0155017 0.00415985 0.00097515 0.000212013 3.96585e-05 6.2094e-06 8.00099e-07 8.19626e-08 6.6291e-09 4.25566e-10
 1.78733e-11 1.94083e-09 1.24253e-07 4.68995e-06 0.000104368 0.00136934 0.0105932 0.048333 0.130269 0.209044 0.207494 0.14847 0.105029 0.0762157 0.0420806 0.0155652 0.00419028 0.000981842 0.000210299 3.81527e-05 5.82753e-06 7.5996e-07 8.16769e-08 6.93127e-09 4.49986e-10
 1.81597e-11 1.97192e-09 1.26244e-07 4.76509e-06 0.00010604 0.00139128 0.0107628 0.0491056 0.132332 0.212194 0.209865 0.148164 0.102262 0.0731012 0.0402911 0.0150227 0.00413323 0.00099912 0.00021882 4.00585e-05 6.09909e-06 7.82025e-07 8.22763e-08 6.94627e-09 4.61177e-10
 1.88647e-11 2.04848e-09 1.31146e-07 4.95009e-06 0.000110157 0.00144529 0.0111805 0.0510082 0.137415 0.219995 0.215923 0.148023 0.0963782 0.0660361 0.0355946 0.0127993 0.00323148 0.000687863 0.000138281 2.48462e-05 3.83461e-06 4.99307e-07 5.27756e-08 4.42129e-09 2.89254e-10
 1.84826e-11 2.00699e-09 1.28489e-07 4.84982e-06 0.000107926 0.00141602 0.0109541 0.0499772 0.134662 0.215785 0.212726 0.148338 0.0999305 0.0701041 0.0380333 0.0136636 0.00342211 0.000711936 0.000136277 2.2489e-05 3.1219e-06 3.76602e-07 3.88386e-08 3.26899e-09 2.15555e-10
 1.78858e-11 1.94219e-09 1.2434e-07 4.69323e-06 0.000104441 0.0013703 0.0106006 0.048367 0.130362 0.209203 0.207697 0.148728 0.105321 0.0763506 0.0418806 0.0151538 0.00384935 0.000818913 0.000159135 2.61489e-05 3.52339e-06 3.99304e-07 3.76662e-08 2.90116e-09 1.80664e-10
#obs catch len freq
 1.15124e-11 1.25011e-09 8.00332e-08 3.02086e-06 6.72252e-05 0.000882036 0.00682419 0.0311547 0.0842204 0.137184 0.145854 0.130728 0.129592 0.121136 0.0904979 0.0580338 0.0340391 0.0176226 0.00788768 0.00302805 0.000959763 0.000236576 4.26724e-05 5.3562e-06 4.50272e-07
 1.2122e-11 1.31631e-09 8.4271e-08 3.18082e-06 7.07848e-05 0.000928742 0.0071856 0.0328053 0.0886846 0.144416 0.153085 0.135246 0.130336 0.117892 0.0842805 0.0512948 0.0291132 0.0149123 0.00652994 0.0023593 0.000679175 0.000149805 2.41878e-05 2.72775e-06 2.06396e-07
 6.13845e-12 6.66563e-10 4.2674e-08 1.61074e-06 3.58457e-05 0.000470368 0.0036411 0.016666 0.0456216 0.0787053 0.103272 0.138993 0.181683 0.177132 0.122753 0.0687606 0.0354148 0.0167482 0.00692128 0.00238287 0.000645905 0.000130902 1.90318e-05 1.91596e-06 1.29391e-07
 1.77312e-11 1.9254e-09 1.23266e-07 4.65267e-06 0.000103538 0.00135845 0.0105088 0.0479431 0.129139 0.206515 0.201313 0.133954 0.0833791 0.0629253 0.0500196 0.036035 0.0214079 0.0100354 0.00380622 0.00119063 0.000296958 5.56823e-05 7.4422e-06 6.80798e-07 4.13679e-08
 1.54296e-11 1.67547e-09 1.07265e-07 4.04872e-06 9.0099e-05 0.00118216 0.00914622 0.0417534 0.112807 0.182949 0.189506 0.153529 0.127006 0.096832 0.0531723 0.0206289 0.00710742 0.00277846 0.00107847 0.000336538 7.85195e-05 1.33956e-05 1.62545e-06 1.35353e-07 7.48183e-09
 1.65393e-11 1.79597e-09 1.14979e-07 4.33991e-06 9.65789e-05 0.00126717 0.0098037 0.0447485 0.120808 0.195173 0.198601 0.151775 0.115369 0.0849453 0.0480972 0.020087 0.00673264 0.00190082 0.00046208 0.00010349 2.09228e-05 3.32965e-06 3.75123e-07 2.85252e-08 1.4289e-09
 1.61663e-11 1.75547e-09 1.12387e-07 4.24204e-06 9.44012e-05 0.00123861 0.00958319 0.0437506 0.118212 0.191634 0.197476 0.155862 0.122153 0.0887679 0.0472343 0.0174793 0.00497817 0.00122193 0.000257918 4.44546e-05 6.19858e-06 7.06599e-07 6.39517e-08 4.2576e-09 1.93297e-10
 1.66388e-11 1.80678e-09 1.15672e-07 4.36604e-06 9.71608e-05 0.00127482 0.00986342 0.0450304 0.121664 0.197102 0.202227 0.156697 0.118452 0.0833209 0.0432862 0.0156045 0.00423201 0.000944202 0.000172658 2.49056e-05 2.80503e-06 2.44392e-07 1.6107e-08 7.85008e-10 2.75791e-11
 1.65913e-11 1.80162e-09 1.15341e-07 4.35357e-06 9.68834e-05 0.00127119 0.00983562 0.0449084 0.121382 0.196899 0.20271 0.157783 0.11886 0.0826623 0.0426654 0.0154906 0.00427606 0.000959133 0.000170379 2.28657e-05 2.28314e-06 1.68374e-07 9.02082e-09 3.44442e-10 9.21086e-12
 1.66298e-11 1.8058e-09 1.15609e-07 4.36367e-06 9.71083e-05 0.00127416 0.0098589 0.0450207 0.121743 0.197785 0.20444 0.159946 0.119769 0.0813871 0.0404572 0.0138414 0.00351208 0.000724965 0.000122011 1.58537e-05 1.5274e-06 1.06066e-07 5.16837e-09 1.72987e-10 3.91792e-12
 1.6364e-11 1.77693e-09 1.13761e-07 4.29392e-06 9.55567e-05 0.00125382 0.00970215 0.0443157 0.119946 0.195511 0.204188 0.163186 0.123871 0.0828621 0.0394166 0.0123939 0.00271729 0.000463262 6.51964e-05 7.35428e-06 6.34622e-07 4.04795e-08 1.84174e-09 5.76936e-11 1.20993e-12
 1.69347e-11 1.83891e-09 1.17729e-07 4.4437e-06 9.889e-05 0.00129756 0.0100407 0.0458622 0.124116 0.20208 0.209713 0.163704 0.118977 0.0763012 0.0349203 0.0104329 0.00209869 0.00031206 3.68755e-05 3.42928e-06 2.41517e-07 1.26597e-08 4.86486e-10 1.33086e-11 2.50376e-13
 1.55089e-11 1.68409e-09 1.07817e-07 4.06958e-06 9.05653e-05 0.00118838 0.00919755 0.0420404 0.114081 0.187616 0.201266 0.169458 0.133318 0.087773 0.0397775 0.0115934 0.00224457 0.000314473 3.41341e-05 2.84202e-06 1.737e-07 7.63752e-09 2.40557e-10 5.3652e-12 8.30518e-14
 1.79936e-11 1.95389e-09 1.2509e-07 4.72156e-06 0.000105074 0.00137871 0.0106688 0.0487307 0.131837 0.214143 0.219419 0.1635 0.108815 0.0642022 0.027645 0.00783827 0.00148611 0.000203223 2.12618e-05 1.6775e-06 9.53379e-08 3.8135e-09 1.06713e-10 2.06746e-12 2.7254e-14
 1.23398e-11 1.33996e-09 8.57855e-08 3.23804e-06 7.20636e-05 0.000945779 0.00732488 0.0335663 0.091945 0.15625 0.184403 0.184382 0.165399 0.111399 0.0485946 0.0131632 0.00226315 0.00026457 2.30267e-05 1.56075e-06 8.00987e-08 2.97382e-09 7.75428e-11 1.38832e-12 1.66978e-14
 1.6485e-11 1.79008e-09 1.14603e-07 4.32573e-06 9.62672e-05 0.00126326 0.00977827 0.0447096 0.121401 0.199644 0.212305 0.17127 0.123524 0.0742994 0.031301 0.00859854 0.00157725 0.000206102 1.99248e-05 1.38863e-06 6.66578e-08 2.16598e-09 4.8128e-11 7.40144e-13 7.83861e-15
 1.4472e-11 1.57149e-09 1.00609e-07 3.79756e-06 8.45158e-05 0.00110919 0.00858955 0.0393374 0.107419 0.180041 0.202289 0.181449 0.143962 0.0887122 0.0362019 0.00918445 0.00145391 0.000150906 1.11894e-05 6.38899e-07 2.81614e-08 9.09748e-10 2.04682e-11 3.09601e-13 3.07381e-15
 1.5914e-11 1.72808e-09 1.10633e-07 4.17594e-06 9.29363e-05 0.00121966 0.00944374 0.0432232 0.117733 0.195387 0.212422 0.177009 0.128891 0.075277 0.0301161 0.00772864 0.00129105 0.00014848 1.23411e-05 7.3768e-07 3.04219e-08 8.41756e-10 1.5671e-11 1.99739e-13 1.75516e-15
 1.47608e-11 1.60285e-09 1.02617e-07 3.87339e-06 8.62059e-05 0.00113147 0.00876418 0.0401636 0.109848 0.184599 0.207341 0.182713 0.13927 0.0825286 0.0331571 0.00866514 0.00152033 0.000189634 1.72634e-05 1.11796e-06 4.9499e-08 1.46556e-09 2.87762e-11 3.71665e-13 3.11933e-15
 1.3923e-11 1.51188e-09 9.67932e-08 3.65362e-06 8.13181e-05 0.00106746 0.00827201 0.0379608 0.104268 0.177387 0.205045 0.18829 0.146882 0.0864999 0.0339846 0.00861213 0.00145503 0.000174387 1.54205e-05 9.9256e-07 4.47907e-08 1.37704e-09 2.8304e-11 3.82224e-13 3.33358e-15
 1.67206e-11 1.81567e-09 1.16242e-07 4.38769e-06 9.76519e-05 0.00128167 0.00992641 0.0454597 0.123959 0.205773 0.221683 0.177215 0.118992 0.0640089 0.0242593 0.00613666 0.00105976 0.000130817 1.17205e-05 7.43861e-07 3.24731e-08 9.60754e-10 1.91122e-11 2.52635e-13 2.18263e-15
 1.45299e-11 1.57779e-09 1.01013e-07 3.81297e-06 8.48686e-05 0.00111421 0.00863727 0.0396691 0.109131 0.185904 0.213539 0.190106 0.139792 0.0767354 0.0278686 0.00638258 0.000933026 9.18888e-05 6.55236e-06 3.52464e-07 1.40508e-08 3.96613e-10 7.61893e-12 9.68696e-14 7.99492e-16
 1.60551e-11 1.7434e-09 1.11616e-07 4.21319e-06 9.37749e-05 0.00123104 0.00954005 0.0437655 0.119904 0.201437 0.222467 0.183492 0.124045 0.0646092 0.0230953 0.0053886 0.000832133 8.85373e-05 6.64773e-06 3.47957e-07 1.23672e-08 2.94799e-10 4.73296e-12 5.14829e-14 3.77155e-16
 1.54651e-11 1.67934e-09 1.07516e-07 4.05849e-06 9.03374e-05 0.00118613 0.00919677 0.0422523 0.116219 0.197207 0.22234 0.188373 0.128766 0.065963 0.0226642 0.00496714 0.000700125 6.63685e-05 4.45771e-06 2.16721e-07 7.4765e-09 1.76824e-10 2.78872e-12 2.87707e-14 1.91491e-16
 1.70361e-11 1.84994e-09 1.18437e-07 4.47074e-06 9.9511e-05 0.00130645 0.0101261 0.0464633 0.127251 0.212962 0.231144 0.181562 0.113178 0.0539539 0.017667 0.00372832 0.000504965 4.53831e-05 2.82537e-06 1.24376e-07 3.82682e-09 8.04573e-11 1.13829e-12 1.07353e-14 6.6736e-17
 1.5644e-11 1.69878e-09 1.08761e-07 4.10566e-06 9.1396e-05 0.00120032 0.00931237 0.0428429 0.118183 0.201441 0.227508 0.189933 0.124679 0.0604863 0.0196551 0.00407406 0.000539883 4.7284e-05 2.84681e-06 1.19867e-07 3.48452e-09 6.83067e-11 8.88063e-13 7.58946e-15 4.23186e-17
 1.44204e-11 1.56592e-09 1.00257e-07 3.78486e-06 8.42678e-05 0.00110718 0.00859968 0.0396861 0.110347 0.191667 0.224631 0.196993 0.134092 0.0659673 0.0215831 0.00455114 0.000626625 5.81399e-05 3.71204e-06 1.62135e-07 4.73955e-09 9.1013e-11 1.13797e-12 9.22811e-15 4.82902e-17
 1.67917e-11 1.82341e-09 1.16742e-07 4.40702e-06 9.81096e-05 0.00128861 0.00999837 0.0459919 0.126653 0.214175 0.235622 0.185336 0.111826 0.0501448 0.0153656 0.00306202 0.000396905 3.44884e-05 2.07354e-06 8.69381e-08 2.4978e-09 4.79604e-11 6.03062e-13 4.89187e-15 2.52864e-17
 1.45115e-11 1.57583e-09 1.00895e-07 3.80928e-06 8.48294e-05 0.00111512 0.00867146 0.0401192 0.112105 0.196168 0.230837 0.199433 0.129869 0.0597679 0.0179824 0.00340428 0.000405641 3.12515e-05 1.6197e-06 5.82616e-08 1.46178e-09 2.5149e-11 2.90121e-13 2.20217e-15 1.08261e-17
#spawning biomass
 9611.62 7243 5124.85 5860.56 9163.84 12693.2 18543.5 29078.4 42876.8 61797.5 78908 105228 152523 177723 170874 155859 152328 162150 165321 139044 139169 156043 197394 207543 214678 237165 230453 248467 216528 136961 267469 227830 168484 118240 83426.7 61819.4 49305.3 42388.5 38689.4 36758 35767.2 35265.7 35014.5 34889.4 34826.9 34796.6 34781.9 34774.8 34771.4 34769.8 34768.9 34768.6 34768.4 34768.3 34768.2 34768.2 34768.2 34768.2 34768.2 34768.2 34768.2 34768.2 34768.2 34768.2 34768.2 34768.2 34768.2 34768.2 34768.2 34768.2 34768.2 34768.2 34768.2 34768.2 34768.2 34768.2 34768.2 34768.2 34768.2 34768.2 34768.2 34768.2 34768.2 34768.2 34768.2 34768.2 34768.2 34768.2 34768.2 34768.2 34768.2 34768.2 34768.2 34768.2 34768.2 34768.2 34768.2 34768.2 34768.2 34768.2 34768.2 34768.2 34768.2 34768.2 34768.2 34768.2 34768.2 34768.2 34768.2 34768.2 34768.2 34768.2 34768.2 34768.2 34768.2 34768.2 34768.2 34768.2 34768.2 34768.2 34768.2 34768.2 34768.2 34768.2 34768.2 34768.2 34768.2 34768.2 34768.2 0 0 0 0 0 0 0 0 0 0 0 0 0 0 0 0 0 0 0 0 0 0 0 0 0
