SBPRF35
0.0418983
Curr Bio
362573
B35
148589
F35
40.9901
FOFL
40.9901
OFL
415215
Bzero
11111.4
#pred survey bio
 14333.9 8788.09 5676.27 6280.03 9705.56 13600.9 19613.6 29332.9 44381.4 60217.1 82633.5 102972 134468 151276 150104 159530 166538 166894 169156 156442 176353 186519 203145 218742 248929 209577 205382 226358 208206 4.24314e+06 1.08043e+06 315162 137149 83942.6 68260.6 63719.6 62425.8 62062.1 61960.9 61933 61925.3 61923.2 61922.7 61922.5 61922.5 61922.5 61922.5 61922.5 61922.5 61922.5 61922.5 61922.5 61922.5 61922.5 61922.5 61922.5 61922.5 61922.5 61922.5 61922.5 61922.5 61922.5 61922.5 61922.5 61922.5 61922.5 61922.5 61922.5 61922.5 61922.5 61922.5 61922.5 61922.5 61922.5 61922.5 61922.5 61922.5 61922.5 61922.5 61922.5 61922.5 61922.5 61922.5 61922.5 61922.5 61922.5 61922.5 61922.5 61922.5 61922.5 61922.5 61922.5 61922.5 61922.5 61922.5 61922.5 61922.5 61922.5 61922.5 61922.5 61922.5 61922.5 61922.5 61922.5 61922.5 61922.5 61922.5 61922.5 61922.5 61922.5 61922.5 61922.5 61922.5 61922.5 61922.5 61922.5 61922.5 61922.5 61922.5 61922.5 61922.5 61922.5 61922.5 61922.5 61922.5 61922.5 61922.5 61922.5 61922.5 0 0 0 0 0 0 0 0 0 0 0 0 0 0 0 0 0 0 0 0 0 0 0 0 0
#obs survey bio
 11446.6 4730.55 4401.81 7226.28 10324.3 9890.17 23176 38006.3 44622.6 81126.9 88801.4 75319.6 125839 147836 139938 177640 161344 137434 177105 134976 228519 203544 189635 264578 365515 172243 224952 246037 189049
#pred catch bio
 4785.77 4106.28 3020.74 3043.89 5234.32 7803.75 11893.7 16708.8 27973.1 36373.7 56592.1 68658.5 105066 126525 122512 141535 156587 149449 162278 131909 158038 161539 179815 182949 265270 224793 214280 240394 229308 415215 5742.71 5627.45 5627.45 5627.45 5627.45 5627.45 5627.45 5627.45 5627.45 5627.45 5627.45 5627.45 5627.45 5627.45 5627.45 5627.45 5627.45 5627.45 5627.45 5627.45 5627.45 5627.45 5627.45 5627.45 5627.45 5627.45 5627.45 5627.45 5627.45 5627.45 5627.45 5627.45 5627.45 5627.45 5627.45 5627.45 5627.45 5627.45 5627.45 5627.45 5627.45 5627.45 5627.45 5627.45 5627.45 5627.45 5627.45 5627.45 5627.45 5627.45 5627.45 5627.45 5627.45 5627.45 5627.45 5627.45 5627.45 5627.45 5627.45 5627.45 5627.45 5627.45 5627.45 5627.45 5627.45 5627.45 5627.45 5627.45 5627.45 5627.45 5627.45 5627.45 5627.45 5627.45 5627.45 5627.45 5627.45 5627.45 5627.45 5627.45 5627.45 5627.45 5627.45 5627.45 5627.45 5627.45 5627.45 5627.45 5627.45 5627.45 5627.45 5627.45 5627.45 5627.45 5627.45 5627.45 5627.45 5627.45 5627.45 0 0 0 0 0 0 0 0 0 0 0 0 0 0 0 0 0 0 0 0 0 0 0 0 0
#obs catch bio
 3940.76 4584.6 3563.15 3057.09 5000.28 7852.12 12102.1 16187.5 27558.7 34610.9 54385.2 65100.9 105523 124245 124132 142092 160504 152574 163010 129293 150288 151724 166063 166658 244041 227622 210447 227432 228561
#pred cpue bio
 14761.8 9278.45 5785.47 5859 9349.21 13050.3 18569.3 27620.9 42270.8 57640.3 79107.1 98985 128028 146426 146012 152571 158919 158784 163526 149138 168086 177611 194118 207621 237898 198923 188870 210131 199659 3.91704e+06 1.29555e+06 312368 129265 75912.4 60226.3 55685.3 54391.5 54027.7 53926.5 53898.6 53891 53888.9 53888.3 53888.2 53888.1 53888.1 53888.1 53888.1 53888.1 53888.1 53888.1 53888.1 53888.1 53888.1 53888.1 53888.1 53888.1 53888.1 53888.1 53888.1 53888.1 53888.1 53888.1 53888.1 53888.1 53888.1 53888.1 53888.1 53888.1 53888.1 53888.1 53888.1 53888.1 53888.1 53888.1 53888.1 53888.1 53888.1 53888.1 53888.1 53888.1 53888.1 53888.1 53888.1 53888.1 53888.1 53888.1 53888.1 53888.1 53888.1 53888.1 53888.1 53888.1 53888.1 53888.1 53888.1 53888.1 53888.1 53888.1 53888.1 53888.1 53888.1 53888.1 53888.1 53888.1 53888.1 53888.1 53888.1 53888.1 53888.1 53888.1 53888.1 53888.1 53888.1 53888.1 53888.1 53888.1 53888.1 53888.1 53888.1 53888.1 53888.1 53888.1 53888.1 53888.1 53888.1 53888.1 53888.1 53888.1 0 0 0 0 0 0 0 0 0 0 0 0 0 0 0 0 0 0 0 0 0 0 0 0 0
#obs cpue bio
 9585.08 8078.48 4606.52 6443.06 14618 11333.9 16636.6 27978.4 41045.4 59928.3 86824.1 146707 133123 159463 139145 147510 141596 167361 179491 177302 181367 215480 284262 253429 234610 174790 212901 243865 205015
#pred surv len freq
 1.12943e-11 1.22642e-09 7.85167e-08 2.96361e-06 6.59512e-05 0.000865321 0.00669486 0.0305641 0.0826225 0.134563 0.142929 0.12744 0.124419 0.113047 0.0815463 0.0524766 0.0338934 0.021739 0.0141434 0.00966909 0.00710687 0.005713 0.00479081 0.00361925 0.00208782
 1.09224e-11 1.18604e-09 7.59314e-08 2.86603e-06 6.37798e-05 0.000836839 0.00647483 0.0295674 0.0800341 0.131202 0.143322 0.137529 0.143625 0.130665 0.0878672 0.0487878 0.0265475 0.0144043 0.00777175 0.00432915 0.00258131 0.00171663 0.00126124 0.000897845 0.000512936
 1.3682e-11 1.4857e-09 9.51157e-08 3.59014e-06 7.98936e-05 0.00104825 0.00810983 0.0370171 0.0999723 0.162061 0.168586 0.141311 0.127599 0.109159 0.0713708 0.0379938 0.0191059 0.00907404 0.0040291 0.00177843 0.000818247 0.000413363 0.00024026 0.000148977 8.04428e-05
 1.79175e-11 1.94563e-09 1.24561e-07 4.70155e-06 0.000104626 0.00137273 0.0106193 0.0484503 0.13056 0.209306 0.206794 0.14548 0.100062 0.072517 0.0425525 0.0191403 0.00781231 0.00320089 0.00126692 0.000476182 0.000171958 6.30431e-05 2.58034e-05 1.22041e-05 5.72538e-06
 1.68911e-11 1.83417e-09 1.17425e-07 4.43222e-06 9.86326e-05 0.0012941 0.0100113 0.045682 0.12318 0.19812 0.198783 0.147916 0.112065 0.0852234 0.0487843 0.0195683 0.00637414 0.00200929 0.000621523 0.000186948 5.53893e-05 1.59139e-05 4.54489e-06 1.41907e-06 4.93052e-07
 1.70229e-11 1.84848e-09 1.18342e-07 4.4668e-06 9.94022e-05 0.00130419 0.0100893 0.0460375 0.124128 0.199558 0.199823 0.147638 0.110597 0.083716 0.0481498 0.0196343 0.00652464 0.0019977 0.000537781 0.000125119 2.72287e-05 5.82364e-06 1.22601e-06 2.5688e-07 5.66649e-08
 1.75263e-11 1.90315e-09 1.21841e-07 4.5989e-06 0.000102342 0.00134276 0.0103876 0.0473961 0.127759 0.205139 0.2042 0.147679 0.106611 0.0788118 0.0447329 0.0178474 0.00571036 0.00169521 0.000452826 0.000103352 2.03216e-05 3.45013e-06 5.19899e-07 7.3743e-08 1.02907e-08
 1.77383e-11 1.92616e-09 1.23315e-07 4.65451e-06 0.000103579 0.001359 0.0105132 0.0479683 0.12929 0.207508 0.206135 0.147949 0.105319 0.0770087 0.0431992 0.0167492 0.00504784 0.00139606 0.000353376 7.73841e-05 1.47474e-05 2.41103e-06 3.28057e-07 3.69516e-08 3.53987e-09
 1.73322e-11 1.88208e-09 1.20492e-07 4.54798e-06 0.000101209 0.00132789 0.0102726 0.0468726 0.126363 0.203019 0.202659 0.148067 0.108764 0.0811199 0.0458997 0.0179883 0.00552068 0.00154225 0.000382159 7.92195e-05 1.41003e-05 2.17472e-06 2.8245e-07 3.00579e-08 2.55749e-09
 1.71652e-11 1.86393e-09 1.19331e-07 4.50413e-06 0.000100233 0.00131509 0.0101736 0.0464219 0.125161 0.20119 0.201317 0.148356 0.110547 0.0830444 0.0468867 0.0181401 0.00541682 0.00147235 0.000362135 7.54856e-05 1.33685e-05 1.99316e-06 2.44203e-07 2.43793e-08 1.95373e-09
 1.71453e-11 1.86178e-09 1.19193e-07 4.49892e-06 0.000100117 0.00131357 0.0101619 0.0463682 0.125016 0.200953 0.201065 0.148138 0.110376 0.083027 0.0471302 0.0185302 0.00571812 0.00160448 0.000396774 8.13054e-05 1.41161e-05 2.08514e-06 2.5356e-07 2.47219e-08 1.89233e-09
 1.70269e-11 1.84892e-09 1.1837e-07 4.46786e-06 9.94258e-05 0.0013045 0.0100918 0.0460491 0.124167 0.199684 0.200241 0.148692 0.112168 0.0847335 0.0476629 0.018131 0.00521088 0.00135414 0.000325354 6.75172e-05 1.19515e-05 1.76912e-06 2.12413e-07 2.04122e-08 1.54198e-09
 1.73627e-11 1.88539e-09 1.20704e-07 4.55598e-06 0.000101387 0.00133023 0.0102907 0.0469551 0.126586 0.203377 0.203018 0.148327 0.108916 0.0810844 0.0455859 0.01752 0.00514925 0.00136035 0.000320425 6.2828e-05 1.04802e-05 1.51185e-06 1.82148e-07 1.76226e-08 1.3264e-09
 1.68095e-11 1.82531e-09 1.16858e-07 4.4108e-06 9.81559e-05 0.00128784 0.00996295 0.0454627 0.122605 0.197328 0.198609 0.149387 0.114973 0.0875621 0.0488185 0.0178866 0.00467751 0.00105839 0.000227397 4.365e-05 7.23406e-06 1.01269e-06 1.16151e-07 1.07933e-08 7.99371e-10
 1.66323e-11 1.80607e-09 1.15626e-07 4.36432e-06 9.71217e-05 0.00127427 0.00985802 0.0449849 0.12133 0.195385 0.197166 0.149641 0.116785 0.0895608 0.0499113 0.0181425 0.00463003 0.000994292 0.000196665 3.35126e-05 4.85709e-06 6.19943e-07 6.82371e-08 6.16844e-09 4.40374e-10
 1.72466e-11 1.87278e-09 1.19897e-07 4.52551e-06 0.000100709 0.00132133 0.0102219 0.0466422 0.125755 0.202146 0.202279 0.149062 0.110968 0.0829589 0.0460405 0.0168705 0.00441054 0.00098206 0.000197984 3.31744e-05 4.5359e-06 5.23953e-07 5.09085e-08 4.1e-09 2.70736e-10
 1.73498e-11 1.88398e-09 1.20614e-07 4.55258e-06 0.000101311 0.00132924 0.0102831 0.0469209 0.126502 0.203312 0.203281 0.149358 0.110587 0.0822344 0.0451975 0.0160809 0.00388515 0.000758264 0.000138 2.25114e-05 3.11984e-06 3.63009e-07 3.42769e-08 2.5663e-09 1.52204e-10
 1.7464e-11 1.89638e-09 1.21408e-07 4.58255e-06 0.000101978 0.00133799 0.0103507 0.0472291 0.127326 0.204583 0.204296 0.149429 0.109777 0.0811841 0.044396 0.0155881 0.00362198 0.00064994 0.00010601 1.54546e-05 1.89877e-06 2.00592e-07 1.81782e-08 1.35153e-09 7.90577e-11
 1.68869e-11 1.83371e-09 1.17396e-07 4.43111e-06 9.8608e-05 0.00129377 0.0100088 0.0456719 0.123167 0.198215 0.199418 0.149768 0.114932 0.087189 0.0481382 0.0170878 0.00408236 0.000772383 0.000131659 1.90242e-05 2.18329e-06 2.0628e-07 1.64804e-08 1.09186e-09 5.88551e-11
 1.73953e-11 1.88892e-09 1.20931e-07 4.56452e-06 0.000101577 0.00133272 0.01031 0.0470438 0.126832 0.203827 0.203725 0.149495 0.110429 0.0819239 0.0448291 0.0157294 0.00364508 0.000649899 0.000104895 1.50248e-05 1.77475e-06 1.72592e-07 1.36112e-08 8.41925e-10 4.0694e-11
 1.73824e-11 1.88753e-09 1.20841e-07 4.56115e-06 0.000101502 0.00133174 0.0103024 0.0470089 0.126736 0.203662 0.203506 0.1492 0.110085 0.081763 0.0450639 0.0162089 0.00403142 0.000820991 0.000149588 2.22524e-05 2.56217e-06 2.39359e-07 1.86077e-08 1.16518e-09 5.67878e-11
 1.7426e-11 1.89225e-09 1.21144e-07 4.57258e-06 0.000101756 0.00133508 0.0103282 0.0471265 0.127052 0.204155 0.203935 0.149341 0.109948 0.0814698 0.0446946 0.0158475 0.00379062 0.000722844 0.000126635 1.94862e-05 2.47083e-06 2.55933e-07 2.09237e-08 1.30463e-09 6.21729e-11
 1.72982e-11 1.87838e-09 1.20255e-07 4.53904e-06 0.00010101 0.00132528 0.0102525 0.0467816 0.12613 0.20274 0.20283 0.149349 0.110988 0.0827354 0.0455584 0.0162796 0.0039754 0.000785594 0.000140707 2.12981e-05 2.5901e-06 2.62044e-07 2.21082e-08 1.48795e-09 7.66541e-11
 1.75353e-11 1.90412e-09 1.21903e-07 4.60125e-06 0.000102394 0.00134345 0.0103929 0.0474213 0.127838 0.205356 0.204834 0.149211 0.108872 0.0802695 0.0440201 0.0156615 0.00378498 0.000735114 0.000130362 1.99238e-05 2.47947e-06 2.54503e-07 2.1234e-08 1.39625e-09 7.16867e-11
 1.72881e-11 1.87728e-09 1.20185e-07 4.53639e-06 0.000100951 0.00132451 0.0102465 0.0467543 0.126056 0.202622 0.202714 0.149272 0.110952 0.0827591 0.0456636 0.0164263 0.00408645 0.000835291 0.000154603 2.39267e-05 2.96004e-06 3.02318e-07 2.54114e-08 1.69472e-09 8.75284e-11
 1.75612e-11 1.90694e-09 1.22084e-07 4.60806e-06 0.000102546 0.00134544 0.0104083 0.0474916 0.128029 0.205674 0.205204 0.149607 0.109265 0.080402 0.0436499 0.014991 0.00325255 0.000497095 6.59384e-05 8.58316e-06 1.03725e-06 1.08614e-07 9.27977e-09 6.20271e-10 3.20649e-11
 1.85805e-11 2.01762e-09 1.2917e-07 4.87552e-06 0.000108498 0.00142352 0.0110122 0.0502418 0.135373 0.216903 0.21373 0.148765 0.0997908 0.0695618 0.0371679 0.0127063 0.00274165 0.000411253 5.13851e-05 5.80578e-06 5.48165e-07 4.28046e-08 2.9792e-09 1.85493e-10 9.57817e-12
 1.8289e-11 1.98597e-09 1.27144e-07 4.79904e-06 0.000106796 0.00140119 0.0108395 0.0494554 0.133273 0.213692 0.211293 0.149008 0.102503 0.072664 0.0390217 0.0133579 0.0028853 0.000433729 5.43246e-05 6.11933e-06 5.65887e-07 4.12918e-08 2.46203e-09 1.20579e-10 4.81575e-12
 1.7207e-11 1.86847e-09 1.19621e-07 4.5151e-06 0.000100477 0.0013183 0.0101985 0.0465358 0.125477 0.201774 0.202252 0.149932 0.112607 0.0842032 0.0458915 0.0157418 0.00338954 0.000504478 6.2155e-05 6.91246e-06 6.36398e-07 4.63815e-08 2.74496e-09 1.30337e-10 4.79051e-12
#obs surv len freq
 1.19211e-11 1.29449e-09 8.28746e-08 3.12811e-06 6.96118e-05 0.000913349 0.00706642 0.0322599 0.0871987 0.141958 0.150558 0.133886 0.130964 0.119871 0.0859704 0.0522493 0.0298915 0.0157905 0.00733768 0.00286744 0.000893162 0.000211218 3.63431e-05 4.3695e-06 3.53662e-07
 6.86621e-12 7.4559e-10 4.77333e-08 1.8017e-06 4.0095e-05 0.000526108 0.00407185 0.0186219 0.0507764 0.0861439 0.107226 0.134087 0.170558 0.1682 0.120398 0.0707553 0.038113 0.0185905 0.0079429 0.00288531 0.000843236 0.000186304 2.95387e-05 3.22837e-06 2.35736e-07
 1.70754e-11 1.85418e-09 1.18706e-07 4.48058e-06 9.97088e-05 0.00130821 0.0101202 0.0461718 0.124395 0.199163 0.19535 0.133451 0.0880834 0.0687236 0.0538131 0.0382551 0.0231589 0.0113527 0.00454964 0.00150636 0.000400003 8.08377e-05 1.17772e-05 1.18102e-06 7.8703e-08
 1.63362e-11 1.77392e-09 1.13568e-07 4.28663e-06 9.5393e-05 0.0012516 0.00968302 0.0441937 0.119274 0.192548 0.195811 0.150667 0.117351 0.0881129 0.0492456 0.0198625 0.00722836 0.00295938 0.00119793 0.000394874 9.85245e-05 1.81133e-05 2.38277e-06 2.16367e-07 1.31053e-08
 1.68914e-11 1.83421e-09 1.17427e-07 4.4323e-06 9.86349e-05 0.00129414 0.0100121 0.0456951 0.123312 0.198895 0.201243 0.151664 0.113594 0.0829201 0.0458322 0.0179754 0.00551507 0.00147481 0.000361837 8.53278e-05 1.84409e-05 3.15674e-06 3.84898e-07 3.18461e-08 1.74261e-09
 1.55296e-11 1.68633e-09 1.0796e-07 4.07498e-06 9.06833e-05 0.00118983 0.00920575 0.0420281 0.113577 0.184331 0.191198 0.154724 0.126803 0.0958195 0.052733 0.0203306 0.00606569 0.00152373 0.000315898 5.26123e-05 7.27374e-06 8.61927e-07 8.38544e-08 6.07349e-09 3.00908e-10
 1.62662e-11 1.76632e-09 1.13081e-07 4.26826e-06 9.49847e-05 0.00124627 0.00964235 0.0440195 0.118924 0.192675 0.198083 0.155288 0.120715 0.0876729 0.0471014 0.0178028 0.00518322 0.00125694 0.00024755 3.77117e-05 4.37537e-06 3.84965e-07 2.56388e-08 1.29173e-09 4.82965e-11
 1.69088e-11 1.8361e-09 1.17549e-07 4.43688e-06 9.87372e-05 0.0012955 0.0100233 0.0457582 0.123604 0.200056 0.204467 0.1566 0.116334 0.0807993 0.0414744 0.0146371 0.0038417 0.000832774 0.00015036 2.14093e-05 2.31248e-06 1.84237e-07 1.05234e-08 4.21881e-10 1.17359e-11
 1.57057e-11 1.70546e-09 1.09185e-07 4.1212e-06 9.17125e-05 0.00120336 0.00931129 0.0425245 0.115061 0.187498 0.196498 0.160619 0.128611 0.0915101 0.0463743 0.0158393 0.00392751 0.000781922 0.000127062 1.60949e-05 1.54478e-06 1.10479e-07 5.71769e-09 2.06852e-10 5.08395e-12
 1.62229e-11 1.76161e-09 1.1278e-07 4.25689e-06 9.47324e-05 0.00124299 0.009618 0.0439257 0.118841 0.193483 0.201627 0.161279 0.124204 0.0853753 0.042152 0.0140373 0.00336682 0.000638486 9.7134e-05 1.13013e-05 9.75426e-07 6.1734e-08 2.81162e-09 8.97768e-11 1.96062e-12
 1.67302e-11 1.81671e-09 1.16307e-07 4.39004e-06 9.76955e-05 0.00128188 0.00991905 0.0453024 0.122571 0.199474 0.207101 0.162874 0.120913 0.0795133 0.0371002 0.0112071 0.00225888 0.00033686 4.09978e-05 4.08421e-06 3.15179e-07 1.80093e-08 7.36755e-10 2.09519e-11 4.04626e-13
 1.52399e-11 1.65488e-09 1.05947e-07 3.99899e-06 8.8994e-05 0.00116775 0.0090375 0.0413039 0.112049 0.184209 0.197923 0.168531 0.135932 0.0918782 0.0425023 0.0125535 0.00243965 0.000340228 3.68102e-05 3.08735e-06 1.92598e-07 8.80218e-09 2.95149e-10 7.14954e-12 1.21008e-13
 1.66094e-11 1.80359e-09 1.15467e-07 4.35834e-06 9.69909e-05 0.00127267 0.00984889 0.0449991 0.121907 0.199187 0.20888 0.166408 0.122591 0.0778697 0.0347625 0.00999898 0.00189109 0.000254582 2.62383e-05 2.06432e-06 1.18121e-07 4.78009e-09 1.36167e-10 2.71453e-12 3.73484e-14
 1.37406e-11 1.49207e-09 9.5524e-08 3.6056e-06 8.02416e-05 0.001053 0.00815221 0.0373055 0.101674 0.169856 0.191225 0.177086 0.151177 0.1016 0.0453407 0.0127744 0.00233985 0.000301192 2.93756e-05 2.18316e-06 1.18115e-07 4.50007e-09 1.1934e-10 2.17815e-12 2.687e-14
 1.49326e-11 1.62151e-09 1.03811e-07 3.91839e-06 8.72024e-05 0.00114433 0.0088587 0.0405247 0.11027 0.182916 0.200637 0.174692 0.13885 0.0893002 0.0391629 0.0111137 0.00211665 0.000291136 3.00967e-05 2.27278e-06 1.19799e-07 4.32985e-09 1.07439e-10 1.82443e-12 2.08897e-14
 1.54643e-11 1.67924e-09 1.07507e-07 4.05791e-06 9.03078e-05 0.0011851 0.00917466 0.0419733 0.114213 0.189269 0.206238 0.175501 0.1341 0.0826978 0.0346131 0.00917715 0.0015639 0.000183356 1.60873e-05 1.09057e-06 5.51553e-08 1.98573e-09 4.9295e-11 8.23535e-13 9.06903e-15
 1.50729e-11 1.63674e-09 1.04786e-07 3.95523e-06 8.80241e-05 0.0011552 0.0089448 0.0409467 0.111639 0.186095 0.20574 0.178854 0.137785 0.0839164 0.0343431 0.0088578 0.0014557 0.000161463 1.29929e-05 7.82104e-07 3.43071e-08 1.06074e-09 2.28516e-11 3.41476e-13 3.48717e-15
 1.47265e-11 1.59913e-09 1.02378e-07 3.86436e-06 8.60034e-05 0.00112875 0.00874176 0.0400429 0.109389 0.183354 0.205258 0.18133 0.140306 0.0848393 0.0346269 0.00909885 0.00158284 0.000193643 1.72937e-05 1.10576e-06 4.85214e-08 1.42845e-09 2.82105e-11 3.7539e-13 3.35214e-15
 1.43351e-11 1.55663e-09 9.96575e-08 3.7617e-06 8.37207e-05 0.00109888 0.00851273 0.0390264 0.106882 0.180414 0.205133 0.184786 0.14362 0.0856701 0.0342552 0.00881257 0.00150359 0.000181247 1.61165e-05 1.04411e-06 4.73716e-08 1.46215e-09 3.0201e-11 4.11316e-13 3.6358e-15
 1.57787e-11 1.71338e-09 1.09693e-07 4.14049e-06 9.21505e-05 0.00120948 0.00936788 0.0429158 0.117194 0.195693 0.215071 0.180247 0.128877 0.072645 0.0281677 0.00714128 0.00121438 0.000146507 1.2946e-05 8.2365e-07 3.64616e-08 1.09973e-09 2.23575e-11 3.02566e-13 2.68036e-15
 1.47e-11 1.59625e-09 1.02195e-07 3.85752e-06 8.5857e-05 0.00112706 0.00873401 0.0400769 0.109986 0.186299 0.211899 0.187346 0.138951 0.0780615 0.0292552 0.00697483 0.00107683 0.000114022 8.80056e-06 5.0411e-07 2.08497e-08 6.00831e-10 1.17557e-11 1.53054e-13 1.30239e-15
 1.65418e-11 1.79626e-09 1.14999e-07 4.34083e-06 9.66118e-05 0.00126813 0.0098239 0.0450214 0.122996 0.205138 0.223079 0.180113 0.120377 0.0630293 0.0227819 0.00535156 0.00082567 8.7639e-05 6.65013e-06 3.60128e-07 1.35439e-08 3.46677e-10 6.00337e-12 7.00483e-14 5.44502e-16
 1.48215e-11 1.60945e-09 1.03041e-07 3.88954e-06 8.65754e-05 0.0011367 0.00881305 0.0404909 0.111452 0.189832 0.216988 0.189907 0.135826 0.0726333 0.0259373 0.00592013 0.000877163 8.85305e-05 6.3705e-06 3.29457e-07 1.19359e-08 2.94414e-10 4.85551e-12 5.28667e-14 3.75409e-16
 1.60909e-11 1.74729e-09 1.11865e-07 4.22266e-06 9.39891e-05 0.00123398 0.00956529 0.0439103 0.120487 0.203033 0.225033 0.185121 0.122912 0.0619867 0.0212202 0.00466821 0.000663846 6.35842e-05 4.28599e-06 2.05976e-07 6.91989e-09 1.58425e-10 2.43192e-12 2.47569e-14 1.65084e-16
 1.543e-11 1.67553e-09 1.07272e-07 4.04938e-06 9.0139e-05 0.00118368 0.00918081 0.0422135 0.116327 0.198083 0.224225 0.189627 0.127853 0.064167 0.0216383 0.00468412 0.000656888 6.20371e-05 4.09362e-06 1.89991e-07 6.07454e-09 1.30714e-10 1.86764e-12 1.7577e-14 1.07981e-16
 1.35636e-11 1.47287e-09 9.42998e-08 3.55992e-06 7.92587e-05 0.00104136 0.00808932 0.0373538 0.104133 0.182515 0.219161 0.200782 0.143425 0.0731125 0.0243798 0.00515541 0.000701128 6.37679e-05 4.02872e-06 1.78644e-07 5.46157e-09 1.12386e-10 1.5308e-12 1.36493e-14 7.88332e-17
 1.68703e-11 1.83194e-09 1.17287e-07 4.42748e-06 9.85582e-05 0.00129428 0.0100383 0.0461317 0.126781 0.213592 0.233889 0.183961 0.112386 0.0516431 0.0163172 0.00336672 0.000454137 4.12465e-05 2.58945e-06 1.12448e-07 3.3125e-09 6.488e-11 8.34986e-13 7.00933e-15 3.8067e-17
 1.42109e-11 1.54317e-09 9.8803e-08 3.73014e-06 8.30603e-05 0.00109167 0.00848599 0.0392364 0.109563 0.191878 0.227385 0.200263 0.134291 0.0637188 0.0196897 0.0038102 0.000462036 3.61298e-05 1.90504e-06 7.03706e-08 1.83626e-09 3.31662e-11 4.03003e-13 3.21745e-15 1.65816e-17
 1.18552e-11 1.2874e-09 8.24324e-08 3.11265e-06 6.93426e-05 0.000912496 0.00711611 0.0331763 0.0945502 0.17321 0.221994 0.21399 0.152538 0.0741768 0.0231204 0.00452969 0.000564598 4.60655e-05 2.52585e-06 9.37344e-08 2.32487e-09 3.78965e-11 4.0239e-13 2.78141e-15 1.2526e-17
#pred catch len freq
 9.48787e-12 1.03027e-09 6.59588e-08 2.48962e-06 5.54033e-05 0.000726938 0.00562473 0.0256906 0.0696118 0.114693 0.127958 0.129322 0.141837 0.132811 0.0932067 0.056349 0.0344696 0.0215478 0.0138783 0.00945244 0.00693968 0.00557703 0.00467653 0.00353289 0.002038
 9.55415e-12 1.03747e-09 6.64196e-08 2.50701e-06 5.57904e-05 0.000732023 0.0056643 0.0258766 0.0701878 0.116219 0.132306 0.139848 0.158201 0.146624 0.0964951 0.050637 0.0258973 0.0135822 0.00722933 0.004006 0.00238444 0.00158496 0.00116439 0.000828881 0.000473536
 1.25939e-11 1.36755e-09 8.75517e-08 3.30464e-06 7.35403e-05 0.000964895 0.00746528 0.034082 0.0921413 0.150138 0.159788 0.143049 0.139008 0.121657 0.0780963 0.0394163 0.0186393 0.00854281 0.00373531 0.00163744 0.000751333 0.000379242 0.000220384 0.000136648 7.37851e-05
 1.68177e-11 1.8262e-09 1.16915e-07 4.41295e-06 9.82039e-05 0.00128847 0.00996773 0.0454829 0.122637 0.1972 0.197642 0.146522 0.11049 0.0843585 0.0495112 0.0214383 0.00819882 0.00319418 0.00123646 0.000460757 0.000165829 6.07218e-05 2.48439e-05 1.17492e-05 5.51192e-06
 1.58581e-11 1.722e-09 1.10244e-07 4.16115e-06 9.26006e-05 0.00121496 0.00939929 0.042895 0.115739 0.186754 0.19021 0.148958 0.121954 0.0964035 0.0552812 0.0216261 0.00665749 0.0019729 0.000589735 0.00017493 5.15427e-05 1.47797e-05 4.21839e-06 1.3169e-06 4.57535e-07
 1.6159e-11 1.75468e-09 1.12336e-07 4.24013e-06 9.4358e-05 0.00123802 0.00957758 0.0437069 0.117907 0.19006 0.192681 0.148583 0.118978 0.093135 0.053543 0.0212441 0.00667005 0.00192874 0.000503508 0.000115527 2.49559e-05 5.31878e-06 1.11831e-06 2.34228e-07 5.16633e-08
 1.68354e-11 1.82813e-09 1.17038e-07 4.41761e-06 9.83076e-05 0.00128983 0.0099783 0.0455322 0.122784 0.197545 0.198502 0.148472 0.113371 0.0863829 0.0490301 0.0190817 0.00577921 0.00161613 0.000417479 9.39164e-05 1.83374e-05 3.10257e-06 4.66805e-07 6.61692e-08 9.23165e-09
 1.69008e-11 1.83522e-09 1.17493e-07 4.43476e-06 9.86891e-05 0.00129484 0.010017 0.0457087 0.123258 0.198294 0.199186 0.148797 0.113342 0.0860727 0.0484567 0.0184046 0.00527224 0.00137042 0.000333976 7.19385e-05 1.36035e-05 2.21577e-06 3.01008e-07 3.38824e-08 3.24492e-09
 1.67218e-11 1.81579e-09 1.16249e-07 4.3878e-06 9.76443e-05 0.00128113 0.00991102 0.0452258 0.121968 0.196312 0.197635 0.148797 0.114781 0.0878364 0.0496796 0.019034 0.00554553 0.00145826 0.000348642 7.11404e-05 1.25608e-05 1.92913e-06 2.50084e-07 2.65933e-08 2.262e-09
 1.64239e-11 1.78344e-09 1.14177e-07 4.30962e-06 9.59045e-05 0.00125831 0.00973451 0.044422 0.119822 0.193039 0.195187 0.149164 0.117733 0.0911225 0.0515137 0.0195239 0.00554544 0.00141687 0.000335401 6.87535e-05 1.20788e-05 1.79357e-06 2.19342e-07 2.18796e-08 1.75277e-09
 1.67633e-11 1.8203e-09 1.16537e-07 4.39869e-06 9.78866e-05 0.00128431 0.0099356 0.0453378 0.122266 0.196767 0.197972 0.148735 0.114355 0.0873698 0.0494305 0.0189817 0.00555812 0.00146854 0.000350578 7.07334e-05 1.21829e-05 1.79193e-06 2.17482e-07 2.11868e-08 1.62115e-09
 1.65464e-11 1.79674e-09 1.15029e-07 4.34178e-06 9.66201e-05 0.00126769 0.00980711 0.0447528 0.120707 0.194407 0.1963 0.149305 0.116963 0.0900597 0.0506211 0.0188985 0.0051816 0.00126409 0.000291274 5.93457e-05 1.04175e-05 1.5358e-06 1.84062e-07 1.76734e-08 1.33459e-09
 1.73912e-11 1.88848e-09 1.20902e-07 4.56346e-06 0.000101553 0.00133241 0.0103076 0.0470322 0.126794 0.203713 0.203365 0.148601 0.109102 0.0810753 0.045266 0.0170272 0.00476502 0.0011836 0.000268141 5.16749e-05 8.54491e-06 1.22688e-06 1.47498e-07 1.42577e-08 1.07274e-09
 1.70649e-11 1.85304e-09 1.18633e-07 4.47782e-06 9.96474e-05 0.00130741 0.0101143 0.046152 0.124447 0.200158 0.200824 0.149393 0.112929 0.0850606 0.0470935 0.0170013 0.0042794 0.000909279 0.000185613 3.47845e-05 5.70623e-06 7.9503e-07 9.09932e-08 8.44753e-09 6.25378e-10
 1.67975e-11 1.82401e-09 1.16775e-07 4.40767e-06 9.80863e-05 0.00128693 0.00995589 0.0454307 0.122522 0.197219 0.198618 0.149695 0.11554 0.0879917 0.0487687 0.0174938 0.00430958 0.000870974 0.000163504 2.71554e-05 3.88983e-06 4.93402e-07 5.41486e-08 4.88906e-09 3.48873e-10
 1.77006e-11 1.92208e-09 1.23053e-07 4.64464e-06 0.00010336 0.00135611 0.0104909 0.0478674 0.129028 0.207165 0.206158 0.148909 0.107084 0.0783472 0.0430452 0.015529 0.00390779 0.000818398 0.000157078 2.57142e-05 3.47782e-06 3.99231e-07 3.86627e-08 3.10912e-09 2.05172e-10
 1.79993e-11 1.95451e-09 1.25129e-07 4.72301e-06 0.000105104 0.001379 0.0106679 0.0486734 0.131183 0.210478 0.208766 0.148964 0.104765 0.0754652 0.0409974 0.0144175 0.00338362 0.000623719 0.000107064 1.69235e-05 2.31408e-06 2.6753e-07 2.51836e-08 1.88284e-09 1.11595e-10
 1.79226e-11 1.94618e-09 1.24596e-07 4.70287e-06 0.000104656 0.00137312 0.0106224 0.0484664 0.130631 0.209642 0.208168 0.149148 0.105662 0.076402 0.0414309 0.0144165 0.00327123 0.000557476 8.55432e-05 1.20213e-05 1.45328e-06 1.52294e-07 1.37444e-08 1.02003e-09 5.96224e-11
 1.76539e-11 1.917e-09 1.22728e-07 4.63238e-06 0.000103087 0.00135253 0.0104632 0.0477415 0.128695 0.206675 0.205886 0.149275 0.108016 0.0791677 0.0431887 0.0151602 0.00352357 0.000631098 0.000101551 1.42146e-05 1.60859e-06 1.50786e-07 1.199e-08 7.92511e-10 4.26756e-11
 1.76452e-11 1.91606e-09 1.22668e-07 4.6301e-06 0.000103036 0.00135187 0.0104581 0.0477182 0.128633 0.206587 0.20585 0.149383 0.108248 0.0793573 0.043193 0.0150312 0.00340332 0.000576579 8.75503e-05 1.20857e-05 1.40476e-06 1.35524e-07 1.06425e-08 6.56934e-10 3.17211e-11
 1.78575e-11 1.93911e-09 1.24144e-07 4.68581e-06 0.000104276 0.00136813 0.0105839 0.0482908 0.13016 0.208908 0.20754 0.148973 0.105921 0.0768717 0.0419593 0.0148993 0.00358737 0.000689234 0.000119073 1.72447e-05 1.96183e-06 1.81927e-07 1.40774e-08 8.79444e-10 4.28171e-11
 1.77721e-11 1.92983e-09 1.2355e-07 4.66338e-06 0.000103777 0.00136159 0.0105332 0.0480603 0.129546 0.207977 0.206874 0.149177 0.106916 0.0779087 0.0424336 0.0148927 0.00346546 0.000625116 0.000103272 1.53854e-05 1.92377e-06 1.97882e-07 1.61197e-08 1.00335e-09 4.77733e-11
 1.77311e-11 1.92538e-09 1.23265e-07 4.65263e-06 0.000103537 0.00135845 0.0105089 0.0479497 0.12925 0.20752 0.206505 0.149138 0.107187 0.0782746 0.0427323 0.0150931 0.00357605 0.000667413 0.000113057 1.66187e-05 1.99478e-06 2.00332e-07 1.68315e-08 1.13061e-09 5.81959e-11
 1.77583e-11 1.92834e-09 1.23454e-07 4.65978e-06 0.000103697 0.00136054 0.0105251 0.0480233 0.129447 0.207823 0.206746 0.149152 0.106989 0.07802 0.0425394 0.0149768 0.00351675 0.000645542 0.000108109 1.6022e-05 1.96713e-06 2.00474e-07 1.66617e-08 1.09357e-09 5.60976e-11
 1.8429e-11 2.00117e-09 1.28117e-07 4.83577e-06 0.000107613 0.00141191 0.0109224 0.0498328 0.134278 0.215206 0.212331 0.148528 0.10065 0.0708184 0.0383074 0.0135748 0.00326772 0.000629859 0.000110466 1.66357e-05 2.03294e-06 2.06175e-07 1.72614e-08 1.14901e-09 5.92929e-11
 1.86671e-11 2.02702e-09 1.29772e-07 4.89824e-06 0.000109003 0.00143015 0.0110635 0.0504754 0.135997 0.217858 0.214463 0.148718 0.0990229 0.0686636 0.0366025 0.0124739 0.00266826 0.000392927 4.89041e-05 6.03392e-06 7.11363e-07 7.37757e-08 6.27803e-09 4.189e-10 2.16373e-11
 1.94344e-11 2.11034e-09 1.35106e-07 5.09957e-06 0.000113483 0.00148893 0.011518 0.0525456 0.141525 0.226311 0.22088 0.148078 0.0918821 0.0604975 0.0317258 0.0107628 0.00229124 0.000331934 3.90652e-05 4.19103e-06 3.85709e-07 2.97582e-08 2.05645e-09 1.27572e-10 6.57788e-12
 1.92447e-11 2.08975e-09 1.33788e-07 5.04981e-06 0.000112376 0.0014744 0.0114057 0.0520339 0.140158 0.224222 0.219294 0.148237 0.0936485 0.0625171 0.0329314 0.0111851 0.00238331 0.000345932 4.08117e-05 4.36722e-06 3.93882e-07 2.84146e-08 1.68275e-09 8.20871e-11 3.27199e-12
 1.84733e-11 2.00598e-09 1.28424e-07 4.84738e-06 0.000107871 0.0014153 0.0109486 0.0499524 0.134601 0.215725 0.21285 0.148901 0.100859 0.0707484 0.0378269 0.0128779 0.00273705 0.000393798 4.57223e-05 4.82501e-06 4.3282e-07 3.11766e-08 1.83261e-09 8.66795e-11 3.17983e-12
#obs catch len freq
 1.2179e-11 1.32249e-09 8.46671e-08 3.19576e-06 7.11174e-05 0.0009331 0.0072191 0.0329538 0.0890311 0.144595 0.151743 0.130987 0.12439 0.113994 0.0845481 0.0546211 0.0332232 0.0182488 0.0086232 0.00340548 0.00108727 0.000268354 4.84991e-05 6.09226e-06 5.10318e-07
 1.15926e-11 1.25882e-09 8.05908e-08 3.04191e-06 6.76937e-05 0.000888188 0.00687197 0.0313767 0.0848657 0.138541 0.14844 0.135051 0.134219 0.122675 0.0875396 0.0529433 0.03002 0.0156375 0.00712283 0.00270705 0.000813194 0.000183907 3.0014e-05 3.39769e-06 2.57406e-07
 6.67917e-12 7.25279e-10 4.6433e-08 1.75262e-06 3.9003e-05 0.000511788 0.00396134 0.0181228 0.0494894 0.0844507 0.10686 0.136171 0.173387 0.169595 0.120498 0.0703277 0.0374682 0.0179938 0.00753118 0.00265882 0.000748243 0.000157798 2.36976e-05 2.43715e-06 1.66549e-07
 1.69931e-11 1.84525e-09 1.18135e-07 4.459e-06 9.92287e-05 0.00130191 0.0100716 0.045952 0.123824 0.198387 0.195073 0.134172 0.0892908 0.0696695 0.0542686 0.0381649 0.02272 0.0109208 0.00427641 0.00137428 0.00035116 6.76859e-05 9.33115e-06 8.79782e-07 5.48455e-08
 1.63455e-11 1.77493e-09 1.13633e-07 4.28907e-06 9.54475e-05 0.00125232 0.00968875 0.0442229 0.119385 0.192906 0.196706 0.151935 0.117868 0.0873011 0.0481021 0.019213 0.00695219 0.00280751 0.00110655 0.000352325 8.43649e-05 1.47781e-05 1.83874e-06 1.56916e-07 8.88725e-09
 1.69413e-11 1.83963e-09 1.17775e-07 4.44541e-06 9.89267e-05 0.00129797 0.0100419 0.0458341 0.123716 0.199702 0.202466 0.152857 0.113703 0.0817045 0.0444394 0.0171732 0.00518305 0.00135864 0.00032632 7.49035e-05 1.55558e-05 2.53186e-06 2.91533e-07 2.26574e-08 1.15916e-09
 1.56609e-11 1.70059e-09 1.08874e-07 4.10944e-06 9.14505e-05 0.0011999 0.00928387 0.042388 0.114579 0.186099 0.19328 0.156087 0.126234 0.0935909 0.0506193 0.0192085 0.00562646 0.00137892 0.000277584 4.47681e-05 5.96701e-06 6.75923e-07 6.2213e-08 4.22951e-09 1.9574e-10
 1.64335e-11 1.78448e-09 1.14244e-07 4.31216e-06 9.59618e-05 0.00125909 0.00974177 0.0444764 0.120184 0.194826 0.200404 0.15649 0.119716 0.0851133 0.0448765 0.0166763 0.00476069 0.00112455 0.000214555 3.1533e-05 3.5123e-06 2.95056e-07 1.86488e-08 8.85147e-10 3.09464e-11
 1.70902e-11 1.85579e-09 1.18809e-07 4.48447e-06 9.97963e-05 0.00130941 0.0101311 0.0462532 0.124966 0.202354 0.206854 0.157657 0.11506 0.0780668 0.0392563 0.0136018 0.00349846 0.000738493 0.000129022 1.76928e-05 1.83108e-06 1.39026e-07 7.53017e-09 2.84902e-10 7.44194e-12
 1.59404e-11 1.73094e-09 1.10816e-07 4.18279e-06 9.30833e-05 0.00122136 0.00945076 0.0431651 0.116821 0.190451 0.199493 0.161796 0.126818 0.0880298 0.0436688 0.014628 0.00354989 0.000687264 0.000107918 1.31533e-05 1.2089e-06 8.23195e-08 4.03528e-09 1.37672e-10 3.17885e-12
 1.64978e-11 1.79147e-09 1.14692e-07 4.32905e-06 9.63384e-05 0.00126407 0.00978136 0.044675 0.120891 0.196861 0.204871 0.162245 0.121919 0.081547 0.0393524 0.0128378 0.00300976 0.000554243 8.13524e-05 9.09483e-06 7.5102e-07 4.5235e-08 1.95069e-09 5.87151e-11 1.204e-12
 1.70015e-11 1.84616e-09 1.18193e-07 4.46122e-06 9.92799e-05 0.00130267 0.0100803 0.0460421 0.124595 0.202806 0.210258 0.163682 0.118475 0.0756872 0.0344547 0.0101808 0.00200587 0.000290894 3.41513e-05 3.26188e-06 2.40324e-07 1.30516e-08 5.05214e-10 1.35405e-11 2.45552e-13
 1.55535e-11 1.68892e-09 1.08127e-07 4.08127e-06 9.08255e-05 0.0011918 0.00922394 0.0421605 0.1144 0.188104 0.201646 0.169481 0.133024 0.0873681 0.039432 0.0113861 0.00216086 0.000292698 3.05161e-05 2.45293e-06 1.4618e-07 6.3539e-09 2.0147e-10 4.59191e-12 7.28702e-14
 1.6899e-11 1.83503e-09 1.17481e-07 4.43434e-06 9.86826e-05 0.00129488 0.0100211 0.0457904 0.124076 0.202759 0.212212 0.167094 0.119805 0.0738174 0.0321036 0.00901851 0.00166414 0.00021739 2.15671e-05 1.62429e-06 8.87143e-08 3.41495e-09 9.21021e-11 1.73039e-12 2.23497e-14
 1.4079e-11 1.52882e-09 9.78767e-08 3.69441e-06 8.22185e-05 0.00107897 0.00835378 0.0382345 0.104244 0.174177 0.195431 0.178146 0.147813 0.0965278 0.0420042 0.0115569 0.0020643 0.000257694 2.41736e-05 1.7177e-06 8.85876e-08 3.2071e-09 8.04769e-11 1.38431e-12 1.60445e-14
 1.52696e-11 1.6581e-09 1.06153e-07 4.00682e-06 8.91709e-05 0.00117019 0.00905938 0.041449 0.112819 0.187153 0.204616 0.175454 0.135444 0.0845153 0.0361047 0.00999675 0.00185335 0.000246524 2.44623e-05 1.76563e-06 8.87386e-08 3.0477e-09 7.1532e-11 1.14402e-12 1.22977e-14
 1.57944e-11 1.71509e-09 1.09802e-07 4.14454e-06 9.22365e-05 0.00121044 0.00937139 0.04288 0.116715 0.193418 0.210066 0.176061 0.1306 0.0780489 0.0317838 0.00821649 0.0013638 0.000154923 1.30542e-05 8.43582e-07 4.05142e-08 1.38124e-09 3.23695e-11 5.09076e-13 5.26517e-15
 1.54012e-11 1.67239e-09 1.07068e-07 4.04139e-06 8.99424e-05 0.00118041 0.0091407 0.0418516 0.114147 0.190287 0.209638 0.179404 0.134179 0.0792054 0.0315311 0.0079256 0.00126796 0.000136215 1.05268e-05 6.04116e-07 2.51735e-08 7.3732e-10 1.49837e-11 2.1023e-13 2.00884e-15
 1.50622e-11 1.63558e-09 1.04712e-07 3.95247e-06 8.79653e-05 0.00115454 0.00894233 0.0409708 0.111968 0.18768 0.209272 0.18185 0.136569 0.080044 0.0317754 0.00813116 0.00137391 0.000162171 1.38683e-05 8.45356e-07 3.52909e-08 9.85822e-10 1.83958e-11 2.3022e-13 1.92608e-15
 1.46748e-11 1.59352e-09 1.0202e-07 3.85088e-06 8.57069e-05 0.001125 0.00871606 0.0399693 0.109514 0.18485 0.209246 0.185252 0.139715 0.0807815 0.0314088 0.00786531 0.00130256 0.000151346 1.28681e-05 7.93089e-07 3.41355e-08 9.9666e-10 1.94106e-11 2.4857e-13 2.06165e-15
 1.61009e-11 1.74837e-09 1.11933e-07 4.22508e-06 9.40344e-05 0.00123425 0.00956073 0.0438092 0.119677 0.19982 0.21874 0.180409 0.12516 0.0682733 0.0257052 0.00633618 0.00104435 0.000121254 1.02335e-05 6.18942e-07 2.59705e-08 7.39941e-10 1.41558e-11 1.79686e-13 1.48962e-15
 1.50378e-11 1.63293e-09 1.04543e-07 3.94621e-06 8.78329e-05 0.00115306 0.00893676 0.0410195 0.112625 0.190731 0.215869 0.18747 0.134842 0.0733463 0.0266968 0.00618978 0.000927273 9.46497e-05 6.97826e-06 3.79103e-07 1.48139e-08 4.02205e-10 7.39244e-12 9.01679e-14 7.17241e-16
 1.68445e-11 1.82913e-09 1.17104e-07 4.4203e-06 9.83824e-05 0.00129143 0.0100055 0.0458648 0.125345 0.20902 0.226401 0.179973 0.116723 0.0590703 0.020699 0.00472151 0.000705623 7.20672e-05 5.22e-06 2.68363e-07 9.5525e-09 2.30682e-10 3.75254e-12 4.09533e-14 2.96807e-16
 1.51581e-11 1.646e-09 1.05381e-07 3.97794e-06 8.85457e-05 0.00116265 0.00901585 0.0414371 0.114111 0.194284 0.220847 0.189746 0.131573 0.0680815 0.02359 0.00522979 0.000750622 7.28916e-05 5.00325e-06 2.45241e-07 8.39285e-09 1.95049e-10 3.02161e-12 3.08099e-14 2.04367e-16
 1.64016e-11 1.78103e-09 1.14026e-07 4.30426e-06 9.58082e-05 0.00125795 0.00975263 0.0447842 0.122935 0.207083 0.22841 0.184748 0.118976 0.0579883 0.0192363 0.00410669 0.000565458 5.21057e-05 3.35009e-06 1.52528e-07 4.83687e-09 1.04242e-10 1.50148e-12 1.42948e-14 8.89124e-17
 1.57528e-11 1.71059e-09 1.09518e-07 4.1342e-06 9.20307e-05 0.00120863 0.0093762 0.043128 0.118902 0.202359 0.22777 0.189159 0.123661 0.0600016 0.0196081 0.00411737 0.000558568 5.06918e-05 3.18785e-06 1.40131e-07 4.22944e-09 8.56906e-11 1.14906e-12 1.01142e-14 5.79451e-17
 1.39081e-11 1.51029e-09 9.6696e-08 3.65048e-06 8.12799e-05 0.00106807 0.00829935 0.0383448 0.10696 0.1873 0.223209 0.20029 0.138683 0.068434 0.0221334 0.00454101 0.00059733 5.21902e-05 3.14062e-06 1.3177e-07 3.798e-09 7.34988e-11 9.38875e-13 7.82782e-15 4.21698e-17
 1.71634e-11 1.86378e-09 1.19326e-07 4.50453e-06 0.000100278 0.00131698 0.0102163 0.0469654 0.129118 0.217397 0.236834 0.183215 0.108596 0.0481658 0.014714 0.00293842 0.000382557 3.33142e-05 1.98982e-06 8.1748e-08 2.27103e-09 4.18406e-11 5.04924e-13 3.96135e-15 2.00513e-17
 1.45443e-11 1.57939e-09 1.01124e-07 3.81788e-06 8.50209e-05 0.00111763 0.00869083 0.0402068 0.112335 0.196506 0.231065 0.199369 0.129581 0.059467 0.0178071 0.00334261 0.000392498 2.95574e-05 1.48719e-06 5.19013e-08 1.27079e-09 2.14712e-11 2.4369e-13 1.81475e-15 8.71176e-18
#spawning biomass
 19275.8 12299 8623.38 10948.5 16583.1 23314.5 34160.9 51500.7 76963.8 104007 142506 177342 233682 259555 256428 277113 290605 292386 291417 273550 307848 326241 353893 383731 433368 368600 372237 406684 362573 333236 4309.03 4189.83 4189.83 4189.83 4189.83 4189.83 4189.83 4189.83 4189.83 4189.83 4189.83 4189.83 4189.83 4189.83 4189.83 4189.83 4189.83 4189.83 4189.83 4189.83 4189.83 4189.83 4189.83 4189.83 4189.83 4189.83 4189.83 4189.83 4189.83 4189.83 4189.83 4189.83 4189.83 4189.83 4189.83 4189.83 4189.83 4189.83 4189.83 4189.83 4189.83 4189.83 4189.83 4189.83 4189.83 4189.83 4189.83 4189.83 4189.83 4189.83 4189.83 4189.83 4189.83 4189.83 4189.83 4189.83 4189.83 4189.83 4189.83 4189.83 4189.83 4189.83 4189.83 4189.83 4189.83 4189.83 4189.83 4189.83 4189.83 4189.83 4189.83 4189.83 4189.83 4189.83 4189.83 4189.83 4189.83 4189.83 4189.83 4189.83 4189.83 4189.83 4189.83 4189.83 4189.83 4189.83 4189.83 4189.83 4189.83 4189.83 4189.83 4189.83 4189.83 4189.83 4189.83 4189.83 4189.83 4189.83 4189.83 0 0 0 0 0 0 0 0 0 0 0 0 0 0 0 0 0 0 0 0 0 0 0 0 0
