SBPRF35
0.0441644
Curr Bio
249242
B35
99135.9
F35
13.6964
FOFL
13.6964
OFL
296612
Bzero
12510.7
#pred survey bio
 3515.98 4406.94 6556.04 9719.9 14514.7 24294.9 38445.8 51262.4 68753.7 92995.1 113903 133255 143523 145142 139274 136649 134730 122343 123199 135777 138454 138920 146358 153744 161676 163407 149998 162138 4.58125e+06 1.15324e+06 318712 154937 102080 84843.4 79297.4 77538.9 76988.4 76817.8 76765.3 76749.3 76744.4 76743 76742.5 76742.4 76742.3 76742.3 76742.3 76742.3 76742.3 76742.3 76742.3 76742.3 76742.3 76742.3 76742.3 76742.3 76742.3 76742.3 76742.3 76742.3 76742.3 76742.3 76742.3 76742.3 76742.3 76742.3 76742.3 76742.3 76742.3 76742.3 76742.3 76742.3 76742.3 76742.3 76742.3 76742.3 76742.3 76742.3 76742.3 76742.3 76742.3 76742.3 76742.3 76742.3 76742.3 76742.3 76742.3 76742.3 76742.3 76742.3 76742.3 76742.3 76742.3 76742.3 76742.3 76742.3 76742.3 76742.3 76742.3 76742.3 76742.3 76742.3 76742.3 76742.3 76742.3 76742.3 76742.3 76742.3 76742.3 76742.3 76742.3 76742.3 76742.3 76742.3 76742.3 76742.3 76742.3 76742.3 76742.3 76742.3 76742.3 76742.3 76742.3 76742.3 76742.3 76742.3 76742.3 76742.3 0 0 0 0 0 0 0 0 0 0 0 0 0 0 0 0 0 0 0 0 0 0 0 0 0
#obs survey bio
 2463.95 5914.99 7226.42 9656.91 13484 19064.8 47633.7 48900.1 69517.4 100340 106431 164510 116562 160347 102021 169829 151168 102432 110848 150075 98245.2 142397 135510 195133 126429 218443 171595 154950
#pred catch bio
 889.324 1711.9 2408.66 4239.66 6544.82 12155.9 21120.7 25934.6 33652.6 50794.9 62121.7 74157.5 81762 91996.2 89885.7 82441.5 86912.3 75988.5 76706.3 92209.2 96408.5 98463.9 103619 108712 121899 130863 110681 95763.1 296612 12721.5 4839.72 4839.71 4839.71 4839.71 4839.71 4839.71 4839.71 4839.71 4839.71 4839.71 4839.71 4839.71 4839.71 4839.71 4839.71 4839.71 4839.71 4839.71 4839.71 4839.71 4839.71 4839.71 4839.71 4839.71 4839.71 4839.71 4839.71 4839.71 4839.71 4839.71 4839.71 4839.71 4839.71 4839.71 4839.71 4839.71 4839.71 4839.71 4839.71 4839.71 4839.71 4839.71 4839.71 4839.71 4839.71 4839.71 4839.71 4839.71 4839.71 4839.71 4839.71 4839.71 4839.71 4839.71 4839.71 4839.71 4839.71 4839.71 4839.71 4839.71 4839.71 4839.71 4839.71 4839.71 4839.71 4839.71 4839.71 4839.71 4839.71 4839.71 4839.71 4839.71 4839.71 4839.71 4839.71 4839.71 4839.71 4839.71 4839.71 4839.71 4839.71 4839.71 4839.71 4839.71 4839.71 4839.71 4839.71 4839.71 4839.71 4839.71 4839.71 4839.71 4839.71 4839.71 4839.71 4839.71 4839.71 4839.71 0 0 0 0 0 0 0 0 0 0 0 0 0 0 0 0 0 0 0 0 0 0 0 0 0
#obs catch bio
 1049.23 1739.12 2361.04 4316.19 6720.12 12657.3 21300.4 26140.1 33657 51516.8 62437.5 72247.7 80605.6 93309.8 96631.2 81902.6 86182.5 75778 78360.6 90555.5 92393.2 96570.2 98304.1 99602.1 118426 129472 102919 93813.2
#pred cpue bio
 3322.52 3915.36 5985.49 8792.61 12986.5 21358 34382 46532.9 62109.6 84465.6 103844 122511 133009 134785 128031 126286 125340 113509 112693 123457 127108 126048 132527 139763 146327 147797 136902 143941 4.23589e+06 1.23066e+06 308015 143406 90536 73299.6 67753.5 65995.1 65444.6 65273.9 65221.5 65205.5 65200.6 65199.1 65198.7 65198.6 65198.5 65198.5 65198.5 65198.5 65198.5 65198.5 65198.5 65198.5 65198.5 65198.5 65198.5 65198.5 65198.5 65198.5 65198.5 65198.5 65198.5 65198.5 65198.5 65198.5 65198.5 65198.5 65198.5 65198.5 65198.5 65198.5 65198.5 65198.5 65198.5 65198.5 65198.5 65198.5 65198.5 65198.5 65198.5 65198.5 65198.5 65198.5 65198.5 65198.5 65198.5 65198.5 65198.5 65198.5 65198.5 65198.5 65198.5 65198.5 65198.5 65198.5 65198.5 65198.5 65198.5 65198.5 65198.5 65198.5 65198.5 65198.5 65198.5 65198.5 65198.5 65198.5 65198.5 65198.5 65198.5 65198.5 65198.5 65198.5 65198.5 65198.5 65198.5 65198.5 65198.5 65198.5 65198.5 65198.5 65198.5 65198.5 65198.5 65198.5 65198.5 65198.5 65198.5 65198.5 0 0 0 0 0 0 0 0 0 0 0 0 0 0 0 0 0 0 0 0 0 0 0 0 0
#obs cpue bio
 1259.36 4414.01 5535.07 6803.64 11573.6 22803.9 33471.5 44506 60361.1 77335.6 107595 131270 148382 118370 102480 136671 121109 120445 108824 146875 206312 131545 188008 173432 168075 120781 187976 133244
#pred surv len freq
 1.38258e-11 1.50131e-09 9.61154e-08 3.62788e-06 8.07332e-05 0.00105925 0.00819469 0.0373973 0.100902 0.162785 0.165688 0.129709 0.107567 0.0906742 0.0638477 0.0407337 0.0267057 0.0179429 0.0124739 0.00914886 0.00718348 0.0061015 0.00531371 0.00409917 0.00238931
 1.71933e-11 1.86699e-09 1.19526e-07 4.51152e-06 0.000100397 0.00131725 0.0101902 0.0464942 0.125313 0.201089 0.1996 0.142914 0.101753 0.0760437 0.0464199 0.0229056 0.0111003 0.00580248 0.00323865 0.00194268 0.00127041 0.000924204 0.000726485 0.000537529 0.000312878
 1.57368e-11 1.70883e-09 1.09401e-07 4.12933e-06 9.18925e-05 0.00120567 0.00932741 0.0425668 0.114852 0.185309 0.188678 0.147627 0.120861 0.0960742 0.0562963 0.0235229 0.00836911 0.00303211 0.00115776 0.00048555 0.000233664 0.000131179 8.52237e-05 5.69129e-05 3.18764e-05
 1.61703e-11 1.75591e-09 1.12415e-07 4.24309e-06 9.44239e-05 0.00123888 0.00958421 0.0437357 0.117964 0.189993 0.191866 0.146072 0.115055 0.0904584 0.0544694 0.0246661 0.00975929 0.00351596 0.00108111 0.000300138 8.74021e-05 3.03467e-05 1.35157e-05 7.20021e-06 3.64034e-06
 1.6712e-11 1.81472e-09 1.1618e-07 4.38522e-06 9.75867e-05 0.00128037 0.00990512 0.045198 0.121879 0.196059 0.196868 0.146917 0.111976 0.0859464 0.0503669 0.0215525 0.0079192 0.00279728 0.000901291 0.000253331 6.12995e-05 1.32825e-05 3.07643e-06 9.50997e-07 3.63979e-07
 1.75013e-11 1.90043e-09 1.21668e-07 4.59234e-06 0.000102196 0.00134084 0.0103728 0.0473282 0.127573 0.204812 0.203746 0.147025 0.105808 0.0783649 0.0451151 0.0187928 0.00656277 0.0021707 0.000653278 0.000175059 4.20097e-05 8.70502e-06 1.52699e-06 2.47559e-07 4.71419e-08
 1.67371e-11 1.81745e-09 1.16355e-07 4.39182e-06 9.77335e-05 0.0012823 0.00992005 0.0452667 0.122072 0.196432 0.197537 0.148161 0.113684 0.0870167 0.0497899 0.0198237 0.00631733 0.00189591 0.000530351 0.000132509 2.9588e-05 5.78517e-06 9.63662e-07 1.33611e-07 1.57019e-08
 1.60188e-11 1.73945e-09 1.11361e-07 4.20334e-06 9.35392e-05 0.00122727 0.00949451 0.0433285 0.116895 0.188502 0.191445 0.148526 0.120017 0.0944509 0.0545069 0.0218015 0.0069589 0.0020521 0.000542931 0.000123762 2.50304e-05 4.48514e-06 6.91068e-07 8.89836e-08 9.30823e-09
 1.6249e-11 1.76445e-09 1.12962e-07 4.26374e-06 9.48834e-05 0.00124491 0.00963087 0.0439491 0.118547 0.190984 0.193117 0.147638 0.116816 0.0913049 0.0533541 0.022281 0.00771569 0.00245695 0.000673479 0.000153412 2.98745e-05 4.9606e-06 6.92813e-07 8.08979e-08 7.73535e-09
 1.59813e-11 1.73538e-09 1.111e-07 4.19348e-06 9.332e-05 0.0012244 0.00947225 0.0432266 0.116617 0.188027 0.19084 0.147756 0.119141 0.0940196 0.0550439 0.0229765 0.00798483 0.00259702 0.000748852 0.00018353 3.80138e-05 6.4549e-06 8.81621e-07 9.66573e-08 8.44598e-09
 1.5796e-11 1.71525e-09 1.09812e-07 4.14486e-06 9.22379e-05 0.0012102 0.00936247 0.0427268 0.115284 0.186009 0.189401 0.148215 0.12133 0.0962991 0.0560893 0.0229567 0.00769205 0.00242131 0.000690081 0.00017097 3.67436e-05 6.6177e-06 9.59805e-07 1.08864e-07 9.44245e-09
 1.53556e-11 1.66744e-09 1.06751e-07 4.02931e-06 8.96666e-05 0.00117647 0.0091016 0.0415386 0.112109 0.181137 0.18562 0.148312 0.125019 0.100727 0.0590325 0.0243457 0.00824362 0.00259806 0.000726967 0.000174604 3.66629e-05 6.60552e-06 9.84356e-07 1.17084e-07 1.06964e-08
 1.49184e-11 1.61996e-09 1.03711e-07 3.91457e-06 8.71134e-05 0.00114297 0.00884254 0.0403586 0.108956 0.176296 0.18185 0.148363 0.128611 0.105062 0.0619398 0.0257571 0.00885063 0.00283348 0.000802306 0.000193782 4.03662e-05 7.11606e-06 1.03759e-06 1.22787e-07 1.14249e-08
 1.48019e-11 1.60731e-09 1.02902e-07 3.88402e-06 8.64334e-05 0.00113405 0.00877355 0.0400443 0.108116 0.175 0.180813 0.148287 0.12943 0.106121 0.0627432 0.026251 0.00912449 0.00296008 0.000849543 0.000208424 4.40556e-05 7.82843e-06 1.13761e-06 1.32669e-07 1.2138e-08
 1.53685e-11 1.66883e-09 1.0684e-07 4.03268e-06 8.97416e-05 0.00117745 0.00910921 0.0415734 0.112206 0.181308 0.185869 0.14869 0.125488 0.100967 0.0587554 0.0237441 0.00775593 0.0023831 0.000671533 0.000165645 3.54992e-05 6.40736e-06 9.447e-07 1.11169e-07 1.01676e-08
 1.50898e-11 1.63857e-09 1.04903e-07 3.95956e-06 8.81143e-05 0.0011561 0.00894413 0.0408218 0.110201 0.178262 0.183651 0.149233 0.128559 0.104265 0.0604297 0.0239591 0.00750092 0.00217816 0.000578628 0.000134372 2.75887e-05 4.9146e-06 7.29535e-07 8.70485e-08 8.07129e-09
 1.47099e-11 1.59732e-09 1.02262e-07 3.85989e-06 8.58964e-05 0.001127 0.00871909 0.0397965 0.107457 0.174023 0.180214 0.148832 0.131006 0.107603 0.0631904 0.0258526 0.00858049 0.00261882 0.000697693 0.000155784 3.00865e-05 5.03064e-06 7.10342e-07 8.26075e-08 7.63513e-09
 1.4868e-11 1.61449e-09 1.03361e-07 3.90137e-06 8.68195e-05 0.00113911 0.00881274 0.0402232 0.108599 0.17579 0.181656 0.149029 0.130031 0.10623 0.062 0.0249976 0.00809814 0.00244457 0.000666344 0.000155567 3.09359e-05 5.10903e-06 6.87885e-07 7.53062e-08 6.60596e-09
 1.56259e-11 1.69679e-09 1.0863e-07 4.10024e-06 9.1245e-05 0.00119718 0.00926174 0.0422681 0.11406 0.184142 0.18801 0.148442 0.123048 0.0982174 0.057179 0.0232564 0.00766611 0.00234071 0.000634224 0.000146275 2.92043e-05 4.95192e-06 6.85384e-07 7.51765e-08 6.39313e-09
 1.59366e-11 1.73052e-09 1.1079e-07 4.18176e-06 9.3059e-05 0.00122097 0.00944579 0.0431066 0.116303 0.187601 0.19078 0.148658 0.120877 0.0953799 0.0549833 0.0218799 0.00692446 0.0020389 0.000547461 0.000127185 2.5501e-05 4.30922e-06 5.97108e-07 6.64645e-08 5.76376e-09
 1.5452e-11 1.6779e-09 1.07421e-07 4.0546e-06 9.02294e-05 0.00118385 0.00915873 0.0417995 0.112816 0.1823 0.186907 0.149553 0.126137 0.101038 0.0578634 0.0222769 0.00654735 0.00176145 0.000442166 9.78973e-05 1.90583e-05 3.19405e-06 4.43283e-07 4.94043e-08 4.29576e-09
 1.6047e-11 1.74251e-09 1.11557e-07 4.21073e-06 9.37037e-05 0.00122943 0.00951122 0.0434049 0.117104 0.188861 0.191912 0.149139 0.120727 0.0948008 0.0540704 0.0208553 0.00615053 0.00164134 0.000396414 8.15448e-05 1.4571e-05 2.28076e-06 3.03248e-07 3.31153e-08 2.8636e-09
 1.61499e-11 1.75369e-09 1.12273e-07 4.23774e-06 9.43048e-05 0.00123732 0.00957222 0.0436829 0.117848 0.190018 0.192882 0.149355 0.120226 0.0940026 0.0532754 0.0201915 0.00572624 0.00145769 0.000342788 6.95932e-05 1.21182e-05 1.79479e-06 2.2085e-07 2.23649e-08 1.83139e-09
 1.59566e-11 1.7327e-09 1.10929e-07 4.18702e-06 9.31762e-05 0.00122251 0.00945771 0.0431614 0.116456 0.187888 0.191262 0.149506 0.122011 0.0960553 0.0545197 0.0206468 0.00583247 0.00146851 0.000337372 6.59543e-05 1.10236e-05 1.58332e-06 1.89222e-07 1.8302e-08 1.4031e-09
 1.61727e-11 1.75616e-09 1.12431e-07 4.24371e-06 9.44378e-05 0.00123906 0.0095857 0.0437443 0.118012 0.190266 0.193059 0.149298 0.119959 0.093729 0.0531599 0.0202053 0.00576072 0.00146708 0.000338755 6.59264e-05 1.08395e-05 1.51132e-06 1.73853e-07 1.61921e-08 1.19756e-09
 1.62085e-11 1.76005e-09 1.1268e-07 4.2531e-06 9.46467e-05 0.00124181 0.00960691 0.0438411 0.118273 0.190688 0.193492 0.149637 0.120185 0.0937113 0.0527577 0.019591 0.00528469 0.00125082 0.000276602 5.33846e-05 8.81776e-06 1.23043e-06 1.4009e-07 1.27492e-08 9.12202e-10
 1.57648e-11 1.71187e-09 1.09595e-07 4.13668e-06 9.20559e-05 0.00120781 0.00934406 0.0426441 0.115079 0.185818 0.189864 0.150232 0.124658 0.0986617 0.0554829 0.0202641 0.00522083 0.00114415 0.000234102 4.2047e-05 6.50299e-06 8.71823e-07 9.80236e-08 8.90109e-09 6.3269e-10
 1.70711e-11 1.85372e-09 1.18677e-07 4.47946e-06 9.96839e-05 0.00130789 0.010118 0.0461685 0.124487 0.200185 0.200679 0.148843 0.112047 0.0844666 0.0473286 0.0177908 0.00495092 0.00120787 0.000261796 4.61691e-05 6.67188e-06 8.23557e-07 8.59228e-08 7.37859e-09 5.08435e-10
#obs surv len freq
 1.78714e-11 1.94062e-09 1.2424e-07 4.68945e-06 0.000104357 0.00136919 0.0105919 0.0483226 0.130177 0.208351 0.204149 0.139037 0.0905732 0.0671073 0.0468058 0.0286474 0.0152191 0.00656754 0.00223181 0.000596968 0.000123107 1.8877e-05 2.08127e-06 1.60225e-07 8.38445e-09
 1.60865e-11 1.7468e-09 1.11832e-07 4.2211e-06 9.39348e-05 0.00123247 0.00953479 0.0435138 0.117402 0.189287 0.191682 0.146278 0.11435 0.0892397 0.0546651 0.0259894 0.0108641 0.00412176 0.00132482 0.0003397 6.65294e-05 9.60056e-06 9.90494e-07 7.10045e-08 3.44261e-09
 1.68112e-11 1.8255e-09 1.1687e-07 4.41126e-06 9.81664e-05 0.00128798 0.00996414 0.0454694 0.122622 0.197214 0.19729 0.144032 0.104833 0.0801058 0.0519266 0.0274563 0.0120969 0.00420626 0.00111538 0.000233046 3.92822e-05 5.14817e-06 4.93358e-07 3.29306e-08 1.48163e-09
 1.58232e-11 1.71822e-09 1.10002e-07 4.15202e-06 9.23976e-05 0.00121231 0.00937914 0.0428093 0.115564 0.186698 0.190263 0.146991 0.115483 0.0899476 0.0562233 0.0279886 0.011839 0.00412831 0.00111349 0.000225706 3.39115e-05 3.73909e-06 3.00638e-07 1.7356e-08 6.97431e-10
 1.66563e-11 1.80867e-09 1.15793e-07 4.37061e-06 9.7262e-05 0.00127613 0.00987279 0.0450592 0.121588 0.196 0.197597 0.146827 0.108046 0.0811435 0.0509191 0.0258643 0.0109192 0.00365413 0.000925963 0.000177083 2.53986e-05 2.6524e-06 1.95138e-07 9.88769e-09 3.4014e-10
 1.72504e-11 1.87319e-09 1.19923e-07 4.52651e-06 0.000100731 0.00132165 0.010225 0.0466668 0.125918 0.202864 0.203744 0.148791 0.105178 0.075524 0.0452831 0.0218262 0.00880665 0.00287442 0.000717698 0.000133854 1.83299e-05 1.79917e-06 1.23653e-07 5.82689e-09 1.84384e-10
 1.53777e-11 1.66984e-09 1.06905e-07 4.03513e-06 8.97969e-05 0.00117821 0.00911622 0.0416253 0.11254 0.182865 0.189939 0.152842 0.123067 0.0932677 0.0550765 0.0252207 0.00949063 0.0028768 0.000668024 0.000116581 1.5085e-05 1.40655e-06 9.15053e-08 4.04599e-09 1.19111e-10
 1.59545e-11 1.73248e-09 1.10915e-07 4.18648e-06 9.31651e-05 0.0012224 0.00945804 0.0431828 0.116699 0.189176 0.194322 0.150822 0.115404 0.0863145 0.0530396 0.0260712 0.0102936 0.00309495 0.000680187 0.000109313 1.28988e-05 1.09946e-06 6.58681e-08 2.70082e-09 7.40259e-11
 1.53841e-11 1.67053e-09 1.06949e-07 4.03681e-06 8.98346e-05 0.00117872 0.00912067 0.0416534 0.112682 0.183386 0.190931 0.153039 0.120908 0.0906597 0.0549183 0.0266647 0.0105863 0.00328217 0.000754926 0.000125472 1.47575e-05 1.20283e-06 6.68962e-08 2.50974e-09 6.27242e-11
 1.53487e-11 1.66668e-09 1.06703e-07 4.02751e-06 8.96279e-05 0.00117603 0.00910016 0.0415657 0.1125 0.183365 0.191605 0.154209 0.121401 0.090257 0.0544016 0.026232 0.0102101 0.0030706 0.000686563 0.000112351 1.31866e-05 1.07657e-06 5.93799e-08 2.16496e-09 5.1369e-11
 1.4853e-11 1.61286e-09 1.03257e-07 3.89746e-06 8.67344e-05 0.00113809 0.00880736 0.0402419 0.109055 0.178555 0.18926 0.156985 0.126733 0.0940268 0.0556209 0.0260902 0.00982454 0.00285113 0.000613178 9.60937e-05 1.07828e-05 8.44505e-07 4.49756e-08 1.59193e-09 3.67104e-11
 1.50275e-11 1.63181e-09 1.0447e-07 3.94325e-06 8.77535e-05 0.00115147 0.00891115 0.0407188 0.110358 0.180642 0.190856 0.156235 0.123642 0.0914324 0.0552817 0.0267548 0.0102386 0.00295674 0.000623924 9.49713e-05 1.02566e-05 7.67263e-07 3.88323e-08 1.30337e-09 2.85107e-11
 1.3524e-11 1.46854e-09 9.40176e-08 3.54874e-06 7.89753e-05 0.00103635 0.00802219 0.0366904 0.0997844 0.165393 0.181824 0.161876 0.138345 0.103686 0.0608972 0.0282539 0.0104416 0.00295236 0.000613902 9.16745e-05 9.61088e-06 6.90431e-07 3.32704e-08 1.05646e-09 2.17636e-11
 1.41562e-11 1.5372e-09 9.8413e-08 3.71464e-06 8.26675e-05 0.0010848 0.00839698 0.038398 0.104333 0.172187 0.186141 0.158995 0.130283 0.0975621 0.0594797 0.0287275 0.0107001 0.00294564 0.000586361 8.36706e-05 8.41435e-06 5.81025e-07 2.68513e-08 8.13328e-10 1.58824e-11
 1.33124e-11 1.44557e-09 9.25473e-08 3.49326e-06 7.77421e-05 0.00102023 0.00789915 0.0361528 0.0985302 0.164254 0.182702 0.164313 0.13941 0.103191 0.0605351 0.0281416 0.0102872 0.00283053 0.000564014 7.93545e-05 7.71154e-06 5.07142e-07 2.21756e-08 6.34556e-10 1.17046e-11
 1.36465e-11 1.48185e-09 9.48698e-08 3.58093e-06 7.96937e-05 0.00104586 0.00809779 0.0370629 0.10099 0.168055 0.185352 0.163001 0.135081 0.0999328 0.0597351 0.0281174 0.0101463 0.00270272 0.000519431 7.08707e-05 6.70817e-06 4.28761e-07 1.80736e-08 4.93424e-10 8.60477e-12
 1.37624e-11 1.49444e-09 9.56758e-08 3.61137e-06 8.03721e-05 0.0010548 0.00816807 0.0373982 0.102005 0.170137 0.188285 0.165294 0.134843 0.0973283 0.0567655 0.0262303 0.00937808 0.00248648 0.000472905 6.30089e-05 5.75184e-06 3.52159e-07 1.41894e-08 3.69981e-10 6.15083e-12
 1.29776e-11 1.40921e-09 9.02198e-08 3.40545e-06 7.57917e-05 0.000994786 0.00770574 0.0353175 0.0966423 0.162759 0.184565 0.168609 0.141637 0.102792 0.0594834 0.0270247 0.00943439 0.00243855 0.000452936 5.89771e-05 5.24538e-06 3.10833e-07 1.20237e-08 2.98766e-10 4.70792e-12
 1.42107e-11 1.54312e-09 9.87925e-08 3.72904e-06 8.29931e-05 0.00108928 0.00843675 0.038648 0.105527 0.176231 0.194435 0.167322 0.131431 0.0916894 0.0519672 0.0230629 0.00777031 0.00191877 0.000338757 4.18955e-05 3.54507e-06 2.00251e-07 7.38844e-09 1.74904e-10 2.61868e-12
 1.46454e-11 1.59032e-09 1.01815e-07 3.84314e-06 8.55341e-05 0.00112269 0.00869681 0.0398548 0.108921 0.182189 0.201051 0.17113 0.129814 0.0855595 0.0452335 0.0187251 0.0059502 0.00139884 0.000235252 2.7569e-05 2.19793e-06 1.16586e-07 4.03547e-09 8.96623e-11 1.26105e-12
 1.3614e-11 1.47832e-09 9.46451e-08 3.57258e-06 7.95167e-05 0.00104389 0.00809074 0.0371383 0.101995 0.172982 0.197312 0.177019 0.13958 0.0920645 0.0472508 0.0185499 0.00549218 0.00119231 0.000185061 2.01033e-05 1.49273e-06 7.39071e-08 2.38703e-09 4.94147e-11 6.46658e-13
 1.49406e-11 1.62238e-09 1.03868e-07 3.92069e-06 8.72639e-05 0.00114554 0.00887658 0.0407103 0.111447 0.186917 0.206388 0.173524 0.127633 0.0810584 0.0409543 0.0157428 0.00446323 0.000905623 0.000128971 1.27227e-05 8.55826e-07 3.84986e-08 1.13538e-09 2.15655e-11 2.59867e-13
 1.41889e-11 1.54076e-09 9.86435e-08 3.72359e-06 8.28829e-05 0.00108826 0.00843794 0.0387676 0.10666 0.18125 0.205961 0.180236 0.134909 0.0834435 0.0399182 0.0144641 0.00390362 0.000760041 0.000103503 9.63351e-06 6.01459e-07 2.47761e-08 6.637e-10 1.14152e-11 1.24612e-13
 1.48166e-11 1.60893e-09 1.03007e-07 3.88834e-06 8.65508e-05 0.00113642 0.00881109 0.0404701 0.111186 0.187913 0.210027 0.177832 0.128713 0.0785609 0.0375562 0.0134577 0.00350767 0.000646688 8.26588e-05 7.21277e-06 4.22347e-07 1.62807e-08 4.0586e-10 6.4484e-12 6.456e-14
 1.37456e-11 1.49263e-09 9.55632e-08 3.60748e-06 8.03088e-05 0.00105482 0.00818603 0.037696 0.104283 0.179322 0.207812 0.184967 0.137862 0.0831998 0.0383558 0.0131912 0.00331616 0.000591239 7.26883e-05 6.03252e-06 3.32111e-07 1.19408e-08 2.7651e-10 4.07377e-12 3.77748e-14
 1.31232e-11 1.42506e-09 9.12385e-08 3.44436e-06 7.66853e-05 0.00100749 0.00782417 0.0360926 0.100272 0.17408 0.205389 0.18723 0.142499 0.0872795 0.0404903 0.0137692 0.00334698 0.000567414 6.5833e-05 5.14827e-06 2.67022e-07 9.02885e-09 1.95885e-10 2.69108e-12 2.31663e-14
 1.40699e-11 1.52785e-09 9.78202e-08 3.69284e-06 8.22171e-05 0.00108013 0.00838635 0.0386511 0.107032 0.183917 0.21133 0.183875 0.133499 0.0796332 0.036599 0.0123784 0.00297734 0.000494667 5.55558e-05 4.15033e-06 2.03323e-07 6.44419e-09 1.30508e-10 1.67036e-12 1.33811e-14
 1.48174e-11 1.60904e-09 1.03019e-07 3.88919e-06 8.65927e-05 0.00113772 0.008835 0.040726 0.112743 0.19315 0.21922 0.184561 0.126623 0.0705051 0.0302193 0.0096018 0.00219638 0.000350716 3.80273e-05 2.73848e-06 1.28611e-07 3.87922e-09 7.42029e-11 8.91002e-13 6.6606e-15
#pred catch len freq
 1.2157e-11 1.3201e-09 8.45143e-08 3.18999e-06 7.09889e-05 0.000931414 0.00720603 0.0328935 0.08886 0.144244 0.150982 0.129015 0.119794 0.10577 0.0741498 0.0460516 0.0294913 0.019623 0.0136046 0.00997132 0.00782809 0.00664884 0.00579037 0.00446687 0.00260363
 1.62327e-11 1.76267e-09 1.12848e-07 4.25944e-06 9.47878e-05 0.00124365 0.00962105 0.043902 0.118389 0.190481 0.191441 0.143369 0.110153 0.0858588 0.0525466 0.0253977 0.0119499 0.00613846 0.00340737 0.00204122 0.00133448 0.000970768 0.000763081 0.000564606 0.000328639
 1.45227e-11 1.57699e-09 1.0096e-07 3.81074e-06 8.48027e-05 0.00111266 0.00860811 0.0392908 0.106103 0.171923 0.178471 0.148492 0.131935 0.108838 0.0640559 0.0264164 0.00914176 0.00322884 0.00121906 0.000509616 0.000245063 0.000137559 8.93667e-05 5.96795e-05 3.34259e-05
 1.53097e-11 1.66245e-09 1.06432e-07 4.01727e-06 8.93987e-05 0.00117295 0.00907437 0.0414136 0.111763 0.180507 0.184644 0.146719 0.122957 0.099547 0.0599705 0.0266855 0.0102694 0.00362647 0.00110576 0.000306013 8.89968e-05 3.08873e-05 1.37553e-05 7.32778e-06 3.70484e-06
 1.59402e-11 1.73091e-09 1.10815e-07 4.18269e-06 9.30799e-05 0.00122125 0.00944788 0.0431155 0.116318 0.187555 0.190405 0.147536 0.119121 0.0941352 0.0552826 0.0233086 0.00832965 0.00287457 0.000916866 0.000256863 6.20855e-05 1.34474e-05 3.1142e-06 9.62637e-07 3.68431e-07
 1.69845e-11 1.84432e-09 1.18075e-07 4.45674e-06 9.91782e-05 0.00130125 0.0100666 0.0459339 0.12385 0.199123 0.199442 0.147503 0.11069 0.0839133 0.0483804 0.0198796 0.00675752 0.00218135 0.000649087 0.000173265 4.1524e-05 8.60048e-06 1.50844e-06 2.44541e-07 4.65665e-08
 1.63904e-11 1.7798e-09 1.13945e-07 4.30084e-06 9.5709e-05 0.00125574 0.00971466 0.0443313 0.119575 0.192621 0.194677 0.148557 0.117073 0.0908148 0.0519481 0.0204465 0.00635416 0.00185661 0.000512137 0.000127338 2.83879e-05 5.54749e-06 9.2391e-07 1.28092e-07 1.50532e-08
 1.54458e-11 1.67723e-09 1.07378e-07 4.05298e-06 9.01933e-05 0.00118338 0.00915505 0.0417825 0.112767 0.182195 0.186678 0.149072 0.125455 0.100618 0.058119 0.0229822 0.00715478 0.00205531 0.000536356 0.000121655 2.45596e-05 4.39775e-06 6.77447e-07 8.72238e-08 9.12396e-09
 1.56187e-11 1.69601e-09 1.0858e-07 4.09835e-06 9.12029e-05 0.00119662 0.00925746 0.0422485 0.114006 0.184045 0.187864 0.148213 0.122757 0.0980631 0.0573392 0.023617 0.00796352 0.00247601 0.000671085 0.000152245 2.95995e-05 4.91163e-06 6.85803e-07 8.00727e-08 7.65625e-09
 1.56066e-11 1.69469e-09 1.08495e-07 4.09516e-06 9.11319e-05 0.00119569 0.00925026 0.0422157 0.113918 0.18391 0.18776 0.148215 0.122852 0.0981559 0.0573632 0.0236058 0.00798572 0.0025351 0.000722748 0.000176436 3.64923e-05 6.19313e-06 8.45697e-07 9.27121e-08 8.10103e-09
 1.54078e-11 1.6731e-09 1.07114e-07 4.043e-06 8.99713e-05 0.00118047 0.00913252 0.0416796 0.112489 0.181743 0.186205 0.148676 0.12515 0.100568 0.0584984 0.0236306 0.00771263 0.00236702 0.000666294 0.000164368 3.52718e-05 6.34916e-06 9.20685e-07 1.04421e-07 9.05685e-09
 1.50124e-11 1.63016e-09 1.04365e-07 3.93924e-06 8.76622e-05 0.00115017 0.00889824 0.0406125 0.109638 0.177369 0.182811 0.148766 0.128469 0.104549 0.0611415 0.0248738 0.00820287 0.00252182 0.000697197 0.000166742 3.49571e-05 6.29445e-06 9.37811e-07 1.11541e-07 1.01898e-08
 1.46352e-11 1.58921e-09 1.01742e-07 3.84027e-06 8.54599e-05 0.00112128 0.00867479 0.0395947 0.106918 0.173193 0.179558 0.148808 0.131563 0.108285 0.0636498 0.0260949 0.00873034 0.00272743 0.000763347 0.000183619 3.81914e-05 6.72876e-06 9.80914e-07 1.16073e-07 1.07999e-08
 1.48549e-11 1.61306e-09 1.0327e-07 3.89792e-06 8.67428e-05 0.00113811 0.00880496 0.0401875 0.1085 0.17561 0.181378 0.148577 0.129445 0.105894 0.0622626 0.0256617 0.008682 0.0027492 0.000780119 0.000190633 4.02362e-05 7.14577e-06 1.0382e-06 1.21068e-07 1.10764e-08
 1.547e-11 1.67986e-09 1.07546e-07 4.05933e-06 9.03347e-05 0.00118523 0.00916939 0.0418477 0.11294 0.182448 0.186819 0.14888 0.124962 0.100164 0.0579918 0.0231292 0.00736219 0.00220384 0.000612882 0.000150489 3.22012e-05 5.80887e-06 8.56298e-07 1.0076e-07 9.2154e-09
 1.49704e-11 1.62561e-09 1.04073e-07 3.92823e-06 8.74173e-05 0.00114696 0.00887341 0.0404998 0.109343 0.176962 0.182725 0.149529 0.12997 0.105733 0.0611017 0.0239458 0.00731428 0.0020677 0.000541391 0.000125073 2.56331e-05 4.56324e-06 6.77231e-07 8.08021e-08 7.49196e-09
 1.48172e-11 1.60897e-09 1.03008e-07 3.88804e-06 8.65229e-05 0.00113522 0.00878265 0.0400861 0.108233 0.175229 0.181225 0.149056 0.130483 0.106774 0.0623677 0.0251663 0.00813798 0.00242225 0.000637321 0.00014166 2.7311e-05 4.56329e-06 6.44186e-07 7.4908e-08 6.92331e-09
 1.48442e-11 1.61191e-09 1.03196e-07 3.89512e-06 8.66805e-05 0.00113729 0.00879865 0.0401592 0.10843 0.175547 0.181547 0.149299 0.130631 0.106734 0.0620422 0.0246972 0.00779886 0.00229362 0.000616908 0.000143349 2.84589e-05 4.69699e-06 6.32262e-07 6.92113e-08 6.07115e-09
 1.56128e-11 1.69536e-09 1.08539e-07 4.09679e-06 9.11683e-05 0.00119617 0.00925397 0.0422328 0.113968 0.184016 0.187989 0.148698 0.123542 0.0986022 0.0571541 0.0229376 0.00736751 0.00219303 0.000586679 0.000134692 2.68464e-05 4.54913e-06 6.29489e-07 6.90405e-08 5.87116e-09
 1.61952e-11 1.7586e-09 1.12587e-07 4.24961e-06 9.45689e-05 0.00124078 0.00959899 0.0438045 0.118168 0.19047 0.193042 0.148717 0.118889 0.0929036 0.0532187 0.0209126 0.00645441 0.0018505 0.000489916 0.000113247 2.26669e-05 3.82785e-06 5.30286e-07 5.9022e-08 5.11822e-09
 1.58011e-11 1.71581e-09 1.09848e-07 4.1462e-06 9.22677e-05 0.00121059 0.00936553 0.0427415 0.115333 0.186164 0.189912 0.149501 0.123251 0.0975617 0.0555374 0.0211573 0.00607825 0.00159002 0.000392494 8.63619e-05 1.67777e-05 2.80975e-06 3.8985e-07 4.34456e-08 3.77755e-09
 1.64396e-11 1.78514e-09 1.14286e-07 4.31374e-06 9.59961e-05 0.00125951 0.0097438 0.0444643 0.119934 0.193204 0.195282 0.149052 0.117437 0.0908597 0.0514642 0.0196348 0.00565962 0.00146922 0.000349069 7.13595e-05 1.27223e-05 1.98961e-06 2.64453e-07 2.88758e-08 2.49692e-09
 1.65311e-11 1.79508e-09 1.14923e-07 4.33777e-06 9.65308e-05 0.00126652 0.00979806 0.0447115 0.120597 0.194233 0.196143 0.149238 0.116984 0.090145 0.0507592 0.0190513 0.00528826 0.00130875 0.000302257 6.09384e-05 1.05856e-05 1.56637e-06 1.92678e-07 1.95097e-08 1.59753e-09
 1.634e-11 1.77433e-09 1.13594e-07 4.28762e-06 9.54149e-05 0.00125188 0.00968484 0.0441959 0.11922 0.192127 0.194542 0.149388 0.11875 0.0921747 0.0519879 0.0194993 0.00539246 0.00132016 0.00029785 5.78162e-05 9.63888e-06 1.38305e-06 1.65225e-07 1.59789e-08 1.22495e-09
 1.67735e-11 1.8214e-09 1.16608e-07 4.40136e-06 9.7946e-05 0.00128509 0.00994164 0.0453655 0.122343 0.196903 0.19817 0.149038 0.114733 0.0875723 0.0492277 0.0185167 0.00516589 0.00127934 0.000290229 5.60949e-05 9.20017e-06 1.28146e-06 1.47353e-07 1.37222e-08 1.01484e-09
 1.70238e-11 1.84858e-09 1.18348e-07 4.46703e-06 9.94074e-05 0.00130426 0.0100899 0.0460409 0.124149 0.199686 0.200387 0.149169 0.112919 0.0852434 0.0474758 0.0174658 0.00462042 0.00106296 0.000230344 4.40922e-05 7.26248e-06 1.01235e-06 1.15217e-07 1.04841e-08 7.50101e-10
 1.62997e-11 1.76995e-09 1.13314e-07 4.27704e-06 9.51794e-05 0.00124879 0.00966096 0.0440874 0.118934 0.191721 0.19439 0.149933 0.119902 0.0931123 0.0520126 0.0188581 0.0047761 0.0010179 0.000203661 3.62235e-05 5.58333e-06 7.47588e-07 8.40158e-08 7.6279e-09 5.42164e-10
 1.69045e-11 1.83563e-09 1.17519e-07 4.43575e-06 9.87112e-05 0.00129513 0.0100193 0.0457191 0.123288 0.198357 0.19932 0.149077 0.113741 0.0863331 0.0483421 0.0180244 0.00491458 0.00116621 0.000248161 4.34407e-05 6.25995e-06 7.7173e-07 8.04711e-08 6.90904e-09 4.76049e-10
#obs catch len freq
 1.11222e-11 1.20774e-09 7.73206e-08 2.91847e-06 6.49469e-05 0.000852151 0.00659326 0.0301067 0.0814653 0.133266 0.14407 0.134332 0.137434 0.128596 0.0944132 0.0579146 0.0309389 0.0136039 0.00473589 0.00129238 0.00027072 4.2235e-05 4.75499e-06 3.73915e-07 1.99209e-08
 1.65419e-11 1.79625e-09 1.14998e-07 4.34059e-06 9.65937e-05 0.00126734 0.0098043 0.0447365 0.120605 0.193701 0.19276 0.138787 0.100138 0.0790419 0.055971 0.0342018 0.0179531 0.00760278 0.00252341 0.000655279 0.000130297 1.91395e-05 2.00915e-06 1.46439e-07 7.21931e-09
 1.47101e-11 1.59734e-09 1.02263e-07 3.85993e-06 8.58975e-05 0.00112703 0.00871958 0.039804 0.107527 0.174354 0.180789 0.147946 0.126348 0.10211 0.0626938 0.0296993 0.0123178 0.00459732 0.00144224 0.000358401 6.75745e-05 9.32889e-06 9.15244e-07 6.20503e-08 2.83188e-09
 1.569e-11 1.70374e-09 1.09075e-07 4.11705e-06 9.16194e-05 0.0012021 0.00930012 0.0424481 0.114582 0.185064 0.1884 0.145184 0.114188 0.0904208 0.0588169 0.030886 0.0133963 0.00455536 0.00117763 0.000238854 3.87936e-05 4.85999e-06 4.42308e-07 2.78898e-08 1.18013e-09
 1.48645e-11 1.61411e-09 1.03337e-07 3.90046e-06 8.67996e-05 0.00113887 0.0088115 0.0402282 0.108713 0.176448 0.183109 0.148721 0.123982 0.0985662 0.0614855 0.0303623 0.0126484 0.00430912 0.00112907 0.00022117 3.1944e-05 3.36784e-06 2.57376e-07 1.40345e-08 5.29872e-10
 1.58449e-11 1.72057e-09 1.10152e-07 4.15771e-06 9.25244e-05 0.00121398 0.00939244 0.0428759 0.1158 0.187373 0.191663 0.148415 0.115232 0.088356 0.0553322 0.0278266 0.0115354 0.00376423 0.000925956 0.000171017 2.35394e-05 2.34527e-06 1.63786e-07 7.84116e-09 2.53686e-10
 1.6626e-11 1.80539e-09 1.15582e-07 4.36266e-06 9.70855e-05 0.00127383 0.00985544 0.0449884 0.121483 0.196327 0.19948 0.150471 0.110956 0.0808931 0.0482904 0.0230199 0.00911658 0.00289868 0.000701269 0.000126045 1.65387e-05 1.5471e-06 1.00827e-07 4.48444e-09 1.33391e-10
 1.4806e-11 1.60776e-09 1.0293e-07 3.88512e-06 8.6459e-05 0.00113443 0.00877806 0.0400918 0.108509 0.177044 0.18651 0.155057 0.128664 0.0978598 0.0572676 0.0258786 0.0095449 0.00281539 0.000632926 0.000106369 1.31733e-05 1.16892e-06 7.20154e-08 3.00255e-09 8.30354e-11
 1.53982e-11 1.67207e-09 1.07047e-07 4.04051e-06 8.99169e-05 0.0011798 0.00912901 0.041691 0.112779 0.183509 0.190932 0.152814 0.120695 0.0908611 0.055386 0.0268165 0.0103421 0.00301787 0.000641075 9.91217e-05 1.11875e-05 9.06881e-07 5.14074e-08 1.98561e-09 5.10722e-11
 1.49561e-11 1.62406e-09 1.03974e-07 3.92451e-06 8.73359e-05 0.00114596 0.00886777 0.0405093 0.109699 0.179191 0.188768 0.15515 0.125185 0.0938513 0.0562678 0.0268935 0.0104265 0.00313418 0.000695161 0.000110823 1.24378e-05 9.62903e-07 5.06451e-08 1.78925e-09 4.19451e-11
 1.50349e-11 1.63262e-09 1.04521e-07 3.94519e-06 8.77964e-05 0.00115202 0.00891501 0.0407308 0.110346 0.18045 0.190436 0.156281 0.124727 0.0923477 0.0549832 0.0260479 0.00988349 0.002879 0.000620357 9.72789e-05 1.08766e-05 8.41643e-07 4.38188e-08 1.50272e-09 3.34336e-11
 1.45393e-11 1.57879e-09 1.01076e-07 3.81514e-06 8.49029e-05 0.00111408 0.00862236 0.0394094 0.10692 0.175728 0.188293 0.159268 0.130075 0.0959429 0.0560027 0.0257837 0.00945559 0.00265481 0.000549545 8.24326e-05 8.80275e-06 6.52731e-07 3.27668e-08 1.08913e-09 2.35136e-11
 1.48314e-11 1.61051e-09 1.03107e-07 3.89179e-06 8.6609e-05 0.00113648 0.00879588 0.0402039 0.10907 0.179088 0.190787 0.158318 0.12599 0.0923744 0.055026 0.0260799 0.00969784 0.00270488 0.000548537 7.98001e-05 8.19045e-06 5.79403e-07 2.76119e-08 8.69402e-10 1.77847e-11
 1.33804e-11 1.45296e-09 9.30197e-08 3.51108e-06 7.81381e-05 0.0010254 0.00793836 0.0363216 0.0989084 0.164564 0.182528 0.164273 0.140268 0.103816 0.0599787 0.0272376 0.00977667 0.0026671 0.000532125 7.5815e-05 7.54252e-06 5.1177e-07 2.3197e-08 6.90382e-10 1.32895e-11
 1.40716e-11 1.52801e-09 9.7825e-08 3.69246e-06 8.21746e-05 0.00107836 0.00834809 0.0381877 0.103874 0.171955 0.187174 0.161166 0.131773 0.0974067 0.0583295 0.0274931 0.00992021 0.00263115 0.000502121 6.8299e-05 6.50996e-06 4.23987e-07 1.8407e-08 5.2203e-10 9.51795e-12
 1.32675e-11 1.44069e-09 9.22348e-08 3.48148e-06 7.7481e-05 0.00101685 0.00787406 0.0360537 0.098387 0.164576 0.184297 0.166632 0.140465 0.102387 0.0589555 0.0267504 0.0094697 0.00250664 0.000477798 6.3955e-05 5.88299e-06 3.64588e-07 1.49637e-08 4.00526e-10 6.89099e-12
 1.36353e-11 1.48063e-09 9.47919e-08 3.578e-06 7.96297e-05 0.00104506 0.00809277 0.0370555 0.10109 0.168731 0.187156 0.165216 0.135916 0.0989517 0.0579618 0.0265644 0.0092666 0.00237255 0.000435864 5.65115e-05 5.05536e-06 3.04019e-07 1.20142e-08 3.06562e-10 4.98386e-12
 1.37793e-11 1.49627e-09 9.57935e-08 3.61583e-06 8.04726e-05 0.00105618 0.00817994 0.0374691 0.102322 0.17116 0.19035 0.167434 0.135322 0.0960045 0.0548341 0.0246579 0.00851397 0.00216615 0.000393067 4.96903e-05 4.28217e-06 2.4643e-07 9.29828e-09 2.26345e-10 3.50434e-12
 1.30667e-11 1.4189e-09 9.08401e-08 3.42889e-06 7.63148e-05 0.00100171 0.00776078 0.0355873 0.0975022 0.164646 0.187334 0.170766 0.141503 0.100702 0.0569739 0.0251534 0.00847082 0.00209882 0.000371473 4.58246e-05 3.84161e-06 2.13688e-07 7.73257e-09 1.79232e-10 2.62835e-12
 1.43306e-11 1.55613e-09 9.96261e-08 3.76053e-06 8.36955e-05 0.00109856 0.00850994 0.0389994 0.106593 0.178369 0.197218 0.16915 0.130931 0.0894298 0.0494649 0.0212943 0.00691121 0.00163418 0.000274666 3.21511e-05 2.56162e-06 1.35667e-07 4.67714e-09 1.03172e-10 1.43626e-12
 1.47915e-11 1.60619e-09 1.02831e-07 3.88154e-06 8.63905e-05 0.001134 0.00878587 0.0402798 0.110188 0.184628 0.203981 0.172683 0.128761 0.082928 0.0427441 0.0171573 0.00524801 0.00117988 0.000188645 2.09006e-05 1.56759e-06 7.78997e-08 2.51747e-09 5.20771e-11 6.80417e-13
 1.38083e-11 1.49943e-09 9.59966e-08 3.62363e-06 8.06556e-05 0.00105893 0.00820898 0.0377 0.103649 0.176066 0.200797 0.178571 0.137961 0.0887557 0.0443392 0.0168526 0.00479777 0.000995391 0.000146794 1.50644e-05 1.05132e-06 4.87206e-08 1.46801e-09 2.82766e-11 3.43568e-13
 1.51405e-11 1.64409e-09 1.05258e-07 3.97321e-06 8.84354e-05 0.001161 0.008998 0.0412845 0.113115 0.189943 0.209634 0.174783 0.125952 0.0778988 0.0382231 0.0141934 0.0038628 0.000748274 0.000101194 9.42783e-06 5.9589e-07 2.50787e-08 6.89571e-10 1.21782e-11 1.36156e-13
 1.44089e-11 1.56466e-09 1.00174e-07 3.7814e-06 8.4173e-05 0.0011053 0.00857211 0.0394046 0.10852 0.184623 0.209499 0.181379 0.132744 0.0798935 0.0371112 0.0129873 0.0033616 0.000623874 8.05533e-05 7.07369e-06 4.14818e-07 1.59876e-08 3.99355e-10 6.38659e-12 6.46724e-14
 1.50491e-11 1.63417e-09 1.04624e-07 3.94944e-06 8.79142e-05 0.00115443 0.00895271 0.0411401 0.113123 0.191353 0.213505 0.178841 0.126502 0.0750121 0.0347385 0.0119966 0.00299515 0.000526048 6.37179e-05 5.24148e-06 2.87999e-07 1.03787e-08 2.41163e-10 3.56285e-12 3.30998e-14
 1.40038e-11 1.52067e-09 9.73598e-08 3.67539e-06 8.18249e-05 0.00107487 0.00834412 0.0384471 0.106465 0.183201 0.211668 0.185895 0.135163 0.0792129 0.03537 0.0117171 0.00281825 0.000477926 5.56032e-05 4.34646e-06 2.24439e-07 7.54164e-09 1.62721e-10 2.22816e-12 1.91642e-14
 1.33974e-11 1.45484e-09 9.31464e-08 3.51649e-06 7.82964e-05 0.00102883 0.00799257 0.0368943 0.102606 0.178227 0.209508 0.188256 0.13967 0.0829939 0.0372287 0.0121742 0.00282852 0.000455847 5.00195e-05 3.6812e-06 1.7891e-07 5.64906e-09 1.14135e-10 1.45698e-12 1.16328e-14
 1.43518e-11 1.55847e-09 9.97819e-08 3.767e-06 8.38739e-05 0.00110206 0.00855931 0.0394714 0.109397 0.188033 0.215261 0.184679 0.130641 0.0754829 0.0334816 0.0108703 0.00249512 0.000393519 4.17517e-05 2.93332e-06 1.34603e-07 3.98252e-09 7.50804e-11 8.92484e-13 6.6279e-15
#spawning biomass
 4567.78 6605.79 9639.04 14421.4 21929.4 37614.1 58367.6 76290.2 102738 137927 168267 194499 207014 208647 203561 198498 193499 176542 181260 201660 203345 207296 219188 229063 242255 245349 222714 249242 289451 12997.6 4416.45 4416.44 4416.44 4416.44 4416.44 4416.44 4416.44 4416.44 4416.44 4416.44 4416.44 4416.44 4416.44 4416.44 4416.44 4416.44 4416.44 4416.44 4416.44 4416.44 4416.44 4416.44 4416.44 4416.44 4416.44 4416.44 4416.44 4416.44 4416.44 4416.44 4416.44 4416.44 4416.44 4416.44 4416.44 4416.44 4416.44 4416.44 4416.44 4416.44 4416.44 4416.44 4416.44 4416.44 4416.44 4416.44 4416.44 4416.44 4416.44 4416.44 4416.44 4416.44 4416.44 4416.44 4416.44 4416.44 4416.44 4416.44 4416.44 4416.44 4416.44 4416.44 4416.44 4416.44 4416.44 4416.44 4416.44 4416.44 4416.44 4416.44 4416.44 4416.44 4416.44 4416.44 4416.44 4416.44 4416.44 4416.44 4416.44 4416.44 4416.44 4416.44 4416.44 4416.44 4416.44 4416.44 4416.44 4416.44 4416.44 4416.44 4416.44 4416.44 4416.44 4416.44 4416.44 4416.44 4416.44 4416.44 0 0 0 0 0 0 0 0 0 0 0 0 0 0 0 0 0 0 0 0 0 0 0 0 0
