SBPRF35
0.89668
Curr Bio
86995.6
B35
760992
F35
0.190355
FOFL
0
OFL
0
Bzero
256194
#pred survey bio
 32817.4 26715.1 20541.9 12511 13824.6 17979.2 23616.5 28985.5 31305.7 41357 43494.5 52739.6 57156 64333.6 67435.9 75404.4 86775.1 73774 77852.9 82718.8 83059.5 84965.1 95817 88335.4 95621.2 85577 84863.4 94368.4 2.95219e+06 5.31082e+06 6.21732e+06 6.32025e+06 5.93092e+06 5.32513e+06 4.68236e+06 4.09674e+06 3.60542e+06 3.21354e+06 2.91102e+06 2.6825e+06 2.51229e+06 2.38661e+06 2.29365e+06 2.22266e+06 2.17168e+06 2.13479e+06 2.10787e+06 2.08806e+06 2.07335e+06 2.06233e+06 2.05399e+06 2.04763e+06 2.04273e+06 2.03892e+06 2.03594e+06 2.03359e+06 2.03173e+06 2.03024e+06 2.02904e+06 2.02808e+06 2.02729e+06 2.02666e+06 2.02614e+06 2.02572e+06 2.02537e+06 2.02509e+06 2.02486e+06 2.02466e+06 2.02451e+06 2.02438e+06 2.02427e+06 2.02418e+06 2.02411e+06 2.02405e+06 2.024e+06 2.02395e+06 2.02392e+06 2.02389e+06 2.02387e+06 2.02385e+06 2.02383e+06 2.02382e+06 2.02381e+06 2.0238e+06 2.02379e+06 2.02379e+06 2.02378e+06 2.02378e+06 2.02377e+06 2.02377e+06 2.02377e+06 2.02377e+06 2.02376e+06 2.02376e+06 2.02376e+06 2.02376e+06 2.02376e+06 2.02376e+06 2.02376e+06 2.02376e+06 2.02376e+06 2.02376e+06 2.02376e+06 2.02376e+06 2.02376e+06 2.02376e+06 2.02376e+06 2.02376e+06 2.02376e+06 2.02376e+06 2.02376e+06 2.02376e+06 2.02376e+06 2.02376e+06 2.02376e+06 2.02376e+06 2.02376e+06 2.02376e+06 2.02376e+06 2.02376e+06 2.02376e+06 2.02376e+06 2.02376e+06 2.02376e+06 2.02376e+06 2.02376e+06 2.02376e+06 2.02376e+06 0 0 0 0 0 0 0 0 0 0 0 0 0 0 0 0 0 0 0 0 0 0 0 0 0
#obs survey bio
 32079.2 20115.3 14337.5 9069.56 17299.8 16892.8 19400.9 30415.2 38671.6 31701.5 47106.4 60011.6 64948.7 91757.5 63825.4 89005.3 71518.3 72018.9 111274 64614 82853.1 67371 88443.6 94187.5 142737 127363 94393.2 80317.5
#pred catch bio
 20802.5 15176.1 13748.7 8448.16 9078.87 11552 16886.8 22950.6 22719 34120.3 35051 45699.4 50171.6 59022 63038.9 70990.3 88132.2 73005.8 78800.7 86522.1 87467.1 90710.4 108292 99152 111354 101213 102309 100140 0 39825.8 46397.9 46810 43492.1 38589.3 33489.2 28909.7 25122 22148.2 19894.7 18229.2 17020.5 16155.3 15539.3 15093.8 14788.9 14580.2 14437.4 14339.6 14272.7 14226.9 14195.5 14174.1 14159.4 14149.3 14142.4 14137.7 14134.5 14132.3 14130.8 14129.8 14129 14128.6 14128.2 14128 14127.8 14127.7 14127.7 14127.6 14127.6 14127.6 14127.5 14127.5 14127.5 14127.5 14127.5 14127.5 14127.5 14127.5 14127.5 14127.5 14127.5 14127.5 14127.5 14127.5 14127.5 14127.5 14127.5 14127.5 14127.5 14127.5 14127.5 14127.5 14127.5 14127.5 14127.5 14127.5 14127.5 14127.5 14127.5 14127.5 14127.5 14127.5 14127.5 14127.5 14127.5 14127.5 14127.5 14127.5 14127.5 14127.5 14127.5 14127.5 14127.5 14127.5 14127.5 14127.5 14127.5 14127.5 14127.5 14127.5 14127.5 14127.5 14127.5 14127.5 14127.5 14127.5 14127.5 14127.5 0 0 0 0 0 0 0 0 0 0 0 0 0 0 0 0 0 0 0 0 0 0 0 0 0
#obs catch bio
 16874.3 17031.7 16822.8 10177.8 8493.66 11293.5 17160.4 23589.6 21374.4 34060.4 34550.2 43403.6 47891.4 52231.3 62245 70662.6 84618.9 70724.2 72048.6 83385.3 81463.8 81852.4 101973 87567.6 92506.3 89067.4 97626.1 96096.1
#pred cpue bio
 30844.7 25573.6 20060.1 11747.5 12333.7 16492 21323.2 26090.8 27951.4 37024.5 38618.9 46604.8 50186.6 56234 58636.6 64850.1 74773.1 63232.6 66433 70030 69959.5 71475.8 79492.9 72858.7 78648 69886.2 68621.9 75586.7 2.50142e+06 5.28823e+06 6.19477e+06 6.29769e+06 5.90837e+06 5.30258e+06 4.6598e+06 4.07418e+06 3.58287e+06 3.19098e+06 2.88847e+06 2.65995e+06 2.48974e+06 2.36406e+06 2.2711e+06 2.20011e+06 2.14913e+06 2.11224e+06 2.08532e+06 2.06551e+06 2.0508e+06 2.03978e+06 2.03144e+06 2.02508e+06 2.02017e+06 2.01637e+06 2.01339e+06 2.01104e+06 2.00917e+06 2.00768e+06 2.00649e+06 2.00552e+06 2.00474e+06 2.00411e+06 2.00359e+06 2.00317e+06 2.00282e+06 2.00254e+06 2.0023e+06 2.00211e+06 2.00195e+06 2.00182e+06 2.00172e+06 2.00163e+06 2.00155e+06 2.00149e+06 2.00144e+06 2.0014e+06 2.00137e+06 2.00134e+06 2.00132e+06 2.0013e+06 2.00128e+06 2.00127e+06 2.00126e+06 2.00125e+06 2.00124e+06 2.00123e+06 2.00123e+06 2.00122e+06 2.00122e+06 2.00122e+06 2.00121e+06 2.00121e+06 2.00121e+06 2.00121e+06 2.00121e+06 2.00121e+06 2.00121e+06 2.00121e+06 2.00121e+06 2.00121e+06 2.0012e+06 2.0012e+06 2.0012e+06 2.0012e+06 2.0012e+06 2.0012e+06 2.0012e+06 2.0012e+06 2.0012e+06 2.0012e+06 2.0012e+06 2.0012e+06 2.0012e+06 2.0012e+06 2.0012e+06 2.0012e+06 2.0012e+06 2.0012e+06 2.0012e+06 2.0012e+06 2.0012e+06 2.0012e+06 2.0012e+06 2.0012e+06 2.0012e+06 2.0012e+06 2.0012e+06 2.0012e+06 0 0 0 0 0 0 0 0 0 0 0 0 0 0 0 0 0 0 0 0 0 0 0 0 0
#obs cpue bio
 24921 13041.6 13217.5 9189.19 19012.3 17547.3 22507 23700.2 30850.6 45988.7 37500.1 54025.9 52072 69523.5 57256.3 55321.9 116611 69429.7 69860 100655 93975.4 134853 110659 111096 114310 74409.9 73037.2 102665
#pred surv len freq
 1.24901e-11 1.35568e-09 8.67631e-08 3.27417e-06 7.28547e-05 0.000955901 0.0073964 0.0337714 0.0912787 0.148363 0.15596 0.134764 0.126459 0.111122 0.075586 0.0438801 0.0255789 0.0152362 0.00936207 0.00613185 0.00437233 0.00344646 0.0028615 0.00215465 0.00124278
 9.64953e-12 1.04736e-09 6.70312e-08 2.52955e-06 5.62861e-05 0.000738525 0.00571502 0.0261081 0.0707545 0.116524 0.129601 0.130026 0.142265 0.134963 0.098349 0.0623968 0.0375909 0.0206311 0.0106222 0.0055545 0.00312302 0.00198613 0.00142156 0.00100096 0.000570121
 6.39325e-12 6.93926e-10 4.44112e-08 1.67594e-06 3.72923e-05 0.000489324 0.00378718 0.0173145 0.0471082 0.0790698 0.0948347 0.111914 0.140116 0.145342 0.12132 0.0929648 0.0654236 0.0397933 0.0212306 0.0101845 0.00460168 0.00217807 0.00119196 0.0007155 0.000381858
 1.35997e-11 1.47612e-09 9.44713e-08 3.56505e-06 7.93269e-05 0.0010408 0.00805264 0.0367513 0.099108 0.159276 0.159007 0.116512 0.0887871 0.0777765 0.0679716 0.0590801 0.0483596 0.0351422 0.0222241 0.0118886 0.00537188 0.00215323 0.000859061 0.000381883 0.000172712
 1.7433e-11 1.89218e-09 1.211e-07 4.56992e-06 0.000101686 0.00133416 0.0103221 0.0471042 0.12696 0.203495 0.200544 0.139554 0.0941761 0.0683548 0.0424364 0.023115 0.0144328 0.0107457 0.00790526 0.00504962 0.00265407 0.00112958 0.000402392 0.000133122 4.46979e-05
 1.42714e-11 1.54903e-09 9.91374e-08 3.74114e-06 8.32452e-05 0.00109223 0.00845101 0.0385814 0.104208 0.168798 0.174728 0.144026 0.126918 0.106018 0.0660849 0.0318065 0.0143134 0.00673499 0.00359046 0.00221803 0.00132902 0.000659246 0.000255923 7.89313e-05 2.07641e-05
 1.59987e-11 1.7365e-09 1.11136e-07 4.19392e-06 9.33199e-05 0.0012244 0.00947318 0.043236 0.116616 0.187579 0.18801 0.139378 0.106024 0.0847834 0.0573992 0.0336471 0.0182088 0.0084771 0.00339787 0.00135179 0.000613277 0.000299675 0.000129258 4.33111e-05 1.09911e-05
 1.60575e-11 1.74288e-09 1.11544e-07 4.20933e-06 9.3663e-05 0.0012289 0.00950809 0.043397 0.117073 0.188495 0.189772 0.142814 0.11072 0.0873845 0.0549724 0.02818 0.0140807 0.00705904 0.00325398 0.00129187 0.00044454 0.000149736 5.3821e-05 1.81875e-05 4.86387e-06
 1.66224e-11 1.8042e-09 1.15469e-07 4.35742e-06 9.69581e-05 0.00127213 0.00984249 0.0449212 0.121156 0.194836 0.19506 0.143906 0.107934 0.0833669 0.0515602 0.0254569 0.0117508 0.00525878 0.00222182 0.000893152 0.000324963 0.00010087 2.74344e-05 7.1212e-06 1.72554e-06
 1.63997e-11 1.78003e-09 1.13922e-07 4.29905e-06 9.56592e-05 0.00125509 0.00971067 0.0443205 0.119549 0.192358 0.193078 0.143766 0.109529 0.0854835 0.0532684 0.0265806 0.0123311 0.00539664 0.00213206 0.000775059 0.000261139 7.95314e-05 2.08991e-05 4.6142e-06 8.79239e-07
 1.69906e-11 1.84417e-09 1.18027e-07 4.45395e-06 9.9106e-05 0.00130031 0.0100605 0.0459147 0.123818 0.198973 0.198521 0.144647 0.106129 0.0806284 0.0490415 0.023453 0.0103622 0.00442942 0.00173736 0.000616498 0.000194929 5.43735e-05 1.32948e-05 2.76717e-06 4.72603e-07
 1.73219e-11 1.88013e-09 1.20328e-07 4.5408e-06 0.000101038 0.00132567 0.0102565 0.0468083 0.126209 0.202666 0.201499 0.144942 0.103932 0.0777607 0.0468661 0.0220732 0.00948792 0.0039014 0.00146125 0.000499259 0.000153877 4.13784e-05 9.4784e-06 1.81876e-06 2.86342e-07
 1.77199e-11 1.92332e-09 1.23092e-07 4.64512e-06 0.00010336 0.00135612 0.0104921 0.047882 0.129085 0.207135 0.205233 0.145725 0.101936 0.074705 0.043983 0.0197379 0.00791773 0.00308507 0.00111204 0.000364605 0.000107312 2.76511e-05 6.09091e-06 1.11232e-06 1.63502e-07
 1.80057e-11 1.95434e-09 1.25078e-07 4.72004e-06 0.000105027 0.00137799 0.0106613 0.0486529 0.131148 0.210324 0.207816 0.146015 0.100092 0.0722531 0.0420627 0.018472 0.00712121 0.00263247 0.000889672 0.000272836 7.59685e-05 1.86418e-05 3.91271e-06 6.81864e-07 9.55247e-08
 1.83253e-11 1.98903e-09 1.27298e-07 4.80382e-06 0.000106891 0.00140245 0.0108505 0.0495151 0.133456 0.213894 0.210726 0.1464 0.0981114 0.0695328 0.0398128 0.0169036 0.00616068 0.0021575 0.000695583 0.000201754 5.25291e-05 1.2013e-05 2.36477e-06 3.89682e-07 5.18575e-08
 1.9018e-11 2.06422e-09 1.3211e-07 4.98541e-06 0.000110931 0.00145546 0.0112605 0.0513831 0.13845 0.221569 0.21673 0.146394 0.0925335 0.0627526 0.0352172 0.01461 0.00511475 0.00170575 0.000521008 0.000142164 3.48207e-05 7.47446e-06 1.37133e-06 2.1016e-07 2.61547e-08
 1.88654e-11 2.04766e-09 1.3105e-07 4.94542e-06 0.000110042 0.00144379 0.0111702 0.050972 0.137354 0.21991 0.215554 0.146799 0.0943811 0.0646711 0.0360925 0.0145791 0.00484156 0.00152473 0.000443568 0.00011487 2.65048e-05 5.33062e-06 9.13431e-07 1.30458e-07 1.50939e-08
 1.91678e-11 2.08048e-09 1.3315e-07 5.02467e-06 0.000111805 0.00146692 0.0113491 0.0517874 0.139536 0.223278 0.21826 0.147035 0.0923085 0.0619506 0.0339827 0.0132405 0.00408796 0.00118179 0.000320393 7.7734e-05 1.68479e-05 3.18955e-06 5.12575e-07 6.83226e-08 7.35661e-09
 1.94449e-11 2.11055e-09 1.35075e-07 5.09732e-06 0.000113421 0.00148813 0.0115131 0.0525345 0.141532 0.226331 0.220582 0.146813 0.089742 0.0590162 0.0322378 0.0126322 0.00394293 0.00113687 0.000296499 6.67696e-05 1.32757e-05 2.32279e-06 3.47487e-07 4.3262e-08 4.35024e-09
 1.98965e-11 2.15958e-09 1.38213e-07 5.21571e-06 0.000116056 0.00152269 0.0117805 0.0537525 0.144788 0.23133 0.224471 0.146736 0.0859887 0.0544993 0.0292278 0.0111992 0.00335395 0.000926974 0.000237535 5.31659e-05 1.03173e-05 1.70349e-06 2.34778e-07 2.68231e-08 2.49181e-09
 2.01668e-11 2.18892e-09 1.4009e-07 5.28657e-06 0.000117633 0.00154338 0.0119404 0.0544815 0.146737 0.23433 0.226839 0.146803 0.0839144 0.0519129 0.027385 0.0101887 0.00285961 0.000724657 0.000173189 3.67871e-05 6.87826e-06 1.11075e-06 1.49198e-07 1.62332e-08 1.40203e-09
 2.02293e-11 2.1957e-09 1.40524e-07 5.30295e-06 0.000117997 0.00154816 0.0119774 0.05465 0.147188 0.235025 0.227392 0.146835 0.0834613 0.051335 0.0269576 0.00993641 0.00272381 0.000662104 0.000149656 2.95016e-05 5.0715e-06 7.63247e-07 9.75076e-08 1.02446e-08 8.56602e-10
 2.09698e-11 2.27607e-09 1.45668e-07 5.49706e-06 0.000122316 0.00160482 0.0124157 0.0566464 0.152522 0.243195 0.233648 0.146384 0.0768135 0.0436067 0.0221723 0.00805458 0.00216245 0.000509691 0.000111689 2.12421e-05 3.46769e-06 4.86902e-07 5.73654e-08 5.57523e-09 4.38287e-10
 2.12459e-11 2.30604e-09 1.47586e-07 5.56945e-06 0.000123927 0.00162595 0.0125791 0.0573912 0.154513 0.246256 0.236052 0.146409 0.0746269 0.0409151 0.0202973 0.00707385 0.00171288 0.00034022 6.45199e-05 1.13732e-05 1.77442e-06 2.39229e-07 2.68414e-08 2.44678e-09 1.7824e-10
 2.13839e-11 2.32102e-09 1.48545e-07 5.60563e-06 0.000124732 0.00163651 0.0126608 0.0577633 0.155507 0.247778 0.237212 0.14631 0.0733653 0.0394615 0.019416 0.00674796 0.0016266 0.000317299 5.6994e-05 8.99086e-06 1.20232e-06 1.41404e-07 1.45588e-08 1.25528e-09 8.68956e-11
 2.17223e-11 2.35775e-09 1.50896e-07 5.69433e-06 0.000126706 0.00166241 0.0128611 0.0586756 0.157945 0.251513 0.240078 0.146122 0.0703551 0.0359466 0.0172176 0.00585872 0.00134733 0.000239551 3.90445e-05 5.81721e-06 7.4313e-07 8.08328e-08 7.35496e-09 5.50117e-10 3.37938e-11
 2.21763e-11 2.40703e-09 1.54049e-07 5.81334e-06 0.000129354 0.00169715 0.0131298 0.0598997 0.161215 0.256518 0.243895 0.145794 0.0662008 0.0311561 0.0143054 0.00477711 0.00106712 0.000177962 2.6483e-05 3.6037e-06 4.18203e-07 4.14401e-08 3.5036e-09 2.4376e-10 1.35591e-11
 2.25909e-11 2.45203e-09 1.56929e-07 5.92202e-06 0.000131772 0.00172888 0.0133752 0.0610175 0.164201 0.261089 0.247378 0.145487 0.0623954 0.0267737 0.011649 0.00380006 0.000820893 0.000126738 1.68069e-05 2.06722e-06 2.19853e-07 1.97887e-08 1.5116e-09 9.52079e-11 4.83239e-12
#obs surv len freq
 3.82667e-11 3.54642e-09 1.93797e-07 6.24441e-06 0.000118639 0.00132913 0.00878227 0.0342623 0.0793822 0.11256 0.111725 0.109347 0.122853 0.124983 0.108723 0.0839568 0.054547 0.028783 0.0125436 0.00449872 0.00127814 0.000273917 4.21887e-05 4.47576e-06 3.16173e-07
 3.10474e-11 2.77519e-09 1.46268e-07 4.5456e-06 8.32973e-05 0.000900132 0.00573893 0.0216441 0.0489553 0.0710312 0.0841932 0.112261 0.147582 0.154881 0.135095 0.102561 0.0639715 0.031981 0.0131776 0.0044687 0.0011938 0.000238504 3.40213e-05 3.33094e-06 2.16737e-07
 1.52998e-11 1.31676e-09 6.68208e-08 1.99944e-06 3.52791e-05 0.00036715 0.00225658 0.00824747 0.018564 0.029926 0.0488333 0.0882354 0.136053 0.16954 0.179136 0.151569 0.0958617 0.0461562 0.0178787 0.00564264 0.00139933 0.000259195 3.41855e-05 3.08389e-06 1.84357e-07
 2.36904e-10 1.95991e-08 9.56065e-07 2.74995e-05 0.000466391 0.00466405 0.0275024 0.0956326 0.196176 0.237935 0.172776 0.0809778 0.0364392 0.0319077 0.0372844 0.0348682 0.0239219 0.0124243 0.00500825 0.00155351 0.000362657 6.19949e-05 7.50196e-06 6.20242e-07 3.39688e-08
 1.42741e-10 1.13343e-08 5.30671e-07 1.46503e-05 0.000238489 0.00228952 0.0129707 0.0435176 0.0880602 0.11712 0.134347 0.170324 0.187897 0.138618 0.0654304 0.0229759 0.00894749 0.00442016 0.00197873 0.000662127 0.000157596 2.61467e-05 2.96793e-06 2.25969e-07 1.13105e-08
 3.33024e-10 2.5344e-08 1.13726e-06 3.00909e-05 0.00046946 0.00431884 0.0234323 0.075048 0.14257 0.164702 0.129916 0.0986756 0.094772 0.0952594 0.0833493 0.0549348 0.0241362 0.00679326 0.00132064 0.000224346 3.97248e-05 6.16222e-06 6.82242e-07 4.98304e-08 2.3413e-09
 4.32633e-10 3.15126e-08 1.35343e-06 3.42749e-05 0.000511813 0.00450688 0.0234126 0.0719082 0.132061 0.153286 0.138531 0.135397 0.132298 0.100059 0.0588193 0.0300403 0.0132163 0.00454794 0.00114075 0.000200719 2.48207e-05 2.3011e-06 1.73156e-07 1.03486e-08 4.41681e-10
 6.45917e-10 4.49731e-08 1.84636e-06 4.46958e-05 0.000637989 0.00537017 0.0266667 0.0782864 0.137389 0.152187 0.13093 0.12319 0.121243 0.0997648 0.0675706 0.0369053 0.0147393 0.00409762 0.000827222 0.000130516 1.61669e-05 1.46827e-06 9.22007e-08 3.95322e-09 1.17757e-10
 1.00499e-09 6.68079e-08 2.61868e-06 6.05237e-05 0.00082483 0.00662885 0.0314303 0.0881345 0.147994 0.15807 0.133947 0.124928 0.117818 0.0902094 0.0562898 0.0288259 0.0111125 0.00303565 0.000592576 8.52124e-05 9.12166e-06 7.19154e-07 4.08533e-08 1.61832e-09 4.30979e-11
 1.25561e-09 7.96027e-08 2.97568e-06 6.55897e-05 0.000852487 0.00653447 0.0295636 0.0792783 0.128726 0.139467 0.13438 0.144516 0.138767 0.100846 0.0580316 0.0270084 0.0093216 0.00222097 0.00036795 4.47579e-05 4.14933e-06 2.88518e-07 1.44187e-08 4.99435e-10 1.16954e-11
 2.22366e-09 1.34304e-07 4.78296e-06 0.000100437 0.00124362 0.0090811 0.0391306 0.0998276 0.153318 0.153297 0.129274 0.12316 0.11436 0.0866806 0.0536883 0.0258656 0.00871042 0.00193789 0.000288222 3.01556e-05 2.32633e-06 1.33543e-07 5.58177e-09 1.64969e-10 3.35007e-12
 2.94645e-09 1.69372e-07 5.74081e-06 0.000114735 0.00135215 0.00939843 0.0385702 0.0939748 0.139726 0.14289 0.136978 0.144221 0.129564 0.087643 0.0471905 0.0203455 0.00641398 0.0013845 0.000204858 2.14174e-05 1.60427e-06 8.49184e-08 3.11273e-09 7.80502e-11 1.32778e-12
 4.90776e-09 2.68258e-07 8.64591e-06 0.000164308 0.00184126 0.0121692 0.0474826 0.109938 0.154928 0.148601 0.131437 0.129825 0.114276 0.0791865 0.0442558 0.019002 0.00563967 0.00109256 0.000139256 1.22776e-05 7.90013e-07 3.75972e-08 1.28371e-09 3.01735e-11 4.73046e-13
 6.83356e-09 3.54876e-07 1.08666e-05 0.000196203 0.00208897 0.0131191 0.0486695 0.107457 0.146438 0.142957 0.138216 0.142426 0.120454 0.0772147 0.0395669 0.0157906 0.00444655 0.00083364 0.000104522 9.06912e-06 5.57684e-07 2.41767e-08 7.24998e-10 1.48267e-11 2.04816e-13
 1.01518e-08 5.00494e-07 1.45493e-05 0.000249392 0.00252084 0.0150309 0.0529639 0.111286 0.145609 0.140546 0.138616 0.142446 0.118228 0.0751371 0.0381162 0.014653 0.00384956 0.000653929 7.21414e-05 5.39604e-06 2.87807e-07 1.11624e-08 3.08345e-10 5.85558e-12 7.42456e-14
 1.53228e-08 7.16673e-07 1.97648e-05 0.000321411 0.0030822 0.0174371 0.0583214 0.116555 0.146369 0.139428 0.138878 0.140863 0.11415 0.0715148 0.0357401 0.0133348 0.00336838 0.000551403 5.91034e-05 4.30491e-06 2.1975e-07 7.87582e-09 1.94486e-10 3.24999e-12 3.63574e-14
 2.16569e-08 9.60387e-07 2.51122e-05 0.00038719 0.00352057 0.0188889 0.0599767 0.114357 0.139989 0.137909 0.146217 0.148245 0.115237 0.0685001 0.0323067 0.011317 0.00267279 0.000407382 4.04805e-05 2.72852e-06 1.29486e-07 4.35494e-09 1.01569e-10 1.5987e-12 1.66402e-14
 3.28055e-08 1.37861e-06 3.41607e-05 0.000499129 0.00430089 0.0218702 0.0658477 0.11932 0.140112 0.135504 0.142586 0.14259 0.111477 0.0684219 0.0329809 0.011417 0.0026118 0.000385221 3.73828e-05 2.47846e-06 1.14963e-07 3.70814e-09 8.13326e-11 1.18998e-12 1.14749e-14
 4.96584e-08 1.97675e-06 4.63984e-05 0.000642182 0.00524189 0.0252547 0.0721034 0.124382 0.14125 0.136763 0.144514 0.140494 0.105701 0.0625288 0.0289746 0.00962839 0.00213177 0.000310063 3.03793e-05 2.06421e-06 9.77287e-08 3.16203e-09 6.83054e-11 9.69714e-13 8.95561e-15
 7.65889e-08 2.88702e-06 6.41689e-05 0.000841021 0.00650101 0.0296657 0.0802881 0.131792 0.14451 0.138957 0.145311 0.136027 0.0976669 0.0550024 0.0240907 0.00750334 0.00154708 0.00020861 1.89455e-05 1.20397e-06 5.42854e-08 1.70623e-09 3.63037e-11 5.10087e-13 4.64638e-15
 9.28804e-08 3.3146e-06 6.97481e-05 0.000865481 0.00633507 0.0273985 0.0705759 0.112405 0.128124 0.141904 0.163442 0.152702 0.10607 0.0574635 0.0240073 0.00707074 0.00137302 0.000174138 1.48468e-05 8.81501e-07 3.68959e-08 1.07237e-09 2.11336e-11 2.76946e-13 2.37641e-15
 1.73321e-07 5.85486e-06 0.000116621 0.00136977 0.00948955 0.0388243 0.0943675 0.14018 0.143038 0.134536 0.138071 0.126063 0.0914101 0.0524647 0.022313 0.00640835 0.00118794 0.000142935 1.15514e-05 6.48923e-07 2.55666e-08 6.94604e-10 1.27112e-11 1.53861e-13 1.21528e-15
 2.11127e-07 6.75057e-06 0.000127273 0.00141505 0.0092825 0.036012 0.0835735 0.122154 0.134991 0.151579 0.167117 0.141827 0.0882959 0.0427208 0.0158947 0.00417911 0.000731859 8.5025e-05 6.7281e-06 3.70616e-07 1.41617e-08 3.67582e-10 6.34802e-12 7.19052e-14 5.28367e-16
 3.41271e-07 1.03282e-05 0.000184311 0.00193961 0.0120425 0.0442096 0.096982 0.133343 0.13666 0.141605 0.149632 0.129159 0.086612 0.04531 0.0171969 0.00433702 0.000698742 7.24926e-05 5.02786e-06 2.4319e-07 8.35029e-09 2.00449e-10 3.26502e-12 3.51327e-14 2.44813e-16
 4.69027e-07 1.34363e-05 0.000226968 0.00226106 0.0132926 0.0462634 0.0967543 0.129784 0.137925 0.152618 0.159992 0.12871 0.0782537 0.0371514 0.0130721 0.00313453 0.000492579 5.11175e-05 3.59635e-06 1.74202e-07 5.76592e-09 1.27994e-10 1.87808e-12 1.80776e-14 1.1345e-16
 6.25565e-07 1.69648e-05 0.00027129 0.00255863 0.0142448 0.0470111 0.09378 0.122785 0.134224 0.155067 0.163146 0.131079 0.0807663 0.0384484 0.0131367 0.00298161 0.000437648 4.22383e-05 2.77676e-06 1.2743e-07 4.06498e-09 8.79908e-11 1.25994e-12 1.17079e-14 6.96256e-17
 9.6945e-07 2.48913e-05 0.00037686 0.00336518 0.0177396 0.0554519 0.10491 0.130846 0.137376 0.152677 0.154636 0.12107 0.0734092 0.0341045 0.0112047 0.00243056 0.000342053 3.18579e-05 2.02481e-06 8.91383e-08 2.69241e-09 5.46575e-11 7.3248e-13 6.39609e-15 3.59761e-17
 1.18723e-06 2.88643e-05 0.000413822 0.00349971 0.0174856 0.0519815 0.0949331 0.120477 0.140265 0.16851 0.167937 0.123688 0.0695349 0.0299391 0.00916859 0.00186561 0.000247785 2.19158e-05 1.32953e-06 5.5994e-08 1.6168e-09 3.12841e-11 3.97702e-13 3.27406e-15 1.72521e-17
#pred catch len freq
 1.22418e-11 1.32873e-09 8.50387e-08 3.2091e-06 7.14067e-05 0.000936904 0.00724947 0.0331018 0.0894871 0.145597 0.153737 0.134567 0.128138 0.113276 0.0771586 0.0448042 0.0261184 0.0155576 0.00955954 0.00626119 0.00446456 0.00351915 0.00292186 0.0022001 0.00126899
 9.22537e-12 1.00133e-09 6.40847e-08 2.41836e-06 5.3812e-05 0.000706066 0.00546396 0.024964 0.0676926 0.111793 0.125776 0.129617 0.145034 0.13862 0.101175 0.0642063 0.0386822 0.0212301 0.0109306 0.00571576 0.00321369 0.0020438 0.00146283 0.00103002 0.000586674
 6.28012e-12 6.81647e-10 4.36253e-08 1.64629e-06 3.66325e-05 0.000480667 0.00372021 0.0170093 0.0462907 0.0778008 0.0937803 0.11171 0.140706 0.146205 0.122082 0.0935531 0.0658379 0.0400454 0.0213651 0.0102491 0.00463083 0.00219186 0.00119951 0.000720032 0.000384277
 1.3482e-11 1.46334e-09 9.36538e-08 3.5342e-06 7.86404e-05 0.0010318 0.00798298 0.0364338 0.0982566 0.157949 0.157877 0.116208 0.0892498 0.0785357 0.0687107 0.0597316 0.0488935 0.0355302 0.0224695 0.0120198 0.00543119 0.002177 0.000868546 0.0003861 0.000174619
 1.72974e-11 1.87746e-09 1.20157e-07 4.53436e-06 0.000100895 0.00132378 0.0102419 0.0467384 0.125981 0.201985 0.199336 0.139464 0.0951161 0.0695341 0.0432592 0.0235729 0.0147194 0.0109592 0.00806232 0.00514994 0.00270681 0.00115202 0.000410386 0.000135766 4.55859e-05
 1.40621e-11 1.52631e-09 9.76835e-08 3.68627e-06 8.20244e-05 0.00107621 0.00832713 0.038017 0.102699 0.166479 0.172913 0.144024 0.128596 0.108051 0.0674482 0.0324716 0.0146133 0.00687613 0.00366571 0.00226451 0.00135687 0.000673062 0.000261286 8.05854e-05 2.11993e-05
 1.60095e-11 1.73768e-09 1.11211e-07 4.19676e-06 9.33831e-05 0.00122523 0.00947959 0.0432653 0.116694 0.1877 0.188106 0.139384 0.105946 0.084684 0.0573253 0.0336031 0.018185 0.00846602 0.00339342 0.00135003 0.000612475 0.000299283 0.000129089 4.32545e-05 1.09767e-05
 1.62994e-11 1.76915e-09 1.13225e-07 4.27277e-06 9.50745e-05 0.00124742 0.00965132 0.0440496 0.118818 0.191179 0.191884 0.142853 0.108836 0.0850718 0.0533808 0.0273507 0.0136654 0.00685084 0.00315801 0.00125377 0.000431428 0.00014532 5.22336e-05 1.7651e-05 4.72041e-06
 1.6662e-11 1.8085e-09 1.15744e-07 4.36782e-06 9.71893e-05 0.00127517 0.00986595 0.0450281 0.121442 0.195276 0.195404 0.143907 0.107617 0.0829809 0.0512979 0.0253252 0.0116899 0.00523151 0.0022103 0.00088852 0.000323278 0.000100347 2.72922e-05 7.08428e-06 1.71659e-06
 1.67376e-11 1.81671e-09 1.16269e-07 4.38763e-06 9.76303e-05 0.00128095 0.00991069 0.0452318 0.121985 0.196103 0.196013 0.14378 0.106835 0.082195 0.0510222 0.0254409 0.0118011 0.00516467 0.00204042 0.000741744 0.000249914 7.61128e-05 2.00008e-05 4.41586e-06 8.41446e-07
 1.72525e-11 1.87259e-09 1.19846e-07 4.5226e-06 0.000100633 0.00132035 0.0102154 0.0466208 0.125705 0.201873 0.200784 0.144628 0.103994 0.0780479 0.0473118 0.0226108 0.0099891 0.0042699 0.00167479 0.000594295 0.000187909 5.24153e-05 1.2816e-05 2.66752e-06 4.55583e-07
 1.77502e-11 1.92662e-09 1.23303e-07 4.65308e-06 0.000103537 0.00135844 0.0105101 0.0479633 0.129296 0.207408 0.205194 0.144891 0.100408 0.0735153 0.0440359 0.0207149 0.00890245 0.00366059 0.00137106 0.000468444 0.00014438 3.88244e-05 8.89337e-06 1.7065e-06 2.68668e-07
 1.81593e-11 1.97102e-09 1.26145e-07 4.76032e-06 0.000105923 0.00138975 0.0107522 0.0490669 0.132252 0.211996 0.209004 0.145617 0.0982352 0.0702896 0.0410964 0.0184164 0.00738599 0.00287782 0.00103733 0.000340111 0.000100103 2.57935e-05 5.68173e-06 1.03759e-06 1.52518e-07
 1.85396e-11 2.0123e-09 1.28787e-07 4.86002e-06 0.000108141 0.00141885 0.0109773 0.0500928 0.134997 0.216228 0.212386 0.145853 0.0955471 0.066852 0.0385587 0.0169009 0.00651354 0.00240776 0.000813727 0.000249546 6.94837e-05 1.70505e-05 3.57871e-06 6.23658e-07 8.73704e-08
 1.8882e-11 2.04946e-09 1.31165e-07 4.94976e-06 0.000110138 0.00144505 0.01118 0.0510162 0.137468 0.220047 0.215475 0.146185 0.093304 0.0638537 0.036174 0.0153246 0.00558313 0.00195516 0.000630346 0.000182832 4.76025e-05 1.08863e-05 2.14298e-06 3.53135e-07 4.69939e-08
 1.9531e-11 2.1199e-09 1.35673e-07 5.11989e-06 0.000113924 0.00149472 0.0115641 0.0527663 0.142147 0.227236 0.221096 0.146171 0.0880642 0.0574916 0.0318709 0.0131872 0.00461458 0.00153887 0.000470034 0.000128255 3.14138e-05 6.74317e-06 1.23716e-06 1.89598e-07 2.35957e-08
 1.95848e-11 2.12574e-09 1.36047e-07 5.134e-06 0.000114238 0.00149884 0.0115959 0.0529116 0.142537 0.227853 0.221661 0.146441 0.0880446 0.0572464 0.0314159 0.0126444 0.00419642 0.00132146 0.00038443 9.9555e-05 2.29711e-05 4.61992e-06 7.9165e-07 1.13064e-07 1.30815e-08
 1.97824e-11 2.14719e-09 1.3742e-07 5.18579e-06 0.00011539 0.00151395 0.0117129 0.0534445 0.143964 0.230061 0.223461 0.146682 0.0868235 0.055559 0.0300045 0.011651 0.00359499 0.0010392 0.000281732 6.83541e-05 1.4815e-05 2.80468e-06 4.50724e-07 6.00783e-08 6.46891e-09
 2.00805e-11 2.17954e-09 1.3949e-07 5.26393e-06 0.000117129 0.00153676 0.0118893 0.0542483 0.146111 0.233346 0.225964 0.146456 0.0840822 0.0524133 0.0281175 0.0109741 0.00342295 0.000986851 0.000257371 5.79584e-05 1.15238e-05 2.01626e-06 3.01631e-07 3.75529e-08 3.77616e-09
 2.05461e-11 2.23008e-09 1.42725e-07 5.386e-06 0.000119845 0.0015724 0.0121649 0.0555039 0.149467 0.238498 0.229961 0.146345 0.0801641 0.0477248 0.0250288 0.00954247 0.00285516 0.000789018 0.000202182 4.5253e-05 8.78178e-06 1.44995e-06 1.99836e-07 2.28309e-08 2.12095e-09
 2.07903e-11 2.25658e-09 1.44421e-07 5.45e-06 0.000121269 0.00159108 0.0123094 0.0561623 0.151228 0.241206 0.232095 0.146393 0.0782714 0.0453761 0.0233698 0.00864758 0.0024246 0.000614327 0.000146818 3.11858e-05 5.83095e-06 9.41621e-07 1.26481e-07 1.37615e-08 1.18855e-09
 2.08722e-11 2.26548e-09 1.4499e-07 5.47147e-06 0.000121747 0.00159735 0.0123579 0.0563833 0.151818 0.242115 0.232808 0.146401 0.0776243 0.0445819 0.0228212 0.00836286 0.00228993 0.000556543 0.000125794 2.47977e-05 4.26286e-06 6.41549e-07 8.19603e-08 8.61115e-09 7.2002e-10
 2.15955e-11 2.34398e-09 1.50015e-07 5.66108e-06 0.000125966 0.0016527 0.012786 0.0583335 0.157029 0.250095 0.238916 0.145952 0.0711179 0.0370243 0.0181502 0.0065362 0.00175186 0.000412806 9.04559e-05 1.72038e-05 2.80845e-06 3.94338e-07 4.64597e-08 4.51533e-09 3.54965e-10
 2.18058e-11 2.36681e-09 1.51476e-07 5.71621e-06 0.000127193 0.0016688 0.0129105 0.0589007 0.158545 0.252427 0.240751 0.145982 0.0694698 0.0349856 0.0167169 0.0057729 0.00139532 0.000277057 5.25397e-05 9.26138e-06 1.44494e-06 1.94807e-07 2.18574e-08 1.99245e-09 1.45144e-10
 2.19772e-11 2.38542e-09 1.52666e-07 5.76115e-06 0.000128192 0.00168192 0.0130119 0.0593629 0.15978 0.254317 0.242192 0.145856 0.0678984 0.0331763 0.0156216 0.00537041 0.00129172 0.000251881 4.52415e-05 7.13685e-06 9.54387e-07 1.12245e-07 1.15566e-08 9.96429e-10 6.89768e-11
 2.22662e-11 2.41678e-09 1.54674e-07 5.8369e-06 0.000129878 0.00170403 0.013183 0.060142 0.161862 0.257506 0.244637 0.145691 0.0653205 0.0301701 0.0137467 0.00461812 0.00105927 0.000188246 3.06803e-05 4.57102e-06 5.83932e-07 6.35164e-08 5.77934e-09 4.32268e-10 2.65543e-11
 2.2643e-11 2.45768e-09 1.57291e-07 5.93569e-06 0.000132076 0.00173287 0.013406 0.061158 0.164576 0.261661 0.247805 0.145418 0.0618695 0.026192 0.0113301 0.00372279 0.000828817 0.000138135 2.05544e-05 2.79693e-06 3.24579e-07 3.21628e-08 2.71924e-09 1.89189e-10 1.05236e-11
 2.28497e-11 2.48011e-09 1.58727e-07 5.98986e-06 0.000133281 0.00174868 0.0135283 0.0617152 0.166065 0.26394 0.249545 0.145274 0.0599874 0.0240171 0.0100014 0.00322176 0.000694115 0.000107111 1.4203e-05 1.74693e-06 1.85789e-07 1.67226e-08 1.2774e-09 8.04564e-11 4.08366e-12
#obs catch len freq
 3.92692e-11 3.63934e-09 1.98874e-07 6.40801e-06 0.000121747 0.00136395 0.00901219 0.0351563 0.0814169 0.115182 0.113249 0.108624 0.12049 0.122624 0.107292 0.0832346 0.0542152 0.0288 0.012773 0.00470693 0.00137653 0.00030248 4.75533e-05 5.13456e-06 3.68566e-07
 5.2801e-11 4.71965e-09 2.4875e-07 7.73047e-06 0.000141658 0.00153068 0.00975527 0.0367155 0.0821475 0.113044 0.110972 0.110343 0.124366 0.125014 0.107655 0.0820444 0.052302 0.0270472 0.01153 0.00402085 0.0011018 0.000225817 3.30021e-05 3.30034e-06 2.18611e-07
 4.38982e-11 3.77803e-09 1.91721e-07 5.73674e-06 0.000101218 0.00105315 0.00646562 0.0234909 0.0512955 0.0725545 0.0859845 0.115468 0.149639 0.15428 0.13293 0.0993167 0.0606338 0.029666 0.0119469 0.00393439 0.00101209 0.000193098 2.61087e-05 2.40772e-06 1.46812e-07
 2.23808e-11 1.85157e-09 9.03218e-08 2.59799e-06 4.40651e-05 0.000440846 0.0026052 0.00916381 0.0199438 0.031606 0.0517058 0.0924805 0.139817 0.171649 0.17829 0.147025 0.090418 0.0424539 0.0160392 0.00490997 0.00117137 0.000206996 2.58534e-05 2.19505e-06 1.22897e-07
 3.42423e-10 2.71899e-08 1.27303e-06 3.51446e-05 0.000572089 0.00549108 0.0310776 0.103722 0.204231 0.237837 0.16612 0.0757196 0.0347654 0.0316324 0.036477 0.0331188 0.0220606 0.0111374 0.00435294 0.00130265 0.00029165 4.74976e-05 5.43886e-06 4.22987e-07 2.16864e-08
 2.13847e-10 1.62743e-08 7.30279e-07 1.93226e-05 0.000301469 0.00277384 0.0150628 0.0484617 0.0942438 0.12155 0.137754 0.172085 0.183433 0.129915 0.0591933 0.0205662 0.00817021 0.00401963 0.001742 0.000558697 0.000126783 1.99561e-05 2.1385e-06 1.52985e-07 7.1647e-09
 5.00575e-10 3.64614e-08 1.56598e-06 3.96574e-05 0.00059218 0.00521423 0.0270779 0.083016 0.151048 0.167575 0.128355 0.0967874 0.0925555 0.0917807 0.0783878 0.0497559 0.0209023 0.00563377 0.00106281 0.000178568 3.09542e-05 4.58223e-06 4.78085e-07 3.27342e-08 1.43693e-09
 6.58601e-10 4.58562e-08 1.88261e-06 4.55736e-05 0.000650519 0.00547572 0.0271928 0.0798606 0.140419 0.156921 0.138708 0.133637 0.126908 0.093092 0.0536348 0.0269508 0.0115595 0.00384163 0.000924865 0.000155669 1.84315e-05 1.6412e-06 1.18189e-07 6.68069e-09 2.66969e-10
 9.9572e-10 6.61918e-08 2.59453e-06 5.99656e-05 0.000817223 0.00656767 0.0311393 0.0873049 0.146486 0.155898 0.130702 0.120929 0.116005 0.0931192 0.0616725 0.0326508 0.0125327 0.00334839 0.000652864 9.95663e-05 1.18314e-05 1.02179e-06 6.0708e-08 2.45625e-09 6.88321e-11
 1.56947e-09 9.95006e-08 3.7195e-06 8.19846e-05 0.00106556 0.00816692 0.0369313 0.098788 0.158389 0.162182 0.133185 0.121016 0.110531 0.0822937 0.0501972 0.0249583 0.00925751 0.00242745 0.000455337 6.28915e-05 6.44631e-06 4.84454e-07 2.60934e-08 9.74627e-10 2.43603e-11
 1.99601e-09 1.20554e-07 4.29329e-06 9.01546e-05 0.00111632 0.00815208 0.0351397 0.0898081 0.139177 0.144712 0.135152 0.140658 0.130063 0.0916047 0.0514057 0.0231797 0.00767447 0.00174895 0.000277883 3.25e-05 2.88985e-06 1.91545e-07 9.06944e-09 2.96209e-10 6.51434e-12
 3.53186e-09 2.03023e-07 6.88139e-06 0.00013753 0.00162075 0.011264 0.0461977 0.112201 0.164215 0.157092 0.127888 0.117938 0.105851 0.0780407 0.047025 0.0218015 0.00700316 0.0014836 0.000210672 2.11097e-05 1.5593e-06 8.53756e-08 3.3862e-09 9.44964e-11 1.80374e-12
 4.76722e-09 2.60576e-07 8.39832e-06 0.000159603 0.00178855 0.0118212 0.0461337 0.106918 0.151381 0.147969 0.136248 0.137516 0.118524 0.0776128 0.0406671 0.0169306 0.00510529 0.00105108 0.000148521 1.48354e-05 1.05902e-06 5.32112e-08 1.84507e-09 4.36346e-11 6.97979e-13
 7.93273e-09 4.11957e-07 1.26145e-05 0.00022776 0.0024249 0.0152267 0.0564502 0.124209 0.166489 0.15233 0.129079 0.122163 0.103397 0.069499 0.0376774 0.0155206 0.00438076 0.000805542 9.77115e-05 8.22951e-06 5.06202e-07 2.29377e-08 7.41412e-10 1.64166e-11 2.41572e-13
 1.12367e-08 5.5398e-07 1.61042e-05 0.000276042 0.00279017 0.0166354 0.058591 0.122831 0.158995 0.147513 0.135488 0.132749 0.107504 0.0666832 0.0331384 0.012701 0.00340465 0.000606324 7.23355e-05 5.98087e-06 3.49967e-07 1.43865e-08 4.07686e-10 7.85633e-12 1.01973e-13
 1.67799e-08 7.84824e-07 2.16443e-05 0.000351974 0.00337522 0.019093 0.0638284 0.12725 0.157997 0.144674 0.135191 0.131959 0.104957 0.0645606 0.0316737 0.0116457 0.00290172 0.000466587 4.88326e-05 3.47738e-06 1.76797e-07 6.51748e-09 1.70273e-10 3.04438e-12 3.62169e-14
 2.55708e-08 1.13395e-06 2.96505e-05 0.000457159 0.00415655 0.0222953 0.0707011 0.133945 0.159307 0.143186 0.134086 0.128728 0.0999584 0.0605992 0.0292253 0.0104057 0.00249044 0.000385846 3.9226e-05 2.71568e-06 1.31698e-07 4.47029e-09 1.0418e-10 1.63832e-12 1.72047e-14
 3.63461e-08 1.5274e-06 3.78475e-05 0.000552996 0.00476492 0.0242267 0.0728961 0.13168 0.152507 0.141477 0.140866 0.135173 0.100641 0.0578361 0.0262897 0.00877777 0.001962 0.000282711 2.66188e-05 1.70466e-06 7.68659e-08 2.44868e-09 5.3869e-11 7.96969e-13 7.77541e-15
 5.5184e-08 2.19671e-06 5.15611e-05 0.00071363 0.00582482 0.0280568 0.0800125 0.137272 0.152283 0.138247 0.136301 0.129153 0.0969756 0.0575418 0.0266279 0.00875569 0.00189314 0.000263967 2.42769e-05 1.528e-06 6.72008e-08 2.04807e-09 4.22968e-11 5.81116e-13 5.25007e-15
 8.41923e-08 3.17363e-06 7.05391e-05 0.000924502 0.00714592 0.0326002 0.0881173 0.143765 0.153701 0.138538 0.136144 0.125109 0.0903475 0.0516172 0.0229342 0.00723692 0.00151568 0.000208727 1.94029e-05 1.25083e-06 5.60248e-08 1.70844e-09 3.46762e-11 4.61479e-13 3.98698e-15
 1.29836e-07 4.63343e-06 9.74989e-05 0.00120977 0.00885309 0.0382441 0.0979557 0.151942 0.156405 0.139193 0.134832 0.119173 0.0820752 0.0445791 0.0186904 0.00552029 0.00107553 0.00013721 1.18224e-05 7.13438e-07 3.04693e-08 9.03226e-10 1.80544e-11 2.37582e-13 2.02184e-15
 1.61486e-07 5.45508e-06 0.000108658 0.00127627 0.0088427 0.0361956 0.0881863 0.132427 0.14068 0.142966 0.152613 0.134872 0.0898855 0.0469073 0.0187271 0.00522438 0.000957979 0.000114881 9.28452e-06 5.22882e-07 2.07095e-08 5.67408e-10 1.05047e-11 1.28952e-13 1.03392e-15
 2.96604e-07 9.48359e-06 0.000178797 0.00198775 0.0130339 0.0504653 0.116005 0.162433 0.15423 0.132012 0.124354 0.107321 0.0747533 0.0411748 0.0166426 0.00451273 0.000788885 8.96957e-05 6.86728e-06 3.65589e-07 1.36141e-08 3.48295e-10 5.98232e-12 6.7786e-14 5.00052e-16
 3.70443e-07 1.12111e-05 0.000200065 0.00210539 0.0130715 0.0479821 0.105203 0.144295 0.146499 0.148381 0.150673 0.120733 0.0719852 0.0334729 0.0118815 0.00295781 0.000489353 5.37811e-05 4.0317e-06 2.10183e-07 7.57656e-09 1.84871e-10 2.9929e-12 3.17072e-14 2.17452e-16
 5.94717e-07 1.70369e-05 0.000287785 0.00286667 0.0168461 0.0585164 0.121265 0.156362 0.146815 0.136316 0.132277 0.108117 0.0695414 0.03479 0.0125113 0.00297327 0.000451075 4.4166e-05 2.8996e-06 1.329e-07 4.31439e-09 9.7511e-11 1.4895e-12 1.49835e-14 9.73684e-17
 8.23576e-07 2.23346e-05 0.000357153 0.00336809 0.0187422 0.0617111 0.121797 0.152537 0.147001 0.145219 0.140171 0.106729 0.0621749 0.0282494 0.00943475 0.00213597 0.000316709 3.10589e-05 2.06663e-06 9.45313e-08 2.94567e-09 6.13824e-11 8.43656e-13 7.59241e-15 4.4461e-17
 1.11856e-06 2.87196e-05 0.000434815 0.00388246 0.0204603 0.0638668 0.120056 0.145879 0.142837 0.146638 0.142452 0.108585 0.0640699 0.0290877 0.00940313 0.00201136 0.000278323 2.53803e-05 1.57898e-06 6.8497e-08 2.05845e-09 4.1818e-11 5.60254e-13 4.85939e-15 2.69211e-17
 1.72856e-06 4.20248e-05 0.000602468 0.0050938 0.0254198 0.0751488 0.133862 0.154391 0.143934 0.141012 0.131553 0.0976819 0.0566331 0.0250348 0.00777157 0.00158847 0.000210801 1.85502e-05 1.1147e-06 4.63129e-08 1.31595e-09 2.50532e-11 3.14074e-13 2.55991e-15 1.34127e-17
#spawning biomass
 32036.4 26260.9 20348.7 12210.1 13237.6 17391.2 22712.3 27843.7 29983.3 39648.5 41572.8 50322.3 54410.6 61143.7 63971.3 71251 82051.3 69625.9 73360.2 77728.7 77908.6 79661.4 89402.1 82254.6 88953.1 79414.1 78486.1 86995.6 115620 251775 293357 295958 275016 244070 211878 182973 159065 140294 126070 115557 107929 102467 98579.1 95767.3 93842.8 92525.5 91623.8 91006.7 90584.3 90295.1 90097.3 89961.8 89869.1 89805.6 89762.2 89732.5 89712.1 89698.2 89688.7 89682.1 89677.7 89674.6 89672.5 89671.1 89670.1 89669.4 89669 89668.7 89668.5 89668.3 89668.2 89668.1 89668.1 89668.1 89668 89668 89668 89668 89668 89668 89668 89668 89668 89668 89668 89668 89668 89668 89668 89668 89668 89668 89668 89668 89668 89668 89668 89668 89668 89668 89668 89668 89668 89668 89668 89668 89668 89668 89668 89668 89668 89668 89668 89668 89668 89668 89668 89668 89668 89668 89668 89668 89668 89668 89668 89668 89668 89668 0 0 0 0 0 0 0 0 0 0 0 0 0 0 0 0 0 0 0 0 0 0 0 0 0
