SBPRF35
0.819782
Curr Bio
99430.5
B35
669313
F35
0.21157
FOFL
0.0741631
OFL
14788.6
Bzero
234224
#pred survey bio
 7534.48 6874.92 8872.58 11698.6 16242.9 19317 18391.1 23915.8 37358.2 52272.1 62769.6 78868.8 104291 129221 126178 114861 105464 110813 108737 103403 107831 111673 115738 129025 134200 129457 128093 109087 107130 9.07536e+06 7.37425e+06 7.7824e+06 7.28487e+06 6.41477e+06 5.47888e+06 4.63155e+06 3.93105e+06 3.38298e+06 2.9691e+06 2.66369e+06 2.44162e+06 2.28147e+06 2.16599e+06 2.08186e+06 2.02064e+06 1.97721e+06 1.94609e+06 1.92354e+06 1.90701e+06 1.89475e+06 1.88556e+06 1.87859e+06 1.87326e+06 1.86914e+06 1.86593e+06 1.8634e+06 1.86141e+06 1.85982e+06 1.85855e+06 1.85753e+06 1.85671e+06 1.85605e+06 1.85551e+06 1.85508e+06 1.85472e+06 1.85443e+06 1.8542e+06 1.85401e+06 1.85385e+06 1.85372e+06 1.85362e+06 1.85354e+06 1.85347e+06 1.85341e+06 1.85336e+06 1.85332e+06 1.85329e+06 1.85327e+06 1.85325e+06 1.85323e+06 1.85322e+06 1.8532e+06 1.85319e+06 1.85319e+06 1.85318e+06 1.85318e+06 1.85317e+06 1.85317e+06 1.85316e+06 1.85316e+06 1.85316e+06 1.85316e+06 1.85316e+06 1.85316e+06 1.85316e+06 1.85316e+06 1.85315e+06 1.85315e+06 1.85315e+06 1.85315e+06 1.85315e+06 1.85315e+06 1.85315e+06 1.85315e+06 1.85315e+06 1.85315e+06 1.85315e+06 1.85315e+06 1.85315e+06 1.85315e+06 1.85315e+06 1.85315e+06 1.85315e+06 1.85315e+06 1.85315e+06 1.85315e+06 1.85315e+06 1.85315e+06 1.85315e+06 1.85315e+06 1.85315e+06 1.85315e+06 1.85315e+06 1.85315e+06 1.85315e+06 1.85315e+06 1.85315e+06 1.85315e+06 1.85315e+06 0 0 0 0 0 0 0 0 0 0 0 0 0 0 0 0 0 0 0 0 0 0 0 0 0
#obs survey bio
 6853.46 8835.6 10696.8 13299.9 15058.2 18660 21273.4 41146 35577.8 67946.3 70893.7 107119 105321 118033 119320 121353 137239 141667 110832 84241.2 81344.9 145050 141426 122380 119514 106267 107019 107210 113162
#pred catch bio
 5227.95 4536.02 6176.27 7838.19 10919.1 14624 13222.7 15948.4 25519.9 38598.6 46461.2 56624.9 75326.3 99677 99769.7 93934.7 82870.4 88629.7 89414.7 84277.9 88948.1 92781.3 93468.8 106057 114405 109771 111012 91350.6 1.40485 14788.6 59377.8 63104.1 58441.7 50754 42656.2 35429.9 29540.8 25008.1 21652.1 19234.4 17527.1 16338.7 15518.6 14953.7 14568.6 14313.4 14144.3 14032.3 13958.1 13908.9 13876.3 13854.7 13840.4 13830.9 13824.6 13820.5 13817.7 13815.9 13814.7 13813.9 13813.3 13813 13812.7 13812.6 13812.5 13812.4 13812.4 13812.3 13812.3 13812.3 13812.3 13812.3 13812.3 13812.3 13812.3 13812.3 13812.3 13812.3 13812.3 13812.3 13812.3 13812.3 13812.3 13812.3 13812.3 13812.3 13812.3 13812.3 13812.3 13812.3 13812.3 13812.3 13812.3 13812.3 13812.3 13812.3 13812.3 13812.3 13812.3 13812.3 13812.3 13812.3 13812.3 13812.3 13812.3 13812.3 13812.3 13812.3 13812.3 13812.3 13812.3 13812.3 13812.3 13812.3 13812.3 13812.3 13812.3 13812.3 13812.3 13812.3 13812.3 13812.3 13812.3 13812.3 13812.3 13812.3 13812.3 13812.3 13812.3 0 0 0 0 0 0 0 0 0 0 0 0 0 0 0 0 0 0 0 0 0 0 0 0 0
#obs catch bio
 4940.06 4426.68 5992.07 7592.35 10528.6 14648.3 12804.4 15076.2 24471.1 36758.2 45079.7 53637.7 71816.5 96165.3 98891 94743.1 81227.8 85949.4 86580.3 83883.4 87676.8 89685.7 90595.8 101661 108547 108723 109973 93050.7 1.28622
#pred cpue bio
 6422.37 5457.05 6845.19 8877.78 12453.1 15424.2 14376.8 17837.7 27955.6 39869.1 47685.9 59198.3 78827.2 98877.4 98869.1 89125.1 79921.6 84331.6 83141.4 77899.8 80373 83074.5 85704 95867.9 100133 95552.3 94837.9 82355.1 79407.9 7.94144e+06 7.19262e+06 7.72335e+06 7.22704e+06 6.35526e+06 5.41899e+06 4.57161e+06 3.87111e+06 3.32304e+06 2.90916e+06 2.60375e+06 2.38168e+06 2.22153e+06 2.10605e+06 2.02192e+06 1.96069e+06 1.91727e+06 1.88615e+06 1.86359e+06 1.84706e+06 1.83481e+06 1.82562e+06 1.81865e+06 1.81332e+06 1.80919e+06 1.80598e+06 1.80346e+06 1.80146e+06 1.79987e+06 1.7986e+06 1.79759e+06 1.79677e+06 1.7961e+06 1.79557e+06 1.79513e+06 1.79478e+06 1.79449e+06 1.79426e+06 1.79406e+06 1.79391e+06 1.79378e+06 1.79368e+06 1.79359e+06 1.79352e+06 1.79346e+06 1.79342e+06 1.79338e+06 1.79335e+06 1.79332e+06 1.7933e+06 1.79328e+06 1.79327e+06 1.79326e+06 1.79325e+06 1.79324e+06 1.79324e+06 1.79323e+06 1.79323e+06 1.79322e+06 1.79322e+06 1.79322e+06 1.79322e+06 1.79321e+06 1.79321e+06 1.79321e+06 1.79321e+06 1.79321e+06 1.79321e+06 1.79321e+06 1.79321e+06 1.79321e+06 1.79321e+06 1.79321e+06 1.79321e+06 1.79321e+06 1.79321e+06 1.79321e+06 1.79321e+06 1.79321e+06 1.79321e+06 1.79321e+06 1.79321e+06 1.79321e+06 1.79321e+06 1.79321e+06 1.79321e+06 1.79321e+06 1.79321e+06 1.79321e+06 1.79321e+06 1.79321e+06 1.79321e+06 1.79321e+06 1.79321e+06 1.79321e+06 1.79321e+06 1.79321e+06 1.79321e+06 1.79321e+06 1.79321e+06 0 0 0 0 0 0 0 0 0 0 0 0 0 0 0 0 0 0 0 0 0 0 0 0 0
#obs cpue bio
 5591.74 7907.31 9210.27 12881.1 22872.1 12066.6 29810.8 28607.8 48049.4 64777.8 64454.4 116105 154287 161504 102474 75428.7 92481.3 113128 133136 90534.6 141384 121827 111686 208419 260124 110208 141412 143290 135278
#pred surv len freq
 2.56669e-27 2.59786e-27 4.15778e-26 8.23128e-20 2.0178e-14 5.9791e-10 2.14161e-06 0.000927236 0.0485282 0.307003 0.235007 0.0367816 0.11486 0.106173 0.0282227 0.0380505 0.0178757 0.0158552 0.0108134 0.00897787 0.00759369 0.00699616 0.00742147 0.00680817 0.00210311
 2.56838e-27 2.60212e-27 4.48603e-26 8.92354e-20 2.1875e-14 6.48195e-10 2.32173e-06 0.00100522 0.0526095 0.332822 0.254775 0.0401524 0.126626 0.116659 0.0236964 0.0248069 0.00952809 0.00585628 0.00323541 0.0022537 0.00165734 0.00135847 0.00131182 0.00122599 0.00041761
 2.56914e-27 2.60416e-27 4.66053e-26 9.29165e-20 2.27773e-14 6.74934e-10 2.4175e-06 0.00104668 0.0547797 0.346551 0.265259 0.0401973 0.119602 0.110192 0.0228872 0.0245162 0.00830948 0.00345945 0.0013815 0.000675037 0.000384852 0.000263059 0.000220952 0.00019969 7.1086e-05
 2.56963e-27 2.60543e-27 4.76747e-26 9.51722e-20 2.33303e-14 6.91319e-10 2.47619e-06 0.0010721 0.0561096 0.354965 0.271687 0.0404238 0.11681 0.107512 0.0205456 0.0198416 0.00675802 0.00283947 0.000917598 0.000290131 0.000103703 5.04248e-05 3.37542e-05 2.76798e-05 9.90416e-06
 2.56917e-27 2.60417e-27 4.6553e-26 9.28057e-20 2.27502e-14 6.74129e-10 2.41462e-06 0.00104544 0.0547144 0.346138 0.264954 0.0407896 0.124325 0.114451 0.0218608 0.0210819 0.00693981 0.00255268 0.00082126 0.00024056 5.5349e-05 1.50043e-05 6.4932e-06 4.35321e-06 1.50471e-06
 2.56732e-27 2.59919e-27 4.21823e-26 8.35856e-20 2.049e-14 6.07155e-10 2.17473e-06 0.000941574 0.0492786 0.31175 0.23871 0.0417531 0.150095 0.138307 0.0274482 0.0278313 0.00916627 0.0033575 0.00101848 0.000268804 5.81026e-05 1.0259e-05 2.11457e-06 9.12356e-07 2.86351e-07
 2.56843e-27 2.60224e-27 4.49157e-26 8.93521e-20 2.19036e-14 6.49042e-10 2.32476e-06 0.00100653 0.0526783 0.333257 0.255116 0.0406884 0.130466 0.120248 0.0252314 0.0273275 0.00910245 0.00348169 0.00105855 0.000272376 5.31818e-05 8.35329e-06 1.00046e-06 1.8228e-07 4.43225e-08
 2.57034e-27 2.60736e-27 4.93939e-26 9.87989e-20 2.42194e-14 7.17663e-10 2.57055e-06 0.00111295 0.0582478 0.368491 0.282006 0.0398028 0.104834 0.0964887 0.0191073 0.0193367 0.00660895 0.00280009 0.000875046 0.000233166 4.49477e-05 6.48443e-06 6.36172e-07 5.04971e-08 6.28985e-09
 2.57009e-27 2.60664e-27 4.86969e-26 9.73285e-20 2.38589e-14 7.06982e-10 2.53229e-06 0.00109638 0.0573808 0.363007 0.277829 0.0404597 0.112769 0.103715 0.0186595 0.0164804 0.00549972 0.00215183 0.000699358 0.000203532 4.0861e-05 5.90889e-06 5.31152e-07 2.88521e-08 1.3587e-09
 2.56932e-27 2.60455e-27 4.68593e-26 9.34519e-20 2.29086e-14 6.78823e-10 2.43143e-06 0.00105272 0.0550953 0.348548 0.266796 0.0409362 0.124147 0.114241 0.021012 0.0191847 0.00614911 0.00200471 0.000616473 0.000171149 3.70619e-05 5.70947e-06 5.17044e-07 2.48088e-08 6.25687e-10
 2.5695e-27 2.60503e-27 4.72876e-26 9.43554e-20 2.31301e-14 6.85386e-10 2.45494e-06 0.00106289 0.055628 0.351918 0.269367 0.0407701 0.121076 0.111416 0.020668 0.0191136 0.00616147 0.00205514 0.000589201 0.000139052 2.81145e-05 4.48341e-06 4.36911e-07 2.10096e-08 4.31067e-10
 2.56996e-27 2.60629e-27 4.83923e-26 9.66859e-20 2.37014e-14 7.02314e-10 2.51557e-06 0.00108915 0.057002 0.36061 0.276 0.0405282 0.114575 0.105396 0.019231 0.0173504 0.00560909 0.00190064 0.000550781 0.000129238 2.27399e-05 3.23333e-06 3.18528e-07 1.63486e-08 3.30283e-10
 2.56967e-27 2.60548e-27 4.76695e-26 9.51609e-20 2.33275e-14 6.91237e-10 2.47589e-06 0.00107197 0.0561029 0.354922 0.271661 0.0408039 0.119722 0.110133 0.0198384 0.0175416 0.00563928 0.00186401 0.000541968 0.000129245 2.28155e-05 2.9386e-06 2.53154e-07 1.29449e-08 2.74934e-10
 2.56918e-27 2.60417e-27 4.6519e-26 9.2734e-20 2.27326e-14 6.73608e-10 2.41275e-06 0.00104463 0.0546721 0.345871 0.264753 0.0410404 0.126375 0.116298 0.0213959 0.0195422 0.00625226 0.00201251 0.000578002 0.000135314 2.41323e-05 3.12357e-06 2.47506e-07 1.11498e-08 2.33763e-10
 2.5681e-27 2.60122e-27 4.39086e-26 8.7227e-20 2.13827e-14 6.33606e-10 2.26947e-06 0.000982594 0.0514254 0.325332 0.249083 0.0418688 0.143688 0.132261 0.0239742 0.0214081 0.00688149 0.00226929 0.000646976 0.000147557 2.58106e-05 3.33502e-06 2.64451e-07 1.10008e-08 2.06348e-10
 2.56862e-27 2.60269e-27 4.52436e-26 9.00435e-20 2.20731e-14 6.54065e-10 2.34275e-06 0.00101432 0.0530859 0.335836 0.257093 0.0411583 0.132654 0.122153 0.0235323 0.0229439 0.00733361 0.00233816 0.000669885 0.00015528 2.66614e-05 3.36194e-06 2.64412e-07 1.09059e-08 1.89413e-10
 2.56955e-27 2.60516e-27 4.73815e-26 9.45534e-20 2.31786e-14 6.86824e-10 2.46009e-06 0.00106512 0.0557448 0.352657 0.269933 0.0409407 0.121976 0.112198 0.01993 0.0172352 0.00561761 0.00198013 0.000566294 0.000127919 2.21984e-05 2.78429e-06 2.13455e-07 8.69709e-09 1.48393e-10
 2.56934e-27 2.60457e-27 4.68455e-26 9.34225e-20 2.29014e-14 6.7861e-10 2.43067e-06 0.00105239 0.055078 0.348439 0.266717 0.041218 0.126346 0.116211 0.0202778 0.0170073 0.00538041 0.00164789 0.000481937 0.000117806 2.02046e-05 2.52067e-06 1.92971e-07 7.68775e-09 1.29173e-10
 2.56914e-27 2.60403e-27 4.63621e-26 9.24029e-20 2.26514e-14 6.71203e-10 2.40414e-06 0.0010409 0.0544769 0.344636 0.263815 0.0413595 0.129462 0.119089 0.0208457 0.0175756 0.00551741 0.0016151 0.000446016 9.82669e-05 1.77802e-05 2.28191e-06 1.73077e-07 6.86632e-09 1.13188e-10
 2.56974e-27 2.60565e-27 4.77893e-26 9.54135e-20 2.33895e-14 6.93072e-10 2.48247e-06 0.00107481 0.0562519 0.355865 0.272383 0.0409864 0.120603 0.110902 0.019182 0.0158407 0.00496843 0.00144899 0.00039405 8.21387e-05 1.34925e-05 1.70945e-06 1.35112e-07 5.34703e-09 8.75118e-11
 2.57013e-27 2.60668e-27 4.86852e-26 9.73035e-20 2.38528e-14 7.06801e-10 2.53164e-06 0.0010961 0.0573661 0.362914 0.277764 0.0408509 0.115791 0.106432 0.0178515 0.0139288 0.00434669 0.00123843 0.000335439 6.93753e-05 1.0945e-05 1.26997e-06 9.61287e-08 3.92215e-09 6.44582e-11
 2.57016e-27 2.60676e-27 4.87384e-26 9.74157e-20 2.38803e-14 7.07616e-10 2.53456e-06 0.00109737 0.0574323 0.363332 0.278086 0.0409813 0.116558 0.107108 0.0173955 0.0127146 0.00391502 0.00103631 0.000275816 5.58847e-05 8.74523e-06 9.82593e-07 6.84904e-08 2.65681e-09 4.44011e-11
 2.57033e-27 2.6072e-27 4.91289e-26 9.82394e-20 2.40822e-14 7.13599e-10 2.55599e-06 0.00110665 0.0579179 0.366404 0.28043 0.0408857 0.114183 0.104914 0.0169585 0.0122671 0.00373144 0.000912072 0.000234595 4.45335e-05 6.79254e-06 7.50791e-07 5.0692e-08 1.82227e-09 2.89578e-11
 2.57021e-27 2.60689e-27 4.88624e-26 9.76773e-20 2.39444e-14 7.09516e-10 2.54137e-06 0.00110031 0.0575865 0.364308 0.27883 0.0409149 0.11553 0.106169 0.0174015 0.0129617 0.00394404 0.000961702 0.000241859 4.26202e-05 6.12286e-06 6.44368e-07 4.24927e-08 1.47423e-09 2.1853e-11
 2.57004e-27 2.60643e-27 4.84467e-26 9.68004e-20 2.37294e-14 7.03146e-10 2.51855e-06 0.00109044 0.0570695 0.361037 0.276335 0.0410802 0.11854 0.108936 0.017704 0.0129559 0.00395702 0.000991631 0.000250255 4.36994e-05 5.95717e-06 5.8096e-07 3.60558e-08 1.21068e-09 1.72596e-11
 2.57043e-27 2.60748e-27 4.93687e-26 9.87454e-20 2.42062e-14 7.17274e-10 2.56916e-06 0.00111235 0.0582162 0.368291 0.281871 0.0408732 0.113076 0.103878 0.0165265 0.0115421 0.00350395 0.000848185 0.000214457 3.82856e-05 5.21267e-06 4.8957e-07 2.80567e-08 8.80076e-10 1.20515e-11
 2.5703e-27 2.6071e-27 4.90248e-26 9.80199e-20 2.40284e-14 7.12004e-10 2.55028e-06 0.00110417 0.0577885 0.365586 0.279807 0.0410576 0.115928 0.106493 0.016663 0.0111934 0.00337112 0.00077488 0.000192471 3.34223e-05 4.5976e-06 4.36093e-07 2.42301e-08 7.04503e-10 8.98029e-12
 2.56951e-27 2.60497e-27 4.71191e-26 9.39995e-20 2.30428e-14 6.82801e-10 2.44568e-06 0.00105889 0.0554182 0.350591 0.268368 0.0417376 0.12914 0.11866 0.0183769 0.0120373 0.00359825 0.00078419 0.000190395 3.14997e-05 4.21264e-06 3.96091e-07 2.22332e-08 6.29642e-10 7.48019e-12
 2.57032e-27 2.60721e-27 4.91518e-26 9.82877e-20 2.40941e-14 7.1395e-10 2.55725e-06 0.00110719 0.0579464 0.366585 0.280565 0.0407265 0.112876 0.103747 0.017471 0.0137255 0.00411145 0.000885969 0.000211943 3.33848e-05 4.28479e-06 3.86011e-07 2.12891e-08 6.05151e-10 7.02204e-12
#obs surv len freq
 1.64836e-41 2.28781e-33 3.83828e-26 7.78396e-20 1.90815e-14 5.65418e-10 2.02524e-06 0.000876858 0.0458912 0.290321 0.222428 0.0442962 0.163889 0.139248 0.0426803 0.0344497 0.0111947 0.00380037 0.000811365 0.000104578 5.92311e-06 1.06077e-07 4.45002e-10 3.51373e-13 4.5233e-17
 1.9031e-41 2.64138e-33 4.43147e-26 8.98692e-20 2.20304e-14 6.528e-10 2.33822e-06 0.00101237 0.0529835 0.335189 0.2567 0.0440729 0.132549 0.106622 0.0338229 0.0257745 0.00811357 0.00258744 0.000510382 5.75401e-05 2.69325e-06 3.77462e-08 1.18766e-10 6.84073e-14 6.32049e-18
 1.92014e-41 2.66503e-33 4.47115e-26 9.06739e-20 2.22276e-14 6.58646e-10 2.35916e-06 0.00102144 0.0534579 0.33819 0.259076 0.0470994 0.141732 0.106709 0.0275399 0.0177445 0.00546617 0.00163522 0.00029563 2.90798e-05 1.11821e-06 1.21881e-08 2.86992e-11 1.20646e-14 8.00994e-19
 1.96163e-41 2.72262e-33 4.56775e-26 9.26331e-20 2.27079e-14 6.72877e-10 2.41014e-06 0.00104351 0.0546129 0.345498 0.264718 0.0487414 0.139215 0.0987294 0.0266197 0.0158354 0.00384678 0.000964374 0.000159085 1.35444e-05 4.25881e-07 3.5982e-09 6.32418e-12 1.93929e-15 9.26182e-20
 1.76381e-41 2.44805e-33 4.10712e-26 8.32916e-20 2.04179e-14 6.05021e-10 2.16709e-06 0.000938274 0.0491055 0.310657 0.238307 0.0548838 0.175902 0.117047 0.0311646 0.0170437 0.00400046 0.000836444 0.000105491 7.47428e-06 1.90755e-07 1.24568e-09 1.63325e-12 3.65264e-16 1.25525e-20
 1.45793e-41 2.02351e-33 3.39486e-26 6.88471e-20 1.6877e-14 5.00098e-10 1.79127e-06 0.000775558 0.0405896 0.256784 0.197443 0.0625337 0.220726 0.139844 0.0482351 0.0261557 0.00571574 0.00107713 0.000111966 5.82442e-06 1.13302e-07 5.66096e-10 5.53092e-13 9.0293e-17 2.23542e-21
 2.09433e-41 2.90679e-33 4.87675e-26 9.88994e-20 2.4244e-14 7.18395e-10 2.57317e-06 0.0011141 0.0583073 0.36887 0.282711 0.0502737 0.112006 0.0687616 0.0337038 0.0185615 0.00474415 0.000863502 7.71812e-05 3.1141e-06 4.28913e-08 1.53684e-10 1.09839e-13 1.30588e-17 2.33161e-22
 1.98827e-41 2.75959e-33 4.62978e-26 9.3891e-20 2.30163e-14 6.82014e-10 2.44286e-06 0.00105768 0.0553545 0.350191 0.268795 0.0601826 0.151579 0.0816043 0.0190231 0.00874281 0.00284957 0.000565328 5.02833e-05 1.67371e-06 1.70018e-08 4.20984e-11 2.07897e-14 1.7451e-18 2.22421e-23
 2.01949e-41 2.80292e-33 4.70247e-26 9.53652e-20 2.33777e-14 6.92723e-10 2.48122e-06 0.00107428 0.0562237 0.355691 0.27312 0.0617764 0.144857 0.0743036 0.0225594 0.00859833 0.0014862 0.000280355 2.7319e-05 8.54933e-07 6.96648e-09 1.24512e-11 4.22275e-15 2.4085e-19 2.10952e-24
 1.73193e-41 2.4038e-33 4.03288e-26 8.1786e-20 2.00489e-14 5.94085e-10 2.12792e-06 0.000921314 0.0482179 0.305047 0.235084 0.0761684 0.198843 0.0950911 0.0282838 0.0102327 0.00186771 0.000224415 1.61769e-05 4.91458e-07 3.56692e-09 5.03448e-12 1.23942e-15 4.90594e-20 2.92753e-25
 2.01896e-41 2.80218e-33 4.70125e-26 9.53403e-20 2.33716e-14 6.92542e-10 2.48057e-06 0.001074 0.056209 0.3556 0.273432 0.0667434 0.139636 0.0663691 0.0289734 0.0100369 0.00172164 0.00019222 9.80416e-06 2.04627e-07 1.25151e-09 1.49306e-12 2.89627e-16 8.49446e-21 3.60432e-26
 1.84544e-41 2.56135e-33 4.2972e-26 8.71463e-20 2.13629e-14 6.33022e-10 2.26738e-06 0.000981698 0.0513782 0.325043 0.250876 0.0817697 0.180733 0.0758162 0.0234554 0.00804855 0.00170894 0.000178273 7.76218e-06 1.14968e-07 4.69302e-10 4.20327e-13 6.4826e-17 1.48934e-21 4.78134e-27
 1.92146e-41 2.66686e-33 4.47421e-26 9.0736e-20 2.22429e-14 6.59097e-10 2.36078e-06 0.00102213 0.0534945 0.338434 0.261256 0.0810167 0.161073 0.0673923 0.0271692 0.00771782 0.00127586 0.000140247 5.86697e-06 7.0147e-08 2.02838e-10 1.20419e-13 1.28362e-17 2.16957e-22 5.27561e-28
 1.62223e-41 2.25155e-33 3.77744e-26 7.66057e-20 1.8779e-14 5.56456e-10 1.99313e-06 0.000862958 0.0451638 0.285741 0.222466 0.104365 0.216901 0.0836305 0.03049 0.00874877 0.00149473 0.00012825 4.79111e-06 5.17651e-08 1.18934e-10 5.07079e-14 3.65352e-18 4.12758e-23 6.88637e-29
 1.48336e-41 2.05881e-33 3.45408e-26 7.0048e-20 1.71714e-14 5.08821e-10 1.82251e-06 0.000789086 0.0412976 0.261291 0.204696 0.113257 0.224155 0.0939037 0.0465349 0.0120289 0.00188543 0.000154117 4.64845e-06 4.04964e-08 7.76672e-11 2.61959e-14 1.39285e-18 1.10384e-23 1.25376e-29
 1.72904e-41 2.3998e-33 4.02616e-26 8.16497e-20 2.00155e-14 5.93095e-10 2.12437e-06 0.000919778 0.0481375 0.304563 0.237503 0.102835 0.176116 0.0753461 0.0404225 0.0119664 0.00203889 0.000146232 3.81756e-06 2.63959e-08 3.8607e-11 1.01307e-14 4.18395e-19 2.50253e-24 2.07299e-30
 1.68945e-41 2.34485e-33 3.93397e-26 7.97801e-20 1.95571e-14 5.79514e-10 2.07573e-06 0.000898717 0.0470353 0.297604 0.233651 0.11858 0.191628 0.0697793 0.0299794 0.0090338 0.00168075 0.000125363 2.8461e-06 1.59048e-08 1.79615e-11 3.50567e-15 1.07242e-19 4.79676e-25 2.97821e-31
 1.7e-41 2.35949e-33 3.95853e-26 8.02781e-20 1.96792e-14 5.83132e-10 2.08868e-06 0.000904327 0.047329 0.299475 0.236056 0.12399 0.184776 0.0693156 0.0298096 0.00708454 0.00116806 8.80165e-05 1.9098e-06 9.03177e-09 7.97089e-12 1.17521e-15 2.65337e-20 8.63129e-26 3.88499e-32
 1.64828e-41 2.2877e-33 3.83809e-26 7.78358e-20 1.90805e-14 5.65391e-10 2.02514e-06 0.000876815 0.0458891 0.290387 0.230774 0.135881 0.189169 0.0699536 0.0293013 0.00678251 0.000926109 5.73926e-05 1.12685e-06 4.71443e-09 3.42707e-12 3.91426e-16 6.61244e-21 1.58126e-26 5.17324e-33
 1.74358e-41 2.41998e-33 4.06001e-26 8.23363e-20 2.01838e-14 5.98082e-10 2.14223e-06 0.000927513 0.0485424 0.307188 0.24425 0.133813 0.168412 0.0639808 0.0263449 0.00578337 0.00071953 3.60729e-05 5.53459e-07 1.90452e-09 1.14681e-12 1.05347e-16 1.37977e-21 2.48214e-27 5.98685e-34
 1.71753e-41 2.38382e-33 3.99936e-26 8.11062e-20 1.98822e-14 5.89147e-10 2.11023e-06 0.000913656 0.0478173 0.302636 0.243044 0.147588 0.171947 0.0591411 0.021751 0.00461511 0.000522515 2.22227e-05 2.6428e-07 6.81455e-10 3.14371e-13 2.25583e-17 2.30661e-22 3.19807e-28 5.84588e-35
 1.7286e-41 2.39919e-33 4.02514e-26 8.1629e-20 2.00104e-14 5.92944e-10 2.12383e-06 0.000919545 0.0481256 0.304622 0.246315 0.152989 0.164549 0.0583773 0.0200638 0.00365739 0.000365877 1.33239e-05 1.26402e-07 2.45083e-10 8.25593e-14 4.33495e-18 3.29007e-23 3.42431e-29 4.71765e-36
 1.72695e-41 2.39689e-33 4.02128e-26 8.15508e-20 1.99912e-14 5.92376e-10 2.1218e-06 0.000918664 0.0480796 0.304381 0.24845 0.161047 0.159922 0.0557473 0.0181067 0.0030811 0.000257275 7.64793e-06 5.80811e-08 8.64271e-11 2.15485e-14 8.18511e-19 4.45428e-24 3.33008e-30 3.31863e-37
 1.73596e-41 2.4094e-33 4.04227e-26 8.19765e-20 2.00956e-14 5.95469e-10 2.13287e-06 0.00092346 0.0483307 0.306028 0.25202 0.166413 0.152982 0.0540111 0.0165 0.00259547 0.000188744 4.48537e-06 2.62151e-08 2.97176e-11 5.54932e-15 1.54868e-19 6.09682e-25 3.26304e-31 2.31488e-38
 1.68386e-41 2.33709e-33 3.92095e-26 7.9516e-20 1.94924e-14 5.77596e-10 2.06885e-06 0.000895743 0.0468804 0.296951 0.249067 0.180872 0.155047 0.0529401 0.0150185 0.00218634 0.000137903 2.67158e-06 1.1966e-08 1.00733e-11 1.38622e-15 2.84043e-20 8.15865e-26 3.16163e-32 1.61243e-39
 1.60499e-41 2.22762e-33 3.7373e-26 7.57917e-20 1.85794e-14 5.50543e-10 1.97195e-06 0.000853788 0.044685 0.283193 0.243322 0.196074 0.159218 0.0558981 0.0147242 0.00192297 0.00010451 1.65138e-06 5.73611e-09 3.60543e-12 3.62026e-16 5.36292e-21 1.11152e-26 3.10737e-33 1.14209e-40
 1.58555e-41 2.20064e-33 3.69204e-26 7.48738e-20 1.83544e-14 5.43875e-10 1.94807e-06 0.000843448 0.0441443 0.279902 0.244368 0.200497 0.155145 0.0583103 0.0149139 0.00179117 8.23098e-05 1.04967e-06 2.83123e-09 1.33973e-12 9.90429e-17 1.06375e-21 1.58345e-27 3.16456e-34 8.30295e-42
 1.63766e-41 2.27296e-33 3.81336e-26 7.73342e-20 1.89576e-14 5.61747e-10 2.01209e-06 0.000871165 0.0455955 0.289217 0.254294 0.199101 0.143164 0.0529712 0.0132107 0.00151251 6.00259e-05 6.13702e-07 1.27414e-09 4.53537e-13 2.48022e-17 1.94555e-22 2.09507e-28 3.00758e-35 5.63927e-43
 1.63775e-41 2.2731e-33 3.81359e-26 7.73388e-20 1.89587e-14 5.61781e-10 2.01221e-06 0.000871217 0.0455982 0.289235 0.254317 0.199487 0.144588 0.0522565 0.0123094 0.0012897 4.51216e-05 3.93871e-07 6.82261e-10 1.99627e-13 8.89032e-18 5.64494e-23 4.90037e-29 5.65467e-36 8.50474e-44
#pred catch len freq
 2.56507e-27 2.59354e-27 3.78507e-26 7.44504e-20 1.82506e-14 5.40799e-10 1.93705e-06 0.000838669 0.0438929 0.277679 0.212618 0.0369911 0.132184 0.122244 0.0325368 0.0439054 0.0205981 0.0182353 0.0124295 0.0103165 0.00872513 0.00803839 0.00852703 0.00782236 0.0024164
 2.56682e-27 2.59789e-27 4.11509e-26 8.14102e-20 1.99567e-14 5.91353e-10 2.11813e-06 0.000917069 0.0479961 0.303636 0.232503 0.0409707 0.148502 0.136879 0.0278508 0.0292143 0.0112109 0.00687568 0.00379638 0.00264353 0.00194382 0.00159325 0.00153853 0.00143787 0.000489783
 2.56782e-27 2.60059e-27 4.3467e-26 8.6296e-20 2.11544e-14 6.26844e-10 2.24525e-06 0.000972107 0.0508766 0.321859 0.246417 0.0409705 0.138725 0.127868 0.0265528 0.0284353 0.00963107 0.00399915 0.00159606 0.000779521 0.000444367 0.00030373 0.000255112 0.000230562 8.20761e-05
 2.56827e-27 2.60173e-27 4.44122e-26 8.82897e-20 2.16432e-14 6.41325e-10 2.29712e-06 0.000994565 0.0520519 0.329295 0.2521 0.0413075 0.137297 0.126432 0.0241778 0.0233709 0.00795477 0.00333405 0.0010769 0.000340324 0.000121627 5.91373e-05 3.95861e-05 3.24622e-05 1.16153e-05
 2.56776e-27 2.60035e-27 4.3185e-26 8.57008e-20 2.10085e-14 6.2252e-10 2.22976e-06 0.000965402 0.0505257 0.319639 0.244734 0.0417119 0.14555 0.134053 0.0256233 0.0247342 0.00813745 0.00298567 0.000960055 0.000281076 6.46619e-05 1.75279e-05 7.58521e-06 5.08531e-06 1.75777e-06
 2.56613e-27 2.59597e-27 3.93487e-26 7.7608e-20 1.90247e-14 5.63735e-10 2.0192e-06 0.000874238 0.0457544 0.289455 0.221699 0.0425228 0.167905 0.154757 0.0306384 0.030971 0.0101929 0.00372249 0.00112857 0.000297696 6.43378e-05 1.13593e-05 2.34132e-06 1.01019e-06 3.17057e-07
 2.56715e-27 2.59877e-27 4.18572e-26 8.28999e-20 2.03219e-14 6.02174e-10 2.15689e-06 0.00093385 0.0488743 0.309193 0.236753 0.0414585 0.149229 0.137591 0.0288392 0.0311969 0.0103841 0.00396102 0.00120366 0.00030955 6.0431e-05 9.49135e-06 1.13674e-06 2.0711e-07 5.036e-08
 2.56905e-27 2.60387e-27 4.63182e-26 9.23105e-20 2.26288e-14 6.70532e-10 2.40173e-06 0.00103986 0.0544225 0.344291 0.26354 0.040608 0.123936 0.114137 0.0226166 0.022906 0.00782356 0.0033065 0.00103282 0.000275066 5.30174e-05 7.64815e-06 7.50329e-07 5.95583e-08 7.41849e-09
 2.56884e-27 2.60323e-27 4.56884e-26 9.09816e-20 2.2303e-14 6.60879e-10 2.36716e-06 0.00102489 0.053639 0.339335 0.259767 0.041332 0.132097 0.121553 0.0218692 0.0193153 0.00644158 0.00251379 0.000816567 0.000237524 4.76789e-05 6.89442e-06 6.19732e-07 3.36637e-08 1.58528e-09
 2.56821e-27 2.60154e-27 4.41954e-26 8.78321e-20 2.1531e-14 6.38001e-10 2.28521e-06 0.00098941 0.0517821 0.327588 0.250804 0.0417119 0.141286 0.13006 0.023876 0.021737 0.00696273 0.00226324 0.00069555 0.000192999 4.17875e-05 6.4371e-06 5.82928e-07 2.79699e-08 7.05411e-10
 2.56841e-27 2.60208e-27 4.46836e-26 8.8862e-20 2.17834e-14 6.45483e-10 2.31201e-06 0.00100101 0.0523894 0.33143 0.253734 0.0415232 0.137791 0.126845 0.0234821 0.0216505 0.00697465 0.00231947 0.000664612 0.00015676 3.16898e-05 5.05327e-06 4.92437e-07 2.36796e-08 4.85847e-10
 2.56883e-27 2.60322e-27 4.56812e-26 9.09664e-20 2.22993e-14 6.60769e-10 2.36676e-06 0.00102472 0.05363 0.339278 0.259724 0.041318 0.13202 0.121498 0.0221411 0.019937 0.00644121 0.0021764 0.000630348 0.000147827 2.60067e-05 3.69758e-06 3.64257e-07 1.86956e-08 3.77698e-10
 2.56853e-27 2.60238e-27 4.4923e-26 8.9367e-20 2.19072e-14 6.49151e-10 2.32515e-06 0.0010067 0.0526871 0.333313 0.255173 0.0416144 0.137474 0.126515 0.0227592 0.0200817 0.00645187 0.00212649 0.000617938 0.000147282 2.59955e-05 3.34796e-06 2.88414e-07 1.47479e-08 3.13226e-10
 2.56821e-27 2.60152e-27 4.41779e-26 8.77953e-20 2.1522e-14 6.37734e-10 2.28426e-06 0.000988996 0.0517605 0.327451 0.250699 0.0417315 0.141508 0.130264 0.0238895 0.0217157 0.00694277 0.00222772 0.000639425 0.000149608 2.66774e-05 3.45277e-06 2.73586e-07 1.23246e-08 2.58394e-10
 2.56714e-27 2.59861e-27 4.15925e-26 8.23411e-20 2.01849e-14 5.98115e-10 2.14235e-06 0.000927555 0.0485449 0.307108 0.235179 0.0425659 0.158762 0.146169 0.0263993 0.0234398 0.0075289 0.00247475 0.000705131 0.000160727 2.81098e-05 3.63186e-06 2.87985e-07 1.19797e-08 2.2471e-10
 2.56783e-27 2.60054e-27 4.33447e-26 8.60376e-20 2.10911e-14 6.24966e-10 2.23852e-06 0.000969196 0.0507242 0.320895 0.245693 0.0417135 0.144888 0.133445 0.0255732 0.0247575 0.00790715 0.00251236 0.000719331 0.000166643 2.86079e-05 3.60714e-06 2.83692e-07 1.1701e-08 2.03223e-10
 2.56868e-27 2.60278e-27 4.52717e-26 9.01027e-20 2.20876e-14 6.54495e-10 2.34429e-06 0.00101499 0.0531208 0.336057 0.257268 0.0415833 0.135765 0.124919 0.0221096 0.0190062 0.00618983 0.00217478 0.000621609 0.000140332 2.43486e-05 3.05378e-06 2.34111e-07 9.53867e-09 1.62752e-10
 2.56851e-27 2.60232e-27 4.48481e-26 8.9209e-20 2.18685e-14 6.48003e-10 2.32104e-06 0.00100492 0.0525939 0.332724 0.254727 0.0418415 0.139515 0.128357 0.0223084 0.0185818 0.00587418 0.00179309 0.00052405 0.000128028 2.19542e-05 2.73876e-06 2.09663e-07 8.35272e-09 1.40346e-10
 2.56841e-27 2.60203e-27 4.4589e-26 8.86623e-20 2.17345e-14 6.44032e-10 2.30681e-06 0.000998762 0.0522716 0.330685 0.253171 0.0419197 0.141203 0.129917 0.0226325 0.0189257 0.00593673 0.00173178 0.000477912 0.000105231 1.90369e-05 2.44304e-06 1.85296e-07 7.35101e-09 1.21178e-10
 2.56901e-27 2.60367e-27 4.60346e-26 9.17119e-20 2.24821e-14 6.66184e-10 2.38616e-06 0.00103312 0.0540696 0.342059 0.261851 0.0415432 0.13224 0.121633 0.0209431 0.0171564 0.00537708 0.00156273 0.0004247 8.84739e-05 1.45307e-05 1.84085e-06 1.45495e-07 5.75791e-09 9.42364e-11
 2.56947e-27 2.6049e-27 4.7105e-26 9.39699e-20 2.30356e-14 6.82586e-10 2.44491e-06 0.00105855 0.0554008 0.350481 0.268278 0.041366 0.126376 0.11619 0.0193975 0.0149987 0.00467694 0.00132781 0.000359399 7.42854e-05 1.17176e-05 1.35952e-06 1.02905e-07 4.19862e-09 6.90017e-11
 2.56954e-27 2.60506e-27 4.72257e-26 9.42246e-20 2.3098e-14 6.84435e-10 2.45153e-06 0.00106142 0.0555509 0.35143 0.269005 0.0414869 0.126785 0.116533 0.0188403 0.0136371 0.00419591 0.00110668 0.00029433 5.95992e-05 9.32488e-06 1.04765e-06 7.30233e-08 2.83264e-09 4.73394e-11
 2.56961e-27 2.60526e-27 4.73989e-26 9.45899e-20 2.31876e-14 6.87089e-10 2.46104e-06 0.00106554 0.0557663 0.352793 0.270045 0.0414602 0.125851 0.115668 0.0186255 0.0133617 0.00406173 0.000989377 0.000254291 4.82426e-05 7.35697e-06 8.13119e-07 5.48992e-08 1.9735e-09 3.1361e-11
 2.56955e-27 2.6051e-27 4.72636e-26 9.43045e-20 2.31176e-14 6.85016e-10 2.45361e-06 0.00106232 0.055598 0.351728 0.269232 0.0414446 0.126304 0.116099 0.0189461 0.0139845 0.0042524 0.00103323 0.000259655 4.57276e-05 6.56804e-06 6.91165e-07 4.55778e-08 1.58126e-09 2.34394e-11
 2.56951e-27 2.60498e-27 4.71547e-26 9.40746e-20 2.30613e-14 6.83346e-10 2.44763e-06 0.00105973 0.0554625 0.350871 0.268579 0.0415185 0.127325 0.117031 0.0189206 0.0136927 0.00417886 0.00104333 0.000263105 4.5914e-05 6.25789e-06 6.10239e-07 3.7872e-08 1.27165e-09 1.81289e-11
 2.5699e-27 2.60604e-27 4.80837e-26 9.60344e-20 2.35417e-14 6.97582e-10 2.49862e-06 0.00108181 0.0566179 0.35818 0.274157 0.0413132 0.121843 0.111956 0.0177248 0.0122414 0.00371347 0.000895579 0.000226265 4.03679e-05 5.49517e-06 5.16061e-07 2.95742e-08 9.27671e-10 1.27033e-11
 2.56984e-27 2.60587e-27 4.79232e-26 9.56959e-20 2.34587e-14 6.95123e-10 2.48982e-06 0.00107799 0.0564184 0.356918 0.273195 0.0414436 0.123512 0.113478 0.0176637 0.0117171 0.00352613 0.000807431 0.000200391 3.47751e-05 4.78279e-06 4.53622e-07 2.52034e-08 7.328e-10 9.34097e-12
 2.56888e-27 2.60322e-27 4.55689e-26 9.07291e-20 2.22411e-14 6.59045e-10 2.36059e-06 0.00102204 0.0534901 0.338393 0.259063 0.0422736 0.139757 0.128441 0.0198086 0.0128402 0.00383565 0.000832923 0.000202062 3.34087e-05 4.46708e-06 4.19981e-07 2.35737e-08 6.67599e-10 7.93111e-12
 2.56713e-27 2.59854e-27 4.14778e-26 8.20989e-20 2.01256e-14 5.96356e-10 2.13605e-06 0.000924827 0.0484021 0.306205 0.234497 0.0430186 0.162687 0.149716 0.0256815 0.0208778 0.00625817 0.00134962 0.000322875 5.08421e-05 6.52456e-06 5.8775e-07 3.24148e-08 9.21396e-10 1.06917e-11
#obs catch len freq
 1.63316e-41 2.26672e-33 3.80289e-26 7.71218e-20 1.89055e-14 5.60205e-10 2.00656e-06 0.000868772 0.0454681 0.287645 0.220385 0.0443284 0.165412 0.140588 0.0434754 0.0352702 0.0115663 0.00398999 0.000878014 0.000117251 6.90602e-06 1.28959e-07 5.63519e-10 4.61553e-13 6.13567e-17
 1.65496e-41 2.29697e-33 3.85364e-26 7.81511e-20 1.91578e-14 5.67681e-10 2.03334e-06 0.000880367 0.0460749 0.291484 0.223379 0.0463769 0.167522 0.134813 0.0425612 0.0324242 0.0103664 0.00335699 0.000676577 7.88474e-05 3.8349e-06 5.58115e-08 1.82048e-10 1.08406e-13 1.03181e-17
 1.91479e-41 2.65761e-33 4.45869e-26 9.04212e-20 2.21657e-14 6.5681e-10 2.35259e-06 0.00101859 0.0533089 0.337248 0.258332 0.0458442 0.134498 0.102234 0.0334629 0.0239341 0.00741403 0.00224453 0.00041517 4.19295e-05 1.66841e-06 1.8842e-08 4.58329e-11 1.98418e-14 1.35288e-18
 1.93832e-41 2.69025e-33 4.51346e-26 9.15321e-20 2.2438e-14 6.64879e-10 2.38149e-06 0.0010311 0.0539638 0.341391 0.26159 0.0490289 0.142511 0.100986 0.0266991 0.0162303 0.00492071 0.00138942 0.000233988 2.04232e-05 6.60809e-07 5.75786e-09 1.04263e-11 3.28384e-15 1.60599e-19
 1.98516e-41 2.75527e-33 4.62254e-26 9.37441e-20 2.29803e-14 6.80947e-10 2.43904e-06 0.00105602 0.0552679 0.349642 0.267961 0.0506834 0.138824 0.0924909 0.0255806 0.0141906 0.00336626 0.000802864 0.000122507 9.16731e-06 2.40148e-07 1.6095e-09 2.16462e-12 4.95831e-16 1.74132e-20
 1.79581e-41 2.49246e-33 4.18163e-26 8.48025e-20 2.07883e-14 6.15997e-10 2.2064e-06 0.000955295 0.0499963 0.316293 0.242724 0.057456 0.174604 0.10893 0.0297207 0.0151103 0.00344983 0.000674044 7.88172e-05 4.88763e-06 1.02954e-07 5.29451e-10 5.28657e-13 8.80634e-17 2.22169e-21
 1.49784e-41 2.07891e-33 3.4878e-26 7.07319e-20 1.73391e-14 5.13789e-10 1.84031e-06 0.00079679 0.0417008 0.263815 0.202983 0.0660932 0.219116 0.13039 0.0462646 0.0230206 0.00488094 0.000853723 8.08297e-05 3.66539e-06 5.87121e-08 2.29654e-10 1.70119e-13 2.06289e-17 3.74309e-22
 2.12907e-41 2.955e-33 4.95763e-26 1.0054e-19 2.46461e-14 7.3031e-10 2.61585e-06 0.00113257 0.0592744 0.374989 0.287476 0.0519662 0.109169 0.0633333 0.0318844 0.0160774 0.0039792 0.00066091 5.32283e-05 1.84445e-06 2.08132e-08 5.83155e-11 3.15127e-14 2.776e-18 3.62672e-23
 2.02813e-41 2.81492e-33 4.72261e-26 9.57735e-20 2.34777e-14 6.95688e-10 2.49184e-06 0.00107888 0.0564644 0.357213 0.2743 0.0624064 0.14686 0.0737055 0.0175001 0.00761403 0.0023898 0.00042958 3.37313e-05 9.4966e-07 7.82057e-09 1.50875e-11 5.62998e-15 3.49754e-19 3.25723e-24
 2.06182e-41 2.86167e-33 4.80105e-26 9.73643e-20 2.38677e-14 7.07244e-10 2.53323e-06 0.0010968 0.0574023 0.363148 0.278971 0.0639044 0.13936 0.0668897 0.0206333 0.00715285 0.00120851 0.000212758 1.79989e-05 4.67604e-07 3.04552e-09 4.21259e-12 1.07728e-15 4.54616e-20 2.90816e-25
 1.78408e-41 2.47618e-33 4.15431e-26 8.42485e-20 2.06525e-14 6.11972e-10 2.19198e-06 0.000949053 0.0496697 0.314233 0.242362 0.0794281 0.191618 0.0857218 0.025807 0.00855138 0.0014842 0.000162772 1.05323e-05 2.63425e-07 1.50512e-09 1.62806e-12 3.00935e-16 8.80421e-21 3.83805e-26
 2.0667e-41 2.86844e-33 4.8124e-26 9.75946e-20 2.39242e-14 7.08916e-10 2.53922e-06 0.0010994 0.057538 0.364009 0.280057 0.0688415 0.132854 0.0597629 0.0261325 0.00822268 0.00133947 0.000134288 5.99154e-06 1.04655e-07 5.03652e-10 4.56364e-13 6.60553e-17 1.42801e-21 4.42454e-27
 1.89999e-41 2.63705e-33 4.42421e-26 8.9722e-20 2.19943e-14 6.51731e-10 2.3344e-06 0.00101071 0.0528967 0.334653 0.258531 0.0846134 0.171668 0.067524 0.0209642 0.0066886 0.00132172 0.000122259 4.58027e-06 5.58167e-08 1.80129e-10 1.22754e-13 1.40686e-17 2.37313e-22 5.55235e-28
 1.97682e-41 2.74369e-33 4.60311e-26 9.33501e-20 2.28837e-14 6.78085e-10 2.42879e-06 0.00105158 0.0550357 0.348187 0.269026 0.083419 0.1518 0.0602364 0.0239591 0.0062104 0.00097416 9.49959e-05 3.34454e-06 3.24219e-08 7.33827e-11 3.31366e-14 2.62726e-18 3.25393e-23 5.74953e-29
 1.68649e-41 2.34073e-33 3.92706e-26 7.96401e-20 1.95228e-14 5.78497e-10 2.07208e-06 0.00089714 0.0469528 0.297064 0.23166 0.108155 0.205148 0.0749061 0.0268821 0.00712485 0.00112033 8.52708e-05 2.69248e-06 2.32412e-08 4.13224e-11 1.33251e-14 7.13254e-19 5.90646e-24 7.15361e-30
 1.55249e-41 2.15476e-33 3.61505e-26 7.33126e-20 1.79717e-14 5.32535e-10 1.90745e-06 0.000825861 0.0432223 0.273475 0.214689 0.117604 0.21227 0.0858772 0.0408307 0.00969737 0.00140406 0.00010024 2.52678e-06 1.75981e-08 2.59401e-11 6.57106e-15 2.58675e-19 1.50168e-24 1.23915e-30
 1.79647e-41 2.49338e-33 4.18317e-26 8.48338e-20 2.0796e-14 6.16223e-10 2.20721e-06 0.000955647 0.0500148 0.316446 0.247171 0.105656 0.164768 0.0686622 0.0350974 0.00965552 0.00147714 9.20448e-05 1.98774e-06 1.0879e-08 1.21992e-11 2.39702e-15 7.30202e-20 3.19201e-25 1.92008e-31
 1.75793e-41 2.43989e-33 4.09342e-26 8.30137e-20 2.03498e-14 6.03003e-10 2.15986e-06 0.000935144 0.0489418 0.309676 0.243635 0.121464 0.178297 0.062606 0.025848 0.00730017 0.00121579 7.72748e-05 1.43126e-06 6.28481e-09 5.40742e-12 7.87826e-16 1.7741e-20 5.78628e-26 2.60357e-32
 1.76911e-41 2.45541e-33 4.11947e-26 8.35419e-20 2.04793e-14 6.0684e-10 2.1736e-06 0.000941094 0.0492532 0.311662 0.246225 0.12655 0.171284 0.0623713 0.025222 0.00559844 0.000837173 5.34532e-05 9.31839e-07 3.42083e-09 2.28654e-12 2.50727e-16 4.15748e-21 9.84752e-27 3.20784e-33
 1.71959e-41 2.38667e-33 4.00414e-26 8.12031e-20 1.9906e-14 5.89851e-10 2.11275e-06 0.000914747 0.0478744 0.302966 0.241426 0.138359 0.174926 0.0629119 0.0246583 0.00528281 0.000644591 3.40723e-05 5.35081e-07 1.7201e-09 9.39365e-13 7.94323e-17 9.83073e-22 1.70914e-27 4.04291e-34
 1.81428e-41 2.5181e-33 4.22463e-26 8.56746e-20 2.10021e-14 6.22331e-10 2.22909e-06 0.000965119 0.0505106 0.319661 0.254818 0.135298 0.154647 0.057282 0.0218771 0.00443296 0.00048651 2.05403e-05 2.52087e-07 6.64741e-10 2.98988e-13 2.02322e-17 1.93512e-22 2.52647e-28 4.40181e-35
 1.78888e-41 2.48284e-33 4.16548e-26 8.44751e-20 2.07081e-14 6.13618e-10 2.19788e-06 0.000951606 0.0498035 0.315231 0.253915 0.148663 0.157172 0.0524692 0.0179387 0.00349516 0.000345684 1.22257e-05 1.1526e-07 2.27246e-10 7.8163e-14 4.1185e-18 3.06537e-23 3.07701e-29 4.05689e-36
 1.80025e-41 2.49863e-33 4.19197e-26 8.50123e-20 2.08398e-14 6.1752e-10 2.21186e-06 0.000957658 0.0501203 0.317278 0.257356 0.153441 0.149992 0.0516049 0.0162847 0.00271955 0.000236567 7.08639e-06 5.28059e-08 7.7845e-11 1.95059e-14 7.50929e-19 4.14019e-24 3.11242e-30 3.08604e-37
 1.79856e-41 2.49628e-33 4.18803e-26 8.49323e-20 2.08202e-14 6.16939e-10 2.20978e-06 0.000956757 0.0500733 0.317041 0.259664 0.160891 0.14536 0.0490191 0.0145814 0.00224584 0.000161647 3.93184e-06 2.32847e-08 2.61951e-11 4.84185e-15 1.34614e-19 5.31609e-25 2.86732e-31 2.05333e-38
 1.80797e-41 2.50934e-33 4.20994e-26 8.53767e-20 2.09291e-14 6.20167e-10 2.22134e-06 0.000961763 0.0503355 0.318769 0.263427 0.165505 0.138681 0.0471995 0.0131427 0.0018583 0.000115108 2.21764e-06 1.00619e-08 8.58882e-12 1.1852e-15 2.41606e-20 6.89486e-26 2.66079e-32 1.35589e-39
 1.75726e-41 2.43896e-33 4.09187e-26 8.29823e-20 2.03421e-14 6.02775e-10 2.15904e-06 0.00093479 0.0489242 0.309958 0.260985 0.179364 0.140353 0.0459907 0.0118661 0.00153896 8.19043e-05 1.27374e-06 4.40036e-09 2.78023e-12 2.82087e-16 4.21413e-21 8.76244e-27 2.4464e-33 8.95843e-41
 1.67986e-41 2.33153e-33 3.91163e-26 7.93271e-20 1.94461e-14 5.76224e-10 2.06394e-06 0.000893615 0.0467698 0.296487 0.255857 0.1942 0.144486 0.048388 0.0115241 0.00133128 6.05027e-05 7.60789e-07 2.02542e-09 9.51737e-13 7.03069e-17 7.58255e-22 1.13628e-27 2.28614e-34 6.02811e-42
 1.66128e-41 2.30575e-33 3.86838e-26 7.84499e-20 1.92311e-14 5.69852e-10 2.04112e-06 0.000883734 0.0462533 0.293373 0.257244 0.19807 0.141083 0.0502635 0.0115659 0.0012144 4.62519e-05 4.65895e-07 9.57711e-10 3.37533e-13 1.83157e-17 1.43025e-22 1.53805e-28 2.21076e-35 4.15857e-43
 1.69941e-41 2.35867e-33 3.95717e-26 8.02505e-20 1.96725e-14 5.82931e-10 2.08796e-06 0.000904017 0.0473147 0.30006 0.261129 0.192231 0.137227 0.0485947 0.0113192 0.00117767 4.10399e-05 3.57411e-07 6.18254e-10 1.80744e-13 8.04485e-18 5.1061e-23 4.43133e-29 5.1123e-36 7.68768e-44
#spawning biomass
 7254.39 6516.29 8337.09 10937 15256.3 18452.3 17390.6 22187.4 34759.2 49027.6 58766.3 73478.7 97472.5 121372 119758 108454 98692 103929 102190 96579 100303 103843 107425 119909 124955 120019 118941 102164 99430.5 256353 355887 367246 339379 294980 248285 206620 172665 146531 127181 113241 103397 96545.2 91816.5 88559.2 86338.9 84867.6 83892.8 83246.8 82818.8 82535.2 82347.3 82222.8 82140.3 82085.6 82049.4 82025.4 82009.5 81998.9 81992 81987.3 81984.3 81982.2 81980.9 81980 81979.4 81979 81978.7 81978.6 81978.5 81978.4 81978.3 81978.3 81978.3 81978.3 81978.3 81978.3 81978.2 81978.2 81978.2 81978.2 81978.2 81978.2 81978.2 81978.2 81978.2 81978.2 81978.2 81978.2 81978.2 81978.2 81978.2 81978.2 81978.2 81978.2 81978.2 81978.2 81978.2 81978.2 81978.2 81978.2 81978.2 81978.2 81978.2 81978.2 81978.2 81978.2 81978.2 81978.2 81978.2 81978.2 81978.2 81978.2 81978.2 81978.2 81978.2 81978.2 81978.2 81978.2 81978.2 81978.2 81978.2 81978.2 81978.2 81978.2 81978.2 81978.2 81978.2 81978.2 81978.2 0 0 0 0 0 0 0 0 0 0 0 0 0 0 0 0 0 0 0 0 0 0 0 0 0
