SBPRF35
0.827133
Curr Bio
145332
B35
599535
F35
0.26143
FOFL
0
OFL
0
Bzero
236324
#pred survey bio
 9631.76 10447.1 12893.3 18695.9 24915.8 29101.1 34181.3 39167 42355.8 54821.3 76190.5 89861.4 112403 142540 144496 124867 109696 104897 102394 98328.6 99163.8 110354 113800 124337 130712 131420 130474 115411 2.64974e+06 4.02066e+06 4.84074e+06 4.74687e+06 4.27225e+06 3.7224e+06 3.2277e+06 2.82987e+06 2.52939e+06 2.31094e+06 2.15579e+06 2.04707e+06 1.97135e+06 1.91858e+06 1.88111e+06 1.8539e+06 1.8349e+06 1.82141e+06 1.81167e+06 1.80451e+06 1.79916e+06 1.7951e+06 1.79198e+06 1.78955e+06 1.78765e+06 1.78614e+06 1.78493e+06 1.78397e+06 1.78319e+06 1.78256e+06 1.78205e+06 1.78164e+06 1.7813e+06 1.78103e+06 1.7808e+06 1.78062e+06 1.78047e+06 1.78035e+06 1.78025e+06 1.78016e+06 1.7801e+06 1.78004e+06 1.78e+06 1.77996e+06 1.77993e+06 1.77991e+06 1.77989e+06 1.77987e+06 1.77986e+06 1.77985e+06 1.77984e+06 1.77983e+06 1.77982e+06 1.77982e+06 1.77981e+06 1.77981e+06 1.77981e+06 1.77981e+06 1.7798e+06 1.7798e+06 1.7798e+06 1.7798e+06 1.7798e+06 1.7798e+06 1.7798e+06 1.7798e+06 1.7798e+06 1.7798e+06 1.7798e+06 1.7798e+06 1.7798e+06 1.7798e+06 1.7798e+06 1.7798e+06 1.7798e+06 1.7798e+06 1.7798e+06 1.7798e+06 1.7798e+06 1.7798e+06 1.7798e+06 1.7798e+06 1.7798e+06 1.7798e+06 1.7798e+06 1.7798e+06 1.7798e+06 1.7798e+06 1.7798e+06 1.7798e+06 1.7798e+06 1.7798e+06 1.7798e+06 1.7798e+06 1.7798e+06 1.7798e+06 1.7798e+06 1.7798e+06 1.7798e+06 1.7798e+06 0 0 0 0 0 0 0 0 0 0 0 0 0 0 0 0 0 0 0 0 0 0 0 0 0
#obs survey bio
 8090.67 8670.3 13478.1 16536 35722.1 26874.7 32549 39731.6 42782 69268.7 59937.6 95028.3 114009 116062 125303 110865 70628.6 82994.6 87050.3 77517.6 78200.7 87123.4 109496 110085 148310 98881 112782 88821.7
#pred catch bio
 5312.53 6261.35 6628.6 9854.24 15396.4 18323.5 21976 27541.1 29498.2 35001.3 54290.5 65239.5 77582.6 103990 113584 102320 89244.2 85932.9 83138.9 80708.3 80504.4 93377.1 95515.5 106934 113568 112772 115286 98942.3 0 33082.1 46276.2 45250.9 39794.8 33836.5 28637.3 24546.1 21521.7 19377.2 17900.5 16905 16244.3 15810.7 15526.7 15340.7 15223.4 15149.5 15102.9 15073.5 15055 15043.3 15036 15031.3 15028.4 15026.6 15025.4 15024.7 15024.2 15023.9 15023.7 15023.6 15023.6 15023.5 15023.5 15023.5 15023.4 15023.4 15023.4 15023.4 15023.4 15023.4 15023.4 15023.4 15023.4 15023.4 15023.4 15023.4 15023.4 15023.4 15023.4 15023.4 15023.4 15023.4 15023.4 15023.4 15023.4 15023.4 15023.4 15023.4 15023.4 15023.4 15023.4 15023.4 15023.4 15023.4 15023.4 15023.4 15023.4 15023.4 15023.4 15023.4 15023.4 15023.4 15023.4 15023.4 15023.4 15023.4 15023.4 15023.4 15023.4 15023.4 15023.4 15023.4 15023.4 15023.4 15023.4 15023.4 15023.4 15023.4 15023.4 15023.4 15023.4 15023.4 15023.4 15023.4 15023.4 15023.4 15023.4 15023.4 0 0 0 0 0 0 0 0 0 0 0 0 0 0 0 0 0 0 0 0 0 0 0 0 0
#obs catch bio
 5632.44 6405.38 6522.06 9679.5 15019.4 17926 21614.3 26733.1 29051.2 33954.2 52568.9 64128.1 72688.6 100260 109546 102086 87893.8 85984.5 80594.4 77568.7 77484.1 90654.5 92962.6 102886 106988 109733 114752 97259.5
#pred cpue bio
 6780.44 7036.76 7640.38 11422.8 15901.6 17866.2 20787.3 23901 24561.8 29064.2 42557.2 49979.8 59116.8 79232.8 86647.9 73700 60514.3 56971.1 54681.8 54070.2 51509.8 55956.5 57582.6 61486.9 64500 65602.8 66541.4 59787.2 1.36341e+06 3.23926e+06 4.66026e+06 4.63534e+06 4.14202e+06 3.58275e+06 3.08519e+06 2.6866e+06 2.38593e+06 2.16743e+06 2.01227e+06 1.90355e+06 1.82783e+06 1.77505e+06 1.73759e+06 1.71038e+06 1.69138e+06 1.67789e+06 1.66815e+06 1.66098e+06 1.65563e+06 1.65158e+06 1.64846e+06 1.64603e+06 1.64413e+06 1.64262e+06 1.64141e+06 1.64045e+06 1.63967e+06 1.63904e+06 1.63853e+06 1.63812e+06 1.63778e+06 1.6375e+06 1.63728e+06 1.6371e+06 1.63695e+06 1.63682e+06 1.63672e+06 1.63664e+06 1.63658e+06 1.63652e+06 1.63648e+06 1.63644e+06 1.63641e+06 1.63638e+06 1.63636e+06 1.63635e+06 1.63633e+06 1.63632e+06 1.63631e+06 1.63631e+06 1.6363e+06 1.6363e+06 1.63629e+06 1.63629e+06 1.63629e+06 1.63628e+06 1.63628e+06 1.63628e+06 1.63628e+06 1.63628e+06 1.63628e+06 1.63628e+06 1.63628e+06 1.63628e+06 1.63628e+06 1.63628e+06 1.63627e+06 1.63627e+06 1.63627e+06 1.63627e+06 1.63627e+06 1.63627e+06 1.63627e+06 1.63627e+06 1.63627e+06 1.63627e+06 1.63627e+06 1.63627e+06 1.63627e+06 1.63627e+06 1.63627e+06 1.63627e+06 1.63627e+06 1.63627e+06 1.63627e+06 1.63627e+06 1.63627e+06 1.63627e+06 1.63627e+06 1.63627e+06 1.63627e+06 1.63627e+06 1.63627e+06 1.63627e+06 1.63627e+06 1.63627e+06 1.63627e+06 1.63627e+06 0 0 0 0 0 0 0 0 0 0 0 0 0 0 0 0 0 0 0 0 0 0 0 0 0
#obs cpue bio
 7347.73 5843.48 11114.4 14097.2 24697.5 21326.8 30021.3 39880.8 30176.6 38636.2 76447.2 77296 170836 129775 169238 92988.1 94613.1 82959.6 100126 148485 114637 97889.7 102791 132780 145290 102432 86620.3 134500
#pred surv len freq
 2.56232e-27 2.58608e-27 3.11528e-26 6.03202e-20 1.47868e-14 4.38159e-10 1.56941e-06 0.000679495 0.0355623 0.224977 0.172428 0.0402578 0.185281 0.171248 0.0414929 0.0519243 0.0219297 0.0163441 0.00984826 0.00734765 0.00566304 0.00481658 0.0047554 0.00417287 0.00126896
 2.56363e-27 2.58988e-27 3.46693e-26 6.77391e-20 1.66054e-14 4.92048e-10 1.76243e-06 0.000763066 0.0399361 0.252647 0.193519 0.0379088 0.152591 0.141842 0.0502976 0.079198 0.0269471 0.0112941 0.00496487 0.00276183 0.00172273 0.0012487 0.00108787 0.000951374 0.000316592
 2.56646e-27 2.5972e-27 4.07693e-26 8.06061e-20 1.97596e-14 5.85513e-10 2.09721e-06 0.000908011 0.047522 0.300637 0.230188 0.0394398 0.138479 0.128074 0.0343845 0.0464291 0.0179089 0.0105845 0.00338386 0.00104511 0.000428232 0.00023399 0.000167576 0.000137001 4.71188e-05
 2.56461e-27 2.59209e-27 3.61629e-26 7.08881e-20 1.73774e-14 5.14922e-10 1.84437e-06 0.00079854 0.0417927 0.264392 0.202545 0.0414895 0.173499 0.160306 0.0386003 0.0478248 0.0167209 0.0076865 0.00292786 0.00104165 0.000233667 7.08482e-05 3.53514e-05 2.46639e-05 8.37416e-06
 2.564e-27 2.59068e-27 3.51293e-26 6.87084e-20 1.6843e-14 4.9909e-10 1.78765e-06 0.000773986 0.0405077 0.256263 0.196312 0.0399267 0.165985 0.153828 0.0457202 0.065694 0.0221339 0.00878557 0.00286402 0.000899286 0.00024145 4.52676e-05 1.06109e-05 5.20367e-06 1.64785e-06
 2.56494e-27 2.5931e-27 3.71438e-26 7.29578e-20 1.78847e-14 5.29956e-10 1.89821e-06 0.000821854 0.0430129 0.272112 0.208422 0.0404151 0.161194 0.14913 0.0398542 0.0535307 0.0189459 0.00890542 0.00274292 0.000715387 0.000159942 3.12526e-05 4.26906e-06 9.30156e-07 2.42289e-07
 2.56465e-27 2.59221e-27 3.62532e-26 7.10786e-20 1.74241e-14 5.16306e-10 1.84932e-06 0.000800686 0.041905 0.265103 0.203087 0.0414908 0.173128 0.159997 0.0391694 0.0491649 0.0165757 0.00663317 0.00217005 0.000629579 0.000121859 1.94625e-05 2.38782e-06 2.32331e-07 3.42333e-08
 2.56459e-27 2.59206e-27 3.61423e-26 7.08448e-20 1.73667e-14 5.14607e-10 1.84324e-06 0.000798051 0.0417671 0.264231 0.202419 0.0413239 0.172327 0.159332 0.0404031 0.0521165 0.0170143 0.00591778 0.00177294 0.000461322 9.80239e-05 1.46789e-05 1.45621e-06 1.00037e-07 6.08752e-09
 2.56572e-27 2.595e-27 3.86218e-26 7.60749e-20 1.86489e-14 5.52599e-10 1.97932e-06 0.000856969 0.0448506 0.283738 0.217318 0.0416032 0.163984 0.151412 0.0349934 0.0417463 0.013471 0.00443986 0.00124697 0.00027712 5.17249e-05 7.8318e-06 7.47057e-07 4.03291e-08 1.31922e-09
 2.56774e-27 2.60037e-27 4.32643e-26 8.58682e-20 2.10495e-14 6.23736e-10 2.23412e-06 0.000967287 0.0506243 0.320263 0.245201 0.0411249 0.140754 0.129782 0.0276761 0.0304694 0.00953913 0.0026892 0.000727238 0.000150914 2.46236e-05 3.18514e-06 2.91965e-07 1.48056e-08 3.50509e-10
 2.56592e-27 2.59536e-27 3.8769e-26 7.63849e-20 1.87248e-14 5.54851e-10 1.98738e-06 0.00086046 0.0450334 0.284894 0.218223 0.0429512 0.173607 0.159992 0.0311028 0.0306703 0.00945806 0.00244735 0.000625423 0.000113602 1.72934e-05 1.97319e-06 1.52608e-07 7.21103e-09 1.53627e-10
 2.56632e-27 2.59651e-27 3.9841e-26 7.86465e-20 1.92792e-14 5.71278e-10 2.04622e-06 0.000885936 0.0463667 0.293329 0.224651 0.0421729 0.163168 0.150483 0.0316733 0.0343448 0.0102575 0.00207641 0.000495861 8.13069e-05 1.10353e-05 1.12008e-06 7.59342e-08 3.02966e-09 5.87902e-11
 2.56754e-27 2.59975e-27 4.26418e-26 8.45548e-20 2.07276e-14 6.14195e-10 2.19994e-06 0.000952492 0.04985 0.315365 0.241473 0.0418736 0.149072 0.137341 0.0269105 0.0267985 0.00809084 0.00179776 0.000412914 5.38756e-05 6.50738e-06 5.80924e-07 3.42186e-08 1.17719e-09 1.93802e-11
 2.56581e-27 2.59502e-27 3.843e-26 7.56694e-20 1.85494e-14 5.49653e-10 1.96877e-06 0.0008524 0.0446116 0.282225 0.216192 0.0433837 0.178326 0.164282 0.0307081 0.0286704 0.00854944 0.00173465 0.000399978 5.60575e-05 6.02984e-06 4.39535e-07 2.23519e-08 6.58511e-10 9.22803e-12
 2.56382e-27 2.58973e-27 3.38483e-26 6.60045e-20 1.61802e-14 4.79448e-10 1.7173e-06 0.000743527 0.0389135 0.246178 0.188674 0.0438345 0.201091 0.18552 0.0386403 0.0414029 0.012219 0.00222073 0.000490939 6.35968e-05 6.99641e-06 4.9858e-07 2.07355e-08 5.09713e-10 6.05129e-12
 2.56481e-27 2.59247e-27 3.63398e-26 7.12607e-20 1.74687e-14 5.17628e-10 1.85406e-06 0.000802736 0.0420123 0.265782 0.203623 0.042549 0.180805 0.16692 0.0375219 0.0435466 0.0130565 0.00270284 0.000600059 6.9578e-05 7.09727e-06 4.8648e-07 2.00653e-08 4.17834e-10 4.05465e-12
 2.56607e-27 2.59572e-27 3.90509e-26 7.69794e-20 1.88706e-14 5.59169e-10 2.00285e-06 0.000867157 0.0453839 0.287111 0.219919 0.0431612 0.174014 0.160311 0.0301458 0.0283892 0.00848734 0.00175578 0.000397472 5.03633e-05 4.96889e-06 3.04759e-07 1.18005e-08 2.3927e-10 2.02464e-12
 2.56614e-27 2.59586e-27 3.91125e-26 7.71091e-20 1.89024e-14 5.60111e-10 2.00622e-06 0.000868618 0.0454603 0.287595 0.220296 0.0436753 0.177661 0.16356 0.0286116 0.0240571 0.00694028 0.001028 0.000215106 2.71467e-05 2.80157e-06 1.7847e-07 6.30796e-09 1.17608e-10 9.51227e-13
 2.56657e-27 2.59702e-27 4.01268e-26 7.92488e-20 1.94269e-14 5.75653e-10 2.06189e-06 0.000892721 0.0467218 0.295575 0.226386 0.0434255 0.171481 0.157848 0.0274179 0.0227687 0.00648875 0.00082125 0.000154986 1.4518e-05 1.35822e-06 8.80534e-08 3.2568e-09 5.7558e-11 4.25206e-13
 2.56563e-27 2.59443e-27 3.78222e-26 7.43869e-20 1.82351e-14 5.40337e-10 1.9354e-06 0.000837953 0.0438555 0.277442 0.212553 0.0442797 0.1877 0.172777 0.029381 0.023486 0.00668313 0.000834983 0.000153871 1.24198e-05 9.47412e-07 4.78681e-08 1.71154e-09 3.13229e-11 2.25173e-13
 2.56747e-27 2.5995e-27 4.23578e-26 8.39555e-20 2.05807e-14 6.09842e-10 2.18435e-06 0.000945741 0.0494967 0.31313 0.239775 0.0424815 0.15489 0.142604 0.0259217 0.0231927 0.00659925 0.000802523 0.0001463 1.16568e-05 8.34352e-07 3.43898e-08 9.44254e-10 1.54075e-11 1.12442e-13
 2.56756e-27 2.59964e-27 4.23926e-26 8.40284e-20 2.05986e-14 6.10372e-10 2.18625e-06 0.000946563 0.0495397 0.313402 0.239996 0.0432572 0.160639 0.147714 0.0233047 0.0159462 0.00453954 0.000593497 0.000110499 8.52786e-06 5.97636e-07 2.36646e-08 5.55593e-10 6.94602e-12 4.28562e-14
 2.56742e-27 2.59921e-27 4.1978e-26 8.31538e-20 2.03842e-14 6.04019e-10 2.16349e-06 0.00093671 0.049024 0.31014 0.237511 0.0436727 0.165546 0.152176 0.0228841 0.0138598 0.0038455 0.000343592 5.44664e-05 4.37343e-06 3.09315e-07 1.18343e-08 2.68052e-10 2.96399e-12 1.4295e-14
 2.56806e-27 2.60099e-27 4.35731e-26 8.65189e-20 2.12091e-14 6.28462e-10 2.25105e-06 0.000974617 0.0510079 0.32269 0.247084 0.0430033 0.153726 0.141315 0.0217987 0.0141174 0.00390812 0.00032247 4.70044e-05 2.74145e-06 1.61439e-07 6.33982e-09 1.41556e-10 1.50363e-12 6.56545e-15
 2.56785e-27 2.60037e-27 4.29797e-26 8.52667e-20 2.09021e-14 6.19367e-10 2.21847e-06 0.000960512 0.0502697 0.31802 0.243528 0.0435893 0.160685 0.147636 0.0210972 0.0109304 0.00300588 0.000240602 3.41288e-05 1.82723e-06 9.0159e-08 2.5541e-09 5.21482e-11 5.5479e-13 2.33941e-15
 2.56758e-27 2.59963e-27 4.23237e-26 8.3883e-20 2.05629e-14 6.09316e-10 2.18247e-06 0.000944924 0.0494539 0.312859 0.23959 0.0438001 0.165055 0.151667 0.0217818 0.0114748 0.00313443 0.000209887 2.57362e-05 1.33363e-06 6.25963e-08 1.54785e-09 2.40083e-11 2.0461e-13 8.38108e-16
 2.56716e-27 2.5985e-27 4.13348e-26 8.17969e-20 2.00515e-14 5.94162e-10 2.12819e-06 0.000921425 0.0482241 0.305079 0.233652 0.0439681 0.170506 0.15673 0.0232778 0.0136088 0.00373377 0.000262535 3.32876e-05 1.50518e-06 5.98716e-08 1.40494e-09 1.98555e-11 1.34379e-13 4.22333e-16
 2.56668e-27 2.59718e-27 4.01448e-26 7.92864e-20 1.94361e-14 5.75927e-10 2.06287e-06 0.000893145 0.046744 0.295716 0.22651 0.0444728 0.179364 0.164869 0.0240768 0.0133827 0.00367057 0.000264104 3.42202e-05 1.59573e-06 6.38726e-08 1.26992e-09 1.5747e-11 9.81009e-14 2.57687e-16
#obs surv len freq
 1.0843e-41 1.50494e-33 2.52484e-26 5.12033e-20 1.25519e-14 3.71935e-10 1.33221e-06 0.000576802 0.0301875 0.190976 0.146537 0.040174 0.173399 0.146707 0.103712 0.101659 0.0442506 0.0173806 0.00392514 0.000489542 2.48047e-05 3.72272e-07 1.25028e-09 7.65895e-13 7.48597e-17
 1.60477e-41 2.22731e-33 3.73678e-26 7.57811e-20 1.85769e-14 5.50466e-10 1.97168e-06 0.000853669 0.0446777 0.282644 0.21655 0.040681 0.126601 0.102183 0.0759756 0.0686483 0.0286659 0.0102219 0.0020647 0.000221816 9.2285e-06 1.07413e-07 2.67529e-10 1.18376e-13 8.24274e-18
 1.53672e-41 2.13287e-33 3.57833e-26 7.25678e-20 1.77892e-14 5.27125e-10 1.88808e-06 0.000817472 0.0427832 0.27066 0.207629 0.0500564 0.176955 0.128954 0.0563484 0.0424197 0.0169128 0.00541468 0.000957774 8.63835e-05 2.89497e-06 2.60198e-08 4.82287e-11 1.54723e-14 7.69107e-19
 1.07633e-41 1.49388e-33 2.50629e-26 5.08271e-20 1.24597e-14 3.69202e-10 1.32242e-06 0.000572564 0.0299657 0.189574 0.145942 0.0564431 0.229994 0.16296 0.0981699 0.0659537 0.0159382 0.00385258 0.000587629 4.35787e-05 1.14918e-06 7.85857e-09 1.08039e-11 2.52097e-15 8.98688e-20
 1.5033e-41 2.08647e-33 3.5005e-26 7.09893e-20 1.74022e-14 5.15659e-10 1.84701e-06 0.00079969 0.0418526 0.264773 0.203168 0.0472866 0.142505 0.104298 0.103771 0.0688574 0.0188491 0.00349713 0.000322563 1.79717e-05 3.64722e-07 1.86273e-09 1.877e-12 3.17218e-16 8.11852e-21
 1.20237e-41 1.66882e-33 2.79978e-26 5.67791e-20 1.39187e-14 4.12437e-10 1.47728e-06 0.000639612 0.0334748 0.211775 0.163254 0.0649766 0.23107 0.143919 0.0783834 0.0496129 0.0189085 0.00368617 0.000288655 9.80316e-06 1.3159e-07 4.85204e-10 3.53076e-13 4.27758e-17 7.81381e-22
 1.376e-41 1.9098e-33 3.20408e-26 6.49781e-20 1.59286e-14 4.71994e-10 1.69061e-06 0.000731974 0.0383086 0.242355 0.186483 0.0579376 0.17516 0.116639 0.109789 0.0569898 0.0128784 0.00249656 0.00022241 6.34874e-06 5.37097e-08 1.22952e-10 6.07786e-14 5.17683e-18 6.68184e-23
 1.19585e-41 1.65976e-33 2.78458e-26 5.64708e-20 1.38432e-14 4.10198e-10 1.46926e-06 0.00063614 0.033293 0.210627 0.162824 0.072288 0.227294 0.13333 0.0936345 0.0492399 0.0146426 0.00205073 0.000134325 3.75607e-06 2.67318e-08 4.0628e-11 1.23334e-14 6.7518e-19 5.89871e-24
 1.51833e-41 2.10734e-33 3.53551e-26 7.16993e-20 1.75762e-14 5.20816e-10 1.86548e-06 0.000807688 0.0422712 0.267425 0.206016 0.0645207 0.167124 0.103857 0.0955991 0.0416725 0.00930286 0.00132349 7.66711e-05 1.51821e-06 8.93215e-09 1.11642e-11 2.42274e-15 8.54168e-20 4.70264e-25
 1.52084e-41 2.11082e-33 3.54134e-26 7.18176e-20 1.76052e-14 5.21675e-10 1.86856e-06 0.00080902 0.0423409 0.26787 0.206973 0.0779813 0.198422 0.103601 0.0659831 0.0282557 0.00695332 0.000772102 3.67357e-05 6.1676e-07 2.63574e-09 2.44393e-12 4.13547e-16 1.0985e-20 4.24371e-26
 1.09544e-41 1.5204e-33 2.55078e-26 5.17293e-20 1.26808e-14 3.75756e-10 1.3459e-06 0.000582727 0.0304976 0.192952 0.150834 0.0970567 0.257797 0.136192 0.095765 0.0321312 0.00558726 0.000578865 2.36049e-05 3.02354e-07 1.00822e-09 6.8832e-13 8.27592e-17 1.60095e-21 4.60348e-27
 1.66654e-41 2.31305e-33 3.88062e-26 7.86983e-20 1.9292e-14 5.71656e-10 2.04758e-06 0.000886531 0.0463975 0.293535 0.226641 0.0713341 0.144905 0.0939282 0.0891774 0.0283301 0.00452215 0.00033115 1.0093e-05 1.0473e-07 2.62096e-10 1.31826e-13 1.15936e-17 1.59888e-22 3.23748e-28
 1.33733e-41 1.85613e-33 3.11404e-26 6.31521e-20 1.5481e-14 4.5873e-10 1.6431e-06 0.000711404 0.0372321 0.235566 0.184551 0.110487 0.242754 0.10667 0.0574805 0.0203177 0.00396081 0.000262553 5.99202e-06 4.29798e-08 7.93603e-11 2.95216e-14 1.8728e-18 1.85202e-23 2.68225e-29
 1.11749e-41 1.551e-33 2.60213e-26 5.27706e-20 1.29361e-14 3.8332e-10 1.37299e-06 0.000594457 0.0311115 0.196852 0.15559 0.112047 0.235573 0.137724 0.103526 0.0238542 0.00291968 0.00020182 4.49592e-06 2.48483e-08 3.14062e-11 8.05038e-15 3.63844e-19 2.57799e-24 2.65581e-30
 8.72212e-42 1.21057e-33 2.03099e-26 4.1188e-20 1.00968e-14 2.99185e-10 1.07163e-06 0.00046398 0.0242829 0.153664 0.123851 0.123036 0.248564 0.160375 0.125594 0.0351873 0.00476642 0.000210517 3.57859e-06 1.79755e-08 1.83536e-11 3.34429e-15 1.02409e-19 4.9522e-25 3.5539e-31
 1.41569e-41 1.96488e-33 3.2965e-26 6.68523e-20 1.63881e-14 4.85608e-10 1.73937e-06 0.000753087 0.0394136 0.249377 0.195483 0.094601 0.159798 0.126248 0.101387 0.028652 0.00408978 0.000193046 2.59232e-06 8.89405e-09 7.08967e-12 1.04179e-15 2.41019e-20 8.24532e-26 4.04761e-32
 9.72747e-42 1.35011e-33 2.26509e-26 4.59355e-20 1.12606e-14 3.33671e-10 1.19515e-06 0.000517461 0.0270819 0.171413 0.141357 0.162163 0.272928 0.12644 0.0724154 0.0223173 0.00321386 0.000150105 1.97568e-06 5.74497e-09 3.25227e-12 3.34809e-16 5.76965e-21 1.50472e-26 5.52064e-33
 1.4331e-41 1.98905e-33 3.33705e-26 6.76746e-20 1.65896e-14 4.91581e-10 1.76076e-06 0.00076235 0.0398984 0.252471 0.199838 0.10779 0.161274 0.136396 0.0844273 0.0153867 0.00167772 7.63836e-05 9.42428e-07 2.48644e-09 1.19694e-12 9.42221e-17 1.14499e-21 2.07472e-27 5.4219e-34
 9.98622e-42 1.38602e-33 2.32534e-26 4.71574e-20 1.15601e-14 3.42546e-10 1.22695e-06 0.000531225 0.0278024 0.17603 0.148801 0.182849 0.260413 0.121986 0.0635314 0.0164619 0.0015475 4.56508e-05 4.57091e-07 1.05548e-09 4.34297e-13 2.83499e-17 2.73793e-22 3.73777e-28 7.01633e-35
 1.28559e-41 1.78431e-33 2.99355e-26 6.07087e-20 1.4882e-14 4.40981e-10 1.57952e-06 0.000683879 0.0357917 0.226547 0.183884 0.13231 0.181374 0.152548 0.0743432 0.0115033 0.000984507 2.85643e-05 2.03213e-07 3.32388e-10 1.07594e-13 5.68412e-18 4.40219e-23 4.74428e-29 6.89871e-36
 1.41446e-41 1.96318e-33 3.29365e-26 6.67945e-20 1.63739e-14 4.85188e-10 1.73787e-06 0.000752436 0.0393798 0.249306 0.205022 0.159339 0.187324 0.101204 0.0474139 0.00959943 0.000644285 1.32404e-05 8.01529e-08 1.01142e-10 2.27303e-14 8.53147e-19 4.94095e-24 4.08326e-30 4.57082e-37
 1.1284e-41 1.56614e-33 2.62753e-26 5.32858e-20 1.30624e-14 3.87063e-10 1.3864e-06 0.000600261 0.0314158 0.199027 0.172665 0.196802 0.225472 0.122689 0.0445274 0.00637269 0.000418776 7.95682e-06 3.49242e-08 3.27237e-11 5.64635e-15 1.54524e-19 6.24163e-25 3.59809e-31 2.87653e-38
 1.37531e-41 1.90885e-33 3.20249e-26 6.49458e-20 1.59207e-14 4.71759e-10 1.68976e-06 0.00073161 0.03829 0.242502 0.20304 0.160102 0.178979 0.126663 0.0440948 0.00534096 0.000250703 3.74184e-06 1.41279e-08 1.02272e-11 1.262e-15 2.49776e-20 7.41141e-26 3.09912e-32 1.75512e-39
 1.35521e-41 1.88094e-33 3.15567e-26 6.39963e-20 1.56879e-14 4.64863e-10 1.66506e-06 0.000720915 0.0377306 0.239105 0.207092 0.194189 0.188196 0.0966739 0.031978 0.00414382 0.000167049 1.81188e-06 4.89512e-09 2.73069e-12 2.62172e-16 3.84395e-21 8.13134e-27 2.40917e-33 9.75551e-41
 1.18754e-41 1.64822e-33 2.76524e-26 5.60784e-20 1.3747e-14 4.07348e-10 1.45905e-06 0.00063172 0.033063 0.209729 0.19035 0.213893 0.206751 0.112975 0.0296018 0.00289738 0.000106272 1.01796e-06 2.0736e-09 8.08319e-13 5.50896e-17 5.95017e-22 9.39013e-28 2.04852e-34 5.9782e-42
 1.06192e-41 1.47387e-33 2.47273e-26 5.01464e-20 1.22928e-14 3.64258e-10 1.30471e-06 0.000564897 0.0295663 0.187758 0.177842 0.220805 0.217439 0.130339 0.0327599 0.00284541 7.81105e-05 5.82631e-07 9.78699e-10 2.97697e-13 1.46433e-17 1.10044e-22 1.21145e-28 1.87828e-35 3.9609e-43
 1.0496e-41 1.45677e-33 2.44403e-26 4.95645e-20 1.21501e-14 3.60031e-10 1.28957e-06 0.000558341 0.0292238 0.185751 0.179779 0.221694 0.216812 0.131629 0.031851 0.00263808 6.20783e-05 3.53692e-07 4.33267e-10 9.93758e-14 3.75032e-18 2.11282e-23 1.68089e-29 1.83258e-36 2.68638e-44
 1.27218e-41 1.7657e-33 2.96233e-26 6.00755e-20 1.47268e-14 4.36382e-10 1.56305e-06 0.000676747 0.0354204 0.224847 0.205151 0.20005 0.192219 0.11256 0.0268343 0.00218904 4.96662e-05 2.59397e-07 2.68896e-10 4.93156e-14 1.47459e-18 6.70945e-24 4.38603e-30 3.93904e-37 4.71025e-45
#pred catch len freq
 2.55614e-27 2.56973e-27 1.71556e-26 3.07936e-20 7.54869e-15 2.23681e-10 8.01188e-07 0.000346884 0.0181547 0.114852 0.0883427 0.0405113 0.246286 0.228077 0.0610238 0.0823978 0.0347985 0.0258826 0.0155106 0.0115198 0.00885476 0.00752225 0.00742367 0.00651372 0.00198079
 2.55728e-27 2.5732e-27 2.04534e-26 3.77513e-20 9.25427e-15 2.74221e-10 9.82213e-07 0.000425261 0.0222566 0.140802 0.108111 0.0375951 0.21021 0.195956 0.0769144 0.126391 0.0429583 0.0179014 0.00782812 0.00433035 0.00269313 0.00194953 0.00169767 0.00148452 0.000494004
 2.55977e-27 2.57948e-27 2.55098e-26 4.84163e-20 1.18687e-14 3.5169e-10 1.25969e-06 0.000545399 0.0285442 0.180579 0.138532 0.0406164 0.211828 0.196411 0.0581975 0.0837354 0.0322768 0.0190166 0.00606078 0.00185971 0.000759424 0.000414306 0.000296557 0.000242421 8.3375e-05
 2.55822e-27 2.57508e-27 2.14246e-26 3.97976e-20 9.75591e-15 2.89085e-10 1.03545e-06 0.000448312 0.023463 0.148434 0.114029 0.0432518 0.249099 0.230616 0.06091 0.0811072 0.0283532 0.0129918 0.00492832 0.00174454 0.000390205 0.000118053 5.88635e-05 4.10619e-05 1.39416e-05
 2.55799e-27 2.57475e-27 2.14187e-26 3.97862e-20 9.75311e-15 2.89002e-10 1.03516e-06 0.000448184 0.0234563 0.148392 0.113958 0.0408151 0.230607 0.214164 0.0691187 0.103951 0.0349725 0.0137772 0.00447296 0.00139553 0.000373563 6.9923e-05 1.63732e-05 8.0276e-06 2.54205e-06
 2.55906e-27 2.57744e-27 2.36024e-26 4.43922e-20 1.08822e-14 3.2246e-10 1.155e-06 0.000500069 0.0261718 0.165571 0.127092 0.0418811 0.229491 0.212695 0.0608979 0.0856248 0.0302355 0.0140883 0.00432335 0.0011201 0.000249617 4.86845e-05 6.64486e-06 1.44722e-06 3.76957e-07
 2.55897e-27 2.57703e-27 2.30621e-26 4.32518e-20 1.06027e-14 3.14176e-10 1.12533e-06 0.000487223 0.0254995 0.161317 0.123869 0.0434209 0.243473 0.225348 0.0586327 0.0771623 0.0259632 0.0102882 0.00335101 0.000966151 0.000186457 2.97193e-05 3.64295e-06 3.54323e-07 5.22025e-08
 2.55934e-27 2.578e-27 2.39116e-26 4.50438e-20 1.10419e-14 3.27192e-10 1.17195e-06 0.000507409 0.0265559 0.168001 0.128969 0.0432019 0.238224 0.220541 0.0584816 0.0779746 0.0253917 0.00871428 0.00259878 0.000671445 0.000142219 2.1259e-05 2.107e-06 1.44687e-07 8.80338e-09
 2.56054e-27 2.58109e-27 2.64621e-26 5.04236e-20 1.23607e-14 3.66271e-10 1.31192e-06 0.000568011 0.0297277 0.188066 0.144302 0.0439297 0.23299 0.215387 0.0516995 0.0637677 0.0205257 0.00667019 0.00186523 0.000411499 7.65519e-05 1.15677e-05 1.10246e-06 5.9492e-08 1.94577e-09
 2.56246e-27 2.58614e-27 3.0783e-26 5.95383e-20 1.45951e-14 4.32479e-10 1.54907e-06 0.000670687 0.0351013 0.222061 0.170259 0.0438609 0.214229 0.197816 0.0439375 0.050441 0.015765 0.00438693 0.00118124 0.000243374 3.95824e-05 5.10908e-06 4.67871e-07 2.3717e-08 5.61393e-10
 2.56101e-27 2.5821e-27 2.70936e-26 5.17549e-20 1.26871e-14 3.75941e-10 1.34656e-06 0.000583008 0.0305125 0.193031 0.148125 0.0459132 0.245398 0.226367 0.0451595 0.0460237 0.0141651 0.00360869 0.000917974 0.000165481 2.51055e-05 2.85836e-06 2.2084e-07 1.04306e-08 2.22185e-10
 2.56154e-27 2.58359e-27 2.84882e-26 5.4697e-20 1.34083e-14 3.97312e-10 1.42311e-06 0.00061615 0.0322471 0.204005 0.156487 0.0448639 0.231538 0.21375 0.0460685 0.0512428 0.0152798 0.00304265 0.000722757 0.000117601 1.59067e-05 1.61077e-06 1.09086e-07 4.35033e-09 8.4403e-11
 2.5627e-27 2.58665e-27 3.11078e-26 6.02231e-20 1.4763e-14 4.37453e-10 1.56688e-06 0.0006784 0.035505 0.224615 0.172224 0.0448266 0.220197 0.203099 0.0408021 0.0419248 0.0126371 0.00276404 0.000632101 8.18477e-05 9.84894e-06 8.77135e-07 5.16094e-08 1.77459e-09 2.92097e-11
 2.56106e-27 2.58216e-27 2.70848e-26 5.1736e-20 1.26824e-14 3.75804e-10 1.34607e-06 0.000582795 0.0305014 0.192961 0.148079 0.046448 0.2495 0.230047 0.0439112 0.0422215 0.0125716 0.00250953 0.00057579 8.00861e-05 8.58606e-06 6.24245e-07 3.17071e-08 9.33632e-10 1.30807e-11
 2.5594e-27 2.57778e-27 2.33427e-26 4.38422e-20 1.07474e-14 3.18464e-10 1.14069e-06 0.000493873 0.0258476 0.16352 0.125598 0.0463852 0.264817 0.244477 0.0518251 0.0566218 0.0166844 0.00297989 0.000655151 8.42111e-05 9.23081e-06 6.56223e-07 2.72597e-08 6.69684e-10 7.94861e-12
 2.56069e-27 2.58136e-27 2.65855e-26 5.06834e-20 1.24244e-14 3.68158e-10 1.31868e-06 0.000570939 0.0298809 0.189035 0.145056 0.0448252 0.239274 0.221036 0.0500134 0.0584072 0.0174716 0.00354539 0.000782987 9.00736e-05 9.15242e-06 6.25739e-07 2.57792e-08 5.36511e-10 5.20492e-12
 2.56211e-27 2.58498e-27 2.95573e-26 5.69519e-20 1.39611e-14 4.13692e-10 1.48177e-06 0.000641552 0.0335765 0.212415 0.162925 0.045863 0.234618 0.216275 0.0407632 0.0385114 0.0114857 0.00232758 0.000523977 6.58643e-05 6.47552e-06 3.96119e-07 1.53189e-08 3.10428e-10 2.6261e-12
 2.56228e-27 2.58535e-27 2.97955e-26 5.74542e-20 1.40842e-14 4.1734e-10 1.49484e-06 0.000647209 0.0338726 0.214288 0.164366 0.0465223 0.238622 0.21981 0.0384777 0.0323894 0.00932876 0.00135441 0.000281318 3.52166e-05 3.6212e-06 2.30107e-07 8.12344e-09 1.51361e-10 1.2239e-12
 2.5627e-27 2.5865e-27 3.08085e-26 5.95911e-20 1.46081e-14 4.32863e-10 1.55044e-06 0.000671282 0.0351325 0.222258 0.170448 0.0462933 0.232607 0.214244 0.0372425 0.0309679 0.00881367 0.00109429 0.000204895 1.90444e-05 1.77365e-06 1.14689e-07 4.237e-09 7.48374e-11 5.52704e-13
 2.56171e-27 2.58379e-27 2.83813e-26 5.44706e-20 1.33528e-14 3.95668e-10 1.41721e-06 0.0006136 0.0321136 0.20316 0.15588 0.0472247 0.249929 0.230182 0.0392087 0.0314384 0.00893474 0.00109539 0.000200317 1.60502e-05 1.21869e-06 6.13971e-08 2.19227e-09 4.00969e-11 2.88173e-13
 2.56378e-27 2.58947e-27 3.34751e-26 6.52166e-20 1.59871e-14 4.73725e-10 1.6968e-06 0.000734652 0.038449 0.24324 0.186451 0.0451404 0.21259 0.195858 0.035537 0.0317049 0.00900904 0.00107442 0.000194278 1.53658e-05 1.09486e-06 4.49998e-08 1.23374e-09 2.01162e-11 1.46765e-13
 2.56427e-27 2.59066e-27 3.44031e-26 6.71738e-20 1.64669e-14 4.87942e-10 1.74773e-06 0.000756699 0.0396029 0.250539 0.192038 0.0459447 0.214785 0.197616 0.0309823 0.0208876 0.00593532 0.000759737 0.000140323 1.07497e-05 7.49815e-07 2.96074e-08 6.94125e-10 8.67112e-12 5.34811e-14
 2.56402e-27 2.58995e-27 3.37348e-26 6.57639e-20 1.61212e-14 4.777e-10 1.71104e-06 0.000740816 0.0387716 0.245281 0.188031 0.0465247 0.222013 0.204199 0.0305686 0.0182818 0.00506649 0.000444621 6.96832e-05 5.55287e-06 3.90982e-07 1.49173e-08 3.37396e-10 3.72793e-12 1.79729e-14
 2.56504e-27 2.59273e-27 3.62262e-26 7.10198e-20 1.74096e-14 5.15879e-10 1.84779e-06 0.000800023 0.0418703 0.264884 0.202984 0.0455325 0.203958 0.187596 0.0286932 0.0181835 0.00502736 0.000407456 5.86611e-05 3.3989e-06 1.98951e-07 7.79023e-09 1.737e-10 1.84366e-12 8.0473e-15
 2.56487e-27 2.59223e-27 3.5717e-26 6.99453e-20 1.71462e-14 5.08074e-10 1.81983e-06 0.000787919 0.0412368 0.260876 0.199935 0.0462015 0.211191 0.194144 0.0275429 0.0139174 0.00382181 0.000300549 4.20916e-05 2.23974e-06 1.09841e-07 3.10242e-09 6.32295e-11 6.72163e-13 2.83335e-15
 2.56443e-27 2.59101e-27 3.4634e-26 6.76608e-20 1.65862e-14 4.91479e-10 1.7604e-06 0.000762184 0.03989 0.252355 0.193434 0.0465495 0.218406 0.200799 0.0286654 0.0147987 0.00403804 0.000266355 3.21784e-05 1.65733e-06 7.73143e-08 1.90638e-09 2.95158e-11 2.51308e-13 1.02896e-15
 2.56418e-27 2.59036e-27 3.4084e-26 6.65006e-20 1.63018e-14 4.83052e-10 1.73021e-06 0.000749115 0.039206 0.248028 0.190129 0.0465301 0.220581 0.202852 0.029869 0.017024 0.0046651 0.000322776 4.03408e-05 1.81454e-06 7.16774e-08 1.67703e-09 2.36582e-11 1.59966e-13 5.02508e-16
 2.56332e-27 2.58801e-27 3.19816e-26 6.20651e-20 1.52145e-14 4.50833e-10 1.61481e-06 0.000699151 0.036591 0.231486 0.177511 0.0473547 0.235721 0.216777 0.0315046 0.0172481 0.00472611 0.000334757 4.2794e-05 1.9849e-06 7.89321e-08 1.5651e-09 1.93674e-11 1.20539e-13 3.16478e-16
#obs catch len freq
 5.01274e-42 6.95735e-34 1.16724e-26 2.36714e-20 5.80277e-15 1.71947e-10 6.15885e-07 0.000266657 0.0139558 0.0882893 0.0681398 0.0398091 0.218115 0.186234 0.143937 0.143681 0.064648 0.0260581 0.00605097 0.000773989 4.07275e-05 6.40826e-07 2.25383e-09 1.43747e-12 1.45419e-16
 5.73291e-42 7.95689e-34 1.33493e-26 2.70722e-20 6.63643e-15 1.9665e-10 7.04367e-07 0.000304967 0.0159607 0.100974 0.0779387 0.0436935 0.223261 0.181601 0.142811 0.130848 0.0567313 0.020939 0.00442199 0.000492432 2.11517e-05 2.55275e-07 6.6138e-10 3.03817e-13 2.18671e-17
 1.08607e-41 1.5074e-33 2.52897e-26 5.12871e-20 1.25724e-14 3.72544e-10 1.33439e-06 0.000577745 0.0302369 0.191289 0.146948 0.0451721 0.181198 0.140486 0.113559 0.0952852 0.0394116 0.0131293 0.00246228 0.000234175 8.17531e-06 7.58711e-08 1.45012e-10 4.79796e-14 2.45648e-18
 1.1154e-41 1.5481e-33 2.59726e-26 5.26719e-20 1.29119e-14 3.82603e-10 1.37042e-06 0.000593345 0.0310533 0.196455 0.15124 0.0585028 0.23831 0.164506 0.0766249 0.0540633 0.021229 0.00631015 0.00102822 8.14007e-05 2.26912e-06 1.61409e-08 2.28431e-11 5.46433e-15 1.9943e-19
 7.87482e-42 1.09297e-33 1.83369e-26 3.71868e-20 9.11592e-15 2.70121e-10 9.6753e-07 0.000418907 0.0219239 0.138701 0.1074 0.0647505 0.273386 0.18432 0.116574 0.0713385 0.0167915 0.00382547 0.000533321 3.44026e-05 7.48573e-07 4.02623e-09 4.20778e-12 7.301e-16 1.90805e-20
 1.26026e-41 1.74915e-33 2.93457e-26 5.95125e-20 1.45888e-14 4.32292e-10 1.5484e-06 0.000670404 0.0350863 0.221969 0.170717 0.0529911 0.172812 0.122305 0.124791 0.0751749 0.0198484 0.0033364 0.000283778 1.3782e-05 2.29113e-07 9.15391e-10 6.98663e-13 8.7589e-17 1.64085e-21
 1.03857e-41 1.44147e-33 2.41837e-26 4.90441e-20 1.20226e-14 3.56251e-10 1.27603e-06 0.000552478 0.0289145 0.182927 0.141604 0.073738 0.260248 0.153569 0.085953 0.0506462 0.0184146 0.00320258 0.00022317 6.55472e-06 7.25756e-08 2.08828e-10 1.14765e-13 1.02935e-17 1.37446e-22
 1.27791e-41 1.77365e-33 2.97567e-26 6.0346e-20 1.47931e-14 4.38347e-10 1.57009e-06 0.000679794 0.0355777 0.22508 0.173601 0.064331 0.192179 0.12373 0.116247 0.054402 0.011893 0.00211093 0.000163378 3.91125e-06 2.69787e-08 4.84274e-11 1.8097e-14 1.13982e-18 1.07425e-23
 1.15387e-41 1.60149e-33 2.68684e-26 5.44886e-20 1.33572e-14 3.95799e-10 1.41769e-06 0.00061381 0.0321244 0.203236 0.157587 0.0797592 0.238818 0.133924 0.093996 0.0455609 0.0127016 0.00158286 9.25847e-05 2.1527e-06 1.22055e-08 1.44044e-11 3.31127e-15 1.34271e-19 8.5626e-25
 1.51951e-41 2.10898e-33 3.53826e-26 7.17552e-20 1.75899e-14 5.21222e-10 1.86693e-06 0.000808317 0.0423041 0.267636 0.206496 0.0697139 0.171406 0.103439 0.0927381 0.0366539 0.00776593 0.000987264 4.92995e-05 8.15858e-07 3.82626e-09 3.67129e-12 5.99528e-16 1.56654e-20 6.30768e-26
 1.55177e-41 2.15375e-33 3.61336e-26 7.32783e-20 1.79633e-14 5.32285e-10 1.90656e-06 0.000825475 0.0432021 0.27332 0.211525 0.0832587 0.197373 0.0985356 0.0615872 0.0242842 0.0055223 0.0005418 2.23745e-05 3.08447e-07 1.04414e-09 7.43663e-13 9.4314e-17 1.85076e-21 5.23271e-27
 1.15319e-41 1.60055e-33 2.68525e-26 5.44563e-20 1.33493e-14 3.95565e-10 1.41685e-06 0.000613446 0.0321054 0.203127 0.159175 0.103773 0.253517 0.129153 0.0873234 0.0264895 0.00431233 0.000395025 1.36955e-05 1.4373e-07 3.7726e-10 1.96649e-13 1.76947e-17 2.52401e-22 5.29901e-28
 1.72705e-41 2.39703e-33 4.02152e-26 8.15557e-20 1.99924e-14 5.92412e-10 2.12192e-06 0.000918719 0.0480821 0.304195 0.235131 0.0749275 0.140548 0.0900383 0.0796776 0.0229126 0.00334703 0.000214534 5.60271e-06 4.71725e-08 9.23535e-11 3.53693e-14 2.32106e-18 2.35681e-23 3.48107e-29
 1.4e-41 1.9431e-33 3.25996e-26 6.61113e-20 1.62064e-14 4.80225e-10 1.72009e-06 0.000744739 0.0389767 0.246609 0.193687 0.116438 0.234141 0.0985397 0.05109 0.0167055 0.00289835 0.000165338 3.17986e-06 1.85173e-08 2.67066e-11 7.53359e-15 3.55841e-19 2.58706e-24 2.73025e-30
 1.18586e-41 1.64589e-33 2.76133e-26 5.59991e-20 1.37275e-14 4.06772e-10 1.45699e-06 0.000630826 0.033015 0.208902 0.165639 0.118894 0.229073 0.131851 0.0909091 0.0188288 0.00212666 0.000126972 2.32689e-06 1.02853e-08 1.01174e-11 1.96656e-15 6.6084e-20 3.43743e-25 2.57831e-31
 9.41618e-42 1.3069e-33 2.1926e-26 4.44655e-20 1.09002e-14 3.22993e-10 1.15691e-06 0.000500901 0.0262152 0.165901 0.134304 0.131373 0.243324 0.155452 0.111032 0.0283993 0.00336858 0.000127763 1.81852e-06 7.23165e-09 5.67757e-12 7.80963e-16 1.77715e-20 6.30643e-26 3.29176e-32
 1.50215e-41 2.08489e-33 3.49783e-26 7.09354e-20 1.7389e-14 5.15267e-10 1.8456e-06 0.000799082 0.0418208 0.264616 0.207828 0.0987667 0.153274 0.120356 0.0870604 0.0225498 0.00281455 0.000112006 1.22744e-06 3.34981e-09 2.05367e-12 2.26445e-16 3.87923e-21 9.73496e-27 3.47816e-33
 1.04888e-41 1.45578e-33 2.44237e-26 4.95307e-20 1.21419e-14 3.59786e-10 1.28869e-06 0.00055796 0.0292015 0.184846 0.153217 0.170222 0.261227 0.117979 0.0627417 0.0177111 0.00220757 8.66758e-05 9.19583e-07 2.09067e-09 9.05425e-13 6.99626e-17 8.90679e-22 1.69905e-27 4.53254e-34
 1.52527e-41 2.11698e-33 3.55168e-26 7.20272e-20 1.76566e-14 5.23198e-10 1.87401e-06 0.000811382 0.0424646 0.268721 0.213161 0.111391 0.153657 0.127492 0.0695934 0.0115456 0.0011186 4.25408e-05 4.19624e-07 8.58336e-10 3.1317e-13 1.84035e-17 1.65041e-22 2.1858e-28 4.14385e-35
 1.08184e-41 1.50152e-33 2.51911e-26 5.10871e-20 1.25234e-14 3.71091e-10 1.32919e-06 0.000575493 0.0301193 0.190725 0.162066 0.189865 0.246772 0.112526 0.0538475 0.0124818 0.000996213 2.48117e-05 1.99678e-07 3.55167e-10 1.10074e-13 5.33532e-18 3.78858e-23 3.77609e-29 5.14597e-36
 1.38385e-41 1.92069e-33 3.22235e-26 6.53486e-20 1.60194e-14 4.74685e-10 1.70025e-06 0.000736148 0.0385273 0.243883 0.198499 0.136097 0.172938 0.140262 0.060006 0.00841051 0.000623696 1.48089e-05 8.37944e-08 1.0602e-10 2.57972e-14 1.00759e-18 5.71601e-24 4.48433e-30 4.72537e-37
 1.5098e-41 2.0955e-33 3.51563e-26 7.12963e-20 1.74774e-14 5.17889e-10 1.85499e-06 0.000803148 0.0420339 0.266138 0.219499 0.161382 0.173711 0.090761 0.0384316 0.00684543 0.000386854 6.59243e-06 3.1518e-08 3.04211e-11 5.13274e-15 1.42348e-19 6.02171e-25 3.61093e-31 2.92137e-38
 1.22159e-41 1.69549e-33 2.84454e-26 5.76866e-20 1.41412e-14 4.1903e-10 1.5009e-06 0.000649836 0.0340105 0.21551 0.187744 0.200575 0.211455 0.109889 0.0353831 0.00452798 0.000251456 3.85919e-06 1.33127e-08 9.54094e-12 1.23007e-15 2.48145e-20 7.32052e-26 3.05908e-32 1.76304e-39
 1.47653e-41 2.04933e-33 3.43817e-26 6.97254e-20 1.70924e-14 5.06478e-10 1.81412e-06 0.000785453 0.0411081 0.26039 0.218564 0.161518 0.167828 0.111799 0.0342197 0.00363989 0.000143885 1.74543e-06 5.12926e-09 2.81729e-12 2.59372e-16 3.7775e-21 8.1689e-27 2.4749e-33 1.0113e-40
 1.45332e-41 2.01711e-33 3.38412e-26 6.86293e-20 1.68237e-14 4.98516e-10 1.7856e-06 0.000773104 0.0404624 0.256476 0.222748 0.194241 0.173434 0.08422 0.0247787 0.002772 9.25062e-05 8.08968e-07 1.70283e-09 7.1897e-13 5.12664e-17 5.5207e-22 8.50845e-28 1.82469e-34 5.32224e-42
 1.28493e-41 1.7834e-33 2.99202e-26 6.06776e-20 1.48744e-14 4.40756e-10 1.57872e-06 0.00068353 0.035775 0.227011 0.20664 0.214856 0.192711 0.097833 0.022513 0.00191806 5.81162e-05 4.42273e-07 6.96198e-10 2.05087e-13 1.03691e-17 8.2038e-23 9.41048e-29 1.48506e-35 3.12379e-43
 1.1587e-41 1.6082e-33 2.69808e-26 5.47166e-20 1.34131e-14 3.97456e-10 1.42362e-06 0.00061638 0.0322613 0.204971 0.194644 0.222815 0.205103 0.112879 0.0248227 0.00184349 4.16177e-05 2.4679e-07 3.18273e-10 7.27383e-14 2.64986e-18 1.45839e-23 1.16572e-29 1.30449e-36 1.97801e-44
 1.14696e-41 1.5919e-33 2.67074e-26 5.41621e-20 1.32772e-14 3.93428e-10 1.40919e-06 0.000610133 0.0319343 0.20287 0.19164 0.216551 0.208811 0.118874 0.026679 0.00198825 4.1036e-05 2.0015e-07 2.05509e-10 3.89043e-14 1.20072e-18 5.50217e-24 3.54482e-30 3.11706e-37 3.67251e-45
#spawning biomass
 11241.5 12408.9 15818.5 22744.8 30019.5 35390.9 41639.4 47684.8 52182 68889 94565.5 111709 141403 177054 176395 153137 136502 130913 128263 122342 125006 139678 144051 158162 166256 166767 164869 145332 139315 214380 240597 227976 201086 172558 147724 128186 113744 103504 96452.1 91698.2 88543.2 86472.8 85116.6 84228.3 83668.3 83315.4 83092.8 82952.6 82864.1 82808.4 82773.2 82751.1 82737.1 82728.3 82722.8 82719.3 82717.1 82715.7 82714.8 82714.3 82713.9 82713.7 82713.6 82713.5 82713.4 82713.4 82713.4 82713.3 82713.3 82713.3 82713.3 82713.3 82713.3 82713.3 82713.3 82713.3 82713.3 82713.3 82713.3 82713.3 82713.3 82713.3 82713.3 82713.3 82713.3 82713.3 82713.3 82713.3 82713.3 82713.3 82713.3 82713.3 82713.3 82713.3 82713.3 82713.3 82713.3 82713.3 82713.3 82713.3 82713.3 82713.3 82713.3 82713.3 82713.3 82713.3 82713.3 82713.3 82713.3 82713.3 82713.3 82713.3 82713.3 82713.3 82713.3 82713.3 82713.3 82713.3 82713.3 82713.3 82713.3 82713.3 82713.3 82713.3 82713.3 82713.3 82713.3 82713.3 0 0 0 0 0 0 0 0 0 0 0 0 0 0 0 0 0 0 0 0 0 0 0 0 0
