SBPRF35
0.819782
Curr Bio
116672
B35
679993
F35
0.210797
FOFL
0.0882258
OFL
21022.9
Bzero
234224
#pred survey bio
 8564.34 6966.28 8539.01 10663.8 14486.4 16901.5 17335 23033.9 34627.1 51289 66850.2 84069.3 109797 129314 133015 110840 104785 102604 99934.4 105362 109103 114565 117015 117155 127372 126233 128316 120954 125965 1.07777e+07 8.75827e+06 9.19674e+06 8.5601e+06 7.48022e+06 6.3252e+06 5.28131e+06 4.41867e+06 3.7436e+06 3.23352e+06 2.85682e+06 2.58263e+06 2.38468e+06 2.2418e+06 2.13761e+06 2.0617e+06 2.00778e+06 1.96908e+06 1.94099e+06 1.92037e+06 1.90507e+06 1.89358e+06 1.88487e+06 1.87818e+06 1.87302e+06 1.86899e+06 1.86582e+06 1.86331e+06 1.86132e+06 1.85972e+06 1.85844e+06 1.85741e+06 1.85658e+06 1.8559e+06 1.85535e+06 1.85491e+06 1.85455e+06 1.85425e+06 1.85401e+06 1.85381e+06 1.85365e+06 1.85352e+06 1.85342e+06 1.85333e+06 1.85326e+06 1.8532e+06 1.85315e+06 1.85311e+06 1.85308e+06 1.85305e+06 1.85303e+06 1.85301e+06 1.853e+06 1.85299e+06 1.85298e+06 1.85297e+06 1.85296e+06 1.85296e+06 1.85295e+06 1.85295e+06 1.85295e+06 1.85294e+06 1.85294e+06 1.85294e+06 1.85294e+06 1.85294e+06 1.85294e+06 1.85294e+06 1.85294e+06 1.85294e+06 1.85294e+06 1.85294e+06 1.85294e+06 1.85293e+06 1.85293e+06 1.85293e+06 1.85293e+06 1.85293e+06 1.85293e+06 1.85293e+06 1.85293e+06 1.85293e+06 1.85293e+06 1.85293e+06 1.85293e+06 1.85293e+06 1.85293e+06 1.85293e+06 1.85293e+06 1.85293e+06 1.85293e+06 1.85293e+06 1.85293e+06 1.85293e+06 1.85293e+06 1.85293e+06 1.85293e+06 1.85293e+06 1.85293e+06 1.85293e+06 0 0 0 0 0 0 0 0 0 0 0 0 0 0 0 0 0 0 0 0 0 0 0 0 0
#obs survey bio
 7852.1 7636.92 7584.36 14067.7 16622.2 13467.8 20828.2 24298 31603.1 53342.7 95957.5 98737.9 118185 136014 90400.5 102479 104546 84749.5 86182.2 97497 109423 76114.3 115137 145119 109531 94247.7 149402 110875 110360
#pred catch bio
 6214.77 4761.4 6247.41 7471.11 9965.6 12413.2 12534.4 16239.2 23204.6 35872.5 48665.1 60779.7 82464.6 97518.9 108486 88829.4 84340.8 83418.8 79829.6 86027.4 89292.3 95462.6 99205.9 97172 108686 106700 108439 100508 1.50112 21022.9 71162.5 74570.6 68562.7 59075.4 49140.9 40290.8 33082.3 27534.5 23425.8 20464.7 18372.6 16915.7 15909.6 15216.3 14743.3 14429.7 14221.7 14083.8 13992.3 13931.7 13891.4 13864.8 13847.1 13835.4 13827.6 13822.4 13819 13816.7 13815.2 13814.2 13813.6 13813.1 13812.9 13812.7 13812.5 13812.5 13812.4 13812.4 13812.3 13812.3 13812.3 13812.3 13812.3 13812.3 13812.3 13812.3 13812.3 13812.3 13812.3 13812.3 13812.3 13812.3 13812.3 13812.3 13812.3 13812.3 13812.3 13812.3 13812.3 13812.3 13812.3 13812.3 13812.3 13812.3 13812.3 13812.3 13812.3 13812.3 13812.3 13812.3 13812.3 13812.3 13812.3 13812.3 13812.3 13812.3 13812.3 13812.3 13812.3 13812.3 13812.3 13812.3 13812.3 13812.3 13812.3 13812.3 13812.3 13812.3 13812.3 13812.3 13812.3 13812.3 13812.3 13812.3 13812.3 13812.3 13812.3 13812.3 13812.3 0 0 0 0 0 0 0 0 0 0 0 0 0 0 0 0 0 0 0 0 0 0 0 0 0
#obs catch bio
 4785.52 4662.88 6094.47 7299.69 9751.01 12091.7 12253.5 15783.9 22246.3 34448.7 45825.1 57705.8 79344.4 93821.5 108358 88492.4 81854.2 82526.1 77866.6 84998 86678.3 94462 96232.6 93160.8 106437 104204 106645 103842 1.37347
#pred cpue bio
 7406.2 5565.51 6617.55 8054.54 11058.8 13630 13630.1 17091 25740.3 39228.6 51484.1 63808.4 83244.9 98973.8 105573 86665.2 80633.2 78517.7 76216.8 79709.6 81893 85825.7 87170.9 86727.7 94107.4 93567.9 95082.9 91653.9 93044.5 9.55189e+06 8.65902e+06 9.16127e+06 8.51056e+06 7.42722e+06 6.27165e+06 5.22769e+06 4.36504e+06 3.68998e+06 3.1799e+06 2.80319e+06 2.529e+06 2.33106e+06 2.18817e+06 2.08398e+06 2.00807e+06 1.95415e+06 1.91545e+06 1.88736e+06 1.86675e+06 1.85144e+06 1.83996e+06 1.83124e+06 1.82456e+06 1.81939e+06 1.81536e+06 1.81219e+06 1.80968e+06 1.80769e+06 1.80609e+06 1.80481e+06 1.80378e+06 1.80295e+06 1.80227e+06 1.80173e+06 1.80128e+06 1.80092e+06 1.80062e+06 1.80038e+06 1.80019e+06 1.80003e+06 1.7999e+06 1.79979e+06 1.7997e+06 1.79963e+06 1.79957e+06 1.79952e+06 1.79948e+06 1.79945e+06 1.79943e+06 1.7994e+06 1.79939e+06 1.79937e+06 1.79936e+06 1.79935e+06 1.79934e+06 1.79934e+06 1.79933e+06 1.79933e+06 1.79932e+06 1.79932e+06 1.79932e+06 1.79932e+06 1.79931e+06 1.79931e+06 1.79931e+06 1.79931e+06 1.79931e+06 1.79931e+06 1.79931e+06 1.79931e+06 1.79931e+06 1.79931e+06 1.79931e+06 1.79931e+06 1.79931e+06 1.79931e+06 1.79931e+06 1.79931e+06 1.79931e+06 1.79931e+06 1.79931e+06 1.79931e+06 1.79931e+06 1.79931e+06 1.79931e+06 1.79931e+06 1.79931e+06 1.79931e+06 1.79931e+06 1.79931e+06 1.79931e+06 1.79931e+06 1.79931e+06 1.79931e+06 1.79931e+06 1.79931e+06 1.79931e+06 1.79931e+06 1.79931e+06 0 0 0 0 0 0 0 0 0 0 0 0 0 0 0 0 0 0 0 0 0 0 0 0 0
#obs cpue bio
 6390.52 8537.15 10858.7 8642.33 12822.9 25420.3 18643.8 23966.4 62289.5 64734 116696 103586 132632 157552 133144 106846 142530 101530 137344 101222 139991 138390 161010 141059 137286 179237 108865 130046 200119
#pred surv len freq
 2.56608e-27 2.59623e-27 4.01763e-26 7.93563e-20 1.94532e-14 5.76434e-10 2.06469e-06 0.000893932 0.0467852 0.295976 0.226587 0.0368014 0.120926 0.111806 0.0298441 0.0403568 0.0189847 0.0168709 0.0115209 0.00957594 0.00810835 0.00747821 0.00794092 0.00728924 0.00225219
 2.56833e-27 2.60196e-27 4.47058e-26 8.89094e-20 2.17951e-14 6.45826e-10 2.31324e-06 0.00100155 0.0524173 0.331606 0.253849 0.0403186 0.128542 0.118396 0.0234499 0.0238084 0.00924202 0.00582584 0.00324084 0.00226744 0.00167086 0.00137157 0.00132629 0.00124066 0.000422743
 2.5691e-27 2.60402e-27 4.64564e-26 9.26021e-20 2.27003e-14 6.7265e-10 2.40932e-06 0.00104314 0.0545944 0.345379 0.264369 0.0405028 0.122554 0.11286 0.0223526 0.022618 0.00762151 0.00311737 0.00126826 0.000634806 0.000364806 0.000250128 0.000210505 0.000190504 6.78481e-05
 2.5699e-27 2.60612e-27 4.82398e-26 9.63642e-20 2.36225e-14 6.99977e-10 2.5072e-06 0.00108552 0.0568123 0.35941 0.275084 0.0405715 0.115548 0.106282 0.0191553 0.0169675 0.00568697 0.00225988 0.000722307 0.000228008 8.39092e-05 4.13751e-05 2.78132e-05 2.28544e-05 8.18327e-06
 2.56947e-27 2.60493e-27 4.71782e-26 9.41245e-20 2.30735e-14 6.83709e-10 2.44893e-06 0.00106029 0.0554919 0.351057 0.268713 0.0410007 0.12329 0.113412 0.0201679 0.0174683 0.00563007 0.00189383 0.000589874 0.000165587 3.77959e-05 1.05034e-05 4.62979e-06 3.11743e-06 1.07873e-06
 2.56721e-27 2.59883e-27 4.18132e-26 8.28068e-20 2.02991e-14 6.01498e-10 2.15447e-06 0.000932802 0.0488195 0.308846 0.236501 0.0422858 0.155701 0.143394 0.026797 0.0250473 0.00804296 0.00263281 0.000763846 0.000186633 3.84428e-05 6.65042e-06 1.40431e-06 6.1648e-07 1.93953e-07
 2.56846e-27 2.60231e-27 4.49818e-26 8.94914e-20 2.19377e-14 6.50055e-10 2.32839e-06 0.0010081 0.0527605 0.333777 0.255512 0.0406507 0.129902 0.119738 0.0253561 0.0277319 0.00909701 0.00325356 0.000943724 0.000220272 3.98552e-05 5.8529e-06 6.82532e-07 1.27605e-07 3.13398e-08
 2.57056e-27 2.60794e-27 4.9878e-26 9.98202e-20 2.44697e-14 7.25082e-10 2.59712e-06 0.00112445 0.0588499 0.3723 0.284916 0.0398574 0.103206 0.0949397 0.017994 0.0171867 0.00594588 0.00263081 0.000804707 0.000201292 3.55569e-05 4.65953e-06 4.21925e-07 3.26628e-08 4.15449e-09
 2.57038e-27 2.60737e-27 4.93031e-26 9.86071e-20 2.41723e-14 7.1627e-10 2.56556e-06 0.00111079 0.0581347 0.367776 0.281473 0.0406142 0.111385 0.102366 0.0171211 0.0133005 0.00436861 0.00161782 0.000535587 0.000160386 3.06529e-05 4.0604e-06 3.27094e-07 1.62834e-08 7.5188e-10
 2.56938e-27 2.60469e-27 4.69601e-26 9.36644e-20 2.29607e-14 6.80367e-10 2.43696e-06 0.00105511 0.0552207 0.349341 0.267404 0.0410972 0.124944 0.11494 0.0204619 0.0177439 0.00555355 0.00160063 0.0004748 0.000127734 2.84435e-05 4.27432e-06 3.53446e-07 1.51199e-08 3.488e-10
 2.56916e-27 2.60413e-27 4.64966e-26 9.26867e-20 2.2721e-14 6.73265e-10 2.41152e-06 0.0010441 0.0546442 0.345694 0.264618 0.0409826 0.12603 0.115994 0.021605 0.0200977 0.00645271 0.00210565 0.000578853 0.000123054 2.3788e-05 3.81143e-06 3.65178e-07 1.60606e-08 2.93572e-10
 2.56971e-27 2.60559e-27 4.77782e-26 9.53902e-20 2.33838e-14 6.92903e-10 2.48186e-06 0.00107455 0.0562381 0.355778 0.272313 0.0406899 0.118397 0.108925 0.0198911 0.0179724 0.00586978 0.0020829 0.000603265 0.000137992 2.23141e-05 2.93483e-06 2.85453e-07 1.43252e-08 2.65564e-10
 2.56971e-27 2.6056e-27 4.77611e-26 9.53542e-20 2.33749e-14 6.92641e-10 2.48092e-06 0.00107414 0.0562169 0.355643 0.272212 0.0408624 0.119779 0.110165 0.0194496 0.0166482 0.00538834 0.00184539 0.000549582 0.0001365 2.37955e-05 2.86444e-06 2.25257e-07 1.12002e-08 2.30691e-10
 2.56934e-27 2.60455e-27 4.68184e-26 9.33655e-20 2.28874e-14 6.78195e-10 2.42918e-06 0.00105174 0.0550444 0.348226 0.266555 0.0412782 0.126918 0.116725 0.020119 0.0165177 0.00526112 0.00167126 0.000486616 0.000118626 2.20315e-05 2.87402e-06 2.14238e-07 8.82229e-09 1.77839e-10
 2.56787e-27 2.60059e-27 4.33284e-26 8.60029e-20 2.10826e-14 6.24714e-10 2.23762e-06 0.000968805 0.0507038 0.320766 0.245602 0.0421904 0.148581 0.136748 0.0242471 0.0208926 0.00659563 0.00198893 0.000559902 0.000127682 2.3077e-05 3.11902e-06 2.51277e-07 9.88519e-09 1.70456e-10
 2.56854e-27 2.60241e-27 4.49594e-26 8.94438e-20 2.19261e-14 6.49709e-10 2.32715e-06 0.00100757 0.0527324 0.3336 0.255391 0.0415536 0.136858 0.125962 0.0229311 0.02061 0.00656478 0.0020656 0.000573963 0.00012413 2.10995e-05 2.72251e-06 2.243e-07 9.39895e-09 1.55118e-10
 2.56915e-27 2.60407e-27 4.64038e-26 9.24907e-20 2.2673e-14 6.71841e-10 2.40642e-06 0.00104189 0.0545287 0.344964 0.264064 0.0412815 0.128693 0.118388 0.0208744 0.0178271 0.0057384 0.00191092 0.000542365 0.000120835 1.9809e-05 2.39313e-06 1.86644e-07 7.93854e-09 1.37219e-10
 2.56932e-27 2.6045e-27 4.67654e-26 9.32536e-20 2.286e-14 6.77382e-10 2.42627e-06 0.00105048 0.0549785 0.347809 0.266239 0.0413945 0.128025 0.117724 0.0198947 0.0157523 0.00499732 0.00155931 0.000448372 0.000105155 1.77924e-05 2.12596e-06 1.55141e-07 6.24438e-09 1.08917e-10
 2.56943e-27 2.60478e-27 4.70025e-26 9.37538e-20 2.29826e-14 6.81016e-10 2.43928e-06 0.00105612 0.0552733 0.349674 0.267663 0.0414121 0.127159 0.116908 0.0194555 0.0149499 0.00465945 0.00132163 0.000366797 8.20477e-05 1.43719e-05 1.79254e-06 1.30727e-07 4.95345e-09 8.2034e-11
 2.56974e-27 2.60562e-27 4.77487e-26 9.53279e-20 2.33685e-14 6.9245e-10 2.48024e-06 0.00107385 0.0562014 0.355545 0.272142 0.0411311 0.121873 0.112046 0.0188677 0.0148318 0.00460056 0.00126363 0.000338403 6.9363e-05 1.15275e-05 1.43981e-06 1.09789e-07 4.17196e-09 6.55451e-11
 2.56999e-27 2.60628e-27 4.83121e-26 9.65164e-20 2.36598e-14 7.01083e-10 2.51116e-06 0.00108724 0.0569021 0.359978 0.275527 0.0411335 0.119513 0.109828 0.0177412 0.0128207 0.00398449 0.00111656 0.000296859 5.86137e-05 9.06486e-06 1.05046e-06 7.88774e-08 3.10616e-09 4.89708e-11
 2.57004e-27 2.60642e-27 4.84241e-26 9.67526e-20 2.37177e-14 7.02799e-10 2.51731e-06 0.0010899 0.0570413 0.360859 0.2762 0.0411677 0.119301 0.109619 0.0174686 0.0122474 0.00374388 0.000950673 0.000250872 5.02091e-05 7.58212e-06 8.22868e-07 5.68304e-08 2.18322e-09 3.52958e-11
 2.57022e-27 2.6069e-27 4.88405e-26 9.7631e-20 2.39331e-14 7.0918e-10 2.54016e-06 0.00109979 0.0575592 0.364135 0.278701 0.0411112 0.117114 0.107585 0.016838 0.0113193 0.00343719 0.000838034 0.000213399 3.93381e-05 5.92593e-06 6.36671e-07 4.1312e-08 1.46135e-09 2.29253e-11
 2.57041e-27 2.60741e-27 4.92877e-26 9.85745e-20 2.41643e-14 7.16033e-10 2.56471e-06 0.00111042 0.0581154 0.367654 0.281387 0.0410669 0.11489 0.105513 0.0161067 0.0101714 0.0030618 0.000708045 0.000176792 3.11793e-05 4.3901e-06 4.51429e-07 2.89703e-08 9.66867e-10 1.40338e-11
 2.57048e-27 2.60761e-27 4.94671e-26 9.89528e-20 2.42571e-14 7.18781e-10 2.57455e-06 0.00111468 0.0583385 0.369065 0.282463 0.0409705 0.1134 0.10415 0.0160717 0.0104331 0.00311689 0.000677271 0.000165013 2.77123e-05 3.75715e-06 3.62158e-07 2.18851e-08 7.1343e-10 9.80556e-12
 2.57036e-27 2.60724e-27 4.91261e-26 9.82334e-20 2.40807e-14 7.13555e-10 2.55584e-06 0.00110658 0.0579144 0.366382 0.280418 0.0412014 0.116594 0.107066 0.0160279 0.00959959 0.00287063 0.000636582 0.000153228 2.42693e-05 3.14991e-06 2.88705e-07 1.63604e-08 5.00063e-10 6.63594e-12
 2.57038e-27 2.60731e-27 4.9192e-26 9.83724e-20 2.41148e-14 7.14565e-10 2.55945e-06 0.00110814 0.0579963 0.3669 0.280812 0.0411127 0.115642 0.106205 0.0161996 0.0102059 0.00302386 0.000617417 0.000147163 2.36162e-05 2.96098e-06 2.55966e-07 1.37009e-08 3.91786e-10 4.87182e-12
 2.56959e-27 2.60515e-27 4.72747e-26 9.43277e-20 2.31233e-14 6.85185e-10 2.45422e-06 0.00106258 0.0556117 0.351815 0.269303 0.0417647 0.12869 0.118227 0.0179871 0.0112571 0.00335704 0.000722777 0.000170567 2.55065e-05 3.18068e-06 2.71212e-07 1.36876e-08 3.67311e-10 4.26629e-12
 2.57053e-27 2.60775e-27 4.96153e-26 9.92656e-20 2.43338e-14 7.21053e-10 2.58269e-06 0.00111821 0.0585229 0.370232 0.28335 0.0407276 0.110929 0.101917 0.0165389 0.0120607 0.00360754 0.000776715 0.000185628 2.89255e-05 3.48053e-06 2.8422e-07 1.4158e-08 3.60669e-10 3.91842e-12
#obs surv len freq
 1.65142e-41 2.29207e-33 3.84542e-26 7.79843e-20 1.91169e-14 5.6647e-10 2.029e-06 0.000878488 0.0459765 0.290861 0.222842 0.0443907 0.164276 0.139518 0.0422221 0.0338057 0.0107738 0.00359285 0.00075831 9.71471e-05 5.46656e-06 9.71131e-08 4.04698e-10 3.18333e-13 4.09229e-17
 1.90208e-41 2.63996e-33 4.42908e-26 8.98209e-20 2.20185e-14 6.52449e-10 2.33697e-06 0.00101183 0.052955 0.335009 0.256563 0.0440832 0.132698 0.106753 0.033948 0.0258647 0.00804702 0.00252279 0.000486173 5.4028e-05 2.50915e-06 3.49402e-08 1.09208e-10 6.25485e-14 5.75667e-18
 1.92188e-41 2.66744e-33 4.47519e-26 9.0756e-20 2.22478e-14 6.59242e-10 2.3613e-06 0.00102236 0.0535063 0.338497 0.259309 0.0470826 0.141498 0.106529 0.0274675 0.0176933 0.00545576 0.0016217 0.000287404 2.76187e-05 1.04541e-06 1.13011e-08 2.6457e-11 1.10633e-14 7.31042e-19
 1.96744e-41 2.73068e-33 4.58128e-26 9.29074e-20 2.27751e-14 6.74869e-10 2.41727e-06 0.00104659 0.0547746 0.346521 0.265499 0.0487112 0.138629 0.0982651 0.0261932 0.0154975 0.00375427 0.000939587 0.000153969 1.28567e-05 3.95443e-07 3.29154e-09 5.73756e-12 1.75017e-15 8.32295e-20
 1.76648e-41 2.45176e-33 4.11333e-26 8.34176e-20 2.04488e-14 6.05936e-10 2.17037e-06 0.000939693 0.0491798 0.311127 0.238666 0.0549088 0.175857 0.116958 0.0308105 0.0167499 0.0038868 0.000806578 0.000101335 7.11865e-06 1.78506e-07 1.14397e-09 1.47952e-12 3.28087e-16 1.12147e-20
 1.45726e-41 2.02258e-33 3.3933e-26 6.88155e-20 1.68693e-14 4.99868e-10 1.79045e-06 0.000775202 0.040571 0.256666 0.197352 0.0625032 0.220618 0.139832 0.0485007 0.0263046 0.00569759 0.00106248 0.000109252 5.64718e-06 1.08846e-07 5.36122e-10 5.15938e-13 8.31888e-17 2.04128e-21
 2.0887e-41 2.89898e-33 4.86364e-26 9.86337e-20 2.41789e-14 7.16465e-10 2.56626e-06 0.0011111 0.0581507 0.367879 0.281956 0.0503173 0.112532 0.0691582 0.0341931 0.0188844 0.00485368 0.000880383 7.77724e-05 3.10308e-06 4.23999e-08 1.50679e-10 1.0656e-13 1.25239e-17 2.21231e-22
 1.98342e-41 2.75286e-33 4.61849e-26 9.36622e-20 2.29602e-14 6.80352e-10 2.43691e-06 0.0010551 0.0552196 0.349338 0.268146 0.0602633 0.152183 0.0819808 0.0193042 0.00893115 0.00293683 0.00058559 5.2032e-05 1.71511e-06 1.7236e-08 4.23358e-11 2.07647e-14 1.73021e-18 2.18743e-23
 2.01178e-41 2.79222e-33 4.68452e-26 9.50012e-20 2.32884e-14 6.90079e-10 2.47175e-06 0.00107018 0.0560091 0.354333 0.272088 0.0618848 0.145668 0.0748826 0.0232426 0.00892515 0.00156509 0.000298984 2.9319e-05 9.17093e-07 7.42052e-09 1.31437e-11 4.42408e-15 2.50838e-19 2.18535e-24
 1.72412e-41 2.39297e-33 4.0147e-26 8.14174e-20 1.99585e-14 5.91407e-10 2.11832e-06 0.000917161 0.0480006 0.303672 0.234039 0.076269 0.19957 0.0956499 0.0290268 0.0106128 0.00198052 0.000241819 1.77172e-05 5.42049e-07 3.93581e-09 5.53181e-12 1.35302e-15 5.32076e-20 3.15751e-25
 2.01315e-41 2.79412e-33 4.68771e-26 9.50658e-20 2.33043e-14 6.90548e-10 2.47343e-06 0.00107091 0.0560472 0.354576 0.272653 0.0667847 0.140027 0.0667837 0.0296577 0.0103612 0.00181733 0.000207279 1.08011e-05 2.29189e-07 1.41304e-09 1.6889e-12 3.27106e-16 9.55861e-21 4.03705e-26
 1.83956e-41 2.55319e-33 4.28351e-26 8.68688e-20 2.12949e-14 6.31005e-10 2.26016e-06 0.000978571 0.0512145 0.324008 0.250092 0.0818886 0.181331 0.0762398 0.0239411 0.008307 0.00179658 0.000191141 8.52742e-06 1.29051e-07 5.35465e-10 4.84032e-13 7.49345e-17 1.72286e-21 5.52527e-27
 1.91413e-41 2.65669e-33 4.45715e-26 9.03902e-20 2.21581e-14 6.56584e-10 2.35178e-06 0.00101824 0.0532906 0.337144 0.260279 0.0811519 0.161731 0.0679814 0.0279007 0.00799503 0.00134845 0.000151217 6.45777e-06 7.89495e-08 2.32901e-10 1.40438e-13 1.5129e-17 2.57278e-22 6.27523e-28
 1.62351e-41 2.25332e-33 3.78041e-26 7.6666e-20 1.87938e-14 5.56894e-10 1.9947e-06 0.000863638 0.0451993 0.285966 0.222631 0.104225 0.216503 0.0835299 0.0305543 0.00884944 0.00153711 0.000134418 5.13253e-06 5.65339e-08 1.32326e-10 5.73954e-14 4.19538e-18 4.7935e-23 8.06349e-29
 1.48615e-41 2.06267e-33 3.46056e-26 7.01795e-20 1.72037e-14 5.09777e-10 1.82594e-06 0.000790568 0.0413752 0.261781 0.205071 0.113287 0.224114 0.0935611 0.0460601 0.0119147 0.00188148 0.000156272 4.80555e-06 4.27128e-08 8.33292e-11 2.85293e-14 1.53807e-18 1.23432e-23 1.41735e-29
 1.72875e-41 2.39939e-33 4.02548e-26 8.16359e-20 2.00121e-14 5.92994e-10 2.12401e-06 0.000919623 0.0481294 0.304512 0.237464 0.102837 0.176135 0.0754206 0.0404765 0.0119266 0.00202774 0.000146416 3.87747e-06 2.72725e-08 4.05663e-11 1.08029e-14 4.51734e-19 2.73183e-24 2.286e-30
 1.68463e-41 2.33816e-33 3.92274e-26 7.95525e-20 1.95013e-14 5.77861e-10 2.0698e-06 0.000896153 0.0469011 0.296755 0.233018 0.118789 0.192179 0.0701778 0.0303057 0.00914779 0.0016983 0.000126441 2.88565e-06 1.63084e-08 1.86664e-11 3.69229e-15 1.14348e-19 5.17012e-25 3.24027e-31
 1.69817e-41 2.35694e-33 3.95426e-26 8.01916e-20 1.9658e-14 5.82503e-10 2.08643e-06 0.000903353 0.047278 0.299152 0.235807 0.123944 0.184773 0.0695794 0.0300907 0.00718876 0.00118955 8.95469e-05 1.94125e-06 9.21085e-09 8.18945e-12 1.21897e-15 2.77981e-20 9.13073e-26 4.14724e-32
 1.65649e-41 2.29909e-33 3.85721e-26 7.82234e-20 1.91755e-14 5.68207e-10 2.03522e-06 0.000881181 0.0461176 0.291833 0.231842 0.135485 0.188268 0.069137 0.0287767 0.00668283 0.000917155 5.70412e-05 1.11991e-06 4.68302e-09 3.40913e-12 3.90888e-16 6.64107e-21 1.59875e-26 5.26722e-33
 1.74572e-41 2.42294e-33 4.06498e-26 8.2437e-20 2.02085e-14 5.98814e-10 2.14485e-06 0.000928648 0.0486018 0.307564 0.244545 0.133936 0.16847 0.0635837 0.0259733 0.00565574 0.000703372 3.54258e-05 5.45317e-07 1.87788e-09 1.1305e-12 1.03875e-16 1.36233e-21 2.45696e-27 5.94694e-34
 1.70867e-41 2.37152e-33 3.97872e-26 8.06875e-20 1.97796e-14 5.86106e-10 2.09934e-06 0.000908941 0.0475705 0.301075 0.241899 0.14801 0.172846 0.0601476 0.0222875 0.0047019 0.000528684 2.24511e-05 2.6784e-07 6.92701e-10 3.19997e-13 2.29683e-17 2.34842e-22 3.25652e-28 5.95631e-35
 1.72594e-41 2.3955e-33 4.01894e-26 8.15033e-20 1.99796e-14 5.92032e-10 2.12056e-06 0.00091813 0.0480515 0.304153 0.245946 0.152854 0.164566 0.0588914 0.020456 0.0037716 0.000376852 1.36445e-05 1.2918e-07 2.50844e-10 8.47015e-14 4.45538e-18 3.38469e-23 3.52407e-29 4.85542e-36
 1.72458e-41 2.39361e-33 4.01578e-26 8.14392e-20 1.99639e-14 5.91565e-10 2.11889e-06 0.000917407 0.0480138 0.303965 0.248156 0.161231 0.160176 0.0558844 0.0182391 0.00314229 0.000265228 7.89547e-06 5.97327e-08 8.86643e-11 2.21041e-14 8.40676e-19 4.58222e-24 3.43043e-30 3.42197e-37
 1.74442e-41 2.42114e-33 4.06197e-26 8.23759e-20 2.01935e-14 5.9837e-10 2.14326e-06 0.000927959 0.0485662 0.307517 0.253078 0.165861 0.152051 0.053122 0.0161384 0.00254423 0.000186892 4.48428e-06 2.62849e-08 2.97465e-11 5.54156e-15 1.54444e-19 6.07905e-25 3.25549e-31 2.31178e-38
 1.6903e-41 2.34602e-33 3.93594e-26 7.982e-20 1.95669e-14 5.79804e-10 2.07677e-06 0.000899168 0.0470596 0.298084 0.249888 0.180604 0.154435 0.0521485 0.0146331 0.00211048 0.000133218 2.60097e-06 1.17432e-08 9.92716e-12 1.36693e-15 2.7975e-20 8.02285e-26 3.10527e-32 1.58267e-39
 1.59507e-41 2.21386e-33 3.7142e-26 7.53233e-20 1.84646e-14 5.4714e-10 1.95977e-06 0.000848512 0.0444089 0.281449 0.242146 0.197007 0.160457 0.0567446 0.0149068 0.0019255 0.000103776 1.63879e-06 5.72115e-09 3.61856e-12 3.65096e-16 5.42269e-21 1.12482e-26 3.14345e-33 1.15432e-40
 1.5947e-41 2.21334e-33 3.71334e-26 7.53058e-20 1.84603e-14 5.47013e-10 1.95931e-06 0.000848315 0.044399 0.28151 0.245436 0.199627 0.154031 0.0575708 0.0147305 0.0017645 8.03236e-05 1.01648e-06 2.73578e-09 1.2973e-12 9.62965e-17 1.03867e-21 1.55165e-27 3.10892e-34 8.16942e-42
 1.64803e-41 2.28735e-33 3.83751e-26 7.7824e-20 1.90776e-14 5.65305e-10 2.02483e-06 0.000876683 0.0458842 0.291043 0.255632 0.198831 0.141986 0.0515196 0.0127171 0.00144988 5.73341e-05 5.8206e-07 1.20046e-09 4.25787e-13 2.32713e-17 1.82811e-22 1.97361e-28 2.84146e-35 5.34289e-43
 1.64812e-41 2.28749e-33 3.83773e-26 7.78285e-20 1.90787e-14 5.65338e-10 2.02495e-06 0.000876734 0.0458869 0.29106 0.255655 0.199206 0.143366 0.0508209 0.0118482 0.0012362 4.30899e-05 3.73531e-07 6.4285e-10 1.87429e-13 8.34144e-18 5.30338e-23 4.61492e-29 5.34025e-36 8.05422e-44
#pred catch len freq
 2.56437e-27 2.59166e-27 3.62268e-26 7.10248e-20 1.74109e-14 5.15915e-10 1.84792e-06 0.00080008 0.0418733 0.264902 0.202865 0.0371191 0.14001 0.129495 0.0343174 0.046166 0.0216699 0.0192009 0.0131026 0.0108867 0.00921734 0.00850082 0.00902678 0.00828597 0.00256015
 2.56664e-27 2.59739e-27 4.06846e-26 8.04264e-20 1.97156e-14 5.84207e-10 2.09253e-06 0.000905986 0.0474161 0.299967 0.229706 0.041287 0.152873 0.140869 0.0277682 0.028022 0.0108603 0.00682271 0.00379255 0.00265236 0.00195428 0.00160418 0.00155123 0.00145107 0.000494439
 2.56774e-27 2.60034e-27 4.3208e-26 8.57494e-20 2.10204e-14 6.22873e-10 2.23103e-06 0.000965949 0.0505543 0.31982 0.244867 0.0413883 0.142994 0.131735 0.0259221 0.0260142 0.00875599 0.00356733 0.00145016 0.000725473 0.000416857 0.000285808 0.000240531 0.000217678 7.75258e-05
 2.5685e-27 2.60231e-27 4.4871e-26 8.92574e-20 2.18804e-14 6.48355e-10 2.3223e-06 0.00100547 0.0526225 0.332904 0.254861 0.0415732 0.137379 0.126425 0.0226715 0.0199218 0.00666972 0.0026402 0.000843295 0.000266035 9.78878e-05 4.82659e-05 3.24451e-05 2.66605e-05 9.54607e-06
 2.56795e-27 2.60082e-27 4.35332e-26 8.64351e-20 2.11885e-14 6.27854e-10 2.24887e-06 0.000973674 0.0509586 0.322378 0.246831 0.0421032 0.147054 0.135336 0.0239583 0.0205976 0.00663246 0.00222232 0.000691676 0.000194047 4.4285e-05 1.23059e-05 5.42428e-06 3.65239e-06 1.26385e-06
 2.56569e-27 2.5947e-27 3.81629e-26 7.51062e-20 1.84114e-14 5.45562e-10 1.95411e-06 0.000846056 0.0442795 0.280125 0.214587 0.0433613 0.179282 0.165156 0.0306876 0.0284455 0.00912563 0.00297532 0.000862594 0.000210626 4.33775e-05 7.50363e-06 1.58445e-06 6.95559e-07 2.18832e-07
 2.56699e-27 2.59834e-27 4.14769e-26 8.20976e-20 2.01252e-14 5.96347e-10 2.13601e-06 0.000924813 0.0484014 0.3062 0.23447 0.0415664 0.151654 0.139839 0.0294179 0.0319416 0.0104677 0.00372904 0.00108092 0.000252133 4.56125e-05 6.69792e-06 7.81061e-07 1.46025e-07 3.58638e-08
 2.56927e-27 2.60444e-27 4.67872e-26 9.32998e-20 2.28713e-14 6.77718e-10 2.42747e-06 0.001051 0.0550057 0.347981 0.26636 0.040735 0.122922 0.113139 0.0213216 0.0202022 0.0069805 0.00307688 0.000940587 0.000235137 4.15286e-05 5.44173e-06 4.92745e-07 3.81451e-08 4.85179e-09
 2.56891e-27 2.60339e-27 4.57751e-26 9.11643e-20 2.23478e-14 6.62206e-10 2.37191e-06 0.00102695 0.0537467 0.340016 0.260294 0.0417258 0.134723 0.123887 0.020642 0.0159167 0.00522255 0.00192666 0.000637366 0.000190756 3.6452e-05 4.82826e-06 3.88943e-07 1.93623e-08 8.94047e-10
 2.56791e-27 2.60069e-27 4.34132e-26 8.61818e-20 2.11264e-14 6.26014e-10 2.24228e-06 0.000970821 0.0508092 0.321433 0.246111 0.0421779 0.148128 0.136329 0.0241535 0.0207805 0.00649864 0.00186559 0.000552946 0.000148665 3.3099e-05 4.97366e-06 4.11268e-07 1.75933e-08 4.05859e-10
 2.5678e-27 2.60042e-27 4.32153e-26 8.57645e-20 2.10241e-14 6.22983e-10 2.23142e-06 0.00096612 0.0505632 0.319877 0.244919 0.0419503 0.147234 0.135563 0.0251015 0.0231488 0.00742534 0.00241335 0.000662986 0.000140846 2.72224e-05 4.36142e-06 4.17868e-07 1.83779e-08 3.35929e-10
 2.56838e-27 2.60199e-27 4.45938e-26 8.86726e-20 2.1737e-14 6.44107e-10 2.30708e-06 0.000998879 0.0522777 0.330723 0.253196 0.0416393 0.139052 0.127984 0.0232388 0.0208134 0.00679069 0.00240014 0.000694676 0.000158802 2.56748e-05 3.37658e-06 3.28414e-07 1.64811e-08 3.0553e-10
 2.56852e-27 2.60236e-27 4.48915e-26 8.93004e-20 2.18909e-14 6.48667e-10 2.32342e-06 0.00100595 0.0526478 0.333065 0.254986 0.0417486 0.138626 0.127548 0.0223812 0.0189608 0.00613047 0.00209103 0.000622286 0.000154461 2.69223e-05 3.24062e-06 2.54834e-07 1.26708e-08 2.60981e-10
 2.56812e-27 2.60123e-27 4.38776e-26 8.71616e-20 2.13666e-14 6.33131e-10 2.26777e-06 0.000981857 0.0513869 0.325088 0.248902 0.0422056 0.146378 0.13467 0.023076 0.0187459 0.005965 0.00188711 0.000549049 0.000133761 2.48382e-05 3.23995e-06 2.41512e-07 9.94537e-09 2.00477e-10
 2.56685e-27 2.59781e-27 4.08644e-26 8.08049e-20 1.98084e-14 5.86957e-10 2.10238e-06 0.000910251 0.0476392 0.301379 0.230811 0.0429727 0.164927 0.15182 0.026716 0.0227301 0.00716863 0.00215253 0.00060548 0.000137986 2.49349e-05 3.36991e-06 2.71485e-07 1.06801e-08 1.84162e-10
 2.56749e-27 2.59956e-27 4.24309e-26 8.41096e-20 2.06185e-14 6.10962e-10 2.18836e-06 0.000947478 0.0495876 0.313705 0.240212 0.042335 0.153468 0.141284 0.025525 0.0226704 0.00721386 0.00226028 0.000627592 0.000135639 2.30517e-05 2.9742e-06 2.45031e-07 1.02676e-08 1.69454e-10
 2.56817e-27 2.6014e-27 4.40443e-26 8.75132e-20 2.14528e-14 6.35685e-10 2.27692e-06 0.000985818 0.0515942 0.326399 0.2499 0.0420266 0.144315 0.132794 0.0232413 0.0196003 0.00630241 0.00208991 0.000592736 0.000131971 2.16309e-05 2.61306e-06 2.03792e-07 8.66787e-09 1.49826e-10
 2.5684e-27 2.602e-27 4.45394e-26 8.85575e-20 2.17088e-14 6.43271e-10 2.30409e-06 0.000997582 0.0522098 0.330294 0.252876 0.0421213 0.142945 0.131477 0.0220616 0.0172333 0.00546141 0.00169687 0.000487543 0.000114268 1.93312e-05 2.30966e-06 1.68543e-07 6.78379e-09 1.18326e-10
 2.56845e-27 2.6021e-27 4.46195e-26 8.87265e-20 2.17502e-14 6.44499e-10 2.30849e-06 0.000999486 0.0523095 0.330924 0.253359 0.0421951 0.143167 0.131664 0.0217676 0.0165091 0.00514046 0.00145188 0.000402616 9.00009e-05 1.57622e-05 1.96582e-06 1.43361e-07 5.43218e-09 8.9962e-11
 2.56887e-27 2.60326e-27 4.56544e-26 9.09098e-20 2.22854e-14 6.60357e-10 2.36529e-06 0.00102408 0.0535966 0.339067 0.25957 0.0418196 0.135946 0.125017 0.0209011 0.0162043 0.00502148 0.00137332 0.000367474 7.52712e-05 1.2507e-05 1.56205e-06 1.19108e-07 4.52606e-09 7.11082e-11
 2.56915e-27 2.60401e-27 4.62911e-26 9.22529e-20 2.26147e-14 6.70114e-10 2.40023e-06 0.00103921 0.0543885 0.344077 0.263395 0.041815 0.133223 0.122461 0.0196503 0.0139948 0.004345 0.00121235 0.000322066 6.3548e-05 9.82614e-06 1.13859e-06 8.54935e-08 3.36669e-09 5.30781e-11
 2.56929e-27 2.60436e-27 4.65927e-26 9.28891e-20 2.27706e-14 6.74735e-10 2.41679e-06 0.00104638 0.0547635 0.346449 0.265207 0.0417951 0.131799 0.121133 0.0191729 0.0132354 0.00404203 0.00102191 0.000269433 5.38875e-05 8.13613e-06 8.82926e-07 6.09769e-08 2.3425e-09 3.78709e-11
 2.56955e-27 2.60508e-27 4.72202e-26 9.42128e-20 2.30951e-14 6.8435e-10 2.45123e-06 0.00106129 0.055544 0.351386 0.268975 0.041676 0.128245 0.117839 0.0183174 0.012112 0.00367429 0.000891908 0.000226913 4.18006e-05 6.29566e-06 6.76344e-07 4.38854e-08 1.55237e-09 2.43532e-11
 2.56967e-27 2.60539e-27 4.74844e-26 9.47702e-20 2.32318e-14 6.88399e-10 2.46573e-06 0.00106757 0.0558726 0.353465 0.270563 0.0416989 0.127304 0.116947 0.0177441 0.0110269 0.0033162 0.000763543 0.000190473 3.35691e-05 4.72565e-06 4.85895e-07 3.11815e-08 1.04066e-09 1.51048e-11
 2.56987e-27 2.60592e-27 4.79618e-26 9.57773e-20 2.34787e-14 6.95714e-10 2.49193e-06 0.00107891 0.0564663 0.357221 0.273428 0.0415011 0.123786 0.113715 0.0174304 0.0111235 0.00332007 0.00071825 0.000174826 2.934e-05 3.97702e-06 3.8332e-07 2.31634e-08 7.55097e-10 1.03782e-11
 2.56969e-27 2.60541e-27 4.74951e-26 9.47927e-20 2.32373e-14 6.88562e-10 2.46631e-06 0.00106782 0.0558858 0.353549 0.270628 0.0417825 0.127894 0.117472 0.0174801 0.0102915 0.00307456 0.00067882 0.00016324 2.58372e-05 3.35271e-06 3.07266e-07 1.74119e-08 5.32198e-10 7.06237e-12
 2.56971e-27 2.60548e-27 4.75656e-26 9.49414e-20 2.32737e-14 6.89642e-10 2.47018e-06 0.0010695 0.0559735 0.354104 0.27105 0.0416872 0.126873 0.116549 0.0176649 0.0109432 0.00323945 0.000658556 0.000156808 2.51466e-05 3.15222e-06 2.72474e-07 1.45842e-08 4.17041e-10 5.18586e-12
 2.56878e-27 2.60295e-27 4.53138e-26 9.0191e-20 2.21092e-14 6.55136e-10 2.34659e-06 0.00101598 0.0531729 0.336386 0.257533 0.0424541 0.142205 0.130675 0.0197628 0.0121727 0.00362684 0.000777492 0.000183305 2.73924e-05 3.4151e-06 2.91176e-07 1.46948e-08 3.94337e-10 4.58018e-12
 2.56699e-27 2.59813e-27 4.10798e-26 8.12591e-20 1.99197e-14 5.90256e-10 2.1142e-06 0.000915367 0.047907 0.303073 0.232111 0.0434254 0.167458 0.15405 0.02521 0.0187111 0.00559692 0.00120216 0.000287137 4.47162e-05 5.3796e-06 4.39259e-07 2.18806e-08 5.57394e-10 6.05569e-12
#obs catch len freq
 1.65039e-41 2.29063e-33 3.843e-26 7.79353e-20 1.91049e-14 5.66114e-10 2.02773e-06 0.000877936 0.0459477 0.290679 0.222702 0.0443735 0.164246 0.139489 0.0421836 0.0338216 0.0109793 0.00375858 0.000824109 0.000109393 6.38526e-06 1.18346e-07 5.15273e-10 4.21852e-13 5.61594e-17
 1.6577e-41 2.30078e-33 3.86004e-26 7.82808e-20 1.91896e-14 5.68624e-10 2.03672e-06 0.000881828 0.0461514 0.291967 0.22375 0.0464763 0.167945 0.135084 0.0420876 0.0318101 0.00996339 0.0031716 0.000632084 7.32242e-05 3.53775e-06 5.10797e-08 1.65556e-10 9.82282e-14 9.33665e-18
 1.91399e-41 2.65649e-33 4.45681e-26 9.03831e-20 2.21564e-14 6.56534e-10 2.3516e-06 0.00101816 0.0532864 0.337106 0.258223 0.0458542 0.13462 0.102339 0.0335817 0.0240053 0.00734377 0.00218431 0.000394814 3.93299e-05 1.55321e-06 1.74296e-08 4.21237e-11 1.81371e-14 1.23197e-18
 1.94092e-41 2.69386e-33 4.51951e-26 9.16548e-20 2.24681e-14 6.65771e-10 2.38468e-06 0.00103249 0.0540362 0.341849 0.261939 0.0489956 0.142136 0.100715 0.0266001 0.0161668 0.00490548 0.0013748 0.000226787 1.93444e-05 6.16642e-07 5.33101e-09 9.5993e-12 3.00791e-15 1.4643e-19
 1.99131e-41 2.7638e-33 4.63685e-26 9.40345e-20 2.30514e-14 6.83056e-10 2.4466e-06 0.00105929 0.0554391 0.350725 0.268786 0.0506344 0.138154 0.0919892 0.0251418 0.0138774 0.00328252 0.000781551 0.000118334 8.67886e-06 2.22528e-07 1.47044e-09 1.96209e-12 4.47163e-16 1.56392e-20
 1.7979e-41 2.49536e-33 4.18648e-26 8.49011e-20 2.08125e-14 6.16712e-10 2.20896e-06 0.000956405 0.0500544 0.31666 0.243006 0.0574883 0.174634 0.108882 0.0293832 0.0148516 0.00335084 0.000650107 7.57142e-05 4.65135e-06 9.62445e-08 4.86005e-10 4.78958e-13 7.91356e-17 1.98611e-21
 1.49658e-41 2.07715e-33 3.48485e-26 7.0672e-20 1.73244e-14 5.13354e-10 1.83875e-06 0.000796115 0.0416655 0.263591 0.202812 0.066076 0.219111 0.130451 0.0465498 0.0231571 0.00486443 0.000841794 7.88662e-05 3.5536e-06 5.63788e-08 2.17416e-10 1.58704e-13 1.90151e-17 3.42049e-22
 2.12337e-41 2.9471e-33 4.94438e-26 1.00271e-19 2.45803e-14 7.28358e-10 2.60886e-06 0.00112955 0.0591159 0.373986 0.286713 0.0520278 0.109737 0.063744 0.0323703 0.0163706 0.00407351 0.000673649 5.36114e-05 1.83759e-06 2.05747e-08 5.71754e-11 3.05777e-14 2.66366e-18 3.44398e-23
 2.02255e-41 2.80717e-33 4.7096e-26 9.55098e-20 2.34131e-14 6.93773e-10 2.48498e-06 0.00107591 0.0563089 0.35623 0.273554 0.06253 0.147623 0.0741452 0.017789 0.00779257 0.00246734 0.000445655 3.49281e-05 9.73545e-07 7.93388e-09 1.51872e-11 5.62954e-15 3.47231e-19 3.20845e-24
 2.05381e-41 2.85055e-33 4.7824e-26 9.6986e-20 2.3775e-14 7.04496e-10 2.52339e-06 0.00109254 0.0571793 0.361737 0.2779 0.064055 0.140277 0.0675058 0.0212925 0.00743642 0.00127545 0.000227298 1.93402e-05 5.01914e-07 3.24542e-09 4.44971e-12 1.12963e-15 4.73969e-20 3.01638e-25
 1.77592e-41 2.46486e-33 4.13532e-26 8.38634e-20 2.05581e-14 6.09175e-10 2.18197e-06 0.000944716 0.0494426 0.312797 0.241273 0.0795766 0.192464 0.0863278 0.0265214 0.00888664 0.00157705 0.000175796 1.15547e-05 2.90832e-07 1.6618e-09 1.78982e-12 3.2873e-16 9.55655e-21 4.14357e-26
 2.06074e-41 2.86018e-33 4.79854e-26 9.73134e-20 2.38552e-14 7.06874e-10 2.53191e-06 0.00109623 0.0573723 0.362961 0.279261 0.0689156 0.133322 0.0602155 0.0267798 0.00850474 0.0014172 0.000145184 6.61607e-06 1.17409e-07 5.69212e-10 5.166e-13 7.46546e-17 1.60816e-21 4.9603e-27
 1.89375e-41 2.6284e-33 4.4097e-26 8.94277e-20 2.19222e-14 6.49594e-10 2.32674e-06 0.0010074 0.0527232 0.333555 0.257702 0.0847821 0.172371 0.0679825 0.0214266 0.0069182 0.00139247 0.000131458 5.04534e-06 6.2794e-08 2.05846e-10 1.4151e-13 1.62764e-17 2.74755e-22 6.42208e-28
 1.96992e-41 2.73411e-33 4.58704e-26 9.30243e-20 2.28038e-14 6.75719e-10 2.42031e-06 0.00104791 0.0548436 0.346971 0.268108 0.0835731 0.152443 0.0608153 0.0246161 0.00644169 0.00103133 0.000102612 3.6883e-06 3.65503e-08 8.43516e-11 3.86676e-14 3.0972e-18 3.85885e-23 6.83914e-29
 1.68799e-41 2.34282e-33 3.93057e-26 7.97111e-20 1.95402e-14 5.79013e-10 2.07393e-06 0.00089794 0.0469947 0.297329 0.231853 0.107991 0.204726 0.0748063 0.0269403 0.0072138 0.00115326 8.95213e-05 2.88833e-06 2.54098e-08 4.60092e-11 1.50869e-14 8.1895e-19 6.85669e-24 8.37193e-30
 1.55511e-41 2.1584e-33 3.62115e-26 7.34363e-20 1.8002e-14 5.33434e-10 1.91067e-06 0.000827255 0.0432953 0.273936 0.215042 0.117628 0.212217 0.0855247 0.0404122 0.00960809 0.00140268 0.000101799 2.61649e-06 1.85849e-08 2.7854e-11 7.15963e-15 2.85675e-19 1.67885e-24 1.40021e-30
 1.79601e-41 2.49274e-33 4.18208e-26 8.48118e-20 2.07906e-14 6.16064e-10 2.20664e-06 0.0009554 0.0500019 0.316365 0.24711 0.10567 0.164817 0.0687488 0.035144 0.00962176 0.0014698 9.22765e-05 2.02205e-06 1.12558e-08 1.28313e-11 2.55758e-15 7.88606e-20 3.48449e-25 2.11685e-31
 1.75316e-41 2.43328e-33 4.08232e-26 8.27887e-20 2.02947e-14 6.01368e-10 2.154e-06 0.000932609 0.0488091 0.308837 0.243014 0.121705 0.17886 0.0629995 0.0261396 0.00739384 0.00122843 7.79764e-05 1.45264e-06 6.45153e-09 5.62478e-12 8.30264e-16 1.89221e-20 6.23685e-26 2.83215e-32
 1.76768e-41 2.45343e-33 4.11613e-26 8.34743e-20 2.04627e-14 6.06348e-10 2.17184e-06 0.000940332 0.0492133 0.31141 0.246028 0.126486 0.171253 0.0626172 0.02546 0.00568183 0.000852353 5.43597e-05 9.4706e-07 3.48916e-09 2.3496e-12 2.60057e-16 4.35444e-21 1.04121e-26 3.42192e-33
 1.72765e-41 2.39787e-33 4.02292e-26 8.15839e-20 1.99993e-14 5.92617e-10 2.12266e-06 0.000919038 0.0480989 0.304385 0.242466 0.13791 0.17401 0.0621193 0.0242108 0.00520525 0.000638384 3.38532e-05 5.31548e-07 1.70806e-09 9.34221e-13 7.93016e-17 9.8693e-22 1.72702e-27 4.11314e-34
 1.81592e-41 2.52037e-33 4.22845e-26 8.57521e-20 2.10211e-14 6.22894e-10 2.23111e-06 0.000965992 0.0505563 0.31995 0.255051 0.135443 0.154722 0.0569138 0.0215636 0.00433521 0.000475915 2.01855e-05 2.48485e-07 6.55646e-10 2.94832e-13 1.99564e-17 1.91125e-22 2.50139e-28 4.37282e-35
 1.78021e-41 2.47081e-33 4.1453e-26 8.40658e-20 2.06078e-14 6.10645e-10 2.18723e-06 0.000946996 0.0495623 0.313705 0.252808 0.149146 0.158098 0.0534248 0.0183841 0.00356028 0.000349805 1.23595e-05 1.16894e-07 2.31124e-10 7.95988e-14 4.19522e-18 3.12232e-23 3.1346e-29 4.13512e-36
 1.79772e-41 2.49512e-33 4.18607e-26 8.48927e-20 2.08104e-14 6.16652e-10 2.20875e-06 0.000956311 0.0500498 0.316832 0.257004 0.153327 0.150055 0.0520977 0.0166194 0.0028055 0.000243564 7.25581e-06 5.39765e-08 7.96955e-11 2.00159e-14 7.71894e-19 4.25976e-24 3.20348e-30 3.17657e-37
 1.79653e-41 2.49347e-33 4.18331e-26 8.48367e-20 2.07967e-14 6.16245e-10 2.20729e-06 0.00095568 0.050017 0.316684 0.259416 0.161057 0.145569 0.0491388 0.0146963 0.00229234 0.000166675 4.05717e-06 2.3937e-08 2.68671e-11 4.96587e-15 1.38233e-19 5.46749e-25 2.95296e-31 2.11672e-38
 1.81623e-41 2.5208e-33 4.22917e-26 8.57667e-20 2.10247e-14 6.23e-10 2.23149e-06 0.000966157 0.0505655 0.320222 0.264442 0.164895 0.137739 0.0463813 0.0128489 0.00182203 0.000114033 2.21694e-06 1.00835e-08 8.5924e-12 1.18298e-15 2.40842e-20 6.87169e-26 2.65333e-32 1.35335e-39
 1.76328e-41 2.44731e-33 4.10587e-26 8.32662e-20 2.04117e-14 6.04837e-10 2.16643e-06 0.000937989 0.0490916 0.311016 0.261742 0.179077 0.139743 0.0452722 0.0115518 0.00148522 7.91595e-05 1.24079e-06 4.31949e-09 2.73987e-12 2.78139e-16 4.15029e-21 8.61662e-27 2.40282e-33 8.79296e-41
 1.67037e-41 2.31836e-33 3.88954e-26 7.8879e-20 1.93363e-14 5.72969e-10 2.05228e-06 0.000888568 0.0465056 0.294819 0.254759 0.195162 0.145678 0.049131 0.0116603 0.00133219 6.00737e-05 7.55319e-07 2.02113e-09 9.55507e-13 7.09148e-17 7.66793e-22 1.15004e-27 2.31317e-34 6.09424e-42
 1.67042e-41 2.31844e-33 3.88966e-26 7.88815e-20 1.93369e-14 5.72987e-10 2.05235e-06 0.000888596 0.0465077 0.294978 0.25828 0.197122 0.139964 0.0495985 0.0114176 0.00119488 4.50805e-05 4.50818e-07 9.24986e-10 3.26702e-13 1.77982e-17 1.39562e-22 1.50609e-28 2.17033e-35 4.08896e-43
 1.7095e-41 2.37267e-33 3.98064e-26 8.07266e-20 1.97892e-14 5.8639e-10 2.10035e-06 0.000909381 0.0475954 0.301834 0.262417 0.191899 0.136035 0.0472486 0.0108912 0.00112839 3.91772e-05 3.38829e-07 5.82319e-10 1.69633e-13 7.54518e-18 4.79522e-23 4.17151e-29 4.82609e-36 7.27751e-44
#spawning biomass
 8278.12 6607.44 8028.88 9944.9 13570.4 16166.9 16389.2 21323.3 32128.1 48087.8 62806 78553 102592 121313 126533 104781 98477.3 96273.3 93668.8 98437.4 101669 106700 108770 108668 118045 117170 119071 113216 116672 304370 422879 433996 398724 343818 286348 235151 193452 161359 137591 120461 108359 99930.7 94110.9 90100 87363.9 85549.6 84346.5 83548.7 83019.6 82668.8 82436.2 82281.9 82179.6 82111.8 82066.8 82037 82017.2 82004.1 81995.4 81989.6 81985.8 81983.2 81981.6 81980.4 81979.7 81979.2 81978.9 81978.7 81978.5 81978.4 81978.4 81978.3 81978.3 81978.3 81978.3 81978.3 81978.3 81978.2 81978.2 81978.2 81978.2 81978.2 81978.2 81978.2 81978.2 81978.2 81978.2 81978.2 81978.2 81978.2 81978.2 81978.2 81978.2 81978.2 81978.2 81978.2 81978.2 81978.2 81978.2 81978.2 81978.2 81978.2 81978.2 81978.2 81978.2 81978.2 81978.2 81978.2 81978.2 81978.2 81978.2 81978.2 81978.2 81978.2 81978.2 81978.2 81978.2 81978.2 81978.2 81978.2 81978.2 81978.2 81978.2 81978.2 81978.2 81978.2 81978.2 81978.2 81978.2 0 0 0 0 0 0 0 0 0 0 0 0 0 0 0 0 0 0 0 0 0 0 0 0 0
