SBPRF35
0.102908
Curr Bio
126812
B35
130168
F35
1.2022
FOFL
1.11537
OFL
56179.8
Bzero
29402.3
#pred survey bio
 7030.2 9965.5 13006 15191.1 23919.3 36149.4 37206.7 41784.1 54613.1 69847.4 84962 115560 152924 170124 170050 138569 131344 134295 130085 129297 128839 141087 147221 158191 163515 164942 167433 138091 4.64792e+06 2.11538e+06 953454 512275 366776 312200 288252 276664 270818 267832 266304 265525 265129 264929 264827 264776 264750 264737 264731 264728 264726 264726 264725 264725 264725 264725 264725 264725 264725 264725 264725 264725 264725 264725 264725 264725 264725 264725 264725 264725 264725 264725 264725 264725 264725 264725 264725 264725 264725 264725 264725 264725 264725 264725 264725 264725 264725 264725 264725 264725 264725 264725 264725 264725 264725 264725 264725 264725 264725 264725 264725 264725 264725 264725 264725 264725 264725 264725 264725 264725 264725 264725 264725 264725 264725 264725 264725 264725 264725 264725 264725 264725 264725 264725 264725 264725 264725 264725 264725 264725 0 0 0 0 0 0 0 0 0 0 0 0 0 0 0 0 0 0 0 0 0 0 0 0 0
#obs survey bio
 5551.69 9216.9 18739.8 10464 20733.9 25748.5 33171 35931.1 49962.3 65211.4 113222 113257 138603 160828 96912.6 91958.8 83148.8 134245 113987 123442 114210 145520 97345.3 203411 156852 129535 151493 106570
#pred catch bio
 2305.97 4257.71 5870.02 7397.98 9428.26 18280.1 21082.7 21694 28207 38604.4 42545.5 57277.7 87388.1 97375.8 109950 86520.7 78578.4 82073.1 80683.2 83334.8 79609.5 89391.2 94151.3 105485 110358 108896 120331 95604.1 56179.8 48450 17297.9 7729.18 5632.62 5224.99 5151.22 5138.51 5136.4 5136.06 5136 5135.99 5135.99 5135.99 5135.99 5135.99 5135.99 5135.99 5135.99 5135.99 5135.99 5135.99 5135.99 5135.99 5135.99 5135.99 5135.99 5135.99 5135.99 5135.99 5135.99 5135.99 5135.99 5135.99 5135.99 5135.99 5135.99 5135.99 5135.99 5135.99 5135.99 5135.99 5135.99 5135.99 5135.99 5135.99 5135.99 5135.99 5135.99 5135.99 5135.99 5135.99 5135.99 5135.99 5135.99 5135.99 5135.99 5135.99 5135.99 5135.99 5135.99 5135.99 5135.99 5135.99 5135.99 5135.99 5135.99 5135.99 5135.99 5135.99 5135.99 5135.99 5135.99 5135.99 5135.99 5135.99 5135.99 5135.99 5135.99 5135.99 5135.99 5135.99 5135.99 5135.99 5135.99 5135.99 5135.99 5135.99 5135.99 5135.99 5135.99 5135.99 5135.99 5135.99 5135.99 5135.99 5135.99 5135.99 5135.99 5135.99 0 0 0 0 0 0 0 0 0 0 0 0 0 0 0 0 0 0 0 0 0 0 0 0 0
#obs catch bio
 4409.56 4288.69 5729.48 7400.81 9347.15 18357.1 21363.6 21612.2 28164.5 38572.7 41783.9 55718.6 85981.9 97277.9 112471 87694.6 78642.9 81399.2 79878.7 82884 78347.3 86825.5 92694.4 102634 108878 105916 119518 95287
#pred cpue bio
 5685.8 7548.69 9891.66 11756.9 16891.6 27457 28915.2 30407.3 40164.4 51579.3 62176 84915.4 113254 125624 128933 104069 96975.1 99619.6 96799.6 94973.9 93485 102340 106902 113692 116812 118026 120743 99704.6 3.31038e+06 2.01671e+06 906747 463878 318148 263553 239603 228015 222169 219183 217655 216876 216480 216279 216178 216126 216101 216088 216082 216079 216077 216076 216076 216076 216076 216076 216076 216076 216076 216076 216076 216076 216076 216076 216076 216076 216076 216076 216076 216076 216076 216076 216076 216076 216076 216076 216076 216076 216076 216076 216076 216076 216076 216076 216076 216076 216076 216076 216076 216076 216076 216076 216076 216076 216076 216076 216076 216076 216076 216076 216076 216076 216076 216076 216076 216076 216076 216076 216076 216076 216076 216076 216076 216076 216076 216076 216076 216076 216076 216076 216076 216076 216076 216076 216076 216076 216076 216076 216076 216076 0 0 0 0 0 0 0 0 0 0 0 0 0 0 0 0 0 0 0 0 0 0 0 0 0
#obs cpue bio
 4995.29 8205.99 13521.5 13012 23250.2 25784.1 35414.1 35938.3 44945.6 58497.9 75433.9 141802 139568 110456 142931 137968 157990 126094 129333 109178 143218 177429 176461 155027 135041 249150 134978 138321
#pred surv len freq
 2.56986e-27 2.60633e-27 4.88431e-26 9.76384e-20 2.39349e-14 7.09233e-10 2.54036e-06 0.00109988 0.0575636 0.364163 0.278653 0.036767 0.0840854 0.0775819 0.0198448 0.0260046 0.0121249 0.0106281 0.00712028 0.00579286 0.0047756 0.00427287 0.0043861 0.00393068 0.00120343
 2.57104e-27 2.60928e-27 5.11311e-26 1.02464e-19 2.51178e-14 7.44284e-10 2.6659e-06 0.00115423 0.0604084 0.38216 0.292429 0.0389195 0.0907889 0.0835097 0.0164307 0.0165393 0.00637845 0.00395896 0.00217397 0.00149211 0.00106882 0.000847607 0.000786312 0.000711612 0.000239359
 2.57045e-27 2.60762e-27 4.9586e-26 9.92041e-20 2.43187e-14 7.20607e-10 2.58109e-06 0.00111751 0.0584867 0.370002 0.283163 0.0400111 0.105607 0.0971326 0.017967 0.0165614 0.00557741 0.00228581 0.000919961 0.00045217 0.000253684 0.000167729 0.000134403 0.000116383 4.07198e-05
 2.56973e-27 2.60571e-27 4.79242e-26 9.56985e-20 2.34593e-14 6.95142e-10 2.48988e-06 0.00107802 0.0564199 0.356928 0.273184 0.0402777 0.114647 0.105545 0.0207295 0.0207413 0.00679796 0.00244594 0.000775067 0.000243736 8.78324e-05 4.19152e-05 2.66928e-05 2.07151e-05 7.23964e-06
 2.57291e-27 2.61432e-27 5.55251e-26 1.11733e-19 2.739e-14 8.11615e-10 2.90707e-06 0.00125865 0.0658732 0.416731 0.318815 0.0381541 0.0664265 0.0610171 0.0123088 0.0127396 0.0042807 0.00169836 0.000515228 0.000133438 3.01086e-05 8.17434e-06 3.41653e-06 2.14231e-06 7.17041e-07
 2.5703e-27 2.60716e-27 4.91047e-26 9.81884e-20 2.40697e-14 7.13228e-10 2.55466e-06 0.00110607 0.0578878 0.366214 0.280283 0.0407855 0.113524 0.104308 0.0168953 0.0123036 0.00417695 0.00176211 0.000560662 0.000154211 2.99134e-05 4.95291e-06 1.00573e-06 4.06227e-07 1.21984e-07
 2.5695e-27 2.60508e-27 4.73481e-26 9.4483e-20 2.31614e-14 6.86313e-10 2.45826e-06 0.00106433 0.0557033 0.352394 0.269727 0.0405639 0.119254 0.109789 0.0213691 0.0211071 0.00653418 0.00174998 0.000544359 0.000159195 3.29539e-05 4.88221e-06 5.35077e-07 9.22158e-08 2.11606e-08
 2.57195e-27 2.6117e-27 5.32005e-26 1.06829e-19 2.61879e-14 7.75993e-10 2.77948e-06 0.00120341 0.062982 0.398441 0.304862 0.0389448 0.0822474 0.0755959 0.014518 0.0141079 0.00469483 0.00178886 0.000487698 9.90707e-05 2.06774e-05 3.2598e-06 3.09102e-07 2.21685e-08 2.55849e-09
 2.57148e-27 2.61035e-27 5.19375e-26 1.04165e-19 2.55347e-14 7.56639e-10 2.71015e-06 0.00117339 0.0614112 0.388504 0.297288 0.0398722 0.0946254 0.0868926 0.0142407 0.010623 0.00350689 0.00132507 0.000410335 0.000105445 1.66402e-05 2.25064e-06 2.21774e-07 1.17114e-08 4.92368e-10
 2.57136e-27 2.61005e-27 5.16916e-26 1.03646e-19 2.54075e-14 7.5287e-10 2.69665e-06 0.00116755 0.0611053 0.386569 0.295809 0.0397809 0.0949704 0.0872598 0.0151979 0.0127007 0.00393696 0.00107638 0.000319679 8.50945e-05 1.65621e-05 2.07215e-06 1.64669e-07 8.37475e-09 2.03861e-10
 2.57165e-27 2.61084e-27 5.23842e-26 1.05107e-19 2.57657e-14 7.63483e-10 2.73467e-06 0.00118401 0.0619666 0.392018 0.299968 0.0396418 0.0909897 0.0835678 0.0142053 0.0113708 0.00360238 0.00111102 0.000298182 6.06076e-05 1.16048e-05 1.67611e-06 1.33902e-07 5.61104e-09 1.17532e-10
 2.57153e-27 2.61051e-27 5.20916e-26 1.0449e-19 2.56144e-14 7.59e-10 2.71861e-06 0.00117706 0.0616028 0.389716 0.298211 0.0396743 0.0924714 0.0849488 0.0146977 0.0121451 0.00382138 0.00113527 0.00031579 6.84464e-05 1.06114e-05 1.34933e-06 1.19162e-07 5.06248e-09 8.98499e-11
 2.57127e-27 2.60981e-27 5.1485e-26 1.0321e-19 2.53007e-14 7.49704e-10 2.68531e-06 0.00116264 0.0608483 0.384943 0.294568 0.0398067 0.0960385 0.0882504 0.0154608 0.0130572 0.00414048 0.00127911 0.00035288 7.50858e-05 1.22975e-05 1.4042e-06 1.05026e-07 4.71265e-09 8.39156e-11
 2.57134e-27 2.60999e-27 5.16243e-26 1.03504e-19 2.53727e-14 7.51839e-10 2.69296e-06 0.00116595 0.0610216 0.386039 0.295407 0.0399065 0.0962087 0.0883745 0.0148849 0.0117114 0.0037144 0.00115643 0.000323461 7.07352e-05 1.14244e-05 1.33131e-06 9.30602e-08 3.5975e-09 6.51355e-11
 2.57037e-27 2.60734e-27 4.92713e-26 9.854e-20 2.41559e-14 7.15782e-10 2.56381e-06 0.00111003 0.0580951 0.367526 0.281282 0.0406563 0.111838 0.102789 0.0172844 0.0135525 0.00423106 0.00120935 0.000335589 7.41534e-05 1.22672e-05 1.43732e-06 1.00807e-07 3.66234e-09 5.86723e-11
 2.57073e-27 2.60833e-27 5.01534e-26 1.00401e-19 2.4612e-14 7.29299e-10 2.61223e-06 0.00113099 0.0591921 0.374466 0.286577 0.0403578 0.105847 0.0972692 0.0164762 0.0130973 0.00407235 0.00113348 0.000304491 6.26031e-05 1.03254e-05 1.23384e-06 8.77554e-08 3.17843e-09 4.78483e-11
 2.57134e-27 2.60998e-27 5.16144e-26 1.03483e-19 2.53676e-14 7.51687e-10 2.69242e-06 0.00116571 0.0610092 0.385961 0.295348 0.0399244 0.0963867 0.0885382 0.0149069 0.0117163 0.00365671 0.00104115 0.000278288 5.5463e-05 8.60765e-06 9.9232e-07 7.16023e-08 2.63364e-09 3.93748e-11
 2.57116e-27 2.60948e-27 5.11581e-26 1.0252e-19 2.51316e-14 7.44695e-10 2.66737e-06 0.00115487 0.0604417 0.382371 0.29261 0.0401473 0.100006 0.0918581 0.0151309 0.011391 0.00354841 0.00100407 0.000270138 5.4763e-05 8.34054e-06 9.11033e-07 6.25898e-08 2.31345e-09 3.50685e-11
 2.57105e-27 2.60918e-27 5.08933e-26 1.01962e-19 2.49947e-14 7.40636e-10 2.65283e-06 0.00114858 0.0601123 0.380287 0.29102 0.0402185 0.101666 0.093393 0.015464 0.0117624 0.00363178 0.000973482 0.000259464 5.24269e-05 8.08693e-06 8.79076e-07 5.74788e-08 2.02052e-09 3.05252e-11
 2.5715e-27 2.61041e-27 5.19871e-26 1.04269e-19 2.55603e-14 7.57399e-10 2.71287e-06 0.00117457 0.0614728 0.388894 0.297586 0.0398733 0.0944248 0.0867152 0.0143565 0.0109176 0.00337614 0.000912836 0.000239559 4.61986e-05 7.05403e-06 7.7121e-07 5.03663e-08 1.69464e-09 2.44135e-11
 2.57187e-27 2.6114e-27 5.284e-26 1.06068e-19 2.60014e-14 7.70468e-10 2.75969e-06 0.00119484 0.0625335 0.395604 0.302709 0.0397765 0.0900892 0.0826775 0.0129733 0.00877789 0.0027043 0.000724409 0.000190344 3.67668e-05 5.42584e-06 5.76027e-07 3.76269e-08 1.26195e-09 1.74938e-11
 2.57188e-27 2.61141e-27 5.2852e-26 1.06094e-19 2.60076e-14 7.7065e-10 2.76034e-06 0.00119512 0.0625484 0.395698 0.30278 0.0397804 0.0900687 0.0826592 0.0129817 0.00879823 0.00266013 0.000629039 0.000161814 3.10401e-05 4.58609e-06 4.77006e-07 3.0083e-08 1.00198e-09 1.38029e-11
 2.57183e-27 2.61129e-27 5.27364e-26 1.0585e-19 2.59478e-14 7.6888e-10 2.754e-06 0.00119238 0.0624047 0.394789 0.302087 0.039859 0.0911538 0.0836503 0.0129721 0.00852686 0.0025754 0.00060617 0.000150436 2.5901e-05 3.73759e-06 3.87266e-07 2.40417e-08 7.75018e-10 1.0543e-11
 2.57216e-27 2.61218e-27 5.35348e-26 1.07534e-19 2.63607e-14 7.81115e-10 2.79782e-06 0.00121135 0.0633977 0.401071 0.30688 0.0395979 0.0857996 0.0787151 0.0122007 0.00800903 0.00240714 0.000546748 0.000134754 2.28628e-05 3.05215e-06 2.94635e-07 1.80651e-08 5.73423e-10 7.5785e-12
 2.57232e-27 2.61261e-27 5.38957e-26 1.08295e-19 2.65473e-14 7.86644e-10 2.81763e-06 0.00121992 0.0638465 0.40391 0.309048 0.0396024 0.0843104 0.0773142 0.0114693 0.00669341 0.00200334 0.00044947 0.000109516 1.79974e-05 2.36918e-06 2.16424e-07 1.21957e-08 3.76418e-10 4.89256e-12
 2.57226e-27 2.61243e-27 5.37326e-26 1.07951e-19 2.6463e-14 7.84145e-10 2.80868e-06 0.00121605 0.0636436 0.402627 0.30807 0.0397016 0.0857524 0.0786343 0.011513 0.00645856 0.00190076 0.000374912 8.89376e-05 1.44123e-05 1.85297e-06 1.64749e-07 8.84908e-09 2.51854e-10 3.14459e-12
 2.57202e-27 2.61179e-27 5.31664e-26 1.06757e-19 2.61701e-14 7.75468e-10 2.7776e-06 0.00120259 0.0629394 0.398171 0.30467 0.0398512 0.0892793 0.0818945 0.0121906 0.00718244 0.00210795 0.000400974 9.16183e-05 1.32537e-05 1.65012e-06 1.43504e-07 7.46823e-09 2.02433e-10 2.34552e-12
 2.57196e-27 2.61161e-27 5.29986e-26 1.06403e-19 2.60833e-14 7.72896e-10 2.76838e-06 0.0011986 0.0627306 0.396851 0.303664 0.0400046 0.0911535 0.083599 0.0120393 0.00640882 0.00188223 0.000368212 8.39322e-05 1.16453e-05 1.33895e-06 1.07121e-07 5.41282e-09 1.41939e-10 1.56448e-12
#obs surv len freq
 1.7725e-41 2.46012e-33 4.12736e-26 8.3702e-20 2.05186e-14 6.08002e-10 2.17776e-06 0.000942897 0.0493475 0.312186 0.239117 0.0440497 0.151564 0.128356 0.0357921 0.0273135 0.00821199 0.00255975 0.000496753 5.74295e-05 2.89246e-06 4.63886e-08 1.76782e-10 1.2875e-13 1.54924e-17
 2.17739e-41 3.02207e-33 5.07015e-26 1.02822e-19 2.52055e-14 7.46886e-10 2.67522e-06 0.00115828 0.0606197 0.383498 0.293541 0.0420102 0.0970278 0.0776639 0.0222316 0.0160246 0.00462093 0.00134004 0.000237022 2.39312e-05 9.97439e-07 1.25193e-08 3.57721e-11 1.89983e-14 1.64001e-18
 1.72279e-41 2.39112e-33 4.01159e-26 8.13543e-20 1.99431e-14 5.90949e-10 2.11668e-06 0.000916451 0.0479634 0.303431 0.232626 0.0512428 0.181942 0.135892 0.0266237 0.0141655 0.00394331 0.00106585 0.000170639 1.48633e-05 5.0818e-07 4.97259e-09 1.06461e-11 4.12685e-15 2.55873e-19
 2.08762e-41 2.89748e-33 4.86112e-26 9.85826e-20 2.41664e-14 7.16093e-10 2.56493e-06 0.00111053 0.0581205 0.367687 0.281593 0.0458431 0.113731 0.0815911 0.0282142 0.0179398 0.0033982 0.000666009 9.55522e-05 7.12702e-06 1.97674e-07 1.49797e-09 2.39903e-12 6.79377e-16 3.03106e-20
 2.37043e-41 3.29e-33 5.51966e-26 1.11938e-19 2.74402e-14 8.13103e-10 2.9124e-06 0.00126097 0.0659941 0.417498 0.319598 0.0442946 0.0791907 0.0521572 0.0117176 0.00613668 0.00175897 0.000354834 3.30883e-05 1.92386e-06 4.28437e-08 2.49564e-10 2.97736e-13 6.15542e-17 1.97861e-21
 1.32071e-41 1.83306e-33 3.07534e-26 6.23674e-20 1.52886e-14 4.5303e-10 1.62268e-06 0.000702564 0.0367694 0.232617 0.179215 0.0712 0.272109 0.166308 0.0278877 0.0107044 0.00204054 0.000399329 4.31501e-05 1.77841e-06 2.76368e-08 1.20689e-10 1.06714e-13 1.60652e-17 3.71807e-22
 2.21607e-41 3.07576e-33 5.16023e-26 1.04648e-19 2.56533e-14 7.60155e-10 2.72275e-06 0.00117886 0.0616967 0.390312 0.298976 0.0467699 0.088903 0.0564106 0.0350353 0.0179649 0.00242835 0.00029539 2.49621e-05 1.01153e-06 1.1842e-08 3.46333e-11 2.15974e-14 2.34264e-18 3.8942e-23
 1.98604e-41 2.7565e-33 4.62459e-26 9.37858e-20 2.29905e-14 6.8125e-10 2.44013e-06 0.00105649 0.0552925 0.349799 0.26852 0.0610308 0.155291 0.0826944 0.0159296 0.00732135 0.00266455 0.000377561 1.92157e-05 5.34237e-07 5.25682e-09 1.17412e-11 4.95784e-15 3.63402e-19 4.20701e-24
 2.02168e-41 2.80596e-33 4.70759e-26 9.54689e-20 2.34031e-14 6.93476e-10 2.48392e-06 0.00107545 0.0562848 0.356077 0.273408 0.0615518 0.143873 0.0740818 0.0233402 0.00871023 0.00132417 0.000251231 1.95344e-05 3.88457e-07 2.40593e-09 3.98823e-12 1.27284e-15 6.58452e-20 5.15324e-25
 1.98025e-41 2.74846e-33 4.61112e-26 9.35125e-20 2.29235e-14 6.79265e-10 2.43302e-06 0.00105341 0.0551314 0.348782 0.268121 0.0669791 0.154215 0.0737766 0.0221474 0.00810824 0.00150372 0.000168468 1.11083e-05 2.79084e-07 1.45433e-09 1.54111e-12 3.30054e-16 1.2315e-20 6.9794e-26
 2.09381e-41 2.90607e-33 4.87554e-26 9.88749e-20 2.4238e-14 7.18217e-10 2.57254e-06 0.00111382 0.0582929 0.368783 0.283452 0.0659834 0.133833 0.0605881 0.0199836 0.00666915 0.00116073 0.000130976 6.37832e-06 1.19936e-07 6.26384e-10 5.95556e-13 9.07242e-17 2.20834e-21 8.39951e-27
 2.04466e-41 2.83785e-33 4.76108e-26 9.65538e-20 2.3669e-14 7.01357e-10 2.51215e-06 0.00108767 0.0569244 0.360129 0.277269 0.0731433 0.146635 0.0609037 0.0175494 0.00533841 0.000919988 9.32571e-05 4.08372e-06 5.83883e-08 2.18715e-10 1.74002e-13 2.31491e-17 4.48831e-22 1.21532e-27
 2.00396e-41 2.78136e-33 4.6663e-26 9.46317e-20 2.31979e-14 6.87395e-10 2.46214e-06 0.00106602 0.0557913 0.352963 0.27225 0.0793233 0.153189 0.0605496 0.0189821 0.00507494 0.000738152 6.72155e-05 2.57324e-06 3.04663e-08 8.61252e-11 4.83636e-14 4.76111e-18 7.32415e-23 1.60183e-28
 1.87062e-41 2.5963e-33 4.35582e-26 8.83352e-20 2.16543e-14 6.41658e-10 2.29831e-06 0.000995091 0.0520791 0.329485 0.25516 0.0913562 0.1754 0.0664849 0.0224854 0.00569518 0.000795134 5.94601e-05 1.86886e-06 1.81649e-08 4.04437e-11 1.69913e-14 1.19075e-18 1.28689e-23 2.02915e-29
 1.68442e-41 2.33786e-33 3.92224e-26 7.95422e-20 1.94988e-14 5.77786e-10 2.06954e-06 0.000896038 0.0468951 0.296699 0.231302 0.106607 0.201846 0.0767205 0.0304881 0.0074439 0.00102961 6.95575e-05 1.77049e-06 1.32543e-08 2.27964e-11 7.29377e-15 3.79743e-19 2.96823e-24 3.30909e-30
 1.90996e-41 2.6509e-33 4.44743e-26 9.01929e-20 2.21097e-14 6.55152e-10 2.34665e-06 0.00101602 0.0531743 0.336423 0.261323 0.0954718 0.154814 0.0612383 0.0283424 0.00710155 0.00102672 6.48421e-05 1.42527e-06 8.37127e-09 1.07043e-11 2.52892e-15 9.73681e-20 5.59603e-25 4.53962e-31
 1.86042e-41 2.58214e-33 4.33208e-26 8.78538e-20 2.15363e-14 6.3816e-10 2.28579e-06 0.000989667 0.0517953 0.327712 0.255984 0.109609 0.169329 0.0572599 0.0209601 0.0054632 0.000842666 5.25593e-05 1.03763e-06 5.02082e-09 4.9335e-12 8.55283e-16 2.37416e-20 9.83022e-26 5.7611e-32
 1.83838e-41 2.55154e-33 4.28075e-26 8.68127e-20 2.12811e-14 6.30598e-10 2.2587e-06 0.000977939 0.0511815 0.323842 0.254085 0.116873 0.168173 0.0579663 0.0217635 0.00449039 0.00060809 3.77765e-05 6.9368e-07 2.8745e-09 2.25815e-12 2.97992e-16 6.08201e-21 1.81211e-26 7.56665e-33
 1.85987e-41 2.58137e-33 4.33079e-26 8.78275e-20 2.15299e-14 6.37969e-10 2.2851e-06 0.000989371 0.0517798 0.327642 0.257977 0.121478 0.16049 0.0547081 0.0203448 0.00409584 0.000468507 2.35973e-05 3.85789e-07 1.39511e-09 9.03592e-13 9.37707e-17 1.45328e-21 3.20602e-27 9.7318e-34
 1.93949e-41 2.69189e-33 4.5162e-26 9.15876e-20 2.24516e-14 6.65283e-10 2.38293e-06 0.00103173 0.0539967 0.34168 0.269391 0.121392 0.144623 0.0476292 0.0166958 0.00320466 0.000339086 1.40845e-05 1.78489e-07 5.22406e-10 2.77375e-13 2.30523e-17 2.77988e-22 4.65811e-28 1.05404e-34
 1.94368e-41 2.6977e-33 4.52595e-26 9.17853e-20 2.25001e-14 6.66718e-10 2.38808e-06 0.00103395 0.0541132 0.342444 0.271567 0.12952 0.142178 0.0431556 0.0134107 0.00234364 0.000222821 7.99805e-06 8.01325e-08 1.75687e-10 7.05642e-14 4.52954e-18 4.23417e-23 5.44984e-29 9.34914e-36
 1.97999e-41 2.74809e-33 4.6105e-26 9.34999e-20 2.29204e-14 6.79174e-10 2.43269e-06 0.00105327 0.0551242 0.348866 0.277681 0.13178 0.132122 0.0399024 0.0115831 0.0017402 0.000140357 4.23368e-06 3.43119e-08 5.76413e-11 1.70287e-14 7.95939e-19 5.46892e-24 5.23577e-30 6.7231e-37
 1.90973e-41 2.65059e-33 4.44691e-26 9.01824e-20 2.21072e-14 6.55076e-10 2.34637e-06 0.0010159 0.0531684 0.336549 0.271254 0.147227 0.138618 0.0399331 0.0106641 0.00146674 9.8507e-05 2.36126e-06 1.50483e-08 1.94999e-11 4.32499e-15 1.47957e-19 7.32208e-25 5.02443e-31 4.63867e-38
 1.95436e-41 2.71252e-33 4.55081e-26 9.22895e-20 2.26237e-14 6.70381e-10 2.4012e-06 0.00103963 0.0544108 0.344449 0.278535 0.145955 0.126085 0.0383645 0.00987492 0.00121346 6.96344e-05 1.3279e-06 6.40449e-09 6.21574e-12 1.02772e-15 2.59724e-20 9.38618e-26 4.65145e-32 3.07471e-39
 1.9403e-41 2.693e-33 4.51807e-26 9.16256e-20 2.24609e-14 6.65558e-10 2.38392e-06 0.00103216 0.0540196 0.342049 0.279631 0.15532 0.123673 0.034923 0.00832199 0.000979411 4.83553e-05 7.40476e-07 2.72246e-09 1.94329e-12 2.33492e-16 4.28523e-21 1.12477e-26 4.04037e-33 1.9289e-40
 1.86641e-41 2.59046e-33 4.34603e-26 8.81367e-20 2.16057e-14 6.40216e-10 2.29315e-06 0.000992855 0.051963 0.329154 0.274114 0.170323 0.128105 0.0365248 0.00795709 0.000828061 3.59764e-05 4.53605e-07 1.2844e-09 6.80611e-13 5.93392e-17 7.80648e-22 1.46333e-27 3.75633e-34 1.28359e-41
 1.79177e-41 2.48686e-33 4.17223e-26 8.46119e-20 2.07416e-14 6.14612e-10 2.20144e-06 0.000953148 0.0498854 0.316158 0.269044 0.184272 0.131702 0.0390702 0.00812075 0.000762964 2.77844e-05 2.86251e-07 6.38162e-10 2.55038e-13 1.63043e-17 1.5481e-22 2.07438e-28 3.78473e-35 9.16796e-43
 1.82462e-41 2.53245e-33 4.24871e-26 8.6163e-20 2.11218e-14 6.25879e-10 2.2418e-06 0.000970621 0.0508004 0.322065 0.27595 0.182186 0.122087 0.0376646 0.00758547 0.000667886 2.07828e-05 1.71087e-07 2.95509e-10 8.98617e-14 4.28227e-18 2.97433e-23 2.87684e-29 3.75719e-36 6.48031e-44
#pred catch len freq
 2.56749e-27 2.60001e-27 4.33923e-26 8.61401e-20 2.11162e-14 6.25711e-10 2.24119e-06 0.000970351 0.0507847 0.321278 0.245912 0.0371358 0.109895 0.10152 0.0261894 0.0345374 0.0160815 0.014068 0.0094182 0.00765949 0.00631368 0.00564886 0.00579854 0.00519646 0.00159097
 2.56929e-27 2.60455e-27 4.69724e-26 9.3691e-20 2.29672e-14 6.8056e-10 2.43765e-06 0.00105541 0.0552363 0.34944 0.26746 0.0398802 0.115643 0.106474 0.0210078 0.0212218 0.00817483 0.00505988 0.00277642 0.00190475 0.00136421 0.00108183 0.00100359 0.000908248 0.000305499
 2.56868e-27 2.60284e-27 4.53725e-26 9.03155e-20 2.21398e-14 6.56041e-10 2.34983e-06 0.00101739 0.0532463 0.336851 0.257868 0.0411741 0.13223 0.121713 0.0225561 0.0208488 0.00701583 0.00286628 0.00115271 0.000566242 0.000317634 0.000210002 0.000168275 0.000145715 5.09822e-05
 2.56799e-27 2.60099e-27 4.37633e-26 8.69207e-20 2.13076e-14 6.31381e-10 2.2615e-06 0.000979144 0.0512449 0.324189 0.248203 0.0413861 0.140633 0.129551 0.0254696 0.0255157 0.00835665 0.00299681 0.00094897 0.000298222 0.000107446 5.12724e-05 3.26514e-05 2.53394e-05 8.85575e-06
 2.57148e-27 2.61046e-27 5.2131e-26 1.04573e-19 2.56348e-14 7.59606e-10 2.72078e-06 0.00117799 0.0616519 0.390027 0.298438 0.0390206 0.0873374 0.0803431 0.0162633 0.0169022 0.00567535 0.00224499 0.000680663 0.000176167 3.9742e-05 1.07889e-05 4.50927e-06 2.82749e-06 9.46376e-07
 2.56872e-27 2.60286e-27 4.52911e-26 9.01432e-20 2.20975e-14 6.54789e-10 2.34534e-06 0.00101544 0.0531447 0.336208 0.25739 0.0419896 0.138771 0.127587 0.0206685 0.0150552 0.00510643 0.00214707 0.000682714 0.000187659 3.63947e-05 6.02557e-06 1.22351e-06 4.94191e-07 1.48399e-07
 2.56804e-27 2.60112e-27 4.38529e-26 8.71097e-20 2.13539e-14 6.32754e-10 2.26642e-06 0.000981273 0.0513563 0.324894 0.248743 0.0415342 0.14138 0.130225 0.0253029 0.0249358 0.00771462 0.00205841 0.000639727 0.000186961 3.86947e-05 5.73229e-06 6.28229e-07 1.08269e-07 2.48443e-08
 2.57068e-27 2.60827e-27 5.0174e-26 1.00444e-19 2.46228e-14 7.29616e-10 2.61336e-06 0.00113149 0.0592179 0.374629 0.286692 0.0397763 0.101341 0.0932294 0.0178924 0.0173709 0.00577566 0.00219304 0.000597546 0.000121295 2.53101e-05 3.98986e-06 3.78321e-07 2.71326e-08 3.1314e-09
 2.57012e-27 2.60667e-27 4.86708e-26 9.72731e-20 2.38453e-14 7.06579e-10 2.53085e-06 0.00109576 0.0573482 0.3628 0.277678 0.0409013 0.116235 0.106819 0.0175 0.0130442 0.00430252 0.00162006 0.000501347 0.000128748 2.0314e-05 2.74726e-06 2.70704e-07 1.42952e-08 6.00995e-10
 2.57011e-27 2.60665e-27 4.86782e-26 9.72887e-20 2.38492e-14 7.06693e-10 2.53126e-06 0.00109594 0.0573574 0.362859 0.277719 0.0406999 0.114673 0.105437 0.0183375 0.0152862 0.00473534 0.00128984 0.00038275 0.000101813 1.98124e-05 2.47863e-06 1.96966e-07 1.00172e-08 2.43843e-10
 2.57028e-27 2.6071e-27 4.90714e-26 9.81184e-20 2.40525e-14 7.1272e-10 2.55284e-06 0.00110528 0.0578465 0.365953 0.280082 0.0406619 0.112725 0.103617 0.0176135 0.0140989 0.00446369 0.00137187 0.000367949 7.47333e-05 1.43064e-05 2.06614e-06 1.65058e-07 6.91654e-09 1.44877e-10
 2.57011e-27 2.60666e-27 4.86848e-26 9.73028e-20 2.38526e-14 7.06795e-10 2.53162e-06 0.0010961 0.0573657 0.362911 0.27776 0.0407087 0.114713 0.105468 0.0182512 0.0150861 0.00474378 0.00140443 0.000390382 8.45547e-05 1.31061e-05 1.6664e-06 1.47158e-07 6.25187e-09 1.10959e-10
 2.57007e-27 2.60655e-27 4.85965e-26 9.71166e-20 2.3807e-14 7.05443e-10 2.52678e-06 0.001094 0.0572559 0.362216 0.277229 0.0406832 0.114891 0.105644 0.0184714 0.0155469 0.00492617 0.0015161 0.000417957 8.88679e-05 1.45517e-05 1.66146e-06 1.24263e-07 5.57584e-09 9.92857e-11
 2.57016e-27 2.60677e-27 4.87659e-26 9.74738e-20 2.38945e-14 7.08038e-10 2.53607e-06 0.00109802 0.0574665 0.363549 0.278248 0.0408011 0.115072 0.105771 0.0177815 0.01394 0.00441777 0.00137023 0.000382979 8.36902e-05 1.3514e-05 1.57467e-06 1.10069e-07 4.25499e-09 7.70398e-11
 2.56933e-27 2.60453e-27 4.67774e-26 9.32788e-20 2.28662e-14 6.77566e-10 2.42693e-06 0.00105077 0.0549933 0.347903 0.266311 0.0414507 0.128402 0.118062 0.0197787 0.015397 0.00480291 0.00136719 0.000379074 8.36999e-05 1.38436e-05 1.62188e-06 1.13749e-07 4.13248e-09 6.62041e-11
 2.56965e-27 2.6054e-27 4.75523e-26 9.49135e-20 2.32669e-14 6.8944e-10 2.46946e-06 0.00106918 0.0559571 0.354 0.270962 0.0411785 0.123063 0.113146 0.0191037 0.0150938 0.00468946 0.00130002 0.000348946 7.16893e-05 1.18215e-05 1.41249e-06 1.00459e-07 3.63852e-09 5.47745e-11
 2.57025e-27 2.607e-27 4.89747e-26 9.79142e-20 2.40025e-14 7.11236e-10 2.54753e-06 0.00110298 0.0577261 0.365191 0.279502 0.0407567 0.113853 0.104646 0.0175733 0.0137436 0.00428617 0.0012156 0.000324668 6.46583e-05 1.00326e-05 1.15648e-06 8.34455e-08 3.06923e-09 4.58871e-11
 2.57009e-27 2.60656e-27 4.85673e-26 9.70548e-20 2.37918e-14 7.04994e-10 2.52517e-06 0.0010933 0.0572195 0.361986 0.277058 0.0409792 0.117264 0.10777 0.0177026 0.0132512 0.00412467 0.00116251 0.000312519 6.33074e-05 9.63983e-06 1.05285e-06 7.23313e-08 2.6735e-09 4.05263e-11
 2.56999e-27 2.60631e-27 4.83482e-26 9.65925e-20 2.36785e-14 7.01636e-10 2.51314e-06 0.00108809 0.0569469 0.360262 0.275742 0.0410352 0.118614 0.10902 0.0179968 0.0136054 0.00419766 0.00112066 0.000298445 6.02583e-05 9.29294e-06 1.01008e-06 6.60428e-08 2.32155e-09 3.50729e-11
 2.57059e-27 2.60794e-27 4.9796e-26 9.96469e-20 2.44272e-14 7.23823e-10 2.59261e-06 0.0011225 0.0587477 0.371654 0.284433 0.04058 0.109044 0.100193 0.0165257 0.0124723 0.00385383 0.0010377 0.000272104 5.24347e-05 8.00444e-06 8.75035e-07 5.71454e-08 1.92272e-09 2.76992e-11
 2.57092e-27 2.60881e-27 5.05401e-26 1.01217e-19 2.4812e-14 7.35224e-10 2.63345e-06 0.00114018 0.0596731 0.377508 0.288903 0.0405424 0.105617 0.0969883 0.0151767 0.0102008 0.00314023 0.000837805 0.000219959 4.24554e-05 6.26395e-06 6.6494e-07 4.34337e-08 1.45669e-09 2.01933e-11
 2.57098e-27 2.60897e-27 5.06821e-26 1.01516e-19 2.48854e-14 7.37399e-10 2.64124e-06 0.00114356 0.0598496 0.378625 0.289755 0.040506 0.104742 0.0961818 0.0150579 0.0101291 0.00306031 0.000720715 0.000185228 3.55043e-05 5.24451e-06 5.45437e-07 3.43978e-08 1.14568e-09 1.57825e-11
 2.57095e-27 2.60888e-27 5.05999e-26 1.01343e-19 2.48429e-14 7.3614e-10 2.63673e-06 0.0011416 0.0597474 0.377978 0.289263 0.0405801 0.105652 0.0970102 0.0149962 0.00977963 0.00295159 0.000691865 0.00017155 2.95134e-05 4.25785e-06 4.4113e-07 2.73848e-08 8.82782e-10 1.2009e-11
 2.57142e-27 2.61015e-27 5.17231e-26 1.03712e-19 2.54238e-14 7.53352e-10 2.69838e-06 0.0011683 0.0611444 0.386816 0.296005 0.0402131 0.0981215 0.0900688 0.0139071 0.00904227 0.00271561 0.000614206 0.000151237 2.56394e-05 3.42201e-06 3.30305e-07 2.02516e-08 6.42821e-10 8.49567e-12
 2.57162e-27 2.61069e-27 5.21917e-26 1.04701e-19 2.56661e-14 7.60533e-10 2.7241e-06 0.00117943 0.0617272 0.390503 0.29882 0.0401974 0.0960246 0.0881043 0.0130233 0.00752094 0.00224919 0.00050248 0.000122316 2.0085e-05 2.64336e-06 2.41445e-07 1.36053e-08 4.19921e-10 5.45799e-12
 2.5715e-27 2.61036e-27 5.18927e-26 1.0407e-19 2.55114e-14 7.55949e-10 2.70768e-06 0.00117232 0.0613552 0.38815 0.297026 0.0403482 0.098433 0.0903138 0.0131813 0.00732278 0.00215356 0.000423006 0.000100242 1.62314e-05 2.08634e-06 1.85478e-07 9.96223e-09 2.83533e-10 3.54011e-12
 2.57144e-27 2.61018e-27 5.1737e-26 1.03741e-19 2.5431e-14 7.53565e-10 2.69914e-06 0.00116863 0.0611617 0.386925 0.296091 0.0403551 0.0991417 0.0909779 0.0134828 0.00784233 0.00229982 0.000435555 9.94097e-05 1.43692e-05 1.78853e-06 1.55524e-07 8.09354e-09 2.1938e-10 2.54187e-12
 2.57128e-27 2.60974e-27 5.13314e-26 1.02886e-19 2.52212e-14 7.47349e-10 2.67688e-06 0.00115899 0.0606572 0.383734 0.293658 0.0405992 0.102709 0.0942402 0.0135239 0.00711549 0.00208813 0.000406741 9.26177e-05 1.28402e-05 1.47594e-06 1.18067e-07 5.96573e-09 1.56436e-10 1.72427e-12
#obs catch len freq
 1.75289e-41 2.43289e-33 4.08168e-26 8.27758e-20 2.02915e-14 6.01274e-10 2.15367e-06 0.000932463 0.0488014 0.308732 0.23648 0.0440978 0.153575 0.130119 0.0367958 0.0283513 0.00870799 0.00278018 0.00055444 6.63638e-05 3.48574e-06 5.85051e-08 2.33017e-10 1.76564e-13 2.19972e-17
 1.77556e-41 2.46436e-33 4.13447e-26 8.38463e-20 2.05539e-14 6.09051e-10 2.18152e-06 0.000944523 0.0494326 0.312725 0.239587 0.0459854 0.155245 0.124452 0.0356175 0.0257245 0.00757405 0.00225372 0.000411883 4.29892e-05 1.8606e-06 2.43067e-08 7.2236e-11 3.9785e-14 3.54762e-18
 2.18526e-41 3.033e-33 5.08849e-26 1.03194e-19 2.52967e-14 7.49587e-10 2.6849e-06 0.00116247 0.0608389 0.384885 0.294643 0.0432972 0.0984527 0.0744104 0.0219 0.014851 0.00419363 0.00115447 0.000191181 1.72763e-05 6.12587e-07 6.21067e-09 1.37603e-11 5.50769e-15 3.51646e-19
 1.739e-41 2.41362e-33 4.04935e-26 8.21201e-20 2.01308e-14 5.96512e-10 2.13661e-06 0.000925077 0.0484149 0.306287 0.234899 0.0537668 0.183704 0.12891 0.0255296 0.0129758 0.00353876 0.000902266 0.00013433 1.0381e-05 2.99087e-07 2.34524e-09 3.87239e-12 1.12764e-15 5.16157e-20
 2.10681e-41 2.92412e-33 4.90582e-26 9.9489e-20 2.43886e-14 7.22677e-10 2.58851e-06 0.00112074 0.0586549 0.371068 0.284239 0.0474732 0.113657 0.0767945 0.0274244 0.0160207 0.00291693 0.000549912 7.29645e-05 4.78318e-06 1.10771e-07 6.67769e-10 8.20653e-13 1.74042e-16 5.72224e-21
 2.38695e-41 3.31293e-33 5.55813e-26 1.12718e-19 2.76314e-14 8.1877e-10 2.9327e-06 0.00126976 0.0664541 0.420408 0.32187 0.0453817 0.0781364 0.0481725 0.0110313 0.00544983 0.00152017 0.000278689 2.40953e-05 1.23582e-06 2.27843e-08 1.04856e-10 9.55532e-14 1.4751e-17 3.48808e-22
 1.3558e-41 1.88177e-33 3.15706e-26 6.40244e-20 1.56948e-14 4.65067e-10 1.66579e-06 0.000721231 0.0377464 0.238799 0.184148 0.075621 0.271026 0.154412 0.0260233 0.00940744 0.00174104 0.000320889 3.08509e-05 1.0996e-06 1.42137e-08 4.88512e-11 3.28561e-14 3.68342e-18 6.2604e-23
 2.24525e-41 3.11625e-33 5.22816e-26 1.06026e-19 2.5991e-14 7.70162e-10 2.7586e-06 0.00119438 0.0625089 0.395451 0.302974 0.0481442 0.0867211 0.0523341 0.0332445 0.0152289 0.00195402 0.000224093 1.72851e-05 5.94583e-07 5.66398e-09 1.30412e-11 6.1828e-15 4.98373e-19 6.07425e-24
 2.02246e-41 2.80704e-33 4.70939e-26 9.55055e-20 2.3412e-14 6.93741e-10 2.48487e-06 0.00107586 0.0563064 0.356214 0.273568 0.0634006 0.151024 0.0748033 0.0146191 0.00648005 0.00221816 0.000274959 1.263e-05 3.03661e-07 2.41694e-09 4.19331e-12 1.34268e-15 7.31419e-20 6.20211e-25
 2.06124e-41 2.86087e-33 4.7997e-26 9.73369e-20 2.3861e-14 7.07045e-10 2.53252e-06 0.00109649 0.0573861 0.363045 0.278888 0.0637656 0.138894 0.0669745 0.0214359 0.00723004 0.00107889 0.000189853 1.24655e-05 2.07243e-07 1.04832e-09 1.35139e-12 3.25269e-16 1.24784e-20 7.1558e-26
 2.02367e-41 2.80872e-33 4.7122e-26 9.55625e-20 2.3426e-14 6.94156e-10 2.48635e-06 0.00107651 0.05634 0.356429 0.274159 0.0693856 0.14809 0.0662861 0.0201499 0.00676489 0.00118789 0.000120848 7.13163e-06 1.45606e-07 5.98982e-10 4.92622e-13 7.97606e-17 2.20364e-21 9.13983e-27
 2.13642e-41 2.96521e-33 4.97475e-26 1.00887e-19 2.47312e-14 7.32832e-10 2.62488e-06 0.00113648 0.059479 0.376289 0.289378 0.0679523 0.12728 0.0540716 0.0179438 0.00546778 0.000904388 9.13796e-05 3.86946e-06 6.07137e-08 2.48786e-10 1.8008e-13 2.06036e-17 3.71607e-22 1.03392e-27
 2.09153e-41 2.9029e-33 4.87022e-26 9.87671e-20 2.42116e-14 7.17434e-10 2.56973e-06 0.0011126 0.0582293 0.368386 0.283822 0.0752531 0.138631 0.0538962 0.0155522 0.00434472 0.000704553 6.37253e-05 2.39582e-06 2.80706e-08 8.30148e-11 5.02945e-14 4.98576e-18 7.1285e-23 1.41284e-28
 2.05394e-41 2.85073e-33 4.7827e-26 9.69922e-20 2.37765e-14 7.04541e-10 2.52355e-06 0.00109261 0.0571829 0.36177 0.27928 0.0815442 0.144225 0.0535793 0.0166637 0.00405872 0.000555217 4.49858e-05 1.46443e-06 1.40654e-08 3.10684e-11 1.32669e-14 9.72844e-19 1.09935e-23 1.75282e-29
 1.92666e-41 2.67408e-33 4.48633e-26 9.09819e-20 2.23031e-14 6.60883e-10 2.36717e-06 0.0010249 0.0536394 0.33936 0.263124 0.0940678 0.164931 0.0590514 0.0196319 0.00454012 0.000586967 3.87556e-05 1.03284e-06 8.0842e-09 1.39659e-11 4.43748e-15 2.31095e-19 1.83289e-24 2.10198e-30
 1.74759e-41 2.42555e-33 4.06936e-26 8.25257e-20 2.02302e-14 5.99458e-10 2.14716e-06 0.000929647 0.0486541 0.307833 0.2404 0.110068 0.189946 0.0689039 0.0265344 0.00593051 0.000752122 4.43407e-05 9.45763e-07 5.67955e-09 7.54798e-12 1.81889e-15 7.0165e-20 4.01892e-25 3.25756e-31
 1.96955e-41 2.73361e-33 4.5862e-26 9.30072e-20 2.27996e-14 6.75595e-10 2.41987e-06 0.00104772 0.0548335 0.346927 0.269845 0.0976 0.144005 0.0550366 0.0243137 0.00561444 0.00073386 4.00763e-05 7.28812e-07 3.40156e-09 3.3471e-12 5.94148e-16 1.69103e-20 7.10883e-26 4.18831e-32
 1.92196e-41 2.66755e-33 4.47537e-26 9.07597e-20 2.22487e-14 6.59269e-10 2.36139e-06 0.0010224 0.0535085 0.33856 0.264919 0.11177 0.156702 0.0506896 0.0178663 0.00433077 0.000597171 3.18656e-05 5.1397e-07 1.95713e-09 1.47012e-12 1.90857e-16 3.90975e-21 1.18246e-26 5.02644e-33
 1.90192e-41 2.63974e-33 4.42871e-26 8.98134e-20 2.20167e-14 6.52395e-10 2.33677e-06 0.00101174 0.0529506 0.335046 0.2634 0.118828 0.155092 0.051509 0.0182294 0.00348037 0.000426817 2.2503e-05 3.33511e-07 1.07659e-09 6.42082e-13 6.31808e-17 9.49419e-22 2.06391e-27 6.24651e-34
 1.92384e-41 2.67017e-33 4.47976e-26 9.08486e-20 2.22705e-14 6.59914e-10 2.36371e-06 0.0010234 0.0535609 0.338925 0.267431 0.122956 0.147239 0.0485115 0.0168909 0.00312725 0.000318434 1.36839e-05 1.79807e-07 5.01905e-10 2.45052e-13 1.88735e-17 2.14741e-22 3.45086e-28 7.58676e-35
 2.0016e-41 2.77809e-33 4.66082e-26 9.45206e-20 2.31706e-14 6.86587e-10 2.45924e-06 0.00106477 0.0557258 0.352638 0.278608 0.122068 0.131658 0.0419095 0.0136818 0.00241145 0.000224448 7.84311e-06 7.97613e-08 1.79798e-10 7.15883e-14 4.39495e-18 3.87819e-23 4.72394e-29 7.73249e-36
 2.00572e-41 2.78381e-33 4.67041e-26 9.4715e-20 2.32183e-14 6.88e-10 2.4643e-06 0.00106696 0.0558405 0.353395 0.280899 0.129671 0.128746 0.0376364 0.0108572 0.00173653 0.000144333 4.30886e-06 3.42926e-08 5.77068e-11 1.73503e-14 8.20331e-19 5.59402e-24 5.22112e-30 6.46824e-37
 2.04106e-41 2.83285e-33 4.7527e-26 9.63838e-20 2.36274e-14 7.00122e-10 2.50772e-06 0.00108576 0.0568245 0.359651 0.286939 0.131264 0.119044 0.0346105 0.0092261 0.00126145 8.85169e-05 2.20465e-06 1.4077e-08 1.80354e-11 3.97616e-15 1.36671e-19 6.83799e-25 4.73662e-31 4.38274e-38
 1.97374e-41 2.73943e-33 4.59596e-26 9.32051e-20 2.28481e-14 6.77032e-10 2.42502e-06 0.00104995 0.0549506 0.347864 0.281166 0.146279 0.124674 0.0344825 0.00842513 0.00104488 6.04121e-05 1.18913e-06 5.93956e-09 5.84101e-12 9.63255e-16 2.41817e-20 8.70418e-26 4.31742e-32 2.86859e-39
 2.01736e-41 2.79997e-33 4.69753e-26 9.52649e-20 2.33531e-14 6.91994e-10 2.47861e-06 0.00107315 0.0561651 0.355594 0.28833 0.14427 0.113015 0.0329738 0.00768834 0.000846439 4.14084e-05 6.42194e-07 2.41593e-09 1.77373e-12 2.17449e-16 4.02392e-21 1.05623e-26 3.7808e-33 1.79797e-40
 2.00361e-41 2.78087e-33 4.66549e-26 9.46152e-20 2.31938e-14 6.87275e-10 2.46171e-06 0.00106583 0.0557824 0.353261 0.289649 0.152917 0.11041 0.0297788 0.00643377 0.000671176 2.79428e-05 3.45068e-07 9.83298e-10 5.29122e-13 4.70428e-17 6.31125e-22 1.20144e-27 3.11383e-34 1.06867e-41
 1.93274e-41 2.68251e-33 4.50047e-26 9.12686e-20 2.23734e-14 6.62966e-10 2.37464e-06 0.00102814 0.0538098 0.34092 0.284857 0.167309 0.114419 0.0309972 0.00607768 0.000558425 2.02826e-05 2.04152e-07 4.45305e-10 1.77223e-13 1.14082e-17 1.09571e-22 1.48813e-28 2.75337e-35 6.75719e-43
 1.86074e-41 2.58259e-33 4.33283e-26 8.78689e-20 2.154e-14 6.38271e-10 2.28618e-06 0.000989838 0.0518061 0.32842 0.280501 0.180699 0.117863 0.0330519 0.00614703 0.00050447 1.52501e-05 1.24582e-07 2.12582e-10 6.35514e-14 2.99307e-18 2.07214e-23 2.01022e-29 2.6423e-36 4.59486e-44
#spawning biomass
 6640.75 9266.22 12156 14298.1 21687.6 33843.1 35099.1 38363 50447 64599.4 78304 106664 141582 157387 159070 129099 121513 124516 120766 119392 118440 129689 135404 144882 149452 150884 153630 126812 121236 94379.1 32969.2 15112.3 11214 10456.2 10319.1 10295.5 10291.6 10290.9 10290.8 10290.8 10290.8 10290.8 10290.8 10290.8 10290.8 10290.8 10290.8 10290.8 10290.8 10290.8 10290.8 10290.8 10290.8 10290.8 10290.8 10290.8 10290.8 10290.8 10290.8 10290.8 10290.8 10290.8 10290.8 10290.8 10290.8 10290.8 10290.8 10290.8 10290.8 10290.8 10290.8 10290.8 10290.8 10290.8 10290.8 10290.8 10290.8 10290.8 10290.8 10290.8 10290.8 10290.8 10290.8 10290.8 10290.8 10290.8 10290.8 10290.8 10290.8 10290.8 10290.8 10290.8 10290.8 10290.8 10290.8 10290.8 10290.8 10290.8 10290.8 10290.8 10290.8 10290.8 10290.8 10290.8 10290.8 10290.8 10290.8 10290.8 10290.8 10290.8 10290.8 10290.8 10290.8 10290.8 10290.8 10290.8 10290.8 10290.8 10290.8 10290.8 10290.8 10290.8 10290.8 10290.8 10290.8 10290.8 10290.8 10290.8 0 0 0 0 0 0 0 0 0 0 0 0 0 0 0 0 0 0 0 0 0 0 0 0 0
