SBPRF35
0.256306
Curr Bio
99125.4
B35
193034
F35
0.459978
FOFL
0.12794
OFL
8570.41
Bzero
73230.3
#pred survey bio
 4812.16 5699.87 8670.48 12002.9 16940.2 21751.2 25930.6 32724.8 42813.8 58274 86082.4 122597 161786 196170 185696 177889 172020 164082 140585 146284 167886 170383 175026 186497 182782 195108 196491 165779 4.4276e+06 2.88327e+06 2.21015e+06 1.61252e+06 1.22626e+06 1.0072e+06 890244 829118 797033 779812 770255 764745 761446 759405 758107 757263 756711 756346 756104 755941 755832 755758 755708 755675 755652 755637 755626 755619 755615 755611 755609 755608 755607 755606 755606 755605 755605 755605 755605 755605 755605 755605 755605 755605 755605 755605 755605 755605 755605 755605 755605 755605 755605 755605 755605 755605 755605 755605 755605 755605 755605 755605 755605 755605 755605 755605 755605 755605 755605 755605 755605 755605 755605 755605 755605 755605 755605 755605 755605 755605 755605 755605 755605 755605 755605 755605 755605 755605 755605 755605 755605 755605 755605 755605 755605 755605 755605 755605 755605 755605 0 0 0 0 0 0 0 0 0 0 0 0 0 0 0 0 0 0 0 0 0 0 0 0 0
#obs survey bio
 4332.41 6870.05 7748.7 15031.6 14955.8 30806.3 24224.6 45281.5 66426.5 55783.1 108932 139834 147416 169032 202966 183982 203746 151089 160904 131296 127653 199171 151299 260038 106918 236094 189647 146673
#pred catch bio
 2534.81 2711.19 4350.33 6104.13 9018.88 11790.3 14248.4 18337.6 22912.9 29321.7 43467.3 64634.3 83314.1 110886 102782 102092 96960.8 99294.3 78217.4 77648.9 95181.8 92842.8 94118.6 104110 95817.1 100515 111516 112537 8570.41 40100.9 29450.5 20317.6 14698.1 11695.4 10213.4 9516.63 9199.07 9057.29 8994.86 8967.62 8955.82 8950.72 8948.53 8947.59 8947.19 8947.01 8946.94 8946.91 8946.9 8946.89 8946.89 8946.89 8946.89 8946.89 8946.89 8946.89 8946.89 8946.89 8946.89 8946.89 8946.89 8946.89 8946.89 8946.89 8946.89 8946.89 8946.89 8946.89 8946.89 8946.89 8946.89 8946.89 8946.89 8946.89 8946.89 8946.89 8946.89 8946.89 8946.89 8946.89 8946.89 8946.89 8946.89 8946.89 8946.89 8946.89 8946.89 8946.89 8946.89 8946.89 8946.89 8946.89 8946.89 8946.89 8946.89 8946.89 8946.89 8946.89 8946.89 8946.89 8946.89 8946.89 8946.89 8946.89 8946.89 8946.89 8946.89 8946.89 8946.89 8946.89 8946.89 8946.89 8946.89 8946.89 8946.89 8946.89 8946.89 8946.89 8946.89 8946.89 8946.89 8946.89 8946.89 8946.89 8946.89 8946.89 8946.89 8946.89 0 0 0 0 0 0 0 0 0 0 0 0 0 0 0 0 0 0 0 0 0 0 0 0 0
#obs catch bio
 2665.16 2627.76 4065.92 5860.08 8471.02 11426.1 14214.4 18053.5 20883.6 28308.4 42048.9 59950.4 83310.5 112284 103607 103360 96168.1 100722 80263.8 78735.3 99822.1 90708.7 91155.2 102777 101157 98669.7 114826 117338
#pred cpue bio
 3828.02 3792.48 5785.36 8110.7 11291.7 14679.3 17764.6 21792.3 27992.4 38573.8 56941.5 81945.8 108670 137147 134383 129011 121449 118340 100239 102798 117081 119904 125370 132310 131143 140160 145604 123683 2.96479e+06 2.7643e+06 2.11097e+06 1.51347e+06 1.12722e+06 908159 791201 730076 697990 680769 671213 665702 662403 660362 659065 658220 657669 657304 657061 656898 656789 656715 656666 656632 656609 656594 656584 656577 656572 656569 656567 656565 656564 656564 656563 656563 656563 656562 656562 656562 656562 656562 656562 656562 656562 656562 656562 656562 656562 656562 656562 656562 656562 656562 656562 656562 656562 656562 656562 656562 656562 656562 656562 656562 656562 656562 656562 656562 656562 656562 656562 656562 656562 656562 656562 656562 656562 656562 656562 656562 656562 656562 656562 656562 656562 656562 656562 656562 656562 656562 656562 656562 656562 656562 656562 656562 656562 656562 656562 656562 0 0 0 0 0 0 0 0 0 0 0 0 0 0 0 0 0 0 0 0 0 0 0 0 0
#obs cpue bio
 4682.7 4343.46 8289.9 7588.92 16611.3 11151.6 17523 18285.1 30709.1 37070.6 54367.2 108591 93760.2 161368 115096 125295 106863 121441 72787.8 108937 124713 129706 162376 101605 140278 157640 119600 129621
#pred surv len freq
 3.83528e-11 1.80393e-09 5.87529e-08 1.32502e-06 2.06921e-05 0.000223756 0.00167547 0.00868773 0.0311996 0.0776485 0.134245 0.162751 0.143329 0.10261 0.0742889 0.0604225 0.0488491 0.0371372 0.0281382 0.0221256 0.0182355 0.0158573 0.0139392 0.011198 0.00741587
 4.65859e-11 2.19118e-09 7.13652e-08 1.60946e-06 2.51341e-05 0.000271789 0.00203512 0.0105524 0.0378927 0.0942734 0.162763 0.196264 0.169383 0.113674 0.0719066 0.0502082 0.0350126 0.0216665 0.0124584 0.00745895 0.00489509 0.00350345 0.00263932 0.00191621 0.0011991
 4.53646e-11 2.13373e-09 6.94943e-08 1.56727e-06 2.44752e-05 0.000264664 0.00198178 0.0102759 0.0369017 0.0918261 0.158662 0.191905 0.167516 0.11652 0.0791071 0.0585517 0.0408405 0.0236507 0.0116261 0.00535579 0.00249553 0.00122811 0.000665907 0.000386484 0.000212738
 4.4644e-11 2.09984e-09 6.83904e-08 1.54237e-06 2.40864e-05 0.00026046 0.0019503 0.0101127 0.0363163 0.0903748 0.156192 0.189094 0.165639 0.116472 0.0807813 0.0610849 0.0433324 0.0256106 0.0128766 0.00589067 0.0024933 0.000962063 0.000349861 0.000130042 5.09076e-05
 4.53931e-11 2.13507e-09 6.9538e-08 1.56825e-06 2.44905e-05 0.00026483 0.00198302 0.0102824 0.0369247 0.0918819 0.158748 0.191962 0.167416 0.116148 0.0785443 0.0581701 0.0410373 0.0244046 0.0124685 0.00583307 0.00251275 0.000958512 0.000317444 9.22815e-05 2.43359e-05
 4.46534e-11 2.10028e-09 6.84048e-08 1.5427e-06 2.40914e-05 0.000260515 0.00195071 0.0101149 0.0363241 0.0903949 0.156232 0.189167 0.165781 0.116729 0.081124 0.0613416 0.0433119 0.0253216 0.0125304 0.00566711 0.00239845 0.000915264 0.000304099 8.6289e-05 2.06018e-05
 4.38657e-11 2.06324e-09 6.71982e-08 1.51549e-06 2.36665e-05 0.00025592 0.00191631 0.00993653 0.0356842 0.0888088 0.153533 0.186101 0.163746 0.116704 0.0829529 0.0639839 0.0457015 0.0269929 0.0135192 0.00615891 0.00258882 0.000968279 0.000314197 8.74863e-05 2.05258e-05
 4.54222e-11 2.13644e-09 6.95825e-08 1.56926e-06 2.45062e-05 0.000265 0.00198429 0.010289 0.0369484 0.0919408 0.15885 0.192085 0.167525 0.116223 0.0785856 0.0581685 0.0409749 0.0242876 0.0123371 0.005729 0.00244992 0.000926756 0.000301651 8.34254e-05 1.92819e-05
 4.62171e-11 2.17383e-09 7.08003e-08 1.59672e-06 2.49351e-05 0.000269638 0.00201902 0.010469 0.0375944 0.0935433 0.161585 0.195235 0.169756 0.116641 0.0773121 0.0559917 0.0386617 0.0222602 0.0108035 0.00477416 0.00198142 0.000745896 0.000245115 6.86387e-05 1.59946e-05
 4.55816e-11 2.14394e-09 6.98267e-08 1.57477e-06 2.45922e-05 0.00026593 0.00199126 0.0103251 0.0370782 0.0922644 0.159414 0.192791 0.168213 0.116838 0.0791023 0.0583911 0.0406397 0.0234171 0.0113066 0.004923 0.00198777 0.000720935 0.000228175 6.22228e-05 1.43455e-05
 4.57086e-11 2.14992e-09 7.00214e-08 1.57916e-06 2.46608e-05 0.000266671 0.00199681 0.0103538 0.0371812 0.0925182 0.159836 0.19322 0.16833 0.116379 0.0781414 0.0574187 0.0401988 0.023615 0.0118036 0.00534986 0.0022191 0.000809688 0.000253182 6.73395e-05 1.50545e-05
 4.51738e-11 2.12476e-09 6.92021e-08 1.56068e-06 2.43722e-05 0.000263551 0.00197345 0.0102327 0.0367468 0.091442 0.158008 0.191162 0.167025 0.116527 0.0796098 0.059368 0.0417647 0.0245015 0.0122127 0.0055504 0.00233615 0.000874635 0.000281532 7.64935e-05 1.7213e-05
 4.49211e-11 2.11287e-09 6.8815e-08 1.55195e-06 2.42359e-05 0.000262077 0.00196241 0.0101755 0.0365415 0.0909333 0.157144 0.190185 0.166393 0.116566 0.0802624 0.0602661 0.0425277 0.0249794 0.0124572 0.00565952 0.0023801 0.00089208 0.000289095 7.96905e-05 1.82938e-05
 4.27385e-11 2.01021e-09 6.54714e-08 1.47654e-06 2.30583e-05 0.000249343 0.00186707 0.00968126 0.0347685 0.0865391 0.149673 0.181725 0.160873 0.116751 0.0856769 0.0678195 0.0490485 0.0292142 0.0147896 0.00682641 0.00290322 0.00109408 0.000355366 9.81686e-05 2.26385e-05
 4.06789e-11 1.91334e-09 6.23162e-08 1.40539e-06 2.19471e-05 0.000237327 0.0017771 0.00921488 0.0330952 0.0823916 0.142617 0.173708 0.155554 0.116687 0.0904362 0.0746439 0.0551324 0.0334069 0.0173109 0.00820992 0.00357479 0.0013721 0.000452222 0.000126289 2.93301e-05
 4.07733e-11 1.91778e-09 6.24609e-08 1.40865e-06 2.19981e-05 0.000237878 0.00178122 0.00923622 0.0331714 0.0825766 0.142905 0.173911 0.155266 0.115515 0.0885129 0.0728823 0.0545851 0.0342546 0.0187924 0.00948795 0.0043401 0.00172678 0.000585906 0.000167649 3.96924e-05
 4.24195e-11 1.99521e-09 6.49827e-08 1.46552e-06 2.28862e-05 0.000247482 0.00185313 0.009609 0.0345089 0.0858922 0.148549 0.180334 0.159565 0.115669 0.084833 0.0674644 0.0495705 0.030619 0.0165576 0.00835651 0.00391631 0.00162969 0.000582888 0.000175028 4.3067e-05
 4.09651e-11 1.9268e-09 6.27548e-08 1.41528e-06 2.21016e-05 0.000238997 0.0017896 0.00927969 0.0333277 0.082967 0.14359 0.174789 0.156186 0.116453 0.0894012 0.0733155 0.0540697 0.0328518 0.0171969 0.00835915 0.00380981 0.00156749 0.000564914 0.000174073 4.45033e-05
 4.16924e-11 1.96101e-09 6.38688e-08 1.4404e-06 2.24939e-05 0.00024324 0.00182137 0.00944436 0.0339184 0.0844306 0.146076 0.177592 0.157974 0.116282 0.0874518 0.0707137 0.0519704 0.031648 0.0166167 0.00804642 0.00360657 0.00144339 0.000505024 0.000152459 3.87846e-05
 4.26413e-11 2.00564e-09 6.53226e-08 1.47319e-06 2.30059e-05 0.000248776 0.00186282 0.00965924 0.0346891 0.0863396 0.149314 0.18122 0.16021 0.115839 0.0845728 0.0669883 0.0490652 0.0301455 0.01611 0.00795545 0.00361346 0.00145135 0.000504261 0.000149707 3.72688e-05
 4.30748e-11 2.02603e-09 6.59865e-08 1.48816e-06 2.32398e-05 0.000251305 0.00188175 0.00975739 0.0350413 0.0872126 0.1508 0.182913 0.161349 0.115895 0.0836259 0.0655796 0.0477463 0.0291726 0.0155007 0.00764247 0.00349453 0.00142252 0.000501449 0.000150266 3.74342e-05
 4.24169e-11 1.99509e-09 6.49787e-08 1.46543e-06 2.28848e-05 0.000247467 0.00185302 0.00960844 0.0345071 0.0858908 0.148567 0.18045 0.159968 0.116573 0.08616 0.068618 0.0498411 0.0298818 0.0153471 0.00728558 0.00324297 0.00130341 0.000458574 0.000138187 3.47464e-05
 4.14259e-11 1.94848e-09 6.34607e-08 1.4312e-06 2.23502e-05 0.000241686 0.00180973 0.00938403 0.0337019 0.0838936 0.14516 0.176541 0.15724 0.116172 0.0879265 0.0714971 0.0527862 0.0323396 0.0171086 0.00831817 0.00370946 0.00146259 0.000500721 0.000147495 3.66298e-05
 4.21432e-11 1.98221e-09 6.45594e-08 1.45598e-06 2.27372e-05 0.00024587 0.00184106 0.00954642 0.0342843 0.0853351 0.147598 0.179241 0.158795 0.115539 0.0853098 0.0682837 0.0504639 0.0314046 0.0171077 0.00862401 0.00397811 0.00161144 0.000560468 0.000165198 4.05245e-05
 4.13398e-11 1.94443e-09 6.33287e-08 1.42822e-06 2.23037e-05 0.000241183 0.00180597 0.00936452 0.033632 0.0837203 0.144866 0.176211 0.157035 0.116204 0.0881551 0.0717453 0.0528904 0.0323099 0.0170973 0.00842292 0.00387996 0.00160223 0.000573979 0.000174176 4.36511e-05
 4.1412e-11 1.94782e-09 6.34394e-08 1.43071e-06 2.23427e-05 0.000241605 0.00180912 0.00938085 0.0336903 0.0838622 0.145089 0.176377 0.156849 0.115387 0.0868129 0.0705508 0.0525989 0.0330053 0.0181627 0.00924164 0.00429537 0.00175926 0.000624914 0.000190194 4.83972e-05
 3.93853e-11 1.85249e-09 6.03346e-08 1.36069e-06 2.12492e-05 0.00022978 0.00172059 0.00892191 0.0320438 0.0797814 0.138149 0.168505 0.151669 0.115436 0.091641 0.0773313 0.0584651 0.0368715 0.02043 0.0105578 0.00503242 0.00212187 0.00077136 0.000237442 6.05823e-05
 3.89724e-11 1.83307e-09 5.9702e-08 1.34643e-06 2.10264e-05 0.000227371 0.00170255 0.0088284 0.0317082 0.0789486 0.136726 0.166858 0.150472 0.115134 0.0921732 0.0783342 0.0595991 0.0379389 0.0213019 0.0111576 0.00538041 0.00229875 0.00085112 0.000267922 6.98639e-05
#obs surv len freq
 4.09042e-11 1.92394e-09 6.26614e-08 1.41317e-06 2.20687e-05 0.000238642 0.00178694 0.00926588 0.0332781 0.0828424 0.143369 0.174491 0.155832 0.116021 0.0889293 0.0730317 0.0542411 0.0334597 0.0179056 0.00885221 0.00402859 0.00162392 0.000567342 0.00016951 4.24114e-05
 4.93122e-11 2.31941e-09 7.55416e-08 1.70365e-06 2.6605e-05 0.000287694 0.00215422 0.0111698 0.0401082 0.099769 0.172141 0.207055 0.177014 0.11512 0.067813 0.0437488 0.029166 0.0174102 0.00922088 0.00453219 0.00205072 0.000820807 0.000284231 8.40553e-05 2.08011e-05
 4.14894e-11 1.95146e-09 6.35578e-08 1.43339e-06 2.23844e-05 0.000242056 0.00181251 0.00939847 0.0337548 0.0840332 0.145458 0.177169 0.15864 0.118897 0.091713 0.0745664 0.0530636 0.0296267 0.0132613 0.00525467 0.00200902 0.000738116 0.000247177 7.20773e-05 1.76685e-05
 4.72737e-11 2.22353e-09 7.24189e-08 1.63323e-06 2.55052e-05 0.000275802 0.00206517 0.0107082 0.0384524 0.0956661 0.165171 0.199188 0.171971 0.115548 0.0732698 0.0512293 0.0355334 0.0213803 0.0111482 0.00521131 0.00213773 0.000737728 0.000213604 5.34707e-05 1.17537e-05
 4.45773e-11 2.0967e-09 6.82883e-08 1.54007e-06 2.40504e-05 0.000260071 0.00194739 0.0100977 0.0362628 0.0902453 0.155995 0.188984 0.165952 0.117536 0.0824686 0.0625696 0.043679 0.0247177 0.0115152 0.00482825 0.00192134 0.000701834 0.000222003 5.84396e-05 1.25166e-05
 4.32491e-11 2.03423e-09 6.62535e-08 1.49418e-06 2.33338e-05 0.000252322 0.00188937 0.00979689 0.0351835 0.0875685 0.15143 0.183748 0.162308 0.117028 0.0848903 0.0665044 0.0477073 0.0280604 0.0138531 0.00612318 0.00244728 0.000852294 0.000253811 6.48243e-05 1.40586e-05
 4.32685e-11 2.03514e-09 6.62832e-08 1.49485e-06 2.33443e-05 0.000252435 0.00189022 0.00980127 0.0351991 0.087606 0.151486 0.183775 0.162201 0.116682 0.0843346 0.0659842 0.0475172 0.0282747 0.0142908 0.00654889 0.00273403 0.000995095 0.000306303 7.88608e-05 1.67944e-05
 4.59272e-11 2.16019e-09 7.03561e-08 1.58671e-06 2.47787e-05 0.000267946 0.00200635 0.0104033 0.0373588 0.0929577 0.16058 0.19405 0.168828 0.116237 0.0774176 0.0564991 0.0394952 0.0232761 0.0117297 0.00538841 0.00227469 0.000846456 0.000269206 7.20145e-05 1.58896e-05
 4.68686e-11 2.20447e-09 7.17982e-08 1.61923e-06 2.52866e-05 0.000273438 0.00204747 0.0106165 0.0381238 0.0948552 0.163817 0.197771 0.171442 0.116671 0.0758231 0.0538565 0.0367633 0.0209528 0.0100053 0.00431449 0.00173832 0.000633503 0.000201179 5.4454e-05 1.22765e-05
 4.43351e-11 2.08531e-09 6.79171e-08 1.5317e-06 2.39197e-05 0.000258658 0.00193681 0.0100428 0.036066 0.0897575 0.155165 0.188043 0.165333 0.117547 0.0830693 0.0634476 0.0445002 0.025301 0.0118193 0.00490255 0.00187958 0.000648347 0.000194879 5.04338e-05 1.10755e-05
 4.52737e-11 2.12946e-09 6.9355e-08 1.56413e-06 2.44261e-05 0.000264134 0.00197781 0.0102553 0.0368281 0.0916435 0.158353 0.191564 0.167325 0.116627 0.0795347 0.059212 0.0416 0.0243308 0.012005 0.0053126 0.00212441 0.000736378 0.000215698 5.33784e-05 1.11311e-05
 4.5603e-11 2.14495e-09 6.98595e-08 1.57551e-06 2.46038e-05 0.000266055 0.00199219 0.0103299 0.0370957 0.0923075 0.159487 0.192871 0.168257 0.116815 0.0790192 0.0582943 0.0405791 0.0234071 0.0113249 0.00494043 0.00199032 0.000712063 0.000217692 5.57595e-05 1.17615e-05
 4.34012e-11 2.04138e-09 6.64866e-08 1.49944e-06 2.34159e-05 0.00025321 0.00189602 0.00983135 0.0353072 0.0878763 0.151961 0.184387 0.162853 0.117367 0.085013 0.0663694 0.047249 0.0273625 0.0131794 0.00569046 0.00226105 0.000798341 0.000242565 6.25713e-05 1.34734e-05
 4.02775e-11 1.89446e-09 6.17013e-08 1.39152e-06 2.17306e-05 0.000234986 0.00175957 0.00912401 0.0327696 0.0815856 0.141257 0.172219 0.154758 0.117207 0.0921528 0.0766902 0.0565566 0.0338823 0.0171326 0.00781126 0.00322331 0.00115448 0.000350205 8.95815e-05 1.91392e-05
 3.7752e-11 1.77567e-09 5.78325e-08 1.30427e-06 2.03681e-05 0.000220252 0.00164925 0.00855209 0.0307175 0.076496 0.132578 0.162266 0.147838 0.116247 0.0967125 0.0839785 0.063828 0.0398198 0.021435 0.0105154 0.00463245 0.00175362 0.000558159 0.000148147 3.23326e-05
 4.18862e-11 1.97013e-09 6.41657e-08 1.4471e-06 2.25985e-05 0.000244371 0.00182983 0.0094882 0.0340754 0.0848144 0.146696 0.178139 0.1578 0.114801 0.0848518 0.0682616 0.0511088 0.0326365 0.0184502 0.00961588 0.00450621 0.00181975 0.000620105 0.000175773 4.06086e-05
 4.1066e-11 1.93155e-09 6.29092e-08 1.41876e-06 2.2156e-05 0.000239586 0.00179401 0.00930253 0.0334098 0.0831703 0.143937 0.175187 0.156462 0.116488 0.0892062 0.0729903 0.0537214 0.0325606 0.0170184 0.00830106 0.00381945 0.00158526 0.00056989 0.000172102 4.2413e-05
 4.01062e-11 1.8864e-09 6.14389e-08 1.3856e-06 2.16382e-05 0.000233986 0.00175208 0.00908518 0.0326299 0.0812363 0.14064 0.171414 0.153865 0.116205 0.091088 0.0759742 0.0567234 0.0349795 0.0186215 0.00909696 0.0040648 0.00160622 0.000553704 0.0001651 4.15003e-05
 4.02221e-11 1.89185e-09 6.16165e-08 1.38961e-06 2.17007e-05 0.000234663 0.00175714 0.00911142 0.0327239 0.0814679 0.141025 0.171808 0.153978 0.115796 0.0902165 0.075063 0.0562533 0.03508 0.0190453 0.00952807 0.00434438 0.00173394 0.000593933 0.000173037 4.22263e-05
 4.29329e-11 2.01935e-09 6.5769e-08 1.48326e-06 2.31632e-05 0.000250477 0.00187555 0.00972524 0.0349259 0.0869251 0.150302 0.182306 0.160807 0.115504 0.0833973 0.0655899 0.0481101 0.0298412 0.0162175 0.00816476 0.00376943 0.00153166 0.000534988 0.000158156 3.87545e-05
 4.16911e-11 1.96095e-09 6.38668e-08 1.44036e-06 2.24932e-05 0.000243233 0.00182131 0.00944407 0.0339176 0.0844296 0.146082 0.177636 0.158131 0.116632 0.0879562 0.0711225 0.052 0.0312829 0.0161235 0.00768314 0.00342858 0.00137808 0.000483222 0.000144554 3.59522e-05
 4.09565e-11 1.9264e-09 6.27415e-08 1.41498e-06 2.20969e-05 0.000238947 0.00178922 0.00927773 0.0333207 0.0829489 0.143556 0.174732 0.156088 0.116292 0.0892135 0.0732412 0.0542464 0.0332224 0.0175183 0.00845641 0.00372674 0.00144615 0.000486449 0.000141024 3.45714e-05
 4.15638e-11 1.95496e-09 6.36719e-08 1.43596e-06 2.24246e-05 0.00024249 0.00181575 0.00941524 0.0338139 0.0841698 0.145622 0.177028 0.157435 0.115822 0.087094 0.0706045 0.052302 0.0323823 0.0174362 0.00864151 0.00390318 0.00154177 0.000521298 0.000149376 3.57206e-05
 4.09755e-11 1.92729e-09 6.27706e-08 1.41564e-06 2.21072e-05 0.000239058 0.00179005 0.00928203 0.0333361 0.0829864 0.143615 0.174781 0.156054 0.116107 0.0888846 0.0728944 0.0540427 0.0332363 0.0177098 0.00872171 0.00395885 0.00158906 0.000549135 0.000160559 3.88628e-05
 3.99822e-11 1.88057e-09 6.12489e-08 1.38132e-06 2.15713e-05 0.000233263 0.00174666 0.00905708 0.032529 0.0809852 0.140206 0.170886 0.153399 0.115877 0.0908984 0.075963 0.056973 0.0354764 0.0192066 0.00958568 0.0043721 0.00175341 0.000606255 0.00017849 4.37781e-05
 3.94195e-11 1.8541e-09 6.03869e-08 1.36188e-06 2.12677e-05 0.00022998 0.00172208 0.00892965 0.0320717 0.0798503 0.138267 0.168641 0.151769 0.115468 0.0916249 0.0773266 0.0585117 0.0369327 0.0204159 0.0104319 0.00485664 0.00197984 0.000692823 0.000205496 5.06367e-05
 3.73718e-11 1.75779e-09 5.72501e-08 1.29114e-06 2.01629e-05 0.000218034 0.00163264 0.00846597 0.0304082 0.0757265 0.131249 0.16066 0.146446 0.115321 0.0962271 0.0839712 0.0644639 0.041085 0.0229919 0.0119349 0.00565932 0.00235589 0.000842851 0.000255089 6.38713e-05
 4.0354e-11 1.89806e-09 6.18185e-08 1.39416e-06 2.17719e-05 0.000235432 0.0017629 0.00914123 0.0328304 0.0817266 0.14143 0.172098 0.153594 0.114196 0.0875658 0.0725831 0.0553684 0.0360823 0.0209892 0.0113215 0.0055194 0.00234551 0.000855593 0.000264259 6.75449e-05
#pred catch len freq
 3.10579e-11 1.46081e-09 4.75777e-08 1.073e-06 1.67564e-05 0.000181197 0.00135681 0.00703571 0.0252715 0.0629414 0.109135 0.133809 0.122698 0.0983166 0.0848044 0.0778615 0.0657928 0.050632 0.0384987 0.0303093 0.0249901 0.021733 0.0191044 0.0153475 0.0101639
 4.1036e-11 1.93014e-09 6.28634e-08 1.41772e-06 2.21398e-05 0.000239411 0.00179269 0.00929566 0.033384 0.0830972 0.143747 0.174658 0.155037 0.113438 0.0845309 0.068089 0.0504751 0.0318084 0.0183899 0.011034 0.00724769 0.00518854 0.00390897 0.00283803 0.00177594
 3.97246e-11 1.86845e-09 6.08544e-08 1.37242e-06 2.14323e-05 0.00023176 0.00173541 0.00899881 0.0323204 0.0804739 0.139374 0.170122 0.153506 0.117558 0.0938849 0.0786661 0.0576249 0.0338515 0.0167146 0.00771625 0.0035997 0.00177241 0.00096118 0.000557872 0.000307079
 3.88531e-11 1.82747e-09 5.95194e-08 1.34231e-06 2.09621e-05 0.000226676 0.00169735 0.00880147 0.0316124 0.0787185 0.136386 0.166717 0.151216 0.117458 0.09586 0.0817198 0.0607152 0.0363684 0.0183619 0.00841636 0.00356613 0.00137669 0.000500732 0.000186129 7.2865e-05
 4.00737e-11 1.88488e-09 6.13892e-08 1.38448e-06 2.16207e-05 0.000233797 0.00175067 0.00907786 0.0326038 0.0811743 0.140552 0.171395 0.154131 0.116974 0.0922793 0.0770253 0.0569858 0.0343617 0.0176298 0.00826291 0.00356289 0.00135967 0.000450368 0.000130929 3.45282e-05
 3.92191e-11 1.84468e-09 6.00801e-08 1.35496e-06 2.11596e-05 0.000228811 0.00171334 0.00888437 0.0319099 0.0794569 0.137649 0.168183 0.152293 0.11776 0.0954239 0.0808241 0.0596275 0.0353062 0.0175403 0.00794761 0.00336707 0.00128549 0.000427178 0.000121219 2.89419e-05
 3.82867e-11 1.80082e-09 5.86516e-08 1.32274e-06 2.06565e-05 0.000223371 0.0016726 0.00867321 0.0311523 0.077579 0.134453 0.164548 0.149867 0.117693 0.0975362 0.0839128 0.0624616 0.0373332 0.0187678 0.0085651 0.00360376 0.00134849 0.000437642 0.000121865 2.8592e-05
 4.04053e-11 1.90047e-09 6.18972e-08 1.39593e-06 2.17995e-05 0.000235731 0.00176515 0.00915294 0.0328732 0.0818422 0.14169 0.172693 0.15501 0.117035 0.0915867 0.0759925 0.0560265 0.0336531 0.0171629 0.00798389 0.00341728 0.0012932 0.000420986 0.000116434 2.69115e-05
 4.11983e-11 1.93777e-09 6.31119e-08 1.42333e-06 2.22274e-05 0.000240358 0.00179979 0.00933253 0.0335176 0.0834418 0.144425 0.175867 0.157342 0.117685 0.0906514 0.074097 0.0537497 0.0313992 0.0153057 0.00677695 0.00281568 0.00106047 0.000348553 9.76093e-05 2.27458e-05
 4.00377e-11 1.88318e-09 6.1334e-08 1.38323e-06 2.16012e-05 0.000233587 0.00174909 0.00906972 0.0325749 0.0811062 0.14046 0.171401 0.154511 0.118017 0.0938788 0.0784352 0.0573356 0.0335143 0.0162531 0.00709129 0.00286664 0.00104027 0.000329312 8.98086e-05 2.07058e-05
 4.0217e-11 1.89162e-09 6.16088e-08 1.38943e-06 2.1698e-05 0.000234633 0.00175693 0.00911032 0.0327204 0.0814645 0.141054 0.172006 0.154671 0.117356 0.0925035 0.077047 0.0567114 0.0338066 0.0169733 0.00770829 0.0032008 0.00116845 0.00036543 9.72e-05 2.17305e-05
 3.97388e-11 1.86912e-09 6.08762e-08 1.37291e-06 2.144e-05 0.000231843 0.00173604 0.00900203 0.0323319 0.0805023 0.139421 0.170169 0.153516 0.117515 0.0938522 0.078809 0.0580893 0.0345441 0.0172905 0.00787308 0.0033172 0.00124251 0.000400013 0.000108691 2.44586e-05
 3.92827e-11 1.84767e-09 6.01774e-08 1.35715e-06 2.11939e-05 0.000229182 0.00171611 0.00889874 0.0319614 0.079584 0.137861 0.168405 0.152377 0.117587 0.0950323 0.0804313 0.0594649 0.0354035 0.0177298 0.00807065 0.00339772 0.00127411 0.00041297 0.000113844 2.61345e-05
 3.70388e-11 1.74213e-09 5.674e-08 1.27963e-06 1.99833e-05 0.000216091 0.0016181 0.00839065 0.0301386 0.0750663 0.130179 0.159697 0.146667 0.117702 0.10049 0.0881055 0.0661557 0.0398289 0.0202325 0.00935427 0.00398198 0.00150124 0.000487687 0.000134728 3.10697e-05
 3.43693e-11 1.61657e-09 5.26505e-08 1.1874e-06 1.8543e-05 0.000200517 0.00150148 0.00778613 0.0279698 0.0696903 0.121031 0.149302 0.139759 0.117585 0.106611 0.0969104 0.074034 0.0452927 0.0235454 0.0111853 0.00487483 0.00187185 0.000617019 0.000172318 4.00207e-05
 3.47046e-11 1.63234e-09 5.31641e-08 1.19898e-06 1.87239e-05 0.000202473 0.00151613 0.00786201 0.0282415 0.0703585 0.122132 0.15038 0.13989 0.115974 0.103481 0.0937982 0.0726723 0.0460457 0.0253406 0.0128132 0.00586558 0.00233445 0.000792175 0.000226677 5.36684e-05
 3.6605e-11 1.72172e-09 5.60754e-08 1.26464e-06 1.97492e-05 0.00021356 0.00159914 0.00829235 0.0297855 0.0741863 0.128649 0.157804 0.144883 0.116216 0.099322 0.0876048 0.0668606 0.0417494 0.0226547 0.011452 0.00537136 0.00223591 0.000799794 0.000240167 5.90955e-05
 3.53245e-11 1.66149e-09 5.41138e-08 1.2204e-06 1.90583e-05 0.00020609 0.00154321 0.00800242 0.0287457 0.0716121 0.124292 0.152962 0.142038 0.117195 0.103765 0.0931193 0.0708998 0.0434696 0.0228225 0.0111101 0.00506758 0.00208568 0.000751747 0.000231651 5.92241e-05
 3.5632e-11 1.67596e-09 5.4585e-08 1.23103e-06 1.92243e-05 0.000207884 0.00155664 0.00807207 0.0289955 0.0722308 0.125341 0.154138 0.142761 0.117052 0.102848 0.091973 0.0700789 0.0431169 0.0227146 0.0110174 0.0049426 0.00197883 0.000692457 0.000209049 5.31814e-05
 3.65193e-11 1.71769e-09 5.59441e-08 1.26168e-06 1.9703e-05 0.00021306 0.0015954 0.00827296 0.029716 0.0740149 0.128363 0.157509 0.144785 0.11649 0.0999432 0.0883091 0.0673309 0.0418458 0.0224453 0.0111032 0.00504767 0.00202816 0.000704756 0.000209238 5.20894e-05
 3.74654e-11 1.7622e-09 5.73936e-08 1.29437e-06 2.02134e-05 0.00021858 0.00163673 0.00848721 0.0304847 0.0759203 0.131605 0.161193 0.147235 0.116532 0.0977655 0.0851556 0.0644731 0.0398367 0.0212418 0.01049 0.00480054 0.00195483 0.000689167 0.000206525 5.145e-05
 3.64041e-11 1.71227e-09 5.57677e-08 1.2577e-06 1.96408e-05 0.000212388 0.00159037 0.0082469 0.0296229 0.0737873 0.127998 0.1572 0.144941 0.117486 0.101649 0.0898838 0.0678216 0.0411074 0.0211872 0.0100757 0.0044892 0.00180503 0.000635149 0.000191404 4.8128e-05
 3.50936e-11 1.65063e-09 5.37601e-08 1.21242e-06 1.89338e-05 0.000204743 0.00153312 0.00795013 0.028558 0.0711459 0.123493 0.152025 0.141318 0.11692 0.103935 0.0936511 0.0717148 0.0443961 0.0235676 0.011478 0.00512319 0.0020208 0.000691915 0.000203822 5.06189e-05
 3.61993e-11 1.70264e-09 5.54539e-08 1.25062e-06 1.95303e-05 0.000211193 0.00158142 0.00820048 0.0294558 0.0733685 0.127254 0.156201 0.143759 0.116039 0.100041 0.0888197 0.0681653 0.0428795 0.023439 0.0118344 0.00546336 0.0022138 0.000770056 0.000226982 5.5681e-05
 3.48376e-11 1.63859e-09 5.3368e-08 1.20358e-06 1.87957e-05 0.000203249 0.00152194 0.00789217 0.0283501 0.0706308 0.122618 0.15104 0.140691 0.11698 0.104596 0.0944718 0.0722668 0.044615 0.023692 0.0116926 0.00539121 0.00222718 0.00079796 0.000242152 6.06876e-05
 3.48176e-11 1.63766e-09 5.33374e-08 1.20289e-06 1.87849e-05 0.000203133 0.00152107 0.00788761 0.0283333 0.0705857 0.122516 0.150804 0.140126 0.115853 0.103027 0.0932261 0.0722198 0.0458148 0.0253023 0.0128966 0.0059993 0.00245801 0.000873222 0.000265776 6.76306e-05
 3.29679e-11 1.55065e-09 5.05038e-08 1.13899e-06 1.77869e-05 0.000192342 0.00144027 0.00746876 0.0268307 0.0668611 0.11618 0.143613 0.13538 0.115854 0.10736 0.0993275 0.0775017 0.0493167 0.027409 0.0141859 0.00676699 0.00285411 0.00103765 0.000319422 8.14998e-05
 3.39121e-11 1.59506e-09 5.19502e-08 1.17161e-06 1.82963e-05 0.00019785 0.00148151 0.00768255 0.0275975 0.0687603 0.119401 0.147218 0.13759 0.11538 0.104447 0.095574 0.0745866 0.0478194 0.0269119 0.0141113 0.00680832 0.00290942 0.00107729 0.000339125 8.84314e-05
#obs catch len freq
 3.57988e-11 1.6838e-09 5.48404e-08 1.23679e-06 1.93143e-05 0.000208857 0.00156393 0.0081098 0.0291307 0.0725632 0.125889 0.154679 0.142842 0.116285 0.101337 0.0904522 0.0693797 0.0434299 0.0235513 0.0118079 0.00544406 0.00222165 0.00078584 0.000237672 6.01632e-05
 3.59199e-11 1.6895e-09 5.50259e-08 1.24097e-06 1.93796e-05 0.000209563 0.00156921 0.00813722 0.0292291 0.0728076 0.126308 0.155169 0.143218 0.116428 0.101264 0.0902385 0.0690847 0.0430951 0.0232305 0.0115545 0.0052791 0.00213238 0.00074578 0.00022296 5.58048e-05
 4.60168e-11 2.16441e-09 7.04933e-08 1.5898e-06 2.4827e-05 0.000268469 0.00201026 0.0104236 0.0374312 0.0931345 0.160862 0.194285 0.168688 0.115419 0.0760117 0.055163 0.0389893 0.0237576 0.0127029 0.00628416 0.00285485 0.00114504 0.000396936 0.000117458 2.90779e-05
 3.66909e-11 1.72576e-09 5.62069e-08 1.26761e-06 1.97955e-05 0.000214061 0.0016029 0.00831192 0.0298571 0.0743765 0.129061 0.158695 0.14691 0.120201 0.104908 0.0922408 0.0675314 0.0380619 0.0171352 0.00683264 0.00262749 0.000968762 0.000324959 9.48323e-05 2.32557e-05
 4.35246e-11 2.04719e-09 6.66756e-08 1.5037e-06 2.34825e-05 0.00025393 0.0019014 0.00985925 0.0354069 0.0881185 0.152342 0.184668 0.162527 0.115957 0.0827085 0.0643439 0.0468124 0.0286374 0.0150555 0.00707919 0.00291482 0.00100793 0.00029218 7.31997e-05 1.60996e-05
 4.0232e-11 1.89232e-09 6.16316e-08 1.38995e-06 2.17061e-05 0.00023472 0.00175758 0.00911374 0.0327332 0.0814999 0.141141 0.172233 0.155256 0.118557 0.0941869 0.0783846 0.0567588 0.0325166 0.0152528 0.00643753 0.0025754 0.000943603 0.00029891 7.87404e-05 1.68714e-05
 3.87345e-11 1.82188e-09 5.93376e-08 1.33821e-06 2.08981e-05 0.000225984 0.00169217 0.00877462 0.0315163 0.0784812 0.13599 0.166305 0.151071 0.117815 0.096678 0.082635 0.0613055 0.0364817 0.0181345 0.00806378 0.00323685 0.00113001 0.000336958 8.61286e-05 1.86883e-05
 3.87638e-11 1.82326e-09 5.93825e-08 1.33923e-06 2.09139e-05 0.000226155 0.00169345 0.00878125 0.0315399 0.0785383 0.136077 0.166355 0.150939 0.117357 0.0959333 0.0819335 0.0610423 0.0367574 0.0187096 0.00862552 0.00361603 0.00131909 0.000406509 0.000104731 2.23134e-05
 4.18979e-11 1.97067e-09 6.41836e-08 1.4475e-06 2.26048e-05 0.000244439 0.00183035 0.00949091 0.0340857 0.0848468 0.146797 0.17847 0.158759 0.116851 0.0878051 0.0707716 0.0515835 0.0308413 0.0156623 0.00723988 0.00306938 0.00114481 0.000364527 9.75791e-05 2.1539e-05
 4.31202e-11 2.02817e-09 6.60561e-08 1.48973e-06 2.32643e-05 0.00025157 0.00188374 0.00976772 0.035079 0.0873108 0.151001 0.183307 0.162172 0.117454 0.0857928 0.0673886 0.048043 0.0277863 0.0133673 0.00580062 0.00234817 0.000858042 0.000272849 7.39059e-05 1.66688e-05
 4.00206e-11 1.88238e-09 6.13077e-08 1.38265e-06 2.1592e-05 0.000233487 0.00174835 0.00906587 0.0325614 0.0810741 0.140417 0.171408 0.154706 0.118544 0.0946864 0.0791489 0.0575184 0.0330952 0.0155631 0.0064955 0.00250269 0.000865807 0.000260636 6.75075e-05 1.48323e-05
 4.1145e-11 1.93526e-09 6.30302e-08 1.42149e-06 2.21986e-05 0.000240047 0.00179746 0.00932044 0.0334743 0.083333 0.144232 0.175612 0.15705 0.117349 0.090318 0.073966 0.0540354 0.0320299 0.015919 0.00708733 0.00284629 0.000988961 0.000290051 7.18336e-05 1.49871e-05
 4.15242e-11 1.9531e-09 6.36111e-08 1.43459e-06 2.24032e-05 0.000242259 0.00181402 0.00940632 0.0337825 0.0840977 0.145539 0.177124 0.158146 0.117615 0.0897946 0.0729622 0.0528542 0.0309037 0.0150612 0.00661171 0.00267602 0.000959862 0.000293835 7.53168e-05 1.58936e-05
 3.88736e-11 1.82843e-09 5.95506e-08 1.34302e-06 2.09732e-05 0.000226795 0.00169824 0.00880612 0.0316295 0.0787633 0.13648 0.166911 0.151639 0.118277 0.0970059 0.0826809 0.0608862 0.0356716 0.0172988 0.00751578 0.00300046 0.00106226 0.0003232 8.34363e-05 1.79747e-05
 3.5294e-11 1.66006e-09 5.40671e-08 1.21935e-06 1.90419e-05 0.000205912 0.00154188 0.00799554 0.0287214 0.0715539 0.124209 0.152947 0.142295 0.117947 0.104977 0.0943343 0.0715327 0.0432882 0.022035 0.0101066 0.00418801 0.00150345 0.000456622 0.000116888 2.49849e-05
 3.24703e-11 1.52725e-09 4.97415e-08 1.1218e-06 1.75185e-05 0.000189439 0.00141853 0.0073561 0.0264269 0.0658624 0.114498 0.141785 0.134449 0.116633 0.109725 0.102185 0.0796063 0.0501396 0.0271744 0.0134077 0.00592858 0.00224867 0.000716479 0.000190289 4.1547e-05
 3.70605e-11 1.74315e-09 5.67731e-08 1.28038e-06 1.9995e-05 0.000216217 0.00161904 0.00839545 0.030155 0.0750975 0.130168 0.159383 0.145431 0.11485 0.096295 0.0845025 0.065417 0.0422912 0.0240889 0.0126254 0.00593652 0.00240151 0.00081911 0.000232312 5.36891e-05
 3.60779e-11 1.69693e-09 5.52679e-08 1.24643e-06 1.94648e-05 0.000210485 0.00157612 0.00817301 0.0293578 0.0731285 0.126868 0.155871 0.143906 0.117046 0.101763 0.0903722 0.068564 0.042019 0.0221232 0.0108603 0.0050185 0.00208753 0.000751258 0.000227002 5.59603e-05
 3.49944e-11 1.64597e-09 5.3608e-08 1.209e-06 1.88802e-05 0.000204164 0.00152879 0.00792765 0.0284773 0.0709449 0.123144 0.151601 0.140939 0.116648 0.103779 0.0936653 0.0719772 0.0448646 0.0240558 0.0118229 0.00530385 0.00210028 0.000724839 0.000216271 5.43836e-05
 3.50468e-11 1.64843e-09 5.36884e-08 1.21081e-06 1.89085e-05 0.00020447 0.00153108 0.00793951 0.0285197 0.0710482 0.123308 0.151732 0.140836 0.116122 0.102885 0.0928159 0.0716576 0.0451878 0.0247161 0.0124406 0.00569444 0.00227739 0.000780923 0.000227658 5.55772e-05
 3.81415e-11 1.79399e-09 5.84291e-08 1.31773e-06 2.05782e-05 0.000222524 0.00166626 0.00864027 0.0310337 0.0772784 0.133899 0.163719 0.148639 0.115802 0.0951191 0.0820136 0.0623539 0.0391823 0.0214628 0.0108728 0.00503934 0.00205182 0.000717431 0.000212219 5.20209e-05
 3.67429e-11 1.72821e-09 5.62867e-08 1.26941e-06 1.98236e-05 0.000214365 0.00160517 0.00832362 0.0298981 0.0744685 0.129152 0.158486 0.14571 0.117262 0.100526 0.0884736 0.0667705 0.0406305 0.0210963 0.0101181 0.00453525 0.00182716 0.000641443 0.000192007 4.77715e-05
 3.58009e-11 1.6839e-09 5.48435e-08 1.23686e-06 1.93154e-05 0.000208869 0.00156402 0.00811028 0.0291326 0.0725696 0.125911 0.154758 0.143078 0.116799 0.102101 0.0911611 0.069652 0.043149 0.0229244 0.0111366 0.00492865 0.00191687 0.000645564 0.000187286 4.59316e-05
 3.64705e-11 1.7154e-09 5.58694e-08 1.26e-06 1.96767e-05 0.000212776 0.00159327 0.0082619 0.0296764 0.0739154 0.128187 0.157277 0.144525 0.116195 0.099639 0.0881442 0.0674797 0.0422894 0.0229485 0.0114457 0.00519078 0.00205474 0.000695521 0.000199431 4.77096e-05
 3.57267e-11 1.68041e-09 5.47299e-08 1.2343e-06 1.92753e-05 0.000208436 0.00156077 0.00809347 0.0290722 0.0724192 0.12565 0.154437 0.142781 0.11656 0.10191 0.0910434 0.0696775 0.0433599 0.0232854 0.0115434 0.00526221 0.00211697 0.000732414 0.000214288 5.18878e-05
 3.459e-11 1.62695e-09 5.29886e-08 1.19503e-06 1.86621e-05 0.000201805 0.00151112 0.00783608 0.0281487 0.0701289 0.121747 0.149971 0.139712 0.116229 0.104116 0.0944746 0.0730228 0.045992 0.0250936 0.0126047 0.00577289 0.00232021 0.000803153 0.000236617 5.8058e-05
 3.39512e-11 1.5969e-09 5.20101e-08 1.17296e-06 1.83175e-05 0.000198078 0.00148322 0.00769141 0.0276295 0.0688403 0.119543 0.14741 0.137822 0.115677 0.104812 0.0959108 0.074743 0.0477159 0.0265833 0.0136695 0.00638911 0.00260991 0.000914305 0.000271362 6.68927e-05
 3.16923e-11 1.49065e-09 4.85496e-08 1.09492e-06 1.70987e-05 0.000184899 0.00138455 0.00717989 0.0257943 0.0642907 0.111799 0.138595 0.131915 0.11544 0.109778 0.103141 0.0812779 0.052347 0.0295198 0.01542 0.00734039 0.00306182 0.00109657 0.00033208 8.31791e-05
#spawning biomass
 3259.66 2699.93 4124.99 5867.51 8042.33 10602.8 13049.6 15503.1 19476.5 27238.5 40184.9 58542.3 78072.7 102980 104536 100617 92182.7 91757.6 76836.9 77641.1 87715.5 90666.9 96553.5 100934 101168 108294 115941 99125.4 60658.2 124442 91814 62336.1 44196 34503.2 29719.1 27469.8 26444.7 25987 25785.5 25697.6 25659.4 25643 25635.9 25632.9 25631.6 25631 25630.8 25630.7 25630.6 25630.6 25630.6 25630.6 25630.6 25630.6 25630.6 25630.6 25630.6 25630.6 25630.6 25630.6 25630.6 25630.6 25630.6 25630.6 25630.6 25630.6 25630.6 25630.6 25630.6 25630.6 25630.6 25630.6 25630.6 25630.6 25630.6 25630.6 25630.6 25630.6 25630.6 25630.6 25630.6 25630.6 25630.6 25630.6 25630.6 25630.6 25630.6 25630.6 25630.6 25630.6 25630.6 25630.6 25630.6 25630.6 25630.6 25630.6 25630.6 25630.6 25630.6 25630.6 25630.6 25630.6 25630.6 25630.6 25630.6 25630.6 25630.6 25630.6 25630.6 25630.6 25630.6 25630.6 25630.6 25630.6 25630.6 25630.6 25630.6 25630.6 25630.6 25630.6 25630.6 25630.6 25630.6 25630.6 25630.6 25630.6 25630.6 25630.6 0 0 0 0 0 0 0 0 0 0 0 0 0 0 0 0 0 0 0 0 0 0 0 0 0
