SBPRF35
0.185482
Curr Bio
152956
B35
186629
F35
1.25726
FOFL
1.25726
OFL
78033
Bzero
52994.1
#pred survey bio
 13154.8 15354.3 16949.1 19259.5 23755 28980 31938.7 38392.6 51633.3 67018 77003.5 91151.2 129683 165344 156931 126863 115017 114250 107043 103119 117535 122009 127411 134252 149713 147470 148019 137546 118315 4.27345e+06 3.48905e+06 2.02386e+06 1.064e+06 693226 548223 480863 444539 423307 410469 402613 397790 394830 393014 391896 391209 390797 390549 390400 390310 390256 390224 390204 390192 390185 390181 390178 390177 390176 390175 390175 390174 390174 390174 390174 390174 390174 390174 390174 390174 390174 390174 390174 390174 390174 390174 390174 390174 390174 390174 390174 390174 390174 390174 390174 390174 390174 390174 390174 390174 390174 390174 390174 390174 390174 390174 390174 390174 390174 390174 390174 390174 390174 390174 390174 390174 390174 390174 390174 390174 390174 390174 390174 390174 390174 390174 390174 390174 390174 390174 390174 390174 390174 390174 390174 390174 390174 390174 390174 390174 0 0 0 0 0 0 0 0 0 0 0 0 0 0 0 0 0 0 0 0 0 0 0 0 0
#obs survey bio
 10096.5 16223.8 11827.7 18019.5 19557 26832.6 23333.8 43146 39874.7 42121.3 44216.9 68935.9 120179 116002 100257 82690.9 98364.5 95315.9 76475 88439.6 85249 102365 103051 136434 147862 86776.1 115267 74515.8 73313.8
#pred catch bio
 4758.8 6670.63 7669.79 8854.48 10980.2 14979.3 16728.2 19466.6 26764.8 37678.1 47032.8 52495.8 72111.2 102510 108495 89002.3 78135.7 81576.5 78828.6 69287.3 84506.5 88205.4 93736.1 94903.8 112479 108749 112343 113392 39284.8 78033 80165 42271.2 16505.3 9060.26 7366.91 7014.61 6944.94 6931.63 6929.15 6928.69 6928.61 6928.6 6928.6 6928.6 6928.6 6928.6 6928.6 6928.6 6928.6 6928.6 6928.6 6928.6 6928.6 6928.6 6928.6 6928.6 6928.6 6928.6 6928.6 6928.6 6928.6 6928.6 6928.6 6928.6 6928.6 6928.6 6928.6 6928.6 6928.6 6928.6 6928.6 6928.6 6928.6 6928.6 6928.6 6928.6 6928.6 6928.6 6928.6 6928.6 6928.6 6928.6 6928.6 6928.6 6928.6 6928.6 6928.6 6928.6 6928.6 6928.6 6928.6 6928.6 6928.6 6928.6 6928.6 6928.6 6928.6 6928.6 6928.6 6928.6 6928.6 6928.6 6928.6 6928.6 6928.6 6928.6 6928.6 6928.6 6928.6 6928.6 6928.6 6928.6 6928.6 6928.6 6928.6 6928.6 6928.6 6928.6 6928.6 6928.6 6928.6 6928.6 6928.6 6928.6 6928.6 6928.6 6928.6 6928.6 6928.6 0 0 0 0 0 0 0 0 0 0 0 0 0 0 0 0 0 0 0 0 0 0 0 0 0
#obs catch bio
 7471.33 6742.04 7799.97 9057.15 11120 15088.5 17005.3 19059.2 26182.2 37015.7 46852.1 52338.6 69943.7 101214 108998 90070.5 76989.9 80843.2 79207.8 68549.1 83186.7 86530.8 91249.4 91587.4 106905 104612 109996 113478 38486
#pred cpue bio
 8483.96 9848.99 10532.4 11630.3 13678.5 16889.7 18593.9 21147.4 27512.8 36205.8 42322.8 46563.9 63631.9 88081.2 89843 70624.3 59930.8 59580.9 54969.3 50935 58454.4 59966 62314 64445.1 72751.7 71813 72628.3 68001.8 55244.3 2.5073e+06 2.76191e+06 1.86525e+06 950647 578293 432574 365061 328706 307467 294628 286772 281949 278989 277173 276055 275368 274956 274708 274559 274469 274415 274383 274363 274351 274344 274340 274337 274336 274335 274334 274334 274333 274333 274333 274333 274333 274333 274333 274333 274333 274333 274333 274333 274333 274333 274333 274333 274333 274333 274333 274333 274333 274333 274333 274333 274333 274333 274333 274333 274333 274333 274333 274333 274333 274333 274333 274333 274333 274333 274333 274333 274333 274333 274333 274333 274333 274333 274333 274333 274333 274333 274333 274333 274333 274333 274333 274333 274333 274333 274333 274333 274333 274333 274333 274333 274333 274333 274333 274333 274333 0 0 0 0 0 0 0 0 0 0 0 0 0 0 0 0 0 0 0 0 0 0 0 0 0
#obs cpue bio
 6821.39 6912.6 8419.98 9798.93 15159.8 18621.5 19427.9 44012.7 43816.1 68452.1 69303.1 71915.9 124565 115974 124946 99260 93113.6 81439.1 66409.4 75221.3 108314 101012 124448 119808 180207 177132 125295 132436 131209
#pred surv len freq
 2.56583e-27 2.59538e-27 3.91207e-26 7.7128e-20 1.8907e-14 5.60248e-10 2.00672e-06 0.000868831 0.0454715 0.287665 0.220294 0.0401339 0.15071 0.139047 0.0304821 0.0347824 0.0146367 0.0108629 0.00656048 0.00489585 0.00376027 0.0031785 0.00311214 0.00271336 0.00082304
 2.56526e-27 2.59405e-27 3.80942e-26 7.49632e-20 1.83763e-14 5.44523e-10 1.95039e-06 0.000844445 0.0441952 0.279591 0.214113 0.0391421 0.147507 0.136686 0.041003 0.0592395 0.0200067 0.00817922 0.00360698 0.00201879 0.00126123 0.000910196 0.000785879 0.000681424 0.000225953
 2.56597e-27 2.59592e-27 3.9685e-26 7.83188e-20 1.91989e-14 5.68898e-10 2.0377e-06 0.000882246 0.0461735 0.292107 0.223673 0.0393403 0.142299 0.131704 0.0369245 0.0513042 0.0193242 0.0107856 0.00341698 0.00104636 0.00043144 0.000236153 0.000167861 0.000135792 4.64787e-05
 2.56641e-27 2.59701e-27 4.05481e-26 8.01393e-20 1.96452e-14 5.82122e-10 2.08506e-06 0.000902752 0.0472468 0.298896 0.228866 0.0399207 0.143067 0.132264 0.0343584 0.0452389 0.0163852 0.00834727 0.00308696 0.00104731 0.000231585 7.02759e-05 3.50273e-05 2.4164e-05 8.15288e-06
 2.56759e-27 2.60014e-27 4.32341e-26 8.58052e-20 2.10341e-14 6.23278e-10 2.23248e-06 0.000966578 0.0505872 0.320028 0.245 0.0397428 0.130378 0.120455 0.0304675 0.0392824 0.013726 0.00624685 0.00216384 0.000722078 0.000184639 3.36477e-05 7.85486e-06 3.82173e-06 1.20089e-06
 2.5667e-27 2.59766e-27 4.09706e-26 8.10298e-20 1.98635e-14 5.88591e-10 2.10823e-06 0.000912784 0.0477718 0.302218 0.23142 0.0410108 0.149569 0.138044 0.0314181 0.0370015 0.0127112 0.00545969 0.00177616 0.000528847 0.000128021 2.46633e-05 3.24669e-06 6.99405e-07 1.80703e-07
 2.56679e-27 2.59791e-27 4.12089e-26 8.15327e-20 1.99868e-14 5.92243e-10 2.12132e-06 0.000918449 0.0480683 0.304093 0.232848 0.0407529 0.146603 0.135381 0.0323077 0.0396639 0.0129506 0.00452602 0.00139972 0.00038516 8.31164e-05 1.47919e-05 1.82864e-06 1.71465e-07 2.49159e-08
 2.56829e-27 2.60193e-27 4.47117e-26 8.8922e-20 2.17982e-14 6.45918e-10 2.31357e-06 0.00100169 0.0524247 0.331653 0.253882 0.0401251 0.127047 0.117238 0.0273429 0.0329068 0.0108862 0.00401471 0.00114982 0.000263346 5.19608e-05 8.22097e-06 9.19226e-07 6.41611e-08 3.77651e-09
 2.5687e-27 2.60295e-27 4.5529e-26 9.06459e-20 2.22207e-14 6.5844e-10 2.35842e-06 0.00102111 0.0534411 0.338083 0.2588 0.0406327 0.127455 0.117448 0.0243678 0.0260508 0.00853264 0.00303604 0.000884006 0.000205994 3.48847e-05 4.75615e-06 4.66961e-07 2.80982e-08 9.33966e-10
 2.56815e-27 2.60144e-27 4.41675e-26 8.77736e-20 2.15166e-14 6.37576e-10 2.28369e-06 0.000988751 0.0517477 0.32737 0.250629 0.0412286 0.13773 0.126902 0.0255501 0.0263445 0.00827182 0.0023865 0.000667907 0.000151103 2.60052e-05 3.21601e-06 2.63501e-07 1.36104e-08 3.52754e-10
 2.56766e-27 2.6001e-27 4.2984e-26 8.52769e-20 2.09046e-14 6.1944e-10 2.21873e-06 0.000960626 0.0502757 0.318058 0.243524 0.0415447 0.145128 0.133746 0.0270724 0.0280847 0.00866407 0.00223825 0.000574707 0.000107026 1.74155e-05 2.13323e-06 1.61333e-07 6.92237e-09 1.49559e-10
 2.56944e-27 2.60491e-27 4.72136e-26 9.41994e-20 2.30918e-14 6.84253e-10 2.45088e-06 0.00106114 0.0555361 0.351336 0.268918 0.0405241 0.119519 0.11006 0.0218917 0.0222258 0.00679295 0.00164988 0.000405985 6.63339e-05 9.11193e-06 9.75514e-07 7.13118e-08 2.80915e-09 5.05361e-11
 2.57001e-27 2.6064e-27 4.84655e-26 9.68401e-20 2.37392e-14 7.03434e-10 2.51958e-06 0.00109088 0.0570929 0.361185 0.276441 0.0406824 0.115438 0.106168 0.0189251 0.0164371 0.00500108 0.00119498 0.000289223 4.44977e-05 5.55755e-06 4.98662e-07 3.07878e-08 1.13611e-09 1.85703e-11
 2.56794e-27 2.60074e-27 4.3444e-26 8.62469e-20 2.11424e-14 6.26487e-10 2.24397e-06 0.000971553 0.0508476 0.321676 0.246298 0.0422898 0.148849 0.136982 0.0240778 0.020422 0.00606072 0.00119612 0.00027903 4.22586e-05 5.07569e-06 4.15129e-07 2.15033e-08 6.61542e-10 9.86425e-12
 2.56618e-27 2.59606e-27 3.93775e-26 7.76686e-20 1.90395e-14 5.64175e-10 2.02078e-06 0.00087492 0.0457902 0.289681 0.221876 0.04282 0.170042 0.15671 0.0306788 0.0305022 0.0089888 0.00162573 0.000356792 4.51144e-05 5.14144e-06 4.06081e-07 1.92277e-08 4.97301e-10 6.16147e-12
 2.56722e-27 2.59892e-27 4.19308e-26 8.30551e-20 2.03599e-14 6.03302e-10 2.16093e-06 0.000935598 0.0489658 0.309771 0.237202 0.041873 0.152068 0.140162 0.0284264 0.0295392 0.00882249 0.00178837 0.000394182 4.48545e-05 4.47531e-06 3.06836e-07 1.38169e-08 3.2708e-10 3.42165e-12
 2.56864e-27 2.60267e-27 4.51703e-26 8.98888e-20 2.20351e-14 6.52941e-10 2.33872e-06 0.00101258 0.0529947 0.335259 0.256659 0.0415957 0.136287 0.125431 0.0227697 0.0203487 0.00607345 0.00124703 0.000280625 3.47787e-05 3.37223e-06 2.01159e-07 7.71141e-09 1.67541e-10 1.60114e-12
 2.56836e-27 2.60187e-27 4.44193e-26 8.83043e-20 2.16467e-14 6.41431e-10 2.2975e-06 0.00099473 0.0520606 0.329349 0.252156 0.0421967 0.144024 0.132486 0.0224863 0.0179191 0.00522587 0.00088137 0.000190681 2.4002e-05 2.44126e-06 1.51464e-07 5.20845e-09 9.5737e-11 8.17365e-13
 2.56867e-27 2.60271e-27 4.5151e-26 8.98478e-20 2.20251e-14 6.52643e-10 2.33766e-06 0.00101212 0.0529706 0.335106 0.25655 0.0420774 0.14003 0.128779 0.0214569 0.0164998 0.00472425 0.000648442 0.000127891 1.3344e-05 1.29205e-06 8.26573e-08 2.97755e-09 5.11204e-11 3.71774e-13
 2.56945e-27 2.60481e-27 4.6981e-26 9.37082e-20 2.29714e-14 6.80685e-10 2.4381e-06 0.0010556 0.0552465 0.349504 0.267539 0.0417304 0.129669 0.119169 0.0188578 0.0129929 0.00368499 0.000456616 8.44857e-05 7.20503e-06 5.88645e-07 3.23684e-08 1.16237e-09 2.07591e-11 1.44952e-13
 2.56938e-27 2.60463e-27 4.68412e-26 9.34132e-20 2.28991e-14 6.78542e-10 2.43042e-06 0.00105228 0.0550726 0.348404 0.266697 0.0416398 0.12957 0.119111 0.0194402 0.0143345 0.00407088 0.000504521 9.25445e-05 7.34791e-06 5.35054e-07 2.35867e-08 7.06411e-10 1.19328e-11 8.55137e-14
 2.5695e-27 2.60491e-27 4.70636e-26 9.38823e-20 2.30141e-14 6.81949e-10 2.44263e-06 0.00105756 0.0553491 0.350154 0.268036 0.0418102 0.129926 0.119381 0.0184347 0.0119752 0.0033859 0.000408069 7.39153e-05 5.74422e-06 4.02649e-07 1.59308e-08 3.9153e-10 5.33577e-12 3.47432e-14
 2.56958e-27 2.60513e-27 4.72556e-26 9.42875e-20 2.31134e-14 6.84892e-10 2.45317e-06 0.00106213 0.055588 0.351665 0.269189 0.0417862 0.128933 0.118458 0.0181423 0.0115394 0.00323291 0.000339112 5.78484e-05 4.36868e-06 2.99606e-07 1.14617e-08 2.59058e-10 2.94757e-12 1.53557e-14
 2.56994e-27 2.60611e-27 4.81166e-26 9.61037e-20 2.35587e-14 6.98085e-10 2.50042e-06 0.00108259 0.0566587 0.358439 0.274358 0.0415781 0.123718 0.113632 0.0170543 0.0102738 0.00286665 0.000285759 4.69264e-05 3.12406e-06 1.97107e-07 7.28426e-09 1.59521e-10 1.69126e-12 7.52251e-15
 2.5697e-27 2.60546e-27 4.75374e-26 9.48819e-20 2.32592e-14 6.89211e-10 2.46864e-06 0.00106883 0.0559385 0.353882 0.270881 0.0417298 0.127315 0.116958 0.0177534 0.0110301 0.00307996 0.00030731 5.03131e-05 3.23193e-06 1.91165e-07 6.20534e-09 1.27337e-10 1.30093e-12 5.44464e-15
 2.56955e-27 2.60502e-27 4.71345e-26 9.40319e-20 2.30508e-14 6.83036e-10 2.44652e-06 0.00105925 0.0554373 0.350712 0.268465 0.0420216 0.131233 0.120532 0.0176359 0.00986315 0.00273838 0.000256962 4.07136e-05 2.5683e-06 1.4835e-07 4.54939e-09 8.39109e-11 7.72157e-13 3.07539e-15
 2.56945e-27 2.60477e-27 4.69232e-26 9.35862e-20 2.29415e-14 6.79798e-10 2.43492e-06 0.00105423 0.0551745 0.349049 0.267195 0.0419762 0.131781 0.121065 0.0182299 0.0110815 0.00307417 0.000273098 4.17945e-05 2.51914e-06 1.40143e-07 4.19729e-09 7.42358e-11 6.23546e-13 2.21854e-15
 2.56921e-27 2.6041e-27 4.6316e-26 9.23052e-20 2.26275e-14 6.70493e-10 2.40159e-06 0.0010398 0.0544193 0.344272 0.263552 0.0422784 0.13664 0.125519 0.0184888 0.0105515 0.00292664 0.000266824 4.12291e-05 2.35356e-06 1.23661e-07 3.50971e-09 5.99507e-11 4.85103e-13 1.60189e-15
 2.57032e-27 2.60711e-27 4.89637e-26 9.78907e-20 2.39967e-14 7.11066e-10 2.54692e-06 0.00110272 0.0577123 0.365104 0.279448 0.041602 0.120324 0.110432 0.0152474 0.00696103 0.00190178 0.00014188 1.92106e-05 1.08227e-06 5.54873e-08 1.46786e-09 2.35352e-11 1.81111e-13 5.75792e-16
#obs surv len freq
 1.24775e-41 1.73179e-33 2.90543e-26 5.89216e-20 1.44439e-14 4.28001e-10 1.53303e-06 0.000663748 0.034738 0.219763 0.168542 0.041751 0.170426 0.142668 0.0892498 0.0844465 0.033152 0.0119187 0.0024003 0.000267364 1.21316e-05 1.64599e-07 5.05573e-10 2.86757e-13 2.62555e-17
 1.5581e-41 2.16254e-33 3.6281e-26 7.35772e-20 1.80366e-14 5.34457e-10 1.91434e-06 0.000828843 0.0433783 0.274424 0.210314 0.0426281 0.142004 0.113191 0.0743177 0.0648648 0.0244954 0.00798647 0.00142503 0.000134872 4.97635e-06 5.22238e-08 1.19147e-10 4.89306e-14 3.19655e-18
 1.29369e-41 1.79556e-33 3.01242e-26 6.10912e-20 1.49758e-14 4.4376e-10 1.58948e-06 0.000688189 0.0360171 0.227856 0.174996 0.0517376 0.203845 0.149845 0.0731548 0.0552879 0.019803 0.00579074 0.000903779 7.11976e-05 2.09216e-06 1.68253e-08 2.84928e-11 8.48691e-15 3.9633e-19
 1.56098e-41 2.16654e-33 3.63482e-26 7.37133e-20 1.807e-14 5.35446e-10 1.91788e-06 0.000830376 0.0434586 0.274933 0.210876 0.0474342 0.149809 0.109552 0.084377 0.0592076 0.0153886 0.00361481 0.000484866 3.13396e-05 7.20064e-07 4.36723e-09 5.44828e-12 1.17612e-15 3.93389e-20
 1.53871e-41 2.13563e-33 3.58296e-26 7.26617e-20 1.78122e-14 5.27807e-10 1.89052e-06 0.000818529 0.0428386 0.271011 0.208124 0.0553594 0.180207 0.118843 0.0638944 0.0416393 0.0140944 0.00288338 0.000271138 1.35402e-05 2.39521e-07 1.08063e-09 9.81502e-13 1.52479e-16 3.64444e-21
 1.34854e-41 1.87168e-33 3.14014e-26 6.36814e-20 1.56107e-14 4.62575e-10 1.65687e-06 0.000717366 0.0375441 0.237518 0.182792 0.0611264 0.205001 0.13095 0.0838101 0.0469467 0.0112075 0.00217681 0.000201358 7.14993e-06 8.87124e-08 2.9078e-10 1.90279e-13 2.10863e-17 3.57687e-22
 1.56419e-41 2.17099e-33 3.64229e-26 7.3865e-20 1.81071e-14 5.36547e-10 1.92182e-06 0.000832084 0.043548 0.2755 0.211769 0.0581149 0.165734 0.105053 0.0831708 0.043956 0.0106117 0.00159252 0.000112826 3.50188e-06 3.17135e-08 6.99178e-11 3.16884e-14 2.47151e-18 2.95361e-23
 1.72981e-41 2.40086e-33 4.02794e-26 8.16859e-20 2.00243e-14 5.93357e-10 2.12531e-06 0.000920186 0.0481589 0.304671 0.234246 0.0627898 0.163374 0.0928244 0.056779 0.0278267 0.0073189 0.00102912 5.93146e-05 1.33609e-06 9.3495e-09 1.50739e-11 4.61292e-15 2.41629e-19 1.97998e-24
 1.65942e-41 2.30317e-33 3.86404e-26 7.83619e-20 1.92095e-14 5.69213e-10 2.03883e-06 0.000882742 0.0461992 0.292276 0.225186 0.0712873 0.184761 0.0978495 0.0546749 0.0220253 0.00428517 0.000541968 2.91979e-05 5.24598e-07 2.61214e-09 3.01781e-12 6.65461e-16 2.41875e-20 1.33605e-25
 1.53097e-41 2.12489e-33 3.56494e-26 7.22962e-20 1.77226e-14 5.25152e-10 1.88101e-06 0.000814412 0.0426231 0.269655 0.208352 0.0784823 0.199714 0.104912 0.0670521 0.0240643 0.0039428 0.000370809 1.53138e-05 2.33568e-07 9.16084e-10 7.545e-13 1.15289e-16 2.93646e-21 1.13949e-26
 1.46337e-41 2.03106e-33 3.40753e-26 6.9104e-20 1.694e-14 5.01964e-10 1.79795e-06 0.000778452 0.0407411 0.257752 0.199696 0.0841001 0.203684 0.107575 0.0757096 0.025473 0.0041561 0.000323589 9.64989e-06 1.04134e-07 3.1141e-10 1.96648e-13 2.18154e-17 3.86732e-22 1.03284e-27
 1.8834e-41 2.61404e-33 4.3856e-26 8.8939e-20 2.18023e-14 6.46043e-10 2.31402e-06 0.00100189 0.052435 0.33173 0.255803 0.0729429 0.140639 0.0736072 0.0525297 0.0164805 0.00263908 0.000185889 4.6371e-06 3.5848e-08 7.24502e-11 3.21741e-14 2.61186e-18 3.3851e-23 6.45661e-29
 1.57248e-41 2.1825e-33 3.66159e-26 7.42564e-20 1.82031e-14 5.3939e-10 1.93201e-06 0.000836493 0.0437787 0.276978 0.2157 0.102362 0.213912 0.0899928 0.0425343 0.011976 0.00180964 0.000115096 2.53328e-06 1.58784e-08 2.33376e-11 6.98997e-15 3.8089e-19 3.41571e-24 4.62794e-30
 1.26879e-41 1.76099e-33 2.95443e-26 5.99152e-20 1.46875e-14 4.35218e-10 1.55888e-06 0.000674941 0.0353237 0.223499 0.175957 0.113708 0.233511 0.119771 0.0785226 0.0171747 0.00176012 9.4109e-05 1.80686e-06 9.49421e-09 1.10809e-11 2.45958e-15 9.33308e-20 5.63166e-25 5.11696e-31
 1.15112e-41 1.59767e-33 2.68043e-26 5.43585e-20 1.33254e-14 3.94855e-10 1.4143e-06 0.000612345 0.0320477 0.202783 0.160913 0.117647 0.227672 0.134811 0.0972178 0.0234798 0.00270991 0.000103856 1.37693e-06 5.69783e-09 5.31144e-12 9.15735e-16 2.60515e-20 1.13542e-25 7.21104e-32
 1.55976e-41 2.16484e-33 3.63198e-26 7.36557e-20 1.80558e-14 5.35027e-10 1.91638e-06 0.000829727 0.0434246 0.274754 0.215167 0.10081 0.165461 0.104194 0.0738355 0.019029 0.00239552 9.60906e-05 1.09796e-06 3.10343e-09 2.02772e-12 2.61451e-16 5.62913e-21 1.83585e-26 8.58056e-33
 1.40666e-41 1.95236e-33 3.27549e-26 6.64262e-20 1.62836e-14 4.82513e-10 1.72828e-06 0.000748287 0.0391624 0.24782 0.197616 0.135869 0.215067 0.0972746 0.0517278 0.0130241 0.0016216 6.679e-05 7.61516e-07 1.91164e-09 9.31209e-13 8.16198e-17 1.21439e-21 2.84332e-27 9.72162e-34
 1.46119e-41 2.02804e-33 3.40246e-26 6.90012e-20 1.69148e-14 5.01218e-10 1.79528e-06 0.000777294 0.0406806 0.257434 0.205292 0.129962 0.190024 0.107825 0.0571895 0.00985844 0.000920312 3.47069e-05 3.72918e-07 8.70529e-10 3.72008e-13 2.60833e-17 2.82289e-22 4.54625e-28 1.06061e-34
 1.44236e-41 2.0019e-33 3.35859e-26 6.81116e-20 1.66968e-14 4.94756e-10 1.77213e-06 0.000767273 0.0401561 0.254146 0.204874 0.144445 0.195679 0.101233 0.0489406 0.00902832 0.000710592 1.81669e-05 1.5162e-07 3.03358e-10 1.12007e-13 6.65131e-18 5.87772e-23 7.36916e-29 1.27275e-35
 1.55894e-41 2.16371e-33 3.63007e-26 7.36172e-20 1.80464e-14 5.34747e-10 1.91538e-06 0.000829293 0.043402 0.274699 0.221285 0.141578 0.175208 0.0946654 0.0413594 0.00650072 0.000459712 1.02962e-05 6.16331e-08 8.6219e-11 2.43144e-14 1.15641e-18 8.24601e-24 8.27609e-30 1.12715e-36
 1.50717e-41 2.09185e-33 3.50952e-26 7.11723e-20 1.74471e-14 5.16988e-10 1.85177e-06 0.000801752 0.0419608 0.265634 0.217519 0.160506 0.184638 0.0893467 0.0342946 0.00499368 0.000298296 5.48014e-06 2.69073e-08 2.82197e-11 5.50354e-15 1.82848e-19 9.54262e-25 7.24967e-31 7.58112e-38
 1.55095e-41 2.15261e-33 3.61145e-26 7.32395e-20 1.79538e-14 5.32004e-10 1.90555e-06 0.000825038 0.0431796 0.273383 0.224856 0.160304 0.172596 0.0898401 0.0310441 0.0037774 0.000189186 2.87373e-06 1.10901e-08 8.99875e-12 1.32455e-15 3.16098e-20 1.14214e-25 5.98732e-32 4.4031e-39
 1.55607e-41 2.15972e-33 3.62338e-26 7.34814e-20 1.80131e-14 5.33761e-10 1.91185e-06 0.000827763 0.0433224 0.274356 0.228574 0.170916 0.170266 0.0827781 0.0258847 0.0029484 0.000122701 1.4585e-06 4.37855e-09 2.70982e-12 2.98257e-16 5.27425e-21 1.39522e-26 5.24729e-33 2.7103e-40
 1.59405e-41 2.21244e-33 3.71183e-26 7.52751e-20 1.84528e-14 5.4679e-10 1.95851e-06 0.000847969 0.0443801 0.281118 0.236095 0.174207 0.162065 0.0777675 0.0213565 0.00208611 7.40663e-05 7.23858e-07 1.66125e-09 7.63857e-13 6.21518e-17 8.06882e-22 1.55542e-27 4.2441e-34 1.58502e-41
 1.58785e-41 2.20383e-33 3.69737e-26 7.4982e-20 1.8381e-14 5.44661e-10 1.95089e-06 0.000844667 0.0442076 0.280137 0.239095 0.184227 0.159921 0.0723427 0.0176597 0.00151968 4.43136e-05 3.46342e-07 6.24671e-10 2.17589e-13 1.2966e-17 1.21596e-22 1.68949e-28 3.32077e-35 8.91856e-43
 1.37728e-41 1.91157e-33 3.20706e-26 6.50386e-20 1.59434e-14 4.72433e-10 1.69218e-06 0.000732655 0.038346 0.243283 0.219369 0.216802 0.182692 0.0803273 0.0171607 0.00125515 3.01097e-05 1.86871e-07 2.58162e-10 6.78166e-14 3.01169e-18 2.07007e-23 2.07477e-29 2.91353e-36 5.57103e-44
 1.39947e-41 1.94237e-33 3.25873e-26 6.60863e-20 1.62003e-14 4.80044e-10 1.71944e-06 0.000744458 0.0389642 0.247295 0.223494 0.205637 0.176903 0.0883942 0.0174295 0.0011156 2.18324e-05 1.0641e-07 1.12455e-10 2.20823e-14 7.21615e-19 3.62362e-24 2.64182e-30 2.68406e-37 3.68861e-45
 1.46774e-41 2.03712e-33 3.41769e-26 6.93101e-20 1.69906e-14 5.03462e-10 1.80332e-06 0.000780775 0.0408648 0.259304 0.23205 0.202939 0.169052 0.0781557 0.0157898 0.00104339 1.88157e-05 7.90469e-08 6.95029e-11 1.11734e-14 2.96555e-19 1.20235e-24 7.04659e-31 5.74302e-38 6.32823e-46
 1.46775e-41 2.03714e-33 3.41773e-26 6.93108e-20 1.69907e-14 5.03466e-10 1.80334e-06 0.000780782 0.0408652 0.259306 0.232052 0.202944 0.169137 0.0783257 0.015594 0.000976799 1.63528e-05 6.24462e-08 4.90922e-11 6.97939e-15 1.62558e-19 5.75493e-25 2.93455e-31 2.07555e-38 1.98103e-46
#pred catch len freq
 2.55979e-27 2.57933e-27 2.53175e-26 4.80107e-20 1.17692e-14 3.48744e-10 1.24914e-06 0.00054083 0.0283051 0.179066 0.137382 0.0409367 0.21507 0.198863 0.0485925 0.0612422 0.0259507 0.0194495 0.0117218 0.00872593 0.00668944 0.00564948 0.00552981 0.00482094 0.00146232
 2.55949e-27 2.57881e-27 2.50439e-26 4.74339e-20 1.16279e-14 3.44554e-10 1.23414e-06 0.000534334 0.0279651 0.176915 0.135715 0.0393731 0.204346 0.189889 0.0639989 0.0983868 0.0333132 0.0137216 0.00603952 0.00336942 0.00210063 0.00151449 0.00130718 0.00113336 0.000375807
 2.56035e-27 2.58107e-27 2.6938e-26 5.14295e-20 1.26073e-14 3.73577e-10 1.33809e-06 0.000579342 0.0303207 0.191817 0.147103 0.0399388 0.20065 0.186181 0.0579509 0.0857156 0.0323758 0.0181664 0.00574736 0.00175295 0.000721024 0.000394195 0.000280087 0.000226559 7.75457e-05
 2.56095e-27 2.58253e-27 2.80639e-26 5.38039e-20 1.31894e-14 3.90825e-10 1.39987e-06 0.00060609 0.0317206 0.200673 0.153882 0.0410003 0.203965 0.188994 0.0540126 0.075905 0.0275551 0.0141008 0.00520442 0.00175997 0.000388342 0.00011765 5.86079e-05 4.0427e-05 1.36398e-05
 2.56233e-27 2.58614e-27 3.11229e-26 6.02567e-20 1.47712e-14 4.37697e-10 1.56776e-06 0.000678779 0.0355248 0.22474 0.172261 0.0410957 0.191779 0.177586 0.0490948 0.067471 0.023617 0.0107858 0.00372888 0.00123971 0.000316339 5.75755e-05 1.34299e-05 6.53301e-06 2.05281e-06
 2.56178e-27 2.58448e-27 2.95017e-26 5.6836e-20 1.39327e-14 4.1285e-10 1.47876e-06 0.000640246 0.0335082 0.211982 0.162546 0.0428203 0.211728 0.195744 0.0477797 0.059853 0.020579 0.00884316 0.00287064 0.000851141 0.000205571 3.95509e-05 5.20318e-06 1.12052e-06 2.89495e-07
 2.5619e-27 2.58483e-27 2.98345e-26 5.75381e-20 1.41048e-14 4.1795e-10 1.49703e-06 0.000648155 0.0339221 0.214601 0.16454 0.0424509 0.207517 0.191971 0.0491828 0.0639429 0.0208913 0.00730111 0.00225319 0.000617353 0.00013292 2.36212e-05 2.91829e-06 2.73561e-07 3.97481e-08
 2.56354e-27 2.58922e-27 3.36474e-26 6.55815e-20 1.60765e-14 4.76376e-10 1.7063e-06 0.000738763 0.0386642 0.244601 0.187439 0.0419211 0.187397 0.173262 0.043287 0.0552082 0.0182752 0.00673838 0.00192645 0.000439223 8.64586e-05 1.3659e-05 1.52622e-06 1.065e-07 6.26789e-09
 2.56421e-27 2.59086e-27 3.49465e-26 6.83215e-20 1.67482e-14 4.96279e-10 1.77759e-06 0.000769628 0.0402795 0.25482 0.195257 0.0428299 0.18882 0.174288 0.0382707 0.0434785 0.0142468 0.00506133 0.00147065 0.000341141 5.76418e-05 7.84601e-06 7.69764e-07 4.63049e-08 1.53899e-09
 2.56386e-27 2.58987e-27 3.40124e-26 6.63509e-20 1.62651e-14 4.81964e-10 1.72632e-06 0.000747429 0.0391177 0.24747 0.189655 0.0435214 0.198018 0.182707 0.0385398 0.0419327 0.0131662 0.00378313 0.00105614 0.000237759 4.08233e-05 5.04069e-06 4.12683e-07 2.13089e-08 5.52225e-10
 2.56361e-27 2.58918e-27 3.33901e-26 6.50379e-20 1.59433e-14 4.72427e-10 1.69216e-06 0.000732639 0.0383437 0.242573 0.18592 0.0437632 0.202483 0.186827 0.039271 0.0425482 0.0131197 0.0033665 0.000862089 0.000159669 2.59137e-05 3.16902e-06 2.39488e-07 1.02723e-08 2.21908e-10
 2.56557e-27 2.59446e-27 3.80279e-26 7.48216e-20 1.83416e-14 5.43495e-10 1.94671e-06 0.00084285 0.0441117 0.279063 0.213767 0.0427243 0.175011 0.161399 0.0333714 0.0354852 0.0108423 0.0026171 0.000642416 0.000104401 1.43041e-05 1.5286e-06 1.11654e-07 4.39687e-09 7.90884e-11
 2.56623e-27 2.59616e-27 3.94336e-26 7.77866e-20 1.90684e-14 5.65032e-10 2.02385e-06 0.00087625 0.0458598 0.290122 0.222218 0.0431469 0.17229 0.158689 0.0292872 0.0268489 0.00816914 0.00194096 0.000468705 7.17309e-05 8.93649e-06 8.00359e-07 4.93714e-08 1.82119e-09 2.97643e-11
 2.56408e-27 2.59028e-27 3.42062e-26 6.67589e-20 1.63651e-14 4.84928e-10 1.73693e-06 0.000752025 0.0393583 0.248992 0.190839 0.0448726 0.207469 0.191125 0.0345501 0.0306717 0.00910112 0.00178244 0.000414582 6.24398e-05 7.48067e-06 6.10678e-07 3.16043e-08 9.71891e-10 1.44896e-11
 2.56254e-27 2.58621e-27 3.0708e-26 5.93796e-20 1.45562e-14 4.31326e-10 1.54494e-06 0.000668899 0.0350077 0.221469 0.169825 0.0450129 0.2233 0.20596 0.0412713 0.0422555 0.012444 0.00222752 0.000487158 6.12355e-05 6.95824e-06 5.48523e-07 2.59491e-08 6.70851e-10 8.31025e-12
 2.56379e-27 2.58963e-27 3.37566e-26 6.5811e-20 1.61328e-14 4.78043e-10 1.71227e-06 0.000741347 0.0387994 0.245456 0.188124 0.0438947 0.201935 0.186285 0.0385275 0.0409618 0.0122208 0.00244837 0.000537841 6.08377e-05 6.05182e-06 4.14052e-07 1.8627e-08 4.4076e-10 4.61003e-12
 2.56534e-27 2.59374e-27 3.72825e-26 7.32488e-20 1.79561e-14 5.3207e-10 1.90579e-06 0.000825133 0.0431845 0.273197 0.209305 0.0438031 0.186356 0.171676 0.0317012 0.0290739 0.00866895 0.00175931 0.000394539 4.86051e-05 4.70013e-06 2.79782e-07 1.07145e-08 2.32676e-10 2.22319e-12
 2.56529e-27 2.59353e-27 3.70345e-26 7.27253e-20 1.78277e-14 5.28267e-10 1.89216e-06 0.000819235 0.0428758 0.271245 0.207824 0.0444348 0.192203 0.176945 0.0303433 0.024641 0.00717953 0.00119515 0.000257416 3.22011e-05 3.26591e-06 2.02219e-07 6.94713e-09 1.2763e-10 1.08943e-12
 2.56585e-27 2.59504e-27 3.83487e-26 7.54976e-20 1.85073e-14 5.48405e-10 1.96429e-06 0.000850465 0.0445102 0.281584 0.215715 0.0442004 0.184876 0.170148 0.0285227 0.0221939 0.00634919 0.000859549 0.000168619 1.74831e-05 1.6872e-06 1.07712e-07 3.87645e-09 6.65219e-11 4.83675e-13
 2.56635e-27 2.59636e-27 3.9487e-26 7.78988e-20 1.9096e-14 5.65847e-10 2.02677e-06 0.000877514 0.0459259 0.29054 0.222553 0.0441293 0.179531 0.165151 0.0264559 0.0187388 0.00531344 0.000651203 0.000119924 1.01696e-05 8.27945e-07 4.54262e-08 1.6296e-09 2.909e-11 2.03082e-13
 2.5666e-27 2.59706e-27 4.01235e-26 7.92416e-20 1.94251e-14 5.75601e-10 2.06171e-06 0.00089264 0.0467176 0.295548 0.226371 0.0437688 0.174104 0.160185 0.0263221 0.0196832 0.00558625 0.000683325 0.000124665 9.84135e-06 7.14021e-07 3.14037e-08 9.39431e-10 1.58603e-11 1.13635e-13
 2.56679e-27 2.59752e-27 4.04927e-26 8.00205e-20 1.96161e-14 5.81259e-10 2.08197e-06 0.000901414 0.0471768 0.298453 0.228593 0.0439854 0.174191 0.160185 0.0248658 0.0163646 0.00462414 0.000549972 9.90581e-05 7.65405e-06 5.34573e-07 2.11025e-08 5.18024e-10 7.05528e-12 4.59279e-14
 2.56699e-27 2.59806e-27 4.09648e-26 8.10163e-20 1.98602e-14 5.88493e-10 2.10788e-06 0.000912632 0.0477639 0.302168 0.231427 0.043891 0.171482 0.157674 0.0242348 0.0155559 0.0043557 0.000450917 7.64112e-05 5.73727e-06 3.91994e-07 1.49621e-08 3.37782e-10 3.84092e-12 2.0004e-14
 2.56724e-27 2.59873e-27 4.15531e-26 8.22575e-20 2.01644e-14 5.97508e-10 2.14017e-06 0.000926613 0.0484956 0.306797 0.234961 0.0437932 0.168255 0.154677 0.0233504 0.0142943 0.00398728 0.00039274 6.40834e-05 4.24358e-06 2.66653e-07 9.83189e-09 2.15062e-10 2.27871e-12 1.01326e-14
 2.56725e-27 2.59878e-27 4.16007e-26 8.23577e-20 2.0189e-14 5.98236e-10 2.14278e-06 0.000927743 0.0485547 0.307171 0.235245 0.0437384 0.167638 0.154118 0.0234324 0.0146217 0.00408022 0.000401654 6.52921e-05 4.1715e-06 2.45703e-07 7.95712e-09 1.63075e-10 1.66499e-12 6.9663e-15
 2.56697e-27 2.59797e-27 4.08583e-26 8.07915e-20 1.98051e-14 5.86859e-10 2.10203e-06 0.000910099 0.0476313 0.301329 0.230792 0.044189 0.174196 0.160115 0.0234972 0.0132605 0.00368004 0.000341015 5.36413e-05 3.36595e-06 1.93611e-07 5.92383e-09 1.09121e-10 1.00346e-12 3.99544e-15
 2.567e-27 2.59809e-27 4.09785e-26 8.10452e-20 1.98673e-14 5.88702e-10 2.10863e-06 0.000912957 0.0477809 0.302275 0.231511 0.0440015 0.172264 0.158369 0.0238752 0.0145597 0.00403681 0.000354024 5.37477e-05 3.22266e-06 1.78491e-07 5.33351e-09 9.421e-11 7.90784e-13 2.81266e-15
 2.56722e-27 2.59867e-27 4.14769e-26 8.20965e-20 2.0125e-14 5.96339e-10 2.13598e-06 0.0009248 0.0484007 0.306196 0.234505 0.0439792 0.169991 0.156239 0.0229121 0.0129021 0.00357478 0.000321085 4.91773e-05 2.79254e-06 1.46025e-07 4.1347e-09 7.05307e-11 5.70323e-13 1.88269e-15
 2.56552e-27 2.59401e-27 3.73111e-26 7.33083e-20 1.79707e-14 5.32503e-10 1.90734e-06 0.000825803 0.0432196 0.273419 0.209502 0.0455601 0.199587 0.183475 0.0263602 0.0139055 0.00381545 0.000286522 3.89818e-05 2.19117e-06 1.12067e-07 2.95938e-09 4.7394e-11 3.64478e-13 1.1584e-15
#obs catch len freq
 6.00363e-42 8.33264e-34 1.39797e-26 2.83506e-20 6.94983e-15 2.05936e-10 7.37629e-07 0.000319368 0.0167144 0.105742 0.0815107 0.0423888 0.226841 0.191538 0.13166 0.127285 0.0520463 0.0193891 0.00407246 0.000470441 2.22826e-05 3.17027e-07 1.01952e-09 6.02697e-13 5.72135e-17
 6.8212e-42 9.46737e-34 1.58835e-26 3.22114e-20 7.89624e-15 2.3398e-10 8.38079e-07 0.000362859 0.0189906 0.120142 0.0926199 0.046229 0.230444 0.18501 0.129135 0.114318 0.044579 0.0150478 0.00283045 0.000281424 1.08392e-05 1.18527e-07 2.81607e-10 1.20088e-13 8.11446e-18
 1.03255e-41 1.43311e-33 2.40434e-26 4.87594e-20 1.19528e-14 3.54183e-10 1.26863e-06 0.000549272 0.0287467 0.181861 0.139816 0.0481188 0.201814 0.154071 0.110302 0.0893968 0.03336 0.0101411 0.0016773 0.000140508 4.3592e-06 3.65762e-08 6.42125e-11 1.97675e-14 9.51504e-19
 8.86329e-42 1.23017e-33 2.06386e-26 4.18546e-20 1.02602e-14 3.04028e-10 1.08898e-06 0.00047149 0.0246759 0.156109 0.120487 0.0600736 0.261926 0.182757 0.0953891 0.067104 0.0236227 0.00639982 0.000918248 6.34591e-05 1.5548e-06 9.92811e-09 1.28751e-11 2.86654e-15 9.8481e-20
 1.21737e-41 1.68962e-33 2.83469e-26 5.7487e-20 1.40923e-14 4.1758e-10 1.4957e-06 0.000647587 0.0338921 0.214414 0.164909 0.0540753 0.193861 0.135929 0.109947 0.0701666 0.0177648 0.00388914 0.0004759 2.67388e-05 5.08042e-07 2.43192e-09 2.31378e-12 3.7235e-16 9.14826e-21
 1.27977e-41 1.77624e-33 2.98001e-26 6.0434e-20 1.48147e-14 4.38986e-10 1.57238e-06 0.000680785 0.0356296 0.225406 0.17362 0.0637151 0.220823 0.138096 0.0772455 0.046534 0.0151965 0.00280118 0.000240427 1.04122e-05 1.51168e-07 5.35295e-10 3.69478e-13 4.26924e-17 7.48415e-22
 1.17072e-41 1.62489e-33 2.72608e-26 5.52844e-20 1.35523e-14 4.0158e-10 1.4384e-06 0.000622775 0.0325936 0.206201 0.159233 0.0694061 0.234835 0.142833 0.0935978 0.0475749 0.0109834 0.00195379 0.00015976 4.85415e-06 4.94469e-08 1.26766e-10 6.28463e-14 5.17e-18 6.42412e-23
 1.4526e-41 2.01612e-33 3.38246e-26 6.85955e-20 1.68154e-14 4.98271e-10 1.78472e-06 0.000772724 0.0404413 0.255848 0.197075 0.0647037 0.184819 0.112455 0.0896014 0.0429675 0.00989276 0.00133482 8.46379e-05 2.21546e-06 1.62235e-08 2.79481e-11 9.5904e-15 5.54518e-19 4.8494e-24
 1.67799e-41 2.32894e-33 3.90729e-26 7.9239e-20 1.94245e-14 5.75584e-10 2.06165e-06 0.000892622 0.0467163 0.295546 0.227595 0.0687476 0.174745 0.0944767 0.0579473 0.0260171 0.00646466 0.00080785 4.08616e-05 7.7592e-07 4.37054e-09 5.45761e-12 1.26199e-15 4.90102e-20 2.93744e-25
 1.64446e-41 2.2824e-33 3.8292e-26 7.76554e-20 1.90363e-14 5.6408e-10 2.02044e-06 0.000874782 0.0457826 0.289643 0.22354 0.0772139 0.190522 0.0958562 0.0531789 0.0193896 0.00357392 0.000404517 1.88388e-05 2.8077e-07 1.11961e-09 1.00036e-12 1.66147e-16 4.47177e-21 1.80761e-26
 1.55396e-41 2.15679e-33 3.61847e-26 7.33818e-20 1.79887e-14 5.33038e-10 1.90925e-06 0.000826641 0.0432631 0.273706 0.211849 0.0840122 0.199654 0.100378 0.0626857 0.020251 0.00310356 0.00025887 9.30077e-06 1.16857e-07 3.62713e-10 2.29825e-13 2.64183e-17 4.97741e-22 1.4126e-27
 1.51699e-41 2.10549e-33 3.53239e-26 7.16362e-20 1.75608e-14 5.20358e-10 1.86384e-06 0.000806978 0.042234 0.2672 0.207345 0.089064 0.199058 0.101403 0.0686577 0.0208678 0.00314293 0.000213698 5.48532e-06 4.88096e-08 1.15354e-10 5.57125e-14 4.63222e-18 6.06815e-23 1.18485e-28
 1.93102e-41 2.68013e-33 4.49648e-26 9.11877e-20 2.23536e-14 6.62378e-10 2.37253e-06 0.00102722 0.0537608 0.34012 0.262539 0.0761028 0.135574 0.068817 0.0467036 0.013287 0.00194532 0.000118849 2.51085e-06 1.58301e-08 2.52503e-11 8.57697e-15 5.20736e-19 4.97665e-24 6.93556e-30
 1.62551e-41 2.25611e-33 3.78508e-26 7.67608e-20 1.8817e-14 5.57582e-10 1.99717e-06 0.000864705 0.0452552 0.286325 0.223447 0.107383 0.20578 0.0825029 0.0374464 0.00960452 0.00131557 7.22793e-05 1.33379e-06 6.74118e-09 7.7527e-12 1.77183e-15 7.2205e-20 4.77069e-25 4.71541e-31
 1.3343e-41 1.85193e-33 3.10699e-26 6.30091e-20 1.54459e-14 4.57691e-10 1.63938e-06 0.000709793 0.0371478 0.235047 0.185589 0.119954 0.225507 0.112855 0.0684945 0.013383 0.00125284 5.80171e-05 9.26855e-07 3.8969e-09 3.53168e-12 5.95003e-16 1.68517e-20 7.49245e-26 4.96691e-32
 1.22198e-41 1.69603e-33 2.84543e-26 5.77048e-20 1.41457e-14 4.19162e-10 1.50137e-06 0.000650041 0.0340206 0.215275 0.171408 0.124349 0.220443 0.128705 0.0846776 0.0185239 0.00188391 6.14719e-05 6.82589e-07 2.25656e-09 1.62456e-12 2.11592e-16 4.4786e-21 1.43641e-26 6.65824e-33
 1.63644e-41 2.27127e-33 3.81053e-26 7.72768e-20 1.89435e-14 5.61331e-10 2.01059e-06 0.000870518 0.0455595 0.28827 0.226209 0.104641 0.157267 0.0978171 0.062897 0.0147879 0.00162419 5.49017e-05 5.12149e-07 1.15111e-09 5.81639e-13 5.65251e-17 9.02745e-22 2.16176e-27 7.36554e-34
 1.48468e-41 2.06064e-33 3.45715e-26 7.01103e-20 1.71867e-14 5.09274e-10 1.82414e-06 0.000789788 0.0413345 0.261578 0.209243 0.140512 0.202579 0.0891345 0.0436595 0.0100431 0.00108741 3.75945e-05 3.45793e-07 6.80046e-10 2.53909e-13 1.6756e-17 1.84797e-22 3.17035e-28 7.88533e-35
 1.54503e-41 2.1444e-33 3.59768e-26 7.29603e-20 1.78853e-14 5.29975e-10 1.89829e-06 0.000821892 0.0430147 0.27222 0.217689 0.133673 0.178632 0.0990682 0.0469389 0.00731823 0.00060289 1.90697e-05 1.64339e-07 2.97997e-10 9.67411e-14 5.07572e-18 4.06421e-23 4.79744e-29 8.13852e-36
 1.5288e-41 2.12188e-33 3.55989e-26 7.21939e-20 1.76975e-14 5.24409e-10 1.87835e-06 0.00081326 0.042563 0.269398 0.217836 0.147738 0.182701 0.0919315 0.0399447 0.00661715 0.000446135 9.58327e-06 6.44778e-08 9.98152e-11 2.78336e-14 1.22987e-18 8.00733e-24 7.34412e-30 9.22758e-37
 1.64698e-41 2.2859e-33 3.83508e-26 7.77746e-20 1.90655e-14 5.64946e-10 2.02354e-06 0.000876125 0.0458531 0.290235 0.23442 0.143493 0.162306 0.0848655 0.033012 0.00465048 0.000281465 5.20055e-06 2.48485e-08 2.69518e-11 5.73416e-15 2.02156e-19 1.05777e-24 7.73983e-31 7.6499e-38
 1.59658e-41 2.21595e-33 3.71772e-26 7.53946e-20 1.84821e-14 5.47659e-10 1.96162e-06 0.000849316 0.0444502 0.281424 0.231144 0.161959 0.170178 0.0792081 0.0270969 0.00350816 0.000177739 2.68517e-06 1.04343e-08 8.4142e-12 1.23587e-15 3.04202e-20 1.16216e-25 6.41545e-32 4.85326e-39
 1.64242e-41 2.27957e-33 3.82445e-26 7.7559e-20 1.90127e-14 5.6338e-10 2.01794e-06 0.000873697 0.0457263 0.289543 0.238795 0.160798 0.158674 0.078834 0.0240541 0.00258961 0.000109571 1.35734e-06 4.12345e-09 2.56157e-12 2.82739e-16 4.98921e-21 1.31948e-26 5.02297e-33 2.66675e-40
 1.64835e-41 2.28781e-33 3.83827e-26 7.78393e-20 1.90814e-14 5.65417e-10 2.02523e-06 0.000876856 0.0458918 0.290672 0.242808 0.170446 0.155645 0.071779 0.0198315 0.00197814 6.88368e-05 6.64169e-07 1.56201e-09 7.36901e-13 6.06428e-17 7.91067e-22 1.5293e-27 4.1759e-34 1.55841e-41
 1.68654e-41 2.34081e-33 3.9272e-26 7.96428e-20 1.95235e-14 5.78517e-10 2.07215e-06 0.000897171 0.0469554 0.297484 0.25043 0.172691 0.147514 0.0665514 0.016067 0.00136756 4.03777e-05 3.17384e-07 5.67438e-10 1.98273e-13 1.20299e-17 1.14968e-22 1.61712e-28 3.19957e-35 8.6255e-43
 1.68093e-41 2.33302e-33 3.91412e-26 7.93776e-20 1.94585e-14 5.76591e-10 2.06525e-06 0.000894184 0.0467995 0.296627 0.25371 0.181739 0.14495 0.0611846 0.013097 0.000973273 2.34445e-05 1.46626e-07 2.04888e-10 5.40035e-14 2.39418e-18 1.65024e-23 1.67064e-29 2.37816e-36 4.60609e-44
 1.47272e-41 2.04403e-33 3.42929e-26 6.95453e-20 1.70482e-14 5.05169e-10 1.80943e-06 0.000783423 0.0410036 0.260239 0.235213 0.21468 0.166825 0.0678034 0.0126418 0.000793091 1.56189e-05 7.70678e-08 8.21258e-11 1.62701e-14 5.36129e-19 2.7041e-24 1.97318e-30 2.00565e-37 2.76388e-45
 1.49742e-41 2.07831e-33 3.4868e-26 7.07117e-20 1.73341e-14 5.13642e-10 1.83978e-06 0.000796563 0.0416911 0.264504 0.234896 0.19753 0.167196 0.0782562 0.0142895 0.000825011 1.41663e-05 5.91858e-08 5.25327e-11 8.54118e-15 2.28727e-19 9.34534e-25 5.51608e-31 4.52161e-38 5.00093e-46
 1.55381e-41 2.15658e-33 3.61811e-26 7.33746e-20 1.79869e-14 5.32985e-10 1.90907e-06 0.000826561 0.043261 0.274425 0.242007 0.194965 0.158478 0.0711816 0.0139732 0.000865215 1.43776e-05 5.45879e-08 4.27367e-11 6.05828e-15 1.40813e-19 4.97764e-25 2.53534e-31 1.79164e-38 1.70888e-46
#spawning biomass
 15759.3 18461.6 20561.6 23534.6 29389.1 35707.3 39374.7 47996.4 65011 84075.5 96194.7 115848 166178 207887 193937 157964 145411 144334 135693 131827 150060 156121 163199 172637 192024 189013 189437 175711 152956 228353 172120 80772.8 34842.4 22156.7 19289.6 18693.7 18575.8 18553.3 18549.1 18548.3 18548.2 18548.2 18548.2 18548.2 18548.2 18548.2 18548.2 18548.2 18548.2 18548.2 18548.2 18548.2 18548.2 18548.2 18548.2 18548.2 18548.2 18548.2 18548.2 18548.2 18548.2 18548.2 18548.2 18548.2 18548.2 18548.2 18548.2 18548.2 18548.2 18548.2 18548.2 18548.2 18548.2 18548.2 18548.2 18548.2 18548.2 18548.2 18548.2 18548.2 18548.2 18548.2 18548.2 18548.2 18548.2 18548.2 18548.2 18548.2 18548.2 18548.2 18548.2 18548.2 18548.2 18548.2 18548.2 18548.2 18548.2 18548.2 18548.2 18548.2 18548.2 18548.2 18548.2 18548.2 18548.2 18548.2 18548.2 18548.2 18548.2 18548.2 18548.2 18548.2 18548.2 18548.2 18548.2 18548.2 18548.2 18548.2 18548.2 18548.2 18548.2 18548.2 18548.2 18548.2 18548.2 18548.2 18548.2 18548.2 18548.2 0 0 0 0 0 0 0 0 0 0 0 0 0 0 0 0 0 0 0 0 0 0 0 0 0
