SBPRF35
0.0424954
Curr Bio
787511
B35
285605
F35
4.10887
FOFL
4.10887
OFL
650748
Bzero
12141.5
#pred survey bio
 64713.1 49850.5 44892.7 50674.8 89288.2 123040 152702 188441 264901 324335 327639 350871 402442 356207 361565 307915 373535 409395 346262 376410 358525 382125 365393 390846 412640 442096 391642 414244 9.74863e+06 3.17216e+06 955656 328085 155484 98677.1 78927.3 72213.2 69984.2 69255.2 69018.8 68942.5 68917.9 68910 68907.4 68906.6 68906.3 68906.2 68906.2 68906.2 68906.2 68906.2 68906.2 68906.2 68906.2 68906.2 68906.2 68906.2 68906.2 68906.2 68906.2 68906.2 68906.2 68906.2 68906.2 68906.2 68906.2 68906.2 68906.2 68906.2 68906.2 68906.2 68906.2 68906.2 68906.2 68906.2 68906.2 68906.2 68906.2 68906.2 68906.2 68906.2 68906.2 68906.2 68906.2 68906.2 68906.2 68906.2 68906.2 68906.2 68906.2 68906.2 68906.2 68906.2 68906.2 68906.2 68906.2 68906.2 68906.2 68906.2 68906.2 68906.2 68906.2 68906.2 68906.2 68906.2 68906.2 68906.2 68906.2 68906.2 68906.2 68906.2 68906.2 68906.2 68906.2 68906.2 68906.2 68906.2 68906.2 68906.2 68906.2 68906.2 68906.2 68906.2 68906.2 68906.2 68906.2 68906.2 68906.2 68906.2 0 0 0 0 0 0 0 0 0 0 0 0 0 0 0 0 0 0 0 0 0 0 0 0 0
#obs survey bio
 66569.2 59599.9 39103.7 73349.9 86769.5 94413.4 158827 155875 240706 316247 278513 436141 410839 348720 317332 231379 396811 402210 357571 463235 391298 436556 378074 322911 412366 501292 422960 390030
#pred catch bio
 26695.8 15118.5 12589.9 9824.44 16951.5 28155.2 41039.5 71457.8 91122.7 129095 121099 131563 134754 187369 145245 194605 180921 160880 172457 173812 191264 197728 196099 203997 226174 175282 225126 204209 650748 177587 30491.6 6431.79 4562.19 4492.44 4491.06 4491.04 4491.04 4491.04 4491.04 4491.04 4491.04 4491.04 4491.04 4491.04 4491.04 4491.04 4491.04 4491.04 4491.04 4491.04 4491.04 4491.04 4491.04 4491.04 4491.04 4491.04 4491.04 4491.04 4491.04 4491.04 4491.04 4491.04 4491.04 4491.04 4491.04 4491.04 4491.04 4491.04 4491.04 4491.04 4491.04 4491.04 4491.04 4491.04 4491.04 4491.04 4491.04 4491.04 4491.04 4491.04 4491.04 4491.04 4491.04 4491.04 4491.04 4491.04 4491.04 4491.04 4491.04 4491.04 4491.04 4491.04 4491.04 4491.04 4491.04 4491.04 4491.04 4491.04 4491.04 4491.04 4491.04 4491.04 4491.04 4491.04 4491.04 4491.04 4491.04 4491.04 4491.04 4491.04 4491.04 4491.04 4491.04 4491.04 4491.04 4491.04 4491.04 4491.04 4491.04 4491.04 4491.04 4491.04 4491.04 4491.04 4491.04 4491.04 4491.04 4491.04 0 0 0 0 0 0 0 0 0 0 0 0 0 0 0 0 0 0 0 0 0 0 0 0 0
#obs catch bio
 12699.2 14869.7 12656.4 9797.12 16838 28233.5 40874.7 72268.7 90359.9 130104 120759 131982 132927 191379 142570 199202 180398 159116 173955 173172 192311 197977 196419 203658 228799 171812 229216 203294
#pred cpue bio
 67827.3 52453 48423.6 53988.2 87678.7 119428 147811 182699 258153 317570 321083 341920 389477 344501 350154 298565 362593 399599 338929 367190 348447 370048 353307 378800 400480 430384 382151 402569 9.4789e+06 3.25763e+06 1.03798e+06 360136 164195 98639.1 76064.9 68562 66133.9 65357.8 65110.7 65032 65006.9 64998.9 64996.3 64995.5 64995.2 64995.1 64995.1 64995.1 64995.1 64995.1 64995.1 64995.1 64995.1 64995.1 64995.1 64995.1 64995.1 64995.1 64995.1 64995.1 64995.1 64995.1 64995.1 64995.1 64995.1 64995.1 64995.1 64995.1 64995.1 64995.1 64995.1 64995.1 64995.1 64995.1 64995.1 64995.1 64995.1 64995.1 64995.1 64995.1 64995.1 64995.1 64995.1 64995.1 64995.1 64995.1 64995.1 64995.1 64995.1 64995.1 64995.1 64995.1 64995.1 64995.1 64995.1 64995.1 64995.1 64995.1 64995.1 64995.1 64995.1 64995.1 64995.1 64995.1 64995.1 64995.1 64995.1 64995.1 64995.1 64995.1 64995.1 64995.1 64995.1 64995.1 64995.1 64995.1 64995.1 64995.1 64995.1 64995.1 64995.1 64995.1 64995.1 64995.1 64995.1 64995.1 64995.1 64995.1 0 0 0 0 0 0 0 0 0 0 0 0 0 0 0 0 0 0 0 0 0 0 0 0 0
#obs cpue bio
 76619.6 51749.3 33112.2 43401.5 118895 148574 146104 199550 301250 335134 364745 265952 433612 312220 450024 329531 356865 453812 288959 323630 298806 339379 325697 467136 377964 426624 317040 441964
#pred surv len freq
 2.24188e-11 1.05447e-09 3.43435e-08 7.74531e-07 1.20954e-05 0.000130795 0.000979402 0.00507878 0.0182438 0.045452 0.0789046 0.0971937 0.0906027 0.07589 0.0702283 0.0698568 0.0662144 0.0604219 0.0556662 0.0521579 0.050074 0.0492817 0.0470826 0.0396384 0.026889
 1.50594e-11 7.08324e-10 2.30697e-08 5.20279e-07 8.12493e-06 8.78609e-05 0.000657936 0.00341238 0.0122663 0.0306432 0.0537664 0.0689118 0.0728128 0.0785439 0.0923176 0.10138 0.0966491 0.0848164 0.0730586 0.0619698 0.0515086 0.0423759 0.0340354 0.0251187 0.015659
 6.58673e-12 3.09808e-10 1.00903e-08 2.27561e-07 3.55372e-06 3.84296e-05 0.000287792 0.00149299 0.00537181 0.0134696 0.0239749 0.0323333 0.0392269 0.0522562 0.0733284 0.0943714 0.109797 0.11845 0.11615 0.101279 0.0797982 0.0585112 0.0403147 0.0255038 0.0140408
 2.93054e-11 1.37839e-09 4.48931e-08 1.01245e-06 1.58109e-05 0.000170972 0.00128021 0.00663797 0.0238349 0.0592844 0.102256 0.12285 0.10465 0.0678213 0.0421475 0.0365881 0.044898 0.0591195 0.0714563 0.0751431 0.0675818 0.051772 0.03398 0.0192271 0.00928294
 4.47033e-11 2.10263e-09 6.84812e-08 1.54442e-06 2.41184e-05 0.000260805 0.00195288 0.0101259 0.03636 0.0904499 0.156091 0.187887 0.161073 0.10573 0.063656 0.0422508 0.0294052 0.0205202 0.0172204 0.0181289 0.0190287 0.0170139 0.0123331 0.00716353 0.00332233
 3.64481e-11 1.71434e-09 5.5835e-08 1.25922e-06 1.96645e-05 0.000212645 0.00159228 0.00825674 0.0296568 0.0738583 0.128029 0.156805 0.143204 0.113317 0.0951295 0.0831493 0.0635513 0.0401837 0.0227537 0.0133153 0.00913733 0.00720657 0.00547667 0.00345307 0.0016911
 3.97987e-11 1.87194e-09 6.09679e-08 1.37498e-06 2.14723e-05 0.000232192 0.00173864 0.00901529 0.0323762 0.0805794 0.13933 0.169004 0.149133 0.107494 0.0791078 0.0660283 0.0551182 0.0425097 0.029983 0.0186882 0.0100863 0.00501192 0.0025582 0.0013445 0.000638712
 3.85845e-11 1.81483e-09 5.91078e-08 1.33303e-06 2.08172e-05 0.000225108 0.0016856 0.0087404 0.0313908 0.0781441 0.135237 0.164593 0.14701 0.109626 0.0848135 0.0717988 0.0574354 0.0413071 0.0282587 0.0186693 0.0112556 0.00586118 0.00258999 0.000993152 0.000343682
 3.70182e-11 1.74116e-09 5.67085e-08 1.27892e-06 1.99722e-05 0.000215971 0.00161718 0.0083857 0.0301179 0.0749855 0.129839 0.158348 0.142487 0.108543 0.0870185 0.0760263 0.0623891 0.0458951 0.0315211 0.0203204 0.0119034 0.00618813 0.00279117 0.00105781 0.000328359
 3.64251e-11 1.71326e-09 5.57999e-08 1.25843e-06 1.96521e-05 0.00021251 0.00159127 0.00825135 0.0296354 0.0737847 0.127764 0.155834 0.140288 0.107038 0.0861714 0.0759378 0.0633839 0.0479956 0.0341605 0.0226976 0.0135164 0.00703044 0.00314231 0.00118063 0.00036335
 3.64768e-11 1.71569e-09 5.5879e-08 1.26021e-06 1.968e-05 0.000212812 0.00159353 0.00826304 0.0296773 0.073888 0.127936 0.156012 0.140346 0.106861 0.0857459 0.0753666 0.0628271 0.0476247 0.0341269 0.0230174 0.0140027 0.00744217 0.0033743 0.00127196 0.00038896
 3.84663e-11 1.80927e-09 5.89268e-08 1.32895e-06 2.07534e-05 0.000224419 0.00168043 0.00871357 0.0312938 0.0778968 0.134769 0.163834 0.145735 0.107484 0.08198 0.069533 0.057206 0.0432039 0.030948 0.0209307 0.0128301 0.00691279 0.00319319 0.00122789 0.000381861
 3.96163e-11 1.86336e-09 6.06884e-08 1.36867e-06 2.13738e-05 0.000231128 0.00173067 0.00897403 0.0322288 0.0802201 0.13876 0.168553 0.149496 0.109276 0.081915 0.06805 0.0545342 0.0396854 0.0273456 0.0180285 0.0109352 0.00588542 0.00273203 0.00106075 0.000334253
 3.90148e-11 1.83507e-09 5.9767e-08 1.34789e-06 2.10493e-05 0.000227619 0.0017044 0.00883784 0.0317404 0.0790116 0.136718 0.166299 0.148227 0.109899 0.0842939 0.0710538 0.0568963 0.0408442 0.0274505 0.0175132 0.0102518 0.00534772 0.0024315 0.00093554 0.000294725
 3.82907e-11 1.80101e-09 5.86578e-08 1.32288e-06 2.06587e-05 0.000223394 0.00167277 0.00867388 0.0311521 0.0775529 0.134233 0.163462 0.146299 0.109756 0.0858327 0.0734602 0.0593303 0.0428266 0.0287575 0.018087 0.0102677 0.00512297 0.00221322 0.000810447 0.000244837
 3.85216e-11 1.81187e-09 5.90116e-08 1.33086e-06 2.07833e-05 0.000224742 0.00168285 0.00872615 0.0313394 0.0780146 0.135001 0.164254 0.146545 0.108987 0.0841528 0.0716642 0.0583301 0.0428999 0.0294973 0.0189297 0.0108805 0.00544213 0.00232783 0.000833761 0.000244316
 3.77301e-11 1.77464e-09 5.7799e-08 1.30351e-06 2.03562e-05 0.000220124 0.00164828 0.00854692 0.0306966 0.0764227 0.132304 0.161241 0.144722 0.109446 0.0866731 0.0748397 0.0606912 0.0439872 0.029774 0.0189651 0.0109107 0.0054757 0.00234168 0.000832285 0.000239836
 3.65274e-11 1.71808e-09 5.59566e-08 1.26196e-06 1.97073e-05 0.000213107 0.00159574 0.00827455 0.029719 0.0739953 0.128145 0.15638 0.141035 0.108122 0.0875703 0.0771843 0.063837 0.0474264 0.0328867 0.0212399 0.0122768 0.00618124 0.00266169 0.000955944 0.00027843
 3.65633e-11 1.71976e-09 5.60115e-08 1.2632e-06 1.97267e-05 0.000213316 0.00159731 0.00828263 0.0297476 0.0740628 0.128236 0.156368 0.140633 0.107016 0.0858158 0.0754576 0.0629969 0.0477887 0.0340965 0.0226951 0.0135012 0.00697018 0.00305895 0.00111381 0.000328176
 3.76884e-11 1.77268e-09 5.77351e-08 1.30207e-06 2.03337e-05 0.00021988 0.00164645 0.00853742 0.0306619 0.0763311 0.132109 0.160834 0.143819 0.107667 0.0840956 0.072434 0.0596986 0.0448063 0.0317839 0.02125 0.0128278 0.00676099 0.00303277 0.00112602 0.000336949
 3.8284e-11 1.8007e-09 5.86476e-08 1.32265e-06 2.06551e-05 0.000223355 0.00167247 0.00867234 0.0311463 0.0775349 0.134179 0.163289 0.1458 0.108672 0.0841852 0.071802 0.0584079 0.0429843 0.0298108 0.0195789 0.011704 0.00616196 0.00278495 0.00104879 0.000319397
 3.88592e-11 1.82775e-09 5.95286e-08 1.34252e-06 2.09654e-05 0.000226711 0.0016976 0.0088026 0.0316138 0.0786961 0.13617 0.165623 0.147598 0.109394 0.0839299 0.0709644 0.0572742 0.0416646 0.028398 0.0182427 0.0106333 0.0054593 0.00241772 0.00089914 0.00027258
 3.89479e-11 1.83192e-09 5.96646e-08 1.34559e-06 2.10133e-05 0.000227229 0.00170148 0.00882271 0.0316861 0.0788766 0.136486 0.166027 0.148015 0.109817 0.0843605 0.071287 0.0573106 0.0413614 0.0278728 0.0176649 0.0101282 0.00509374 0.00220283 0.000799704 0.000237285
 3.80876e-11 1.79146e-09 5.83467e-08 1.31586e-06 2.05491e-05 0.00022221 0.0016639 0.00862789 0.0309871 0.0771435 0.133534 0.162658 0.145729 0.109648 0.0861477 0.073983 0.0598625 0.0432935 0.029158 0.0184054 0.0104696 0.00520491 0.00221818 0.000791529 0.000230409
 3.81134e-11 1.79267e-09 5.83862e-08 1.31675e-06 2.0563e-05 0.00022236 0.00166502 0.00863371 0.0310078 0.0771925 0.133603 0.162664 0.14549 0.108973 0.0850993 0.0730336 0.059572 0.0437746 0.0300225 0.019197 0.0109844 0.00546388 0.00232021 0.000822063 0.000236905
 3.71144e-11 1.74568e-09 5.68558e-08 1.28224e-06 2.0024e-05 0.000216532 0.00162138 0.00840749 0.0301961 0.0751803 0.130176 0.158759 0.142855 0.10881 0.0871841 0.0760582 0.0622481 0.045648 0.0312988 0.020133 0.0116517 0.00586822 0.00251464 0.000894387 0.000257494
 3.7223e-11 1.75079e-09 5.70222e-08 1.28599e-06 2.00826e-05 0.000217165 0.00162613 0.00843204 0.0302839 0.0753941 0.130515 0.159025 0.142627 0.107686 0.0852712 0.0742114 0.06147 0.0461753 0.0325369 0.0213766 0.0125688 0.00643299 0.00280952 0.00102018 0.000299587
 3.82588e-11 1.79951e-09 5.86089e-08 1.32178e-06 2.06415e-05 0.000223208 0.00167137 0.00866662 0.0311257 0.0774837 0.13409 0.163178 0.145693 0.108583 0.0841295 0.0718351 0.0585912 0.0432934 0.0301106 0.0197268 0.0116658 0.00601885 0.00264446 0.000963908 0.00028404
#obs surv len freq
 2.71173e-11 1.27547e-09 4.15411e-08 9.36857e-07 1.46304e-05 0.000158207 0.00118466 0.0061431 0.0220663 0.054966 0.0953605 0.117179 0.108311 0.0887732 0.0797057 0.0772829 0.0712131 0.0623272 0.0542343 0.0468681 0.0393955 0.0313225 0.0225227 0.0139185 0.00705261
 5.18838e-12 2.44036e-10 7.94811e-09 1.79251e-07 2.79931e-06 3.02727e-05 0.000226744 0.00117704 0.00424586 0.0107528 0.0198612 0.0300872 0.0460082 0.0752733 0.110598 0.129586 0.123564 0.106204 0.0898764 0.0756425 0.0619467 0.0482848 0.0344611 0.0213286 0.0108431
 1.72438e-14 8.1108e-13 2.64185e-11 5.95994e-10 9.31911e-09 1.0128e-07 7.73478e-07 4.32178e-06 1.99632e-05 9.37069e-05 0.000465683 0.00203331 0.00684467 0.0175601 0.0364482 0.0658586 0.104923 0.140817 0.154799 0.143017 0.117622 0.0895556 0.062488 0.0381548 0.0192941
 5.28927e-11 2.48782e-09 8.10266e-08 1.82736e-06 2.85367e-05 0.000308583 0.0023106 0.0119802 0.0430122 0.106931 0.184078 0.219427 0.181131 0.103602 0.0413425 0.0124946 0.00549176 0.00737361 0.01197 0.015979 0.0170624 0.0148476 0.0107804 0.00656519 0.00328185
 3.32301e-11 1.56298e-09 5.09054e-08 1.14805e-06 1.79284e-05 0.000193871 0.00145173 0.00752827 0.0270458 0.0674089 0.117213 0.145267 0.138088 0.120204 0.11247 0.101506 0.0727361 0.0381639 0.0156583 0.00772315 0.00706536 0.00740007 0.00636726 0.00427035 0.00221932
 3.92002e-11 1.84379e-09 6.0051e-08 1.3543e-06 2.11494e-05 0.0002287 0.00171249 0.00887968 0.0318891 0.0793646 0.137214 0.166369 0.146607 0.105364 0.0776435 0.0662026 0.0578745 0.0469443 0.0335152 0.0197892 0.0096814 0.00473347 0.00292358 0.00195242 0.00108901
 3.99292e-11 1.87808e-09 6.11677e-08 1.37949e-06 2.15427e-05 0.000232953 0.00174434 0.00904491 0.0324834 0.0808524 0.139847 0.169839 0.150516 0.109716 0.0816655 0.0669962 0.0527054 0.0377486 0.0263304 0.0181524 0.0114041 0.00609966 0.00281955 0.00123783 0.000542214
 3.65742e-11 1.72027e-09 5.60282e-08 1.26358e-06 1.97326e-05 0.00021338 0.00159779 0.00828518 0.0297578 0.0740962 0.128351 0.156777 0.14185 0.109637 0.0895837 0.0785889 0.0633572 0.0450125 0.0299377 0.0192984 0.0118135 0.00663746 0.00328882 0.00139166 0.000502463
 3.68359e-11 1.73258e-09 5.64291e-08 1.27262e-06 1.98738e-05 0.000214907 0.00160922 0.00834437 0.0299692 0.0746117 0.129169 0.157424 0.14132 0.106982 0.0851016 0.0744058 0.0619433 0.0468624 0.0333331 0.0222228 0.0134775 0.00735432 0.00358104 0.00151493 0.000537669
 3.54935e-11 1.66945e-09 5.43727e-08 1.22624e-06 1.91495e-05 0.000207076 0.00155058 0.0080404 0.0288788 0.0719093 0.124576 0.152226 0.137933 0.107082 0.0882707 0.0785047 0.0649019 0.0483023 0.0342716 0.023473 0.0148928 0.00843605 0.00416281 0.00174964 0.000611823
 3.65755e-11 1.72034e-09 5.60302e-08 1.26362e-06 1.97333e-05 0.000213388 0.00159784 0.00828538 0.0297574 0.0740851 0.128262 0.156339 0.140412 0.106426 0.0847909 0.0741437 0.0616638 0.0467501 0.0337246 0.0232508 0.0148398 0.00855538 0.00434237 0.00187444 0.000665307
 3.92405e-11 1.84569e-09 6.01128e-08 1.3557e-06 2.11711e-05 0.000228936 0.00171426 0.00888892 0.0319232 0.0794589 0.137441 0.166939 0.148028 0.108138 0.081025 0.0674328 0.0544016 0.0401984 0.0284771 0.0195917 0.0126296 0.00738104 0.00380293 0.00167157 0.000605511
 3.94897e-11 1.85741e-09 6.04945e-08 1.3643e-06 2.13056e-05 0.00023039 0.00172514 0.0089454 0.0321265 0.0799689 0.138351 0.168176 0.149541 0.110083 0.0833425 0.069301 0.054717 0.0386806 0.0258963 0.0169883 0.010641 0.0061516 0.00317881 0.00141299 0.000519564
 3.78901e-11 1.78217e-09 5.8044e-08 1.30904e-06 2.04425e-05 0.000221057 0.00165527 0.00858317 0.030827 0.0767481 0.132874 0.161965 0.145464 0.110165 0.0872907 0.0749952 0.0599427 0.0423808 0.0279872 0.01777 0.0106124 0.0058425 0.00291391 0.00127345 0.000467257
 3.84221e-11 1.80719e-09 5.88591e-08 1.32742e-06 2.07296e-05 0.000224161 0.00167851 0.00870362 0.0312587 0.0778142 0.13466 0.163866 0.146284 0.108961 0.0842926 0.0717426 0.058139 0.0424748 0.0291286 0.0189084 0.011261 0.0060419 0.00289441 0.00121329 0.000431118
 3.80613e-11 1.79022e-09 5.83063e-08 1.31495e-06 2.05349e-05 0.000222056 0.00166275 0.00862192 0.0309658 0.0770896 0.133438 0.162527 0.145565 0.109407 0.0857401 0.0733142 0.0589397 0.0423984 0.0287919 0.0188465 0.0114775 0.00628127 0.00301744 0.00124316 0.00042866
 3.6797e-11 1.73075e-09 5.63695e-08 1.27128e-06 1.98528e-05 0.00021468 0.00160752 0.00833561 0.0299384 0.074541 0.129088 0.15752 0.142021 0.10875 0.0877648 0.0767328 0.0624967 0.0454301 0.0310464 0.0202981 0.0123184 0.0067597 0.00327983 0.00136421 0.000470645
 3.58515e-11 1.68628e-09 5.49211e-08 1.23861e-06 1.93427e-05 0.000209164 0.00156622 0.00812146 0.0291696 0.0726307 0.125806 0.153637 0.138921 0.107255 0.08777 0.0778629 0.0645645 0.0481993 0.0339599 0.0227351 0.0139843 0.0077198 0.00375621 0.0015678 0.000543515
 3.63544e-11 1.70994e-09 5.56915e-08 1.25598e-06 1.9614e-05 0.000212098 0.00158818 0.00823532 0.0295779 0.0736411 0.127513 0.155518 0.13997 0.106704 0.0857227 0.0752595 0.0624679 0.0471086 0.0338069 0.0231998 0.0146739 0.00831227 0.00412146 0.00173978 0.000607018
 3.85074e-11 1.8112e-09 5.89897e-08 1.33037e-06 2.07756e-05 0.000224659 0.00168223 0.00872289 0.0313275 0.0779813 0.134921 0.164049 0.146016 0.107852 0.082336 0.069532 0.056495 0.0419105 0.0297326 0.0204098 0.0130842 0.0075818 0.00385837 0.00166819 0.000593022
 3.75526e-11 1.76629e-09 5.75271e-08 1.29738e-06 2.02605e-05 0.000219088 0.00164053 0.00850673 0.0305524 0.0760646 0.131691 0.160525 0.144178 0.109215 0.086603 0.0745574 0.059917 0.0429364 0.0291393 0.0193081 0.0121452 0.00701307 0.00360338 0.00158664 0.000576222
 3.98679e-11 1.87519e-09 6.10738e-08 1.37737e-06 2.15096e-05 0.000232596 0.00174166 0.00903099 0.0324333 0.0807264 0.139619 0.16952 0.150105 0.109195 0.0812083 0.0671128 0.053749 0.0391306 0.0268935 0.0176566 0.0107816 0.0060174 0.00302067 0.00132014 0.000481997
 3.77611e-11 1.7761e-09 5.78465e-08 1.30458e-06 2.0373e-05 0.000220305 0.00164964 0.00855397 0.0307223 0.0764889 0.132435 0.161477 0.145175 0.110247 0.0876739 0.0753797 0.0600585 0.0422789 0.0279662 0.0179855 0.0109193 0.00604417 0.00297706 0.00127064 0.000455408
 3.81391e-11 1.79388e-09 5.84254e-08 1.31764e-06 2.05768e-05 0.00022251 0.00166614 0.0086395 0.0310286 0.0772433 0.133685 0.162737 0.145466 0.10876 0.0846668 0.0724373 0.0589083 0.043168 0.0296618 0.0192694 0.0115047 0.00621332 0.00299865 0.0012586 0.000443528
 3.77425e-11 1.77522e-09 5.78179e-08 1.30394e-06 2.03629e-05 0.000220196 0.00164882 0.00854971 0.0307066 0.0764458 0.132333 0.161227 0.14455 0.108969 0.0858388 0.0737789 0.059655 0.0432752 0.0296811 0.0195846 0.0119874 0.00658396 0.00317493 0.00131365 0.000454313
 3.59146e-11 1.68925e-09 5.50178e-08 1.24079e-06 1.93768e-05 0.000209532 0.00156897 0.00813579 0.0292213 0.0727616 0.126047 0.154002 0.13947 0.108112 0.0888809 0.078765 0.0646822 0.0474292 0.0327625 0.0216614 0.0132866 0.00735995 0.00359754 0.00150451 0.000521223
 3.77604e-11 1.77607e-09 5.78453e-08 1.30456e-06 2.03726e-05 0.0002203 0.0016496 0.00855372 0.0307204 0.0764749 0.132347 0.161071 0.143862 0.107343 0.0834023 0.0715821 0.05895 0.0443048 0.0315844 0.0214016 0.0133212 0.00744304 0.00366345 0.00154425 0.000539534
 3.82975e-11 1.80133e-09 5.86681e-08 1.32311e-06 2.06623e-05 0.000223434 0.00167306 0.00867539 0.0311574 0.0775632 0.134233 0.163378 0.145951 0.108903 0.0843854 0.0716448 0.0575952 0.0417115 0.0287748 0.0193449 0.0122282 0.00699415 0.00351187 0.00150092 0.000529503
#pred catch len freq
 2.11161e-11 9.93203e-10 3.2348e-08 7.29527e-07 1.13926e-05 0.000123196 0.000922499 0.00478377 0.017185 0.0428226 0.0743988 0.0919215 0.0865827 0.0743925 0.0710922 0.0722744 0.0696103 0.0645076 0.0600366 0.0561706 0.0530014 0.0505156 0.0465158 0.0379566 0.0251742
 1.36668e-11 6.42823e-10 2.09363e-08 4.72167e-07 7.3736e-06 7.97364e-05 0.000597101 0.00309696 0.0111339 0.0278284 0.0489238 0.0631544 0.0681186 0.0760447 0.0918374 0.102462 0.0992042 0.0887215 0.077707 0.0664723 0.0550927 0.0445765 0.0348256 0.0249458 0.01517
 5.758e-12 2.70829e-10 8.82072e-09 1.9893e-07 3.1066e-06 3.35946e-05 0.000251588 0.00130524 0.0046974 0.0117893 0.0210578 0.0287404 0.0358902 0.0495549 0.0712169 0.0932817 0.110584 0.12138 0.120473 0.105784 0.0834308 0.0606742 0.0410172 0.025279 0.0135554
 2.66479e-11 1.25339e-09 4.0822e-08 9.20638e-07 1.43771e-05 0.000155467 0.00116412 0.00603604 0.0216738 0.0539122 0.0930107 0.111843 0.0956175 0.0628352 0.0407 0.0375495 0.0479723 0.0644943 0.078886 0.083532 0.0752878 0.0574601 0.0373097 0.0207438 0.00980143
 4.31509e-11 2.02961e-09 6.61032e-08 1.49079e-06 2.32808e-05 0.000251749 0.00188506 0.00977429 0.0350982 0.0873171 0.150726 0.181624 0.15634 0.104027 0.0646068 0.04445 0.0317278 0.0227602 0.019764 0.021211 0.0223317 0.0198781 0.0142799 0.00818692 0.00373499
 3.48561e-11 1.63946e-09 5.33963e-08 1.20422e-06 1.88056e-05 0.000203357 0.00152274 0.00789623 0.0283633 0.07065 0.122558 0.15053 0.138835 0.112688 0.0979229 0.0875332 0.0677341 0.043396 0.0250273 0.0149168 0.0103237 0.00811524 0.00611104 0.00381022 0.00184304
 3.82463e-11 1.79892e-09 5.85898e-08 1.32135e-06 2.06347e-05 0.000223135 0.00167082 0.00866373 0.0311145 0.0774483 0.133977 0.1628 0.144602 0.106291 0.0810139 0.0697267 0.0593928 0.0466252 0.0333921 0.0210218 0.0113937 0.00563997 0.00283659 0.00146152 0.000682592
 3.71693e-11 1.74827e-09 5.69399e-08 1.28414e-06 2.00537e-05 0.000216852 0.00162378 0.00841992 0.0302407 0.0752908 0.130364 0.158971 0.142988 0.108762 0.0868583 0.0753461 0.0611738 0.0446388 0.0310061 0.0207082 0.0125439 0.00652591 0.00286061 0.00107703 0.000362415
 3.55005e-11 1.66977e-09 5.43834e-08 1.22648e-06 1.91533e-05 0.000207116 0.00155088 0.00804198 0.0288844 0.0719248 0.12461 0.152303 0.138124 0.107509 0.0890678 0.0797391 0.0664456 0.0496215 0.0345969 0.0225418 0.0132735 0.0069057 0.00310504 0.00116835 0.000358351
 3.49843e-11 1.6455e-09 5.35928e-08 1.20865e-06 1.88748e-05 0.000204105 0.00152833 0.00792506 0.0284645 0.070879 0.122798 0.150088 0.136118 0.105993 0.0880226 0.0793791 0.0672147 0.0515933 0.0371869 0.0249036 0.0148676 0.00771869 0.00343017 0.00127732 0.000388722
 3.49835e-11 1.64545e-09 5.35914e-08 1.20862e-06 1.88743e-05 0.0002041 0.0015283 0.00792486 0.0284637 0.0708762 0.122788 0.150051 0.136005 0.105734 0.0875938 0.0788512 0.066731 0.051326 0.0372889 0.0253752 0.0154908 0.00822597 0.00371288 0.00138901 0.000420573
 3.70419e-11 1.74227e-09 5.67447e-08 1.27973e-06 1.99849e-05 0.000216108 0.00161821 0.00839099 0.0301362 0.0750241 0.129859 0.158152 0.14161 0.106445 0.0837947 0.0729018 0.0609388 0.0467015 0.0339105 0.0231326 0.0142231 0.00765247 0.00351707 0.00134183 0.000413227
 3.82193e-11 1.79765e-09 5.85484e-08 1.32041e-06 2.06202e-05 0.000222978 0.00166965 0.00865768 0.0310936 0.0774034 0.133949 0.162999 0.145507 0.108382 0.0838768 0.0715121 0.0582321 0.0430138 0.0300827 0.0200377 0.0122062 0.00656537 0.00303377 0.001169 0.000364861
 3.79063e-11 1.78293e-09 5.8069e-08 1.3096e-06 2.04513e-05 0.000221152 0.00165598 0.00858683 0.0308397 0.0767774 0.132906 0.161917 0.145145 0.109377 0.0861392 0.0740938 0.0599978 0.0434665 0.0294481 0.0188547 0.0110121 0.00570221 0.00256365 0.000972833 0.000301869
 3.69753e-11 1.73914e-09 5.66427e-08 1.27743e-06 1.9949e-05 0.00021572 0.00161531 0.00837599 0.0300832 0.074901 0.129706 0.158245 0.142587 0.109017 0.0878457 0.0769055 0.0629518 0.0460044 0.0312651 0.0198195 0.0112789 0.00561519 0.00241081 0.000874363 0.000261006
 3.75213e-11 1.76482e-09 5.74791e-08 1.2963e-06 2.02435e-05 0.000218906 0.00163916 0.00849961 0.0305265 0.0759983 0.131561 0.1603 0.143769 0.108529 0.0858433 0.0744469 0.0611785 0.0453104 0.0313138 0.020112 0.011512 0.00570929 0.00241301 0.00085164 0.000245429
 3.64879e-11 1.71622e-09 5.5896e-08 1.26059e-06 1.9686e-05 0.000212877 0.00159402 0.00826561 0.0296871 0.0739185 0.128029 0.156318 0.141229 0.108773 0.0886098 0.0781248 0.0641208 0.0469741 0.0321178 0.0205789 0.011847 0.00592449 0.00251625 0.000885839 0.000252338
 3.51194e-11 1.65185e-09 5.37997e-08 1.21332e-06 1.89477e-05 0.000204893 0.00153424 0.00795569 0.0285747 0.0711561 0.123295 0.150777 0.136999 0.10719 0.0895161 0.0806818 0.0676485 0.050916 0.035746 0.023271 0.0134886 0.00678244 0.00290692 0.00103632 0.000299031
 3.52938e-11 1.66005e-09 5.40669e-08 1.21934e-06 1.90418e-05 0.00020591 0.00154185 0.00799515 0.028716 0.071503 0.123863 0.151316 0.136996 0.106179 0.0875754 0.0786186 0.0664434 0.0509469 0.0366855 0.0245299 0.0145854 0.00749574 0.00326408 0.00117631 0.000342455
 3.6416e-11 1.71284e-09 5.57859e-08 1.25811e-06 1.96472e-05 0.000212457 0.00159087 0.00824928 0.0296279 0.0737656 0.127727 0.155773 0.140181 0.106844 0.0858789 0.0756079 0.0631277 0.0479231 0.0343379 0.0230799 0.0139326 0.00731275 0.00325617 0.00119719 0.000354189
 3.71488e-11 1.7473e-09 5.69085e-08 1.28343e-06 2.00426e-05 0.000216733 0.00162289 0.00841526 0.0302238 0.0752464 0.130273 0.15879 0.142609 0.108061 0.0859614 0.0748111 0.0615471 0.0457164 0.0319532 0.021052 0.0125552 0.00656529 0.00293749 0.00109277 0.000328347
 3.77377e-11 1.775e-09 5.78107e-08 1.30377e-06 2.03603e-05 0.000220168 0.00164861 0.00854864 0.0307025 0.0764355 0.132312 0.161184 0.144462 0.108826 0.085739 0.0739903 0.0604015 0.0443515 0.0304731 0.0196465 0.0114305 0.00583074 0.00255639 0.000938852 0.000280674
 3.78409e-11 1.77986e-09 5.79688e-08 1.30734e-06 2.0416e-05 0.00022077 0.00165312 0.00857201 0.0307865 0.0766452 0.132679 0.161649 0.144933 0.109286 0.0861921 0.0743175 0.0604167 0.0440006 0.0298866 0.0190106 0.010882 0.00543915 0.00232931 0.000835116 0.000244286
 3.69323e-11 1.73712e-09 5.65768e-08 1.27595e-06 1.99258e-05 0.000215469 0.00161343 0.00836626 0.0300483 0.0748146 0.12956 0.158086 0.142502 0.109073 0.0880275 0.0771181 0.0630974 0.0460648 0.0312872 0.0198341 0.0112721 0.00557439 0.00235493 0.000830761 0.00023863
 3.69863e-11 1.73966e-09 5.66595e-08 1.27781e-06 1.99549e-05 0.000215784 0.00161578 0.00837845 0.0300918 0.0749203 0.129725 0.1582 0.14233 0.108385 0.086895 0.0760624 0.0627287 0.0465106 0.0321419 0.0206207 0.0117792 0.00582501 0.002451 0.000858321 0.000244057
 3.5733e-11 1.68071e-09 5.47397e-08 1.23452e-06 1.92787e-05 0.000208473 0.00156104 0.00809465 0.0290735 0.072395 0.125419 0.153268 0.138919 0.107948 0.0891679 0.0795509 0.0659939 0.0490205 0.0340335 0.0220721 0.0128116 0.00644467 0.00274912 0.000970671 0.000276851
 3.6117e-11 1.69877e-09 5.53279e-08 1.24778e-06 1.94859e-05 0.000210713 0.00157781 0.00818158 0.0293851 0.0731644 0.126709 0.154639 0.139508 0.10707 0.0869771 0.0771356 0.064559 0.0488963 0.0346736 0.0228224 0.0133762 0.00679632 0.00293751 0.0010534 0.000305107
 3.70518e-11 1.74274e-09 5.676e-08 1.28008e-06 1.99903e-05 0.000216167 0.00161865 0.00839329 0.0301449 0.0750503 0.129935 0.158388 0.142278 0.107882 0.0859411 0.0749613 0.0618971 0.0462201 0.0324457 0.021358 0.0126244 0.00648301 0.0028259 0.00101941 0.000296808
#obs catch len freq
 2.40644e-11 1.13187e-09 3.68643e-08 8.31384e-07 1.29833e-05 0.000140396 0.0010513 0.00545169 0.0195847 0.0488048 0.084809 0.104861 0.0989979 0.0854049 0.0815227 0.0815253 0.0758253 0.067231 0.0602253 0.0536867 0.0456302 0.0359545 0.0255557 0.015734 0.0079896
 2.5977e-11 1.22184e-09 3.97944e-08 8.97464e-07 1.40152e-05 0.000151555 0.00113485 0.00588488 0.0211396 0.0526663 0.0914298 0.112627 0.104995 0.0879003 0.08105 0.0797369 0.073775 0.0645892 0.056175 0.0485252 0.0407781 0.0324172 0.023308 0.0144032 0.00729806
 4.83305e-12 2.27323e-10 7.40379e-09 1.66975e-07 2.6076e-06 2.81997e-05 0.000211222 0.00109658 0.00395713 0.0100366 0.0186392 0.0286825 0.0450199 0.0751021 0.11117 0.130503 0.124445 0.106898 0.0904044 0.0760524 0.0622659 0.0485263 0.0346307 0.0214326 0.0108957
 1.60469e-14 7.54784e-13 2.4585e-11 5.54644e-10 8.67341e-09 9.42994e-08 7.21245e-07 4.05178e-06 1.90054e-05 9.1441e-05 0.00046257 0.00203333 0.00685693 0.017595 0.0365062 0.0659232 0.104971 0.140836 0.154787 0.14298 0.117572 0.0895053 0.0624477 0.0381283 0.0192802
 5.25412e-11 2.47128e-09 8.04881e-08 1.81521e-06 2.83471e-05 0.000306532 0.00229525 0.0119006 0.0427263 0.10622 0.182855 0.217969 0.179928 0.102919 0.0410947 0.012503 0.00569746 0.00783491 0.0127486 0.0170194 0.0181723 0.0158127 0.0114806 0.0069914 0.00349483
 3.21972e-11 1.5144e-09 4.93231e-08 1.11236e-06 1.73712e-05 0.000187846 0.00140661 0.00729439 0.0262068 0.0653303 0.113684 0.14129 0.13556 0.120471 0.115268 0.105205 0.0756559 0.0397317 0.0162992 0.00802842 0.00733596 0.00768149 0.00660911 0.00443248 0.00230356
 3.8343e-11 1.80347e-09 5.87377e-08 1.32468e-06 2.06869e-05 0.000223699 0.00167504 0.00868555 0.0311925 0.0776369 0.134267 0.162985 0.14424 0.105002 0.0791458 0.0686558 0.0603735 0.0490117 0.0349807 0.0206481 0.0100992 0.00493619 0.00304789 0.00203518 0.00113514
 3.91182e-11 1.83993e-09 5.99253e-08 1.35147e-06 2.11051e-05 0.000228222 0.00170891 0.00886125 0.0318244 0.0792186 0.137064 0.166663 0.14836 0.10955 0.0833192 0.0694467 0.0549437 0.0393863 0.027458 0.0189186 0.0118815 0.00635392 0.00293675 0.00128915 0.000564652
 3.56737e-11 1.67792e-09 5.46487e-08 1.23247e-06 1.92467e-05 0.000208127 0.00155845 0.00808126 0.0290261 0.0722822 0.125262 0.153255 0.139469 0.109484 0.0914712 0.0813752 0.0659002 0.0468469 0.0311411 0.0200623 0.0122764 0.00689599 0.00341648 0.00144557 0.000521902
 3.61088e-11 1.69838e-09 5.53152e-08 1.2475e-06 1.94815e-05 0.000210665 0.00157745 0.00817971 0.0293784 0.0731466 0.126672 0.154569 0.139361 0.106777 0.0865086 0.0765557 0.0639778 0.0484162 0.0344175 0.0229331 0.0139035 0.00758513 0.00369292 0.00156212 0.000554392
 3.47904e-11 1.63637e-09 5.32956e-08 1.20195e-06 1.87702e-05 0.000202973 0.00151986 0.00788117 0.0283074 0.0704927 0.122162 0.149468 0.136049 0.106904 0.0896581 0.0805968 0.0668495 0.0497595 0.0352812 0.0241497 0.0153166 0.00867433 0.00427987 0.0017987 0.000628951
 3.5895e-11 1.68833e-09 5.49878e-08 1.24011e-06 1.93662e-05 0.000209418 0.00156811 0.00813129 0.0292045 0.072714 0.125925 0.153666 0.138574 0.106224 0.0860895 0.0761308 0.0635402 0.0481826 0.0347351 0.0239335 0.0152701 0.00880163 0.0044668 0.00192801 0.000684292
 3.86064e-11 1.81586e-09 5.91414e-08 1.33379e-06 2.0829e-05 0.000225236 0.00168656 0.00874532 0.031408 0.0781813 0.135264 0.164451 0.146327 0.107973 0.0822679 0.0693102 0.0561502 0.0415073 0.0293852 0.0202039 0.0130195 0.00760729 0.00391902 0.00172248 0.000623924
 3.89597e-11 1.83247e-09 5.96825e-08 1.34599e-06 2.10196e-05 0.000227297 0.00170199 0.00882537 0.0316958 0.0789013 0.136533 0.166104 0.148144 0.110002 0.0844654 0.0709479 0.0562077 0.0397436 0.0265884 0.0174299 0.0109129 0.00630727 0.00325881 0.00144844 0.000532576
 3.72576e-11 1.75242e-09 5.70751e-08 1.28719e-06 2.01013e-05 0.000217367 0.00162764 0.00843995 0.0303131 0.0754742 0.130705 0.159494 0.1438 0.110075 0.0886439 0.0769786 0.0617413 0.0436641 0.0288152 0.0182834 0.0109144 0.00600728 0.00299565 0.00130906 0.0004803
 3.7878e-11 1.7816e-09 5.80255e-08 1.30862e-06 2.0436e-05 0.000220987 0.00165474 0.0085804 0.0308166 0.0767181 0.132793 0.161735 0.144839 0.108854 0.0854145 0.0734131 0.0596803 0.0436065 0.0298834 0.0193859 0.0115409 0.0061906 0.00296521 0.00124285 0.000441599
 3.74714e-11 1.76247e-09 5.74026e-08 1.29457e-06 2.02166e-05 0.000218615 0.00163698 0.00848834 0.0304865 0.0759013 0.131414 0.16022 0.144005 0.109304 0.0869729 0.0751356 0.0606042 0.0436042 0.0295896 0.0193558 0.0117829 0.00644695 0.00309661 0.00127567 0.000439849
 3.60972e-11 1.69784e-09 5.52975e-08 1.2471e-06 1.94752e-05 0.000210597 0.00157695 0.00817714 0.0293698 0.0731313 0.126687 0.15478 0.140162 0.108611 0.089203 0.0788739 0.0644694 0.0468766 0.0320141 0.0209178 0.0126896 0.00696182 0.00337744 0.00140469 0.000484589
 3.51799e-11 1.65469e-09 5.38922e-08 1.21541e-06 1.89803e-05 0.000205246 0.00153688 0.00796937 0.0286239 0.0712776 0.1235 0.151003 0.137122 0.107089 0.0891021 0.079874 0.0664432 0.0496081 0.0349288 0.0233696 0.0143694 0.00793067 0.00385829 0.00161028 0.000558214
 3.57202e-11 1.68011e-09 5.472e-08 1.23407e-06 1.92718e-05 0.000208398 0.00156048 0.00809171 0.0290627 0.0723633 0.125335 0.153029 0.138263 0.106529 0.0869532 0.07713 0.0642239 0.0484379 0.0347366 0.0238233 0.0150629 0.00853084 0.0042293 0.00178516 0.000622825
 3.79089e-11 1.78305e-09 5.80728e-08 1.30969e-06 2.04527e-05 0.000221167 0.00165609 0.00858736 0.0308412 0.0767755 0.132867 0.161701 0.144411 0.107698 0.0835127 0.0713084 0.0581497 0.0431485 0.0305898 0.020985 0.013448 0.00779091 0.00396429 0.00171386 0.000609231
 3.69693e-11 1.73886e-09 5.66334e-08 1.27723e-06 1.99457e-05 0.000215685 0.00161504 0.00837463 0.0300785 0.0748896 0.12969 0.158243 0.142635 0.109113 0.0878203 0.0763532 0.0615524 0.0441146 0.0299169 0.0198097 0.0124555 0.00719057 0.00369409 0.00162646 0.000590658
 3.92694e-11 1.84704e-09 6.0157e-08 1.35669e-06 2.11867e-05 0.000229104 0.00171552 0.00889547 0.031947 0.0795208 0.137566 0.167176 0.148511 0.109067 0.0824249 0.0689317 0.0554318 0.0403718 0.0277288 0.0181937 0.0111052 0.00619658 0.00311018 0.00135914 0.000496215
 3.71098e-11 1.74547e-09 5.68488e-08 1.28208e-06 2.00216e-05 0.000216505 0.00162119 0.00840649 0.0301931 0.0751771 0.130201 0.158933 0.143462 0.110157 0.0890697 0.0774208 0.0619031 0.0435901 0.0288139 0.018518 0.0112379 0.00621904 0.00306277 0.00130711 0.000468457
 3.75201e-11 1.76477e-09 5.74773e-08 1.29626e-06 2.02429e-05 0.000218899 0.00163911 0.00849936 0.0305258 0.0759965 0.131561 0.160313 0.143819 0.10863 0.0859297 0.0743259 0.0606586 0.0444615 0.0305304 0.0198214 0.0118298 0.0063874 0.00308222 0.00129356 0.000455825
 3.70815e-11 1.74414e-09 5.68054e-08 1.28111e-06 2.00063e-05 0.00021634 0.00161995 0.00840004 0.0301696 0.0751144 0.130065 0.15864 0.142794 0.108838 0.0871969 0.0757986 0.0615128 0.0446358 0.0305939 0.0201741 0.0123435 0.00677804 0.00326808 0.00135208 0.000467582
 3.5292e-11 1.65997e-09 5.4064e-08 1.21928e-06 1.90408e-05 0.0002059 0.00154178 0.00799479 0.0287154 0.0715072 0.123911 0.151563 0.137814 0.107984 0.0901535 0.0806628 0.0664329 0.0487161 0.0336272 0.0222188 0.0136232 0.00754471 0.00368734 0.00154195 0.000534166
 3.71817e-11 1.74885e-09 5.69588e-08 1.28456e-06 2.00603e-05 0.000216924 0.00162432 0.00842266 0.0302502 0.0753089 0.13036 0.1588 0.142308 0.107189 0.0845348 0.0733002 0.0605617 0.0455218 0.0324293 0.0219607 0.0136642 0.00763304 0.00375646 0.00158333 0.000553163
#spawning biomass
 114228 104016 96025.4 87150.4 129791 241001 279685 356092 517237 637018 641266 659305 741373 668645 691378 584002 721916 807575 678480 721045 680607 719180 688123 750551 790047 863521 759486 787511 817947 340749 48221.3 7174.03 4349.42 4251.42 4249.56 4249.54 4249.54 4249.54 4249.54 4249.54 4249.54 4249.54 4249.54 4249.54 4249.54 4249.54 4249.54 4249.54 4249.54 4249.54 4249.54 4249.54 4249.54 4249.54 4249.54 4249.54 4249.54 4249.54 4249.54 4249.54 4249.54 4249.54 4249.54 4249.54 4249.54 4249.54 4249.54 4249.54 4249.54 4249.54 4249.54 4249.54 4249.54 4249.54 4249.54 4249.54 4249.54 4249.54 4249.54 4249.54 4249.54 4249.54 4249.54 4249.54 4249.54 4249.54 4249.54 4249.54 4249.54 4249.54 4249.54 4249.54 4249.54 4249.54 4249.54 4249.54 4249.54 4249.54 4249.54 4249.54 4249.54 4249.54 4249.54 4249.54 4249.54 4249.54 4249.54 4249.54 4249.54 4249.54 4249.54 4249.54 4249.54 4249.54 4249.54 4249.54 4249.54 4249.54 4249.54 4249.54 4249.54 4249.54 4249.54 4249.54 4249.54 4249.54 4249.54 4249.54 0 0 0 0 0 0 0 0 0 0 0 0 0 0 0 0 0 0 0 0 0 0 0 0 0
