SBPRF35
0.161704
Curr Bio
145602
B35
169339
F35
1.06496
FOFL
1.04906
OFL
57485.5
Bzero
46200.9
#pred survey bio
 13521.1 14707.3 14939.6 17201.8 19301.4 22938.4 25494.8 30971.8 41146.3 54792.4 65243.8 76612.3 102582 123853 125719 104207 96339.7 95765 90404.3 93124.2 94605.4 94402.8 92498.9 103127 111737 118313 114510 106304 90699 3.85578e+06 2.58993e+06 1.3347e+06 738499 504514 407504 361913 337926 324414 316556 311934 309207 307600 306656 306099 305770 305581 305472 305409 305373 305352 305340 305334 305330 305327 305326 305325 305325 305324 305324 305324 305324 305324 305324 305324 305324 305324 305324 305324 305324 305324 305324 305324 305324 305324 305324 305324 305324 305324 305324 305324 305324 305324 305324 305324 305324 305324 305324 305324 305324 305324 305324 305324 305324 305324 305324 305324 305324 305324 305324 305324 305324 305324 305324 305324 305324 305324 305324 305324 305324 305324 305324 305324 305324 305324 305324 305324 305324 305324 305324 305324 305324 305324 305324 305324 305324 305324 305324 305324 305324 0 0 0 0 0 0 0 0 0 0 0 0 0 0 0 0 0 0 0 0 0 0 0 0 0
#obs survey bio
 11682 12422.2 12873.2 18609.7 15957.4 19466.8 21975.7 28568.3 50420.8 65125.3 58151.1 86531.6 111654 109600 109757 124035 52211.1 89849.5 79539.5 122606 96929.1 101807 100955 143548 170725 94419.1 152238 119508 77875
#pred catch bio
 5300.57 7460.77 7125.16 9322.08 10901.7 14002.1 15694.9 20232.1 27435.4 38563.5 47897.1 56025.8 78934.6 93688.8 102537 87058.3 81644.2 83449.5 77078.7 83032.6 86321.1 88100.7 83995.5 96233.8 104492 113314 109285 107466 73732.6 57485.5 65471.1 25674.4 11808.1 7789.41 6746.29 6494.32 6436.39 6423.53 6420.75 6420.16 6420.04 6420.01 6420.01 6420 6420 6420 6420 6420 6420 6420 6420 6420 6420 6420 6420 6420 6420 6420 6420 6420 6420 6420 6420 6420 6420 6420 6420 6420 6420 6420 6420 6420 6420 6420 6420 6420 6420 6420 6420 6420 6420 6420 6420 6420 6420 6420 6420 6420 6420 6420 6420 6420 6420 6420 6420 6420 6420 6420 6420 6420 6420 6420 6420 6420 6420 6420 6420 6420 6420 6420 6420 6420 6420 6420 6420 6420 6420 6420 6420 6420 6420 6420 6420 6420 6420 6420 6420 6420 6420 0 0 0 0 0 0 0 0 0 0 0 0 0 0 0 0 0 0 0 0 0 0 0 0 0
#obs catch bio
 7110.09 7695.64 7246.02 9469.03 11114.5 14384.1 15951.5 20311.5 26993.1 38290.9 48015.2 54820.1 77066.6 93534.6 105578 88435.8 82174.6 82902.6 76008.4 81868.7 85034 85350.3 81746 93414.4 99149.4 110692 105934 105200 72818.6
#pred cpue bio
 13203.3 14125.4 14204.8 16425 17981.8 21589.1 23932.3 28209.6 37155.2 50041.6 60182.9 68950.8 91165.7 113971 119188 97070.3 87579.4 87746.6 82369.3 84030.5 84709.9 85017.7 82073.5 90875.9 98662.8 105006 102521 95687.6 79744 3.53776e+06 2.79285e+06 1.33484e+06 730279 495985 398963 353371 329384 315872 308014 303392 300665 299059 298114 297557 297228 297039 296930 296867 296831 296811 296799 296792 296788 296785 296784 296783 296783 296783 296782 296782 296782 296782 296782 296782 296782 296782 296782 296782 296782 296782 296782 296782 296782 296782 296782 296782 296782 296782 296782 296782 296782 296782 296782 296782 296782 296782 296782 296782 296782 296782 296782 296782 296782 296782 296782 296782 296782 296782 296782 296782 296782 296782 296782 296782 296782 296782 296782 296782 296782 296782 296782 296782 296782 296782 296782 296782 296782 296782 296782 296782 296782 296782 296782 296782 296782 296782 296782 296782 296782 0 0 0 0 0 0 0 0 0 0 0 0 0 0 0 0 0 0 0 0 0 0 0 0 0
#obs cpue bio
 9613.4 9106.45 10800.6 17199.4 13021.3 16288.6 25911.4 33015.5 44702.2 41471.3 59885.1 118364 100171 102686 81501.4 78844.8 124413 123895 112372 86041.3 100092 147137 106494 111430 162292 147547 138619 124546 101945
#pred surv len freq
 2.56176e-27 2.58436e-27 2.94127e-26 5.66485e-20 1.38867e-14 4.11487e-10 1.47388e-06 0.000638133 0.0333976 0.211283 0.162009 0.0426143 0.210535 0.194268 0.0404951 0.0437629 0.0180626 0.0129548 0.00776592 0.00578724 0.00447005 0.00381673 0.00378686 0.00333507 0.00101562
 2.56238e-27 2.58642e-27 3.15357e-26 6.11281e-20 1.49848e-14 4.44027e-10 1.59043e-06 0.000688595 0.0360386 0.22799 0.174716 0.039442 0.177468 0.164614 0.0509545 0.0749989 0.0262217 0.0121327 0.00548603 0.00311874 0.00196448 0.00143326 0.00125689 0.00110487 0.000368412
 2.56349e-27 2.58918e-27 3.3699e-26 6.56907e-20 1.61033e-14 4.77169e-10 1.70914e-06 0.000739993 0.0387285 0.245008 0.187742 0.0414448 0.183557 0.169566 0.0397353 0.0483318 0.0207126 0.0151289 0.00533848 0.0019413 0.000840211 0.000468638 0.000339142 0.000279292 9.63304e-05
 2.56326e-27 2.58849e-27 3.30472e-26 6.43156e-20 1.57662e-14 4.67181e-10 1.67336e-06 0.000724502 0.0379178 0.239879 0.183834 0.0419423 0.19009 0.175637 0.0416507 0.0509973 0.0188393 0.0103517 0.00491421 0.00221368 0.000598808 0.000203682 0.000104841 7.401e-05 2.52321e-05
 2.5649e-27 2.59284e-27 3.67901e-26 7.22111e-20 1.77017e-14 5.24532e-10 1.87879e-06 0.000813443 0.0425727 0.269327 0.206315 0.0416419 0.172009 0.15881 0.0361084 0.0425626 0.0158073 0.00865683 0.00330676 0.00138595 0.00050675 0.000119443 3.28015e-05 1.66687e-05 5.31492e-06
 2.56449e-27 2.59159e-27 3.55413e-26 6.95761e-20 1.70557e-14 5.05392e-10 1.81023e-06 0.00078376 0.0410192 0.259499 0.198835 0.0431986 0.189111 0.174357 0.0346355 0.0352378 0.0127925 0.00662854 0.00253263 0.000966819 0.000298003 8.31966e-05 1.51719e-05 3.92312e-06 1.0456e-06
 2.56466e-27 2.59202e-27 3.58993e-26 7.03312e-20 1.72409e-14 5.10877e-10 1.82988e-06 0.000792267 0.0414644 0.262315 0.200986 0.043192 0.18755 0.172936 0.0347638 0.0358379 0.0122026 0.00514447 0.00187156 0.00068576 0.00019799 4.79109e-05 8.85687e-06 1.21562e-06 2.04311e-07
 2.56631e-27 2.59648e-27 3.981e-26 7.85811e-20 1.92632e-14 5.70804e-10 2.04452e-06 0.0008852 0.0463282 0.293085 0.224467 0.0423048 0.164301 0.151428 0.0299854 0.0303444 0.0103856 0.0044332 0.00144984 0.00044746 0.000121255 2.717e-05 4.45753e-06 4.88675e-07 4.2044e-08
 2.56686e-27 2.59785e-27 4.08942e-26 8.08679e-20 1.98238e-14 5.87414e-10 2.10402e-06 0.00091096 0.0476763 0.301614 0.230991 0.0430148 0.165121 0.15196 0.0260312 0.0211637 0.00716994 0.00298697 0.000982236 0.000293953 6.67575e-05 1.33338e-05 1.98254e-06 1.86929e-07 1.01865e-08
 2.56635e-27 2.59641e-27 3.95913e-26 7.8119e-20 1.91499e-14 5.67447e-10 2.0325e-06 0.000879995 0.0460558 0.291362 0.223172 0.043656 0.175493 0.161495 0.027063 0.0210875 0.00669782 0.0021168 0.000669393 0.000196937 4.39062e-05 7.57932e-06 9.66184e-07 8.02012e-08 3.42174e-09
 2.56586e-27 2.59507e-27 3.83932e-26 7.55917e-20 1.85304e-14 5.49088e-10 1.96674e-06 0.000851524 0.0445657 0.281935 0.215981 0.0440725 0.183715 0.169073 0.0282446 0.0218713 0.00688198 0.00205815 0.000577898 0.000135367 2.88891e-05 4.84352e-06 5.37893e-07 3.76446e-08 1.36266e-09
 2.56705e-27 2.59831e-27 4.1264e-26 8.16479e-20 2.0015e-14 5.9308e-10 2.12431e-06 0.000919747 0.0481362 0.304523 0.233215 0.043211 0.16505 0.151852 0.0252374 0.0193456 0.00607823 0.00180329 0.000496808 0.000106992 1.84621e-05 2.72141e-06 2.87179e-07 1.73927e-08 5.26897e-10
 2.56765e-27 2.59991e-27 4.26378e-26 8.45457e-20 2.07254e-14 6.1413e-10 2.19971e-06 0.00095239 0.0498447 0.315331 0.241467 0.0431165 0.158534 0.145767 0.0228456 0.0154182 0.00482228 0.00141368 0.000387906 8.24814e-05 1.3399e-05 1.64089e-06 1.452e-07 8.07604e-09 2.10027e-10
 2.5661e-27 2.59562e-27 3.87873e-26 7.64226e-20 1.87341e-14 5.55124e-10 1.98836e-06 0.000860885 0.0450556 0.285034 0.218359 0.0447721 0.187369 0.172262 0.0254918 0.0147749 0.00449689 0.00114064 0.000305675 6.42772e-05 1.03326e-05 1.20128e-06 8.91405e-08 4.10302e-09 9.505e-11
 2.56442e-27 2.59112e-27 3.48559e-26 6.81292e-20 1.6701e-14 4.94882e-10 1.77258e-06 0.000767461 0.0401661 0.254102 0.19475 0.0454554 0.209155 0.19249 0.031327 0.0229839 0.00687283 0.00147788 0.00036885 6.8492e-05 1.07104e-05 1.22785e-06 8.6213e-08 3.33774e-09 6.3918e-11
 2.56538e-27 2.59374e-27 3.71906e-26 7.30546e-20 1.79085e-14 5.3066e-10 1.90073e-06 0.000822945 0.04307 0.272473 0.208765 0.044659 0.193248 0.177823 0.0289346 0.0212361 0.00659523 0.0018316 0.000455482 7.23716e-05 1.00381e-05 1.0621e-06 7.28401e-08 2.64412e-09 4.27128e-11
 2.56666e-27 2.59718e-27 4.01886e-26 7.93788e-20 1.94588e-14 5.76598e-10 2.06528e-06 0.000894186 0.0467985 0.29606 0.226768 0.0441353 0.176614 0.162386 0.0246125 0.0152609 0.00472313 0.00131576 0.000351346 6.86522e-05 8.91836e-06 8.06325e-07 4.96633e-08 1.7283e-09 2.59212e-11
 2.56634e-27 2.59625e-27 3.93164e-26 7.75386e-20 1.90077e-14 5.63231e-10 2.0174e-06 0.000873457 0.0457136 0.289197 0.221538 0.0447947 0.185307 0.170319 0.024422 0.01282 0.00384098 0.000887877 0.000230751 4.61666e-05 6.95195e-06 6.72934e-07 3.57451e-08 1.09655e-09 1.54899e-11
 2.56661e-27 2.59699e-27 3.99684e-26 7.89142e-20 1.93449e-14 5.73223e-10 2.05319e-06 0.000888952 0.0465245 0.294327 0.225452 0.0446273 0.181283 0.166603 0.0237135 0.0121346 0.00355619 0.000690268 0.000164762 2.80895e-05 4.17256e-06 4.45797e-07 2.63061e-08 7.26355e-10 8.97884e-12
 2.56705e-27 2.59818e-27 4.10397e-26 8.11742e-20 1.98989e-14 5.8964e-10 2.11199e-06 0.000914411 0.047857 0.302757 0.231882 0.0441926 0.173457 0.159409 0.0229382 0.012177 0.00356208 0.000673017 0.000153275 2.2071e-05 2.83114e-06 2.76832e-07 1.75101e-08 5.32841e-10 6.15265e-12
 2.56742e-27 2.59918e-27 4.1892e-26 8.29721e-20 2.03396e-14 6.02699e-10 2.15877e-06 0.000934663 0.0489169 0.309462 0.237002 0.0441732 0.169713 0.155896 0.0212696 0.00925763 0.00270388 0.000529915 0.000120903 1.68056e-05 1.92828e-06 1.57046e-07 8.80638e-09 2.78355e-10 3.48425e-12
 2.56719e-27 2.59852e-27 4.12879e-26 8.16976e-20 2.00272e-14 5.93441e-10 2.12561e-06 0.000920306 0.0481655 0.304708 0.233378 0.0445329 0.174996 0.160731 0.021393 0.00831874 0.00237279 0.000383358 8.44212e-05 1.20917e-05 1.37072e-06 1.02397e-07 4.77954e-09 1.31582e-10 1.66597e-12
 2.56783e-27 2.60027e-27 4.28405e-26 8.4973e-20 2.08301e-14 6.17233e-10 2.21083e-06 0.000957203 0.0500965 0.316925 0.242698 0.0440169 0.164521 0.151077 0.0199049 0.00735489 0.00207512 0.000301838 6.21482e-05 7.50713e-06 8.30236e-07 6.2556e-08 2.7194e-09 6.30285e-11 6.90355e-13
 2.56811e-27 2.60103e-27 4.35263e-26 8.64198e-20 2.11848e-14 6.27743e-10 2.24847e-06 0.000973501 0.0509495 0.322321 0.246814 0.0437379 0.159506 0.146467 0.0194101 0.00738645 0.00207866 0.000288713 5.75843e-05 6.26244e-06 6.10772e-07 4.09169e-08 1.76857e-09 3.86355e-11 3.61407e-13
 2.56804e-27 2.60083e-27 4.33318e-26 8.60093e-20 2.10842e-14 6.24761e-10 2.23779e-06 0.000968877 0.0507076 0.32079 0.245648 0.0439316 0.161799 0.14855 0.0191794 0.00633694 0.00177719 0.000253331 5.05493e-05 5.24945e-06 4.79019e-07 2.80582e-08 1.05538e-09 2.20553e-11 1.95376e-13
 2.56783e-27 2.60025e-27 4.28185e-26 8.49266e-20 2.08187e-14 6.16896e-10 2.20962e-06 0.00095668 0.0500692 0.316752 0.242567 0.0441199 0.165397 0.151863 0.0196354 0.00654159 0.00181818 0.000229159 4.4137e-05 4.68049e-06 4.21081e-07 2.3113e-08 7.69399e-10 1.3875e-11 1.14104e-13
 2.56747e-27 2.59926e-27 4.1927e-26 8.30459e-20 2.03577e-14 6.03235e-10 2.16069e-06 0.000935494 0.0489604 0.309737 0.237217 0.0445135 0.17215 0.158064 0.0201868 0.00623822 0.00172909 0.000219347 4.15578e-05 3.9444e-06 3.44669e-07 1.90213e-08 6.01914e-10 9.68654e-12 6.87958e-14
 2.56723e-27 2.59862e-27 4.13545e-26 8.18381e-20 2.00616e-14 5.94462e-10 2.12926e-06 0.000921889 0.0482483 0.305232 0.23378 0.0446786 0.175822 0.161455 0.020833 0.00685711 0.00189759 0.000225994 4.18948e-05 3.98075e-06 3.30997e-07 1.6709e-08 5.23195e-10 8.12132e-12 5.20211e-14
 2.56823e-27 2.60133e-27 4.37599e-26 8.69124e-20 2.13055e-14 6.31321e-10 2.26129e-06 0.000979051 0.05124 0.324158 0.24822 0.0439541 0.160163 0.147003 0.0182421 0.00458922 0.001258 0.000157907 2.95756e-05 2.65434e-06 2.15948e-07 1.06455e-08 3.07281e-10 4.56979e-12 2.83771e-14
#obs surv len freq
 1.24998e-41 1.73489e-33 2.91063e-26 5.90271e-20 1.44698e-14 4.28766e-10 1.53577e-06 0.000664936 0.0348001 0.220156 0.168842 0.0417639 0.17033 0.14259 0.0892201 0.0843539 0.032918 0.011747 0.00234037 0.0002595 1.18068e-05 1.60776e-07 4.94281e-10 2.80043e-13 2.5587e-17
 1.55851e-41 2.16311e-33 3.62906e-26 7.35967e-20 1.80414e-14 5.34599e-10 1.91485e-06 0.000829062 0.0433898 0.274497 0.21037 0.0426723 0.142242 0.113346 0.0741773 0.0646832 0.0243573 0.0079028 0.00139572 0.000130655 4.79601e-06 5.03989e-08 1.15301e-10 4.74155e-14 3.09724e-18
 1.29449e-41 1.79666e-33 3.01428e-26 6.11289e-20 1.4985e-14 4.44034e-10 1.59046e-06 0.000688613 0.0360393 0.227996 0.175104 0.0517852 0.20406 0.149979 0.0730612 0.0551003 0.0195538 0.00568118 0.000879188 6.848e-05 1.99069e-06 1.59253e-08 2.69647e-11 8.04616e-15 3.76351e-19
 1.5583e-41 2.16282e-33 3.62858e-26 7.35868e-20 1.80389e-14 5.34527e-10 1.91459e-06 0.00082895 0.043384 0.274461 0.210515 0.0473923 0.149765 0.109591 0.0847694 0.0595624 0.0155593 0.00365208 0.000486649 3.11921e-05 7.0916e-07 4.26103e-09 5.28707e-12 1.13942e-15 3.81308e-20
 1.54138e-41 2.13934e-33 3.58918e-26 7.27879e-20 1.78431e-14 5.28723e-10 1.8938e-06 0.00081995 0.0429129 0.271482 0.208481 0.055306 0.179776 0.118565 0.0637741 0.0415885 0.0141119 0.00289441 0.000272504 1.35302e-05 2.37323e-07 1.06099e-09 9.55941e-13 1.47669e-16 3.51845e-21
 1.35095e-41 1.87503e-33 3.14575e-26 6.37952e-20 1.56386e-14 4.63402e-10 1.65983e-06 0.000718649 0.0376112 0.237943 0.18312 0.0612771 0.205553 0.131093 0.0830772 0.046365 0.0109302 0.00210883 0.000194677 6.9055e-06 8.52401e-08 2.77326e-10 1.80115e-13 1.9824e-17 3.34397e-22
 1.56281e-41 2.16907e-33 3.63907e-26 7.37996e-20 1.80911e-14 5.36072e-10 1.92012e-06 0.000831348 0.0435094 0.275256 0.211582 0.0581028 0.165758 0.105141 0.0834622 0.0440729 0.0105899 0.00157853 0.00011079 3.42641e-06 3.09826e-08 6.80651e-11 3.06798e-14 2.37884e-18 2.82712e-23
 1.73245e-41 2.40452e-33 4.03409e-26 8.18104e-20 2.00549e-14 5.94263e-10 2.12855e-06 0.000921589 0.0482323 0.305136 0.2346 0.0627916 0.163249 0.092685 0.0564905 0.0276126 0.00721356 0.00100769 5.74874e-05 1.28178e-06 8.91658e-09 1.43424e-11 4.37896e-15 2.28583e-19 1.86526e-24
 1.65522e-41 2.29733e-33 3.85425e-26 7.81635e-20 1.91609e-14 5.67771e-10 2.03366e-06 0.000880507 0.0460822 0.291535 0.22462 0.0712454 0.184806 0.0980699 0.0552967 0.0224226 0.00444216 0.000565605 3.04588e-05 5.43798e-07 2.68528e-09 3.08309e-12 6.77692e-16 2.45877e-20 1.35566e-25
 1.53322e-41 2.128e-33 3.57017e-26 7.24023e-20 1.77486e-14 5.25923e-10 1.88377e-06 0.000815607 0.0426856 0.270051 0.208656 0.0785611 0.199875 0.104782 0.0665357 0.0237908 0.00386575 0.000364751 1.51641e-05 2.31276e-07 9.02783e-10 7.38505e-13 1.12139e-16 2.84373e-21 1.10062e-26
 1.46842e-41 2.03808e-33 3.41929e-26 6.93426e-20 1.69985e-14 5.03697e-10 1.80416e-06 0.00078114 0.0408818 0.258642 0.200382 0.0842768 0.204009 0.107265 0.0746784 0.0248322 0.00394051 0.0003017 8.89655e-06 9.60694e-08 2.87522e-10 1.81084e-13 1.99963e-17 3.5265e-22 9.37362e-28
 1.88163e-41 2.61158e-33 4.38147e-26 8.88553e-20 2.17818e-14 6.45435e-10 2.31184e-06 0.00100095 0.0523857 0.331417 0.255564 0.0729243 0.140658 0.073772 0.0528416 0.0165934 0.00265141 0.00018408 4.50042e-06 3.43458e-08 6.91364e-11 3.07214e-14 2.4933e-18 3.22488e-23 6.13178e-29
 1.56932e-41 2.17811e-33 3.65424e-26 7.41072e-20 1.81665e-14 5.38307e-10 1.92813e-06 0.000834813 0.0436908 0.276422 0.21528 0.102429 0.214196 0.0902323 0.0428184 0.0121259 0.0018484 0.000117798 2.57423e-06 1.58825e-08 2.30095e-11 6.83691e-15 3.71628e-19 3.33254e-24 4.51498e-30
 1.27352e-41 1.76756e-33 2.96545e-26 6.01387e-20 1.47423e-14 4.36841e-10 1.56469e-06 0.000677458 0.0354555 0.224333 0.176591 0.113706 0.23333 0.11929 0.0778687 0.0169362 0.00171702 9.17152e-05 1.7614e-06 9.21114e-09 1.06348e-11 2.33044e-15 8.75058e-20 5.24559e-25 4.75118e-31
 1.1486e-41 1.59418e-33 2.67457e-26 5.42398e-20 1.32962e-14 3.93992e-10 1.41122e-06 0.000611008 0.0319777 0.20234 0.160564 0.117428 0.227318 0.135153 0.0978831 0.0238416 0.00277467 0.000106289 1.40867e-06 5.83761e-09 5.43568e-12 9.32306e-16 2.63059e-20 1.13605e-25 7.15539e-32
 1.55902e-41 2.16381e-33 3.63024e-26 7.36206e-20 1.80472e-14 5.34772e-10 1.91547e-06 0.000829331 0.0434039 0.274623 0.215063 0.10074 0.165353 0.10425 0.0740093 0.0191911 0.00243588 9.8623e-05 1.13258e-06 3.20285e-09 2.09387e-12 2.70099e-16 5.80787e-21 1.88768e-26 8.77754e-33
 1.40773e-41 1.95383e-33 3.27796e-26 6.64764e-20 1.62959e-14 4.82877e-10 1.72959e-06 0.000748852 0.039192 0.248007 0.197782 0.136213 0.215586 0.0969537 0.0511552 0.0127218 0.00157345 6.49006e-05 7.43774e-07 1.87644e-09 9.15996e-13 8.03125e-17 1.19518e-21 2.79876e-27 9.56482e-34
 1.46491e-41 2.03319e-33 3.4111e-26 6.91765e-20 1.69578e-14 5.02491e-10 1.79984e-06 0.000779269 0.0407839 0.258088 0.205796 0.13005 0.190012 0.107342 0.0566395 0.00959974 0.000875723 3.25114e-05 3.4762e-07 8.12834e-10 3.48593e-13 2.45158e-17 2.65754e-22 4.28226e-28 9.99157e-35
 1.44328e-41 2.00318e-33 3.36075e-26 6.81554e-20 1.67075e-14 4.95073e-10 1.77327e-06 0.000767766 0.0401819 0.254309 0.205 0.144459 0.195663 0.101119 0.0488166 0.00896558 0.000698383 1.74813e-05 1.43082e-07 2.83685e-10 1.04542e-13 6.21659e-18 5.50678e-23 6.92005e-29 1.19724e-35
 1.55507e-41 2.15833e-33 3.62105e-26 7.34342e-20 1.80015e-14 5.33418e-10 1.91062e-06 0.000827231 0.0432942 0.274017 0.220771 0.141619 0.175436 0.0951887 0.041752 0.00661294 0.000469313 1.04642e-05 6.17991e-08 8.49538e-11 2.36603e-14 1.11858e-18 7.96139e-24 7.99291e-30 1.09e-36
 1.50952e-41 2.09512e-33 3.515e-26 7.12835e-20 1.74743e-14 5.17796e-10 1.85466e-06 0.000803004 0.0420263 0.266049 0.217825 0.160421 0.184439 0.0890728 0.0341119 0.00494932 0.00029575 5.44414e-06 2.66681e-08 2.77413e-11 5.34329e-15 1.75254e-19 9.05687e-25 6.83915e-31 7.1293e-38
 1.55414e-41 2.15704e-33 3.61888e-26 7.33901e-20 1.79907e-14 5.33098e-10 1.90947e-06 0.000826735 0.0432684 0.273945 0.225299 0.160453 0.172511 0.0891915 0.0306338 0.00368309 0.000182635 2.75852e-06 1.06311e-08 8.61729e-12 1.26368e-15 2.99562e-20 1.07293e-25 5.57189e-32 4.06266e-39
 1.55649e-41 2.16031e-33 3.62437e-26 7.35015e-20 1.8018e-14 5.33907e-10 1.91237e-06 0.00082799 0.0433342 0.274431 0.228614 0.170786 0.170173 0.0828555 0.0259091 0.0029443 0.000121763 1.43408e-06 4.27597e-09 2.63792e-12 2.90021e-16 5.12288e-21 1.35199e-26 5.0652e-33 2.60284e-40
 1.59431e-41 2.2128e-33 3.71243e-26 7.52874e-20 1.84558e-14 5.46879e-10 1.95883e-06 0.000848107 0.0443873 0.281164 0.23614 0.174281 0.162069 0.0776445 0.0213091 0.00207971 7.36749e-05 7.16454e-07 1.63233e-09 7.45204e-13 6.03342e-17 7.81179e-22 1.50392e-27 4.10016e-34 1.52968e-41
 1.58578e-41 2.20096e-33 3.69257e-26 7.48845e-20 1.83571e-14 5.43954e-10 1.94835e-06 0.00084357 0.0441501 0.279773 0.238794 0.184073 0.160055 0.0728282 0.017883 0.00155228 4.55044e-05 3.56434e-07 6.42044e-10 2.22749e-13 1.32043e-17 1.23202e-22 1.70488e-28 3.34165e-35 8.9589e-43
 1.37198e-41 1.90422e-33 3.19473e-26 6.47885e-20 1.58821e-14 4.70617e-10 1.68567e-06 0.000729838 0.0381986 0.242351 0.218698 0.217011 0.183234 0.0810028 0.0174473 0.0012944 3.14398e-05 1.97079e-07 2.73755e-10 7.20385e-14 3.19648e-18 2.19154e-23 2.18905e-29 3.06278e-36 5.83628e-44
 1.39906e-41 1.9418e-33 3.25777e-26 6.60669e-20 1.61955e-14 4.79903e-10 1.71893e-06 0.00074424 0.0389528 0.247219 0.223299 0.204947 0.176893 0.0890614 0.0177087 0.00114963 2.28473e-05 1.13123e-07 1.21003e-10 2.39515e-14 7.86274e-19 3.95623e-24 2.88509e-30 2.92852e-37 4.01769e-45
 1.46415e-41 2.03214e-33 3.40934e-26 6.91407e-20 1.6949e-14 5.02231e-10 1.79891e-06 0.000778866 0.0407649 0.258672 0.231594 0.203056 0.169357 0.0786213 0.0160557 0.00107735 1.97231e-05 8.42617e-08 7.5252e-11 1.22566e-14 3.2855e-19 1.34146e-24 7.89897e-31 6.45667e-38 7.12612e-46
 1.46416e-41 2.03216e-33 3.40937e-26 6.91414e-20 1.69492e-14 5.02236e-10 1.79893e-06 0.000778874 0.0407653 0.258675 0.231597 0.203061 0.169445 0.0787967 0.0158542 0.0010083 1.71341e-05 6.65204e-08 5.31086e-11 7.64913e-15 1.79945e-19 6.41613e-25 3.28766e-31 2.33253e-38 2.23028e-46
#pred catch len freq
 2.55918e-27 2.57735e-27 2.31942e-26 4.353e-20 1.06709e-14 3.16197e-10 1.13256e-06 0.000490357 0.0256635 0.162355 0.124679 0.0445481 0.251479 0.231998 0.0461894 0.047272 0.0194354 0.013857 0.00830026 0.00618357 0.00477594 0.00407788 0.00404596 0.00356326 0.00108511
 2.56029e-27 2.58074e-27 2.65256e-26 5.05589e-20 1.23939e-14 3.67254e-10 1.31544e-06 0.000569536 0.0298075 0.188571 0.144638 0.0408337 0.209192 0.193899 0.0563415 0.0799232 0.0278763 0.0128105 0.00578703 0.00328859 0.00207134 0.00151121 0.00132525 0.00116495 0.000388449
 2.56118e-27 2.58291e-27 2.8148e-26 5.39804e-20 1.32327e-14 3.92107e-10 1.40446e-06 0.000608078 0.0318246 0.201332 0.154419 0.0431246 0.219753 0.202941 0.0451562 0.0523203 0.0223336 0.0162204 0.00572034 0.00207915 0.000899797 0.000501867 0.000363188 0.000299095 0.000103161
 2.56127e-27 2.58309e-27 2.82504e-26 5.41962e-20 1.32855e-14 3.93674e-10 1.41008e-06 0.000610509 0.0319518 0.202137 0.155039 0.0435054 0.222216 0.205245 0.0461897 0.0539046 0.0198537 0.010838 0.00514074 0.00231491 0.00062615 0.000212977 0.000109625 7.73875e-05 2.63836e-05
 2.56303e-27 2.58776e-27 3.22778e-26 6.26919e-20 1.53682e-14 4.55386e-10 1.63112e-06 0.000706212 0.0369606 0.233823 0.179228 0.0431197 0.202286 0.186711 0.0403684 0.0452629 0.0167585 0.00911845 0.00348043 0.00145809 0.000533086 0.000125649 3.45057e-05 1.75348e-05 5.59105e-06
 2.56284e-27 2.58708e-27 3.15186e-26 6.10897e-20 1.49754e-14 4.43748e-10 1.58943e-06 0.000688162 0.0360159 0.227847 0.17469 0.0446562 0.217168 0.200185 0.0380812 0.036597 0.0132443 0.00681758 0.00260278 0.000993161 0.000306099 8.54553e-05 1.55837e-05 4.02962e-06 1.07399e-06
 2.56304e-27 2.58759e-27 3.19468e-26 6.1993e-20 1.51968e-14 4.5031e-10 1.61293e-06 0.000698339 0.0365485 0.231217 0.177262 0.0446292 0.215154 0.198348 0.0381576 0.0371819 0.0126267 0.00528652 0.00192146 0.000703725 0.000203161 4.91613e-05 9.088e-06 1.24735e-06 2.09642e-07
 2.56497e-27 2.5928e-27 3.65281e-26 7.16576e-20 1.7566e-14 5.20512e-10 1.86439e-06 0.000807208 0.0422463 0.267262 0.204768 0.0435184 0.187376 0.172667 0.0327481 0.0312991 0.0106832 0.00452896 0.00147989 0.000456503 0.000123694 2.77161e-05 4.54711e-06 4.98495e-07 4.28889e-08
 2.56559e-27 2.59436e-27 3.77761e-26 7.42899e-20 1.82113e-14 5.39632e-10 1.93287e-06 0.00083686 0.0437982 0.27708 0.212276 0.0442094 0.18736 0.172421 0.0285365 0.0217267 0.00733851 0.00303609 0.000997509 0.000298377 6.77562e-05 1.35329e-05 2.01214e-06 1.8972e-07 1.03386e-08
 2.56527e-27 2.59343e-27 3.69225e-26 7.2489e-20 1.77698e-14 5.26551e-10 1.88602e-06 0.000816574 0.0427365 0.270363 0.207156 0.0447252 0.194882 0.179325 0.0290752 0.0211874 0.00671209 0.00210612 0.000665271 0.000195627 4.36101e-05 7.52803e-06 9.59642e-07 7.96581e-08 3.39856e-09
 2.56494e-27 2.59255e-27 3.61358e-26 7.08294e-20 1.7363e-14 5.14496e-10 1.84284e-06 0.000797878 0.0417581 0.264173 0.202434 0.0450199 0.200443 0.184446 0.0298186 0.0215897 0.00677616 0.00201196 0.000564303 0.00013211 2.81909e-05 4.72636e-06 5.24878e-07 3.67338e-08 1.32969e-09
 2.56617e-27 2.59588e-27 3.90808e-26 7.70421e-20 1.88859e-14 5.59624e-10 2.00448e-06 0.000867863 0.0454208 0.287345 0.220112 0.0441114 0.181109 0.166613 0.0268063 0.0192067 0.00601926 0.00177297 0.000487917 0.00010502 1.81197e-05 2.67085e-06 2.81842e-07 1.70695e-08 5.17105e-10
 2.56702e-27 2.59815e-27 4.10577e-26 8.12124e-20 1.99082e-14 5.89917e-10 2.11298e-06 0.000914841 0.0478795 0.302899 0.231984 0.0438051 0.170437 0.1567 0.0238699 0.0150009 0.00467873 0.00136175 0.000373238 7.93189e-05 1.28838e-05 1.57774e-06 1.39612e-07 7.76522e-09 2.01943e-10
 2.5653e-27 2.59343e-27 3.68152e-26 7.22622e-20 1.77142e-14 5.24904e-10 1.88012e-06 0.000814019 0.0426028 0.269518 0.206524 0.0456105 0.202064 0.185764 0.026829 0.0144246 0.00437742 0.00110232 0.00029503 6.20042e-05 9.96609e-06 1.15863e-06 8.59752e-08 3.95732e-09 9.16748e-11
 2.56403e-27 2.59002e-27 3.38531e-26 6.60136e-20 1.61824e-14 4.79514e-10 1.71754e-06 0.000743629 0.0389189 0.246212 0.188734 0.0460143 0.217636 0.200255 0.0315942 0.0216378 0.00645594 0.00137827 0.000343483 6.37449e-05 9.96682e-06 1.14256e-06 8.02243e-08 3.10589e-09 5.94779e-11
 2.56515e-27 2.59307e-27 3.65728e-26 7.17511e-20 1.75889e-14 5.21191e-10 1.86682e-06 0.000808262 0.0423015 0.267611 0.20506 0.0450777 0.199038 0.183112 0.0288844 0.0197886 0.00613009 0.00169019 0.000419845 6.66708e-05 9.24601e-06 9.78263e-07 6.70898e-08 2.43538e-09 3.93408e-11
 2.5665e-27 2.59672e-27 3.97583e-26 7.8471e-20 1.92362e-14 5.70004e-10 2.04166e-06 0.00088396 0.0462633 0.292674 0.224187 0.0444407 0.180752 0.166163 0.0245365 0.0141355 0.00436216 0.00120645 0.000321784 6.2841e-05 8.16251e-06 7.3796e-07 4.54522e-08 1.58175e-09 2.37232e-11
 2.56632e-27 2.59619e-27 3.92477e-26 7.73937e-20 1.89721e-14 5.62178e-10 2.01363e-06 0.000871824 0.0456281 0.288656 0.221127 0.0449508 0.186783 0.171649 0.0240779 0.0116998 0.00349457 0.000801979 0.000208137 4.16188e-05 6.26638e-06 6.06554e-07 3.22189e-08 9.88372e-10 1.39618e-11
 2.56646e-27 2.59656e-27 3.95732e-26 7.80804e-20 1.91405e-14 5.67167e-10 2.0315e-06 0.00087956 0.046033 0.291218 0.223082 0.0448914 0.184958 0.16996 0.0236789 0.0112106 0.00327566 0.000631284 0.00015044 2.56328e-05 3.8071e-06 4.06739e-07 2.40012e-08 6.62711e-10 8.19211e-12
 2.56717e-27 2.5985e-27 4.13099e-26 8.17441e-20 2.00386e-14 5.93779e-10 2.12682e-06 0.000920831 0.048193 0.304882 0.233505 0.0442198 0.172524 0.158522 0.0223088 0.0109652 0.00319848 0.000600024 0.000136429 1.96337e-05 2.51809e-06 2.46213e-07 1.55733e-08 4.73902e-10 5.47208e-12
 2.56767e-27 2.59983e-27 4.24612e-26 8.41728e-20 2.06339e-14 6.11421e-10 2.19001e-06 0.000948189 0.0496248 0.31394 0.240419 0.0440596 0.166447 0.152869 0.0204826 0.0082248 0.0023939 0.000465816 0.000106112 1.4741e-05 1.69112e-06 1.37725e-07 7.72291e-09 2.44108e-10 3.05557e-12
 2.56757e-27 2.59955e-27 4.22004e-26 8.36227e-20 2.04991e-14 6.07425e-10 2.17569e-06 0.000941992 0.0493005 0.311889 0.238856 0.0442788 0.169213 0.155389 0.0203517 0.00728929 0.00207149 0.000332348 7.30483e-05 1.04565e-05 1.18518e-06 8.85329e-08 4.13237e-09 1.13765e-10 1.44039e-12
 2.56802e-27 2.60079e-27 4.32977e-26 8.59375e-20 2.10665e-14 6.24239e-10 2.23592e-06 0.000968068 0.0506652 0.320522 0.245443 0.0439203 0.161857 0.148609 0.0192831 0.0065586 0.00184343 0.000266305 5.47173e-05 6.60559e-06 7.30397e-07 5.50311e-08 2.39226e-09 5.54462e-11 6.07306e-13
 2.56846e-27 2.60198e-27 4.43643e-26 8.81876e-20 2.16181e-14 6.40584e-10 2.29446e-06 0.000993415 0.0519917 0.328914 0.251844 0.0435006 0.154165 0.141534 0.0184634 0.00646993 0.00181409 0.000250261 4.98064e-05 5.41337e-06 5.27857e-07 3.53606e-08 1.52839e-09 3.33887e-11 3.12326e-13
 2.5684e-27 2.6018e-27 4.41916e-26 8.78233e-20 2.15288e-14 6.37938e-10 2.28499e-06 0.000989312 0.051777 0.327556 0.25081 0.0436714 0.156193 0.143376 0.0182617 0.00554711 0.00154909 0.000219314 4.3669e-05 4.53229e-06 4.13491e-07 2.42188e-08 9.10951e-10 1.90371e-11 1.68639e-13
 2.56834e-27 2.60165e-27 4.40566e-26 8.75384e-20 2.1459e-14 6.35868e-10 2.27757e-06 0.000986102 0.051609 0.326493 0.249999 0.0437193 0.157127 0.144237 0.0183956 0.00563479 0.00155969 0.000195282 3.75219e-05 3.97662e-06 3.57686e-07 1.96323e-08 6.53524e-10 1.17854e-11 9.69189e-14
 2.56797e-27 2.60063e-27 4.31414e-26 8.56076e-20 2.09857e-14 6.21843e-10 2.22734e-06 0.000964352 0.0504707 0.319292 0.244507 0.044116 0.164004 0.150554 0.0189857 0.00539051 0.00148747 0.000187448 3.54299e-05 3.36082e-06 2.93608e-07 1.62026e-08 5.12712e-10 8.251e-12 5.86003e-14
 2.56814e-27 2.6011e-27 4.35621e-26 8.64952e-20 2.12033e-14 6.28291e-10 2.25043e-06 0.000974351 0.050994 0.322602 0.247031 0.0439153 0.160703 0.147526 0.0187798 0.00568263 0.00156606 0.000185301 3.42642e-05 3.2538e-06 2.70491e-07 1.36539e-08 4.27528e-10 6.63631e-12 4.25089e-14
 2.56782e-27 2.60019e-27 4.2735e-26 8.47503e-20 2.07755e-14 6.15616e-10 2.20503e-06 0.000954695 0.0499653 0.316094 0.24207 0.0443927 0.167823 0.15404 0.0189215 0.00436726 0.00119057 0.000148458 2.77392e-05 2.48809e-06 2.02374e-07 9.97584e-09 2.87949e-10 4.28227e-12 2.65917e-14
#obs catch len freq
 6.02837e-42 8.36698e-34 1.40373e-26 2.84675e-20 6.97846e-15 2.06785e-10 7.40669e-07 0.000320684 0.0167833 0.106177 0.0818468 0.0425745 0.227846 0.192261 0.131181 0.126475 0.0511672 0.018923 0.00396159 0.000459703 2.18644e-05 3.11184e-07 9.98713e-10 5.8853e-13 5.56565e-17
 6.84769e-42 9.50415e-34 1.59452e-26 3.23365e-20 7.92691e-15 2.34889e-10 8.41334e-07 0.000364269 0.0190644 0.120608 0.0929766 0.0462549 0.230401 0.184973 0.129092 0.114166 0.0442398 0.0148179 0.00275779 0.000273129 1.05512e-05 1.15773e-07 2.75274e-10 1.17259e-13 7.90733e-18
 1.03577e-41 1.43758e-33 2.41183e-26 4.89114e-20 1.19901e-14 3.55288e-10 1.27258e-06 0.000550984 0.0288363 0.182428 0.14025 0.0481795 0.20193 0.154088 0.109884 0.0889679 0.0330977 0.0100081 0.00163793 0.000135745 4.19253e-06 3.52318e-08 6.20161e-11 1.91161e-14 9.20067e-19
 8.8414e-42 1.22713e-33 2.05876e-26 4.17513e-20 1.02348e-14 3.03277e-10 1.08629e-06 0.000470325 0.0246149 0.155724 0.120195 0.0601679 0.262574 0.183182 0.0954572 0.0669999 0.0233663 0.00628984 0.000894588 6.1119e-05 1.48201e-06 9.41815e-09 1.22137e-11 2.72406e-15 9.37325e-20
 1.21526e-41 1.6867e-33 2.82979e-26 5.73877e-20 1.40679e-14 4.16858e-10 1.49312e-06 0.000646468 0.0338336 0.214043 0.164625 0.0540082 0.19366 0.135892 0.110373 0.0705396 0.0179498 0.00392409 0.000476944 2.65678e-05 4.99533e-07 2.36977e-09 2.24314e-12 3.60418e-16 8.85928e-21
 1.28708e-41 1.78639e-33 2.99704e-26 6.07793e-20 1.48993e-14 4.41495e-10 1.58136e-06 0.000684675 0.0358332 0.226694 0.174599 0.0635766 0.219763 0.137429 0.0768624 0.0463334 0.015168 0.00280325 0.000240765 1.03634e-05 1.49186e-07 5.23575e-10 3.58585e-13 4.12075e-17 7.20176e-22
 1.1717e-41 1.62624e-33 2.72836e-26 5.53306e-20 1.35637e-14 4.01916e-10 1.4396e-06 0.000623296 0.0326208 0.206374 0.15937 0.0696164 0.235674 0.143077 0.092861 0.0470123 0.0107161 0.00189441 0.000154626 4.69213e-06 4.7541e-08 1.20987e-10 5.95431e-14 4.8659e-18 6.01337e-23
 1.45352e-41 2.0174e-33 3.3846e-26 6.8639e-20 1.6826e-14 4.98586e-10 1.78586e-06 0.000773214 0.0404669 0.25601 0.197197 0.0646453 0.184545 0.112371 0.0897452 0.0429901 0.00984966 0.00131952 8.29118e-05 2.16323e-06 1.58158e-08 2.71474e-11 9.26549e-15 5.32685e-19 4.63339e-24
 1.67607e-41 2.32627e-33 3.9028e-26 7.91481e-20 1.94022e-14 5.74923e-10 2.05928e-06 0.000891598 0.0466627 0.295207 0.22734 0.0688713 0.17528 0.094695 0.0578975 0.0259201 0.00639728 0.000793985 3.97464e-05 7.47264e-07 4.18597e-09 5.21544e-12 1.20324e-15 4.65713e-20 2.77999e-25
 1.64344e-41 2.28099e-33 3.82683e-26 7.76074e-20 1.90245e-14 5.63732e-10 2.0192e-06 0.000874242 0.0457544 0.289464 0.223398 0.0770709 0.190095 0.0958564 0.0536443 0.0197027 0.003697 0.000421006 1.95888e-05 2.90036e-07 1.14714e-09 1.01888e-12 1.68707e-16 4.53271e-21 1.829e-26
 1.55918e-41 2.16403e-33 3.63062e-26 7.36281e-20 1.80491e-14 5.34827e-10 1.91566e-06 0.000829416 0.0434083 0.274625 0.212548 0.0839796 0.199341 0.0999797 0.0620316 0.0199575 0.00303457 0.00025411 9.18658e-06 1.1537e-07 3.56351e-10 2.24287e-13 2.56251e-17 4.80737e-22 1.36083e-27
 1.52065e-41 2.11056e-33 3.5409e-26 7.18088e-20 1.76031e-14 5.21612e-10 1.86833e-06 0.000808922 0.0423358 0.267843 0.207844 0.089278 0.199503 0.101125 0.0677525 0.0203243 0.0029785 0.000199184 5.06053e-06 4.50717e-08 1.0658e-10 5.13359e-14 4.24902e-18 5.53807e-23 1.07635e-28
 1.92879e-41 2.67703e-33 4.49127e-26 9.1082e-20 2.23277e-14 6.6161e-10 2.36978e-06 0.00102603 0.0536985 0.339725 0.26224 0.0761124 0.135683 0.0690336 0.0470162 0.0133879 0.00195447 0.000117597 2.43593e-06 1.51712e-08 2.4113e-11 8.19569e-15 4.97443e-19 4.74465e-24 6.59225e-30
 1.62394e-41 2.25392e-33 3.78142e-26 7.66865e-20 1.87988e-14 5.57042e-10 1.99524e-06 0.000863868 0.0452114 0.286048 0.223236 0.107379 0.205826 0.082641 0.0376566 0.00971908 0.00134242 7.38649e-05 1.35228e-06 6.72775e-09 7.63036e-12 1.73063e-15 7.03596e-20 4.64857e-25 4.59452e-31
 1.33749e-41 1.85635e-33 3.11441e-26 6.31597e-20 1.54829e-14 4.58785e-10 1.64329e-06 0.00071149 0.0372366 0.235609 0.186019 0.120008 0.225497 0.112463 0.0679742 0.0131996 0.00122301 5.65987e-05 9.04207e-07 3.78214e-09 3.39069e-12 5.64114e-16 1.58142e-20 6.98595e-26 4.61653e-32
 1.21933e-41 1.69235e-33 2.83927e-26 5.75798e-20 1.4115e-14 4.18254e-10 1.49812e-06 0.000648633 0.0339469 0.214809 0.171041 0.124147 0.220171 0.129105 0.0853074 0.0188294 0.00192959 6.29231e-05 6.98595e-07 2.31258e-09 1.66274e-12 2.15441e-16 4.52351e-21 1.43789e-26 6.61103e-33
 1.63684e-41 2.27183e-33 3.81147e-26 7.72959e-20 1.89482e-14 5.61469e-10 2.01109e-06 0.000870733 0.0455707 0.288341 0.226254 0.104514 0.157037 0.0977912 0.063003 0.0149089 0.00165109 5.63243e-05 5.27835e-07 1.18689e-09 6.00068e-13 5.8339e-17 9.30529e-22 2.22094e-27 7.52973e-34
 1.48646e-41 2.0631e-33 3.46129e-26 7.01942e-20 1.72073e-14 5.09883e-10 1.82632e-06 0.000790733 0.0413839 0.261891 0.209501 0.140788 0.202907 0.088735 0.0431156 0.00979466 0.00105428 3.65138e-05 3.3759e-07 6.67093e-10 2.49567e-13 1.64746e-17 1.81729e-22 3.1182e-28 7.7524e-35
 1.54858e-41 2.14933e-33 3.60594e-26 7.31278e-20 1.79264e-14 5.31192e-10 1.90264e-06 0.000823779 0.0431134 0.272844 0.218169 0.13374 0.178572 0.0985816 0.0464497 0.0071131 0.000572801 1.78499e-05 1.5317e-07 2.78247e-10 9.06461e-14 4.76995e-18 3.82543e-23 4.51804e-29 7.66564e-36
 1.52921e-41 2.12244e-33 3.56083e-26 7.22129e-20 1.77021e-14 5.24547e-10 1.87884e-06 0.000813473 0.0425741 0.269469 0.217894 0.147787 0.182739 0.0918539 0.0398504 0.00657009 0.000438084 9.21091e-06 6.08246e-08 9.3362e-11 2.5989e-14 1.14994e-18 7.50444e-24 6.89848e-30 8.6825e-37
 1.64361e-41 2.28122e-33 3.82722e-26 7.76153e-20 1.90265e-14 5.63789e-10 2.0194e-06 0.000874331 0.0457593 0.289641 0.233974 0.14353 0.162519 0.0853418 0.0333344 0.00473208 0.000287267 5.28099e-06 2.48874e-08 2.65364e-11 5.57824e-15 1.9552e-19 1.02115e-24 7.47373e-31 7.39605e-38
 1.59928e-41 2.2197e-33 3.724e-26 7.55221e-20 1.85133e-14 5.48584e-10 1.96494e-06 0.000850751 0.0445253 0.281899 0.231488 0.161816 0.169912 0.0789203 0.0269338 0.00347507 0.000176169 2.66615e-06 1.0333e-08 8.26392e-12 1.199e-15 2.91441e-20 1.10271e-25 6.05069e-32 4.56259e-39
 1.64529e-41 2.28355e-33 3.83113e-26 7.76946e-20 1.90459e-14 5.64365e-10 2.02146e-06 0.000875224 0.0458063 0.290049 0.239196 0.160931 0.158552 0.0782384 0.0237204 0.002523 0.000105724 1.30271e-06 3.95254e-09 2.45262e-12 2.69707e-16 4.72821e-21 1.23983e-26 4.67667e-33 2.46205e-40
 1.64884e-41 2.28848e-33 3.8394e-26 7.78623e-20 1.9087e-14 5.65584e-10 2.02583e-06 0.000877114 0.0459054 0.290757 0.242854 0.170311 0.155559 0.0718437 0.0198473 0.00197466 6.82684e-05 6.52732e-07 1.52508e-09 7.17289e-13 5.89644e-17 7.68328e-22 1.482e-27 4.03188e-34 1.49728e-41
 1.68651e-41 2.34076e-33 3.92712e-26 7.96411e-20 1.95231e-14 5.78505e-10 2.07211e-06 0.000897153 0.0469544 0.297478 0.250441 0.172791 0.14754 0.0664587 0.0160344 0.00136355 4.01639e-05 3.141e-07 5.5753e-10 1.93457e-13 1.16811e-17 1.11337e-22 1.56402e-28 3.09197e-35 8.3273e-43
 1.6788e-41 2.33006e-33 3.90916e-26 7.9277e-20 1.94338e-14 5.7586e-10 2.06264e-06 0.000893051 0.0467401 0.296251 0.253407 0.181639 0.145145 0.0616297 0.0132735 0.000994822 2.4086e-05 1.50942e-07 2.10626e-10 5.52968e-14 2.43902e-18 1.67281e-23 1.68672e-29 2.39432e-36 4.62909e-44
 1.46734e-41 2.03658e-33 3.41678e-26 6.92916e-20 1.6986e-14 5.03327e-10 1.80284e-06 0.000780567 0.0408541 0.259295 0.234551 0.214969 0.167421 0.0684241 0.0128683 0.000818821 1.63249e-05 8.13323e-08 8.71267e-11 1.72899e-14 5.69271e-19 2.8643e-24 2.08322e-30 2.10998e-37 2.89781e-45
 1.49699e-41 2.07773e-33 3.48582e-26 7.06917e-20 1.73292e-14 5.13497e-10 1.83926e-06 0.000796338 0.0416793 0.264427 0.234713 0.196913 0.167217 0.0788639 0.0145231 0.000850388 1.48273e-05 6.29173e-08 5.65188e-11 9.26307e-15 2.49212e-19 1.02041e-24 6.02545e-31 4.93535e-38 5.45e-46
 1.55687e-41 2.16083e-33 3.62525e-26 7.35193e-20 1.80224e-14 5.34036e-10 1.91283e-06 0.00082819 0.0433463 0.274962 0.242291 0.194324 0.157985 0.0712295 0.0141284 0.0008882 1.49816e-05 5.78289e-08 4.59794e-11 6.60336e-15 1.55027e-19 5.51946e-25 2.82507e-31 2.00262e-38 1.91353e-46
#spawning biomass
 17574.1 19468 20489.6 23555.7 27579.6 32654.5 36494 46313.4 62799.2 82619.5 97138.2 117826 160757 186377 180707 153405 147049 145186 138135 143953 148005 146847 146549 164672 178193 187551 179752 165721 145602 166937 127881 52595.1 26363.4 18761 16787.7 16311 16201.4 16177.1 16171.9 16170.7 16170.5 16170.5 16170.4 16170.4 16170.4 16170.4 16170.4 16170.4 16170.4 16170.4 16170.4 16170.4 16170.4 16170.4 16170.4 16170.4 16170.4 16170.4 16170.4 16170.4 16170.4 16170.4 16170.4 16170.4 16170.4 16170.4 16170.4 16170.4 16170.4 16170.4 16170.4 16170.4 16170.4 16170.4 16170.4 16170.4 16170.4 16170.4 16170.4 16170.4 16170.4 16170.4 16170.4 16170.4 16170.4 16170.4 16170.4 16170.4 16170.4 16170.4 16170.4 16170.4 16170.4 16170.4 16170.4 16170.4 16170.4 16170.4 16170.4 16170.4 16170.4 16170.4 16170.4 16170.4 16170.4 16170.4 16170.4 16170.4 16170.4 16170.4 16170.4 16170.4 16170.4 16170.4 16170.4 16170.4 16170.4 16170.4 16170.4 16170.4 16170.4 16170.4 16170.4 16170.4 16170.4 16170.4 16170.4 16170.4 16170.4 0 0 0 0 0 0 0 0 0 0 0 0 0 0 0 0 0 0 0 0 0 0 0 0 0
