SBPRF35
0.827133
Curr Bio
131901
B35
614006
F35
0.221635
FOFL
0.102409
OFL
21680.8
Bzero
236324
#pred survey bio
 8272.99 10042.6 12571.2 18894.2 23248.1 26594.2 31317.5 36299.9 40121.2 48775.4 63690.5 72968.4 93204.9 116654 125542 101442 96051.2 92810.6 89171.7 92519.6 89509 99730.2 100976 108834 121509 120810 114348 97051.3 94530.4 9.18149e+06 7.98806e+06 8.18797e+06 7.5655e+06 6.5938e+06 5.57771e+06 4.67272e+06 3.93391e+06 3.36203e+06 2.93418e+06 2.62104e+06 2.39496e+06 2.23289e+06 2.11651e+06 2.03204e+06 1.97064e+06 1.9271e+06 1.89586e+06 1.87315e+06 1.85645e+06 1.84401e+06 1.83462e+06 1.82747e+06 1.82196e+06 1.81767e+06 1.81431e+06 1.81165e+06 1.80954e+06 1.80785e+06 1.8065e+06 1.80541e+06 1.80453e+06 1.80381e+06 1.80323e+06 1.80276e+06 1.80238e+06 1.80207e+06 1.80181e+06 1.8016e+06 1.80143e+06 1.8013e+06 1.80118e+06 1.80109e+06 1.80101e+06 1.80095e+06 1.8009e+06 1.80086e+06 1.80082e+06 1.8008e+06 1.80077e+06 1.80075e+06 1.80074e+06 1.80073e+06 1.80072e+06 1.80071e+06 1.8007e+06 1.8007e+06 1.80069e+06 1.80069e+06 1.80068e+06 1.80068e+06 1.80068e+06 1.80068e+06 1.80068e+06 1.80068e+06 1.80067e+06 1.80067e+06 1.80067e+06 1.80067e+06 1.80067e+06 1.80067e+06 1.80067e+06 1.80067e+06 1.80067e+06 1.80067e+06 1.80067e+06 1.80067e+06 1.80067e+06 1.80067e+06 1.80067e+06 1.80067e+06 1.80067e+06 1.80067e+06 1.80067e+06 1.80067e+06 1.80067e+06 1.80067e+06 1.80067e+06 1.80067e+06 1.80067e+06 1.80067e+06 1.80067e+06 1.80067e+06 1.80067e+06 1.80067e+06 1.80067e+06 1.80067e+06 1.80067e+06 1.80067e+06 1.80067e+06 0 0 0 0 0 0 0 0 0 0 0 0 0 0 0 0 0 0 0 0 0 0 0 0 0
#obs survey bio
 7560.21 9546.78 13948 33452.9 29992.1 22576 37863.7 34734.8 41633.2 67254 55789.9 67151.4 97844.9 118188 121146 107435 86913.2 77533.6 85333.6 104756 83628.1 101033 107894 131995 106994 92404.5 88093.2 75595.6 109519
#pred catch bio
 3894.62 5778.9 6561.21 10865.6 14672.6 17528.5 21062.1 25984.5 29700.4 35983.5 49686.4 57611.3 75082.1 90310.1 105551 85280.5 83541.4 81596.7 76124.9 82177.7 80624.1 92343.1 92184.8 100368 116388 114057 107875 88981.8 1.11799 21680.8 68201.8 69319.5 63312.6 54386.2 45231.9 37200.3 30745.1 25838.2 22247.1 19688.8 17901.7 16671.1 15830.6 15258.1 14871.8 14618.4 14452.2 14343.2 14271.7 14224.8 14194 14173.8 14160.6 14151.9 14146.2 14142.4 14140 14138.4 14137.3 14136.6 14136.2 14135.9 14135.7 14135.6 14135.5 14135.4 14135.4 14135.4 14135.3 14135.3 14135.3 14135.3 14135.3 14135.3 14135.3 14135.3 14135.3 14135.3 14135.3 14135.3 14135.3 14135.3 14135.3 14135.3 14135.3 14135.3 14135.3 14135.3 14135.3 14135.3 14135.3 14135.3 14135.3 14135.3 14135.3 14135.3 14135.3 14135.3 14135.3 14135.3 14135.3 14135.3 14135.3 14135.3 14135.3 14135.3 14135.3 14135.3 14135.3 14135.3 14135.3 14135.3 14135.3 14135.3 14135.3 14135.3 14135.3 14135.3 14135.3 14135.3 14135.3 14135.3 14135.3 14135.3 14135.3 14135.3 14135.3 14135.3 14135.3 0 0 0 0 0 0 0 0 0 0 0 0 0 0 0 0 0 0 0 0 0 0 0 0 0
#obs catch bio
 5942.69 5899.7 6554.96 10602.9 14541.7 17433.7 21264.7 25847.8 29951.8 34906.2 49036.8 58201.7 73489.2 88976.9 108067 87006.6 84778.9 82524.2 74341.8 81035 80244.4 89993.5 90792.1 95471 114283 112696 107638 94769.6 1.02123
#pred cpue bio
 7676.11 9141.9 10983.6 17023 21011.4 23675.3 27839.6 32303.6 35186.4 41632 55519.8 62605.1 78361.9 101041 112387 89104.9 82933.9 80294.8 76334 80407.8 75022.1 84177.8 85238.1 90834.2 101360 101876 97462.7 84375.5 76807.4 8.55934e+06 7.95513e+06 8.15654e+06 7.53403e+06 6.56233e+06 5.54624e+06 4.64125e+06 3.90244e+06 3.33055e+06 2.90271e+06 2.58957e+06 2.36349e+06 2.20142e+06 2.08504e+06 2.00057e+06 1.93917e+06 1.89563e+06 1.86439e+06 1.84168e+06 1.82498e+06 1.81253e+06 1.80315e+06 1.796e+06 1.79048e+06 1.7862e+06 1.78284e+06 1.78018e+06 1.77807e+06 1.77638e+06 1.77503e+06 1.77394e+06 1.77306e+06 1.77234e+06 1.77176e+06 1.77129e+06 1.77091e+06 1.7706e+06 1.77034e+06 1.77013e+06 1.76996e+06 1.76982e+06 1.76971e+06 1.76962e+06 1.76954e+06 1.76948e+06 1.76943e+06 1.76939e+06 1.76935e+06 1.76932e+06 1.7693e+06 1.76928e+06 1.76927e+06 1.76925e+06 1.76924e+06 1.76924e+06 1.76923e+06 1.76922e+06 1.76922e+06 1.76922e+06 1.76921e+06 1.76921e+06 1.76921e+06 1.76921e+06 1.7692e+06 1.7692e+06 1.7692e+06 1.7692e+06 1.7692e+06 1.7692e+06 1.7692e+06 1.7692e+06 1.7692e+06 1.7692e+06 1.7692e+06 1.7692e+06 1.7692e+06 1.7692e+06 1.7692e+06 1.7692e+06 1.7692e+06 1.7692e+06 1.7692e+06 1.7692e+06 1.7692e+06 1.7692e+06 1.7692e+06 1.7692e+06 1.7692e+06 1.7692e+06 1.7692e+06 1.7692e+06 1.7692e+06 1.7692e+06 1.7692e+06 1.7692e+06 1.7692e+06 1.7692e+06 1.7692e+06 1.7692e+06 1.7692e+06 0 0 0 0 0 0 0 0 0 0 0 0 0 0 0 0 0 0 0 0 0 0 0 0 0
#obs cpue bio
 6989.83 7820.39 9358.76 19022 19084 23230.6 20143.2 38804.1 29793.9 58631.1 58759.4 62169.8 104039 112501 73171.6 69777.8 59786.6 100056 102686 101659 79675.3 125490 105654 184340 125387 150255 135361 101595 125709
#pred surv len freq
 2.55976e-27 2.57893e-27 2.46376e-26 4.65752e-20 1.14173e-14 3.38316e-10 1.21179e-06 0.000524659 0.0274588 0.173712 0.133339 0.043781 0.239557 0.221077 0.0457164 0.0489426 0.0199432 0.0139522 0.00827217 0.00612773 0.00473681 0.00406701 0.00407249 0.0036142 0.00110405
 2.56116e-27 2.58332e-27 2.90226e-26 5.58273e-20 1.36854e-14 4.05523e-10 1.45251e-06 0.000628883 0.0329135 0.20822 0.159602 0.0383321 0.179641 0.166975 0.057798 0.0900891 0.0319747 0.0154772 0.00691659 0.00386092 0.00240872 0.00175915 0.00155643 0.00138166 0.000462686
 2.56398e-27 2.59051e-27 3.49067e-26 6.82385e-20 1.67278e-14 4.95676e-10 1.77543e-06 0.000768693 0.0402306 0.25451 0.194991 0.0409752 0.17489 0.161508 0.0371709 0.044609 0.0210833 0.0178218 0.00650406 0.00244415 0.00103793 0.00057192 0.000415636 0.000346183 0.000120073
 2.56163e-27 2.584e-27 2.90136e-26 5.5806e-20 1.36802e-14 4.05368e-10 1.45196e-06 0.000628643 0.0329009 0.208141 0.159627 0.0437085 0.220538 0.203575 0.043685 0.0486068 0.0181612 0.0104499 0.00573183 0.00288124 0.000814589 0.000275339 0.000140241 9.99601e-05 3.43173e-05
 2.56139e-27 2.58357e-27 2.88218e-26 5.54023e-20 1.35812e-14 4.02435e-10 1.44145e-06 0.000624095 0.0326629 0.206635 0.158451 0.0420815 0.208982 0.193335 0.0495536 0.0645891 0.0233036 0.0117811 0.00460317 0.00214384 0.000916574 0.000230205 6.33322e-05 3.21546e-05 1.03292e-05
 2.56251e-27 2.5865e-27 3.1304e-26 6.06383e-20 1.48647e-14 4.40469e-10 1.57769e-06 0.000683077 0.0357498 0.226164 0.173367 0.0423302 0.200395 0.185136 0.0431028 0.0520123 0.0205936 0.0130366 0.00482246 0.00176447 0.000595148 0.000194993 3.85534e-05 1.0042e-05 2.6875e-06
 2.56253e-27 2.58639e-27 3.10551e-26 6.01125e-20 1.47359e-14 4.3665e-10 1.56401e-06 0.000677155 0.0354399 0.224203 0.171891 0.0436592 0.211547 0.1952 0.040833 0.0441956 0.0165918 0.00944166 0.0040198 0.00168131 0.000466029 0.000121165 2.62911e-05 3.91614e-06 6.64414e-07
 2.56242e-27 2.58607e-27 3.07509e-26 5.94707e-20 1.45785e-14 4.31988e-10 1.54731e-06 0.000669925 0.0350614 0.221809 0.170066 0.0438383 0.214192 0.197671 0.0418292 0.0457934 0.0162709 0.0079122 0.00308591 0.00126974 0.000415279 9.49289e-05 1.68196e-05 2.15304e-06 1.98343e-07
 2.56337e-27 2.58857e-27 3.28799e-26 6.39618e-20 1.56795e-14 4.64611e-10 1.66416e-06 0.000720517 0.0377092 0.238559 0.182856 0.0438182 0.205053 0.189115 0.0380933 0.0394096 0.0140694 0.00691118 0.00246186 0.000873326 0.000268283 6.82547e-05 1.0918e-05 1.14102e-06 7.15589e-08
 2.56493e-27 2.59268e-27 3.64067e-26 7.14015e-20 1.75032e-14 5.18651e-10 1.85772e-06 0.000804323 0.0420954 0.266307 0.204042 0.0437127 0.189365 0.174454 0.0321973 0.0296011 0.0102934 0.00468462 0.0016715 0.000575992 0.000151716 3.53946e-05 5.96701e-06 5.53392e-07 2.67387e-08
 2.56363e-27 2.58906e-27 3.31118e-26 6.44502e-20 1.57992e-14 4.68158e-10 1.67686e-06 0.000726018 0.0379972 0.240381 0.184272 0.0453815 0.215955 0.198857 0.0340953 0.0277543 0.00923666 0.00360198 0.00121773 0.000396782 0.000102221 2.09106e-05 3.20267e-06 2.97792e-07 1.23492e-08
 2.56457e-27 2.59164e-27 3.5419e-26 6.93174e-20 1.69923e-14 5.03513e-10 1.8035e-06 0.000780846 0.0408667 0.258534 0.198119 0.044497 0.199495 0.183731 0.0325701 0.0280646 0.0090355 0.0030238 0.000936268 0.0002661 6.36983e-05 1.24364e-05 1.6826e-06 1.43119e-07 5.68519e-09
 2.56565e-27 2.59449e-27 3.78844e-26 7.45184e-20 1.82673e-14 5.41292e-10 1.93882e-06 0.000839434 0.0439329 0.277932 0.212927 0.0442415 0.187147 0.172224 0.0285031 0.0216837 0.00707227 0.00252722 0.000741006 0.00018129 3.75284e-05 6.57379e-06 8.25803e-07 6.21093e-08 2.27268e-09
 2.56395e-27 2.58981e-27 3.36635e-26 6.56135e-20 1.60844e-14 4.76609e-10 1.70713e-06 0.000739123 0.038683 0.24472 0.187597 0.0461122 0.219179 0.201651 0.03132 0.020684 0.0065228 0.00201171 0.00059584 0.000150513 2.75654e-05 4.0715e-06 4.46134e-07 3.03876e-08 9.88096e-10
 2.56186e-27 2.58425e-27 2.88669e-26 5.54953e-20 1.3604e-14 4.03111e-10 1.44388e-06 0.000625143 0.0327177 0.206982 0.158786 0.0464853 0.242261 0.223209 0.0398216 0.0346423 0.0106823 0.00280511 0.000769822 0.000173792 3.24379e-05 4.44075e-06 4.0344e-07 2.35538e-08 6.82425e-10
 2.56315e-27 2.58778e-27 3.20056e-26 6.21167e-20 1.52272e-14 4.51208e-10 1.61615e-06 0.000699732 0.0366214 0.231678 0.177628 0.0454742 0.221328 0.203883 0.0362067 0.0313012 0.0102575 0.00369162 0.000999428 0.000193617 3.20804e-05 4.2095e-06 3.57829e-07 1.73132e-08 4.26299e-10
 2.56417e-27 2.59049e-27 3.43343e-26 6.7029e-20 1.64314e-14 4.8689e-10 1.74396e-06 0.000755068 0.0395175 0.249999 0.191616 0.0453587 0.210622 0.193871 0.0320463 0.0243194 0.00793575 0.00284736 0.000860546 0.000212959 3.25939e-05 3.67661e-06 2.88371e-07 1.28237e-08 2.63086e-10
 2.56401e-27 2.58995e-27 3.3776e-26 6.5851e-20 1.61426e-14 4.78333e-10 1.71331e-06 0.000741797 0.038823 0.245605 0.188275 0.0462221 0.21954 0.201951 0.0307772 0.0193689 0.00609647 0.00187159 0.00055476 0.000141979 2.66234e-05 3.19487e-06 2.15705e-07 8.63073e-09 1.59388e-10
 2.56461e-27 2.59159e-27 3.52223e-26 6.89021e-20 1.68905e-14 5.00496e-10 1.79269e-06 0.000776168 0.0406218 0.256985 0.196957 0.0457687 0.20999 0.193154 0.0295051 0.0186687 0.0056748 0.00140979 0.000383152 8.62019e-05 1.62137e-05 2.24559e-06 1.69849e-07 6.05503e-09 9.91173e-11
 2.56373e-27 2.58921e-27 3.31173e-26 6.44613e-20 1.58019e-14 4.68239e-10 1.67715e-06 0.000726143 0.0380037 0.240423 0.184319 0.0463833 0.223545 0.205667 0.0317981 0.0207491 0.00631814 0.00157602 0.000401382 7.40667e-05 1.21432e-05 1.59982e-06 1.35485e-07 5.38394e-09 8.11366e-11
 2.56574e-27 2.59466e-27 3.79558e-26 7.46686e-20 1.83041e-14 5.42383e-10 1.94273e-06 0.000841126 0.0440215 0.278492 0.213365 0.044873 0.191645 0.176243 0.0268252 0.0168157 0.00514125 0.00132462 0.000339495 6.16068e-05 8.71405e-06 9.5202e-07 7.46312e-08 3.23956e-09 5.34497e-11
 2.56533e-27 2.59349e-27 3.68437e-26 7.23222e-20 1.77289e-14 5.2534e-10 1.88168e-06 0.000814695 0.0426382 0.269741 0.206698 0.0458081 0.203445 0.186991 0.0261803 0.012635 0.00381251 0.000940503 0.000241727 4.51067e-05 6.35812e-06 6.25623e-07 4.00502e-08 1.58703e-09 2.79791e-11
 2.56532e-27 2.59343e-27 3.67771e-26 7.21817e-20 1.76945e-14 5.24319e-10 1.87802e-06 0.000813112 0.0425553 0.269217 0.206299 0.045935 0.204691 0.188121 0.0260282 0.0119953 0.00349293 0.000657794 0.000159092 2.86623e-05 4.09596e-06 4.06696e-07 2.38343e-08 7.78584e-10 1.24707e-11
 2.56591e-27 2.59505e-27 3.82351e-26 7.52576e-20 1.84485e-14 5.46662e-10 1.95805e-06 0.000847761 0.0443688 0.280689 0.215049 0.0453115 0.193798 0.178115 0.0250772 0.0123446 0.00358468 0.000644242 0.000144398 2.04683e-05 2.72009e-06 2.67184e-07 1.57794e-08 4.74844e-10 6.37424e-12
 2.56592e-27 2.59507e-27 3.82319e-26 7.52508e-20 1.84468e-14 5.46613e-10 1.95787e-06 0.000847685 0.0443648 0.280664 0.215033 0.0454779 0.195076 0.179253 0.0245368 0.0108274 0.00315572 0.000604481 0.000136039 1.8166e-05 2.04465e-06 1.68375e-07 9.59459e-09 2.87839e-10 3.57099e-12
 2.56535e-27 2.59348e-27 3.67837e-26 7.21956e-20 1.76979e-14 5.2442e-10 1.87838e-06 0.000813268 0.0425635 0.269269 0.206344 0.0462374 0.206961 0.190144 0.0250836 0.00933108 0.00267345 0.000460197 0.000102548 1.44456e-05 1.59529e-06 1.15226e-07 5.37395e-09 1.49699e-10 1.82721e-12
 2.56479e-27 2.59196e-27 3.54543e-26 6.93911e-20 1.70104e-14 5.04048e-10 1.80542e-06 0.000781676 0.0409101 0.258809 0.198362 0.0465449 0.214909 0.197504 0.0268417 0.0114835 0.00325919 0.000479011 0.000100234 1.2878e-05 1.43467e-06 1.05585e-07 4.43403e-09 1.01702e-10 1.11993e-12
 2.56366e-27 2.58889e-27 3.2721e-26 6.36248e-20 1.55969e-14 4.62163e-10 1.65539e-06 0.00071672 0.0375106 0.237303 0.181954 0.0474397 0.233246 0.214407 0.0295045 0.0133024 0.00382543 0.000638688 0.000134305 1.48908e-05 1.5099e-06 1.05534e-07 4.49795e-09 9.51204e-11 8.75199e-13
 2.5672e-27 2.59861e-27 4.14386e-26 8.20158e-20 2.01052e-14 5.95752e-10 2.13389e-06 0.000923891 0.0483531 0.305895 0.234274 0.0439202 0.169704 0.155983 0.0230225 0.0132295 0.00384863 0.000676512 0.000147317 1.81899e-05 1.76447e-06 1.06973e-07 4.21741e-09 8.83227e-11 7.6038e-13
#obs surv len freq
 1.08722e-41 1.50898e-33 2.53164e-26 5.1341e-20 1.25857e-14 3.72936e-10 1.3358e-06 0.000578354 0.0302687 0.191489 0.146929 0.0401714 0.173147 0.146512 0.103715 0.101578 0.043943 0.0172375 0.00390877 0.000493721 2.56148e-05 3.94245e-07 1.34909e-09 8.35584e-13 8.20914e-17
 1.60388e-41 2.22608e-33 3.7347e-26 7.5739e-20 1.85665e-14 5.5016e-10 1.97059e-06 0.000853195 0.0446528 0.282487 0.21643 0.0407051 0.126815 0.102329 0.0759032 0.0685973 0.0287148 0.0102197 0.00205857 0.00022225 9.37772e-06 1.11457e-07 2.83451e-10 1.27492e-13 8.97767e-18
 1.53674e-41 2.13289e-33 3.57837e-26 7.25686e-20 1.77893e-14 5.2713e-10 1.8881e-06 0.00081748 0.0427836 0.270663 0.207631 0.0500677 0.177018 0.129002 0.0563776 0.0423978 0.0168214 0.0053793 0.000949994 8.55204e-05 2.88088e-06 2.62196e-08 4.94063e-11 1.61151e-14 8.12595e-19
 1.0769e-41 1.49467e-33 2.50761e-26 5.08539e-20 1.24662e-14 3.69398e-10 1.32312e-06 0.000572866 0.0299815 0.189674 0.14602 0.0564945 0.23023 0.163078 0.0979822 0.0657546 0.0158002 0.00379169 0.000574976 4.25218e-05 1.12026e-06 7.69395e-09 1.06756e-11 2.52082e-15 9.09984e-20
 1.50714e-41 2.09181e-33 3.50944e-26 7.11707e-20 1.74467e-14 5.16976e-10 1.85173e-06 0.000801733 0.0419595 0.26545 0.203685 0.0473097 0.142381 0.104153 0.103395 0.0684932 0.0186091 0.00343081 0.000313028 1.72975e-05 3.49778e-07 1.78507e-09 1.80338e-12 3.06513e-16 7.90523e-21
 1.20047e-41 1.66617e-33 2.79535e-26 5.66891e-20 1.38967e-14 4.11783e-10 1.47494e-06 0.000638599 0.0334217 0.211439 0.163 0.0650563 0.231546 0.144174 0.0783495 0.0495583 0.018859 0.00366171 0.000284421 9.55951e-06 1.27162e-07 4.66946e-10 3.39367e-13 4.11482e-17 7.53665e-22
 1.38024e-41 1.91567e-33 3.21394e-26 6.51781e-20 1.59776e-14 4.73447e-10 1.69581e-06 0.000734227 0.0384265 0.243101 0.187052 0.0579426 0.174954 0.11644 0.109403 0.0566398 0.0126508 0.00243298 0.000215302 6.09451e-06 5.103e-08 1.15765e-10 5.69323e-14 4.8384e-18 6.24122e-23
 1.19194e-41 1.65433e-33 2.77549e-26 5.62864e-20 1.37979e-14 4.08858e-10 1.46446e-06 0.000634062 0.0331843 0.209939 0.162297 0.0722072 0.227171 0.133402 0.0941252 0.0498087 0.0149901 0.00209916 0.000136762 3.8026e-06 2.68822e-08 4.05246e-11 1.22036e-14 6.64086e-19 5.78107e-24
 1.51142e-41 2.09775e-33 3.51942e-26 7.1373e-20 1.74963e-14 5.18446e-10 1.85699e-06 0.000804013 0.0420788 0.266208 0.205085 0.0644384 0.16715 0.104185 0.0965886 0.0423551 0.00962933 0.00139239 8.13868e-05 1.60879e-06 9.42065e-09 1.17142e-11 2.52724e-15 8.85412e-20 4.84601e-25
 1.52143e-41 2.11164e-33 3.54272e-26 7.18456e-20 1.76121e-14 5.21878e-10 1.86928e-06 0.000809336 0.0423574 0.267974 0.207047 0.0778192 0.19786 0.10346 0.0662276 0.0285121 0.00709279 0.000799156 3.88137e-05 6.59342e-07 2.82314e-09 2.61012e-12 4.39963e-16 1.16394e-20 4.47709e-26
 1.09803e-41 1.52399e-33 2.55682e-26 5.18517e-20 1.27108e-14 3.76645e-10 1.34908e-06 0.000584106 0.0305698 0.193409 0.151191 0.0972913 0.258394 0.136004 0.0948263 0.0316763 0.00546283 0.000567184 2.33764e-05 3.04448e-07 1.02822e-09 7.05499e-13 8.48177e-17 1.63704e-21 4.69393e-27
 1.66927e-41 2.31683e-33 3.88697e-26 7.88269e-20 1.93235e-14 5.7259e-10 2.05092e-06 0.00088798 0.0464733 0.294014 0.227005 0.0713114 0.14474 0.0937633 0.0889196 0.0281097 0.00444053 0.000322612 9.80101e-06 1.02438e-07 2.59627e-10 1.32191e-13 1.17169e-17 1.62141e-22 3.28474e-28
 1.33472e-41 1.8525e-33 3.10796e-26 6.30287e-20 1.54507e-14 4.57834e-10 1.63989e-06 0.000710014 0.0371593 0.235105 0.184206 0.110607 0.243148 0.106839 0.0575845 0.0203949 0.00397642 0.000261996 5.92894e-06 4.23341e-08 7.83909e-11 2.9401e-14 1.88353e-18 1.87901e-23 2.73867e-29
 1.11443e-41 1.54676e-33 2.59501e-26 5.26263e-20 1.29007e-14 3.82272e-10 1.36924e-06 0.000592832 0.0310265 0.196314 0.155165 0.11175 0.235025 0.138201 0.104483 0.0242229 0.00300485 0.000209168 4.65688e-06 2.55956e-08 3.21892e-11 8.24346e-15 3.73831e-19 2.66467e-24 2.76422e-30
 8.79072e-42 1.22009e-33 2.04696e-26 4.15119e-20 1.01762e-14 3.01538e-10 1.08006e-06 0.000467629 0.0244739 0.154872 0.12481 0.123725 0.249715 0.159404 0.123647 0.0341159 0.00456311 0.000201197 3.42398e-06 1.71894e-08 1.74874e-11 3.17126e-15 9.67677e-20 4.6745e-25 3.35942e-31
 1.41476e-41 1.9636e-33 3.29434e-26 6.68086e-20 1.63773e-14 4.8529e-10 1.73823e-06 0.000752594 0.0393878 0.249214 0.19536 0.0946108 0.159867 0.12648 0.101541 0.0285549 0.00403944 0.000188456 2.51627e-06 8.63272e-09 6.88486e-12 1.01048e-15 2.33144e-20 7.94972e-26 3.89115e-32
 9.75106e-42 1.35338e-33 2.27058e-26 4.60469e-20 1.12879e-14 3.3448e-10 1.19805e-06 0.000518716 0.0271476 0.171829 0.141689 0.162395 0.273234 0.126138 0.0718435 0.0219295 0.00312886 0.000144373 1.8773e-06 5.4135e-09 3.05451e-12 3.14319e-16 5.41625e-21 1.41148e-26 5.17052e-33
 1.43515e-41 1.99189e-33 3.34181e-26 6.77711e-20 1.66133e-14 4.92282e-10 1.76327e-06 0.000763437 0.0399553 0.252831 0.200114 0.107826 0.161251 0.136147 0.0841496 0.0152424 0.00164366 7.3977e-05 9.02614e-07 2.35593e-09 1.12445e-12 8.80305e-17 1.06688e-21 1.9315e-27 5.04673e-34
 1.0016e-41 1.39015e-33 2.33227e-26 4.7298e-20 1.15945e-14 3.43568e-10 1.2306e-06 0.000532809 0.0278853 0.176555 0.149253 0.183486 0.261132 0.121312 0.0624248 0.0158992 0.00147617 4.27927e-05 4.21721e-07 9.62952e-10 3.92549e-13 2.54209e-17 2.43947e-22 3.3149e-28 6.20372e-35
 1.28823e-41 1.78798e-33 2.99971e-26 6.08336e-20 1.49126e-14 4.41889e-10 1.58277e-06 0.000685287 0.0358653 0.227014 0.184236 0.13229 0.181265 0.152324 0.0740336 0.0113096 0.000949625 2.71063e-05 1.89867e-07 3.05778e-10 9.7841e-14 5.12547e-18 3.94211e-23 4.22299e-29 6.10914e-36
 1.41575e-41 1.96497e-33 3.29664e-26 6.68552e-20 1.63888e-14 4.85629e-10 1.73945e-06 0.00075312 0.0394155 0.249533 0.2052 0.159397 0.187314 0.100977 0.0472291 0.00953344 0.000634539 1.28063e-05 7.61746e-08 9.47931e-11 2.10305e-14 7.80364e-19 4.47923e-24 3.67657e-30 4.09286e-37
 1.12724e-41 1.56454e-33 2.62484e-26 5.32312e-20 1.3049e-14 3.86666e-10 1.38497e-06 0.000599646 0.0313836 0.198823 0.172519 0.196875 0.225602 0.122816 0.0445771 0.00637709 0.000418234 7.89827e-06 3.42348e-08 3.1584e-11 5.37884e-15 1.45636e-19 5.82631e-25 3.32944e-31 2.64176e-38
 1.37626e-41 1.91015e-33 3.20468e-26 6.49902e-20 1.59316e-14 4.72082e-10 1.69092e-06 0.00073211 0.0383162 0.242668 0.203161 0.160068 0.178905 0.126562 0.0440146 0.00531961 0.000249222 3.70969e-06 1.39416e-08 1.00136e-11 1.22242e-15 2.39198e-20 7.02657e-26 2.9135e-32 1.63785e-39
 1.35387e-41 1.87909e-33 3.15256e-26 6.39332e-20 1.56725e-14 4.64404e-10 1.66342e-06 0.000720203 0.0376934 0.23887 0.206914 0.194189 0.188278 0.0968685 0.0321217 0.00417344 0.000168305 1.82405e-06 4.91965e-09 2.73655e-12 2.61609e-16 3.81304e-21 8.00699e-27 2.3534e-33 9.45554e-41
 1.18808e-41 1.64897e-33 2.76649e-26 5.61039e-20 1.37532e-14 4.07532e-10 1.45971e-06 0.000632006 0.033078 0.209824 0.190468 0.214182 0.206814 0.112634 0.0293981 0.00286168 0.000104758 1.00262e-06 2.04007e-09 7.94078e-13 5.40191e-17 5.82088e-22 9.15893e-28 1.99078e-34 5.78432e-42
 1.06833e-41 1.48277e-33 2.48766e-26 5.04492e-20 1.2367e-14 3.66458e-10 1.31259e-06 0.000568307 0.0297448 0.188891 0.178851 0.221662 0.217143 0.128596 0.0317745 0.00269456 7.2713e-05 5.36136e-07 8.96131e-10 2.71982e-13 1.33575e-17 1.00234e-22 1.10179e-28 1.70549e-35 3.59001e-43
 1.04893e-41 1.45584e-33 2.44248e-26 4.9533e-20 1.21424e-14 3.59803e-10 1.28875e-06 0.000557987 0.0292053 0.185633 0.179667 0.221594 0.216973 0.131876 0.0318203 0.00261042 6.03911e-05 3.3794e-07 4.08648e-10 9.302e-14 3.49729e-18 1.96649e-23 1.5625e-29 1.70168e-36 2.49195e-44
 1.26787e-41 1.75972e-33 2.95229e-26 5.98719e-20 1.46769e-14 4.34903e-10 1.55775e-06 0.000674454 0.0353004 0.224086 0.2045 0.199678 0.192538 0.113567 0.0273529 0.00224972 5.09868e-05 2.63875e-07 2.69901e-10 4.88709e-14 1.44724e-18 6.5429e-24 4.26046e-30 3.81744e-37 4.55833e-45
 1.26789e-41 1.75975e-33 2.95235e-26 5.98731e-20 1.46772e-14 4.34912e-10 1.55778e-06 0.000674468 0.0353011 0.224091 0.204504 0.199687 0.192707 0.11392 0.0269711 0.00209877 4.40427e-05 2.0688e-07 1.89223e-10 3.02744e-14 7.85194e-19 3.0919e-24 1.7486e-30 1.35902e-37 1.40635e-45
#pred catch len freq
 2.55756e-27 2.57301e-27 1.94524e-26 3.56367e-20 8.73591e-15 2.58861e-10 9.27195e-07 0.00040144 0.0210099 0.132915 0.102204 0.0448381 0.269476 0.248731 0.0514026 0.0549904 0.0224072 0.0156759 0.00929409 0.00688473 0.00532198 0.00456943 0.0045756 0.00406068 0.00124044
 2.5592e-27 2.57811e-27 2.45296e-26 4.63494e-20 1.1362e-14 3.36676e-10 1.20592e-06 0.000522116 0.0273257 0.17287 0.132616 0.0387051 0.20144 0.187277 0.0647403 0.100848 0.0357928 0.0173251 0.00774239 0.00432189 0.0026963 0.00196919 0.00174226 0.00154663 0.000517929
 2.56172e-27 2.58446e-27 2.96342e-26 5.71162e-20 1.40013e-14 4.14885e-10 1.48605e-06 0.000643402 0.0336733 0.213027 0.16333 0.041927 0.204378 0.188799 0.0434132 0.0520577 0.0246033 0.020797 0.00758986 0.00285218 0.00121121 0.000667398 0.000485023 0.000403975 0.000140119
 2.55973e-27 2.57891e-27 2.45474e-26 4.63844e-20 1.13706e-14 3.36931e-10 1.20683e-06 0.000522511 0.0273463 0.173001 0.132811 0.0447196 0.247072 0.22811 0.0489036 0.0543588 0.02031 0.0116861 0.00640991 0.00322209 0.000910955 0.000307912 0.000156832 0.000111785 3.83771e-05
 2.55978e-27 2.57926e-27 2.50667e-26 4.74807e-20 1.16393e-14 3.44894e-10 1.23535e-06 0.000534861 0.0279927 0.17709 0.135902 0.0427699 0.230064 0.21287 0.0544906 0.0709547 0.0255999 0.0129418 0.00505668 0.00235505 0.00100688 0.000252885 6.95718e-05 3.53226e-05 1.13469e-05
 2.56105e-27 2.58259e-27 2.78851e-26 5.34258e-20 1.30967e-14 3.88079e-10 1.39003e-06 0.000601831 0.0314977 0.199263 0.152838 0.0430255 0.22011 0.203382 0.0472897 0.0569981 0.0225672 0.0142858 0.00528456 0.00193355 0.000652176 0.000213677 4.22477e-05 1.10042e-05 2.94502e-06
 2.56118e-27 2.58274e-27 2.78453e-26 5.33412e-20 1.3076e-14 3.87464e-10 1.38783e-06 0.000600878 0.0314478 0.198948 0.152619 0.0444281 0.230938 0.213124 0.044529 0.0481313 0.018069 0.0102821 0.0043776 0.00183097 0.000507511 0.00013195 2.86313e-05 4.26472e-06 7.23554e-07
 2.56136e-27 2.58319e-27 2.82193e-26 5.41303e-20 1.32694e-14 3.93195e-10 1.40836e-06 0.000609766 0.031913 0.201891 0.154867 0.0444564 0.229574 0.21189 0.0447779 0.0489498 0.017392 0.00845723 0.00329848 0.0013572 0.000443885 0.000101468 1.79782e-05 2.30135e-06 2.12006e-07
 2.56248e-27 2.58617e-27 3.07667e-26 5.95038e-20 1.45866e-14 4.32228e-10 1.54817e-06 0.000670297 0.0350809 0.221932 0.170169 0.0443663 0.218138 0.201203 0.0404737 0.041804 0.0149238 0.00733077 0.00261132 0.000926346 0.00028457 7.23984e-05 1.15808e-05 1.21029e-06 7.59032e-08
 2.56406e-27 2.59032e-27 3.43167e-26 6.69924e-20 1.64224e-14 4.86624e-10 1.74301e-06 0.000754655 0.0394959 0.249863 0.191495 0.0443069 0.202703 0.186765 0.0344281 0.0315954 0.0109865 0.00500001 0.00178403 0.000614769 0.00016193 3.77774e-05 6.36872e-06 5.90648e-07 2.85388e-08
 2.56305e-27 2.58749e-27 3.17194e-26 6.15127e-20 1.50791e-14 4.46821e-10 1.60044e-06 0.000692928 0.0362654 0.229425 0.175913 0.0458122 0.225105 0.207296 0.0355014 0.0288388 0.00959722 0.00374252 0.00126524 0.000412263 0.000106209 2.17265e-05 3.32762e-06 3.09411e-07 1.2831e-08
 2.56408e-27 2.5903e-27 3.42307e-26 6.68107e-20 1.63778e-14 4.85305e-10 1.73828e-06 0.000752609 0.0393888 0.249185 0.190986 0.0448587 0.207259 0.190894 0.0337978 0.0290625 0.00935645 0.00313115 0.000969506 0.000275547 6.59596e-05 1.28779e-05 1.74233e-06 1.482e-07 5.88702e-09
 2.56529e-27 2.59353e-27 3.70331e-26 7.27223e-20 1.7827e-14 5.28246e-10 1.89209e-06 0.000819202 0.0428741 0.271234 0.207817 0.0445159 0.192826 0.17746 0.0293363 0.0222668 0.00726213 0.00259502 0.000760884 0.000186153 3.8535e-05 6.75013e-06 8.47955e-07 6.37754e-08 2.33364e-09
 2.56333e-27 2.58813e-27 3.21709e-26 6.24648e-20 1.53125e-14 4.53737e-10 1.62521e-06 0.000703653 0.0368267 0.232976 0.178637 0.0466115 0.229274 0.210954 0.0327347 0.0215694 0.00680166 0.00209767 0.000621301 0.000156945 2.87433e-05 4.24547e-06 4.65198e-07 3.16861e-08 1.03032e-09
 2.56177e-27 2.58402e-27 2.86595e-26 5.50576e-20 1.34967e-14 3.99932e-10 1.43249e-06 0.000620213 0.0324597 0.20535 0.157541 0.0465599 0.243704 0.224537 0.0400034 0.0347225 0.0107067 0.00281144 0.000771558 0.000174184 3.2511e-05 4.45076e-06 4.0435e-07 2.36069e-08 6.83963e-10
 2.56307e-27 2.58755e-27 3.17999e-26 6.16826e-20 1.51207e-14 4.48055e-10 1.60486e-06 0.000694842 0.0363655 0.230059 0.176393 0.045547 0.22275 0.205192 0.0363893 0.0313882 0.0102856 0.00370167 0.00100215 0.000194143 3.21677e-05 4.22096e-06 3.58803e-07 1.73603e-08 4.27459e-10
 2.56434e-27 2.59095e-27 3.47422e-26 6.78895e-20 1.66423e-14 4.93141e-10 1.76635e-06 0.000764761 0.0400248 0.253209 0.194065 0.0452411 0.208006 0.191456 0.0316072 0.0239253 0.00780674 0.00280103 0.00084654 0.000209492 3.20634e-05 3.61676e-06 2.83678e-07 1.2615e-08 2.58804e-10
 2.56426e-27 2.59064e-27 3.43878e-26 6.71415e-20 1.64589e-14 4.87708e-10 1.74689e-06 0.000756336 0.0395839 0.250419 0.191947 0.0460257 0.215465 0.198194 0.0301726 0.0189354 0.00595965 0.00182955 0.000542299 0.00013879 2.60254e-05 3.1231e-06 2.10859e-07 8.43686e-09 1.55808e-10
 2.56464e-27 2.59166e-27 3.52846e-26 6.90334e-20 1.69227e-14 5.0145e-10 1.79611e-06 0.000777646 0.0406992 0.257475 0.19733 0.0457552 0.209624 0.192815 0.0294233 0.0185673 0.00564364 0.00140202 0.00038104 8.57267e-05 1.61243e-05 2.23321e-06 1.68913e-07 6.02165e-09 9.85709e-11
 2.56407e-27 2.59013e-27 3.39379e-26 6.61926e-20 1.62263e-14 4.80814e-10 1.7222e-06 0.000745645 0.0390244 0.246879 0.189246 0.046119 0.218073 0.200621 0.0309834 0.0201609 0.00613866 0.00153122 0.000389971 7.19612e-05 1.1798e-05 1.55434e-06 1.31634e-07 5.23089e-09 7.88301e-11
 2.56615e-27 2.59579e-27 3.8958e-26 7.67827e-20 1.88224e-14 5.5774e-10 1.99773e-06 0.000864941 0.0452679 0.286378 0.219381 0.0445434 0.18491 0.170035 0.0258521 0.0161591 0.00494017 0.00127279 0.00032621 5.9196e-05 8.37306e-06 9.14767e-07 7.17108e-08 3.11279e-09 5.13581e-11
 2.56598e-27 2.59525e-27 3.84078e-26 7.56218e-20 1.85378e-14 5.49308e-10 1.96753e-06 0.000851864 0.0445835 0.282048 0.216086 0.0452583 0.192665 0.177063 0.0247688 0.0119152 0.00359498 0.000886823 0.000227929 4.2532e-05 5.9952e-06 5.89913e-07 3.77642e-08 1.49644e-09 2.63821e-11
 2.56584e-27 2.59487e-27 3.80602e-26 7.48884e-20 1.8358e-14 5.4398e-10 1.94845e-06 0.000843603 0.0441511 0.279312 0.214001 0.04548 0.195818 0.179949 0.0248774 0.0114283 0.00332748 0.000626625 0.000151553 2.73041e-05 3.90186e-06 3.87424e-07 2.27048e-08 7.41689e-10 1.18797e-11
 2.56649e-27 2.59666e-27 3.96655e-26 7.82751e-20 1.91882e-14 5.6858e-10 2.03656e-06 0.000881752 0.0461477 0.291944 0.223635 0.044809 0.183942 0.169037 0.0237782 0.0116678 0.00338787 0.000608858 0.000136467 1.93441e-05 2.57069e-06 2.52508e-07 1.49127e-08 4.48762e-10 6.02413e-12
 2.56682e-27 2.59752e-27 4.04137e-26 7.98535e-20 1.95751e-14 5.80046e-10 2.07763e-06 0.000899533 0.0470783 0.297831 0.228129 0.0446955 0.179921 0.165298 0.022608 0.00994215 0.00289738 0.000554985 0.000124899 1.66785e-05 1.87722e-06 1.54588e-07 8.80893e-09 2.64269e-10 3.27858e-12
 2.56615e-27 2.59567e-27 3.87426e-26 7.63281e-20 1.87109e-14 5.54438e-10 1.9859e-06 0.00085982 0.0449999 0.284682 0.218101 0.0455189 0.193232 0.177506 0.0234005 0.00867468 0.00248505 0.000427759 9.53196e-05 1.34273e-05 1.48284e-06 1.07104e-07 4.99514e-09 1.39147e-10 1.69841e-12
 2.56561e-27 2.59422e-27 3.74653e-26 7.36335e-20 1.80504e-14 5.34865e-10 1.9158e-06 0.000829466 0.0434113 0.274632 0.210432 0.04582 0.200912 0.184615 0.0250704 0.0106892 0.00303342 0.000445821 9.32886e-05 1.19856e-05 1.33525e-06 9.82687e-08 4.12677e-09 9.46548e-11 1.04232e-12
 2.56427e-27 2.59055e-27 3.42023e-26 6.67499e-20 1.63629e-14 4.84863e-10 1.7367e-06 0.000751924 0.039353 0.248958 0.190846 0.046912 0.222983 0.204955 0.0281813 0.0126644 0.0036416 0.000607984 0.000127848 1.41749e-05 1.43731e-06 1.0046e-07 4.2817e-09 9.05473e-11 8.33122e-13
 2.56306e-27 2.58731e-27 3.1378e-26 6.07918e-20 1.49024e-14 4.41584e-10 1.58168e-06 0.000684807 0.0358404 0.226737 0.173885 0.0473852 0.2385 0.219365 0.0323821 0.0186158 0.0054156 0.000951944 0.000207295 2.55955e-05 2.48284e-06 1.50526e-07 5.93445e-09 1.24282e-10 1.06995e-12
#obs catch len freq
 5.00981e-42 6.95329e-34 1.16656e-26 2.36576e-20 5.79937e-15 1.71846e-10 6.15524e-07 0.000266501 0.0139476 0.0882377 0.0681009 0.0398404 0.218342 0.186366 0.14358 0.143349 0.0647472 0.0262102 0.00616083 0.000807472 4.36903e-05 7.01762e-07 2.49463e-09 1.59602e-12 1.61244e-16
 5.74681e-42 7.97619e-34 1.33817e-26 2.71379e-20 6.65253e-15 1.97126e-10 7.06075e-07 0.000305706 0.0159994 0.101219 0.0781256 0.043691 0.223141 0.181538 0.142987 0.130873 0.0563912 0.0207964 0.00441218 0.000498135 2.19158e-05 2.71058e-07 7.14946e-10 3.31908e-13 2.40089e-17
 1.08669e-41 1.50825e-33 2.5304e-26 5.1316e-20 1.25795e-14 3.72754e-10 1.33514e-06 0.000578071 0.0302539 0.191396 0.147031 0.045206 0.181347 0.140549 0.113306 0.0951029 0.0394275 0.0131046 0.00245204 0.000234532 8.30891e-06 7.87277e-08 1.53541e-10 5.16101e-14 2.6713e-18
 1.11786e-41 1.55152e-33 2.60299e-26 5.27881e-20 1.29404e-14 3.83447e-10 1.37345e-06 0.000594655 0.0311219 0.196888 0.15157 0.0584933 0.238096 0.164354 0.0765295 0.0539235 0.0210699 0.00625658 0.00101762 8.04449e-05 2.25546e-06 1.62484e-08 2.33694e-11 5.68075e-15 2.1022e-19
 7.89696e-42 1.09605e-33 1.83884e-26 3.72914e-20 9.14155e-15 2.70881e-10 9.70251e-07 0.000420085 0.0219856 0.139091 0.107699 0.0647995 0.273491 0.184316 0.116227 0.0710365 0.0166198 0.00375871 0.000521115 3.35244e-05 7.29036e-07 3.93922e-09 4.1547e-12 7.29265e-16 1.92914e-20
 1.26367e-41 1.75389e-33 2.94252e-26 5.96737e-20 1.46283e-14 4.33464e-10 1.5526e-06 0.000672221 0.0351814 0.22257 0.171177 0.0530258 0.172774 0.122205 0.124421 0.0748082 0.0196011 0.00327334 0.00027536 1.32694e-05 2.19856e-07 8.77925e-10 6.71842e-13 8.46949e-17 1.59846e-21
 1.03958e-41 1.44286e-33 2.4207e-26 4.90913e-20 1.20342e-14 3.56594e-10 1.27726e-06 0.00055301 0.0289424 0.183103 0.141739 0.0737779 0.260363 0.153575 0.0857396 0.0504827 0.0183244 0.00317292 0.000219273 6.37296e-06 6.99573e-08 2.00521e-10 1.10075e-13 9.88078e-18 1.32272e-22
 1.27777e-41 1.77346e-33 2.97534e-26 6.03394e-20 1.47915e-14 4.38299e-10 1.56991e-06 0.000679719 0.0355738 0.225055 0.173584 0.0644045 0.192475 0.123863 0.116206 0.0542182 0.0117134 0.00206295 0.000158593 3.76444e-06 2.57017e-08 4.5735e-11 1.70073e-14 1.06888e-18 1.00677e-23
 1.14752e-41 1.59268e-33 2.67204e-26 5.41885e-20 1.32837e-14 3.9362e-10 1.40988e-06 0.00061043 0.0319475 0.202117 0.156733 0.0797346 0.239024 0.134215 0.0946634 0.0462066 0.0130284 0.00162248 9.43846e-05 2.18214e-06 1.22895e-08 1.43872e-11 3.28159e-15 1.32296e-19 8.40707e-25
 1.5122e-41 2.09883e-33 3.52122e-26 7.14096e-20 1.75052e-14 5.18712e-10 1.85794e-06 0.000804424 0.0421004 0.266347 0.205512 0.0696499 0.171513 0.103856 0.0937606 0.0373092 0.00805239 0.0010403 5.23611e-05 8.64694e-07 4.03635e-09 3.8532e-12 6.25626e-16 1.62473e-20 6.50449e-26
 1.55446e-41 2.15749e-33 3.61963e-26 7.34054e-20 1.79945e-14 5.33209e-10 1.90987e-06 0.000826906 0.043277 0.273794 0.211877 0.0830136 0.196523 0.0982711 0.0617223 0.0244807 0.00562796 0.000560746 2.36285e-05 3.29288e-07 1.11633e-09 7.92751e-13 1.00159e-16 1.9577e-21 5.51189e-27
 1.15594e-41 1.60436e-33 2.69165e-26 5.45862e-20 1.33812e-14 3.96509e-10 1.42023e-06 0.00061491 0.032182 0.203612 0.159554 0.103999 0.254024 0.128878 0.0864286 0.0260914 0.00421463 0.000387173 1.35751e-05 1.44836e-07 3.84785e-10 2.01503e-13 1.81287e-17 2.58019e-22 5.40205e-28
 1.72928e-41 2.40013e-33 4.02671e-26 8.16609e-20 2.00182e-14 5.93176e-10 2.12466e-06 0.000919905 0.0481442 0.304588 0.235429 0.0749091 0.140422 0.0898997 0.0794601 0.0227256 0.00328579 0.000208961 5.44405e-06 4.61903e-08 9.15765e-11 3.54896e-14 2.34659e-18 2.39069e-23 3.53302e-29
 1.39618e-41 1.93781e-33 3.25108e-26 6.59312e-20 1.61623e-14 4.78917e-10 1.7154e-06 0.000742711 0.0388705 0.245938 0.193186 0.11664 0.234729 0.0987869 0.0512373 0.0167882 0.00291184 0.000165049 3.14811e-06 1.82581e-08 2.64168e-11 7.5128e-15 3.58277e-19 2.62713e-24 2.78994e-30
 1.18533e-41 1.64516e-33 2.76009e-26 5.59742e-20 1.37214e-14 4.0659e-10 1.45634e-06 0.000630545 0.0330003 0.208809 0.165545 0.118486 0.228277 0.132189 0.0916338 0.019108 0.00218698 0.000131419 2.40582e-06 1.05751e-08 1.03531e-11 2.01088e-15 6.78e-20 3.54731e-25 2.67873e-31
 9.48045e-42 1.31582e-33 2.20757e-26 4.4769e-20 1.09746e-14 3.25197e-10 1.1648e-06 0.00050432 0.0263941 0.167033 0.135208 0.132068 0.244353 0.154372 0.109223 0.027495 0.00322362 0.000122094 1.73973e-06 6.91309e-09 5.40757e-12 7.4036e-16 1.67898e-20 5.95179e-26 3.11074e-32
 1.50205e-41 2.08474e-33 3.49759e-26 7.09303e-20 1.73877e-14 5.1523e-10 1.84547e-06 0.000799025 0.0418179 0.264597 0.207812 0.0987446 0.153262 0.12051 0.0871223 0.0224467 0.00277573 0.000109209 1.19062e-06 3.24952e-09 1.99304e-12 2.19491e-16 3.75014e-21 9.38084e-27 3.34205e-33
 1.05136e-41 1.45922e-33 2.44814e-26 4.96478e-20 1.21706e-14 3.60636e-10 1.29174e-06 0.000559279 0.0292706 0.185283 0.153564 0.170428 0.261444 0.117635 0.0621973 0.0173866 0.00214683 8.32658e-05 8.73002e-07 1.96908e-09 8.50137e-13 6.56646e-17 8.35913e-22 1.59341e-27 4.24445e-34
 1.52831e-41 2.12119e-33 3.55873e-26 7.21704e-20 1.76917e-14 5.24238e-10 1.87773e-06 0.000812994 0.042549 0.269254 0.213563 0.111359 0.153493 0.12713 0.0692829 0.011418 0.00109383 4.11259e-05 4.01211e-07 8.12102e-10 2.93857e-13 1.7177e-17 1.53637e-22 2.03297e-28 3.8534e-35
 1.08487e-41 1.50572e-33 2.52616e-26 5.12301e-20 1.25585e-14 3.7213e-10 1.33291e-06 0.000577103 0.0302035 0.191259 0.162526 0.190462 0.247331 0.111799 0.0528292 0.0120397 0.000948915 2.32205e-05 1.84019e-07 3.23763e-10 9.94327e-14 4.78216e-18 3.37469e-23 3.34824e-29 4.54909e-36
 1.38652e-41 1.9244e-33 3.22858e-26 6.54749e-20 1.60504e-14 4.75603e-10 1.70353e-06 0.000737571 0.0386017 0.244354 0.198852 0.136054 0.172796 0.140017 0.0597142 0.00825618 0.000600703 1.40359e-05 7.82016e-08 9.74572e-11 2.34486e-14 9.08355e-19 5.11826e-24 3.99182e-30 4.18512e-37
 1.51096e-41 2.09712e-33 3.51835e-26 7.13514e-20 1.7491e-14 5.18289e-10 1.85643e-06 0.000803769 0.0420664 0.266344 0.21966 0.161434 0.173686 0.0905463 0.0382751 0.00679556 0.000380581 6.36813e-06 2.9929e-08 2.8496e-11 4.7476e-15 1.30203e-19 5.45996e-25 3.2522e-31 2.61684e-38
 1.22051e-41 1.69398e-33 2.84201e-26 5.76354e-20 1.41286e-14 4.18658e-10 1.49956e-06 0.000649259 0.0339803 0.215319 0.187609 0.200651 0.21158 0.110003 0.035422 0.00453069 0.000251052 3.82822e-06 1.30395e-08 9.20413e-12 1.17159e-15 2.33887e-20 6.8353e-26 2.83197e-32 1.62007e-39
 1.47734e-41 2.05045e-33 3.44005e-26 6.97636e-20 1.71017e-14 5.06755e-10 1.81512e-06 0.000785883 0.0411306 0.260533 0.218667 0.161486 0.167762 0.11171 0.0341546 0.00362504 0.00014302 1.7301e-06 5.06018e-09 2.75773e-12 2.5122e-16 3.61823e-21 7.7478e-27 2.32793e-33 9.44364e-41
 1.45221e-41 2.01557e-33 3.38154e-26 6.8577e-20 1.68109e-14 4.98136e-10 1.78424e-06 0.000772516 0.0404315 0.256281 0.222599 0.194235 0.173507 0.0843927 0.0248933 0.00279175 9.31911e-05 8.14272e-07 1.71105e-09 7.20382e-13 5.11504e-17 5.47651e-22 8.38054e-28 1.78332e-34 5.16198e-42
 1.28595e-41 1.78481e-33 2.99439e-26 6.07256e-20 1.48862e-14 4.41104e-10 1.57996e-06 0.00068407 0.0358033 0.227191 0.206814 0.215069 0.192665 0.0974802 0.0223403 0.00189328 5.72601e-05 4.35394e-07 6.84604e-10 2.01379e-13 1.01632e-17 8.02251e-23 9.17624e-29 1.44301e-35 3.02264e-43
 1.16497e-41 1.6169e-33 2.71268e-26 5.50126e-20 1.34857e-14 3.99606e-10 1.43132e-06 0.000619714 0.0324358 0.206079 0.195633 0.22356 0.20462 0.111239 0.0240296 0.00174317 3.86971e-05 2.26941e-07 2.91281e-10 6.64264e-14 2.4162e-18 1.32789e-23 1.05986e-29 1.18417e-36 1.79243e-44
 1.1461e-41 1.59071e-33 2.66875e-26 5.41218e-20 1.32673e-14 3.93135e-10 1.40814e-06 0.000609679 0.0319105 0.202719 0.191509 0.216482 0.208997 0.11911 0.026654 0.00196731 3.99266e-05 1.91312e-07 1.93926e-10 3.64324e-14 1.12011e-18 5.12268e-24 3.29613e-30 2.89533e-37 3.40786e-45
 1.35292e-41 1.87776e-33 3.15033e-26 6.38881e-20 1.56614e-14 4.64076e-10 1.66225e-06 0.000719695 0.0376681 0.239039 0.214821 0.194181 0.182377 0.104799 0.0244713 0.00188263 3.92229e-05 1.83293e-07 1.67047e-10 2.66555e-14 6.89956e-19 2.7129e-24 1.53263e-30 1.19024e-37 1.23098e-45
#spawning biomass
 9542.65 11948.1 15923.5 22861.1 27987.5 32771 38681.5 44763.6 50560.8 63863.3 80982.5 94870.8 124542 149695 153463 127566 123795 119297 116317 118161 120099 132593 134232 146843 164059 160824 150056 123901 131901 300222 382378 387870 354651 305291 254670 210257 174561 147428 127570 113423 103540 96735.8 92087.7 88921.8 86785.9 85384.8 84465.8 83862.9 83467.4 83208 83037.8 82926.2 82852.9 82804.9 82773.4 82752.7 82739.2 82730.3 82724.4 82720.6 82718.1 82716.5 82715.4 82714.7 82714.2 82713.9 82713.7 82713.6 82713.5 82713.4 82713.4 82713.4 82713.4 82713.3 82713.3 82713.3 82713.3 82713.3 82713.3 82713.3 82713.3 82713.3 82713.3 82713.3 82713.3 82713.3 82713.3 82713.3 82713.3 82713.3 82713.3 82713.3 82713.3 82713.3 82713.3 82713.3 82713.3 82713.3 82713.3 82713.3 82713.3 82713.3 82713.3 82713.3 82713.3 82713.3 82713.3 82713.3 82713.3 82713.3 82713.3 82713.3 82713.3 82713.3 82713.3 82713.3 82713.3 82713.3 82713.3 82713.3 82713.3 82713.3 82713.3 82713.3 82713.3 82713.3 82713.3 82713.3 82713.3 0 0 0 0 0 0 0 0 0 0 0 0 0 0 0 0 0 0 0 0 0 0 0 0 0
