SBPRF35
0.819782
Curr Bio
166001
B35
721506
F35
0.205238
FOFL
0.0686247
OFL
14566.3
Bzero
234224
#pred survey bio
 6040.9 6909.6 7943.74 11372 15160 17619.8 16276.8 22248.6 33784 50924.8 62376 85900.3 112384 133922 134480 108422 95960.6 97189.1 106060 100612 96468.6 101141 110363 117652 123109 134135 128372 174841 9.59492e+06 9.03931e+06 9.68647e+06 9.20527e+06 8.15141e+06 6.93835e+06 5.79987e+06 4.83636e+06 4.0695e+06 3.48256e+06 3.04465e+06 2.72328e+06 2.48975e+06 2.3207e+06 2.19719e+06 2.10603e+06 2.0412e+06 1.99464e+06 1.96086e+06 1.93608e+06 1.91772e+06 1.90395e+06 1.89354e+06 1.88557e+06 1.87943e+06 1.87465e+06 1.8709e+06 1.86794e+06 1.86559e+06 1.86372e+06 1.86222e+06 1.86101e+06 1.86004e+06 1.85925e+06 1.85861e+06 1.8581e+06 1.85767e+06 1.85733e+06 1.85705e+06 1.85682e+06 1.85664e+06 1.85648e+06 1.85636e+06 1.85626e+06 1.85618e+06 1.85611e+06 1.85605e+06 1.85601e+06 1.85597e+06 1.85594e+06 1.85591e+06 1.85589e+06 1.85588e+06 1.85586e+06 1.85585e+06 1.85584e+06 1.85584e+06 1.85583e+06 1.85582e+06 1.85582e+06 1.85582e+06 1.85581e+06 1.85581e+06 1.85581e+06 1.85581e+06 1.85581e+06 1.85581e+06 1.85581e+06 1.85581e+06 1.8558e+06 1.8558e+06 1.8558e+06 1.8558e+06 1.8558e+06 1.8558e+06 1.8558e+06 1.8558e+06 1.8558e+06 1.8558e+06 1.8558e+06 1.8558e+06 1.8558e+06 1.8558e+06 1.8558e+06 1.8558e+06 1.8558e+06 1.8558e+06 1.8558e+06 1.8558e+06 1.8558e+06 1.8558e+06 1.8558e+06 1.8558e+06 1.8558e+06 1.8558e+06 1.8558e+06 1.8558e+06 1.8558e+06 1.8558e+06 1.8558e+06 0 0 0 0 0 0 0 0 0 0 0 0 0 0 0 0 0 0 0 0 0 0 0 0 0
#obs survey bio
 5311.83 5696.7 11088.1 10209.6 15779.8 13665.1 16725.5 28912 47376.2 60143.4 46068.2 123903 164295 165549 192453 99641.9 73245.6 107107 108392 100916 112809 104153 159720 167190 138351 136540 128641 176660
#pred catch bio
 3809.12 5093.31 5432.4 8038.24 10705.8 13963.3 12170.7 16332.9 23201.8 38927.5 46428 65458.2 86645.3 104143 110805 90594.9 79905 78153.7 90253.7 87423.4 82562.7 85506.4 93948.6 101695 104985 120305 102701 101129 14566.3 72107.1 76742.4 72214.9 63137.5 52922.9 43479.7 35603.2 29436 24806.5 21432.5 19025.5 17335.2 16160.8 15346.4 14782.7 14406.8 14156.2 13989.1 13877.6 13803.3 13753.7 13720.7 13698.7 13684 13674.2 13667.6 13663.3 13660.4 13658.4 13657.1 13656.3 13655.7 13655.3 13655.1 13654.9 13654.8 13654.7 13654.7 13654.6 13654.6 13654.6 13654.6 13654.6 13654.6 13654.6 13654.6 13654.6 13654.6 13654.6 13654.6 13654.6 13654.6 13654.6 13654.6 13654.6 13654.6 13654.6 13654.6 13654.6 13654.6 13654.6 13654.6 13654.6 13654.6 13654.6 13654.6 13654.6 13654.6 13654.6 13654.6 13654.6 13654.6 13654.6 13654.6 13654.6 13654.6 13654.6 13654.6 13654.6 13654.6 13654.6 13654.6 13654.6 13654.6 13654.6 13654.6 13654.6 13654.6 13654.6 13654.6 13654.6 13654.6 13654.6 13654.6 13654.6 13654.6 13654.6 13654.6 13654.6 0 0 0 0 0 0 0 0 0 0 0 0 0 0 0 0 0 0 0 0 0 0 0 0 0
#obs catch bio
 4950.85 5097.59 5238.14 7704.53 10341.9 13997.7 12204.1 15770.3 21918.1 37671.5 45670 62451.8 82127.9 99595 105887 89017.8 80289.6 76654.1 87535.1 86421.4 80276 83838.2 89905.7 96582.8 100656 117390 100806 100277
#pred cpue bio
 5374.54 5942.43 6645.43 9516.42 12747.5 15289.7 13733.3 18081.8 27683.8 42619.9 51751.7 70641.1 93105.6 112210 116004 92786.4 80112 80596.1 88713.9 83392.2 79262.1 82892.3 90513.5 96531.5 100417 109866 104214 141668 8.43388e+06 9.00421e+06 9.65138e+06 9.17017e+06 8.11631e+06 6.90325e+06 5.76477e+06 4.80126e+06 4.0344e+06 3.44746e+06 3.00955e+06 2.68818e+06 2.45466e+06 2.28561e+06 2.1621e+06 2.07093e+06 2.0061e+06 1.95954e+06 1.92576e+06 1.90099e+06 1.88262e+06 1.86886e+06 1.85844e+06 1.85048e+06 1.84433e+06 1.83955e+06 1.8358e+06 1.83284e+06 1.8305e+06 1.82862e+06 1.82712e+06 1.82592e+06 1.82494e+06 1.82416e+06 1.82352e+06 1.823e+06 1.82258e+06 1.82223e+06 1.82195e+06 1.82173e+06 1.82154e+06 1.82139e+06 1.82126e+06 1.82116e+06 1.82108e+06 1.82101e+06 1.82096e+06 1.82091e+06 1.82087e+06 1.82084e+06 1.82082e+06 1.8208e+06 1.82078e+06 1.82077e+06 1.82076e+06 1.82075e+06 1.82074e+06 1.82073e+06 1.82073e+06 1.82072e+06 1.82072e+06 1.82072e+06 1.82072e+06 1.82071e+06 1.82071e+06 1.82071e+06 1.82071e+06 1.82071e+06 1.82071e+06 1.82071e+06 1.82071e+06 1.82071e+06 1.82071e+06 1.82071e+06 1.82071e+06 1.82071e+06 1.82071e+06 1.82071e+06 1.82071e+06 1.82071e+06 1.82071e+06 1.82071e+06 1.82071e+06 1.8207e+06 1.8207e+06 1.8207e+06 1.8207e+06 1.8207e+06 1.8207e+06 1.8207e+06 1.8207e+06 1.8207e+06 1.8207e+06 1.8207e+06 1.8207e+06 1.8207e+06 1.8207e+06 1.8207e+06 1.8207e+06 1.8207e+06 0 0 0 0 0 0 0 0 0 0 0 0 0 0 0 0 0 0 0 0 0 0 0 0 0
#obs cpue bio
 6249.27 8405.87 10243.1 21093.3 18341.1 15170.2 13983.4 29667.7 57944 44699.9 86904.1 123363 153070 158061 165826 120790 84752.7 110969 148730 93395.4 111485 104968 142536 157090 160234 150552 135097 162466
#pred surv len freq
 2.56671e-27 2.59788e-27 4.15049e-26 8.21585e-20 2.01402e-14 5.96789e-10 2.1376e-06 0.000925499 0.0484373 0.306427 0.234581 0.0376585 0.121833 0.112527 0.0279572 0.0357993 0.0164815 0.0142034 0.00951842 0.00778298 0.00648664 0.00589216 0.0061625 0.00560019 0.00172393
 2.56774e-27 2.60037e-27 4.33175e-26 8.59808e-20 2.10771e-14 6.24554e-10 2.23705e-06 0.000968555 0.0506907 0.320683 0.245514 0.040624 0.136722 0.125961 0.0250778 0.0256302 0.0099989 0.00635585 0.00345524 0.00235737 0.0016986 0.00136647 0.0012952 0.00119434 0.000404796
 2.56889e-27 2.60342e-27 4.58869e-26 9.14006e-20 2.24058e-14 6.63923e-10 2.37806e-06 0.00102961 0.053886 0.340898 0.260955 0.0409836 0.128611 0.118369 0.0218772 0.0201544 0.00699306 0.00319206 0.00132616 0.00066349 0.000369374 0.000246048 0.000201561 0.000178768 6.31916e-05
 2.56879e-27 2.60312e-27 4.5607e-26 9.081e-20 2.2261e-14 6.59632e-10 2.36269e-06 0.00102296 0.0535378 0.338695 0.259277 0.0412103 0.131515 0.121045 0.022287 0.0203998 0.00682624 0.00269966 0.000912871 0.000317869 0.000118629 5.66296e-05 3.66255e-05 2.92415e-05 1.03589e-05
 2.5685e-27 2.60234e-27 4.49082e-26 8.93359e-20 2.18996e-14 6.48925e-10 2.32434e-06 0.00100635 0.0526687 0.333197 0.255083 0.0414756 0.136481 0.125618 0.0229309 0.0207169 0.00691831 0.00270608 0.000856336 0.000246241 6.21032e-05 1.80007e-05 7.62451e-06 4.91721e-06 1.67477e-06
 2.5666e-27 2.59718e-27 4.03706e-26 7.97635e-20 1.95531e-14 5.79392e-10 2.07529e-06 0.00089852 0.0470253 0.297495 0.227839 0.0426286 0.164395 0.15142 0.0282724 0.0264132 0.00878908 0.00338183 0.00106422 0.000296008 6.29327e-05 1.18567e-05 2.6307e-06 1.0971e-06 3.36448e-07
 2.56835e-27 2.60196e-27 4.46151e-26 8.87177e-20 2.17481e-14 6.44434e-10 2.30826e-06 0.000999386 0.0523043 0.330891 0.253318 0.041224 0.135806 0.125069 0.0241714 0.0236943 0.00797474 0.003199 0.00100331 0.000275001 5.69279e-05 9.0818e-06 1.15393e-06 2.21021e-07 5.22671e-08
 2.57025e-27 2.60707e-27 4.90802e-26 9.81371e-20 2.40571e-14 7.12855e-10 2.55333e-06 0.00110549 0.0578576 0.366023 0.28013 0.040328 0.11015 0.101297 0.0182043 0.0160584 0.00548689 0.0023423 0.000752366 0.000212624 4.35661e-05 6.72168e-06 6.8528e-07 5.8207e-08 7.40335e-09
 2.56978e-27 2.60573e-27 4.78355e-26 9.55111e-20 2.34134e-14 6.9378e-10 2.48501e-06 0.00107591 0.0563094 0.356228 0.272665 0.0411988 0.122021 0.112147 0.0182236 0.0133533 0.00439333 0.0016443 0.000537259 0.000160455 3.40424e-05 5.27409e-06 5.10652e-07 2.93317e-08 1.47953e-09
 2.56872e-27 2.60288e-27 4.53524e-26 9.02727e-20 2.21293e-14 6.5573e-10 2.34871e-06 0.0010169 0.0532211 0.336691 0.257753 0.0416115 0.135639 0.124798 0.0220212 0.0188216 0.00593031 0.00177712 0.00053401 0.000145177 3.20999e-05 5.20561e-06 5.09011e-07 2.64189e-08 7.15395e-10
 2.56919e-27 2.60416e-27 4.64898e-26 9.26722e-20 2.27175e-14 6.73159e-10 2.41114e-06 0.00104393 0.0546357 0.34564 0.264581 0.0412642 0.128199 0.117926 0.0206833 0.0175129 0.00572688 0.00204934 0.00057786 0.000128242 2.5236e-05 4.06053e-06 4.17018e-07 2.17139e-08 4.8349e-10
 2.56963e-27 2.60537e-27 4.75488e-26 9.49063e-20 2.32651e-14 6.89388e-10 2.46927e-06 0.0010691 0.0559528 0.353973 0.270939 0.0410049 0.121758 0.11197 0.0194042 0.0160917 0.00524583 0.00186131 0.000560385 0.000139914 2.36526e-05 3.21512e-06 3.17775e-07 1.72018e-08 3.76233e-10
 2.56923e-27 2.60424e-27 4.65285e-26 9.27537e-20 2.27375e-14 6.73752e-10 2.41327e-06 0.00104485 0.0546838 0.345945 0.264817 0.0415293 0.13005 0.119573 0.0198566 0.0152061 0.00492307 0.00170325 0.000509365 0.00012911 2.42842e-05 3.13227e-06 2.57003e-07 1.31578e-08 2.94631e-10
 2.56863e-27 2.60263e-27 4.51108e-26 8.9763e-20 2.20043e-14 6.52027e-10 2.33545e-06 0.00101116 0.0529206 0.33479 0.256305 0.0418755 0.138665 0.127544 0.0216658 0.0173217 0.00550465 0.00173308 0.000507886 0.00012595 2.37884e-05 3.29779e-06 2.66698e-07 1.15586e-08 2.428e-10
 2.56693e-27 2.59801e-27 4.10429e-26 8.11815e-20 1.99007e-14 5.89692e-10 2.11218e-06 0.000914493 0.0478612 0.302784 0.231883 0.0429317 0.163862 0.150828 0.026374 0.0222079 0.007136 0.00235926 0.000671303 0.00015357 2.81909e-05 3.89403e-06 3.31957e-07 1.41695e-08 2.58855e-10
 2.56746e-27 2.59951e-27 4.24027e-26 8.40503e-20 2.06039e-14 6.10531e-10 2.18682e-06 0.000946809 0.0495526 0.313483 0.240041 0.042202 0.152576 0.140484 0.0258064 0.0235262 0.00766996 0.00269965 0.000787395 0.000185381 3.19507e-05 4.17687e-06 3.53362e-07 1.56722e-08 2.79615e-10
 2.56886e-27 2.60328e-27 4.57031e-26 9.10126e-20 2.23106e-14 6.61104e-10 2.36796e-06 0.00102524 0.0536573 0.339451 0.259859 0.0415203 0.133465 0.122775 0.021334 0.017784 0.00592479 0.00230109 0.000693987 0.000172983 3.08307e-05 3.91403e-06 3.1027e-07 1.35976e-08 2.48813e-10
 2.56917e-27 2.60406e-27 4.63502e-26 9.23775e-20 2.26452e-14 6.71019e-10 2.40348e-06 0.00104061 0.054462 0.344541 0.263749 0.0416981 0.132086 0.121424 0.0196912 0.0143617 0.00465142 0.00162204 0.000504252 0.00013711 2.58646e-05 3.43681e-06 2.68639e-07 1.10972e-08 1.99983e-10
 2.56871e-27 2.60282e-27 4.52574e-26 9.00722e-20 2.20801e-14 6.54273e-10 2.3435e-06 0.00101464 0.0531028 0.335943 0.257187 0.0419733 0.138789 0.127629 0.021136 0.016087 0.00505421 0.00150473 0.000439214 0.000111053 2.24109e-05 3.21226e-06 2.64559e-07 1.08439e-08 1.85989e-10
 2.56918e-27 2.60409e-27 4.63722e-26 9.24239e-20 2.26566e-14 6.71356e-10 2.40468e-06 0.00104114 0.0544893 0.344714 0.263881 0.04174 0.132311 0.121627 0.0196348 0.0141753 0.00449089 0.0014007 0.000388363 8.48797e-05 1.56923e-05 2.28672e-06 2.04836e-07 8.86664e-09 1.51423e-10
 2.5696e-27 2.60521e-27 4.73391e-26 9.44635e-20 2.31566e-14 6.86171e-10 2.45775e-06 0.00106411 0.0556918 0.352322 0.269688 0.041627 0.127372 0.11703 0.0181252 0.0118843 0.00371558 0.00109161 0.000305474 6.81019e-05 1.12358e-05 1.44799e-06 1.28336e-07 5.99272e-09 1.0795e-10
 2.56972e-27 2.60553e-27 4.76181e-26 9.50523e-20 2.33009e-14 6.90448e-10 2.47307e-06 0.00107074 0.0560389 0.354517 0.271364 0.0415622 0.125701 0.115487 0.0178336 0.0116031 0.00356202 0.00093936 0.000253846 5.41137e-05 9.05249e-06 1.08948e-06 8.44e-08 3.84856e-09 7.38543e-11
 2.56969e-27 2.60544e-27 4.75438e-26 9.48955e-20 2.32625e-14 6.89309e-10 2.46899e-06 0.00106898 0.0559465 0.353933 0.270918 0.0415676 0.126056 0.115819 0.0179723 0.0118359 0.00362976 0.000947918 0.000247303 4.78106e-05 7.59717e-06 9.00073e-07 6.60383e-08 2.66096e-09 4.95775e-11
 2.56966e-27 2.60538e-27 4.74848e-26 9.47709e-20 2.32319e-14 6.88404e-10 2.46575e-06 0.00106757 0.055873 0.353468 0.270563 0.0416054 0.126592 0.116309 0.0179676 0.0117023 0.00359549 0.000951387 0.000248006 4.7053e-05 6.93627e-06 7.58152e-07 5.37137e-08 2.04143e-09 3.41591e-11
 2.56994e-27 2.60613e-27 4.81535e-26 9.61818e-20 2.35778e-14 6.98652e-10 2.50246e-06 0.00108347 0.0567048 0.35873 0.274578 0.0414331 0.12246 0.11249 0.0171782 0.0108626 0.00332897 0.000870382 0.000227395 4.3588e-05 6.36195e-06 6.5643e-07 4.24731e-08 1.53358e-09 2.40603e-11
 2.56974e-27 2.60558e-27 4.7656e-26 9.5132e-20 2.33205e-14 6.91027e-10 2.47514e-06 0.00107164 0.0560859 0.354815 0.271592 0.0416101 0.125906 0.115663 0.0176351 0.0111045 0.003386 0.000857267 0.000222127 4.21947e-05 6.19612e-06 6.3767e-07 3.92268e-08 1.2961e-09 1.90951e-11
 2.57015e-27 2.60668e-27 4.86221e-26 9.71702e-20 2.38201e-14 7.05832e-10 2.52817e-06 0.0010946 0.0572875 0.362416 0.277393 0.0414235 0.120409 0.110568 0.0162963 0.00933317 0.00283782 0.000714953 0.000183397 3.38574e-05 4.91518e-06 5.05245e-07 3.10164e-08 9.77987e-10 1.32504e-11
 2.57028e-27 2.60705e-27 4.89865e-26 9.79391e-20 2.40086e-14 7.11418e-10 2.54818e-06 0.00110326 0.0577409 0.365284 0.279577 0.041013 0.115751 0.106342 0.0168801 0.0117262 0.00352939 0.000804192 0.000202773 3.71626e-05 5.2813e-06 5.31314e-07 3.24365e-08 1.01711e-09 1.31845e-11
#obs surv len freq
 1.63827e-41 2.27381e-33 3.81478e-26 7.7363e-20 1.89646e-14 5.61957e-10 2.01284e-06 0.000871489 0.0456103 0.288544 0.221071 0.0442714 0.164583 0.139903 0.0434617 0.0353134 0.0115025 0.0039162 0.000836822 0.000107229 6.04081e-06 1.07924e-07 4.51695e-10 3.55769e-13 4.57304e-17
 1.90497e-41 2.64397e-33 4.43581e-26 8.99573e-20 2.2052e-14 6.53441e-10 2.34052e-06 0.00101336 0.0530354 0.335517 0.25695 0.0440221 0.132068 0.10625 0.033829 0.025852 0.00822986 0.00264489 0.00052348 5.90369e-05 2.75012e-06 3.83616e-08 1.20392e-10 6.92122e-14 6.38269e-18
 1.92812e-41 2.67611e-33 4.48973e-26 9.10508e-20 2.232e-14 6.61383e-10 2.36897e-06 0.00102568 0.05368 0.339596 0.260148 0.0470818 0.141018 0.106107 0.0269262 0.0171965 0.00530102 0.00159584 0.000291616 2.88149e-05 1.10796e-06 1.2032e-08 2.82209e-11 1.1833e-14 7.8428e-19
 1.95909e-41 2.71909e-33 4.56184e-26 9.25131e-20 2.26785e-14 6.72006e-10 2.40702e-06 0.00104215 0.0545422 0.34505 0.264378 0.0487879 0.139661 0.0990473 0.0267081 0.0158625 0.00380115 0.00094586 0.000156924 1.34918e-05 4.26387e-07 3.60325e-09 6.3176e-12 1.93134e-15 9.20073e-20
 1.75621e-41 2.4375e-33 4.08942e-26 8.29325e-20 2.03299e-14 6.02413e-10 2.15775e-06 0.00093423 0.0488938 0.309318 0.237286 0.0549281 0.176644 0.117626 0.0317895 0.017496 0.0041136 0.000854822 0.000106664 7.5833e-06 1.95144e-07 1.28058e-09 1.68074e-12 3.75452e-16 1.2876e-20
 1.44902e-41 2.01114e-33 3.37411e-26 6.84263e-20 1.67739e-14 4.97042e-10 1.78032e-06 0.000770818 0.0403415 0.255215 0.196244 0.062481 0.22102 0.140246 0.0494102 0.0270084 0.00599774 0.00113969 0.000118045 6.09047e-06 1.18616e-07 5.96343e-10 5.85367e-13 9.57572e-17 2.37115e-21
 2.08639e-41 2.89577e-33 4.85826e-26 9.85245e-20 2.41521e-14 7.15672e-10 2.56342e-06 0.00110987 0.0580863 0.367472 0.281644 0.0502768 0.11248 0.0692045 0.0345378 0.019166 0.00500656 0.000926123 8.38579e-05 3.38127e-06 4.63011e-08 1.65801e-10 1.18958e-13 1.42022e-17 2.54303e-22
 1.9894e-41 2.76116e-33 4.63242e-26 9.39445e-20 2.30294e-14 6.82403e-10 2.44426e-06 0.00105828 0.0553861 0.350391 0.268946 0.0601343 0.151313 0.0814592 0.0189895 0.00877234 0.00290605 0.000586924 5.32815e-05 1.7966e-06 1.82919e-08 4.51311e-11 2.22425e-14 1.86939e-18 2.38945e-23
 2.01218e-41 2.79278e-33 4.68547e-26 9.50203e-20 2.32931e-14 6.90217e-10 2.47225e-06 0.0010704 0.0560204 0.354404 0.272143 0.0619232 0.145797 0.0748914 0.0230629 0.00882457 0.00153531 0.000294393 2.92568e-05 9.33178e-07 7.70217e-09 1.38305e-11 4.68615e-15 2.66683e-19 2.33347e-24
 1.71702e-41 2.3831e-33 3.99815e-26 8.10817e-20 1.98762e-14 5.88969e-10 2.10959e-06 0.00091338 0.0478027 0.30242 0.233088 0.0763783 0.200296 0.0961957 0.0297181 0.0108949 0.00202495 0.000245968 1.80505e-05 5.58958e-07 4.12405e-09 5.89149e-12 1.46013e-15 5.79197e-20 3.45435e-25
 2.00838e-41 2.7875e-33 4.67661e-26 9.48407e-20 2.32491e-14 6.88913e-10 2.46757e-06 0.00106837 0.0559145 0.353737 0.272015 0.0668427 0.140426 0.0671269 0.0301481 0.0106038 0.00188759 0.000215458 1.11782e-05 2.37493e-07 1.47765e-09 1.78746e-12 3.50545e-16 1.03622e-20 4.41815e-26
 1.85531e-41 2.57505e-33 4.32018e-26 8.76124e-20 2.14771e-14 6.36407e-10 2.27951e-06 0.000986947 0.0516529 0.326781 0.252186 0.081389 0.17918 0.0750165 0.0229423 0.0079407 0.00172794 0.000185804 8.33245e-06 1.25806e-07 5.22126e-10 4.74597e-13 7.40783e-17 1.71848e-21 5.56068e-27
 1.926e-41 2.67317e-33 4.48479e-26 9.09506e-20 2.22955e-14 6.60656e-10 2.36636e-06 0.00102455 0.053621 0.339234 0.261866 0.081028 0.160924 0.0669871 0.0264714 0.00746679 0.00122996 0.000138026 5.945e-06 7.31072e-08 2.15694e-10 1.29989e-13 1.40334e-17 2.39741e-22 5.88137e-28
 1.61881e-41 2.24679e-33 3.76947e-26 7.6444e-20 1.87393e-14 5.55281e-10 1.98893e-06 0.000861137 0.0450685 0.285138 0.222011 0.104447 0.217236 0.0839732 0.0308657 0.00878648 0.00147959 0.000126534 4.80134e-06 5.31853e-08 1.25179e-10 5.44122e-14 3.97715e-18 4.54449e-23 7.65508e-29
 1.48017e-41 2.05438e-33 3.44665e-26 6.98974e-20 1.71345e-14 5.07728e-10 1.8186e-06 0.00078739 0.0412089 0.260729 0.204272 0.113309 0.224389 0.0941843 0.0468768 0.0121743 0.00190827 0.000154127 4.62789e-06 4.07446e-08 7.96147e-11 2.7376e-14 1.48075e-18 1.19014e-23 1.36707e-29
 1.71386e-41 2.37873e-33 3.99081e-26 8.09329e-20 1.98397e-14 5.87888e-10 2.10572e-06 0.000911704 0.047715 0.30189 0.235483 0.103087 0.177177 0.076827 0.0420444 0.0125496 0.00215492 0.000154755 4.00965e-06 2.75907e-08 4.05506e-11 1.07669e-14 4.5098e-19 2.73509e-24 2.29453e-30
 1.68103e-41 2.33316e-33 3.91435e-26 7.93823e-20 1.94596e-14 5.76625e-10 2.06538e-06 0.000894236 0.0468008 0.296121 0.232525 0.118613 0.191984 0.0706008 0.0309708 0.0095442 0.00180532 0.000135789 3.08885e-06 1.71881e-08 1.93214e-11 3.77095e-15 1.15938e-19 5.22881e-25 3.27802e-31
 1.70347e-41 2.36431e-33 3.96662e-26 8.04423e-20 1.97195e-14 5.84324e-10 2.09295e-06 0.000906177 0.0474258 0.300087 0.236503 0.123728 0.184208 0.0689732 0.0296813 0.00717593 0.00121407 9.31962e-05 2.04005e-06 9.67486e-09 8.52512e-12 1.25263e-15 2.82102e-20 9.17542e-26 4.14002e-32
 1.65888e-41 2.30242e-33 3.86279e-26 7.83366e-20 1.92033e-14 5.69029e-10 2.03817e-06 0.000882456 0.0461843 0.292255 0.232161 0.135467 0.188149 0.0688507 0.0284975 0.00658115 0.000910409 5.78455e-05 1.15608e-06 4.88049e-09 3.56158e-12 4.07079e-16 6.86781e-21 1.63871e-26 5.35022e-33
 1.7528e-41 2.43277e-33 4.08148e-26 8.27716e-20 2.02905e-14 6.01244e-10 2.15356e-06 0.000932416 0.0487991 0.308811 0.245477 0.133756 0.167935 0.0627377 0.0253619 0.00547558 0.000676966 3.43247e-05 5.37508e-07 1.87966e-09 1.14255e-12 1.05495e-16 1.38521e-21 2.49398e-27 6.01332e-34
 1.71165e-41 2.37566e-33 3.98566e-26 8.08283e-20 1.98141e-14 5.87128e-10 2.103e-06 0.000910525 0.0476534 0.3016 0.242299 0.148035 0.172742 0.0597383 0.0219283 0.00456286 0.00050754 2.14417e-05 2.57028e-07 6.72833e-10 3.14768e-13 2.28132e-17 2.34787e-22 3.26875e-28 5.99042e-35
 1.72521e-41 2.39448e-33 4.01724e-26 8.14688e-20 1.99711e-14 5.91781e-10 2.11966e-06 0.000917741 0.0480311 0.304025 0.245869 0.153059 0.1648 0.0588511 0.0203546 0.00371207 0.000365723 1.30943e-05 1.23363e-07 2.4e-10 8.16147e-14 4.33246e-18 3.32027e-23 3.48222e-29 4.82481e-36
 1.71836e-41 2.38497e-33 4.00128e-26 8.11452e-20 1.98918e-14 5.89431e-10 2.11124e-06 0.000914096 0.0478405 0.302869 0.247344 0.161401 0.16071 0.0567772 0.0186584 0.00320753 0.000268135 7.87894e-06 5.90116e-08 8.71251e-11 2.16991e-14 8.27399e-19 4.53226e-24 3.41385e-30 3.42692e-37
 1.75155e-41 2.43103e-33 4.07856e-26 8.27123e-20 2.0276e-14 6.00814e-10 2.15202e-06 0.000931749 0.0487645 0.30877 0.253959 0.165313 0.151189 0.0524069 0.01594 0.00253253 0.000185808 4.42083e-06 2.56385e-08 2.87587e-11 5.32601e-15 1.47972e-19 5.81956e-25 3.11984e-31 2.22097e-38
 1.68956e-41 2.345e-33 3.93423e-26 7.97854e-20 1.95585e-14 5.79553e-10 2.07586e-06 0.000898777 0.0470392 0.297955 0.249835 0.180917 0.154641 0.0519827 0.0145052 0.00208801 0.000132437 2.58563e-06 1.16059e-08 9.73384e-12 1.33032e-15 2.70629e-20 7.72737e-26 2.98227e-32 1.51753e-39
 1.60009e-41 2.22082e-33 3.72589e-26 7.55604e-20 1.85227e-14 5.48863e-10 1.96594e-06 0.000851183 0.0445487 0.282332 0.242769 0.196709 0.159927 0.0562009 0.0146756 0.00188186 0.000101164 1.60117e-06 5.5938e-09 3.52765e-12 3.54134e-16 5.23038e-21 1.07916e-26 3.00188e-33 1.09812e-40
 1.59264e-41 2.21047e-33 3.70853e-26 7.52082e-20 1.84364e-14 5.46304e-10 1.95677e-06 0.000847215 0.0443415 0.281146 0.245186 0.199777 0.154308 0.0578059 0.0147509 0.00175556 7.94098e-05 1.00203e-06 2.69865e-09 1.28102e-12 9.50366e-17 1.02281e-21 1.52295e-27 3.03996e-34 7.95767e-42
 1.63971e-41 2.27581e-33 3.81815e-26 7.74313e-20 1.89814e-14 5.62453e-10 2.01461e-06 0.000872259 0.0456527 0.28958 0.254585 0.199175 0.142944 0.0525778 0.0130624 0.00148923 5.85912e-05 5.91663e-07 1.21649e-09 4.31173e-13 2.35782e-17 1.85322e-22 2.00045e-28 2.87736e-35 5.40148e-43
#pred catch len freq
 2.56563e-27 2.59497e-27 3.89891e-26 7.68516e-20 1.88392e-14 5.5824e-10 1.99952e-06 0.000865717 0.0453085 0.286634 0.219471 0.0378895 0.134207 0.123993 0.0308059 0.0394471 0.0181609 0.0156507 0.0104883 0.00857603 0.0071476 0.00649255 0.00679043 0.00617083 0.00189959
 2.5672e-27 2.59893e-27 4.20473e-26 8.33012e-20 2.04203e-14 6.0509e-10 2.16733e-06 0.000938371 0.049111 0.310689 0.237887 0.0409145 0.144291 0.132955 0.0264702 0.0270533 0.0105541 0.00670875 0.00364708 0.00248825 0.00179291 0.00144234 0.00136711 0.00126065 0.000427272
 2.56819e-27 2.6015e-27 4.41939e-26 8.78291e-20 2.15302e-14 6.3798e-10 2.28514e-06 0.000989377 0.0517804 0.327577 0.250791 0.0414499 0.1393 0.128237 0.023701 0.0218346 0.00757605 0.00345817 0.00143671 0.000718803 0.000400168 0.00026656 0.000218365 0.000193672 6.84597e-05
 2.56817e-27 2.60145e-27 4.41291e-26 8.76923e-20 2.14967e-14 6.36986e-10 2.28158e-06 0.000987836 0.0516998 0.327067 0.250404 0.041628 0.140927 0.129734 0.0238868 0.0218642 0.00731625 0.00289345 0.0009784 0.000340686 0.000127145 6.06946e-05 3.92546e-05 3.13406e-05 1.11025e-05
 2.56787e-27 2.60062e-27 4.33917e-26 8.61367e-20 2.11154e-14 6.25686e-10 2.2411e-06 0.000970312 0.0507826 0.321265 0.245978 0.041909 0.146176 0.134567 0.0245645 0.0221928 0.00741119 0.00289887 0.000917344 0.000263784 6.65276e-05 1.92831e-05 8.1677e-06 5.26752e-06 1.79409e-06
 2.56632e-27 2.59643e-27 3.97012e-26 7.83513e-20 1.92069e-14 5.69134e-10 2.03854e-06 0.000882612 0.0461927 0.292228 0.223821 0.0428162 0.168647 0.155345 0.0290053 0.0270979 0.00901691 0.0034695 0.00109181 0.000303681 6.45641e-05 1.21641e-05 2.6989e-06 1.12554e-06 3.45169e-07
 2.56789e-27 2.60072e-27 4.35203e-26 8.64081e-20 2.11819e-14 6.27657e-10 2.24816e-06 0.000973369 0.0509426 0.322277 0.246745 0.04152 0.142676 0.131415 0.0253977 0.0248964 0.00837934 0.0033613 0.00105421 0.000288953 5.98162e-05 9.54256e-06 1.21248e-06 2.32235e-07 5.49189e-08
 2.56981e-27 2.60588e-27 4.80342e-26 9.59303e-20 2.35162e-14 6.96826e-10 2.49591e-06 0.00108064 0.0565566 0.357792 0.27385 0.0406297 0.116858 0.107488 0.019317 0.0170399 0.00582226 0.00248546 0.000798352 0.00022562 4.62289e-05 7.13252e-06 7.27165e-07 6.17647e-08 7.85585e-09
 2.56914e-27 2.60399e-27 4.62919e-26 9.22545e-20 2.26151e-14 6.70125e-10 2.40028e-06 0.00103923 0.0543895 0.344083 0.263398 0.0416871 0.132248 0.121576 0.0197559 0.0144761 0.00476274 0.00178255 0.000582433 0.000173947 3.69048e-05 5.71755e-06 5.53589e-07 3.1798e-08 1.60394e-09
 2.56835e-27 2.60188e-27 4.44643e-26 8.83993e-20 2.167e-14 6.42122e-10 2.29997e-06 0.0009958 0.0521166 0.329704 0.252422 0.0418765 0.141401 0.130116 0.0229594 0.0196235 0.00618299 0.00185284 0.000556763 0.000151363 3.34676e-05 5.42741e-06 5.30699e-07 2.75446e-08 7.45877e-10
 2.56875e-27 2.60297e-27 4.54309e-26 9.04383e-20 2.21699e-14 6.56933e-10 2.35302e-06 0.00101877 0.0533187 0.337309 0.258224 0.0415798 0.135066 0.124263 0.0217948 0.018454 0.00603463 0.00215946 0.000608913 0.000135133 2.65921e-05 4.27874e-06 4.39427e-07 2.28808e-08 5.09472e-10
 2.56928e-27 2.60442e-27 4.67072e-26 9.31308e-20 2.28299e-14 6.7649e-10 2.42307e-06 0.0010491 0.054906 0.347351 0.265887 0.0412583 0.127236 0.117024 0.0202801 0.016818 0.00548262 0.00194533 0.00058568 0.00014623 2.47202e-05 3.36025e-06 3.32119e-07 1.79782e-08 3.93216e-10
 2.56891e-27 2.60336e-27 4.57462e-26 9.11035e-20 2.23329e-14 6.61764e-10 2.37033e-06 0.00102626 0.0537108 0.339789 0.260121 0.0417735 0.135207 0.124329 0.0206464 0.0158109 0.0051189 0.001771 0.000529627 0.000134245 2.52502e-05 3.25687e-06 2.67226e-07 1.36812e-08 3.0635e-10
 2.56832e-27 2.60179e-27 4.43607e-26 8.81806e-20 2.16164e-14 6.40533e-10 2.29428e-06 0.000993336 0.0519876 0.328888 0.251802 0.0421062 0.143584 0.132082 0.0224366 0.0179379 0.00570049 0.00179474 0.000525955 0.000130431 2.46347e-05 3.41511e-06 2.76186e-07 1.19698e-08 2.51438e-10
 2.56682e-27 2.59773e-27 4.07875e-26 8.06427e-20 1.97686e-14 5.85778e-10 2.09816e-06 0.000908423 0.0475436 0.300774 0.230349 0.0430083 0.165522 0.15236 0.0266418 0.0224334 0.00720846 0.00238322 0.00067812 0.000155129 2.84771e-05 3.93358e-06 3.35328e-07 1.43134e-08 2.61484e-10
 2.56742e-27 2.59939e-27 4.23045e-26 8.38432e-20 2.05532e-14 6.09027e-10 2.18143e-06 0.000944476 0.0494305 0.312711 0.239452 0.0422301 0.153204 0.141064 0.0259129 0.0236233 0.0077016 0.00271079 0.000790643 0.000186145 3.20825e-05 4.1941e-06 3.5482e-07 1.57368e-08 2.80769e-10
 2.56881e-27 2.60314e-27 4.55818e-26 9.07568e-20 2.22479e-14 6.59246e-10 2.36131e-06 0.00102236 0.0535065 0.338497 0.259131 0.0415565 0.134252 0.123501 0.0214603 0.0178892 0.00595984 0.0023147 0.000698093 0.000174006 3.10131e-05 3.93719e-06 3.12106e-07 1.36781e-08 2.50285e-10
 2.56899e-27 2.60357e-27 4.59169e-26 9.14636e-20 2.24212e-14 6.6438e-10 2.3797e-06 0.00103032 0.0539232 0.341133 0.261148 0.0418358 0.134961 0.124075 0.0201211 0.0146752 0.00475296 0.00165746 0.00051526 0.000140103 2.64293e-05 3.51184e-06 2.74504e-07 1.13395e-08 2.04349e-10
 2.56875e-27 2.60292e-27 4.53508e-26 9.02692e-20 2.21284e-14 6.55705e-10 2.34862e-06 0.00101686 0.053219 0.336678 0.257748 0.0419439 0.138172 0.12706 0.0210417 0.0160152 0.00503166 0.00149802 0.000437254 0.000110557 2.23109e-05 3.19793e-06 2.63379e-07 1.07956e-08 1.85159e-10
 2.5693e-27 2.60442e-27 4.6669e-26 9.30502e-20 2.28101e-14 6.75905e-10 2.42098e-06 0.00104819 0.0548585 0.34705 0.265663 0.041645 0.130336 0.119805 0.0193407 0.013963 0.00442364 0.00137973 0.000382547 8.36085e-05 1.54573e-05 2.25247e-06 2.01768e-07 8.73385e-09 1.49155e-10
 2.56966e-27 2.60536e-27 4.74784e-26 9.47574e-20 2.32286e-14 6.88306e-10 2.4654e-06 0.00106742 0.0558651 0.353418 0.270524 0.041581 0.126433 0.116166 0.0179913 0.0117965 0.00368813 0.00108355 0.000303217 6.75988e-05 1.11528e-05 1.43729e-06 1.27388e-07 5.94845e-09 1.07153e-10
 2.56973e-27 2.60555e-27 4.76428e-26 9.51042e-20 2.33137e-14 6.90825e-10 2.47442e-06 0.00107133 0.0560695 0.354711 0.271512 0.041554 0.125535 0.115334 0.0178099 0.0115877 0.0035573 0.000938114 0.00025351 5.4042e-05 9.04049e-06 1.08803e-06 8.42881e-08 3.84346e-09 7.37564e-11
 2.56972e-27 2.60554e-27 4.76319e-26 9.50813e-20 2.3308e-14 6.90659e-10 2.47382e-06 0.00107107 0.056056 0.354626 0.271446 0.0415384 0.125462 0.115272 0.0178875 0.0117801 0.00361262 0.000943442 0.000246135 4.75849e-05 7.56129e-06 8.95823e-07 6.57264e-08 2.64839e-09 4.93434e-11
 2.56976e-27 2.60564e-27 4.77168e-26 9.52605e-20 2.3352e-14 6.9196e-10 2.47849e-06 0.00107309 0.0561616 0.355294 0.271956 0.0415283 0.125027 0.114866 0.0177448 0.0115571 0.00355089 0.000939587 0.00024493 4.64694e-05 6.85024e-06 7.48748e-07 5.30475e-08 2.01611e-09 3.37354e-11
 2.56999e-27 2.60625e-27 4.82551e-26 9.63961e-20 2.36303e-14 7.00209e-10 2.50803e-06 0.00108588 0.0568311 0.359529 0.275188 0.0413991 0.121772 0.111856 0.0170815 0.0108014 0.00331022 0.00086548 0.000226115 4.33426e-05 6.32613e-06 6.52733e-07 4.22339e-08 1.52494e-09 2.39249e-11
 2.56998e-27 2.60624e-27 4.82482e-26 9.63814e-20 2.36267e-14 7.00103e-10 2.50765e-06 0.00108572 0.0568225 0.359475 0.275147 0.0414115 0.121896 0.111969 0.0170718 0.0107498 0.00327783 0.000829881 0.000215031 4.08467e-05 5.99818e-06 6.17299e-07 3.79736e-08 1.2547e-09 1.84851e-11
 2.56997e-27 2.6062e-27 4.81896e-26 9.62578e-20 2.35964e-14 6.99205e-10 2.50443e-06 0.00108432 0.0567496 0.359014 0.274797 0.041572 0.123363 0.113289 0.0166974 0.00956287 0.00290766 0.000732549 0.000187911 3.46906e-05 5.03615e-06 5.1768e-07 3.17797e-08 1.00206e-09 1.35765e-11
 2.56929e-27 2.60438e-27 4.66103e-26 9.29263e-20 2.27798e-14 6.75005e-10 2.41775e-06 0.0010468 0.0547855 0.346588 0.265313 0.0417893 0.13168 0.121027 0.019211 0.0133454 0.00401675 0.000915241 0.000230773 4.22942e-05 6.01057e-06 6.04682e-07 3.69155e-08 1.15755e-09 1.50051e-11
#obs catch len freq
 1.63238e-41 2.26563e-33 3.80107e-26 7.70848e-20 1.88964e-14 5.59936e-10 2.0056e-06 0.000868355 0.0454463 0.287506 0.22028 0.0443368 0.165537 0.140691 0.0434744 0.0352678 0.0115981 0.00399705 0.000873041 0.000116015 6.8216e-06 1.27021e-07 5.53325e-10 4.52751e-13 6.02405e-17
 1.64533e-41 2.28361e-33 3.83123e-26 7.76966e-20 1.90464e-14 5.6438e-10 2.02152e-06 0.000875247 0.0458069 0.289788 0.222085 0.0463595 0.168186 0.135424 0.043353 0.0332291 0.0106503 0.00345888 0.000697371 8.07771e-05 3.90899e-06 5.67583e-08 1.84708e-10 1.09726e-13 1.04285e-17
 1.91814e-41 2.66225e-33 4.46647e-26 9.05791e-20 2.22044e-14 6.57957e-10 2.3567e-06 0.00102037 0.053402 0.337837 0.258779 0.0457716 0.133802 0.101721 0.0334186 0.0239722 0.00751329 0.00229101 0.000425166 4.29337e-05 1.69997e-06 1.91124e-08 4.63772e-11 2.00404e-14 1.3639e-18
 1.94559e-41 2.70035e-33 4.5304e-26 9.18757e-20 2.25222e-14 6.67375e-10 2.39043e-06 0.00103497 0.0541664 0.342673 0.262568 0.0490072 0.141869 0.100457 0.026098 0.0157382 0.00477591 0.00135794 0.000231072 2.02519e-05 6.54998e-07 5.68601e-09 1.02574e-11 3.22268e-15 1.57348e-19
 1.9817e-41 2.75047e-33 4.61448e-26 9.35807e-20 2.29402e-14 6.7976e-10 2.43479e-06 0.00105418 0.0551716 0.349032 0.267498 0.0507531 0.139426 0.0928938 0.0256959 0.014227 0.00332721 0.000788579 0.000121094 9.14862e-06 2.4076e-07 1.61357e-09 2.1648e-12 4.94397e-16 1.73207e-20
 1.78723e-41 2.48056e-33 4.16165e-26 8.43973e-20 2.0689e-14 6.13053e-10 2.19586e-06 0.000950731 0.0497574 0.314782 0.241573 0.0575391 0.175548 0.109616 0.0303731 0.0155326 0.00355161 0.000689064 7.97889e-05 4.96892e-06 1.05512e-07 5.45061e-10 5.44725e-13 9.06365e-17 2.28206e-21
 1.48817e-41 2.06548e-33 3.46528e-26 7.02751e-20 1.72271e-14 5.10471e-10 1.82842e-06 0.000791645 0.0414315 0.262111 0.201682 0.0660751 0.219593 0.130917 0.0474649 0.0238062 0.00513158 0.000904152 8.52329e-05 3.83554e-06 6.15503e-08 2.42227e-10 1.80231e-13 2.18978e-17 3.97413e-22
 2.12177e-41 2.94487e-33 4.94063e-26 1.00195e-19 2.45616e-14 7.27806e-10 2.60688e-06 0.00112869 0.0590712 0.373703 0.286496 0.0519765 0.109606 0.0637531 0.032678 0.0166128 0.00420358 0.000709526 5.78342e-05 2.00114e-06 2.24565e-08 6.29057e-11 3.4124e-14 3.01824e-18 3.95424e-23
 2.02841e-41 2.81531e-33 4.72326e-26 9.57867e-20 2.3481e-14 6.95785e-10 2.49219e-06 0.00107903 0.0564722 0.357263 0.274337 0.0623811 0.146747 0.0736472 0.0174892 0.00765523 0.00244267 0.000447282 3.5829e-05 1.02099e-06 8.42147e-09 1.61892e-11 6.02998e-15 3.75072e-19 3.50271e-24
 2.05336e-41 2.84992e-33 4.78134e-26 9.69646e-20 2.37697e-14 7.0434e-10 2.52283e-06 0.0010923 0.0571666 0.361657 0.277841 0.0641234 0.140543 0.0675727 0.0211463 0.00735809 0.00125241 0.000224274 1.93508e-05 5.12142e-07 3.37611e-09 4.68947e-12 1.19801e-15 5.04467e-20 3.22384e-25
 1.76872e-41 2.45486e-33 4.11854e-26 8.35232e-20 2.04747e-14 6.06703e-10 2.17311e-06 0.000940883 0.0492421 0.311528 0.240311 0.0797206 0.193255 0.0868952 0.0271766 0.00912556 0.00161264 0.000178852 1.1788e-05 3.00418e-07 1.74405e-09 1.90843e-12 3.5501e-16 1.04077e-20 4.53475e-26
 2.05741e-41 2.85555e-33 4.79078e-26 9.71561e-20 2.38167e-14 7.05732e-10 2.52782e-06 0.00109446 0.0572795 0.362374 0.278815 0.0689355 0.13352 0.0604638 0.0271889 0.00869872 0.00147031 0.000150624 6.83529e-06 1.21544e-07 5.94766e-10 5.46208e-13 7.99002e-17 1.74054e-21 5.41866e-27
 1.90997e-41 2.65092e-33 4.44746e-26 9.01936e-20 2.21099e-14 6.55157e-10 2.34666e-06 0.00101602 0.0531747 0.336411 0.259851 0.0841716 0.170067 0.0667391 0.0204909 0.0066047 0.00133807 0.00012768 4.92141e-06 6.11081e-08 2.00444e-10 1.38573e-13 1.60672e-17 2.73594e-22 6.45075e-28
 1.98071e-41 2.7491e-33 4.61218e-26 9.35341e-20 2.29288e-14 6.79422e-10 2.43358e-06 0.00105366 0.0551441 0.348873 0.26955 0.0834403 0.151704 0.059845 0.0233437 0.0060069 0.000940555 9.37516e-05 3.39863e-06 3.38592e-08 7.8137e-11 3.58027e-14 2.87394e-18 3.59666e-23 6.41021e-29
 1.68307e-41 2.33598e-33 3.9191e-26 7.94785e-20 1.94832e-14 5.77324e-10 2.06788e-06 0.00089532 0.0468575 0.296462 0.231207 0.108256 0.205507 0.0752562 0.027214 0.00714846 0.00110849 8.42106e-05 2.7041e-06 2.39265e-08 4.35517e-11 1.43092e-14 7.76692e-19 6.50332e-24 7.95068e-30
 1.54851e-41 2.14923e-33 3.60578e-26 7.31245e-20 1.79256e-14 5.31169e-10 1.90256e-06 0.000823743 0.0431114 0.272773 0.214163 0.117724 0.212656 0.0862232 0.041173 0.0098267 0.00142104 0.000100253 2.51895e-06 1.77431e-08 2.66419e-11 6.87709e-15 2.75274e-19 1.62015e-24 1.3517e-30
 1.78147e-41 2.47256e-33 4.14823e-26 8.41253e-20 2.06223e-14 6.11077e-10 2.18878e-06 0.000947666 0.0495971 0.313804 0.245183 0.105995 0.165934 0.0701764 0.0365549 0.0101428 0.00156321 9.7452e-05 2.08842e-06 1.13832e-08 1.28321e-11 2.55099e-15 7.87875e-20 3.49099e-25 2.12608e-31
 1.75003e-41 2.42893e-33 4.07504e-26 8.26409e-20 2.02585e-14 6.00295e-10 2.15016e-06 0.000930944 0.048722 0.308286 0.242582 0.121522 0.178673 0.0634247 0.026738 0.00772699 0.00130717 8.37417e-05 1.55316e-06 6.79011e-09 5.81691e-12 8.47618e-16 1.91822e-20 6.30682e-26 2.86455e-32
 1.77287e-41 2.46063e-33 4.12822e-26 8.37194e-20 2.05228e-14 6.08129e-10 2.17822e-06 0.000943094 0.0493579 0.312324 0.246704 0.12624 0.170676 0.0620261 0.0251185 0.0056798 0.000871455 5.66273e-05 9.95251e-07 3.66248e-09 2.44394e-12 2.6709e-16 4.41799e-21 1.04628e-26 3.41605e-33
 1.73031e-41 2.40155e-33 4.0291e-26 8.17093e-20 2.00301e-14 5.93528e-10 2.12592e-06 0.00092045 0.0481728 0.304853 0.242816 0.137849 0.173821 0.0618156 0.0239559 0.00512425 0.000634506 3.43776e-05 5.48994e-07 1.77979e-09 9.75487e-13 8.25385e-17 1.0202e-21 1.76989e-27 4.17815e-34
 1.82282e-41 2.52996e-33 4.24453e-26 8.60782e-20 2.11011e-14 6.25263e-10 2.23959e-06 0.000969666 0.0507486 0.321166 0.255952 0.135216 0.154144 0.0560927 0.0210378 0.00419265 0.00045793 1.95769e-05 2.45154e-07 6.56461e-10 2.97929e-13 2.02601e-17 1.94258e-22 2.53834e-28 4.42119e-35
 1.78309e-41 2.47481e-33 4.15201e-26 8.4202e-20 2.06411e-14 6.11634e-10 2.19077e-06 0.000948529 0.0496425 0.314213 0.253193 0.149148 0.15796 0.0530256 0.0180693 0.003451 0.000335537 1.18033e-05 1.12246e-07 2.24628e-10 7.83153e-14 4.16655e-18 3.12085e-23 3.1455e-29 4.15783e-36
 1.79671e-41 2.49371e-33 4.18372e-26 8.4845e-20 2.07988e-14 6.16305e-10 2.2075e-06 0.000955774 0.0500217 0.316654 0.256897 0.153563 0.150304 0.052068 0.0165325 0.00275898 0.000236185 6.96147e-06 5.15619e-08 7.62984e-11 1.92981e-14 7.50888e-19 4.17937e-24 3.16553e-30 3.15644e-37
 1.79079e-41 2.4855e-33 4.16994e-26 8.45655e-20 2.07302e-14 6.14275e-10 2.20023e-06 0.000952624 0.0498571 0.315673 0.258672 0.161239 0.146105 0.0499542 0.0150337 0.00233854 0.000168316 4.04501e-06 2.36373e-08 2.63978e-11 4.8751e-15 1.36051e-19 5.4071e-25 2.9377e-31 2.11873e-38
 1.8231e-41 2.53034e-33 4.24517e-26 8.60911e-20 2.11042e-14 6.25357e-10 2.23993e-06 0.000969811 0.0507567 0.321431 0.265276 0.164312 0.13689 0.0457376 0.0126958 0.00181344 0.000113279 2.18327e-06 9.82722e-09 8.30264e-12 1.1366e-15 2.30695e-20 6.5767e-26 2.54186e-32 1.29952e-39
 1.76266e-41 2.44646e-33 4.10444e-26 8.32371e-20 2.04046e-14 6.04626e-10 2.16567e-06 0.000937661 0.0490745 0.310909 0.261706 0.179369 0.139897 0.0451093 0.0114455 0.00146977 7.86994e-05 1.2329e-06 4.26656e-09 2.68541e-12 2.70636e-16 4.01473e-21 8.2994e-27 2.30769e-33 8.43081e-41
 1.67517e-41 2.32502e-33 3.90071e-26 7.91055e-20 1.93918e-14 5.74614e-10 2.05817e-06 0.000891119 0.0466392 0.295662 0.255343 0.194841 0.145149 0.0486392 0.0114722 0.00130138 5.85633e-05 7.37994e-07 1.9757e-09 9.31258e-13 6.8775e-17 7.39597e-22 1.10349e-27 2.20945e-34 5.79894e-42
 1.66823e-41 2.31539e-33 3.88454e-26 7.87778e-20 1.93114e-14 5.72234e-10 2.04965e-06 0.000887427 0.0464465 0.294593 0.258022 0.19731 0.140264 0.0498098 0.0114314 0.00118851 4.45654e-05 4.44531e-07 9.12729e-10 3.22683e-13 1.75696e-17 1.37476e-22 1.4789e-28 2.12342e-35 3.98569e-43
#spawning biomass
 5863.13 6651.49 7597.49 10877.1 14516.3 16996.8 15598.2 21138.5 32157.9 48709.1 59542.8 81832.6 107242 128129 129541 104246 91732.9 92763.5 101431 96019.5 91880.7 96275.6 105071 112021 117060 127665 121933 166001 265261 428261 455845 429015 375221 314688 258726 212049 175501 148066 128071 113807 103790 96830.8 92004.6 88664 86436.4 84951 83960.6 83300.1 82859.7 82566 82370.2 82239.6 82152.5 82094.4 82055.7 82029.9 82012.7 82001.2 81993.6 81988.5 81985.1 81982.8 81981.3 81980.3 81979.6 81979.1 81978.8 81978.6 81978.5 81978.4 81978.4 81978.3 81978.3 81978.3 81978.3 81978.3 81978.3 81978.2 81978.2 81978.2 81978.2 81978.2 81978.2 81978.2 81978.2 81978.2 81978.2 81978.2 81978.2 81978.2 81978.2 81978.2 81978.2 81978.2 81978.2 81978.2 81978.2 81978.2 81978.2 81978.2 81978.2 81978.2 81978.2 81978.2 81978.2 81978.2 81978.2 81978.2 81978.2 81978.2 81978.2 81978.2 81978.2 81978.2 81978.2 81978.2 81978.2 81978.2 81978.2 81978.2 81978.2 81978.2 81978.2 81978.2 81978.2 81978.2 81978.2 81978.2 0 0 0 0 0 0 0 0 0 0 0 0 0 0 0 0 0 0 0 0 0 0 0 0 0
