SBPRF35
0.135921
Curr Bio
133808
B35
159482
F35
0.861616
FOFL
0.695483
OFL
44179
Bzero
38834.4
#pred survey bio
 6564.92 8812.81 11572 12431.7 20602.1 31442.5 31625.1 39345.9 51457.9 64993.6 76931.3 102486 134183 160954 164642 142023 130820 128228 120987 105409 109224 126613 132220 143417 159226 168226 151819 145538 4.97588e+06 2.78521e+06 1.53492e+06 849542 561322 442914 391248 366621 353949 347100 343304 341176 339979 339307 338928 338713 338595 338530 338494 338474 338463 338457 338454 338452 338451 338450 338450 338450 338450 338450 338450 338450 338450 338450 338450 338450 338450 338450 338450 338450 338450 338450 338450 338450 338450 338450 338450 338450 338450 338450 338450 338450 338450 338450 338450 338450 338450 338450 338450 338450 338450 338450 338450 338450 338450 338450 338450 338450 338450 338450 338450 338450 338450 338450 338450 338450 338450 338450 338450 338450 338450 338450 338450 338450 338450 338450 338450 338450 338450 338450 338450 338450 338450 338450 338450 338450 338450 338450 338450 338450 0 0 0 0 0 0 0 0 0 0 0 0 0 0 0 0 0 0 0 0 0 0 0 0 0
#obs survey bio
 5412.5 8661.6 11530 11072.5 28734.2 29375.9 38334.9 35305.9 46254 66232.4 47181.9 115835 121904 150630 110250 105718 114229 122326 77592.1 97618 84183.1 93939.9 104828 171802 195586 173332 126508 107221
#pred catch bio
 2722.49 4434.12 6867.53 6872.64 9125.63 17786.1 18134.1 22892.1 29957.9 40409.3 46062.3 59959.4 80264.4 98194.7 110358 95976.1 85695.9 86275.8 87854.5 72865.9 72203.1 89310.5 93398.3 99321 110367 125182 109546 105442 44179 56122.7 27033.5 12788.3 7832.14 6309.15 5875.07 5757.51 5726.8 5718.99 5717.05 5716.57 5716.45 5716.42 5716.42 5716.41 5716.41 5716.41 5716.41 5716.41 5716.41 5716.41 5716.41 5716.41 5716.41 5716.41 5716.41 5716.41 5716.41 5716.41 5716.41 5716.41 5716.41 5716.41 5716.41 5716.41 5716.41 5716.41 5716.41 5716.41 5716.41 5716.41 5716.41 5716.41 5716.41 5716.41 5716.41 5716.41 5716.41 5716.41 5716.41 5716.41 5716.41 5716.41 5716.41 5716.41 5716.41 5716.41 5716.41 5716.41 5716.41 5716.41 5716.41 5716.41 5716.41 5716.41 5716.41 5716.41 5716.41 5716.41 5716.41 5716.41 5716.41 5716.41 5716.41 5716.41 5716.41 5716.41 5716.41 5716.41 5716.41 5716.41 5716.41 5716.41 5716.41 5716.41 5716.41 5716.41 5716.41 5716.41 5716.41 5716.41 5716.41 5716.41 5716.41 5716.41 5716.41 5716.41 5716.41 5716.41 0 0 0 0 0 0 0 0 0 0 0 0 0 0 0 0 0 0 0 0 0 0 0 0 0
#obs catch bio
 4425.75 4459.8 6962.19 6958.99 8945.34 17642.5 18039.3 23018.4 29927.8 40142.3 46226.1 58454.8 79233.7 97041.1 110688 96753.4 84223.1 85189.6 89403.9 72115.7 71542.6 88092.6 92599.9 97300.9 105606 121204 107348 105124
#pred cpue bio
 5397.99 6737.57 8814 9490.7 14579.6 24326.1 24898.2 29010.3 38098.9 48481.7 56804.8 74887.3 99472.3 120397 126826 108277 98114.1 96736.5 90786 77580.7 79861.8 92290.1 95885.1 103272 115374 122942 110420 106416 3.60921e+06 2.6919e+06 1.49141e+06 802120 513403 394953 343283 318655 305983 299135 295338 293211 292014 291341 290963 290748 290630 290565 290529 290509 290498 290492 290488 290487 290486 290485 290485 290485 290484 290484 290484 290484 290484 290484 290484 290484 290484 290484 290484 290484 290484 290484 290484 290484 290484 290484 290484 290484 290484 290484 290484 290484 290484 290484 290484 290484 290484 290484 290484 290484 290484 290484 290484 290484 290484 290484 290484 290484 290484 290484 290484 290484 290484 290484 290484 290484 290484 290484 290484 290484 290484 290484 290484 290484 290484 290484 290484 290484 290484 290484 290484 290484 290484 290484 290484 290484 290484 290484 290484 290484 0 0 0 0 0 0 0 0 0 0 0 0 0 0 0 0 0 0 0 0 0 0 0 0 0
#obs cpue bio
 7170.98 6710.61 6281.93 9266.11 20979 19784.6 28849.2 22847.8 47982.3 56841.4 77246.6 132828 113521 151051 163182 132312 169012 117503 95015.7 115353 113033 167002 130676 132024 216578 180511 166278 148921
#pred surv len freq
 2.56936e-27 2.60499e-27 4.77025e-26 9.52325e-20 2.33451e-14 6.91757e-10 2.47776e-06 0.00107277 0.0561452 0.355189 0.271801 0.0367465 0.0887437 0.0819139 0.0211877 0.0280007 0.0130997 0.0115381 0.00775737 0.006332 0.00523792 0.00470257 0.00484417 0.00435166 0.00133354
 2.57091e-27 2.60892e-27 5.08066e-26 1.01779e-19 2.495e-14 7.39313e-10 2.64809e-06 0.00114652 0.0600049 0.379607 0.290482 0.0390296 0.0929947 0.0855385 0.0166661 0.0165671 0.00641238 0.0040159 0.00221693 0.00152937 0.00110058 0.000876632 0.00081694 0.00074184 0.000249851
 2.57059e-27 2.608e-27 4.99068e-26 9.98809e-20 2.44846e-14 7.25522e-10 2.5987e-06 0.00112514 0.0588856 0.372526 0.285091 0.0400582 0.10461 0.0961836 0.017272 0.0152104 0.0050925 0.00204686 0.000827618 0.000410542 0.000231988 0.000154313 0.000124389 0.000108219 3.79319e-05
 2.57041e-27 2.60749e-27 4.94369e-26 9.88893e-20 2.42415e-14 7.1832e-10 2.5729e-06 0.00111397 0.0583011 0.368828 0.282273 0.0403761 0.10901 0.100224 0.0176385 0.0150158 0.00482949 0.00161021 0.000501648 0.000155669 5.66194e-05 2.72846e-05 1.75197e-05 1.36854e-05 4.79509e-06
 2.57294e-27 2.61437e-27 5.55405e-26 1.11766e-19 2.7398e-14 8.11851e-10 2.90791e-06 0.00125902 0.0658923 0.416853 0.318912 0.0384195 0.0683787 0.0627661 0.0116734 0.0108347 0.00346706 0.00111594 0.000321973 7.81244e-05 1.72589e-05 4.70342e-06 1.99157e-06 1.26085e-06 4.23588e-07
 2.56981e-27 2.6058e-27 4.78881e-26 9.56219e-20 2.34406e-14 6.94586e-10 2.48789e-06 0.00107716 0.0563747 0.356642 0.272981 0.0412531 0.122212 0.112309 0.0180144 0.0128331 0.00420137 0.00153276 0.000442847 0.000101858 1.83067e-05 2.90312e-06 5.90238e-07 2.42077e-07 7.31266e-08
 2.56923e-27 2.60432e-27 4.66882e-26 9.30909e-20 2.28201e-14 6.76201e-10 2.42204e-06 0.00104865 0.0548826 0.347202 0.265765 0.0407122 0.123167 0.113413 0.0222594 0.0222243 0.00685631 0.00178867 0.0005208 0.000131936 2.30669e-05 2.99951e-06 3.09854e-07 5.35345e-08 1.24185e-08
 2.57174e-27 2.61116e-27 5.27404e-26 1.05859e-19 2.59499e-14 7.68943e-10 2.75423e-06 0.00119247 0.0624098 0.394821 0.302098 0.0389427 0.0841733 0.0774028 0.0153728 0.0156082 0.00523514 0.00205244 0.000557278 0.000108544 1.98927e-05 2.62969e-06 2.12055e-07 1.41488e-08 1.63747e-09
 2.57145e-27 2.61028e-27 5.18698e-26 1.04022e-19 2.54997e-14 7.55601e-10 2.70643e-06 0.00117178 0.0613269 0.38797 0.296883 0.0399522 0.0955198 0.0877019 0.0140942 0.0100874 0.0033771 0.00135426 0.000427115 0.000112113 1.72647e-05 2.08081e-06 1.69766e-07 7.53517e-09 2.93125e-10
 2.5712e-27 2.60961e-27 5.12833e-26 1.02784e-19 2.51964e-14 7.46614e-10 2.67424e-06 0.00115785 0.0605975 0.383356 0.29336 0.0400301 0.0985871 0.0905688 0.0152667 0.0120222 0.00369439 0.000964089 0.000291992 8.19193e-05 1.63559e-05 2.02566e-06 1.44068e-07 6.03486e-09 1.22879e-10
 2.57154e-27 2.61053e-27 5.20942e-26 1.04495e-19 2.56157e-14 7.59039e-10 2.71875e-06 0.00117711 0.0616059 0.389736 0.298228 0.039825 0.0936062 0.0859621 0.0142627 0.0108954 0.00340384 0.000976423 0.000256177 5.05129e-05 1.00911e-05 1.51444e-06 1.20188e-07 4.50733e-09 7.77742e-11
 2.57188e-27 2.61145e-27 5.29091e-26 1.06214e-19 2.60371e-14 7.71527e-10 2.76348e-06 0.00119648 0.0626195 0.396148 0.303121 0.0395909 0.088387 0.0811444 0.0133836 0.0101017 0.00313852 0.000874422 0.000235543 4.78602e-05 7.17778e-06 9.26314e-07 8.53951e-08 3.59471e-09 5.70626e-11
 2.57139e-27 2.61011e-27 5.17102e-26 1.03685e-19 2.54171e-14 7.53155e-10 2.69768e-06 0.00116799 0.0611284 0.386715 0.295925 0.040025 0.0967469 0.0888413 0.0144302 0.0105508 0.00327001 0.000900534 0.000239934 4.80097e-05 7.42042e-06 8.05305e-07 6.03192e-08 2.80713e-09 4.9275e-11
 2.5711e-27 2.60932e-27 5.10232e-26 1.02236e-19 2.50618e-14 7.42627e-10 2.65997e-06 0.00115166 0.0602739 0.381309 0.291799 0.040139 0.100513 0.0923388 0.0154575 0.0120126 0.00370347 0.0009808 0.000258992 5.11583e-05 7.7829e-06 8.47819e-07 5.58757e-08 2.14635e-09 3.99106e-11
 2.57001e-27 2.60636e-27 4.84051e-26 9.67126e-20 2.37079e-14 7.02509e-10 2.51627e-06 0.00108945 0.0570178 0.36071 0.276082 0.0409058 0.117391 0.107915 0.0182429 0.0144483 0.00450688 0.00127729 0.000336384 6.42047e-05 9.62868e-06 1.03245e-06 6.71698e-08 2.29479e-09 3.63368e-11
 2.57043e-27 2.60752e-27 4.94488e-26 9.89145e-20 2.42477e-14 7.18503e-10 2.57356e-06 0.00111425 0.0583159 0.368922 0.282346 0.0404785 0.109738 0.10088 0.0174784 0.0144763 0.0045248 0.00129317 0.000348019 7.00369e-05 1.03298e-05 1.07874e-06 6.89809e-08 2.29847e-09 3.25354e-11
 2.57101e-27 2.60907e-27 5.0808e-26 1.01782e-19 2.49506e-14 7.3933e-10 2.64816e-06 0.00114655 0.0600063 0.379616 0.290508 0.0402066 0.101935 0.0936468 0.0156026 0.0120197 0.00378707 0.00113932 0.000309353 6.30947e-05 9.70215e-06 1.02951e-06 6.40555e-08 2.08953e-09 2.85803e-11
 2.57078e-27 2.60844e-27 5.02344e-26 1.00572e-19 2.46539e-14 7.3054e-10 2.61667e-06 0.00113292 0.0592929 0.375103 0.287065 0.0404655 0.106323 0.0976783 0.0159898 0.011884 0.0036884 0.00102376 0.00027983 5.96371e-05 9.30997e-06 1.02013e-06 6.52259e-08 2.08716e-09 2.78534e-11
 2.57097e-27 2.60897e-27 5.07019e-26 1.01558e-19 2.48957e-14 7.37703e-10 2.64233e-06 0.00114403 0.0598743 0.378781 0.289871 0.0403138 0.103198 0.0947983 0.0155577 0.0116218 0.00358005 0.000947506 0.000250645 5.01699e-05 8.02593e-06 9.07637e-07 5.97893e-08 1.96606e-09 2.59376e-11
 2.5716e-27 2.61064e-27 5.21636e-26 1.04641e-19 2.56516e-14 7.60103e-10 2.72256e-06 0.00117876 0.0616923 0.390282 0.298649 0.0400626 0.0951186 0.0872995 0.0134446 0.00868832 0.0026637 0.000696015 0.000181127 3.45011e-05 5.21486e-06 5.8099e-07 3.96334e-08 1.34562e-09 1.8201e-11
 2.57181e-27 2.61121e-27 5.26683e-26 1.05706e-19 2.59126e-14 7.67837e-10 2.75026e-06 0.00119076 0.06232 0.394253 0.301679 0.0399151 0.0918677 0.0843012 0.0129462 0.00830258 0.00248983 0.000559002 0.000141581 2.65619e-05 3.86907e-06 4.05996e-07 2.68378e-08 9.35918e-10 1.30864e-11
 2.57191e-27 2.61151e-27 5.29359e-26 1.06271e-19 2.6051e-14 7.71937e-10 2.76495e-06 0.00119712 0.0626528 0.396359 0.303285 0.0397921 0.0898031 0.0824063 0.0127971 0.00843973 0.00253279 0.000568149 0.000138104 2.27209e-05 3.20135e-06 3.25294e-07 2.02581e-08 6.81214e-10 9.69631e-12
 2.57205e-27 2.61187e-27 5.32402e-26 1.06913e-19 2.62083e-14 7.766e-10 2.78165e-06 0.00120435 0.0630312 0.398753 0.305114 0.0398202 0.0887326 0.0813898 0.0120973 0.00709988 0.00212988 0.000485582 0.000118329 1.92063e-05 2.46869e-06 2.29108e-07 1.37259e-08 4.36132e-10 5.98196e-12
 2.57227e-27 2.61246e-27 5.37581e-26 1.08005e-19 2.64761e-14 7.84535e-10 2.81007e-06 0.00121665 0.0636753 0.402827 0.308222 0.0396666 0.0853795 0.0782965 0.0115677 0.00666874 0.00196837 0.000396004 9.47428e-05 1.5588e-05 1.99535e-06 1.73967e-07 9.37047e-09 2.81326e-10 3.65606e-12
 2.57207e-27 2.61191e-27 5.32754e-26 1.06987e-19 2.62265e-14 7.77138e-10 2.78358e-06 0.00120518 0.0630749 0.399029 0.305325 0.0398405 0.088738 0.0813891 0.0119962 0.00686707 0.00202322 0.00040076 9.27694e-05 1.37013e-05 1.73092e-06 1.51383e-07 7.75968e-09 2.10364e-10 2.54741e-12
 2.5718e-27 2.61119e-27 5.26315e-26 1.05628e-19 2.58935e-14 7.67271e-10 2.74824e-06 0.00118988 0.0622741 0.393963 0.30146 0.0400243 0.0928525 0.0851885 0.0127155 0.00755062 0.00222472 0.000437511 0.000100795 1.45615e-05 1.71075e-06 1.39728e-07 7.12924e-09 1.8516e-10 2.04143e-12
 2.57194e-27 2.61156e-27 5.29563e-26 1.06314e-19 2.60615e-14 7.72249e-10 2.76607e-06 0.0011976 0.0626781 0.396519 0.303411 0.03999 0.0912213 0.0836678 0.0121648 0.00667818 0.00196873 0.00039532 9.12811e-05 1.30794e-05 1.51544e-06 1.1724e-07 5.51784e-09 1.39749e-10 1.48021e-12
 2.57177e-27 2.61111e-27 5.25574e-26 1.05472e-19 2.58552e-14 7.66135e-10 2.74417e-06 0.00118812 0.0621819 0.39338 0.301015 0.0400942 0.0936972 0.0859572 0.0126546 0.00721757 0.00211228 0.000394359 9.01549e-05 1.3153e-05 1.52293e-06 1.1625e-07 5.22793e-09 1.22553e-10 1.24556e-12
#obs surv len freq
 1.77093e-41 2.45793e-33 4.12369e-26 8.36276e-20 2.05003e-14 6.07462e-10 2.17583e-06 0.00094206 0.0493037 0.311909 0.238905 0.0440433 0.151656 0.128446 0.0359335 0.0274715 0.00826143 0.0025699 0.000495878 5.71536e-05 2.87232e-06 4.58169e-08 1.73048e-10 1.24769e-13 1.48742e-17
 2.17453e-41 3.0181e-33 5.06349e-26 1.02686e-19 2.51724e-14 7.45904e-10 2.67171e-06 0.00115676 0.06054 0.382993 0.293156 0.0420209 0.097328 0.0779166 0.0223957 0.016181 0.0046824 0.00136109 0.000240369 2.41499e-05 1.00282e-06 1.25525e-08 3.57068e-11 1.88401e-14 1.61424e-18
 1.72176e-41 2.3897e-33 4.00921e-26 8.1306e-20 1.99312e-14 5.90598e-10 2.11542e-06 0.000915906 0.0479349 0.303251 0.232488 0.0512294 0.181939 0.135907 0.0267577 0.014301 0.00399905 0.00108569 0.000174403 1.51752e-05 5.16673e-07 5.0375e-09 1.07563e-11 4.15622e-15 2.56594e-19
 2.08716e-41 2.89685e-33 4.86006e-26 9.85611e-20 2.41611e-14 7.15937e-10 2.56437e-06 0.00111028 0.0581078 0.367607 0.281531 0.0458316 0.113698 0.0815814 0.0282986 0.0180189 0.00343031 0.00067713 9.7715e-05 7.31357e-06 2.02727e-07 1.53129e-09 2.44465e-12 6.90627e-16 3.07438e-20
 2.37197e-41 3.29214e-33 5.52325e-26 1.1201e-19 2.7458e-14 8.13631e-10 2.91429e-06 0.00126179 0.066037 0.417769 0.319805 0.0442789 0.0790047 0.0520221 0.0116199 0.00606858 0.00174213 0.00035248 3.31221e-05 1.9392e-06 4.33352e-08 2.52421e-10 3.00503e-13 6.1968e-17 1.98759e-21
 1.31893e-41 1.83059e-33 3.07119e-26 6.22832e-20 1.5268e-14 4.52419e-10 1.62049e-06 0.000701616 0.0367198 0.232303 0.178976 0.0712437 0.272436 0.166509 0.0279228 0.0107116 0.00203253 0.000397121 4.30452e-05 1.78601e-06 2.79546e-08 1.22523e-10 1.08421e-13 1.63067e-17 3.7675e-22
 2.21293e-41 3.0714e-33 5.15291e-26 1.045e-19 2.5617e-14 7.59077e-10 2.71889e-06 0.00117719 0.0616092 0.389759 0.298554 0.0467648 0.0890621 0.0565957 0.0354742 0.0182121 0.00246391 0.000299259 2.52175e-05 1.02423e-06 1.2058e-08 3.54888e-11 2.22214e-14 2.41454e-18 4.01471e-23
 1.98092e-41 2.74938e-33 4.61266e-26 9.35438e-20 2.29312e-14 6.79492e-10 2.43383e-06 0.00105376 0.0551498 0.348897 0.267834 0.0611216 0.155952 0.0830966 0.0161989 0.00752005 0.00276151 0.000392062 1.99477e-05 5.53498e-07 5.453e-09 1.22287e-11 5.18962e-15 3.82015e-19 4.43458e-24
 2.02831e-41 2.81516e-33 4.72302e-26 9.57818e-20 2.34798e-14 6.95749e-10 2.49206e-06 0.00107898 0.0564693 0.357245 0.274293 0.0613949 0.142926 0.0735189 0.0229344 0.00855147 0.00131385 0.000252144 1.96809e-05 3.91479e-07 2.42171e-09 4.01525e-12 1.28441e-15 6.66697e-20 5.23673e-25
 1.97987e-41 2.74793e-33 4.61023e-26 9.34945e-20 2.29191e-14 6.79134e-10 2.43255e-06 0.00105321 0.0551208 0.348715 0.268072 0.0670395 0.15445 0.0738372 0.0220222 0.00803154 0.0014792 0.000166529 1.11241e-05 2.80943e-07 1.46559e-09 1.55228e-12 3.32309e-16 1.2408e-20 7.04423e-26
 2.10091e-41 2.91593e-33 4.89208e-26 9.92103e-20 2.43202e-14 7.20653e-10 2.58126e-06 0.0011176 0.0584906 0.370034 0.284398 0.0657861 0.132872 0.0600338 0.0195309 0.00648457 0.00111775 0.000125257 6.10776e-06 1.16027e-07 6.0981e-10 5.80967e-13 8.85291e-17 2.15422e-21 8.19191e-27
 2.0475e-41 2.84179e-33 4.76769e-26 9.66879e-20 2.37019e-14 7.0233e-10 2.51563e-06 0.00108918 0.0570035 0.360628 0.277649 0.073117 0.146439 0.0606864 0.0172151 0.00519445 0.000882793 8.85936e-05 3.84842e-06 5.50014e-08 2.07404e-10 1.66075e-13 2.21673e-17 4.30354e-22 1.16571e-27
 2.00131e-41 2.77769e-33 4.66015e-26 9.45069e-20 2.31673e-14 6.86488e-10 2.45889e-06 0.00106461 0.0557177 0.352497 0.271901 0.0794509 0.153642 0.0607594 0.0190885 0.00507972 0.000728051 6.53845e-05 2.47311e-06 2.90511e-08 8.19379e-11 4.61537e-14 4.56715e-18 7.05591e-23 1.54722e-28
 1.86148e-41 2.58361e-33 4.33454e-26 8.79037e-20 2.15486e-14 6.38523e-10 2.28709e-06 0.000990229 0.0518247 0.327875 0.253947 0.0916215 0.176404 0.0672533 0.0232644 0.00592465 0.000828829 6.13249e-05 1.89895e-06 1.82397e-08 4.0291e-11 1.68609e-14 1.18131e-18 1.27972e-23 2.0249e-29
 1.69059e-41 2.34643e-33 3.93662e-26 7.98338e-20 1.95703e-14 5.79904e-10 2.07712e-06 0.000899322 0.047067 0.297786 0.232114 0.106304 0.200937 0.076205 0.030142 0.00742799 0.00104281 7.06731e-05 1.78595e-06 1.3199e-08 2.24486e-11 7.12569e-15 3.69097e-19 2.87714e-24 3.20525e-30
 1.91732e-41 2.66112e-33 4.46458e-26 9.05408e-20 2.2195e-14 6.57679e-10 2.3557e-06 0.00101994 0.0533794 0.337721 0.262299 0.0952902 0.154178 0.06053 0.0276308 0.00688686 0.000997406 6.3777e-05 1.41021e-06 8.25116e-09 1.04542e-11 2.44601e-15 9.34361e-20 5.3386e-25 4.31261e-31
 1.86037e-41 2.58206e-33 4.33195e-26 8.7851e-20 2.15357e-14 6.38141e-10 2.28572e-06 0.000989636 0.0517937 0.327702 0.255983 0.109724 0.169541 0.0572185 0.0208147 0.0053611 0.00081874 5.10729e-05 1.01678e-06 4.95303e-09 4.86687e-12 8.39629e-16 2.31458e-20 9.51662e-26 5.54335e-32
 1.83422e-41 2.54577e-33 4.27106e-26 8.66162e-20 2.12329e-14 6.29171e-10 2.25359e-06 0.000975725 0.0510656 0.323109 0.253544 0.117105 0.168707 0.0583345 0.0219931 0.00452077 0.000605574 3.72396e-05 6.82752e-07 2.84336e-09 2.24706e-12 2.97416e-16 6.06669e-21 1.80189e-26 7.49016e-33
 1.86233e-41 2.58479e-33 4.33652e-26 8.79438e-20 2.15584e-14 6.38814e-10 2.28813e-06 0.000990681 0.0518484 0.328075 0.258288 0.121241 0.160058 0.0545773 0.0203216 0.0041044 0.000468703 2.33804e-05 3.78787e-07 1.3655e-09 8.86045e-13 9.23245e-17 1.43646e-21 3.17654e-27 9.64795e-34
 1.93571e-41 2.68664e-33 4.50739e-26 9.1409e-20 2.24079e-14 6.63986e-10 2.37829e-06 0.00102972 0.0538914 0.341014 0.26891 0.121685 0.145146 0.0478946 0.0168299 0.00323782 0.000343581 1.42555e-05 1.79366e-07 5.20941e-10 2.75392e-13 2.28663e-17 2.76135e-22 4.63906e-28 1.0527e-34
 1.93459e-41 2.68508e-33 4.50478e-26 9.1356e-20 2.23948e-14 6.636e-10 2.37691e-06 0.00102912 0.0538601 0.340844 0.270398 0.130012 0.14315 0.0440879 0.0139237 0.00245024 0.000234046 8.42455e-06 8.43651e-08 1.84141e-10 7.35214e-14 4.69645e-18 4.37736e-23 5.62776e-29 9.65661e-36
 1.97457e-41 2.74057e-33 4.59787e-26 9.32439e-20 2.28576e-14 6.77314e-10 2.42603e-06 0.00105039 0.0549732 0.347912 0.276982 0.132017 0.132626 0.0405094 0.0119429 0.00183074 0.000149579 4.53809e-06 3.68831e-08 6.19862e-11 1.8275e-14 8.51048e-19 5.8235e-24 5.55496e-30 7.11337e-37
 1.90538e-41 2.64454e-33 4.43676e-26 8.99767e-20 2.20567e-14 6.53581e-10 2.34102e-06 0.00101358 0.0530471 0.335783 0.270694 0.147417 0.139023 0.0404399 0.0109391 0.00153342 0.00010517 2.55941e-06 1.6426e-08 2.13537e-11 4.74229e-15 1.62205e-19 8.01582e-25 5.48787e-31 5.05267e-38
 1.95594e-41 2.71472e-33 4.5545e-26 9.23644e-20 2.26421e-14 6.70926e-10 2.40315e-06 0.00104048 0.054455 0.344728 0.278721 0.145751 0.125838 0.0382692 0.00988937 0.00123214 7.20579e-05 1.40188e-06 6.86202e-09 6.71524e-12 1.11493e-15 2.82371e-20 1.02151e-25 5.06336e-32 3.34548e-39
 1.93633e-41 2.6875e-33 4.50884e-26 9.14385e-20 2.24151e-14 6.642e-10 2.37905e-06 0.00103005 0.0539093 0.341352 0.279162 0.155739 0.124173 0.0351833 0.00840436 0.000993677 4.96704e-05 7.74025e-07 2.89528e-09 2.09539e-12 2.54139e-16 4.69105e-21 1.23549e-26 4.44725e-33 2.12582e-40
 1.88059e-41 2.61013e-33 4.37904e-26 8.8806e-20 2.17697e-14 6.45077e-10 2.31056e-06 0.00100039 0.0523576 0.331645 0.275779 0.168898 0.126365 0.0354575 0.00766307 0.000796936 3.47547e-05 4.42527e-07 1.27023e-09 6.8255e-13 6.02398e-17 8.00272e-22 1.51108e-27 3.89907e-34 1.33716e-41
 1.79476e-41 2.491e-33 4.17918e-26 8.47529e-20 2.07762e-14 6.15636e-10 2.20511e-06 0.000954736 0.0499685 0.316684 0.269467 0.1844 0.131423 0.0384594 0.00788238 0.000731054 2.65411e-05 2.74199e-07 6.15433e-10 2.48278e-13 1.60373e-17 1.53808e-22 2.07961e-28 3.8238e-35 9.32252e-43
 1.81984e-41 2.52582e-33 4.23759e-26 8.59375e-20 2.10666e-14 6.24241e-10 2.23593e-06 0.00096808 0.0506674 0.321226 0.275425 0.182766 0.122717 0.0379598 0.00758917 0.00065816 2.0228e-05 1.65674e-07 2.86355e-10 8.7403e-14 4.18847e-18 2.92879e-23 2.85324e-29 3.75319e-36 6.51781e-44
#pred catch len freq
 2.56717e-27 2.59914e-27 4.26563e-26 8.45876e-20 2.07356e-14 6.14434e-10 2.2008e-06 0.000952861 0.0498693 0.315487 0.24149 0.0371083 0.112792 0.104214 0.0270213 0.0357725 0.0167051 0.0146762 0.0098598 0.00804498 0.00665413 0.00597386 0.00615372 0.00552806 0.00169404
 2.56934e-27 2.60468e-27 4.70794e-26 9.39166e-20 2.30225e-14 6.82198e-10 2.44352e-06 0.00105795 0.0553693 0.350282 0.268103 0.0399234 0.11552 0.106344 0.0206931 0.0205346 0.00793626 0.00495383 0.00273251 0.00188418 0.00135573 0.00107983 0.0010063 0.000913792 0.000307764
 2.56932e-27 2.60453e-27 4.68384e-26 9.34076e-20 2.28978e-14 6.78502e-10 2.43028e-06 0.00105222 0.0550693 0.348383 0.26667 0.0409578 0.124399 0.114443 0.0204773 0.0179292 0.00599617 0.00240051 0.000969772 0.000480774 0.000271633 0.000180676 0.000145639 0.000126707 4.44121e-05
 2.56896e-27 2.60354e-27 4.59413e-26 9.15151e-20 2.24338e-14 6.64754e-10 2.38104e-06 0.0010309 0.0539535 0.341325 0.261288 0.0414293 0.131768 0.121221 0.021283 0.0180454 0.00579882 0.00192585 0.000599514 0.000185908 6.7605e-05 3.25769e-05 2.09177e-05 1.63397e-05 5.72511e-06
 2.57162e-27 2.61079e-27 5.23732e-26 1.05084e-19 2.576e-14 7.63316e-10 2.73407e-06 0.00118375 0.0619531 0.391932 0.299897 0.0393208 0.0885965 0.0814321 0.0151436 0.0140536 0.00449384 0.00144121 0.000415526 0.000100754 2.22536e-05 6.06413e-06 2.56771e-06 1.6256e-06 5.46125e-07
 2.56832e-27 2.60176e-27 4.43011e-26 8.80547e-20 2.15855e-14 6.39618e-10 2.29101e-06 0.000991918 0.0519134 0.328419 0.251449 0.0424144 0.146178 0.134402 0.0215111 0.0152498 0.0049876 0.00181254 0.000523325 0.000120283 2.16138e-05 3.42728e-06 6.96791e-07 2.85777e-07 8.63276e-08
 2.56769e-27 2.60017e-27 4.30247e-26 8.53626e-20 2.09256e-14 6.20063e-10 2.22096e-06 0.000961592 0.0503263 0.318378 0.243771 0.0417318 0.146378 0.13485 0.0263827 0.0262328 0.00808749 0.00210144 0.000611312 0.00015476 2.70521e-05 3.51745e-06 3.63348e-07 6.27766e-08 1.45624e-08
 2.5706e-27 2.60806e-27 5.00008e-26 1.00079e-19 2.45332e-14 7.26963e-10 2.60386e-06 0.00112737 0.0590026 0.373266 0.28565 0.0396848 0.101376 0.0932925 0.0184538 0.0186409 0.00624563 0.00243899 0.000661835 0.000128812 2.36018e-05 3.11977e-06 2.5157e-07 1.67852e-08 1.94258e-09
 2.57026e-27 2.60704e-27 4.89963e-26 9.79598e-20 2.40137e-14 7.11568e-10 2.54872e-06 0.0011035 0.057753 0.365362 0.279633 0.0408801 0.1147 0.105383 0.0168881 0.012012 0.00401686 0.00160449 0.000505677 0.000132646 2.04231e-05 2.46125e-06 2.008e-07 8.91258e-09 3.46707e-10
 2.57012e-27 2.60665e-27 4.86601e-26 9.72505e-20 2.38398e-14 7.06415e-10 2.53026e-06 0.00109551 0.0573348 0.362716 0.277613 0.040864 0.115997 0.106623 0.0179007 0.0139885 0.00429526 0.00111618 0.000337726 9.46852e-05 1.89013e-05 2.34075e-06 1.66474e-07 6.97335e-09 1.41988e-10
 2.57042e-27 2.60748e-27 4.93929e-26 9.87965e-20 2.42188e-14 7.17645e-10 2.57049e-06 0.00111292 0.0582463 0.368482 0.282013 0.040689 0.111573 0.102529 0.0169534 0.0128626 0.00401504 0.00114701 0.0003007 5.92466e-05 1.18332e-05 1.77575e-06 1.40924e-07 5.28492e-09 9.11915e-11
 2.57077e-27 2.60843e-27 5.02256e-26 1.00553e-19 2.46494e-14 7.30405e-10 2.61619e-06 0.00113271 0.0592819 0.375034 0.287012 0.0404518 0.106256 0.0976202 0.016051 0.0120383 0.00373718 0.00103696 0.000279099 5.66689e-05 8.4971e-06 1.09647e-06 1.01079e-07 4.25492e-09 6.75426e-11
 2.57025e-27 2.60699e-27 4.89464e-26 9.78545e-20 2.39879e-14 7.10803e-10 2.54598e-06 0.00110231 0.057691 0.364969 0.279334 0.0409232 0.115238 0.105888 0.0171436 0.0124486 0.00385502 0.00105727 0.000281465 5.6278e-05 8.69654e-06 9.43713e-07 7.06844e-08 3.28948e-09 5.7742e-11
 2.56995e-27 2.60621e-27 4.82618e-26 9.64103e-20 2.36338e-14 7.00313e-10 2.5084e-06 0.00108604 0.0568395 0.359582 0.275223 0.0410197 0.118861 0.109258 0.0182227 0.0140606 0.00433146 0.00114235 0.000301395 5.94899e-05 9.0485e-06 9.85595e-07 6.49543e-08 2.49507e-09 4.63949e-11
 2.56897e-27 2.60353e-27 4.58919e-26 9.14108e-20 2.24083e-14 6.63997e-10 2.37832e-06 0.00102972 0.053892 0.340936 0.260996 0.0417108 0.134116 0.123337 0.0207449 0.0162732 0.0050715 0.0014311 0.00037658 7.18224e-05 1.07687e-05 1.15458e-06 7.51141e-08 2.56618e-09 4.0634e-11
 2.56946e-27 2.60487e-27 4.71007e-26 9.39609e-20 2.30334e-14 6.8252e-10 2.44467e-06 0.00105845 0.0553954 0.350447 0.26825 0.0412187 0.125274 0.115208 0.0198516 0.0162828 0.00508476 0.00144688 0.00038906 7.82376e-05 1.15369e-05 1.20468e-06 7.70328e-08 2.56675e-09 3.63328e-11
 2.57002e-27 2.60638e-27 4.84199e-26 9.67439e-20 2.37156e-14 7.02735e-10 2.51708e-06 0.0010898 0.0570362 0.360826 0.276172 0.0409752 0.117856 0.108325 0.0179638 0.0137106 0.00431571 0.0012928 0.000350747 7.14838e-05 1.09899e-05 1.16605e-06 7.25489e-08 2.36658e-09 3.23696e-11
 2.56983e-27 2.60586e-27 4.79433e-26 9.57383e-20 2.34691e-14 6.95431e-10 2.49092e-06 0.00107847 0.0564433 0.357076 0.273312 0.0412162 0.121699 0.111851 0.0182204 0.013404 0.00415631 0.00114861 0.000313682 6.68019e-05 1.04264e-05 1.14236e-06 7.30391e-08 2.33716e-09 3.11896e-11
 2.57025e-27 2.60701e-27 4.89667e-26 9.78974e-20 2.39984e-14 7.11114e-10 2.54709e-06 0.00110279 0.0577162 0.365129 0.279456 0.0408914 0.11491 0.105593 0.0172226 0.0127014 0.00390889 0.00102984 0.000272176 5.44378e-05 8.70681e-06 9.8455e-07 6.48544e-08 2.1326e-09 2.81347e-11
 2.57081e-27 2.6085e-27 5.02584e-26 1.00622e-19 2.46663e-14 7.30907e-10 2.61799e-06 0.00113349 0.0593227 0.375291 0.287213 0.0407149 0.108117 0.0992753 0.015217 0.00971592 0.00297591 0.000774143 0.000201278 3.83103e-05 5.78934e-06 6.44934e-07 4.39945e-08 1.49368e-09 2.02036e-11
 2.57094e-27 2.60885e-27 5.05671e-26 1.01273e-19 2.4826e-14 7.35637e-10 2.63493e-06 0.00114082 0.0597066 0.37772 0.289066 0.0406331 0.106193 0.0974997 0.0149115 0.00946191 0.00283523 0.000633791 0.000160364 3.00628e-05 4.37806e-06 4.59363e-07 3.03648e-08 1.05891e-09 1.48061e-11
 2.57122e-27 2.6096e-27 5.1239e-26 1.02691e-19 2.51734e-14 7.45933e-10 2.67181e-06 0.00115679 0.0605422 0.383007 0.293099 0.0403735 0.101384 0.0930761 0.01438 0.00936348 0.0028076 0.000626973 0.000152253 2.5029e-05 3.52571e-06 3.58218e-07 2.23079e-08 7.50136e-10 1.06773e-11
 2.57137e-27 2.61001e-27 5.15842e-26 1.03419e-19 2.53519e-14 7.51222e-10 2.69075e-06 0.00116499 0.0609715 0.385722 0.295173 0.0404019 0.100143 0.0918995 0.0135969 0.00787384 0.00235989 0.000535606 0.000130392 2.11479e-05 2.7176e-06 2.52182e-07 1.51078e-08 4.80039e-10 6.58418e-12
 2.57157e-27 2.61054e-27 5.20497e-26 1.04401e-19 2.55926e-14 7.58356e-10 2.7163e-06 0.00117606 0.0615505 0.389385 0.297968 0.0402678 0.0971589 0.0891458 0.0131142 0.00746399 0.00220129 0.000440907 0.000105372 1.73232e-05 2.21696e-06 1.93268e-07 1.04098e-08 3.12528e-10 4.06153e-12
 2.57135e-27 2.60994e-27 5.15142e-26 1.03271e-19 2.53157e-14 7.5015e-10 2.68691e-06 0.00116333 0.0608845 0.385172 0.294754 0.0404612 0.100889 0.0925803 0.0135878 0.00767915 0.00226063 0.000445814 0.000103089 1.52134e-05 1.92145e-06 1.68029e-07 8.61272e-09 2.33488e-10 2.82743e-12
 2.57123e-27 2.60962e-27 5.12342e-26 1.02681e-19 2.51709e-14 7.4586e-10 2.67155e-06 0.00115668 0.0605363 0.382969 0.293073 0.0405196 0.102514 0.0940867 0.0139696 0.00817037 0.00240521 0.000470849 0.000108356 1.56414e-05 1.83715e-06 1.50035e-07 7.65492e-09 1.98811e-10 2.19193e-12
 2.5713e-27 2.60981e-27 5.13957e-26 1.03021e-19 2.52544e-14 7.48334e-10 2.68041e-06 0.00116051 0.0607371 0.384239 0.294043 0.0405473 0.102043 0.0936335 0.0135523 0.00733336 0.00215996 0.000431766 9.95903e-05 1.42588e-05 1.65166e-06 1.27765e-07 6.013e-09 1.52288e-10 1.61302e-12
 2.57113e-27 2.60934e-27 5.09818e-26 1.02148e-19 2.50404e-14 7.41991e-10 2.65769e-06 0.00115068 0.0602223 0.380983 0.291558 0.0406539 0.104601 0.0959985 0.014066 0.00790823 0.00231248 0.000429803 9.81453e-05 1.43075e-05 1.65619e-06 1.26408e-07 5.68457e-09 1.33256e-10 1.35434e-12
#obs catch len freq
 1.75086e-41 2.43007e-33 4.07695e-26 8.26797e-20 2.0268e-14 6.00577e-10 2.15117e-06 0.000931381 0.0487448 0.308374 0.236207 0.0441187 0.153892 0.13039 0.0368778 0.0284036 0.00868082 0.00275906 0.000549225 6.56611e-05 3.42887e-06 5.69252e-08 2.23931e-10 1.67845e-13 2.07367e-17
 1.77364e-41 2.4617e-33 4.13001e-26 8.37558e-20 2.05318e-14 6.08393e-10 2.17917e-06 0.000943504 0.0493792 0.312388 0.23933 0.0459839 0.15539 0.124584 0.0357764 0.025883 0.00762223 0.00226268 0.000411175 4.27923e-05 1.84778e-06 2.40038e-08 7.07076e-11 3.85646e-14 3.40799e-18
 2.18219e-41 3.02873e-33 5.08133e-26 1.03048e-19 2.52611e-14 7.48533e-10 2.68112e-06 0.00116083 0.0607534 0.384343 0.29423 0.0433152 0.0987954 0.0746836 0.0220748 0.0150035 0.00425228 0.00117309 0.000193896 1.74349e-05 6.16031e-07 6.22837e-09 1.37377e-11 5.46375e-15 3.4633e-19
 1.73776e-41 2.4119e-33 4.04646e-26 8.20614e-20 2.01164e-14 5.96085e-10 2.13508e-06 0.000924416 0.0483803 0.306069 0.234732 0.053758 0.183742 0.128957 0.0256723 0.0131048 0.00359094 0.000919567 0.000137336 1.05983e-05 3.04067e-07 2.37605e-09 3.91304e-12 1.13592e-15 5.17811e-20
 2.10681e-41 2.92412e-33 4.90581e-26 9.94889e-20 2.43885e-14 7.22677e-10 2.58851e-06 0.00112074 0.0586548 0.371068 0.284239 0.0474547 0.113559 0.0767437 0.0274925 0.016083 0.00294416 0.00055899 7.45971e-05 4.90566e-06 1.13507e-07 6.82054e-10 8.35653e-13 1.7681e-16 5.80076e-21
 2.38834e-41 3.31486e-33 5.56137e-26 1.12783e-19 2.76475e-14 8.19247e-10 2.93441e-06 0.0012705 0.0664928 0.420653 0.322056 0.0453651 0.0779673 0.0480544 0.0109383 0.00539071 0.00150613 0.000277017 2.41404e-05 1.24642e-06 2.30522e-08 1.06068e-10 9.64523e-14 1.4853e-17 3.50481e-22
 1.35352e-41 1.8786e-33 3.15175e-26 6.39168e-20 1.56684e-14 4.64285e-10 1.66299e-06 0.000720019 0.0376829 0.238397 0.183843 0.0756844 0.271449 0.154653 0.0260659 0.00941621 0.00173439 0.000319296 3.08015e-05 1.10545e-06 1.43881e-08 4.96181e-11 3.33948e-14 3.74028e-18 6.34654e-23
 2.24175e-41 3.1114e-33 5.22001e-26 1.05861e-19 2.59505e-14 7.68962e-10 2.7543e-06 0.00119252 0.0624115 0.394834 0.302505 0.0481542 0.0869527 0.0525671 0.033697 0.0154534 0.00198454 0.000227176 1.74794e-05 6.02843e-07 5.77542e-09 1.33796e-11 6.36797e-15 5.14159e-19 6.26824e-24
 2.01825e-41 2.80119e-33 4.69958e-26 9.53065e-20 2.33633e-14 6.92297e-10 2.47969e-06 0.00107362 0.0561891 0.355472 0.273005 0.0634804 0.151547 0.0751166 0.0148628 0.00665486 0.0022974 0.000285279 1.30973e-05 3.14326e-07 2.50548e-09 4.36464e-12 1.40438e-15 7.682e-20 6.53144e-25
 2.0676e-41 2.8697e-33 4.81451e-26 9.76373e-20 2.39346e-14 7.09227e-10 2.54034e-06 0.00109988 0.0575632 0.364166 0.279736 0.0635902 0.137965 0.0664453 0.0210565 0.00709979 0.00107155 0.00019062 1.25589e-05 2.08819e-07 1.05506e-09 1.36053e-12 3.2822e-16 1.26334e-20 7.27027e-26
 2.02391e-41 2.80906e-33 4.71277e-26 9.55741e-20 2.34289e-14 6.9424e-10 2.48666e-06 0.00107664 0.0563468 0.356473 0.274194 0.0694231 0.148202 0.0662803 0.0200154 0.00669237 0.00116749 0.000119489 7.14057e-06 1.46473e-07 6.03102e-10 4.95759e-13 8.02384e-17 2.21839e-21 9.21631e-27
 2.14348e-41 2.97501e-33 4.9912e-26 1.0122e-19 2.4813e-14 7.35255e-10 2.63356e-06 0.00114024 0.0596757 0.377533 0.290317 0.0677205 0.126293 0.053526 0.0175211 0.00531044 0.000869833 8.73137e-05 3.70585e-06 5.87377e-08 2.42099e-10 1.75565e-13 2.00926e-17 3.62277e-22 1.00774e-27
 2.09407e-41 2.90643e-33 4.87614e-26 9.88872e-20 2.4241e-14 7.18306e-10 2.57286e-06 0.00111396 0.0583001 0.368834 0.284162 0.0752267 0.138459 0.0536878 0.0152514 0.00422439 0.000675626 6.04986e-05 2.25743e-06 2.6456e-08 7.87683e-11 4.80183e-14 4.77508e-18 6.83591e-23 1.35534e-28
 2.05073e-41 2.84628e-33 4.77522e-26 9.68405e-20 2.37393e-14 7.03439e-10 2.5196e-06 0.0010909 0.0570934 0.361204 0.278858 0.0817207 0.144784 0.0538193 0.0167723 0.00406314 0.000547591 4.37559e-05 1.40779e-06 1.34213e-08 2.95904e-11 1.2676e-14 9.34223e-19 1.06012e-23 1.69465e-29
 1.91833e-41 2.66252e-33 4.46693e-26 9.05884e-20 2.22067e-14 6.58024e-10 2.35694e-06 0.00102047 0.0534074 0.337893 0.262021 0.0943401 0.165849 0.059776 0.0203144 0.0047234 0.000611366 3.99106e-05 1.04809e-06 8.10998e-09 1.39054e-11 4.40206e-15 2.29208e-19 1.82211e-24 2.09671e-30
 1.75397e-41 2.4344e-33 4.08421e-26 8.2827e-20 2.03041e-14 6.01646e-10 2.155e-06 0.00093304 0.0488316 0.308957 0.241235 0.109711 0.188991 0.0683847 0.0262255 0.00592198 0.000761727 4.50135e-05 9.52574e-07 5.648e-09 7.4252e-12 1.77565e-15 6.81581e-20 3.89353e-25 3.15356e-31
 1.97658e-41 2.74336e-33 4.60255e-26 9.33388e-20 2.28809e-14 6.78003e-10 2.4285e-06 0.00105146 0.055029 0.348163 0.270772 0.097391 0.143366 0.0543386 0.0236907 0.00544202 0.000713387 3.94398e-05 7.20876e-07 3.35015e-09 3.26651e-12 5.74386e-16 1.62229e-20 6.78084e-26 3.97854e-32
 1.92174e-41 2.66725e-33 4.47487e-26 9.07495e-20 2.22462e-14 6.59195e-10 2.36113e-06 0.00102229 0.0535025 0.338522 0.264899 0.111897 0.156916 0.0506467 0.0177352 0.00424607 0.000580145 3.09869e-05 5.04058e-07 1.93127e-09 1.45023e-12 1.8736e-16 3.81215e-21 1.14509e-26 4.83853e-33
 1.89799e-41 2.63429e-33 4.41956e-26 8.96278e-20 2.19712e-14 6.51047e-10 2.33194e-06 0.00100965 0.0528412 0.334354 0.262893 0.119073 0.155601 0.0518556 0.018421 0.0035017 0.000424628 2.21758e-05 3.28363e-07 1.0654e-09 6.39075e-13 6.30618e-17 9.47066e-22 2.05258e-27 6.18525e-34
 1.92609e-41 2.67329e-33 4.485e-26 9.09548e-20 2.22965e-14 6.60686e-10 2.36647e-06 0.0010246 0.0536236 0.339321 0.267712 0.122721 0.146852 0.048401 0.016876 0.00313438 0.000318384 1.35471e-05 1.76489e-07 4.91314e-10 2.40352e-13 1.85855e-17 2.12268e-22 3.41924e-28 7.52213e-35
 1.99761e-41 2.77255e-33 4.65153e-26 9.43322e-20 2.31244e-14 6.85219e-10 2.45434e-06 0.00106265 0.0556148 0.351935 0.278107 0.122413 0.132213 0.0421748 0.0138018 0.00243852 0.000227587 7.93957e-06 8.01542e-08 1.79349e-10 7.11166e-14 4.36232e-18 3.8547e-23 4.70711e-29 7.72624e-36
 1.99691e-41 2.77158e-33 4.6499e-26 9.4299e-20 2.31163e-14 6.84978e-10 2.45348e-06 0.00106227 0.0555953 0.351845 0.279779 0.13022 0.129726 0.038513 0.0112835 0.00181729 0.00015173 4.54147e-06 3.61151e-08 6.04974e-11 1.80841e-14 8.51003e-19 5.78659e-24 5.39465e-30 6.68432e-37
 2.03578e-41 2.82553e-33 4.74041e-26 9.61346e-20 2.35663e-14 6.98311e-10 2.50124e-06 0.00108295 0.0566775 0.358722 0.286267 0.131542 0.11957 0.0351813 0.00952774 0.00132932 9.44259e-05 2.36481e-06 1.51395e-08 1.94017e-11 4.26854e-15 1.46191e-19 7.28497e-25 5.02824e-31 4.63988e-38
 1.96967e-41 2.73377e-33 4.58646e-26 9.30126e-20 2.28009e-14 6.75633e-10 2.42001e-06 0.00104778 0.0548371 0.347146 0.280648 0.146483 0.125075 0.0349473 0.00865219 0.00109425 6.45954e-05 1.28988e-06 6.48551e-09 6.39735e-12 1.05629e-15 2.65125e-20 9.53017e-26 4.7167e-32 3.12559e-39
 2.0188e-41 2.80197e-33 4.70088e-26 9.53329e-20 2.33697e-14 6.92488e-10 2.48038e-06 0.00107392 0.0562052 0.355847 0.288494 0.144074 0.112797 0.0328965 0.00770564 0.000860643 4.29196e-05 6.78814e-07 2.59013e-09 1.91674e-12 2.35925e-16 4.37498e-21 1.14956e-26 4.11588e-33 1.95655e-40
 2.00011e-41 2.77602e-33 4.65736e-26 9.44503e-20 2.31534e-14 6.86077e-10 2.45742e-06 0.00106398 0.0556851 0.352647 0.289245 0.153307 0.110844 0.0299983 0.00649695 0.000681277 2.87309e-05 3.61034e-07 1.04626e-09 5.70577e-13 5.11918e-17 6.90663e-22 1.31922e-27 3.42613e-34 1.17735e-41
 1.94635e-41 2.70141e-33 4.53217e-26 9.19115e-20 2.2531e-14 6.67636e-10 2.39136e-06 0.00103538 0.0541888 0.343312 0.286414 0.165833 0.112751 0.0300572 0.00584932 0.000537212 1.95942e-05 1.99217e-07 4.40437e-10 1.77687e-13 1.15751e-17 1.1224e-22 1.53536e-28 2.85544e-35 7.03304e-43
 1.8635e-41 2.58642e-33 4.33926e-26 8.79993e-20 2.1572e-14 6.39217e-10 2.28957e-06 0.000991307 0.0518829 0.328907 0.280892 0.180801 0.117555 0.0325098 0.00596036 0.000483162 1.45683e-05 1.19369e-07 2.05075e-10 6.18765e-14 2.94377e-18 2.05801e-23 2.0142e-29 2.6678e-36 4.66893e-44
#spawning biomass
 6224.06 8198.53 10787.6 11609.4 18649.4 29559.9 29882.8 36174.1 47494.3 60159.4 70921.6 94084.8 123932 149167 154436 132606 121368 119281 112296 97122.6 100374 116196 121136 131025 145845 154613 139291 133808 130269 129349 60638.5 29160 18248.9 14896.7 13941.3 13682.5 13614.9 13597.7 13593.4 13592.4 13592.1 13592.1 13592.1 13592.1 13592.1 13592.1 13592.1 13592.1 13592.1 13592.1 13592.1 13592.1 13592.1 13592.1 13592.1 13592.1 13592.1 13592.1 13592.1 13592.1 13592.1 13592.1 13592.1 13592.1 13592.1 13592.1 13592.1 13592.1 13592.1 13592.1 13592.1 13592.1 13592.1 13592.1 13592.1 13592.1 13592.1 13592.1 13592.1 13592.1 13592.1 13592.1 13592.1 13592.1 13592.1 13592.1 13592.1 13592.1 13592.1 13592.1 13592.1 13592.1 13592.1 13592.1 13592.1 13592.1 13592.1 13592.1 13592.1 13592.1 13592.1 13592.1 13592.1 13592.1 13592.1 13592.1 13592.1 13592.1 13592.1 13592.1 13592.1 13592.1 13592.1 13592.1 13592.1 13592.1 13592.1 13592.1 13592.1 13592.1 13592.1 13592.1 13592.1 13592.1 13592.1 13592.1 13592.1 13592.1 0 0 0 0 0 0 0 0 0 0 0 0 0 0 0 0 0 0 0 0 0 0 0 0 0
