SBPRF35
0.112866
Curr Bio
71.1814
B35
357.919
F35
0.884277
FOFL
0.25405
OFL
4.79792
Bzero
32247.4
#pred survey bio
 2061.15 1665.92 1305.24 1072.15 908.337 810.847 742.844 701.593 676.835 653.085 641.416 640.244 632.015 629.66 631.222 635.677 646.676 654.22 657.732 656.607 657.644 663.737 664.343 657.898 649.741 644.187 645.127 640.881 645.795 649.974 646.745 647.032 641.097 640.956 640.214 632.509 627.898 618.111 613.694 599.116 587.56 571.451 550.641 524.692 493.75 476.796 457.849 452.546 434.883 430.108 419.998 411.706 393.32 377.396 369.607 361.011 357.226 353.284 353.443 356.497 348.853 337.686 333.282 336.14 327.344 328.387 330.798 320.553 318.643 320.658 324.327 322.994 319.044 335.171 340.762 347.556 345.345 327.372 340.513 363.674 371.474 380.536 378.765 386.998 389.114 393.067 395.613 376.469 367.886 358.647 364.973 363.79 371.592 387.805 372.218 329.584 248.021 60.5694 47.6422 50.4341 47.5517 49.3714 70.0761 4006.74 40757.1 118642 191769 231268 249993 259173 264058 266881 268613 269713 270424 270887 271190 271388 271518 271602 271656 271691 271714 271728 271738 271744 271748 271751 271753 271754 271754 271755 271755 271755 271756 271756 271756 271756 271756 271756 271756 271756 271756 271756 271756 271756 271756 271756 271756 271756 271756 271756 271756 271756 271756 271756 271756 271756 271756 271756 271756 271756 271756 271756 271756 271756 271756 271756 271756 271756 271756 271756 271756 271756 271756 271756 271756 271756 271756 271756 271756 271756 271756 271756 271756 271756 271756 271756 271756 271756 271756 271756 271756 271756 271756 271756 271756 271756 271756 271756 271756 271756 271756 0 0 0 0 0 0 0 0 0 0 0 0 0 0 0 0 0 0 0 0 0 0 0 0 0
#obs survey bio
 750.917 732.664 632.777 439.518 412.662 587.79 429.762 333.891 367.545 497.134 404.514 380.106 419.714 410.61 410.11 417.467 451.939 477.455 442.183 401.002 576.385 422.181 489.501 398.338 393.544 544.433 529.553 398.624 512.949 351.644 354.229 416.349 439.748 584.789 300.592 491.595 472.745 321.73 298.625 331.406 344.913 538.44 311.19 255.709 345.936 284.127 329.962 338.482 314.86 377.803 249.586 211.11 246.29 183.266 271.527 289.194 302.476 266.503 186.224 155.18 193.585 241.412 222.968 200.378 239.389 202.98 203.214 175.327 190.876 310.813 199.205 257.08 186.594 154.212 214.066 270.219 253.917 231.922 243.148 271.488 256.778 249.873 208.874 215.804 196.658 344.42 279.804 274.781 171.681 200.408 278.112 216.584 337.553 300.184 246.642 282.119 205.59 40.6493 44.2197 50.7382 38.9002 42.9597 37.4712
#pred catch bio
 117.57 167.076 120.469 108.424 83.685 79.7098 70.3332 64.4742 69.5469 63.9339 58.2568 66.9192 64.1048 62.7139 62.4042 58.1577 60.9061 63.0431 65.3038 61.7961 55.3912 57.9721 63.0149 64.8076 63.5579 58.8983 64.3171 57.4994 58.7275 65.7157 62.7475 67.4493 61.6458 61.0882 66.0537 61.6397 63.7509 56.9495 64.4066 61.5473 65.6057 70.7507 77.7452 86.5226 79.7958 86.3284 78.2501 91.0964 82.1654 87.5108 85.8401 94.2915 93.4974 88.6761 90.9864 87.9712 89.0678 87.2075 86.4809 96.3282 99.754 94.6142 89.0327 99.2733 92.2521 92.4875 105.187 102.536 104.731 108.261 117.05 124.525 114.52 129.305 133.102 141.953 156.2 138.845 143 164.641 168.25 178.87 172.464 178.268 177.914 179.365 192.634 179.198 179.123 168.702 175.703 172.284 170.256 192.117 190.948 182.419 231.176 53.5105 39.9761 42.0093 40.8618 42.7031 41.6129 4.79792 126.503 1012.89 2480.73 3225.33 3500.1 3591.38 3619.97 3628.56 3631.08 3631.8 3632 3632.05 3632.07 3632.07 3632.08 3632.08 3632.08 3632.08 3632.08 3632.08 3632.08 3632.08 3632.08 3632.08 3632.08 3632.08 3632.08 3632.08 3632.08 3632.08 3632.08 3632.08 3632.08 3632.08 3632.08 3632.08 3632.08 3632.08 3632.08 3632.08 3632.08 3632.08 3632.08 3632.08 3632.08 3632.08 3632.08 3632.08 3632.08 3632.08 3632.08 3632.08 3632.08 3632.08 3632.08 3632.08 3632.08 3632.08 3632.08 3632.08 3632.08 3632.08 3632.08 3632.08 3632.08 3632.08 3632.08 3632.08 3632.08 3632.08 3632.08 3632.08 3632.08 3632.08 3632.08 3632.08 3632.08 3632.08 3632.08 3632.08 3632.08 3632.08 3632.08 3632.08 3632.08 3632.08 3632.08 3632.08 3632.08 3632.08 3632.08 3632.08 3632.08 3632.08 3632.08 3632.08 3632.08 3632.08 3632.08 0 0 0 0 0 0 0 0 0 0 0 0 0 0 0 0 0 0 0 0 0 0 0 0 0
#obs catch bio
 0 171.172 123.856 113.003 87.4816 84.0969 74.1903 68.055 74.1803 67.889 61.5255 71.783 68.5598 66.9787 66.6561 61.84 64.98 67.2694 69.7994 65.7638 58.2363 61.1182 66.714 68.8621 67.6688 62.258 68.5189 60.8692 62.081 70.3744 66.9696 72.4805 65.5825 64.7227 70.7162 65.6327 68.0579 60.1134 68.8179 65.488 70.2688 75.666 83.7452 94.565 86.2295 94.4478 84.5058 99.6253 88.4045 94.1473 92.0815 102.049 100.469 95.8355 98.5742 94.2334 95.1617 92.3608 91.8069 103.415 107.811 101.207 94.1573 105.836 97.1672 97.7427 112.261 110.318 111.029 112.787 123.131 130.44 120.646 135.974 138.565 146.08 160.599 140.815 144.211 166.071 170.482 184.818 177.763 184.094 181.776 178.926 194.198 181.791 181.908 171.291 178.432 173.285 168.443 192.09 192.596 182.047 225.281 50.7101 36.9228 38.326 36.8422 39.9605 40.2664
#pred cpue bio
 1895.29 1517.88 1166.03 936.05 773.723 677.077 610.443 570.269 546.179 522.899 510.638 508.164 499.245 496.283 496.591 498.814 507.746 514.871 519.278 519.617 521.779 528.682 530.355 524.804 517.002 511.368 511.821 507.196 511.144 514.308 510.776 511.503 506.985 507.906 507.971 501.637 499.431 492.832 490.772 478.198 468.169 453.909 434.836 410.079 379.424 361.262 341.272 335.078 317.955 312.978 303.603 296.938 280.648 265.244 256.684 247.746 243.962 239.744 238.456 239.707 231.928 221.598 217.398 219.789 211.099 210.957 211.973 200.22 194.115 190.493 189.157 183.515 174.255 182.381 181.535 182.844 179.678 161.874 164.124 172.212 170.34 173.985 171.036 176.473 178.031 180.561 182.645 170.163 166.687 158.593 160.893 159.334 162.207 171.758 162.938 148.263 116.929 9.49063 5.87975 6.6667 6.91217 6.01935 7.19341 845.457 4190.4 35001.9 98374.4 137293 155992 165170 170055 172878 174610 175710 176421 176884 177187 177385 177515 177599 177653 177688 177711 177725 177735 177741 177745 177748 177750 177751 177751 177752 177752 177752 177752 177753 177753 177753 177753 177753 177753 177753 177753 177753 177753 177753 177753 177753 177753 177753 177753 177753 177753 177753 177753 177753 177753 177753 177753 177753 177753 177753 177753 177753 177753 177753 177753 177753 177753 177753 177753 177753 177753 177753 177753 177753 177753 177753 177753 177753 177753 177753 177753 177753 177753 177753 177753 177753 177753 177753 177753 177753 177753 177753 177753 177753 177753 177753 177753 177753 177753 177753 177753 0 0 0 0 0 0 0 0 0 0 0 0 0 0 0 0 0 0 0 0 0 0 0 0 0
#obs cpue bio
 867.627 567.495 311.506 519.196 275.361 308.502 345.747 349.33 367.189 281.543 287.824 225.036 250.023 274.511 270.205 221.195 260.685 302.268 307.633 321.443 408.77 350.878 353.286 289.525 250.707 290.288 255.69 223.555 365.234 215.357 279.974 297.504 345.399 323.387 255.941 235.764 309.325 448.844 343.018 342.263 282.697 397.919 300.66 241.014 239.863 168.689 172.719 178.089 180.59 173.005 172.725 198.575 212.216 118.017 126.06 148.562 122.284 157.111 144.361 179.319 134.61 137.792 149.636 150.221 149.113 127.685 139.14 99.813 194.917 157.751 124.244 139.696 98.2172 214.104 190.913 200.352 192.115 189.173 210.765 229.887 184.514 142.377 184.272 199.505 275.28 291.591 216.441 179.412 264.035 213.044 189.91 248.906 247.962 220.676 211.09 216.309 209.111 31.1843 23.0734 29.0363 41.2517 19.0079 20.7987
#pred surv len freq
 7.2051e-027 8.3698e-021 1.79708e-015 5.26372e-011 2.10323e-007 0.000114644 0.00852486 0.0864757 0.119667 0.0230377 0.0181404 0.0939406 0.0692644 0.0269479 0.0780468 0.0500919 0.0547678 0.0537263 0.0527721 0.0508632 0.0504218 0.0499539 0.0526554 0.046056 0.0145311
 7.72206e-027 9.28412e-021 1.99339e-015 5.83873e-011 2.33298e-007 0.000127168 0.00945612 0.0959223 0.13274 0.0255188 0.0187284 0.0967463 0.0712907 0.0265491 0.0757162 0.048634 0.0533492 0.051957 0.0499997 0.0476923 0.0469445 0.0458464 0.046761 0.0417469 0.0142737
 8.40207e-027 1.04874e-020 2.25174e-015 6.59544e-011 2.63534e-007 0.000143649 0.0106816 0.108354 0.149943 0.0288079 0.0204439 0.105477 0.0776557 0.0270066 0.0750213 0.0474238 0.0484954 0.0469514 0.0449567 0.0421285 0.0407534 0.0393203 0.0391584 0.0348978 0.0123796
 8.9124e-027 1.13906e-020 2.44567e-015 7.16346e-011 2.86231e-007 0.000156021 0.0116016 0.117686 0.162857 0.0312829 0.0219662 0.113285 0.083381 0.0283439 0.0779936 0.0485843 0.0462533 0.0435626 0.0392826 0.0363945 0.0346197 0.0326908 0.0319036 0.0280766 0.0100793
 9.30716e-027 1.20894e-020 2.59571e-015 7.60294e-011 3.03791e-007 0.000165593 0.0123133 0.124906 0.172848 0.0331989 0.023191 0.119578 0.0880005 0.0295634 0.0809441 0.0501087 0.0461672 0.0424476 0.0356695 0.0312144 0.0286198 0.0264356 0.025135 0.0217141 0.00777891
 9.50138e-027 1.24333e-020 2.66956e-015 7.81926e-011 3.12435e-007 0.000170304 0.0126637 0.12846 0.177766 0.0341473 0.0240002 0.123779 0.0910906 0.0305599 0.0836225 0.0516769 0.0471636 0.0429535 0.0348705 0.028788 0.0244544 0.0214852 0.0197815 0.0166575 0.00590954
 9.64459e-027 1.26871e-020 2.72403e-015 7.97881e-011 3.1881e-007 0.000173779 0.0129221 0.131081 0.181393 0.0348436 0.0244711 0.126204 0.092877 0.0312059 0.0854423 0.0527365 0.0478104 0.0433933 0.0348017 0.0279562 0.0222603 0.0178826 0.0155162 0.0126184 0.00440985
 9.74105e-027 1.2858e-020 2.76074e-015 8.08632e-011 3.23106e-007 0.000176121 0.0130962 0.132847 0.183837 0.0353105 0.0246987 0.127359 0.0937268 0.0314997 0.0862568 0.0532697 0.0484375 0.0438992 0.034982 0.0278251 0.0214839 0.0159193 0.0124906 0.00959912 0.00328553
 9.80015e-027 1.29628e-020 2.78324e-015 8.15222e-011 3.25739e-007 0.000177556 0.0132029 0.13393 0.185335 0.0355971 0.0248548 0.128155 0.0943102 0.0316233 0.0865124 0.0534419 0.0486666 0.0441514 0.0352633 0.0279277 0.0212928 0.0150775 0.010603 0.00741819 0.00245894
 9.9009e-027 1.31412e-020 2.82155e-015 8.26443e-011 3.30222e-007 0.00018 0.0133847 0.135773 0.187886 0.0360829 0.0250336 0.129045 0.0949584 0.0316547 0.0863822 0.0532592 0.0480099 0.043513 0.03475 0.0275616 0.020949 0.0145265 0.0094053 0.00581664 0.00182789
 9.98097e-027 1.3283e-020 2.852e-015 8.35362e-011 3.33786e-007 0.000181943 0.0135291 0.137238 0.189914 0.0364677 0.0251207 0.129458 0.0952592 0.0316578 0.0862776 0.0531561 0.047727 0.0431325 0.0341633 0.0270624 0.0205834 0.0141818 0.00873432 0.00477002 0.00138415
 1.00019e-026 1.33201e-020 2.85995e-015 8.37692e-011 3.34717e-007 0.00018245 0.0135668 0.137621 0.190444 0.03657 0.0252156 0.129952 0.0956196 0.0316941 0.0862797 0.053166 0.0477773 0.0431486 0.0340636 0.0268138 0.0202987 0.0139685 0.00839055 0.00413839 0.00108898
 1.00305e-026 1.33708e-020 2.87084e-015 8.40882e-011 3.35992e-007 0.000183145 0.0136185 0.138145 0.191169 0.0367127 0.0254463 0.131167 0.0965083 0.0318327 0.0864727 0.0531628 0.0471864 0.0425527 0.0335409 0.0263299 0.0198051 0.0135487 0.00804221 0.00369409 0.000880921
 1.00443e-026 1.33952e-020 2.87609e-015 8.42418e-011 3.36605e-007 0.000183479 0.0136434 0.138398 0.191518 0.0367789 0.0254574 0.131218 0.0965508 0.0320024 0.0871149 0.0535214 0.0473204 0.0425255 0.0331701 0.0259695 0.0194719 0.0132266 0.00777006 0.00341105 0.000748577
 1.0108e-026 1.3508e-020 2.9003e-015 8.4951e-011 3.39439e-007 0.000185024 0.0137582 0.139563 0.193131 0.0370804 0.0253522 0.130613 0.0961057 0.0318439 0.086672 0.0533139 0.0474484 0.0426253 0.0331114 0.0257161 0.0191441 0.0129423 0.00752632 0.00320565 0.000662149
 1.0149e-026 1.35805e-020 2.91586e-015 8.54069e-011 3.41261e-007 0.000186017 0.0138321 0.140312 0.194167 0.0372785 0.0254571 0.131147 0.0964886 0.0316914 0.0859319 0.0528575 0.0470451 0.0423372 0.0330686 0.0256295 0.0189275 0.0126813 0.00731159 0.00304611 0.000603802
 1.00817e-026 1.34614e-020 2.89029e-015 8.4658e-011 3.38268e-007 0.000184386 0.0137108 0.139081 0.192464 0.0369607 0.025589 0.131897 0.0970427 0.031937 0.0866713 0.0532627 0.0471648 0.0424399 0.0332037 0.0258421 0.0190972 0.0126841 0.00723317 0.00296234 0.000570798
 9.99927e-027 1.33155e-020 2.85898e-015 8.37406e-011 3.34603e-007 0.000182388 0.0135622 0.137574 0.190379 0.0365671 0.0255829 0.131919 0.0970689 0.0322342 0.0878162 0.0539721 0.0478129 0.0429622 0.0334548 0.0260488 0.0193197 0.0128322 0.00724106 0.00291901 0.000550961
 9.93423e-027 1.32005e-020 2.83427e-015 8.3017e-011 3.31711e-007 0.000180812 0.013445 0.136385 0.188734 0.0362544 0.0254886 0.131457 0.0967373 0.0323464 0.088382 0.054409 0.0486287 0.0437302 0.0340399 0.0264147 0.0195578 0.0130291 0.00732734 0.00291158 0.000540322
 9.91093e-027 1.31593e-020 2.82542e-015 8.27578e-011 3.30676e-007 0.000180247 0.013403 0.13596 0.188145 0.0361405 0.0253806 0.130895 0.0963262 0.032291 0.0883265 0.0544357 0.0489498 0.0441393 0.0346101 0.0268785 0.0198493 0.0132001 0.00742949 0.00292555 0.000534906
 9.8992e-027 1.31385e-020 2.82098e-015 8.26276e-011 3.30155e-007 0.000179964 0.0133819 0.135746 0.187848 0.0360812 0.0252477 0.130191 0.09581 0.032162 0.088026 0.0543165 0.0491648 0.0444399 0.0350828 0.0274158 0.0203259 0.0134878 0.00758109 0.00297355 0.000537534
 9.8452e-027 1.3043e-020 2.80046e-015 8.20268e-011 3.27755e-007 0.000178655 0.0132847 0.134759 0.186483 0.0358211 0.0251523 0.129716 0.0954622 0.0320893 0.0878797 0.0543109 0.0495719 0.044938 0.0357524 0.0281096 0.0210061 0.0140026 0.00785733 0.00307339 0.000551667
 9.83409e-027 1.30234e-020 2.79625e-015 8.19034e-011 3.27262e-007 0.000178386 0.0132647 0.134556 0.186202 0.0357657 0.0250554 0.129205 0.0950878 0.0320095 0.0877139 0.0542056 0.0494656 0.0449357 0.0360209 0.0285091 0.0214874 0.0144519 0.00813993 0.00317709 0.000567803
 9.87328e-027 1.30927e-020 2.81114e-015 8.23395e-011 3.29004e-007 0.000179336 0.0133353 0.135272 0.187193 0.0359531 0.0250703 0.129259 0.0951221 0.0318738 0.0871724 0.0538376 0.0489709 0.0444567 0.035617 0.028338 0.0215466 0.0146439 0.00832344 0.00325428 0.000580012
 9.92545e-027 1.3185e-020 2.83096e-015 8.29199e-011 3.31324e-007 0.0001806 0.0134293 0.136226 0.188513 0.0362042 0.0251536 0.129671 0.0954194 0.0318171 0.086836 0.0535522 0.0483373 0.0438072 0.0349748 0.0278011 0.0212234 0.0145769 0.00838631 0.00330215 0.000588531
 9.95618e-027 1.32394e-020 2.84263e-015 8.32618e-011 3.3269e-007 0.000181345 0.0134847 0.136788 0.18929 0.0363532 0.025245 0.13014 0.0957616 0.0318517 0.086837 0.0535006 0.0480354 0.0434253 0.0344299 0.0272722 0.0207792 0.0143436 0.00835694 0.00332882 0.000595649
 9.96822e-027 1.32607e-020 2.8472e-015 8.33958e-011 3.33225e-007 0.000181637 0.0135064 0.137008 0.189595 0.0364098 0.0252141 0.129966 0.0956362 0.0318773 0.0869853 0.0536052 0.0481904 0.0435211 0.0343564 0.0270635 0.0205001 0.0141294 0.00829854 0.00335106 0.000604537
 9.99714e-027 1.33118e-020 2.85818e-015 8.37174e-011 3.3451e-007 0.000182337 0.0135585 0.137536 0.190326 0.0365507 0.0253305 0.13057 0.0960743 0.0318516 0.0867159 0.0534069 0.0478589 0.0432086 0.0340931 0.0267683 0.0201461 0.0137945 0.00811008 0.00331302 0.000604375
 1.00073e-026 1.33298e-020 2.86204e-015 8.38303e-011 3.34961e-007 0.000182583 0.0135767 0.137722 0.190583 0.0365968 0.0252396 0.130077 0.0957169 0.0318747 0.0869434 0.0535522 0.048011 0.0433297 0.0341425 0.026795 0.0201074 0.0136671 0.00799244 0.00328425 0.000605985
 1.00012e-026 1.33191e-020 2.85973e-015 8.37628e-011 3.34691e-007 0.000182436 0.0135658 0.137611 0.190429 0.0365695 0.0253021 0.130415 0.0959612 0.0318271 0.0866654 0.0534224 0.0480971 0.0434262 0.0342217 0.0268311 0.0201097 0.0136151 0.00790045 0.00324369 0.000603521
 9.99848e-027 1.33142e-020 2.85869e-015 8.37321e-011 3.34569e-007 0.000182369 0.0135608 0.13756 0.19036 0.0365601 0.0254513 0.131215 0.0965479 0.0319663 0.0869771 0.0535011 0.047622 0.0429835 0.0339463 0.0266223 0.0199369 0.0134704 0.00777082 0.00317297 0.000592268
 9.93763e-027 1.32065e-020 2.83556e-015 8.30548e-011 3.31863e-007 0.000180894 0.0134511 0.136448 0.18882 0.0362706 0.0254893 0.131459 0.096734 0.0322232 0.0879036 0.0540784 0.0481631 0.0433509 0.0339266 0.0266129 0.0199534 0.0134686 0.00774124 0.00314048 0.000585186
 9.929e-027 1.31912e-020 2.83228e-015 8.29588e-011 3.31479e-007 0.000180685 0.0134356 0.13629 0.188602 0.0362281 0.0254363 0.131181 0.0965342 0.0322871 0.0882293 0.0542995 0.0484578 0.043617 0.0340849 0.0265571 0.019827 0.0133938 0.00768393 0.00310027 0.000575012
 9.9162e-027 1.31686e-020 2.82743e-015 8.28166e-011 3.30911e-007 0.000180375 0.0134126 0.136056 0.188278 0.0361637 0.0253036 0.130479 0.0960207 0.0321999 0.088091 0.0543161 0.0489649 0.0441512 0.0346028 0.0269469 0.0200075 0.0134458 0.00770878 0.00309876 0.000571666
 9.91273e-027 1.31625e-020 2.82611e-015 8.27781e-011 3.30757e-007 0.000180291 0.0134063 0.135993 0.188191 0.036146 0.0252581 0.130238 0.0958407 0.0320713 0.0876617 0.0540881 0.0489435 0.0442662 0.0350134 0.0273601 0.0203266 0.0135851 0.00775173 0.00310824 0.000570822
 9.88335e-027 1.31105e-020 2.81495e-015 8.2451e-011 3.2945e-007 0.000179579 0.0133533 0.135456 0.187447 0.0360101 0.0254286 0.131169 0.0965216 0.0321673 0.0877703 0.0540778 0.0485643 0.0439229 0.0348456 0.0274172 0.0205069 0.0137107 0.00777811 0.00310516 0.000568297
 9.78701e-027 1.294e-020 2.77834e-015 8.13787e-011 3.25165e-007 0.000177244 0.0131797 0.133694 0.185009 0.03555 0.0254197 0.131185 0.0965448 0.0324992 0.0890508 0.05486 0.0492252 0.0444389 0.0350608 0.0276247 0.0208011 0.0140113 0.00794117 0.00315197 0.000574707
 9.78034e-027 1.29282e-020 2.77581e-015 8.13048e-011 3.2487e-007 0.000177083 0.0131677 0.133573 0.184841 0.0355127 0.0251992 0.13001 0.0956888 0.0324602 0.0892311 0.0550614 0.0498377 0.0450082 0.0354446 0.027809 0.0209151 0.0141893 0.00809101 0.00320169 0.000581078
 9.77121e-027 1.29121e-020 2.77236e-015 8.12035e-011 3.24465e-007 0.000176862 0.0131513 0.133406 0.184611 0.0354653 0.0250446 0.129189 0.0950825 0.0321969 0.0884456 0.0547322 0.0502968 0.045606 0.036234 0.0284315 0.0213039 0.0144425 0.00829638 0.0032918 0.000595245
 9.83729e-027 1.3029e-020 2.79746e-015 8.19389e-011 3.27404e-007 0.000178464 0.0132704 0.134614 0.186283 0.0357822 0.0251051 0.129469 0.095279 0.0319873 0.0875533 0.0540726 0.0491855 0.0447166 0.0359623 0.0284428 0.021396 0.0144604 0.00832019 0.0033209 0.000600354
 9.84305e-027 1.30392e-020 2.79964e-015 8.20028e-011 3.27659e-007 0.000178603 0.0132808 0.134719 0.186428 0.0358136 0.0252616 0.130302 0.0958875 0.0320646 0.0876167 0.0540274 0.0487341 0.0441561 0.0352485 0.0280931 0.0213781 0.0145179 0.00834267 0.00334258 0.00060614
 9.88539e-027 1.31141e-020 2.81572e-015 8.24738e-011 3.29541e-007 0.000179628 0.013357 0.135493 0.187499 0.0360177 0.0253462 0.130727 0.0962005 0.0321764 0.087928 0.0541126 0.0482894 0.0435976 0.0344747 0.0272894 0.0208187 0.0143129 0.00826211 0.00331448 0.000603258
 9.97318e-027 1.32694e-020 2.84907e-015 8.34505e-011 3.33444e-007 0.000181756 0.0135152 0.137098 0.189719 0.036441 0.0255151 0.131573 0.0968149 0.0321596 0.0876238 0.0538414 0.0476385 0.0428325 0.0334637 0.0262597 0.0198519 0.0136815 0.00798571 0.00321626 0.000586957
 1.01341e-026 1.35542e-020 2.91021e-015 8.52414e-011 3.406e-007 0.000185656 0.0138053 0.14004 0.193791 0.0372156 0.0257711 0.132837 0.0977319 0.0320973 0.0870236 0.053272 0.046163 0.0413034 0.0319053 0.0247748 0.0184914 0.0126264 0.00740518 0.00300902 0.000550999
 1.03657e-026 1.39639e-020 2.99819e-015 8.78183e-011 3.50896e-007 0.000191269 0.0142226 0.144273 0.199649 0.038332 0.0262112 0.135039 0.0993301 0.0320049 0.0860415 0.0523773 0.043959 0.0389631 0.0294075 0.0225649 0.0166063 0.0111686 0.00650552 0.00266199 0.000490385
 1.05113e-026 1.42214e-020 3.05347e-015 8.94374e-011 3.57366e-007 0.000194795 0.0144848 0.146933 0.20333 0.039035 0.026548 0.136745 0.100575 0.0321211 0.0860085 0.0521666 0.0428416 0.0375991 0.0275462 0.0206996 0.0149208 0.00985903 0.00565355 0.00230967 0.000428176
 1.06324e-026 1.44355e-020 3.09945e-015 9.07842e-011 3.62747e-007 0.000197729 0.014703 0.149146 0.206392 0.0396258 0.0270645 0.139429 0.102532 0.0322929 0.0859158 0.0518729 0.0414334 0.0360415 0.0257492 0.0188753 0.0131913 0.00849074 0.00476494 0.00192422 0.000357457
 1.06155e-026 1.44057e-020 3.09304e-015 9.05964e-011 3.61997e-007 0.00019732 0.0146725 0.148837 0.205965 0.0395507 0.0272778 0.140581 0.103387 0.0327771 0.0874649 0.0527228 0.0416782 0.0359972 0.0250884 0.0180079 0.0121921 0.00756236 0.0041127 0.00162672 0.000300584
 1.07252e-026 1.45996e-020 3.13468e-015 9.1816e-011 3.6687e-007 0.000199976 0.0148701 0.150841 0.208738 0.0400805 0.0275433 0.14193 0.104369 0.0328116 0.0872169 0.0524144 0.0406492 0.0349067 0.0239243 0.0168366 0.0110663 0.00660453 0.00343984 0.00131772 0.000240074
 1.07464e-026 1.46371e-020 3.14273e-015 9.2052e-011 3.67813e-007 0.00020049 0.0149083 0.151229 0.209274 0.0401831 0.0275979 0.142207 0.104576 0.0329574 0.087703 0.0526981 0.0408199 0.0349168 0.0235533 0.016351 0.0104945 0.00603914 0.00299752 0.00109751 0.000195092
 1.07489e-026 1.46415e-020 3.14367e-015 9.20794e-011 3.67922e-007 0.00020055 0.0149127 0.151274 0.209337 0.0402032 0.0279233 0.143947 0.105846 0.0330849 0.0877069 0.0526121 0.0403193 0.0344166 0.0230961 0.0158513 0.00997995 0.00557666 0.00264087 0.000915368 0.000156831
 1.07152e-026 1.45818e-020 3.13087e-015 9.17044e-011 3.66424e-007 0.000199733 0.014852 0.150658 0.208484 0.0400449 0.0280236 0.144505 0.106265 0.0334465 0.0889476 0.0532626 0.0403453 0.0343133 0.0227962 0.0155644 0.00968658 0.00528585 0.00240438 0.000786555 0.000128448
 1.08786e-026 1.48709e-020 3.19294e-015 9.35225e-011 3.73688e-007 0.000203693 0.0151464 0.153645 0.212617 0.0408248 0.0280303 0.144434 0.106203 0.0331623 0.0878649 0.0524933 0.0391612 0.0331285 0.0216603 0.0146461 0.00902457 0.00485268 0.00213726 0.000662421 0.000102393
 1.10549e-026 1.51829e-020 3.25992e-015 9.54844e-011 3.81527e-007 0.000207966 0.0154642 0.156868 0.217078 0.0416722 0.0282668 0.145583 0.107025 0.0327705 0.0860229 0.0512387 0.0374654 0.0315069 0.0202581 0.0135161 0.00819862 0.00434989 0.00187311 0.000554599 8.1077e-005
 1.11519e-026 1.53545e-020 3.29677e-015 9.65638e-011 3.8584e-007 0.000210317 0.015639 0.158641 0.219531 0.0421408 0.0284879 0.146702 0.107837 0.0327274 0.0855382 0.0507746 0.0362512 0.0302795 0.0191071 0.0125705 0.00748363 0.00389667 0.00164578 0.000470423 6.53649e-005
 1.11872e-026 1.54168e-020 3.31014e-015 9.69554e-011 3.87405e-007 0.00021117 0.0157024 0.159284 0.220422 0.0423191 0.0288938 0.148851 0.109404 0.0328643 0.0854621 0.0505533 0.0352106 0.0291673 0.0179492 0.0116133 0.0067719 0.00344849 0.00142334 0.000395295 5.26621e-005
 1.12014e-026 1.5442e-020 3.31555e-015 9.7114e-011 3.88039e-007 0.000211515 0.0157281 0.159545 0.220782 0.0423877 0.0289174 0.148968 0.109498 0.0331208 0.0864196 0.0510335 0.0351012 0.0288938 0.0173731 0.0110189 0.00626161 0.0031094 0.00124908 0.000337037 4.33818e-005
 1.12955e-026 1.56085e-020 3.35131e-015 9.81612e-011 3.92223e-007 0.000213796 0.0158977 0.161265 0.223163 0.0428352 0.0288522 0.148557 0.109191 0.0328788 0.0855983 0.0505565 0.0348129 0.0285816 0.0169483 0.01057 0.00584503 0.00281508 0.00109602 0.00028644 3.57314e-005
 1.13636e-026 1.5729e-020 3.37718e-015 9.89189e-011 3.95251e-007 0.000215446 0.0160204 0.16251 0.224886 0.0431615 0.0289045 0.148792 0.109354 0.0326549 0.0846656 0.0499751 0.034265 0.0281257 0.0166852 0.0103217 0.00559479 0.00261149 0.000980042 0.000246951 2.98249e-005
 1.13632e-026 1.57283e-020 3.37702e-015 9.89145e-011 3.95233e-007 0.000215437 0.0160197 0.162503 0.224876 0.0431633 0.0290514 0.149578 0.109928 0.0327106 0.0846593 0.0499094 0.0339095 0.0277827 0.0164245 0.0101554 0.00547159 0.00249685 0.000902593 0.000218072 2.54047e-005
 1.13837e-026 1.57644e-020 3.38477e-015 9.91415e-011 3.9614e-007 0.000215931 0.0160565 0.162876 0.225392 0.0432721 0.029498 0.151953 0.111659 0.0328108 0.0843764 0.0495235 0.0325482 0.0264804 0.0154292 0.00948782 0.00509546 0.00230661 0.000810647 0.000187475 2.09592e-005
 1.14702e-026 1.59174e-020 3.41763e-015 1.00104e-010 3.99985e-007 0.000218027 0.0162123 0.164457 0.227579 0.0436889 0.0296594 0.15276 0.112248 0.0328845 0.0844299 0.0493242 0.0312446 0.0251256 0.0141437 0.00855776 0.00453971 0.00204358 0.000708292 0.00015797 1.68989e-005
 1.15136e-026 1.59943e-020 3.43413e-015 1.00587e-010 4.01917e-007 0.00021908 0.0162906 0.165251 0.228679 0.0438969 0.0296827 0.152856 0.112317 0.0328662 0.0843323 0.0492631 0.0311791 0.0249113 0.0135632 0.00798661 0.00410943 0.00182062 0.00062477 0.000136175 1.39971e-005
 1.14895e-026 1.59516e-020 3.42497e-015 1.00319e-010 4.00845e-007 0.000218495 0.0162472 0.16481 0.228068 0.0437799 0.0296108 0.152487 0.112052 0.0329475 0.0847516 0.0495849 0.0317699 0.0254341 0.0138543 0.00800967 0.00396978 0.00169798 0.000570907 0.000122425 1.22167e-005
 1.16374e-026 1.62134e-020 3.48118e-015 1.01965e-010 4.07423e-007 0.000222081 0.0165138 0.167515 0.231811 0.0444893 0.0297405 0.153084 0.112469 0.0324755 0.0827548 0.0482503 0.0300845 0.0240186 0.0131292 0.0075945 0.00371341 0.00152631 0.000493411 0.000103364 1.00937e-005
 1.16356e-026 1.62102e-020 3.48049e-015 1.01945e-010 4.07342e-007 0.000222037 0.0165105 0.167482 0.231765 0.0444839 0.0298686 0.153771 0.112972 0.0325785 0.0829593 0.0483114 0.0298229 0.0236801 0.012678 0.00731353 0.00358227 0.00145054 0.000449317 9.04454e-005 8.62219e-006
 1.16885e-026 1.63037e-020 3.50057e-015 1.02533e-010 4.09692e-007 0.000223318 0.0166057 0.168448 0.233102 0.0447326 0.029731 0.152999 0.112409 0.0324985 0.0828657 0.0482427 0.0297046 0.0235378 0.0124761 0.00709882 0.00342942 0.00138648 0.000420522 8.08926e-005 7.43908e-006
 1.19384e-026 1.67459e-020 3.59551e-015 1.05314e-010 4.20804e-007 0.000229375 0.0170561 0.173016 0.239424 0.0459312 0.0299604 0.154063 0.113152 0.0316557 0.0793018 0.0459229 0.0270479 0.0212545 0.0111195 0.00626883 0.0029808 0.00118611 0.000356647 6.65804e-005 5.86434e-006
 1.21677e-026 1.71517e-020 3.68263e-015 1.07866e-010 4.31e-007 0.000234933 0.0174694 0.177209 0.245226 0.0470274 0.0300299 0.154283 0.113292 0.0310921 0.0770536 0.0443564 0.024777 0.0191771 0.00962142 0.00532986 0.00249763 0.000976768 0.000288688 5.29747e-005 4.50507e-006
 1.2304e-026 1.73928e-020 3.73441e-015 1.09383e-010 4.37061e-007 0.000238236 0.0177151 0.179701 0.248674 0.0476879 0.0304249 0.156306 0.114749 0.0306802 0.0748886 0.0428955 0.0228674 0.0174194 0.00829036 0.00442935 0.00200005 0.000766853 0.000222101 3.99756e-005 3.31915e-006
 1.23227e-026 1.74258e-020 3.74148e-015 1.0959e-010 4.37888e-007 0.000238687 0.0177486 0.180041 0.249145 0.0477893 0.0309176 0.15893 0.116661 0.0307816 0.0745406 0.0424526 0.0213757 0.0160142 0.00726559 0.00372759 0.0015911 0.00058376 0.000164474 2.8936e-005 2.35173e-006
 1.25419e-026 1.78137e-020 3.82479e-015 1.1203e-010 4.47637e-007 0.000244001 0.0181438 0.184049 0.254692 0.0488343 0.03086 0.158478 0.116313 0.0302349 0.072547 0.0410745 0.0194242 0.0142651 0.00609018 0.00299523 0.00120715 0.000415926 0.00011123 1.89504e-005 1.50441e-006
 1.27707e-026 1.82186e-020 3.91172e-015 1.14576e-010 4.57812e-007 0.000249547 0.0185561 0.188232 0.260481 0.0499368 0.0312701 0.160521 0.117765 0.0292695 0.0682356 0.0383721 0.0168073 0.012053 0.00480677 0.00224542 0.000846135 0.000272876 6.78753e-005 1.09414e-005 8.41151e-007
 1.27469e-026 1.81765e-020 3.90268e-015 1.14311e-010 4.56754e-007 0.000248971 0.0185133 0.187797 0.259879 0.0498251 0.0313428 0.160926 0.11807 0.0295959 0.069382 0.0389217 0.0165367 0.0116935 0.00438628 0.00194515 0.000679314 0.000202954 4.65378e-005 6.93897e-006 5.06336e-007
 1.28754e-026 1.84039e-020 3.95149e-015 1.15741e-010 4.62466e-007 0.000252084 0.0187448 0.190146 0.263129 0.0504422 0.031499 0.161677 0.118596 0.0290224 0.0669515 0.0374335 0.0152629 0.0106512 0.00384428 0.00163579 0.000530676 0.00014582 3.04666e-005 4.14059e-006 2.80182e-007
 1.28199e-026 1.83055e-020 3.93037e-015 1.15122e-010 4.59995e-007 0.000250737 0.0186446 0.18913 0.261723 0.0501922 0.0320955 0.164905 0.120948 0.0291314 0.0664659 0.0370118 0.0143071 0.00982115 0.003405 0.00140305 0.000432233 0.000110003 2.08049e-005 2.54273e-006 1.5655e-007
 1.27772e-026 1.82298e-020 3.91412e-015 1.14646e-010 4.58093e-007 0.0002497 0.0185675 0.188348 0.260641 0.0499994 0.0325432 0.167328 0.122717 0.0293226 0.0665227 0.0368741 0.0133584 0.00897488 0.00294627 0.00116675 0.000342627 8.24456e-005 1.42787e-005 1.55891e-006 8.59425e-008
 1.32623e-026 1.90885e-020 4.09848e-015 1.20046e-010 4.79669e-007 0.000261462 0.0194421 0.197219 0.272917 0.0523009 0.0319756 0.163972 0.120211 0.0274755 0.0603157 0.0331762 0.0106799 0.00689869 0.0020968 0.000783605 0.000215901 4.91485e-005 7.9447e-006 7.84306e-007 3.84094e-008
 1.35322e-026 1.95662e-020 4.20106e-015 1.23051e-010 4.91675e-007 0.000268006 0.0199287 0.202156 0.279748 0.0535778 0.0315154 0.161332 0.118254 0.0264266 0.0569985 0.0312943 0.00978222 0.00620973 0.00172383 0.000597099 0.000150816 3.1901e-005 4.80561e-006 4.36947e-007 1.91939e-008
 1.35671e-026 1.96279e-020 4.21431e-015 1.23439e-010 4.93226e-007 0.000268851 0.0199916 0.202793 0.28063 0.0537535 0.0318783 0.163251 0.119635 0.0260159 0.0548725 0.0300552 0.00903112 0.00565159 0.00152683 0.000504852 0.000114665 2.19806e-005 3.01957e-006 2.52715e-007 1.01242e-008
 1.35841e-026 1.96578e-020 4.22071e-015 1.23627e-010 4.93975e-007 0.00026926 0.0200219 0.203101 0.281056 0.0538538 0.0326571 0.167406 0.12264 0.0255332 0.0518396 0.0281922 0.00742087 0.0044203 0.00113447 0.000360056 7.79579e-005 1.3575e-005 1.65331e-006 1.24582e-007 4.55504e-009
 1.34758e-026 1.94661e-020 4.17957e-015 1.22421e-010 4.8916e-007 0.000266635 0.0198268 0.201122 0.278317 0.0533493 0.0331415 0.170069 0.124591 0.0259461 0.0526874 0.0285461 0.0069304 0.00396464 0.000914354 0.000264823 5.38887e-005 8.87771e-006 9.7984e-007 6.48404e-008 2.11911e-009
 1.35534e-026 1.96033e-020 4.20903e-015 1.23284e-010 4.92608e-007 0.000268514 0.0199665 0.202539 0.280278 0.0537182 0.0330962 0.169775 0.124366 0.0256131 0.0514811 0.0278337 0.00644716 0.00359601 0.000772841 0.000204722 3.66735e-005 5.52368e-006 5.6667e-007 3.37649e-008 9.675e-010
 1.34585e-026 1.94354e-020 4.17296e-015 1.22228e-010 4.88386e-007 0.000266213 0.0197954 0.200803 0.277877 0.053269 0.0332476 0.170648 0.125015 0.0260399 0.0528871 0.0286156 0.00673556 0.00377553 0.000788004 0.000199482 3.24933e-005 4.3145e-006 3.91567e-007 2.1313e-008 5.46822e-010
 1.34387e-026 1.94003e-020 4.16544e-015 1.22008e-010 4.87507e-007 0.000265734 0.0197598 0.200442 0.277376 0.0531745 0.0332447 0.170645 0.125017 0.0261478 0.0533047 0.0288535 0.00685263 0.00385887 0.000813756 0.00020639 3.22253e-005 3.942e-006 3.12071e-007 1.48169e-008 3.41997e-010
 1.34509e-026 1.94221e-020 4.17011e-015 1.22144e-010 4.88053e-007 0.000266031 0.0197819 0.200666 0.277687 0.0532288 0.0330752 0.16973 0.124353 0.0261975 0.0537537 0.0291202 0.00703788 0.00399497 0.000850026 0.000217899 3.43346e-005 4.10397e-006 2.99494e-007 1.23959e-008 2.47936e-010
 1.33499e-026 1.92432e-020 4.1317e-015 1.21019e-010 4.83558e-007 0.000263581 0.0195997 0.198818 0.275129 0.052755 0.0334156 0.171618 0.125736 0.0264686 0.0542736 0.0294208 0.00721486 0.0041242 0.000889807 0.000231439 3.69139e-005 4.45844e-006 3.20733e-007 1.22973e-008 2.15067e-010
 1.3387e-026 1.93088e-020 4.14579e-015 1.21432e-010 4.85206e-007 0.00026448 0.0196665 0.199496 0.276067 0.0529428 0.0338431 0.17388 0.127364 0.0259829 0.051761 0.0279542 0.00631583 0.00348352 0.000748001 0.000194456 3.14758e-005 3.85556e-006 2.80611e-007 1.06298e-008 1.7328e-010
 1.34152e-026 1.93587e-020 4.15651e-015 1.21746e-010 4.86461e-007 0.000265164 0.0197174 0.200012 0.276781 0.053071 0.0335886 0.1725 0.126365 0.0261108 0.0526407 0.0284025 0.00625746 0.00339735 0.000689444 0.000169895 2.73348e-005 3.37496e-006 2.49754e-007 9.5731e-009 1.54317e-010
 1.37332e-026 1.99217e-020 4.27738e-015 1.25286e-010 5.00607e-007 0.000272875 0.0202907 0.205828 0.28483 0.0545692 0.0327962 0.168052 0.123087 0.0248978 0.0491974 0.0265263 0.0057633 0.00310329 0.000614876 0.000145819 2.19148e-005 2.61252e-006 1.93759e-007 7.5402e-009 1.22975e-010
 1.36338e-026 1.97456e-020 4.23958e-015 1.24179e-010 4.96183e-007 0.000270463 0.0201114 0.204009 0.282313 0.054109 0.0333723 0.171199 0.125379 0.02497 0.048596 0.026195 0.00566803 0.00304473 0.000599662 0.000140529 2.04053e-005 2.29387e-006 1.60856e-007 6.20834e-009 1.02496e-010
 1.36756e-026 1.98196e-020 4.25546e-015 1.24644e-010 4.98042e-007 0.000271476 0.0201868 0.204773 0.28337 0.0543071 0.0333163 0.170872 0.125136 0.0248432 0.0481962 0.0259269 0.00532522 0.00278427 0.000543378 0.000125983 1.80928e-005 1.98082e-006 1.31211e-007 4.77017e-009 7.72469e-011
 1.38275e-026 2.00886e-020 4.31321e-015 1.26336e-010 5.04801e-007 0.00027516 0.0204607 0.207552 0.287216 0.0550164 0.0326803 0.16737 0.122577 0.0244875 0.0478016 0.0257284 0.005354 0.00281244 0.000531 0.000118452 1.67903e-005 1.81554e-006 1.17331e-007 4.04756e-009 6.17818e-011
 1.35938e-026 1.96748e-020 4.22436e-015 1.23733e-010 4.94402e-007 0.000269492 0.0200392 0.203277 0.2813 0.0539193 0.0334252 0.171508 0.12561 0.0251652 0.0492637 0.0265637 0.00578989 0.00311585 0.000597602 0.000134588 1.83436e-005 1.92507e-006 1.22449e-007 4.12206e-009 5.99736e-011
 1.34663e-026 1.94491e-020 4.17591e-015 1.22314e-010 4.88731e-007 0.000266401 0.0198094 0.200945 0.278073 0.0533337 0.034331 0.176438 0.129197 0.0252192 0.0480912 0.0258389 0.00515208 0.00265063 0.000516183 0.000118672 1.64098e-005 1.6962e-006 1.03703e-007 3.41296e-009 4.84362e-011
 1.24877e-026 1.77163e-020 3.80386e-015 1.11417e-010 4.45188e-007 0.000242667 0.0180445 0.183042 0.253299 0.0487569 0.0381325 0.197419 0.144549 0.0278616 0.0524294 0.0280778 0.00510802 0.00247712 0.000448783 9.53866e-005 1.33717e-005 1.40769e-006 8.58136e-008 2.72937e-009 3.76354e-011
 1.17018e-026 1.6325e-020 3.50514e-015 1.02667e-010 4.10227e-007 0.00022361 0.0166274 0.168668 0.233408 0.0450547 0.0401106 0.208519 0.152737 0.0311323 0.0619598 0.0330964 0.00547916 0.00247818 0.0004164 7.87501e-005 1.00323e-005 1.01108e-006 6.26615e-008 1.99837e-009 2.68416e-011
 1.99914e-026 3.10012e-020 6.65627e-015 1.94965e-010 7.79023e-007 0.000424635 0.0315756 0.320301 0.443236 0.0839551 0.0132685 0.0594636 0.043391 0.00432058 6.14838e-005 1.59135e-006 1.06615e-007 1.04556e-009 1.42326e-012 8.22665e-016 2.32742e-017 1.7084e-018 9.44974e-020 2.98198e-021 4.02084e-023
 2.09312e-026 3.26655e-020 7.0136e-015 2.05431e-010 8.20843e-007 0.000447431 0.0332706 0.337495 0.46703 0.0883339 0.00895179 0.0357517 0.0260858 0.00259701 3.52792e-005 6.94521e-008 3.11386e-010 2.89243e-012 3.86881e-015 7.06108e-019 1.75836e-023 2.53788e-027 2.47489e-027 2.47308e-027 2.47179e-027
 2.06987e-026 3.22537e-020 6.92518e-015 2.02841e-010 8.10495e-007 0.00044179 0.0328512 0.333241 0.461142 0.0872503 0.0100201 0.0416199 0.0303684 0.00302338 4.10897e-005 9.06033e-008 1.06335e-009 1.02406e-011 1.36993e-014 2.5003e-018 6.22509e-023 2.68955e-027 2.47506e-027 2.47318e-027 2.47187e-027
 2.03294e-026 3.15997e-020 6.78478e-015 1.98729e-010 7.94062e-007 0.000432833 0.0321852 0.326484 0.451793 0.0855298 0.0117164 0.0509378 0.0371688 0.00370041 5.03229e-005 1.27793e-007 2.51645e-009 2.44495e-011 3.27081e-014 5.96965e-018 1.48629e-022 2.98467e-027 2.47533e-027 2.47336e-027 2.47199e-027
 2.09699e-026 3.27339e-020 7.02829e-015 2.05862e-010 8.22563e-007 0.000448369 0.0333403 0.338202 0.468009 0.0885139 0.00877425 0.0347765 0.0253741 0.00252616 3.43298e-005 7.45146e-008 8.03059e-010 7.7188e-012 1.03257e-014 1.88457e-018 4.69218e-023 2.63723e-027 2.47486e-027 2.47306e-027 2.47178e-027
 2.14437e-026 3.35728e-020 7.20842e-015 2.11138e-010 8.43644e-007 0.00045986 0.0341948 0.34687 0.480003 0.0907212 0.00659802 0.0228224 0.0166498 0.0016576 2.25164e-005 4.36207e-008 1.47808e-010 1.34657e-012 1.80099e-015 3.28703e-019 8.18597e-024 2.50485e-027 2.47452e-027 2.47284e-027 2.47163e-027
#obs surv len freq
 nan nan nan nan nan nan nan nan nan nan nan nan nan nan nan nan nan nan nan nan nan nan nan nan nan
 4.91074e-027 7.72912e-021 1.65953e-015 4.86081e-011 1.94224e-007 0.000105869 0.00787234 0.0798564 0.110508 0.0213176 0.0184473 0.0958196 0.0706602 0.0277759 0.0807218 0.0515639 0.0552054 0.0534576 0.0510376 0.0495014 0.0502767 0.0512597 0.0541922 0.0512503 0.0191704
 5.27869e-027 8.30825e-021 1.78387e-015 5.22501e-011 2.08777e-007 0.000113801 0.00846219 0.0858398 0.118788 0.0229157 0.0198609 0.103167 0.0760781 0.0298941 0.0868614 0.0552892 0.0582115 0.0548984 0.0484397 0.0439303 0.0424086 0.0424145 0.0445814 0.0421016 0.015744
 5.54072e-027 8.72067e-021 1.87242e-015 5.48438e-011 2.1914e-007 0.00011945 0.00888225 0.0901008 0.124684 0.0240515 0.0207802 0.107933 0.0795936 0.0313143 0.0910261 0.0579375 0.0609748 0.0572271 0.049366 0.041987 0.0370751 0.0348171 0.0358366 0.0336995 0.0125941
 5.6974e-027 8.96727e-021 1.92537e-015 5.63947e-011 2.25337e-007 0.000122828 0.00913342 0.0926487 0.12821 0.0247332 0.0214296 0.111315 0.082085 0.032218 0.0935784 0.0595833 0.0628077 0.0589539 0.0507705 0.0424408 0.0351247 0.0296883 0.0286751 0.0265699 0.00991165
 5.79744e-027 9.12473e-021 1.95918e-015 5.7385e-011 2.29294e-007 0.000124985 0.0092938 0.0942756 0.130461 0.0251677 0.0218158 0.113322 0.0835678 0.0328674 0.0955299 0.0607821 0.063866 0.0599486 0.0516636 0.0431235 0.0350039 0.0272307 0.0234568 0.0207894 0.00770853
 5.85758e-027 9.21937e-021 1.9795e-015 5.79802e-011 2.31672e-007 0.000126281 0.0093902 0.0952534 0.131815 0.0254284 0.0220282 0.114423 0.0843804 0.0332033 0.0965229 0.0614541 0.0647583 0.0607548 0.0522527 0.0436314 0.0353311 0.0265356 0.0203102 0.0164224 0.0059781
 5.90921e-027 9.30065e-021 1.99695e-015 5.84913e-011 2.33715e-007 0.000127395 0.00947298 0.0960931 0.132977 0.0256507 0.0221463 0.115025 0.0848235 0.0333623 0.0969705 0.0617476 0.0651104 0.0611424 0.0527112 0.0439627 0.0355672 0.0264549 0.0186909 0.0133182 0.00464605
 5.91689e-027 9.31273e-021 1.99954e-015 5.85673e-011 2.34018e-007 0.00012756 0.00948528 0.096218 0.133149 0.0256869 0.0222886 0.115782 0.0853786 0.0334956 0.0972747 0.0619402 0.0653099 0.0613487 0.0529536 0.0442546 0.0358149 0.0265515 0.0179803 0.0112934 0.00366637
 5.93394e-027 9.33957e-021 2.00531e-015 5.87361e-011 2.34693e-007 0.000127928 0.00951262 0.0964953 0.133533 0.0257596 0.0223027 0.115847 0.0854314 0.0336423 0.0978232 0.0622426 0.0654073 0.0614106 0.052975 0.0443023 0.0359193 0.026627 0.0176514 0.0100211 0.00296784
 5.94333e-027 9.35435e-021 2.00848e-015 5.8829e-011 2.35064e-007 0.00012813 0.00952767 0.0966479 0.133744 0.0258 0.0223215 0.115943 0.0854999 0.0336172 0.0977011 0.0622316 0.065707 0.0616675 0.0530782 0.0443634 0.0359875 0.0267201 0.0175385 0.0092739 0.00250171
 5.96276e-027 9.38492e-021 2.01504e-015 5.90213e-011 2.35832e-007 0.000128549 0.00955881 0.0969639 0.134181 0.0258841 0.0223856 0.116274 0.0857433 0.0336799 0.0978495 0.0622719 0.0654977 0.0614998 0.0530331 0.044243 0.0358245 0.0266092 0.0173962 0.0087855 0.00218941
 5.96804e-027 9.39324e-021 2.01683e-015 5.90736e-011 2.36041e-007 0.000128663 0.00956728 0.0970498 0.1343 0.0259081 0.0224491 0.116611 0.085991 0.0337647 0.098083 0.0624008 0.0655375 0.0614536 0.0528105 0.0440951 0.0356819 0.0264516 0.0172516 0.00847226 0.00199187
 5.97066e-027 9.39735e-021 2.01771e-015 5.90995e-011 2.36145e-007 0.000128719 0.00957148 0.0970923 0.134359 0.0259195 0.0224601 0.116668 0.0860349 0.0338316 0.0983261 0.0625494 0.0656633 0.0615424 0.0527961 0.0439584 0.0355309 0.026321 0.0171138 0.00826314 0.00186921
 5.96746e-027 9.39232e-021 2.01663e-015 5.90678e-011 2.36018e-007 0.00012865 0.00956635 0.0970403 0.134287 0.0259043 0.0223951 0.116322 0.0857807 0.0337516 0.0981148 0.0624782 0.0658872 0.0618183 0.0531456 0.0442326 0.035672 0.0263816 0.0171158 0.00817249 0.00180434
 5.97367e-027 9.4021e-021 2.01873e-015 5.91293e-011 2.36264e-007 0.000128784 0.00957631 0.0971413 0.134427 0.025931 0.0224102 0.116399 0.0858349 0.0337052 0.097913 0.0623421 0.0657116 0.0617133 0.0532234 0.0443759 0.0357986 0.0264137 0.0170927 0.0081003 0.0017612
 5.95685e-027 9.37561e-021 2.01305e-015 5.89628e-011 2.35598e-007 0.000128421 0.00954933 0.0968677 0.134048 0.0258603 0.0224389 0.116563 0.0859554 0.0337461 0.0980252 0.0623912 0.0656588 0.0616564 0.0531925 0.0444614 0.035969 0.0265467 0.0171309 0.00807229 0.00173776
