SBPRF35
0.224663
Curr Bio
26926.1
B35
69117
F35
0.494317
FOFL
0.382511
OFL
20256.3
Bzero
64189.3
#pred survey bio
 5880.14 6768.59 7942.38 9827.86 12450.9 14431.6 14334.8 13819.7 22158.1 35892.1 36566.4 41022.6 64575.5 74509 65356.2 56623.9 54847.7 54900.5 52306.1 56031.9 58317.4 62236.7 72883.9 74544.9 75660.2 78516.1 72083 64475.7 67030.6 3.62832e+06 2.31206e+06 1.88186e+06 1.4045e+06 1.09886e+06 933202 848664 806205 784649 773379 767242 763744 761662 760377 759559 759027 758679 758449 758296 758193 758123 758077 758045 758024 758010 758000 757993 757989 757986 757984 757983 757982 757981 757981 757980 757980 757980 757980 757980 757980 757980 757980 757980 757980 757980 757980 757980 757980 757980 757980 757980 757980 757980 757980 757980 757980 757980 757980 757980 757980 757980 757980 757980 757980 757980 757980 757980 757980 757980 757980 757980 757980 757980 757980 757980 757980 757980 757980 757980 757980 757980 757980 757980 757980 757980 757980 757980 757980 757980 757980 757980 757980 757980 757980 757980 757980 757980 757980 757980 757980 0 0 0 0 0 0 0 0 0 0 0 0 0 0 0 0 0 0 0 0 0 0 0 0 0
#obs survey bio
 4777.44 8017.08 6186.56 13260.8 19628.3 15782.5 12636.3 19470.3 36887.4 40262.5 43940.3 70075.1 73669.7 51475.3 56723.4 47572.3 58254.3 79179.6 50301.6 42512 72344.4 91143.7 80270.8 66765.3 77288 71896.3 69681 89331.2 84004.8
#pred catch bio
 2768.46 3493.21 4057.63 4971.35 6397.46 7666.85 8824.27 7608.33 7601.71 19584.9 23421.4 18019.6 34448.5 46716.7 42657.9 36945.6 33771.6 35521.7 30616.7 33889.5 35989.9 32762.5 43436 45331.4 42993.3 48581.7 47904.3 40378.3 14494.3 20256.3 30944.3 25902.9 18310.9 13545.4 11113.7 9969.29 9454.17 9228.71 9131.84 9090.74 9073.44 9066.21 9063.2 9061.94 9061.43 9061.21 9061.12 9061.09 9061.07 9061.06 9061.06 9061.06 9061.06 9061.06 9061.06 9061.06 9061.06 9061.06 9061.06 9061.06 9061.06 9061.06 9061.06 9061.06 9061.06 9061.06 9061.06 9061.06 9061.06 9061.06 9061.06 9061.06 9061.06 9061.06 9061.06 9061.06 9061.06 9061.06 9061.06 9061.06 9061.06 9061.06 9061.06 9061.06 9061.06 9061.06 9061.06 9061.06 9061.06 9061.06 9061.06 9061.06 9061.06 9061.06 9061.06 9061.06 9061.06 9061.06 9061.06 9061.06 9061.06 9061.06 9061.06 9061.06 9061.06 9061.06 9061.06 9061.06 9061.06 9061.06 9061.06 9061.06 9061.06 9061.06 9061.06 9061.06 9061.06 9061.06 9061.06 9061.06 9061.06 9061.06 9061.06 9061.06 9061.06 9061.06 9061.06 9061.06 9061.06 0 0 0 0 0 0 0 0 0 0 0 0 0 0 0 0 0 0 0 0 0 0 0 0 0
#obs catch bio
 3651.36 3523.09 4100.18 4953.6 6311.22 7586.45 9072.3 7742.51 7385.73 18747.3 23845.5 17297.1 33456.3 47311.9 43647.4 39197.2 33702.6 35859.5 30845.2 34109.6 36508.9 31848.8 43430.8 44527.9 42376.2 49061 48514.3 40207.8 14339.1
#pred cpue bio
 3986.86 4354.51 4961.47 6060.49 7650.37 9223.55 9676.71 8469.01 11747.8 22799.9 24039.4 22942.3 38431.6 47249.9 42456.2 35541.2 32970.2 34324.9 31940.8 34798.1 35808.7 37373.2 46071.3 46371.6 46859.4 50256.8 46010.9 39498 40401.5 2.53786e+06 1.95061e+06 1.71761e+06 1.2612e+06 954951 788844 704209 661733 640175 628905 622767 619269 617188 615902 615084 614553 614205 613974 613821 613718 613649 613602 613571 613549 613535 613525 613519 613514 613511 613509 613508 613507 613506 613506 613506 613505 613505 613505 613505 613505 613505 613505 613505 613505 613505 613505 613505 613505 613505 613505 613505 613505 613505 613505 613505 613505 613505 613505 613505 613505 613505 613505 613505 613505 613505 613505 613505 613505 613505 613505 613505 613505 613505 613505 613505 613505 613505 613505 613505 613505 613505 613505 613505 613505 613505 613505 613505 613505 613505 613505 613505 613505 613505 613505 613505 613505 613505 613505 613505 613505 0 0 0 0 0 0 0 0 0 0 0 0 0 0 0 0 0 0 0 0 0 0 0 0 0
#obs cpue bio
 3849.1 3384.52 4287.57 6450.76 6343.51 7916.38 5890.47 7112.93 13953.5 33485.9 15710.5 37287 31556.9 41470.3 29261 17893.1 38701.2 22354 26056.7 38420.5 29430 45034.3 37452.2 78853 45736.4 43371.5 44574.3 44711.3 30570.6
#pred surv len freq
 2.14419e-27 2.16984e-27 6.28141e-27 1.40676e-21 8.36653e-17 1.14397e-12 3.5961e-09 2.59891e-06 0.000431805 0.0164947 0.144857 0.292471 0.136279 0.0284029 0.08534 0.1199 0.0476105 0.0349325 0.029987 0.0180833 0.0137479 0.0105143 0.00954158 0.00811796 0.0032866
 2.14305e-27 2.16773e-27 6.09152e-27 1.3424e-21 7.98376e-17 1.09164e-12 3.43157e-09 2.48001e-06 0.00041205 0.01574 0.13823 0.279091 0.130208 0.0314519 0.10799 0.151708 0.0576728 0.0347913 0.027162 0.0111402 0.00604117 0.00346105 0.00242475 0.00177762 0.000695346
 2.14372e-27 2.1696e-27 6.30302e-27 1.41419e-21 8.4107e-17 1.15001e-12 3.61508e-09 2.61263e-06 0.000434085 0.0165817 0.145622 0.294016 0.13708 0.0307128 0.0989809 0.13909 0.0544367 0.0374279 0.0290591 0.0100398 0.00401355 0.00142481 0.000620049 0.000338842 0.00012001
 2.14383e-27 2.16984e-27 6.32591e-27 1.42193e-21 8.45675e-17 1.15631e-12 3.63488e-09 2.62694e-06 0.000436461 0.0166725 0.146419 0.295625 0.137841 0.031153 0.101183 0.142103 0.0542689 0.03345 0.0258921 0.00962436 0.00390716 0.0010673 0.000256765 7.6474e-05 2.11096e-05
 2.14391e-27 2.17005e-27 6.34823e-27 1.4295e-21 8.50178e-17 1.16247e-12 3.65423e-09 2.64092e-06 0.000438785 0.0167613 0.147199 0.297199 0.138566 0.0310944 0.100351 0.14094 0.0539902 0.0337475 0.0259298 0.00903449 0.00352132 0.000991674 0.000198088 2.98842e-05 4.51476e-06
 2.14248e-27 2.16654e-27 5.97742e-27 1.30372e-21 7.75372e-17 1.06018e-12 3.3327e-09 2.40855e-06 0.000400177 0.0152865 0.134247 0.271051 0.12652 0.0322239 0.115127 0.161791 0.0616722 0.0376492 0.0288496 0.0100673 0.00385981 0.00103 0.000197661 2.41288e-05 1.87695e-06
 2.14081e-27 2.16254e-27 5.56821e-27 1.16497e-21 6.92855e-17 9.47355e-13 2.97802e-09 2.15223e-06 0.000357589 0.0136597 0.11996 0.242206 0.113189 0.0323421 0.124543 0.17528 0.0693879 0.0499768 0.0390056 0.01341 0.00506335 0.00133933 0.000248036 2.81799e-05 1.71336e-06
 2.14449e-27 2.17154e-27 6.51466e-27 1.486e-21 8.83781e-17 1.20841e-12 3.79866e-09 2.7453e-06 0.000456128 0.0174238 0.153017 0.308945 0.143948 0.0297791 0.0887816 0.124748 0.0498475 0.0372474 0.0294341 0.0107544 0.00427761 0.00111365 0.000201105 2.21202e-05 1.24316e-06
 2.14747e-27 2.1787e-27 7.25164e-27 1.7359e-21 1.0324e-16 1.41163e-12 4.43747e-09 3.20697e-06 0.000532834 0.0203539 0.178749 0.360898 0.167943 0.0291693 0.0694003 0.0971104 0.0357762 0.0181804 0.01372 0.00522944 0.00219811 0.000608597 0.000113965 1.23396e-05 6.70428e-07
 2.14199e-27 2.16523e-27 5.82496e-27 1.25194e-21 7.44574e-17 1.01807e-12 3.20032e-09 2.31288e-06 0.000384282 0.0146793 0.128914 0.260285 0.121605 0.0338874 0.128528 0.180496 0.0657949 0.0312417 0.0228411 0.00753161 0.00280537 0.000817642 0.000166076 1.90014e-05 1.04287e-06
 2.14203e-27 2.16553e-27 5.88527e-27 1.27253e-21 7.56822e-17 1.03482e-12 3.25297e-09 2.35093e-06 0.000390603 0.0149208 0.131035 0.264566 0.123483 0.0311968 0.110813 0.155971 0.0632329 0.0497333 0.038509 0.0114701 0.0035968 0.000891525 0.000167079 2.013e-05 1.17464e-06
 2.14649e-27 2.17635e-27 7.00906e-27 1.65364e-21 9.83484e-17 1.34474e-12 4.22721e-09 3.05501e-06 0.000507586 0.0193894 0.170279 0.343797 0.160046 0.0294015 0.0759717 0.106474 0.0404543 0.0243233 0.0188003 0.0070536 0.00276961 0.000623319 9.48397e-05 9.96935e-06 5.74459e-07
 2.14429e-27 2.17088e-27 6.42255e-27 1.45465e-21 8.65135e-17 1.18292e-12 3.71852e-09 2.68738e-06 0.000446505 0.0170562 0.149788 0.302428 0.141017 0.0319844 0.104208 0.146185 0.053256 0.0252014 0.018553 0.00648169 0.00254376 0.000709895 0.000124985 1.16398e-05 5.69872e-07
 2.14253e-27 2.16662e-27 5.98163e-27 1.30513e-21 7.76208e-17 1.06133e-12 3.33629e-09 2.41115e-06 0.000400609 0.015303 0.134392 0.271343 0.126666 0.0325268 0.116889 0.164249 0.0622459 0.0368748 0.0275756 0.00815318 0.00256948 0.000668363 0.000126607 1.38099e-05 6.82429e-07
 2.14177e-27 2.16481e-27 5.79389e-27 1.24146e-21 7.38344e-17 1.00955e-12 3.17355e-09 2.29353e-06 0.000381067 0.0145565 0.127836 0.258107 0.120557 0.0327844 0.122451 0.172146 0.0657942 0.0406532 0.0308452 0.00979995 0.0032481 0.000715116 0.000111123 1.19298e-05 6.50877e-07
 2.14317e-27 2.16825e-27 6.15821e-27 1.36505e-21 8.11847e-17 1.11006e-12 3.48947e-09 2.52185e-06 0.000419002 0.0160056 0.140562 0.2838 0.13239 0.0315773 0.107338 0.150832 0.0581209 0.0373112 0.028491 0.00916998 0.00313413 0.000726645 0.000109398 9.90658e-06 4.90041e-07
 2.14413e-27 2.17052e-27 6.3882e-27 1.44301e-21 8.58215e-17 1.17346e-12 3.68878e-09 2.66589e-06 0.000442933 0.0169198 0.14859 0.300009 0.139891 0.0317685 0.103619 0.145422 0.0539144 0.0284001 0.0211096 0.00686726 0.0023844 0.000562713 8.78468e-05 7.99087e-06 3.58792e-07
 2.14269e-27 2.16696e-27 6.01027e-27 1.31481e-21 7.81966e-17 1.0692e-12 3.36104e-09 2.42903e-06 0.00040358 0.0154165 0.135388 0.273356 0.127617 0.033067 0.11958 0.167931 0.0620388 0.0319862 0.023446 0.00698406 0.00217888 0.000514053 8.21343e-05 7.68295e-06 3.49939e-07
 2.14383e-27 2.1698e-27 6.31677e-27 1.4188e-21 8.43817e-17 1.15377e-12 3.62689e-09 2.62116e-06 0.000435502 0.0166359 0.146097 0.294976 0.137556 0.0315643 0.10389 0.145897 0.0553653 0.0330185 0.024687 0.00720356 0.00213626 0.000460667 6.75965e-05 6.30241e-06 2.93753e-07
 2.14318e-27 2.16821e-27 6.14746e-27 1.36137e-21 8.09657e-17 1.10706e-12 3.48006e-09 2.51505e-06 0.000417872 0.0159624 0.140183 0.283035 0.132061 0.0322466 0.111654 0.156808 0.0587619 0.0328586 0.0246444 0.00798955 0.0027052 0.00058211 8.01136e-05 6.84411e-06 3.04835e-07
 2.14369e-27 2.16948e-27 6.28382e-27 1.40763e-21 8.37173e-17 1.14468e-12 3.59833e-09 2.60052e-06 0.000432073 0.0165049 0.144947 0.292653 0.136484 0.0316143 0.104895 0.147314 0.0558643 0.0332157 0.025005 0.00778703 0.00257348 0.000606586 9.19883e-05 7.74229e-06 3.20993e-07
 2.14418e-27 2.17065e-27 6.40196e-27 1.44768e-21 8.60992e-17 1.17725e-12 3.70071e-09 2.67451e-06 0.000444366 0.0169745 0.149071 0.30098 0.140336 0.0316824 0.102802 0.14428 0.0536497 0.0287393 0.0213592 0.00678967 0.00227922 0.000522734 8.02771e-05 7.33208e-06 3.17029e-07
 2.14271e-27 2.16709e-27 6.03259e-27 1.32242e-21 7.86492e-17 1.07539e-12 3.3805e-09 2.44309e-06 0.000405916 0.0155057 0.136172 0.274938 0.128319 0.0322872 0.114343 0.160662 0.0609892 0.0364551 0.0275114 0.00869101 0.00291569 0.000685779 0.000106943 9.79287e-06 4.42131e-07
 2.14346e-27 2.16895e-27 6.23218e-27 1.39013e-21 8.26766e-17 1.13046e-12 3.5536e-09 2.5682e-06 0.000426702 0.0162997 0.143145 0.289015 0.134795 0.0314158 0.10478 0.147209 0.0565962 0.0359591 0.0274622 0.00894324 0.00309937 0.000725685 0.000113417 1.05651e-05 4.82642e-07
 2.14328e-27 2.16847e-27 6.17403e-27 1.37038e-21 8.15017e-17 1.11439e-12 3.5031e-09 2.5317e-06 0.000420638 0.0160681 0.141111 0.284909 0.132925 0.0321797 0.110681 0.155428 0.0581388 0.0321982 0.0241887 0.00805341 0.00288094 0.000694005 0.000110823 1.03536e-05 4.7722e-07
 2.14239e-27 2.16631e-27 5.95319e-27 1.2955e-21 7.70483e-17 1.0535e-12 3.31169e-09 2.39336e-06 0.000397654 0.0151901 0.1334 0.269341 0.125732 0.032275 0.115955 0.162982 0.062457 0.0390764 0.0296755 0.00939323 0.0031921 0.00078573 0.000130623 1.25693e-05 5.87742e-07
 2.14255e-27 2.16671e-27 5.99626e-27 1.31011e-21 7.79175e-17 1.06538e-12 3.34904e-09 2.42036e-06 0.00040214 0.0153615 0.134905 0.27238 0.127129 0.03208 0.113849 0.160014 0.0614138 0.0387149 0.029588 0.00976911 0.00343821 0.000809869 0.000129984 1.27919e-05 6.18179e-07
 2.14366e-27 2.16938e-27 6.27009e-27 1.40296e-21 8.34397e-17 1.14089e-12 3.5864e-09 2.5919e-06 0.00043064 0.0164502 0.144466 0.291683 0.136045 0.0318749 0.106779 0.149928 0.0562203 0.0315455 0.0236366 0.00758807 0.00260958 0.000629365 0.000101368 9.64036e-06 4.6265e-07
 2.14404e-27 2.17029e-27 6.36317e-27 1.43452e-21 8.53164e-17 1.16655e-12 3.66707e-09 2.6502e-06 0.000440327 0.0168202 0.147716 0.298243 0.139077 0.031834 0.104552 0.146747 0.0545434 0.0291375 0.021552 0.00660898 0.00213629 0.000501401 8.01998e-05 7.69995e-06 3.64932e-07
#obs surv len freq
 8.6891e-40 4.25271e-33 4.78522e-27 1.23789e-21 7.3622e-17 1.00665e-12 3.16441e-09 2.28692e-06 0.000379975 0.0145146 0.127467 0.257363 0.120191 0.0322037 0.119129 0.167525 0.0649294 0.0428397 0.0334886 0.01259 0.00534577 0.0016207 0.000357516 4.83194e-05 3.33824e-06
 1.03869e-39 5.08365e-33 5.7202e-27 1.47976e-21 8.8007e-17 1.20334e-12 3.7827e-09 2.73377e-06 0.000454219 0.0173506 0.152373 0.307647 0.14338 0.0306321 0.0943803 0.132509 0.0508102 0.0319174 0.0246658 0.00892848 0.00363031 0.00106158 0.000226555 2.97965e-05 1.99554e-06
 9.71639e-40 4.7555e-33 5.35097e-27 1.38424e-21 8.23262e-17 1.12566e-12 3.53853e-09 2.5573e-06 0.000424899 0.0162306 0.142537 0.28779 0.134282 0.032828 0.11377 0.159642 0.057709 0.0259159 0.0188844 0.00656728 0.00254335 0.000710043 0.000144019 1.81926e-05 1.18011e-06
 1.04887e-39 5.13348e-33 5.77627e-27 1.49427e-21 8.88696e-17 1.21513e-12 3.81978e-09 2.76056e-06 0.000458671 0.0175206 0.153866 0.310663 0.144801 0.0313673 0.0979595 0.137437 0.0510147 0.0270344 0.0198353 0.00573543 0.00175242 0.000454032 8.66516e-05 1.03509e-05 6.41043e-07
 9.85109e-40 4.82143e-33 5.42515e-27 1.40343e-21 8.34675e-17 1.14127e-12 3.58758e-09 2.59275e-06 0.00043079 0.0164556 0.144513 0.291779 0.136127 0.0328437 0.112664 0.158061 0.056899 0.0247858 0.0177113 0.0055018 0.00177353 0.000385916 5.94314e-05 6.43652e-06 3.74547e-07
 8.09519e-40 3.96204e-33 4.45815e-27 1.15328e-21 6.85899e-17 9.37843e-13 2.94812e-09 2.13061e-06 0.000354004 0.0135225 0.118755 0.239774 0.112156 0.0347699 0.140097 0.196849 0.0722338 0.0357393 0.0258573 0.007278 0.00207227 0.000465013 6.9265e-05 6.21146e-06 3.08171e-07
 7.91614e-40 3.8744e-33 4.35954e-27 1.12777e-21 6.70728e-17 9.17099e-13 2.88291e-09 2.08348e-06 0.000346174 0.0132234 0.116128 0.23447 0.109658 0.0335438 0.134211 0.188804 0.0728205 0.0469161 0.0354941 0.0104954 0.00314146 0.000649332 8.8438e-05 7.70326e-06 3.41137e-07
 1.33016e-39 6.51019e-33 7.32537e-27 1.895e-21 1.12703e-16 1.54101e-12 4.84418e-09 3.5009e-06 0.000581679 0.0222194 0.195131 0.393973 0.183171 0.0274687 0.0490509 0.0684562 0.0260784 0.0158707 0.0121058 0.00407881 0.0014464 0.00031764 4.35745e-05 3.51904e-06 1.45361e-07
 1.10387e-39 5.4027e-33 6.07921e-27 1.57263e-21 9.35304e-17 1.27886e-12 4.02011e-09 2.90534e-06 0.000482726 0.0184395 0.161936 0.326955 0.152382 0.0326587 0.100932 0.14126 0.047356 0.00968003 0.00537845 0.00174122 0.000615745 0.000153033 2.43722e-05 2.07527e-06 8.34643e-08
 6.38545e-40 3.12523e-33 3.51656e-27 9.09701e-22 5.41034e-17 7.39766e-13 2.32546e-09 1.68061e-06 0.000279236 0.0106665 0.093673 0.189136 0.0888932 0.0387236 0.179495 0.252152 0.0886572 0.0319311 0.021082 0.00451038 0.00064753 0.000127913 2.10696e-05 2.03444e-06 9.03792e-08
 1.23436e-39 6.04133e-33 6.7978e-27 1.75853e-21 1.04586e-16 1.43003e-12 4.4953e-09 3.24877e-06 0.000539787 0.0206192 0.181078 0.3656 0.17007 0.0279026 0.0602514 0.0844382 0.0344079 0.0275217 0.0209866 0.00527424 0.00112739 0.000165647 1.30183e-05 9.614e-07 4.49923e-08
 1.17909e-39 5.77083e-33 6.49343e-27 1.67979e-21 9.99034e-17 1.366e-12 4.29403e-09 3.1033e-06 0.000515618 0.0196959 0.17297 0.349232 0.162629 0.0312807 0.0858061 0.119985 0.0404661 0.00909665 0.00540763 0.0020029 0.000754691 0.000140264 1.33346e-05 6.90071e-07 1.90253e-08
 8.83878e-40 4.32597e-33 4.86765e-27 1.25922e-21 7.48903e-17 1.02399e-12 3.21892e-09 2.32632e-06 0.000386521 0.0147646 0.129663 0.261798 0.122372 0.0356835 0.139036 0.195018 0.0670355 0.0192391 0.0118992 0.00258623 0.000409607 9.13234e-05 1.41362e-05 9.57695e-07 2.62869e-08
 9.244e-40 4.5243e-33 5.09081e-27 1.31695e-21 7.83237e-17 1.07093e-12 3.36649e-09 2.43297e-06 0.000404242 0.0154415 0.135607 0.273799 0.127829 0.0332554 0.120597 0.169358 0.0624982 0.0319691 0.0228436 0.00530861 0.000939029 0.000134423 1.16389e-05 9.00382e-07 3.49926e-08
 7.3196e-40 3.58243e-33 4.03101e-27 1.04279e-21 6.20183e-17 8.47989e-13 2.66566e-09 1.92648e-06 0.000320087 0.0122269 0.107377 0.216803 0.101589 0.0361899 0.155689 0.218773 0.0792444 0.0360387 0.0257787 0.00748579 0.00210401 0.000348804 2.87793e-05 1.44584e-06 4.22591e-08
 1.1222e-39 5.49237e-33 6.18011e-27 1.59874e-21 9.50828e-17 1.30009e-12 4.08683e-09 2.95356e-06 0.000490738 0.0187456 0.164624 0.332381 0.154785 0.0298553 0.0821841 0.115286 0.0443708 0.0282981 0.0212135 0.00583435 0.00156922 0.000319189 3.82717e-05 2.23863e-06 5.55824e-08
 8.74405e-40 4.27961e-33 4.81548e-27 1.24572e-21 7.40876e-17 1.01301e-12 3.18442e-09 2.30139e-06 0.000382379 0.0146064 0.128273 0.258992 0.121075 0.0356798 0.139859 0.19618 0.067431 0.019382 0.012478 0.00401583 0.00133698 0.000270811 3.36149e-05 2.46936e-06 7.99298e-08
 9.58321e-40 4.69032e-33 5.27762e-27 1.36527e-21 8.11977e-17 1.11023e-12 3.49002e-09 2.52225e-06 0.000419075 0.0160081 0.140583 0.283845 0.132458 0.0328255 0.114945 0.161378 0.0594922 0.0302458 0.0215865 0.00502251 0.000956898 0.000200905 2.92686e-05 2.26343e-06 8.17729e-08
 1.01201e-39 4.95308e-33 5.57329e-27 1.44176e-21 8.57467e-17 1.17243e-12 3.68555e-09 2.66355e-06 0.000442553 0.016905 0.148459 0.299747 0.139803 0.0326676 0.109187 0.153133 0.054781 0.0227746 0.0159843 0.00459916 0.00127664 0.000214847 2.09479e-05 1.60275e-06 6.41798e-08
 8.66585e-40 4.24133e-33 4.77241e-27 1.23458e-21 7.3425e-17 1.00395e-12 3.15594e-09 2.2808e-06 0.000378959 0.0144757 0.127126 0.256676 0.119981 0.0350627 0.13679 0.191998 0.0679344 0.0258639 0.0176341 0.00465228 0.00116378 0.000231708 2.77162e-05 1.73687e-06 5.55201e-08
 1.11673e-39 5.46564e-33 6.15002e-27 1.59095e-21 9.46199e-17 1.29376e-12 4.06693e-09 2.93918e-06 0.000488349 0.0186543 0.163822 0.330763 0.154069 0.0306949 0.0877968 0.12307 0.0453875 0.0231413 0.0166684 0.00425929 0.000980605 0.000179409 2.08856e-05 1.50119e-06 4.99691e-08
 8.89354e-40 4.35277e-33 4.89781e-27 1.26702e-21 7.53542e-17 1.03033e-12 3.23886e-09 2.34073e-06 0.000388916 0.0148561 0.130466 0.263419 0.123109 0.035347 0.136493 0.191464 0.0661669 0.0201749 0.0130696 0.00375995 0.00106465 0.000195173 2.08618e-05 1.40328e-06 4.80976e-08
 1.00204e-39 4.90427e-33 5.51837e-27 1.42755e-21 8.49017e-17 1.16088e-12 3.64923e-09 2.63731e-06 0.000438192 0.0167384 0.146996 0.296793 0.138422 0.0322437 0.107491 0.150858 0.0556079 0.0282548 0.0202024 0.00480019 0.000947354 0.000180368 2.24423e-05 1.5181e-06 4.86854e-08
 1.03099e-39 5.046e-33 5.67784e-27 1.4688e-21 8.73553e-17 1.19443e-12 3.75469e-09 2.71352e-06 0.000450855 0.0172221 0.151244 0.305369 0.1424 0.0325817 0.106968 0.149971 0.0532064 0.0207223 0.0143413 0.00414035 0.00115995 0.000198644 1.92175e-05 1.31072e-06 4.54894e-08
 8.72235e-40 4.26899e-33 4.80353e-27 1.24263e-21 7.39038e-17 1.0105e-12 3.17652e-09 2.29568e-06 0.00038143 0.0145701 0.127955 0.258349 0.120752 0.0350001 0.135904 0.190747 0.0674713 0.0256202 0.0174214 0.00450153 0.00108244 0.000215023 2.60378e-05 1.63994e-06 4.97494e-08
 9.24626e-40 4.5254e-33 5.09205e-27 1.31727e-21 7.83428e-17 1.0712e-12 3.36731e-09 2.43356e-06 0.00040434 0.0154453 0.13564 0.273865 0.127859 0.0332334 0.120443 0.169134 0.0623085 0.0315625 0.0227084 0.00579873 0.00132801 0.000237969 2.68841e-05 1.92557e-06 6.44641e-08
 9.71637e-40 4.75549e-33 5.35095e-27 1.38424e-21 8.2326e-17 1.12566e-12 3.53852e-09 2.5573e-06 0.000424898 0.0162306 0.142537 0.287789 0.134289 0.0330371 0.115047 0.16143 0.0582238 0.0257008 0.0182563 0.00525 0.00148031 0.000270713 2.86321e-05 1.88131e-06 6.32678e-08
 1.12788e-39 5.52019e-33 6.21141e-27 1.60683e-21 9.55643e-17 1.30667e-12 4.10753e-09 2.96852e-06 0.000493224 0.0188405 0.165457 0.334064 0.155609 0.0310604 0.089033 0.124714 0.044614 0.0185393 0.0129268 0.00350941 0.000924041 0.000186795 2.3207e-05 1.55952e-06 4.9252e-08
 1.12788e-39 5.52019e-33 6.21141e-27 1.60683e-21 9.55643e-17 1.30667e-12 4.10753e-09 2.96852e-06 0.000493224 0.0188405 0.165457 0.334064 0.155609 0.0310604 0.089033 0.124714 0.044614 0.0185393 0.0129268 0.00350941 0.000924041 0.000186795 2.3207e-05 1.55952e-06 4.9252e-08
#pred catch len freq
 2.13977e-27 2.15857e-27 5.07789e-27 9.9853e-22 5.93864e-17 8.12003e-13 2.55254e-09 1.84473e-06 0.000306499 0.0117081 0.102821 0.207601 0.0970814 0.0294318 0.117198 0.165106 0.0673071 0.0543865 0.0472036 0.0285752 0.0217281 0.0165785 0.0150214 0.0127736 0.00517097
 2.13877e-27 2.15723e-27 4.98797e-27 9.68104e-22 5.75768e-17 7.87261e-13 2.47476e-09 1.78852e-06 0.00029716 0.0113513 0.0996877 0.201277 0.0943167 0.0336739 0.145007 0.2041 0.0789999 0.0518505 0.0409386 0.0168162 0.00911709 0.00520934 0.00364262 0.00266868 0.00104377
 2.13941e-27 2.1591e-27 5.20775e-27 1.04272e-21 6.20147e-17 8.47941e-13 2.66551e-09 1.92637e-06 0.000320064 0.0122262 0.107371 0.21679 0.101458 0.0328622 0.135378 0.190654 0.0761657 0.0568316 0.0445408 0.0154078 0.00616168 0.00218217 0.000947304 0.000517182 0.000183139
 2.13954e-27 2.1594e-27 5.23405e-27 1.05162e-21 6.25436e-17 8.55172e-13 2.68825e-09 1.9428e-06 0.000322794 0.0123305 0.108287 0.218639 0.102339 0.0335427 0.138975 0.19559 0.0760724 0.050962 0.0398764 0.0148436 0.00602918 0.00164391 0.000394502 0.000117324 3.2373e-05
 2.13967e-27 2.15974e-27 5.27008e-27 1.06384e-21 6.32704e-17 8.65111e-13 2.71949e-09 1.96538e-06 0.000326545 0.0124738 0.109546 0.22118 0.10351 0.0334706 0.13777 0.1939 0.0756272 0.0512483 0.0397835 0.0138762 0.00540982 0.00152065 0.000303134 4.56662e-05 6.89376e-06
 2.13824e-27 2.15623e-27 4.89935e-27 9.38083e-22 5.57914e-17 7.62847e-13 2.39802e-09 1.73306e-06 0.000287945 0.0109993 0.0965964 0.195036 0.0914664 0.0346079 0.152592 0.214816 0.0833202 0.055117 0.0426802 0.0149086 0.00571737 0.00152287 0.000291623 3.55552e-05 2.76368e-06
 2.13696e-27 2.1532e-27 4.59554e-27 8.35101e-22 4.96666e-17 6.79102e-13 2.13477e-09 1.5428e-06 0.000256334 0.00979179 0.085992 0.173626 0.0815525 0.0341878 0.156481 0.220546 0.088733 0.0679747 0.0534012 0.0183409 0.00691303 0.00182435 0.000337067 3.82448e-05 2.32362e-06
 2.14047e-27 2.16178e-27 5.49802e-27 1.14122e-21 6.78725e-17 9.28035e-13 2.91729e-09 2.10833e-06 0.000350297 0.0133811 0.117513 0.237266 0.11088 0.0316753 0.121961 0.171775 0.0699466 0.0559616 0.0445356 0.0162685 0.00646516 0.00167969 0.000302632 3.32454e-05 1.86707e-06
 2.14319e-27 2.16827e-27 6.15679e-27 1.36455e-21 8.1155e-17 1.10965e-12 3.4882e-09 2.52093e-06 0.000418849 0.0159998 0.140511 0.283697 0.132356 0.0319474 0.109628 0.153966 0.0578911 0.0330041 0.0253782 0.0097258 0.00410365 0.00113514 0.000212247 2.29579e-05 1.24654e-06
 2.13792e-27 2.15528e-27 4.77926e-27 8.97248e-22 5.33627e-17 7.2964e-13 2.29363e-09 1.65762e-06 0.00027541 0.0105205 0.0923915 0.186547 0.087621 0.0367176 0.16803 0.236303 0.0872156 0.0447487 0.0331589 0.0109409 0.00407423 0.00118502 0.00024022 2.74537e-05 1.50579e-06
 2.13833e-27 2.15655e-27 4.94975e-27 9.55255e-22 5.68127e-17 7.76812e-13 2.44192e-09 1.76478e-06 0.000293216 0.0112006 0.0983646 0.198606 0.0930545 0.0329488 0.141389 0.199326 0.0820235 0.0678869 0.052821 0.0157057 0.00490963 0.00121365 0.000226836 2.7293e-05 1.59159e-06
 2.14234e-27 2.16625e-27 5.95281e-27 1.2954e-21 7.70425e-17 1.05342e-12 3.31143e-09 2.39318e-06 0.000397624 0.015189 0.13339 0.269321 0.125705 0.0318118 0.113133 0.159049 0.0616364 0.040647 0.0318102 0.0119654 0.00470595 0.00105782 0.000160608 1.68602e-05 9.70838e-07
 2.14031e-27 2.16114e-27 5.39838e-27 1.10726e-21 6.58529e-17 9.00421e-13 2.83048e-09 2.0456e-06 0.000339873 0.0129829 0.114017 0.230207 0.107735 0.0348174 0.14327 0.201356 0.0742271 0.037827 0.0282093 0.00985808 0.00386641 0.00107682 0.000189228 1.76019e-05 8.61049e-07
 2.13887e-27 2.1577e-27 5.04628e-27 9.8788e-22 5.8753e-17 8.03342e-13 2.52532e-09 1.82505e-06 0.00030323 0.0115832 0.101724 0.205389 0.0962615 0.034845 0.15092 0.212375 0.0813855 0.050893 0.0383319 0.0113157 0.00355521 0.000922239 0.000174263 1.89848e-05 9.3754e-07
 2.13823e-27 2.15616e-27 4.88807e-27 9.34236e-22 5.55625e-17 7.59719e-13 2.38819e-09 1.72595e-06 0.000286764 0.0109542 0.0962002 0.194236 0.0911093 0.0349451 0.154892 0.218037 0.0842229 0.0546624 0.0417282 0.0132285 0.00437025 0.000959842 0.000148715 1.59406e-05 8.6908e-07
 2.1397e-27 2.15979e-27 5.27261e-27 1.06468e-21 6.33206e-17 8.65796e-13 2.72164e-09 1.96694e-06 0.000326804 0.0124837 0.109632 0.221355 0.103599 0.0336684 0.138925 0.195518 0.0761093 0.0511093 0.0392338 0.0125943 0.00428834 0.000991675 0.000148903 1.34635e-05 6.65386e-07
 2.14059e-27 2.16187e-27 5.47879e-27 1.13455e-21 6.74762e-17 9.22617e-13 2.90026e-09 2.09603e-06 0.000348251 0.013303 0.116827 0.235882 0.110336 0.0342289 0.137968 0.193951 0.0725791 0.0402781 0.030174 0.00979657 0.00339132 0.000798387 0.000124319 1.12928e-05 5.06638e-07
 2.13921e-27 2.15845e-27 5.11499e-27 1.01113e-21 6.0136e-17 8.22253e-13 2.58476e-09 1.86802e-06 0.000310368 0.0118558 0.104119 0.210224 0.0985228 0.0355406 0.153709 0.216144 0.0805173 0.0435478 0.0321573 0.00955856 0.0029709 0.000699018 0.000111394 1.04053e-05 4.73563e-07
 2.14003e-27 2.16055e-27 5.34584e-27 1.08949e-21 6.47961e-17 8.85972e-13 2.78506e-09 2.01277e-06 0.000334419 0.0127746 0.112187 0.226513 0.105994 0.0339602 0.139151 0.195766 0.0752491 0.047725 0.0359743 0.0104883 0.00310442 0.000668045 9.77718e-05 9.10259e-06 4.23943e-07
 2.13945e-27 2.15911e-27 5.19168e-27 1.03719e-21 6.16854e-17 8.43437e-13 2.65136e-09 1.91614e-06 0.000318364 0.0121613 0.106801 0.215639 0.100995 0.0346875 0.146868 0.206588 0.0782898 0.046407 0.0350942 0.0113619 0.00383875 0.000824336 0.000113156 9.65236e-06 4.29542e-07
 2.14008e-27 2.16066e-27 5.35803e-27 1.09363e-21 6.50422e-17 8.89335e-13 2.79564e-09 2.02042e-06 0.000335689 0.0128231 0.112613 0.227373 0.10639 0.0339173 0.13863 0.195017 0.0747725 0.0468901 0.0355464 0.0110503 0.0036412 0.000856168 0.00012952 1.08864e-05 4.50957e-07
 2.14012e-27 2.16072e-27 5.35989e-27 1.09423e-21 6.50782e-17 8.89828e-13 2.79719e-09 2.02153e-06 0.000335875 0.0128302 0.112675 0.227499 0.106466 0.0343698 0.141355 0.198775 0.0749669 0.0433536 0.0325949 0.0103668 0.00347975 0.000796719 0.000122078 1.11358e-05 4.81149e-07
 2.13888e-27 2.15773e-27 5.05165e-27 9.89712e-22 5.88619e-17 8.04832e-13 2.53e-09 1.82844e-06 0.000303792 0.0116047 0.101913 0.20577 0.0964301 0.0346435 0.149575 0.210497 0.0809519 0.05149 0.0391772 0.0123649 0.00414064 0.000971786 0.000151181 1.3825e-05 6.23685e-07
 2.13974e-27 2.15988e-27 5.28207e-27 1.06789e-21 6.35114e-17 8.68406e-13 2.72984e-09 1.97287e-06 0.000327789 0.0125213 0.109963 0.222022 0.103905 0.0336184 0.138418 0.194805 0.0758494 0.0509923 0.0392116 0.01275 0.00440804 0.00102973 0.000160529 1.4933e-05 6.8165e-07
 2.13935e-27 2.15886e-27 5.16584e-27 1.02842e-21 6.11642e-17 8.36311e-13 2.62896e-09 1.89995e-06 0.000315674 0.0120585 0.105899 0.213818 0.100153 0.0347142 0.14758 0.207595 0.0786701 0.0466387 0.0353833 0.0117761 0.00420791 0.00101163 0.000161172 1.50377e-05 6.92593e-07
 2.13865e-27 2.15721e-27 4.99975e-27 9.72125e-22 5.7816e-17 7.9053e-13 2.48504e-09 1.79595e-06 0.000298394 0.0113984 0.100102 0.202113 0.0947341 0.0344957 0.149775 0.210834 0.0818111 0.0541774 0.0414347 0.0130964 0.00443944 0.00109013 0.000180786 1.73732e-05 8.11756e-07
 2.13911e-27 2.15833e-27 5.11817e-27 1.01229e-21 6.02049e-17 8.23195e-13 2.58772e-09 1.87015e-06 0.000310723 0.0118694 0.104238 0.210464 0.0985826 0.0341723 0.145283 0.204479 0.0792374 0.0521767 0.0400831 0.0131963 0.00462651 0.00108687 0.000173959 1.70945e-05 8.25471e-07
 2.14011e-27 2.16071e-27 5.35997e-27 1.09427e-21 6.50802e-17 8.89855e-13 2.79727e-09 2.0216e-06 0.000335885 0.0128306 0.112679 0.227506 0.106464 0.0342371 0.140542 0.19765 0.074844 0.0441859 0.0333432 0.0106819 0.00366183 0.0008809 0.000141518 1.34399e-05 6.44473e-07
 2.13853e-27 2.15687e-27 4.95915e-27 9.58326e-22 5.69953e-17 7.79309e-13 2.44977e-09 1.77045e-06 0.000294158 0.0112367 0.0986809 0.199245 0.0934294 0.0350677 0.154131 0.216906 0.0830373 0.0516952 0.0391292 0.0121022 0.00395202 0.000928359 0.000148361 1.42324e-05 6.7413e-07
#obs catch len freq
 4.08961e-40 2.00158e-33 2.25221e-27 5.82625e-22 3.46509e-17 4.73788e-13 1.48936e-09 1.07636e-06 0.000178839 0.00683142 0.0599936 0.121137 0.0573494 0.035881 0.182635 0.257496 0.102805 0.0766135 0.06102 0.023679 0.0103581 0.00319204 0.000720072 0.000100332 7.18301e-06
 4.23763e-40 2.07403e-33 2.33373e-27 6.03713e-22 3.59051e-17 4.90937e-13 1.54327e-09 1.11532e-06 0.000185312 0.00707868 0.062165 0.125521 0.0593906 0.0362599 0.183627 0.258812 0.10219 0.072904 0.0575299 0.0216534 0.00919665 0.00278324 0.000612679 8.26666e-05 5.70401e-06
 5.77652e-40 2.82721e-33 3.18122e-27 8.22952e-22 4.8944e-17 6.69221e-13 2.1037e-09 1.52035e-06 0.000252608 0.00964931 0.0847402 0.1711 0.0804232 0.0352162 0.163519 0.230295 0.0898045 0.0608247 0.0474563 0.0171921 0.00699045 0.00204039 0.000434496 5.70473e-05 3.81574e-06
 5.21054e-40 2.5502e-33 2.86952e-27 7.42319e-22 4.41485e-17 6.03651e-13 1.89758e-09 1.37139e-06 0.000227858 0.00870387 0.0764374 0.154338 0.0727941 0.0384245 0.188156 0.264637 0.0967258 0.0467518 0.0345358 0.0120182 0.00465356 0.00129675 0.000262426 3.30919e-05 2.1438e-06
 5.99039e-40 2.93188e-33 3.299e-27 8.5342e-22 5.07561e-17 6.93998e-13 2.18159e-09 1.57664e-06 0.000261961 0.0100066 0.0878776 0.177435 0.0834048 0.0366278 0.170228 0.239523 0.0900556 0.0512075 0.0379781 0.0109847 0.00335493 0.000867583 0.000165191 1.96971e-05 1.21823e-06
 5.4264e-40 2.65585e-33 2.9884e-27 7.73071e-22 4.59774e-17 6.28658e-13 1.97619e-09 1.4282e-06 0.000237297 0.00906445 0.079604 0.160731 0.0757539 0.0385321 0.186887 0.262805 0.0955373 0.0445371 0.0322428 0.0100176 0.00322759 0.000701168 0.000107696 1.16405e-05 6.76419e-07
 4.03556e-40 1.97513e-33 2.22244e-27 5.74925e-22 3.4193e-17 4.67527e-13 1.46968e-09 1.06214e-06 0.000176476 0.00674114 0.0592007 0.119538 0.0567515 0.0396553 0.206159 0.290146 0.107601 0.0567144 0.0414642 0.0116684 0.00331862 0.000743309 0.000110457 9.88648e-06 4.897e-07
 3.95187e-40 1.93417e-33 2.17635e-27 5.63002e-22 3.34838e-17 4.57831e-13 1.4392e-09 1.04011e-06 0.000172816 0.00660134 0.057973 0.117058 0.0555257 0.0375345 0.193961 0.273331 0.10683 0.0729425 0.0555754 0.0164227 0.00490837 0.00101272 0.000137563 1.19589e-05 5.2882e-07
 9.7906e-40 4.79182e-33 5.39183e-27 1.39482e-21 8.29549e-17 1.13426e-12 3.56555e-09 2.57683e-06 0.000428144 0.0163546 0.143626 0.289987 0.135239 0.0312823 0.103672 0.145658 0.0561754 0.0362183 0.0278334 0.00936988 0.00331784 0.000727289 9.95246e-05 8.02252e-06 3.30877e-07
 6.93184e-40 3.39266e-33 3.81747e-27 9.87544e-22 5.87329e-17 8.03066e-13 2.52445e-09 1.82442e-06 0.00030313 0.0115792 0.101689 0.205319 0.0963973 0.0393169 0.178239 0.250102 0.0840745 0.0179571 0.0102124 0.00330375 0.00116577 0.000289078 4.59286e-05 3.90408e-06 1.56791e-07
 3.04802e-40 1.4918e-33 1.67859e-27 4.34236e-22 2.58256e-17 3.53119e-13 1.11003e-09 8.02223e-07 0.00013329 0.00509152 0.0447138 0.0902901 0.0433709 0.0434179 0.237944 0.334578 0.118305 0.0447401 0.0298934 0.00639377 0.000915298 0.000180235 2.9606e-05 2.85351e-06 1.26602e-07
 8.55681e-40 4.18797e-33 4.71237e-27 1.21904e-21 7.25011e-17 9.91322e-13 3.11623e-09 2.25211e-06 0.000374191 0.0142936 0.125526 0.253445 0.118348 0.0313428 0.115057 0.162065 0.0669684 0.056127 0.0429903 0.0107934 0.00230138 0.000337675 2.64567e-05 1.94757e-06 9.09985e-08
 7.93419e-40 3.88324e-33 4.36948e-27 1.13034e-21 6.72257e-17 9.1919e-13 2.88948e-09 2.08824e-06 0.000346963 0.0132535 0.116393 0.235006 0.110051 0.0374166 0.15769 0.221208 0.0748136 0.0175147 0.0106068 0.00392217 0.00147472 0.000273669 2.59527e-05 1.34052e-06 3.68796e-08
 4.87885e-40 2.38786e-33 2.68685e-27 6.95064e-22 4.1338e-17 5.65223e-13 1.77678e-09 1.28409e-06 0.000213353 0.00814979 0.0715715 0.144515 0.0683762 0.0417185 0.211227 0.296734 0.102414 0.0307497 0.0193019 0.00419396 0.00066207 0.000147137 2.2728e-05 1.53774e-06 4.21526e-08
 5.17831e-40 2.53442e-33 2.85177e-27 7.37727e-22 4.38754e-17 5.99917e-13 1.88584e-09 1.3629e-06 0.000226448 0.00865003 0.0759646 0.153383 0.0723471 0.038276 0.187539 0.263887 0.0982264 0.0528182 0.0380432 0.00883527 0.001559 0.00022281 1.92292e-05 1.48348e-06 5.75882e-08
 3.69806e-40 1.80994e-33 2.03658e-27 5.26843e-22 3.13334e-17 4.28427e-13 1.34676e-09 9.7331e-07 0.000161717 0.00617737 0.0542497 0.109542 0.052173 0.0407919 0.21611 0.304056 0.110926 0.0529064 0.0381726 0.0110697 0.00310365 0.00051379 4.22854e-05 2.11958e-06 6.18196e-08
 7.22735e-40 3.53729e-33 3.98021e-27 1.02964e-21 6.12368e-17 8.37302e-13 2.63207e-09 1.9022e-06 0.000316053 0.0120728 0.106024 0.21407 0.10025 0.0341764 0.144221 0.202994 0.0789347 0.0527022 0.0397294 0.0109116 0.00292611 0.000593878 7.10357e-05 4.14881e-06 1.02859e-07
 4.82549e-40 2.36174e-33 2.65747e-27 6.87463e-22 4.0886e-17 5.59042e-13 1.75735e-09 1.27004e-06 0.000211019 0.00806067 0.0707888 0.142934 0.0676399 0.0415653 0.210767 0.296089 0.102172 0.0306771 0.0200305 0.00643653 0.00213741 0.000432081 5.34817e-05 3.92138e-06 1.26772e-07
 5.52857e-40 2.70585e-33 3.04466e-27 7.87626e-22 4.68431e-17 6.40494e-13 2.0134e-09 1.45509e-06 0.000241765 0.00923511 0.0811027 0.163757 0.0771278 0.0378678 0.181921 0.255947 0.0951273 0.0507171 0.0364744 0.00848001 0.00161048 0.000337179 4.89978e-05 3.78253e-06 1.36455e-07
 6.06423e-40 2.96802e-33 3.33967e-27 8.6394e-22 5.13818e-17 7.02552e-13 2.20848e-09 1.59607e-06 0.00026519 0.0101299 0.0889609 0.179622 0.0844726 0.0381319 0.17875 0.251261 0.0904528 0.0393922 0.0279083 0.00801898 0.00222015 0.000373039 3.62565e-05 2.76692e-06 1.1064e-07
 4.736e-40 2.31795e-33 2.60819e-27 6.74714e-22 4.01278e-17 5.48675e-13 1.72476e-09 1.24649e-06 0.000207106 0.00791119 0.0694761 0.140284 0.0663753 0.0405222 0.205199 0.288471 0.102659 0.0409601 0.0282249 0.00743842 0.00185536 0.000368588 4.39809e-05 2.75123e-06 8.77803e-08
 7.15786e-40 3.50328e-33 3.94194e-27 1.01974e-21 6.0648e-17 8.29251e-13 2.60676e-09 1.88391e-06 0.000313014 0.0119567 0.105004 0.212012 0.0993554 0.0356846 0.154048 0.21661 0.0805366 0.0430512 0.0312438 0.00797524 0.00183083 0.000334253 3.88e-05 2.78328e-06 9.25188e-08
 4.90547e-40 2.40089e-33 2.70152e-27 6.98857e-22 4.15637e-17 5.68308e-13 1.78648e-09 1.29109e-06 0.000214517 0.00819427 0.0719621 0.145303 0.0687238 0.0412672 0.208234 0.292564 0.10156 0.0324486 0.021318 0.00612627 0.00173047 0.000316671 3.37555e-05 2.26577e-06 7.7537e-08
 5.91434e-40 2.89466e-33 3.25712e-27 8.42585e-22 5.01117e-17 6.85187e-13 2.15389e-09 1.55662e-06 0.000258635 0.00987951 0.0867619 0.175182 0.0823906 0.0373501 0.175316 0.246626 0.0916768 0.0489247 0.0352584 0.00837127 0.00164743 0.000312905 3.88337e-05 2.62224e-06 8.39637e-08
 6.21161e-40 3.04015e-33 3.42083e-27 8.84936e-22 5.26304e-17 7.19626e-13 2.26215e-09 1.63486e-06 0.000271635 0.0103761 0.0911228 0.183987 0.0864945 0.0382357 0.178068 0.250243 0.0893252 0.0365181 0.0255438 0.00736568 0.00205868 0.000352004 3.3955e-05 2.31045e-06 8.00699e-08
 4.77829e-40 2.33864e-33 2.63148e-27 6.80738e-22 4.0486e-17 5.53573e-13 1.74016e-09 1.25762e-06 0.000208955 0.00798182 0.0700963 0.141536 0.0669531 0.0404911 0.204631 0.287669 0.102345 0.040738 0.0280001 0.00722781 0.00173296 0.000343477 4.14899e-05 2.60867e-06 7.90022e-08
 5.22561e-40 2.55758e-33 2.87782e-27 7.44466e-22 4.42762e-17 6.05397e-13 1.90307e-09 1.37535e-06 0.000228517 0.00872905 0.0766585 0.154784 0.0729921 0.0382012 0.18666 0.262632 0.0975387 0.0518076 0.0375591 0.00958086 0.00218795 0.000391254 4.4073e-05 3.15027e-06 1.05322e-07
 5.64131e-40 2.76103e-33 3.10675e-27 8.03688e-22 4.77983e-17 6.53556e-13 2.05446e-09 1.48476e-06 0.000246695 0.00942344 0.0827566 0.167096 0.0786906 0.0383727 0.183995 0.258719 0.0939702 0.0435303 0.0312035 0.00896175 0.00252053 0.000460124 4.85319e-05 3.18214e-06 1.06841e-07
 5.54569e-40 2.71423e-33 3.0541e-27 7.90066e-22 4.69882e-17 6.42479e-13 2.01964e-09 1.4596e-06 0.000242514 0.00926372 0.081354 0.164264 0.0773764 0.0382413 0.184047 0.258846 0.0947735 0.0462363 0.0332745 0.00909938 0.00242321 0.000490941 6.10038e-05 4.09778e-06 1.29322e-07
#spawning biomass
 3068.42 3090.72 3457.88 4158.59 5235.65 6418.47 7000 5885.18 7310.4 15479.7 17246.7 14907.4 25311.8 32523.2 29697.8 24557.9 21952.5 23207.2 21585 23648.6 24303.2 24887.5 31733.9 31886.2 31810.9 34961 32020.2 26673.4 26926.1 54265.6 76024.6 71791 50574.3 36134.6 28723.5 25234.9 23664.6 22977.3 22682 22556.7 22504 22482 22472.8 22469 22467.4 22466.7 22466.5 22466.3 22466.3 22466.3 22466.3 22466.3 22466.3 22466.3 22466.3 22466.3 22466.3 22466.3 22466.3 22466.3 22466.3 22466.3 22466.3 22466.3 22466.3 22466.3 22466.3 22466.3 22466.3 22466.3 22466.3 22466.3 22466.3 22466.3 22466.3 22466.3 22466.3 22466.3 22466.3 22466.3 22466.3 22466.3 22466.3 22466.3 22466.3 22466.3 22466.3 22466.3 22466.3 22466.3 22466.3 22466.3 22466.3 22466.3 22466.3 22466.3 22466.3 22466.3 22466.3 22466.3 22466.3 22466.3 22466.3 22466.3 22466.3 22466.3 22466.3 22466.3 22466.3 22466.3 22466.3 22466.3 22466.3 22466.3 22466.3 22466.3 22466.3 22466.3 22466.3 22466.3 22466.3 22466.3 22466.3 22466.3 22466.3 22466.3 22466.3 22466.3 22466.3 0 0 0 0 0 0 0 0 0 0 0 0 0 0 0 0 0 0 0 0 0 0 0 0 0
