SBPRF35
0.454583
Curr Bio
157280
B35
600296
F35
0.290088
FOFL
0.134409
OFL
30372.3
Bzero
129881
#pred survey bio
 27498.9 33708.2 25591.4 14392.1 16372.4 23197.7 29002.5 38504.3 48562.7 58697.3 70639.1 76628 85161.3 92110.7 98993.2 100914 103957 109489 108283 119133 110049 120628 120118 117756 132230 135864 136473 157907 1.03231e+07 9.82888e+06 9.20104e+06 7.58927e+06 5.85327e+06 4.38903e+06 3.2935e+06 2.52813e+06 2.01485e+06 1.6786e+06 1.4608e+06 1.32005e+06 1.22869e+06 1.1688e+06 1.12872e+06 1.10113e+06 1.08259e+06 1.0699e+06 1.06106e+06 1.05482e+06 1.05034e+06 1.04711e+06 1.04476e+06 1.04303e+06 1.04176e+06 1.04081e+06 1.04011e+06 1.03959e+06 1.03921e+06 1.03892e+06 1.0387e+06 1.03854e+06 1.03842e+06 1.03833e+06 1.03826e+06 1.03821e+06 1.03817e+06 1.03814e+06 1.03812e+06 1.0381e+06 1.03809e+06 1.03808e+06 1.03808e+06 1.03807e+06 1.03807e+06 1.03807e+06 1.03806e+06 1.03806e+06 1.03806e+06 1.03806e+06 1.03806e+06 1.03806e+06 1.03806e+06 1.03806e+06 1.03806e+06 1.03806e+06 1.03806e+06 1.03806e+06 1.03806e+06 1.03806e+06 1.03806e+06 1.03806e+06 1.03806e+06 1.03806e+06 1.03806e+06 1.03806e+06 1.03806e+06 1.03806e+06 1.03806e+06 1.03806e+06 1.03806e+06 1.03806e+06 1.03806e+06 1.03806e+06 1.03806e+06 1.03806e+06 1.03806e+06 1.03806e+06 1.03806e+06 1.03806e+06 1.03806e+06 1.03806e+06 1.03806e+06 1.03806e+06 1.03806e+06 1.03806e+06 1.03806e+06 1.03806e+06 1.03806e+06 1.03806e+06 1.03806e+06 1.03806e+06 1.03806e+06 1.03806e+06 1.03806e+06 1.03806e+06 1.03806e+06 1.03806e+06 1.03806e+06 1.03806e+06 0 0 0 0 0 0 0 0 0 0 0 0 0 0 0 0 0 0 0 0 0 0 0 0 0
#obs survey bio
 23970.4 20981.8 18891.7 12701.8 14474.3 20217.6 31921.5 46648.7 56671.3 61312.8 83771.5 102091 79413.1 67560.2 78946.7 88399.4 122491 123101 125236 98315.6 113212 122752 178820 157929 117403 145340 115475 144353
#pred catch bio
 11318.4 17735.9 16282.3 9000.4 9759.01 14972.6 19345 27088.2 36067.9 45019.5 58166.1 64241.4 75237 84221.8 94676.9 98877.9 100732 109108 110857 130261 118096 135002 136787 132810 156940 167151 169555 121729 30372.3 101945 93761.2 75611.6 56734.1 41226.1 29944.5 22324.2 17424.5 14380.6 12535.9 11438.3 10794.1 10419.9 10203.4 10078.1 10007.9 9968.51 9946.45 9934.08 9927.14 9923.26 9921.08 9919.86 9919.17 9918.79 9918.57 9918.45 9918.39 9918.35 9918.33 9918.32 9918.31 9918.31 9918.3 9918.3 9918.3 9918.3 9918.3 9918.3 9918.3 9918.3 9918.3 9918.3 9918.3 9918.3 9918.3 9918.3 9918.3 9918.3 9918.3 9918.3 9918.3 9918.3 9918.3 9918.3 9918.3 9918.3 9918.3 9918.3 9918.3 9918.3 9918.3 9918.3 9918.3 9918.3 9918.3 9918.3 9918.3 9918.3 9918.3 9918.3 9918.3 9918.3 9918.3 9918.3 9918.3 9918.3 9918.3 9918.3 9918.3 9918.3 9918.3 9918.3 9918.3 9918.3 9918.3 9918.3 9918.3 9918.3 9918.3 9918.3 9918.3 9918.3 9918.3 9918.3 9918.3 9918.3 9918.3 9918.3 0 0 0 0 0 0 0 0 0 0 0 0 0 0 0 0 0 0 0 0 0 0 0 0 0
#obs catch bio
 19321.7 20190.3 19978.8 10285 9455.52 15288.7 18145.1 24459.9 35308.4 45976.9 57111.4 59840.7 73799.2 82256.9 96963 95425.7 92938 99638 107801 129708 117872 129090 122616 109198 145022 153172 161667 115122
#pred cpue bio
 26166.2 32714.9 25237.3 13818.5 15154.7 21887.1 27047.6 35881.1 45171.5 54431.6 65343.1 70733 78298.4 84195.4 90264.4 91530.6 94048.6 99421.1 97673.8 106533 98212.2 107415 106336 104260 116633 118753 118818 136813 9.58484e+06 9.81474e+06 9.18691e+06 7.57514e+06 5.83914e+06 4.3749e+06 3.27937e+06 2.514e+06 2.00072e+06 1.66446e+06 1.44666e+06 1.30592e+06 1.21456e+06 1.15467e+06 1.11459e+06 1.087e+06 1.06846e+06 1.05577e+06 1.04693e+06 1.04068e+06 1.03621e+06 1.03298e+06 1.03063e+06 1.0289e+06 1.02762e+06 1.02668e+06 1.02598e+06 1.02546e+06 1.02507e+06 1.02478e+06 1.02457e+06 1.02441e+06 1.02428e+06 1.02419e+06 1.02413e+06 1.02408e+06 1.02404e+06 1.02401e+06 1.02399e+06 1.02397e+06 1.02396e+06 1.02395e+06 1.02394e+06 1.02394e+06 1.02394e+06 1.02393e+06 1.02393e+06 1.02393e+06 1.02393e+06 1.02393e+06 1.02393e+06 1.02393e+06 1.02393e+06 1.02393e+06 1.02393e+06 1.02392e+06 1.02392e+06 1.02392e+06 1.02392e+06 1.02392e+06 1.02392e+06 1.02392e+06 1.02392e+06 1.02392e+06 1.02392e+06 1.02392e+06 1.02392e+06 1.02392e+06 1.02392e+06 1.02392e+06 1.02392e+06 1.02392e+06 1.02392e+06 1.02392e+06 1.02392e+06 1.02392e+06 1.02392e+06 1.02392e+06 1.02392e+06 1.02392e+06 1.02392e+06 1.02392e+06 1.02392e+06 1.02392e+06 1.02392e+06 1.02392e+06 1.02392e+06 1.02392e+06 1.02392e+06 1.02392e+06 1.02392e+06 1.02392e+06 1.02392e+06 1.02392e+06 1.02392e+06 1.02392e+06 1.02392e+06 1.02392e+06 1.02392e+06 1.02392e+06 0 0 0 0 0 0 0 0 0 0 0 0 0 0 0 0 0 0 0 0 0 0 0 0 0
#obs cpue bio
 30507.6 20906.7 15791.6 11795.4 23550.4 23222.1 37630.8 47101.2 34679.9 44143.5 67001 73273.8 84949.9 125996 99489 129537 112189 127344 88029.8 135013 91410.5 133782 114305 171712 168532 157963 172098 178035
#pred surv len freq
 1.38221e-11 1.50026e-09 9.60162e-08 3.62335e-06 8.06243e-05 0.00105784 0.00818484 0.0373643 0.100893 0.16321 0.167928 0.135935 0.117627 0.0996931 0.0671337 0.0388096 0.0225847 0.0134668 0.00828695 0.00542406 0.00385434 0.00302145 0.00249446 0.00187059 0.00107629
 9.62038e-12 1.0442e-09 6.68287e-08 2.52191e-06 5.61161e-05 0.000736295 0.00569781 0.0260303 0.0705558 0.116294 0.129788 0.131245 0.144396 0.136652 0.0983821 0.0611474 0.0362199 0.0197154 0.0101192 0.00529055 0.00297391 0.00188482 0.00134088 0.000939013 0.000532973
 5.58422e-12 6.06114e-10 3.87912e-08 1.46387e-06 3.25734e-05 0.000427414 0.00330834 0.0151329 0.0412762 0.0701115 0.0878493 0.112006 0.146839 0.153688 0.127346 0.0961923 0.0666117 0.0397612 0.020826 0.00987187 0.00443757 0.00209557 0.00114207 0.000681485 0.000361993
 1.32765e-11 1.44103e-09 9.2226e-08 3.48032e-06 7.74415e-05 0.00101607 0.00786125 0.0358777 0.0967509 0.155479 0.155178 0.113673 0.0869789 0.077722 0.0706407 0.0635671 0.0525037 0.0377918 0.0234966 0.0123312 0.00547457 0.00216746 0.000858516 0.000379391 0.000170637
 1.75137e-11 1.90094e-09 1.2166e-07 4.59107e-06 0.000102157 0.00134034 0.0103699 0.0473218 0.127541 0.204379 0.201194 0.139408 0.0932571 0.067212 0.0415476 0.0226688 0.0144934 0.0111468 0.00830772 0.00527072 0.0027253 0.00113854 0.00039889 0.000130317 4.3385e-05
 1.42193e-11 1.54337e-09 9.87753e-08 3.72747e-06 8.29411e-05 0.00108824 0.00842016 0.038441 0.103834 0.168234 0.17434 0.144202 0.127604 0.106697 0.0663292 0.0316794 0.014108 0.00662923 0.00360458 0.00228482 0.00138015 0.000678922 0.000259363 7.85865e-05 2.03529e-05
 1.60421e-11 1.74122e-09 1.11438e-07 4.20532e-06 9.35736e-05 0.00122773 0.00949895 0.0433539 0.116938 0.188128 0.188702 0.140248 0.107014 0.0852958 0.0568581 0.03239 0.0170672 0.007818 0.0031013 0.00123455 0.000570313 0.000283249 0.000122231 4.05099e-05 1.01183e-05
 1.59759e-11 1.73403e-09 1.10978e-07 4.18796e-06 9.31873e-05 0.00122266 0.00945982 0.0431772 0.116486 0.187603 0.189119 0.142966 0.111628 0.0884283 0.0556372 0.0284109 0.0140162 0.00686091 0.00307625 0.00119537 0.000406866 0.000137623 5.0156e-05 1.7052e-05 4.53555e-06
 1.61623e-11 1.75426e-09 1.12272e-07 4.23681e-06 9.42742e-05 0.00123692 0.00957013 0.0436799 0.117833 0.189692 0.190854 0.143307 0.110715 0.0872354 0.0548163 0.0277824 0.0132034 0.00598349 0.00251023 0.000987531 0.000349982 0.000106396 2.86967e-05 7.48619e-06 1.82608e-06
 1.64923e-11 1.79008e-09 1.14565e-07 4.32333e-06 9.61995e-05 0.00126218 0.00976551 0.0445705 0.120219 0.193399 0.193952 0.143959 0.10907 0.0847342 0.0524941 0.0259322 0.0119557 0.00528737 0.00213804 0.000790848 0.000265828 7.94297e-05 2.03847e-05 4.42398e-06 8.38576e-07
 1.67439e-11 1.81739e-09 1.16312e-07 4.38927e-06 9.76667e-05 0.00128143 0.0099144 0.0452492 0.122038 0.196231 0.196343 0.144541 0.107954 0.082943 0.0507392 0.0244302 0.0108573 0.0046353 0.00181137 0.000646396 0.000207773 5.87365e-05 1.43238e-05 2.9319e-06 4.91034e-07
 1.69302e-11 1.83761e-09 1.17607e-07 4.43811e-06 9.87534e-05 0.00129569 0.0100247 0.0457521 0.123388 0.198354 0.198237 0.145312 0.107647 0.0819737 0.0493253 0.0228699 0.009624 0.00391632 0.00146731 0.000502003 0.00015481 4.18821e-05 9.70767e-06 1.87692e-06 2.941e-07
 1.73609e-11 1.88436e-09 1.20599e-07 4.55102e-06 0.000101266 0.00132865 0.0102796 0.0469138 0.126495 0.203142 0.202047 0.145522 0.104516 0.0780263 0.0464847 0.0212453 0.00871355 0.00341717 0.00121749 0.00039354 0.000115136 2.96668e-05 6.55396e-06 1.20484e-06 1.78536e-07
 1.79479e-11 1.94807e-09 1.24676e-07 4.70489e-06 0.00010469 0.00137357 0.0106271 0.0484971 0.130732 0.209686 0.207327 0.14605 0.100606 0.0728405 0.0424067 0.0185941 0.00716974 0.00267292 0.000918351 0.000285114 7.9212e-05 1.92378e-05 4.00827e-06 6.97702e-07 9.80708e-08
 1.81596e-11 1.97105e-09 1.26147e-07 4.76039e-06 0.000105925 0.00138977 0.0107524 0.0490683 0.132263 0.212069 0.209337 0.146531 0.0996456 0.071293 0.0408703 0.0172806 0.00624641 0.00217158 0.000698514 0.000203626 5.36545e-05 1.24037e-05 2.44505e-06 4.00466e-07 5.29865e-08
 1.86683e-11 2.02626e-09 1.29681e-07 4.89374e-06 0.000108892 0.0014287 0.0110535 0.0504403 0.135932 0.217717 0.213806 0.146693 0.0958039 0.0664902 0.037443 0.0153802 0.00527277 0.00172234 0.000518927 0.000140273 3.4208e-05 7.36482e-06 1.36326e-06 2.10688e-07 2.62788e-08
 1.8894e-11 2.05076e-09 1.31249e-07 4.95291e-06 0.000110208 0.00144597 0.0111871 0.0510491 0.137561 0.220235 0.215841 0.146909 0.0943193 0.0645063 0.035864 0.0143368 0.00466082 0.00143075 0.000406521 0.000102858 2.32752e-05 4.62196e-06 7.8749e-07 1.12631e-07 1.31144e-08
 1.85205e-11 2.01023e-09 1.28654e-07 4.85501e-06 0.00010803 0.00141739 0.0109661 0.0500421 0.134871 0.216113 0.212681 0.147123 0.0976549 0.0684012 0.0383032 0.0153224 0.00495949 0.00149815 0.000410432 9.79699e-05 2.069e-05 3.81749e-06 6.00259e-07 7.88104e-08 8.42478e-09
 1.91739e-11 2.08114e-09 1.33193e-07 5.02628e-06 0.000111841 0.00146739 0.0113527 0.0518037 0.139578 0.223328 0.218231 0.146806 0.0919128 0.0616653 0.0340493 0.0135509 0.00436375 0.00131134 0.000357254 8.41859e-05 1.72535e-05 3.02294e-06 4.43575e-07 5.38331e-08 5.29121e-09
 1.99457e-11 2.16492e-09 1.38554e-07 5.22861e-06 0.000116343 0.00152646 0.0118096 0.0538851 0.145142 0.23187 0.224875 0.146673 0.085496 0.0539493 0.0289174 0.0111147 0.00335792 0.00094291 0.000247598 5.74873e-05 1.16753e-05 2.01782e-06 2.87981e-07 3.33226e-08 3.06628e-09
 2.0087e-11 2.18025e-09 1.39536e-07 5.26564e-06 0.000117167 0.00153726 0.0118932 0.0542662 0.146163 0.233458 0.22621 0.146978 0.0848241 0.0528723 0.0278426 0.0102089 0.0027621 0.000666309 0.00015494 3.29538e-05 6.2857e-06 1.04919e-06 1.47071e-07 1.67336e-08 1.49845e-09
 2.02814e-11 2.20135e-09 1.40886e-07 5.3166e-06 0.000118301 0.00155214 0.0120082 0.0547904 0.147563 0.235599 0.227832 0.146803 0.0829939 0.0507934 0.0266255 0.00980819 0.00268425 0.000647663 0.000143426 2.72565e-05 4.50366e-06 6.65097e-07 8.56711e-08 9.25391e-09 8.04261e-10
 2.07589e-11 2.25318e-09 1.44203e-07 5.44177e-06 0.000121086 0.00158868 0.0122909 0.0560779 0.151004 0.240876 0.231906 0.14662 0.078871 0.0459151 0.0234856 0.00843522 0.00218785 0.000489274 0.000103154 1.92569e-05 3.09068e-06 4.22222e-07 4.80393e-08 4.54649e-09 3.5592e-10
 2.07389e-11 2.251e-09 1.44064e-07 5.43652e-06 0.000120969 0.00158715 0.012279 0.0560239 0.15086 0.240662 0.231771 0.146728 0.0791959 0.0462201 0.0235739 0.00835143 0.00208399 0.000434495 8.48531e-05 1.4723e-05 2.20461e-06 2.86536e-07 3.13383e-08 2.78576e-09 1.97013e-10
 2.10456e-11 2.28429e-09 1.46195e-07 5.51693e-06 0.000122758 0.00161062 0.0124605 0.0568509 0.153069 0.244042 0.234339 0.146477 0.0763445 0.0429556 0.0216227 0.0076657 0.00193143 0.000408064 7.93979e-05 1.32764e-05 1.85683e-06 2.2257e-07 2.25441e-08 1.87788e-09 1.25739e-10
 2.1732e-11 2.3588e-09 1.50963e-07 5.69688e-06 0.000126762 0.00166315 0.0128668 0.0587018 0.158015 0.251617 0.240145 0.146076 0.0702068 0.0358051 0.0171729 0.00589146 0.00139003 0.000261614 4.59946e-05 7.39257e-06 1.02529e-06 1.20726e-07 1.16737e-08 9.05824e-10 5.60506e-11
 2.20111e-11 2.38909e-09 1.52901e-07 5.77002e-06 0.00012839 0.00168451 0.013032 0.0594542 0.160025 0.254698 0.242512 0.14593 0.067738 0.0329159 0.0153572 0.00514652 0.00114853 0.00019106 2.85511e-05 3.98479e-06 4.88567e-07 5.23388e-08 4.81865e-09 3.64463e-10 2.18069e-11
 2.23516e-11 2.42605e-09 1.55267e-07 5.85929e-06 0.000130376 0.00171057 0.0132335 0.0603723 0.162478 0.258451 0.24537 0.145671 0.0646017 0.0293096 0.0131792 0.00435463 0.000954886 0.000152432 2.12166e-05 2.6982e-06 2.90854e-07 2.65404e-08 2.09595e-09 1.40158e-10 7.70124e-12
#obs surv len freq
 4.18967e-11 3.88284e-09 2.12181e-07 6.83676e-06 0.000129893 0.0014552 0.0096148 0.0375006 0.0867671 0.122182 0.117775 0.10796 0.115602 0.116206 0.101533 0.0797609 0.0535318 0.0295797 0.0135223 0.00503315 0.00146552 0.000319251 4.97714e-05 5.32952e-06 3.78762e-07
 2.65011e-11 2.36882e-09 1.24849e-07 3.87999e-06 7.11006e-05 0.000768367 0.00490003 0.018504 0.0421332 0.0630494 0.081843 0.120234 0.161863 0.165149 0.136077 0.098053 0.0594713 0.0295824 0.0124203 0.00436965 0.00121478 0.000250666 3.65799e-05 3.63765e-06 2.39315e-07
 1.19783e-11 1.03089e-09 5.23141e-08 1.56537e-06 2.76204e-05 0.000287459 0.00176722 0.00646721 0.0146512 0.0242356 0.0416705 0.0789747 0.128416 0.172192 0.193 0.165653 0.102033 0.0465992 0.0171299 0.00528201 0.00132242 0.000251724 3.42278e-05 3.1698e-06 1.9335e-07
 2.43092e-10 2.0111e-08 9.81037e-07 2.82178e-05 0.000478572 0.00478586 0.0282205 0.0981262 0.201254 0.243849 0.176112 0.0802112 0.0325534 0.0265167 0.0321567 0.0319714 0.0235098 0.0128975 0.00528414 0.00160887 0.000365176 6.15e-05 7.47324e-06 6.28422e-07 3.51638e-08
 1.3712e-10 1.0888e-08 5.09775e-07 1.40734e-05 0.000229099 0.0021994 0.0124612 0.0418249 0.0848103 0.113845 0.133894 0.173889 0.193173 0.141897 0.0656114 0.0217035 0.00784808 0.00392537 0.00184914 0.000641677 0.00015452 2.54518e-05 2.84908e-06 2.14794e-07 1.07412e-08
 3.43685e-10 2.61553e-08 1.17367e-06 3.10542e-05 0.000484489 0.00445708 0.0241817 0.0774376 0.147005 0.169209 0.1314 0.0962165 0.0904503 0.0917506 0.0814667 0.0540787 0.0237335 0.0066053 0.00124704 0.000203112 3.54427e-05 5.55303e-06 6.19487e-07 4.52087e-08 2.11135e-09
 4.62207e-10 3.36667e-08 1.44595e-06 3.66178e-05 0.000546798 0.00481488 0.0250109 0.0767891 0.14076 0.161916 0.141833 0.132262 0.125736 0.093338 0.0534736 0.026636 0.0116184 0.00401408 0.00101156 0.000177461 2.16175e-05 1.95411e-06 1.43903e-07 8.54089e-09 3.65054e-10
 6.78287e-10 4.72269e-08 1.93889e-06 4.69358e-05 0.000669961 0.00563926 0.0280021 0.0821948 0.144139 0.15908 0.135051 0.124087 0.118971 0.0941129 0.0604315 0.0314945 0.0121274 0.00323267 0.000615037 9.0943e-05 1.07649e-05 9.55096e-07 5.90771e-08 2.49247e-09 7.29412e-11
 9.51258e-10 6.32361e-08 2.47868e-06 5.7288e-05 0.000780736 0.00627459 0.0297534 0.0834741 0.140527 0.151881 0.133604 0.130542 0.125146 0.095313 0.0585634 0.0294312 0.0110926 0.00293097 0.000544675 7.35663e-05 7.3551e-06 5.42959e-07 2.919e-08 1.11177e-09 2.88698e-11
 1.32538e-09 8.40258e-08 3.14103e-06 6.92341e-05 0.000899849 0.00689729 0.0312 0.0835967 0.135169 0.143801 0.13216 0.136429 0.13092 0.0980703 0.0591526 0.02863 0.0101034 0.002438 0.000406804 4.93005e-05 4.46843e-06 2.98089e-07 1.41278e-08 4.62481e-10 1.02646e-11
 2.14623e-09 1.29627e-07 4.6164e-06 9.69393e-05 0.00120032 0.00876508 0.0377729 0.0964163 0.148484 0.150267 0.130985 0.128695 0.11944 0.0884629 0.0532677 0.0252969 0.00855801 0.00194805 0.00030208 3.33904e-05 2.71147e-06 1.60616e-07 6.76048e-09 1.97057e-10 3.88787e-12
 2.97877e-09 1.7123e-07 5.80379e-06 0.000115993 0.00136698 0.00950136 0.0389897 0.0949609 0.14093 0.143043 0.134945 0.140834 0.127548 0.0883696 0.0491186 0.0216588 0.00688279 0.00148435 0.000218985 2.2965e-05 1.74867e-06 9.54685e-08 3.64107e-09 9.49407e-11 1.66408e-12
 4.78222e-09 2.61396e-07 8.42475e-06 0.000160105 0.00179417 0.0118582 0.0462729 0.107184 0.15137 0.146469 0.132172 0.132602 0.117142 0.0810665 0.0452585 0.0194873 0.00583657 0.00115187 0.000151508 1.39395e-05 9.35884e-07 4.59506e-08 1.60199e-09 3.83608e-11 6.14823e-13
 6.79553e-09 3.52901e-07 1.08061e-05 0.000195111 0.00207735 0.0130461 0.0483982 0.106855 0.145598 0.142076 0.137341 0.141859 0.120853 0.0785601 0.0409257 0.0165217 0.00468032 0.000881209 0.00011119 9.76406e-06 6.12571e-07 2.73123e-08 8.46975e-10 1.79303e-11 2.55454e-13
 9.75869e-09 4.81114e-07 1.3986e-05 0.000239735 0.00242325 0.0144495 0.0509242 0.107095 0.140706 0.137834 0.13936 0.145536 0.121984 0.078452 0.0403272 0.0156787 0.00416677 0.000720078 8.17055e-05 6.36284e-06 3.55022e-07 1.43122e-08 4.06876e-10 7.9071e-12 1.0253e-13
 1.67108e-08 7.81595e-07 2.15553e-05 0.000350525 0.00336132 0.019014 0.0635582 0.126651 0.156913 0.142629 0.132002 0.129424 0.105639 0.0680167 0.0350072 0.0133408 0.00342858 0.0005738 6.35996e-05 4.84937e-06 2.60639e-07 9.8162e-09 2.53589e-10 4.41597e-12 5.12607e-14
 2.0803e-08 9.22521e-07 2.41221e-05 0.000371925 0.00338184 0.0181462 0.0576451 0.110159 0.136189 0.138064 0.151111 0.154159 0.117918 0.0679423 0.0311098 0.0107684 0.00256283 0.00040135 4.1887e-05 3.02558e-06 1.5506e-07 5.59457e-09 1.38407e-10 2.29132e-12 2.49466e-14
 3.1936e-08 1.34207e-06 3.32553e-05 0.0004859 0.00418692 0.0212913 0.0641133 0.116254 0.136916 0.133588 0.1423 0.14399 0.11448 0.0717752 0.0351378 0.012219 0.00278158 0.000404937 3.85338e-05 2.50621e-06 1.15548e-07 3.78919e-09 8.63598e-11 1.33132e-12 1.35895e-14
 5.04597e-08 2.00865e-06 4.7147e-05 0.000652542 0.00532641 0.0256608 0.0732473 0.126227 0.142734 0.136655 0.142831 0.138539 0.104595 0.0622579 0.0290217 0.00969369 0.00215866 0.000316336 3.12465e-05 2.13392e-06 1.00883e-07 3.23865e-09 6.92423e-11 9.76013e-13 9.02599e-15
 7.34863e-08 2.77007e-06 6.15695e-05 0.000806957 0.00623785 0.0284684 0.0770948 0.126918 0.140811 0.139258 0.149217 0.140522 0.1005 0.0561946 0.0244842 0.00761514 0.00157329 0.000213289 1.95458e-05 1.25678e-06 5.73524e-08 1.8206e-09 3.8988e-11 5.49143e-13 4.99507e-15
 9.31257e-08 3.32335e-06 6.99322e-05 0.000867761 0.00635161 0.0274669 0.0707123 0.112335 0.126889 0.138434 0.158909 0.150919 0.108715 0.061667 0.0267353 0.00808287 0.00161057 0.000211461 1.88671e-05 1.17614e-06 5.12921e-08 1.53463e-09 3.08363e-11 4.09685e-13 3.55214e-15
 1.68386e-07 5.68817e-06 0.0001133 0.00133078 0.00921969 0.0377252 0.0917542 0.136699 0.141058 0.135797 0.14155 0.129104 0.0927222 0.0527235 0.0223617 0.00645686 0.00121462 0.000150115 1.26316e-05 7.46021e-07 3.09683e-08 8.83908e-10 1.69139e-11 2.1284e-13 1.73564e-15
 2.23652e-07 7.15105e-06 0.000134823 0.00149896 0.0098319 0.0381238 0.0882582 0.127618 0.13616 0.145217 0.157156 0.13616 0.0892996 0.0461935 0.0182254 0.00504682 0.000940083 0.000118589 1.03428e-05 6.25803e-07 2.58265e-08 7.12052e-10 1.29319e-11 1.53284e-13 1.17485e-15
 3.13294e-07 9.48156e-06 0.000169203 0.00178067 0.0110573 0.0406213 0.0894061 0.124713 0.133804 0.147898 0.160198 0.136169 0.0880787 0.0445209 0.0166135 0.00419302 0.000687167 7.40173e-05 5.47234e-06 2.89214e-07 1.09802e-08 2.90718e-10 5.16906e-12 5.99316e-14 4.44266e-16
 4.6253e-07 1.32502e-05 0.000223823 0.00222972 0.0131081 0.045617 0.0953609 0.127689 0.135099 0.1492 0.158037 0.130701 0.0829382 0.0409515 0.0146957 0.00352835 0.000548012 5.57237e-05 3.83649e-06 1.83778e-07 6.14128e-09 1.40965e-10 2.18425e-12 2.25276e-14 1.52469e-16
 6.50904e-07 1.7652e-05 0.000282278 0.00266222 0.0148203 0.0488924 0.0973663 0.126598 0.135873 0.153818 0.160176 0.127882 0.0783307 0.0371686 0.0127228 0.00290981 0.000433155 4.26412e-05 2.86213e-06 1.33187e-07 4.26021e-09 9.17037e-11 1.30408e-12 1.21023e-14 7.26154e-17
 8.47606e-07 2.17629e-05 0.000329502 0.00294255 0.0155179 0.0485979 0.092725 0.119529 0.135698 0.161918 0.167207 0.129531 0.0768404 0.0349956 0.0113416 0.00243304 0.000338082 3.1012e-05 1.94301e-06 8.48828e-08 2.56801e-09 5.25706e-11 7.11725e-13 6.26333e-15 3.53501e-17
 1.32635e-06 3.22466e-05 0.000462302 0.00390928 0.0195219 0.0578972 0.104627 0.127729 0.137282 0.155909 0.155954 0.12008 0.0717297 0.0323578 0.0101335 0.00207325 0.000274102 2.39625e-05 1.42973e-06 5.91056e-08 1.67694e-09 3.19768e-11 4.02283e-13 3.29353e-15 1.73435e-17
#pred catch len freq
 1.35571e-11 1.47149e-09 9.41753e-08 3.55389e-06 7.90786e-05 0.00103756 0.00802798 0.0366495 0.0989805 0.160258 0.165556 0.135728 0.119423 0.101996 0.0688122 0.0397931 0.023158 0.0138087 0.00849732 0.00556175 0.00395219 0.00309816 0.00255778 0.00191807 0.00110362
 9.62806e-12 1.04503e-09 6.6882e-08 2.52392e-06 5.61608e-05 0.000736883 0.00570235 0.026051 0.0706112 0.116379 0.129857 0.131252 0.144345 0.136585 0.098331 0.0611154 0.0362009 0.0197051 0.0101139 0.00528777 0.00297235 0.00188383 0.00134018 0.000938521 0.000532694
 5.82419e-12 6.3216e-10 4.04582e-08 1.52677e-06 3.39731e-05 0.000445777 0.00345038 0.0157803 0.0430101 0.0728016 0.0900787 0.112418 0.145554 0.151829 0.125723 0.0949573 0.0657559 0.0392503 0.0205585 0.00974503 0.00438056 0.00206864 0.00112739 0.000672729 0.000357342
 1.35568e-11 1.47146e-09 9.41732e-08 3.5538e-06 7.90765e-05 0.00103752 0.00802718 0.0366342 0.0987791 0.158643 0.157888 0.11445 0.085955 0.0759679 0.0688639 0.0619467 0.051164 0.0368274 0.022897 0.0120165 0.00533487 0.00211215 0.000836608 0.00036971 0.000166283
 1.76629e-11 1.91713e-09 1.22696e-07 4.63017e-06 0.000103027 0.00135175 0.0104582 0.0477241 0.128617 0.206039 0.202524 0.139512 0.0922314 0.0659248 0.0406516 0.0221691 0.014173 0.0109004 0.00812407 0.00515421 0.00266506 0.00111337 0.000390072 0.000127436 4.24259e-05
 1.45404e-11 1.57822e-09 1.01006e-07 3.81166e-06 8.48142e-05 0.00111281 0.00861023 0.039307 0.106149 0.171792 0.177123 0.144199 0.125022 0.103572 0.0642405 0.0306685 0.0136569 0.00641724 0.00348931 0.00221175 0.00133601 0.00065721 0.000251069 7.60733e-05 1.9702e-05
 1.63859e-11 1.77853e-09 1.13826e-07 4.29543e-06 9.55786e-05 0.00125403 0.0097024 0.044281 0.119418 0.191949 0.191741 0.14041 0.104498 0.0821042 0.0545226 0.0310382 0.0163535 0.00749103 0.0029716 0.00118292 0.000546461 0.000271403 0.000117119 3.88156e-05 9.69514e-06
 1.64156e-11 1.78176e-09 1.14032e-07 4.30322e-06 9.5752e-05 0.00125631 0.00972007 0.0443629 0.119657 0.192479 0.192952 0.143027 0.10819 0.0842121 0.0527384 0.0269068 0.0132725 0.0064968 0.00291299 0.00113193 0.000385273 0.00013032 4.74942e-05 1.6147e-05 4.29485e-06
 1.66993e-11 1.81255e-09 1.16003e-07 4.3776e-06 9.74071e-05 0.00127802 0.00988802 0.0451283 0.121705 0.195648 0.19553 0.14336 0.10648 0.0820458 0.0512484 0.0259445 0.012328 0.00558668 0.00234376 0.00092204 0.000326772 9.93396e-05 2.67936e-05 6.98972e-06 1.70497e-06
 1.70781e-11 1.85367e-09 1.18634e-07 4.47689e-06 9.96164e-05 0.00130701 0.0101122 0.0461502 0.124442 0.199891 0.199034 0.14397 0.104378 0.0790221 0.0486123 0.0239819 0.0110544 0.00488868 0.00197682 0.000731214 0.000245783 7.34403e-05 1.88476e-05 4.09039e-06 7.75343e-07
 1.74666e-11 1.89583e-09 1.21333e-07 4.57873e-06 0.000101882 0.00133674 0.0103422 0.0471981 0.127248 0.204235 0.202594 0.1445 0.102079 0.0758321 0.0459585 0.0220879 0.00981373 0.00418965 0.00163722 0.000584249 0.000187797 5.30893e-05 1.29467e-05 2.65001e-06 4.43824e-07
 1.76786e-11 1.91884e-09 1.22805e-07 4.63429e-06 0.000103119 0.00135296 0.0104676 0.0477702 0.128782 0.206636 0.204681 0.145189 0.101441 0.0745222 0.0443935 0.0205421 0.00864178 0.00351652 0.00131751 0.000450755 0.000139006 3.76065e-05 8.71664e-06 1.68531e-06 2.64076e-07
 1.81924e-11 1.97461e-09 1.26375e-07 4.76899e-06 0.000106116 0.00139228 0.0107718 0.049156 0.132488 0.212342 0.209194 0.145352 0.0975671 0.0697062 0.0410055 0.0186933 0.00766385 0.0030054 0.00107077 0.000346117 0.000101261 2.60918e-05 5.76418e-06 1.05965e-06 1.57021e-07
 1.87952e-11 2.04003e-09 1.30562e-07 4.927e-06 0.000109632 0.00143841 0.0111286 0.0507817 0.136838 0.219054 0.214579 0.14579 0.0933921 0.0642703 0.0368517 0.0161078 0.00620787 0.00231421 0.000795103 0.00024685 6.85813e-05 1.6656e-05 3.47033e-06 6.04066e-07 8.49091e-08
 1.90844e-11 2.07143e-09 1.32571e-07 5.00283e-06 0.000111319 0.00146054 0.0112998 0.0515621 0.138927 0.222288 0.217223 0.146164 0.0916436 0.061848 0.0348291 0.0146715 0.00529999 0.00184243 0.000592635 0.00017276 4.55216e-05 1.05235e-05 2.07444e-06 3.39764e-07 4.49549e-08
 1.9576e-11 2.12479e-09 1.35986e-07 5.1317e-06 0.000114186 0.00149816 0.0115907 0.0528878 0.142473 0.227743 0.221524 0.146274 0.0878592 0.0571564 0.0315306 0.0128949 0.00441742 0.00144281 0.000434703 0.000117506 2.86559e-05 6.16948e-06 1.142e-06 1.76493e-07 2.20137e-08
 1.97431e-11 2.14293e-09 1.37147e-07 5.1755e-06 0.000115161 0.00151095 0.0116896 0.0533386 0.143679 0.229609 0.223043 0.146466 0.0868099 0.055722 0.0303507 0.0120793 0.00392386 0.00120441 0.000342207 8.65853e-05 1.95929e-05 3.89073e-06 6.62903e-07 9.48119e-08 1.10396e-08
 1.94893e-11 2.11538e-09 1.35384e-07 5.10896e-06 0.000113681 0.00149153 0.0115394 0.0526542 0.14185 0.226808 0.220896 0.146615 0.0890819 0.0583739 0.0320106 0.0127481 0.00412299 0.00124534 0.00034117 8.1437e-05 1.71985e-05 3.17327e-06 4.98962e-07 6.55107e-08 7.00305e-09
 2.0097e-11 2.18134e-09 1.39605e-07 5.26826e-06 0.000117225 0.00153803 0.0118991 0.0542927 0.146229 0.233519 0.226057 0.146317 0.0837366 0.0521056 0.0280551 0.0111043 0.0035724 0.0010734 0.000292428 6.89098e-05 1.41227e-05 2.47441e-06 3.63085e-07 4.40647e-08 4.33108e-09
 2.0859e-11 2.26404e-09 1.44898e-07 5.46801e-06 0.00012167 0.00159634 0.0123501 0.0563474 0.151721 0.241947 0.232596 0.146131 0.0773184 0.0444332 0.0230127 0.0087769 0.00264787 0.000743381 0.000195201 4.53216e-05 9.20452e-06 1.5908e-06 2.27037e-07 2.62707e-08 2.41738e-09
 2.09338e-11 2.27216e-09 1.45418e-07 5.48763e-06 0.000122106 0.00160207 0.0123944 0.0565494 0.152263 0.242797 0.233341 0.146396 0.0771208 0.043968 0.0224 0.0081515 0.00220228 0.000531143 0.000123506 2.62682e-05 5.01047e-06 8.36337e-07 1.17234e-07 1.33387e-08 1.19445e-09
 2.11663e-11 2.2974e-09 1.47033e-07 5.54858e-06 0.000123463 0.00161986 0.012532 0.0571763 0.153937 0.245359 0.235287 0.146204 0.0749576 0.0414961 0.0209307 0.00764225 0.00208796 0.00050366 0.000111534 2.11956e-05 3.50221e-06 5.17203e-07 6.66209e-08 7.19617e-09 6.25422e-10
 2.15657e-11 2.34075e-09 1.49808e-07 5.65328e-06 0.000125792 0.00165043 0.0127684 0.0582533 0.156815 0.249772 0.238691 0.146042 0.0714947 0.0374063 0.0183088 0.00650746 0.00168442 0.000376567 7.93895e-05 1.48204e-05 2.37864e-06 3.24948e-07 3.69718e-08 3.49905e-09 2.73921e-10
 2.1534e-11 2.33731e-09 1.49588e-07 5.64497e-06 0.000125607 0.001648 0.0127496 0.0581678 0.156588 0.249428 0.238451 0.146137 0.0718944 0.0378134 0.0184812 0.00648132 0.00161412 0.000336419 6.56971e-05 1.13992e-05 1.7069e-06 2.21849e-07 2.42635e-08 2.15685e-09 1.52536e-10
 2.18498e-11 2.37158e-09 1.51781e-07 5.72774e-06 0.000127449 0.00167216 0.0129365 0.0590192 0.158862 0.252907 0.241097 0.145885 0.0689689 0.0344588 0.0164688 0.00576543 0.00144905 0.000306023 5.95406e-05 9.95595e-06 1.39244e-06 1.66905e-07 1.69058e-08 1.40822e-09 9.42914e-11
 2.2406e-11 2.43196e-09 1.55645e-07 5.87355e-06 0.000130693 0.00171473 0.0132657 0.0605189 0.162869 0.259045 0.245799 0.145553 0.0639833 0.0286569 0.012867 0.00433945 0.0010203 0.000191911 3.37375e-05 5.42248e-06 7.52052e-07 8.85529e-08 8.5627e-09 6.64426e-10 4.11133e-11
 2.26199e-11 2.45517e-09 1.57131e-07 5.92962e-06 0.000131941 0.0017311 0.0133923 0.0610957 0.16441 0.261406 0.247612 0.145438 0.0620869 0.0264396 0.0114764 0.00377222 0.000838465 0.000139377 2.08256e-05 2.90654e-06 3.56365e-07 3.81763e-08 3.51476e-09 2.65842e-10 1.59061e-11
 2.2521e-11 2.44444e-09 1.56444e-07 5.9037e-06 0.000131364 0.00172353 0.0133338 0.0608291 0.163698 0.260318 0.246789 0.145533 0.0630272 0.0275063 0.0121001 0.00397431 0.000870409 0.000138914 1.93345e-05 2.45883e-06 2.6505e-07 2.41859e-08 1.91e-09 1.27723e-10 7.01802e-12
#obs catch len freq
 3.74738e-11 3.47294e-09 1.89782e-07 6.11503e-06 0.000116181 0.00130159 0.00860015 0.0335489 0.0776942 0.109916 0.108103 0.103978 0.116637 0.121974 0.111465 0.0902059 0.0606894 0.0331044 0.0149763 0.00559476 0.00165655 0.000368477 5.84251e-05 6.32019e-06 4.51388e-07
 5.79882e-11 5.18331e-09 2.73188e-07 8.48992e-06 0.000155574 0.00168103 0.0107129 0.0403077 0.0900415 0.122916 0.116754 0.108411 0.116683 0.116057 0.100474 0.0779891 0.0514235 0.027863 0.0124513 0.0045012 0.00126299 0.000262988 3.88913e-05 3.9246e-06 2.6149e-07
 3.7539e-11 3.23073e-09 1.63948e-07 4.90571e-06 8.65561e-05 0.000900646 0.00553085 0.0201237 0.0442715 0.0647717 0.0843364 0.124157 0.163932 0.163832 0.13324 0.0946444 0.0562945 0.0274594 0.0112885 0.00385892 0.00103234 0.000203228 2.809e-05 2.62983e-06 1.62082e-07
 1.7453e-11 1.44389e-09 7.04346e-08 2.02596e-06 3.43632e-05 0.000343802 0.00203229 0.00715932 0.0156977 0.0256052 0.0442607 0.0831257 0.132826 0.175547 0.192778 0.160649 0.0959569 0.0427002 0.0153393 0.00460168 0.0011103 0.000201681 2.59549e-05 2.26071e-06 1.29081e-07
 3.51224e-10 2.78888e-08 1.30575e-06 3.60479e-05 0.000586793 0.00563221 0.0318761 0.106383 0.209427 0.243614 0.169127 0.0746783 0.0307655 0.0262723 0.0315451 0.0304807 0.0217494 0.0115618 0.0045762 0.00134219 0.000292409 4.6987e-05 5.40778e-06 4.2779e-07 2.24009e-08
 2.0571e-10 1.56551e-08 7.02493e-07 1.85874e-05 0.00029 0.00266836 0.0144911 0.0466431 0.0909097 0.118403 0.137619 0.175887 0.188618 0.132896 0.059186 0.0193013 0.00715667 0.00358795 0.00163507 0.000542499 0.00012431 1.94113e-05 2.05175e-06 1.45413e-07 6.80569e-09
 5.16085e-10 3.75912e-08 1.6145e-06 4.08862e-05 0.000610528 0.00537575 0.0279159 0.0855725 0.155577 0.171921 0.129505 0.0941056 0.0882661 0.0884194 0.076593 0.0489266 0.0205158 0.00546138 0.000998928 0.000161083 2.75981e-05 4.12734e-06 4.33633e-07 2.9655e-08 1.29388e-09
 7.04422e-10 4.90466e-08 2.01359e-06 4.87442e-05 0.000695775 0.00585657 0.0290817 0.085372 0.149784 0.165669 0.141457 0.129694 0.119742 0.0861275 0.0483268 0.0237082 0.0100962 0.00337002 0.000814718 0.0001366 1.59183e-05 1.38192e-06 9.74899e-08 5.47693e-09 2.19211e-10
 1.04335e-09 6.9358e-08 2.71864e-06 6.28339e-05 0.000856312 0.00688178 0.0326276 0.0914631 0.153338 0.162549 0.134391 0.121361 0.113282 0.0872612 0.0547794 0.0277063 0.0102549 0.00262362 0.000481575 6.89103e-05 7.8426e-06 6.62459e-07 3.87782e-08 1.54391e-09 4.25158e-11
 1.48685e-09 9.42622e-08 3.52368e-06 7.76684e-05 0.00100946 0.00773716 0.0349916 0.0936511 0.150574 0.156174 0.133425 0.1271 0.117931 0.0872754 0.0523993 0.0255626 0.00926347 0.00234646 0.000418497 5.42627e-05 5.19612e-06 3.65996e-07 1.86829e-08 6.71845e-10 1.63875e-11
 2.09881e-09 1.26763e-07 4.5144e-06 9.47975e-05 0.00117381 0.00857157 0.0369417 0.094331 0.145553 0.148543 0.132375 0.132559 0.122791 0.0893271 0.0525495 0.0246023 0.0083187 0.00191897 0.000306868 3.57063e-05 3.09918e-06 1.96905e-07 8.84154e-09 2.73058e-10 5.69659e-12
 3.41344e-09 1.96216e-07 6.65068e-06 0.000132919 0.00156642 0.0108867 0.0446551 0.108518 0.159287 0.154328 0.129983 0.123551 0.110678 0.0796587 0.0467041 0.0213836 0.00691234 0.00150075 0.000222497 2.35571e-05 1.829e-06 1.03125e-07 4.11206e-09 1.13065e-10 2.09617e-12
 4.80902e-09 2.62861e-07 8.47197e-06 0.000161003 0.00180422 0.0119247 0.0465341 0.107806 0.152366 0.147875 0.134168 0.134451 0.116996 0.0785669 0.0424852 0.0180643 0.00548498 0.00112777 0.000158932 1.594e-05 1.15811e-06 6.00625e-08 2.16687e-09 5.32529e-11 8.76818e-13
 7.74207e-09 4.02056e-07 1.23113e-05 0.000222286 0.00236663 0.0148611 0.0550996 0.121293 0.162942 0.15044 0.130095 0.125053 0.106211 0.0712966 0.038623 0.0159637 0.00455049 0.000853327 0.000106933 9.40139e-06 6.02858e-07 2.81504e-08 9.28549e-10 2.09451e-11 3.15107e-13
 1.11567e-08 5.50036e-07 1.59895e-05 0.000274077 0.00277031 0.0165169 0.0581741 0.121959 0.157881 0.146547 0.134812 0.132582 0.108255 0.068137 0.0344167 0.0133355 0.00359513 0.000643026 7.72337e-05 6.46695e-06 3.86318e-07 1.63397e-08 4.7884e-10 9.54835e-12 1.27744e-13
 1.61376e-08 7.54784e-07 2.08159e-05 0.000338503 0.00324606 0.0183631 0.0614002 0.122528 0.152824 0.142201 0.136514 0.135612 0.109016 0.0678939 0.033751 0.0125491 0.0031642 0.000518046 5.58264e-05 4.14171e-06 2.20197e-07 8.42899e-09 2.26455e-10 4.14199e-12 5.03847e-14
 2.75829e-08 1.22318e-06 3.19837e-05 0.000493129 0.0044835 0.0240463 0.0762106 0.14398 0.169042 0.145278 0.126768 0.117854 0.0923175 0.0575617 0.0285722 0.0103843 0.00252909 0.000400944 4.21974e-05 3.06027e-06 1.56235e-07 5.56948e-09 1.35708e-10 2.22271e-12 2.42058e-14
 3.50587e-08 1.4733e-06 3.65069e-05 0.00053341 0.00459625 0.0233712 0.0703536 0.127365 0.148925 0.142041 0.145873 0.140722 0.102958 0.0573195 0.0253305 0.0083738 0.00188958 0.000280293 2.77721e-05 1.90785e-06 9.28584e-08 3.16943e-09 7.38781e-11 1.14866e-12 1.17146e-14
 5.38792e-08 2.14477e-06 5.0342e-05 0.000696758 0.00568714 0.0273943 0.0781336 0.134134 0.149222 0.136637 0.136393 0.130866 0.100009 0.0606082 0.0284547 0.00938929 0.00201857 0.000277613 2.50307e-05 1.54674e-06 6.77371e-08 2.10281e-09 4.51771e-11 6.54144e-13 6.25321e-15
 8.53817e-08 3.21846e-06 7.15356e-05 0.000937561 0.0072468 0.0330591 0.0893398 0.145621 0.155059 0.138266 0.134424 0.12326 0.0893439 0.0513635 0.0229561 0.0072812 0.00153403 0.000212869 1.99458e-05 1.29166e-06 5.77338e-08 1.74627e-09 3.50845e-11 4.63823e-13 4.01534e-15
 1.242e-07 4.4323e-06 9.32668e-05 0.00115727 0.0084691 0.0365905 0.0937852 0.14595 0.152249 0.139985 0.139663 0.12443 0.0853947 0.0460691 0.0192248 0.00567264 0.00110783 0.000142145 1.23624e-05 7.5491e-07 3.2626e-08 9.76514e-10 1.96392e-11 2.5899e-13 2.20046e-15
 1.61945e-07 5.47059e-06 0.000108967 0.00127989 0.00886758 0.0362935 0.0883782 0.132398 0.139448 0.139646 0.148617 0.133693 0.0925345 0.0505465 0.020916 0.00598749 0.00112731 0.000140096 1.18553e-05 7.00627e-07 2.8878e-08 8.13611e-10 1.53479e-11 1.90941e-13 1.54654e-15
 2.84794e-07 9.10598e-06 0.000171678 0.00190862 0.0125155 0.0484669 0.111509 0.156766 0.15119 0.133907 0.129411 0.111954 0.077321 0.0422414 0.0170458 0.0046515 0.00082609 9.66031e-05 7.70912e-06 4.31617e-07 1.69298e-08 4.54767e-10 8.16238e-12 9.60832e-14 7.31279e-16
 3.90248e-07 1.18105e-05 0.00021076 0.0022179 0.0137687 0.0505174 0.110516 0.150101 0.147451 0.141802 0.141113 0.11556 0.0727142 0.0361446 0.0135938 0.00356612 0.000628713 7.51551e-05 6.20994e-06 3.55029e-07 1.37955e-08 3.57077e-10 6.07455e-12 6.73058e-14 4.81225e-16
 5.52279e-07 1.58212e-05 0.000267251 0.0026622 0.0156465 0.0543832 0.113027 0.147605 0.144526 0.143105 0.142663 0.114803 0.0712111 0.0344686 0.0122083 0.00290771 0.00044947 4.57918e-05 3.21209e-06 1.61074e-07 5.7805e-09 1.43931e-10 2.39643e-12 2.5938e-14 1.79096e-16
 8.14851e-07 2.2098e-05 0.000353368 0.00333239 0.0185432 0.0610503 0.120443 0.150589 0.144481 0.142398 0.138947 0.108913 0.0662462 0.0312575 0.0106278 0.00240604 0.000352293 3.38409e-05 2.20495e-06 9.99032e-08 3.14905e-09 6.79622e-11 9.87321e-13 9.52207e-15 6.01085e-17
 1.16166e-06 2.98264e-05 0.000451572 0.00403201 0.0212469 0.0662985 0.124425 0.150174 0.144264 0.144641 0.138728 0.104987 0.061571 0.027871 0.00903052 0.00194751 0.000273449 2.54403e-05 1.61521e-06 7.09796e-08 2.13704e-09 4.31609e-11 5.7443e-13 4.97869e-15 2.78454e-17
 1.53855e-06 3.74056e-05 0.000536255 0.0045343 0.0226353 0.0670227 0.120242 0.142696 0.143209 0.151471 0.144748 0.106429 0.0603841 0.0261815 0.0080197 0.0016209 0.000212339 1.84025e-05 1.09061e-06 4.50015e-08 1.28158e-09 2.46096e-11 3.11625e-13 2.55898e-15 1.345e-17
#spawning biomass
 27454.3 33670.7 25575.5 14373.8 16334.2 23153.4 28939.5 38419.2 48452.9 58559.8 70469 76439.1 84942.9 91860.9 98718.4 100621 103648 109174 107954 118747 109687 120224 119700 117346 131758 135352 135946 157280 294249 463158 426158 343748 258032 187616 136390 101789 79541.2 65719.9 57344 52360.3 49435.2 47736 46752.8 46184 45865.1 45686.3 45586.1 45530 45498.5 45480.8 45470.9 45465.4 45462.3 45460.5 45459.6 45459 45458.7 45458.5 45458.4 45458.4 45458.4 45458.3 45458.3 45458.3 45458.3 45458.3 45458.3 45458.3 45458.3 45458.3 45458.3 45458.3 45458.3 45458.3 45458.3 45458.3 45458.3 45458.3 45458.3 45458.3 45458.3 45458.3 45458.3 45458.3 45458.3 45458.3 45458.3 45458.3 45458.3 45458.3 45458.3 45458.3 45458.3 45458.3 45458.3 45458.3 45458.3 45458.3 45458.3 45458.3 45458.3 45458.3 45458.3 45458.3 45458.3 45458.3 45458.3 45458.3 45458.3 45458.3 45458.3 45458.3 45458.3 45458.3 45458.3 45458.3 45458.3 45458.3 45458.3 45458.3 45458.3 45458.3 45458.3 45458.3 45458.3 45458.3 45458.3 45458.3 0 0 0 0 0 0 0 0 0 0 0 0 0 0 0 0 0 0 0 0 0 0 0 0 0
