SBPRF35
28.203
Curr Bio
146412
B35
3.04226e+07
F35
0.0239311
FOFL
0
OFL
0
Bzero
8.058e+06
#pred survey bio
 26182.8 28822.6 22520.2 12938.9 18075.5 22297.1 29748.6 39573.4 50251.8 63386.5 77876.7 86386.3 97986.2 108129 117849 121885 126593 132245 136020 151818 143241 157101 160212 158229 179500 189599 189196 184466 6.16819e+06 1.1366e+07 1.76611e+07 2.38732e+07 2.95869e+07 3.46003e+07 3.88634e+07 4.24127e+07 4.53269e+07 4.76988e+07 4.96205e+07 5.11756e+07 5.24362e+07 5.34627e+07 5.41533e+07 5.43486e+07 5.45426e+07 5.47345e+07 5.49239e+07 5.51105e+07 5.5294e+07 5.54743e+07 5.56513e+07 5.5825e+07 5.59955e+07 5.61627e+07 5.63267e+07 5.64875e+07 5.66451e+07 5.67998e+07 5.69514e+07 5.71001e+07 5.7246e+07 5.73891e+07 5.75295e+07 5.76672e+07 5.78023e+07 5.79349e+07 5.80651e+07 5.81929e+07 5.83183e+07 5.84414e+07 5.85623e+07 5.86811e+07 5.87977e+07 5.89123e+07 5.90249e+07 5.91355e+07 5.92442e+07 5.9351e+07 5.9456e+07 5.95593e+07 5.96607e+07 5.97606e+07 5.98587e+07 5.99552e+07 6.00502e+07 6.01436e+07 6.02356e+07 6.0326e+07 6.04151e+07 6.05027e+07 6.0589e+07 6.06739e+07 6.07575e+07 6.08399e+07 6.0921e+07 6.10009e+07 6.10796e+07 6.11572e+07 6.12336e+07 6.13089e+07 6.13832e+07 6.14563e+07 6.15285e+07 6.15996e+07 6.16697e+07 6.17388e+07 6.1807e+07 6.18743e+07 6.19406e+07 6.20061e+07 6.20707e+07 6.21344e+07 6.21973e+07 6.22594e+07 6.23207e+07 6.23812e+07 6.24409e+07 6.24999e+07 6.25581e+07 6.26156e+07 6.26724e+07 6.27285e+07 6.2784e+07 6.28387e+07 6.28928e+07 6.29463e+07 6.29991e+07 6.30513e+07 0 0 0 0 0 0 0 0 0 0 0 0 0 0 0 0 0 0 0 0 0 0 0 0 0
#obs survey bio
 23970.4 20981.8 18891.7 12701.8 14474.3 20217.6 31921.5 46648.7 56671.3 61312.8 83771.5 102091 79413.1 67560.2 78946.7 88399.4 122491 123101 125236 98315.6 113212 122752 178820 157929 117403 145340 115475 144353
#pred catch bio
 14352.8 18525.5 17576.7 9162.17 13652.7 16833.2 22618.7 31129.6 39784.2 50201.8 64180.2 71271.2 81587.1 91582.7 101368 106337 109365 117427 118793 139520 127248 143904 146336 141537 165401 176402 179355 143086 0 12652.9 19932.9 27152.6 33825.4 39690.1 44672 48805.4 52179.3 54902.7 57085.5 58828 60217.3 61326.2 62041.1 62182.7 62320.1 62453.3 62582.5 62707.8 62829.3 62947.2 63061.5 63172.3 63279.8 63384 63485.1 63583.1 63678.2 63770.4 63859.8 63946.6 64030.7 64112.2 64191.3 64268 64342.4 64414.5 64484.5 64552.4 64618.2 64682 64743.9 64803.9 64862.1 64918.5 64973.3 65026.4 65077.8 65127.8 65176.2 65223.2 65268.7 65312.9 65355.7 65397.2 65437.5 65476.6 65514.5 65551.2 65586.8 65621.4 65654.9 65687.4 65718.9 65749.5 65779.1 65807.9 65835.8 65862.8 65889 65914.5 65939.1 65963 65986.2 66008.7 66030.5 66051.7 66072.2 66092.1 66111.4 66130.1 66148.3 66165.9 66182.9 66199.5 66215.5 66231.1 66246.2 66260.8 66275 66288.8 66302.2 66315.1 66327.7 66339.8 66351.7 66363.1 66374.2 66385 0 0 0 0 0 0 0 0 0 0 0 0 0 0 0 0 0 0 0 0 0 0 0 0 0
#obs catch bio
 19321.7 20190.3 19978.8 10285 9455.52 15288.7 18145.1 24459.9 35308.4 45976.9 57111.4 59840.7 73799.2 82256.9 96963 95425.7 92938 99638 107801 129708 117872 129090 122616 109198 145022 153172 161667 115122
#pred cpue bio
 20555.7 23644 20984.2 9314.09 9583.71 12822.4 15704.1 20945.2 25485.3 32062.8 40322.9 43459.8 48453.2 53408.7 55531.9 57506.3 56248.6 61638.2 56718.1 64827.3 55758.4 64461.9 59931.5 63186.5 69000.5 67813.1 68671.1 60890.3 3.19717e+06 1.12272e+07 1.7543e+07 2.37537e+07 2.94673e+07 3.44807e+07 3.87438e+07 4.22931e+07 4.52073e+07 4.75792e+07 4.95009e+07 5.1056e+07 5.23166e+07 5.33431e+07 5.40337e+07 5.4229e+07 5.4423e+07 5.46149e+07 5.48043e+07 5.49909e+07 5.51744e+07 5.53547e+07 5.55317e+07 5.57054e+07 5.58759e+07 5.60431e+07 5.62071e+07 5.63679e+07 5.65255e+07 5.66802e+07 5.68318e+07 5.69805e+07 5.71264e+07 5.72695e+07 5.74099e+07 5.75476e+07 5.76827e+07 5.78153e+07 5.79455e+07 5.80733e+07 5.81987e+07 5.83218e+07 5.84427e+07 5.85615e+07 5.86781e+07 5.87927e+07 5.89053e+07 5.90159e+07 5.91246e+07 5.92314e+07 5.93364e+07 5.94397e+07 5.95411e+07 5.9641e+07 5.97391e+07 5.98356e+07 5.99306e+07 6.0024e+07 6.0116e+07 6.02064e+07 6.02955e+07 6.03831e+07 6.04694e+07 6.05543e+07 6.06379e+07 6.07203e+07 6.08014e+07 6.08813e+07 6.096e+07 6.10376e+07 6.1114e+07 6.11893e+07 6.12636e+07 6.13367e+07 6.14089e+07 6.148e+07 6.15501e+07 6.16192e+07 6.16874e+07 6.17547e+07 6.1821e+07 6.18865e+07 6.19511e+07 6.20148e+07 6.20777e+07 6.21398e+07 6.22011e+07 6.22616e+07 6.23213e+07 6.23803e+07 6.24385e+07 6.2496e+07 6.25528e+07 6.26089e+07 6.26644e+07 6.27191e+07 6.27732e+07 6.28267e+07 6.28795e+07 6.29317e+07 0 0 0 0 0 0 0 0 0 0 0 0 0 0 0 0 0 0 0 0 0 0 0 0 0
#obs cpue bio
 30507.6 20906.7 15791.6 11795.4 23550.4 23222.1 37630.8 47101.2 34679.9 44143.5 67001 73273.8 84949.9 125996 99489 129537 112189 127344 88029.8 135013 91410.5 133782 114305 171712 168532 157963 172098 178035
#pred surv len freq
 1.17211e-11 1.27221e-09 8.14214e-08 3.07259e-06 6.83693e-05 0.000897052 0.00694112 0.0316943 0.0856873 0.139458 0.147464 0.129681 0.124599 0.11219 0.0800649 0.0505209 0.0317643 0.0196944 0.0123339 0.00814697 0.00582754 0.00459944 0.00382202 0.00287973 0.00166169
 9.70747e-12 1.05365e-09 6.74336e-08 2.54474e-06 5.66241e-05 0.000742961 0.00574942 0.0262668 0.0712058 0.117438 0.131392 0.133561 0.147114 0.137646 0.09579 0.056549 0.0329343 0.0187796 0.0103846 0.00573496 0.00331091 0.00212632 0.00152657 0.0010761 0.000613265
 4.26118e-12 4.6251e-10 2.96006e-08 1.11704e-06 2.48564e-05 0.00032618 0.00252575 0.0115765 0.0318953 0.0567276 0.0824428 0.1288 0.183667 0.186194 0.134224 0.0818305 0.0478415 0.0260208 0.0131765 0.00643058 0.0030862 0.00154106 0.000864833 0.000522865 0.000279527
 1.38874e-11 1.50735e-09 9.64701e-08 3.64048e-06 8.10053e-05 0.00106283 0.00822313 0.0375317 0.101243 0.162958 0.163864 0.123186 0.0976693 0.0862128 0.0724742 0.0578231 0.0409684 0.0242273 0.0124603 0.00580007 0.00248065 0.00101379 0.00042755 0.000197914 9.07653e-05
 1.69581e-11 1.84064e-09 1.17801e-07 4.44544e-06 9.89166e-05 0.00129783 0.0100413 0.0458298 0.12362 0.198911 0.199656 0.148541 0.112289 0.0847192 0.0472607 0.0177315 0.00547042 0.00223808 0.0012287 0.000632094 0.000274589 0.000103212 3.54364e-05 1.2086e-05 4.23245e-06
 1.57199e-11 1.70624e-09 1.09199e-07 4.12084e-06 9.16939e-05 0.00120307 0.00930853 0.0424926 0.114721 0.185417 0.189994 0.151517 0.126893 0.100328 0.0552142 0.0186137 0.00372878 0.000441121 3.07846e-05 1.26858e-06 3.15765e-08 7.67548e-10 1.11662e-10 3.05571e-11 7.96368e-12
 1.67903e-11 1.82243e-09 1.16635e-07 4.40145e-06 9.79379e-05 0.00128499 0.00994209 0.0453787 0.12243 0.197207 0.198938 0.150588 0.116861 0.0888794 0.0484216 0.0162897 0.00326212 0.000385994 2.69635e-05 1.11409e-06 2.74412e-08 4.1382e-10 4.13912e-12 3.27399e-14 3.45413e-16
 1.67602e-11 1.81916e-09 1.16426e-07 4.39355e-06 9.7762e-05 0.00128268 0.00992424 0.0452974 0.122213 0.196875 0.198686 0.150615 0.117144 0.0892023 0.0486128 0.0163548 0.00327492 0.000387393 2.70318e-05 1.11255e-06 2.70243e-08 3.88279e-10 3.32686e-12 1.74819e-14 6.13173e-17
 1.72347e-11 1.87067e-09 1.19722e-07 4.51795e-06 0.00010053 0.001319 0.0102051 0.0465768 0.12563 0.202102 0.202652 0.150203 0.112697 0.084127 0.0456015 0.0153243 0.00306787 0.000362876 2.53188e-05 1.04174e-06 2.52777e-08 3.61809e-10 3.05838e-12 1.53304e-14 4.62189e-17
 1.72625e-11 1.87368e-09 1.19915e-07 4.52524e-06 0.000100692 0.00132113 0.0102216 0.0466518 0.12583 0.202408 0.202884 0.150179 0.112437 0.0838297 0.045425 0.0152639 0.00305574 0.000361439 2.52183e-05 1.03757e-06 2.51734e-08 3.60156e-10 3.03956e-12 1.51492e-14 4.47608e-17
 1.70089e-11 1.84616e-09 1.18154e-07 4.45876e-06 9.9213e-05 0.00130172 0.0100715 0.0459681 0.124004 0.199615 0.200765 0.150399 0.114813 0.0865418 0.0470343 0.0158146 0.00316637 0.000374534 2.6132e-05 1.07517e-06 2.60854e-08 3.73201e-10 3.14951e-12 1.56948e-14 4.6347e-17
 1.73201e-11 1.87993e-09 1.20315e-07 4.54032e-06 0.000101028 0.00132553 0.0102556 0.0468069 0.126245 0.203042 0.203365 0.150129 0.111897 0.0832142 0.0450598 0.015139 0.00303063 0.000358467 2.50108e-05 1.02903e-06 2.49649e-08 3.57122e-10 3.01234e-12 1.49849e-14 4.39726e-17
 1.74987e-11 1.89931e-09 1.21556e-07 4.58714e-06 0.00010207 0.0013392 0.0103613 0.0472885 0.127531 0.205009 0.204857 0.149975 0.110224 0.0813041 0.0439265 0.0147512 0.00295272 0.000349245 2.43672e-05 1.00255e-06 2.43225e-08 3.47929e-10 2.93473e-12 1.45975e-14 4.28221e-17
 1.75102e-11 1.90056e-09 1.21636e-07 4.59015e-06 0.000102137 0.00134008 0.0103681 0.0473194 0.127614 0.205136 0.204953 0.149965 0.110116 0.0811813 0.0438536 0.0147262 0.00294771 0.000348652 2.43259e-05 1.00084e-06 2.42811e-08 3.47336e-10 2.92968e-12 1.45714e-14 4.27361e-17
 1.79701e-11 1.95048e-09 1.24831e-07 4.71072e-06 0.000104819 0.00137527 0.0106403 0.0485594 0.130926 0.210201 0.208796 0.149566 0.105806 0.0762625 0.0409351 0.0137276 0.00274707 0.000324903 2.26686e-05 9.32658e-07 2.26269e-08 3.23672e-10 2.73006e-12 1.35782e-14 3.98194e-17
 1.79583e-11 1.9492e-09 1.24748e-07 4.70762e-06 0.00010475 0.00137437 0.0106333 0.0485275 0.13084 0.210071 0.208697 0.149576 0.105917 0.076389 0.0410102 0.0137533 0.00275223 0.000325514 2.27113e-05 9.34412e-07 2.26694e-08 3.2428e-10 2.73518e-12 1.36036e-14 3.98929e-17
 1.84933e-11 2.00727e-09 1.28465e-07 4.84787e-06 0.000107871 0.00141531 0.01095 0.04997 0.134693 0.215963 0.213167 0.149112 0.100903 0.0706672 0.0376152 0.0125916 0.00251883 0.000297888 2.07835e-05 8.55095e-07 2.07451e-08 2.96754e-10 2.50301e-12 1.24489e-14 3.65065e-17
 1.80715e-11 1.96149e-09 1.25535e-07 4.73729e-06 0.000105411 0.00138303 0.0107003 0.0488327 0.131656 0.211318 0.209643 0.149478 0.104856 0.0751783 0.0402919 0.0135074 0.00270284 0.000319668 2.23034e-05 9.17629e-07 2.22623e-08 3.18456e-10 2.68605e-12 1.33593e-14 3.91762e-17
 1.90033e-11 2.06263e-09 1.32008e-07 4.98157e-06 0.000110846 0.00145434 0.0112519 0.0513451 0.138366 0.221581 0.217429 0.14867 0.0961236 0.0652123 0.0343787 0.011484 0.00229632 0.000271551 1.89456e-05 7.79478e-07 1.89106e-08 2.70511e-10 2.28166e-12 1.1348e-14 3.32781e-17
 1.88188e-11 2.0426e-09 1.30726e-07 4.93321e-06 0.00010977 0.00144022 0.0111427 0.0508477 0.137038 0.219549 0.215887 0.14883 0.0978526 0.0671855 0.0355495 0.0118847 0.00237681 0.000281078 1.96105e-05 8.06831e-07 1.95742e-08 2.80004e-10 2.36173e-12 1.17462e-14 3.44459e-17
 1.94992e-11 2.11645e-09 1.35452e-07 5.11155e-06 0.000113738 0.00149228 0.0115453 0.0526819 0.141937 0.227042 0.221572 0.14824 0.0914773 0.0599096 0.0312324 0.0104074 0.00208002 0.000245948 1.71591e-05 7.05971e-07 1.71273e-08 2.45001e-10 2.06649e-12 1.02778e-14 3.01398e-17
 1.91244e-11 2.07577e-09 1.32849e-07 5.01331e-06 0.000111552 0.0014636 0.0113235 0.0516715 0.139238 0.222914 0.21844 0.148565 0.0949892 0.0639176 0.0336105 0.0112212 0.00224351 0.0002653 1.85094e-05 7.61531e-07 1.84752e-08 2.64283e-10 2.22913e-12 1.10867e-14 3.25119e-17
 1.97622e-11 2.145e-09 1.37279e-07 5.1805e-06 0.000115272 0.00151241 0.011701 0.0533911 0.143831 0.229939 0.22377 0.148012 0.0890125 0.0570966 0.0295633 0.00983632 0.00196528 0.000232366 1.62113e-05 6.66976e-07 1.61812e-08 2.31468e-10 1.95235e-12 9.71014e-15 2.84751e-17
 1.93214e-11 2.09715e-09 1.34217e-07 5.06494e-06 0.000112701 0.00147868 0.0114401 0.0522026 0.140657 0.225084 0.220086 0.148394 0.0931433 0.061811 0.0323605 0.0107935 0.00215758 0.000255128 1.77997e-05 7.32328e-07 1.77667e-08 2.54148e-10 2.14364e-12 1.06616e-14 3.12651e-17
 1.9584e-11 2.12566e-09 1.36042e-07 5.13379e-06 0.000114233 0.00149877 0.0115955 0.0529106 0.142548 0.227976 0.222281 0.148167 0.0906823 0.0590023 0.0306941 0.0102232 0.00204301 0.000241568 1.68534e-05 6.93394e-07 1.68222e-08 2.40636e-10 2.02968e-12 1.00947e-14 2.96029e-17
 2.00399e-11 2.17514e-09 1.39208e-07 5.25329e-06 0.000116892 0.00153366 0.0118653 0.0541397 0.145831 0.232997 0.22609 0.147771 0.0864103 0.0541268 0.0278013 0.00923337 0.00184414 0.000218028 1.52108e-05 6.25809e-07 1.51825e-08 2.17181e-10 1.83184e-12 9.1108e-15 2.67175e-17
 1.9951e-11 2.16549e-09 1.38591e-07 5.22999e-06 0.000116373 0.00152686 0.0118127 0.0539 0.145191 0.232018 0.225347 0.147848 0.0872434 0.0550776 0.0283654 0.0094264 0.00188292 0.000222618 1.55311e-05 6.38989e-07 1.55022e-08 2.21755e-10 1.87042e-12 9.30268e-15 2.72802e-17
 2.04918e-11 2.22419e-09 1.42348e-07 5.37176e-06 0.000119528 0.00156824 0.0121328 0.0553582 0.149085 0.237975 0.229866 0.14738 0.0821753 0.0492936 0.0249335 0.00825207 0.00164699 0.000194692 1.35824e-05 5.5881e-07 1.3557e-08 1.9393e-10 1.63572e-12 8.13538e-15 2.38571e-17
#obs surv len freq
 4.18967e-11 3.88284e-09 2.12181e-07 6.83676e-06 0.000129893 0.0014552 0.0096148 0.0375006 0.0867671 0.122182 0.117775 0.10796 0.115602 0.116206 0.101533 0.0797609 0.0535318 0.0295797 0.0135223 0.00503315 0.00146552 0.000319251 4.97714e-05 5.32952e-06 3.78762e-07
 2.65011e-11 2.36882e-09 1.24849e-07 3.87999e-06 7.11006e-05 0.000768367 0.00490003 0.018504 0.0421332 0.0630494 0.081843 0.120234 0.161863 0.165149 0.136077 0.098053 0.0594713 0.0295824 0.0124203 0.00436965 0.00121478 0.000250666 3.65799e-05 3.63765e-06 2.39315e-07
 1.19783e-11 1.03089e-09 5.23141e-08 1.56537e-06 2.76204e-05 0.000287459 0.00176722 0.00646721 0.0146512 0.0242356 0.0416705 0.0789747 0.128416 0.172192 0.193 0.165653 0.102033 0.0465992 0.0171299 0.00528201 0.00132242 0.000251724 3.42278e-05 3.1698e-06 1.9335e-07
 2.43092e-10 2.0111e-08 9.81037e-07 2.82178e-05 0.000478572 0.00478586 0.0282205 0.0981262 0.201254 0.243849 0.176112 0.0802112 0.0325534 0.0265167 0.0321567 0.0319714 0.0235098 0.0128975 0.00528414 0.00160887 0.000365176 6.15e-05 7.47324e-06 6.28422e-07 3.51638e-08
 1.3712e-10 1.0888e-08 5.09775e-07 1.40734e-05 0.000229099 0.0021994 0.0124612 0.0418249 0.0848103 0.113845 0.133894 0.173889 0.193173 0.141897 0.0656114 0.0217035 0.00784808 0.00392537 0.00184914 0.000641677 0.00015452 2.54518e-05 2.84908e-06 2.14794e-07 1.07412e-08
 3.43685e-10 2.61553e-08 1.17367e-06 3.10542e-05 0.000484489 0.00445708 0.0241817 0.0774376 0.147005 0.169209 0.1314 0.0962165 0.0904503 0.0917506 0.0814667 0.0540787 0.0237335 0.0066053 0.00124704 0.000203112 3.54427e-05 5.55303e-06 6.19487e-07 4.52087e-08 2.11135e-09
 4.62207e-10 3.36667e-08 1.44595e-06 3.66178e-05 0.000546798 0.00481488 0.0250109 0.0767891 0.14076 0.161916 0.141833 0.132262 0.125736 0.093338 0.0534736 0.026636 0.0116184 0.00401408 0.00101156 0.000177461 2.16175e-05 1.95411e-06 1.43903e-07 8.54089e-09 3.65054e-10
 6.78287e-10 4.72269e-08 1.93889e-06 4.69358e-05 0.000669961 0.00563926 0.0280021 0.0821948 0.144139 0.15908 0.135051 0.124087 0.118971 0.0941129 0.0604315 0.0314945 0.0121274 0.00323267 0.000615037 9.0943e-05 1.07649e-05 9.55096e-07 5.90771e-08 2.49247e-09 7.29412e-11
 9.51258e-10 6.32361e-08 2.47868e-06 5.7288e-05 0.000780736 0.00627459 0.0297534 0.0834741 0.140527 0.151881 0.133604 0.130542 0.125146 0.095313 0.0585634 0.0294312 0.0110926 0.00293097 0.000544675 7.35663e-05 7.3551e-06 5.42959e-07 2.919e-08 1.11177e-09 2.88698e-11
 1.32538e-09 8.40258e-08 3.14103e-06 6.92341e-05 0.000899849 0.00689729 0.0312 0.0835967 0.135169 0.143801 0.13216 0.136429 0.13092 0.0980703 0.0591526 0.02863 0.0101034 0.002438 0.000406804 4.93005e-05 4.46843e-06 2.98089e-07 1.41278e-08 4.62481e-10 1.02646e-11
 2.14623e-09 1.29627e-07 4.6164e-06 9.69393e-05 0.00120032 0.00876508 0.0377729 0.0964163 0.148484 0.150267 0.130985 0.128695 0.11944 0.0884629 0.0532677 0.0252969 0.00855801 0.00194805 0.00030208 3.33904e-05 2.71147e-06 1.60616e-07 6.76048e-09 1.97057e-10 3.88787e-12
 2.97877e-09 1.7123e-07 5.80379e-06 0.000115993 0.00136698 0.00950136 0.0389897 0.0949609 0.14093 0.143043 0.134945 0.140834 0.127548 0.0883696 0.0491186 0.0216588 0.00688279 0.00148435 0.000218985 2.2965e-05 1.74867e-06 9.54685e-08 3.64107e-09 9.49407e-11 1.66408e-12
 4.78222e-09 2.61396e-07 8.42475e-06 0.000160105 0.00179417 0.0118582 0.0462729 0.107184 0.15137 0.146469 0.132172 0.132602 0.117142 0.0810665 0.0452585 0.0194873 0.00583657 0.00115187 0.000151508 1.39395e-05 9.35884e-07 4.59506e-08 1.60199e-09 3.83608e-11 6.14823e-13
 6.79553e-09 3.52901e-07 1.08061e-05 0.000195111 0.00207735 0.0130461 0.0483982 0.106855 0.145598 0.142076 0.137341 0.141859 0.120853 0.0785601 0.0409257 0.0165217 0.00468032 0.000881209 0.00011119 9.76406e-06 6.12571e-07 2.73123e-08 8.46975e-10 1.79303e-11 2.55454e-13
 9.75869e-09 4.81114e-07 1.3986e-05 0.000239735 0.00242325 0.0144495 0.0509242 0.107095 0.140706 0.137834 0.13936 0.145536 0.121984 0.078452 0.0403272 0.0156787 0.00416677 0.000720078 8.17055e-05 6.36284e-06 3.55022e-07 1.43122e-08 4.06876e-10 7.9071e-12 1.0253e-13
 1.67108e-08 7.81595e-07 2.15553e-05 0.000350525 0.00336132 0.019014 0.0635582 0.126651 0.156913 0.142629 0.132002 0.129424 0.105639 0.0680167 0.0350072 0.0133408 0.00342858 0.0005738 6.35996e-05 4.84937e-06 2.60639e-07 9.8162e-09 2.53589e-10 4.41597e-12 5.12607e-14
 2.0803e-08 9.22521e-07 2.41221e-05 0.000371925 0.00338184 0.0181462 0.0576451 0.110159 0.136189 0.138064 0.151111 0.154159 0.117918 0.0679423 0.0311098 0.0107684 0.00256283 0.00040135 4.1887e-05 3.02558e-06 1.5506e-07 5.59457e-09 1.38407e-10 2.29132e-12 2.49466e-14
 3.1936e-08 1.34207e-06 3.32553e-05 0.0004859 0.00418692 0.0212913 0.0641133 0.116254 0.136916 0.133588 0.1423 0.14399 0.11448 0.0717752 0.0351378 0.012219 0.00278158 0.000404937 3.85338e-05 2.50621e-06 1.15548e-07 3.78919e-09 8.63598e-11 1.33132e-12 1.35895e-14
 5.04597e-08 2.00865e-06 4.7147e-05 0.000652542 0.00532641 0.0256608 0.0732473 0.126227 0.142734 0.136655 0.142831 0.138539 0.104595 0.0622579 0.0290217 0.00969369 0.00215866 0.000316336 3.12465e-05 2.13392e-06 1.00883e-07 3.23865e-09 6.92423e-11 9.76013e-13 9.02599e-15
 7.34863e-08 2.77007e-06 6.15695e-05 0.000806957 0.00623785 0.0284684 0.0770948 0.126918 0.140811 0.139258 0.149217 0.140522 0.1005 0.0561946 0.0244842 0.00761514 0.00157329 0.000213289 1.95458e-05 1.25678e-06 5.73524e-08 1.8206e-09 3.8988e-11 5.49143e-13 4.99507e-15
 9.31257e-08 3.32335e-06 6.99322e-05 0.000867761 0.00635161 0.0274669 0.0707123 0.112335 0.126889 0.138434 0.158909 0.150919 0.108715 0.061667 0.0267353 0.00808287 0.00161057 0.000211461 1.88671e-05 1.17614e-06 5.12921e-08 1.53463e-09 3.08363e-11 4.09685e-13 3.55214e-15
 1.68386e-07 5.68817e-06 0.0001133 0.00133078 0.00921969 0.0377252 0.0917542 0.136699 0.141058 0.135797 0.14155 0.129104 0.0927222 0.0527235 0.0223617 0.00645686 0.00121462 0.000150115 1.26316e-05 7.46021e-07 3.09683e-08 8.83908e-10 1.69139e-11 2.1284e-13 1.73564e-15
 2.23652e-07 7.15105e-06 0.000134823 0.00149896 0.0098319 0.0381238 0.0882582 0.127618 0.13616 0.145217 0.157156 0.13616 0.0892996 0.0461935 0.0182254 0.00504682 0.000940083 0.000118589 1.03428e-05 6.25803e-07 2.58265e-08 7.12052e-10 1.29319e-11 1.53284e-13 1.17485e-15
 3.13294e-07 9.48156e-06 0.000169203 0.00178067 0.0110573 0.0406213 0.0894061 0.124713 0.133804 0.147898 0.160198 0.136169 0.0880787 0.0445209 0.0166135 0.00419302 0.000687167 7.40173e-05 5.47234e-06 2.89214e-07 1.09802e-08 2.90718e-10 5.16906e-12 5.99316e-14 4.44266e-16
 4.6253e-07 1.32502e-05 0.000223823 0.00222972 0.0131081 0.045617 0.0953609 0.127689 0.135099 0.1492 0.158037 0.130701 0.0829382 0.0409515 0.0146957 0.00352835 0.000548012 5.57237e-05 3.83649e-06 1.83778e-07 6.14128e-09 1.40965e-10 2.18425e-12 2.25276e-14 1.52469e-16
 6.50904e-07 1.7652e-05 0.000282278 0.00266222 0.0148203 0.0488924 0.0973663 0.126598 0.135873 0.153818 0.160176 0.127882 0.0783307 0.0371686 0.0127228 0.00290981 0.000433155 4.26412e-05 2.86213e-06 1.33187e-07 4.26021e-09 9.17037e-11 1.30408e-12 1.21023e-14 7.26154e-17
 8.47606e-07 2.17629e-05 0.000329502 0.00294255 0.0155179 0.0485979 0.092725 0.119529 0.135698 0.161918 0.167207 0.129531 0.0768404 0.0349956 0.0113416 0.00243304 0.000338082 3.1012e-05 1.94301e-06 8.48828e-08 2.56801e-09 5.25706e-11 7.11725e-13 6.26333e-15 3.53501e-17
 1.32635e-06 3.22466e-05 0.000462302 0.00390928 0.0195219 0.0578972 0.104627 0.127729 0.137282 0.155909 0.155954 0.12008 0.0717297 0.0323578 0.0101335 0.00207325 0.000274102 2.39625e-05 1.42973e-06 5.91056e-08 1.67694e-09 3.19768e-11 4.02283e-13 3.29353e-15 1.73435e-17
#pred catch len freq
 1.68492e-12 1.82882e-10 1.17045e-08 4.41698e-07 9.82922e-06 0.000129024 0.00100062 0.00462202 0.0132235 0.0273875 0.0563126 0.118139 0.186832 0.1948 0.143333 0.0908963 0.0571781 0.0354507 0.0222007 0.014664 0.0104891 0.00827863 0.00687934 0.00518328 0.0029909
 1.37032e-12 1.48735e-10 9.51905e-09 3.59228e-07 7.99428e-06 0.000104956 0.00081469 0.00377998 0.0110424 0.0246069 0.0569466 0.127541 0.204585 0.211379 0.150081 0.0888814 0.0517734 0.0295189 0.0163222 0.0090138 0.00520381 0.00334197 0.00239932 0.00169132 0.000963877
 5.0375e-13 5.46774e-11 3.49939e-09 1.32065e-07 2.93967e-06 3.86403e-05 0.000301743 0.00144199 0.00477936 0.0148799 0.0488434 0.125962 0.209431 0.219532 0.159244 0.0971468 0.0567825 0.0308786 0.0156353 0.00763032 0.00366195 0.00182854 0.00102617 0.000620407 0.000331673
 3.83516e-12 4.1627e-10 2.66412e-08 1.00536e-06 2.23712e-05 0.00029356 0.00227284 0.01041 0.0285812 0.0500444 0.069421 0.102998 0.14705 0.161153 0.141704 0.113686 0.0805562 0.0476317 0.0244958 0.0114021 0.00487656 0.00199295 0.00084049 0.000389065 0.000178429
 1.30087e-11 1.41197e-09 9.03658e-08 3.41013e-06 7.588e-05 0.000995601 0.00770384 0.035181 0.0951694 0.155336 0.16629 0.150948 0.147693 0.125691 0.0722709 0.0272739 0.0084144 0.00343771 0.00188622 0.000970269 0.000421491 0.000158429 5.43944e-05 1.85519e-05 6.49676e-06
 1.08996e-11 1.18305e-09 7.5715e-08 2.85725e-06 6.3578e-05 0.000834207 0.00645567 0.0294967 0.0800084 0.132328 0.149719 0.155696 0.172063 0.151879 0.0858015 0.0290802 0.00583162 0.000690034 4.81575e-05 1.98449e-06 4.93915e-08 1.1987e-09 1.74017e-10 4.76148e-11 1.24092e-11
 1.29558e-11 1.40623e-09 8.99984e-08 3.39626e-06 7.55715e-05 0.000991555 0.00767262 0.0350404 0.0948158 0.154974 0.166899 0.153913 0.152794 0.129889 0.072754 0.0246161 0.00493512 0.000584083 4.08025e-05 1.68588e-06 4.15228e-08 6.26055e-10 6.25848e-12 4.94491e-14 5.2097e-16
 1.35008e-11 1.46538e-09 9.37844e-08 3.53913e-06 7.87505e-05 0.00103326 0.00799519 0.0365098 0.0987406 0.160977 0.171453 0.153441 0.147687 0.12406 0.0692954 0.023432 0.00469682 0.000555699 3.87775e-05 1.59599e-06 3.87669e-08 5.56985e-10 4.7721e-12 2.50713e-14 8.78862e-17
 1.43578e-11 1.55841e-09 9.97378e-08 3.7638e-06 8.37494e-05 0.00109885 0.00850242 0.0388205 0.104912 0.170416 0.178614 0.152698 0.139656 0.114895 0.063857 0.021571 0.0043229 0.000511428 3.5685e-05 1.46828e-06 3.56274e-08 5.09948e-10 4.31056e-12 2.16064e-14 6.51336e-17
 1.4407e-11 1.56375e-09 1.00079e-07 3.77669e-06 8.40363e-05 0.00110261 0.00853153 0.0389531 0.105267 0.170958 0.179025 0.152655 0.139195 0.114369 0.0635448 0.0214642 0.00430144 0.000508887 3.55073e-05 1.46092e-06 3.54444e-08 5.07105e-10 4.27972e-12 2.13301e-14 6.30214e-17
 1.46141e-11 1.58622e-09 1.01518e-07 3.83096e-06 8.52439e-05 0.00111845 0.00865406 0.0395112 0.106757 0.173238 0.180755 0.152476 0.137255 0.112155 0.0622312 0.0210147 0.00421113 0.000498197 3.47614e-05 1.43022e-06 3.46996e-08 4.96443e-10 4.18956e-12 2.08775e-14 6.165e-17
 1.50793e-11 1.63671e-09 1.04749e-07 3.95291e-06 8.79575e-05 0.00115405 0.0089294 0.0407655 0.110108 0.178362 0.184642 0.152072 0.132896 0.107179 0.0592791 0.0200045 0.00400818 0.000474174 3.30849e-05 1.36123e-06 3.30245e-08 4.72414e-10 3.98484e-12 1.98225e-14 5.81684e-17
 1.54554e-11 1.67754e-09 1.07362e-07 4.05152e-06 9.01515e-05 0.00118284 0.00915203 0.0417796 0.112817 0.182505 0.187785 0.151746 0.129371 0.103156 0.0568922 0.0191878 0.00384408 0.000454751 3.17296e-05 1.30546e-06 3.16715e-08 4.53056e-10 3.82146e-12 1.90081e-14 5.57607e-17
 1.56884e-11 1.70282e-09 1.0898e-07 4.11258e-06 9.15102e-05 0.00120066 0.00928989 0.0424076 0.114494 0.18507 0.189731 0.151544 0.127188 0.100665 0.0554141 0.018682 0.00374247 0.000442723 3.08903e-05 1.27093e-06 3.08337e-08 4.41069e-10 3.72029e-12 1.85037e-14 5.42689e-17
 1.64834e-11 1.78911e-09 1.14503e-07 4.32099e-06 9.61474e-05 0.0012615 0.00976042 0.0445511 0.120219 0.193827 0.196374 0.150855 0.119738 0.0921626 0.0503692 0.0169558 0.00339564 0.000401671 2.80256e-05 1.15307e-06 2.79742e-08 4.00164e-10 3.37524e-12 1.67871e-14 4.92298e-17
 1.66224e-11 1.8042e-09 1.15468e-07 4.35742e-06 9.69581e-05 0.00127214 0.00984267 0.0449258 0.12122 0.195357 0.197535 0.150734 0.118436 0.0906763 0.0494874 0.016654 0.00333502 0.000394495 2.75249e-05 1.13246e-06 2.74743e-08 3.93013e-10 3.31492e-12 1.6487e-14 4.83484e-17
 1.72077e-11 1.86773e-09 1.19535e-07 4.51087e-06 0.000100372 0.00131693 0.0101891 0.046504 0.125435 0.201804 0.202426 0.150227 0.11295 0.0844159 0.0457728 0.0153829 0.00307965 0.000364269 2.54156e-05 1.04568e-06 2.53689e-08 3.62896e-10 3.06089e-12 1.52235e-14 4.46432e-17
 1.69488e-11 1.83962e-09 1.17736e-07 4.44298e-06 9.88619e-05 0.00129711 0.0100358 0.0458058 0.12357 0.198952 0.200262 0.150451 0.115377 0.0871856 0.0474162 0.0159453 0.00319263 0.000377642 2.63488e-05 1.08408e-06 2.63004e-08 3.7622e-10 3.17328e-12 1.57825e-14 4.62824e-17
 1.79537e-11 1.9487e-09 1.24716e-07 4.70641e-06 0.000104723 0.00137401 0.0106306 0.0485151 0.130807 0.21002 0.208658 0.14958 0.10596 0.0764384 0.0410395 0.0137633 0.00275424 0.000325752 2.27279e-05 9.35096e-07 2.2686e-08 3.24518e-10 2.73718e-12 1.36136e-14 3.99219e-17
 1.81529e-11 1.97032e-09 1.261e-07 4.75864e-06 0.000105886 0.00138926 0.0107485 0.0490523 0.132242 0.212214 0.210323 0.149407 0.104093 0.0743075 0.0397752 0.0133307 0.00266732 0.000315464 2.201e-05 9.05558e-07 2.19694e-08 3.14267e-10 2.65072e-12 1.31835e-14 3.86609e-17
 1.86965e-11 2.02933e-09 1.29877e-07 4.90114e-06 0.000109056 0.00143086 0.0110703 0.0505179 0.136157 0.218202 0.214865 0.148936 0.0989988 0.0684937 0.0363256 0.0121503 0.00243017 0.000287394 2.00512e-05 8.24965e-07 2.00142e-08 2.86297e-10 2.41481e-12 1.20102e-14 3.52201e-17
 1.84801e-11 2.00584e-09 1.28373e-07 4.84441e-06 0.000107794 0.0014143 0.0109422 0.0499344 0.134598 0.215818 0.213057 0.149124 0.101027 0.0708082 0.0376989 0.0126202 0.00252458 0.000298569 2.0831e-05 8.57049e-07 2.07926e-08 2.97432e-10 2.50873e-12 1.24773e-14 3.65899e-17
 1.91965e-11 2.0836e-09 1.3335e-07 5.03221e-06 0.000111973 0.00146912 0.0113662 0.051866 0.139758 0.223709 0.219043 0.148503 0.0943133 0.0631462 0.0331528 0.0110646 0.00221204 0.000261575 1.82495e-05 7.50837e-07 1.82158e-08 2.60572e-10 2.19782e-12 1.0931e-14 3.20553e-17
 1.85333e-11 2.01162e-09 1.28743e-07 4.85837e-06 0.000108105 0.00141837 0.0109737 0.050078 0.134982 0.216405 0.213502 0.149078 0.100528 0.0702387 0.037361 0.0125046 0.00250135 0.000295819 2.06391e-05 8.49155e-07 2.06011e-08 2.94692e-10 2.48562e-12 1.23624e-14 3.62529e-17
 1.90497e-11 2.06767e-09 1.3233e-07 4.99373e-06 0.000111117 0.00145789 0.0112793 0.0514702 0.1387 0.222092 0.217817 0.14863 0.0956889 0.0647161 0.0340843 0.0113833 0.00227608 0.000269155 1.87785e-05 7.726e-07 1.87438e-08 2.68124e-10 2.26153e-12 1.12479e-14 3.29845e-17
 1.96244e-11 2.13004e-09 1.36322e-07 5.14438e-06 0.000114469 0.00150187 0.0116194 0.0530196 0.142839 0.228421 0.222618 0.148132 0.0903038 0.0585703 0.0304377 0.0101355 0.00202539 0.000239482 1.67079e-05 6.87405e-07 1.66769e-08 2.38558e-10 2.01215e-12 1.00076e-14 2.93472e-17
 1.96345e-11 2.13114e-09 1.36393e-07 5.14703e-06 0.000114528 0.00150264 0.0116254 0.0530468 0.142912 0.228533 0.222703 0.148123 0.0902089 0.0584621 0.0303735 0.0101136 0.00202098 0.000238959 1.66714e-05 6.85905e-07 1.66405e-08 2.38037e-10 2.00776e-12 9.98571e-15 2.92832e-17
 1.90767e-11 2.07059e-09 1.32518e-07 5.00081e-06 0.000111274 0.00145996 0.0112953 0.051543 0.138895 0.222389 0.218042 0.148606 0.095436 0.0644275 0.033913 0.0113247 0.00226431 0.000267762 1.86812e-05 7.68599e-07 1.86467e-08 2.66736e-10 2.24982e-12 1.11896e-14 3.28137e-17
#obs catch len freq
 3.74738e-11 3.47294e-09 1.89782e-07 6.11503e-06 0.000116181 0.00130159 0.00860015 0.0335489 0.0776942 0.109916 0.108103 0.103978 0.116637 0.121974 0.111465 0.0902059 0.0606894 0.0331044 0.0149763 0.00559476 0.00165655 0.000368477 5.84251e-05 6.32019e-06 4.51388e-07
 5.79882e-11 5.18331e-09 2.73188e-07 8.48992e-06 0.000155574 0.00168103 0.0107129 0.0403077 0.0900415 0.122916 0.116754 0.108411 0.116683 0.116057 0.100474 0.0779891 0.0514235 0.027863 0.0124513 0.0045012 0.00126299 0.000262988 3.88913e-05 3.9246e-06 2.6149e-07
 3.7539e-11 3.23073e-09 1.63948e-07 4.90571e-06 8.65561e-05 0.000900646 0.00553085 0.0201237 0.0442715 0.0647717 0.0843364 0.124157 0.163932 0.163832 0.13324 0.0946444 0.0562945 0.0274594 0.0112885 0.00385892 0.00103234 0.000203228 2.809e-05 2.62983e-06 1.62082e-07
 1.7453e-11 1.44389e-09 7.04346e-08 2.02596e-06 3.43632e-05 0.000343802 0.00203229 0.00715932 0.0156977 0.0256052 0.0442607 0.0831257 0.132826 0.175547 0.192778 0.160649 0.0959569 0.0427002 0.0153393 0.00460168 0.0011103 0.000201681 2.59549e-05 2.26071e-06 1.29081e-07
 3.51224e-10 2.78888e-08 1.30575e-06 3.60479e-05 0.000586793 0.00563221 0.0318761 0.106383 0.209427 0.243614 0.169127 0.0746783 0.0307655 0.0262723 0.0315451 0.0304807 0.0217494 0.0115618 0.0045762 0.00134219 0.000292409 4.6987e-05 5.40778e-06 4.2779e-07 2.24009e-08
 2.0571e-10 1.56551e-08 7.02493e-07 1.85874e-05 0.00029 0.00266836 0.0144911 0.0466431 0.0909097 0.118403 0.137619 0.175887 0.188618 0.132896 0.059186 0.0193013 0.00715667 0.00358795 0.00163507 0.000542499 0.00012431 1.94113e-05 2.05175e-06 1.45413e-07 6.80569e-09
 5.16085e-10 3.75912e-08 1.6145e-06 4.08862e-05 0.000610528 0.00537575 0.0279159 0.0855725 0.155577 0.171921 0.129505 0.0941056 0.0882661 0.0884194 0.076593 0.0489266 0.0205158 0.00546138 0.000998928 0.000161083 2.75981e-05 4.12734e-06 4.33633e-07 2.9655e-08 1.29388e-09
 7.04422e-10 4.90466e-08 2.01359e-06 4.87442e-05 0.000695775 0.00585657 0.0290817 0.085372 0.149784 0.165669 0.141457 0.129694 0.119742 0.0861275 0.0483268 0.0237082 0.0100962 0.00337002 0.000814718 0.0001366 1.59183e-05 1.38192e-06 9.74899e-08 5.47693e-09 2.19211e-10
 1.04335e-09 6.9358e-08 2.71864e-06 6.28339e-05 0.000856312 0.00688178 0.0326276 0.0914631 0.153338 0.162549 0.134391 0.121361 0.113282 0.0872612 0.0547794 0.0277063 0.0102549 0.00262362 0.000481575 6.89103e-05 7.8426e-06 6.62459e-07 3.87782e-08 1.54391e-09 4.25158e-11
 1.48685e-09 9.42622e-08 3.52368e-06 7.76684e-05 0.00100946 0.00773716 0.0349916 0.0936511 0.150574 0.156174 0.133425 0.1271 0.117931 0.0872754 0.0523993 0.0255626 0.00926347 0.00234646 0.000418497 5.42627e-05 5.19612e-06 3.65996e-07 1.86829e-08 6.71845e-10 1.63875e-11
 2.09881e-09 1.26763e-07 4.5144e-06 9.47975e-05 0.00117381 0.00857157 0.0369417 0.094331 0.145553 0.148543 0.132375 0.132559 0.122791 0.0893271 0.0525495 0.0246023 0.0083187 0.00191897 0.000306868 3.57063e-05 3.09918e-06 1.96905e-07 8.84154e-09 2.73058e-10 5.69659e-12
 3.41344e-09 1.96216e-07 6.65068e-06 0.000132919 0.00156642 0.0108867 0.0446551 0.108518 0.159287 0.154328 0.129983 0.123551 0.110678 0.0796587 0.0467041 0.0213836 0.00691234 0.00150075 0.000222497 2.35571e-05 1.829e-06 1.03125e-07 4.11206e-09 1.13065e-10 2.09617e-12
 4.80902e-09 2.62861e-07 8.47197e-06 0.000161003 0.00180422 0.0119247 0.0465341 0.107806 0.152366 0.147875 0.134168 0.134451 0.116996 0.0785669 0.0424852 0.0180643 0.00548498 0.00112777 0.000158932 1.594e-05 1.15811e-06 6.00625e-08 2.16687e-09 5.32529e-11 8.76818e-13
 7.74207e-09 4.02056e-07 1.23113e-05 0.000222286 0.00236663 0.0148611 0.0550996 0.121293 0.162942 0.15044 0.130095 0.125053 0.106211 0.0712966 0.038623 0.0159637 0.00455049 0.000853327 0.000106933 9.40139e-06 6.02858e-07 2.81504e-08 9.28549e-10 2.09451e-11 3.15107e-13
 1.11567e-08 5.50036e-07 1.59895e-05 0.000274077 0.00277031 0.0165169 0.0581741 0.121959 0.157881 0.146547 0.134812 0.132582 0.108255 0.068137 0.0344167 0.0133355 0.00359513 0.000643026 7.72337e-05 6.46695e-06 3.86318e-07 1.63397e-08 4.7884e-10 9.54835e-12 1.27744e-13
 1.61376e-08 7.54784e-07 2.08159e-05 0.000338503 0.00324606 0.0183631 0.0614002 0.122528 0.152824 0.142201 0.136514 0.135612 0.109016 0.0678939 0.033751 0.0125491 0.0031642 0.000518046 5.58264e-05 4.14171e-06 2.20197e-07 8.42899e-09 2.26455e-10 4.14199e-12 5.03847e-14
 2.75829e-08 1.22318e-06 3.19837e-05 0.000493129 0.0044835 0.0240463 0.0762106 0.14398 0.169042 0.145278 0.126768 0.117854 0.0923175 0.0575617 0.0285722 0.0103843 0.00252909 0.000400944 4.21974e-05 3.06027e-06 1.56235e-07 5.56948e-09 1.35708e-10 2.22271e-12 2.42058e-14
 3.50587e-08 1.4733e-06 3.65069e-05 0.00053341 0.00459625 0.0233712 0.0703536 0.127365 0.148925 0.142041 0.145873 0.140722 0.102958 0.0573195 0.0253305 0.0083738 0.00188958 0.000280293 2.77721e-05 1.90785e-06 9.28584e-08 3.16943e-09 7.38781e-11 1.14866e-12 1.17146e-14
 5.38792e-08 2.14477e-06 5.0342e-05 0.000696758 0.00568714 0.0273943 0.0781336 0.134134 0.149222 0.136637 0.136393 0.130866 0.100009 0.0606082 0.0284547 0.00938929 0.00201857 0.000277613 2.50307e-05 1.54674e-06 6.77371e-08 2.10281e-09 4.51771e-11 6.54144e-13 6.25321e-15
 8.53817e-08 3.21846e-06 7.15356e-05 0.000937561 0.0072468 0.0330591 0.0893398 0.145621 0.155059 0.138266 0.134424 0.12326 0.0893439 0.0513635 0.0229561 0.0072812 0.00153403 0.000212869 1.99458e-05 1.29166e-06 5.77338e-08 1.74627e-09 3.50845e-11 4.63823e-13 4.01534e-15
 1.242e-07 4.4323e-06 9.32668e-05 0.00115727 0.0084691 0.0365905 0.0937852 0.14595 0.152249 0.139985 0.139663 0.12443 0.0853947 0.0460691 0.0192248 0.00567264 0.00110783 0.000142145 1.23624e-05 7.5491e-07 3.2626e-08 9.76514e-10 1.96392e-11 2.5899e-13 2.20046e-15
 1.61945e-07 5.47059e-06 0.000108967 0.00127989 0.00886758 0.0362935 0.0883782 0.132398 0.139448 0.139646 0.148617 0.133693 0.0925345 0.0505465 0.020916 0.00598749 0.00112731 0.000140096 1.18553e-05 7.00627e-07 2.8878e-08 8.13611e-10 1.53479e-11 1.90941e-13 1.54654e-15
 2.84794e-07 9.10598e-06 0.000171678 0.00190862 0.0125155 0.0484669 0.111509 0.156766 0.15119 0.133907 0.129411 0.111954 0.077321 0.0422414 0.0170458 0.0046515 0.00082609 9.66031e-05 7.70912e-06 4.31617e-07 1.69298e-08 4.54767e-10 8.16238e-12 9.60832e-14 7.31279e-16
 3.90248e-07 1.18105e-05 0.00021076 0.0022179 0.0137687 0.0505174 0.110516 0.150101 0.147451 0.141802 0.141113 0.11556 0.0727142 0.0361446 0.0135938 0.00356612 0.000628713 7.51551e-05 6.20994e-06 3.55029e-07 1.37955e-08 3.57077e-10 6.07455e-12 6.73058e-14 4.81225e-16
 5.52279e-07 1.58212e-05 0.000267251 0.0026622 0.0156465 0.0543832 0.113027 0.147605 0.144526 0.143105 0.142663 0.114803 0.0712111 0.0344686 0.0122083 0.00290771 0.00044947 4.57918e-05 3.21209e-06 1.61074e-07 5.7805e-09 1.43931e-10 2.39643e-12 2.5938e-14 1.79096e-16
 8.14851e-07 2.2098e-05 0.000353368 0.00333239 0.0185432 0.0610503 0.120443 0.150589 0.144481 0.142398 0.138947 0.108913 0.0662462 0.0312575 0.0106278 0.00240604 0.000352293 3.38409e-05 2.20495e-06 9.99032e-08 3.14905e-09 6.79622e-11 9.87321e-13 9.52207e-15 6.01085e-17
 1.16166e-06 2.98264e-05 0.000451572 0.00403201 0.0212469 0.0662985 0.124425 0.150174 0.144264 0.144641 0.138728 0.104987 0.061571 0.027871 0.00903052 0.00194751 0.000273449 2.54403e-05 1.61521e-06 7.09796e-08 2.13704e-09 4.31609e-11 5.7443e-13 4.97869e-15 2.78454e-17
 1.53855e-06 3.74056e-05 0.000536255 0.0045343 0.0226353 0.0670227 0.120242 0.142696 0.143209 0.151471 0.144748 0.106429 0.0603841 0.0261815 0.0080197 0.0016209 0.000212339 1.84025e-05 1.09061e-06 4.50015e-08 1.28158e-09 2.46096e-11 3.11625e-13 2.55898e-15 1.345e-17
#spawning biomass
 24483.3 27279.7 22100.2 11832 15480.9 19414.8 25461.9 33888.1 42682.9 53812.8 66407.1 73264.3 82837.4 91393.4 98766.9 102172 105025 110619 111676 125125 116356 128655 129377 129032 145536 152130 152122 146412 219201 542842 849761 1.1561e+06 1.43923e+06 1.68808e+06 1.89946e+06 2.07484e+06 2.218e+06 2.33356e+06 2.42617e+06 2.50011e+06 2.55906e+06 2.60611e+06 2.63644e+06 2.64245e+06 2.64828e+06 2.65393e+06 2.65942e+06 2.66473e+06 2.66989e+06 2.67489e+06 2.67974e+06 2.68444e+06 2.689e+06 2.69342e+06 2.69771e+06 2.70187e+06 2.70591e+06 2.70982e+06 2.71361e+06 2.71729e+06 2.72086e+06 2.72432e+06 2.72768e+06 2.73093e+06 2.73409e+06 2.73715e+06 2.74012e+06 2.743e+06 2.74579e+06 2.7485e+06 2.75112e+06 2.75367e+06 2.75614e+06 2.75853e+06 2.76086e+06 2.76311e+06 2.76529e+06 2.76741e+06 2.76947e+06 2.77146e+06 2.77339e+06 2.77527e+06 2.77708e+06 2.77885e+06 2.78056e+06 2.78221e+06 2.78382e+06 2.78538e+06 2.78689e+06 2.78836e+06 2.78978e+06 2.79116e+06 2.7925e+06 2.79379e+06 2.79505e+06 2.79627e+06 2.79745e+06 2.7986e+06 2.79971e+06 2.80079e+06 2.80184e+06 2.80285e+06 2.80384e+06 2.80479e+06 2.80572e+06 2.80662e+06 2.80749e+06 2.80833e+06 2.80915e+06 2.80994e+06 2.81071e+06 2.81146e+06 2.81218e+06 2.81289e+06 2.81357e+06 2.81423e+06 2.81487e+06 2.81549e+06 2.81609e+06 2.81668e+06 2.81724e+06 2.81779e+06 2.81833e+06 2.81884e+06 2.81934e+06 2.81983e+06 2.8203e+06 2.82076e+06 0 0 0 0 0 0 0 0 0 0 0 0 0 0 0 0 0 0 0 0 0 0 0 0 0
