SBPRF35
0.2377
Curr Bio
169031
B35
188921
F35
0.409739
FOFL
0.362986
OFL
59241.6
Bzero
67914.2
#pred survey bio
 34225 25809.2 19346.3 17298.6 27538.2 44394.4 59468.2 70784.4 93080.1 122878 157481 178214 216929 255235 258472 216479 196527 183629 201940 203964 202967 212977 228469 261507 230878 238382 223682 225183 249811 8.72535e+06 4.67279e+06 3.30152e+06 2.21328e+06 1.52813e+06 1.14041e+06 932225 822754 765170 734412 717561 708041 702487 699149 697089 695790 694963 694430 694083 693856 693707 693609 693544 693501 693472 693454 693441 693433 693427 693424 693421 693420 693418 693418 693417 693417 693417 693417 693417 693416 693416 693416 693416 693416 693416 693416 693416 693416 693416 693416 693416 693416 693416 693416 693416 693416 693416 693416 693416 693416 693416 693416 693416 693416 693416 693416 693416 693416 693416 693416 693416 693416 693416 693416 693416 693416 693416 693416 693416 693416 693416 693416 693416 693416 693416 693416 693416 693416 693416 693416 693416 693416 693416 693416 693416 693416 693416 693416 693416 693416 0 0 0 0 0 0 0 0 0 0 0 0 0 0 0 0 0 0 0 0 0 0 0 0 0
#obs survey bio
 37576.1 22226.8 11208.1 15790.9 43713.4 70141.8 68322.5 96534.2 118417 114163 186517 180819 181165 171943 205234 235469 152011 182328 144582 209824 238925 185685 271000 257617 276709 241387 222332 213292 226189
#pred catch bio
 7995.97 4663.2 3674.45 3782.31 5264.6 9746.49 15235.3 16296.8 22866.7 36247.5 59573.9 62235.8 78304.9 103774 125206 99082.7 88163.4 66991 79731.1 81303.7 80570.5 84578.3 78574.5 123854 88157.6 99878.7 88958.1 81500.6 105029 59241.6 60175.3 41056.3 26370.4 17497 12727.7 10334.2 9183.62 8645.76 8398.96 8287.13 8236.89 8214.45 8204.47 8200.04 8198.08 8197.21 8196.83 8196.66 8196.59 8196.56 8196.54 8196.54 8196.53 8196.53 8196.53 8196.53 8196.53 8196.53 8196.53 8196.53 8196.53 8196.53 8196.53 8196.53 8196.53 8196.53 8196.53 8196.53 8196.53 8196.53 8196.53 8196.53 8196.53 8196.53 8196.53 8196.53 8196.53 8196.53 8196.53 8196.53 8196.53 8196.53 8196.53 8196.53 8196.53 8196.53 8196.53 8196.53 8196.53 8196.53 8196.53 8196.53 8196.53 8196.53 8196.53 8196.53 8196.53 8196.53 8196.53 8196.53 8196.53 8196.53 8196.53 8196.53 8196.53 8196.53 8196.53 8196.53 8196.53 8196.53 8196.53 8196.53 8196.53 8196.53 8196.53 8196.53 8196.53 8196.53 8196.53 8196.53 8196.53 8196.53 8196.53 8196.53 8196.53 8196.53 8196.53 8196.53 8196.53 0 0 0 0 0 0 0 0 0 0 0 0 0 0 0 0 0 0 0 0 0 0 0 0 0
#obs catch bio
 4078.85 4765.2 3882.36 4027.7 5193.26 9574.31 14843.7 15523.5 21372.3 34323 55784.5 57526.4 76655.8 105899 137258 104108 97282.3 69336.3 84782.1 82861.8 79062 87327.3 75084.6 124346 84499.5 97997.3 88208.7 82196.5 105983
#pred cpue bio
 33142.7 25416.8 19142.7 16435 24704.6 40996 55663.4 66408.7 86444.3 114100 145403 164409 199820 235613 240335 201193 182189 170206 187401 189843 188862 196883 211134 242921 213859 222163 208524 209083 231455 8.08226e+06 4.62515e+06 3.26891e+06 2.18096e+06 1.49581e+06 1.10809e+06 899911 790439 732855 702097 685247 675726 670172 666834 664774 663475 662648 662115 661769 661542 661393 661294 661229 661186 661158 661139 661126 661118 661113 661109 661106 661105 661104 661103 661103 661102 661102 661102 661102 661102 661102 661102 661102 661102 661102 661102 661102 661102 661102 661102 661102 661102 661102 661102 661102 661102 661102 661102 661102 661102 661102 661102 661102 661102 661102 661102 661102 661102 661102 661102 661102 661102 661102 661102 661102 661102 661102 661102 661102 661102 661102 661102 661102 661102 661102 661102 661102 661102 661102 661102 661102 661102 661102 661102 661102 661102 661102 661102 661102 661102 0 0 0 0 0 0 0 0 0 0 0 0 0 0 0 0 0 0 0 0 0 0 0 0 0
#obs cpue bio
 19341.2 14827.1 17221.1 18972.2 32493.4 32532.1 58560.4 68797.1 102046 121681 167852 220820 183286 272243 185043 164362 135830 158675 205740 207338 204012 161248 272991 239468 216247 232234 201850 178138 283025
#pred surv len freq
 2.37021e-11 1.11483e-09 3.63094e-08 8.18866e-07 1.27878e-05 0.000138283 0.00103547 0.00536958 0.0192893 0.0480647 0.083496 0.103111 0.0969529 0.0828972 0.0785152 0.078698 0.0738999 0.0657406 0.0579442 0.050605 0.0437977 0.0379515 0.0321121 0.024647 0.0157205
 1.22497e-11 5.76169e-10 1.87655e-08 4.23208e-07 6.60904e-06 7.14689e-05 0.000535197 0.00277604 0.00998229 0.0249711 0.044044 0.0575213 0.0640693 0.0750791 0.0935215 0.105035 0.101089 0.0896628 0.0785513 0.0680303 0.0574473 0.0472656 0.0372873 0.0267843 0.0162682
 1.01557e-11 4.77676e-10 1.55576e-08 3.50863e-07 5.47925e-06 5.9251e-05 0.000443689 0.00230108 0.00827006 0.0206451 0.0361236 0.0458477 0.0471847 0.0493917 0.0599043 0.0754974 0.0912026 0.103499 0.10665 0.0984989 0.0836522 0.0670088 0.0502949 0.0340009 0.0195174
 3.51777e-11 1.65459e-09 5.38889e-08 1.21533e-06 1.89791e-05 0.000205232 0.00153674 0.00796809 0.0286109 0.0711629 0.122739 0.147423 0.125396 0.0804331 0.0470637 0.0340679 0.0332785 0.0384693 0.0461489 0.0517857 0.0514213 0.0445315 0.0336737 0.0220152 0.0120488
 4.57985e-11 2.15414e-09 7.0159e-08 1.58226e-06 2.47092e-05 0.000267195 0.00200072 0.010374 0.0372511 0.0926689 0.159936 0.192588 0.165339 0.109038 0.0662893 0.0442239 0.0300528 0.0189724 0.0130098 0.0118514 0.0125406 0.0123723 0.0103222 0.00703661 0.00383889
 3.5991e-11 1.69285e-09 5.51349e-08 1.24343e-06 1.9418e-05 0.000209978 0.00157232 0.00815327 0.0292859 0.0729415 0.126488 0.15514 0.142397 0.114142 0.0974684 0.0859509 0.0656294 0.0410582 0.0225847 0.0123929 0.00782387 0.006076 0.00500638 0.00360436 0.00205416
 3.28226e-11 1.54382e-09 5.02812e-08 1.13397e-06 1.77085e-05 0.000191493 0.0014339 0.00743552 0.026708 0.0665226 0.11537 0.141572 0.130215 0.105264 0.0922539 0.0864444 0.0747866 0.0578101 0.0406091 0.0252948 0.0137344 0.00699198 0.00382877 0.00227158 0.00124351
 3.28094e-11 1.5432e-09 5.0261e-08 1.13351e-06 1.77014e-05 0.000191416 0.00143332 0.00743246 0.026696 0.0664839 0.115241 0.141123 0.128871 0.102255 0.087425 0.0809447 0.0705994 0.0568012 0.043705 0.0314302 0.019999 0.0109342 0.00520005 0.00226847 0.000945721
 3.62173e-11 1.70349e-09 5.54816e-08 1.25125e-06 1.954e-05 0.000211298 0.00158219 0.0082042 0.0294652 0.0733521 0.126955 0.154568 0.138252 0.103627 0.0813162 0.0709183 0.0601142 0.047626 0.0367241 0.0273766 0.0188249 0.011435 0.0059256 0.00256813 0.000933743
 3.57358e-11 1.68084e-09 5.47438e-08 1.23461e-06 1.92802e-05 0.000208489 0.00156116 0.00809523 0.0290751 0.0723944 0.125387 0.153082 0.138272 0.106417 0.0865692 0.0762254 0.0626475 0.0465583 0.0334746 0.023926 0.0164191 0.0103386 0.00570407 0.00263678 0.000987854
 3.72471e-11 1.75193e-09 5.70592e-08 1.28683e-06 2.00956e-05 0.000217306 0.00162718 0.00843749 0.0303031 0.0754394 0.130576 0.159012 0.142335 0.10686 0.0838223 0.0723555 0.0595873 0.0446777 0.0319022 0.0219759 0.0143009 0.00866011 0.0047538 0.00225559 0.000879608
 3.71069e-11 1.74533e-09 5.68442e-08 1.28198e-06 2.002e-05 0.000216488 0.00162105 0.00840577 0.0301899 0.0751639 0.130143 0.158692 0.142706 0.108481 0.0865407 0.0749681 0.0607045 0.0440305 0.0303618 0.0204257 0.0130207 0.0076488 0.00405261 0.00187735 0.000729867
 3.74941e-11 1.76354e-09 5.74374e-08 1.29536e-06 2.02289e-05 0.000218747 0.00163797 0.00849344 0.0305043 0.0759428 0.131464 0.160173 0.143625 0.108333 0.0854851 0.0737593 0.060072 0.0440306 0.0304676 0.0202136 0.012526 0.00711868 0.00365099 0.0016404 0.000621829
 3.68172e-11 1.73171e-09 5.64006e-08 1.27197e-06 1.98637e-05 0.000214798 0.0016084 0.00834019 0.0299546 0.0745808 0.129151 0.157568 0.141972 0.108516 0.0873316 0.0762053 0.0620382 0.0451836 0.0310932 0.0206044 0.0127406 0.00715648 0.00358443 0.00156171 0.000573841
 3.47383e-11 1.63392e-09 5.32158e-08 1.20015e-06 1.87421e-05 0.000202669 0.00151759 0.00786939 0.0282653 0.0703911 0.122007 0.149374 0.136272 0.107713 0.0910454 0.0821069 0.0678476 0.0498603 0.0345027 0.0228689 0.0140862 0.00786626 0.0039051 0.00167631 0.000602848
 3.51087e-11 1.65134e-09 5.37832e-08 1.21294e-06 1.89419e-05 0.00020483 0.00153377 0.00795323 0.0285658 0.0711324 0.123244 0.150668 0.136747 0.106658 0.0886137 0.0794627 0.0663093 0.0498229 0.0353918 0.0239238 0.0148899 0.00834088 0.00413066 0.00176101 0.000626445
 3.5894e-11 1.68828e-09 5.49863e-08 1.24008e-06 1.93656e-05 0.000209412 0.00156807 0.00813108 0.0292039 0.0727152 0.125944 0.153768 0.138914 0.10698 0.0871937 0.0770876 0.0637773 0.047637 0.0338649 0.0231691 0.0147166 0.00841545 0.00422719 0.00181289 0.000644303
 3.58356e-11 1.68554e-09 5.48969e-08 1.23806e-06 1.93341e-05 0.000209071 0.00156552 0.00811788 0.0291568 0.0726001 0.125761 0.153618 0.139015 0.107536 0.0881536 0.0780216 0.0641697 0.0473367 0.0331525 0.0224487 0.0142394 0.00821041 0.00418672 0.0018248 0.000656622
 3.55882e-11 1.6739e-09 5.45178e-08 1.22951e-06 1.92006e-05 0.000207628 0.00155471 0.00806182 0.0289554 0.0720987 0.124892 0.152557 0.138059 0.106832 0.0877206 0.078008 0.0647909 0.048505 0.0344029 0.0233494 0.0147138 0.008421 0.00428724 0.00187954 0.00068357
 3.47224e-11 1.63318e-09 5.31915e-08 1.1996e-06 1.87335e-05 0.000202577 0.00151689 0.00786577 0.028252 0.0703542 0.121918 0.149152 0.135708 0.106539 0.0892915 0.0803802 0.0669516 0.0501237 0.0356522 0.024386 0.015509 0.00892321 0.00454255 0.00198751 0.000723046
 3.49518e-11 1.64397e-09 5.35429e-08 1.20753e-06 1.88573e-05 0.000203915 0.00152691 0.00791769 0.028438 0.0708133 0.122685 0.149954 0.136005 0.105892 0.0877978 0.0787619 0.0660139 0.0500823 0.0361335 0.0249547 0.0159718 0.00924812 0.00473835 0.00208281 0.000759366
 3.68642e-11 1.73391e-09 5.64725e-08 1.27359e-06 1.9889e-05 0.000215072 0.00161045 0.00835076 0.029992 0.0746677 0.12926 0.157505 0.141292 0.106723 0.0845085 0.0734154 0.0606242 0.0456178 0.0328289 0.0227958 0.0147517 0.00864314 0.00447166 0.00198028 0.000726106
 3.66539e-11 1.72402e-09 5.61503e-08 1.26633e-06 1.97756e-05 0.000213845 0.00160126 0.00830318 0.0298217 0.0742504 0.128582 0.156889 0.141407 0.108178 0.0871556 0.0760636 0.0618751 0.0450889 0.0312596 0.021144 0.0135364 0.00793742 0.00413747 0.00185032 0.000684673
 3.51746e-11 1.65444e-09 5.38841e-08 1.21522e-06 1.89774e-05 0.000205215 0.00153664 0.00796817 0.0286196 0.0712677 0.123488 0.151009 0.137192 0.107269 0.0893529 0.0800199 0.0662824 0.0491237 0.0343474 0.02299 0.0143466 0.00819315 0.00420232 0.00187136 0.00069489
 3.60774e-11 1.69691e-09 5.52673e-08 1.24641e-06 1.94646e-05 0.000210482 0.00157608 0.00817262 0.029353 0.0730856 0.126579 0.154514 0.139493 0.107225 0.0871514 0.0769016 0.0635412 0.0473356 0.0334383 0.0226346 0.0142045 0.00806486 0.00406929 0.00177804 0.000651133
 3.42497e-11 1.61094e-09 5.24674e-08 1.18327e-06 1.84785e-05 0.000199819 0.00149625 0.00775874 0.027868 0.0694032 0.120305 0.147341 0.134581 0.106732 0.0906947 0.0822402 0.0684722 0.0509931 0.0360013 0.0244528 0.0154615 0.00884856 0.00447856 0.00194769 0.000705509
 3.44131e-11 1.61863e-09 5.27177e-08 1.18891e-06 1.85666e-05 0.000200772 0.00150338 0.00779569 0.0280002 0.0697266 0.120827 0.147797 0.134419 0.105445 0.08842 0.0800196 0.067512 0.0515662 0.0373836 0.0258101 0.0164366 0.00944945 0.00480692 0.00209934 0.000761076
 3.56937e-11 1.67886e-09 5.46795e-08 1.23316e-06 1.92575e-05 0.000208243 0.00155932 0.00808569 0.0290407 0.0723072 0.125226 0.152837 0.137904 0.105868 0.0859789 0.0761066 0.0635362 0.0483062 0.035156 0.0246428 0.0160387 0.0094087 0.00485312 0.00213717 0.000778663
 3.6173e-11 1.70141e-09 5.54137e-08 1.24972e-06 1.95161e-05 0.00021104 0.00158026 0.00819426 0.0294306 0.0732766 0.126897 0.154837 0.139579 0.106856 0.0863117 0.0758222 0.0625391 0.0466654 0.033285 0.0230529 0.015006 0.0088998 0.00466961 0.00209227 0.000772844
#obs surv len freq
 2.41381e-11 1.13534e-09 3.69773e-08 8.33932e-07 1.30231e-05 0.000140826 0.00105451 0.00546829 0.0196432 0.0489389 0.0849636 0.104685 0.0976773 0.0820191 0.0761936 0.0761081 0.0724623 0.0662221 0.0603617 0.0544612 0.0478349 0.0400626 0.0306314 0.0201913 0.0108662
 8.62116e-16 4.0623e-14 1.33254e-12 3.09011e-11 5.35223e-10 8.0494e-09 1.27541e-07 2.04672e-06 2.71083e-05 0.000262599 0.0017883 0.00847719 0.0279631 0.0645542 0.106009 0.128872 0.126057 0.112169 0.0993468 0.0881367 0.0764655 0.0632957 0.0480109 0.0315648 0.0169977
 1.39138e-11 6.54439e-10 2.13146e-08 4.80699e-07 7.5068e-06 8.1175e-05 0.000607821 0.00315149 0.0113147 0.0281292 0.0484272 0.0577724 0.0480821 0.0298513 0.0217118 0.035013 0.0675243 0.102453 0.120295 0.116935 0.101847 0.0828753 0.0619406 0.0403511 0.0216286
 5.18344e-11 2.43804e-09 7.94054e-08 1.79079e-06 2.79657e-05 0.000302409 0.00226438 0.0117406 0.0421533 0.104809 0.180514 0.2156 0.179348 0.105665 0.0468353 0.0185879 0.00903876 0.0074206 0.0098603 0.0135673 0.0154837 0.0144052 0.0111965 0.00729606 0.00388153
 3.27878e-11 1.54218e-09 5.02278e-08 1.13276e-06 1.76898e-05 0.000191291 0.0014324 0.00742808 0.0266861 0.0665149 0.115676 0.143444 0.136622 0.1195 0.112593 0.102506 0.0746413 0.0404946 0.0174079 0.00824324 0.00667674 0.00688883 0.00619808 0.00440723 0.00242877
 3.99737e-11 1.88017e-09 6.1236e-08 1.38103e-06 2.15667e-05 0.000233213 0.00174628 0.00905486 0.0325177 0.0809235 0.139872 0.169415 0.148718 0.105632 0.0761728 0.0638098 0.0554218 0.0449971 0.0323568 0.0193457 0.00954919 0.00458094 0.00273618 0.00183516 0.00105837
 2.60801e-11 1.22668e-09 3.99522e-08 9.01024e-07 1.40708e-05 0.000152157 0.00113938 0.0059088 0.0212317 0.0529567 0.0923496 0.115708 0.114014 0.107578 0.110915 0.109734 0.0911623 0.0651686 0.0446382 0.0303891 0.0190525 0.0102165 0.0047172 0.00205477 0.000898141
 4.08306e-11 1.92047e-09 6.25485e-08 1.41063e-06 2.2029e-05 0.000238212 0.0017837 0.00924875 0.0332119 0.0826312 0.142687 0.172179 0.149056 0.101409 0.0675517 0.0539498 0.0483956 0.0431044 0.0355916 0.0259335 0.0165095 0.00929143 0.00457908 0.00193037 0.000695209
 3.52539e-11 1.65817e-09 5.40056e-08 1.21796e-06 1.90202e-05 0.000205677 0.00154011 0.00798622 0.0286855 0.0714407 0.12385 0.151745 0.138771 0.110225 0.0931411 0.0822133 0.064396 0.0437988 0.0292322 0.0208401 0.0147454 0.00929296 0.00493443 0.00216253 0.000774017
 3.99693e-11 1.87996e-09 6.12292e-08 1.38087e-06 2.15643e-05 0.000233187 0.00174609 0.00905391 0.032515 0.0809237 0.139919 0.169691 0.149641 0.107606 0.0786953 0.0649189 0.053219 0.0402727 0.0284883 0.0187982 0.0115547 0.00672901 0.00363193 0.00169618 0.000643781
 3.77848e-11 1.77721e-09 5.78827e-08 1.3054e-06 2.03857e-05 0.000220443 0.00165067 0.00855933 0.0307416 0.0765377 0.132524 0.161609 0.145363 0.110515 0.0879492 0.0754126 0.0596238 0.0415289 0.0273744 0.017836 0.0110857 0.00629172 0.00319373 0.00142277 0.000536978
 3.95915e-11 1.86219e-09 6.06504e-08 1.36782e-06 2.13605e-05 0.000230983 0.00172959 0.00896841 0.0322088 0.0801706 0.138678 0.168469 0.149474 0.109383 0.0821811 0.0684582 0.0549839 0.0399456 0.0271738 0.0174794 0.0103882 0.00564521 0.00277511 0.00119766 0.000436897
 3.73403e-11 1.75631e-09 5.72019e-08 1.29005e-06 2.01459e-05 0.00021785 0.00163125 0.00845869 0.0303804 0.0756413 0.130992 0.159834 0.144072 0.1102 0.0886054 0.0767665 0.0613738 0.0432887 0.0286492 0.0183588 0.0110258 0.00598718 0.00287673 0.00119776 0.000421122
 3.58653e-11 1.68693e-09 5.49422e-08 1.23909e-06 1.93501e-05 0.000209244 0.00156682 0.00812461 0.0291812 0.0726627 0.125882 0.153829 0.139409 0.108273 0.0892961 0.0793781 0.0653686 0.0479782 0.0329194 0.021343 0.0127012 0.00681189 0.00324592 0.00133764 0.000461488
 3.18801e-11 1.49948e-09 4.88373e-08 1.1014e-06 1.72e-05 0.000185994 0.00139273 0.00722211 0.0259427 0.0646283 0.112165 0.13802 0.128148 0.10597 0.0951918 0.0893254 0.0755058 0.056722 0.0401371 0.0269745 0.0165961 0.00909589 0.00436053 0.0017876 0.000610289
 3.59778e-11 1.69222e-09 5.51146e-08 1.24297e-06 1.94108e-05 0.0002099 0.00157173 0.00814996 0.0292708 0.072871 0.126143 0.153678 0.137781 0.103995 0.0826172 0.0729486 0.0624882 0.0496859 0.0375958 0.0266539 0.017089 0.00971498 0.00480607 0.00201366 0.000694435
 3.37679e-11 1.58828e-09 5.17292e-08 1.16663e-06 1.82185e-05 0.000197008 0.0014752 0.00764962 0.0274767 0.0684326 0.118651 0.145452 0.133288 0.10657 0.0914332 0.0830402 0.0686224 0.0506575 0.0360423 0.0253985 0.0169583 0.0101937 0.00530534 0.00231413 0.000822442
 3.48515e-11 1.63925e-09 5.33892e-08 1.20406e-06 1.88032e-05 0.00020333 0.00152253 0.00789494 0.0283561 0.0706059 0.122304 0.149387 0.135173 0.104623 0.0861809 0.0774798 0.0658684 0.0511053 0.0375781 0.0261834 0.0169098 0.0100088 0.00530118 0.0024032 0.000891158
 3.45106e-11 1.62321e-09 5.2867e-08 1.19228e-06 1.86192e-05 0.000201341 0.00150764 0.00781777 0.0280795 0.0699233 0.121162 0.148185 0.134694 0.105473 0.0881228 0.079319 0.0664098 0.0503862 0.0367082 0.0259406 0.0171102 0.0102068 0.00538051 0.00243659 0.000915391
 3.33207e-11 1.56724e-09 5.10441e-08 1.15117e-06 1.79772e-05 0.000194399 0.00145566 0.0075483 0.0271126 0.0675239 0.117064 0.143454 0.131299 0.104727 0.0898569 0.082429 0.0698101 0.0533973 0.0389368 0.027313 0.0178966 0.0106992 0.00568781 0.00259528 0.000980013
 3.62449e-11 1.70478e-09 5.55237e-08 1.2522e-06 1.95549e-05 0.000211459 0.00158339 0.00821046 0.0294882 0.0734128 0.127085 0.154846 0.138882 0.104898 0.083243 0.0729478 0.0614297 0.0477006 0.035504 0.0252796 0.0166675 0.00996411 0.00529052 0.00241764 0.000917054
 3.75634e-11 1.7668e-09 5.75436e-08 1.29775e-06 2.02663e-05 0.000219151 0.00164099 0.00850912 0.0305606 0.0760805 0.131688 0.16038 0.143594 0.107835 0.0844534 0.0723573 0.0586251 0.0429888 0.0303078 0.0210538 0.0139125 0.00841246 0.00450631 0.00206791 0.000785974
 3.48747e-11 1.64034e-09 5.34247e-08 1.20486e-06 1.88157e-05 0.000203465 0.00152355 0.00790028 0.0283764 0.0706669 0.122481 0.149941 0.13674 0.107967 0.0910586 0.0818258 0.0671914 0.0489016 0.033556 0.0223013 0.0140465 0.00820735 0.00433777 0.00199204 0.000761087
 3.68387e-11 1.73272e-09 5.64335e-08 1.27272e-06 1.98753e-05 0.000214923 0.00160934 0.008345 0.0299714 0.074616 0.129169 0.157392 0.141183 0.10665 0.0845546 0.0737613 0.0613909 0.0465644 0.0333922 0.0226314 0.014081 0.00794766 0.00403445 0.0017956 0.000674481
 3.56039e-11 1.67464e-09 5.45419e-08 1.23006e-06 1.92091e-05 0.00020772 0.0015554 0.00806542 0.0289688 0.072135 0.124977 0.152764 0.13857 0.107864 0.0891541 0.0791266 0.0647955 0.0474003 0.0330079 0.022378 0.014231 0.00817836 0.00414022 0.00180262 0.000657775
 3.35782e-11 1.57936e-09 5.14386e-08 1.16007e-06 1.81162e-05 0.000195901 0.00146691 0.00760665 0.0273223 0.0680479 0.117983 0.14463 0.132534 0.106026 0.0912717 0.0836902 0.0704216 0.0530616 0.0377129 0.0255191 0.0159936 0.0091128 0.00462572 0.00202299 0.000735345
 3.53782e-11 1.66402e-09 5.41961e-08 1.22226e-06 1.90873e-05 0.000206403 0.00154554 0.00801422 0.0287841 0.0716679 0.124118 0.151481 0.136675 0.104949 0.0854053 0.0760999 0.0644068 0.0499404 0.0369034 0.0258743 0.0166152 0.00956368 0.00485085 0.00211312 0.000766165
 3.54291e-11 1.66641e-09 5.4274e-08 1.22402e-06 1.91148e-05 0.000206699 0.00154776 0.00802577 0.028826 0.0717757 0.124329 0.151854 0.137372 0.106186 0.087031 0.0772606 0.0641372 0.0482504 0.0348648 0.0245261 0.0161589 0.00960849 0.00500226 0.0022112 0.000805862
 3.61747e-11 1.70148e-09 5.54161e-08 1.24977e-06 1.9517e-05 0.000211049 0.00158033 0.00819462 0.0294319 0.0732796 0.1269 0.154834 0.139555 0.106798 0.0862444 0.0758208 0.0626628 0.046851 0.0333784 0.0229894 0.0148794 0.00882214 0.00465721 0.00210498 0.000783262
#pred catch len freq
 2.13281e-11 1.00317e-09 3.26726e-08 7.36849e-07 1.1507e-05 0.000124433 0.000931765 0.00483194 0.0173597 0.0432749 0.0752998 0.0935752 0.0898561 0.0806413 0.0806302 0.0830794 0.0787242 0.0702533 0.0620114 0.0541912 0.0469116 0.0406523 0.0343979 0.0264015 0.0168396
 1.0582e-11 4.97729e-10 1.62107e-08 3.65593e-07 5.70929e-06 6.17395e-05 0.000462347 0.00239835 0.00862682 0.0216064 0.0382865 0.0508237 0.0590883 0.0735057 0.0950308 0.108156 0.10455 0.0929379 0.0815338 0.0706608 0.0596828 0.0491082 0.0387415 0.027829 0.0169028
 8.72112e-12 4.102e-10 1.336e-08 3.013e-07 4.70526e-06 5.08815e-05 0.00038102 0.00197617 0.00710375 0.0177477 0.0311507 0.0399905 0.0425883 0.0473431 0.0601619 0.0772026 0.0937656 0.106606 0.109935 0.101563 0.0862639 0.0691036 0.0518678 0.0350644 0.0201279
 3.26931e-11 1.53773e-09 5.00828e-08 1.12949e-06 1.76386e-05 0.000190736 0.00142821 0.00740537 0.0265909 0.0661446 0.114124 0.137268 0.117396 0.0767623 0.047187 0.0363158 0.0365534 0.0425704 0.0511448 0.0574107 0.0570113 0.0493736 0.0373354 0.0244092 0.013359
 4.39821e-11 2.06871e-09 6.73765e-08 1.51951e-06 2.37293e-05 0.000256598 0.00192138 0.00996263 0.0357752 0.0890082 0.153693 0.185424 0.160338 0.108259 0.0692938 0.0487836 0.0340363 0.0216792 0.0149206 0.013616 0.0144151 0.0142229 0.0118664 0.00808926 0.00441317
 3.3597e-11 1.58024e-09 5.14675e-08 1.16072e-06 1.81263e-05 0.000196011 0.00146774 0.00761116 0.027341 0.0681207 0.118286 0.145828 0.136234 0.1141 0.103014 0.0937847 0.0723989 0.0454561 0.0250526 0.0137678 0.0086996 0.00675818 0.00556881 0.00400932 0.00228496
 3.04357e-11 1.43155e-09 4.66247e-08 1.0515e-06 1.64208e-05 0.000177568 0.00132964 0.00689501 0.0247685 0.0617125 0.107167 0.132166 0.123678 0.104363 0.0965593 0.0932925 0.081555 0.0632598 0.0445077 0.0277457 0.0150708 0.00767348 0.00420222 0.0024932 0.00136484
 3.03447e-11 1.42727e-09 4.64852e-08 1.04836e-06 1.63716e-05 0.000177036 0.00132566 0.00687428 0.0246932 0.0615155 0.106763 0.131372 0.121992 0.101028 0.0913912 0.0874667 0.0771658 0.0623203 0.0480331 0.0345703 0.022004 0.0120317 0.00572218 0.00249627 0.0010407
 3.38836e-11 1.59372e-09 5.19065e-08 1.17062e-06 1.8281e-05 0.000197683 0.00148025 0.00767571 0.0275688 0.0686479 0.118927 0.145333 0.131733 0.10245 0.0850334 0.0770104 0.0661863 0.052669 0.0406873 0.0303562 0.0208804 0.0126849 0.00657346 0.00284894 0.00103584
 3.35301e-11 1.57709e-09 5.13649e-08 1.15841e-06 1.80902e-05 0.00019562 0.00146481 0.00759574 0.0272829 0.0679495 0.117809 0.144395 0.132246 0.105604 0.0905254 0.0823831 0.0685126 0.0511158 0.0368176 0.0263396 0.0180821 0.0113871 0.00628273 0.0029043 0.00108808
 3.53433e-11 1.66238e-09 5.41427e-08 1.22105e-06 1.90685e-05 0.000206199 0.00154402 0.00800636 0.0287562 0.0716029 0.124034 0.151514 0.137131 0.106156 0.0872456 0.0777141 0.0647433 0.0487232 0.0348456 0.0240219 0.0156374 0.00947045 0.00519878 0.00246675 0.000961956
 3.51125e-11 1.65152e-09 5.3789e-08 1.21308e-06 1.89439e-05 0.000204852 0.00153393 0.00795414 0.0285694 0.0711455 0.123295 0.150859 0.137326 0.107902 0.0903616 0.0807927 0.0661761 0.0481789 0.0332786 0.0224077 0.0142895 0.00839522 0.00444826 0.00206065 0.000801133
 3.55498e-11 1.67209e-09 5.44589e-08 1.22818e-06 1.91799e-05 0.000207404 0.00155304 0.00805315 0.0289246 0.0720253 0.124787 0.152533 0.13837 0.107746 0.0891828 0.0794329 0.0654487 0.0481513 0.0333736 0.0221601 0.0137371 0.00780794 0.00400464 0.00179932 0.000682074
 3.49901e-11 1.64577e-09 5.36016e-08 1.20885e-06 1.8878e-05 0.000204139 0.00152859 0.00792644 0.0284701 0.0708995 0.122878 0.150393 0.137048 0.107996 0.0908527 0.0815757 0.0670984 0.0490326 0.0337925 0.0224107 0.0138622 0.00778736 0.00390055 0.00169946 0.000624459
 3.31147e-11 1.55756e-09 5.07287e-08 1.14406e-06 1.78661e-05 0.000193198 0.00144667 0.00750174 0.0269462 0.0671198 0.116432 0.142995 0.131887 0.107232 0.094147 0.0868584 0.0723461 0.0533047 0.0369308 0.024494 0.0150914 0.00842836 0.00418427 0.00179616 0.000645952
 3.33986e-11 1.57091e-09 5.11636e-08 1.15387e-06 1.80193e-05 0.000194854 0.00145907 0.00756599 0.0271763 0.0676865 0.11737 0.143937 0.13209 0.106064 0.0917517 0.0843507 0.0710089 0.0535065 0.0380569 0.0257419 0.0160259 0.00897805 0.00444633 0.00189561 0.000674328
 3.41737e-11 1.60737e-09 5.23509e-08 1.18064e-06 1.84375e-05 0.000199376 0.00149292 0.00774151 0.0278061 0.0692487 0.120035 0.146998 0.134232 0.106389 0.0903558 0.0819977 0.0684763 0.0513018 0.0365191 0.0250019 0.0158852 0.00908452 0.0045634 0.0019571 0.000695557
 3.38441e-11 1.59187e-09 5.18461e-08 1.16926e-06 1.82597e-05 0.000197453 0.00147853 0.0076669 0.0275386 0.0685873 0.118921 0.145788 0.133617 0.106902 0.091888 0.0837724 0.0696298 0.0515422 0.036155 0.0245019 0.0155471 0.00896552 0.00457193 0.00199272 0.000717047
 3.36826e-11 1.58427e-09 5.15986e-08 1.16368e-06 1.81725e-05 0.00019651 0.00147147 0.00763029 0.0274071 0.0682588 0.118346 0.145057 0.13287 0.106171 0.0912169 0.0834482 0.0700108 0.0525848 0.0373514 0.0253695 0.0159917 0.0091534 0.00466028 0.0020431 0.000743058
 3.28059e-11 1.54303e-09 5.02557e-08 1.13339e-06 1.76995e-05 0.000191396 0.00143318 0.00743178 0.0266948 0.0664923 0.115335 0.141609 0.130489 0.105872 0.0928015 0.0858388 0.0721822 0.0542091 0.0386139 0.0264314 0.016815 0.00967568 0.00492576 0.0021552 0.000784054
 3.30345e-11 1.55379e-09 5.06058e-08 1.14129e-06 1.78229e-05 0.00019273 0.00144316 0.00748352 0.0268802 0.0669496 0.116097 0.1424 0.130756 0.105164 0.0912207 0.0841432 0.0712209 0.0542062 0.0391651 0.027068 0.0173295 0.0100353 0.0051418 0.00226017 0.000824034
 3.50053e-11 1.64648e-09 5.36249e-08 1.20938e-06 1.88861e-05 0.000204227 0.00152925 0.00792982 0.0284816 0.0709218 0.122873 0.150184 0.136211 0.106035 0.0878491 0.0786443 0.0656579 0.0495797 0.035734 0.0248314 0.0160739 0.00941873 0.00487307 0.00215807 0.000791297
 3.46266e-11 1.62867e-09 5.30447e-08 1.19629e-06 1.86818e-05 0.000202018 0.00151271 0.0078441 0.0281745 0.0701657 0.121621 0.148924 0.13593 0.107571 0.0910126 0.08196 0.0674293 0.049318 0.0342492 0.0231866 0.0148496 0.00870856 0.00453959 0.00203018 0.000751228
 3.35221e-11 1.57672e-09 5.13528e-08 1.15813e-06 1.80859e-05 0.000195574 0.00146446 0.00759398 0.0272769 0.0679381 0.117813 0.144511 0.132712 0.106738 0.0924487 0.0847983 0.0708351 0.0526421 0.0368534 0.0246832 0.0154075 0.00879982 0.00451361 0.00201 0.000746374
 3.41458e-11 1.60606e-09 5.23083e-08 1.17968e-06 1.84224e-05 0.000199213 0.00149171 0.00773521 0.0277836 0.0691934 0.119944 0.146915 0.134242 0.106577 0.0907268 0.0824438 0.0688409 0.0514592 0.0364068 0.024663 0.0154825 0.00879145 0.00443606 0.00193832 0.00070983
 3.23896e-11 1.52345e-09 4.96178e-08 1.11901e-06 1.74749e-05 0.000188967 0.00141499 0.0073375 0.0263566 0.065655 0.113915 0.140023 0.129526 0.106111 0.094142 0.0875773 0.0735667 0.0549486 0.0388476 0.0264052 0.016701 0.00955893 0.00483826 0.00210414 0.000762182
 3.24848e-11 1.52793e-09 4.97637e-08 1.1223e-06 1.75263e-05 0.000189522 0.00141915 0.00735902 0.0264334 0.0658406 0.1142 0.140196 0.12913 0.104692 0.0918317 0.0854083 0.0727511 0.0557422 0.0404681 0.0279594 0.0178105 0.0102403 0.0052094 0.00227514 0.000824811
 3.36861e-11 1.58443e-09 5.1604e-08 1.1638e-06 1.81744e-05 0.000196531 0.00147162 0.00763106 0.0274094 0.0682613 0.118327 0.144924 0.132397 0.105082 0.0895218 0.0816926 0.0689471 0.052606 0.0383452 0.0268989 0.0175125 0.0102743 0.00529979 0.00233389 0.000850339
 3.43669e-11 1.61646e-09 5.2647e-08 1.18732e-06 1.85417e-05 0.000200503 0.00150137 0.00778527 0.0279631 0.0696371 0.120692 0.147728 0.134656 0.106218 0.0896011 0.0809384 0.0674326 0.0504806 0.0360581 0.0249916 0.0162728 0.00965205 0.00506445 0.00226921 0.000838201
#obs catch len freq
 1.98595e-11 9.34095e-10 3.04229e-08 6.86113e-07 1.07147e-05 0.000115865 0.00086761 0.0044993 0.0161655 0.0403055 0.0701856 0.0874687 0.0847854 0.0776988 0.0795074 0.0831949 0.0800755 0.0733472 0.0674132 0.061803 0.0550971 0.0463939 0.0353725 0.0232183 0.0124734
 2.1857e-11 1.02805e-09 3.34828e-08 7.55122e-07 1.17923e-05 0.000127518 0.000954866 0.00495167 0.0177891 0.044336 0.0770848 0.095507 0.0908095 0.0797431 0.0780629 0.0801644 0.0770411 0.0706472 0.0645006 0.0582395 0.0511689 0.0428598 0.0327715 0.0216024 0.0116256
 7.34002e-16 3.45969e-14 1.13624e-12 2.64712e-11 4.6586e-10 7.29146e-09 1.21632e-07 2.01126e-06 2.69123e-05 0.000261433 0.00178166 0.00844739 0.0278672 0.06434 0.105684 0.128554 0.125894 0.112209 0.0995252 0.0883641 0.0766871 0.0634866 0.0481577 0.0316619 0.0170501
 1.2333e-11 5.80087e-10 1.8893e-08 4.26086e-07 6.65393e-06 7.19525e-05 0.000538765 0.00279344 0.0100292 0.0249334 0.0429259 0.0512163 0.0426847 0.0268502 0.0208743 0.0358123 0.0698325 0.106075 0.124568 0.1211 0.105485 0.0858412 0.0641595 0.0417972 0.0224038
 5.08937e-11 2.39379e-09 7.79642e-08 1.75829e-06 2.74582e-05 0.00029692 0.00222328 0.0115276 0.0413885 0.102909 0.177257 0.211777 0.176387 0.104417 0.0470471 0.0194573 0.00998858 0.00845011 0.0113035 0.0155666 0.0177675 0.0165304 0.0128484 0.00837257 0.00445425
 3.06793e-11 1.44301e-09 4.69978e-08 1.05992e-06 1.65522e-05 0.00017899 0.0013403 0.00695064 0.0249734 0.0622711 0.108467 0.135307 0.131401 0.119916 0.118119 0.109906 0.0805868 0.0438115 0.0188582 0.00894966 0.00726278 0.00749709 0.00674578 0.00479672 0.00264342
 3.80944e-11 1.79178e-09 5.8357e-08 1.3161e-06 2.05528e-05 0.000222249 0.00166418 0.00862926 0.0309905 0.0771352 0.133407 0.161979 0.143471 0.104706 0.0792704 0.0690158 0.0608558 0.0496348 0.0357495 0.0213893 0.0105615 0.00506778 0.00302748 0.00203067 0.00117114
 2.4036e-11 1.13054e-09 3.68209e-08 8.30405e-07 1.2968e-05 0.000140232 0.00105009 0.00544592 0.0195709 0.0488387 0.085334 0.107693 0.108545 0.10708 0.114963 0.115797 0.0967578 0.069336 0.0475742 0.0324237 0.0203382 0.0109078 0.0050368 0.00219407 0.000959047
 3.90597e-11 1.83718e-09 5.98358e-08 1.34945e-06 2.10736e-05 0.00022788 0.00170634 0.00884771 0.0317727 0.0790597 0.136582 0.165108 0.143904 0.100067 0.0697402 0.0580921 0.0530435 0.047483 0.0392674 0.0286286 0.01823 0.010261 0.00505723 0.002132 0.000767838
 3.34146e-11 1.57166e-09 5.1188e-08 1.15442e-06 1.80279e-05 0.000194947 0.00145977 0.00756973 0.0271912 0.0677358 0.117541 0.144546 0.133891 0.109864 0.0968943 0.087715 0.0693178 0.0472934 0.0316216 0.022569 0.0159763 0.0100702 0.00534736 0.00234354 0.00083881
 3.8394e-11 1.80587e-09 5.88159e-08 1.32645e-06 2.07144e-05 0.000223997 0.00167727 0.00869717 0.0312349 0.077749 0.134506 0.163483 0.145326 0.107007 0.0815164 0.069381 0.0575769 0.0437384 0.0309868 0.0204617 0.0125814 0.00732801 0.00395546 0.00184732 0.000701149
 3.6118e-11 1.69882e-09 5.53293e-08 1.24782e-06 1.94864e-05 0.000210719 0.00157786 0.00818189 0.0293874 0.07318 0.126806 0.155084 0.140936 0.110183 0.0913655 0.0804801 0.0642606 0.0449057 0.0296479 0.0193353 0.0120228 0.00682462 0.00346444 0.0015434 0.00058251
 3.80128e-11 1.78794e-09 5.82319e-08 1.31328e-06 2.05087e-05 0.000221773 0.00166062 0.00861091 0.0309261 0.0769898 0.133257 0.162271 0.145224 0.108945 0.0852481 0.0731407 0.0594129 0.0433205 0.0295153 0.0190008 0.0112966 0.00613977 0.00301842 0.00130269 0.000475218
 3.57498e-11 1.6815e-09 5.47653e-08 1.2351e-06 1.92878e-05 0.000208571 0.00156178 0.00809851 0.0290882 0.0724372 0.125534 0.153605 0.139838 0.109866 0.0918462 0.0816031 0.0658392 0.0465785 0.0308707 0.0197984 0.0118949 0.00646006 0.0031041 0.00129245 0.000454419
 3.43003e-11 1.61332e-09 5.25448e-08 1.18502e-06 1.85058e-05 0.000200114 0.00149845 0.00777021 0.0279097 0.0695095 0.120509 0.147683 0.135189 0.107826 0.0923157 0.084 0.0697513 0.0513347 0.0352668 0.0228803 0.0136203 0.00730572 0.00348139 0.00143471 0.000494978
 3.029e-11 1.42469e-09 4.64013e-08 1.04647e-06 1.63421e-05 0.000176718 0.00132327 0.00686203 0.0246507 0.0614241 0.106703 0.131764 0.123824 0.105433 0.0981331 0.0938946 0.0798912 0.0601516 0.0426121 0.0286554 0.0176351 0.00966635 0.00463419 0.00189981 0.000648601
 3.44051e-11 1.61825e-09 5.27054e-08 1.18864e-06 1.85623e-05 0.000200725 0.00150303 0.00779381 0.0279929 0.069701 0.120734 0.14746 0.133403 0.103237 0.0851884 0.0771554 0.066707 0.0531966 0.0403008 0.0285878 0.0183332 0.0104233 0.00515665 0.00216057 0.000745105
 3.19764e-11 1.50402e-09 4.89849e-08 1.10473e-06 1.7252e-05 0.000186557 0.00139694 0.00724394 0.0260211 0.0648226 0.112498 0.138404 0.128418 0.105964 0.0947292 0.0881245 0.0734357 0.054368 0.0387402 0.0273223 0.0182494 0.0109712 0.00571026 0.0024908 0.000885235
 3.3104e-11 1.55705e-09 5.07122e-08 1.14369e-06 1.78604e-05 0.000193135 0.00144619 0.00749921 0.0269362 0.0670839 0.116296 0.142488 0.130345 0.103861 0.0891564 0.0822585 0.0705797 0.0549279 0.0404446 0.0282003 0.0182181 0.0107845 0.0057123 0.00258962 0.000960295
 3.27516e-11 1.54048e-09 5.01723e-08 1.13151e-06 1.76702e-05 0.000191079 0.0014308 0.00741943 0.0266503 0.0663783 0.115117 0.141251 0.129868 0.10478 0.0912177 0.0841945 0.0711218 0.0541237 0.0394879 0.027926 0.0184257 0.0109929 0.00579517 0.00262442 0.000985962
 3.1571e-11 1.48495e-09 4.83638e-08 1.09073e-06 1.70333e-05 0.000184191 0.00137923 0.00715207 0.0256908 0.0639977 0.111051 0.136553 0.126487 0.104014 0.092904 0.0872602 0.0745109 0.0571523 0.0417313 0.0292941 0.0192007 0.0114802 0.00610329 0.00278491 0.00105162
 3.46248e-11 1.62858e-09 5.30419e-08 1.19623e-06 1.86808e-05 0.000202007 0.00151263 0.00784359 0.0281718 0.0701476 0.121515 0.148448 0.134399 0.104175 0.08597 0.0773333 0.0657488 0.0512124 0.0381683 0.0271941 0.0179346 0.0107227 0.00569354 0.00260184 0.000986931
 3.58857e-11 1.68789e-09 5.49735e-08 1.23979e-06 1.93611e-05 0.000209363 0.00156771 0.0081292 0.0291974 0.0726999 0.125925 0.153782 0.139039 0.107282 0.0875639 0.0771477 0.0631573 0.0464708 0.0328141 0.0228137 0.0150808 0.00912014 0.00488563 0.00224201 0.000852154
 3.32583e-11 1.56431e-09 5.09485e-08 1.14902e-06 1.79436e-05 0.000194035 0.00145294 0.00753425 0.0270631 0.0674101 0.116931 0.143593 0.132381 0.1075 0.0941609 0.08656 0.0716482 0.0522847 0.0359242 0.0238925 0.0150537 0.00879694 0.00464959 0.00213527 0.000815813
 3.52845e-11 1.65961e-09 5.40525e-08 1.21902e-06 1.90368e-05 0.000205856 0.00154145 0.00799303 0.0287085 0.0714839 0.123829 0.151269 0.136931 0.106068 0.0873458 0.0781519 0.0656511 0.0499446 0.035862 0.0243208 0.0151364 0.00854426 0.00433749 0.0019305 0.000725156
 3.39401e-11 1.59638e-09 5.1993e-08 1.17257e-06 1.83114e-05 0.000198013 0.00148272 0.00768864 0.0276169 0.0687825 0.119263 0.146226 0.134073 0.10736 0.0923111 0.0839588 0.0693544 0.0508836 0.0354835 0.0240749 0.0153153 0.00880263 0.00445646 0.00194034 0.000708034
 3.19085e-11 1.50082e-09 4.88807e-08 1.10238e-06 1.72153e-05 0.00018616 0.00139397 0.00722853 0.0259656 0.0646832 0.112247 0.138056 0.127979 0.10543 0.0943121 0.0884409 0.075 0.0566598 0.0403214 0.0273028 0.0171166 0.00975387 0.00495135 0.00216543 0.000787129
 3.36109e-11 1.5809e-09 5.14887e-08 1.1612e-06 1.81338e-05 0.000196092 0.00146834 0.007614 0.0273481 0.0681059 0.118042 0.144505 0.131796 0.104187 0.0884262 0.0809393 0.0691688 0.0538046 0.0398161 0.0279367 0.0179452 0.0103305 0.00524007 0.00228272 0.000827666
 3.38014e-11 1.58985e-09 5.17805e-08 1.16778e-06 1.82366e-05 0.000197203 0.00147666 0.00765717 0.0275034 0.0684956 0.118736 0.145442 0.13292 0.105576 0.0899415 0.0818154 0.0685139 0.0516922 0.0374018 0.026329 0.0173518 0.0103189 0.00537234 0.00237482 0.000865496
#spawning biomass
 29472.8 24101.2 18459.1 13489.5 15041 29446.7 42741.2 51541.1 63869.3 84251.7 104312 117451 141619 168876 178696 149230 133435 124568 137969 141845 140913 142137 152175 179742 155982 167047 157001 154334 169031 168442 207362 141265 88750.9 57023.9 39971 31413.2 27299.3 25376.2 24493.7 24093.9 23914.3 23834 23798.3 23782.5 23775.5 23772.4 23771 23770.4 23770.2 23770.1 23770 23770 23770 23770 23770 23770 23770 23770 23770 23770 23770 23770 23770 23770 23770 23770 23770 23770 23770 23770 23770 23770 23770 23770 23770 23770 23770 23770 23770 23770 23770 23770 23770 23770 23770 23770 23770 23770 23770 23770 23770 23770 23770 23770 23770 23770 23770 23770 23770 23770 23770 23770 23770 23770 23770 23770 23770 23770 23770 23770 23770 23770 23770 23770 23770 23770 23770 23770 23770 23770 23770 23770 23770 23770 23770 23770 23770 23770 23770 0 0 0 0 0 0 0 0 0 0 0 0 0 0 0 0 0 0 0 0 0 0 0 0 0
