SBPRF35
0.224663
Curr Bio
57200.8
B35
191560
F35
0.339833
FOFL
0.289449
OFL
74084.9
Bzero
64189.3
#pred survey bio
 7814.46 7200.99 7614.82 7581.41 8730.31 12492.1 14062 17511 29149.1 47586.4 64308.9 83387.8 101149 134117 133695 117097 105787 106360 112150 114019 119642 128866 133968 149452 157725 161203 165786 164447 185601 1.25718e+07 7.41263e+06 5.5195e+06 3.73732e+06 2.50336e+06 1.74894e+06 1.3158e+06 1.07487e+06 942500 869699 829231 806338 793100 785257 780494 777537 775675 774482 773707 773199 772862 772638 772488 772388 772320 772275 772244 772223 772209 772200 772193 772189 772186 772184 772183 772182 772181 772181 772180 772180 772180 772180 772180 772180 772180 772180 772180 772180 772180 772180 772180 772180 772180 772180 772180 772180 772180 772180 772180 772180 772180 772180 772180 772180 772180 772180 772180 772180 772180 772180 772180 772180 772180 772180 772180 772180 772180 772180 772180 772180 772180 772180 772180 772180 772180 772180 772180 772180 772180 772180 772180 772180 772180 772180 772180 772180 772180 772180 772180 772180 0 0 0 0 0 0 0 0 0 0 0 0 0 0 0 0 0 0 0 0 0 0 0 0 0
#obs survey bio
 7253.43 9135.41 6656.75 10598.7 10260.2 15128.8 14448.9 25102.6 43205.7 63162.8 45053.7 93614.8 110299 174147 128450 107071 100960 106303 90034.2 120970 190993 172151 125853 134989 172398 114969 150040 127692 224684
#pred catch bio
 5275.1 5158.18 5704.72 5856.16 6044.44 9219.54 10628.3 12400.2 19810.5 33718.4 47474.5 64302 72028.3 100581 102936 90754.8 79853.5 79396.9 84855 84568.1 86262.7 94929.8 97247.9 111102 116289 115562 118752 109895 11260.3 74084.9 84800 60888.2 39901.5 25885.7 17611.6 13061.6 10667.4 9443.01 8828.57 8524.13 8374.6 8301.59 8266.08 8248.86 8240.52 8236.5 8234.57 8233.64 8233.19 8232.97 8232.87 8232.82 8232.79 8232.78 8232.77 8232.77 8232.77 8232.77 8232.77 8232.77 8232.77 8232.77 8232.77 8232.77 8232.77 8232.77 8232.77 8232.77 8232.77 8232.77 8232.77 8232.77 8232.77 8232.77 8232.77 8232.77 8232.77 8232.77 8232.77 8232.77 8232.77 8232.77 8232.77 8232.77 8232.77 8232.77 8232.77 8232.77 8232.77 8232.77 8232.77 8232.77 8232.77 8232.77 8232.77 8232.77 8232.77 8232.77 8232.77 8232.77 8232.77 8232.77 8232.77 8232.77 8232.77 8232.77 8232.77 8232.77 8232.77 8232.77 8232.77 8232.77 8232.77 8232.77 8232.77 8232.77 8232.77 8232.77 8232.77 8232.77 8232.77 8232.77 8232.77 8232.77 8232.77 8232.77 8232.77 8232.77 8232.77 0 0 0 0 0 0 0 0 0 0 0 0 0 0 0 0 0 0 0 0 0 0 0 0 0
#obs catch bio
 5579.16 5082.41 5802.15 5752.46 5874.05 8949.53 10689.5 11992.3 19050.7 32209.8 46748.8 62978.6 70660.7 98432.7 103043 91743.3 80269.9 79035.8 85910.2 84432.6 83626.6 93375.4 97549.1 111743 114956 117902 119994 110581 11014.5
#pred cpue bio
 7429.87 6595.14 7004.02 6950.77 7876.45 11358.1 12867.4 15789.3 26142.3 43035 58504.1 75435.4 91437.3 122112 123172 107871 96999.5 97419.8 102603 104405 109665 118434 122837 136728 144471 148250 152933 151972 171429 1.2194e+07 7.49858e+06 5.52197e+06 3.72413e+06 2.48849e+06 1.73391e+06 1.30076e+06 1.05983e+06 927458 854656 814188 791295 778057 770215 765451 762494 760632 759439 758665 758156 757820 757596 757446 757345 757278 757232 757202 757181 757167 757157 757151 757147 757144 757142 757140 757139 757139 757138 757138 757138 757138 757138 757138 757138 757138 757138 757138 757138 757138 757138 757138 757138 757138 757138 757138 757138 757138 757138 757138 757138 757138 757138 757138 757138 757138 757138 757138 757138 757138 757138 757138 757138 757138 757138 757138 757138 757138 757138 757138 757138 757138 757138 757138 757138 757138 757138 757138 757138 757138 757138 757138 757138 757138 757138 757138 757138 757138 757138 757138 757138 0 0 0 0 0 0 0 0 0 0 0 0 0 0 0 0 0 0 0 0 0 0 0 0 0
#obs cpue bio
 8853.13 7947.81 4775.13 8605.74 10816.8 15054.9 9064.73 24698.4 34103.4 68856.4 82639.1 100790 108434 140399 108619 97378.5 92953.3 111742 94837.8 110922 135579 102587 107745 140487 177974 118560 161394 238544 155672
#pred surv len freq
 2.14579e-27 2.17289e-27 6.55049e-27 1.49789e-21 8.90851e-17 1.21808e-12 3.82905e-09 2.76726e-06 0.000459777 0.0175632 0.154241 0.311415 0.144963 0.0264152 0.0674937 0.0947616 0.0387172 0.0315912 0.0282031 0.019202 0.0162785 0.0142053 0.0148056 0.0138478 0.00583373
 2.14856e-27 2.18107e-27 7.48367e-27 1.81456e-21 1.07919e-16 1.4756e-12 4.63856e-09 3.3523e-06 0.00055698 0.0212763 0.186849 0.377251 0.175457 0.027915 0.0568123 0.0793475 0.029092 0.014406 0.0114464 0.00619423 0.00434153 0.00310398 0.00269485 0.00229569 0.000956566
 2.14774e-27 2.17925e-27 7.29765e-27 1.75145e-21 1.04166e-16 1.42428e-12 4.47724e-09 3.23572e-06 0.000537609 0.0205363 0.180351 0.364132 0.169458 0.0296821 0.0715557 0.100029 0.0351772 0.0127344 0.00891091 0.00331322 0.0016184 0.000855318 0.000554758 0.000394566 0.00015592
 2.14799e-27 2.17993e-27 7.37497e-27 1.7777e-21 1.05727e-16 1.44563e-12 4.54434e-09 3.28421e-06 0.000545666 0.0208441 0.183054 0.369589 0.171965 0.0292671 0.0673779 0.0941881 0.0337975 0.014382 0.0102043 0.00312515 0.00107291 0.000351215 0.00013812 6.99261e-05 2.43755e-05
 2.14942e-27 2.18345e-27 7.74663e-27 1.90377e-21 1.13225e-16 1.54814e-12 4.86661e-09 3.51711e-06 0.000584363 0.0223223 0.196035 0.395798 0.18404 0.0281504 0.0526614 0.0734151 0.0260619 0.0102122 0.00719349 0.00239358 0.000856004 0.000211886 4.4999e-05 1.18204e-05 3.06031e-06
 2.14874e-27 2.18175e-27 7.56378e-27 1.84173e-21 1.09535e-16 1.4977e-12 4.70802e-09 3.4025e-06 0.000565321 0.0215949 0.189647 0.382901 0.178109 0.0289958 0.0617092 0.0861331 0.0300751 0.0101862 0.00688102 0.00219413 0.000764923 0.000198353 3.57078e-05 4.67511e-06 6.11424e-07
 2.14815e-27 2.18032e-27 7.41356e-27 1.79078e-21 1.06505e-16 1.45626e-12 4.57777e-09 3.30837e-06 0.000549681 0.0209974 0.1844 0.372308 0.173227 0.029402 0.0673816 0.0941515 0.0332215 0.012365 0.0084816 0.00250126 0.000778715 0.000192596 3.41038e-05 3.76115e-06 2.51511e-07
 2.14947e-27 2.18356e-27 7.75806e-27 1.90765e-21 1.13455e-16 1.5513e-12 4.87652e-09 3.52428e-06 0.000585554 0.0223677 0.196435 0.396604 0.184411 0.0281142 0.0521975 0.0727642 0.0258787 0.0102873 0.00720516 0.00222703 0.000723141 0.000165701 2.65132e-05 2.75298e-06 1.51428e-07
 2.14989e-27 2.18459e-27 7.86572e-27 1.94416e-21 1.15627e-16 1.58099e-12 4.96986e-09 3.59173e-06 0.000596761 0.0227959 0.200194 0.404195 0.187915 0.0279534 0.0489277 0.0681178 0.0237283 0.00785555 0.00527799 0.0016925 0.000582286 0.000139604 2.22868e-05 2.12557e-06 1.06195e-07
 2.1492e-27 2.18288e-27 7.68257e-27 1.88202e-21 1.11931e-16 1.53046e-12 4.81102e-09 3.47694e-06 0.000577688 0.0220673 0.193796 0.391277 0.181969 0.028667 0.0571777 0.0797354 0.0276807 0.00885158 0.00582351 0.00169883 0.000522166 0.00012842 2.17106e-05 2.11605e-06 1.0107e-07
 2.14869e-27 2.18162e-27 7.55076e-27 1.83732e-21 1.09272e-16 1.4941e-12 4.69674e-09 3.39434e-06 0.000563965 0.0215431 0.189193 0.381983 0.177685 0.0289984 0.0620021 0.0865581 0.030398 0.0108516 0.00734423 0.00210283 0.000613125 0.000136879 2.15666e-05 2.16099e-06 1.06723e-07
 2.14918e-27 2.18285e-27 7.68257e-27 1.88204e-21 1.11932e-16 1.53047e-12 4.81105e-09 3.47696e-06 0.000577692 0.0220674 0.193797 0.39128 0.181963 0.0284614 0.0559219 0.078 0.0275384 0.0103031 0.00709763 0.00214566 0.000672215 0.00014739 2.15092e-05 1.97995e-06 9.56044e-08
 2.14924e-27 2.18297e-27 7.69349e-27 1.88573e-21 1.12152e-16 1.53347e-12 4.82049e-09 3.48378e-06 0.000578826 0.0221107 0.194178 0.392048 0.182322 0.0285831 0.0564333 0.0786922 0.0273932 0.00900589 0.0060139 0.00186182 0.000610302 0.000141777 2.15945e-05 1.91075e-06 8.54423e-08
 2.14861e-27 2.18144e-27 7.53101e-27 1.83062e-21 1.08874e-16 1.48865e-12 4.67961e-09 3.38196e-06 0.000561908 0.0214645 0.188502 0.38059 0.177044 0.0290839 0.0629436 0.0878815 0.0308132 0.0108418 0.00732096 0.00212672 0.000643065 0.000152065 2.44672e-05 2.2766e-06 1.01953e-07
 2.14749e-27 2.17869e-27 7.24141e-27 1.73238e-21 1.03031e-16 1.40877e-12 4.42849e-09 3.20048e-06 0.000531756 0.0203127 0.178387 0.360168 0.167636 0.0299827 0.0745861 0.104308 0.036831 0.0137917 0.00949437 0.00284871 0.000886763 0.000198239 3.03482e-05 2.90123e-06 1.36341e-07
 2.14751e-27 2.17876e-27 7.25175e-27 1.73591e-21 1.03241e-16 1.41164e-12 4.4375e-09 3.20699e-06 0.000532837 0.020354 0.17875 0.3609 0.167962 0.0296555 0.0723677 0.10123 0.0363968 0.015718 0.0112083 0.00347667 0.00113797 0.000262811 4.02097e-05 3.67415e-06 1.70809e-07
 2.14797e-27 2.17989e-27 7.37103e-27 1.77637e-21 1.05647e-16 1.44454e-12 4.54093e-09 3.28174e-06 0.000545257 0.0208284 0.182916 0.369312 0.171838 0.0292909 0.0676068 0.0945059 0.0338381 0.0141785 0.0101458 0.00340664 0.00123273 0.000298822 4.79917e-05 4.46939e-06 2.03857e-07
 2.14807e-27 2.18013e-27 7.39568e-27 1.78472e-21 1.06144e-16 1.45134e-12 4.56229e-09 3.29718e-06 0.000547822 0.0209264 0.183777 0.371049 0.172641 0.0292925 0.0670929 0.0937674 0.0333871 0.0133996 0.0094797 0.00313604 0.00114161 0.000300068 5.2908e-05 5.21611e-06 2.45821e-07
 2.14818e-27 2.1804e-27 7.42393e-27 1.79431e-21 1.06714e-16 1.45913e-12 4.58679e-09 3.31489e-06 0.000550763 0.0210388 0.184764 0.373041 0.173559 0.0292062 0.0659658 0.0921783 0.0328237 0.0131788 0.00929667 0.00300169 0.00105918 0.000276317 5.06968e-05 5.44714e-06 2.76282e-07
 2.14809e-27 2.18018e-27 7.40062e-27 1.78639e-21 1.06244e-16 1.45269e-12 4.56656e-09 3.30027e-06 0.000548334 0.020946 0.183949 0.371396 0.172803 0.0293355 0.0672509 0.0939816 0.0333491 0.0130199 0.0091267 0.0029444 0.0010312 0.000262158 4.70313e-05 5.14943e-06 2.77857e-07
 2.148e-27 2.17995e-27 7.37691e-27 1.77836e-21 1.05766e-16 1.44616e-12 4.54601e-09 3.28542e-06 0.000545867 0.0208518 0.183121 0.369725 0.172031 0.0293589 0.0678973 0.0949035 0.0338221 0.0136667 0.00963677 0.00306344 0.00105393 0.000266286 4.69792e-05 5.03124e-06 2.72304e-07
 2.14774e-27 2.17933e-27 7.31184e-27 1.75629e-21 1.04453e-16 1.42821e-12 4.4896e-09 3.24464e-06 0.000539093 0.020593 0.180849 0.365137 0.169916 0.0295059 0.0701775 0.0981295 0.0351211 0.0146664 0.0104402 0.00338389 0.00118589 0.000295979 5.13674e-05 5.42264e-06 2.88296e-07
 2.14797e-27 2.1799e-27 7.37213e-27 1.77674e-21 1.0567e-16 1.44484e-12 4.54188e-09 3.28243e-06 0.000545371 0.0208328 0.182955 0.369389 0.171873 0.0292657 0.0674293 0.0942601 0.0338125 0.0143626 0.0102834 0.00339544 0.00122115 0.000310978 5.44069e-05 5.66983e-06 2.96671e-07
 2.14818e-27 2.18042e-27 7.42649e-27 1.79518e-21 1.06766e-16 1.45984e-12 4.58902e-09 3.31649e-06 0.000551031 0.021049 0.184853 0.373222 0.17364 0.0291319 0.0654576 0.0914713 0.0326959 0.0135236 0.00964093 0.00321643 0.00117614 0.000306237 5.50341e-05 5.82186e-06 3.03796e-07
 2.14807e-27 2.18012e-27 7.3938e-27 1.78408e-21 1.06106e-16 1.45081e-12 4.56065e-09 3.296e-06 0.000547625 0.0209189 0.183711 0.370916 0.172581 0.0293351 0.0673932 0.094185 0.0334578 0.0131799 0.00927734 0.00304696 0.00109878 0.000289197 5.31337e-05 5.76829e-06 3.06947e-07
 2.14768e-27 2.17917e-27 7.29361e-27 1.7501e-21 1.04085e-16 1.42318e-12 4.47378e-09 3.23322e-06 0.000537194 0.0205204 0.180212 0.363851 0.169326 0.0296207 0.0712661 0.0996557 0.0355493 0.0144714 0.0102269 0.0032689 0.00113758 0.000294091 5.3783e-05 5.93525e-06 3.23407e-07
 2.14738e-27 2.17844e-27 7.2186e-27 1.72466e-21 1.02572e-16 1.40249e-12 4.40876e-09 3.18622e-06 0.000529386 0.0202222 0.177592 0.358563 0.166884 0.0296998 0.0733427 0.102612 0.036989 0.0162777 0.0117181 0.0038157 0.00134596 0.000338833 5.99622e-05 6.53305e-06 3.58427e-07
 2.1472e-27 2.178e-27 7.17369e-27 1.70943e-21 1.01667e-16 1.39011e-12 4.36983e-09 3.15809e-06 0.000524712 0.0200436 0.176024 0.355397 0.165422 0.0297469 0.0745847 0.104377 0.0378027 0.0171974 0.0125311 0.00426877 0.00158867 0.000408366 7.21244e-05 7.64096e-06 4.10543e-07
 2.14726e-27 2.17817e-27 7.19318e-27 1.71606e-21 1.0206e-16 1.39549e-12 4.38675e-09 3.17032e-06 0.000526744 0.0201213 0.176706 0.356773 0.166049 0.0295104 0.0727259 0.101783 0.0372382 0.0181126 0.0133975 0.0046675 0.00179929 0.000485923 8.99207e-05 9.64124e-06 5.10467e-07
#obs surv len freq
 1.23454e-39 6.04224e-33 6.79882e-27 1.75879e-21 1.04602e-16 1.43024e-12 4.49598e-09 3.24925e-06 0.000539868 0.0206223 0.181105 0.365655 0.170146 0.029239 0.0683921 0.0956472 0.0346985 0.0159687 0.0117 0.00409732 0.00161065 0.000463946 9.77792e-05 1.27359e-05 8.44609e-07
 1.31369e-39 6.42961e-33 7.23469e-27 1.87155e-21 1.11308e-16 1.52193e-12 4.78421e-09 3.45756e-06 0.000574479 0.0219443 0.192715 0.389097 0.180946 0.0282472 0.0552728 0.0771311 0.0278424 0.012382 0.00901562 0.00316232 0.00123766 0.000348149 7.09029e-05 8.93899e-06 5.77209e-07
 1.1586e-39 5.67054e-33 6.38058e-27 1.6506e-21 9.81671e-17 1.34226e-12 4.2194e-09 3.04937e-06 0.000506657 0.0193536 0.169964 0.343163 0.159807 0.0308332 0.0849038 0.118839 0.0417671 0.0150326 0.0104126 0.00357383 0.00137082 0.000384057 7.7009e-05 9.40552e-06 5.8716e-07
 1.34378e-39 6.57689e-33 7.40042e-27 1.91442e-21 1.13858e-16 1.5568e-12 4.89381e-09 3.53677e-06 0.000587639 0.022447 0.19713 0.398009 0.18504 0.0275524 0.0483449 0.0674186 0.0251441 0.0136941 0.0101525 0.00310294 0.00103227 0.000278451 5.48279e-05 6.60037e-06 4.01568e-07
 1.39203e-39 6.81301e-33 7.66611e-27 1.98315e-21 1.17945e-16 1.61269e-12 5.0695e-09 3.66374e-06 0.000608736 0.0232529 0.204207 0.412298 0.191646 0.0275418 0.0439738 0.0611322 0.0212126 0.00676677 0.0046157 0.00178749 0.000736235 0.000181256 3.16904e-05 3.66041e-06 2.18489e-07
 1.26946e-39 6.21314e-33 6.99112e-27 1.80854e-21 1.0756e-16 1.4707e-12 4.62314e-09 3.34115e-06 0.000555138 0.0212055 0.186227 0.375998 0.17494 0.0295823 0.067371 0.0940744 0.0323469 0.00933042 0.00593005 0.00170289 0.000540279 0.000158605 3.10159e-05 3.29212e-06 1.82127e-07
 1.28024e-39 6.26588e-33 7.05047e-27 1.82389e-21 1.08473e-16 1.48318e-12 4.66239e-09 3.36952e-06 0.00055985 0.0213855 0.187808 0.379189 0.17639 0.0288965 0.0622229 0.0869136 0.0311275 0.0130496 0.00912035 0.00248909 0.000668337 0.000147988 2.57309e-05 3.03241e-06 1.6898e-07
 1.42282e-39 6.9637e-33 7.83567e-27 2.02701e-21 1.20554e-16 1.64836e-12 5.18163e-09 3.74478e-06 0.0006222 0.0237672 0.208724 0.421417 0.195839 0.0269258 0.0374647 0.0519918 0.0184643 0.00726018 0.00511378 0.00168638 0.00057973 0.000122342 1.68366e-05 1.61592e-06 8.88501e-08
 1.41366e-39 6.91888e-33 7.78523e-27 2.01397e-21 1.19778e-16 1.63775e-12 5.14828e-09 3.72067e-06 0.000618195 0.0236142 0.20738 0.418705 0.194603 0.0274194 0.0412953 0.0573303 0.0195197 0.00500262 0.00308285 0.000982053 0.000341835 8.64405e-05 1.3864e-05 1.18822e-06 5.29882e-08
 1.3495e-39 6.60486e-33 7.4319e-27 1.92256e-21 1.14342e-16 1.56342e-12 4.91462e-09 3.55181e-06 0.000590138 0.0225425 0.197968 0.399703 0.185855 0.0284136 0.0530918 0.0739512 0.0253022 0.00688415 0.00424341 0.00109788 0.000275381 6.55006e-05 1.13496e-05 1.1301e-06 5.13357e-08
 1.32848e-39 6.50197e-33 7.31612e-27 1.89261e-21 1.12561e-16 1.53906e-12 4.83806e-09 3.49648e-06 0.000580945 0.0221913 0.194884 0.393476 0.182981 0.0285274 0.0556635 0.0776101 0.0270575 0.00902023 0.00594772 0.00157665 0.000393359 7.54387e-05 1.0091e-05 9.80804e-07 4.91149e-08
 1.36443e-39 6.67795e-33 7.51414e-27 1.94384e-21 1.15607e-16 1.58072e-12 4.96901e-09 3.59111e-06 0.000596669 0.022792 0.200159 0.404125 0.187882 0.0279188 0.0487381 0.0678606 0.0237771 0.00831487 0.00560965 0.00163584 0.00047897 9.50839e-05 1.1653e-05 9.00702e-07 3.92171e-08
 1.33369e-39 6.52751e-33 7.34485e-27 1.90004e-21 1.13003e-16 1.54511e-12 4.85706e-09 3.51021e-06 0.000583226 0.0222785 0.19565 0.395021 0.183694 0.0284892 0.0549642 0.076614 0.0265574 0.00836571 0.00549578 0.00164373 0.000510424 0.000112605 1.56418e-05 1.20175e-06 4.50943e-08
 1.28882e-39 6.3079e-33 7.09775e-27 1.83612e-21 1.09201e-16 1.49313e-12 4.69366e-09 3.39212e-06 0.000563605 0.021529 0.189067 0.381732 0.177571 0.0290446 0.0623604 0.0870577 0.0304969 0.0106412 0.00715355 0.00203385 0.000590059 0.00013333 2.01171e-05 1.72781e-06 6.88432e-08
 1.17679e-39 5.75957e-33 6.48076e-27 1.67651e-21 9.97083e-17 1.36333e-12 4.28564e-09 3.09724e-06 0.000514611 0.0196575 0.172632 0.34855 0.162284 0.0304744 0.0810899 0.113489 0.0402577 0.015665 0.0108774 0.00325154 0.00100114 0.000217588 3.16303e-05 2.84118e-06 1.23868e-07
 1.26416e-39 6.1872e-33 6.96193e-27 1.80099e-21 1.07111e-16 1.46456e-12 4.60384e-09 3.32721e-06 0.00055282 0.021117 0.18545 0.374428 0.17418 0.0286616 0.062224 0.0869874 0.0321239 0.0165362 0.0122094 0.00387641 0.00130267 0.000299725 4.48729e-05 3.92784e-06 1.72067e-07
 1.2273e-39 6.00679e-33 6.75893e-27 1.74847e-21 1.03988e-16 1.42185e-12 4.4696e-09 3.23019e-06 0.000536701 0.0205013 0.180042 0.36351 0.169167 0.0295952 0.0712134 0.0995782 0.0354614 0.0142636 0.0102691 0.00384548 0.00155354 0.000389295 6.35236e-05 5.84541e-06 2.57853e-07
 1.28443e-39 6.28637e-33 7.07352e-27 1.82985e-21 1.08828e-16 1.48803e-12 4.67763e-09 3.38054e-06 0.000561681 0.0214555 0.188422 0.380429 0.176954 0.0286494 0.0603407 0.084282 0.0304757 0.0137068 0.00990132 0.00321623 0.0011835 0.0003451 6.6673e-05 6.7849e-06 3.20174e-07
 1.24687e-39 6.10257e-33 6.86671e-27 1.77635e-21 1.05646e-16 1.44452e-12 4.54087e-09 3.2817e-06 0.000545259 0.0208282 0.182913 0.369307 0.17184 0.0294169 0.0683778 0.0955695 0.0338947 0.0131831 0.00931214 0.00321188 0.00121104 0.000317196 6.13704e-05 7.24294e-06 3.8907e-07
 1.26038e-39 6.16869e-33 6.9411e-27 1.7956e-21 1.06791e-16 1.46017e-12 4.59007e-09 3.31725e-06 0.000551166 0.0210538 0.184895 0.373307 0.173676 0.0290409 0.0648767 0.0906699 0.0326534 0.0142717 0.0102292 0.00325585 0.00114202 0.000308387 5.8321e-05 6.65155e-06 3.85607e-07
 1.27627e-39 6.24644e-33 7.0286e-27 1.81823e-21 1.08137e-16 1.47858e-12 4.64792e-09 3.35907e-06 0.000558113 0.0213192 0.187225 0.378013 0.175845 0.0288795 0.0624733 0.0872673 0.0312442 0.0130867 0.00937559 0.00318055 0.00117168 0.000296694 5.3738e-05 6.09101e-06 3.46709e-07
 1.25603e-39 6.1474e-33 6.91715e-27 1.7894e-21 1.06422e-16 1.45513e-12 4.57423e-09 3.3058e-06 0.000549264 0.0209812 0.184257 0.372019 0.173087 0.0292148 0.0663264 0.0926921 0.0330739 0.0134955 0.00958499 0.00317901 0.00116352 0.000309908 5.66349e-05 6.12335e-06 3.39718e-07
 1.26321e-39 6.18253e-33 6.95668e-27 1.79963e-21 1.07031e-16 1.46345e-12 4.60037e-09 3.3247e-06 0.000552403 0.0211011 0.18531 0.374145 0.174063 0.0290281 0.0645461 0.0901977 0.0324007 0.0139051 0.00996256 0.00325397 0.00116342 0.000304826 5.65012e-05 6.25608e-06 3.40647e-07
 1.26307e-39 6.18183e-33 6.9559e-27 1.79942e-21 1.07019e-16 1.46329e-12 4.59985e-09 3.32432e-06 0.000552341 0.0210987 0.185289 0.374103 0.174044 0.0290582 0.0647425 0.0904682 0.0324065 0.0136236 0.00975488 0.0032778 0.00120375 0.000310963 5.63952e-05 6.23589e-06 3.44673e-07
 1.26131e-39 6.17325e-33 6.94624e-27 1.79693e-21 1.0687e-16 1.46125e-12 4.59347e-09 3.31971e-06 0.000551574 0.0210694 0.185032 0.373584 0.173804 0.0290577 0.0648962 0.0906897 0.0325512 0.0138891 0.00996119 0.00331196 0.001212 0.000320926 5.89455e-05 6.42318e-06 3.51754e-07
 1.20161e-39 5.88107e-33 6.61748e-27 1.71188e-21 1.01812e-16 1.39209e-12 4.37605e-09 3.16258e-06 0.000525468 0.0200722 0.176274 0.355903 0.165661 0.0298857 0.0752795 0.10533 0.0377823 0.0160465 0.0115095 0.00385715 0.00141954 0.000373709 6.91526e-05 7.65859e-06 4.18901e-07
 1.19847e-39 5.86567e-33 6.60015e-27 1.7074e-21 1.01545e-16 1.38845e-12 4.3646e-09 3.15431e-06 0.000524092 0.0200196 0.175813 0.354971 0.165218 0.0295585 0.073563 0.102974 0.0378037 0.0187829 0.0138724 0.00464256 0.00170854 0.000452674 8.39872e-05 9.32633e-06 5.15532e-07
 1.2337e-39 6.03811e-33 6.79418e-27 1.75759e-21 1.04531e-16 1.42927e-12 4.49291e-09 3.24704e-06 0.0005395 0.0206082 0.180981 0.365406 0.170025 0.0290854 0.0675297 0.0944556 0.0345992 0.016967 0.0126623 0.00465458 0.00187693 0.000502231 9.34552e-05 1.0425e-05 5.78328e-07
 1.2337e-39 6.03811e-33 6.79418e-27 1.75759e-21 1.04531e-16 1.42927e-12 4.49291e-09 3.24704e-06 0.0005395 0.0206082 0.180981 0.365406 0.170025 0.0290854 0.0675297 0.0944556 0.0345992 0.016967 0.0126623 0.00465458 0.00187693 0.000502231 9.34552e-05 1.0425e-05 5.78328e-07
#pred catch len freq
 2.14575e-27 2.1728e-27 6.54218e-27 1.49507e-21 8.89176e-17 1.21579e-12 3.82185e-09 2.76206e-06 0.000458912 0.0175301 0.153951 0.31083 0.144699 0.0265783 0.0686659 0.0964017 0.0391467 0.0312684 0.0278301 0.0188815 0.0159817 0.0139391 0.0145261 0.0135861 0.00572348
 2.14856e-27 2.18109e-27 7.48616e-27 1.8154e-21 1.07969e-16 1.47628e-12 4.64071e-09 3.35386e-06 0.000557238 0.0212861 0.186936 0.377427 0.17554 0.027973 0.0571137 0.0797647 0.0291407 0.0141068 0.0111567 0.00601691 0.00420922 0.00300764 0.00261076 0.00222399 0.000926688
 2.14779e-27 2.17938e-27 7.31168e-27 1.75621e-21 1.04449e-16 1.42815e-12 4.48941e-09 3.24451e-06 0.00053907 0.0205921 0.180841 0.365122 0.169915 0.029678 0.0712323 0.099567 0.0349273 0.0123633 0.00859861 0.00318798 0.0015531 0.00082021 0.000531864 0.000378268 0.000149479
 2.14809e-27 2.18018e-27 7.40042e-27 1.78633e-21 1.0624e-16 1.45264e-12 4.5664e-09 3.30015e-06 0.000548315 0.0209453 0.183942 0.371383 0.172793 0.0292279 0.0665976 0.0930801 0.0332969 0.0138448 0.00977332 0.00298624 0.00102213 0.000334304 0.000131422 6.65303e-05 2.31916e-05
 2.14938e-27 2.18335e-27 7.73562e-27 1.90003e-21 1.13002e-16 1.54511e-12 4.85706e-09 3.51021e-06 0.000583216 0.0222785 0.195651 0.395021 0.183683 0.0282188 0.0533132 0.0743287 0.0263158 0.0100876 0.00706755 0.00234573 0.000836628 0.000206942 4.39301e-05 1.1538e-05 2.98715e-06
 2.14876e-27 2.18181e-27 7.57017e-27 1.8439e-21 1.09664e-16 1.49946e-12 4.71356e-09 3.4065e-06 0.000565985 0.0216202 0.18987 0.383351 0.178318 0.0290038 0.0616228 0.0860064 0.0299624 0.00992669 0.00666299 0.00211938 0.000736762 0.000190907 3.43545e-05 4.49731e-06 5.88145e-07
 2.14822e-27 2.18047e-27 7.42942e-27 1.79616e-21 1.06824e-16 1.46063e-12 4.59152e-09 3.31831e-06 0.000551331 0.0210605 0.184954 0.373426 0.173743 0.0293841 0.0669354 0.0935163 0.0329118 0.011976 0.0081673 0.00240325 0.000745924 0.000184334 3.26279e-05 3.59792e-06 2.40585e-07
 2.14945e-27 2.18351e-27 7.75301e-27 1.90593e-21 1.13353e-16 1.5499e-12 4.87214e-09 3.52111e-06 0.000585027 0.0223476 0.196258 0.396248 0.184248 0.0281622 0.0525978 0.0733232 0.0260061 0.010111 0.0070443 0.00217225 0.00070332 0.000161038 2.57563e-05 2.67399e-06 1.47076e-07
 2.14984e-27 2.18445e-27 7.85052e-27 1.939e-21 1.1532e-16 1.57679e-12 4.95667e-09 3.5822e-06 0.000595177 0.0227354 0.199663 0.403122 0.187422 0.0280307 0.049723 0.0692346 0.0240656 0.00779948 0.00520713 0.00166567 0.000571455 0.000136909 2.18478e-05 2.08341e-06 1.04084e-07
 2.14918e-27 2.18282e-27 7.67636e-27 1.87992e-21 1.11806e-16 1.52875e-12 4.80563e-09 3.47304e-06 0.000577041 0.0220426 0.193579 0.390839 0.181769 0.0287149 0.0576022 0.0803292 0.0278287 0.00871002 0.00569253 0.00165697 0.000507742 0.000124769 2.10852e-05 2.05483e-06 9.81418e-08
 2.14871e-27 2.18169e-27 7.55741e-27 1.83957e-21 1.09406e-16 1.49594e-12 4.7025e-09 3.39851e-06 0.000564657 0.0215695 0.189425 0.382452 0.177902 0.0290069 0.0619129 0.086427 0.0302779 0.010571 0.00711165 0.00203192 0.000590625 0.000131746 2.07489e-05 2.07875e-06 1.02657e-07
 2.14926e-27 2.18305e-27 7.70253e-27 1.8888e-21 1.12334e-16 1.53597e-12 4.82835e-09 3.48946e-06 0.000579769 0.0221468 0.194494 0.392687 0.182612 0.0284236 0.0552671 0.0770717 0.027139 0.00992483 0.00679734 0.00205018 0.00064041 0.000140309 2.04672e-05 1.88373e-06 9.09538e-08
 2.14922e-27 2.18293e-27 7.68888e-27 1.88416e-21 1.12059e-16 1.5322e-12 4.81649e-09 3.48089e-06 0.000578345 0.0220924 0.194017 0.391722 0.182174 0.0286261 0.0567936 0.0791956 0.0275088 0.00885046 0.00587189 0.00181354 0.000592764 0.0001376 2.09499e-05 1.85344e-06 8.28754e-08
 2.14866e-27 2.18155e-27 7.54292e-27 1.83465e-21 1.09114e-16 1.49194e-12 4.68993e-09 3.38943e-06 0.000563148 0.0215119 0.188918 0.381429 0.177432 0.029074 0.0626301 0.0874343 0.0305826 0.010523 0.0070623 0.00204712 0.000617097 0.000145803 2.34504e-05 2.18168e-06 9.76983e-08
 2.14759e-27 2.17893e-27 7.26613e-27 1.74077e-21 1.0353e-16 1.41559e-12 4.44992e-09 3.21597e-06 0.000534329 0.020411 0.17925 0.361911 0.16844 0.029939 0.0737937 0.103184 0.0363382 0.0133004 0.00910304 0.00272511 0.000845769 0.000188928 2.89105e-05 2.76337e-06 1.29856e-07
 2.14762e-27 2.17903e-27 7.28015e-27 1.74554e-21 1.03814e-16 1.41947e-12 4.46212e-09 3.22479e-06 0.000535793 0.0204669 0.179742 0.362902 0.168887 0.0296105 0.0714897 0.0999832 0.0358356 0.0151206 0.0107283 0.00331997 0.00108353 0.000250052 3.8242e-05 3.49384e-06 1.62418e-07
 2.14804e-27 2.18005e-27 7.38775e-27 1.78203e-21 1.05984e-16 1.44915e-12 4.55542e-09 3.29221e-06 0.000546996 0.0208949 0.1835 0.37049 0.172382 0.0292801 0.0671853 0.0939041 0.0335219 0.0137281 0.00977265 0.00327295 0.00118116 0.000286123 4.59341e-05 4.27719e-06 1.95081e-07
 2.14812e-27 2.18025e-27 7.40783e-27 1.78884e-21 1.06389e-16 1.45469e-12 4.57282e-09 3.30479e-06 0.000549086 0.0209747 0.184201 0.371905 0.173037 0.0292934 0.06684 0.0934039 0.0331635 0.0130112 0.00915541 0.0030211 0.00109674 0.000288065 5.07731e-05 5.00502e-06 2.35863e-07
 2.14825e-27 2.18056e-27 7.44071e-27 1.8e-21 1.07053e-16 1.46376e-12 4.60133e-09 3.3254e-06 0.00055251 0.0211055 0.18535 0.374224 0.174105 0.0291906 0.0655139 0.0915344 0.0325016 0.0127551 0.00894923 0.00288239 0.00101421 0.00026439 4.84903e-05 5.20943e-06 2.64214e-07
 2.14813e-27 2.18028e-27 7.41021e-27 1.78965e-21 1.06437e-16 1.45534e-12 4.57488e-09 3.30628e-06 0.000549333 0.0209841 0.184284 0.372073 0.173116 0.029343 0.0670924 0.0937514 0.0331766 0.0126635 0.00882802 0.00284103 0.000992198 0.000252057 4.52018e-05 4.94849e-06 2.67004e-07
 2.148e-27 2.17996e-27 7.37689e-27 1.77835e-21 1.05765e-16 1.44615e-12 4.54599e-09 3.2854e-06 0.000545865 0.0208517 0.18312 0.369724 0.172032 0.0294006 0.0681521 0.0952557 0.033852 0.013376 0.0093823 0.00297537 0.00102072 0.000257702 4.54473e-05 4.86655e-06 2.63379e-07
 2.14778e-27 2.17941e-27 7.31981e-27 1.75899e-21 1.04614e-16 1.43041e-12 4.4965e-09 3.24963e-06 0.000539922 0.0206247 0.181127 0.365699 0.170176 0.0295247 0.0701227 0.0980445 0.034987 0.0142831 0.0101152 0.00327051 0.00114296 0.000285056 4.94524e-05 5.2198e-06 2.775e-07
 2.14799e-27 2.17993e-27 7.37485e-27 1.77766e-21 1.05724e-16 1.44559e-12 4.54424e-09 3.28413e-06 0.000545654 0.0208436 0.18305 0.369581 0.171962 0.0293011 0.067588 0.0944763 0.0337885 0.0140323 0.00999655 0.00329246 0.00118087 0.000300503 5.25541e-05 5.47605e-06 2.86519e-07
 2.14823e-27 2.18052e-27 7.43719e-27 1.79881e-21 1.06982e-16 1.46279e-12 4.59829e-09 3.3232e-06 0.000552144 0.0210915 0.185227 0.373977 0.173989 0.0291386 0.0652707 0.0912006 0.0325035 0.013142 0.0093201 0.00310148 0.00113102 0.000294276 5.28648e-05 5.59169e-06 2.91773e-07
 2.1481e-27 2.18019e-27 7.4014e-27 1.78666e-21 1.0626e-16 1.45291e-12 4.56724e-09 3.30076e-06 0.000548416 0.0209491 0.183976 0.371452 0.172829 0.0293501 0.0673232 0.0940795 0.0333283 0.0128364 0.00898624 0.00294395 0.00105869 0.000278443 5.11386e-05 5.55103e-06 2.95374e-07
 2.14767e-27 2.17915e-27 7.29163e-27 1.74943e-21 1.04045e-16 1.42263e-12 4.47206e-09 3.23197e-06 0.000536987 0.0205125 0.180142 0.363711 0.169263 0.0296715 0.0716182 0.100145 0.0356224 0.0141806 0.00996935 0.00317886 0.00110311 0.000284966 5.20945e-05 5.7482e-06 3.13202e-07
 2.14737e-27 2.17843e-27 7.21686e-27 1.72407e-21 1.02537e-16 1.40201e-12 4.40725e-09 3.18513e-06 0.000529205 0.0202153 0.177531 0.35844 0.166829 0.0297554 0.0737192 0.103135 0.0370616 0.0159469 0.0114249 0.0037111 0.00130544 0.000328391 5.80917e-05 6.32844e-06 3.47187e-07
 2.1471e-27 2.17777e-27 7.148e-27 1.70072e-21 1.01148e-16 1.38302e-12 4.34755e-09 3.14199e-06 0.000522036 0.0199414 0.175127 0.353585 0.164589 0.0298817 0.0759536 0.106299 0.0383774 0.0170799 0.012389 0.00420955 0.00156248 0.000401355 7.08592e-05 7.50596e-06 4.03272e-07
 2.14626e-27 2.17571e-27 6.93333e-27 1.62791e-21 9.68182e-17 1.32382e-12 4.16143e-09 3.00748e-06 0.000499688 0.0190878 0.16763 0.338449 0.157609 0.0303604 0.0834379 0.116889 0.0426585 0.02042 0.0150567 0.00523261 0.00201211 0.000543032 0.000100453 1.07692e-05 5.70165e-07
#obs catch len freq
 1.21272e-39 5.9354e-33 6.67861e-27 1.72769e-21 1.02752e-16 1.40495e-12 4.41648e-09 3.1918e-06 0.000530322 0.0202576 0.177903 0.35919 0.167169 0.0295626 0.0723161 0.101175 0.0366002 0.0165232 0.0120888 0.00430574 0.00173418 0.000513994 0.000111309 1.48204e-05 1.00908e-06
 1.22479e-39 5.99449e-33 6.7451e-27 1.74489e-21 1.03775e-16 1.41894e-12 4.46045e-09 3.22358e-06 0.000535602 0.0204593 0.179674 0.362766 0.168816 0.0294036 0.0702679 0.0982873 0.0355783 0.01613 0.0117801 0.00411286 0.00161149 0.00046348 9.75637e-05 1.26989e-05 8.41778e-07
 1.30601e-39 6.39204e-33 7.19242e-27 1.86061e-21 1.10658e-16 1.51304e-12 4.75626e-09 3.43736e-06 0.000571122 0.0218161 0.191589 0.386823 0.1799 0.0283779 0.0567561 0.0792185 0.0285354 0.0125004 0.00907119 0.00317212 0.00123746 0.000347571 7.06995e-05 8.90696e-06 5.74881e-07
 1.14815e-39 5.61939e-33 6.32303e-27 1.63571e-21 9.72816e-17 1.33015e-12 4.18134e-09 3.02186e-06 0.000502087 0.0191791 0.168431 0.340067 0.158383 0.0310174 0.0869607 0.121733 0.0427143 0.0151488 0.0104497 0.00357578 0.00136704 0.000382417 7.65885e-05 9.34749e-06 5.83271e-07
 1.33751e-39 6.5462e-33 7.36589e-27 1.90549e-21 1.13326e-16 1.54953e-12 4.87097e-09 3.52026e-06 0.000584897 0.0223423 0.19621 0.396152 0.184186 0.0276594 0.0495581 0.069126 0.025711 0.0137911 0.0101973 0.00310853 0.00103035 0.000277483 5.45706e-05 6.5647e-06 3.99217e-07
 1.38673e-39 6.78709e-33 7.63694e-27 1.9756e-21 1.17497e-16 1.60655e-12 5.05022e-09 3.6498e-06 0.00060642 0.0231644 0.20343 0.41073 0.190924 0.027636 0.0450215 0.062606 0.0216932 0.00681946 0.0046291 0.00178667 0.000733785 0.000180414 3.15012e-05 3.63575e-06 2.16916e-07
 1.26242e-39 6.17867e-33 6.95234e-27 1.79851e-21 1.06964e-16 1.46254e-12 4.5975e-09 3.32262e-06 0.000552058 0.0210879 0.185194 0.373912 0.173981 0.0297101 0.0687797 0.0960556 0.0329869 0.00937956 0.0059308 0.00169888 0.000536881 0.000157338 3.0736e-05 3.26018e-06 1.80268e-07
 1.27362e-39 6.23348e-33 7.01401e-27 1.81446e-21 1.07913e-16 1.47551e-12 4.63828e-09 3.35209e-06 0.000556955 0.021275 0.186837 0.377228 0.175488 0.0290162 0.0635443 0.0887722 0.0317292 0.0131005 0.00912437 0.00248473 0.000664588 0.000146912 2.55069e-05 3.00378e-06 1.67315e-07
 1.41766e-39 6.93847e-33 7.80728e-27 2.01967e-21 1.20117e-16 1.64239e-12 5.16285e-09 3.73121e-06 0.000619945 0.0236811 0.207967 0.41989 0.195136 0.0270144 0.0384662 0.0534011 0.01893 0.00733244 0.00514515 0.00169186 0.000579726 0.000122185 1.67922e-05 1.61021e-06 8.84888e-08
 1.40887e-39 6.89543e-33 7.75885e-27 2.00714e-21 1.19372e-16 1.6322e-12 5.13083e-09 3.70806e-06 0.0006161 0.0235342 0.206677 0.417286 0.19395 0.0275052 0.0422471 0.058669 0.0199544 0.00504368 0.00308998 0.000981505 0.000340452 8.59642e-05 1.37723e-05 1.17954e-06 5.25712e-08
 1.34432e-39 6.57953e-33 7.40339e-27 1.91519e-21 1.13903e-16 1.55742e-12 4.89577e-09 3.53818e-06 0.000587874 0.022456 0.197209 0.398169 0.18515 0.0285083 0.0541324 0.0754145 0.0257729 0.00691319 0.00423829 0.0010943 0.00027336 6.49011e-05 1.12317e-05 1.1176e-06 5.0746e-08
 1.323e-39 6.47516e-33 7.28595e-27 1.88481e-21 1.12097e-16 1.53272e-12 4.81811e-09 3.48206e-06 0.000578549 0.0220998 0.194081 0.391854 0.182235 0.0286278 0.0567655 0.0791599 0.0275558 0.00905045 0.00594147 0.00157167 0.000390601 7.47943e-05 9.9901e-06 9.70135e-07 4.85581e-08
 1.35863e-39 6.64953e-33 7.48216e-27 1.93556e-21 1.15115e-16 1.57399e-12 4.94786e-09 3.57583e-06 0.000594129 0.022695 0.199307 0.402405 0.18709 0.0280217 0.0498851 0.0694741 0.0243035 0.0083735 0.00562551 0.00163641 0.000477413 9.46464e-05 1.15842e-05 8.9462e-07 3.89288e-08
 1.3274e-39 6.49668e-33 7.31017e-27 1.89107e-21 1.12469e-16 1.53781e-12 4.83413e-09 3.49363e-06 0.000580472 0.0221733 0.194726 0.393156 0.182836 0.0286018 0.056214 0.078372 0.0271288 0.00842185 0.0055067 0.00164273 0.000508282 0.000111971 1.5535e-05 1.19269e-06 4.47304e-08
 1.28279e-39 6.27838e-33 7.06453e-27 1.82753e-21 1.0869e-16 1.48614e-12 4.67169e-09 3.37624e-06 0.000560967 0.0214282 0.188183 0.379945 0.176749 0.0291558 0.0635778 0.0887695 0.0310465 0.0106715 0.00714363 0.00202618 0.000585613 0.000132119 1.99096e-05 1.70879e-06 6.80536e-08
 1.16785e-39 5.71582e-33 6.43153e-27 1.66378e-21 9.8951e-17 1.35298e-12 4.25309e-09 3.07372e-06 0.000510703 0.0195082 0.171321 0.345903 0.161066 0.0306349 0.0828672 0.11599 0.0410697 0.0157427 0.0108903 0.00324711 0.000996203 0.000216204 3.13878e-05 2.81724e-06 1.22767e-07
 1.25633e-39 6.14885e-33 6.91879e-27 1.78982e-21 1.06448e-16 1.45548e-12 4.57531e-09 3.30658e-06 0.000549394 0.0209861 0.1843 0.372107 0.173112 0.0287969 0.0637492 0.0891337 0.0328331 0.0166461 0.0122556 0.00388051 0.00129958 0.000298594 4.46483e-05 3.90529e-06 1.70993e-07
 1.21977e-39 5.96995e-33 6.71748e-27 1.73775e-21 1.0335e-16 1.41313e-12 4.44219e-09 3.21038e-06 0.000533409 0.0203755 0.178938 0.361281 0.168142 0.0297323 0.0727218 0.1017 0.036148 0.0143207 0.0102707 0.0038336 0.0015441 0.000386415 6.29785e-05 5.79121e-06 2.55341e-07
 1.27661e-39 6.2481e-33 7.03046e-27 1.81871e-21 1.08166e-16 1.47897e-12 4.64916e-09 3.35996e-06 0.000558262 0.0213249 0.187275 0.378113 0.175888 0.0287845 0.0618634 0.0864248 0.0311832 0.0138144 0.00994635 0.00322174 0.00118134 0.000343932 6.63767e-05 6.75045e-06 3.18408e-07
 1.23811e-39 6.05968e-33 6.81845e-27 1.76387e-21 1.04904e-16 1.43437e-12 4.50896e-09 3.25863e-06 0.000541426 0.0206818 0.181627 0.366711 0.170646 0.0295698 0.0700933 0.0979832 0.0346881 0.0132919 0.00935291 0.00321623 0.00120876 0.00031613 6.10857e-05 7.20445e-06 3.86851e-07
 1.25148e-39 6.12515e-33 6.89212e-27 1.78293e-21 1.06037e-16 1.44987e-12 4.55767e-09 3.29384e-06 0.000547276 0.0209052 0.18359 0.370673 0.172464 0.0291929 0.0665987 0.0930933 0.0334568 0.014405 0.0102903 0.00326629 0.00114165 0.000307808 5.81427e-05 6.62639e-06 3.83974e-07
 1.26644e-39 6.19834e-33 6.97447e-27 1.80423e-21 1.07304e-16 1.46719e-12 4.61213e-09 3.3332e-06 0.000553816 0.0211551 0.185784 0.375102 0.174506 0.0290435 0.0643519 0.0899116 0.0321285 0.0132596 0.00946617 0.00320186 0.00117569 0.000297279 5.37753e-05 6.09079e-06 3.46538e-07
 1.24642e-39 6.10036e-33 6.86422e-27 1.77571e-21 1.05608e-16 1.444e-12 4.53922e-09 3.28051e-06 0.000545061 0.0208206 0.182847 0.369173 0.171777 0.029378 0.0681809 0.095302 0.0339408 0.0136452 0.00965645 0.00319349 0.00116487 0.000309806 5.65495e-05 6.10971e-06 3.38798e-07
 1.25338e-39 6.13442e-33 6.90255e-27 1.78562e-21 1.06198e-16 1.45206e-12 4.56457e-09 3.29883e-06 0.000548105 0.0209369 0.183868 0.371234 0.172723 0.0291928 0.0664288 0.0928478 0.0332858 0.0140744 0.0100497 0.00327316 0.0011663 0.00030512 5.64868e-05 6.25009e-06 3.40166e-07
 1.25188e-39 6.12706e-33 6.89427e-27 1.78348e-21 1.0607e-16 1.45032e-12 4.5591e-09 3.29487e-06 0.000547447 0.0209118 0.183647 0.370789 0.172519 0.0292418 0.0668622 0.0934524 0.0334109 0.0138419 0.00987706 0.00330924 0.0012113 0.000312456 5.65962e-05 6.25359e-06 3.45494e-07
 1.25091e-39 6.12232e-33 6.88894e-27 1.7821e-21 1.05988e-16 1.4492e-12 4.55557e-09 3.29232e-06 0.000547024 0.0208956 0.183505 0.370502 0.172386 0.0292305 0.0668796 0.0934817 0.0334869 0.014079 0.0100629 0.00333618 0.00121677 0.00032171 5.9019e-05 6.42661e-06 3.51777e-07
 1.18899e-39 5.81929e-33 6.54796e-27 1.69389e-21 1.00742e-16 1.37747e-12 4.33008e-09 3.12936e-06 0.000519948 0.0198613 0.174422 0.352164 0.16394 0.0300935 0.077675 0.108703 0.0389159 0.0162883 0.0116432 0.00389071 0.00142715 0.000375157 6.93364e-05 7.67352e-06 4.19527e-07
 1.18579e-39 5.80364e-33 6.53035e-27 1.68934e-21 1.00471e-16 1.37376e-12 4.31844e-09 3.12095e-06 0.000518549 0.0198079 0.173953 0.351217 0.16349 0.0297619 0.0759363 0.106316 0.0389391 0.0190649 0.01404 0.00468517 0.00171849 0.000454638 8.425e-05 9.34887e-06 5.16543e-07
 1.16712e-39 5.71223e-33 6.42749e-27 1.66273e-21 9.88888e-17 1.35213e-12 4.25042e-09 3.07179e-06 0.000510382 0.0194959 0.171213 0.345685 0.16094 0.0299624 0.0788274 0.110393 0.0403946 0.0196765 0.0146619 0.00537582 0.00216226 0.000577851 0.000107408 1.19734e-05 6.6394e-07
#spawning biomass
 4139.94 2312.04 2205.74 2146.03 2138.98 3196.68 3823.55 4261.02 6610.43 11519.3 16568.4 20674.6 24532.5 34744.2 38347.5 34382 29949.8 29644.3 30933.6 31526.6 33497.1 37060.2 37983.9 41482.3 43827.7 46378.1 49489.4 50186.4 57200.8 164579 243198 226825 152812 95615.1 61356.8 42491.1 32562.7 27485.1 24937 23674.5 23054.4 22751.7 22604.4 22533 22498.4 22481.7 22473.7 22469.9 22468 22467.1 22466.7 22466.5 22466.4 22466.3 22466.3 22466.3 22466.3 22466.3 22466.3 22466.3 22466.3 22466.3 22466.3 22466.3 22466.3 22466.3 22466.3 22466.3 22466.3 22466.3 22466.3 22466.3 22466.3 22466.3 22466.3 22466.3 22466.3 22466.3 22466.3 22466.3 22466.3 22466.3 22466.3 22466.3 22466.3 22466.3 22466.3 22466.3 22466.3 22466.3 22466.3 22466.3 22466.3 22466.3 22466.3 22466.3 22466.3 22466.3 22466.3 22466.3 22466.3 22466.3 22466.3 22466.3 22466.3 22466.3 22466.3 22466.3 22466.3 22466.3 22466.3 22466.3 22466.3 22466.3 22466.3 22466.3 22466.3 22466.3 22466.3 22466.3 22466.3 22466.3 22466.3 22466.3 22466.3 22466.3 22466.3 22466.3 22466.3 0 0 0 0 0 0 0 0 0 0 0 0 0 0 0 0 0 0 0 0 0 0 0 0 0
