SBPRF35
0.210416
Curr Bio
176826
B35
204370
F35
1.13065
FOFL
0.985742
OFL
40482.9
Bzero
60118.1
#pred survey bio
 13322.5 14522.4 15645.2 18658.8 22098.4 27144.9 30642.5 37958.3 50614.5 69454.7 76952.3 94454.9 132231 161785 153959 124159 117423 110929 114904 110341 109407 117714 123494 130944 145701 153617 143487 139110 4.95355e+06 3.43413e+06 2.2714e+06 1.23942e+06 804090 630463 552075 511001 487104 472421 463183 457321 453592 451220 449703 448729 448123 447746 447510 447363 447271 447213 447177 447154 447140 447131 447125 447122 447120 447118 447117 447117 447117 447116 447116 447116 447116 447116 447116 447116 447116 447116 447116 447116 447116 447116 447116 447116 447116 447116 447116 447116 447116 447116 447116 447116 447116 447116 447116 447116 447116 447116 447116 447116 447116 447116 447116 447116 447116 447116 447116 447116 447116 447116 447116 447116 447116 447116 447116 447116 447116 447116 447116 447116 447116 447116 447116 447116 447116 447116 447116 447116 447116 447116 447116 447116 447116 447116 447116 447116 0 0 0 0 0 0 0 0 0 0 0 0 0 0 0 0 0 0 0 0 0 0 0 0 0
#obs survey bio
 10340.4 11378.3 11815.2 14947.4 24893 25101.3 29361.4 38131.7 65269.3 38430.4 67316.7 106419 98402.6 193372 75730.5 79741.3 72317.4 85022.9 94709.5 87872.4 82064.6 83297.6 105273 109003 132966 115032 86875.9 86269.9
#pred catch bio
 5436.27 7056.43 7111.8 9472.93 10564.7 14291 16366.4 21143.1 26034.2 43328.1 47313.2 55726 80383 105134 111768 88401 86681.8 77616.4 84284.1 81778.1 79767.1 88309.3 93143.3 97380.7 110725 122235 110844 103362 40482.9 74240 48770.9 20510.2 10911.1 8335.42 7701.14 7552.75 7519.25 7511.88 7510.29 7509.96 7509.88 7509.87 7509.87 7509.87 7509.87 7509.87 7509.87 7509.87 7509.87 7509.87 7509.87 7509.87 7509.87 7509.87 7509.87 7509.87 7509.87 7509.87 7509.87 7509.87 7509.87 7509.87 7509.87 7509.87 7509.87 7509.87 7509.87 7509.87 7509.87 7509.87 7509.87 7509.87 7509.87 7509.87 7509.87 7509.87 7509.87 7509.87 7509.87 7509.87 7509.87 7509.87 7509.87 7509.87 7509.87 7509.87 7509.87 7509.87 7509.87 7509.87 7509.87 7509.87 7509.87 7509.87 7509.87 7509.87 7509.87 7509.87 7509.87 7509.87 7509.87 7509.87 7509.87 7509.87 7509.87 7509.87 7509.87 7509.87 7509.87 7509.87 7509.87 7509.87 7509.87 7509.87 7509.87 7509.87 7509.87 7509.87 7509.87 7509.87 7509.87 7509.87 7509.87 7509.87 7509.87 7509.87 7509.87 7509.87 0 0 0 0 0 0 0 0 0 0 0 0 0 0 0 0 0 0 0 0 0 0 0 0 0
#obs catch bio
 7402.9 7151.83 7189.79 9737.33 10490.5 14079.2 16258.1 20778 24897 42422.3 46645.9 53568.6 77207.4 101612 113265 89254.6 86597.4 75988.9 83094.9 78690.2 76657.2 86985.6 89680.5 93090.2 104921 118262 108248 100858
#pred cpue bio
 8613.03 9036.21 9056.99 10689 11937.9 15020.1 16821.7 19440.3 24349.8 34949.9 38214.3 44700 60234.2 78783.7 81772.6 63121.3 56191.7 51907.4 54223 51686.2 49750.9 52422.9 54418.3 57141.3 62980.4 67077.4 63348 62087 2.2426e+06 2.56946e+06 2.10775e+06 1.11499e+06 675542 500894 422322 381214 357311 342626 333388 327526 323797 321425 319908 318934 318328 317951 317715 317568 317476 317418 317382 317359 317345 317336 317331 317327 317325 317323 317323 317322 317322 317321 317321 317321 317321 317321 317321 317321 317321 317321 317321 317321 317321 317321 317321 317321 317321 317321 317321 317321 317321 317321 317321 317321 317321 317321 317321 317321 317321 317321 317321 317321 317321 317321 317321 317321 317321 317321 317321 317321 317321 317321 317321 317321 317321 317321 317321 317321 317321 317321 317321 317321 317321 317321 317321 317321 317321 317321 317321 317321 317321 317321 317321 317321 317321 317321 317321 317321 0 0 0 0 0 0 0 0 0 0 0 0 0 0 0 0 0 0 0 0 0 0 0 0 0
#obs cpue bio
 6329.43 8956.32 7576.61 10196.9 16869.4 20904.6 19681.5 30583.3 45884.3 60683.7 54559.8 106669 111020 109027 101339 98005.4 90294.9 100766 84589.2 138434 112236 86524.9 134887 142883 164910 127469 144536 167675
#pred surv len freq
 2.56468e-27 2.59234e-27 3.65176e-26 7.16369e-20 1.75609e-14 5.20362e-10 1.86385e-06 0.000806975 0.0422342 0.267185 0.204656 0.0401481 0.161805 0.149375 0.0338942 0.0400137 0.0169827 0.0127923 0.00778422 0.00584884 0.00452103 0.00384463 0.00378644 0.0033139 0.00100659
 2.56502e-27 2.59343e-27 3.75743e-26 7.38664e-20 1.81075e-14 5.36556e-10 1.92186e-06 0.00083209 0.0435486 0.2755 0.210987 0.0390145 0.148733 0.137877 0.0423012 0.0619017 0.020832 0.00840542 0.00375059 0.00213365 0.00134927 0.000982702 0.000855394 0.000745875 0.000247832
 2.56613e-27 2.59626e-27 3.98845e-26 7.87391e-20 1.9302e-14 5.71951e-10 2.04863e-06 0.00088698 0.0464213 0.293674 0.224882 0.0401103 0.147309 0.136176 0.0349915 0.0457121 0.0167407 0.00869929 0.00272587 0.000830097 0.00034983 0.000194881 0.000140253 0.000114403 3.92755e-05
 2.56605e-27 2.59598e-27 3.95819e-26 7.81006e-20 1.91454e-14 5.67313e-10 2.03202e-06 0.000879787 0.0460449 0.291293 0.223071 0.0405999 0.152308 0.140748 0.0350885 0.0447113 0.0153458 0.00658351 0.00231465 0.000745722 0.00016362 5.07128e-05 2.58748e-05 1.80874e-05 6.13036e-06
 2.56726e-27 2.59919e-27 4.233e-26 8.38977e-20 2.05665e-14 6.09422e-10 2.18285e-06 0.00094509 0.0494626 0.312914 0.239579 0.0405081 0.140011 0.129266 0.0306533 0.0374418 0.0124585 0.00472616 0.00148083 0.000424072 0.000101474 1.81023e-05 4.33048e-06 2.16093e-06 6.84186e-07
 2.56628e-27 2.59648e-27 3.98892e-26 7.87485e-20 1.93042e-14 5.72019e-10 2.04888e-06 0.000887086 0.0464269 0.293709 0.224932 0.0415792 0.158453 0.146215 0.0323998 0.0371467 0.0121901 0.00436151 0.00129371 0.000323552 6.66739e-05 1.15511e-05 1.47594e-06 3.27981e-07 8.61092e-08
 2.56661e-27 2.59739e-27 4.07105e-26 8.04811e-20 1.9729e-14 5.84605e-10 2.09396e-06 0.000906603 0.0474483 0.300171 0.22986 0.0411472 0.151703 0.140049 0.0324536 0.0387981 0.0123286 0.00376235 0.00106902 0.000248285 4.53881e-05 6.68947e-06 7.23368e-07 6.59208e-08 9.84121e-09
 2.56812e-27 2.60143e-27 4.42218e-26 8.78883e-20 2.15448e-14 6.3841e-10 2.28668e-06 0.000990044 0.0518153 0.327798 0.250947 0.0406469 0.13308 0.122736 0.027053 0.0308373 0.00988372 0.00315347 0.000852802 0.000171268 2.89373e-05 3.77639e-06 3.41288e-07 2.06095e-08 1.18696e-09
 2.56882e-27 2.60318e-27 4.56492e-26 9.0899e-20 2.22828e-14 6.60279e-10 2.36501e-06 0.00102396 0.0535903 0.339027 0.259531 0.0412687 0.131781 0.121304 0.022599 0.0210141 0.00651733 0.00176016 0.00047056 9.5137e-05 1.43779e-05 1.65284e-06 1.3037e-07 6.24545e-09 1.79739e-10
 2.56783e-27 2.60051e-27 4.32868e-26 8.59153e-20 2.10611e-14 6.24078e-10 2.23534e-06 0.000967818 0.0506521 0.320439 0.245348 0.0419043 0.146583 0.134992 0.0255488 0.0242811 0.0072797 0.00154445 0.000379271 6.71204e-05 1.00188e-05 1.07457e-06 7.31016e-08 2.97306e-09 6.09815e-11
 2.56785e-27 2.60052e-27 4.32542e-26 8.58464e-20 2.10442e-14 6.23578e-10 2.23355e-06 0.000967042 0.0506115 0.320182 0.245158 0.0423208 0.149886 0.137949 0.0244211 0.0209572 0.00615678 0.00110412 0.000245652 3.36822e-05 4.32802e-06 4.27446e-07 2.7297e-08 9.55464e-10 1.60621e-11
 2.56895e-27 2.60352e-27 4.5914e-26 9.14575e-20 2.24197e-14 6.64336e-10 2.37954e-06 0.00103025 0.0539196 0.34111 0.261124 0.0414345 0.131924 0.121396 0.0219095 0.019393 0.00563849 0.000903639 0.000189799 2.21058e-05 2.33065e-06 1.81826e-07 1.0247e-08 3.30515e-10 4.77949e-12
 2.56952e-27 2.60501e-27 4.72057e-26 9.41823e-20 2.30876e-14 6.84128e-10 2.45043e-06 0.00106094 0.055526 0.351272 0.268882 0.04133 0.125677 0.115562 0.0195989 0.0155959 0.00454785 0.000765259 0.00015979 1.67587e-05 1.57185e-06 9.89441e-08 4.29724e-09 1.17293e-10 1.5302e-12
 2.56788e-27 2.60052e-27 4.31781e-26 8.56857e-20 2.10048e-14 6.2241e-10 2.22937e-06 0.000965231 0.0505167 0.319583 0.244711 0.0429593 0.155059 0.142579 0.0226409 0.0157267 0.00449693 0.000621912 0.000123813 1.33328e-05 1.20015e-06 6.61964e-08 2.33547e-09 4.84677e-11 5.1935e-13
 2.56596e-27 2.59533e-27 3.86295e-26 7.609e-20 1.86525e-14 5.52708e-10 1.97971e-06 0.000857138 0.0448595 0.283794 0.217399 0.0439482 0.181774 0.16733 0.028828 0.0235938 0.00668322 0.000776318 0.000141312 1.27408e-05 1.08928e-06 5.9728e-08 1.88768e-09 3.17913e-11 2.58323e-13
 2.56723e-27 2.59882e-27 4.17321e-26 8.26354e-20 2.02571e-14 6.00253e-10 2.15001e-06 0.00093087 0.0487184 0.308206 0.236022 0.0428412 0.160265 0.147522 0.0260325 0.0222084 0.00632028 0.00077868 0.000141626 1.07079e-05 7.7958e-07 3.6736e-08 1.12633e-09 1.74197e-11 1.15747e-13
 2.56835e-27 2.60181e-27 4.4332e-26 8.81199e-20 2.16015e-14 6.40092e-10 2.2927e-06 0.000992653 0.0519519 0.328662 0.251635 0.0424707 0.146475 0.134693 0.0218866 0.0159896 0.0045476 0.000576867 0.000106655 8.42798e-06 5.87214e-07 2.26314e-08 5.81007e-10 8.26166e-12 5.08985e-14
 2.56843e-27 2.60197e-27 4.44123e-26 8.82891e-20 2.1643e-14 6.41321e-10 2.2971e-06 0.000994558 0.0520516 0.329293 0.252126 0.043021 0.150318 0.138101 0.0199812 0.0107874 0.00299251 0.000281313 4.57618e-05 3.62044e-06 2.56641e-07 9.99823e-09 2.22804e-10 2.57863e-12 1.40503e-14
 2.56844e-27 2.60202e-27 4.44829e-26 8.84382e-20 2.16796e-14 6.42404e-10 2.30098e-06 0.000996238 0.0521395 0.329849 0.252546 0.0427212 0.147742 0.135794 0.0208464 0.0133363 0.00368608 0.000295402 4.24812e-05 2.63478e-06 1.6204e-07 6.34181e-09 1.43503e-10 1.52548e-12 6.82231e-15
 2.56842e-27 2.60194e-27 4.43883e-26 8.82385e-20 2.16306e-14 6.40953e-10 2.29579e-06 0.000993988 0.0520218 0.329104 0.251982 0.0430105 0.15034 0.138126 0.0200806 0.0110064 0.00303799 0.00025558 3.74377e-05 1.99612e-06 9.98998e-08 3.0374e-09 6.3635e-11 6.82041e-13 2.89857e-15
 2.56902e-27 2.60358e-27 4.58376e-26 9.1296e-20 2.23801e-14 6.63162e-10 2.37534e-06 0.00102843 0.0538243 0.340507 0.260682 0.0425375 0.140628 0.129173 0.0186498 0.00999782 0.0027413 0.000200235 2.66126e-05 1.46524e-06 7.26094e-08 1.81169e-09 2.9416e-11 2.6488e-13 1.10018e-15
 2.56938e-27 2.60453e-27 4.66803e-26 9.30737e-20 2.28159e-14 6.76076e-10 2.42159e-06 0.00104846 0.0548724 0.347138 0.265741 0.0423275 0.135475 0.124406 0.0175943 0.00879234 0.0024051 0.000173461 2.26015e-05 1.1085e-06 4.94279e-08 1.25388e-09 1.84482e-11 1.28781e-13 4.28513e-16
 2.56945e-27 2.60471e-27 4.68122e-26 9.33519e-20 2.28841e-14 6.78096e-10 2.42883e-06 0.00105159 0.0550364 0.348175 0.266536 0.0424699 0.136 0.124846 0.0168546 0.00699673 0.00189496 0.00012158 1.42065e-05 6.79083e-07 2.86649e-08 6.35794e-10 8.80751e-12 5.88322e-14 1.60128e-16
 2.56961e-27 2.60516e-27 4.72125e-26 9.41963e-20 2.30911e-14 6.8423e-10 2.4508e-06 0.0010611 0.0555342 0.351325 0.268939 0.0423508 0.133406 0.122451 0.0164223 0.00661386 0.00178243 0.000101495 1.02467e-05 4.42926e-07 1.64234e-08 3.47414e-10 4.3848e-12 2.61514e-14 6.76962e-17
 2.5698e-27 2.60567e-27 4.76746e-26 9.51711e-20 2.33301e-14 6.91311e-10 2.47616e-06 0.00107208 0.056109 0.354961 0.271712 0.0421667 0.130056 0.119371 0.0160715 0.00658944 0.00177695 0.000101219 1.01639e-05 4.01008e-07 1.25356e-08 2.31592e-10 2.63107e-12 1.45355e-14 3.36683e-17
 2.56954e-27 2.60493e-27 4.70005e-26 9.3749e-20 2.29814e-14 6.80981e-10 2.43916e-06 0.00105606 0.0552705 0.349657 0.267667 0.0425228 0.135608 0.124457 0.0162924 0.00581406 0.00155842 8.58544e-05 8.22973e-06 3.22079e-07 9.77019e-09 1.58862e-10 1.5219e-12 7.29949e-15 1.54207e-17
 2.56925e-27 2.60414e-27 4.62793e-26 9.22274e-20 2.26084e-14 6.69928e-10 2.39957e-06 0.00103892 0.0543735 0.343982 0.26334 0.0428917 0.141455 0.129816 0.016572 0.00510329 0.00135468 6.58116e-05 5.0829e-06 1.90143e-07 5.37618e-09 8.5435e-11 7.64983e-13 3.11624e-15 5.59091e-18
 2.56915e-27 2.60388e-27 4.60631e-26 9.17714e-20 2.24966e-14 6.66616e-10 2.38771e-06 0.00103379 0.0541046 0.342281 0.26204 0.0428121 0.141763 0.130136 0.0172909 0.00665952 0.00178362 8.62678e-05 6.57115e-06 2.25619e-07 5.16644e-09 7.60917e-11 6.43425e-13 2.50675e-15 4.00456e-18
#obs surv len freq
 1.24696e-41 1.7307e-33 2.90361e-26 5.88846e-20 1.44349e-14 4.27731e-10 1.53206e-06 0.000663331 0.0347161 0.219625 0.168436 0.0417294 0.170349 0.142617 0.0893247 0.0845748 0.0333061 0.0119791 0.00240066 0.000264817 1.19129e-05 1.60742e-07 4.92205e-10 2.78759e-13 2.55035e-17
 1.56143e-41 2.16717e-33 3.63587e-26 7.37347e-20 1.80752e-14 5.35601e-10 1.91844e-06 0.000830617 0.0434712 0.275012 0.210764 0.042709 0.142244 0.113316 0.0739418 0.0643581 0.0240381 0.00779384 0.00138516 0.000130196 4.75694e-06 4.95122e-08 1.12368e-10 4.60025e-14 2.99994e-18
 1.29521e-41 1.79766e-33 3.01595e-26 6.11629e-20 1.49934e-14 4.44281e-10 1.59134e-06 0.000688996 0.0360593 0.228123 0.175201 0.0517895 0.204034 0.149952 0.0730062 0.0550457 0.0195116 0.00564631 0.0008708 6.81368e-05 1.98742e-06 1.58469e-08 2.66426e-11 7.89592e-15 3.67517e-19
 1.56162e-41 2.16743e-33 3.63631e-26 7.37437e-20 1.80774e-14 5.35667e-10 1.91867e-06 0.000830718 0.0434765 0.275046 0.210964 0.0474916 0.150072 0.109691 0.0842052 0.0589934 0.0152008 0.00353058 0.000466105 2.97208e-05 6.7688e-07 4.07656e-09 5.05027e-12 1.08347e-15 3.60648e-20
 1.54008e-41 2.13752e-33 3.58614e-26 7.27261e-20 1.7828e-14 5.28275e-10 1.8922e-06 0.000819255 0.0428766 0.271252 0.208307 0.055351 0.180081 0.118763 0.0638581 0.0415668 0.0140003 0.00284707 0.00026398 1.29604e-05 2.26082e-07 1.01079e-09 9.12235e-13 1.4093e-16 3.35124e-21
 1.3481e-41 1.87108e-33 3.13913e-26 6.36608e-20 1.56057e-14 4.62426e-10 1.65633e-06 0.000717135 0.037532 0.237441 0.182736 0.0612162 0.205438 0.131143 0.0835903 0.0467494 0.0110929 0.00213982 0.000196123 6.86814e-06 8.37793e-08 2.7095e-10 1.75714e-13 1.93537e-17 3.26748e-22
 1.56755e-41 2.17566e-33 3.65012e-26 7.40238e-20 1.81461e-14 5.37701e-10 1.92596e-06 0.000833873 0.0436416 0.276092 0.212219 0.058076 0.165388 0.104832 0.0829813 0.04377 0.0104862 0.00156357 0.000109674 3.36861e-06 3.01212e-08 6.54408e-11 2.92894e-14 2.26376e-18 2.68809e-23
 1.73095e-41 2.40245e-33 4.0306e-26 8.17398e-20 2.00375e-14 5.93749e-10 2.12671e-06 0.000920793 0.0481906 0.304872 0.2344 0.0628095 0.163393 0.0927721 0.0565665 0.0277124 0.00728216 0.00101927 5.8252e-05 1.29935e-06 8.99817e-09 1.43545e-11 4.34276e-15 2.24986e-19 1.82684e-24
 1.65639e-41 2.29896e-33 3.85698e-26 7.82187e-20 1.91744e-14 5.68173e-10 2.0351e-06 0.000881129 0.0461148 0.291742 0.224777 0.0712542 0.184784 0.098011 0.0551415 0.0223089 0.00439352 0.000559506 3.01842e-05 5.39452e-07 2.66424e-09 3.05115e-12 6.67135e-16 2.40448e-20 1.31689e-25
 1.53525e-41 2.13082e-33 3.57489e-26 7.24981e-20 1.77721e-14 5.26619e-10 1.88626e-06 0.000816687 0.0427421 0.270408 0.208929 0.0785757 0.199834 0.104654 0.0662363 0.0236226 0.00380776 0.000356717 1.47527e-05 2.25005e-07 8.79036e-10 7.19298e-13 1.09124e-16 2.76025e-21 1.06418e-26
 1.46937e-41 2.03939e-33 3.4215e-26 6.93873e-20 1.70095e-14 5.04022e-10 1.80533e-06 0.000781643 0.0409081 0.258808 0.200511 0.0843397 0.204159 0.107211 0.0744174 0.0246726 0.00388572 0.000295329 8.62049e-06 9.24269e-08 2.7598e-10 1.73845e-13 1.92053e-17 3.38707e-22 8.99706e-28
 1.88458e-41 2.61567e-33 4.38833e-26 8.89945e-20 2.1816e-14 6.46447e-10 2.31547e-06 0.00100252 0.0524678 0.331937 0.255962 0.0729772 0.140689 0.0735554 0.0523591 0.0163051 0.00256283 0.000175852 4.24301e-06 3.20154e-08 6.38671e-11 2.82464e-14 2.28905e-18 2.96046e-23 5.63024e-29
 1.56898e-41 2.17763e-33 3.65343e-26 7.40909e-20 1.81625e-14 5.38188e-10 1.9277e-06 0.000834629 0.0436812 0.276361 0.215232 0.102393 0.21412 0.0902845 0.0429485 0.0121722 0.00185226 0.000116918 2.5221e-06 1.53777e-08 2.20393e-11 6.49076e-15 3.50579e-19 3.13239e-24 4.23698e-30
 1.27363e-41 1.76771e-33 2.9657e-26 6.01439e-20 1.47436e-14 4.36879e-10 1.56483e-06 0.000677517 0.0354585 0.224352 0.176611 0.113813 0.233564 0.11921 0.0776526 0.0168638 0.00170391 9.06897e-05 1.72799e-06 8.93341e-09 1.01989e-11 2.21316e-15 8.24069e-20 4.90585e-25 4.4198e-31
 1.14724e-41 1.59229e-33 2.6714e-26 5.41754e-20 1.32805e-14 3.93524e-10 1.40954e-06 0.000610282 0.0319398 0.2021 0.160373 0.117287 0.227085 0.135396 0.0982962 0.0240029 0.00280056 0.000107283 1.41918e-06 5.85134e-09 5.40471e-12 9.18627e-16 2.5701e-20 1.10165e-25 6.89342e-32
 1.5574e-41 2.16156e-33 3.62647e-26 7.35441e-20 1.80285e-14 5.34216e-10 1.91348e-06 0.000828469 0.0433588 0.274338 0.214844 0.100714 0.165357 0.10439 0.0742426 0.019354 0.00246939 0.000100371 1.15515e-06 3.26537e-09 2.12889e-12 2.73285e-16 5.84023e-21 1.88572e-26 8.71275e-33
 1.40736e-41 1.95333e-33 3.27712e-26 6.64592e-20 1.62917e-14 4.82753e-10 1.72914e-06 0.000748659 0.0391819 0.247943 0.197735 0.136234 0.215632 0.0969772 0.0511696 0.0127319 0.00157897 6.54549e-05 7.53281e-07 1.9055e-09 9.3106e-13 8.1571e-17 1.2112e-21 2.82673e-27 9.6207e-34
 1.46425e-41 2.03228e-33 3.40958e-26 6.91456e-20 1.69502e-14 5.02266e-10 1.79904e-06 0.00077892 0.0407657 0.257972 0.205697 0.129903 0.189831 0.107554 0.056885 0.00968933 0.00088906 3.31635e-05 3.56395e-07 8.37082e-10 3.60127e-13 2.53756e-17 2.75297e-22 4.43516e-28 1.03373e-34
 1.44458e-41 2.00498e-33 3.36378e-26 6.82167e-20 1.67225e-14 4.95519e-10 1.77487e-06 0.000768457 0.0402181 0.254538 0.205192 0.144686 0.195883 0.100737 0.0484304 0.00884118 0.000686869 1.72185e-05 1.41359e-07 2.8129e-10 1.04032e-13 6.20502e-18 5.50914e-23 6.93409e-29 1.20086e-35
 1.55723e-41 2.16133e-33 3.62608e-26 7.35362e-20 1.80265e-14 5.34159e-10 1.91327e-06 0.000828381 0.0433543 0.274397 0.221044 0.141453 0.175169 0.0950682 0.0416477 0.00656262 0.000463031 1.02777e-05 6.06491e-08 8.353e-11 2.33272e-14 1.10592e-18 7.89196e-24 7.94151e-30 1.08508e-36
 1.50487e-41 2.08865e-33 3.50415e-26 7.10635e-20 1.74204e-14 5.16198e-10 1.84894e-06 0.000800525 0.0418966 0.265228 0.217191 0.160312 0.18457 0.0898259 0.034728 0.0051308 0.000309648 5.71355e-06 2.79642e-08 2.90664e-11 5.60286e-15 1.8411e-19 9.53544e-25 7.21605e-31 7.53739e-38
 1.55206e-41 2.15415e-33 3.61403e-26 7.32919e-20 1.79666e-14 5.32385e-10 1.90691e-06 0.000825628 0.0432105 0.273579 0.225023 0.16046 0.172631 0.089487 0.0308448 0.00374656 0.000188599 2.8908e-06 1.12175e-08 9.10506e-12 1.33463e-15 3.16271e-20 1.13322e-25 5.89119e-32 4.30157e-39
 1.55829e-41 2.1628e-33 3.62855e-26 7.35863e-20 1.80388e-14 5.34523e-10 1.91457e-06 0.000828944 0.0433842 0.274747 0.228855 0.170799 0.17006 0.0825538 0.0257349 0.00291277 0.000120734 1.436e-06 4.33532e-09 2.69931e-12 2.98068e-16 5.27156e-21 1.39116e-26 5.21028e-33 2.67707e-40
 1.5955e-41 2.21445e-33 3.7152e-26 7.53434e-20 1.84696e-14 5.47287e-10 1.96029e-06 0.000848739 0.0444204 0.281374 0.236345 0.174602 0.162132 0.0771619 0.021019 0.00202383 7.09677e-05 6.86915e-07 1.56983e-09 7.22515e-13 5.9011e-17 7.69189e-22 1.48688e-27 4.06177e-34 1.51643e-41
 1.59004e-41 2.20687e-33 3.70248e-26 7.50855e-20 1.84063e-14 5.45413e-10 1.95358e-06 0.000845833 0.0442686 0.280522 0.239361 0.184066 0.159716 0.0721609 0.017523 0.00149038 4.28794e-05 3.30284e-07 5.89033e-10 2.03752e-13 1.2106e-17 1.13554e-22 1.58103e-28 3.11621e-35 8.39121e-43
 1.37495e-41 1.90834e-33 3.20164e-26 6.49287e-20 1.59165e-14 4.71635e-10 1.68932e-06 0.000731417 0.0382812 0.242875 0.219165 0.217402 0.183032 0.0801725 0.0170687 0.00123977 2.94282e-05 1.80149e-07 2.45507e-10 6.37419e-14 2.80616e-18 1.91771e-23 1.91575e-29 2.68672e-36 5.13825e-44
 1.40131e-41 1.94493e-33 3.26302e-26 6.61734e-20 1.62216e-14 4.80677e-10 1.72171e-06 0.00074544 0.0390156 0.247617 0.223646 0.20517 0.176725 0.0885166 0.0174296 0.00111141 2.16346e-05 1.04563e-07 1.09331e-10 2.12277e-14 6.86426e-19 3.41587e-24 2.47223e-30 2.49778e-37 3.41871e-45
 1.46846e-41 2.03813e-33 3.41939e-26 6.93445e-20 1.6999e-14 5.03711e-10 1.80421e-06 0.000781162 0.0408851 0.259431 0.23211 0.202744 0.168885 0.0782009 0.0158856 0.00105568 1.90518e-05 7.98492e-08 6.98711e-11 1.11562e-14 2.93747e-19 1.18118e-24 6.86784e-31 5.55691e-38 6.08403e-46
#pred catch len freq
 2.55731e-27 2.57278e-27 1.97265e-26 3.62169e-20 8.87813e-15 2.63075e-10 9.4229e-07 0.000407975 0.021352 0.135079 0.103793 0.0408445 0.237967 0.220216 0.0563253 0.0736098 0.031349 0.0236975 0.0143681 0.0107614 0.00830251 0.00705464 0.00694606 0.00607891 0.00184644
 2.55796e-27 2.57477e-27 2.15846e-26 4.01369e-20 9.83908e-15 2.91549e-10 1.04428e-06 0.000452134 0.0236631 0.1497 0.114934 0.0393977 0.219134 0.20375 0.0703233 0.109333 0.0368133 0.0148478 0.00660156 0.00374042 0.00236036 0.00171757 0.00149463 0.00130319 0.000433009
 2.55905e-27 2.57744e-27 2.36413e-26 4.44744e-20 1.09024e-14 3.23056e-10 1.15713e-06 0.000500994 0.0262202 0.165877 0.127322 0.0416067 0.22724 0.210609 0.0603134 0.0848885 0.0311151 0.0161728 0.00505694 0.00153237 0.000644185 0.000358474 0.000257903 0.000210354 7.2216e-05
 2.55939e-27 2.57825e-27 2.42198e-26 4.56943e-20 1.12014e-14 3.31918e-10 1.18887e-06 0.000514737 0.0269395 0.170427 0.13081 0.0424965 0.231562 0.214453 0.058446 0.0795188 0.0272897 0.0116733 0.00409156 0.00131256 0.000287348 8.89206e-05 4.53484e-05 3.16974e-05 1.07431e-05
 2.56057e-27 2.58129e-27 2.67708e-26 5.10754e-20 1.25205e-14 3.71005e-10 1.32888e-06 0.000575353 0.0301119 0.190497 0.146141 0.0428357 0.223372 0.2067 0.0535446 0.0702206 0.0233703 0.00884429 0.002764 0.00078777 0.000188082 3.35111e-05 8.01097e-06 3.99692e-06 1.26548e-06
 2.55993e-27 2.57945e-27 2.50355e-26 4.74142e-20 1.1623e-14 3.44411e-10 1.23362e-06 0.000534111 0.0279535 0.176842 0.135736 0.0442324 0.241311 0.223072 0.0531615 0.0651954 0.0213895 0.00761828 0.00225372 0.000560825 0.000115298 1.99478e-05 2.54732e-06 5.65914e-07 1.48573e-07
 2.56031e-27 2.5805e-27 2.5992e-26 4.94321e-20 1.21177e-14 3.59068e-10 1.28612e-06 0.000556842 0.0291431 0.184368 0.141474 0.0436553 0.232888 0.215401 0.0536584 0.0682187 0.0216709 0.00657849 0.00186408 0.000430734 7.85591e-05 1.15615e-05 1.24942e-06 1.13831e-07 1.69925e-08
 2.5623e-27 2.58578e-27 3.0531e-26 5.9007e-20 1.44648e-14 4.28619e-10 1.53524e-06 0.000664701 0.0347881 0.220079 0.168738 0.0433834 0.211664 0.19556 0.0455357 0.054684 0.0175096 0.00554147 0.00149437 0.000298458 5.03036e-05 6.55497e-06 5.92007e-07 3.57403e-08 2.0582e-09
 2.56297e-27 2.58738e-27 3.17366e-26 6.15496e-20 1.50881e-14 4.47089e-10 1.6014e-06 0.000693343 0.0362871 0.229563 0.176002 0.0447986 0.21733 0.200396 0.0392849 0.0391672 0.0121462 0.00325838 0.00086863 0.00017469 2.63402e-05 3.02317e-06 2.38293e-07 1.14124e-08 3.28407e-10
 2.56265e-27 2.5865e-27 3.09418e-26 5.98728e-20 1.46771e-14 4.34909e-10 1.55777e-06 0.000674455 0.0352985 0.223309 0.171232 0.0451482 0.223341 0.205937 0.040165 0.0397525 0.0119077 0.00249674 0.000610723 0.000107442 1.59964e-05 1.71301e-06 1.16451e-07 4.73465e-09 9.71037e-11
 2.56265e-27 2.58641e-27 3.07857e-26 5.95431e-20 1.45963e-14 4.32514e-10 1.54919e-06 0.000670741 0.0351042 0.222079 0.170304 0.0458416 0.22927 0.211263 0.0384851 0.0345683 0.0101509 0.0018001 0.000398967 5.43798e-05 6.96785e-06 6.86989e-07 4.38401e-08 1.53405e-09 2.57854e-11
 2.56382e-27 2.5896e-27 3.36276e-26 6.55383e-20 1.60659e-14 4.76062e-10 1.70518e-06 0.000738276 0.0386387 0.244439 0.187362 0.0448526 0.209759 0.193295 0.0359698 0.0333491 0.00969344 0.00153686 0.000321556 3.72352e-05 3.91453e-06 3.04814e-07 1.71642e-08 5.53448e-10 8.0023e-12
 2.56477e-27 2.59213e-27 3.57997e-26 7.01205e-20 1.71892e-14 5.09346e-10 1.82439e-06 0.000789892 0.0413401 0.261529 0.20041 0.0447419 0.199749 0.183924 0.0318753 0.0263769 0.00768755 0.00127769 0.000265731 2.77081e-05 2.5911e-06 1.62787e-07 7.06366e-09 1.92727e-10 2.51396e-12
 2.56306e-27 2.58739e-27 3.15315e-26 6.1116e-20 1.49818e-14 4.43939e-10 1.59011e-06 0.000688459 0.0360314 0.227945 0.174796 0.0466566 0.232316 0.213831 0.0345312 0.0248976 0.00711752 0.000972134 0.00019259 2.0617e-05 1.8506e-06 1.01873e-07 3.59089e-09 7.44885e-11 7.98039e-13
 2.56147e-27 2.58314e-27 2.7831e-26 5.33099e-20 1.30683e-14 3.87236e-10 1.38701e-06 0.000600524 0.0314293 0.198831 0.152574 0.0471958 0.252033 0.232173 0.0404694 0.0338072 0.00957112 0.00109675 0.000198408 1.77834e-05 1.5153e-06 8.29261e-08 2.61853e-09 4.408e-11 3.58108e-13
 2.56281e-27 2.5868e-27 3.11015e-26 6.02093e-20 1.47596e-14 4.37353e-10 1.56652e-06 0.000678245 0.0354969 0.224564 0.172204 0.0459875 0.229046 0.211013 0.0376496 0.0327073 0.0093018 0.00112998 0.00020434 1.53641e-05 1.11444e-06 5.24055e-08 1.60521e-09 2.48151e-11 1.64855e-13
 2.56451e-27 2.59135e-27 3.50492e-26 6.85369e-20 1.6801e-14 4.97844e-10 1.78319e-06 0.000772054 0.0404065 0.255623 0.195912 0.0454614 0.208385 0.191781 0.0312352 0.0229307 0.00651499 0.000813435 0.000149456 1.17422e-05 8.1529e-07 3.13556e-08 8.04108e-10 1.14283e-11 7.0394e-14
 2.56427e-27 2.59059e-27 3.42781e-26 6.691e-20 1.64022e-14 4.86026e-10 1.74086e-06 0.000753727 0.0394474 0.249555 0.191296 0.0465327 0.219781 0.202095 0.0294051 0.0161616 0.00448235 0.000415899 6.71367e-05 5.28114e-06 3.73075e-07 1.45048e-08 3.22906e-10 3.73513e-12 2.0347e-14
 2.56459e-27 2.59153e-27 3.51563e-26 6.87627e-20 1.68564e-14 4.99484e-10 1.78907e-06 0.000774598 0.0405397 0.256466 0.196561 0.0458545 0.21092 0.194022 0.0298549 0.0192133 0.00530814 0.000419968 5.9833e-05 3.69153e-06 2.26049e-07 8.82815e-09 1.99565e-10 2.12036e-12 9.48048e-15
 2.56467e-27 2.59168e-27 3.52478e-26 6.89556e-20 1.69036e-14 5.00885e-10 1.79409e-06 0.000776771 0.0406534 0.257185 0.197116 0.046197 0.213137 0.195975 0.0285237 0.0156911 0.00432879 0.000359311 5.21644e-05 2.76836e-06 1.37892e-07 4.18327e-09 8.7535e-11 9.37709e-13 3.98422e-15
 2.56533e-27 2.59348e-27 3.68472e-26 7.23298e-20 1.77308e-14 5.25394e-10 1.88187e-06 0.00081478 0.0426426 0.269769 0.206717 0.045686 0.202502 0.186169 0.0269129 0.0144866 0.00397058 0.000286521 3.76922e-05 2.06517e-06 1.01883e-07 2.53685e-09 4.11353e-11 3.70175e-13 1.53713e-15
 2.56602e-27 2.59535e-27 3.84969e-26 7.58099e-20 1.85839e-14 5.50674e-10 1.97242e-06 0.000853983 0.0446944 0.282749 0.216621 0.0452444 0.192183 0.176631 0.024947 0.0124072 0.0033918 0.000241553 3.11357e-05 1.52027e-06 6.74477e-08 1.70733e-09 2.50888e-11 1.75026e-13 5.82206e-16
 2.56616e-27 2.59571e-27 3.87873e-26 7.64223e-20 1.8734e-14 5.55122e-10 1.98836e-06 0.000860882 0.0450554 0.285033 0.218368 0.0454093 0.192211 0.176594 0.023805 0.00981526 0.00265666 0.00016851 1.94518e-05 9.25685e-07 3.88769e-08 8.60492e-10 1.19036e-11 7.94634e-14 2.16217e-16
 2.56628e-27 2.59603e-27 3.90712e-26 7.70212e-20 1.88808e-14 5.59473e-10 2.00394e-06 0.000867628 0.0454085 0.287267 0.220073 0.0453411 0.190494 0.175006 0.0234483 0.00940172 0.0025326 0.000142803 1.42246e-05 6.12374e-07 2.25824e-08 4.76669e-10 6.00785e-12 3.58075e-14 9.26624e-17
 2.5667e-27 2.59717e-27 4.00892e-26 7.91689e-20 1.94073e-14 5.75073e-10 2.05981e-06 0.000891821 0.0466747 0.295277 0.226183 0.0449542 0.183257 0.168347 0.0226133 0.0091743 0.00247235 0.000139413 1.38076e-05 5.42816e-07 1.68691e-08 3.1097e-10 3.52746e-12 1.94742e-14 4.50929e-17
 2.56671e-27 2.59718e-27 4.00729e-26 7.91345e-20 1.93989e-14 5.74823e-10 2.05892e-06 0.000891433 0.0466544 0.295149 0.226087 0.0451161 0.184556 0.169506 0.0221088 0.00773401 0.00207081 0.000112943 1.06675e-05 4.15961e-07 1.25439e-08 2.03542e-10 1.9467e-12 9.33006e-15 1.97032e-17
 2.56609e-27 2.59548e-27 3.85448e-26 7.59107e-20 1.86086e-14 5.51406e-10 1.97504e-06 0.000855118 0.0447538 0.283125 0.216918 0.0458148 0.196316 0.1803 0.0229741 0.00699088 0.00185435 8.939e-05 6.79429e-06 2.5324e-07 7.11738e-09 1.12868e-10 1.00898e-12 4.10716e-15 7.36575e-18
 2.56565e-27 2.5943e-27 3.75191e-26 7.37468e-20 1.80781e-14 5.35688e-10 1.91874e-06 0.000830743 0.0434781 0.275055 0.210757 0.0459633 0.201774 0.185379 0.0246237 0.00947007 0.00253576 0.000121751 9.13348e-06 3.12653e-07 7.11484e-09 1.04549e-10 8.82572e-13 3.43592e-15 5.48673e-18
#obs catch len freq
 5.99109e-42 8.31524e-34 1.39505e-26 2.82914e-20 6.93531e-15 2.05506e-10 7.36089e-07 0.000318701 0.0166795 0.105521 0.0813415 0.0423521 0.226705 0.191477 0.132031 0.127677 0.0521005 0.0193014 0.00401261 0.000459971 2.16658e-05 3.07317e-07 9.87056e-10 5.83085e-13 5.53077e-17
 6.85993e-42 9.52113e-34 1.59737e-26 3.23943e-20 7.94107e-15 2.35309e-10 8.42837e-07 0.000364919 0.0190984 0.120824 0.0931401 0.0462031 0.229992 0.18464 0.128833 0.114106 0.0446286 0.0150641 0.00281815 0.000277453 1.05977e-05 1.15277e-07 2.73086e-10 1.16288e-13 7.85183e-18
 1.03776e-41 1.44034e-33 2.41647e-26 4.90056e-20 1.20131e-14 3.55971e-10 1.27503e-06 0.000552045 0.0288918 0.18278 0.140519 0.0482446 0.20216 0.154214 0.10967 0.0886139 0.0326975 0.0098876 0.0016286 0.000135441 4.16129e-06 3.46408e-08 6.05097e-11 1.85718e-14 8.9241e-19
 8.89895e-42 1.23512e-33 2.07216e-26 4.2023e-20 1.03015e-14 3.05251e-10 1.09336e-06 0.000473387 0.0247752 0.156738 0.120968 0.0601309 0.261994 0.182748 0.0950737 0.0666997 0.0232279 0.00622575 0.000882985 6.06149e-05 1.47399e-06 9.33359e-09 1.20201e-11 2.6632e-15 9.12022e-20
 1.21869e-41 1.69146e-33 2.83778e-26 5.75496e-20 1.41076e-14 4.18034e-10 1.49733e-06 0.000648292 0.0339291 0.214647 0.165089 0.0541498 0.194148 0.136047 0.109671 0.0698654 0.0175281 0.00379259 0.000456732 2.53254e-05 4.77119e-07 2.26816e-09 2.14334e-12 3.42862e-16 8.38414e-21
 1.28313e-41 1.78089e-33 2.98782e-26 6.05923e-20 1.48535e-14 4.40136e-10 1.5765e-06 0.000682569 0.0357229 0.225997 0.17407 0.0636748 0.220444 0.137857 0.0770989 0.0463791 0.0150693 0.00275981 0.000233435 9.93989e-06 1.42378e-07 4.99806e-10 3.42858e-13 3.94028e-17 6.8733e-22
 1.17147e-41 1.62593e-33 2.72783e-26 5.53199e-20 1.3561e-14 4.01838e-10 1.43932e-06 0.000623175 0.0326145 0.206334 0.159336 0.0694932 0.235164 0.142917 0.0932623 0.0473213 0.0108561 0.00191757 0.000155322 4.65234e-06 4.66054e-08 1.17947e-10 5.79703e-14 4.74077e-18 5.86379e-23
 1.45598e-41 2.0208e-33 3.39031e-26 6.87548e-20 1.68544e-14 4.99427e-10 1.78887e-06 0.000774518 0.0405352 0.256442 0.197526 0.0646569 0.184468 0.112239 0.0894105 0.0427781 0.00977336 0.00130993 8.22213e-05 2.12968e-06 1.53972e-08 2.61459e-11 8.86361e-15 5.08006e-19 4.41503e-24
 1.67606e-41 2.32626e-33 3.90278e-26 7.91476e-20 1.94021e-14 5.7492e-10 2.05927e-06 0.000891593 0.0466624 0.295206 0.227339 0.0688525 0.175212 0.0946611 0.0578952 0.0259856 0.00644993 0.000802021 4.02205e-05 7.56242e-07 4.21607e-09 5.20995e-12 1.19129e-15 4.57717e-20 2.71902e-25
 1.64554e-41 2.2839e-33 3.83172e-26 7.77066e-20 1.90489e-14 5.64452e-10 2.02178e-06 0.00087536 0.0458128 0.289834 0.223679 0.0770467 0.189924 0.0957151 0.0534438 0.0195788 0.00365281 0.000416163 1.93967e-05 2.87477e-07 1.13704e-09 1.00723e-12 1.65908e-16 4.42882e-21 1.77548e-26
 1.56172e-41 2.16757e-33 3.63654e-26 7.37483e-20 1.80785e-14 5.357e-10 1.91879e-06 0.00083077 0.0434792 0.275074 0.212889 0.0839692 0.199204 0.0997949 0.0617155 0.019798 0.00298601 0.00024825 8.93192e-06 1.12189e-07 3.46804e-10 2.18334e-13 2.49219e-17 4.66388e-22 1.31528e-27
 1.52301e-41 2.11383e-33 3.54639e-26 7.19202e-20 1.76304e-14 5.2242e-10 1.87123e-06 0.000810176 0.0424014 0.268259 0.208161 0.0892832 0.199425 0.100941 0.0674264 0.0201598 0.00293209 0.000194593 4.89424e-06 4.3297e-08 1.02172e-10 4.92225e-14 4.07578e-18 5.3124e-23 1.03185e-28
 1.93092e-41 2.67999e-33 4.49623e-26 9.11827e-20 2.23524e-14 6.62341e-10 2.3724e-06 0.00102717 0.0537578 0.340101 0.262529 0.0761866 0.135789 0.0688486 0.0466059 0.0131493 0.00188893 0.000112308 2.29627e-06 1.41422e-08 2.22832e-11 7.53994e-15 4.56999e-19 4.35853e-24 6.05706e-30
 1.62413e-41 2.25418e-33 3.78186e-26 7.66954e-20 1.8801e-14 5.57107e-10 1.99547e-06 0.000863969 0.0452167 0.286081 0.223258 0.107313 0.205674 0.0826649 0.0377561 0.00975197 0.00134397 7.32097e-05 1.32322e-06 6.50663e-09 7.30208e-12 1.64193e-15 6.63425e-20 4.36762e-25 4.30986e-31
 1.33703e-41 1.85571e-33 3.11334e-26 6.31379e-20 1.54775e-14 4.58627e-10 1.64273e-06 0.000711244 0.0372237 0.235528 0.185965 0.120147 0.225791 0.112409 0.0678073 0.0131454 0.00121389 5.59619e-05 8.86734e-07 3.66698e-09 3.25145e-12 5.35805e-16 1.48979e-20 6.53674e-26 4.29702e-32
 1.21775e-41 1.69015e-33 2.83558e-26 5.75049e-20 1.40967e-14 4.1771e-10 1.49617e-06 0.000647789 0.0339028 0.214529 0.170821 0.124022 0.220007 0.129393 0.0856975 0.0189661 0.00194816 6.35236e-05 7.03808e-07 2.31765e-09 1.65306e-12 2.12292e-16 4.42059e-21 1.39493e-26 6.37249e-33
 1.63538e-41 2.26979e-33 3.80805e-26 7.72265e-20 1.89312e-14 5.60965e-10 2.00929e-06 0.000869952 0.0455299 0.288082 0.226056 0.10449 0.157046 0.0979331 0.0632163 0.0150421 0.00167428 5.73346e-05 5.38364e-07 1.20993e-09 6.1e-13 5.90201e-17 9.35722e-22 2.21901e-27 7.47648e-34
 1.48571e-41 2.06207e-33 3.45955e-26 7.0159e-20 1.71986e-14 5.09627e-10 1.8254e-06 0.000790336 0.0413631 0.26176 0.209405 0.14084 0.20301 0.0887843 0.0431422 0.00980688 0.0010587 3.68502e-05 3.42086e-07 6.77698e-10 2.53751e-13 1.67377e-17 1.84228e-22 3.15076e-28 7.80212e-35
 1.54855e-41 2.14928e-33 3.60586e-26 7.31261e-20 1.7926e-14 5.3118e-10 1.9026e-06 0.000823761 0.0431125 0.272838 0.218149 0.133555 0.178348 0.0987515 0.0466406 0.00717966 0.000581473 1.82069e-05 1.57018e-07 2.86475e-10 9.36117e-14 4.93516e-18 3.96108e-23 4.67746e-29 7.9282e-36
 1.53044e-41 2.12414e-33 3.56369e-26 7.22709e-20 1.77164e-14 5.24969e-10 1.88035e-06 0.000814127 0.0426084 0.269685 0.218079 0.148 0.182904 0.0914729 0.0395178 0.00647618 0.000430834 9.07307e-06 6.00986e-08 9.25796e-11 2.58616e-14 1.14769e-18 7.50656e-24 6.91132e-30 8.70731e-37
 1.64486e-41 2.28295e-33 3.83012e-26 7.76741e-20 1.90409e-14 5.64216e-10 2.02093e-06 0.000874994 0.0457939 0.28986 0.234129 0.143426 0.162373 0.0852886 0.0332659 0.0046974 0.000283517 5.18987e-06 2.44434e-08 2.6113e-11 5.50396e-15 1.93445e-19 1.01291e-24 7.43017e-31 7.36694e-38
 1.59475e-41 2.21341e-33 3.71346e-26 7.53082e-20 1.84609e-14 5.4703e-10 1.95937e-06 0.000848341 0.0443992 0.281101 0.230876 0.161755 0.170119 0.0796474 0.027457 0.00360692 0.00018455 2.79892e-06 1.08381e-08 8.66161e-12 1.2577e-15 3.06268e-20 1.16129e-25 6.38554e-32 4.82461e-39
 1.64355e-41 2.28115e-33 3.82709e-26 7.76127e-20 1.90258e-14 5.6377e-10 2.01933e-06 0.000874302 0.045758 0.289743 0.238964 0.160929 0.158659 0.0784996 0.0238919 0.00256849 0.000109278 1.36572e-06 4.17042e-09 2.59107e-12 2.84813e-16 4.99134e-21 1.3093e-26 4.9437e-33 2.60619e-40
 1.65088e-41 2.29131e-33 3.84414e-26 7.79584e-20 1.91106e-14 5.66282e-10 2.02833e-06 0.000878197 0.045962 0.291116 0.24312 0.170271 0.155384 0.0715445 0.0197007 0.00195274 6.76984e-05 6.53803e-07 1.54633e-09 7.33779e-13 6.05756e-17 7.903e-22 1.52434e-27 4.14579e-34 1.53937e-41
 1.68793e-41 2.34274e-33 3.93043e-26 7.97083e-20 1.95395e-14 5.78992e-10 2.07386e-06 0.000897909 0.0469939 0.297729 0.250671 0.173044 0.147503 0.0659967 0.0157975 0.00132541 3.86564e-05 3.0104e-07 5.3611e-10 1.8752e-13 1.14197e-17 1.09565e-22 1.54538e-28 3.06136e-35 8.25126e-43
 1.68314e-41 2.33609e-33 3.91927e-26 7.94819e-20 1.94841e-14 5.77349e-10 2.06797e-06 0.000895359 0.046861 0.297015 0.253972 0.181553 0.144733 0.0610077 0.0129851 0.000953609 2.26628e-05 1.39723e-07 1.93115e-10 5.05582e-14 2.23502e-18 1.54076e-23 1.56287e-29 2.23072e-36 4.33175e-44
 1.47033e-41 2.04073e-33 3.42374e-26 6.94328e-20 1.70206e-14 5.04353e-10 1.80651e-06 0.000782157 0.0409374 0.259823 0.235015 0.21528 0.167124 0.0676686 0.0125709 0.00078302 1.52562e-05 7.42591e-08 7.80817e-11 1.52931e-14 4.99647e-19 2.50576e-24 1.82239e-30 1.84978e-37 2.54918e-45
 1.4992e-41 2.08079e-33 3.49096e-26 7.0796e-20 1.73548e-14 5.14255e-10 1.84198e-06 0.000797513 0.0417408 0.264817 0.235045 0.197088 0.167025 0.0783604 0.0142891 0.000821899 1.40378e-05 5.81653e-08 5.10898e-11 8.21504e-15 2.17725e-19 8.81644e-25 5.16601e-31 4.21079e-38 4.6378e-46
#spawning biomass
 15684 17313.2 18960.3 22658.4 27180.4 33185.8 37542.4 47186.7 63619.2 86524.2 96061.5 119056 167788 202552 189403 154228 147550 139855 144703 139090 138683 149764 157361 167137 186292 196020 182695 176826 179486 175657 96810.9 44156.5 27068.1 22503.9 21380.4 21117.6 21058.2 21045.2 21042.4 21041.8 21041.6 21041.6 21041.6 21041.6 21041.6 21041.6 21041.6 21041.6 21041.6 21041.6 21041.6 21041.6 21041.6 21041.6 21041.6 21041.6 21041.6 21041.6 21041.6 21041.6 21041.6 21041.6 21041.6 21041.6 21041.6 21041.6 21041.6 21041.6 21041.6 21041.6 21041.6 21041.6 21041.6 21041.6 21041.6 21041.6 21041.6 21041.6 21041.6 21041.6 21041.6 21041.6 21041.6 21041.6 21041.6 21041.6 21041.6 21041.6 21041.6 21041.6 21041.6 21041.6 21041.6 21041.6 21041.6 21041.6 21041.6 21041.6 21041.6 21041.6 21041.6 21041.6 21041.6 21041.6 21041.6 21041.6 21041.6 21041.6 21041.6 21041.6 21041.6 21041.6 21041.6 21041.6 21041.6 21041.6 21041.6 21041.6 21041.6 21041.6 21041.6 21041.6 21041.6 21041.6 21041.6 21041.6 21041.6 21041.6 0 0 0 0 0 0 0 0 0 0 0 0 0 0 0 0 0 0 0 0 0 0 0 0 0
