SBPRF35
0.178135
Curr Bio
145763
B35
205124
F35
0.615542
FOFL
0.615542
OFL
102973
Bzero
50895.7
#pred survey bio
 6367.18 7334.91 9731.35 11426.9 17985.6 29279.2 29934.5 34476.3 46409.5 56388.7 69035.8 94042.9 124574 141824 133588 117127 105323 106391 99451.5 103769 110172 109322 114120 126193 140427 131814 129401 118461 148292 6.74523e+06 5.66489e+06 3.36039e+06 1.92009e+06 1.16254e+06 792575 614787 527418 482532 458283 444597 436621 431875 429016 427272 426206 425569 425186 424956 424818 424734 424684 424654 424635 424624 424618 424614 424611 424610 424609 424608 424608 424608 424608 424608 424608 424607 424607 424607 424607 424607 424607 424607 424607 424607 424607 424607 424607 424607 424607 424607 424607 424607 424607 424607 424607 424607 424607 424607 424607 424607 424607 424607 424607 424607 424607 424607 424607 424607 424607 424607 424607 424607 424607 424607 424607 424607 424607 424607 424607 424607 424607 424607 424607 424607 424607 424607 424607 424607 424607 424607 424607 424607 424607 424607 424607 424607 424607 424607 424607 0 0 0 0 0 0 0 0 0 0 0 0 0 0 0 0 0 0 0 0 0 0 0 0 0
#obs survey bio
 5604.31 7555.74 9845.66 17544 32937.8 26975.1 27241.2 40502.3 44066.8 68700.8 74984.1 96117.9 114322 142010 88992.8 102635 98945.4 102714 90159.4 131578 139118 107229 127649 184533 131001 139633 109932 89507.2 141677
#pred catch bio
 3420.59 4351.25 6199.29 6964.83 8995.22 18818.2 20823.9 22903.6 31418.9 39003.4 46235.8 63314.1 88485.2 105579 101422 92291.8 80643.6 83904.8 76498.3 79831.6 88575.5 88848.3 90867.3 100180 122215 113754 114038 94884.9 32228.1 102973 95103.7 51897 26770.4 14746.2 9612.03 7575.3 6806.94 6527.25 6428.04 6393.53 6381.7 6377.69 6376.34 6375.89 6375.73 6375.69 6375.67 6375.66 6375.66 6375.66 6375.66 6375.66 6375.66 6375.66 6375.66 6375.66 6375.66 6375.66 6375.66 6375.66 6375.66 6375.66 6375.66 6375.66 6375.66 6375.66 6375.66 6375.66 6375.66 6375.66 6375.66 6375.66 6375.66 6375.66 6375.66 6375.66 6375.66 6375.66 6375.66 6375.66 6375.66 6375.66 6375.66 6375.66 6375.66 6375.66 6375.66 6375.66 6375.66 6375.66 6375.66 6375.66 6375.66 6375.66 6375.66 6375.66 6375.66 6375.66 6375.66 6375.66 6375.66 6375.66 6375.66 6375.66 6375.66 6375.66 6375.66 6375.66 6375.66 6375.66 6375.66 6375.66 6375.66 6375.66 6375.66 6375.66 6375.66 6375.66 6375.66 6375.66 6375.66 6375.66 6375.66 6375.66 6375.66 6375.66 6375.66 6375.66 6375.66 0 0 0 0 0 0 0 0 0 0 0 0 0 0 0 0 0 0 0 0 0 0 0 0 0
#obs catch bio
 5243.5 4371.4 6194.31 6863.62 8685.65 18316 21085.8 22767.9 30520.8 38232.4 45194.6 61506.8 86276.3 103089 101677 92128 80733.5 83171 75690.9 78212.9 84595.8 86799.9 88486.2 95277.8 119355 111766 113117 94643.4 31719
#pred cpue bio
 5807.59 6362.06 8433.77 9968.5 15091 25738.7 26417.1 29142 39845.8 48518.9 58926.3 80012.6 106507 122058 116269 101500 89971.9 91210.6 85157.9 88252.3 93894.7 92548.4 96011.4 106500 118287 109974 108429 99015.9 123365 6.17191e+06 5.64013e+06 3.33562e+06 1.89532e+06 1.13778e+06 767809 590022 502653 457767 433518 419832 411855 407110 404250 402507 401441 400803 400421 400191 400053 399969 399919 399888 399870 399859 399852 399848 399846 399844 399843 399843 399843 399842 399842 399842 399842 399842 399842 399842 399842 399842 399842 399842 399842 399842 399842 399842 399842 399842 399842 399842 399842 399842 399842 399842 399842 399842 399842 399842 399842 399842 399842 399842 399842 399842 399842 399842 399842 399842 399842 399842 399842 399842 399842 399842 399842 399842 399842 399842 399842 399842 399842 399842 399842 399842 399842 399842 399842 399842 399842 399842 399842 399842 399842 399842 399842 399842 399842 399842 399842 0 0 0 0 0 0 0 0 0 0 0 0 0 0 0 0 0 0 0 0 0 0 0 0 0
#obs cpue bio
 6521.39 6173.87 8036.78 10684.1 18399.3 27551.4 23458.3 26527.7 85195.8 48786.5 80763.2 126634 165008 172663 137575 132894 86610.4 119379 109609 104344 175780 118332 132768 182943 157547 131651 142102 146505 154118
#pred surv len freq
 2.56735e-27 2.59961e-27 4.30561e-26 8.54311e-20 2.09424e-14 6.20561e-10 2.22274e-06 0.000962363 0.0503666 0.318633 0.243891 0.037027 0.110486 0.102066 0.0262632 0.0345794 0.0162697 0.0144583 0.00982486 0.00810751 0.00678999 0.00617566 0.00644946 0.00584852 0.00179857
 2.57001e-27 2.60649e-27 4.86695e-26 9.7271e-20 2.38448e-14 7.06564e-10 2.53079e-06 0.00109574 0.0573469 0.362792 0.277651 0.0395747 0.106158 0.0976743 0.0185946 0.0179298 0.00712654 0.00473419 0.00265914 0.00186332 0.0013619 0.00110227 0.00104527 0.000961801 0.000325573
 2.5696e-27 2.60526e-27 4.74648e-26 9.47291e-20 2.32217e-14 6.881e-10 2.46466e-06 0.0010671 0.0558483 0.353312 0.270434 0.0409722 0.121864 0.112055 0.0191564 0.0155172 0.00525711 0.00222905 0.000949588 0.000497658 0.000288013 0.000195539 0.000161127 0.000142742 5.03866e-05
 2.56906e-27 2.60382e-27 4.6191e-26 9.20419e-20 2.2563e-14 6.68581e-10 2.39474e-06 0.00103683 0.0542641 0.34329 0.262787 0.0413391 0.130029 0.119618 0.0210337 0.0178813 0.00576359 0.00194499 0.000624106 0.000207914 8.1465e-05 4.08274e-05 2.69832e-05 2.16028e-05 7.64403e-06
 2.57161e-27 2.61076e-27 5.23548e-26 1.05045e-19 2.57505e-14 7.63034e-10 2.73306e-06 0.00118331 0.0619302 0.391787 0.299787 0.0392984 0.0885039 0.0813482 0.0151537 0.0141044 0.00461159 0.00164241 0.000482781 0.000120501 2.84901e-05 8.51445e-06 3.81578e-06 2.50143e-06 8.52263e-07
 2.56845e-27 2.60212e-27 4.46494e-26 8.87897e-20 2.17657e-14 6.44958e-10 2.31013e-06 0.0010002 0.0523468 0.33116 0.253537 0.042119 0.142463 0.131011 0.021586 0.016284 0.00545189 0.00217366 0.000660176 0.000166551 3.0966e-05 5.26372e-06 1.19882e-06 5.26081e-07 1.62431e-07
 2.56822e-27 2.60158e-27 4.42583e-26 8.79648e-20 2.15635e-14 6.38965e-10 2.28867e-06 0.000990905 0.0518604 0.328083 0.251178 0.041481 0.139266 0.128248 0.0244958 0.0236047 0.00749687 0.00232588 0.000722103 0.000200757 3.83558e-05 5.33716e-06 6.01107e-07 1.19113e-07 2.8981e-08
 2.57117e-27 2.60957e-27 5.12951e-26 1.0281e-19 2.52025e-14 7.46795e-10 2.6749e-06 0.00115813 0.0606122 0.383449 0.293426 0.0396738 0.0958296 0.0880864 0.0159455 0.014226 0.00483373 0.00200949 0.000581267 0.000134088 2.73002e-05 3.98945e-06 3.52232e-07 2.67373e-08 3.50619e-09
 2.5701e-27 2.60657e-27 4.85545e-26 9.70277e-20 2.37852e-14 7.04797e-10 2.52447e-06 0.001093 0.0572035 0.361885 0.276984 0.0411676 0.118749 0.109086 0.0169408 0.0111946 0.00368816 0.0013991 0.000452612 0.000127799 2.25325e-05 3.17409e-06 2.9102e-07 1.44461e-08 6.65306e-10
 2.56997e-27 2.60626e-27 4.83148e-26 9.6522e-20 2.36612e-14 7.01124e-10 2.51131e-06 0.0010873 0.0569054 0.359999 0.27554 0.0409759 0.118305 0.10875 0.0182255 0.014195 0.00437798 0.00116911 0.000348081 9.52237e-05 2.01977e-05 2.82392e-06 2.3981e-07 1.15077e-08 2.69483e-10
 2.5705e-27 2.60769e-27 4.95791e-26 9.91893e-20 2.43151e-14 7.20499e-10 2.58071e-06 0.00111735 0.0584779 0.369947 0.283131 0.0406013 0.110121 0.101192 0.0167782 0.0128049 0.00408262 0.00130607 0.000350751 7.07398e-05 1.38207e-05 2.1501e-06 1.92789e-07 8.64587e-09 1.73604e-10
 2.57069e-27 2.60821e-27 5.00344e-26 1.0015e-19 2.45505e-14 7.27475e-10 2.60569e-06 0.00112817 0.0590441 0.373529 0.285865 0.040524 0.107612 0.0988639 0.016131 0.0119129 0.00377781 0.00118331 0.000336836 7.58476e-05 1.1758e-05 1.51622e-06 1.43933e-07 6.83802e-09 1.29198e-10
 2.57037e-27 2.60734e-27 4.92518e-26 9.84988e-20 2.41458e-14 7.15483e-10 2.56274e-06 0.00110957 0.0580708 0.367372 0.281168 0.0408311 0.113249 0.10405 0.0167621 0.0120449 0.00379047 0.00114279 0.000321223 7.24601e-05 1.23489e-05 1.43753e-06 1.09298e-07 5.27513e-09 1.04174e-10
 2.56994e-27 2.60614e-27 4.81843e-26 9.62468e-20 2.35938e-14 6.99125e-10 2.50415e-06 0.0010842 0.0567432 0.358973 0.27476 0.041203 0.120581 0.110804 0.0177522 0.0126016 0.00394243 0.00115158 0.000318212 6.93617e-05 1.17234e-05 1.44167e-06 1.03866e-07 4.11842e-09 8.01898e-11
 2.56915e-27 2.604e-27 4.62881e-26 9.22465e-20 2.26131e-14 6.70067e-10 2.40007e-06 0.00103914 0.0543847 0.344053 0.263377 0.0418208 0.13328 0.122511 0.0196146 0.0139022 0.00433865 0.00124944 0.000341036 7.20876e-05 1.1813e-05 1.42527e-06 1.06017e-07 3.99928e-09 6.62997e-11
 2.56948e-27 2.60491e-27 4.71097e-26 9.39798e-20 2.3038e-14 6.82658e-10 2.44517e-06 0.00105866 0.0554066 0.350517 0.268307 0.0414124 0.126709 0.116485 0.0192391 0.0145633 0.00454918 0.00130757 0.000355187 7.39405e-05 1.18142e-05 1.37669e-06 1.00079e-07 3.83266e-09 6.02048e-11
 2.57042e-27 2.60744e-27 4.93349e-26 9.8674e-20 2.41887e-14 7.16756e-10 2.5673e-06 0.00111154 0.0581741 0.368025 0.281668 0.0408934 0.113372 0.104142 0.0164013 0.0111989 0.00353988 0.00109665 0.000300471 6.23664e-05 9.8508e-06 1.12035e-06 7.85165e-08 2.93662e-09 4.6194e-11
 2.57017e-27 2.60675e-27 4.87005e-26 9.73355e-20 2.38606e-14 7.07033e-10 2.53247e-06 0.00109646 0.057385 0.363033 0.277861 0.0412193 0.118526 0.10887 0.0167209 0.0107326 0.00331782 0.000915611 0.000253574 5.60032e-05 8.90607e-06 1.00359e-06 6.86337e-08 2.47586e-09 3.80322e-11
 2.57024e-27 2.60695e-27 4.88761e-26 9.77061e-20 2.39515e-14 7.09725e-10 2.54212e-06 0.00110064 0.0576035 0.364415 0.278916 0.0411809 0.117493 0.107915 0.0165268 0.0105278 0.00321883 0.000828736 0.000218745 4.42028e-05 7.28698e-06 8.491e-07 5.77197e-08 2.03203e-09 3.01547e-11
 2.57068e-27 2.60815e-27 4.99534e-26 9.99788e-20 2.45086e-14 7.26233e-10 2.60125e-06 0.00112624 0.0589434 0.372892 0.285382 0.0407744 0.109857 0.100888 0.0156466 0.0102893 0.00314413 0.000802238 0.000207154 3.8991e-05 5.92347e-06 6.76644e-07 4.78217e-08 1.6843e-09 2.44142e-11
 2.57054e-27 2.60775e-27 4.95861e-26 9.92039e-20 2.43186e-14 7.20605e-10 2.58109e-06 0.00111751 0.0584865 0.370002 0.283178 0.0409863 0.113017 0.10378 0.0157102 0.00970693 0.00297832 0.000786614 0.000203622 3.77933e-05 5.45192e-06 5.71247e-07 3.86199e-08 1.39672e-09 2.03475e-11
 2.57094e-27 2.60885e-27 5.05536e-26 1.01245e-19 2.4819e-14 7.35431e-10 2.63419e-06 0.0011405 0.0596898 0.377614 0.288987 0.0407293 0.10698 0.098203 0.014607 0.00859262 0.00260632 0.000643732 0.000166692 3.18316e-05 4.57275e-06 4.59927e-07 2.85419e-08 9.79369e-10 1.445e-11
 2.5713e-27 2.60982e-27 5.14075e-26 1.03046e-19 2.52605e-14 7.48514e-10 2.68105e-06 0.00116079 0.0607517 0.384332 0.294113 0.0405225 0.101805 0.0934166 0.0135647 0.00741908 0.00222975 0.000522366 0.000131566 2.37968e-05 3.45819e-06 3.51586e-07 2.10496e-08 6.66537e-10 9.31178e-12
 2.57112e-27 2.6093e-27 5.09455e-26 1.02072e-19 2.50216e-14 7.41436e-10 2.6557e-06 0.00114982 0.0601772 0.380697 0.291341 0.0406984 0.105092 0.0964415 0.0139609 0.00755955 0.00224864 0.000488172 0.000119661 2.05558e-05 2.84689e-06 2.83377e-07 1.71572e-08 5.26515e-10 6.83351e-12
 2.57123e-27 2.60963e-27 5.12417e-26 1.02696e-19 2.51748e-14 7.45974e-10 2.67196e-06 0.00115685 0.0605456 0.383028 0.293118 0.0405591 0.102783 0.0943236 0.0138064 0.00774036 0.00230146 0.000494189 0.000118579 1.89859e-05 2.50772e-06 2.35942e-07 1.37989e-08 4.23976e-10 5.34892e-12
 2.57176e-27 2.61105e-27 5.2479e-26 1.05307e-19 2.58146e-14 7.64934e-10 2.73986e-06 0.00118626 0.0620844 0.392763 0.300548 0.0403147 0.0957031 0.0877592 0.0120848 0.00546708 0.00162352 0.00036125 8.69981e-05 1.3721e-05 1.72671e-06 1.51867e-07 8.35656e-09 2.46494e-10 3.08283e-12
 2.57151e-27 2.61034e-27 5.18487e-26 1.03977e-19 2.54887e-14 7.55276e-10 2.70527e-06 0.00117128 0.0613005 0.387804 0.296765 0.0405839 0.100409 0.0920847 0.0125402 0.00541413 0.00156577 0.000281403 6.55771e-05 1.06527e-05 1.33686e-06 1.13279e-07 5.80421e-09 1.60142e-10 1.91643e-12
 2.57165e-27 2.61073e-27 5.21891e-26 1.04695e-19 2.56647e-14 7.60491e-10 2.72395e-06 0.00117937 0.0617238 0.390482 0.298808 0.0404689 0.0980992 0.0899564 0.0122237 0.00522769 0.00150466 0.000258194 5.67149e-05 7.6514e-06 9.40112e-07 8.07268e-08 4.01385e-09 1.03423e-10 1.15416e-12
 2.57193e-27 2.61153e-27 5.29177e-26 1.06232e-19 2.60415e-14 7.71656e-10 2.76394e-06 0.00119668 0.06263 0.396214 0.303179 0.0400657 0.0919592 0.0843349 0.0120331 0.00620785 0.00179505 0.000305198 6.62903e-05 8.46893e-06 9.17307e-07 6.99228e-08 3.48003e-09 8.76332e-11 9.17647e-13
#obs surv len freq
 1.77405e-41 2.46227e-33 4.13097e-26 8.37752e-20 2.05365e-14 6.08534e-10 2.17967e-06 0.000943722 0.0493906 0.31246 0.239325 0.0440335 0.151321 0.12815 0.035751 0.0272939 0.00822011 0.00255827 0.000491967 5.63561e-05 2.82586e-06 4.52488e-08 1.71819e-10 1.24484e-13 1.49104e-17
 2.17664e-41 3.02104e-33 5.06842e-26 1.02786e-19 2.51969e-14 7.4663e-10 2.67431e-06 0.00115788 0.060599 0.383367 0.293441 0.0420256 0.0971874 0.0777862 0.0222187 0.015999 0.00461522 0.00133965 0.000236711 2.37079e-05 9.79303e-07 1.22345e-08 3.48861e-11 1.84815e-14 1.58976e-18
 1.71637e-41 2.38221e-33 3.99665e-26 8.10513e-20 1.98688e-14 5.88748e-10 2.1088e-06 0.000913038 0.0477848 0.302301 0.231764 0.0512824 0.182671 0.136474 0.0270057 0.0144858 0.00403464 0.00109118 0.000174867 1.52072e-05 5.16292e-07 5.01299e-09 1.06824e-11 4.13123e-15 2.55693e-19
 2.08889e-41 2.89924e-33 4.86407e-26 9.86424e-20 2.4181e-14 7.16528e-10 2.56649e-06 0.0011112 0.0581558 0.367911 0.281762 0.045804 0.113418 0.0813817 0.0282414 0.0179911 0.00343714 0.000679162 9.75485e-05 7.28002e-06 2.01516e-07 1.51854e-09 2.41667e-12 6.81214e-16 3.03081e-20
 2.37232e-41 3.29262e-33 5.52406e-26 1.12027e-19 2.74621e-14 8.13751e-10 2.91472e-06 0.00126197 0.0660467 0.417831 0.319852 0.0442761 0.0789664 0.0519934 0.0115943 0.00605046 0.00173806 0.000352296 3.31753e-05 1.93616e-06 4.31332e-08 2.50821e-10 2.98061e-13 6.13255e-17 1.9628e-21
 1.32525e-41 1.83936e-33 3.0859e-26 6.25814e-20 1.53411e-14 4.54585e-10 1.62825e-06 0.000704975 0.0368956 0.233416 0.179822 0.0711494 0.271577 0.165933 0.0275788 0.0105041 0.00198584 0.000387304 4.2034e-05 1.7465e-06 2.72846e-08 1.19256e-10 1.05345e-13 1.5822e-17 3.65003e-22
 2.21977e-41 3.08089e-33 5.16884e-26 1.04823e-19 2.56961e-14 7.61423e-10 2.72729e-06 0.00118082 0.0617996 0.390963 0.299473 0.0467763 0.0887179 0.0561991 0.0345402 0.0176711 0.00236657 0.000284387 2.38752e-05 9.69974e-07 1.14297e-08 3.36084e-11 2.09999e-14 2.27779e-18 3.78254e-23
 1.98816e-41 2.75944e-33 4.62953e-26 9.38859e-20 2.3015e-14 6.81977e-10 2.44273e-06 0.00105762 0.0553515 0.350172 0.268804 0.0610105 0.155091 0.0825567 0.0157812 0.00719473 0.00259353 0.000365242 1.83494e-05 5.05654e-07 4.97717e-09 1.11674e-11 4.73838e-15 3.48393e-19 4.03824e-24
 2.02433e-41 2.80963e-33 4.71374e-26 9.55937e-20 2.34337e-14 6.94382e-10 2.48716e-06 0.00107686 0.0563584 0.356543 0.273761 0.0614956 0.143521 0.0738701 0.0231792 0.00863177 0.00129898 0.000243418 1.87828e-05 3.69698e-07 2.26718e-09 3.74914e-12 1.19915e-15 6.2255e-20 4.8887e-25
 1.9799e-41 2.74797e-33 4.61029e-26 9.34958e-20 2.29194e-14 6.79144e-10 2.43258e-06 0.00105322 0.0551216 0.34872 0.268074 0.0669945 0.154287 0.0738112 0.0221569 0.00810445 0.00149764 0.000166528 1.08279e-05 2.69701e-07 1.39411e-09 1.46442e-12 3.11998e-16 1.16316e-20 6.60211e-26
 2.09784e-41 2.91167e-33 4.88493e-26 9.90654e-20 2.42847e-14 7.196e-10 2.57749e-06 0.00111596 0.0584052 0.369493 0.28399 0.0658852 0.133333 0.0602726 0.0196795 0.00655159 0.00113719 0.000127849 6.17741e-06 1.14733e-07 5.93782e-10 5.60867e-13 8.48757e-17 2.05347e-21 7.77994e-27
 2.03819e-41 2.82887e-33 4.74602e-26 9.62483e-20 2.35941e-14 6.99137e-10 2.5042e-06 0.00108423 0.0567443 0.358989 0.276412 0.0734093 0.147701 0.0614097 0.0178123 0.00541105 0.000926732 9.36421e-05 4.08432e-06 5.799e-08 2.15073e-10 1.69623e-13 2.24304e-17 4.32752e-22 1.16619e-27
 1.99898e-41 2.77445e-33 4.65472e-26 9.43968e-20 2.31403e-14 6.85688e-10 2.45602e-06 0.00106337 0.0556527 0.352087 0.271587 0.0794226 0.153657 0.0609636 0.0194851 0.00524048 0.000766692 6.95858e-05 2.65225e-06 3.12791e-08 8.79396e-11 4.90247e-14 4.79024e-18 7.32411e-23 1.59443e-28
 1.87007e-41 2.59553e-33 4.35454e-26 8.83092e-20 2.16479e-14 6.41468e-10 2.29764e-06 0.000994797 0.0520637 0.329388 0.255084 0.0913046 0.175293 0.066542 0.0226531 0.00578977 0.000821795 6.18976e-05 1.94513e-06 1.8834e-08 4.17822e-11 1.74847e-14 1.21947e-18 1.31077e-23 2.05562e-29
 1.68976e-41 2.34528e-33 3.93469e-26 7.97948e-20 1.95608e-14 5.79621e-10 2.07611e-06 0.000898883 0.047044 0.297641 0.23201 0.106437 0.201266 0.0762357 0.0300274 0.00734213 0.00102385 7.01537e-05 1.8036e-06 1.35284e-08 2.32166e-11 7.40618e-15 3.84491e-19 2.99626e-24 3.32906e-30
 1.91008e-41 2.65107e-33 4.44772e-26 9.0199e-20 2.21112e-14 6.55195e-10 2.3468e-06 0.00101609 0.0531779 0.336446 0.261344 0.0955491 0.154966 0.0611885 0.0282067 0.00702603 0.00101198 6.43294e-05 1.43106e-06 8.4908e-09 1.09033e-11 2.57595e-15 9.90048e-20 5.67796e-25 4.59639e-31
 1.86225e-41 2.58469e-33 4.33634e-26 8.79402e-20 2.15575e-14 6.38788e-10 2.28804e-06 0.00099064 0.0518462 0.328034 0.256226 0.109567 0.169187 0.0570869 0.0207877 0.00539247 0.000826409 5.13364e-05 1.01739e-06 4.96788e-09 4.92574e-12 8.59029e-16 2.3907e-20 9.90147e-26 5.79764e-32
 1.83573e-41 2.54787e-33 4.27459e-26 8.66878e-20 2.12505e-14 6.29691e-10 2.25545e-06 0.000976532 0.0511079 0.323376 0.25374 0.117003 0.168486 0.058221 0.0219299 0.00451181 0.000607574 3.75148e-05 6.86388e-07 2.8486e-09 2.25057e-12 2.99087e-16 6.14264e-21 1.83849e-26 7.69755e-33
 1.86803e-41 2.5927e-33 4.3498e-26 8.8213e-20 2.16244e-14 6.4077e-10 2.29513e-06 0.000993714 0.0520071 0.329079 0.259033 0.12101 0.159495 0.0539836 0.0199079 0.00400765 0.000457354 2.29026e-05 3.72335e-07 1.3418e-09 8.68685e-13 9.03666e-17 1.40647e-21 3.11797e-27 9.5091e-34
 1.94121e-41 2.69427e-33 4.5202e-26 9.16688e-20 2.24715e-14 6.65873e-10 2.38505e-06 0.00103264 0.0540445 0.341983 0.269629 0.121479 0.144651 0.0473024 0.0164143 0.00311964 0.000328506 1.36106e-05 1.71669e-07 5.00031e-10 2.64589e-13 2.19515e-17 2.64697e-22 4.44157e-28 1.0075e-34
 1.93852e-41 2.69053e-33 4.51393e-26 9.15416e-20 2.24403e-14 6.64948e-10 2.38174e-06 0.00103121 0.0539695 0.341536 0.270907 0.129839 0.142781 0.0436822 0.0136535 0.00236745 0.000222876 7.95008e-06 7.94051e-08 1.73487e-10 6.94155e-14 4.44137e-18 4.14198e-23 5.32347e-29 9.12693e-36
 1.98481e-41 2.75479e-33 4.62173e-26 9.37277e-20 2.29762e-14 6.80828e-10 2.43862e-06 0.00105584 0.0552585 0.349715 0.278282 0.131359 0.131474 0.0395245 0.0114558 0.00172947 0.000138891 4.1505e-06 3.34197e-08 5.59436e-11 1.64834e-14 7.6835e-19 5.26506e-24 5.02847e-30 6.44417e-37
 1.91178e-41 2.65343e-33 4.45168e-26 9.02792e-20 2.21309e-14 6.55778e-10 2.34889e-06 0.00101699 0.0532255 0.33691 0.271514 0.14711 0.138406 0.039714 0.0105546 0.00144694 9.73198e-05 2.32734e-06 1.47285e-08 1.89687e-11 4.19063e-15 1.42997e-19 7.06232e-25 4.83682e-31 4.45689e-38
 1.95848e-41 2.71825e-33 4.56042e-26 9.24844e-20 2.26715e-14 6.71797e-10 2.40627e-06 0.00104183 0.0545257 0.345175 0.279047 0.145655 0.125617 0.0379688 0.00971275 0.00118564 6.77479e-05 1.29115e-06 6.21837e-09 6.00883e-12 9.88464e-16 2.48767e-20 8.96336e-26 4.43245e-32 2.92512e-39
 1.94119e-41 2.69424e-33 4.52014e-26 9.16676e-20 2.24712e-14 6.65864e-10 2.38502e-06 0.00103263 0.0540444 0.342206 0.279766 0.155432 0.123649 0.0346669 0.00819674 0.000956219 4.68705e-05 7.14367e-07 2.62203e-09 1.86984e-12 2.24196e-16 4.10133e-21 1.07269e-26 3.84098e-33 1.82889e-40
 1.8819e-41 2.61196e-33 4.3821e-26 8.88682e-20 2.1785e-14 6.45529e-10 2.31218e-06 0.00100109 0.0523942 0.331877 0.275945 0.16884 0.126244 0.0353075 0.00757647 0.000777795 3.34388e-05 4.1844e-07 1.17912e-09 6.2326e-13 5.4277e-17 7.1339e-22 1.33541e-27 3.4213e-34 1.1664e-41
 1.79172e-41 2.48679e-33 4.1721e-26 8.46094e-20 2.0741e-14 6.14594e-10 2.20137e-06 0.00095312 0.0498839 0.316151 0.269125 0.184759 0.131808 0.0386495 0.00791315 0.000728998 2.6157e-05 2.66623e-07 5.90123e-10 2.34694e-13 1.49569e-17 1.41754e-22 1.89743e-28 3.45938e-35 8.37371e-43
 1.82669e-41 2.53533e-33 4.25354e-26 8.6261e-20 2.11459e-14 6.26591e-10 2.24435e-06 0.000971725 0.0508581 0.32243 0.276201 0.182053 0.121886 0.0374595 0.00747229 0.00064659 1.97493e-05 1.60176e-07 2.7384e-10 8.26851e-14 3.92069e-18 2.71345e-23 2.61779e-29 3.41274e-36 5.879e-44
 1.82677e-41 2.53543e-33 4.25371e-26 8.62644e-20 2.11467e-14 6.26616e-10 2.24444e-06 0.000971763 0.0508602 0.322442 0.276217 0.182324 0.122856 0.0368512 0.00691241 0.000547545 1.47721e-05 1.02637e-07 1.46884e-10 3.65641e-14 1.41556e-18 7.94699e-24 6.1905e-30 6.49465e-37 8.98193e-45
#pred catch len freq
 2.56677e-27 2.59807e-27 4.17282e-26 8.26299e-20 2.02557e-14 6.00213e-10 2.14986e-06 0.000930809 0.0487152 0.308186 0.235915 0.0371209 0.116804 0.107923 0.0277704 0.0365639 0.0172034 0.015288 0.0103887 0.0085728 0.00717966 0.00653008 0.00681959 0.00618416 0.00190179
 2.56972e-27 2.60571e-27 4.79818e-26 9.58202e-20 2.34892e-14 6.96026e-10 2.49305e-06 0.00107939 0.0564916 0.357381 0.273522 0.0397389 0.110308 0.101507 0.0193242 0.0186334 0.0074062 0.00491997 0.00276349 0.00193644 0.00141535 0.00114553 0.00108629 0.000999544 0.000338349
 2.56944e-27 2.60485e-27 4.70974e-26 9.3954e-20 2.30317e-14 6.8247e-10 2.44449e-06 0.00105837 0.0553914 0.350421 0.268228 0.0410817 0.124247 0.114253 0.0195321 0.0158216 0.00536023 0.00227277 0.000968215 0.00050742 0.000293663 0.000199375 0.000164288 0.000145542 5.1375e-05
 2.56881e-27 2.60313e-27 4.5578e-26 9.07487e-20 2.2246e-14 6.59187e-10 2.3611e-06 0.00102227 0.0535017 0.338466 0.259107 0.0415214 0.134002 0.123284 0.0216783 0.0184293 0.00594021 0.00200459 0.000643231 0.000214285 8.39614e-05 4.20785e-05 2.78101e-05 2.22648e-05 7.87828e-06
 2.57113e-27 2.60947e-27 5.12179e-26 1.02647e-19 2.51626e-14 7.45613e-10 2.67066e-06 0.00115629 0.0605162 0.382842 0.292961 0.0396193 0.0957416 0.0880306 0.0163985 0.0152631 0.00499041 0.00177732 0.000522439 0.000130399 3.08304e-05 9.21388e-06 4.12923e-06 2.70691e-06 9.22272e-07
 2.5683e-27 2.60172e-27 4.42968e-26 8.80458e-20 2.15834e-14 6.39554e-10 2.29078e-06 0.000991818 0.0519082 0.328386 0.251421 0.0422291 0.144788 0.133155 0.0219393 0.0165505 0.00554112 0.00220923 0.000670981 0.000169277 3.14728e-05 5.34987e-06 1.21844e-06 5.34692e-07 1.6509e-07
 2.56827e-27 2.60173e-27 4.43874e-26 8.82373e-20 2.16303e-14 6.40945e-10 2.29576e-06 0.000993975 0.0520211 0.3291 0.251953 0.0414452 0.138448 0.127493 0.0243516 0.0234658 0.00745273 0.00231219 0.000717851 0.000199575 3.813e-05 5.30574e-06 5.97567e-07 1.18412e-07 2.88104e-08
 2.57112e-27 2.60943e-27 5.11735e-26 1.02553e-19 2.51396e-14 7.44933e-10 2.66822e-06 0.00115524 0.060461 0.382493 0.292696 0.0397087 0.0966082 0.0888051 0.0160756 0.0143421 0.00487317 0.00202589 0.00058601 0.000135182 2.75229e-05 4.022e-06 3.55106e-07 2.69554e-08 3.53479e-09
 2.57008e-27 2.60652e-27 4.85159e-26 9.69462e-20 2.37652e-14 7.04205e-10 2.52235e-06 0.00109208 0.0571555 0.361581 0.276752 0.0411802 0.119009 0.109325 0.0169779 0.0112191 0.00369624 0.00140216 0.000453603 0.000128078 2.25819e-05 3.18104e-06 2.91657e-07 1.44777e-08 6.66762e-10
 2.57001e-27 2.60635e-27 4.8394e-26 9.66893e-20 2.37022e-14 7.02339e-10 2.51566e-06 0.00108918 0.057004 0.360623 0.276016 0.0409512 0.117782 0.108268 0.0181447 0.0141321 0.00435857 0.00116393 0.000346538 9.48015e-05 2.01082e-05 2.8114e-06 2.38747e-07 1.14567e-08 2.68288e-10
 2.57046e-27 2.60759e-27 4.94874e-26 9.89959e-20 2.42676e-14 7.19094e-10 2.57567e-06 0.00111517 0.0583639 0.369226 0.28258 0.0406301 0.110727 0.101751 0.0168708 0.0128756 0.00410515 0.00131327 0.000352687 7.11302e-05 1.38969e-05 2.16196e-06 1.93853e-07 8.69359e-09 1.74562e-10
 2.57067e-27 2.60814e-27 4.99706e-26 1.00015e-19 2.45175e-14 7.26498e-10 2.60219e-06 0.00112665 0.0589648 0.373027 0.285482 0.0405443 0.108035 0.099254 0.0161947 0.0119599 0.00379272 0.00118798 0.000338165 7.61469e-05 1.18044e-05 1.52221e-06 1.44501e-07 6.86501e-09 1.29708e-10
 2.57047e-27 2.60759e-27 4.94731e-26 9.89656e-20 2.42602e-14 7.18873e-10 2.57488e-06 0.00111483 0.058346 0.369113 0.282496 0.04076 0.111775 0.102691 0.0165432 0.0118876 0.00374097 0.00112787 0.000317029 7.15139e-05 1.21877e-05 1.41876e-06 1.0787e-07 5.20624e-09 1.02814e-10
 2.57015e-27 2.60672e-27 4.87012e-26 9.73372e-20 2.38611e-14 7.07046e-10 2.53252e-06 0.00109648 0.057386 0.36304 0.277863 0.0410362 0.117132 0.107624 0.0172428 0.0122399 0.00382928 0.00111853 0.00030908 6.73711e-05 1.1387e-05 1.4003e-06 1.00885e-07 4.00023e-09 7.78884e-11
 2.56944e-27 2.60479e-27 4.69822e-26 9.37107e-20 2.29721e-14 6.80703e-10 2.43816e-06 0.00105563 0.055248 0.349514 0.267544 0.0415967 0.128647 0.11824 0.0189307 0.0134175 0.00418737 0.00120588 0.000329145 6.95741e-05 1.14011e-05 1.37557e-06 1.0232e-07 3.85984e-09 6.39881e-11
 2.56987e-27 2.60596e-27 4.80429e-26 9.59485e-20 2.35206e-14 6.96958e-10 2.49639e-06 0.00108084 0.0565673 0.35786 0.273909 0.041118 0.120532 0.110789 0.0182983 0.0138512 0.00432673 0.00124363 0.000337819 7.0325e-05 1.12365e-05 1.30938e-06 9.5185e-08 3.64525e-09 5.72609e-11
 2.57069e-27 2.60819e-27 4.99959e-26 1.00068e-19 2.45306e-14 7.26885e-10 2.60358e-06 0.00112725 0.0589962 0.373226 0.285636 0.0406777 0.108943 0.100059 0.0157582 0.0107599 0.00340109 0.00105365 0.000288691 5.99212e-05 9.46459e-06 1.07642e-06 7.54381e-08 2.82149e-09 4.43829e-11
 2.57053e-27 2.60773e-27 4.95746e-26 9.91797e-20 2.43127e-14 7.20429e-10 2.58046e-06 0.00111724 0.0584722 0.369911 0.283108 0.040928 0.112623 0.10343 0.0158854 0.0101963 0.00315203 0.000869859 0.000240903 5.32048e-05 8.46104e-06 9.53443e-07 6.52042e-08 2.35214e-09 3.61318e-11
 2.57053e-27 2.60774e-27 4.95805e-26 9.9192e-20 2.43157e-14 7.20518e-10 2.58078e-06 0.00111738 0.0584795 0.369957 0.283144 0.0409454 0.112731 0.103526 0.0158546 0.0100996 0.00308792 0.000795032 0.000209848 4.24051e-05 6.99062e-06 8.14567e-07 5.53722e-08 1.94939e-09 2.89283e-11
 2.57096e-27 2.6089e-27 5.06224e-26 1.0139e-19 2.48546e-14 7.36485e-10 2.63796e-06 0.00114214 0.0597754 0.378155 0.289397 0.0405526 0.105348 0.0967327 0.0150021 0.00986546 0.00301462 0.000769193 0.000198621 3.7385e-05 5.67948e-06 6.48773e-07 4.58519e-08 1.61492e-09 2.34086e-11
 2.57094e-27 2.60883e-27 5.05476e-26 1.01232e-19 2.48159e-14 7.35339e-10 2.63386e-06 0.00114036 0.0596824 0.377567 0.28895 0.0406624 0.106497 0.0977722 0.0148007 0.00914497 0.0028059 0.000741075 0.000191834 3.56054e-05 5.1363e-06 5.38176e-07 3.63841e-08 1.31586e-09 1.91696e-11
 2.57135e-27 2.60995e-27 5.15341e-26 1.03313e-19 2.5326e-14 7.50456e-10 2.68801e-06 0.0011638 0.0609093 0.385329 0.294873 0.0403946 0.100299 0.0920469 0.0136913 0.00805397 0.00244294 0.000603378 0.000156242 2.98361e-05 4.2861e-06 4.31096e-07 2.67527e-08 9.17975e-10 1.35442e-11
 2.57164e-27 2.61073e-27 5.22194e-26 1.04759e-19 2.56804e-14 7.60956e-10 2.72562e-06 0.00118009 0.0617616 0.39072 0.298987 0.0402408 0.0962371 0.0882874 0.0128199 0.00701172 0.00210732 0.000493685 0.000124343 2.24902e-05 3.26832e-06 3.32281e-07 1.98939e-08 6.2994e-10 8.8005e-12
 2.57145e-27 2.61022e-27 5.17616e-26 1.03793e-19 2.54437e-14 7.53942e-10 2.70049e-06 0.00116921 0.0611922 0.387119 0.296239 0.0404143 0.0994885 0.0912802 0.0132137 0.00715497 0.0021283 0.000462046 0.000113257 1.94557e-05 2.69453e-06 2.68211e-07 1.6239e-08 4.98337e-10 6.46779e-12
 2.5718e-27 2.61118e-27 5.26175e-26 1.05599e-19 2.58863e-14 7.67057e-10 2.74747e-06 0.00118955 0.0622567 0.393853 0.301376 0.0400837 0.0933628 0.0856451 0.0125361 0.00702819 0.00208971 0.000448719 0.000107669 1.72391e-05 2.27699e-06 2.14233e-07 1.25293e-08 3.84967e-10 4.85678e-12
 2.57226e-27 2.61241e-27 5.3697e-26 1.07876e-19 2.64445e-14 7.83599e-10 2.80672e-06 0.0012152 0.0635993 0.402346 0.307859 0.0398775 0.0872393 0.0799658 0.0110116 0.00498158 0.00147934 0.000329169 7.92722e-05 1.25025e-05 1.57337e-06 1.3838e-07 7.61446e-09 2.24604e-10 2.80906e-12
 2.57208e-27 2.61192e-27 5.32512e-26 1.06936e-19 2.6214e-14 7.76767e-10 2.78225e-06 0.00120461 0.0630448 0.398839 0.305183 0.0400762 0.0906316 0.0830824 0.0113143 0.00488483 0.0014127 0.000253892 5.91662e-05 9.61124e-06 1.20617e-06 1.02205e-07 5.23678e-09 1.44486e-10 1.72908e-12
 2.57198e-27 2.61163e-27 5.29946e-26 1.06394e-19 2.60813e-14 7.72835e-10 2.76816e-06 0.00119851 0.0627257 0.396819 0.303643 0.0401769 0.09248 0.0847828 0.0115207 0.00492703 0.00141812 0.000243345 5.34531e-05 7.21135e-06 8.86044e-07 7.6084e-08 3.783e-09 9.7475e-11 1.08778e-12
 2.57085e-27 2.60858e-27 5.02918e-26 1.00693e-19 2.46836e-14 7.31418e-10 2.61982e-06 0.00113428 0.0593642 0.375554 0.287418 0.0409901 0.110068 0.101014 0.014413 0.0074356 0.00215006 0.000365558 7.94008e-05 1.01439e-05 1.09873e-06 8.37517e-08 4.16829e-09 1.04965e-10 1.09913e-12
#obs catch len freq
 1.74997e-41 2.42885e-33 4.0749e-26 8.2638e-20 2.02577e-14 6.00274e-10 2.15008e-06 0.000930912 0.0487202 0.308218 0.236088 0.0441112 0.153916 0.130421 0.036986 0.0285256 0.00870763 0.00275784 0.000545215 6.50678e-05 3.4157e-06 5.70569e-08 2.25703e-10 1.70199e-13 2.11524e-17
 1.77717e-41 2.46659e-33 4.13822e-26 8.39223e-20 2.05726e-14 6.09603e-10 2.1835e-06 0.00094538 0.0494774 0.313009 0.239804 0.0459656 0.154986 0.124246 0.0355753 0.0257055 0.00758165 0.00225117 0.000407575 4.2161e-05 1.81743e-06 2.37041e-08 7.01892e-11 3.84619e-14 3.41442e-18
 2.18365e-41 3.03077e-33 5.08474e-26 1.03118e-19 2.52781e-14 7.49035e-10 2.68292e-06 0.00116161 0.0607942 0.384601 0.294427 0.0433247 0.0987423 0.0746235 0.0219153 0.0148482 0.00419455 0.00115583 0.000191112 1.71254e-05 6.02014e-07 6.07709e-09 1.34374e-11 5.3653e-15 3.41388e-19
 1.73283e-41 2.40506e-33 4.03498e-26 8.18286e-20 2.00593e-14 5.94394e-10 2.12902e-06 0.000921794 0.048243 0.3052 0.23407 0.0538155 0.184421 0.129456 0.0259093 0.0132679 0.00362041 0.000923664 0.000137643 1.06152e-05 3.0363e-07 2.36317e-09 3.88471e-12 1.12869e-15 5.1576e-20
 2.10848e-41 2.92643e-33 4.90969e-26 9.95674e-20 2.44078e-14 7.23247e-10 2.59055e-06 0.00112162 0.0587012 0.371361 0.284462 0.0474235 0.113282 0.076558 0.0274381 0.01606 0.00295091 0.000560502 7.4449e-05 4.88268e-06 1.12816e-07 6.76266e-10 8.26028e-13 1.74402e-16 5.71861e-21
 2.38916e-41 3.31599e-33 5.56327e-26 1.12822e-19 2.7657e-14 8.19526e-10 2.93541e-06 0.00127093 0.0665155 0.420796 0.322165 0.0453512 0.0778481 0.0479766 0.0109013 0.00536866 0.00150104 0.000276619 2.41484e-05 1.24266e-06 2.29154e-08 1.05267e-10 9.55528e-14 1.46821e-17 3.4573e-22
 1.36076e-41 1.88864e-33 3.16859e-26 6.42584e-20 1.57522e-14 4.66766e-10 1.67188e-06 0.000723866 0.0378843 0.239671 0.184812 0.0755459 0.270395 0.153996 0.0257105 0.0092252 0.00169275 0.000311164 3.00578e-05 1.08005e-06 1.40286e-08 4.82499e-11 3.2419e-14 3.62612e-18 6.14388e-23
 2.24904e-41 3.12152e-33 5.23699e-26 1.06205e-19 2.60349e-14 7.71463e-10 2.76325e-06 0.00119639 0.0626145 0.396118 0.303484 0.0481395 0.0864962 0.0520946 0.0327516 0.0149683 0.00190155 0.000215482 1.65234e-05 5.70114e-07 5.46626e-09 1.26504e-11 6.00858e-15 4.84313e-19 5.89714e-24
 2.02462e-41 2.81004e-33 4.71442e-26 9.56075e-20 2.3437e-14 6.94483e-10 2.48752e-06 0.00107701 0.0563665 0.356594 0.273858 0.0633711 0.150801 0.0746584 0.0144737 0.00636207 0.00215775 0.000265729 1.20467e-05 2.87305e-07 2.2885e-09 3.98861e-12 1.28312e-15 7.01068e-20 5.95203e-25
 2.06367e-41 2.86423e-33 4.80534e-26 9.74514e-20 2.38891e-14 7.07877e-10 2.5355e-06 0.00109778 0.0574536 0.363472 0.279212 0.0637061 0.138567 0.0667841 0.0212878 0.00716359 0.00105732 0.00018384 1.19792e-05 1.97088e-07 9.87667e-10 1.2706e-12 3.06499e-16 1.17993e-20 6.78864e-26
 2.02377e-41 2.80886e-33 4.71245e-26 9.55675e-20 2.34273e-14 6.94192e-10 2.48648e-06 0.00107656 0.056343 0.356448 0.274174 0.0693839 0.14808 0.0662814 0.0201464 0.0067566 0.00118198 0.000119251 6.9414e-06 1.40547e-07 5.73522e-10 4.67685e-13 7.53492e-17 2.08011e-21 8.64e-27
 2.13988e-41 2.97001e-33 4.9828e-26 1.0105e-19 2.47713e-14 7.34018e-10 2.62913e-06 0.00113832 0.0595754 0.376898 0.289838 0.0678599 0.12686 0.0537995 0.0176756 0.00537332 0.000886291 8.92007e-05 3.74585e-06 5.80605e-08 2.35855e-10 1.69629e-13 1.92825e-17 3.45729e-22 9.58208e-28
 2.08491e-41 2.89372e-33 4.85481e-26 9.84546e-20 2.4135e-14 7.15164e-10 2.5616e-06 0.00110908 0.0580451 0.36722 0.282948 0.0755636 0.139738 0.054393 0.0157982 0.00440536 0.000710061 6.40199e-05 2.39691e-06 2.78811e-08 8.16466e-11 4.90527e-14 4.83423e-18 6.87863e-23 1.35698e-28
 2.04912e-41 2.84405e-33 4.77148e-26 9.67647e-20 2.37207e-14 7.02889e-10 2.51763e-06 0.00109005 0.0570488 0.360921 0.27864 0.081664 0.144704 0.053994 0.0171161 0.00419417 0.000576786 4.65645e-05 1.50933e-06 1.44393e-08 3.17185e-11 1.34476e-14 9.78942e-19 1.09969e-23 1.74543e-29
 1.92648e-41 2.67382e-33 4.48589e-26 9.09731e-20 2.2301e-14 6.60818e-10 2.36694e-06 0.0010248 0.0536342 0.339328 0.263095 0.0939965 0.164778 0.0590964 0.0197771 0.0046194 0.000606867 4.03372e-05 1.07428e-06 8.37663e-09 1.44198e-11 4.56394e-15 2.36564e-19 1.86634e-24 2.12905e-30
 1.75279e-41 2.43276e-33 4.08145e-26 8.27711e-20 2.02904e-14 6.0124e-10 2.15354e-06 0.000932411 0.0487987 0.308748 0.241085 0.109874 0.189362 0.0684238 0.0261282 0.00585084 0.00074854 4.47606e-05 9.63594e-07 5.79545e-09 7.68459e-12 1.84644e-15 7.10284e-20 4.05641e-25 3.27719e-31
 1.96982e-41 2.73399e-33 4.58683e-26 9.302e-20 2.28027e-14 6.75687e-10 2.4202e-06 0.00104786 0.054841 0.346974 0.269885 0.0976659 0.144115 0.0549682 0.024186 0.00555055 0.000723368 3.97867e-05 7.32266e-07 3.45075e-09 3.40873e-12 6.05033e-16 1.71904e-20 7.21161e-26 4.24015e-32
 1.92355e-41 2.66976e-33 4.47907e-26 9.08347e-20 2.22671e-14 6.59814e-10 2.36335e-06 0.00102325 0.0535527 0.338839 0.265129 0.111733 0.156584 0.0505282 0.0177177 0.00427309 0.000585439 3.1131e-05 5.04327e-07 1.93794e-09 1.46847e-12 1.91735e-16 3.93748e-21 1.1912e-26 5.05928e-33
 1.89973e-41 2.6367e-33 4.42362e-26 8.97101e-20 2.19914e-14 6.51644e-10 2.33408e-06 0.00101058 0.0528897 0.334661 0.263116 0.11894 0.155343 0.0517329 0.0183612 0.00349443 0.000426088 2.23303e-05 3.29889e-07 1.06685e-09 6.3991e-13 6.34012e-17 9.58555e-22 2.09306e-27 6.35183e-34
 1.93178e-41 2.68118e-33 4.49823e-26 9.12232e-20 2.23623e-14 6.62636e-10 2.37345e-06 0.00102762 0.0537818 0.340322 0.268448 0.122442 0.146253 0.0478196 0.0165212 0.00305848 0.000310594 1.32689e-05 1.73409e-07 4.82487e-10 2.35506e-13 1.81824e-17 2.07734e-22 3.35421e-28 7.40828e-35
 2.00296e-41 2.77998e-33 4.66399e-26 9.45848e-20 2.31864e-14 6.87054e-10 2.46092e-06 0.00106549 0.0557637 0.352877 0.2788 0.12217 0.131697 0.0416057 0.0134468 0.00234671 0.000217468 7.57856e-06 7.67044e-08 1.72102e-10 6.82998e-14 4.18613e-18 3.69371e-23 4.50517e-29 7.39171e-36
 2.001e-41 2.77726e-33 4.65942e-26 9.44921e-20 2.31636e-14 6.86381e-10 2.45851e-06 0.00106445 0.0557092 0.352565 0.280302 0.12999 0.129303 0.0381143 0.0110489 0.00175262 0.000144263 4.28154e-06 3.39711e-08 5.69678e-11 1.70645e-14 8.04278e-19 5.47195e-24 5.09985e-30 6.31407e-37
 2.04566e-41 2.83925e-33 4.76343e-26 9.66013e-20 2.36807e-14 7.01702e-10 2.51338e-06 0.00108821 0.0569527 0.360462 0.287503 0.130826 0.118428 0.0342682 0.00912626 0.00125337 8.75086e-05 2.15965e-06 1.37048e-08 1.74988e-11 3.84783e-15 1.31907e-19 6.58222e-25 4.5487e-31 4.20067e-38
 1.9758e-41 2.74228e-33 4.60074e-26 9.33021e-20 2.28719e-14 6.77737e-10 2.42754e-06 0.00105104 0.0550078 0.348226 0.281423 0.14614 0.124448 0.0342767 0.00833457 0.00103061 5.96714e-05 1.17123e-06 5.80963e-09 5.67953e-12 9.33071e-16 2.3366e-20 8.39398e-26 4.15572e-32 2.75599e-39
 2.02136e-41 2.80551e-33 4.70683e-26 9.54535e-20 2.33993e-14 6.93364e-10 2.48352e-06 0.00107528 0.0562763 0.356296 0.288816 0.143945 0.112551 0.0326136 0.00755718 0.000826482 4.02725e-05 6.24245e-07 2.34461e-09 1.71389e-12 2.09074e-16 3.85329e-21 1.00848e-26 3.60226e-33 1.71029e-40
 2.00472e-41 2.78241e-33 4.66807e-26 9.46676e-20 2.32066e-14 6.87655e-10 2.46307e-06 0.00106642 0.0558132 0.353457 0.289807 0.152979 0.110327 0.0295359 0.00633062 0.000654624 2.70615e-05 3.32702e-07 9.46568e-10 5.08863e-13 4.51478e-17 6.03796e-22 1.14546e-27 2.95942e-34 1.01303e-41
 1.94756e-41 2.70309e-33 4.53499e-26 9.19686e-20 2.2545e-14 6.68051e-10 2.39285e-06 0.00103602 0.0542225 0.343524 0.286565 0.165773 0.112633 0.0299213 0.00577868 0.000523797 1.88302e-05 1.88155e-07 4.08518e-10 1.62193e-13 1.04291e-17 1.00076e-22 1.35737e-28 2.50677e-35 6.13832e-43
 1.86069e-41 2.58251e-33 4.3327e-26 8.78662e-20 2.15394e-14 6.38251e-10 2.28611e-06 0.000989807 0.0518045 0.328412 0.280585 0.181153 0.117906 0.03267 0.00598154 0.000481424 1.4344e-05 1.15975e-07 1.96518e-10 5.84728e-14 2.74552e-18 1.89729e-23 1.83865e-29 2.41506e-36 4.19675e-44
 1.886e-41 2.61764e-33 4.39164e-26 8.90616e-20 2.18324e-14 6.46934e-10 2.31721e-06 0.00100327 0.0525092 0.332838 0.282597 0.174541 0.115683 0.03401 0.00630648 0.000495853 1.33197e-05 9.23037e-08 1.3189e-10 3.27996e-14 1.26901e-18 7.12102e-24 5.54523e-30 5.81617e-37 8.04198e-45
#spawning biomass
 6310.1 7235.93 9599 11277.9 17692.1 28916.6 29574.4 33934.7 45740.6 55586.6 68007 92615.7 122734 139809 131818 115532 103760 104844 97995.2 102190 108515 107616 112280 124191 138177 129597 127270 116486 145763 290683 257306 140722 72879.6 40414 26551.7 21052.5 18977.9 18222.8 17954.9 17861.7 17829.8 17819 17815.3 17814.1 17813.7 17813.5 17813.5 17813.5 17813.5 17813.5 17813.5 17813.5 17813.5 17813.5 17813.5 17813.5 17813.5 17813.5 17813.5 17813.5 17813.5 17813.5 17813.5 17813.5 17813.5 17813.5 17813.5 17813.5 17813.5 17813.5 17813.5 17813.5 17813.5 17813.5 17813.5 17813.5 17813.5 17813.5 17813.5 17813.5 17813.5 17813.5 17813.5 17813.5 17813.5 17813.5 17813.5 17813.5 17813.5 17813.5 17813.5 17813.5 17813.5 17813.5 17813.5 17813.5 17813.5 17813.5 17813.5 17813.5 17813.5 17813.5 17813.5 17813.5 17813.5 17813.5 17813.5 17813.5 17813.5 17813.5 17813.5 17813.5 17813.5 17813.5 17813.5 17813.5 17813.5 17813.5 17813.5 17813.5 17813.5 17813.5 17813.5 17813.5 17813.5 17813.5 17813.5 17813.5 17813.5 0 0 0 0 0 0 0 0 0 0 0 0 0 0 0 0 0 0 0 0 0 0 0 0 0
