SBPRF35
0.178141
Curr Bio
196361
B35
431512
F35
1.05324
FOFL
0.403203
OFL
12815.2
Bzero
50895.7
#pred survey bio
 46555.1 38101.9 22958.3 15779.2 33398.5 47369 75963.6 126080 186764 198586 214891 249517 270168 291218 300067 252057 245065 281191 274383 284553 262529 261637 297692 358839 337231 295160 271795 250730 8.15334e+06 6.57921e+06 3.15572e+06 1.60655e+06 988377 734301 617516 556733 522167 501552 488997 481293 476560 473654 471870 470758 470092 469692 469451 469306 469219 469166 469134 469115 469103 469096 469092 469090 469088 469087 469087 469086 469086 469086 469086 469086 469086 469086 469086 469086 469086 469086 469086 469086 469086 469086 469086 469086 469086 469086 469086 469086 469086 469086 469086 469086 469086 469086 469086 469086 469086 469086 469086 469086 469086 469086 469086 469086 469086 469086 469086 469086 469086 469086 469086 469086 469086 469086 469086 469086 469086 469086 469086 469086 469086 469086 469086 469086 469086 469086 469086 469086 469086 469086 469086 469086 469086 469086 469086 469086 0 0 0 0 0 0 0 0 0 0 0 0 0 0 0 0 0 0 0 0 0 0 0 0 0
#obs survey bio
 40700.3 15532 14908.8 15086.4 31347.6 58757.1 89064.6 104081 219994 144334 155630 296066 215262 182895 247548 194695 218396 200238 262460 203826 175915 172426 190341 377546 244973 218860 183024 162505
#pred catch bio
 18867.4 17913.2 13576.6 7619.63 19545.1 28971.1 44464 74469 125095 137841 150107 176148 191008 208178 227677 195856 172903 214705 203760 218656 206245 198355 219679 284774 273980 233327 221341 212997 12815.2 162388 62487.9 23905.7 11832.3 8477.07 7613.03 7401.79 7352.01 7340.59 7338.02 7337.45 7337.32 7337.3 7337.29 7337.29 7337.29 7337.29 7337.29 7337.29 7337.29 7337.29 7337.29 7337.29 7337.29 7337.29 7337.29 7337.29 7337.29 7337.29 7337.29 7337.29 7337.29 7337.29 7337.29 7337.29 7337.29 7337.29 7337.29 7337.29 7337.29 7337.29 7337.29 7337.29 7337.29 7337.29 7337.29 7337.29 7337.29 7337.29 7337.29 7337.29 7337.29 7337.29 7337.29 7337.29 7337.29 7337.29 7337.29 7337.29 7337.29 7337.29 7337.29 7337.29 7337.29 7337.29 7337.29 7337.29 7337.29 7337.29 7337.29 7337.29 7337.29 7337.29 7337.29 7337.29 7337.29 7337.29 7337.29 7337.29 7337.29 7337.29 7337.29 7337.29 7337.29 7337.29 7337.29 7337.29 7337.29 7337.29 7337.29 7337.29 7337.29 7337.29 7337.29 7337.29 7337.29 7337.29 7337.29 7337.29 0 0 0 0 0 0 0 0 0 0 0 0 0 0 0 0 0 0 0 0 0 0 0 0 0
#obs catch bio
 19090.7 20205.6 17315.1 8305.02 14595 22790.8 33092.8 58771.7 105873 121046 154502 148710 169959 191700 206930 175557 157354 193142 171589 188758 182176 182171 195972 233370 241325 202084 189052 193592
#pred cpue bio
 33200.9 30164.2 20571.8 7967.75 11848 20333.1 27313.7 46527.3 75957.2 88409.3 87148.5 92184.9 102976 111340 116270 98744.7 76481.2 100218 90309.9 96510.9 88716.9 75346.3 85415.6 106519 97516 81988.6 81119.6 65644.9 1.67395e+06 6.47053e+06 3.03436e+06 1.48471e+06 866528 612451 495666 434884 400317 379702 367147 359443 354710 351804 350020 348909 348242 347842 347601 347456 347369 347316 347284 347265 347254 347247 347242 347240 347238 347237 347237 347236 347236 347236 347236 347236 347236 347236 347236 347236 347236 347236 347236 347236 347236 347236 347236 347236 347236 347236 347236 347236 347236 347236 347236 347236 347236 347236 347236 347236 347236 347236 347236 347236 347236 347236 347236 347236 347236 347236 347236 347236 347236 347236 347236 347236 347236 347236 347236 347236 347236 347236 347236 347236 347236 347236 347236 347236 347236 347236 347236 347236 347236 347236 347236 347236 347236 347236 347236 347236 0 0 0 0 0 0 0 0 0 0 0 0 0 0 0 0 0 0 0 0 0 0 0 0 0
#obs cpue bio
 22294.9 29131.1 11939.7 13859.7 26183.7 52980.3 68419.2 115798 156016 161426 124635 171260 183923 233107 230004 200205 118271 219675 197951 228422 216658 154760 201756 260834 210478 191918 222468 148334
#pred surv len freq
 1.38622e-11 1.50461e-09 9.62945e-08 3.63386e-06 8.0858e-05 0.0010609 0.00820845 0.0374699 0.101148 0.163384 0.166992 0.132367 0.111646 0.0947157 0.0662996 0.0413621 0.0258694 0.0160932 0.010179 0.00681918 0.00495947 0.00397909 0.00334827 0.00254134 0.00147186
 1.03155e-11 1.11965e-09 7.16575e-08 2.70414e-06 6.01708e-05 0.000789497 0.00610949 0.0279108 0.0756483 0.12465 0.138922 0.139819 0.151998 0.139067 0.091262 0.0479601 0.02483 0.013364 0.00727305 0.00402838 0.00235845 0.00154568 0.00113135 0.000807621 0.000463255
 6.12265e-12 6.64555e-10 4.25314e-08 1.60501e-06 3.57141e-05 0.000468629 0.0036275 0.0165961 0.0453129 0.0773306 0.0984804 0.128571 0.168649 0.169066 0.124654 0.0786163 0.0457311 0.0231288 0.0104844 0.00471136 0.00219631 0.00110344 0.000632833 0.000390397 0.000211154
 1.8356e-11 1.99237e-09 1.27512e-07 4.81189e-06 0.00010707 0.0014048 0.0108683 0.0495901 0.13357 0.21336 0.206832 0.134879 0.0799018 0.0558291 0.0409477 0.0296723 0.0203097 0.0120968 0.00618356 0.00271279 0.00105361 0.000398731 0.000164423 7.72262e-05 3.60651e-05
 1.97455e-11 2.14318e-09 1.37163e-07 5.17611e-06 0.000115175 0.00151113 0.0116911 0.053346 0.14371 0.229751 0.223614 0.147983 0.0891002 0.0572225 0.0296709 0.00991787 0.00202548 0.000273415 4.10846e-05 1.34653e-05 5.43531e-06 1.90846e-06 6.01616e-07 1.94503e-07 6.78052e-08
 1.84441e-11 2.00193e-09 1.28123e-07 4.83497e-06 0.000107584 0.00141154 0.0109209 0.0498374 0.134339 0.215422 0.212756 0.149155 0.101364 0.0711932 0.0379274 0.0126984 0.00254029 0.000300428 2.09607e-05 8.62386e-07 2.0922e-08 2.99284e-10 2.52435e-12 1.2555e-14 3.68177e-17
 1.96603e-11 2.13394e-09 1.36572e-07 5.15379e-06 0.000114678 0.00150462 0.0116407 0.0531164 0.143097 0.228817 0.222918 0.1481 0.0899671 0.0581861 0.0302097 0.0100575 0.00200972 0.000237627 1.65784e-05 6.82079e-07 1.65477e-08 2.3671e-10 1.99656e-12 9.93001e-15 2.91198e-17
 1.95023e-11 2.11678e-09 1.35474e-07 5.11236e-06 0.000113756 0.00149252 0.0115471 0.0526903 0.141959 0.227076 0.221598 0.148238 0.0914483 0.0598765 0.0312127 0.0104007 0.00207867 0.000245788 1.71479e-05 7.05512e-07 1.71161e-08 2.44842e-10 2.06515e-12 1.02712e-14 3.01203e-17
 1.88513e-11 2.04613e-09 1.30952e-07 4.94171e-06 0.000109959 0.0014427 0.0111619 0.0509352 0.137271 0.219906 0.216159 0.148802 0.0975484 0.0668384 0.0353435 0.0118142 0.00236265 0.000279402 1.94935e-05 8.02019e-07 1.94575e-08 2.78334e-10 2.34764e-12 1.16762e-14 3.42404e-17
 1.81478e-11 1.96977e-09 1.26065e-07 4.75729e-06 0.000105856 0.00138887 0.0107455 0.0490384 0.132205 0.212158 0.21028 0.149412 0.104141 0.0743625 0.0398078 0.0133418 0.00266957 0.000315729 2.20285e-05 9.0632e-07 2.19879e-08 3.14531e-10 2.65295e-12 1.31946e-14 3.86934e-17
 1.88718e-11 2.04835e-09 1.31094e-07 4.94708e-06 0.000110079 0.00144427 0.011174 0.0509904 0.137419 0.220132 0.21633 0.148784 0.0973565 0.0666194 0.0352136 0.0117697 0.00235372 0.000278344 1.94197e-05 7.98984e-07 1.93838e-08 2.77281e-10 2.33876e-12 1.1632e-14 3.41109e-17
 1.94951e-11 2.11601e-09 1.35424e-07 5.11048e-06 0.000113714 0.00149197 0.0115429 0.052671 0.141908 0.226997 0.221538 0.148244 0.0915153 0.059953 0.0312581 0.0104163 0.00208179 0.000246158 1.71737e-05 7.06573e-07 1.71419e-08 2.4521e-10 2.06825e-12 1.02866e-14 3.01656e-17
 1.92966e-11 2.09446e-09 1.34045e-07 5.05844e-06 0.000112557 0.00147678 0.0114254 0.0521358 0.140478 0.224811 0.219879 0.148416 0.0933756 0.0620761 0.0325178 0.0108473 0.00216839 0.000256408 1.7889e-05 7.36003e-07 1.78559e-08 2.55423e-10 2.1544e-12 1.07151e-14 3.1422e-17
 1.92766e-11 2.09228e-09 1.33906e-07 5.05319e-06 0.00011244 0.00147525 0.0114136 0.0520817 0.140334 0.22459 0.219712 0.148433 0.0935634 0.0622904 0.032645 0.0108908 0.00217714 0.000257443 1.79612e-05 7.38974e-07 1.7928e-08 2.56454e-10 2.1631e-12 1.07583e-14 3.15488e-17
 1.91879e-11 2.08266e-09 1.3329e-07 5.02995e-06 0.000111923 0.00146846 0.0113611 0.0518427 0.139695 0.223614 0.218971 0.14851 0.094394 0.0632384 0.0332075 0.0110833 0.00221581 0.00026202 1.82806e-05 7.52115e-07 1.82468e-08 2.61015e-10 2.20156e-12 1.09496e-14 3.21099e-17
 1.91138e-11 2.07462e-09 1.32776e-07 5.01054e-06 0.000111491 0.0014628 0.0113172 0.051643 0.139162 0.222798 0.218352 0.148574 0.0950882 0.0640307 0.0336776 0.0112441 0.00224812 0.000265845 1.85475e-05 7.63098e-07 1.85132e-08 2.64827e-10 2.23371e-12 1.11095e-14 3.25788e-17
 2.0422e-11 2.21662e-09 1.41863e-07 5.35347e-06 0.000119121 0.0015629 0.0120915 0.0551701 0.148583 0.237206 0.229283 0.14744 0.0828291 0.0500397 0.0253762 0.00840357 0.00167742 0.000198295 1.38338e-05 5.69153e-07 1.3808e-08 1.97519e-10 1.666e-12 8.28597e-15 2.42987e-17
 1.97126e-11 2.13961e-09 1.36935e-07 5.1675e-06 0.000114983 0.00150862 0.0116716 0.0532574 0.143474 0.229393 0.223355 0.148055 0.0894772 0.057627 0.029878 0.00994401 0.00198691 0.000234927 1.639e-05 6.74329e-07 1.63596e-08 2.3402e-10 1.97387e-12 9.81718e-15 2.8789e-17
 2.01543e-11 2.18755e-09 1.40003e-07 5.28328e-06 0.000117559 0.00154241 0.011933 0.0544481 0.146655 0.234257 0.227045 0.147672 0.0853384 0.0529035 0.0270754 0.008985 0.00179424 0.000212121 1.47986e-05 6.08851e-07 1.47711e-08 2.11296e-10 1.7822e-12 8.86392e-15 2.59935e-17
 1.99938e-11 2.17013e-09 1.38888e-07 5.24121e-06 0.000116623 0.00153013 0.011838 0.0540154 0.145499 0.23249 0.225705 0.147811 0.0868423 0.0546198 0.0280938 0.00933346 0.00186425 0.000220408 1.53769e-05 6.32643e-07 1.53483e-08 2.19553e-10 1.85185e-12 9.2103e-15 2.70093e-17
 2.00137e-11 2.17229e-09 1.39026e-07 5.24642e-06 0.000116739 0.00153165 0.0118498 0.0540691 0.145642 0.232709 0.225871 0.147794 0.0866559 0.0544071 0.0279676 0.00929028 0.00185557 0.000219381 1.53052e-05 6.29695e-07 1.52768e-08 2.1853e-10 1.84322e-12 9.16737e-15 2.68834e-17
 2.079e-11 2.25656e-09 1.44419e-07 5.44993e-06 0.000121267 0.00159106 0.0123093 0.0561622 0.151233 0.241259 0.232357 0.147121 0.0793809 0.0461043 0.0230412 0.00760457 0.0015169 0.000179294 1.25079e-05 5.146e-07 1.24845e-08 1.78587e-10 1.50631e-12 7.49175e-15 2.19696e-17
 2.08058e-11 2.25827e-09 1.44529e-07 5.45408e-06 0.00012136 0.00159227 0.0123187 0.0562048 0.151347 0.241433 0.23249 0.147107 0.0792327 0.0459352 0.0229409 0.00757022 0.00151 0.000178477 1.24509e-05 5.12255e-07 1.24276e-08 1.77773e-10 1.49945e-12 7.45762e-15 2.18695e-17
 2.06561e-11 2.24202e-09 1.43489e-07 5.41484e-06 0.000120487 0.00158082 0.0122301 0.0558012 0.150269 0.239785 0.231239 0.147237 0.0806354 0.0475361 0.0238908 0.00789527 0.0015753 0.000186207 1.29903e-05 5.34448e-07 1.2966e-08 1.85475e-10 1.56441e-12 7.78071e-15 2.2817e-17
 2.07722e-11 2.25462e-09 1.44295e-07 5.44526e-06 0.000121163 0.0015897 0.0122987 0.0561141 0.151104 0.241063 0.232208 0.147136 0.079548 0.0462951 0.0231544 0.00764329 0.00152468 0.000180215 1.25721e-05 5.17244e-07 1.25486e-08 1.79504e-10 1.51405e-12 7.53025e-15 2.20825e-17
 2.09422e-11 2.27307e-09 1.45476e-07 5.48982e-06 0.000122155 0.00160271 0.0123994 0.0565724 0.152329 0.242935 0.233629 0.146989 0.0779549 0.044477 0.0220756 0.00727416 0.00145051 0.000171437 1.19596e-05 4.92041e-07 1.19372e-08 1.70758e-10 1.44028e-12 7.16333e-15 2.10065e-17
 2.06315e-11 2.23935e-09 1.43318e-07 5.40839e-06 0.000120343 0.00157894 0.0122155 0.0557349 0.150092 0.239514 0.231033 0.147258 0.080866 0.0477992 0.0240468 0.00794868 0.00158603 0.000187477 1.30789e-05 5.38095e-07 1.30545e-08 1.86741e-10 1.57509e-12 7.8338e-15 2.29727e-17
 2.11761e-11 2.29846e-09 1.47101e-07 5.55113e-06 0.000123519 0.00162061 0.0125378 0.057203 0.154013 0.245511 0.235583 0.146786 0.0757633 0.0419757 0.0205915 0.00676632 0.00134848 0.00015936 1.11169e-05 4.57368e-07 1.1096e-08 1.58725e-10 1.33878e-12 6.65853e-15 1.95262e-17
#obs surv len freq
 4.36722e-11 4.04739e-09 2.21173e-07 7.12649e-06 0.000135397 0.00151687 0.0100225 0.0390938 0.0904927 0.127709 0.124233 0.115989 0.124428 0.120859 0.0982829 0.0705638 0.042983 0.0212254 0.00862134 0.00288717 0.000768475 0.000155042 2.26611e-05 2.30111e-06 1.56576e-07
 2.92335e-11 2.61306e-09 1.37722e-07 4.28004e-06 7.84312e-05 0.000847566 0.00540443 0.0203954 0.0462822 0.0681867 0.0846544 0.118835 0.158108 0.162831 0.136453 0.0986696 0.0581482 0.0269286 0.0101101 0.00312775 0.000770859 0.000143667 1.92942e-05 1.79309e-06 1.11591e-07
 1.67437e-11 1.44102e-09 7.31266e-08 2.18813e-06 3.86079e-05 0.000401771 0.00246865 0.00900855 0.0201199 0.0314354 0.0482312 0.0842935 0.131416 0.169484 0.184422 0.156624 0.096608 0.0440218 0.0157111 0.00450432 0.00101426 0.000172117 2.1067e-05 1.78547e-06 1.01279e-07
 2.66901e-10 2.20807e-08 1.07712e-06 3.09815e-05 0.000525445 0.00525459 0.0309842 0.107732 0.220914 0.267393 0.191979 0.0842776 0.0277083 0.0148214 0.0152255 0.0144038 0.0102485 0.00547817 0.00220065 0.000654238 0.000142183 2.23341e-05 2.48504e-06 1.90483e-07 9.77527e-09
 1.83834e-10 1.45973e-08 6.83444e-07 1.88679e-05 0.000307143 0.00294842 0.0166982 0.0559281 0.112184 0.143291 0.145635 0.160572 0.166849 0.119884 0.0536849 0.0156987 0.00401029 0.00143442 0.000599816 0.000199653 4.67765e-05 7.47174e-06 8.0208e-07 5.72188e-08 2.67998e-09
 4.26707e-10 3.24735e-08 1.45719e-06 3.85558e-05 0.000601523 0.00553365 0.0300202 0.096094 0.182017 0.207116 0.152441 0.0948848 0.0723807 0.062457 0.0490554 0.030355 0.0128661 0.00345763 0.000593801 7.53002e-05 9.5142e-06 1.25681e-06 1.31848e-07 9.29961e-09 4.20119e-10
 5.54659e-10 4.04009e-08 1.73517e-06 4.39422e-05 0.000656165 0.00577773 0.0300072 0.092045 0.167929 0.188766 0.151758 0.121828 0.104981 0.0730833 0.037916 0.0164087 0.00628778 0.00196794 0.000458116 7.46496e-05 8.23565e-06 6.26306e-07 3.5913e-08 1.69954e-09 6.37396e-11
 7.57428e-10 5.27373e-08 2.16511e-06 5.24121e-05 0.000748128 0.0062971 0.0312658 0.0917299 0.160456 0.174944 0.142099 0.121113 0.109328 0.0809359 0.0474433 0.0227573 0.00829669 0.00210601 0.000371642 4.90239e-05 5.1222e-06 4.08544e-07 2.2901e-08 8.578e-10 2.14034e-11
 1.06155e-09 7.05677e-08 2.76605e-06 6.39299e-05 0.000871249 0.00700183 0.0331971 0.0930656 0.156074 0.165683 0.137507 0.124172 0.113831 0.0838418 0.049427 0.0238813 0.00871334 0.00222015 0.0003922 4.95171e-05 4.55983e-06 3.05605e-07 1.47599e-08 5.05374e-10 1.19002e-11
 1.24069e-09 7.86568e-08 2.94032e-06 6.48103e-05 0.000842358 0.00645687 0.0292133 0.0783502 0.12731 0.138362 0.134366 0.145523 0.140029 0.101744 0.058501 0.0272107 0.0093845 0.00222774 0.000363914 4.26599e-05 3.69083e-06 2.32543e-07 1.03189e-08 3.13696e-10 6.41986e-12
 2.65806e-09 1.60541e-07 5.71732e-06 0.000120057 0.00148655 0.0108543 0.0467559 0.119079 0.181322 0.174288 0.129934 0.105967 0.0918235 0.0681931 0.0418148 0.0199859 0.00667062 0.0014634 0.000212675 2.15286e-05 1.59762e-06 8.79498e-08 3.49856e-09 9.70559e-11 1.82214e-12
 3.41907e-09 1.9654e-07 6.66165e-06 0.000133138 0.00156902 0.0109051 0.0447396 0.108832 0.160539 0.158803 0.140442 0.136686 0.115509 0.0711512 0.0334034 0.0127087 0.00370037 0.000755042 0.000105327 1.02934e-05 7.21892e-07 3.61639e-08 1.26726e-09 3.05281e-11 4.9928e-13
 5.20881e-09 2.84714e-07 9.17626e-06 0.000174387 0.00195419 0.0129154 0.0503891 0.116609 0.163923 0.155576 0.133919 0.128077 0.108616 0.0708897 0.036854 0.014952 0.0042562 0.000785417 9.24646e-05 7.17963e-06 3.91607e-07 1.58358e-08 4.7634e-10 1.02483e-11 1.50919e-13
 7.62319e-09 3.95883e-07 1.21223e-05 0.000218873 0.00233031 0.0146336 0.0542659 0.119568 0.161339 0.151576 0.135687 0.13217 0.108865 0.0680334 0.0338269 0.013137 0.00360249 0.00065074 7.68812e-05 6.11956e-06 3.3842e-07 1.30623e-08 3.45922e-10 6.19068e-12 7.4639e-14
 1.05133e-08 5.18317e-07 1.50675e-05 0.000258273 0.0026106 0.015566 0.0548467 0.115213 0.150563 0.144633 0.14111 0.142651 0.114796 0.0690685 0.0328999 0.0120971 0.00309668 0.000514594 5.50068e-05 3.90931e-06 1.93812e-07 6.88836e-09 1.73507e-10 2.99987e-12 3.45746e-14
 1.74189e-08 8.14713e-07 2.24686e-05 0.000365377 0.00350372 0.0198192 0.0662431 0.131936 0.163072 0.146891 0.133421 0.127928 0.100956 0.0616709 0.0300309 0.0109604 0.00270429 0.000427125 4.31702e-05 2.88717e-06 1.33289e-07 4.3399e-09 9.86852e-11 1.53181e-12 1.594e-14
 2.5269e-08 1.12057e-06 2.93006e-05 0.000451765 0.00410756 0.0220341 0.0698973 0.132651 0.159001 0.146518 0.141512 0.135214 0.0996868 0.0549307 0.0239207 0.00793627 0.00181289 0.000267825 2.54466e-05 1.60363e-06 6.97559e-08 2.13359e-09 4.53207e-11 6.52191e-13 6.23534e-15
 3.80726e-08 1.59996e-06 3.96453e-05 0.000579262 0.00499117 0.0253751 0.0763222 0.137611 0.158053 0.142917 0.137664 0.13 0.0961977 0.0550076 0.0248718 0.00825582 0.00182931 0.000259459 2.3742e-05 1.45186e-06 6.14327e-08 1.81412e-09 3.6725e-11 4.97882e-13 4.44866e-15
 6.28985e-08 2.5038e-06 5.8769e-05 0.000813384 0.00663878 0.0319711 0.0910863 0.155529 0.168945 0.1438 0.129949 0.116015 0.0821478 0.045371 0.0198007 0.00631554 0.00135005 0.000187671 1.72453e-05 1.08191e-06 4.71119e-08 1.4078e-09 2.81899e-11 3.71357e-13 3.18583e-15
 7.77447e-08 2.93059e-06 6.51373e-05 0.000853717 0.00659925 0.0301165 0.0815399 0.134093 0.148094 0.144565 0.151665 0.137886 0.0921894 0.0468125 0.0187291 0.00552784 0.0011036 0.000144288 1.25665e-05 7.55022e-07 3.18838e-08 9.35404e-10 1.85662e-11 2.43507e-13 2.07502e-15
 1.3359e-07 4.76737e-06 0.000100317 0.00124474 0.0091088 0.0393453 0.100733 0.155931 0.159163 0.138652 0.131631 0.115768 0.0799975 0.0436205 0.0182448 0.00531776 0.00100614 0.000121654 9.63303e-06 5.21078e-07 1.98553e-08 5.32401e-10 9.81185e-12 1.21139e-13 9.82227e-16
 1.89774e-07 6.41065e-06 0.000127691 0.0014998 0.0103903 0.0425074 0.103297 0.153273 0.155585 0.143721 0.141541 0.118867 0.0746038 0.0362885 0.0137618 0.00375421 0.000686104 8.27198e-05 6.71644e-06 3.75439e-07 1.44422e-08 3.7513e-10 6.45539e-12 7.28383e-14 5.36054e-16
 2.67994e-07 8.56881e-06 0.000161551 0.00179607 0.0117787 0.045635 0.105233 0.149487 0.149805 0.142794 0.143013 0.119272 0.075351 0.0372593 0.0140245 0.00367255 0.00063092 7.08541e-05 5.3637e-06 2.8295e-07 1.04807e-08 2.67207e-10 4.55974e-12 5.09124e-14 3.65899e-16
 3.90752e-07 1.18257e-05 0.000211033 0.00222078 0.0137868 0.0505895 0.110729 0.15072 0.149137 0.144918 0.144031 0.115619 0.0698883 0.0329762 0.0117515 0.00289228 0.000464956 4.8691e-05 3.42203e-06 1.66772e-07 5.69004e-09 1.33792e-10 2.11807e-12 2.21484e-14 1.50703e-16
 5.6349e-07 1.61424e-05 0.000272676 0.00271625 0.0159644 0.0554918 0.115366 0.150849 0.148193 0.146844 0.144385 0.11198 0.0653751 0.0297274 0.0100907 0.00233953 0.00035201 3.43553e-05 2.24093e-06 1.00935e-07 3.17181e-09 6.85122e-11 9.94244e-13 9.516e-15 5.92525e-17
 7.48864e-07 2.03085e-05 0.000324757 0.00306271 0.0170464 0.0561826 0.111391 0.142196 0.144906 0.153506 0.1521 0.114597 0.0647619 0.0283965 0.00918578 0.00201018 0.000284283 2.60418e-05 1.59196e-06 6.6968e-08 1.95491e-09 3.90064e-11 5.20439e-13 4.56412e-15 2.59824e-17
 1.10507e-06 2.83734e-05 0.000429575 0.00383572 0.0202153 0.06312 0.118808 0.145134 0.144111 0.149914 0.145199 0.108589 0.0622439 0.0275215 0.00873602 0.00184054 0.000249661 2.20561e-05 1.30843e-06 5.33505e-08 1.494e-09 2.82029e-11 3.51846e-13 2.86136e-15 1.50212e-17
 1.71744e-06 4.17545e-05 0.000598597 0.00506122 0.0252606 0.0747252 0.133484 0.155687 0.149211 0.149166 0.136027 0.0942 0.0494227 0.0199804 0.00583893 0.00113851 0.00014305 1.16871e-05 6.40815e-07 2.42446e-08 6.35072e-10 1.13068e-11 1.33662e-13 1.02992e-15 5.10243e-18
#pred catch len freq
 6.97343e-13 7.569e-11 4.84419e-09 1.82813e-07 4.06879e-06 5.34489e-05 0.000416086 0.00195849 0.00609867 0.0164059 0.047563 0.117603 0.193837 0.203383 0.148955 0.0935484 0.0585095 0.0363871 0.0230123 0.015416 0.0112117 0.00899539 0.00756933 0.00574511 0.00332739
 4.05377e-13 4.4e-11 2.81605e-09 1.06279e-07 2.366e-06 3.11204e-05 0.00024384 0.0011842 0.00417304 0.014622 0.0519404 0.136842 0.226834 0.231596 0.155388 0.0819152 0.0423881 0.0228025 0.0124076 0.00687193 0.00402319 0.00263671 0.00192993 0.00137768 0.000790246
 2.06349e-13 2.23973e-11 1.43347e-09 5.4104e-08 1.20493e-06 1.58798e-05 0.000125646 0.000638318 0.00261229 0.0113995 0.045391 0.123606 0.208536 0.221395 0.164955 0.104108 0.060521 0.030598 0.0138683 0.0062316 0.00290495 0.00145946 0.000837011 0.000516356 0.000279281
 3.92143e-12 4.25634e-10 2.72405e-08 1.02798e-06 2.28745e-05 0.000300169 0.00232419 0.0106492 0.0292924 0.051721 0.0735917 0.112445 0.160897 0.1705 0.13854 0.101883 0.0697818 0.0415535 0.0212388 0.00931732 0.00361865 0.00136945 0.000564712 0.000265234 0.000123866
 1.50417e-11 1.63263e-09 1.04488e-07 3.94306e-06 8.77383e-05 0.00115118 0.00890716 0.0406641 0.109836 0.177941 0.184296 0.152015 0.133108 0.107473 0.0595205 0.0201781 0.00413209 0.000557782 8.36448e-05 2.73697e-05 1.10454e-05 3.87822e-06 1.22255e-06 3.95251e-07 1.37788e-07
 1.25694e-11 1.36429e-09 8.73145e-08 3.29498e-06 7.33179e-05 0.000961989 0.00744396 0.0339988 0.0920335 0.150719 0.163671 0.154248 0.156415 0.134021 0.0752054 0.0254543 0.00510308 0.000603772 4.21284e-05 1.73332e-06 4.20515e-08 6.01536e-10 5.07373e-12 2.52346e-14 7.40006e-17
 1.48423e-11 1.61099e-09 1.03103e-07 3.8908e-06 8.65753e-05 0.00113592 0.00878915 0.0401266 0.108401 0.175752 0.182662 0.152278 0.135116 0.109713 0.0607828 0.0205191 0.00411155 0.00048641 3.39388e-05 1.39636e-06 3.38767e-08 4.84597e-10 4.08739e-12 2.03289e-14 5.96147e-17
 1.45836e-11 1.58291e-09 1.01306e-07 3.82298e-06 8.50664e-05 0.00111612 0.00863605 0.0394292 0.106538 0.172903 0.1805 0.152502 0.13754 0.11248 0.0624243 0.0210808 0.0042244 0.000499767 3.48709e-05 1.43471e-06 3.48071e-08 4.97906e-10 4.19965e-12 2.08873e-14 6.12521e-17
 1.48988e-11 1.61712e-09 1.03496e-07 3.90561e-06 8.69048e-05 0.00114024 0.00882259 0.0402789 0.108808 0.176374 0.183134 0.152229 0.134587 0.109109 0.0604243 0.0203964 0.00408691 0.000483493 3.37352e-05 1.38798e-06 3.36735e-08 4.8169e-10 4.06287e-12 2.0207e-14 5.92572e-17
 1.4034e-11 1.52326e-09 9.74883e-08 3.67891e-06 8.18606e-05 0.00107407 0.00831076 0.0379474 0.10258 0.16685 0.175908 0.152979 0.142691 0.118358 0.0659119 0.0222742 0.00446417 0.000528147 3.68512e-05 1.51619e-06 3.67839e-08 5.26184e-10 4.43816e-12 2.20735e-14 6.47307e-17
 1.54878e-11 1.68105e-09 1.07587e-07 4.06e-06 9.03402e-05 0.00118531 0.00917117 0.0418668 0.113049 0.182861 0.188055 0.151718 0.129068 0.10281 0.0566869 0.0191176 0.00382997 0.000453081 3.1613e-05 1.30067e-06 3.15551e-08 4.51387e-10 3.80728e-12 1.89358e-14 5.55294e-17
 1.67306e-11 1.81595e-09 1.16221e-07 4.38581e-06 9.75897e-05 0.00128042 0.00990676 0.0452177 0.122 0.19655 0.19844 0.150641 0.117421 0.0895181 0.0488002 0.0164189 0.00328777 0.000388904 2.71347e-05 1.11641e-06 2.70849e-08 3.87442e-10 3.26792e-12 1.62533e-14 4.76628e-17
 1.63963e-11 1.77966e-09 1.13898e-07 4.29815e-06 9.56394e-05 0.00125484 0.00970887 0.0443163 0.119592 0.192867 0.195646 0.15093 0.120554 0.0930941 0.050922 0.0171449 0.00343364 0.000406169 2.83395e-05 1.16598e-06 2.82875e-08 4.04645e-10 3.41303e-12 1.69749e-14 4.97791e-17
 1.64811e-11 1.78886e-09 1.14487e-07 4.32038e-06 9.6134e-05 0.00126133 0.00975906 0.0445449 0.120203 0.193801 0.196354 0.150857 0.119759 0.0921872 0.0503838 0.0169608 0.00339665 0.00040179 2.80339e-05 1.15341e-06 2.79825e-08 4.00282e-10 3.37623e-12 1.67919e-14 4.92424e-17
 1.69529e-11 1.84007e-09 1.17764e-07 4.44406e-06 9.88859e-05 0.00129743 0.0100383 0.0458169 0.1236 0.198997 0.200296 0.150448 0.115338 0.0871415 0.0473901 0.0159363 0.00319083 0.000377429 2.63339e-05 1.08346e-06 2.62856e-08 3.76008e-10 3.17149e-12 1.57736e-14 4.62563e-17
 1.70737e-11 1.85319e-09 1.18604e-07 4.47575e-06 9.95909e-05 0.00130668 0.0101098 0.0461428 0.124471 0.200329 0.201306 0.150343 0.114206 0.0858488 0.0466231 0.0156739 0.0031381 0.000371187 2.58984e-05 1.06554e-06 2.58508e-08 3.69789e-10 3.11903e-12 1.55127e-14 4.54912e-17
 1.83213e-11 1.9886e-09 1.2727e-07 4.80277e-06 0.000106868 0.00140215 0.0108482 0.0495062 0.133455 0.214069 0.21173 0.149261 0.102515 0.0725068 0.0387068 0.0129651 0.00259387 0.00030677 2.14033e-05 8.80596e-07 2.13638e-08 3.05604e-10 2.57765e-12 1.28201e-14 3.75952e-17
 1.78234e-11 1.93455e-09 1.23811e-07 4.67225e-06 0.000103963 0.00136404 0.0105535 0.0481638 0.129869 0.208585 0.20757 0.149693 0.107181 0.0778319 0.0418664 0.0140462 0.00281109 0.000332481 2.31974e-05 9.54414e-07 2.31547e-08 3.31222e-10 2.79373e-12 1.38948e-14 4.07467e-17
 1.82812e-11 1.98424e-09 1.26991e-07 4.79226e-06 0.000106634 0.00139908 0.0108244 0.0493981 0.133166 0.213627 0.211395 0.149296 0.102891 0.0729358 0.0389613 0.0130522 0.00261137 0.000308841 2.15478e-05 8.86543e-07 2.15081e-08 3.07667e-10 2.59506e-12 1.29067e-14 3.7849e-17
 1.82999e-11 1.98627e-09 1.27121e-07 4.79716e-06 0.000106743 0.00140051 0.0108355 0.0494485 0.1333 0.213833 0.211551 0.14928 0.102716 0.0727359 0.0388427 0.0130116 0.00260322 0.000307876 2.14805e-05 8.83771e-07 2.14409e-08 3.06706e-10 2.58695e-12 1.28664e-14 3.77307e-17
 1.84968e-11 2.00765e-09 1.28489e-07 4.84879e-06 0.000107892 0.00141558 0.0109521 0.0499795 0.134719 0.216002 0.213197 0.149109 0.10087 0.0706295 0.0375929 0.0125839 0.00251729 0.000297706 2.07708e-05 8.54572e-07 2.07325e-08 2.96572e-10 2.50148e-12 1.24413e-14 3.64841e-17
 1.93953e-11 2.10518e-09 1.34731e-07 5.08433e-06 0.000113133 0.00148434 0.0114839 0.052402 0.141189 0.225898 0.220704 0.14833 0.0924502 0.06102 0.0318912 0.0106329 0.00212532 0.000251309 1.75332e-05 7.21363e-07 1.75007e-08 2.50343e-10 2.11155e-12 1.05019e-14 3.0797e-17
 1.92533e-11 2.08976e-09 1.33745e-07 5.0471e-06 0.000112304 0.00147347 0.0113998 0.0520191 0.140167 0.224334 0.219518 0.148453 0.0937811 0.0625389 0.0327924 0.0109413 0.00218727 0.000258643 1.80449e-05 7.42418e-07 1.80115e-08 2.5765e-10 2.17318e-12 1.08085e-14 3.16959e-17
 1.94762e-11 2.11396e-09 1.35293e-07 5.10553e-06 0.000113604 0.00149053 0.0115317 0.05262 0.141772 0.226789 0.22138 0.14826 0.0916924 0.0601551 0.031378 0.0104573 0.00209004 0.000247134 1.72418e-05 7.09374e-07 1.72098e-08 2.46182e-10 2.07645e-12 1.03274e-14 3.02851e-17
 1.97692e-11 2.14576e-09 1.37328e-07 5.18233e-06 0.000115313 0.00151295 0.0117051 0.0534099 0.143881 0.230016 0.223828 0.148006 0.0889469 0.0570218 0.0295189 0.00982113 0.00196223 0.000232005 1.61861e-05 6.65939e-07 1.61561e-08 2.31108e-10 1.94931e-12 9.69504e-15 2.84308e-17
 1.98529e-11 2.15484e-09 1.37909e-07 5.20427e-06 0.000115801 0.00151935 0.0117547 0.0536356 0.144484 0.230938 0.224527 0.147934 0.0881626 0.0561266 0.0289878 0.00963939 0.00192571 0.000227683 1.58845e-05 6.53531e-07 1.5855e-08 2.26802e-10 1.91299e-12 9.51439e-15 2.7901e-17
 1.95935e-11 2.12668e-09 1.36107e-07 5.13627e-06 0.000114288 0.0014995 0.0116011 0.0529362 0.142616 0.228081 0.22236 0.148158 0.0905936 0.058901 0.030634 0.0102027 0.00203888 0.000241079 1.68193e-05 6.9199e-07 1.67881e-08 2.40149e-10 2.02557e-12 1.00743e-14 2.9543e-17
 2.05139e-11 2.22659e-09 1.42501e-07 5.37756e-06 0.000119657 0.00156994 0.0121459 0.0554178 0.149245 0.238219 0.230051 0.14736 0.081968 0.0490569 0.0247931 0.00820402 0.00163733 0.000193549 1.35026e-05 5.55529e-07 1.34774e-08 1.92791e-10 1.62612e-12 8.08762e-15 2.3717e-17
#obs catch len freq
 4.67818e-11 4.33557e-09 2.36921e-07 7.63392e-06 0.000145038 0.00162487 0.0107356 0.0418672 0.0968107 0.135892 0.129166 0.114219 0.117572 0.113396 0.0931483 0.0681209 0.0424908 0.0215839 0.00902996 0.00311927 0.000860791 0.000180411 2.723e-05 2.82679e-06 1.94929e-07
 6.01964e-11 5.38069e-09 2.83591e-07 8.81322e-06 0.000161498 0.00174505 0.0111211 0.041848 0.0935342 0.12804 0.122993 0.116621 0.125682 0.120499 0.096885 0.0686825 0.0410531 0.0198579 0.00788991 0.00257015 0.000660225 0.000127518 1.7706e-05 1.69659e-06 1.08345e-07
 4.12882e-11 3.5534e-09 1.80322e-07 5.39566e-06 9.52003e-05 0.000990567 0.00608222 0.0221138 0.0484686 0.0697349 0.086789 0.122487 0.160232 0.161814 0.133795 0.0951628 0.0548146 0.0248003 0.00909683 0.00273572 0.000650106 0.000115858 1.4767e-05 1.29416e-06 7.55542e-08
 2.43155e-11 2.01162e-09 9.81293e-08 2.82255e-06 4.78735e-05 0.000478918 0.0028293 0.00993567 0.0214468 0.0329176 0.050782 0.0883278 0.135424 0.172184 0.183857 0.151809 0.0908221 0.0402571 0.0139912 0.00389021 0.00084358 0.000136797 1.5883e-05 1.26879e-06 6.74884e-08
 3.84344e-10 3.05186e-08 1.42888e-06 3.94471e-05 0.000642127 0.0061633 0.0348816 0.116409 0.229116 0.266211 0.183601 0.0777771 0.0254299 0.0143466 0.0148195 0.01366 0.00943738 0.00489169 0.00189852 0.000543044 0.000113072 1.69301e-05 1.78506e-06 1.28919e-07 6.20268e-09
 2.73009e-10 2.07767e-08 9.32317e-07 2.46683e-05 0.000384867 0.00354096 0.0192216 0.0617278 0.118909 0.146908 0.147182 0.160843 0.162178 0.111827 0.048056 0.0136503 0.00352115 0.0012869 0.000526556 0.00016799 3.74619e-05 5.67081e-06 5.74648e-07 3.85481e-08 1.69136e-09
 6.33513e-10 4.61445e-08 1.98185e-06 5.01892e-05 0.000749442 0.00659879 0.0342641 0.104984 0.190415 0.207847 0.14794 0.0910358 0.0694531 0.0593027 0.0456338 0.0272875 0.0110649 0.0028371 0.000467475 5.79487e-05 7.25054e-06 9.25836e-07 9.18343e-08 6.07551e-09 2.56547e-10
 8.35558e-10 5.81771e-08 2.38844e-06 5.78184e-05 0.000825295 0.00694653 0.0344877 0.101144 0.176571 0.190639 0.149138 0.118182 0.0993637 0.0669141 0.0338444 0.0144104 0.005406 0.0016384 0.000366364 5.70246e-05 5.99567e-06 4.35491e-07 2.39266e-08 1.07938e-09 3.81235e-11
 1.15471e-09 7.6761e-08 3.00881e-06 6.95404e-05 0.000947707 0.00761614 0.0361058 0.101163 0.169162 0.177121 0.140168 0.117798 0.103655 0.0745476 0.0426906 0.0199259 0.00699419 0.00170186 0.0002888 3.67976e-05 3.70232e-06 2.81696e-07 1.49488e-08 5.28086e-10 1.24021e-11
 1.64367e-09 1.04204e-07 3.89532e-06 8.586e-05 0.00111592 0.00855289 0.038675 0.10343 0.165644 0.168711 0.136095 0.120269 0.106906 0.0764557 0.0440286 0.0206669 0.00725121 0.00176954 0.000299609 3.62748e-05 3.19691e-06 2.04356e-07 9.37665e-09 3.03569e-10 6.72543e-12
 1.97065e-09 1.19023e-07 4.23875e-06 8.90093e-05 0.00110214 0.00804858 0.0346948 0.0886859 0.137555 0.143542 0.135256 0.141856 0.13147 0.092581 0.0519141 0.0233963 0.00773954 0.00175622 0.00027471 3.08858e-05 2.55701e-06 1.53384e-07 6.44803e-09 1.84976e-10 3.56041e-12
 4.17025e-09 2.3972e-07 8.12521e-06 0.000162388 0.00191368 0.0132989 0.0545245 0.132188 0.191735 0.176056 0.126409 0.0999225 0.0838447 0.0605931 0.0361506 0.0166276 0.00529208 0.00110475 0.000153158 1.48399e-05 1.05436e-06 5.53531e-08 2.08845e-09 5.46846e-11 9.6512e-13
 5.46277e-09 2.98595e-07 9.62366e-06 0.000182889 0.00204947 0.013545 0.0528438 0.122269 0.171734 0.162354 0.13803 0.128857 0.104172 0.0617997 0.0281953 0.0104019 0.00290669 0.000565957 7.5342e-05 7.03445e-06 4.70629e-07 2.24071e-08 7.43371e-10 1.6898e-11 2.59948e-13
 8.35743e-09 4.34013e-07 1.32898e-05 0.000239954 0.00255472 0.0160416 0.0594656 0.130782 0.174894 0.158446 0.130887 0.12003 0.0976994 0.061717 0.0311468 0.0121477 0.0032894 0.000575041 6.41913e-05 4.74389e-06 2.47179e-07 9.5452e-09 2.72845e-10 5.54515e-12 7.6775e-14
 1.23816e-08 6.10426e-07 1.7745e-05 0.000304168 0.00307441 0.0183286 0.0645288 0.135007 0.173078 0.154715 0.131919 0.122376 0.0964866 0.0582992 0.0281136 0.0104895 0.00273679 0.000468818 5.25841e-05 3.98131e-06 2.09374e-07 7.66318e-09 1.91794e-10 3.23592e-12 3.67085e-14
 1.72855e-08 8.08472e-07 2.22965e-05 0.000362579 0.00347691 0.0196681 0.0657485 0.131053 0.162565 0.148284 0.137249 0.131748 0.101388 0.0589375 0.0271822 0.00958059 0.00232821 0.000366066 3.70695e-05 2.50354e-06 1.18162e-07 3.99085e-09 9.51102e-11 1.54911e-12 1.67626e-14
 2.8634e-08 1.26979e-06 3.32024e-05 0.000511919 0.00465432 0.024962 0.0791047 0.149373 0.174955 0.148988 0.127508 0.115739 0.087452 0.0516673 0.024288 0.00846096 0.00197647 0.000294931 2.82077e-05 1.79019e-06 7.853e-08 2.42524e-09 5.2117e-11 7.61888e-13 7.44614e-15
 4.1607e-08 1.74848e-06 4.33257e-05 0.000633033 0.00545437 0.0277271 0.0833527 0.1499 0.170173 0.14813 0.134734 0.121758 0.0857346 0.0455907 0.0191717 0.00607902 0.0013154 0.000183573 1.64978e-05 9.86014e-07 4.07216e-08 1.1802e-09 2.36657e-11 3.20388e-13 2.87397e-15
 6.2791e-08 2.49952e-06 5.86686e-05 0.000811994 0.00662743 0.0319165 0.0909321 0.155276 0.168718 0.143741 0.130083 0.116277 0.0824334 0.0455469 0.0198148 0.00625802 0.00131045 0.000175455 1.51859e-05 8.80504e-07 3.5335e-08 9.87021e-10 1.88314e-11 2.39871e-13 2.00908e-15
 1.03038e-07 3.884e-06 8.63279e-05 0.00113142 0.00874455 0.0398773 0.107575 0.173856 0.17837 0.142415 0.120203 0.101308 0.0686944 0.0366364 0.0153628 0.00465892 0.000941654 0.000123744 1.07716e-05 6.40839e-07 2.64156e-08 7.44558e-10 1.40168e-11 1.73187e-13 1.39086e-15
 1.30547e-07 4.65878e-06 9.80324e-05 0.0012164 0.00890175 0.0384581 0.0985511 0.15321 0.159114 0.144386 0.140836 0.12076 0.0771897 0.037795 0.0145275 0.00407788 0.000769854 9.51608e-05 7.85328e-06 4.47658e-07 1.79026e-08 4.9549e-10 9.2431e-12 1.13604e-13 9.05049e-16
 2.20789e-07 7.45833e-06 0.000148558 0.00174485 0.0120864 0.0494157 0.119723 0.175162 0.168059 0.13584 0.119584 0.0993554 0.0658804 0.0345997 0.0138183 0.00381022 0.000679544 7.75122e-05 5.80663e-06 2.97815e-07 1.0752e-08 2.72227e-10 4.71853e-12 5.46099e-14 4.13965e-16
 3.14709e-07 1.00625e-05 0.000189711 0.00210908 0.0138296 0.0535477 0.123108 0.172475 0.163973 0.13976 0.127439 0.100967 0.0606684 0.028421 0.0103152 0.00266904 0.000460963 5.2552e-05 4.04044e-06 2.1373e-07 7.75776e-09 1.89505e-10 3.05918e-12 3.23202e-14 2.22322e-16
 4.51289e-07 1.36578e-05 0.000243725 0.00256472 0.0159195 0.0583686 0.127274 0.170318 0.158566 0.137605 0.126829 0.0998269 0.0604412 0.0287171 0.0103007 0.00255068 0.000413435 4.3876e-05 3.14612e-06 1.57236e-07 5.50215e-09 1.31986e-10 2.11161e-12 2.20444e-14 1.47805e-16
 6.60891e-07 1.89326e-05 0.000319805 0.00318558 0.0187187 0.0649977 0.134464 0.172037 0.157024 0.137692 0.125624 0.0951494 0.0550838 0.0249346 0.00845478 0.0019658 0.00029796 2.9465e-05 1.95981e-06 9.04143e-08 2.91292e-09 6.44413e-11 9.56697e-13 9.35657e-15 5.9405e-17
 9.57309e-07 2.59613e-05 0.000415142 0.00391477 0.0217793 0.0716348 0.140679 0.172422 0.154994 0.137535 0.124028 0.0908023 0.0507462 0.0220973 0.00712362 0.00155849 0.000220934 2.03478e-05 1.25514e-06 5.34767e-08 1.5858e-09 3.22105e-11 4.38164e-13 3.92106e-15 2.27774e-17
 1.28602e-06 3.30194e-05 0.00049991 0.00446348 0.0235173 0.0733349 0.137213 0.163494 0.151069 0.143079 0.130655 0.0931328 0.050378 0.0211195 0.00647834 0.00133667 0.000178031 1.53838e-05 8.88813e-07 3.5338e-08 9.72625e-10 1.82358e-11 2.27946e-13 1.86832e-15 9.91966e-18
 1.91984e-06 4.66752e-05 0.000669131 0.0056572 0.0282259 0.0833706 0.147904 0.167725 0.148859 0.136441 0.121226 0.0857748 0.0470079 0.0198037 0.00594421 0.00117954 0.000150691 1.25608e-05 7.0399e-07 2.70962e-08 7.14235e-10 1.26511e-11 1.47711e-13 1.1219e-15 5.49032e-18
#spawning biomass
 42675.3 35834.7 22298.8 13488.7 27082.7 39465 61708 102776 154343 166395 177514 203428 221209 238546 246256 207177 195602 228156 220400 229420 211567 206946 235371 284779 266858 232563 215831 196361 178509 308519 121120 48849.4 26234.1 19949.1 18330.6 17935 17841.7 17820.3 17815.5 17814.4 17814.2 17814.1 17814.1 17814.1 17814.1 17814.1 17814.1 17814.1 17814.1 17814.1 17814.1 17814.1 17814.1 17814.1 17814.1 17814.1 17814.1 17814.1 17814.1 17814.1 17814.1 17814.1 17814.1 17814.1 17814.1 17814.1 17814.1 17814.1 17814.1 17814.1 17814.1 17814.1 17814.1 17814.1 17814.1 17814.1 17814.1 17814.1 17814.1 17814.1 17814.1 17814.1 17814.1 17814.1 17814.1 17814.1 17814.1 17814.1 17814.1 17814.1 17814.1 17814.1 17814.1 17814.1 17814.1 17814.1 17814.1 17814.1 17814.1 17814.1 17814.1 17814.1 17814.1 17814.1 17814.1 17814.1 17814.1 17814.1 17814.1 17814.1 17814.1 17814.1 17814.1 17814.1 17814.1 17814.1 17814.1 17814.1 17814.1 17814.1 17814.1 17814.1 17814.1 17814.1 17814.1 17814.1 17814.1 17814.1 0 0 0 0 0 0 0 0 0 0 0 0 0 0 0 0 0 0 0 0 0 0 0 0 0
