SBPRF35
0.819782
Curr Bio
143655
B35
681301
F35
0.212618
FOFL
0.0553557
OFL
8454.66
Bzero
234224
#pred survey bio
 12923.5 13364 11834 14396.7 17449.3 18791.6 23317.3 31007.8 45820.5 56653.4 70390.4 94501.1 112729 137913 131385 105788 97489.5 94228.5 106464 104378 117013 131617 112405 120125 150761 139386 134767 139392 6.94169e+06 6.84574e+06 7.33286e+06 6.99187e+06 6.23788e+06 5.3739e+06 4.56817e+06 3.89091e+06 3.35559e+06 2.94867e+06 2.64709e+06 2.42717e+06 2.26832e+06 2.15393e+06 2.07066e+06 2.00944e+06 1.96605e+06 1.93498e+06 1.91247e+06 1.89598e+06 1.88376e+06 1.8746e+06 1.86766e+06 1.86234e+06 1.85823e+06 1.85503e+06 1.85251e+06 1.85052e+06 1.84894e+06 1.84768e+06 1.84666e+06 1.84584e+06 1.84518e+06 1.84464e+06 1.84421e+06 1.84386e+06 1.84357e+06 1.84333e+06 1.84314e+06 1.84299e+06 1.84286e+06 1.84276e+06 1.84267e+06 1.8426e+06 1.84254e+06 1.8425e+06 1.84246e+06 1.84243e+06 1.8424e+06 1.84238e+06 1.84237e+06 1.84235e+06 1.84234e+06 1.84233e+06 1.84232e+06 1.84232e+06 1.84231e+06 1.84231e+06 1.8423e+06 1.8423e+06 1.8423e+06 1.8423e+06 1.8423e+06 1.84229e+06 1.84229e+06 1.84229e+06 1.84229e+06 1.84229e+06 1.84229e+06 1.84229e+06 1.84229e+06 1.84229e+06 1.84229e+06 1.84229e+06 1.84229e+06 1.84229e+06 1.84229e+06 1.84229e+06 1.84229e+06 1.84229e+06 1.84229e+06 1.84229e+06 1.84229e+06 1.84229e+06 1.84229e+06 1.84229e+06 1.84229e+06 1.84229e+06 1.84229e+06 1.84229e+06 1.84229e+06 1.84229e+06 1.84229e+06 1.84229e+06 1.84229e+06 1.84229e+06 1.84229e+06 1.84229e+06 1.84229e+06 1.84229e+06 0 0 0 0 0 0 0 0 0 0 0 0 0 0 0 0 0 0 0 0 0 0 0 0 0
#obs survey bio
 11428.3 10758.4 13026.2 16452.5 12482.5 20062.4 49873.7 24535.5 37847.9 52414.5 71168.3 134266 125525 119277 117065 124612 92014.8 102581 118079 122374 112796 144816 116364 121366 156215 141759 160733 126357
#pred catch bio
 7536.09 9314.82 7892.36 9311.94 12009.1 12810.1 16303.4 20452.7 34207.1 43112.1 50045.4 72382.6 84577.1 110213 108618 85230.3 80459.7 73991.7 89465.5 83267.4 94698.2 120760 97830.9 96259 136739 122873 115214 89059.8 8454.66 56282.3 59858.6 56493.1 49746.2 42200.9 35274.3 29538.7 25080.5 21758.5 19355.3 17653.4 16467 15648.8 15085.4 14698.4 14442.3 14272.7 14160.5 14086.2 14037.1 14004.5 13983 13968.7 13959.3 13953 13948.9 13946.2 13944.4 13943.2 13942.4 13941.8 13941.5 13941.3 13941.1 13941 13940.9 13940.9 13940.9 13940.9 13940.8 13940.8 13940.8 13940.8 13940.8 13940.8 13940.8 13940.8 13940.8 13940.8 13940.8 13940.8 13940.8 13940.8 13940.8 13940.8 13940.8 13940.8 13940.8 13940.8 13940.8 13940.8 13940.8 13940.8 13940.8 13940.8 13940.8 13940.8 13940.8 13940.8 13940.8 13940.8 13940.8 13940.8 13940.8 13940.8 13940.8 13940.8 13940.8 13940.8 13940.8 13940.8 13940.8 13940.8 13940.8 13940.8 13940.8 13940.8 13940.8 13940.8 13940.8 13940.8 13940.8 13940.8 13940.8 13940.8 13940.8 13940.8 13940.8 13940.8 0 0 0 0 0 0 0 0 0 0 0 0 0 0 0 0 0 0 0 0 0 0 0 0 0
#obs catch bio
 7763.35 9695 7956.33 8075.37 12879.1 12340 14095.9 17913.2 32851 40128.5 47291.6 64546.5 76726.3 105019 113292 88197.7 77850.8 68409 88166.6 73159.9 87983.4 113244 93584.1 82731.7 130260 113246 101655 85406.3
#pred cpue bio
 11515.5 12139.1 10169.8 12239 15305.1 16053 19650.4 25593.2 38241.9 46892 58088.1 78970.2 92967.6 115873 113540 90706.5 82278.1 78473.3 88500 87068 96337.4 108878 91343.2 97347.5 123072 113709 111284 113575 6.03811e+06 6.80776e+06 7.29488e+06 6.95389e+06 6.19989e+06 5.33592e+06 4.53019e+06 3.85292e+06 3.31761e+06 2.91069e+06 2.60911e+06 2.38919e+06 2.23034e+06 2.11595e+06 2.03268e+06 1.97146e+06 1.92807e+06 1.897e+06 1.87449e+06 1.858e+06 1.84578e+06 1.83662e+06 1.82968e+06 1.82436e+06 1.82025e+06 1.81705e+06 1.81453e+06 1.81254e+06 1.81096e+06 1.80969e+06 1.80868e+06 1.80786e+06 1.8072e+06 1.80666e+06 1.80623e+06 1.80587e+06 1.80559e+06 1.80535e+06 1.80516e+06 1.80501e+06 1.80488e+06 1.80477e+06 1.80469e+06 1.80462e+06 1.80456e+06 1.80452e+06 1.80448e+06 1.80445e+06 1.80442e+06 1.8044e+06 1.80438e+06 1.80437e+06 1.80436e+06 1.80435e+06 1.80434e+06 1.80433e+06 1.80433e+06 1.80432e+06 1.80432e+06 1.80432e+06 1.80432e+06 1.80431e+06 1.80431e+06 1.80431e+06 1.80431e+06 1.80431e+06 1.80431e+06 1.80431e+06 1.80431e+06 1.80431e+06 1.80431e+06 1.80431e+06 1.80431e+06 1.80431e+06 1.80431e+06 1.80431e+06 1.80431e+06 1.80431e+06 1.80431e+06 1.80431e+06 1.80431e+06 1.80431e+06 1.80431e+06 1.80431e+06 1.80431e+06 1.80431e+06 1.80431e+06 1.80431e+06 1.80431e+06 1.80431e+06 1.80431e+06 1.80431e+06 1.80431e+06 1.80431e+06 1.80431e+06 1.80431e+06 1.80431e+06 1.80431e+06 1.80431e+06 1.80431e+06 0 0 0 0 0 0 0 0 0 0 0 0 0 0 0 0 0 0 0 0 0 0 0 0 0
#obs cpue bio
 11020.1 12886.3 11383.8 18845.8 13071.3 19315.4 24092.7 41893.5 49170 70984.6 63870.1 108212 109030 148832 97302.7 70377.4 106682 99367.4 81188.6 139410 120588 136826 98415.9 187879 136323 151845 168859 134608
#pred surv len freq
 1.21532e-11 1.31911e-09 8.44231e-08 3.18587e-06 7.08897e-05 0.000930119 0.00719691 0.0328603 0.0888131 0.144331 0.151612 0.130773 0.122713 0.108723 0.0759553 0.0465253 0.0289119 0.0183334 0.0120215 0.00839319 0.00636031 0.00529464 0.00457931 0.0035333 0.00206435
 9.96811e-12 1.08194e-09 6.92442e-08 2.61307e-06 5.81444e-05 0.000762909 0.00590376 0.0269714 0.0731093 0.120523 0.134591 0.136168 0.149102 0.138216 0.0939255 0.052898 0.0292404 0.0160776 0.0087933 0.0049869 0.003057 0.00211411 0.00161851 0.00118797 0.000691333
 1.32726e-11 1.44061e-09 9.21991e-08 3.47931e-06 7.74191e-05 0.00101579 0.00785963 0.035883 0.0969393 0.157186 0.163479 0.136872 0.123896 0.10791 0.0744822 0.0441112 0.0249562 0.0130234 0.00627727 0.00295174 0.00141745 0.000745967 0.000455254 0.000294761 0.000163621
 1.34462e-11 1.45945e-09 9.34049e-08 3.52481e-06 7.84317e-05 0.00102907 0.00796254 0.036355 0.0982441 0.159541 0.167033 0.14253 0.131227 0.112389 0.0719006 0.0366685 0.0181504 0.00914783 0.00441372 0.00195917 0.000800197 0.000320628 0.000140714 7.06766e-05 3.45949e-05
 1.1697e-11 1.2696e-09 8.12543e-08 3.06629e-06 6.82291e-05 0.000895219 0.00692724 0.0316378 0.0856294 0.140128 0.151715 0.142128 0.144793 0.129584 0.0846751 0.0439561 0.0213112 0.00974367 0.00412619 0.00168349 0.000651376 0.000230164 7.66763e-05 2.6832e-05 1.00646e-05
 1.32616e-11 1.43942e-09 9.21227e-08 3.47642e-06 7.7355e-05 0.00101495 0.00785322 0.0358557 0.0968924 0.157327 0.164632 0.140342 0.129467 0.11238 0.0748762 0.0411877 0.0213385 0.010123 0.00423782 0.00159927 0.000550637 0.000174275 5.04157e-05 1.34748e-05 3.53812e-06
 1.38002e-11 1.49788e-09 9.58644e-08 3.61763e-06 8.04969e-05 0.00105617 0.00817211 0.0373101 0.100801 0.163497 0.17026 0.142979 0.129151 0.10976 0.0701454 0.0356621 0.017252 0.00818964 0.00359914 0.00141372 0.000480924 0.000140901 3.60076e-05 8.10763e-06 1.63005e-06
 1.46586e-11 1.59106e-09 1.01827e-07 3.84265e-06 8.55039e-05 0.00112186 0.00868021 0.0396258 0.107001 0.173102 0.178148 0.144217 0.124205 0.10292 0.0645308 0.0316163 0.0143716 0.00631586 0.0025857 0.000990306 0.000344483 0.000103125 2.5639e-05 5.24575e-06 8.90879e-07
 1.41221e-11 1.53282e-09 9.81005e-08 3.70201e-06 8.23745e-05 0.0010808 0.00836268 0.0381793 0.103137 0.167186 0.173631 0.144592 0.129117 0.108658 0.0681628 0.0331014 0.0147621 0.0062738 0.00242523 0.0008601 0.000279557 8.12156e-05 2.02467e-05 4.11959e-06 6.61035e-07
 1.44243e-11 1.56562e-09 1.002e-07 3.78122e-06 8.41371e-05 0.00110393 0.00854156 0.0389949 0.105325 0.170615 0.176635 0.145651 0.128317 0.106843 0.0658507 0.0307492 0.0130057 0.00531785 0.00199843 0.000682301 0.00020903 5.64398e-05 1.32341e-05 2.60945e-06 4.1251e-07
 1.45075e-11 1.57465e-09 1.00777e-07 3.80303e-06 8.46223e-05 0.00111029 0.00859081 0.0392196 0.105931 0.171583 0.17758 0.146272 0.128615 0.106747 0.0652169 0.0297676 0.0121065 0.00472548 0.0016858 0.000547135 0.000160522 4.13162e-05 9.10113e-06 1.6768e-06 2.51099e-07
 1.39913e-11 1.51862e-09 9.71917e-08 3.66771e-06 8.16114e-05 0.00107079 0.00828527 0.0378271 0.102201 0.165801 0.172807 0.145453 0.131524 0.110998 0.0690542 0.0326967 0.0139212 0.00552809 0.00193104 0.000598723 0.00016618 4.04488e-05 8.44486e-06 1.46984e-06 2.06627e-07
 1.45595e-11 1.58029e-09 1.01139e-07 3.81666e-06 8.49256e-05 0.00111427 0.00862158 0.0393596 0.106302 0.172131 0.177898 0.145903 0.127629 0.105839 0.0649758 0.0300749 0.0125107 0.00498501 0.0017938 0.000570502 0.000157305 3.6831e-05 7.27291e-06 1.19268e-06 1.58022e-07
 1.36846e-11 1.48533e-09 9.50612e-08 3.58732e-06 7.98225e-05 0.00104732 0.00810377 0.0370006 0.0999991 0.162474 0.170486 0.146382 0.135407 0.11494 0.070699 0.0324105 0.0132269 0.00514848 0.00181234 0.000572306 0.0001601 3.81444e-05 7.49617e-06 1.18811e-06 1.49288e-07
 1.22379e-11 1.3283e-09 8.50113e-08 3.20807e-06 7.13838e-05 0.000936611 0.00724749 0.0330995 0.0895731 0.14648 0.158111 0.146849 0.147765 0.129618 0.0802183 0.0366662 0.0148451 0.00571271 0.00197702 0.000610215 0.000167125 3.94603e-05 7.80014e-06 1.24576e-06 1.55193e-07
 1.27086e-11 1.3794e-09 8.82813e-08 3.33147e-06 7.41296e-05 0.000972634 0.00752608 0.0343683 0.092957 0.151615 0.161812 0.145801 0.142376 0.123931 0.0774952 0.0365397 0.0154429 0.00609744 0.00211696 0.000647193 0.000174277 4.02796e-05 7.81082e-06 1.23576e-06 1.53987e-07
 1.35197e-11 1.46743e-09 9.39153e-08 3.54407e-06 7.88603e-05 0.0010347 0.00800611 0.0365553 0.0988024 0.160587 0.168771 0.145598 0.135528 0.115713 0.0720351 0.0339845 0.0144727 0.00583629 0.00209775 0.000662898 0.000181136 4.16921e-05 7.96147e-06 1.2353e-06 1.51358e-07
 1.40635e-11 1.52646e-09 9.76932e-08 3.68664e-06 8.20325e-05 0.00107632 0.00832804 0.0380227 0.102736 0.166712 0.173957 0.146895 0.133138 0.111733 0.0679276 0.0303969 0.0120164 0.00461709 0.00164223 0.000526409 0.000148045 3.51206e-05 6.82456e-06 1.05896e-06 1.2818e-07
 1.41636e-11 1.53732e-09 9.83883e-08 3.71287e-06 8.26162e-05 0.00108398 0.00838726 0.0382923 0.103453 0.167789 0.174677 0.146492 0.131735 0.110416 0.0675728 0.0307549 0.0123577 0.00467697 0.00157815 0.000477204 0.000130399 3.10667e-05 6.17668e-06 9.83216e-07 1.20933e-07
 1.39225e-11 1.51115e-09 9.67137e-08 3.64968e-06 8.12101e-05 0.00106553 0.00824461 0.0376432 0.101728 0.165224 0.17309 0.147877 0.135787 0.114185 0.068609 0.0296354 0.0110099 0.00396375 0.0013236 0.000396102 0.000104315 2.36507e-05 4.55345e-06 7.22486e-07 9.02896e-08
 1.4578e-11 1.5823e-09 1.01267e-07 3.8215e-06 8.50333e-05 0.00111569 0.00863252 0.0394098 0.106441 0.172383 0.178283 0.14653 0.12847 0.106445 0.0648953 0.0294092 0.0116848 0.00430919 0.00138501 0.00039097 9.91434e-05 2.19479e-05 4.08838e-06 6.23183e-07 7.57043e-08
 1.43196e-11 1.55425e-09 9.94721e-08 3.75377e-06 8.35263e-05 0.00109592 0.00847963 0.0387137 0.104587 0.169591 0.176376 0.147445 0.131933 0.109855 0.0661382 0.0289101 0.010953 0.00399379 0.00132898 0.000388992 9.79956e-05 2.0801e-05 3.70639e-06 5.45348e-07 6.40301e-08
 1.49582e-11 1.62357e-09 1.03909e-07 3.92119e-06 8.72515e-05 0.00114479 0.00885768 0.0404371 0.109207 0.176792 0.182507 0.149082 0.129303 0.105308 0.061291 0.024559 0.00792505 0.00246924 0.000748066 0.000210438 5.33023e-05 1.15669e-05 2.06366e-06 2.95171e-07 3.32852e-08
 1.50979e-11 1.63873e-09 1.04878e-07 3.95779e-06 8.80659e-05 0.00115547 0.00894031 0.0408132 0.110208 0.178297 0.183514 0.148525 0.127345 0.103437 0.060716 0.0249825 0.00840161 0.00262122 0.000726679 0.000175693 3.89045e-05 7.86515e-06 1.37986e-06 1.98571e-07 2.23584e-08
 1.48641e-11 1.61336e-09 1.03255e-07 3.89651e-06 8.67025e-05 0.00113759 0.00880192 0.0401822 0.108514 0.175633 0.181137 0.147559 0.12775 0.10474 0.062668 0.0271147 0.00997401 0.00339418 0.000995935 0.000245771 5.18954e-05 9.32132e-06 1.43169e-06 1.88372e-07 2.04482e-08
 1.47887e-11 1.60517e-09 1.02731e-07 3.87675e-06 8.62626e-05 0.00113182 0.00875734 0.03998 0.107986 0.174926 0.181096 0.149245 0.130918 0.107147 0.0623806 0.0249273 0.00798741 0.00245728 0.00072516 0.000192103 4.35704e-05 8.08545e-06 1.20653e-06 1.44822e-07 1.39945e-08
 1.42879e-11 1.55081e-09 9.92518e-08 3.74546e-06 8.33413e-05 0.00109349 0.00846091 0.0386293 0.104373 0.169359 0.176669 0.149014 0.134612 0.111889 0.0659554 0.0270497 0.00902144 0.00278878 0.000766658 0.000182945 3.93696e-05 7.49385e-06 1.184e-06 1.47253e-07 1.39995e-08
 1.49201e-11 1.61944e-09 1.03644e-07 3.9112e-06 8.70292e-05 0.00114187 0.00883509 0.0403335 0.108921 0.176279 0.181746 0.1479 0.12782 0.104539 0.0621529 0.0264491 0.00946174 0.0031425 0.000908634 0.00022174 4.63026e-05 8.18613e-06 1.21781e-06 1.50516e-07 1.47726e-08
#obs surv len freq
 1.16114e-11 1.26031e-09 8.06597e-08 3.04385e-06 6.77299e-05 0.000888669 0.00687649 0.0314036 0.0849499 0.138559 0.14753 0.131552 0.128507 0.119888 0.091703 0.0601275 0.0341262 0.0158178 0.00584206 0.00170407 0.000381897 6.34768e-05 7.56829e-06 6.27297e-07 3.51377e-08
 8.33079e-12 9.04229e-10 5.78706e-08 2.18386e-06 4.85944e-05 0.000637625 0.00493499 0.0225607 0.0613337 0.102365 0.119248 0.130615 0.151861 0.149352 0.114482 0.0740313 0.0410817 0.018516 0.00661285 0.00185276 0.000396011 6.23219e-05 6.98576e-06 5.40957e-07 2.8164e-08
 1.84336e-11 2.00079e-09 1.2805e-07 4.83222e-06 0.000107523 0.00141074 0.0109144 0.0498027 0.13416 0.214357 0.207716 0.134572 0.0785209 0.0566573 0.0454577 0.0333634 0.0198021 0.00898075 0.00312926 0.00084287 0.000171675 2.55672e-05 2.69534e-06 1.95228e-07 9.46265e-09
 8.43401e-12 9.15432e-10 5.85876e-08 2.21093e-06 4.91972e-05 0.00064557 0.00499769 0.022872 0.0624742 0.106293 0.131523 0.157179 0.184024 0.162249 0.0967894 0.0428888 0.0174635 0.00712795 0.00255384 0.000705061 0.000141621 2.02088e-05 2.00998e-06 1.36254e-07 6.15083e-09
 1.41516e-11 1.53602e-09 9.8305e-08 3.70973e-06 8.25464e-05 0.00108307 0.00838027 0.0382587 0.103302 0.166805 0.169209 0.129095 0.104028 0.0958073 0.0827763 0.0580612 0.0295112 0.0103374 0.00261788 0.000534916 9.23012e-05 1.24643e-05 1.19774e-06 7.75737e-08 3.29809e-09
 1.19457e-11 1.29659e-09 8.29819e-08 3.13149e-06 6.96807e-05 0.000914306 0.00707616 0.0323397 0.0877415 0.144682 0.159142 0.148913 0.143265 0.12055 0.0781478 0.0427007 0.021525 0.00921963 0.00294502 0.000653815 9.97113e-05 1.0726e-05 8.37821e-07 4.71813e-08 1.83594e-09
 1.64616e-11 1.78675e-09 1.14352e-07 4.3153e-06 9.60213e-05 0.00125987 0.0097484 0.0445056 0.120163 0.193855 0.195256 0.143387 0.103148 0.079089 0.0549289 0.0321044 0.0150616 0.00544953 0.0015387 0.000340971 5.61978e-05 6.42001e-06 4.87677e-07 2.4351e-08 8.01714e-10
 1.35192e-11 1.46738e-09 9.39122e-08 3.54397e-06 7.88591e-05 0.00103475 0.00800839 0.0365995 0.0992592 0.163166 0.176447 0.156203 0.138494 0.108349 0.0643312 0.0302017 0.0122228 0.00419365 0.00113639 0.000231885 3.47181e-05 3.72756e-06 2.7815e-07 1.38982e-08 4.50308e-10
 1.42666e-11 1.54851e-09 9.91045e-08 3.73991e-06 8.3219e-05 0.00109194 0.00845061 0.0386104 0.104578 0.17088 0.180365 0.14996 0.125231 0.0999168 0.0657668 0.0348526 0.0144801 0.00448968 0.00103277 0.000180846 2.40953e-05 2.34994e-06 1.60345e-07 7.39948e-09 2.25218e-10
 1.42307e-11 1.54461e-09 9.8855e-08 3.7305e-06 8.301e-05 0.00108922 0.00843011 0.0385265 0.104447 0.171211 0.182388 0.15397 0.128497 0.0992665 0.0620388 0.0315198 0.0131006 0.00422589 0.00100716 0.000172766 2.09927e-05 1.7895e-06 1.06167e-07 4.31961e-09 1.17806e-10
 1.28337e-11 1.39297e-09 8.91503e-08 3.36428e-06 7.4862e-05 0.00098235 0.0076044 0.0347783 0.094554 0.156652 0.172781 0.157151 0.140655 0.111332 0.0694969 0.0346511 0.0138548 0.00426289 0.000978969 0.000164922 1.98439e-05 1.65019e-06 9.23611e-08 3.42012e-09 8.28601e-11
 1.4116e-11 1.53215e-09 9.80579e-08 3.70043e-06 8.23415e-05 0.00108048 0.00836328 0.0382334 0.103754 0.170507 0.182433 0.154043 0.127455 0.0989102 0.0636068 0.0329957 0.0134006 0.00406667 0.000901784 0.00014488 1.65769e-05 1.31654e-06 7.0711e-08 2.50962e-09 5.77165e-11
 1.35486e-11 1.47057e-09 9.41165e-08 3.5517e-06 7.90331e-05 0.00103711 0.00802904 0.0367291 0.099906 0.165524 0.181439 0.160299 0.13616 0.102754 0.0618983 0.0299904 0.0117094 0.00352169 0.000781337 0.000124182 1.37819e-05 1.044e-06 5.29677e-08 1.76987e-09 3.83321e-11
 1.13964e-11 1.23697e-09 7.91665e-08 2.98755e-06 6.64815e-05 0.000872502 0.00675744 0.0309597 0.08469 0.143116 0.166334 0.16407 0.153513 0.12115 0.074382 0.0358805 0.0134786 0.00380477 0.00078997 0.000119027 1.27007e-05 9.29637e-07 4.53673e-08 1.44467e-09 2.9544e-11
 9.25763e-12 1.00483e-09 6.43095e-08 2.42691e-06 5.40079e-05 0.000708905 0.00549339 0.0252177 0.0694616 0.120105 0.148466 0.161922 0.16514 0.139421 0.0920353 0.0472876 0.018322 0.00515912 0.00103917 0.000148476 1.48196e-05 1.01201e-06 4.62811e-08 1.38893e-09 2.68532e-11
 1.22077e-11 1.32503e-09 8.48022e-08 3.20024e-06 7.12143e-05 0.000934604 0.00723775 0.0331425 0.0904183 0.151011 0.168518 0.153267 0.136357 0.113206 0.0786932 0.0430892 0.0176226 0.0051832 0.00107445 0.000154316 1.5069e-05 9.83267e-07 4.22538e-08 1.18035e-09 2.11683e-11
 1.17895e-11 1.27965e-09 8.1898e-08 3.09067e-06 6.87789e-05 0.000902766 0.00699448 0.0320799 0.0879885 0.149423 0.173891 0.167507 0.148864 0.112422 0.0680855 0.0335646 0.0132553 0.0039617 0.000849125 0.000125511 1.24372e-05 8.09356e-07 3.40597e-08 9.15652e-10 1.55688e-11
 1.24523e-11 1.35158e-09 8.6502e-08 3.26442e-06 7.26457e-05 0.000953521 0.00738748 0.0338741 0.0927914 0.156706 0.179004 0.166202 0.143425 0.108132 0.0655112 0.0310279 0.0112062 0.00301591 0.000595518 8.4154e-05 8.19704e-06 5.30359e-07 2.21677e-08 5.87427e-10 9.74517e-12
 1.17126e-11 1.27129e-09 8.13637e-08 3.07056e-06 6.83347e-05 0.000897074 0.00695357 0.0319344 0.0879019 0.150531 0.177634 0.172468 0.151553 0.111859 0.0651097 0.029611 0.0102881 0.00263424 0.000483927 6.25397e-05 5.56925e-06 3.33922e-07 1.31629e-08 3.33639e-10 5.33701e-12
 1.20629e-11 1.30932e-09 8.37976e-08 3.16243e-06 7.03803e-05 0.000923957 0.00716238 0.0328947 0.0905105 0.154571 0.180453 0.17133 0.147793 0.109068 0.0638999 0.0288076 0.00968909 0.00236084 0.000408738 4.9379e-05 4.07182e-06 2.24101e-07 8.07325e-09 1.87289e-10 2.75881e-12
 1.27875e-11 1.38798e-09 8.88318e-08 3.35243e-06 7.461e-05 0.000979518 0.00759356 0.0348763 0.0959214 0.16331 0.188239 0.173046 0.14264 0.100855 0.0569887 0.024958 0.00820014 0.00194839 0.00032552 3.74026e-05 2.89535e-06 1.48153e-07 4.92759e-09 1.04988e-10 1.41503e-12
 1.21016e-11 1.31353e-09 8.40679e-08 3.17273e-06 7.06158e-05 0.000927288 0.00719343 0.0331028 0.0915466 0.15813 0.187924 0.179556 0.150052 0.103616 0.0557947 0.0230456 0.00714289 0.00160871 0.000255831 2.80064e-05 2.05917e-06 9.94567e-08 3.09914e-09 6.14247e-11 7.65642e-13
 1.28353e-11 1.39316e-09 8.91647e-08 3.36509e-06 7.48978e-05 0.000983517 0.00762908 0.0350924 0.096859 0.166084 0.193232 0.17766 0.143431 0.0977101 0.0522832 0.0211452 0.00626816 0.00132588 0.000196356 1.99985e-05 1.37146e-06 6.19475e-08 1.80709e-09 3.3502e-11 3.89721e-13
 1.20573e-11 1.30872e-09 8.37616e-08 3.1613e-06 7.03699e-05 0.000924354 0.00717662 0.0330939 0.0919611 0.160336 0.192799 0.18428 0.15059 0.100215 0.051493 0.0199928 0.00571673 0.00116512 0.00016467 1.57944e-05 1.00879e-06 4.21709e-08 1.13623e-09 1.94654e-11 2.0953e-13
 1.21975e-11 1.32395e-09 8.47365e-08 3.19816e-06 7.11938e-05 0.000935281 0.00726322 0.0335085 0.0931656 0.16238 0.194408 0.183913 0.148964 0.0989797 0.0506628 0.0192752 0.00529556 0.00102408 0.00013667 1.2357e-05 7.42071e-07 2.90338e-08 7.28021e-10 1.15466e-11 1.1463e-13
 1.08352e-11 1.17609e-09 7.52758e-08 2.84132e-06 6.32643e-05 0.000831619 0.00646894 0.0299773 0.0843152 0.151021 0.190348 0.191361 0.160179 0.106124 0.0531963 0.0197214 0.00526789 0.000984874 0.000125827 1.07739e-05 6.07563e-07 2.2206e-08 5.18639e-10 7.64648e-12 7.04269e-14
 1.09286e-11 1.18623e-09 7.59256e-08 2.86593e-06 6.38159e-05 0.000838968 0.00652739 0.0302536 0.0850553 0.151893 0.189867 0.189017 0.158567 0.106866 0.0544768 0.0202009 0.00528881 0.000955196 0.000116904 9.53465e-06 5.09374e-07 1.75359e-08 3.83622e-10 5.27244e-12 4.51067e-14
 1.12532e-11 1.22148e-09 7.81832e-08 2.95127e-06 6.57233e-05 0.000864246 0.00672737 0.0312094 0.0878593 0.156956 0.19507 0.19051 0.155006 0.101263 0.0503784 0.0183797 0.00475287 0.000844991 0.000100836 7.92517e-06 4.03751e-07 1.3152e-08 2.70746e-10 3.48736e-12 2.78675e-14
#pred catch len freq
 1.0336e-11 1.12187e-09 7.17997e-08 2.7095e-06 6.02901e-05 0.000791055 0.00612129 0.0279585 0.0756932 0.124046 0.13514 0.128772 0.134099 0.123693 0.0872027 0.0534979 0.0332507 0.021085 0.0138257 0.00965289 0.0073149 0.00608929 0.0052666 0.0040636 0.00237418
 8.77238e-12 9.52157e-10 6.09379e-08 2.29961e-06 5.11698e-05 0.000671405 0.00519602 0.0237464 0.0644824 0.107224 0.123986 0.135504 0.157656 0.149028 0.101698 0.0573178 0.0316865 0.0174227 0.00952894 0.0054041 0.00331274 0.00229097 0.00175392 0.00128735 0.00074917
 1.19265e-11 1.2945e-09 8.2848e-08 3.12643e-06 6.95672e-05 0.000912771 0.00706285 0.0322523 0.0872259 0.142204 0.151488 0.135985 0.133334 0.120029 0.0834822 0.0495068 0.0280131 0.0146188 0.00704627 0.00331335 0.00159109 0.000837352 0.000511025 0.00033087 0.000183666
 1.20093e-11 1.30349e-09 8.34235e-08 3.14815e-06 7.00505e-05 0.000919116 0.00711207 0.0324801 0.0878828 0.143605 0.1545 0.14232 0.142437 0.126128 0.0813185 0.0415314 0.0205615 0.0103632 0.00500013 0.00221947 0.000906513 0.000363227 0.00015941 8.00668e-05 3.91912e-05
 1.04474e-11 1.13396e-09 7.25735e-08 2.7387e-06 6.094e-05 0.000799589 0.0061876 0.0282678 0.0766181 0.126267 0.14081 0.141931 0.154534 0.141579 0.0929962 0.0483214 0.0234306 0.0107128 0.0045366 0.00185093 0.000716163 0.000253057 8.43027e-05 2.95007e-05 1.10656e-05
 1.20053e-11 1.30306e-09 8.33955e-08 3.14709e-06 7.0027e-05 0.000918806 0.00710962 0.0324675 0.0878308 0.143374 0.153584 0.139912 0.138903 0.124189 0.0833123 0.0458843 0.0237755 0.0112792 0.00472185 0.00178193 0.000613529 0.00019418 5.61741e-05 1.50139e-05 3.94224e-06
 1.26682e-11 1.37501e-09 8.80006e-08 3.32087e-06 7.38938e-05 0.000969538 0.00750207 0.0342573 0.0926381 0.150945 0.160402 0.142857 0.138057 0.120665 0.0776265 0.039514 0.0191187 0.0090759 0.00398864 0.00156671 0.000532968 0.000156149 3.99042e-05 8.98502e-06 1.80645e-06
 1.33586e-11 1.44994e-09 9.27962e-08 3.50184e-06 7.79206e-05 0.00102237 0.00791072 0.0361199 0.0976282 0.158698 0.166882 0.144231 0.134678 0.115638 0.0731303 0.0358877 0.0163171 0.00717097 0.00293578 0.00112438 0.000391122 0.000117087 2.91103e-05 5.95597e-06 1.0115e-06
 1.32865e-11 1.44212e-09 9.22953e-08 3.48294e-06 7.75e-05 0.00101685 0.00786805 0.0359257 0.097112 0.157929 0.1664 0.144632 0.135897 0.116873 0.0736974 0.0358242 0.0159786 0.00679091 0.00262513 0.000930993 0.000302599 8.79097e-05 2.19156e-05 4.45914e-06 7.1552e-07
 1.36912e-11 1.48604e-09 9.51067e-08 3.58903e-06 7.98607e-05 0.00104782 0.00810763 0.0370179 0.10004 0.1625 0.17032 0.145766 0.134389 0.114137 0.070683 0.0330359 0.0139749 0.0057142 0.00214738 0.000733155 0.00022461 6.06464e-05 1.42205e-05 2.80394e-06 4.43255e-07
 1.34848e-11 1.46365e-09 9.36735e-08 3.53495e-06 7.86573e-05 0.00103204 0.00798553 0.036462 0.0985599 0.16027 0.168796 0.146498 0.137188 0.116998 0.0719484 0.0328816 0.0133756 0.00522094 0.00186255 0.000604502 0.000177352 4.56482e-05 1.00554e-05 1.85261e-06 2.77427e-07
 1.32716e-11 1.44051e-09 9.21922e-08 3.47905e-06 7.74135e-05 0.00101572 0.0078593 0.0358863 0.0970136 0.157834 0.166601 0.145547 0.137458 0.118147 0.0738223 0.0349834 0.0148966 0.00591549 0.00206637 0.000640681 0.000177826 4.32834e-05 9.03668e-06 1.57284e-06 2.21108e-07
 1.37682e-11 1.4944e-09 9.56416e-08 3.60922e-06 8.03098e-05 0.00105372 0.00815321 0.0372257 0.100598 0.163375 0.17109 0.14605 0.134218 0.113739 0.0701929 0.0325226 0.013531 0.00539161 0.00194011 0.000617037 0.000170136 3.98352e-05 7.86614e-06 1.28997e-06 1.70912e-07
 1.31706e-11 1.42954e-09 9.14906e-08 3.45257e-06 7.68243e-05 0.00100799 0.00779954 0.0356146 0.0962943 0.156787 0.166069 0.146493 0.139711 0.120089 0.0740856 0.0339824 0.0138696 0.00539869 0.00190042 0.00060012 0.000167881 3.99982e-05 7.86048e-06 1.24585e-06 1.56543e-07
 1.18903e-11 1.29058e-09 8.2597e-08 3.11696e-06 6.93565e-05 0.000910014 0.00704178 0.0321623 0.0870681 0.142635 0.155127 0.146929 0.150682 0.133105 0.0825078 0.0377242 0.0152742 0.00587785 0.00203417 0.000627855 0.000171956 4.0601e-05 8.02562e-06 1.28177e-06 1.5968e-07
 1.22169e-11 1.32603e-09 8.48656e-08 3.20257e-06 7.12615e-05 0.000935005 0.00723505 0.0330423 0.0894126 0.146173 0.157575 0.145873 0.146442 0.128824 0.0807504 0.0380921 0.0161001 0.00635696 0.00220707 0.000674739 0.000181695 4.1994e-05 8.14327e-06 1.28836e-06 1.60541e-07
 1.31801e-11 1.43057e-09 9.15562e-08 3.45505e-06 7.68794e-05 0.00100871 0.00780511 0.0356395 0.0963544 0.156827 0.165844 0.145645 0.138331 0.119088 0.0742805 0.0350568 0.0149302 0.00602081 0.00216408 0.000683857 0.000186863 4.30103e-05 8.21319e-06 1.27436e-06 1.56144e-07
 1.34704e-11 1.46208e-09 9.3573e-08 3.53116e-06 7.85729e-05 0.00103093 0.00797699 0.0364234 0.098461 0.160152 0.168873 0.147057 0.138156 0.117709 0.0718194 0.0321609 0.0127151 0.00488563 0.00173775 0.000557026 0.000156656 3.71633e-05 7.22149e-06 1.12055e-06 1.35635e-07
 1.394e-11 1.51305e-09 9.68349e-08 3.65425e-06 8.13119e-05 0.00106686 0.0082549 0.0376893 0.101841 0.165316 0.172758 0.146545 0.133615 0.112662 0.0690468 0.0314345 0.0126313 0.00478055 0.0016131 0.000487772 0.000133287 3.17547e-05 6.31347e-06 1.00499e-06 1.23611e-07
 1.34075e-11 1.45525e-09 9.31361e-08 3.51467e-06 7.8206e-05 0.00102612 0.00793979 0.0362544 0.0980169 0.159532 0.168693 0.148064 0.140217 0.119426 0.0719763 0.0311083 0.0115583 0.0041612 0.00138954 0.000415834 0.000109511 2.48289e-05 4.78028e-06 7.58477e-07 9.47875e-08
 1.41559e-11 1.53649e-09 9.83349e-08 3.71085e-06 8.25714e-05 0.00108339 0.00838271 0.0382717 0.103399 0.167715 0.174662 0.146635 0.132028 0.110693 0.0676798 0.0306881 0.012194 0.00449702 0.00144539 0.000408012 0.000103465 2.29046e-05 4.26658e-06 6.50347e-07 7.90042e-08
 1.46545e-11 1.59061e-09 1.01799e-07 3.84156e-06 8.54797e-05 0.00112154 0.00867785 0.0396167 0.107 0.173293 0.179239 0.147333 0.129067 0.106457 0.0639444 0.0279384 0.0105841 0.00385925 0.00128421 0.000375888 9.46944e-05 2.01003e-05 3.58153e-06 5.26977e-07 6.18731e-08
 1.49475e-11 1.62241e-09 1.03834e-07 3.91838e-06 8.71889e-05 0.00114397 0.00885133 0.0404082 0.10913 0.176674 0.182416 0.149088 0.129398 0.105419 0.0613605 0.0245872 0.00793418 0.00247208 0.000748928 0.00021068 5.33638e-05 1.15802e-05 2.06604e-06 2.95511e-07 3.33236e-08
 1.46441e-11 1.58948e-09 1.01726e-07 3.83884e-06 8.54192e-05 0.00112075 0.00867174 0.0395897 0.106939 0.173285 0.179659 0.148744 0.131331 0.108115 0.0636725 0.0262163 0.00881753 0.00275102 0.000762664 0.000184394 4.08311e-05 8.25464e-06 1.44819e-06 2.08405e-07 2.34656e-08
 1.51084e-11 1.63987e-09 1.04951e-07 3.96054e-06 8.8127e-05 0.00115628 0.00894648 0.0408408 0.110274 0.178332 0.183222 0.147469 0.125647 0.102251 0.0610656 0.0264117 0.00971485 0.00330597 0.00097005 0.000239383 5.05466e-05 9.07905e-06 1.39448e-06 1.83476e-07 1.99168e-08
 1.48548e-11 1.61234e-09 1.0319e-07 3.89407e-06 8.6648e-05 0.00113687 0.00879645 0.0401582 0.108462 0.175656 0.181656 0.149209 0.130332 0.106462 0.0619526 0.0247539 0.00793172 0.00244014 0.000720102 0.000190763 4.32665e-05 8.02905e-06 1.19812e-06 1.43812e-07 1.38968e-08
 1.41681e-11 1.53781e-09 9.84196e-08 3.71405e-06 8.26426e-05 0.00108432 0.00839 0.0383062 0.10351 0.168036 0.175652 0.149073 0.135666 0.113125 0.0667355 0.0273738 0.00912978 0.00282228 0.000775868 0.000185142 3.98426e-05 7.58387e-06 1.19822e-06 1.49022e-07 1.41677e-08
 1.35393e-11 1.46956e-09 9.40519e-08 3.54923e-06 7.89751e-05 0.00103621 0.00801784 0.0366103 0.0989712 0.161023 0.169978 0.14846 0.139789 0.118664 0.0711905 0.0303489 0.01086 0.00360702 0.00104295 0.000254518 5.31472e-05 9.39624e-06 1.39783e-06 1.72766e-07 1.69564e-08
#obs catch len freq
 9.72251e-12 1.05529e-09 6.75382e-08 2.54869e-06 5.6712e-05 0.000744118 0.00575844 0.0263085 0.0713119 0.117454 0.130254 0.128934 0.139606 0.135738 0.10548 0.0699618 0.040074 0.0187244 0.00697844 0.00205764 0.000466928 7.87008e-05 9.5247e-06 8.01667e-07 4.5595e-08
 9.98989e-12 1.08431e-09 6.93956e-08 2.61878e-06 5.82717e-05 0.000764587 0.00591693 0.0270342 0.0732909 0.120742 0.133731 0.131188 0.139718 0.13397 0.102945 0.0672939 0.0377517 0.0171872 0.00620247 0.0017564 0.000379503 6.04065e-05 6.85295e-06 5.37346e-07 2.83335e-08
 7.06981e-12 7.67362e-10 4.91111e-08 1.85331e-06 4.12394e-05 0.000541138 0.00418895 0.0191656 0.0522971 0.0886851 0.109075 0.131237 0.161212 0.160308 0.122868 0.0790463 0.0432871 0.0191345 0.00666699 0.00181052 0.0003725 5.60534e-05 5.97045e-06 4.36891e-07 2.13925e-08
 1.74524e-11 1.89429e-09 1.21234e-07 4.57501e-06 0.0001018 0.00133565 0.0103338 0.0471582 0.127097 0.20351 0.199058 0.133582 0.0843762 0.0649642 0.0529701 0.0385756 0.02249 0.00997553 0.00338468 0.000882198 0.000172691 2.45558e-05 2.45668e-06 1.67962e-07 7.64966e-09
 7.48878e-12 8.12837e-10 5.20216e-08 1.96315e-06 4.36842e-05 0.000573256 0.00443886 0.0203343 0.0557773 0.0965033 0.125469 0.16048 0.193257 0.169929 0.100484 0.0442762 0.0179221 0.00719193 0.00250366 0.000666499 0.00012834 1.74567e-05 1.64563e-06 1.05188e-07 4.45783e-09
 1.32153e-11 1.43439e-09 9.18011e-08 3.46429e-06 7.70854e-05 0.00101142 0.00782636 0.0357381 0.0965903 0.156605 0.161407 0.128945 0.110524 0.104555 0.0901199 0.0621069 0.0307861 0.0105027 0.00259145 0.000513863 8.51834e-05 1.09464e-05 9.94845e-07 6.06696e-08 2.41949e-09
 1.11682e-11 1.21221e-09 7.75813e-08 2.92769e-06 6.51462e-05 0.00085483 0.00661659 0.0302534 0.0822382 0.136628 0.154038 0.151165 0.150257 0.126846 0.081833 0.0444335 0.0220514 0.00918545 0.00283088 0.000603821 8.82198e-05 9.05337e-06 6.70185e-07 3.55164e-08 1.29399e-09
 1.5885e-11 1.72416e-09 1.10346e-07 4.16414e-06 9.2658e-05 0.00121575 0.00940749 0.0429573 0.11607 0.187807 0.191199 0.144575 0.10809 0.0841504 0.0582139 0.0335384 0.0153919 0.00542696 0.00148644 0.000316884 4.98311e-05 5.40235e-06 3.88035e-07 1.82553e-08 5.6385e-10
 1.29832e-11 1.4092e-09 9.01889e-08 3.40347e-06 7.57333e-05 0.000993754 0.00769188 0.0351665 0.0955139 0.157865 0.173634 0.158752 0.143813 0.1123 0.0660281 0.0306276 0.0121669 0.00406263 0.001064 0.000208585 2.98233e-05 3.03877e-06 2.13968e-07 1.00454e-08 3.04911e-10
 1.383e-11 1.50112e-09 9.60717e-08 3.62547e-06 8.06729e-05 0.00105856 0.00819288 0.0374442 0.101535 0.166585 0.178087 0.151985 0.129582 0.103405 0.0673661 0.0350685 0.0142015 0.0042725 0.000950393 0.000160024 2.03501e-05 1.88167e-06 1.21082e-07 5.24616e-09 1.49366e-10
 1.38864e-11 1.50724e-09 9.64632e-08 3.64025e-06 8.10022e-05 0.0010629 0.00822711 0.0376108 0.102083 0.168 0.181055 0.156154 0.132104 0.101647 0.0628145 0.0313816 0.0127206 0.00397354 0.000911961 0.000149859 1.73568e-05 1.40323e-06 7.8536e-08 2.99922e-09 7.64589e-11
 1.25602e-11 1.36329e-09 8.72506e-08 3.2926e-06 7.32675e-05 0.000961457 0.00744352 0.0340565 0.0927239 0.15433 0.172306 0.159615 0.143803 0.112903 0.0695358 0.0340215 0.0132474 0.00394528 0.000872226 0.000140586 1.60871e-05 1.26595e-06 6.67735e-08 2.32143e-09 5.26148e-11
 1.39237e-11 1.51128e-09 9.67222e-08 3.65003e-06 8.12206e-05 0.0010658 0.00825042 0.0377295 0.102496 0.169001 0.182406 0.156158 0.129895 0.1 0.0633818 0.0321824 0.0126966 0.00372231 0.000793451 0.000121832 1.32448e-05 9.94268e-07 5.02523e-08 1.67218e-09 3.59488e-11
 1.34255e-11 1.45722e-09 9.3262e-08 3.51947e-06 7.83165e-05 0.00102775 0.00795741 0.0364152 0.0991718 0.164887 0.182221 0.162579 0.137932 0.102845 0.060987 0.0289379 0.010978 0.003186 0.000678034 0.000102774 1.08202e-05 7.73902e-07 3.69169e-08 1.15552e-09 2.33708e-11
 1.13326e-11 1.23005e-09 7.87238e-08 2.97086e-06 6.6111e-05 0.000867684 0.00672126 0.0308106 0.0844197 0.143286 0.167962 0.166727 0.154987 0.120539 0.0727023 0.0342517 0.0124762 0.00339568 0.000676111 9.70876e-05 9.81405e-06 6.77157e-07 3.10279e-08 9.24677e-10 1.76481e-11
 9.24738e-12 1.00372e-09 6.42385e-08 2.42425e-06 5.39499e-05 0.000708195 0.00548918 0.0252166 0.0696036 0.12097 0.150789 0.16495 0.166662 0.138564 0.0897135 0.0448898 0.0168209 0.004557 0.000878631 0.000119495 1.12906e-05 7.26313e-07 3.11574e-08 8.74059e-10 1.57528e-11
 1.22438e-11 1.32896e-09 8.50536e-08 3.20974e-06 7.14268e-05 0.000937435 0.00726067 0.0332611 0.0908466 0.152158 0.170668 0.155688 0.137544 0.112512 0.0766046 0.0407691 0.016096 0.00454494 0.000899536 0.000122692 1.13232e-05 6.9534e-07 2.80139e-08 7.31203e-10 1.22178e-11
 1.1862e-11 1.28751e-09 8.24013e-08 3.10969e-06 6.92036e-05 0.000908398 0.00703947 0.0323038 0.0887299 0.151158 0.176649 0.169889 0.149048 0.110603 0.065704 0.0315776 0.0120508 0.00345317 0.000704988 9.8717e-05 9.22487e-06 5.63957e-07 2.22225e-08 5.57832e-10 8.8347e-12
 1.25634e-11 1.36365e-09 8.72742e-08 3.29359e-06 7.32963e-05 0.00096212 0.00745542 0.0342024 0.0938053 0.158821 0.181958 0.168465 0.143375 0.106008 0.0627661 0.0288768 0.0100668 0.00259996 0.000489403 6.54727e-05 6.00307e-06 3.64097e-07 1.42227e-08 3.51395e-10 5.4245e-12
 1.18543e-11 1.28668e-09 8.23486e-08 3.10776e-06 6.91646e-05 0.000908042 0.00704018 0.0323514 0.089175 0.153109 0.181032 0.174756 0.151034 0.109184 0.0620729 0.0273988 0.00917217 0.00224878 0.000393273 4.81011e-05 4.03181e-06 2.26462e-07 8.33132e-09 1.96536e-10 2.92021e-12
 1.22334e-11 1.32783e-09 8.49826e-08 3.20718e-06 7.13784e-05 0.000937138 0.00726618 0.0333903 0.0919908 0.157442 0.18401 0.173543 0.147115 0.106193 0.0606354 0.026472 0.00856554 0.00199622 0.000328633 3.75318e-05 2.91068e-06 1.50012e-07 5.04247e-09 1.08824e-10 1.4877e-12
 1.29852e-11 1.40943e-09 9.02056e-08 3.40432e-06 7.5767e-05 0.000994793 0.00771367 0.0354468 0.0975998 0.166453 0.191877 0.174955 0.141494 0.0977239 0.0537684 0.0227835 0.00719163 0.00163151 0.000258766 2.80743e-05 2.04229e-06 9.78066e-08 3.03426e-09 6.013e-11 7.52076e-13
 1.23231e-11 1.33757e-09 8.56072e-08 3.23087e-06 7.1913e-05 0.000944427 0.0073284 0.0337454 0.0934406 0.16166 0.191908 0.18141 0.148427 0.099986 0.052375 0.0209159 0.00622362 0.00133708 0.000201627 2.08153e-05 1.43655e-06 6.48827e-08 1.88479e-09 3.47367e-11 4.0177e-13
 1.30737e-11 1.41904e-09 9.08216e-08 3.42768e-06 7.62941e-05 0.00100196 0.00777414 0.0357802 0.0988641 0.169734 0.19719 0.179352 0.141681 0.0940025 0.0488179 0.0190484 0.00541338 0.00109144 0.00015318 1.47025e-05 9.4562e-07 3.99043e-08 1.08424e-09 1.8678e-11 2.01516e-13
 1.23142e-11 1.33662e-09 8.55478e-08 3.22879e-06 7.18763e-05 0.000944276 0.00733371 0.033842 0.0941535 0.164332 0.197059 0.185886 0.148395 0.0961221 0.0479179 0.0179372 0.00491058 0.000952386 0.000127387 1.15051e-05 6.88866e-07 2.68945e-08 6.7465e-10 1.07337e-11 1.0709e-13
 1.24701e-11 1.35354e-09 8.66314e-08 3.26976e-06 7.27924e-05 0.000956427 0.00742996 0.0343014 0.0954779 0.166545 0.198762 0.185493 0.146666 0.0947105 0.0469352 0.017186 0.00451579 0.000830406 0.000104795 8.9131e-06 5.01314e-07 1.83061e-08 4.27216e-10 6.29173e-12 5.7889e-14
 1.11169e-11 1.20668e-09 7.72345e-08 2.91537e-06 6.49192e-05 0.000853558 0.00664271 0.0308105 0.0867759 0.155519 0.195095 0.193048 0.157596 0.101458 0.0492166 0.0175431 0.00447551 0.000794479 9.5868e-05 7.71598e-06 4.07307e-07 1.38873e-08 3.01721e-10 4.12873e-12 3.52314e-14
 1.12237e-11 1.21827e-09 7.79777e-08 2.94351e-06 6.55502e-05 0.000861962 0.00670945 0.0311248 0.0876146 0.15653 0.19474 0.190845 0.15606 0.102031 0.0502194 0.0178714 0.00446334 0.000764681 8.83063e-05 6.76323e-06 3.37934e-07 1.08462e-08 2.2064e-10 2.8139e-12 2.22997e-14
#spawning biomass
 13155.5 13564.4 12108.6 14752.4 17801.5 19243.1 23922.2 31902 47070.9 58264.5 72421 97062.6 115991 141546 134317 108269 99996.2 96826.8 109427 107231 120426 135368 115882 123886 155332 143623 138639 143655 202575 324941 345553 326234 287506 244195 204435 171512 145922 126853 113058 103289 96479.2 91782.4 88548.1 86326.9 84856.7 83883.5 83239.4 82813 82530.8 82344 82220.3 82138.5 82084.3 82048.4 82024.7 82009 81998.6 81991.7 81987.2 81984.1 81982.1 81980.8 81980 81979.4 81979 81978.7 81978.6 81978.5 81978.4 81978.3 81978.3 81978.3 81978.3 81978.3 81978.3 81978.2 81978.2 81978.2 81978.2 81978.2 81978.2 81978.2 81978.2 81978.2 81978.2 81978.2 81978.2 81978.2 81978.2 81978.2 81978.2 81978.2 81978.2 81978.2 81978.2 81978.2 81978.2 81978.2 81978.2 81978.2 81978.2 81978.2 81978.2 81978.2 81978.2 81978.2 81978.2 81978.2 81978.2 81978.2 81978.2 81978.2 81978.2 81978.2 81978.2 81978.2 81978.2 81978.2 81978.2 81978.2 81978.2 81978.2 81978.2 81978.2 81978.2 81978.2 81978.2 81978.2 0 0 0 0 0 0 0 0 0 0 0 0 0 0 0 0 0 0 0 0 0 0 0 0 0
