SBPRF35
0.819782
Curr Bio
110609
B35
676484
F35
0.208237
FOFL
0
OFL
0
Bzero
234224
#pred survey bio
 6842.49 7096.94 8285.24 12023.6 15334.4 17637.7 16451 22553.3 37195.3 50406.8 62437.1 88736.6 112081 138616 138756 119468 104075 108865 108038 102458 106401 112943 104918 124970 140866 137340 127063 118844 2.74931e+06 4.14389e+06 4.85701e+06 4.85285e+06 4.49909e+06 4.02304e+06 3.55109e+06 3.14112e+06 2.81035e+06 2.55544e+06 2.36472e+06 2.22474e+06 2.12323e+06 2.05005e+06 1.99699e+06 1.95748e+06 1.9296e+06 1.90974e+06 1.89544e+06 1.88503e+06 1.87737e+06 1.87167e+06 1.86738e+06 1.86413e+06 1.86163e+06 1.85969e+06 1.85818e+06 1.85699e+06 1.85605e+06 1.8553e+06 1.8547e+06 1.85422e+06 1.85383e+06 1.85352e+06 1.85327e+06 1.85306e+06 1.85289e+06 1.85276e+06 1.85265e+06 1.85256e+06 1.85248e+06 1.85242e+06 1.85237e+06 1.85233e+06 1.8523e+06 1.85227e+06 1.85225e+06 1.85223e+06 1.85222e+06 1.85221e+06 1.8522e+06 1.85219e+06 1.85218e+06 1.85218e+06 1.85217e+06 1.85217e+06 1.85217e+06 1.85216e+06 1.85216e+06 1.85216e+06 1.85216e+06 1.85216e+06 1.85216e+06 1.85216e+06 1.85215e+06 1.85215e+06 1.85215e+06 1.85215e+06 1.85215e+06 1.85215e+06 1.85215e+06 1.85215e+06 1.85215e+06 1.85215e+06 1.85215e+06 1.85215e+06 1.85215e+06 1.85215e+06 1.85215e+06 1.85215e+06 1.85215e+06 1.85215e+06 1.85215e+06 1.85215e+06 1.85215e+06 1.85215e+06 1.85215e+06 1.85215e+06 1.85215e+06 1.85215e+06 1.85215e+06 1.85215e+06 1.85215e+06 1.85215e+06 1.85215e+06 1.85215e+06 1.85215e+06 1.85215e+06 1.85215e+06 1.85215e+06 0 0 0 0 0 0 0 0 0 0 0 0 0 0 0 0 0 0 0 0 0 0 0 0 0
#obs survey bio
 6110.02 10130.1 10542.9 16371.8 12763 16527 16001.2 26749.9 37098.2 71176.2 96083.3 85245.1 139313 130990 95529.6 91964 105225 121220 135495 96398.5 98958.1 70280.3 100306 134997 129741 113510 119258 90330.9
#pred catch bio
 4435.6 4916.33 5266.37 8381.13 10528.6 13577 11701.8 14579.6 25829.4 36247.9 41475.5 63764.1 80401.6 105157 110917 98848 82071.7 86995.9 88269.7 82038.5 85488 97017.9 83153.7 101328 119858 118775 108608 101413 0 32538.4 38808.5 38432.8 35203.1 31047.2 27007.4 23551.7 20807.1 18729.5 17208 16119.6 15354.5 14823.1 14455.8 14199.5 14029.1 13915.8 13840.5 13790.4 13757.1 13735 13720.3 13710.5 13704 13699.7 13696.8 13694.9 13693.6 13692.8 13692.2 13691.9 13691.6 13691.5 13691.3 13691.3 13691.2 13691.2 13691.2 13691.2 13691.1 13691.1 13691.1 13691.1 13691.1 13691.1 13691.1 13691.1 13691.1 13691.1 13691.1 13691.1 13691.1 13691.1 13691.1 13691.1 13691.1 13691.1 13691.1 13691.1 13691.1 13691.1 13691.1 13691.1 13691.1 13691.1 13691.1 13691.1 13691.1 13691.1 13691.1 13691.1 13691.1 13691.1 13691.1 13691.1 13691.1 13691.1 13691.1 13691.1 13691.1 13691.1 13691.1 13691.1 13691.1 13691.1 13691.1 13691.1 13691.1 13691.1 13691.1 13691.1 13691.1 13691.1 13691.1 13691.1 13691.1 13691.1 13691.1 13691.1 0 0 0 0 0 0 0 0 0 0 0 0 0 0 0 0 0 0 0 0 0 0 0 0 0
#obs catch bio
 4729.5 4783.3 5069.7 7998.48 10362.3 13671.7 11641.2 13991.3 24901.4 34559.2 39619.8 60426 76085 102042 112154 99195 82270.1 85439.7 86165.4 80142.7 82267.6 97763.3 80376.2 98182.1 116630 116413 106751 101224
#pred cpue bio
 5906.78 5888.38 6692.21 9656.92 12310.3 14615.2 13346.2 17607.7 29258.5 40325.2 49926.4 70907.6 89275 111184 113551 97232.8 82792.2 86680.9 86362.4 81469.1 84161.4 88961.6 81690.3 97464.7 109718 107164 99045.8 93230 2.13885e+06 3.98298e+06 4.80538e+06 4.80408e+06 4.44901e+06 3.97264e+06 3.50064e+06 3.09066e+06 2.7599e+06 2.50498e+06 2.31426e+06 2.17428e+06 2.07277e+06 1.99959e+06 1.94653e+06 1.90702e+06 1.87914e+06 1.85928e+06 1.84498e+06 1.83457e+06 1.82691e+06 1.82121e+06 1.81693e+06 1.81367e+06 1.81117e+06 1.80923e+06 1.80772e+06 1.80653e+06 1.80559e+06 1.80484e+06 1.80424e+06 1.80376e+06 1.80338e+06 1.80306e+06 1.80281e+06 1.8026e+06 1.80244e+06 1.8023e+06 1.80219e+06 1.8021e+06 1.80203e+06 1.80197e+06 1.80192e+06 1.80188e+06 1.80184e+06 1.80182e+06 1.80179e+06 1.80178e+06 1.80176e+06 1.80175e+06 1.80174e+06 1.80173e+06 1.80173e+06 1.80172e+06 1.80172e+06 1.80171e+06 1.80171e+06 1.80171e+06 1.8017e+06 1.8017e+06 1.8017e+06 1.8017e+06 1.8017e+06 1.8017e+06 1.8017e+06 1.8017e+06 1.8017e+06 1.8017e+06 1.8017e+06 1.8017e+06 1.8017e+06 1.8017e+06 1.8017e+06 1.8017e+06 1.8017e+06 1.8017e+06 1.8017e+06 1.8017e+06 1.8017e+06 1.8017e+06 1.8017e+06 1.8017e+06 1.8017e+06 1.8017e+06 1.8017e+06 1.8017e+06 1.8017e+06 1.8017e+06 1.8017e+06 1.8017e+06 1.8017e+06 1.8017e+06 1.8017e+06 1.8017e+06 1.8017e+06 1.8017e+06 1.8017e+06 1.8017e+06 1.8017e+06 1.8017e+06 0 0 0 0 0 0 0 0 0 0 0 0 0 0 0 0 0 0 0 0 0 0 0 0 0
#obs cpue bio
 5767.74 8704.53 9757 15635.3 13278.1 12862.1 17477.8 36322 48763.3 62624.8 71561.8 166889 171325 143386 112015 135845 74125 118199 103641 124723 174977 106208 173058 146047 178673 170427 137754 130302
#pred surv len freq
 2.5676e-27 2.60028e-27 4.36377e-26 8.6658e-20 2.12432e-14 6.29473e-10 2.25467e-06 0.000976184 0.05109 0.323209 0.247383 0.0368617 0.106775 0.0986452 0.025734 0.0342242 0.0160155 0.01413 0.00961264 0.00796634 0.00672944 0.00619476 0.00656768 0.00602304 0.00186035
 2.56815e-27 2.6015e-27 4.4339e-26 8.81358e-20 2.16054e-14 6.40208e-10 2.29312e-06 0.000992832 0.0519612 0.328721 0.251643 0.0401226 0.1286 0.118512 0.024599 0.0264073 0.010143 0.00622715 0.00342521 0.00237611 0.00174262 0.00142603 0.00137572 0.00128507 0.000437661
 2.56916e-27 2.60423e-27 4.67024e-26 9.31213e-20 2.28276e-14 6.76422e-10 2.42283e-06 0.00104899 0.0549005 0.347315 0.265839 0.0399444 0.117271 0.108084 0.0232878 0.025971 0.00890821 0.00386546 0.00154773 0.00075381 0.000427299 0.000291032 0.000243976 0.00022031 7.8407e-05
 2.56933e-27 2.60469e-27 4.70864e-26 9.39314e-20 2.30261e-14 6.82306e-10 2.44391e-06 0.00105812 0.0553781 0.350337 0.268148 0.0400591 0.116522 0.107353 0.0224555 0.024263 0.00848841 0.00389333 0.00129311 0.000422966 0.000151193 7.30456e-05 4.86869e-05 3.98581e-05 1.42559e-05
 2.56926e-27 2.60445e-27 4.68339e-26 9.33984e-20 2.28955e-14 6.78434e-10 2.43004e-06 0.00105211 0.0550638 0.348349 0.266636 0.0404549 0.120596 0.11105 0.0219861 0.0222461 0.00764046 0.00331022 0.00112778 0.000356363 8.5402e-05 2.34229e-05 1.00655e-05 6.72211e-06 2.32168e-06
 2.56747e-27 2.59962e-27 4.25872e-26 8.44398e-20 2.06994e-14 6.1336e-10 2.19695e-06 0.000951197 0.0497822 0.314936 0.241138 0.0414463 0.146055 0.13461 0.0273621 0.0285785 0.00959105 0.00380323 0.00124946 0.000381654 9.00476e-05 1.68732e-05 3.54335e-06 1.51912e-06 4.75865e-07
 2.56879e-27 2.60325e-27 4.5828e-26 9.12767e-20 2.23754e-14 6.63023e-10 2.37484e-06 0.00102821 0.053813 0.340436 0.26059 0.040238 0.123193 0.113569 0.024654 0.0277013 0.00936122 0.00378929 0.00119665 0.000336752 7.57761e-05 1.34699e-05 1.74071e-06 3.23461e-07 7.83715e-08
 2.57065e-27 2.60824e-27 5.01855e-26 1.00469e-19 2.46288e-14 7.29794e-10 2.614e-06 0.00113176 0.0592324 0.37472 0.286757 0.0394423 0.0987533 0.0908986 0.0185031 0.0193751 0.00676353 0.00307919 0.000992096 0.000279967 5.84689e-05 9.70689e-06 1.10562e-06 9.58888e-08 1.21401e-08
 2.57018e-27 2.60691e-27 4.89605e-26 9.78845e-20 2.39952e-14 7.11021e-10 2.54676e-06 0.00110265 0.0577087 0.365081 0.279409 0.040224 0.109865 0.101065 0.0187268 0.0173095 0.00588234 0.00246486 0.000835004 0.000259482 5.51017e-05 8.67077e-06 9.03468e-07 5.7657e-08 2.97648e-09
 2.56934e-27 2.60463e-27 4.69504e-26 9.36441e-20 2.29557e-14 6.80219e-10 2.43643e-06 0.00105488 0.0552087 0.349265 0.26734 0.0407387 0.122261 0.112535 0.0213167 0.0203173 0.00661594 0.0023215 0.00074184 0.000220388 5.11185e-05 8.42658e-06 8.39622e-07 4.706e-08 1.4028e-09
 2.56942e-27 2.60488e-27 4.72016e-26 9.41741e-20 2.30856e-14 6.84069e-10 2.45022e-06 0.00106085 0.0555211 0.351242 0.268845 0.0404218 0.118792 0.109388 0.021739 0.0220795 0.00725365 0.00262527 0.000780412 0.000197996 4.28811e-05 7.3958e-06 7.81434e-07 4.18355e-08 1.00835e-09
 2.56951e-27 2.60514e-27 4.74542e-26 9.47071e-20 2.32163e-14 6.87941e-10 2.46409e-06 0.00106686 0.0558354 0.35323 0.270359 0.0401721 0.115828 0.106684 0.0218204 0.0229592 0.00772835 0.0030852 0.000938308 0.000238086 4.48499e-05 6.9301e-06 7.46578e-07 4.19561e-08 9.5237e-10
 2.56961e-27 2.60539e-27 4.76385e-26 9.50958e-20 2.33116e-14 6.90764e-10 2.4742e-06 0.00107123 0.0560646 0.35468 0.271469 0.0403965 0.116756 0.107474 0.0207629 0.0203465 0.00690473 0.0028587 0.000908587 0.000250256 4.7908e-05 6.70469e-06 6.35529e-07 3.58466e-08 8.38947e-10
 2.56924e-27 2.60438e-27 4.6743e-26 9.32066e-20 2.28485e-14 6.77041e-10 2.42505e-06 0.00104995 0.0549507 0.347633 0.266093 0.0406608 0.122545 0.112823 0.0218438 0.0214563 0.00710498 0.00267533 0.000856657 0.00024633 5.09312e-05 7.42293e-06 6.48683e-07 3.24606e-08 7.5428e-10
 2.56812e-27 2.60134e-27 4.4062e-26 8.75508e-20 2.1462e-14 6.35958e-10 2.2779e-06 0.000986242 0.0516163 0.326539 0.249998 0.0414277 0.139688 0.12865 0.0247693 0.0241481 0.00798127 0.00297559 0.000912402 0.000244439 5.19996e-05 8.13171e-06 7.46327e-07 3.47342e-08 7.2787e-10
 2.56849e-27 2.60238e-27 4.50051e-26 8.95406e-20 2.19498e-14 6.50412e-10 2.32967e-06 0.00100866 0.0527894 0.33396 0.255657 0.0409139 0.131803 0.121429 0.0244939 0.0253377 0.00833835 0.00304134 0.000926766 0.00024246 4.80945e-05 7.47243e-06 7.331e-07 3.56051e-08 6.9896e-10
 2.56964e-27 2.60543e-27 4.7656e-26 9.51326e-20 2.33206e-14 6.91031e-10 2.47516e-06 0.00107165 0.0560862 0.354817 0.271576 0.0405386 0.117762 0.108375 0.0204265 0.0193436 0.00646586 0.00252594 0.00076752 0.000196823 3.8296e-05 5.61875e-06 5.393e-07 2.77327e-08 5.62017e-10
 2.56954e-27 2.60514e-27 4.73743e-26 9.45384e-20 2.31749e-14 6.86715e-10 2.4597e-06 0.00106495 0.0557359 0.352601 0.269888 0.0408084 0.121002 0.111329 0.0203102 0.0183226 0.00596856 0.00210159 0.00065108 0.000176023 3.38574e-05 4.84862e-06 4.421e-07 2.22675e-08 4.72341e-10
 2.56933e-27 2.60457e-27 4.68702e-26 9.34749e-20 2.29142e-14 6.7899e-10 2.43203e-06 0.00105297 0.0551089 0.348634 0.266862 0.0409578 0.124265 0.114344 0.0209291 0.0189703 0.00609452 0.00200575 0.000590798 0.000148315 2.96936e-05 4.31142e-06 3.82526e-07 1.83741e-08 3.83768e-10
 2.56959e-27 2.60529e-27 4.75064e-26 9.48169e-20 2.32432e-14 6.88738e-10 2.46694e-06 0.00106809 0.0559001 0.353639 0.270681 0.0407888 0.120295 0.110677 0.0202061 0.0182438 0.00586094 0.00192655 0.000553216 0.000129411 2.39728e-05 3.46346e-06 3.14273e-07 1.47158e-08 2.94551e-10
 2.56985e-27 2.60599e-27 4.81249e-26 9.61216e-20 2.35631e-14 6.98216e-10 2.50089e-06 0.00108279 0.0566693 0.358506 0.274394 0.0406224 0.11642 0.107097 0.0195012 0.0175365 0.00563408 0.00185311 0.000532156 0.000123364 2.15889e-05 2.87161e-06 2.53157e-07 1.20292e-08 2.35373e-10
 2.57003e-27 2.60647e-27 4.85358e-26 9.69885e-20 2.37756e-14 7.04512e-10 2.52345e-06 0.00109256 0.0571804 0.361739 0.276863 0.0406011 0.114524 0.105325 0.018775 0.0163245 0.00523514 0.00171098 0.000491081 0.00011388 1.98204e-05 2.52185e-06 2.04356e-07 9.35308e-09 1.83749e-10
 2.57051e-27 2.60772e-27 4.96051e-26 9.92441e-20 2.43285e-14 7.20897e-10 2.58213e-06 0.00111796 0.0585102 0.370152 0.283286 0.040567 0.109751 0.100858 0.0168518 0.0130549 0.00412635 0.00126474 0.000359227 8.27192e-05 1.43851e-05 1.82061e-06 1.41536e-07 5.98172e-09 1.12883e-10
 2.57046e-27 2.6076e-27 4.95219e-26 9.90687e-20 2.42855e-14 7.19623e-10 2.57757e-06 0.00111599 0.0584068 0.369497 0.282785 0.0404512 0.109222 0.100407 0.0174437 0.014514 0.00450099 0.00122903 0.000336609 7.35459e-05 1.26292e-05 1.59209e-06 1.22873e-07 4.9773e-09 8.73245e-11
 2.57051e-27 2.60773e-27 4.96264e-26 9.92891e-20 2.43395e-14 7.21224e-10 2.5833e-06 0.00111847 0.0585368 0.370319 0.283413 0.0404788 0.108991 0.100177 0.017109 0.013812 0.00434056 0.0012809 0.000341441 6.71899e-05 1.08944e-05 1.32884e-06 1.01765e-07 4.0775e-09 6.85102e-11
 2.57038e-27 2.60737e-27 4.92843e-26 9.85674e-20 2.41626e-14 7.15981e-10 2.56452e-06 0.00111034 0.0581113 0.367628 0.281362 0.0407517 0.112509 0.103385 0.016985 0.0127181 0.00395493 0.00110898 0.000300905 6.24012e-05 9.43006e-06 1.05314e-06 7.70293e-08 3.04385e-09 5.0392e-11
 2.57042e-27 2.60747e-27 4.93746e-26 9.87578e-20 2.42093e-14 7.17365e-10 2.56948e-06 0.00111249 0.0582235 0.368338 0.281904 0.0407393 0.112033 0.102946 0.0168989 0.0126284 0.00386747 0.000986026 0.000259663 5.19363e-05 8.1394e-06 8.90958e-07 5.92042e-08 2.21085e-09 3.58877e-11
 2.57013e-27 2.60668e-27 4.86744e-26 9.72808e-20 2.38472e-14 7.06636e-10 2.53105e-06 0.00109585 0.0573527 0.362829 0.2777 0.0409287 0.116428 0.107006 0.0177069 0.0134493 0.00412154 0.00105182 0.000269382 4.94498e-05 7.42574e-06 8.1534e-07 5.39268e-08 1.84941e-09 2.82035e-11
#obs surv len freq
 1.64597e-41 2.2845e-33 3.83272e-26 7.77268e-20 1.90538e-14 5.64599e-10 2.0223e-06 0.000875587 0.0458247 0.289901 0.222107 0.0443207 0.164262 0.139564 0.0427609 0.034493 0.0111633 0.00379618 0.000818741 0.000105659 5.9329e-06 1.05455e-07 4.41505e-10 3.48949e-13 4.49995e-17
 1.90632e-41 2.64585e-33 4.43896e-26 9.00212e-20 2.20676e-14 6.53904e-10 2.34218e-06 0.00101408 0.053073 0.335755 0.257133 0.0440549 0.132172 0.106311 0.0336663 0.0256332 0.00805758 0.00256257 0.00050549 5.74171e-05 2.69045e-06 3.74601e-08 1.17134e-10 6.72844e-14 6.21549e-18
 1.92361e-41 2.66984e-33 4.47922e-26 9.08377e-20 2.22678e-14 6.59835e-10 2.36342e-06 0.00102328 0.0535544 0.338801 0.259542 0.0470966 0.141451 0.106469 0.0272689 0.0174943 0.00537453 0.00160414 0.000289238 2.84676e-05 1.10026e-06 1.20031e-08 2.81426e-11 1.1771e-14 7.78867e-19
 1.97339e-41 2.73893e-33 4.59513e-26 9.31883e-20 2.2844e-14 6.7691e-10 2.42458e-06 0.00104976 0.0549402 0.347568 0.266297 0.0486697 0.137969 0.0977586 0.0258205 0.0152001 0.00365312 0.000908239 0.000149244 1.26747e-05 3.98842e-07 3.3811e-09 5.94993e-12 1.82075e-15 8.66449e-20
 1.75985e-41 2.44256e-33 4.0979e-26 8.31046e-20 2.03721e-14 6.03663e-10 2.16222e-06 0.000936168 0.0489953 0.30996 0.237777 0.0550015 0.176791 0.11761 0.0311478 0.0169563 0.00390993 0.000805298 0.000100387 7.07325e-06 1.80111e-07 1.1767e-09 1.54615e-12 3.46339e-16 1.19003e-20
 1.45994e-41 2.0263e-33 3.39953e-26 6.89419e-20 1.69003e-14 5.00787e-10 1.79374e-06 0.000776626 0.0406455 0.257138 0.197711 0.0624548 0.220212 0.139567 0.0483748 0.0262447 0.00570029 0.00106039 0.000108075 5.5467e-06 1.07185e-07 5.3426e-10 5.21892e-13 8.52969e-17 2.11485e-21
 2.08984e-41 2.90056e-33 4.8663e-26 9.86875e-20 2.41921e-14 7.16856e-10 2.56766e-06 0.00111171 0.0581824 0.36808 0.28211 0.0503284 0.112517 0.0691102 0.0340137 0.018768 0.00482071 0.000875368 7.72369e-05 3.05885e-06 4.15306e-08 1.47731e-10 1.05269e-13 1.25037e-17 2.23287e-22
 1.98979e-41 2.76169e-33 4.63332e-26 9.39627e-20 2.30338e-14 6.82535e-10 2.44473e-06 0.00105848 0.0553968 0.350459 0.268998 0.0601439 0.151333 0.0814635 0.018961 0.00871612 0.00284862 0.000567022 5.03836e-05 1.65837e-06 1.65725e-08 4.04804e-11 1.98288e-14 1.6576e-18 2.10863e-23
 2.01895e-41 2.80217e-33 4.70122e-26 9.53399e-20 2.33715e-14 6.92539e-10 2.48056e-06 0.001074 0.0562088 0.355596 0.273048 0.0617918 0.144944 0.0743509 0.0225816 0.00860593 0.00148686 0.000281085 2.7469e-05 8.5863e-07 6.93776e-09 1.22423e-11 4.10185e-15 2.31875e-19 2.01942e-24
 1.73234e-41 2.40438e-33 4.03384e-26 8.18055e-20 2.00537e-14 5.94227e-10 2.12842e-06 0.000921534 0.0482294 0.30512 0.235139 0.0761537 0.198771 0.0950559 0.0282713 0.0102285 0.00186702 0.000224315 1.61973e-05 4.93135e-07 3.57611e-09 5.02087e-12 1.22541e-15 4.80382e-20 2.84166e-25
 2.013e-41 2.79391e-33 4.68736e-26 9.50588e-20 2.33025e-14 6.90497e-10 2.47325e-06 0.00107083 0.056043 0.35455 0.272635 0.0668382 0.14021 0.0668288 0.029575 0.0102717 0.00176678 0.000197454 1.0076e-05 2.1061e-07 1.29021e-09 1.53913e-12 2.97827e-16 8.69361e-21 3.66576e-26
 1.84175e-41 2.55623e-33 4.2886e-26 8.6972e-20 2.13202e-14 6.31755e-10 2.26284e-06 0.000979733 0.0512754 0.324393 0.250383 0.0818339 0.181078 0.0760806 0.023785 0.00822882 0.00176701 0.000185041 8.07193e-06 1.19652e-07 4.8898e-10 4.38522e-13 6.76723e-17 1.55387e-21 4.97952e-27
 1.92578e-41 2.67286e-33 4.48427e-26 9.09401e-20 2.22929e-14 6.60579e-10 2.36609e-06 0.00102443 0.0536148 0.339195 0.261829 0.0808546 0.16046 0.0670411 0.0268918 0.00765918 0.00127979 0.000142254 5.98683e-06 7.1747e-08 2.07683e-10 1.23401e-13 1.31669e-17 2.22734e-22 5.41831e-28
 1.61986e-41 2.24826e-33 3.77192e-26 7.64938e-20 1.87516e-14 5.55643e-10 1.99022e-06 0.000861698 0.0450978 0.285324 0.222154 0.104488 0.217295 0.0838075 0.0305803 0.00875926 0.0014962 0.00012952 4.894e-06 5.32303e-08 1.22664e-10 5.23693e-14 3.77621e-18 4.26913e-23 7.12751e-29
 1.48117e-41 2.05577e-33 3.44898e-26 6.99447e-20 1.71461e-14 5.0807e-10 1.81983e-06 0.000787922 0.0412367 0.260905 0.204402 0.113231 0.224179 0.0941578 0.0468979 0.0121374 0.00190278 0.000155589 4.72492e-06 4.15687e-08 8.02711e-11 2.71741e-14 1.44762e-18 1.14844e-23 1.30529e-29
 1.72141e-41 2.3892e-33 4.00838e-26 8.1289e-20 1.99271e-14 5.90475e-10 2.11499e-06 0.000915716 0.0479249 0.303218 0.236489 0.103005 0.176734 0.0760393 0.0411602 0.0122589 0.00209842 0.000150669 3.9381e-06 2.73621e-08 4.03185e-11 1.06494e-14 4.4177e-19 2.64959e-24 2.19849e-30
 1.67801e-41 2.32897e-33 3.90733e-26 7.92399e-20 1.94247e-14 5.7559e-10 2.06167e-06 0.000892632 0.0467168 0.29559 0.232133 0.118803 0.192444 0.0708861 0.0311107 0.00949917 0.00178587 0.000133963 3.04787e-06 1.70565e-08 1.93206e-11 3.78923e-15 1.1654e-19 5.2372e-25 3.26339e-31
 1.69261e-41 2.34924e-33 3.94133e-26 7.99294e-20 1.95938e-14 5.80599e-10 2.07961e-06 0.0009004 0.0471234 0.298174 0.235068 0.124004 0.185073 0.0701645 0.0306834 0.00745247 0.00125569 9.57672e-05 2.09048e-06 9.91278e-09 8.76092e-12 1.29388e-15 2.92888e-20 9.55983e-26 4.31902e-32
 1.647e-41 2.28593e-33 3.83511e-26 7.77754e-20 1.90657e-14 5.64952e-10 2.02357e-06 0.000876134 0.0458535 0.290162 0.230598 0.135827 0.189125 0.0700624 0.0295105 0.00694872 0.000971893 6.16409e-05 1.22568e-06 5.15937e-09 3.76202e-12 4.30387e-16 7.27903e-21 1.74284e-26 5.71105e-33
 1.74504e-41 2.42199e-33 4.0634e-26 8.24049e-20 2.02006e-14 5.9858e-10 2.14402e-06 0.000928286 0.0485829 0.307444 0.244436 0.133718 0.168223 0.063825 0.0262715 0.00579813 0.00073309 3.76515e-05 5.90023e-07 2.05622e-09 1.24635e-12 1.14907e-16 1.5082e-21 2.71678e-27 6.55906e-34
 1.70702e-41 2.36923e-33 3.97487e-26 8.06096e-20 1.97605e-14 5.8554e-10 2.09731e-06 0.000908062 0.0475245 0.300784 0.241687 0.148105 0.173011 0.0602495 0.0223935 0.00476833 0.000543748 2.34946e-05 2.85258e-07 7.49144e-10 3.4997e-13 2.53058e-17 2.59955e-22 3.61479e-28 6.6205e-35
 1.72369e-41 2.39236e-33 4.01369e-26 8.13968e-20 1.99535e-14 5.91257e-10 2.11779e-06 0.000916929 0.0479887 0.303756 0.245657 0.152981 0.164801 0.0591156 0.0205758 0.0038077 0.000384043 1.40993e-05 1.35537e-07 2.6705e-10 9.13338e-14 4.85437e-18 3.71701e-23 3.89249e-29 5.38542e-36
 1.72175e-41 2.38968e-33 4.00919e-26 8.13055e-20 1.99311e-14 5.90595e-10 2.11541e-06 0.000915901 0.047935 0.303467 0.247786 0.161297 0.160399 0.0562757 0.0184522 0.00319167 0.000270742 8.1325e-06 6.22499e-08 9.35327e-11 2.35881e-14 9.06522e-19 4.98654e-24 3.76232e-30 3.77734e-37
 1.74289e-41 2.41902e-33 4.05841e-26 8.23038e-20 2.01758e-14 5.97846e-10 2.14139e-06 0.000927147 0.0485237 0.307248 0.252877 0.165882 0.152158 0.0533291 0.0162754 0.00258281 0.000190687 4.60015e-06 2.71642e-08 3.10144e-11 5.83082e-15 1.63947e-19 6.50665e-25 3.5111e-31 2.51063e-38
 1.69015e-41 2.34582e-33 3.9356e-26 7.98131e-20 1.95652e-14 5.79754e-10 2.07658e-06 0.00089909 0.0470555 0.298058 0.249877 0.180658 0.154455 0.0520993 0.0146374 0.0021214 0.000134749 2.64496e-06 1.19995e-08 1.01991e-11 1.41304e-15 2.91074e-20 8.40197e-26 3.27255e-32 1.67798e-39
 1.60105e-41 2.22215e-33 3.72811e-26 7.56054e-20 1.85338e-14 5.49189e-10 1.96711e-06 0.00085169 0.0445752 0.282499 0.242868 0.196532 0.159769 0.0561849 0.0147132 0.00190019 0.000102825 1.63266e-06 5.72705e-09 3.63681e-12 3.68355e-16 5.4934e-21 1.14442e-26 3.21257e-33 1.18503e-40
 1.59772e-41 2.21754e-33 3.72038e-26 7.54485e-20 1.84953e-14 5.4805e-10 1.96303e-06 0.000849923 0.0444832 0.282042 0.245824 0.199536 0.153728 0.0571651 0.0145537 0.00173556 7.89716e-05 1.00234e-06 2.70917e-09 1.28979e-12 9.6061e-17 1.03917e-21 1.55671e-27 3.12775e-34 8.2425e-42
 1.64686e-41 2.28573e-33 3.83478e-26 7.77686e-20 1.90641e-14 5.64903e-10 2.02339e-06 0.000876059 0.0458516 0.290837 0.255511 0.199014 0.142162 0.0515673 0.0126839 0.00143817 5.6642e-05 5.74505e-07 1.18685e-09 4.22166e-13 2.3144e-17 1.82323e-22 1.97323e-28 2.84716e-35 5.3644e-43
#pred catch len freq
 2.56633e-27 2.5969e-27 4.07231e-26 8.05096e-20 1.9736e-14 5.84812e-10 2.0947e-06 0.000906924 0.0474651 0.300277 0.229875 0.0370461 0.120478 0.111354 0.029096 0.0387394 0.0181075 0.0159496 0.0108448 0.00898497 0.00758925 0.00698611 0.00740665 0.00679243 0.00209799
 2.56713e-27 2.59874e-27 4.19149e-26 8.30221e-20 2.03519e-14 6.03062e-10 2.16007e-06 0.000935226 0.0489464 0.309648 0.237088 0.0406577 0.142898 0.131729 0.0273212 0.0293032 0.0112445 0.00688821 0.00378666 0.00262596 0.00192567 0.00157579 0.00152018 0.00142002 0.000483621
 2.56802e-27 2.60115e-27 4.39948e-26 8.74094e-20 2.14274e-14 6.34931e-10 2.27422e-06 0.000984649 0.051533 0.326012 0.249582 0.0405706 0.133459 0.123055 0.0265461 0.0296423 0.0101616 0.00440005 0.00176087 0.000857271 0.000485891 0.00033093 0.000277421 0.000250511 8.91553e-05
 2.56842e-27 2.60221e-27 4.49055e-26 8.93306e-20 2.18983e-14 6.48887e-10 2.3242e-06 0.00100629 0.0526656 0.333177 0.255054 0.0406009 0.129845 0.119667 0.0250002 0.0269745 0.00942987 0.00431471 0.0014324 0.000468298 0.000167375 8.08599e-05 5.38949e-05 4.41217e-05 1.57808e-05
 2.5683e-27 2.60186e-27 4.45502e-26 8.85809e-20 2.17145e-14 6.43441e-10 2.3047e-06 0.000997846 0.0522236 0.330381 0.252926 0.0410581 0.134819 0.124189 0.0245683 0.0248342 0.00852342 0.00368395 0.0012545 0.000396224 9.49421e-05 2.6038e-05 1.11892e-05 7.47253e-06 2.58086e-06
 2.56672e-27 2.5976e-27 4.08065e-26 8.06833e-20 1.97785e-14 5.86073e-10 2.09922e-06 0.00090888 0.0475675 0.300925 0.230448 0.041931 0.157254 0.144954 0.0293537 0.0305202 0.0102346 0.00404675 0.00132873 0.000405662 9.56991e-05 1.79312e-05 3.76548e-06 1.61435e-06 5.05696e-07
 2.56789e-27 2.6008e-27 4.36775e-26 8.67402e-20 2.12633e-14 6.3007e-10 2.2568e-06 0.00097711 0.0511384 0.323516 0.247679 0.0407624 0.136255 0.125647 0.0272274 0.0305358 0.010312 0.00416353 0.0013142 0.000369649 8.3167e-05 1.47829e-05 1.91036e-06 3.54985e-07 8.60096e-08
 2.56969e-27 2.60564e-27 4.78996e-26 9.56466e-20 2.34466e-14 6.94765e-10 2.48853e-06 0.00107744 0.0563893 0.356734 0.273032 0.0400196 0.11279 0.103871 0.0211526 0.0221601 0.00773065 0.00351182 0.00113101 0.000319021 6.66162e-05 1.10589e-05 1.2596e-06 1.09242e-07 1.38307e-08
 2.56933e-27 2.6046e-27 4.69151e-26 9.35695e-20 2.29374e-14 6.79678e-10 2.43449e-06 0.00105404 0.0551647 0.348987 0.267129 0.0408044 0.122909 0.113106 0.0209343 0.0193173 0.00656005 0.00274203 0.000928435 0.000288383 6.12312e-05 9.63478e-06 1.0039e-06 6.40661e-08 3.30734e-09
 2.56851e-27 2.60236e-27 4.49468e-26 8.94174e-20 2.19196e-14 6.49517e-10 2.32646e-06 0.00100727 0.0527168 0.333501 0.255312 0.041307 0.135036 0.124329 0.0235065 0.022345 0.00727169 0.00254481 0.000812752 0.000241336 5.59698e-05 9.22583e-06 9.19246e-07 5.15226e-08 1.53582e-09
 2.5684e-27 2.60212e-27 4.47697e-26 8.90439e-20 2.1828e-14 6.46804e-10 2.31674e-06 0.00100306 0.0524966 0.332108 0.254245 0.0410668 0.133958 0.1234 0.0245238 0.0249076 0.00817837 0.00295306 0.000877452 0.000222506 4.81824e-05 8.30969e-06 8.77983e-07 4.70043e-08 1.13294e-09
 2.56868e-27 2.6029e-27 4.54809e-26 9.05442e-20 2.21958e-14 6.57702e-10 2.35578e-06 0.00101996 0.0533811 0.337704 0.258511 0.0406886 0.128083 0.118006 0.0240859 0.0252806 0.00850373 0.00338588 0.00102926 0.000261033 4.91656e-05 7.59648e-06 8.18355e-07 4.59896e-08 1.04393e-09
 2.56879e-27 2.60316e-27 4.56694e-26 9.09418e-20 2.22933e-14 6.6059e-10 2.36612e-06 0.00102444 0.0536155 0.339186 0.259648 0.0409394 0.129193 0.118959 0.0229377 0.0224198 0.00760272 0.00313953 0.000997358 0.000274572 5.25558e-05 7.35472e-06 6.97133e-07 3.93212e-08 9.20264e-10
 2.56854e-27 2.60248e-27 4.50677e-26 8.96724e-20 2.19821e-14 6.51369e-10 2.33309e-06 0.00101014 0.0528671 0.334452 0.256035 0.0411349 0.133219 0.122678 0.0236717 0.023147 0.00765908 0.0028757 0.000920305 0.000264499 5.46802e-05 7.96888e-06 6.96383e-07 3.48474e-08 8.09741e-10
 2.56753e-27 2.59973e-27 4.26392e-26 8.45493e-20 2.07262e-14 6.14155e-10 2.1998e-06 0.00095243 0.0498467 0.315344 0.241456 0.0418469 0.148879 0.137132 0.0262774 0.0254544 0.00840609 0.00312427 0.000957449 0.000256369 5.45295e-05 8.52685e-06 7.82582e-07 3.64214e-08 7.63224e-10
 2.56804e-27 2.60114e-27 4.39073e-26 8.72246e-20 2.13821e-14 6.33589e-10 2.26941e-06 0.000982567 0.051424 0.325323 0.249066 0.041239 0.138908 0.127985 0.025656 0.0263389 0.00866037 0.00314841 0.000958821 0.000250708 4.97231e-05 7.72499e-06 7.57867e-07 3.68078e-08 7.2257e-10
 2.56907e-27 2.6039e-27 4.63004e-26 9.22729e-20 2.26196e-14 6.70259e-10 2.40076e-06 0.00103944 0.0544003 0.344151 0.263439 0.0409394 0.126529 0.116465 0.0218551 0.0205674 0.00686904 0.0026753 0.000812467 0.000208237 4.05108e-05 5.94335e-06 5.70447e-07 2.93343e-08 5.94474e-10
 2.56901e-27 2.6037e-27 4.60984e-26 9.18466e-20 2.25151e-14 6.67162e-10 2.38966e-06 0.00103463 0.054149 0.342561 0.262229 0.0412003 0.129365 0.119044 0.0216194 0.0193676 0.00630388 0.00221268 0.000685082 0.000185118 3.56015e-05 5.09809e-06 4.64839e-07 2.34127e-08 4.96633e-10
 2.56886e-27 2.60329e-27 4.57378e-26 9.10858e-20 2.23286e-14 6.61636e-10 2.36987e-06 0.00102606 0.0537004 0.339724 0.260064 0.0413122 0.131738 0.121236 0.0220763 0.0198525 0.0063729 0.0020905 0.00061538 0.0001544 3.0907e-05 4.48734e-06 3.98129e-07 1.91234e-08 3.99418e-10
 2.56907e-27 2.60387e-27 4.62514e-26 9.21694e-20 2.25942e-14 6.69507e-10 2.39806e-06 0.00103827 0.0543393 0.343765 0.263148 0.0411758 0.128533 0.118276 0.0214942 0.0192695 0.00618579 0.00202687 0.000581681 0.000135993 2.51882e-05 3.63883e-06 3.3018e-07 1.54606e-08 3.09458e-10
 2.56936e-27 2.60464e-27 4.69258e-26 9.35921e-20 2.2943e-14 6.79842e-10 2.43508e-06 0.0010543 0.0551781 0.349071 0.267196 0.0409937 0.124303 0.114368 0.0207273 0.0185033 0.00594015 0.00194753 0.000558939 0.0001295 2.26592e-05 3.01378e-06 2.65686e-07 1.26245e-08 2.47021e-10
 2.56976e-27 2.60571e-27 4.78627e-26 9.55686e-20 2.34275e-14 6.94198e-10 2.4865e-06 0.00107656 0.0563433 0.356443 0.272823 0.0408305 0.119108 0.109548 0.0194029 0.0166932 0.00534864 0.00174188 0.000499627 0.000115794 2.01503e-05 2.56366e-06 2.07739e-07 9.50791e-09 1.86791e-10
 2.57e-27 2.60635e-27 4.83904e-26 9.66816e-20 2.37003e-14 7.02283e-10 2.51546e-06 0.0010891 0.0569995 0.360594 0.275995 0.0409631 0.117889 0.108359 0.0180365 0.013869 0.00438049 0.00133838 0.00037991 8.74332e-05 1.52025e-05 1.92394e-06 1.49566e-07 6.32109e-09 1.19287e-10
 2.57002e-27 2.6064e-27 4.84568e-26 9.68217e-20 2.37347e-14 7.03301e-10 2.51911e-06 0.00109068 0.0570821 0.361117 0.276391 0.0407955 0.116334 0.106964 0.0184965 0.0152648 0.00473061 0.00128748 0.000352379 7.69473e-05 1.32112e-05 1.66534e-06 1.28524e-07 5.20619e-09 9.13402e-11
 2.57021e-27 2.60693e-27 4.89123e-26 9.77826e-20 2.39702e-14 7.10281e-10 2.54411e-06 0.0011015 0.0576486 0.364701 0.279126 0.0407232 0.113862 0.104665 0.0177732 0.014197 0.00445792 0.0013109 0.00034921 6.86772e-05 1.11336e-05 1.35793e-06 1.0399e-07 4.16664e-09 7.00079e-11
 2.57013e-27 2.60669e-27 4.86817e-26 9.72961e-20 2.3851e-14 7.06747e-10 2.53145e-06 0.00109602 0.0573618 0.362886 0.277745 0.0409675 0.116692 0.107237 0.0175176 0.0129629 0.00402771 0.00112531 0.000305118 6.3237e-05 9.55478e-06 1.06699e-06 7.80408e-08 3.08381e-09 5.10534e-11
 2.57014e-27 2.60669e-27 4.86836e-26 9.73001e-20 2.38519e-14 7.06776e-10 2.53155e-06 0.00109607 0.0573641 0.362901 0.277756 0.0409822 0.116796 0.107332 0.0175239 0.0129494 0.00396278 0.00100673 0.000264919 5.29554e-05 8.2977e-06 9.08222e-07 6.03502e-08 2.25363e-09 3.65822e-11
 2.56983e-27 2.60586e-27 4.79472e-26 9.57466e-20 2.34711e-14 6.95492e-10 2.49113e-06 0.00107857 0.0564483 0.357107 0.273335 0.0411829 0.12143 0.111613 0.018369 0.0137994 0.0042257 0.00107458 0.000275013 5.04525e-05 7.57494e-06 8.31662e-07 5.50052e-08 1.88638e-09 2.87673e-11
#obs catch len freq
 1.63889e-41 2.27467e-33 3.81624e-26 7.73926e-20 1.89719e-14 5.62171e-10 2.01361e-06 0.000871822 0.0456277 0.288654 0.221155 0.0443186 0.164853 0.140081 0.0430423 0.034845 0.0115331 0.00400991 0.000882258 0.000116555 6.8088e-06 1.26997e-07 5.56026e-10 4.56471e-13 6.07859e-17
 1.65306e-41 2.29434e-33 3.84924e-26 7.80617e-20 1.91359e-14 5.67032e-10 2.03102e-06 0.00087936 0.0460222 0.29115 0.223125 0.0464017 0.167835 0.135064 0.0426222 0.0324474 0.0103307 0.00335408 0.000682726 7.95837e-05 3.83666e-06 5.54457e-08 1.80538e-10 1.07612e-13 1.02598e-17
 1.91848e-41 2.66273e-33 4.46728e-26 9.05955e-20 2.22084e-14 6.58076e-10 2.35712e-06 0.00102055 0.0534116 0.337898 0.258827 0.0458153 0.134041 0.101878 0.033286 0.0237877 0.0073573 0.00222116 0.000411157 4.18317e-05 1.66499e-06 1.86791e-08 4.51685e-11 1.9504e-14 1.32957e-18
 1.94336e-41 2.69725e-33 4.5252e-26 9.17702e-20 2.24964e-14 6.66609e-10 2.38768e-06 0.00103378 0.0541042 0.342279 0.262268 0.0489967 0.141969 0.100567 0.0263754 0.0159682 0.00482761 0.00136002 0.000228437 1.99609e-05 6.49057e-07 5.65795e-09 1.02013e-11 3.19731e-15 1.55855e-19
 1.99629e-41 2.77071e-33 4.64845e-26 9.42696e-20 2.31091e-14 6.84764e-10 2.45272e-06 0.00106194 0.0555778 0.351602 0.269455 0.0505963 0.13762 0.0915905 0.0247979 0.0136216 0.00319524 0.000756128 0.000114937 8.58089e-06 2.2503e-07 1.51311e-09 2.03712e-12 4.65663e-16 1.6297e-20
 1.79192e-41 2.48706e-33 4.17256e-26 8.46188e-20 2.07433e-14 6.14662e-10 2.20162e-06 0.000953224 0.049888 0.315608 0.242205 0.0575861 0.17549 0.10945 0.0296977 0.0150249 0.00336743 0.000648341 7.49576e-05 4.6242e-06 9.72063e-08 5.00194e-10 5.00507e-13 8.35027e-17 2.10639e-21
 1.49937e-41 2.08102e-33 3.49134e-26 7.08038e-20 1.73567e-14 5.14311e-10 1.84218e-06 0.0007976 0.0417432 0.264083 0.203185 0.0660166 0.218677 0.130184 0.0464214 0.0231034 0.00486626 0.00083951 7.79478e-05 3.48937e-06 5.55493e-08 2.1681e-10 1.60587e-13 1.9495e-17 3.54243e-22
 2.12508e-41 2.94947e-33 4.94836e-26 1.00352e-19 2.46e-14 7.28944e-10 2.61096e-06 0.00113045 0.0591635 0.374287 0.286942 0.0520234 0.109627 0.0636365 0.0321675 0.0162536 0.00404213 0.000669226 5.31657e-05 1.80849e-06 2.01309e-08 5.60209e-11 3.01876e-14 2.65688e-18 3.47161e-23
 2.0295e-41 2.81681e-33 4.72578e-26 9.58379e-20 2.34935e-14 6.96156e-10 2.49352e-06 0.00107961 0.0565024 0.357454 0.274482 0.0623667 0.146636 0.0735842 0.0174441 0.00759273 0.00238983 0.000430992 3.37805e-05 9.39878e-07 7.61588e-09 1.45018e-11 5.36956e-15 3.32255e-19 3.08842e-24
 2.06134e-41 2.861e-33 4.79992e-26 9.73414e-20 2.38621e-14 7.07078e-10 2.53264e-06 0.00109654 0.0573888 0.363062 0.278906 0.0639203 0.13944 0.0669309 0.0206531 0.0071587 0.0012091 0.000213365 1.80988e-05 4.69389e-07 3.03043e-09 4.13917e-12 1.04613e-15 4.37666e-20 2.78422e-25
 1.78376e-41 2.47574e-33 4.15357e-26 8.42336e-20 2.06489e-14 6.11864e-10 2.1916e-06 0.000948886 0.0496609 0.314178 0.24232 0.0794413 0.191675 0.0857472 0.0258142 0.00855414 0.00148473 0.000162831 1.05558e-05 2.64533e-07 1.50975e-09 1.62428e-12 2.97686e-16 8.62762e-21 3.72918e-26
 2.0608e-41 2.86025e-33 4.79867e-26 9.73161e-20 2.38559e-14 7.06894e-10 2.53198e-06 0.00109626 0.0573738 0.362971 0.27927 0.0689617 0.13346 0.0602324 0.0266927 0.00842016 0.00137536 0.000138011 6.16092e-06 1.0778e-07 5.19483e-10 4.70623e-13 6.79502e-17 1.46219e-21 4.50303e-27
 1.89677e-41 2.63259e-33 4.41672e-26 8.95702e-20 2.19571e-14 6.50628e-10 2.33044e-06 0.001009 0.0528072 0.334086 0.258102 0.0846729 0.171955 0.0677625 0.0212607 0.00684286 0.00136678 0.00012689 4.76204e-06 5.80783e-08 1.87645e-10 1.28037e-13 1.46821e-17 2.47528e-22 5.7814e-28
 1.98078e-41 2.74919e-33 4.61233e-26 9.35372e-20 2.29295e-14 6.79444e-10 2.43366e-06 0.00105369 0.0551459 0.348884 0.269549 0.0832515 0.151235 0.059915 0.0237176 0.00616754 0.000978212 9.64332e-05 3.41413e-06 3.31685e-08 7.51483e-11 3.39626e-14 2.69533e-18 3.34096e-23 5.90577e-29
 1.68402e-41 2.33731e-33 3.92132e-26 7.95235e-20 1.94943e-14 5.7765e-10 2.06905e-06 0.000895827 0.046884 0.296629 0.231336 0.108298 0.20556 0.0750828 0.0269659 0.00713358 0.00112218 8.6224e-05 2.75278e-06 2.39106e-08 4.26314e-11 1.3765e-14 7.37367e-19 6.11023e-24 7.40545e-30
 1.55e-41 2.1513e-33 3.60925e-26 7.31948e-20 1.79428e-14 5.3168e-10 1.90439e-06 0.000824535 0.0431529 0.273035 0.214356 0.117608 0.212374 0.086169 0.041168 0.0097894 0.00141743 0.000101275 2.57146e-06 1.80816e-08 2.68269e-11 6.81963e-15 2.68954e-19 1.56295e-24 1.29056e-30
 1.78849e-41 2.48231e-33 4.16459e-26 8.44571e-20 2.07037e-14 6.13487e-10 2.19741e-06 0.000951403 0.0497927 0.315042 0.246118 0.105897 0.165495 0.0693966 0.0357807 0.00990546 0.00152186 9.49275e-05 2.05293e-06 1.1293e-08 1.27564e-11 2.52243e-15 7.71714e-20 3.38253e-25 2.03805e-31
 1.74653e-41 2.42407e-33 4.06688e-26 8.24755e-20 2.02179e-14 5.99093e-10 2.14585e-06 0.000929081 0.0486244 0.307669 0.242131 0.12177 0.179213 0.0637303 0.0268639 0.0076902 0.00129362 8.26608e-05 1.53406e-06 6.74618e-09 5.82235e-12 8.52339e-16 1.92945e-20 6.32191e-26 2.85467e-32
 1.76203e-41 2.44558e-33 4.10297e-26 8.32075e-20 2.03973e-14 6.0441e-10 2.1649e-06 0.000937327 0.049056 0.310415 0.245281 0.126599 0.171632 0.0632186 0.025995 0.00590302 0.000901396 5.8215e-05 1.02055e-06 3.75591e-09 2.51402e-12 2.76135e-16 4.59043e-21 1.09089e-26 3.5665e-33
 1.71842e-41 2.38505e-33 4.00142e-26 8.1148e-20 1.98925e-14 5.8945e-10 2.11131e-06 0.000914127 0.0478419 0.30276 0.241266 0.138307 0.174893 0.0630238 0.0248551 0.00542214 0.000677988 3.6646e-05 5.82359e-07 1.88289e-09 1.03126e-12 8.7341e-17 1.08217e-21 1.88371e-27 4.46276e-34
 1.81526e-41 2.51946e-33 4.22691e-26 8.57209e-20 2.10135e-14 6.22668e-10 2.2303e-06 0.000965641 0.050538 0.319834 0.254943 0.135235 0.154524 0.0571601 0.0218291 0.00445048 0.000496881 2.14915e-05 2.6917e-07 7.18332e-10 3.2513e-13 2.20783e-17 2.11608e-22 2.76637e-28 4.82429e-35
 1.77857e-41 2.46854e-33 4.14149e-26 8.39886e-20 2.05888e-14 6.10084e-10 2.18522e-06 0.000946126 0.0495167 0.313417 0.252601 0.149253 0.158267 0.0535263 0.0184827 0.00361465 0.000360332 1.29545e-05 1.24658e-07 2.5016e-10 8.70893e-14 4.62292e-18 3.45638e-23 3.47954e-29 4.5965e-36
 1.79544e-41 2.49195e-33 4.18076e-26 8.4785e-20 2.0784e-14 6.15869e-10 2.20594e-06 0.000955097 0.0499863 0.31643 0.256717 0.153477 0.150305 0.0523133 0.0167225 0.00283461 0.000248535 7.50836e-06 5.67028e-08 8.49203e-11 2.15948e-14 8.41227e-19 4.67829e-24 3.53829e-30 3.5231e-37
 1.79378e-41 2.48964e-33 4.1769e-26 8.47066e-20 2.07648e-14 6.153e-10 2.2039e-06 0.000954214 0.0499403 0.3162 0.259059 0.161146 0.145815 0.0495059 0.0148742 0.00232948 0.000170276 4.18331e-06 2.49697e-08 2.83625e-11 5.30154e-15 1.49085e-19 5.94959e-25 3.23797e-31 2.33582e-38
 1.8148e-41 2.51882e-33 4.22585e-26 8.56994e-20 2.10082e-14 6.22511e-10 2.22973e-06 0.000965398 0.0505258 0.319971 0.264256 0.164922 0.137851 0.0465739 0.0129642 0.0018505 0.000116398 2.27544e-06 1.04266e-08 8.96235e-12 1.24498e-15 2.55656e-20 7.35342e-26 2.86052e-32 1.46896e-39
 1.76323e-41 2.44725e-33 4.10576e-26 8.32641e-20 2.04112e-14 6.04821e-10 2.16637e-06 0.000937964 0.0490903 0.311008 0.261743 0.179117 0.139743 0.0452256 0.0115573 0.00149348 8.0097e-05 1.26206e-06 4.41458e-09 2.81524e-12 2.87519e-16 4.31751e-21 9.02065e-27 2.53097e-33 9.31634e-41
 1.67622e-41 2.32648e-33 3.90315e-26 7.91551e-20 1.94039e-14 5.74974e-10 2.05946e-06 0.000891676 0.0466683 0.295846 0.255449 0.194647 0.144991 0.048624 0.011505 0.00131467 5.95338e-05 7.52569e-07 2.02313e-09 9.60198e-13 7.1532e-17 7.76541e-22 1.16956e-27 2.36267e-34 6.25197e-42
 1.67333e-41 2.32247e-33 3.89642e-26 7.90187e-20 1.93705e-14 5.73983e-10 2.05592e-06 0.000890141 0.0465886 0.29549 0.258647 0.197009 0.139648 0.0492304 0.0112751 0.00117501 4.43246e-05 4.4462e-07 9.16066e-10 3.24803e-13 1.77527e-17 1.39604e-22 1.51062e-28 2.18275e-35 4.12376e-43
#spawning biomass
 6549.64 6743.16 7787.11 11278.3 14396.1 16832.1 15509.1 20860.9 34589.9 47288.9 58517.3 83085.2 104851 130163 131693 112978 97345.2 101938 101380 95880.9 99301 105208 97234.6 115870 130541 127466 117874 110609 106119 202579 230008 226785 207808 183494 159865 139652 123599 111448 102548 96182.5 91707.1 88599.3 86450.6 84951.6 83955 83292.4 82851.9 82559.1 82364.4 82235 82148.9 82091.7 82053.7 82028.4 82011.6 82000.4 81993 81988 81984.8 81982.6 81981.1 81980.2 81979.5 81979.1 81978.8 81978.6 81978.5 81978.4 81978.3 81978.3 81978.3 81978.3 81978.3 81978.3 81978.2 81978.2 81978.2 81978.2 81978.2 81978.2 81978.2 81978.2 81978.2 81978.2 81978.2 81978.2 81978.2 81978.2 81978.2 81978.2 81978.2 81978.2 81978.2 81978.2 81978.2 81978.2 81978.2 81978.2 81978.2 81978.2 81978.2 81978.2 81978.2 81978.2 81978.2 81978.2 81978.2 81978.2 81978.2 81978.2 81978.2 81978.2 81978.2 81978.2 81978.2 81978.2 81978.2 81978.2 81978.2 81978.2 81978.2 81978.2 81978.2 81978.2 81978.2 81978.2 81978.2 81978.2 0 0 0 0 0 0 0 0 0 0 0 0 0 0 0 0 0 0 0 0 0 0 0 0 0
